0.000000 0.124083 0.192804 0.178442 0.648868 0.440312 0.171414 0.133571 0.372365 0.275297 0.179808 0.115377 0.132146 0.221778 0.212005 0.231633 0.115024 0.114054 0.118361 0.123854 0.411625 0.745553 0.224617 0.377616 0.552507 0.440396 0.959115 0.995003 0.161334 0.130715 0.208849 0.281010 0.130728 0.131651 0.378599 0.545084 0.349637 0.444168 0.607417 0.653903 0.702738 0.507216 0.182351 0.174582 0.204186 0.161281 0.166222 0.168928 0.553401 0.249275 0.326485 0.237750 0.362387 0.380347 0.387627 0.416056 0.146101 0.132926 0.123722 0.153171 0.109396 0.176112 0.116150 0.120051 0.315549 0.208402 0.179456 0.151119 0.287937 0.169526 0.230366 0.238210 0.326844 0.327631 0.559301 0.552471 0.278710 0.274998 0.131622 0.188141 0.092243 0.125532 0.377137 0.259773 0.204549 0.332025 0.933824 0.978192 0.387494 0.434554 0.468033 0.551080 0.446746 0.670378 0.362303 0.417137 0.268489 0.443654 0.228957 0.206199 0.507123 0.574868 0.277019 0.292554 0.289417 0.285447 0.754426 0.500259 0.561816 0.322735 0.631248 0.333506 0.283163 0.416352 0.422084 0.922850
0.124083 0.000000 0.233379 0.209177 0.650514 0.480695 0.198844 0.151560 0.439299 0.301677 0.211850 0.125913 0.143703 0.197972 0.216028 0.239734 0.133287 0.117602 0.126536 0.137949 0.399323 0.754105 0.231399 0.370598 0.553222 0.471379 0.942584 0.982013 0.142915 0.145612 0.216634 0.283253 0.143122 0.159364 0.431944 0.543540 0.335366 0.484380 0.608684 0.624068 0.775257 0.408325 0.175613 0.166215 0.207919 0.175121 0.181657 0.147601 0.516100 0.279952 0.337673 0.261554 0.414144 0.401404 0.399777 0.438757 0.114445 0.101293 0.117117 0.155778 0.126924 0.195762 0.124564 0.113503 0.358271 0.262198 0.207718 0.171794 0.300871 0.156886 0.248686 0.252304 0.406771 0.416254 0.599070 0.578039 0.293865 0.315400 0.182789 0.224774 0.110006 0.137026 0.351428 0.239137 0.213226 0.323916 0.999811 0.933651 0.411000 0.428064 0.546627 0.611858 0.504498 0.743827 0.286839 0.456484 0.283229 0.347615 0.268276 0.228400 0.548518 0.624446 0.310787 0.260095 0.284652 0.273381 0.816066 0.550186 0.559668 0.326103 0.612766 0.333124 0.345857 0.371462 0.408516 0.861188
0.192804 0.233379 0.000000 0.106741 0.659762 0.443865 0.144506 0.169032 0.325215 0.332594 0.248248 0.226682 0.216044 0.326569 0.288084 0.299760 0.267570 0.215733 0.184686 0.186070 0.377650 0.755203 0.214817 0.314840 0.381711 0.270903 0.953506 0.943611 0.274641 0.227293 0.164992 0.267072 0.157893 0.197667 0.416845 0.634786 0.325733 0.517663 0.524314 0.657921 0.793491 0.554738 0.196141 0.196512 0.285626 0.274699 0.234384 0.242151 0.686174 0.355003 0.425849 0.339474 0.432114 0.377183 0.413854 0.495732 0.302704 0.289343 0.284401 0.296995 0.176464 0.245482 0.277662 0.276357 0.189582 0.142836 0.180032 0.179601 0.316059 0.242226 0.229099 0.280105 0.279269 0.253635 0.644249 0.608806 0.293456 0.290333 0.249861 0.300162 0.209875 0.196768 0.449975 0.312573 0.262007 0.301575 0.897416 0.969248 0.440518 0.432749 0.416643 0.498675 0.404558 0.575886 0.349726 0.510397 0.361620 0.521099 0.312601 0.301969 0.494112 0.503917 0.413871 0.310517 0.312211 0.364751 0.821655 0.532857 0.624575 0.433565 0.673363 0.442526 0.339607 0.528040 0.469372 0.893022
0.178442 0.209177 0.106741 0.000000 0.661134 0.411222 0.133167 0.129088 0.325076 0.273231 0.268855 0.178856 0.184601 0.261950 0.233237 0.237560 0.240041 0.194929 0.174194 0.178735 0.353421 0.730249 0.176433 0.292373 0.391081 0.292473 0.929156 0.919345 0.237110 0.191905 0.153112 0.235958 0.122849 0.163686 0.355743 0.600936 0.288532 0.476826 0.503084 0.678966 0.740379 0.503043 0.158152 0.168810 0.229895 0.224274 0.193778 0.209538 0.616225 0.315560 0.384640 0.294224 0.432775 0.381934 0.393267 0.467183 0.259199 0.248667 0.227756 0.256736 0.156843 0.203932 0.242898 0.219376 0.202516 0.144520 0.150336 0.136122 0.327358 0.235446 0.188022 0.255163 0.302061 0.329917 0.585892 0.602688 0.263169 0.276098 0.219666 0.292903 0.176625 0.158128 0.392260 0.244858 0.225137 0.254817 0.904017 0.977354 0.422373 0.395730 0.402734 0.483579 0.373339 0.564704 0.335538 0.478849 0.330498 0.474509 0.262048 0.252798 0.479365 0.488517 0.329338 0.279751 0.256877 0.309549 0.850329 0.548063 0.628269 0.411109 0.594905 0.378594 0.325374 0.436597 0.457011 0.950920
0.648868 0.650514 0.659762 0.661134 0.000000 0.670765 0.638697 0.630236 0.815744 0.702832 0.751985 0.695175 0.595488 0.690683 0.652189 0.627158 0.698590 0.706726 0.648117 0.760361 0.672412 0.725650 0.623955 0.684663 0.886207 0.849969 0.849524 0.889881 0.680197 0.731520 0.762764 0.854925 0.659326 0.694715 0.804582 0.836435 0.900500 0.853562 0.776001 0.845635 0.810978 0.680270 0.593956 0.655014 0.647020 0.644954 0.560511 0.635804 0.770364 0.636790 0.556337 0.560341 0.677996 0.518516 0.762947 0.668901 0.699813 0.737450 0.700225 0.730714 0.624618 0.631413 0.641926 0.638782 0.654364 0.632681 0.602048 0.644927 0.857376 0.730268 0.495393 0.632263 0.778371 0.793283 0.949556 0.711615 0.730920 0.766628 0.744443 0.751794 0.643025 0.675328 0.606072 0.697104 0.567745 0.601035 0.932865 0.896807 0.849996 0.673130 0.602308 0.624313 0.630090 0.725440 0.837332 0.719030 0.740653 0.721119 0.663871 0.624990 0.741690 0.834405 0.641281 0.709586 0.578384 0.691401 0.815961 0.581523 0.814310 0.905211 0.811656 0.731802 0.670669 0.698514 0.685648 0.989542
0.440312 0.480695 0.443865 0.411222 0.670765 0.000000 0.334481 0.350024 0.472215 0.390082 0.491377 0.459763 0.451750 0.571854 0.535042 0.502747 0.516903 0.464232 0.458718 0.511256 0.590778 0.945462 0.510059 0.627972 0.791541 0.632607 0.954951 0.877999 0.517543 0.516789 0.488516 0.580414 0.441393 0.479737 0.516588 0.783888 0.603912 0.848912 0.875878 0.939041 0.674469 0.614464 0.353188 0.419927 0.381298 0.396072 0.398380 0.413060 0.774318 0.574436 0.529445 0.473631 0.581890 0.517057 0.660572 0.692357 0.531658 0.551600 0.482676 0.520032 0.446198 0.518793 0.455741 0.489626 0.607385 0.472327 0.333941 0.383459 0.636754 0.517902 0.348764 0.351326 0.570073 0.584952 0.630242 0.723477 0.433292 0.456549 0.423917 0.598735 0.419425 0.438941 0.696996 0.491232 0.508376 0.625116 0.950702 0.923580 0.739679 0.674033 0.342930 0.423641 0.316409 0.496281 0.578908 0.645972 0.439750 0.762291 0.400269 0.432404 0.488744 0.456761 0.527265 0.498404 0.412498 0.572577 0.894655 0.640317 0.793145 0.665530 0.644717 0.552671 0.432871 0.528534 0.618978 0.913959
0.171414 0.198844 0.144506 0.133167 0.638697 0.334481 0.000000 0.100841 0.299468 0.204823 0.213586 0.202256 0.217228 0.340262 0.320921 0.331885 0.194526 0.158699 0.142770 0.180248 0.383000 0.702865 0.294584 0.448753 0.599349 0.442234 0.909977 0.942241 0.256750 0.215559 0.233901 0.308748 0.152571 0.146572 0.449404 0.618228 0.406516 0.547537 0.631348 0.706835 0.703719 0.484525 0.138148 0.116459 0.170026 0.185530 0.207600 0.206907 0.646929 0.364415 0.383069 0.323066 0.456924 0.340115 0.422533 0.549454 0.209437 0.234546 0.221269 0.296441 0.163828 0.271438 0.229267 0.235659 0.312946 0.195454 0.110537 0.122382 0.317888 0.243416 0.191785 0.191855 0.302198 0.295062 0.598312 0.565705 0.243096 0.245302 0.246665 0.281977 0.170879 0.176672 0.469106 0.310153 0.308975 0.399232 0.933143 0.885952 0.478977 0.530160 0.315150 0.367857 0.300396 0.428219 0.316270 0.460792 0.285281 0.463510 0.214926 0.202581 0.411616 0.359244 0.341115 0.231266 0.278546 0.319137 0.877829 0.503998 0.615732 0.405958 0.571967 0.328307 0.230094 0.380055 0.452170 0.899348
0.133571 0.151560 0.169032 0.129088 0.630236 0.350024 0.100841 0.000000 0.339462 0.180081 0.224373 0.139906 0.161802 0.249250 0.236413 0.259430 0.163884 0.139582 0.157786 0.166669 0.393288 0.751113 0.241613 0.400749 0.594335 0.448424 0.876030 0.938700 0.202058 0.174816 0.237267 0.308674 0.121972 0.132661 0.381434 0.567195 0.345769 0.461644 0.625660 0.667244 0.663822 0.444225 0.129919 0.139821 0.148563 0.154831 0.183120 0.183954 0.533807 0.293261 0.314182 0.253086 0.397363 0.347627 0.394490 0.461059 0.171146 0.173855 0.164038 0.220924 0.122997 0.173167 0.173597 0.145043 0.285624 0.186979 0.116371 0.116070 0.361716 0.202122 0.206722 0.223002 0.354346 0.377084 0.596686 0.553149 0.251773 0.237513 0.179341 0.294169 0.132052 0.155633 0.426730 0.267329 0.234817 0.340858 0.980817 0.898707 0.435759 0.412757 0.310133 0.372325 0.285113 0.478979 0.272035 0.371410 0.239037 0.395801 0.164372 0.157858 0.366737 0.425642 0.255837 0.204874 0.209818 0.269966 0.841232 0.446375 0.591513 0.354844 0.527006 0.296536 0.238043 0.358801 0.421849 0.898298
0.372365 0.439299 0.325215 0.325076 0.815744 0.472215 0.299468 0.339462 0.000000 0.356834 0.372334 0.363519 0.376166 0.486436 0.450360 0.429215 0.422551 0.393154 0.381498 0.365638 0.560926 0.820714 0.403536 0.548710 0.659989 0.509354 0.868298 0.996021 0.439653 0.396123 0.389539 0.452135 0.360670 0.363702 0.560713 0.700794 0.469766 0.542036 0.762410 0.744723 0.886198 0.713985 0.374301 0.347265 0.405391 0.396804 0.361953 0.395108 0.776476 0.494794 0.479104 0.436353 0.528108 0.457217 0.571428 0.590487 0.443001 0.463873 0.424108 0.462820 0.331571 0.408027 0.412727 0.445947 0.369965 0.339762 0.340728 0.339782 0.426957 0.444621 0.376163 0.469702 0.363203 0.347813 0.672195 0.565463 0.407503 0.385683 0.443551 0.417284 0.398678 0.403314 0.595365 0.529390 0.455814 0.535885 0.919140 0.910728 0.601923 0.624025 0.469505 0.481597 0.444953 0.524146 0.500048 0.477287 0.513952 0.758096 0.361848 0.374015 0.512260 0.434891 0.492226 0.378588 0.463816 0.497163 0.801903 0.559099 0.696870 0.578789 0.609192 0.549026 0.401415 0.617906 0.508299 0.915104
0.275297 0.301677 0.332594 0.273231 0.702832 0.390082 0.204823 0.180081 0.356834 0.000000 0.288077 0.250616 0.310928 0.383336 0.372937 0.394159 0.260009 0.253609 0.296287 0.310470 0.534394 0.775755 0.416570 0.579251 0.807432 0.577494 0.942866 0.964879 0.318207 0.281116 0.393447 0.419669 0.239517 0.239126 0.437839 0.674471 0.467564 0.525021 0.747770 0.746958 0.777933 0.458552 0.259598 0.275009 0.265551 0.285254 0.373433 0.338964 0.620876 0.434051 0.431901 0.368433 0.544649 0.450417 0.522018 0.567533 0.296656 0.316188 0.270668 0.345478 0.256658 0.283210 0.306232 0.273473 0.422382 0.287959 0.252744 0.248358 0.421627 0.270616 0.340981 0.315613 0.383768 0.419814 0.578475 0.525395 0.324839 0.283216 0.321359 0.381545 0.254286 0.297033 0.568993 0.356143 0.431693 0.543492 0.989541 0.819107 0.559298 0.585243 0.351341 0.361531 0.326213 0.445431 0.409343 0.405435 0.346603 0.483536 0.199364 0.221089 0.387199 0.335981 0.338637 0.245939 0.340184 0.367265 0.897006 0.485179 0.694481 0.485712 0.568196 0.374689 0.284995 0.386559 0.490116 0.926013
0.179808 0.211850 0.248248 0.268855 0.751985 0.491377 0.213586 0.224373 0.372334 0.288077 0.000000 0.170431 0.202357 0.283279 0.299011 0.315270 0.137998 0.126747 0.139534 0.149537 0.448419 0.739852 0.340575 0.428388 0.639443 0.463627 0.930411 0.954798 0.184924 0.139865 0.252619 0.252918 0.208845 0.168681 0.550027 0.621955 0.481671 0.585317 0.672299 0.620053 0.749878 0.553045 0.292987 0.242757 0.362948 0.329389 0.298836 0.282537 0.809434 0.471162 0.545888 0.462646 0.542182 0.508035 0.505397 0.637109 0.185216 0.209767 0.269018 0.322399 0.190544 0.302503 0.174625 0.211559 0.402825 0.268386 0.285753 0.271235 0.278490 0.267651 0.336172 0.330214 0.366298 0.339745 0.664845 0.579290 0.345121 0.297061 0.242098 0.206041 0.164682 0.201747 0.401357 0.313722 0.380497 0.479918 0.867792 0.939473 0.535913 0.619716 0.574712 0.646236 0.587167 0.713978 0.389413 0.527276 0.409938 0.571959 0.391160 0.310716 0.593799 0.546400 0.396465 0.265085 0.462212 0.421353 0.881031 0.612730 0.750049 0.435578 0.681301 0.435032 0.364582 0.470631 0.512599 0.996174
0.115377 0.125913 0.226682 0.178856 0.695175 0.459763 0.202256 0.139906 0.363519 0.250616 0.170431 0.000000 0.101733 0.135550 0.145471 0.159207 0.110691 0.105137 0.134252 0.138443 0.405689 0.731470 0.186159 0.318704 0.559947 0.447597 0.998201 0.925912 0.111291 0.100435 0.202292 0.239084 0.121838 0.149298 0.393289 0.554613 0.355074 0.434202 0.593332 0.616995 0.711038 0.467350 0.204528 0.202260 0.244427 0.211204 0.205003 0.184608 0.592613 0.320286 0.378242 0.292538 0.443889 0.448234 0.426004 0.477422 0.131676 0.138299 0.148054 0.183423 0.103505 0.150467 0.098051 0.089133 0.307322 0.205903 0.211653 0.181555 0.320337 0.186574 0.250819 0.272142 0.367948 0.384673 0.573104 0.554101 0.273557 0.245599 0.149160 0.229729 0.112227 0.159877 0.309410 0.234463 0.212368 0.315821 0.914401 0.932106 0.409200 0.437875 0.541828 0.617609 0.502525 0.757929 0.323306 0.436093 0.347851 0.407061 0.265702 0.217631 0.540450 0.622138 0.285072 0.253565 0.298361 0.272666 0.807077 0.540203 0.618973 0.307097 0.578545 0.364903 0.331757 0.370921 0.404982 0.969797
0.132146 0.143703 0.216044 0.184601 0.595488 0.451750 0.217228 0.161802 0.376166 0.310928 0.202357 0.101733 0.000000 0.113348 0.098672 0.115776 0.144079 0.151984 0.153004 0.185065 0.348113 0.744282 0.129347 0.242325 0.511624 0.442896 0.969341 0.980755 0.134580 0.133340 0.176033 0.260271 0.152301 0.174989 0.414715 0.572953 0.327690 0.405569 0.566413 0.622390 0.677222 0.480372 0.204532 0.208798 0.265251 0.237127 0.195431 0.181218 0.615420 0.320395 0.362432 0.281813 0.427139 0.428058 0.419838 0.500162 0.171420 0.179303 0.179384 0.224228 0.098556 0.158466 0.105689 0.107608 0.254036 0.202603 0.210959 0.198358 0.396350 0.240930 0.235271 0.285840 0.396540 0.417326 0.631546 0.539442 0.296130 0.274531 0.182923 0.271839 0.134018 0.188863 0.240325 0.271088 0.163945 0.256441 0.892571 0.981599 0.420823 0.390152 0.548726 0.626688 0.507139 0.767869 0.346604 0.466367 0.350395 0.424320 0.314074 0.261686 0.568729 0.638381 0.284421 0.303768 0.288783 0.253993 0.763209 0.497581 0.593193 0.347393 0.611298 0.406901 0.386992 0.411698 0.387897 0.999491
0.221778 0.197972 0.326569 0.261950 0.690683 0.571854 0.340262 0.249250 0.486436 0.383336 0.283279 0.135550 0.113348 0.000000 0.098231 0.117702 0.210684 0.220212 0.238959 0.257572 0.372727 0.737869 0.152928 0.208636 0.540060 0.498037 0.958366 0.879161 0.157836 0.174289 0.228517 0.269847 0.212606 0.245668 0.424071 0.600444 0.355194 0.403784 0.587078 0.617961 0.724904 0.495965 0.289391 0.300873 0.353973 0.322366 0.268739 0.244944 0.593948 0.374873 0.411406 0.358163 0.507311 0.528438 0.480208 0.556664 0.224244 0.230421 0.216409 0.281030 0.170019 0.208005 0.150218 0.137248 0.306297 0.278784 0.292451 0.271602 0.483107 0.301223 0.325198 0.396980 0.533417 0.570586 0.667352 0.599229 0.333603 0.312652 0.227122 0.351394 0.213236 0.269402 0.211615 0.320378 0.199160 0.252307 0.888198 0.925354 0.470977 0.414117 0.672818 0.755712 0.620465 0.902177 0.378008 0.498360 0.443261 0.380902 0.399246 0.334984 0.620742 0.745605 0.293538 0.378962 0.333540 0.292597 0.847807 0.570518 0.594733 0.380268 0.606681 0.478202 0.500411 0.453186 0.414028 0.975940
0.212005 0.216028 0.288084 0.233237 0.652189 0.535042 0.320921 0.236413 0.450360 0.372937 0.299011 0.145471 0.098672 0.098231 0.000000 0.103544 0.232281 0.240188 0.244620 0.277210 0.379317 0.757565 0.116944 0.220932 0.484004 0.441368 0.905848 0.948220 0.189156 0.189982 0.213326 0.293954 0.212722 0.252164 0.379419 0.620979 0.327381 0.413189 0.577173 0.603681 0.704999 0.517114 0.265633 0.288803 0.332510 0.304445 0.260572 0.229212 0.585879 0.341596 0.379203 0.301451 0.432559 0.466006 0.437141 0.494053 0.256000 0.253420 0.231559 0.267850 0.149059 0.180728 0.168432 0.151251 0.241708 0.239827 0.279504 0.270557 0.488489 0.303718 0.297400 0.366573 0.450539 0.521599 0.635909 0.586578 0.336157 0.313839 0.245258 0.352174 0.212747 0.263704 0.240043 0.330848 0.165836 0.235635 0.868249 0.904095 0.420877 0.349229 0.625311 0.701486 0.567725 0.859692 0.380517 0.502119 0.422535 0.421793 0.357162 0.310455 0.600322 0.721717 0.292422 0.372511 0.306469 0.264008 0.742675 0.514620 0.637704 0.436727 0.654919 0.457517 0.471777 0.478922 0.395505 0.948179
0.231633 0.239734 0.299760 0.237560 0.627158 0.502747 0.331885 0.259430 0.429215 0.394159 0.315270 0.159207 0.115776 0.117702 0.103544 0.000000 0.242682 0.253915 0.250608 0.300868 0.365865 0.802639 0.106943 0.185318 0.466146 0.466140 0.901530 0.911595 0.190596 0.201951 0.186950 0.270019 0.220063 0.270664 0.427672 0.623859 0.366276 0.428952 0.561215 0.610265 0.682869 0.509585 0.272872 0.300566 0.361907 0.323747 0.264119 0.248884 0.673620 0.369849 0.410900 0.330232 0.454985 0.449098 0.494367 0.528735 0.286981 0.291411 0.254952 0.292808 0.172532 0.214130 0.182007 0.169934 0.279889 0.246910 0.275375 0.292388 0.445354 0.314303 0.255676 0.333882 0.443690 0.519307 0.619032 0.579914 0.335015 0.295098 0.237337 0.333936 0.212814 0.260778 0.220851 0.302561 0.187468 0.215740 0.888823 0.909826 0.461716 0.412120 0.627493 0.706738 0.567328 0.852117 0.408951 0.482175 0.461281 0.443150 0.416848 0.370738 0.655676 0.692352 0.316039 0.414930 0.320719 0.298806 0.722829 0.626510 0.641157 0.457325 0.714041 0.528391 0.506077 0.436007 0.445165 0.999146
0.115024 0.133287 0.267570 0.240041 0.698590 0.516903 0.194526 0.163884 0.422551 0.260009 0.137998 0.110691 0.144079 0.210684 0.232281 0.242682 0.000000 0.089735 0.119181 0.134134 0.435409 0.675128 0.279426 0.415102 0.661550 0.540293 0.973032 0.999608 0.121883 0.107154 0.247517 0.244376 0.152101 0.128142 0.477711 0.554606 0.411876 0.502271 0.642003 0.621987 0.697787 0.474578 0.230039 0.182749 0.253832 0.230187 0.241462 0.220275 0.656847 0.360986 0.434866 0.340254 0.492488 0.455198 0.457857 0.537937 0.108911 0.128132 0.159813 0.207815 0.134620 0.212424 0.118491 0.121769 0.390209 0.246618 0.225006 0.199110 0.279306 0.183460 0.290496 0.274787 0.357206 0.357970 0.603586 0.522425 0.304781 0.256834 0.160825 0.184474 0.106984 0.153629 0.348107 0.268896 0.291295 0.394317 0.945468 0.945373 0.448720 0.528128 0.582915 0.639126 0.562392 0.726281 0.336183 0.466130 0.331979 0.400024 0.306140 0.227801 0.599707 0.591086 0.297786 0.252801 0.358793 0.276523 0.839991 0.581584 0.634759 0.326356 0.611138 0.338129 0.349567 0.337157 0.483378 0.935419
0.114054 0.117602 0.215733 0.194929 0.706726 0.464232 0.158699 0.139582 0.393154 0.253609 0.126747 0.105137 0.151984 0.220212 0.240188 0.253915 0.089735 0.000000 0.089994 0.099551 0.416104 0.712876 0.282686 0.413251 0.615568 0.480405 0.938909 0.940673 0.115351 0.091765 0.229141 0.238622 0.130656 0.114566 0.466752 0.588380 0.387357 0.506176 0.622824 0.595151 0.775991 0.454626 0.194627 0.147715 0.236118 0.201441 0.195971 0.177411 0.629277 0.354145 0.421605 0.337821 0.478885 0.440850 0.441088 0.515083 0.097689 0.110378 0.163538 0.211342 0.122492 0.210027 0.110340 0.112636 0.369021 0.229181 0.201515 0.183343 0.261902 0.188467 0.283045 0.267506 0.382064 0.364031 0.576032 0.560115 0.300235 0.247791 0.161792 0.197858 0.106644 0.130481 0.357425 0.230946 0.279808 0.378390 0.909962 0.914209 0.468642 0.495561 0.531349 0.601879 0.518698 0.696018 0.309745 0.445474 0.329543 0.401207 0.275309 0.213560 0.546850 0.565635 0.301144 0.217574 0.323184 0.300694 0.860770 0.592745 0.638404 0.323538 0.649369 0.315903 0.294544 0.370109 0.424772 0.939078
0.118361 0.126536 0.184686 0.174194 0.648117 0.458718 0.142770 0.157786 0.381498 0.296287 0.139534 0.134252 0.153004 0.238959 0.244620 0.250608 0.119181 0.089994 0.000000 0.111070 0.396484 0.686327 0.261092 0.385429 0.530081 0.449886 0.964568 0.977132 0.158521 0.119580 0.191668 0.250529 0.149976 0.132170 0.455830 0.578692 0.393545 0.514104 0.557203 0.637274 0.771217 0.440992 0.176820 0.144346 0.243516 0.216097 0.184349 0.178929 0.647279 0.327826 0.412926 0.332037 0.488413 0.404845 0.425050 0.549777 0.138077 0.149398 0.185598 0.237627 0.134300 0.253296 0.138272 0.155210 0.342372 0.230639 0.192830 0.181406 0.256704 0.201861 0.225016 0.231261 0.335659 0.323298 0.599191 0.526061 0.310362 0.279995 0.204889 0.177850 0.119099 0.139414 0.368516 0.274301 0.269216 0.361507 0.914135 0.943181 0.475075 0.524804 0.526333 0.602224 0.515189 0.675008 0.333491 0.460330 0.343026 0.439622 0.293280 0.257485 0.570212 0.565336 0.334239 0.268833 0.333879 0.316886 0.793690 0.585795 0.613014 0.355445 0.648844 0.338974 0.331059 0.416290 0.451494 0.952880
0.123854 0.137949 0.186070 0.178735 0.760361 0.511256 0.180248 0.166669 0.365638 0.310470 0.149537 0.138443 0.185065 0.257572 0.277210 0.300868 0.134134 0.099551 0.111070 0.000000 0.430873 0.726681 0.280789 0.374255 0.523997 0.378299 0.959022 0.960305 0.149173 0.112197 0.206093 0.218390 0.137251 0.122538 0.449039 0.613496 0.376079 0.530667 0.609825 0.606057 0.813903 0.529574 0.217127 0.180706 0.271780 0.226261 0.200708 0.206607 0.643040 0.336527 0.447453 0.364249 0.488126 0.482175 0.434758 0.505755 0.143302 0.140483 0.183367 0.213587 0.154966 0.233576 0.154408 0.165867 0.351691 0.232711 0.226120 0.186040 0.256487 0.200365 0.289177 0.305316 0.323547 0.317739 0.611901 0.568938 0.306974 0.285146 0.191120 0.193744 0.128217 0.127119 0.408552 0.262726 0.295400 0.389767 0.853328 0.938434 0.420725 0.499268 0.567049 0.654909 0.560734 0.745310 0.322936 0.496797 0.346800 0.474861 0.301861 0.258562 0.549427 0.629590 0.372842 0.270225 0.372157 0.339249 0.824137 0.574645 0.600070 0.337074 0.613733 0.353275 0.348807 0.453174 0.446879 0.888467
0.411625 0.399323 0.377650 0.353421 0.672412 0.590778 0.383000 0.393288 0.560926 0.534394 0.448419 0.405689 0.348113 0.372727 0.379317 0.365865 0.435409 0.416104 0.396484 0.430873 0.000000 0.758309 0.334168 0.359950 0.515057 0.502324 0.984126 0.937048 0.437495 0.442257 0.333478 0.480990 0.367930 0.364595 0.479100 0.704690 0.475667 0.479297 0.595928 0.679066 0.649408 0.672984 0.357018 0.349655 0.432512 0.404395 0.382527 0.376850 0.761639 0.461954 0.544447 0.485144 0.605254 0.507794 0.523020 0.660623 0.443209 0.425672 0.402252 0.428493 0.376911 0.437523 0.399291 0.399710 0.398900 0.408522 0.370328 0.389869 0.561228 0.483096 0.349471 0.392783 0.524145 0.555601 0.777583 0.711801 0.370093 0.357591 0.456312 0.482126 0.411088 0.385217 0.374110 0.432202 0.376090 0.419828 0.952046 0.975754 0.631549 0.514555 0.590693 0.685542 0.555203 0.773136 0.501966 0.583476 0.464212 0.607851 0.547596 0.478282 0.679101 0.631696 0.410510 0.435139 0.416789 0.426973 0.868551 0.579925 0.604314 0.644177 0.669441 0.605699 0.528592 0.544812 0.505818 0.917001
0.745553 0.754105 0.755203 0.730249 0.725650 0.945462 0.702865 0.751113 0.820714 0.775755 0.739852 0.731470 0.744282 0.737869 0.757565 0.802639 0.675128 0.712876 0.686327 0.726681 0.758309 0.000000 0.769053 0.834085 0.996944 0.841401 0.889448 0.769958 0.679636 0.715152 0.818927 0.688307 0.683438 0.707441 0.887764 0.825635 0.808676 0.886014 0.792023 0.746327 0.955096 0.865277 0.750662 0.698951 0.754102 0.783862 0.759479 0.769519 0.854131 0.836603 0.796680 0.800500 0.920237 0.775031 0.796749 0.915134 0.696926 0.769004 0.780470 0.826627 0.706888 0.767858 0.734123 0.735938 0.751032 0.712515 0.720786 0.683720 0.788359 0.809300 0.755630 0.782041 0.766570 0.740136 0.914121 0.686639 0.753833 0.738930 0.869702 0.716961 0.751864 0.726322 0.723946 0.760551 0.761885 0.720965 0.916200 0.910679 0.746003 0.749485 0.855357 0.920918 0.915262 0.888717 0.801023 0.850947 0.862037 0.743489 0.743263 0.689178 0.918675 0.899374 0.737801 0.663084 0.801834 0.708649 0.998312 0.768687 0.935589 0.825086 0.739427 0.780079 0.792078 0.755656 0.736043 0.865128
0.224617 0.231399 0.214817 0.176433 0.623955 0.510059 0.294584 0.241613 0.403536 0.416570 0.340575 0.186159 0.129347 0.152928 0.116944 0.106943 0.279426 0.282686 0.261092 0.280789 0.334168 0.769053 0.000000 0.156128 0.363404 0.346047 0.903889 0.954411 0.222728 0.234105 0.139332 0.244300 0.191574 0.252507 0.370839 0.591041 0.301311 0.411681 0.521791 0.649882 0.726823 0.533810 0.240899 0.280659 0.335762 0.301152 0.234623 0.240195 0.635827 0.330406 0.390478 0.301439 0.406531 0.429737 0.416397 0.480755 0.307887 0.304685 0.248403 0.269594 0.161926 0.190048 0.211832 0.205219 0.187257 0.192015 0.229604 0.237920 0.439804 0.292351 0.230289 0.337308 0.375759 0.452099 0.652355 0.610841 0.309277 0.316238 0.245054 0.345321 0.211656 0.240201 0.246406 0.284425 0.128511 0.154651 0.913981 0.878047 0.392890 0.338055 0.592836 0.689256 0.530908 0.831527 0.373715 0.505763 0.413412 0.447782 0.394870 0.361339 0.621869 0.700019 0.341349 0.409710 0.311496 0.272720 0.738682 0.571225 0.609382 0.471818 0.685001 0.515209 0.471991 0.497430 0.387731 0.977984
0.377616 0.370598 0.314840 0.292373 0.684663 0.627972 0.448753 0.400749 0.548710 0.579251 0.428388 0.318704 0.242325 0.208636 0.220932 0.185318 0.415102 0.413251 0.385429 0.374255 0.359950 0.834085 0.156128 0.000000 0.320894 0.325356 0.923617 0.861888 0.315926 0.320105 0.209596 0.275279 0.315507 0.377041 0.453055 0.673900 0.408727 0.538154 0.523732 0.671206 0.786137 0.631415 0.396003 0.438181 0.519838 0.466649 0.366769 0.378995 0.743574 0.477065 0.543770 0.499713 0.538787 0.572056 0.514267 0.607730 0.467481 0.451476 0.401445 0.445097 0.311091 0.346641 0.325661 0.344888 0.294743 0.306988 0.377647 0.393554 0.562252 0.437060 0.365889 0.488794 0.510730 0.569650 0.775633 0.678762 0.436780 0.419829 0.367993 0.430485 0.335558 0.336021 0.238296 0.347746 0.242589 0.179208 0.766822 0.696594 0.489826 0.432749 0.762674 0.869717 0.720149 0.982044 0.480620 0.663594 0.566329 0.537733 0.631701 0.556611 0.722817 0.806247 0.507867 0.555597 0.461708 0.454603 0.840839 0.679166 0.648561 0.576538 0.758733 0.697907 0.660855 0.661752 0.516510 0.985443
0.552507 0.553222 0.381711 0.391081 0.886207 0.791541 0.599349 0.594335 0.659989 0.807432 0.639443 0.559947 0.511624 0.540060 0.484004 0.466146 0.661550 0.615568 0.530081 0.523997 0.515057 0.996944 0.363404 0.320894 0.000000 0.262938 0.849310 0.891249 0.599978 0.552890 0.314878 0.467195 0.503878 0.589839 0.511082 0.757079 0.466753 0.684595 0.481404 0.834233 0.822528 0.822653 0.563365 0.598228 0.699938 0.641109 0.512659 0.559218 0.854154 0.575387 0.730865 0.626530 0.651418 0.716834 0.522584 0.662083 0.702770 0.605178 0.602766 0.530836 0.535029 0.536398 0.613785 0.601930 0.386396 0.470028 0.587813 0.569166 0.572010 0.569835 0.544252 0.598047 0.499480 0.589167 0.726800 0.848694 0.607908 0.678542 0.563822 0.536000 0.548175 0.498853 0.582771 0.552893 0.421191 0.357599 0.928813 0.896418 0.617843 0.491421 0.893804 0.963063 0.818691 0.977709 0.622872 0.821049 0.681163 0.766974 0.782805 0.774106 0.944638 0.926838 0.801327 0.754657 0.599369 0.643417 0.798277 0.923775 0.711368 0.668396 0.925425 0.804234 0.774066 0.840680 0.656028 0.956092
0.440396 0.471379 0.270903 0.292473 0.849969 0.632607 0.442234 0.448424 0.509354 0.577494 0.463627 0.447597 0.442896 0.498037 0.441368 0.466140 0.540293 0.480405 0.449886 0.378299 0.502324 0.841401 0.346047 0.325356 0.262938 0.000000 0.887272 0.834669 0.476223 0.438912 0.275330 0.342932 0.362816 0.414658 0.428768 0.734141 0.383104 0.667131 0.501213 0.658242 0.865268 0.760975 0.424537 0.437928 0.528206 0.464109 0.400323 0.439147 0.709417 0.485175 0.584639 0.503037 0.521035 0.604986 0.503415 0.515912 0.564567 0.510130 0.464585 0.454493 0.397695 0.411875 0.503701 0.507538 0.288482 0.287698 0.435690 0.400618 0.488954 0.464176 0.474723 0.496263 0.366461 0.436381 0.733247 0.753127 0.456480 0.510984 0.494969 0.443711 0.433224 0.388247 0.566993 0.422091 0.387349 0.356968 0.863847 0.883862 0.445000 0.452513 0.708450 0.798057 0.679208 0.876176 0.520915 0.716305 0.559882 0.693861 0.567814 0.532245 0.704917 0.759885 0.658872 0.528931 0.538330 0.600355 0.828784 0.703448 0.725805 0.656756 0.872101 0.650282 0.587970 0.769875 0.499721 0.980004
0.959115 0.942584 0.953506 0.929156 0.849524 0.954951 0.909977 0.876030 0.868298 0.942866 0.930411 0.998201 0.969341 0.958366 0.905848 0.901530 0.973032 0.938909 0.964568 0.959022 0.984126 0.889448 0.903889 0.923617 0.849310 0.887272 0.000000 0.955240 0.996957 0.970854 0.900399 0.876538 0.928139 0.915351 0.984802 0.922161 0.992622 0.913592 0.842814 0.947638 0.969381 0.958565 0.948803 0.986449 0.890023 0.908357 0.981070 0.995838 0.788656 0.914918 0.845253 0.925695 0.989689 0.861918 0.846630 0.869005 0.952309 0.951618 0.943701 0.965677 0.971478 0.908113 0.965328 0.938529 0.989594 0.951958 0.903266 0.913177 0.982465 0.935989 0.965029 0.987833 0.954235 0.956633 0.997549 0.847202 0.986646 0.969285 0.977489 0.933434 0.959806 0.887262 0.974660 0.903279 0.970327 0.946130 0.890591 0.951319 0.912910 0.984324 0.801733 0.791734 0.853221 0.784312 0.975963 0.910570 0.953954 0.872664 0.884250 0.900276 0.926575 0.909597 0.896594 0.904674 0.770731 0.913958 0.965139 0.945605 0.957837 0.772645 0.950986 0.821830 0.819628 0.938047 0.989475 0.883329
0.995003 0.982013 0.943611 0.919345 0.889881 0.877999 0.942241 0.938700 0.996021 0.964879 0.954798 0.925912 0.980755 0.879161 0.948220 0.911595 0.999608 0.940673 0.977132 0.960305 0.937048 0.769958 0.954411 0.861888 0.891249 0.834669 0.955240 0.000000 0.913174 0.949468 0.981562 0.903994 0.882575 0.998505 0.999066 0.985189 0.907722 0.915181 0.926316 0.849279 0.888811 0.975988 0.949128 0.930629 0.967031 0.988052 0.903503 0.985192 0.963828 0.861838 0.967362 0.904465 0.860340 0.968505 0.907779 0.951248 0.973126 0.980324 0.993839 0.964293 0.966871 0.986047 0.924148 0.914332 0.989059 0.940146 0.948867 0.931172 0.972691 0.968613 0.945572 0.965514 0.956481 0.973516 0.982429 0.858477 0.824560 0.863903 0.996440 0.992408 0.970280 0.936248 0.978374 0.955282 0.969089 0.909699 0.978224 0.978305 0.986255 0.962614 0.894489 0.928441 0.946976 0.929402 0.948261 0.884729 0.876088 0.918488 0.996232 0.918159 0.970152 0.938323 0.949646 0.916758 0.874525 0.921895 0.833309 0.939517 0.923966 0.983067 0.944912 0.950969 0.991961 0.942217 0.884303 0.931469
0.161334 0.142915 0.274641 0.237110 0.680197 0.517543 0.256750 0.202058 0.439653 0.318207 0.184924 0.111291 0.134580 0.157836 0.189156 0.190596 0.121883 0.115351 0.158521 0.149173 0.437495 0.679636 0.222728 0.315926 0.599978 0.476223 0.996957 0.913174 0.000000 0.101737 0.214399 0.222512 0.147856 0.166348 0.453171 0.604726 0.377346 0.526737 0.600672 0.568343 0.778931 0.455653 0.259034 0.224729 0.308834 0.268012 0.225473 0.197132 0.608217 0.371561 0.438704 0.353489 0.487021 0.496814 0.449321 0.491060 0.143603 0.164326 0.187741 0.230031 0.136782 0.197576 0.111337 0.116520 0.356947 0.238868 0.245964 0.227570 0.311871 0.209686 0.311790 0.345896 0.415175 0.431375 0.634795 0.565367 0.322946 0.274898 0.168418 0.228224 0.130774 0.164863 0.284001 0.228254 0.238111 0.311493 0.865160 0.996420 0.462049 0.425226 0.650118 0.728256 0.621784 0.861552 0.352971 0.512748 0.389381 0.407947 0.365713 0.260809 0.604542 0.675140 0.319488 0.285644 0.360551 0.280500 0.846160 0.637663 0.643135 0.365766 0.621638 0.402113 0.386779 0.372403 0.424388 0.959200
0.130715 0.145612 0.227293 0.191905 0.731520 0.516789 0.215559 0.174816 0.396123 0.281116 0.139865 0.100435 0.133340 0.174289 0.189982 0.201951 0.107154 0.091765 0.119580 0.112197 0.442257 0.715152 0.234105 0.320105 0.552890 0.438912 0.970854 0.949468 0.101737 0.000000 0.198731 0.203460 0.136350 0.125336 0.436518 0.601697 0.367225 0.507706 0.603117 0.599947 0.794174 0.513374 0.255170 0.208948 0.303059 0.249184 0.232609 0.216747 0.669688 0.355673 0.446628 0.357132 0.468843 0.457971 0.417772 0.492816 0.146879 0.146950 0.195349 0.235683 0.129464 0.205710 0.115441 0.117819 0.338523 0.229297 0.235726 0.218388 0.273589 0.188314 0.296789 0.316731 0.369302 0.371948 0.544407 0.534611 0.338951 0.258557 0.159981 0.193600 0.109531 0.124810 0.308303 0.218303 0.266971 0.320349 0.812149 0.950998 0.441279 0.483587 0.600799 0.681033 0.588665 0.785721 0.334545 0.509594 0.392868 0.439003 0.336822 0.269412 0.585857 0.615598 0.318152 0.272437 0.378717 0.309690 0.828354 0.620978 0.673813 0.355036 0.658416 0.392325 0.380414 0.412436 0.459666 0.990437
0.208849 0.216634 0.164992 0.153112 0.762764 0.488516 0.233901 0.237267 0.389539 0.393447 0.252619 0.202292 0.176033 0.228517 0.213326 0.186950 0.247517 0.229141 0.191668 0.206093 0.333478 0.818927 0.139332 0.209596 0.314878 0.275330 0.900399 0.981562 0.214399 0.198731 0.000000 0.186379 0.170638 0.200358 0.385483 0.613097 0.294960 0.506097 0.488075 0.696598 0.725518 0.557420 0.231822 0.232025 0.336260 0.298161 0.234564 0.237992 0.700661 0.364500 0.462269 0.368917 0.445984 0.461920 0.404165 0.525254 0.287748 0.273166 0.248959 0.277690 0.175548 0.248492 0.227897 0.239079 0.230813 0.179589 0.219989 0.219834 0.298032 0.257248 0.246222 0.287787 0.304340 0.341845 0.576210 0.645074 0.335290 0.281683 0.232556 0.268016 0.188600 0.183221 0.304766 0.245259 0.208332 0.218349 0.881699 0.920311 0.408352 0.430143 0.625469 0.721166 0.563662 0.812169 0.392374 0.574220 0.375623 0.521519 0.427127 0.394451 0.619266 0.609926 0.422194 0.398235 0.383305 0.344482 0.773115 0.669726 0.622620 0.442618 0.724533 0.498050 0.457095 0.470754 0.456238 0.960191
0.281010 0.283253 0.267072 0.235958 0.854925 0.580414 0.308748 0.308674 0.452135 0.419669 0.252918 0.239084 0.260271 0.269847 0.293954 0.270019 0.244376 0.238622 0.250529 0.218390 0.480990 0.688307 0.244300 0.275279 0.467195 0.342932 0.876538 0.903994 0.222512 0.203460 0.186379 0.000000 0.222937 0.216373 0.526459 0.710028 0.373621 0.625436 0.541983 0.636523 0.873714 0.589214 0.310405 0.277235 0.417843 0.394547 0.319088 0.322594 0.800080 0.507029 0.604215 0.520193 0.569759 0.606890 0.559751 0.649423 0.280300 0.309688 0.314873 0.372427 0.258038 0.347306 0.274516 0.289985 0.361679 0.257181 0.303483 0.290603 0.358313 0.343801 0.358292 0.393456 0.404589 0.426571 0.620673 0.655823 0.387672 0.310673 0.275924 0.258709 0.247515 0.241643 0.367808 0.274156 0.338772 0.298045 0.910708 0.886016 0.440240 0.519608 0.725969 0.856227 0.713443 0.890074 0.410860 0.634538 0.493345 0.526611 0.485443 0.420319 0.699446 0.693800 0.478402 0.370564 0.495687 0.388091 0.906371 0.784510 0.748707 0.515780 0.720692 0.503043 0.556058 0.547571 0.528900 0.973288
0.130728 0.143122 0.157893 0.122849 0.659326 0.441393 0.152571 0.121972 0.360670 0.239517 0.208845 0.121838 0.152301 0.212606 0.212722 0.220063 0.152101 0.130656 0.149976 0.137251 0.367930 0.683438 0.191574 0.315507 0.503878 0.362816 0.928139 0.882575 0.147856 0.136350 0.170638 0.222937 0.000000 0.129730 0.377879 0.555951 0.351272 0.475536 0.592533 0.618137 0.789426 0.518819 0.171778 0.163682 0.224215 0.190178 0.188871 0.206477 0.582957 0.329290 0.378458 0.303778 0.442707 0.402906 0.393287 0.433383 0.170673 0.168571 0.159877 0.211818 0.116814 0.168810 0.156846 0.143048 0.266546 0.162859 0.160238 0.128742 0.275424 0.174330 0.216267 0.242103 0.305488 0.347102 0.589041 0.586753 0.255133 0.205886 0.159139 0.230370 0.112634 0.128374 0.356781 0.225575 0.213972 0.274778 0.913221 0.957936 0.403332 0.405465 0.470632 0.539360 0.439468 0.658765 0.301257 0.447382 0.300823 0.388780 0.248929 0.199940 0.524138 0.517226 0.308458 0.217235 0.287856 0.289672 0.813113 0.530317 0.588514 0.335010 0.626919 0.341147 0.324343 0.364308 0.418150 0.976877
0.131651 0.159364 0.197667 0.163686 0.694715 0.479737 0.146572 0.132661 0.363702 0.239126 0.168681 0.149298 0.174989 0.245668 0.252164 0.270664 0.128142 0.114566 0.132170 0.122538 0.364595 0.707441 0.252507 0.377041 0.589839 0.414658 0.915351 0.998505 0.166348 0.125336 0.200358 0.216373 0.129730 0.000000 0.391360 0.581480 0.330731 0.464927 0.581646 0.612450 0.760137 0.478643 0.191193 0.148428 0.220914 0.197929 0.205316 0.213818 0.643464 0.328175 0.404290 0.327474 0.450915 0.427734 0.430291 0.494280 0.141047 0.151153 0.171280 0.242373 0.128832 0.209557 0.153032 0.150563 0.295333 0.180937 0.152433 0.149936 0.301461 0.193278 0.262868 0.249236 0.307612 0.358897 0.570176 0.542028 0.279528 0.213087 0.186638 0.205642 0.129892 0.129274 0.353392 0.240899 0.252718 0.332338 0.888478 0.987582 0.425333 0.468915 0.480998 0.571941 0.472223 0.635978 0.341332 0.430555 0.333302 0.419286 0.253257 0.212449 0.484112 0.506669 0.273144 0.218557 0.332892 0.302925 0.824267 0.508401 0.659730 0.415797 0.620424 0.298247 0.310125 0.387403 0.427960 0.900398
0.378599 0.431944 0.416845 0.355743 0.804582 0.516588 0.449404 0.381434 0.560713 0.437839 0.550027 0.393289 0.414715 0.424071 0.379419 0.427672 0.477711 0.466752 0.455830 0.449039 0.479100 0.887764 0.370839 0.453055 0.511082 0.428768 0.984802 0.999066 0.453171 0.436518 0.385483 0.526459 0.377879 0.391360 0.000000 0.613537 0.422617 0.561846 0.692134 0.864024 0.676502 0.572339 0.408854 0.461758 0.416833 0.367633 0.436348 0.435753 0.541573 0.345855 0.435320 0.349495 0.435211 0.504634 0.388101 0.462915 0.542881 0.456233 0.382999 0.350458 0.375281 0.351052 0.437761 0.411843 0.356218 0.362892 0.389508 0.381407 0.515814 0.355267 0.475428 0.453593 0.417027 0.538280 0.619213 0.717205 0.421635 0.446532 0.396522 0.503211 0.380857 0.364790 0.587469 0.453543 0.317254 0.397027 0.971789 0.950824 0.547503 0.447322 0.574640 0.645085 0.526796 0.724949 0.559049 0.614683 0.457111 0.603818 0.420241 0.417533 0.604177 0.724734 0.469632 0.537557 0.403263 0.462418 0.797925 0.566604 0.667874 0.640691 0.650241 0.427771 0.510746 0.658346 0.538207 0.904602
0.545084 0.543540 0.634786 0.600936 0.836435 0.783888 0.618228 0.567195 0.700794 0.674471 0.621955 0.554613 0.572953 0.600444 0.620979 0.623859 0.554606 0.588380 0.578692 0.613496 0.704690 0.825635 0.591041 0.673900 0.757079 0.734141 0.922161 0.985189 0.604726 0.601697 0.613097 0.710028 0.555951 0.581480 0.613537 0.000000 0.616572 0.538975 0.877375 0.770026 0.749829 0.617439 0.557295 0.607900 0.612838 0.600903 0.628204 0.574990 0.740625 0.619019 0.639141 0.572462 0.674085 0.640426 0.731560 0.698220 0.556621 0.549744 0.537834 0.566587 0.593116 0.622876 0.534600 0.560690 0.674950 0.659386 0.557618 0.563751 0.734878 0.563052 0.603407 0.623988 0.714521 0.763091 0.929321 0.737964 0.634007 0.635336 0.556455 0.645775 0.523981 0.571560 0.620609 0.602328 0.562972 0.613007 0.919411 0.998379 0.676980 0.665379 0.732040 0.716169 0.729146 0.754770 0.555511 0.628595 0.597213 0.521971 0.614428 0.644418 0.777632 0.712499 0.535278 0.573623 0.686211 0.647545 0.857705 0.662383 0.724231 0.636329 0.679465 0.637487 0.608562 0.764767 0.659798 0.994234
0.349637 0.335366 0.325733 0.288532 0.900500 0.603912 0.406516 0.345769 0.469766 0.467564 0.481671 0.355074 0.327690 0.355194 0.327381 0.366276 0.411876 0.387357 0.393545 0.376079 0.475667 0.808676 0.301311 0.408727 0.466753 0.383104 0.992622 0.907722 0.377346 0.367225 0.294960 0.373621 0.351272 0.330731 0.422617 0.616572 0.000000 0.418422 0.453056 0.673682 0.828743 0.498570 0.350869 0.352929 0.361288 0.361701 0.356179 0.294343 0.502088 0.360381 0.420331 0.343242 0.468976 0.558967 0.534436 0.468985 0.397406 0.351539 0.319589 0.329040 0.311226 0.292909 0.392944 0.343214 0.281805 0.315591 0.360143 0.314816 0.538872 0.382199 0.480069 0.465824 0.550977 0.552340 0.601014 0.667743 0.436582 0.406002 0.366052 0.464918 0.373549 0.360476 0.503716 0.373016 0.275256 0.296846 0.896482 0.862999 0.416445 0.319526 0.642629 0.719328 0.571678 0.786734 0.401616 0.514631 0.447610 0.511549 0.391455 0.419160 0.538396 0.689654 0.343902 0.426902 0.382318 0.368833 0.792670 0.565636 0.705773 0.536871 0.760891 0.500605 0.554128 0.613594 0.506294 0.855011
0.444168 0.484380 0.517663 0.476826 0.853562 0.848912 0.547537 0.461644 0.542036 0.525021 0.585317 0.434202 0.405569 0.403784 0.413189 0.428952 0.502271 0.506176 0.514104 0.530667 0.479297 0.886014 0.411681 0.538154 0.684595 0.667131 0.913592 0.915181 0.526737 0.507706 0.506097 0.625436 0.475536 0.464927 0.561846 0.538975 0.418422 0.000000 0.653609 0.747661 0.801949 0.629608 0.464103 0.512721 0.522907 0.494655 0.531780 0.469273 0.616381 0.460629 0.484907 0.459766 0.657435 0.602284 0.657921 0.623940 0.486979 0.483787 0.464733 0.472020 0.421808 0.407550 0.441037 0.405665 0.414452 0.485332 0.514224 0.496890 0.725721 0.563791 0.592934 0.636381 0.636737 0.689214 0.795717 0.723266 0.520615 0.535833 0.525824 0.607986 0.517047 0.556252 0.530642 0.579805 0.411963 0.496890 0.864869 0.957288 0.597282 0.560376 0.624740 0.649118 0.615436 0.790540 0.485093 0.444380 0.592080 0.551431 0.451383 0.509201 0.649787 0.696575 0.389072 0.477064 0.470026 0.460535 0.745628 0.572954 0.656645 0.478220 0.793981 0.654016 0.611935 0.702155 0.427136 0.970159
