0.000000 0.272786 0.669566 0.934906 0.801482 0.796579 0.775998 0.734901 0.777498 0.864313 0.467882 0.363125 0.796988 0.640926 0.863009 0.852067 0.388416 0.379258 0.472616 0.319395 0.829637 0.919462 0.624690 0.904590 0.838626 0.829855 0.945803 0.953477 0.457947 0.583884 0.846540 0.799954 0.840021 0.585507 0.826010 0.763549 0.828590 0.931845 0.976274 0.883619 0.839158 0.879196 0.903092 0.612076 0.922807 0.625836 0.665745 0.603311 0.285344 0.345720 0.356872 0.364745 0.504799 0.709013 0.630775 0.453602 0.340353 0.328146 0.276071 0.264833 0.788084 0.424348 0.524484 0.391774 0.749386 0.976919 0.759717 0.873772 0.440718 0.424403 0.950401 0.958912 0.588423 0.582661 0.900960 0.819194 0.590546 0.842447 0.866102 0.718782 0.399405 0.476147 0.815046 0.807879 0.882643 0.955066 0.690142 0.780127 0.979147 0.705437 0.720091 0.460153 0.604373 0.518049 0.989440 0.822866 0.809501 0.919261 0.884413 0.892892 0.715348 0.951767 0.666217 0.670395 0.892073 0.933862 0.888647 0.874932 0.932251 0.983385 0.894740 0.968816 0.676849 0.984427 0.936971 0.914382
0.272786 0.000000 0.617346 0.901173 0.757122 0.733215 0.700527 0.677017 0.703578 0.784672 0.546180 0.326697 0.848149 0.602705 0.906573 0.746800 0.380133 0.327572 0.438814 0.295475 0.765210 0.930632 0.680093 0.942136 0.825839 0.841059 0.967037 0.918788 0.460594 0.512504 0.946741 0.908160 0.787502 0.559953 0.811606 0.703399 0.877313 0.919533 0.983392 0.932162 0.903803 0.960232 0.878313 0.571033 0.916783 0.598205 0.627357 0.542328 0.317165 0.296519 0.344948 0.333418 0.517067 0.677110 0.571023 0.467968 0.272128 0.246308 0.354842 0.274690 0.862015 0.415552 0.490007 0.309676 0.708081 0.964892 0.684232 0.864909 0.473090 0.369150 0.869707 0.767165 0.593541 0.592342 0.800024 0.819452 0.525896 0.737141 0.782863 0.583875 0.301176 0.403118 0.807206 0.741584 0.950934 0.950907 0.663126 0.824768 0.895903 0.773677 0.707690 0.464891 0.556384 0.515094 0.896931 0.807905 0.781138 0.949575 0.874059 0.913906 0.664083 0.958363 0.630611 0.725779 0.862687 0.832837 0.864488 0.974254 0.948245 0.906198 0.854418 0.905727 0.701641 0.912885 0.980173 0.889123
0.669566 0.617346 0.000000 0.632546 0.643101 0.862291 0.461636 0.921300 0.674664 0.838097 0.738312 0.620461 0.799631 0.880251 0.623164 0.928847 0.780650 0.805183 0.848362 0.617528 0.779422 0.970219 0.516611 0.756162 0.586223 0.410646 0.894121 0.926817 0.677697 0.745701 0.583933 0.604685 0.712484 0.947397 0.621872 0.667413 0.813633 0.925782 0.932043 0.870988 0.997393 0.961462 0.677870 0.970751 0.693532 0.973743 0.977762 0.929849 0.639594 0.576032 0.715969 0.703460 0.795263 0.964352 0.738575 0.691834 0.605798 0.596948 0.661198 0.599513 0.759221 0.712881 0.868842 0.672658 0.354437 0.550033 0.499078 0.506211 0.694257 0.541516 0.989793 0.908916 0.858759 0.872783 0.989449 0.971611 0.741144 0.940069 0.902594 0.974469 0.832324 0.900473 0.872354 0.893819 0.582956 0.596963 0.793366 0.793715 0.736642 0.903865 0.585529 0.653164 0.578095 0.677917 0.937697 0.970808 0.923675 0.702323 0.971767 0.805089 0.982038 0.650016 0.889740 0.988855 0.865303 0.848702 0.867393 0.944428 0.994113 0.777766 0.823446 0.976970 0.935283 0.958229 0.724817 0.894166
0.934906 0.901173 0.632546 0.000000 0.802894 0.924181 0.662975 0.721611 0.928294 0.960183 0.978902 0.844616 0.627238 0.649919 0.611199 0.740083 0.880487 0.870686 0.880437 0.896613 0.999970 0.930748 0.627992 0.625571 0.910451 0.731727 0.855243 0.975169 0.952613 0.971021 0.859373 0.809823 0.684419 0.760288 0.892094 0.976569 0.907144 0.884125 0.926548 0.996913 0.847640 0.917465 0.899887 0.830087 0.789711 0.789790 0.920537 0.656282 0.964896 0.959036 0.823178 0.843626 0.792466 0.820179 0.933571 0.953247 0.946430 0.908775 0.916695 0.944134 0.592193 0.783098 0.900328 0.812277 0.541215 0.454365 0.840082 0.680006 0.981193 0.975460 0.919560 0.875518 0.867205 0.793231 0.852563 0.886059 0.857003 0.975113 0.732267 0.818474 0.814460 0.780424 0.634905 0.717821 0.527564 0.490106 0.793515 0.750099 0.682994 0.746436 0.788981 0.981272 0.936604 0.983746 0.962553 0.969639 0.862349 0.842838 0.863704 0.729158 0.943428 0.663551 0.936876 0.988041 0.800962 0.854659 0.871485 0.941677 0.970332 0.959391 0.772174 0.952350 0.938336 0.910995 0.843278 0.868284
0.801482 0.757122 0.643101 0.802894 0.000000 0.988860 0.587712 0.922909 0.683766 0.901532 0.912608 0.831403 0.812379 0.968143 0.752355 0.953139 0.757017 0.864904 0.869165 0.805607 0.787641 0.924472 0.666212 0.860474 0.980547 0.867882 0.964373 0.919708 0.905771 0.928009 0.963705 0.864683 0.868472 0.833430 0.810194 0.804157 0.902066 0.986596 0.914200 0.975213 0.945250 0.967904 0.885776 0.994252 0.782479 0.998923 0.997211 0.943814 0.768758 0.735455 0.792604 0.779696 0.793483 0.880771 0.649304 0.732663 0.793071 0.756015 0.807455 0.857822 0.753697 0.951706 0.967697 0.835389 0.649865 0.621125 0.695747 0.679234 0.827293 0.720224 0.853946 0.800607 0.978339 0.906457 0.989139 0.946228 0.814686 0.978645 0.913064 0.981683 0.865535 0.827082 0.888944 0.927611 0.679294 0.645679 0.734575 0.767455 0.789163 0.968114 0.675356 0.668907 0.757640 0.678543 0.908178 0.949194 0.931229 0.826538 0.958623 0.860938 0.973506 0.755573 0.859808 0.953472 0.769834 0.862554 0.979257 0.967650 0.871074 0.872936 0.872978 0.996668 0.904111 0.931954 0.980842 0.864244
0.796579 0.733215 0.862291 0.924181 0.988860 0.000000 0.949654 0.562317 0.926588 0.652276 0.804724 0.668824 0.777262 0.631513 0.815171 0.627489 0.863595 0.752047 0.763783 0.762496 0.800564 0.992029 0.967598 0.933119 0.714252 0.923144 0.941743 0.945259 0.627104 0.689506 0.893534 0.883149 0.772304 0.720219 0.932273 0.946775 0.880594 0.928447 0.928733 0.920468 0.877631 0.780329 0.868650 0.697899 0.921957 0.752549 0.885965 0.784403 0.740806 0.758674 0.763592 0.702382 0.932191 0.734807 0.919557 0.903629 0.841631 0.824102 0.872054 0.727696 0.809107 0.637784 0.738233 0.673651 0.952317 0.826190 0.998824 0.893285 0.927338 0.922583 0.904961 0.827552 0.881627 0.990914 0.781804 0.815864 0.781342 0.739632 0.961613 0.939231 0.822628 0.851618 0.884728 0.872700 0.962587 0.931185 0.941334 0.901009 0.843512 0.917045 0.865514 0.941751 0.981266 0.957386 0.835258 0.911200 0.811236 0.931632 0.789126 0.792719 0.647002 0.907608 0.871603 0.910706 0.864864 0.899821 0.977504 0.839830 0.866814 0.843262 0.867386 0.882247 0.974068 0.918284 0.979165 0.916018
0.775998 0.700527 0.461636 0.662975 0.587712 0.949654 0.000000 0.579834 0.377691 0.749567 0.879444 0.944896 0.571920 0.950569 0.589108 0.955007 0.975879 0.971247 0.920876 0.770426 0.931522 0.847768 0.670684 0.989980 0.913181 0.778097 0.877699 0.849987 0.996434 0.955734 0.757016 0.684385 0.662858 0.734042 0.736865 0.759267 0.930501 0.875882 0.903522 0.938309 0.725686 0.876246 0.598189 0.739442 0.406380 0.705742 0.983639 0.873636 0.780617 0.653782 0.812074 0.779024 0.799329 0.983030 0.584635 0.714508 0.713378 0.628758 0.806789 0.740099 0.427359 0.894638 0.796090 0.963636 0.528700 0.402153 0.401228 0.365210 0.598814 0.503706 0.897034 0.922709 0.876580 0.848729 0.903562 0.969178 0.911117 0.940185 0.873410 0.875356 0.906429 0.882615 0.890260 0.972722 0.653817 0.714689 0.744603 0.866852 0.832792 0.908576 0.382134 0.506584 0.506655 0.501079 0.984403 0.970397 0.990018 0.734362 0.649034 0.523847 0.771417 0.503911 0.958551 0.894125 0.783915 0.860586 0.854589 0.755425 0.877307 0.835985 0.718883 0.705418 0.826985 0.949529 0.722158 0.971795
0.734901 0.677017 0.921300 0.721611 0.922909 0.562317 0.579834 0.000000 0.656520 0.400365 0.519907 0.470717 0.531466 0.570835 0.746574 0.656356 0.596229 0.569015 0.757662 0.674751 0.633817 0.898350 0.968705 0.834166 0.490180 0.792934 0.828091 0.840023 0.486849 0.426644 0.889959 0.855539 0.654474 0.479636 0.958919 0.840854 0.763509 0.906171 0.849615 0.847775 0.715217 0.829727 0.688013 0.511660 0.540949 0.415550 0.833613 0.610799 0.660870 0.728321 0.636457 0.624691 0.777815 0.644534 0.962032 0.872308 0.757823 0.780670 0.749699 0.673541 0.426032 0.358898 0.399348 0.421785 0.984412 0.610118 0.863625 0.648382 0.857246 0.990115 0.976462 0.839997 0.958431 0.980967 0.743328 0.853008 0.698381 0.840687 0.790525 0.927276 0.648186 0.814165 0.867824 0.945652 0.892233 0.936884 0.992006 0.891899 0.927874 0.902752 0.647693 0.913389 0.880371 0.879726 0.848202 0.823005 0.782451 0.889285 0.484393 0.530866 0.465794 0.634934 0.713525 0.782590 0.740133 0.777465 0.928192 0.751861 0.886030 0.969542 0.623181 0.573272 0.608536 0.975987 0.786558 0.796664
0.777498 0.703578 0.674664 0.928294 0.683766 0.926588 0.377691 0.656520 0.000000 0.781178 0.907469 0.907879 0.712194 0.966068 0.673708 0.957919 0.946296 0.920575 0.903711 0.779933 0.989337 0.871541 0.783627 0.854902 0.842667 0.888971 0.879118 0.809046 0.991873 0.965908 0.751536 0.747862 0.800506 0.847674 0.801661 0.905468 0.995743 0.902415 0.832848 0.928915 0.722629 0.811457 0.713037 0.825390 0.536324 0.780068 0.899533 0.997005 0.780553 0.706924 0.841698 0.829408 0.833852 0.978935 0.544369 0.804049 0.791851 0.685970 0.782765 0.801776 0.608429 0.942991 0.858554 0.930541 0.686581 0.588760 0.527961 0.501958 0.672201 0.561729 0.952674 0.910783 0.811449 0.830659 0.965159 0.955962 0.983292 0.979500 0.975686 0.715921 0.844566 0.816947 0.958424 0.858045 0.801845 0.843596 0.756078 0.925353 0.952307 0.923648 0.533092 0.532189 0.621513 0.540937 0.937986 0.931519 0.967686 0.927333 0.726285 0.645854 0.789825 0.750354 0.825787 0.885691 0.767309 0.791235 0.863049 0.841963 0.952794 0.791486 0.875217 0.798922 0.904339 0.900079 0.777608 0.996367
0.864313 0.784672 0.838097 0.960183 0.901532 0.652276 0.749567 0.400365 0.781178 0.000000 0.548019 0.626708 0.855533 0.890197 0.980100 0.960115 0.640292 0.641320 0.976226 0.786111 0.565779 0.985418 0.706469 0.598415 0.569943 0.747698 0.660943 0.916085 0.506811 0.489332 0.914535 0.889677 0.744202 0.674537 0.943489 0.836319 0.881915 0.990528 0.889398 0.934367 0.845843 0.961420 0.730964 0.574379 0.591810 0.479636 0.915003 0.752099 0.712976 0.806311 0.724741 0.747386 0.850873 0.710746 0.949104 0.788805 0.796421 0.844730 0.794257 0.787916 0.675289 0.554111 0.533382 0.541346 0.814209 0.908168 0.872529 0.785086 0.873361 0.976061 0.932875 0.653129 0.916310 0.994557 0.798794 0.917187 0.724213 0.844337 0.896983 0.991935 0.794645 0.977627 0.960612 0.913331 0.743500 0.719190 0.894047 0.791035 0.783451 0.872933 0.755356 0.884754 0.885183 0.820366 0.825897 0.870387 0.778578 0.806464 0.475818 0.540620 0.571443 0.699277 0.752831 0.721629 0.887437 0.932970 0.969363 0.656770 0.822282 0.967981 0.781383 0.600407 0.706521 0.999226 0.933236 0.761057
0.467882 0.546180 0.738312 0.978902 0.912608 0.804724 0.879444 0.519907 0.907469 0.548019 0.000000 0.428202 0.705076 0.739346 0.907212 0.967640 0.345976 0.432265 0.613009 0.471053 0.644102 0.984903 0.502379 0.603421 0.557111 0.679076 0.730629 0.850598 0.324501 0.410297 0.867824 0.932307 0.749740 0.593056 0.806557 0.724533 0.714915 0.920396 0.894941 0.965496 0.967160 0.971003 0.814414 0.597684 0.836167 0.516976 0.769919 0.719916 0.480562 0.567253 0.552953 0.592882 0.710616 0.718500 0.836999 0.698372 0.499152 0.593196 0.438052 0.516460 0.629979 0.459691 0.345431 0.429186 0.640684 0.970654 0.905194 0.955204 0.785520 0.742713 0.778308 0.973907 0.671065 0.650406 0.782124 0.951674 0.689819 0.888404 0.824741 0.796656 0.554539 0.709661 0.894353 0.961687 0.910049 0.812200 0.720129 0.718894 0.929582 0.990158 0.933089 0.751249 0.827475 0.809810 0.977413 0.821928 0.853462 0.964105 0.671498 0.738590 0.628378 0.798570 0.770775 0.574987 0.991994 0.979061 0.874313 0.792460 0.875717 0.988567 0.850228 0.872271 0.670637 0.927797 0.950177 0.856040
0.363125 0.326697 0.620461 0.844616 0.831403 0.668824 0.944896 0.470717 0.907879 0.626708 0.428202 0.000000 0.564062 0.408750 0.939768 0.615813 0.360830 0.370052 0.460532 0.321700 0.723844 0.981219 0.729778 0.911697 0.581545 0.661852 0.871385 0.879209 0.373960 0.419080 0.793057 0.854246 0.796757 0.530353 0.769211 0.707850 0.741684 0.955372 0.874613 0.917946 0.952411 0.848866 0.939017 0.600290 0.985649 0.559062 0.741891 0.637418 0.431660 0.418624 0.383414 0.422004 0.582668 0.690673 0.723737 0.591886 0.399339 0.417552 0.396909 0.363709 0.602129 0.280028 0.364436 0.257059 0.725170 0.877701 0.776052 0.964886 0.641008 0.552954 0.953170 0.818460 0.708781 0.753499 0.774141 0.772467 0.551036 0.781286 0.825242 0.695645 0.394119 0.462613 0.791035 0.879983 0.918830 0.965900 0.833654 0.911498 0.886172 0.912480 0.867657 0.536220 0.611405 0.625236 0.981982 0.762928 0.861644 0.954775 0.737286 0.822872 0.638178 0.939739 0.689110 0.801847 0.908064 0.930015 0.899620 0.875426 0.872611 0.923208 0.822980 0.831116 0.638665 0.959831 0.927211 0.798937
0.796988 0.848149 0.799631 0.627238 0.812379 0.777262 0.571920 0.531466 0.712194 0.855533 0.705076 0.564062 0.000000 0.379710 0.502206 0.561380 0.713481 0.792821 0.644125 0.757486 0.903038 0.937468 0.737875 0.802268 0.771452 0.966038 0.902486 0.958349 0.720205 0.710802 0.990586 0.948045 0.731582 0.668122 0.934119 0.957588 0.744193 0.721444 0.809287 0.909596 0.758906 0.657317 0.945920 0.826121 0.865338 0.780347 0.941472 0.846380 0.917539 0.859163 0.708352 0.755371 0.776189 0.696460 0.848354 0.958266 0.938342 0.960864 0.855842 0.798373 0.401249 0.590604 0.577411 0.678778 0.753589 0.506426 0.905531 0.732564 0.885951 0.940325 0.785052 0.949228 0.949886 0.956258 0.825644 0.820310 0.863878 0.936133 0.920825 0.940297 0.772363 0.753153 0.737099 0.978314 0.582867 0.679852 0.839412 0.916956 0.834472 0.994627 0.728108 0.855199 0.981769 0.899201 0.835734 0.983391 0.939941 0.972383 0.809831 0.810569 0.730582 0.776041 0.888521 0.911431 0.875591 0.909716 0.964072 0.925043 0.923399 0.783579 0.816750 0.835552 0.798858 0.927888 0.844525 0.806941
0.640926 0.602705 0.880251 0.649919 0.968143 0.631513 0.950569 0.570835 0.966068 0.890197 0.739346 0.408750 0.379710 0.000000 0.602414 0.396437 0.630458 0.647103 0.519767 0.543843 0.853586 0.990059 0.849654 0.753699 0.728704 0.820734 0.849881 0.947178 0.643732 0.635645 0.891241 0.962787 0.795126 0.680683 0.832498 0.824335 0.663367 0.834660 0.779367 0.953907 0.821750 0.668671 0.881701 0.867075 0.876891 0.828914 0.911541 0.776426 0.743276 0.610639 0.517404 0.551134 0.641048 0.619521 0.886450 0.915198 0.736024 0.699213 0.715299 0.596602 0.605781 0.523649 0.587958 0.515048 0.982107 0.699482 0.771128 0.960515 0.933028 0.784714 0.817697 0.959870 0.991848 0.999594 0.794463 0.740287 0.795835 0.829835 0.835991 0.738613 0.601659 0.597372 0.705648 0.973978 0.688360 0.710544 0.956341 0.950138 0.946985 0.996821 0.977191 0.603016 0.654834 0.639807 0.880916 0.945650 0.974210 0.819837 0.922832 0.907909 0.820465 0.943695 0.845057 0.903261 0.885275 0.925163 0.939735 0.956949 0.971915 0.945375 0.874141 0.914739 0.881876 0.938620 0.908600 0.840074
0.863009 0.906573 0.623164 0.611199 0.752355 0.815171 0.589108 0.746574 0.673708 0.980100 0.907212 0.939768 0.502206 0.602414 0.000000 0.543422 0.958215 0.961566 0.914782 0.949032 0.964821 0.858019 0.446822 0.664908 0.954502 0.759047 0.754458 0.981804 0.941549 0.967464 0.742965 0.654369 0.667624 0.867128 0.787678 0.928240 0.973298 0.793832 0.847958 0.873772 0.752227 0.577162 0.887834 0.928137 0.849732 0.929907 0.977008 0.865377 0.819364 0.897970 0.975916 0.974067 0.981776 0.833353 0.765933 0.783603 0.834450 0.878809 0.799651 0.930629 0.644431 0.887795 0.921822 0.992292 0.517072 0.445739 0.730219 0.622538 0.722149 0.725566 0.905422 0.977471 0.812959 0.723772 0.867892 0.895255 0.958984 0.986346 0.826179 0.987902 0.978626 0.939995 0.729166 0.822759 0.535980 0.523604 0.800525 0.817516 0.792297 0.991069 0.609576 0.853240 0.845675 0.863423 0.998796 0.938816 0.928070 0.943103 0.904105 0.724599 0.912748 0.828322 0.828240 0.813949 0.813051 0.861774 0.985259 0.996753 0.949769 0.795925 0.933784 0.833412 0.912421 0.934015 0.730924 0.936353
0.852067 0.746800 0.928847 0.740083 0.953139 0.627489 0.955007 0.656356 0.957919 0.960115 0.967640 0.615813 0.561380 0.396437 0.543422 0.000000 0.881936 0.809524 0.689708 0.708144 0.978938 0.962366 0.690739 0.710996 0.895823 0.977949 0.839534 0.973329 0.841563 0.821554 0.938202 0.919231 0.838289 0.817446 0.996013 0.864861 0.941764 0.899241 0.902755 0.985278 0.818968 0.664204 0.937703 0.880041 0.915804 0.917175 0.988894 0.831029 0.915072 0.769257 0.737425 0.708929 0.852603 0.799892 0.927954 0.930080 0.822241 0.854808 0.995248 0.780828 0.794374 0.660771 0.798628 0.675106 0.868845 0.658139 0.890698 0.949242 0.990514 0.849139 0.957921 0.918869 0.950121 0.909455 0.875420 0.718769 0.850990 0.766786 0.825153 0.787412 0.715817 0.667238 0.676110 0.963783 0.658651 0.607236 0.940269 0.844998 0.964290 0.953287 0.948104 0.852968 0.824937 0.851343 0.990424 0.915796 0.951249 0.857798 0.984267 0.931026 0.793839 0.947218 0.924816 0.852729 0.871737 0.807548 0.834480 0.989921 0.999904 0.962181 0.900089 0.938055 0.915849 0.990350 0.819183 0.876892
0.388416 0.380133 0.780650 0.880487 0.757017 0.863595 0.975879 0.596229 0.946296 0.640292 0.345976 0.360830 0.713481 0.630458 0.958215 0.881936 0.000000 0.313335 0.474979 0.353048 0.669436 0.968639 0.615112 0.744263 0.736994 0.839438 0.820405 0.973058 0.384046 0.428615 0.934551 0.976452 0.677497 0.544624 0.832020 0.748624 0.843311 0.993297 0.946808 0.965177 0.980239 0.946979 0.813004 0.566455 0.937196 0.530123 0.630007 0.597195 0.406118 0.427929 0.399868 0.441815 0.575439 0.628761 0.686766 0.547039 0.396242 0.419086 0.363153 0.435416 0.686089 0.453365 0.339099 0.337232 0.751148 0.963390 0.838434 0.982815 0.633039 0.550484 0.966184 0.867836 0.622864 0.616405 0.709371 0.868608 0.648717 0.850095 0.781665 0.658498 0.358739 0.452331 0.870492 0.784614 0.941735 0.961177 0.687893 0.810441 0.876221 0.778386 0.828309 0.580100 0.653971 0.615796 0.955020 0.809962 0.904268 0.987689 0.681853 0.787526 0.635277 0.843883 0.645539 0.646473 0.900161 0.892424 0.997757 0.877050 0.904609 0.918954 0.821856 0.829153 0.672459 0.962252 0.902063 0.772937
0.379258 0.327572 0.805183 0.870686 0.864904 0.752047 0.971247 0.569015 0.920575 0.641320 0.432265 0.370052 0.792821 0.647103 0.961566 0.809524 0.313335 0.000000 0.441701 0.356827 0.675180 0.918086 0.713402 0.810804 0.769217 0.900114 0.804121 0.804913 0.386441 0.450637 0.974915 0.924880 0.597303 0.494653 0.915372 0.801381 0.926273 0.876235 0.958349 0.990065 0.923137 0.921709 0.697481 0.497326 0.837945 0.459927 0.595527 0.446673 0.398613 0.464643 0.463892 0.468501 0.659280 0.730024 0.631107 0.526852 0.355803 0.374370 0.385885 0.420019 0.688251 0.420156 0.368285 0.298659 0.829200 0.912056 0.910643 0.888855 0.612013 0.541412 0.907556 0.776463 0.530348 0.547336 0.740825 0.764368 0.606620 0.723400 0.645721 0.556242 0.274951 0.424543 0.785585 0.736522 0.893397 0.954056 0.715895 0.878547 0.861190 0.765973 0.884360 0.615113 0.702019 0.640088 0.951672 0.732185 0.800724 0.876631 0.661526 0.726935 0.607881 0.797705 0.638146 0.556419 0.774212 0.760018 0.866765 0.895445 0.927355 0.905890 0.693440 0.835915 0.632516 0.916976 0.815196 0.865396
0.472616 0.438814 0.848362 0.880437 0.869165 0.763783 0.920876 0.757662 0.903711 0.976226 0.613009 0.460532 0.644125 0.519767 0.914782 0.689708 0.474979 0.441701 0.000000 0.432603 0.905406 0.946528 0.908751 0.912683 0.877330 0.945157 0.988173 0.896766 0.555059 0.605693 0.985288 0.977831 0.696311 0.656759 0.817799 0.856637 0.746000 0.918092 0.824147 0.830623 0.987572 0.900612 0.939258 0.740040 0.887329 0.813360 0.688960 0.676598 0.608271 0.510591 0.553691 0.523330 0.700778 0.714665 0.721493 0.791903 0.505127 0.532612 0.544942 0.521786 0.798856 0.610690 0.527878 0.526073 0.882835 0.906424 0.763932 0.913607 0.631969 0.612675 0.984179 0.949423 0.677296 0.639543 0.828099 0.833349 0.686416 0.864915 0.814953 0.561792 0.454853 0.480663 0.795471 0.786379 0.787739 0.821650 0.785918 0.991018 0.957310 0.901140 0.839343 0.524092 0.613884 0.559148 0.856141 0.859311 0.962816 0.813796 0.972285 0.994511 0.756575 0.971672 0.762157 0.848690 0.881237 0.869732 0.932034 0.961979 0.893052 0.840690 0.899825 0.888369 0.853462 0.947350 0.990563 0.895930
0.319395 0.295475 0.617528 0.896613 0.805607 0.762496 0.770426 0.674751 0.779933 0.786111 0.471053 0.321700 0.757486 0.543843 0.949032 0.708144 0.353048 0.356827 0.432603 0.000000 0.777780 0.943202 0.712380 0.933863 0.773063 0.736065 0.926896 0.895023 0.449599 0.525345 0.815612 0.919658 0.828559 0.634678 0.830175 0.643203 0.809756 0.999185 0.947637 0.970249 0.976712 0.968092 0.998539 0.692121 0.831012 0.703852 0.748016 0.644980 0.364309 0.342990 0.384331 0.391047 0.564869 0.670651 0.662064 0.544915 0.349972 0.337056 0.397598 0.334996 0.846956 0.468496 0.517801 0.392853 0.681005 0.960104 0.646519 0.844532 0.525066 0.402133 0.972403 0.871302 0.622163 0.663555 0.809092 0.815692 0.581310 0.752949 0.836648 0.622428 0.394330 0.463106 0.840308 0.844805 0.937969 0.959898 0.629657 0.853386 0.893028 0.854216 0.688948 0.483121 0.535563 0.514132 0.974037 0.833348 0.923368 0.844955 0.882726 0.961131 0.700352 0.963511 0.662915 0.798082 0.862341 0.976038 0.876404 0.974313 0.955972 0.958479 0.854711 0.968639 0.757816 0.945871 0.908630 0.796889
0.829637 0.765210 0.779422 0.999970 0.787641 0.800564 0.931522 0.633817 0.989337 0.565779 0.644102 0.723844 0.903038 0.853586 0.964821 0.978938 0.669436 0.675180 0.905406 0.777780 0.000000 0.924329 0.803411 0.678663 0.738494 0.840407 0.940241 0.880567 0.690493 0.699054 0.969622 0.944808 0.770698 0.770740 0.884145 0.898293 0.775474 0.919921 0.810423 0.949463 0.790426 0.902827 0.848682 0.764358 0.789289 0.664283 0.952750 0.753558 0.765142 0.761419 0.768954 0.752557 0.780091 0.754983 0.918929 0.894315 0.773840 0.766159 0.733442 0.771959 0.822443 0.679319 0.672715 0.633275 0.837922 0.994071 0.978206 0.878197 0.913413 0.862803 0.918394 0.734286 0.945347 0.951084 0.808911 0.925608 0.822977 0.924952 0.854787 0.998560 0.802180 0.971475 0.931509 0.944973 0.836134 0.783847 0.813418 0.684461 0.782856 0.977979 0.824554 0.969259 0.992372 0.928517 0.811342 0.935444 0.783333 0.984717 0.600297 0.768769 0.788417 0.841797 0.777865 0.883505 0.868360 0.980718 0.986852 0.851234 0.949591 0.811360 0.797635 0.618635 0.840240 0.957313 0.920065 0.873079
0.919462 0.930632 0.970219 0.930748 0.924472 0.992029 0.847768 0.898350 0.871541 0.985418 0.984903 0.981219 0.937468 0.990059 0.858019 0.962366 0.968639 0.918086 0.946528 0.943202 0.924329 0.000000 0.865588 0.981212 0.904533 0.913950 0.927603 0.954710 0.955023 0.957916 0.958861 0.956502 0.910292 0.956841 0.920952 0.968827 0.922444 0.727644 0.969490 0.724965 0.822189 0.934176 0.979682 0.957247 0.860228 0.974670 0.973340 0.925133 0.935507 0.898321 0.888003 0.926185 0.909556 0.996673 0.933612 0.945987 0.967889 0.914620 0.982434 0.922667 0.830884 0.894102 0.987860 0.989662 0.862752 0.766917 0.850775 0.850608 0.974556 0.967614 0.988441 0.996241 0.965563 0.896510 0.985116 0.891249 0.982655 0.919268 0.889201 0.883979 0.960558 0.904928 0.975748 0.921414 0.903441 0.869855 0.811321 0.946520 0.993259 0.995687 0.876564 0.862941 0.922713 0.927857 0.998747 0.900697 0.916041 0.995137 0.979655 0.895401 0.983292 0.876523 0.990364 0.933262 0.842364 0.852185 0.984163 0.950802 0.980952 0.883269 0.956826 0.878267 0.984582 0.996240 0.973808 0.981098
0.624690 0.680093 0.516611 0.627992 0.666212 0.967598 0.670684 0.968705 0.783627 0.706469 0.502379 0.729778 0.737875 0.849654 0.446822 0.690739 0.615112 0.713402 0.908751 0.712380 0.803411 0.865588 0.000000 0.424804 0.707846 0.600824 0.701639 0.949745 0.565199 0.629020 0.757229 0.739882 0.860074 0.913190 0.730682 0.671258 0.880850 0.906941 0.897187 0.965177 0.778636 0.729185 0.988422 0.832154 0.910750 0.802023 0.874103 0.972038 0.589259 0.656097 0.734712 0.779906 0.842136 0.966563 0.699253 0.670666 0.590680 0.649669 0.564853 0.680254 0.866860 0.799263 0.683388 0.679772 0.357852 0.482862 0.702168 0.665144 0.680883 0.669180 0.955151 0.934609 0.761148 0.690283 0.940697 0.940833 0.717860 0.988676 0.997385 0.946975 0.790780 0.898237 0.680967 0.944710 0.475502 0.455639 0.651189 0.604054 0.799616 0.939207 0.650282 0.749921 0.739213 0.821731 0.907198 0.888950 0.893724 0.963690 0.898902 0.935099 0.945210 0.867478 0.871287 0.619035 0.820262 0.878732 0.908838 0.798065 0.926772 0.921270 0.872489 0.952169 0.812939 0.949917 0.810494 0.951652
0.904590 0.942136 0.756162 0.625571 0.860474 0.933119 0.989980 0.834166 0.854902 0.598415 0.603421 0.911697 0.802268 0.753699 0.664908 0.710996 0.744263 0.810804 0.912683 0.933863 0.678663 0.981212 0.424804 0.000000 0.680221 0.765780 0.678628 0.898325 0.647631 0.648047 0.977292 0.960372 0.935254 0.858685 0.906015 0.834730 0.979339 0.991371 0.913033 0.939762 0.939480 0.837202 0.794010 0.763831 0.781562 0.688718 0.974050 0.988508 0.778103 0.883589 0.939514 0.956367 0.945392 0.967419 0.979804 0.886764 0.831538 0.891108 0.831500 0.902956 0.999488 0.869484 0.679906 0.798769 0.595884 0.694498 0.978674 0.977942 0.993099 0.951202 0.943414 0.955019 0.846211 0.840944 0.950736 0.930481 0.776884 0.909903 0.958780 0.873784 0.956987 0.880292 0.669176 0.883340 0.542400 0.467589 0.763279 0.584926 0.728294 0.896034 0.978995 0.900905 0.925317 0.898329 0.839109 0.999571 0.965445 0.977511 0.662540 0.911388 0.805942 0.969246 0.983408 0.671923 0.959992 0.941788 0.984260 0.682775 0.905302 0.949422 0.961939 0.835596 0.869716 0.968413 0.977314 0.906123
0.838626 0.825839 0.586223 0.910451 0.980547 0.714252 0.913181 0.490180 0.842667 0.569943 0.557111 0.581545 0.771452 0.728704 0.954502 0.895823 0.736994 0.769217 0.877330 0.773063 0.738494 0.904533 0.707846 0.680221 0.000000 0.435469 0.650477 0.846901 0.538840 0.484579 0.769378 0.883954 0.963980 0.814292 0.805187 0.781781 0.732844 0.789860 0.900855 0.828791 0.837835 0.849079 0.952953 0.859142 0.855504 0.733592 0.991805 0.968153 0.762318 0.785447 0.771392 0.786156 0.854857 0.809902 0.979176 0.907816 0.865495 0.860354 0.775232 0.737096 0.698992 0.550945 0.538686 0.592515 0.575103 0.955494 0.832087 0.948175 0.900520 0.962549 0.731376 0.862030 0.958028 0.951228 0.853296 0.883935 0.784891 0.951313 0.890256 0.987761 0.836006 0.997065 0.892417 0.871270 0.745542 0.712654 0.949180 0.790825 0.787954 0.797756 0.946920 0.971800 0.894802 0.986564 0.999068 0.953143 0.967732 0.956234 0.690450 0.853539 0.810295 0.916674 0.873025 0.885969 0.991033 0.940196 0.872014 0.815231 0.901099 0.881740 0.935589 0.857971 0.714327 0.960697 0.877809 0.841569
0.829855 0.841059 0.410646 0.731727 0.867882 0.923144 0.778097 0.792934 0.888971 0.747698 0.679076 0.661852 0.966038 0.820734 0.759047 0.977949 0.839438 0.900114 0.945157 0.736065 0.840407 0.913950 0.600824 0.765780 0.435469 0.000000 0.847524 0.872009 0.673317 0.680730 0.449047 0.619772 0.730399 0.935887 0.637113 0.732364 0.691762 0.893110 0.813348 0.929092 0.921177 0.975958 0.624324 0.849990 0.864274 0.975249 0.863679 0.764977 0.803768 0.789285 0.830084 0.898592 0.925753 0.987514 0.976041 0.871769 0.852991 0.829015 0.768471 0.787328 0.971546 0.727538 0.795904 0.756206 0.446455 0.682600 0.629309 0.604033 0.929072 0.805163 0.722326 0.922844 0.933855 0.932409 0.945456 0.962104 0.808593 0.920624 0.862042 0.909670 0.999950 0.961281 0.841685 0.868827 0.636157 0.577284 0.906809 0.886337 0.802680 0.721524 0.736556 0.782708 0.689571 0.866213 0.908228 0.986426 0.968818 0.756128 0.997623 0.875575 0.942878 0.756250 0.956199 0.982526 0.902543 0.757820 0.905816 0.982134 0.983284 0.872459 0.922112 0.988152 0.961126 0.988490 0.750865 0.775781
0.945803 0.967037 0.894121 0.855243 0.964373 0.941743 0.877699 0.828091 0.879118 0.660943 0.730629 0.871385 0.902486 0.849881 0.754458 0.839534 0.820405 0.804121 0.988173 0.926896 0.940241 0.927603 0.701639 0.678628 0.650477 0.847524 0.000000 0.756890 0.705062 0.830987 0.899292 0.969450 0.852181 0.900092 0.768095 0.999909 0.996714 0.973546 0.968048 0.993551 0.971891 0.877888 0.743055 0.784180 0.747731 0.731172 0.926309 0.972151 0.842861 0.974051 0.940263 0.982357 0.981976 0.984079 0.867213 0.919188 0.967864 0.963156 0.854614 0.942248 0.813109 0.811543 0.762893 0.825044 0.809404 0.964503 0.831594 0.829682 0.996138 0.933185 0.906007 0.938914 0.724817 0.761146 0.997625 0.933589 0.806100 0.921877 0.871824 0.956909 0.882085 0.995315 0.851838 0.988139 0.807672 0.717246 0.998029 0.782082 0.781134 0.955784 0.938148 0.870569 0.908947 0.899279 0.914654 0.975684 0.917055 0.887673 0.715198 0.795258 0.760148 0.789151 0.879349 0.728104 0.933543 0.953174 0.957958 0.650988 0.839728 0.888818 0.922745 0.964145 0.763348 0.929671 0.974916 0.963672
0.953477 0.918788 0.926817 0.975169 0.919708 0.945259 0.849987 0.840023 0.809046 0.916085 0.850598 0.879209 0.958349 0.947178 0.981804 0.973329 0.973058 0.804913 0.896766 0.895023 0.880567 0.954710 0.949745 0.898325 0.846901 0.872009 0.756890 0.000000 0.876166 0.933373 0.911829 0.873912 0.941491 0.956190 0.991138 0.817126 0.850854 0.998954 0.991186 0.993543 0.930063 0.946703 0.783714 0.862426 0.797924 0.831398 0.916748 0.897654 0.939481 0.963655 0.974910 0.967539 0.956846 0.832101 0.958958 0.993782 0.846650 0.897550 0.921358 0.950587 0.849058 0.823411 0.873374 0.866010 0.953442 0.923381 0.923406 0.829400 0.900460 0.924296 0.842698 0.946397 0.778365 0.911830 0.919978 0.979293 0.847076 0.952933 0.892251 0.984227 0.889621 0.951742 0.996650 0.986629 0.992201 0.987331 0.926318 0.952273 0.854509 0.825817 0.878514 0.897553 0.925685 0.944777 0.960166 0.910728 0.900542 0.995323 0.974236 0.951493 0.969546 0.966199 0.975542 0.818732 0.942549 0.980905 0.902072 0.948673 0.790875 0.962042 0.830602 0.933369 0.857076 0.819438 0.945615 0.940879
0.457947 0.460594 0.677697 0.952613 0.905771 0.627104 0.996434 0.486849 0.991873 0.506811 0.324501 0.373960 0.720205 0.643732 0.941549 0.841563 0.384046 0.386441 0.555059 0.449599 0.690493 0.955023 0.565199 0.647631 0.538840 0.673317 0.705062 0.876166 0.000000 0.353366 0.920675 0.980388 0.663387 0.552642 0.793504 0.718406 0.752100 0.946188 0.890724 0.981070 0.990642 0.991056 0.784022 0.563860 0.862161 0.480388 0.703335 0.653985 0.437221 0.469577 0.450193 0.481906 0.637370 0.607605 0.726434 0.637083 0.497741 0.514419 0.435098 0.422215 0.653544 0.405279 0.335325 0.358631 0.664050 0.983843 0.852437 0.972399 0.804830 0.701807 0.896572 0.912001 0.622544 0.703317 0.834034 0.846116 0.558110 0.890215 0.798195 0.757158 0.510774 0.695122 0.981733 0.985440 0.885250 0.793030 0.729739 0.715688 0.872443 0.996781 0.973642 0.711445 0.808341 0.772886 0.980657 0.817345 0.853674 0.960209 0.665332 0.797730 0.539219 0.842708 0.716424 0.643123 0.938791 0.956474 0.888938 0.801246 0.815758 0.929688 0.830355 0.820770 0.686097 0.963446 0.999926 0.859097
0.583884 0.512504 0.745701 0.971021 0.928009 0.689506 0.955734 0.426644 0.965908 0.489332 0.410297 0.419080 0.710802 0.635645 0.967464 0.821554 0.428615 0.450637 0.605693 0.525345 0.699054 0.957916 0.629020 0.648047 0.484579 0.680730 0.830987 0.933373 0.353366 0.000000 0.977064 0.924069 0.749152 0.494253 0.751208 0.659342 0.791923 0.897515 0.942639 0.981222 0.974593 0.998836 0.831632 0.594762 0.843452 0.490898 0.696770 0.685245 0.524381 0.491530 0.485156 0.489023 0.647511 0.565880 0.820742 0.758137 0.571834 0.574216 0.586552 0.511474 0.688832 0.454974 0.326514 0.365145 0.619325 0.960158 0.748531 0.982930 0.961949 0.766974 0.927377 0.911983 0.808568 0.788887 0.785083 0.865663 0.683842 0.822373 0.842476 0.747146 0.535367 0.739252 0.998583 0.976218 0.821854 0.788696 0.797880 0.757570 0.812396 0.865540 0.992554 0.759774 0.813996 0.812923 0.951063 0.783760 0.905036 0.989080 0.661835 0.885075 0.567186 0.821669 0.682234 0.725077 0.906985 0.949526 0.799760 0.854458 0.833194 0.880678 0.791846 0.784078 0.602937 0.973417 0.971968 0.783163
0.846540 0.946741 0.583933 0.859373 0.963705 0.893534 0.757016 0.889959 0.751536 0.914535 0.867824 0.793057 0.990586 0.891241 0.742965 0.938202 0.934551 0.974915 0.985288 0.815612 0.969622 0.958861 0.757229 0.977292 0.769378 0.449047 0.899292 0.911829 0.920675 0.977064 0.000000 0.470487 0.663651 0.796090 0.769713 0.888988 0.763702 0.958403 0.921665 0.993806 0.993957 0.969878 0.521739 0.683200 0.709442 0.755689 0.807030 0.657159 0.926659 0.959341 0.963032 0.923421 0.994717 0.760893 0.957038 0.840320 0.944817 0.940561 0.731247 0.917053 0.998237 0.890835 0.962156 0.947908 0.709980 0.804541 0.784701 0.607751 0.737091 0.756089 0.702997 0.859035 0.859931 0.933893 0.884935 0.979288 0.994765 0.794197 0.824221 0.866005 0.963011 0.941663 0.958627 0.949591 0.947386 0.847488 0.977451 0.892976 0.986863 0.928877 0.669449 0.716872 0.704869 0.814824 0.844445 0.959956 0.929911 0.865622 0.835645 0.794104 0.749418 0.711007 0.939502 0.917341 0.905619 0.623101 0.964721 0.929727 0.944660 0.838626 0.815722 0.849314 0.998607 0.998541 0.719880 0.824209
0.799954 0.908160 0.604685 0.809823 0.864683 0.883149 0.684385 0.855539 0.747862 0.889677 0.932307 0.854246 0.948045 0.962787 0.654369 0.919231 0.976452 0.924880 0.977831 0.919658 0.944808 0.956502 0.739882 0.960372 0.883954 0.619772 0.969450 0.873912 0.980388 0.924069 0.470487 0.000000 0.585176 0.795472 0.801578 0.959629 0.894835 0.906836 0.892169 0.851742 0.920979 0.857838 0.589997 0.725167 0.710622 0.736219 0.813704 0.685565 0.894902 0.953746 0.969115 0.975820 0.935626 0.799188 0.986619 0.859960 0.904308 0.937141 0.769209 0.913178 0.899615 0.923329 0.904021 0.961901 0.709082 0.772354 0.810271 0.608816 0.738374 0.836024 0.790112 0.900608 0.989652 0.869621 0.933635 0.997809 0.995549 0.869807 0.747726 0.854071 0.970202 0.942230 0.900273 0.946145 0.929473 0.840908 0.945601 0.870535 0.966082 0.905529 0.696022 0.702771 0.777996 0.851636 0.833071 0.924646 0.899260 0.912496 0.856813 0.916611 0.807131 0.703394 0.998988 0.931393 0.884217 0.813275 0.971579 0.957772 0.958060 0.838423 0.803123 0.897755 0.933841 0.954572 0.779017 0.890629
0.840021 0.787502 0.712484 0.684419 0.868472 0.772304 0.662858 0.654474 0.800506 0.744202 0.749740 0.796757 0.731582 0.795126 0.667624 0.838289 0.677497 0.597303 0.696311 0.828559 0.770698 0.910292 0.860074 0.935254 0.963980 0.730399 0.852181 0.941491 0.663387 0.749152 0.663651 0.585176 0.000000 0.560547 0.742274 0.895653 0.924914 0.936938 0.994348 0.961365 0.928275 0.975445 0.555468 0.595272 0.643730 0.579216 0.722817 0.607874 0.828493 0.848795 0.779315 0.732478 0.864778 0.683635 0.878704 0.941833 0.808763 0.817486 0.813113 0.777512 0.622809 0.726585 0.614315 0.701447 0.728724 0.627422 0.728070 0.542408 0.943571 0.957261 0.982280 0.946350 0.819957 0.924857 0.763042 0.837085 0.797662 0.879470 0.698693 0.734842 0.675862 0.820862 0.875197 0.923394 0.710612 0.764978 0.949271 0.985480 0.974162 0.805426 0.675307 0.940018 0.873668 0.995454 0.924708 0.980524 0.990646 0.806357 0.619348 0.623839 0.716221 0.602835 0.858281 0.781345 0.762868 0.792868 0.984378 0.802427 0.976350 0.872996 0.813106 0.842141 0.846091 0.995007 0.786389 0.940468
0.585507 0.559953 0.947397 0.760288 0.833430 0.720219 0.734042 0.479636 0.847674 0.674537 0.593056 0.530353 0.668122 0.680683 0.867128 0.817446 0.544624 0.494653 0.656759 0.634678 0.770740 0.956841 0.913190 0.858685 0.814292 0.935887 0.900092 0.956190 0.552642 0.494253 0.796090 0.795472 0.560547 0.000000 0.925925 0.923741 0.985390 0.984254 0.998467 0.975262 0.943098 0.992570 0.526939 0.409648 0.630675 0.447347 0.573364 0.536289 0.603029 0.672377 0.591556 0.592848 0.789584 0.680521 0.916209 0.812601 0.635608 0.671964 0.653296 0.579909 0.560144 0.476273 0.430731 0.477094 0.969903 0.682954 0.870393 0.628197 0.941504 0.907045 0.904300 0.812054 0.777410 0.795947 0.805919 0.825367 0.603840 0.771283 0.709938 0.799471 0.545081 0.692542 0.795454 0.899842 0.795439 0.832424 0.951463 0.897649 0.940715 0.958555 0.778218 0.908243 0.982007 0.926736 0.914297 0.793712 0.861890 0.788929 0.560783 0.707181 0.602747 0.743027 0.651664 0.807116 0.762393 0.755665 0.964173 0.800633 0.852280 0.985908 0.696552 0.670018 0.620410 0.976058 0.746705 0.997484
0.826010 0.811606 0.621872 0.892094 0.810194 0.932273 0.736865 0.958919 0.801661 0.943489 0.806557 0.769211 0.934119 0.832498 0.787678 0.996013 0.832020 0.915372 0.817799 0.830175 0.884145 0.920952 0.730682 0.906015 0.805187 0.637113 0.768095 0.991138 0.793504 0.751208 0.769713 0.801578 0.742274 0.925925 0.000000 0.737975 0.661197 0.911356 0.987845 0.999391 0.947004 0.929946 0.690681 0.900563 0.758240 0.938389 0.912470 0.983517 0.832514 0.687692 0.799963 0.788655 0.820942 0.939350 0.943204 0.839081 0.782323 0.754910 0.816948 0.779518 0.847500 0.929341 0.851103 0.821945 0.620837 0.647064 0.531977 0.577666 0.851072 0.683221 0.997834 0.959611 0.960512 0.961537 0.953378 0.964342 0.890829 0.998753 0.998086 0.870257 0.949452 0.948246 0.961002 0.995889 0.702877 0.712812 0.937993 0.967235 0.972952 0.863495 0.712407 0.669060 0.723185 0.680561 0.957793 0.919192 0.943676 0.781004 0.894660 0.696567 0.924686 0.707027 0.961670 0.891675 0.867521 0.967313 0.929067 0.798161 0.875956 0.999168 0.955060 0.919331 0.902964 0.972648 0.554034 0.900487
0.763549 0.703399 0.667413 0.976569 0.804157 0.946775 0.759267 0.840854 0.905468 0.836319 0.724533 0.707850 0.957588 0.824335 0.928240 0.864861 0.748624 0.801381 0.856637 0.643203 0.898293 0.968827 0.671258 0.834730 0.781781 0.732364 0.999909 0.817126 0.718406 0.659342 0.888988 0.959629 0.895653 0.923741 0.737975 0.000000 0.751351 0.983145 0.902417 0.994905 0.962878 0.929081 0.879756 0.983239 0.826927 0.834592 0.986373 0.891604 0.686471 0.595029 0.635725 0.646771 0.731914 0.725353 0.731143 0.842159 0.671508 0.645271 0.778230 0.677317 0.959495 0.742437 0.760570 0.688328 0.633056 0.782120 0.562677 0.719387 0.830615 0.675083 0.970676 0.941610 0.948305 0.985649 0.939761 0.881445 0.775077 0.975610 0.904326 0.972257 0.800640 0.857783 0.943542 0.952805 0.750659 0.854805 0.699028 0.752816 0.945216 0.887512 0.706271 0.695852 0.637429 0.711201 0.845767 0.997954 0.996309 0.766212 0.942764 0.820109 0.980009 0.872970 0.917244 0.846707 0.892583 0.965814 0.784496 0.873753 0.880526 0.953842 0.942358 0.903006 0.968223 0.988551 0.982601 0.918432
0.828590 0.877313 0.813633 0.907144 0.902066 0.880594 0.930501 0.763509 0.995743 0.881915 0.714915 0.741684 0.744193 0.663367 0.973298 0.941764 0.843311 0.926273 0.746000 0.809756 0.775474 0.922444 0.880850 0.979339 0.732844 0.691762 0.996714 0.850854 0.752100 0.791923 0.763702 0.894835 0.924914 0.985390 0.661197 0.751351 0.000000 0.817967 0.686605 0.791331 0.878935 0.798828 0.838486 0.963453 0.914700 0.941899 0.959244 0.962858 0.869881 0.803101 0.785858 0.817981 0.796686 0.790446 0.976213 0.962156 0.933075 0.891088 0.783708 0.805996 0.797902 0.792295 0.792750 0.834196 0.858634 0.976401 0.799893 0.837464 0.977932 0.921680 0.707497 0.915168 0.981941 0.930449 0.952797 0.908298 0.885373 0.801723 0.987518 0.959215 0.951750 0.996728 0.933397 0.899188 0.953029 0.934358 0.954814 0.844831 0.831099 0.788590 0.992496 0.818271 0.902760 0.885114 0.944664 0.822582 0.996594 0.718966 0.893064 0.982433 0.971234 0.952072 0.993169 0.961151 0.979284 0.799362 0.904327 0.994854 0.831446 0.884228 0.936210 0.992220 0.960541 0.950873 0.879405 0.995477
0.931845 0.919533 0.925782 0.884125 0.986596 0.928447 0.875882 0.906171 0.902415 0.990528 0.920396 0.955372 0.721444 0.834660 0.793832 0.899241 0.993297 0.876235 0.918092 0.999185 0.919921 0.727644 0.906941 0.991371 0.789860 0.893110 0.973546 0.998954 0.946188 0.897515 0.958403 0.906836 0.936938 0.984254 0.911356 0.983145 0.817967 0.000000 0.881796 0.853550 0.770095 0.790131 0.934421 0.979496 0.902319 0.924717 0.897610 0.825980 0.936241 0.934130 0.955664 0.972113 0.956072 0.802668 0.841792 0.825270 0.868320 0.838551 0.856619 0.974381 0.935048 0.976114 0.870073 0.934622 0.912184 0.986854 0.906908 0.975989 0.751727 0.870624 0.828626 0.789012 0.821829 0.908204 0.979808 0.933719 0.990674 0.936859 0.882149 0.911271 0.929711 0.819460 0.929385 0.738418 0.938921 0.886276 0.820544 0.838380 0.987460 0.779338 0.841742 0.958219 0.969102 0.984114 0.841237 0.773937 0.644180 0.701822 0.989804 0.886942 0.981115 0.901038 0.917893 0.689062 0.908310 0.746831 0.851421 0.975533 0.978017 0.992024 0.812507 0.906587 0.972836 0.960181 0.942560 0.991174
