0.000000 0.352469 0.772134 0.653263 0.923645 0.997856 0.874237 0.683826 0.834991 0.983186 0.452056 0.370312 0.568965 0.434170 0.718259 0.631224 0.435535 0.368038 0.512840 0.359588 0.829294 0.935831 0.807955 0.745070 0.825024 0.857565 0.961053 0.928684 0.543987 0.490574 0.864594 0.845072 0.506002 0.529992 0.912467 0.950328 0.702358 0.664119 0.730033 0.828548 0.850419 0.671960 0.935529 0.811493 0.962159 0.946117 0.768406 0.733700 0.914609 0.864760 0.992864 0.918607 0.953275 0.864018 0.714397 0.819638 0.374472 0.343742 0.711406 0.700725 0.665111 0.696932 0.605834 0.472260 0.921493 0.885009 0.825231 0.869901 0.370464 0.454729 0.821495 0.909602 0.763015 0.799540 0.722514 0.918306 0.802881 0.980509 0.542702 0.614729 0.405163 0.451523 0.463496 0.477971 0.507056 0.610226 0.926338 0.963472 0.834099 0.617238 0.838359 0.718671 0.812072 0.708991 0.992102 0.913675 0.963066 0.775261 0.965201 0.995982 0.850140 0.960453 0.863446 0.657253 0.919071 0.709172 0.962882 0.942930 0.890542 0.761220 0.992128 0.936460 0.993253 0.763725 0.939341 0.893140
0.352469 0.000000 0.709413 0.568929 0.847680 0.908664 0.763027 0.560406 0.974067 0.918503 0.583797 0.410656 0.690387 0.492225 0.817344 0.686577 0.523401 0.448462 0.468461 0.393501 0.897584 0.982609 0.828920 0.803470 0.843518 0.815158 0.970521 0.860738 0.626485 0.681110 0.840191 0.836459 0.559856 0.539776 0.914633 0.976621 0.651657 0.595371 0.738114 0.863588 0.882705 0.686497 0.824662 0.640878 0.887805 0.792079 0.719069 0.704310 0.759765 0.716077 0.831729 0.791608 0.873847 0.967414 0.795504 0.768742 0.272881 0.261610 0.776703 0.776022 0.727296 0.623934 0.718620 0.553378 0.903147 0.922318 0.839049 0.879342 0.496399 0.447915 0.757103 0.820899 0.885718 0.928475 0.860247 0.962876 0.666499 0.981239 0.527655 0.636175 0.441463 0.499742 0.589817 0.485138 0.547672 0.704890 0.972502 0.898573 0.858045 0.636572 0.950097 0.930257 0.974191 0.919644 0.860093 0.949702 0.882235 0.821167 0.872344 0.874196 0.894574 0.992504 0.834396 0.725305 0.943201 0.795760 0.846524 0.806280 0.945119 0.661699 0.796249 0.943756 0.837781 0.603361 0.963683 0.953580
0.772134 0.709413 0.000000 0.511431 0.985608 0.814489 0.862809 0.751213 0.636051 0.991821 0.974071 0.741481 0.568735 0.731335 0.550582 0.517088 0.938127 0.977847 0.804943 0.734341 0.804569 0.915727 0.506816 0.606359 0.498869 0.558487 0.692131 0.918575 0.956952 0.913863 0.594123 0.668793 0.848503 0.894487 0.682812 0.893949 0.611286 0.791058 0.728123 0.711432 0.948835 0.845144 0.839397 0.816878 0.937964 0.991464 0.779039 0.813967 0.927188 0.927106 0.992873 0.880287 0.993666 0.970618 0.798481 0.946713 0.828211 0.782515 0.976656 0.915306 0.772432 0.549289 0.847658 0.958645 0.464841 0.558996 0.986207 0.902830 0.765753 0.843144 0.650604 0.739367 0.770020 0.829480 0.952673 0.963387 0.652546 0.843352 0.959315 0.783668 0.988045 0.872258 0.842809 0.851409 0.668164 0.614833 0.950253 0.769473 0.740756 0.703157 0.956805 0.960185 0.905758 0.907046 0.803773 0.834319 0.728664 0.962512 0.938830 0.855181 0.650639 0.942220 0.996111 0.934102 0.979572 0.832942 0.837345 0.915259 0.805849 0.916964 0.961599 0.919874 0.911995 0.873196 0.645403 0.905872
0.653263 0.568929 0.511431 0.000000 0.959866 0.911817 0.890072 0.507918 0.879218 0.993351 0.941137 0.545012 0.646464 0.576137 0.676537 0.521102 0.917043 0.843879 0.734083 0.708202 0.630297 0.823045 0.582586 0.481038 0.471071 0.509205 0.658522 0.922810 0.953879 0.928490 0.674535 0.686850 0.775078 0.844588 0.832029 0.888759 0.579431 0.674777 0.586526 0.767574 0.995557 0.716133 0.990829 0.832287 0.755164 0.866065 0.971340 0.935831 0.789926 0.951392 0.893658 0.956203 0.902069 0.856042 0.874833 0.890801 0.664439 0.610681 0.967378 0.938076 0.888885 0.612515 0.977273 0.854942 0.562650 0.634360 0.973440 0.973007 0.630823 0.715129 0.765035 0.775803 0.940483 0.970564 0.930580 0.966456 0.698753 0.965104 0.833320 0.938348 0.903159 0.832126 0.758992 0.750908 0.760472 0.567281 0.974659 0.857202 0.713364 0.544452 0.892159 0.771017 0.961965 0.857794 0.859401 0.854227 0.925099 0.924214 0.914755 0.985103 0.745759 0.856066 0.891686 0.956371 0.827628 0.788784 0.864691 0.978901 0.897481 0.878584 0.920878 0.786329 0.942412 0.836467 0.785628 0.939209
0.923645 0.847680 0.985608 0.959866 0.000000 0.882004 0.747113 0.899049 0.955407 0.946123 0.877928 0.961097 0.817876 0.999181 0.917391 0.983265 0.990837 0.983195 0.930339 0.857272 0.978626 0.998404 0.840535 0.939142 0.960503 0.934609 0.918523 0.872644 0.952644 0.887785 0.770389 0.977041 0.951635 0.855573 0.841403 0.782014 0.924064 0.809709 0.976908 0.883163 0.823820 0.771019 0.942768 0.955942 0.987464 0.962722 0.985594 0.990580 0.934900 0.937470 0.969239 0.987078 0.975850 0.931867 0.896071 0.923188 0.774662 0.839504 0.820686 0.838131 0.753289 0.944583 0.852507 0.920525 0.977210 0.806283 0.776548 0.711534 0.956219 0.766307 0.860265 0.927067 0.877166 0.791254 0.973642 0.955468 0.990816 0.719397 0.878508 0.944133 0.908979 0.871641 0.992829 0.941010 0.976789 0.934152 0.949444 0.910631 0.824747 0.919702 0.970193 0.960266 0.962934 0.902470 0.941784 0.861092 0.929227 0.998509 0.930157 0.827568 0.870934 0.826937 0.897000 0.899593 0.779481 0.700617 0.927814 0.984876 0.850117 0.907389 0.913642 0.923670 0.995014 0.796417 0.744104 0.958771
0.997856 0.908664 0.814489 0.911817 0.882004 0.000000 0.886055 0.957733 0.851936 0.995998 0.895982 0.999317 0.838773 0.954633 0.768475 0.756745 0.816410 0.801268 0.828117 0.970041 0.968476 0.828959 0.888566 0.788607 0.777873 0.730732 0.753087 0.711552 0.828643 0.954581 0.858631 0.997465 0.909943 0.803057 0.973633 0.966331 0.810183 0.997592 0.877554 0.843394 0.843222 0.842234 0.998887 0.952430 0.819772 0.826044 0.907160 0.859384 0.827541 0.891142 0.826641 0.916947 0.993887 0.923211 0.802371 0.987463 0.739430 0.851911 0.837082 0.978664 0.984382 0.798034 0.787217 0.844449 0.777077 0.750200 0.827152 0.911620 0.946196 0.960238 0.797081 0.831077 0.746609 0.828828 0.884700 0.932711 0.964081 0.940012 0.916750 0.869498 0.903456 0.973304 0.976827 0.908599 0.889849 0.890534 0.908263 0.881455 0.817265 0.895285 0.980539 0.951979 0.965304 0.881593 0.951570 0.943867 0.808363 0.918420 0.963684 0.963921 0.964116 0.942097 0.968703 0.838099 0.967820 0.952470 0.999998 0.961110 0.849532 0.880056 0.993449 0.956447 0.858768 0.868345 0.994937 0.850979
0.874237 0.763027 0.862809 0.890072 0.747113 0.886055 0.000000 0.365764 0.804906 0.440450 0.795273 0.736983 0.760613 0.997396 0.961368 0.895275 0.712728 0.743908 0.570494 0.963505 0.786386 0.995239 0.800040 0.688541 0.668865 0.770423 0.773512 0.526156 0.716616 0.803245 0.660274 0.894560 0.571647 0.435010 0.865164 0.848443 0.849396 0.730665 0.736976 0.769444 0.879831 0.956284 0.461802 0.452720 0.479495 0.468208 0.561071 0.523408 0.500181 0.497475 0.495656 0.487057 0.643250 0.640826 0.917581 0.776707 0.749683 0.705492 0.385007 0.488645 0.370809 0.739339 0.490243 0.502821 0.775838 0.830163 0.322633 0.394487 0.950203 0.967679 0.688212 0.750335 0.970670 0.959847 0.994600 0.873634 0.579883 0.906854 0.663214 0.921272 0.870908 0.863065 0.960681 0.960866 0.966993 0.762176 0.978183 0.737028 0.942221 0.934741 0.664972 0.644200 0.693842 0.724037 0.776579 0.941505 0.753539 0.650394 0.407872 0.429047 0.672585 0.619860 0.553244 0.588758 0.752462 0.724192 0.809958 0.661904 0.875838 0.808363 0.548900 0.590570 0.485746 0.716451 0.586945 0.964449
0.683826 0.560406 0.751213 0.507918 0.899049 0.957733 0.365764 0.000000 0.851903 0.522363 0.830301 0.497413 0.619674 0.715606 0.834829 0.778921 0.691651 0.688510 0.536680 0.793786 0.991490 0.867251 0.673530 0.932907 0.978085 0.960726 0.984768 0.696942 0.825624 0.828808 0.601083 0.807802 0.550409 0.483385 0.849987 0.910578 0.905717 0.991589 0.933526 0.896846 0.921833 0.850859 0.587274 0.467119 0.713865 0.643553 0.626944 0.620671 0.708326 0.612078 0.641321 0.620151 0.722744 0.748640 0.872214 0.714275 0.608034 0.545440 0.529647 0.582746 0.443300 0.537079 0.601685 0.504376 0.968810 0.936944 0.488775 0.553204 0.872756 0.799089 0.618577 0.684440 0.984212 0.976713 0.905900 0.943295 0.556318 0.959257 0.580898 0.912898 0.831844 0.984962 0.870518 0.916075 0.878183 0.933978 0.968486 0.731374 0.850365 0.774913 0.762628 0.850640 0.736057 0.884392 0.783281 0.943296 0.732069 0.660976 0.583202 0.550146 0.844081 0.837290 0.718645 0.637955 0.690670 0.759002 0.789842 0.712256 0.857303 0.752851 0.600672 0.797094 0.583273 0.718420 0.663969 0.944735
0.834991 0.974067 0.636051 0.879218 0.955407 0.851936 0.804906 0.851903 0.000000 0.667635 0.862466 0.990591 0.889556 0.925517 0.712741 0.825566 0.763750 0.759189 0.926277 0.925061 0.986627 0.867430 0.713247 0.975384 0.864751 0.789233 0.978128 0.831484 0.963355 0.838526 0.642013 0.848772 0.912954 0.970568 0.756472 0.887306 0.849916 0.962884 0.953878 0.933503 0.989465 0.947866 0.566128 0.727359 0.816847 0.859637 0.763258 0.914453 0.884591 0.842992 0.825239 0.804726 0.802130 0.758820 0.993378 0.976219 0.917633 0.933107 0.917255 0.963884 0.840625 0.630217 0.785541 0.846557 0.762628 0.824672 0.993727 0.965973 0.865530 0.733257 0.551429 0.599346 0.766158 0.784694 0.852250 0.820122 0.696826 0.703245 0.977814 0.946873 0.800309 0.843894 0.743210 0.806408 0.971537 0.887704 0.785237 0.716887 0.959258 0.930742 0.614226 0.632682 0.724348 0.738817 0.885645 0.798811 0.791529 0.998277 0.662045 0.635101 0.996221 0.806109 0.891454 0.907860 0.877666 0.921328 0.717003 0.854881 0.917283 0.945461 0.879201 0.925930 0.726342 0.863580 0.812589 0.661553
0.983186 0.918503 0.991821 0.993351 0.946123 0.995998 0.440450 0.522363 0.667635 0.000000 0.911129 0.869811 0.887821 0.905321 0.964818 0.934837 0.886195 0.957678 0.781695 0.867865 0.894951 0.932213 0.913967 0.671972 0.681021 0.814778 0.663007 0.583603 0.878426 0.985378 0.625588 0.791723 0.661570 0.683704 0.932523 0.979703 0.839390 0.680443 0.758161 0.774229 0.990235 0.945340 0.444328 0.493632 0.496420 0.470108 0.564915 0.700414 0.504093 0.545923 0.493799 0.506634 0.541078 0.594966 0.996183 0.896618 0.878895 0.870363 0.579047 0.656971 0.530163 0.705686 0.691031 0.662903 0.746654 0.719208 0.549822 0.628336 0.853881 0.866412 0.651549 0.675670 0.973572 0.913657 0.915424 0.785950 0.596769 0.860867 0.712582 0.999617 0.994894 0.662935 0.747753 0.684265 0.769239 0.583473 0.810009 0.507291 0.825107 0.765115 0.627907 0.602768 0.672502 0.719034 0.923751 0.993334 0.673912 0.707985 0.417270 0.548064 0.684793 0.686630 0.581683 0.675984 0.796178 0.898281 0.891666 0.708408 0.903484 0.793964 0.616733 0.699914 0.535106 0.805890 0.794179 0.933446
0.452056 0.583797 0.974071 0.941137 0.877928 0.895982 0.795273 0.830301 0.862466 0.911129 0.000000 0.537582 0.737419 0.687821 0.893270 0.898092 0.400218 0.366393 0.579557 0.451796 0.962363 0.902430 0.959141 0.924594 0.948417 0.932138 0.929687 0.848261 0.459080 0.405477 0.802815 0.821747 0.576031 0.545093 0.944680 0.948962 0.973473 0.878040 0.980298 0.968590 0.810088 0.692039 0.885397 0.929177 0.945743 0.988178 0.846302 0.853804 0.941604 0.997766 0.908599 0.948718 0.834892 0.805741 0.875113 0.979010 0.528928 0.529979 0.744314 0.717823 0.723017 0.915370 0.488179 0.440694 0.773672 0.868543 0.850689 0.878976 0.459930 0.608962 0.916240 0.977179 0.751788 0.707063 0.846248 0.880220 0.868656 0.766351 0.639716 0.852870 0.554133 0.704152 0.658342 0.611860 0.812949 0.921501 0.961438 0.967839 0.871075 0.972200 0.788917 0.726081 0.697326 0.761837 0.931584 0.865783 0.937591 0.784281 0.985445 0.964977 0.989128 0.947240 0.818235 0.632330 0.915913 0.629966 0.940183 0.931065 0.954075 0.853150 0.958121 0.950161 0.942618 0.892454 0.979003 0.848240
0.370312 0.410656 0.741481 0.545012 0.961097 0.999317 0.736983 0.497413 0.990591 0.869811 0.537582 0.000000 0.448878 0.355975 0.621984 0.503771 0.468613 0.394239 0.430820 0.410972 0.830180 0.938912 0.597221 0.729972 0.819551 0.873261 0.941882 0.823318 0.576571 0.495132 0.659791 0.652860 0.475090 0.519114 0.979760 0.989072 0.666628 0.701523 0.795724 0.959708 0.821435 0.710810 0.897362 0.709331 0.975329 0.953849 0.733276 0.776038 0.955640 0.940902 0.960005 0.929345 0.997338 0.984245 0.787566 0.803423 0.464104 0.416693 0.746869 0.786181 0.577737 0.556944 0.574741 0.419785 0.952462 0.866847 0.788536 0.830248 0.457614 0.560618 0.647202 0.673025 0.691844 0.768759 0.802980 0.986504 0.706033 0.880704 0.467901 0.735612 0.489020 0.561684 0.541597 0.542243 0.588961 0.692615 0.982831 0.902407 0.810549 0.649357 0.984896 0.805923 0.938149 0.827295 0.967350 0.897754 0.906766 0.763594 0.877340 0.879136 0.953168 0.953567 0.875707 0.617523 0.766606 0.667275 0.945864 0.818475 0.863494 0.736404 0.935436 0.948268 0.884473 0.800709 0.832438 0.908715
0.568965 0.690387 0.568735 0.646464 0.817876 0.838773 0.760613 0.619674 0.889556 0.887821 0.737419 0.448878 0.000000 0.464092 0.416242 0.427506 0.727120 0.678514 0.616745 0.611448 0.798383 0.958421 0.433137 0.667092 0.721466 0.814781 0.888948 0.846079 0.690827 0.608558 0.521907 0.669857 0.571246 0.625474 0.844409 0.986362 0.752705 0.903780 0.796740 0.941415 0.959607 0.883527 0.824673 0.761367 0.965931 0.918240 0.694720 0.721201 0.986551 0.904473 0.920157 0.813890 0.911520 0.911866 0.772096 0.834962 0.799783 0.706810 0.778291 0.784652 0.497347 0.498819 0.735232 0.645383 0.725848 0.695647 0.786431 0.720640 0.626177 0.733453 0.594586 0.685534 0.637950 0.709663 0.835731 0.957312 0.721701 0.804871 0.683691 0.681399 0.717913 0.713208 0.727334 0.721387 0.561177 0.615995 0.881180 0.898692 0.647822 0.647764 0.960496 0.901455 0.893308 0.837131 0.958225 0.830246 0.726371 0.834958 0.843053 0.815935 0.903582 0.835863 0.882801 0.697941 0.800863 0.713179 0.953358 0.963867 0.675925 0.879308 0.902378 0.966753 0.913216 0.877036 0.650888 0.987486
0.434170 0.492225 0.731335 0.576137 0.999181 0.954633 0.997396 0.715606 0.925517 0.905321 0.687821 0.355975 0.464092 0.000000 0.579846 0.395908 0.565551 0.497079 0.576779 0.440660 0.788405 0.963160 0.609078 0.557976 0.638058 0.736531 0.940740 0.984235 0.690441 0.545019 0.764256 0.671026 0.573611 0.761392 0.939151 0.958766 0.577726 0.550178 0.632633 0.740365 0.890261 0.690902 0.963212 0.886093 0.863268 0.901132 0.910152 0.946914 0.889004 0.945198 0.959966 0.972230 0.975136 0.998140 0.780320 0.827946 0.582257 0.535171 0.996877 0.989998 0.774558 0.552349 0.787545 0.626576 0.808452 0.747972 0.997260 0.994262 0.504912 0.547137 0.659394 0.727848 0.655406 0.825338 0.753527 0.821117 0.848797 0.907995 0.642086 0.738562 0.484176 0.486212 0.469475 0.481887 0.487322 0.499812 0.824672 0.962162 0.634881 0.549172 0.924357 0.744841 0.873531 0.761940 0.992840 0.869307 0.924666 0.883178 0.952577 0.945583 0.823323 0.988921 0.968220 0.697470 0.913405 0.799047 0.976147 0.923123 0.851802 0.833838 0.995861 0.943964 0.910837 0.856603 0.974895 0.908472
0.718259 0.817344 0.550582 0.676537 0.917391 0.768475 0.961368 0.834829 0.712741 0.964818 0.893270 0.621984 0.416242 0.579846 0.000000 0.391675 0.872440 0.854594 0.707820 0.705133 0.740810 0.889201 0.414690 0.610981 0.663110 0.813152 0.872286 0.970263 0.732656 0.645492 0.495743 0.609622 0.635437 0.824812 0.824281 0.927926 0.666111 0.906173 0.809545 0.810230 0.922066 0.948853 0.864223 0.831825 0.930599 0.958040 0.759153 0.768311 0.905657 0.952950 0.971087 0.902549 0.994756 0.976481 0.813651 0.917401 0.907951 0.859567 0.964704 0.921412 0.678413 0.621188 0.900486 0.817281 0.652142 0.669003 0.972633 0.898233 0.692113 0.888492 0.578231 0.689227 0.632947 0.801863 0.832708 0.910700 0.785975 0.707594 0.799382 0.712948 0.762165 0.759672 0.737391 0.828070 0.565556 0.643120 0.987503 0.936787 0.731710 0.809598 0.909500 0.835025 0.762891 0.776925 0.943014 0.987617 0.881378 0.941037 0.968517 0.921239 0.749109 0.944405 0.980431 0.858323 0.918527 0.686828 0.932291 0.990709 0.697038 0.873094 0.971935 0.855757 0.895112 0.940036 0.669833 0.982566
0.631224 0.686577 0.517088 0.521102 0.983265 0.756745 0.895275 0.778921 0.825566 0.934837 0.898092 0.503771 0.427506 0.395908 0.391675 0.000000 0.902333 0.834073 0.723063 0.604146 0.708931 0.927288 0.402024 0.405822 0.469124 0.599399 0.769957 0.955865 0.873357 0.727075 0.582512 0.579512 0.728365 0.933564 0.809889 0.913942 0.535120 0.654524 0.557738 0.731390 0.988269 0.760445 0.974388 0.918261 0.797686 0.850132 0.848935 0.952884 0.758097 0.847603 0.869394 0.967855 0.969800 0.953841 0.768610 0.927599 0.818139 0.795329 0.876780 0.947339 0.798618 0.482809 0.930669 0.904923 0.514260 0.497108 0.897111 0.997578 0.657612 0.696549 0.574553 0.694926 0.560934 0.794134 0.846748 0.882876 0.885431 0.865275 0.815986 0.764284 0.789420 0.665588 0.599229 0.684589 0.496137 0.436333 0.929838 0.951249 0.674768 0.580731 0.886891 0.747635 0.810925 0.724343 0.972419 0.978622 0.873109 0.986982 0.912653 0.973436 0.654082 0.968585 0.860186 0.947249 0.985651 0.839604 0.967582 0.950563 0.814896 0.883352 0.939196 0.760338 0.882287 0.986211 0.818555 0.933744
0.435535 0.523401 0.938127 0.917043 0.990837 0.816410 0.712728 0.691651 0.763750 0.886195 0.400218 0.468613 0.727120 0.565551 0.872440 0.902333 0.000000 0.257970 0.489139 0.456184 0.998866 0.912547 0.991802 0.875370 0.811010 0.750428 0.850245 0.813886 0.392248 0.335799 0.882322 0.864795 0.458910 0.466026 0.863717 0.909375 0.906896 0.893976 0.982184 0.971407 0.788969 0.745015 0.991186 0.736890 0.864230 0.814490 0.748483 0.733834 0.757298 0.779351 0.855283 0.822428 0.934224 0.983462 0.892444 0.782779 0.428703 0.411444 0.610481 0.741402 0.619368 0.916694 0.344039 0.290516 0.658273 0.745489 0.672665 0.793994 0.512573 0.585848 0.888323 0.969228 0.836758 0.857864 0.802308 0.949387 0.847214 0.936702 0.467358 0.749607 0.376566 0.656337 0.594575 0.607912 0.755796 0.929060 0.997227 0.980197 0.949437 0.920040 0.909084 0.794299 0.832584 0.798173 0.939188 0.743524 0.987194 0.717106 0.858828 0.930502 0.933869 0.994418 0.753965 0.479960 0.852209 0.709307 0.994175 0.811811 0.908398 0.745731 0.981046 0.874463 0.846265 0.818388 0.955650 0.780378
0.368038 0.448462 0.977847 0.843879 0.983195 0.801268 0.743908 0.688510 0.759189 0.957678 0.366393 0.394239 0.678514 0.497079 0.854594 0.834073 0.257970 0.000000 0.400393 0.375757 0.975911 0.885866 0.890106 0.999201 0.900133 0.851958 0.898252 0.834795 0.392732 0.349869 0.875509 0.817111 0.443054 0.410614 0.894201 0.964238 0.882611 0.802797 0.956020 0.925787 0.836240 0.706839 0.979327 0.760698 0.927181 0.862099 0.797657 0.728208 0.826241 0.880328 0.933651 0.920791 0.974247 0.927517 0.922913 0.826154 0.373831 0.373443 0.621234 0.738543 0.642174 0.878190 0.371533 0.313302 0.754414 0.852581 0.704841 0.784644 0.463621 0.546326 0.895269 0.969479 0.816896 0.857631 0.773415 0.931961 0.909865 0.919053 0.468260 0.754553 0.357579 0.541471 0.524785 0.463654 0.680205 0.825821 0.934315 0.963379 0.987150 0.829207 0.863809 0.719900 0.777984 0.742953 0.958009 0.859613 0.917784 0.727725 0.926029 0.961340 0.996477 0.995400 0.814909 0.512242 0.849081 0.663414 0.959577 0.831025 0.969221 0.811172 0.946422 0.915676 0.912330 0.755851 0.950647 0.805334
0.512840 0.468461 0.804943 0.734083 0.930339 0.828117 0.570494 0.536680 0.926277 0.781695 0.579557 0.430820 0.616745 0.576779 0.707820 0.723063 0.489139 0.400393 0.000000 0.492630 0.975910 0.954152 0.598230 0.947448 0.973193 0.886467 0.881460 0.707468 0.469442 0.501667 0.656732 0.671652 0.403460 0.382485 0.918476 0.913246 0.797049 0.891603 0.999434 0.971579 0.977275 0.840143 0.638220 0.528189 0.721290 0.662985 0.543652 0.531010 0.685848 0.741727 0.751769 0.708490 0.893937 0.906978 0.974325 0.875460 0.434499 0.453578 0.535334 0.616385 0.479609 0.674148 0.480962 0.402446 0.926757 0.973700 0.578281 0.554915 0.683350 0.721770 0.723349 0.792918 0.871257 0.857226 0.849069 0.971148 0.758303 0.847839 0.507290 0.772282 0.540994 0.702613 0.677392 0.581039 0.634750 0.816644 0.949365 0.880179 0.941683 0.839430 0.986854 0.888770 0.879551 0.839876 0.883538 0.915835 0.993154 0.684119 0.717406 0.683236 0.967303 0.875237 0.758233 0.542530 0.864850 0.640667 0.964658 0.844398 0.871901 0.735680 0.815725 0.843663 0.740806 0.611825 0.742654 0.944139
0.359588 0.393501 0.734341 0.708202 0.857272 0.970041 0.963505 0.793786 0.925061 0.867865 0.451796 0.410972 0.611448 0.440660 0.705133 0.604146 0.456184 0.375757 0.492630 0.000000 0.847032 0.947760 0.751575 0.701522 0.799351 0.858120 0.854767 0.914571 0.529992 0.485495 0.816465 0.802983 0.607970 0.622541 0.967377 0.991859 0.656870 0.599152 0.769018 0.781430 0.808063 0.629704 0.930164 0.890521 0.880539 0.936103 0.847611 0.839603 0.967043 0.978621 0.886440 0.927450 0.852530 0.775509 0.831653 0.906109 0.424280 0.406947 0.879970 0.861709 0.803665 0.714901 0.688246 0.560830 0.919660 0.862750 0.964820 0.951376 0.404005 0.437989 0.862669 0.935907 0.668769 0.795045 0.744942 0.845763 0.832346 0.926148 0.618057 0.683385 0.453631 0.427756 0.532636 0.390685 0.515479 0.612325 0.947278 0.945855 0.873472 0.656353 0.828910 0.664494 0.744064 0.699299 0.930103 0.901773 0.942912 0.821568 0.904331 0.947225 0.796015 0.915503 0.994968 0.743736 0.974135 0.752360 0.960374 0.949818 0.890182 0.767850 0.987748 0.886187 0.922192 0.799821 0.986753 0.858354
0.829294 0.897584 0.804569 0.630297 0.978626 0.968476 0.786386 0.991490 0.986627 0.894951 0.962363 0.830180 0.798383 0.788405 0.740810 0.708931 0.998866 0.975911 0.975910 0.847032 0.000000 0.893003 0.756684 0.643489 0.678015 0.807821 0.897224 0.892598 0.991387 0.948231 0.827740 0.709095 0.921704 0.987446 0.885197 0.909674 0.753726 0.872938 0.750176 0.837678 0.852419 0.864482 0.802792 0.954781 0.748630 0.802814 0.886512 0.920332 0.739951 0.785666 0.795735 0.830388 0.818704 0.819700 0.938394 0.854927 0.916473 0.876065 0.804711 0.850142 0.878039 0.934142 0.912543 0.977692 0.778512 0.817844 0.772871 0.738730 0.740711 0.882522 0.945614 0.981783 0.989655 0.937835 0.947461 0.900052 0.885127 0.888603 0.978621 0.979278 0.988780 0.892388 0.835092 0.904956 0.903518 0.719996 0.915861 0.918413 0.844368 0.756238 0.814321 0.710474 0.806181 0.788804 0.999806 0.897065 0.921870 0.898037 0.779392 0.858580 0.729309 0.850144 0.790537 0.931623 0.989933 0.973093 0.977653 0.890772 0.945234 0.941563 0.814553 0.644610 0.707830 0.972986 0.877437 0.974644
0.935831 0.982609 0.915727 0.823045 0.998404 0.828959 0.995239 0.867251 0.867430 0.932213 0.902430 0.938912 0.958421 0.963160 0.889201 0.927288 0.912547 0.885866 0.954152 0.947760 0.893003 0.000000 0.988414 0.940787 0.985554 0.939058 0.884709 0.928765 0.828267 0.945801 0.875487 0.952115 0.964143 0.916310 0.851393 0.914941 0.908958 0.953366 0.850041 0.802357 0.876541 0.891470 0.959042 0.858736 0.980995 0.962933 0.948373 0.988532 0.978282 0.911494 0.903849 0.919171 0.898904 0.886988 0.849957 0.868795 0.975152 0.999603 0.920676 0.944557 0.964293 0.970115 0.966631 0.929363 0.932316 0.991455 0.923514 0.941949 0.918136 0.982989 0.997257 0.936783 0.877003 0.810979 0.914221 0.954690 0.960706 0.933063 0.993205 0.959671 0.916594 0.939715 0.992940 0.972492 0.992150 0.986763 0.894008 0.987393 0.963647 0.984999 0.916862 0.964461 0.917632 0.992709 0.997124 0.996853 0.803101 0.962768 0.971085 0.899699 0.949233 0.954726 0.981571 0.909602 0.936559 0.955553 0.885064 0.840886 0.971942 0.930594 0.996451 0.870300 0.976534 0.924214 0.913356 0.955651
0.807955 0.828920 0.506816 0.582586 0.840535 0.888566 0.800040 0.673530 0.713247 0.913967 0.959141 0.597221 0.433137 0.609078 0.414690 0.402024 0.991802 0.890106 0.598230 0.751575 0.756684 0.988414 0.000000 0.562477 0.626793 0.759605 0.882565 0.868670 0.816080 0.762025 0.424033 0.486306 0.672411 0.795133 0.846685 0.928003 0.754812 0.876054 0.859659 0.947607 0.952340 0.929073 0.750545 0.766909 0.968664 0.986876 0.719420 0.787486 0.868428 0.882109 0.972555 0.941088 0.979479 0.987100 0.967418 0.998727 0.917037 0.903453 0.901806 0.892544 0.619001 0.519019 0.938691 0.844115 0.600816 0.540701 0.856516 0.756797 0.841055 0.913201 0.587253 0.639341 0.627273 0.840144 0.909510 0.959850 0.804683 0.781518 0.836752 0.828076 0.916508 0.841460 0.732806 0.785524 0.603775 0.617166 0.971648 0.929504 0.723166 0.677556 0.943088 0.854351 0.848228 0.886824 0.844686 0.956028 0.874917 0.862042 0.901342 0.801840 0.834046 0.906675 0.946498 0.902794 0.855935 0.719539 0.967026 0.956837 0.747628 0.955708 0.882915 0.896982 0.937636 0.908559 0.531046 0.974620
0.745070 0.803470 0.606359 0.481038 0.939142 0.788607 0.688541 0.932907 0.975384 0.671972 0.924594 0.729972 0.667092 0.557976 0.610981 0.405822 0.875370 0.999201 0.947448 0.701522 0.643489 0.940787 0.562477 0.000000 0.346449 0.463948 0.573754 0.766345 0.878543 0.987470 0.856515 0.775676 0.963661 0.866677 0.808377 0.898039 0.617134 0.561115 0.506112 0.605509 0.988507 0.787785 0.800558 0.876531 0.589891 0.641981 0.872277 0.908846 0.552462 0.669466 0.662076 0.721089 0.779962 0.718676 0.937011 0.997998 0.925172 0.907553 0.723789 0.873955 0.885873 0.666490 0.721673 0.844533 0.427813 0.400634 0.747059 0.828334 0.728332 0.733493 0.858624 0.906154 0.832968 0.908465 0.826960 0.867981 0.994673 0.993575 0.930454 0.891691 0.987319 0.695801 0.672669 0.715099 0.606193 0.351017 0.900398 0.839199 0.563682 0.451808 0.758438 0.627272 0.781212 0.746889 0.976721 0.928667 0.996920 0.895446 0.674104 0.806011 0.596899 0.765179 0.707702 0.854358 0.985272 0.938657 0.916649 0.793376 0.927801 0.970098 0.913034 0.619529 0.675301 0.975517 0.919486 0.936098
0.825024 0.843518 0.498869 0.471071 0.960503 0.777873 0.668865 0.978085 0.864751 0.681021 0.948417 0.819551 0.721466 0.638058 0.663110 0.469124 0.811010 0.900133 0.973193 0.799351 0.678015 0.985554 0.626793 0.346449 0.000000 0.351810 0.598509 0.677907 0.830933 0.950888 0.792122 0.724971 0.899433 0.799544 0.852814 0.868783 0.582805 0.555960 0.483175 0.619471 0.956039 0.776695 0.759748 0.808818 0.519016 0.564007 0.842121 0.818452 0.491646 0.636465 0.596811 0.674979 0.736077 0.710883 0.913068 0.889970 0.962922 0.963923 0.630733 0.849920 0.839424 0.674026 0.598152 0.756932 0.356456 0.386789 0.648244 0.754629 0.694486 0.817879 0.825833 0.906511 0.752663 0.787559 0.960898 0.889307 0.916363 0.878549 0.814173 0.949213 0.920166 0.828437 0.784381 0.811059 0.700497 0.392994 0.938045 0.998560 0.617444 0.576970 0.704787 0.659653 0.744584 0.760144 0.943951 0.898725 0.974305 0.854574 0.655561 0.743376 0.570034 0.780426 0.727550 0.777404 0.933135 0.905118 0.937274 0.739821 0.889172 0.980273 0.871859 0.549912 0.788075 0.909465 0.911466 0.945641
0.857565 0.815158 0.558487 0.509205 0.934609 0.730732 0.770423 0.960726 0.789233 0.814778 0.932138 0.873261 0.814781 0.736531 0.813152 0.599399 0.750428 0.851958 0.886467 0.858120 0.807821 0.939058 0.759605 0.463948 0.351810 0.000000 0.662102 0.753420 0.782893 0.825521 0.889535 0.895225 0.843512 0.766862 0.769963 0.791664 0.650276 0.544081 0.513982 0.770002 0.958811 0.727235 0.846481 0.822225 0.608830 0.638786 0.804841 0.784473 0.615921 0.763557 0.699739 0.739832 0.839684 0.802357 0.922151 0.971888 0.990278 0.937805 0.611943 0.829981 0.815787 0.682894 0.582491 0.724577 0.422300 0.521182 0.654881 0.718381 0.755836 0.830517 0.791556 0.838565 0.819569 0.849296 0.907842 0.945387 0.886449 0.979630 0.813977 0.923732 0.911351 0.850390 0.907156 0.857990 0.779794 0.564275 0.948962 0.953964 0.652723 0.602824 0.903564 0.873688 0.970989 0.993270 0.909435 0.859829 0.878904 0.834659 0.790524 0.803720 0.720003 0.940979 0.852360 0.805305 0.981175 0.950422 0.908413 0.885315 0.923574 0.983670 0.972654 0.692788 0.886222 0.927399 0.964882 0.913410
0.961053 0.970521 0.692131 0.658522 0.918523 0.753087 0.773512 0.984768 0.978128 0.663007 0.929687 0.941882 0.888948 0.940740 0.872286 0.769957 0.850245 0.898252 0.881460 0.854767 0.897224 0.884709 0.882565 0.573754 0.598509 0.662102 0.000000 0.654109 0.819881 0.907256 0.968914 0.948382 0.804410 0.862878 0.940968 0.968627 0.727959 0.721803 0.768824 0.782163 0.930845 0.878990 0.759647 0.862886 0.620206 0.652187 0.868045 0.916184 0.662604 0.766397 0.669384 0.746946 0.715836 0.721465 0.950939 0.957750 0.959545 0.983194 0.776937 0.900504 0.809592 0.923746 0.742878 0.833618 0.642548 0.670503 0.749312 0.786361 0.868886 0.780789 0.969993 0.986172 0.962319 0.981030 0.874732 0.894429 0.947005 0.947283 0.860834 0.971350 0.801126 0.907876 0.862378 0.840526 0.923155 0.645525 0.988272 0.852432 0.817484 0.645082 0.810154 0.813632 0.864718 0.949866 0.818361 0.930115 0.957621 0.935132 0.737624 0.881326 0.777483 0.833049 0.869120 0.765468 0.974714 0.952145 0.905025 0.816548 0.881970 0.930255 0.972514 0.715121 0.844015 0.870646 0.997913 0.918508
0.928684 0.860738 0.918575 0.922810 0.872644 0.711552 0.526156 0.696942 0.831484 0.583603 0.848261 0.823318 0.846079 0.984235 0.970263 0.955865 0.813886 0.834795 0.707468 0.914571 0.892598 0.928765 0.868670 0.766345 0.677907 0.753420 0.654109 0.000000 0.763016 0.854338 0.854185 0.928663 0.687423 0.651446 0.762562 0.965590 0.855774 0.790592 0.739027 0.818857 0.945502 0.850316 0.632459 0.663033 0.580893 0.568442 0.601664 0.671977 0.583009 0.616545 0.606480 0.601797 0.770152 0.769995 0.908255 0.891718 0.795143 0.808858 0.562193 0.638012 0.542830 0.819485 0.637771 0.716193 0.855247 0.870744 0.558385 0.588240 0.906650 0.900135 0.879799 0.938820 0.993228 0.994533 0.907855 0.890028 0.731282 0.894165 0.868753 0.802288 0.887870 0.931409 0.904453 0.976805 0.983858 0.799326 0.958908 0.753679 0.870101 0.805433 0.849003 0.843908 0.905778 0.994831 0.916460 0.822860 0.875782 0.792368 0.621922 0.629115 0.955441 0.773848 0.801340 0.741997 0.885964 0.974640 0.934045 0.902930 0.921950 0.950223 0.841064 0.776069 0.697026 0.850945 0.838635 0.890283
0.543987 0.626485 0.956952 0.953879 0.952644 0.828643 0.716616 0.825624 0.963355 0.878426 0.459080 0.576571 0.690827 0.690441 0.732656 0.873357 0.392248 0.392732 0.469442 0.529992 0.991387 0.828267 0.816080 0.878543 0.830933 0.782893 0.819881 0.763016 0.000000 0.314730 0.744909 0.765914 0.504208 0.463030 0.936771 0.998776 0.997484 0.933954 0.905097 0.958017 0.873534 0.937818 0.884952 0.787803 0.782302 0.783119 0.669460 0.620101 0.744084 0.814599 0.819565 0.766131 0.938260 0.952239 0.955154 0.942328 0.555944 0.566958 0.618179 0.664169 0.561620 0.883217 0.421731 0.398077 0.720564 0.847765 0.674015 0.714228 0.588821 0.740699 0.807060 0.963865 0.713944 0.728825 0.842572 0.933838 0.872246 0.850137 0.554396 0.835873 0.475035 0.712902 0.658230 0.698297 0.735896 0.973388 0.945924 0.934710 0.907242 0.997432 0.903247 0.838113 0.764586 0.825057 0.966712 0.853451 0.988710 0.765933 0.820570 0.876405 0.948293 0.906179 0.714900 0.546885 0.881907 0.632973 0.958506 0.842223 0.853138 0.850668 0.959635 0.892936 0.803458 0.798183 0.871589 0.843287
0.490574 0.681110 0.913863 0.928490 0.887785 0.954581 0.803245 0.828808 0.838526 0.985378 0.405477 0.495132 0.608558 0.545019 0.645492 0.727075 0.335799 0.349869 0.501667 0.485495 0.948231 0.945801 0.762025 0.987470 0.950888 0.825521 0.907256 0.854338 0.314730 0.000000 0.724746 0.699517 0.491430 0.529519 0.969220 0.957493 0.893424 0.902569 0.999573 0.872635 0.873128 0.820742 0.921032 0.883028 0.998918 0.959357 0.756191 0.757573 0.946421 0.983502 0.990468 0.922944 0.924222 0.919326 0.830030 0.887611 0.605253 0.597014 0.702791 0.750603 0.590859 0.878355 0.416540 0.383117 0.786639 0.915389 0.745687 0.783139 0.484984 0.698501 0.815114 0.992444 0.662058 0.696889 0.715698 0.864268 0.904714 0.846462 0.585727 0.799355 0.457867 0.683328 0.556982 0.618815 0.713738 0.839408 0.950341 0.971829 0.944761 0.945480 0.752651 0.668680 0.615580 0.672967 0.928551 0.838996 0.954022 0.782792 0.988207 0.996401 0.942370 0.984695 0.852339 0.555551 0.884962 0.605019 0.947740 0.916787 0.836726 0.886674 0.906491 0.960452 0.967354 0.953702 0.866885 0.814245
0.864594 0.840191 0.594123 0.674535 0.770389 0.858631 0.660274 0.601083 0.642013 0.625588 0.802815 0.659791 0.521907 0.764256 0.495743 0.582512 0.882322 0.875509 0.656732 0.816465 0.827740 0.875487 0.424033 0.856515 0.792122 0.889535 0.968914 0.854185 0.744909 0.724746 0.000000 0.460734 0.591966 0.692139 0.976881 0.950824 0.856112 0.979553 0.946646 0.953586 0.972072 0.883945 0.666705 0.667894 0.885954 0.841544 0.665565 0.680878 0.971711 0.950774 0.848762 0.804254 0.862775 0.863611 0.965542 0.958397 0.893579 0.891624 0.816698 0.791038 0.543343 0.562475 0.800662 0.709450 0.833327 0.771861 0.766841 0.672996 0.845879 0.949374 0.545488 0.634965 0.658207 0.767949 0.919271 0.929112 0.685810 0.669750 0.713135 0.959544 0.906638 0.959121 0.897954 0.993242 0.819881 0.876170 0.855007 0.688827 0.886191 0.936422 0.943549 0.998449 0.927015 0.979024 0.906630 0.937960 0.809817 0.804559 0.776792 0.711833 0.996076 0.856727 0.877946 0.784330 0.832868 0.671824 0.765787 0.793216 0.719752 0.972617 0.783340 0.993681 0.820231 0.904566 0.599699 0.955000
0.845072 0.836459 0.668793 0.686850 0.977041 0.997465 0.894560 0.807802 0.848772 0.791723 0.821747 0.652860 0.669857 0.671026 0.609622 0.579512 0.864795 0.817111 0.671652 0.802983 0.709095 0.952115 0.486306 0.775676 0.724971 0.895225 0.948382 0.928663 0.765914 0.699517 0.460734 0.000000 0.617756 0.809848 0.985894 0.852637 0.855240 0.832698 0.936212 0.855319 0.948899 0.820244 0.845586 0.773654 0.986030 0.942939 0.719051 0.901777 0.978782 0.887901 0.957668 0.941463 0.984267 0.993848 0.965903 0.947850 0.784096 0.896752 0.961920 0.993161 0.773402 0.741264 0.849668 0.769630 0.914345 0.891468 0.949083 0.932300 0.787148 0.939465 0.759934 0.712856 0.833021 0.844684 0.970248 0.898301 0.769550 0.734743 0.775130 0.962614 0.853213 0.997181 0.774560 0.866213 0.897098 0.859881 0.806387 0.657831 0.937956 0.928420 0.877708 0.785165 0.754933 0.829156 0.988406 0.997896 0.962418 0.823938 0.964125 0.993571 0.874778 0.949203 0.974342 0.816891 0.977067 0.762939 0.950976 0.884505 0.887156 0.993043 0.917089 0.875491 0.918789 0.887259 0.652659 0.914564
0.506002 0.559856 0.848503 0.775078 0.951635 0.909943 0.571647 0.550409 0.912954 0.661570 0.576031 0.475090 0.571246 0.573611 0.635437 0.728365 0.458910 0.443054 0.403460 0.607970 0.921704 0.964143 0.672411 0.963661 0.899433 0.843512 0.804410 0.687423 0.504208 0.491430 0.591966 0.617756 0.000000 0.419997 0.867426 0.963514 0.888932 0.954470 0.909408 0.989904 0.939461 0.754511 0.706954 0.524633 0.668909 0.610191 0.584927 0.564244 0.642216 0.652236 0.623811 0.586931 0.729055 0.762820 0.859105 0.752365 0.503005 0.506258 0.550734 0.706473 0.429190 0.680455 0.417668 0.373063 0.856902 0.887147 0.561387 0.626030 0.671713 0.746636 0.677840 0.727759 0.826753 0.910161 0.813764 0.900827 0.786958 0.759645 0.462870 0.746337 0.496881 0.750569 0.641215 0.669190 0.708429 0.915547 0.977335 0.789459 0.956778 0.894998 0.905210 0.986857 0.976465 0.912686 0.956135 0.876174 0.954817 0.608193 0.625594 0.676797 0.989789 0.878511 0.723806 0.450824 0.867157 0.673016 0.993477 0.758540 0.911321 0.820193 0.762082 0.808504 0.748201 0.618641 0.675245 0.931297
0.529992 0.539776 0.894487 0.844588 0.855573 0.803057 0.435010 0.483385 0.970568 0.683704 0.545093 0.519114 0.625474 0.761392 0.824812 0.933564 0.466026 0.410614 0.382485 0.622541 0.987446 0.916310 0.795133 0.866677 0.799544 0.766862 0.862878 0.651446 0.463030 0.529519 0.692139 0.809848 0.419997 0.000000 0.983418 0.868063 0.962918 0.953059 0.923112 0.925016 0.946650 0.908640 0.711943 0.529001 0.611186 0.558073 0.558586 0.421795 0.586396 0.627479 0.651739 0.588649 0.831203 0.864958 0.854560 0.762082 0.483226 0.474295 0.369287 0.451738 0.376105 0.782939 0.342531 0.354290 0.827506 0.897881 0.418161 0.454285 0.719917 0.782442 0.863213 0.936016 0.956437 0.902759 0.832024 0.986150 0.735822 0.840154 0.521700 0.792930 0.610898 0.843772 0.746599 0.719369 0.814172 0.953237 0.985663 0.814255 0.991431 0.931368 0.982914 0.983047 0.945073 0.885601 0.884437 0.919611 0.964235 0.604105 0.641831 0.609486 0.881225 0.859442 0.605971 0.486202 0.824576 0.617223 0.947772 0.845562 0.856672 0.822939 0.719188 0.826951 0.745699 0.631191 0.669690 0.871977
0.912467 0.914633 0.682812 0.832029 0.841403 0.973633 0.865164 0.849987 0.756472 0.932523 0.944680 0.979760 0.844409 0.939151 0.824281 0.809889 0.863717 0.894201 0.918476 0.967377 0.885197 0.851393 0.846685 0.808377 0.852814 0.769963 0.940968 0.762562 0.936771 0.969220 0.976881 0.985894 0.867426 0.983418 0.000000 0.932022 0.981099 0.951067 0.972497 0.799650 0.778171 0.927414 0.848112 0.884953 0.882118 0.851647 0.817436 0.780127 0.911434 0.776881 0.838800 0.786577 0.918844 0.907021 0.840382 0.833093 0.919065 0.920096 0.941638 0.801389 0.804994 0.737295 0.939439 0.920195 0.711898 0.785831 0.851310 0.813849 0.952917 0.985603 0.796849 0.986103 0.992268 0.952308 0.985504 0.821168 0.821278 0.999424 0.918995 0.907861 0.955393 0.952786 0.979283 0.940100 0.830886 0.833201 0.924053 0.948421 0.932200 0.842200 0.941639 0.908705 0.939315 0.961164 0.999052 0.832515 0.861850 0.980300 0.856691 0.828502 0.689312 0.915103 0.939998 0.981677 0.868515 0.927872 0.996434 0.881058 0.973193 0.972221 0.965493 0.984971 0.821216 0.849997 0.907821 0.950867
0.950328 0.976621 0.893949 0.888759 0.782014 0.966331 0.848443 0.910578 0.887306 0.979703 0.948962 0.989072 0.986362 0.958766 0.927926 0.913942 0.909375 0.964238 0.913246 0.991859 0.909674 0.914941 0.928003 0.898039 0.868783 0.791664 0.968627 0.965590 0.998776 0.957493 0.950824 0.852637 0.963514 0.868063 0.932022 0.000000 0.895039 0.961625 0.987655 0.984700 0.811449 0.973644 0.874640 0.870746 0.793874 0.845850 0.932208 0.838228 0.866881 0.835415 0.794972 0.866240 0.737790 0.753036 0.959380 0.967218 0.970352 0.966772 0.831924 0.950247 0.844448 0.927395 0.894067 0.902370 0.875151 0.970788 0.786784 0.778399 0.892895 0.997793 0.961436 0.987214 0.948812 0.975350 0.902482 0.962285 0.860801 0.957492 0.961004 0.970927 0.990911 0.929652 0.977686 0.956365 0.970888 0.965179 0.949304 0.872232 0.888633 0.903232 0.865858 0.770728 0.836442 0.906336 0.920253 0.883879 0.954723 0.860953 0.807783 0.726109 0.795996 0.912647 0.819331 0.818835 0.887246 0.976404 0.989876 0.871686 0.811017 0.910990 0.848015 0.679873 0.968194 0.935784 0.968706 0.949838
0.702358 0.651657 0.611286 0.579431 0.924064 0.810183 0.849396 0.905717 0.849916 0.839390 0.973473 0.666628 0.752705 0.577726 0.666111 0.535120 0.906896 0.882611 0.797049 0.656870 0.753726 0.908958 0.754812 0.617134 0.582805 0.650276 0.727959 0.855774 0.997484 0.893424 0.856112 0.855240 0.888932 0.962918 0.981099 0.895039 0.000000 0.606062 0.686702 0.711167 0.810294 0.818562 0.984239 0.902838 0.789905 0.863969 0.960983 0.994072 0.843435 0.921002 0.879319 0.933639 0.973927 0.996926 0.817701 0.956590 0.753683 0.699801 0.770633 0.835666 0.960912 0.635968 0.793649 0.992879 0.647628 0.682185 0.756391 0.872012 0.678700 0.701430 0.776496 0.691532 0.759061 0.860880 0.991209 0.992213 0.858538 0.913385 0.832754 0.827526 0.800729 0.708958 0.779501 0.749996 0.625843 0.585025 0.960061 0.976193 0.717681 0.619611 0.966273 0.955240 0.967437 0.981329 0.970416 0.888602 0.939114 0.975403 0.944585 0.940591 0.745549 0.923634 0.993751 0.975771 0.899808 0.933403 0.956894 0.979672 0.823721 0.874740 0.900842 0.962932 0.888302 0.899151 0.994714 0.936561
0.664119 0.595371 0.791058 0.674777 0.809709 0.997592 0.730665 0.991589 0.962884 0.680443 0.878040 0.701523 0.903780 0.550178 0.906173 0.654524 0.893976 0.802797 0.891603 0.599152 0.872938 0.953366 0.876054 0.561115 0.555960 0.544081 0.721803 0.790592 0.933954 0.902569 0.979553 0.832698 0.954470 0.953059 0.951067 0.961625 0.606062 0.000000 0.635022 0.722801 0.796937 0.670508 0.812857 0.956851 0.712967 0.732310 0.931388 0.914382 0.798679 0.804768 0.825312 0.779140 0.920176 0.844703 0.904433 0.945282 0.644907 0.687378 0.708130 0.836487 0.815183 0.765011 0.847415 0.996606 0.692600 0.704803 0.707844 0.727899 0.666404 0.654062 0.941168 0.880354 0.839779 0.965991 0.866124 0.872548 0.951013 0.954829 0.862104 0.878616 0.743284 0.577962 0.625072 0.508526 0.628360 0.561675 0.984756 0.853649 0.721825 0.575018 0.922799 0.782739 0.906247 0.902047 0.982277 0.982635 0.991757 0.983861 0.778130 0.765642 0.837657 0.830428 0.933049 0.988407 0.950081 0.946701 0.976870 0.933499 0.968584 0.855868 0.946603 0.776072 0.804970 0.821607 0.836404 0.928091
