0.000000 0.345767 0.660155 0.685462 0.865473 0.656371 0.361335 0.384081 0.475142 0.510214 0.381882 0.287743 0.396779 0.450085 0.550968 0.658570 0.424435 0.419790 0.428996 0.447281 0.948918 0.916603 0.764810 0.987313 0.832224 0.972691 0.719155 0.849797 0.432103 0.527900 0.919312 0.995351 0.471414 0.406251 0.667214 0.924801 0.888267 0.951707 0.766634 0.960446 0.864412 0.845726 0.638000 0.639186 0.652757 0.605324 0.602768 0.572469 0.910746 0.836466 0.730970 0.616817 0.789366 0.884329 0.838928 0.699582 0.401317 0.353671 0.239101 0.302782 0.268330 0.351019 0.412903 0.368464 0.744889 0.656412 0.542378 0.576795 0.549605 0.673819 0.607418 0.728718 0.873482 0.902233 0.897326 0.943039 0.583774 0.835567 0.608616 0.902058 0.437772 0.699728 0.931110 0.753365 0.672525 0.837535 0.920177 0.832946 0.625262 0.640886 0.639580 0.656035 0.726252 0.650607 0.808053 0.833410 0.597634 0.725869 0.460838 0.426316 0.663761 0.682017 0.585258 0.675808 0.502882 0.466899 0.786924 0.590768 0.692560 0.697236 0.650854 0.710570 0.598622 0.873171 0.623227 0.848511
0.345767 0.000000 0.526485 0.480011 0.968462 0.704076 0.339082 0.326923 0.610149 0.696869 0.664097 0.493936 0.667236 0.594332 0.737193 0.735057 0.568309 0.594213 0.419333 0.344016 0.799147 0.843097 0.653283 0.782515 0.868391 0.751913 0.865995 0.883283 0.657903 0.731983 0.660361 0.763144 0.416873 0.348405 0.550958 0.837266 0.773183 0.879285 0.932921 0.881285 0.694413 0.923150 0.405978 0.433465 0.566898 0.555649 0.518513 0.445499 0.983805 0.754256 0.611081 0.506110 0.699737 0.741951 0.783174 0.645814 0.389112 0.351423 0.411005 0.343896 0.419160 0.337571 0.686273 0.643369 0.626752 0.462447 0.369841 0.411486 0.472488 0.533305 0.490953 0.558989 0.606484 0.680257 0.792375 0.832777 0.588638 0.734613 0.719713 0.849208 0.531555 0.674870 0.833806 0.818989 0.626554 0.606924 0.974652 0.906323 0.665907 0.574997 0.536667 0.712982 0.615663 0.674087 0.742374 0.892233 0.526999 0.725430 0.480625 0.477065 0.658826 0.661232 0.596233 0.813834 0.429334 0.416955 0.838089 0.524226 0.684598 0.698843 0.620421 0.682416 0.654021 0.731351 0.560438 0.939282
0.660155 0.526485 0.000000 0.215349 0.940645 0.840696 0.385203 0.469334 0.624704 0.990272 0.980266 0.756971 0.784030 0.710549 0.790651 0.637415 0.935668 0.892953 0.511992 0.480650 0.490529 0.790128 0.334415 0.414876 0.396602 0.306097 0.948048 0.874197 0.944840 0.887874 0.385263 0.541499 0.418507 0.416663 0.472721 0.751596 0.444368 0.661263 0.825943 0.740904 0.797022 0.960637 0.418894 0.564726 0.726761 0.825760 0.430227 0.467346 0.828651 0.888234 0.723797 0.768990 0.836492 0.826021 0.621335 0.710945 0.867609 0.806382 0.710637 0.703341 0.563861 0.491332 0.963805 0.994527 0.244894 0.285005 0.339837 0.331914 0.608906 0.772026 0.405881 0.480852 0.528131 0.571679 0.856664 0.868469 0.600228 0.495588 0.950044 0.689750 0.764222 0.569494 0.725229 0.851023 0.442806 0.351385 0.883241 0.877905 0.567292 0.604851 0.644797 0.802978 0.639751 0.672828 0.616922 0.709827 0.650299 0.958160 0.696465 0.672852 0.766583 0.910958 0.861204 0.997162 0.607814 0.471710 0.727017 0.840031 0.773204 0.768608 0.662973 0.872636 0.846899 0.861418 0.784841 0.896854
0.685462 0.480011 0.215349 0.000000 0.919611 0.773565 0.378001 0.428960 0.695515 0.969182 0.971500 0.731300 0.901445 0.725085 0.899171 0.719788 0.938414 0.952762 0.539544 0.434651 0.454588 0.784400 0.385242 0.387314 0.403166 0.307603 0.979407 0.885590 0.947365 0.963896 0.396241 0.530676 0.445432 0.427171 0.484854 0.682235 0.514848 0.622511 0.775712 0.773744 0.718716 0.938294 0.395660 0.514688 0.734299 0.854341 0.391921 0.437160 0.763981 0.920257 0.680991 0.736346 0.824952 0.773792 0.693237 0.704562 0.843118 0.820103 0.699065 0.639694 0.603221 0.450598 0.912356 0.938719 0.302113 0.223151 0.281268 0.265251 0.627645 0.764750 0.356418 0.389763 0.474483 0.549527 0.750431 0.790132 0.595485 0.480634 0.966150 0.692987 0.835603 0.674986 0.751623 0.907839 0.517069 0.370171 0.860191 0.934062 0.635894 0.645621 0.560511 0.787862 0.570473 0.652872 0.665186 0.686412 0.565088 0.857038 0.659585 0.664283 0.693848 0.861584 0.831914 0.972054 0.549407 0.472210 0.751451 0.771662 0.709796 0.740577 0.642820 0.836524 0.870499 0.832680 0.689099 0.857955
0.865473 0.968462 0.940645 0.919611 0.000000 0.978658 0.997781 0.968072 0.732893 0.752853 0.808643 0.877818 0.607889 0.819600 0.588790 0.781441 0.780103 0.810574 0.798307 0.995212 0.897080 0.817649 0.861448 0.887688 0.922748 0.853352 0.753060 0.944612 0.781756 0.810322 0.879703 0.768827 0.909020 0.966351 0.871250 0.873145 0.923668 0.889594 0.991675 0.636554 0.865421 0.972312 0.939828 0.888047 0.985763 0.982612 0.949236 0.921781 0.823361 0.827995 0.818656 0.789242 0.877257 0.694484 0.871746 0.997769 0.835076 0.721314 0.828814 0.994567 0.793999 0.967910 0.687694 0.750591 0.802300 0.931924 0.965115 0.909210 0.990925 0.986938 0.995414 0.821861 0.783822 0.773680 0.900873 0.916737 0.951070 0.980713 0.951977 0.910992 0.713063 0.860965 0.870548 0.640529 0.690546 0.964763 0.917506 0.859519 0.735159 0.863357 0.871113 0.961170 0.858232 0.959160 0.982359 0.963687 0.832952 0.823355 0.978260 0.983534 0.768300 0.850142 0.898765 0.910294 0.870389 0.864925 0.868470 0.918936 0.969928 0.917685 0.882718 0.859381 0.905360 0.922396 0.836881 0.978133
0.656371 0.704076 0.840696 0.773565 0.978658 0.000000 0.587868 0.519085 0.608000 0.618778 0.749760 0.664010 0.895202 0.958197 0.989543 0.974045 0.836761 0.824497 0.803450 0.715214 0.965178 0.881872 0.952224 0.875482 0.866292 0.959167 0.629357 0.892921 0.825882 0.995323 0.973083 0.898388 0.756301 0.723456 0.847942 0.998153 0.978554 0.927213 0.856079 0.979810 0.799524 0.960291 0.693602 0.653994 0.762810 0.762174 0.693148 0.743876 0.935219 0.829383 0.763357 0.715570 0.805726 0.812536 0.811187 0.724369 0.834208 0.806060 0.654089 0.558252 0.673001 0.549960 0.915802 0.883455 0.954018 0.718628 0.674892 0.638870 0.751588 0.638254 0.753128 0.760210 0.841996 0.916433 0.844245 0.868709 0.773043 0.868830 0.974461 0.961547 0.885556 0.942236 0.812213 0.998215 0.987969 0.984673 0.911725 0.895891 0.835152 0.962476 0.576709 0.598371 0.601897 0.620088 0.951512 0.828602 0.736333 0.784345 0.572641 0.616001 0.721172 0.723553 0.771809 0.677182 0.759420 0.732675 0.809138 0.713641 0.898790 0.839635 0.704540 0.680773 0.656168 0.854920 0.582914 0.829034
0.361335 0.339082 0.385203 0.378001 0.997781 0.587868 0.000000 0.199253 0.356720 0.545741 0.605165 0.423496 0.669736 0.673363 0.776801 0.742941 0.577087 0.550037 0.431402 0.403880 0.778135 0.771927 0.651925 0.818169 0.834880 0.667927 0.699214 0.881607 0.608341 0.644473 0.623618 0.782142 0.404162 0.292173 0.448852 0.856939 0.757791 0.856375 0.931906 0.880900 0.705587 0.881636 0.362856 0.355717 0.445497 0.487854 0.467795 0.414248 0.911537 0.672691 0.466238 0.447485 0.542179 0.571706 0.645434 0.620414 0.620705 0.549617 0.369750 0.419481 0.369855 0.303727 0.712364 0.621897 0.586310 0.442784 0.254875 0.312199 0.555313 0.664370 0.340737 0.471472 0.567672 0.647776 0.843031 0.904862 0.425953 0.603785 0.734004 0.848253 0.551488 0.673529 0.900784 0.853347 0.714922 0.705532 0.915784 0.777027 0.634176 0.668865 0.345272 0.495862 0.402008 0.423618 0.630448 0.679856 0.372324 0.664678 0.316976 0.371008 0.549652 0.580406 0.565483 0.662922 0.421192 0.334456 0.642833 0.544788 0.643485 0.614138 0.485601 0.624625 0.603134 0.728663 0.532962 0.822248
0.384081 0.326923 0.469334 0.428960 0.968072 0.519085 0.199253 0.000000 0.438821 0.524727 0.600528 0.398636 0.718087 0.659307 0.852558 0.855191 0.653090 0.632877 0.524904 0.424135 0.808239 0.775785 0.751862 0.884139 0.903249 0.715620 0.645729 0.838860 0.647649 0.727525 0.655597 0.783066 0.443003 0.337876 0.479526 0.858175 0.869081 0.892396 0.918541 0.888601 0.655839 0.853926 0.376878 0.378182 0.569996 0.588010 0.513685 0.488091 0.983704 0.761328 0.552582 0.511244 0.636985 0.641435 0.762155 0.638226 0.594279 0.565459 0.393017 0.361855 0.368735 0.235125 0.743957 0.648043 0.667121 0.408939 0.268498 0.296427 0.596460 0.620784 0.383270 0.433130 0.614103 0.655012 0.828580 0.841439 0.512703 0.697320 0.843457 0.884565 0.634304 0.785466 0.970807 0.970102 0.777559 0.759947 0.976006 0.735034 0.659181 0.727902 0.317424 0.529500 0.373979 0.438941 0.684500 0.674581 0.392052 0.606443 0.335091 0.397576 0.478251 0.556134 0.583241 0.697390 0.404521 0.332870 0.609397 0.521463 0.639332 0.588672 0.459215 0.601686 0.566755 0.760556 0.464570 0.841469
0.475142 0.610149 0.624704 0.695515 0.732893 0.608000 0.356720 0.438821 0.000000 0.455760 0.448650 0.485981 0.596727 0.749529 0.701651 0.736639 0.603542 0.552681 0.634851 0.661628 0.999523 0.865469 0.825248 0.928876 0.920375 0.937437 0.714100 0.764361 0.525230 0.616478 0.883229 0.994884 0.578679 0.495964 0.642365 0.990186 0.862880 0.995523 0.861784 0.875186 0.781348 0.830001 0.641699 0.581343 0.544404 0.585373 0.731066 0.708410 0.740685 0.805416 0.661562 0.675074 0.647107 0.796083 0.588705 0.736197 0.816329 0.662829 0.445634 0.598395 0.431170 0.477937 0.645609 0.550493 0.753369 0.755310 0.536817 0.600856 0.692042 0.725035 0.549346 0.742316 0.806231 0.892114 0.922977 0.958529 0.587833 0.793112 0.676037 0.965891 0.575722 0.710292 0.950828 0.689320 0.795832 0.915755 0.878987 0.870688 0.572292 0.783217 0.573232 0.521645 0.586965 0.475317 0.735861 0.849486 0.654835 0.747682 0.442181 0.504194 0.697195 0.700265 0.670138 0.742252 0.636835 0.519874 0.751444 0.638927 0.755467 0.808450 0.622231 0.741747 0.633933 0.811649 0.705311 0.935969
0.510214 0.696869 0.990272 0.969182 0.752853 0.618778 0.545741 0.524727 0.455760 0.000000 0.418062 0.486787 0.695579 0.900346 0.754303 0.926781 0.484240 0.431850 0.716773 0.793673 0.726079 0.933537 0.798058 0.499656 0.598904 0.701860 0.663805 0.781617 0.402638 0.568887 0.803283 0.700307 0.833811 0.686706 0.778022 0.879422 0.824979 0.858420 0.739042 0.931615 0.863179 0.778507 0.807446 0.683765 0.588990 0.559744 0.887740 0.885304 0.627228 0.772394 0.660194 0.644219 0.702836 0.800360 0.907291 0.779368 0.692704 0.618144 0.461308 0.665861 0.619948 0.634679 0.534670 0.434233 0.853807 0.941244 0.735920 0.863134 0.823134 0.785583 0.645416 0.845729 0.981400 0.958338 0.982851 0.972081 0.623548 0.962360 0.809229 0.852803 0.546332 0.868139 0.925292 0.794888 0.920480 0.702812 0.756594 0.694596 0.786066 0.985701 0.515893 0.473505 0.563356 0.469897 0.887843 0.759169 0.651368 0.654403 0.396399 0.496305 0.677744 0.613164 0.477899 0.593916 0.693913 0.692229 0.830932 0.619071 0.837474 0.774263 0.648286 0.699740 0.460759 0.781965 0.745948 0.869343
0.381882 0.664097 0.980266 0.971500 0.808643 0.749760 0.605165 0.600528 0.448650 0.418062 0.000000 0.327397 0.423061 0.546453 0.631690 0.762200 0.439330 0.432052 0.694038 0.711663 0.716462 0.991828 0.912757 0.693939 0.563490 0.692490 0.689550 0.688264 0.342269 0.422662 0.850076 0.821849 0.728992 0.648978 0.927935 0.755226 0.854468 0.868918 0.804725 0.940911 0.993280 0.778890 0.957808 0.898553 0.786647 0.723716 0.961778 0.916229 0.795847 0.954718 0.935984 0.871090 0.890771 0.952752 0.872118 0.869201 0.665820 0.549149 0.413765 0.527991 0.393859 0.514478 0.338385 0.279859 0.940010 0.999243 0.868407 0.923469 0.782145 0.792509 0.900037 0.977653 0.830518 0.855289 0.880710 0.928589 0.852240 0.845668 0.631673 0.997526 0.457023 0.767536 0.987159 0.712474 0.914739 0.864758 0.830677 0.883202 0.750488 0.829360 0.867395 0.790300 0.934190 0.805885 0.889584 0.981879 0.820825 0.805509 0.660622 0.663902 0.788200 0.825187 0.743689 0.810799 0.732297 0.730862 0.861723 0.788130 0.803768 0.835926 0.763766 0.884631 0.720287 0.953439 0.748801 0.892138
0.287743 0.493936 0.756971 0.731300 0.877818 0.664010 0.423496 0.398636 0.485981 0.486787 0.327397 0.000000 0.391431 0.432880 0.594578 0.663094 0.505078 0.478406 0.580183 0.525077 0.938182 0.990572 0.862010 0.935634 0.760339 0.900963 0.749474 0.780807 0.409763 0.477749 0.983751 0.923143 0.543925 0.474801 0.757437 0.897211 0.897243 0.906286 0.839126 0.892361 0.879620 0.903378 0.813705 0.760495 0.778056 0.749457 0.710292 0.680939 0.972233 0.993882 0.887050 0.781240 0.894923 0.995686 0.921276 0.784876 0.569301 0.532936 0.303562 0.367982 0.281317 0.308601 0.405759 0.341878 0.812283 0.660398 0.600932 0.637853 0.782202 0.753055 0.707032 0.792120 0.998706 0.978267 0.786898 0.967007 0.632973 0.931471 0.694433 0.907883 0.500498 0.769859 0.982448 0.757272 0.741958 0.899714 0.999699 0.847997 0.679561 0.752000 0.675864 0.738547 0.762384 0.680963 0.835677 0.833976 0.675315 0.696201 0.532113 0.548532 0.680249 0.738630 0.673000 0.739176 0.542197 0.519283 0.789448 0.719629 0.748851 0.782589 0.690282 0.705899 0.691613 0.958061 0.666485 0.886538
0.396779 0.667236 0.784030 0.901445 0.607889 0.895202 0.669736 0.718087 0.596727 0.695579 0.423061 0.391431 0.000000 0.390311 0.368547 0.445935 0.610062 0.590277 0.571699 0.708339 0.902081 0.907398 0.689716 0.987382 0.770081 0.865687 0.916166 0.867820 0.467813 0.501308 0.947135 0.849857 0.636420 0.690733 0.943479 0.704957 0.969676 0.841710 0.818965 0.850718 0.854678 0.990475 0.951713 0.984699 0.954622 0.886341 0.816026 0.785092 0.947279 0.873037 0.844323 0.970196 0.900368 0.734627 0.897343 0.971798 0.614081 0.535873 0.445702 0.581992 0.340948 0.559129 0.399932 0.424792 0.702750 0.819148 0.899464 0.931334 0.861871 0.816255 0.948727 0.886268 0.821208 0.762586 0.862584 0.923161 0.842666 0.984374 0.738984 0.806056 0.559630 0.714023 0.900743 0.710092 0.576838 0.856391 0.931252 0.845886 0.756703 0.797010 0.983048 0.911630 0.874776 0.928039 0.895076 0.926915 0.991994 0.986185 0.799292 0.703941 0.993302 0.910942 0.887589 0.931176 0.797854 0.603774 0.963332 0.951029 0.910382 0.949874 0.843746 0.861474 0.807901 0.950208 0.867786 0.936677
0.450085 0.594332 0.710549 0.725085 0.819600 0.958197 0.673363 0.659307 0.749529 0.900346 0.546453 0.432880 0.390311 0.000000 0.556970 0.544585 0.737689 0.715247 0.567954 0.666139 0.940659 0.990563 0.568665 0.759871 0.984360 0.981420 0.961214 0.942361 0.653280 0.527831 0.779047 0.858849 0.462848 0.564582 0.769880 0.910166 0.826478 0.911522 0.979111 0.820701 0.947094 0.993473 0.938628 0.955439 0.908236 0.934856 0.852865 0.795277 0.683177 0.711426 0.844627 0.929861 0.840915 0.760430 0.991373 0.985684 0.527363 0.570008 0.473256 0.445405 0.357633 0.479578 0.472295 0.514099 0.701935 0.624347 0.727867 0.689293 0.889555 0.791266 0.891735 0.805733 0.976159 0.936179 0.787620 0.991691 0.908438 0.870106 0.807297 0.769702 0.693120 0.924974 0.745562 0.807839 0.557035 0.672145 0.861529 0.948275 0.711897 0.664499 0.944832 0.829459 0.887089 0.917056 0.939161 0.852421 0.879790 0.937001 0.900152 0.874290 0.852915 0.930319 0.997167 0.904635 0.724430 0.683221 0.936999 0.931992 0.808734 0.814828 0.844720 0.954270 0.978163 0.881516 0.789766 0.990655
0.550968 0.737193 0.790651 0.899171 0.588790 0.989543 0.776801 0.852558 0.701651 0.754303 0.631690 0.594578 0.368547 0.556970 0.000000 0.430891 0.664420 0.631743 0.605888 0.788201 0.873615 0.962768 0.592748 0.939926 0.957976 0.972482 0.898731 0.982625 0.512634 0.590623 0.935192 0.907168 0.607836 0.731251 0.809820 0.866509 0.801050 0.939281 0.866011 0.814964 0.994445 0.925588 0.938794 0.979613 0.828641 0.829439 0.760445 0.761549 0.842108 0.973976 0.988107 0.955788 0.982986 0.821414 0.740903 0.799873 0.655568 0.602695 0.535007 0.726514 0.496265 0.707901 0.552695 0.551537 0.656590 0.877903 0.877991 0.934460 0.811287 0.685370 0.855757 0.983980 0.994515 0.973772 0.838225 0.995720 0.877390 0.977552 0.774764 0.902152 0.634244 0.716765 0.638357 0.625686 0.491342 0.762299 0.758066 0.985514 0.689032 0.695405 0.959161 0.963877 0.841433 0.955733 0.855900 0.804575 0.974277 0.956965 0.810079 0.751075 0.868607 0.978629 0.943785 0.999275 0.830126 0.661932 0.965360 0.944905 0.994712 0.921388 0.790091 0.883918 0.835753 0.922390 0.925510 0.981987
0.658570 0.735057 0.637415 0.719788 0.781441 0.974045 0.742941 0.855191 0.736639 0.926781 0.762200 0.663094 0.445935 0.544585 0.430891 0.000000 0.809269 0.718326 0.551913 0.693705 0.856872 0.957202 0.431879 0.666314 0.866796 0.838674 0.891043 0.987989 0.636557 0.667904 0.787232 0.895140 0.607754 0.691936 0.841924 0.923037 0.658650 0.941872 0.919364 0.815857 0.971933 0.810579 0.829541 0.869014 0.858084 0.841394 0.570455 0.675588 0.944257 0.986176 0.975269 0.939868 0.956884 0.874722 0.668131 0.914520 0.774714 0.730474 0.694532 0.825643 0.584576 0.708923 0.717199 0.734203 0.552693 0.723381 0.858682 0.877721 0.820939 0.836419 0.826021 0.916778 0.952890 0.940821 0.789038 0.893135 0.828714 0.779024 0.724878 0.760368 0.718957 0.641009 0.649841 0.633262 0.445094 0.594202 0.842764 0.909672 0.740588 0.739117 0.964390 0.991530 0.877306 0.965666 0.710259 0.834522 0.933706 0.939550 0.892021 0.803893 0.847046 0.893850 0.984950 0.950161 0.766643 0.745700 0.972430 0.977112 0.928854 0.994254 0.966237 0.886313 0.944225 0.964767 0.966136 0.994637
0.424435 0.568309 0.935668 0.938414 0.780103 0.836761 0.577087 0.653090 0.603542 0.484240 0.439330 0.505078 0.610062 0.737689 0.664420 0.809269 0.000000 0.306030 0.540703 0.582382 0.801939 0.935754 0.993829 0.801604 0.746804 0.803500 0.842037 0.894421 0.396903 0.435932 0.997463 0.855580 0.697558 0.633275 0.757954 0.934958 0.963083 0.967037 0.833049 0.952452 0.823427 0.824906 0.856270 0.747426 0.536093 0.495999 0.833248 0.762637 0.651538 0.694521 0.681451 0.659780 0.673727 0.814305 0.755772 0.736335 0.474117 0.369615 0.460138 0.619888 0.554447 0.666539 0.370092 0.334789 0.982647 0.967078 0.755819 0.853067 0.631395 0.783508 0.769818 0.994111 0.933217 0.934438 0.919033 0.957762 0.760288 0.983921 0.650783 0.979914 0.320628 0.600870 0.794444 0.616047 0.837659 0.961560 0.782927 0.929720 0.818950 0.675244 0.775847 0.778486 0.896361 0.784072 0.798949 0.975059 0.672033 0.802631 0.578512 0.668682 0.854797 0.834952 0.589103 0.643958 0.751162 0.739735 0.988167 0.783378 0.723149 0.834093 0.755847 0.820997 0.774973 0.801250 0.843983 0.993568
0.419790 0.594213 0.892953 0.952762 0.810574 0.824497 0.550037 0.632877 0.552681 0.431850 0.432052 0.478406 0.590277 0.715247 0.631743 0.718326 0.306030 0.000000 0.548223 0.580120 0.842706 0.894916 0.994291 0.763349 0.755718 0.806555 0.825801 0.901804 0.293931 0.359685 0.986774 0.917335 0.641345 0.579972 0.769856 0.836511 0.937665 0.976266 0.792606 0.937643 0.907179 0.804141 0.878179 0.752243 0.544331 0.475072 0.837836 0.766499 0.666434 0.675013 0.670805 0.651036 0.693357 0.789103 0.736144 0.724395 0.511679 0.408064 0.459572 0.634969 0.545882 0.652371 0.350029 0.285430 0.960548 0.942441 0.742473 0.870580 0.592729 0.786459 0.785368 0.964463 0.910025 0.953222 0.990035 0.979048 0.751477 0.937200 0.587260 0.998905 0.301584 0.542089 0.910050 0.581040 0.868189 0.954203 0.685586 0.877834 0.788040 0.766652 0.777585 0.754423 0.852348 0.759367 0.828305 0.891189 0.660327 0.763356 0.554995 0.643124 0.815478 0.789024 0.526842 0.554020 0.650095 0.743836 0.889853 0.766083 0.804859 0.788864 0.749769 0.800549 0.705585 0.719981 0.831401 0.967212
0.428996 0.419333 0.511992 0.539544 0.798307 0.803450 0.431402 0.524904 0.634851 0.716773 0.694038 0.580183 0.571699 0.567954 0.605888 0.551913 0.540703 0.548223 0.000000 0.465446 0.863988 0.895814 0.532153 0.761117 0.888622 0.814701 0.960985 0.983385 0.630816 0.694795 0.720629 0.900714 0.433658 0.427431 0.546167 0.895763 0.740509 0.962559 0.925534 0.912742 0.890105 0.986517 0.579671 0.595659 0.541232 0.526367 0.518439 0.480465 0.830793 0.738480 0.626358 0.607805 0.700328 0.741605 0.671388 0.649941 0.533633 0.423177 0.450983 0.499978 0.451816 0.528691 0.601843 0.637435 0.549702 0.625120 0.542124 0.576485 0.538782 0.720769 0.559050 0.724240 0.802665 0.837740 0.824474 0.875950 0.614922 0.633984 0.771228 0.756401 0.557058 0.648830 0.749786 0.727079 0.540513 0.672721 0.955942 0.928330 0.729113 0.631209 0.663262 0.759478 0.774948 0.697155 0.759175 0.771676 0.577290 0.857436 0.559013 0.568125 0.850731 0.874478 0.667608 0.820118 0.680721 0.506546 0.850978 0.694033 0.666841 0.738413 0.672124 0.741603 0.742638 0.782379 0.824619 0.873602
0.447281 0.344016 0.480650 0.434651 0.995212 0.715214 0.403880 0.424135 0.661628 0.793673 0.711663 0.525077 0.708339 0.666139 0.788201 0.693705 0.582382 0.580120 0.465446 0.000000 0.707592 0.886059 0.614583 0.672729 0.765035 0.679080 0.921867 0.905356 0.682567 0.723943 0.644928 0.653630 0.437278 0.423148 0.590563 0.848834 0.722167 0.839391 0.987311 0.873749 0.682120 0.931551 0.480497 0.504811 0.649914 0.648738 0.473913 0.417081 0.940460 0.769669 0.718213 0.667352 0.809107 0.793042 0.623231 0.627604 0.549426 0.525325 0.552913 0.466941 0.504543 0.400759 0.727167 0.704772 0.575530 0.446456 0.416345 0.447447 0.481472 0.636727 0.560086 0.645463 0.610682 0.686590 0.686337 0.750680 0.689038 0.762711 0.800184 0.826322 0.510079 0.505585 0.765682 0.775772 0.572951 0.567731 0.978133 0.938587 0.749311 0.591674 0.625365 0.815304 0.682050 0.724572 0.691922 0.898735 0.570022 0.781435 0.605658 0.592187 0.776579 0.748284 0.645016 0.848567 0.474808 0.545018 0.783219 0.732847 0.750405 0.807637 0.763782 0.826967 0.737936 0.716393 0.628201 0.951793
0.948918 0.799147 0.490529 0.454588 0.897080 0.965178 0.778135 0.808239 0.999523 0.726079 0.716462 0.938182 0.902081 0.940659 0.873615 0.856872 0.801939 0.842706 0.863988 0.707592 0.000000 0.772520 0.460880 0.440498 0.371274 0.386019 0.803252 0.869519 0.803462 0.957573 0.461335 0.534842 0.641750 0.690754 0.709104 0.780976 0.648659 0.704382 0.813983 0.796699 0.767173 0.688702 0.641639 0.756397 0.991711 0.918725 0.657621 0.729314 0.687254 0.929253 0.957563 0.995483 0.997231 0.944935 0.877985 0.892420 0.986145 0.906805 0.962318 0.955315 0.928202 0.780184 0.717623 0.734780 0.470147 0.469305 0.582525 0.566041 0.840117 0.862439 0.666061 0.595115 0.588588 0.631039 0.766955 0.715949 0.912350 0.708976 0.848623 0.787929 0.921600 0.813360 0.637968 0.970806 0.615633 0.470638 0.689108 0.979887 0.874695 0.777492 0.826615 0.918542 0.878193 0.938688 0.783069 0.780422 0.884413 0.858411 0.998324 0.958214 0.981991 0.988784 0.796545 0.736853 0.721268 0.737377 0.831602 0.961500 0.850096 0.907157 0.959282 0.999395 0.999459 0.913581 0.816266 0.976215
0.916603 0.843097 0.790128 0.784400 0.817649 0.881872 0.771927 0.775785 0.865469 0.933537 0.991828 0.990572 0.907398 0.990563 0.962768 0.957202 0.935754 0.894916 0.895814 0.886059 0.772520 0.000000 0.853120 0.901592 0.830071 0.853622 0.978599 0.962018 0.886687 0.942767 0.772159 0.944469 0.821906 0.800811 0.720442 0.896264 0.788138 0.808040 0.994967 0.890102 0.784872 0.818572 0.787591 0.802987 0.725556 0.848371 0.935211 0.741323 0.934685 0.778415 0.793733 0.794968 0.734757 0.716959 0.878334 0.697380 0.957618 0.996653 0.971995 0.902479 0.922984 0.885242 0.995461 0.951196 0.912701 0.913581 0.697262 0.774267 0.791599 0.907675 0.742347 0.731240 0.823637 0.730704 0.830950 0.816731 0.795786 0.731271 0.877816 0.886065 0.949419 0.896797 0.886486 0.946816 0.997949 0.870699 0.970106 0.966998 0.879320 0.723177 0.719483 0.864174 0.725319 0.813177 0.742527 0.755964 0.805711 0.982377 0.754107 0.863627 0.789796 0.875080 0.851686 0.841721 0.869800 0.774895 0.886379 0.887962 0.864879 0.750621 0.765830 0.884543 0.914631 0.719640 0.823024 0.961771
0.764810 0.653283 0.334415 0.385242 0.861448 0.952224 0.651925 0.751862 0.825248 0.798058 0.912757 0.862010 0.689716 0.568665 0.592748 0.431879 0.993829 0.994291 0.532153 0.614583 0.460880 0.853120 0.000000 0.296556 0.411914 0.425008 0.756300 0.822225 0.993580 0.866030 0.388716 0.509394 0.400376 0.538078 0.584196 0.806107 0.437971 0.714529 0.840376 0.726533 0.866709 0.817325 0.621569 0.783163 0.940258 0.993024 0.545815 0.606641 0.722821 0.855395 0.988957 0.997302 0.943141 0.906165 0.702093 0.859391 0.805208 0.817146 0.798139 0.803948 0.598979 0.644712 0.970882 0.982913 0.261218 0.403338 0.567788 0.538029 0.783884 0.806674 0.631147 0.632884 0.683457 0.706075 0.726616 0.803418 0.817040 0.527532 0.999165 0.634668 0.839151 0.693300 0.549552 0.833651 0.296014 0.289064 0.725984 0.948033 0.664004 0.584593 0.961889 0.884429 0.978209 0.985999 0.689863 0.696435 0.872162 0.913180 0.926853 0.880914 0.961983 0.895526 0.907919 0.776772 0.720990 0.596926 0.962258 0.983403 0.949558 0.926062 0.854736 0.982609 0.951937 0.925442 0.913076 0.900664
0.987313 0.782515 0.414876 0.387314 0.887688 0.875482 0.818169 0.884139 0.928876 0.499656 0.693939 0.935634 0.987382 0.759871 0.939926 0.666314 0.801604 0.763349 0.761117 0.672729 0.440498 0.901592 0.296556 0.000000 0.323165 0.357665 0.721466 0.801924 0.702168 0.881459 0.391595 0.401886 0.606323 0.731335 0.668163 0.742189 0.530644 0.665898 0.737500 0.863251 0.894841 0.785087 0.672803 0.837691 0.946151 0.877856 0.627544 0.632117 0.603233 0.893251 0.980478 0.950684 0.919064 0.966230 0.767267 0.889299 0.990173 0.955850 0.922181 0.961764 0.845466 0.784663 0.777466 0.717621 0.357097 0.415581 0.666568 0.595635 0.827166 0.926584 0.789523 0.702194 0.676769 0.721608 0.793666 0.794037 0.959409 0.663296 0.923622 0.628929 0.933974 0.777474 0.661042 0.976061 0.454137 0.291721 0.700081 0.815357 0.868553 0.639814 0.938883 0.748364 0.931792 0.852205 0.753761 0.867819 0.908266 0.894236 0.844310 0.925632 0.918019 0.806437 0.777956 0.682799 0.863344 0.761144 0.954946 0.910271 0.967131 0.975316 0.991038 0.860330 0.773801 0.995707 0.943562 0.984420
0.832224 0.868391 0.396602 0.403166 0.922748 0.866292 0.834880 0.903249 0.920375 0.598904 0.563490 0.760339 0.770081 0.984360 0.957976 0.866796 0.746804 0.755718 0.888622 0.765035 0.371274 0.830071 0.411914 0.323165 0.000000 0.234868 0.669073 0.756824 0.686794 0.861292 0.321971 0.421097 0.647514 0.744612 0.626905 0.638042 0.421268 0.482300 0.626028 0.740927 0.821869 0.846393 0.665049 0.843838 0.986243 0.870388 0.656905 0.760835 0.672892 0.935527 0.898326 0.947735 0.937017 0.954899 0.788973 0.837505 0.901138 0.857488 0.804895 0.863161 0.950529 0.923709 0.628216 0.613880 0.397611 0.479883 0.623159 0.583865 0.822020 0.937741 0.635585 0.600967 0.505143 0.527791 0.841415 0.849518 0.870592 0.582003 0.824297 0.719691 0.955823 0.741326 0.640968 0.944282 0.537696 0.320157 0.804624 0.909630 0.844161 0.693757 0.967811 0.842489 0.874041 0.946886 0.761671 0.766212 0.894158 0.908217 0.900971 0.907537 0.962301 0.816763 0.874907 0.744393 0.863442 0.857147 0.883041 0.914452 0.966588 0.917728 0.994655 0.833753 0.797335 0.944502 0.966610 0.970012
0.972691 0.751913 0.306097 0.307603 0.853352 0.959167 0.667927 0.715620 0.937437 0.701860 0.692490 0.900963 0.865687 0.981420 0.972482 0.838674 0.803500 0.806555 0.814701 0.679080 0.386019 0.853622 0.425008 0.357665 0.234868 0.000000 0.867640 0.816129 0.751446 0.866894 0.306140 0.406822 0.601022 0.664932 0.664440 0.624045 0.413988 0.517564 0.694959 0.765788 0.781096 0.866775 0.518566 0.697571 0.895389 0.995269 0.531953 0.666022 0.741176 0.984128 0.785015 0.905204 0.956335 0.864484 0.701490 0.825774 0.888120 0.891807 0.919562 0.997674 0.899496 0.721635 0.615202 0.648386 0.360026 0.363472 0.514469 0.478556 0.776082 0.879155 0.541022 0.504709 0.458023 0.482449 0.884646 0.778231 0.790351 0.569577 0.820447 0.701467 0.991472 0.727035 0.723121 0.997995 0.558925 0.341231 0.770911 0.960059 0.760116 0.701141 0.777423 0.980560 0.727618 0.859710 0.731191 0.753564 0.798339 0.979783 0.935542 0.910655 0.859286 0.968216 0.944260 0.831670 0.757627 0.717723 0.774119 0.970054 0.903694 0.907761 0.848518 0.982017 0.959538 0.900785 0.891645 0.947912
0.719155 0.865995 0.948048 0.979407 0.753060 0.629357 0.699214 0.645729 0.714100 0.663805 0.689550 0.749474 0.916166 0.961214 0.898731 0.891043 0.842037 0.825801 0.960985 0.921867 0.803252 0.978599 0.756300 0.721466 0.669073 0.867640 0.000000 0.881102 0.759310 0.847051 0.929439 0.950576 0.983689 0.812588 0.964889 0.875970 0.766626 0.903905 0.757677 0.721449 0.977925 0.819095 0.865659 0.711028 0.778249 0.734314 0.926378 0.884028 0.916817 0.850021 0.781252 0.698797 0.736973 0.739970 0.934117 0.918986 0.943834 0.915033 0.728791 0.674237 0.747846 0.723685 0.878437 0.804445 0.749604 0.978506 0.847024 0.853908 0.934960 0.868714 0.898333 0.905606 0.896202 0.999195 0.844680 0.901903 0.893119 0.998999 0.969448 0.947849 0.988810 0.929069 0.793424 0.886535 0.681366 0.719653 0.896272 0.955501 0.996881 0.839967 0.635467 0.695171 0.693666 0.676615 0.901721 0.995460 0.759729 0.782120 0.715802 0.716352 0.514333 0.634430 0.778041 0.758250 0.887832 0.919381 0.769504 0.634994 0.793321 0.842260 0.849260 0.697748 0.833699 0.857366 0.767076 0.969858
0.849797 0.883283 0.874197 0.885590 0.944612 0.892921 0.881607 0.838860 0.764361 0.781617 0.688264 0.780807 0.867820 0.942361 0.982625 0.987989 0.894421 0.901804 0.983385 0.905356 0.869519 0.962018 0.822225 0.801924 0.756824 0.816129 0.881102 0.000000 0.804262 0.811840 0.831821 0.966515 0.962460 0.913741 0.958697 0.996114 0.778924 0.903536 0.962247 0.901314 0.918218 0.964557 0.983900 0.916717 0.924111 0.914956 0.888408 0.855848 0.855513 0.952649 0.917952 0.879121 0.846778 0.926655 0.850875 0.781838 0.993543 0.942310 0.877331 0.985630 0.872629 0.874908 0.862802 0.745009 0.840554 0.917325 0.991760 0.939055 0.916666 0.868381 0.943944 0.909624 0.837695 0.961439 0.958362 0.985085 0.879552 0.903647 0.732828 0.827054 0.944140 0.872508 0.785964 0.988943 0.854951 0.829334 0.906159 0.877946 0.914270 0.773325 0.839034 0.781738 0.866326 0.815053 0.935234 0.955525 0.958331 0.835484 0.797195 0.857045 0.811180 0.801265 0.910400 0.882513 0.897205 0.852380 0.947861 0.762016 0.931394 0.927080 0.968294 0.894319 0.837704 0.985795 0.770118 0.989481
0.432103 0.657903 0.944840 0.947365 0.781756 0.825882 0.608341 0.647649 0.525230 0.402638 0.342269 0.409763 0.467813 0.653280 0.512634 0.636557 0.396903 0.293931 0.630816 0.682567 0.803462 0.886687 0.993580 0.702168 0.686794 0.751446 0.759310 0.804262 0.000000 0.318858 0.961000 0.838360 0.650150 0.657437 0.812878 0.765112 0.969813 0.907706 0.718008 0.990799 0.895354 0.808125 0.955519 0.840933 0.593981 0.526053 0.896604 0.818168 0.642080 0.767862 0.795066 0.725230 0.786428 0.914419 0.767706 0.702236 0.618789 0.528828 0.477509 0.641971 0.472116 0.609377 0.330500 0.266039 0.956046 0.937943 0.845147 0.955328 0.721621 0.766777 0.849040 0.996572 0.958111 0.936124 0.928772 0.943671 0.751769 0.987005 0.560200 0.960607 0.370309 0.621259 0.830307 0.544535 0.834346 0.951879 0.882718 0.927347 0.755406 0.774683 0.832601 0.806145 0.927205 0.788027 0.836302 0.895405 0.788677 0.816068 0.595307 0.658063 0.882701 0.840232 0.629406 0.744512 0.727417 0.742941 0.867173 0.806638 0.882542 0.760050 0.826726 0.802478 0.703026 0.776208 0.789025 0.969065
0.527900 0.731983 0.887874 0.963896 0.810322 0.995323 0.644473 0.727525 0.616478 0.568887 0.422662 0.477749 0.501308 0.527831 0.590623 0.667904 0.435932 0.359685 0.694795 0.723943 0.957573 0.942767 0.866030 0.881459 0.861292 0.866894 0.847051 0.811840 0.318858 0.000000 0.891342 0.988605 0.623276 0.617908 0.839531 0.794409 0.907616 0.869244 0.849418 0.871237 0.943629 0.923472 0.965610 0.919989 0.765243 0.760960 0.988241 0.895698 0.894697 0.988628 0.912869 0.897509 0.903973 0.978905 0.888817 0.869857 0.640566 0.601953 0.546125 0.738542 0.519689 0.646189 0.330558 0.282908 0.995907 0.993341 0.830785 0.919305 0.840410 0.869999 0.876546 0.989702 0.972332 0.945414 0.927383 0.884864 0.784272 0.916667 0.685892 0.970874 0.376894 0.645882 0.706326 0.596633 0.797508 0.950793 0.799995 0.932094 0.806134 0.750312 0.965000 0.973593 0.970569 0.950620 0.907537 0.893455 0.845737 0.973991 0.765111 0.853873 0.873930 0.983561 0.776607 0.863340 0.758158 0.867211 0.944997 0.932908 0.966705 0.873628 0.913971 0.978876 0.919440 0.922279 0.886888 0.937274
0.919312 0.660361 0.385263 0.396241 0.879703 0.973083 0.623618 0.655597 0.883229 0.803283 0.850076 0.983751 0.947135 0.779047 0.935192 0.787232 0.997463 0.986774 0.720629 0.644928 0.461335 0.772159 0.388716 0.391595 0.321971 0.306140 0.929439 0.831821 0.961000 0.891342 0.000000 0.320354 0.416060 0.545092 0.541353 0.693863 0.459476 0.545916 0.800462 0.849420 0.667578 0.984981 0.551861 0.683747 0.812951 0.907465 0.656347 0.694055 0.681385 0.990912 0.761301 0.881343 0.920936 0.846979 0.706285 0.771757 0.884799 0.889088 0.950547 0.877901 0.737406 0.644504 0.899340 0.918582 0.487646 0.436124 0.463226 0.465902 0.715010 0.774409 0.584053 0.470024 0.442569 0.508353 0.828623 0.720503 0.865643 0.602934 0.956903 0.681311 0.877812 0.694173 0.576193 0.989753 0.567873 0.399935 0.871437 0.919930 0.758233 0.631228 0.837184 0.861287 0.807844 0.980301 0.715492 0.740025 0.690206 0.927942 0.906995 0.934181 0.839977 0.980179 0.988192 0.879885 0.717806 0.660367 0.773111 0.900255 0.884308 0.781778 0.813176 0.960202 0.874420 0.797240 0.805579 0.942965
0.995351 0.763144 0.541499 0.530676 0.768827 0.898388 0.782142 0.783066 0.994884 0.700307 0.821849 0.923143 0.849857 0.858849 0.907168 0.895140 0.855580 0.917335 0.900714 0.653630 0.534842 0.944469 0.509394 0.401886 0.421097 0.406822 0.950576 0.966515 0.838360 0.988605 0.320354 0.000000 0.586469 0.659819 0.707787 0.744603 0.608503 0.598969 0.744152 0.943001 0.807740 0.882863 0.671163 0.722009 0.989468 0.984323 0.738280 0.759578 0.604175 0.910302 0.892311 0.961321 0.995597 0.942351 0.821615 0.914675 0.994454 0.964806 0.914329 0.954100 0.875645 0.745805 0.795138 0.821459 0.615342 0.514772 0.624730 0.590862 0.824387 0.967062 0.749108 0.608679 0.541734 0.567410 0.910457 0.721996 0.998334 0.711122 0.898867 0.796953 0.999991 0.828940 0.731514 0.923650 0.697968 0.481829 0.915272 0.906106 0.868235 0.818550 0.954240 0.782270 0.883303 0.949003 0.749983 0.849169 0.804796 0.934703 0.965758 0.940218 0.843800 0.999982 0.922628 0.767987 0.718201 0.821651 0.866499 0.888246 0.913986 0.963054 0.999495 0.865423 0.872578 0.854172 0.845715 0.976549
0.471414 0.416873 0.418507 0.445432 0.909020 0.756301 0.404162 0.443003 0.578679 0.833811 0.728992 0.543925 0.636420 0.462848 0.607836 0.607754 0.697558 0.641345 0.433658 0.437278 0.641750 0.821906 0.400376 0.606323 0.647514 0.601022 0.983689 0.962460 0.650150 0.623276 0.416060 0.586469 0.000000 0.308726 0.442506 0.822839 0.620354 0.825049 0.970510 0.849275 0.670742 0.985648 0.584079 0.641475 0.712252 0.756270 0.607677 0.582924 0.799485 0.983518 0.786509 0.813863 0.897857 0.936062 0.690226 0.643942 0.553701 0.538524 0.499508 0.455175 0.352405 0.376282 0.644905 0.648074 0.485336 0.437486 0.395461 0.400561 0.614216 0.630703 0.533230 0.532433 0.627010 0.689370 0.758187 0.770827 0.727428 0.633002 0.809138 0.705718 0.573028 0.613637 0.671547 0.737517 0.444249 0.453533 0.904769 0.983445 0.621848 0.564835 0.756511 0.995276 0.760553 0.835228 0.747383 0.638524 0.637996 0.840735 0.637646 0.682147 0.777189 0.846018 0.824676 0.917106 0.537019 0.462638 0.775713 0.789706 0.801215 0.669243 0.736208 0.866165 0.845829 0.824769 0.602679 0.986885
0.406251 0.348405 0.416663 0.427171 0.966351 0.723456 0.292173 0.337876 0.495964 0.686706 0.648978 0.474801 0.690733 0.564582 0.731251 0.691936 0.633275 0.579972 0.427431 0.423148 0.690754 0.800811 0.538078 0.731335 0.744612 0.664932 0.812588 0.913741 0.657437 0.617908 0.545092 0.659819 0.308726 0.000000 0.472657 0.790035 0.752693 0.838203 0.978287 0.804314 0.768582 0.909214 0.492563 0.499919 0.622136 0.658918 0.563020 0.530578 0.922551 0.852619 0.661910 0.647407 0.725462 0.748874 0.731472 0.694684 0.591893 0.545536 0.450773 0.448215 0.377050 0.345403 0.678196 0.618203 0.572702 0.451386 0.314712 0.355393 0.599064 0.676908 0.407628 0.477888 0.654967 0.651655 0.822556 0.801000 0.587882 0.630805 0.749283 0.785026 0.567575 0.652923 0.759399 0.815682 0.611081 0.608927 0.992422 0.961967 0.622033 0.622075 0.553810 0.755618 0.542892 0.630658 0.702512 0.747193 0.529327 0.808600 0.498970 0.552619 0.580228 0.704286 0.671803 0.775249 0.496238 0.449808 0.633979 0.578584 0.741966 0.678867 0.651831 0.802099 0.691045 0.805025 0.637737 0.926385
0.667214 0.550958 0.472721 0.484854 0.871250 0.847942 0.448852 0.479526 0.642365 0.778022 0.927935 0.757437 0.943479 0.769880 0.809820 0.841924 0.757954 0.769856 0.546167 0.590563 0.709104 0.720442 0.584196 0.668163 0.626905 0.664440 0.964889 0.958697 0.812878 0.839531 0.541353 0.707787 0.442506 0.472657 0.000000 0.771157 0.731148 0.814897 0.922436 0.831062 0.658539 0.846702 0.511357 0.563568 0.568910 0.667891 0.687258 0.567124 0.992213 0.787557 0.604844 0.688989 0.644466 0.711843 0.614268 0.565937 0.687559 0.707808 0.658230 0.638274 0.640024 0.615910 0.889773 0.854335 0.566447 0.564804 0.378368 0.440203 0.645727 0.712360 0.440996 0.524436 0.601591 0.555508 0.913932 0.784261 0.629539 0.654739 0.916650 0.821139 0.727006 0.723856 0.710589 0.786719 0.632268 0.581539 0.823662 0.998923 0.741953 0.615044 0.581196 0.784191 0.613725 0.638333 0.626944 0.686090 0.561865 0.812649 0.631894 0.656421 0.774611 0.876940 0.735620 0.917268 0.709635 0.487517 0.932070 0.749289 0.710413 0.652921 0.661446 0.906262 0.848270 0.823593 0.680125 0.978667
0.924801 0.837266 0.751596 0.682235 0.873145 0.998153 0.856939 0.858175 0.990186 0.879422 0.755226 0.897211 0.704957 0.910166 0.866509 0.923037 0.934958 0.836511 0.895763 0.848834 0.780976 0.896264 0.806107 0.742189 0.638042 0.624045 0.875970 0.996114 0.765112 0.794409 0.693863 0.744603 0.822839 0.790035 0.771157 0.000000 0.728568 0.860367 0.797695 0.892818 0.807647 0.896450 0.728124 0.811394 0.879646 0.986587 0.865829 0.869410 0.888472 0.945135 0.759226 0.867641 0.771377 0.770799 0.824881 0.897250 0.951684 0.970179 0.889466 0.957549 0.937859 0.896727 0.776703 0.780535 0.810129 0.740853 0.698941 0.699941 0.997860 0.847819 0.695495 0.699251 0.677758 0.761477 0.945251 0.891559 0.816293 0.883056 0.934360 0.959015 0.969484 0.994927 0.877456 0.959397 0.876959 0.707463 0.873537 0.917854 0.882832 0.847876 0.815508 0.978221 0.694989 0.854617 0.995241 0.858896 0.768312 0.938553 0.909396 0.968666 0.771682 0.866253 0.939938 0.937701 0.869777 0.870103 0.912251 0.894721 0.819239 0.892602 0.871269 0.973754 0.879316 0.947766 0.965783 0.898430
0.888267 0.773183 0.444368 0.514848 0.923668 0.978554 0.757791 0.869081 0.862880 0.824979 0.854468 0.897243 0.969676 0.826478 0.801050 0.658650 0.963083 0.937665 0.740509 0.722167 0.648659 0.788138 0.437971 0.530644 0.421268 0.413988 0.766626 0.778924 0.969813 0.907616 0.459476 0.608503 0.620354 0.752693 0.731148 0.728568 0.000000 0.505301 0.702180 0.717063 0.747669 0.982205 0.683700 0.848842 0.875939 0.988672 0.606039 0.756848 0.882538 0.964296 0.819416 0.908823 0.968022 0.960111 0.696822 0.832271 0.882674 0.898247 0.959053 0.995402 0.868465 0.857219 0.935474 0.924514 0.484602 0.634462 0.659378 0.631121 0.730761 0.807932 0.667935 0.648514 0.605119 0.645511 0.949002 0.905885 0.831793 0.563356 0.900472 0.855069 0.788366 0.706839 0.603068 0.795341 0.509514 0.427991 0.983201 0.984155 0.670619 0.554976 0.978659 0.990688 0.921481 0.965518 0.813042 0.762150 0.908264 0.964854 0.906760 0.906007 0.960187 0.797518 0.903361 0.908124 0.787043 0.838206 0.951345 0.932225 0.840697 0.903243 0.791124 0.952151 0.894845 0.865341 0.995742 0.987950
0.951707 0.879285 0.661263 0.622511 0.889594 0.927213 0.856375 0.892396 0.995523 0.858420 0.868918 0.906286 0.841710 0.911522 0.939281 0.941872 0.967037 0.976266 0.962559 0.839391 0.704382 0.808040 0.714529 0.665898 0.482300 0.517564 0.903905 0.903536 0.907706 0.869244 0.545916 0.598969 0.825049 0.838203 0.814897 0.860367 0.505301 0.000000 0.660695 0.734386 0.830538 0.944078 0.821888 0.882641 0.968089 0.923184 0.699955 0.845716 0.840254 0.968199 0.847463 0.977367 0.969716 0.976654 0.900354 0.920822 0.933348 0.929976 0.966561 0.930311 0.993457 0.896435 0.853431 0.904275 0.698915 0.710987 0.754984 0.722842 0.838889 0.914064 0.723798 0.726596 0.551311 0.608299 0.866500 0.991175 0.877554 0.707089 0.904480 0.830957 0.897199 0.806039 0.691940 0.826237 0.724755 0.540089 0.979587 0.893148 0.801510 0.685400 0.982918 0.896828 0.923626 0.941977 0.784285 0.840570 0.840699 0.860910 0.929477 0.915040 0.948268 0.800931 0.986817 0.841530 0.920139 0.997325 0.846012 0.922340 0.892919 0.987807 0.957451 0.811888 0.879946 0.828377 0.958993 0.845569
