0.000000 0.488204 0.786616 0.739514 0.989595 0.998639 0.757160 0.779850 0.864686 0.998914 0.709410 0.697753 0.941275 0.999403 0.901502 0.973348 0.579700 0.520166 0.478150 0.566270 0.861292 0.936274 0.910292 0.953780 0.758143 0.769477 0.962042 0.910887 0.702507 0.810539 0.821341 0.957438 0.667368 0.493166 0.836941 0.944470 0.853624 0.923102 0.827516 0.881213 0.946433 0.822152 0.627600 0.536696 0.969778 0.840117 0.655687 0.680838 0.937189 0.929123 0.939698 0.962260 0.804968 0.678914 0.767943 0.949474 0.420203 0.497383 0.501664 0.604651 0.749031 0.769913 0.709602 0.739424 0.763601 0.744875 0.628831 0.628619 0.633686 0.637354 0.734805 0.837097 0.634027 0.674203 0.957588 0.832545 0.666563 0.707535 0.827057 0.679238 0.565965 0.561992 0.872929 0.702475 0.776232 0.792223 0.782568 0.989969 0.913993 0.694348 0.859506 0.893630 0.879983 0.999541 0.934000 0.758851 0.710707 0.801288 0.883200 0.744805 0.782123 0.908556 0.750201 0.612185 0.829201 0.870297 0.876053 0.995139 0.863696 0.697724 0.728852 0.976951 0.888287 0.965001 0.775087 0.710219
0.488204 0.000000 0.957373 0.781007 0.999217 0.939933 0.917185 0.690268 0.792791 0.826185 0.844214 0.524253 0.866703 0.806529 0.935690 0.745792 0.551515 0.494633 0.563892 0.571721 0.917107 0.953583 0.998532 0.942850 0.883955 0.932228 0.909136 0.911391 0.602811 0.696239 0.737086 0.912596 0.564206 0.481477 0.886232 0.996325 0.771358 0.789538 0.950302 0.893063 0.936962 0.865527 0.573490 0.490763 0.736322 0.651032 0.575361 0.520119 0.788862 0.788742 0.752895 0.837466 0.970744 0.871416 0.726876 0.937589 0.388763 0.365295 0.580713 0.706183 0.694060 0.620597 0.592451 0.525057 0.846935 0.837774 0.699077 0.639242 0.814419 0.544946 0.540103 0.659296 0.752778 0.742611 0.930899 0.893624 0.594230 0.747712 0.629464 0.683704 0.469734 0.555701 0.776865 0.677654 0.843708 0.847876 0.899200 0.989230 0.836528 0.793099 0.856586 0.809119 0.911787 0.873289 0.795814 0.758963 0.673880 0.722790 0.692849 0.734384 0.790135 0.890162 0.686875 0.716662 0.805802 0.812230 0.969718 0.963382 0.905984 0.742276 0.703267 0.847825 0.843180 0.853236 0.721735 0.890947
0.786616 0.957373 0.000000 0.441507 0.936755 0.973955 0.354303 0.698714 0.704943 0.909365 0.914194 0.791464 0.723001 0.856032 0.961845 0.843956 0.905732 0.842900 0.729409 0.934650 0.699169 0.870539 0.801126 0.788331 0.514396 0.561303 0.983835 0.966458 0.818028 0.709977 0.905472 0.953224 0.769946 0.800436 0.711428 0.940795 0.842603 0.994711 0.821785 0.836154 0.969684 0.841337 0.715654 0.849751 0.814232 0.865993 0.700561 0.866845 0.793830 0.994831 0.898114 0.900961 0.953238 0.812270 0.908477 0.910362 0.998861 0.928841 0.586715 0.732026 0.717515 0.984871 0.874493 0.744970 0.411569 0.565838 0.523705 0.584508 0.977502 0.827980 0.978268 0.988251 0.930440 0.922123 0.917918 0.949586 0.842292 0.924630 0.897276 0.996214 0.984694 0.956995 0.855942 0.977839 0.632177 0.755655 0.674786 0.896617 0.696729 0.760560 0.725287 0.670024 0.670338 0.554087 0.932658 0.795669 0.985489 0.928532 0.895704 0.795338 0.741780 0.867344 0.930007 0.930363 0.685560 0.770280 0.969404 0.899682 0.799709 0.987590 0.964359 0.991286 0.984188 0.803500 0.787314 0.708008
0.739514 0.781007 0.441507 0.000000 0.985955 0.896607 0.432578 0.534276 0.821573 0.931674 0.988431 0.987576 0.796813 0.970851 0.989756 0.943487 0.934549 0.956281 0.765387 0.875738 0.746440 0.920060 0.686577 0.625863 0.674604 0.564435 0.991712 0.887084 0.839979 0.753631 0.904153 0.948656 0.697741 0.700200 0.693375 0.931699 0.775374 0.948046 0.737503 0.896013 0.929190 0.815401 0.721309 0.786766 0.909513 0.969851 0.697743 0.769892 0.881544 0.944534 0.768877 0.765189 0.992445 0.808160 0.852499 0.828723 0.864970 0.893209 0.637398 0.738370 0.683413 0.772121 0.950873 0.987167 0.394625 0.414941 0.460110 0.427262 0.926344 0.880113 0.876435 0.810769 0.828226 0.815107 0.894902 0.907349 0.723988 0.780627 0.997241 0.994120 0.822848 0.840135 0.974472 0.877908 0.547029 0.622374 0.826766 0.972424 0.871842 0.641985 0.673097 0.650748 0.641793 0.612277 0.972635 0.733166 0.854643 0.958654 0.713921 0.676342 0.631949 0.781650 0.966267 0.917393 0.576394 0.684439 0.877313 0.808206 0.782413 0.886851 0.891072 0.999478 0.886138 0.863337 0.724041 0.730993
0.989595 0.999217 0.936755 0.985955 0.000000 0.904078 0.835321 0.878473 0.763012 0.953227 0.783295 0.925781 0.722301 0.868121 0.840936 0.912895 0.960123 0.897817 0.989846 0.990057 0.798710 0.752016 0.730477 0.838127 0.962450 0.894108 0.949182 0.924909 0.960010 0.987036 0.942697 0.992972 0.972886 0.943081 0.956263 0.783265 0.931964 0.993297 0.988862 0.996309 0.962388 0.928061 0.885594 0.959097 0.822892 0.936607 0.989748 0.980470 0.956614 0.919902 0.943384 0.940423 0.958378 0.858107 0.921357 0.962643 0.987659 0.959443 0.901977 0.912181 0.709578 0.819685 0.785158 0.895233 0.888050 0.782695 0.858370 0.869636 0.898456 0.935658 0.962647 0.875023 0.877950 0.966730 0.956098 0.932154 0.913633 0.924173 0.883592 0.844250 0.821666 0.786106 0.789678 0.699317 0.654568 0.599757 0.947645 0.710670 0.842970 0.815720 0.932578 0.980153 0.983196 0.984706 0.924268 0.974980 0.916102 0.965909 0.956500 0.865131 0.883853 0.962446 0.941316 0.911662 0.835299 0.989701 0.970091 0.984281 0.965666 0.937861 0.962330 0.931146 0.853709 0.990152 0.881170 0.986949
0.998639 0.939933 0.973955 0.896607 0.904078 0.000000 0.985836 0.962099 0.968136 0.952011 0.961251 0.968266 0.942238 0.886515 0.972881 0.784734 0.846053 0.930420 0.970055 0.961453 0.916352 0.919323 0.793734 0.839947 0.934901 0.863627 0.941177 0.864768 0.913115 0.879161 0.807548 0.949707 0.966869 0.985512 0.840762 0.914209 0.735016 0.892156 0.872902 0.941567 0.871811 0.995654 0.948547 0.896083 0.927671 0.989141 0.935107 0.884658 0.926797 0.995743 0.987532 0.901845 0.976338 0.970561 0.894239 0.806207 0.965222 0.979412 0.832639 0.917492 0.966703 0.939236 0.952355 0.990885 0.930231 0.894102 0.888155 0.845576 0.906019 0.928533 0.795449 0.877789 0.880419 0.813303 0.992388 0.914072 0.947170 0.826124 0.945574 0.941978 0.996203 0.986082 0.968371 0.961175 0.873987 0.856336 0.910658 0.825272 0.866452 0.941248 0.836507 0.887106 0.747059 0.944336 0.888179 0.923942 0.969896 0.884056 0.875816 0.981438 0.806877 0.985457 0.974969 0.970980 0.790497 0.962494 0.979236 0.945108 0.926284 0.977736 0.965172 0.925856 0.988032 0.986230 0.945850 0.947813
0.757160 0.917185 0.354303 0.432578 0.835321 0.985836 0.000000 0.561766 0.659431 0.906409 0.886966 0.913099 0.608033 0.968331 0.927486 0.977100 0.912564 0.907812 0.784748 0.927676 0.744495 0.971823 0.728662 0.805314 0.656828 0.612427 0.984554 0.986943 0.849100 0.750834 0.987459 0.886745 0.741672 0.751844 0.699323 0.967499 0.920082 0.891015 0.884428 0.834524 0.998299 0.933034 0.795947 0.837425 0.853938 0.918940 0.788179 0.854417 0.765269 0.971887 0.871458 0.805071 0.993986 0.869333 0.995371 0.981615 0.973881 0.951592 0.569049 0.656902 0.529013 0.800458 0.976827 0.891607 0.396874 0.448169 0.500288 0.530310 0.899012 0.775925 0.899810 0.892582 0.900271 0.872914 0.963609 0.999226 0.834185 0.911710 0.936861 0.994976 0.856160 0.866304 0.954976 0.903679 0.502345 0.651458 0.766498 0.996043 0.658449 0.646341 0.675986 0.674233 0.747836 0.600102 0.933600 0.826092 0.938459 0.861334 0.821827 0.688724 0.776094 0.775410 0.879841 0.928491 0.632624 0.768663 0.911699 0.960586 0.746660 0.999033 0.893206 0.982974 0.979635 0.793335 0.749222 0.690371
0.779850 0.690268 0.698714 0.534276 0.878473 0.962099 0.561766 0.000000 0.879881 0.747277 0.936139 0.696560 0.669022 0.780101 0.917195 0.804708 0.978394 0.868746 0.890609 0.801479 0.949297 0.945436 0.720847 0.824341 0.939366 0.975104 0.886521 0.988089 0.888517 0.992875 0.990108 0.908332 0.702689 0.608804 0.813677 0.968432 0.926840 0.985925 0.900369 0.944205 0.904544 0.837021 0.853427 0.828500 0.979928 0.919855 0.796170 0.766917 0.938101 0.916105 0.615119 0.532771 0.822851 0.994841 0.862892 0.984320 0.885370 0.792453 0.592082 0.582483 0.468241 0.405588 0.684406 0.618897 0.610672 0.516909 0.612186 0.509118 0.778237 0.969968 0.914875 0.854958 0.833120 0.776557 0.919036 0.969014 0.678873 0.763170 0.841167 0.985385 0.643070 0.873010 0.930757 0.874862 0.643953 0.753941 0.899375 0.982094 0.877549 0.622664 0.633522 0.784644 0.748324 0.786040 0.813814 0.782822 0.743734 0.943382 0.529035 0.512392 0.633512 0.794492 0.773401 0.872398 0.542504 0.670089 0.887853 0.804812 0.792843 0.804861 0.737917 0.841112 0.862254 0.981922 0.643830 0.826190
0.864686 0.792791 0.704943 0.821573 0.763012 0.968136 0.659431 0.879881 0.000000 0.967489 0.987788 0.741119 0.853614 0.872674 0.981896 0.855086 0.663695 0.641246 0.839049 0.726338 0.904813 0.999612 0.735372 0.948689 0.910283 0.762780 0.962858 0.986891 0.727072 0.586104 0.951746 0.736677 0.989601 0.862353 0.785026 0.895364 0.886273 0.956579 0.960419 0.975500 0.922236 0.918599 0.922852 0.847294 0.959074 0.972262 0.898248 0.930292 0.984904 0.958705 0.931258 0.791664 0.788687 0.810645 0.896105 0.877598 0.717043 0.713020 0.992243 0.965858 0.860631 0.987868 0.763978 0.707472 0.720791 0.809203 0.860230 0.867660 0.870138 0.614176 0.820501 0.628844 0.770123 0.811232 0.994945 0.963539 0.867203 0.946901 0.746217 0.734858 0.792086 0.811839 0.887674 0.951061 0.743511 0.857531 0.992813 0.929357 0.685434 0.854178 0.618907 0.639418 0.621074 0.665551 0.875677 0.948013 0.907757 0.889289 0.910906 0.877662 0.984015 0.864510 0.756972 0.906967 0.885780 0.884758 0.919726 0.926154 0.979491 0.825065 0.752943 0.917380 0.904357 0.884375 0.914168 0.887131
0.998914 0.826185 0.909365 0.931674 0.953227 0.952011 0.906409 0.747277 0.967489 0.000000 0.844897 0.897713 0.918748 0.953541 0.902242 0.928079 0.828037 0.866949 0.925307 0.849723 0.795490 0.978988 0.997715 0.859916 0.888198 0.823351 0.789761 0.958047 0.640708 0.738980 0.748524 0.974743 0.746751 0.793127 0.909902 0.990718 0.847685 0.865316 0.747087 0.979646 0.898576 0.911825 0.880807 0.791856 0.694981 0.695908 0.873497 0.809377 0.611332 0.657959 0.617574 0.677478 0.641723 0.695694 0.808883 0.973627 0.869871 0.828053 0.883684 0.883004 0.963408 0.780896 0.836334 0.750336 0.832922 0.795051 0.996983 0.982098 0.920771 0.861967 0.909617 0.915825 0.942632 0.977608 0.833148 0.991943 0.989810 0.867367 0.995073 0.981033 0.849487 0.899281 0.857023 0.974386 0.796068 0.758588 0.853561 0.988151 0.952520 0.828371 0.986519 0.923305 0.916728 0.885473 0.841196 0.813988 0.778891 0.873922 0.733716 0.894515 0.760152 0.943302 0.602277 0.844337 0.906404 0.975045 0.823548 0.983153 0.942698 0.824697 0.812098 0.844528 0.970091 0.859739 0.934016 0.938723
0.709410 0.844214 0.914194 0.988431 0.783295 0.961251 0.886966 0.936139 0.987788 0.844897 0.000000 0.815024 0.852741 0.975484 0.898114 0.883354 0.596359 0.598341 0.639102 0.644124 0.799256 0.994668 0.902323 0.848331 0.992244 0.875228 0.915842 0.851564 0.644477 0.699138 0.793893 0.994610 0.727280 0.657203 0.989519 0.928029 0.988357 0.888867 0.934897 0.954791 0.980549 0.936241 0.960862 0.856152 0.979782 0.970240 0.972301 0.992033 0.971718 0.885971 0.973233 0.847174 0.903358 0.966010 0.979265 0.874202 0.723227 0.824538 0.834941 0.919297 0.816577 0.974456 0.683537 0.837216 0.914661 0.958804 0.941139 0.886203 0.886530 0.793612 0.917833 0.899267 0.577662 0.730129 0.934735 0.791872 0.947517 0.814639 0.841005 0.767146 0.718920 0.757677 0.976909 0.862186 0.980554 0.958389 0.712161 0.950269 0.887460 0.927406 0.650004 0.650017 0.767418 0.718309 0.935203 0.843849 0.948442 0.961434 0.927730 0.997063 0.974777 0.965978 0.891504 0.883319 0.989455 0.814640 0.915601 0.744577 0.965688 0.815739 0.912414 0.948403 0.807711 0.995333 0.945459 0.981977
0.697753 0.524253 0.791464 0.987576 0.925781 0.968266 0.913099 0.696560 0.741119 0.897713 0.815024 0.000000 0.724689 0.554029 0.743782 0.616577 0.574771 0.475133 0.788951 0.563140 0.908970 0.942978 0.937461 0.934171 0.746695 0.770468 0.912543 0.873420 0.512370 0.552663 0.956233 0.840682 0.704456 0.584916 0.966823 0.961296 0.974400 0.925041 0.837635 0.982850 0.911995 0.900126 0.898149 0.723985 0.823021 0.726721 0.874399 0.731730 0.943222 0.985844 0.836766 0.876925 0.968974 0.952303 0.899957 0.900985 0.582604 0.495069 0.802097 0.794641 0.587980 0.480543 0.441971 0.342380 0.953904 0.871157 0.937017 0.781494 0.947556 0.663702 0.773607 0.763798 0.815499 0.835367 0.933131 0.851034 0.689627 0.765035 0.518302 0.696578 0.442349 0.545826 0.638493 0.683859 0.861986 0.839261 0.852315 0.840997 0.729368 0.915063 0.792143 0.666863 0.732209 0.664456 0.803103 0.825533 0.811246 0.773701 0.861845 0.804375 0.928942 0.901105 0.680670 0.844949 0.844219 0.913458 0.957430 0.932569 0.932439 0.689563 0.707379 0.837975 0.916392 0.746589 0.743255 0.961838
0.941275 0.866703 0.723001 0.796813 0.722301 0.942238 0.608033 0.669022 0.853614 0.918748 0.852741 0.724689 0.000000 0.529683 0.543130 0.629603 0.910359 0.856922 0.907452 0.808242 0.912033 0.902752 0.665863 0.800625 0.964354 0.995754 0.952845 0.973466 0.870009 0.879673 0.955247 0.860038 0.761078 0.792340 0.824168 0.998059 0.895356 0.922613 0.864324 0.870377 0.880966 0.964951 0.982312 0.939812 0.986965 0.933148 0.885665 0.849792 0.778287 0.990387 0.859519 0.803093 0.915897 0.874374 0.998719 0.866214 0.989777 0.899051 0.860621 0.807665 0.402759 0.682305 0.693596 0.774992 0.713191 0.723933 0.892258 0.771679 0.696367 0.919598 0.935022 0.942646 0.914520 0.912801 0.972335 0.892107 0.877679 0.933522 0.724270 0.773564 0.692837 0.697350 0.774438 0.783720 0.572792 0.720852 0.901192 0.783473 0.891128 0.940169 0.958766 0.928445 0.910052 0.997625 0.947825 0.929194 0.844923 0.922270 0.901110 0.866396 0.999703 0.850351 0.992189 0.888350 0.812540 0.846110 0.950386 0.814329 0.962131 0.934985 0.961428 0.875131 0.859752 0.950341 0.729180 0.897885
0.999403 0.806529 0.856032 0.970851 0.868121 0.886515 0.968331 0.780101 0.872674 0.953541 0.975484 0.554029 0.529683 0.000000 0.432405 0.411901 0.797659 0.714761 0.937838 0.830361 0.895596 0.954710 0.803379 0.856491 0.837136 0.717005 0.948665 0.994176 0.699832 0.613612 0.936235 0.724276 0.776000 0.767226 0.953008 0.938368 0.943075 0.934320 0.744131 0.914589 0.867566 0.947211 0.999017 0.831143 0.786297 0.721897 0.912704 0.770065 0.963598 0.918041 0.781859 0.802726 0.853594 0.777825 0.936379 0.848852 0.943652 0.829692 0.974109 0.966664 0.561455 0.637566 0.563961 0.549815 0.964365 0.863574 0.979437 0.906472 0.689567 0.899629 0.941896 0.930104 0.972093 0.996521 0.915859 0.874020 0.907654 0.981058 0.662042 0.701830 0.631417 0.651662 0.553737 0.722943 0.740760 0.766655 0.692092 0.758807 0.904727 0.911898 0.865184 0.739473 0.680422 0.779145 0.898021 0.940153 0.885803 0.970131 0.897572 0.951074 0.926767 0.954043 0.909391 0.968624 0.954603 0.978578 0.905152 0.780838 0.870079 0.838805 0.913113 0.752791 0.990345 0.806611 0.780000 0.978795
0.901502 0.935690 0.961845 0.989756 0.840936 0.972881 0.927486 0.917195 0.981896 0.902242 0.898114 0.743782 0.543130 0.432405 0.000000 0.520688 0.877343 0.815964 0.966179 0.994058 0.989602 0.952598 0.653391 0.800583 0.963983 0.862986 0.946537 0.913157 0.794141 0.713478 0.811080 0.581935 0.780944 0.862881 0.912399 0.931136 0.900994 0.884834 0.849408 0.944688 0.900476 0.990407 0.954818 0.867093 0.729059 0.723217 0.803185 0.723546 0.991368 0.855191 0.827449 0.795040 0.823994 0.690153 0.976593 0.994905 0.979657 0.939600 0.873860 0.874419 0.657412 0.795795 0.721995 0.757632 0.888192 0.868773 0.972816 0.893323 0.686836 0.997735 0.870296 0.972440 0.960897 0.960886 0.916733 0.887937 0.948465 0.894238 0.703074 0.748244 0.739007 0.706988 0.576442 0.734288 0.685852 0.689304 0.623921 0.678874 0.973511 0.970745 0.957442 0.864426 0.791063 0.908754 0.949402 0.920685 0.837555 0.973519 0.879063 0.946494 0.954791 0.963510 0.975316 0.954275 0.932776 0.988546 0.891494 0.779740 0.873433 0.985696 0.984778 0.704858 0.940504 0.880196 0.815075 0.869803
0.973348 0.745792 0.843956 0.943487 0.912895 0.784734 0.977100 0.804708 0.855086 0.928079 0.883354 0.616577 0.629603 0.411901 0.520688 0.000000 0.923385 0.782306 0.986913 0.856524 0.893897 0.878099 0.640884 0.649919 0.928675 0.889419 0.945404 0.978973 0.799468 0.757196 0.815315 0.686834 0.829408 0.777941 0.972202 0.945807 0.843881 0.783825 0.890907 0.898397 0.968147 0.915327 0.965165 0.873070 0.724300 0.671647 0.887887 0.674510 0.945219 0.866192 0.768018 0.795817 0.853218 0.784858 0.985854 0.995632 0.865088 0.790691 0.855101 0.940622 0.672885 0.654822 0.636660 0.591511 0.915345 0.805221 0.945199 0.805980 0.714864 0.848963 0.874963 0.788556 0.898949 0.897767 0.943335 0.896864 0.874899 0.933994 0.624065 0.749454 0.666597 0.640280 0.536897 0.697904 0.684836 0.682197 0.658798 0.679944 0.799780 0.956587 0.961453 0.850199 0.810265 0.876763 0.953928 0.912279 0.891296 0.868072 0.860304 0.919334 0.927533 0.981338 0.913954 0.917194 0.885657 0.895165 0.909786 0.907772 0.930107 0.853318 0.915490 0.724810 0.953339 0.801609 0.761690 0.972364
0.579700 0.551515 0.905732 0.934549 0.960123 0.846053 0.912564 0.978394 0.663695 0.828037 0.596359 0.574771 0.910359 0.797659 0.877343 0.923385 0.000000 0.364607 0.556909 0.507920 0.973497 0.904848 0.816733 0.897185 0.983383 0.910583 0.984727 0.899778 0.425493 0.413369 0.734721 0.698207 0.567322 0.564586 0.994649 0.987713 0.992631 0.923767 0.972901 0.943226 0.977580 0.770938 0.761796 0.553918 0.769086 0.696213 0.654852 0.681558 0.802147 0.835604 0.799282 0.946576 0.993303 0.999720 0.844144 0.913095 0.448041 0.498649 0.755596 0.904780 0.826655 0.867693 0.509657 0.558565 0.881175 0.924348 0.959083 0.881162 0.828374 0.521457 0.762569 0.775855 0.585506 0.582689 0.996638 0.901163 0.775756 0.840516 0.620403 0.541155 0.473958 0.563621 0.758293 0.724564 0.980140 0.954983 0.888290 0.967122 0.707532 0.947618 0.589695 0.567345 0.609302 0.681860 0.874289 0.855727 0.857611 0.893830 0.997141 0.979690 0.939237 0.972942 0.712746 0.709808 0.962265 0.844904 0.957410 0.781696 0.965612 0.674069 0.795086 0.878933 0.965196 0.844610 0.879706 0.992448
0.520166 0.494633 0.842900 0.956281 0.897817 0.930420 0.907812 0.868746 0.641246 0.866949 0.598341 0.475133 0.856922 0.714761 0.815964 0.782306 0.364607 0.000000 0.564397 0.462438 0.997316 0.975343 0.883837 0.923973 0.904580 0.869187 0.945081 0.891059 0.424081 0.405984 0.778804 0.743150 0.599260 0.509264 0.956091 0.989549 0.962637 0.897969 0.975119 0.948755 0.968552 0.847559 0.797427 0.564952 0.803465 0.703328 0.727451 0.678960 0.878582 0.886641 0.883596 0.953431 0.912167 0.936950 0.884997 0.974675 0.405662 0.453103 0.758731 0.839032 0.759436 0.722177 0.454045 0.453059 0.878751 0.993671 0.932253 0.834703 0.815851 0.470102 0.696267 0.733456 0.527366 0.584245 0.942513 0.839098 0.715147 0.794904 0.559410 0.510228 0.415459 0.493894 0.698505 0.663439 0.975694 0.893912 0.981052 0.940627 0.700511 0.899400 0.617877 0.515230 0.583026 0.612151 0.804750 0.849414 0.766874 0.797188 0.913982 0.887455 0.869928 0.933634 0.661762 0.756490 0.952297 0.959074 0.998269 0.816598 0.948780 0.643844 0.693588 0.836424 0.963401 0.845229 0.815640 0.970342
0.478150 0.563892 0.729409 0.765387 0.989846 0.970055 0.784748 0.890609 0.839049 0.925307 0.639102 0.788951 0.907452 0.937838 0.966179 0.986913 0.556909 0.564397 0.000000 0.543619 0.797037 0.871522 0.999497 0.941135 0.719533 0.723035 0.997685 0.981994 0.636897 0.754596 0.730734 0.841398 0.572423 0.539448 0.886063 0.990057 0.809857 0.847311 0.867817 0.892443 0.965847 0.752180 0.626853 0.568034 0.911837 0.833374 0.577391 0.723436 0.901586 0.866109 0.883177 0.946505 0.886678 0.804088 0.806075 0.961323 0.466091 0.608792 0.613629 0.810359 0.817754 0.950051 0.662765 0.820378 0.815661 0.846416 0.613204 0.653628 0.694145 0.635612 0.676771 0.770704 0.656452 0.621000 0.971745 0.886229 0.646102 0.781524 0.779493 0.650814 0.607239 0.607184 0.917071 0.750175 0.879148 0.834352 0.692275 0.979123 0.916825 0.799838 0.814986 0.873441 0.894861 0.975631 0.944049 0.793839 0.819540 0.755447 0.955348 0.828372 0.708064 0.955747 0.754748 0.645533 0.803261 0.905000 0.961236 0.958198 0.821622 0.859090 0.728326 0.910084 0.964309 0.958475 0.855120 0.780709
0.566270 0.571721 0.934650 0.875738 0.990057 0.961453 0.927676 0.801479 0.726338 0.849723 0.644124 0.563140 0.808242 0.830361 0.994058 0.856524 0.507920 0.462438 0.543619 0.000000 0.988230 0.980022 0.930004 0.992289 0.967629 0.929217 0.908536 0.810595 0.555484 0.581791 0.867808 0.844482 0.568190 0.569555 0.966526 0.943585 0.918741 0.943752 0.993261 0.959380 0.890472 0.843396 0.784836 0.652817 0.940632 0.892441 0.817448 0.783296 0.941853 0.911695 0.937015 0.908972 0.804460 0.744927 0.949456 0.863996 0.489361 0.465544 0.646908 0.670516 0.747739 0.756179 0.598988 0.589390 0.971955 0.949819 0.860629 0.788153 0.788587 0.566345 0.684369 0.732298 0.652583 0.778497 0.973900 0.860401 0.683146 0.718878 0.697240 0.613487 0.529433 0.604828 0.923411 0.816227 0.985558 0.993240 0.764570 0.910456 0.723214 0.853731 0.697668 0.666729 0.750642 0.704149 0.799651 0.827859 0.832086 0.863609 0.998510 0.901432 0.787978 0.992408 0.677716 0.750783 0.775856 0.926238 0.974765 0.906791 0.987661 0.664615 0.625555 0.937693 0.929742 0.852752 0.763450 0.849898
0.861292 0.917107 0.699169 0.746440 0.798710 0.916352 0.744495 0.949297 0.904813 0.795490 0.799256 0.908970 0.912033 0.895596 0.989602 0.893897 0.973497 0.997316 0.797037 0.988230 0.000000 0.975541 0.873483 0.851366 0.790312 0.655412 0.976694 0.841781 0.959182 0.924400 0.920117 0.960253 0.905196 0.896369 0.825839 0.936529 0.875383 0.919816 0.778641 0.941754 0.978798 0.913112 0.995089 0.992336 0.864045 0.801825 0.898528 0.919954 0.791751 0.748399 0.839484 0.809522 0.730087 0.819456 0.964849 0.865033 0.997607 0.876604 0.947655 0.894293 0.956138 0.859510 0.975491 0.829109 0.778906 0.766769 0.747874 0.771191 0.890579 0.996097 0.991225 0.984971 0.859222 0.873626 0.886531 0.853476 0.873182 0.916511 0.969120 0.844377 0.996921 0.938993 0.953974 0.991419 0.811633 0.733888 0.856345 0.983917 0.971697 0.951407 0.890949 0.974871 0.956899 0.904987 0.847858 0.949970 0.940392 0.977655 0.829653 0.978898 0.912550 0.929476 0.863588 0.919468 0.876993 0.970469 0.955450 0.994012 0.925120 0.992009 0.980506 0.853421 0.978989 0.965050 0.944994 0.957640
0.936274 0.953583 0.870539 0.920060 0.752016 0.919323 0.971823 0.945436 0.999612 0.978988 0.994668 0.942978 0.902752 0.954710 0.952598 0.878099 0.904848 0.975343 0.871522 0.980022 0.975541 0.000000 0.920858 0.980663 0.870625 0.968625 0.956239 0.910290 0.835833 0.919210 0.884385 0.887096 0.848504 0.910074 0.886419 0.846097 0.862924 0.842906 0.872966 0.869149 0.990363 0.888717 0.790194 0.873730 0.958085 0.912635 0.772654 0.973808 0.913458 0.859716 0.860544 0.978653 0.862109 0.983523 0.992683 0.956329 0.990257 0.999837 0.929020 0.946571 0.913156 0.829475 0.957225 0.961297 0.963218 0.948033 0.936378 0.913265 0.998528 0.987480 0.947506 0.926779 0.919475 0.876387 0.948705 0.854161 0.983145 0.966024 0.980314 0.970241 0.981167 0.981291 0.990626 0.942723 0.882101 0.918693 0.778507 0.834474 0.968972 0.901135 0.937082 0.975477 0.920134 0.906735 0.977664 0.947677 0.876733 0.992731 0.895644 0.926901 0.970861 0.923829 0.929172 0.708355 0.879820 0.903062 0.813030 0.964625 0.981589 0.821611 0.912235 0.978770 0.946790 0.992256 0.977682 0.930565
0.910292 0.998532 0.801126 0.686577 0.730477 0.793734 0.728662 0.720847 0.735372 0.997715 0.902323 0.937461 0.665863 0.803379 0.653391 0.640884 0.816733 0.883837 0.999497 0.930004 0.873483 0.920858 0.000000 0.439797 0.867458 0.764016 0.869130 0.878831 0.909014 0.878109 0.781614 0.808253 0.842951 0.856901 0.801690 0.896066 0.622575 0.777976 0.953611 0.988115 0.888911 0.989451 0.932936 0.976670 0.736364 0.759736 0.805640 0.761383 0.899785 0.849652 0.738151 0.742505 0.781499 0.775629 0.994712 0.827980 0.939207 0.927632 0.871387 0.891788 0.689098 0.760370 0.859755 0.909764 0.641741 0.618378 0.707093 0.628767 0.739618 0.851916 0.959446 0.904773 0.791369 0.778422 0.936800 0.995071 0.997618 0.844744 0.896567 0.992198 0.797534 0.777514 0.671521 0.750206 0.452441 0.490521 0.829726 0.605583 0.917055 0.725690 0.745428 0.820296 0.821810 0.840242 0.870673 0.825440 0.952651 0.942792 0.784117 0.717267 0.699686 0.851197 0.972943 0.955412 0.640229 0.766867 0.881367 0.965319 0.909821 0.991501 0.985530 0.861128 0.933719 0.840732 0.748654 0.894730
0.953780 0.942850 0.788331 0.625863 0.838127 0.839947 0.805314 0.824341 0.948689 0.859916 0.848331 0.934171 0.800625 0.856491 0.800583 0.649919 0.897185 0.923973 0.941135 0.992289 0.851366 0.980663 0.439797 0.000000 0.755464 0.749479 0.798589 0.934579 0.874302 0.877998 0.813208 0.748706 0.886430 0.847943 0.918350 0.847723 0.684273 0.762155 0.913164 0.947494 0.984271 0.916806 0.889013 0.923107 0.883051 0.843192 0.743520 0.787730 0.969501 0.906868 0.769288 0.894062 0.965073 0.990274 0.873672 0.857272 0.948673 0.993014 0.917915 0.880087 0.835974 0.864263 0.900630 0.958235 0.629068 0.589517 0.700196 0.621407 0.908482 0.935767 0.952760 0.795975 0.812716 0.842987 0.969088 0.877070 0.911054 0.881925 0.878337 0.858007 0.786165 0.709011 0.702430 0.733797 0.484610 0.481439 0.838775 0.611505 0.968631 0.777900 0.823737 0.814679 0.833269 0.787635 0.811033 0.911136 0.991811 0.859800 0.948187 0.869011 0.661653 0.956146 0.956438 0.969380 0.711043 0.736474 0.965209 0.891159 0.868336 0.904081 0.995134 0.979916 0.844254 0.797870 0.852922 0.735748
0.758143 0.883955 0.514396 0.674604 0.962450 0.934901 0.656828 0.939366 0.910283 0.888198 0.992244 0.746695 0.964354 0.837136 0.963983 0.928675 0.983383 0.904580 0.719533 0.967629 0.790312 0.870625 0.867458 0.755464 0.000000 0.523203 0.838892 0.940809 0.865750 0.842428 0.694675 0.926335 0.852893 0.846983 0.749248 0.958533 0.740068 0.813668 0.715066 0.839326 0.875816 0.982866 0.549958 0.690628 0.956237 0.872347 0.627069 0.689786 0.898642 0.794076 0.904921 0.944198 0.999441 0.907129 0.857807 0.751955 0.843388 0.989094 0.754866 0.957273 0.987646 0.801936 0.814847 0.671087 0.544005 0.769938 0.598605 0.720709 0.877931 0.953197 0.853478 0.890605 0.924628 0.917118 0.885861 0.999580 0.903179 0.942022 0.961410 0.960245 0.993576 0.851607 0.973658 0.910744 0.726511 0.788108 0.793111 0.985475 0.882589 0.903739 0.960122 0.829879 0.822118 0.728131 0.937334 0.820822 0.959593 0.971339 0.911871 0.949665 0.775112 0.990266 0.946107 0.864335 0.918334 0.941154 0.982180 0.935261 0.906620 0.928336 0.959124 0.944688 0.944849 0.968929 0.936958 0.724854
0.769477 0.932228 0.561303 0.564435 0.894108 0.863627 0.612427 0.975104 0.762780 0.823351 0.875228 0.770468 0.995754 0.717005 0.862986 0.889419 0.910583 0.869187 0.723035 0.929217 0.655412 0.968625 0.764016 0.749479 0.523203 0.000000 0.849355 0.844648 0.773608 0.683885 0.765531 0.971139 0.844867 0.848239 0.839125 0.880422 0.699607 0.881826 0.698324 0.906345 0.874739 0.869727 0.741502 0.849282 0.948759 0.981926 0.731662 0.844409 0.886726 0.985736 0.991955 0.993454 0.940050 0.879329 0.845133 0.724730 0.900335 0.957114 0.880886 0.973284 0.976659 0.835237 0.833464 0.678862 0.532611 0.677899 0.523376 0.625726 0.877083 0.853018 0.823044 0.922076 0.990361 0.936521 0.861971 0.947284 0.983326 0.907695 0.869146 0.970769 0.957245 0.900121 0.989957 0.960863 0.662830 0.651397 0.730457 0.961380 0.880220 0.767117 0.827037 0.682041 0.725047 0.672502 0.829086 0.872141 0.981016 0.976399 0.929207 0.837540 0.773835 0.930171 0.761052 0.966804 0.840858 0.877715 0.845772 0.971362 0.857502 0.907204 0.917943 0.903684 0.992312 0.905895 0.849005 0.833785
0.962042 0.909136 0.983835 0.991712 0.949182 0.941177 0.984554 0.886521 0.962858 0.789761 0.915842 0.912543 0.952845 0.948665 0.946537 0.945404 0.984727 0.945081 0.997685 0.908536 0.976694 0.956239 0.869130 0.798589 0.838892 0.849355 0.000000 0.974644 0.820871 0.939444 0.965949 0.888138 0.880559 0.952974 0.854715 0.893314 0.940681 0.897909 0.789682 0.980783 0.855194 0.962588 0.969902 0.948890 0.969995 0.990539 0.944600 0.991665 0.999160 0.995485 0.928403 0.853019 0.953963 0.966263 0.984592 0.958608 0.975944 0.912680 0.862794 0.821454 0.939539 0.895001 0.953626 0.886788 0.924818 0.920025 0.998809 0.995487 0.981772 0.996491 0.980164 0.993562 0.882155 0.955531 0.930787 0.912368 0.940398 0.962303 0.977216 0.909106 0.995643 0.896698 0.878639 0.946245 0.828608 0.799941 0.983871 0.815717 0.835000 0.947275 0.946921 0.923158 0.992526 0.867587 0.934651 0.821385 0.956895 0.781323 0.946872 0.994586 0.897636 0.850376 0.954359 0.971238 0.913282 0.952824 0.920922 0.894306 0.894478 0.990798 0.921512 0.937902 0.937240 0.945293 0.936868 0.842670
0.910887 0.911391 0.966458 0.887084 0.924909 0.864768 0.986943 0.988089 0.986891 0.958047 0.851564 0.873420 0.973466 0.994176 0.913157 0.978973 0.899778 0.891059 0.981994 0.810595 0.841781 0.910290 0.878831 0.934579 0.940809 0.844648 0.974644 0.000000 0.948547 0.948928 0.926270 0.959321 0.962227 0.949274 0.856486 0.944253 0.837760 0.868557 0.945251 0.810053 0.908847 0.912978 0.999871 0.944299 0.870876 0.940178 0.875758 0.979429 0.889347 0.899639 0.908840 0.846966 0.911882 0.851286 0.888527 0.879849 0.877325 0.908203 0.827408 0.830631 0.918088 0.913177 0.974116 0.900549 0.857423 0.945805 0.839621 0.942968 0.807726 0.914607 0.989552 0.943812 0.904578 0.967619 0.980845 0.999447 0.994888 0.928962 0.884441 0.916506 0.859985 0.890564 0.911802 0.981699 0.955511 0.875712 0.978260 0.975620 0.859371 0.998236 0.884850 0.872798 0.853908 0.938554 0.968542 0.990081 0.986167 0.884493 0.878182 0.946115 0.851491 0.900162 0.932696 0.939143 0.959904 0.970617 0.933606 0.878363 0.996404 0.917885 0.876320 0.990214 0.960222 0.880489 0.991251 0.826623
0.702507 0.602811 0.818028 0.839979 0.960010 0.913115 0.849100 0.888517 0.727072 0.640708 0.644477 0.512370 0.870009 0.699832 0.794141 0.799468 0.425493 0.424081 0.636897 0.555484 0.959182 0.835833 0.909014 0.874302 0.865750 0.773608 0.820871 0.948547 0.000000 0.369595 0.677994 0.689412 0.580298 0.553358 0.984464 0.838081 0.914585 0.865537 0.740016 0.959265 0.880929 0.822620 0.805001 0.607966 0.691865 0.607890 0.727208 0.714012 0.751107 0.785471 0.715422 0.889128 0.894883 0.832114 0.891258 0.891640 0.583399 0.588792 0.840109 0.926092 0.804553 0.785559 0.470454 0.476696 0.792224 0.841226 0.979184 0.901063 0.948922 0.539270 0.863630 0.839347 0.617358 0.604552 0.924727 0.845423 0.768902 0.851379 0.633361 0.620864 0.505210 0.692359 0.779671 0.780416 0.893345 0.947458 0.948017 0.930452 0.701454 0.983988 0.604367 0.537904 0.631461 0.597513 0.833221 0.843916 0.843765 0.802028 0.904667 0.945914 0.898425 0.933946 0.611525 0.744834 0.974107 0.908531 0.882587 0.809357 0.905502 0.692794 0.736578 0.772618 0.975518 0.772921 0.858713 0.897033
0.810539 0.696239 0.709977 0.753631 0.987036 0.879161 0.750834 0.992875 0.586104 0.738980 0.699138 0.552663 0.879673 0.613612 0.713478 0.757196 0.413369 0.405984 0.754596 0.581791 0.924400 0.919210 0.878109 0.877998 0.842428 0.683885 0.939444 0.948928 0.369595 0.000000 0.728111 0.603919 0.648869 0.641384 0.915962 0.902136 0.953024 0.909174 0.867281 0.960164 0.979552 0.881862 0.892047 0.663659 0.733915 0.670606 0.791845 0.764030 0.810340 0.847355 0.810765 0.972006 0.941369 0.849043 0.925524 0.873960 0.642624 0.628102 0.974343 0.964614 0.864805 0.828683 0.472616 0.489203 0.687064 0.769274 0.871634 0.970602 0.966511 0.554406 0.908509 0.797690 0.665238 0.670087 0.996428 0.842074 0.884081 0.913549 0.626371 0.548066 0.527547 0.630381 0.684816 0.748315 0.873855 0.948761 0.983323 0.900888 0.657431 0.885215 0.536963 0.443096 0.512258 0.525053 0.807565 0.902954 0.912144 0.848965 0.971874 0.899525 0.995367 0.882361 0.617291 0.849672 0.946324 0.799671 0.875708 0.746161 0.873040 0.682527 0.759753 0.828384 0.996425 0.794907 0.937666 0.826519
0.821341 0.737086 0.905472 0.904153 0.942697 0.807548 0.987459 0.990108 0.951746 0.748524 0.793893 0.956233 0.955247 0.936235 0.811080 0.815315 0.734721 0.778804 0.730734 0.867808 0.920117 0.884385 0.781614 0.813208 0.694675 0.765531 0.965949 0.926270 0.677994 0.728111 0.000000 0.569218 0.589889 0.681058 0.839265 0.968234 0.657214 0.745333 0.970324 0.921514 0.893360 0.930931 0.636178 0.618894 0.552976 0.594355 0.558185 0.569601 0.594942 0.682759 0.673206 0.912431 0.798790 0.763368 0.734006 0.801970 0.691375 0.767775 0.954062 0.890241 0.970165 0.964538 0.793465 0.892702 0.945359 0.952482 0.791449 0.816317 0.965260 0.756301 0.774348 0.767784 0.784930 0.801740 0.938270 0.829661 0.927466 0.884294 0.869982 0.723505 0.711505 0.703539 0.727239 0.719904 0.851777 0.811584 0.913929 0.712924 0.846693 0.911450 0.814111 0.852474 0.903397 0.916411 0.966587 0.769958 0.901305 0.870146 0.812195 0.992157 0.816918 0.956309 0.893962 0.930528 0.991039 0.906918 0.891322 0.917940 0.929403 0.835607 0.960819 0.758469 0.968701 0.939160 0.914577 0.943402
0.957438 0.912596 0.953224 0.948656 0.992972 0.949707 0.886745 0.908332 0.736677 0.974743 0.994610 0.840682 0.860038 0.724276 0.581935 0.686834 0.698207 0.743150 0.841398 0.844482 0.960253 0.887096 0.808253 0.748706 0.926335 0.971139 0.888138 0.959321 0.689412 0.603919 0.569218 0.000000 0.658041 0.810621 0.946197 0.955680 0.839962 0.751640 0.936934 0.870102 0.920972 0.782485 0.817772 0.743221 0.673453 0.697713 0.674849 0.708219 0.801731 0.811946 0.762256 0.959677 0.874783 0.807120 0.806476 0.928295 0.798440 0.828280 0.826518 0.801717 0.972658 0.987607 0.737777 0.792868 0.946414 0.932976 0.962653 0.888436 0.942352 0.816953 0.956035 0.706551 0.895747 0.832067 0.878862 0.942278 0.998011 0.942395 0.754592 0.623039 0.699840 0.692923 0.612790 0.656615 0.884884 0.803554 0.878730 0.624373 0.782332 0.972021 0.799911 0.813703 0.729717 0.886428 0.995951 0.929212 0.983448 0.772855 0.906217 0.971006 0.893695 0.886960 0.847339 0.944696 0.978870 0.980898 0.889018 0.907997 0.900028 0.848406 0.919971 0.695881 0.953103 0.806159 0.949494 0.916581
0.667368 0.564206 0.769946 0.697741 0.972886 0.966869 0.741672 0.702689 0.989601 0.746751 0.727280 0.704456 0.761078 0.776000 0.780944 0.829408 0.567322 0.599260 0.572423 0.568190 0.905196 0.848504 0.842951 0.886430 0.852893 0.844867 0.880559 0.962227 0.580298 0.648869 0.589889 0.658041 0.000000 0.493897 0.775510 0.985016 0.800885 0.890332 0.993634 0.923163 0.966345 0.751139 0.639583 0.534801 0.724334 0.678617 0.564438 0.553779 0.804890 0.740471 0.632680 0.749782 0.834893 0.924433 0.819680 0.925279 0.564201 0.554973 0.659163 0.776923 0.659835 0.771227 0.574816 0.649315 0.807895 0.841158 0.665120 0.595828 0.977941 0.797089 0.815046 0.766805 0.854810 0.883871 0.892220 0.888066 0.706129 0.780650 0.779869 0.640135 0.519045 0.625472 0.763653 0.706146 0.774684 0.801928 0.799906 0.887762 0.914474 0.722850 0.915414 0.883627 0.923634 0.948685 0.835096 0.796439 0.923369 0.888412 0.691923 0.752325 0.778587 0.885397 0.783806 0.761030 0.733639 0.941149 0.902850 0.922582 0.998539 0.782384 0.822656 0.831347 0.956039 0.930822 0.677463 0.964527
0.493166 0.481477 0.800436 0.700200 0.943081 0.985512 0.751844 0.608804 0.862353 0.793127 0.657203 0.584916 0.792340 0.767226 0.862881 0.777941 0.564586 0.509264 0.539448 0.569555 0.896369 0.910074 0.856901 0.847943 0.846983 0.848239 0.952974 0.949274 0.553358 0.641384 0.681058 0.810621 0.493897 0.000000 0.844303 0.987875 0.769132 0.815782 0.948333 0.928137 0.978951 0.817857 0.629789 0.504078 0.777055 0.676502 0.566754 0.518378 0.836067 0.839294 0.659945 0.857578 0.954637 0.936329 0.853326 0.943192 0.500437 0.528158 0.613221 0.729606 0.643772 0.641832 0.556591 0.572080 0.785695 0.760414 0.610242 0.558525 0.898295 0.678948 0.721152 0.744304 0.686090 0.728693 0.898222 0.895603 0.679756 0.666512 0.722887 0.665400 0.473262 0.567608 0.761465 0.680950 0.751274 0.754266 0.820910 0.900998 0.898830 0.762256 0.858550 0.816949 0.887680 0.919628 0.823766 0.671794 0.766247 0.829868 0.725036 0.698265 0.689423 0.964803 0.673037 0.691911 0.711947 0.900719 0.937813 0.893834 0.826590 0.646671 0.769876 0.776346 0.853018 0.870387 0.665426 0.817458
0.836941 0.886232 0.711428 0.693375 0.956263 0.840762 0.699323 0.813677 0.785026 0.909902 0.989519 0.966823 0.824168 0.953008 0.912399 0.972202 0.994649 0.956091 0.886063 0.966526 0.825839 0.886419 0.801690 0.918350 0.749248 0.839125 0.854715 0.856486 0.984464 0.915962 0.839265 0.946197 0.775510 0.844303 0.000000 0.911585 0.701977 0.928492 0.913028 0.989509 0.985275 0.935654 0.689185 0.724729 0.810802 0.797699 0.785327 0.773643 0.822408 0.686229 0.731104 0.723949 0.764561 0.898478 0.833031 0.798562 0.899331 0.860915 0.780282 0.856619 0.738551 0.790393 0.960225 0.998683 0.653999 0.729779 0.699727 0.699392 0.995117 0.919200 0.923055 0.975273 0.903532 0.891937 0.978782 0.922769 0.809603 0.790160 0.951855 0.936412 0.905839 0.886603 0.899546 0.798202 0.728140 0.785632 0.985683 0.933551 0.849630 0.782126 0.834025 0.850670 0.818668 0.791443 0.978179 0.756427 0.990326 0.881221 0.851512 0.922507 0.924118 0.689230 0.984623 0.832573 0.854150 0.993244 0.888296 0.977887 0.908012 0.981804 0.977246 0.961795 0.834872 0.957475 0.791505 0.999914
0.944470 0.996325 0.940795 0.931699 0.783265 0.914209 0.967499 0.968432 0.895364 0.990718 0.928029 0.961296 0.998059 0.938368 0.931136 0.945807 0.987713 0.989549 0.990057 0.943585 0.936529 0.846097 0.896066 0.847723 0.958533 0.880422 0.893314 0.944253 0.838081 0.902136 0.968234 0.955680 0.985016 0.987875 0.911585 0.000000 0.902893 0.991458 0.885828 0.953695 0.944486 0.965604 0.983716 0.911950 0.885226 0.874260 0.968421 0.973941 0.861516 0.924784 0.993858 0.960613 0.986837 0.982410 0.862838 0.965701 0.908986 0.980428 0.959139 0.963445 0.955933 0.940065 0.963032 0.932626 0.916471 0.956250 0.974194 0.969391 0.929726 0.933067 0.911058 0.912373 0.955420 0.956792 0.968784 0.918960 0.869472 0.874473 0.882065 0.964744 0.972420 0.881581 0.870008 0.809697 0.835796 0.852070 0.907333 0.771656 0.821996 0.783578 0.979396 0.993338 0.972652 0.986508 0.995569 0.942133 0.905789 0.940502 0.988609 0.990030 0.905404 0.860977 0.957170 0.973208 0.976743 0.905788 0.883520 0.935795 0.972296 0.991914 0.915174 0.941577 0.995597 0.920785 0.913664 0.881064
0.853624 0.771358 0.842603 0.775374 0.931964 0.735016 0.920082 0.926840 0.886273 0.847685 0.988357 0.974400 0.895356 0.943075 0.900994 0.843881 0.992631 0.962637 0.809857 0.918741 0.875383 0.862924 0.622575 0.684273 0.740068 0.699607 0.940681 0.837760 0.914585 0.953024 0.657214 0.839962 0.800885 0.769132 0.701977 0.902893 0.000000 0.602497 0.866404 0.996863 0.997875 0.906983 0.696662 0.770611 0.674955 0.647149 0.667793 0.646560 0.679108 0.630627 0.764776 0.793116 0.836879 0.821632 0.737394 0.657510 0.823190 0.807351 0.982570 0.936540 0.948911 0.937806 0.963829 0.985403 0.767703 0.905635 0.749415 0.693508 0.992002 0.924494 0.739084 0.779921 0.985214 0.921604 0.866269 0.928017 0.983462 0.724011 0.915776 0.955109 0.898137 0.843730 0.898067 0.805321 0.803793 0.804972 0.906585 0.824488 0.896612 0.830083 0.948925 0.944021 0.807271 0.973731 0.981235 0.800939 0.841457 0.840328 0.721710 0.817923 0.673815 0.882422 0.885222 0.898675 0.844132 0.867515 0.888454 0.925237 0.941630 0.895662 0.974237 0.854842 0.999544 0.905717 0.777977 0.981140
0.923102 0.789538 0.994711 0.948046 0.993297 0.892156 0.891015 0.985925 0.956579 0.865316 0.888867 0.925041 0.922613 0.934320 0.884834 0.783825 0.923767 0.897969 0.847311 0.943752 0.919816 0.842906 0.777976 0.762155 0.813668 0.881826 0.897909 0.868557 0.865537 0.909174 0.745333 0.751640 0.890332 0.815782 0.928492 0.991458 0.602497 0.000000 0.961362 0.964634 0.889286 0.799889 0.604716 0.682740 0.575447 0.573655 0.640582 0.589291 0.611104 0.633453 0.731581 0.845954 0.794682 0.810431 0.825538 0.795033 0.839515 0.892069 0.928984 0.813614 0.931445 0.915740 0.974333 0.925297 0.851942 0.957143 0.819158 0.844092 0.862920 0.784180 0.776439 0.645664 0.880154 0.820258 0.957579 0.881686 0.953245 0.932023 0.743271 0.897532 0.883925 0.829948 0.802232 0.754581 0.915938 0.796222 0.953698 0.823497 0.797671 0.979368 0.945971 0.992451 0.946148 0.940301 0.956679 0.763633 0.791603 0.767694 0.826985 0.854709 0.699410 0.934846 0.837272 0.777201 0.927927 0.781108 0.898859 0.963945 0.837577 0.879486 0.860764 0.808490 0.903201 0.863685 0.845915 0.842694
