0.000000 0.229506 0.701308 0.536824 0.875681 0.903529 0.544419 0.418203 0.810545 0.934736 0.539575 0.284340 0.446107 0.441517 0.846700 0.694180 0.315383 0.297655 0.319236 0.316071 0.770699 0.947251 0.655829 0.664588 0.707494 0.821875 0.732032 0.999409 0.440923 0.387149 0.660825 0.538123 0.376856 0.367683 0.792844 0.991248 0.630184 0.584382 0.805422 0.662563 0.706755 0.689357 0.841807 0.650010 0.975726 0.800636 0.480636 0.577264 0.752477 0.597590 0.628609 0.585416 0.806390 0.985014 0.442914 0.532221 0.231209 0.225245 0.369922 0.321279 0.389353 0.391794 0.279810 0.238677 0.689620 0.599611 0.681551 0.617992 0.394272 0.361870 0.869951 0.818030 0.804098 0.963976 0.875113 0.923287 0.922588 0.956089 0.595618 0.574712 0.349671 0.389788 0.499699 0.432758 0.331682 0.351319 0.984240 0.805222 0.429575 0.305770 0.619047 0.634481 0.588129 0.492231 0.947698 0.940417 0.779333 0.871384 0.939825 0.917410 0.992737 0.936210 0.837822 0.726545 0.746884 0.682213 0.713593 0.972916 0.943747 0.639005 0.810572 0.841619 0.959707 0.936449 0.688093 0.756656
0.229506 0.000000 0.582781 0.455140 0.854934 0.821325 0.560629 0.424896 0.775965 0.955909 0.627895 0.329666 0.524438 0.520554 0.871685 0.701186 0.288320 0.266040 0.338558 0.347376 0.685089 0.938908 0.632689 0.622956 0.594516 0.724758 0.631637 0.954825 0.494850 0.357788 0.574008 0.506604 0.390811 0.359568 0.744045 0.864712 0.502288 0.507592 0.710123 0.674744 0.714150 0.665371 0.764739 0.597781 0.980295 0.811471 0.434140 0.528317 0.812923 0.613937 0.631141 0.560872 0.756752 0.957430 0.430571 0.516341 0.194154 0.202825 0.388957 0.334875 0.456334 0.411807 0.372375 0.294362 0.585125 0.496451 0.601010 0.559667 0.378235 0.322759 0.822137 0.859518 0.764220 0.957658 0.849544 0.879827 0.878508 0.931137 0.549582 0.506727 0.338235 0.416431 0.427550 0.386129 0.367377 0.337540 0.936137 0.803571 0.535777 0.307510 0.549663 0.575086 0.543586 0.476774 0.927695 0.961210 0.795468 0.849317 0.974949 0.927558 0.919348 0.839826 0.902021 0.828262 0.705170 0.653830 0.681868 0.938924 0.964490 0.601392 0.808951 0.898313 0.946531 0.948819 0.666565 0.769329
0.701308 0.582781 0.000000 0.290858 0.967679 0.892010 0.579408 0.580449 0.826004 0.807903 0.979066 0.768073 0.795739 0.707409 0.685272 0.485350 0.629452 0.607677 0.557112 0.599887 0.540929 0.933060 0.425810 0.419136 0.295375 0.319714 0.532490 0.970335 0.886443 0.595526 0.381885 0.502850 0.581323 0.662397 0.547826 0.616638 0.520360 0.557707 0.589397 0.899678 0.889850 0.724690 0.861988 0.790307 0.751891 0.792017 0.708134 0.766564 0.704596 0.926986 0.994158 0.914176 0.884884 0.938260 0.765273 0.921416 0.588925 0.567545 0.814477 0.742678 0.673187 0.676941 0.841196 0.770123 0.279026 0.319875 0.506802 0.590145 0.665285 0.659996 0.545704 0.786543 0.683419 0.753653 0.714907 0.937693 0.754817 0.729304 0.792935 0.860756 0.863107 0.850484 0.567417 0.779905 0.626269 0.507944 0.879299 0.965781 0.913703 0.692364 0.797977 0.712818 0.911702 0.868129 0.982215 0.880744 0.884207 0.981527 0.824667 0.953474 0.980358 0.863312 0.841683 0.929626 0.662712 0.713501 0.701237 0.850051 0.923126 0.724150 0.856544 0.885294 0.889345 0.944899 0.603926 0.986968
0.536824 0.455140 0.290858 0.000000 0.952392 0.971282 0.429862 0.358228 0.805342 0.968978 0.949902 0.600409 0.631898 0.524864 0.613682 0.382830 0.539412 0.527117 0.422112 0.528244 0.559860 0.941637 0.305525 0.353215 0.408809 0.430267 0.569743 0.981594 0.741334 0.527196 0.311909 0.389672 0.391994 0.513789 0.551232 0.696695 0.548277 0.573818 0.746478 0.898966 0.896604 0.743180 0.651734 0.581687 0.950608 0.979722 0.557193 0.572001 0.938970 0.802248 0.709682 0.635458 0.662268 0.729081 0.633670 0.771448 0.447749 0.433906 0.600156 0.488693 0.510094 0.441272 0.669936 0.561462 0.340678 0.261551 0.400350 0.447236 0.654749 0.527493 0.472206 0.761848 0.567128 0.698539 0.721464 0.826208 0.703615 0.669409 0.581780 0.660594 0.715800 0.764681 0.502575 0.690406 0.489686 0.371543 0.960964 0.882588 0.778528 0.503950 0.874010 0.798684 0.921853 0.859619 0.890082 0.812454 0.780284 0.822728 0.977842 0.857636 0.950822 0.998308 0.943733 0.959341 0.537673 0.543353 0.620121 0.764653 0.977929 0.653621 0.783647 0.912243 0.911026 0.996761 0.497271 0.994416
0.875681 0.854934 0.967679 0.952392 0.000000 0.603779 0.745113 0.785409 0.454715 0.554254 0.777886 0.988737 0.834589 0.885068 0.601227 0.751348 0.878110 0.797650 0.904221 0.964469 0.961487 0.965230 0.721572 0.844679 0.799657 0.888799 0.958321 0.950229 0.900985 0.988730 0.878133 0.869975 0.918993 0.994159 0.912046 0.939209 0.804332 0.794357 0.800870 0.760372 0.701021 0.895789 0.859680 0.967553 0.771216 0.865529 0.948076 0.963546 0.888193 0.955807 0.809360 0.853866 0.723588 0.666161 0.997873 0.966439 0.860729 0.888593 0.983627 0.987149 0.801608 0.726135 0.953837 0.991564 0.892000 0.984463 0.855182 0.951693 0.875990 0.944715 0.672651 0.847957 0.864711 0.765407 0.995329 0.966556 0.799932 0.873415 0.862209 0.959065 0.951784 0.960049 0.958746 0.787514 0.944976 0.957650 0.886159 0.889673 0.981350 0.944999 0.518885 0.538352 0.547020 0.577386 0.853404 0.920970 0.917473 0.777210 0.657445 0.718818 0.687224 0.564489 0.843029 0.827548 0.787078 0.883710 0.965342 0.901799 0.999810 0.929881 0.829705 0.779513 0.784266 0.939544 0.894190 0.941415
0.903529 0.821325 0.892010 0.971282 0.603779 0.000000 0.778716 0.856905 0.537156 0.605952 0.816574 0.981083 0.907435 0.962367 0.788200 0.780459 0.963816 0.880329 0.940295 0.911425 0.784912 0.887790 0.749946 0.844615 0.855498 0.895005 0.840649 0.916095 0.902425 0.928743 0.899689 0.995951 0.981380 0.961986 0.855156 0.991074 0.792108 0.887011 0.788223 0.837781 0.821791 0.946062 0.849281 0.896677 0.649456 0.765112 0.942039 0.856715 0.779059 0.818219 0.808137 0.843444 0.739485 0.684762 0.901570 0.833328 0.861817 0.886624 0.969361 0.991138 0.848811 0.875217 0.944717 0.943151 0.828556 0.950769 0.853574 0.852682 0.793634 0.923102 0.845868 0.817744 0.896532 0.818672 0.878207 0.902572 0.762713 0.817266 0.878907 0.858548 0.946747 0.941801 0.968191 0.852607 0.912145 0.997338 0.928792 0.995292 0.930923 0.979453 0.497157 0.579877 0.543891 0.697425 0.840543 0.950933 0.856472 0.898814 0.614335 0.665694 0.768462 0.736474 0.700630 0.840474 0.827901 0.894342 0.983529 0.848820 0.960442 0.825413 0.977963 0.669527 0.815174 0.948075 0.777962 0.833748
0.544419 0.560629 0.579408 0.429862 0.745113 0.778716 0.000000 0.241900 0.686103 0.513683 0.997370 0.650292 0.554751 0.564295 0.605262 0.533966 0.583049 0.636308 0.402466 0.629696 0.818501 0.864553 0.398188 0.628796 0.859596 0.814507 0.876467 0.979531 0.503316 0.623000 0.377471 0.445431 0.395949 0.393523 0.612857 0.895343 0.834381 0.824577 0.907407 0.904517 0.982636 0.670859 0.535545 0.443316 0.643225 0.587787 0.493502 0.461273 0.622101 0.527051 0.435565 0.422812 0.445811 0.563753 0.518290 0.602308 0.521487 0.514415 0.373639 0.367490 0.303637 0.352958 0.437361 0.438841 0.787267 0.630455 0.402140 0.413249 0.863682 0.517751 0.573295 0.909141 0.544312 0.672782 0.789091 0.826951 0.497566 0.667533 0.604210 0.721294 0.633480 0.808979 0.642278 0.871129 0.523897 0.557904 0.756725 0.977361 0.711972 0.533332 0.817398 0.809014 0.783724 0.928160 0.724926 0.700909 0.618454 0.689612 0.520684 0.482817 0.683234 0.689037 0.665803 0.636161 0.531549 0.463568 0.553083 0.675433 0.921933 0.734582 0.623950 0.578506 0.629996 0.723395 0.476039 0.969222
0.418203 0.424896 0.580449 0.358228 0.785409 0.856905 0.241900 0.000000 0.754596 0.563741 0.889418 0.477303 0.460205 0.421265 0.572195 0.464562 0.493192 0.514364 0.334131 0.499563 0.764392 0.854298 0.373119 0.531415 0.792019 0.784810 0.863299 0.967466 0.461300 0.519050 0.368374 0.393392 0.320442 0.353513 0.643535 0.894630 0.760601 0.762135 0.949404 0.879288 0.948518 0.703467 0.481711 0.391555 0.683907 0.594554 0.423702 0.410118 0.620040 0.488004 0.385099 0.367817 0.428220 0.546252 0.490013 0.565364 0.407239 0.401192 0.343236 0.281896 0.301370 0.231920 0.399631 0.341820 0.715764 0.516593 0.418707 0.398601 0.728088 0.451915 0.540979 0.856961 0.501709 0.628545 0.801737 0.761482 0.557433 0.707280 0.520167 0.574576 0.511247 0.649029 0.587827 0.731038 0.415581 0.427690 0.799237 0.919807 0.615152 0.411602 0.903569 0.896808 0.911398 0.968099 0.715209 0.725796 0.610238 0.706121 0.567042 0.505651 0.712989 0.740432 0.721505 0.645116 0.513389 0.425191 0.547799 0.653472 0.953650 0.678888 0.630355 0.594409 0.646423 0.786158 0.480106 0.984749
0.810545 0.775965 0.826004 0.805342 0.454715 0.537156 0.686103 0.754596 0.000000 0.577251 0.741804 0.863504 0.861932 0.855584 0.607916 0.631190 0.820065 0.747682 0.910072 0.919637 0.929894 0.906547 0.623042 0.759409 0.994691 0.916708 0.926983 0.901356 0.983946 0.879871 0.703899 0.892429 0.993245 0.939720 0.873732 0.973637 0.781000 0.838749 0.800647 0.693474 0.688172 0.961660 0.867928 0.984482 0.912479 0.980938 0.906171 0.995528 0.925709 0.891677 0.942429 0.982027 0.787521 0.689151 0.926980 0.807098 0.773134 0.826664 0.888695 0.914159 0.846267 0.799424 0.908761 0.893472 0.963643 0.866145 0.867863 0.939904 0.796235 0.868003 0.554476 0.618373 0.669690 0.572164 0.951660 0.986286 0.708001 0.728505 0.853544 0.877672 0.790833 0.828974 0.918316 0.617934 0.960351 0.942688 0.889316 0.912063 0.854927 0.867256 0.382905 0.474773 0.394256 0.423385 0.851986 0.785192 0.784989 0.807104 0.678888 0.728561 0.653329 0.668235 0.961204 0.855239 0.763239 0.909534 0.913726 0.696885 0.975807 0.937085 0.953802 0.816512 0.826265 0.984668 0.770011 0.856045
0.934736 0.955909 0.807903 0.968978 0.554254 0.605952 0.513683 0.563741 0.577251 0.000000 0.882265 0.923158 0.749171 0.808677 0.762254 0.890428 0.977303 0.909688 0.835115 0.949806 0.800215 0.869470 0.825871 0.947730 0.567852 0.660638 0.644256 0.961092 0.667891 0.984377 0.817622 0.860077 0.805868 0.776703 0.996495 0.800704 0.664392 0.709963 0.476785 0.887772 0.774621 0.981944 0.621588 0.653158 0.467525 0.493547 0.815091 0.715480 0.477317 0.591259 0.499226 0.572894 0.525246 0.533509 0.851849 0.827493 0.983376 0.979238 0.669728 0.688776 0.626172 0.620057 0.708974 0.778977 0.646350 0.826859 0.829301 0.831448 0.744258 0.944729 0.781322 0.814192 0.772111 0.747070 0.886816 0.904343 0.640185 0.870739 0.894745 0.943989 0.917765 0.935245 0.846745 0.725394 0.949311 0.929706 0.579714 0.826682 0.892021 0.925958 0.418260 0.377907 0.473955 0.588778 0.735911 0.736345 0.712420 0.675280 0.326768 0.396474 0.510068 0.494800 0.585228 0.610249 0.818134 0.737760 0.816236 0.668689 0.936521 0.999647 0.740909 0.512671 0.554745 0.723867 0.785520 0.869816
0.539575 0.627895 0.979066 0.949902 0.777886 0.816574 0.997370 0.889418 0.741804 0.882265 0.000000 0.483853 0.536740 0.602269 0.919544 0.975296 0.564879 0.533151 0.629997 0.510328 0.976690 0.964921 0.888015 0.933768 0.889632 0.936022 0.869249 0.904423 0.592031 0.588900 0.888484 0.960222 0.839709 0.686593 0.944533 0.796785 0.781294 0.781920 0.855022 0.721039 0.590377 0.903142 0.686658 0.859076 0.691120 0.811829 0.986250 0.860125 0.899874 0.906206 0.848530 0.874011 0.699193 0.591046 0.843362 0.842778 0.667474 0.619650 0.883735 0.839484 0.686620 0.812632 0.582038 0.613942 0.892539 0.926315 0.773392 0.853133 0.487527 0.760684 0.848995 0.772328 0.862038 0.784224 0.917256 0.888254 0.731543 0.761072 0.973121 0.918622 0.719238 0.564584 0.798751 0.639689 0.698604 0.770459 0.924042 0.869543 0.644913 0.753992 0.644823 0.674834 0.575481 0.641944 0.724973 0.800703 0.946415 0.790896 0.756077 0.722367 0.989980 0.908838 0.982260 0.913457 0.810714 0.894314 0.925178 0.809109 0.901499 0.866511 0.900939 0.878693 0.666553 0.720401 0.981727 0.627511
0.284340 0.329666 0.768073 0.600409 0.988737 0.981083 0.650292 0.477303 0.863504 0.923158 0.483853 0.000000 0.355119 0.331853 0.651553 0.619659 0.324718 0.299607 0.341153 0.333444 0.796286 0.982148 0.662624 0.642925 0.739192 0.858104 0.775327 0.997566 0.439100 0.359162 0.739223 0.585109 0.442651 0.443562 0.755543 0.942802 0.693489 0.676724 0.843882 0.798687 0.754762 0.763001 0.889552 0.723088 0.986809 0.866027 0.577610 0.657550 0.845060 0.701551 0.705414 0.669524 0.849857 0.989472 0.490205 0.595387 0.348353 0.313841 0.523200 0.456824 0.410497 0.377318 0.344489 0.286455 0.691603 0.576634 0.795810 0.732850 0.385198 0.455598 0.906137 0.916221 0.796551 0.887673 0.856268 0.927945 0.922910 0.969030 0.646407 0.525015 0.356289 0.307027 0.480318 0.422109 0.322355 0.357864 0.913237 0.717182 0.389483 0.404379 0.707977 0.714501 0.643259 0.591834 0.981981 0.971356 0.903185 0.984434 0.973699 0.944137 0.973257 0.946886 0.865777 0.763037 0.748275 0.722743 0.756541 0.988501 0.872882 0.693548 0.820308 0.860155 0.948439 0.921164 0.734778 0.786695
0.446107 0.524438 0.795739 0.631898 0.834589 0.907435 0.554751 0.460205 0.861932 0.749171 0.536740 0.355119 0.000000 0.297115 0.448961 0.583074 0.459326 0.511350 0.368534 0.464019 0.899279 0.887371 0.622986 0.710998 0.863561 0.920478 0.868775 0.983521 0.432996 0.489771 0.704247 0.538728 0.494861 0.466655 0.781858 0.858936 0.799121 0.827838 0.993633 0.855477 0.807335 0.870839 0.880350 0.761306 0.988697 0.897378 0.658212 0.770837 0.888162 0.779783 0.734604 0.701846 0.835952 0.895207 0.612003 0.683563 0.550977 0.489712 0.633809 0.563107 0.310582 0.394434 0.362172 0.369895 0.778646 0.621142 0.857082 0.784412 0.594583 0.579371 0.816627 0.957405 0.653784 0.734843 0.808216 0.941227 0.833802 0.910640 0.771663 0.688216 0.526707 0.487584 0.573600 0.688704 0.444540 0.504847 0.959640 0.855634 0.509573 0.563905 0.992765 0.977119 0.896540 0.855625 0.953601 0.937424 0.771074 0.931390 0.823758 0.829375 0.762193 0.709031 0.844054 0.661276 0.768990 0.682303 0.800954 0.907468 0.828447 0.781440 0.851838 0.828124 0.988750 0.954100 0.646316 0.745081
0.441517 0.520554 0.707409 0.524864 0.885068 0.962367 0.564295 0.421265 0.855584 0.808677 0.602269 0.331853 0.297115 0.000000 0.446972 0.454078 0.491649 0.476264 0.377928 0.400722 0.798589 0.999085 0.515197 0.540009 0.791503 0.804413 0.837236 0.929514 0.516771 0.501711 0.648228 0.523389 0.495945 0.531767 0.738427 0.904684 0.809243 0.810249 0.929881 0.910439 0.875824 0.774362 0.857461 0.754745 0.955151 0.939687 0.663702 0.735627 0.930808 0.808586 0.716235 0.695672 0.822738 0.858297 0.638159 0.741777 0.537389 0.462160 0.651721 0.545614 0.394101 0.357501 0.433915 0.391782 0.695713 0.528206 0.779508 0.748542 0.620995 0.611550 0.716340 0.869935 0.594253 0.612085 0.741094 0.867647 0.854573 0.980167 0.678288 0.669356 0.565910 0.476622 0.587190 0.683807 0.410385 0.433130 0.984651 0.800613 0.536015 0.502085 0.970116 0.949021 0.909310 0.882975 0.897348 0.843044 0.848921 0.920816 0.853080 0.835145 0.770372 0.753368 0.900990 0.673084 0.669604 0.600829 0.783314 0.856979 0.865410 0.734609 0.815203 0.864385 0.945545 0.950079 0.658075 0.897519
0.846700 0.871685 0.685272 0.613682 0.601227 0.788200 0.605262 0.572195 0.607916 0.762254 0.919544 0.651553 0.448961 0.446972 0.000000 0.433391 0.744877 0.794269 0.632217 0.728757 0.826728 0.938657 0.467337 0.586765 0.830589 0.797766 0.959635 0.950819 0.661565 0.694230 0.652581 0.608328 0.668407 0.739910 0.690717 0.978508 0.898062 0.981989 0.989797 0.917536 0.919137 0.991843 0.844854 0.834771 0.998577 0.994470 0.848879 0.836643 0.939389 0.981367 0.853634 0.843023 0.809011 0.728532 0.847003 0.907901 0.893316 0.806456 0.919361 0.834738 0.521674 0.570760 0.704474 0.704881 0.712183 0.585453 0.776166 0.796624 0.868470 0.838184 0.617639 0.719563 0.584085 0.593997 0.701591 0.987886 0.717190 0.879099 0.825754 0.811645 0.820690 0.737923 0.655713 0.920679 0.612481 0.653003 0.985918 0.853685 0.760863 0.836689 0.764258 0.807198 0.805155 0.792913 0.906755 0.934455 0.944930 0.933752 0.812440 0.773713 0.713603 0.586814 0.898281 0.798513 0.674079 0.696430 0.836328 0.904555 0.758322 0.906235 0.779669 0.906874 0.963577 0.906222 0.694254 0.919166
0.694180 0.701186 0.485350 0.382830 0.751348 0.780459 0.533966 0.464562 0.631190 0.890428 0.975296 0.619659 0.583074 0.454078 0.433391 0.000000 0.667192 0.698512 0.525264 0.641865 0.681158 0.995399 0.243035 0.292683 0.577756 0.546938 0.709248 0.952235 0.720529 0.578015 0.487616 0.484472 0.504293 0.655569 0.472327 0.830093 0.788966 0.822939 0.850273 0.958605 0.984020 0.934953 0.707271 0.675501 0.963950 0.962337 0.657665 0.643658 0.976107 0.816990 0.723794 0.689450 0.657080 0.648750 0.679572 0.796425 0.682276 0.632571 0.728383 0.657999 0.526824 0.472884 0.706046 0.620337 0.472517 0.348971 0.464932 0.536571 0.778152 0.690831 0.505662 0.742779 0.552063 0.576567 0.676378 0.773570 0.621419 0.798284 0.715436 0.702996 0.759382 0.681759 0.530878 0.789203 0.443806 0.420618 0.898591 0.687541 0.656056 0.577184 0.883050 0.989727 0.885383 0.974474 0.831427 0.799063 0.825960 0.960242 0.834003 0.768361 0.825135 0.791600 0.939091 0.862838 0.453586 0.577427 0.708758 0.801466 0.938353 0.817582 0.774619 0.796560 0.873661 0.973302 0.536645 0.909529
0.315383 0.288320 0.629452 0.539412 0.878110 0.963816 0.583049 0.493192 0.820065 0.977303 0.564879 0.324718 0.459326 0.491649 0.744877 0.667192 0.000000 0.242631 0.376847 0.406104 0.756010 0.981542 0.621787 0.649443 0.613855 0.752882 0.672760 0.961803 0.375313 0.311426 0.635804 0.548836 0.414061 0.355374 0.671114 0.908328 0.621898 0.564425 0.756599 0.679226 0.736722 0.664834 0.821496 0.637256 0.935571 0.804156 0.435143 0.562539 0.822668 0.650899 0.710264 0.638057 0.800657 0.960070 0.377639 0.424859 0.299089 0.281494 0.494768 0.458454 0.425695 0.471261 0.353880 0.302660 0.610079 0.541095 0.637495 0.590608 0.417392 0.384632 0.867984 0.836787 0.811228 0.964524 0.826326 0.945221 0.831539 0.950766 0.628415 0.511884 0.318408 0.344129 0.408652 0.343920 0.333779 0.347785 0.845756 0.763744 0.493673 0.363022 0.621461 0.635106 0.605393 0.524183 0.976052 0.919447 0.861741 0.907776 0.971615 0.929676 0.991934 0.947097 0.873645 0.818990 0.747342 0.654502 0.773113 0.991863 0.853907 0.584421 0.787358 0.911774 0.956525 0.964912 0.657622 0.809680
0.297655 0.266040 0.607677 0.527117 0.797650 0.880329 0.636308 0.514364 0.747682 0.909688 0.533151 0.299607 0.511350 0.476264 0.794269 0.698512 0.242631 0.000000 0.371109 0.362554 0.713589 0.983113 0.673918 0.636233 0.577902 0.678591 0.650287 0.983762 0.464557 0.341171 0.651365 0.553177 0.423804 0.411977 0.691066 0.885862 0.562276 0.510707 0.700758 0.701492 0.719814 0.644903 0.855910 0.675079 0.956324 0.880055 0.498693 0.584341 0.886440 0.714524 0.740795 0.666049 0.860425 0.978781 0.422184 0.532573 0.274118 0.247009 0.524665 0.471795 0.486313 0.476515 0.397501 0.313608 0.567559 0.500148 0.688014 0.655373 0.390170 0.378036 0.909941 0.807414 0.862806 0.961021 0.841927 0.926100 0.910087 0.992295 0.583839 0.504701 0.328146 0.338491 0.434004 0.340298 0.359504 0.326759 0.809928 0.829769 0.502188 0.379680 0.541872 0.547165 0.535082 0.469459 0.962208 0.941730 0.929064 0.991218 0.899821 0.986186 0.935744 0.852068 0.926616 0.861452 0.737506 0.683930 0.720180 0.991514 0.838820 0.632953 0.792390 0.997692 0.883696 0.948803 0.687053 0.790982
0.319236 0.338558 0.557112 0.422112 0.904221 0.940295 0.402466 0.334131 0.910072 0.835115 0.629997 0.341153 0.368534 0.377928 0.632217 0.525264 0.376847 0.371109 0.000000 0.339488 0.747111 0.885929 0.469341 0.556714 0.640600 0.697925 0.700904 0.983606 0.475210 0.383036 0.508421 0.451625 0.372286 0.381291 0.623805 0.921828 0.601045 0.593812 0.876983 0.689733 0.703287 0.648126 0.823746 0.655788 0.981989 0.873275 0.509363 0.618320 0.880198 0.706041 0.666148 0.615530 0.759058 0.907797 0.431373 0.624570 0.340148 0.299448 0.464753 0.405503 0.316245 0.319569 0.358060 0.307126 0.584154 0.469579 0.584229 0.597913 0.468182 0.403841 0.760168 0.983646 0.643373 0.776244 0.771424 0.922711 0.822569 0.885516 0.689290 0.628594 0.455803 0.473411 0.470614 0.535628 0.330311 0.329683 0.969887 0.831539 0.528695 0.368530 0.834485 0.811536 0.824322 0.729671 0.883913 0.874209 0.687034 0.846821 0.857415 0.838897 0.798035 0.926858 0.839580 0.713104 0.597870 0.613383 0.686222 0.925250 0.932131 0.637937 0.715714 0.798179 0.986914 0.983419 0.552873 0.777361
0.316071 0.347376 0.599887 0.528244 0.964469 0.911425 0.629696 0.499563 0.919637 0.949806 0.510328 0.333444 0.464019 0.400722 0.728757 0.641865 0.406104 0.362554 0.339488 0.000000 0.723523 0.946730 0.644389 0.607935 0.609843 0.715189 0.656027 0.983243 0.566096 0.421813 0.682980 0.587636 0.480942 0.496573 0.762285 0.914375 0.565624 0.566269 0.779397 0.767190 0.725633 0.692443 0.972480 0.858686 0.810535 0.948590 0.636644 0.764493 0.986675 0.881426 0.861329 0.808379 0.983040 0.877190 0.612795 0.713068 0.369464 0.312547 0.593141 0.507136 0.482236 0.445451 0.432625 0.371042 0.599917 0.535435 0.783262 0.729382 0.364720 0.441521 0.828126 0.921002 0.788843 0.926969 0.804236 0.951651 0.971236 0.979991 0.687978 0.631984 0.495199 0.415981 0.506153 0.490393 0.405159 0.418348 0.925875 0.806017 0.511944 0.454896 0.649173 0.653703 0.637746 0.612844 0.969378 0.969697 0.810738 0.975982 0.911577 0.921582 0.988880 0.869892 0.999312 0.807671 0.757070 0.735395 0.822859 0.987291 0.980572 0.710416 0.913854 0.994321 0.901165 0.911700 0.758815 0.772592
0.770699 0.685089 0.540929 0.559860 0.961487 0.784912 0.818501 0.764392 0.929894 0.800215 0.976690 0.796286 0.899279 0.798589 0.826728 0.681158 0.756010 0.713589 0.747111 0.723523 0.000000 0.961730 0.683369 0.649940 0.531042 0.509025 0.728822 0.975223 0.954313 0.764596 0.574595 0.745664 0.703364 0.822958 0.783934 0.839594 0.661031 0.829211 0.770981 0.975902 0.813184 0.820748 0.934504 0.921350 0.793137 0.815733 0.862866 0.867966 0.789209 0.964604 0.994965 0.942074 0.985268 0.985311 0.828001 0.998379 0.711606 0.715410 0.885285 0.873347 0.870252 0.801221 0.890666 0.857491 0.532503 0.568043 0.691104 0.776244 0.717944 0.839519 0.717306 0.897114 0.708635 0.769748 0.758704 0.934689 0.889961 0.864225 0.765554 0.780716 0.868481 0.878647 0.749201 0.829650 0.775428 0.672018 0.892496 0.958047 0.922637 0.810816 0.757812 0.712507 0.810620 0.931372 0.901659 0.916209 0.890558 0.864522 0.818224 0.932877 0.877554 0.874216 0.784473 0.979050 0.746205 0.808686 0.918561 0.974725 0.901649 0.843386 0.942982 0.810252 0.928108 0.951284 0.721498 0.942797
0.947251 0.938908 0.933060 0.941637 0.965230 0.887790 0.864553 0.854298 0.906547 0.869470 0.964921 0.982148 0.887371 0.999085 0.938657 0.995399 0.981542 0.983113 0.885929 0.946730 0.961730 0.000000 0.974452 0.983454 0.952362 0.978530 0.930058 0.823600 0.970461 0.952315 0.804882 0.840975 0.947701 0.806731 0.971788 0.936161 0.980278 0.938339 0.889900 0.822333 0.893560 0.921364 0.835545 0.848616 0.873468 0.891110 0.907830 0.973896 0.871164 0.889935 0.867764 0.900624 0.908788 0.890280 0.921834 0.870652 0.973688 0.998011 0.903453 0.926001 0.867838 0.898896 0.941120 0.932559 0.996574 0.981893 0.840462 0.888330 0.987452 0.907270 0.950028 0.797873 0.929366 0.862841 0.973367 0.913158 0.982333 0.880934 0.946822 0.947274 0.950988 0.977277 0.956196 0.996339 0.994303 0.987927 0.817172 0.835571 0.958258 0.963088 0.878069 0.876086 0.860290 0.885558 0.823090 0.932490 0.994896 0.888943 0.810305 0.842640 0.819755 0.998280 0.736975 0.863036 0.966594 0.843336 0.835564 0.967137 0.997223 0.760014 0.979708 0.950438 0.834579 0.989118 0.734995 0.815832
0.655829 0.632689 0.425810 0.305525 0.721572 0.749946 0.398188 0.373119 0.623042 0.825871 0.888015 0.662624 0.622986 0.515197 0.467337 0.243035 0.621787 0.673918 0.469341 0.644389 0.683369 0.974452 0.000000 0.297916 0.563162 0.535419 0.689161 0.953394 0.697317 0.559116 0.355607 0.405272 0.437252 0.585712 0.495064 0.756770 0.732526 0.753885 0.860386 0.947771 0.998638 0.837032 0.615077 0.580330 0.868842 0.866862 0.563702 0.558598 0.948542 0.724589 0.629018 0.588308 0.556170 0.577393 0.624703 0.757911 0.600761 0.570115 0.624508 0.555264 0.478112 0.436090 0.660880 0.576540 0.474031 0.339292 0.346870 0.423179 0.817611 0.610564 0.419558 0.766848 0.510080 0.596735 0.722832 0.812634 0.562526 0.710540 0.659719 0.659564 0.715457 0.734980 0.498636 0.801701 0.427280 0.397651 0.979602 0.735395 0.733742 0.524051 0.878709 0.973712 0.842677 0.968192 0.803695 0.766979 0.740721 0.815141 0.773456 0.676098 0.798220 0.801373 0.896324 0.869621 0.404731 0.485738 0.706523 0.752002 0.991079 0.782743 0.691545 0.742518 0.816917 0.917660 0.491659 0.905372
0.664588 0.622956 0.419136 0.353215 0.844679 0.844615 0.628796 0.531415 0.759409 0.947730 0.933768 0.642925 0.710998 0.540009 0.586765 0.292683 0.649443 0.636233 0.556714 0.607935 0.649940 0.983454 0.297916 0.000000 0.469110 0.450259 0.589988 0.988365 0.841977 0.586449 0.490967 0.551056 0.493470 0.689736 0.543712 0.772558 0.650005 0.713879 0.681288 0.933695 0.968328 0.853150 0.740975 0.723332 0.975096 0.989285 0.620004 0.654565 0.920267 0.841090 0.758074 0.703987 0.698829 0.696208 0.679193 0.838030 0.604380 0.583742 0.751382 0.683676 0.655087 0.562016 0.777079 0.663300 0.419038 0.329738 0.428262 0.526667 0.737132 0.673210 0.574199 0.767645 0.631387 0.619887 0.712932 0.776852 0.741126 0.755448 0.709603 0.668134 0.733435 0.688365 0.512117 0.715163 0.481074 0.380483 0.827673 0.656346 0.736024 0.580877 0.938131 0.816161 0.971290 0.883766 0.866325 0.857126 0.849609 0.934072 0.961253 0.887834 0.943461 0.959085 0.992410 0.904472 0.485238 0.574982 0.811703 0.889905 0.961431 0.788366 0.832609 0.860319 0.957623 0.981336 0.603808 0.867483
0.707494 0.594516 0.295375 0.408809 0.799657 0.855498 0.859596 0.792019 0.994691 0.567852 0.889632 0.739192 0.863561 0.791503 0.830589 0.577756 0.613855 0.577902 0.640600 0.609843 0.531042 0.952362 0.563162 0.469110 0.000000 0.275251 0.466530 0.972349 0.994042 0.604053 0.557696 0.652594 0.691055 0.801686 0.612656 0.640214 0.464831 0.513599 0.500130 0.830429 0.794381 0.754940 0.977236 0.938078 0.604196 0.641322 0.812814 0.894413 0.574438 0.819691 0.825189 0.919686 0.898919 0.866761 0.821308 0.947227 0.615918 0.585530 0.970184 0.887026 0.867566 0.824010 0.950732 0.837888 0.239604 0.332425 0.682658 0.731188 0.542301 0.747220 0.683510 0.865896 0.845237 0.938756 0.774288 0.997904 0.990581 0.815145 0.884662 0.821876 0.852734 0.740077 0.530720 0.608734 0.637542 0.501818 0.677166 0.862304 0.894231 0.695157 0.614128 0.514969 0.685491 0.688318 0.855739 0.916898 0.993651 0.893600 0.584839 0.711307 0.767630 0.645016 0.707814 0.749289 0.764035 0.865359 0.834075 0.931578 0.978780 0.742265 0.980994 0.733485 0.697683 0.772512 0.687481 0.961120
0.821875 0.724758 0.319714 0.430267 0.888799 0.895005 0.814507 0.784810 0.916708 0.660638 0.936022 0.858104 0.920478 0.804413 0.797766 0.546938 0.752882 0.678591 0.697925 0.715189 0.509025 0.978530 0.535419 0.450259 0.275251 0.000000 0.588285 0.974200 0.958907 0.723403 0.545655 0.664632 0.692250 0.851984 0.551833 0.634942 0.558659 0.594108 0.600324 0.883702 0.884226 0.793044 0.916123 0.887926 0.696364 0.710307 0.818919 0.878462 0.622868 0.853047 0.904330 0.990472 0.977171 0.997343 0.815925 0.964862 0.719681 0.691851 0.988751 0.919331 0.903787 0.848353 0.990440 0.911608 0.303675 0.358179 0.612203 0.676294 0.728153 0.798183 0.653797 0.779138 0.761519 0.806560 0.742578 0.914291 0.894413 0.719627 0.853249 0.889292 0.929231 0.879142 0.601954 0.756158 0.721844 0.555528 0.712600 0.996623 0.950755 0.794251 0.769933 0.654853 0.856008 0.829724 0.979586 0.815289 0.936179 0.868924 0.716631 0.814915 0.876250 0.792881 0.722140 0.843452 0.675319 0.766351 0.807203 0.964979 0.956864 0.757886 0.965380 0.730944 0.834063 0.918535 0.683692 0.989784
0.732032 0.631637 0.532490 0.569743 0.958321 0.840649 0.876467 0.863299 0.926983 0.644256 0.869249 0.775327 0.868775 0.837236 0.959635 0.709248 0.672760 0.650287 0.700904 0.656027 0.728822 0.930058 0.689161 0.589988 0.466530 0.588285 0.000000 0.988775 0.938187 0.667666 0.746732 0.728403 0.705633 0.815091 0.757426 0.732585 0.494082 0.539234 0.581244 0.929993 0.835416 0.775354 0.864666 0.930788 0.666833 0.723693 0.923107 0.962359 0.706787 0.897185 0.892953 0.970555 0.962427 0.799032 0.835574 0.961750 0.626269 0.612799 0.901342 0.845935 0.824240 0.808780 0.884397 0.802094 0.449994 0.549281 0.749912 0.885137 0.603590 0.715979 0.848836 0.841111 0.982165 0.848821 0.772735 0.937617 0.955421 0.982283 0.910964 0.838171 0.903325 0.819847 0.594486 0.665515 0.634519 0.593277 0.648824 0.732357 0.849867 0.737290 0.594262 0.570929 0.650750 0.685216 0.897411 0.940227 0.904575 0.939698 0.601011 0.699401 0.654306 0.732301 0.770218 0.840444 0.831441 0.872674 0.961242 0.854319 0.995438 0.838906 0.980872 0.828709 0.722379 0.825603 0.929734 0.851188
0.999409 0.954825 0.970335 0.981594 0.950229 0.916095 0.979531 0.967466 0.901356 0.961092 0.904423 0.997566 0.983521 0.929514 0.950819 0.952235 0.961803 0.983762 0.983606 0.983243 0.975223 0.823600 0.953394 0.988365 0.972349 0.974200 0.988775 0.000000 0.999434 0.991921 0.972831 0.992491 0.915891 0.960299 0.893732 0.956140 0.931136 0.928768 0.784386 0.882620 0.878261 0.965995 0.851696 0.884321 0.844673 0.846640 0.849348 0.921425 0.865455 0.824676 0.877387 0.866692 0.892373 0.864701 0.897727 0.877987 0.997502 0.959774 0.888627 0.932622 0.986124 0.967891 0.993757 0.999294 0.950713 0.965363 0.905526 0.923902 0.995599 0.953659 0.916273 0.988308 0.947215 0.969946 0.972286 0.929951 0.912575 0.887760 0.936858 0.982316 0.937628 0.997698 0.985291 0.881367 0.971454 0.990371 0.901947 0.910707 0.931131 0.989218 0.981978 0.936173 0.975343 0.963253 0.950549 0.933149 0.838215 0.943631 0.927141 0.909277 0.942706 0.923825 0.868340 0.923670 0.898395 0.777230 0.956158 0.909212 0.840283 0.805450 0.875388 0.820751 0.952786 0.788250 0.999742 0.949936
0.440923 0.494850 0.886443 0.741334 0.900985 0.902425 0.503316 0.461300 0.983946 0.667891 0.592031 0.439100 0.432996 0.516771 0.661565 0.720529 0.375313 0.464557 0.475210 0.566096 0.954313 0.970461 0.697317 0.841977 0.994042 0.958907 0.938187 0.999434 0.000000 0.393474 0.741821 0.654888 0.533869 0.445246 0.788375 0.925965 0.817324 0.835108 0.943331 0.723588 0.877123 0.815024 0.743807 0.610174 0.736080 0.631407 0.522886 0.619841 0.616603 0.546851 0.587995 0.561796 0.696617 0.816234 0.511356 0.491355 0.499696 0.475834 0.493689 0.471948 0.387623 0.474783 0.326540 0.345352 0.913293 0.807524 0.744711 0.680967 0.650336 0.496779 0.781985 0.902257 0.783485 0.924388 0.896562 0.899373 0.718260 0.984607 0.690418 0.649497 0.416618 0.474800 0.631537 0.648040 0.445057 0.588930 0.979086 0.864496 0.534253 0.504109 0.963475 0.957005 0.922154 0.829361 0.907748 0.876540 0.780424 0.847254 0.730515 0.696975 0.784128 0.765168 0.674799 0.614693 0.768404 0.704736 0.816016 0.895382 0.776367 0.747092 0.713563 0.733165 0.863486 0.893759 0.726849 0.865481
0.387149 0.357788 0.595526 0.527196 0.988730 0.928743 0.623000 0.519050 0.879871 0.984377 0.588900 0.359162 0.489771 0.501711 0.694230 0.578015 0.311426 0.341171 0.383036 0.421813 0.764596 0.952315 0.559116 0.586449 0.604053 0.723403 0.667666 0.991921 0.393474 0.000000 0.638030 0.549361 0.478142 0.486604 0.673239 0.894657 0.581376 0.662357 0.684414 0.663734 0.771694 0.853354 0.862518 0.711052 0.985937 0.909146 0.504675 0.626694 0.928176 0.725666 0.764770 0.686393 0.861697 0.952726 0.473033 0.617115 0.362970 0.343762 0.550160 0.493323 0.461289 0.500389 0.436119 0.388261 0.543387 0.503275 0.644642 0.641156 0.404858 0.392713 0.736147 0.894574 0.835603 0.943006 0.883816 0.931453 0.839489 0.958935 0.695160 0.579905 0.420871 0.402190 0.443203 0.487776 0.355803 0.401649 0.871306 0.698423 0.507270 0.411815 0.694323 0.675868 0.684639 0.601833 0.937222 0.993067 0.826549 0.935722 0.958205 0.956947 0.959433 0.956189 0.898688 0.878622 0.736429 0.712289 0.812556 0.994728 0.885227 0.703501 0.693098 0.902603 0.923106 0.992033 0.661336 0.856692
0.660825 0.574008 0.381885 0.311909 0.878133 0.899689 0.377471 0.368374 0.703899 0.817622 0.888484 0.739223 0.704247 0.648228 0.652581 0.487616 0.635804 0.651365 0.508421 0.682980 0.574595 0.804882 0.355607 0.490967 0.557696 0.545655 0.746732 0.972831 0.741821 0.638030 0.000000 0.379541 0.467928 0.524235 0.601337 0.699939 0.744333 0.731084 0.929527 0.955271 0.942121 0.718458 0.556937 0.523587 0.874549 0.842165 0.552165 0.546575 0.931753 0.724196 0.643384 0.587653 0.591678 0.611030 0.657572 0.752271 0.556142 0.571084 0.604513 0.553257 0.548061 0.492041 0.698806 0.634854 0.524668 0.441689 0.384631 0.417480 0.839871 0.615376 0.443320 0.669588 0.479995 0.607928 0.864914 0.810564 0.521347 0.559761 0.608078 0.666532 0.727593 0.848226 0.675781 0.892756 0.622499 0.546292 0.883381 0.904522 0.895958 0.606296 0.904968 0.962110 0.831749 0.902472 0.779102 0.717991 0.706354 0.785022 0.770628 0.631081 0.848206 0.883696 0.872985 0.892823 0.479634 0.515473 0.556807 0.664106 0.939462 0.699640 0.703922 0.822196 0.749934 0.888234 0.502948 0.906737
0.538123 0.506604 0.502850 0.389672 0.869975 0.995951 0.445431 0.393392 0.892429 0.860077 0.960222 0.585109 0.538728 0.523389 0.608328 0.484472 0.548836 0.553177 0.451625 0.587636 0.745664 0.840975 0.405272 0.551056 0.652594 0.664632 0.728403 0.992491 0.654888 0.549361 0.379541 0.000000 0.436831 0.481979 0.596329 0.796682 0.738947 0.704283 0.859459 0.815748 0.897492 0.773686 0.578249 0.513848 0.894173 0.816114 0.495836 0.531660 0.882452 0.664787 0.620076 0.558979 0.611998 0.697868 0.627888 0.727782 0.517657 0.497798 0.540768 0.484523 0.445327 0.431864 0.542463 0.482422 0.541420 0.421102 0.488784 0.470274 0.739351 0.604621 0.561523 0.900242 0.630576 0.705350 0.819617 0.791423 0.642218 0.772305 0.615369 0.628379 0.590239 0.651681 0.521639 0.723594 0.462079 0.435252 0.934439 0.955783 0.670205 0.505823 0.965842 0.902546 0.987127 0.879628 0.830318 0.809953 0.808694 0.786394 0.816918 0.729374 0.882513 0.885515 0.825530 0.922515 0.475568 0.488458 0.586922 0.809623 0.991440 0.747258 0.651226 0.884936 0.804371 0.924325 0.595500 0.945925
0.376856 0.390811 0.581323 0.391994 0.918993 0.981380 0.395949 0.320442 0.993245 0.805868 0.839709 0.442651 0.494861 0.495945 0.668407 0.504293 0.414061 0.423804 0.372286 0.480942 0.703364 0.947701 0.437252 0.493470 0.691055 0.692250 0.705633 0.915891 0.533869 0.478142 0.467928 0.436831 0.000000 0.348617 0.609838 0.859385 0.716318 0.660758 0.891625 0.865030 0.897491 0.788575 0.635857 0.497583 0.787598 0.704381 0.429765 0.469367 0.720396 0.551492 0.500351 0.452702 0.588784 0.701078 0.448555 0.512833 0.348677 0.349066 0.372488 0.341646 0.358948 0.327872 0.379617 0.323074 0.631610 0.487120 0.399327 0.418471 0.603771 0.387308 0.730085 0.991750 0.606564 0.782805 0.776148 0.759909 0.664973 0.794810 0.561443 0.489874 0.454346 0.577513 0.471262 0.549297 0.358917 0.333266 0.909224 0.810702 0.564443 0.394388 0.833689 0.801010 0.833914 0.730183 0.828378 0.836089 0.687200 0.870218 0.754971 0.706314 0.909075 0.868429 0.861002 0.742460 0.533968 0.479289 0.664444 0.833280 0.911560 0.705145 0.711509 0.696664 0.841944 0.838984 0.519223 0.895809
0.367683 0.359568 0.662397 0.513789 0.994159 0.961986 0.393523 0.353513 0.939720 0.776703 0.686593 0.443562 0.466655 0.531767 0.739910 0.655569 0.355374 0.411977 0.381291 0.496573 0.822958 0.806731 0.585712 0.689736 0.801686 0.851984 0.815091 0.960299 0.445246 0.486604 0.524235 0.481979 0.348617 0.000000 0.661446 0.983372 0.762000 0.710387 0.910139 0.697398 0.779819 0.672536 0.630825 0.467143 0.716845 0.611693 0.387332 0.488906 0.626817 0.502244 0.504727 0.464063 0.583805 0.760292 0.408330 0.390237 0.353830 0.386661 0.349470 0.343152 0.338114 0.399701 0.326544 0.314221 0.762443 0.630048 0.482640 0.446881 0.585024 0.411847 0.831517 0.946951 0.674537 0.853954 0.829791 0.836462 0.671466 0.787560 0.552858 0.600251 0.399985 0.554783 0.548087 0.564106 0.440871 0.446956 0.871908 0.908860 0.543996 0.392634 0.866082 0.875928 0.855645 0.753763 0.856016 0.879026 0.737013 0.858199 0.712046 0.658885 0.821680 0.804318 0.666529 0.691369 0.679093 0.551222 0.583685 0.855953 0.994313 0.703192 0.673356 0.707591 0.754864 0.895491 0.583921 0.940312
0.792844 0.744045 0.547826 0.551232 0.912046 0.855156 0.612857 0.643535 0.873732 0.996495 0.944533 0.755543 0.781858 0.738427 0.690717 0.472327 0.671114 0.691066 0.623805 0.762285 0.783934 0.971788 0.495064 0.543712 0.612656 0.551833 0.757426 0.893732 0.788375 0.673239 0.601337 0.596329 0.609838 0.661446 0.000000 0.757666 0.769963 0.752313 0.773730 0.918217 0.850878 0.843488 0.763788 0.718227 0.930808 0.937432 0.659790 0.638774 0.993742 0.833463 0.806251 0.789660 0.764673 0.793271 0.598134 0.745482 0.728613 0.715614 0.776244 0.758380 0.685681 0.656079 0.812739 0.729568 0.540556 0.489166 0.516501 0.579117 0.797274 0.744711 0.795969 0.846976 0.749337 0.770750 0.675518 0.850404 0.653300 0.796799 0.758068 0.819779 0.770712 0.750086 0.528175 0.728740 0.579690 0.513232 0.845419 0.808215 0.775252 0.647759 0.996164 0.912251 0.957350 0.913108 0.850047 0.793777 0.977135 0.996288 0.935494 0.863215 0.941466 0.954006 0.981122 0.977915 0.619044 0.750935 0.692743 0.971361 0.979894 0.758713 0.795730 0.910301 0.874306 0.959115 0.635554 0.917482
0.991248 0.864712 0.616638 0.696695 0.939209 0.991074 0.895343 0.894630 0.973637 0.800704 0.796785 0.942802 0.858936 0.904684 0.978508 0.830093 0.908328 0.885862 0.921828 0.914375 0.839594 0.936161 0.756770 0.772558 0.640214 0.634942 0.732585 0.956140 0.925965 0.894657 0.699939 0.796682 0.859385 0.983372 0.757666 0.000000 0.788279 0.665703 0.828424 0.966269 0.984219 0.969352 0.913399 0.917974 0.921028 0.895900 0.913060 0.874111 0.846474 0.987742 0.975553 0.974683 0.935700 0.944903 0.911731 0.971906 0.852220 0.860345 0.995311 0.919761 0.969442 0.943401 0.875620 0.989899 0.634159 0.679883 0.725775 0.760987 0.959763 0.877947 0.736284 0.915977 0.899082 0.934220 0.900974 0.952032 0.942304 0.912525 0.931249 0.881287 0.989109 0.970219 0.854385 0.933237 0.855191 0.800326 0.992712 0.980770 0.948443 0.897959 0.906667 0.831573 0.985918 0.910938 0.887131 0.959773 0.996711 0.962035 0.856100 0.953667 0.850057 0.730217 0.938894 0.793797 0.887734 0.891438 0.877627 0.881548 0.897355 0.832383 0.971471 0.796934 0.966563 0.976230 0.896648 0.866026
0.630184 0.502288 0.520360 0.548277 0.804332 0.792108 0.834381 0.760601 0.781000 0.664392 0.781294 0.693489 0.799121 0.809243 0.898062 0.788966 0.621898 0.562276 0.601045 0.565624 0.661031 0.980278 0.732526 0.650005 0.464831 0.558659 0.494082 0.931136 0.817324 0.581376 0.744333 0.738947 0.716318 0.762000 0.769963 0.788279 0.000000 0.519311 0.633135 0.747694 0.656259 0.732902 0.988078 0.896373 0.715391 0.814519 0.791844 0.902450 0.795684 0.995846 0.998342 0.910695 0.985149 0.892108 0.786902 0.863388 0.547414 0.521801 0.782976 0.729566 0.816350 0.790323 0.802063 0.733053 0.495814 0.532231 0.767163 0.797668 0.580571 0.627783 0.826129 0.925766 0.927817 0.931359 0.742016 0.938363 0.993601 0.955091 0.772049 0.751400 0.773617 0.775143 0.577370 0.591994 0.665047 0.582321 0.732147 0.875943 0.879238 0.678448 0.539026 0.575220 0.576507 0.607158 0.989532 0.915890 0.915107 0.953265 0.665640 0.805024 0.797957 0.673876 0.789467 0.995293 0.783128 0.796049 0.952934 0.925095 0.974246 0.812305 0.984300 0.861368 0.798048 0.923159 0.856933 0.860380
0.584382 0.507592 0.557707 0.573818 0.794357 0.887011 0.824577 0.762135 0.838749 0.709963 0.781920 0.676724 0.827838 0.810249 0.981989 0.822939 0.564425 0.510707 0.593812 0.566269 0.829211 0.938339 0.753885 0.713879 0.513599 0.594108 0.539234 0.928768 0.835108 0.662357 0.731084 0.704283 0.660758 0.710387 0.752313 0.665703 0.519311 0.000000 0.632560 0.821184 0.760107 0.780770 0.985672 0.882900 0.764053 0.881207 0.767439 0.836251 0.843786 0.994666 0.978225 0.909418 0.997569 0.857407 0.738999 0.803958 0.510140 0.497848 0.800300 0.715672 0.798313 0.740452 0.783912 0.684046 0.525215 0.558185 0.790910 0.815418 0.569399 0.560052 0.822555 0.934305 0.986131 0.897240 0.825722 0.982010 0.969800 0.895710 0.830606 0.775884 0.677418 0.702165 0.682246 0.583483 0.660897 0.537981 0.744599 0.965563 0.781364 0.620966 0.626808 0.568475 0.648198 0.556674 0.930164 0.986519 0.842466 0.955542 0.711240 0.794914 0.739310 0.615920 0.867823 0.949473 0.914035 0.981828 0.810637 0.984047 0.999665 0.771139 0.970930 0.852658 0.834196 0.795058 0.905842 0.711003
