0.000000 0.237050 0.850037 0.620458 0.957337 0.832944 0.772124 0.619251 0.896211 0.971857 0.336386 0.299971 0.542401 0.626865 0.655601 0.537187 0.324333 0.349020 0.468023 0.403709 0.676127 0.910345 0.836028 0.706877 0.877528 0.937851 0.846745 0.842380 0.529759 0.515850 0.866359 0.923201 0.498640 0.525511 0.915668 0.682403 0.657223 0.623456 0.731306 0.634497 0.534973 0.643106 0.687046 0.611905 0.808125 0.670481 0.425382 0.473683 0.531070 0.546275 0.665617 0.670454 0.886479 0.719828 0.479961 0.553895 0.253555 0.289731 0.316093 0.411024 0.419958 0.446698 0.475813 0.377632 0.733691 0.511370 0.757604 0.740187 0.398416 0.485607 0.837327 0.786216 0.676795 0.683370 0.746006 0.872059 0.770223 0.845117 0.437388 0.459799 0.293714 0.314496 0.613326 0.394012 0.540756 0.555346 0.893989 0.969645 0.634444 0.596939 0.953769 0.871914 0.974073 0.853745 0.637252 0.895230 0.849473 0.874903 0.790115 0.832253 0.976182 0.899198 0.821913 0.772833 0.654590 0.648242 0.976370 0.979801 0.889210 0.879053 0.937319 0.607444 0.851609 0.912459 0.776666 0.983088
0.237050 0.000000 0.785444 0.564717 0.924456 0.827190 0.727493 0.571876 0.813763 0.951728 0.341448 0.287608 0.539277 0.600178 0.629039 0.487381 0.337863 0.358587 0.481802 0.361491 0.642797 0.821340 0.796612 0.667404 0.813149 0.874569 0.862697 0.786657 0.432226 0.512146 0.785111 0.857953 0.438291 0.442351 0.945945 0.686778 0.614709 0.652078 0.670063 0.635088 0.578912 0.622779 0.641942 0.564949 0.749337 0.634847 0.439746 0.452050 0.518975 0.525411 0.585089 0.634747 0.816500 0.807079 0.535894 0.596448 0.238335 0.267781 0.350881 0.413010 0.404333 0.413157 0.507820 0.405515 0.680434 0.504006 0.702878 0.685982 0.366529 0.442513 0.748076 0.680900 0.628007 0.622945 0.744101 0.915145 0.708985 0.752401 0.424667 0.433397 0.334948 0.376805 0.591673 0.422155 0.557167 0.572781 0.940633 0.972189 0.670725 0.620448 0.999863 0.949720 0.963475 0.890545 0.636386 0.832532 0.868880 0.864818 0.737303 0.769535 0.963895 0.917550 0.810055 0.791260 0.618847 0.620741 0.986194 0.912957 0.885160 0.929177 0.917793 0.601986 0.867845 0.897260 0.811491 0.998726
0.850037 0.785444 0.000000 0.327140 0.867493 0.944777 0.597773 0.562269 0.651106 0.979637 0.852158 0.822875 0.688573 0.692190 0.768983 0.649547 0.897988 0.952710 0.669578 0.777067 0.643873 0.986793 0.629154 0.660424 0.421153 0.372359 0.860464 0.892176 0.914473 0.994506 0.567844 0.641371 0.625213 0.735214 0.803281 0.972449 0.638872 0.572098 0.506708 0.691758 0.951764 0.834927 0.559342 0.606304 0.741571 0.688711 0.630177 0.732771 0.773419 0.669283 0.609918 0.600614 0.774629 0.769746 0.841892 0.906555 0.894169 0.973929 0.908034 0.804523 0.816855 0.714035 0.750453 0.799762 0.433025 0.478654 0.628585 0.619293 0.734570 0.632438 0.724043 0.694532 0.673831 0.617440 0.918519 0.796112 0.552636 0.675116 0.630928 0.900669 0.962675 0.984996 0.946281 0.941503 0.816030 0.766660 0.965180 0.898348 0.964723 0.800575 0.719667 0.671272 0.627774 0.639045 0.867330 0.889987 0.777509 0.832552 0.837828 0.774814 0.971382 0.808375 0.965459 0.900600 0.633486 0.833099 0.945369 0.775418 0.873992 0.885246 0.975563 0.877032 0.759572 0.959771 0.725313 0.982907
0.620458 0.564717 0.327140 0.000000 0.807961 0.880208 0.588792 0.450127 0.652742 0.987186 0.633346 0.585134 0.549619 0.459093 0.588369 0.495879 0.901188 0.807243 0.561436 0.555333 0.569352 0.953227 0.519925 0.504940 0.451623 0.395103 0.782191 0.841069 0.739652 0.800783 0.567887 0.632541 0.471232 0.601600 0.824805 0.898432 0.541303 0.539667 0.447912 0.678732 0.839707 0.806872 0.531359 0.512364 0.699253 0.632725 0.576330 0.654273 0.625422 0.481250 0.509057 0.499002 0.659792 0.811650 0.701389 0.757754 0.682074 0.740884 0.780754 0.696638 0.685279 0.591249 0.976576 0.951326 0.374501 0.383686 0.638617 0.660655 0.545211 0.397753 0.690287 0.650715 0.763445 0.657333 0.845558 0.768346 0.602858 0.680147 0.456486 0.717066 0.817040 0.765386 0.800750 0.741498 0.633380 0.578676 0.960590 0.967601 0.808749 0.650298 0.775151 0.730389 0.633141 0.681701 0.714770 0.783130 0.823153 0.910329 0.772063 0.776069 0.933459 0.837778 0.899692 0.986302 0.556083 0.666937 0.975121 0.906158 0.952422 0.901448 0.826289 0.872875 0.788354 0.961972 0.645617 0.970311
0.957337 0.924456 0.867493 0.807961 0.000000 0.927738 0.962693 0.878153 0.866084 0.962148 0.955510 0.908850 0.757709 0.953226 0.776656 0.863986 0.958149 0.969592 0.973976 0.944208 0.964384 0.837683 0.964214 0.919817 0.869690 0.738072 0.917489 0.894391 0.955682 0.888003 0.885698 0.896007 0.981385 0.888920 0.789040 0.980702 0.808003 0.937317 0.852183 0.950742 0.957870 0.891281 0.854463 0.852150 0.897620 0.894206 0.984408 0.835166 0.947142 0.927749 0.927982 0.975710 0.921538 0.955335 0.951433 0.901926 0.988255 0.958623 0.967933 0.990524 0.859570 0.930005 0.897927 0.888713 0.906655 0.984709 0.881774 0.828175 0.886935 0.874340 0.814028 0.851030 0.810061 0.918957 0.930917 0.962788 0.850845 0.997268 0.862875 0.879183 0.918690 0.985748 0.961073 0.959560 0.985249 0.942320 0.760626 0.824119 0.856117 0.969879 0.974609 0.866539 0.877691 0.936218 0.902380 0.811206 0.953034 0.976413 0.941816 0.946339 0.814323 0.931481 0.971588 0.970663 0.933155 0.893691 0.967556 0.883944 0.996501 0.907508 0.987020 0.980948 0.884488 0.984593 0.976962 0.867278
0.832944 0.827190 0.944777 0.880208 0.927738 0.000000 0.660780 0.558612 0.750524 0.595992 0.878778 0.693672 0.804032 0.913239 0.951573 0.720022 0.772805 0.900396 0.699537 0.802304 0.817602 0.957749 0.902911 0.871160 0.815212 0.974294 0.583793 0.904114 0.803096 0.792679 0.866551 0.750961 0.753241 0.723670 0.813252 0.741003 0.999303 0.878074 0.997380 0.922810 0.891509 0.936429 0.891775 0.981555 0.937906 0.819611 0.984747 0.821691 0.850449 0.838790 0.943804 0.910640 0.949154 0.964472 0.878891 0.945768 0.969045 0.993422 0.899189 0.973122 0.715493 0.661233 0.997980 0.935940 0.800283 0.756794 0.949117 0.788283 0.944550 0.842025 0.555143 0.579628 0.640536 0.689495 0.905243 0.954841 0.763385 0.799380 0.898991 0.864607 0.974640 0.996975 0.762780 0.902075 0.794345 0.847720 0.783160 0.749864 0.798971 0.703105 0.547955 0.595904 0.585201 0.709101 0.824082 0.936271 0.731218 0.801906 0.546236 0.732724 0.735171 0.830115 0.756554 0.884998 0.905086 0.989938 0.995591 0.921878 0.825653 0.954090 0.932101 0.740282 0.729254 0.927242 0.964037 0.929665
0.772124 0.727493 0.597773 0.588792 0.962693 0.660780 0.000000 0.322931 0.378285 0.526715 0.658924 0.706162 0.773227 0.848072 0.722375 0.492878 0.684064 0.651566 0.356858 0.609435 0.689666 0.886591 0.629006 0.808906 0.955131 0.798768 0.754608 0.847880 0.556980 0.512422 0.305905 0.327183 0.328833 0.339328 0.981408 0.986944 0.856839 0.794920 0.829549 0.919925 0.961710 0.941369 0.438639 0.493143 0.434082 0.590949 0.794615 0.816407 0.772912 0.850950 0.627586 0.715387 0.623477 0.646202 0.922020 0.913849 0.669415 0.933245 0.866286 0.902074 0.538446 0.833534 0.819796 0.812660 0.857601 0.837062 0.361012 0.463990 0.906379 0.878535 0.516391 0.440100 0.486726 0.484246 0.975425 0.817874 0.553318 0.493175 0.618769 0.662533 0.815553 0.875391 0.850210 0.978755 0.940064 0.942021 0.880103 0.935372 0.838556 0.930974 0.535410 0.554612 0.602316 0.665075 0.634460 0.680894 0.658298 0.648580 0.426062 0.436987 0.767757 0.510749 0.619517 0.756685 0.619548 0.854318 0.831686 0.816750 0.776225 0.990303 0.863605 0.668797 0.444552 0.852838 0.696496 0.986972
0.619251 0.571876 0.562269 0.450127 0.878153 0.558612 0.322931 0.000000 0.421814 0.481917 0.544017 0.476799 0.698103 0.651236 0.762884 0.479136 0.634271 0.620548 0.360506 0.450871 0.691681 0.891897 0.763665 0.818256 0.878581 0.714358 0.759946 0.905115 0.549214 0.514123 0.422470 0.453424 0.378615 0.347605 0.985716 0.855253 0.719815 0.702267 0.734496 0.743831 0.784683 0.802782 0.456375 0.513971 0.561964 0.667680 0.732917 0.785104 0.796983 0.790375 0.615146 0.691034 0.724859 0.778758 0.867671 0.800369 0.619852 0.817914 0.746666 0.896265 0.507969 0.515260 0.859858 0.775381 0.829174 0.598959 0.489588 0.520026 0.776754 0.763305 0.379432 0.323608 0.476814 0.435729 0.876253 0.804038 0.476935 0.560858 0.480545 0.648477 0.751610 0.840243 0.982157 0.924663 0.995957 0.945817 0.755474 0.792018 0.920332 0.973485 0.467348 0.507886 0.462021 0.625974 0.656235 0.718499 0.561235 0.677233 0.413075 0.440903 0.663807 0.602480 0.519682 0.689648 0.554312 0.730161 0.889230 0.833100 0.839529 0.981512 0.944644 0.609725 0.528703 0.805774 0.638191 0.957538
0.896211 0.813763 0.651106 0.652742 0.866084 0.750524 0.378285 0.421814 0.000000 0.450027 0.767671 0.717267 0.837442 0.858155 0.817462 0.583262 0.812132 0.755064 0.542307 0.627790 0.746441 0.987211 0.735755 0.924514 0.967199 0.694688 0.810405 0.839093 0.589599 0.640834 0.367821 0.413583 0.493799 0.478999 0.932145 0.934009 0.794107 0.885845 0.738382 0.858982 0.972452 0.799456 0.459565 0.503838 0.482266 0.640743 0.905699 0.857377 0.809595 0.837923 0.647574 0.696166 0.626140 0.571466 0.870174 0.973946 0.763538 0.920803 0.929092 0.768016 0.750404 0.825759 0.951373 0.929673 0.869556 0.921545 0.549629 0.671047 0.947026 0.903028 0.456336 0.451152 0.574913 0.562406 0.947040 0.762531 0.505463 0.445544 0.688936 0.738130 0.969931 0.894274 0.924603 0.922861 0.883353 0.916360 0.701515 0.788878 0.733048 0.893283 0.456657 0.467704 0.518960 0.515769 0.753999 0.766976 0.749872 0.670101 0.476734 0.406442 0.674700 0.487302 0.596765 0.732589 0.700169 0.948650 0.869529 0.790897 0.842598 0.931829 0.867087 0.628625 0.639629 0.968506 0.758883 0.997072
0.971857 0.951728 0.979637 0.987186 0.962148 0.595992 0.526715 0.481917 0.450027 0.000000 0.785692 0.731798 0.988605 0.977149 0.950102 0.746472 0.708962 0.707329 0.624184 0.649325 0.943791 0.925952 0.919841 0.779518 0.697096 0.952036 0.634076 0.660593 0.579698 0.553309 0.587506 0.598440 0.693421 0.567733 0.938351 0.996920 0.987652 0.959447 0.870842 0.999538 0.988202 0.883110 0.712465 0.794270 0.694872 0.906682 0.814998 0.845600 0.915944 0.793372 0.966591 0.934445 0.859841 0.715990 0.748750 0.873507 0.881582 0.877375 0.884732 0.654668 0.745445 0.827171 0.873613 0.850374 0.674896 0.909136 0.730976 0.768890 0.853005 0.768657 0.394910 0.401700 0.542836 0.549993 0.903148 0.820766 0.647953 0.580949 0.816233 0.873720 0.977171 0.828515 0.830450 0.743969 0.542471 0.589718 0.648976 0.678590 0.721473 0.679737 0.370289 0.436632 0.498013 0.552736 0.861670 0.764319 0.673657 0.671873 0.394347 0.471589 0.548185 0.539577 0.420322 0.547691 0.811092 0.957604 0.940586 0.850392 0.770188 0.916175 0.682900 0.609835 0.590395 0.981289 0.850102 0.987995
0.336386 0.341448 0.852158 0.633346 0.955510 0.878778 0.658924 0.544017 0.767671 0.785692 0.000000 0.327704 0.613022 0.642894 0.671040 0.587913 0.311429 0.261005 0.398948 0.377915 0.747143 0.974238 0.886200 0.764958 0.962158 0.981657 0.918895 0.945536 0.350179 0.329763 0.761308 0.815354 0.479175 0.408240 0.898872 0.703963 0.704596 0.728459 0.735832 0.776833 0.629291 0.710283 0.766265 0.698370 0.777995 0.735393 0.593759 0.642363 0.730284 0.754893 0.768674 0.855320 0.950659 0.787584 0.651479 0.709471 0.329766 0.349980 0.480628 0.559326 0.341369 0.492834 0.375693 0.314072 0.885128 0.618665 0.705769 0.730067 0.496751 0.527100 0.791292 0.686308 0.625497 0.643891 0.810621 0.809597 0.784291 0.813499 0.402908 0.476287 0.384172 0.389682 0.671146 0.505562 0.747485 0.715407 0.999454 0.954698 0.794502 0.696943 0.978903 0.960536 0.990595 0.923298 0.650122 0.820624 0.872953 0.824823 0.764918 0.833645 0.996106 0.900371 0.762510 0.663301 0.698394 0.719414 0.823315 0.913315 0.917697 0.875687 0.945622 0.628347 0.791551 0.974810 0.753110 0.937398
0.299971 0.287608 0.822875 0.585134 0.908850 0.693672 0.706162 0.476799 0.717267 0.731798 0.327704 0.000000 0.446437 0.484416 0.579960 0.409155 0.339519 0.382173 0.451811 0.360179 0.703078 0.892434 0.843104 0.714458 0.962761 0.918520 0.921692 0.937662 0.410152 0.433193 0.785119 0.809362 0.470974 0.460875 0.891121 0.682245 0.664465 0.702922 0.740348 0.679290 0.618544 0.638040 0.683409 0.636387 0.776203 0.699593 0.519012 0.604506 0.622436 0.617154 0.639969 0.685687 0.805916 0.888411 0.624632 0.674059 0.362834 0.398790 0.489518 0.542773 0.351351 0.321656 0.518429 0.417547 0.811852 0.491092 0.813217 0.788783 0.507466 0.573636 0.640768 0.602579 0.643011 0.609079 0.720792 0.855860 0.682926 0.736099 0.435085 0.485867 0.399094 0.474236 0.716066 0.517433 0.752900 0.665862 0.928027 0.906166 0.675572 0.726854 0.795670 0.880281 0.800053 0.969068 0.692494 0.822408 0.802709 0.860290 0.682229 0.731000 0.891737 0.897219 0.675970 0.650713 0.644379 0.683573 0.885516 0.945624 0.855811 0.940314 0.953822 0.579648 0.867925 0.947049 0.751388 0.980164
0.542401 0.539277 0.688573 0.549619 0.757709 0.804032 0.773227 0.698103 0.837442 0.988605 0.613022 0.446437 0.000000 0.365186 0.321020 0.317687 0.750820 0.789135 0.601398 0.602588 0.801286 0.968047 0.492883 0.412389 0.787490 0.829671 0.697569 0.871542 0.743576 0.747354 0.902066 0.877293 0.572471 0.721776 0.900414 0.730599 0.748562 0.752235 0.683659 0.758134 0.912471 0.725905 0.776034 0.728142 0.856233 0.740443 0.565120 0.698435 0.569216 0.517025 0.521239 0.503325 0.630824 0.845761 0.698860 0.660859 0.651039 0.628938 0.701918 0.643247 0.512286 0.503883 0.819184 0.778809 0.522392 0.449923 0.994456 0.996709 0.710934 0.602491 0.936584 0.916576 0.972702 0.895044 0.800852 0.830429 0.658482 0.844165 0.624386 0.616045 0.682684 0.608699 0.650424 0.548459 0.556135 0.449791 0.876207 0.781430 0.544096 0.690756 0.902232 0.922167 0.914794 0.908966 0.787392 0.895611 0.988227 0.893836 0.868412 0.878284 0.855710 0.913647 0.983290 0.979546 0.829247 0.795709 0.925088 0.982123 0.992288 0.973327 0.848088 0.765331 0.832740 0.978553 0.663718 0.970002
0.626865 0.600178 0.692190 0.459093 0.953226 0.913239 0.848072 0.651236 0.858155 0.977149 0.642894 0.484416 0.365186 0.000000 0.357482 0.367114 0.835569 0.768723 0.620276 0.531089 0.860223 0.912318 0.477528 0.390068 0.745498 0.765548 0.664377 0.830467 0.696802 0.736780 0.873550 0.848842 0.597879 0.773568 0.956776 0.745739 0.730713 0.714520 0.737871 0.740642 0.874163 0.840724 0.748773 0.682703 0.791918 0.691367 0.664357 0.698583 0.583960 0.482783 0.587602 0.514501 0.636542 0.798874 0.737409 0.754268 0.713624 0.697709 0.841237 0.736963 0.711725 0.584483 0.926495 0.851124 0.518285 0.490217 0.930777 0.914072 0.720735 0.603366 0.877777 0.855019 0.995023 0.917063 0.864609 0.810017 0.676299 0.865018 0.563820 0.721969 0.804802 0.736170 0.654106 0.624243 0.672501 0.532436 0.951748 0.873408 0.644067 0.544563 0.932137 0.947901 0.863025 0.875248 0.893434 0.804835 0.963459 0.982936 0.873344 0.884686 0.948560 0.942097 0.872904 0.955577 0.816578 0.775026 0.917116 0.929256 0.981802 0.980266 0.824204 0.894815 0.947039 0.971448 0.693137 0.959246
0.655601 0.629039 0.768983 0.588369 0.776656 0.951573 0.722375 0.762884 0.817462 0.950102 0.671040 0.579960 0.321020 0.357482 0.000000 0.311055 0.800788 0.726764 0.599837 0.623517 0.801694 0.992945 0.312294 0.318688 0.783682 0.842663 0.580167 0.853667 0.698945 0.646808 0.732836 0.793560 0.527889 0.740471 0.976511 0.859235 0.764772 0.782886 0.743013 0.875462 0.978989 0.847892 0.717663 0.594169 0.650800 0.568846 0.644484 0.666230 0.484002 0.439231 0.459523 0.429636 0.458228 0.689824 0.642648 0.717628 0.628647 0.683394 0.817765 0.839247 0.603660 0.720965 0.750183 0.733965 0.495111 0.660533 0.914523 0.969772 0.744010 0.626746 0.965172 0.968192 0.926745 0.999531 0.879881 0.847669 0.772622 0.793266 0.712057 0.622343 0.664415 0.628702 0.490481 0.556902 0.499709 0.427568 0.802563 0.673202 0.624893 0.602251 0.978967 0.930783 0.946128 0.964770 0.797133 0.835108 0.911725 0.999234 0.898123 0.843317 0.823931 0.827807 0.970982 0.965504 0.825189 0.906946 0.958532 0.926957 0.971441 0.972491 0.877544 0.866480 0.855209 0.968169 0.693354 0.971962
0.537187 0.487381 0.649547 0.495879 0.863986 0.720022 0.492878 0.479136 0.583262 0.746472 0.587913 0.409155 0.317687 0.367114 0.311055 0.000000 0.638510 0.621918 0.422066 0.436658 0.708177 0.928926 0.402384 0.444436 0.800655 0.776532 0.853608 0.961423 0.568799 0.559672 0.551615 0.580145 0.354048 0.488721 0.943594 0.831234 0.718526 0.669008 0.708679 0.730476 0.869317 0.750988 0.505411 0.479563 0.549068 0.536435 0.597552 0.630457 0.503775 0.516214 0.429877 0.441031 0.470050 0.680771 0.720261 0.707868 0.516070 0.684591 0.751814 0.853974 0.470646 0.538552 0.802591 0.724051 0.553992 0.551938 0.757658 0.798800 0.689201 0.690802 0.676834 0.617616 0.753340 0.676026 0.853421 0.748433 0.540049 0.581512 0.543163 0.540312 0.649614 0.694162 0.591587 0.639167 0.656583 0.579366 0.973408 0.974598 0.754096 0.754980 0.700155 0.755424 0.739284 0.789804 0.679257 0.696557 0.869065 0.862532 0.593726 0.574763 0.899883 0.696361 0.720437 0.825602 0.655367 0.773444 0.927436 0.877786 0.814671 0.913669 0.981137 0.648373 0.632413 0.874557 0.603561 0.915813
0.324333 0.337863 0.897988 0.901188 0.958149 0.772805 0.684064 0.634271 0.812132 0.708962 0.311429 0.339519 0.750820 0.835569 0.800788 0.638510 0.000000 0.215601 0.451890 0.424405 0.782635 0.854104 0.947766 0.970125 0.751254 0.801337 0.895047 0.996048 0.333038 0.320817 0.828880 0.863586 0.553691 0.430762 0.799439 0.702958 0.800381 0.844618 0.940552 0.840019 0.606062 0.708912 0.804265 0.730692 0.802637 0.795696 0.671547 0.653001 0.761090 0.870308 0.881571 0.966133 0.981257 0.701090 0.700055 0.757905 0.289158 0.353645 0.438187 0.653080 0.369934 0.566385 0.289486 0.239503 0.880574 0.811807 0.725862 0.744024 0.567033 0.748608 0.729309 0.647373 0.561837 0.620210 0.860180 0.947566 0.871742 0.826149 0.511043 0.479679 0.321778 0.403429 0.664594 0.568965 0.834930 0.869193 0.999815 0.977940 0.841424 0.883313 0.946162 0.936225 0.983657 0.838311 0.652730 0.854487 0.833014 0.794715 0.687775 0.746908 0.900394 0.974816 0.702357 0.569059 0.776502 0.701615 0.959949 0.989045 0.735086 0.977160 0.916390 0.540771 0.834983 0.917883 0.920527 0.993640
0.349020 0.358587 0.952710 0.807243 0.969592 0.900396 0.651566 0.620548 0.755064 0.707329 0.261005 0.382173 0.789135 0.768723 0.726764 0.621918 0.215601 0.000000 0.415303 0.386716 0.757563 0.933852 0.935951 0.875431 0.813665 0.862941 0.987318 0.989825 0.295908 0.261807 0.756361 0.793742 0.492679 0.387340 0.895972 0.772990 0.759281 0.786405 0.901475 0.838807 0.582582 0.710884 0.768524 0.668256 0.712401 0.699727 0.670566 0.626614 0.719784 0.808967 0.825076 0.903252 0.910328 0.758777 0.700914 0.802862 0.269332 0.341857 0.489725 0.692299 0.378513 0.617587 0.270256 0.227493 0.981585 0.812159 0.670935 0.706258 0.533179 0.641279 0.777457 0.661967 0.608593 0.648226 0.896504 0.903230 0.903934 0.783361 0.487121 0.452360 0.329329 0.414876 0.588678 0.535976 0.783729 0.820028 0.979673 0.938809 0.886883 0.793519 0.982481 0.899020 0.942091 0.848335 0.624182 0.813783 0.900816 0.863216 0.715368 0.749537 0.925413 0.949422 0.717290 0.579617 0.719701 0.720606 0.909443 0.920953 0.838031 0.979945 0.929594 0.587781 0.830359 0.958596 0.834628 0.918690
0.468023 0.481802 0.669578 0.561436 0.973976 0.699537 0.356858 0.360506 0.542307 0.624184 0.398948 0.451811 0.601398 0.620276 0.599837 0.422066 0.451890 0.415303 0.000000 0.386571 0.746078 0.978796 0.659717 0.722929 0.975836 0.900412 0.939892 0.926411 0.381867 0.351453 0.517336 0.532912 0.364842 0.330977 0.864437 0.815883 0.834284 0.772695 0.750243 0.895208 0.764783 0.798978 0.589523 0.601512 0.596157 0.648798 0.658376 0.704022 0.710810 0.755516 0.707339 0.742122 0.770267 0.914940 0.782673 0.807392 0.490886 0.645018 0.640029 0.802985 0.388829 0.627710 0.628538 0.579162 0.844414 0.645404 0.550293 0.637963 0.718811 0.719915 0.597586 0.502650 0.526704 0.500257 0.904678 0.823002 0.606285 0.614798 0.448296 0.554823 0.594988 0.617117 0.757573 0.700190 0.821826 0.823345 0.889457 0.978529 0.946984 0.911985 0.709057 0.803818 0.752368 0.852079 0.607024 0.708490 0.754770 0.780392 0.569631 0.554453 0.928454 0.729130 0.711678 0.732452 0.699055 0.805610 0.987129 0.934818 0.824317 0.938053 0.976050 0.608972 0.640135 0.987061 0.660120 0.957726
0.403709 0.361491 0.777067 0.555333 0.944208 0.802304 0.609435 0.450871 0.627790 0.649325 0.377915 0.360179 0.602588 0.531089 0.623517 0.436658 0.424405 0.386716 0.386571 0.000000 0.707682 0.980252 0.742583 0.725096 0.942398 0.872846 0.971952 0.941300 0.393332 0.444512 0.649398 0.699187 0.472197 0.409922 0.952558 0.703325 0.710162 0.690511 0.744372 0.807983 0.702117 0.687037 0.604484 0.567963 0.683276 0.684860 0.690186 0.677994 0.674629 0.677994 0.698457 0.719335 0.760762 0.970263 0.787287 0.782787 0.384228 0.539553 0.677202 0.775716 0.509493 0.545872 0.635444 0.543271 0.809319 0.650308 0.755351 0.806133 0.622142 0.638148 0.553583 0.514611 0.610356 0.584273 0.899498 0.893779 0.623882 0.677910 0.473666 0.588537 0.605729 0.649231 0.717200 0.706472 0.847751 0.845301 0.928830 0.972287 0.909283 0.763310 0.775032 0.822651 0.782474 0.847615 0.690951 0.768796 0.844917 0.825322 0.604255 0.586460 0.837172 0.852947 0.728215 0.722820 0.647889 0.697158 0.961289 0.983544 0.887134 0.921189 0.955696 0.535271 0.716011 0.957832 0.761280 0.948926
0.676127 0.642797 0.643873 0.569352 0.964384 0.817602 0.689666 0.691681 0.746441 0.943791 0.747143 0.703078 0.801286 0.860223 0.801694 0.708177 0.782635 0.757563 0.746078 0.707682 0.000000 0.915028 0.794066 0.853327 0.782182 0.717070 0.884801 0.842500 0.795417 0.773039 0.671282 0.844972 0.649980 0.703955 0.913146 0.929550 0.592752 0.844214 0.628450 0.732741 0.878738 0.711335 0.663234 0.650413 0.787069 0.810319 0.647002 0.696681 0.796955 0.794898 0.809218 0.773302 0.860461 0.990866 0.866451 0.943439 0.698021 0.737242 0.717190 0.779403 0.707914 0.683980 0.917307 0.834104 0.722547 0.687410 0.653690 0.593931 0.664148 0.646509 0.756258 0.774003 0.703179 0.662489 0.825926 0.840874 0.836190 0.675166 0.711181 0.682341 0.754723 0.799195 0.914937 0.867741 0.796384 0.765504 0.958107 0.909895 0.997258 0.897746 0.809109 0.841913 0.813408 0.851516 0.764496 0.911018 0.814694 0.899181 0.746721 0.753831 0.791473 0.886901 0.845138 0.774060 0.612250 0.752078 0.904026 0.973044 0.778781 0.919333 0.936663 0.856895 0.833528 0.889053 0.860565 0.881700
0.910345 0.821340 0.986793 0.953227 0.837683 0.957749 0.886591 0.891897 0.987211 0.925952 0.974238 0.892434 0.968047 0.912318 0.992945 0.928926 0.854104 0.933852 0.978796 0.980252 0.915028 0.000000 0.964322 0.952819 0.881593 0.958663 0.963484 0.972228 0.989879 0.947537 0.889740 0.849530 0.888020 0.829269 0.863846 0.999366 0.751448 0.875789 0.892907 0.918425 0.876788 0.934218 0.842473 0.886562 0.892012 0.918733 0.865241 0.795790 0.982202 0.977071 0.901042 0.917708 0.925596 0.999776 0.925773 0.996474 0.845919 0.881072 0.864152 0.970480 0.936714 0.988578 0.937032 0.904950 0.932858 0.984471 0.838343 0.867867 0.949656 0.922653 0.813073 0.929044 0.911340 0.913208 0.792180 0.945049 0.993598 0.971012 0.978299 0.786264 0.859539 0.866786 0.930119 0.890198 0.847918 0.907576 0.962444 0.957276 0.993795 0.909200 0.953646 0.895150 0.903344 0.983028 0.999449 0.936263 0.988635 0.975327 0.910092 0.914585 0.838046 0.983330 0.917396 0.845695 0.897177 0.996091 0.948815 0.940048 0.751812 0.974208 0.963389 0.904760 0.963232 0.890855 0.993691 0.973618
0.836028 0.796612 0.629154 0.519925 0.964214 0.902911 0.629006 0.763665 0.735755 0.919841 0.886200 0.843104 0.492883 0.477528 0.312294 0.402384 0.947766 0.935951 0.659717 0.742583 0.794066 0.964322 0.000000 0.288697 0.644703 0.666530 0.587389 0.766810 0.858059 0.857941 0.637372 0.680084 0.527021 0.763845 0.845806 0.930708 0.822247 0.797512 0.734788 0.881102 0.919210 0.984650 0.556512 0.496050 0.485141 0.444706 0.684588 0.642499 0.453265 0.407834 0.407176 0.328308 0.325561 0.476016 0.739278 0.755371 0.792115 0.917096 0.982554 0.989992 0.837591 0.965968 0.977173 0.973126 0.378598 0.759405 0.761255 0.896316 0.854420 0.670823 0.971568 0.971532 0.913982 0.978140 0.874621 0.843164 0.679485 0.711916 0.792095 0.760180 0.893544 0.843786 0.567085 0.717235 0.478378 0.442086 0.845246 0.717492 0.739024 0.620451 0.950391 0.940363 0.961112 0.919410 0.853514 0.758550 0.905203 0.966034 0.835372 0.721574 0.875256 0.790783 0.983647 0.937050 0.735507 0.890531 0.878234 0.944323 0.951497 0.957306 0.887966 0.912562 0.699477 0.972722 0.646255 0.940525
0.706877 0.667404 0.660424 0.504940 0.919817 0.871160 0.808906 0.818256 0.924514 0.779518 0.764958 0.714458 0.412389 0.390068 0.318688 0.444436 0.970125 0.875431 0.722929 0.725096 0.853327 0.952819 0.288697 0.000000 0.570760 0.720108 0.553183 0.767403 0.847194 0.853052 0.849974 0.842526 0.621461 0.791961 0.908249 0.943298 0.747908 0.764751 0.696967 0.852141 0.994528 0.876667 0.663011 0.562106 0.616489 0.503476 0.592924 0.579016 0.428823 0.354171 0.426825 0.363449 0.441537 0.658275 0.676839 0.689296 0.712564 0.741233 0.835922 0.764396 0.790057 0.832042 0.943181 0.919391 0.378341 0.636324 0.850284 0.979472 0.748326 0.592819 0.896104 0.934449 0.906934 0.905673 0.822823 0.894490 0.711522 0.819308 0.748015 0.679369 0.747777 0.684083 0.525154 0.541103 0.429616 0.336994 0.812281 0.680938 0.622301 0.485481 0.898403 0.914628 0.930238 0.957346 0.817173 0.813459 0.875076 0.992841 0.967933 0.865799 0.793098 0.932302 0.969101 0.958695 0.777878 0.837046 0.985369 0.979800 0.970175 0.943298 0.786550 0.953239 0.846032 0.920576 0.700143 0.999434
0.877528 0.813149 0.421153 0.451623 0.869690 0.815212 0.955131 0.878581 0.967199 0.697096 0.962158 0.962761 0.787490 0.745498 0.783682 0.800655 0.751254 0.813665 0.975836 0.942398 0.782182 0.881593 0.644703 0.570760 0.000000 0.397011 0.685817 0.776774 0.839949 0.732512 0.791264 0.857820 0.785141 0.973004 0.783582 0.995730 0.636639 0.602842 0.630654 0.670319 0.891578 0.904603 0.623539 0.610372 0.821819 0.691982 0.631917 0.655756 0.637826 0.500901 0.544353 0.513620 0.728313 0.812924 0.702487 0.798483 0.885529 0.936074 0.919806 0.756127 0.928035 0.852103 0.685699 0.748863 0.335168 0.568843 0.816501 0.810871 0.664841 0.565050 0.948878 0.984523 0.974503 0.905111 0.717008 0.866729 0.717026 0.803585 0.833436 0.903866 0.995803 0.966147 0.897897 0.842032 0.601241 0.600273 0.880409 0.993716 0.805652 0.640504 0.999729 0.914619 0.839548 0.804416 0.946270 0.973700 0.945668 0.964636 0.970134 0.998203 0.930618 0.936073 0.928329 0.794566 0.583747 0.820951 0.949981 0.880301 0.808937 0.851983 0.904572 0.891728 0.923395 0.849519 0.823184 0.927716
0.937851 0.874569 0.372359 0.395103 0.738072 0.974294 0.798768 0.714358 0.694688 0.952036 0.981657 0.918520 0.829671 0.765548 0.842663 0.776532 0.801337 0.862941 0.900412 0.872846 0.717070 0.958663 0.666530 0.720108 0.397011 0.000000 0.847418 0.814900 0.976315 0.860183 0.706097 0.732033 0.717477 0.897129 0.647723 0.950912 0.594361 0.719895 0.575881 0.683079 0.992652 0.895140 0.597482 0.650889 0.804548 0.750648 0.732202 0.765887 0.784252 0.608547 0.609952 0.597131 0.783257 0.795546 0.903613 0.924655 0.990951 0.960482 0.944400 0.907975 0.982405 0.813245 0.694050 0.730056 0.451947 0.585483 0.761899 0.743374 0.740300 0.639879 0.767055 0.773936 0.852707 0.767581 0.875064 0.795514 0.640286 0.711665 0.816677 0.948003 0.906615 0.896906 0.984381 0.988307 0.807608 0.785089 0.861347 0.859737 0.960619 0.779966 0.737711 0.691076 0.620252 0.675010 0.829521 0.946716 0.795673 0.867145 0.869980 0.815153 0.947294 0.944142 0.975374 0.921274 0.586997 0.825137 0.883357 0.744213 0.921787 0.833924 0.898147 0.941009 0.871289 0.980715 0.754172 0.977555
0.846745 0.862697 0.860464 0.782191 0.917489 0.583793 0.754608 0.759946 0.810405 0.634076 0.918895 0.921692 0.697569 0.664377 0.580167 0.853608 0.895047 0.987318 0.939892 0.971952 0.884801 0.963484 0.587389 0.553183 0.685817 0.847418 0.000000 0.692003 0.987274 0.959417 0.900068 0.804998 0.993600 0.859390 0.855026 0.905716 0.803495 0.792554 0.859607 0.878202 0.999156 0.889105 0.992765 0.878789 0.940051 0.773251 0.790058 0.709470 0.652612 0.582052 0.775083 0.669636 0.685001 0.886562 0.699963 0.862856 0.885549 0.805806 0.955517 0.789726 0.956351 0.991822 0.983442 0.987729 0.511398 0.852553 0.886038 0.776326 0.754787 0.595388 0.676275 0.658772 0.716661 0.774151 0.803060 0.865177 0.973234 0.961524 0.932311 0.859294 0.858578 0.774882 0.605390 0.661830 0.542698 0.509901 0.703518 0.726576 0.561006 0.606126 0.707708 0.718567 0.749760 0.838380 0.941060 0.998102 0.726257 0.711520 0.707225 0.796464 0.653835 0.795588 0.777942 0.908765 0.955231 0.853548 0.865612 0.850900 0.819429 0.913092 0.881694 0.913573 0.779771 0.934704 0.865009 0.953344
0.842380 0.786657 0.892176 0.841069 0.894391 0.904114 0.847880 0.905115 0.839093 0.660593 0.945536 0.937662 0.871542 0.830467 0.853667 0.961423 0.996048 0.989825 0.926411 0.941300 0.842500 0.972228 0.766810 0.767403 0.776774 0.814900 0.692003 0.000000 0.975709 0.864596 0.857599 0.774078 0.964081 0.892927 0.825367 0.884292 0.886708 0.969426 0.813885 0.746139 0.924284 0.999889 0.933752 0.894741 0.987994 0.904064 0.828696 0.726949 0.766755 0.682419 0.830373 0.747000 0.892601 0.927366 0.738213 0.756003 0.902165 0.767682 0.855624 0.757649 0.919919 0.992150 0.980263 0.952084 0.683785 0.843924 0.902233 0.993466 0.747057 0.733256 0.805496 0.837901 0.844819 0.841408 0.880266 0.825108 0.912228 0.916940 0.861948 0.963547 0.914355 0.781808 0.846002 0.797843 0.599901 0.622749 0.783292 0.849065 0.754885 0.630077 0.727791 0.832757 0.799664 0.871050 0.895248 0.810783 0.736029 0.944488 0.852537 0.861389 0.694106 0.725500 0.692799 0.812764 0.985222 0.962346 0.977115 0.934562 0.932091 0.954756 0.813244 0.957718 0.889516 0.966698 0.858148 0.971454
0.529759 0.432226 0.914473 0.739652 0.955682 0.803096 0.556980 0.549214 0.589599 0.579698 0.350179 0.410152 0.743576 0.696802 0.698945 0.568799 0.333038 0.295908 0.381867 0.393332 0.795417 0.989879 0.858059 0.847194 0.839949 0.976315 0.987274 0.975709 0.000000 0.288045 0.655511 0.691489 0.451277 0.348640 0.917420 0.806407 0.823694 0.886997 0.881735 0.941426 0.724833 0.710809 0.745567 0.686867 0.661001 0.717957 0.757527 0.761257 0.743948 0.825834 0.783826 0.899717 0.828130 0.999761 0.843421 0.878612 0.431018 0.538645 0.665882 0.832817 0.435342 0.686577 0.419819 0.410524 0.972165 0.845064 0.653642 0.747756 0.674918 0.726504 0.668963 0.548758 0.526891 0.613091 0.925672 0.889990 0.756769 0.699535 0.514209 0.541371 0.509367 0.582432 0.665247 0.672409 0.916838 0.902233 0.904659 0.985327 0.930030 0.894626 0.837433 0.899530 0.868522 0.962775 0.718475 0.777520 0.910609 0.769447 0.647030 0.694612 0.935592 0.827909 0.670138 0.570619 0.777715 0.743092 0.894980 0.974827 0.816440 0.968824 0.980922 0.588677 0.807544 0.970855 0.911214 0.884509
0.515850 0.512146 0.994506 0.800783 0.888003 0.792679 0.512422 0.514123 0.640834 0.553309 0.329763 0.433193 0.747354 0.736780 0.646808 0.559672 0.320817 0.261807 0.351453 0.444512 0.773039 0.947537 0.857941 0.853052 0.732512 0.860183 0.959417 0.864596 0.288045 0.000000 0.634185 0.676510 0.473597 0.387003 0.895456 0.833541 0.867425 0.884724 0.956785 0.955776 0.756702 0.724147 0.761424 0.664591 0.617990 0.690239 0.766645 0.774397 0.775286 0.883449 0.833283 0.913972 0.843998 0.977709 0.777546 0.851484 0.441765 0.557893 0.608974 0.846740 0.357808 0.643281 0.367883 0.358918 0.910909 0.854448 0.591014 0.695289 0.700068 0.805487 0.689757 0.593555 0.570158 0.617399 0.935760 0.848455 0.816040 0.664967 0.548197 0.525578 0.473320 0.554268 0.680795 0.662036 0.936471 0.891050 0.924003 0.918748 0.959710 0.916314 0.837198 0.962687 0.931359 0.978661 0.620446 0.730763 0.766750 0.807143 0.611915 0.626948 0.916945 0.752773 0.603999 0.521766 0.748697 0.760046 0.947519 0.998025 0.840081 0.972340 0.951454 0.584215 0.735249 0.989473 0.760842 0.988685
0.866359 0.785111 0.567844 0.567887 0.885698 0.866551 0.305905 0.422470 0.367821 0.587506 0.761308 0.785119 0.902066 0.873550 0.732836 0.551615 0.828880 0.756361 0.517336 0.649398 0.671282 0.889740 0.637372 0.849974 0.791264 0.706097 0.900068 0.857599 0.655511 0.634185 0.000000 0.345808 0.420695 0.449287 0.938031 0.880206 0.768402 0.685633 0.766163 0.850499 0.968474 0.897956 0.406100 0.418076 0.405047 0.537848 0.841950 0.800765 0.728408 0.772366 0.575679 0.657295 0.583943 0.556097 0.889496 0.974072 0.691682 0.978878 0.966839 0.824873 0.710065 0.857570 0.949593 0.904427 0.763065 0.893931 0.411383 0.530236 0.853259 0.840104 0.504283 0.467004 0.568413 0.520176 0.948570 0.739113 0.588071 0.406354 0.652586 0.708706 0.862885 0.993793 0.873283 0.938528 0.984082 0.971484 0.824000 0.748413 0.813961 0.927858 0.559197 0.528603 0.548857 0.599930 0.732608 0.741457 0.701746 0.817693 0.481975 0.467931 0.754464 0.492752 0.602474 0.761403 0.584127 0.892383 0.818973 0.808434 0.786842 0.896068 0.813112 0.800915 0.561068 0.875621 0.762243 0.977781
0.923201 0.857953 0.641371 0.632541 0.896007 0.750961 0.327183 0.453424 0.413583 0.598440 0.815354 0.809362 0.877293 0.848842 0.793560 0.580145 0.863586 0.793742 0.532912 0.699187 0.844972 0.849530 0.680084 0.842526 0.857820 0.732033 0.804998 0.774078 0.691489 0.676510 0.345808 0.000000 0.530784 0.511500 0.964495 0.920350 0.839039 0.836605 0.864159 0.958991 0.968438 0.992530 0.494110 0.559911 0.506868 0.649393 0.844616 0.917802 0.808952 0.841841 0.657119 0.721092 0.663302 0.609132 0.954932 0.994754 0.790818 0.924865 0.950495 0.790919 0.729590 0.951612 0.962148 0.956454 0.836887 0.906323 0.472219 0.585404 0.962022 0.871668 0.535932 0.538450 0.603260 0.615615 0.930476 0.810067 0.644044 0.548302 0.728940 0.716757 0.971121 0.952748 0.929693 0.918227 0.962788 0.986062 0.722013 0.937275 0.779768 0.853158 0.562221 0.540317 0.543097 0.651319 0.670442 0.768939 0.756255 0.820734 0.541961 0.508032 0.776076 0.565628 0.640192 0.771008 0.581359 0.902229 0.887441 0.893622 0.878895 0.942164 0.804045 0.831694 0.598152 0.897710 0.753358 0.914987
0.498640 0.438291 0.625213 0.471232 0.981385 0.753241 0.328833 0.378615 0.493799 0.693421 0.479175 0.470974 0.572471 0.597879 0.527889 0.354048 0.553691 0.492679 0.364842 0.472197 0.649980 0.888020 0.527021 0.621461 0.785141 0.717477 0.993600 0.964081 0.451277 0.473597 0.420695 0.530784 0.000000 0.310805 0.911133 0.917238 0.716095 0.660859 0.759084 0.734071 0.744879 0.760113 0.398971 0.401143 0.443697 0.472382 0.574799 0.571077 0.527799 0.558709 0.454753 0.529403 0.576450 0.782966 0.710410 0.715135 0.431395 0.604816 0.618230 0.776289 0.430007 0.569198 0.691897 0.646883 0.618974 0.574411 0.470357 0.512258 0.602518 0.614767 0.599334 0.519017 0.595061 0.504834 0.814144 0.771232 0.568340 0.516911 0.517540 0.534960 0.567968 0.639828 0.632498 0.679727 0.661911 0.643546 0.985040 0.960768 0.879272 0.747686 0.700554 0.754833 0.715974 0.829912 0.597708 0.629316 0.727075 0.649077 0.463802 0.560347 0.862107 0.718996 0.609067 0.789290 0.507106 0.712304 0.932560 0.864502 0.838646 0.942360 0.988903 0.614968 0.566792 0.889262 0.658335 0.990167
0.525511 0.442351 0.735214 0.601600 0.888920 0.723670 0.339328 0.347605 0.478999 0.567733 0.408240 0.460875 0.721776 0.773568 0.740471 0.488721 0.430762 0.387340 0.330977 0.409922 0.703955 0.829269 0.763845 0.791961 0.973004 0.897129 0.859390 0.892927 0.348640 0.387003 0.449287 0.511500 0.310805 0.000000 0.961226 0.906467 0.738862 0.751745 0.758964 0.832704 0.734645 0.750253 0.505387 0.522778 0.493712 0.586755 0.693131 0.681844 0.706919 0.813133 0.645984 0.777413 0.720551 0.873666 0.899023 0.819343 0.415984 0.613091 0.634531 0.832729 0.406985 0.623335 0.600837 0.552619 0.884543 0.749412 0.454365 0.521879 0.716171 0.726873 0.488612 0.414703 0.421895 0.430573 0.782510 0.871108 0.586731 0.551469 0.498076 0.510574 0.575695 0.677085 0.783859 0.755707 0.892950 0.893119 0.785281 0.880015 0.963392 0.971150 0.660670 0.699265 0.712710 0.817896 0.584802 0.625639 0.714162 0.707276 0.448289 0.477077 0.792248 0.693995 0.582025 0.628937 0.601892 0.697151 0.943908 0.831320 0.805172 0.953565 0.926871 0.526190 0.575129 0.783844 0.690217 0.907292
0.915668 0.945945 0.803281 0.824805 0.789040 0.813252 0.981408 0.985716 0.932145 0.938351 0.898872 0.891121 0.900414 0.956776 0.976511 0.943594 0.799439 0.895972 0.864437 0.952558 0.913146 0.863846 0.845806 0.908249 0.783582 0.647723 0.855026 0.825367 0.917420 0.895456 0.938031 0.964495 0.911133 0.961226 0.000000 0.711085 0.848599 0.804785 0.800341 0.857472 0.845512 0.968360 0.725872 0.756528 0.764488 0.677206 0.884707 0.780717 0.792087 0.796947 0.767318 0.794585 0.826581 0.834381 0.995583 0.999972 0.971837 0.992427 0.983109 0.952857 0.911376 0.935582 0.886776 0.867938 0.765433 0.989716 0.802240 0.785870 0.878501 0.901076 0.960774 0.981322 0.990548 0.982572 0.984100 0.889105 0.898935 0.852203 0.923403 0.878242 0.964095 0.875895 0.981647 0.859729 0.907564 0.909023 0.985275 0.891571 0.932222 0.761203 0.992997 0.979960 0.990357 0.982218 0.785864 0.816634 0.961114 0.858763 0.970381 0.909542 0.846471 0.968908 0.974985 0.962880 0.787887 0.837416 0.950381 0.880336 0.947721 0.842537 0.987194 0.964732 0.830626 0.995132 0.808241 0.983891
0.682403 0.686778 0.972449 0.898432 0.980702 0.741003 0.986944 0.855253 0.934009 0.996920 0.703963 0.682245 0.730599 0.745739 0.859235 0.831234 0.702958 0.772990 0.815883 0.703325 0.929550 0.999366 0.930708 0.943298 0.995730 0.950912 0.905716 0.884292 0.806407 0.833541 0.880206 0.920350 0.917238 0.906467 0.711085 0.000000 0.825532 0.941140 0.982194 0.874606 0.700200 0.975942 0.884979 0.936988 0.733184 0.830608 0.885802 0.963038 0.979883 0.950047 0.957818 0.956723 0.836499 0.716032 0.821928 0.866001 0.723540 0.660747 0.769349 0.674461 0.726318 0.715319 0.749071 0.715816 0.995587 0.712533 0.845809 0.928401 0.810072 0.900732 0.957547 0.954779 0.773327 0.975459 0.952007 0.892929 0.884733 0.986279 0.813215 0.857841 0.804465 0.718882 0.904234 0.764424 0.923389 0.912674 0.933964 0.963968 0.934268 0.878165 0.971249 0.968795 0.984244 0.995942 0.957749 0.878745 0.930071 0.989724 0.983641 0.927390 0.879279 0.778487 0.897634 0.927074 0.996621 0.873846 0.999716 0.916523 0.998933 0.871173 0.990431 0.893095 0.903095 0.999014 0.869797 0.963858
0.657223 0.614709 0.638872 0.541303 0.808003 0.999303 0.856839 0.719815 0.794107 0.987652 0.704596 0.664465 0.748562 0.730713 0.764772 0.718526 0.800381 0.759281 0.834284 0.710162 0.592752 0.751448 0.822247 0.747908 0.636639 0.594361 0.803495 0.886708 0.823694 0.867425 0.768402 0.839039 0.716095 0.738862 0.848599 0.825532 0.000000 0.598916 0.677721 0.562715 0.717615 0.712966 0.630426 0.573539 0.785112 0.692656 0.659658 0.686931 0.662231 0.648822 0.650460 0.651236 0.837349 0.978171 0.798151 0.839772 0.625582 0.660548 0.732206 0.738055 0.796218 0.672005 0.886927 0.791512 0.616071 0.634583 0.778502 0.784535 0.627544 0.574658 0.783963 0.784173 0.772158 0.778653 0.974110 0.861894 0.777102 0.734022 0.686174 0.621172 0.685793 0.760362 0.804598 0.739196 0.753086 0.759784 0.852722 0.826096 0.913965 0.745273 0.888364 0.913976 0.821993 0.894585 0.791044 0.847145 0.982714 0.950114 0.815361 0.854021 0.839207 0.979845 0.910410 0.850501 0.768005 0.782335 0.958275 0.996709 0.999752 0.972304 0.967544 0.884609 0.967045 0.847242 0.790761 0.872139
0.623456 0.652078 0.572098 0.539667 0.937317 0.878074 0.794920 0.702267 0.885845 0.959447 0.728459 0.702922 0.752235 0.714520 0.782886 0.669008 0.844618 0.786405 0.772695 0.690511 0.844214 0.875789 0.797512 0.764751 0.602842 0.719895 0.792554 0.969426 0.886997 0.884724 0.685633 0.836605 0.660859 0.751745 0.804785 0.941140 0.598916 0.000000 0.733161 0.654505 0.792868 0.804683 0.661318 0.605025 0.750816 0.650411 0.700491 0.641526 0.669632 0.660888 0.613677 0.648300 0.792379 0.941373 0.676433 0.856367 0.621080 0.709842 0.728806 0.757772 0.751652 0.699069 0.933635 0.852859 0.584984 0.624606 0.758760 0.798675 0.505086 0.559625 0.821067 0.769975 0.830394 0.631561 0.792885 0.688299 0.798445 0.796866 0.596112 0.779298 0.720938 0.772383 0.717947 0.764234 0.744811 0.727378 0.904273 0.854555 0.713650 0.681602 0.931162 0.917442 0.828163 0.824098 0.795923 0.885878 0.882868 0.932668 0.883284 0.938431 0.879328 0.912226 0.843101 0.950244 0.739970 0.754115 0.957845 0.850213 0.949983 0.891020 0.969359 0.873118 0.816027 0.918465 0.646397 0.974928
