0.000000 0.413028 0.823435 0.801617 0.622529 0.892732 0.897083 0.732656 0.951008 0.666426 0.461690 0.358762 0.424150 0.551449 0.596778 0.710651 0.489255 0.443155 0.374055 0.384158 0.990708 0.980655 0.585431 0.955725 0.664019 0.492800 0.922980 0.944887 0.450031 0.544028 0.958552 0.937788 0.678968 0.804615 0.860734 0.911678 0.774558 0.952235 0.979030 0.954643 0.843090 0.876044 0.837417 0.914078 0.952174 0.944965 0.785793 0.900257 0.617142 0.801834 0.932794 0.993173 0.950575 0.624398 0.752432 0.982949 0.377525 0.393545 0.501694 0.544412 0.700971 0.667069 0.460473 0.388960 0.665223 0.654487 0.754656 0.683105 0.366522 0.445406 0.993139 0.931975 0.947512 0.922397 0.880644 0.919752 0.972514 0.743753 0.874982 0.761272 0.458696 0.451476 0.631332 0.670406 0.465162 0.912409 0.857135 0.709071 0.605057 0.584814 0.840334 0.769317 0.670366 0.609144 0.896254 0.929503 0.979039 0.944858 0.852798 0.908727 0.889298 0.784138 0.930293 0.887897 0.976339 0.926831 0.966312 0.663761 0.918751 0.866676 0.977375 0.888222 0.819827 0.992621 0.969471 0.935638
0.413028 0.000000 0.562097 0.764011 0.719861 0.725033 0.800097 0.802272 0.857483 0.752337 0.787316 0.416131 0.694581 0.512942 0.671380 0.641186 0.388140 0.321175 0.454938 0.397807 0.889600 0.963839 0.735635 0.907767 0.879275 0.546040 0.864324 0.792557 0.413489 0.435951 0.885633 0.962373 0.866591 0.840482 0.730595 0.924252 0.812913 0.830262 0.915801 0.786640 0.902794 0.896468 0.926815 0.790857 0.832523 0.665486 0.629352 0.701771 0.363012 0.536283 0.767239 0.821480 0.944859 0.735485 0.650042 0.813419 0.295524 0.308074 0.832135 0.771118 0.937218 0.740179 0.702151 0.553178 0.656838 0.651493 0.526414 0.658965 0.570962 0.465222 0.692118 0.604401 0.838308 0.828608 0.932280 0.967810 0.955685 0.767137 0.748232 0.705998 0.438663 0.393427 0.417521 0.508189 0.420502 0.862880 0.913419 0.599036 0.837229 0.763071 0.552726 0.532907 0.449128 0.407169 0.849375 0.975480 0.834679 0.927222 0.931438 0.994543 0.662704 0.609261 0.895157 0.859490 0.795417 0.853026 0.967752 0.577914 0.938974 0.995278 0.922807 0.883556 0.761738 0.917646 0.981748 0.886829
0.823435 0.562097 0.000000 0.449598 0.985547 0.569198 0.411289 0.630521 0.856227 0.934225 0.956240 0.867737 0.825199 0.934102 0.945903 0.976658 0.811991 0.690439 0.976538 0.868737 0.787366 0.849679 0.837525 0.843153 0.890114 0.581388 0.806911 0.898378 0.832513 0.893030 0.522096 0.559772 0.601933 0.646451 0.551948 0.844050 0.987290 0.775539 0.956581 0.921493 0.814054 0.860970 0.747387 0.853132 0.784988 0.936486 0.795738 0.835425 0.672579 0.879834 0.845941 0.881082 0.753754 0.609923 0.939412 0.820155 0.714544 0.645784 0.925950 0.952954 0.613230 0.910643 0.824652 0.997490 0.531168 0.592872 0.339037 0.463420 0.798320 0.838644 0.519201 0.567394 0.633321 0.704116 0.888423 0.928472 0.831338 0.667842 0.964619 0.902248 0.884277 0.805162 0.734945 0.834873 0.889778 0.942262 0.945197 0.955217 0.957160 0.923411 0.512880 0.691574 0.567276 0.675724 0.688219 0.939540 0.684010 0.976433 0.702997 0.650781 0.569925 0.654814 0.690610 0.689120 0.617932 0.645071 0.837948 0.796903 0.999837 0.798652 0.699322 0.850215 0.837593 0.884470 0.822823 0.983804
0.801617 0.764011 0.449598 0.000000 0.987449 0.755724 0.589933 0.579613 0.998681 0.947885 0.819761 0.933396 0.951714 0.751298 0.920701 0.777310 0.825813 0.824387 0.982067 0.978684 0.801059 0.816932 0.793255 0.575488 0.694193 0.498386 0.940181 0.970127 0.883408 0.989459 0.570103 0.544100 0.790617 0.744333 0.661255 0.853794 0.940403 0.849214 0.856186 0.883186 0.736433 0.876432 0.582430 0.682076 0.734932 0.826412 0.694686 0.725246 0.828816 0.968206 0.708340 0.671751 0.615641 0.502845 0.910860 0.853501 0.782075 0.704562 0.803833 0.879072 0.923810 0.934524 0.994654 0.808319 0.497451 0.465689 0.540184 0.546047 0.744971 0.746139 0.686409 0.654866 0.662500 0.731946 0.929723 0.884276 0.680543 0.549820 0.927185 0.958400 0.884011 0.933170 0.987062 0.953329 0.924800 0.600724 0.948491 0.819463 0.851020 0.963194 0.640322 0.824646 0.684583 0.842413 0.643583 0.825801 0.792356 0.902632 0.802812 0.709904 0.729722 0.758995 0.825775 0.889833 0.709595 0.631530 0.863502 0.818896 0.999527 0.898178 0.694210 0.790875 0.820096 0.870327 0.910314 0.988288
0.622529 0.719861 0.985547 0.987449 0.000000 0.971363 0.899705 0.786133 0.882094 0.839373 0.742488 0.640415 0.672621 0.656640 0.611598 0.657555 0.721248 0.746013 0.682747 0.628475 0.937817 0.909973 0.609671 0.653381 0.957157 0.760554 0.720507 0.863357 0.760242 0.753896 0.985213 0.938677 0.832792 0.946875 0.923595 0.801908 0.886274 0.931970 0.933994 0.955156 0.978460 0.950022 0.971973 0.990111 0.955521 0.946556 0.914991 0.912200 0.798947 0.773542 0.922185 0.924043 0.952069 0.842418 0.824337 0.900307 0.680655 0.802211 0.791310 0.870609 0.913932 0.695613 0.838459 0.733395 0.918375 0.929220 0.932738 0.784172 0.748325 0.703101 0.905015 0.916260 0.899373 0.930046 0.959766 0.942267 0.877067 0.858349 0.943312 0.990050 0.741976 0.710662 0.771181 0.823346 0.647153 0.803053 0.742500 0.660796 0.771919 0.748359 0.991181 0.948849 0.885516 0.831708 0.907047 0.947888 0.920378 0.953109 0.871656 0.877803 0.912710 0.927789 0.993723 0.892296 0.934507 0.980094 0.956181 0.882331 0.915761 0.697486 0.986037 0.900686 0.928323 0.913514 0.870692 0.874018
0.892732 0.725033 0.569198 0.755724 0.971363 0.000000 0.543277 0.739506 0.744567 0.901577 0.746827 0.951065 0.820118 0.952323 0.909154 0.902361 0.871197 0.831135 0.921638 0.827405 0.702992 0.976889 0.998151 0.952271 0.946059 0.752987 0.872627 0.915422 0.816746 0.868268 0.756026 0.710818 0.796180 0.822434 0.801762 0.937466 0.983936 0.900232 0.864685 0.889446 0.911758 0.984816 0.899272 0.956963 0.959505 0.954698 0.973154 0.969666 0.765344 0.844049 0.955817 0.968380 0.914942 0.801257 0.971425 0.945338 0.695500 0.682948 0.876868 0.844773 0.595297 0.855748 0.807721 0.928256 0.803030 0.667123 0.528268 0.672915 0.724209 0.839051 0.595678 0.654424 0.881870 0.727023 0.684473 0.854038 0.797351 0.758162 0.997787 0.940492 0.977012 0.885614 0.773183 0.785325 0.846499 0.943760 0.819630 0.943033 0.984569 0.923270 0.661529 0.699526 0.712065 0.694238 0.848130 0.920271 0.819226 0.980679 0.828621 0.717071 0.728889 0.827881 0.712873 0.772173 0.692848 0.801968 0.681269 0.853826 0.938053 0.941708 0.843024 0.803482 0.989873 0.971498 0.746461 0.938549
0.897083 0.800097 0.411289 0.589933 0.899705 0.543277 0.000000 0.395063 0.627439 0.554540 0.710882 0.848492 0.559804 0.753852 0.739334 0.807497 0.951052 0.937861 0.781369 0.996662 0.812531 0.831621 0.640601 0.911287 0.835406 0.828152 0.820423 0.880785 0.825186 0.825032 0.360520 0.467129 0.396784 0.436153 0.670486 0.883256 0.908271 0.849641 0.996606 0.866625 0.905622 0.918544 0.733430 0.785753 0.645329 0.782557 0.751161 0.797571 0.967753 0.917674 0.657595 0.706892 0.682788 0.642755 0.888819 0.962690 0.859033 0.864605 0.644991 0.685316 0.391884 0.717313 0.478754 0.621847 0.820142 0.769593 0.404861 0.523093 0.945534 0.881803 0.439283 0.488294 0.548100 0.573428 0.775936 0.855780 0.658752 0.641907 0.828961 0.912230 0.848180 0.974674 0.880658 0.890637 0.994152 0.946656 0.985579 0.914348 0.830551 0.871143 0.505211 0.624772 0.652349 0.804657 0.688356 0.846951 0.712502 0.857044 0.446562 0.495717 0.522653 0.566775 0.535695 0.500071 0.570700 0.543295 0.852306 0.869654 0.971249 0.806079 0.702419 0.723719 0.715231 0.846759 0.871011 0.913719
0.732656 0.802272 0.630521 0.579613 0.786133 0.739506 0.395063 0.000000 0.795963 0.565274 0.763756 0.551409 0.490041 0.424913 0.635935 0.532769 0.771410 0.826398 0.600923 0.736147 0.906266 0.955751 0.581090 0.753475 0.886896 0.954075 0.950120 0.861822 0.613629 0.649308 0.506306 0.469494 0.485809 0.458863 0.753502 0.994312 0.925464 0.943690 0.941537 0.993435 0.781567 0.966787 0.499225 0.528172 0.460783 0.514515 0.462303 0.543650 0.631981 0.579260 0.483806 0.507785 0.620078 0.682864 0.688697 0.902360 0.869334 0.882890 0.657530 0.664524 0.526777 0.491204 0.480645 0.570518 0.820561 0.737086 0.625173 0.611759 0.992301 0.745259 0.708612 0.721077 0.606743 0.640735 0.797414 0.856694 0.589693 0.776157 0.820034 0.858732 0.745617 0.879349 0.821943 0.971172 0.697060 0.776471 0.977203 0.683470 0.808421 0.719337 0.707014 0.851745 0.866219 0.934701 0.718863 0.833072 0.837665 0.789313 0.475195 0.406029 0.660145 0.763968 0.630454 0.731859 0.664139 0.704984 0.815104 0.974784 0.961027 0.802061 0.684451 0.570392 0.585472 0.743460 0.824423 0.868229
0.951008 0.857483 0.856227 0.998681 0.882094 0.744567 0.627439 0.795963 0.000000 0.661454 0.711850 0.931824 0.702072 0.933774 0.760028 0.941458 0.990213 0.893349 0.985477 0.857311 0.927515 0.958594 0.859365 0.826346 0.786173 0.993549 0.971093 0.957434 0.991171 0.981875 0.823217 0.893169 0.797349 0.867916 0.872701 0.924783 0.847609 0.766941 0.840051 0.792840 0.857132 0.869887 0.950184 0.978287 0.946254 0.995849 0.967113 0.986943 0.948681 0.912109 0.899122 0.838228 0.847489 0.866503 0.910224 0.992879 0.842875 0.864068 0.699131 0.779935 0.651725 0.744444 0.811938 0.799681 0.948707 0.998285 0.682149 0.895293 0.972051 0.854143 0.710967 0.642809 0.707712 0.600325 0.829846 0.952956 0.689562 0.921230 0.948691 0.932150 0.974863 0.846833 0.746782 0.755891 0.900679 0.778647 0.884766 0.820455 0.676959 0.983540 0.578987 0.514078 0.595133 0.607216 0.705734 0.943623 0.851414 0.906584 0.624446 0.650253 0.642035 0.749842 0.624941 0.536963 0.844722 0.834333 0.988489 0.767152 0.966750 0.834352 0.853597 0.718548 0.912973 0.844116 0.867121 0.891742
0.666426 0.752337 0.934225 0.947885 0.839373 0.901577 0.554540 0.565274 0.661454 0.000000 0.624757 0.607951 0.552687 0.717384 0.530912 0.645858 0.625528 0.632191 0.545009 0.717173 0.970658 0.948994 0.485285 0.983362 0.595382 0.723465 0.918070 0.953136 0.497637 0.510990 0.605011 0.643465 0.483227 0.552411 0.812578 0.933474 0.943569 0.857818 0.892159 0.732458 0.988302 0.903764 0.928105 0.859297 0.658574 0.688079 0.730772 0.834675 0.557829 0.620042 0.649466 0.683697 0.750799 0.928195 0.851949 0.904502 0.781354 0.733985 0.610317 0.727650 0.687250 0.737020 0.468266 0.427189 0.665327 0.675965 0.974032 0.928946 0.741450 0.542927 0.739959 0.815425 0.698520 0.699128 0.721524 0.940577 0.741545 0.926348 0.722933 0.679121 0.577683 0.773630 0.774102 0.866327 0.797526 0.793541 0.904560 0.924842 0.730258 0.892655 0.907925 0.845069 0.981546 0.856089 0.922726 0.909338 0.908806 0.901883 0.668846 0.659691 0.876865 0.865351 0.769985 0.641399 0.885391 0.841987 0.966050 0.899130 0.892705 0.938855 0.842736 0.849295 0.721694 0.855143 0.994351 0.831012
0.461690 0.787316 0.956240 0.819761 0.742488 0.746827 0.710882 0.763756 0.711850 0.624757 0.000000 0.572576 0.413912 0.767645 0.724017 0.884320 0.743167 0.749535 0.669177 0.670612 0.979993 0.947297 0.760348 0.915888 0.633621 0.780417 0.973833 0.975997 0.698563 0.770310 0.881529 0.919190 0.678141 0.838222 0.895997 0.914251 0.790465 0.945482 0.963108 0.755494 0.832755 0.873258 0.798083 0.868190 0.921025 0.924385 0.950117 0.943015 0.866273 0.946186 0.988316 0.943126 0.925941 0.740423 0.960867 0.984289 0.789209 0.789790 0.437800 0.553597 0.482788 0.669538 0.484500 0.463752 0.785629 0.821918 0.955826 0.875642 0.641612 0.603346 0.838219 0.881419 0.833050 0.934012 0.751274 0.963793 0.860256 0.889898 0.984027 0.778925 0.682752 0.753681 0.950942 0.949650 0.808110 0.785920 0.966613 0.993513 0.586185 0.716930 0.865866 0.929968 0.956241 0.976413 0.972121 0.883754 0.963884 0.969954 0.718217 0.823173 0.912618 0.971595 0.688954 0.727467 0.872281 0.886501 0.900067 0.924533 0.918298 0.709064 0.976673 0.832484 0.940823 0.903480 0.905688 0.959510
0.358762 0.416131 0.867737 0.933396 0.640415 0.951065 0.848492 0.551409 0.931824 0.607951 0.572576 0.000000 0.389424 0.377611 0.465015 0.479416 0.521722 0.488985 0.425662 0.433010 0.957614 0.987428 0.549593 0.782648 0.693579 0.602615 0.950575 0.803038 0.431635 0.522481 0.951257 0.855966 0.720388 0.777548 0.870084 0.807019 0.745478 0.943795 0.976043 0.967228 0.960088 0.940630 0.962368 0.903003 0.863806 0.767094 0.705015 0.756972 0.489408 0.618468 0.781342 0.833296 0.961834 0.765659 0.744322 0.936367 0.516880 0.537488 0.590117 0.612427 0.693456 0.439303 0.522192 0.436738 0.837641 0.901509 0.835032 0.810465 0.537884 0.495525 0.984547 0.927132 0.911618 0.952940 0.819493 0.995266 0.874648 0.806240 0.867827 0.780066 0.522534 0.560243 0.613682 0.750497 0.409039 0.858619 0.776506 0.597693 0.667520 0.571030 0.878117 0.822781 0.710829 0.668725 0.918469 0.954896 0.878603 0.943954 0.840510 0.751389 0.989132 0.815554 0.962688 0.938908 0.980916 0.957530 0.980347 0.747925 0.850642 0.894795 0.911056 0.765221 0.820890 0.970147 0.958691 0.804554
0.424150 0.694581 0.825199 0.951714 0.672621 0.820118 0.559804 0.490041 0.702072 0.552687 0.413912 0.389424 0.000000 0.485514 0.495154 0.578223 0.646406 0.730427 0.478911 0.529280 0.992992 0.868477 0.491016 0.868110 0.699262 0.741581 0.927415 0.934045 0.545561 0.604847 0.691257 0.698424 0.516978 0.654895 0.946190 0.945374 0.783026 0.871270 0.951002 0.884161 0.989721 0.930567 0.973807 0.948764 0.822026 0.826425 0.701240 0.823537 0.730345 0.758598 0.776285 0.840777 0.862496 0.920343 0.735163 0.976952 0.665455 0.680055 0.472546 0.562849 0.461279 0.485515 0.437827 0.405092 0.891702 0.924717 0.854338 0.993983 0.584299 0.561498 0.656873 0.849076 0.718647 0.802964 0.747580 0.971754 0.785784 0.984608 0.906294 0.906117 0.622570 0.703663 0.779531 0.887532 0.611437 0.951038 0.783781 0.768693 0.592499 0.608931 0.849015 0.952120 0.993851 0.883372 0.916810 0.969700 0.905251 0.866955 0.608355 0.637801 0.733583 0.976171 0.684068 0.714143 0.735506 0.797074 0.869362 0.838272 0.929861 0.745145 0.775180 0.698939 0.725681 0.908722 0.887446 0.863691
0.551449 0.512942 0.934102 0.751298 0.656640 0.952323 0.753852 0.424913 0.933774 0.717384 0.767645 0.377611 0.485514 0.000000 0.482148 0.369996 0.633568 0.574240 0.416812 0.435627 0.929526 0.942950 0.472748 0.523413 0.976913 0.792710 0.940228 0.854576 0.529214 0.514490 0.776011 0.583434 0.663260 0.664728 0.991930 0.939248 0.844488 0.945829 0.823525 0.822359 0.856441 0.965351 0.635230 0.643484 0.653144 0.610980 0.502015 0.569038 0.528970 0.553586 0.565218 0.634995 0.699677 0.923718 0.642352 0.887461 0.600033 0.689292 0.867435 0.827145 0.811080 0.544535 0.629541 0.623812 0.966864 0.857590 0.967863 0.978223 0.784826 0.679014 0.911927 0.926182 0.781069 0.863957 0.805793 0.908328 0.741384 0.937761 0.881469 0.751761 0.600366 0.567264 0.511203 0.775369 0.371435 0.555825 0.838766 0.484308 0.918149 0.634038 0.920922 0.736515 0.771032 0.617816 0.908544 0.869877 0.968912 0.887292 0.827557 0.678902 0.986733 0.878490 0.942820 0.966608 0.867860 0.901134 0.822603 0.833999 0.917289 0.863857 0.911716 0.726454 0.704112 0.853194 0.956027 0.793881
0.596778 0.671380 0.945903 0.920701 0.611598 0.909154 0.739334 0.635935 0.760028 0.530912 0.724017 0.465015 0.495154 0.482148 0.000000 0.412024 0.575992 0.598296 0.472801 0.527423 0.959568 0.959166 0.388628 0.676906 0.876471 0.740031 0.957350 0.994367 0.595939 0.556755 0.739080 0.681107 0.602845 0.681417 0.958197 0.892020 0.794278 0.846094 0.972182 0.900179 0.929630 0.958972 0.874064 0.849132 0.750837 0.701814 0.686264 0.676658 0.624220 0.591798 0.637915 0.643019 0.691683 0.936527 0.757037 0.948295 0.679286 0.746324 0.822642 0.876418 0.853282 0.614361 0.668883 0.593987 0.974809 0.921653 0.972505 0.842723 0.612417 0.656515 0.786951 0.946407 0.725079 0.753899 0.670418 0.978538 0.712068 0.962052 0.858303 0.715527 0.579933 0.625874 0.635977 0.822751 0.421350 0.829334 0.653896 0.688738 0.719193 0.712651 0.978946 0.985231 0.898876 0.802335 0.841459 0.896666 0.899980 0.867779 0.847065 0.705603 0.906492 0.851288 0.884637 0.733846 0.863549 0.886196 0.949819 0.811120 0.854962 0.839240 0.892901 0.769768 0.778611 0.813872 0.863597 0.968333
0.710651 0.641186 0.976658 0.777310 0.657555 0.902361 0.807497 0.532769 0.941458 0.645858 0.884320 0.479416 0.578223 0.369996 0.412024 0.000000 0.706509 0.671582 0.537167 0.572935 0.946064 0.944789 0.411437 0.454226 0.963895 0.779902 0.966749 0.836873 0.602723 0.570390 0.838691 0.660612 0.766538 0.830420 0.912215 0.782533 0.921106 0.940700 0.898583 0.999542 0.914771 0.997660 0.779871 0.767381 0.723430 0.670035 0.678887 0.740371 0.566294 0.612032 0.668296 0.675890 0.741001 0.914547 0.741879 0.937487 0.758613 0.775871 0.987764 0.997815 0.967175 0.590229 0.815167 0.770885 0.953657 0.911409 0.919498 0.896193 0.866191 0.760788 0.884855 0.999128 0.844673 0.815846 0.708059 0.881033 0.734027 0.944920 0.878318 0.787526 0.711339 0.705935 0.581386 0.830458 0.493979 0.597453 0.738417 0.560199 0.980724 0.738747 0.869807 0.886260 0.858889 0.695670 0.893269 0.858248 0.976692 0.822864 0.918104 0.762766 0.960064 0.812222 0.900473 0.976614 0.918957 0.950098 0.975278 0.862640 0.810513 0.986985 0.929874 0.807194 0.815248 0.864279 0.962298 0.845185
0.489255 0.388140 0.811991 0.825813 0.721248 0.871197 0.951052 0.771410 0.990213 0.625528 0.743167 0.521722 0.646406 0.633568 0.575992 0.706509 0.000000 0.342747 0.432573 0.423552 0.878783 0.974757 0.633016 0.926005 0.814547 0.580485 0.894324 0.958637 0.386801 0.336761 0.848417 0.794610 0.669734 0.667773 0.871058 0.902951 0.835293 0.853261 0.998921 0.860005 0.856198 0.927632 0.948472 0.851415 0.757545 0.652031 0.675694 0.717105 0.471467 0.575421 0.728746 0.824866 0.877970 0.858536 0.688502 0.911455 0.352512 0.387679 0.833920 0.783565 0.950896 0.830150 0.581672 0.458880 0.642916 0.581332 0.693904 0.727946 0.602828 0.414517 0.938227 0.806413 0.987725 0.895929 0.794402 0.966966 0.922111 0.862751 0.560260 0.652940 0.324029 0.410843 0.544288 0.475454 0.502550 0.975242 0.850263 0.640789 0.769624 0.850260 0.653240 0.678783 0.534015 0.537356 0.928223 0.976477 0.907916 0.996628 0.965505 0.921761 0.815542 0.710774 0.998494 0.872668 0.881041 0.965093 0.962228 0.554769 0.991105 0.966989 0.971261 0.948045 0.729471 0.833821 0.854216 0.882116
0.443155 0.321175 0.690439 0.824387 0.746013 0.831135 0.937861 0.826398 0.893349 0.632191 0.749535 0.488985 0.730427 0.574240 0.598296 0.671582 0.342747 0.000000 0.385591 0.381644 0.935582 0.969178 0.629482 0.866276 0.866517 0.569607 0.853624 0.899067 0.413281 0.343027 0.969818 0.860846 0.738374 0.737869 0.687927 0.948796 0.768948 0.827579 0.943560 0.852805 0.864019 0.911339 0.985406 0.852043 0.831551 0.697078 0.654521 0.745770 0.433665 0.569302 0.739579 0.812504 0.851359 0.805302 0.714714 0.874661 0.330793 0.363082 0.861246 0.797424 0.929026 0.904415 0.612416 0.501949 0.605184 0.580650 0.569718 0.635344 0.535349 0.459245 0.837789 0.762068 0.963117 0.906094 0.874161 0.957060 0.914708 0.799835 0.601603 0.537664 0.320566 0.318903 0.430642 0.475839 0.439010 0.904666 0.911145 0.596645 0.803112 0.795879 0.592449 0.607979 0.474552 0.454196 0.924050 0.943953 0.842742 0.945928 0.899313 0.976436 0.646624 0.664286 0.855983 0.990800 0.839668 0.928073 0.971155 0.582128 0.975540 0.985998 0.937110 0.999578 0.737826 0.879573 0.956384 0.944636
0.374055 0.454938 0.976538 0.982067 0.682747 0.921638 0.781369 0.600923 0.985477 0.545009 0.669177 0.425662 0.478911 0.416812 0.472801 0.537167 0.432573 0.385591 0.000000 0.341669 0.970313 0.961233 0.383055 0.736342 0.814845 0.574393 0.927674 0.986253 0.395767 0.384704 0.758867 0.680979 0.532616 0.636940 0.888407 0.936261 0.734678 0.995265 0.966164 0.983387 0.976587 0.962163 0.881128 0.846991 0.765046 0.688424 0.562429 0.720500 0.505825 0.605427 0.654764 0.768120 0.765651 0.928168 0.665191 0.997356 0.373780 0.463582 0.744414 0.786830 0.855998 0.760770 0.497180 0.448071 0.768231 0.709693 0.820532 0.774081 0.486060 0.486961 0.854606 0.972462 0.796682 0.940270 0.861316 0.901022 0.829379 0.929492 0.755281 0.668309 0.425896 0.412595 0.446868 0.624199 0.385590 0.877255 0.824690 0.608836 0.750474 0.691718 0.855298 0.820460 0.705892 0.618320 0.994190 0.929663 0.988631 0.896419 0.830751 0.778109 0.912369 0.809205 0.932713 0.828188 0.968248 0.847052 0.993700 0.656959 0.915336 0.904994 0.893536 0.846794 0.613364 0.815598 0.995990 0.899772
0.384158 0.397807 0.868737 0.978684 0.628475 0.827405 0.996662 0.736147 0.857311 0.717173 0.670612 0.433010 0.529280 0.435627 0.527423 0.572935 0.423552 0.381644 0.341669 0.000000 0.964096 0.986467 0.473693 0.684374 0.841101 0.607563 0.890482 0.929078 0.457258 0.443647 0.902021 0.855150 0.690726 0.805523 0.844507 0.916270 0.821958 0.963587 0.896682 0.904252 0.980597 0.851286 0.943194 0.896599 0.827310 0.733172 0.636528 0.716377 0.511875 0.571188 0.743620 0.838747 0.834421 0.843668 0.621474 0.962587 0.322707 0.412950 0.790171 0.804860 0.968861 0.776959 0.660009 0.565089 0.747773 0.688969 0.709452 0.706713 0.439693 0.507994 0.986118 0.778680 0.920647 0.888325 0.854168 0.984317 0.870828 0.849090 0.811067 0.758520 0.487276 0.414244 0.469689 0.515940 0.396256 0.876273 0.818189 0.576821 0.752309 0.652398 0.724886 0.653655 0.629122 0.518680 0.978433 0.984037 0.946239 0.908654 0.999368 0.937002 0.818303 0.743585 0.938923 0.977550 0.990057 0.954293 0.949169 0.677410 0.994375 0.856854 0.943740 0.945972 0.738999 0.885614 0.989775 0.949697
0.990708 0.889600 0.787366 0.801059 0.937817 0.702992 0.812531 0.906266 0.927515 0.970658 0.979993 0.957614 0.992992 0.929526 0.959568 0.946064 0.878783 0.935582 0.970313 0.964096 0.000000 0.990556 0.949842 0.862697 0.878902 0.784665 0.960544 0.943207 0.923097 0.911626 0.755370 0.839065 0.942217 0.926554 0.890840 0.925617 0.918156 0.952984 0.843780 0.847946 0.844656 0.957005 0.952613 0.995588 0.914374 0.889001 0.967887 0.886935 0.830861 0.727597 0.989282 0.997109 0.975979 0.866194 0.972607 0.966443 0.866793 0.844647 0.957578 0.965190 0.908656 0.885970 0.916905 0.943301 0.967215 0.804564 0.909965 0.896213 0.950807 0.879255 0.749802 0.851328 0.816909 0.765102 0.912527 0.728073 0.856197 0.972980 0.969626 0.915727 0.991023 0.943042 0.969597 0.939840 0.940301 0.884054 0.728517 0.906544 0.881047 0.895997 0.876322 0.985798 0.937336 0.914701 0.864517 0.920489 0.903689 0.842189 0.991206 0.897375 0.942347 0.994436 0.962595 0.971991 0.982148 0.969906 0.845697 0.991449 0.986061 0.884110 0.999212 0.882049 0.932711 0.859772 0.969041 0.871190
0.980655 0.963839 0.849679 0.816932 0.909973 0.976889 0.831621 0.955751 0.958594 0.948994 0.947297 0.987428 0.868477 0.942950 0.959166 0.944789 0.974757 0.969178 0.961233 0.986467 0.990556 0.000000 0.930852 0.938534 0.941869 0.792324 0.898258 0.966493 0.961198 0.841296 0.743700 0.942781 0.759190 0.787433 0.959283 0.769064 0.831361 0.835643 0.896495 0.904867 0.922509 0.945568 0.980969 0.990874 0.921215 0.962416 0.905160 0.907841 0.909291 0.973104 0.846401 0.887015 0.795802 0.831442 0.960094 0.837768 0.955926 0.997691 0.945013 0.985813 0.960433 0.921531 0.889475 0.942070 0.988715 0.956610 0.877266 0.971315 0.885140 0.929863 0.855974 0.918084 0.941584 0.908992 0.836988 0.957343 0.889688 0.775500 0.870543 0.989128 0.879277 0.903124 0.997949 0.887103 0.998957 0.898907 0.823605 0.974939 0.965681 0.991124 0.855811 0.910225 0.904729 0.952156 0.998717 0.931131 0.901594 0.933718 0.893065 0.975568 0.867390 0.965820 0.762222 0.840561 0.877911 0.823857 0.973352 0.955155 0.919838 0.853511 0.770937 0.993650 0.897601 0.924304 0.901490 0.827871
0.585431 0.735635 0.837525 0.793255 0.609671 0.998151 0.640601 0.581090 0.859365 0.485285 0.760348 0.549593 0.491016 0.472748 0.388628 0.411437 0.633016 0.629482 0.383055 0.473693 0.949842 0.930852 0.000000 0.534756 0.834814 0.740446 0.902459 0.962536 0.524193 0.481399 0.599297 0.583421 0.515275 0.659944 0.934929 0.924055 0.878206 0.975077 0.973196 0.842131 0.931245 0.928945 0.943500 0.944626 0.778294 0.785378 0.739700 0.826210 0.671107 0.687007 0.705248 0.747241 0.704920 0.921409 0.820508 0.826461 0.657798 0.722809 0.872542 0.959192 0.885241 0.773206 0.669062 0.629325 0.850903 0.829239 0.972133 0.834919 0.603286 0.651283 0.631492 0.866359 0.604082 0.741179 0.800255 0.940652 0.770305 0.919561 0.842585 0.780260 0.612811 0.592601 0.601740 0.754809 0.507286 0.864651 0.753019 0.608224 0.825874 0.787157 0.974080 0.989165 0.942703 0.752023 0.842324 0.899638 0.860924 0.935006 0.821373 0.793606 0.914095 0.972096 0.995439 0.729271 0.888169 0.802917 0.975894 0.873737 0.905385 0.924558 0.862318 0.919488 0.688029 0.885328 0.900730 0.871983
0.955725 0.907767 0.843153 0.575488 0.653381 0.952271 0.911287 0.753475 0.826346 0.983362 0.915888 0.782648 0.868110 0.523413 0.676906 0.454226 0.926005 0.866276 0.736342 0.684374 0.862697 0.938534 0.534756 0.000000 0.770389 0.931077 0.855961 0.924755 0.889930 0.805734 0.871402 0.721863 0.928665 0.988097 0.932868 0.832896 0.964217 0.966994 0.789576 0.890219 0.799400 0.844129 0.800131 0.841220 0.852388 0.850102 0.807035 0.870530 0.860593 0.817997 0.819076 0.845521 0.797358 0.839631 0.829175 0.966506 0.910960 0.984086 0.770471 0.784020 0.834256 0.886652 0.917562 0.897704 0.841180 0.774513 0.977958 0.994529 0.992828 0.973714 0.848062 0.991693 0.869971 0.941882 0.843270 0.937127 0.768128 0.926891 0.979399 0.936625 0.923508 0.807807 0.735945 0.823111 0.615071 0.467856 0.850563 0.552805 0.932695 0.791128 0.964843 0.888939 0.944961 0.816725 0.939276 0.859146 0.929114 0.989049 0.956144 0.908531 0.922056 0.935622 0.812003 0.890734 0.954926 0.914209 0.947140 0.964771 0.978329 0.978520 0.928891 0.923401 0.965865 0.998288 0.828844 0.885887
0.664019 0.879275 0.890114 0.694193 0.957157 0.946059 0.835406 0.886896 0.786173 0.595382 0.633621 0.693579 0.699262 0.976913 0.876471 0.963895 0.814547 0.866517 0.814845 0.841101 0.878902 0.941869 0.834814 0.770389 0.000000 0.570373 0.948241 0.831362 0.610790 0.812393 0.964802 0.927651 0.794471 0.886373 0.817720 0.869532 0.945682 0.956877 0.794954 0.759335 0.833154 0.794521 0.766926 0.792327 0.953718 0.963412 0.834866 0.862657 0.791886 0.920586 0.937117 0.853415 0.759318 0.702264 0.943049 0.920704 0.877195 0.755544 0.535191 0.648901 0.667287 0.724706 0.665195 0.578172 0.689970 0.680023 0.965940 0.888230 0.654893 0.643237 0.954679 0.923995 0.985423 0.992770 0.894898 0.841530 0.979195 0.876015 0.924244 0.931892 0.865882 0.990540 0.985028 0.962998 0.990544 0.577005 0.922655 0.915356 0.802579 0.819161 0.986983 0.859948 0.922637 0.992387 0.884503 0.938952 0.949372 0.988590 0.865233 0.874290 0.894208 0.877337 0.893407 0.767403 0.927171 0.893132 0.946321 0.967501 0.873415 0.995234 0.987077 0.997589 0.943850 0.922588 0.932012 0.843974
0.492800 0.546040 0.581388 0.498386 0.760554 0.752987 0.828152 0.954075 0.993549 0.723465 0.780417 0.602615 0.741581 0.792710 0.740031 0.779902 0.580485 0.569607 0.574393 0.607563 0.784665 0.792324 0.740446 0.931077 0.570373 0.000000 0.866151 0.937317 0.559424 0.644599 0.756487 0.868633 0.964892 0.964239 0.596855 0.751468 0.948729 0.843894 0.868526 0.908325 0.818775 0.913038 0.721131 0.790156 0.875193 0.981346 0.934148 0.916467 0.623211 0.821166 0.918150 0.843425 0.797735 0.522541 0.896946 0.979783 0.523050 0.481739 0.745922 0.784005 0.991172 0.811092 0.768141 0.574933 0.498052 0.505554 0.551914 0.503375 0.595144 0.575868 0.827502 0.793526 0.821451 0.809328 0.926604 0.941768 0.860570 0.629965 0.900654 0.948600 0.629094 0.663188 0.698694 0.776312 0.699583 0.831553 0.767900 0.843340 0.856934 0.833639 0.613499 0.755139 0.595991 0.657754 0.667915 0.999868 0.799419 0.925703 0.890676 0.898130 0.816806 0.692240 0.794939 0.971208 0.761264 0.861427 0.876638 0.720273 0.933607 0.994924 0.773273 0.864067 0.996496 0.956650 0.839512 0.917478
0.922980 0.864324 0.806911 0.940181 0.720507 0.872627 0.820423 0.950120 0.971093 0.918070 0.973833 0.950575 0.927415 0.940228 0.957350 0.966749 0.894324 0.853624 0.927674 0.890482 0.960544 0.898258 0.902459 0.855961 0.948241 0.866151 0.000000 0.796806 0.995037 0.971875 0.856833 0.842281 0.874921 0.817018 0.796671 0.928912 0.918435 0.970962 0.964155 0.919078 0.959897 0.975681 0.915224 0.852850 0.880032 0.907570 0.903934 0.881711 0.870755 0.899786 0.948725 0.976390 0.964664 0.892024 0.921774 0.872500 0.853087 0.929727 0.883757 0.899161 0.746934 0.970913 0.831389 0.916318 0.855141 0.892614 0.763758 0.698232 0.947681 0.943645 0.866010 0.841523 0.991862 0.925646 0.994187 0.994836 0.960914 0.800819 0.938510 0.997314 0.976455 0.887410 0.840877 0.926412 0.915992 0.861989 0.994544 0.876637 0.937922 0.967684 0.992179 0.984257 0.932687 0.988839 0.873990 0.841667 0.940866 0.982699 0.941973 0.898491 0.927220 0.971247 0.758227 0.951465 0.871378 0.866464 0.954394 0.999162 0.701254 0.971259 0.932108 0.968206 0.956444 0.781478 0.921954 0.967036
0.944887 0.792557 0.898378 0.970127 0.863357 0.915422 0.880785 0.861822 0.957434 0.953136 0.975997 0.803038 0.934045 0.854576 0.994367 0.836873 0.958637 0.899067 0.986253 0.929078 0.943207 0.966493 0.962536 0.924755 0.831362 0.937317 0.796806 0.000000 0.976980 0.966390 0.879056 0.890848 0.861225 0.906655 0.998610 0.892762 0.979524 0.983158 0.928415 0.994038 0.936697 0.867295 0.900990 0.891820 0.943729 0.921660 0.933161 0.939638 0.830258 0.896825 0.962750 0.913522 0.995781 0.970326 0.989523 0.998779 0.937613 0.970515 0.990396 0.952692 0.952311 0.930231 0.982723 0.936403 0.973152 0.930578 0.928184 0.880147 0.919392 0.986524 0.888057 0.882803 0.967131 0.967877 0.975318 0.987160 0.856310 0.854225 0.957144 0.987304 0.995906 0.966898 0.951089 0.906477 0.955426 0.852136 0.890403 0.971490 0.905680 0.937057 0.999093 0.977406 0.992420 0.984485 0.946304 0.922417 0.987394 0.852986 0.983452 0.904697 0.968911 0.901413 0.885782 0.764603 0.866961 0.810649 0.897988 0.971919 0.983355 0.962418 0.915673 0.789281 0.928000 0.989444 0.915776 0.985697
0.450031 0.413489 0.832513 0.883408 0.760242 0.816746 0.825186 0.613629 0.991171 0.497637 0.698563 0.431635 0.545561 0.529214 0.595939 0.602723 0.386801 0.413281 0.395767 0.457258 0.923097 0.961198 0.524193 0.889930 0.610790 0.559424 0.995037 0.976980 0.000000 0.323051 0.736627 0.724549 0.551280 0.556126 0.826822 0.930430 0.784949 0.810259 0.959458 0.999533 0.928028 0.942902 0.923322 0.787769 0.719973 0.619938 0.670488 0.712288 0.436591 0.561345 0.685326 0.764169 0.858451 0.876153 0.683681 0.837139 0.436175 0.416244 0.674550 0.692594 0.830635 0.693020 0.478457 0.374267 0.630998 0.624824 0.760634 0.829689 0.582264 0.393458 0.970187 0.852149 0.924834 0.939916 0.882418 0.913101 0.877614 0.929841 0.617845 0.695959 0.381831 0.454439 0.509796 0.560374 0.501761 0.964591 0.885173 0.625694 0.809516 0.783731 0.745215 0.745194 0.586259 0.520793 0.964766 0.969728 0.867082 0.953363 0.881148 0.835129 0.879030 0.886218 0.946234 0.854217 0.965472 0.987956 0.960744 0.677325 0.852501 0.992065 0.993726 0.897423 0.659649 0.859874 0.963183 0.753689
0.544028 0.435951 0.893030 0.989459 0.753896 0.868268 0.825032 0.649308 0.981875 0.510990 0.770310 0.522481 0.604847 0.514490 0.556755 0.570390 0.336761 0.343027 0.384704 0.443647 0.911626 0.841296 0.481399 0.805734 0.812393 0.644599 0.971875 0.966390 0.323051 0.000000 0.706808 0.631508 0.533015 0.518360 0.794233 0.992316 0.847354 0.835511 0.989381 0.892832 0.933929 0.934195 0.889031 0.769461 0.658589 0.596715 0.625672 0.699174 0.465093 0.557776 0.625444 0.726018 0.757110 0.989289 0.682936 0.904136 0.444632 0.463312 0.897866 0.868625 0.934776 0.840350 0.520216 0.442095 0.631074 0.637564 0.743930 0.805839 0.685331 0.450907 0.979387 0.854845 0.900920 0.959795 0.829878 0.987738 0.853066 0.975595 0.492821 0.551135 0.312943 0.394927 0.447153 0.503751 0.497285 0.963570 0.846212 0.595805 0.900570 0.915200 0.662125 0.694802 0.538298 0.480028 0.953660 0.983446 0.877082 0.958258 0.984224 0.927692 0.847653 0.801505 0.983462 0.871098 0.943780 0.961826 0.967378 0.661132 0.942797 0.906933 0.983500 0.959089 0.571844 0.781704 0.990380 0.812953
0.958552 0.885633 0.522096 0.570103 0.985213 0.756026 0.360520 0.506306 0.823217 0.605011 0.881529 0.951257 0.691257 0.776011 0.739080 0.838691 0.848417 0.969818 0.758867 0.902021 0.755370 0.743700 0.599297 0.871402 0.964802 0.756487 0.856833 0.879056 0.736627 0.706808 0.000000 0.420376 0.397837 0.371224 0.742936 0.806316 0.965120 0.908165 0.996130 0.962394 0.892773 0.973206 0.633382 0.689051 0.578680 0.679087 0.668581 0.728429 0.938478 0.845972 0.536364 0.550013 0.535245 0.486587 0.840749 0.936539 0.943246 0.918468 0.870493 0.908370 0.693415 0.992164 0.551535 0.728094 0.943832 0.937760 0.636696 0.668352 0.998952 0.936135 0.441320 0.592059 0.477532 0.530894 0.847881 0.866295 0.705310 0.571738 0.715344 0.761802 0.771560 0.910064 0.936898 0.986222 0.942564 0.971464 0.903962 0.882109 0.926388 0.934948 0.633648 0.763049 0.781809 0.988385 0.711942 0.947733 0.744811 0.887919 0.579639 0.621872 0.692543 0.606595 0.586025 0.563346 0.704391 0.644660 0.901772 0.910890 0.986137 0.900792 0.691748 0.825100 0.640668 0.787717 0.800821 0.856176
0.937788 0.962373 0.559772 0.544100 0.938677 0.710818 0.467129 0.469494 0.893169 0.643465 0.919190 0.855966 0.698424 0.583434 0.681107 0.660612 0.794610 0.860846 0.680979 0.855150 0.839065 0.942781 0.583421 0.721863 0.927651 0.868633 0.842281 0.890848 0.724549 0.631508 0.420376 0.000000 0.475014 0.417840 0.747236 0.829403 0.919815 0.999053 0.913062 0.925962 0.875107 0.957708 0.570565 0.576713 0.553301 0.621832 0.540199 0.643395 0.855277 0.782701 0.519917 0.557237 0.516453 0.584376 0.749433 0.921874 0.954843 0.994574 0.995869 0.983158 0.764159 0.835361 0.603877 0.717210 0.889262 0.846573 0.701367 0.685053 0.918276 0.885129 0.582981 0.736103 0.605461 0.617873 0.772136 0.870373 0.762404 0.568221 0.700271 0.722109 0.668064 0.777077 0.778786 0.902735 0.745364 0.780968 0.975909 0.705725 0.938640 0.964158 0.831893 0.958102 0.949415 0.888640 0.738319 0.848571 0.844492 0.933136 0.725162 0.606646 0.862715 0.755134 0.719164 0.689926 0.757150 0.644261 0.779192 0.985974 0.937411 0.860830 0.798390 0.728037 0.567647 0.790071 0.764076 0.755859
0.678968 0.866591 0.601933 0.790617 0.832792 0.796180 0.396784 0.485809 0.797349 0.483227 0.678141 0.720388 0.516978 0.663260 0.602845 0.766538 0.669734 0.738374 0.532616 0.690726 0.942217 0.759190 0.515275 0.928665 0.794471 0.964892 0.874921 0.861225 0.551280 0.533015 0.397837 0.475014 0.000000 0.328076 0.819723 0.812390 0.823081 0.890227 0.944251 0.951943 0.959586 0.960564 0.726670 0.699281 0.558196 0.594781 0.591088 0.656724 0.767970 0.694481 0.521133 0.606411 0.562280 0.702675 0.705086 0.958448 0.781683 0.802748 0.674974 0.775281 0.592624 0.796006 0.421954 0.470308 0.978699 0.884809 0.689296 0.751846 0.778295 0.630246 0.582864 0.740798 0.583503 0.674063 0.780472 0.966399 0.674958 0.685169 0.723244 0.796552 0.603577 0.738438 0.840029 0.824262 0.744246 0.896272 0.986434 0.806947 0.745242 0.862025 0.789576 0.841968 0.960710 0.911037 0.738530 0.950841 0.750478 0.800606 0.539911 0.594235 0.788208 0.717074 0.609898 0.519271 0.686294 0.617702 0.973716 0.967274 0.979753 0.810291 0.708821 0.712608 0.484328 0.770322 0.774501 0.860430
0.804615 0.840482 0.646451 0.744333 0.946875 0.822434 0.436153 0.458863 0.867916 0.552411 0.838222 0.777548 0.654895 0.664728 0.681417 0.830420 0.667773 0.737869 0.636940 0.805523 0.926554 0.787433 0.659944 0.988097 0.886373 0.964239 0.817018 0.906655 0.556126 0.518360 0.371224 0.417840 0.328076 0.000000 0.828144 0.729826 0.848308 0.943149 0.944115 0.918591 0.920957 0.971536 0.605978 0.577912 0.487205 0.508416 0.525137 0.550054 0.735405 0.667006 0.489818 0.541836 0.571251 0.645952 0.689683 0.817341 0.807928 0.807753 0.760773 0.751879 0.625510 0.818126 0.429411 0.510541 0.956662 0.979483 0.711399 0.639914 0.923578 0.708599 0.694654 0.819664 0.684897 0.681056 0.813322 0.915626 0.744695 0.653944 0.632013 0.731549 0.556492 0.718080 0.776644 0.781489 0.748775 0.981986 0.942038 0.710403 0.886664 0.950062 0.868298 0.988462 0.952670 0.826177 0.756691 0.999180 0.908320 0.839960 0.627856 0.635826 0.806777 0.783810 0.619989 0.624701 0.755920 0.685312 0.837427 0.902127 0.962105 0.853737 0.803975 0.736744 0.478040 0.711911 0.685848 0.804576
0.860734 0.730595 0.551948 0.661255 0.923595 0.801762 0.670486 0.753502 0.872701 0.812578 0.895997 0.870084 0.946190 0.991930 0.958197 0.912215 0.871058 0.687927 0.888407 0.844507 0.890840 0.959283 0.934929 0.932868 0.817720 0.596855 0.796671 0.998610 0.826822 0.794233 0.742936 0.747236 0.819723 0.828144 0.000000 0.885668 0.990862 0.776669 0.939352 0.857894 0.892488 0.851513 0.682213 0.785157 0.785420 0.856867 0.808061 0.803230 0.749711 0.911898 0.851589 0.879791 0.799752 0.678665 0.857476 0.986945 0.839548 0.791184 0.955660 0.950733 0.748769 0.935444 0.937209 0.900127 0.570363 0.623997 0.432817 0.460244 0.875118 0.815965 0.766527 0.742181 0.789815 0.906082 0.946378 0.936519 0.793657 0.770010 0.915488 0.775593 0.826977 0.765248 0.760215 0.845464 0.922587 0.906953 0.990365 0.954140 0.941561 0.937624 0.629559 0.755304 0.651973 0.744912 0.641076 0.851149 0.683970 0.771422 0.703095 0.677550 0.685801 0.694054 0.693130 0.759968 0.596402 0.709331 0.907434 0.785960 0.980593 0.973251 0.797055 0.694621 0.895234 0.795701 0.760759 0.932246
0.911678 0.924252 0.844050 0.853794 0.801908 0.937466 0.883256 0.994312 0.924783 0.933474 0.914251 0.807019 0.945374 0.939248 0.892020 0.782533 0.902951 0.948796 0.936261 0.916270 0.925617 0.769064 0.924055 0.832896 0.869532 0.751468 0.928912 0.892762 0.930430 0.992316 0.806316 0.829403 0.812390 0.729826 0.885668 0.000000 0.989270 0.823002 0.833876 0.930910 0.953565 0.980342 0.873639 0.885026 0.855111 0.898274 0.879098 0.950391 0.929627 0.948421 0.943299 0.920613 0.767146 0.777975 0.927713 0.984393 0.993024 0.968233 0.929426 0.941798 0.975475 0.836420 0.976775 0.985941 0.899696 0.998868 0.832184 0.793460 0.974449 0.979809 0.979575 0.998082 0.986717 0.912445 0.964490 0.796632 0.954008 0.642740 0.967035 0.991366 0.999857 0.955887 0.965264 0.998185 0.895871 0.849174 0.933277 0.954808 0.777603 0.887384 0.919454 0.969287 0.909084 0.951964 0.904666 0.919489 0.840616 0.870223 0.876087 0.936183 0.863056 0.821742 0.824960 0.872310 0.814999 0.918958 0.724682 0.998577 0.853176 0.952943 0.903542 0.977795 0.678251 0.841438 0.851657 0.959172
0.774558 0.812913 0.987290 0.940403 0.886274 0.983936 0.908271 0.925464 0.847609 0.943569 0.790465 0.745478 0.783026 0.844488 0.794278 0.921106 0.835293 0.768948 0.734678 0.821958 0.918156 0.831361 0.878206 0.964217 0.945682 0.948729 0.918435 0.979524 0.784949 0.847354 0.965120 0.919815 0.823081 0.848308 0.990862 0.989270 0.000000 0.826101 0.988442 0.816083 0.840886 0.979660 0.926721 0.833789 0.965023 0.882304 0.814843 0.766576 0.907043 0.866837 0.790468 0.804561 0.808534 0.924030 0.824145 0.989931 0.787024 0.886355 0.848441 0.909001 0.918007 0.823097 0.804065 0.816641 0.859108 0.987928 0.972218 0.974668 0.721045 0.743343 0.959160 0.932254 0.943763 0.916440 0.957934 0.910610 0.843693 0.972769 0.862280 0.965610 0.866027 0.792679 0.944785 0.990306 0.704520 0.913182 0.815689 0.869541 0.738484 0.729336 0.934818 0.934214 0.980812 0.929516 0.886467 0.859840 0.958201 0.958138 0.858299 0.787649 0.996014 0.961461 0.772027 0.799427 0.968487 0.755570 0.830679 0.985774 0.825990 0.780747 0.755498 0.692160 0.900423 0.848545 0.768470 0.947461
0.952235 0.830262 0.775539 0.849214 0.931970 0.900232 0.849641 0.943690 0.766941 0.857818 0.945482 0.943795 0.871270 0.945829 0.846094 0.940700 0.853261 0.827579 0.995265 0.963587 0.952984 0.835643 0.975077 0.966994 0.956877 0.843894 0.970962 0.983158 0.810259 0.835511 0.908165 0.999053 0.890227 0.943149 0.776669 0.823002 0.826101 0.000000 0.908728 0.901880 0.960156 0.770314 0.928429 0.996823 0.994845 0.966246 0.989440 0.877765 0.813602 0.973095 0.898172 0.921639 0.855336 0.818123 0.953350 0.893614 0.894149 0.764237 0.983982 0.889145 0.849359 0.843516 0.930576 0.932247 0.680475 0.771754 0.775912 0.864160 0.898158 0.896692 0.803783 0.872020 0.796831 0.766568 0.949322 0.921541 0.947330 0.795009 0.774507 0.821682 0.893690 0.896104 0.772400 0.754033 0.904213 0.982074 0.839785 0.852358 0.827087 0.860139 0.716817 0.771854 0.785630 0.676325 0.872757 0.875339 0.852888 0.898910 0.833984 0.814536 0.731915 0.880040 0.740139 0.778679 0.908673 0.889970 0.975665 0.878525 0.890674 0.867374 0.845916 0.827919 0.913729 0.806663 0.695632 0.948252
