0.000000 0.499393 0.765985 0.745772 0.928504 0.956199 0.776779 0.818026 0.801962 0.999718 0.726535 0.723485 0.940378 0.999730 0.876080 0.984030 0.554203 0.537900 0.449601 0.552620 0.848538 0.875305 0.859475 0.960073 0.711096 0.797724 0.955101 0.914695 0.703001 0.789056 0.825001 0.937491 0.663948 0.504516 0.858284 0.972014 0.887862 0.957784 0.811067 0.827887 0.955307 0.843492 0.626570 0.547238 0.976493 0.883890 0.646605 0.715319 0.988595 0.918894 0.924739 0.931617 0.816721 0.683990 0.761501 0.984397 0.415578 0.500506 0.518738 0.645999 0.781478 0.828876 0.720584 0.766341 0.786128 0.792531 0.664578 0.664657 0.663210 0.603375 0.715414 0.802187 0.661596 0.687871 0.970930 0.858610 0.642613 0.738663 0.856309 0.680376 0.594787 0.586990 0.943368 0.744885 0.840933 0.867023 0.746272 0.917586 0.879014 0.775194 0.818708 0.875007 0.863214 0.986258 0.922691 0.799875 0.755328 0.815814 0.929389 0.828395 0.793703 0.969768 0.708374 0.646342 0.865223 0.896932 0.888597 0.998423 0.848265 0.695818 0.722011 0.990565 0.883972 0.996005 0.832322 0.709435
0.499393 0.000000 0.944493 0.792098 0.956750 0.959141 0.930204 0.713537 0.759105 0.821363 0.860069 0.533886 0.868015 0.801541 0.950187 0.749529 0.542062 0.504642 0.553709 0.571121 0.918675 0.921348 0.972597 0.949435 0.860005 0.953721 0.913203 0.914652 0.608962 0.685541 0.737414 0.899091 0.561314 0.492082 0.902069 0.987671 0.787316 0.809702 0.950731 0.859043 0.949759 0.878066 0.573907 0.499001 0.760538 0.672675 0.571376 0.535043 0.816475 0.776533 0.739697 0.848643 0.962175 0.877064 0.720368 0.972080 0.389431 0.368718 0.600301 0.740488 0.708227 0.640718 0.599152 0.535557 0.863283 0.868525 0.721710 0.664229 0.835192 0.528341 0.528245 0.635781 0.772879 0.751494 0.971950 0.911260 0.588697 0.761543 0.643992 0.683420 0.479297 0.570681 0.807117 0.701556 0.881817 0.889535 0.882853 0.958023 0.809632 0.837594 0.844079 0.806969 0.911786 0.870863 0.786494 0.785483 0.703925 0.734988 0.718057 0.764860 0.792995 0.932110 0.663458 0.741154 0.827237 0.824197 0.952604 0.971780 0.890837 0.745592 0.710490 0.857199 0.837575 0.823816 0.756042 0.893107
0.765985 0.944493 0.000000 0.428552 0.956057 0.966066 0.339152 0.653307 0.669393 0.961270 0.889229 0.809370 0.726631 0.854000 0.933591 0.834008 0.910283 0.850189 0.725019 0.895549 0.714546 0.861032 0.759572 0.798771 0.510895 0.580668 0.984239 0.985190 0.802847 0.696216 0.895060 0.967823 0.769867 0.772236 0.685445 0.927403 0.815794 0.999407 0.848356 0.838570 0.993490 0.833200 0.698495 0.841028 0.801515 0.855323 0.701483 0.861220 0.774132 0.981092 0.901370 0.874043 0.910945 0.770600 0.904741 0.849033 0.989677 0.961385 0.556847 0.682790 0.691509 0.948928 0.877304 0.766304 0.397712 0.520407 0.489521 0.538953 0.937381 0.843920 0.979450 0.989246 0.933402 0.950682 0.940061 0.961363 0.807072 0.895176 0.899508 0.964502 0.967004 0.933908 0.859395 0.969926 0.580061 0.746290 0.652259 0.871994 0.711337 0.656736 0.707575 0.675894 0.637432 0.572893 0.930082 0.759052 0.909120 0.946733 0.844670 0.728980 0.709440 0.877918 0.963421 0.931095 0.638154 0.729435 0.958372 0.857468 0.784424 0.978209 0.927382 0.991347 0.969419 0.817106 0.764331 0.725233
0.745772 0.792098 0.428552 0.000000 0.960882 0.931607 0.432798 0.513606 0.818393 0.979464 0.964844 0.992431 0.801332 0.951832 0.938698 0.978046 0.934336 0.932413 0.762518 0.841600 0.754694 0.872379 0.663238 0.638666 0.661737 0.614527 0.973297 0.893539 0.815308 0.730893 0.906729 0.968339 0.726385 0.688118 0.678338 0.923948 0.764566 0.937076 0.753581 0.897812 0.957676 0.821106 0.724285 0.799053 0.864215 0.932324 0.706975 0.785905 0.822958 0.953709 0.790292 0.759106 0.930062 0.749292 0.857338 0.793438 0.879474 0.882119 0.607493 0.680986 0.690438 0.758646 0.965996 0.989641 0.398597 0.395686 0.448173 0.407083 0.959589 0.902968 0.891273 0.799961 0.821141 0.843034 0.913537 0.913045 0.682957 0.787519 0.986246 0.973648 0.832640 0.837020 0.993895 0.886000 0.531910 0.662696 0.760856 0.907401 0.861700 0.578509 0.695071 0.678761 0.616578 0.648635 0.989538 0.702554 0.798848 0.986915 0.681645 0.670914 0.610788 0.802559 0.968820 0.952651 0.550002 0.661831 0.866444 0.749218 0.775614 0.856912 0.839221 0.987792 0.918797 0.883549 0.728205 0.762378
0.928504 0.956750 0.956057 0.960882 0.000000 0.925805 0.882121 0.961186 0.804822 0.924456 0.829935 0.967705 0.714968 0.837522 0.813554 0.892525 0.946537 0.921922 0.991704 0.967486 0.790904 0.755994 0.799488 0.849800 0.985013 0.905451 0.916122 0.916785 0.972055 0.936519 0.951810 0.998174 0.964904 0.999562 0.993663 0.820025 0.993074 0.926858 0.980987 0.944828 0.969290 0.962278 0.862905 0.919255 0.839825 0.963466 0.978572 0.961792 0.963650 0.942590 0.914055 0.980278 0.883559 0.796520 0.910775 0.854890 0.970571 0.918008 0.840020 0.823322 0.741035 0.908003 0.795498 0.940071 0.936655 0.868793 0.940433 0.954903 0.806831 0.939809 0.940346 0.894541 0.938254 0.980218 0.935932 0.974316 0.887902 0.969248 0.907378 0.865181 0.875676 0.843047 0.834827 0.753933 0.718732 0.625252 0.921294 0.744329 0.901656 0.963175 0.956001 0.972530 0.957093 0.981007 0.949990 0.874835 0.816869 0.978927 0.950598 0.970718 0.939347 0.966563 0.913582 0.857080 0.925946 0.922639 0.937691 0.927721 0.965001 0.900286 0.992479 0.908372 0.871262 0.949489 0.948993 0.988522
0.956199 0.959141 0.966066 0.931607 0.925805 0.000000 0.960871 0.994053 0.992921 0.961605 0.931176 0.943361 0.938276 0.900053 0.983766 0.773595 0.851730 0.919148 0.971668 0.952227 0.915792 0.923353 0.835438 0.851381 0.920691 0.868358 0.920402 0.858779 0.921256 0.912079 0.809359 0.943145 0.975040 0.956374 0.869673 0.936687 0.762785 0.929103 0.876644 0.904442 0.874614 0.978555 0.941910 0.874990 0.935189 0.995462 0.932698 0.912459 0.925936 0.976047 0.967417 0.920842 0.934810 0.935377 0.892035 0.856485 0.969937 0.998604 0.809017 0.873814 0.942748 0.989367 0.944286 0.965346 0.957602 0.943848 0.931825 0.893688 0.861763 0.932739 0.779994 0.860587 0.840490 0.786713 0.946110 0.936540 0.961756 0.842368 0.962384 0.939825 0.962140 0.948767 0.999430 0.998512 0.917688 0.877760 0.895611 0.844537 0.824515 0.976093 0.841323 0.884449 0.782401 0.939358 0.869945 0.977367 0.980624 0.916695 0.925599 0.930418 0.832945 0.969713 0.988821 0.945732 0.843187 0.992558 0.995444 0.973479 0.918987 0.959197 0.995125 0.940160 0.970306 0.990316 0.888355 0.942470
0.776779 0.930204 0.339152 0.432798 0.882121 0.960871 0.000000 0.558794 0.662810 0.945570 0.886968 0.892708 0.612176 0.977033 0.966257 0.956747 0.913423 0.883767 0.773198 0.901893 0.741888 0.928598 0.727787 0.811810 0.629535 0.643528 0.987815 0.984375 0.829847 0.748289 0.984655 0.906599 0.750201 0.749025 0.698878 0.971264 0.920767 0.876926 0.893380 0.809019 0.975314 0.939922 0.793753 0.852918 0.813442 0.877499 0.785236 0.880018 0.721746 0.979428 0.866539 0.803747 0.979848 0.837768 0.986669 0.981224 0.964352 0.951696 0.560185 0.649331 0.534574 0.812097 0.990413 0.878064 0.400039 0.446594 0.500101 0.530461 0.901646 0.795392 0.906558 0.927721 0.873714 0.879152 0.941487 0.989815 0.798092 0.911641 0.909400 0.974125 0.878112 0.880665 0.906678 0.930925 0.499625 0.686458 0.725920 0.937645 0.678461 0.629991 0.683534 0.680526 0.727792 0.611086 0.931052 0.826002 0.974382 0.863498 0.816006 0.692571 0.753686 0.815190 0.926057 0.969032 0.624421 0.753141 0.921587 0.917069 0.725851 0.982524 0.869177 0.988884 0.975306 0.819962 0.784364 0.702511
0.818026 0.713537 0.653307 0.513606 0.961186 0.994053 0.558794 0.000000 0.893798 0.711685 0.933266 0.722285 0.674118 0.796346 0.976856 0.840553 0.977696 0.908914 0.872977 0.765468 0.952388 0.986655 0.717376 0.833265 0.984687 0.974389 0.880231 0.988964 0.926191 0.988492 0.992240 0.937946 0.720871 0.608142 0.808060 0.962490 0.929468 0.968877 0.897110 0.910227 0.871143 0.850727 0.851166 0.853895 0.953086 0.982244 0.794907 0.807184 0.860776 0.909722 0.618265 0.536691 0.874157 0.929177 0.857682 0.987227 0.903090 0.793596 0.566497 0.557450 0.485751 0.415263 0.710969 0.638657 0.615676 0.519361 0.621891 0.509202 0.783410 0.996990 0.912731 0.814113 0.791890 0.786264 0.944864 0.952747 0.627619 0.773372 0.879394 0.959431 0.675785 0.896415 0.997656 0.917122 0.668683 0.832358 0.820414 0.913665 0.896706 0.614227 0.652050 0.796823 0.715277 0.804452 0.822066 0.780977 0.713275 0.938831 0.524239 0.529745 0.607391 0.853782 0.705778 0.935195 0.526972 0.650892 0.895172 0.743124 0.763381 0.781335 0.701804 0.844922 0.880712 0.978124 0.691921 0.846655
0.801962 0.759105 0.669393 0.818393 0.804822 0.992921 0.662810 0.893798 0.000000 0.932200 0.971938 0.685721 0.860269 0.852128 0.931341 0.823796 0.650177 0.590849 0.852912 0.743089 0.886080 0.935999 0.755894 0.951259 0.874451 0.799689 0.972301 0.987741 0.702031 0.588923 0.949764 0.753364 0.971353 0.849580 0.801607 0.901341 0.896166 0.937037 0.957479 0.935482 0.883892 0.903202 0.908386 0.806967 0.993435 0.912946 0.903743 0.879117 0.961168 0.958394 0.917884 0.799432 0.808282 0.847234 0.914614 0.910817 0.685845 0.682770 0.990932 0.950825 0.894821 0.937432 0.739475 0.666619 0.733078 0.839779 0.885565 0.904044 0.854469 0.628024 0.828127 0.669018 0.727131 0.807883 0.965835 0.941509 0.911342 0.938949 0.686564 0.758783 0.727698 0.762631 0.798393 0.899679 0.789561 0.932237 0.938472 0.988921 0.700044 0.916052 0.631009 0.632555 0.602680 0.657607 0.866162 0.925263 0.922960 0.882764 0.927656 0.926370 0.952421 0.920701 0.813033 0.831493 0.882245 0.871570 0.885928 0.870617 0.939954 0.833191 0.775921 0.881599 0.914716 0.915281 0.984119 0.888295
0.999718 0.821363 0.961270 0.979464 0.924456 0.961605 0.945570 0.711685 0.932200 0.000000 0.834587 0.890775 0.923297 0.957990 0.877249 0.920840 0.828555 0.864326 0.909359 0.812759 0.791994 0.969003 0.968021 0.852257 0.919767 0.816819 0.810903 0.939030 0.679466 0.765194 0.740212 0.955914 0.739586 0.773237 0.888327 0.997911 0.829272 0.886330 0.729564 0.995873 0.870820 0.906398 0.855442 0.792397 0.723786 0.723612 0.866530 0.819811 0.656431 0.639289 0.619704 0.661802 0.693883 0.771288 0.801973 0.976395 0.859252 0.805425 0.834942 0.829269 0.939198 0.760532 0.844161 0.747020 0.859658 0.833877 0.976768 0.945926 0.952633 0.852419 0.900511 0.879176 0.953758 0.956019 0.837294 0.993847 0.944315 0.833176 0.995882 0.973813 0.843271 0.910918 0.850776 0.962738 0.807853 0.740005 0.826752 0.975339 0.920943 0.756127 0.973262 0.944975 0.867482 0.899011 0.841102 0.800357 0.726909 0.879546 0.705500 0.832275 0.726500 0.982958 0.588861 0.855486 0.847478 0.967637 0.826292 0.974124 0.989427 0.803978 0.799847 0.841179 0.974137 0.839666 0.950521 0.940637
0.726535 0.860069 0.889229 0.964844 0.829935 0.931176 0.886968 0.933266 0.971938 0.834587 0.000000 0.829038 0.850785 0.968349 0.871007 0.866535 0.594665 0.621679 0.633761 0.633490 0.797240 0.964979 0.901963 0.846715 0.983893 0.903713 0.910200 0.848386 0.666290 0.715379 0.798875 0.991791 0.738225 0.660439 0.992697 0.935191 0.996690 0.877503 0.932025 0.937357 0.968509 0.947528 0.958930 0.870600 0.979056 0.995165 0.973867 0.981902 0.980496 0.886257 0.973705 0.843806 0.885840 0.935640 0.976528 0.864947 0.735235 0.827347 0.822627 0.894782 0.830421 0.998307 0.698236 0.849675 0.910503 0.949966 0.954281 0.887913 0.892133 0.780820 0.919706 0.919462 0.588919 0.733128 0.951744 0.802114 0.916599 0.831776 0.858447 0.769352 0.736080 0.769783 0.981197 0.885155 0.989062 0.986701 0.677892 0.990348 0.884118 0.947652 0.636840 0.643432 0.791881 0.707369 0.938160 0.845897 0.938285 0.963436 0.929576 0.959580 0.966315 0.935322 0.855951 0.917454 0.995731 0.827588 0.912653 0.777720 0.977855 0.806214 0.888019 0.950303 0.797854 0.983287 0.972824 0.995049
0.723485 0.533886 0.809370 0.992431 0.967705 0.943361 0.892708 0.722285 0.685721 0.890775 0.829038 0.000000 0.724635 0.552327 0.768256 0.626114 0.567454 0.491403 0.778277 0.563110 0.919066 0.989691 0.967803 0.932929 0.761866 0.729444 0.899916 0.889759 0.517398 0.543381 0.963508 0.824932 0.715680 0.594299 0.988984 0.947008 0.995368 0.935249 0.844842 0.991479 0.894355 0.913381 0.913835 0.743407 0.856387 0.757779 0.871845 0.756589 0.983090 0.993468 0.829665 0.894084 0.964704 0.943803 0.891015 0.850366 0.593987 0.505987 0.812343 0.816167 0.608909 0.490823 0.443905 0.346032 0.929659 0.908383 0.970050 0.816841 0.968687 0.642659 0.766373 0.740402 0.831108 0.840846 0.964500 0.865906 0.672481 0.786040 0.534039 0.696148 0.453809 0.560540 0.671035 0.704113 0.914023 0.896751 0.889623 0.895033 0.717502 0.991321 0.759464 0.655711 0.735893 0.655435 0.802472 0.846121 0.833912 0.773400 0.888433 0.861232 0.924010 0.937783 0.633639 0.888986 0.865594 0.923887 0.976268 0.958621 0.947935 0.689069 0.702488 0.855633 0.910535 0.715372 0.794755 0.955810
0.940378 0.868015 0.726631 0.801332 0.714968 0.938276 0.612176 0.674118 0.860269 0.923297 0.850785 0.724635 0.000000 0.536878 0.557477 0.639378 0.914753 0.864241 0.907530 0.814114 0.904936 0.915186 0.666419 0.795336 0.964471 0.995681 0.940075 0.983163 0.875817 0.888423 0.959311 0.860145 0.771946 0.791449 0.826087 0.998516 0.893120 0.932571 0.872562 0.874799 0.879035 0.964698 0.974805 0.943587 0.995088 0.939694 0.885713 0.847639 0.769352 0.996473 0.867168 0.806410 0.931839 0.893436 0.999509 0.861110 0.997768 0.904074 0.864130 0.817959 0.396961 0.666330 0.695330 0.773977 0.712965 0.719971 0.887533 0.771796 0.697552 0.921824 0.930408 0.941514 0.916311 0.916536 0.961283 0.889742 0.874395 0.940184 0.725811 0.780753 0.686366 0.690937 0.771288 0.773651 0.547897 0.713454 0.919854 0.783584 0.876833 0.940427 0.971318 0.924788 0.917899 0.999421 0.939030 0.920777 0.858189 0.932225 0.898965 0.871145 0.993451 0.843029 0.990858 0.873736 0.819651 0.848662 0.951570 0.833466 0.962600 0.933092 0.952750 0.879361 0.859199 0.952460 0.718818 0.901423
0.999730 0.801541 0.854000 0.951832 0.837522 0.900053 0.977033 0.796346 0.852128 0.957990 0.968349 0.552327 0.536878 0.000000 0.441323 0.414893 0.804497 0.709318 0.939365 0.847827 0.909001 0.959684 0.818863 0.850373 0.828479 0.711106 0.935446 0.980079 0.697251 0.608636 0.936624 0.725340 0.783256 0.768162 0.970792 0.943534 0.944315 0.921720 0.746880 0.914734 0.857289 0.951626 0.986014 0.834294 0.774118 0.717648 0.906194 0.762906 0.974043 0.931201 0.781176 0.808680 0.857637 0.781230 0.952991 0.827278 0.949659 0.842488 0.964108 0.988865 0.560847 0.618551 0.556080 0.543846 0.972759 0.875728 0.977017 0.929269 0.688823 0.898930 0.944491 0.928422 0.988277 0.994802 0.919386 0.869630 0.915265 0.975363 0.666458 0.700424 0.619717 0.645140 0.531107 0.706104 0.733905 0.748437 0.696509 0.737976 0.913054 0.877141 0.859216 0.749732 0.690828 0.794416 0.905573 0.941307 0.886925 0.974958 0.908081 0.948958 0.941861 0.951132 0.895552 0.959752 0.967577 0.977797 0.882428 0.797306 0.882156 0.846696 0.926283 0.776209 0.971841 0.809890 0.801643 0.988595
0.876080 0.950187 0.933591 0.938698 0.813554 0.983766 0.966257 0.976856 0.931341 0.877249 0.871007 0.768256 0.557477 0.441323 0.000000 0.523612 0.887293 0.827318 0.959104 0.964495 0.968347 0.962567 0.707422 0.793153 0.950436 0.859495 0.961401 0.872681 0.781965 0.694421 0.825962 0.593646 0.799828 0.893225 0.956088 0.923201 0.924743 0.877830 0.870640 0.943210 0.906628 0.982362 0.988439 0.885643 0.719461 0.722840 0.806516 0.729922 0.992230 0.881530 0.830571 0.827673 0.802923 0.667504 0.985596 0.926531 0.959569 0.979008 0.828045 0.815382 0.690452 0.823235 0.723302 0.776486 0.920143 0.923127 0.994418 0.957726 0.655841 0.997934 0.872352 0.984023 0.966042 0.974650 0.898275 0.896832 0.980456 0.869925 0.717535 0.774223 0.756806 0.728541 0.579689 0.734733 0.714982 0.685592 0.615007 0.658557 0.985710 0.868976 0.924070 0.864587 0.761506 0.919554 0.942950 0.953943 0.786077 0.979463 0.932186 0.994271 0.936579 0.961213 0.974586 0.935038 0.999161 0.949137 0.864554 0.770792 0.867660 0.957719 0.983745 0.741297 0.917222 0.887477 0.857702 0.881213
0.984030 0.749529 0.834008 0.978046 0.892525 0.773595 0.956747 0.840553 0.823796 0.920840 0.866535 0.626114 0.639378 0.414893 0.523612 0.000000 0.929568 0.784516 0.985253 0.882880 0.907217 0.881549 0.672865 0.646850 0.921836 0.886843 0.952786 0.952883 0.793033 0.743666 0.821033 0.691256 0.837915 0.793438 0.999585 0.942442 0.854101 0.779016 0.898546 0.892977 0.965017 0.912428 0.983311 0.883389 0.715068 0.669473 0.886262 0.674126 0.933751 0.878316 0.766808 0.812707 0.841841 0.772978 0.974614 0.956335 0.874563 0.812630 0.834173 0.904629 0.687274 0.657672 0.634951 0.597878 0.933881 0.835416 0.962262 0.844753 0.698261 0.850460 0.872145 0.792390 0.901294 0.893359 0.930922 0.901100 0.894733 0.942401 0.631742 0.759398 0.669330 0.647591 0.524560 0.692961 0.692203 0.667957 0.656994 0.661565 0.803059 0.895005 0.947560 0.856490 0.800375 0.889369 0.957273 0.931816 0.867242 0.872655 0.890998 0.941388 0.932394 0.976697 0.911292 0.902316 0.924517 0.915684 0.886421 0.906518 0.934241 0.871440 0.939248 0.750260 0.933993 0.802759 0.788096 0.963310
0.554203 0.542062 0.910283 0.934336 0.946537 0.851730 0.913423 0.977696 0.650177 0.828555 0.594665 0.567454 0.914753 0.804497 0.887293 0.929568 0.000000 0.355636 0.556521 0.522137 0.980682 0.897187 0.815029 0.900918 0.986569 0.907320 0.975365 0.909896 0.431163 0.423154 0.735008 0.698837 0.571540 0.560072 0.998666 0.993892 0.986661 0.912342 0.973211 0.946560 0.985304 0.764315 0.765951 0.548188 0.764493 0.692401 0.651202 0.669978 0.802968 0.843977 0.802233 0.946485 0.997573 0.994888 0.835539 0.911221 0.446942 0.499055 0.764900 0.911728 0.825813 0.854956 0.505212 0.550000 0.880493 0.923075 0.952207 0.883971 0.816615 0.520350 0.764428 0.777547 0.557271 0.571482 0.984882 0.896083 0.779882 0.836191 0.618573 0.545841 0.451967 0.549327 0.745094 0.707471 0.977528 0.951363 0.889036 0.962386 0.718029 0.941528 0.589607 0.575578 0.630525 0.690565 0.880574 0.846987 0.857173 0.885997 0.993859 0.972416 0.927046 0.976360 0.699392 0.700784 0.968085 0.856823 0.949316 0.799556 0.972557 0.677264 0.800960 0.889157 0.959417 0.847259 0.886243 0.995951
0.537900 0.504642 0.850189 0.932413 0.921922 0.919148 0.883767 0.908914 0.590849 0.864326 0.621679 0.491403 0.864241 0.709318 0.827318 0.784516 0.355636 0.000000 0.554695 0.475995 0.992696 0.997099 0.838903 0.916032 0.921296 0.846101 0.949280 0.906793 0.423726 0.383823 0.779636 0.729903 0.597865 0.527878 0.923017 0.993354 0.987406 0.923187 0.976170 0.911151 0.952079 0.859441 0.808412 0.580426 0.819604 0.725692 0.722511 0.703752 0.893396 0.877884 0.865944 0.932591 0.934952 0.957245 0.871082 0.917861 0.409285 0.469441 0.787724 0.888243 0.785027 0.758399 0.456421 0.467043 0.848090 0.939861 0.973431 0.886945 0.843142 0.454156 0.680388 0.707659 0.531812 0.591810 0.991271 0.857916 0.717888 0.807255 0.578909 0.510685 0.428196 0.514597 0.727858 0.689649 0.960658 0.938037 0.977253 0.982582 0.668217 0.984403 0.602839 0.519881 0.583281 0.619645 0.795306 0.890767 0.808336 0.816041 0.956929 0.935503 0.872495 0.881790 0.640985 0.785963 0.985394 0.944081 0.963790 0.821255 0.970505 0.657166 0.717341 0.862692 0.942534 0.816825 0.884357 0.965019
0.449601 0.553709 0.725019 0.762518 0.991704 0.971668 0.773198 0.872977 0.852912 0.909359 0.633761 0.778277 0.907530 0.939365 0.959104 0.985253 0.556521 0.554695 0.000000 0.542189 0.800836 0.871650 0.984685 0.945794 0.714295 0.722241 0.996985 0.989475 0.648130 0.764303 0.725575 0.837445 0.566140 0.529992 0.876562 0.985408 0.798089 0.849548 0.882128 0.887118 0.976869 0.746428 0.616627 0.559170 0.912538 0.833511 0.575988 0.715265 0.906118 0.855432 0.879539 0.959005 0.880717 0.802113 0.801924 0.982967 0.458219 0.596674 0.614098 0.806067 0.801063 0.935089 0.661837 0.811923 0.806403 0.828243 0.593269 0.635546 0.678351 0.634544 0.676405 0.763396 0.644582 0.611659 0.973994 0.882387 0.646847 0.767032 0.776479 0.645582 0.586561 0.591060 0.905538 0.740849 0.857001 0.817393 0.698120 0.974514 0.907493 0.748779 0.834630 0.883639 0.919253 0.980686 0.942165 0.783243 0.803087 0.755739 0.938700 0.786976 0.697530 0.963484 0.749541 0.630691 0.789233 0.887291 0.960200 0.971598 0.812885 0.851673 0.732801 0.906157 0.964955 0.953138 0.845049 0.781995
0.552620 0.571121 0.895549 0.841600 0.967486 0.952227 0.901893 0.765468 0.743089 0.812759 0.633490 0.563110 0.814114 0.847827 0.964495 0.882880 0.522137 0.475995 0.542189 0.000000 0.986875 0.952388 0.963065 0.993183 0.949709 0.909878 0.900450 0.810738 0.594495 0.621867 0.862047 0.834022 0.582628 0.553396 0.946052 0.958081 0.895968 0.936530 0.979689 0.954646 0.924113 0.837502 0.776892 0.656852 0.917360 0.917899 0.812255 0.787326 0.908059 0.910707 0.938817 0.931513 0.767255 0.708562 0.936935 0.906222 0.498574 0.459519 0.618520 0.637896 0.738954 0.729294 0.611741 0.585987 0.991210 0.918013 0.835694 0.759756 0.756022 0.563886 0.693817 0.716901 0.644922 0.756680 0.954716 0.856047 0.653848 0.703830 0.713010 0.600463 0.521196 0.593704 0.934403 0.814333 0.973165 0.970403 0.727491 0.871913 0.733882 0.792093 0.720732 0.685675 0.818746 0.715719 0.814333 0.797089 0.776644 0.848551 0.956561 0.864187 0.747661 0.975924 0.637315 0.766636 0.731637 0.880453 0.975152 0.969784 0.980543 0.648230 0.610146 0.938455 0.924572 0.843416 0.773390 0.859962
0.848538 0.918675 0.714546 0.754694 0.790904 0.915792 0.741888 0.952388 0.886080 0.791994 0.797240 0.919066 0.904936 0.909001 0.968347 0.907217 0.980682 0.992696 0.800836 0.986875 0.000000 0.995928 0.866087 0.856052 0.790344 0.637488 0.960666 0.857632 0.965195 0.927646 0.918119 0.963074 0.890690 0.897493 0.816988 0.930140 0.876628 0.906596 0.783158 0.940722 0.992227 0.913866 0.994646 0.983116 0.870777 0.811048 0.902752 0.923541 0.804944 0.761116 0.842503 0.812511 0.751920 0.841972 0.953126 0.853091 0.992215 0.885318 0.954672 0.897178 0.939873 0.854833 0.977341 0.830233 0.772558 0.753895 0.739567 0.755073 0.896523 0.998920 0.992578 0.978848 0.861537 0.881681 0.871985 0.851711 0.888542 0.917358 0.983729 0.855070 0.993373 0.931536 0.971021 0.989922 0.780265 0.692577 0.878857 0.997201 0.983826 0.962883 0.902035 0.973318 0.968968 0.909869 0.857456 0.955328 0.933900 0.966983 0.829450 0.965476 0.932215 0.931159 0.834781 0.933877 0.886613 0.979703 0.943258 0.977484 0.937085 0.995414 0.989364 0.869229 0.972910 0.964443 0.904663 0.958966
0.875305 0.921348 0.861032 0.872379 0.755994 0.923353 0.928598 0.986655 0.935999 0.969003 0.964979 0.989691 0.915186 0.959684 0.962567 0.881549 0.897187 0.997099 0.871650 0.952388 0.995928 0.000000 0.987767 0.981609 0.877877 0.944940 0.959753 0.945842 0.840149 0.954549 0.872123 0.890964 0.829045 0.869252 0.831114 0.862126 0.821218 0.814914 0.882575 0.899516 0.997230 0.866551 0.753786 0.832214 0.940623 0.876592 0.769055 0.929490 0.903843 0.848045 0.872916 0.941507 0.895129 0.979536 0.991822 0.864875 0.984508 0.953884 0.884987 0.979956 0.964817 0.888575 0.944825 0.998840 0.918133 0.973597 0.873741 0.823597 0.952878 0.995200 0.934163 0.944856 0.938425 0.852056 0.998361 0.875957 0.972485 0.937368 0.938540 0.965134 0.924621 0.927075 0.942583 0.893263 0.961183 0.974139 0.776633 0.865041 0.988967 0.966137 0.969394 0.976650 0.890708 0.916433 0.978703 0.887374 0.819066 0.970570 0.826101 0.987840 0.958277 0.875386 0.944537 0.638558 0.946139 0.867183 0.856901 0.962982 0.995029 0.795112 0.942262 0.930436 0.977172 0.988190 0.915335 0.920831
0.859475 0.972597 0.759572 0.663238 0.799488 0.835438 0.727787 0.717376 0.755894 0.968021 0.901963 0.967803 0.666419 0.818863 0.707422 0.672865 0.815029 0.838903 0.984685 0.963065 0.866087 0.987767 0.000000 0.441853 0.829847 0.811104 0.881697 0.868315 0.879858 0.863857 0.786902 0.786105 0.863456 0.857783 0.800528 0.903061 0.628088 0.785323 0.957754 0.960585 0.862521 0.995782 0.938050 0.996011 0.798870 0.814448 0.804584 0.796579 0.975871 0.852962 0.739720 0.747565 0.825756 0.844366 0.998626 0.837084 0.916543 0.919323 0.914094 0.956613 0.712631 0.784625 0.882122 0.931142 0.646829 0.624950 0.718954 0.633145 0.733047 0.875105 0.959375 0.872208 0.748992 0.778888 0.959827 0.977957 0.946068 0.863054 0.932299 0.978181 0.833765 0.800017 0.722537 0.782973 0.464066 0.545828 0.914160 0.686487 0.922411 0.740775 0.770879 0.834637 0.796656 0.857777 0.861412 0.824953 0.984593 0.935597 0.781131 0.760247 0.678653 0.897683 0.960746 0.888201 0.631014 0.754742 0.880172 0.906705 0.885992 0.969700 0.969116 0.865745 0.948956 0.806261 0.796027 0.912556
0.960073 0.949435 0.798771 0.638666 0.849800 0.851381 0.811810 0.833265 0.951259 0.852257 0.846715 0.932929 0.795336 0.850373 0.793153 0.646850 0.900918 0.916032 0.945794 0.993183 0.856052 0.981609 0.441853 0.000000 0.753135 0.749144 0.793916 0.942731 0.876160 0.877699 0.819657 0.750872 0.886861 0.855959 0.915964 0.854331 0.692018 0.764312 0.906806 0.947401 0.972392 0.924218 0.889958 0.923438 0.890959 0.841145 0.751439 0.786000 0.977522 0.906343 0.775003 0.899137 0.959679 0.987600 0.887783 0.861505 0.951084 0.992447 0.915514 0.888235 0.835028 0.867752 0.905264 0.962081 0.630536 0.586803 0.701586 0.616671 0.893925 0.934572 0.957264 0.806725 0.792474 0.830105 0.957694 0.870885 0.917888 0.900222 0.871577 0.876317 0.783860 0.706655 0.686636 0.730765 0.451684 0.452235 0.846911 0.603602 0.967983 0.765741 0.834636 0.828139 0.852473 0.802170 0.814294 0.917660 0.991919 0.863766 0.955299 0.884604 0.687543 0.954411 0.965287 0.967000 0.736563 0.759704 0.979489 0.907796 0.885475 0.908540 0.997883 0.966707 0.857802 0.794128 0.823408 0.744879
0.711096 0.860005 0.510895 0.661737 0.985013 0.920691 0.629535 0.984687 0.874451 0.919767 0.983893 0.761866 0.964471 0.828479 0.950436 0.921836 0.986569 0.921296 0.714295 0.949709 0.790344 0.877877 0.829847 0.753135 0.000000 0.511523 0.843549 0.944844 0.858885 0.826912 0.684294 0.925402 0.847484 0.816101 0.725631 0.937436 0.705243 0.791033 0.732528 0.853030 0.890393 0.963940 0.533033 0.668557 0.944557 0.860157 0.618453 0.658198 0.895098 0.792599 0.909081 0.968785 0.967699 0.881114 0.847350 0.694541 0.829282 0.966172 0.729310 0.913037 0.959131 0.838519 0.823503 0.689164 0.516315 0.719867 0.545972 0.675348 0.834040 0.952625 0.856255 0.888349 0.894371 0.888190 0.921694 0.980702 0.888270 0.908011 0.970407 0.937592 0.962694 0.816526 0.998408 0.878702 0.658772 0.739826 0.788836 0.995130 0.872137 0.808771 0.934771 0.819403 0.791353 0.721816 0.929005 0.777852 0.980701 0.952078 0.957712 0.982478 0.742264 0.972593 0.959129 0.839290 0.872296 0.901192 0.987352 0.966164 0.894548 0.949397 0.978635 0.949761 0.948670 0.958612 0.909299 0.723332
0.797724 0.953721 0.580668 0.614527 0.905451 0.868358 0.643528 0.974389 0.799689 0.816819 0.903713 0.729444 0.995681 0.711106 0.859495 0.886843 0.907320 0.846101 0.722241 0.909878 0.637488 0.944940 0.811104 0.749144 0.511523 0.000000 0.848189 0.815992 0.779624 0.712287 0.773209 0.974321 0.853206 0.876972 0.875141 0.895378 0.724016 0.896926 0.690459 0.880770 0.879632 0.883167 0.761171 0.871393 0.959837 0.997284 0.731785 0.869272 0.892807 0.990448 0.982382 0.979527 0.967860 0.914398 0.837413 0.783233 0.916632 0.924405 0.921511 0.923489 0.985147 0.772135 0.822942 0.643334 0.558842 0.727373 0.551030 0.679720 0.911115 0.856595 0.814725 0.912281 0.989828 0.954659 0.811146 0.966227 0.973041 0.932000 0.839420 0.963193 0.915801 0.935102 0.942942 0.992755 0.698583 0.666578 0.746819 0.987969 0.895503 0.845205 0.851531 0.684588 0.759954 0.668234 0.830230 0.914359 0.932347 0.958465 0.979649 0.894669 0.791683 0.959401 0.765218 0.999581 0.896050 0.911477 0.874773 0.979517 0.854953 0.888245 0.898999 0.872355 0.988436 0.918422 0.906054 0.828719
0.955101 0.913203 0.984239 0.973297 0.916122 0.920402 0.987815 0.880231 0.972301 0.810903 0.910200 0.899916 0.940075 0.935446 0.961401 0.952786 0.975365 0.949280 0.996985 0.900450 0.960666 0.959753 0.881697 0.793916 0.843549 0.848189 0.000000 0.998599 0.823740 0.950761 0.970209 0.887421 0.873653 0.956263 0.837110 0.882123 0.931336 0.885241 0.797100 0.982445 0.875243 0.952657 0.960680 0.942643 0.956606 0.993427 0.955014 0.990949 0.987658 0.986205 0.933853 0.850292 0.950510 0.972493 0.990983 0.968832 0.972570 0.900194 0.865245 0.824989 0.928764 0.892678 0.959525 0.884017 0.930020 0.928996 0.995029 0.982639 0.968426 0.998492 0.973685 0.983620 0.898990 0.971016 0.937611 0.915477 0.941881 0.980644 0.991661 0.892624 0.994295 0.895108 0.876981 0.937774 0.824594 0.779855 0.978641 0.796131 0.837676 0.927231 0.943323 0.907083 0.982432 0.846540 0.925621 0.820457 0.950676 0.774443 0.942448 0.989097 0.872220 0.843571 0.971584 0.976669 0.917925 0.941147 0.952113 0.918431 0.876336 0.993721 0.913139 0.969510 0.962058 0.940038 0.882017 0.829044
0.914695 0.914652 0.985190 0.893539 0.916785 0.858779 0.984375 0.988964 0.987741 0.939030 0.848386 0.889759 0.983163 0.980079 0.872681 0.952883 0.909896 0.906793 0.989475 0.810738 0.857632 0.945842 0.868315 0.942731 0.944844 0.815992 0.998599 0.000000 0.960536 0.955968 0.921955 0.965016 0.985472 0.943841 0.842858 0.952082 0.839209 0.883458 0.950400 0.804629 0.884443 0.913400 0.983654 0.958135 0.848991 0.911340 0.881297 0.966475 0.862434 0.873331 0.902282 0.838225 0.880722 0.829208 0.905492 0.863443 0.892135 0.921677 0.819960 0.825427 0.939391 0.912733 0.968654 0.905195 0.848660 0.934184 0.833368 0.923930 0.786671 0.903286 0.992526 0.955536 0.886493 0.950274 0.994213 0.998465 0.980422 0.928164 0.906850 0.903256 0.869349 0.894483 0.867221 0.977568 0.924317 0.826198 0.943010 0.944591 0.879014 0.972307 0.863855 0.873162 0.878198 0.943553 0.948392 0.997368 0.966146 0.862750 0.880439 0.962716 0.884793 0.889063 0.880458 0.968880 0.949659 0.953897 0.951594 0.929999 0.984883 0.909222 0.859844 0.981217 0.952348 0.875396 0.949735 0.823947
0.703001 0.608962 0.802847 0.815308 0.972055 0.921256 0.829847 0.926191 0.702031 0.679466 0.666290 0.517398 0.875817 0.697251 0.781965 0.793033 0.431163 0.423726 0.648130 0.594495 0.965195 0.840149 0.879858 0.876160 0.858885 0.779624 0.823740 0.960536 0.000000 0.367021 0.688259 0.699238 0.584872 0.577479 0.961470 0.829883 0.931538 0.871154 0.752857 0.954876 0.891568 0.829127 0.820239 0.613807 0.681862 0.599825 0.733402 0.714803 0.738117 0.791872 0.716713 0.906886 0.870682 0.808346 0.891799 0.853153 0.590627 0.609056 0.884443 0.983709 0.817300 0.798923 0.473236 0.485326 0.775438 0.807857 0.999041 0.936207 0.971745 0.549415 0.862502 0.850262 0.609305 0.620570 0.939704 0.852613 0.804023 0.867881 0.634540 0.646978 0.502936 0.702779 0.774432 0.781771 0.862566 0.944304 0.978440 0.915983 0.701937 0.929337 0.599575 0.548098 0.620335 0.611043 0.830476 0.871117 0.896542 0.815947 0.939735 0.971728 0.922071 0.931924 0.631426 0.738330 0.935022 0.884244 0.870852 0.789408 0.900490 0.720301 0.775150 0.787454 0.961889 0.775943 0.868801 0.905597
0.789056 0.685541 0.696216 0.730893 0.936519 0.912079 0.748289 0.988492 0.588923 0.765194 0.715379 0.543381 0.888423 0.608636 0.694421 0.743666 0.423154 0.383823 0.764303 0.621867 0.927646 0.954549 0.863857 0.877699 0.826912 0.712287 0.950761 0.955968 0.367021 0.000000 0.728571 0.621482 0.640341 0.653048 0.901100 0.904960 0.954139 0.912680 0.862815 0.959316 0.984193 0.874933 0.894551 0.656733 0.697315 0.644229 0.791853 0.747917 0.766861 0.843069 0.805393 0.970467 0.911618 0.816892 0.916017 0.862233 0.635492 0.637324 0.995290 0.919092 0.854719 0.815608 0.466644 0.485199 0.684861 0.757659 0.869917 0.951756 0.963106 0.572826 0.900986 0.810168 0.640648 0.674445 0.995585 0.838792 0.923943 0.899263 0.617864 0.564740 0.503271 0.622757 0.641663 0.730478 0.877024 0.991234 0.932752 0.847815 0.652899 0.870401 0.565729 0.476686 0.520700 0.559838 0.802666 0.919082 0.941837 0.864360 0.990391 0.927740 0.988403 0.891730 0.656744 0.819507 0.924626 0.798720 0.857515 0.724109 0.878886 0.711118 0.811933 0.845647 0.977957 0.808648 0.937132 0.848894
0.825001 0.737414 0.895060 0.906729 0.951810 0.809359 0.984655 0.992240 0.949764 0.740212 0.798875 0.963508 0.959311 0.936624 0.825962 0.821033 0.735008 0.779636 0.725575 0.862047 0.918119 0.872123 0.786902 0.819657 0.684294 0.773209 0.970209 0.921955 0.688259 0.728571 0.000000 0.564238 0.587839 0.681059 0.844770 0.969586 0.655306 0.754178 0.980866 0.904302 0.911322 0.931013 0.634002 0.621783 0.560629 0.603532 0.556044 0.572057 0.610037 0.674154 0.667329 0.910563 0.807323 0.785212 0.725054 0.802845 0.690843 0.768157 0.966796 0.908734 0.972781 0.953989 0.796126 0.896582 0.948250 0.945424 0.792584 0.823386 0.966469 0.750740 0.768314 0.752346 0.785484 0.797393 0.921343 0.833741 0.916989 0.875105 0.881462 0.715263 0.711362 0.705417 0.726243 0.724761 0.855110 0.814516 0.907857 0.722332 0.830493 0.913214 0.825015 0.863886 0.921348 0.925507 0.964058 0.775952 0.894503 0.876399 0.815697 0.987107 0.804878 0.931052 0.880468 0.942905 0.981530 0.923220 0.877467 0.934797 0.952166 0.834426 0.961591 0.767638 0.960550 0.925977 0.943441 0.947417
0.937491 0.899091 0.967823 0.968339 0.998174 0.943145 0.906599 0.937946 0.753364 0.955914 0.991791 0.824932 0.860145 0.725340 0.593646 0.691256 0.698837 0.729903 0.837445 0.834022 0.963074 0.890964 0.786105 0.750872 0.925402 0.974321 0.887421 0.965016 0.699238 0.621482 0.564238 0.000000 0.652453 0.792861 0.931372 0.966146 0.820514 0.742387 0.926425 0.873667 0.932023 0.771415 0.805758 0.730533 0.667958 0.689846 0.670884 0.690421 0.803699 0.806487 0.764036 0.943809 0.895864 0.838367 0.800974 0.894651 0.788627 0.812440 0.860537 0.852579 0.953795 0.987206 0.733028 0.777447 0.961610 0.958966 0.939016 0.861972 0.965760 0.816107 0.955257 0.705195 0.880459 0.815722 0.892363 0.932419 0.988618 0.920487 0.746311 0.616963 0.672562 0.668977 0.572655 0.632085 0.850085 0.772882 0.892881 0.602578 0.784482 0.980467 0.820831 0.825113 0.765271 0.893457 0.998124 0.907018 0.979153 0.765147 0.880226 0.986488 0.873224 0.889067 0.840051 0.932778 0.947601 0.991580 0.892422 0.927120 0.914927 0.838233 0.912565 0.689072 0.955468 0.807080 0.935017 0.919051
0.663948 0.561314 0.769867 0.726385 0.964904 0.975040 0.750201 0.720871 0.971353 0.739586 0.738225 0.715680 0.771946 0.783256 0.799828 0.837915 0.571540 0.597865 0.566140 0.582628 0.890690 0.829045 0.863456 0.886861 0.847484 0.853206 0.873653 0.985472 0.584872 0.640341 0.587839 0.652453 0.000000 0.496567 0.796088 0.986203 0.799907 0.891473 0.999861 0.906969 0.988282 0.747215 0.647402 0.540045 0.723271 0.688083 0.555879 0.554269 0.807160 0.742215 0.624892 0.755632 0.838793 0.925477 0.797955 0.946731 0.567477 0.566285 0.678759 0.811545 0.667212 0.773612 0.572741 0.653108 0.818895 0.860794 0.666160 0.621617 0.976934 0.790388 0.806223 0.750682 0.844850 0.875216 0.876375 0.891234 0.709325 0.772329 0.798235 0.630765 0.515191 0.629238 0.772444 0.706227 0.785930 0.805506 0.804734 0.896075 0.904642 0.731140 0.915542 0.898111 0.934871 0.966288 0.838080 0.805986 0.925766 0.890840 0.707465 0.740513 0.760286 0.905274 0.761119 0.772280 0.751705 0.934711 0.871265 0.945988 0.977206 0.788256 0.837830 0.860864 0.934098 0.922352 0.717209 0.954464
0.504516 0.492082 0.772236 0.688118 0.999562 0.956374 0.749025 0.608142 0.849580 0.773237 0.660439 0.594299 0.791449 0.768162 0.893225 0.793438 0.560072 0.527878 0.529992 0.553396 0.897493 0.869252 0.857783 0.855959 0.816101 0.876972 0.956263 0.943841 0.577479 0.653048 0.681059 0.792861 0.496567 0.000000 0.842082 0.978155 0.774911 0.834614 0.954827 0.898418 0.999505 0.828034 0.624898 0.514365 0.817796 0.710352 0.566497 0.537050 0.884986 0.826427 0.654270 0.857424 0.971859 0.907931 0.851228 0.947517 0.506500 0.525845 0.605891 0.721130 0.649159 0.651748 0.570796 0.581703 0.789093 0.765779 0.617407 0.558356 0.904074 0.663148 0.717111 0.717055 0.707511 0.730148 0.925403 0.909655 0.653228 0.675002 0.742155 0.659205 0.482886 0.577590 0.791496 0.705429 0.767183 0.795888 0.782392 0.965183 0.877505 0.764351 0.855922 0.815811 0.914680 0.912339 0.820767 0.678703 0.758905 0.835471 0.726080 0.709762 0.679283 0.917994 0.637241 0.721265 0.705849 0.888746 0.943075 0.926247 0.807312 0.637715 0.754343 0.774133 0.862499 0.839331 0.685274 0.828514
0.858284 0.902069 0.685445 0.678338 0.993663 0.869673 0.698878 0.808060 0.801607 0.888327 0.992697 0.988984 0.826087 0.970792 0.956088 0.999585 0.998666 0.923017 0.876562 0.946052 0.816988 0.831114 0.800528 0.915964 0.725631 0.875141 0.837110 0.842858 0.961470 0.901100 0.844770 0.931372 0.796088 0.842082 0.000000 0.912329 0.702410 0.925870 0.909049 0.976381 0.964336 0.943584 0.696600 0.741086 0.856384 0.837247 0.784607 0.794637 0.880984 0.697581 0.738192 0.728016 0.808039 0.951164 0.829712 0.801084 0.917668 0.867284 0.762641 0.825913 0.756716 0.800396 0.975922 0.984469 0.656180 0.731021 0.700724 0.700285 0.999298 0.935892 0.927590 0.996885 0.883008 0.897607 0.970600 0.930935 0.773659 0.804883 0.978740 0.948557 0.931866 0.900696 0.945331 0.815046 0.743256 0.836881 0.925469 0.998828 0.843644 0.785398 0.856800 0.862767 0.799322 0.805798 0.990163 0.747218 0.982223 0.894121 0.844288 0.960811 0.901090 0.712088 0.929483 0.873732 0.838064 0.976012 0.889268 0.926782 0.892810 0.964220 0.984482 0.968261 0.849231 0.976445 0.823797 0.987188
0.972014 0.987671 0.927403 0.923948 0.820025 0.936687 0.971264 0.962490 0.901341 0.997911 0.935191 0.947008 0.998516 0.943534 0.923201 0.942442 0.993892 0.993354 0.985408 0.958081 0.930140 0.862126 0.903061 0.854331 0.937436 0.895378 0.882123 0.952082 0.829883 0.904960 0.969586 0.966146 0.986203 0.978155 0.912329 0.000000 0.916283 0.985211 0.887160 0.975968 0.948966 0.951757 0.986309 0.922378 0.911513 0.894259 0.964997 0.997433 0.890096 0.910824 0.998806 0.955436 0.983180 0.991460 0.868300 0.979080 0.913136 0.978067 0.966633 0.974643 0.965866 0.966427 0.950761 0.916431 0.923331 0.970642 0.950732 0.959977 0.947415 0.941456 0.906211 0.929883 0.985835 0.943315 0.931932 0.902282 0.888579 0.887986 0.866746 0.965300 0.994981 0.897542 0.890657 0.832038 0.851179 0.880676 0.931297 0.805440 0.843674 0.792763 0.984972 0.999967 0.972899 0.996529 0.987553 0.921926 0.916015 0.952599 0.999987 0.952950 0.913258 0.890705 0.947449 0.946185 0.978944 0.903127 0.885070 0.937514 0.965589 0.988730 0.926361 0.946519 0.997450 0.897142 0.885320 0.888983
0.887862 0.787316 0.815794 0.764566 0.993074 0.762785 0.920767 0.929468 0.896166 0.829272 0.996690 0.995368 0.893120 0.944315 0.924743 0.854101 0.986661 0.987406 0.798089 0.895968 0.876628 0.821218 0.628088 0.692018 0.705243 0.724016 0.931336 0.839209 0.931538 0.954139 0.655306 0.820514 0.799907 0.774911 0.702410 0.916283 0.000000 0.622407 0.872211 0.962015 0.984619 0.920736 0.690064 0.785079 0.712799 0.677975 0.665899 0.670227 0.725348 0.610647 0.752994 0.795307 0.845682 0.853482 0.735589 0.664930 0.829622 0.807774 0.998136 0.965287 0.964812 0.972477 0.979919 0.994948 0.774169 0.922164 0.767298 0.700323 0.991263 0.907742 0.730286 0.749274 0.975135 0.929741 0.902802 0.946267 0.951243 0.734297 0.938476 0.944468 0.928096 0.865757 0.939714 0.839824 0.830226 0.852303 0.869738 0.886555 0.866825 0.853888 0.953897 0.948359 0.798694 0.982461 0.974176 0.818109 0.840993 0.851602 0.730562 0.846376 0.669730 0.931759 0.855380 0.937315 0.840377 0.863971 0.882237 0.946535 0.964713 0.886320 0.992932 0.852275 0.995091 0.870578 0.807906 0.990510
0.957784 0.809702 0.999407 0.937076 0.926858 0.929103 0.876926 0.968877 0.937037 0.886330 0.877503 0.935249 0.932571 0.921720 0.877830 0.779016 0.912342 0.923187 0.849548 0.936530 0.906596 0.814914 0.785323 0.764312 0.791033 0.896926 0.885241 0.883458 0.871154 0.912680 0.754178 0.742387 0.891473 0.834614 0.925870 0.985211 0.622407 0.000000 0.947145 0.980355 0.905225 0.819602 0.600636 0.687091 0.604220 0.580649 0.650409 0.598299 0.646740 0.620107 0.731452 0.857643 0.785421 0.820804 0.850342 0.813615 0.847347 0.895048 0.923900 0.828594 0.910893 0.952670 0.991919 0.943313 0.860761 0.977066 0.845457 0.847824 0.897091 0.776307 0.778939 0.645846 0.920748 0.847590 0.997778 0.899309 0.960841 0.972644 0.738582 0.923941 0.908033 0.848323 0.819131 0.777213 0.943018 0.828313 0.975717 0.864404 0.784448 0.972664 0.921104 0.982486 0.968690 0.968776 0.966157 0.784855 0.832525 0.778604 0.847091 0.917335 0.737652 0.956282 0.838408 0.789760 0.950793 0.814427 0.921778 0.942897 0.821486 0.882185 0.851804 0.779499 0.927000 0.839828 0.821417 0.860143
