0.000000 0.185039 0.445856 0.562093 0.667454 0.901251 0.364567 0.512864 0.806457 0.739289 0.417700 0.325183 0.264078 0.427792 0.492231 0.631901 0.335709 0.365235 0.255779 0.268048 0.669916 0.988563 0.526375 0.657610 0.680869 0.824131 0.844651 0.888253 0.615469 0.590192 0.719056 0.934544 0.277782 0.298489 0.591802 0.962857 0.465199 0.648626 0.658950 0.735415 0.724625 0.839800 0.791442 0.741073 0.913206 0.820000 0.426156 0.481005 0.796866 0.549843 0.648567 0.562171 0.976859 0.759602 0.400116 0.478012 0.280135 0.198559 0.274417 0.340572 0.238099 0.347349 0.279220 0.267861 0.505163 0.396200 0.312836 0.480358 0.287113 0.259945 0.611665 0.886880 0.550179 0.706487 0.706410 0.816427 0.631858 0.814038 0.528855 0.496781 0.271365 0.264431 0.357751 0.346513 0.266840 0.373686 0.552021 0.617453 0.444900 0.450396 0.669319 0.550687 0.645092 0.588899 0.926860 0.875978 0.408761 0.948084 0.871908 0.933868 0.688596 0.911574 0.791380 0.817961 0.586581 0.530915 0.968730 0.977092 0.849913 0.648077 0.994334 0.732878 0.944833 0.864719 0.686954 0.815094
0.185039 0.000000 0.503877 0.559730 0.705629 0.915079 0.392181 0.454494 0.837896 0.817009 0.433745 0.267014 0.302301 0.394238 0.512693 0.628363 0.290623 0.307271 0.236856 0.232175 0.699641 0.944641 0.506821 0.647680 0.762956 0.943385 0.897796 0.922464 0.506900 0.493968 0.710642 0.848267 0.255845 0.285031 0.647897 0.958972 0.503568 0.619179 0.708333 0.768999 0.735064 0.746282 0.651503 0.629109 0.813252 0.735621 0.364264 0.428761 0.709185 0.493303 0.575915 0.503206 0.936535 0.830147 0.460315 0.500709 0.243834 0.169905 0.277006 0.334451 0.267637 0.346123 0.231844 0.196901 0.607711 0.455273 0.326609 0.457777 0.344813 0.300711 0.532115 0.793313 0.558641 0.675535 0.755442 0.765956 0.520162 0.661850 0.407211 0.423284 0.239978 0.269554 0.390200 0.390698 0.345442 0.431133 0.631670 0.634752 0.520438 0.498945 0.713654 0.639944 0.707983 0.586806 0.903100 0.857018 0.382138 0.905961 0.762733 0.822265 0.763664 0.951304 0.693343 0.737372 0.541357 0.509107 0.966965 0.919802 0.901934 0.640983 0.932352 0.675220 0.858297 0.844970 0.625045 0.790041
0.445856 0.503877 0.000000 0.265608 0.714052 0.991506 0.444547 0.615541 0.621379 0.673811 0.826812 0.677900 0.347404 0.663583 0.423969 0.524019 0.781841 0.841727 0.632385 0.602057 0.563113 0.813331 0.389024 0.367990 0.333033 0.378837 0.636227 0.762691 0.926745 0.896859 0.599554 0.838247 0.543733 0.623069 0.476615 0.947572 0.370365 0.498602 0.448290 0.713337 0.717961 0.926650 0.970396 0.977743 0.861488 0.988125 0.664178 0.635330 0.919531 0.676870 0.807894 0.671097 0.974588 0.829530 0.290181 0.529203 0.744328 0.551134 0.480946 0.444966 0.392201 0.430032 0.740484 0.717048 0.202422 0.268128 0.415461 0.522004 0.356317 0.392818 0.820441 0.963602 0.594511 0.725864 0.792079 0.938104 0.730732 0.919962 0.834721 0.859866 0.739513 0.629952 0.647456 0.545425 0.289067 0.256909 0.571555 0.741310 0.297978 0.373209 0.694390 0.599144 0.777868 0.792940 0.869502 0.944031 0.713841 0.938820 0.764906 0.726022 0.656009 0.811074 0.834614 0.838840 0.666239 0.679078 0.857353 0.984724 0.926013 0.911046 0.949192 0.967781 0.858931 0.973506 0.772025 0.991372
0.562093 0.559730 0.265608 0.000000 0.731366 0.986706 0.442041 0.447573 0.579768 0.825349 0.941824 0.641684 0.400754 0.575801 0.389390 0.440632 0.863028 0.871581 0.697412 0.639856 0.685995 0.916547 0.363234 0.307694 0.379937 0.462343 0.635797 0.821387 0.966566 0.902024 0.581680 0.990888 0.609355 0.633834 0.590248 0.880252 0.441545 0.480419 0.460993 0.702239 0.808773 0.834675 0.878053 0.867901 0.923657 0.863705 0.621564 0.535576 0.985491 0.642471 0.712249 0.634380 0.925825 0.884300 0.386564 0.577753 0.801945 0.616176 0.546419 0.511336 0.453254 0.402580 0.790947 0.719360 0.292026 0.309173 0.482457 0.504275 0.543202 0.496285 0.864739 0.967189 0.756154 0.817941 0.785032 0.952237 0.658646 0.958327 0.814375 0.913633 0.817065 0.765501 0.676488 0.598591 0.394183 0.276107 0.611355 0.812302 0.393482 0.367089 0.863353 0.721997 0.938327 0.861694 0.889228 0.810862 0.733149 0.913269 0.888746 0.870972 0.767051 0.795198 0.900568 0.947645 0.618080 0.608889 0.807896 0.813567 0.870157 0.854211 0.929517 0.952386 0.939941 0.954733 0.772147 0.976569
0.667454 0.705629 0.714052 0.731366 0.000000 0.953930 0.738314 0.795844 0.903361 0.889593 0.790706 0.755650 0.617030 0.789785 0.699945 0.714189 0.801317 0.830271 0.753793 0.760727 0.832075 0.786557 0.658079 0.718728 0.638547 0.737121 0.849680 0.828916 0.885435 0.907160 0.825428 0.982241 0.751365 0.739540 0.814035 0.961780 0.733618 0.769039 0.874677 0.735329 0.959665 0.995208 0.945414 0.953892 0.927143 0.999872 0.819376 0.735003 0.937003 0.927920 0.921936 0.910503 0.892725 0.765313 0.709721 0.897987 0.727028 0.742589 0.726807 0.756662 0.710208 0.752946 0.819061 0.777339 0.692338 0.679709 0.751732 0.801625 0.641382 0.626212 0.965593 0.923857 0.830195 0.980922 0.846764 0.913479 0.934804 0.994392 0.846163 0.830520 0.753036 0.768497 0.743948 0.742778 0.654894 0.656885 0.833715 0.820384 0.715596 0.711535 0.889044 0.850353 0.991381 0.858005 0.835655 0.973537 0.898726 0.927003 0.964630 0.948497 0.827243 0.982597 0.968462 0.884227 0.922596 0.785037 0.937084 0.950755 0.899823 0.978787 0.850506 0.992854 0.985881 0.908745 0.759319 0.984280
0.901251 0.915079 0.991506 0.986706 0.953930 0.000000 0.861452 0.874036 0.971403 0.862748 0.892987 0.848831 0.918740 0.900283 0.928275 0.865183 0.856291 0.830503 0.904282 0.918898 0.809151 0.891541 0.921775 0.961857 0.931526 0.965782 0.884784 0.725303 0.864968 0.883399 0.874627 0.944352 0.936942 0.898904 0.863730 0.752558 0.940393 0.986685 0.996367 0.739058 0.846616 0.817733 0.819655 0.810995 0.875550 0.879549 0.903285 0.988969 0.935438 0.919959 0.982534 0.933634 0.982072 0.867905 0.986653 0.904903 0.841033 0.906578 0.984031 0.991921 0.912825 0.890843 0.955177 0.955462 0.948773 0.923425 0.974224 0.913894 0.995069 0.901587 0.953762 0.942926 0.987684 0.944007 0.789735 0.972638 0.928709 0.973936 0.964287 0.847267 0.907623 0.875204 0.949972 0.956980 0.991135 0.958916 0.886849 0.978376 0.897038 0.952423 0.763104 0.902319 0.902714 0.891987 0.928094 0.888763 0.807624 0.718821 0.748611 0.713558 0.815265 0.930155 0.841036 0.857035 0.968947 0.953793 0.944117 0.943417 0.973279 0.904485 0.888860 0.860796 0.926829 0.982286 0.989839 0.812572
0.364567 0.392181 0.444547 0.442041 0.738314 0.861452 0.000000 0.267517 0.493561 0.861388 0.484258 0.433933 0.299489 0.340015 0.353767 0.485913 0.501007 0.509990 0.351252 0.387986 0.767878 0.986790 0.668240 0.670894 0.797891 0.786485 0.988715 0.973584 0.610252 0.667722 0.624668 0.781571 0.345249 0.290552 0.725981 0.969607 0.571230 0.525431 0.703274 0.751990 0.818308 0.732574 0.537663 0.490408 0.616918 0.497738 0.400893 0.355642 0.639394 0.515702 0.495082 0.499813 0.766942 0.982776 0.432916 0.464662 0.491973 0.422360 0.370928 0.495307 0.263767 0.310311 0.462595 0.438651 0.564464 0.345266 0.275458 0.289045 0.546750 0.453826 0.557834 0.758468 0.580338 0.579210 0.695286 0.729947 0.456177 0.691694 0.617887 0.625995 0.527879 0.545457 0.553579 0.529750 0.477967 0.445882 0.683040 0.853584 0.560551 0.636602 0.937510 0.900915 0.973175 0.908527 0.896320 0.784889 0.499836 0.984816 0.687184 0.719703 0.990961 0.797104 0.741212 0.657448 0.505476 0.552495 0.811701 0.788237 0.862791 0.721094 0.809376 0.597749 0.795043 0.670302 0.626459 0.782066
0.512864 0.454494 0.615541 0.447573 0.795844 0.874036 0.267517 0.000000 0.569670 0.766224 0.563831 0.404508 0.441205 0.305347 0.466396 0.469821 0.605058 0.582154 0.473288 0.491834 0.874261 0.973571 0.757440 0.705657 0.923536 0.921961 0.954361 0.941104 0.571923 0.644926 0.743160 0.717704 0.496304 0.383191 0.852731 0.918737 0.685100 0.599686 0.743419 0.781882 0.957660 0.745005 0.489306 0.482441 0.617329 0.442246 0.367101 0.357232 0.594411 0.531528 0.439975 0.483261 0.735160 0.950833 0.536310 0.553925 0.595807 0.525356 0.433252 0.542073 0.353971 0.277708 0.505938 0.448303 0.728115 0.417227 0.424626 0.358931 0.750057 0.571205 0.727128 0.828427 0.772293 0.717164 0.756002 0.741667 0.485973 0.656106 0.634525 0.660091 0.626067 0.699317 0.591044 0.636315 0.663384 0.530326 0.786065 0.947924 0.697434 0.699614 0.863525 0.955011 0.964745 0.844287 0.996846 0.770960 0.554616 0.927176 0.593464 0.621409 0.867949 0.885285 0.677179 0.656676 0.574919 0.571818 0.818100 0.691544 0.897933 0.762766 0.781508 0.545384 0.701052 0.668102 0.659741 0.708348
0.806457 0.837896 0.621379 0.579768 0.903361 0.971403 0.493561 0.569670 0.000000 0.732592 0.951504 0.872074 0.633803 0.732095 0.656447 0.768435 0.920735 0.990627 0.801629 0.834681 0.898683 0.996729 0.839566 0.745605 0.784202 0.671118 0.940274 0.997473 0.966943 0.956184 0.711158 0.967124 0.740111 0.753444 0.740591 0.941530 0.695426 0.600592 0.776704 0.846677 0.939936 0.781599 0.721048 0.732065 0.646169 0.611704 0.689726 0.652704 0.777391 0.695670 0.642137 0.671761 0.703191 0.798668 0.627645 0.669003 0.916637 0.880664 0.691660 0.849609 0.617740 0.647906 0.922478 0.930134 0.663428 0.578291 0.539264 0.511499 0.803556 0.825929 0.798290 0.812545 0.780177 0.755547 0.796570 0.909935 0.604094 0.872157 0.969038 0.950826 0.971660 0.976538 0.869113 0.849525 0.785924 0.680700 0.910734 0.924888 0.659654 0.825096 0.850152 0.914235 0.893932 0.866505 0.746972 0.909130 0.875994 0.885581 0.830996 0.842530 0.998430 0.839667 0.943350 0.787781 0.741521 0.701324 0.796975 0.800879 0.921876 0.936504 0.835815 0.807997 0.899295 0.860158 0.754691 0.852207
0.739289 0.817009 0.673811 0.825349 0.889593 0.862748 0.861388 0.766224 0.732592 0.000000 0.960470 0.954200 0.764174 0.972422 0.907947 0.927659 0.912382 0.986604 0.927188 0.855857 0.750473 0.892350 0.590104 0.611182 0.503177 0.702581 0.542410 0.749102 0.752103 0.854932 0.938057 0.691717 0.920710 0.938373 0.668969 0.955276 0.697347 0.963874 0.658590 0.875152 0.827550 0.837676 0.470302 0.536753 0.333161 0.395140 0.879118 0.829529 0.471144 0.821424 0.642568 0.804175 0.584894 0.506625 0.741753 0.933622 0.884864 0.770681 0.966879 0.861548 0.917216 0.947866 0.932991 0.950108 0.549922 0.765263 0.958038 0.768133 0.609472 0.728928 0.908494 0.727044 0.940502 0.748215 0.947195 0.795542 0.786469 0.680163 0.976092 0.992312 0.795712 0.637654 0.671410 0.633424 0.488416 0.586529 0.733792 0.647619 0.645852 0.524472 0.393970 0.408762 0.552230 0.570354 0.853166 0.787696 0.938197 0.766632 0.420799 0.368981 0.411821 0.617476 0.515927 0.544127 0.845629 0.875903 0.852948 0.677784 0.907902 0.927036 0.640184 0.702949 0.561443 0.728592 0.870429 0.969107
0.417700 0.433745 0.826812 0.941824 0.790706 0.892987 0.484258 0.563831 0.951504 0.960470 0.000000 0.323844 0.511221 0.488031 0.714993 0.813978 0.385621 0.362213 0.385648 0.364523 0.896358 0.888712 0.994419 0.939385 0.830465 0.765039 0.778576 0.854880 0.452195 0.373199 0.977878 0.821036 0.492771 0.365858 0.988579 0.931986 0.855869 0.863741 0.976423 0.949626 0.838508 0.831207 0.749872 0.742485 0.752105 0.749559 0.622150 0.629301 0.696970 0.750164 0.755603 0.780017 0.917409 0.819199 0.788632 0.690563 0.408112 0.443747 0.544590 0.669063 0.426873 0.502252 0.340804 0.367927 0.946150 0.661659 0.587982 0.573931 0.654445 0.579003 0.705399 0.856495 0.596715 0.620218 0.704277 0.786241 0.709463 0.739550 0.584576 0.470923 0.363967 0.419968 0.580295 0.586346 0.695359 0.767623 0.764306 0.886865 0.832199 0.884672 0.909892 0.809237 0.831604 0.726689 0.909797 0.974085 0.594234 0.962395 0.683052 0.794223 0.972625 0.836439 0.626960 0.666408 0.743246 0.753167 0.859717 0.966737 0.710880 0.738538 0.918341 0.688072 0.841500 0.788619 0.790803 0.752321
0.325183 0.267014 0.677900 0.641684 0.755650 0.848831 0.433933 0.404508 0.872074 0.954200 0.323844 0.000000 0.404717 0.324063 0.559305 0.584137 0.387460 0.315155 0.293116 0.276448 0.765111 0.856240 0.684097 0.744800 0.933614 0.889098 0.984555 0.949745 0.436550 0.396323 0.891731 0.771600 0.398361 0.331892 0.838064 0.952200 0.684042 0.672916 0.885676 0.774196 0.890976 0.771616 0.665850 0.692394 0.814154 0.750542 0.473523 0.523315 0.748909 0.666286 0.677184 0.681681 0.911803 0.734034 0.659357 0.600985 0.319759 0.320059 0.435701 0.534826 0.316724 0.320266 0.304154 0.256267 0.774403 0.495530 0.496752 0.492835 0.553991 0.435686 0.669447 0.829556 0.599606 0.690283 0.748664 0.778825 0.639836 0.628100 0.484792 0.434733 0.332524 0.390413 0.518204 0.510199 0.529819 0.528894 0.719887 0.808494 0.677171 0.638984 0.844085 0.685002 0.830175 0.586442 0.979545 0.754788 0.511872 0.881546 0.713545 0.759916 0.927532 0.993259 0.608830 0.690638 0.610186 0.559578 0.942447 0.870986 0.850846 0.635239 0.867281 0.651298 0.797892 0.774903 0.670559 0.751779
0.264078 0.302301 0.347404 0.400754 0.617030 0.918740 0.299489 0.441205 0.633803 0.764174 0.511221 0.404717 0.000000 0.391750 0.347411 0.419812 0.446271 0.516590 0.347479 0.348262 0.598738 0.983118 0.430863 0.499779 0.575209 0.720546 0.797040 0.816900 0.688174 0.695109 0.615923 0.939333 0.346857 0.355702 0.654418 0.979827 0.452943 0.572515 0.564822 0.655590 0.668025 0.875997 0.789297 0.715026 0.967526 0.786528 0.483805 0.438149 0.890099 0.581748 0.652373 0.581911 0.985064 0.814434 0.422377 0.508441 0.452243 0.338447 0.347800 0.398635 0.229380 0.297248 0.400288 0.387777 0.390886 0.279292 0.359796 0.483090 0.366749 0.311194 0.656888 0.904163 0.541591 0.666691 0.706706 0.795308 0.565096 0.793642 0.610489 0.551503 0.449612 0.410707 0.440685 0.411963 0.281366 0.286928 0.522397 0.688307 0.415439 0.438678 0.727908 0.638147 0.693588 0.689919 0.904606 0.942121 0.549530 0.932028 0.971142 0.975770 0.733286 0.916627 0.898500 0.812563 0.637340 0.515762 0.901628 0.969807 0.988220 0.799650 0.999292 0.783266 0.930741 0.889856 0.657184 0.805751
0.427792 0.394238 0.663583 0.575801 0.789785 0.900283 0.340015 0.305347 0.732095 0.972422 0.488031 0.324063 0.391750 0.000000 0.466786 0.450333 0.457877 0.408383 0.324996 0.346499 0.834525 0.858655 0.638325 0.621896 0.910234 0.981261 0.890829 0.941281 0.469560 0.460983 0.695938 0.629175 0.419722 0.352798 0.784689 0.921567 0.725427 0.571993 0.769211 0.733757 0.954121 0.738839 0.628233 0.595756 0.797188 0.646488 0.469122 0.494173 0.787048 0.707105 0.649681 0.678120 0.976695 0.854767 0.655410 0.595421 0.438279 0.461345 0.529011 0.636142 0.397728 0.361454 0.442913 0.366195 0.747537 0.471164 0.504676 0.513000 0.686430 0.584248 0.651970 0.718817 0.681977 0.701165 0.759462 0.715397 0.615975 0.550643 0.532086 0.514367 0.451751 0.503004 0.496806 0.519467 0.567176 0.500463 0.735609 0.780182 0.705073 0.675967 0.921049 0.799924 0.824571 0.722892 0.898010 0.729969 0.533668 0.949907 0.737570 0.714977 0.956997 0.863662 0.683958 0.681978 0.607543 0.617006 0.943224 0.935690 0.875623 0.742416 0.852813 0.641435 0.781512 0.742882 0.762255 0.736454
0.492231 0.512693 0.423969 0.389390 0.699945 0.928275 0.353767 0.466396 0.656447 0.907947 0.714993 0.559305 0.347411 0.466786 0.000000 0.314422 0.645316 0.634183 0.529358 0.510893 0.651326 0.969085 0.470689 0.457979 0.572625 0.675743 0.749914 0.823631 0.762559 0.797857 0.537403 0.772224 0.473186 0.512552 0.805037 0.993052 0.568033 0.514214 0.612109 0.800955 0.732753 0.743616 0.784160 0.729200 0.986568 0.838368 0.547070 0.545698 0.984164 0.750349 0.804386 0.740522 0.994129 0.778218 0.511721 0.679907 0.595644 0.523068 0.581633 0.626632 0.416981 0.411905 0.620019 0.572185 0.461067 0.345206 0.542183 0.585260 0.545871 0.500413 0.720854 0.837880 0.731984 0.806463 0.859108 0.776117 0.700834 0.776280 0.747537 0.692733 0.614585 0.577084 0.569619 0.503719 0.430661 0.359089 0.578663 0.763490 0.477212 0.473294 0.926901 0.833448 0.919672 0.852557 0.867193 0.825646 0.619983 0.903488 0.960176 0.944091 0.903893 0.941151 0.927701 0.880812 0.681763 0.691335 0.828141 0.911676 0.977561 0.961038 0.957734 0.882550 0.974196 0.805336 0.771184 0.934994
0.631901 0.628363 0.524019 0.440632 0.714189 0.865183 0.485913 0.469821 0.768435 0.927659 0.813978 0.584137 0.419812 0.450333 0.314422 0.000000 0.788983 0.754748 0.633783 0.649035 0.655931 0.986735 0.494936 0.435878 0.578315 0.702670 0.780257 0.855663 0.836519 0.882141 0.573923 0.780464 0.602131 0.576045 0.797646 0.920620 0.629846 0.621290 0.640074 0.660819 0.722919 0.908884 0.800100 0.721620 0.922404 0.872715 0.578448 0.605035 0.938540 0.889082 0.871183 0.830968 0.955098 0.784104 0.628849 0.760452 0.730202 0.664895 0.666994 0.647884 0.499043 0.441673 0.743516 0.659495 0.557982 0.412083 0.691601 0.703561 0.666357 0.557636 0.873665 0.883986 0.776172 0.758004 0.872068 0.694587 0.788579 0.787729 0.837721 0.771843 0.776646 0.731226 0.700672 0.618621 0.574278 0.397601 0.717261 0.871350 0.567644 0.544319 0.902430 0.807488 0.936956 0.817036 0.993501 0.877193 0.762073 0.905323 0.989524 0.972121 0.943626 0.919013 0.927178 0.903065 0.784932 0.659779 0.843472 0.972195 0.931745 0.956412 0.962369 0.841962 0.845947 0.870176 0.792237 0.946227
0.335709 0.290623 0.781841 0.863028 0.801317 0.856291 0.501007 0.605058 0.920735 0.912382 0.385621 0.387460 0.446271 0.457877 0.645316 0.788983 0.000000 0.229230 0.245069 0.272957 0.900959 0.903385 0.745903 0.883294 0.969333 0.831995 0.988406 0.951057 0.365883 0.326083 0.776331 0.671670 0.306556 0.328381 0.907334 0.945219 0.710212 0.809201 0.971415 0.815642 0.728666 0.710502 0.583336 0.550013 0.738967 0.707902 0.483309 0.558854 0.696774 0.674765 0.693141 0.689063 0.994096 0.852531 0.705667 0.632635 0.215867 0.268117 0.488194 0.575242 0.453004 0.554574 0.255747 0.250500 0.868424 0.658559 0.488775 0.578504 0.532830 0.541420 0.490941 0.692482 0.631876 0.727915 0.771186 0.708928 0.598088 0.546649 0.381267 0.358691 0.206966 0.265124 0.413682 0.450600 0.538610 0.666714 0.779708 0.634866 0.735203 0.750201 0.853386 0.848433 0.781851 0.694808 0.998315 0.943678 0.486776 0.899844 0.667912 0.741910 0.912100 0.806451 0.557880 0.571524 0.667681 0.665880 0.971714 0.950644 0.860588 0.669191 0.927067 0.638672 0.820076 0.781817 0.687955 0.813598
0.365235 0.307271 0.841727 0.871581 0.830271 0.830503 0.509990 0.582154 0.990627 0.986604 0.362213 0.315155 0.516590 0.408383 0.634183 0.754748 0.229230 0.000000 0.268212 0.214588 0.861969 0.858950 0.769514 0.856115 0.935523 0.792310 0.979954 0.943217 0.324193 0.281658 0.817859 0.619730 0.332733 0.311154 0.918023 0.937540 0.760882 0.673771 0.992986 0.896286 0.746252 0.678176 0.576253 0.568155 0.714639 0.732201 0.552550 0.606775 0.724815 0.758904 0.788856 0.812962 0.868332 0.734428 0.774568 0.680498 0.195010 0.274112 0.564103 0.679647 0.515129 0.585214 0.303049 0.257748 0.916686 0.697142 0.531164 0.587582 0.546683 0.534445 0.507215 0.608287 0.647736 0.660320 0.804475 0.740853 0.657971 0.507895 0.364315 0.311426 0.211070 0.263414 0.466793 0.505472 0.589320 0.684083 0.786865 0.703658 0.786384 0.775640 0.950813 0.861233 0.912944 0.769325 0.910746 0.776791 0.464637 0.881104 0.620573 0.661220 0.965179 0.826012 0.494864 0.566937 0.564878 0.667132 0.955562 0.947268 0.877496 0.642482 0.834454 0.596177 0.874048 0.756575 0.783572 0.797744
0.255779 0.236856 0.632385 0.697412 0.753793 0.904282 0.351252 0.473288 0.801629 0.927188 0.385648 0.293116 0.347479 0.324996 0.529358 0.633783 0.245069 0.268212 0.000000 0.237872 0.777342 0.902404 0.648395 0.747231 0.929295 0.933569 0.904884 0.999235 0.384324 0.376619 0.690814 0.705667 0.291056 0.251962 0.746518 0.973089 0.666115 0.657107 0.838498 0.727082 0.810234 0.755436 0.616773 0.577027 0.750571 0.688671 0.433114 0.475251 0.720339 0.610614 0.613498 0.598617 0.990537 0.854469 0.577692 0.560823 0.239006 0.264614 0.375300 0.488589 0.328409 0.425957 0.248919 0.234862 0.756450 0.534058 0.367081 0.497017 0.473808 0.451099 0.463441 0.727496 0.567233 0.672454 0.743388 0.717476 0.566059 0.576221 0.446229 0.425043 0.255097 0.303947 0.440830 0.445228 0.464942 0.547366 0.739984 0.689163 0.669796 0.697680 0.812361 0.746010 0.725776 0.633347 0.967528 0.796237 0.410338 0.938313 0.704899 0.717288 0.826448 0.867996 0.638648 0.570489 0.529154 0.547900 0.980170 0.961271 0.835911 0.613599 0.881585 0.603727 0.812360 0.767178 0.615822 0.815496
0.268048 0.232175 0.602057 0.639856 0.760727 0.918898 0.387986 0.491834 0.834681 0.855857 0.364523 0.276448 0.348262 0.346499 0.510893 0.649035 0.272957 0.214588 0.237872 0.000000 0.754337 0.835658 0.596669 0.681490 0.850201 0.992815 0.881475 0.993809 0.440293 0.374290 0.677009 0.719301 0.268629 0.290825 0.733346 0.949137 0.605196 0.535774 0.821949 0.809342 0.753608 0.673622 0.646326 0.628287 0.805328 0.797741 0.523948 0.554065 0.813072 0.681891 0.745469 0.725899 0.892233 0.725978 0.613743 0.614680 0.210123 0.229367 0.456536 0.556257 0.365591 0.443134 0.298333 0.258327 0.677614 0.496362 0.401470 0.494925 0.414515 0.414550 0.459777 0.654075 0.570692 0.643016 0.749083 0.763471 0.550030 0.565314 0.402210 0.364195 0.241940 0.253616 0.429191 0.436454 0.414297 0.490827 0.693170 0.684886 0.626202 0.613774 0.823605 0.741052 0.820009 0.745144 0.969643 0.853894 0.440869 0.975545 0.778796 0.806346 0.822485 0.892839 0.617710 0.668695 0.524880 0.609915 0.958707 0.980789 0.859594 0.663096 0.887848 0.673338 0.936743 0.787497 0.729038 0.780209
0.669916 0.699641 0.563113 0.685995 0.832075 0.809151 0.767878 0.874261 0.898683 0.750473 0.896358 0.765111 0.598738 0.834525 0.651326 0.655931 0.900959 0.861969 0.777342 0.754337 0.000000 0.851106 0.631049 0.605071 0.621920 0.671336 0.756372 0.583346 0.975906 0.974539 0.790363 0.918591 0.770302 0.798631 0.706312 0.751837 0.643275 0.692522 0.662776 0.805682 0.752784 0.957003 0.892806 0.991343 0.853468 0.905528 0.825663 0.968457 0.828519 0.924353 0.991208 0.936365 0.847310 0.749561 0.661442 0.927644 0.796638 0.730572 0.751462 0.723007 0.645709 0.669701 0.887684 0.836720 0.569997 0.583140 0.758828 0.895121 0.584282 0.616284 0.913689 0.957886 0.782250 0.819061 0.995843 0.961893 0.864977 0.985783 0.952407 0.836486 0.863390 0.737123 0.842144 0.783645 0.596827 0.544041 0.824940 0.856128 0.675015 0.630493 0.733129 0.643072 0.777153 0.778706 0.878586 0.917355 0.795764 0.830204 0.846222 0.826865 0.803245 0.835038 0.969075 0.827042 0.916600 0.932466 0.908964 0.820679 0.957608 0.929321 0.902189 0.863562 0.914064 0.937350 0.897278 0.981703
0.988563 0.944641 0.813331 0.916547 0.786557 0.891541 0.986790 0.973571 0.996729 0.892350 0.888712 0.856240 0.983118 0.858655 0.969085 0.986735 0.903385 0.858950 0.902404 0.835658 0.851106 0.000000 0.972587 0.956363 0.934681 0.889941 0.814500 0.958206 0.821942 0.781333 0.875566 0.787881 0.939057 0.949269 0.890191 0.851067 0.951256 0.978325 0.820374 0.857453 0.861499 0.997270 0.787375 0.817894 0.896519 0.966467 0.911557 0.956386 0.994955 0.947911 0.941376 0.969117 0.915093 0.966074 0.807228 0.913109 0.821277 0.939261 0.981463 0.917640 0.990848 0.954814 0.967289 0.912898 0.872716 0.930704 0.970855 0.971485 0.942408 0.912298 0.940369 0.975370 0.940035 0.979642 0.933411 0.947225 0.872673 0.713383 0.921963 0.957272 0.917682 0.968190 0.878130 0.992654 0.920914 0.933433 0.968513 0.898270 0.899479 0.966474 0.949438 0.878858 0.899831 0.917052 0.931031 0.971893 0.939209 0.938197 0.911747 0.860322 0.986097 0.881914 0.835391 0.897121 0.971406 0.883611 0.998917 0.978348 0.692832 0.944871 0.959446 0.966995 0.835563 0.959966 0.988596 0.932703
0.526375 0.506821 0.389024 0.363234 0.658079 0.921775 0.668240 0.757440 0.839566 0.590104 0.994419 0.684097 0.430863 0.638325 0.470689 0.494936 0.745903 0.769514 0.648395 0.596669 0.631049 0.972587 0.000000 0.250068 0.331665 0.520483 0.497784 0.766524 0.984963 0.990167 0.488489 0.968164 0.570604 0.738609 0.585474 0.924168 0.436902 0.545422 0.553972 0.765568 0.785158 0.865257 0.993616 0.948992 0.743169 0.867316 0.678003 0.715206 0.804022 0.766024 0.929145 0.774625 0.887432 0.771861 0.532406 0.764945 0.650975 0.547352 0.653901 0.580520 0.593110 0.623257 0.734640 0.651815 0.363575 0.480813 0.604274 0.778672 0.423435 0.475633 0.732096 0.835017 0.784394 0.909382 0.811969 0.913259 0.818267 0.945536 0.716500 0.774278 0.666383 0.619273 0.618999 0.565157 0.323384 0.312605 0.572178 0.605926 0.418907 0.334680 0.672307 0.651977 0.775129 0.778038 0.849399 0.897197 0.756940 0.899499 0.778920 0.782874 0.533234 0.718464 0.894385 0.916446 0.721529 0.676523 0.914552 0.917297 0.854491 0.898146 0.954112 0.903533 0.866872 0.885425 0.805901 0.969097
0.657610 0.647680 0.367990 0.307694 0.718728 0.961857 0.670894 0.705657 0.745605 0.611182 0.939385 0.744800 0.499779 0.621896 0.457979 0.435878 0.883294 0.856115 0.747231 0.681490 0.605071 0.956363 0.250068 0.000000 0.294436 0.451818 0.459906 0.756052 0.952327 0.919056 0.584865 0.984474 0.704746 0.766292 0.587605 0.823041 0.494398 0.483146 0.524184 0.729770 0.810814 0.872463 0.920940 0.967015 0.703760 0.837259 0.772310 0.773209 0.725034 0.933264 0.939270 0.951373 0.776279 0.650250 0.508637 0.706577 0.780864 0.664112 0.777241 0.732885 0.650738 0.605409 0.911941 0.807560 0.337849 0.427079 0.704090 0.809232 0.534006 0.583680 0.880253 0.901022 0.925330 0.973361 0.863459 0.997687 0.893855 0.995848 0.851907 0.890463 0.799099 0.694269 0.635725 0.557838 0.380654 0.280038 0.622232 0.657619 0.422329 0.346588 0.735542 0.606464 0.879573 0.794009 0.960659 0.830519 0.873731 0.862975 0.750561 0.733943 0.634376 0.727117 0.783404 0.854679 0.772275 0.795476 0.911062 0.886803 0.778080 0.969132 0.924935 0.922254 0.780287 0.877901 0.952467 0.997386
0.680869 0.762956 0.333033 0.379937 0.638547 0.931526 0.797891 0.923536 0.784202 0.503177 0.830465 0.933614 0.575209 0.910234 0.572625 0.578315 0.969333 0.935523 0.929295 0.850201 0.621920 0.934681 0.331665 0.294436 0.000000 0.285491 0.488434 0.641081 0.657738 0.636851 0.618540 0.763424 0.788764 0.936421 0.483096 0.862480 0.442959 0.612853 0.449088 0.696976 0.751739 0.966863 0.748670 0.807202 0.589773 0.694396 0.906849 0.857321 0.631247 0.984424 0.862805 0.976368 0.826611 0.666197 0.458640 0.740097 0.926691 0.767796 0.796089 0.698284 0.707644 0.719768 0.938672 0.998243 0.231904 0.458666 0.758630 0.860226 0.478350 0.512046 0.976527 0.930469 0.869186 0.991409 0.938148 0.906163 0.990418 0.761699 0.966624 0.961122 0.941338 0.790971 0.759068 0.609443 0.365472 0.323267 0.603961 0.698192 0.360348 0.314311 0.698747 0.584655 0.896585 0.832648 0.896121 0.998557 0.965452 0.878074 0.568668 0.555210 0.542531 0.651469 0.624954 0.641656 0.902117 0.861991 0.916148 0.899086 0.867014 0.933175 0.732905 0.755137 0.677186 0.764195 0.982029 0.934177
0.824131 0.943385 0.378837 0.462343 0.737121 0.965782 0.786485 0.921961 0.671118 0.702581 0.765039 0.889098 0.720546 0.981261 0.675743 0.702670 0.831995 0.792310 0.933569 0.992815 0.671336 0.889941 0.520483 0.451818 0.285491 0.000000 0.595384 0.638369 0.585294 0.527258 0.645100 0.817379 0.874445 0.962781 0.564175 0.817752 0.533299 0.627939 0.536804 0.704286 0.868032 0.981901 0.818944 0.857111 0.750746 0.815756 0.924084 0.940774 0.714249 0.971197 0.930428 0.935818 0.996280 0.890912 0.469095 0.749984 0.937459 0.948507 0.847482 0.783316 0.801852 0.829993 0.795453 0.818562 0.307631 0.512999 0.733526 0.816794 0.587195 0.689424 0.934008 0.991744 0.902054 0.996482 0.953317 0.860807 0.997639 0.700103 0.855384 0.849760 0.858728 0.991489 0.923449 0.801702 0.540841 0.439436 0.792499 0.853486 0.465588 0.490771 0.891022 0.788289 0.983401 0.962402 0.816746 0.933247 0.974824 0.903936 0.630045 0.637855 0.692182 0.794384 0.624952 0.587877 0.979725 0.921345 0.861066 0.855965 0.867221 0.907106 0.880414 0.770594 0.731300 0.826715 0.967784 0.771322
0.844651 0.897796 0.636227 0.635797 0.849680 0.884784 0.988715 0.954361 0.940274 0.542410 0.778576 0.984555 0.797040 0.890829 0.749914 0.780257 0.988406 0.979954 0.904884 0.881475 0.756372 0.814500 0.497784 0.459906 0.488434 0.595384 0.000000 0.791722 0.843798 0.850746 0.749785 0.940740 0.892786 0.971769 0.750421 0.862439 0.781231 0.696977 0.761860 0.940666 0.968311 0.955038 0.774168 0.736689 0.581418 0.647156 0.924953 0.883350 0.574188 0.864775 0.792445 0.855979 0.696322 0.656059 0.773725 0.972945 0.943552 0.913846 0.975593 0.950162 0.965919 0.935564 0.919076 0.986149 0.546728 0.693655 0.863169 0.967261 0.700672 0.818938 0.971403 0.963194 0.984593 0.839066 0.875880 0.967004 0.856154 0.842900 0.961769 0.993385 0.942297 0.850871 0.769398 0.834831 0.602886 0.572496 0.763849 0.774653 0.654144 0.597063 0.790610 0.707570 0.908489 0.841463 0.978852 0.949403 0.885122 0.988421 0.694403 0.679686 0.665688 0.742435 0.767860 0.747851 0.898746 0.978868 0.931312 0.818129 0.774509 0.931514 0.845222 0.799583 0.668406 0.866669 0.880385 0.795171
0.888253 0.922464 0.762691 0.821387 0.828916 0.725303 0.973584 0.941104 0.997473 0.749102 0.854880 0.949745 0.816900 0.941281 0.823631 0.855663 0.951057 0.943217 0.999235 0.993809 0.583346 0.958206 0.766524 0.756052 0.641081 0.638369 0.791722 0.000000 0.910426 0.812966 0.843977 0.853434 0.957886 0.945042 0.918487 0.753408 0.819099 0.930230 0.853424 0.745213 0.855902 0.978249 0.987666 0.982795 0.793797 0.896559 0.917031 0.913720 0.853570 0.983446 0.953433 0.979013 0.943418 0.880891 0.800783 0.922766 0.946662 0.910565 0.871391 0.806668 0.917841 0.926716 0.951355 0.947342 0.694413 0.790803 0.942539 0.894750 0.797379 0.726954 0.925685 0.860500 0.937018 0.877059 0.869209 0.940279 0.886242 0.914626 0.995319 0.962611 0.998887 0.920222 0.977622 0.938926 0.781613 0.741289 0.950669 0.999984 0.855370 0.734005 0.891000 0.903292 0.886095 0.949194 0.874070 0.766120 0.924842 0.862802 0.800533 0.747001 0.804963 0.836513 0.751140 0.783212 0.830384 0.888017 0.893579 0.865563 0.985233 0.869395 0.866375 0.769500 0.942580 0.920171 0.924636 0.779561
0.615469 0.506900 0.926745 0.966566 0.885435 0.864968 0.610252 0.571923 0.966943 0.752103 0.452195 0.436550 0.688174 0.469560 0.762559 0.836519 0.365883 0.324193 0.384324 0.440293 0.975906 0.821942 0.984963 0.952327 0.657738 0.585294 0.843798 0.910426 0.000000 0.217987 0.850856 0.469123 0.529586 0.422963 0.848079 0.961887 0.969457 0.899623 0.796215 0.946782 0.962138 0.809148 0.442187 0.464362 0.576857 0.585419 0.612502 0.609458 0.599987 0.734919 0.651102 0.754983 0.934474 0.997695 0.973033 0.798375 0.392597 0.524223 0.648137 0.784054 0.655703 0.677524 0.369952 0.353402 0.786256 0.900060 0.683483 0.695146 0.854686 0.804989 0.523899 0.662865 0.757436 0.778116 0.849395 0.705861 0.602458 0.446405 0.433188 0.389955 0.392006 0.545382 0.626753 0.768634 0.926109 0.958801 0.941976 0.925720 0.957547 0.908451 0.927647 0.922329 0.923725 0.798053 0.980750 0.819222 0.566880 0.972044 0.522023 0.501041 0.800272 0.726703 0.455089 0.401995 0.701751 0.751501 0.975864 0.928328 0.912642 0.697129 0.795615 0.541053 0.691729 0.704129 0.771161 0.813311
0.590192 0.493968 0.896859 0.902024 0.907160 0.883399 0.667722 0.644926 0.956184 0.854932 0.373199 0.396323 0.695109 0.460983 0.797857 0.882141 0.326083 0.281658 0.376619 0.374290 0.974539 0.781333 0.990167 0.919056 0.636851 0.527258 0.850746 0.812966 0.217987 0.000000 0.906287 0.531438 0.526553 0.470457 0.862474 0.960923 0.996455 0.891148 0.769714 0.992174 0.967653 0.766922 0.589367 0.602326 0.699186 0.735901 0.682139 0.728415 0.717431 0.841786 0.786615 0.874465 0.948973 0.873195 0.949493 0.885473 0.341566 0.494684 0.704111 0.837874 0.662209 0.696780 0.351398 0.335326 0.763421 0.920651 0.745407 0.757451 0.842141 0.811985 0.551414 0.687898 0.706589 0.767371 0.800981 0.661123 0.720068 0.457745 0.435665 0.373019 0.341103 0.458188 0.599559 0.712575 0.888152 0.969983 0.912205 0.838629 0.946303 0.929609 0.967956 0.988000 0.841296 0.758801 0.953224 0.884818 0.570103 0.935686 0.600750 0.595521 0.882664 0.757432 0.428851 0.464186 0.712691 0.747001 0.896916 0.989594 0.847857 0.699896 0.814930 0.612194 0.794537 0.748479 0.805993 0.745303
0.719056 0.710642 0.599554 0.581680 0.825428 0.874627 0.624668 0.743160 0.711158 0.938057 0.977878 0.891731 0.615923 0.695938 0.537403 0.573923 0.776331 0.817859 0.690814 0.677009 0.790363 0.875566 0.488489 0.584865 0.618540 0.645100 0.749785 0.843977 0.850856 0.906287 0.000000 0.615060 0.580497 0.742873 0.773192 0.907019 0.501560 0.628460 0.742663 0.758124 0.822554 0.856267 0.713596 0.646279 0.959271 0.891516 0.723589 0.744975 0.958647 0.764984 0.813239 0.750343 0.805391 0.923699 0.649913 0.882053 0.729217 0.723855 0.744538 0.692881 0.726814 0.770351 0.839624 0.763742 0.634586 0.636815 0.669305 0.737851 0.659267 0.726491 0.601209 0.673481 0.690935 0.748042 0.813924 0.742445 0.643964 0.722756 0.743711 0.790042 0.807318 0.818756 0.829793 0.813999 0.649414 0.612577 0.877319 0.930074 0.669601 0.741723 0.868717 0.985147 0.912903 0.983270 0.769251 0.945551 0.781453 0.750180 0.949100 0.987119 0.773580 0.990242 0.869770 0.864387 0.693562 0.793628 0.770880 0.954066 0.942129 0.849448 0.945536 0.937695 0.997442 0.905994 0.872012 0.966300
0.934544 0.848267 0.838247 0.990888 0.982241 0.944352 0.781571 0.717704 0.967124 0.691717 0.821036 0.771600 0.939333 0.629175 0.772224 0.780464 0.671670 0.619730 0.705667 0.719301 0.918591 0.787881 0.968164 0.984474 0.763424 0.817379 0.940740 0.853434 0.469123 0.531438 0.615060 0.000000 0.693048 0.663421 0.793648 0.907099 0.969539 0.890178 0.837129 0.918841 0.952553 0.794028 0.520902 0.493239 0.683489 0.691788 0.768787 0.859321 0.821345 0.919486 0.851051 0.928009 0.871947 0.913793 0.990741 0.992373 0.654830 0.827497 0.982741 0.963384 0.967284 0.953852 0.775807 0.706001 0.757837 0.990834 0.917009 0.834495 0.955617 0.878509 0.717682 0.619898 0.987165 0.877803 0.918741 0.749050 0.795395 0.507140 0.682224 0.710843 0.689626 0.827395 0.842628 0.856818 0.925612 0.972602 0.845898 0.946559 0.911638 0.922051 0.769865 0.783030 0.859240 0.998786 0.901394 0.836673 0.822374 0.876393 0.618739 0.515710 0.742011 0.728237 0.518130 0.604404 0.842921 0.881165 0.937910 0.979464 0.977780 0.841596 0.778896 0.674886 0.786261 0.758311 0.892926 0.995110
0.277782 0.255845 0.543733 0.609355 0.751365 0.936942 0.345249 0.496304 0.740111 0.920710 0.492771 0.398361 0.346857 0.419722 0.473186 0.602131 0.306556 0.332733 0.291056 0.268629 0.770302 0.939057 0.570604 0.704746 0.788764 0.874445 0.892786 0.957886 0.529586 0.526553 0.580497 0.693048 0.000000 0.278006 0.725660 0.996256 0.524769 0.604715 0.751443 0.761790 0.647387 0.740481 0.551478 0.516100 0.743850 0.676180 0.419526 0.483805 0.712603 0.570246 0.621304 0.582432 0.884522 0.889089 0.498993 0.524905 0.268134 0.257221 0.407353 0.483911 0.358297 0.448639 0.310493 0.302243 0.631842 0.486896 0.337036 0.428379 0.412238 0.419808 0.451483 0.683378 0.567806 0.644548 0.691220 0.699725 0.463998 0.634319 0.418914 0.453297 0.295758 0.338153 0.448946 0.428671 0.402815 0.465457 0.728029 0.673278 0.543145 0.609816 0.896667 0.787781 0.882696 0.739848 0.958251 0.898533 0.452984 0.964371 0.727088 0.768138 0.874696 0.842583 0.676530 0.666119 0.548054 0.544356 0.994234 0.973234 0.958154 0.642665 0.859654 0.623497 0.867073 0.726980 0.651726 0.858961
0.298489 0.285031 0.623069 0.633834 0.739540 0.898904 0.290552 0.383191 0.753444 0.938373 0.365858 0.331892 0.355702 0.352798 0.512552 0.576045 0.328381 0.311154 0.251962 0.290825 0.798631 0.949269 0.738609 0.766292 0.936421 0.962781 0.971769 0.945042 0.422963 0.470457 0.742873 0.663421 0.278006 0.000000 0.763932 0.953495 0.623097 0.671816 0.797441 0.743456 0.686511 0.756691 0.536202 0.498155 0.647849 0.552645 0.392377 0.428976 0.594148 0.554264 0.547906 0.577339 0.900787 0.906465 0.538261 0.460896 0.300572 0.286686 0.359612 0.464958 0.299211 0.355171 0.296301 0.270522 0.741221 0.502314 0.345173 0.401550 0.508557 0.450643 0.554348 0.762982 0.600868 0.596463 0.708650 0.730161 0.519286 0.584878 0.477872 0.469691 0.305759 0.368708 0.425350 0.451187 0.502821 0.538231 0.735860 0.767592 0.613474 0.709980 0.911802 0.776542 0.868161 0.734818 0.989319 0.764980 0.424574 0.955115 0.611341 0.674988 0.979522 0.821142 0.605022 0.584973 0.524515 0.568027 0.940245 0.935117 0.912821 0.627756 0.830533 0.511078 0.789810 0.704525 0.667083 0.797061
0.591802 0.647897 0.476615 0.590248 0.814035 0.863730 0.725981 0.852731 0.740591 0.668969 0.988579 0.838064 0.654418 0.784689 0.805037 0.797646 0.907334 0.918023 0.746518 0.733346 0.706312 0.890191 0.585474 0.587605 0.483096 0.564175 0.750421 0.918487 0.848079 0.862474 0.773192 0.793648 0.725660 0.763932 0.000000 0.934129 0.535157 0.561639 0.492277 0.738806 0.847752 0.969351 0.819840 0.939048 0.846538 0.845756 0.843252 0.840156 0.811521 0.899850 0.977649 0.854316 0.956875 0.820225 0.482680 0.592225 0.802750 0.680315 0.682261 0.656888 0.649308 0.713902 0.887688 0.838618 0.449305 0.581905 0.595887 0.708440 0.530707 0.635797 0.867140 0.886196 0.752005 0.797170 0.991048 0.939623 0.938221 0.929452 0.902714 0.909785 0.813334 0.701630 0.729407 0.631227 0.480584 0.516997 0.848349 0.697460 0.484653 0.565068 0.614381 0.586775 0.763745 0.834175 0.932726 0.981408 0.776898 0.924573 0.701064 0.736653 0.527848 0.866373 0.787433 0.793440 0.760599 0.811676 0.951542 0.859679 0.934813 0.994900 0.794890 0.852127 0.740380 0.806271 0.842225 0.877532
0.962857 0.958972 0.947572 0.880252 0.961780 0.752558 0.969607 0.918737 0.941530 0.955276 0.931986 0.952200 0.979827 0.921567 0.993052 0.920620 0.945219 0.937540 0.973089 0.949137 0.751837 0.851067 0.924168 0.823041 0.862480 0.817752 0.862439 0.753408 0.961887 0.960923 0.907019 0.907099 0.996256 0.953495 0.934129 0.000000 0.978115 0.780143 0.856396 0.811692 0.896677 0.848755 0.899085 0.876217 0.986667 0.994161 0.946462 0.881104 0.972729 0.897295 0.921595 0.935072 0.886839 0.849400 0.919003 0.949558 0.933216 0.962576 0.974841 0.964793 0.966690 0.988975 0.823445 0.916435 0.915719 0.911502 0.957045 0.946281 0.943123 0.849275 0.915565 0.892092 0.963076 0.994505 0.858348 0.918560 0.993072 0.972427 0.953347 0.963946 0.973248 0.980975 0.934254 0.915594 0.978544 0.907453 0.933946 0.824982 0.997310 0.891308 0.798079 0.980931 0.826286 0.924315 0.940219 0.881334 0.953827 0.954735 0.930050 0.891020 0.967857 0.987718 0.933801 0.921324 0.887421 0.905851 0.903143 0.983609 0.934904 0.952321 0.918700 0.974523 0.930441 0.838060 0.802334 0.841024
0.465199 0.503568 0.370365 0.441545 0.733618 0.940393 0.571230 0.685100 0.695426 0.697347 0.855869 0.684042 0.452943 0.725427 0.568033 0.629846 0.710212 0.760882 0.666115 0.605196 0.643275 0.951256 0.436902 0.494398 0.442959 0.533299 0.781231 0.819099 0.969457 0.996455 0.501560 0.969539 0.524769 0.623097 0.535157 0.978115 0.000000 0.630128 0.670394 0.790535 0.684758 0.917978 0.917614 0.838486 0.931713 0.966357 0.674175 0.630814 0.965403 0.675061 0.820634 0.704567 0.911249 0.889609 0.398788 0.605546 0.644603 0.514455 0.544571 0.534217 0.493699 0.568866 0.702843 0.655170 0.386039 0.456036 0.528117 0.658681 0.409530 0.452114 0.744998 0.864861 0.664966 0.741243 0.772803 0.899770 0.735757 0.920994 0.718153 0.768996 0.661641 0.607387 0.577946 0.580678 0.385218 0.384643 0.700064 0.672661 0.431204 0.472691 0.618565 0.626842 0.756163 0.815912 0.839951 0.976458 0.740426 0.838306 0.823506 0.810068 0.583987 0.765843 0.991847 0.923668 0.758130 0.747513 0.920751 0.999232 0.895006 0.776015 0.889905 0.994289 0.865718 0.958837 0.759784 0.860606
0.648626 0.619179 0.498602 0.480419 0.769039 0.986685 0.525431 0.599686 0.600592 0.963874 0.863741 0.672916 0.572515 0.571993 0.514214 0.621290 0.809201 0.673771 0.657107 0.535774 0.692522 0.978325 0.545422 0.483146 0.612853 0.627939 0.696977 0.930230 0.899623 0.891148 0.628460 0.890178 0.604715 0.671816 0.561639 0.780143 0.630128 0.000000 0.643216 0.805892 0.867282 0.640077 0.853087 0.809544 0.891376 0.924966 0.773602 0.795976 0.956879 0.907601 0.928304 0.898205 0.841769 0.762574 0.637417 0.727274 0.681619 0.641216 0.798033 0.837824 0.655227 0.660425 0.846376 0.751946 0.528830 0.528417 0.569658 0.558847 0.597590 0.666604 0.654006 0.528106 0.756623 0.725918 0.988576 0.927106 0.743529 0.764501 0.784042 0.720309 0.773668 0.710236 0.801597 0.736470 0.569974 0.516639 0.842951 0.822261 0.598746 0.655399 0.966499 0.912005 0.844704 0.915836 0.991565 0.785883 0.761912 0.964335 0.936552 0.915741 0.853047 0.858418 0.845081 0.943267 0.562384 0.700310 0.762659 0.975362 0.909116 0.954180 0.905272 0.969769 0.875474 0.980556 0.865174 0.898462
