0.000000 0.334758 0.990419 0.806421 0.960556 0.905487 0.762335 0.710325 0.915435 0.644970 0.438730 0.359460 0.555750 0.579956 0.809935 0.727999 0.388300 0.402658 0.430964 0.370416 0.923719 0.917288 0.870209 0.909870 0.986751 0.874564 0.918675 0.809750 0.474910 0.448649 0.803676 0.787449 0.593666 0.575187 0.993707 0.967872 0.741067 0.640373 0.974157 0.727931 0.834643 0.724709 0.735144 0.619810 0.800581 0.678799 0.563271 0.586938 0.615577 0.577111 0.740750 0.634298 0.895262 0.958597 0.784704 0.751362 0.395273 0.337021 0.503822 0.529308 0.653680 0.751834 0.528259 0.425567 0.808918 0.865940 0.830259 0.860489 0.357506 0.468812 0.785084 0.853881 0.646092 0.594274 0.812657 0.958433 0.667877 0.694457 0.591070 0.627437 0.354205 0.377264 0.527014 0.493365 0.746229 0.944180 0.996222 0.971179 0.909646 0.788094 0.912785 0.874879 0.827062 0.841956 0.985489 0.837531 0.861787 0.807221 0.692079 0.751234 0.939104 0.891955 0.549987 0.628548 0.863793 0.744271 0.977000 0.846327 0.875252 0.735821 0.868682 0.839142 0.880813 0.791865 0.808220 0.883138
0.334758 0.000000 0.984901 0.868630 0.968111 0.805235 0.689245 0.689217 0.966631 0.600050 0.493247 0.386970 0.722515 0.697108 0.969591 0.833233 0.405075 0.376542 0.413065 0.410342 0.833621 0.959399 0.947708 0.815346 0.951141 0.782390 0.971287 0.693428 0.480511 0.541492 0.834524 0.792932 0.618554 0.525437 0.992920 0.900623 0.833002 0.590853 0.952858 0.817571 0.927177 0.801058 0.559046 0.468242 0.602266 0.500246 0.552224 0.568213 0.463849 0.428658 0.573486 0.512588 0.714380 0.793426 0.862448 0.736015 0.271637 0.252893 0.496116 0.499028 0.692713 0.779103 0.550672 0.428199 0.756115 0.785205 0.811036 0.851294 0.553200 0.460165 0.878903 0.864221 0.806675 0.698008 0.902816 0.892982 0.617298 0.683166 0.543402 0.587681 0.348750 0.415798 0.684288 0.488225 0.824998 0.939279 0.892591 0.916386 0.866112 0.889303 0.999471 0.985165 0.956387 0.905834 0.924788 0.894032 0.905313 0.729847 0.656713 0.615713 0.833624 0.830292 0.465048 0.634883 0.892804 0.866027 0.880837 0.779093 0.997122 0.686919 0.694844 0.745167 0.707714 0.631993 0.816693 0.923137
0.990419 0.984901 0.000000 0.458487 0.905478 0.805854 0.541165 0.574422 0.490810 0.890423 0.912795 0.979703 0.782850 0.795319 0.912636 0.792450 0.851272 0.827267 0.826315 0.946229 0.921074 0.986479 0.620913 0.641480 0.639253 0.498406 0.899779 0.926638 0.929224 0.934575 0.599696 0.669127 0.663526 0.739731 0.741332 0.814600 0.789004 0.992961 0.843253 0.947049 0.966810 0.978967 0.711739 0.741140 0.776096 0.808779 0.648001 0.765841 0.827037 0.987826 0.996856 0.974234 0.899135 0.950271 0.992753 0.833717 0.995013 0.844185 0.898413 0.892055 0.505204 0.509187 0.882013 0.888551 0.375317 0.357295 0.595484 0.510400 0.999681 0.854498 0.765495 0.773488 0.708298 0.785033 0.891661 0.927684 0.763599 0.815061 0.887327 0.882940 0.802434 0.842668 0.927876 0.867748 0.731685 0.595387 0.963773 0.932289 0.837285 0.971425 0.715740 0.904532 0.796360 0.909977 0.852099 0.981072 0.861169 0.964056 0.720031 0.721220 0.764541 0.917664 0.928138 0.864249 0.741256 0.909986 0.883625 0.835163 0.722855 0.947922 0.844323 0.858519 0.824000 0.894321 0.759615 0.989663
0.806421 0.868630 0.458487 0.000000 0.837332 0.837033 0.489743 0.351708 0.531871 0.605566 0.838190 0.715337 0.656453 0.630292 0.796323 0.593942 0.995116 0.991674 0.643290 0.837202 0.933021 0.911427 0.418606 0.576939 0.712104 0.581737 0.904518 0.961962 0.991322 0.951660 0.507762 0.523726 0.571250 0.617343 0.779911 0.829688 0.747957 0.969150 0.843350 0.994078 0.995109 0.874602 0.585864 0.555090 0.797703 0.737183 0.575343 0.645018 0.951049 0.926969 0.888917 0.895609 0.892514 0.926231 0.971966 0.939744 0.907184 0.998026 0.701055 0.748931 0.484501 0.420611 0.937266 0.848617 0.535982 0.445173 0.530982 0.499039 0.857575 0.997098 0.661751 0.628259 0.721315 0.804179 0.922311 0.884373 0.620394 0.751236 0.884827 0.919632 0.979752 0.957897 0.824366 0.980784 0.775570 0.641572 0.909913 0.925093 0.747506 0.794388 0.704100 0.947378 0.783043 0.915002 0.843300 0.995421 0.775091 0.829334 0.615258 0.570781 0.620894 0.911666 0.970536 0.726642 0.565817 0.654707 0.916322 0.662093 0.664313 0.847111 0.717699 0.881198 0.708486 0.836337 0.619695 0.950214
0.960556 0.968111 0.905478 0.837332 0.000000 0.871816 0.935027 0.945356 0.972374 0.946613 0.886715 0.943044 0.806772 0.858998 0.783659 0.898984 0.969563 0.944370 0.885271 0.981560 0.892780 0.874783 0.737313 0.789923 0.762679 0.942145 0.862721 0.891441 0.992158 0.959290 0.817616 0.844944 0.928176 0.940128 0.785375 0.888398 0.998879 0.874610 0.906773 0.914891 0.910659 0.905952 0.863478 0.930339 0.717782 0.775176 0.960072 0.899913 0.738943 0.766338 0.719988 0.793186 0.771805 0.730587 0.957325 0.824787 0.983711 0.970798 0.910124 0.926171 0.886585 0.987189 0.905075 0.946888 0.808766 0.823603 0.923014 0.959349 0.813959 0.993753 0.985445 0.830190 0.969263 0.929821 0.920683 0.993607 0.927153 0.857650 0.897871 0.895775 0.994530 0.977609 0.836548 0.998131 0.833768 0.686349 0.904864 0.902770 0.947049 0.990224 0.848283 0.788687 0.836470 0.945358 0.917224 0.997245 0.962770 0.931672 0.835983 0.896767 0.871815 0.889113 0.871854 0.930640 0.964540 0.759374 0.957884 0.929780 0.932695 0.915253 0.970288 0.954127 0.951138 0.827149 0.913047 0.984166
0.905487 0.805235 0.805854 0.837033 0.871816 0.000000 0.996278 0.885315 0.828198 0.961022 0.742445 0.893144 0.822186 0.811741 0.725559 0.664196 0.710846 0.675013 0.770001 0.911975 0.841445 0.951322 0.826667 0.602998 0.761992 0.588191 0.965970 0.669543 0.724009 0.805398 0.965386 0.977310 0.968784 0.909569 0.912365 0.947702 0.851422 0.865326 0.699310 0.949215 0.986771 0.993327 0.956873 0.937396 0.993683 0.919165 0.910063 0.999029 0.959316 0.997492 0.956176 0.925983 0.823970 0.948092 0.687336 0.852933 0.655044 0.732713 0.861951 0.973487 0.884098 0.736579 0.730839 0.792997 0.734508 0.616580 0.880983 0.841128 0.978975 0.979414 0.785694 0.949464 0.864075 0.936334 0.850434 0.993329 0.944586 0.857765 0.851021 0.963166 0.817288 0.983880 0.884048 0.856610 0.684657 0.633595 0.854609 0.882029 0.909076 0.906597 0.748353 0.836917 0.750512 0.862097 0.973356 0.861173 0.682153 0.859633 0.943205 0.974900 0.926436 0.935748 0.832186 0.979578 0.901175 0.924965 0.810121 0.965489 0.915780 0.929732 0.988239 0.971581 0.906856 0.995749 0.979897 0.929450
0.762335 0.689245 0.541165 0.489743 0.935027 0.996278 0.000000 0.327407 0.670590 0.586184 0.686625 0.664541 0.766358 0.757580 0.908005 0.930482 0.761554 0.802660 0.629287 0.806397 0.974214 0.984900 0.767502 0.995664 0.934428 0.826535 0.687521 0.631201 0.837452 0.833140 0.537214 0.675417 0.433751 0.416445 0.816347 0.788342 0.994181 0.937145 0.936724 0.856465 0.907273 0.972658 0.528942 0.517479 0.513082 0.521934 0.576900 0.602590 0.784826 0.685662 0.665349 0.694049 0.707496 0.802107 0.961765 0.981817 0.734449 0.774509 0.462749 0.545828 0.319940 0.531083 0.616324 0.622527 0.827643 0.706962 0.294788 0.355236 0.954377 0.982672 0.783494 0.718581 0.859926 0.897865 0.914336 0.847674 0.565305 0.765900 0.773551 0.748979 0.805886 0.986884 0.875106 0.951812 0.960582 0.967911 0.948204 0.780531 0.957096 0.926484 0.702157 0.843495 0.684328 0.866991 0.790252 0.936222 0.886470 0.707425 0.498183 0.572528 0.475235 0.723756 0.759814 0.582780 0.672531 0.783151 0.830254 0.646180 0.832406 0.807747 0.592902 0.738076 0.630108 0.711004 0.604264 0.883423
0.710325 0.689217 0.574422 0.351708 0.945356 0.885315 0.327407 0.000000 0.597026 0.383251 0.688723 0.540622 0.655060 0.615888 0.927119 0.662523 0.781634 0.822895 0.548367 0.737093 0.880383 0.889129 0.633499 0.880350 0.972142 0.818860 0.798672 0.807938 0.835719 0.803398 0.491531 0.623865 0.460119 0.407408 0.895082 0.850231 0.800244 0.935367 0.956829 0.898281 0.953660 0.916843 0.442749 0.412922 0.582540 0.523879 0.450242 0.487853 0.802047 0.671520 0.649272 0.646512 0.711321 0.737693 0.921826 0.947457 0.775086 0.800343 0.487812 0.554193 0.341038 0.344457 0.695644 0.593168 0.818496 0.606858 0.428709 0.395329 0.874071 0.885690 0.614699 0.590299 0.804934 0.893429 0.913159 0.889590 0.564707 0.755385 0.724476 0.764912 0.826777 0.995347 0.850478 0.950630 0.973357 0.920799 0.942384 0.738014 0.952115 0.984033 0.676083 0.865628 0.728972 0.955020 0.813638 0.871472 0.759553 0.715789 0.468182 0.443870 0.445442 0.827655 0.737745 0.562718 0.559270 0.744404 0.904112 0.571764 0.742602 0.717331 0.592594 0.689851 0.580328 0.691113 0.622592 0.937673
0.915435 0.966631 0.490810 0.531871 0.972374 0.828198 0.670590 0.597026 0.000000 0.737514 0.947754 0.987421 0.900781 0.745790 0.781535 0.691086 0.850718 0.795585 0.840486 0.963449 0.941665 0.984994 0.640361 0.685701 0.767711 0.534116 0.878091 0.994595 0.928830 0.815447 0.671171 0.727753 0.695781 0.784974 0.689750 0.836331 0.754812 0.984190 0.811088 0.942627 0.909886 0.893195 0.562100 0.648392 0.630162 0.697573 0.619682 0.764554 0.986246 0.879925 0.771283 0.806505 0.704719 0.632103 0.985723 0.978455 0.983055 0.828892 0.921093 0.960866 0.612939 0.494424 0.824861 0.906626 0.524830 0.497159 0.591944 0.622593 0.860896 0.808316 0.623992 0.608201 0.743235 0.888957 0.988385 0.965010 0.750127 0.888906 0.954378 0.997055 0.796975 0.817520 0.985996 0.840257 0.735183 0.704851 0.978268 0.952194 0.729812 0.838156 0.505399 0.653067 0.616711 0.720587 0.760799 0.917053 0.681898 0.821856 0.529462 0.549337 0.735117 0.894439 0.901946 0.781375 0.695862 0.792512 0.826863 0.625039 0.834957 0.826039 0.812014 0.822249 0.672654 0.780671 0.847702 0.844215
0.644970 0.600050 0.890423 0.605566 0.946613 0.961022 0.586184 0.383251 0.737514 0.000000 0.631382 0.513837 0.779138 0.723593 0.962659 0.777848 0.679513 0.690063 0.562074 0.658028 0.699029 0.861496 0.874215 0.871265 0.768130 0.962040 0.799769 0.833722 0.749278 0.763281 0.673758 0.783910 0.606405 0.535616 0.929271 0.949566 0.750316 0.762012 0.916103 0.902741 0.839097 0.780404 0.479569 0.430160 0.620841 0.481696 0.592824 0.500657 0.615427 0.541277 0.586977 0.578186 0.655031 0.632167 0.882127 0.837407 0.659124 0.650040 0.566409 0.642259 0.610389 0.512618 0.702549 0.539621 0.899178 0.953219 0.688775 0.670169 0.783980 0.701290 0.552776 0.599105 0.915948 0.851011 0.919310 0.976162 0.596522 0.847223 0.663488 0.841443 0.695724 0.888465 0.863494 0.831509 0.904372 0.820376 0.894559 0.704469 0.860454 0.984033 0.733425 0.816664 0.794610 0.959870 0.889550 0.811930 0.723026 0.671403 0.483519 0.467400 0.570134 0.784163 0.559820 0.609470 0.659622 0.815049 0.992528 0.521671 0.897261 0.613554 0.649166 0.615613 0.596112 0.698656 0.838206 0.996341
0.438730 0.493247 0.912795 0.838190 0.886715 0.742445 0.686625 0.688723 0.947754 0.631382 0.000000 0.450222 0.718084 0.707640 0.912220 0.842535 0.342237 0.323377 0.432183 0.402251 0.860066 0.921139 0.894858 0.831239 0.957670 0.817207 0.971562 0.745285 0.387276 0.366312 0.648826 0.694477 0.533020 0.428710 0.996810 0.976770 0.956665 0.765368 0.955024 0.870379 0.885726 0.743601 0.896255 0.709497 0.932950 0.795178 0.704113 0.676192 0.848163 0.795411 0.977297 0.880037 0.902708 0.877684 0.944678 0.980747 0.430675 0.465502 0.530564 0.545415 0.621448 0.840238 0.373639 0.369424 0.802864 0.871754 0.750953 0.780930 0.445063 0.596377 0.836834 0.991725 0.700450 0.612707 0.811192 0.949924 0.748437 0.666823 0.654886 0.811992 0.520738 0.702533 0.543203 0.585793 0.984794 0.962814 0.817731 0.832198 0.849072 0.913631 0.707934 0.648067 0.634694 0.634320 0.987711 0.871067 0.905773 0.698523 0.869629 0.843863 0.917004 0.941122 0.634887 0.547512 0.918562 0.704894 0.926235 0.890340 0.965030 0.752543 0.875327 0.977248 0.796427 0.831651 0.776604 0.842370
0.359460 0.386970 0.979703 0.715337 0.943044 0.893144 0.664541 0.540622 0.987421 0.513837 0.450222 0.000000 0.503897 0.485266 0.802020 0.605255 0.370468 0.373722 0.381185 0.377525 0.909943 0.886527 0.755747 0.939404 0.959718 0.822053 0.991013 0.690719 0.462280 0.386002 0.629920 0.660128 0.502738 0.472174 0.904970 0.978762 0.752513 0.660351 0.982887 0.860140 0.798943 0.732826 0.635152 0.524962 0.765901 0.648376 0.549164 0.564647 0.649041 0.631713 0.688640 0.640788 0.851550 0.857289 0.882369 0.772662 0.479854 0.399575 0.505265 0.519432 0.559834 0.625393 0.424108 0.300871 0.729262 0.906873 0.772327 0.784112 0.493379 0.518446 0.725109 0.721406 0.699593 0.725136 0.899003 0.919234 0.648329 0.690186 0.490774 0.709479 0.372819 0.512318 0.580116 0.506892 0.898004 0.989215 0.915865 0.841857 0.927302 0.886627 0.956106 0.845665 0.870900 0.760270 0.965456 0.743871 0.881006 0.673304 0.687092 0.655092 0.784866 0.851956 0.564914 0.496374 0.723147 0.723706 0.961259 0.788170 0.858231 0.660955 0.833284 0.836979 0.811713 0.724825 0.759484 0.880930
0.555750 0.722515 0.782850 0.656453 0.806772 0.822186 0.766358 0.655060 0.900781 0.779138 0.718084 0.503897 0.000000 0.361666 0.464160 0.493639 0.693095 0.706003 0.649486 0.608006 0.794602 0.936142 0.563886 0.766407 0.871120 0.912400 0.961069 0.851131 0.692222 0.643523 0.656024 0.699772 0.550077 0.746111 0.881919 0.964966 0.806928 0.934292 0.969017 0.916330 0.835349 0.785035 0.799381 0.754534 0.922340 0.868552 0.634699 0.756316 0.963528 0.895860 0.845108 0.755446 0.887676 0.857756 0.922264 0.891861 0.829911 0.762205 0.751968 0.769962 0.537585 0.587789 0.704995 0.636442 0.881328 0.786805 0.831335 0.857685 0.603255 0.710144 0.645209 0.743954 0.548020 0.671538 0.759273 0.991578 0.735353 0.830392 0.795299 0.737872 0.657040 0.658846 0.695416 0.784313 0.635416 0.726718 0.905323 0.947854 0.915889 0.838405 0.871496 0.999871 0.998851 0.995634 0.995385 0.703999 0.756244 0.852380 0.774637 0.804142 0.861121 0.825294 0.914923 0.566971 0.762771 0.754657 0.932944 0.819870 0.734492 0.925393 0.906193 0.901734 0.933405 0.832077 0.743563 0.887677
0.579956 0.697108 0.795319 0.630292 0.858998 0.811741 0.757580 0.615888 0.745790 0.723593 0.707640 0.485266 0.361666 0.000000 0.477716 0.359288 0.648320 0.682972 0.589770 0.575794 0.868256 0.949723 0.461991 0.684876 0.805848 0.844613 0.935779 0.964306 0.676969 0.608546 0.587660 0.577063 0.485915 0.717610 0.929977 0.865065 0.696511 0.827473 0.965044 0.848194 0.818027 0.740168 0.692750 0.667899 0.840754 0.842572 0.590301 0.801126 0.909061 0.899701 0.764870 0.743414 0.727735 0.727045 0.928207 0.911783 0.790989 0.762813 0.811384 0.832893 0.540395 0.504073 0.731083 0.603830 0.928872 0.771453 0.777409 0.807503 0.667660 0.728509 0.533512 0.608434 0.496606 0.746806 0.768978 0.968730 0.729828 0.756478 0.683363 0.805525 0.625460 0.702370 0.626276 0.766127 0.626302 0.682564 0.875978 0.840962 0.895625 0.782476 0.797125 0.962700 0.972429 0.977928 0.969460 0.815024 0.720866 0.810977 0.698765 0.743092 0.840124 0.805513 0.840844 0.495849 0.818616 0.689619 0.860072 0.764218 0.800410 0.794315 0.874600 0.901275 0.875890 0.824879 0.764740 0.995168
0.809935 0.969591 0.912636 0.796323 0.783659 0.725559 0.908005 0.927119 0.781535 0.962659 0.912220 0.802020 0.464160 0.477716 0.000000 0.426425 0.853843 0.920191 0.875800 0.812864 0.826619 0.967979 0.546504 0.635955 0.722226 0.869938 0.851592 0.842356 0.841908 0.795358 0.762974 0.677477 0.753653 0.994363 0.992698 0.966883 0.781720 0.988130 0.935373 0.845379 0.770323 0.823297 0.957746 0.966927 0.854109 0.877640 0.767009 0.932974 0.846089 0.878941 0.992468 0.928102 0.955181 0.907196 0.931156 0.931020 0.953912 0.975015 0.995833 0.991975 0.825105 0.762248 0.927676 0.873398 0.824522 0.803996 0.959092 0.949443 0.695274 0.869008 0.621328 0.819902 0.656150 0.761946 0.858222 0.842203 0.928877 0.870464 0.885227 0.912418 0.892390 0.875519 0.750105 0.939822 0.615642 0.633896 0.938441 0.927422 0.790272 0.831440 0.958035 0.949402 0.880028 0.992704 0.963579 0.825261 0.751525 0.978970 0.938515 0.991225 0.938616 0.977515 0.959943 0.730040 0.809581 0.692663 0.868693 0.912817 0.759440 0.907649 0.895367 0.965548 0.949184 0.937304 0.854916 0.945217
0.727999 0.833233 0.792450 0.593942 0.898984 0.664196 0.930482 0.662523 0.691086 0.777848 0.842535 0.605255 0.493639 0.359288 0.426425 0.000000 0.832210 0.872458 0.725017 0.688451 0.909713 0.904226 0.411665 0.537859 0.697160 0.787660 0.960675 0.899437 0.781898 0.679588 0.573567 0.540608 0.634678 0.795301 0.939998 0.862862 0.696990 0.835840 0.829989 0.846183 0.875897 0.729775 0.703522 0.698751 0.907309 0.860393 0.564442 0.752456 0.990801 0.943255 0.803775 0.748155 0.771603 0.766309 0.848916 0.905701 0.965016 0.941750 0.863483 0.812036 0.654794 0.481014 0.933024 0.754236 0.805775 0.642994 0.854080 0.787938 0.784681 0.755493 0.568419 0.747899 0.572054 0.749882 0.831994 0.946467 0.866477 0.753584 0.756673 0.857421 0.776221 0.786216 0.673822 0.805878 0.644328 0.567431 0.933979 0.972240 0.828240 0.781274 0.849573 0.980692 0.965795 0.915095 0.933971 0.799213 0.701172 0.783831 0.801225 0.734917 0.901767 0.985897 0.922530 0.652737 0.782426 0.700063 0.879605 0.838767 0.710775 0.837509 0.909181 0.946538 0.914237 0.903126 0.711520 0.941073
0.388300 0.405075 0.851272 0.995116 0.969563 0.710846 0.761554 0.781634 0.850718 0.679513 0.342237 0.370468 0.693095 0.648320 0.853843 0.832210 0.000000 0.249833 0.439755 0.387836 0.800059 0.964967 0.947590 0.720177 0.857891 0.626660 0.970816 0.726831 0.311615 0.299329 0.758242 0.770240 0.562862 0.506591 0.878416 0.980808 0.956183 0.763290 0.857515 0.890396 0.874143 0.781108 0.799155 0.666192 0.845973 0.743665 0.698904 0.715092 0.669493 0.666538 0.791752 0.713467 0.926950 0.956959 0.961083 0.866253 0.391744 0.328523 0.503089 0.562292 0.702883 0.923841 0.301544 0.267553 0.589771 0.631915 0.850781 0.932642 0.468088 0.509621 0.864746 0.914407 0.748354 0.694234 0.861607 0.967318 0.725774 0.673517 0.459089 0.696972 0.319909 0.566091 0.567245 0.514883 0.995222 0.804778 0.800402 0.832503 0.841766 0.957550 0.727747 0.722742 0.673718 0.691687 0.930275 0.818375 0.940680 0.682981 0.810807 0.862856 0.892110 0.927204 0.576244 0.546657 0.926550 0.777730 0.972807 0.876813 0.942182 0.683046 0.890273 0.905019 0.811201 0.810296 0.778626 0.769633
0.402658 0.376542 0.827267 0.991674 0.944370 0.675013 0.802660 0.822895 0.795585 0.690063 0.323377 0.373722 0.706003 0.682972 0.920191 0.872458 0.249833 0.000000 0.410490 0.406129 0.843668 0.945915 0.916551 0.763457 0.838208 0.633805 0.960542 0.723859 0.315568 0.328655 0.796038 0.775706 0.591824 0.534122 0.869712 0.983442 0.989865 0.719475 0.840102 0.876177 0.882342 0.730346 0.882743 0.696246 0.930836 0.806192 0.777751 0.753236 0.730942 0.730146 0.867693 0.804887 0.976781 0.975410 0.984343 0.901854 0.343687 0.300062 0.549923 0.597460 0.770640 0.995226 0.296832 0.274164 0.595208 0.602810 0.921590 0.995459 0.446615 0.496232 0.871609 0.956615 0.786344 0.714738 0.852574 0.966342 0.783938 0.704522 0.474705 0.812824 0.362394 0.551615 0.537053 0.474192 0.999874 0.805979 0.856634 0.881812 0.807206 0.976391 0.716634 0.709055 0.666092 0.709714 0.956638 0.862654 0.910393 0.679404 0.868703 0.876068 0.982980 0.913941 0.548752 0.564488 0.900369 0.777864 0.945203 0.889397 0.950360 0.748465 0.848695 0.936575 0.810354 0.759003 0.840706 0.786565
0.430964 0.413065 0.826315 0.643290 0.885271 0.770001 0.629287 0.548367 0.840486 0.562074 0.432183 0.381185 0.649486 0.589770 0.875800 0.725017 0.439755 0.410490 0.000000 0.405321 0.942128 0.951549 0.675282 0.970311 0.918291 0.921917 0.958649 0.721473 0.467348 0.515915 0.608929 0.555334 0.457332 0.458125 0.982319 0.946856 0.687897 0.648907 0.984231 0.907131 0.840884 0.751676 0.576124 0.470615 0.752528 0.630433 0.519109 0.562095 0.746374 0.679457 0.804792 0.743640 0.925008 0.922712 0.951832 0.989004 0.374600 0.433053 0.548519 0.592953 0.579694 0.664334 0.519181 0.417252 0.922651 0.998022 0.760340 0.743002 0.540229 0.639660 0.737035 0.748963 0.724330 0.715920 0.944896 0.957426 0.662207 0.630462 0.588756 0.701562 0.528838 0.661921 0.558032 0.561288 0.868319 0.954876 0.874694 0.835375 0.957762 0.915749 0.928959 0.803216 0.831960 0.797082 0.834173 0.873881 0.928363 0.717262 0.628154 0.646005 0.844291 0.789437 0.580125 0.594033 0.802330 0.796156 0.897754 0.708620 0.926471 0.592064 0.745039 0.861195 0.722899 0.636512 0.729763 0.882751
0.370416 0.410342 0.946229 0.837202 0.981560 0.911975 0.806397 0.737093 0.963449 0.658028 0.402251 0.377525 0.608006 0.575794 0.812864 0.688451 0.387836 0.406129 0.405321 0.000000 0.924115 0.953457 0.806656 0.969254 0.933533 0.914581 0.903488 0.766557 0.445051 0.418835 0.732216 0.723863 0.596832 0.550508 0.957830 0.965537 0.695644 0.566790 0.971183 0.680445 0.810515 0.680905 0.734979 0.660939 0.863437 0.744142 0.597833 0.615135 0.700314 0.676009 0.840712 0.746739 0.962886 0.992820 0.871006 0.871353 0.453426 0.414170 0.666028 0.610212 0.711480 0.724814 0.581604 0.454100 0.810591 0.910384 0.914384 0.901577 0.425978 0.441166 0.807621 0.894999 0.659145 0.673762 0.848582 0.994230 0.709245 0.780222 0.644773 0.719468 0.464401 0.506560 0.570311 0.433280 0.778058 0.915362 0.848312 0.880743 0.995703 0.895790 0.845753 0.729186 0.706441 0.701491 0.901372 0.803876 0.891787 0.733122 0.810994 0.792302 0.931561 0.877359 0.667825 0.664377 0.875492 0.820092 0.910806 0.846199 0.888534 0.630637 0.924469 0.926515 0.897130 0.798878 0.862117 0.810935
0.923719 0.833621 0.921074 0.933021 0.892780 0.841445 0.974214 0.880383 0.941665 0.699029 0.860066 0.909943 0.794602 0.868256 0.826619 0.909713 0.800059 0.843668 0.942128 0.924115 0.000000 0.957587 0.779085 0.674723 0.775179 0.836031 0.932101 0.984393 0.883989 0.893817 0.910637 0.820449 0.996370 0.835706 0.943711 0.895396 0.897726 0.751410 0.989753 0.946411 0.925144 0.902773 0.852492 0.831460 0.887908 0.842643 0.865562 0.790785 0.801300 0.755323 0.852746 0.809906 0.908467 0.871714 0.884414 0.868505 0.757822 0.809857 0.791674 0.815084 0.997731 0.941393 0.892910 0.829820 0.848703 0.821243 0.955269 0.993981 0.903062 0.797531 0.974890 0.962034 0.963495 0.904711 0.982240 0.903791 0.968412 0.914486 0.810076 0.946010 0.869405 0.981118 0.967217 0.813029 0.759476 0.683511 0.944122 0.924205 0.927643 0.857458 0.953335 0.961434 0.929917 0.875845 0.928796 0.908469 0.919441 0.794138 0.860444 0.810880 0.926046 0.809017 0.807065 0.944196 0.975478 0.963630 0.838171 0.931818 0.998006 0.935205 0.803043 0.740949 0.825181 0.870553 0.931371 0.853489
0.917288 0.959399 0.986479 0.911427 0.874783 0.951322 0.984900 0.889129 0.984994 0.861496 0.921139 0.886527 0.936142 0.949723 0.967979 0.904226 0.964967 0.945915 0.951549 0.953457 0.957587 0.000000 0.956495 0.921935 0.900503 0.956621 0.812253 0.974123 0.964806 0.995891 0.996342 0.959930 0.984244 0.905927 0.968845 0.960295 0.867613 0.865159 0.933516 0.741930 0.985699 0.995733 0.896430 0.875712 0.955178 0.891160 0.927466 0.909661 0.941969 0.877431 0.866333 0.901010 0.923267 0.925151 0.886618 0.843414 0.999618 0.998149 0.921176 0.968846 0.995377 0.942067 0.959613 0.976174 0.997977 0.995976 0.889667 0.970650 0.996757 0.940825 0.945555 0.941647 0.918690 0.713522 0.836032 0.883017 0.911453 0.802526 0.975160 0.953387 0.950947 0.925030 0.946101 0.917561 0.989426 0.996437 0.892768 0.933760 0.953804 0.963551 0.900053 0.935994 0.949783 0.995201 0.999304 0.918592 0.736125 0.959705 0.968790 0.979375 0.933155 0.956433 0.992709 0.835993 0.843350 0.998789 0.882207 0.971201 0.982525 0.934904 0.972292 0.785265 0.935815 0.951568 0.954917 0.937246
0.870209 0.947708 0.620913 0.418606 0.737313 0.826667 0.767502 0.633499 0.640361 0.874215 0.894858 0.755747 0.563886 0.461991 0.546504 0.411665 0.947590 0.916551 0.675282 0.806656 0.779085 0.956495 0.000000 0.444859 0.637813 0.711200 0.967327 0.958865 0.900998 0.842855 0.570854 0.479615 0.641422 0.826659 0.958647 0.821615 0.778171 0.970223 0.956496 0.932080 0.980808 0.799202 0.765485 0.728901 0.956322 0.999112 0.717814 0.882721 0.747429 0.827698 0.968961 0.976370 0.932113 0.972394 0.948995 0.893381 0.967483 0.988446 0.890884 0.900391 0.630194 0.594025 0.919733 0.831172 0.572309 0.558717 0.757529 0.779652 0.865159 0.935964 0.667690 0.688876 0.558693 0.835416 0.857793 0.947989 0.803672 0.783407 0.850790 0.951775 0.969462 0.985521 0.688165 0.886218 0.636599 0.512093 0.934681 0.958076 0.770526 0.714094 0.837353 0.902107 0.994412 0.943729 0.797615 0.999738 0.843986 0.824486 0.806550 0.744897 0.913619 0.989622 0.945295 0.719723 0.721564 0.666094 0.917691 0.838252 0.702453 0.899085 0.905581 0.965489 0.888289 0.933062 0.635125 0.888326
0.909870 0.815346 0.641480 0.576939 0.789923 0.602998 0.995664 0.880350 0.685701 0.871265 0.831239 0.939404 0.766407 0.684876 0.635955 0.537859 0.720177 0.763457 0.970311 0.969254 0.674723 0.921935 0.444859 0.000000 0.461818 0.457653 0.830926 0.830208 0.846490 0.894467 0.711192 0.659657 0.848226 0.936556 0.879430 0.820435 0.775303 0.957872 0.709304 0.881102 0.963319 0.856376 0.946109 0.960948 0.892982 0.863931 0.833502 0.988789 0.719202 0.760874 0.847692 0.854469 0.996285 0.899224 0.950815 0.929453 0.767640 0.741331 0.810979 0.907134 0.857292 0.710877 0.733523 0.784888 0.485017 0.470161 0.908587 0.818207 0.988946 0.884908 0.828153 0.890585 0.698035 0.893762 0.843780 0.920638 0.961572 0.922593 0.917823 0.977572 0.812199 0.982793 0.848775 0.936040 0.555378 0.388764 0.814573 0.720809 0.663546 0.685056 0.881487 0.920022 0.982662 0.985569 0.868815 0.930174 0.743203 0.937755 0.989352 0.945363 0.948959 0.955762 0.759645 0.967900 0.849766 0.801133 0.968804 0.995441 0.833730 0.873836 0.993471 0.806858 0.931808 0.972682 0.818606 0.883890
0.986751 0.951141 0.639253 0.712104 0.762679 0.761992 0.934428 0.972142 0.767711 0.768130 0.957670 0.959718 0.871120 0.805848 0.722226 0.697160 0.857891 0.838208 0.918291 0.933533 0.775179 0.900503 0.637813 0.461818 0.000000 0.508953 0.771818 0.791590 0.913625 0.933007 0.726988 0.670226 0.890741 0.995444 0.849907 0.949655 0.724077 0.793609 0.613814 0.808043 0.961243 0.903698 0.992811 0.945563 0.857442 0.822799 0.870072 0.969852 0.731531 0.794915 0.747147 0.782163 0.849837 0.761159 0.941021 0.999706 0.966662 0.846755 0.850148 0.971319 0.931617 0.847670 0.743785 0.780781 0.530174 0.584661 0.982762 0.869801 0.803480 0.990534 0.990891 0.933682 0.651211 0.760909 0.968525 0.955125 0.991963 0.826459 0.938497 0.912910 0.932227 0.858884 0.777586 0.899049 0.544800 0.382675 0.829688 0.715597 0.728520 0.686550 0.916669 0.771594 0.848874 0.849904 0.949955 0.974807 0.993230 0.897414 0.911855 0.912784 0.807980 0.820260 0.823655 0.987625 0.974355 0.879947 0.924071 0.900895 0.868250 0.927893 0.929119 0.767006 0.900735 0.852000 0.846870 0.989772
0.874564 0.782390 0.498406 0.581737 0.942145 0.588191 0.826535 0.818860 0.534116 0.962040 0.817207 0.822053 0.912400 0.844613 0.869938 0.787660 0.626660 0.633805 0.921917 0.914581 0.836031 0.956621 0.711200 0.457653 0.508953 0.000000 0.967821 0.821648 0.684150 0.694168 0.783263 0.861503 0.854151 0.987797 0.677859 0.999540 0.786513 0.970324 0.637270 0.874130 0.975163 0.876854 0.894823 0.989398 0.935465 0.975843 0.852945 0.925595 0.805354 0.861808 0.921857 0.877105 0.939624 0.967487 0.879890 0.977896 0.764285 0.646102 0.848829 0.873550 0.780260 0.662455 0.638785 0.653645 0.422160 0.397795 0.724424 0.682058 0.941936 0.802616 0.782789 0.785123 0.728915 0.898536 0.914905 0.965803 0.923228 0.964724 0.800938 0.969595 0.715138 0.911940 0.971292 0.833282 0.617444 0.475318 0.783556 0.765163 0.715497 0.744906 0.713411 0.874325 0.741396 0.841144 0.840018 0.963915 0.745958 0.962697 0.847994 0.894873 0.925214 0.996573 0.826153 0.982222 0.836178 0.857956 0.905444 0.920061 0.936669 0.922992 0.943712 0.873421 0.998122 0.994715 0.952789 0.864323
0.918675 0.971287 0.899779 0.904518 0.862721 0.965970 0.687521 0.798672 0.878091 0.799769 0.971562 0.991013 0.961069 0.935779 0.851592 0.960675 0.970816 0.960542 0.958649 0.903488 0.932101 0.812253 0.967327 0.830926 0.771818 0.967821 0.000000 0.872485 0.979844 0.951137 0.847929 0.954053 0.821734 0.891685 0.954412 0.867775 0.938984 0.787615 0.994646 0.893435 0.914774 0.873668 0.828137 0.877837 0.685258 0.750100 0.935400 0.939846 0.852048 0.917693 0.761494 0.826100 0.682387 0.668949 0.970959 0.962039 0.921317 0.921043 0.871367 0.965142 0.755048 0.790644 0.914853 0.891260 0.934732 0.921406 0.656182 0.713656 0.814130 0.917905 0.819209 0.787451 0.993377 0.880040 0.999537 0.922831 0.845282 0.952132 0.949481 0.975423 0.960526 0.802717 0.823937 0.818117 0.804852 0.811851 0.989425 0.614581 0.907645 0.727940 0.740447 0.783105 0.714311 0.860633 0.883330 0.976680 0.988438 0.896270 0.756295 0.884360 0.682140 0.877817 0.926930 0.821673 0.950699 0.927108 0.888005 0.848322 0.869408 0.945719 0.732969 0.885224 0.879153 0.901321 0.881161 0.994074
0.809750 0.693428 0.926638 0.961962 0.891441 0.669543 0.631201 0.807938 0.994595 0.833722 0.745285 0.690719 0.851131 0.964306 0.842356 0.899437 0.726831 0.723859 0.721473 0.766557 0.984393 0.974123 0.958865 0.830208 0.791590 0.821648 0.872485 0.000000 0.722468 0.785600 0.907606 0.906876 0.785401 0.766723 0.881830 0.909386 0.885214 0.962842 0.845510 0.990577 0.984467 0.943312 0.806141 0.776166 0.735971 0.713611 0.827059 0.814885 0.748712 0.779247 0.775583 0.790496 0.934750 0.896020 0.962218 0.961250 0.718719 0.668669 0.620089 0.672312 0.703370 0.861316 0.637000 0.681586 0.859651 0.906622 0.706903 0.785615 0.966163 0.931872 0.978208 0.949162 0.962796 0.945779 0.872259 0.945202 0.757204 0.929961 0.800241 0.779930 0.725375 0.756761 0.895832 0.816126 0.998954 0.875430 0.931531 0.824499 0.965753 0.950547 0.972437 0.973633 0.924877 0.983797 0.887911 0.986677 0.885108 0.733839 0.823464 0.815469 0.893250 0.666361 0.740457 0.746045 0.838663 0.961052 0.961686 0.831537 0.912266 0.813169 0.926923 0.911332 0.833535 0.842690 0.938673 0.903517
0.474910 0.480511 0.929224 0.991322 0.992158 0.724009 0.837452 0.835719 0.928830 0.749278 0.387276 0.462280 0.692222 0.676969 0.841908 0.781898 0.311615 0.315568 0.467348 0.445051 0.883989 0.964806 0.900998 0.846490 0.913625 0.684150 0.979844 0.722468 0.000000 0.293844 0.748412 0.687211 0.579782 0.541354 0.853590 0.927355 0.971080 0.755399 0.880960 0.797713 0.992021 0.823067 0.855548 0.706680 0.849828 0.736835 0.699893 0.702675 0.715522 0.682181 0.808032 0.691659 0.938449 0.950873 0.947112 0.934559 0.465260 0.415997 0.566460 0.528098 0.705414 0.904074 0.388393 0.348174 0.698174 0.754187 0.901187 0.938736 0.538786 0.607354 0.920726 0.956219 0.746822 0.679142 0.887439 0.977414 0.861310 0.717330 0.537827 0.778800 0.401586 0.620899 0.554494 0.562959 0.971536 0.885598 0.826662 0.843155 0.839291 0.959857 0.715414 0.670752 0.596270 0.635788 0.942459 0.867948 0.948993 0.730649 0.861990 0.878498 0.975067 0.949843 0.570184 0.564044 0.919975 0.838186 0.978442 0.939391 0.975351 0.769891 0.965659 0.964022 0.802325 0.780744 0.782518 0.823213
0.448649 0.541492 0.934575 0.951660 0.959290 0.805398 0.833140 0.803398 0.815447 0.763281 0.366312 0.386002 0.643523 0.608546 0.795358 0.679588 0.299329 0.328655 0.515915 0.418835 0.893817 0.995891 0.842855 0.894467 0.933007 0.694168 0.951137 0.785600 0.293844 0.000000 0.655522 0.657174 0.586873 0.531110 0.890383 0.947317 0.982633 0.788137 0.932959 0.797698 0.938977 0.807314 0.910960 0.751049 0.943311 0.819597 0.697776 0.723337 0.806492 0.777589 0.883740 0.770622 0.989456 0.976453 0.995427 0.946694 0.562840 0.486699 0.563209 0.548772 0.672934 0.845972 0.361869 0.305125 0.666597 0.792964 0.880459 0.868749 0.491539 0.560217 0.891556 0.975146 0.725400 0.644216 0.794934 0.988303 0.858528 0.630679 0.542678 0.761520 0.384493 0.634277 0.521996 0.554917 0.965236 0.925222 0.816732 0.841039 0.803057 0.907992 0.648104 0.574600 0.529521 0.530210 0.941511 0.784013 0.917427 0.704953 0.954662 0.927021 0.972952 0.988381 0.631805 0.539757 0.879323 0.722781 0.943105 0.997383 0.888241 0.746944 0.988844 0.982664 0.951967 0.877147 0.710367 0.749882
0.803676 0.834524 0.599696 0.507762 0.817616 0.965386 0.537214 0.491531 0.671171 0.673758 0.648826 0.629920 0.656024 0.587660 0.762974 0.573567 0.758242 0.796038 0.608929 0.732216 0.910637 0.996342 0.570854 0.711192 0.726988 0.783263 0.847929 0.907606 0.748412 0.655522 0.000000 0.411817 0.475325 0.493983 0.926113 0.731936 0.859862 0.910376 0.818535 0.937402 0.913841 0.847322 0.687876 0.670425 0.776798 0.746629 0.624182 0.622530 0.951519 0.938253 0.887106 0.879669 0.826500 0.871568 0.964868 0.943555 0.880737 0.958538 0.698799 0.714492 0.433370 0.488968 0.725784 0.642617 0.830104 0.622841 0.550131 0.469634 0.816721 0.924055 0.675267 0.742892 0.700301 0.741663 0.779778 0.925353 0.741695 0.598407 0.777130 0.887142 0.795434 0.967457 0.660715 0.919253 0.915486 0.775528 0.977005 0.844384 0.841813 0.999316 0.930322 0.854614 0.982732 0.846215 0.900507 0.726927 0.908552 0.654296 0.736989 0.754184 0.642417 0.932356 0.902437 0.582220 0.650686 0.665456 0.869713 0.699210 0.751744 0.867752 0.763497 0.969256 0.848525 0.891423 0.608599 0.951279
0.787449 0.792932 0.669127 0.523726 0.844944 0.977310 0.675417 0.623865 0.727753 0.783910 0.694477 0.660128 0.699772 0.577063 0.677477 0.540608 0.770240 0.775706 0.555334 0.723863 0.820449 0.959930 0.479615 0.659657 0.670226 0.861503 0.954053 0.906876 0.687211 0.657174 0.411817 0.000000 0.509030 0.626808 0.922166 0.876448 0.825126 0.815193 0.901690 0.834158 0.944232 0.880184 0.654177 0.626757 0.825899 0.754172 0.639311 0.699042 0.994628 0.936560 0.859621 0.834538 0.872111 0.864936 0.967835 0.933388 0.785190 0.901451 0.765205 0.771762 0.615021 0.629182 0.765849 0.690315 0.839160 0.717806 0.731972 0.630626 0.781042 0.903336 0.757145 0.821092 0.785205 0.816540 0.888206 0.980290 0.803646 0.592093 0.754861 0.829665 0.791440 0.934458 0.619461 0.766049 0.831850 0.711058 0.967177 0.861447 0.891573 0.997036 0.969829 0.791017 0.883214 0.903998 0.950053 0.825161 0.913930 0.820705 0.751659 0.818662 0.806408 0.801751 0.827556 0.696938 0.710829 0.688187 0.897289 0.728185 0.766672 0.778348 0.862952 0.986363 0.777571 0.881320 0.554292 0.918160
0.593666 0.618554 0.663526 0.571250 0.928176 0.968784 0.433751 0.460119 0.695781 0.606405 0.533020 0.502738 0.550077 0.485915 0.753653 0.634678 0.562862 0.591824 0.457332 0.596832 0.996370 0.984244 0.641422 0.848226 0.890741 0.854151 0.821734 0.785401 0.579782 0.586873 0.475325 0.509030 0.000000 0.412298 0.891977 0.827387 0.818964 0.870083 0.997179 0.939707 0.862157 0.770510 0.578121 0.504562 0.583923 0.573548 0.472706 0.589005 0.766695 0.693867 0.672440 0.649954 0.704578 0.771598 0.905386 0.939621 0.616801 0.650496 0.561499 0.634263 0.369639 0.534974 0.525866 0.490085 0.908844 0.812314 0.483441 0.528803 0.683537 0.766649 0.638274 0.680417 0.653661 0.757309 0.793320 0.972429 0.680722 0.638726 0.620389 0.693776 0.575052 0.734142 0.577930 0.734878 0.759022 0.822827 0.987983 0.851461 0.918537 0.974371 0.857889 0.994950 0.949819 0.928196 0.780224 0.809675 0.855186 0.654143 0.534038 0.653615 0.687109 0.727606 0.675028 0.404064 0.726607 0.699625 0.988832 0.708012 0.880147 0.700013 0.617948 0.817690 0.688708 0.632638 0.560341 0.998899
0.575187 0.525437 0.739731 0.617343 0.940128 0.909569 0.416445 0.407408 0.784974 0.535616 0.428710 0.472174 0.746111 0.717610 0.994363 0.795301 0.506591 0.534122 0.458125 0.550508 0.835706 0.905927 0.826659 0.936556 0.995444 0.987797 0.891685 0.766723 0.541354 0.531110 0.493983 0.626808 0.412298 0.000000 0.925624 0.880295 0.915655 0.805633 0.983162 0.984198 0.943428 0.888415 0.584311 0.478267 0.613514 0.522731 0.464671 0.438669 0.723254 0.636185 0.718911 0.674602 0.837560 0.900036 0.969074 0.934067 0.550635 0.585019 0.406866 0.417716 0.412938 0.574520 0.466800 0.421723 0.963976 0.863914 0.484871 0.468883 0.666512 0.746138 0.832435 0.854183 0.820455 0.757093 0.879621 0.933224 0.647672 0.605335 0.540217 0.706927 0.593376 0.849177 0.672316 0.753451 0.958179 0.973543 0.828858 0.784254 0.917626 0.911950 0.963559 0.865820 0.926601 0.749529 0.854662 0.846734 0.949446 0.592803 0.627504 0.593808 0.569740 0.890456 0.585721 0.475323 0.724185 0.679834 0.953390 0.666677 0.919792 0.663231 0.679703 0.812805 0.681929 0.674223 0.597781 0.844078
0.993707 0.992920 0.741332 0.779911 0.785375 0.912365 0.816347 0.895082 0.689750 0.929271 0.996810 0.904970 0.881919 0.929977 0.992698 0.939998 0.878416 0.869712 0.982319 0.957830 0.943711 0.968845 0.958647 0.879430 0.849907 0.677859 0.954412 0.881830 0.853590 0.890383 0.926113 0.922166 0.891977 0.925624 0.000000 0.981520 0.997568 0.970987 0.850326 0.899042 0.992533 0.958667 0.824692 0.895218 0.794969 0.803614 0.780128 0.812597 0.937947 0.842330 0.897907 0.909690 0.848702 0.887856 0.802903 0.859985 0.982822 0.908152 0.930617 0.909494 0.863203 0.787993 0.894523 0.904791 0.720079 0.815536 0.708487 0.673060 0.977719 0.935366 0.922762 0.902363 0.925142 0.843388 0.855375 0.912826 0.891402 0.917542 0.954289 0.979851 0.939593 0.943717 0.911347 0.986287 0.837406 0.820179 0.951477 0.932054 0.726054 0.842197 0.813320 0.838751 0.814435 0.846180 0.881879 0.987340 0.755355 0.766677 0.807955 0.871747 0.960514 0.901092 0.862574 0.945521 0.892981 0.863147 0.801892 0.843628 0.936434 0.937223 0.945041 0.983311 0.757167 0.954339 0.858204 0.963696
0.967872 0.900623 0.814600 0.829688 0.888398 0.947702 0.788342 0.850231 0.836331 0.949566 0.976770 0.978762 0.964966 0.865065 0.966883 0.862862 0.980808 0.983442 0.946856 0.965537 0.895396 0.960295 0.821615 0.820435 0.949655 0.999540 0.867775 0.909386 0.927355 0.947317 0.731936 0.876448 0.827387 0.880295 0.981520 0.000000 0.969144 0.869507 0.999070 0.982105 0.822581 0.975829 0.797206 0.771141 0.772158 0.809020 0.831494 0.966886 0.925322 0.890446 0.875792 0.886257 0.734136 0.858184 0.942024 0.859439 0.972196 0.946575 0.831004 0.890068 0.771308 0.804883 0.996057 0.940769 0.833755 0.826429 0.761164 0.765888 0.851512 0.927124 0.888671 0.978745 0.991822 0.940194 0.920339 0.874986 0.844590 0.747786 0.943347 0.877403 0.925211 0.990351 0.923397 0.871365 0.915898 0.869632 0.873896 0.936678 0.793005 0.834542 0.878418 0.825619 0.900877 0.940198 0.868459 0.885138 0.989283 0.890921 0.881348 0.754013 0.873876 0.929354 0.936476 0.873328 0.929872 0.997647 0.915411 0.941872 0.937631 0.998614 0.765013 0.877798 0.997898 0.939004 0.781904 0.848403
0.741067 0.833002 0.789004 0.747957 0.998879 0.851422 0.994181 0.800244 0.754812 0.750316 0.956665 0.752513 0.806928 0.696511 0.781720 0.696990 0.956183 0.989865 0.687897 0.695644 0.897726 0.867613 0.778171 0.775303 0.724077 0.786513 0.938984 0.885214 0.971080 0.982633 0.859862 0.825126 0.818964 0.915655 0.997568 0.969144 0.000000 0.632742 0.744305 0.791991 0.668473 0.831794 0.653728 0.729155 0.888519 0.840917 0.659536 0.716989 0.871189 0.882942 0.896050 0.891498 0.895650 0.856773 0.804381 0.910179 0.807381 0.869323 0.975170 0.990958 0.890788 0.644440 0.819946 0.991260 0.852437 0.775069 0.953443 0.871129 0.725179 0.749828 0.743126 0.657916 0.719283 0.865718 0.886475 0.972221 0.757599 0.869843 0.903965 0.863390 0.911149 0.791698 0.788611 0.794694 0.704374 0.734451 0.849021 0.995891 0.769682 0.772787 0.874483 0.957035 0.992421 0.980035 0.949094 0.939195 0.764801 0.977382 0.737905 0.719847 0.998066 0.845333 0.940114 0.959920 0.901655 0.992234 0.844319 0.767348 0.786088 0.806409 0.964745 0.867361 0.997348 0.914927 0.954840 0.998461
0.640373 0.590853 0.992961 0.969150 0.874610 0.865326 0.937145 0.935367 0.984190 0.762012 0.765368 0.660351 0.934292 0.827473 0.988130 0.835840 0.763290 0.719475 0.648907 0.566790 0.751410 0.865159 0.970223 0.957872 0.793609 0.970324 0.787615 0.962842 0.755399 0.788137 0.910376 0.815193 0.870083 0.805633 0.970987 0.869507 0.632742 0.000000 0.827358 0.554717 0.787231 0.750301 0.771245 0.771437 0.904354 0.825848 0.678878 0.631624 0.747671 0.729681 0.853830 0.827350 0.921888 0.972541 0.844073 0.743540 0.563357 0.643671 0.966869 0.850463 0.958460 0.869435 0.956334 0.829176 0.907853 0.921689 0.812907 0.954353 0.655273 0.641114 0.938268 0.832060 0.893230 0.917710 0.909104 0.981260 0.998580 0.873436 0.840292 0.946832 0.667005 0.625491 0.745987 0.497438 0.847637 0.954524 0.989549 0.916880 0.945243 0.844161 0.924373 0.878192 0.797973 0.814367 0.906509 0.829164 0.908181 0.856257 0.882627 0.879936 0.944986 0.962430 0.686823 0.943528 0.973506 0.982792 0.927500 0.976032 0.894345 0.761310 0.932239 0.839332 0.986764 0.765075 0.999021 0.994171
