0.000000 0.155986 0.316828 0.278439 0.679490 0.543780 0.239755 0.190152 0.417017 0.334763 0.163269 0.138081 0.140148 0.236343 0.231492 0.228788 0.145077 0.128538 0.135917 0.144116 0.506472 0.872376 0.260038 0.463584 0.700114 0.674862 0.876382 0.863854 0.199543 0.148503 0.284710 0.354878 0.153238 0.159780 0.473039 0.641017 0.356300 0.409744 0.685969 0.646109 0.640817 0.512126 0.218932 0.187052 0.261501 0.199763 0.213562 0.208179 0.663386 0.352749 0.418265 0.316081 0.458245 0.520108 0.454637 0.481097 0.154922 0.145380 0.174121 0.175386 0.128700 0.167823 0.130175 0.130973 0.398129 0.276245 0.270600 0.265496 0.298973 0.187744 0.242543 0.254106 0.398210 0.391900 0.613167 0.578802 0.362916 0.297944 0.181434 0.182716 0.124843 0.173729 0.448806 0.322837 0.247337 0.445417 0.977214 0.866464 0.394666 0.491664 0.562007 0.667888 0.577864 0.780413 0.449350 0.457975 0.326342 0.540079 0.242332 0.239695 0.519294 0.616899 0.268374 0.273550 0.286783 0.292461 0.674476 0.584935 0.570809 0.367647 0.618029 0.328538 0.333084 0.478147 0.425300 0.968246
0.155986 0.000000 0.479787 0.407334 0.681276 0.592105 0.371137 0.249396 0.462371 0.374215 0.231146 0.132624 0.168001 0.183483 0.222713 0.220673 0.148064 0.124693 0.180662 0.165617 0.525992 0.909437 0.300799 0.453713 0.704307 0.764304 0.898018 0.909866 0.161291 0.166656 0.348444 0.406199 0.211230 0.236668 0.570714 0.632096 0.387561 0.463329 0.798055 0.683558 0.684208 0.439961 0.266359 0.230549 0.272977 0.226265 0.275599 0.235973 0.590722 0.389035 0.437429 0.343269 0.525499 0.599739 0.569428 0.575233 0.107984 0.096191 0.242056 0.232710 0.211183 0.213393 0.160090 0.126086 0.558486 0.431460 0.408030 0.381917 0.331233 0.232467 0.250704 0.271181 0.503032 0.507012 0.674820 0.584362 0.317342 0.288611 0.250977 0.220805 0.151659 0.213122 0.394554 0.326692 0.307066 0.462591 0.889108 0.843668 0.500628 0.529557 0.647112 0.720856 0.641936 0.870585 0.398307 0.496630 0.362294 0.458291 0.275578 0.255053 0.547382 0.737428 0.317840 0.278251 0.328916 0.323187 0.724010 0.610123 0.588009 0.439179 0.623848 0.363184 0.434424 0.413369 0.433210 0.877847
0.316828 0.479787 0.000000 0.135521 0.688840 0.540105 0.157647 0.229458 0.412704 0.385053 0.348523 0.376881 0.320523 0.452868 0.394075 0.383293 0.437330 0.391313 0.264223 0.331225 0.438531 0.840502 0.220616 0.413594 0.511977 0.391953 0.960700 0.919537 0.448715 0.340439 0.213168 0.335860 0.233377 0.259439 0.373911 0.673396 0.378988 0.465355 0.573026 0.577374 0.812312 0.658203 0.289759 0.293403 0.469713 0.426411 0.369170 0.315635 0.935034 0.569578 0.641592 0.538258 0.554384 0.486862 0.426784 0.539258 0.526891 0.502769 0.315369 0.327935 0.246246 0.344121 0.341289 0.386420 0.187217 0.175113 0.185686 0.222515 0.472230 0.304067 0.357868 0.391486 0.415779 0.418190 0.553812 0.776824 0.472289 0.440276 0.345073 0.447284 0.330119 0.283420 0.579085 0.371617 0.290594 0.417561 0.887578 0.937315 0.405594 0.457729 0.525092 0.605660 0.515646 0.687613 0.547181 0.597636 0.480232 0.697883 0.447389 0.407631 0.532704 0.453969 0.447153 0.343097 0.380131 0.398658 0.703745 0.611901 0.625698 0.439621 0.704971 0.571615 0.471438 0.668344 0.537998 0.966600
0.278439 0.407334 0.135521 0.000000 0.692663 0.475672 0.165563 0.163926 0.403681 0.304568 0.357840 0.290356 0.265751 0.338238 0.298126 0.282585 0.367415 0.325353 0.228530 0.277039 0.387916 0.774377 0.161212 0.328098 0.478708 0.383035 0.965992 0.971352 0.356223 0.264534 0.185031 0.265865 0.182833 0.199776 0.313912 0.611925 0.323426 0.445335 0.506384 0.576664 0.765453 0.569193 0.251458 0.257059 0.403097 0.368954 0.303900 0.250061 0.836616 0.501671 0.585106 0.467056 0.526485 0.486922 0.373797 0.490897 0.457549 0.417652 0.286541 0.290823 0.233618 0.277310 0.289953 0.298321 0.213072 0.176629 0.174984 0.186680 0.464641 0.278613 0.296665 0.364115 0.447042 0.518715 0.523094 0.714504 0.402871 0.402712 0.276390 0.388075 0.246438 0.200284 0.473431 0.274498 0.229206 0.322165 0.895785 0.975176 0.389400 0.370234 0.496775 0.574319 0.467970 0.678543 0.487363 0.509015 0.418718 0.644944 0.385812 0.312678 0.490899 0.480655 0.364075 0.300449 0.302642 0.322042 0.730564 0.608514 0.621720 0.416410 0.638551 0.467335 0.428958 0.537294 0.534309 0.938406
0.679490 0.681276 0.688840 0.692663 0.000000 0.797356 0.634748 0.605990 0.783194 0.667506 0.752470 0.702738 0.641078 0.703347 0.697942 0.660081 0.726112 0.708024 0.645605 0.763523 0.713242 0.907936 0.654568 0.724765 0.994897 0.997377 0.887771 0.854931 0.681232 0.734937 0.815631 0.882117 0.651970 0.705574 0.791009 0.802013 0.841726 0.665692 0.905109 0.790458 0.835474 0.680390 0.593147 0.612692 0.619713 0.652686 0.686614 0.662624 0.817181 0.764498 0.648100 0.642078 0.732505 0.652431 0.816569 0.849709 0.670440 0.718360 0.640980 0.656895 0.618022 0.617431 0.653508 0.643995 0.718650 0.674430 0.663230 0.655635 0.789830 0.732796 0.566063 0.661353 0.937988 0.928747 0.866314 0.952900 0.753356 0.799982 0.793852 0.791009 0.701354 0.738716 0.671371 0.716964 0.680409 0.722461 0.930551 0.940777 0.834116 0.746820 0.690752 0.672261 0.729386 0.756723 0.964129 0.811588 0.760433 0.838307 0.671381 0.610687 0.684536 0.703655 0.570575 0.583111 0.585071 0.728923 0.831850 0.719117 0.828765 0.892154 0.727959 0.727311 0.717635 0.681643 0.778923 0.935724
0.543780 0.592105 0.540105 0.475672 0.797356 0.000000 0.446109 0.408819 0.579165 0.435413 0.580137 0.519754 0.530510 0.619577 0.594014 0.571211 0.584284 0.540000 0.549249 0.538445 0.728393 0.875903 0.553705 0.755424 0.860687 0.600240 0.964698 0.816875 0.572999 0.561912 0.583488 0.635181 0.510698 0.525922 0.624071 0.826347 0.631559 0.846408 0.815714 0.743883 0.800650 0.589366 0.428385 0.519183 0.499418 0.513438 0.427671 0.497878 0.798614 0.700236 0.646673 0.581128 0.635713 0.663907 0.667586 0.615779 0.609901 0.621188 0.557100 0.580729 0.527627 0.555314 0.527186 0.535484 0.622049 0.522506 0.435465 0.446541 0.724622 0.596275 0.464602 0.482850 0.696193 0.773481 0.753162 0.783786 0.589210 0.591550 0.521547 0.658751 0.499970 0.527972 0.789895 0.577705 0.568781 0.732645 0.844772 0.791141 0.726350 0.689852 0.411690 0.478894 0.374875 0.602630 0.667037 0.700299 0.480776 0.723627 0.437956 0.433424 0.498644 0.508175 0.580242 0.467232 0.498401 0.487590 0.874140 0.599161 0.774483 0.596708 0.771855 0.525491 0.461120 0.689827 0.616138 0.960640
0.239755 0.371137 0.157647 0.165563 0.634748 0.446109 0.000000 0.133265 0.353044 0.231914 0.270736 0.279781 0.250954 0.366261 0.340425 0.332295 0.310755 0.282028 0.174254 0.267893 0.446630 0.830772 0.236368 0.502838 0.715220 0.575592 0.880292 0.844518 0.348041 0.271034 0.253723 0.345212 0.187801 0.177677 0.397723 0.656017 0.413603 0.452030 0.609435 0.570325 0.712938 0.543149 0.217752 0.189185 0.313223 0.300892 0.307137 0.234576 0.869650 0.546712 0.542853 0.456354 0.529929 0.438275 0.422935 0.588964 0.369491 0.383399 0.214353 0.273674 0.168333 0.284667 0.230922 0.272552 0.276979 0.193495 0.132748 0.144427 0.431654 0.289141 0.268030 0.267909 0.422093 0.451418 0.535263 0.697215 0.402596 0.335918 0.307815 0.390223 0.242257 0.247542 0.538032 0.370408 0.302974 0.489345 0.949675 0.795841 0.413731 0.552487 0.443089 0.491377 0.424882 0.595662 0.516492 0.513893 0.387863 0.606204 0.301824 0.276998 0.446960 0.352328 0.337151 0.251577 0.314228 0.300647 0.698429 0.533264 0.553612 0.372554 0.559914 0.418823 0.339450 0.507522 0.492549 0.939154
0.190152 0.249396 0.229458 0.163926 0.605990 0.408819 0.133265 0.000000 0.343735 0.187519 0.268378 0.176327 0.179229 0.241180 0.236436 0.224781 0.221035 0.198442 0.164945 0.200232 0.428701 0.799347 0.189909 0.407391 0.680133 0.592860 0.855804 0.921791 0.246448 0.189172 0.262886 0.321074 0.151365 0.142218 0.378535 0.574275 0.374413 0.409059 0.656082 0.560089 0.652600 0.494500 0.183540 0.179156 0.242836 0.240898 0.257828 0.208047 0.730755 0.445021 0.450679 0.358254 0.463681 0.438394 0.441852 0.535115 0.276111 0.267877 0.220884 0.246062 0.158692 0.183923 0.180287 0.160385 0.328267 0.217712 0.162713 0.176580 0.433919 0.244095 0.220905 0.270169 0.441802 0.517693 0.582719 0.620461 0.325294 0.265100 0.219998 0.339747 0.161821 0.179223 0.425504 0.297747 0.245857 0.403295 0.984901 0.834403 0.419840 0.449287 0.369098 0.437496 0.360074 0.583180 0.420839 0.391321 0.311600 0.507316 0.211567 0.171313 0.359444 0.432862 0.271531 0.191872 0.221531 0.262696 0.680953 0.477468 0.556005 0.354653 0.531091 0.335545 0.308950 0.404446 0.457068 0.947229
0.417017 0.462371 0.412704 0.403681 0.783194 0.579165 0.353044 0.343735 0.000000 0.357516 0.401447 0.385148 0.394888 0.481341 0.475126 0.428678 0.448921 0.427945 0.401338 0.376410 0.665804 0.959957 0.409898 0.633180 0.726803 0.707711 0.943167 0.825180 0.437027 0.404950 0.429492 0.531583 0.387520 0.397910 0.552534 0.738466 0.488213 0.563801 0.844838 0.778097 0.793334 0.735097 0.413691 0.396145 0.454010 0.463039 0.453699 0.440388 0.880668 0.623788 0.612714 0.544637 0.677419 0.653340 0.644943 0.699732 0.451090 0.475777 0.457392 0.464762 0.345072 0.356159 0.431052 0.433325 0.431971 0.377815 0.409347 0.407051 0.438883 0.453939 0.405792 0.502859 0.366825 0.383438 0.712216 0.628594 0.468959 0.394002 0.527224 0.507432 0.436644 0.465356 0.657344 0.575991 0.512605 0.666156 0.960377 0.715176 0.647807 0.681994 0.541598 0.541781 0.534009 0.605138 0.606113 0.543120 0.604302 0.804901 0.379634 0.396266 0.507521 0.515119 0.516532 0.370978 0.482461 0.486384 0.762268 0.582656 0.665321 0.542572 0.514027 0.549291 0.439936 0.693138 0.584872 0.889085
0.334763 0.374215 0.385053 0.304568 0.667506 0.435413 0.231914 0.187519 0.357516 0.000000 0.320681 0.285195 0.322314 0.365851 0.365718 0.348901 0.300999 0.306282 0.293423 0.342070 0.550416 0.779141 0.354734 0.575303 0.854303 0.676717 0.852533 0.926810 0.345352 0.291066 0.394190 0.426817 0.281583 0.266267 0.419988 0.644629 0.508930 0.522021 0.740401 0.628039 0.745187 0.495035 0.316524 0.315702 0.360116 0.382003 0.442211 0.344068 0.847894 0.594124 0.561409 0.475969 0.600932 0.532138 0.573734 0.616786 0.384955 0.416021 0.353604 0.398122 0.289301 0.300366 0.317254 0.286879 0.455690 0.310468 0.288985 0.309720 0.456547 0.337452 0.343044 0.357435 0.407734 0.506216 0.611450 0.551589 0.401978 0.291980 0.378698 0.422142 0.273272 0.313986 0.552296 0.402153 0.449506 0.615691 0.966146 0.739673 0.572361 0.643612 0.404280 0.420539 0.376878 0.526062 0.550621 0.421156 0.414890 0.576910 0.259734 0.247599 0.419658 0.396838 0.383888 0.251847 0.358665 0.357652 0.717884 0.501096 0.677611 0.459046 0.585260 0.413895 0.378711 0.432525 0.533648 0.983303
0.163269 0.231146 0.348523 0.357840 0.752470 0.580137 0.270736 0.268378 0.401447 0.320681 0.000000 0.160985 0.161816 0.245460 0.261241 0.232746 0.159525 0.146119 0.159573 0.161662 0.513159 0.944977 0.305406 0.472803 0.792733 0.722664 0.900138 0.849823 0.215623 0.155139 0.300728 0.332215 0.218670 0.192622 0.567898 0.691673 0.445326 0.477903 0.781849 0.647103 0.605016 0.550442 0.320783 0.259317 0.429735 0.367599 0.362511 0.320731 0.920573 0.584710 0.629483 0.540506 0.634978 0.698946 0.607417 0.684551 0.187223 0.236968 0.274659 0.322736 0.175817 0.251945 0.164481 0.189892 0.448540 0.309440 0.339973 0.374768 0.282656 0.265312 0.296847 0.295412 0.373544 0.381819 0.689858 0.586396 0.392065 0.264114 0.254690 0.222490 0.193315 0.248153 0.407635 0.384837 0.384373 0.575962 0.929963 0.801597 0.508038 0.682646 0.677473 0.768952 0.700279 0.852086 0.524898 0.582384 0.459045 0.628528 0.372132 0.354980 0.603914 0.592342 0.348069 0.293121 0.426499 0.361154 0.731219 0.671520 0.673227 0.431060 0.679556 0.438263 0.442840 0.532116 0.477641 0.999573
0.138081 0.132624 0.376881 0.290356 0.702738 0.519754 0.279781 0.176327 0.385148 0.285195 0.160985 0.000000 0.113287 0.129910 0.151166 0.134872 0.108688 0.084724 0.134292 0.119517 0.494835 0.844949 0.225049 0.373202 0.699973 0.704516 0.899120 0.971227 0.124113 0.091780 0.287421 0.302834 0.154447 0.162971 0.512552 0.642326 0.370011 0.436348 0.727995 0.600721 0.627728 0.470428 0.255362 0.209195 0.308993 0.261964 0.273108 0.244066 0.700435 0.453210 0.501384 0.402848 0.564095 0.610509 0.536842 0.605087 0.133174 0.139483 0.245727 0.252207 0.159266 0.157410 0.114851 0.092118 0.461051 0.306417 0.330745 0.329280 0.325534 0.206652 0.227331 0.267428 0.440617 0.488572 0.663398 0.541138 0.295639 0.219853 0.178212 0.205733 0.120065 0.165324 0.318989 0.271317 0.277580 0.418899 0.954930 0.873991 0.455754 0.529281 0.600391 0.687749 0.609025 0.833410 0.386305 0.458515 0.386602 0.492507 0.267677 0.232089 0.520263 0.640037 0.285481 0.227802 0.289699 0.303000 0.732917 0.598224 0.619555 0.377514 0.580480 0.343896 0.381896 0.404786 0.439784 0.950835
0.140148 0.168001 0.320523 0.265751 0.641078 0.530510 0.250954 0.179229 0.394888 0.322314 0.161816 0.113287 0.000000 0.132518 0.116759 0.125428 0.146478 0.123461 0.140429 0.160755 0.427929 0.860676 0.173484 0.311787 0.648631 0.669773 0.936741 0.922686 0.155487 0.117811 0.248318 0.301593 0.167235 0.169443 0.524955 0.655177 0.319412 0.374438 0.690568 0.608240 0.618026 0.475886 0.235869 0.192286 0.320221 0.276217 0.247876 0.217438 0.738139 0.461817 0.503846 0.396470 0.567794 0.586120 0.531157 0.605076 0.157526 0.168552 0.240666 0.260022 0.131513 0.166532 0.107697 0.107913 0.367717 0.279570 0.300926 0.314497 0.389394 0.256944 0.231989 0.284595 0.464969 0.483332 0.668945 0.571144 0.362820 0.262985 0.198686 0.236771 0.141698 0.185471 0.308000 0.287066 0.220107 0.359707 0.968139 0.948875 0.432688 0.455676 0.614748 0.698967 0.618271 0.836327 0.402688 0.461231 0.393480 0.502214 0.303503 0.263346 0.539500 0.607512 0.261717 0.229383 0.293803 0.278329 0.701749 0.579964 0.594934 0.389277 0.605776 0.384187 0.418517 0.433664 0.432738 0.988990
0.236343 0.183483 0.452868 0.338238 0.703347 0.619577 0.366261 0.241180 0.481341 0.365851 0.245460 0.129910 0.132518 0.000000 0.115651 0.111739 0.179344 0.156624 0.200493 0.206808 0.454941 0.818302 0.195225 0.267922 0.661155 0.728191 0.916628 0.951350 0.138701 0.132645 0.289080 0.287151 0.216345 0.217253 0.531749 0.647742 0.372727 0.433098 0.712258 0.596815 0.657454 0.463128 0.312190 0.260945 0.385465 0.352149 0.314179 0.267417 0.711471 0.521695 0.554944 0.473619 0.623650 0.666109 0.576270 0.672732 0.185978 0.198272 0.318233 0.340416 0.216721 0.219441 0.151205 0.122220 0.464716 0.361215 0.382648 0.388133 0.456008 0.321484 0.295859 0.379329 0.569840 0.644000 0.731769 0.606397 0.348075 0.262474 0.248959 0.292582 0.192307 0.219812 0.231968 0.310086 0.258951 0.329954 0.939820 0.964523 0.519352 0.484581 0.710281 0.791956 0.709374 0.944314 0.405553 0.500740 0.485099 0.456225 0.378798 0.307054 0.567123 0.709007 0.287079 0.278737 0.328644 0.320056 0.792823 0.643626 0.651854 0.455053 0.592610 0.406279 0.500425 0.437288 0.468921 0.982421
0.231492 0.222713 0.394075 0.298126 0.697942 0.594014 0.340425 0.236436 0.475126 0.365718 0.261241 0.151166 0.116759 0.115651 0.000000 0.121932 0.208826 0.181586 0.220269 0.234998 0.414121 0.803180 0.170847 0.278192 0.613334 0.649965 0.987400 0.991181 0.198137 0.154537 0.275133 0.309282 0.224521 0.235494 0.526160 0.703598 0.315841 0.424160 0.718218 0.571449 0.652530 0.492486 0.303235 0.246025 0.376369 0.336542 0.315427 0.255610 0.712868 0.487423 0.537383 0.426455 0.597765 0.605548 0.533436 0.621398 0.228360 0.221508 0.328025 0.331547 0.206053 0.203927 0.177337 0.150553 0.383517 0.319032 0.381575 0.386831 0.481426 0.323454 0.290760 0.349186 0.531636 0.601499 0.711721 0.606634 0.374940 0.283786 0.246899 0.298509 0.200302 0.218645 0.298449 0.314621 0.231530 0.316374 0.881679 0.914778 0.442780 0.407249 0.668012 0.739893 0.662500 0.895842 0.391890 0.453725 0.454670 0.511990 0.354476 0.295064 0.573109 0.675002 0.293655 0.275666 0.313141 0.321937 0.720575 0.584710 0.654424 0.462232 0.652638 0.397739 0.480745 0.450223 0.479387 0.975085
0.228788 0.220673 0.383293 0.282585 0.660081 0.571211 0.332295 0.224781 0.428678 0.348901 0.232746 0.134872 0.125428 0.111739 0.121932 0.000000 0.185948 0.155305 0.187208 0.199143 0.428066 0.834177 0.160773 0.256764 0.607286 0.654421 0.973194 0.990829 0.148168 0.127538 0.256516 0.261425 0.193392 0.200797 0.534108 0.700097 0.338348 0.435965 0.655038 0.525388 0.663813 0.452402 0.291918 0.239115 0.401814 0.349615 0.302489 0.265921 0.768067 0.518785 0.575874 0.479902 0.625926 0.650477 0.566437 0.651610 0.214902 0.216559 0.311211 0.329178 0.193882 0.194509 0.160993 0.127339 0.403649 0.295891 0.347408 0.366579 0.403548 0.291630 0.268282 0.328465 0.522126 0.618561 0.692577 0.588412 0.360825 0.246345 0.228708 0.267347 0.178840 0.194094 0.240629 0.260069 0.246903 0.295995 0.948815 0.946320 0.477840 0.434043 0.677374 0.756752 0.680384 0.902570 0.421475 0.463310 0.485648 0.510216 0.383199 0.316305 0.581064 0.644931 0.277578 0.255011 0.304348 0.299755 0.738014 0.682341 0.658033 0.460341 0.692883 0.427777 0.504472 0.445953 0.480149 0.988302
0.145077 0.148064 0.437330 0.367415 0.726112 0.584284 0.310755 0.221035 0.448921 0.300999 0.159525 0.108688 0.146478 0.179344 0.208826 0.185948 0.000000 0.092144 0.149725 0.146395 0.518248 0.835068 0.293689 0.455985 0.780194 0.773155 0.906021 0.906588 0.132970 0.112815 0.332891 0.324359 0.192973 0.161720 0.566349 0.678956 0.410519 0.484067 0.776035 0.623046 0.611437 0.471033 0.310045 0.237218 0.342371 0.300409 0.315122 0.286069 0.768751 0.498375 0.570858 0.448485 0.628224 0.659733 0.597333 0.644007 0.128049 0.143062 0.248355 0.264816 0.194093 0.208674 0.135027 0.118336 0.526738 0.355407 0.369961 0.359790 0.307507 0.218399 0.271356 0.279887 0.430969 0.469840 0.678872 0.518665 0.327418 0.246011 0.185680 0.178957 0.119600 0.179174 0.369579 0.307802 0.342092 0.496797 0.980057 0.848927 0.498660 0.608118 0.662231 0.720883 0.660830 0.828544 0.414437 0.470588 0.395134 0.482824 0.309307 0.257696 0.606738 0.654014 0.294388 0.258178 0.351783 0.307243 0.758158 0.633864 0.654843 0.389845 0.611251 0.347850 0.444462 0.368242 0.515220 0.869980
0.128538 0.124693 0.391313 0.325353 0.708024 0.540000 0.282028 0.198442 0.427945 0.306282 0.146119 0.084724 0.123461 0.156624 0.181586 0.155305 0.092144 0.000000 0.123222 0.113654 0.476166 0.870954 0.257214 0.415763 0.735442 0.740590 0.889742 0.932141 0.117605 0.096508 0.306623 0.317649 0.159354 0.160252 0.545576 0.678622 0.397825 0.461538 0.751107 0.599314 0.639666 0.462178 0.269426 0.203058 0.325914 0.264175 0.278177 0.245656 0.742988 0.474833 0.542195 0.424995 0.585645 0.622427 0.544887 0.624778 0.115488 0.125001 0.237276 0.243933 0.165610 0.190986 0.108970 0.095474 0.494486 0.338921 0.341191 0.344275 0.291338 0.206257 0.236574 0.237868 0.444389 0.469928 0.647066 0.575973 0.295866 0.220908 0.171510 0.177858 0.107410 0.159056 0.348597 0.281283 0.303804 0.457422 0.968040 0.832431 0.488362 0.562299 0.621439 0.698847 0.619619 0.829910 0.402443 0.468565 0.393912 0.502391 0.292557 0.248890 0.575772 0.645165 0.279479 0.251140 0.305206 0.297708 0.745104 0.661488 0.628785 0.385782 0.633803 0.342806 0.389517 0.382089 0.451688 0.933930
0.135917 0.180662 0.264223 0.228530 0.645605 0.549249 0.174254 0.164945 0.401338 0.293423 0.159573 0.134292 0.140429 0.200493 0.220269 0.187208 0.149725 0.123222 0.000000 0.133793 0.439025 0.842800 0.207775 0.395074 0.661145 0.660200 0.881931 0.842136 0.172450 0.129863 0.228707 0.276951 0.144686 0.128837 0.458777 0.633658 0.380032 0.416968 0.626883 0.577226 0.681584 0.472563 0.219401 0.166335 0.320059 0.278512 0.264895 0.195716 0.797870 0.470738 0.539983 0.428412 0.573971 0.551802 0.500340 0.656404 0.185476 0.201201 0.198067 0.217333 0.131161 0.210276 0.120951 0.138985 0.388029 0.254509 0.247418 0.242523 0.298533 0.202883 0.201260 0.225462 0.418628 0.438320 0.561751 0.600885 0.342440 0.259504 0.213908 0.210606 0.135137 0.163418 0.365235 0.288079 0.277104 0.432263 0.977017 0.833718 0.442516 0.558897 0.614904 0.701313 0.615060 0.813423 0.452611 0.500095 0.393724 0.512073 0.311265 0.271370 0.554455 0.562381 0.288554 0.237914 0.307111 0.282814 0.665475 0.629354 0.567236 0.368819 0.582553 0.363030 0.409333 0.449848 0.461587 0.963177
0.144116 0.165617 0.331225 0.277039 0.763523 0.538445 0.267893 0.200232 0.376410 0.342070 0.161662 0.119517 0.160755 0.206808 0.234998 0.199143 0.146395 0.113654 0.133793 0.000000 0.445000 0.868036 0.247350 0.385831 0.644777 0.643262 0.906368 0.900477 0.166695 0.118449 0.252882 0.260112 0.167287 0.158530 0.518314 0.651087 0.396237 0.487356 0.748392 0.651793 0.634477 0.551228 0.258445 0.219035 0.354399 0.286025 0.281882 0.264722 0.786365 0.467131 0.569033 0.461322 0.582360 0.631113 0.530107 0.606558 0.177606 0.177762 0.255909 0.251395 0.191537 0.213597 0.156301 0.149665 0.470572 0.325801 0.320963 0.321061 0.275326 0.214207 0.230256 0.260400 0.359638 0.391164 0.666079 0.583225 0.335869 0.240101 0.190404 0.178080 0.133880 0.155965 0.403519 0.308117 0.319995 0.465949 0.936984 0.850152 0.448406 0.579996 0.638638 0.736662 0.642602 0.867040 0.419938 0.529192 0.409921 0.590318 0.330251 0.288664 0.559698 0.652005 0.340434 0.285085 0.348080 0.303506 0.701514 0.668090 0.572797 0.367093 0.621442 0.385917 0.419268 0.450974 0.460655 0.950258
0.506472 0.525992 0.438531 0.387916 0.713242 0.728393 0.446630 0.428701 0.665804 0.550416 0.513159 0.494835 0.427929 0.454941 0.414121 0.428066 0.518248 0.476166 0.439025 0.445000 0.000000 0.781024 0.365254 0.425885 0.544000 0.594643 0.956833 0.967945 0.523126 0.463004 0.411402 0.522979 0.465819 0.417482 0.581012 0.772869 0.473998 0.477545 0.664577 0.647808 0.683197 0.638851 0.460565 0.432950 0.621935 0.565986 0.504889 0.454058 0.936196 0.650374 0.760540 0.683418 0.809175 0.681324 0.536877 0.725450 0.554267 0.519459 0.502018 0.528563 0.483200 0.518114 0.465007 0.457340 0.465128 0.513841 0.484535 0.506842 0.642225 0.559896 0.445816 0.497549 0.639832 0.750590 0.744339 0.838057 0.524995 0.496608 0.506343 0.526971 0.464375 0.424244 0.512887 0.508605 0.434987 0.531829 0.972294 0.988056 0.636811 0.538622 0.692755 0.740621 0.678170 0.861453 0.602001 0.590373 0.568911 0.734057 0.651003 0.517592 0.726476 0.657860 0.480374 0.462233 0.486012 0.431837 0.819968 0.695853 0.574438 0.602108 0.814778 0.650332 0.600002 0.649297 0.602634 0.875458
0.872376 0.909437 0.840502 0.774377 0.907936 0.875903 0.830772 0.799347 0.959957 0.779141 0.944977 0.844949 0.860676 0.818302 0.803180 0.834177 0.835068 0.870954 0.842800 0.868036 0.781024 0.000000 0.756542 0.808123 0.964702 0.896285 0.903980 0.990461 0.809172 0.818283 0.822777 0.766210 0.826995 0.817830 0.837578 0.793752 0.771123 0.774895 0.888128 0.790242 0.878327 0.821420 0.777330 0.805645 0.840347 0.881950 0.923152 0.872567 0.869998 0.902121 0.924312 0.840918 0.900888 0.779848 0.849045 0.942224 0.930154 0.951568 0.878466 0.939131 0.893571 0.909461 0.887590 0.864732 0.850396 0.849164 0.820614 0.838414 0.956038 0.842452 0.802627 0.848319 0.862892 0.941800 0.853652 0.742966 0.873996 0.851663 0.844926 0.828484 0.863665 0.847231 0.826461 0.813026 0.831648 0.801261 0.967466 0.809504 0.834620 0.860752 0.917025 0.943581 0.915484 0.904847 0.819988 0.778180 0.935191 0.886782 0.814547 0.779220 0.809447 0.765393 0.827664 0.715065 0.821251 0.745486 0.997722 0.854547 0.956367 0.881671 0.859296 0.851087 0.890733 0.858209 0.827008 0.932179
0.260038 0.300799 0.220616 0.161212 0.654568 0.553705 0.236368 0.189909 0.409898 0.354734 0.305406 0.225049 0.173484 0.195225 0.170847 0.160773 0.293689 0.257214 0.207775 0.247350 0.365254 0.756542 0.000000 0.206873 0.455652 0.458285 0.986182 0.961541 0.245573 0.205744 0.156107 0.218283 0.179071 0.195688 0.401634 0.602435 0.275225 0.382793 0.547892 0.537516 0.768786 0.476232 0.250542 0.234193 0.403256 0.354682 0.284419 0.238918 0.800835 0.513624 0.581476 0.462525 0.541309 0.535314 0.438525 0.574311 0.343043 0.326709 0.298580 0.310682 0.194771 0.233561 0.209594 0.214745 0.237091 0.205473 0.245588 0.266878 0.467158 0.304675 0.261023 0.366311 0.481553 0.575601 0.651990 0.714825 0.393174 0.324751 0.266572 0.343277 0.204847 0.185218 0.321466 0.241221 0.154818 0.210770 0.949682 0.887846 0.376614 0.347593 0.624734 0.712383 0.603185 0.851780 0.419844 0.450973 0.446024 0.554617 0.405946 0.329824 0.528447 0.595305 0.326082 0.267825 0.333715 0.279631 0.726934 0.597592 0.628535 0.475016 0.675868 0.462308 0.486485 0.531812 0.457602 0.988890
0.463584 0.453713 0.413594 0.328098 0.724765 0.755424 0.502838 0.407391 0.633180 0.575303 0.472803 0.373202 0.311787 0.267922 0.278192 0.256764 0.455985 0.415763 0.395074 0.385831 0.425885 0.808123 0.206873 0.000000 0.383188 0.511418 0.991521 0.907191 0.352123 0.331048 0.298308 0.289967 0.343848 0.371647 0.532150 0.712131 0.408216 0.529474 0.583371 0.640523 0.855816 0.610776 0.485396 0.464179 0.651414 0.604713 0.485228 0.469640 0.890134 0.698627 0.788484 0.697278 0.752991 0.788840 0.603479 0.728122 0.505483 0.474652 0.544250 0.542395 0.420872 0.412982 0.376679 0.372901 0.412224 0.402537 0.491041 0.544921 0.625984 0.468608 0.445932 0.584906 0.620807 0.741600 0.804984 0.751862 0.543149 0.458896 0.419197 0.473316 0.370999 0.319441 0.309387 0.329773 0.299353 0.232966 0.853976 0.713379 0.508650 0.410384 0.862552 0.962569 0.845273 0.912827 0.515693 0.622245 0.674825 0.608301 0.669602 0.555787 0.706844 0.847903 0.534950 0.473065 0.506096 0.511027 0.872088 0.786579 0.740607 0.669996 0.804987 0.630322 0.751721 0.621238 0.642320 0.917310
0.700114 0.704307 0.511977 0.478708 0.994897 0.860687 0.715220 0.680133 0.726803 0.854303 0.792733 0.699973 0.648631 0.661155 0.613334 0.607286 0.780194 0.735442 0.661145 0.644777 0.544000 0.964702 0.455652 0.383188 0.000000 0.328936 0.882345 0.853384 0.713471 0.666778 0.423640 0.577872 0.621302 0.671690 0.559981 0.842545 0.533567 0.763080 0.541904 0.863648 0.906430 0.850460 0.696245 0.729867 0.859496 0.789280 0.631876 0.683703 0.973368 0.740105 0.957560 0.806140 0.877235 0.903984 0.656817 0.754054 0.844651 0.715484 0.767867 0.669256 0.712487 0.690306 0.742358 0.725079 0.506465 0.594572 0.718968 0.707558 0.725347 0.696834 0.666095 0.715376 0.607000 0.710310 0.800202 0.982285 0.717859 0.763132 0.679964 0.672161 0.650435 0.562581 0.738392 0.587638 0.528961 0.448218 0.964697 0.910522 0.706841 0.515196 0.935946 0.998950 0.865100 0.945408 0.697828 0.813380 0.793603 0.877356 0.872824 0.836443 0.954395 0.997835 0.911059 0.787293 0.724048 0.744070 0.887973 0.920915 0.778641 0.746239 0.958355 0.853488 0.894553 0.912532 0.810496 0.916954
0.674862 0.764304 0.391953 0.383035 0.997377 0.600240 0.575592 0.592860 0.707711 0.676717 0.722664 0.704516 0.669773 0.728191 0.649965 0.654421 0.773155 0.740590 0.660200 0.643262 0.594643 0.896285 0.458285 0.511418 0.328936 0.000000 0.794609 0.752636 0.736376 0.671757 0.400814 0.495233 0.557063 0.580321 0.374227 0.743224 0.553090 0.814360 0.537309 0.701845 0.977315 0.784438 0.555329 0.623513 0.742061 0.668428 0.521686 0.570314 0.884506 0.668544 0.811205 0.708225 0.645184 0.733580 0.519994 0.535243 0.878545 0.787345 0.612924 0.585225 0.626607 0.634634 0.711777 0.737352 0.349025 0.396921 0.500432 0.487377 0.719298 0.624543 0.697437 0.702786 0.550328 0.654304 0.684666 0.886080 0.678325 0.736278 0.654305 0.663081 0.607297 0.530275 0.809166 0.578830 0.469336 0.445967 0.974525 0.862564 0.549498 0.452512 0.800974 0.874384 0.729481 0.943498 0.677756 0.784061 0.691578 0.864311 0.765080 0.682713 0.795489 0.820569 0.803821 0.643611 0.713324 0.690807 0.801407 0.809001 0.831397 0.703284 0.966838 0.775828 0.744601 0.936139 0.632401 0.986861
0.876382 0.898018 0.960700 0.965992 0.887771 0.964698 0.880292 0.855804 0.943167 0.852533 0.900138 0.899120 0.936741 0.916628 0.987400 0.973194 0.906021 0.889742 0.881931 0.906368 0.956833 0.903980 0.986182 0.991521 0.882345 0.794609 0.000000 0.882064 0.952208 0.913576 0.930267 0.937815 0.918666 0.932922 0.915217 0.920184 0.955410 0.860933 0.911385 0.907584 0.815378 0.973022 0.988984 0.989915 0.918548 0.919064 0.983608 0.941955 0.978402 0.959900 0.852336 0.950531 0.958599 0.953056 0.944750 0.974028 0.900789 0.950304 0.931567 0.950524 0.891698 0.858621 0.883460 0.868728 0.973704 0.962463 0.927266 0.940907 0.943255 0.987325 0.939952 0.896801 0.944790 0.967362 0.986252 0.865179 0.937121 0.831850 0.963768 0.961166 0.910183 0.904777 0.916465 0.974713 0.972306 0.977507 0.976155 0.903989 0.901960 0.920910 0.756697 0.797425 0.815467 0.799977 0.935175 0.867401 0.903722 0.900866 0.829387 0.866607 0.924197 0.998831 0.840623 0.991316 0.785475 0.984176 0.912990 0.911146 0.804021 0.763635 0.851176 0.916831 0.814951 0.992775 0.992640 0.892704
0.863854 0.909866 0.919537 0.971352 0.854931 0.816875 0.844518 0.921791 0.825180 0.926810 0.849823 0.971227 0.922686 0.951350 0.991181 0.990829 0.906588 0.932141 0.842136 0.900477 0.967945 0.990461 0.961541 0.907191 0.853384 0.752636 0.882064 0.000000 0.949622 0.934160 0.964151 0.997993 0.952600 0.883721 0.945671 0.982544 0.938976 0.914335 0.898768 0.854763 0.979154 0.966624 0.939495 0.927264 0.877433 0.907939 0.948770 0.892354 0.922152 0.882597 0.953613 0.893324 0.928996 0.843871 0.969704 0.941482 0.874614 0.928633 0.922929 0.930873 0.872936 0.927678 0.945400 0.958554 0.978415 0.970679 0.899835 0.943197 0.887985 0.908009 0.842884 0.840242 0.853082 0.784525 0.947828 0.989152 0.998567 0.967786 0.963420 0.884866 0.922031 0.953740 0.997225 0.958965 0.995969 0.907133 0.940073 0.949496 0.924866 0.945656 0.922610 0.910309 0.969302 0.879462 0.990529 0.907253 0.899078 0.861970 0.895945 0.984016 0.849653 0.883776 0.864683 0.960078 0.994991 0.887757 0.825235 0.968590 0.952851 0.980318 0.817514 0.943820 0.943695 0.938307 0.922597 0.950533
0.199543 0.161291 0.448715 0.356223 0.681232 0.572999 0.348041 0.246448 0.437027 0.345352 0.215623 0.124113 0.155487 0.138701 0.198137 0.148168 0.132970 0.117605 0.172450 0.166695 0.523126 0.809172 0.245573 0.352123 0.713471 0.736376 0.952208 0.949622 0.000000 0.118610 0.301580 0.280156 0.175600 0.184182 0.560660 0.689133 0.429679 0.537541 0.727529 0.600204 0.720288 0.456772 0.317227 0.257949 0.386683 0.333200 0.299932 0.259275 0.741201 0.526459 0.581931 0.466603 0.623362 0.655088 0.573755 0.645382 0.159384 0.184795 0.288370 0.306132 0.207317 0.215119 0.142373 0.130693 0.505025 0.349173 0.368805 0.372261 0.323745 0.238796 0.273751 0.345560 0.480923 0.531998 0.710632 0.573411 0.345905 0.245174 0.207517 0.215258 0.137109 0.187459 0.314016 0.273771 0.304213 0.393211 0.986944 0.917902 0.527644 0.532758 0.705957 0.766389 0.692899 0.916878 0.397049 0.527928 0.461333 0.502729 0.369902 0.291426 0.589742 0.654619 0.301150 0.252656 0.351408 0.322795 0.802341 0.742639 0.709349 0.449348 0.589252 0.427278 0.481411 0.358297 0.483016 0.933202
0.148503 0.166656 0.340439 0.264534 0.734937 0.561912 0.271034 0.189172 0.404950 0.291066 0.155139 0.091780 0.117811 0.132645 0.154537 0.127538 0.112815 0.096508 0.129863 0.118449 0.463004 0.818283 0.205744 0.331048 0.666778 0.671757 0.913576 0.934160 0.118610 0.000000 0.245737 0.236517 0.149785 0.142165 0.506333 0.684035 0.347051 0.468539 0.714976 0.589876 0.673471 0.498868 0.290038 0.222147 0.372065 0.305206 0.300955 0.244716 0.799284 0.492093 0.577762 0.459089 0.602076 0.622975 0.528408 0.603162 0.169640 0.173122 0.251924 0.266747 0.162440 0.177549 0.125123 0.106259 0.433271 0.284978 0.318370 0.328078 0.301203 0.201813 0.259672 0.289958 0.425383 0.464747 0.620564 0.555015 0.345091 0.222656 0.158152 0.184368 0.116876 0.144652 0.326617 0.251015 0.287023 0.393870 0.901719 0.939458 0.451554 0.543054 0.666603 0.747594 0.670506 0.877358 0.391600 0.490950 0.441042 0.518544 0.345154 0.276129 0.582861 0.631150 0.300965 0.250571 0.327102 0.280154 0.734128 0.685113 0.643747 0.357390 0.642231 0.380594 0.436283 0.407142 0.486599 0.982904
0.284710 0.348444 0.213168 0.185031 0.815631 0.583488 0.253723 0.262886 0.429492 0.394190 0.300728 0.287421 0.248318 0.289080 0.275133 0.256516 0.332891 0.306623 0.228707 0.252882 0.411402 0.822777 0.156107 0.298308 0.423640 0.400814 0.930267 0.964151 0.301580 0.245737 0.000000 0.192971 0.201926 0.218032 0.425732 0.671907 0.316146 0.492741 0.528282 0.618843 0.773550 0.596107 0.288195 0.271591 0.467144 0.409468 0.327168 0.287017 0.868376 0.566618 0.660386 0.547933 0.571973 0.596759 0.452508 0.569359 0.391532 0.373112 0.314307 0.328874 0.238435 0.304411 0.279451 0.299168 0.281925 0.223156 0.271733 0.288082 0.390886 0.316708 0.338025 0.373456 0.383538 0.459749 0.618013 0.729679 0.451951 0.362038 0.323210 0.312186 0.258098 0.228692 0.437225 0.305819 0.245909 0.329908 0.913903 0.989866 0.383502 0.458713 0.727984 0.815850 0.691598 0.902195 0.486961 0.579856 0.429166 0.633898 0.486071 0.434040 0.607001 0.573231 0.453209 0.362064 0.436826 0.334872 0.665910 0.687635 0.663983 0.460305 0.734333 0.542832 0.537926 0.574144 0.528795 0.981382
0.354878 0.406199 0.335860 0.265865 0.882117 0.635181 0.345212 0.321074 0.531583 0.426817 0.332215 0.302834 0.301593 0.287151 0.309282 0.261425 0.324359 0.317649 0.276951 0.260112 0.522979 0.766210 0.218283 0.289967 0.577872 0.495233 0.937815 0.997993 0.280156 0.236517 0.192971 0.000000 0.270541 0.227913 0.538044 0.693132 0.441912 0.637018 0.601161 0.615481 0.797999 0.658962 0.391220 0.346186 0.574716 0.516405 0.433863 0.347489 0.995535 0.687235 0.789932 0.679041 0.694855 0.709548 0.569884 0.699942 0.420869 0.432672 0.397043 0.433741 0.325112 0.378552 0.293358 0.321215 0.425663 0.305345 0.345971 0.375040 0.477376 0.349956 0.415845 0.462601 0.470160 0.556515 0.612582 0.661180 0.524453 0.368741 0.299112 0.326038 0.266646 0.241727 0.389939 0.281093 0.333638 0.344673 0.874197 0.900835 0.424620 0.543447 0.839087 0.950383 0.820253 0.948129 0.518778 0.633343 0.592652 0.651074 0.593890 0.491832 0.704240 0.695365 0.498451 0.407779 0.539156 0.408109 0.781366 0.858929 0.772945 0.514441 0.756135 0.581784 0.666979 0.552110 0.615147 0.931129
0.153238 0.211230 0.233377 0.182833 0.651970 0.510698 0.187801 0.151365 0.387520 0.281583 0.218670 0.154447 0.167235 0.216345 0.224521 0.193392 0.192973 0.159354 0.144686 0.167287 0.465819 0.826995 0.179071 0.343848 0.621302 0.557063 0.918666 0.952600 0.175600 0.149785 0.201926 0.270541 0.000000 0.134631 0.392349 0.595717 0.356684 0.430707 0.631048 0.532261 0.758322 0.503171 0.210711 0.185708 0.307214 0.243437 0.244380 0.220260 0.716429 0.465587 0.504798 0.405410 0.506962 0.502547 0.407429 0.477493 0.237005 0.222267 0.180594 0.215918 0.138505 0.188602 0.144893 0.154652 0.320585 0.203258 0.211980 0.208642 0.323067 0.172958 0.234954 0.272654 0.403258 0.470157 0.604828 0.664577 0.316676 0.258800 0.186685 0.225068 0.123021 0.129589 0.387109 0.235112 0.205266 0.327757 0.924317 0.922655 0.372746 0.437387 0.566078 0.619265 0.549048 0.760346 0.405945 0.469009 0.366908 0.526532 0.290388 0.240772 0.506112 0.482936 0.287975 0.200933 0.279913 0.310138 0.723832 0.608731 0.623988 0.380904 0.627451 0.363869 0.389667 0.403777 0.465911 0.997072
0.159780 0.236668 0.259439 0.199776 0.705574 0.525922 0.177677 0.142218 0.397910 0.266267 0.192622 0.162971 0.169443 0.217253 0.235494 0.200797 0.161720 0.160252 0.128837 0.158530 0.417482 0.817830 0.195688 0.371647 0.671690 0.580321 0.932922 0.883721 0.184182 0.142165 0.218032 0.227913 0.134631 0.000000 0.395942 0.615762 0.338820 0.432181 0.596440 0.535386 0.669860 0.484150 0.239685 0.198676 0.326485 0.285796 0.264249 0.221099 0.802013 0.479113 0.539340 0.436480 0.520473 0.528161 0.435552 0.562648 0.231279 0.228902 0.190614 0.234811 0.144167 0.196659 0.139647 0.150628 0.322282 0.201266 0.191303 0.199736 0.349540 0.191988 0.256775 0.268979 0.402468 0.491291 0.587573 0.620931 0.333930 0.250749 0.193113 0.221419 0.125179 0.139473 0.375504 0.259267 0.223310 0.362365 0.986560 0.917923 0.373093 0.486160 0.562467 0.641946 0.547420 0.757978 0.418869 0.459257 0.390714 0.505628 0.315989 0.247034 0.489327 0.500502 0.251316 0.209493 0.301697 0.278751 0.730038 0.589532 0.654227 0.400898 0.622903 0.352691 0.394001 0.395935 0.477436 0.965174
0.473039 0.570714 0.373911 0.313912 0.791009 0.624071 0.397723 0.378535 0.552534 0.419988 0.567898 0.512552 0.524955 0.531749 0.526160 0.534108 0.566349 0.545576 0.458777 0.518314 0.581012 0.837578 0.401634 0.532150 0.559981 0.374227 0.915217 0.945671 0.560660 0.506333 0.425732 0.538044 0.392349 0.395942 0.000000 0.562076 0.531456 0.580689 0.627162 0.729351 0.806014 0.604979 0.430479 0.485167 0.498348 0.470979 0.468942 0.435355 0.756191 0.523633 0.584015 0.505104 0.518097 0.553743 0.449552 0.507432 0.637713 0.584859 0.434615 0.423721 0.427953 0.442515 0.508468 0.503283 0.320329 0.330919 0.340700 0.353952 0.547968 0.460536 0.534495 0.574176 0.464032 0.596502 0.630435 0.813195 0.470141 0.567872 0.534714 0.565645 0.445906 0.395144 0.682793 0.502114 0.367399 0.449157 0.927967 0.945706 0.577648 0.484232 0.555402 0.612013 0.530047 0.665070 0.701567 0.643191 0.526996 0.595042 0.471674 0.422704 0.546061 0.679184 0.515576 0.476933 0.455635 0.487700 0.786332 0.622122 0.763824 0.653891 0.726130 0.465724 0.536657 0.741013 0.573718 0.982814
0.641017 0.632096 0.673396 0.611925 0.802013 0.826347 0.656017 0.574275 0.738466 0.644629 0.691673 0.642326 0.655177 0.647742 0.703598 0.700097 0.678956 0.678622 0.633658 0.651087 0.772869 0.793752 0.602435 0.712131 0.842545 0.743224 0.920184 0.982544 0.689133 0.684035 0.671907 0.693132 0.595717 0.615762 0.562076 0.000000 0.718855 0.531879 0.851612 0.709571 0.883276 0.713633 0.606131 0.676230 0.679911 0.698869 0.727977 0.629428 0.867820 0.761478 0.731005 0.658409 0.680144 0.710143 0.833314 0.835480 0.675911 0.670032 0.624597 0.627279 0.662056 0.661653 0.614175 0.631510 0.728072 0.710669 0.610050 0.600692 0.842975 0.667979 0.663127 0.753976 0.806046 0.899349 0.847301 0.721446 0.686342 0.729221 0.663077 0.729207 0.611154 0.644730 0.661500 0.692854 0.622859 0.673993 0.858238 0.890281 0.748056 0.669874 0.774182 0.790022 0.783001 0.806727 0.772303 0.637157 0.664525 0.609882 0.644962 0.663341 0.683759 0.761652 0.622081 0.566405 0.718288 0.693357 0.686560 0.687674 0.844522 0.786213 0.684259 0.693729 0.686627 0.831795 0.625275 0.930551
0.356300 0.387561 0.378988 0.323426 0.841726 0.631559 0.413603 0.374413 0.488213 0.508930 0.445326 0.370011 0.319412 0.372727 0.315841 0.338348 0.410519 0.397825 0.380032 0.396237 0.473998 0.771123 0.275225 0.408216 0.533567 0.553090 0.955410 0.938976 0.429679 0.347051 0.316146 0.441912 0.356684 0.338820 0.531456 0.718855 0.000000 0.377722 0.609018 0.631147 0.740190 0.517070 0.388361 0.370523 0.444871 0.408964 0.402560 0.353636 0.668208 0.465744 0.525271 0.440717 0.574049 0.590828 0.518897 0.511507 0.433410 0.399581 0.378450 0.391659 0.339909 0.352422 0.375323 0.358839 0.345138 0.380497 0.398550 0.406185 0.581177 0.401012 0.400341 0.410800 0.596067 0.618201 0.643447 0.691288 0.426473 0.440975 0.403661 0.430420 0.360910 0.343616 0.549615 0.360481 0.275002 0.353587 0.935812 0.846145 0.418084 0.403206 0.635355 0.715124 0.609162 0.754550 0.429119 0.577166 0.483542 0.547006 0.427675 0.423434 0.545151 0.645851 0.348442 0.424928 0.377752 0.354870 0.792330 0.579922 0.685032 0.581652 0.805759 0.530602 0.564972 0.639167 0.486962 0.898868
0.409744 0.463329 0.465355 0.445335 0.665692 0.846408 0.452030 0.409059 0.563801 0.522021 0.477903 0.436348 0.374438 0.433098 0.424160 0.435965 0.484067 0.461538 0.416968 0.487356 0.477545 0.774895 0.382793 0.529474 0.763080 0.814360 0.860933 0.914335 0.537541 0.468539 0.492741 0.637018 0.430707 0.432181 0.580689 0.531879 0.377722 0.000000 0.674854 0.662083 0.733290 0.561539 0.393893 0.418139 0.493469 0.470311 0.530154 0.474107 0.697749 0.517532 0.503823 0.482629 0.659394 0.543993 0.620495 0.697076 0.473406 0.475285 0.454367 0.453432 0.373407 0.416562 0.389948 0.392678 0.422845 0.470575 0.471336 0.495682 0.699446 0.509488 0.475750 0.548896 0.712562 0.718280 0.807543 0.789558 0.485313 0.519286 0.525596 0.534740 0.476129 0.495141 0.535651 0.521899 0.380323 0.506084 0.878017 0.967387 0.537582 0.572649 0.589559 0.650921 0.661432 0.724464 0.507289 0.456923 0.569339 0.594040 0.443729 0.469131 0.602585 0.635951 0.385338 0.421921 0.435000 0.435722 0.703283 0.552852 0.581973 0.584593 0.713103 0.581444 0.575487 0.693116 0.414613 0.957114
