0.000000 0.257124 0.703427 0.733316 0.847264 0.819392 0.954708 0.485003 0.911700 0.745592 0.395800 0.317256 0.532962 0.415445 0.877912 0.838153 0.412653 0.380315 0.423381 0.308178 0.944001 0.916107 0.805317 0.965668 0.744592 0.804764 0.910988 0.969561 0.389556 0.471688 0.870457 0.918533 0.834302 0.592295 0.788913 0.673015 0.798509 0.956323 0.937132 0.963589 0.794486 0.831140 0.863268 0.766236 0.990743 0.606077 0.785631 0.706470 0.281243 0.303719 0.284956 0.296252 0.334322 0.431337 0.661466 0.415326 0.385659 0.310427 0.381175 0.309359 0.696134 0.348199 0.477918 0.346230 0.640140 0.932911 0.623280 0.712835 0.471634 0.462129 0.729521 0.785890 0.582611 0.567589 0.881896 0.805912 0.547745 0.811027 0.763331 0.625846 0.420830 0.431417 0.684274 0.825173 0.784970 0.858062 0.818871 0.980841 0.939477 0.797889 0.943266 0.640049 0.702411 0.557302 0.938736 0.916023 0.889986 0.713649 0.723700 0.776069 0.777791 0.895649 0.624686 0.703408 0.813152 0.951696 0.891537 0.905396 0.957602 0.927402 0.915821 0.956596 0.594187 0.953175 0.987535 0.758795
0.257124 0.000000 0.714624 0.715643 0.808606 0.770154 0.918922 0.455266 0.890105 0.661736 0.439796 0.318041 0.604622 0.421844 0.873669 0.804914 0.367298 0.316568 0.357433 0.266667 0.943297 0.885659 0.861057 0.969361 0.789267 0.868928 0.926784 0.990461 0.361250 0.395634 0.989885 0.929031 0.751644 0.560449 0.799997 0.650333 0.857424 0.903456 0.920206 0.976371 0.814212 0.848854 0.889083 0.711931 0.997873 0.583069 0.742051 0.648724 0.284969 0.271108 0.269436 0.280468 0.347122 0.392312 0.605988 0.416892 0.313919 0.253932 0.492977 0.366688 0.789435 0.381047 0.475045 0.312617 0.594934 0.917235 0.558769 0.711593 0.479171 0.416018 0.864895 0.918884 0.519390 0.525110 0.785930 0.826213 0.523506 0.716958 0.679727 0.473004 0.304262 0.335498 0.675809 0.716000 0.816803 0.811880 0.802480 0.938444 0.980339 0.830874 0.954108 0.644543 0.671062 0.565839 0.938474 0.870647 0.914768 0.699051 0.754402 0.781472 0.768324 0.887978 0.607169 0.721004 0.779454 0.971766 0.880887 0.984194 0.969556 0.972056 0.926489 0.978688 0.641277 0.902085 0.962745 0.756339
0.703427 0.714624 0.000000 0.630463 0.780804 0.873937 0.518181 0.922019 0.745257 0.971020 0.721817 0.635897 0.956752 0.777282 0.762201 0.942154 0.858099 0.902893 0.808448 0.671954 0.889267 0.935076 0.546977 0.876824 0.566877 0.416309 0.976236 0.945317 0.750703 0.786407 0.552690 0.663869 0.622625 0.942170 0.566763 0.678983 0.729403 0.909588 0.858948 0.866755 0.966368 0.974156 0.522599 0.809803 0.673749 0.908916 0.883372 0.754713 0.770397 0.682572 0.828859 0.800042 0.861050 0.939156 0.954753 0.819584 0.695306 0.680034 0.763543 0.682533 0.806701 0.759067 0.865958 0.757855 0.350459 0.547247 0.493634 0.466553 0.652867 0.637446 0.821216 0.790748 0.827406 0.850409 0.974032 0.957152 0.804336 0.924357 0.933669 0.923986 0.883551 0.869107 0.949996 0.949756 0.632709 0.717389 0.823515 0.998306 0.796919 0.891318 0.630175 0.667161 0.536703 0.715532 0.822493 0.919791 0.833170 0.585846 0.817132 0.747665 0.935699 0.735116 0.927930 0.982009 0.826469 0.650210 0.826124 0.888755 0.968667 0.888193 0.675874 0.866833 0.961807 0.927561 0.660785 0.912333
0.733316 0.715643 0.630463 0.000000 0.978175 0.917966 0.729003 0.712988 0.979407 0.886571 0.868623 0.761577 0.622324 0.632116 0.685972 0.795843 0.716529 0.717843 0.740403 0.741022 0.975373 0.993674 0.680755 0.724424 0.855201 0.744190 0.881883 0.939542 0.838336 0.844099 0.891230 0.848585 0.610491 0.715416 0.942203 0.935928 0.894563 0.889922 0.991369 0.896782 0.978177 0.974331 0.952692 0.806356 0.909966 0.759988 0.894481 0.585852 0.785374 0.774225 0.654289 0.697025 0.656217 0.694931 0.751213 0.773394 0.776738 0.724104 0.704405 0.795169 0.642491 0.747904 0.808406 0.719953 0.689775 0.597906 0.944815 0.861246 0.819259 0.774106 0.901584 0.865847 0.962732 0.961918 0.830983 0.824399 0.958376 0.851749 0.721841 0.731026 0.730895 0.660231 0.634596 0.691215 0.544462 0.515481 0.891440 0.765962 0.696158 0.730381 0.847388 0.845897 0.997472 0.832128 0.902723 0.962760 0.747153 0.910828 0.807976 0.736716 0.936245 0.770250 0.771763 0.912967 0.709134 0.784664 0.816855 0.945152 0.930321 0.961097 0.840492 0.981195 0.830411 0.892202 0.943638 0.864327
0.847264 0.808606 0.780804 0.978175 0.000000 0.993660 0.896360 0.902402 0.862205 0.915631 0.843868 0.842082 0.974828 0.876550 0.882289 0.959404 0.783823 0.811878 0.720183 0.791470 0.898424 0.990878 0.862989 0.953312 0.979296 0.980349 0.964522 0.935649 0.876261 0.946224 0.975093 0.986658 0.987811 0.999958 0.912941 0.937419 0.963113 0.810708 0.898217 0.921999 0.984737 0.946286 0.839043 0.972678 0.968311 0.957527 0.841712 0.926035 0.875604 0.872101 0.897101 0.879326 0.894119 0.892572 0.775119 0.839594 0.848958 0.855842 0.962706 0.925543 0.884419 0.896589 0.956440 0.876994 0.754236 0.828317 0.836115 0.789847 0.758917 0.827536 0.853518 0.885153 0.831011 0.796797 0.887327 0.962657 0.778272 0.948354 0.980700 0.863247 0.801759 0.696020 0.886856 0.778579 0.904479 0.892871 0.969586 0.869770 0.899963 0.879538 0.841385 0.803061 0.827334 0.845274 0.907285 0.953162 0.999223 0.895137 0.969191 0.953293 0.949274 0.971269 0.972288 0.907990 0.864497 0.889789 0.987972 0.834614 0.924788 0.952676 0.852371 0.929152 0.912494 0.971952 0.856543 0.882151
0.819392 0.770154 0.873937 0.917966 0.993660 0.000000 0.986835 0.674220 0.933553 0.821778 0.849750 0.685919 0.734609 0.627218 0.761625 0.676142 0.900756 0.902842 0.870077 0.828773 0.822987 0.942788 0.982530 0.975771 0.753043 0.947460 0.990192 0.987418 0.718501 0.764700 0.944691 0.861018 0.812438 0.809667 0.871457 0.966905 0.833942 0.963748 0.957195 0.983474 0.810229 0.838483 0.910700 0.735539 0.941109 0.789818 0.963084 0.979406 0.807774 0.726684 0.773658 0.744343 0.902314 0.751770 0.900019 0.991530 0.931091 0.833888 0.905375 0.703395 0.854588 0.705231 0.755510 0.732851 0.883507 0.794073 0.881068 0.984690 0.860790 0.935354 0.987070 0.983306 0.981462 0.977928 0.768684 0.902576 0.779364 0.824003 0.982426 0.894035 0.875601 0.849834 0.896977 0.863212 0.974558 0.882743 0.982087 0.900083 0.886822 0.930917 0.923742 0.850496 0.972445 0.948139 0.985935 0.960661 0.982018 0.861546 0.937332 0.907835 0.790552 0.934455 0.999173 0.942292 0.893115 0.979548 0.998566 0.817571 0.809588 0.754986 0.909064 0.971135 0.960087 0.947632 0.955967 0.946103
0.954708 0.918922 0.518181 0.729003 0.896360 0.986835 0.000000 0.562000 0.501967 0.545014 0.770523 0.943761 0.711404 0.944466 0.813183 0.921448 0.748904 0.815465 0.974823 0.941424 0.810829 0.920201 0.949432 0.753866 0.947218 0.822769 0.700127 0.856818 0.832279 0.815057 0.743934 0.705597 0.520931 0.613944 0.732179 0.811911 0.973221 0.990242 0.969717 0.953738 0.884021 0.885933 0.371555 0.489422 0.383507 0.611355 0.778105 0.606469 0.995133 0.805429 0.981206 0.894939 0.903888 0.991648 0.942276 0.964235 0.964192 0.831199 0.913740 0.881180 0.428770 0.780477 0.709307 0.839571 0.641862 0.501853 0.423326 0.345763 0.698483 0.703767 0.904280 0.700990 0.974017 0.969923 0.942041 0.993097 0.921244 0.967364 0.799278 0.934741 0.929640 0.980805 0.967590 0.975063 0.805365 0.995931 0.939761 0.776986 0.955241 0.887247 0.492380 0.639693 0.554247 0.638362 0.841485 0.945182 0.708109 0.605177 0.457275 0.465874 0.619070 0.597612 0.772812 0.800793 0.837882 0.772768 0.736495 0.636942 0.894698 0.939038 0.582956 0.545435 0.695050 0.938970 0.712926 0.921215
0.485003 0.455266 0.922019 0.712988 0.902402 0.674220 0.562000 0.000000 0.705370 0.381858 0.336127 0.351986 0.495130 0.529654 0.830092 0.817766 0.355278 0.420113 0.544938 0.482592 0.734555 0.991242 0.786726 0.725868 0.562750 0.811746 0.813599 0.876418 0.354898 0.331510 0.951975 0.865182 0.608239 0.436958 0.881185 0.795660 0.778812 0.969020 0.850201 0.944585 0.914683 0.967730 0.737727 0.458569 0.646195 0.414409 0.753565 0.557966 0.477278 0.557564 0.476038 0.540639 0.645893 0.575887 0.860004 0.679704 0.521754 0.554035 0.516416 0.544436 0.426164 0.298612 0.310522 0.309185 0.796617 0.756427 0.990180 0.836309 0.889691 0.765725 0.904536 0.913855 0.682096 0.681288 0.715749 0.879505 0.577508 0.784707 0.690460 0.746719 0.480697 0.565128 0.786367 0.878009 0.895858 0.987038 0.876077 0.842051 0.928234 0.923482 0.722382 0.931958 0.977694 0.944661 0.939952 0.812609 0.792558 0.978821 0.480280 0.531262 0.536541 0.656154 0.629975 0.635691 0.793710 0.856713 0.975419 0.776785 0.922055 0.998701 0.709230 0.670296 0.551043 0.966738 0.874161 0.769832
0.911700 0.890105 0.745257 0.979407 0.862205 0.933553 0.501967 0.705370 0.000000 0.610882 0.884939 0.998342 0.896162 0.875235 0.837654 0.999491 0.847466 0.966247 0.927782 0.894335 0.940048 0.978671 0.943760 0.718918 0.901403 0.899006 0.736998 0.826467 0.898596 0.829269 0.651058 0.736663 0.822906 0.811913 0.838540 0.937586 0.904338 0.982274 0.910713 0.913145 0.832997 0.879702 0.492408 0.562176 0.521338 0.619673 0.851277 0.755875 0.986002 0.871859 0.997967 0.971420 0.955059 0.989028 0.828709 0.999742 0.961199 0.856355 0.945720 0.919840 0.680136 0.796976 0.825615 0.906564 0.806355 0.672417 0.621328 0.542841 0.761862 0.763423 0.894178 0.774684 0.897146 0.934379 0.972801 0.905854 0.907337 0.984544 0.993526 0.818983 0.995175 0.955112 0.905185 0.885207 0.971966 0.922612 0.856083 0.713313 0.964153 0.923342 0.725557 0.693903 0.681027 0.683114 0.821870 0.966639 0.886318 0.888408 0.613314 0.682461 0.638760 0.795979 0.955265 0.799505 0.825653 0.755465 0.774064 0.723629 0.977991 0.887252 0.702355 0.745482 0.730219 0.803515 0.765878 0.980337
0.745592 0.661736 0.971020 0.886571 0.915631 0.821778 0.545014 0.381858 0.610882 0.000000 0.486147 0.559286 0.776645 0.846337 0.988297 0.938117 0.468126 0.517708 0.788985 0.702379 0.849131 0.921205 0.656964 0.594348 0.651508 0.835980 0.664584 0.829881 0.481421 0.453373 0.867061 0.790736 0.676732 0.591288 0.950515 0.913876 0.961466 0.892610 0.914449 0.946077 0.964138 0.972137 0.642712 0.429711 0.502249 0.433639 0.776544 0.615854 0.643725 0.820768 0.689142 0.796161 0.831169 0.796337 0.862527 0.715954 0.625396 0.762285 0.762088 0.852503 0.567771 0.494556 0.525412 0.482872 0.791545 0.866310 0.897542 0.797863 0.928502 0.903387 0.957896 0.661125 0.687152 0.756182 0.818459 0.932278 0.693141 0.770265 0.749998 0.774017 0.590689 0.699569 0.915659 0.843802 0.894690 0.793509 0.964367 0.839649 0.842361 0.844007 0.731031 0.905850 0.948006 0.835746 0.970037 0.876000 0.779812 0.846586 0.464758 0.441679 0.672792 0.663032 0.738636 0.614575 0.918654 0.996999 0.839041 0.691394 0.839512 0.975677 0.792458 0.589467 0.634451 0.960820 0.958933 0.807732
0.395800 0.439796 0.721817 0.868623 0.843868 0.849750 0.770523 0.336127 0.884939 0.486147 0.000000 0.344612 0.583485 0.572172 0.959961 0.931093 0.347761 0.385146 0.513885 0.410518 0.738421 0.983203 0.556875 0.641292 0.523934 0.684365 0.860518 0.844037 0.310829 0.358315 0.865905 0.959089 0.751607 0.566439 0.801561 0.713273 0.767511 0.983409 0.865399 0.970921 0.913751 0.891557 0.926253 0.659615 0.794480 0.514990 0.807904 0.708907 0.423910 0.501880 0.474855 0.521700 0.578937 0.576043 0.740111 0.609620 0.447169 0.484696 0.431598 0.523463 0.573726 0.331560 0.332688 0.327735 0.560378 0.918257 0.830324 0.914976 0.698302 0.675408 0.735076 0.930223 0.579731 0.579645 0.826894 0.906184 0.597060 0.803248 0.670815 0.734317 0.485927 0.566573 0.907607 0.870217 0.942309 0.823411 0.780686 0.856154 0.888778 0.948314 0.837418 0.877662 0.860042 0.836057 0.994440 0.823952 0.827319 0.869095 0.550717 0.644515 0.680373 0.741881 0.714951 0.579673 0.909525 0.983463 0.917268 0.815589 0.944159 0.924984 0.950614 0.880362 0.576518 0.828678 0.953745 0.749134
0.317256 0.318041 0.635897 0.761577 0.842082 0.685919 0.943761 0.351986 0.998342 0.559286 0.344612 0.000000 0.428116 0.329651 0.823874 0.683484 0.351545 0.385038 0.417485 0.315511 0.796651 0.951377 0.777367 0.910880 0.542426 0.659381 0.964418 0.927263 0.354613 0.360407 0.800175 0.903830 0.790583 0.561448 0.697668 0.675834 0.725134 0.968778 0.805878 0.976211 0.962328 0.979770 0.887474 0.719294 0.991393 0.588919 0.835013 0.738752 0.405226 0.391592 0.365511 0.407577 0.488056 0.534199 0.747033 0.560526 0.409260 0.381673 0.411761 0.367388 0.589282 0.272473 0.353703 0.249717 0.611477 0.962677 0.670122 0.803202 0.601564 0.542068 0.776087 0.967206 0.612669 0.666190 0.768193 0.788514 0.550674 0.754977 0.786831 0.642784 0.430121 0.437465 0.706710 0.859041 0.894223 0.950902 0.850826 0.955312 0.913319 0.946155 0.940532 0.603907 0.635761 0.629163 0.896998 0.795078 0.934255 0.778983 0.657123 0.756967 0.687914 0.841805 0.682910 0.784132 0.877361 0.953013 0.924977 0.873413 0.917178 0.979771 0.997562 0.921950 0.607450 0.953808 0.999666 0.720348
0.532962 0.604622 0.956752 0.622324 0.974828 0.734609 0.711404 0.495130 0.896162 0.776645 0.583485 0.428116 0.000000 0.390484 0.540780 0.584418 0.566146 0.611811 0.572192 0.613754 0.753041 0.976766 0.856728 0.904212 0.734276 0.904548 0.917809 0.939708 0.587866 0.591952 0.962334 0.941963 0.695566 0.620627 0.899969 0.842261 0.747561 0.770714 0.799668 0.850419 0.925033 0.829810 0.963331 0.746822 0.997960 0.756642 0.837093 0.760632 0.678176 0.634309 0.552842 0.594554 0.645849 0.636403 0.883348 0.796941 0.699400 0.673772 0.506422 0.501576 0.432750 0.456453 0.470318 0.476818 0.908104 0.633100 0.993396 0.887834 0.940615 0.819093 0.766741 0.992854 0.882908 0.948193 0.833597 0.728384 0.744820 0.817920 0.854921 0.894883 0.699126 0.662013 0.695815 0.993444 0.644728 0.764535 0.955300 0.972597 0.911012 0.870297 0.759753 0.671230 0.867937 0.692993 0.899278 0.902162 0.868869 0.901025 0.644423 0.771653 0.591722 0.841161 0.717172 0.992593 0.777517 0.852288 0.989617 0.851091 0.976081 0.903528 0.895371 0.899726 0.686758 0.871153 0.780771 0.698523
0.415445 0.421844 0.777282 0.632116 0.876550 0.627218 0.944466 0.529654 0.875235 0.846337 0.572172 0.329651 0.390484 0.000000 0.631358 0.504400 0.526437 0.532617 0.441040 0.427286 0.839085 0.960670 0.905866 0.776132 0.741617 0.834396 0.855054 0.935437 0.544234 0.553213 0.861613 0.914792 0.815920 0.672084 0.757503 0.725459 0.693892 0.867813 0.725288 0.971459 0.990641 0.943412 0.786650 0.881545 0.795676 0.774249 0.873496 0.773176 0.546137 0.431343 0.405896 0.411261 0.508844 0.501987 0.764205 0.706781 0.595021 0.473786 0.514304 0.413731 0.671352 0.434154 0.505669 0.408175 0.836193 0.832069 0.646470 0.779722 0.704544 0.591230 0.753164 0.916729 0.768246 0.778137 0.746580 0.729791 0.728131 0.787167 0.759065 0.671263 0.530086 0.468469 0.645363 0.894004 0.709428 0.680623 0.874819 0.898058 0.967748 0.837164 0.999285 0.488106 0.569503 0.461409 0.847999 0.929132 0.967813 0.711035 0.852530 0.881715 0.802547 0.876285 0.782427 0.943313 0.822879 0.983173 0.904340 0.961603 0.980217 0.949994 0.962688 0.931247 0.791863 0.937603 0.945733 0.822363
0.877912 0.873669 0.762201 0.685972 0.882289 0.761625 0.813183 0.830092 0.837654 0.988297 0.959961 0.823874 0.540780 0.631358 0.000000 0.532563 0.899078 0.891497 0.801512 0.871983 0.946858 0.888756 0.555514 0.738084 0.922570 0.788499 0.811917 0.921992 0.925124 0.949720 0.785863 0.825715 0.687483 0.825080 0.847243 0.956182 0.910231 0.813866 0.843393 0.902905 0.864850 0.741257 0.859783 0.795354 0.966422 0.868451 0.918478 0.793143 0.937805 0.836878 0.816464 0.774183 0.844451 0.775740 0.997918 0.995131 0.952480 0.866371 0.872096 0.754794 0.718730 0.782078 0.784083 0.833251 0.612249 0.513579 0.806732 0.751054 0.901498 0.994329 0.951430 0.880133 0.993351 0.824677 0.863430 0.817010 0.876429 0.907883 0.844348 0.941046 0.924460 0.844263 0.728032 0.822895 0.600927 0.553338 0.938546 0.975943 0.845558 0.848500 0.758496 0.933052 0.984738 0.915583 0.947031 0.983111 0.994374 0.895942 0.865673 0.787055 0.716945 0.863915 0.964593 0.917025 0.833287 0.788489 0.928565 0.928969 0.961547 0.813368 0.983826 0.985131 0.990923 0.945880 0.678900 0.914511
0.838153 0.804914 0.942154 0.795843 0.959404 0.676142 0.921448 0.817766 0.999491 0.938117 0.931093 0.683484 0.584418 0.504400 0.532563 0.000000 0.906759 0.941415 0.797529 0.818016 0.954495 0.923584 0.756017 0.697581 0.921416 0.996442 0.862712 0.944750 0.918273 0.859117 0.995720 0.965098 0.913328 0.947619 0.951172 0.858878 0.851448 0.746734 0.906455 0.923208 0.849519 0.755546 0.895638 0.932432 0.691485 0.950811 0.995010 0.931913 0.957629 0.772651 0.799557 0.789457 0.931666 0.892860 0.988759 0.852240 0.861239 0.852396 0.869100 0.666936 0.886799 0.773273 0.803565 0.756071 0.888947 0.719765 0.864020 0.971346 0.980403 0.816606 0.924491 0.991803 0.932767 0.918950 0.842866 0.730941 0.963949 0.819324 0.976509 0.892403 0.891509 0.766167 0.798771 0.886744 0.720473 0.605375 0.924411 0.918400 0.894775 0.999283 0.905403 0.684470 0.725417 0.748626 0.959517 0.946854 0.883615 0.759778 0.926895 0.934450 0.795380 0.972654 0.971112 0.844003 0.920202 0.754959 0.794493 0.946817 0.994703 0.981548 0.972219 0.929700 0.957014 0.902923 0.842303 0.880597
0.412653 0.367298 0.858099 0.716529 0.783823 0.900756 0.748904 0.355278 0.847466 0.468126 0.347761 0.351545 0.566146 0.526437 0.899078 0.906759 0.000000 0.271773 0.401839 0.351876 0.901632 0.960715 0.781229 0.741098 0.672662 0.830012 0.863666 0.955981 0.342029 0.352881 0.997559 0.879478 0.615215 0.470248 0.836920 0.797849 0.895889 0.864850 0.890199 0.925182 0.953435 0.938026 0.900923 0.595936 0.763689 0.503977 0.676817 0.529125 0.410290 0.525436 0.420438 0.513781 0.543692 0.589150 0.595469 0.492805 0.374063 0.443834 0.502712 0.609250 0.602150 0.369729 0.370974 0.287473 0.697249 0.960419 0.810888 0.967012 0.632525 0.612778 0.898573 0.922852 0.528725 0.562619 0.738310 0.886397 0.579966 0.772938 0.622367 0.554235 0.313614 0.377802 0.715999 0.685830 0.814107 0.952774 0.854081 0.998966 0.879189 0.900836 0.890848 0.778041 0.821021 0.731277 0.858012 0.821874 0.878034 0.921633 0.487118 0.591415 0.729858 0.732089 0.578160 0.674804 0.845650 0.990111 0.912060 0.861595 0.996674 0.951585 0.900864 0.797700 0.578880 0.935244 0.948083 0.696861
0.380315 0.316568 0.902893 0.717843 0.811878 0.902842 0.815465 0.420113 0.966247 0.517708 0.385146 0.385038 0.611811 0.532617 0.891497 0.941415 0.271773 0.000000 0.350327 0.320490 0.948091 0.904451 0.843268 0.801404 0.766159 0.896564 0.890626 0.874490 0.319331 0.353400 0.968592 0.799040 0.570625 0.493927 0.898819 0.778241 0.938200 0.853669 0.893369 0.852985 0.776140 0.866789 0.918072 0.632429 0.800006 0.523148 0.698711 0.528757 0.388268 0.468527 0.400145 0.455720 0.498657 0.518113 0.543548 0.459520 0.363855 0.379676 0.531169 0.589672 0.669653 0.438561 0.405398 0.322334 0.688956 0.945443 0.762111 0.903923 0.577459 0.564516 0.906844 0.964955 0.446407 0.488960 0.820334 0.795292 0.555108 0.687568 0.527824 0.436392 0.283768 0.344076 0.657936 0.685298 0.832940 0.940358 0.835067 0.943636 0.881844 0.945067 0.857526 0.789100 0.791711 0.686196 0.876083 0.842002 0.869515 0.931877 0.549748 0.628955 0.763439 0.733040 0.578433 0.611264 0.759234 0.988578 0.982790 0.901242 0.920725 0.996147 0.930053 0.925469 0.577489 0.893088 0.947369 0.753304
0.423381 0.357433 0.808448 0.740403 0.720183 0.870077 0.974823 0.544938 0.927782 0.788985 0.513885 0.417485 0.572192 0.441040 0.801512 0.797529 0.401839 0.350327 0.000000 0.333313 0.930165 0.996008 0.988769 0.997861 0.839702 0.889282 0.951242 0.947077 0.453295 0.478795 0.995143 0.941338 0.657788 0.574312 0.827102 0.774724 0.838408 0.916357 0.805059 0.921783 0.814711 0.996142 0.916741 0.837225 0.983455 0.764313 0.727571 0.643868 0.514728 0.477027 0.477323 0.478045 0.536528 0.550093 0.529333 0.566377 0.429818 0.421547 0.571727 0.591249 0.803677 0.521924 0.521821 0.442960 0.716697 0.924368 0.683376 0.806506 0.569083 0.575046 0.935458 0.990570 0.527699 0.571121 0.848480 0.880816 0.538549 0.826545 0.635870 0.518972 0.391963 0.384380 0.679587 0.679040 0.786137 0.842472 0.800718 0.842887 0.917704 0.895676 0.943599 0.635405 0.700328 0.529894 0.857069 0.845096 0.951568 0.698085 0.792271 0.876050 0.818648 0.894517 0.673819 0.828787 0.882917 0.976862 0.966812 0.902220 0.945321 0.943998 0.927171 0.913588 0.730678 0.982381 0.961290 0.734709
0.308178 0.266667 0.671954 0.741022 0.791470 0.828773 0.941424 0.482592 0.894335 0.702379 0.410518 0.315511 0.613754 0.427286 0.871983 0.818016 0.351876 0.320490 0.333313 0.000000 0.937974 0.941360 0.871188 0.945630 0.770898 0.789785 0.951857 0.939997 0.385917 0.432821 0.859980 0.976050 0.788608 0.554490 0.777237 0.684025 0.852371 0.866795 0.908967 0.926283 0.836278 0.894088 0.847388 0.813755 0.949946 0.671170 0.836711 0.680691 0.348829 0.355138 0.369071 0.387144 0.449798 0.495341 0.612070 0.447114 0.367907 0.305232 0.526612 0.475643 0.828240 0.416997 0.503863 0.368846 0.578680 0.882613 0.586713 0.712129 0.475425 0.422355 0.874648 0.938230 0.476344 0.536799 0.837294 0.833975 0.465082 0.727056 0.647024 0.493551 0.329610 0.335826 0.632057 0.703397 0.835541 0.850594 0.760041 0.859480 0.896494 0.886767 0.965139 0.651739 0.667482 0.569820 0.847023 0.839615 0.956877 0.742908 0.742729 0.829215 0.829904 0.899538 0.671027 0.771036 0.826705 0.905093 0.931607 0.970273 0.933436 0.978229 0.943333 0.991952 0.675895 0.852593 0.999436 0.712302
0.944001 0.943297 0.889267 0.975373 0.898424 0.822987 0.810829 0.734555 0.940048 0.849131 0.738421 0.796651 0.753041 0.839085 0.946858 0.954495 0.901632 0.948091 0.930165 0.937974 0.000000 0.832781 0.901057 0.884851 0.812269 0.880801 0.977199 0.981153 0.860675 0.845925 0.913585 0.978479 0.878486 0.894766 0.948879 0.905078 0.705266 0.835585 0.795036 0.839002 0.677408 0.875387 0.982861 0.935439 0.932965 0.895781 0.844587 0.980144 0.989390 0.910744 0.961703 0.934354 0.958531 0.880364 0.849461 0.895440 0.961436 0.929215 0.783347 0.877048 0.762015 0.815189 0.735184 0.805601 0.940319 0.890616 0.859621 0.877902 0.884321 0.996379 0.997953 0.998501 0.941185 0.925371 0.893901 0.910646 0.857273 0.953957 0.898797 0.934577 0.979989 0.950387 0.930211 0.944756 0.867979 0.921857 0.896256 0.917850 0.911448 0.950990 0.770457 0.983206 0.976391 0.932427 0.972438 0.915955 0.906474 0.990843 0.912546 0.885569 0.853144 0.770733 0.936994 0.996997 0.873077 0.991846 0.898709 0.864249 0.864652 0.818867 0.871057 0.782664 0.900067 0.873301 0.914086 0.923128
0.916107 0.885659 0.935076 0.993674 0.990878 0.942788 0.920201 0.991242 0.978671 0.921205 0.983203 0.951377 0.976766 0.960670 0.888756 0.923584 0.960715 0.904451 0.996008 0.941360 0.832781 0.000000 0.946109 0.936543 0.878536 0.982391 0.988801 0.996175 0.961308 0.961465 0.908925 0.975387 0.905957 0.989568 0.974719 0.908050 0.902449 0.634521 0.998456 0.795632 0.800927 0.838944 0.950008 0.962466 0.984159 0.950216 0.899050 0.944795 0.875586 0.920697 0.881319 0.913973 0.936446 0.980174 0.986219 0.876049 0.933679 0.920076 0.997434 0.935750 0.906446 0.991839 0.969933 0.946597 0.930378 0.901240 0.902334 0.951250 0.965189 0.966699 0.947356 0.974798 0.944643 0.848181 0.943315 0.973127 0.973701 0.818514 0.934970 0.834884 0.880523 0.843225 0.923284 0.885648 0.926121 0.952362 0.884161 0.908228 0.956690 0.936595 0.978679 0.881282 0.970469 0.992971 0.972837 0.868175 0.946034 0.959478 0.986221 0.964913 0.982436 0.996043 0.935800 0.962286 0.944484 0.860613 0.893747 0.841002 0.898453 0.830324 0.959985 0.970782 0.926825 0.972336 0.949124 0.979360
0.805317 0.861057 0.546977 0.680755 0.862989 0.982530 0.949432 0.786726 0.943760 0.656964 0.556875 0.777367 0.856728 0.905866 0.555514 0.756017 0.781229 0.843268 0.988769 0.871188 0.901057 0.946109 0.000000 0.441141 0.574814 0.580964 0.744085 0.872920 0.682488 0.680132 0.785034 0.843228 0.806004 0.885538 0.763476 0.772249 0.903906 0.854903 0.904669 0.961597 0.900929 0.817920 0.972605 0.860908 0.830955 0.766825 0.966857 0.963338 0.760961 0.887789 0.918900 0.969516 0.980515 0.952415 0.956629 0.837654 0.723679 0.848694 0.794329 0.894149 0.965117 0.730999 0.730589 0.715550 0.430552 0.633282 0.810260 0.810463 0.826922 0.887925 0.859734 0.955007 0.871999 0.802932 0.969546 0.914245 0.832658 0.954830 0.990240 0.986514 0.861383 0.970836 0.734612 0.911787 0.535935 0.495183 0.893773 0.776024 0.850336 0.809486 0.874277 0.998854 0.883924 0.914002 0.982303 0.845544 0.992215 0.991779 0.857039 0.939740 0.977923 0.937492 0.982446 0.619262 0.846302 0.799954 0.853973 0.808803 0.874572 0.933501 0.869916 0.929028 0.817787 0.856013 0.785473 0.970420
0.965668 0.969361 0.876824 0.724424 0.953312 0.975771 0.753866 0.725868 0.718918 0.594348 0.641292 0.910880 0.904212 0.776132 0.738084 0.697581 0.741098 0.801404 0.997861 0.945630 0.884851 0.936543 0.441141 0.000000 0.675163 0.810376 0.661746 0.871880 0.695544 0.688880 0.989958 0.851065 0.876562 0.741789 0.983456 0.944020 0.936462 0.874152 0.839124 0.931115 0.956924 0.950941 0.757991 0.691401 0.599992 0.672230 0.924961 0.904171 0.848205 0.978679 0.994983 0.933074 0.891000 0.938674 0.948006 0.894650 0.793060 0.963239 0.899553 0.937350 0.847662 0.793846 0.690149 0.785798 0.703108 0.827967 0.869893 0.818634 0.978343 0.976519 0.950976 0.949221 0.794808 0.821471 0.888490 0.922729 0.763773 0.929100 0.880906 0.968375 0.860564 0.990801 0.775310 0.961634 0.684147 0.503731 0.948038 0.682806 0.808641 0.845590 0.896622 0.758029 0.833102 0.758736 0.954450 0.925827 0.991921 0.886415 0.604518 0.809855 0.858341 0.814114 0.963109 0.674955 0.978559 0.916016 0.987359 0.729748 0.906398 0.934992 0.957290 0.779017 0.826643 0.959071 0.998597 0.904823
0.744592 0.789267 0.566877 0.855201 0.979296 0.753043 0.947218 0.562750 0.901403 0.651508 0.523934 0.542426 0.734276 0.741617 0.922570 0.921416 0.672662 0.766159 0.839702 0.770898 0.812269 0.878536 0.574814 0.675163 0.000000 0.420431 0.669733 0.837723 0.591210 0.533166 0.691998 0.814973 0.971764 0.842033 0.741888 0.797073 0.651933 0.780188 0.902690 0.840462 0.895678 0.838328 0.942541 0.867951 0.996604 0.809584 0.893957 0.953325 0.770890 0.810658 0.820611 0.866677 0.931893 0.945446 0.987526 0.903092 0.748207 0.795560 0.580588 0.650839 0.645710 0.562163 0.505960 0.557209 0.568886 0.869455 0.835491 0.902978 0.985015 0.906759 0.665994 0.794929 0.863331 0.848058 0.885927 0.851884 0.841544 0.984800 0.914342 0.991011 0.853342 0.947538 0.920523 0.865273 0.700430 0.635688 0.951864 0.716960 0.732635 0.775445 0.939543 0.844967 0.805319 0.901331 0.969298 0.879302 0.926570 0.938506 0.760941 0.917235 0.826159 0.937507 0.896920 0.821927 0.907437 0.905209 0.928404 0.831219 0.927755 0.883427 0.960745 0.917138 0.796604 0.998779 0.888589 0.857508
0.804764 0.868928 0.416309 0.744190 0.980349 0.947460 0.822769 0.811746 0.899006 0.835980 0.684365 0.659381 0.904548 0.834396 0.788499 0.996442 0.830012 0.896564 0.889282 0.789785 0.880801 0.982391 0.580964 0.810376 0.420431 0.000000 0.842292 0.861922 0.776523 0.757985 0.431298 0.590913 0.704718 0.959379 0.645786 0.797213 0.628272 0.870558 0.774295 0.848327 0.910268 0.986029 0.636286 0.840431 0.822868 0.900853 0.934197 0.802776 0.879769 0.917294 0.963729 0.966824 0.920358 0.842853 0.998039 0.908920 0.788277 0.835569 0.643990 0.776295 0.897261 0.742935 0.776102 0.764451 0.532372 0.691519 0.745297 0.686053 0.830968 0.857105 0.691385 0.860507 0.868527 0.899993 0.960172 0.985828 0.884855 0.868961 0.932284 0.907104 0.989557 0.999687 0.902191 0.913725 0.671227 0.612072 0.839571 0.979743 0.797197 0.759390 0.679176 0.730810 0.655592 0.878788 0.832587 0.876070 0.948696 0.783733 0.967894 0.906443 0.936964 0.794585 0.944253 0.991577 0.886437 0.737598 0.886336 0.948749 0.982422 0.837103 0.944715 0.950500 0.981421 0.967468 0.806383 0.836677
0.910988 0.926784 0.976236 0.881883 0.964522 0.990192 0.700127 0.813599 0.736998 0.664584 0.860518 0.964418 0.917809 0.855054 0.811917 0.862712 0.863666 0.890626 0.951242 0.951857 0.977199 0.988801 0.744085 0.661746 0.669733 0.842292 0.000000 0.703387 0.810769 0.872687 0.928896 0.874349 0.852250 0.864893 0.744716 0.950189 0.998733 0.936346 0.960454 0.922694 0.995134 0.989796 0.720382 0.800943 0.677242 0.815795 0.962224 0.890333 0.990487 0.782749 0.934946 0.822706 0.835397 0.857278 0.941535 0.989755 0.955733 0.817132 0.987306 0.867007 0.760737 0.872444 0.833984 0.894371 0.880088 0.989214 0.759101 0.724088 0.878730 0.742685 0.948305 0.969834 0.864499 0.893052 0.990375 0.964733 0.891292 0.862507 0.900711 0.954743 0.973256 0.944803 0.840354 0.982577 0.829140 0.674340 0.954429 0.777264 0.757504 0.813520 0.890090 0.813365 0.813236 0.820668 0.928575 0.892264 0.900266 0.792267 0.659638 0.739118 0.851681 0.803483 0.946431 0.796968 0.955479 0.903642 0.979229 0.724904 0.845130 0.945785 0.830167 0.782211 0.793793 0.775338 0.881981 0.903462
0.969561 0.990461 0.945317 0.939542 0.935649 0.987418 0.856818 0.876418 0.826467 0.829881 0.844037 0.927263 0.939708 0.935437 0.921992 0.944750 0.955981 0.874490 0.947077 0.939997 0.981153 0.996175 0.872920 0.871880 0.837723 0.861922 0.703387 0.000000 0.858394 0.870177 0.934730 0.871363 0.977863 0.999414 0.922125 0.783259 0.857535 0.990245 0.974492 0.954547 0.876161 0.993991 0.842109 0.938343 0.839468 0.840466 0.907164 0.923830 0.963378 0.980364 0.965364 0.994872 0.953012 0.936104 0.986407 0.927354 0.943650 0.947037 0.989107 0.983392 0.934918 0.889927 0.916636 0.929918 0.887581 0.957640 0.987848 0.954580 0.909007 0.948606 0.893233 0.937927 0.780688 0.897829 0.960854 0.926310 0.904973 0.914853 0.986117 0.998702 0.969939 0.952843 0.939800 0.936582 0.815523 0.837109 0.887833 0.844293 0.825873 0.681006 0.927843 0.874797 0.877966 0.939565 0.896972 0.823204 0.923232 0.947898 0.998844 0.975232 0.987943 0.969308 0.966359 0.779988 0.990996 0.961136 0.953157 0.873924 0.788890 0.911062 0.884066 0.952005 0.924156 0.908742 0.934207 0.987763
0.389556 0.361250 0.750703 0.838336 0.876261 0.718501 0.832279 0.354898 0.898596 0.481421 0.310829 0.354613 0.587866 0.544234 0.925124 0.918273 0.342029 0.319331 0.453295 0.385917 0.860675 0.961308 0.682488 0.695544 0.591210 0.776523 0.810769 0.858394 0.000000 0.316705 0.960452 0.850298 0.630206 0.492313 0.837862 0.740212 0.831767 0.921983 0.884645 0.953380 0.852202 0.916077 0.903913 0.594510 0.780212 0.451622 0.736386 0.638347 0.377344 0.430338 0.382445 0.440762 0.500914 0.480365 0.670973 0.522420 0.423930 0.429223 0.464179 0.505897 0.597410 0.325449 0.350435 0.307948 0.595568 0.963867 0.773621 0.913102 0.721294 0.646609 0.796582 0.945357 0.492422 0.572981 0.788084 0.817303 0.506830 0.787536 0.654385 0.581815 0.414138 0.494298 0.778399 0.816837 0.962261 0.898156 0.871687 0.902765 0.900842 0.970762 0.814382 0.792477 0.865950 0.777835 0.842320 0.840870 0.869895 0.857818 0.547510 0.672505 0.676056 0.714261 0.653929 0.600611 0.796684 0.943621 0.968716 0.874473 0.897591 0.883008 0.933951 0.839703 0.562311 0.916316 0.912178 0.774814
0.471688 0.395634 0.786407 0.844099 0.946224 0.764700 0.815057 0.331510 0.829269 0.453373 0.358315 0.360407 0.591952 0.553213 0.949720 0.859117 0.352881 0.353400 0.478795 0.432821 0.845925 0.961465 0.680132 0.688880 0.533166 0.757985 0.872687 0.870177 0.316705 0.000000 0.923456 0.870623 0.683615 0.443650 0.787602 0.691138 0.884921 0.972692 0.897702 0.876206 0.878621 0.944068 0.840608 0.535420 0.753642 0.446502 0.710174 0.602300 0.444899 0.480634 0.458784 0.499862 0.578475 0.564352 0.729554 0.652734 0.415430 0.448515 0.548989 0.533376 0.609811 0.352357 0.324043 0.274418 0.588620 0.965441 0.729378 0.945844 0.789184 0.666460 0.889077 0.980202 0.610879 0.616873 0.817934 0.816211 0.586397 0.712109 0.660554 0.587623 0.411082 0.521513 0.839623 0.766264 0.958208 0.886622 0.832078 0.888961 0.819659 0.893029 0.876771 0.774552 0.791995 0.759124 0.936886 0.774448 0.898791 0.889080 0.582624 0.759797 0.607850 0.704513 0.657032 0.622228 0.869354 0.999772 0.893379 0.878610 0.954483 0.945314 0.881941 0.825668 0.529542 0.884465 0.987792 0.763318
0.870457 0.989885 0.552690 0.891230 0.975093 0.944691 0.743934 0.951975 0.651058 0.867061 0.865905 0.800175 0.962334 0.861613 0.785863 0.995720 0.997559 0.968592 0.995143 0.859980 0.913585 0.908925 0.785034 0.989958 0.691998 0.431298 0.928896 0.934730 0.960452 0.923456 0.000000 0.462306 0.677469 0.808273 0.777132 0.919563 0.712618 0.906101 0.906551 0.916080 0.969190 0.955019 0.473427 0.561816 0.647716 0.682465 0.757054 0.626804 0.982690 0.994258 0.964882 0.903859 0.910063 0.805258 0.994812 0.944764 0.983548 0.948179 0.666292 0.889498 0.985978 0.916842 0.994130 0.956241 0.756288 0.787457 0.861878 0.644845 0.727650 0.828268 0.710678 0.795536 0.894000 0.976516 0.890025 0.963860 0.959432 0.767266 0.885063 0.796441 0.889822 0.994662 0.985490 0.993691 0.902552 0.853432 0.920757 0.774010 0.919426 0.947199 0.704580 0.757607 0.744848 0.858693 0.884924 0.967483 0.947296 0.923022 0.869065 0.822266 0.729302 0.718393 0.836474 0.903758 0.904965 0.682634 0.959114 0.920058 0.954208 0.796226 0.806866 0.849130 0.875841 0.990855 0.754748 0.823368
0.918533 0.929031 0.663869 0.848585 0.986658 0.861018 0.705597 0.865182 0.736663 0.790736 0.959089 0.903830 0.941963 0.914792 0.825715 0.965098 0.879478 0.799040 0.941338 0.976050 0.978479 0.975387 0.843228 0.851065 0.814973 0.590913 0.874349 0.871363 0.850298 0.870623 0.462306 0.000000 0.554683 0.703145 0.785073 0.986984 0.807579 0.846623 0.839905 0.807684 0.995055 0.935877 0.509147 0.552030 0.598480 0.614972 0.739650 0.552286 0.925301 0.956081 0.906344 0.899109 0.936538 0.811837 0.870678 0.935358 0.946912 0.979726 0.773306 0.924017 0.951059 0.989280 0.932234 0.947133 0.831265 0.778397 0.911667 0.647762 0.825669 0.970501 0.661787 0.728183 0.878901 0.984350 0.916292 0.962410 0.882610 0.783512 0.739287 0.700656 0.797429 0.924279 0.896635 0.923410 0.902780 0.838666 0.982017 0.742522 0.977773 0.995704 0.729777 0.790431 0.805382 0.904686 0.927907 0.910827 0.981634 0.868103 0.808013 0.841348 0.808697 0.739248 0.845993 0.889771 0.821235 0.868104 0.923563 0.922600 0.927940 0.770323 0.767717 0.821025 0.953559 0.995026 0.884015 0.872741
0.834302 0.751644 0.622625 0.610491 0.987811 0.812438 0.520931 0.608239 0.822906 0.676732 0.751607 0.790583 0.695566 0.815920 0.687483 0.913328 0.615215 0.570625 0.657788 0.788608 0.878486 0.905957 0.806004 0.876562 0.971764 0.704718 0.852250 0.977863 0.630206 0.683615 0.677469 0.554683 0.000000 0.527063 0.723824 0.886297 0.817721 0.914964 0.991545 0.921921 0.992884 0.931656 0.570901 0.542452 0.588274 0.568714 0.803676 0.563917 0.814871 0.888507 0.778406 0.807569 0.847688 0.745700 0.772165 0.893937 0.758247 0.812209 0.854935 0.928622 0.604658 0.707179 0.652172 0.674795 0.797019 0.637716 0.746960 0.615965 0.966476 0.974322 0.968830 0.828984 0.770050 0.844939 0.805673 0.928471 0.740891 0.781188 0.617345 0.664573 0.646504 0.743537 0.794938 0.797461 0.671070 0.791267 0.946285 0.971307 0.987838 0.925339 0.679174 0.955392 0.831198 0.986887 0.975615 0.981657 0.904808 0.797918 0.601529 0.598710 0.751177 0.622912 0.767289 0.767751 0.698833 0.814122 0.849488 0.766876 0.985802 0.885817 0.781159 0.795909 0.732411 0.929653 0.896521 0.878607
0.592295 0.560449 0.942170 0.715416 0.999958 0.809667 0.613944 0.436958 0.811913 0.591288 0.566439 0.561448 0.620627 0.672084 0.825080 0.947619 0.470248 0.493927 0.574312 0.554490 0.894766 0.989568 0.885538 0.741789 0.842033 0.959379 0.864893 0.999414 0.492313 0.443650 0.808273 0.703145 0.527063 0.000000 0.932889 0.892537 0.984738 0.898691 0.969989 0.895033 0.933956 0.966562 0.646947 0.438753 0.618671 0.471155 0.724127 0.592516 0.595838 0.661453 0.585744 0.623724 0.691468 0.627482 0.825166 0.727465 0.616479 0.667134 0.719029 0.702852 0.594821 0.486060 0.462489 0.480500 0.889813 0.764441 0.994861 0.746755 0.956380 0.867844 0.959327 0.815800 0.716935 0.788566 0.837729 0.931859 0.510257 0.792497 0.678046 0.688905 0.531349 0.647279 0.742578 0.787353 0.827996 0.916581 0.965390 0.856988 0.901297 0.986638 0.727892 0.902259 0.989122 0.900163 0.929039 0.808696 0.948827 0.889680 0.516258 0.712975 0.682160 0.681551 0.601479 0.816918 0.820295 0.984696 0.941764 0.793551 0.915325 0.898742 0.812319 0.687803 0.601649 0.999529 0.885644 0.889293
0.788913 0.799997 0.566763 0.942203 0.912941 0.871457 0.732179 0.881185 0.838540 0.950515 0.801561 0.697668 0.899969 0.757503 0.847243 0.951172 0.836920 0.898819 0.827102 0.777237 0.948879 0.974719 0.763476 0.983456 0.741888 0.645786 0.744716 0.922125 0.837862 0.787602 0.777132 0.785073 0.723824 0.932889 0.000000 0.815583 0.669061 0.923635 0.982661 0.915332 0.991731 0.993469 0.682487 0.915045 0.790062 0.996051 0.926518 0.959817 0.799066 0.693795 0.831354 0.816843 0.848762 0.942399 0.982038 0.861180 0.754981 0.702373 0.830655 0.739967 0.900195 0.838129 0.825020 0.763440 0.644982 0.713572 0.537049 0.600319 0.787274 0.658371 0.979840 0.917134 0.913121 0.995277 0.943902 0.960136 0.921013 0.962854 0.922608 0.894544 0.865271 0.873279 0.849929 0.955364 0.737195 0.792273 0.938116 0.915995 0.932225 0.915227 0.743619 0.693128 0.713526 0.678054 0.916235 0.812583 0.938107 0.718247 0.874515 0.726284 0.891105 0.837455 0.944187 0.941046 0.762277 0.861048 0.953157 0.882639 0.959684 0.980160 0.947768 0.841894 0.861697 0.840013 0.661688 0.907557
0.673015 0.650333 0.678983 0.935928 0.937419 0.966905 0.811911 0.795660 0.937586 0.913876 0.713273 0.675834 0.842261 0.725459 0.956182 0.858878 0.797849 0.778241 0.774724 0.684025 0.905078 0.908050 0.772249 0.944020 0.797073 0.797213 0.950189 0.783259 0.740212 0.691138 0.919563 0.986984 0.886297 0.892537 0.815583 0.000000 0.764873 0.959539 0.971210 0.941276 0.956863 0.967451 0.810506 0.996972 0.877860 0.814070 0.955399 0.908935 0.686256 0.603091 0.643682 0.630072 0.697142 0.686141 0.752761 0.785732 0.607842 0.582155 0.720479 0.602809 0.946389 0.683231 0.719474 0.659344 0.676661 0.833490 0.614644 0.711896 0.718632 0.659668 0.960951 0.877862 0.862238 0.947308 0.978169 0.833973 0.757661 0.971450 0.872356 0.922883 0.818133 0.779943 0.948868 0.887544 0.864548 0.974564 0.700547 0.902645 0.956208 0.995832 0.813594 0.735788 0.583588 0.698292 0.908627 0.965576 0.978919 0.695905 0.966301 0.885943 0.948584 0.999372 0.930071 0.782149 0.958031 0.988609 0.828156 0.848575 0.971631 0.928650 0.875573 0.806096 0.931157 0.983746 0.967076 0.908558
0.798509 0.857424 0.729403 0.894563 0.963113 0.833942 0.973221 0.778812 0.904338 0.961466 0.767511 0.725134 0.747561 0.693892 0.910231 0.851448 0.895889 0.938200 0.838408 0.852371 0.705266 0.902449 0.903906 0.936462 0.651933 0.628272 0.998733 0.857535 0.831767 0.884921 0.712618 0.807579 0.817721 0.984738 0.669061 0.764873 0.000000 0.769160 0.746238 0.693269 0.860896 0.808626 0.808122 0.908396 0.780632 0.983209 0.947542 0.925136 0.899336 0.819269 0.865458 0.877209 0.904994 0.939845 0.933368 0.990862 0.866060 0.834426 0.613788 0.678771 0.790865 0.781889 0.736972 0.780296 0.883448 0.980051 0.862560 0.854454 0.997419 0.959174 0.741275 0.860048 0.974950 0.921695 0.966642 0.969115 0.910728 0.785583 0.985470 0.920238 0.980598 0.989053 0.924002 0.803302 0.905695 0.966619 0.854036 0.853233 0.917797 0.900848 0.989162 0.789873 0.934908 0.854453 0.996484 0.945633 0.920466 0.759294 0.994755 0.982149 0.949097 0.966271 0.996781 0.953176 0.964936 0.885381 0.981780 0.982315 0.988796 0.945607 0.927253 0.937559 0.913522 0.858445 0.995381 0.975141
0.956323 0.903456 0.909588 0.889922 0.810708 0.963748 0.990242 0.969020 0.982274 0.892610 0.983409 0.968778 0.770714 0.867813 0.813866 0.746734 0.864850 0.853669 0.916357 0.866795 0.835585 0.634521 0.854903 0.874152 0.780188 0.870558 0.936346 0.990245 0.921983 0.972692 0.906101 0.846623 0.914964 0.898691 0.923635 0.959539 0.769160 0.000000 0.835234 0.780644 0.661414 0.804228 0.945925 0.988296 0.790015 0.854687 0.914375 0.888206 0.888428 0.991752 0.937170 0.958664 0.894181 0.945251 0.859244 0.746483 0.904308 0.888317 0.985986 0.820492 0.905393 0.976099 0.845871 0.969919 0.931828 0.941356 0.952467 0.997337 0.826321 0.858762 0.884176 0.829184 0.739922 0.808482 0.987351 0.911379 0.815650 0.899545 0.894778 0.762411 0.770799 0.770691 0.875500 0.635173 0.893499 0.909164 0.976339 0.799816 0.997504 0.756672 0.954371 0.954223 0.991622 0.929914 0.982108 0.813027 0.776074 0.849287 0.947208 0.882316 0.853151 0.961217 0.930828 0.805274 0.973051 0.981169 0.820260 0.898412 0.856396 0.899672 0.965843 0.962489 0.991383 0.890500 0.918999 0.868779
