0.000000 0.466896 0.871869 0.942864 0.936918 0.948250 0.836316 0.969076 0.775850 0.806638 0.700168 0.635057 0.965891 0.898223 0.847796 0.936688 0.719311 0.657229 0.661705 0.558976 0.923738 0.932350 0.790517 0.984544 0.960329 0.898768 0.990397 0.923517 0.712883 0.931935 0.803760 0.750257 0.945915 0.799142 0.950221 0.966547 0.959210 0.884559 0.960479 0.887986 0.787265 0.800634 0.998529 0.893009 0.896388 0.922128 0.829073 0.886655 0.597352 0.646054 0.671443 0.742923 0.839930 0.916652 0.729616 0.674765 0.579684 0.496060 0.430643 0.439815 0.864288 0.708342 0.814727 0.731536 0.945231 0.986253 0.989747 0.961133 0.542857 0.618941 0.901843 0.869605 0.655584 0.676273 0.918966 0.954302 0.700985 0.962572 0.936739 0.909936 0.648770 0.653956 0.960432 0.835121 0.845603 0.924746 0.791004 0.920180 0.991300 0.700458 0.671304 0.607559 0.713390 0.687175 0.992684 0.940919 0.798148 0.976274 0.941901 0.992492 0.994312 0.837384 0.825301 0.734652 0.965948 0.934554 0.955056 0.934601 0.989207 0.819038 0.948180 0.912680 0.897344 0.972631 0.919958 0.848279
0.466896 0.000000 0.905739 0.870657 0.946908 0.952100 0.852444 0.875628 0.708156 0.980352 0.847578 0.562087 0.953814 0.819428 0.981157 0.866075 0.649715 0.563858 0.640482 0.541763 0.953533 0.980794 0.924530 0.917736 0.910906 0.970874 0.954114 0.929976 0.674255 0.824513 0.955934 0.936595 0.740411 0.622712 0.905614 0.962323 0.892683 0.796062 0.995040 0.987900 0.844129 0.819806 0.816937 0.723685 0.902583 0.738744 0.658512 0.638799 0.643180 0.652820 0.635361 0.703627 0.809057 0.955623 0.664378 0.743717 0.446521 0.358192 0.499256 0.556683 0.825116 0.651619 0.694265 0.553916 0.965935 0.946007 0.934500 0.882671 0.694875 0.534948 0.767016 0.829589 0.731441 0.734569 0.979524 0.951532 0.597791 0.805342 0.696985 0.763044 0.479878 0.566987 0.862848 0.697348 0.856968 0.876658 0.815799 0.989002 0.903834 0.740105 0.744543 0.656773 0.784655 0.716238 0.820916 0.837410 0.685050 0.839454 0.881165 0.917407 0.907201 0.950671 0.733608 0.732733 0.871641 0.926535 0.976607 0.890502 0.975776 0.759647 0.844658 0.993376 0.819020 0.860780 0.839914 0.882249
0.871869 0.905739 0.000000 0.509058 0.741113 0.979564 0.481880 0.841206 0.646568 0.954463 0.993702 0.796903 0.606451 0.947578 0.698225 0.959416 0.978690 0.925498 0.742259 0.934535 0.800742 0.875797 0.579102 0.725262 0.570942 0.554901 0.820086 0.922185 0.910959 0.902206 0.637966 0.747598 0.659919 0.781805 0.696801 0.812444 0.746767 0.923647 0.956064 0.915159 0.865406 0.997258 0.708917 0.775236 0.808607 0.858474 0.671887 0.733722 0.896892 0.967887 0.944149 0.963059 0.908058 0.751254 0.988154 0.895428 0.870194 0.804427 0.975369 0.833109 0.710886 0.910614 0.996258 0.792442 0.429935 0.626839 0.577745 0.614099 0.835239 0.780278 0.929311 0.973005 0.950760 0.920678 0.954880 0.934875 0.913698 0.938353 0.919692 0.916730 0.931587 0.830569 0.814856 0.801156 0.602450 0.589670 0.880867 0.756258 0.802746 0.876482 0.767877 0.829463 0.799932 0.772766 0.897462 0.877264 0.932018 0.980965 0.918582 0.913077 0.852543 0.782446 0.965146 0.957408 0.788764 0.932239 0.831297 0.831937 0.971040 0.866176 0.971757 0.953413 0.836844 0.910353 0.719525 0.947563
0.942864 0.870657 0.509058 0.000000 0.780486 0.777998 0.567248 0.633067 0.766109 0.950573 0.909282 0.904415 0.591711 0.731797 0.603442 0.710407 0.980681 0.989090 0.770461 0.965501 0.878037 0.972593 0.468263 0.543365 0.813209 0.688140 0.843833 0.875038 0.956253 0.932520 0.698990 0.797490 0.610911 0.736633 0.674331 0.823746 0.854530 0.909407 0.964412 0.972937 0.851775 0.956900 0.810656 0.808938 0.748051 0.796095 0.709110 0.662455 0.971525 0.927207 0.782516 0.756686 0.761867 0.698938 0.979906 0.983678 0.982890 0.968538 0.944186 0.966725 0.599866 0.810594 0.859475 0.903498 0.453504 0.461774 0.636648 0.518686 0.769951 0.816326 0.952137 0.875269 0.810375 0.771007 0.931899 0.988806 0.939851 0.832431 0.804280 0.890658 0.776776 0.767445 0.700272 0.787607 0.521629 0.491311 0.903282 0.696658 0.842092 0.781700 0.664022 0.867575 0.779777 0.858899 0.953345 0.867431 0.898019 0.974585 0.740615 0.742624 0.766372 0.680038 0.997758 0.900158 0.691363 0.862943 0.849642 0.956190 0.992210 0.970759 0.860296 0.922383 0.965979 0.925800 0.690973 0.993917
0.936918 0.946908 0.741113 0.780486 0.000000 0.842935 0.602986 0.723531 0.654220 0.936407 0.811256 0.901343 0.666100 0.899990 0.868899 0.898816 0.991400 0.951003 0.885768 0.939600 0.824752 0.828288 0.777351 0.870055 0.942142 0.891945 0.992188 0.965496 0.982384 0.938073 0.948735 0.977435 0.869512 0.772186 0.839618 0.857576 0.966188 0.904428 0.980020 0.923798 0.899398 0.978194 0.937924 0.937001 0.807141 0.978992 0.929602 0.992289 0.844318 0.721021 0.899852 0.887791 0.880786 0.954185 0.825635 0.851868 0.948835 0.849509 0.911684 0.917680 0.659406 0.846318 0.820350 0.960648 0.758294 0.630142 0.675148 0.671871 0.886053 0.825295 0.963295 0.951853 0.993357 0.989846 0.999755 0.926008 0.951285 0.903488 0.949309 0.974583 0.942655 0.939094 0.818402 0.738397 0.704596 0.633491 0.944353 0.774320 0.880886 0.999714 0.725735 0.858540 0.808789 0.839842 0.966596 0.998538 0.952759 0.895527 0.869635 0.797464 0.761580 0.775735 0.984965 0.951625 0.748272 0.922878 0.984037 0.934419 0.949744 0.915346 0.888285 0.992256 0.967739 0.985896 0.874247 0.885429
0.948250 0.952100 0.979564 0.777998 0.842935 0.000000 0.882715 0.806688 0.861766 0.786362 0.970425 0.921449 0.940976 0.987703 0.945004 0.708052 0.922022 0.942843 0.952544 0.999532 0.962118 0.827964 0.778153 0.865724 0.951339 0.897045 0.921484 0.846910 0.994539 0.970404 0.800409 0.934535 0.891140 0.904250 0.814157 0.825937 0.846215 0.896054 0.936262 0.921802 0.958668 0.900180 0.979427 0.978433 0.741119 0.853581 0.911052 0.864765 0.889370 0.924660 0.995085 0.987715 0.999125 0.950194 0.990043 0.971227 0.941389 0.988450 0.802901 0.882883 0.892078 0.851215 0.963408 0.935115 0.900097 0.820053 0.807038 0.786386 0.845066 0.902558 0.826714 0.814632 0.886951 0.757064 0.901603 0.910922 0.929502 0.792784 0.993774 0.895549 0.944003 0.951630 0.931325 0.949295 0.892894 0.848230 0.879259 0.818405 0.927837 0.991966 0.785173 0.864467 0.709607 0.909607 0.835336 0.922515 0.876062 0.873101 0.775250 0.856461 0.758456 0.877270 0.937620 0.972616 0.796742 0.975570 0.940099 0.852772 0.873658 0.937129 0.914714 0.905824 0.947638 0.956223 0.950182 0.940902
0.836316 0.852444 0.481880 0.567248 0.602986 0.882715 0.000000 0.517993 0.506983 0.705779 0.805588 0.972577 0.511095 0.823861 0.637870 0.818372 0.954154 0.999867 0.837371 0.942685 0.946940 0.964730 0.636732 0.891475 0.953386 0.831418 0.997261 0.891647 0.894590 0.910922 0.748273 0.802153 0.637292 0.665008 0.749830 0.849525 0.958265 0.922682 0.914911 0.945323 0.676532 0.866379 0.685954 0.678172 0.568461 0.702470 0.846473 0.764774 0.837565 0.736057 0.898977 0.875659 0.933014 0.919206 0.701003 0.744960 0.869681 0.732131 0.983141 0.815789 0.474117 0.839152 0.791325 0.998077 0.551653 0.510875 0.442533 0.483501 0.686419 0.715977 0.928864 0.936238 0.949262 0.903159 0.855375 0.952863 0.986326 0.958326 0.921480 0.990979 0.935381 0.957759 0.862083 0.907019 0.640511 0.649710 0.944946 0.742206 0.857098 0.953621 0.635918 0.714921 0.742204 0.628352 0.986235 0.850639 0.935976 0.977537 0.691375 0.644129 0.789886 0.604430 0.950942 0.955895 0.749740 0.965045 0.863485 0.956680 0.877072 0.924368 0.813445 0.769436 0.934407 0.982023 0.770628 0.924831
0.969076 0.875628 0.841206 0.633067 0.723531 0.806688 0.517993 0.000000 0.773690 0.578175 0.810902 0.626904 0.556414 0.630352 0.696213 0.647546 0.897208 0.809372 0.936508 0.858855 0.798757 0.889134 0.762812 0.924465 0.710171 0.808301 0.880479 0.893235 0.715951 0.730315 0.921107 0.913093 0.677804 0.597792 0.861604 0.960033 0.951098 0.996475 0.797035 0.886079 0.712103 0.965389 0.809420 0.732405 0.585127 0.626572 0.882538 0.709014 0.982167 0.917512 0.850352 0.866590 0.915129 0.875762 0.864541 0.845722 0.970146 0.967872 0.843990 0.922242 0.406559 0.458779 0.548551 0.571341 0.758439 0.550048 0.613468 0.538878 0.636423 0.889701 0.989773 0.891810 0.858079 0.814049 0.836059 0.985509 0.781665 0.871558 0.767383 0.993471 0.732214 0.941248 0.860531 0.903533 0.753446 0.790276 0.878557 0.825992 0.992891 0.992899 0.622917 0.823946 0.779387 0.751747 0.799228 0.836402 0.798312 0.864096 0.502835 0.543790 0.673418 0.652831 0.819054 0.861551 0.683809 0.863430 0.946003 0.914597 0.914818 0.863485 0.720256 0.681435 0.739912 0.907872 0.727522 0.938284
0.775850 0.708156 0.646568 0.766109 0.654220 0.861766 0.506983 0.773690 0.000000 0.823477 0.972426 0.801201 0.796880 0.903651 0.847679 0.975194 0.770371 0.754727 0.947462 0.721245 0.894609 0.997507 0.766312 0.999529 0.975815 0.805452 0.995202 0.912223 0.871936 0.824171 0.903961 0.994430 0.910246 0.985172 0.785106 0.883642 0.868571 0.990097 0.989038 0.993523 0.837925 0.834891 0.843106 0.943922 0.676710 0.842323 0.971158 0.971719 0.974016 0.858467 0.879907 0.959407 0.952111 0.844664 0.733957 0.988591 0.750099 0.645973 0.866527 0.782970 0.783210 0.979623 0.872214 0.725742 0.661937 0.698901 0.623145 0.676445 0.788636 0.601511 0.935659 0.786417 0.826951 0.864536 0.989380 0.970093 0.882654 0.922722 0.758638 0.748996 0.755782 0.788443 0.960487 0.968486 0.780998 0.805466 0.893103 0.849335 0.841435 0.959999 0.552171 0.541776 0.557249 0.562403 0.963965 0.915809 0.920629 0.972072 0.774001 0.808427 0.822334 0.748865 0.777224 0.979122 0.862611 0.900741 0.877572 0.935084 0.902053 0.701552 0.909181 0.954231 0.921012 0.955700 0.921733 0.890939
0.806638 0.980352 0.954463 0.950573 0.936407 0.786362 0.705779 0.578175 0.823477 0.000000 0.804638 0.906169 0.931807 0.996449 0.942361 0.901206 0.824808 0.869306 0.979794 0.918608 0.719563 0.971781 0.954123 0.799093 0.836145 0.805572 0.766908 0.825439 0.669321 0.640916 0.735368 0.786202 0.727714 0.716781 0.935389 0.959673 0.930706 0.845808 0.916688 0.967737 0.771894 0.998802 0.613332 0.567938 0.464001 0.517452 0.877803 0.730254 0.872991 0.953983 0.949745 0.872825 0.919967 0.944072 0.923654 0.821082 0.903528 0.937327 0.969989 0.870735 0.824059 0.823434 0.823476 0.854316 0.957488 0.996803 0.767549 0.803659 0.744732 0.994931 0.844471 0.732013 0.951868 0.981215 0.883506 0.967490 0.905920 0.881872 0.956040 0.992689 0.989009 0.800545 0.859778 0.906715 0.792219 0.771269 0.995183 0.981298 0.799779 0.747270 0.819012 0.789484 0.789944 0.720881 0.815472 0.850868 0.857431 0.776689 0.612636 0.700057 0.735200 0.731303 0.805087 0.800455 0.963254 0.988180 0.838581 0.953860 0.957191 0.920812 0.768701 0.685292 0.819653 0.798095 0.950953 0.913285
0.700168 0.847578 0.993702 0.909282 0.811256 0.970425 0.805588 0.810902 0.972426 0.804638 0.000000 0.728757 0.834240 0.999714 0.902472 0.876686 0.576255 0.624132 0.713720 0.673079 0.907304 0.971869 0.711021 0.703161 0.780601 0.831945 0.787859 0.796667 0.555144 0.642403 0.994684 0.931421 0.831951 0.720370 0.922367 0.947865 0.893484 0.922240 0.976877 0.981150 0.939769 0.924623 0.924012 0.795758 0.847776 0.855417 0.974364 0.990894 0.873709 0.940875 0.985218 0.843018 0.864038 0.847869 0.899317 0.962898 0.697359 0.843137 0.728099 0.840611 0.758702 0.853683 0.637028 0.809805 0.781586 0.899290 0.926399 0.934180 0.913558 0.836998 0.884109 0.889416 0.678836 0.707066 0.975696 0.870046 0.892270 0.980151 0.896969 0.879537 0.829464 0.911185 0.846089 0.944394 0.881189 0.858363 0.808684 0.893006 0.866290 0.841925 0.741972 0.801262 0.845609 0.922351 0.910465 0.855423 0.977873 0.999871 0.937803 0.853218 0.968237 0.953483 0.947757 0.762042 0.931958 0.809511 0.874317 0.841941 0.981088 0.899674 0.913340 0.958564 0.995878 0.927778 0.952652 0.950174
0.635057 0.562087 0.796903 0.904415 0.901343 0.921449 0.972577 0.626904 0.801201 0.906169 0.728757 0.000000 0.667513 0.504352 0.756655 0.621182 0.594201 0.531348 0.702772 0.523558 0.927589 0.947279 0.995261 0.917142 0.679951 0.663889 0.854886 0.840816 0.504607 0.586189 0.886418 0.996073 0.762269 0.577516 0.976228 0.911641 0.854395 0.938868 0.774740 0.888410 0.956196 0.937328 0.955609 0.792981 0.847506 0.727526 0.894905 0.812568 0.939229 0.985813 0.783263 0.921085 0.980847 0.835969 0.977459 0.974205 0.620876 0.588055 0.669980 0.686614 0.533324 0.428541 0.466427 0.362243 0.952062 0.775306 0.911584 0.794171 0.920878 0.742470 0.996327 0.819064 0.826332 0.829833 0.947154 0.888806 0.618436 0.827311 0.702769 0.804482 0.554321 0.645717 0.768976 0.860724 0.850365 0.870860 0.885429 0.922438 0.831682 0.980165 0.878448 0.669021 0.752835 0.748166 0.832606 0.837599 0.807899 0.858946 0.855927 0.772282 0.860471 0.938466 0.751645 0.787251 0.886934 0.993437 0.973220 0.999524 0.981436 0.728916 0.700764 0.829003 0.793736 0.807292 0.828017 0.966822
0.965891 0.953814 0.606451 0.591711 0.666100 0.940976 0.511095 0.556414 0.796880 0.931807 0.834240 0.667513 0.000000 0.458596 0.481190 0.596889 0.817190 0.852585 0.689571 0.801847 0.952564 0.976132 0.597533 0.694749 0.970264 0.977101 0.929316 0.981224 0.750982 0.802680 0.888501 0.839063 0.655371 0.624451 0.837480 0.978256 0.963500 0.881069 0.752529 0.937619 0.767120 0.905776 0.933036 0.851678 0.826664 0.861962 0.854775 0.831673 0.829922 0.864566 0.789471 0.930793 0.903085 0.826518 0.876773 0.752065 0.959608 0.938958 0.889768 0.973478 0.369759 0.680430 0.632325 0.755414 0.574540 0.512467 0.667090 0.580537 0.691346 0.860900 0.870820 0.980010 0.890463 0.921346 0.902154 0.903342 0.858208 0.916347 0.821270 0.944381 0.749832 0.783029 0.695943 0.900116 0.536729 0.598137 0.856497 0.765819 0.886957 0.969763 0.803840 0.937832 0.999958 0.983046 0.922385 0.967933 0.950332 0.980991 0.830154 0.792158 0.844728 0.790745 0.926642 0.947926 0.775880 0.935300 0.934634 0.897037 0.964533 0.985703 0.807503 0.838476 0.972807 0.998937 0.725458 0.964317
0.898223 0.819428 0.947578 0.731797 0.899990 0.987703 0.823861 0.630352 0.903651 0.996449 0.999714 0.504352 0.458596 0.000000 0.481352 0.497315 0.774882 0.744758 0.786986 0.704886 0.936862 0.963871 0.695519 0.707623 0.850617 0.790354 0.921279 0.984924 0.695731 0.734412 0.977202 0.903215 0.755167 0.681800 0.970702 0.923875 0.751758 0.883309 0.606008 0.953016 0.760471 0.876170 0.929268 0.926699 0.993515 0.901308 0.970442 0.844473 0.816535 0.968002 0.719165 0.844553 0.894833 0.861038 0.912466 0.777209 0.979639 0.879565 0.819252 0.810906 0.496928 0.608365 0.611016 0.562448 0.769812 0.616161 0.927083 0.798488 0.776248 0.948417 0.828724 0.946130 0.924632 0.935696 0.885432 0.892874 0.801666 0.895037 0.751966 0.835466 0.670308 0.750247 0.682995 0.966036 0.664586 0.716686 0.773863 0.905291 0.943695 0.966492 0.965848 0.722451 0.770676 0.766868 0.968904 0.960479 0.991083 0.950795 0.945063 0.830978 0.967381 0.931125 0.838977 0.951005 0.844563 0.941777 0.923983 0.852703 0.955931 0.904387 0.751129 0.856552 0.963988 0.940837 0.761400 0.965379
0.847796 0.981157 0.698225 0.603442 0.868899 0.945004 0.637870 0.696213 0.847679 0.942361 0.902472 0.756655 0.481190 0.481352 0.000000 0.522972 0.861824 0.866837 0.775543 0.859566 0.971557 0.977876 0.494751 0.669364 0.947528 0.935391 0.844530 0.940756 0.824450 0.849491 0.790635 0.654129 0.607367 0.717165 0.823299 0.979991 0.982821 0.947522 0.801576 0.874436 0.716427 0.875111 0.878418 0.842930 0.828205 0.867392 0.860503 0.774602 0.731077 0.819669 0.941084 0.995905 0.965221 0.888180 0.845625 0.739257 0.924434 0.927997 0.949575 0.875943 0.582337 0.805026 0.795172 0.822989 0.571191 0.542460 0.706195 0.628218 0.712242 0.902581 0.949298 0.846067 0.900652 0.888018 0.878503 0.923707 0.878647 0.950932 0.747537 0.887727 0.845780 0.822783 0.634527 0.962134 0.598651 0.598242 0.785962 0.779311 0.924264 0.996515 0.805113 0.998908 0.978904 0.972963 0.974702 0.912049 0.983138 0.985685 0.846022 0.734626 0.863527 0.801900 0.993130 0.955363 0.789782 0.892231 0.865502 0.897117 0.946133 0.949411 0.825628 0.774583 0.975588 0.969825 0.709802 0.851723
0.936688 0.866075 0.959416 0.710407 0.898816 0.708052 0.818372 0.647546 0.975194 0.901206 0.876686 0.621182 0.596889 0.497315 0.522972 0.000000 0.909725 0.818267 0.791042 0.800771 0.938372 0.890069 0.554169 0.620931 0.936385 0.990332 0.931361 0.980405 0.761853 0.820190 0.804452 0.755314 0.705768 0.664989 0.917337 0.990452 0.912495 0.991349 0.801435 0.992619 0.793019 0.831179 0.933917 0.861041 0.790975 0.795830 0.937416 0.793480 0.817143 0.841970 0.909390 0.982309 0.982872 0.962061 0.901370 0.710478 0.908217 0.953264 0.912907 0.936509 0.619382 0.679156 0.669744 0.604852 0.731018 0.593217 0.752714 0.600593 0.731220 0.957880 0.890621 0.745717 0.866274 0.804969 0.913170 0.912614 0.806984 0.851771 0.691415 0.885960 0.752852 0.774477 0.600973 0.984923 0.693737 0.686255 0.739547 0.724083 0.924219 0.985842 0.838172 0.941754 0.999281 0.945096 0.930990 0.940086 0.963879 0.834006 0.810196 0.779967 0.758106 0.896737 0.862918 0.908956 0.790605 0.839414 0.968965 0.969568 0.953588 0.869955 0.719959 0.767123 0.927562 0.899586 0.747669 0.978445
0.719311 0.649715 0.978690 0.980681 0.991400 0.922022 0.954154 0.897208 0.770371 0.824808 0.576255 0.594201 0.817190 0.774882 0.861824 0.909725 0.000000 0.371698 0.517514 0.475837 0.968224 0.908575 0.852335 0.863841 0.949501 0.856429 0.869665 0.803912 0.419226 0.449768 0.810048 0.745237 0.594191 0.562752 0.963722 0.936651 0.929069 0.927345 0.935159 0.918176 0.929097 0.808395 0.729010 0.596029 0.781888 0.699751 0.670711 0.689504 0.908441 0.990137 0.947688 0.849471 0.836249 0.823002 0.945468 0.903303 0.475668 0.573725 0.682709 0.886921 0.773833 0.854351 0.539182 0.588614 0.903132 0.944170 0.942591 0.856141 0.845249 0.558470 0.842099 0.787177 0.591755 0.587788 0.907767 0.875343 0.771891 0.891784 0.633028 0.619053 0.574977 0.652967 0.859280 0.848570 0.945707 0.959518 0.910615 0.935332 0.705109 0.907823 0.627472 0.599940 0.673453 0.741152 0.867663 0.834219 0.836726 0.887161 0.947337 0.920661 0.934425 0.943394 0.716883 0.674854 0.999883 0.864992 0.922914 0.758733 0.931719 0.720204 0.758516 0.828841 0.932380 0.806907 0.909410 0.938730
0.657229 0.563858 0.925498 0.989090 0.951003 0.942843 0.999867 0.809372 0.754727 0.869306 0.624132 0.531348 0.852585 0.744758 0.866837 0.818267 0.371698 0.000000 0.540498 0.442944 0.984847 0.946158 0.913286 0.908195 0.878060 0.830421 0.896971 0.772794 0.434234 0.455300 0.840033 0.746655 0.622810 0.514708 0.920377 0.952165 0.981889 0.892753 0.971398 0.971059 0.930634 0.798627 0.760173 0.608402 0.800722 0.707002 0.711783 0.682558 0.962054 0.999631 0.966961 0.893994 0.801671 0.750224 0.938302 0.984406 0.432258 0.529554 0.692465 0.818418 0.762142 0.751146 0.485543 0.467185 0.917895 0.979500 0.921070 0.813698 0.797253 0.469119 0.779152 0.736209 0.548903 0.591596 0.899901 0.859464 0.705214 0.801005 0.532300 0.583677 0.468860 0.569654 0.743841 0.738868 0.990200 0.958168 0.947125 0.959774 0.708325 0.963420 0.658792 0.559989 0.653663 0.686557 0.793492 0.843225 0.698913 0.766977 0.902859 0.857032 0.869956 0.993209 0.678846 0.687402 0.925187 0.988496 0.998132 0.831169 0.909794 0.618473 0.665896 0.838038 0.898703 0.817421 0.843514 0.974220
0.661705 0.640482 0.742259 0.770461 0.885768 0.952544 0.837371 0.936508 0.947462 0.979794 0.713720 0.702772 0.689571 0.786986 0.775543 0.791042 0.517514 0.540498 0.000000 0.549296 0.863970 0.937411 0.813275 0.820900 0.828527 0.822359 0.894238 0.930662 0.613589 0.688062 0.704967 0.750418 0.559070 0.576370 0.940037 0.938632 0.914213 0.814143 0.968291 0.959762 0.926510 0.921648 0.737324 0.665545 0.789971 0.752277 0.606041 0.659928 0.897790 0.918031 0.854710 0.971208 0.996797 0.999275 0.891584 0.946153 0.570309 0.686515 0.728351 0.897420 0.719216 0.921175 0.663130 0.769529 0.789583 0.855222 0.799761 0.764583 0.804031 0.641564 0.872392 0.843252 0.699331 0.676371 0.951287 0.809619 0.814817 0.871435 0.728000 0.640867 0.616410 0.561949 0.733555 0.745443 0.776914 0.749119 0.880660 0.872110 0.912876 0.935834 0.762324 0.696872 0.762830 0.804635 0.962794 0.873245 0.859062 0.825800 0.992064 0.907974 0.824781 0.949102 0.801029 0.794198 0.887404 0.971583 0.911174 0.779585 0.946054 0.898000 0.753018 0.963553 0.987472 0.966727 0.881952 0.958556
0.558976 0.541763 0.934535 0.965501 0.939600 0.999532 0.942685 0.858855 0.721245 0.918608 0.673079 0.523558 0.801847 0.704886 0.859566 0.800771 0.475837 0.442944 0.549296 0.000000 0.992657 0.997144 0.986636 0.929089 0.968205 0.825693 0.935616 0.845286 0.488745 0.588031 0.944113 0.825653 0.637127 0.615250 0.928389 0.925772 0.983346 0.878054 0.852403 0.968578 0.997665 0.787040 0.844742 0.726097 0.933683 0.790352 0.809408 0.767202 0.809093 0.806309 0.752452 0.926500 0.993041 0.929273 0.904731 0.983743 0.512710 0.494756 0.640126 0.653988 0.763834 0.711750 0.591880 0.551686 0.925459 0.991613 0.926007 0.876123 0.770643 0.526770 0.907724 0.796585 0.637727 0.691475 0.986749 0.867511 0.699645 0.789275 0.695171 0.682868 0.529188 0.611081 0.876816 0.798312 0.922467 0.940534 0.800484 0.975585 0.769134 0.898179 0.669678 0.573137 0.663488 0.628149 0.858529 0.891109 0.839046 0.909171 0.985671 0.890313 0.780240 0.882439 0.681721 0.774667 0.822251 0.947185 0.940544 0.868258 0.866342 0.754668 0.687219 0.913523 0.996733 0.811095 0.817602 0.950574
0.923738 0.953533 0.800742 0.878037 0.824752 0.962118 0.946940 0.798757 0.894609 0.719563 0.907304 0.927589 0.952564 0.936862 0.971557 0.938372 0.968224 0.984847 0.863970 0.992657 0.000000 0.943849 0.973390 0.963568 0.844790 0.736496 0.934889 0.876565 0.986239 0.954179 0.998732 0.998370 0.969809 0.991335 0.887647 0.879934 0.904308 0.964437 0.810293 0.937710 0.882804 0.915305 0.896067 0.930648 0.855192 0.823264 0.994125 0.859654 0.862423 0.910207 0.928189 0.957794 0.922068 0.958805 0.987312 0.918055 0.979550 0.941844 0.983404 0.925197 0.999465 0.870442 0.965243 0.864300 0.904967 0.927598 0.959085 0.935711 0.845942 0.984135 0.931570 0.884624 0.851683 0.891814 0.818674 0.859249 0.994132 0.998849 0.971042 0.913534 0.982585 0.900538 0.982314 0.965577 0.912407 0.822645 0.894355 0.992824 0.910665 0.977974 0.813358 0.866027 0.923947 0.937674 0.899521 0.881709 0.851449 0.949034 0.749185 0.847315 0.975338 0.868854 0.796477 0.865197 0.977285 0.870694 0.998182 0.902147 0.957512 0.923069 0.910490 0.753018 0.849066 0.883996 0.960340 0.954569
0.932350 0.980794 0.875797 0.972593 0.828288 0.827964 0.964730 0.889134 0.997507 0.971781 0.971869 0.947279 0.976132 0.963871 0.977876 0.890069 0.908575 0.946158 0.937411 0.997144 0.943849 0.000000 0.911955 0.997285 0.893769 0.985979 0.991065 0.981006 0.898407 0.942795 0.899255 0.954198 0.970059 0.927505 0.905899 0.968112 0.900653 0.784428 0.955347 0.757205 0.930122 0.920240 0.929040 0.964478 0.978849 0.938068 0.789588 0.974519 0.994605 0.877527 0.930430 0.945708 0.855513 0.936781 0.967157 0.987514 0.971835 0.975074 0.917754 0.984465 0.889722 0.845336 0.999029 0.959974 0.967686 0.842900 0.947497 0.995626 0.962018 0.988458 0.999262 0.964741 0.965603 0.876888 0.859721 0.819984 0.990523 0.999685 0.993013 0.941524 0.996017 0.979345 0.975135 0.983362 0.887414 0.855107 0.840928 0.902991 0.931944 0.937540 0.851633 0.938045 0.958548 0.973778 0.971912 0.943509 0.912271 0.969457 0.909734 0.890422 0.925811 0.843442 0.963303 0.915642 0.818906 0.859741 0.913518 0.949892 0.973926 0.900256 0.965944 0.950047 0.994763 0.932673 0.923256 0.992986
0.790517 0.924530 0.579102 0.468263 0.777351 0.778153 0.636732 0.762812 0.766312 0.954123 0.711021 0.995261 0.597533 0.695519 0.494751 0.554169 0.852335 0.913286 0.813275 0.986636 0.973390 0.911955 0.000000 0.440658 0.750948 0.640536 0.718441 0.900031 0.832996 0.852923 0.718266 0.706351 0.681497 0.819494 0.752175 0.765213 0.811765 0.967095 0.865806 0.955803 0.752438 0.832156 0.917942 0.968755 0.825724 0.927573 0.881651 0.761256 0.818784 0.878273 0.928170 0.912339 0.894580 0.772625 0.916364 0.858510 0.833084 0.844584 0.827022 0.845206 0.689377 0.913006 0.999351 0.992961 0.406010 0.453435 0.642372 0.546601 0.748511 0.803010 0.937410 0.845602 0.761136 0.717029 0.862304 0.959048 0.921203 0.860597 0.881850 0.944453 0.891601 0.806482 0.556794 0.907921 0.432412 0.444942 0.818541 0.571406 0.846710 0.801177 0.623488 0.832634 0.791421 0.909345 0.939992 0.976334 0.963802 0.940724 0.838175 0.742117 0.726139 0.773756 0.987402 0.788019 0.646368 0.772695 0.842823 0.979392 0.997899 0.939097 0.847408 0.844824 0.932083 0.999709 0.703423 0.979161
0.984544 0.917736 0.725262 0.543365 0.870055 0.865724 0.891475 0.924465 0.999529 0.799093 0.703161 0.917142 0.694749 0.707623 0.669364 0.620931 0.863841 0.908195 0.820900 0.929089 0.963568 0.997285 0.440658 0.000000 0.730239 0.741810 0.660930 0.877858 0.834995 0.794282 0.856800 0.835498 0.841199 0.902982 0.887459 0.768729 0.883399 0.903896 0.859664 0.993521 0.967633 0.902517 0.953210 0.933078 0.957036 0.976777 0.851073 0.844025 0.938096 0.908562 0.780384 0.779523 0.782365 0.819245 0.901979 0.998713 0.959551 0.958879 0.956076 0.954725 0.820314 0.908092 0.984881 0.963902 0.577906 0.609159 0.873546 0.748504 0.947926 0.901401 0.984423 0.874208 0.764276 0.757521 0.953465 0.861332 0.955800 0.930505 0.893274 0.865437 0.836886 0.719239 0.619620 0.853839 0.492318 0.499839 0.833571 0.574133 0.769635 0.720675 0.771863 0.968926 0.892310 0.966787 0.886405 0.967321 0.961421 0.875541 0.947012 0.910157 0.788914 0.924454 0.877861 0.780788 0.765349 0.758868 0.883536 0.996194 0.985130 0.982538 0.935942 0.978448 0.980819 0.934801 0.810669 0.835746
0.960329 0.910906 0.570942 0.813209 0.942142 0.951339 0.953386 0.710171 0.975815 0.836145 0.780601 0.679951 0.970264 0.850617 0.947528 0.936385 0.949501 0.878060 0.828527 0.968205 0.844790 0.893769 0.750948 0.730239 0.000000 0.471507 0.717180 0.902164 0.776756 0.714387 0.685792 0.876960 0.854746 0.967154 0.762924 0.854800 0.661086 0.879773 0.842992 0.874457 0.892850 0.975698 0.757341 0.859958 0.963298 0.989301 0.717506 0.785907 0.879093 0.821230 0.950224 0.927374 0.882388 0.862003 0.768754 0.909709 0.963549 0.983193 0.962108 0.969041 0.850795 0.700609 0.716411 0.671873 0.606109 0.939328 0.804383 0.896027 0.841187 0.959463 0.745850 0.937914 0.914215 0.970268 0.926049 0.988268 0.915020 0.951198 0.982951 0.953247 0.983722 0.808773 0.888240 0.904865 0.741626 0.754244 0.775797 0.870484 0.855883 0.788508 0.959567 0.978135 0.917780 0.977439 0.955932 0.945747 0.975457 0.979677 0.847201 0.837570 0.960245 0.948514 0.987819 0.931800 0.974686 0.988811 0.861527 0.807273 0.970667 0.876270 0.905715 0.916512 0.796987 0.971327 0.886130 0.838445
0.898768 0.970874 0.554901 0.688140 0.891945 0.897045 0.831418 0.808301 0.805452 0.805572 0.831945 0.663889 0.977101 0.790354 0.935391 0.990332 0.856429 0.830421 0.822359 0.825693 0.736496 0.985979 0.640536 0.741810 0.471507 0.000000 0.752109 0.838324 0.710478 0.671021 0.595618 0.830066 0.810643 0.975214 0.790186 0.869830 0.634249 0.905842 0.764365 0.930393 0.926156 0.960062 0.812426 0.941428 0.948389 0.956120 0.736034 0.834226 0.984317 0.985736 0.906629 0.967125 0.956473 0.878796 0.881519 0.921552 0.962334 0.910619 0.843635 0.797276 0.905698 0.683798 0.740906 0.669227 0.566257 0.800673 0.727333 0.741653 0.953985 0.872493 0.739866 0.945186 0.977952 0.964434 0.995073 0.891419 0.798366 0.935881 0.972024 0.921916 0.980848 0.833350 0.807697 0.877586 0.702237 0.612614 0.847975 0.808271 0.862504 0.788003 0.874535 0.803963 0.810568 0.886109 0.893530 0.995934 0.934891 0.941202 0.960472 0.983717 0.952657 0.908783 0.818770 0.861954 0.921957 0.843065 0.970312 0.890807 0.987830 0.831594 0.875992 0.904286 0.802966 0.922069 0.831125 0.948679
0.990397 0.954114 0.820086 0.843833 0.992188 0.921484 0.997261 0.880479 0.995202 0.766908 0.787859 0.854886 0.929316 0.921279 0.844530 0.931361 0.869665 0.896971 0.894238 0.935616 0.934889 0.991065 0.718441 0.660930 0.717180 0.752109 0.000000 0.869381 0.740865 0.859225 0.896087 0.856777 0.957694 0.992405 0.969832 0.926822 0.933040 0.932309 0.946408 0.964726 0.948256 0.964836 0.931926 0.858284 0.900431 0.853952 0.946685 0.966872 0.932681 0.959598 0.982287 0.971805 0.956976 0.951421 0.931924 0.995303 0.929513 0.973956 0.873510 0.935979 0.928441 0.852000 0.837057 0.842156 0.803598 0.909461 0.933499 0.987173 0.973756 0.978158 0.935878 0.934912 0.813741 0.891066 0.964825 0.949005 0.838737 0.953461 0.937270 0.911719 0.951171 0.917715 0.850565 0.950725 0.764095 0.731910 0.975448 0.783087 0.931839 0.939344 0.925336 0.967585 0.981490 0.993092 0.992491 0.894651 0.854720 0.782459 0.904751 0.973623 0.964645 0.901526 0.927827 0.923822 0.894149 0.831755 0.958628 0.853089 0.943341 0.948056 0.973396 0.974321 0.860742 0.963879 0.947490 0.886390
0.923517 0.929976 0.922185 0.875038 0.965496 0.846910 0.891647 0.893235 0.912223 0.825439 0.796667 0.840816 0.981224 0.984924 0.940756 0.980405 0.803912 0.772794 0.930662 0.845286 0.876565 0.981006 0.900031 0.877858 0.902164 0.838324 0.869381 0.000000 0.829040 0.826868 0.954448 0.916597 0.913127 0.849286 0.893883 0.995493 0.959519 0.984724 0.912235 0.833120 0.925179 0.995993 0.763041 0.763287 0.797082 0.798768 0.999075 0.944160 0.993391 0.903286 0.878432 0.806411 0.864002 0.729067 0.832435 0.950219 0.805833 0.908300 0.868916 0.967929 0.886550 0.900758 0.880085 0.851746 0.900578 0.977244 0.913908 0.892876 0.793636 0.895393 0.925216 0.952978 0.808709 0.875510 0.942354 0.978741 0.958294 0.898656 0.902551 0.953870 0.867807 0.864212 0.999264 0.950699 0.948573 0.907790 0.961494 0.968261 0.815230 0.940817 0.921301 0.961965 0.924086 0.971550 0.954853 0.954554 0.996953 0.897066 0.963806 0.872542 0.988029 0.987060 0.927699 0.802670 0.945776 0.971442 0.974599 0.949703 0.891370 0.999039 0.804967 0.896014 0.799346 0.785487 0.981108 0.972157
0.712883 0.674255 0.910959 0.956253 0.982384 0.994539 0.894590 0.715951 0.871936 0.669321 0.555144 0.504607 0.750982 0.695731 0.824450 0.761853 0.419226 0.434234 0.613589 0.488745 0.986239 0.898407 0.832996 0.834995 0.776756 0.710478 0.740865 0.829040 0.000000 0.415547 0.870790 0.812427 0.617651 0.542768 0.918497 0.802117 0.929295 0.923440 0.821536 0.966916 0.863346 0.873598 0.765391 0.605481 0.737334 0.610799 0.756727 0.745961 0.915069 0.969189 0.885692 0.930347 0.880128 0.902355 0.983690 0.895048 0.564622 0.672568 0.701163 0.821243 0.687121 0.705301 0.468542 0.507835 0.855791 0.970388 0.896292 0.848151 0.985961 0.619791 0.970343 0.828202 0.639318 0.649330 0.985720 0.855977 0.650128 0.937769 0.713522 0.735328 0.600727 0.774847 0.943797 0.949915 0.892888 0.870660 0.954325 0.906328 0.735103 0.838230 0.705345 0.678819 0.739584 0.820480 0.841502 0.830719 0.848689 0.844068 0.861142 0.841734 0.825145 0.991179 0.739385 0.692685 0.993178 0.940521 0.959870 0.872723 0.952330 0.711417 0.700796 0.767461 0.888440 0.830835 0.900594 0.944124
0.931935 0.824513 0.902206 0.932520 0.938073 0.970404 0.910922 0.730315 0.824171 0.640916 0.642403 0.586189 0.802680 0.734412 0.849491 0.820190 0.449768 0.455300 0.688062 0.588031 0.954179 0.942795 0.852923 0.794282 0.714387 0.671021 0.859225 0.826868 0.415547 0.000000 0.819393 0.715643 0.673465 0.547453 0.852421 0.831897 0.892825 0.999722 0.930311 0.947832 0.881655 0.909050 0.802435 0.651189 0.735132 0.676763 0.842408 0.816151 0.906627 0.861151 0.932041 0.748776 0.747526 0.806573 0.908246 0.740085 0.634262 0.774628 0.881201 0.991639 0.745009 0.801513 0.478970 0.538766 0.759734 0.891097 0.999634 0.895116 0.903437 0.696447 0.918531 0.763351 0.751656 0.731330 0.941494 0.844820 0.795502 0.872573 0.730967 0.704237 0.686536 0.837220 0.930273 0.909347 0.782799 0.807020 0.970368 0.953094 0.668738 0.699242 0.732975 0.669058 0.706731 0.826485 0.776739 0.820511 0.855833 0.787998 0.870683 0.968699 0.876660 0.976002 0.686951 0.760746 0.995133 0.874207 0.996578 0.844834 0.914710 0.660528 0.664085 0.820497 0.838309 0.819816 0.961074 0.839095
0.803760 0.955934 0.637966 0.698990 0.948735 0.800409 0.748273 0.921107 0.903961 0.735368 0.994684 0.886418 0.888501 0.977202 0.790635 0.804452 0.810048 0.840033 0.704967 0.944113 0.998732 0.899255 0.718266 0.856800 0.685792 0.595618 0.896087 0.954448 0.870790 0.819393 0.000000 0.557981 0.575127 0.691291 0.881387 0.932111 0.672451 0.847751 0.883474 0.950178 0.908765 0.891652 0.554964 0.625110 0.639055 0.717664 0.613488 0.596325 0.967749 0.910687 0.874103 0.830759 0.878062 0.942022 0.949654 0.796746 0.788681 0.969177 0.810348 0.738814 0.962116 0.817540 0.908943 0.988974 0.768979 0.920613 0.728324 0.684141 0.829830 0.938064 0.635264 0.685437 0.942671 0.986237 0.876411 0.832347 0.983491 0.824329 0.787320 0.724813 0.830042 0.793154 0.796911 0.861753 0.930500 0.842727 0.944390 0.776829 0.877993 0.967272 0.973159 0.935546 0.924809 0.937733 0.894852 0.821086 0.881706 0.770846 0.839447 0.911724 0.836474 0.810669 0.905736 0.989552 0.984324 0.864096 0.895782 0.892874 0.940937 0.954424 0.837847 0.859975 0.896553 0.923276 0.856165 0.982769
0.750257 0.936595 0.747598 0.797490 0.977435 0.934535 0.802153 0.913093 0.994430 0.786202 0.931421 0.996073 0.839063 0.903215 0.654129 0.755314 0.745237 0.746655 0.750418 0.825653 0.998370 0.954198 0.706351 0.835498 0.876960 0.830066 0.856777 0.916597 0.812427 0.715643 0.557981 0.000000 0.554937 0.764101 0.945965 0.988526 0.821872 0.907363 0.988206 0.949902 0.842147 0.898265 0.709434 0.717831 0.729923 0.780839 0.754773 0.738263 0.781547 0.812430 0.826232 0.754748 0.754267 0.918101 0.985800 0.778548 0.860172 0.967362 0.763346 0.710940 0.924151 0.888271 0.809248 0.873819 0.845417 0.907483 0.835645 0.750741 0.885777 0.913979 0.744613 0.597716 0.939369 0.972830 0.924957 0.964965 0.979511 0.806425 0.654312 0.629857 0.762643 0.764996 0.721788 0.805031 0.948042 0.840588 0.993252 0.741775 0.817345 0.896042 0.972833 0.981307 0.951325 0.973766 0.896755 0.935034 0.967663 0.748287 0.926730 0.906710 0.849494 0.862998 0.864329 0.872611 0.861916 0.821588 0.872442 0.902757 0.895439 0.868497 0.772960 0.839511 0.827336 0.848986 0.864427 0.880510
0.945915 0.740411 0.659919 0.610911 0.869512 0.891140 0.637292 0.677804 0.910246 0.727714 0.831951 0.762269 0.655371 0.755167 0.607367 0.705768 0.594191 0.622810 0.559070 0.637127 0.969809 0.970059 0.681497 0.841199 0.854746 0.810643 0.957694 0.913127 0.617651 0.673465 0.575127 0.554937 0.000000 0.515533 0.771318 0.937645 0.800224 0.955926 0.976830 0.949539 0.793825 0.869914 0.605767 0.545327 0.614189 0.622945 0.586805 0.555410 0.994514 0.999907 0.881763 0.977405 0.964639 0.919937 0.959270 0.894096 0.681631 0.780264 0.806559 0.968451 0.637715 0.842648 0.633455 0.713964 0.685360 0.713319 0.610853 0.531058 0.910195 0.849483 0.814225 0.724695 0.861226 0.951189 0.917260 0.852509 0.760412 0.806023 0.686174 0.668326 0.602558 0.683208 0.711255 0.805451 0.735043 0.735535 0.879228 0.811935 0.877722 0.925742 0.974065 0.946479 0.972357 0.989653 0.838859 0.850985 0.922708 0.842336 0.700727 0.693793 0.763632 0.793936 0.839827 0.843784 0.730725 0.930241 0.856444 0.860345 0.905127 0.870650 0.787846 0.826664 0.982062 0.874044 0.697403 0.906735
0.799142 0.622712 0.781805 0.736633 0.772186 0.904250 0.665008 0.597792 0.985172 0.716781 0.720370 0.577516 0.624451 0.681800 0.717165 0.664989 0.562752 0.514708 0.576370 0.615250 0.991335 0.927505 0.819494 0.902982 0.967154 0.975214 0.992405 0.849286 0.542768 0.547453 0.691291 0.764101 0.515533 0.000000 0.853557 0.989218 0.828582 0.866820 0.974327 0.969503 0.866694 0.929119 0.601324 0.504760 0.605672 0.564678 0.610801 0.565888 0.971327 0.958074 0.908085 0.947069 0.915775 0.939593 0.969327 0.870582 0.601196 0.740190 0.762061 0.896468 0.569146 0.679534 0.536380 0.571877 0.803337 0.721861 0.651687 0.558903 0.956742 0.771729 0.758690 0.735991 0.757361 0.763949 0.872002 0.872707 0.690754 0.746329 0.632420 0.718035 0.549325 0.637240 0.750480 0.769056 0.796318 0.773168 0.978654 0.848264 0.823954 0.939728 0.972811 0.815247 0.902286 0.947837 0.808371 0.746633 0.800756 0.763720 0.701006 0.697144 0.743621 0.910994 0.711898 0.796544 0.786619 0.922820 0.959411 0.843580 0.916135 0.694813 0.724534 0.676936 0.815657 0.821482 0.691795 0.967404
0.950221 0.905614 0.696801 0.674331 0.839618 0.814157 0.749830 0.861604 0.785106 0.935389 0.922367 0.976228 0.837480 0.970702 0.823299 0.917337 0.963722 0.920377 0.940037 0.928389 0.887647 0.905899 0.752175 0.887459 0.762924 0.790186 0.969832 0.893883 0.918497 0.852421 0.881387 0.945965 0.771318 0.853557 0.000000 0.853793 0.703056 0.978158 0.866588 0.898953 0.870293 0.979992 0.795444 0.782653 0.856769 0.836409 0.894470 0.803955 0.865565 0.853641 0.853162 0.844466 0.853384 0.763924 0.895596 0.964284 0.977226 0.975276 0.888595 0.943198 0.779993 0.809492 0.912722 0.941848 0.633156 0.648589 0.670425 0.684971 0.954863 0.884927 0.894159 0.965460 0.956775 0.919170 0.963864 0.923454 0.759571 0.842631 0.981231 0.931942 0.913756 0.898854 0.912582 0.876204 0.676803 0.695244 0.929619 0.891475 0.929267 0.795211 0.806394 0.824498 0.830683 0.824800 0.969049 0.915100 0.943805 0.904000 0.850348 0.900679 0.854041 0.857763 0.991351 0.934011 0.788879 0.956673 0.832722 0.970644 0.969915 0.932660 0.932515 0.964735 0.953925 0.967972 0.708411 0.910148
0.966547 0.962323 0.812444 0.823746 0.857576 0.825937 0.849525 0.960033 0.883642 0.959673 0.947865 0.911641 0.978256 0.923875 0.979991 0.990452 0.936651 0.952165 0.938632 0.925772 0.879934 0.968112 0.765213 0.768729 0.854800 0.869830 0.926822 0.995493 0.802117 0.831897 0.932111 0.988526 0.937645 0.989218 0.853793 0.000000 0.920387 0.988471 0.997533 0.927557 0.894940 0.939764 0.908424 0.896153 0.864184 0.975213 0.931075 0.898401 0.997517 0.921512 0.901461 0.909860 0.943025 0.975733 0.999217 0.993438 0.986941 0.860358 0.956161 0.897784 0.952830 0.995843 0.831596 0.851110 0.773431 0.816713 0.829735 0.838125 0.982207 0.929989 0.945113 0.966794 0.971196 0.908319 0.886211 0.866590 0.887879 0.852265 0.991612 0.873299 0.955170 0.939413 0.773017 0.963697 0.773995 0.781161 0.900186 0.744379 0.837553 0.921089 0.796959 0.858946 0.776167 0.839198 0.990035 0.967078 0.830122 0.851076 0.945818 0.856242 0.848167 0.876149 0.884636 0.879748 0.894965 0.959673 0.749384 0.910707 0.932805 0.980786 0.982068 0.919134 0.970454 0.941889 0.984540 0.931427
0.959210 0.892683 0.746767 0.854530 0.966188 0.846215 0.958265 0.951098 0.868571 0.930706 0.893484 0.854395 0.963500 0.751758 0.982821 0.912495 0.929069 0.981889 0.914213 0.983346 0.904308 0.900653 0.811765 0.883399 0.661086 0.634249 0.933040 0.959519 0.929295 0.892825 0.672451 0.821872 0.800224 0.828582 0.703056 0.920387 0.000000 0.724335 0.680473 0.902888 0.921202 0.899318 0.701403 0.804587 0.791109 0.778292 0.717650 0.742333 0.830953 0.851752 0.976642 0.926808 0.960961 0.902242 0.805710 0.856903 0.845975 0.929537 0.912822 0.899355 0.907674 0.935048 0.900224 0.928021 0.786689 0.959786 0.754910 0.688904 0.983933 0.985216 0.624647 0.792107 0.982878 0.989508 0.937901 0.998494 0.993916 0.740486 0.914382 0.974520 0.949425 0.898938 0.957476 0.857029 0.915533 0.891355 0.839472 0.827058 0.822505 0.871267 0.933407 0.829320 0.787428 0.916895 0.888654 0.868502 0.916794 0.780499 0.771425 0.943328 0.749591 0.976654 0.951714 0.949404 0.870255 0.797164 0.991279 0.991882 0.900394 0.884741 0.927516 0.956963 0.964067 0.948756 0.770069 0.993559
0.884559 0.796062 0.923647 0.909407 0.904428 0.896054 0.922682 0.996475 0.990097 0.845808 0.922240 0.938868 0.881069 0.883309 0.947522 0.991349 0.927345 0.892753 0.814143 0.878054 0.964437 0.784428 0.967095 0.903896 0.879773 0.905842 0.932309 0.984724 0.923440 0.999722 0.847751 0.907363 0.955926 0.866820 0.978158 0.988471 0.724335 0.000000 0.900081 0.990060 0.976298 0.853194 0.703759 0.810361 0.769543 0.722994 0.675811 0.644418 0.748410 0.745643 0.907680 0.854375 0.838002 0.989987 0.841665 0.825172 0.777734 0.778769 0.904047 0.978339 0.924995 0.926365 0.950118 0.933631 0.907773 0.982274 0.898480 0.929687 0.743768 0.830661 0.737140 0.696796 0.837361 0.867560 0.904820 0.970575 0.969842 0.876197 0.911243 0.935193 0.928285 0.879204 0.980000 0.856530 0.969367 0.953996 0.894971 0.927841 0.819750 0.901898 0.965780 0.949609 0.905423 0.923471 0.969250 0.791177 0.663414 0.696479 0.868893 0.863009 0.747596 0.919224 0.805851 0.678038 0.928892 0.702617 0.841858 0.969894 0.946610 0.934372 0.801163 0.918349 0.891232 0.863602 0.888097 0.819818
