0.000000 0.350320 0.639467 0.676008 0.850487 0.871594 0.771255 0.823482 0.697135 0.695179 0.481755 0.507221 0.922320 0.885673 0.941807 0.906013 0.435586 0.407993 0.808089 0.752066 0.929170 0.937871 0.797649 0.784277 0.656749 0.690671 0.914257 0.844435 0.575227 0.560485 0.959879 0.994648 0.776924 0.628028 0.950266 0.994812 0.919103 0.811081 0.909931 0.831785 0.632269 0.624721 0.953204 0.753542 0.791851 0.614832 0.556331 0.665147 0.606624 0.642137 0.601112 0.644967 0.856203 0.905279 0.651982 0.754648 0.333060 0.367478 0.397324 0.444208 0.569460 0.777454 0.419757 0.388313 0.668265 0.760637 0.951576 0.731040 0.451842 0.460103 0.700961 0.783114 0.821179 0.842492 0.824609 0.975770 0.895521 0.868755 0.568588 0.659825 0.317754 0.404098 0.711698 0.453853 0.820416 0.908901 0.975408 0.870470 0.979021 0.850715 0.573931 0.571295 0.570666 0.472094 0.835405 0.776139 0.872123 0.979160 0.956143 0.855934 0.857789 0.779883 0.895623 0.725298 0.994402 0.917722 0.970792 0.991072 0.928835 0.871178 0.861835 0.990631 0.982475 0.781822 0.784901 0.848742
0.350320 0.000000 0.653664 0.706200 0.851285 0.928888 0.823972 0.849413 0.647032 0.601873 0.579772 0.505745 0.937741 0.849539 0.906953 0.939190 0.479231 0.455924 0.833831 0.832625 0.974431 0.943972 0.844418 0.805926 0.727327 0.715422 0.852432 0.767113 0.553775 0.585509 0.931979 0.965900 0.704199 0.662714 0.986276 0.988307 0.981370 0.975707 0.938007 0.839098 0.630742 0.628225 0.935717 0.755354 0.776034 0.619481 0.547531 0.653548 0.637670 0.619826 0.590609 0.611689 0.811204 0.923463 0.625265 0.761627 0.356140 0.340103 0.370602 0.389135 0.594797 0.818839 0.429065 0.395702 0.705638 0.782164 0.974800 0.697527 0.500025 0.495123 0.727122 0.790796 0.740945 0.826155 0.812344 0.965971 0.865200 0.936481 0.610146 0.608784 0.364435 0.419829 0.684468 0.455659 0.761080 0.864694 0.897368 0.814661 0.922389 0.845833 0.636272 0.618224 0.652757 0.505388 0.817279 0.740336 0.859071 0.849995 0.962868 0.882053 0.921054 0.816839 0.893168 0.793605 0.936519 0.922226 0.961206 0.969547 0.974250 0.840455 0.810055 0.931623 0.970402 0.811303 0.773986 0.765930
0.639467 0.653664 0.000000 0.372338 0.989281 0.764327 0.420074 0.475907 0.519696 0.710966 0.728592 0.868570 0.645496 0.822086 0.842070 0.590207 0.520920 0.516087 0.822742 0.891343 0.935098 0.886167 0.584438 0.546828 0.408124 0.483651 0.951170 0.961557 0.690496 0.689137 0.592078 0.678045 0.763909 0.932460 0.880840 0.859479 0.833601 0.813478 0.692105 0.810875 0.744779 0.905483 0.623429 0.800416 0.864342 0.926704 0.950343 0.984654 0.829653 0.921008 0.991515 0.955889 0.802025 0.711280 0.914892 0.891245 0.643072 0.448520 0.569486 0.560335 0.857690 0.930896 0.472812 0.490762 0.475825 0.505053 0.566675 0.918283 0.702394 0.676922 0.546730 0.638357 0.993504 0.967213 0.961788 0.831165 0.643654 0.614596 0.894167 0.892814 0.571120 0.675572 0.850512 0.728671 0.924252 0.743445 0.996509 0.863278 0.805116 0.974157 0.528182 0.494274 0.463961 0.473877 0.966647 0.689948 0.825830 0.754223 0.671949 0.593212 0.845130 0.638227 0.937181 0.779313 0.733805 0.889092 0.800011 0.892310 0.886461 0.991185 0.827696 0.938918 0.837795 0.881727 0.907080 0.840177
0.676008 0.706200 0.372338 0.000000 0.862567 0.859661 0.422441 0.381139 0.557151 0.700179 0.767419 0.798330 0.801170 0.855005 0.966220 0.690080 0.539873 0.568511 0.826735 0.852636 0.931556 0.975609 0.615852 0.568942 0.450092 0.477190 0.908862 0.977815 0.673081 0.715456 0.621555 0.624377 0.852808 0.991061 0.976354 0.847968 0.813296 0.873634 0.689874 0.874151 0.744955 0.875338 0.706031 0.798904 0.964643 0.915179 0.869467 0.976333 0.881811 0.970919 0.967991 0.949323 0.745320 0.728999 0.968096 0.924035 0.687797 0.510845 0.588580 0.615499 0.690069 0.875159 0.532151 0.518760 0.579829 0.704424 0.643543 0.976793 0.775784 0.816643 0.655365 0.681041 0.911538 0.896474 0.917616 0.920687 0.681376 0.703846 0.866440 0.894813 0.638558 0.739992 0.811976 0.790848 0.950801 0.795869 0.934148 0.943528 0.863228 0.882194 0.600848 0.524571 0.538260 0.503039 0.976011 0.705536 0.940065 0.833875 0.859496 0.750831 0.860238 0.623758 0.949829 0.783780 0.769080 0.892962 0.819555 0.918632 0.905667 0.970421 0.983833 0.815902 0.854441 0.864999 0.956053 0.858326
0.850487 0.851285 0.989281 0.862567 0.000000 0.880650 0.949699 0.833286 0.934034 0.992587 0.913882 0.990672 0.811060 0.956337 0.856533 0.817683 0.956840 0.987011 0.986404 0.997329 0.920868 0.890649 0.789813 0.802829 0.934664 0.897989 0.885363 0.985957 0.886700 0.879466 0.857704 0.770760 0.973505 0.824535 0.891021 0.928959 0.902189 0.847240 0.891882 0.884517 0.959045 0.908239 0.907794 0.760337 0.957239 0.772725 0.889543 0.850281 0.769723 0.690025 0.794024 0.853434 0.831812 0.925151 0.882516 0.916697 0.825465 0.907945 0.877881 0.807720 0.899279 0.969983 0.929720 0.938749 0.782735 0.729443 0.902750 0.887596 0.829708 0.724869 0.937165 0.977332 0.908647 0.880683 0.999413 0.942699 0.930147 0.975232 0.867851 0.891588 0.796545 0.874927 0.925131 0.878635 0.804259 0.855621 0.774845 0.894178 0.962975 0.974687 0.760193 0.860900 0.844581 0.806000 0.976008 0.993472 0.890315 0.880883 0.931394 0.738391 0.934657 0.985225 0.781693 0.844809 0.929975 0.945793 0.986252 0.874491 0.976984 0.785240 0.882774 0.916715 0.986181 0.921215 0.933625 0.882669
0.871594 0.928888 0.764327 0.859661 0.880650 0.000000 0.680088 0.707731 0.824572 0.669075 0.895660 0.893418 0.710328 0.960990 0.932269 0.715992 0.950581 0.844432 0.801500 0.897491 0.861719 0.974821 0.893512 0.982967 0.848730 0.754561 0.777875 0.950960 0.953649 0.927455 0.842123 0.850605 0.780336 0.850569 0.926179 0.986847 0.972535 0.925198 0.840059 0.954913 0.940583 0.992030 0.985146 0.761604 0.829520 0.667490 0.939907 0.650272 0.679196 0.678234 0.834951 0.873215 0.848880 0.908635 0.792298 0.896632 0.676329 0.831591 0.978452 0.885646 0.795422 0.738416 0.849578 0.857372 0.870550 0.529944 0.719482 0.682928 0.765218 0.733652 0.641741 0.724365 0.744516 0.802607 0.946166 0.964421 0.765212 0.799780 0.925579 0.908255 0.794488 0.855348 0.852018 0.793648 0.988365 0.980721 0.986903 0.890639 0.886970 0.711215 0.542270 0.588807 0.561950 0.709691 0.876429 0.926592 0.726906 0.963378 0.743692 0.685110 0.775893 0.879817 0.980675 0.836258 0.748450 0.884832 0.899895 0.967969 0.950834 0.892067 0.997917 0.857495 0.704404 0.965276 0.907736 0.807420
0.771255 0.823972 0.420074 0.422441 0.949699 0.680088 0.000000 0.408621 0.562410 0.685611 0.889475 0.971486 0.557702 0.822741 0.795644 0.558305 0.741401 0.732669 0.612414 0.931548 0.984967 0.931849 0.595670 0.624500 0.549263 0.665761 0.912511 0.939188 0.887897 0.898491 0.587224 0.549869 0.628713 0.752079 0.998592 0.949216 0.965252 0.921906 0.809927 0.915817 0.830136 0.893234 0.776018 0.917501 0.947206 0.879060 0.976055 0.942626 0.784964 0.878376 0.977426 0.989888 0.878527 0.870775 0.994634 0.914356 0.741816 0.611512 0.686742 0.647536 0.938912 0.986422 0.738030 0.706261 0.582843 0.579844 0.544503 0.845881 0.724263 0.752008 0.644233 0.654962 0.916706 0.965673 0.855101 0.876820 0.742452 0.671536 0.940155 0.971608 0.779934 0.890757 0.927730 0.894890 0.803861 0.692202 0.973696 0.978672 0.863524 0.938156 0.519792 0.485406 0.443505 0.529940 0.926680 0.805951 0.836618 0.946537 0.760171 0.732383 0.884588 0.584862 0.847677 0.728847 0.774918 0.884803 0.905009 0.937793 0.830001 0.995622 0.984001 0.891281 0.817211 0.916972 0.904025 0.972872
0.823482 0.849413 0.475907 0.381139 0.833286 0.707731 0.408621 0.000000 0.668704 0.526392 0.887447 0.957128 0.864505 0.986644 0.832244 0.818705 0.763688 0.690629 0.711931 0.855157 0.987442 0.994662 0.919135 0.863833 0.680249 0.649411 0.781723 0.916223 0.811252 0.868773 0.731463 0.588983 0.809713 0.821319 0.811872 0.985296 0.956380 0.940406 0.810793 0.873418 0.866464 0.980058 0.874845 0.962731 0.816642 0.759040 0.909468 0.865173 0.718316 0.872473 0.891638 0.916350 0.985377 0.969933 0.977999 0.999285 0.761545 0.636852 0.787386 0.824087 0.937495 0.854680 0.689244 0.688108 0.851817 0.654096 0.751509 0.884285 0.818584 0.797796 0.603886 0.532491 0.849577 0.913321 0.874397 0.977653 0.777761 0.817585 0.929834 0.971664 0.787109 0.829910 0.644799 0.751769 0.861766 0.975520 0.762091 0.791291 0.934723 0.858868 0.564840 0.537998 0.519930 0.592122 0.994037 0.874882 0.673111 0.812645 0.829056 0.819731 0.773242 0.701950 0.913603 0.770470 0.864633 0.872652 0.839062 0.882920 0.914786 0.979055 0.943135 0.869279 0.894507 0.957932 0.955321 0.969586
0.697135 0.647032 0.519696 0.557151 0.934034 0.824572 0.562410 0.668704 0.000000 0.621808 0.716343 0.891017 0.709641 0.890358 0.886233 0.560661 0.624429 0.540827 0.725412 0.973416 0.874073 0.990638 0.639700 0.684902 0.679433 0.543033 0.955350 0.885150 0.728606 0.757930 0.564960 0.756533 0.932870 0.944934 0.852777 0.828665 0.852539 0.879233 0.864356 0.942103 0.693185 0.800741 0.636825 0.810611 0.771467 0.947861 0.989247 0.878206 0.977391 0.946471 0.880353 0.858059 0.755001 0.532304 0.893503 0.821672 0.637810 0.502396 0.664502 0.551343 0.840336 0.985764 0.569547 0.538085 0.607699 0.710336 0.638283 0.982903 0.813707 0.840307 0.535105 0.662030 0.944310 0.959418 0.827540 0.828862 0.570713 0.658082 0.944178 0.860317 0.639922 0.684344 0.927022 0.733473 0.914119 0.842153 0.992593 0.861067 0.842049 0.959276 0.531310 0.462551 0.548570 0.502637 0.922104 0.739264 0.907634 0.792155 0.653168 0.631583 0.966506 0.561379 0.925577 0.949793 0.904510 0.937549 0.859715 0.830515 0.857578 0.882557 0.993365 0.806247 0.723571 0.852094 0.907534 0.775376
0.695179 0.601873 0.710966 0.700179 0.992587 0.669075 0.685611 0.526392 0.621808 0.000000 0.825821 0.944550 0.979193 0.869456 0.659183 0.949428 0.823227 0.650310 0.794775 0.989549 0.969939 0.867095 0.882347 0.922427 0.955354 0.792299 0.792143 0.714351 0.799640 0.890027 0.911386 0.851295 0.866825 0.981298 0.854922 0.937184 0.931962 0.994957 0.966370 0.976018 0.845833 0.864272 0.896676 0.724936 0.663493 0.588595 0.708143 0.607485 0.638666 0.629151 0.690478 0.666912 0.768407 0.966852 0.709482 0.828348 0.515547 0.541235 0.693693 0.711493 0.913786 0.874687 0.659478 0.626932 0.953857 0.752674 0.962509 0.988635 0.760496 0.673280 0.498556 0.571294 0.819557 0.860098 0.906869 0.899095 0.763484 0.882821 0.840825 0.774348 0.623630 0.641547 0.579892 0.548941 0.591603 0.652790 0.743685 0.697403 0.944083 0.673251 0.510584 0.493483 0.541735 0.550525 0.993121 0.799646 0.694456 0.785795 0.842112 0.878916 0.795774 0.832328 0.842702 0.829837 0.993869 0.954950 0.963044 0.854390 0.880286 0.988230 0.887564 0.994986 0.869864 0.860198 0.860824 0.967665
0.481755 0.579772 0.728592 0.767419 0.913882 0.895660 0.889475 0.887447 0.716343 0.825821 0.000000 0.567894 0.912422 0.905697 0.981984 0.850223 0.468931 0.376742 0.753301 0.817096 0.964295 0.976183 0.760825 0.838681 0.625151 0.652412 0.901544 0.978983 0.505831 0.426031 0.990127 0.999141 0.734634 0.665615 0.800266 0.889067 0.968671 0.900704 0.911063 0.943622 0.741189 0.749068 0.786435 0.979666 0.983208 0.861675 0.793474 0.874926 0.868281 0.897661 0.835420 0.930369 0.988039 0.784964 0.783979 0.859345 0.520266 0.484690 0.573529 0.570810 0.537933 0.789522 0.423522 0.402000 0.653816 0.803366 0.955110 0.773786 0.489119 0.545756 0.708686 0.779921 0.944798 0.954281 0.977909 0.928587 0.764783 0.819622 0.677883 0.750756 0.454941 0.404355 0.768226 0.473199 0.934664 0.929154 0.982129 0.801168 0.938706 0.896450 0.580791 0.565474 0.590455 0.514150 0.835034 0.828049 0.953605 0.997644 0.767555 0.690498 0.836092 0.816240 0.992887 0.794392 0.963057 0.959947 0.820689 0.798195 0.813281 0.785030 0.776561 0.836111 0.860117 0.937601 0.882499 0.874747
0.507221 0.505745 0.868570 0.798330 0.990672 0.893418 0.971486 0.957128 0.891017 0.944550 0.567894 0.000000 0.814685 0.730529 0.975849 0.917145 0.556245 0.572876 0.758013 0.798343 0.951761 0.983733 0.827352 0.858466 0.728781 0.789831 0.732675 0.980075 0.549717 0.607671 0.976979 0.924536 0.654996 0.669053 0.948815 0.950362 0.997986 0.953570 0.928844 0.920488 0.765242 0.720818 0.970196 0.932123 0.929522 0.851732 0.650217 0.934547 0.881362 0.867232 0.741750 0.817136 0.999988 0.940182 0.815215 0.790420 0.588518 0.593117 0.496465 0.588017 0.465872 0.534902 0.576906 0.529881 0.710257 0.936962 0.904189 0.665233 0.627133 0.659185 0.953697 0.991676 0.644009 0.642580 0.839788 0.960449 0.899937 0.917382 0.653625 0.806148 0.595190 0.540322 0.869479 0.600679 0.949251 0.969628 0.922718 0.986898 0.939497 0.997786 0.826316 0.791788 0.812535 0.642101 0.891263 0.805666 0.674433 0.931260 0.999470 0.979292 0.989518 0.929866 0.778159 0.837887 0.929687 0.891507 0.942019 0.942012 0.948912 0.842925 0.813387 0.965092 0.841932 0.881921 0.836330 0.867805
0.922320 0.937741 0.645496 0.801170 0.811060 0.710328 0.557702 0.864505 0.709641 0.979193 0.912422 0.814685 0.000000 0.553294 0.432382 0.376222 0.932117 0.998191 0.560247 0.735662 0.929853 0.927443 0.498056 0.585132 0.655041 0.810038 0.999591 0.962133 0.946966 0.958048 0.665653 0.740562 0.517223 0.677298 0.766752 0.832108 0.942027 0.856411 0.870194 0.829966 0.941079 0.893791 0.663640 0.730788 0.640679 0.819127 0.722451 0.955680 0.920341 0.936234 0.751952 0.726898 0.729058 0.777397 0.968074 0.757844 0.967120 0.890828 0.912563 0.749038 0.682152 0.825584 0.938116 0.952559 0.542615 0.607457 0.573309 0.778139 0.934632 0.943477 0.767430 0.889028 0.953466 0.881056 0.943040 0.862228 0.697418 0.719667 0.905050 0.968835 0.946502 0.932727 0.812400 0.863958 0.592082 0.568132 0.820111 0.845707 0.791947 0.895062 0.716034 0.742472 0.690847 0.817859 0.881675 0.888782 0.869349 0.970076 0.677368 0.591546 0.894264 0.695054 0.934701 0.968849 0.658834 0.794560 0.957974 0.979714 0.882858 0.985887 0.951452 0.876770 0.819700 0.987222 0.696795 0.914589
0.885673 0.849539 0.822086 0.855005 0.956337 0.960990 0.822741 0.986644 0.890358 0.869456 0.905697 0.730529 0.553294 0.000000 0.540494 0.580694 0.876734 0.995806 0.751054 0.729928 0.978470 0.791503 0.575046 0.570517 0.759002 0.898670 0.867179 0.949481 0.856316 0.944304 0.816457 0.813154 0.578006 0.830345 0.705416 0.812466 0.970653 0.845716 0.999507 0.931710 0.972440 0.883539 0.740314 0.752757 0.683041 0.732217 0.819842 0.811933 0.787501 0.713856 0.758516 0.615804 0.743698 0.688886 0.956815 0.915230 0.876176 0.963714 0.884577 0.999477 0.839310 0.846369 0.996882 0.995843 0.694926 0.762479 0.727592 0.761815 0.968637 0.811461 0.999285 0.899969 0.986755 0.917342 0.885512 0.797087 0.802621 0.785986 0.868235 0.984854 0.964818 0.914034 0.731726 0.744663 0.661525 0.627780 0.832725 0.811074 0.869403 0.709431 0.977494 0.961507 0.939277 0.987881 0.958306 0.956796 0.924734 0.924741 0.938517 0.746966 0.974342 0.959579 0.912759 0.988998 0.603912 0.714989 0.943099 0.929533 0.982173 0.830772 0.879464 0.967611 0.996614 0.995501 0.792521 0.935708
0.941807 0.906953 0.842070 0.966220 0.856533 0.932269 0.795644 0.832244 0.886233 0.659183 0.981984 0.975849 0.432382 0.540494 0.000000 0.479883 0.884072 0.933960 0.751620 0.897744 0.947124 0.922119 0.404756 0.537614 0.694395 0.841053 0.720562 0.862566 0.849501 0.966370 0.762625 0.857983 0.601478 0.823170 0.624776 0.828741 0.927488 0.916030 0.848223 0.956490 0.963482 0.999548 0.707865 0.753558 0.545520 0.693252 0.760608 0.828309 0.757217 0.764055 0.720089 0.622719 0.656602 0.698513 0.838745 0.793796 0.899461 0.989892 0.962701 0.808109 0.807940 0.914901 0.946925 0.956649 0.495456 0.814710 0.605434 0.913173 0.938660 0.952340 0.921657 0.785902 0.911587 0.885599 0.857003 0.986506 0.908056 0.777047 0.922140 0.974548 0.947311 0.863027 0.546194 0.731762 0.419574 0.423998 0.682532 0.682038 0.765516 0.735454 0.965413 0.972349 0.918102 0.966745 0.875975 0.905853 0.865496 0.818334 0.915810 0.751871 0.932183 0.861128 0.800299 0.969672 0.725781 0.861494 0.862575 0.892888 0.990294 0.985319 0.956135 0.898413 0.899106 0.961491 0.718385 0.974332
0.906013 0.939190 0.590207 0.690080 0.817683 0.715992 0.558305 0.818705 0.560661 0.949428 0.850223 0.917145 0.376222 0.580694 0.479883 0.000000 0.734618 0.794211 0.684161 0.828838 0.893778 0.948236 0.413783 0.502573 0.552606 0.644722 0.886224 0.961170 0.890060 0.857157 0.571561 0.681445 0.604467 0.849927 0.718534 0.777259 0.897158 0.776999 0.826234 0.815838 0.900916 0.972594 0.545678 0.698648 0.585553 0.803066 0.780026 0.953484 0.873625 0.873555 0.715207 0.671654 0.620008 0.589131 0.992463 0.707685 0.886125 0.727061 0.820415 0.623024 0.890963 0.938784 0.756167 0.763157 0.444485 0.624636 0.533792 0.876218 0.842517 0.883819 0.682805 0.832530 0.984740 0.929825 0.838636 0.783837 0.594503 0.656468 0.921072 0.922266 0.792073 0.917856 0.791041 0.950835 0.599375 0.566471 0.871871 0.920227 0.889072 0.840068 0.605854 0.605102 0.595621 0.645095 0.915788 0.789362 0.904165 0.912234 0.699385 0.519289 0.862132 0.612474 0.968743 0.937364 0.633510 0.786325 0.990941 0.883176 0.868377 0.981601 0.955018 0.834847 0.712508 0.993859 0.667585 0.739915
0.435586 0.479231 0.520920 0.539873 0.956840 0.950581 0.741401 0.763688 0.624429 0.823227 0.468931 0.556245 0.932117 0.876734 0.884072 0.734618 0.000000 0.330826 0.840973 0.902061 0.971121 0.965331 0.590832 0.607064 0.456512 0.496192 0.787430 0.913098 0.531715 0.404723 0.786127 0.885127 0.932037 0.708917 0.831562 0.886289 0.913224 0.964621 0.810729 0.983696 0.697458 0.774216 0.680961 0.919837 0.919905 0.923266 0.800148 0.922700 0.924773 0.976180 0.902791 0.974108 0.788005 0.622083 0.808721 0.881824 0.485673 0.374647 0.466913 0.515345 0.517591 0.816575 0.323552 0.323218 0.497161 0.715094 0.823967 0.836878 0.528646 0.627936 0.692263 0.783342 0.850402 0.890712 0.903905 0.928630 0.734341 0.704503 0.648674 0.662138 0.363826 0.407781 0.806914 0.545595 0.995972 0.908118 0.997044 0.811683 0.976394 0.948080 0.586844 0.530197 0.524099 0.439042 0.806015 0.687283 0.897809 0.939773 0.801006 0.680738 0.795761 0.748615 0.933864 0.723882 0.841801 0.953959 0.824340 0.902346 0.947165 0.870484 0.936066 0.973318 0.842342 0.942847 0.976287 0.814398
0.407993 0.455924 0.516087 0.568511 0.987011 0.844432 0.732669 0.690629 0.540827 0.650310 0.376742 0.572876 0.998191 0.995806 0.933960 0.794211 0.330826 0.000000 0.855082 0.869672 0.895891 0.981403 0.758011 0.765650 0.557358 0.512238 0.944961 0.851145 0.475103 0.396174 0.851392 0.886492 0.842213 0.704394 0.898300 0.938081 0.973998 0.955038 0.845496 0.990298 0.649009 0.738216 0.711582 0.962811 0.987228 0.835692 0.708601 0.807318 0.842132 0.886176 0.848940 0.924802 0.937649 0.667645 0.679086 0.906464 0.404979 0.326085 0.480107 0.496480 0.505736 0.910264 0.264778 0.259983 0.605983 0.686655 0.914048 0.811836 0.519156 0.604701 0.532367 0.603653 0.906149 0.999343 0.923856 0.880958 0.661407 0.751452 0.655647 0.654271 0.330070 0.308593 0.637418 0.412370 0.826343 0.891096 0.912373 0.705593 0.975713 0.898554 0.485534 0.453893 0.470816 0.430340 0.842536 0.737697 0.961833 0.828452 0.701547 0.645815 0.769380 0.755450 0.964785 0.791111 0.917611 0.937632 0.718549 0.820324 0.847172 0.880112 0.832321 0.934685 0.774505 0.925465 0.905118 0.795622
0.808089 0.833831 0.822742 0.826735 0.986404 0.801500 0.612414 0.711931 0.725412 0.794775 0.753301 0.758013 0.560247 0.751054 0.751620 0.684161 0.840973 0.855082 0.000000 0.660924 0.988891 0.838904 0.784050 0.849461 0.976796 0.970941 0.894036 0.975186 0.728528 0.665435 0.729879 0.692869 0.688982 0.510790 0.983945 0.840959 0.946347 0.930231 0.992220 0.972945 0.989242 0.832538 0.871844 0.908015 0.845893 0.899131 0.847104 0.994887 0.950487 0.902831 0.875503 0.822454 0.856452 0.915293 0.970198 0.848754 0.925369 0.986766 0.933184 0.988298 0.684363 0.913291 0.831667 0.897709 0.917982 0.887353 0.683598 0.821757 0.890672 0.963751 0.776104 0.921008 0.834173 0.868637 0.834141 0.984008 0.840472 0.810121 0.840052 0.908317 0.851412 0.820580 0.880927 0.832524 0.801040 0.801174 0.905531 0.856903 0.868061 0.975953 0.797935 0.763951 0.746894 0.877188 0.859499 0.987035 0.829388 0.973165 0.846913 0.869273 0.973398 0.771931 0.960557 0.947826 0.890087 0.831107 0.930519 0.854088 0.923584 0.993203 0.883177 0.933324 0.857981 0.941523 0.750827 0.849657
0.752066 0.832625 0.891343 0.852636 0.997329 0.897491 0.931548 0.855157 0.973416 0.989549 0.817096 0.798343 0.735662 0.729928 0.897744 0.828838 0.902061 0.869672 0.660924 0.000000 0.919041 0.955283 0.886909 0.827398 0.947453 0.985216 0.991322 0.953783 0.892766 0.822927 0.983358 0.876673 0.892615 0.886448 0.998563 0.893402 0.989695 0.844741 0.902938 0.906304 0.876934 0.812087 0.891498 0.800104 0.934272 0.853556 0.891966 0.864720 0.905121 0.805797 0.892367 0.850932 0.891878 0.952094 0.966482 0.859655 0.799075 0.939381 0.982423 0.962475 0.926674 0.957763 0.941872 0.954546 0.969321 0.982184 0.993909 0.922200 0.825811 0.876646 0.943829 0.974563 0.956861 0.989164 0.950301 0.982126 0.942194 0.904833 0.896120 0.972810 0.889726 0.849131 0.915870 0.844880 0.930930 0.916019 0.996038 0.806857 0.967355 0.791897 0.988965 0.995119 0.983861 0.969957 0.963388 0.797020 0.892554 0.941751 0.973182 0.961469 0.990065 0.925483 0.982333 0.877510 0.848140 0.796963 0.872369 0.994242 0.995846 0.983099 0.886545 0.925035 0.997726 0.893404 0.895450 0.885697
0.929170 0.974431 0.935098 0.931556 0.920868 0.861719 0.984967 0.987442 0.874073 0.969939 0.964295 0.951761 0.929853 0.978470 0.947124 0.893778 0.971121 0.895891 0.988891 0.919041 0.000000 0.868420 0.987378 0.973795 0.977209 0.900342 0.987621 0.915781 0.978997 0.917189 0.791151 0.997140 0.908766 0.868641 0.946919 0.956730 0.800234 0.771795 0.829158 0.850471 0.924744 0.931095 0.766915 0.886585 0.802531 0.875582 0.925222 0.987753 0.881583 0.931106 0.886506 0.917096 0.844182 0.916284 0.960940 0.953177 0.954812 0.977303 0.978711 0.952577 0.904975 0.940422 0.892183 0.896671 0.976273 0.928265 0.891276 0.917998 0.960001 0.842698 0.853029 0.904933 0.897645 0.948572 0.916064 0.847102 0.889347 0.914152 0.967318 0.945314 0.988875 0.911541 0.963590 0.967533 0.979976 0.999681 0.981328 0.868793 0.977967 0.999807 0.935537 0.933210 0.902034 0.961451 0.915754 0.921875 0.921009 0.983828 0.922334 0.917132 0.925485 0.956945 0.886811 0.766463 0.915873 0.882985 0.968242 0.964086 0.937159 0.856483 0.925142 0.965969 0.842154 0.984831 0.920018 0.795438
0.937871 0.943972 0.886167 0.975609 0.890649 0.974821 0.931849 0.994662 0.990638 0.867095 0.976183 0.983733 0.927443 0.791503 0.922119 0.948236 0.965331 0.981403 0.838904 0.955283 0.868420 0.000000 0.949605 0.889041 0.995944 0.916400 0.982931 0.867225 0.934628 0.929702 0.907034 0.961286 0.995866 0.989180 0.910320 0.961903 0.742794 0.919663 0.948384 0.844690 0.922552 0.948161 0.823353 0.865272 0.840837 0.893170 0.794302 0.904035 0.919980 0.973193 0.833582 0.919102 0.817469 0.913958 0.800344 0.861093 0.928395 0.965601 0.940324 0.981556 0.955477 0.930269 0.966640 0.947957 0.989608 0.946760 0.961590 0.847682 0.950291 0.915166 0.908540 0.958211 0.975409 0.964301 0.877661 0.936077 0.959503 0.976334 0.853634 0.973959 0.942035 0.865709 0.925088 0.961613 0.957678 0.919322 0.977605 0.969849 0.930939 0.976329 0.942072 0.995343 0.966635 0.958982 0.877357 0.886993 0.966603 0.914145 0.832217 0.920226 0.954341 0.898638 0.915216 0.835433 0.986189 0.853867 0.941600 0.991148 0.962918 0.901947 0.896125 0.945857 0.994695 0.985980 0.944596 0.904293
0.797649 0.844418 0.584438 0.615852 0.789813 0.893512 0.595670 0.919135 0.639700 0.882347 0.760825 0.827352 0.498056 0.575046 0.404756 0.413783 0.590832 0.758011 0.784050 0.886909 0.987378 0.949605 0.000000 0.326853 0.441122 0.619835 0.610559 0.819751 0.816906 0.742272 0.683174 0.817071 0.691779 0.990338 0.565979 0.713601 0.873546 0.866881 0.823084 0.957635 0.871673 0.869420 0.592049 0.733954 0.606197 0.826568 0.913574 0.861533 0.886505 0.818108 0.829371 0.643845 0.574788 0.573426 0.987429 0.822692 0.853404 0.732402 0.736984 0.618460 0.918469 0.816578 0.739721 0.719558 0.283922 0.654889 0.526052 0.978052 0.771813 0.867565 0.881574 0.930459 0.864906 0.817688 0.869828 0.900486 0.703386 0.636847 0.917062 0.891500 0.749749 0.876310 0.661913 0.959832 0.414341 0.378307 0.747968 0.772060 0.770892 0.673888 0.692625 0.664664 0.656173 0.643770 0.993117 0.717067 0.880756 0.885371 0.851773 0.598951 0.926890 0.673429 0.759037 0.793389 0.612024 0.831739 0.994267 0.982878 0.863532 0.983795 0.961579 0.934975 0.762513 0.906116 0.772645 0.843554
0.784277 0.805926 0.546828 0.568942 0.802829 0.982967 0.624500 0.863833 0.684902 0.922427 0.838681 0.858466 0.585132 0.570517 0.537614 0.502573 0.607064 0.765650 0.849461 0.827398 0.973795 0.889041 0.326853 0.000000 0.437917 0.677467 0.582543 0.912289 0.811957 0.766810 0.734797 0.845630 0.835626 0.956344 0.692607 0.770399 0.948645 0.772142 0.801554 0.959642 0.857817 0.909857 0.724371 0.807614 0.742521 0.934246 0.967830 0.875750 0.986417 0.871469 0.900394 0.760453 0.654966 0.646091 0.984515 0.866849 0.869318 0.731781 0.706081 0.645426 0.861772 0.839189 0.741924 0.718487 0.364939 0.688140 0.569962 0.918563 0.799664 0.888806 0.900919 0.960905 0.812747 0.781346 0.891923 0.942588 0.774273 0.704445 0.923214 0.882808 0.744111 0.902854 0.733479 0.980978 0.515370 0.418352 0.778937 0.716616 0.673548 0.632180 0.757082 0.756382 0.767878 0.691102 0.983637 0.735640 0.901417 0.982995 0.962882 0.675787 0.967450 0.759749 0.675311 0.774718 0.701558 0.752416 0.940092 0.993184 0.903329 0.976160 0.933306 0.984235 0.903103 0.889449 0.832665 0.855067
0.656749 0.727327 0.408124 0.450092 0.934664 0.848730 0.549263 0.680249 0.679433 0.955354 0.625151 0.728781 0.655041 0.759002 0.694395 0.552606 0.456512 0.557358 0.976796 0.947453 0.977209 0.995944 0.441122 0.437917 0.000000 0.456291 0.742781 0.866654 0.619805 0.510070 0.664778 0.827057 0.804071 0.903075 0.748711 0.845340 0.850454 0.850459 0.745032 0.787081 0.778739 0.841414 0.633654 0.802012 0.843622 0.977538 0.949572 0.970518 0.910973 0.995654 0.995328 0.862309 0.725802 0.755341 0.979635 0.913544 0.718120 0.539436 0.563596 0.529189 0.714479 0.878364 0.485462 0.516638 0.322329 0.577354 0.579533 0.978044 0.688439 0.691634 0.760988 0.845516 0.826338 0.820351 0.976244 0.953080 0.685455 0.627426 0.764298 0.902961 0.593059 0.673861 0.994794 0.823875 0.697570 0.596775 0.779313 0.967915 0.816543 0.777409 0.617351 0.600107 0.557132 0.520088 0.919756 0.734030 0.994961 0.968212 0.835942 0.615590 0.833530 0.720169 0.804663 0.655678 0.647981 0.891520 0.805318 0.950882 0.933861 0.995908 0.938218 0.929644 0.884991 0.968619 0.945491 0.781603
0.690671 0.715422 0.483651 0.477190 0.897989 0.754561 0.665761 0.649411 0.543033 0.792299 0.652412 0.789831 0.810038 0.898670 0.841053 0.644722 0.496192 0.512238 0.970941 0.985216 0.900342 0.916400 0.619835 0.677467 0.456291 0.000000 0.857815 0.849282 0.724757 0.581142 0.677311 0.727668 0.869591 0.907406 0.724889 0.913336 0.757993 0.894621 0.727582 0.734837 0.703912 0.810401 0.604806 0.799058 0.828158 0.983110 0.964148 0.929166 0.983048 0.920656 0.937532 0.843362 0.738881 0.647192 0.991910 0.927038 0.622590 0.536766 0.640884 0.603599 0.697475 0.923760 0.465124 0.499740 0.519175 0.665522 0.604843 0.912819 0.759619 0.773853 0.684792 0.757356 0.959001 0.948049 0.932248 0.967656 0.551594 0.599419 0.823514 0.833856 0.619143 0.636081 0.912842 0.762295 0.917876 0.800173 0.981935 0.884031 0.981553 0.846776 0.639719 0.568090 0.573127 0.529830 0.894120 0.789947 0.920837 0.825596 0.751085 0.638857 0.848121 0.731286 0.927146 0.873632 0.721095 0.906637 0.835765 0.855252 0.970089 0.987841 0.986421 0.958468 0.780228 0.891009 0.928495 0.759678
0.914257 0.852432 0.951170 0.908862 0.885363 0.777875 0.912511 0.781723 0.955350 0.792143 0.901544 0.732675 0.999591 0.867179 0.720562 0.886224 0.787430 0.944961 0.894036 0.991322 0.987621 0.982931 0.610559 0.582543 0.742781 0.857815 0.000000 0.890242 0.909718 0.856268 0.978144 0.916645 0.896848 0.800252 0.784989 0.719468 0.900956 0.856229 0.946494 0.960500 0.967687 0.873950 0.947533 0.963541 0.825203 0.899191 0.925109 0.866371 0.918189 0.922816 0.964264 0.902890 0.745091 0.807162 0.915819 0.990297 0.933706 0.904070 0.820972 0.784405 0.788547 0.740086 0.898699 0.860333 0.632686 0.983167 0.941619 0.800215 0.919396 0.982792 0.850661 0.656155 0.731328 0.633352 0.849602 0.933615 0.989932 0.900808 0.810641 0.873128 0.894951 0.944503 0.680612 0.905859 0.689572 0.666026 0.782233 0.834179 0.842530 0.671625 0.945321 0.951324 0.924837 0.979867 0.937088 0.724938 0.694267 0.894646 0.821779 0.943881 0.876796 0.980146 0.697048 0.893404 0.919059 0.879355 0.870484 0.915780 0.967442 0.994019 0.968316 0.949449 0.936977 0.896997 0.875606 0.898087
0.844435 0.767113 0.961557 0.977815 0.985957 0.950960 0.939188 0.916223 0.885150 0.714351 0.978983 0.980075 0.962133 0.949481 0.862566 0.961170 0.913098 0.851145 0.975186 0.953783 0.915781 0.867225 0.819751 0.912289 0.866654 0.849282 0.890242 0.000000 0.910113 0.960895 0.963277 0.955392 0.817825 0.993284 0.799234 0.831557 0.948765 0.943144 0.906407 0.841627 0.964324 0.842402 0.831441 0.819071 0.807270 0.851493 0.907062 0.778342 0.803066 0.794360 0.850181 0.727702 0.775903 0.970120 0.788290 0.992038 0.857360 0.790971 0.873990 0.942289 0.930681 0.831466 0.924171 0.858737 0.834619 0.989490 0.816041 0.863309 0.943237 0.897068 0.806803 0.792900 0.888155 0.882958 0.857695 0.843987 0.856851 0.901298 0.914599 0.899090 0.861825 0.859743 0.774258 0.804784 0.673919 0.701731 0.865615 0.829647 0.959789 0.761884 0.883383 0.890738 0.937335 0.997036 0.882642 0.922559 0.824171 0.913418 0.940772 0.995858 0.979070 0.994081 0.921184 0.968558 0.814319 0.942879 0.931662 0.905499 0.902403 0.951693 0.845216 0.967337 0.920630 0.972840 0.983567 0.968288
0.575227 0.553775 0.690496 0.673081 0.886700 0.953649 0.887897 0.811252 0.728606 0.799640 0.505831 0.549717 0.946966 0.856316 0.849501 0.890060 0.531715 0.475103 0.728528 0.892766 0.978997 0.934628 0.816906 0.811957 0.619805 0.724757 0.909718 0.910113 0.000000 0.420264 0.958126 0.948337 0.748069 0.645814 0.921273 0.891562 0.817684 0.863271 0.880583 0.878804 0.800857 0.717894 0.792171 0.935948 0.946998 0.824711 0.835089 0.926284 0.822141 0.847568 0.872333 0.945133 0.965815 0.840823 0.732178 0.984244 0.651724 0.571139 0.649333 0.658863 0.587791 0.971263 0.447559 0.486610 0.649161 0.733739 0.974807 0.848271 0.687623 0.690451 0.672072 0.791182 0.805231 0.960015 0.940643 0.886629 0.762528 0.849551 0.718125 0.818581 0.515286 0.530332 0.720837 0.540968 0.953751 0.973178 0.955582 0.838315 0.957279 0.950015 0.644027 0.626982 0.717982 0.631781 0.886605 0.691488 0.989522 0.769906 0.853178 0.711119 0.793601 0.764539 0.992838 0.825434 0.895455 0.937270 0.722758 0.919366 0.843624 0.927903 0.807201 0.926847 0.839359 0.954709 0.955442 0.662783
0.560485 0.585509 0.689137 0.715456 0.879466 0.927455 0.898491 0.868773 0.757930 0.890027 0.426031 0.607671 0.958048 0.944304 0.966370 0.857157 0.404723 0.396174 0.665435 0.822927 0.917189 0.929702 0.742272 0.766810 0.510070 0.581142 0.856268 0.960895 0.420264 0.000000 0.990717 0.910362 0.831899 0.610743 0.836526 0.990943 0.857856 0.938983 0.858501 0.875250 0.779777 0.717498 0.732350 0.973875 0.963669 0.849696 0.803404 0.952498 0.912485 0.902155 0.877439 0.984961 0.913012 0.808761 0.804363 0.943933 0.602938 0.534518 0.614131 0.603000 0.534001 0.943871 0.382614 0.440140 0.554650 0.694929 0.960657 0.861689 0.613349 0.648695 0.780195 0.810362 0.774379 0.878572 0.914068 0.969078 0.783850 0.868238 0.640767 0.714278 0.466104 0.481822 0.781664 0.554559 0.962974 0.966323 0.858676 0.793350 0.996128 0.954821 0.676601 0.631014 0.655638 0.578337 0.840085 0.818660 0.903592 0.914531 0.860522 0.717578 0.727948 0.882192 0.911506 0.742727 0.832590 0.966678 0.717243 0.954491 0.897038 0.807230 0.891248 0.965627 0.844394 0.925945 0.873533 0.735133
0.959879 0.931979 0.592078 0.621555 0.857704 0.842123 0.587224 0.731463 0.564960 0.911386 0.990127 0.976979 0.665653 0.816457 0.762625 0.571561 0.786127 0.851392 0.729879 0.983358 0.791151 0.907034 0.683174 0.734797 0.664778 0.677311 0.978144 0.963277 0.958126 0.990717 0.000000 0.634851 0.601414 0.666863 0.971405 0.786832 0.707651 0.701482 0.783467 0.742777 0.959828 0.976838 0.604979 0.659416 0.614379 0.726538 0.870881 0.901316 0.825757 0.784432 0.675389 0.694512 0.645151 0.641719 0.877867 0.728128 0.929753 0.772875 0.856618 0.783285 0.981384 0.957220 0.821005 0.808286 0.705156 0.884185 0.522873 0.765597 0.960954 0.990769 0.712978 0.899056 0.949548 0.947285 0.815551 0.878308 0.614820 0.688182 0.802548 0.878834 0.957130 0.962221 0.891625 0.970448 0.831530 0.728094 0.972063 0.915041 0.849538 0.880608 0.791476 0.713024 0.713023 0.688238 0.905435 0.789094 0.865698 0.867748 0.724826 0.738129 0.963951 0.648626 0.973793 0.972907 0.813932 0.905719 0.895034 0.926815 0.939210 0.993941 0.997119 0.871146 0.835578 0.904548 0.739229 0.830494
0.994648 0.965900 0.678045 0.624377 0.770760 0.850605 0.549869 0.588983 0.756533 0.851295 0.999141 0.924536 0.740562 0.813154 0.857983 0.681445 0.885127 0.886492 0.692869 0.876673 0.997140 0.961286 0.817071 0.845630 0.827057 0.727668 0.916645 0.955392 0.948337 0.910362 0.634851 0.000000 0.662893 0.785178 0.970173 0.928563 0.942073 0.907234 0.916779 0.886671 0.995870 0.975652 0.688593 0.725574 0.820167 0.822177 0.792080 0.918975 0.905902 0.774127 0.777908 0.775140 0.782064 0.789460 0.854906 0.871091 0.983533 0.850545 0.957242 0.935409 0.940573 0.956107 0.927196 0.875164 0.845629 0.876409 0.743173 0.809625 0.899349 0.907871 0.843584 0.851614 0.813188 0.912697 0.963499 0.870878 0.761884 0.832383 0.781603 0.891968 0.973527 0.997051 0.995745 0.994824 0.948884 0.843476 0.777033 0.982546 0.984594 0.934935 0.818730 0.735938 0.733563 0.840991 0.836174 0.991738 0.857373 0.926859 0.844844 0.785954 0.957407 0.805864 0.883995 0.953544 0.748938 0.839206 0.980691 0.955978 0.948034 0.892088 0.927582 0.891234 0.870494 0.949140 0.699275 0.992348
0.776924 0.704199 0.763909 0.852808 0.973505 0.780336 0.628713 0.809713 0.932870 0.866825 0.734634 0.654996 0.517223 0.578006 0.601478 0.604467 0.932037 0.842213 0.688982 0.892615 0.908766 0.995866 0.691779 0.835626 0.804071 0.869591 0.896848 0.817825 0.748069 0.831899 0.601414 0.662893 0.000000 0.591933 0.850927 0.904457 0.892826 0.811456 0.910854 0.760883 0.862302 0.878113 0.689397 0.691763 0.675149 0.723154 0.647396 0.826920 0.832856 0.793383 0.670993 0.642487 0.726934 0.870896 0.829081 0.750811 0.777478 0.868354 0.807207 0.916767 0.603880 0.737608 0.854705 0.831643 0.765455 0.706151 0.591245 0.551215 0.881535 0.813818 0.997982 0.990965 0.846913 0.837917 0.995582 0.875044 0.856614 0.738923 0.772193 0.817638 0.800654 0.740328 0.750835 0.667955 0.632090 0.619221 0.966858 0.905586 0.960331 0.830018 0.959787 0.963416 0.872395 0.971908 0.897813 0.979341 0.778127 0.988012 0.820352 0.762933 0.788591 0.884586 0.874723 0.932336 0.599378 0.818644 0.924819 0.852267 0.985185 0.808949 0.990353 0.882638 0.936708 0.940008 0.697019 0.927070
0.628028 0.662714 0.932460 0.991061 0.824535 0.850569 0.752079 0.821319 0.944934 0.981298 0.665615 0.669053 0.677298 0.830345 0.823170 0.849927 0.708917 0.704394 0.510790 0.886448 0.868641 0.989180 0.990338 0.956344 0.903075 0.907406 0.800252 0.993284 0.645814 0.610743 0.666863 0.785178 0.591933 0.000000 0.901832 0.963516 0.962788 0.834705 0.972733 0.913041 0.917787 0.790764 0.886589 0.810697 0.767390 0.762279 0.664845 0.872479 0.855595 0.895327 0.738926 0.812452 0.835111 0.999225 0.757181 0.901072 0.690615 0.776269 0.725540 0.771993 0.512883 0.739443 0.694315 0.702191 0.900123 0.966794 0.748657 0.624231 0.676170 0.816348 0.968841 0.924774 0.731637 0.788864 0.791282 0.988748 0.868039 0.835270 0.680582 0.661264 0.624587 0.654803 0.905616 0.697601 0.890892 0.851755 0.958458 0.988972 0.916101 0.934492 0.974015 0.969672 0.989071 0.845023 0.873270 0.914937 0.751129 0.999932 0.837034 0.987588 0.965658 0.847281 0.875902 0.881097 0.936126 0.838028 0.920779 0.916964 0.929781 0.875096 0.983123 0.967540 0.960108 0.821022 0.800556 0.841307
0.950266 0.986276 0.880840 0.976354 0.891021 0.926179 0.998592 0.811872 0.852777 0.854922 0.800266 0.948815 0.766752 0.705416 0.624776 0.718534 0.831562 0.898300 0.983945 0.998563 0.946919 0.910320 0.565979 0.692607 0.748711 0.724889 0.784989 0.799234 0.921273 0.836526 0.971405 0.970173 0.850927 0.901832 0.000000 0.845604 0.823686 0.974169 0.738556 0.977275 0.914960 0.900136 0.683061 0.799065 0.649910 0.750131 0.830116 0.848424 0.757745 0.764729 0.795643 0.671280 0.765960 0.726589 0.987176 0.855525 0.989985 0.982246 0.986078 0.896739 0.989113 0.945560 0.910345 0.930484 0.618548 0.819315 0.740623 0.899750 0.986119 0.989428 0.903740 0.848860 0.914299 0.970269 0.900966 0.803787 0.805292 0.670653 0.975092 0.968575 0.926593 0.883302 0.811192 0.985067 0.637015 0.675708 0.814608 0.938962 0.876425 0.765604 0.947194 0.981033 0.951915 0.997570 0.892828 0.856059 0.891225 0.975682 0.896275 0.673477 0.988532 0.958268 0.968767 0.993148 0.736439 0.902024 0.958321 0.963391 0.814347 0.884568 0.944366 0.847058 0.849224 0.995914 0.842579 0.845696
0.994812 0.988307 0.859479 0.847968 0.928959 0.986847 0.949216 0.985296 0.828665 0.937184 0.889067 0.950362 0.832108 0.812466 0.828741 0.777259 0.886289 0.938081 0.840959 0.893402 0.956730 0.961903 0.713601 0.770399 0.845340 0.913336 0.719468 0.831557 0.891562 0.990943 0.786832 0.928563 0.904457 0.963516 0.845604 0.000000 0.869860 0.988660 0.813968 0.985812 0.986938 0.892510 0.823936 0.888168 0.790100 0.908005 0.959704 0.901831 0.930627 0.911461 0.976200 0.833447 0.789416 0.898833 0.900823 0.967649 0.999108 0.945407 0.993613 0.897108 0.975702 0.958325 0.916465 0.918567 0.764630 0.905681 0.895834 0.874380 0.888256 0.919461 0.962265 0.782474 0.903826 0.978853 0.893224 0.880836 0.883123 0.951677 0.932603 0.997626 0.918214 0.937799 0.811164 0.950472 0.800660 0.787025 0.896977 0.998959 0.899567 0.876075 0.917781 0.901474 0.902339 0.892715 0.918647 0.721888 0.983762 0.992122 0.959953 0.834246 0.928357 0.730169 0.891162 0.925583 0.843868 0.780485 0.949236 0.997104 0.894027 0.977822 0.938093 0.926502 0.913020 0.961971 0.670320 0.998943
0.919103 0.981370 0.833601 0.813296 0.902189 0.972535 0.965252 0.956380 0.852539 0.931962 0.968671 0.997986 0.942027 0.970653 0.927488 0.897158 0.913224 0.973998 0.946347 0.989695 0.800234 0.742794 0.873546 0.948645 0.850454 0.757993 0.900956 0.948765 0.817684 0.857856 0.707651 0.942073 0.892826 0.962788 0.823686 0.869860 0.000000 0.842901 0.818920 0.702918 0.910324 0.952482 0.665435 0.663619 0.725702 0.752310 0.814005 0.779685 0.752897 0.802425 0.740689 0.777209 0.789934 0.830061 0.777203 0.753272 0.910701 0.980378 0.994051 0.953155 0.896262 0.971710 0.917640 0.957737 0.881673 0.984230 0.810703 0.862159 0.942203 0.907512 0.946894 0.923739 0.967909 0.992830 0.961578 0.894133 0.830789 0.900573 0.911930 0.768147 0.973372 0.924792 0.935165 0.971593 0.884613 0.900136 0.925423 0.951362 0.969274 0.824283 0.960127 0.991444 0.977657 0.981101 0.844073 0.900832 0.945868 0.908593 0.866136 0.875180 0.946368 0.986423 0.939745 0.978468 0.938168 0.939323 0.955364 0.959761 0.998704 0.930130 0.975208 0.926745 0.929741 0.897731 0.846455 0.773266
0.811081 0.975707 0.813478 0.873634 0.847240 0.925198 0.921906 0.940406 0.879233 0.994957 0.900704 0.953570 0.856411 0.845716 0.916030 0.776999 0.964621 0.955038 0.930231 0.844741 0.771795 0.919663 0.866881 0.772142 0.850459 0.894621 0.856229 0.943144 0.863271 0.938983 0.701482 0.907234 0.811456 0.834705 0.974169 0.988660 0.842901 0.000000 0.977911 0.648504 0.931280 0.941361 0.757549 0.702410 0.751108 0.723438 0.890174 0.800648 0.781804 0.817995 0.729380 0.724946 0.710278 0.793624 0.904121 0.741273 0.837292 0.979938 0.999164 0.989599 0.995504 0.926309 0.961217 0.973356 0.849094 0.957010 0.822308 0.941687 0.839161 0.825297 0.899809 0.996881 0.989047 0.947774 0.856841 0.767037 0.847097 0.823955 0.949914 0.997216 0.888921 0.892363 0.818902 0.823758 0.858885 0.802931 0.976830 0.957483 0.746269 0.777771 0.941622 0.993960 0.968352 0.985692 0.965805 0.856970 0.912161 0.828436 0.998177 0.915797 0.824658 0.898963 0.933941 0.900973 0.911151 0.892623 0.932737 0.942050 0.961704 0.852532 0.835371 0.935630 0.951506 0.925736 0.976279 0.818070
