0.000000 0.115009 0.273364 0.347597 0.769465 0.668045 0.612000 0.483895 0.550616 0.644486 0.319011 0.227617 0.295464 0.329787 0.511257 0.572427 0.202337 0.186206 0.227167 0.167474 0.451332 0.944724 0.543713 0.381984 0.234083 0.489640 0.369976 0.806614 0.359323 0.358123 0.740736 0.599796 0.314566 0.374024 0.725622 0.943452 0.525091 0.519376 0.773571 0.650044 0.541403 0.588648 0.957532 0.754670 0.843301 0.922604 0.511001 0.606561 0.818482 0.654860 0.758877 0.679574 0.974615 0.724782 0.316155 0.436780 0.121364 0.123949 0.344151 0.290338 0.324188 0.414253 0.214736 0.222118 0.230350 0.335017 0.628680 0.709674 0.237681 0.279958 0.772492 0.521539 0.959972 0.910318 0.723403 0.960772 0.934615 0.940922 0.445730 0.389790 0.206928 0.238473 0.292001 0.195535 0.161317 0.166865 0.763045 0.468110 0.456867 0.224944 0.296061 0.360178 0.309033 0.327070 0.931865 0.924751 0.952142 0.883214 0.758162 0.864908 0.640787 0.659402 0.965526 0.835658 0.797972 0.812587 0.877841 0.828506 0.720584 0.765935 0.807912 0.994094 0.838494 0.970756 0.694099 0.581129
0.115009 0.000000 0.267506 0.323167 0.828548 0.669639 0.605943 0.456413 0.541487 0.667838 0.375332 0.224230 0.327767 0.335598 0.522244 0.559218 0.198631 0.184824 0.221784 0.174037 0.466109 0.981467 0.486547 0.346495 0.237886 0.487470 0.368809 0.863508 0.367682 0.344006 0.667886 0.556286 0.293059 0.345316 0.670329 0.888316 0.504201 0.509205 0.716511 0.693477 0.576105 0.602114 0.894438 0.699109 0.907060 0.855141 0.453286 0.548938 0.762197 0.596214 0.693553 0.611706 0.912333 0.796485 0.304881 0.392025 0.115797 0.116272 0.317804 0.273057 0.341426 0.396021 0.223355 0.208181 0.251006 0.339056 0.576553 0.658841 0.246118 0.257832 0.818103 0.555971 0.930473 0.938793 0.726370 0.920517 0.999051 0.932860 0.408202 0.340725 0.177700 0.243437 0.282911 0.189776 0.169213 0.164003 0.742734 0.453316 0.484888 0.211763 0.297030 0.356810 0.325126 0.314264 0.983377 0.947359 0.956893 0.917188 0.784968 0.909392 0.633593 0.652979 0.993959 0.877089 0.755344 0.764705 0.848452 0.813429 0.774330 0.726735 0.773632 0.970413 0.890145 0.983892 0.666574 0.613866
0.273364 0.267506 0.000000 0.228055 0.995787 0.828425 0.383089 0.317849 0.822518 0.916408 0.485877 0.351017 0.299098 0.333550 0.451564 0.459367 0.328863 0.313658 0.286174 0.309184 0.482228 0.929679 0.365379 0.327019 0.417866 0.517079 0.515979 0.891729 0.390585 0.442493 0.543270 0.474875 0.315879 0.332708 0.665322 0.959895 0.629518 0.586747 0.909446 0.716276 0.589414 0.580353 0.776382 0.633409 0.979179 0.797699 0.516044 0.599286 0.731131 0.593680 0.619652 0.569984 0.769334 0.986889 0.384929 0.496878 0.258862 0.267624 0.379956 0.336536 0.268471 0.335421 0.265889 0.288217 0.311710 0.317854 0.501653 0.593508 0.455191 0.353686 0.970174 0.785939 0.722784 0.835206 0.703273 0.816909 0.825338 0.835735 0.401376 0.481225 0.341630 0.422123 0.415471 0.445159 0.296885 0.275301 0.900901 0.636942 0.514102 0.372965 0.594006 0.594752 0.593032 0.558064 0.938850 0.871963 0.907694 0.956775 0.979199 0.877227 0.838564 0.917275 0.994326 0.846180 0.723744 0.677024 0.722360 0.970598 0.755431 0.797122 0.762220 0.840498 0.957679 0.900105 0.585812 0.689039
0.347597 0.323167 0.228055 0.000000 0.965804 0.908758 0.319930 0.178029 0.945139 0.887831 0.678246 0.393621 0.386745 0.356608 0.531204 0.387569 0.436921 0.430336 0.375571 0.450277 0.571118 0.958816 0.268674 0.271881 0.488132 0.523075 0.618911 0.962375 0.515692 0.505926 0.432189 0.399192 0.313403 0.373174 0.584197 0.889753 0.587530 0.606437 0.885854 0.719088 0.731697 0.675591 0.623748 0.520858 0.845519 0.676148 0.460388 0.508640 0.628196 0.452121 0.426398 0.368659 0.551299 0.757990 0.430425 0.537001 0.320599 0.328553 0.313214 0.218529 0.312723 0.274471 0.339097 0.297793 0.405980 0.298978 0.413191 0.431719 0.598998 0.356162 0.805222 0.915214 0.641515 0.791341 0.674456 0.783233 0.740854 0.765254 0.349770 0.464264 0.422147 0.585789 0.451233 0.528911 0.383753 0.297147 0.984806 0.653873 0.530151 0.392570 0.690319 0.672255 0.666159 0.580181 0.851431 0.875975 0.858486 0.911193 0.876046 0.794376 0.922924 0.988051 0.965921 0.833548 0.643399 0.571850 0.654631 0.838602 0.860154 0.728971 0.709669 0.746563 0.851890 0.841237 0.492241 0.873877
0.769465 0.828548 0.995787 0.965804 0.000000 0.712300 0.827968 0.831810 0.562361 0.550356 0.845990 0.971099 0.952990 0.931243 0.769855 0.690424 0.934385 0.917714 0.906205 0.799610 0.949637 0.834524 0.782904 0.878241 0.798846 0.926603 0.887522 0.865505 0.908924 0.917036 0.725484 0.758085 0.985477 0.916697 0.992899 0.716907 0.887303 0.833821 0.873006 0.931268 0.795161 0.958897 0.828086 0.875973 0.692815 0.789336 0.992625 0.919491 0.886467 0.894423 0.797413 0.807837 0.642558 0.539381 0.941786 0.933992 0.819491 0.848302 0.896847 0.853300 0.896540 0.818564 0.979977 0.992227 0.864051 0.933746 0.886849 0.836968 0.666712 0.817510 0.668397 0.666713 0.649796 0.597233 0.816260 0.877870 0.846043 0.805888 0.985431 0.912509 0.903333 0.821363 0.984267 0.774161 0.845142 0.842650 0.906325 0.751923 0.758681 0.814163 0.737137 0.823111 0.780485 0.740749 0.805846 0.997652 0.840190 0.868011 0.778373 0.840402 0.670179 0.693767 0.713375 0.932521 0.894126 0.836764 0.896107 0.951837 0.908794 0.970556 0.912106 0.890940 0.768949 0.827841 0.846352 0.752314
0.668045 0.669639 0.828425 0.908758 0.712300 0.000000 0.854355 0.937011 0.514598 0.608953 0.621880 0.724162 0.896713 0.856895 0.998772 0.953640 0.695664 0.709142 0.749348 0.660326 0.934502 0.928699 0.942443 0.918978 0.776753 0.835209 0.717965 0.973343 0.796320 0.746487 0.888430 0.937840 0.799182 0.926797 0.995643 0.948584 0.931521 0.910211 0.956436 0.959929 0.716208 0.872066 0.765472 0.855561 0.695296 0.855381 0.985005 0.968450 0.912251 0.915958 0.846915 0.836948 0.707530 0.573776 0.963040 0.932694 0.664191 0.678319 0.810986 0.805588 0.851274 0.932947 0.806397 0.785779 0.646858 0.908571 0.975961 0.923406 0.611457 0.799184 0.723134 0.688353 0.646117 0.608509 0.863852 0.873294 0.671232 0.730073 0.956610 0.987546 0.813970 0.756207 0.773446 0.676436 0.735390 0.761997 0.911954 0.740446 0.919152 0.796858 0.490686 0.607106 0.605215 0.636233 0.820458 0.857572 0.851057 0.873910 0.641182 0.680947 0.702942 0.700011 0.874159 0.848673 0.771514 0.816188 0.869734 0.705754 0.787684 0.975281 0.867924 0.919643 0.699181 0.735924 0.804075 0.794430
0.612000 0.605943 0.383089 0.319930 0.827968 0.854355 0.000000 0.207278 0.886892 0.544817 0.932996 0.641724 0.599685 0.552061 0.666054 0.546995 0.638212 0.645325 0.473240 0.685206 0.590288 0.878945 0.288270 0.560404 0.759642 0.597930 0.807938 0.994816 0.566835 0.659938 0.294914 0.396538 0.349508 0.338284 0.561452 0.845588 0.652763 0.669839 0.920718 0.781437 0.892413 0.629140 0.431041 0.349460 0.478677 0.406666 0.437239 0.441882 0.403274 0.333075 0.284418 0.288017 0.347903 0.517488 0.484911 0.513711 0.558191 0.578250 0.345338 0.371925 0.380425 0.359080 0.399488 0.412095 0.732100 0.564733 0.269157 0.318798 0.913235 0.528992 0.525509 0.846330 0.382117 0.473710 0.680737 0.594828 0.516341 0.486539 0.393372 0.573318 0.629358 0.848460 0.623471 0.821527 0.629210 0.597108 0.744652 0.966780 0.681689 0.604439 0.984082 0.982868 0.968917 0.913872 0.645192 0.648010 0.653298 0.740062 0.492491 0.434180 0.789285 0.689597 0.615247 0.533013 0.432403 0.387707 0.574321 0.674375 0.953346 0.688444 0.598619 0.548438 0.541455 0.496557 0.303833 0.987296
0.483895 0.456413 0.317849 0.178029 0.831810 0.937011 0.207278 0.000000 0.859426 0.666645 0.800859 0.451896 0.458228 0.410632 0.559187 0.353645 0.526166 0.523657 0.451956 0.586477 0.587012 0.941271 0.247224 0.345219 0.636476 0.584985 0.750637 0.971232 0.514530 0.523046 0.337348 0.408296 0.324195 0.359723 0.545522 0.836878 0.581769 0.562872 0.964470 0.725872 0.796605 0.683842 0.520308 0.434219 0.648596 0.541087 0.462022 0.502280 0.532476 0.388494 0.316782 0.290384 0.387033 0.558642 0.447951 0.543507 0.432719 0.434163 0.364084 0.294585 0.293295 0.193839 0.360535 0.303533 0.550343 0.334167 0.347991 0.332364 0.791466 0.436953 0.625185 0.890821 0.467150 0.589463 0.644521 0.661223 0.639371 0.616756 0.363063 0.518587 0.513081 0.737442 0.526731 0.672446 0.518855 0.432780 0.934918 0.809017 0.603296 0.506973 0.842405 0.794350 0.789889 0.689160 0.743372 0.779520 0.808537 0.881251 0.714573 0.641877 0.924157 0.880405 0.828697 0.739251 0.494988 0.522680 0.634567 0.771861 0.934749 0.695217 0.675779 0.678788 0.707909 0.702191 0.420343 0.952877
0.550616 0.541487 0.822518 0.945139 0.562361 0.514598 0.886892 0.859426 0.000000 0.501266 0.616467 0.698831 0.877943 0.812950 0.954468 0.868707 0.553496 0.565215 0.620070 0.522940 0.794845 0.920802 0.942568 0.899158 0.495121 0.734116 0.582354 0.924079 0.745651 0.743862 0.884372 0.913144 0.728015 0.758224 0.939652 0.970796 0.711593 0.845991 0.814385 0.884796 0.757649 0.929507 0.930149 0.926203 0.837793 0.991657 0.735776 0.779547 0.875878 0.855064 0.958662 0.997974 0.781117 0.577098 0.673131 0.555714 0.543433 0.572208 0.637590 0.705429 0.958129 0.951137 0.720406 0.747539 0.690234 0.948416 0.916766 0.964498 0.436227 0.732035 0.622866 0.496547 0.702871 0.655161 0.953973 0.995147 0.833379 0.723848 0.848039 0.739965 0.566458 0.476777 0.633411 0.401916 0.553903 0.619546 0.823367 0.542824 0.694704 0.557012 0.444788 0.625720 0.497928 0.572900 0.849474 0.999556 0.965201 0.954812 0.717018 0.887458 0.613100 0.671745 0.968167 0.923906 0.916583 0.937989 0.959824 0.779855 0.772046 0.911894 0.892613 0.932511 0.817458 0.884147 0.963540 0.706789
0.644486 0.667838 0.916408 0.887831 0.550356 0.608953 0.544817 0.666645 0.501266 0.000000 0.533356 0.789584 0.817557 0.941779 0.930576 0.824519 0.760761 0.721717 0.902298 0.648825 0.895396 0.860122 0.687695 0.949506 0.627685 0.952024 0.699784 0.745964 0.991695 0.910498 0.496536 0.733857 0.884668 0.859473 0.824868 0.832027 0.995540 0.844436 0.799528 0.943516 0.672963 0.975216 0.495437 0.573277 0.341427 0.456134 0.823166 0.742923 0.556810 0.603164 0.483032 0.551477 0.386554 0.276580 0.961980 0.989932 0.702549 0.693526 0.934299 0.975769 0.976155 0.814564 0.960971 0.961572 0.621285 0.877594 0.599327 0.540902 0.446164 0.819715 0.317231 0.396749 0.483377 0.430635 0.864288 0.678303 0.505752 0.459964 0.884440 0.938619 0.710230 0.506750 0.830811 0.547734 0.657510 0.699755 0.636552 0.615015 0.832804 0.767270 0.466605 0.523051 0.587227 0.645714 0.542465 0.764973 0.735311 0.650260 0.361232 0.424150 0.444444 0.466871 0.606095 0.676525 0.603904 0.625158 0.775324 0.554153 0.737632 0.807529 0.788441 0.559824 0.428164 0.641235 0.603829 0.586984
0.319011 0.375332 0.485877 0.678246 0.845990 0.621880 0.932996 0.800859 0.616467 0.533356 0.000000 0.274206 0.303087 0.348540 0.431028 0.584532 0.282435 0.240053 0.451447 0.271304 0.568501 0.846002 0.847223 0.587830 0.414476 0.769187 0.412848 0.731431 0.359711 0.339845 0.970757 0.883642 0.612149 0.599756 0.974200 0.935751 0.712066 0.675138 0.859107 0.763448 0.484933 0.895195 0.675128 0.848060 0.580469 0.723670 0.904081 0.996689 0.778476 0.930078 0.797950 0.868104 0.714341 0.485486 0.556369 0.713088 0.362189 0.332969 0.797841 0.744280 0.384747 0.545444 0.398614 0.406090 0.247716 0.417266 0.981131 0.936470 0.387286 0.626709 0.608591 0.564669 0.875021 0.804749 0.700312 0.879296 0.640497 0.776013 0.755105 0.659701 0.420092 0.329207 0.431854 0.360606 0.339514 0.403618 0.562899 0.630569 0.636014 0.547756 0.306044 0.314263 0.292418 0.400240 0.731646 0.936838 0.672161 0.595852 0.440388 0.556627 0.537778 0.583047 0.783763 0.939195 0.843744 0.853743 0.811881 0.613811 0.658329 0.994229 0.939556 0.727301 0.554150 0.710074 0.944428 0.536596
0.227617 0.224230 0.351017 0.393621 0.971099 0.724162 0.641724 0.451896 0.698831 0.789584 0.274206 0.000000 0.209912 0.193731 0.321977 0.348210 0.161290 0.156547 0.280371 0.223389 0.475186 0.875164 0.466496 0.347684 0.297551 0.581853 0.403681 0.869901 0.260589 0.193424 0.651023 0.568533 0.331438 0.352398 0.673188 0.824806 0.527044 0.537701 0.760751 0.685493 0.575470 0.769687 0.978900 0.783109 0.897327 0.923967 0.575585 0.665356 0.901649 0.702278 0.785367 0.709725 0.905810 0.859610 0.334909 0.491069 0.229259 0.188831 0.534619 0.455542 0.217120 0.257492 0.209395 0.164368 0.211357 0.227651 0.703869 0.705541 0.366760 0.400735 0.889473 0.731652 0.847271 0.952886 0.601353 0.945424 0.941361 0.992756 0.463914 0.371082 0.239799 0.297932 0.233175 0.262435 0.227128 0.232092 0.657696 0.506833 0.488608 0.374967 0.326634 0.332169 0.292493 0.305139 0.905871 0.977662 0.820096 0.764555 0.684171 0.810890 0.654794 0.707047 0.976110 0.936271 0.814460 0.867417 0.951724 0.751100 0.684128 0.766631 0.834151 0.945251 0.790068 0.852551 0.668517 0.629969
0.295464 0.327767 0.299098 0.386745 0.952990 0.896713 0.599685 0.458228 0.877943 0.817557 0.303087 0.209912 0.000000 0.173731 0.230869 0.298237 0.275185 0.246617 0.325858 0.310971 0.495791 0.955396 0.463625 0.324834 0.373711 0.536074 0.443573 0.818802 0.349253 0.344089 0.699483 0.537786 0.408571 0.397153 0.721286 0.953377 0.684620 0.649174 0.915377 0.738729 0.581917 0.739213 0.983028 0.866144 0.817786 0.957846 0.673778 0.781658 0.980578 0.808134 0.847178 0.766413 0.918302 0.872855 0.384484 0.603757 0.323282 0.289114 0.616084 0.530134 0.204212 0.318253 0.251987 0.267650 0.241472 0.211502 0.761147 0.790336 0.466950 0.462005 0.838357 0.778995 0.779776 0.875412 0.598814 0.990871 0.967346 0.985468 0.532959 0.456552 0.319119 0.318987 0.325522 0.381131 0.241837 0.239186 0.703905 0.558091 0.533483 0.455834 0.507820 0.475379 0.466144 0.492361 0.883832 0.995328 0.840636 0.743102 0.764416 0.874452 0.716473 0.886298 0.922085 0.923222 0.859537 0.875353 0.940780 0.823128 0.646506 0.912924 0.879084 0.864759 0.769660 0.884788 0.649993 0.605507
0.329787 0.335598 0.333550 0.356608 0.931243 0.856895 0.552061 0.410632 0.812950 0.941779 0.348540 0.193731 0.173731 0.000000 0.221985 0.229208 0.225525 0.221330 0.290615 0.308736 0.521744 0.912296 0.377614 0.260501 0.384525 0.531776 0.464122 0.881014 0.308674 0.266547 0.574285 0.477322 0.368177 0.333071 0.694190 0.908158 0.630603 0.665033 0.857390 0.713132 0.644035 0.796972 0.904675 0.752143 0.961558 0.879215 0.571989 0.641977 0.869487 0.667445 0.706290 0.632096 0.771297 0.987815 0.333932 0.509236 0.321744 0.282582 0.551194 0.487047 0.214086 0.266451 0.241303 0.224263 0.302609 0.228348 0.669405 0.675012 0.529487 0.499733 0.957039 0.822633 0.736836 0.781482 0.572244 0.869864 0.949059 0.964440 0.474389 0.446295 0.311298 0.356632 0.289744 0.365718 0.278934 0.256250 0.708405 0.523049 0.545127 0.434649 0.499848 0.497676 0.448930 0.462879 0.988209 0.965885 0.844485 0.803309 0.839220 0.984295 0.779075 0.899079 0.945339 0.835655 0.833201 0.763293 0.895047 0.854984 0.651986 0.878071 0.772839 0.997904 0.877061 0.930029 0.623189 0.698822
0.511257 0.522244 0.451564 0.531204 0.769855 0.998772 0.666054 0.559187 0.954468 0.930576 0.431028 0.321977 0.230869 0.221985 0.000000 0.281586 0.366470 0.358366 0.480317 0.450270 0.563586 0.923370 0.456173 0.380924 0.528095 0.617651 0.603348 0.832211 0.386220 0.363473 0.667562 0.605914 0.526336 0.455901 0.760902 0.914483 0.809293 0.861228 0.882100 0.856218 0.797473 0.867494 0.910288 0.805255 0.975690 0.944117 0.709666 0.748990 0.949261 0.797287 0.812975 0.767553 0.812976 0.966033 0.460955 0.627783 0.521769 0.482198 0.764459 0.708945 0.302535 0.391827 0.406111 0.405712 0.377237 0.318991 0.802032 0.816078 0.678881 0.689189 0.923341 0.896412 0.683001 0.738991 0.607979 0.905700 0.916521 0.912524 0.546979 0.528176 0.429280 0.452485 0.432268 0.522455 0.393234 0.427382 0.787091 0.606853 0.680420 0.623770 0.673543 0.635394 0.600037 0.657651 0.972716 0.959875 0.773455 0.756358 0.868976 0.968970 0.776597 0.941148 0.944126 0.890411 0.880971 0.858005 0.909282 0.825141 0.653322 0.964219 0.872827 0.946276 0.897916 0.907907 0.697387 0.794891
0.572427 0.559218 0.459367 0.387569 0.690424 0.953640 0.546995 0.353645 0.868707 0.824519 0.584532 0.348210 0.298237 0.229208 0.281586 0.000000 0.441914 0.436727 0.538333 0.587093 0.601828 0.909324 0.360350 0.307757 0.590475 0.620855 0.707267 0.968186 0.443055 0.371501 0.508456 0.478927 0.485014 0.455083 0.701058 0.872477 0.769612 0.749037 0.938919 0.742648 0.822467 0.928015 0.812064 0.730413 0.903995 0.819421 0.679803 0.692799 0.847202 0.656416 0.614764 0.551896 0.581127 0.707394 0.483139 0.657785 0.531412 0.489362 0.662896 0.586997 0.290690 0.249830 0.404735 0.359236 0.485505 0.256992 0.678700 0.579916 0.827045 0.612553 0.860545 0.943831 0.637646 0.690170 0.568981 0.751934 0.819596 0.841976 0.503598 0.511779 0.503122 0.616293 0.441970 0.620844 0.520514 0.453458 0.747866 0.759190 0.684354 0.633374 0.743470 0.656996 0.667225 0.630355 0.911231 0.960103 0.801730 0.814126 0.965831 0.921504 0.928049 0.999919 0.955297 0.940636 0.802648 0.809708 0.800869 0.966078 0.801900 0.922318 0.808451 0.940076 0.999015 0.995827 0.620038 0.867349
0.202337 0.198631 0.328863 0.436921 0.934385 0.695664 0.638212 0.526166 0.553496 0.760761 0.282435 0.161290 0.275185 0.225525 0.366470 0.441914 0.000000 0.129940 0.209867 0.182727 0.456604 0.948289 0.478863 0.360427 0.257525 0.525823 0.399801 0.862844 0.211959 0.195349 0.627932 0.540089 0.286621 0.304582 0.676394 0.822301 0.551864 0.614955 0.750975 0.695996 0.621925 0.719510 0.908904 0.705436 0.984598 0.814604 0.450651 0.539740 0.767751 0.605018 0.733993 0.662235 0.896500 0.839562 0.280391 0.368740 0.194333 0.171451 0.440133 0.430002 0.281614 0.357504 0.193186 0.182762 0.259726 0.329157 0.607331 0.647930 0.332900 0.385227 0.864033 0.648454 0.870290 0.937186 0.663834 0.854833 0.974236 0.974690 0.428388 0.346852 0.174466 0.236855 0.216438 0.212225 0.192071 0.220818 0.692063 0.476097 0.506079 0.295588 0.337547 0.384670 0.300803 0.345614 0.999110 0.947124 0.948508 0.844504 0.782560 0.918614 0.689445 0.684505 0.895896 0.800121 0.789387 0.774761 0.927437 0.776064 0.681938 0.733071 0.776699 0.927550 0.886170 0.910312 0.650178 0.620680
0.186206 0.184824 0.313658 0.430336 0.917714 0.709142 0.645325 0.523657 0.565215 0.721717 0.240053 0.156547 0.246617 0.221330 0.358366 0.436727 0.129940 0.000000 0.225601 0.175299 0.453980 0.893646 0.505361 0.346479 0.263647 0.513187 0.401253 0.784842 0.227699 0.216927 0.685818 0.557060 0.318377 0.326389 0.708306 0.828613 0.577249 0.572779 0.758102 0.696120 0.615387 0.713315 0.957564 0.758100 0.919403 0.886933 0.519326 0.600154 0.837355 0.658032 0.786524 0.709202 0.931604 0.792515 0.277781 0.414228 0.178911 0.157488 0.467549 0.445379 0.268979 0.348110 0.196657 0.182902 0.211788 0.289156 0.648211 0.700098 0.326230 0.386489 0.835888 0.625278 0.905659 0.974698 0.679051 0.890125 0.947630 0.969032 0.434407 0.365644 0.177712 0.219245 0.232626 0.207435 0.180251 0.211385 0.646610 0.488117 0.526444 0.305431 0.314010 0.335612 0.285518 0.327133 0.991995 0.927855 0.885303 0.830632 0.727125 0.887329 0.641266 0.656759 0.961913 0.879687 0.819020 0.822593 0.940491 0.754969 0.666885 0.799647 0.815077 0.966232 0.843930 0.935789 0.651506 0.585183
0.227167 0.221784 0.286174 0.375571 0.906205 0.749348 0.473240 0.451956 0.620070 0.902298 0.451447 0.280371 0.325858 0.290615 0.480317 0.538333 0.209867 0.225601 0.000000 0.200154 0.491516 0.884103 0.350742 0.393023 0.316054 0.509384 0.443186 0.933201 0.286887 0.341147 0.499214 0.428666 0.223486 0.250611 0.601391 0.830457 0.519508 0.594431 0.812544 0.661286 0.606247 0.594408 0.753498 0.555018 0.885906 0.672730 0.344087 0.435401 0.635026 0.474086 0.597353 0.542750 0.788152 0.936748 0.260718 0.359432 0.227717 0.221368 0.343601 0.349688 0.315686 0.387786 0.198413 0.206913 0.344295 0.426363 0.463349 0.579066 0.372168 0.343057 0.997281 0.740741 0.709896 0.801675 0.695896 0.819852 0.833233 0.880107 0.391456 0.373518 0.236101 0.323806 0.280294 0.302062 0.221672 0.233996 0.811594 0.526340 0.542219 0.275997 0.483535 0.555235 0.457690 0.456428 0.816374 0.813526 0.867070 0.905635 0.977499 0.873819 0.884823 0.842587 0.745524 0.649072 0.623744 0.589886 0.781728 0.889682 0.767721 0.655499 0.643717 0.846382 0.964079 0.877386 0.531798 0.638796
0.167474 0.174037 0.309184 0.450277 0.799610 0.660326 0.685206 0.586477 0.522940 0.648825 0.271304 0.223389 0.310971 0.308736 0.450270 0.587093 0.182727 0.175299 0.200154 0.000000 0.444391 0.958494 0.530887 0.425497 0.272018 0.541221 0.355068 0.852231 0.313532 0.306768 0.696430 0.627142 0.334367 0.347845 0.763042 0.869443 0.561912 0.557949 0.774884 0.725862 0.525819 0.676846 0.975420 0.772096 0.864290 0.919303 0.516924 0.623805 0.852753 0.689579 0.836860 0.758086 0.973641 0.694457 0.332054 0.437709 0.195152 0.185130 0.471493 0.429679 0.351239 0.454140 0.250614 0.249563 0.238142 0.398284 0.684034 0.780288 0.249339 0.363264 0.792036 0.584631 0.940135 0.969876 0.730021 0.959153 0.953552 0.950426 0.479320 0.425867 0.232636 0.241033 0.313122 0.226760 0.199712 0.234895 0.712207 0.495321 0.535139 0.283757 0.309180 0.383083 0.321578 0.341713 0.965666 0.917274 0.961857 0.863477 0.732593 0.839386 0.644345 0.640226 0.997744 0.844787 0.823829 0.846782 0.937534 0.764161 0.775475 0.782982 0.852632 0.977101 0.823045 0.908745 0.744625 0.579748
0.451332 0.466109 0.482228 0.571118 0.949637 0.934502 0.590288 0.587012 0.794845 0.895396 0.568501 0.475186 0.495791 0.521744 0.563586 0.601828 0.456604 0.453980 0.491516 0.444391 0.000000 0.941871 0.593389 0.588328 0.540454 0.637740 0.597016 0.956416 0.453624 0.485010 0.654161 0.561937 0.426034 0.457820 0.969953 0.929315 0.704117 0.703793 0.909196 0.784559 0.797037 0.769030 0.837630 0.701785 0.887167 0.789450 0.619527 0.605246 0.737848 0.649462 0.732608 0.675477 0.802996 0.983589 0.485132 0.575500 0.464294 0.471206 0.539706 0.562771 0.442740 0.530173 0.401156 0.438859 0.525164 0.542663 0.633825 0.691140 0.585197 0.620797 0.972273 0.806589 0.775417 0.826632 0.783428 0.831038 0.934931 0.938641 0.547718 0.409388 0.439675 0.534320 0.456913 0.554506 0.496802 0.514320 0.933478 0.850743 0.657479 0.574965 0.621182 0.657118 0.647040 0.696214 0.989105 0.800571 0.911315 0.919690 0.969644 0.973981 0.801421 0.883748 0.919706 0.807381 0.772073 0.736154 0.890234 0.863022 0.794373 0.843607 0.828319 0.972725 0.985499 0.777019 0.603499 0.797219
0.944724 0.981467 0.929679 0.958816 0.834524 0.928699 0.878945 0.941271 0.920802 0.860122 0.846002 0.875164 0.955396 0.912296 0.923370 0.909324 0.948289 0.893646 0.884103 0.958494 0.941871 0.000000 0.833027 0.975640 0.966873 0.874110 0.871546 0.801883 0.975690 0.884457 0.782119 0.798530 0.898276 0.873183 0.893322 0.958639 0.886976 0.873633 0.978099 0.927106 0.966220 0.767333 0.750413 0.754238 0.805355 0.775386 0.789885 0.818873 0.749871 0.809135 0.795093 0.815220 0.887265 0.877632 0.982480 0.955011 0.924643 0.924340 0.927207 0.953047 0.935840 0.969746 0.964082 0.969697 0.928894 0.870298 0.779511 0.958298 0.991001 0.934543 0.833733 0.950398 0.902870 0.803967 0.997458 0.966115 0.721289 0.931626 0.976685 0.996532 0.995507 0.926381 0.956649 0.935554 0.991360 0.994315 0.892710 0.978514 0.968706 0.948524 0.842942 0.753283 0.813481 0.800195 0.727595 0.819749 0.823332 0.876266 0.682897 0.831850 0.888653 0.894347 0.831771 0.824900 0.818466 0.726011 0.851138 0.956015 0.916366 0.700170 0.919218 0.842952 0.759131 0.725605 0.888666 0.848805
0.543713 0.486547 0.365379 0.268674 0.782904 0.942443 0.288270 0.247224 0.942568 0.687695 0.847223 0.466496 0.463625 0.377614 0.456173 0.360350 0.478863 0.505361 0.350742 0.530887 0.593389 0.833027 0.000000 0.340171 0.559271 0.526857 0.740722 0.965994 0.465056 0.490849 0.231542 0.299118 0.289271 0.301276 0.465645 0.759096 0.620038 0.704354 0.876722 0.820671 0.914781 0.674029 0.418551 0.316935 0.553874 0.423195 0.312774 0.344069 0.456685 0.309790 0.304510 0.269280 0.393357 0.527184 0.393506 0.447308 0.508945 0.482304 0.410201 0.387721 0.373231 0.321826 0.374846 0.327497 0.572149 0.442318 0.331612 0.346283 0.766408 0.465772 0.584095 0.836047 0.406519 0.487948 0.633389 0.623137 0.504973 0.632801 0.312994 0.427856 0.451436 0.663068 0.470536 0.646798 0.468413 0.424364 0.963896 0.708304 0.690012 0.469751 0.885185 0.867653 0.825734 0.723835 0.695843 0.747296 0.845058 0.777628 0.653706 0.565255 0.889409 0.842915 0.639120 0.651606 0.434773 0.415807 0.620925 0.861866 0.924064 0.636852 0.616455 0.667642 0.671965 0.719702 0.394731 0.969717
0.381984 0.346495 0.327019 0.271881 0.878241 0.918978 0.560404 0.345219 0.899158 0.949506 0.587830 0.347684 0.324834 0.260501 0.380924 0.307757 0.360427 0.346479 0.393023 0.425497 0.588328 0.975640 0.340171 0.000000 0.436611 0.484531 0.636286 0.925548 0.487193 0.418280 0.571898 0.488949 0.396192 0.438900 0.633073 0.917240 0.678152 0.693651 0.831400 0.818500 0.756880 0.736716 0.784921 0.682666 0.966078 0.805178 0.493654 0.577120 0.785808 0.573320 0.574090 0.494410 0.653270 0.825676 0.386232 0.539183 0.344727 0.327115 0.473604 0.401761 0.355959 0.331186 0.365888 0.330761 0.382435 0.267682 0.553555 0.575074 0.555217 0.424016 0.985457 0.925713 0.768013 0.818481 0.753191 0.842434 0.861516 0.984750 0.463409 0.458596 0.342527 0.429796 0.392756 0.424156 0.342097 0.263243 0.787662 0.499915 0.568138 0.393008 0.629180 0.580433 0.597269 0.554296 0.938646 0.946417 0.971486 0.985125 0.963922 0.903068 0.882008 0.902978 0.957867 0.856522 0.760069 0.714196 0.877905 0.925971 0.660563 0.879107 0.758215 0.952509 0.967636 0.962938 0.707217 0.805670
0.234083 0.237886 0.417866 0.488132 0.798846 0.776753 0.759642 0.636476 0.495121 0.627685 0.414476 0.297551 0.373711 0.384525 0.528095 0.590475 0.257525 0.263647 0.316054 0.272018 0.540454 0.966873 0.559271 0.436611 0.000000 0.355896 0.427572 0.840157 0.459865 0.433948 0.787330 0.562848 0.398934 0.438721 0.683751 0.989889 0.529482 0.559656 0.634465 0.724180 0.616001 0.614229 0.928639 0.749496 0.860210 0.928196 0.483853 0.604447 0.842540 0.660341 0.810147 0.713957 0.990886 0.773476 0.420082 0.450050 0.256224 0.234228 0.474676 0.427789 0.487098 0.547167 0.344691 0.322277 0.309965 0.413412 0.749588 0.783617 0.260773 0.405222 0.794367 0.557235 0.992810 0.903852 0.736438 0.955192 0.931759 0.886050 0.509671 0.420579 0.238048 0.240658 0.333156 0.191157 0.220267 0.227086 0.673339 0.424159 0.442355 0.283288 0.334532 0.398850 0.326281 0.336246 0.885605 0.981813 0.945318 0.855481 0.733812 0.873537 0.623911 0.652200 0.983491 0.908125 0.852355 0.769739 0.870311 0.678378 0.777100 0.802015 0.894738 0.924925 0.833378 0.914048 0.740056 0.614560
0.489640 0.487470 0.517079 0.523075 0.926603 0.835209 0.597930 0.584985 0.734116 0.952024 0.769187 0.581853 0.536074 0.531776 0.617651 0.620855 0.525823 0.513187 0.509384 0.541221 0.637740 0.874110 0.526857 0.484531 0.355896 0.000000 0.593488 0.891353 0.643041 0.643795 0.636428 0.538220 0.483762 0.443257 0.628967 0.998001 0.627666 0.618006 0.742390 0.809415 0.894698 0.504895 0.700452 0.584207 0.870474 0.724808 0.455873 0.528538 0.682233 0.540600 0.594770 0.516455 0.717158 0.897644 0.429277 0.439669 0.486388 0.479343 0.492580 0.468098 0.623484 0.616688 0.490694 0.496863 0.592188 0.547303 0.615309 0.635260 0.548281 0.480875 0.974530 0.792635 0.838579 0.879021 0.817348 0.836358 0.816792 0.880054 0.523264 0.524001 0.427956 0.501512 0.522438 0.446608 0.440323 0.402332 0.794430 0.633365 0.485814 0.439700 0.723489 0.752682 0.704725 0.617645 0.967781 0.755881 0.841625 0.991203 0.875259 0.814034 0.865262 0.994864 0.919508 0.772693 0.705431 0.625613 0.722061 0.957926 0.845141 0.827644 0.960655 0.905550 0.895506 0.827246 0.639531 0.814229
0.369976 0.368809 0.515979 0.618911 0.887522 0.717965 0.807938 0.750637 0.582354 0.699784 0.412848 0.403681 0.443573 0.464122 0.603348 0.707267 0.399801 0.401253 0.443186 0.355068 0.597016 0.871546 0.740722 0.636286 0.427572 0.593488 0.000000 0.876823 0.550420 0.514079 0.837054 0.727429 0.555583 0.508200 0.842677 0.865440 0.560716 0.703611 0.741589 0.753055 0.652576 0.762247 0.897034 0.944887 0.779831 0.944038 0.725676 0.825820 0.983843 0.871641 0.945065 0.861793 0.891223 0.676504 0.510041 0.628592 0.395108 0.387072 0.634653 0.573679 0.508369 0.614908 0.435975 0.457171 0.422030 0.548767 0.846445 0.957709 0.416994 0.590681 0.716061 0.575258 0.973177 0.864590 0.642995 0.916858 0.897901 0.803910 0.712677 0.607048 0.480098 0.416028 0.480857 0.426420 0.367048 0.400947 0.743184 0.633386 0.595577 0.530057 0.384089 0.492704 0.439922 0.503432 0.833802 0.931947 0.855881 0.757568 0.708852 0.719335 0.540094 0.719724 0.875160 0.881288 0.995415 0.869656 0.993351 0.679940 0.874807 0.943969 0.864671 0.898758 0.779209 0.912326 0.783118 0.735640
0.806614 0.863508 0.891729 0.962375 0.865505 0.973343 0.994816 0.971232 0.924079 0.745964 0.731431 0.869901 0.818802 0.881014 0.832211 0.968186 0.862844 0.784842 0.933201 0.852231 0.956416 0.801883 0.965994 0.925548 0.840157 0.891353 0.876823 0.000000 0.948874 0.953523 0.735400 0.881429 0.971528 0.996512 0.969726 0.894531 0.985168 0.926854 0.943986 0.933059 0.982351 0.824490 0.868269 0.917568 0.785173 0.805518 0.919475 0.924035 0.847968 0.847204 0.841836 0.861212 0.844064 0.738255 0.937348 0.992576 0.818263 0.808195 0.998217 0.990651 0.880774 0.969865 0.884268 0.899499 0.749393 0.791816 0.857573 0.794946 0.804273 0.895648 0.827561 0.785848 0.898011 0.934427 0.999848 0.995081 0.770077 0.827854 0.957512 0.946363 0.850518 0.728177 0.945839 0.855240 0.775298 0.813955 0.943500 0.908097 0.993490 0.822856 0.827931 0.801162 0.825347 0.913889 0.894358 0.968356 0.841574 0.897434 0.807547 0.841619 0.719209 0.875777 0.894984 0.996600 0.972815 0.859497 0.895454 0.906500 0.891504 0.820519 0.967979 0.803484 0.876996 0.927273 0.978293 0.762243
0.359323 0.367682 0.390585 0.515692 0.908924 0.796320 0.566835 0.514530 0.745651 0.991695 0.359711 0.260589 0.349253 0.308674 0.386220 0.443055 0.211959 0.227699 0.286887 0.313532 0.453624 0.975690 0.465056 0.487193 0.459865 0.643041 0.550420 0.948874 0.000000 0.184063 0.555091 0.558023 0.299922 0.297787 0.697607 0.756047 0.613120 0.656026 0.855392 0.695489 0.712949 0.717216 0.812690 0.630112 0.838229 0.696435 0.489425 0.545620 0.689256 0.574256 0.689446 0.663302 0.800951 0.991760 0.335813 0.412596 0.356891 0.333031 0.550386 0.552045 0.287021 0.339772 0.254530 0.250072 0.369187 0.412493 0.552855 0.588738 0.542140 0.495741 0.914491 0.880543 0.727389 0.756018 0.689607 0.804234 0.880224 0.796062 0.450039 0.416436 0.314759 0.433229 0.282028 0.420358 0.359193 0.419414 0.768617 0.651870 0.627381 0.463851 0.544303 0.559167 0.451882 0.502627 0.918040 0.856030 0.994781 0.891231 0.925785 0.968032 0.895885 0.820382 0.780738 0.770671 0.726890 0.740046 0.852334 0.928248 0.708523 0.676353 0.775958 0.886094 0.980583 0.922873 0.588366 0.750108
0.358123 0.344006 0.442493 0.505926 0.917036 0.746487 0.659938 0.523046 0.743862 0.910498 0.339845 0.193424 0.344089 0.266547 0.363473 0.371501 0.195349 0.216927 0.341147 0.306768 0.485010 0.884457 0.490849 0.418280 0.433948 0.643795 0.514079 0.953523 0.184063 0.000000 0.547839 0.566808 0.351765 0.347545 0.726551 0.705708 0.583716 0.560819 0.752973 0.722443 0.689261 0.796301 0.949558 0.754768 0.959397 0.810377 0.542084 0.612565 0.833129 0.659104 0.762165 0.707339 0.849231 0.950571 0.352561 0.490774 0.342389 0.301906 0.591550 0.567715 0.264710 0.286164 0.265506 0.228629 0.334362 0.339244 0.644709 0.636198 0.514815 0.490096 0.993863 0.845876 0.806914 0.871148 0.657249 0.844043 0.989347 0.928511 0.481249 0.408659 0.307228 0.441296 0.257820 0.386452 0.374862 0.393030 0.680252 0.609894 0.604979 0.474113 0.418616 0.379262 0.363076 0.367587 0.972474 0.931502 0.872228 0.793265 0.760898 0.874457 0.818869 0.686409 0.914509 0.922437 0.844231 0.846034 0.954755 0.768227 0.752360 0.748104 0.820655 0.971596 0.878090 0.930214 0.683329 0.761434
0.740736 0.667886 0.543270 0.432189 0.725484 0.888430 0.294914 0.337348 0.884372 0.496536 0.970757 0.651023 0.699483 0.574285 0.667562 0.508456 0.627932 0.685818 0.499214 0.696430 0.654161 0.782119 0.231542 0.571898 0.787330 0.636428 0.837054 0.735400 0.555091 0.547839 0.000000 0.317614 0.342687 0.307405 0.524340 0.637303 0.645961 0.741324 0.926276 0.863814 0.985503 0.760279 0.395138 0.301813 0.400309 0.310832 0.331319 0.333096 0.382852 0.290481 0.272478 0.255288 0.344339 0.422318 0.488421 0.478885 0.682175 0.672477 0.454194 0.492644 0.501910 0.412881 0.478547 0.451587 0.833077 0.680570 0.280572 0.283594 0.980086 0.611593 0.465904 0.744455 0.407321 0.455212 0.738848 0.569977 0.397344 0.508583 0.371579 0.524496 0.622298 0.931817 0.614662 0.845066 0.723916 0.673674 0.848884 0.901516 0.791697 0.642669 0.998463 0.985731 0.977038 0.840565 0.551866 0.704374 0.720120 0.770067 0.506954 0.485842 0.770228 0.786556 0.568532 0.640947 0.436869 0.396628 0.599292 0.767584 0.887138 0.591686 0.646929 0.509003 0.526568 0.654486 0.397636 0.852556
0.599796 0.556286 0.474875 0.399192 0.758085 0.937840 0.396538 0.408296 0.913144 0.733857 0.883642 0.568533 0.537786 0.477322 0.605914 0.478927 0.540089 0.557060 0.428666 0.627142 0.561937 0.798530 0.299118 0.488949 0.562848 0.538220 0.727429 0.881429 0.558023 0.566808 0.317614 0.000000 0.350915 0.340886 0.612347 0.668907 0.625907 0.697358 0.950627 0.761091 0.957937 0.750387 0.532001 0.420415 0.617953 0.492714 0.373151 0.362740 0.526817 0.383478 0.407669 0.365036 0.458759 0.609146 0.462959 0.487410 0.564116 0.553746 0.412998 0.447682 0.495042 0.450097 0.437067 0.428655 0.686280 0.543825 0.406247 0.387816 0.780361 0.589208 0.670743 0.951832 0.552433 0.617426 0.629939 0.712518 0.659820 0.749289 0.426839 0.429386 0.505897 0.686002 0.458959 0.634374 0.551785 0.496939 0.952157 0.744076 0.693181 0.533198 0.849362 0.836157 0.824787 0.756503 0.736926 0.838444 0.874767 0.806735 0.685068 0.588430 0.897336 0.848433 0.620159 0.675812 0.576585 0.393950 0.657914 0.885620 0.947745 0.666579 0.586683 0.716511 0.653751 0.706933 0.419044 0.993576
0.314566 0.293059 0.315879 0.313403 0.985477 0.799182 0.349508 0.324195 0.728015 0.884668 0.612149 0.331438 0.408571 0.368177 0.526336 0.485014 0.286621 0.318377 0.223486 0.334367 0.426034 0.898276 0.289271 0.396192 0.398934 0.483762 0.555583 0.971528 0.299922 0.351765 0.342687 0.350915 0.000000 0.200955 0.519921 0.784836 0.523083 0.582350 0.854800 0.773873 0.763941 0.676806 0.583406 0.410515 0.689175 0.504645 0.276298 0.333760 0.478783 0.344035 0.410085 0.367201 0.587309 0.816567 0.312627 0.324943 0.278675 0.285390 0.266114 0.273377 0.299062 0.320158 0.216588 0.203555 0.430480 0.437092 0.310709 0.398372 0.501724 0.313528 0.829105 0.898211 0.602924 0.718468 0.694531 0.672644 0.689749 0.746016 0.265367 0.338926 0.293579 0.491327 0.309717 0.409734 0.317382 0.314826 0.998990 0.609191 0.560737 0.343283 0.580591 0.643814 0.582697 0.540182 0.771161 0.780499 0.788138 0.950136 0.824312 0.734129 0.945031 0.983827 0.702991 0.639086 0.500225 0.495209 0.682208 0.952822 0.825991 0.605456 0.631990 0.701844 0.782200 0.771379 0.449007 0.821886
0.374024 0.345316 0.332708 0.373174 0.916697 0.926797 0.338284 0.359723 0.758224 0.859473 0.599756 0.352398 0.397153 0.333071 0.455901 0.455083 0.304582 0.326389 0.250611 0.347845 0.457820 0.873183 0.301276 0.438900 0.438721 0.443257 0.508200 0.996512 0.297787 0.347545 0.307405 0.340886 0.200955 0.000000 0.498556 0.729391 0.481172 0.581066 0.782345 0.740804 0.774756 0.611082 0.594902 0.411162 0.671828 0.505069 0.276115 0.364670 0.495366 0.375653 0.434232 0.395213 0.551854 0.800406 0.301271 0.274117 0.346310 0.349207 0.339106 0.372863 0.312814 0.329881 0.213428 0.219261 0.497788 0.464708 0.357557 0.435823 0.586216 0.412909 0.781665 0.935370 0.578654 0.643447 0.691663 0.699020 0.659635 0.679325 0.309258 0.360836 0.312410 0.514016 0.370459 0.452851 0.366518 0.375771 0.967325 0.638321 0.530040 0.377532 0.614171 0.668822 0.588854 0.555080 0.774904 0.811777 0.810394 0.973149 0.799634 0.704243 0.940392 0.996214 0.674909 0.618712 0.573481 0.502943 0.643468 0.968760 0.849849 0.645169 0.652905 0.683099 0.778156 0.776240 0.398939 0.900206
0.725622 0.670329 0.665322 0.584197 0.992899 0.995643 0.561452 0.545522 0.939652 0.824868 0.974200 0.673188 0.721286 0.694190 0.760902 0.701058 0.676394 0.708306 0.601391 0.763042 0.969953 0.893322 0.465645 0.633073 0.683751 0.628967 0.842677 0.969726 0.697607 0.726551 0.524340 0.612347 0.519921 0.498556 0.000000 0.826780 0.599121 0.817478 0.816746 0.941380 0.827932 0.757179 0.539561 0.465480 0.652673 0.579248 0.471004 0.526855 0.605558 0.498002 0.496651 0.505526 0.588717 0.674894 0.608381 0.513685 0.695623 0.695856 0.583442 0.602061 0.668539 0.609483 0.609929 0.553344 0.760669 0.695572 0.494008 0.533267 0.871258 0.640475 0.745350 0.827322 0.685840 0.705458 0.853134 0.714642 0.578280 0.658088 0.598670 0.647396 0.628598 0.788699 0.691719 0.739812 0.648111 0.633927 0.960662 0.823595 0.621249 0.634964 0.955021 0.924022 0.920534 0.788764 0.752234 0.822096 0.826176 0.944704 0.740043 0.621143 0.868590 0.930239 0.620356 0.675534 0.532396 0.595744 0.685461 0.888605 0.891630 0.665602 0.694420 0.685290 0.743585 0.869970 0.501114 0.986561
0.943452 0.888316 0.959895 0.889753 0.716907 0.948584 0.845588 0.836878 0.970796 0.832027 0.935751 0.824806 0.953377 0.908158 0.914483 0.872477 0.822301 0.828613 0.830457 0.869443 0.929315 0.958639 0.759096 0.917240 0.989889 0.998001 0.865440 0.894531 0.756047 0.705708 0.637303 0.668907 0.784836 0.729391 0.826780 0.000000 0.791041 0.808748 0.927671 0.875298 0.912045 0.889480 0.856791 0.736982 0.736008 0.715284 0.780954 0.710454 0.850577 0.783083 0.799730 0.776709 0.792478 0.792485 0.814938 0.769870 0.894816 0.890964 0.859588 0.905483 0.836641 0.750075 0.814233 0.770049 0.966166 0.940333 0.740248 0.652244 0.910275 0.907122 0.764994 0.735909 0.789211 0.920672 0.742332 0.882616 0.919918 0.790624 0.824979 0.833796 0.862836 0.984020 0.814471 0.962056 0.912208 0.903319 0.977230 0.943268 0.893336 0.902453 0.895077 0.848069 0.866510 0.819892 0.953450 0.764191 0.908296 0.769182 0.917308 0.915680 0.902265 0.993089 0.699937 0.853430 0.903092 0.785646 0.972818 0.835990 0.875528 0.775183 0.888534 0.859340 0.847725 0.976274 0.753937 0.811908
0.525091 0.504201 0.629518 0.587530 0.887303 0.931521 0.652763 0.581769 0.711593 0.995540 0.712066 0.527044 0.684620 0.630603 0.809293 0.769612 0.551864 0.577249 0.519508 0.561912 0.704117 0.886976 0.620038 0.678152 0.529482 0.627666 0.560716 0.985168 0.613120 0.583716 0.645961 0.625907 0.523083 0.481172 0.599121 0.791041 0.000000 0.546052 0.699854 0.695235 0.663922 0.671336 0.845454 0.694229 0.922111 0.782350 0.569394 0.657938 0.770004 0.633670 0.697322 0.661740 0.818827 0.975382 0.545297 0.542394 0.551530 0.532449 0.551156 0.560212 0.634593 0.585398 0.488244 0.471105 0.686610 0.692579 0.646678 0.688329 0.625548 0.589126 0.850831 0.917750 0.798819 0.909920 0.708406 0.964108 0.911079 0.967743 0.685592 0.661882 0.578830 0.695074 0.559028 0.562425 0.554359 0.545072 0.839817 0.715181 0.582612 0.575324 0.563992 0.630872 0.511034 0.504155 0.990201 0.948041 0.967256 0.968829 0.951577 0.988792 0.859785 0.832947 0.854869 0.718723 0.734415 0.694774 0.962233 0.905655 0.966320 0.820932 0.891827 0.875092 0.971413 0.987103 0.739757 0.925897
0.519376 0.509205 0.586747 0.606437 0.833821 0.910211 0.669839 0.562872 0.845991 0.844436 0.675138 0.537701 0.649174 0.665033 0.861228 0.749037 0.614955 0.572779 0.594431 0.557949 0.703793 0.873633 0.704354 0.693651 0.559656 0.618006 0.703611 0.926854 0.656026 0.560819 0.741324 0.697358 0.582350 0.581066 0.817478 0.808748 0.546052 0.000000 0.735561 0.776822 0.618587 0.655083 0.979753 0.865730 0.933103 0.944403 0.717631 0.835374 0.955793 0.830681 0.857218 0.802882 0.908769 0.918756 0.625745 0.668377 0.507401 0.476689 0.676612 0.611000 0.562503 0.503287 0.536884 0.457641 0.601256 0.548279 0.811150 0.775431 0.572562 0.443068 0.945373 0.874033 0.855670 0.932989 0.789527 0.920016 0.892719 0.908776 0.687625 0.734502 0.578268 0.683260 0.590174 0.569743 0.611819 0.555683 0.837082 0.761107 0.582191 0.543038 0.545141 0.518542 0.569903 0.425395 0.908049 0.954953 0.996121 0.900604 0.829267 0.913119 0.937648 0.790429 0.919918 0.999962 0.916710 0.850326 0.863636 0.889730 0.966342 0.857576 0.942864 0.915716 0.859253 0.992948 0.781770 0.670937
