0.000000 0.446369 0.868674 0.994371 0.950204 0.878920 0.863309 0.697475 0.993796 0.722028 0.637309 0.560224 0.992703 0.859181 0.998250 0.851945 0.496101 0.544101 0.689325 0.628888 0.900877 0.985213 0.842825 0.955691 0.781345 0.813591 0.855655 0.813576 0.646906 0.673282 0.940025 0.965506 0.694259 0.700189 0.960315 0.952733 0.880108 0.819111 0.982322 0.934895 0.779371 0.945498 0.834646 0.725141 0.736360 0.718820 0.843342 0.784199 0.660800 0.799901 0.748874 0.868739 0.913345 0.938886 0.944194 0.890164 0.428271 0.455081 0.672544 0.873132 0.779956 0.813782 0.545181 0.498652 0.721641 0.900073 0.912975 0.877615 0.646020 0.675909 0.772462 0.802799 0.836273 0.721937 0.959260 0.960768 0.768557 0.784473 0.885634 0.880009 0.555831 0.603932 0.947100 0.793154 0.940284 0.968829 0.974298 0.896137 0.826365 0.936148 0.745024 0.771488 0.859782 0.969664 0.889367 0.911099 0.737266 0.869341 0.517789 0.615517 0.765888 0.884447 0.659148 0.610693 0.845108 0.960091 0.964438 0.834428 0.973549 0.927947 0.725790 0.783125 0.790617 0.984616 0.972977 0.889738
0.446369 0.000000 0.666002 0.869811 0.955728 0.968050 0.903162 0.791909 0.808249 0.786119 0.750662 0.556311 0.800361 0.887182 0.780134 0.999955 0.526436 0.519863 0.752547 0.558881 0.881632 0.902706 0.732100 0.876947 0.784682 0.700119 0.926315 0.788630 0.693643 0.655259 0.894183 0.954124 0.724689 0.730154 0.930359 0.936913 0.896988 0.786633 0.898205 0.937811 0.803840 0.752467 0.935525 0.768864 0.802880 0.727421 0.994723 0.909288 0.688285 0.805708 0.815260 0.920442 0.904340 0.876164 0.962969 0.834030 0.385253 0.345632 0.827565 0.818907 0.928008 0.772731 0.688207 0.494998 0.617670 0.891322 0.997900 0.919781 0.673255 0.636889 0.723145 0.841051 0.835008 0.691414 0.977452 0.969475 0.815287 0.785749 0.872109 0.880415 0.546868 0.637908 0.910433 0.779406 0.793607 0.933939 0.966337 0.934200 0.653451 0.920692 0.824062 0.833455 0.922677 0.973225 0.873811 0.929157 0.756928 0.831675 0.594210 0.715914 0.673139 0.964050 0.728015 0.630769 0.941090 0.874304 0.925860 0.903537 0.984936 0.906400 0.755720 0.752754 0.764760 0.957352 0.935445 0.905062
0.868674 0.666002 0.000000 0.502106 0.824943 0.981200 0.513259 0.865945 0.576207 0.943548 0.937757 0.668172 0.814975 0.941264 0.681347 0.995851 0.813339 0.728600 0.853793 0.750391 0.925024 0.887543 0.490109 0.678725 0.563430 0.545893 0.917666 0.790249 0.904992 0.703222 0.552080 0.768398 0.708576 0.816644 0.624831 0.998247 0.878986 0.986730 0.664391 0.884679 0.879157 0.856196 0.726212 0.926075 0.931951 0.969751 0.691102 0.785425 0.781997 0.974531 0.974079 0.865330 0.719366 0.730768 0.756215 0.922087 0.706728 0.645418 0.742377 0.969039 0.771261 0.916098 0.954576 0.660111 0.418390 0.609242 0.555209 0.700369 0.902341 0.887384 0.995357 0.975377 0.945668 0.960435 0.859712 0.837770 0.742443 0.847677 0.906130 0.992795 0.800537 0.838712 0.927452 0.745963 0.562547 0.708418 0.973760 0.862875 0.753966 0.865170 0.889347 0.842554 0.813259 0.677801 0.970457 0.967204 0.952547 0.827563 0.922784 0.945380 0.765851 0.799729 0.982293 0.786014 0.823427 0.627400 0.996259 0.820036 0.980514 0.994734 0.979388 0.917441 0.917160 0.921465 0.857324 0.948334
0.994371 0.869811 0.502106 0.000000 0.948317 0.956319 0.655313 0.762165 0.688983 0.901962 0.815683 0.842135 0.994167 0.951164 0.829219 0.869346 0.871402 0.750963 0.831822 0.941681 0.984355 0.993799 0.517547 0.532820 0.554261 0.578432 0.932204 0.823935 0.835573 0.693929 0.555564 0.747648 0.744429 0.925286 0.665412 0.961403 0.692414 0.781742 0.698623 0.921267 0.791155 0.969260 0.833915 0.955786 0.813437 0.771974 0.825261 0.916015 0.682455 0.884071 0.999399 0.999678 0.837469 0.700720 0.734996 0.940239 0.866951 0.836746 0.773122 0.903363 0.896603 0.927072 0.999496 0.828167 0.580122 0.604730 0.700590 0.853928 0.982111 0.933140 0.806540 0.758174 0.741354 0.894354 0.905540 0.850735 0.739121 0.901511 0.811109 0.974928 0.973651 0.942030 0.907198 0.891807 0.687151 0.689478 0.915498 0.862885 0.919999 0.813755 0.839211 0.809474 0.757863 0.690050 0.856810 0.988185 0.956783 0.952109 0.900143 0.981124 0.923920 0.694253 0.945247 0.940645 0.766654 0.742182 0.977061 0.779307 0.933226 0.982859 0.953376 0.945985 0.829136 0.875809 0.938941 0.963066
0.950204 0.955728 0.824943 0.948317 0.000000 0.753772 0.842805 0.973064 0.884457 0.891236 0.791408 0.939910 0.758660 0.989628 0.884401 0.901105 0.965472 0.970483 0.950294 0.946322 0.922912 0.914245 0.897159 0.957917 0.997066 0.944248 0.894761 0.985820 0.909042 0.997865 0.935974 0.933422 0.831114 0.849214 0.818538 0.846790 0.913115 0.865461 0.977965 0.944404 0.960807 0.887687 0.939772 0.872293 0.743566 0.791973 0.932387 0.791650 0.996059 0.876904 0.986122 0.889555 0.933534 0.962615 0.968910 0.893382 0.933662 0.933000 0.832015 0.855261 0.748108 0.944308 0.967453 0.882081 0.852956 0.825412 0.702297 0.647323 0.988572 0.982666 0.957067 0.818183 0.944511 0.938757 0.977050 0.977532 0.840744 0.912941 0.954692 0.882134 0.988060 0.969559 0.961301 0.882986 0.834162 0.880321 0.967816 0.936800 0.898178 0.862545 0.952377 0.920899 0.931473 0.864592 0.997750 0.941967 0.933604 0.992251 0.927073 0.934344 0.988261 0.931829 0.913158 0.825342 0.912228 0.947499 0.921125 0.981596 0.939092 0.903892 0.836911 0.982852 0.954952 0.943647 0.983698 0.743778
0.878920 0.968050 0.981200 0.956319 0.753772 0.000000 0.826553 0.798565 0.884886 0.763161 0.755923 0.774829 0.765234 0.983557 0.951003 0.884668 0.978404 0.998256 0.984528 0.920708 0.960925 0.864916 0.847845 0.807986 0.828102 0.863904 0.834329 0.981284 0.921137 0.909754 0.956728 0.835356 0.967561 0.946347 0.966997 0.858096 0.965519 0.919274 0.988374 0.924403 0.959184 0.882841 0.905773 0.983876 0.789782 0.758706 0.948152 0.924852 0.804531 0.861964 0.864000 0.868937 0.809955 0.918077 0.978949 0.929305 0.996795 0.963879 0.771406 0.898330 0.672457 0.789841 0.836724 0.858727 0.873317 0.967124 0.918781 0.877119 0.966603 0.940478 0.989528 0.942298 0.988384 0.998230 0.894794 0.973130 0.895919 0.988705 0.996582 0.894513 0.927071 0.956728 0.888715 0.944568 0.926697 0.886133 0.998166 0.963159 0.950094 0.886966 0.843641 0.873654 0.817516 0.890675 0.949374 0.975790 0.891505 0.843850 0.795817 0.966329 0.792175 0.880961 0.955280 0.977893 0.954516 0.914073 0.832677 0.975094 0.917962 0.991231 0.868783 0.925854 0.827823 0.934944 0.999382 0.831257
0.863309 0.903162 0.513259 0.655313 0.842805 0.826553 0.000000 0.598551 0.645336 0.644369 0.714741 0.993246 0.725720 0.902046 0.746961 0.856530 0.918056 0.992135 0.595464 0.982349 0.978920 0.939441 0.627671 0.760049 0.957192 0.907143 0.803604 0.977108 0.923678 0.986700 0.684342 0.770428 0.659793 0.618408 0.818065 0.915720 0.979174 0.869065 0.773536 0.962278 0.940018 0.906475 0.684870 0.834174 0.728799 0.829149 0.663378 0.744637 0.989598 0.999055 0.855001 0.936928 0.660691 0.662919 0.858210 0.890840 0.978842 0.891515 0.645187 0.908521 0.702408 0.921778 0.630368 0.995038 0.814139 0.953383 0.526609 0.726187 0.985660 0.986027 0.814878 0.832982 0.752028 0.809316 0.870142 0.764970 0.668340 0.832922 0.796368 0.880890 0.958187 0.859189 0.900420 0.934741 0.655191 0.845112 0.966289 0.921775 0.933455 0.949463 0.626172 0.581894 0.638704 0.643838 0.982237 0.938231 0.872074 0.877800 0.768996 0.696279 0.972661 0.632118 0.775792 0.875131 0.840706 0.700560 0.977396 0.731195 0.996514 0.942073 0.896881 0.880466 0.890047 0.995083 0.961722 0.911293
0.697475 0.791909 0.865945 0.762165 0.973064 0.798565 0.598551 0.000000 0.815016 0.556686 0.705075 0.603013 0.811716 0.744656 0.961164 0.757064 0.842029 0.962300 0.634593 0.847892 0.761777 0.949743 0.987875 0.990854 0.802835 0.897739 0.710582 0.837258 0.865214 0.834480 0.911456 0.953403 0.828627 0.747751 0.998583 0.901266 0.899911 0.993715 0.873576 0.868626 0.950082 0.892357 0.870035 0.851556 0.848276 0.829237 0.909859 0.860782 0.849330 0.993156 0.767046 0.976209 0.743504 0.715042 0.958499 0.988800 0.820392 0.843230 0.679790 0.814990 0.685071 0.671317 0.647128 0.677113 0.854987 0.965630 0.871815 0.903014 0.841614 0.844037 0.638691 0.840036 0.718124 0.750403 0.996859 0.992820 0.772622 0.959720 0.906878 0.988240 0.908396 0.935822 0.824117 0.939151 0.848480 0.746953 0.952133 0.838080 0.889728 0.922951 0.508631 0.514978 0.647559 0.677837 0.899094 0.981429 0.755495 0.851153 0.646205 0.722668 0.694750 0.537768 0.728256 0.639283 0.922814 0.823692 0.982994 0.787854 0.950538 0.910350 0.889631 0.817985 0.784334 0.872880 0.981628 0.997157
0.993796 0.808249 0.576207 0.688983 0.884457 0.884886 0.645336 0.815016 0.000000 0.880598 0.936103 0.872374 0.822439 0.866784 0.801204 0.832599 0.948999 0.860745 0.972581 0.859679 0.976059 0.817776 0.805789 0.900400 0.821478 0.676297 0.936397 0.810158 0.987319 0.814027 0.768124 0.983368 0.956435 0.952424 0.788881 0.845202 0.740835 0.954259 0.776153 0.836688 0.849475 0.988314 0.805356 0.886356 0.856094 0.943995 0.666512 0.767553 0.951087 0.792156 0.740724 0.730645 0.601432 0.699875 0.836729 0.985606 0.855097 0.830914 0.605406 0.740173 0.633411 0.853981 0.966710 0.960915 0.630530 0.712871 0.753970 0.858648 0.927708 0.946819 0.930635 0.961850 0.993130 0.960696 0.843792 0.938936 0.824971 0.994963 0.972634 0.856571 0.905415 0.830346 0.880741 0.998307 0.848956 0.969964 0.892892 0.832186 0.674765 0.787421 0.761065 0.830332 0.738966 0.823937 0.910968 0.940564 0.946392 0.913286 0.911800 0.883287 0.957107 0.938321 0.863412 0.897908 0.863955 0.682539 0.890756 0.769900 0.916804 0.986636 0.929973 0.998827 0.915586 0.967833 0.853001 0.897985
0.722028 0.786119 0.943548 0.901962 0.891236 0.763161 0.644369 0.556686 0.880598 0.000000 0.577837 0.687376 0.808777 0.827007 0.955065 0.840709 0.736732 0.741793 0.665409 0.781345 0.836198 0.914809 0.837906 0.832264 0.580289 0.648047 0.700834 0.783531 0.754841 0.657968 0.939057 0.995832 0.953485 0.706281 0.896383 0.892245 0.969807 0.881516 0.909194 0.824000 0.972668 0.973547 0.752411 0.729661 0.625710 0.625358 0.882299 0.798449 0.644500 0.901750 0.741639 0.964961 0.856802 0.902977 0.873188 0.915110 0.779365 0.831082 0.790936 0.964241 0.801815 0.917131 0.608390 0.658822 0.661214 0.685116 0.910296 0.958318 0.978859 0.907215 0.724614 0.845420 0.869518 0.769779 0.924885 0.917857 0.775170 0.996245 0.945050 0.982664 0.841440 0.824703 0.823452 0.904713 0.817731 0.724202 0.938527 0.907237 0.800781 0.767517 0.513873 0.584005 0.710232 0.875171 0.856470 0.995515 0.828002 0.880478 0.565811 0.637096 0.717275 0.775174 0.613422 0.626910 0.976414 0.975267 0.976257 0.810764 0.963048 0.989096 0.924195 0.664496 0.722626 0.873114 0.949338 0.868994
0.637309 0.750662 0.937757 0.815683 0.791408 0.755923 0.714741 0.705075 0.936103 0.577837 0.000000 0.639664 0.687762 0.788117 0.836640 0.888491 0.607095 0.586319 0.677915 0.687770 0.873369 0.906403 0.822419 0.814383 0.621789 0.647046 0.852556 0.754073 0.559997 0.552597 0.932491 0.974296 0.853768 0.696899 0.864146 0.915954 0.820851 0.740137 0.986782 0.859348 0.949765 0.964259 0.827436 0.740340 0.611648 0.639528 0.902397 0.773237 0.676712 0.822638 0.899035 0.960504 0.904005 0.963847 0.869488 0.971625 0.693896 0.732970 0.801892 0.978720 0.748213 0.958998 0.587505 0.684193 0.741731 0.763977 0.885790 0.901160 0.873422 0.792899 0.906755 0.971800 0.885468 0.814584 0.976414 0.847909 0.894060 0.904079 0.939672 0.822903 0.752916 0.699462 0.980734 0.874021 0.965807 0.820882 0.899454 0.937853 0.892241 0.681006 0.727336 0.734149 0.869772 0.965171 0.962830 0.984488 0.851535 0.990085 0.569847 0.624148 0.849621 0.831176 0.812269 0.812198 0.887750 0.962532 0.945912 0.939735 0.982556 0.890278 0.829479 0.764983 0.733336 0.912385 0.962701 0.975223
0.560224 0.556311 0.668172 0.842135 0.939910 0.774829 0.993246 0.603013 0.872374 0.687376 0.639664 0.000000 0.850559 0.683012 0.899029 0.732646 0.669700 0.686965 0.823737 0.718778 0.760130 0.934523 0.627271 0.734644 0.567901 0.585103 0.716733 0.711599 0.748802 0.629197 0.746983 0.843793 0.970212 0.916758 0.747832 0.944348 0.994437 0.967278 0.891977 0.833530 0.975674 0.842198 0.937103 0.900178 0.883096 0.799267 0.924028 0.921315 0.715002 0.980331 0.869679 0.949225 0.993489 0.994122 0.866679 0.948135 0.588817 0.571777 0.842388 0.812177 0.801180 0.677565 0.597158 0.439077 0.533414 0.751923 0.843929 0.933207 0.742309 0.767098 0.830450 0.991882 0.890806 0.817514 0.996326 0.890581 0.962510 0.990902 0.971708 0.976680 0.735913 0.776392 0.981506 0.717244 0.642930 0.655318 0.974834 0.966223 0.831123 0.795485 0.750583 0.785875 0.917440 0.993710 0.843462 0.993996 0.750965 0.817351 0.640152 0.765530 0.671333 0.831368 0.853719 0.628513 0.973228 0.834307 0.970199 0.991462 0.921021 0.886955 0.808680 0.802240 0.756360 0.880862 0.922198 0.951513
0.992703 0.800361 0.814975 0.994167 0.758660 0.765234 0.725720 0.811716 0.822439 0.808777 0.687762 0.850559 0.000000 0.811179 0.722637 0.810313 0.950799 0.945875 0.997176 0.868011 0.985078 0.984434 0.956474 0.902645 0.842719 0.927487 0.933294 0.929477 0.901343 0.924903 0.983253 0.838738 0.992326 0.946699 0.933471 0.934902 0.885689 0.820178 0.961306 0.957420 0.904510 0.801715 0.907695 0.902719 0.824421 0.836161 0.875889 0.817663 0.939201 0.935491 0.987081 0.996080 0.844218 0.961382 0.889846 0.958922 0.809370 0.781263 0.794094 0.991916 0.682798 0.913862 0.837585 0.994984 0.939944 0.952175 0.898359 0.931452 0.862966 0.932387 0.885670 0.917553 0.964599 0.921915 0.887656 0.848421 0.962214 0.944205 0.930962 0.943321 0.824237 0.885778 0.905027 0.873711 0.948888 0.875150 0.949559 0.880074 0.789376 0.823651 0.821771 0.878318 0.871575 0.888657 0.890464 0.985783 0.987505 0.979445 0.883051 0.942524 0.904854 0.822209 0.967690 0.942222 0.929091 0.971638 0.964404 0.956003 0.923140 0.947696 0.885912 0.961863 0.919768 0.961211 0.921477 0.938464
0.859181 0.887182 0.941264 0.951164 0.989628 0.983557 0.902046 0.744656 0.866784 0.827007 0.788117 0.683012 0.811179 0.000000 0.807225 0.696357 0.776556 0.776117 0.664900 0.720268 0.721958 0.961603 0.951253 0.897098 0.899971 0.800716 0.899897 0.709961 0.714737 0.685769 0.983077 0.890749 0.943343 0.940678 0.742739 0.986910 0.919867 0.912532 0.993602 0.796596 0.901075 0.983562 0.814298 0.865963 0.931802 0.958492 0.986094 0.890899 0.950529 0.747127 0.786396 0.690260 0.826354 0.920473 0.815421 0.904354 0.846896 0.903477 0.854806 0.800930 0.789721 0.907356 0.747646 0.880668 0.823166 0.795189 0.866203 0.795338 0.951409 0.983131 0.876552 0.972133 0.902832 0.806279 0.916213 0.886832 0.964998 0.992576 0.859872 0.822021 0.862904 0.841680 0.921168 0.989605 0.929161 0.868560 0.967716 0.885922 0.786161 0.650085 0.870601 0.901179 0.923758 0.963827 0.945354 0.903402 0.949179 0.952843 0.825908 0.786885 0.884635 0.745480 0.906066 0.782681 0.883517 0.732575 0.959813 0.956978 0.954105 0.857847 0.938167 0.836439 0.895326 0.949514 0.973894 0.849423
0.998250 0.780134 0.681347 0.829219 0.884401 0.951003 0.746961 0.961164 0.801204 0.955065 0.836640 0.899029 0.722637 0.807225 0.000000 0.750934 0.951029 0.961036 0.883146 0.986607 0.920482 0.946848 0.768535 0.804485 0.841283 0.787720 0.871940 0.900494 0.785916 0.975443 0.816817 0.826027 0.885265 0.934624 0.961488 0.919624 0.957544 0.844558 0.739206 0.855481 0.881357 0.847475 0.654936 0.763046 0.884872 0.940917 0.648130 0.665442 0.987703 0.945399 0.976556 0.927561 0.870964 0.990956 0.973532 0.911046 0.888196 0.816270 0.907368 0.877646 0.923710 0.822169 0.928756 0.841283 0.685808 0.864813 0.897919 0.952513 0.972278 0.862372 0.790675 0.882759 0.904671 0.851431 0.958025 0.863543 0.993158 0.944200 0.875175 0.821142 0.995718 0.992356 0.881559 0.953210 0.697539 0.861617 0.943831 0.883088 0.817538 0.992467 0.924227 0.925387 0.919918 0.881044 0.934390 0.941635 0.837506 0.889185 0.987483 0.858958 0.836623 0.983442 0.939670 0.877415 0.986433 0.908743 0.996257 0.850960 0.961881 0.883858 0.948671 0.885757 0.969788 0.995869 0.867326 0.964218
0.851945 0.999955 0.995851 0.869346 0.901105 0.884668 0.856530 0.757064 0.832599 0.840709 0.888491 0.732646 0.810313 0.696357 0.750934 0.000000 0.933981 0.994703 0.867894 0.875587 0.876355 0.939859 0.977289 0.831882 0.954020 0.976064 0.813792 0.932777 0.920057 0.878944 0.975695 0.878330 0.875274 0.929363 0.867148 0.844148 0.842954 0.983317 0.914696 0.897892 0.964782 0.981572 0.922445 0.984365 0.926738 0.949825 0.856720 0.853181 0.909268 0.926864 0.882877 0.961289 0.817038 0.904982 0.985952 0.874158 0.972323 0.974933 0.913801 0.973973 0.939773 0.943477 0.773491 0.821106 0.877131 0.867838 0.786160 0.736141 0.944098 0.964437 0.908420 0.930579 0.874435 0.904545 0.986410 0.987053 0.910778 0.963067 0.993040 0.970827 0.921225 0.913700 0.911092 0.756851 0.993203 0.916268 0.970276 0.897880 0.975749 0.983371 0.885408 0.990008 0.985178 0.919558 0.960737 0.998352 0.969711 0.957362 0.883407 0.907601 0.926477 0.898192 0.944294 0.828581 0.974140 0.893468 0.842125 0.890787 0.990369 0.945292 0.945906 0.969465 0.990945 0.933651 0.986677 0.930566
0.496101 0.526436 0.813339 0.871402 0.965472 0.978404 0.918056 0.842029 0.948999 0.736732 0.607095 0.669700 0.950799 0.776556 0.951029 0.933981 0.000000 0.381380 0.564469 0.534723 0.943838 0.989396 0.884385 0.932443 0.757225 0.700181 0.906089 0.780191 0.481873 0.537984 0.950660 0.893106 0.739584 0.700310 0.840005 0.964654 0.998581 0.993418 0.918512 0.954059 0.891730 0.898807 0.702842 0.690866 0.782268 0.807550 0.886137 0.821367 0.749694 0.894832 0.930802 0.939937 0.887910 0.880725 0.919694 0.930156 0.387063 0.485173 0.920114 0.895238 0.957020 0.901277 0.587242 0.572922 0.687377 0.733683 0.954407 0.944514 0.697529 0.696093 0.803801 0.806363 0.835398 0.752697 0.904979 0.867698 0.871685 0.849522 0.774403 0.717748 0.451239 0.568553 0.822741 0.764220 0.955299 0.951746 0.960214 0.949802 0.720319 0.831629 0.784861 0.807965 0.932448 0.929471 0.916138 0.908469 0.809201 0.954621 0.576254 0.525529 0.788534 0.924802 0.611640 0.696226 0.981951 0.845559 0.977486 0.945306 0.946526 0.909368 0.744923 0.752428 0.704565 0.979898 0.970169 0.933998
0.544101 0.519863 0.728600 0.750963 0.970483 0.998256 0.992135 0.962300 0.860745 0.741793 0.586319 0.686965 0.945875 0.776117 0.961036 0.994703 0.381380 0.000000 0.620691 0.485538 0.888880 0.963771 0.817940 0.899755 0.722480 0.604067 0.987469 0.751879 0.470259 0.472976 0.875030 0.890590 0.791195 0.723433 0.800032 0.977759 0.924830 0.964138 0.823275 0.864097 0.931708 0.934628 0.768468 0.702807 0.745312 0.747974 0.902935 0.783069 0.721438 0.875511 0.980467 0.954481 0.824329 0.790805 0.825761 0.984908 0.408862 0.481074 0.987632 0.835371 0.915018 0.870950 0.627643 0.622124 0.650079 0.716952 0.988847 0.941139 0.722863 0.717303 0.896659 0.923122 0.909197 0.751957 0.998737 0.892781 0.883690 0.803094 0.809493 0.760314 0.473101 0.534860 0.822688 0.790664 0.944038 0.929935 0.929175 0.978162 0.652733 0.782215 0.890103 0.876437 0.985083 0.886061 0.922077 0.879478 0.886993 0.975726 0.622120 0.583909 0.829396 0.963418 0.649625 0.743509 0.914244 0.783624 0.945187 0.934506 0.915802 0.974474 0.754146 0.691162 0.732518 0.975721 0.989024 0.947926
0.689325 0.752547 0.853793 0.831822 0.950294 0.984528 0.595464 0.634593 0.972581 0.665409 0.677915 0.823737 0.997176 0.664900 0.883146 0.867894 0.564469 0.620691 0.000000 0.592794 0.889810 0.983966 0.735591 0.776200 0.961549 0.825435 0.818172 0.830233 0.639622 0.657187 0.851974 0.645820 0.607192 0.604595 0.971926 0.990779 0.975967 0.939598 0.956086 0.854123 0.928445 0.994206 0.662940 0.797079 0.829073 0.892990 0.856046 0.784075 0.985872 0.916016 0.997550 0.873310 0.959278 0.887974 0.972611 0.903855 0.647967 0.735225 0.918934 0.802901 0.957027 0.810582 0.560313 0.809438 0.899852 0.838025 0.726398 0.906228 0.820328 0.880920 0.680539 0.814769 0.646469 0.643968 0.969762 0.800699 0.755597 0.764712 0.672140 0.699464 0.613264 0.593441 0.893900 0.909068 0.795407 0.921100 0.916580 0.942168 0.719598 0.827621 0.679995 0.642587 0.784479 0.851038 0.928351 0.868300 0.826913 0.871832 0.692167 0.573498 0.896436 0.673210 0.656098 0.738519 0.984021 0.995247 0.993427 0.891971 0.894446 0.900596 0.910678 0.801699 0.833891 0.982359 0.996243 0.966560
0.628888 0.558881 0.750391 0.941681 0.946322 0.920708 0.982349 0.847892 0.859679 0.781345 0.687770 0.718778 0.868011 0.720268 0.986607 0.875587 0.534723 0.485538 0.592794 0.000000 0.849645 0.812614 0.907967 0.924780 0.802530 0.692971 0.957831 0.750651 0.616493 0.619317 0.911065 0.768561 0.800666 0.819364 0.830647 0.954746 0.931998 0.982079 0.837879 0.842750 0.876205 0.895593 0.865911 0.860064 0.957320 0.977206 0.970788 0.895792 0.932876 0.938200 0.929369 0.824566 0.846452 0.913930 0.904677 0.927316 0.507878 0.523629 0.954132 0.877470 0.846393 0.931766 0.662590 0.653159 0.666929 0.755622 0.954896 0.873221 0.716248 0.752655 0.725338 0.843353 0.705486 0.645733 0.941306 0.934806 0.879336 0.786587 0.749402 0.780110 0.476218 0.544715 0.779977 0.730686 0.956624 0.940812 0.983718 0.981365 0.654962 0.824277 0.850208 0.798454 0.946290 0.932256 0.938183 0.947622 0.880412 0.988123 0.722926 0.670157 0.898943 0.961748 0.722528 0.670391 0.983123 0.781083 0.959704 0.901471 0.984635 0.967719 0.900600 0.814222 0.931336 0.910868 0.961745 0.825737
0.900877 0.881632 0.925024 0.984355 0.922912 0.960925 0.978920 0.761777 0.976059 0.836198 0.873369 0.760130 0.985078 0.721958 0.920482 0.876355 0.943838 0.888880 0.889810 0.849645 0.000000 0.992872 0.859999 0.912841 0.903188 0.885907 0.873782 0.933737 0.799721 0.825603 0.987392 0.975311 0.978214 0.951891 0.805391 0.857009 0.903117 0.963861 0.993196 0.888693 0.958944 0.949891 0.932080 0.990946 0.985608 0.932989 0.913703 0.992684 0.871596 0.999986 0.978023 0.981054 0.999504 0.983775 0.927971 0.807416 0.929504 0.908580 0.989561 0.973992 0.991673 0.809499 0.992814 0.831306 0.914899 0.981719 0.812616 0.932405 0.910501 0.971821 0.939632 0.948291 0.875752 0.946823 0.851144 0.917199 0.889198 0.946357 0.937888 0.975703 0.982861 0.995607 0.931453 0.891710 0.765314 0.706092 0.947338 0.909020 0.947481 0.972097 0.938653 0.919052 0.983262 0.919622 0.903185 0.947503 0.922843 0.947293 0.810010 0.973869 0.918072 0.948713 0.934909 0.871493 0.964244 0.985561 0.992955 0.990560 0.885294 0.885577 0.943041 0.856478 0.860644 0.879518 0.925240 0.890089
0.985213 0.902706 0.887543 0.993799 0.914245 0.864916 0.939441 0.949743 0.817776 0.914809 0.906403 0.934523 0.984434 0.961603 0.946848 0.939859 0.989396 0.963771 0.983966 0.812614 0.992872 0.000000 0.851246 0.920367 0.820061 0.857329 0.999600 0.847123 0.935304 0.938488 0.874104 0.978273 0.978020 0.959063 0.931138 0.977352 0.943437 0.997439 0.915429 0.977130 0.921462 0.972041 0.880303 0.958094 0.913500 0.895322 0.905089 0.865673 0.954877 0.872984 0.904505 0.825601 0.921930 0.950094 0.952642 0.853946 0.994785 0.922474 0.899841 0.955742 0.963344 0.972774 0.930781 0.891589 0.884359 0.898081 0.903065 0.921002 0.939828 0.986801 0.971997 0.997559 0.830570 0.908865 0.805175 0.946946 0.944850 0.995116 0.901265 0.979923 0.953004 0.901862 0.879586 0.968040 0.910834 0.919857 0.921838 0.995997 0.798268 0.914138 0.948846 0.977478 0.873924 0.963872 0.932751 0.746713 0.897889 0.940424 0.959698 0.977167 0.960963 0.941557 0.999323 0.981670 0.918796 0.966043 0.907086 0.853349 0.888661 0.889526 0.836145 0.905603 0.838696 0.939795 0.837425 0.913210
0.842825 0.732100 0.490109 0.517547 0.897159 0.847845 0.627671 0.987875 0.805789 0.837906 0.822419 0.627271 0.956474 0.951253 0.768535 0.977289 0.884385 0.817940 0.735591 0.907967 0.859999 0.851246 0.000000 0.412500 0.521375 0.650200 0.916900 0.858712 0.897008 0.781277 0.532910 0.630911 0.705389 0.859749 0.679368 0.926713 0.939952 0.976891 0.701799 0.900773 0.911355 0.944595 0.757720 0.986306 0.925477 0.819303 0.799459 0.864344 0.665893 0.852838 0.931843 0.986745 0.858418 0.770126 0.777048 0.897657 0.801887 0.749694 0.965939 0.833533 0.895546 0.721134 0.992886 0.615811 0.557547 0.733160 0.622816 0.842105 0.951937 0.855229 0.888200 0.855443 0.771261 0.850186 0.862374 0.812531 0.813817 0.810363 0.787023 0.828931 0.987954 0.936123 0.921809 0.830996 0.444288 0.494520 0.962889 0.904625 0.907767 0.914380 0.987049 0.916165 0.894030 0.748760 0.804685 0.920046 0.970829 0.734998 0.820906 0.954034 0.737796 0.793056 0.972591 0.841567 0.841727 0.835599 0.913489 0.832562 0.881652 0.906600 0.950895 0.841041 0.864303 0.907821 0.900624 0.937985
0.955691 0.876947 0.678725 0.532820 0.957917 0.807986 0.760049 0.990854 0.900400 0.832264 0.814383 0.734644 0.902645 0.897098 0.804485 0.831882 0.932443 0.899755 0.776200 0.924780 0.912841 0.920367 0.412500 0.000000 0.565477 0.700082 0.913233 0.930240 0.910649 0.829021 0.605164 0.571557 0.772884 0.957207 0.781930 0.966286 0.874715 0.903944 0.693876 0.979675 0.875075 0.991942 0.848383 0.962110 0.799813 0.742611 0.806579 0.941329 0.677841 0.808197 0.902213 0.925622 0.947209 0.805968 0.800072 0.870721 0.918780 0.882940 0.949456 0.793582 0.803134 0.801602 0.992407 0.739293 0.712681 0.823759 0.814887 0.983078 0.990029 0.891192 0.798019 0.730150 0.748158 0.731057 0.916893 0.844207 0.899271 0.838157 0.871816 0.796169 0.921866 0.856565 0.910573 0.938361 0.528033 0.535084 0.983544 0.894408 0.989751 0.917377 0.983664 0.966618 0.985938 0.885285 0.769371 0.955702 0.941099 0.786324 0.780705 0.997748 0.840413 0.882621 0.982746 0.943005 0.864674 0.974129 0.914474 0.791421 0.928502 0.987543 0.933763 0.823749 0.789415 0.836411 0.995542 0.951572
0.781345 0.784682 0.563430 0.554261 0.997066 0.828102 0.957192 0.802835 0.821478 0.580289 0.621789 0.567901 0.842719 0.899971 0.841283 0.954020 0.757225 0.722480 0.961549 0.802530 0.903188 0.820061 0.521375 0.565477 0.000000 0.449857 0.728868 0.685211 0.793146 0.640368 0.567367 0.747604 0.814385 0.980039 0.647848 0.923006 0.790249 0.803307 0.723901 0.775969 0.848165 0.986539 0.894573 0.928402 0.769273 0.739634 0.848448 0.988750 0.654937 0.954434 0.909208 0.901774 0.999610 0.964275 0.809408 0.956196 0.753931 0.761596 0.995337 0.988907 0.903345 0.870942 0.679826 0.557457 0.457628 0.544066 0.836083 0.894111 0.940146 0.881406 0.973315 0.975595 0.979047 0.933130 0.916013 0.940220 0.907375 0.923963 0.933783 0.987345 0.871601 0.835294 0.940787 0.809619 0.587452 0.568847 0.932116 0.999969 0.827906 0.797409 0.788182 0.825542 0.927906 0.955443 0.805942 0.973647 0.830315 0.822433 0.695481 0.831989 0.732027 0.948721 0.805301 0.657628 0.883665 0.852673 0.952687 0.940088 0.969589 0.860303 0.966910 0.743496 0.764890 0.786375 0.904742 0.925251
0.813591 0.700119 0.545893 0.578432 0.944248 0.863904 0.907143 0.897739 0.676297 0.648047 0.647046 0.585103 0.927487 0.800716 0.787720 0.976064 0.700181 0.604067 0.825435 0.692971 0.885907 0.857329 0.650200 0.700082 0.449857 0.000000 0.771649 0.641492 0.724240 0.556354 0.696534 0.890522 0.932319 0.973984 0.716564 0.912677 0.731211 0.855227 0.688487 0.766291 0.845469 0.916602 0.919182 0.981993 0.844551 0.795315 0.759866 0.950520 0.802207 0.975194 0.944126 0.804135 0.856743 0.847911 0.734043 0.977150 0.689660 0.672058 0.861139 0.878730 0.922185 0.973022 0.692609 0.644150 0.453717 0.551203 0.861242 0.887544 0.958511 0.909621 0.878640 0.984760 0.931251 0.781319 0.931938 0.999306 0.950966 0.949679 0.975152 0.925148 0.766641 0.691284 0.985979 0.832481 0.702980 0.728148 0.951272 0.959044 0.747700 0.725802 0.839015 0.834166 0.967229 0.947080 0.920664 0.968057 0.877947 0.912079 0.727792 0.776501 0.760804 0.959213 0.848080 0.705255 0.845926 0.695329 0.959319 0.884760 0.920626 0.941029 0.937255 0.750065 0.783189 0.839608 0.930601 0.970312
0.855655 0.926315 0.917666 0.932204 0.894761 0.834329 0.803604 0.710582 0.936397 0.700834 0.852556 0.716733 0.933294 0.899897 0.871940 0.813792 0.906089 0.987469 0.818172 0.957831 0.873782 0.999600 0.916900 0.913233 0.728868 0.771649 0.000000 0.877763 0.937350 0.830668 0.888763 0.979443 0.992100 0.985468 0.863771 0.886416 0.890937 0.982769 0.888166 0.942944 0.950074 0.977228 0.928302 0.984359 0.970961 0.925077 0.946967 0.963578 0.891230 0.860791 0.969561 0.855132 0.857010 0.941174 0.989200 0.954389 0.918529 0.910424 0.944828 0.896614 0.929667 0.961954 0.712710 0.755199 0.718260 0.687962 0.929307 0.960052 0.967577 0.962344 0.864349 0.883425 0.876001 0.913982 0.998569 0.970424 0.917332 0.951651 0.982033 0.992031 0.960173 0.880547 0.907877 0.834880 0.917261 0.784972 0.975628 0.978390 0.881738 0.970931 0.808693 0.838464 0.849797 0.972490 0.973656 0.939027 0.759435 0.866448 0.732944 0.797912 0.913192 0.803397 0.821934 0.689146 0.981805 0.972757 0.998020 0.908403 0.951030 0.993998 0.997325 0.995458 0.923727 0.934536 0.878700 0.979302
0.813576 0.788630 0.790249 0.823935 0.985820 0.981284 0.977108 0.837258 0.810158 0.783531 0.754073 0.711599 0.929477 0.709961 0.900494 0.932777 0.780191 0.751879 0.830233 0.750651 0.933737 0.847123 0.858712 0.930240 0.685211 0.641492 0.877763 0.000000 0.778132 0.664471 0.785513 0.951432 0.993156 0.889061 0.761557 0.985239 0.919944 0.921838 0.937107 0.806849 0.863962 0.965882 0.989460 0.896119 0.834707 0.865673 0.933931 0.945123 0.875317 0.943870 0.984220 0.843420 0.942727 0.949621 0.884327 0.919924 0.798896 0.791860 0.872052 0.907053 0.946929 0.963983 0.820168 0.859300 0.727027 0.797041 0.933884 0.937741 0.837329 0.914377 0.927026 0.982889 0.841649 0.757675 0.985879 0.992993 0.961881 0.921029 0.972537 0.728722 0.810234 0.741044 0.953492 0.886985 0.947609 0.868915 0.979371 0.873016 0.865970 0.638910 0.887761 0.872820 0.985848 0.973733 0.950143 0.890976 0.965196 0.876991 0.798677 0.758917 0.981102 0.890871 0.876016 0.837118 0.969542 0.806625 0.978054 0.936535 0.993959 0.858543 0.966316 0.854582 0.856888 0.857725 0.937408 0.937450
0.646906 0.693643 0.904992 0.835573 0.909042 0.921137 0.923678 0.865214 0.987319 0.754841 0.559997 0.748802 0.901343 0.714737 0.785916 0.920057 0.481873 0.470259 0.639622 0.616493 0.799721 0.935304 0.897008 0.910649 0.793146 0.724240 0.937350 0.778132 0.000000 0.494741 0.986864 0.943021 0.830546 0.761110 0.831359 0.925574 0.920662 0.921675 0.944425 0.925401 0.921431 0.980060 0.649235 0.632755 0.704736 0.715172 0.846079 0.757578 0.717992 0.819307 0.977317 0.992913 0.942047 0.826621 0.916577 0.949995 0.603104 0.662206 0.994460 0.903564 0.999865 0.944035 0.744467 0.748875 0.816504 0.827125 0.997369 0.977980 0.741321 0.790648 0.955328 0.952286 0.959644 0.843958 0.958372 0.819844 0.927511 0.795700 0.842909 0.739311 0.632774 0.720758 0.838812 0.832429 0.959531 0.871722 0.983420 0.960983 0.832011 0.790504 0.904737 0.899779 0.995194 0.848001 0.942905 0.931732 0.905543 0.994085 0.626013 0.657783 0.816623 0.905394 0.809621 0.876363 0.877222 0.873312 0.961199 0.969985 0.980728 0.948838 0.751750 0.792130 0.690376 0.962823 0.934935 0.990306
0.673282 0.655259 0.703222 0.693929 0.997865 0.909754 0.986700 0.834480 0.814027 0.657968 0.552597 0.629197 0.924903 0.685769 0.975443 0.878944 0.537984 0.472976 0.657187 0.619317 0.825603 0.938488 0.781277 0.829021 0.640368 0.556354 0.830668 0.664471 0.494741 0.000000 0.852499 0.975311 0.934998 0.821167 0.686540 0.901851 0.754934 0.852658 0.870035 0.855743 0.868034 0.984805 0.806777 0.714215 0.756830 0.722806 0.988102 0.802667 0.685185 0.959307 0.979751 0.900226 0.873855 0.809397 0.777408 0.944707 0.591710 0.637806 0.943289 0.830467 0.933559 0.912467 0.649132 0.648834 0.573708 0.610959 0.875318 0.882652 0.827193 0.904295 0.963459 0.930357 0.988128 0.847834 0.972500 0.994357 0.956240 0.934535 0.879286 0.784955 0.603613 0.628286 0.873020 0.847071 0.816825 0.727254 0.945832 0.946150 0.708875 0.654108 0.885456 0.942109 0.902002 0.860812 0.993173 0.993091 0.938852 0.993440 0.704570 0.717179 0.769168 0.903570 0.743811 0.767098 0.794594 0.748150 0.991275 0.906135 0.967182 0.986538 0.903853 0.833449 0.726348 0.967073 0.927192 0.923433
0.940025 0.894183 0.552080 0.555564 0.935974 0.956728 0.684342 0.911456 0.768124 0.939057 0.932491 0.746983 0.983253 0.983077 0.816817 0.975695 0.950660 0.875030 0.851974 0.911065 0.987392 0.874104 0.532910 0.605164 0.567367 0.696534 0.888763 0.785513 0.986864 0.852499 0.000000 0.690683 0.723201 0.814073 0.655468 0.935702 0.864926 0.956823 0.637609 0.818338 0.859619 0.976036 0.741072 0.905712 0.995028 0.953704 0.792721 0.918936 0.830482 0.999093 0.996512 0.908271 0.886171 0.887204 0.762963 0.935973 0.868342 0.848010 0.864558 0.978869 0.990939 0.864927 0.928600 0.766768 0.624493 0.764817 0.743547 0.880646 0.932898 0.907551 0.797685 0.822096 0.913974 0.910364 0.870342 0.778090 0.760723 0.843146 0.904437 0.883622 0.974510 0.999689 0.957564 0.837986 0.654304 0.658663 0.925660 0.961043 0.885533 0.941175 0.964038 0.936670 0.922079 0.815250 0.839978 0.934437 0.970374 0.836444 0.903262 0.994590 0.971655 0.778223 0.965394 0.844450 0.945436 0.813879 0.963033 0.796788 0.977560 0.946644 0.909313 0.915759 0.949144 0.838964 0.955030 0.970680
0.965506 0.954124 0.768398 0.747648 0.933422 0.835356 0.770428 0.953403 0.983368 0.995832 0.974296 0.843793 0.838738 0.890749 0.826027 0.878330 0.893106 0.890590 0.645820 0.768561 0.975311 0.978273 0.630911 0.571557 0.747604 0.890522 0.979443 0.951432 0.943021 0.975311 0.690683 0.000000 0.720436 0.751380 0.883450 0.926838 0.851982 0.964273 0.822287 0.898841 0.886969 0.971831 0.777453 0.985080 0.968004 0.940552 0.777762 0.838934 0.862262 0.920599 0.987201 0.953410 0.970465 0.885588 0.840876 0.928134 0.854954 0.913660 0.967712 0.750812 0.795222 0.720428 0.869533 0.891241 0.882621 0.984841 0.816457 0.956825 0.986332 0.940008 0.770241 0.773472 0.777854 0.702863 0.980977 0.779834 0.862281 0.651463 0.751478 0.802318 0.822993 0.743970 0.795207 0.983968 0.650839 0.689455 0.934852 0.903559 0.790937 0.938224 0.943026 0.892182 0.951695 0.860931 0.953553 0.940146 0.972903 0.940505 0.999440 0.852736 0.874606 0.915645 0.888920 0.887676 0.955252 0.969047 0.911619 0.828127 0.885864 0.992438 0.965352 0.948698 0.967252 0.910692 0.981609 0.959441
0.694259 0.724689 0.708576 0.744429 0.831114 0.967561 0.659793 0.828627 0.956435 0.953485 0.853768 0.970212 0.992326 0.943343 0.885265 0.875274 0.739584 0.791195 0.607192 0.800666 0.978214 0.978020 0.705389 0.772884 0.814385 0.932319 0.992100 0.993156 0.830546 0.934998 0.723201 0.720436 0.000000 0.561152 0.747285 0.867417 0.888540 0.858816 0.838771 0.935884 0.790379 0.988457 0.693024 0.772697 0.760991 0.838348 0.792703 0.772058 0.979060 0.874069 0.942055 0.913437 0.897012 0.954600 0.817914 0.964765 0.734194 0.784538 0.712761 0.941257 0.849515 0.941128 0.712946 0.900998 0.834914 0.859545 0.554526 0.621755 0.862444 0.824065 0.828861 0.881145 0.805794 0.809753 0.937780 0.825363 0.683841 0.682975 0.728674 0.805595 0.753227 0.733957 0.946641 0.936021 0.664676 0.662834 0.991411 0.927499 0.910538 0.987967 0.883239 0.771215 0.846798 0.844070 0.925126 0.828306 0.915498 0.901284 0.843190 0.765052 0.995787 0.791975 0.795868 0.937415 0.767554 0.878285 0.865587 0.936959 0.947419 0.900796 0.790006 0.963628 0.938519 0.982246 0.957545 0.934245
0.700189 0.730154 0.816644 0.925286 0.849214 0.946347 0.618408 0.747751 0.952424 0.706281 0.696899 0.916758 0.946699 0.940678 0.934624 0.929363 0.700310 0.723433 0.604595 0.819364 0.951891 0.959063 0.859749 0.957207 0.980039 0.973984 0.985468 0.889061 0.761110 0.821167 0.814073 0.751380 0.561152 0.000000 0.840860 0.814121 0.921054 0.925741 0.922505 0.922070 0.893789 0.993782 0.718363 0.715660 0.559774 0.633716 0.690718 0.718968 0.777725 0.749260 0.741409 0.776681 0.861187 0.840463 0.846540 0.991503 0.717848 0.779301 0.681911 0.989049 0.791813 0.994633 0.666412 0.828001 0.965557 0.967999 0.575127 0.610054 0.807030 0.788672 0.865233 0.959189 0.798824 0.791690 0.910008 0.788253 0.697522 0.675856 0.795905 0.875627 0.766990 0.772171 0.897341 0.959063 0.761318 0.842643 0.996947 0.974740 0.882012 0.933472 0.744861 0.735887 0.819496 0.815873 0.879996 0.910807 0.845173 0.960033 0.687513 0.693249 0.957093 0.777170 0.779582 0.915947 0.875598 0.872522 0.981658 0.858296 0.931453 0.949684 0.811809 0.720751 0.678884 0.988316 0.977824 0.894190
0.960315 0.930359 0.624831 0.665412 0.818538 0.966997 0.818065 0.998583 0.788881 0.896383 0.864146 0.747832 0.933471 0.742739 0.961488 0.867148 0.840005 0.800032 0.971926 0.830647 0.805391 0.931138 0.679368 0.781930 0.647848 0.716564 0.863771 0.761557 0.831359 0.686540 0.655468 0.883450 0.747285 0.840860 0.000000 0.970295 0.846230 0.893996 0.822759 0.946669 0.815180 0.980293 0.958264 0.966170 0.965094 0.965270 0.913747 0.899319 0.848810 0.896665 0.959708 0.863260 0.923974 0.904866 0.700925 0.998494 0.872348 0.916590 0.752856 0.794457 0.796795 0.973050 0.905409 0.848460 0.607986 0.621665 0.622643 0.641467 0.967969 0.988129 0.885745 0.989255 0.892105 0.998779 0.943005 0.965712 0.831076 0.891663 0.979292 0.952937 0.940044 0.963131 0.915321 0.852021 0.686275 0.622135 0.880371 0.948954 0.867318 0.742157 0.940582 0.871256 0.821269 0.759318 0.967118 0.921111 0.900184 0.910193 0.904552 0.997057 0.830220 0.917526 0.957788 0.750184 0.824896 0.773174 0.971863 0.889255 0.946814 0.981213 0.991580 0.874417 0.799193 0.826276 0.860403 0.963243
0.952733 0.936913 0.998247 0.961403 0.846790 0.858096 0.915720 0.901266 0.845202 0.892245 0.915954 0.944348 0.934902 0.986910 0.919624 0.844148 0.964654 0.977759 0.990779 0.954746 0.857009 0.977352 0.926713 0.966286 0.923006 0.912677 0.886416 0.985239 0.925574 0.901851 0.935702 0.926838 0.867417 0.814121 0.970295 0.000000 0.935646 0.917143 0.929048 0.908452 0.917970 0.991451 0.940051 0.958160 0.978166 0.953980 0.932137 0.970286 0.877924 0.950976 0.960184 0.985887 0.927031 0.989398 0.938800 0.948966 0.954532 0.962876 0.981922 0.952995 0.974621 0.969753 0.954052 0.951966 0.972878 0.892413 0.819004 0.791554 0.992303 0.917833 0.993630 0.921011 0.942157 0.928494 0.920035 0.983865 0.954585 0.881774 0.915697 0.907375 0.935581 0.999107 0.809414 0.984284 0.946304 0.850920 0.983134 0.946085 0.987712 0.893206 0.901412 0.869028 0.933894 0.967301 0.978617 0.852876 0.960927 0.987985 0.923268 0.909232 0.874761 0.932859 0.885087 0.983672 0.832569 0.910092 0.998566 0.976431 0.936862 0.922265 0.915973 0.977598 0.946673 0.975893 0.992315 0.923961
0.880108 0.896988 0.878986 0.692414 0.913115 0.965519 0.979174 0.899911 0.740835 0.969807 0.820851 0.994437 0.885689 0.919867 0.957544 0.842954 0.998581 0.924830 0.975967 0.931998 0.903117 0.943437 0.939952 0.874715 0.790249 0.731211 0.890937 0.919944 0.920662 0.754934 0.864926 0.851982 0.888540 0.921054 0.846230 0.935646 0.000000 0.710091 0.906756 0.859833 0.761309 0.970644 0.943903 0.959665 0.913177 0.895156 0.899315 0.988581 0.955691 0.898696 0.700219 0.801489 0.799112 0.830917 0.822460 0.959802 0.908507 0.872807 0.747578 0.732223 0.871293 0.784069 0.910708 0.906628 0.844718 0.767285 0.996203 0.977602 0.818373 0.850196 0.842400 0.817997 0.819425 0.888293 0.950628 0.989131 0.887082 0.849660 0.883749 0.927769 0.910888 0.990098 0.948311 0.926096 0.990375 0.884620 0.826514 0.905913 0.922559 0.781632 0.944524 0.907889 0.835981 0.913140 0.880505 0.963627 0.916157 0.924098 0.945071 0.992537 0.955114 0.980224 0.933386 0.958598 0.722047 0.845771 0.985484 0.785325 0.833669 0.904464 0.964678 0.932161 0.929266 0.962123 0.950008 0.877070
0.819111 0.786633 0.986730 0.781742 0.865461 0.919274 0.869065 0.993715 0.954259 0.881516 0.740137 0.967278 0.820178 0.912532 0.844558 0.983317 0.993418 0.964138 0.939598 0.982079 0.963861 0.997439 0.976891 0.903944 0.803307 0.855227 0.982769 0.921838 0.921675 0.852658 0.956823 0.964273 0.858816 0.925741 0.893996 0.917143 0.710091 0.000000 0.951878 0.920337 0.788569 0.925867 0.979960 0.953259 0.900651 0.920277 0.953795 0.918019 0.992165 0.907087 0.862396 0.858862 0.954201 0.979700 0.802500 0.895139 0.895524 0.828944 0.863839 0.776693 0.946398 0.777837 0.956127 0.852771 0.933664 0.789357 0.987541 0.957293 0.851191 0.899287 0.940005 0.821278 0.995287 0.980479 0.945648 0.997878 0.830051 0.911356 0.991833 0.914984 0.964367 0.992339 0.856531 0.915526 0.967045 0.851817 0.908583 0.978285 0.997288 0.758331 0.910630 0.854756 0.982975 0.941395 0.952523 0.981843 0.979397 0.896635 0.965239 0.911661 0.992870 0.876761 0.914196 0.957617 0.733082 0.874915 0.984886 0.989412 0.925039 0.947459 0.969099 0.924033 0.930630 0.991234 0.981962 0.839211
