0.000000 0.558625 0.662306 0.716599 0.830226 0.904079 0.573817 0.583114 0.793254 0.761501 0.772472 0.784821 0.724942 0.903647 0.833786 0.994517 0.510450 0.507212 0.559942 0.724292 0.898984 0.992794 0.770804 0.952354 0.774620 0.775893 0.976405 0.974124 0.697669 0.657249 0.824078 0.917812 0.591846 0.570788 0.758194 0.915851 0.974999 0.765670 0.851999 0.885164 0.940947 0.913127 0.781558 0.712367 0.893782 0.762486 0.676317 0.769508 0.864056 0.855912 0.845005 0.914826 0.881837 0.942339 0.843260 0.897480 0.495001 0.637053 0.699034 0.848888 0.498664 0.631254 0.502376 0.484374 0.667034 0.744058 0.771857 0.819099 0.876464 0.867318 0.911241 0.958781 0.855494 0.910865 0.958945 0.993000 0.788209 0.826223 0.810185 0.946694 0.489258 0.552341 0.814195 0.624440 0.582269 0.681730 0.938761 0.846226 0.820008 0.667601 0.791017 0.865169 0.927522 0.899846 0.881206 0.751265 0.861999 0.953102 0.735155 0.656776 0.923976 0.999424 0.877361 0.805471 0.963329 0.852119 0.844746 0.933882 0.740206 0.938672 0.904056 0.983528 0.848258 0.958848 0.991674 0.997246
0.558625 0.000000 0.887684 0.831781 0.919891 0.907441 0.881370 0.704782 0.978501 0.922226 0.938143 0.675208 0.794244 0.776596 0.775961 0.810108 0.577269 0.583552 0.711785 0.774177 0.991167 0.975396 0.897383 0.977519 0.801799 0.895556 0.948604 0.862567 0.723811 0.660152 0.939700 0.901436 0.635631 0.748401 0.846264 0.998549 0.917090 0.877950 0.986022 0.848780 0.961756 0.854256 0.779357 0.678523 0.852128 0.800349 0.772633 0.737283 0.867190 0.860403 0.981786 0.933173 0.841721 0.925734 0.888296 0.939431 0.570249 0.536059 0.754805 0.837622 0.711768 0.641843 0.679044 0.572531 0.811003 0.820943 0.962277 0.899013 0.863838 0.750838 0.868201 0.902367 0.913157 0.891387 0.982024 0.975456 0.869267 0.899515 0.741942 0.870527 0.607926 0.717130 0.853371 0.713850 0.851756 0.833197 0.938144 0.996003 0.889346 0.766396 0.958844 0.856947 0.926006 0.900361 0.806337 0.812258 0.908525 0.964204 0.808325 0.875197 0.895540 0.886351 0.884151 0.901048 0.989130 0.829650 0.960875 0.976695 0.861309 0.942784 0.987431 0.971978 0.973994 0.959677 0.835989 0.967585
0.662306 0.887684 0.000000 0.455716 0.835978 0.865012 0.365440 0.452492 0.730414 0.723904 0.871838 0.866696 0.865566 0.910960 0.976873 0.760850 0.870496 0.703877 0.703206 0.717446 0.843856 0.898092 0.630048 0.861650 0.689372 0.897898 0.946488 0.860547 0.925994 0.879828 0.779307 0.847986 0.577830 0.597725 0.743131 0.897752 0.960974 0.973204 0.879149 0.794658 0.991569 0.849186 0.669998 0.746462 0.947901 0.899613 0.706308 0.748865 0.898653 0.907407 0.705882 0.732545 0.975370 0.925635 0.883563 0.812352 0.779171 0.959086 0.560993 0.709607 0.498485 0.739134 0.713128 0.760352 0.458357 0.595276 0.528903 0.561758 0.916397 0.928584 0.937161 0.877506 0.830255 0.868021 0.932202 0.988318 0.702899 0.977895 0.942443 0.900859 0.604339 0.616515 0.890963 0.731460 0.498434 0.662290 0.848799 0.999253 0.803851 0.657557 0.641915 0.680439 0.648756 0.612138 0.807177 0.719880 0.722368 0.972289 0.570189 0.539867 0.749887 0.872306 0.854798 0.754793 0.666235 0.594208 0.934730 0.751157 0.792314 0.907082 0.682683 0.826283 0.872166 0.962202 0.956581 0.967878
0.716599 0.831781 0.455716 0.000000 0.947203 0.892596 0.542337 0.410755 0.899622 0.875012 0.914691 0.995843 0.946416 0.976042 0.848872 0.829562 0.951792 0.752497 0.832312 0.738722 0.810149 0.874370 0.684246 0.736310 0.605355 0.781695 0.928766 0.978850 0.972294 0.937087 0.809089 0.886447 0.648602 0.543880 0.673088 0.797917 0.945745 0.851591 0.786076 0.708597 0.959917 0.813734 0.654645 0.650211 0.964271 0.884556 0.735641 0.655719 0.897395 0.987109 0.732287 0.776806 0.958205 0.918487 0.961634 0.829932 0.899668 0.987709 0.680955 0.715709 0.672771 0.683257 0.835343 0.829781 0.451653 0.451561 0.462446 0.441350 0.717425 0.943138 0.732708 0.698951 0.844965 0.807747 0.964965 0.942354 0.722346 0.891748 0.869503 0.901615 0.668867 0.686743 0.965649 0.824040 0.631156 0.627161 0.881405 0.884086 0.974428 0.592095 0.745131 0.789760 0.669530 0.682172 0.808104 0.638755 0.725086 0.959798 0.604431 0.678366 0.745930 0.901412 0.824591 0.730347 0.638134 0.639030 0.934568 0.786559 0.762554 0.868115 0.683516 0.875329 0.995811 0.998494 0.907329 0.896081
0.830226 0.919891 0.835978 0.947203 0.000000 0.824092 0.768097 0.941759 0.748307 0.831450 0.906356 0.842490 0.832507 0.955475 0.790899 0.995927 0.733465 0.721510 0.780371 0.903731 0.809160 0.836072 0.638764 0.829198 0.836905 0.851805 0.814521 0.884836 0.876814 0.686943 0.727677 0.854273 0.844655 0.883903 0.993733 0.809530 0.893689 0.834512 0.900882 0.988284 0.925783 0.986762 0.916704 0.917902 0.841571 0.903905 0.872180 0.973361 0.792454 0.897518 0.904515 0.965743 0.859249 0.839503 0.875217 0.846267 0.672852 0.808514 0.967146 0.894535 0.761151 0.923072 0.744352 0.880394 0.839895 0.936602 0.985529 0.992146 0.927754 0.907603 0.896916 0.978405 0.734307 0.923504 0.936581 0.998277 0.980529 0.905269 0.933660 0.840123 0.731045 0.681484 0.732066 0.688924 0.634071 0.662628 0.832284 0.625466 0.758452 0.778882 0.958762 0.990175 0.978155 0.972527 0.918180 0.965943 0.943330 0.973694 0.920628 0.887321 0.918414 0.830487 0.829380 0.938239 0.971175 0.950967 0.921760 0.894823 0.925138 0.917334 0.911425 0.891928 0.940366 0.972695 0.949601 0.907636
0.904079 0.907441 0.865012 0.892596 0.824092 0.000000 0.891102 0.834976 0.956186 0.966120 0.959795 0.951784 0.960532 0.945021 0.820971 0.702116 0.936816 0.973613 0.931153 0.805493 0.830100 0.945184 0.945671 0.937578 0.974791 0.880545 0.789867 0.915751 0.990617 0.882350 0.873333 0.945652 0.908175 0.841317 0.924522 0.884963 0.779619 0.916284 0.884027 0.967224 0.804805 0.932008 0.856169 0.773363 0.990429 0.860197 0.920408 0.976007 0.890418 0.994030 0.974516 0.823401 0.761788 0.768102 0.883908 0.955002 0.995121 0.929562 0.750375 0.751938 0.899131 0.866062 0.884513 0.777185 0.969222 0.909900 0.836346 0.911926 0.850856 0.792599 0.843158 0.860345 0.959685 0.855081 0.954046 0.860074 0.939813 0.911104 0.955132 0.870163 0.929737 0.965319 0.998479 0.999206 0.990948 0.907130 0.823351 0.884193 0.879133 0.952560 0.944957 0.987215 0.977267 0.972934 0.987763 0.829149 0.783960 0.936035 0.923141 0.891325 0.946150 0.938309 0.805337 0.877048 0.993535 0.988413 0.870233 0.763314 0.948528 0.957353 0.803287 0.889442 0.919478 0.874811 0.983037 0.982073
0.573817 0.881370 0.365440 0.542337 0.768097 0.891102 0.000000 0.513055 0.644663 0.653160 0.870974 0.874962 0.786195 0.903223 0.960312 0.758264 0.785571 0.637871 0.613228 0.687323 0.866688 0.982880 0.596924 0.897916 0.762775 0.865482 0.954329 0.801280 0.893125 0.792661 0.772522 0.916611 0.525216 0.590965 0.743932 0.923509 0.947373 0.879759 0.891744 0.909625 0.932191 0.881568 0.723818 0.768339 0.914507 0.827762 0.754288 0.782268 0.985389 0.835418 0.724998 0.756585 0.990505 0.935532 0.870299 0.834449 0.700813 0.879644 0.587604 0.765039 0.386857 0.717299 0.558964 0.658193 0.502297 0.661357 0.574002 0.647037 0.957771 0.955817 0.997666 0.994489 0.856189 0.901282 0.931113 0.991868 0.757973 0.964028 0.914019 0.935598 0.530061 0.534638 0.805607 0.670528 0.411557 0.658265 0.908075 0.886621 0.766125 0.673995 0.606371 0.631647 0.693588 0.684253 0.796037 0.775168 0.755754 0.996933 0.572334 0.545811 0.848990 0.861299 0.935624 0.756760 0.726415 0.678576 0.959363 0.831078 0.724062 0.912568 0.675818 0.868328 0.897538 0.991219 0.995924 0.966281
0.583114 0.704782 0.452492 0.410755 0.941759 0.834976 0.513055 0.000000 0.861795 0.698288 0.836533 0.840487 0.920982 0.964438 0.917528 0.851645 0.834596 0.665130 0.726006 0.622284 0.923730 0.957761 0.703608 0.921639 0.758411 0.936519 0.973702 0.869138 0.844884 0.823619 0.833465 0.899905 0.628320 0.483202 0.716621 0.835111 0.995395 0.938865 0.879211 0.695539 0.934323 0.875027 0.739187 0.734534 0.926687 0.969889 0.712548 0.747589 0.825957 0.946530 0.875346 0.812937 0.893665 0.793942 0.912587 0.903263 0.820753 0.857134 0.527213 0.537441 0.517491 0.458468 0.752099 0.631711 0.519386 0.440091 0.549148 0.486949 0.834884 0.857283 0.805498 0.772421 0.799761 0.788539 0.900473 0.994572 0.637955 0.886561 0.845259 0.923726 0.614364 0.693020 0.972808 0.810442 0.663915 0.747082 0.817101 0.844658 0.879256 0.523636 0.794942 0.897898 0.786115 0.858072 0.820089 0.655571 0.680059 0.954639 0.596075 0.629151 0.780851 0.959439 0.797497 0.812230 0.647623 0.591798 0.993069 0.804677 0.727744 0.824431 0.672738 0.915217 0.970374 0.990536 0.904755 0.947263
0.793254 0.978501 0.730414 0.899622 0.748307 0.956186 0.644663 0.861795 0.000000 0.647694 0.899841 0.896997 0.791109 0.845218 0.877761 0.907521 0.879483 0.811220 0.847903 0.928057 0.977088 0.988035 0.609712 0.971357 0.943459 0.991042 0.972711 0.882899 0.834674 0.864039 0.872623 0.956686 0.786954 0.881839 0.984330 0.974399 0.974823 0.906476 0.969677 0.855952 0.913840 0.998663 0.965761 0.913581 0.907783 0.926723 0.976570 0.984864 0.866267 0.948746 0.926880 0.944066 0.835779 0.898015 0.926391 0.870822 0.717999 0.871073 0.914325 0.979956 0.626444 0.891063 0.646546 0.686576 0.777852 0.991063 0.962972 0.923722 0.815064 0.963933 0.885202 0.787528 0.948496 0.871275 0.902361 0.998509 0.966974 0.984099 0.835904 0.999662 0.757073 0.735271 0.691224 0.734419 0.625621 0.775241 0.809768 0.716786 0.856112 0.749424 0.874625 0.885549 0.830372 0.920759 0.922317 0.949157 0.830498 0.904643 0.893782 0.704607 0.963637 0.996345 0.960989 0.930584 0.849103 0.926919 0.934733 0.956378 0.875906 0.853217 0.853555 0.974387 0.985316 0.854599 0.968100 0.881623
0.761501 0.922226 0.723904 0.875012 0.831450 0.966120 0.653160 0.698288 0.647694 0.000000 0.729808 0.964211 0.985776 0.710447 0.903326 0.733660 0.799919 0.728054 0.635676 0.735577 0.896503 0.998035 0.675997 0.917588 0.858680 0.912813 0.802228 0.786847 0.761456 0.817162 0.739104 0.912850 0.655042 0.696463 0.866467 0.989254 0.970044 0.929342 0.983328 0.998303 0.944815 0.938067 0.936764 0.969298 0.854061 0.873944 0.822242 0.991278 0.816638 0.862124 0.843762 0.836567 0.980657 0.864517 0.818272 0.907472 0.704613 0.803039 0.741994 0.808074 0.676584 0.801706 0.607654 0.562503 0.964743 0.965973 0.762725 0.806759 0.796975 0.884356 0.947598 0.912895 0.909599 0.940742 0.830746 0.992149 0.938452 0.980781 0.981872 0.969148 0.712323 0.734646 0.910887 0.738532 0.738874 0.975840 0.912635 0.809279 0.875832 0.688369 0.793044 0.856504 0.789309 0.997414 0.945974 0.736353 0.642646 0.879613 0.708506 0.712128 0.781598 0.995742 0.787494 0.819108 0.754474 0.799311 0.939420 0.839759 0.773805 0.837816 0.802773 0.995022 0.997334 0.919867 0.865384 0.869997
0.772472 0.938143 0.871838 0.914691 0.906356 0.959795 0.870974 0.836533 0.899841 0.729808 0.000000 0.808300 0.814926 0.970615 0.886021 0.932464 0.758370 0.758505 0.770866 0.690405 0.846029 0.934539 0.963921 0.952679 0.998214 0.902169 0.889737 0.843797 0.805532 0.818758 0.846668 0.969144 0.840888 0.700737 0.877057 0.782077 0.981861 0.809244 0.931674 0.994731 0.987974 0.948426 0.911086 0.956399 0.920652 0.979370 0.984762 0.931772 0.982171 0.931178 0.972681 0.809341 0.938522 0.910579 0.933834 0.945859 0.831728 0.919671 0.950112 0.908593 0.811043 0.823470 0.737614 0.730259 0.911258 0.990835 0.961223 0.922234 0.893704 0.935446 0.936530 0.835752 0.786362 0.994139 0.952732 0.918769 0.850651 0.808931 0.909789 0.898280 0.746119 0.794969 0.953772 0.872384 0.917548 0.991399 0.800075 0.856398 0.976207 0.841095 0.942742 0.805242 0.932834 0.869715 0.999477 0.750121 0.856302 0.910609 0.969193 0.998457 0.923579 0.963837 0.832428 0.988600 0.949797 0.885229 0.956395 0.977106 0.926904 0.907188 0.977720 0.922149 0.927687 0.945803 0.908318 0.948430
0.784821 0.675208 0.866696 0.995843 0.842490 0.951784 0.874962 0.840487 0.896997 0.964211 0.808300 0.000000 0.758674 0.662923 0.892362 0.753011 0.775886 0.799007 0.873096 0.766502 0.833237 0.862990 0.885791 0.921698 0.975857 0.925708 0.986669 0.988555 0.835484 0.785059 0.837366 0.995989 0.997459 0.861856 0.868761 0.868561 0.959199 0.841512 0.984527 0.937592 0.924895 0.989875 0.931263 0.914031 0.813815 0.947050 0.957185 0.991893 0.890542 0.863156 0.808050 0.916497 0.943727 0.921982 0.851830 0.958536 0.864352 0.698635 0.913540 0.805644 0.882839 0.656694 0.887395 0.713276 0.991673 0.900037 0.833427 0.933078 0.886325 0.887271 0.963350 0.894616 0.989837 0.944969 0.932658 0.882939 0.804230 0.778448 0.788936 0.978593 0.851304 0.947088 0.998068 0.927071 0.919060 0.915000 0.946113 0.900894 0.926119 0.894625 0.816431 0.744130 0.801485 0.746456 0.941297 0.887100 0.960948 0.969187 0.961411 0.941537 0.910326 0.969318 0.884890 0.858938 0.953675 0.939819 0.863600 0.916035 0.983001 0.972672 0.912381 0.895172 0.995360 0.999516 0.913217 0.983512
0.724942 0.794244 0.865566 0.946416 0.832507 0.960532 0.786195 0.920982 0.791109 0.985776 0.814926 0.758674 0.000000 0.615734 0.559562 0.685767 0.809046 0.731831 0.807238 0.763919 0.982104 0.825469 0.861332 0.963770 0.958261 0.921196 0.912795 0.941213 0.845567 0.749295 0.988623 0.952136 0.907982 0.919753 0.952623 0.995553 0.970413 0.718822 0.988743 0.944978 0.965413 0.829415 0.897618 0.966974 0.827590 0.959800 0.963156 0.976698 0.819950 0.998128 0.788311 0.889974 0.938546 0.966963 0.910148 0.924980 0.788038 0.750849 0.889746 0.849759 0.594321 0.734825 0.764418 0.752872 0.897335 0.974909 0.756364 0.816194 0.959087 0.935119 0.808952 0.890604 0.920427 0.843575 0.973929 0.738054 0.942251 0.935485 0.836661 0.850314 0.764970 0.745928 0.815968 0.806437 0.742828 0.932159 0.853000 0.825257 0.755310 0.971915 0.920300 0.820155 0.784474 0.816470 0.979313 0.941837 0.933094 0.860871 0.987622 0.941892 0.839710 0.969332 0.924773 0.774842 0.994099 0.988054 0.870147 0.754900 0.951246 0.972243 0.961389 0.980756 0.956741 0.964674 0.880234 0.997649
0.903647 0.776596 0.910960 0.976042 0.955475 0.945021 0.903223 0.964438 0.845218 0.710447 0.970615 0.662923 0.615734 0.000000 0.607074 0.521759 0.942682 0.892743 0.996796 0.867697 0.902890 0.881209 0.945269 0.932198 0.869332 0.981320 0.966035 0.879754 0.943893 0.794336 0.999067 0.798128 0.961038 0.931980 0.867351 0.980112 0.995910 0.980759 0.926225 0.868325 0.997390 0.904058 0.974573 0.862041 0.875960 0.989793 0.855345 0.846194 0.833002 0.873351 0.787733 0.914076 0.964337 0.980298 0.886719 0.897818 0.975316 0.894314 0.929672 0.922739 0.902339 0.758836 0.982160 0.931436 0.937334 0.850259 0.837241 0.917557 0.893988 0.918892 0.989377 0.779753 0.978744 0.985118 0.914673 0.819392 0.980435 0.894598 0.856052 0.805269 0.945073 0.903133 0.820455 0.889926 0.982786 0.897027 0.885503 0.991188 0.906840 0.986965 0.800270 0.750153 0.719952 0.799643 0.954367 0.959286 0.837473 0.832170 0.901805 0.909060 0.868654 0.935075 0.915999 0.778990 0.927021 0.988515 0.880995 0.808310 0.868081 0.999220 0.883993 0.939752 0.988795 0.972428 0.848724 0.920937
0.833786 0.775961 0.976873 0.848872 0.790899 0.820971 0.960312 0.917528 0.877761 0.903326 0.886021 0.892362 0.559562 0.607074 0.000000 0.545478 0.808575 0.725064 0.845118 0.966660 0.986112 0.865252 0.727985 0.837490 0.958106 0.995814 0.971406 0.958208 0.774194 0.627021 0.819040 0.660336 0.856045 0.999907 0.993125 0.950523 0.920268 0.907107 0.939078 0.950980 0.948940 0.898656 0.979462 0.959176 0.918332 0.880583 0.819140 0.824540 0.903607 0.883776 0.871945 0.958288 0.866092 0.840705 0.874579 0.907601 0.731915 0.744123 0.936306 0.884971 0.809710 0.913027 0.789315 0.857608 0.888725 0.981208 0.780125 0.840656 0.987885 0.984278 0.941657 0.978221 0.919562 0.970365 0.965484 0.788262 0.944912 0.995140 0.803591 0.885562 0.824394 0.737484 0.654830 0.655543 0.766665 0.769191 0.636878 0.637866 0.842786 0.960607 0.826085 0.826423 0.722780 0.776850 0.979916 0.949590 0.840936 0.985653 0.933434 0.965626 0.878190 0.820834 0.757967 0.805782 0.913007 0.921497 0.844315 0.733055 0.982734 0.918975 0.895256 0.917099 0.890399 0.961142 0.862602 0.903061
0.994517 0.810108 0.760850 0.829562 0.995927 0.702116 0.758264 0.851645 0.907521 0.733660 0.932464 0.753011 0.685767 0.521759 0.545478 0.000000 0.989789 0.970938 0.936806 0.929924 0.996910 0.936515 0.997285 0.848239 0.937309 0.915388 0.887403 0.798185 0.967020 0.817225 0.948870 0.833478 0.916914 0.932627 0.867687 0.939531 0.846145 0.980208 0.915798 0.944578 0.911794 0.819056 0.899908 0.966292 0.935446 0.974724 0.929680 0.862862 0.991596 0.941602 0.825013 0.791370 0.921798 0.869999 0.980122 0.965266 0.974563 0.859717 0.794539 0.886207 0.928587 0.954911 0.913778 0.928109 0.964588 0.970179 0.729367 0.842443 0.884003 0.953211 0.984533 0.823135 0.998623 0.893268 0.949339 0.827027 0.934142 0.907242 0.897528 0.775255 0.913257 0.992794 0.846536 0.924617 0.972090 0.935958 0.738041 0.899548 0.941706 0.898558 0.727618 0.692983 0.649330 0.727872 0.880893 0.906717 0.706911 0.887545 0.820248 0.753953 0.874472 0.837057 0.787847 0.711012 0.889560 0.969533 0.916691 0.673147 0.919048 0.991355 0.687227 0.943261 0.955618 0.938187 0.837950 0.961528
0.510450 0.577269 0.870496 0.951792 0.733465 0.936816 0.785571 0.834596 0.879483 0.799919 0.758370 0.775886 0.809046 0.942682 0.808575 0.989789 0.000000 0.519265 0.606341 0.701036 0.983741 0.966869 0.809330 0.947830 0.869933 0.900155 0.913698 0.920890 0.690694 0.583389 0.864912 0.866750 0.676190 0.794555 0.826339 0.856466 0.892903 0.780951 0.922973 0.984892 0.997456 0.913704 0.916351 0.769021 0.819044 0.732884 0.796436 0.813583 0.760054 0.781415 0.866836 0.947525 0.810689 0.893196 0.739440 0.867752 0.485822 0.603706 0.864185 0.980318 0.691262 0.764292 0.516715 0.537348 0.863325 0.918669 0.971940 0.969647 0.791388 0.830743 0.931602 0.952479 0.945715 0.920811 0.996514 0.996443 0.876603 0.922679 0.797886 0.878470 0.485379 0.573083 0.712903 0.578473 0.694278 0.757711 0.933855 0.711032 0.842233 0.766424 0.894098 0.990580 0.975062 0.960865 0.878616 0.828883 0.853670 0.962494 0.877235 0.874946 0.998236 0.848615 0.893646 0.947700 0.962622 0.966836 0.944746 0.985980 0.859159 0.978922 0.956938 0.971064 0.881513 0.954709 0.945149 0.974083
0.507212 0.583552 0.703877 0.752497 0.721510 0.973613 0.637871 0.665130 0.811220 0.728054 0.758505 0.799007 0.731831 0.892743 0.725064 0.970938 0.519265 0.000000 0.540840 0.685992 0.941732 0.901719 0.654758 0.862323 0.760500 0.864025 0.914488 0.995400 0.658554 0.508574 0.733092 0.778498 0.541555 0.637120 0.830920 0.765529 0.946064 0.799295 0.793692 0.842573 0.943674 0.979755 0.851653 0.717893 0.823988 0.741708 0.684648 0.740849 0.860178 0.840951 0.923409 0.953397 0.857491 0.887306 0.709090 0.809685 0.472598 0.668898 0.812562 0.915271 0.529167 0.661579 0.449088 0.515752 0.713966 0.765751 0.837496 0.818553 0.970125 0.843237 0.848289 0.961731 0.755819 0.898495 0.982408 0.976306 0.907138 0.932269 0.756651 0.832149 0.413883 0.433372 0.710221 0.528378 0.597802 0.637135 0.933934 0.736549 0.824220 0.627346 0.884081 0.979132 0.990876 0.947328 0.799653 0.779426 0.878062 0.994952 0.822391 0.770708 0.924496 0.874983 0.972290 0.983201 0.852787 0.888394 0.957413 0.911099 0.819875 0.905017 0.933583 0.972180 0.962271 0.999132 0.940856 0.999822
0.559942 0.711785 0.703206 0.832312 0.780371 0.931153 0.613228 0.726006 0.847903 0.635676 0.770866 0.873096 0.807238 0.996796 0.845118 0.936806 0.606341 0.540840 0.000000 0.627165 0.955230 0.997506 0.711000 0.869827 0.939430 0.853651 0.983487 0.950697 0.588838 0.576885 0.766878 0.853084 0.572407 0.649452 0.828235 0.928851 0.962548 0.811774 0.837097 0.993145 0.995179 0.910304 0.896418 0.834864 0.929256 0.800810 0.708887 0.842611 0.897817 0.885402 0.926210 0.927566 0.997014 0.970330 0.758658 0.807779 0.589790 0.716370 0.799731 0.928703 0.601804 0.742187 0.447080 0.573299 0.824142 0.838074 0.785148 0.834508 0.793677 0.874338 0.898859 0.995772 0.819355 0.807989 0.993624 0.951714 0.817655 0.933742 0.858620 0.882239 0.514561 0.563243 0.769444 0.618357 0.645247 0.759103 0.873969 0.807918 0.742481 0.761534 0.837891 0.918044 0.957336 0.959441 0.901424 0.807739 0.826957 0.922059 0.741533 0.771058 0.821156 0.890525 0.860235 0.938767 0.869847 0.795939 0.964055 0.963769 0.832806 0.947814 0.869583 0.978212 0.865171 0.962274 0.995187 0.850549
0.724292 0.774177 0.717446 0.738722 0.903731 0.805493 0.687323 0.622284 0.928057 0.735577 0.690405 0.766502 0.763919 0.867697 0.966660 0.929924 0.701036 0.685992 0.627165 0.000000 0.941370 0.957764 0.800492 0.971602 0.993126 0.886922 0.935708 0.760255 0.834823 0.771538 0.942347 0.994941 0.706648 0.691085 0.739931 0.953935 0.978303 0.828616 0.929640 0.901481 0.902139 0.957443 0.919453 0.812102 0.855336 0.970806 0.908306 0.816280 0.860834 0.939076 0.966068 0.917471 0.787521 0.694442 0.997165 0.893812 0.804128 0.713999 0.645049 0.617640 0.635400 0.597902 0.730747 0.645736 0.884170 0.736202 0.836685 0.784775 0.924063 0.848308 0.982714 0.990940 0.870887 0.879381 0.874130 0.955870 0.751249 0.955656 0.848603 0.878863 0.650120 0.694338 0.895057 0.798979 0.801318 0.960607 0.852437 0.998122 0.873385 0.720998 0.929502 0.972412 0.971751 0.913091 0.918449 0.731489 0.746983 0.878294 0.819464 0.856844 0.836651 0.922012 0.770234 0.920988 0.744391 0.828397 0.973328 0.997868 0.848131 0.920794 0.719206 0.931258 0.954536 0.848443 0.945261 0.938686
0.898984 0.991167 0.843856 0.810149 0.809160 0.830100 0.866688 0.923730 0.977088 0.896503 0.846029 0.833237 0.982104 0.902890 0.986112 0.996910 0.983741 0.941732 0.955230 0.941370 0.000000 0.960707 0.847218 0.837620 0.798081 0.814489 0.990850 0.981199 0.928098 0.977457 0.828580 0.905353 0.861384 0.887134 0.864165 0.936629 0.846385 0.965661 0.911540 0.993146 0.987889 0.899283 0.868230 0.847881 0.921657 0.984564 0.826243 0.944319 0.969299 0.964099 0.885692 0.983354 0.954019 0.990071 0.952530 0.989438 0.922319 0.942164 0.924590 0.902398 0.973109 0.950257 0.978772 0.948954 0.879406 0.894716 0.773847 0.818944 0.939357 0.936376 0.899368 0.946942 0.958664 0.935166 0.936397 0.984659 0.921562 0.963845 0.996964 0.872770 0.938703 0.970020 0.935578 0.987928 0.860769 0.856431 0.985432 0.909116 0.967395 0.901737 0.955660 0.996473 0.924210 0.878412 0.890779 0.798027 0.860944 0.956788 0.897687 0.995776 0.885401 0.915132 0.946915 0.906063 0.804444 0.934702 0.976791 0.998223 0.782347 0.973228 0.906011 0.956636 0.963433 0.947188 0.978378 0.939305
0.992794 0.975396 0.898092 0.874370 0.836072 0.945184 0.982880 0.957761 0.988035 0.998035 0.934539 0.862990 0.825469 0.881209 0.865252 0.936515 0.966869 0.901719 0.997506 0.957764 0.960707 0.000000 0.979141 0.998773 0.918422 0.984795 0.929888 0.887850 0.934772 0.995238 0.994631 0.986384 0.960409 0.927609 0.970523 0.950207 0.978807 0.933158 0.863253 0.897974 0.906877 0.942130 0.819099 0.961822 0.990302 0.958914 0.831264 0.940420 0.947168 0.914003 0.821946 0.869502 0.903122 0.942254 0.844486 0.885659 0.852767 0.937792 0.877028 0.932344 0.912490 0.922901 0.961582 0.914726 0.900452 0.893281 0.842993 0.823088 0.977175 0.976739 0.984024 0.914710 0.856747 0.903425 0.981694 0.910194 0.958409 0.963263 0.968184 0.912492 0.951415 0.971862 0.961385 0.965430 0.964683 0.990686 0.783140 0.853225 0.991311 0.991539 0.934046 0.995065 0.865252 0.835304 0.923607 0.996441 0.924185 0.905753 0.897550 0.925207 0.821425 0.815649 0.959207 0.830709 0.941329 0.877442 0.924342 0.899070 0.942109 0.912299 0.970178 0.939529 0.918551 0.933391 0.991375 0.900032
0.770804 0.897383 0.630048 0.684246 0.638764 0.945671 0.596924 0.703608 0.609712 0.675997 0.963921 0.885791 0.861332 0.945269 0.727985 0.997285 0.809330 0.654758 0.711000 0.800492 0.847218 0.979141 0.000000 0.593199 0.823633 0.874354 0.944499 0.919349 0.846475 0.674914 0.567621 0.711868 0.652901 0.723087 0.801148 0.885049 0.796248 0.962543 0.881556 0.913077 0.990812 0.977037 0.859197 0.926315 0.773587 0.760104 0.691918 0.768812 0.819219 0.801384 0.819886 0.824508 0.965055 0.925752 0.823943 0.725191 0.695458 0.835504 0.887849 0.977652 0.632448 0.833443 0.597001 0.705894 0.617601 0.716637 0.774169 0.738072 0.891741 0.865275 0.902693 0.903113 0.813554 0.885404 0.896916 0.977483 0.948991 0.941247 0.799705 0.903947 0.608068 0.486547 0.614500 0.544760 0.430726 0.530568 0.856261 0.668980 0.810664 0.640108 0.909932 0.914546 0.868519 0.981923 0.882619 0.784253 0.793916 0.965634 0.747678 0.736166 0.866260 0.880030 0.914892 0.991645 0.775928 0.790712 0.961210 0.995969 0.804094 0.954519 0.840796 0.941824 0.961114 0.865816 0.917586 0.834970
0.952354 0.977519 0.861650 0.736310 0.829198 0.937578 0.897916 0.921639 0.971357 0.917588 0.952679 0.921698 0.963770 0.932198 0.837490 0.848239 0.947830 0.862323 0.869827 0.971602 0.837620 0.998773 0.593199 0.000000 0.766301 0.707340 0.740725 0.909126 0.988640 0.854608 0.736128 0.790720 0.912475 0.814746 0.943062 0.863101 0.829886 0.789437 0.845448 0.863853 0.984765 0.921097 0.946061 0.951728 0.905434 0.877951 0.763125 0.754898 0.961103 0.983526 0.878981 0.991795 0.912725 0.927287 0.802973 0.790156 0.971060 0.873894 0.870617 0.842133 0.997246 0.998861 0.861909 0.952721 0.672651 0.678880 0.808668 0.730753 0.770540 0.966903 0.928465 0.830232 0.907825 0.905184 0.932925 0.996470 0.932747 0.979231 0.855667 0.815907 0.822498 0.719231 0.776806 0.826653 0.646438 0.532874 0.893919 0.784400 0.983063 0.922210 0.956528 0.997538 0.989616 0.956663 0.985649 0.917401 0.977346 0.956709 0.990591 0.973979 0.867164 0.806177 0.831430 0.899139 0.905866 0.847591 0.934659 0.950603 0.953838 0.984849 0.871012 0.971039 0.890821 0.958868 0.918847 0.952403
0.774620 0.801799 0.689372 0.605355 0.836905 0.974791 0.762775 0.758411 0.943459 0.858680 0.998214 0.975857 0.958261 0.869332 0.958106 0.937309 0.869933 0.760500 0.939430 0.993126 0.798081 0.918422 0.823633 0.766301 0.000000 0.691345 0.842417 0.862890 0.910618 0.884853 0.770898 0.802217 0.771224 0.760322 0.733828 0.921338 0.954828 0.895823 0.821778 0.872510 0.812438 0.880665 0.554065 0.635078 0.779252 0.752008 0.691894 0.651067 0.917491 0.849723 0.709929 0.894771 0.830874 0.775216 0.976635 0.757699 0.827319 0.994707 0.941340 0.925626 0.820608 0.899844 0.872724 0.968265 0.580318 0.634429 0.693938 0.684262 0.786321 0.807105 0.763169 0.699304 0.872678 0.945331 0.890565 0.955333 0.819970 0.913613 0.752171 0.851061 0.660501 0.694794 0.837476 0.787943 0.662138 0.520641 0.982867 0.969128 0.935509 0.846939 0.768847 0.863952 0.795714 0.681013 0.831257 0.812423 0.951679 0.997417 0.831606 0.816762 0.873820 0.995629 0.982100 0.807980 0.910345 0.810447 0.853667 0.906377 0.945146 0.969371 0.910951 0.894880 0.869390 0.986065 0.909947 0.932018
0.775893 0.895556 0.897898 0.781695 0.851805 0.880545 0.865482 0.936519 0.991042 0.912813 0.902169 0.925708 0.921196 0.981320 0.995814 0.915388 0.900155 0.864025 0.853651 0.886922 0.814489 0.984795 0.874354 0.707340 0.691345 0.000000 0.852735 0.796695 0.989608 0.858732 0.711475 0.918094 0.784797 0.827186 0.920509 0.880762 0.834593 0.946309 0.732504 0.936210 0.854070 0.796273 0.794660 0.785908 0.837999 0.826252 0.811196 0.775429 0.786523 0.995544 0.800550 0.887810 0.832680 0.717576 0.822526 0.854927 0.831321 0.917359 0.878617 0.739948 0.962779 0.934293 0.850511 0.969664 0.762371 0.873731 0.751003 0.838997 0.897578 0.979813 0.777443 0.759719 0.806703 0.897654 0.799228 0.957488 0.883955 0.846088 0.952615 0.935489 0.837740 0.810955 0.828295 0.850900 0.793326 0.602133 0.907541 0.897113 0.943087 0.862387 0.876735 0.854546 0.903653 0.812681 0.877435 0.960676 0.953101 0.907882 0.872040 0.918736 0.914440 0.998635 0.963382 0.920984 0.922755 0.966204 0.929354 0.922710 0.987258 0.953355 0.944934 0.952065 0.943375 0.970528 0.890171 0.948168
0.976405 0.948604 0.946488 0.928766 0.814521 0.789867 0.954329 0.973702 0.972711 0.802228 0.889737 0.986669 0.912795 0.966035 0.971406 0.887403 0.913698 0.914488 0.983487 0.935708 0.990850 0.929888 0.944499 0.740725 0.842417 0.852735 0.000000 0.926727 0.972096 0.866013 0.981859 0.896635 0.928339 0.973853 0.925303 0.879126 0.958870 0.942806 0.715024 0.901571 0.853806 0.981011 0.815713 0.917171 0.938640 0.907363 0.933027 0.933667 0.943960 0.837018 0.934709 0.848521 0.993092 0.943480 0.871737 0.829596 0.957432 0.908603 0.831975 0.847660 0.959167 0.963463 0.979284 0.864800 0.859742 0.810055 0.958689 0.974538 0.782392 0.982479 0.920173 0.881787 0.890030 0.956347 0.956563 0.932438 0.950547 0.954721 0.979331 0.774129 0.925072 0.899481 0.958082 0.948366 0.932024 0.741485 0.986871 0.955548 0.822984 0.948638 0.857311 0.932539 0.914516 0.964839 0.908983 0.816183 0.869211 0.912779 0.898386 0.843520 0.951584 0.775332 0.768154 0.789717 0.913813 0.945504 0.977739 0.880585 0.958325 0.960369 0.868177 0.764977 0.982312 0.994883 0.972348 0.935480
0.974124 0.862567 0.860547 0.978850 0.884836 0.915751 0.801280 0.869138 0.882899 0.786847 0.843797 0.988555 0.941213 0.879754 0.958208 0.798185 0.920890 0.995400 0.950697 0.760255 0.981199 0.887850 0.919349 0.909126 0.862890 0.796695 0.926727 0.000000 0.903292 0.989603 0.920014 0.926768 0.904782 0.946220 0.984059 0.978807 0.927922 0.898706 0.975427 0.954361 0.947325 0.976947 0.872890 0.921035 0.895570 0.958527 0.919249 0.937904 0.945801 0.958583 0.992563 0.931373 0.788732 0.783155 0.998453 0.921474 0.995064 0.931905 0.777760 0.795378 0.774105 0.887463 0.951837 0.875341 0.942272 0.980260 0.994852 0.918048 0.989029 0.938534 0.931656 0.815809 0.912925 0.952932 0.906839 0.959525 0.943183 0.899395 0.966531 0.873708 0.927721 0.928324 0.936992 0.979716 0.917689 0.847490 0.946580 0.934776 0.918368 0.931758 0.934416 0.916706 0.933360 0.984456 0.974873 0.954941 0.774647 0.845211 0.951973 0.968965 0.991904 0.914314 0.958842 0.967956 0.930810 0.958009 0.951349 0.870050 0.794864 0.939757 0.894360 0.997514 0.924171 0.950675 0.886668 0.979563
0.697669 0.723811 0.925994 0.972294 0.876814 0.990617 0.893125 0.844884 0.834674 0.761456 0.805532 0.835484 0.845567 0.943893 0.774194 0.967020 0.690694 0.658554 0.588838 0.834823 0.928098 0.934772 0.846475 0.988640 0.910618 0.989608 0.972096 0.903292 0.000000 0.526620 0.860164 0.800003 0.782950 0.742875 0.930290 0.978220 0.950020 0.790595 0.986536 0.966579 0.912647 0.973486 0.934861 0.952905 0.984957 0.939198 0.849322 0.987557 0.916481 0.899120 0.882013 0.881362 0.833736 0.945082 0.893245 0.795933 0.705192 0.814506 0.999998 0.991503 0.778164 0.685364 0.631977 0.655605 0.981424 0.954286 0.939922 0.975816 0.843870 0.880223 0.874259 0.924688 0.734267 0.784317 0.903226 0.859143 0.930726 0.865662 0.907050 0.941280 0.729563 0.782393 0.764177 0.665344 0.903361 0.884742 0.991526 0.823537 0.896550 0.801193 0.935329 0.831065 0.850404 0.770226 0.982355 0.898338 0.988852 0.947663 0.967507 0.908636 0.994224 0.857354 0.916724 0.961623 0.970304 0.905712 0.901751 0.938047 0.992652 0.982295 0.933957 0.979724 0.800348 0.959436 0.994958 0.813420
0.657249 0.660152 0.879828 0.937087 0.686943 0.882350 0.792661 0.823619 0.864039 0.817162 0.818758 0.785059 0.749295 0.794336 0.627021 0.817225 0.583389 0.508574 0.576885 0.771538 0.977457 0.995238 0.674914 0.854608 0.884853 0.858732 0.866013 0.989603 0.526620 0.000000 0.677307 0.672981 0.647022 0.724638 0.845529 0.818623 0.858065 0.774940 0.819467 0.884044 0.945399 0.931308 0.984105 0.890448 0.902308 0.876118 0.754872 0.821927 0.824452 0.968593 0.990117 0.912743 0.855251 0.884216 0.738891 0.825986 0.615020 0.694510 0.986484 0.970142 0.656801 0.726323 0.535620 0.630652 0.839855 0.857546 0.989457 0.954605 0.988010 0.949092 0.990637 0.909384 0.802756 0.883425 0.966499 0.880438 0.990493 0.874266 0.707724 0.727472 0.579450 0.534093 0.607998 0.493542 0.690704 0.685622 0.873084 0.671835 0.848731 0.735837 0.886206 0.820452 0.790037 0.771138 0.863647 0.949290 0.977886 0.943926 0.901048 0.998151 0.907188 0.862199 0.933271 0.899149 0.974317 0.993114 0.963115 0.789684 0.923363 0.966538 0.981192 0.915797 0.934736 0.986608 0.983203 0.864222
0.824078 0.939700 0.779307 0.809089 0.727677 0.873333 0.772522 0.833465 0.872623 0.739104 0.846668 0.837366 0.988623 0.999067 0.819040 0.948870 0.864912 0.733092 0.766878 0.942347 0.828580 0.994631 0.567621 0.736128 0.770898 0.711475 0.981859 0.920014 0.860164 0.677307 0.000000 0.636166 0.570057 0.729814 0.777131 0.845498 0.862751 0.908931 0.831469 0.817749 0.875301 0.960565 0.743788 0.775546 0.602124 0.642520 0.660486 0.621766 0.643242 0.786071 0.731976 0.902265 0.871122 0.752247 0.849812 0.773805 0.753436 0.919865 0.940670 0.886907 0.812269 0.978245 0.700060 0.833418 0.878870 0.895733 0.742976 0.730356 0.832282 0.871954 0.784776 0.834013 0.791325 0.854277 0.962468 0.899765 0.969100 0.912814 0.894000 0.934298 0.710878 0.632562 0.685010 0.623530 0.653275 0.629682 0.991278 0.674321 0.972486 0.870576 0.877744 0.937989 0.889930 0.990838 0.933327 0.876292 0.871837 0.910859 0.732592 0.832500 0.935879 0.911220 0.947196 0.995197 0.974631 0.965369 0.945119 0.955421 0.870693 0.893020 0.946723 0.854125 0.926066 0.874335 0.931784 0.830556
0.917812 0.901436 0.847986 0.886447 0.854273 0.945652 0.916611 0.899905 0.956686 0.912850 0.969144 0.995989 0.952136 0.798128 0.660336 0.833478 0.866750 0.778498 0.853084 0.994941 0.905353 0.986384 0.711868 0.790720 0.802217 0.918094 0.896635 0.926768 0.800003 0.672981 0.636166 0.000000 0.733905 0.761728 0.826207 0.845434 0.936972 0.917420 0.851432 0.696854 0.958665 0.935663 0.881286 0.850578 0.765938 0.817778 0.704570 0.714105 0.927807 0.943083 0.996120 0.974766 0.911345 0.903478 0.790179 0.717715 0.859674 0.948237 0.859824 0.910167 0.897731 0.927160 0.809999 0.866582 0.824013 0.813489 0.812214 0.789395 0.868669 0.933743 0.992145 0.806846 0.891270 0.790258 0.923627 0.848320 0.998904 0.951332 0.785554 0.826365 0.823051 0.707477 0.697917 0.646022 0.758977 0.664183 0.825688 0.754904 0.981156 0.831683 0.929765 0.911130 0.899240 0.991334 0.908235 0.838914 0.993972 0.890103 0.833651 0.969258 0.961867 0.885970 0.921798 0.928193 0.897095 0.992496 0.974392 0.996359 0.955924 0.903311 0.947915 0.856339 0.910526 0.975434 0.907925 0.773576
0.591846 0.635631 0.577830 0.648602 0.844655 0.908175 0.525216 0.628320 0.786954 0.655042 0.840888 0.997459 0.907982 0.961038 0.856045 0.916914 0.676190 0.541555 0.572407 0.706648 0.861384 0.960409 0.652901 0.912475 0.771224 0.784797 0.928339 0.904782 0.782950 0.647022 0.570057 0.733905 0.000000 0.573450 0.718267 0.932711 0.970402 0.985730 0.855768 0.881531 0.828468 0.852079 0.651867 0.585216 0.670818 0.605512 0.722992 0.603924 0.765000 0.735296 0.762386 0.800750 0.860522 0.931329 0.858841 0.912158 0.562940 0.668427 0.721172 0.895225 0.565282 0.786004 0.505793 0.578672 0.723580 0.818371 0.634945 0.659403 0.941207 0.896450 0.865987 0.961678 0.858436 0.837457 0.922942 0.988999 0.838457 0.959370 0.836404 0.974283 0.502480 0.534838 0.736219 0.583687 0.585468 0.686219 0.931084 0.806095 0.883400 0.754826 0.764822 0.836890 0.795170 0.863351 0.768236 0.752921 0.750909 0.912134 0.552921 0.679559 0.866132 0.990959 0.900462 0.758216 0.862630 0.802056 0.897549 0.846743 0.787425 0.884639 0.801787 0.873638 0.936933 0.979697 0.969289 0.836052
0.570788 0.748401 0.597725 0.543880 0.883903 0.841317 0.590965 0.483202 0.881839 0.696463 0.700737 0.861856 0.919753 0.931980 0.999907 0.932627 0.794555 0.637120 0.649452 0.691085 0.887134 0.927609 0.723087 0.814746 0.760322 0.827186 0.973853 0.946220 0.742875 0.724638 0.729814 0.761728 0.573450 0.000000 0.737801 0.816169 0.971502 0.971042 0.855185 0.703824 0.966910 0.940323 0.771764 0.700765 0.936963 0.807155 0.713330 0.700760 0.994701 0.945489 0.848328 0.812470 0.956086 0.878580 0.935841 0.786207 0.749710 0.797228 0.721985 0.696543 0.629921 0.588654 0.638427 0.583600 0.685181 0.591401 0.563076 0.511666 0.954603 0.810294 0.947870 0.860851 0.736428 0.743791 0.932425 0.992533 0.835003 0.853097 0.862790 0.887139 0.617930 0.641653 0.915652 0.722140 0.642999 0.704771 0.906109 0.948307 0.880258 0.635560 0.843567 0.949882 0.857566 0.915436 0.865590 0.693944 0.727610 0.959647 0.604726 0.663922 0.772217 0.972731 0.808608 0.845933 0.730345 0.801356 0.983378 0.831560 0.799650 0.862650 0.782204 0.898940 0.859201 0.899183 0.957584 0.960099
0.758194 0.846264 0.743131 0.673088 0.993733 0.924522 0.743932 0.716621 0.984330 0.866467 0.877057 0.868761 0.952623 0.867351 0.993125 0.867687 0.826339 0.830920 0.828235 0.739931 0.864165 0.970523 0.801148 0.943062 0.733828 0.920509 0.925303 0.984059 0.930290 0.845529 0.777131 0.826207 0.718267 0.737801 0.000000 0.937714 0.943179 0.905492 0.937056 0.844598 0.994151 0.828706 0.663368 0.722174 0.798113 0.723110 0.835112 0.738264 0.903083 0.825727 0.790482 0.751612 0.908605 0.926905 0.882143 0.722513 0.885745 0.876295 0.886110 0.868012 0.790298 0.787527 0.796928 0.760720 0.798148 0.834836 0.739904 0.746102 0.984744 0.868182 0.790809 0.796479 0.928689 0.892203 0.957515 0.975219 0.822112 0.815071 0.768257 0.983955 0.703025 0.731164 0.811617 0.730796 0.759796 0.780466 0.875376 0.927886 0.940742 0.819532 0.783646 0.829911 0.732735 0.834710 0.810883 0.666894 0.842540 0.961907 0.719099 0.779618 0.972688 0.797030 0.827535 0.757542 0.957876 0.804080 0.930413 0.781808 0.844386 0.978507 0.832287 0.814856 0.913665 0.963511 0.880700 0.938661
0.915851 0.998549 0.897752 0.797917 0.809530 0.884963 0.923509 0.835111 0.974399 0.989254 0.782077 0.868561 0.995553 0.980112 0.950523 0.939531 0.856466 0.765529 0.928851 0.953935 0.936629 0.950207 0.885049 0.863101 0.921338 0.880762 0.879126 0.978807 0.978220 0.818623 0.845498 0.845434 0.932711 0.816169 0.937714 0.000000 0.817922 0.890193 0.874165 0.739476 0.981996 0.996089 0.936230 0.989079 0.949337 0.990462 0.993543 0.934834 0.995213 0.969562 0.933094 0.997203 0.919606 0.875631 0.818255 0.857012 0.916725 0.986758 0.927183 0.991114 0.885111 0.882942 0.894528 0.944885 0.818562 0.851202 0.920318 0.841618 0.791891 0.994564 0.770483 0.907059 0.807271 0.938925 0.855061 0.981981 0.993720 0.883549 0.931758 0.921534 0.860004 0.809785 0.979020 0.942143 0.877095 0.816837 0.953075 0.938089 0.964746 0.819221 0.962037 0.902677 0.971590 0.980048 0.752154 0.995763 0.956907 0.932320 0.884396 0.965906 0.955629 0.879647 0.920015 0.864848 0.993198 0.992729 0.913796 0.943527 0.966073 0.940534 0.959863 0.947726 0.946933 0.955909 0.953488 0.986244
0.974999 0.917090 0.960974 0.945745 0.893689 0.779619 0.947373 0.995395 0.974823 0.970044 0.981861 0.959199 0.970413 0.995910 0.920268 0.846145 0.892903 0.946064 0.962548 0.978303 0.846385 0.978807 0.796248 0.829886 0.954828 0.834593 0.958870 0.927922 0.950020 0.858065 0.862751 0.936972 0.970402 0.971502 0.943179 0.817922 0.000000 0.870268 0.981016 0.994751 0.969033 0.907533 0.909781 0.930015 0.879974 0.940007 0.932410 0.857971 0.864105 0.873050 0.906245 0.918595 0.827648 0.850039 0.895393 0.887960 0.900823 0.914777 0.940927 0.929068 0.942489 0.975925 0.973805 0.962985 0.924354 0.965057 0.997254 0.904438 0.944806 0.931755 0.789428 0.837269 0.949650 0.746887 0.901983 0.993768 0.922893 0.822213 0.843469 0.876340 0.995098 0.969551 0.847003 0.847717 0.954679 0.903344 0.900828 0.950540 0.955477 0.964837 0.993451 0.930043 0.920078 0.953002 0.967051 0.994429 0.869273 0.921913 0.914577 0.943159 0.967459 0.910368 0.899303 0.980810 0.953071 0.898153 0.870594 0.994129 0.989887 0.919878 0.976092 0.931749 0.920095 0.819965 0.807196 0.981117
0.765670 0.877950 0.973204 0.851591 0.834512 0.916284 0.879759 0.938865 0.906476 0.929342 0.809244 0.841512 0.718822 0.980759 0.907107 0.980208 0.780951 0.799295 0.811774 0.828616 0.965661 0.933158 0.962543 0.789437 0.895823 0.946309 0.942806 0.898706 0.790595 0.774940 0.908931 0.917420 0.985730 0.971042 0.905492 0.890193 0.870268 0.000000 0.993415 0.984986 0.941743 0.788031 0.726629 0.755545 0.732886 0.706192 0.823494 0.797950 0.834478 0.827651 0.763393 0.770290 0.937909 0.849168 0.951220 0.910030 0.821729 0.757133 0.864427 0.852622 0.706751 0.808010 0.819558 0.816013 0.980741 0.967720 0.794333 0.759596 0.857722 0.912916 0.812096 0.735853 0.818679 0.922769 0.956889 0.909527 0.944821 0.923653 0.935449 0.916639 0.865838 0.910064 0.976227 0.980697 0.954313 0.927593 0.986816 0.965039 0.758489 0.875861 0.827303 0.816251 0.733181 0.786017 0.879798 0.959340 0.892814 0.809157 0.923449 0.912109 0.870680 0.903651 0.884411 0.798829 0.939578 0.856274 0.966319 0.856414 0.948486 0.927017 0.979320 0.868455 0.932701 0.832884 0.985156 0.919083
