0.000000 0.262978 0.424940 0.422691 0.847280 0.756917 0.481784 0.407410 0.761988 0.724522 0.396402 0.298897 0.326575 0.474559 0.462870 0.506822 0.312883 0.292570 0.335063 0.323290 0.643946 0.738314 0.502450 0.494739 0.580013 0.559541 0.852313 0.889652 0.330498 0.315632 0.404885 0.507752 0.371925 0.381837 0.726035 0.697945 0.589866 0.695019 0.753300 0.886209 0.957858 0.830530 0.512806 0.484650 0.463995 0.393082 0.395030 0.416934 0.726430 0.452639 0.463556 0.541848 0.648589 0.701262 0.677973 0.799377 0.396617 0.356290 0.331229 0.344184 0.252207 0.376777 0.240273 0.283666 0.423962 0.380080 0.445846 0.337313 0.487315 0.399017 0.579895 0.563087 0.426627 0.434314 0.794808 0.771095 0.611440 0.493576 0.465649 0.476940 0.279054 0.298262 0.426181 0.501396 0.424230 0.339565 0.968336 0.734012 0.748391 0.635245 0.861943 0.949920 0.871873 0.980989 0.621348 0.625398 0.605282 0.726286 0.554778 0.509233 0.744189 0.797285 0.584685 0.624111 0.565102 0.676276 0.931745 0.891720 0.751817 0.698250 0.926372 0.644527 0.609313 0.701413 0.633826 0.829304
0.262978 0.000000 0.590802 0.534115 0.797434 0.959923 0.613573 0.474826 0.874766 0.798103 0.458618 0.363737 0.503393 0.532270 0.583872 0.605719 0.261361 0.304320 0.425108 0.387941 0.620193 0.790912 0.624164 0.650563 0.659266 0.683343 0.733100 0.921936 0.334644 0.353497 0.487379 0.611213 0.464913 0.457577 0.866485 0.676257 0.620168 0.681546 0.763831 0.882323 0.960517 0.629593 0.561327 0.545176 0.527043 0.501739 0.446670 0.479021 0.735547 0.574317 0.538220 0.643385 0.828239 0.809728 0.753458 0.925503 0.272982 0.246675 0.378490 0.411323 0.355265 0.406829 0.275797 0.188717 0.550032 0.496330 0.547153 0.403713 0.489783 0.341154 0.647624 0.608183 0.441523 0.499919 0.892576 0.796749 0.671035 0.476603 0.532910 0.625797 0.298295 0.402399 0.397954 0.458818 0.539798 0.481413 0.970030 0.949164 0.840358 0.683079 0.967112 0.971458 0.931794 0.966127 0.646996 0.709780 0.712853 0.601820 0.642914 0.577704 0.840390 0.880591 0.640903 0.630299 0.557869 0.725141 0.967789 0.894100 0.887381 0.753408 0.811259 0.588776 0.717897 0.764387 0.680427 0.871322
0.424940 0.590802 0.000000 0.180899 0.879800 0.608450 0.200347 0.234983 0.412383 0.428752 0.429958 0.410512 0.298713 0.521858 0.420582 0.461292 0.585054 0.442444 0.319140 0.410375 0.670632 0.700018 0.347671 0.343255 0.612160 0.399370 0.981458 0.966222 0.530313 0.426690 0.351321 0.387608 0.317378 0.335225 0.746414 0.798711 0.631939 0.880039 0.570444 0.742832 0.824341 0.943999 0.305680 0.311783 0.280769 0.314277 0.279444 0.354996 0.584628 0.381531 0.378689 0.364012 0.472626 0.485679 0.625912 0.667310 0.731888 0.773331 0.408594 0.495883 0.253021 0.404664 0.549587 0.620696 0.224224 0.223802 0.263033 0.260063 0.745618 0.616542 0.418764 0.515534 0.507101 0.452623 0.839565 0.710920 0.516196 0.595906 0.520868 0.450816 0.514949 0.404010 0.655423 0.707287 0.493388 0.371480 0.917302 0.812467 0.750883 0.627716 0.558099 0.636269 0.617349 0.665221 0.537806 0.581054 0.461067 0.687131 0.377370 0.321193 0.597052 0.579000 0.554006 0.528475 0.423777 0.494896 0.955160 0.772313 0.790210 0.812357 0.756440 0.497893 0.445184 0.743941 0.563360 0.810785
0.422691 0.534115 0.180899 0.000000 0.859779 0.597821 0.222413 0.194242 0.432216 0.440249 0.481146 0.375296 0.330110 0.445602 0.413373 0.398709 0.579860 0.425104 0.320894 0.412503 0.577112 0.668747 0.337076 0.318017 0.671704 0.402858 0.952960 0.989907 0.453140 0.424159 0.344620 0.392118 0.265755 0.292022 0.757349 0.775154 0.645290 0.900308 0.689856 0.826201 0.844413 0.866428 0.289226 0.298214 0.293102 0.323792 0.272097 0.364056 0.616242 0.416272 0.398627 0.343498 0.503815 0.440739 0.649514 0.689962 0.709354 0.747356 0.381792 0.464313 0.257388 0.352804 0.532756 0.571886 0.235862 0.187522 0.260292 0.253823 0.770261 0.567557 0.376178 0.434397 0.476400 0.447661 0.796052 0.676088 0.459310 0.571335 0.498163 0.468607 0.503322 0.373889 0.637960 0.595691 0.448854 0.317965 0.963897 0.868990 0.789702 0.576222 0.478759 0.576889 0.527986 0.608899 0.530934 0.616714 0.485985 0.622964 0.344914 0.289385 0.548983 0.569672 0.565737 0.468167 0.387015 0.523617 0.980209 0.809765 0.860490 0.843801 0.754656 0.445730 0.418006 0.636627 0.508852 0.812360
0.847280 0.797434 0.879800 0.859779 0.000000 0.895339 0.809923 0.780555 0.894810 0.998063 0.908551 0.879291 0.773977 0.934966 0.801681 0.831762 0.815850 0.866332 0.803246 0.920732 0.773866 0.793854 0.786379 0.848598 0.994464 0.979367 0.798092 0.845208 0.802512 0.841134 0.864004 0.985897 0.842886 0.817432 0.958286 0.960536 0.938344 0.892804 0.909170 0.905364 0.960493 0.953535 0.874829 0.884549 0.786183 0.789646 0.722285 0.789995 0.856945 0.793843 0.826280 0.852007 0.977948 0.762940 0.866456 0.821167 0.906634 0.903924 0.769692 0.817438 0.673100 0.731573 0.743557 0.797059 0.747298 0.739319 0.773630 0.803876 0.831971 0.893362 0.727861 0.891046 0.831241 0.937575 0.991993 0.776117 0.869744 0.992430 0.919647 0.992373 0.676840 0.722860 0.752676 0.818810 0.647743 0.701400 0.841259 0.902014 0.923033 0.855349 0.941809 0.932729 0.955241 0.988116 0.883531 0.942116 0.950565 0.791085 0.887323 0.808159 0.965824 0.973842 0.998402 0.931534 0.880675 0.873731 0.928161 0.965377 0.720619 0.987272 0.981787 0.767279 0.823410 0.867673 0.939032 0.972071
0.756917 0.959923 0.608450 0.597821 0.895339 0.000000 0.515041 0.610320 0.521475 0.638851 0.790342 0.825846 0.651440 0.862637 0.758978 0.661687 0.973328 0.901963 0.717210 0.827223 0.781535 0.929013 0.648560 0.687629 0.891835 0.775852 0.824111 0.835087 0.881599 0.906715 0.657626 0.776098 0.690223 0.674075 0.614814 0.927708 0.888765 0.779060 0.991481 0.908985 0.989365 0.936577 0.611821 0.619400 0.566785 0.601602 0.621808 0.642699 0.985611 0.692209 0.730051 0.621940 0.639774 0.626724 0.802498 0.780693 0.855543 0.859897 0.776655 0.742400 0.668335 0.756383 0.895654 0.984538 0.680229 0.601093 0.541387 0.662409 0.904905 0.842897 0.621012 0.601113 0.843096 0.823565 0.794744 0.878202 0.674018 0.889759 0.812368 0.694085 0.791126 0.667219 0.979613 0.830742 0.746647 0.649721 0.988854 0.851212 0.958447 0.800530 0.559387 0.651216 0.540971 0.606368 0.657259 0.740868 0.667254 0.987371 0.645428 0.680352 0.661455 0.621933 0.854156 0.688604 0.635912 0.811387 0.963017 0.937495 0.913816 0.942967 0.869171 0.761908 0.680725 0.754572 0.727352 0.825658
0.481784 0.613573 0.200347 0.222413 0.809923 0.515041 0.000000 0.193819 0.378431 0.324087 0.427903 0.510903 0.378439 0.612191 0.519878 0.519218 0.526124 0.406561 0.277244 0.430974 0.645942 0.640496 0.405127 0.457682 0.745169 0.512864 0.972796 0.980547 0.544316 0.471077 0.385038 0.414928 0.294255 0.270828 0.785637 0.736661 0.722355 0.941136 0.792942 0.797762 0.920525 0.869035 0.214891 0.207873 0.214732 0.264148 0.272919 0.313627 0.658917 0.428279 0.388771 0.378989 0.520534 0.415155 0.667526 0.739824 0.664412 0.765539 0.402354 0.574228 0.315373 0.517886 0.535713 0.641674 0.306939 0.278031 0.172039 0.238433 0.767553 0.646742 0.341371 0.374215 0.530382 0.446676 0.845968 0.671972 0.400691 0.573310 0.519541 0.441500 0.498395 0.400579 0.669810 0.705635 0.549226 0.454504 0.908058 0.887511 0.858186 0.793140 0.399165 0.447691 0.468032 0.464277 0.509990 0.591695 0.468379 0.654903 0.305301 0.266546 0.503348 0.419608 0.508661 0.401526 0.387417 0.465734 0.960123 0.735994 0.788423 0.879559 0.700808 0.412072 0.365715 0.640245 0.514800 0.801372
0.407410 0.474826 0.234983 0.194242 0.780555 0.610320 0.193819 0.000000 0.441678 0.330508 0.438913 0.388561 0.354683 0.497392 0.464955 0.459377 0.477350 0.369377 0.312427 0.362494 0.635515 0.652714 0.405126 0.424010 0.761954 0.523585 0.886471 0.985545 0.473267 0.436495 0.419602 0.453819 0.286312 0.280223 0.839002 0.772306 0.723989 0.910145 0.824573 0.875035 0.911986 0.776059 0.260129 0.272023 0.275076 0.292678 0.295723 0.335250 0.593484 0.378339 0.387277 0.362007 0.552088 0.416580 0.689750 0.783657 0.592062 0.621439 0.301712 0.439766 0.259751 0.334848 0.493606 0.492906 0.283356 0.208524 0.233157 0.247030 0.780085 0.501716 0.382372 0.420076 0.517351 0.489638 0.857380 0.629885 0.468939 0.532992 0.463657 0.526831 0.456281 0.375877 0.650519 0.636089 0.494617 0.373672 0.992060 0.873129 0.830862 0.652846 0.441747 0.507547 0.472642 0.551494 0.463014 0.559776 0.505548 0.579942 0.303200 0.247304 0.461906 0.504441 0.527511 0.429298 0.354738 0.476141 0.965961 0.754427 0.810645 0.801413 0.757577 0.363729 0.374554 0.635323 0.547805 0.748700
0.761988 0.874766 0.412383 0.432216 0.894810 0.521475 0.378431 0.441678 0.000000 0.460235 0.762390 0.746450 0.612775 0.751027 0.691518 0.630419 0.838295 0.789168 0.632204 0.704208 0.831720 0.785269 0.539997 0.534482 0.901568 0.592699 0.936102 0.922147 0.862928 0.804949 0.614871 0.599178 0.578936 0.570711 0.849900 0.813819 0.952234 0.947173 0.912107 0.782213 0.744628 0.853325 0.432111 0.482439 0.460455 0.526267 0.496515 0.571473 0.726291 0.544736 0.447699 0.451233 0.465650 0.359470 0.758160 0.720650 0.986624 0.928264 0.581581 0.760105 0.574603 0.702200 0.825350 0.918983 0.493852 0.462069 0.405488 0.550574 0.959549 0.791645 0.504499 0.593210 0.748810 0.683936 0.970655 0.760232 0.611921 0.762104 0.728998 0.639636 0.775452 0.695779 0.820091 0.890151 0.718579 0.615254 0.744892 0.845036 0.801829 0.807145 0.381971 0.443618 0.385070 0.456157 0.616683 0.796854 0.607145 0.665691 0.429753 0.468778 0.508427 0.521014 0.761420 0.606421 0.559896 0.633128 0.752701 0.662006 0.975058 0.995746 0.800977 0.535437 0.495413 0.912914 0.605660 0.829221
0.724522 0.798103 0.428752 0.440249 0.998063 0.638851 0.324087 0.330508 0.460235 0.000000 0.600149 0.655523 0.625107 0.729842 0.720183 0.665504 0.662005 0.613251 0.543398 0.559739 0.813229 0.834174 0.576278 0.649216 0.932690 0.643614 0.920031 0.870171 0.780118 0.667965 0.547446 0.501545 0.468700 0.439374 0.911647 0.758678 0.898720 0.897330 0.917467 0.911592 0.856524 0.770622 0.337718 0.331668 0.404351 0.431277 0.501619 0.479131 0.684847 0.503690 0.500524 0.442361 0.566054 0.517301 0.864870 0.940166 0.775703 0.887720 0.482933 0.682220 0.601402 0.632429 0.772502 0.776768 0.540954 0.469475 0.380114 0.474730 0.977756 0.723524 0.517204 0.469483 0.720878 0.604129 0.800711 0.746490 0.516870 0.640107 0.605697 0.569750 0.759050 0.709435 0.850873 0.882585 0.859161 0.734107 0.930491 0.975093 0.979824 0.927518 0.441807 0.442561 0.489144 0.480486 0.613990 0.589367 0.523283 0.677362 0.324661 0.365213 0.493920 0.362330 0.546100 0.492025 0.547144 0.509434 0.807536 0.683522 0.950426 0.925505 0.741349 0.485133 0.452173 0.823405 0.585692 0.709074
0.396402 0.458618 0.429958 0.481146 0.908551 0.790342 0.427903 0.438913 0.762390 0.600149 0.000000 0.420346 0.458135 0.593731 0.681235 0.673931 0.435895 0.292199 0.293851 0.292589 0.673595 0.760680 0.721489 0.633448 0.845725 0.692739 0.984378 0.901166 0.459421 0.359699 0.539300 0.569521 0.518967 0.431343 0.967804 0.836199 0.755529 0.770087 0.801459 0.791252 0.962685 0.981104 0.551324 0.487984 0.524021 0.509439 0.512304 0.524886 0.891340 0.596668 0.598064 0.672117 0.725861 0.644897 0.807176 0.996817 0.455396 0.488048 0.557667 0.609212 0.430234 0.616888 0.367898 0.473391 0.609911 0.543910 0.529861 0.395990 0.640847 0.704660 0.649322 0.611202 0.596925 0.503769 0.883939 0.744620 0.638026 0.515736 0.644565 0.511576 0.462031 0.429288 0.599972 0.705413 0.768102 0.643776 0.983715 0.837195 0.972454 0.907041 0.797158 0.805768 0.838055 0.790505 0.687510 0.691119 0.724869 0.905801 0.613890 0.531595 0.700689 0.600637 0.544193 0.518979 0.648631 0.759312 0.943487 0.892210 0.978138 0.869673 0.827549 0.642792 0.639499 0.754839 0.763602 0.925713
0.298897 0.363737 0.410512 0.375296 0.879291 0.825846 0.510903 0.388561 0.746450 0.655523 0.420346 0.000000 0.303405 0.303524 0.303512 0.340675 0.421109 0.352173 0.381886 0.350311 0.523163 0.693765 0.392415 0.381514 0.608316 0.560107 0.983695 0.896987 0.322236 0.317788 0.388320 0.445811 0.392334 0.417777 0.797187 0.840242 0.637020 0.711700 0.704404 0.917856 0.985128 0.877924 0.557953 0.532591 0.515123 0.477966 0.431000 0.413398 0.741980 0.501281 0.539659 0.537596 0.733973 0.726265 0.815250 0.905489 0.530605 0.523133 0.444895 0.437410 0.277764 0.331440 0.347726 0.334196 0.405437 0.360599 0.518090 0.402918 0.705472 0.532372 0.600389 0.611985 0.396218 0.429710 0.771510 0.692157 0.637380 0.435033 0.574942 0.581124 0.481006 0.441644 0.439054 0.600062 0.475793 0.388007 0.988875 0.859045 0.856341 0.608997 0.936278 0.992589 0.915015 0.934287 0.664062 0.671468 0.710572 0.711025 0.620302 0.495328 0.777608 0.836476 0.600052 0.665635 0.505017 0.577155 0.968109 0.962846 0.885247 0.685503 0.859605 0.689180 0.700166 0.698788 0.601610 0.918802
0.326575 0.503393 0.298713 0.330110 0.773977 0.651440 0.378439 0.354683 0.612775 0.625107 0.458135 0.303405 0.000000 0.335953 0.280368 0.317220 0.546145 0.491301 0.354568 0.436449 0.613599 0.735619 0.307915 0.314573 0.649776 0.546118 0.991113 0.996061 0.443423 0.429401 0.408588 0.514406 0.415366 0.446361 0.740317 0.815870 0.674155 0.793221 0.640602 0.819171 0.958552 0.993939 0.449718 0.451701 0.433595 0.414918 0.393823 0.383352 0.766742 0.358923 0.401827 0.409163 0.549159 0.533110 0.642196 0.760722 0.682683 0.680081 0.385710 0.423186 0.213570 0.350784 0.395814 0.491946 0.246386 0.289187 0.392980 0.348530 0.731908 0.606895 0.505958 0.510368 0.465306 0.491995 0.829547 0.619479 0.596736 0.595205 0.608383 0.574186 0.500326 0.430398 0.510075 0.719472 0.396052 0.319537 0.836261 0.744966 0.731705 0.623217 0.755030 0.822810 0.724086 0.875184 0.666497 0.719151 0.648189 0.770994 0.538027 0.475132 0.696112 0.743755 0.587178 0.700810 0.449548 0.556857 0.988932 0.848138 0.681875 0.790761 0.853344 0.626733 0.605167 0.639362 0.586715 0.823333
0.474559 0.532270 0.521858 0.445602 0.934966 0.862637 0.612191 0.497392 0.751027 0.729842 0.593731 0.303524 0.335953 0.000000 0.271636 0.248735 0.621942 0.528651 0.450369 0.523882 0.585131 0.700486 0.380460 0.327227 0.656294 0.601800 0.967250 0.921846 0.401098 0.426474 0.450863 0.559438 0.486104 0.513676 0.852572 0.897038 0.659756 0.720536 0.763224 0.818910 0.991729 0.856538 0.575255 0.569841 0.677248 0.617245 0.584838 0.565570 0.858057 0.584716 0.572281 0.524406 0.696194 0.662012 0.840362 0.998022 0.673766 0.686316 0.517039 0.566588 0.426917 0.482508 0.460111 0.473198 0.432039 0.451194 0.562905 0.517400 0.948979 0.612125 0.545934 0.598263 0.596114 0.525876 0.878540 0.619515 0.590967 0.549338 0.664163 0.676929 0.697667 0.688341 0.499330 0.718841 0.552717 0.443767 0.890166 0.887248 0.900734 0.693206 0.838161 0.895076 0.761124 0.962211 0.718418 0.756304 0.839807 0.701974 0.643117 0.578351 0.731861 0.857525 0.589908 0.824794 0.535481 0.559035 0.991131 0.826314 0.872683 0.760492 0.881507 0.735960 0.722881 0.719741 0.609164 0.936581
0.462870 0.583872 0.420582 0.413373 0.801681 0.758978 0.519878 0.464955 0.691518 0.720183 0.681235 0.303512 0.280368 0.271636 0.000000 0.209793 0.621062 0.586865 0.495005 0.570751 0.618575 0.707193 0.193132 0.254744 0.483074 0.524042 0.983828 0.950568 0.454187 0.437085 0.318284 0.415274 0.392890 0.460576 0.658849 0.906764 0.640156 0.796328 0.697732 0.914041 0.956786 0.993949 0.516684 0.535167 0.533685 0.510325 0.476630 0.457858 0.782340 0.538444 0.546371 0.476935 0.658774 0.687081 0.679142 0.786727 0.787521 0.807703 0.517665 0.558854 0.337897 0.438485 0.468271 0.530863 0.318808 0.386905 0.455974 0.449859 0.915044 0.638169 0.462856 0.592823 0.447236 0.494641 0.783172 0.678585 0.573897 0.613692 0.585524 0.684767 0.578885 0.571595 0.464247 0.720969 0.377171 0.341314 0.828746 0.817829 0.892017 0.674439 0.871587 0.971184 0.832046 0.959743 0.716456 0.761159 0.722416 0.726839 0.641675 0.571837 0.815393 0.893994 0.702642 0.858425 0.434913 0.510918 0.939743 0.885800 0.792691 0.732354 0.826806 0.716743 0.675490 0.743537 0.539196 0.908685
0.506822 0.605719 0.461292 0.398709 0.831762 0.661687 0.519218 0.459377 0.630419 0.665504 0.673931 0.340675 0.317220 0.248735 0.209793 0.000000 0.644765 0.601357 0.468791 0.576269 0.560119 0.692256 0.217582 0.224992 0.574033 0.591092 0.916768 0.909350 0.464880 0.475045 0.356765 0.456570 0.418356 0.478225 0.736012 0.864478 0.730916 0.781339 0.752407 0.929772 0.941550 0.952064 0.459924 0.487927 0.533947 0.476749 0.453029 0.432963 0.828828 0.514496 0.482997 0.413363 0.556053 0.543319 0.783294 0.816189 0.803682 0.849628 0.503366 0.581316 0.388672 0.484908 0.505670 0.546891 0.380682 0.402453 0.446373 0.493753 0.912968 0.671183 0.395624 0.500684 0.476744 0.508783 0.699795 0.667795 0.541804 0.611575 0.620519 0.630193 0.635171 0.618903 0.521716 0.722913 0.470805 0.369636 0.923548 0.929181 0.926352 0.778950 0.745933 0.817977 0.687660 0.931866 0.729507 0.732215 0.714395 0.740520 0.622233 0.542338 0.764101 0.742740 0.636089 0.832137 0.432692 0.526990 0.897310 0.890194 0.856000 0.839950 0.828002 0.732043 0.659650 0.657860 0.518171 0.834560
0.312883 0.261361 0.585054 0.579860 0.815850 0.973328 0.526124 0.477350 0.838295 0.662005 0.435895 0.421109 0.546145 0.621942 0.621062 0.644765 0.000000 0.231359 0.352111 0.395111 0.608759 0.684979 0.623421 0.686522 0.656379 0.718977 0.838658 0.913610 0.324642 0.331663 0.480605 0.475494 0.429912 0.422278 0.954449 0.661169 0.685373 0.689215 0.823425 0.832604 0.859771 0.650557 0.514314 0.476494 0.502424 0.498983 0.477146 0.429106 0.801946 0.638541 0.567052 0.705827 0.840674 0.817856 0.802244 0.981968 0.205571 0.304273 0.406960 0.562408 0.443360 0.596359 0.257445 0.249489 0.600147 0.600739 0.502625 0.427383 0.501261 0.498887 0.590056 0.549051 0.465179 0.485407 0.839233 0.770743 0.579485 0.444832 0.473218 0.575536 0.292219 0.472164 0.431662 0.577168 0.608101 0.592205 0.992627 0.988048 0.971445 0.859374 0.903171 0.946145 0.935438 0.985696 0.711283 0.727297 0.708898 0.626956 0.605347 0.514507 0.912596 0.792581 0.525123 0.487061 0.618993 0.663068 0.957962 0.876168 0.835684 0.652580 0.786210 0.617863 0.679099 0.700957 0.655930 0.910111
0.292570 0.304320 0.442444 0.425104 0.866332 0.901963 0.406561 0.369377 0.789168 0.613251 0.292199 0.352173 0.491301 0.528651 0.586865 0.601357 0.231359 0.000000 0.212654 0.250435 0.610290 0.635750 0.626249 0.630848 0.661788 0.606994 0.883952 0.896208 0.257974 0.237807 0.457101 0.424396 0.359130 0.319177 0.922358 0.815182 0.649170 0.745974 0.781478 0.799998 0.997874 0.708146 0.452762 0.398322 0.471927 0.443505 0.435577 0.421348 0.803026 0.612616 0.581524 0.667612 0.818133 0.752843 0.821260 0.982594 0.262481 0.302270 0.445652 0.574764 0.371823 0.567809 0.241691 0.286978 0.548452 0.493861 0.457011 0.368546 0.535909 0.548962 0.580485 0.582621 0.479463 0.406378 0.809969 0.706462 0.604850 0.440977 0.481250 0.492130 0.340009 0.339884 0.460015 0.521823 0.614175 0.516364 0.997640 0.930247 0.965353 0.818633 0.807390 0.846375 0.863351 0.855214 0.669774 0.608287 0.684691 0.702291 0.516615 0.432392 0.749163 0.673709 0.550798 0.449266 0.568053 0.658423 0.843266 0.901663 0.908609 0.729877 0.843393 0.542785 0.579523 0.661831 0.640553 0.874096
0.335063 0.425108 0.319140 0.320894 0.803246 0.717210 0.277244 0.312427 0.632204 0.543398 0.293851 0.381886 0.354568 0.450369 0.495005 0.468791 0.352111 0.212654 0.000000 0.284580 0.592817 0.603304 0.486781 0.474720 0.645802 0.541620 0.921750 0.908492 0.319315 0.250707 0.378128 0.410360 0.337497 0.261105 0.861734 0.746787 0.648953 0.840430 0.713431 0.738544 0.976257 0.810231 0.335162 0.289784 0.385667 0.354731 0.335680 0.357229 0.762737 0.483814 0.452693 0.498309 0.619411 0.552085 0.769906 0.887126 0.434178 0.511560 0.418482 0.570197 0.319811 0.558354 0.297671 0.419037 0.405190 0.399901 0.336771 0.330287 0.643447 0.585606 0.449941 0.469682 0.496196 0.398597 0.857522 0.589389 0.532748 0.512594 0.548983 0.412912 0.415524 0.379448 0.567334 0.619983 0.565623 0.475052 0.904330 0.906786 0.936926 0.835407 0.653882 0.696540 0.709579 0.710857 0.610855 0.628953 0.645596 0.707922 0.422058 0.370292 0.663097 0.595307 0.475321 0.446936 0.483360 0.605331 0.974004 0.865897 0.821181 0.812465 0.818333 0.511845 0.485647 0.630326 0.547683 0.825228
0.323290 0.387941 0.410375 0.412503 0.920732 0.827223 0.430974 0.362494 0.704208 0.559739 0.292589 0.350311 0.436449 0.523882 0.570751 0.576269 0.395111 0.250435 0.284580 0.000000 0.714398 0.658613 0.598382 0.575655 0.736134 0.592949 0.854767 0.884105 0.351040 0.288515 0.481951 0.445622 0.371866 0.336068 0.868576 0.832729 0.725142 0.765590 0.776532 0.828232 0.889422 0.889499 0.473870 0.407685 0.469652 0.440744 0.428162 0.413409 0.730719 0.515905 0.532322 0.578374 0.667559 0.700000 0.827925 0.893154 0.413019 0.408186 0.458266 0.542949 0.378942 0.500191 0.332418 0.379318 0.530765 0.477413 0.486901 0.408409 0.658973 0.537621 0.661733 0.622607 0.519192 0.445938 0.792278 0.663747 0.628283 0.570176 0.559271 0.498670 0.483166 0.398912 0.564140 0.661571 0.696596 0.567066 0.879648 0.902981 0.895003 0.731141 0.794311 0.831698 0.877327 0.887217 0.667283 0.639957 0.652385 0.741497 0.465027 0.433785 0.622563 0.654576 0.613712 0.512024 0.575641 0.661221 0.971563 0.837569 0.846543 0.790365 0.745378 0.586889 0.561428 0.768013 0.636794 0.795025
0.643946 0.620193 0.670632 0.577112 0.773866 0.781535 0.645942 0.635515 0.831720 0.813229 0.673595 0.523163 0.613599 0.585131 0.618575 0.560119 0.608759 0.610290 0.592817 0.714398 0.000000 0.722171 0.589913 0.547521 0.804621 0.773522 0.930014 0.938125 0.588156 0.614356 0.579857 0.673835 0.584500 0.544741 0.778639 0.991597 0.680168 0.862653 0.858528 0.904255 0.910614 0.917485 0.656543 0.664046 0.670686 0.643745 0.579515 0.638605 0.963547 0.765631 0.788246 0.783578 0.836656 0.808779 0.927042 0.953411 0.725552 0.760417 0.695125 0.702466 0.594891 0.681844 0.588693 0.629161 0.662938 0.593407 0.633962 0.605511 0.837040 0.774073 0.566992 0.600081 0.586109 0.635528 0.781868 0.690257 0.682688 0.508186 0.780149 0.675173 0.645568 0.658185 0.567906 0.644396 0.680082 0.642908 0.904564 0.930964 0.994913 0.839080 0.827259 0.894024 0.770335 0.926061 0.826278 0.779998 0.792194 0.843461 0.763563 0.614598 0.884368 0.809548 0.613904 0.627344 0.664188 0.707493 0.914320 0.842903 0.960278 0.956789 0.910841 0.821233 0.839045 0.774410 0.844309 0.923457
0.738314 0.790912 0.700018 0.668747 0.793854 0.929013 0.640496 0.652714 0.785269 0.834174 0.760680 0.693765 0.735619 0.700486 0.707193 0.692256 0.684979 0.635750 0.603304 0.658613 0.722171 0.000000 0.707676 0.710115 0.896440 0.805285 0.875176 0.754135 0.567898 0.636602 0.709759 0.604637 0.547620 0.621644 0.958385 0.926341 0.948212 0.881067 0.941262 0.854399 0.963296 0.931496 0.693103 0.659258 0.746047 0.703623 0.708913 0.761872 0.912542 0.874177 0.782799 0.798242 0.871659 0.749782 0.848893 0.862378 0.734421 0.789823 0.839303 0.810593 0.681738 0.835367 0.692659 0.727559 0.720511 0.697437 0.624535 0.655588 0.910893 0.845225 0.632268 0.741198 0.809396 0.684721 0.906527 0.991229 0.756661 0.743646 0.977556 0.693408 0.773613 0.741718 0.736926 0.839938 0.796177 0.723037 0.931587 0.979828 0.919600 0.854723 0.742870 0.826546 0.827064 0.854063 0.861270 0.924690 0.910368 0.904731 0.745244 0.664194 0.859783 0.906787 0.844611 0.703319 0.830917 0.658447 0.941002 0.984140 0.988374 0.795081 0.791949 0.873203 0.780591 0.708967 0.824362 0.901803
0.502450 0.624164 0.347671 0.337076 0.786379 0.648560 0.405127 0.405126 0.539997 0.576278 0.721489 0.392415 0.307915 0.380460 0.193132 0.217582 0.623421 0.626249 0.486781 0.598382 0.589913 0.707676 0.000000 0.228222 0.465149 0.471561 0.995402 0.967225 0.530260 0.495945 0.272564 0.395473 0.320610 0.419715 0.614994 0.796002 0.635692 0.874427 0.693316 0.883825 0.932309 0.967614 0.371371 0.415469 0.374497 0.374293 0.333050 0.377874 0.666389 0.449193 0.423687 0.342591 0.494783 0.573095 0.613386 0.696481 0.832902 0.883774 0.431247 0.522728 0.319363 0.423351 0.525389 0.579633 0.246459 0.323572 0.311369 0.369894 0.880843 0.595544 0.347148 0.441941 0.429847 0.458863 0.732444 0.700684 0.437729 0.636049 0.493962 0.608055 0.540467 0.548553 0.484960 0.668756 0.346065 0.315252 0.839043 0.896172 0.839438 0.686096 0.689963 0.814796 0.663771 0.926757 0.623514 0.683267 0.562310 0.658117 0.517423 0.456250 0.791718 0.760639 0.621606 0.777878 0.356126 0.420332 0.827722 0.852974 0.736054 0.817855 0.742608 0.623587 0.576712 0.716898 0.447972 0.821855
0.494739 0.650563 0.343255 0.318017 0.848598 0.687629 0.457682 0.424010 0.534482 0.649216 0.633448 0.381514 0.314573 0.327227 0.254744 0.224992 0.686522 0.630848 0.474720 0.575655 0.547521 0.710115 0.228222 0.000000 0.514488 0.473227 0.973665 0.973010 0.493711 0.492236 0.335612 0.420504 0.435076 0.449828 0.661696 0.898273 0.702715 0.844383 0.695682 0.825484 0.952061 0.987571 0.444441 0.493005 0.476958 0.434674 0.386129 0.442560 0.674439 0.485156 0.450214 0.402360 0.495411 0.538674 0.649551 0.712907 0.873279 0.924222 0.453252 0.549415 0.352815 0.474825 0.543662 0.646908 0.317541 0.337703 0.410148 0.442116 0.907122 0.675559 0.420792 0.567544 0.479650 0.519801 0.786248 0.681931 0.542211 0.630524 0.612759 0.562130 0.569456 0.553371 0.578739 0.699678 0.416336 0.354227 0.803762 0.793198 0.843508 0.680148 0.706166 0.798719 0.682302 0.885490 0.677641 0.771831 0.615182 0.746354 0.603692 0.509107 0.710066 0.814729 0.668530 0.796314 0.472475 0.588071 0.910747 0.823483 0.792645 0.863043 0.814664 0.698244 0.587318 0.734050 0.514616 0.866471
0.580013 0.659266 0.612160 0.671704 0.994464 0.891835 0.745169 0.761954 0.901568 0.932690 0.845725 0.608316 0.649776 0.656294 0.483074 0.574033 0.656379 0.661788 0.645802 0.736134 0.804621 0.896440 0.465149 0.514488 0.000000 0.479050 0.971208 0.859716 0.578128 0.557894 0.463703 0.473440 0.595989 0.690411 0.533872 0.920075 0.601287 0.844317 0.594056 0.908536 0.929906 0.903657 0.679950 0.715970 0.682537 0.652785 0.593069 0.646538 0.746692 0.798014 0.759528 0.727157 0.789572 0.943063 0.621299 0.763492 0.795685 0.804050 0.667373 0.670629 0.594853 0.702928 0.629259 0.654999 0.581238 0.681701 0.656753 0.674371 0.639272 0.640026 0.734207 0.839831 0.487611 0.645305 0.715208 0.950675 0.760567 0.783620 0.681576 0.681678 0.557333 0.681750 0.662716 0.715223 0.496361 0.513677 0.937447 0.911460 0.985400 0.751366 0.908340 0.794967 0.938180 0.784855 0.686960 0.808047 0.647622 0.779339 0.824026 0.760561 0.845315 0.933189 0.851920 0.939118 0.660767 0.749335 0.918446 0.938055 0.827632 0.784176 0.897110 0.839660 0.831902 0.983975 0.655506 0.917686
0.559541 0.683343 0.399370 0.402858 0.979367 0.775852 0.512864 0.523585 0.592699 0.643614 0.692739 0.560107 0.546118 0.601800 0.524042 0.591092 0.718977 0.606994 0.541620 0.592949 0.773522 0.805285 0.471561 0.473227 0.479050 0.000000 0.995773 0.863269 0.596768 0.537528 0.400661 0.434879 0.421603 0.482316 0.640393 0.726502 0.640645 0.919953 0.548431 0.648852 0.847500 0.885770 0.462113 0.458498 0.463860 0.450865 0.438381 0.486131 0.554635 0.504483 0.463920 0.465918 0.537239 0.682722 0.641957 0.653471 0.845528 0.797137 0.506964 0.575478 0.500722 0.568685 0.625353 0.681430 0.431065 0.443734 0.482930 0.453748 0.820501 0.657505 0.596890 0.549684 0.542131 0.490880 0.769454 0.834478 0.533058 0.754082 0.640179 0.531142 0.639726 0.541216 0.714937 0.624010 0.556999 0.450413 0.906895 0.815470 0.724433 0.585898 0.702260 0.835957 0.809242 0.796741 0.632126 0.744034 0.549404 0.671163 0.506171 0.427593 0.769575 0.759587 0.697686 0.618729 0.501279 0.747092 0.923872 0.808845 0.908774 0.833834 0.849591 0.665078 0.509016 0.909977 0.568714 0.809465
0.852313 0.733100 0.981458 0.952960 0.798092 0.824111 0.972796 0.886471 0.936102 0.920031 0.984378 0.983695 0.991113 0.967250 0.983828 0.916768 0.838658 0.883952 0.921750 0.854767 0.930014 0.875176 0.995402 0.973665 0.971208 0.995773 0.000000 0.965464 0.873942 0.871626 0.871125 0.979954 0.895847 0.820138 0.982332 0.840900 0.821566 0.911173 0.931951 0.998715 0.890125 0.881477 0.941328 0.900297 0.878524 0.878750 0.850166 0.913081 0.784404 0.909242 0.859808 0.949409 0.985254 0.965988 0.900867 0.976889 0.728706 0.707925 0.839324 0.815047 0.869925 0.858822 0.858292 0.751703 0.937523 0.944673 0.899642 0.884867 0.929680 0.713841 0.954834 0.931426 0.901162 0.856214 0.963671 0.980351 0.975753 0.947473 0.955150 0.984910 0.798404 0.847114 0.921060 0.806945 0.914774 0.958795 0.885970 0.966901 0.777273 0.831718 0.980399 0.892363 0.941274 0.891664 0.906134 0.903261 0.944343 0.843387 0.931753 0.945851 0.917095 0.858998 0.913376 0.831733 0.928528 0.996293 0.979895 0.991028 0.947696 0.938638 0.968528 0.816126 0.879397 0.997363 0.833260 0.902215
0.889652 0.921936 0.966222 0.989907 0.845208 0.835087 0.980547 0.985545 0.922147 0.870171 0.901166 0.896987 0.996061 0.921846 0.950568 0.909350 0.913610 0.896208 0.908492 0.884105 0.938125 0.754135 0.967225 0.973010 0.859716 0.863269 0.965464 0.000000 0.856390 0.913080 0.993269 0.964570 0.904295 0.967909 0.910592 0.967779 0.915833 0.993676 0.982617 0.983306 0.845917 0.990178 0.942176 0.991159 0.917652 0.956598 0.929849 0.920111 0.861042 0.844010 0.891380 0.873798 0.895616 0.928658 0.928293 0.927259 0.906136 0.868239 0.929105 0.981931 0.989233 0.969031 0.872955 0.870317 0.939265 0.925664 0.966432 0.994135 0.858096 0.974663 0.922317 0.975490 0.950471 0.987171 0.840912 0.915991 0.897181 0.988628 0.868227 0.936728 0.897222 0.901973 0.984744 0.922300 0.989177 0.920888 0.862768 0.964049 0.973276 0.962922 0.995552 0.941468 0.922060 0.992380 0.914312 0.989987 0.889008 0.899849 0.980397 0.976664 0.912782 0.999148 0.921641 0.842417 0.978085 0.911919 0.787825 0.774957 0.869732 0.871851 0.991908 0.893081 0.901029 0.981587 0.983402 0.955239
0.330498 0.334644 0.530313 0.453140 0.802512 0.881599 0.544316 0.473267 0.862928 0.780118 0.459421 0.322236 0.443423 0.401098 0.454187 0.464880 0.324642 0.257974 0.319315 0.351040 0.588156 0.567898 0.530260 0.493711 0.578128 0.596768 0.873942 0.856390 0.000000 0.247834 0.419755 0.476444 0.422279 0.390751 0.811289 0.851512 0.666816 0.721791 0.751392 0.807921 0.913015 0.832246 0.556143 0.508077 0.553494 0.514456 0.472259 0.439996 0.812771 0.607400 0.605459 0.617680 0.785996 0.778297 0.699517 0.861430 0.395674 0.433240 0.502114 0.500372 0.364704 0.513145 0.259740 0.311641 0.518916 0.483504 0.515186 0.443888 0.596364 0.530603 0.622502 0.613531 0.439110 0.447506 0.783677 0.749896 0.608383 0.508192 0.610686 0.524013 0.401178 0.418209 0.434186 0.484687 0.501027 0.454487 0.886382 0.913136 0.941267 0.636460 0.947031 0.998260 0.960852 0.953728 0.696323 0.744076 0.768711 0.723752 0.634267 0.529404 0.851578 0.894027 0.665915 0.600029 0.596997 0.634346 0.903053 0.980894 0.869523 0.686607 0.806864 0.649253 0.691745 0.661007 0.626171 0.909468
0.315632 0.353497 0.426690 0.424159 0.841134 0.906715 0.471077 0.436495 0.804949 0.667965 0.359699 0.317788 0.429401 0.426474 0.437085 0.475045 0.331663 0.237807 0.250707 0.288515 0.614356 0.636602 0.495945 0.492236 0.557894 0.537528 0.871626 0.913080 0.247834 0.000000 0.318585 0.381228 0.358310 0.297583 0.842832 0.757954 0.662514 0.690310 0.665849 0.847692 0.940598 0.897634 0.500812 0.412345 0.492345 0.440996 0.414473 0.404710 0.798357 0.549612 0.564714 0.585064 0.692744 0.730355 0.691121 0.897331 0.415332 0.442490 0.528973 0.568985 0.362719 0.538361 0.286438 0.334286 0.501701 0.486241 0.461054 0.408221 0.573195 0.507075 0.560439 0.576883 0.400483 0.336179 0.715088 0.677087 0.665389 0.514677 0.564721 0.490902 0.411834 0.378868 0.440959 0.492946 0.616302 0.503732 0.837562 0.838284 0.950906 0.744901 0.928470 0.985907 0.993271 0.960687 0.656110 0.746817 0.682219 0.710713 0.585562 0.501244 0.771505 0.739629 0.534963 0.585723 0.620863 0.645093 0.963553 0.959581 0.902084 0.785064 0.787454 0.675253 0.643585 0.749912 0.603382 0.873614
0.404885 0.487379 0.351321 0.344620 0.864004 0.657626 0.385038 0.419602 0.614871 0.547446 0.539300 0.388320 0.408588 0.450863 0.318284 0.356765 0.480605 0.457101 0.378128 0.481951 0.579857 0.709759 0.272564 0.335612 0.463703 0.400661 0.871125 0.993269 0.419755 0.318585 0.000000 0.279188 0.280486 0.300705 0.592393 0.635350 0.547421 0.723311 0.622292 0.886549 0.996393 0.864587 0.322670 0.307214 0.309681 0.308411 0.290936 0.299115 0.609135 0.456096 0.400048 0.366583 0.508086 0.631712 0.609908 0.730245 0.636539 0.691268 0.432221 0.484430 0.343008 0.489101 0.417065 0.459889 0.370133 0.379624 0.290930 0.322701 0.748251 0.513982 0.375013 0.396826 0.383691 0.299814 0.685366 0.776433 0.476632 0.513623 0.467359 0.481638 0.441282 0.484023 0.455677 0.560002 0.511742 0.430415 0.887466 0.880558 0.888595 0.690637 0.779946 0.908677 0.807322 0.935035 0.615163 0.710966 0.480132 0.677496 0.494357 0.455288 0.729271 0.700287 0.505144 0.598848 0.454709 0.503406 0.857607 0.837447 0.845291 0.760087 0.735118 0.591516 0.502329 0.691026 0.430694 0.876595
0.507752 0.611213 0.387608 0.392118 0.985897 0.776098 0.414928 0.453819 0.599178 0.501545 0.569521 0.445811 0.514406 0.559438 0.415274 0.456570 0.475494 0.424396 0.410360 0.445622 0.673835 0.604637 0.395473 0.420504 0.473440 0.434879 0.979954 0.964570 0.476444 0.381228 0.279188 0.000000 0.332486 0.373200 0.669716 0.815291 0.657427 0.771059 0.615224 0.860189 0.951840 0.882897 0.402595 0.369422 0.443246 0.471535 0.457963 0.395553 0.796040 0.658478 0.578947 0.576657 0.689753 0.762640 0.802377 0.908940 0.620903 0.732148 0.566295 0.691930 0.484834 0.681000 0.521594 0.572182 0.498510 0.507808 0.431071 0.442602 0.714619 0.684071 0.503098 0.538324 0.443059 0.391520 0.707795 0.839680 0.581999 0.525237 0.557421 0.502427 0.570947 0.569349 0.615246 0.730724 0.677369 0.553255 0.968641 0.936186 0.989349 0.841169 0.771480 0.897518 0.862719 0.881826 0.708923 0.746469 0.556849 0.765662 0.529448 0.489184 0.784777 0.678663 0.640100 0.550745 0.545397 0.573487 0.990845 0.895753 0.942803 0.828289 0.670506 0.633060 0.568436 0.773555 0.497319 0.756895
0.371925 0.464913 0.317378 0.265755 0.842886 0.690223 0.294255 0.286312 0.578936 0.468700 0.518967 0.392334 0.415366 0.486104 0.392890 0.418356 0.429912 0.359130 0.337497 0.371866 0.584500 0.547620 0.320610 0.435076 0.595989 0.421603 0.895847 0.904295 0.422279 0.358310 0.280486 0.332486 0.000000 0.275232 0.725242 0.677565 0.629641 0.840993 0.734314 0.860032 0.904831 0.818221 0.281387 0.261279 0.287046 0.270694 0.277334 0.330635 0.618353 0.460867 0.412091 0.392773 0.536423 0.575723 0.633818 0.707533 0.554308 0.568273 0.374510 0.470917 0.316415 0.403066 0.416955 0.451836 0.313909 0.304093 0.263992 0.251080 0.707032 0.488206 0.349745 0.402568 0.443636 0.360053 0.802639 0.716728 0.381320 0.533529 0.405101 0.484900 0.416370 0.373912 0.491253 0.522115 0.452072 0.352401 0.960554 0.924258 0.863296 0.658257 0.578706 0.701807 0.650386 0.774499 0.567900 0.575539 0.421434 0.549810 0.364742 0.290161 0.661084 0.622193 0.580958 0.464092 0.391380 0.437349 0.991195 0.789834 0.825211 0.748774 0.696221 0.516682 0.418168 0.674967 0.469635 0.870347
0.381837 0.457577 0.335225 0.292022 0.817432 0.674075 0.270828 0.280223 0.570711 0.439374 0.431343 0.417777 0.446361 0.513676 0.460576 0.478225 0.422278 0.319177 0.261105 0.336068 0.544741 0.621644 0.419715 0.449828 0.690411 0.482316 0.820138 0.967909 0.390751 0.297583 0.300705 0.373200 0.275232 0.000000 0.713193 0.733982 0.599008 0.760544 0.771659 0.828972 0.946861 0.864257 0.296777 0.245168 0.289500 0.278093 0.286586 0.349174 0.669611 0.426810 0.427464 0.399337 0.555916 0.560712 0.716880 0.760344 0.509728 0.570176 0.393584 0.526560 0.326325 0.482981 0.389657 0.438222 0.376209 0.335913 0.267608 0.269808 0.783578 0.547903 0.440706 0.431455 0.477365 0.416569 0.736341 0.669221 0.446694 0.500379 0.487621 0.413832 0.458541 0.392556 0.550720 0.547156 0.544312 0.475732 0.917249 0.921325 0.940397 0.782524 0.619729 0.697730 0.697805 0.705538 0.569937 0.629196 0.592893 0.625939 0.339267 0.322364 0.625986 0.590779 0.494876 0.389449 0.443543 0.562707 0.865600 0.730544 0.865321 0.841049 0.703071 0.414503 0.443017 0.660990 0.426896 0.780406
0.726035 0.866485 0.746414 0.757349 0.958286 0.614814 0.785637 0.839002 0.849900 0.911647 0.967804 0.797187 0.740317 0.852572 0.658849 0.736012 0.954449 0.922358 0.861734 0.868576 0.778639 0.958385 0.614994 0.661696 0.533872 0.640393 0.982332 0.910592 0.811289 0.842832 0.592393 0.669716 0.725242 0.713193 0.000000 0.877868 0.717909 0.896406 0.813603 0.985867 0.969632 0.877127 0.707318 0.760357 0.671597 0.675738 0.693862 0.762776 0.768653 0.745341 0.800159 0.712910 0.786077 0.986104 0.648483 0.674374 0.951352 0.954460 0.777340 0.689537 0.728090 0.815893 0.777976 0.860909 0.689013 0.728869 0.692277 0.719590 0.919765 0.730080 0.808978 0.780270 0.758641 0.762872 0.769915 0.999248 0.795704 0.819580 0.742497 0.799018 0.734722 0.756261 0.838244 0.858739 0.628312 0.652256 0.966788 0.957785 0.892882 0.784467 0.992583 0.898456 0.967827 0.957421 0.730281 0.890038 0.757598 0.881967 0.807735 0.861287 0.970473 0.942988 0.994386 0.967846 0.740797 0.797724 0.979612 0.996223 0.755290 0.950051 0.710394 0.808953 0.851455 0.935827 0.807249 0.807823
0.697945 0.676257 0.798711 0.775154 0.960536 0.927708 0.736661 0.772306 0.813819 0.758678 0.836199 0.840242 0.815870 0.897038 0.906764 0.864478 0.661169 0.815182 0.746787 0.832729 0.991597 0.926341 0.796002 0.898273 0.920075 0.726502 0.840900 0.967779 0.851512 0.757954 0.635350 0.815291 0.677565 0.733982 0.877868 0.000000 0.970032 0.710309 0.845984 0.969485 0.859031 0.793286 0.622101 0.592674 0.574841 0.606202 0.640908 0.602968 0.608026 0.621448 0.542175 0.614420 0.690864 0.713783 0.751316 0.812321 0.749112 0.730317 0.634969 0.687070 0.762237 0.774927 0.735108 0.706902 0.702630 0.760445 0.620457 0.617680 0.791896 0.589953 0.729415 0.512165 0.818847 0.658911 0.994663 0.994296 0.689050 0.753001 0.676590 0.761658 0.715666 0.781521 0.735202 0.704525 0.803907 0.786480 0.963451 0.874336 0.911028 0.825358 0.845775 0.880689 0.917679 0.874919 0.810835 0.921878 0.705864 0.706875 0.745633 0.736867 0.807324 0.726158 0.702091 0.812850 0.832257 0.853932 0.776805 0.904535 0.800119 0.946863 0.701469 0.787186 0.734113 0.843548 0.726203 0.958630
0.589866 0.620168 0.631939 0.645290 0.938344 0.888765 0.722355 0.723989 0.952234 0.898720 0.755529 0.637020 0.674155 0.659756 0.640156 0.730916 0.685373 0.649170 0.648953 0.725142 0.680168 0.948212 0.635692 0.702715 0.601287 0.640645 0.821566 0.915833 0.666816 0.662514 0.547421 0.657427 0.629641 0.599008 0.717909 0.970032 0.000000 0.847037 0.660402 0.830593 0.932035 0.828634 0.702636 0.676758 0.657848 0.686904 0.623542 0.642679 0.803580 0.777112 0.731318 0.736933 0.818015 0.947735 0.922463 0.915408 0.694678 0.683568 0.665880 0.665620 0.616802 0.655136 0.660815 0.648981 0.602823 0.635044 0.696360 0.606223 0.834041 0.707999 0.860785 0.765406 0.666685 0.638005 0.803482 0.950554 0.714842 0.687084 0.618508 0.852706 0.716838 0.770569 0.763297 0.778730 0.640848 0.662836 0.891484 0.938000 0.821960 0.813282 0.964685 0.889877 0.939056 0.911697 0.695816 0.679698 0.789231 0.884809 0.735541 0.733436 0.979864 0.969615 0.633897 0.735827 0.535928 0.753200 0.973245 0.847727 0.840499 0.720340 0.962045 0.673153 0.823182 0.985573 0.723281 0.780141
0.695019 0.681546 0.880039 0.900308 0.892804 0.779060 0.941136 0.910145 0.947173 0.897330 0.770087 0.711700 0.793221 0.720536 0.796328 0.781339 0.689215 0.745974 0.840430 0.765590 0.862653 0.881067 0.874427 0.844383 0.844317 0.919953 0.911173 0.993676 0.721791 0.690310 0.723311 0.771059 0.840993 0.760544 0.896406 0.710309 0.847037 0.000000 0.849560 0.984304 0.726065 0.996459 0.835361 0.798972 0.847719 0.823046 0.874271 0.818040 0.933081 0.832144 0.771077 0.834176 0.977446 0.984884 0.993403 0.993256 0.608089 0.636257 0.814666 0.785237 0.835801 0.847108 0.696267 0.618987 0.849968 0.901453 0.858970 0.780209 0.865698 0.851607 0.911783 0.846375 0.740820 0.743141 0.859958 0.908552 0.881181 0.623430 0.878723 0.884885 0.892891 0.978512 0.740807 0.988975 0.980244 0.960589 0.862745 0.942870 0.939357 0.933799 0.853285 0.896868 0.887383 0.880554 0.973848 0.901482 0.969858 0.834256 0.854079 0.933799 0.946760 0.908724 0.734149 0.929702 0.925697 0.870093 0.906585 0.940527 0.946121 0.808163 0.832855 0.904842 0.968998 0.869758 0.805840 0.840598
