0.000000 0.363396 0.957001 0.921860 0.900891 0.935456 0.681509 0.501150 0.876087 0.527965 0.334389 0.291573 0.438730 0.561970 0.534230 0.639608 0.360308 0.352230 0.429617 0.411639 0.941677 0.978343 0.456015 0.843820 0.675038 0.712340 0.922367 0.879846 0.328018 0.389583 0.794763 0.683030 0.480668 0.468212 0.832722 0.993922 0.715420 0.881914 0.908307 0.979942 0.636799 0.798565 0.972818 0.836239 0.890173 0.769671 0.765318 0.706776 0.650321 0.706857 0.868454 0.852233 0.894085 0.880062 0.754533 0.728395 0.367797 0.318831 0.520898 0.477042 0.591054 0.554811 0.318521 0.293815 0.841366 0.871436 0.989931 0.955064 0.359277 0.389386 0.655363 0.740218 0.827146 0.851227 0.791914 0.997704 0.687679 0.756743 0.620510 0.437236 0.283003 0.400584 0.717405 0.621426 0.755815 0.880002 0.886210 0.870227 0.775183 0.679647 0.990140 0.902852 0.996294 0.835116 0.760118 0.938314 0.906344 0.874289 0.618192 0.573707 0.878268 0.907643 0.592567 0.636706 0.663588 0.704419 0.940803 0.828637 0.982308 0.851579 0.959243 0.667762 0.569749 0.820371 0.950469 0.745697
0.363396 0.000000 0.752761 0.925334 0.925467 0.919345 0.917352 0.567743 0.964241 0.530295 0.577122 0.378976 0.728266 0.548741 0.572412 0.651305 0.268874 0.258000 0.422857 0.339035 0.876636 0.941539 0.553024 0.905893 0.740310 0.688475 0.957325 0.963263 0.326591 0.310399 0.881367 0.708906 0.577054 0.500483 0.776232 0.992806 0.738488 0.907383 0.965122 0.870573 0.787234 0.671593 0.661308 0.531339 0.660207 0.524498 0.583507 0.486397 0.420185 0.506051 0.646627 0.636671 0.712037 0.945180 0.739762 0.675696 0.250818 0.253790 0.752774 0.669180 0.957196 0.740082 0.468302 0.385581 0.768537 0.775919 0.857705 0.955157 0.492830 0.384433 0.732431 0.918140 0.892546 0.841109 0.827917 0.880074 0.598635 0.604799 0.532012 0.401146 0.283135 0.380963 0.554065 0.566885 0.747579 0.909088 0.808801 0.880826 0.945554 0.873878 0.970624 0.946571 0.953486 0.755332 0.728366 0.905057 0.906593 0.799753 0.637948 0.544382 0.971872 0.963187 0.617285 0.652875 0.750908 0.762097 0.856183 0.908745 0.994949 0.955025 0.909169 0.628762 0.535027 0.640105 0.884455 0.800761
0.957001 0.752761 0.000000 0.445190 0.974861 0.801062 0.464595 0.705947 0.866438 0.841847 0.963711 0.799043 0.962800 0.989297 0.824667 0.933816 0.826266 0.879431 0.939979 0.886634 0.761203 0.991835 0.839935 0.738917 0.695156 0.505751 0.867149 0.965619 0.831891 0.764588 0.706533 0.779279 0.769459 0.827823 0.572494 0.701439 0.880481 0.805722 0.761232 0.939541 0.950815 0.951840 0.924599 0.980078 0.941581 0.946663 0.852510 0.923887 0.701492 0.773265 0.903801 0.814478 0.902909 0.900590 0.807996 0.970988 0.844996 0.820643 0.892951 0.883173 0.682443 0.797155 0.998019 0.889932 0.481209 0.466118 0.375845 0.455134 0.965110 0.856781 0.740888 0.652392 0.846846 0.965743 0.977350 0.850764 0.958676 0.922187 0.928319 0.949812 0.928645 0.998901 0.932692 0.984218 0.828318 0.610802 0.955675 0.910492 0.832860 0.633027 0.700676 0.795695 0.528300 0.520732 0.856447 0.959961 0.722975 0.950062 0.971552 0.890242 0.700776 0.851702 0.965593 0.996539 0.773163 0.842394 0.889208 0.845313 0.952459 0.970568 0.884226 0.977332 0.892795 0.892870 0.996400 0.959627
0.921860 0.925334 0.445190 0.000000 0.953327 0.897878 0.731134 0.685274 0.858609 0.833746 0.926258 0.811233 0.863940 0.816128 0.910850 0.911403 0.927411 0.991647 0.897938 0.938706 0.758851 0.913143 0.770073 0.593157 0.543038 0.468298 0.686733 0.914129 0.901072 0.900974 0.795255 0.647031 0.885148 0.841515 0.669686 0.636173 0.865397 0.861877 0.678860 0.830795 0.885613 0.994283 0.781044 0.868148 0.890600 0.927921 0.657200 0.809526 0.903127 0.979158 0.998423 0.957157 0.981154 0.933332 0.796158 0.917873 0.988267 0.930170 0.879844 0.963049 0.875436 0.982767 0.824104 0.759097 0.545405 0.495436 0.580656 0.595783 0.960061 0.872375 0.763252 0.780450 0.907161 0.962581 0.886084 0.857760 0.817999 0.876965 0.953587 0.862506 0.999914 0.791838 0.832195 0.831054 0.756487 0.537296 0.963011 0.769078 0.904617 0.708848 0.804732 0.934395 0.654817 0.697512 0.882566 0.848840 0.832614 0.897991 0.945428 0.911002 0.856305 0.982133 0.905291 0.990103 0.814436 0.891461 0.849809 0.989856 0.995215 0.961242 0.874275 0.950336 0.889882 0.921598 0.894080 0.960566
0.900891 0.925467 0.974861 0.953327 0.000000 0.962735 0.970544 0.977978 0.938901 0.942689 0.922473 0.904637 0.912841 0.986955 0.968879 0.878974 0.940796 0.951319 0.980472 0.942111 0.977812 0.873994 0.855126 0.899101 0.930478 0.931754 0.784758 0.971906 0.914128 0.976323 0.944680 0.898061 0.973997 0.899101 0.915996 0.909994 0.968663 0.970867 0.914347 0.946857 0.951350 0.927172 0.958562 0.991775 0.967633 0.909680 0.974763 0.895872 0.927874 0.901937 0.898927 0.883436 0.911954 0.963411 0.850229 0.878458 0.915393 0.915151 0.851120 0.832242 0.876934 0.768781 0.913141 0.866853 0.871834 0.828698 0.912682 0.930287 0.959231 0.860655 0.937672 0.969808 0.970222 0.894641 0.922563 0.902443 0.985999 0.904258 0.965252 0.931484 0.883163 0.839712 0.825237 0.940842 0.809412 0.850126 0.758334 0.866384 0.820893 0.793607 0.921976 0.927581 0.953893 0.968858 0.926097 0.972577 0.924656 0.993615 0.948314 0.953317 0.840935 0.916347 0.935090 0.970482 0.878096 0.888347 0.854669 0.812718 0.911204 0.859083 0.980437 0.942763 0.988566 0.933180 0.816570 0.919128
0.935456 0.919345 0.801062 0.897878 0.962735 0.000000 0.825085 0.960196 0.905430 0.964393 0.877898 0.874846 0.664340 0.808028 0.827461 0.659284 0.932166 0.980804 0.889572 0.975693 0.748778 0.897566 0.802119 0.767155 0.964222 0.854706 0.828207 0.700551 0.987823 0.984428 0.999558 0.885973 0.907073 0.867215 0.982912 0.920438 0.938454 0.920869 0.747273 0.867506 0.874325 0.929474 0.836243 0.888636 0.690369 0.701525 0.888220 0.921022 0.762977 0.793614 0.734911 0.767591 0.758899 0.787073 0.895247 0.830134 0.912194 0.928181 0.957809 0.976330 0.879094 0.910090 0.965207 0.999162 0.959197 0.960968 0.922309 0.965862 0.942501 0.907244 0.938745 0.914244 0.909651 0.862133 0.821254 0.930919 0.987400 0.894729 0.970568 0.947239 0.964662 0.875726 0.850926 0.947622 0.897753 0.888768 0.814375 0.741346 0.980364 0.934633 0.934217 0.865136 0.946964 0.853043 0.958913 0.915087 0.998717 0.994061 0.877223 0.987382 0.926449 0.980505 0.977040 0.972265 0.911111 0.952546 0.683622 0.904270 0.896611 0.968534 0.914091 0.961033 0.911308 0.746800 0.879407 0.962483
0.681509 0.917352 0.464595 0.731134 0.970544 0.825085 0.000000 0.426091 0.615744 0.678916 0.670609 0.936141 0.739645 0.979718 0.969765 0.926532 0.856909 0.831994 0.732037 0.841246 0.863940 0.981825 0.642903 0.917312 0.862881 0.883120 0.935880 0.845337 0.774380 0.901405 0.476935 0.676323 0.488254 0.480850 0.651383 0.672734 0.788978 0.852823 0.942661 0.912403 0.861647 0.924200 0.822767 0.827717 0.705712 0.824829 0.816801 0.785655 0.952471 0.944233 0.889921 0.967107 0.921753 0.988089 0.922631 0.923766 0.780859 0.774943 0.467581 0.505833 0.460205 0.715778 0.562076 0.641540 0.872156 0.856110 0.422557 0.502741 0.727324 0.790191 0.548412 0.469117 0.814091 0.835247 0.960391 0.916668 0.751523 0.843463 0.839395 0.873042 0.810493 0.898491 0.920765 0.945567 0.993461 0.980847 0.890570 0.910629 0.756305 0.685701 0.475404 0.530227 0.486293 0.539895 0.755389 0.930277 0.642845 0.813118 0.509682 0.489360 0.547784 0.567224 0.552468 0.563529 0.627710 0.630103 0.962942 0.801722 0.960014 0.930358 0.735519 0.760153 0.887129 0.972138 0.985352 0.901177
0.501150 0.567743 0.705947 0.685274 0.977978 0.960196 0.426091 0.000000 0.815247 0.522140 0.577274 0.700810 0.775904 0.721154 0.914655 0.972951 0.532976 0.547350 0.495708 0.514547 0.987180 0.984572 0.566377 0.899466 0.791467 0.925224 0.950502 0.832864 0.494484 0.586273 0.525786 0.515974 0.480855 0.428548 0.866159 0.752346 0.748297 0.924470 0.924230 0.980170 0.835012 0.772182 0.683592 0.689908 0.577873 0.624152 0.631954 0.661691 0.648428 0.712182 0.769186 0.809273 0.839535 0.971265 0.844569 0.772740 0.476758 0.481451 0.589847 0.535345 0.748657 0.704230 0.503186 0.509711 0.935987 0.989460 0.690160 0.697801 0.583703 0.594302 0.496807 0.580123 0.811163 0.933072 0.957843 0.876373 0.553273 0.708260 0.653208 0.623552 0.541495 0.620712 0.803038 0.745979 0.976277 0.892710 0.882414 0.850653 0.841500 0.750072 0.602511 0.665939 0.640551 0.820772 0.683361 0.849739 0.650687 0.751573 0.464294 0.396535 0.621611 0.672066 0.508527 0.507873 0.618169 0.614676 0.922081 0.865349 0.923818 0.969121 0.641240 0.650260 0.528067 0.705924 0.911095 0.844409
0.876087 0.964241 0.866438 0.858609 0.938901 0.905430 0.615744 0.815247 0.000000 0.661268 0.721759 0.948663 0.672583 0.873342 0.941107 0.828920 0.939322 0.865976 0.996830 0.918471 0.996875 0.985040 0.925837 0.658717 0.716206 0.804003 0.828204 0.917487 0.961784 0.876755 0.904814 0.883670 0.967780 0.870944 0.988092 0.934494 0.811059 0.891732 0.854398 0.907098 0.961561 0.959616 0.851411 0.949049 0.943134 0.928888 0.910234 0.986955 0.900776 0.883072 0.869384 0.917283 0.886266 0.933978 0.851244 0.976170 0.906697 0.986690 0.501742 0.651490 0.579414 0.752072 0.751702 0.800727 0.866521 0.852023 0.889860 0.973852 0.893705 0.832046 0.984873 0.947453 0.840343 0.884925 0.935537 0.929727 0.999033 0.939405 0.996562 0.903905 0.921744 0.781990 0.699842 0.791587 0.801547 0.697356 0.943436 0.785543 0.750510 0.928523 0.845913 0.867957 0.992292 0.777233 0.974666 0.924138 0.998667 0.931197 0.782403 0.800322 0.895636 0.798813 0.687927 0.773369 0.977406 0.951354 0.960284 0.805642 0.855743 0.985116 0.871865 0.980270 0.919850 0.950257 0.761903 0.963930
0.527965 0.530295 0.841847 0.833746 0.942689 0.964393 0.678916 0.522140 0.661268 0.000000 0.554997 0.556263 0.573911 0.765128 0.699883 0.883369 0.569781 0.612318 0.482183 0.522963 0.883177 0.903919 0.661053 0.672297 0.416015 0.500698 0.769022 0.931996 0.474570 0.505683 0.800338 0.763806 0.625989 0.553027 0.697027 0.993362 0.941079 0.867889 0.766697 0.821425 0.990727 0.763271 0.872839 0.786005 0.753829 0.728092 0.842579 0.791214 0.507275 0.617724 0.768201 0.771382 0.827325 0.998449 0.938901 0.966383 0.554176 0.480728 0.504454 0.583328 0.817643 0.944139 0.461759 0.439235 0.458234 0.463194 0.821659 0.770353 0.569156 0.510559 0.741272 0.804200 0.953810 0.999388 0.841200 0.879110 0.663192 0.684815 0.518130 0.638277 0.574114 0.801773 0.986663 0.879578 0.764418 0.471716 0.792751 0.680564 0.879620 0.912929 0.814107 0.675959 0.992154 0.931331 0.848744 0.979013 0.857148 0.811135 0.513216 0.496628 0.836249 0.737043 0.492993 0.551153 0.950315 0.796225 0.892055 0.916359 0.860408 0.933451 0.843985 0.828968 0.639341 0.828611 0.996706 0.937839
0.334389 0.577122 0.963711 0.926258 0.922473 0.877898 0.670609 0.577274 0.721759 0.554997 0.000000 0.477784 0.410009 0.686807 0.720475 0.805144 0.567680 0.580885 0.600466 0.526607 0.884911 0.968109 0.637421 0.826543 0.665226 0.765162 0.891254 0.864338 0.505243 0.559669 0.833133 0.813905 0.589517 0.665814 0.814173 0.951433 0.765288 0.950648 0.991256 0.884982 0.687113 0.768909 0.836215 0.974493 0.997057 0.925182 0.979144 0.937271 0.789724 0.854883 0.990225 0.986295 0.995714 0.786414 0.890541 0.794183 0.597543 0.527357 0.514904 0.532425 0.549167 0.608102 0.461919 0.445968 0.840345 0.886944 0.946298 0.993965 0.426063 0.495173 0.693752 0.717878 0.851448 0.991109 0.782974 0.897735 0.713194 0.839476 0.807565 0.589369 0.481832 0.580939 0.925887 0.734899 0.921694 0.796804 0.874190 0.783004 0.715918 0.751541 0.925391 0.875610 0.914519 0.973639 0.854715 0.997975 0.926877 0.978653 0.680610 0.692029 0.832510 0.835327 0.593508 0.669961 0.758755 0.782411 0.955489 0.956170 0.959909 0.816714 0.971143 0.817848 0.731047 0.917267 0.966500 0.925558
0.291573 0.378976 0.799043 0.811233 0.904637 0.874846 0.936141 0.700810 0.948663 0.556263 0.477784 0.000000 0.412194 0.494997 0.461633 0.491619 0.385788 0.408199 0.505526 0.493196 0.944970 0.956477 0.493299 0.917511 0.718485 0.680405 0.945391 0.984295 0.366526 0.388853 0.989503 0.777808 0.646809 0.603832 0.730763 0.821911 0.817575 0.976621 0.936351 0.980259 0.749992 0.866839 0.975022 0.850313 0.977271 0.828453 0.824387 0.736544 0.663411 0.699126 0.862208 0.812596 0.905647 0.942186 0.761787 0.781428 0.461024 0.393954 0.680014 0.594168 0.713062 0.615578 0.384733 0.359502 0.807029 0.830838 0.784756 0.854530 0.438110 0.416434 0.798729 0.945242 0.832345 0.788348 0.723937 0.938867 0.769514 0.778704 0.581014 0.414096 0.305003 0.401761 0.676982 0.628615 0.697422 0.913199 0.900933 0.982542 0.859694 0.751887 0.815716 0.916232 0.780861 0.610754 0.805017 0.982582 0.967920 0.978872 0.845495 0.729230 0.943258 0.943765 0.770854 0.846504 0.805235 0.803587 0.997649 0.749770 0.992792 0.930457 0.935002 0.753488 0.616799 0.885668 0.947025 0.790958
0.438730 0.728266 0.962800 0.863940 0.912841 0.664340 0.739645 0.775904 0.672583 0.573911 0.410009 0.412194 0.000000 0.626576 0.581367 0.544092 0.708701 0.762194 0.673527 0.759866 0.953101 0.946595 0.549721 0.980492 0.692695 0.772123 0.985725 0.966402 0.585717 0.648851 0.965216 0.838846 0.710763 0.705116 0.732132 0.851950 0.847549 0.887654 0.949346 0.914534 0.781428 0.997587 0.740606 0.894390 0.768016 0.941370 0.972823 0.996313 0.914939 0.893302 0.963994 0.996720 0.966778 0.878461 0.866901 0.891477 0.810585 0.685303 0.567257 0.599243 0.501371 0.654782 0.485407 0.516219 0.867932 0.872917 0.882303 0.868131 0.522499 0.573071 0.829413 0.885931 0.854109 0.912048 0.844964 0.983279 0.903608 0.911386 0.745298 0.650753 0.599748 0.672761 0.971426 0.794435 0.857399 0.872740 0.893543 0.997760 0.676347 0.797314 0.881928 0.996972 0.806052 0.838430 0.894310 0.954441 0.976950 0.926834 0.888763 0.844731 0.953943 0.961224 0.766100 0.848392 0.920574 0.897391 0.874495 0.765507 0.909624 0.786621 0.871735 0.980367 0.862255 0.868746 0.999002 0.868921
0.561970 0.548741 0.989297 0.816128 0.986955 0.808028 0.979718 0.721154 0.873342 0.765128 0.686807 0.494997 0.626576 0.000000 0.432625 0.432867 0.602762 0.568075 0.477564 0.479456 0.926227 0.964267 0.481189 0.713194 0.969628 0.969301 0.950386 0.973820 0.554223 0.525611 0.922756 0.544629 0.732550 0.664348 0.765024 0.988046 0.903131 0.860292 0.860521 0.763526 0.855086 0.923703 0.873807 0.829860 0.882454 0.921627 0.694511 0.770203 0.840880 0.898316 0.967600 0.981897 0.994163 0.834893 0.692537 0.815536 0.660320 0.657409 0.957271 0.975687 0.959607 0.904191 0.775687 0.753385 0.989574 0.980041 0.774284 0.897818 0.553684 0.636702 0.963293 0.934613 0.797512 0.983402 0.870554 0.999740 0.697047 0.729002 0.708954 0.508354 0.495078 0.366612 0.581713 0.559443 0.625898 0.826359 0.855127 0.787174 0.996176 0.839285 0.766796 0.828114 0.784407 0.645984 0.727249 0.921746 0.989115 0.861187 0.974030 0.863028 0.829551 0.854401 0.883690 0.909431 0.873543 0.881526 0.820887 0.705541 0.921050 0.892802 0.855900 0.916407 0.709355 0.899017 0.942147 0.827108
0.534230 0.572412 0.824667 0.910850 0.968879 0.827461 0.969765 0.914655 0.941107 0.699883 0.720475 0.461633 0.581367 0.432625 0.000000 0.516486 0.604541 0.583577 0.547132 0.560324 0.977758 0.970311 0.618093 0.894320 0.799263 0.800036 0.931214 0.941423 0.559069 0.512794 0.968498 0.750054 0.799012 0.717294 0.692269 0.869891 0.902350 0.944037 0.972069 0.907555 0.769450 0.997146 0.973833 0.885212 0.826076 0.992960 0.838068 0.805186 0.815382 0.856925 0.971884 0.983803 0.944883 0.835257 0.825901 0.922400 0.702808 0.672813 0.871543 0.870809 0.952592 0.922751 0.719253 0.679394 0.830780 0.823272 0.710945 0.762894 0.447220 0.600481 0.998532 0.897790 0.872746 0.914441 0.879200 0.977717 0.840482 0.799406 0.559003 0.557537 0.517590 0.500269 0.699847 0.622295 0.744510 0.981258 0.995049 0.838575 0.861928 0.863055 0.730012 0.867485 0.656708 0.634545 0.830085 0.904722 0.942446 0.875241 0.986951 0.855011 0.871091 0.787234 0.859389 0.925366 0.928723 0.992395 0.977880 0.649962 0.997148 0.896275 0.748259 0.932175 0.879797 0.954146 0.875936 0.883944
0.639608 0.651305 0.933816 0.911403 0.878974 0.659284 0.926532 0.972951 0.828920 0.883369 0.805144 0.491619 0.544092 0.432867 0.516486 0.000000 0.663286 0.659196 0.601381 0.654602 0.874256 0.933528 0.523441 0.617772 0.894038 0.993529 0.861851 0.782263 0.657266 0.598719 0.923543 0.738807 0.833804 0.719532 0.758655 0.829036 0.936628 0.870982 0.794419 0.823731 0.953897 0.967459 0.927663 0.821747 0.801808 0.966679 0.788925 0.767030 0.920891 0.810653 0.967158 0.890130 0.976582 0.990404 0.704670 0.908816 0.766896 0.712740 0.994909 0.958086 0.999291 0.911208 0.794392 0.789988 0.947014 0.931930 0.756670 0.851859 0.680541 0.676220 0.953471 0.942817 0.842874 0.857586 0.868608 0.889758 0.868388 0.788262 0.719919 0.561363 0.612420 0.491427 0.739343 0.632236 0.623355 0.738074 0.794341 0.759155 0.991614 0.828832 0.686940 0.844473 0.705735 0.643938 0.872268 0.928532 0.964695 0.900390 0.911438 0.933806 0.811676 0.812448 0.981596 0.917292 0.913806 0.899119 0.831995 0.653863 0.876155 0.869206 0.789482 0.954840 0.813733 0.995944 0.874401 0.949524
0.360308 0.268874 0.826266 0.927411 0.940796 0.932166 0.856909 0.532976 0.939322 0.569781 0.567680 0.385788 0.708701 0.602762 0.604541 0.663286 0.000000 0.266689 0.427160 0.348199 0.880028 0.955431 0.546543 0.885402 0.745716 0.699845 0.958501 0.996179 0.317943 0.304069 0.753190 0.670847 0.534266 0.481988 0.840580 0.946057 0.810539 0.921536 0.911612 0.895184 0.767347 0.719521 0.665154 0.587260 0.675902 0.586959 0.627407 0.551206 0.489299 0.550133 0.699411 0.686145 0.777525 0.952696 0.759354 0.769634 0.279645 0.283747 0.719405 0.629684 0.890288 0.762227 0.423057 0.367638 0.783666 0.813234 0.918085 0.998613 0.516666 0.385695 0.627115 0.795564 0.815585 0.781735 0.815013 0.928159 0.610725 0.638079 0.489213 0.429113 0.281569 0.405642 0.623021 0.590517 0.793045 0.899932 0.821761 0.850140 0.901774 0.857878 0.962538 0.893231 0.984596 0.782941 0.733495 0.906498 0.913981 0.866726 0.637809 0.506363 0.899031 0.917543 0.611046 0.642658 0.724482 0.689742 0.901851 0.906639 0.962829 0.997577 0.926670 0.634273 0.539990 0.671718 0.888475 0.799658
0.352230 0.258000 0.879431 0.991647 0.951319 0.980804 0.831994 0.547350 0.865976 0.612318 0.580885 0.408199 0.762194 0.568075 0.583577 0.659196 0.266689 0.000000 0.404853 0.308626 0.917720 0.913656 0.483042 0.982760 0.829391 0.806869 0.962842 0.998868 0.334358 0.299206 0.739188 0.611779 0.489593 0.421470 0.894054 0.957269 0.734379 0.885948 0.976196 0.867379 0.708281 0.735026 0.631538 0.526827 0.653512 0.572710 0.598900 0.502672 0.520984 0.584655 0.725467 0.718306 0.769718 0.976665 0.713593 0.731306 0.246130 0.268551 0.764103 0.671096 0.922266 0.779899 0.449645 0.385163 0.849679 0.864126 0.987765 0.916904 0.487146 0.438638 0.647713 0.765100 0.772583 0.745717 0.877445 0.876614 0.566872 0.586571 0.532285 0.369273 0.258584 0.342382 0.534045 0.527421 0.719865 0.998744 0.797122 0.944967 0.937068 0.811046 0.922199 0.876243 0.904213 0.808764 0.663594 0.929017 0.892420 0.762420 0.638101 0.538518 0.995002 0.908382 0.629995 0.661359 0.652490 0.679022 0.887634 0.884544 0.948990 0.953463 0.879316 0.598786 0.513332 0.629193 0.922393 0.752369
0.429617 0.422857 0.939979 0.897938 0.980472 0.889572 0.732037 0.495708 0.996830 0.482183 0.600466 0.505526 0.673527 0.477564 0.547132 0.601381 0.427160 0.404853 0.000000 0.323918 0.973458 0.892592 0.465932 0.971055 0.767613 0.732436 0.941826 0.987530 0.358766 0.379246 0.688516 0.505777 0.488224 0.400862 0.761071 0.895018 0.799345 0.972988 0.977071 0.978797 0.882903 0.737612 0.706950 0.651180 0.814203 0.724945 0.620383 0.615455 0.597673 0.657357 0.838753 0.818794 0.923990 0.919845 0.881883 0.900286 0.405099 0.437835 0.717700 0.715325 0.981246 0.992094 0.531619 0.535230 0.735117 0.739829 0.907972 0.886291 0.490633 0.477959 0.682601 0.796616 0.851130 0.883539 0.862544 0.932869 0.635551 0.589786 0.579723 0.475528 0.433386 0.469919 0.753672 0.714711 0.910108 0.854942 0.729954 0.965992 0.971662 0.938373 0.925080 0.772744 0.998859 0.861347 0.871684 0.807610 0.949248 0.765597 0.639575 0.501258 0.913045 0.895544 0.588901 0.604837 0.830067 0.776496 0.989060 0.877447 0.972552 0.999692 0.913477 0.719828 0.486212 0.706028 0.952873 0.819714
0.411639 0.339035 0.886634 0.938706 0.942111 0.975693 0.841246 0.514547 0.918471 0.522963 0.526607 0.493196 0.759866 0.479456 0.560324 0.654602 0.348199 0.308626 0.323918 0.000000 0.900760 0.858655 0.506778 0.994540 0.729122 0.728522 0.847845 0.997419 0.365490 0.303407 0.760207 0.546610 0.554790 0.465451 0.756609 0.953154 0.812395 0.982378 0.932332 0.952370 0.811442 0.686316 0.716197 0.658619 0.807045 0.758619 0.713906 0.645878 0.615961 0.702052 0.918911 0.906382 0.938042 0.849344 0.874693 0.904908 0.331416 0.364513 0.793175 0.767138 0.966050 0.950960 0.589526 0.504161 0.712013 0.743630 0.870531 0.915833 0.499866 0.475194 0.699420 0.821082 0.856365 0.984834 0.834404 0.885134 0.546806 0.576202 0.564882 0.447638 0.368231 0.416813 0.715135 0.630361 0.932614 0.846323 0.716743 0.839318 0.955516 0.935998 0.958327 0.804029 0.947794 0.827001 0.730755 0.886135 0.921011 0.751311 0.656434 0.527139 0.957464 0.891283 0.580642 0.602970 0.777696 0.752779 0.964022 0.964955 0.956406 0.916395 0.919763 0.718414 0.540677 0.652177 0.966668 0.833267
0.941677 0.876636 0.761203 0.758851 0.977812 0.748778 0.863940 0.987180 0.996875 0.883177 0.884911 0.944970 0.953101 0.926227 0.977758 0.874256 0.880028 0.917720 0.973458 0.900760 0.000000 0.954576 0.852099 0.724976 0.713481 0.692232 0.762124 0.868545 0.824543 0.834554 0.983396 0.887768 0.994631 0.941818 0.817508 0.859137 0.936658 0.942893 0.717806 0.904773 0.985299 0.849132 0.995183 0.978465 0.944817 0.907060 0.855911 0.999140 0.826978 0.849124 0.865662 0.830061 0.855215 0.814636 0.918667 0.970584 0.968526 0.889474 0.965957 0.962422 0.973216 0.986600 0.929241 0.856879 0.705375 0.740099 0.790010 0.846857 0.926425 0.988663 0.999809 0.972573 0.936039 0.957517 0.971690 0.944901 0.882688 0.867912 0.914761 0.962384 0.934732 0.921942 0.983881 0.845064 0.821832 0.711648 0.860380 0.794195 0.993799 0.902267 0.991022 0.937933 0.856174 0.890159 0.972947 0.760022 0.997383 0.868590 0.836739 0.941490 0.980759 0.869664 0.895029 0.885387 0.889180 0.856057 0.761968 0.901174 0.895469 0.905685 0.877780 0.804589 0.883823 0.886651 0.975180 0.860707
0.978343 0.941539 0.991835 0.913143 0.873994 0.897566 0.981825 0.984572 0.985040 0.903919 0.968109 0.956477 0.946595 0.964267 0.970311 0.933528 0.955431 0.913656 0.892592 0.858655 0.954576 0.000000 0.989589 0.942693 0.955849 0.987219 0.842805 0.822167 0.955201 0.918749 0.917710 0.930697 0.985436 0.932985 0.972908 0.874870 0.889340 0.703001 0.913920 0.986489 0.891924 0.821410 0.916241 0.932414 0.967015 0.957094 0.952997 0.941092 0.994840 0.992080 0.955675 0.977693 0.976422 0.997768 0.925178 0.791337 0.943567 0.990457 0.992472 0.842246 0.824641 0.778989 0.972262 0.975721 0.863230 0.880026 0.942713 0.903276 0.920592 0.973851 0.909079 0.928399 0.968844 0.909105 0.905678 0.881807 0.988562 0.861474 0.928238 0.979660 0.947594 0.972190 0.971535 0.883219 0.867926 0.928557 0.908764 0.798529 0.967888 0.925159 0.850263 0.821069 0.926599 0.878028 0.979387 0.961622 0.901032 0.778527 0.932804 0.893219 0.955351 0.919353 0.731969 0.740029 0.987652 0.952501 0.977670 0.950219 0.990772 0.966329 0.923603 0.928607 0.988122 0.892212 0.914130 0.777234
0.456015 0.553024 0.839935 0.770073 0.855126 0.802119 0.642903 0.566377 0.925837 0.661053 0.637421 0.493299 0.549721 0.481189 0.618093 0.523441 0.546543 0.483042 0.465932 0.506778 0.852099 0.989589 0.000000 0.760532 0.891562 0.975407 0.937342 0.991202 0.497147 0.484111 0.668404 0.478005 0.486574 0.451911 0.947806 0.999049 0.826505 0.944001 0.952875 0.965949 0.884705 0.849588 0.809840 0.733202 0.900256 0.820720 0.686752 0.674129 0.786604 0.790323 0.891942 0.864650 0.901013 0.972760 0.748767 0.865767 0.507395 0.511688 0.765861 0.674504 0.759982 0.820995 0.515508 0.525654 0.994561 0.993041 0.940239 0.891997 0.559855 0.581028 0.644319 0.724432 0.741675 0.756674 0.966283 0.933931 0.678980 0.707617 0.572495 0.469616 0.438430 0.449874 0.704874 0.651504 0.691772 0.896321 0.841282 0.901296 0.996198 0.756249 0.903382 0.852678 0.887536 0.837270 0.703241 0.914306 0.859571 0.862329 0.747060 0.644990 0.938633 0.974419 0.722522 0.712200 0.753089 0.749205 0.984250 0.792871 0.971185 0.846777 0.924556 0.839848 0.608022 0.931600 0.874033 0.720577
0.843820 0.905893 0.738917 0.593157 0.899101 0.767155 0.917312 0.899466 0.658717 0.672297 0.826543 0.917511 0.980492 0.713194 0.894320 0.617772 0.885402 0.982760 0.971055 0.994540 0.724976 0.942693 0.760532 0.000000 0.526681 0.548205 0.705939 0.839104 0.807557 0.949198 0.921204 0.807235 0.948013 0.950999 0.876837 0.985607 0.947071 0.818778 0.530612 0.795458 0.993017 0.815747 0.950629 0.986852 0.791604 0.847657 0.894473 0.959154 0.761500 0.809329 0.781699 0.778345 0.788696 0.832541 0.851348 0.928045 0.866944 0.823075 0.606981 0.680771 0.780481 0.878235 0.686333 0.691187 0.596832 0.583321 0.947877 0.871131 0.898179 0.842023 0.932751 0.904229 0.934227 0.977316 0.879529 0.987881 0.941658 0.960122 0.951902 0.937174 0.951055 0.774627 0.817285 0.697643 0.649456 0.479270 0.964655 0.558898 0.931145 0.883307 0.907931 0.863342 0.990618 0.943099 0.897097 0.977912 0.938001 0.923179 0.696634 0.801354 0.841421 0.736087 0.684125 0.646070 0.957503 0.926179 0.783133 0.775188 0.916583 0.992228 0.812478 0.814283 0.874445 0.854371 0.726269 0.970236
0.675038 0.740310 0.695156 0.543038 0.930478 0.964222 0.862881 0.791467 0.716206 0.416015 0.665226 0.718485 0.692695 0.969628 0.799263 0.894038 0.745716 0.829391 0.767613 0.729122 0.713481 0.955849 0.891562 0.526681 0.000000 0.355377 0.583466 0.843874 0.628029 0.655257 0.925995 0.971536 0.881825 0.836627 0.644824 0.836015 0.963461 0.854860 0.612579 0.658419 0.944164 0.865987 0.885998 0.943376 0.997618 0.982510 0.808671 0.902353 0.773815 0.881164 0.996940 0.955176 0.990141 0.972245 0.770824 0.853165 0.739550 0.665857 0.623165 0.714502 0.784751 0.984216 0.620277 0.542713 0.353710 0.362901 0.718681 0.678722 0.773166 0.689785 0.833667 0.890792 0.947496 0.945178 0.887384 0.836887 0.904909 0.807167 0.743189 0.925212 0.792142 0.935856 0.835312 0.922522 0.559117 0.322522 0.874586 0.629401 0.931197 0.726463 0.858495 0.714200 0.925286 0.913276 0.870777 0.992740 0.948512 0.890065 0.588545 0.708089 0.876777 0.771107 0.566949 0.610943 0.953458 0.889407 0.875021 0.868538 0.819743 0.878947 0.935100 0.790015 0.820352 0.977644 0.986096 0.905697
0.712340 0.688475 0.505751 0.468298 0.931754 0.854706 0.883120 0.925224 0.804003 0.500698 0.765162 0.680405 0.772123 0.969301 0.800036 0.993529 0.699845 0.806869 0.732436 0.728522 0.692232 0.987219 0.975407 0.548205 0.355377 0.000000 0.632272 0.836918 0.672907 0.672658 0.874954 0.927766 0.996566 0.965078 0.555583 0.815637 0.982253 0.843026 0.595455 0.731967 0.996010 0.948967 0.894029 0.926330 0.976011 0.965923 0.849598 0.968412 0.730133 0.813403 0.961547 0.903699 0.980031 0.994370 0.770622 0.843529 0.731094 0.639929 0.756695 0.792042 0.966938 0.964190 0.697809 0.598489 0.334199 0.340654 0.529906 0.539513 0.864842 0.761844 0.954911 0.936845 0.820950 0.849426 0.852120 0.804049 0.926952 0.831944 0.809281 0.931626 0.808378 0.944379 0.871099 0.925490 0.605977 0.330636 0.920982 0.632196 0.992384 0.672532 0.948224 0.926743 0.752610 0.715688 0.922258 0.990633 0.877093 0.969835 0.705288 0.786665 0.972357 0.960011 0.717991 0.746397 0.874947 0.944708 0.864210 0.930650 0.820679 0.987840 0.994728 0.822074 0.810382 0.934393 0.918035 0.971713
0.922367 0.957325 0.867149 0.686733 0.784758 0.828207 0.935880 0.950502 0.828204 0.769022 0.891254 0.945391 0.985725 0.950386 0.931214 0.861851 0.958501 0.962842 0.941826 0.847845 0.762124 0.842805 0.937342 0.705939 0.583466 0.632272 0.000000 0.743156 0.894278 0.837419 0.873976 0.987976 0.982498 0.926966 0.924038 0.974572 0.864461 0.957906 0.719655 0.840268 0.965105 0.909460 0.911809 0.952622 0.965979 0.898750 0.776492 0.914361 0.890120 0.940563 0.931898 0.952362 0.969034 0.964296 0.809484 0.764613 0.936610 0.913922 0.904824 0.955256 0.903206 0.954285 0.870276 0.830320 0.634675 0.667140 0.849571 0.884346 0.881658 0.962373 0.892426 0.866766 0.912225 0.986765 0.926960 0.898451 0.942110 0.907364 0.997126 0.979533 0.982464 0.847057 0.787883 0.877466 0.622492 0.591744 0.906776 0.629657 0.945898 0.786735 0.914813 0.885701 0.938519 0.914560 0.883470 0.939541 0.962295 0.876297 0.820263 0.901577 0.875734 0.872665 0.691686 0.771188 0.945952 0.877361 0.847692 0.816807 0.746834 0.928461 0.848834 0.880507 0.997801 0.925106 0.955974 0.947898
0.879846 0.963263 0.965619 0.914129 0.971906 0.700551 0.845337 0.832864 0.917487 0.931996 0.864338 0.984295 0.966402 0.973820 0.941423 0.782263 0.996179 0.998868 0.987530 0.997419 0.868545 0.822167 0.991202 0.839104 0.843874 0.836918 0.743156 0.000000 0.915344 0.990669 0.878635 0.984475 0.975864 0.973401 0.988710 0.930617 0.955092 0.904699 0.687423 0.956218 0.858014 0.831184 0.942500 0.908666 0.972416 0.984326 0.847157 0.983200 0.959933 0.985194 0.999238 0.988230 0.978905 0.998567 0.955967 0.947042 0.955711 0.945938 0.933676 0.805416 0.810247 0.845161 0.910243 0.881187 0.978342 0.992526 0.988081 0.880671 0.995943 0.910587 0.978940 0.823446 0.974076 0.867642 0.875547 0.984877 0.905872 0.975136 0.943550 0.994335 0.996002 0.952311 0.945227 0.906830 0.919066 0.855575 0.790131 0.956721 0.864955 0.950420 0.956517 0.878813 0.953636 0.904818 0.758754 0.870403 0.947762 0.880478 0.892658 0.994062 0.872824 0.930818 0.838787 0.908566 0.964355 0.914244 0.883790 0.983954 0.847439 0.790545 0.957546 0.942575 0.972530 0.945875 0.902885 0.852558
0.328018 0.326591 0.831891 0.901072 0.914128 0.987823 0.774380 0.494484 0.961784 0.474570 0.505243 0.366526 0.585717 0.554223 0.559069 0.657266 0.317943 0.334358 0.358766 0.365490 0.824543 0.955201 0.497147 0.807557 0.628029 0.672907 0.894278 0.915344 0.000000 0.288745 0.682909 0.622732 0.501619 0.413672 0.807969 0.909843 0.691802 0.993150 0.837785 0.986968 0.736346 0.700088 0.730799 0.619049 0.752979 0.650387 0.733166 0.594310 0.531662 0.581658 0.748250 0.728488 0.831011 0.960759 0.764540 0.760029 0.348270 0.332491 0.632635 0.597700 0.807671 0.761448 0.386733 0.343053 0.694241 0.718071 0.886648 0.959424 0.442753 0.371324 0.664939 0.841482 0.740911 0.739646 0.876728 0.896264 0.594471 0.624271 0.526981 0.464349 0.314223 0.433286 0.687460 0.643450 0.865094 0.835801 0.773511 0.897382 0.856782 0.853666 0.958198 0.827302 0.942338 0.794075 0.723909 0.883971 0.904570 0.830587 0.594382 0.529530 0.922379 0.799765 0.549572 0.592988 0.771993 0.772949 0.928502 0.909228 0.959928 0.868280 0.877149 0.577615 0.469964 0.656459 0.927038 0.767912
0.389583 0.310399 0.764588 0.900974 0.976323 0.984428 0.901405 0.586273 0.876755 0.505683 0.559669 0.388853 0.648851 0.525611 0.512794 0.598719 0.304069 0.299206 0.379246 0.303407 0.834554 0.918749 0.484111 0.949198 0.655257 0.672658 0.837419 0.990669 0.288745 0.000000 0.730573 0.589936 0.530889 0.442632 0.734964 0.949981 0.765403 0.983327 0.935256 0.934678 0.786963 0.688103 0.705930 0.607876 0.792739 0.701237 0.742862 0.614029 0.571482 0.616640 0.794632 0.750017 0.847344 0.961365 0.829036 0.863900 0.347730 0.334229 0.802006 0.737265 0.935501 0.884261 0.467131 0.388201 0.653631 0.688390 0.788113 0.888317 0.446025 0.413384 0.702967 0.848314 0.712350 0.726464 0.927965 0.860623 0.601589 0.559149 0.445456 0.431541 0.321075 0.416863 0.641358 0.632977 0.908896 0.828679 0.720336 0.856815 0.992047 0.973172 0.996091 0.842854 0.917752 0.704763 0.692127 0.911026 0.912273 0.767655 0.650464 0.551960 0.947318 0.877697 0.585561 0.632998 0.847810 0.738347 0.882173 0.945398 0.965711 0.861168 0.915440 0.635006 0.506136 0.613884 0.978699 0.833316
0.794763 0.881367 0.706533 0.795255 0.944680 0.999558 0.476935 0.525786 0.904814 0.800338 0.833133 0.989503 0.965216 0.922756 0.968498 0.923543 0.753190 0.739188 0.688516 0.760207 0.983396 0.917710 0.668404 0.921204 0.925995 0.874954 0.873976 0.878635 0.682909 0.730573 0.000000 0.562618 0.493421 0.431293 0.751055 0.837438 0.805701 0.913944 0.887373 0.847490 0.892195 0.891655 0.616079 0.623915 0.580968 0.670429 0.730392 0.727453 0.825643 0.823365 0.744328 0.792081 0.783305 0.799500 0.860574 0.989134 0.765547 0.806540 0.732596 0.755775 0.776572 0.985706 0.638998 0.726327 0.999169 0.995381 0.665940 0.626915 0.769239 0.843537 0.602922 0.580447 0.607756 0.728106 0.849327 0.920672 0.729981 0.828419 0.752032 0.791041 0.792050 0.853351 0.856558 0.886353 0.973171 0.989022 0.810453 0.917264 0.887460 0.874712 0.631346 0.671912 0.701477 0.868642 0.735947 0.981997 0.833388 0.846309 0.587273 0.561611 0.737239 0.646637 0.565539 0.562877 0.803929 0.705361 0.896204 0.861945 0.998401 0.981878 0.636916 0.759749 0.701616 0.761572 0.903196 0.852620
0.683030 0.708906 0.779279 0.647031 0.898061 0.885973 0.676323 0.515974 0.883670 0.763806 0.813905 0.777808 0.838846 0.544629 0.750054 0.738807 0.670847 0.611779 0.505777 0.546610 0.887768 0.930697 0.478005 0.807235 0.971536 0.927766 0.987976 0.984475 0.622732 0.589936 0.562618 0.000000 0.560160 0.503561 0.975343 0.884487 0.739761 0.956574 0.996276 0.861769 0.940756 0.777715 0.684677 0.695916 0.822655 0.836848 0.617870 0.758151 0.870366 0.946730 0.968877 0.971499 0.987859 0.924155 0.761651 0.927035 0.650064 0.718387 0.941233 0.918374 0.986668 0.972525 0.708951 0.772755 0.986315 0.990457 0.901529 0.869393 0.682252 0.726887 0.710405 0.696346 0.716669 0.801961 0.959564 0.907060 0.731876 0.768030 0.652277 0.670555 0.609776 0.557192 0.749289 0.706595 0.846297 0.904476 0.803637 0.906520 0.975533 0.901772 0.828462 0.769290 0.840689 0.986884 0.808784 0.922115 0.861167 0.799056 0.783430 0.691031 0.888516 0.860071 0.680003 0.662708 0.841630 0.687603 0.872399 0.958088 0.950111 0.846044 0.787157 0.723215 0.613076 0.805476 0.979432 0.875295
0.480668 0.577054 0.769459 0.885148 0.973997 0.907073 0.488254 0.480855 0.967780 0.625989 0.589517 0.646809 0.710763 0.732550 0.799012 0.833804 0.534266 0.489593 0.488224 0.554790 0.994631 0.985436 0.486574 0.948013 0.881825 0.996566 0.982498 0.975864 0.501619 0.530889 0.493421 0.560160 0.000000 0.353726 0.897331 0.788480 0.721988 0.834537 0.950128 0.943656 0.835031 0.775663 0.656089 0.622820 0.612593 0.624762 0.562277 0.604573 0.661350 0.717642 0.737217 0.783613 0.834406 0.987583 0.655294 0.760409 0.507879 0.507893 0.575776 0.571913 0.640578 0.740036 0.415739 0.483036 0.975673 0.992699 0.689683 0.676579 0.515188 0.573223 0.610764 0.666616 0.689345 0.651200 0.968881 0.983043 0.659888 0.780248 0.678744 0.619706 0.483662 0.562722 0.756368 0.748794 0.764274 0.964717 0.804440 0.901663 0.800035 0.670769 0.753497 0.694946 0.737647 0.957946 0.815571 0.990751 0.800739 0.715324 0.557521 0.481110 0.744871 0.706335 0.561258 0.614405 0.627531 0.612795 0.918927 0.946328 0.927038 0.929019 0.767328 0.659039 0.645312 0.778526 0.911309 0.879426
0.468212 0.500483 0.827823 0.841515 0.899101 0.867215 0.480850 0.428548 0.870944 0.553027 0.665814 0.603832 0.705116 0.664348 0.717294 0.719532 0.481988 0.421470 0.400862 0.465451 0.941818 0.932985 0.451911 0.950999 0.836627 0.965078 0.926966 0.973401 0.413672 0.442632 0.431293 0.503561 0.353726 0.000000 0.938428 0.868629 0.688792 0.898723 0.997457 0.908567 0.820230 0.806096 0.568428 0.493976 0.608520 0.581485 0.583661 0.480641 0.618684 0.605848 0.678765 0.712887 0.772882 0.907951 0.730021 0.805141 0.453467 0.454300 0.589899 0.590174 0.744027 0.826964 0.425471 0.468939 0.926319 0.905935 0.800240 0.739953 0.550146 0.523537 0.643573 0.650225 0.723113 0.718423 0.990180 0.902491 0.640474 0.625035 0.589645 0.500953 0.472360 0.549434 0.700330 0.691484 0.825860 0.996609 0.696393 0.944998 0.882464 0.797231 0.783346 0.689282 0.836143 0.989172 0.622621 0.918495 0.837152 0.708767 0.530618 0.435067 0.854857 0.705725 0.502914 0.546044 0.648349 0.587258 0.931320 0.946818 0.997518 0.896882 0.782926 0.634679 0.573975 0.679823 0.931491 0.764884
0.832722 0.776232 0.572494 0.669686 0.915996 0.982912 0.651383 0.866159 0.988092 0.697027 0.814173 0.730763 0.732132 0.765024 0.692269 0.758655 0.840580 0.894054 0.761071 0.756609 0.817508 0.972908 0.947806 0.876837 0.644824 0.555583 0.924038 0.988710 0.807969 0.734964 0.751055 0.975343 0.897331 0.938428 0.000000 0.695854 0.860383 0.752332 0.869175 0.967449 0.980787 0.888295 0.807796 0.894589 0.755888 0.927756 0.932552 0.906045 0.803125 0.902601 0.949697 0.983957 0.996096 0.895033 0.896098 0.963556 0.914769 0.848920 0.969317 0.918795 0.811082 0.809408 0.965487 0.894169 0.569647 0.529113 0.410196 0.376203 0.869762 0.750903 0.800222 0.721978 0.853420 0.836242 0.773864 0.884630 0.967119 0.944464 0.861443 0.869267 0.887904 0.916337 0.964030 0.959906 0.858134 0.687415 0.889431 0.882731 0.987583 0.667955 0.563806 0.844340 0.544931 0.578533 0.877927 0.955070 0.748041 0.921224 0.895942 0.869572 0.766533 0.818324 0.976870 0.922890 0.692009 0.799618 0.955363 0.773207 0.952654 0.927904 0.817539 0.800362 0.880977 0.975058 0.992527 0.954744
0.993922 0.992806 0.701439 0.636173 0.909994 0.920438 0.672734 0.752346 0.934494 0.993362 0.951433 0.821911 0.851950 0.988046 0.869891 0.829036 0.946057 0.957269 0.895018 0.953154 0.859137 0.874870 0.999049 0.985607 0.836015 0.815637 0.974572 0.930617 0.909843 0.949981 0.837438 0.884487 0.788480 0.868629 0.695854 0.000000 0.746876 0.631448 0.913098 0.969506 0.978292 0.926773 0.805584 0.874180 0.700736 0.847209 0.736096 0.850318 0.960602 0.971015 0.934162 0.981241 0.939929 0.992293 0.981706 0.978624 0.926142 0.948672 0.910393 0.936122 0.962208 0.914528 0.982625 0.977328 0.781999 0.769079 0.575925 0.645391 0.880692 0.979596 0.773376 0.867717 0.967155 0.988050 0.964343 0.754988 0.819597 0.873348 0.998529 0.967222 0.992237 0.970597 0.999262 0.918774 0.984743 0.885248 0.993701 0.901336 0.961571 0.759101 0.711577 0.791161 0.640634 0.640454 0.973169 0.820257 0.846713 0.742081 0.736005 0.693704 0.885380 0.783596 0.904944 0.741169 0.812707 0.893359 0.963393 0.779121 0.964372 0.952895 0.815771 0.804492 0.839277 0.825166 0.889690 0.861709
0.715420 0.738488 0.880481 0.865397 0.968663 0.938454 0.788978 0.748297 0.811059 0.941079 0.765288 0.817575 0.847549 0.903131 0.902350 0.936628 0.810539 0.734379 0.799345 0.812395 0.936658 0.889340 0.826505 0.947071 0.963461 0.982253 0.864461 0.955092 0.691802 0.765403 0.805701 0.739761 0.721988 0.688792 0.860383 0.746876 0.000000 0.710484 0.918269 0.906872 0.699835 0.869893 0.862620 0.725656 0.797350 0.782488 0.785583 0.695493 0.840594 0.811194 0.841466 0.876569 0.919639 0.933658 0.718070 0.834353 0.768319 0.774555 0.794406 0.818196 0.791956 0.687074 0.735715 0.772056 0.882367 0.905240 0.821349 0.793408 0.697174 0.746841 0.848076 0.946284 0.999184 0.824469 0.997976 0.851830 0.856891 0.887967 0.901461 0.808084 0.762360 0.755214 0.903108 0.930955 0.816108 0.891653 0.995045 0.988390 0.802207 0.715336 0.952967 0.909412 0.999236 0.931397 0.901713 0.894163 0.950846 0.803744 0.798914 0.767673 0.948468 0.912938 0.709805 0.784568 0.873054 0.872613 0.968839 0.948730 0.860127 0.796649 0.761624 0.649745 0.825438 0.759839 0.763614 0.996744
0.881914 0.907383 0.805722 0.861877 0.970867 0.920869 0.852823 0.924470 0.891732 0.867889 0.950648 0.976621 0.887654 0.860292 0.944037 0.870982 0.921536 0.885948 0.972988 0.982378 0.942893 0.703001 0.944001 0.818778 0.854860 0.843026 0.957906 0.904699 0.993150 0.983327 0.913944 0.956574 0.834537 0.898723 0.752332 0.631448 0.710484 0.000000 0.921992 0.904521 0.911047 0.831004 0.883232 0.854182 0.792458 0.863318 0.872984 0.791445 0.996901 0.889433 0.835794 0.859749 0.823720 0.875460 0.944806 0.909582 0.871317 0.917589 0.861754 0.891076 0.862069 0.809263 0.869090 0.934292 0.812107 0.788069 0.701115 0.709797 0.817012 0.944802 0.817381 0.845726 0.901553 0.821099 0.994738 0.939131 0.930387 0.977636 0.976857 0.967187 0.909058 0.927640 0.993999 0.817666 0.888382 0.879130 0.987889 0.783012 0.952585 0.795254 0.901766 0.898109 0.828963 0.732493 0.996842 0.816392 0.912612 0.802852 0.901415 0.814128 0.914368 0.934121 0.829677 0.783893 0.836239 0.959912 0.851239 0.905518 0.932728 0.945106 0.887555 0.759440 0.919248 0.790757 0.864879 0.995230
