0.000000 0.230657 0.771448 0.488551 0.767655 0.508407 0.615136 0.469988 0.774750 0.656208 0.336676 0.310313 0.359999 0.462811 0.578158 0.382170 0.283399 0.340510 0.370248 0.331499 0.722500 0.914152 0.708108 0.713536 0.899246 0.997885 0.976670 0.978733 0.463433 0.461948 0.872901 0.917996 0.442685 0.445408 0.868529 0.695690 0.687714 0.729860 0.803034 0.653305 0.714039 0.781822 0.642162 0.652638 0.698667 0.619697 0.374064 0.354439 0.445926 0.453533 0.673201 0.593038 0.929508 0.755894 0.496511 0.458817 0.271888 0.232995 0.277694 0.328728 0.320302 0.396647 0.371931 0.331936 0.642455 0.407939 0.725930 0.775333 0.400154 0.467728 0.686843 0.735512 0.674655 0.642673 0.703020 0.769398 0.598359 0.697342 0.463905 0.514671 0.255178 0.294331 0.662638 0.402375 0.513359 0.589747 0.998451 0.878626 0.642069 0.527675 0.756033 0.912594 0.728971 0.982922 0.687180 0.705126 0.696083 0.710630 0.482365 0.565245 0.853125 0.893109 0.698506 0.728608 0.575662 0.592339 0.965718 0.959147 0.774995 0.916870 0.894069 0.485833 0.680292 0.896791 0.732864 0.945851
0.230657 0.000000 0.707693 0.433570 0.826735 0.512475 0.562997 0.453872 0.672345 0.650477 0.331619 0.313776 0.381284 0.443983 0.564118 0.301286 0.272392 0.309036 0.373665 0.288887 0.663748 0.948073 0.664825 0.629803 0.867941 0.913542 0.938933 0.899199 0.381477 0.414385 0.740909 0.740859 0.367346 0.380482 0.942795 0.696692 0.611449 0.696281 0.774530 0.637208 0.744294 0.702890 0.518440 0.516137 0.636803 0.560073 0.394989 0.372472 0.405266 0.418663 0.530903 0.504384 0.809548 0.849592 0.565471 0.493322 0.225546 0.191592 0.336216 0.378067 0.314172 0.415224 0.379561 0.344634 0.593096 0.420300 0.689185 0.694074 0.416579 0.438834 0.582155 0.623227 0.596241 0.551357 0.691108 0.819337 0.557112 0.628237 0.435192 0.450002 0.300724 0.355033 0.624752 0.441152 0.554178 0.574316 0.922804 0.910295 0.677536 0.575062 0.729504 0.833736 0.689738 0.971938 0.647703 0.697603 0.762006 0.719671 0.486999 0.520710 0.878216 0.954965 0.688065 0.748067 0.600165 0.579173 0.970144 0.936240 0.786475 0.979777 0.886570 0.473364 0.688889 0.842733 0.758962 0.980812
0.771448 0.707693 0.000000 0.382539 0.928390 0.820958 0.582709 0.754961 0.777476 0.997806 0.846647 0.902908 0.722358 0.876366 0.776533 0.678886 0.937467 0.882428 0.622354 0.767740 0.622759 0.892035 0.679528 0.732799 0.426957 0.400235 0.945644 0.962112 0.847619 0.915186 0.602477 0.633219 0.588067 0.685947 0.867548 0.892943 0.554447 0.599332 0.525160 0.700792 0.766603 0.749707 0.701118 0.741824 0.919563 0.869093 0.601257 0.793778 0.926501 0.807558 0.728120 0.793362 0.980715 0.871322 0.762597 0.918881 0.788529 0.716625 0.742695 0.646253 0.628558 0.827327 0.994817 0.993695 0.426713 0.503550 0.679674 0.612642 0.587335 0.599367 0.728110 0.664499 0.676368 0.581373 0.956021 0.865092 0.671926 0.771340 0.584999 0.774635 0.871498 0.813208 0.919219 0.867417 0.731165 0.725876 0.871001 0.870670 0.921575 0.846454 0.691191 0.598170 0.616408 0.715795 0.855734 0.902413 0.746814 0.805165 0.885473 0.822513 0.994140 0.860261 0.958002 0.999787 0.697639 0.776792 0.948471 0.743849 0.878903 0.897080 0.994495 0.872599 0.791471 0.910871 0.769950 0.917500
0.488551 0.433570 0.382539 0.000000 0.897178 0.629483 0.537571 0.458105 0.675951 0.784700 0.486432 0.494277 0.492023 0.475237 0.624742 0.466835 0.642514 0.554210 0.461304 0.483415 0.582729 0.981645 0.624950 0.604710 0.647255 0.539473 0.919526 0.895573 0.563213 0.597381 0.670643 0.687107 0.453883 0.511813 0.854045 0.794070 0.563964 0.589062 0.564628 0.691111 0.799710 0.821143 0.659787 0.663951 0.799675 0.735116 0.470037 0.626485 0.675333 0.566575 0.620577 0.617179 0.870045 0.874150 0.617124 0.707463 0.582769 0.443332 0.571185 0.489345 0.424342 0.513624 0.635388 0.609092 0.440221 0.316702 0.691653 0.642317 0.452166 0.331208 0.657065 0.677634 0.756551 0.626709 0.813177 0.756309 0.671742 0.731041 0.395638 0.600253 0.603496 0.503763 0.773126 0.622740 0.587168 0.574588 0.876607 0.957303 0.757207 0.608329 0.708992 0.716406 0.593300 0.741805 0.678550 0.773377 0.792749 0.807577 0.728905 0.762569 0.900873 0.873919 0.854374 0.919243 0.628044 0.632762 0.862262 0.956584 0.994766 0.945575 0.946176 0.766357 0.789749 0.981552 0.700103 0.805211
0.767655 0.826735 0.928390 0.897178 0.000000 0.991470 0.889341 0.862431 0.935362 0.896914 0.858420 0.793592 0.599909 0.770563 0.622345 0.700742 0.869808 0.837087 0.867979 0.897910 0.999312 0.754819 0.651890 0.632799 0.863949 0.855747 0.678614 0.969348 0.889395 0.794127 0.926791 0.878697 0.797354 0.967003 0.996365 0.981858 0.930047 0.985271 0.969350 0.896498 0.926988 0.859631 0.886314 0.871131 0.835267 0.767073 0.724178 0.775738 0.635529 0.714186 0.804526 0.729377 0.794318 0.901057 0.726249 0.738932 0.849873 0.738851 0.791285 0.736448 0.684363 0.767459 0.715789 0.714691 0.733547 0.809315 0.991660 0.963259 0.853576 0.815904 0.793873 0.787241 0.796895 0.942642 0.824848 0.926237 0.928964 0.873081 0.997262 0.731334 0.730711 0.776349 0.761401 0.718402 0.613300 0.670752 0.662804 0.817563 0.621967 0.619521 0.967975 0.787679 0.851599 0.819318 0.972873 0.994445 0.929683 0.922803 0.888698 0.816896 0.894917 0.942801 0.951910 0.983128 0.921659 0.877810 0.832430 0.988900 0.934710 0.951073 0.896270 0.855967 0.713382 0.979088 0.961856 0.852609
0.508407 0.512475 0.820958 0.629483 0.991470 0.000000 0.650658 0.569271 0.771073 0.768866 0.615039 0.574574 0.817798 0.751127 0.969713 0.617341 0.570214 0.595792 0.607898 0.676391 0.724830 0.915893 0.999396 0.922279 0.998286 0.922246 0.808393 0.968878 0.733008 0.645487 0.773214 0.749107 0.558047 0.589183 0.979223 0.730470 0.715368 0.845834 0.884844 0.657610 0.603908 0.855222 0.596340 0.669170 0.812016 0.765126 0.636346 0.723293 0.728199 0.735356 0.737846 0.713611 0.872760 0.871309 0.731052 0.726513 0.560429 0.609283 0.511951 0.589357 0.619636 0.594571 0.749941 0.626127 0.923466 0.570690 0.777965 0.595991 0.707997 0.834671 0.585223 0.682468 0.587173 0.649771 0.917126 0.927771 0.781768 0.746029 0.692521 0.662885 0.566874 0.603287 0.943812 0.741398 0.855397 0.864831 0.846909 0.755232 0.979861 0.856029 0.727361 0.875256 0.774155 0.971667 0.708378 0.804117 0.845488 0.839551 0.602683 0.777056 0.746307 0.992045 0.776783 0.863559 0.735952 0.905508 0.896759 0.951133 0.968209 0.989645 0.870556 0.712976 0.812919 0.812197 0.855035 0.984845
0.615136 0.562997 0.582709 0.537571 0.889341 0.650658 0.000000 0.357453 0.364797 0.466915 0.509088 0.601372 0.775574 0.787081 0.789680 0.502671 0.509544 0.436783 0.340382 0.540221 0.740348 0.989206 0.641913 0.819797 0.997548 0.866211 0.734179 0.822913 0.415720 0.347913 0.365995 0.423729 0.307785 0.269357 0.846393 0.960513 0.824098 0.747645 0.837441 0.908512 0.834349 0.859968 0.323530 0.372669 0.317463 0.392638 0.595302 0.564448 0.545643 0.647567 0.511734 0.561882 0.581943 0.719844 0.733670 0.787275 0.496582 0.660203 0.596049 0.823661 0.366372 0.664905 0.491505 0.516179 0.795581 0.721198 0.293630 0.339061 0.782465 0.724141 0.510961 0.483383 0.432390 0.404895 0.889902 0.800842 0.518852 0.463074 0.536907 0.582096 0.616184 0.718645 0.711192 0.824522 0.843571 0.905082 0.952575 0.922303 0.966254 0.855427 0.502055 0.593489 0.621818 0.772542 0.605101 0.674138 0.650478 0.567698 0.386371 0.370060 0.749913 0.604757 0.556682 0.696805 0.541814 0.730344 0.820425 0.808545 0.761936 0.888506 0.789676 0.564764 0.425404 0.839480 0.721381 0.943793
0.469988 0.453872 0.754961 0.458105 0.862431 0.569271 0.357453 0.000000 0.437840 0.315576 0.348129 0.293127 0.630369 0.510608 0.860331 0.548269 0.475569 0.417915 0.465342 0.452113 0.855158 0.841184 0.871831 0.932757 0.865795 0.981392 0.714365 0.841153 0.405183 0.365382 0.689685 0.754131 0.462194 0.353912 0.850700 0.820284 0.800484 0.746618 0.880923 0.830155 0.806972 0.912958 0.470606 0.515722 0.416436 0.393922 0.503339 0.478738 0.437981 0.523438 0.479596 0.483606 0.614666 0.833270 0.621183 0.596724 0.529238 0.524272 0.451226 0.571351 0.265340 0.271212 0.381923 0.297050 0.852698 0.493874 0.493803 0.444137 0.721476 0.576063 0.601538 0.640635 0.610810 0.591884 0.767273 0.740910 0.536545 0.647620 0.511932 0.645207 0.502276 0.599818 0.821310 0.724942 0.852001 0.926126 0.958441 0.862175 0.868585 0.658448 0.527233 0.758081 0.605547 0.885932 0.658144 0.718567 0.670470 0.630120 0.406276 0.444475 0.583941 0.785446 0.587059 0.722099 0.537804 0.648210 0.941538 0.977330 0.761364 0.832494 0.793850 0.543853 0.523413 0.865570 0.729922 0.934502
0.774750 0.672345 0.777476 0.675951 0.935362 0.771073 0.364797 0.437840 0.000000 0.401708 0.531280 0.578025 0.895544 0.829541 0.927558 0.662412 0.611661 0.491331 0.569504 0.601572 0.762138 0.953316 0.905955 0.953730 0.833843 0.849460 0.725872 0.796792 0.406822 0.440514 0.456580 0.573119 0.522566 0.398999 0.912297 0.993275 0.802970 0.901582 0.781209 0.886138 0.874758 0.820540 0.459943 0.489714 0.444842 0.554576 0.815972 0.720864 0.693313 0.759642 0.590938 0.681118 0.588616 0.668930 0.961596 0.947009 0.587879 0.772165 0.815105 0.998124 0.545788 0.642444 0.551771 0.542927 0.967909 0.836484 0.498231 0.526561 0.865786 0.761724 0.494880 0.512080 0.515175 0.538070 0.963974 0.769947 0.546046 0.532302 0.605600 0.630953 0.746356 0.900521 0.774357 0.900738 0.900509 0.873460 0.824613 0.858158 0.819605 0.995016 0.474068 0.565563 0.641338 0.649554 0.647420 0.839021 0.799825 0.651358 0.521914 0.482514 0.644088 0.623308 0.630755 0.697582 0.631687 0.867360 0.894799 0.843052 0.845397 0.991496 0.874933 0.647182 0.697424 0.936559 0.802794 0.888317
0.656208 0.650477 0.997806 0.784700 0.896914 0.768866 0.466915 0.315576 0.401708 0.000000 0.474378 0.453949 0.871209 0.755288 0.990366 0.704134 0.497278 0.407417 0.605364 0.522506 0.970875 0.786657 0.967092 0.840927 0.702559 0.828226 0.728380 0.768088 0.400496 0.399304 0.687468 0.794653 0.609827 0.431555 0.808704 0.945981 0.849096 0.846920 0.880306 0.902632 0.906933 0.895494 0.507397 0.551311 0.392740 0.450528 0.766950 0.634016 0.566392 0.765779 0.651388 0.681907 0.647605 0.729927 0.865196 0.805336 0.582467 0.713128 0.694961 0.933742 0.493640 0.489701 0.407055 0.345206 0.859958 0.861631 0.536909 0.586263 0.876387 0.819135 0.555949 0.614173 0.646399 0.635453 0.921790 0.795424 0.610830 0.592140 0.637316 0.712578 0.591898 0.819032 0.881090 0.939548 0.876420 0.788393 0.888352 0.766679 0.979032 0.820308 0.455878 0.684546 0.647269 0.803170 0.794565 0.708472 0.792663 0.666065 0.349244 0.408106 0.529285 0.652623 0.523191 0.605193 0.623188 0.757924 0.924569 0.975496 0.723166 0.895934 0.640912 0.529509 0.546861 0.930173 0.823813 0.918568
0.336676 0.331619 0.846647 0.486432 0.858420 0.615039 0.509088 0.348129 0.531280 0.474378 0.000000 0.254887 0.483526 0.390285 0.653988 0.424131 0.312235 0.275605 0.353915 0.332425 0.750962 0.874212 0.795236 0.747367 0.873308 0.936538 0.926026 0.998833 0.316341 0.301632 0.734779 0.806259 0.443930 0.372125 0.898345 0.674043 0.747908 0.746203 0.798427 0.690966 0.807757 0.849386 0.560440 0.576366 0.600645 0.568706 0.546416 0.518694 0.502604 0.560712 0.595212 0.593527 0.769534 0.959766 0.685109 0.614253 0.344798 0.362787 0.474316 0.569132 0.371763 0.391174 0.337236 0.278024 0.860918 0.515809 0.689264 0.703626 0.627310 0.519497 0.650390 0.644505 0.588380 0.601336 0.777102 0.649342 0.533024 0.662969 0.425516 0.520864 0.386304 0.406554 0.753118 0.532598 0.771101 0.782143 0.983385 0.949248 0.779753 0.611077 0.689300 0.852757 0.757477 0.854013 0.670385 0.744852 0.780881 0.673480 0.479835 0.597868 0.799939 0.801560 0.659841 0.711537 0.620717 0.730067 0.866230 0.892434 0.752491 0.930937 0.925898 0.537927 0.583982 0.995842 0.744862 0.884628
0.310313 0.313776 0.902908 0.494277 0.793592 0.574574 0.601372 0.293127 0.578025 0.453949 0.254887 0.000000 0.399304 0.317152 0.642276 0.395961 0.341459 0.353799 0.501084 0.381967 0.808857 0.898083 0.837933 0.783096 0.863247 0.909120 0.930665 0.971601 0.373351 0.380696 0.898910 0.942061 0.514901 0.460660 0.968592 0.694293 0.747759 0.768681 0.877686 0.699581 0.823789 0.896507 0.626302 0.619590 0.607834 0.516500 0.451926 0.434717 0.393169 0.432621 0.534947 0.488377 0.697932 0.971736 0.534559 0.542392 0.401026 0.319554 0.415031 0.461545 0.300740 0.222608 0.305432 0.218870 0.802941 0.418718 0.759911 0.728527 0.592021 0.479005 0.712237 0.772032 0.724017 0.727621 0.698184 0.734600 0.588939 0.715629 0.499196 0.580326 0.328100 0.375006 0.688414 0.465058 0.690531 0.726682 0.956224 0.927730 0.646975 0.563941 0.673950 0.924020 0.752954 0.980836 0.688916 0.738416 0.807720 0.737953 0.528924 0.599489 0.720597 0.930381 0.713237 0.752495 0.583761 0.651859 0.881616 0.961063 0.741326 0.915004 0.879233 0.544156 0.712465 0.956271 0.781873 0.914215
0.359999 0.381284 0.722358 0.492023 0.599909 0.817798 0.775574 0.630369 0.895544 0.871209 0.483526 0.399304 0.000000 0.332808 0.312824 0.331696 0.550141 0.575774 0.548650 0.529262 0.820000 0.929166 0.460572 0.433430 0.784261 0.967748 0.652118 0.813369 0.586782 0.636060 0.933937 0.930638 0.585004 0.644084 0.953102 0.733446 0.719071 0.821533 0.810396 0.666411 0.917591 0.849844 0.830431 0.834043 0.821718 0.687030 0.378962 0.430034 0.420670 0.431447 0.625904 0.543812 0.872881 0.802603 0.568937 0.513407 0.521193 0.300511 0.440894 0.341141 0.361313 0.441126 0.488916 0.486502 0.394024 0.377161 0.974659 0.971179 0.521867 0.388393 0.971275 0.944622 0.981798 0.910147 0.670752 0.794225 0.725007 0.838511 0.594130 0.539550 0.435813 0.323572 0.501736 0.318591 0.320263 0.354726 0.863277 0.847265 0.445027 0.415330 0.998441 0.906198 0.982159 0.921663 0.797034 0.825332 0.919011 0.842501 0.778351 0.784751 0.886378 0.977512 0.999594 0.958666 0.782694 0.719973 0.866336 0.999545 0.878478 0.957872 0.980393 0.736094 0.828228 0.992671 0.734534 0.891295
0.462811 0.443983 0.876366 0.475237 0.770563 0.751127 0.787081 0.510608 0.829541 0.755288 0.390285 0.317152 0.332808 0.000000 0.439766 0.380884 0.551190 0.502611 0.556275 0.474656 0.878895 0.878397 0.591248 0.510588 0.951287 0.952233 0.819484 0.846425 0.502021 0.518672 0.948841 0.993389 0.612372 0.675679 0.894259 0.639683 0.769216 0.799865 0.914245 0.722327 0.869892 0.957137 0.846134 0.781029 0.801422 0.668574 0.556993 0.576635 0.492654 0.433099 0.601931 0.520055 0.757486 0.990993 0.585442 0.621399 0.585966 0.366845 0.601253 0.507535 0.456200 0.416261 0.466959 0.411347 0.635355 0.426961 0.939584 0.997746 0.644598 0.462657 0.988749 0.968357 0.994589 0.976546 0.786964 0.788371 0.764036 0.929989 0.556115 0.627078 0.517183 0.404140 0.562048 0.407601 0.569348 0.532338 0.883179 0.811422 0.562683 0.448339 0.989278 0.826288 0.969431 0.897231 0.788237 0.863872 0.985377 0.915625 0.824576 0.877079 0.987350 0.942165 0.931697 0.920327 0.828476 0.783086 0.835198 0.813136 0.860074 0.986410 0.958651 0.807990 0.883409 0.920012 0.765695 0.867668
0.578158 0.564118 0.776533 0.624742 0.622345 0.969713 0.789680 0.860331 0.927558 0.990366 0.653988 0.642276 0.312824 0.439766 0.000000 0.330469 0.643625 0.588338 0.552887 0.606315 0.774020 0.954533 0.292724 0.337283 0.754684 0.890379 0.525475 0.740781 0.620729 0.617730 0.893385 0.920024 0.598283 0.736081 0.908302 0.795097 0.782256 0.921529 0.864626 0.780440 0.971626 0.883919 0.862863 0.822097 0.850451 0.803525 0.604526 0.614270 0.601728 0.595929 0.755280 0.701680 0.857552 0.879373 0.658265 0.736944 0.585993 0.451628 0.675987 0.659659 0.564472 0.766270 0.579023 0.637718 0.443672 0.631337 0.970167 0.921369 0.606806 0.580734 0.947905 0.995451 0.918454 0.970474 0.844921 0.800890 0.842023 0.809612 0.738880 0.516978 0.545128 0.445071 0.418667 0.418034 0.370823 0.363993 0.833796 0.723902 0.546183 0.519851 0.905626 0.865210 0.897158 0.893671 0.824197 0.824395 0.991874 0.955300 0.847796 0.822566 0.771072 0.905290 0.990677 0.878606 0.889520 0.892781 0.986637 0.980708 0.854795 0.910680 0.903228 0.851028 0.866938 0.926755 0.813275 0.897694
0.382170 0.301286 0.678886 0.466835 0.700742 0.617341 0.502671 0.548269 0.662412 0.704134 0.424131 0.395961 0.331696 0.380884 0.330469 0.000000 0.374793 0.360832 0.361746 0.387260 0.700623 0.934060 0.404258 0.429869 0.861522 0.877106 0.804569 0.900947 0.439303 0.402267 0.670171 0.688821 0.346554 0.435860 0.964224 0.727778 0.627773 0.697138 0.785960 0.624209 0.781691 0.784771 0.512539 0.495021 0.604025 0.541648 0.436248 0.419522 0.434415 0.465426 0.494716 0.456438 0.688720 0.990281 0.599437 0.631968 0.326741 0.294080 0.485033 0.559964 0.342455 0.515029 0.444520 0.418310 0.504358 0.474643 0.776866 0.750014 0.511673 0.538505 0.706761 0.683516 0.722867 0.617606 0.782244 0.744884 0.631271 0.606490 0.469396 0.381245 0.371843 0.398821 0.436555 0.418734 0.485732 0.483802 0.995453 0.956905 0.621741 0.574858 0.763267 0.899757 0.842377 0.983130 0.635305 0.695107 0.896284 0.814239 0.589059 0.575060 0.968070 0.843060 0.779126 0.782356 0.686838 0.707899 0.960889 0.917898 0.761984 0.952018 0.888478 0.591727 0.654717 0.909959 0.685168 0.940778
0.283399 0.272392 0.937467 0.642514 0.869808 0.570214 0.509544 0.475569 0.611661 0.497278 0.312235 0.341459 0.550141 0.551190 0.643625 0.374793 0.000000 0.192664 0.370447 0.317782 0.727659 0.967261 0.795618 0.786430 0.886962 0.865067 0.936831 0.979368 0.326599 0.293857 0.697890 0.719715 0.416327 0.356071 0.871101 0.709401 0.754572 0.809168 0.986705 0.724277 0.768469 0.762553 0.469407 0.481748 0.552896 0.555363 0.536844 0.425101 0.463030 0.575103 0.645807 0.632310 0.841651 0.906283 0.633031 0.575716 0.202953 0.327785 0.436816 0.647520 0.415889 0.529518 0.287862 0.264654 0.892254 0.677736 0.651570 0.736869 0.552319 0.642255 0.531513 0.575534 0.527453 0.545109 0.744850 0.805812 0.568380 0.590913 0.454390 0.439943 0.282024 0.401832 0.611090 0.546865 0.726725 0.776589 0.950104 0.873539 0.815577 0.688612 0.674142 0.859793 0.769197 0.990883 0.638689 0.609264 0.724600 0.636714 0.392123 0.441124 0.786972 0.773675 0.623332 0.563931 0.601232 0.621358 0.960381 0.947947 0.626175 0.955924 0.747567 0.453703 0.613123 0.848498 0.788945 0.933693
0.340510 0.309036 0.882428 0.554210 0.837087 0.595792 0.436783 0.417915 0.491331 0.407417 0.275605 0.353799 0.575774 0.502611 0.588338 0.360832 0.192664 0.000000 0.303464 0.272189 0.688866 0.970874 0.701374 0.723990 0.889987 0.949366 0.975630 0.969600 0.260258 0.219502 0.624040 0.649311 0.356638 0.303467 0.948731 0.765996 0.754198 0.802966 0.950858 0.752255 0.781177 0.749687 0.441274 0.446344 0.489799 0.525454 0.589792 0.470006 0.485774 0.592952 0.629526 0.625014 0.752722 0.984180 0.703601 0.640959 0.234059 0.344979 0.519694 0.731026 0.409643 0.537948 0.270765 0.258240 0.851853 0.668337 0.617249 0.696019 0.578021 0.599163 0.519261 0.529499 0.560757 0.549269 0.827783 0.751501 0.568838 0.533911 0.449128 0.398685 0.335188 0.450395 0.580402 0.564209 0.733536 0.783168 0.930952 0.960406 0.864387 0.651266 0.617636 0.806639 0.741104 0.900116 0.631963 0.597223 0.747202 0.638354 0.348591 0.406874 0.773704 0.719061 0.601581 0.564846 0.591969 0.663965 0.981301 0.992087 0.694851 0.987399 0.783006 0.450339 0.572551 0.904384 0.728543 0.952150
0.370248 0.373665 0.622354 0.461304 0.867979 0.607898 0.340382 0.465342 0.569504 0.605364 0.353915 0.501084 0.548650 0.556275 0.552887 0.361746 0.370447 0.303464 0.000000 0.363442 0.708945 0.947582 0.538044 0.656953 0.953871 0.901204 0.957230 0.965319 0.370844 0.353255 0.543905 0.547888 0.335619 0.307896 0.874783 0.804989 0.752880 0.734627 0.781170 0.749193 0.780439 0.824509 0.515630 0.552691 0.561710 0.580590 0.521749 0.496071 0.570040 0.630632 0.687953 0.672633 0.818618 0.972987 0.697057 0.703765 0.362878 0.426840 0.482432 0.638362 0.390884 0.652530 0.463550 0.464238 0.701499 0.590286 0.550779 0.641859 0.583000 0.598920 0.582458 0.541241 0.560638 0.492977 0.843264 0.778171 0.535765 0.558759 0.419326 0.489538 0.457013 0.438419 0.675912 0.551709 0.652566 0.720390 0.961028 0.993439 0.864222 0.739709 0.676017 0.792578 0.719932 0.855305 0.624679 0.662268 0.733752 0.786100 0.471902 0.467182 0.910199 0.727134 0.701400 0.735967 0.663997 0.725832 0.983426 0.973434 0.751177 0.903270 0.940530 0.563881 0.547057 0.937460 0.703722 0.949615
0.331499 0.288887 0.767740 0.483415 0.897910 0.676391 0.540221 0.452113 0.601572 0.522506 0.332425 0.381967 0.529262 0.474656 0.606315 0.387260 0.317782 0.272189 0.363442 0.000000 0.725818 0.964250 0.686350 0.749675 0.966627 0.976203 0.934040 0.972717 0.351130 0.378551 0.719972 0.785394 0.454501 0.366993 0.943715 0.719289 0.677318 0.752156 0.789315 0.762555 0.739377 0.812370 0.590503 0.585918 0.639926 0.622174 0.582792 0.508267 0.575143 0.580164 0.697800 0.674541 0.829552 0.926505 0.690318 0.666681 0.306116 0.323600 0.519934 0.612421 0.405568 0.510279 0.391993 0.368149 0.737939 0.572573 0.742099 0.768453 0.541907 0.499981 0.538249 0.562936 0.646170 0.593320 0.865647 0.811291 0.558989 0.650837 0.464545 0.553932 0.464673 0.502859 0.633163 0.613930 0.728783 0.815900 0.963742 0.896992 0.825601 0.623418 0.666420 0.794216 0.690829 0.863351 0.740624 0.653116 0.812366 0.724016 0.476029 0.475077 0.798785 0.863403 0.696377 0.733511 0.619031 0.637755 0.984437 0.982244 0.781444 0.954320 0.917365 0.462810 0.645482 0.943700 0.821687 0.888555
0.722500 0.663748 0.622759 0.582729 0.999312 0.724830 0.740348 0.855158 0.762138 0.970875 0.750962 0.808857 0.820000 0.878895 0.774020 0.700623 0.727659 0.688866 0.708945 0.725818 0.000000 0.885245 0.801590 0.823711 0.815192 0.708351 0.895976 0.754043 0.786725 0.709890 0.657759 0.781761 0.711001 0.726162 0.989227 0.921218 0.630356 0.888969 0.717822 0.692374 0.879244 0.818589 0.708912 0.708851 0.921473 0.961684 0.751403 0.821036 0.916548 0.882574 0.884941 0.904157 0.989830 0.879538 0.819790 0.956464 0.655987 0.660654 0.766266 0.824103 0.772872 0.850303 0.868645 0.842439 0.713250 0.718565 0.746248 0.719396 0.583650 0.638102 0.720237 0.723253 0.669878 0.694526 0.860243 0.886289 0.846721 0.720935 0.743566 0.648760 0.718497 0.710963 0.868829 0.799097 0.802158 0.741532 0.921583 0.913370 0.972579 0.968300 0.840102 0.856055 0.845335 0.857841 0.697365 0.920429 0.789451 0.911218 0.816750 0.813475 0.942557 0.851137 0.915454 0.834840 0.644549 0.818534 0.973008 0.997694 0.795835 0.889243 0.987683 0.858611 0.848678 0.943776 0.831537 0.947990
0.914152 0.948073 0.892035 0.981645 0.754819 0.915893 0.989206 0.841184 0.953316 0.786657 0.874212 0.898083 0.929166 0.878397 0.954533 0.934060 0.967261 0.970874 0.947582 0.964250 0.885245 0.000000 0.964487 0.860958 0.810879 0.793618 0.976309 0.955088 0.932568 0.893562 0.833302 0.720932 0.922912 0.943277 0.838089 0.913109 0.837648 0.882564 0.972572 0.920677 0.964080 0.886183 0.929579 0.981357 0.913687 0.854865 0.936709 0.996956 0.831330 0.912484 0.962538 0.890177 0.923965 0.997514 0.910143 0.842527 0.916293 0.985530 0.927707 0.866601 0.858738 0.767557 0.830334 0.814636 0.968802 0.912598 0.969392 0.971772 0.957761 0.915831 0.790217 0.833808 0.869684 0.893113 0.925741 0.995694 0.961812 0.993512 0.946667 0.867481 0.973680 0.972501 0.980953 0.977791 0.974745 0.930064 0.912725 0.922038 0.954193 0.749129 0.949850 0.829888 0.890636 0.928140 0.913421 0.894972 0.977776 0.998540 0.972276 0.971375 0.961355 0.979036 0.969048 0.810520 0.943589 0.920070 0.920446 0.903404 0.830569 0.808693 0.965296 0.995228 0.996310 0.845228 0.944886 0.992255
0.708108 0.664825 0.679528 0.624950 0.651890 0.999396 0.641913 0.871831 0.905955 0.967092 0.795236 0.837933 0.460572 0.591248 0.292724 0.404258 0.795618 0.701374 0.538044 0.686350 0.801590 0.964487 0.000000 0.320973 0.738292 0.792135 0.596378 0.748131 0.667537 0.676440 0.791631 0.785128 0.520246 0.692685 0.961243 0.999226 0.857458 0.963669 0.814298 0.913628 0.977771 0.920533 0.766796 0.742323 0.687384 0.672611 0.623860 0.618083 0.593846 0.572339 0.690480 0.609936 0.731762 0.955528 0.739307 0.776051 0.707777 0.596995 0.775213 0.746607 0.574993 0.917603 0.683529 0.785624 0.390034 0.722606 0.853881 0.887113 0.745867 0.640954 0.939952 0.977621 0.957772 0.914993 0.840002 0.925599 0.863182 0.768815 0.779228 0.622820 0.720558 0.629564 0.469858 0.554433 0.369995 0.396386 0.916287 0.678451 0.661765 0.607682 0.966510 0.987481 0.965549 0.924551 0.850510 0.824562 0.991982 0.894339 0.824545 0.723533 0.768060 0.925361 0.951287 0.928644 0.834528 0.830405 0.912400 0.891092 0.916901 0.897029 0.916229 0.860394 0.736747 0.975483 0.752379 0.917530
0.713536 0.629803 0.732799 0.604710 0.632799 0.922279 0.819797 0.932757 0.953730 0.840927 0.747367 0.783096 0.433430 0.510588 0.337283 0.429869 0.786430 0.723990 0.656953 0.749675 0.823711 0.860958 0.320973 0.000000 0.712784 0.840881 0.625612 0.786745 0.782844 0.725237 0.945717 0.832033 0.597057 0.800268 0.946824 0.812840 0.800662 0.932988 0.816758 0.841053 0.940412 0.859194 0.816153 0.741489 0.882860 0.798752 0.632074 0.725449 0.669053 0.603791 0.680962 0.627387 0.818681 0.948361 0.750659 0.741168 0.707816 0.541407 0.782251 0.684472 0.677169 0.882544 0.730044 0.796625 0.469552 0.641487 0.986138 0.999905 0.772419 0.669145 0.896346 0.942538 0.955947 0.962587 0.827245 0.907507 0.874697 0.880698 0.758200 0.545355 0.663458 0.538145 0.511687 0.453494 0.404595 0.318542 0.943114 0.652346 0.581939 0.566769 0.844052 0.887128 0.863131 0.838472 0.895626 0.834757 0.952034 0.932422 0.974576 0.907137 0.706289 0.952973 0.985817 0.996992 0.975331 0.914235 0.947977 0.996805 0.919341 0.936371 0.856534 0.891675 0.843482 0.940984 0.814883 0.880174
0.899246 0.867941 0.426957 0.647255 0.863949 0.998286 0.997548 0.865795 0.833843 0.702559 0.873308 0.863247 0.784261 0.951287 0.754684 0.861522 0.886962 0.889987 0.953871 0.966627 0.815192 0.810879 0.738292 0.712784 0.000000 0.434709 0.720466 0.900864 0.889303 0.778985 0.885167 0.865426 0.819962 0.996076 0.961228 0.986513 0.654826 0.784342 0.649865 0.839705 0.792715 0.801997 0.990809 0.977768 0.796576 0.820318 0.781951 0.933180 0.915749 0.945446 0.995388 0.951832 0.741026 0.632255 0.850909 0.949321 0.937910 0.839956 0.917496 0.720614 0.892460 0.943855 0.802637 0.760385 0.418119 0.661653 0.996242 0.947282 0.599324 0.695341 0.914471 0.911962 0.949358 0.832376 0.779589 0.899454 0.941349 0.924390 0.903687 0.873161 0.953468 0.909184 0.973506 0.899148 0.622684 0.626823 0.860935 0.864517 0.841043 0.885906 0.937865 0.740603 0.709250 0.761587 0.998470 0.969595 0.793110 0.984631 0.915095 0.913428 0.817699 0.948517 0.954399 0.940768 0.786770 0.860644 0.961737 0.817974 0.785811 0.910819 0.892300 0.871014 0.983218 0.937308 0.922164 0.996049
0.997885 0.913542 0.400235 0.539473 0.855747 0.922246 0.866211 0.981392 0.849460 0.828226 0.936538 0.909120 0.967748 0.952233 0.890379 0.877106 0.865067 0.949366 0.901204 0.976203 0.708351 0.793618 0.792135 0.840881 0.434709 0.000000 0.890805 0.862043 0.998199 0.867489 0.667261 0.691864 0.756513 0.916804 0.787753 0.964317 0.615206 0.733006 0.533520 0.812858 0.877576 0.773486 0.833642 0.884778 0.923042 0.926435 0.860100 0.987116 0.871101 0.942622 0.843420 0.940009 0.980655 0.884023 0.994924 0.895229 0.976579 0.924423 0.956427 0.897425 0.928397 0.966217 0.818578 0.786263 0.547867 0.690915 0.869933 0.778783 0.683112 0.749433 0.728041 0.711837 0.869463 0.719509 0.958394 0.893958 0.863526 0.890401 0.823595 0.894666 0.934553 0.967130 0.997816 0.958829 0.869336 0.807422 0.732647 0.817313 0.939513 0.989486 0.734468 0.554687 0.589733 0.654326 0.908892 0.936794 0.836721 0.971097 0.951898 0.958014 0.978277 0.946374 0.951253 0.973191 0.777091 0.914519 0.992950 0.769049 0.773861 0.970308 0.819054 0.974792 0.940648 0.958905 0.834728 0.947071
0.976670 0.938933 0.945644 0.919526 0.678614 0.808393 0.734179 0.714365 0.725872 0.728380 0.926026 0.930665 0.652118 0.819484 0.525475 0.804569 0.936831 0.975630 0.957230 0.934040 0.895976 0.976309 0.596378 0.625612 0.720466 0.890805 0.000000 0.571700 0.988659 0.903606 0.827763 0.840268 0.959826 0.774160 0.959440 0.934455 0.956192 0.917516 0.977746 0.870139 0.902155 0.858062 0.837480 0.826280 0.758209 0.802555 0.943921 0.963413 0.930232 0.937200 0.946786 0.997610 0.957885 0.750662 0.932227 0.950171 0.981257 0.847504 0.919942 0.899511 0.947522 0.880941 0.974361 0.930656 0.591661 0.943593 0.653622 0.625153 0.839268 0.770096 0.733489 0.713291 0.631247 0.792636 0.907034 0.963394 0.816687 0.883145 0.989785 0.777388 0.947700 0.811614 0.744073 0.766403 0.567736 0.540887 0.871325 0.725237 0.618045 0.807205 0.728936 0.824600 0.775446 0.931226 0.939198 0.951498 0.801336 0.760232 0.761081 0.795715 0.623285 0.816663 0.706185 0.932968 0.869165 0.912885 0.982004 0.950472 0.851889 0.952791 0.916855 0.849861 0.806251 0.884101 0.964061 0.909028
0.978733 0.899199 0.962112 0.895573 0.969348 0.968878 0.822913 0.841153 0.796792 0.768088 0.998833 0.971601 0.813369 0.846425 0.740781 0.900947 0.979368 0.969600 0.965319 0.972717 0.754043 0.955088 0.748131 0.786745 0.900864 0.862043 0.571700 0.000000 0.978696 0.927466 0.839676 0.853777 0.945818 0.867123 0.911755 0.847911 0.923591 0.754597 0.957082 0.791454 0.862393 0.918339 0.922073 0.884455 0.794302 0.809302 0.962557 0.972706 0.989075 0.940898 0.955819 0.971445 0.921081 0.765380 0.958022 0.840812 0.954103 0.880575 0.964914 0.878854 0.948968 0.927455 0.985657 0.925999 0.754725 0.900567 0.730973 0.870405 0.791997 0.828968 0.918025 0.872541 0.824766 0.881239 0.967157 0.871672 0.931127 0.873690 0.977075 0.958493 0.936263 0.843919 0.905336 0.873340 0.758069 0.685097 0.978633 0.919271 0.803832 0.741421 0.740566 0.900368 0.795942 0.880981 0.930867 0.931078 0.766078 0.830840 0.845318 0.822606 0.667856 0.796291 0.690929 0.898858 0.907234 0.884129 0.868177 0.820332 0.967966 0.916659 0.833928 0.855747 0.771791 0.912834 0.845276 0.988642
0.463433 0.381477 0.847619 0.563213 0.889395 0.733008 0.415720 0.405183 0.406822 0.400496 0.316341 0.373351 0.586782 0.502021 0.620729 0.439303 0.326599 0.260258 0.370844 0.351130 0.786725 0.932568 0.667537 0.782844 0.889303 0.998199 0.988659 0.978696 0.000000 0.272940 0.622713 0.690505 0.398293 0.314901 0.999061 0.812716 0.757019 0.851192 0.929161 0.855358 0.847060 0.803300 0.514253 0.529755 0.445072 0.491212 0.627240 0.542415 0.449336 0.562968 0.584713 0.625067 0.659850 0.849923 0.723531 0.665108 0.372283 0.450893 0.594714 0.754824 0.399496 0.565273 0.282866 0.310845 0.837947 0.708385 0.601072 0.697512 0.692442 0.585320 0.576354 0.590262 0.553653 0.595327 0.807851 0.805602 0.559123 0.553480 0.520020 0.524431 0.454883 0.522135 0.578367 0.602877 0.763471 0.835658 0.973551 0.948200 0.861551 0.711676 0.653561 0.765255 0.707353 0.835588 0.681783 0.655412 0.856454 0.623259 0.421233 0.486998 0.802148 0.751392 0.609020 0.617887 0.646351 0.681830 0.998721 0.966726 0.741064 0.991230 0.893121 0.523107 0.647019 0.945040 0.851701 0.914183
0.461948 0.414385 0.915186 0.597381 0.794127 0.645487 0.347913 0.365382 0.440514 0.399304 0.301632 0.380696 0.636060 0.518672 0.617730 0.402267 0.293857 0.219502 0.353255 0.378551 0.709890 0.893562 0.676440 0.725237 0.778985 0.867489 0.903606 0.927466 0.272940 0.000000 0.564114 0.638695 0.381161 0.336310 0.980642 0.823108 0.816969 0.845558 0.979431 0.818155 0.832907 0.825503 0.427412 0.370867 0.367317 0.406213 0.628724 0.519860 0.429843 0.549611 0.522318 0.526149 0.587498 0.803415 0.643503 0.655945 0.350633 0.462394 0.524205 0.789094 0.386358 0.540888 0.254951 0.259674 0.933719 0.730776 0.524858 0.602011 0.733259 0.647597 0.596689 0.586015 0.547961 0.581607 0.858112 0.745039 0.582276 0.521145 0.486870 0.439276 0.397197 0.500500 0.584085 0.599065 0.795271 0.814599 0.973077 0.928762 0.883834 0.709809 0.667280 0.875649 0.813223 0.951693 0.618865 0.670681 0.752040 0.647961 0.393670 0.414483 0.804218 0.688980 0.572545 0.584953 0.621530 0.718352 0.913279 0.990720 0.738108 0.955169 0.835298 0.523847 0.536019 0.889139 0.747577 0.988981
0.872901 0.740909 0.602477 0.670643 0.926791 0.773214 0.365995 0.689685 0.456580 0.687468 0.734779 0.898910 0.933937 0.948841 0.893385 0.670171 0.697890 0.624040 0.543905 0.719972 0.657759 0.833302 0.791631 0.945717 0.885167 0.667261 0.827763 0.839676 0.622713 0.564114 0.000000 0.313759 0.459383 0.471943 0.874433 0.935829 0.755601 0.635131 0.765233 0.898046 0.811487 0.731569 0.404603 0.394678 0.525117 0.639296 0.864375 0.857324 0.831144 0.861115 0.622995 0.758444 0.695024 0.699293 0.867391 0.946171 0.587157 0.864757 0.871878 0.893145 0.710603 0.962894 0.790971 0.794348 0.887777 0.944656 0.448407 0.484611 0.801827 0.931802 0.433494 0.383125 0.467053 0.400201 0.961587 0.827930 0.613566 0.417161 0.630043 0.610734 0.784063 0.969791 0.878630 0.943689 0.918908 0.967610 0.805224 0.773888 0.784113 0.843608 0.568753 0.486150 0.584410 0.643963 0.655531 0.889690 0.695123 0.805657 0.563802 0.575610 0.825964 0.527356 0.582322 0.736675 0.654042 0.897963 0.793236 0.743239 0.862363 0.902594 0.847323 0.790757 0.624390 0.866919 0.800421 0.955463
0.917996 0.740859 0.633219 0.687107 0.878697 0.749107 0.423729 0.754131 0.573119 0.794653 0.806259 0.942061 0.930638 0.993389 0.920024 0.688821 0.719715 0.649311 0.547888 0.785394 0.781761 0.720932 0.785128 0.832033 0.865426 0.691864 0.840268 0.853777 0.690505 0.638695 0.313759 0.000000 0.529900 0.535162 0.918513 0.958809 0.808855 0.731796 0.852517 0.866671 0.836371 0.859795 0.449580 0.477026 0.602031 0.678544 0.835472 0.859592 0.856013 0.873786 0.646593 0.750033 0.761079 0.782773 0.910925 0.972324 0.656412 0.875524 0.936621 0.907120 0.781623 0.944821 0.838361 0.867317 0.895512 0.959528 0.521444 0.534705 0.859831 0.902153 0.481610 0.511803 0.525634 0.505633 0.890684 0.916096 0.694001 0.550600 0.660677 0.619380 0.872884 0.949787 0.870718 0.997778 0.949345 0.963993 0.733299 0.966542 0.793835 0.884338 0.679368 0.584742 0.662604 0.787186 0.669475 0.859644 0.792984 0.902363 0.690665 0.648268 0.885203 0.612142 0.666392 0.756930 0.682621 0.890411 0.951815 0.857460 0.926696 0.906150 0.818188 0.825280 0.667485 0.897441 0.777608 0.987075
0.442685 0.367346 0.588067 0.453883 0.797354 0.558047 0.307785 0.462194 0.522566 0.609827 0.443930 0.514901 0.585004 0.612372 0.598283 0.346554 0.416327 0.356638 0.335619 0.454501 0.711001 0.922912 0.520246 0.597057 0.819962 0.756513 0.959826 0.945818 0.398293 0.381161 0.459383 0.529900 0.000000 0.302338 0.898049 0.883457 0.742516 0.652385 0.819289 0.766897 0.693561 0.699079 0.354864 0.362140 0.454947 0.469825 0.514985 0.495431 0.477322 0.496274 0.456530 0.491616 0.659717 0.900422 0.628331 0.658895 0.335644 0.413053 0.503237 0.633658 0.350294 0.603331 0.478669 0.488135 0.598238 0.535456 0.483947 0.492253 0.557174 0.619311 0.552617 0.491303 0.533622 0.450162 0.705059 0.791771 0.542112 0.485364 0.496754 0.491559 0.429800 0.521783 0.589222 0.597601 0.607698 0.623452 0.928825 0.948634 0.821574 0.689433 0.584705 0.670241 0.641456 0.860767 0.632336 0.647647 0.621243 0.542097 0.407979 0.484828 0.839195 0.748689 0.577220 0.725373 0.529711 0.657044 0.910824 0.792418 0.844412 0.956368 0.882601 0.553131 0.486164 0.839748 0.673887 0.928496
0.445408 0.380482 0.685947 0.511813 0.967003 0.589183 0.269357 0.353912 0.398999 0.431555 0.372125 0.460660 0.644084 0.675679 0.736081 0.435860 0.356071 0.303467 0.307896 0.366993 0.726162 0.943277 0.692685 0.800268 0.996076 0.916804 0.774160 0.867123 0.314901 0.336310 0.471943 0.535162 0.302338 0.000000 0.918285 0.902880 0.680551 0.713174 0.803998 0.799908 0.762381 0.776081 0.359876 0.419735 0.366566 0.420090 0.559730 0.483757 0.491501 0.598502 0.515373 0.582813 0.648492 0.820022 0.766185 0.655237 0.331202 0.467593 0.502655 0.696677 0.351146 0.570960 0.412201 0.407210 0.778245 0.658185 0.422783 0.479936 0.651764 0.636075 0.411289 0.430269 0.426730 0.385049 0.727678 0.828146 0.434735 0.436385 0.505111 0.497712 0.472467 0.609264 0.722087 0.685663 0.803202 0.873143 0.850568 0.836897 0.962405 0.812031 0.522979 0.611259 0.594537 0.774064 0.562599 0.539851 0.686485 0.571628 0.289171 0.338142 0.723282 0.618438 0.530374 0.647525 0.520898 0.638449 0.995438 0.820855 0.747864 0.980423 0.819690 0.422977 0.470105 0.759656 0.686375 0.941397
0.868529 0.942795 0.867548 0.854045 0.996365 0.979223 0.846393 0.850700 0.912297 0.808704 0.898345 0.968592 0.953102 0.894259 0.908302 0.964224 0.871101 0.948731 0.874783 0.943715 0.989227 0.838089 0.961243 0.946824 0.961228 0.787753 0.959440 0.911755 0.999061 0.980642 0.874433 0.918513 0.898049 0.918285 0.000000 0.810326 0.973013 0.830289 0.976492 0.939851 0.833054 0.836699 0.727817 0.833974 0.740511 0.743563 0.893639 0.899350 0.908838 0.997211 0.787739 0.844906 0.742555 0.802497 0.974250 0.977899 0.897423 0.973168 0.991734 0.978440 0.873489 0.915803 0.983384 0.992232 0.886615 0.969138 0.765226 0.662498 0.955599 0.993839 0.803106 0.881056 0.991413 0.940575 0.965250 0.967670 0.872619 0.806274 0.985363 0.920009 0.879076 0.821400 0.931715 0.743034 0.922924 0.969629 0.883193 0.863513 0.973415 0.880463 0.775182 0.755411 0.831930 0.929298 0.951598 0.773412 0.899955 0.899801 0.857535 0.869818 0.704263 0.852977 0.822821 0.978981 0.857319 0.892825 0.955013 0.850856 0.890710 0.844371 0.923704 0.952086 0.825304 0.853139 0.817471 0.985774
0.695690 0.696692 0.892943 0.794070 0.981858 0.730470 0.960513 0.820284 0.993275 0.945981 0.674043 0.694293 0.733446 0.639683 0.795097 0.727778 0.709401 0.765996 0.804989 0.719289 0.921218 0.913109 0.999226 0.812840 0.986513 0.964317 0.934455 0.847911 0.812716 0.823108 0.935829 0.958809 0.883457 0.902880 0.810326 0.000000 0.742404 0.945645 0.965970 0.835305 0.759282 0.886235 0.960305 0.910277 0.867435 0.993442 0.817416 0.839179 0.856532 0.820586 0.933514 0.850435 0.981817 0.863457 0.810320 0.809000 0.713441 0.674821 0.828773 0.704311 0.832144 0.760266 0.793122 0.734151 0.908285 0.695251 0.861957 0.946407 0.793583 0.898757 0.916674 0.986206 0.768826 0.920216 0.935739 0.942025 0.804031 0.974498 0.786185 0.884432 0.810731 0.673648 0.814926 0.695863 0.888641 0.860370 0.958240 0.984821 0.888157 0.751101 0.983447 0.974513 0.964266 0.925830 0.930758 0.995692 0.858075 0.952199 0.978731 0.963279 0.938267 0.848790 0.843730 0.917870 0.987421 0.955080 0.989576 0.851715 0.975565 0.856828 0.950823 0.850037 0.966565 0.948185 0.919101 0.950392
0.687714 0.611449 0.554447 0.563964 0.930047 0.715368 0.824098 0.800484 0.802970 0.849096 0.747908 0.747759 0.719071 0.769216 0.782256 0.627773 0.754572 0.754198 0.752880 0.677318 0.630356 0.837648 0.857458 0.800662 0.654826 0.615206 0.956192 0.923591 0.757019 0.816969 0.755601 0.808855 0.742516 0.680551 0.973013 0.742404 0.000000 0.671143 0.679199 0.565512 0.659602 0.665582 0.741827 0.696951 0.876542 0.850572 0.706296 0.756182 0.824532 0.771676 0.744772 0.760863 0.924632 0.967035 0.908865 0.953787 0.629057 0.618196 0.716630 0.699577 0.693570 0.754552 0.848239 0.802992 0.652619 0.645266 0.810172 0.830770 0.538585 0.678490 0.546997 0.608104 0.693189 0.672981 0.993155 0.926215 0.781587 0.699126 0.661126 0.679937 0.695068 0.830101 0.921413 0.784398 0.924226 0.863981 0.693617 0.661296 0.957348 0.903228 0.651528 0.620849 0.584699 0.658795 0.841330 0.848607 0.949902 0.949390 0.735556 0.784591 0.798939 0.751740 0.781973 0.781649 0.779933 0.793351 0.898984 0.868219 0.993720 0.991544 0.908499 0.773575 0.963428 0.876980 0.850602 0.836925
0.729860 0.696281 0.599332 0.589062 0.985271 0.845834 0.747645 0.746618 0.901582 0.846920 0.746203 0.768681 0.821533 0.799865 0.921529 0.697138 0.809168 0.802966 0.734627 0.752156 0.888969 0.882564 0.963669 0.932988 0.784342 0.733006 0.917516 0.754597 0.851192 0.845558 0.635131 0.731796 0.652385 0.713174 0.830289 0.945645 0.671143 0.000000 0.781997 0.788384 0.859218 0.716816 0.739502 0.719659 0.863213 0.801621 0.788778 0.823593 0.901893 0.828376 0.703712 0.752679 0.904717 0.891891 0.784100 0.966775 0.682525 0.682374 0.755337 0.775599 0.721053 0.750265 0.923252 0.854631 0.765947 0.630739 0.755194 0.789693 0.562948 0.748641 0.659420 0.587873 0.728558 0.511230 0.820540 0.763533 0.696672 0.731329 0.599421 0.802714 0.794916 0.904380 0.950061 0.919550 0.994595 0.918157 0.965396 0.768796 0.850253 0.923403 0.673871 0.690068 0.595112 0.660682 0.816385 0.926210 0.819430 0.909044 0.783086 0.905646 0.815575 0.794349 0.721270 0.936013 0.786945 0.728485 0.934027 0.767981 0.991252 0.937583 0.927065 0.803065 0.766846 0.866377 0.592029 0.987893
