0.000000 0.170945 0.682888 0.550121 0.974740 0.843715 0.531343 0.373524 0.734376 0.970304 0.340481 0.205303 0.289452 0.298050 0.517755 0.479706 0.223633 0.222252 0.233052 0.219981 0.675839 0.886750 0.623813 0.560521 0.717106 0.885960 0.620546 0.858944 0.285284 0.268124 0.717474 0.536473 0.301820 0.292434 0.865119 0.987795 0.701310 0.628265 0.952700 0.590773 0.588225 0.712493 0.962121 0.722223 0.995574 0.793754 0.503593 0.578150 0.716648 0.568787 0.625724 0.578526 0.814978 0.885387 0.306702 0.442691 0.168067 0.167898 0.349020 0.301199 0.247064 0.255144 0.197377 0.174356 0.528069 0.439257 0.732042 0.665134 0.318076 0.313266 0.881088 0.669733 0.812429 0.959877 0.712479 0.911900 0.913070 0.963030 0.486813 0.445723 0.241897 0.265866 0.348396 0.304554 0.225363 0.260001 0.877474 0.672514 0.407308 0.271135 0.463072 0.461512 0.417601 0.367231 0.977667 0.971591 0.982584 0.876058 0.909189 0.942725 0.834917 0.819990 0.875176 0.746742 0.885262 0.842579 0.846811 0.828281 0.833477 0.830804 0.816364 0.887532 0.915123 0.987744 0.718252 0.597969
0.170945 0.000000 0.577273 0.463202 0.994996 0.783837 0.520330 0.363738 0.707039 0.945295 0.416026 0.244786 0.356365 0.364292 0.563147 0.501292 0.219651 0.221421 0.244283 0.252771 0.612151 0.915652 0.589305 0.528776 0.609612 0.789484 0.539503 0.908634 0.337620 0.274032 0.622760 0.494209 0.305963 0.278499 0.789443 0.871317 0.566617 0.540496 0.854706 0.605952 0.589221 0.676403 0.875452 0.653195 0.995069 0.786912 0.438936 0.514100 0.757500 0.565002 0.607714 0.538629 0.750516 0.955344 0.301468 0.418916 0.142833 0.151675 0.344386 0.292953 0.298601 0.274478 0.262528 0.210576 0.457954 0.371833 0.643308 0.596653 0.301404 0.267494 0.945958 0.710014 0.773057 0.951542 0.705143 0.878894 0.966600 0.988413 0.435794 0.393876 0.241577 0.295306 0.300965 0.274966 0.255840 0.248455 0.828445 0.658378 0.480257 0.256863 0.421134 0.430929 0.401999 0.360864 0.997185 0.986628 0.990127 0.921846 0.851314 0.954978 0.784878 0.756040 0.909970 0.827863 0.824620 0.792052 0.802560 0.872057 0.857944 0.760073 0.803862 0.929804 0.935582 0.989068 0.680957 0.619954
0.682888 0.577273 0.000000 0.252261 0.910802 0.939212 0.500502 0.523962 0.775792 0.846993 0.892989 0.753328 0.749259 0.708537 0.679091 0.477801 0.641576 0.656272 0.523730 0.610835 0.530990 0.992545 0.372933 0.404028 0.274851 0.317263 0.493597 0.955176 0.803011 0.635436 0.366720 0.493707 0.541227 0.648509 0.506399 0.590803 0.521811 0.544209 0.641758 0.884027 0.857740 0.720440 0.870578 0.779522 0.779693 0.831553 0.688443 0.716500 0.742802 0.973872 0.946777 0.868280 0.819101 0.932573 0.707530 0.848284 0.586180 0.568465 0.760471 0.690621 0.634899 0.619072 0.784799 0.726746 0.291638 0.336661 0.470993 0.568440 0.633699 0.609971 0.615799 0.884362 0.676542 0.791506 0.662879 0.953851 0.772356 0.754743 0.768332 0.812957 0.804486 0.804143 0.530200 0.733297 0.605398 0.503847 0.826902 0.854754 0.874019 0.657789 0.792091 0.716047 0.874895 0.822103 0.967010 0.878301 0.923015 0.959012 0.831708 0.950693 0.959705 0.841809 0.842077 0.917315 0.667218 0.738168 0.730833 0.886086 0.913838 0.773301 0.841223 0.944783 0.886023 0.945955 0.569270 0.942803
0.550121 0.463202 0.252261 0.000000 0.864519 0.993215 0.359944 0.311423 0.796419 0.934275 0.887789 0.628658 0.643860 0.570116 0.645707 0.405346 0.585256 0.605331 0.414336 0.553666 0.523078 0.976992 0.259390 0.340649 0.385066 0.414913 0.542572 0.953679 0.723349 0.606847 0.267839 0.373339 0.377171 0.521983 0.504010 0.656809 0.544495 0.562675 0.791817 0.889133 0.855323 0.733715 0.656875 0.568503 0.980032 0.937402 0.533444 0.525450 0.985887 0.748938 0.654461 0.584130 0.596797 0.725026 0.605207 0.706232 0.464313 0.461073 0.550993 0.441188 0.527985 0.435836 0.655244 0.560644 0.342684 0.288723 0.365549 0.418799 0.628787 0.492737 0.541591 0.827750 0.558763 0.711678 0.690466 0.850960 0.724814 0.681247 0.553628 0.624166 0.692836 0.746646 0.488850 0.666182 0.507727 0.389600 0.926136 0.812565 0.732644 0.485273 0.844649 0.784447 0.877743 0.813969 0.884346 0.808321 0.824104 0.868404 0.982814 0.860715 0.992242 0.979399 0.944153 0.957725 0.554577 0.569404 0.634542 0.794973 0.948177 0.686843 0.770732 0.861464 0.911295 0.981612 0.462648 0.959658
0.974740 0.994996 0.910802 0.864519 0.000000 0.719640 0.752236 0.739920 0.528135 0.612161 0.990147 0.875397 0.758768 0.744860 0.575641 0.658839 0.971040 0.978576 0.838128 0.888798 0.818462 0.946339 0.686091 0.746399 0.901470 0.953364 0.975643 0.915831 0.826778 0.856993 0.736551 0.735013 0.861081 0.909743 0.932949 0.990811 0.815891 0.784167 0.832518 0.904956 0.792366 0.929767 0.889928 0.979121 0.893811 0.966910 0.991779 0.972029 0.979346 0.980490 0.850530 0.876837 0.804209 0.738626 0.934097 0.968039 0.996166 0.980660 0.979289 0.966264 0.766029 0.710958 0.866514 0.907943 0.924649 0.842540 0.853186 0.923719 0.948460 0.953515 0.730749 0.779712 0.725406 0.636431 0.943543 0.883949 0.839600 0.879677 0.994593 0.917149 0.932130 0.898082 0.928209 0.870445 0.861472 0.929960 0.867864 0.990459 0.964814 0.981713 0.679919 0.734465 0.707113 0.687459 0.821617 0.863350 0.969202 0.936668 0.752110 0.798272 0.764015 0.608028 0.838736 0.813788 0.752613 0.852842 0.990409 0.975463 0.919279 0.956808 0.823769 0.958487 0.805455 0.969615 0.868626 0.937756
0.843715 0.783837 0.939212 0.993215 0.719640 0.000000 0.854969 0.926130 0.531216 0.676058 0.771290 0.880009 0.952980 0.961581 0.962653 0.881383 0.851708 0.816805 0.953216 0.850910 0.870434 0.850339 0.788704 0.858896 0.935282 0.931354 0.753600 0.953630 0.917149 0.860664 0.820145 0.953380 0.934162 0.969009 0.876425 0.992819 0.810566 0.924985 0.888548 0.854099 0.790039 0.984437 0.814427 0.871514 0.699544 0.845955 0.931307 0.903219 0.882267 0.874745 0.876942 0.894090 0.797690 0.676731 0.996229 0.905923 0.793157 0.816122 0.959690 0.907293 0.958621 0.958420 0.939859 0.928778 0.830909 0.918603 0.866633 0.839323 0.751526 0.836474 0.768359 0.699126 0.775671 0.703263 0.841747 0.998681 0.721581 0.836051 0.839570 0.964109 0.937964 0.927458 0.841057 0.766856 0.955722 0.924367 0.878937 0.843935 0.955026 0.937790 0.500908 0.622054 0.560779 0.661856 0.802609 0.916463 0.788344 0.894172 0.606874 0.665309 0.733987 0.730577 0.683808 0.851333 0.748673 0.779255 0.910194 0.810835 0.893075 0.845446 0.961649 0.754136 0.749665 0.936052 0.783906 0.776117
0.531343 0.520330 0.500502 0.359944 0.752236 0.854969 0.000000 0.207942 0.741580 0.541887 0.898445 0.636018 0.581929 0.557155 0.646746 0.527702 0.615313 0.653808 0.400930 0.606020 0.690938 0.901142 0.358394 0.571951 0.792714 0.729291 0.826598 0.964626 0.597946 0.660153 0.274791 0.364969 0.371083 0.374573 0.603499 0.851784 0.801296 0.764722 0.905901 0.885909 0.958799 0.643268 0.541110 0.412300 0.664080 0.581019 0.446986 0.436837 0.624931 0.506348 0.408812 0.385428 0.428956 0.583296 0.511885 0.568248 0.507328 0.513772 0.337999 0.337363 0.397413 0.389172 0.456352 0.461362 0.712185 0.583703 0.373046 0.375460 0.797453 0.478081 0.611987 0.882856 0.475288 0.603527 0.731103 0.751755 0.542539 0.668758 0.529924 0.673508 0.631145 0.764827 0.631245 0.817275 0.541495 0.528934 0.768581 0.969358 0.671516 0.520079 0.931272 0.941438 0.903989 0.994232 0.751196 0.685836 0.672089 0.765566 0.571936 0.509666 0.760054 0.714431 0.659613 0.579520 0.526075 0.467034 0.537098 0.749387 0.913125 0.767977 0.613494 0.611024 0.663708 0.701880 0.456854 0.998630
0.373524 0.363738 0.523962 0.311423 0.739920 0.926130 0.207942 0.000000 0.825685 0.587238 0.730079 0.440683 0.435523 0.387789 0.533662 0.408360 0.463732 0.488595 0.292544 0.447447 0.656893 0.928909 0.335702 0.458722 0.746103 0.756901 0.791572 0.943299 0.463758 0.501096 0.325481 0.337874 0.272324 0.315339 0.646431 0.872722 0.750974 0.728811 0.904040 0.828107 0.863022 0.679313 0.531760 0.394332 0.706008 0.580016 0.383962 0.378889 0.595576 0.449967 0.357175 0.335385 0.417101 0.604484 0.424487 0.495975 0.360509 0.362371 0.297955 0.238228 0.314725 0.225669 0.366505 0.322894 0.611160 0.440650 0.415264 0.384096 0.633800 0.390979 0.667361 0.915630 0.462877 0.597320 0.719962 0.725657 0.653472 0.747000 0.423288 0.500507 0.458498 0.564973 0.514634 0.628481 0.388209 0.370919 0.861982 0.854708 0.562697 0.372358 0.942009 0.926759 0.923303 0.836885 0.756327 0.742054 0.730212 0.850053 0.663142 0.579780 0.831265 0.810763 0.717891 0.614415 0.556800 0.485612 0.585373 0.777409 0.890884 0.731011 0.612037 0.630129 0.711146 0.794193 0.481443 0.920893
0.734376 0.707039 0.775792 0.796419 0.528135 0.531216 0.741580 0.825685 0.000000 0.591079 0.670693 0.754781 0.945219 0.984427 0.902749 0.802606 0.721294 0.682795 0.978183 0.809687 0.901525 0.836041 0.662099 0.825844 0.956849 0.811566 0.815532 0.939116 0.819277 0.767428 0.622232 0.876425 0.899734 0.831507 0.815013 0.991978 0.794611 0.835390 0.870689 0.689240 0.660404 0.992884 0.835547 0.983485 0.970059 0.906823 0.899232 0.976469 0.828518 0.818582 0.994683 0.948808 0.854060 0.689377 0.816742 0.723013 0.702063 0.735848 0.814645 0.845437 0.948931 0.995623 0.790789 0.768539 0.991592 0.962021 0.860945 0.918176 0.715606 0.777229 0.495953 0.472699 0.607160 0.521413 0.964027 0.950515 0.654710 0.670878 0.832175 0.784307 0.697585 0.727137 0.779415 0.536887 0.818052 0.848282 0.808148 0.765087 0.786650 0.773394 0.360972 0.473148 0.372765 0.395848 0.804073 0.767442 0.690873 0.775595 0.656172 0.711709 0.604940 0.641738 0.959196 0.870968 0.704067 0.868002 0.833463 0.619686 0.919134 0.967855 0.948820 0.903162 0.773373 0.969569 0.797759 0.776340
0.970304 0.945295 0.846993 0.934275 0.612161 0.676058 0.541887 0.587238 0.591079 0.000000 0.866860 0.976497 0.875642 0.874939 0.915838 0.955709 0.919962 0.882342 0.894132 0.928612 0.859078 0.817740 0.855196 0.930344 0.571875 0.708918 0.594178 0.954783 0.853323 0.919583 0.738242 0.825891 0.855892 0.837020 0.978265 0.782279 0.643701 0.692424 0.512780 0.926434 0.729012 0.976742 0.593051 0.632468 0.475320 0.509453 0.821444 0.737666 0.497339 0.624444 0.505481 0.588008 0.554721 0.543094 0.935617 0.892778 0.957472 0.934919 0.694838 0.707049 0.802768 0.753507 0.816076 0.886080 0.669042 0.819218 0.821700 0.799253 0.729476 0.999963 0.737002 0.691353 0.711603 0.679173 0.865359 0.829183 0.604117 0.798392 0.893274 0.985264 0.995753 0.884798 0.778354 0.686799 0.964096 0.893681 0.512581 0.646938 0.917399 0.984321 0.441597 0.421947 0.501098 0.568744 0.695332 0.695281 0.629818 0.671123 0.296163 0.379724 0.496133 0.468708 0.579839 0.532528 0.797069 0.726203 0.731086 0.630627 0.975200 0.952600 0.724194 0.520607 0.514948 0.708345 0.792702 0.817101
0.340481 0.416026 0.892989 0.887789 0.990147 0.771290 0.898445 0.730079 0.670693 0.866860 0.000000 0.280312 0.294784 0.337627 0.437167 0.612035 0.299663 0.264143 0.456293 0.307609 0.791260 0.866258 0.961501 0.798927 0.860259 0.930475 0.698651 0.762237 0.296219 0.294333 0.940673 0.861612 0.619365 0.487724 0.881608 0.909270 0.863111 0.841714 0.970021 0.657429 0.511854 0.897578 0.672804 0.877158 0.736331 0.896124 0.892346 0.991241 0.986666 0.937342 0.966445 0.989684 0.807302 0.600307 0.525103 0.671312 0.419544 0.383354 0.763044 0.707724 0.369177 0.477832 0.365373 0.375292 0.611392 0.598842 0.845915 0.921780 0.422998 0.621539 0.620153 0.612771 0.946512 0.881371 0.721863 0.919818 0.641747 0.746992 0.743823 0.661154 0.402807 0.304922 0.515499 0.417815 0.397793 0.507663 0.769798 0.753911 0.612478 0.575189 0.452771 0.456703 0.391650 0.453419 0.755228 0.862326 0.699018 0.561855 0.652043 0.658419 0.748109 0.758745 0.960272 0.914750 0.751448 0.828325 0.840632 0.649572 0.723822 0.951390 0.965484 0.856495 0.658557 0.760387 0.949564 0.549880
0.205303 0.244786 0.753328 0.628658 0.875397 0.880009 0.636018 0.440683 0.754781 0.976497 0.280312 0.000000 0.221714 0.212460 0.364774 0.406107 0.205540 0.189663 0.265140 0.225420 0.680438 0.854964 0.641811 0.538135 0.749455 0.924623 0.640071 0.839599 0.259535 0.228557 0.790254 0.589428 0.362256 0.336259 0.852797 0.980165 0.769812 0.746868 0.988374 0.706651 0.598756 0.801068 0.972924 0.812651 0.948852 0.865713 0.597788 0.665060 0.801725 0.664160 0.710301 0.665670 0.867809 0.892817 0.338994 0.503944 0.245027 0.217981 0.498084 0.434314 0.240175 0.242639 0.235433 0.195077 0.505552 0.407665 0.848669 0.786223 0.328639 0.406801 0.809087 0.737013 0.816937 0.895206 0.690835 0.951420 0.880675 0.889431 0.516059 0.414853 0.229444 0.192506 0.332535 0.292128 0.211092 0.264443 0.788353 0.612451 0.413291 0.350643 0.498234 0.494025 0.443546 0.432480 0.914364 0.997519 0.829451 0.725410 0.841681 0.895922 0.785220 0.888427 0.903096 0.793912 0.923883 0.908638 0.923379 0.765127 0.715692 0.884622 0.830793 0.945405 0.831919 0.895983 0.763556 0.637208
0.289452 0.356365 0.749259 0.643860 0.758768 0.952980 0.581929 0.435523 0.945219 0.875642 0.294784 0.221714 0.000000 0.188058 0.266006 0.385195 0.269185 0.277104 0.284860 0.290967 0.735303 0.924522 0.618089 0.573447 0.824725 0.946837 0.709764 0.807963 0.257264 0.277348 0.744880 0.541565 0.393695 0.347389 0.888559 0.928764 0.839792 0.829787 0.893539 0.750226 0.652177 0.851849 0.976240 0.840752 0.940288 0.909612 0.650209 0.750904 0.862902 0.734949 0.749398 0.702534 0.881037 0.946909 0.405503 0.572145 0.358674 0.317963 0.585941 0.517659 0.194490 0.264046 0.242475 0.248584 0.548018 0.426696 0.892745 0.816972 0.472231 0.487090 0.869558 0.845511 0.697003 0.767293 0.656744 0.922094 0.932778 0.984586 0.586521 0.517871 0.321792 0.281370 0.398030 0.451432 0.281312 0.348615 0.880548 0.734506 0.510031 0.465152 0.669700 0.631016 0.587471 0.587805 0.949857 0.978669 0.908025 0.762770 0.930490 0.969642 0.940101 0.953564 0.895490 0.718969 0.933303 0.874570 0.947377 0.831000 0.698877 0.958924 0.850861 0.964466 0.858386 0.914281 0.717456 0.610094
0.298050 0.364292 0.708537 0.570116 0.744860 0.961581 0.557155 0.387789 0.984427 0.874939 0.337627 0.212460 0.188058 0.000000 0.258327 0.303466 0.287605 0.271237 0.281371 0.266176 0.692930 0.862817 0.519348 0.453407 0.790448 0.891999 0.686538 0.772184 0.290540 0.288537 0.708821 0.538301 0.386289 0.388012 0.834987 0.932103 0.846968 0.831970 0.921530 0.823640 0.697589 0.786908 0.992873 0.822713 0.938167 0.909406 0.649064 0.711441 0.857237 0.729763 0.706124 0.671107 0.825749 0.994161 0.419599 0.599671 0.356699 0.300745 0.580283 0.492089 0.223522 0.220903 0.279367 0.247977 0.515139 0.376555 0.828720 0.790823 0.490024 0.498448 0.945965 0.883254 0.662751 0.678966 0.620322 0.902883 0.933202 0.926080 0.545939 0.501382 0.339315 0.278633 0.387606 0.441322 0.253568 0.305999 0.837558 0.645340 0.510671 0.403696 0.678102 0.647019 0.613927 0.617444 0.995912 0.929077 0.850853 0.780186 0.932946 0.994841 0.943218 0.962988 0.919901 0.727833 0.858510 0.804163 0.943768 0.881101 0.694967 0.924114 0.820404 0.934674 0.904765 0.919350 0.704836 0.703321
0.517755 0.563147 0.679091 0.645707 0.575641 0.962653 0.646746 0.533662 0.902749 0.915838 0.437167 0.364774 0.266006 0.258327 0.000000 0.298937 0.401310 0.391629 0.460327 0.421263 0.673909 0.890371 0.536352 0.497405 0.793976 0.835860 0.767190 0.773267 0.362438 0.351317 0.734308 0.606052 0.526416 0.509030 0.844750 0.967800 0.912527 0.953507 0.908670 0.904470 0.829833 0.929006 0.985171 0.904037 0.926346 0.996898 0.788278 0.820472 0.997258 0.882541 0.848215 0.813470 0.869126 0.950922 0.532510 0.724091 0.559113 0.495109 0.794722 0.716623 0.310353 0.370462 0.437129 0.436641 0.496570 0.400515 0.858417 0.839855 0.646142 0.674026 0.968222 0.962796 0.657254 0.663223 0.578318 0.955807 0.990886 0.978069 0.645617 0.610751 0.478548 0.403660 0.446518 0.575097 0.371908 0.448334 0.841828 0.742713 0.666044 0.625127 0.803206 0.741963 0.739546 0.793358 0.986613 0.981276 0.784239 0.732658 0.916232 0.974727 0.945940 0.895918 0.947587 0.826717 0.896775 0.888076 0.986318 0.823009 0.667670 0.949184 0.829598 0.966538 0.886746 0.875740 0.764948 0.824816
0.479706 0.501292 0.477801 0.405346 0.658839 0.881383 0.527702 0.408360 0.802606 0.955709 0.612035 0.406107 0.385195 0.303466 0.298937 0.000000 0.423980 0.431503 0.393200 0.438754 0.576213 0.889023 0.273652 0.243695 0.573688 0.614177 0.607515 0.788599 0.456641 0.377617 0.523101 0.471977 0.396722 0.493181 0.574439 0.838060 0.808883 0.816219 0.957330 0.881212 0.819102 0.887290 0.842766 0.737529 0.986415 0.949456 0.624825 0.628582 0.968039 0.752312 0.710373 0.665327 0.690794 0.800842 0.475321 0.661762 0.473862 0.433372 0.649801 0.574795 0.348097 0.323611 0.484126 0.423900 0.347457 0.253588 0.541875 0.579673 0.616890 0.565029 0.818559 0.950485 0.587330 0.603492 0.582753 0.798124 0.839275 0.888018 0.575199 0.542043 0.500245 0.438208 0.381711 0.551868 0.305413 0.305276 0.783375 0.588265 0.592728 0.468503 0.828190 0.722076 0.804363 0.758638 0.924119 0.876403 0.928075 0.801420 0.977630 0.923891 0.957109 0.955003 0.950594 0.848444 0.635301 0.735771 0.835619 0.983062 0.775172 0.925751 0.760863 0.886920 0.991448 0.980499 0.594476 0.895663
0.223633 0.219651 0.641576 0.585256 0.971040 0.851708 0.615313 0.463732 0.721294 0.919962 0.299663 0.205540 0.269185 0.287605 0.401310 0.423980 0.000000 0.162619 0.286901 0.259741 0.634918 0.865288 0.626989 0.538896 0.648494 0.832428 0.583517 0.855242 0.220917 0.192800 0.730300 0.569106 0.352549 0.298704 0.809970 0.950056 0.730839 0.675242 0.935364 0.597826 0.574084 0.724610 0.987080 0.758001 0.992727 0.839802 0.509368 0.613188 0.802806 0.641788 0.731718 0.658612 0.849451 0.894541 0.268808 0.397151 0.217155 0.201668 0.488226 0.447344 0.254063 0.302894 0.245732 0.214889 0.439927 0.376966 0.746346 0.686317 0.344172 0.373473 0.820269 0.671041 0.816872 0.937966 0.661035 0.943598 0.937188 0.939905 0.524422 0.417420 0.211800 0.216197 0.286475 0.243684 0.222326 0.266183 0.724180 0.656490 0.489751 0.324911 0.434568 0.426507 0.399552 0.385334 0.915022 0.982763 0.867337 0.755911 0.790984 0.879470 0.760207 0.792343 0.918184 0.848278 0.935861 0.868112 0.933688 0.775739 0.711317 0.821668 0.817217 0.998305 0.845030 0.917859 0.727978 0.613542
0.222252 0.221421 0.656272 0.605331 0.978576 0.816805 0.653808 0.488595 0.682795 0.882342 0.264143 0.189663 0.277104 0.271237 0.391629 0.431503 0.162619 0.000000 0.291606 0.230479 0.624238 0.834697 0.667947 0.535499 0.655322 0.807201 0.561359 0.800414 0.252148 0.193971 0.770766 0.592946 0.367306 0.325531 0.849195 0.931134 0.711527 0.641126 0.930119 0.650734 0.586811 0.726882 0.976622 0.798136 0.930166 0.884679 0.573794 0.645722 0.841487 0.687898 0.752490 0.679307 0.879213 0.861583 0.287353 0.471453 0.215703 0.192502 0.519665 0.473099 0.266662 0.292173 0.262041 0.217481 0.427807 0.357198 0.799189 0.756986 0.342980 0.375856 0.775224 0.634750 0.869245 0.934552 0.658373 0.925373 0.861553 0.884196 0.507033 0.412698 0.217427 0.206762 0.296601 0.241810 0.228356 0.261512 0.697692 0.678359 0.500425 0.348373 0.393286 0.378851 0.357916 0.358003 0.940545 0.998856 0.791623 0.690799 0.742753 0.840025 0.720557 0.737640 0.960552 0.878869 0.952334 0.906815 0.930018 0.742829 0.722350 0.912032 0.839996 0.948258 0.782860 0.914559 0.761345 0.598755
0.233052 0.244283 0.523730 0.414336 0.838128 0.953216 0.400930 0.292544 0.978183 0.894132 0.456293 0.265140 0.284860 0.281371 0.460327 0.393200 0.286901 0.291606 0.000000 0.258494 0.623437 0.987635 0.449105 0.453058 0.622407 0.737698 0.610334 0.874718 0.353403 0.313152 0.521470 0.435437 0.292399 0.314509 0.702231 0.901478 0.651474 0.617523 0.989545 0.626878 0.602520 0.650161 0.916724 0.704196 0.968067 0.868314 0.501149 0.596982 0.846138 0.658269 0.653474 0.592216 0.778280 0.995165 0.320874 0.532859 0.246745 0.222824 0.421652 0.360150 0.245619 0.233006 0.270021 0.232712 0.449597 0.357993 0.618719 0.621456 0.371603 0.326559 0.957700 0.870721 0.650507 0.775365 0.668277 0.919391 0.970198 0.945842 0.563950 0.499879 0.329208 0.342501 0.350332 0.399925 0.254501 0.244716 0.863381 0.736784 0.500476 0.319459 0.636067 0.602070 0.617616 0.559736 0.944406 0.911691 0.915790 0.944258 0.990354 0.954892 0.979833 0.951990 0.855719 0.709788 0.720571 0.740045 0.784812 0.904727 0.779828 0.774080 0.702660 0.881873 0.899021 0.988126 0.592889 0.656543
0.219981 0.252771 0.610835 0.553666 0.888798 0.850910 0.606020 0.447447 0.809687 0.928612 0.307609 0.225420 0.290967 0.266176 0.421263 0.438754 0.259741 0.230479 0.258494 0.000000 0.627362 0.807535 0.617607 0.510100 0.643227 0.805893 0.551378 0.833218 0.332783 0.268074 0.730101 0.590505 0.382754 0.371261 0.876564 0.906126 0.669566 0.627050 0.949950 0.680953 0.619187 0.719264 0.882649 0.901180 0.810481 0.991734 0.645398 0.741707 0.938892 0.797318 0.823473 0.761379 0.960449 0.802624 0.416670 0.593532 0.257048 0.220761 0.537273 0.462897 0.292905 0.286775 0.288129 0.250811 0.452560 0.390684 0.826306 0.774658 0.309331 0.375781 0.895950 0.741497 0.815789 0.922463 0.659387 0.946453 0.861144 0.909831 0.555721 0.482627 0.318613 0.262355 0.345577 0.335996 0.262408 0.301081 0.805909 0.685028 0.492806 0.375965 0.472182 0.466351 0.442710 0.450217 0.959282 0.968401 0.901564 0.759748 0.769657 0.816509 0.825005 0.769858 0.992162 0.823735 0.913375 0.890379 0.947309 0.796596 0.849390 0.925838 0.911396 0.963992 0.763521 0.880911 0.768579 0.638725
0.675839 0.612151 0.530990 0.523078 0.818462 0.870434 0.690938 0.656893 0.901525 0.859078 0.791260 0.680438 0.735303 0.692930 0.673909 0.576213 0.634918 0.624238 0.623437 0.627362 0.000000 0.855409 0.583839 0.577042 0.537243 0.553518 0.623203 0.936439 0.762772 0.653637 0.584150 0.724623 0.591980 0.691694 0.724151 0.816452 0.640711 0.763292 0.858146 0.985169 0.758634 0.777525 0.954294 0.900827 0.854718 0.898573 0.806597 0.786532 0.873173 0.944153 0.913539 0.855731 0.877161 0.957216 0.664357 0.864126 0.623397 0.614968 0.787093 0.777401 0.676070 0.627539 0.733310 0.703568 0.492816 0.495960 0.644469 0.753609 0.638819 0.710867 0.815567 0.948158 0.730047 0.781885 0.666088 0.956164 0.955591 0.903593 0.670208 0.655750 0.725366 0.729551 0.595336 0.684789 0.632136 0.569918 0.818225 0.836414 0.825642 0.709518 0.710558 0.661472 0.738483 0.827950 0.941328 0.932767 0.994843 0.832733 0.784274 0.923263 0.855112 0.865545 0.797786 0.952464 0.775311 0.848672 0.996292 0.886648 0.882185 0.906049 0.971435 0.861437 0.855578 0.944770 0.675058 0.842239
0.886750 0.915652 0.992545 0.976992 0.946339 0.850339 0.901142 0.928909 0.836041 0.817740 0.866258 0.854964 0.924522 0.862817 0.890371 0.889023 0.865288 0.834697 0.987635 0.807535 0.855409 0.000000 0.990869 0.940915 0.993089 0.988369 0.892300 0.788608 0.857703 0.798674 0.871365 0.917133 0.943517 0.944765 0.939026 0.970303 0.994300 0.890824 0.938229 0.893641 0.940561 0.982400 0.805758 0.846801 0.815127 0.877468 0.957082 0.983238 0.859925 0.924719 0.870060 0.919260 0.874193 0.827338 0.937670 0.956733 0.878525 0.868574 0.959231 0.988465 0.951516 0.968426 0.902693 0.923930 0.884007 0.903404 0.855992 0.912200 0.952373 0.828233 0.876661 0.794401 0.972132 0.879241 0.971576 0.859598 0.961375 0.863357 0.822460 0.845924 0.887051 0.827911 0.877439 0.894657 0.861758 0.879698 0.802302 0.838022 0.930063 0.968118 0.771560 0.753255 0.754691 0.763871 0.806323 0.896317 0.898307 0.828957 0.752690 0.812595 0.794183 0.937997 0.718539 0.843011 0.963162 0.850062 0.841651 0.904817 0.964401 0.683532 0.980590 0.867965 0.768305 0.986751 0.741657 0.796273
0.623813 0.589305 0.372933 0.259390 0.686091 0.788704 0.358394 0.335702 0.662099 0.855196 0.961501 0.641811 0.618089 0.519348 0.536352 0.273652 0.626989 0.667947 0.449105 0.617607 0.583839 0.990869 0.000000 0.257653 0.509239 0.475260 0.656111 0.891159 0.700061 0.603747 0.289113 0.348716 0.407579 0.551139 0.463250 0.722077 0.712352 0.718114 0.894726 0.938788 0.945542 0.814755 0.627779 0.561039 0.883528 0.856026 0.517370 0.525497 0.942135 0.687509 0.598830 0.548508 0.529109 0.591906 0.584601 0.702106 0.573700 0.551731 0.584503 0.521616 0.504736 0.439782 0.624943 0.554557 0.433360 0.331630 0.325547 0.401900 0.754769 0.558770 0.492021 0.780754 0.462532 0.549093 0.681536 0.785353 0.617490 0.741257 0.595922 0.614787 0.673397 0.693720 0.485246 0.739875 0.452417 0.388067 0.952588 0.680076 0.692067 0.500880 0.986530 0.915483 0.960570 0.942449 0.824032 0.777619 0.817204 0.900014 0.829597 0.705673 0.879408 0.833847 0.877678 0.851465 0.415489 0.502129 0.725291 0.828548 0.957340 0.816578 0.675827 0.780091 0.849552 0.896654 0.482471 0.963650
0.560521 0.528776 0.404028 0.340649 0.746399 0.858896 0.571951 0.458722 0.825844 0.930344 0.798927 0.538135 0.573447 0.453407 0.497405 0.243695 0.538896 0.535499 0.453058 0.510100 0.577042 0.940915 0.257653 0.000000 0.452113 0.456275 0.550736 0.884562 0.659566 0.498542 0.496030 0.505772 0.416898 0.584120 0.521862 0.795684 0.653357 0.696747 0.778161 0.887228 0.822961 0.810746 0.789014 0.715989 0.974440 0.975623 0.562357 0.605888 0.973351 0.761908 0.711991 0.650268 0.663138 0.742039 0.537472 0.718364 0.509732 0.484883 0.669829 0.613217 0.518081 0.451871 0.623289 0.532268 0.353217 0.275110 0.440559 0.531189 0.634726 0.577139 0.743024 0.893810 0.609382 0.590405 0.642817 0.782569 0.849699 0.847459 0.614663 0.578230 0.586070 0.558482 0.408037 0.575161 0.404948 0.320469 0.766663 0.516232 0.656066 0.487723 0.790198 0.669655 0.797487 0.734888 0.899063 0.908200 0.996513 0.909569 0.941150 0.959946 0.949105 0.971999 0.967585 0.917882 0.554186 0.630202 0.879033 0.981407 0.855157 0.856140 0.817150 0.901859 0.980264 0.978873 0.607618 0.970672
0.717106 0.609612 0.274851 0.385066 0.901470 0.935282 0.792714 0.746103 0.956849 0.571875 0.860259 0.749455 0.824725 0.790448 0.793976 0.573688 0.648494 0.655322 0.622407 0.643227 0.537243 0.993089 0.509239 0.452113 0.000000 0.249286 0.426243 0.941478 0.912689 0.664628 0.556260 0.646837 0.662342 0.769974 0.546312 0.612105 0.437221 0.474929 0.520331 0.871882 0.760243 0.735818 0.971588 0.925779 0.626468 0.669524 0.781177 0.853679 0.598994 0.863443 0.863606 0.960693 0.962950 0.895020 0.765284 0.872939 0.631757 0.598256 0.930295 0.849237 0.802202 0.760123 0.894690 0.793563 0.265237 0.357657 0.656783 0.718313 0.526467 0.703900 0.733078 0.963504 0.857645 0.957652 0.741024 0.958271 0.986655 0.853884 0.876547 0.785759 0.813470 0.744074 0.509642 0.593657 0.628801 0.513548 0.620101 0.725213 0.836861 0.655886 0.632775 0.546579 0.693794 0.672813 0.831108 0.930994 0.958437 0.878609 0.577693 0.705591 0.747587 0.634702 0.709210 0.724913 0.772009 0.869836 0.882301 0.907145 0.972173 0.764252 0.985686 0.765664 0.693990 0.771066 0.653556 0.907901
0.885960 0.789484 0.317263 0.414913 0.953364 0.931354 0.729291 0.756901 0.811566 0.708918 0.930475 0.924623 0.946837 0.891999 0.835860 0.614177 0.832428 0.807201 0.737698 0.805893 0.553518 0.988369 0.475260 0.456275 0.249286 0.000000 0.554153 0.971004 0.973015 0.825617 0.515818 0.678494 0.695706 0.855447 0.490841 0.600850 0.521083 0.533557 0.603331 0.977283 0.949422 0.768687 0.884204 0.855106 0.768720 0.762867 0.805486 0.844269 0.654473 0.893588 0.955927 0.955328 0.906209 0.907287 0.821185 0.921070 0.787095 0.753546 0.966958 0.912536 0.901450 0.834796 0.991503 0.918531 0.389610 0.440302 0.567788 0.657983 0.761295 0.773025 0.641271 0.860268 0.780997 0.818205 0.746603 0.939112 0.875279 0.732126 0.904098 0.878401 0.943834 0.931068 0.623857 0.778097 0.754922 0.616212 0.671545 0.863876 0.912992 0.778627 0.851881 0.751358 0.920732 0.864355 0.948677 0.819079 0.979729 0.939781 0.760247 0.880100 0.918844 0.832014 0.712868 0.824905 0.644357 0.720231 0.841953 0.942792 0.979083 0.811157 0.946013 0.829934 0.843139 0.935114 0.627801 0.988132
0.620546 0.539503 0.493597 0.542572 0.975643 0.753600 0.826598 0.791572 0.815532 0.594178 0.698651 0.640071 0.709764 0.686538 0.767190 0.607515 0.583517 0.561359 0.610334 0.551378 0.623203 0.892300 0.656111 0.550736 0.426243 0.554153 0.000000 0.959922 0.767834 0.590048 0.712783 0.671750 0.628554 0.684764 0.741977 0.660035 0.486304 0.540701 0.635410 0.837604 0.714150 0.788654 0.810627 0.918369 0.616483 0.718534 0.877422 0.993981 0.719819 0.941283 0.915106 0.998278 0.947769 0.737686 0.718745 0.865987 0.534088 0.529488 0.838094 0.773939 0.671423 0.683405 0.735947 0.668804 0.362479 0.468868 0.758040 0.882399 0.536356 0.660362 0.997483 0.785742 0.965563 0.863387 0.680045 0.934804 0.869947 0.942923 0.776222 0.735668 0.750788 0.669556 0.533319 0.581961 0.539805 0.508947 0.623067 0.694738 0.781600 0.663284 0.486002 0.482024 0.553791 0.590084 0.870184 0.969738 0.814957 0.791339 0.525384 0.624589 0.545586 0.678592 0.762395 0.848738 0.886214 0.938988 0.999130 0.748630 0.953256 0.883397 0.986318 0.759484 0.667250 0.819916 0.894736 0.801451
0.858944 0.908634 0.955176 0.953679 0.915831 0.953630 0.964626 0.943299 0.939116 0.954783 0.762237 0.839599 0.807963 0.772184 0.773267 0.788599 0.855242 0.800414 0.874718 0.833218 0.936439 0.788608 0.891159 0.884562 0.941478 0.971004 0.959922 0.000000 0.807266 0.790971 0.979433 0.940818 0.961137 0.913274 0.880743 0.921382 0.935901 0.953798 0.870071 0.967844 0.961958 0.969139 0.829565 0.902086 0.821575 0.854946 0.915421 0.971357 0.899212 0.895509 0.906217 0.917549 0.909616 0.836648 0.942946 0.974900 0.860914 0.808889 0.968859 0.997925 0.803542 0.869815 0.834017 0.827842 0.839873 0.831446 0.902489 0.916189 0.896300 0.951984 0.982414 0.908641 0.991691 0.994116 0.898787 0.943380 0.855961 0.783393 0.975701 0.936184 0.869972 0.813458 0.857910 0.945809 0.810522 0.850195 0.947532 0.980318 0.984591 0.854968 0.847694 0.803803 0.874710 0.900968 0.937360 0.957483 0.734304 0.789768 0.852654 0.858566 0.831056 0.993473 0.913839 0.872097 0.890133 0.791987 0.910619 0.807498 0.988012 0.764214 0.872262 0.754302 0.932651 0.789983 0.966265 0.824495
0.285284 0.337620 0.803011 0.723349 0.826778 0.917149 0.597946 0.463758 0.819277 0.853323 0.296219 0.259535 0.257264 0.290540 0.362438 0.456641 0.220917 0.252148 0.353403 0.332783 0.762772 0.857703 0.700061 0.659566 0.912689 0.973015 0.767834 0.807266 0.000000 0.222607 0.818472 0.651289 0.442031 0.366542 0.927248 0.938699 0.883178 0.853872 0.873625 0.605847 0.686739 0.812665 0.951952 0.761841 0.897657 0.749077 0.588581 0.674707 0.687633 0.598115 0.673685 0.635184 0.814923 0.963380 0.345258 0.464581 0.330053 0.313340 0.512097 0.471801 0.251457 0.320025 0.239941 0.254923 0.614833 0.530165 0.833673 0.753411 0.495863 0.458205 0.869151 0.723143 0.799437 0.905916 0.704812 0.890100 0.998638 0.930711 0.562636 0.513920 0.270881 0.280704 0.425332 0.424267 0.293312 0.411887 0.836103 0.773628 0.533546 0.432744 0.637796 0.650211 0.573458 0.565935 0.995495 0.946690 0.922231 0.795654 0.973928 0.988855 0.919959 0.969598 0.800777 0.696189 0.968296 0.919418 0.956740 0.838470 0.675385 0.934872 0.765236 0.910010 0.951545 0.998087 0.806798 0.657685
0.268124 0.274032 0.635436 0.606847 0.856993 0.860664 0.660153 0.501096 0.767428 0.919583 0.294333 0.228557 0.277348 0.288537 0.351317 0.377617 0.192800 0.193971 0.313152 0.268074 0.653637 0.798674 0.603747 0.498542 0.664628 0.825617 0.590048 0.790971 0.222607 0.000000 0.748223 0.590206 0.407583 0.378442 0.851193 0.918874 0.725824 0.730564 0.908371 0.640218 0.632036 0.831226 0.969889 0.829519 0.935143 0.918256 0.575487 0.675412 0.883226 0.700638 0.781098 0.705161 0.895544 0.901245 0.315575 0.529945 0.265237 0.245763 0.550776 0.496882 0.270173 0.320962 0.290822 0.266749 0.410320 0.362776 0.774225 0.743805 0.367418 0.390504 0.882365 0.696713 0.845503 0.913033 0.704560 0.928786 0.904436 0.919360 0.571515 0.464289 0.262685 0.240770 0.318304 0.331093 0.236455 0.308170 0.736852 0.615772 0.515628 0.373775 0.484989 0.442750 0.446049 0.429442 0.884813 0.968519 0.838563 0.738377 0.771264 0.860940 0.799903 0.797475 0.945570 0.892378 0.951612 0.911692 0.986628 0.759993 0.735067 0.946770 0.768727 0.985703 0.809461 0.937702 0.761341 0.661457
0.717474 0.622760 0.366720 0.267839 0.736551 0.820145 0.274791 0.325481 0.622232 0.738242 0.940673 0.790254 0.744880 0.708821 0.734308 0.523101 0.730300 0.770766 0.521470 0.730101 0.584150 0.871365 0.289113 0.496030 0.556260 0.515818 0.712783 0.979433 0.818472 0.748223 0.000000 0.340011 0.465001 0.522193 0.510952 0.661154 0.724149 0.654460 0.974735 0.982054 0.964454 0.718141 0.510787 0.457078 0.780386 0.753792 0.502772 0.487868 0.877621 0.671778 0.559455 0.511675 0.469396 0.527484 0.646756 0.686938 0.627269 0.635210 0.559177 0.521214 0.599115 0.509439 0.716430 0.665701 0.576446 0.481113 0.321869 0.376556 0.830616 0.581474 0.432786 0.702433 0.433894 0.593913 0.810592 0.761528 0.508854 0.577163 0.589231 0.662213 0.774962 0.877595 0.674208 0.882943 0.663212 0.580768 0.888826 0.987456 0.843669 0.616581 0.872655 0.940289 0.832713 0.900190 0.796832 0.687798 0.682936 0.753038 0.710581 0.584481 0.845638 0.837008 0.834804 0.855504 0.430589 0.494463 0.570677 0.686555 0.948391 0.721739 0.687759 0.722952 0.702482 0.835724 0.462207 0.942163
0.536473 0.494209 0.493707 0.373339 0.735013 0.953380 0.364969 0.337874 0.876425 0.825891 0.861612 0.589428 0.541565 0.538301 0.606052 0.471977 0.569106 0.592946 0.435437 0.590505 0.724623 0.917133 0.348716 0.505772 0.646837 0.678494 0.671750 0.940818 0.651289 0.590206 0.340011 0.000000 0.391039 0.446111 0.565300 0.764796 0.716455 0.654387 0.926086 0.898313 0.884759 0.756658 0.583660 0.485201 0.840157 0.742070 0.442907 0.475791 0.816435 0.596364 0.550634 0.487117 0.523453 0.669576 0.568735 0.637281 0.513409 0.494074 0.485838 0.440957 0.448205 0.403396 0.516193 0.465318 0.540179 0.418602 0.463634 0.452397 0.696469 0.534037 0.632721 0.965606 0.609706 0.690009 0.771419 0.773140 0.695878 0.820142 0.567901 0.562677 0.563448 0.632116 0.492660 0.664688 0.457623 0.422988 0.983921 0.816930 0.611626 0.481667 0.913857 0.843841 0.923145 0.812482 0.890713 0.835763 0.905698 0.848196 0.831054 0.715843 0.956149 0.895202 0.803884 0.894861 0.481618 0.502318 0.645535 0.877825 0.984523 0.814386 0.627217 0.843669 0.811275 0.893317 0.584546 0.880017
0.301820 0.305963 0.541227 0.377171 0.861081 0.934162 0.371083 0.272324 0.899734 0.855892 0.619365 0.362256 0.393695 0.386289 0.526416 0.396722 0.352549 0.367306 0.292399 0.382754 0.591980 0.943517 0.407579 0.416898 0.662342 0.695706 0.628554 0.961137 0.442031 0.407583 0.465001 0.391039 0.000000 0.286141 0.625417 0.830282 0.721749 0.643626 0.984029 0.803067 0.773749 0.771065 0.721819 0.529970 0.827606 0.695096 0.398049 0.443979 0.694551 0.512648 0.485388 0.432054 0.601891 0.792282 0.346341 0.423083 0.278494 0.284279 0.329532 0.297373 0.293763 0.259507 0.302849 0.263273 0.509845 0.384976 0.427018 0.434554 0.500768 0.319594 0.903412 0.909377 0.587481 0.764649 0.672155 0.739923 0.808882 0.866039 0.439650 0.397655 0.361796 0.447786 0.379790 0.437013 0.295928 0.260821 0.997847 0.709147 0.512108 0.351884 0.664424 0.618331 0.658155 0.582445 0.894641 0.865388 0.861107 0.943352 0.886212 0.816279 0.936637 0.967763 0.860795 0.731057 0.620107 0.589378 0.746317 0.996987 0.830490 0.797383 0.696842 0.771570 0.931454 0.853002 0.547930 0.767563
0.292434 0.278499 0.648509 0.521983 0.909743 0.969009 0.374573 0.315339 0.831507 0.837020 0.487724 0.336259 0.347389 0.388012 0.509030 0.493181 0.298704 0.325531 0.314509 0.371261 0.691694 0.944765 0.551139 0.584120 0.769974 0.855447 0.684764 0.913274 0.366542 0.378442 0.522193 0.446111 0.286141 0.000000 0.719695 0.932146 0.759410 0.695539 0.986530 0.695902 0.673682 0.696120 0.749652 0.529625 0.761574 0.616420 0.386338 0.494196 0.607729 0.474195 0.503435 0.448310 0.591799 0.853238 0.316227 0.321327 0.278423 0.300406 0.325183 0.322432 0.253802 0.293233 0.250479 0.236071 0.609010 0.485984 0.544303 0.505551 0.486074 0.352760 0.966643 0.833611 0.670671 0.823637 0.701289 0.828200 0.856196 0.899457 0.449668 0.475761 0.303713 0.401398 0.428801 0.428629 0.322607 0.343677 0.985177 0.780074 0.485070 0.336711 0.659829 0.661192 0.646569 0.587822 0.957898 0.904772 0.978529 0.906833 0.880074 0.790121 0.950784 0.926307 0.713025 0.697107 0.785190 0.669000 0.717300 0.940472 0.892184 0.865368 0.715032 0.769163 0.880432 0.909116 0.596254 0.812831
0.865119 0.789443 0.506399 0.504010 0.932949 0.876425 0.603499 0.646431 0.815013 0.978265 0.881608 0.852797 0.888559 0.834987 0.844750 0.574439 0.809970 0.849195 0.702231 0.876564 0.724151 0.939026 0.463250 0.521862 0.546312 0.490841 0.741977 0.880743 0.927248 0.851193 0.510952 0.565300 0.625417 0.719695 0.000000 0.756974 0.741349 0.754925 0.740420 0.972292 0.923070 0.871841 0.722318 0.683849 0.929487 0.935483 0.647531 0.626804 0.974140 0.839865 0.793513 0.762543 0.727775 0.740015 0.706523 0.782831 0.798388 0.788337 0.787861 0.777245 0.823031 0.741733 0.888360 0.810331 0.586478 0.564786 0.473184 0.547453 0.799003 0.745270 0.716280 0.771811 0.704467 0.731568 0.695922 0.820553 0.614275 0.757863 0.804027 0.836821 0.853590 0.861533 0.621210 0.798704 0.707286 0.591955 0.826191 0.789054 0.809614 0.692947 0.979479 0.943097 0.913120 0.968053 0.888249 0.823920 0.974658 0.961337 0.908900 0.803307 0.970661 0.932564 0.974409 0.933314 0.564077 0.715422 0.679954 0.951641 0.922093 0.745834 0.755834 0.892508 0.833503 0.938669 0.621401 0.893667
0.987795 0.871317 0.590803 0.656809 0.990811 0.992819 0.851784 0.872722 0.991978 0.782279 0.909270 0.980165 0.928764 0.932103 0.967800 0.838060 0.950056 0.931134 0.901478 0.906126 0.816452 0.970303 0.722077 0.795684 0.612105 0.600850 0.660035 0.921382 0.938699 0.918874 0.661154 0.764796 0.830282 0.932146 0.756974 0.000000 0.757112 0.605251 0.822802 0.964988 0.923284 0.977029 0.904653 0.881961 0.930522 0.905034 0.931053 0.875671 0.820351 0.971817 0.987209 0.952050 0.899616 0.941205 0.927103 0.977130 0.865142 0.887366 0.962429 0.907151 0.990863 0.921202 0.929217 0.998507 0.651616 0.696358 0.698464 0.747319 0.933483 0.859496 0.754947 0.910187 0.886009 0.924723 0.815570 0.931340 0.953524 0.890884 0.927216 0.837818 0.990734 0.976479 0.851891 0.922491 0.855414 0.803807 0.998384 0.961277 0.962185 0.909825 0.905828 0.847923 0.965063 0.927816 0.968538 0.967649 0.983953 0.931611 0.870353 0.955084 0.860998 0.745085 0.907847 0.787087 0.857296 0.913771 0.863101 0.944494 0.964112 0.949996 0.981447 0.840509 0.902212 0.983004 0.852335 0.916317
0.701310 0.566617 0.521811 0.544495 0.815891 0.810566 0.801296 0.750974 0.794611 0.643701 0.863111 0.769812 0.839792 0.846968 0.912527 0.808883 0.730839 0.711527 0.651474 0.669566 0.640711 0.994300 0.712352 0.653357 0.437221 0.521083 0.486304 0.935901 0.883178 0.725824 0.724149 0.716455 0.721749 0.759410 0.741349 0.757112 0.000000 0.488347 0.642458 0.826211 0.660287 0.740420 0.975317 0.874402 0.722146 0.833673 0.760849 0.886010 0.802268 0.972986 0.974374 0.878087 0.974115 0.934049 0.802353 0.832719 0.625414 0.600931 0.773180 0.730919 0.841031 0.804309 0.824496 0.763103 0.546439 0.583813 0.758054 0.798856 0.599545 0.627578 0.824655 0.918616 0.906860 0.945606 0.733852 0.940271 0.986124 0.998806 0.771180 0.757091 0.809092 0.828066 0.634097 0.646408 0.718197 0.631273 0.719885 0.804454 0.857489 0.691912 0.583162 0.621009 0.638886 0.646187 0.952409 0.907373 0.942318 0.947851 0.678197 0.826572 0.766184 0.689878 0.801917 0.992547 0.760592 0.770512 0.991495 0.911304 0.983802 0.829179 0.980588 0.862135 0.829215 0.955069 0.848063 0.857486
0.628265 0.540496 0.544209 0.562675 0.784167 0.924985 0.764722 0.728811 0.835390 0.692424 0.841714 0.746868 0.829787 0.831970 0.953507 0.816219 0.675242 0.641126 0.617523 0.627050 0.763292 0.890824 0.718114 0.696747 0.474929 0.533557 0.540701 0.953798 0.853872 0.730564 0.654460 0.654387 0.643626 0.695539 0.754925 0.605251 0.488347 0.000000 0.681692 0.853914 0.751730 0.763117 0.965287 0.844010 0.767581 0.903148 0.731194 0.805638 0.853673 0.945136 0.952430 0.859955 0.949413 0.889143 0.739495 0.756786 0.561337 0.555822 0.761559 0.709302 0.794741 0.740934 0.772062 0.691595 0.552026 0.586765 0.778300 0.821452 0.587267 0.538851 0.832885 0.930257 0.934867 0.933266 0.815993 0.949599 0.964252 0.971964 0.812558 0.760625 0.694905 0.743676 0.701774 0.619551 0.676376 0.560838 0.757608 0.909913 0.755666 0.600635 0.625378 0.583609 0.651715 0.560168 0.907635 0.961592 0.923470 0.944666 0.713262 0.832820 0.735545 0.620385 0.884232 0.901598 0.871980 0.904049 0.815197 0.948771 0.976846 0.886582 0.918157 0.841443 0.825746 0.840191 0.863681 0.706009
