0.000000 0.383055 0.964498 0.975519 0.938511 0.734434 0.601125 0.543925 0.915370 0.701160 0.531996 0.387620 0.488520 0.517536 0.604084 0.610159 0.383815 0.405390 0.572443 0.660356 0.839338 0.832468 0.772461 0.863985 0.677523 0.673938 0.811118 0.957643 0.518947 0.468702 0.660827 0.814428 0.507946 0.515760 0.934991 0.844341 0.788656 0.844434 0.775066 0.886391 0.905441 0.936315 0.493301 0.454231 0.480616 0.479306 0.532024 0.530866 0.439549 0.462820 0.530939 0.603570 0.703589 0.820932 0.563917 0.617348 0.489383 0.447072 0.405008 0.496115 0.461303 0.566053 0.400964 0.340757 0.837282 0.997523 0.612233 0.621387 0.670416 0.533159 0.896715 0.719292 0.854176 0.971641 0.996739 0.921030 0.597943 0.657463 0.656023 0.714691 0.354848 0.477451 0.604424 0.645822 0.533594 0.591533 0.729658 0.951354 0.713453 0.803936 0.717621 0.982446 0.835324 0.796900 0.781760 0.902388 0.808799 0.944632 0.443788 0.555308 0.716025 0.655527 0.471117 0.802637 0.648733 0.783184 0.921662 0.838058 0.861038 0.701628 0.768734 0.735898 0.642052 0.737812 0.815942 0.907269
0.383055 0.000000 0.913026 0.916199 0.824472 0.913926 0.777185 0.648645 0.954698 0.828785 0.661023 0.582674 0.674700 0.696585 0.776604 0.860992 0.444383 0.472982 0.722303 0.631955 0.992308 0.801119 0.963462 0.931893 0.886711 0.759541 0.841412 0.896121 0.623102 0.597275 0.709924 0.913216 0.736464 0.568482 0.978921 0.888182 0.975159 0.952158 0.786847 0.968031 0.798297 0.818284 0.542687 0.540442 0.634140 0.581793 0.580454 0.631972 0.529681 0.473724 0.557069 0.552163 0.691515 0.731155 0.665654 0.653792 0.388981 0.367662 0.489630 0.457947 0.675493 0.727839 0.573707 0.513541 0.883931 0.980441 0.657874 0.666010 0.571566 0.468480 0.963966 0.662894 0.834192 0.959615 0.948318 0.925904 0.687622 0.777334 0.620421 0.736713 0.513261 0.622809 0.651234 0.758547 0.772174 0.752423 0.742528 0.988896 0.850004 0.839983 0.806471 0.961271 0.847749 0.931044 0.929716 0.860817 0.727062 0.846488 0.571394 0.562844 0.788831 0.711921 0.602251 0.779435 0.714586 0.826767 0.886026 0.917431 0.965602 0.712953 0.928129 0.789977 0.706871 0.720725 0.882173 0.948927
0.964498 0.913026 0.000000 0.769676 0.999064 0.909124 0.648471 0.730465 0.762244 0.839746 0.998048 0.992486 0.989067 0.873925 0.958396 0.830138 0.859037 0.947866 0.852685 0.871744 0.947240 0.894086 0.993964 0.889147 0.652381 0.711885 0.990636 0.865233 0.835914 0.938865 0.764664 0.837801 0.964959 0.794265 0.900378 0.998696 0.974070 0.995577 0.801337 0.981586 0.829825 0.826021 0.947505 0.975904 0.847741 0.858969 0.718340 0.984430 0.836646 0.821777 0.871120 0.728046 0.810584 0.758765 0.989595 0.858381 0.771781 0.879709 0.820753 0.973668 0.839931 0.978281 0.873957 0.974161 0.601276 0.680232 0.797745 0.835301 0.877236 0.851318 0.995113 0.957810 0.887826 0.895775 0.922360 0.944348 0.834534 0.845511 0.950432 0.985713 0.982059 0.731801 0.976268 0.949776 0.828162 0.870006 0.797820 0.975317 0.824434 0.937378 0.971298 0.875641 0.905161 0.967493 0.842296 0.999524 0.769124 0.915345 0.919130 0.956119 0.889457 0.969989 0.981439 0.986616 0.911099 0.986538 0.696926 0.961177 0.935936 0.832032 0.882404 0.903459 0.962033 0.975817 0.995038 0.971208
0.975519 0.916199 0.769676 0.000000 0.974175 0.715513 0.978999 0.870323 0.893145 0.884785 0.763996 0.813426 0.707866 0.742076 0.832639 0.938357 0.970986 0.950667 0.898748 0.926599 0.958346 0.872458 0.727552 0.730516 0.624053 0.731209 0.845793 0.981857 0.919969 0.900644 0.924460 0.820233 0.956637 0.956811 0.865313 0.924852 0.940111 0.768567 0.823037 0.910939 0.908287 0.990913 0.925108 0.925365 0.989069 0.976789 0.911989 0.977161 0.979540 0.801067 0.800827 0.749571 0.748646 0.701623 0.932586 0.847508 0.811102 0.818367 0.893514 0.688848 0.922794 0.934185 0.922806 0.911577 0.623081 0.553927 0.543760 0.654349 0.787265 0.853815 0.717458 0.854730 0.785467 0.784635 0.921751 0.957255 0.887770 0.921732 0.919689 0.960012 0.878938 0.989268 0.929129 0.874002 0.912572 0.674833 0.961373 0.882807 0.883976 0.729667 0.579714 0.623899 0.535781 0.568290 0.994683 0.988930 0.993870 0.837955 0.841739 0.798905 0.948730 0.905854 0.863785 0.896526 0.857594 0.970390 0.940263 0.930665 0.996437 0.896939 0.819150 0.815035 0.958968 0.853419 0.808819 0.953201
0.938511 0.824472 0.999064 0.974175 0.000000 0.628715 0.758433 0.772316 0.564764 0.688526 0.957337 0.928725 0.754611 0.880383 0.718527 0.754091 0.993388 0.837798 0.786036 0.951073 0.846974 0.931697 0.650148 0.909207 0.770518 0.798182 0.865613 0.764186 0.838784 0.859660 0.968875 0.971831 0.859098 0.976726 0.955872 0.939682 0.948503 0.973518 0.994540 0.926044 0.824842 0.759542 0.985250 0.999950 0.822035 0.905738 0.967141 0.995775 0.925859 0.966257 0.835688 0.931080 0.732200 0.858222 0.980536 0.918682 0.832362 0.953407 0.930174 0.932332 0.759652 0.666497 0.863948 0.843631 0.918226 0.984602 0.926399 0.943253 0.925357 0.955705 0.683101 0.811570 0.856540 0.902256 0.913714 0.960908 0.779406 0.883541 0.756817 0.985859 0.984703 0.971389 0.853707 0.935438 0.685469 0.889267 0.936756 0.826462 0.808036 0.891318 0.721329 0.709386 0.797988 0.975277 0.930753 0.947876 0.862097 0.862549 0.885837 0.867453 0.792769 0.848522 0.946117 0.933935 0.980187 0.945107 0.805793 0.891727 0.851901 0.827870 0.831730 0.816756 0.998704 0.945635 0.975356 0.922999
0.734434 0.913926 0.909124 0.715513 0.628715 0.000000 0.576163 0.501421 0.656448 0.539707 0.855965 0.770131 0.794785 0.827697 0.716918 0.647503 0.701136 0.774842 0.567780 0.767984 0.773818 0.957860 0.566755 0.712253 0.857735 0.955566 0.952882 0.871077 0.686029 0.738987 0.688318 0.864486 0.645373 0.699325 0.780064 0.987950 0.825720 0.964304 0.949561 0.929946 0.993315 0.965458 0.684507 0.672638 0.516201 0.602164 0.741345 0.636928 0.599349 0.610630 0.530162 0.682511 0.585254 0.695025 0.758071 0.602065 0.907274 0.823053 0.687980 0.666841 0.573002 0.597024 0.685404 0.628749 0.990299 0.819889 0.558607 0.635631 0.972398 0.841308 0.737705 0.932339 0.932161 0.972227 0.928463 0.973815 0.649279 0.788957 0.924253 0.673297 0.672166 0.626288 0.876048 0.877485 0.537745 0.590293 0.957165 0.957129 0.809270 0.885407 0.508337 0.705684 0.535432 0.963228 0.893501 0.918389 0.854541 0.882346 0.521487 0.669072 0.741498 0.676940 0.667969 0.920716 0.796245 0.934254 0.988722 0.880131 0.834090 0.959961 0.796410 0.639945 0.737754 0.933160 0.847793 0.859044
0.601125 0.777185 0.648471 0.978999 0.758433 0.576163 0.000000 0.238962 0.635034 0.297579 0.483702 0.534827 0.457113 0.631401 0.550565 0.837065 0.427233 0.559350 0.412623 0.627842 0.849582 0.881574 0.903626 0.763537 0.611495 0.764002 0.618281 0.916078 0.361275 0.460275 0.504281 0.703754 0.437739 0.402764 0.962264 0.969221 0.826284 0.728541 0.872661 0.944834 0.861071 0.960201 0.451790 0.429152 0.474554 0.480920 0.477507 0.516942 0.585489 0.816054 0.660625 0.988679 0.923959 0.880850 0.749347 0.632679 0.773207 0.830132 0.449382 0.724384 0.238858 0.399283 0.321384 0.381811 0.816190 0.887327 0.665199 0.601944 0.981692 0.788704 0.881735 0.979326 0.877819 0.975463 0.981879 0.955190 0.506768 0.881895 0.681301 0.668524 0.452528 0.426933 0.772341 0.839624 0.571971 0.862110 0.842283 0.844479 0.991611 0.841945 0.671182 0.995489 0.831815 0.650620 0.915137 0.908633 0.754288 0.867526 0.517543 0.582852 0.496564 0.772861 0.570618 0.816746 0.660609 0.868118 0.838406 0.968192 0.751793 0.724989 0.706321 0.796967 0.690172 0.856848 0.879859 0.928237
0.543925 0.648645 0.730465 0.870323 0.772316 0.501421 0.238962 0.000000 0.592581 0.270998 0.513099 0.490776 0.464368 0.574272 0.505045 0.734090 0.410740 0.494515 0.365251 0.576669 0.840873 0.896586 0.765432 0.894660 0.638445 0.769953 0.652295 0.993253 0.337174 0.417620 0.468997 0.697465 0.409381 0.398924 0.926548 0.924998 0.817383 0.805634 0.951464 0.938299 0.933033 0.934062 0.433144 0.382370 0.380692 0.399811 0.473227 0.486986 0.459189 0.675822 0.575836 0.832367 0.774656 0.980452 0.655287 0.577775 0.694449 0.703326 0.439038 0.601686 0.265166 0.342755 0.342339 0.353420 0.790141 0.884752 0.589669 0.525098 0.905917 0.644560 0.738905 0.863565 0.855321 0.996500 0.998566 0.965338 0.487854 0.834581 0.722860 0.628464 0.418515 0.459782 0.682424 0.816001 0.529920 0.811761 0.807921 0.906889 0.885605 0.962063 0.566693 0.843487 0.693115 0.806863 0.890990 0.946286 0.699277 0.846362 0.371217 0.487381 0.457394 0.677144 0.490570 0.748102 0.618574 0.842430 0.867754 0.981710 0.823433 0.750762 0.636932 0.735543 0.645284 0.787697 0.886541 0.908343
0.915370 0.954698 0.762244 0.893145 0.564764 0.656448 0.635034 0.592581 0.000000 0.538638 0.910353 0.852788 0.721071 0.850492 0.812171 0.766292 0.943848 0.965651 0.664026 0.937454 0.697971 0.914889 0.724737 0.999783 0.956471 0.947176 0.845625 0.984106 0.780720 0.840451 0.799088 0.996812 0.859203 0.902692 0.899747 0.918422 0.967619 0.933241 0.945373 0.903619 0.759811 0.997770 0.895482 0.935516 0.821245 0.903033 0.906033 0.899092 0.872248 0.868071 0.955380 0.898298 0.873960 0.923323 0.791156 0.850809 0.991300 0.915772 0.879972 0.943293 0.676700 0.507827 0.844166 0.811453 0.974020 0.799714 0.988918 0.960651 0.863767 0.852243 0.662715 0.977700 0.975656 0.935450 0.984342 0.910530 0.854149 0.953056 0.809509 0.932249 0.915746 0.917609 0.815609 0.996527 0.624071 0.952666 0.862145 0.887236 0.857252 0.973615 0.739569 0.798005 0.876336 0.952542 0.897751 0.994657 0.910492 0.806994 0.787976 0.903076 0.786514 0.818789 0.985917 0.996729 0.904267 0.910649 0.902167 0.802605 0.936677 0.859543 0.808845 0.980670 0.858582 0.994612 0.824667 0.977507
0.701160 0.828785 0.839746 0.884785 0.688526 0.539707 0.297579 0.270998 0.538638 0.000000 0.609686 0.570848 0.499824 0.624688 0.508453 0.759887 0.544907 0.578608 0.411137 0.614455 0.849438 0.985305 0.799539 0.794892 0.591330 0.785227 0.663358 0.928076 0.405485 0.493861 0.457672 0.735699 0.451192 0.454969 0.939722 0.950827 0.788313 0.836476 0.942780 0.967558 0.883220 0.971263 0.491014 0.469254 0.386296 0.423143 0.567710 0.559448 0.491989 0.754557 0.631408 0.918632 0.803159 0.989452 0.706752 0.675802 0.875267 0.880066 0.584736 0.729230 0.332853 0.342037 0.440951 0.440593 0.696381 0.956128 0.702665 0.635478 0.997415 0.743090 0.696137 0.866873 0.932691 0.970380 0.963360 0.899284 0.560985 0.880508 0.811335 0.760767 0.524788 0.633614 0.794385 0.874754 0.648406 0.929121 0.835223 0.858787 0.991240 0.866844 0.553241 0.791188 0.679461 0.851739 0.956379 0.882164 0.853353 0.787734 0.423005 0.501873 0.536951 0.728499 0.559556 0.800354 0.745751 0.897934 0.858371 0.970477 0.827584 0.741878 0.694666 0.709066 0.726767 0.860954 0.871773 0.994044
0.531996 0.661023 0.998048 0.763996 0.957337 0.855965 0.483702 0.513099 0.910353 0.609686 0.000000 0.379326 0.357072 0.453402 0.508350 0.804844 0.491074 0.456899 0.544099 0.689355 0.919340 0.803703 0.955268 0.758526 0.468279 0.586524 0.573066 0.858730 0.427132 0.414614 0.687754 0.828245 0.498483 0.417376 0.897168 0.897878 0.879732 0.697221 0.786045 0.787439 0.993254 0.995511 0.532862 0.435854 0.509317 0.470051 0.593163 0.543701 0.557203 0.806093 0.725525 0.972607 0.985442 0.895115 0.804891 0.763847 0.801033 0.805849 0.573381 0.828327 0.352188 0.510936 0.362947 0.390050 0.612027 0.875927 0.910350 0.783105 0.931340 0.780295 0.997985 0.973979 0.993060 0.827404 0.934095 0.819295 0.655157 0.772927 0.661168 0.608553 0.393295 0.475406 0.664693 0.596852 0.731614 0.924085 0.825372 0.849826 0.841217 0.906380 0.930621 0.781487 0.951424 0.560828 0.927533 0.960941 0.827011 0.939681 0.603378 0.791453 0.502528 0.843127 0.565731 0.766820 0.815139 0.972249 0.976607 0.825751 0.761633 0.776040 0.786333 0.903714 0.738469 0.863858 0.981515 0.978527
0.387620 0.582674 0.992486 0.813426 0.928725 0.770131 0.534827 0.490776 0.852788 0.570848 0.379326 0.000000 0.315390 0.312666 0.417029 0.519740 0.454395 0.391212 0.469058 0.611529 0.792187 0.861160 0.780510 0.954230 0.463111 0.592608 0.735891 0.855872 0.408005 0.351331 0.557647 0.737055 0.408748 0.439659 0.968356 0.962333 0.820007 0.852295 0.795726 0.891118 0.983735 0.988890 0.560183 0.442828 0.381048 0.402183 0.619956 0.597905 0.402339 0.626131 0.689656 0.813935 0.824164 0.937463 0.712499 0.726862 0.712517 0.705164 0.605423 0.801194 0.374725 0.416299 0.407166 0.317731 0.634544 0.845582 0.813182 0.759003 0.855150 0.595871 0.867707 0.771892 0.943487 0.987199 0.881916 0.936262 0.653930 0.799791 0.672875 0.543742 0.329327 0.452465 0.522098 0.592486 0.545193 0.729589 0.828739 0.998543 0.689284 0.937289 0.883045 0.861668 0.993662 0.700038 0.923261 0.942225 0.896769 0.966593 0.508700 0.600963 0.636401 0.721716 0.472420 0.655937 0.772350 0.909928 0.924142 0.909741 0.823700 0.740171 0.795979 0.731228 0.679257 0.723920 0.964722 0.993950
0.488520 0.674700 0.989067 0.707866 0.754611 0.794785 0.457113 0.464368 0.721071 0.499824 0.357072 0.315390 0.000000 0.292109 0.318802 0.589163 0.508273 0.522175 0.494926 0.629334 0.784515 0.899779 0.802250 0.893587 0.412413 0.492675 0.689199 0.906605 0.359562 0.316437 0.608930 0.755779 0.380643 0.456496 0.947654 0.930423 0.893376 0.680070 0.792267 0.827051 0.936378 0.933066 0.581435 0.480789 0.422583 0.411959 0.611376 0.575286 0.474105 0.777776 0.755544 0.947528 0.919277 0.841167 0.773367 0.719607 0.845745 0.753374 0.616442 0.878037 0.295832 0.355660 0.381629 0.310400 0.597840 0.832633 0.928740 0.783741 0.933215 0.642807 0.822186 0.835143 0.955094 0.941115 0.923428 0.883261 0.595846 0.771932 0.772426 0.651919 0.384592 0.512291 0.504582 0.621997 0.573529 0.870008 0.845991 0.981434 0.762580 0.999230 0.958774 0.864484 0.887685 0.600560 0.949246 0.933423 0.797531 0.937299 0.557693 0.674450 0.575779 0.768374 0.571090 0.684636 0.868674 0.846628 0.890319 0.933767 0.762289 0.793679 0.729061 0.808814 0.788841 0.735140 0.939801 0.983190
0.517536 0.696585 0.873925 0.742076 0.880383 0.827697 0.631401 0.574272 0.850492 0.624688 0.453402 0.312666 0.292109 0.000000 0.327749 0.438613 0.544903 0.475657 0.563057 0.557743 0.876218 0.946124 0.690985 0.919602 0.454444 0.581215 0.742146 0.949877 0.423840 0.357717 0.645251 0.711870 0.462833 0.525601 0.933490 0.994722 0.879853 0.776452 0.889523 0.855097 0.984983 0.949959 0.694325 0.530646 0.448492 0.435634 0.640049 0.647031 0.450235 0.712030 0.747548 0.860450 0.894958 0.917995 0.774768 0.781201 0.884582 0.731941 0.755752 0.891560 0.435194 0.424963 0.463758 0.356566 0.627572 0.831622 0.878446 0.825505 0.961811 0.660421 0.792685 0.743928 0.963384 0.969945 0.846895 0.991947 0.719490 0.901527 0.745617 0.606159 0.430136 0.530633 0.439264 0.609634 0.537720 0.798088 0.906685 0.912328 0.678047 0.881925 0.972703 0.890865 0.935905 0.691074 0.900175 0.985448 0.896976 0.962276 0.572883 0.715005 0.644499 0.771361 0.580760 0.711468 0.788337 0.885056 0.998598 0.925441 0.800902 0.833852 0.772262 0.844286 0.755860 0.747199 0.962478 0.947592
0.604084 0.776604 0.958396 0.832639 0.718527 0.716918 0.550565 0.505045 0.812171 0.508453 0.508350 0.417029 0.318802 0.327749 0.000000 0.456649 0.613892 0.551346 0.596367 0.615494 0.876048 0.915108 0.585835 0.937285 0.443873 0.523755 0.746609 0.902803 0.405660 0.364939 0.647156 0.715301 0.408141 0.514351 0.998012 0.981372 0.844243 0.817823 0.919811 0.857606 0.980440 0.903730 0.667699 0.575507 0.407985 0.418052 0.665387 0.624301 0.438415 0.678246 0.655107 0.791359 0.773403 0.955210 0.846827 0.775319 0.988141 0.788510 0.757173 0.901927 0.417936 0.468404 0.452482 0.392805 0.644692 0.754967 0.859777 0.819092 0.930195 0.637435 0.681828 0.727396 0.991221 0.962009 0.824224 0.954371 0.615290 0.982059 0.797591 0.647028 0.492461 0.603571 0.462475 0.629337 0.504571 0.757312 0.965179 0.941967 0.686499 0.883979 0.888989 0.968147 0.953854 0.755629 0.940026 0.929244 0.931829 0.930725 0.529047 0.644974 0.599687 0.797916 0.588775 0.655684 0.842291 0.840525 0.898966 0.912064 0.954688 0.953707 0.774125 0.722457 0.908724 0.773463 0.921091 0.992665
0.610159 0.860992 0.830138 0.938357 0.754091 0.647503 0.837065 0.734090 0.766292 0.759887 0.804844 0.519740 0.589163 0.438613 0.456649 0.000000 0.819690 0.761477 0.683381 0.736191 0.826176 0.896821 0.317674 0.524046 0.718543 0.706401 0.921848 0.879750 0.723284 0.565972 0.800365 0.733788 0.663544 0.798139 0.900048 0.903378 0.888593 0.946562 0.996224 0.911434 0.845902 0.786879 0.906978 0.761619 0.567722 0.650145 0.907326 0.758331 0.577028 0.611318 0.686545 0.643315 0.632053 0.809382 0.815188 0.838035 0.989980 0.765653 0.891963 0.849382 0.665779 0.638142 0.722715 0.597064 0.977161 0.954047 0.767279 0.896213 0.976165 0.714979 0.624792 0.761870 0.917431 0.927949 0.812348 0.934693 0.837577 0.980720 0.975211 0.728996 0.700311 0.687443 0.439723 0.752674 0.360423 0.490883 0.977602 0.678039 0.481154 0.574394 0.792346 0.816841 0.799299 0.997220 0.867809 0.990537 0.956000 0.999767 0.621405 0.708254 0.905571 0.748683 0.656544 0.941533 0.789009 0.845938 0.938245 0.893945 0.997412 0.923622 0.807149 0.745460 0.852366 0.859033 0.821704 0.993740
0.383815 0.444383 0.859037 0.970986 0.993388 0.701136 0.427233 0.410740 0.943848 0.544907 0.491074 0.454395 0.508273 0.544903 0.613892 0.819690 0.000000 0.357619 0.500988 0.580137 0.867866 0.798240 0.941198 0.912249 0.634098 0.661733 0.655486 0.954884 0.373983 0.415584 0.545397 0.758496 0.476069 0.364405 0.927794 0.987438 0.797742 0.783546 0.841517 0.962149 0.982129 0.808677 0.432142 0.361473 0.434572 0.422781 0.397367 0.473723 0.470029 0.575927 0.585040 0.763693 0.809793 0.933331 0.589155 0.572108 0.535705 0.562243 0.391396 0.504917 0.377390 0.516861 0.320928 0.313278 0.752368 0.998327 0.593694 0.535422 0.840381 0.610340 0.966427 0.840672 0.863692 0.977647 0.990258 0.966479 0.481158 0.717951 0.566020 0.667458 0.351039 0.414563 0.733297 0.664612 0.678605 0.795721 0.896795 0.831033 0.891811 0.992556 0.678241 0.977723 0.812493 0.748378 0.898515 0.825671 0.725626 0.915767 0.469387 0.508931 0.572403 0.660748 0.517196 0.736912 0.718488 0.760297 0.913250 0.982595 0.758272 0.617480 0.772508 0.742972 0.594062 0.748734 0.853451 0.752175
0.405390 0.472982 0.947866 0.950667 0.837798 0.774842 0.559350 0.494515 0.965651 0.578608 0.456899 0.391212 0.522175 0.475657 0.551346 0.761477 0.357619 0.000000 0.526567 0.482056 0.914527 0.874349 0.926342 0.959408 0.629996 0.755308 0.638016 0.950474 0.388947 0.362173 0.518507 0.653576 0.456496 0.392875 0.944540 0.923300 0.827170 0.915605 0.857822 0.920452 0.911958 0.861134 0.394389 0.348262 0.421431 0.343699 0.471732 0.481672 0.379805 0.506951 0.538087 0.691685 0.832957 0.885798 0.673658 0.605106 0.600821 0.598427 0.522594 0.587026 0.475187 0.547937 0.395483 0.354209 0.689748 0.931118 0.634296 0.555977 0.804152 0.556367 0.924054 0.747796 0.843139 0.936862 0.959609 0.933628 0.649999 0.784734 0.481239 0.486988 0.301442 0.435446 0.698883 0.591821 0.740179 0.781223 0.845364 0.859270 0.884253 0.980793 0.791336 0.923361 0.838951 0.735331 0.782982 0.946971 0.818170 0.928393 0.459946 0.521236 0.633523 0.728332 0.402617 0.687939 0.715457 0.832785 0.991636 0.854200 0.845927 0.709784 0.766491 0.809871 0.697309 0.746652 0.966698 0.849696
0.572443 0.722303 0.852685 0.898748 0.786036 0.567780 0.412623 0.365251 0.664026 0.411137 0.544099 0.469058 0.494926 0.563057 0.596367 0.683381 0.500988 0.526567 0.000000 0.478466 0.692809 0.866267 0.769668 0.969393 0.629326 0.824641 0.721407 0.955822 0.403856 0.467772 0.527369 0.628357 0.503849 0.440831 0.971983 0.953032 0.813992 0.868386 0.925373 0.859388 0.954825 0.933963 0.460432 0.380703 0.420425 0.436813 0.558161 0.543426 0.546909 0.688404 0.677094 0.870619 0.852836 0.985054 0.721973 0.650008 0.740465 0.789883 0.551209 0.677386 0.386278 0.360533 0.462860 0.435821 0.809204 0.755976 0.588790 0.565978 0.833235 0.737344 0.733643 0.782045 0.761473 0.888210 0.951471 0.979737 0.618497 0.753768 0.772009 0.660285 0.490791 0.461508 0.672958 0.732693 0.587365 0.809362 0.804853 0.977211 0.790423 0.998853 0.585894 0.927946 0.750309 0.836985 0.928301 0.992077 0.837213 0.998099 0.450059 0.567388 0.610947 0.669882 0.474400 0.755567 0.702695 0.900012 0.954280 0.921319 0.715926 0.768502 0.727031 0.689756 0.684850 0.777222 0.805080 0.893208
0.660356 0.631955 0.871744 0.926599 0.951073 0.767984 0.627842 0.576669 0.937454 0.614455 0.689355 0.611529 0.629334 0.557743 0.615494 0.736191 0.580137 0.482056 0.478466 0.000000 0.941638 0.898924 0.810095 0.931068 0.758237 0.924929 0.828224 0.932633 0.497429 0.533596 0.618150 0.641193 0.587385 0.563373 0.936852 0.931308 0.926870 0.950562 0.988608 0.961216 0.995542 0.959725 0.623570 0.516500 0.546331 0.509588 0.530758 0.616364 0.575529 0.646740 0.643039 0.767237 0.875149 0.934831 0.759066 0.687424 0.719908 0.645949 0.637457 0.695147 0.584076 0.589311 0.539846 0.490893 0.840739 0.851256 0.607945 0.569854 0.777086 0.665302 0.805905 0.824907 0.877350 0.814355 0.931810 0.971915 0.651753 0.973973 0.642660 0.550786 0.575792 0.540102 0.700643 0.690420 0.655914 0.777061 0.863707 0.918711 0.839861 0.968998 0.761575 0.991421 0.850127 0.838052 0.812842 0.957198 0.826816 0.826755 0.575852 0.630826 0.770887 0.828041 0.625985 0.650081 0.673084 0.901141 0.969768 0.938928 0.791114 0.862088 0.798335 0.741591 0.924418 0.807651 0.971980 0.889689
0.839338 0.992308 0.947240 0.958346 0.846974 0.773818 0.849582 0.840873 0.697971 0.849438 0.919340 0.792187 0.784515 0.876218 0.876048 0.826176 0.867866 0.914527 0.692809 0.941638 0.000000 0.991502 0.847679 0.869495 0.949972 0.886138 0.822771 0.978339 0.876990 0.909432 0.971440 0.951571 0.947583 0.879681 0.969713 0.992892 0.921098 0.908897 0.743618 0.935540 0.941822 0.937321 0.900929 0.852339 0.847026 0.865314 0.995066 0.780380 0.894032 0.952949 0.902964 0.926801 0.838324 0.870489 0.985816 0.839914 0.953538 0.937164 0.930370 0.894646 0.844223 0.796449 0.920199 0.866595 0.985150 0.993810 0.999787 0.995722 0.891399 0.812131 0.815748 0.816720 0.983100 0.973635 0.946823 0.946827 0.942017 0.885884 0.949563 0.949799 0.904299 0.835843 0.816692 0.830115 0.824389 0.952310 0.965675 0.851333 0.880600 0.905965 0.759756 0.881357 0.884083 0.973069 0.996028 0.854145 0.970717 0.907107 0.859817 0.869837 0.929338 0.761951 0.867704 0.998519 0.987599 0.854842 0.931470 0.936911 0.853628 0.879801 0.863929 0.830610 0.949677 0.814718 0.807230 0.997400
0.832468 0.801119 0.894086 0.872458 0.931697 0.957860 0.881574 0.896586 0.914889 0.985305 0.803703 0.861160 0.899779 0.946124 0.915108 0.896821 0.798240 0.874349 0.866267 0.898924 0.991502 0.000000 0.890150 0.793826 0.991325 0.887769 0.882002 0.932107 0.877100 0.928637 0.953182 0.976292 0.873801 0.864748 0.846999 0.821912 0.881821 0.997857 0.871854 0.801791 0.876364 0.837871 0.889223 0.886700 0.987468 0.956716 0.856546 0.907250 0.890370 0.986825 0.979319 0.910069 0.943395 0.917537 0.906753 0.962383 0.760938 0.866040 0.899153 0.902346 0.879572 0.924374 0.891884 0.907025 0.963797 0.909946 0.965156 0.932476 0.890021 0.993898 0.874020 0.909328 0.937482 0.939539 0.988128 0.940207 0.948217 0.929230 0.996604 0.971905 0.945359 0.913133 0.945688 0.868296 0.989128 0.912396 0.874824 0.782986 0.947333 0.887755 0.898932 0.830171 0.910903 0.842992 0.843894 0.934527 0.924561 0.896224 0.961141 0.972845 0.913709 0.951332 0.981125 0.974286 0.976447 0.931446 0.830973 0.944973 0.903174 0.857806 0.953100 0.951138 0.892120 0.927913 0.812684 0.865215
0.772461 0.963462 0.993964 0.727552 0.650148 0.566755 0.903626 0.765432 0.724737 0.799539 0.955268 0.780510 0.802250 0.690985 0.585835 0.317674 0.941198 0.926342 0.769668 0.810095 0.847679 0.890150 0.000000 0.437341 0.933469 0.873228 0.725213 0.860732 0.828547 0.735571 0.832644 0.703625 0.765085 0.954464 0.822293 0.893130 0.908459 0.928716 0.860752 0.925087 0.930887 0.907328 0.984915 0.930823 0.721325 0.796941 0.965042 0.897765 0.730979 0.667972 0.746064 0.671454 0.607078 0.752736 0.905181 0.854732 0.991592 0.786908 0.966395 0.850175 0.815242 0.774241 0.894173 0.787366 0.800678 0.879405 0.657715 0.854673 0.998269 0.708770 0.505922 0.757224 0.889658 0.973484 0.943237 0.928180 0.809541 0.979899 0.889823 0.836683 0.891521 0.811864 0.546212 0.883262 0.387503 0.433303 0.946480 0.584816 0.569117 0.458641 0.724167 0.650088 0.674187 0.791728 0.895494 0.933027 0.998720 0.972945 0.723865 0.740712 0.917369 0.762577 0.756093 0.968086 0.828492 0.842819 0.860500 0.914052 0.979407 0.785717 0.765398 0.727695 0.992070 0.976836 0.854527 0.988763
0.863985 0.931893 0.889147 0.730516 0.909207 0.712253 0.763537 0.894660 0.999783 0.794892 0.758526 0.954230 0.893587 0.919602 0.937285 0.524046 0.912249 0.959408 0.969393 0.931068 0.869495 0.793826 0.437341 0.000000 0.870401 0.940791 0.602911 0.924472 0.872444 0.969130 0.926828 0.897338 0.985378 0.819188 0.858175 0.812207 0.957327 0.794035 0.976170 0.963670 0.817638 0.934796 0.809809 0.877743 0.942711 0.987785 0.907911 0.938034 0.923235 0.686662 0.816452 0.636156 0.680607 0.667973 0.954199 0.912107 0.973573 0.796127 0.935921 0.878876 0.835513 0.883866 0.833897 0.970224 0.730093 0.843101 0.673783 0.893375 0.956709 0.729001 0.798110 0.814813 0.991329 0.933178 0.860647 0.962202 0.980699 0.972986 0.955712 0.869639 0.976593 0.901761 0.729326 0.969105 0.642884 0.451332 0.844471 0.560209 0.623662 0.524811 0.821966 0.821930 0.748755 0.733789 0.879881 0.946136 0.924480 0.971213 0.883910 0.898940 0.816089 0.840490 0.898195 0.946996 0.888633 0.854197 0.762411 0.794481 0.990583 0.725035 0.938509 0.783198 0.999657 0.857813 0.945616 0.992551
0.677523 0.886711 0.652381 0.624053 0.770518 0.857735 0.611495 0.638445 0.956471 0.591330 0.468279 0.463111 0.412413 0.454444 0.443873 0.718543 0.634098 0.629996 0.629326 0.758237 0.949972 0.991325 0.933469 0.870401 0.000000 0.487696 0.628083 0.986885 0.524293 0.521014 0.751898 0.828572 0.496776 0.619742 0.875076 0.976254 0.817153 0.762701 0.997966 0.849485 0.947946 0.876557 0.626387 0.559073 0.409203 0.429844 0.734244 0.701005 0.517712 0.764469 0.727206 0.882609 0.900916 0.951625 0.793605 0.878177 0.985234 0.965297 0.774579 0.952841 0.470060 0.477036 0.515577 0.459714 0.434871 0.740690 0.980292 0.880550 0.820181 0.814983 0.914474 0.925864 0.962354 0.916136 0.922644 0.956132 0.655285 0.838528 0.755652 0.637603 0.471492 0.707798 0.687660 0.742605 0.797972 0.984602 0.974981 0.882149 0.761955 0.913737 0.855911 0.935809 0.971031 0.655864 0.876742 0.961458 0.986685 0.934298 0.571406 0.708453 0.629022 0.800214 0.604723 0.672619 0.829507 0.853270 0.885479 0.989196 0.801328 0.886420 0.828877 0.810206 0.723887 0.757550 0.944799 0.990566
0.673938 0.759541 0.711885 0.731209 0.798182 0.955566 0.764002 0.769953 0.947176 0.785227 0.586524 0.592608 0.492675 0.581215 0.523755 0.706401 0.661733 0.755308 0.824641 0.924929 0.886138 0.887769 0.873228 0.940791 0.487696 0.000000 0.835446 0.870887 0.709485 0.635975 0.846221 0.956545 0.728448 0.772523 0.833963 0.912920 0.909761 0.816602 0.932455 0.958918 0.970335 0.921302 0.797938 0.713004 0.626819 0.635872 0.910977 0.768077 0.640425 0.784531 0.787820 0.815053 0.780175 0.927675 0.888474 0.896789 0.998165 0.849197 0.874936 0.961223 0.643367 0.650875 0.665691 0.588454 0.604416 0.578248 0.899880 0.958117 0.905585 0.861513 0.902425 0.910509 0.883043 0.824786 0.843189 0.932046 0.776506 0.808788 0.853430 0.813897 0.685881 0.853882 0.648934 0.742108 0.791961 0.966153 0.955851 0.965854 0.741274 0.905768 0.922620 0.944554 0.946159 0.833536 0.913075 0.899954 0.990776 0.945646 0.741448 0.686137 0.779058 0.928314 0.702471 0.812220 0.980320 0.910741 0.979332 0.976892 0.967177 0.964826 0.919554 0.787904 0.966898 0.965782 0.868939 0.973630
0.811118 0.841412 0.990636 0.845793 0.865613 0.952882 0.618281 0.652295 0.845625 0.663358 0.573066 0.735891 0.689199 0.742146 0.746609 0.921848 0.655486 0.638016 0.721407 0.828224 0.822771 0.882002 0.725213 0.602911 0.628083 0.835446 0.000000 0.941760 0.632798 0.669746 0.723887 0.859625 0.702054 0.556775 0.979235 0.860923 0.756606 0.715770 0.989128 0.878861 0.969805 0.877464 0.644359 0.596228 0.655556 0.628336 0.630974 0.731857 0.699684 0.863312 0.884813 0.935567 0.792677 0.832391 0.832389 0.862458 0.976767 0.934724 0.766912 0.912343 0.604271 0.721108 0.619974 0.660492 0.672937 0.884304 0.880816 0.707315 0.816681 0.953409 0.849730 0.899262 0.987019 0.991286 0.964481 0.997398 0.821555 0.868806 0.763041 0.796810 0.608180 0.733548 0.958768 0.934225 0.909704 0.851562 0.823646 0.620623 0.883031 0.728552 0.958744 0.866157 0.993762 0.670886 0.909079 0.995110 0.970368 0.930370 0.709193 0.806794 0.705082 0.962522 0.758881 0.861219 0.867312 0.935234 0.841485 0.983005 0.968259 0.661028 0.905499 0.979621 0.741623 0.833768 0.995560 0.900434
0.957643 0.896121 0.865233 0.981857 0.764186 0.871077 0.916078 0.993253 0.984106 0.928076 0.858730 0.855872 0.906605 0.949877 0.902803 0.879750 0.954884 0.950474 0.955822 0.932633 0.978339 0.932107 0.860732 0.924472 0.986885 0.870887 0.941760 0.000000 0.987941 0.961088 0.974565 0.985578 0.985337 0.958509 0.910159 0.875815 0.868975 0.812839 0.916057 0.928144 0.828314 0.961169 0.880746 0.928265 0.984996 0.923744 0.984086 0.924141 0.976319 0.976375 0.935153 0.927555 0.973307 0.970922 0.850115 0.974227 0.900109 0.961550 0.940367 0.860333 0.890120 0.973546 0.965568 0.938341 0.893966 0.934007 0.994907 0.989941 0.903059 0.837900 0.967600 0.885329 0.854454 0.865240 0.997303 0.896499 0.994755 0.991474 0.894928 0.861281 0.957171 0.868539 0.909269 0.949725 0.789218 0.772920 0.994797 0.991234 0.923151 0.893033 0.957865 0.973650 0.949547 0.986685 0.977546 0.974662 0.837884 0.979285 0.925777 0.916930 0.960500 0.981467 0.890298 0.925580 0.852060 0.868223 0.877605 0.974106 0.913514 0.921960 0.966862 0.959433 0.949553 0.823335 0.878046 0.984168
0.518947 0.623102 0.835914 0.919969 0.838784 0.686029 0.361275 0.337174 0.780720 0.405485 0.427132 0.408005 0.359562 0.423840 0.405660 0.723284 0.373983 0.388947 0.403856 0.497429 0.876990 0.877100 0.828547 0.872444 0.524293 0.709485 0.632798 0.987941 0.000000 0.296267 0.427063 0.636097 0.387072 0.310947 0.942566 0.984337 0.856159 0.751032 0.837417 0.784034 0.946846 0.990617 0.463923 0.387374 0.388467 0.334457 0.438834 0.512870 0.441361 0.640357 0.629508 0.876582 0.872504 0.954130 0.686508 0.580106 0.697791 0.716743 0.491037 0.702467 0.308407 0.409294 0.281264 0.295289 0.603605 0.955232 0.665586 0.594346 0.904310 0.649181 0.799807 0.785564 0.845879 0.966429 0.951701 0.893745 0.507640 0.896561 0.561317 0.553958 0.301174 0.363852 0.669996 0.647725 0.603196 0.840085 0.916588 0.963594 0.908767 0.976720 0.795984 0.915522 0.925697 0.634318 0.952106 0.971101 0.750455 0.890540 0.493807 0.575766 0.459425 0.656319 0.518892 0.620122 0.707327 0.828206 0.896294 0.871188 0.720609 0.686233 0.744269 0.733476 0.692153 0.707435 0.967920 0.843827
0.468702 0.597275 0.938865 0.900644 0.859660 0.738987 0.460275 0.417620 0.840451 0.493861 0.414614 0.351331 0.316437 0.357717 0.364939 0.565972 0.415584 0.362173 0.467772 0.533596 0.909432 0.928637 0.735571 0.969130 0.521014 0.635975 0.669746 0.961088 0.296267 0.000000 0.520024 0.605194 0.353903 0.336996 0.994771 0.937935 0.848925 0.807090 0.827218 0.769359 0.932427 0.934652 0.512788 0.417394 0.398684 0.357280 0.524915 0.523848 0.434533 0.621361 0.604718 0.810756 0.884301 0.948272 0.656887 0.605498 0.682444 0.680378 0.502170 0.705056 0.326274 0.434297 0.312881 0.271703 0.662043 0.910313 0.688767 0.575679 0.876433 0.605772 0.739427 0.866128 0.883271 0.903021 0.935629 0.888176 0.582125 0.792108 0.621220 0.534599 0.349491 0.431845 0.550418 0.606096 0.557753 0.764632 0.901447 0.950751 0.756060 0.946043 0.883315 0.857111 0.986213 0.614238 0.926321 0.935939 0.708069 0.969710 0.481905 0.589837 0.568288 0.730009 0.433034 0.726634 0.759477 0.782432 0.944027 0.903770 0.793586 0.787794 0.730497 0.761854 0.732741 0.714924 0.952747 0.898877
0.660827 0.709924 0.764664 0.924460 0.968875 0.688318 0.504281 0.468997 0.799088 0.457672 0.687754 0.557647 0.608930 0.645251 0.647156 0.800365 0.545397 0.518507 0.527369 0.618150 0.971440 0.953182 0.832644 0.926828 0.751898 0.846221 0.723887 0.974565 0.427063 0.520024 0.000000 0.591267 0.526520 0.477885 0.963521 0.992702 0.894637 0.826140 0.986927 0.996650 0.908767 0.985591 0.593095 0.530514 0.528432 0.526109 0.596504 0.654891 0.563292 0.696620 0.796827 0.931585 0.913292 0.898846 0.775074 0.644524 0.677554 0.775092 0.660916 0.838247 0.519649 0.563498 0.542073 0.485312 0.768305 0.982454 0.689659 0.670241 0.918923 0.732408 0.882670 0.737920 0.919064 0.988365 0.964456 0.808684 0.637372 0.926753 0.738668 0.629631 0.473091 0.566713 0.895028 0.824076 0.692930 0.878242 0.775049 0.811636 0.982002 0.973640 0.813959 0.971841 0.862255 0.841679 0.860813 0.937625 0.967941 0.913569 0.602466 0.500956 0.640409 0.652676 0.533957 0.818967 0.822292 0.889674 0.838353 0.954841 0.845283 0.752260 0.756355 0.792866 0.786213 0.867241 0.842924 0.857691
0.814428 0.913216 0.837801 0.820233 0.971831 0.864486 0.703754 0.697465 0.996812 0.735699 0.828245 0.737055 0.755779 0.711870 0.715301 0.733788 0.758496 0.653576 0.628357 0.641193 0.951571 0.976292 0.703625 0.897338 0.828572 0.956545 0.859625 0.985578 0.636097 0.605194 0.591267 0.000000 0.612083 0.659577 0.985360 0.796788 0.915984 0.928992 0.951752 0.792350 0.999598 0.905722 0.679128 0.642096 0.749177 0.663583 0.681659 0.772987 0.795039 0.800231 0.886618 0.948726 0.962011 0.883650 0.999124 0.790520 0.916971 0.988606 0.844197 0.895209 0.700654 0.783624 0.727907 0.716822 0.924535 0.817598 0.682141 0.647634 0.991180 0.821002 0.837725 0.874942 0.701988 0.839035 0.997750 0.944130 0.790457 0.970575 0.839750 0.696156 0.710394 0.608484 0.708966 0.808093 0.745408 0.723538 0.924555 0.857743 0.915456 0.748997 0.883080 0.962313 0.887643 0.874915 0.965273 0.882585 0.945122 0.948218 0.786602 0.715288 0.900332 0.861413 0.576477 0.892885 0.785887 0.863087 0.962453 0.854963 0.915228 0.974546 0.743416 0.962735 0.913121 0.973809 0.826767 0.964422
0.507946 0.736464 0.964959 0.956637 0.859098 0.645373 0.437739 0.409381 0.859203 0.451192 0.498483 0.408748 0.380643 0.462833 0.408141 0.663544 0.476069 0.456496 0.503849 0.587385 0.947583 0.873801 0.765085 0.985378 0.496776 0.728448 0.702054 0.985337 0.387072 0.353903 0.526520 0.612083 0.000000 0.445100 0.963033 0.995671 0.828006 0.872202 0.965008 0.937442 0.899202 0.930533 0.490742 0.418923 0.359026 0.360975 0.544897 0.507386 0.442176 0.664007 0.632187 0.841767 0.880187 0.923524 0.766415 0.668069 0.734568 0.757355 0.530043 0.771045 0.330750 0.453786 0.365786 0.334225 0.671171 0.958141 0.684122 0.555661 0.926074 0.640214 0.842702 0.873819 0.899121 0.873988 0.987092 0.805381 0.527859 0.739543 0.742814 0.546165 0.367000 0.496430 0.702823 0.640826 0.619449 0.750433 0.958833 0.893385 0.818248 0.922603 0.826803 0.875644 0.919542 0.620083 0.880833 0.964260 0.773849 0.945572 0.439534 0.623492 0.590239 0.800550 0.473370 0.614990 0.756634 0.869601 0.903990 0.870886 0.877170 0.832493 0.664515 0.724656 0.790224 0.785299 0.988330 0.970644
0.515760 0.568482 0.794265 0.956811 0.976726 0.699325 0.402764 0.398924 0.902692 0.454969 0.417376 0.439659 0.456496 0.525601 0.514351 0.798139 0.364405 0.392875 0.440831 0.563373 0.879681 0.864748 0.954464 0.819188 0.619742 0.772523 0.556775 0.958509 0.310947 0.336996 0.477885 0.659577 0.445100 0.000000 0.940753 0.859881 0.753312 0.807940 0.814461 0.771554 0.940068 0.979588 0.422776 0.308847 0.403466 0.357308 0.421694 0.523291 0.465059 0.628630 0.585873 0.823988 0.876115 0.982283 0.668843 0.588675 0.685235 0.758446 0.483703 0.694031 0.348875 0.524298 0.316727 0.346823 0.690241 0.926857 0.678323 0.525783 0.912622 0.702314 0.854014 0.795413 0.906643 0.941840 0.983418 0.873982 0.550171 0.820934 0.634526 0.615738 0.361979 0.402292 0.737884 0.621827 0.679366 0.814309 0.865866 0.868655 0.990247 0.908832 0.789907 0.884882 0.927680 0.605407 0.963877 0.911694 0.817507 0.974818 0.501681 0.581540 0.598195 0.707797 0.453558 0.814628 0.775399 0.873605 0.784286 0.825224 0.748820 0.724463 0.717913 0.758114 0.708665 0.799354 0.860646 0.891686
0.934991 0.978921 0.900378 0.865313 0.955872 0.780064 0.962264 0.926548 0.899747 0.939722 0.897168 0.968356 0.947654 0.933490 0.998012 0.900048 0.927794 0.944540 0.971983 0.936852 0.969713 0.846999 0.822293 0.858175 0.875076 0.833963 0.979235 0.910159 0.942566 0.994771 0.963521 0.985360 0.963033 0.940753 0.000000 0.894181 0.900807 0.930377 0.834542 0.989855 0.897899 0.943392 0.964353 0.901951 0.958679 0.997432 0.904832 0.979812 0.991252 0.890383 0.970001 0.985328 0.982065 0.936118 0.763164 0.913369 0.962439 0.891312 0.907341 0.837804 0.956158 0.970495 0.996424 0.991142 0.831070 0.847068 0.790007 0.919589 0.938338 0.975533 0.907632 0.846784 0.908095 0.922439 0.894395 0.911485 0.892197 0.878566 0.882032 0.855272 0.976851 0.947872 0.964121 0.936804 0.915366 0.833666 0.930717 0.997688 0.965800 0.974151 0.868968 0.913624 0.821780 0.886258 0.990700 0.938243 0.921427 0.819777 0.953956 0.889030 0.937587 0.829090 0.937296 0.935049 0.904264 0.963285 0.866322 0.992714 0.985057 0.791245 0.862448 0.936544 0.817209 0.963948 0.865919 0.992643
0.844341 0.888182 0.998696 0.924852 0.939682 0.987950 0.969221 0.924998 0.918422 0.950827 0.897878 0.962333 0.930423 0.994722 0.981372 0.903378 0.987438 0.923300 0.953032 0.931308 0.992892 0.821912 0.893130 0.812207 0.976254 0.912920 0.860923 0.875815 0.984337 0.937935 0.992702 0.796788 0.995671 0.859881 0.894181 0.000000 0.916938 0.882276 0.924552 0.980500 0.864982 0.965346 0.970673 0.958069 0.952703 0.965637 0.939280 0.938636 0.896350 0.883362 0.851263 0.801879 0.774361 0.803205 0.826589 0.899527 0.766223 0.682352 0.886430 0.732202 0.930318 0.949750 0.988620 0.970117 0.980878 0.939582 0.857544 0.977082 0.840046 0.679843 0.832545 0.911019 0.908804 0.984853 0.872552 0.910009 0.970411 0.980103 0.990608 0.885926 0.972131 0.912584 0.978627 0.919565 0.885245 0.967584 0.811905 0.919617 0.736654 0.929429 0.785174 0.825531 0.774331 0.711812 0.753151 0.933350 0.933057 0.925444 0.802999 0.795688 0.862986 0.922278 0.935257 0.908345 0.810142 0.906760 0.883604 0.932083 0.939000 0.954740 0.792643 0.955432 0.958753 0.801462 0.981212 0.852636
0.788656 0.975159 0.974070 0.940111 0.948503 0.825720 0.826284 0.817383 0.967619 0.788313 0.879732 0.820007 0.893376 0.879853 0.844243 0.888593 0.797742 0.827170 0.813992 0.926870 0.921098 0.881821 0.908459 0.957327 0.817153 0.909761 0.756606 0.868975 0.856159 0.848925 0.894637 0.915984 0.828006 0.753312 0.900807 0.916938 0.000000 0.885730 0.859183 0.843564 0.948947 0.890754 0.793069 0.796676 0.712726 0.733095 0.903201 0.852743 0.750108 0.804050 0.832106 0.865762 0.900720 0.837105 0.896747 0.930545 0.911177 0.885710 0.924320 0.939493 0.811780 0.837167 0.813604 0.801904 0.810111 0.820724 0.816176 0.864481 0.800785 0.908844 0.924398 0.843394 0.977567 0.988920 0.933367 0.867431 0.808641 0.912567 0.947608 0.964461 0.805424 0.881389 0.974436 0.906687 0.945212 0.918123 0.885697 0.798963 0.971677 0.925937 0.753352 0.879272 0.779344 0.932511 0.959474 0.937376 0.963506 0.989469 0.721420 0.943865 0.959253 0.910597 0.784560 0.977771 0.984309 0.989554 0.961266 0.803200 0.926025 0.890098 0.847425 0.869736 0.655966 0.888990 0.936961 0.902827
0.844434 0.952158 0.995577 0.768567 0.973518 0.964304 0.728541 0.805634 0.933241 0.836476 0.697221 0.852295 0.680070 0.776452 0.817823 0.946562 0.783546 0.915605 0.868386 0.950562 0.908897 0.997857 0.928716 0.794035 0.762701 0.816602 0.715770 0.812839 0.751032 0.807090 0.826140 0.928992 0.872202 0.807940 0.930377 0.882276 0.885730 0.000000 0.828154 0.901170 0.905130 0.919148 0.927142 0.822321 0.841552 0.858033 0.807263 0.875618 0.920455 0.981447 0.918330 0.852398 0.841196 0.828148 0.920210 0.912748 0.965412 0.981481 0.827099 0.966221 0.677433 0.821989 0.712617 0.747349 0.839924 0.964440 0.964895 0.888661 0.814006 0.900354 0.846798 0.978941 0.972104 0.768692 0.868155 0.968487 0.737525 0.886216 0.865802 0.993418 0.750843 0.791980 0.912549 0.994639 0.870303 0.961234 0.905891 0.908140 0.863674 0.997723 0.966543 0.932725 0.932107 0.786314 0.937530 0.907375 0.924442 0.909863 0.889459 0.927273 0.817324 0.816828 0.995527 0.975889 0.934154 0.923875 0.906557 0.989584 0.772925 0.914870 0.961957 0.946647 0.745607 0.927691 0.885608 0.976320
