0.000000 0.270983 0.605532 0.702995 0.926633 0.887254 0.590387 0.528379 0.899326 0.794348 0.323401 0.313713 0.517717 0.518073 0.575568 0.562831 0.307304 0.238818 0.392531 0.304914 0.764395 0.869864 0.555101 0.764811 0.754641 0.694273 0.938257 0.960953 0.277952 0.274662 0.499779 0.512906 0.425885 0.384495 0.702797 0.785506 0.538303 0.680482 0.761687 0.692420 0.675391 0.753740 0.608167 0.515890 0.625799 0.555933 0.566151 0.445798 0.797311 0.713297 0.726012 0.776336 0.764773 0.919915 0.673694 0.813579 0.344289 0.336418 0.518932 0.457446 0.354548 0.420754 0.281463 0.303541 0.624279 0.575615 0.575604 0.440501 0.388748 0.361143 0.526981 0.551220 0.503486 0.548957 0.777588 0.876009 0.539650 0.620990 0.539381 0.395955 0.281586 0.324449 0.474555 0.473093 0.542543 0.574557 0.852469 0.895726 0.897435 0.615002 0.953168 0.952958 0.858157 0.942836 0.533773 0.658688 0.610020 0.753902 0.600551 0.617787 0.785927 0.684843 0.572465 0.634192 0.550836 0.590320 0.856289 0.883564 0.933444 0.715279 0.813273 0.681951 0.708718 0.686295 0.816610 0.911329
0.270983 0.000000 0.796344 0.810268 0.909281 0.989155 0.692473 0.577668 0.878799 0.738698 0.392416 0.378469 0.750797 0.683919 0.731676 0.684705 0.194269 0.210119 0.465388 0.365384 0.823219 0.819426 0.676532 0.898346 0.944413 0.866523 0.854498 0.936306 0.310609 0.294988 0.586785 0.626614 0.476893 0.450635 0.798996 0.665915 0.705945 0.613158 0.899516 0.869770 0.767909 0.611407 0.593835 0.510697 0.588112 0.550427 0.638608 0.486617 0.653940 0.693057 0.690030 0.761121 0.780669 0.876929 0.854913 0.934726 0.191806 0.187686 0.535200 0.480155 0.519443 0.530526 0.233891 0.213909 0.866598 0.760923 0.614837 0.470814 0.496706 0.372038 0.459018 0.467285 0.546056 0.540447 0.839903 0.824805 0.550418 0.410421 0.530664 0.493064 0.257932 0.435053 0.435478 0.472212 0.712397 0.793438 0.732082 0.791280 0.983511 0.742331 0.865983 0.888963 0.788211 0.940233 0.600520 0.732239 0.676891 0.621216 0.557586 0.542905 0.736794 0.671358 0.495078 0.538820 0.535430 0.543423 0.741639 0.824276 0.924301 0.793926 0.743190 0.653804 0.737179 0.722847 0.796543 0.957977
0.605532 0.796344 0.000000 0.245811 0.926087 0.583985 0.217325 0.328933 0.618926 0.527350 0.593245 0.675457 0.481236 0.598889 0.574003 0.556627 0.806176 0.682320 0.428842 0.527633 0.745112 0.816931 0.367210 0.410757 0.588570 0.343874 0.878461 0.960990 0.773416 0.619218 0.337421 0.414915 0.382207 0.366485 0.593327 0.670232 0.648736 0.758184 0.480760 0.735359 0.936836 0.946656 0.362771 0.381610 0.422315 0.427145 0.402505 0.406456 0.670567 0.592019 0.584176 0.569212 0.595925 0.771897 0.637677 0.616399 0.921138 0.915564 0.541486 0.608182 0.469317 0.547584 0.767058 0.847734 0.317996 0.320932 0.308710 0.385221 0.773389 0.651412 0.489350 0.485071 0.620587 0.560583 0.776337 0.851722 0.512085 0.839152 0.589206 0.486977 0.742143 0.571015 0.879711 0.833764 0.630309 0.514517 0.850930 0.999354 0.815397 0.657734 0.569843 0.606710 0.588063 0.533107 0.647817 0.698887 0.369842 0.753856 0.471298 0.486541 0.582345 0.520911 0.631850 0.646832 0.484981 0.559122 0.664913 0.634490 0.930322 0.823443 0.784159 0.646520 0.513858 0.690754 0.679726 0.863629
0.702995 0.810268 0.245811 0.000000 0.972622 0.631980 0.293294 0.315612 0.670526 0.549722 0.666969 0.757672 0.608071 0.568990 0.591069 0.551047 0.853245 0.714214 0.432009 0.545116 0.702228 0.748751 0.409002 0.418550 0.644309 0.356659 0.847609 0.952306 0.758850 0.665347 0.404929 0.455177 0.397105 0.398882 0.623348 0.600904 0.646848 0.771134 0.597042 0.824203 0.982979 0.836437 0.392371 0.410513 0.492846 0.488778 0.432903 0.458685 0.653629 0.591166 0.625132 0.589858 0.647232 0.767738 0.697597 0.674880 0.928931 0.921208 0.527150 0.635196 0.627579 0.609199 0.839331 0.914406 0.388264 0.315339 0.333696 0.416772 0.841141 0.698474 0.446392 0.457402 0.690482 0.596029 0.875500 0.853334 0.471893 0.770338 0.608887 0.552779 0.812433 0.599047 0.907889 0.829880 0.690973 0.493008 0.929122 0.966624 0.816153 0.613932 0.496499 0.512368 0.513180 0.436095 0.777635 0.644200 0.438284 0.629530 0.477595 0.436684 0.524138 0.580366 0.651178 0.576903 0.506562 0.627351 0.695987 0.651083 0.953231 0.828658 0.813098 0.625528 0.486357 0.585497 0.742040 0.813022
0.926633 0.909281 0.926087 0.972622 0.000000 0.969548 0.957320 0.884178 0.945146 0.938697 0.988358 0.985806 0.968790 0.861111 0.931025 0.977477 0.853743 0.913970 0.968590 0.932564 0.880948 0.960478 0.948631 0.992478 0.906497 0.941333 0.955105 0.932924 0.946108 0.960325 0.950535 0.922986 0.988452 0.993512 0.997345 0.941246 0.768332 0.991465 0.869712 0.941605 0.875178 0.949855 0.863855 0.904977 0.855321 0.823591 0.973711 0.905266 0.697345 0.767721 0.827154 0.798856 0.827044 0.749172 0.983681 0.909181 0.873074 0.853521 0.841248 0.854216 0.923601 0.878622 0.833884 0.841673 0.975678 0.915844 0.908578 0.903542 0.997729 0.999595 0.824518 0.848591 0.973568 0.989341 0.959235 0.992564 0.941375 0.999437 0.801099 0.975508 0.834142 0.928350 0.882632 0.962968 0.998349 0.994515 0.947353 0.923320 0.979438 0.948832 0.840378 0.871815 0.845007 0.953904 0.954300 0.982577 0.951463 0.724587 0.879799 0.754332 0.859197 0.981394 0.970086 0.824248 0.908962 0.951477 0.780334 0.914669 0.693753 0.947412 0.898392 0.738158 0.731339 0.883006 0.911208 0.964569
0.887254 0.989155 0.583985 0.631980 0.969548 0.000000 0.586492 0.784214 0.775747 0.711601 0.923922 0.776766 0.574959 0.758956 0.660215 0.503263 0.952406 0.923778 0.682173 0.796433 0.839363 0.787065 0.609873 0.566984 0.781601 0.556421 0.784690 0.676648 0.954891 0.882574 0.730890 0.736245 0.678679 0.608815 0.773285 0.948715 0.975032 0.924377 0.757555 0.880334 0.997489 0.897963 0.649778 0.614821 0.830118 0.850072 0.837397 0.706134 0.986463 0.810657 0.869358 0.772708 0.814451 0.855264 0.858606 0.874548 0.881490 0.913287 0.914151 0.938417 0.828660 0.964641 0.975758 0.953321 0.667553 0.716611 0.743385 0.825120 0.976815 0.803871 0.835629 0.761809 0.856026 0.693978 0.789617 0.765616 0.818956 0.897268 0.824912 0.614091 0.930410 0.769725 0.944502 0.977058 0.727803 0.632476 0.873105 0.739646 0.957625 0.905830 0.716271 0.686735 0.751399 0.671692 0.766164 0.690037 0.721762 0.878619 0.773527 0.775747 0.979298 0.768445 0.896899 0.848788 0.726185 0.817338 0.906658 0.855007 0.966286 0.802497 0.946767 0.890669 0.739346 0.946069 0.878236 0.983133
0.590387 0.692473 0.217325 0.293294 0.957320 0.586492 0.000000 0.234335 0.550595 0.348392 0.622472 0.675493 0.532460 0.714280 0.636871 0.595246 0.719348 0.616264 0.402306 0.496854 0.764645 0.828351 0.306481 0.516321 0.751055 0.476403 0.985170 0.900807 0.737251 0.593694 0.330885 0.468432 0.321622 0.274277 0.539508 0.586770 0.670670 0.787552 0.691927 0.788831 0.948087 0.891328 0.223495 0.246020 0.266360 0.284418 0.384017 0.325579 0.493339 0.443773 0.445936 0.416286 0.460404 0.616184 0.685445 0.613501 0.772846 0.779111 0.393579 0.486963 0.414627 0.487004 0.636583 0.700864 0.420664 0.399752 0.225772 0.299676 0.880944 0.634055 0.355613 0.330170 0.699335 0.540215 0.840291 0.767328 0.392254 0.733225 0.510842 0.495442 0.674449 0.619217 0.879467 0.829210 0.712667 0.651856 0.939252 0.912732 0.856293 0.784257 0.393152 0.432683 0.418530 0.406211 0.607027 0.611462 0.321410 0.662655 0.285489 0.316609 0.457746 0.433736 0.495518 0.507190 0.367721 0.405775 0.521677 0.547190 0.832150 0.839542 0.678421 0.517992 0.444179 0.619364 0.601519 0.872523
0.528379 0.577668 0.328933 0.315612 0.884178 0.784214 0.234335 0.000000 0.585856 0.346699 0.497692 0.615233 0.620529 0.672421 0.727669 0.677760 0.609779 0.528793 0.425868 0.418140 0.844036 0.824810 0.432675 0.637125 0.921997 0.607452 0.878896 0.853661 0.606727 0.546372 0.452872 0.504318 0.368863 0.339606 0.648845 0.564327 0.679283 0.788923 0.822614 0.869858 0.860869 0.732390 0.337803 0.370804 0.345884 0.369814 0.496335 0.422808 0.509040 0.506677 0.530254 0.515666 0.566691 0.670733 0.780341 0.677758 0.639304 0.626766 0.369074 0.451030 0.440609 0.378017 0.559518 0.575344 0.552604 0.421322 0.291261 0.330133 0.804746 0.565445 0.326161 0.352717 0.730773 0.637725 0.884064 0.873349 0.410408 0.679274 0.570585 0.572739 0.614126 0.578439 0.830903 0.788441 0.803751 0.727291 0.972619 0.866985 0.810363 0.708674 0.377832 0.442960 0.383372 0.416501 0.583098 0.636445 0.339715 0.547144 0.260585 0.278063 0.374860 0.443904 0.425697 0.429702 0.367709 0.421465 0.520435 0.568338 0.879263 0.790753 0.646085 0.465088 0.399075 0.553597 0.632724 0.895161
0.899326 0.878799 0.618926 0.670526 0.945146 0.775747 0.550595 0.585856 0.000000 0.399972 0.994417 0.975819 0.824771 0.941910 0.994000 0.930157 0.837817 0.828992 0.972466 0.984159 0.960180 0.905840 0.814214 0.904221 0.904078 0.907642 0.888871 0.844147 0.823458 0.841693 0.787842 0.935707 0.896005 0.779033 0.890958 0.833373 0.989580 0.994329 0.998805 0.862346 0.810148 0.910061 0.632509 0.681313 0.648943 0.635726 0.833927 0.816538 0.594069 0.553582 0.561664 0.538747 0.519415 0.554115 0.984495 0.898897 0.775111 0.830444 0.593714 0.758199 0.768313 0.752023 0.952992 0.956118 0.892443 0.816514 0.726515 0.825481 0.782606 0.985972 0.781583 0.775762 0.851634 0.958248 0.967769 0.946712 0.830101 0.915466 0.930662 0.893605 0.776037 0.742999 0.717556 0.743862 0.746137 0.862468 0.955912 0.891346 0.820449 0.969631 0.539705 0.605814 0.670149 0.540125 0.803961 0.907448 0.681655 0.881540 0.586751 0.618115 0.745567 0.626611 0.728882 0.755530 0.753476 0.721815 0.614249 0.584297 0.950144 0.888815 0.820982 0.773044 0.679755 0.931058 0.635867 0.831170
0.794348 0.738698 0.527350 0.549722 0.938697 0.711601 0.348392 0.346699 0.399972 0.000000 0.765437 0.731943 0.631738 0.865376 0.785299 0.721833 0.784311 0.787149 0.639724 0.647901 0.953278 0.895758 0.536042 0.735375 0.848129 0.881760 0.872266 0.815006 0.820875 0.734411 0.668366 0.683948 0.601256 0.523728 0.827438 0.625401 0.901574 0.998574 0.928141 0.966842 0.912846 0.912026 0.419434 0.456636 0.466531 0.483612 0.643380 0.529997 0.468426 0.502393 0.555252 0.533502 0.573592 0.628964 0.893089 0.820088 0.837069 0.814625 0.497721 0.635076 0.612123 0.600258 0.737721 0.722604 0.844723 0.721614 0.555729 0.631265 0.983240 0.737254 0.502538 0.487360 0.935912 0.793311 0.908183 0.752684 0.564420 0.658844 0.663061 0.686259 0.818402 0.863460 0.989809 0.888357 0.955607 0.976398 0.957505 0.937760 0.846970 0.944482 0.418556 0.439637 0.501319 0.486985 0.596147 0.711665 0.415640 0.652940 0.341166 0.359300 0.512504 0.467905 0.493018 0.579600 0.579993 0.483817 0.554424 0.572675 0.844315 0.898603 0.755827 0.625717 0.562639 0.884735 0.663284 0.790942
0.323401 0.392416 0.593245 0.666969 0.988358 0.923922 0.622472 0.497692 0.994417 0.765437 0.000000 0.425588 0.553242 0.599478 0.692993 0.651772 0.472250 0.396131 0.460250 0.352608 0.942856 0.912346 0.703150 0.825530 0.856474 0.763617 0.948603 0.971209 0.429280 0.386270 0.626720 0.638347 0.544065 0.540754 0.802873 0.740246 0.649036 0.731592 0.808955 0.747931 0.688595 0.875317 0.707304 0.635301 0.689573 0.637539 0.731306 0.625293 0.867454 0.764616 0.805891 0.831273 0.799374 0.928411 0.739350 0.808250 0.501039 0.454263 0.595508 0.559635 0.464421 0.445212 0.434498 0.452217 0.703764 0.612050 0.640746 0.491927 0.423532 0.541024 0.593299 0.548170 0.597866 0.684405 0.820475 0.938654 0.555043 0.653103 0.630386 0.503801 0.460222 0.429127 0.707887 0.605158 0.747092 0.745275 0.944704 0.836654 0.887345 0.658210 0.889746 0.925322 0.818786 0.899835 0.641955 0.719804 0.653682 0.804998 0.650430 0.627811 0.767826 0.615152 0.581787 0.682175 0.569831 0.651319 0.819858 0.868234 0.999869 0.799136 0.768766 0.739815 0.726285 0.658761 0.810132 0.927738
0.313713 0.378469 0.675457 0.757672 0.985806 0.776766 0.675493 0.615233 0.975819 0.731943 0.425588 0.000000 0.395358 0.446540 0.440282 0.341877 0.383181 0.325323 0.460325 0.440255 0.826493 0.838804 0.482157 0.641692 0.805724 0.743372 0.996398 0.924180 0.307464 0.280146 0.590964 0.530145 0.477206 0.453478 0.884590 0.946496 0.719155 0.879171 0.847284 0.822385 0.847875 0.852504 0.649104 0.563030 0.766679 0.636688 0.709527 0.500142 0.862257 0.705980 0.743920 0.717722 0.769427 0.777584 0.803104 0.919442 0.532025 0.480836 0.650457 0.593946 0.369567 0.450451 0.310213 0.348965 0.695503 0.612591 0.750604 0.620054 0.580729 0.448561 0.632262 0.594449 0.447788 0.479972 0.681724 0.736399 0.622335 0.543044 0.569898 0.424790 0.384658 0.393079 0.545093 0.537244 0.528503 0.569994 0.823259 0.979844 0.926472 0.698538 0.955019 0.992852 0.936625 0.922158 0.579906 0.747519 0.669569 0.762381 0.702334 0.644894 0.865730 0.725919 0.682916 0.809828 0.539469 0.597339 0.885576 0.958573 0.887607 0.682013 0.909222 0.704267 0.717075 0.808295 0.740991 0.983157
0.517717 0.750797 0.481236 0.608071 0.968790 0.574959 0.532460 0.620529 0.824771 0.631738 0.553242 0.395358 0.000000 0.452333 0.455448 0.343429 0.802968 0.697948 0.515674 0.626587 0.797086 0.973518 0.474858 0.499783 0.768284 0.603328 0.836227 0.954899 0.628902 0.514095 0.652872 0.622234 0.575333 0.559087 0.909692 0.943800 0.763441 0.982227 0.664922 0.693559 0.957662 0.889186 0.644446 0.571049 0.807959 0.656132 0.660472 0.540487 0.904036 0.629148 0.714957 0.661927 0.681217 0.741537 0.712368 0.787815 0.941133 0.821168 0.658378 0.667874 0.377222 0.511187 0.614122 0.696858 0.529351 0.546906 0.764664 0.700606 0.660064 0.663658 0.757911 0.680400 0.590657 0.638164 0.807477 0.729219 0.682521 0.831597 0.636742 0.491729 0.722946 0.530091 0.840321 0.710437 0.591250 0.537611 0.952500 0.780117 0.732360 0.731829 0.915982 0.904584 0.979479 0.889799 0.636346 0.761242 0.590313 0.885513 0.750447 0.701348 0.848615 0.650318 0.754829 0.899262 0.670014 0.729790 0.930526 0.979574 0.884638 0.676158 0.989062 0.899742 0.746902 0.847682 0.808349 0.865487
0.518073 0.683919 0.598889 0.568990 0.861111 0.758956 0.714280 0.672421 0.941910 0.865376 0.599478 0.446540 0.452333 0.000000 0.326705 0.340537 0.756632 0.583965 0.431358 0.478403 0.675252 0.766560 0.505606 0.458324 0.713957 0.611474 0.927276 0.855354 0.491537 0.449413 0.591164 0.520161 0.523661 0.543496 0.991565 0.963161 0.780692 0.991441 0.697515 0.751150 0.932086 0.854618 0.744976 0.713908 0.991844 0.866598 0.657702 0.689245 0.892524 0.989613 0.948675 0.977755 0.984109 0.906232 0.694754 0.919613 0.845585 0.812830 0.854101 0.899445 0.626523 0.667718 0.715688 0.750446 0.545334 0.521981 0.819338 0.778366 0.654544 0.587038 0.770667 0.782231 0.579407 0.672329 0.807233 0.742680 0.655473 0.797472 0.699142 0.538089 0.672973 0.435282 0.605295 0.450600 0.472007 0.402765 0.989539 0.826655 0.881579 0.590024 0.983489 0.978347 0.977936 0.993981 0.706123 0.784182 0.767090 0.750241 0.875871 0.788839 0.811707 0.794345 0.871697 0.911647 0.756931 0.790475 0.910895 0.925934 0.861220 0.739685 0.905855 0.894246 0.815934 0.800311 0.881209 0.955903
0.575568 0.731676 0.574003 0.591069 0.931025 0.660215 0.636871 0.727669 0.994000 0.785299 0.692993 0.440282 0.455448 0.326705 0.000000 0.325964 0.723749 0.581532 0.467394 0.563699 0.717638 0.767254 0.358281 0.405462 0.602141 0.547817 0.765697 0.819509 0.559769 0.446363 0.482201 0.413679 0.465579 0.492980 0.851332 0.995210 0.815636 0.950011 0.710673 0.800173 0.964496 0.990457 0.655730 0.636253 0.884650 0.778433 0.619862 0.604286 0.985063 0.940876 0.994227 0.905205 0.947943 0.933095 0.747392 0.868314 0.903202 0.914414 0.848901 0.928548 0.628367 0.779548 0.719581 0.795814 0.567756 0.595303 0.758797 0.746245 0.699582 0.708510 0.728353 0.762322 0.550306 0.614201 0.786392 0.749378 0.650870 0.770517 0.527405 0.546290 0.640994 0.489724 0.617432 0.510702 0.476720 0.423581 0.952571 0.804187 0.996097 0.753528 0.989167 0.961126 0.960624 0.960798 0.723984 0.788142 0.707642 0.793322 0.863209 0.755819 0.932247 0.871940 0.942534 0.964123 0.719759 0.800687 0.962900 0.875034 0.918706 0.788769 0.957238 0.889870 0.794976 0.916495 0.877702 0.927224
0.562831 0.684705 0.556627 0.551047 0.977477 0.503263 0.595246 0.677760 0.930157 0.721833 0.651772 0.341877 0.343429 0.340537 0.325964 0.000000 0.696795 0.595323 0.399857 0.540897 0.687633 0.710030 0.355118 0.359162 0.612848 0.552037 0.839837 0.743162 0.540160 0.433584 0.547240 0.475053 0.442479 0.414984 0.902773 0.964996 0.803469 0.999819 0.722315 0.797599 0.937187 0.968727 0.572705 0.507025 0.830738 0.682200 0.600798 0.523804 0.915678 0.728879 0.806282 0.702663 0.777420 0.819994 0.689346 0.886128 0.885578 0.829210 0.707413 0.800038 0.535537 0.655791 0.631233 0.712349 0.516232 0.511312 0.731328 0.722781 0.746117 0.570510 0.686755 0.665313 0.537520 0.533145 0.686596 0.717187 0.630148 0.748443 0.589827 0.470302 0.653759 0.484382 0.740787 0.617156 0.471164 0.396389 0.807124 0.861375 0.998176 0.718441 0.908453 0.886184 0.964288 0.967629 0.710995 0.692770 0.664049 0.747404 0.765917 0.647819 0.915068 0.728251 0.819435 0.873713 0.621473 0.695065 0.979804 0.989389 0.883942 0.687569 0.986936 0.797220 0.683675 0.829592 0.835446 0.926296
0.307304 0.194269 0.806176 0.853245 0.853743 0.952406 0.719348 0.609779 0.837817 0.784311 0.472250 0.383181 0.802968 0.756632 0.723749 0.696795 0.000000 0.209149 0.500533 0.390793 0.840690 0.806291 0.665846 0.899782 0.849153 0.871951 0.885934 0.931687 0.344997 0.312828 0.601911 0.584761 0.493479 0.482167 0.818687 0.722968 0.748875 0.628345 0.925849 0.922232 0.770919 0.634982 0.604363 0.568703 0.602961 0.578407 0.645860 0.483290 0.680771 0.725920 0.730293 0.801222 0.837270 0.918140 0.876788 0.957633 0.218672 0.252227 0.558438 0.555798 0.550912 0.573655 0.259966 0.265305 0.850306 0.762113 0.637272 0.514053 0.494330 0.412380 0.536323 0.546468 0.533859 0.553614 0.783025 0.846839 0.600729 0.505169 0.513177 0.572160 0.235273 0.444076 0.417509 0.551784 0.671926 0.785073 0.763557 0.744785 0.949021 0.803169 0.951915 0.960766 0.871090 0.965064 0.671883 0.755939 0.687607 0.668712 0.641869 0.595390 0.794111 0.753019 0.548561 0.605678 0.547388 0.547766 0.804539 0.871203 0.963486 0.797583 0.797264 0.667900 0.756065 0.724044 0.805614 0.943089
0.238818 0.210119 0.682320 0.714214 0.913970 0.923778 0.616264 0.528793 0.828992 0.787149 0.396131 0.325323 0.697948 0.583965 0.581532 0.595323 0.209149 0.000000 0.371118 0.267074 0.776948 0.773752 0.528797 0.757851 0.777560 0.730920 0.959390 0.919567 0.257265 0.222568 0.510315 0.518672 0.402994 0.359374 0.701810 0.781940 0.660780 0.648772 0.823733 0.873239 0.693732 0.673563 0.551342 0.490467 0.591110 0.563744 0.631975 0.433472 0.732942 0.727914 0.766864 0.801656 0.816972 0.921941 0.818267 0.904026 0.240662 0.267964 0.572805 0.539378 0.490265 0.536624 0.258660 0.263099 0.739325 0.662051 0.566435 0.430803 0.511558 0.428412 0.473775 0.489609 0.494451 0.485219 0.815811 0.744503 0.514759 0.491088 0.510567 0.443237 0.232764 0.321081 0.419950 0.472499 0.559919 0.638882 0.836013 0.856539 0.926840 0.701369 0.848611 0.869980 0.755663 0.931284 0.572974 0.738147 0.667389 0.631561 0.584704 0.544690 0.762377 0.680518 0.540172 0.588825 0.475954 0.529536 0.774071 0.898904 0.937832 0.775496 0.807319 0.589867 0.691087 0.642069 0.824981 0.893142
0.392531 0.465388 0.428842 0.432009 0.968590 0.682173 0.402306 0.425868 0.972466 0.639724 0.460250 0.460325 0.515674 0.431358 0.467394 0.399857 0.500533 0.371118 0.000000 0.299405 0.631110 0.713097 0.381863 0.490682 0.607751 0.545712 0.963535 0.894341 0.409273 0.350841 0.412948 0.386248 0.313883 0.295159 0.727903 0.654914 0.639526 0.793324 0.678365 0.851398 0.893070 0.741535 0.434653 0.411677 0.566682 0.532403 0.462022 0.386156 0.731592 0.691640 0.778967 0.764949 0.820157 0.958820 0.805171 0.824271 0.537531 0.560856 0.524788 0.611851 0.545002 0.639517 0.494822 0.588625 0.539609 0.524745 0.461603 0.499331 0.607144 0.480033 0.464202 0.466976 0.589642 0.537560 0.751689 0.763744 0.468553 0.600760 0.549659 0.464127 0.505854 0.417248 0.706465 0.594536 0.595510 0.531198 0.919071 0.964566 0.974397 0.722944 0.734791 0.731984 0.700858 0.742038 0.703800 0.586124 0.548810 0.619703 0.551829 0.454396 0.640656 0.593320 0.568720 0.596469 0.507900 0.572240 0.861822 0.829434 0.992646 0.805631 0.825614 0.674488 0.592137 0.630326 0.816686 0.999727
0.304914 0.365384 0.527633 0.545116 0.932564 0.796433 0.496854 0.418140 0.984159 0.647901 0.352608 0.440255 0.626587 0.478403 0.563699 0.540897 0.390793 0.267074 0.299405 0.000000 0.728447 0.726366 0.483807 0.626372 0.758633 0.642813 0.924511 0.883399 0.377511 0.299348 0.468023 0.418135 0.376157 0.325266 0.663247 0.695123 0.659101 0.704602 0.725779 0.866578 0.728228 0.758509 0.513936 0.473850 0.594528 0.601940 0.557795 0.462175 0.789806 0.784770 0.855242 0.867784 0.852867 0.974668 0.801888 0.877934 0.416404 0.438215 0.572100 0.637584 0.563100 0.598350 0.442064 0.454935 0.657996 0.589843 0.521108 0.476572 0.546544 0.456085 0.494952 0.476355 0.601222 0.560730 0.740388 0.803042 0.479556 0.601872 0.572379 0.450322 0.415244 0.352378 0.599623 0.567134 0.647892 0.626339 0.864320 0.926855 0.961934 0.636130 0.752148 0.729300 0.683459 0.774486 0.562952 0.660363 0.592197 0.610863 0.527861 0.501107 0.654722 0.593353 0.509464 0.544472 0.506096 0.555119 0.831483 0.847731 0.981054 0.803590 0.743394 0.665793 0.659765 0.648035 0.802032 0.984130
0.764395 0.823219 0.745112 0.702228 0.880948 0.839363 0.764645 0.844036 0.960180 0.953278 0.942856 0.826493 0.797086 0.675252 0.717638 0.687633 0.840690 0.776948 0.631110 0.728447 0.000000 0.809271 0.673046 0.635487 0.664453 0.720355 0.876202 0.853653 0.869745 0.748052 0.667509 0.663363 0.717814 0.643656 0.841454 0.937011 0.729623 0.873806 0.690643 0.855610 0.890349 0.902013 0.738593 0.751412 0.881733 0.841665 0.654674 0.702176 0.961971 0.954307 0.933236 0.947963 0.964744 0.932545 0.923072 0.922153 0.805660 0.851896 0.793548 0.846055 0.826375 0.955695 0.772767 0.881771 0.735237 0.801992 0.763831 0.808271 0.930301 0.741374 0.875260 0.872289 0.738580 0.779384 0.789132 0.783050 0.853519 0.906778 0.786587 0.777463 0.861431 0.775521 0.792979 0.714665 0.772265 0.695550 0.941604 0.959918 0.931588 0.911361 0.994562 0.944805 0.938859 0.957325 0.997493 0.715729 0.866483 0.946112 0.934371 0.814351 0.989590 0.994129 0.782254 0.891135 0.974761 0.880430 0.935396 0.948241 0.934318 0.807621 0.839343 0.981756 0.937999 0.844192 0.882845 0.898467
0.869864 0.819426 0.816931 0.748751 0.960478 0.787065 0.828351 0.824810 0.905840 0.895758 0.912346 0.838804 0.973518 0.766560 0.767254 0.710030 0.806291 0.773752 0.713097 0.726366 0.809271 0.000000 0.791836 0.768152 0.803524 0.818606 0.890166 0.808164 0.833486 0.789669 0.721540 0.716626 0.725234 0.727103 0.728061 0.805838 0.926364 0.696167 0.937904 0.982450 0.916371 0.922056 0.749881 0.771839 0.840283 0.859389 0.876858 0.790129 0.932269 0.931118 0.988684 0.918136 0.949080 0.972737 0.977572 0.956783 0.908455 0.904532 0.851866 0.972754 0.999038 0.990645 0.911028 0.936152 0.853064 0.818719 0.799035 0.827273 0.947224 0.816765 0.751784 0.757523 0.826334 0.795447 0.929376 0.924266 0.865950 0.810425 0.935211 0.776272 0.867602 0.851673 0.886562 0.940003 0.922920 0.830231 0.960051 0.930610 0.958501 0.979697 0.786244 0.877005 0.836830 0.842806 0.871680 0.840413 0.921532 0.680407 0.809376 0.784889 0.895871 0.829902 0.788457 0.658321 0.775461 0.850788 0.994565 0.926211 0.848258 0.883307 0.933329 0.860864 0.891553 0.848410 0.973323 0.919710
0.555101 0.676532 0.367210 0.409002 0.948631 0.609873 0.306481 0.432675 0.814214 0.536042 0.703150 0.482157 0.474858 0.505606 0.358281 0.355118 0.665846 0.528797 0.381863 0.483807 0.673046 0.791836 0.000000 0.353519 0.602946 0.456070 0.942456 0.985195 0.588454 0.413005 0.296611 0.316353 0.281255 0.269008 0.621817 0.813403 0.660490 0.940896 0.666060 0.834648 0.984825 0.906208 0.319195 0.316010 0.469449 0.414754 0.396985 0.347719 0.654043 0.632245 0.646327 0.564613 0.636805 0.773135 0.627456 0.701187 0.782199 0.796488 0.575471 0.645699 0.430181 0.587543 0.594178 0.649198 0.433712 0.457891 0.405912 0.451877 0.826355 0.571148 0.449308 0.444143 0.534361 0.433884 0.745213 0.729796 0.423088 0.715402 0.481618 0.475515 0.586945 0.495841 0.659846 0.635010 0.504025 0.479352 0.960609 0.959488 0.985334 0.783383 0.650658 0.702661 0.687987 0.781903 0.576912 0.650408 0.418408 0.669557 0.508359 0.461947 0.698136 0.632019 0.625515 0.681553 0.429675 0.473077 0.672963 0.837474 0.898289 0.765841 0.744176 0.605077 0.532255 0.759915 0.669300 0.948306
0.764811 0.898346 0.410757 0.418550 0.992478 0.566984 0.516321 0.637125 0.904221 0.735375 0.825530 0.641692 0.499783 0.458324 0.405462 0.359162 0.899782 0.757851 0.490682 0.626372 0.635487 0.768152 0.353519 0.000000 0.554339 0.453762 0.873384 0.923097 0.806345 0.572056 0.486079 0.427763 0.476658 0.485951 0.813828 0.946416 0.805038 0.980838 0.542475 0.830675 0.961130 0.972969 0.585321 0.591422 0.797400 0.752618 0.572379 0.577702 0.936916 0.884203 0.911285 0.833724 0.905350 0.966692 0.804049 0.790283 0.956383 0.945555 0.866598 0.951801 0.691448 0.845881 0.904749 0.961025 0.471653 0.490333 0.639988 0.708105 0.895420 0.766254 0.698045 0.695892 0.587064 0.581218 0.796547 0.779123 0.630237 0.872444 0.653286 0.605339 0.803354 0.579920 0.845002 0.722290 0.547692 0.457171 0.951046 0.827091 0.941720 0.825346 0.774738 0.757710 0.840747 0.829847 0.777439 0.838832 0.612366 0.684657 0.776766 0.693837 0.795949 0.843467 0.861765 0.922833 0.766544 0.771200 0.886424 0.922610 0.992504 0.779776 0.963520 0.841014 0.731030 0.813993 0.921824 0.920650
0.754641 0.944413 0.588570 0.644309 0.906497 0.781601 0.751055 0.921997 0.904078 0.848129 0.856474 0.805724 0.768284 0.713957 0.602141 0.612848 0.849153 0.777560 0.607751 0.758633 0.664453 0.803524 0.602946 0.554339 0.000000 0.437145 0.662127 0.774227 0.812084 0.715804 0.491703 0.504259 0.609748 0.664172 0.624050 0.954055 0.717015 0.764076 0.528057 0.774477 0.986176 0.957380 0.760898 0.722935 0.810003 0.777311 0.630536 0.640583 0.978301 0.951724 0.924939 0.923233 0.975063 0.874630 0.755595 0.863951 0.999115 0.966889 0.883048 0.870253 0.777580 0.916680 0.879840 0.988292 0.453428 0.568006 0.663971 0.731111 0.726952 0.780064 0.930809 0.923946 0.518894 0.644000 0.704411 0.932608 0.813697 0.977823 0.770221 0.637485 0.816569 0.652129 0.702391 0.847707 0.510894 0.448307 0.912245 0.939431 0.938998 0.739318 0.802877 0.773131 0.841505 0.865357 0.910761 0.869492 0.801076 0.975141 0.952983 0.989273 0.962050 0.976665 0.948268 0.954248 0.859798 0.920084 0.925936 0.951441 0.943072 0.992034 0.952424 0.992723 0.949065 0.786097 0.892797 0.919752
0.694273 0.866523 0.343874 0.356659 0.941333 0.556421 0.476403 0.607452 0.907642 0.881760 0.763617 0.743372 0.603328 0.611474 0.547817 0.552037 0.871951 0.730920 0.545712 0.642813 0.720355 0.818606 0.456070 0.453762 0.437145 0.000000 0.684037 0.834957 0.821606 0.683016 0.390544 0.441008 0.453838 0.486394 0.624907 0.796209 0.742567 0.768209 0.474867 0.677351 0.943402 0.822228 0.516229 0.484745 0.647527 0.638574 0.530803 0.526525 0.847200 0.723071 0.707113 0.681690 0.740936 0.864932 0.646268 0.696369 0.992931 0.989294 0.709408 0.727375 0.650683 0.757246 0.853334 0.964631 0.313592 0.345437 0.436365 0.497889 0.832622 0.689284 0.667073 0.563598 0.536709 0.490566 0.782083 0.975250 0.689298 0.890101 0.647579 0.532673 0.786299 0.523509 0.754859 0.813035 0.518638 0.336075 0.932493 0.810776 0.857546 0.614156 0.778845 0.797548 0.788836 0.672740 0.846211 0.780543 0.587311 0.819565 0.741680 0.691994 0.775169 0.660777 0.829067 0.793337 0.556547 0.756120 0.807610 0.890224 0.924028 0.802371 0.949075 0.821706 0.631888 0.712810 0.851346 0.901330
0.938257 0.854498 0.878461 0.847609 0.955105 0.784690 0.985170 0.878896 0.888871 0.872266 0.948603 0.996398 0.836227 0.927276 0.765697 0.839837 0.885934 0.959390 0.963535 0.924511 0.876202 0.890166 0.942456 0.873384 0.662127 0.684037 0.000000 0.719888 0.977327 0.941712 0.924086 0.961127 0.990970 0.955658 0.969518 0.818658 0.931700 0.978906 0.798740 0.873316 0.890700 0.936159 0.964619 0.981262 0.893215 0.942522 0.974069 0.964937 0.996811 0.991871 0.975024 0.977609 0.979052 0.922751 0.830423 0.842450 0.796125 0.797409 0.947561 0.981376 0.973246 0.898250 0.884744 0.777189 0.726826 0.794261 0.998431 0.924830 0.919598 0.998271 0.836487 0.841929 0.933071 0.981960 0.788376 0.971451 0.963813 0.865407 0.960754 0.888426 0.931081 0.826284 0.939813 0.990457 0.635190 0.615319 0.990799 0.718420 0.978378 0.805645 0.830929 0.944928 0.882676 0.961139 0.849104 0.996293 0.879374 0.732496 0.774327 0.864791 0.861699 0.963163 0.705745 0.803821 0.905353 0.746537 0.836503 0.794528 0.871852 0.990391 0.770598 0.882401 0.893525 0.991865 0.920395 0.974815
0.960953 0.936306 0.960990 0.952306 0.932924 0.676648 0.900807 0.853661 0.844147 0.815006 0.971209 0.924180 0.954899 0.855354 0.819509 0.743162 0.931687 0.919567 0.894341 0.883399 0.853653 0.808164 0.985195 0.923097 0.774227 0.834957 0.719888 0.000000 0.984925 0.937447 0.995620 0.913892 0.933216 0.942894 0.893441 0.967220 0.932571 0.989284 0.887359 0.913004 0.920491 0.998666 0.976475 0.968875 0.864622 0.936706 0.990882 0.990096 0.888321 0.969429 0.932364 0.958153 0.954316 0.933662 0.974645 0.807450 0.958270 0.924978 0.985838 0.941991 0.905057 0.847889 0.955490 0.990111 0.953482 0.974911 0.945605 0.937731 0.870393 0.906600 0.983929 0.868837 0.975223 0.892329 0.845579 0.944208 0.948722 0.980499 0.983687 0.875564 0.968102 0.891326 0.883619 0.976803 0.859325 0.778949 0.730991 0.902376 0.756776 0.840482 0.858887 0.894967 0.834811 0.907829 0.808104 0.842483 0.919452 0.974916 0.915691 0.935474 0.754759 0.876825 0.902032 0.981813 0.995878 0.915772 0.829029 0.743434 0.855330 0.948612 0.878193 0.842331 0.939512 0.956841 0.989387 0.945296
0.277952 0.310609 0.773416 0.758850 0.946108 0.954891 0.737251 0.606727 0.823458 0.820875 0.429280 0.307464 0.628902 0.491537 0.559769 0.540160 0.344997 0.257265 0.409273 0.377511 0.869745 0.833486 0.588454 0.806345 0.812084 0.821606 0.977327 0.984925 0.000000 0.269186 0.624374 0.554110 0.525933 0.467807 0.810959 0.872060 0.633852 0.762146 0.889159 0.919720 0.700006 0.700890 0.689966 0.627985 0.765454 0.686623 0.709311 0.539987 0.800916 0.815550 0.878720 0.884828 0.917464 0.982807 0.751607 0.832542 0.376054 0.389759 0.668541 0.598494 0.529158 0.544410 0.345786 0.338304 0.795097 0.697926 0.720926 0.624428 0.481719 0.417355 0.565207 0.627057 0.527426 0.616742 0.759732 0.836424 0.566105 0.499310 0.695109 0.492028 0.300379 0.368002 0.512967 0.466438 0.566273 0.630645 0.821886 0.969691 0.970737 0.636162 0.977653 0.962990 0.908642 0.988067 0.621719 0.751382 0.713497 0.724634 0.712108 0.665459 0.818526 0.725286 0.684846 0.719677 0.604365 0.661309 0.965474 0.992359 0.898615 0.676273 0.799777 0.661789 0.757299 0.676716 0.867933 0.864162
0.274662 0.294988 0.619218 0.665347 0.960325 0.882574 0.593694 0.546372 0.841693 0.734411 0.386270 0.280146 0.514095 0.449413 0.446363 0.433584 0.312828 0.222568 0.350841 0.299348 0.748052 0.789669 0.413005 0.572056 0.715804 0.683016 0.941712 0.937447 0.269186 0.000000 0.454117 0.419814 0.346173 0.357432 0.736923 0.778332 0.647031 0.732373 0.688971 0.891117 0.754871 0.759450 0.531325 0.474337 0.644537 0.580431 0.597143 0.434070 0.792072 0.747767 0.815245 0.802776 0.845700 0.952626 0.730290 0.849077 0.389463 0.382976 0.666559 0.606292 0.449078 0.517005 0.328723 0.324893 0.669295 0.598880 0.605911 0.485083 0.469481 0.417458 0.486016 0.503235 0.419333 0.409362 0.795198 0.732484 0.510827 0.512181 0.521888 0.446854 0.295765 0.299825 0.464094 0.392535 0.544891 0.580692 0.885470 0.935212 0.952744 0.684609 0.898173 0.927161 0.868802 0.978977 0.540882 0.708602 0.566802 0.628726 0.630038 0.542928 0.738950 0.663218 0.592504 0.703480 0.560874 0.527678 0.862306 0.936331 0.987553 0.714934 0.788149 0.636203 0.677716 0.672170 0.843129 0.966577
0.499779 0.586785 0.337421 0.404929 0.950535 0.730890 0.330885 0.452872 0.787842 0.668366 0.626720 0.590964 0.652872 0.591164 0.482201 0.547240 0.601911 0.510315 0.412948 0.468023 0.667509 0.721540 0.296611 0.486079 0.491703 0.390544 0.924086 0.995620 0.624374 0.454117 0.000000 0.293561 0.249373 0.291865 0.505526 0.656608 0.602521 0.697978 0.586016 0.735133 0.899621 0.807455 0.296335 0.290909 0.369043 0.368674 0.369430 0.336486 0.629785 0.652410 0.590049 0.577436 0.621481 0.816208 0.682719 0.736066 0.684711 0.714965 0.539323 0.586175 0.468767 0.587111 0.574992 0.627318 0.447550 0.468457 0.318255 0.351285 0.797967 0.571491 0.416389 0.399719 0.460214 0.393907 0.726616 0.792622 0.429769 0.678538 0.478449 0.449236 0.581067 0.582802 0.604250 0.659698 0.646380 0.570303 0.889576 0.870017 0.994150 0.726600 0.709691 0.812893 0.730384 0.775299 0.666937 0.699647 0.421921 0.677004 0.483938 0.505049 0.675760 0.615743 0.599154 0.602914 0.449146 0.507690 0.646516 0.678489 0.965405 0.830509 0.650490 0.643090 0.542651 0.648106 0.581035 0.969191
0.512906 0.626614 0.414915 0.455177 0.922986 0.736245 0.468432 0.504318 0.935707 0.683948 0.638347 0.530145 0.622234 0.520161 0.413679 0.475053 0.584761 0.518672 0.386248 0.418135 0.663363 0.716626 0.316353 0.427763 0.504259 0.441008 0.961127 0.913892 0.554110 0.419814 0.293561 0.000000 0.340007 0.383693 0.581243 0.767244 0.636120 0.838046 0.593079 0.851845 0.954904 0.760046 0.475153 0.497079 0.582402 0.615849 0.477626 0.489705 0.801984 0.900157 0.877910 0.864801 0.921785 0.920567 0.726158 0.800320 0.711518 0.778272 0.706132 0.812547 0.596491 0.721091 0.642121 0.700017 0.522397 0.541535 0.503184 0.568024 0.711645 0.558214 0.574675 0.562986 0.472373 0.506625 0.681446 0.913040 0.578262 0.710467 0.589599 0.556441 0.559993 0.490268 0.646064 0.696536 0.608649 0.550005 0.983322 0.953733 0.988748 0.767793 0.851195 0.908582 0.855108 0.877699 0.720870 0.727508 0.463993 0.679597 0.634891 0.631447 0.748618 0.737349 0.660470 0.643930 0.579269 0.658820 0.849309 0.855963 0.928447 0.735830 0.764417 0.703338 0.664507 0.773898 0.721081 0.912450
0.425885 0.476893 0.382207 0.397105 0.988452 0.678679 0.321622 0.368863 0.896005 0.601256 0.544065 0.477206 0.575333 0.523661 0.465579 0.442479 0.493479 0.402994 0.313883 0.376157 0.717814 0.725234 0.281255 0.476658 0.609748 0.453838 0.990970 0.933216 0.525933 0.346173 0.249373 0.340007 0.000000 0.227145 0.596396 0.607471 0.605842 0.703487 0.684919 0.820910 0.941104 0.771351 0.270818 0.252198 0.360531 0.346418 0.345413 0.318015 0.599508 0.584092 0.567743 0.529850 0.616780 0.765347 0.644454 0.688143 0.592006 0.580789 0.489486 0.510512 0.412563 0.465717 0.463965 0.537991 0.416170 0.392720 0.296483 0.312876 0.743260 0.457595 0.348027 0.358889 0.490343 0.370398 0.789991 0.768120 0.377535 0.643416 0.435838 0.444001 0.489563 0.443900 0.579532 0.600654 0.531067 0.485424 0.959235 0.898675 0.990124 0.707831 0.614371 0.685200 0.606510 0.711164 0.622872 0.639544 0.417410 0.578349 0.411227 0.398054 0.537683 0.536039 0.557450 0.569310 0.338739 0.398398 0.681738 0.678090 0.993259 0.765783 0.678100 0.577799 0.470097 0.640700 0.595439 0.885988
0.384495 0.450635 0.366485 0.398882 0.993512 0.608815 0.274277 0.339606 0.779033 0.523728 0.540754 0.453478 0.559087 0.543496 0.492980 0.414984 0.482167 0.359374 0.295159 0.325266 0.643656 0.727103 0.269008 0.485951 0.664172 0.486394 0.955658 0.942894 0.467807 0.357432 0.291865 0.383693 0.227145 0.000000 0.558372 0.684638 0.601392 0.704163 0.697967 0.831775 0.849292 0.798167 0.277278 0.240038 0.382177 0.356913 0.398942 0.305283 0.572678 0.540335 0.559750 0.541970 0.602176 0.754914 0.670288 0.699747 0.546777 0.556609 0.425550 0.500931 0.413338 0.511422 0.432321 0.493516 0.486536 0.461269 0.320798 0.316679 0.745947 0.460149 0.366308 0.367509 0.575355 0.458748 0.788838 0.735627 0.388142 0.591128 0.440201 0.389333 0.448699 0.441298 0.638131 0.592907 0.558609 0.522867 0.857812 0.859540 0.977628 0.758910 0.597479 0.594851 0.588455 0.644817 0.527078 0.602813 0.454932 0.566966 0.395028 0.374174 0.639592 0.537196 0.515388 0.525160 0.351008 0.398104 0.668286 0.652741 0.993976 0.715716 0.685379 0.525235 0.494957 0.593690 0.644411 0.988801
0.702797 0.798996 0.593327 0.623348 0.997345 0.773285 0.539508 0.648845 0.890958 0.827438 0.802873 0.884590 0.909692 0.991565 0.851332 0.902773 0.818687 0.701810 0.727903 0.663247 0.841454 0.728061 0.621817 0.813828 0.624050 0.624907 0.969518 0.893441 0.810959 0.736923 0.505526 0.581243 0.596396 0.558372 0.000000 0.753564 0.625412 0.677018 0.751005 0.892966 0.955795 0.978527 0.547995 0.561713 0.466175 0.563000 0.655891 0.576093 0.742874 0.693686 0.683988 0.673785 0.737400 0.831676 0.780209 0.764029 0.779852 0.790001 0.677404 0.629061 0.686712 0.765075 0.715231 0.752855 0.701039 0.699876 0.472098 0.486921 0.850914 0.790864 0.607738 0.593729 0.731188 0.632641 0.938175 0.995079 0.701830 0.788594 0.715263 0.659748 0.701794 0.750987 0.899479 0.980501 0.840706 0.815162 0.880619 0.778645 0.988428 0.826574 0.693021 0.818896 0.687600 0.698509 0.758789 0.810682 0.647894 0.811949 0.558347 0.682626 0.745871 0.796323 0.756840 0.618219 0.585490 0.618611 0.724984 0.735801 0.788461 0.886568 0.630593 0.632797 0.743356 0.727942 0.850421 0.842992
0.785506 0.665915 0.670232 0.600904 0.941246 0.948715 0.586770 0.564327 0.833373 0.625401 0.740246 0.946496 0.943800 0.963161 0.995210 0.964996 0.722968 0.781940 0.654914 0.695123 0.937011 0.805838 0.813403 0.946416 0.954055 0.796209 0.818658 0.967220 0.872060 0.778332 0.656608 0.767244 0.607471 0.684638 0.753564 0.000000 0.804598 0.528909 0.867189 0.900988 0.973919 0.875692 0.581639 0.582030 0.475196 0.586027 0.584688 0.622811 0.633654 0.633700 0.685809 0.710222 0.808515 0.864828 0.847309 0.904138 0.706488 0.677731 0.612832 0.639312 0.835819 0.708109 0.770736 0.767694 0.761988 0.703798 0.465472 0.497120 0.843691 0.718142 0.484207 0.489501 0.872245 0.771479 0.966216 0.862303 0.577778 0.672242 0.723462 0.861483 0.756817 0.800774 0.852346 0.845994 0.959413 0.919864 0.810464 0.873008 0.876136 0.801998 0.615393 0.655575 0.596535 0.625617 0.931913 0.639419 0.673072 0.624852 0.505516 0.482247 0.522336 0.580247 0.650118 0.545061 0.655195 0.635862 0.674312 0.653722 0.917822 0.995430 0.678802 0.688014 0.625748 0.676063 0.720129 0.792455
0.538303 0.705945 0.648736 0.646848 0.768332 0.975032 0.670670 0.679283 0.989580 0.901574 0.649036 0.719155 0.763441 0.780692 0.815636 0.803469 0.748875 0.660780 0.639526 0.659101 0.729623 0.926364 0.660490 0.805038 0.717015 0.742567 0.931700 0.932571 0.633852 0.647031 0.602521 0.636120 0.605842 0.601392 0.625412 0.804598 0.000000 0.741807 0.701658 0.845599 0.849913 0.880573 0.723425 0.663663 0.683812 0.674554 0.644020 0.620352 0.861440 0.781601 0.795892 0.838369 0.866026 0.969062 0.787455 0.846122 0.716396 0.735355 0.679423 0.668330 0.637160 0.659061 0.662917 0.714060 0.691438 0.685025 0.626220 0.586284 0.782182 0.699907 0.635156 0.742800 0.699733 0.686210 0.873444 0.924411 0.584106 0.784891 0.757325 0.726479 0.687401 0.702453 0.832982 0.836289 0.785720 0.769637 0.941204 0.765932 0.985651 0.750208 0.931661 0.899833 0.855828 0.897178 0.806192 0.725325 0.761875 0.884747 0.717806 0.757283 0.945922 0.809242 0.636749 0.760264 0.616595 0.705010 0.953445 0.827860 0.948221 0.775926 0.808684 0.721430 0.751390 0.800176 0.765895 0.804079
0.680482 0.613158 0.758184 0.771134 0.991465 0.924377 0.787552 0.788923 0.994329 0.998574 0.731592 0.879171 0.982227 0.991441 0.950011 0.999819 0.628345 0.648772 0.793324 0.704602 0.873806 0.696167 0.940896 0.980838 0.764076 0.768209 0.978906 0.989284 0.762146 0.732373 0.697978 0.838046 0.703487 0.704163 0.677018 0.528909 0.741807 0.000000 0.737829 0.899614 0.804384 0.910140 0.717557 0.666494 0.578390 0.640403 0.680542 0.682496 0.747510 0.644149 0.645283 0.706960 0.738967 0.805741 0.816925 0.791762 0.618044 0.625379 0.706838 0.640310 0.782094 0.753110 0.650812 0.690999 0.753468 0.717351 0.584931 0.502560 0.751992 0.680884 0.609888 0.648381 0.693777 0.674368 0.970301 0.905151 0.812750 0.710480 0.837083 0.804922 0.678837 0.752759 0.761649 0.884196 0.853473 0.826469 0.871780 0.867946 0.969467 0.858801 0.865326 0.878074 0.821586 0.831620 0.914495 0.743896 0.826777 0.761817 0.742605 0.734903 0.784996 0.711531 0.727351 0.700172 0.743564 0.700062 0.795522 0.800901 0.847236 0.978697 0.662351 0.743439 0.845311 0.665127 0.839003 0.842040
