0.000000 0.540923 0.679631 0.714723 0.954175 0.976126 0.574238 0.534833 0.862995 0.722737 0.709435 0.695963 0.716685 0.869692 0.935683 0.981238 0.504111 0.502928 0.587234 0.737351 0.914083 0.979704 0.934928 0.939635 0.791430 0.779364 0.944741 0.987226 0.720949 0.622168 0.832216 0.978494 0.577584 0.562095 0.823040 0.859884 0.931277 0.824874 0.828173 0.859259 0.939095 0.904110 0.695781 0.651249 0.846949 0.706606 0.656437 0.729385 0.781394 0.856551 0.843370 0.977824 0.981629 0.940908 0.777610 0.873529 0.466527 0.654155 0.649986 0.833913 0.497282 0.586735 0.483259 0.485348 0.729495 0.714221 0.746763 0.782078 0.874881 0.853860 0.887025 0.959776 0.932257 0.914529 0.951367 0.959476 0.738365 0.761162 0.859569 0.968249 0.527354 0.573075 0.876931 0.675189 0.683548 0.773722 0.908015 0.921355 0.790208 0.719638 0.815832 0.879832 0.916563 0.931548 0.905005 0.796749 0.845003 0.985704 0.722054 0.676770 0.833286 0.983999 0.869400 0.748147 0.959358 0.833800 0.872172 0.918061 0.771824 0.937964 0.851477 0.953773 0.824757 0.954231 0.990478 0.889823
0.540923 0.000000 0.876297 0.810910 0.915603 0.986186 0.858152 0.634793 0.969566 0.883547 0.845845 0.609415 0.797652 0.759623 0.890961 0.840737 0.573461 0.575449 0.724064 0.812650 0.965995 0.982155 0.962486 0.915531 0.811698 0.848845 0.980180 0.823510 0.734160 0.657670 0.966109 0.995543 0.614506 0.713526 0.904936 0.940028 0.949943 0.898198 0.976890 0.833064 0.942216 0.865538 0.690816 0.626602 0.805103 0.732861 0.728584 0.725557 0.794082 0.882155 0.981385 0.904223 0.976898 0.937629 0.847089 0.980513 0.552417 0.578519 0.720263 0.836202 0.683312 0.593231 0.646916 0.559305 0.862427 0.783905 0.895819 0.854482 0.864052 0.717839 0.856220 0.903569 0.974742 0.925412 0.993927 0.985472 0.797390 0.857739 0.805190 0.908248 0.612090 0.709934 0.932905 0.741706 0.928699 0.905225 0.990661 0.930361 0.867300 0.812837 0.985642 0.885979 0.964510 0.864429 0.827665 0.831134 0.908843 0.884712 0.792475 0.882188 0.849566 0.924735 0.859683 0.836715 0.938389 0.798203 0.987830 0.981072 0.887578 0.931622 0.968943 0.922284 0.952523 0.967957 0.829289 0.938912
0.679631 0.876297 0.000000 0.475631 0.885473 0.961762 0.367068 0.500015 0.756666 0.667202 0.831102 0.919251 0.913712 0.885336 0.910131 0.730716 0.821022 0.716218 0.715961 0.780770 0.874218 0.923477 0.718422 0.920408 0.692294 0.847730 0.954509 0.906427 0.947489 0.896108 0.761221 0.891647 0.572371 0.633659 0.761531 0.835689 0.970942 0.919523 0.934708 0.816788 0.955824 0.849360 0.733785 0.790070 0.904319 0.869225 0.744332 0.804547 0.972353 0.923953 0.779420 0.888081 0.960106 0.882350 0.817297 0.836845 0.756123 0.958672 0.626877 0.755152 0.502708 0.751110 0.684436 0.752308 0.491916 0.605432 0.528531 0.592177 0.911148 0.990451 0.924131 0.893347 0.949305 0.932255 0.913947 0.995276 0.722736 0.936287 0.956338 0.960297 0.592212 0.575803 0.906995 0.728963 0.522857 0.689685 0.841005 0.943486 0.776010 0.687764 0.608055 0.620605 0.593174 0.621914 0.828302 0.717287 0.743370 0.948061 0.616798 0.555458 0.802482 0.866593 0.855957 0.746224 0.724546 0.588693 0.936734 0.803128 0.828323 0.904607 0.734459 0.788025 0.823393 0.973348 0.967329 0.949973
0.714723 0.810910 0.475631 0.000000 0.991020 0.992898 0.540442 0.440613 0.931535 0.802232 0.795905 0.956416 0.943100 0.946966 0.772559 0.794053 0.906457 0.727625 0.833029 0.808539 0.844857 0.903995 0.768743 0.816348 0.614217 0.708474 0.932448 0.970128 0.972441 0.879820 0.724473 0.938577 0.616761 0.556494 0.703352 0.704746 0.953040 0.895390 0.804059 0.723577 0.906744 0.844459 0.681294 0.669163 0.881589 0.818147 0.721465 0.684991 0.979989 0.989511 0.775719 0.951380 0.896793 0.876891 0.888146 0.818141 0.845575 0.982616 0.736227 0.764369 0.657214 0.686543 0.776547 0.803659 0.516689 0.465433 0.455607 0.461601 0.698175 0.964493 0.721896 0.711664 0.916994 0.868611 0.956345 0.983906 0.748162 0.859218 0.915808 0.916449 0.636849 0.618477 0.961893 0.787198 0.659174 0.660749 0.857472 0.924274 0.965766 0.615200 0.750751 0.779519 0.656669 0.741101 0.819950 0.669498 0.743229 0.979001 0.622237 0.716007 0.796800 0.887194 0.827528 0.729685 0.708142 0.652791 0.898927 0.829660 0.782960 0.874844 0.716344 0.871343 0.985713 0.990623 0.941386 0.876511
0.954175 0.915603 0.885473 0.991020 0.000000 0.990551 0.858148 0.933057 0.741963 0.956624 0.795066 0.771257 0.940162 0.982045 0.699413 0.929666 0.871900 0.872972 0.817457 0.897647 0.861465 0.845616 0.560292 0.680095 0.881334 0.978193 0.886431 0.846700 0.949264 0.905392 0.799516 0.822006 0.985234 0.982110 0.964255 0.999116 0.905179 0.855662 0.985888 0.969890 0.999157 0.904496 0.762954 0.754857 0.994695 0.927355 0.994780 0.912264 0.986973 0.915754 0.918629 0.757169 0.789470 0.758837 0.946961 0.932081 0.829990 0.823068 0.901094 0.920107 0.871198 0.957076 0.867106 0.974133 0.720950 0.905053 0.911093 0.921587 0.900867 0.982885 0.949705 0.933707 0.717134 0.901430 0.967407 0.920912 0.922965 0.814708 0.880636 0.903978 0.855571 0.781889 0.742760 0.796016 0.611199 0.642111 0.745507 0.640037 0.826782 0.768691 0.917619 0.911454 0.979368 0.938990 0.987476 0.972647 0.972337 0.840419 0.962757 0.865452 0.980501 0.788877 0.750477 0.855596 0.950163 0.971425 0.973008 0.962476 0.935417 0.876194 0.929400 0.939024 0.998315 0.986941 0.954500 0.882973
0.976126 0.986186 0.961762 0.992898 0.990551 0.000000 0.956583 0.996461 0.980819 0.959962 0.968189 0.944353 0.926940 0.992096 0.867993 0.748893 0.881424 0.959755 0.959699 0.813159 0.814874 0.886743 0.982697 0.993526 0.915606 0.880549 0.824780 0.818996 0.982117 0.946226 0.960266 0.975510 0.938608 0.904879 0.913412 0.888636 0.840636 0.965150 0.909586 0.909391 0.846363 0.938168 0.988029 0.928238 0.978554 0.903430 0.994994 0.962473 0.954855 0.961968 0.978523 0.788267 0.870046 0.900610 0.938272 0.936634 0.982278 0.863139 0.864614 0.794419 0.956571 0.974988 0.868786 0.793916 0.956452 0.977377 0.928084 0.999800 0.865557 0.855278 0.873580 0.802347 0.991778 0.870669 0.954481 0.871507 0.979659 0.877536 0.917710 0.897633 0.922671 0.926604 0.899341 0.952702 0.940803 0.942541 0.888349 0.967081 0.903119 0.978112 0.996146 0.983821 0.910998 0.989175 0.974502 0.861289 0.888001 0.980648 0.967888 0.944531 0.967789 0.905905 0.860423 0.947187 0.995197 0.907037 0.831143 0.856402 0.943673 0.959513 0.875429 0.998970 0.916449 0.928848 0.915028 0.837901
0.574238 0.858152 0.367068 0.540442 0.858148 0.956583 0.000000 0.524845 0.679744 0.615371 0.834656 0.964945 0.816377 0.901301 0.973588 0.744169 0.746805 0.624335 0.619824 0.724692 0.911792 0.994945 0.712754 0.947200 0.774017 0.858750 0.941349 0.832793 0.906721 0.804808 0.784953 0.972774 0.529644 0.604187 0.778112 0.852196 0.954452 0.879835 0.919285 0.910176 0.915051 0.877315 0.742443 0.780480 0.887234 0.793792 0.766783 0.802830 0.952183 0.835022 0.770542 0.872814 0.944345 0.883073 0.815447 0.835963 0.676195 0.877664 0.611233 0.777096 0.395118 0.704223 0.535370 0.646139 0.522982 0.645344 0.575775 0.651657 0.964373 0.995615 0.979132 0.982074 0.953911 0.936263 0.920882 0.996110 0.743101 0.981448 0.917651 0.982751 0.529746 0.507332 0.838421 0.677908 0.461561 0.705513 0.914024 0.875213 0.747196 0.711097 0.579765 0.590645 0.634013 0.686113 0.796826 0.775793 0.751758 0.952132 0.603494 0.547373 0.839374 0.848936 0.909937 0.728840 0.780227 0.650494 0.963745 0.846562 0.750888 0.903893 0.705337 0.824504 0.843131 0.996989 0.988438 0.916487
0.534833 0.634793 0.500015 0.440613 0.933057 0.996461 0.524845 0.000000 0.934940 0.642428 0.670809 0.699948 0.893062 0.947372 0.812586 0.850223 0.758523 0.621266 0.726597 0.663202 0.936826 0.979204 0.906966 0.947243 0.778919 0.867583 0.973710 0.912685 0.844524 0.720811 0.803161 0.968712 0.577454 0.467478 0.784409 0.721345 0.975241 0.948592 0.806645 0.691384 0.976163 0.868634 0.646735 0.663329 0.960584 0.833090 0.692641 0.710962 0.999798 0.977014 0.892183 0.975462 0.791431 0.692312 0.798360 0.871512 0.709790 0.828922 0.518682 0.575382 0.509300 0.437347 0.682251 0.592682 0.654956 0.462493 0.544647 0.480626 0.872896 0.873731 0.766280 0.819836 0.920060 0.828008 0.942122 0.944270 0.587450 0.777463 0.894581 0.936545 0.609977 0.659180 0.933665 0.805124 0.768524 0.845575 0.777160 0.826252 0.851697 0.622112 0.848729 0.923516 0.784836 0.952006 0.833460 0.723047 0.711240 0.937558 0.596194 0.698815 0.714686 0.950066 0.769538 0.747415 0.767148 0.633120 0.968524 0.843757 0.756894 0.858996 0.677591 0.933474 0.914840 0.992345 0.934647 0.884700
0.862995 0.969566 0.756666 0.931535 0.741963 0.980819 0.679744 0.934940 0.000000 0.667587 0.985561 0.864480 0.846903 0.840081 0.863925 0.914618 0.904002 0.866945 0.875515 0.962158 0.993796 0.978594 0.616181 0.937581 0.930281 0.989607 0.966125 0.894014 0.862807 0.946861 0.892313 0.957991 0.847421 0.947994 0.969602 0.933103 0.965021 0.880672 0.893182 0.826683 0.907181 0.980166 0.892660 0.841991 0.947514 0.985922 0.968366 0.917091 0.904638 0.967141 0.966408 0.924973 0.831608 0.876739 0.960805 0.908575 0.776978 0.882625 0.979482 0.960199 0.669648 0.946132 0.679714 0.729260 0.747277 0.976910 0.932653 0.875722 0.830578 0.923442 0.874472 0.794332 0.979459 0.846079 0.898780 0.979639 0.987491 0.953456 0.821811 0.962812 0.785983 0.752577 0.692519 0.752270 0.620540 0.765032 0.785040 0.676393 0.876891 0.748088 0.845205 0.840537 0.813352 0.897224 0.950932 0.945244 0.853756 0.946313 0.950540 0.704021 0.960932 0.988786 0.929408 0.963576 0.854849 0.925120 0.963216 0.972811 0.893446 0.875933 0.889195 0.990539 0.986393 0.861299 0.961071 0.862727
0.722737 0.883547 0.667202 0.802232 0.956624 0.959962 0.615371 0.642428 0.667587 0.000000 0.760269 0.950552 0.971519 0.752437 0.889868 0.746609 0.807748 0.737415 0.623359 0.703637 0.872268 0.951265 0.758353 0.904765 0.885030 0.913224 0.802668 0.810108 0.778290 0.865509 0.811941 0.937379 0.626024 0.655937 0.851298 0.956987 0.960017 0.964777 0.995847 0.966958 0.930988 0.881932 0.874581 0.908706 0.884286 0.863467 0.809609 0.971064 0.856472 0.875009 0.882837 0.857085 0.918644 0.784670 0.831780 0.912156 0.711141 0.793454 0.661739 0.752367 0.656478 0.743119 0.610150 0.549175 0.915323 0.875062 0.703189 0.741495 0.763367 0.894781 0.956463 0.940929 0.981791 0.918820 0.849178 0.943974 0.843575 0.983205 0.969907 0.935862 0.727070 0.748607 0.984527 0.788145 0.771332 0.999510 0.890671 0.898947 0.846866 0.686133 0.754551 0.808803 0.722217 0.954395 0.932408 0.700051 0.610367 0.872864 0.681069 0.670302 0.742234 0.999009 0.738083 0.750739 0.716362 0.713208 0.964837 0.806651 0.759424 0.844061 0.765433 0.957190 0.919658 0.930197 0.918006 0.912160
0.709435 0.845845 0.831102 0.795905 0.795066 0.968189 0.834656 0.670809 0.985561 0.760269 0.000000 0.647074 0.810135 0.917916 0.786010 0.917747 0.791724 0.807957 0.833684 0.700318 0.874626 0.971480 0.836570 0.826857 0.974743 0.912641 0.857302 0.954517 0.872438 0.910589 0.938145 0.907987 0.855371 0.629071 0.858638 0.770114 0.956507 0.893850 0.986506 0.958077 0.971585 0.952294 0.876645 0.814764 0.870027 0.933187 0.903810 0.996810 0.935706 0.897123 0.911180 0.747979 0.770668 0.691407 0.895903 0.889260 0.863512 0.960962 0.809983 0.804119 0.783740 0.645895 0.803044 0.702339 0.960093 0.838185 0.848771 0.825016 0.861041 0.922475 0.956462 0.909290 0.967585 0.980407 0.954115 0.942914 0.697617 0.728608 0.937994 0.963090 0.778787 0.876482 0.868819 0.993837 0.987329 0.915178 0.747062 0.902291 0.921688 0.833014 0.970809 0.883661 0.940569 0.940191 0.996444 0.716049 0.798039 0.961288 0.902258 0.948938 0.863279 0.965177 0.755533 0.823405 0.935106 0.930506 0.958225 0.969233 0.919463 0.889169 0.869446 0.995844 0.921049 0.955690 0.976520 0.790014
0.695963 0.609415 0.919251 0.956416 0.771257 0.944353 0.964945 0.699948 0.864480 0.950552 0.647074 0.000000 0.701544 0.646792 0.992251 0.808844 0.750780 0.741141 0.844636 0.761047 0.884058 0.864211 0.768232 0.802372 0.997507 0.987174 0.972953 0.974503 0.834594 0.680931 0.893336 0.951842 0.899957 0.779221 0.925214 0.790448 0.958522 0.902889 0.877663 0.881736 0.935575 0.988183 0.823841 0.747641 0.934354 0.905529 0.937585 0.874284 0.975975 0.906412 0.889299 0.808636 0.851515 0.799013 0.792921 0.967195 0.757587 0.722408 0.789640 0.797466 0.801671 0.596021 0.802556 0.678407 0.929531 0.867980 0.935767 0.963051 0.886390 0.802967 0.979421 0.918728 0.969101 0.972212 0.954382 0.820884 0.724148 0.703107 0.871339 0.990577 0.829286 0.927953 0.951163 0.910756 0.864921 0.866953 0.947882 0.819770 0.913560 0.935256 0.794345 0.724797 0.806323 0.692907 0.964255 0.961926 0.928008 0.918453 0.942753 0.936640 0.911101 0.992821 0.872315 0.975751 0.939302 0.959153 0.934390 0.958547 0.972582 0.994927 0.957846 0.891487 0.992854 0.989650 0.923886 0.862630
0.716685 0.797652 0.913712 0.943100 0.940162 0.926940 0.816377 0.893062 0.846903 0.971519 0.810135 0.701544 0.000000 0.589638 0.625261 0.682177 0.827144 0.748209 0.830281 0.791280 0.955090 0.815575 0.949428 0.939306 0.981271 0.897441 0.872599 0.969586 0.876340 0.733302 0.973175 0.999067 0.939856 0.915315 0.966211 0.986648 0.930167 0.766942 0.980025 0.950678 0.968824 0.810222 0.984423 0.994159 0.834541 0.995059 0.929182 0.958756 0.860567 0.974705 0.820787 0.878750 0.887434 0.900812 0.887125 0.888790 0.769332 0.741485 0.870888 0.824373 0.615176 0.706264 0.774704 0.744624 0.932057 0.951936 0.766032 0.837012 0.955231 0.972130 0.829920 0.909316 0.980764 0.838799 0.972860 0.698765 0.906479 0.899063 0.865725 0.856821 0.800442 0.756819 0.853859 0.840079 0.792237 0.979718 0.840758 0.894457 0.777040 0.993305 0.906365 0.828836 0.797466 0.792719 0.972505 0.979808 0.928638 0.929724 0.991247 0.967181 0.882644 0.982172 0.930181 0.835345 0.976863 0.951423 0.874985 0.798043 0.962574 0.997195 0.990689 0.967126 0.970228 0.975413 0.916908 0.953904
0.869692 0.759623 0.885336 0.946966 0.982045 0.992096 0.901301 0.947372 0.840081 0.752437 0.917916 0.646792 0.589638 0.000000 0.653266 0.524530 0.892024 0.833098 0.962992 0.859703 0.891347 0.856315 0.925253 0.953076 0.889670 0.955178 0.992320 0.915259 0.918208 0.705752 0.907287 0.804780 0.987007 0.916493 0.885699 0.912044 0.977588 0.967533 0.857557 0.861897 0.994826 0.848491 0.933152 0.854345 0.938804 0.946536 0.854714 0.836677 0.925358 0.913930 0.839925 0.874626 0.953543 0.990760 0.853016 0.877299 0.937201 0.854460 0.933382 0.938035 0.878708 0.771548 0.948576 0.893087 0.999293 0.886251 0.825085 0.921128 0.895260 0.896261 0.972454 0.816991 0.994260 0.984391 0.894786 0.767502 0.998464 0.847235 0.862370 0.780577 0.912056 0.852683 0.795763 0.825288 0.990829 0.914024 0.906576 0.947857 0.935792 0.955694 0.751175 0.711340 0.680727 0.709843 0.940161 0.983544 0.818465 0.893240 0.907945 0.866495 0.931687 0.923627 0.912355 0.783545 0.848156 0.936715 0.894568 0.805784 0.877366 0.956676 0.900010 0.999489 0.944271 0.969668 0.918095 0.916164
0.935683 0.890961 0.910131 0.772559 0.699413 0.867993 0.973588 0.812586 0.863925 0.889868 0.786010 0.992251 0.625261 0.653266 0.000000 0.561353 0.844221 0.784134 0.875170 0.995783 0.968463 0.825895 0.681346 0.781484 0.994958 0.937152 0.995795 0.979330 0.803308 0.694718 0.778232 0.647473 0.947601 0.899428 0.999017 0.907571 0.917078 0.882693 0.985156 0.999613 0.959207 0.839614 0.845134 0.905510 0.959241 0.970536 0.908351 0.926979 0.934460 0.889773 0.892812 0.959427 0.807177 0.760256 0.919009 0.949905 0.798783 0.759199 0.834137 0.848542 0.880879 0.979997 0.832070 0.917495 0.884176 0.958516 0.707991 0.759476 0.980283 0.970414 0.921084 0.983151 0.885654 0.950456 0.994366 0.797416 0.841671 0.945476 0.793240 0.907221 0.869996 0.760820 0.615058 0.663276 0.742755 0.753135 0.586666 0.551567 0.888855 0.954558 0.835682 0.846440 0.705048 0.782165 0.942599 0.929194 0.821711 0.947907 0.856095 0.947902 0.805028 0.807753 0.699811 0.737780 0.897376 0.879900 0.828346 0.739792 0.964151 0.905994 0.849753 0.933668 0.967525 0.963250 0.911868 0.868441
0.981238 0.840737 0.730716 0.794053 0.929666 0.748893 0.744169 0.850223 0.914618 0.746609 0.917747 0.808844 0.682177 0.524530 0.561353 0.000000 0.997962 0.952308 0.919184 0.956867 0.998241 0.892747 0.997661 0.861888 0.967150 0.961076 0.907358 0.855101 0.957896 0.788709 0.905213 0.812127 0.894323 0.923534 0.862551 0.953073 0.858051 0.958611 0.900006 0.947628 0.921185 0.816679 0.911247 0.954017 0.940912 0.960592 0.950821 0.865462 0.991353 0.969335 0.897979 0.873467 0.886767 0.845095 0.951434 0.979505 0.964505 0.846538 0.802924 0.900217 0.919050 0.971384 0.909734 0.927916 0.955727 0.987725 0.703160 0.827066 0.872242 0.924236 0.963122 0.838333 0.954884 0.910609 0.976310 0.827095 0.917012 0.908824 0.883587 0.762050 0.910771 0.975349 0.819135 0.914470 0.979938 0.934847 0.724487 0.873692 0.943610 0.898559 0.709620 0.665984 0.617292 0.718303 0.864034 0.881196 0.700959 0.879672 0.829963 0.753807 0.907132 0.839348 0.763049 0.719283 0.862383 0.941225 0.909596 0.677973 0.915600 0.988920 0.723601 0.905624 0.982506 0.918969 0.868837 0.959734
0.504111 0.573461 0.821022 0.906457 0.871900 0.881424 0.746805 0.758523 0.904002 0.807748 0.791724 0.750780 0.827144 0.892024 0.844221 0.997962 0.000000 0.516622 0.615127 0.685780 0.990026 0.986073 0.889162 0.999514 0.868608 0.897158 0.949386 0.944781 0.685532 0.640878 0.928721 0.922068 0.670581 0.758881 0.850029 0.885404 0.907165 0.815173 0.976452 0.994655 0.992223 0.899854 0.841039 0.727456 0.839033 0.737644 0.758622 0.798702 0.793786 0.807851 0.901817 0.980574 0.884974 0.982621 0.760919 0.860236 0.514834 0.628180 0.792912 0.969759 0.656547 0.707455 0.505342 0.525940 0.805605 0.822566 0.900270 0.921678 0.790229 0.759080 0.931529 0.984776 0.984569 0.914453 0.980919 0.975248 0.798637 0.947137 0.813002 0.916455 0.487549 0.582996 0.783246 0.624265 0.731835 0.783993 0.884504 0.803222 0.813969 0.760453 0.832247 0.940973 0.991370 0.999558 0.898408 0.800955 0.847226 0.954739 0.848081 0.818683 0.962617 0.870816 0.886236 0.890401 0.943945 0.955104 0.927972 0.970446 0.872715 0.938675 0.883461 0.953534 0.809406 0.942343 0.879245 0.952354
0.502928 0.575449 0.716218 0.727625 0.872972 0.959755 0.624335 0.621266 0.866945 0.737415 0.807957 0.741141 0.748209 0.833098 0.784134 0.952308 0.516622 0.000000 0.592898 0.691067 0.969109 0.883417 0.791074 0.948382 0.773024 0.858036 0.929510 0.973664 0.682539 0.524968 0.795041 0.827313 0.544558 0.615010 0.828780 0.780783 0.977982 0.835583 0.826657 0.837218 0.907104 0.971645 0.779129 0.691095 0.825917 0.729549 0.659785 0.727439 0.845313 0.847503 0.944906 0.993180 0.946471 0.991204 0.658338 0.786410 0.478994 0.660893 0.754909 0.857086 0.516909 0.589005 0.454175 0.496752 0.692818 0.672978 0.782161 0.787144 0.967199 0.846233 0.827630 0.924376 0.872848 0.915652 0.969562 0.969708 0.831053 0.919533 0.773907 0.869399 0.431871 0.445034 0.779399 0.590867 0.643266 0.679039 0.953519 0.836904 0.784004 0.626824 0.848534 0.969940 0.972390 0.975970 0.823528 0.772903 0.904919 0.969604 0.790666 0.747053 0.922400 0.901030 0.978145 0.884525 0.860293 0.796409 0.932142 0.904630 0.823419 0.885815 0.862612 0.956761 0.862020 0.974076 0.900437 0.948317
0.587234 0.724064 0.715961 0.833029 0.817457 0.959699 0.619824 0.726597 0.875515 0.623359 0.833684 0.844636 0.830281 0.962992 0.875170 0.919184 0.615127 0.592898 0.000000 0.650895 0.973859 0.971183 0.779515 0.899165 0.931818 0.882890 0.954349 0.994984 0.641711 0.643234 0.805408 0.881001 0.606792 0.703144 0.816101 0.941845 0.990859 0.813432 0.887131 0.992105 0.999082 0.914200 0.907577 0.850245 0.958023 0.827327 0.757885 0.873501 0.914475 0.905516 0.953060 0.941940 0.960202 0.926875 0.759741 0.832070 0.612472 0.727223 0.801646 0.930752 0.616985 0.744059 0.462260 0.599408 0.797882 0.802580 0.796585 0.851389 0.796719 0.896310 0.901577 0.981328 0.876559 0.832707 0.986828 0.963073 0.830511 0.884146 0.856979 0.937027 0.555233 0.602649 0.813756 0.658849 0.672796 0.779386 0.883129 0.831260 0.741035 0.760947 0.811260 0.872252 0.918034 0.974104 0.949323 0.832340 0.793854 0.920124 0.780539 0.767389 0.834252 0.890157 0.883139 0.918200 0.920787 0.768931 0.975379 0.937174 0.849721 0.911581 0.850387 0.947158 0.883181 0.976226 0.989888 0.930098
0.737351 0.812650 0.780770 0.808539 0.897647 0.813159 0.724692 0.663202 0.962158 0.703637 0.700318 0.761047 0.791280 0.859703 0.995783 0.956867 0.685780 0.691067 0.650895 0.000000 0.970655 0.891587 0.874974 0.946334 0.957479 0.845907 0.887715 0.735326 0.840754 0.748699 0.908237 0.993242 0.742380 0.727454 0.800989 0.942406 0.997645 0.855863 0.923369 0.910760 0.898489 0.921219 0.919153 0.850181 0.881123 0.956059 0.936062 0.829327 0.923258 0.911974 0.977388 0.930571 0.798410 0.715125 0.955382 0.903200 0.772736 0.688492 0.663527 0.620580 0.664765 0.635453 0.711635 0.650040 0.948894 0.754703 0.871166 0.809975 0.940299 0.865158 0.953315 0.984958 0.899647 0.870818 0.847312 0.939962 0.760324 0.935310 0.855297 0.904439 0.690427 0.708598 0.887895 0.839168 0.836528 0.999061 0.876862 0.985553 0.849459 0.769216 0.959068 0.966154 0.995050 0.880656 0.973196 0.783140 0.783085 0.853417 0.853781 0.878211 0.807625 0.902728 0.822938 0.925370 0.842115 0.867995 0.990403 0.992614 0.883256 0.925671 0.701390 0.940066 0.977770 0.869469 0.962249 0.902890
0.914083 0.965995 0.874218 0.844857 0.861465 0.814874 0.911792 0.936826 0.993796 0.872268 0.874626 0.884058 0.955090 0.891347 0.968463 0.998241 0.990026 0.969109 0.973859 0.970655 0.000000 0.987088 0.904573 0.847225 0.824585 0.852964 0.938516 0.984610 0.903305 0.901873 0.846049 0.955474 0.928269 0.929534 0.933944 0.961465 0.830769 0.952971 0.985781 0.982499 0.970893 0.940065 0.911210 0.899356 0.926010 0.986621 0.855225 0.988822 0.944237 0.966907 0.904853 0.936742 0.921611 0.979183 0.940755 0.988673 0.933908 0.920348 0.975902 0.877191 0.982283 0.940781 0.997590 0.936328 0.906603 0.897955 0.794762 0.841586 0.923184 0.969374 0.891691 0.953256 0.963708 0.951870 0.909717 0.989052 0.930650 0.949966 0.995775 0.938614 0.974745 0.997014 0.905026 0.954438 0.897072 0.895096 0.980469 0.881493 0.997991 0.942445 0.910182 0.957315 0.880248 0.867272 0.855764 0.788891 0.852885 0.945398 0.968558 0.995806 0.869941 0.908940 0.955313 0.917902 0.880008 0.922570 0.995008 0.994473 0.829044 0.995490 0.938174 0.942043 0.912087 0.947965 0.974221 0.866705
0.979704 0.982155 0.923477 0.903995 0.845616 0.886743 0.994945 0.979204 0.978594 0.951265 0.971480 0.864211 0.815575 0.856315 0.825895 0.892747 0.986073 0.883417 0.971183 0.891587 0.987088 0.000000 0.955604 0.947673 0.922795 0.994172 0.923721 0.838379 0.943145 0.993619 0.989405 0.952734 0.969914 0.962225 0.981455 0.997475 0.980243 0.973321 0.923643 0.919800 0.862934 0.929227 0.866217 0.981322 0.955918 0.970313 0.844034 0.980353 0.889634 0.934656 0.866580 0.966974 0.930037 0.938044 0.888849 0.889111 0.848392 0.906326 0.936167 0.980340 0.905445 0.918020 0.962185 0.907525 0.939835 0.930110 0.855191 0.865472 0.992417 0.974099 0.978492 0.921678 0.807802 0.963287 0.990776 0.940881 0.985854 0.955581 0.940173 0.933822 0.963882 0.975253 0.962702 0.980666 0.956256 0.997819 0.773797 0.889616 0.996132 0.988022 0.916740 0.983308 0.848876 0.853698 0.938993 0.991954 0.923302 0.948015 0.921583 0.943248 0.894236 0.794521 0.972539 0.840916 0.983962 0.885513 0.891481 0.938588 0.968867 0.907273 0.937357 0.929352 0.927482 0.944331 0.976664 0.916675
0.934928 0.962486 0.718422 0.768743 0.560292 0.982697 0.712754 0.906966 0.616181 0.758353 0.836570 0.768232 0.949428 0.925253 0.681346 0.997661 0.889162 0.791074 0.779515 0.874974 0.904573 0.955604 0.000000 0.535181 0.860685 0.971296 0.957806 0.932166 0.921948 0.848775 0.599147 0.701826 0.812355 0.904436 0.766910 0.980479 0.808122 0.994179 0.984801 0.982116 0.992939 0.936215 0.895811 0.880383 0.893299 0.936883 0.855209 0.931353 0.943383 0.844318 0.873660 0.720028 0.875537 0.813496 0.926425 0.824454 0.844915 0.873272 0.967510 0.976947 0.764380 0.988845 0.725624 0.830620 0.569431 0.771086 0.903692 0.883520 0.870760 0.951662 0.958103 0.891072 0.796206 0.932505 0.882970 0.971470 0.902123 0.886512 0.773783 0.953938 0.711613 0.577340 0.610497 0.602375 0.438143 0.529158 0.771886 0.606229 0.886760 0.641785 0.884860 0.870039 0.867605 0.960546 0.931684 0.818413 0.816348 0.946475 0.887136 0.761715 0.959381 0.869930 0.854771 0.897872 0.771513 0.816839 0.996190 0.998347 0.837882 0.996047 0.935288 0.950911 0.957169 0.888624 0.964539 0.799474
0.939635 0.915531 0.920408 0.816348 0.680095 0.993526 0.947200 0.947243 0.937581 0.904765 0.826857 0.802372 0.939306 0.953076 0.781484 0.861888 0.999514 0.948382 0.899165 0.946334 0.847225 0.947673 0.535181 0.000000 0.800469 0.770720 0.771854 0.921805 0.950943 0.927233 0.673107 0.748050 0.995847 0.949768 0.903661 0.951454 0.862756 0.851032 0.927554 0.922129 0.978359 0.985479 0.888126 0.910692 0.962894 0.999718 0.878537 0.873154 0.970289 0.997953 0.881640 0.890832 0.979131 0.820862 0.881012 0.858066 0.955769 0.866987 0.784623 0.807669 0.946282 0.884619 0.913960 0.888704 0.638492 0.736697 0.907630 0.851501 0.742893 0.989138 0.971787 0.830982 0.832780 0.931103 0.969096 0.990973 0.804649 0.920093 0.849183 0.832807 0.875663 0.766459 0.728231 0.830804 0.614372 0.515045 0.847214 0.705971 0.938007 0.889757 0.949581 0.996003 0.960786 0.945898 0.952022 0.966553 0.990704 0.879412 0.936195 0.959711 0.992456 0.790513 0.742720 0.811196 0.921654 0.909839 0.923799 0.954142 0.964285 0.958910 0.856524 0.932900 0.975282 0.975473 0.956099 0.998886
0.791430 0.811698 0.692294 0.614217 0.881334 0.915606 0.774017 0.778919 0.930281 0.885030 0.974743 0.997507 0.981271 0.889670 0.994958 0.967150 0.868608 0.773024 0.931818 0.957479 0.824585 0.922795 0.860685 0.800469 0.000000 0.669372 0.856268 0.820937 0.897280 0.911968 0.746791 0.848957 0.778868 0.795681 0.771734 0.891115 0.957505 0.925538 0.873653 0.882561 0.807469 0.920723 0.648414 0.679925 0.761094 0.749952 0.710286 0.700916 0.884970 0.875915 0.775295 0.994119 0.879962 0.812824 0.976891 0.786725 0.831543 0.966850 0.989156 0.882555 0.827842 0.916148 0.858905 0.974271 0.596551 0.638260 0.702977 0.709006 0.780042 0.818156 0.786544 0.700582 0.919805 0.980056 0.891314 0.971083 0.853391 0.904069 0.779236 0.889501 0.668754 0.674471 0.851950 0.791515 0.693480 0.555907 0.978769 0.992284 0.929223 0.864977 0.748898 0.839913 0.771632 0.695740 0.844718 0.817908 0.938464 0.979639 0.878304 0.828954 0.900483 0.997832 0.983967 0.835882 0.958797 0.811033 0.840461 0.911013 0.975042 0.969272 0.953570 0.835216 0.879828 0.968848 0.910679 0.891389
0.779364 0.848845 0.847730 0.708474 0.978193 0.880549 0.858750 0.867583 0.989607 0.913224 0.912641 0.987174 0.897441 0.955178 0.937152 0.961076 0.897158 0.858036 0.882890 0.845907 0.852964 0.994172 0.971296 0.770720 0.669372 0.000000 0.864759 0.739405 0.984295 0.960183 0.801713 0.993265 0.817536 0.821790 0.934501 0.793167 0.822783 0.908184 0.816554 0.910780 0.855952 0.737263 0.780565 0.757618 0.863842 0.833188 0.799334 0.785254 0.805498 0.974651 0.864361 0.842850 0.905796 0.796545 0.796726 0.837106 0.875493 0.848859 0.895228 0.749589 0.967941 0.998882 0.897455 0.961568 0.690758 0.796776 0.723888 0.821228 0.901201 0.982253 0.764515 0.724205 0.880518 0.937498 0.802123 0.889986 0.859162 0.800722 0.940174 0.995349 0.830925 0.845033 0.909379 0.871448 0.841021 0.630321 0.903064 0.953028 0.966890 0.857335 0.776457 0.790839 0.782421 0.740777 0.849713 0.921828 0.974736 0.995571 0.873865 0.862300 0.897657 0.941014 0.968468 0.854431 0.904169 0.861678 0.907779 0.906448 0.982877 0.905714 0.942055 0.949740 0.867594 0.976219 0.875689 0.833335
0.944741 0.980180 0.954509 0.932448 0.886431 0.824780 0.941349 0.973710 0.966125 0.802668 0.857302 0.972953 0.872599 0.992320 0.995795 0.907358 0.949386 0.929510 0.954349 0.887715 0.938516 0.923721 0.957806 0.771854 0.856268 0.864759 0.000000 0.893454 0.963324 0.929897 0.941320 0.952799 0.887320 0.958558 0.860780 0.873674 0.988301 0.949113 0.817961 0.914608 0.849554 0.956190 0.826842 0.902896 0.921741 0.892841 0.963709 0.969041 0.918252 0.803401 0.898177 0.811919 0.986120 0.946111 0.889840 0.842546 0.896989 0.840209 0.792191 0.829712 0.944890 0.970733 0.955341 0.846232 0.847765 0.787335 0.975219 0.988165 0.757475 0.994720 0.956310 0.863644 0.923261 0.980503 0.994830 0.921602 0.927008 0.978711 0.947091 0.810600 0.935723 0.903908 0.978863 0.986306 0.953104 0.761616 0.987940 0.940343 0.855550 0.948194 0.922915 0.967332 0.940609 0.991037 0.910114 0.861561 0.873690 0.911316 0.872416 0.871476 0.992097 0.802499 0.763261 0.777538 0.921921 0.997755 0.989034 0.874034 0.998571 0.959063 0.841404 0.882859 0.929647 0.992307 0.985631 0.973207
0.987226 0.823510 0.906427 0.970128 0.846700 0.818996 0.832793 0.912685 0.894014 0.810108 0.954517 0.974503 0.969586 0.915259 0.979330 0.855101 0.944781 0.973664 0.994984 0.735326 0.984610 0.838379 0.932166 0.921805 0.820937 0.739405 0.893454 0.000000 0.900775 0.985298 0.914983 0.963170 0.966305 0.976061 0.979818 0.964511 0.925121 0.937550 0.995700 0.942239 0.945580 0.974440 0.886000 0.888346 0.871038 0.911700 0.891395 0.931494 0.919297 0.941675 0.934110 0.839582 0.854274 0.839191 0.995034 0.926508 0.978423 0.916625 0.779267 0.765639 0.811719 0.915685 0.986006 0.898164 0.959083 0.971460 0.981010 0.949396 0.966226 0.957229 0.958422 0.822496 0.928754 0.932557 0.870462 0.942568 0.949616 0.866888 0.947307 0.872349 0.966807 0.984583 0.950559 0.971420 0.914621 0.864871 0.971677 0.948537 0.913617 0.933582 0.945764 0.916820 0.975556 0.986236 0.969348 0.979502 0.831631 0.941201 0.956719 0.952668 0.994545 0.908248 0.974442 0.974105 0.962777 0.950412 0.901448 0.891627 0.819883 0.932992 0.838695 0.964115 0.952363 0.979656 0.899536 0.988256
0.720949 0.734160 0.947489 0.972441 0.949264 0.982117 0.906721 0.844524 0.862807 0.778290 0.872438 0.834594 0.876340 0.918208 0.803308 0.957896 0.685532 0.682539 0.641711 0.840754 0.903305 0.943145 0.921948 0.950943 0.897280 0.984295 0.963324 0.900775 0.000000 0.560369 0.935792 0.818874 0.812230 0.748963 0.920367 0.963103 0.949455 0.820143 0.974174 0.961178 0.887497 0.906292 0.966959 0.954608 0.989248 0.957296 0.862963 0.989628 0.929336 0.893705 0.876053 0.900957 0.872619 0.997413 0.853241 0.796678 0.736338 0.813319 0.983268 0.973657 0.800290 0.663948 0.668255 0.664556 0.968850 0.911041 0.953479 0.979314 0.835690 0.901571 0.890261 0.942120 0.805421 0.797825 0.889851 0.887238 0.901852 0.856517 0.896598 0.976328 0.755194 0.820574 0.804307 0.714717 0.927999 0.906081 0.978673 0.869290 0.864848 0.802862 0.969171 0.867159 0.889240 0.807498 0.975322 0.878313 0.996313 0.950865 0.959962 0.889246 0.989978 0.878535 0.909176 0.975338 0.952966 0.962622 0.875045 0.924383 0.995961 0.984054 0.913197 0.967513 0.732982 0.927000 0.979528 0.829006
0.622168 0.657670 0.896108 0.879820 0.905392 0.946226 0.804808 0.720811 0.946861 0.865509 0.910589 0.680931 0.733302 0.705752 0.694718 0.788709 0.640878 0.524968 0.643234 0.748699 0.901873 0.993619 0.848775 0.927233 0.911968 0.960183 0.929897 0.985298 0.560369 0.000000 0.789610 0.743964 0.692361 0.678988 0.881495 0.838799 0.916854 0.925239 0.820619 0.844737 0.977477 0.986840 0.836451 0.808206 0.944957 0.855949 0.674195 0.744275 0.836774 0.945259 0.956475 0.968697 0.942018 0.979920 0.703207 0.761479 0.637535 0.705737 0.861602 0.911982 0.673776 0.609620 0.593693 0.622449 0.807456 0.717522 0.962852 0.879839 0.997934 0.955489 0.975313 0.839868 0.878327 0.846923 0.915775 0.888230 0.898820 0.846190 0.733871 0.742409 0.656295 0.603946 0.702492 0.612770 0.778081 0.772361 0.844213 0.877211 0.806718 0.740422 0.907540 0.838136 0.834287 0.833176 0.854044 0.951238 0.986039 0.988934 0.845992 0.960243 0.988791 0.906104 0.960254 0.967687 0.959258 0.846365 0.946423 0.880355 0.916515 0.991203 0.909583 0.963757 0.843726 0.981422 0.944106 0.988009
0.832216 0.966109 0.761221 0.724473 0.799516 0.960266 0.784953 0.803161 0.892313 0.811941 0.938145 0.893336 0.973175 0.907287 0.778232 0.905213 0.928721 0.795041 0.805408 0.908237 0.846049 0.989405 0.599147 0.673107 0.746791 0.801713 0.941320 0.914983 0.935792 0.789610 0.000000 0.605828 0.623540 0.736737 0.688738 0.906784 0.886482 0.799391 0.853580 0.778913 0.907832 0.888780 0.755723 0.787546 0.675785 0.697330 0.672504 0.594525 0.721938 0.755258 0.706595 0.733914 0.875733 0.788718 0.876943 0.748662 0.815179 0.910280 0.995886 0.969276 0.857052 0.929996 0.796842 0.857214 0.732927 0.749659 0.726571 0.684207 0.821965 0.909272 0.749050 0.736018 0.821744 0.814439 0.972106 0.984419 0.980252 0.869693 0.824178 0.979080 0.772719 0.702105 0.732003 0.688830 0.637682 0.603395 0.914916 0.769135 0.973307 0.835101 0.807546 0.853829 0.784063 0.862225 0.936199 0.853724 0.812172 0.913892 0.714764 0.759162 0.917236 0.913509 0.952220 0.913183 0.919453 0.827454 0.994994 0.864146 0.835842 0.918650 0.881394 0.826330 0.876725 0.849260 0.933866 0.876626
0.978494 0.995543 0.891647 0.938577 0.822006 0.975510 0.972774 0.968712 0.957991 0.937379 0.907987 0.951842 0.999067 0.804780 0.647473 0.812127 0.922068 0.827313 0.881001 0.993242 0.955474 0.952734 0.701826 0.748050 0.848957 0.993265 0.952799 0.963170 0.818874 0.743964 0.605828 0.000000 0.824393 0.840305 0.861979 0.899272 0.938611 0.895008 0.916920 0.725720 0.996603 0.992431 0.984199 0.954504 0.816898 0.895993 0.762147 0.780904 0.974018 0.950957 0.973090 0.888435 0.870187 0.850135 0.841499 0.757512 0.917753 0.961300 0.813944 0.912763 0.956650 0.989856 0.852611 0.911432 0.801043 0.814894 0.870754 0.842864 0.841229 0.956100 0.988723 0.797180 0.868809 0.781785 0.970221 0.870342 0.950314 0.994779 0.776797 0.856147 0.885673 0.745520 0.682412 0.695430 0.759736 0.675410 0.767202 0.733844 0.979621 0.837608 0.944859 0.931185 0.882369 0.980019 0.870891 0.857329 0.995647 0.978806 0.900404 0.958299 0.991193 0.868808 0.866161 0.879022 0.926303 0.991657 0.984518 0.976847 0.929634 0.919478 0.956589 0.825174 0.938552 0.972184 0.904306 0.790080
0.577584 0.614506 0.572371 0.616761 0.985234 0.938608 0.529644 0.577454 0.847421 0.626024 0.855371 0.899957 0.939856 0.987007 0.947601 0.894323 0.670581 0.544558 0.606792 0.742380 0.928269 0.969914 0.812355 0.995847 0.778868 0.817536 0.887320 0.966305 0.812230 0.692361 0.623540 0.824393 0.000000 0.568994 0.773983 0.878542 0.982528 0.959051 0.921882 0.864213 0.820433 0.818344 0.629566 0.566644 0.658907 0.580907 0.695780 0.600170 0.717710 0.745112 0.800623 0.903717 0.962883 0.960801 0.799806 0.895109 0.567996 0.694560 0.697792 0.871145 0.575851 0.717178 0.514612 0.570695 0.730654 0.752763 0.602955 0.631727 0.934603 0.916742 0.853592 0.936852 0.987839 0.861702 0.944787 0.968419 0.792189 0.908866 0.857014 0.954811 0.530029 0.551542 0.813505 0.650769 0.663151 0.759423 0.939988 0.878273 0.825767 0.782390 0.700206 0.777819 0.702939 0.824484 0.764198 0.733157 0.707306 0.867658 0.561933 0.646210 0.823817 0.953329 0.863464 0.683460 0.908287 0.697042 0.896847 0.822921 0.824794 0.838569 0.790874 0.766215 0.832519 0.963065 0.939959 0.954525
0.562095 0.713526 0.633659 0.556494 0.982110 0.904879 0.604187 0.467478 0.947994 0.655937 0.629071 0.779221 0.915315 0.916493 0.899428 0.923534 0.758881 0.615010 0.703144 0.727454 0.929534 0.962225 0.904436 0.949768 0.795681 0.821790 0.958558 0.976061 0.748963 0.678988 0.736737 0.840305 0.568994 0.000000 0.801915 0.733160 0.987291 0.987804 0.857831 0.704049 0.931849 0.902268 0.702292 0.664022 0.877384 0.745324 0.682482 0.681077 0.896536 0.934647 0.855187 0.950523 0.872073 0.787946 0.825469 0.757043 0.711612 0.804249 0.698961 0.686845 0.633398 0.542881 0.624252 0.567788 0.763215 0.570331 0.550519 0.508003 0.962653 0.805950 0.912122 0.871561 0.845773 0.781011 0.920684 0.960962 0.787210 0.804923 0.905027 0.912778 0.630056 0.645010 0.966216 0.759634 0.733640 0.792176 0.888506 0.996495 0.836605 0.689492 0.847026 0.949315 0.833299 0.938873 0.871542 0.723421 0.743617 0.968945 0.592608 0.679523 0.747224 0.989027 0.789826 0.769179 0.798835 0.763322 0.998839 0.861173 0.832462 0.829974 0.759907 0.885547 0.783535 0.944711 0.955137 0.966908
0.823040 0.904936 0.761531 0.703352 0.964255 0.913412 0.778112 0.784409 0.969602 0.851298 0.858638 0.925214 0.966211 0.885699 0.999017 0.862551 0.850029 0.828780 0.816101 0.800989 0.933944 0.981455 0.766910 0.903661 0.771734 0.934501 0.860780 0.979818 0.920367 0.881495 0.688738 0.861979 0.773983 0.801915 0.000000 0.921125 0.942410 0.942191 0.983025 0.876456 0.994791 0.939535 0.782219 0.826765 0.796010 0.759417 0.850922 0.824926 0.890362 0.827502 0.819705 0.785890 0.896082 0.877621 0.937007 0.722871 0.909470 0.903967 0.970173 0.907193 0.805095 0.858993 0.781154 0.778293 0.790246 0.869168 0.787246 0.812999 0.980589 0.825173 0.809489 0.800049 0.901659 0.938654 0.946900 0.936399 0.896122 0.869976 0.779960 0.981675 0.689265 0.695235 0.783707 0.668902 0.743399 0.766049 0.890194 0.869698 0.987909 0.816590 0.770180 0.815002 0.744929 0.871879 0.837332 0.718121 0.858206 0.938642 0.776514 0.789010 0.939650 0.794139 0.861278 0.832811 0.978769 0.828309 0.916609 0.787897 0.854683 0.952508 0.861589 0.828051 0.996914 0.984625 0.809235 0.932476
0.859884 0.940028 0.835689 0.704746 0.999116 0.888636 0.852196 0.721345 0.933103 0.956987 0.770114 0.790448 0.986648 0.912044 0.907571 0.953073 0.885404 0.780783 0.941845 0.942406 0.961465 0.997475 0.980479 0.951454 0.891115 0.793167 0.873674 0.964511 0.963103 0.838799 0.906784 0.899272 0.878542 0.733160 0.921125 0.000000 0.853026 0.904284 0.878404 0.705047 0.950055 0.952752 0.901128 0.896067 0.950655 0.944733 0.926680 0.883575 0.971066 0.932045 0.994162 0.917244 0.965393 0.968314 0.829424 0.832797 0.924910 0.994619 0.963378 0.928303 0.816741 0.772774 0.886948 0.907657 0.762362 0.722220 0.793537 0.752845 0.797096 0.949063 0.768639 0.852804 0.904662 0.940392 0.828337 0.960979 0.863485 0.891878 0.975730 0.938056 0.850280 0.811628 0.920498 0.999348 0.914786 0.841027 0.951071 0.902659 0.934227 0.802359 0.998372 0.946708 0.940307 0.998107 0.755428 0.972024 0.975893 0.984892 0.805064 0.932900 0.983159 0.849123 0.935525 0.967612 0.969849 0.897758 0.911903 0.947476 0.947801 0.929039 0.942815 0.919577 0.957871 0.940682 0.867613 0.942181
0.931277 0.949943 0.970942 0.953040 0.905179 0.840636 0.954452 0.975241 0.965021 0.960017 0.956507 0.958522 0.930167 0.977588 0.917078 0.858051 0.907165 0.977982 0.990859 0.997645 0.830769 0.980243 0.808122 0.862756 0.957505 0.822783 0.988301 0.925121 0.949455 0.916854 0.886482 0.938611 0.982528 0.987291 0.942410 0.853026 0.000000 0.893189 0.942176 0.973020 0.995628 0.864446 0.968511 0.966700 0.903573 0.990891 0.951085 0.900483 0.908634 0.914903 0.954246 0.931341 0.834446 0.854086 0.899297 0.920544 0.968097 0.949579 0.918738 0.926698 0.935330 0.965024 0.992667 0.941379 0.895393 0.955124 0.983170 0.927263 0.934784 0.919617 0.820110 0.829227 0.918320 0.777672 0.884716 0.965414 0.949746 0.892540 0.849373 0.907180 0.993350 0.988812 0.858108 0.879624 0.946508 0.892535 0.914743 0.944712 0.988856 0.949092 0.944565 0.965928 0.906159 0.998738 0.973093 0.957071 0.895482 0.973273 0.919074 0.913227 0.967707 0.899286 0.916030 0.981898 0.917074 0.863139 0.886900 0.948443 0.966092 0.991685 0.965637 0.897941 0.866813 0.811796 0.761136 0.991512
0.824874 0.898198 0.919523 0.895390 0.855662 0.965150 0.879835 0.948592 0.880672 0.964777 0.893850 0.902889 0.766942 0.967533 0.882693 0.958611 0.815173 0.835583 0.813432 0.855863 0.952971 0.973321 0.994179 0.851032 0.925538 0.908184 0.949113 0.937550 0.820143 0.925239 0.799391 0.895008 0.959051 0.987804 0.942191 0.904284 0.893189 0.000000 0.909743 0.987145 0.917858 0.786828 0.720822 0.744729 0.650837 0.656706 0.790930 0.754790 0.709454 0.792117 0.716667 0.834516 0.947280 0.882570 0.970232 0.887711 0.911209 0.809900 0.887949 0.858208 0.725438 0.846054 0.877513 0.862326 0.911096 0.987786 0.794853 0.748874 0.862264 0.934386 0.800140 0.764044 0.827468 0.900344 0.965088 0.987976 0.969804 0.939336 0.975709 0.965713 0.872644 0.948950 0.933924 0.974258 0.940116 0.962958 0.995592 0.954040 0.800492 0.847837 0.917031 0.881569 0.809295 0.846541 0.879159 0.997849 0.942431 0.847901 0.887768 0.958609 0.846652 0.923398 0.908854 0.796762 0.960865 0.902969 0.960325 0.879194 0.958532 0.939098 0.956914 0.937688 0.939910 0.808859 0.976480 0.953860
