0.000000 0.308744 0.580366 0.559871 0.848964 0.609441 0.370154 0.335947 0.591991 0.629290 0.364832 0.273162 0.302420 0.396463 0.584645 0.569011 0.405922 0.395144 0.398152 0.365897 0.905786 0.898826 0.670154 0.832454 0.995292 0.839195 0.883315 0.882270 0.439762 0.482065 0.718921 0.809491 0.343541 0.293176 0.635133 0.894384 0.674759 0.834628 0.912006 0.857875 0.808133 0.838198 0.596284 0.612911 0.585671 0.603614 0.484206 0.566764 0.929130 0.852175 0.726388 0.726016 0.918265 0.993422 0.762375 0.716806 0.380705 0.353519 0.273032 0.343815 0.254792 0.273053 0.396857 0.393206 0.601884 0.481453 0.443449 0.452521 0.546950 0.656068 0.558847 0.645216 0.810486 0.718100 0.865116 0.851431 0.547305 0.713822 0.654441 0.777826 0.361155 0.519819 0.747947 0.689066 0.481846 0.608119 0.992453 0.887118 0.559554 0.605050 0.678366 0.806434 0.706393 0.804417 0.722818 0.733166 0.556950 0.687404 0.449356 0.431712 0.614366 0.704848 0.540955 0.653419 0.434176 0.577164 0.795976 0.627747 0.634327 0.685866 0.692314 0.653622 0.682588 0.928216 0.713224 0.963683
0.308744 0.000000 0.633369 0.565995 0.934861 0.654918 0.454407 0.346881 0.713766 0.696708 0.580210 0.411226 0.533916 0.537431 0.769642 0.669868 0.432129 0.467271 0.406039 0.327350 0.920696 0.904477 0.740086 0.771380 0.946573 0.777546 0.922479 0.878214 0.521693 0.646955 0.720485 0.780971 0.412008 0.361392 0.709506 0.839104 0.761223 0.961651 0.971373 0.882757 0.731518 0.897110 0.467783 0.476277 0.481328 0.452655 0.453620 0.484058 0.749869 0.670937 0.574304 0.606920 0.842542 0.948789 0.664609 0.744253 0.294544 0.241661 0.381764 0.364132 0.437659 0.312152 0.604045 0.578615 0.648048 0.460571 0.478754 0.442703 0.487269 0.517689 0.626970 0.697634 0.663256 0.616430 0.730763 0.745658 0.645352 0.721107 0.667606 0.693388 0.454293 0.483558 0.698206 0.680755 0.548835 0.560930 0.925581 0.998672 0.672193 0.657901 0.705267 0.857351 0.748677 0.908685 0.645063 0.875132 0.494225 0.704870 0.469408 0.427593 0.689808 0.743673 0.568578 0.730232 0.469609 0.579295 0.964874 0.647404 0.593299 0.667807 0.605454 0.530558 0.658856 0.790306 0.590498 0.988766
0.580366 0.633369 0.000000 0.198672 0.900799 0.741836 0.267044 0.389159 0.534346 0.923550 0.824038 0.752707 0.559586 0.612808 0.556915 0.441321 0.937375 0.858576 0.430023 0.528937 0.579815 0.903907 0.299658 0.397332 0.363853 0.300167 0.906110 0.882441 0.945482 0.925589 0.354612 0.521154 0.428412 0.390398 0.410514 0.663784 0.430356 0.664990 0.820076 0.836723 0.837060 0.987151 0.428768 0.523279 0.645788 0.737303 0.510012 0.430434 0.852896 0.859962 0.718788 0.718246 0.709281 0.687185 0.646250 0.732060 0.901059 0.829387 0.651890 0.746964 0.526198 0.599383 0.896726 0.993109 0.214696 0.347979 0.313083 0.362576 0.661920 0.851253 0.428616 0.397447 0.665933 0.675299 0.830552 0.981955 0.552491 0.568874 0.847856 0.669785 0.785991 0.689281 0.738101 0.894806 0.368902 0.355165 0.859216 0.976508 0.660594 0.626037 0.472473 0.623477 0.502353 0.582852 0.639498 0.851293 0.585393 0.895118 0.638774 0.582271 0.730570 0.708064 0.786913 0.923350 0.559742 0.534190 0.793453 0.750263 0.672067 0.874043 0.698779 0.853040 0.810948 0.909859 0.758520 0.939572
0.559871 0.565995 0.198672 0.000000 0.985271 0.665090 0.260842 0.335281 0.595506 0.938970 0.814325 0.673419 0.587997 0.565382 0.613222 0.476798 0.903581 0.833329 0.387241 0.446431 0.590524 0.961342 0.326303 0.340208 0.388659 0.300946 0.910274 0.883203 0.977360 0.945740 0.399030 0.505782 0.411606 0.385044 0.429313 0.628897 0.506573 0.670595 0.777240 0.807814 0.808226 0.923646 0.385495 0.476977 0.643574 0.730650 0.442050 0.411004 0.844803 0.858895 0.705578 0.728721 0.733362 0.725749 0.723732 0.745877 0.817711 0.796938 0.630244 0.664014 0.528237 0.531677 0.923846 0.985019 0.216975 0.252043 0.272946 0.275711 0.699577 0.846148 0.400988 0.366691 0.645079 0.653099 0.751730 0.913760 0.542563 0.556382 0.869163 0.654927 0.803837 0.707555 0.737843 0.924558 0.368904 0.334884 0.791124 0.924619 0.677684 0.630975 0.428060 0.625879 0.469500 0.589892 0.649871 0.794953 0.570236 0.800794 0.602648 0.519730 0.676345 0.633012 0.770716 0.907544 0.525447 0.514134 0.814409 0.733843 0.632335 0.863922 0.642467 0.783034 0.793445 0.919036 0.686101 0.918206
0.848964 0.934861 0.900799 0.985271 0.000000 0.964987 0.901359 0.946696 0.737149 0.770123 0.912431 0.896735 0.758711 0.870585 0.702984 0.892043 0.747763 0.839264 0.881195 0.994238 0.978061 0.966408 0.836651 0.930141 0.983891 0.886484 0.749721 0.956657 0.821556 0.799614 0.938957 0.906028 0.827647 0.859944 0.720135 0.895123 0.880479 0.898626 0.953367 0.796944 0.995327 0.966117 0.968842 0.946794 0.924318 0.966080 0.946126 0.999904 0.970999 0.868361 0.942024 0.928441 0.914201 0.976770 0.930483 0.933551 0.858960 0.779111 0.752262 0.899049 0.785336 0.941878 0.650118 0.717066 0.862053 0.991260 0.847201 0.921343 0.981800 0.959980 0.892707 0.917669 0.997151 0.896182 0.885613 0.908348 0.968131 0.945073 0.929804 0.944857 0.742360 0.981230 0.880170 0.767918 0.805508 0.957645 0.944262 0.674458 0.719955 0.952252 0.924307 0.889344 0.947402 0.842162 0.938819 0.962188 0.857519 0.892020 0.846683 0.971790 0.928436 0.935604 0.766154 0.898173 0.958896 0.781399 0.991064 0.885038 0.920540 0.916158 0.883501 0.966155 0.961201 0.991632 0.975030 0.906631
0.609441 0.654918 0.741836 0.665090 0.964987 0.000000 0.554665 0.492882 0.691060 0.754879 0.705342 0.646972 0.727700 0.804428 0.964986 0.836692 0.886309 0.785431 0.714726 0.659191 0.837780 0.981094 0.897114 0.948996 0.973540 0.786426 0.812826 0.892813 0.874678 0.944460 0.919552 0.926682 0.696066 0.637329 0.849861 0.908022 0.848543 0.941368 0.943749 0.799666 0.874135 0.867044 0.588320 0.631453 0.773654 0.765600 0.590211 0.739488 0.963496 0.854111 0.790552 0.738535 0.899515 0.826428 0.907699 0.845440 0.781894 0.802566 0.646686 0.598482 0.624946 0.516323 0.910409 0.886273 0.765894 0.536401 0.575831 0.526291 0.795623 0.777647 0.718019 0.701840 0.832915 0.809501 0.874290 0.962665 0.685813 0.703159 0.900678 0.864922 0.781122 0.864026 0.831224 0.907438 0.873544 0.826177 0.933666 0.876361 0.766781 0.885665 0.573497 0.655898 0.596622 0.676034 0.945450 0.772441 0.749302 0.771762 0.538245 0.606896 0.683999 0.652022 0.715129 0.665769 0.715777 0.735904 0.754041 0.725484 0.910861 0.880090 0.677795 0.667099 0.763766 0.891217 0.685583 0.853867
0.370154 0.454407 0.267044 0.260842 0.901359 0.554665 0.000000 0.196385 0.391651 0.602970 0.554568 0.468629 0.413099 0.498910 0.523508 0.439282 0.687545 0.581362 0.352002 0.408378 0.697592 0.908853 0.427464 0.601116 0.637713 0.473253 0.934911 0.959943 0.658220 0.657166 0.468738 0.616721 0.334574 0.259381 0.439070 0.713905 0.540387 0.683669 0.917277 0.779274 0.767882 0.898735 0.362932 0.411587 0.471967 0.546368 0.436615 0.433309 0.993754 0.787309 0.569058 0.589181 0.643214 0.661239 0.663642 0.728763 0.694747 0.631571 0.412732 0.577461 0.366675 0.389820 0.675352 0.698588 0.341884 0.330034 0.223812 0.278826 0.662822 0.767158 0.330507 0.374000 0.616667 0.601047 0.766545 0.973896 0.387039 0.506259 0.695225 0.749022 0.564941 0.633949 0.735876 0.820673 0.434254 0.471665 0.954982 0.936488 0.607702 0.638206 0.343785 0.495633 0.372614 0.492900 0.581905 0.684739 0.426226 0.673401 0.358021 0.346951 0.552382 0.534571 0.575393 0.692207 0.387024 0.429658 0.709314 0.595205 0.649679 0.763059 0.560128 0.649670 0.677875 0.816912 0.642551 0.882066
0.335947 0.346881 0.389159 0.335281 0.946696 0.492882 0.196385 0.000000 0.486087 0.559721 0.508289 0.372733 0.436988 0.483078 0.652630 0.573159 0.646806 0.566192 0.382957 0.370731 0.791237 0.915774 0.572364 0.683631 0.788378 0.586759 0.831643 0.885224 0.607921 0.673919 0.570010 0.676610 0.364796 0.279714 0.528759 0.779024 0.705382 0.798408 0.945203 0.756754 0.745397 0.879689 0.365718 0.420994 0.541826 0.579322 0.428849 0.479133 0.964962 0.811102 0.618798 0.632773 0.762921 0.797445 0.761645 0.744655 0.558552 0.526837 0.379784 0.461307 0.345186 0.267374 0.660732 0.651767 0.458715 0.307093 0.273248 0.272930 0.655231 0.671097 0.415189 0.422232 0.680452 0.603325 0.732030 0.896726 0.462758 0.589823 0.744402 0.756677 0.577180 0.649869 0.790596 0.890078 0.527656 0.557580 0.906801 0.886254 0.624176 0.690437 0.393134 0.566857 0.413493 0.596797 0.619747 0.669308 0.415577 0.602468 0.345519 0.309299 0.510984 0.513843 0.572834 0.679692 0.361747 0.419678 0.706391 0.572328 0.648316 0.684834 0.466259 0.562609 0.584928 0.837630 0.564412 0.858111
0.591991 0.713766 0.534346 0.595506 0.737149 0.691060 0.391651 0.486087 0.000000 0.468142 0.570659 0.615132 0.550426 0.787755 0.624061 0.632979 0.723955 0.714324 0.720172 0.703230 0.835961 0.957044 0.688901 0.969893 0.952191 0.807964 0.898492 0.878979 0.618831 0.657885 0.793623 0.952677 0.647813 0.512594 0.667241 0.969348 0.761711 0.782487 0.896066 0.887808 0.860996 0.740187 0.635208 0.586988 0.621028 0.669212 0.722811 0.690185 0.934056 0.871337 0.660625 0.609820 0.596234 0.646672 0.681882 0.793250 0.970553 0.801768 0.425821 0.628039 0.487228 0.580891 0.669274 0.642577 0.621160 0.716485 0.511536 0.601297 0.803749 0.828342 0.494882 0.611941 0.700134 0.805105 0.825073 0.850200 0.503545 0.665751 0.687371 0.960543 0.663668 0.857399 0.947902 0.847668 0.765361 0.895182 0.898916 0.753191 0.604783 0.831601 0.509498 0.445915 0.515619 0.457215 0.692773 0.985959 0.553325 0.751032 0.466352 0.480093 0.652708 0.620166 0.663741 0.699513 0.543225 0.460814 0.646372 0.597400 0.793019 0.807213 0.638080 0.707734 0.619618 0.770120 0.701886 0.877115
0.629290 0.696708 0.923550 0.938970 0.770123 0.754879 0.602970 0.559721 0.468142 0.000000 0.552357 0.581938 0.721225 0.881403 0.770904 0.896169 0.586275 0.549601 0.816543 0.821123 0.863966 0.924539 0.927761 0.631663 0.673360 0.814414 0.804937 0.792984 0.503801 0.543018 0.908677 0.793173 0.853254 0.657172 0.814510 0.900466 0.976311 0.979752 0.861600 0.889850 0.833291 0.661417 0.775920 0.702909 0.655355 0.647629 0.874931 0.944798 0.791466 0.855948 0.611049 0.621994 0.727054 0.750604 0.991838 0.913809 0.787321 0.689361 0.470383 0.730578 0.677371 0.664092 0.606651 0.489458 0.945974 0.972857 0.698762 0.799159 0.846800 0.850991 0.554712 0.717549 0.855305 0.822851 0.981863 0.889984 0.559111 0.742881 0.763806 0.847880 0.599966 0.919360 0.954412 0.868185 0.927368 0.768805 0.783686 0.596738 0.814718 0.930200 0.546907 0.475255 0.537783 0.532097 0.774745 0.788407 0.582474 0.650454 0.386335 0.479639 0.616955 0.636687 0.442148 0.518032 0.583189 0.603417 0.756024 0.542768 0.867755 0.724534 0.599235 0.666593 0.510376 0.768034 0.693338 0.827267
0.364832 0.580210 0.824038 0.814325 0.912431 0.705342 0.554568 0.508289 0.570659 0.552357 0.000000 0.282267 0.350035 0.449732 0.730711 0.711114 0.455541 0.408293 0.581153 0.552989 0.902682 0.967365 0.908259 0.949577 0.740084 0.907052 0.784943 0.705074 0.378291 0.352498 0.901793 0.922185 0.524010 0.460022 0.844404 0.924963 0.946850 0.959115 0.992910 0.821194 0.993438 0.783775 0.932810 0.844375 0.746504 0.743237 0.780530 0.871118 0.946693 0.993955 0.937525 0.976353 0.958372 0.843903 0.838180 0.889878 0.614697 0.546808 0.455017 0.530390 0.341998 0.370788 0.318336 0.284731 0.863498 0.731833 0.679594 0.683087 0.802132 0.866380 0.805904 0.907537 0.901153 0.962323 0.865005 0.976962 0.752184 0.902791 0.628877 0.914742 0.376060 0.580531 0.916363 0.688665 0.744356 0.869392 0.862864 0.858624 0.668105 0.755274 0.883745 0.936166 0.880103 0.937902 0.838418 0.784328 0.773165 0.748118 0.621315 0.613384 0.663368 0.796535 0.712022 0.782229 0.593947 0.741277 0.816342 0.798847 0.814212 0.752153 0.758792 0.831721 0.804485 0.902928 0.817430 0.895884
0.273162 0.411226 0.752707 0.673419 0.896735 0.646972 0.468629 0.372733 0.615132 0.581938 0.282267 0.000000 0.306598 0.392110 0.687906 0.677028 0.392473 0.395888 0.508892 0.423150 0.959445 0.946422 0.815967 0.917146 0.798986 0.991805 0.886314 0.770921 0.398626 0.393382 0.891237 0.922114 0.451044 0.371888 0.759635 0.991099 0.949451 0.955075 0.970306 0.803142 0.837224 0.843710 0.760127 0.721336 0.682225 0.706107 0.641988 0.676595 0.947956 0.957383 0.869811 0.865257 0.990343 0.902969 0.860540 0.849344 0.451113 0.447375 0.329808 0.389562 0.283148 0.243411 0.359835 0.309341 0.746320 0.527860 0.538433 0.519224 0.736730 0.711658 0.697522 0.789701 0.997616 0.848344 0.788664 0.883085 0.636428 0.781883 0.674269 0.817436 0.386682 0.584945 0.817856 0.727203 0.648487 0.742103 0.922631 0.890003 0.642586 0.700180 0.746387 0.873148 0.793930 0.860112 0.765860 0.799478 0.654944 0.719676 0.488223 0.497747 0.627898 0.757771 0.606490 0.675707 0.507241 0.605840 0.847968 0.730890 0.706713 0.755757 0.669902 0.650369 0.751312 0.970479 0.704977 0.968593
0.302420 0.533916 0.559586 0.587997 0.758711 0.727700 0.413099 0.436988 0.550426 0.721225 0.350035 0.306598 0.000000 0.292909 0.465431 0.453863 0.527934 0.496332 0.462329 0.471605 0.789467 0.993667 0.513714 0.739823 0.951427 0.813584 0.962671 0.873156 0.491805 0.395911 0.622930 0.763263 0.322402 0.340112 0.636249 0.884810 0.719767 0.763203 0.998580 0.798176 0.864273 0.879968 0.752489 0.775523 0.803589 0.831192 0.702092 0.674999 0.786096 0.870246 0.999037 0.939496 0.975504 0.938249 0.809586 0.884581 0.589031 0.539365 0.396258 0.487415 0.208302 0.337782 0.310346 0.380117 0.539503 0.495143 0.493160 0.536312 0.780572 0.765640 0.645428 0.724815 0.936829 0.928323 0.854570 0.928543 0.688116 0.742473 0.739977 0.719518 0.406447 0.614428 0.752144 0.762947 0.418932 0.568572 0.893184 0.882488 0.630020 0.650621 0.756072 0.901807 0.806815 0.811260 0.861021 0.799692 0.709819 0.853652 0.614874 0.647447 0.679122 0.745985 0.718711 0.824530 0.570013 0.562869 0.800702 0.771884 0.746283 0.808225 0.843285 0.835748 0.888300 0.997208 0.773242 0.999289
0.396463 0.537431 0.612808 0.565382 0.870585 0.804428 0.498910 0.483078 0.787755 0.881403 0.449732 0.392110 0.292909 0.000000 0.510126 0.456806 0.645828 0.530966 0.383362 0.495741 0.848980 0.983979 0.469133 0.589862 0.899858 0.813565 0.981216 0.990224 0.615250 0.481355 0.559689 0.626110 0.280252 0.366395 0.631078 0.766017 0.671099 0.842166 0.886407 0.789477 0.864069 0.954700 0.815559 0.854728 0.870746 0.915889 0.795494 0.769510 0.711140 0.785827 0.940739 0.931711 0.872422 0.809908 0.943743 0.999878 0.514472 0.535545 0.509233 0.520118 0.322155 0.422713 0.408184 0.501032 0.573001 0.451713 0.517619 0.442766 0.913852 0.807957 0.724419 0.648232 0.929113 0.887428 0.792458 0.845877 0.841991 0.775341 0.704570 0.650904 0.538880 0.702532 0.614301 0.779560 0.398124 0.476395 0.776948 0.928359 0.648354 0.593432 0.837806 0.921331 0.861703 0.990290 0.911428 0.759323 0.807555 0.888979 0.748964 0.734217 0.643303 0.863273 0.845646 0.985189 0.624866 0.713049 0.961879 0.881489 0.754226 0.840261 0.810588 0.902521 0.974133 0.864417 0.818211 0.956914
0.584645 0.769642 0.556915 0.613222 0.702984 0.964986 0.523508 0.652630 0.624061 0.770904 0.730711 0.687906 0.465431 0.510126 0.000000 0.439413 0.786496 0.701623 0.616828 0.732425 0.647015 0.932181 0.397246 0.691755 0.749272 0.735308 0.877010 0.914999 0.728899 0.616974 0.494735 0.727661 0.460713 0.499955 0.559281 0.790645 0.533463 0.681068 0.973649 0.989950 0.779967 0.937859 0.773251 0.895046 0.745249 0.842281 0.816238 0.719399 0.773643 0.921629 0.815153 0.750921 0.738180 0.762470 0.826134 0.820330 0.828682 0.779374 0.526706 0.725765 0.462498 0.699190 0.583263 0.627260 0.554766 0.679995 0.531584 0.615633 0.839818 0.798292 0.544942 0.526454 0.822153 0.879029 0.903522 0.961054 0.754063 0.806968 0.721169 0.884628 0.717695 0.905780 0.578593 0.803247 0.472334 0.616630 0.783588 0.986924 0.707116 0.656237 0.689703 0.736495 0.752982 0.673245 0.802164 0.822208 0.716128 0.880940 0.673803 0.702265 0.838802 0.845044 0.760365 0.832844 0.637186 0.546099 0.744776 0.654471 0.785624 0.966000 0.814720 0.879574 0.965488 0.817531 0.784403 0.967859
0.569011 0.669868 0.441321 0.476798 0.892043 0.836692 0.439282 0.573159 0.632979 0.896169 0.711114 0.677028 0.453863 0.456806 0.439413 0.000000 0.770680 0.617728 0.450055 0.517885 0.627933 0.992735 0.342788 0.495955 0.630626 0.533485 0.863558 0.905592 0.646277 0.607012 0.406404 0.507211 0.388658 0.432288 0.517590 0.649269 0.438570 0.668134 0.993694 0.886808 0.800101 0.979088 0.662289 0.681966 0.682089 0.714327 0.668261 0.644212 0.861546 0.909190 0.803566 0.759313 0.778435 0.777774 0.711186 0.867390 0.755765 0.756238 0.638544 0.790545 0.525149 0.660196 0.679364 0.764002 0.478956 0.545702 0.498091 0.529041 0.842849 0.835834 0.554293 0.525981 0.732123 0.591298 0.774367 0.904997 0.710015 0.739125 0.629391 0.619418 0.606504 0.679039 0.572740 0.787419 0.387151 0.445018 0.794524 0.909092 0.762125 0.711082 0.613778 0.824463 0.687325 0.683854 0.668516 0.889340 0.687947 0.848042 0.706162 0.742330 0.758349 0.793469 0.811123 0.945630 0.609583 0.724090 0.860928 0.811809 0.773276 0.910005 0.896505 0.880393 0.950817 0.925219 0.846488 0.940749
0.405922 0.432129 0.937375 0.903581 0.747763 0.886309 0.687545 0.646806 0.723955 0.586275 0.455541 0.392473 0.527934 0.645828 0.786496 0.770680 0.000000 0.288357 0.549784 0.498140 0.861042 0.919320 0.957737 0.942601 0.798809 0.837980 0.977274 0.835504 0.320331 0.366776 0.957590 0.957318 0.582245 0.541082 0.842388 0.999774 0.840150 0.925031 0.994148 0.826619 0.836020 0.842051 0.855771 0.758468 0.535524 0.502427 0.712349 0.796902 0.646680 0.750323 0.688872 0.772968 0.874433 0.967447 0.761368 0.751055 0.386986 0.311575 0.467414 0.611590 0.556837 0.549239 0.354794 0.314714 0.948696 0.869652 0.750107 0.763425 0.635005 0.791527 0.784040 0.983077 0.932784 0.796148 0.925105 0.867133 0.720772 0.812396 0.651787 0.959000 0.263287 0.461610 0.725289 0.482054 0.724642 0.839655 0.903315 0.960729 0.711548 0.705200 0.939330 0.964007 0.969513 0.997710 0.677331 0.990620 0.663874 0.726099 0.593661 0.625849 0.826983 0.955020 0.518688 0.558113 0.633927 0.783417 0.936935 0.805313 0.747538 0.765485 0.820250 0.672914 0.800069 0.867159 0.859592 0.993873
0.395144 0.467271 0.858576 0.833329 0.839264 0.785431 0.581362 0.566192 0.714324 0.549601 0.408293 0.395888 0.496332 0.530966 0.701623 0.617728 0.288357 0.000000 0.467936 0.463357 0.934848 0.891376 0.886171 0.993018 0.842149 0.977981 0.990826 0.893017 0.291363 0.293379 0.829861 0.848058 0.499189 0.485427 0.792090 0.907160 0.709843 0.836451 0.925114 0.824918 0.848377 0.789678 0.815999 0.730208 0.501588 0.476453 0.706192 0.791041 0.731068 0.755609 0.653962 0.745332 0.850115 0.963411 0.727446 0.854084 0.375998 0.345458 0.485282 0.669225 0.534677 0.546561 0.364759 0.314872 0.912404 0.797265 0.649061 0.664826 0.631638 0.756554 0.729408 0.859999 0.841821 0.668909 0.982873 0.826413 0.737085 0.792192 0.544078 0.848311 0.224909 0.410455 0.671779 0.539191 0.710391 0.765847 0.897203 0.953891 0.659469 0.757468 0.815568 0.895513 0.830161 0.921679 0.749076 0.864840 0.630764 0.774262 0.548684 0.587211 0.690097 0.858308 0.477548 0.565327 0.552113 0.807554 0.970597 0.806589 0.776536 0.735576 0.784622 0.702170 0.781474 0.858875 0.842974 0.967707
0.398152 0.406039 0.430023 0.387241 0.881195 0.714726 0.352002 0.382957 0.720172 0.816543 0.581153 0.508892 0.462329 0.383362 0.616828 0.450055 0.549784 0.467936 0.000000 0.347733 0.806700 0.983040 0.431883 0.522556 0.665854 0.586684 0.952452 0.993171 0.627950 0.618564 0.459940 0.569285 0.253955 0.293961 0.459920 0.637594 0.493749 0.752311 0.837835 0.795072 0.817545 0.953065 0.513263 0.540777 0.501567 0.538502 0.488973 0.528001 0.932899 0.815466 0.684619 0.764665 0.813063 0.899243 0.675393 0.752108 0.474670 0.454685 0.556448 0.617727 0.458290 0.476045 0.580427 0.667836 0.441406 0.421982 0.390867 0.362139 0.617288 0.738802 0.529834 0.560562 0.763867 0.650158 0.798531 0.772791 0.593624 0.569559 0.703969 0.658208 0.472612 0.516688 0.574197 0.684537 0.359413 0.387319 0.880316 0.883889 0.638995 0.572190 0.634624 0.879114 0.682966 0.843639 0.741713 0.738013 0.580780 0.810370 0.559024 0.534823 0.723092 0.790508 0.657958 0.844465 0.567260 0.668549 0.944894 0.738615 0.635006 0.777385 0.723419 0.727301 0.828078 0.943837 0.879588 0.995503
0.365897 0.327350 0.528937 0.446431 0.994238 0.659191 0.408378 0.370731 0.703230 0.821123 0.552989 0.423150 0.471605 0.495741 0.732425 0.517885 0.498140 0.463357 0.347733 0.000000 0.736910 0.948150 0.599394 0.568533 0.747644 0.645454 0.979836 0.988175 0.568893 0.629224 0.615093 0.576724 0.347756 0.346236 0.672417 0.754698 0.664378 0.868600 0.926329 0.809923 0.772717 0.997702 0.519749 0.532981 0.590136 0.592189 0.508666 0.517816 0.928393 0.773580 0.770839 0.806054 0.945857 0.984758 0.674530 0.719715 0.420211 0.410147 0.543827 0.548842 0.494221 0.392857 0.627924 0.657546 0.539209 0.418972 0.478024 0.419765 0.563553 0.683922 0.590132 0.674511 0.752575 0.593251 0.756456 0.695837 0.648653 0.737056 0.681933 0.695201 0.454263 0.406471 0.652780 0.704290 0.460408 0.471248 0.834145 0.883673 0.760643 0.641417 0.693475 0.890191 0.728453 0.884927 0.636946 0.977527 0.585386 0.772631 0.594781 0.490418 0.726230 0.730486 0.612188 0.800638 0.453629 0.695744 0.882456 0.808416 0.743091 0.832730 0.773685 0.683410 0.743541 0.943949 0.707154 0.960755
0.905786 0.920696 0.579815 0.590524 0.978061 0.837780 0.697592 0.791237 0.835961 0.863966 0.902682 0.959445 0.789467 0.848980 0.647015 0.627933 0.861042 0.934848 0.806700 0.736910 0.000000 0.985101 0.525669 0.567443 0.561872 0.529558 0.744670 0.871796 0.844746 0.928629 0.642011 0.706423 0.711665 0.743479 0.714518 0.772464 0.710285 0.747813 0.928822 0.937933 0.750497 0.869852 0.692045 0.805131 0.961883 0.972084 0.765390 0.786618 0.709517 0.906842 0.997011 0.942685 0.907625 0.763228 0.890181 0.925307 0.986477 0.938457 0.872961 0.913604 0.816698 0.864092 0.907555 0.834774 0.518176 0.592286 0.624687 0.659682 0.863518 0.980485 0.660532 0.617520 0.862248 0.826220 0.905111 0.890626 0.870720 0.798682 0.927456 0.776460 0.940579 0.997546 0.762700 0.905103 0.639771 0.616350 0.587874 0.875952 0.927751 0.843987 0.689334 0.777544 0.794423 0.674666 0.843193 0.969104 0.862842 0.989341 0.898124 0.835876 0.930698 0.854304 0.969370 0.924489 0.766152 0.698753 0.874253 0.906141 0.925160 0.890472 0.905108 0.960441 0.996966 0.935808 0.781866 0.911112
0.898826 0.904477 0.903907 0.961342 0.966408 0.981094 0.908853 0.915774 0.957044 0.924539 0.967365 0.946422 0.993667 0.983979 0.932181 0.992735 0.919320 0.891376 0.983040 0.948150 0.985101 0.000000 0.980571 0.971991 0.996267 0.935205 0.928124 0.891493 0.929184 0.965811 0.957139 0.864775 0.991141 0.969584 0.931759 0.973737 0.894046 0.973426 0.920488 0.941384 0.732181 0.743069 0.978675 0.922966 0.786551 0.866662 0.966938 0.873639 0.889452 0.879986 0.757848 0.787761 0.876633 0.769139 0.986190 0.838734 0.876537 0.897460 0.876514 0.873087 0.916062 0.960884 0.946950 0.909568 0.999445 0.993430 0.907494 0.918681 0.868510 0.771359 0.903629 0.893464 0.952263 0.850796 0.924745 0.906227 0.838849 0.834924 0.906077 0.981430 0.964592 0.974622 0.902941 0.939794 0.970620 0.924287 0.993447 0.949964 0.944968 0.790535 0.890603 0.826427 0.865126 0.927591 0.728164 0.964914 0.931628 0.984030 0.859264 0.796689 0.906722 0.908858 0.818103 0.867133 0.868672 0.885204 0.947551 0.889571 0.914301 0.960488 0.793114 0.826131 0.964482 0.907117 0.762617 0.935194
0.670154 0.740086 0.299658 0.326303 0.836651 0.897114 0.427464 0.572364 0.688901 0.927761 0.908259 0.815967 0.513714 0.469133 0.397246 0.342788 0.957737 0.886171 0.431883 0.599394 0.525669 0.980571 0.000000 0.282855 0.382463 0.417278 0.782117 0.812250 0.991850 0.869781 0.291900 0.424061 0.362163 0.426252 0.428824 0.631553 0.456564 0.686989 0.853280 0.891641 0.812289 0.888041 0.557747 0.671933 0.809655 0.862173 0.655771 0.539631 0.652162 0.914508 0.904722 0.843007 0.820802 0.782892 0.753880 0.835048 0.874692 0.851768 0.726091 0.789988 0.524437 0.702862 0.801287 0.961944 0.254256 0.403148 0.417738 0.430536 0.845104 0.881677 0.540823 0.450478 0.796221 0.774214 0.791182 0.897746 0.736435 0.590705 0.863877 0.683675 0.822549 0.841240 0.590402 0.927547 0.259284 0.301929 0.723729 0.843375 0.689189 0.546187 0.636618 0.824137 0.690918 0.718215 0.744030 0.833308 0.734801 0.974777 0.790766 0.747841 0.859322 0.823298 0.952082 0.926621 0.653694 0.590941 0.913980 0.816596 0.824294 0.968512 0.885518 0.986645 0.997537 0.930917 0.849049 0.922584
0.832454 0.771380 0.397332 0.340208 0.930141 0.948996 0.601116 0.683631 0.969893 0.631663 0.949577 0.917146 0.739823 0.589862 0.691755 0.495955 0.942601 0.993018 0.522556 0.568533 0.567443 0.971991 0.282855 0.000000 0.300468 0.359376 0.747195 0.762075 0.849229 0.953620 0.355656 0.345529 0.498095 0.608616 0.595599 0.615272 0.576931 0.753679 0.762966 0.930563 0.931832 0.750715 0.624020 0.746208 0.882624 0.926300 0.657601 0.557462 0.719089 0.985284 0.979652 0.999763 0.971969 0.948485 0.758990 0.842367 0.882444 0.925811 0.980578 0.933067 0.733831 0.777922 0.978261 0.821293 0.320293 0.397920 0.570134 0.496555 0.868124 0.961442 0.753409 0.643985 0.836980 0.766434 0.778843 0.851436 0.906890 0.748572 0.922101 0.593840 0.948575 0.744968 0.605859 0.939576 0.329383 0.247706 0.648599 0.634680 0.847954 0.572249 0.820989 0.941876 0.877999 0.979425 0.747957 0.937961 0.849190 0.955756 0.973628 0.898172 0.983894 0.956747 0.875951 0.753113 0.820777 0.801514 0.915761 0.922732 0.868343 0.889621 0.958860 0.935617 0.879775 0.969512 0.902067 0.993993
0.995292 0.946573 0.363853 0.388659 0.983891 0.973540 0.637713 0.788378 0.952191 0.673360 0.740084 0.798986 0.951427 0.899858 0.749272 0.630626 0.798809 0.842149 0.665854 0.747644 0.561872 0.996267 0.382463 0.300468 0.000000 0.274167 0.697996 0.729945 0.703013 0.768279 0.364816 0.464615 0.675422 0.754918 0.565591 0.596637 0.495339 0.652063 0.734724 0.949317 0.914212 0.782054 0.588879 0.730356 0.825646 0.909812 0.687379 0.605527 0.830428 0.890869 0.850706 0.927440 0.814681 0.744883 0.722745 0.770574 0.925385 0.914642 0.881963 0.849034 0.973965 0.947804 0.776229 0.612236 0.363258 0.581615 0.613175 0.636899 0.828256 0.949663 0.692250 0.604182 0.702323 0.750683 0.897749 0.995073 0.824626 0.725895 0.954424 0.727254 0.906036 0.834573 0.663333 0.992365 0.485053 0.387593 0.772282 0.763823 0.927837 0.688107 0.745987 0.889280 0.746106 0.858441 0.792039 0.937468 0.795704 0.927482 0.976167 0.919052 0.939110 0.924257 0.951651 0.828928 0.884098 0.848557 0.980336 0.981596 0.881471 0.974167 0.992684 0.883857 0.892357 0.970661 0.937052 0.950614
0.839195 0.777546 0.300167 0.300946 0.886484 0.786426 0.473253 0.586759 0.807964 0.814414 0.907052 0.991805 0.813584 0.813565 0.735308 0.533485 0.837980 0.977981 0.586684 0.645454 0.529558 0.935205 0.417278 0.359376 0.274167 0.000000 0.891696 0.857859 0.844415 0.854017 0.366174 0.430285 0.605124 0.651821 0.620684 0.548267 0.476442 0.652462 0.817439 0.947599 0.893304 0.856033 0.451778 0.607290 0.727734 0.779323 0.549705 0.496334 0.900694 0.811348 0.712188 0.745447 0.715930 0.651357 0.655274 0.827772 0.974351 0.992791 0.940671 0.975372 0.805984 0.813909 0.791879 0.699077 0.337159 0.440256 0.493530 0.522202 0.773310 0.956375 0.586385 0.513743 0.571290 0.657092 0.895615 0.974164 0.687244 0.685871 0.984429 0.658712 0.997845 0.807098 0.763644 0.955209 0.512994 0.396863 0.773544 0.867011 0.835500 0.767378 0.566010 0.732968 0.597742 0.687989 0.772898 0.848863 0.656929 0.938719 0.820492 0.764782 0.826263 0.742267 0.965785 0.975345 0.758269 0.710051 0.831559 0.865828 0.767814 0.964257 0.879418 0.931892 0.933315 0.910807 0.832139 0.965326
0.883315 0.922479 0.906110 0.910274 0.749721 0.812826 0.934911 0.831643 0.898492 0.804937 0.784943 0.886314 0.962671 0.981216 0.877010 0.863558 0.977274 0.990826 0.952452 0.979836 0.744670 0.928124 0.782117 0.747195 0.697996 0.891696 0.000000 0.795995 0.795756 0.936987 0.842365 0.910561 0.927536 0.985277 0.863060 0.734172 0.758164 0.856624 0.864575 0.954380 0.775716 0.935182 0.968757 0.939890 0.991830 0.918428 0.924122 0.953732 0.840161 0.937048 0.999116 0.914298 0.960406 0.927494 0.950092 0.971680 0.953255 0.980872 0.924396 0.830722 0.915457 0.808181 0.970197 0.933812 0.819218 0.952708 0.917313 0.926165 0.976459 0.899716 0.978079 0.940855 0.892141 0.982001 0.973316 0.904970 0.960399 0.922718 0.973977 0.950298 0.944806 0.963229 0.798958 0.951791 0.794656 0.783141 0.937748 0.973355 0.952863 0.853056 0.953695 0.936757 0.967691 0.992279 0.899847 0.896477 0.984667 0.894377 0.944852 0.903388 0.754063 0.856687 0.999052 0.956710 0.944427 0.959040 0.751900 0.881733 0.965110 0.813193 0.832083 0.852158 0.821857 0.980122 0.993408 0.943402
0.882270 0.878214 0.882441 0.883203 0.956657 0.892813 0.959943 0.885224 0.878979 0.792984 0.705074 0.770921 0.873156 0.990224 0.914999 0.905592 0.835504 0.893017 0.993171 0.988175 0.871796 0.891493 0.812250 0.762075 0.729945 0.857859 0.795995 0.000000 0.773724 0.793270 0.794448 0.908108 0.948789 0.938049 0.852351 0.992871 0.747733 0.898963 0.985896 0.987103 0.894326 0.862747 0.987462 0.969227 0.953120 0.938488 0.977545 0.994258 0.840639 0.973120 0.980567 0.951081 0.937840 0.921372 0.972342 0.770975 0.971682 0.888363 0.895163 0.940040 0.886587 0.815149 0.833354 0.725645 0.862076 0.933387 0.960968 0.885148 0.924151 0.957572 0.982510 0.817118 0.905018 0.998826 0.852878 0.919181 0.887367 0.909409 0.952588 0.825114 0.894510 0.972931 0.967805 0.898948 0.891645 0.802476 0.946841 0.832910 0.870187 0.811821 0.957778 0.983253 0.977960 0.968924 0.996806 0.819786 0.940481 0.887001 0.869896 0.888769 0.843248 0.863476 0.984481 0.954358 0.985009 0.880524 0.959920 0.863043 0.989447 0.874194 0.971144 0.852800 0.820433 0.996266 0.904933 0.946775
0.439762 0.521693 0.945482 0.977360 0.821556 0.874678 0.658220 0.607921 0.618831 0.503801 0.378291 0.398626 0.491805 0.615250 0.728899 0.646277 0.320331 0.291363 0.627950 0.568893 0.844746 0.929184 0.991850 0.849229 0.703013 0.844415 0.795756 0.773724 0.000000 0.272834 0.917171 0.972717 0.578930 0.560461 0.872572 0.876840 0.882989 0.955368 0.789135 0.932791 0.893476 0.763470 0.897629 0.796018 0.553178 0.498447 0.827563 0.832425 0.609668 0.721911 0.717725 0.744314 0.853335 0.984015 0.725354 0.749348 0.509893 0.438768 0.476577 0.643334 0.515610 0.520049 0.361655 0.287548 0.964857 0.942378 0.811987 0.846605 0.741202 0.723655 0.829314 0.945174 0.859589 0.718504 0.907006 0.857623 0.769971 0.946075 0.530008 0.948540 0.330564 0.516593 0.699083 0.509192 0.814771 0.947830 0.940743 0.942644 0.717728 0.812932 0.907152 0.954210 0.949330 0.970020 0.770846 0.938914 0.650191 0.817724 0.602981 0.628193 0.757976 0.936088 0.599972 0.653066 0.634907 0.832115 0.859899 0.826130 0.755605 0.663580 0.759092 0.729358 0.707120 0.832583 0.834708 0.941639
0.482065 0.646955 0.925589 0.945740 0.799614 0.944460 0.657166 0.673919 0.657885 0.543018 0.352498 0.393382 0.395911 0.481355 0.616974 0.607012 0.366776 0.293379 0.618564 0.629224 0.928629 0.965811 0.869781 0.953620 0.768279 0.854017 0.936987 0.793270 0.272834 0.000000 0.893340 0.941054 0.556462 0.534844 0.878276 0.922986 0.876167 0.871355 0.925608 0.870504 0.950304 0.846768 0.994649 0.890631 0.678057 0.667585 0.917222 0.911077 0.839065 0.930030 0.845999 0.894779 0.938818 0.934843 0.853209 0.930261 0.569513 0.529610 0.520838 0.733245 0.495828 0.573779 0.272964 0.247335 0.977989 0.912391 0.791253 0.820758 0.866032 0.924889 0.847882 0.990801 0.966048 0.873067 0.964435 0.983575 0.791273 0.852627 0.586805 0.889296 0.307571 0.548864 0.659209 0.533577 0.725143 0.870780 0.916398 0.956502 0.756053 0.791401 0.930121 0.987347 0.966075 0.973843 0.855625 0.885464 0.790147 0.897578 0.687595 0.748063 0.760945 0.944775 0.657034 0.732837 0.676574 0.865162 0.955393 0.923151 0.911795 0.809321 0.901711 0.831450 0.889582 0.957770 0.880590 0.925016
0.718921 0.720485 0.354612 0.399030 0.938957 0.919552 0.468738 0.570010 0.793623 0.908677 0.901793 0.891237 0.622930 0.559689 0.494735 0.406404 0.957590 0.829861 0.459940 0.615093 0.642011 0.957139 0.291900 0.355656 0.364816 0.366174 0.842365 0.794448 0.917171 0.893340 0.000000 0.348547 0.379928 0.519936 0.503260 0.674458 0.460766 0.674511 0.895845 0.952299 0.812360 0.951493 0.567431 0.666930 0.696496 0.742415 0.684745 0.654963 0.836841 0.949643 0.798452 0.852662 0.829940 0.811602 0.740768 0.816314 0.820273 0.790498 0.815620 0.903114 0.608661 0.737295 0.885713 0.989546 0.380411 0.491720 0.500709 0.521504 0.757051 0.818536 0.640685 0.490424 0.678528 0.680809 0.810417 0.873703 0.813420 0.748356 0.817102 0.605520 0.834160 0.733602 0.540753 0.940960 0.374347 0.363363 0.757295 0.797287 0.775238 0.611856 0.690924 0.902026 0.722865 0.848308 0.678040 0.860273 0.672563 0.868683 0.858467 0.750358 0.848091 0.761539 0.965179 0.947420 0.659719 0.672339 0.839536 0.840604 0.849163 0.923447 0.882894 0.981306 0.995892 0.918581 0.842044 0.935347
0.809491 0.780971 0.521154 0.505782 0.906028 0.926682 0.616721 0.676610 0.952677 0.793173 0.922185 0.922114 0.763263 0.626110 0.727661 0.507211 0.957318 0.848058 0.569285 0.576724 0.706423 0.864775 0.424061 0.345529 0.464615 0.430285 0.910561 0.908108 0.972717 0.941054 0.348547 0.000000 0.512721 0.599277 0.695400 0.696113 0.642471 0.798822 0.786111 0.995316 0.989597 0.798612 0.664140 0.683178 0.859202 0.843229 0.707854 0.694755 0.805157 0.986940 0.922255 0.971354 0.996962 0.985826 0.785472 0.962615 0.840895 0.875065 0.980553 0.996779 0.758950 0.795538 0.990661 0.920782 0.507486 0.519937 0.627772 0.567423 0.898950 0.999129 0.827233 0.692490 0.765948 0.671253 0.815145 0.795434 0.977334 0.824756 0.861732 0.636026 0.877631 0.722120 0.656256 0.997210 0.493435 0.406896 0.839429 0.770174 0.890503 0.801853 0.805103 0.963475 0.815182 0.973695 0.738990 0.880088 0.836857 0.922973 0.947673 0.872062 0.858754 0.799796 0.956661 0.839242 0.703977 0.884031 0.991474 0.938292 0.896038 0.888368 0.993515 0.950401 0.991371 0.995738 0.909216 0.943904
0.343541 0.412008 0.428412 0.411606 0.827647 0.696066 0.334574 0.364796 0.647813 0.853254 0.524010 0.451044 0.322402 0.280252 0.460713 0.388658 0.582245 0.499189 0.253955 0.347756 0.711665 0.991141 0.362163 0.498095 0.675422 0.605124 0.927536 0.948789 0.578930 0.556462 0.379928 0.512721 0.000000 0.257504 0.495298 0.734758 0.516897 0.749045 0.933385 0.841514 0.767229 0.992310 0.556349 0.623495 0.606996 0.651765 0.567641 0.569571 0.902754 0.964076 0.819037 0.844364 0.935398 0.991763 0.746011 0.752286 0.469500 0.456824 0.458191 0.526640 0.313731 0.402761 0.479955 0.581029 0.410169 0.379859 0.371821 0.347707 0.684963 0.709545 0.574394 0.523432 0.784486 0.686813 0.775660 0.825569 0.686813 0.645712 0.645165 0.669464 0.482694 0.549593 0.538398 0.709860 0.305195 0.355380 0.833079 0.896372 0.603556 0.525620 0.684414 0.927028 0.729234 0.865216 0.743230 0.745775 0.626266 0.826901 0.583347 0.543464 0.735674 0.742038 0.724315 0.830808 0.497990 0.598585 0.859761 0.791171 0.733097 0.787508 0.749863 0.785217 0.832400 0.932770 0.758635 0.951883
0.293176 0.361392 0.390398 0.385044 0.859944 0.637329 0.259381 0.279714 0.512594 0.657172 0.460022 0.371888 0.340112 0.366395 0.499955 0.432288 0.541082 0.485427 0.293961 0.346236 0.743479 0.969584 0.426252 0.608616 0.754918 0.651821 0.985277 0.938049 0.560461 0.534844 0.519936 0.599277 0.257504 0.000000 0.488649 0.772753 0.594774 0.751789 0.840916 0.829835 0.776521 0.876183 0.453350 0.445949 0.529745 0.569994 0.484791 0.476023 0.984170 0.843099 0.692643 0.673160 0.785956 0.835144 0.688264 0.808842 0.519941 0.482476 0.396472 0.490631 0.305907 0.347322 0.510008 0.547056 0.428646 0.350707 0.285978 0.294486 0.644524 0.688456 0.470117 0.484354 0.770736 0.662793 0.735424 0.856398 0.551009 0.560236 0.651933 0.736982 0.462088 0.561352 0.607151 0.735013 0.379825 0.435305 0.886658 0.981693 0.544821 0.590006 0.524996 0.714335 0.553176 0.690627 0.655456 0.792470 0.560614 0.779775 0.431894 0.404985 0.625142 0.631330 0.583105 0.709802 0.425231 0.507756 0.779286 0.606235 0.697033 0.773107 0.688130 0.658832 0.691110 0.871386 0.676618 0.971616
0.635133 0.709506 0.410514 0.429313 0.720135 0.849861 0.439070 0.528759 0.667241 0.814510 0.844404 0.759635 0.636249 0.631078 0.559281 0.517590 0.842388 0.792090 0.459920 0.672417 0.714518 0.931759 0.428824 0.595599 0.565591 0.620684 0.863060 0.852351 0.872572 0.878276 0.503260 0.695400 0.495298 0.488649 0.000000 0.726250 0.594288 0.727117 0.881645 0.819468 0.775517 0.815351 0.507230 0.579555 0.610954 0.703058 0.587495 0.549278 0.908348 0.880284 0.705669 0.731721 0.669410 0.722925 0.692793 0.712867 0.817332 0.814649 0.642151 0.787823 0.591991 0.718033 0.820238 0.889582 0.364656 0.498596 0.356685 0.455842 0.795091 0.904526 0.475643 0.474387 0.688661 0.641743 0.988423 0.891030 0.618328 0.586225 0.819362 0.816414 0.749540 0.781365 0.734078 0.846359 0.454316 0.476317 0.783247 0.931308 0.729462 0.659411 0.477069 0.653671 0.556146 0.563446 0.678778 0.722456 0.602265 0.802046 0.635604 0.603155 0.789899 0.761225 0.716426 0.916685 0.654769 0.529629 0.945229 0.707823 0.678106 0.741217 0.739824 0.882860 0.833859 0.895670 0.867933 0.958518
0.894384 0.839104 0.663784 0.628897 0.895123 0.908022 0.713905 0.779024 0.969348 0.900466 0.924963 0.991099 0.884810 0.766017 0.790645 0.649269 0.999774 0.907160 0.637594 0.754698 0.772464 0.973737 0.631553 0.615272 0.596637 0.548267 0.734172 0.992871 0.876840 0.922986 0.674458 0.696113 0.734758 0.772753 0.726250 0.000000 0.538341 0.793422 0.752990 0.833166 0.817360 0.877729 0.658421 0.825328 0.782600 0.910418 0.808231 0.768265 0.886669 0.962289 0.783941 0.831132 0.774805 0.760814 0.811989 0.927982 0.873756 0.908723 0.993496 0.907291 0.939069 0.950530 0.961163 0.893071 0.649756 0.654477 0.612810 0.614795 0.934115 0.859166 0.679549 0.688850 0.832053 0.785149 0.948221 0.954459 0.733765 0.864160 0.943546 0.971460 0.926348 0.943643 0.719631 0.957916 0.646155 0.573562 0.864646 0.950282 0.858763 0.842115 0.690364 0.819128 0.659908 0.781202 0.952741 0.844413 0.864169 0.888791 0.826562 0.892267 0.815801 0.782065 0.858247 0.960315 0.882891 0.855069 0.997128 0.890511 0.819141 0.936429 0.882220 0.856260 0.916915 0.988267 0.946215 0.973997
0.674759 0.761223 0.430356 0.506573 0.880479 0.848543 0.540387 0.705382 0.761711 0.976311 0.946850 0.949451 0.719767 0.671099 0.533463 0.438570 0.840150 0.709843 0.493749 0.664378 0.710285 0.894046 0.456564 0.576931 0.495339 0.476442 0.758164 0.747733 0.882989 0.876167 0.460766 0.642471 0.516897 0.594774 0.594288 0.538341 0.000000 0.546991 0.855519 0.870946 0.781838 0.984496 0.682090 0.769583 0.681880 0.752622 0.630991 0.665574 0.926825 0.830545 0.703436 0.743784 0.730957 0.726593 0.701682 0.756034 0.798531 0.758736 0.756022 0.918945 0.746207 0.893639 0.828514 0.952210 0.509687 0.673223 0.550067 0.547970 0.730835 0.844958 0.576481 0.527453 0.684868 0.673597 0.916705 0.976544 0.739437 0.705064 0.713084 0.818918 0.714922 0.773280 0.631894 0.791629 0.480070 0.483180 0.904916 0.947558 0.685411 0.610494 0.693823 0.777173 0.693244 0.751763 0.799952 0.868334 0.702892 0.899090 0.748888 0.746192 0.848009 0.917139 0.763638 0.881670 0.691692 0.800450 0.893521 0.775306 0.734099 0.865177 0.867052 0.862110 0.970817 0.879898 0.964096 0.957497
0.834628 0.961651 0.664990 0.670595 0.898626 0.941368 0.683669 0.798408 0.782487 0.979752 0.959115 0.955075 0.763203 0.842166 0.681068 0.668134 0.925031 0.836451 0.752311 0.868600 0.747813 0.973426 0.686989 0.753679 0.652063 0.652462 0.856624 0.898963 0.955368 0.871355 0.674511 0.798822 0.749045 0.751789 0.727117 0.793422 0.546991 0.000000 0.829164 0.968281 0.898596 0.954592 0.814336 0.817150 0.803943 0.905253 0.760825 0.807273 0.862953 0.971573 0.829085 0.852099 0.802978 0.772949 0.806677 0.892015 0.992646 0.965595 0.828165 0.990659 0.835109 0.979149 0.893353 0.953952 0.697049 0.815000 0.666704 0.709924 0.918145 0.950546 0.654974 0.704583 0.675908 0.845230 0.911074 0.898006 0.791598 0.862303 0.944873 0.864275 0.882056 0.883630 0.821631 0.920278 0.758277 0.725811 0.907307 0.933946 0.868936 0.917997 0.683785 0.759665 0.705253 0.728220 0.855843 0.897674 0.711299 0.759444 0.866855 0.861890 0.933980 0.827071 0.838043 0.865320 0.898351 0.815646 0.791948 0.742650 0.753918 0.975069 0.938272 0.930318 0.946400 0.676042 0.920349 0.779676
