0.000000 0.165226 0.692214 0.561052 0.963584 0.770250 0.557721 0.379113 0.693325 0.956051 0.323308 0.196359 0.278661 0.289286 0.502851 0.507856 0.216610 0.212920 0.236995 0.199345 0.669615 0.859428 0.675534 0.560233 0.738091 0.923302 0.659441 0.825956 0.279837 0.256378 0.784951 0.615304 0.309281 0.306242 0.898756 0.966285 0.727762 0.631664 0.934403 0.651835 0.577825 0.748284 0.987671 0.780199 0.939971 0.824161 0.535221 0.621443 0.723679 0.588836 0.664675 0.625343 0.878748 0.818439 0.320315 0.441896 0.160756 0.157355 0.349994 0.305955 0.236476 0.243770 0.192860 0.169656 0.502513 0.422865 0.763788 0.694129 0.291178 0.325718 0.831857 0.634408 0.882602 0.965330 0.713731 0.926534 0.859668 0.918157 0.477643 0.442163 0.234938 0.256018 0.351109 0.288581 0.219819 0.260548 0.852718 0.651210 0.397570 0.275920 0.438129 0.434006 0.393298 0.353278 0.971587 0.983956 0.961393 0.836382 0.863265 0.903804 0.789837 0.770937 0.969558 0.801161 0.916502 0.910366 0.919740 0.807456 0.780298 0.882027 0.842901 0.927512 0.858760 0.984249 0.754872 0.572963
0.165226 0.000000 0.584877 0.475209 0.943116 0.733237 0.536979 0.362189 0.669871 0.894779 0.399801 0.231706 0.345122 0.352258 0.543951 0.519341 0.208140 0.207288 0.237892 0.230598 0.606078 0.889111 0.629611 0.526423 0.632583 0.832482 0.576583 0.891372 0.322883 0.261652 0.683076 0.560589 0.306622 0.279562 0.823366 0.915154 0.605946 0.549435 0.833956 0.661200 0.583384 0.713881 0.921627 0.701001 0.967871 0.802855 0.459350 0.550300 0.749759 0.569651 0.639045 0.577198 0.800471 0.891260 0.300261 0.410629 0.136995 0.142557 0.339193 0.294876 0.282728 0.262078 0.251280 0.200195 0.443372 0.361470 0.672404 0.620429 0.288764 0.282432 0.891141 0.670412 0.842640 0.974417 0.704087 0.889771 0.932461 0.942551 0.424027 0.387763 0.230460 0.281430 0.307875 0.259912 0.244036 0.247381 0.804032 0.640281 0.466656 0.266079 0.401679 0.407903 0.381981 0.346362 0.997948 0.989107 0.968644 0.882995 0.815423 0.930517 0.744983 0.712275 0.982756 0.880701 0.854221 0.852332 0.860211 0.843695 0.813412 0.813466 0.813754 0.968781 0.891660 0.989931 0.709332 0.596695
0.692214 0.584877 0.000000 0.248039 0.907591 0.961409 0.486160 0.514664 0.780539 0.870842 0.908692 0.756929 0.754069 0.710254 0.677041 0.467981 0.643316 0.663991 0.520145 0.621730 0.526525 0.993439 0.366304 0.402843 0.272244 0.331597 0.493065 0.977633 0.796269 0.641656 0.372283 0.494778 0.533610 0.631120 0.506543 0.598822 0.529712 0.549075 0.613561 0.882614 0.866110 0.726984 0.866312 0.770369 0.788756 0.838072 0.674160 0.709484 0.744995 0.987050 0.940298 0.860935 0.805962 0.927870 0.687152 0.839738 0.597602 0.578486 0.753730 0.688563 0.637763 0.624023 0.780461 0.725643 0.311393 0.340159 0.466787 0.562176 0.664531 0.613667 0.624792 0.887564 0.683793 0.802594 0.657853 0.946992 0.752532 0.756406 0.762881 0.808946 0.803304 0.805578 0.531888 0.739533 0.598019 0.503921 0.826668 0.856423 0.873861 0.665313 0.799365 0.725288 0.879142 0.825281 0.969769 0.895492 0.922733 0.960751 0.837618 0.965767 0.964196 0.847171 0.860962 0.914151 0.666295 0.741640 0.721828 0.894668 0.928106 0.771243 0.821810 0.941642 0.902139 0.952111 0.565471 0.943624
0.561052 0.475209 0.248039 0.000000 0.849910 0.983179 0.339613 0.298541 0.792551 0.916462 0.901075 0.632833 0.651523 0.575640 0.645062 0.395631 0.587399 0.616358 0.413195 0.570059 0.519861 0.966006 0.253995 0.337840 0.382543 0.422659 0.536983 0.963278 0.721285 0.609642 0.275702 0.372100 0.368904 0.498429 0.499772 0.653760 0.551512 0.563449 0.772315 0.879538 0.860815 0.733732 0.652613 0.559436 0.999750 0.918067 0.516077 0.515909 0.995844 0.725760 0.643151 0.574120 0.577700 0.732477 0.578866 0.695189 0.478305 0.474823 0.535968 0.434205 0.529303 0.438172 0.650779 0.560578 0.359915 0.292430 0.354082 0.412504 0.656431 0.496080 0.550059 0.837301 0.574796 0.731021 0.676532 0.852682 0.713061 0.679852 0.556384 0.620538 0.689866 0.750321 0.491621 0.672612 0.493265 0.385391 0.937853 0.815883 0.725178 0.488508 0.853289 0.795834 0.886461 0.818648 0.891664 0.816386 0.825322 0.870130 0.971291 0.847669 0.994497 0.989669 0.975146 0.957504 0.562083 0.574746 0.630550 0.808410 0.959958 0.695861 0.733158 0.858636 0.900964 0.981879 0.462211 0.979321
0.963584 0.943116 0.907591 0.849910 0.000000 0.645338 0.734171 0.760246 0.485028 0.557913 0.888265 0.947433 0.816786 0.798692 0.625600 0.653168 0.979934 0.938870 0.879341 0.975754 0.835967 0.901465 0.646522 0.768436 0.938850 0.910614 0.977697 0.969869 0.876319 0.928360 0.682156 0.680518 0.873396 0.912094 0.891769 0.907198 0.878545 0.785886 0.789907 0.967763 0.754703 0.963044 0.840795 0.919327 0.833457 0.936019 0.970951 0.912478 0.981280 0.962517 0.821476 0.840811 0.739540 0.661368 0.948383 0.955592 0.935947 0.962661 0.999262 0.984943 0.836253 0.775692 0.909532 0.953969 0.982536 0.874596 0.826400 0.898396 0.843131 0.950202 0.669340 0.706198 0.631188 0.572535 0.953814 0.854828 0.780517 0.829383 0.989038 0.914685 0.980548 0.962273 0.929886 0.818061 0.893131 0.951353 0.829733 0.939586 0.976985 0.993425 0.650272 0.684809 0.676633 0.637487 0.778153 0.848105 0.942959 0.860173 0.693443 0.760076 0.694810 0.579722 0.732013 0.746859 0.739908 0.771406 0.917842 0.955328 0.999305 0.956205 0.798429 0.909070 0.740226 0.914024 0.831300 0.896117
0.770250 0.733237 0.961409 0.983179 0.645338 0.000000 0.867633 0.959780 0.480742 0.640228 0.675865 0.798448 0.912475 0.926003 0.990768 0.875837 0.766998 0.730161 0.901140 0.782188 0.890253 0.808943 0.758097 0.884657 0.993688 0.836933 0.818391 0.994033 0.845448 0.795381 0.755557 0.887855 0.914052 0.937666 0.845332 0.953549 0.918712 0.935564 0.951257 0.884847 0.758470 0.975962 0.763626 0.834790 0.706560 0.874468 0.938392 0.891146 0.941579 0.909211 0.861429 0.865221 0.775384 0.590566 0.960460 0.965484 0.730357 0.764048 0.911356 0.879385 0.867738 0.899402 0.872650 0.859731 0.794627 0.910043 0.866310 0.826254 0.702231 0.841782 0.661863 0.620012 0.670355 0.561870 0.843074 0.946173 0.695659 0.737877 0.809632 0.976917 0.865971 0.847172 0.845611 0.691522 0.882764 0.878122 0.839326 0.811350 0.972839 0.920528 0.478597 0.589743 0.555847 0.621291 0.765406 0.922781 0.785123 0.832952 0.612942 0.663617 0.689747 0.687490 0.665298 0.813890 0.717574 0.735211 0.842258 0.713637 0.802792 0.949196 0.910636 0.749425 0.695156 0.933305 0.740058 0.760513
0.557721 0.536979 0.486160 0.339613 0.734171 0.867633 0.000000 0.209092 0.727618 0.560100 0.926553 0.663244 0.587431 0.560372 0.652775 0.525412 0.644806 0.686742 0.416884 0.625661 0.672535 0.885472 0.356125 0.570635 0.768606 0.701121 0.807841 0.963164 0.623145 0.677730 0.275646 0.364530 0.371965 0.376891 0.595220 0.850649 0.758225 0.757010 0.945886 0.899204 0.971446 0.640556 0.539829 0.416231 0.679407 0.591857 0.449424 0.438020 0.640691 0.514495 0.407501 0.382966 0.437121 0.586711 0.523943 0.587863 0.529588 0.528327 0.343850 0.340050 0.426769 0.401082 0.475576 0.481885 0.715837 0.570906 0.375188 0.372921 0.806642 0.475851 0.580883 0.861109 0.455838 0.578663 0.722940 0.728389 0.552874 0.635975 0.533621 0.666086 0.652748 0.791709 0.623441 0.843547 0.561288 0.540247 0.755024 0.960930 0.694757 0.521746 0.929517 0.939229 0.911364 0.993339 0.727612 0.687913 0.671815 0.746395 0.581769 0.516932 0.759275 0.722227 0.680217 0.582314 0.525875 0.477711 0.544995 0.726066 0.933548 0.743317 0.626692 0.616399 0.658321 0.704574 0.443306 0.999553
0.379113 0.362189 0.514664 0.298541 0.760246 0.959780 0.209092 0.000000 0.837961 0.621342 0.735739 0.446507 0.428101 0.380200 0.530071 0.407745 0.469927 0.497952 0.295983 0.448185 0.641667 0.935735 0.345647 0.452545 0.735948 0.756645 0.789373 0.941499 0.464887 0.499264 0.347087 0.361551 0.268452 0.310127 0.650563 0.900910 0.735954 0.723318 0.934431 0.851844 0.861951 0.691278 0.549859 0.413443 0.728425 0.589745 0.387017 0.390537 0.599519 0.449365 0.366083 0.346368 0.441570 0.642760 0.422417 0.498459 0.364635 0.361696 0.293238 0.234168 0.322244 0.225809 0.365778 0.325539 0.602283 0.422865 0.424703 0.388643 0.626195 0.387226 0.666050 0.918222 0.479230 0.616648 0.717748 0.714455 0.669808 0.740778 0.412503 0.493866 0.460277 0.568870 0.503653 0.633749 0.390075 0.371246 0.873615 0.838120 0.567265 0.367674 0.930857 0.911596 0.904652 0.829175 0.743358 0.748979 0.729877 0.849024 0.684149 0.592196 0.846026 0.837139 0.761486 0.643389 0.559479 0.524294 0.610151 0.775847 0.890153 0.723153 0.626266 0.639937 0.721801 0.800684 0.485115 0.900940
0.693325 0.669871 0.780539 0.792551 0.485028 0.480742 0.727618 0.837961 0.000000 0.550854 0.622024 0.714794 0.907084 0.950747 0.924390 0.800703 0.687421 0.641904 0.952348 0.765993 0.908303 0.797713 0.643644 0.846034 0.937969 0.774784 0.849727 0.960747 0.782384 0.723648 0.596208 0.833597 0.896797 0.828060 0.796589 0.912928 0.838967 0.833947 0.833500 0.737577 0.636168 0.976929 0.800720 0.940376 0.922081 0.930447 0.919814 0.983235 0.831141 0.825252 0.977366 0.983179 0.802885 0.638751 0.804741 0.710976 0.666221 0.703840 0.797740 0.833410 0.904567 0.970174 0.759329 0.741182 0.947302 0.986426 0.843168 0.900395 0.655816 0.774482 0.471967 0.437417 0.554675 0.490874 0.972975 0.932273 0.636316 0.647544 0.815589 0.800608 0.668310 0.689651 0.773563 0.513903 0.799205 0.833863 0.764448 0.706126 0.754749 0.755630 0.351850 0.447358 0.356789 0.369152 0.773175 0.774226 0.693907 0.745467 0.615487 0.687967 0.566356 0.616900 0.874703 0.812583 0.711839 0.806247 0.795528 0.626172 0.876561 0.931866 0.919425 0.883888 0.742496 0.947328 0.772046 0.730796
0.956051 0.894779 0.870842 0.916462 0.557913 0.640228 0.560100 0.621342 0.550854 0.000000 0.778336 0.947210 0.914391 0.907686 0.954573 0.949838 0.839016 0.808741 0.942922 0.874178 0.882318 0.787511 0.829849 0.912595 0.629076 0.812455 0.648102 0.923938 0.922756 0.860609 0.688361 0.781486 0.877047 0.869040 0.998359 0.817191 0.736161 0.706801 0.558303 0.938098 0.705137 0.944266 0.559592 0.612032 0.484349 0.536464 0.835861 0.740637 0.541082 0.657287 0.503402 0.573587 0.549617 0.485154 0.965329 0.946533 0.895734 0.887166 0.744660 0.740936 0.891733 0.812665 0.881966 0.953059 0.644315 0.815522 0.828619 0.788014 0.698068 0.999427 0.648641 0.626933 0.630829 0.555455 0.867629 0.786458 0.589059 0.713554 0.926874 0.995352 0.929422 0.817174 0.778400 0.624512 0.895014 0.848847 0.497546 0.618110 0.977828 0.996729 0.424206 0.407860 0.500882 0.542670 0.659975 0.723480 0.633894 0.635764 0.314299 0.382549 0.469849 0.452634 0.586041 0.532798 0.764967 0.703538 0.682935 0.544897 0.939508 0.872621 0.777531 0.529465 0.482776 0.719837 0.750754 0.808166
0.323308 0.399801 0.908692 0.901075 0.888265 0.675865 0.926553 0.735739 0.622024 0.778336 0.000000 0.270718 0.295431 0.342039 0.437413 0.656484 0.286594 0.254830 0.462063 0.290741 0.800068 0.824201 0.984071 0.792353 0.898193 0.866566 0.761944 0.733167 0.293742 0.285842 0.867943 0.954006 0.633288 0.515762 0.853383 0.849281 0.916635 0.847996 0.964130 0.736750 0.508968 0.947330 0.627866 0.819440 0.681280 0.867807 0.922986 0.953254 0.995136 0.956408 0.927007 0.958793 0.744802 0.533393 0.555410 0.667232 0.398708 0.368480 0.755928 0.708112 0.351761 0.464912 0.360492 0.367996 0.578365 0.587747 0.826943 0.896469 0.388498 0.638845 0.568895 0.575953 0.861624 0.772682 0.744368 0.898625 0.600654 0.690125 0.722894 0.669165 0.392601 0.294624 0.526518 0.395427 0.394271 0.506005 0.735144 0.716838 0.598721 0.578910 0.434536 0.432994 0.382656 0.440214 0.749640 0.878541 0.702092 0.542078 0.621254 0.629493 0.704368 0.700999 0.855516 0.976177 0.735561 0.768098 0.763567 0.616429 0.657020 0.892290 0.940443 0.832347 0.608885 0.753410 0.998091 0.523676
0.196359 0.231706 0.756929 0.632833 0.947433 0.798448 0.663244 0.446507 0.714794 0.947210 0.270718 0.000000 0.209406 0.202467 0.353566 0.430950 0.197488 0.183175 0.265847 0.205594 0.671854 0.825867 0.686419 0.534090 0.763538 0.962169 0.672553 0.818110 0.251800 0.217698 0.848461 0.660288 0.368233 0.350054 0.882975 0.930894 0.789480 0.748362 0.987949 0.768333 0.591130 0.838951 0.924442 0.867686 0.886146 0.902831 0.626382 0.704759 0.820292 0.686261 0.749393 0.711021 0.932986 0.827379 0.356738 0.506504 0.233037 0.203644 0.499787 0.437708 0.231554 0.233806 0.229592 0.189416 0.478984 0.387331 0.880774 0.812711 0.303629 0.415983 0.770710 0.707493 0.875828 0.967846 0.698755 0.955518 0.837109 0.852637 0.498533 0.410828 0.223301 0.185171 0.329627 0.279957 0.209113 0.264770 0.759092 0.582739 0.411413 0.353201 0.470692 0.462638 0.413526 0.415744 0.915944 0.988278 0.814206 0.702071 0.793925 0.857486 0.745250 0.829275 0.998742 0.847802 0.947663 0.968934 0.988091 0.747923 0.674281 0.920120 0.867158 0.982836 0.787492 0.877365 0.793723 0.598575
0.278661 0.345122 0.754069 0.651523 0.816786 0.912475 0.587431 0.428101 0.907084 0.914391 0.295431 0.209406 0.000000 0.182707 0.255063 0.396928 0.253555 0.265473 0.277736 0.276230 0.732678 0.901052 0.646223 0.569555 0.843172 0.981386 0.737024 0.800700 0.239590 0.264927 0.787636 0.593040 0.389244 0.338035 0.911066 0.902068 0.874401 0.833256 0.883303 0.782630 0.643506 0.875947 0.946369 0.870069 0.919618 0.914140 0.657705 0.771144 0.849028 0.729510 0.768070 0.726932 0.911583 0.897660 0.391840 0.554564 0.347083 0.307094 0.573304 0.511881 0.179565 0.253254 0.225298 0.235020 0.535313 0.418453 0.907315 0.829627 0.460454 0.492326 0.826431 0.810637 0.758113 0.845901 0.656073 0.934571 0.912218 0.945790 0.571365 0.512648 0.305826 0.266933 0.398697 0.432233 0.261616 0.340606 0.857485 0.715430 0.492099 0.465347 0.651246 0.610193 0.572069 0.569816 0.941427 0.992753 0.896329 0.734147 0.909426 0.956151 0.910504 0.995536 0.942550 0.765224 0.950454 0.918473 0.983913 0.807561 0.671695 0.998362 0.849940 0.985612 0.828898 0.902514 0.742339 0.592567
0.289286 0.352258 0.710254 0.575640 0.798692 0.926003 0.560372 0.380200 0.950747 0.907686 0.342039 0.202467 0.182707 0.000000 0.248137 0.309739 0.270800 0.261625 0.270624 0.257006 0.689894 0.843417 0.540017 0.447622 0.805106 0.930020 0.707058 0.780122 0.270113 0.276889 0.744036 0.578193 0.380928 0.374548 0.854330 0.908043 0.882630 0.837892 0.920623 0.854188 0.693640 0.816433 0.979685 0.847194 0.921574 0.911453 0.650771 0.727399 0.843110 0.719184 0.723001 0.692572 0.851195 0.958834 0.404615 0.584403 0.347009 0.292502 0.567015 0.487205 0.209723 0.214016 0.261626 0.234644 0.507779 0.369868 0.843503 0.802386 0.487245 0.505777 0.906657 0.851339 0.716796 0.758232 0.622211 0.907576 0.927483 0.894248 0.527857 0.495754 0.323569 0.265881 0.388205 0.427494 0.235193 0.299139 0.813731 0.622434 0.498617 0.407637 0.662052 0.627666 0.598272 0.600389 0.991805 0.945499 0.841807 0.763221 0.915588 0.986661 0.917167 0.993942 0.956687 0.774468 0.874129 0.842887 0.970053 0.851749 0.677723 0.956113 0.815100 0.953375 0.887440 0.916339 0.722798 0.681439
0.502851 0.543951 0.677041 0.645062 0.625600 0.990768 0.652775 0.530071 0.924390 0.954573 0.437413 0.353566 0.255063 0.248137 0.000000 0.298148 0.382837 0.384930 0.447999 0.417550 0.670140 0.879085 0.547649 0.484252 0.797650 0.871970 0.769351 0.783518 0.343732 0.333775 0.759354 0.626932 0.523826 0.494962 0.852594 0.998050 0.933585 0.955140 0.932757 0.928644 0.825007 0.956643 0.961800 0.926430 0.898995 0.984171 0.789093 0.833645 0.995498 0.879671 0.863067 0.830769 0.893857 0.992420 0.524560 0.721347 0.544317 0.484158 0.782248 0.710657 0.298073 0.362789 0.419899 0.423220 0.486485 0.388153 0.872377 0.854714 0.635815 0.678229 0.949124 0.937290 0.696502 0.726839 0.581280 0.952390 0.988023 0.965104 0.630127 0.609149 0.461674 0.391919 0.438677 0.567310 0.356695 0.438898 0.821759 0.704875 0.660630 0.620872 0.786402 0.721347 0.718532 0.773850 0.976324 0.978944 0.780430 0.737063 0.895899 0.958960 0.918779 0.936539 0.976720 0.862390 0.909441 0.910356 0.993668 0.799898 0.663060 0.930813 0.827773 0.953937 0.884460 0.877087 0.777116 0.801430
0.507856 0.519341 0.467981 0.395631 0.653168 0.875837 0.525412 0.407745 0.800703 0.949838 0.656484 0.430950 0.396928 0.309739 0.298148 0.000000 0.446682 0.458953 0.398347 0.455059 0.560930 0.900274 0.271767 0.245089 0.560459 0.604929 0.600289 0.808898 0.470260 0.400294 0.522771 0.472625 0.393694 0.490755 0.578088 0.824283 0.796277 0.820487 0.930836 0.897871 0.838502 0.891093 0.841116 0.735819 0.979257 0.957819 0.623321 0.628368 0.976963 0.753559 0.710706 0.663422 0.690909 0.797202 0.475168 0.671941 0.496868 0.449131 0.659303 0.582423 0.371959 0.337036 0.498124 0.438227 0.366889 0.250389 0.550191 0.577563 0.649249 0.573250 0.813039 0.940561 0.579288 0.603004 0.573871 0.776451 0.830202 0.878264 0.574046 0.527377 0.516816 0.460997 0.383505 0.573405 0.314638 0.316427 0.793935 0.599969 0.612046 0.484712 0.831212 0.729342 0.800698 0.771763 0.900532 0.904345 0.911595 0.807146 0.969934 0.920963 0.959274 0.966768 0.955998 0.853811 0.641970 0.733366 0.827387 0.994653 0.796820 0.922399 0.761152 0.906734 0.998816 0.978304 0.578442 0.896628
0.216610 0.208140 0.643316 0.587399 0.979934 0.766998 0.644806 0.469927 0.687421 0.839016 0.286594 0.197488 0.253555 0.270800 0.382837 0.446682 0.000000 0.154851 0.281291 0.234069 0.619602 0.847313 0.671501 0.530864 0.658202 0.867617 0.608485 0.827038 0.218834 0.181185 0.790525 0.631740 0.357149 0.312817 0.842845 0.987759 0.745615 0.677375 0.888034 0.669195 0.572288 0.765798 0.960972 0.817180 0.922236 0.882846 0.541196 0.654900 0.826713 0.670089 0.771042 0.703200 0.916923 0.830625 0.293637 0.409845 0.205246 0.184910 0.492279 0.451832 0.245630 0.287573 0.244273 0.208555 0.414654 0.352598 0.785592 0.718232 0.316604 0.387275 0.779508 0.637895 0.872495 0.996759 0.659308 0.940629 0.885251 0.904362 0.513421 0.402733 0.206484 0.210461 0.285664 0.234013 0.221527 0.266364 0.708482 0.634530 0.491198 0.331140 0.402775 0.393204 0.363130 0.370583 0.917338 0.999562 0.837314 0.730916 0.735871 0.832278 0.709594 0.730674 0.984369 0.894122 0.974377 0.919889 0.999657 0.752686 0.668578 0.871220 0.848127 0.945007 0.797663 0.891496 0.750145 0.584654
0.212920 0.207288 0.663991 0.616358 0.938870 0.730161 0.686742 0.497952 0.641904 0.808741 0.254830 0.183175 0.265473 0.261625 0.384930 0.458953 0.154851 0.000000 0.290082 0.212937 0.621679 0.798050 0.713349 0.531550 0.678789 0.868366 0.603678 0.798059 0.240234 0.184338 0.834982 0.669816 0.379623 0.341825 0.884292 0.992656 0.752090 0.652690 0.891834 0.726789 0.582781 0.784077 0.921624 0.860361 0.865336 0.923687 0.605509 0.694996 0.860800 0.707794 0.798391 0.733123 0.951416 0.787755 0.308109 0.477708 0.205747 0.182622 0.521726 0.480458 0.257290 0.287874 0.255758 0.213242 0.407830 0.344850 0.839371 0.790120 0.320135 0.395827 0.733603 0.603040 0.938846 0.979883 0.677967 0.928002 0.832544 0.844551 0.487115 0.420525 0.213199 0.198957 0.303401 0.236523 0.232701 0.269210 0.658568 0.634377 0.500470 0.359285 0.373274 0.351191 0.332270 0.341448 0.939903 0.987759 0.784839 0.676183 0.694878 0.806902 0.679273 0.676831 0.934055 0.949458 0.972081 0.976733 0.994197 0.719845 0.683780 0.950262 0.879895 0.910386 0.749270 0.903619 0.796306 0.549936
0.236995 0.237892 0.520145 0.413195 0.879341 0.901140 0.416884 0.295983 0.952348 0.942922 0.462063 0.265847 0.277736 0.270624 0.447999 0.398347 0.281291 0.290082 0.000000 0.253215 0.611551 0.970894 0.468214 0.443847 0.624677 0.774082 0.620110 0.888148 0.343681 0.308835 0.558919 0.471466 0.293731 0.313470 0.723049 0.930946 0.669712 0.627105 0.948843 0.679726 0.613940 0.693369 0.950955 0.738734 0.927281 0.892138 0.511244 0.619559 0.859204 0.664050 0.679777 0.621018 0.817637 0.954441 0.329896 0.541011 0.246343 0.218943 0.422678 0.366241 0.245970 0.233254 0.266993 0.229884 0.444180 0.344690 0.648844 0.641679 0.379808 0.342852 0.984672 0.850970 0.685836 0.827597 0.674657 0.901579 0.976294 0.965839 0.545316 0.488558 0.326177 0.340547 0.350207 0.401723 0.255575 0.248572 0.839292 0.713275 0.512779 0.333364 0.616628 0.579453 0.590225 0.549794 0.930673 0.934158 0.928055 0.945081 0.958187 0.974687 0.989838 0.896120 0.912776 0.759051 0.743308 0.773930 0.818925 0.877892 0.767745 0.793617 0.716441 0.915407 0.890628 0.988477 0.600957 0.625568
0.199345 0.230598 0.621730 0.570059 0.975754 0.782188 0.625661 0.448185 0.765993 0.874178 0.290741 0.205594 0.276230 0.257006 0.417550 0.455059 0.234069 0.212937 0.253215 0.000000 0.633515 0.770988 0.653845 0.503920 0.671591 0.873247 0.588961 0.837632 0.302105 0.241907 0.787230 0.654245 0.388848 0.364382 0.900867 0.995790 0.724643 0.635986 0.922478 0.727794 0.602825 0.769387 0.843986 0.944424 0.770959 0.975920 0.659135 0.778367 0.936702 0.792874 0.854184 0.799876 0.990393 0.740463 0.404008 0.578484 0.239800 0.210314 0.520009 0.458734 0.269376 0.278913 0.263328 0.235096 0.433906 0.383685 0.849998 0.800225 0.290346 0.387549 0.850436 0.696199 0.897537 0.985397 0.677423 0.961529 0.849102 0.873358 0.534827 0.500255 0.295665 0.240130 0.347200 0.319881 0.246997 0.296497 0.758077 0.624384 0.472999 0.373385 0.456770 0.440080 0.423156 0.421271 0.934248 0.969305 0.906901 0.743081 0.736534 0.797587 0.783349 0.727980 0.922422 0.899424 0.922767 0.959083 0.993766 0.768591 0.813185 0.960749 0.926831 0.948906 0.744602 0.876025 0.808862 0.595418
0.669615 0.606078 0.526525 0.519861 0.835967 0.890253 0.672535 0.641667 0.908303 0.882318 0.800068 0.671854 0.732678 0.689894 0.670140 0.560930 0.619602 0.621679 0.611551 0.633515 0.000000 0.847650 0.571373 0.569471 0.539309 0.577013 0.623743 0.963194 0.739696 0.646108 0.584756 0.721287 0.579627 0.663574 0.719899 0.831262 0.660626 0.767015 0.858661 0.995208 0.758367 0.786064 0.950945 0.889545 0.873445 0.916202 0.785116 0.775419 0.890364 0.915907 0.905602 0.848585 0.861122 0.961401 0.627811 0.841324 0.622225 0.616482 0.768298 0.767493 0.663709 0.625956 0.712920 0.690647 0.501902 0.497348 0.633149 0.745385 0.662060 0.708237 0.826490 0.939255 0.745181 0.810525 0.665645 0.957553 0.926466 0.910466 0.652850 0.655842 0.710529 0.717797 0.589968 0.680689 0.610580 0.558805 0.804458 0.819519 0.813447 0.707044 0.716339 0.667104 0.742605 0.821830 0.945144 0.937164 0.993647 0.835593 0.794693 0.942347 0.859926 0.869965 0.821479 0.966731 0.765279 0.853690 0.986168 0.876520 0.892647 0.901985 0.990544 0.870703 0.874010 0.959570 0.677642 0.834728
0.859428 0.889111 0.993439 0.966006 0.901465 0.808943 0.885472 0.935735 0.797713 0.787511 0.824201 0.825867 0.901052 0.843417 0.879085 0.900274 0.847313 0.798050 0.970894 0.770988 0.847650 0.000000 0.979439 0.938306 0.976592 0.992983 0.920576 0.778425 0.836496 0.770096 0.841217 0.880571 0.939888 0.945136 0.914097 0.956008 0.963984 0.886797 0.902664 0.861373 0.972396 0.968900 0.785990 0.819884 0.775400 0.855187 0.934901 0.977633 0.855392 0.913316 0.852800 0.899516 0.833692 0.787503 0.922833 0.964316 0.851299 0.843278 0.969610 0.998150 0.924792 0.944690 0.883482 0.905098 0.859038 0.890735 0.837578 0.900647 0.890724 0.825114 0.842730 0.752500 0.909157 0.843078 0.968401 0.879737 0.930600 0.842006 0.820687 0.856045 0.866414 0.801622 0.879380 0.867384 0.852271 0.875540 0.775863 0.804414 0.897745 0.954268 0.753967 0.723983 0.733554 0.728697 0.776888 0.920210 0.883724 0.783260 0.709890 0.792115 0.753611 0.910807 0.652354 0.793890 0.960825 0.799483 0.818249 0.916157 0.933643 0.642431 0.954272 0.836660 0.736423 0.950250 0.727648 0.768483
0.675534 0.629611 0.366304 0.253995 0.646522 0.758097 0.356125 0.345647 0.643644 0.829849 0.984071 0.686419 0.646223 0.540017 0.547649 0.271767 0.671501 0.713349 0.468214 0.653845 0.571373 0.979439 0.000000 0.271447 0.490893 0.452315 0.637850 0.920145 0.733907 0.646156 0.281614 0.335279 0.413842 0.555728 0.463955 0.687576 0.686500 0.726605 0.856871 0.944695 0.978327 0.810678 0.615801 0.549285 0.873768 0.857316 0.515055 0.520201 0.951250 0.689646 0.592871 0.538501 0.515143 0.573555 0.594619 0.727296 0.619332 0.587903 0.605524 0.540659 0.551506 0.471030 0.659242 0.588271 0.475262 0.344403 0.334962 0.399726 0.810651 0.576528 0.475069 0.757467 0.437233 0.521303 0.671195 0.755588 0.600754 0.714362 0.612362 0.603371 0.708800 0.736440 0.499758 0.781512 0.480974 0.415890 0.981534 0.715906 0.728779 0.531860 0.971341 0.937875 0.953609 0.970810 0.793574 0.813087 0.834016 0.882229 0.825545 0.694700 0.865922 0.832736 0.855690 0.840119 0.428277 0.489890 0.700705 0.810600 0.997642 0.802991 0.667488 0.798617 0.824759 0.895786 0.456858 0.943080
0.560233 0.526423 0.402843 0.337840 0.768436 0.884657 0.570635 0.452545 0.846034 0.912595 0.792353 0.534090 0.569555 0.447622 0.484252 0.245089 0.530864 0.531550 0.443847 0.503920 0.569471 0.938306 0.271447 0.000000 0.455473 0.484712 0.558606 0.886048 0.651434 0.496338 0.523728 0.528270 0.410787 0.576470 0.534476 0.796017 0.667037 0.702524 0.756208 0.911026 0.829400 0.829956 0.810973 0.732232 0.963239 0.979980 0.560140 0.610485 0.973993 0.756867 0.721248 0.662258 0.676673 0.783601 0.535158 0.715560 0.508149 0.480856 0.664949 0.612287 0.511621 0.446000 0.617349 0.524501 0.356407 0.267608 0.450712 0.539272 0.643545 0.585831 0.772521 0.911289 0.636819 0.647593 0.636387 0.778201 0.858396 0.869427 0.603737 0.561702 0.579406 0.554624 0.407852 0.570446 0.393355 0.315889 0.765421 0.512002 0.656928 0.496287 0.777827 0.661268 0.785437 0.731899 0.888528 0.923860 0.989580 0.902513 0.931739 0.966825 0.933312 0.942315 0.983398 0.930872 0.578927 0.652074 0.898880 0.952389 0.841408 0.880339 0.805078 0.921097 0.968971 0.978784 0.612488 0.963192
0.738091 0.632583 0.272244 0.382543 0.938850 0.993688 0.768606 0.735948 0.937969 0.629076 0.898193 0.763538 0.843172 0.805106 0.797650 0.560459 0.658202 0.678789 0.624677 0.671591 0.539309 0.976592 0.490893 0.455473 0.000000 0.252602 0.419292 0.964751 0.914838 0.682550 0.542642 0.627309 0.654585 0.748351 0.536289 0.585553 0.440573 0.479880 0.506484 0.845608 0.776028 0.727191 0.995755 0.896629 0.659166 0.690553 0.756403 0.830364 0.610336 0.884987 0.883672 0.982797 0.996078 0.936047 0.737322 0.858644 0.656240 0.622354 0.923761 0.848087 0.810303 0.770978 0.895950 0.798796 0.299188 0.372548 0.637958 0.702952 0.586574 0.708831 0.732332 0.956475 0.845577 0.945135 0.729759 0.959467 0.978868 0.849326 0.882204 0.781641 0.818070 0.756718 0.515740 0.609345 0.617247 0.513292 0.643017 0.744762 0.836178 0.667026 0.655792 0.579443 0.717649 0.694611 0.826709 0.941751 0.958032 0.883651 0.603563 0.732762 0.767886 0.673001 0.772934 0.752028 0.769940 0.843275 0.851096 0.909242 0.996562 0.759868 0.974314 0.772992 0.723282 0.779583 0.643021 0.938008
0.923302 0.832482 0.331597 0.422659 0.910614 0.836933 0.701121 0.756645 0.774784 0.812455 0.866566 0.962169 0.981386 0.930020 0.871970 0.604929 0.867617 0.868366 0.774082 0.873247 0.577013 0.992983 0.452315 0.484712 0.252602 0.000000 0.547566 0.991526 0.958803 0.865067 0.484530 0.650117 0.701580 0.837741 0.467634 0.596429 0.506641 0.540683 0.623168 0.951447 0.960054 0.737403 0.832095 0.801968 0.837195 0.806337 0.774194 0.809432 0.675424 0.928004 0.994818 0.915408 0.841641 0.837262 0.780650 0.899699 0.837460 0.806848 0.963619 0.913458 0.934555 0.873238 0.982734 0.944905 0.449714 0.480065 0.533420 0.632179 0.838508 0.767154 0.601026 0.820046 0.741955 0.763766 0.752722 0.946173 0.823002 0.696784 0.917412 0.904257 0.965364 0.961999 0.630040 0.819002 0.760812 0.632556 0.703643 0.882568 0.916614 0.782975 0.905423 0.816486 0.971267 0.902859 0.943519 0.807108 0.946496 0.966795 0.816257 0.932707 0.979501 0.921314 0.814656 0.870206 0.606867 0.701456 0.781442 0.896623 0.958191 0.751386 0.973639 0.887420 0.902427 0.959583 0.627578 0.953577
0.659441 0.576583 0.493065 0.536983 0.977697 0.818391 0.807841 0.789373 0.849727 0.648102 0.761944 0.672553 0.737024 0.707058 0.769351 0.600289 0.608485 0.603678 0.620110 0.588961 0.623743 0.920576 0.637850 0.558606 0.419292 0.547566 0.000000 0.980778 0.786493 0.628112 0.693999 0.650829 0.625473 0.677282 0.734662 0.600838 0.475556 0.552680 0.639548 0.822572 0.748505 0.782038 0.836958 0.948037 0.643974 0.733609 0.858510 0.976892 0.724795 0.953120 0.933068 0.978017 0.987611 0.801244 0.717545 0.866709 0.572888 0.561909 0.845906 0.782959 0.696554 0.702993 0.753448 0.685953 0.404465 0.485187 0.747090 0.869065 0.615456 0.673328 0.987437 0.814073 0.924841 0.903500 0.670725 0.951789 0.902850 0.949431 0.779772 0.717489 0.771067 0.699292 0.543177 0.610192 0.542938 0.518302 0.660432 0.738683 0.804840 0.688519 0.511787 0.523960 0.579202 0.632521 0.895436 0.955375 0.805199 0.810161 0.555807 0.649728 0.579009 0.708211 0.825444 0.892868 0.894026 0.892017 0.967935 0.753560 0.977163 0.874469 0.953309 0.759950 0.698796 0.838215 0.869671 0.837146
0.825956 0.891372 0.977633 0.963278 0.969869 0.994033 0.963164 0.941499 0.960747 0.923938 0.733167 0.818110 0.800700 0.780122 0.783518 0.808898 0.827038 0.798059 0.888148 0.837632 0.963194 0.778425 0.920145 0.886048 0.964751 0.991526 0.980778 0.000000 0.793047 0.769877 0.943485 0.984511 0.966032 0.909761 0.876636 0.897073 0.924676 0.944712 0.916911 0.994851 0.930460 0.971531 0.817289 0.886220 0.820266 0.864327 0.918114 0.973991 0.906564 0.902217 0.902675 0.904537 0.900238 0.806327 0.934511 0.995129 0.841490 0.802318 0.992328 0.981397 0.778372 0.857706 0.809740 0.812374 0.816858 0.830125 0.922950 0.909360 0.866688 0.937179 0.963712 0.895312 0.969082 0.942198 0.910478 0.990532 0.821529 0.761417 0.966165 0.954786 0.845446 0.792438 0.841614 0.915976 0.779849 0.826472 0.960074 0.948197 0.981960 0.826852 0.843116 0.806001 0.881888 0.891994 0.903429 0.893450 0.763346 0.786151 0.866410 0.844912 0.830402 0.983836 0.915461 0.890209 0.890156 0.774822 0.869101 0.786201 0.968912 0.760922 0.858945 0.797571 0.904500 0.797673 0.981853 0.829923
0.279837 0.322883 0.796269 0.721285 0.876319 0.845448 0.623145 0.464887 0.782384 0.922756 0.293742 0.251800 0.239590 0.270113 0.343732 0.470260 0.218834 0.240234 0.343681 0.302105 0.739696 0.836496 0.733907 0.651434 0.914838 0.958803 0.786493 0.793047 0.000000 0.211468 0.861246 0.700875 0.439975 0.375327 0.958045 0.896948 0.891566 0.852354 0.916568 0.672355 0.680900 0.843480 0.993576 0.809621 0.960921 0.788104 0.617040 0.715307 0.704754 0.621225 0.706706 0.670331 0.876845 0.909437 0.356912 0.473812 0.317007 0.293503 0.516336 0.473570 0.246698 0.305696 0.236697 0.248479 0.589278 0.503371 0.871096 0.775364 0.461065 0.463814 0.837273 0.693716 0.845736 0.948383 0.700716 0.881115 0.957660 0.907147 0.550106 0.498849 0.266064 0.273693 0.421388 0.413201 0.295277 0.413600 0.812101 0.752347 0.532386 0.434999 0.605763 0.610989 0.533568 0.542450 0.988190 0.979066 0.892131 0.765623 0.915691 0.972542 0.873178 0.907902 0.902083 0.755044 0.990422 0.969159 0.996261 0.837164 0.647988 0.971777 0.803879 0.964373 0.909643 0.967410 0.816379 0.619791
0.256378 0.261652 0.641656 0.609642 0.928360 0.795381 0.677730 0.499264 0.723648 0.860609 0.285842 0.217698 0.264927 0.276889 0.333775 0.400294 0.181185 0.184338 0.308835 0.241907 0.646108 0.770096 0.646156 0.496338 0.682550 0.865067 0.628112 0.769877 0.211468 0.000000 0.805977 0.661747 0.405931 0.387675 0.881971 0.952811 0.748222 0.734028 0.908432 0.695495 0.624943 0.862254 0.924227 0.876416 0.888221 0.944092 0.596386 0.704265 0.890670 0.714683 0.813094 0.744161 0.949218 0.839012 0.326306 0.520724 0.251990 0.228466 0.549964 0.496667 0.256331 0.307022 0.280132 0.254384 0.389279 0.344262 0.800222 0.763348 0.348726 0.396892 0.833250 0.671141 0.898236 0.986964 0.709345 0.936342 0.861957 0.870763 0.547678 0.450103 0.253105 0.228321 0.314488 0.310775 0.225824 0.302661 0.711854 0.601272 0.508378 0.377186 0.458000 0.416998 0.421026 0.416817 0.895176 0.954546 0.821705 0.707639 0.735641 0.832377 0.769728 0.746288 0.970349 0.930071 0.975003 0.966124 0.954436 0.735768 0.686919 0.983495 0.792618 0.951982 0.761238 0.923816 0.789349 0.626646
0.784951 0.683076 0.372283 0.275702 0.682156 0.755557 0.275646 0.347087 0.596208 0.688361 0.867943 0.848461 0.787636 0.744036 0.759354 0.522771 0.790525 0.834982 0.558919 0.787230 0.584756 0.841217 0.281614 0.523728 0.542642 0.484530 0.693999 0.943485 0.861246 0.805977 0.000000 0.324489 0.481311 0.530975 0.509394 0.625356 0.694730 0.669166 0.959530 0.998343 0.999182 0.706150 0.490465 0.436891 0.747288 0.741602 0.499519 0.479653 0.876813 0.668914 0.548547 0.496546 0.442979 0.493343 0.651457 0.710852 0.693901 0.691744 0.588729 0.549617 0.663512 0.560871 0.760144 0.713640 0.637334 0.513283 0.329841 0.373996 0.907502 0.602634 0.408322 0.668729 0.400842 0.541934 0.804949 0.738255 0.485433 0.545386 0.618207 0.664845 0.822120 0.929571 0.695493 0.935420 0.701422 0.619371 0.858198 0.965430 0.883363 0.653780 0.844489 0.903405 0.812993 0.865361 0.769513 0.726317 0.693424 0.733698 0.693007 0.563322 0.813495 0.809543 0.786090 0.833244 0.435834 0.478826 0.536493 0.660733 0.891341 0.690469 0.678295 0.726804 0.669455 0.830607 0.441581 0.910788
0.615304 0.560589 0.494778 0.372100 0.680518 0.887855 0.364530 0.361551 0.833597 0.781486 0.954006 0.660288 0.593040 0.578193 0.626932 0.472625 0.631740 0.669816 0.471466 0.654245 0.721287 0.880571 0.335279 0.528270 0.627309 0.650117 0.650829 0.984511 0.700875 0.661747 0.324489 0.000000 0.408353 0.461364 0.562522 0.688881 0.683376 0.676091 0.923923 0.891740 0.939645 0.753623 0.569407 0.467608 0.809367 0.732618 0.436808 0.456927 0.821054 0.596417 0.544507 0.477663 0.495578 0.624196 0.595080 0.667890 0.585620 0.554516 0.523573 0.476984 0.520023 0.459785 0.569524 0.518912 0.604155 0.449059 0.472674 0.450677 0.800126 0.563984 0.605627 0.911590 0.548500 0.636428 0.770889 0.736255 0.661735 0.790861 0.585466 0.550181 0.620481 0.697468 0.515872 0.727429 0.501069 0.463970 0.945929 0.880319 0.676593 0.533925 0.943554 0.890587 0.946564 0.872043 0.837367 0.868456 0.916535 0.808970 0.803731 0.693391 0.912534 0.883646 0.750916 0.853324 0.499310 0.468157 0.614599 0.868554 0.962900 0.779004 0.613511 0.849672 0.771913 0.868496 0.550603 0.916146
0.309281 0.306622 0.533610 0.368904 0.873396 0.914052 0.371965 0.268452 0.896797 0.877047 0.633288 0.368233 0.389244 0.380928 0.523826 0.393694 0.357149 0.379623 0.293731 0.388848 0.579627 0.939888 0.413842 0.410787 0.654585 0.701580 0.625473 0.966032 0.439975 0.405931 0.481311 0.408353 0.000000 0.274817 0.628969 0.857251 0.715932 0.640671 0.946993 0.821768 0.774846 0.783745 0.734780 0.544444 0.844729 0.701289 0.396896 0.453735 0.694982 0.506681 0.492552 0.440716 0.619537 0.816235 0.335264 0.420649 0.285863 0.287987 0.322301 0.293975 0.299871 0.261172 0.299455 0.265196 0.507319 0.372496 0.435059 0.439388 0.505694 0.318979 0.903221 0.903270 0.604186 0.778354 0.668988 0.730605 0.814373 0.861087 0.430985 0.392633 0.361463 0.451868 0.371070 0.445191 0.293074 0.260422 0.992436 0.689175 0.514273 0.350039 0.658708 0.611693 0.643566 0.578704 0.891331 0.874086 0.863354 0.944454 0.905038 0.825922 0.921891 0.986168 0.889681 0.758017 0.623750 0.618885 0.759638 0.992476 0.835882 0.795444 0.702975 0.782219 0.933270 0.857249 0.550633 0.753579
0.306242 0.279562 0.631120 0.498429 0.912094 0.937666 0.376891 0.310127 0.828060 0.869040 0.515762 0.350054 0.338035 0.374548 0.494962 0.490755 0.312817 0.341825 0.313470 0.364382 0.663574 0.945136 0.555728 0.576470 0.748351 0.837741 0.677282 0.909761 0.375327 0.387675 0.530975 0.461364 0.274817 0.000000 0.725657 0.930717 0.723193 0.688776 0.975734 0.731587 0.684374 0.704073 0.763646 0.544863 0.795273 0.636972 0.389611 0.500008 0.623083 0.484181 0.511872 0.455309 0.617760 0.864102 0.326372 0.325516 0.284832 0.294773 0.330213 0.321126 0.268119 0.290440 0.256637 0.239925 0.599454 0.458195 0.558564 0.504348 0.489175 0.346048 0.974890 0.845847 0.655593 0.807763 0.693763 0.798669 0.874348 0.891421 0.431291 0.446700 0.312724 0.413611 0.411747 0.437940 0.331085 0.345176 0.987210 0.783890 0.503788 0.336811 0.642875 0.647056 0.618856 0.591266 0.922377 0.926911 0.997031 0.908251 0.909453 0.807095 0.941657 0.959891 0.767509 0.708669 0.791289 0.685201 0.737170 0.957284 0.889148 0.853621 0.746262 0.796990 0.893055 0.917473 0.580093 0.789817
0.898756 0.823366 0.506543 0.499772 0.891769 0.845332 0.595220 0.650563 0.796589 0.998359 0.853383 0.882975 0.911066 0.854330 0.852594 0.578088 0.842845 0.884292 0.723049 0.900867 0.719899 0.914097 0.463955 0.534476 0.536289 0.467634 0.734662 0.876636 0.958045 0.881971 0.509394 0.562522 0.628969 0.725657 0.000000 0.717702 0.715272 0.755423 0.727062 0.982080 0.940900 0.854566 0.709414 0.672525 0.913462 0.929674 0.645111 0.616250 0.971764 0.843259 0.783233 0.751201 0.709714 0.722013 0.712033 0.792194 0.830204 0.814100 0.800670 0.786981 0.851691 0.758418 0.913819 0.833820 0.612056 0.573757 0.465710 0.540460 0.836543 0.751905 0.703279 0.752546 0.684849 0.711239 0.679994 0.815384 0.622012 0.744549 0.822639 0.828140 0.878420 0.892017 0.628879 0.822911 0.720064 0.605229 0.863689 0.827181 0.825595 0.707506 0.965276 0.967364 0.897311 0.995497 0.872462 0.833825 0.988332 0.960358 0.895716 0.795961 0.955587 0.912062 0.947587 0.904272 0.575248 0.701833 0.676996 0.933099 0.940773 0.740268 0.738077 0.895940 0.831455 0.944663 0.611845 0.860082
0.966285 0.915154 0.598822 0.653760 0.907198 0.953549 0.850649 0.900910 0.912928 0.817191 0.849281 0.930894 0.902068 0.908043 0.998050 0.824283 0.987759 0.992656 0.930946 0.995790 0.831262 0.956008 0.687576 0.796017 0.585553 0.596429 0.600838 0.897073 0.896948 0.952811 0.625356 0.688881 0.857251 0.930717 0.717702 0.000000 0.710599 0.620801 0.755070 0.991175 0.883667 0.985458 0.870718 0.854718 0.946771 0.909162 0.911300 0.843263 0.787715 0.972004 0.990131 0.925532 0.855081 0.865780 0.958388 0.973048 0.918732 0.942456 0.974593 0.926200 0.961901 0.961406 0.894706 0.963045 0.705916 0.722415 0.693701 0.760341 0.985865 0.883022 0.684100 0.864442 0.807301 0.985910 0.818882 0.897752 0.908476 0.817499 0.961574 0.850264 0.958941 0.968004 0.856150 0.991981 0.885958 0.825347 0.937734 0.967718 0.907994 0.926895 0.944209 0.904521 0.988466 0.983742 0.971756 0.978378 0.969474 0.836093 0.908504 0.958644 0.892139 0.807951 0.980388 0.869399 0.873740 0.820700 0.822849 0.948678 0.893379 0.903598 0.980408 0.875605 0.990208 0.945476 0.822078 0.859589
0.727762 0.605946 0.529712 0.551512 0.878545 0.918712 0.758225 0.735954 0.838967 0.736161 0.916635 0.789480 0.874401 0.882630 0.933585 0.796277 0.745615 0.752090 0.669712 0.724643 0.660626 0.963984 0.686500 0.667037 0.440573 0.506641 0.475556 0.924676 0.891566 0.748222 0.694730 0.683376 0.715932 0.723193 0.715272 0.710599 0.000000 0.485769 0.675580 0.749654 0.666092 0.703409 0.926518 0.821257 0.801391 0.894666 0.720162 0.845906 0.852975 0.923809 0.932286 0.836626 0.897346 0.997425 0.745890 0.796282 0.663465 0.644097 0.749882 0.720642 0.851078 0.822081 0.821987 0.773968 0.589984 0.618238 0.710482 0.771364 0.671762 0.623626 0.810425 0.929315 0.894395 0.971798 0.713688 0.912775 0.973803 0.984757 0.793172 0.770243 0.812822 0.845840 0.643852 0.664077 0.693127 0.626022 0.762469 0.833542 0.836298 0.692224 0.628162 0.679914 0.692350 0.679198 0.921824 0.921912 0.925759 0.947633 0.736925 0.872805 0.802864 0.777737 0.923272 0.949248 0.747013 0.735926 0.938753 0.927055 0.977747 0.822011 0.943026 0.907433 0.865184 0.966723 0.846448 0.927594
0.631664 0.549435 0.549075 0.563449 0.785886 0.935564 0.757010 0.723318 0.833947 0.706801 0.847996 0.748362 0.833256 0.837892 0.955140 0.820487 0.677375 0.652690 0.627105 0.635986 0.767015 0.886797 0.726605 0.702524 0.479880 0.540683 0.552680 0.944712 0.852354 0.734028 0.669166 0.676091 0.640671 0.688776 0.755423 0.620801 0.485769 0.000000 0.681858 0.843603 0.746458 0.757782 0.964093 0.843287 0.769570 0.908707 0.726241 0.803061 0.857689 0.938634 0.949304 0.859407 0.945690 0.894057 0.723563 0.738341 0.570163 0.564090 0.754540 0.704283 0.793125 0.741635 0.766876 0.691448 0.556423 0.588361 0.769149 0.816833 0.600702 0.532962 0.841492 0.929258 0.945373 0.930056 0.813022 0.963803 0.957070 0.980798 0.810658 0.762767 0.693018 0.743450 0.698645 0.618007 0.665474 0.556395 0.761367 0.913106 0.743547 0.595645 0.631802 0.595908 0.660084 0.567670 0.899929 0.957326 0.918008 0.931247 0.716058 0.835803 0.741090 0.645346 0.888307 0.908545 0.868601 0.918556 0.825966 0.954734 0.970022 0.886235 0.918887 0.847062 0.818083 0.833901 0.875979 0.713311
