0.000000 0.465786 0.840455 0.830399 0.780684 0.860720 0.879600 0.593075 0.802684 0.620386 0.403067 0.341913 0.470849 0.606964 0.605721 0.787871 0.476794 0.488842 0.470504 0.454372 0.853428 0.941100 0.616533 0.685943 0.610608 0.652500 0.912348 0.823723 0.431533 0.560516 0.994702 0.981105 0.700803 0.780836 0.845976 0.977720 0.754256 0.865041 0.744333 0.914641 0.715858 0.796424 0.841923 0.929241 0.947395 0.807928 0.848432 0.865094 0.650653 0.706302 0.861497 0.836888 0.940372 0.832018 0.813813 0.833891 0.437097 0.381477 0.503198 0.466872 0.623741 0.473330 0.431133 0.364131 0.859950 0.846502 0.960941 0.926680 0.389049 0.447620 0.833720 0.883174 0.908114 0.993408 0.793427 0.803935 0.831627 0.986791 0.882800 0.743333 0.467655 0.553966 0.811047 0.774237 0.774951 0.802100 0.889018 0.914969 0.686782 0.658755 0.954628 0.987829 0.932224 0.824101 0.927434 0.951509 0.987058 0.950309 0.670686 0.642291 0.912332 0.943928 0.762436 0.707033 0.748642 0.816624 0.933279 0.818704 0.928211 0.876493 0.865014 0.689511 0.620533 0.841915 0.962936 0.852684
0.465786 0.000000 0.539606 0.769739 0.815888 0.689033 0.758930 0.748865 0.966040 0.642884 0.714792 0.410904 0.842398 0.583163 0.646307 0.739135 0.362115 0.334321 0.484180 0.382634 0.738409 0.918806 0.720248 0.814514 0.700432 0.596720 0.972031 0.989880 0.408354 0.423777 0.824576 0.967879 0.928199 0.905293 0.659048 0.893707 0.791346 0.979022 0.759383 0.929966 0.844947 0.719349 0.910807 0.766580 0.754241 0.547193 0.777599 0.682255 0.372794 0.466096 0.661494 0.628195 0.791534 0.963362 0.852980 0.745984 0.320197 0.309468 0.873030 0.745045 0.872802 0.715588 0.714489 0.538592 0.723763 0.698483 0.671260 0.712533 0.587747 0.496666 0.902603 0.826763 0.930306 0.968361 0.839146 0.898686 0.769161 0.968821 0.767156 0.645535 0.453954 0.489721 0.545055 0.647224 0.765416 0.889462 0.980825 0.978145 0.919496 0.884167 0.727648 0.802850 0.731642 0.608530 0.985102 0.931584 0.860412 0.928150 0.877082 0.751513 0.827197 0.782809 0.925243 0.835495 0.992394 0.956706 0.881411 0.796028 0.901321 0.929102 0.939439 0.718243 0.626123 0.800622 0.975225 0.878711
0.840455 0.539606 0.000000 0.439763 0.909850 0.700105 0.419936 0.702009 0.873885 0.829922 0.965245 0.643366 0.956689 0.936042 0.802775 0.804515 0.691004 0.713991 0.870459 0.722410 0.653074 0.884567 0.926349 0.811647 0.640061 0.460996 0.966051 0.905016 0.733825 0.703121 0.607639 0.640396 0.653921 0.729510 0.524010 0.640468 0.902803 0.787709 0.728849 0.965849 0.932610 0.967809 0.862522 0.996781 0.919240 0.872016 0.785403 0.914804 0.571433 0.633276 0.926854 0.796692 0.945435 0.985642 0.819839 0.986155 0.652053 0.605977 0.921366 0.936936 0.611760 0.907647 0.919613 0.854193 0.461286 0.446205 0.352599 0.400093 0.894323 0.805221 0.664152 0.637371 0.709707 0.832564 0.983094 0.932070 0.960027 0.985930 0.964126 0.954545 0.894083 0.982179 0.812680 0.871293 0.887221 0.676593 0.985686 0.946369 0.825036 0.765933 0.625961 0.758868 0.547259 0.538551 0.798161 0.998004 0.661032 0.941999 0.918614 0.884731 0.686297 0.811266 0.898419 0.951049 0.713976 0.812485 0.813925 0.795544 0.950074 0.811623 0.887547 0.970722 0.936075 0.893811 0.902568 0.995805
0.830399 0.769739 0.439763 0.000000 0.979125 0.877537 0.662985 0.703024 0.902150 0.757175 0.883192 0.728425 0.885007 0.912400 0.838542 0.984758 0.804966 0.873400 0.968333 0.859112 0.688934 0.821358 0.828935 0.617713 0.476748 0.390012 0.821765 0.951582 0.808851 0.810752 0.700227 0.632595 0.798385 0.794223 0.583059 0.613817 0.861584 0.799295 0.657709 0.884857 0.901768 0.974357 0.749104 0.842852 0.834444 0.924632 0.604083 0.777437 0.794283 0.891284 0.891229 0.960682 0.891729 0.893539 0.761328 0.907712 0.807710 0.767514 0.900375 0.988326 0.968050 0.951294 0.909921 0.719411 0.442205 0.392323 0.489297 0.472998 0.937001 0.817479 0.729202 0.738516 0.778713 0.906169 0.937740 0.870566 0.840557 0.854705 0.943710 0.871166 0.959592 0.811328 0.904533 0.897084 0.720915 0.493180 0.965414 0.776244 0.951283 0.769435 0.765678 0.971615 0.668824 0.734352 0.870413 0.882457 0.780738 0.899105 0.962886 0.950821 0.853279 0.959469 0.944680 0.966135 0.721591 0.794763 0.840875 0.925179 0.986090 0.993998 0.862548 0.966618 0.917198 0.885581 0.991212 0.944490
0.780684 0.815888 0.909850 0.979125 0.000000 0.942610 0.916984 0.960847 0.951049 0.982055 0.881551 0.822198 0.866947 0.854057 0.826821 0.853670 0.819334 0.864610 0.915925 0.854080 0.992032 0.966619 0.828083 0.888082 0.987504 0.894465 0.728603 0.983728 0.873332 0.992397 0.847405 0.873156 0.937664 0.865330 0.939539 0.849936 0.932970 0.995310 0.944648 0.960773 0.987123 0.995732 0.894340 0.891717 0.947140 0.997250 0.935991 0.991319 0.863566 0.898668 0.963212 0.985448 0.887161 0.771321 0.860830 0.949500 0.795552 0.813111 0.878770 0.860721 0.993511 0.782123 0.995127 0.886357 0.972171 0.954443 0.945240 0.874371 0.786901 0.756515 0.988565 0.880589 0.943130 0.964871 0.919807 0.874109 0.932732 0.823322 0.973247 0.914289 0.854969 0.792854 0.786583 0.900823 0.816812 0.905069 0.763110 0.865734 0.872896 0.805730 0.960704 0.877137 0.988235 0.871919 0.918686 0.938617 0.959345 0.935232 0.988273 0.978755 0.876507 0.823093 0.924264 0.986425 0.921947 0.853567 0.961837 0.783804 0.958963 0.861134 0.924702 0.972058 0.997913 0.873734 0.817302 0.911807
0.860720 0.689033 0.700105 0.877537 0.942610 0.000000 0.736840 0.934494 0.907612 0.990116 0.966600 0.872876 0.802956 0.967381 0.927093 0.871019 0.798355 0.795923 0.978317 0.769307 0.670866 0.914128 0.928989 0.850058 0.879778 0.771283 0.891888 0.785027 0.821199 0.823907 0.854841 0.822010 0.828242 0.875242 0.962301 0.951288 0.882910 0.985105 0.815474 0.821727 0.936765 0.922912 0.873914 0.857213 0.758515 0.683487 0.955401 0.864409 0.720221 0.739420 0.821040 0.813288 0.873192 0.956731 0.882565 0.893951 0.701236 0.692502 0.982664 0.997520 0.809339 0.820223 0.957339 0.888880 0.904305 0.884840 0.822362 0.946752 0.816687 0.902277 0.866130 0.888888 0.944941 0.772156 0.813015 0.895541 0.887922 0.939474 0.968337 0.957481 0.937776 0.992642 0.818855 0.866439 0.961888 0.912653 0.836095 0.803631 0.998010 0.974393 0.909194 0.883535 0.954067 0.834994 0.961198 0.938714 0.972222 0.960533 0.840231 0.924771 0.970852 0.985132 0.997079 0.934081 0.875705 0.996392 0.615441 0.949105 0.873933 0.926390 0.930363 0.882531 0.862146 0.775791 0.980737 0.987183
0.879600 0.758930 0.419936 0.662985 0.916984 0.736840 0.000000 0.467866 0.650842 0.770953 0.755125 0.851490 0.748462 0.992896 0.953072 0.832446 0.889584 0.922052 0.866928 0.895471 0.684147 0.919867 0.703150 0.949846 0.982367 0.717966 0.818149 0.778756 0.918623 0.970526 0.405286 0.535850 0.437639 0.461760 0.631565 0.653758 0.856215 0.870170 0.956491 0.811520 0.833943 0.966897 0.884336 0.925654 0.763629 0.989075 0.811053 0.935508 0.804140 0.776028 0.934168 0.952803 0.996526 0.934127 0.951574 0.979598 0.843354 0.874321 0.629255 0.651645 0.390918 0.840839 0.551558 0.747311 0.787174 0.754685 0.424455 0.456865 0.967791 0.933961 0.580099 0.519822 0.590843 0.673247 0.964938 0.934888 0.837436 0.855496 0.865953 0.913942 0.900668 0.942890 0.825156 0.884752 0.984268 0.981910 0.888647 0.998456 0.785351 0.870017 0.529391 0.612987 0.617541 0.677930 0.778675 0.990947 0.662645 0.827513 0.594197 0.680461 0.602822 0.638715 0.639979 0.670128 0.656054 0.707344 0.899258 0.805374 0.995929 0.799134 0.830218 0.871540 0.916204 0.854323 0.957454 0.916952
0.593075 0.748865 0.702009 0.703024 0.960847 0.934494 0.467866 0.000000 0.783272 0.628609 0.656401 0.792408 0.759443 0.738103 0.965814 0.960942 0.690376 0.679271 0.596144 0.696255 0.948133 0.953310 0.572006 0.874143 0.878581 0.954821 0.912572 0.799078 0.583471 0.645866 0.575388 0.609945 0.498940 0.516119 0.794216 0.785465 0.792918 0.899197 0.901062 0.932919 0.819467 0.805375 0.749090 0.770056 0.552373 0.626964 0.633965 0.743952 0.766501 0.805954 0.664232 0.738472 0.788049 0.883579 0.815425 0.824840 0.686282 0.649298 0.630050 0.529806 0.596089 0.608353 0.461258 0.525054 0.923244 0.871293 0.638312 0.612109 0.714651 0.682848 0.579437 0.608074 0.600414 0.811185 0.947348 0.839713 0.644347 0.861227 0.774041 0.718419 0.625411 0.661275 0.829978 0.867354 0.900304 0.988022 0.949277 0.938188 0.783495 0.776786 0.664582 0.789640 0.743173 0.908216 0.738885 0.897502 0.667774 0.780164 0.535990 0.511336 0.651652 0.761549 0.667843 0.644393 0.607979 0.667848 0.966356 0.864654 0.905347 0.882597 0.667518 0.708748 0.587095 0.674085 0.899624 0.885935
0.802684 0.966040 0.873885 0.902150 0.951049 0.907612 0.650842 0.783272 0.000000 0.643710 0.675433 0.896243 0.583908 0.970516 0.997954 0.941842 0.914382 0.864010 0.918258 0.936959 0.937988 0.987771 0.941136 0.743479 0.753891 0.854780 0.835794 0.863281 0.902148 0.953732 0.899930 0.966987 0.906245 0.847294 0.992002 0.966360 0.790212 0.954672 0.854496 0.945094 0.907038 0.975141 0.807250 0.926192 0.991892 0.972101 0.934849 0.969653 0.945288 0.935140 0.891616 0.963370 0.914726 0.964735 0.898240 0.960890 0.861168 0.980734 0.526803 0.651577 0.537681 0.715417 0.707480 0.736176 0.890843 0.882821 0.913252 0.956286 0.846774 0.767785 0.989298 0.923996 0.981619 0.960898 0.991414 0.979826 0.956751 0.890149 0.974482 0.912817 0.953113 0.850284 0.736459 0.815523 0.840519 0.734193 0.942305 0.856329 0.723267 0.915855 0.894365 0.851557 0.973145 0.853409 0.868761 0.923054 0.994482 0.972975 0.796636 0.843377 0.872429 0.837826 0.733612 0.769421 0.984805 0.969764 0.953158 0.806519 0.847339 0.856124 0.906171 0.977978 0.895207 0.974731 0.845852 0.929215
0.620386 0.642884 0.829922 0.757175 0.982055 0.990116 0.770953 0.628609 0.643710 0.000000 0.639302 0.617416 0.612007 0.826181 0.746290 0.886564 0.690363 0.695776 0.609754 0.731817 0.904545 0.963334 0.681017 0.635969 0.485825 0.584771 0.792069 0.889630 0.516388 0.514534 0.855512 0.871054 0.715354 0.701727 0.673166 0.914263 0.996734 0.794051 0.697419 0.756933 0.995323 0.853617 0.974891 0.881777 0.762633 0.723492 0.917431 0.925311 0.568295 0.650908 0.672099 0.672413 0.752657 0.874919 0.918294 0.940305 0.749794 0.593089 0.575262 0.578200 0.721049 0.855081 0.450435 0.420126 0.511491 0.529198 0.803965 0.775211 0.748123 0.577677 0.938319 0.866306 0.854238 0.909498 0.817558 0.984778 0.789742 0.908947 0.610065 0.639277 0.619441 0.877950 0.944111 0.975087 0.802387 0.548029 0.850062 0.748485 0.883298 0.900360 0.992072 0.886614 0.840691 0.757780 0.993086 0.868832 0.956555 0.916085 0.674003 0.680313 0.959410 0.860215 0.710477 0.722808 0.949694 0.956910 0.869313 0.970193 0.826182 0.922934 0.929872 0.950235 0.752796 0.925512 0.943151 0.933280
0.403067 0.714792 0.965245 0.883192 0.881551 0.966600 0.755125 0.656401 0.675433 0.639302 0.000000 0.589919 0.463833 0.810874 0.823957 0.982563 0.642218 0.699910 0.709167 0.623929 0.882889 0.957346 0.811251 0.677334 0.675297 0.797256 0.858744 0.826442 0.614930 0.682326 0.928137 0.958960 0.682186 0.812783 0.896719 0.919399 0.769158 0.883254 0.911904 0.843611 0.724952 0.810859 0.731919 0.855156 0.998579 0.948056 0.990130 0.972259 0.868326 0.870024 0.970758 0.973247 0.957849 0.832510 0.917586 0.829196 0.691579 0.618956 0.494544 0.503304 0.493851 0.557975 0.477321 0.453101 0.898742 0.919177 0.900466 0.972560 0.538568 0.545318 0.755527 0.769641 0.878200 0.972194 0.781265 0.801108 0.812758 0.967929 0.921460 0.762697 0.578360 0.690564 0.969604 0.884991 0.959047 0.745914 0.957152 0.757727 0.647786 0.765438 0.907215 0.936891 0.929683 0.981146 0.927199 0.986306 0.930997 0.982493 0.693156 0.713021 0.824185 0.888660 0.646938 0.694496 0.770682 0.825324 0.931400 0.995860 0.919143 0.796197 0.924375 0.825706 0.775240 0.914161 0.907262 0.995149
0.341913 0.410904 0.643366 0.728425 0.822198 0.872876 0.851490 0.792408 0.896243 0.617416 0.589919 0.000000 0.505756 0.507971 0.501785 0.596561 0.462319 0.523545 0.499084 0.478923 0.839482 0.877934 0.624460 0.812728 0.610044 0.582383 0.988294 0.995805 0.458748 0.559122 0.811681 0.905300 0.911647 0.959398 0.694793 0.779863 0.891689 0.937951 0.758670 0.983189 0.875050 0.880618 0.786761 0.896712 0.907942 0.839176 0.917490 0.931141 0.573611 0.668352 0.891819 0.819569 0.958686 0.832330 0.854077 0.894675 0.486170 0.406712 0.680824 0.623507 0.853585 0.599277 0.582554 0.485969 0.763030 0.753000 0.690909 0.661135 0.439559 0.496222 0.971931 0.931273 0.978139 0.954912 0.752335 0.898852 0.917134 0.932431 0.838778 0.705837 0.509495 0.565156 0.724744 0.722922 0.738094 0.830400 0.866268 0.976736 0.797003 0.776274 0.745714 0.804571 0.709062 0.622020 0.981484 0.990079 0.858602 0.981572 0.927632 0.822397 0.901381 0.774412 0.983293 0.939987 0.949187 0.949801 0.967562 0.753295 0.919519 0.955582 0.964214 0.823912 0.699854 0.982986 0.988240 0.881462
0.470849 0.842398 0.956689 0.885007 0.866947 0.802956 0.748462 0.759443 0.583908 0.612007 0.463833 0.505756 0.000000 0.673238 0.624963 0.702665 0.815769 0.935526 0.678627 0.814271 0.938958 0.981041 0.641279 0.852901 0.649769 0.775528 0.916551 0.926561 0.695650 0.815057 0.950473 0.968402 0.751564 0.818407 0.828242 0.914054 0.864112 0.976808 0.892388 0.877078 0.890896 0.968981 0.709829 0.774895 0.809966 0.961184 0.975413 0.935399 0.899739 0.910223 0.968287 0.959139 0.988187 0.909160 0.888632 0.970415 0.892630 0.765767 0.499714 0.563028 0.462439 0.634117 0.504333 0.561320 0.915709 0.887433 0.956366 0.883021 0.541489 0.624671 0.833140 0.886463 0.882139 0.992223 0.801958 0.923454 0.985049 0.978121 0.924936 0.884135 0.764103 0.828473 0.946242 0.927482 0.883629 0.789789 0.954021 0.992176 0.605756 0.824353 0.973099 0.976065 0.863920 0.924841 0.949400 0.961798 0.967431 0.919896 0.818573 0.836402 0.898704 0.995776 0.802647 0.837710 0.877871 0.879787 0.872950 0.860897 0.900729 0.808843 0.979464 0.970692 0.874779 0.940656 0.922882 0.950574
0.606964 0.583163 0.936042 0.912400 0.854057 0.967381 0.992896 0.738103 0.970516 0.826181 0.810874 0.507971 0.673238 0.000000 0.503298 0.452019 0.656657 0.632831 0.499701 0.590607 0.923012 0.883534 0.492806 0.820137 0.975254 0.921800 0.901271 0.971341 0.628142 0.632668 0.985900 0.782680 0.820481 0.828000 0.795205 0.992834 0.924567 0.963570 0.959636 0.870647 0.966714 0.911054 0.839123 0.854352 0.974256 0.757110 0.668159 0.740302 0.698978 0.760310 0.805232 0.782225 0.852967 0.980276 0.711191 0.832416 0.713834 0.689215 0.988437 0.893911 0.937691 0.752440 0.756449 0.792612 0.892999 0.881000 0.822336 0.916951 0.656611 0.690796 0.960784 0.908705 0.825755 0.944173 0.752586 0.955346 0.815670 0.938898 0.883753 0.640221 0.599610 0.455601 0.555770 0.693162 0.525481 0.753373 0.997616 0.727329 0.966623 0.825166 0.700187 0.676100 0.718252 0.620809 0.858298 0.923520 0.963068 0.967565 0.906913 0.943912 0.803833 0.763755 0.890188 0.931394 0.877715 0.955801 0.778307 0.747898 0.924503 0.994603 0.917077 0.893770 0.722514 0.916125 0.984391 0.926144
0.605721 0.646307 0.802775 0.838542 0.826821 0.927093 0.953072 0.965814 0.997954 0.746290 0.823957 0.501785 0.624963 0.503298 0.000000 0.564045 0.660872 0.672424 0.568817 0.647316 0.975136 0.939879 0.668776 0.992117 0.821909 0.771076 0.932866 0.954495 0.645361 0.629103 0.999957 0.928059 0.891408 0.855803 0.738741 0.897459 0.932838 0.987213 0.944090 0.986562 0.885616 0.972390 0.964270 0.946395 0.923944 0.893569 0.856171 0.804787 0.727309 0.788734 0.882914 0.846676 0.962530 0.939515 0.902852 0.935726 0.769564 0.721717 0.845020 0.812391 0.903898 0.862768 0.738095 0.718071 0.893608 0.878469 0.747960 0.733222 0.551443 0.647232 0.901396 0.899853 0.918784 0.921506 0.750182 0.953497 0.974646 0.969798 0.726361 0.694975 0.635648 0.594512 0.694553 0.747628 0.693540 0.962062 0.872603 0.788026 0.808979 0.877538 0.665030 0.755063 0.601305 0.620280 0.953590 0.846655 0.897882 0.954578 0.935224 0.937701 0.822489 0.683328 0.960146 0.985914 0.891170 0.894180 0.977366 0.667693 0.983536 0.961092 0.847182 0.933709 0.895246 0.964648 0.983713 0.977243
0.787871 0.739135 0.804515 0.984758 0.853670 0.871019 0.832446 0.960942 0.941842 0.886564 0.982563 0.596561 0.702665 0.452019 0.564045 0.000000 0.816789 0.847980 0.642485 0.819778 0.901454 0.897192 0.602928 0.692689 0.964716 0.897552 0.817663 0.759783 0.797884 0.811128 0.838459 0.966988 0.941939 0.959403 0.657725 0.793703 0.923935 0.778850 0.940399 0.951381 0.868519 0.906680 0.919554 0.978643 0.775193 0.962652 0.839717 0.994885 0.777052 0.800552 0.956481 0.871049 0.998565 0.953768 0.814361 0.983784 0.941016 0.850490 0.956087 0.973312 0.880073 0.932121 0.994383 0.972876 0.994904 0.966240 0.665990 0.664541 0.816213 0.823373 0.793775 0.843157 0.936447 0.958579 0.801592 0.999286 0.923364 0.926036 0.909278 0.711690 0.837005 0.694479 0.728096 0.756910 0.654552 0.743112 0.993612 0.706926 0.962851 0.921567 0.540183 0.659453 0.573061 0.559550 0.846072 0.946143 0.824414 0.976322 0.761146 0.866822 0.709357 0.641670 0.667421 0.728788 0.934924 0.914917 0.808359 0.631446 0.952829 0.900841 0.769215 0.857226 0.957798 0.838655 0.810921 0.991910
0.476794 0.362115 0.691004 0.804966 0.819334 0.798355 0.889584 0.690376 0.914382 0.690363 0.642218 0.462319 0.815769 0.656657 0.660872 0.816789 0.000000 0.337407 0.510065 0.399093 0.765878 0.929958 0.762650 0.741896 0.747643 0.659994 0.985840 0.927600 0.382749 0.390998 0.964649 0.894018 0.802157 0.778219 0.773205 0.867938 0.866591 0.972018 0.733951 0.926536 0.797446 0.805577 0.886053 0.792689 0.756228 0.621248 0.789170 0.720783 0.524319 0.574427 0.699043 0.654112 0.794588 0.976893 0.838085 0.798983 0.373566 0.385220 0.841121 0.684032 0.991413 0.773462 0.594646 0.464647 0.758883 0.761583 0.790379 0.822685 0.636573 0.487421 0.892019 0.995684 0.923753 0.901231 0.764615 0.856334 0.765946 0.934849 0.630091 0.600686 0.370669 0.457607 0.649893 0.677463 0.823243 0.861067 0.993028 0.944930 0.842839 0.873359 0.858315 0.859954 0.822878 0.659959 0.989606 0.962545 0.899078 0.992170 0.828895 0.685556 0.998492 0.854661 0.842012 0.753009 0.927834 0.940130 0.934883 0.772637 0.959722 0.930045 0.938960 0.725107 0.569759 0.771757 0.899039 0.838854
0.488842 0.334321 0.713991 0.873400 0.864610 0.795923 0.922052 0.679271 0.864010 0.695776 0.699910 0.523545 0.935526 0.632831 0.672424 0.847980 0.337407 0.000000 0.458879 0.380478 0.835789 0.986401 0.696105 0.807322 0.820170 0.727408 0.976535 0.924525 0.420145 0.394001 0.967279 0.838587 0.759499 0.734463 0.800316 0.998725 0.796497 0.967401 0.817986 0.953709 0.758021 0.786585 0.816269 0.706319 0.646715 0.561390 0.711863 0.667120 0.492124 0.581296 0.692780 0.671143 0.791574 0.989174 0.826292 0.759759 0.324908 0.360534 0.891652 0.739285 0.929487 0.816989 0.624891 0.509895 0.801702 0.795134 0.857012 0.900753 0.639100 0.547674 0.926602 0.978947 0.907749 0.869337 0.815849 0.907539 0.750935 0.898863 0.689539 0.548066 0.361813 0.420371 0.558611 0.629160 0.758974 0.959677 0.992098 0.981221 0.890323 0.854777 0.880037 0.866484 0.893004 0.674237 0.922839 0.966087 0.902539 0.899201 0.829099 0.722507 0.891505 0.863691 0.900344 0.779087 0.885805 0.939881 0.931636 0.778398 0.963366 0.949683 0.897407 0.663249 0.527980 0.721208 0.946649 0.794946
0.470504 0.484180 0.870459 0.968333 0.915925 0.978317 0.866928 0.596144 0.918258 0.609754 0.709167 0.499084 0.678627 0.499701 0.568817 0.642485 0.510065 0.458879 0.000000 0.443222 0.991047 0.974015 0.503715 0.839292 0.792846 0.751727 0.948967 0.990128 0.438190 0.464058 0.863731 0.801087 0.619322 0.610684 0.829273 0.983470 0.813401 0.915685 0.822613 0.953529 0.961990 0.778091 0.800598 0.732190 0.766764 0.622248 0.626210 0.653021 0.571455 0.566759 0.636775 0.613329 0.776484 0.895245 0.885577 0.937925 0.492259 0.494517 0.709722 0.642088 0.861607 0.825653 0.527221 0.537128 0.861319 0.827967 0.927389 0.907012 0.544648 0.521747 0.896419 0.872695 0.740149 0.819023 0.863988 0.954504 0.803614 0.891785 0.753073 0.621017 0.538245 0.538353 0.689634 0.842082 0.782635 0.954334 0.866746 0.934558 0.874087 0.857858 0.954541 0.986892 0.860858 0.753593 0.994458 0.829705 0.991545 0.840322 0.746251 0.606745 0.993771 0.927025 0.831611 0.756003 0.838080 0.878665 0.951390 0.814070 0.950992 0.969315 0.899851 0.746090 0.539485 0.737891 0.977238 0.891664
0.454372 0.382634 0.722410 0.859112 0.854080 0.769307 0.895471 0.696255 0.936959 0.731817 0.623929 0.478923 0.814271 0.590607 0.647316 0.819778 0.399093 0.380478 0.443222 0.000000 0.735962 0.978000 0.696334 0.777659 0.715785 0.681003 0.888871 0.946853 0.472981 0.450013 0.995951 0.970599 0.783991 0.809293 0.783661 0.976021 0.817074 0.870184 0.843613 0.931898 0.886441 0.673650 0.840843 0.803525 0.765765 0.652521 0.788135 0.696607 0.553850 0.541144 0.698566 0.665473 0.757787 0.952280 0.864423 0.945577 0.356215 0.382853 0.781248 0.675703 0.997202 0.764680 0.660530 0.537541 0.798344 0.779440 0.846040 0.862465 0.502540 0.541458 0.912043 0.997483 0.869492 0.969566 0.809790 0.900025 0.719821 0.899634 0.795066 0.731315 0.516659 0.539860 0.703593 0.760277 0.857492 0.857946 0.936056 0.909668 0.907742 0.830159 0.902856 0.927012 0.909413 0.722214 0.942971 0.955278 0.981025 0.859343 0.777200 0.638949 0.971586 0.918199 0.806665 0.755386 0.823418 0.873974 0.937264 0.948580 0.978692 0.945322 0.788396 0.678210 0.557243 0.705402 0.969108 0.939350
0.853428 0.738409 0.653074 0.688934 0.992032 0.670866 0.684147 0.948133 0.937988 0.904545 0.882889 0.839482 0.938958 0.923012 0.975136 0.901454 0.765878 0.835789 0.991047 0.735962 0.000000 0.976550 0.792007 0.675793 0.655692 0.625786 0.826291 0.963351 0.783049 0.832466 0.726066 0.767039 0.852971 0.861632 0.773562 0.856243 0.885396 0.972403 0.763046 0.921220 0.919458 0.883853 0.974756 0.964445 0.968177 0.891603 0.825859 0.975315 0.763465 0.736626 0.954783 0.883011 0.947228 0.991823 0.943220 0.972510 0.764529 0.707837 0.893404 0.951071 0.872426 0.951191 0.987133 0.828577 0.715665 0.661269 0.732489 0.758226 0.837099 0.844432 0.783089 0.895211 0.774327 0.744682 0.978358 0.789480 0.890106 0.947304 0.993982 0.953644 0.982993 0.919258 0.989940 0.930323 0.838443 0.685849 0.951292 0.659947 0.930000 0.961674 0.895593 0.957883 0.871280 0.952039 0.928726 0.860736 0.949988 0.857814 0.885686 0.812386 0.920948 0.929099 0.808760 0.886122 0.995278 0.836573 0.739139 0.922825 0.855530 0.965992 0.904849 0.784650 0.892031 0.880483 0.969645 0.891976
0.941100 0.918806 0.884567 0.821358 0.966619 0.914128 0.919867 0.953310 0.987771 0.963334 0.957346 0.877934 0.981041 0.883534 0.939879 0.897192 0.929958 0.986401 0.974015 0.978000 0.976550 0.000000 0.877798 0.865883 0.932561 0.797919 0.848335 0.927641 0.994222 0.987726 0.759404 0.883557 0.833344 0.883374 0.873149 0.863775 0.809708 0.697542 0.891285 0.937717 0.969378 0.834157 0.879948 0.912408 0.939878 0.982943 0.950388 0.900105 0.884344 0.920251 0.904596 0.944480 0.874073 0.814463 0.934111 0.886632 0.914247 0.868829 0.948248 0.910656 0.989641 0.821248 0.966312 0.941867 0.996726 0.999348 0.880132 0.909457 0.975326 0.954777 0.843098 0.921328 0.914157 0.851422 0.965773 0.912468 0.912584 0.806491 0.926489 0.965884 0.974396 0.984449 0.929389 0.888552 0.921114 0.962346 0.983054 0.817442 0.982086 0.988832 0.790345 0.818073 0.848906 0.856160 0.940521 0.840374 0.996766 0.885931 0.912857 0.934592 0.916551 0.815741 0.672321 0.808498 0.840568 0.905271 0.976199 0.857793 0.931260 0.916013 0.899495 0.858994 0.992990 0.853562 0.946573 0.805338
0.616533 0.720248 0.926349 0.828935 0.828083 0.928989 0.703150 0.572006 0.941136 0.681017 0.811251 0.624460 0.641279 0.492806 0.668776 0.602928 0.762650 0.696105 0.503715 0.696334 0.792007 0.877798 0.000000 0.834188 0.873465 0.964883 0.951203 0.979372 0.646302 0.654188 0.759738 0.676068 0.654557 0.700837 0.924998 0.996986 0.969817 0.912452 0.928536 0.832687 0.990465 0.858588 0.915364 0.931160 0.853714 0.833243 0.743608 0.889442 0.719340 0.856237 0.855818 0.856690 0.966865 0.983210 0.898980 0.978136 0.740613 0.701196 0.835034 0.731110 0.767393 0.825721 0.627618 0.692226 0.994896 0.976364 0.976599 0.997713 0.722736 0.728523 0.808373 0.793153 0.753923 0.777960 0.869004 0.989248 0.880576 0.990318 0.794839 0.698785 0.654465 0.637292 0.714037 0.840829 0.697918 0.879139 0.986270 0.783240 0.977300 0.878966 0.997726 0.974318 0.969255 0.749002 0.896721 0.913410 0.941072 0.973208 0.847135 0.835616 0.989838 0.855688 0.959755 0.879086 0.872595 0.926321 0.923781 0.812316 0.927539 0.963917 0.925761 0.961469 0.683552 0.945916 0.852606 0.836887
0.685943 0.814514 0.811647 0.617713 0.888082 0.850058 0.949846 0.874143 0.743479 0.635969 0.677334 0.812728 0.852901 0.820137 0.992117 0.692689 0.741896 0.807322 0.839292 0.777659 0.675793 0.865883 0.834188 0.000000 0.527581 0.595030 0.678222 0.784891 0.650304 0.734520 0.944853 0.944672 0.860185 0.806024 0.850085 0.973398 0.858112 0.809238 0.590158 0.881294 0.880265 0.770943 0.939914 0.965891 0.881684 0.908728 0.888278 0.971113 0.878307 0.827480 0.847736 0.824749 0.820252 0.889657 0.898112 0.968995 0.728205 0.693529 0.601618 0.670836 0.758981 0.876492 0.582549 0.499578 0.574340 0.530019 0.912609 0.889225 0.804478 0.731053 0.866329 0.905957 0.937433 0.953012 0.987635 0.977736 0.948211 0.844845 0.906934 0.981225 0.788280 0.923067 0.816829 0.736766 0.630887 0.426298 0.857753 0.554047 0.883400 0.931125 0.893915 0.783848 0.986349 0.945115 0.957500 0.960788 0.968611 0.971502 0.650059 0.698528 0.805459 0.719188 0.498362 0.518137 0.932687 0.891334 0.758842 0.849191 0.969021 0.857897 0.851993 0.760389 0.792945 0.789613 0.775391 0.978533
0.610608 0.700432 0.640061 0.476748 0.987504 0.879778 0.982367 0.878581 0.753891 0.485825 0.675297 0.610044 0.649769 0.975254 0.821909 0.964716 0.747643 0.820170 0.792846 0.715785 0.655692 0.932561 0.873465 0.527581 0.000000 0.399346 0.716413 0.844886 0.586388 0.627385 0.931186 0.854145 0.971912 0.983144 0.641933 0.732483 0.954310 0.854478 0.578382 0.718967 0.901588 0.863547 0.792342 0.867628 0.947673 0.987992 0.752957 0.850058 0.743456 0.821291 0.968002 0.915237 0.995700 0.993244 0.828447 0.858510 0.709430 0.589320 0.609061 0.656178 0.744670 0.871853 0.616811 0.471434 0.417360 0.397994 0.697088 0.654267 0.739548 0.637110 0.970625 0.966216 0.979322 0.917719 0.894714 0.930212 0.929345 0.954541 0.871294 0.996937 0.831892 0.907257 0.903625 0.938122 0.647595 0.375962 0.932191 0.686267 0.873389 0.826373 0.992048 0.794492 0.861091 0.839818 0.949085 0.954121 0.993510 0.946581 0.666573 0.770409 0.946541 0.861925 0.666313 0.729423 0.920304 0.918844 0.819869 0.911527 0.843759 0.854371 0.918210 0.786127 0.863929 0.985807 0.993013 0.934910
0.652500 0.596720 0.460996 0.390012 0.894465 0.771283 0.717966 0.954821 0.854780 0.584771 0.797256 0.582383 0.775528 0.921800 0.771076 0.897552 0.659994 0.727408 0.751727 0.681003 0.625786 0.797919 0.964883 0.595030 0.399346 0.000000 0.822810 0.895607 0.656537 0.658018 0.709732 0.722548 0.851848 0.856972 0.529019 0.670564 0.960112 0.804524 0.551203 0.832153 0.992233 0.971383 0.783349 0.870358 0.905724 0.936988 0.759521 0.912806 0.658877 0.708801 0.964013 0.871616 0.979825 0.959626 0.838776 0.870249 0.652399 0.528443 0.796118 0.774043 0.993431 0.878621 0.775620 0.560446 0.404978 0.389735 0.478504 0.488117 0.806251 0.743848 0.854012 0.841311 0.841452 0.803349 0.915525 0.897828 0.989624 0.944512 0.945960 0.980262 0.827447 0.942646 0.967837 0.971258 0.732497 0.456600 0.970873 0.725885 0.976541 0.823013 0.751913 0.916909 0.670124 0.626816 0.867300 0.935973 0.780469 0.955264 0.858064 0.913884 0.933289 0.885692 0.915120 0.880410 0.806834 0.916225 0.798620 0.938882 0.839888 0.992680 0.961162 0.906670 0.910359 0.957073 0.992416 0.984266
0.912348 0.972031 0.966051 0.821765 0.728603 0.891888 0.818149 0.912572 0.835794 0.792069 0.858744 0.988294 0.916551 0.901271 0.932866 0.817663 0.985840 0.976535 0.948967 0.888871 0.826291 0.848335 0.951203 0.678222 0.716413 0.822810 0.000000 0.732987 0.870524 0.803197 0.781595 0.860269 0.839112 0.809579 0.975169 0.958966 0.796914 0.972430 0.785887 0.792717 0.916771 0.919139 0.978681 0.944170 0.949213 0.955411 0.937829 0.995087 0.840053 0.890965 0.988532 0.993281 0.936042 0.876599 0.857597 0.863381 0.984849 0.940856 0.846000 0.909555 0.765558 0.985620 0.762230 0.757409 0.789966 0.793515 0.970049 0.946278 0.943409 0.995416 0.836613 0.777879 0.804437 0.916109 0.989883 0.953859 0.939192 0.857053 0.977649 0.957150 0.959588 0.889024 0.819438 0.855778 0.712189 0.652056 0.868083 0.648931 0.969803 0.876344 0.857932 0.837909 0.965624 0.971076 0.832125 0.873002 0.857831 0.926468 0.740477 0.821922 0.897357 0.824652 0.635910 0.759696 0.918576 0.776761 0.809058 0.788280 0.793072 0.847686 0.887354 0.793871 0.930629 0.780124 0.923715 0.972606
0.823723 0.989880 0.905016 0.951582 0.983728 0.785027 0.778756 0.799078 0.863281 0.889630 0.826442 0.995805 0.926561 0.971341 0.954495 0.759783 0.927600 0.924525 0.990128 0.946853 0.963351 0.927641 0.979372 0.784891 0.844886 0.895607 0.732987 0.000000 0.872771 0.964139 0.840024 0.927476 0.898552 0.838286 0.900117 0.982586 0.940043 0.995564 0.779471 0.938752 0.873449 0.862416 0.954514 0.989292 0.916229 0.949753 0.899675 0.882048 0.911624 0.994117 0.952039 0.948058 0.896212 0.940787 0.954851 0.937047 0.882316 0.879668 0.874086 0.750578 0.757949 0.813353 0.811342 0.752823 0.978715 0.994973 0.916222 0.788462 0.974205 0.986321 0.843953 0.747948 0.902785 0.966378 0.855404 0.955870 0.942999 0.850207 0.977539 0.923054 0.903286 0.984649 0.919812 0.893282 0.908271 0.835290 0.855835 0.919417 0.919287 0.992703 0.829744 0.937942 0.842321 0.962236 0.619304 0.928968 0.898209 0.895516 0.760307 0.855871 0.885921 0.794838 0.717710 0.783186 0.856140 0.790858 0.839507 0.934419 0.873265 0.802179 0.972247 0.978443 0.995082 0.910847 0.961445 0.825324
0.431533 0.408354 0.733825 0.808851 0.873332 0.821199 0.918623 0.583471 0.902148 0.516388 0.614930 0.458748 0.695650 0.628142 0.645361 0.797884 0.382749 0.420145 0.438190 0.472981 0.783049 0.994222 0.646302 0.650304 0.586388 0.656537 0.870524 0.872771 0.000000 0.369083 0.836812 0.824761 0.690844 0.634776 0.783722 0.888610 0.752605 0.960372 0.705795 0.937991 0.807105 0.793649 0.883199 0.748508 0.743402 0.626510 0.811693 0.741742 0.538251 0.592231 0.681070 0.637671 0.812894 0.922992 0.822650 0.788350 0.454565 0.414116 0.654369 0.604662 0.830657 0.730776 0.459498 0.389667 0.680603 0.686793 0.835225 0.869381 0.583623 0.440401 0.885669 0.948932 0.808744 0.842568 0.842279 0.928191 0.754310 0.841308 0.665309 0.605844 0.415793 0.548795 0.721284 0.743482 0.900333 0.796819 0.914650 0.918254 0.815469 0.927022 0.920929 0.997770 0.801821 0.701633 0.922764 0.896489 0.959790 0.890203 0.686248 0.645497 0.997541 0.924059 0.698351 0.680837 0.898449 0.902732 0.895740 0.869708 0.881560 0.980700 0.883617 0.655523 0.547076 0.798071 0.925703 0.778831
0.560516 0.423777 0.703121 0.810752 0.992397 0.823907 0.970526 0.645866 0.953732 0.514534 0.682326 0.559122 0.815057 0.632668 0.629103 0.811128 0.390998 0.394001 0.464058 0.450013 0.832466 0.987726 0.654188 0.734520 0.627385 0.658018 0.803197 0.964139 0.369083 0.000000 0.797785 0.733584 0.686819 0.636296 0.685897 0.948050 0.843713 0.943906 0.780153 0.963503 0.897371 0.772486 0.814057 0.709390 0.702525 0.638830 0.785881 0.746725 0.552878 0.636229 0.647092 0.609907 0.768652 0.834484 0.909669 0.886307 0.499105 0.478795 0.870660 0.751861 0.942104 0.915113 0.520959 0.459081 0.613027 0.653600 0.750980 0.815237 0.677715 0.528282 0.890071 0.968850 0.791500 0.781071 0.789597 0.982002 0.781160 0.774608 0.517527 0.519152 0.412160 0.544028 0.669258 0.762781 0.978672 0.768701 0.889652 0.878918 0.964953 0.914595 0.866649 0.974106 0.743817 0.590526 0.929411 0.921990 0.959573 0.886338 0.752893 0.692625 0.997491 0.983442 0.762859 0.719612 0.996267 0.895640 0.867113 0.913089 0.869190 0.987441 0.931912 0.707589 0.539372 0.721799 0.992434 0.847178
0.994702 0.824576 0.607639 0.700227 0.847405 0.854841 0.405286 0.575388 0.899930 0.855512 0.928137 0.811681 0.950473 0.985900 0.999957 0.838459 0.964649 0.967279 0.863731 0.995951 0.726066 0.759404 0.759738 0.944853 0.931186 0.709732 0.781595 0.840024 0.836812 0.797785 0.000000 0.441627 0.450700 0.384515 0.709984 0.694446 0.907968 0.871177 0.936414 0.993933 0.898820 0.935340 0.627498 0.690961 0.608644 0.806654 0.745109 0.829479 0.921467 0.910112 0.735154 0.808947 0.793231 0.665338 0.928900 0.970587 0.885324 0.872606 0.851962 0.868152 0.685802 0.891670 0.608041 0.814398 0.935884 0.890250 0.624825 0.568398 0.958092 0.998973 0.529728 0.592356 0.502180 0.558786 0.996162 0.984632 0.819145 0.715112 0.752389 0.795146 0.841348 0.901299 0.999946 0.959340 0.936905 0.986307 0.801474 0.997463 0.971621 0.926579 0.619876 0.721716 0.775197 0.928683 0.784126 0.996535 0.807847 0.853814 0.632497 0.710266 0.782712 0.644619 0.640586 0.667883 0.774580 0.738560 0.926449 0.807075 0.933683 0.920567 0.767331 0.824136 0.742615 0.752373 0.840642 0.881725
0.981105 0.967879 0.640396 0.632595 0.873156 0.822010 0.535850 0.609945 0.966987 0.871054 0.958960 0.905300 0.968402 0.782680 0.928059 0.966988 0.894018 0.838587 0.801087 0.970599 0.767039 0.883557 0.676068 0.944672 0.854145 0.722548 0.860269 0.927476 0.824761 0.733584 0.441627 0.000000 0.535008 0.481860 0.810404 0.751398 0.855827 0.975930 0.975136 0.992634 0.989129 0.888326 0.650636 0.655987 0.700327 0.824274 0.608829 0.797568 0.920060 0.904195 0.767896 0.802633 0.781452 0.735020 0.814529 0.909439 0.981531 0.937977 0.981034 0.939972 0.787452 0.948577 0.645885 0.839966 0.853156 0.813106 0.726768 0.651079 0.942446 0.959974 0.653235 0.653807 0.562042 0.525449 0.982802 0.983284 0.891906 0.756693 0.654020 0.652334 0.661135 0.669267 0.848071 0.899203 0.876313 0.840926 0.821292 0.875842 0.971836 0.972989 0.788132 0.885996 0.881140 0.990468 0.853157 0.977471 0.851090 0.906062 0.830217 0.835336 0.890874 0.796170 0.791859 0.753988 0.798592 0.715759 0.814802 0.987913 0.958893 0.876707 0.891059 0.797572 0.701390 0.831201 0.866270 0.924724
0.700803 0.928199 0.653921 0.798385 0.937664 0.828242 0.437639 0.498940 0.906245 0.715354 0.682186 0.911647 0.751564 0.820481 0.891408 0.941939 0.802157 0.759499 0.619322 0.783991 0.852971 0.833344 0.654557 0.860185 0.971912 0.851848 0.839112 0.898552 0.690844 0.686819 0.450700 0.535008 0.000000 0.384643 0.768238 0.677292 0.762910 0.799962 0.899229 0.896165 0.891226 0.864652 0.701826 0.732273 0.592156 0.719155 0.576293 0.697613 0.915525 0.955542 0.712964 0.789777 0.833048 0.873964 0.752481 0.850641 0.832981 0.848588 0.650229 0.660658 0.560311 0.858185 0.429264 0.597693 0.884680 0.919717 0.601010 0.596082 0.752854 0.737256 0.616734 0.676696 0.577663 0.582551 0.860761 0.942092 0.762814 0.825615 0.771369 0.769440 0.648268 0.700065 0.969816 0.990282 0.839027 0.998963 0.895129 0.961015 0.766671 0.796091 0.658268 0.716669 0.759652 0.915169 0.884254 0.994204 0.758348 0.726873 0.553019 0.539834 0.743119 0.740865 0.618939 0.623050 0.633440 0.676350 0.998091 0.890361 0.966561 0.869608 0.731955 0.696584 0.640571 0.688382 0.855158 0.930222
0.780836 0.905293 0.729510 0.794223 0.865330 0.875242 0.461760 0.516119 0.847294 0.701727 0.812783 0.959398 0.818407 0.828000 0.855803 0.959403 0.778219 0.734463 0.610684 0.809293 0.861632 0.883374 0.700837 0.806024 0.983144 0.856972 0.809579 0.838286 0.634776 0.636296 0.384515 0.481860 0.384643 0.000000 0.857153 0.723885 0.762197 0.869439 0.977458 0.977580 0.897959 0.900447 0.628552 0.590701 0.571500 0.645216 0.615622 0.627787 0.876371 0.834091 0.594044 0.650968 0.728765 0.728690 0.816225 0.837283 0.860724 0.859832 0.705377 0.686243 0.664092 0.971986 0.473753 0.630923 0.971722 0.998037 0.703771 0.645828 0.872367 0.790541 0.682355 0.717903 0.611720 0.603131 0.918746 0.992010 0.823091 0.692623 0.665147 0.659793 0.646333 0.708370 0.870052 0.931346 0.914295 0.987823 0.796890 0.965225 0.849446 0.952313 0.772527 0.813737 0.930740 0.993338 0.764027 0.997789 0.903967 0.768449 0.601986 0.625275 0.821689 0.739825 0.600942 0.625493 0.725685 0.706520 0.942660 0.961525 0.974869 0.881338 0.829133 0.716918 0.579592 0.689367 0.831328 0.801220
0.845976 0.659048 0.524010 0.583059 0.939539 0.962301 0.631565 0.794216 0.992002 0.673166 0.896719 0.694793 0.828242 0.795205 0.738741 0.657725 0.773205 0.800316 0.829273 0.783661 0.773562 0.873149 0.924998 0.850085 0.641933 0.529019 0.975169 0.900117 0.783722 0.685897 0.709984 0.810404 0.768238 0.857153 0.000000 0.717291 0.790221 0.761280 0.828208 0.924076 0.945675 0.939072 0.806881 0.944053 0.833268 0.963110 0.835724 0.919056 0.666467 0.717192 0.946244 0.847465 0.923053 0.981837 0.886875 0.970022 0.838684 0.745273 0.954984 0.966502 0.813360 0.929047 0.970985 0.841033 0.553918 0.553521 0.395626 0.393983 0.936606 0.771493 0.747931 0.696591 0.802638 0.870136 0.766559 0.886622 0.865292 0.994143 0.866105 0.789658 0.847345 0.945351 0.828457 0.909700 0.922859 0.778240 0.870861 0.856516 0.903653 0.742349 0.458608 0.707803 0.483998 0.533324 0.782720 0.970802 0.678306 0.811444 0.788596 0.846814 0.688784 0.817984 0.853580 0.822186 0.638798 0.710751 0.981044 0.729445 0.994712 0.950291 0.795921 0.791628 0.938593 0.847233 0.948923 0.945924
0.977720 0.893707 0.640468 0.613817 0.849936 0.951288 0.653758 0.785465 0.966360 0.914263 0.919399 0.779863 0.914054 0.992834 0.897459 0.793703 0.867938 0.998725 0.983470 0.976021 0.856243 0.863775 0.996986 0.973398 0.732483 0.670564 0.958966 0.982586 0.888610 0.948050 0.694446 0.751398 0.677292 0.723885 0.717291 0.000000 0.769062 0.631146 0.772292 0.980092 0.851608 0.947521 0.796421 0.854241 0.723921 0.897648 0.737289 0.834172 0.887120 0.907998 0.921935 0.994927 0.892216 0.932338 0.910855 0.937573 0.944169 0.927517 0.962379 0.955846 0.835037 0.907858 0.903245 0.983661 0.684721 0.683216 0.546142 0.549127 0.942521 0.905826 0.728486 0.852902 0.851401 0.840082 0.972954 0.773712 0.815806 0.790940 0.993538 0.935113 0.964361 0.891526 0.997351 0.936088 0.933367 0.816306 0.908906 0.936346 0.955346 0.795156 0.750960 0.882706 0.677943 0.718518 0.998655 0.934425 0.824960 0.773842 0.805412 0.756263 0.907387 0.740482 0.852799 0.819279 0.777129 0.859159 0.864730 0.796634 0.927807 0.995563 0.883726 0.872721 0.827668 0.801187 0.827866 0.952226
0.754256 0.791346 0.902803 0.861584 0.932970 0.882910 0.856215 0.792918 0.790212 0.996734 0.769158 0.891689 0.864112 0.924567 0.932838 0.923935 0.866591 0.796497 0.813401 0.817074 0.885396 0.809708 0.969817 0.858112 0.954310 0.960112 0.796914 0.940043 0.752605 0.843713 0.907968 0.855827 0.762910 0.762197 0.790221 0.769062 0.000000 0.729068 0.998351 0.888463 0.773989 0.911492 0.891894 0.755263 0.798115 0.773942 0.721174 0.695198 0.922926 0.875674 0.812159 0.850200 0.899308 0.928681 0.695411 0.862712 0.785179 0.809428 0.760161 0.824385 0.811100 0.710576 0.786735 0.811867 0.845869 0.912160 0.790071 0.781504 0.666660 0.744367 0.888983 0.984652 0.992684 0.958535 0.970336 0.800866 0.874501 0.926583 0.941515 0.945153 0.837293 0.791352 0.996777 0.930600 0.817749 0.937983 0.885411 0.973140 0.701557 0.700261 0.904156 0.909383 0.976953 0.857034 0.877876 0.914877 0.930004 0.786682 0.741986 0.748963 0.972480 0.925842 0.672817 0.725959 0.854804 0.797669 0.880845 0.939326 0.815165 0.728113 0.712996 0.624458 0.832818 0.760812 0.693681 0.932332
0.865041 0.979022 0.787709 0.799295 0.995310 0.985105 0.870170 0.899197 0.954672 0.794051 0.883254 0.937951 0.976808 0.963570 0.987213 0.778850 0.972018 0.967401 0.915685 0.870184 0.972403 0.697542 0.912452 0.809238 0.854478 0.804524 0.972430 0.995564 0.960372 0.943906 0.871177 0.975930 0.799962 0.869439 0.761280 0.631146 0.729068 0.000000 0.836639 0.886327 0.837352 0.748216 0.906652 0.944002 0.919315 0.988386 0.900189 0.841453 0.882172 0.963884 0.961711 0.969344 0.941161 0.985999 0.901992 0.987303 0.925557 0.970744 0.901605 0.969963 0.898979 0.897643 0.921489 0.977124 0.803564 0.816845 0.731249 0.736601 0.745232 0.990037 0.771703 0.927113 0.797592 0.863971 0.965758 0.963440 0.965445 0.901618 0.879220 0.924884 0.969744 0.895340 0.884587 0.781303 0.931442 0.944573 0.965865 0.835096 0.890342 0.799725 0.836933 0.843054 0.784619 0.674542 0.994711 0.833086 0.889124 0.807323 0.909589 0.839304 0.815325 0.901640 0.800660 0.782217 0.852246 0.964306 0.988080 0.901857 0.986137 0.925714 0.873999 0.797332 0.857491 0.641530 0.848189 0.986740
