0.000000 0.415256 0.909280 0.991166 0.957637 0.920448 0.810323 0.660141 0.990349 0.651239 0.602172 0.541068 0.990729 0.842082 0.984012 0.831536 0.461346 0.510845 0.626644 0.585462 0.947710 0.997823 0.892404 0.928130 0.763358 0.805173 0.888143 0.822112 0.655278 0.618309 0.970694 0.914063 0.629134 0.634055 0.938806 0.998467 0.831201 0.757330 0.945371 0.947312 0.789098 0.930642 0.808285 0.677712 0.690401 0.705232 0.838647 0.789254 0.631254 0.779257 0.658843 0.823317 0.910535 0.917694 0.943238 0.882791 0.399595 0.423890 0.651172 0.848187 0.728794 0.818134 0.497831 0.463299 0.734133 0.887403 0.867584 0.844941 0.604344 0.676663 0.676972 0.749797 0.816607 0.730355 0.904842 0.945778 0.748699 0.703248 0.863721 0.877792 0.533854 0.571112 0.907303 0.760658 0.949858 0.968937 0.998188 0.897288 0.817365 0.954155 0.737419 0.758843 0.838996 0.939722 0.915366 0.877778 0.767220 0.872182 0.507614 0.640680 0.772703 0.946845 0.666549 0.571878 0.868508 0.992385 0.952117 0.823790 0.978879 0.879500 0.728204 0.764828 0.744394 0.961935 0.997952 0.908079
0.415256 0.000000 0.700171 0.890549 0.945198 0.987332 0.953477 0.759387 0.816411 0.730442 0.710049 0.529292 0.829077 0.858244 0.789022 0.976900 0.491571 0.484441 0.694309 0.525423 0.926030 0.909897 0.774506 0.856846 0.766794 0.693218 0.948860 0.794819 0.693467 0.603412 0.919192 0.926305 0.673693 0.674172 0.912994 0.902961 0.861693 0.717948 0.867468 0.931922 0.802054 0.747356 0.915977 0.737345 0.766144 0.713853 0.975885 0.895940 0.658054 0.785702 0.743689 0.879015 0.896667 0.887113 0.969851 0.823791 0.361630 0.329519 0.800238 0.803994 0.874012 0.771997 0.632609 0.457978 0.627072 0.883191 0.954901 0.892574 0.629611 0.620212 0.660625 0.785818 0.823342 0.703058 0.969108 0.955080 0.788616 0.720856 0.857510 0.878727 0.529403 0.606842 0.883364 0.746060 0.801834 0.933278 0.983980 0.936618 0.653205 0.924686 0.816885 0.832176 0.902953 0.995713 0.900565 0.876893 0.771793 0.823515 0.579691 0.731536 0.682873 0.985797 0.724783 0.609243 0.957952 0.917215 0.984441 0.892600 0.997016 0.880526 0.749209 0.739931 0.734150 0.957100 0.976565 0.913904
0.909280 0.700171 0.000000 0.490264 0.841498 0.975224 0.479647 0.833865 0.561708 0.986426 0.970293 0.685327 0.794314 0.938465 0.687138 0.992685 0.865437 0.776085 0.811307 0.788124 0.909766 0.862436 0.465779 0.699036 0.564964 0.540772 0.912556 0.784223 0.903567 0.768120 0.533883 0.747018 0.688470 0.780592 0.622585 0.979409 0.861887 0.947538 0.685613 0.888964 0.892226 0.860536 0.720047 0.918714 0.894263 0.981809 0.691345 0.786251 0.809298 0.957938 0.905355 0.825267 0.700489 0.682335 0.737132 0.933213 0.750910 0.703914 0.715352 0.954370 0.741554 0.911413 0.989217 0.711046 0.410847 0.613502 0.526085 0.675141 0.958567 0.879785 0.942365 0.944301 0.932415 0.965472 0.809886 0.825568 0.722269 0.797364 0.892569 0.978059 0.809510 0.871461 0.938544 0.770786 0.554301 0.705823 0.972346 0.890892 0.757514 0.847853 0.875960 0.834822 0.779128 0.643996 0.984351 0.921899 0.972785 0.832667 0.935329 0.948693 0.769917 0.841694 0.997654 0.809264 0.828852 0.590273 0.945673 0.837358 0.998104 0.971482 0.984395 0.910533 0.946290 0.936596 0.819476 0.932434
0.991166 0.890549 0.490264 0.000000 0.942529 0.941460 0.616103 0.731220 0.682369 0.946115 0.847245 0.848501 0.996501 0.972830 0.835975 0.883214 0.899247 0.772630 0.780705 0.967994 0.942676 0.994845 0.485909 0.539881 0.552867 0.583680 0.940050 0.820995 0.813694 0.746321 0.542312 0.718951 0.711209 0.883834 0.670420 0.975568 0.668588 0.770100 0.719485 0.887081 0.816571 0.974751 0.835772 0.955238 0.844059 0.779955 0.833127 0.914903 0.696734 0.905069 0.924272 0.964751 0.799416 0.625625 0.711836 0.961488 0.892677 0.868909 0.758302 0.901048 0.868951 0.935037 0.960494 0.854549 0.576133 0.611516 0.669934 0.821718 0.950365 0.893016 0.762875 0.741568 0.695266 0.885603 0.872370 0.858368 0.730850 0.833013 0.803892 0.974220 0.982746 0.981441 0.913579 0.918619 0.666315 0.675980 0.930613 0.885564 0.913809 0.794206 0.816180 0.780964 0.712906 0.646039 0.834475 0.984994 0.959821 0.937336 0.916043 0.991774 0.914243 0.730144 0.914848 0.961920 0.775526 0.691504 0.943516 0.779088 0.933039 0.974973 0.938206 0.939408 0.858689 0.903014 0.928768 0.993770
0.957637 0.945198 0.841498 0.942529 0.000000 0.729496 0.855949 0.991417 0.895532 0.910497 0.788585 0.930862 0.751739 0.987031 0.879504 0.880248 0.955785 0.976926 0.953833 0.933891 0.890244 0.893860 0.904952 0.967614 0.996654 0.941279 0.906347 0.982176 0.906902 0.994936 0.938985 0.899429 0.852897 0.867726 0.813383 0.868715 0.894589 0.888369 0.976820 0.958163 0.961810 0.865215 0.946666 0.884752 0.754259 0.790080 0.934715 0.767065 0.988400 0.869866 0.991387 0.895911 0.942234 0.959977 0.973236 0.870898 0.925813 0.909288 0.844544 0.880237 0.758543 0.944154 0.977612 0.874911 0.851178 0.816218 0.709476 0.644543 0.980520 0.979307 0.938748 0.828477 0.956096 0.933545 0.974860 0.971814 0.842993 0.921777 0.975134 0.874563 0.984826 0.965985 0.945340 0.892719 0.825046 0.867893 0.962209 0.930092 0.877519 0.833854 0.954292 0.928924 0.926809 0.855673 0.954256 0.917607 0.932390 0.991856 0.922621 0.935076 0.971502 0.930269 0.933917 0.783203 0.919472 0.973973 0.925346 0.991219 0.943777 0.951137 0.821192 0.989969 0.971037 0.962118 0.982287 0.737938
0.920448 0.987332 0.975224 0.941460 0.729496 0.000000 0.838922 0.805930 0.886252 0.761533 0.780462 0.798755 0.779196 0.995207 0.967716 0.881793 0.940802 0.962370 0.963135 0.904318 0.953997 0.882507 0.836354 0.811938 0.820226 0.859942 0.819206 0.983875 0.922000 0.952083 0.939989 0.826022 0.936094 0.975832 0.967071 0.836755 0.958334 0.853894 0.994963 0.961175 0.988623 0.880386 0.903036 0.976813 0.794295 0.759367 0.933733 0.929270 0.816455 0.866137 0.875664 0.885051 0.799803 0.925348 0.973354 0.927485 0.972910 0.988462 0.784631 0.909480 0.701565 0.786203 0.879315 0.900096 0.869683 0.973811 0.936695 0.881541 0.935234 0.962736 0.957723 0.906115 0.999616 0.981958 0.933991 0.962533 0.905198 0.974847 0.991346 0.900753 0.922256 0.965767 0.873813 0.925397 0.932758 0.885938 0.995615 0.961628 0.952177 0.885447 0.838474 0.856684 0.824767 0.908344 0.942735 0.988040 0.890905 0.842137 0.794209 0.954425 0.794401 0.868625 0.947534 0.972883 0.944182 0.934017 0.891775 0.964325 0.956521 0.976589 0.876988 0.907570 0.832919 0.942941 0.967478 0.808138
0.810323 0.953477 0.479647 0.616103 0.855949 0.838922 0.000000 0.583453 0.638078 0.626927 0.680860 0.976253 0.683705 0.873864 0.715128 0.823884 0.863538 0.943722 0.575956 0.948938 0.979019 0.907733 0.602735 0.762436 0.927920 0.878502 0.836598 0.987520 0.899520 0.932900 0.626612 0.760667 0.632098 0.597835 0.800226 0.926331 0.955567 0.932536 0.778314 0.983046 0.933962 0.893659 0.636518 0.772469 0.719281 0.826501 0.649218 0.728010 0.999338 0.991879 0.839849 0.935701 0.701353 0.675415 0.855672 0.908520 0.972890 0.936183 0.626087 0.923464 0.674750 0.923494 0.600549 0.956811 0.790276 0.942343 0.504757 0.723984 0.933135 0.963196 0.765332 0.780514 0.725749 0.798369 0.805589 0.727024 0.641498 0.796756 0.787906 0.858339 0.918150 0.835336 0.921789 0.958604 0.638694 0.823001 0.964909 0.902002 0.941201 0.940641 0.623689 0.578874 0.618197 0.631802 0.965246 0.907712 0.860092 0.885445 0.757019 0.694313 0.974610 0.671724 0.769817 0.870381 0.863807 0.690639 0.944756 0.723143 0.983701 0.925018 0.869316 0.906466 0.866780 0.995259 0.938868 0.924049
0.660141 0.759387 0.833865 0.731220 0.991417 0.805930 0.583453 0.000000 0.800595 0.540241 0.681066 0.588669 0.771569 0.717349 0.969631 0.724143 0.799359 0.921013 0.624720 0.824591 0.792886 0.980802 0.963831 0.997102 0.813946 0.917840 0.736959 0.846583 0.839732 0.802186 0.864088 0.942268 0.802482 0.732334 0.982664 0.909348 0.883335 0.958587 0.874225 0.879308 0.946959 0.899181 0.832140 0.800516 0.840525 0.828025 0.890230 0.851461 0.839396 0.995630 0.747582 0.977403 0.781148 0.726760 0.954816 0.999444 0.786558 0.810633 0.659437 0.800080 0.665379 0.664258 0.623571 0.653941 0.868428 0.970564 0.850281 0.906977 0.797436 0.817087 0.624048 0.799627 0.695656 0.736046 0.944750 0.942875 0.748087 0.927697 0.896071 0.984414 0.874305 0.917085 0.840041 0.924059 0.858885 0.757500 0.945839 0.825506 0.878611 0.922124 0.502564 0.508557 0.623418 0.667464 0.903855 0.957223 0.735414 0.839839 0.640906 0.717313 0.687315 0.571095 0.725540 0.626995 0.943315 0.823435 0.959413 0.789272 0.965812 0.891412 0.865920 0.835195 0.762697 0.859041 0.997306 0.987650
0.990349 0.816411 0.561708 0.682369 0.895532 0.886252 0.638078 0.800595 0.000000 0.863740 0.942576 0.863573 0.810203 0.860124 0.795103 0.805278 0.958263 0.871155 0.974517 0.870376 0.951624 0.801316 0.799865 0.907026 0.817564 0.657806 0.929454 0.803584 0.993915 0.821037 0.759554 0.995731 0.965911 0.952913 0.777415 0.853032 0.734881 0.978512 0.774525 0.842743 0.861019 0.978619 0.795460 0.875284 0.843069 0.944419 0.661102 0.781199 0.944318 0.795541 0.712376 0.718741 0.587754 0.682820 0.831108 0.976146 0.863147 0.856613 0.591988 0.726987 0.639635 0.849871 0.976025 0.966786 0.620185 0.700955 0.750143 0.856665 0.915086 0.940557 0.931471 0.969487 0.986122 0.972089 0.836353 0.914907 0.815253 0.991389 0.962108 0.877179 0.906438 0.830183 0.882574 0.993115 0.848904 0.973970 0.879690 0.843396 0.686644 0.769807 0.755145 0.824332 0.729497 0.825680 0.869017 0.941157 0.925478 0.924286 0.914395 0.873477 0.969260 0.945661 0.867189 0.921052 0.849443 0.693763 0.889307 0.797406 0.910815 0.990451 0.936740 0.984334 0.923151 0.978225 0.840725 0.891811
0.651239 0.730442 0.986426 0.946115 0.910497 0.761533 0.626927 0.540241 0.863740 0.000000 0.526620 0.648084 0.737793 0.784597 0.977573 0.797788 0.670925 0.681726 0.643771 0.750897 0.898798 0.970092 0.865592 0.829038 0.601891 0.674053 0.737859 0.793390 0.701811 0.607393 0.983465 0.991673 0.903110 0.686433 0.928891 0.884273 0.984201 0.947731 0.911983 0.854364 0.983675 0.996895 0.678609 0.636528 0.623201 0.618513 0.848537 0.762783 0.632210 0.896461 0.746390 0.986349 0.948156 0.967281 0.869605 0.942569 0.724708 0.793220 0.765731 0.973324 0.767748 0.911282 0.569336 0.621397 0.676937 0.684508 0.882645 0.978087 0.912181 0.863727 0.679312 0.769117 0.828161 0.743127 0.984929 0.839559 0.733350 0.955278 0.939595 0.978131 0.778262 0.795526 0.836886 0.877103 0.836215 0.748958 0.929182 0.871019 0.788325 0.738490 0.502870 0.579109 0.679776 0.869851 0.892883 0.957727 0.791882 0.864982 0.547291 0.619685 0.707742 0.805880 0.594782 0.631240 0.977829 0.976634 0.993932 0.791574 0.987948 0.997206 0.872324 0.705364 0.694849 0.867405 0.971996 0.898446
0.602172 0.710049 0.970293 0.847245 0.788585 0.780462 0.680860 0.681066 0.942576 0.526620 0.000000 0.605952 0.668343 0.748761 0.781328 0.850279 0.579661 0.561743 0.627381 0.649981 0.927298 0.896212 0.858386 0.808477 0.617865 0.654722 0.880361 0.759208 0.556643 0.519281 0.961037 0.993246 0.799867 0.649916 0.842980 0.941953 0.868699 0.833322 0.984405 0.883288 0.950619 0.967262 0.790604 0.683142 0.589979 0.631422 0.860485 0.750099 0.658567 0.805407 0.856659 0.937858 0.927881 0.973008 0.868409 0.990925 0.662838 0.708140 0.782637 0.991534 0.708286 0.951502 0.554034 0.655062 0.763366 0.775975 0.854439 0.879058 0.835591 0.780277 0.826260 0.967259 0.865418 0.816009 0.952471 0.825547 0.858861 0.825692 0.932845 0.819833 0.724283 0.672580 0.953956 0.843426 0.978660 0.827659 0.923557 0.918114 0.885873 0.673424 0.724223 0.730401 0.871868 0.951619 0.993696 0.980853 0.871136 0.992699 0.546104 0.632409 0.863617 0.882232 0.799543 0.793323 0.874699 0.995400 0.887775 0.918692 0.999547 0.879243 0.821327 0.748121 0.711556 0.926072 0.986362 0.960351
0.541068 0.529292 0.685327 0.848501 0.930862 0.798755 0.976253 0.588669 0.863573 0.648084 0.605952 0.000000 0.847078 0.671579 0.911909 0.738623 0.644345 0.664559 0.772805 0.692058 0.832337 0.919363 0.659176 0.721743 0.548926 0.565542 0.730053 0.711435 0.750650 0.593786 0.766026 0.867817 0.902313 0.866801 0.728480 0.961511 0.965480 0.911687 0.867652 0.873119 0.981121 0.843929 0.956417 0.861046 0.859039 0.785900 0.929425 0.906570 0.697853 0.956874 0.821091 0.968611 0.986666 0.997299 0.866710 0.922802 0.564283 0.561652 0.836583 0.812273 0.769130 0.680952 0.572433 0.425700 0.532644 0.734626 0.874820 0.952339 0.719147 0.774881 0.767619 0.941540 0.852095 0.818087 0.963306 0.901024 0.951656 0.932028 0.968475 0.974340 0.706552 0.740648 0.994974 0.685055 0.658744 0.663611 0.999015 0.953907 0.835450 0.791493 0.741518 0.770278 0.897931 0.970934 0.912075 0.970890 0.779155 0.830146 0.621398 0.780543 0.686918 0.873165 0.838134 0.618326 0.938849 0.867294 0.933913 0.961022 0.919787 0.882033 0.796141 0.807702 0.725105 0.860232 0.925270 0.962985
0.990729 0.829077 0.794314 0.996501 0.751739 0.779196 0.683705 0.771569 0.810203 0.737793 0.668343 0.847078 0.000000 0.813604 0.698261 0.784233 0.978013 0.967348 0.950580 0.905409 0.972259 0.965292 0.982187 0.875912 0.802909 0.910457 0.933077 0.927790 0.904599 0.895054 0.978304 0.869940 0.957956 0.904335 0.909900 0.955207 0.913423 0.827596 0.990990 0.982747 0.866733 0.813531 0.897442 0.874057 0.776980 0.818815 0.848015 0.821644 0.911697 0.917646 0.912231 0.964180 0.822054 0.935830 0.894591 0.967851 0.836763 0.829116 0.769616 0.977372 0.657419 0.914815 0.802031 0.971541 0.940291 0.938380 0.870854 0.904795 0.901185 0.902802 0.963506 0.931079 0.986827 0.938206 0.875159 0.825236 0.941610 0.976144 0.941958 0.961612 0.834646 0.917951 0.916334 0.888426 0.938300 0.865461 0.956722 0.904162 0.799928 0.843661 0.800534 0.852358 0.852919 0.871480 0.874225 0.972153 0.979787 0.985753 0.860229 0.938427 0.902690 0.862648 0.992878 0.990179 0.922664 0.954934 0.990396 0.973186 0.897586 0.920106 0.902990 0.932450 0.882545 0.925351 0.928884 0.898256
0.842082 0.858244 0.938465 0.972830 0.987031 0.995207 0.873864 0.717349 0.860124 0.784597 0.748761 0.671579 0.813604 0.000000 0.828312 0.722775 0.746732 0.749413 0.617554 0.693825 0.780756 0.951371 0.923557 0.917603 0.867010 0.751842 0.889598 0.694511 0.709420 0.645643 0.973647 0.856184 0.885429 0.903089 0.717789 0.977203 0.927326 0.937422 0.969195 0.840245 0.867822 0.979743 0.806248 0.847038 0.961038 0.969677 0.980660 0.895673 0.966187 0.759293 0.834392 0.692699 0.826330 0.947128 0.816758 0.931463 0.813319 0.871324 0.850012 0.792172 0.808937 0.881395 0.713040 0.855739 0.793346 0.735662 0.886099 0.799241 0.914957 0.935517 0.814360 0.942974 0.841175 0.786332 0.969849 0.894099 0.973578 0.922533 0.851649 0.814906 0.832481 0.788179 0.906690 0.956639 0.943872 0.873170 0.948258 0.852444 0.783406 0.654327 0.847461 0.869526 0.964020 0.993793 0.892276 0.880211 0.943452 0.986291 0.810035 0.795819 0.886001 0.776669 0.875974 0.755799 0.824742 0.747183 0.969469 0.946368 0.969340 0.845861 0.934641 0.849829 0.845778 0.879687 0.980131 0.859956
0.984012 0.789022 0.687138 0.835975 0.879504 0.967716 0.715128 0.969631 0.795103 0.977573 0.781328 0.911909 0.698261 0.828312 0.000000 0.779505 0.925118 0.929667 0.819428 0.970333 0.978170 0.903609 0.736080 0.817501 0.860795 0.804453 0.895256 0.898238 0.781129 0.912822 0.812974 0.840796 0.853573 0.906509 0.945686 0.898298 0.968280 0.889076 0.763801 0.782072 0.928881 0.813527 0.655445 0.766263 0.851252 0.923157 0.645687 0.621897 0.962423 0.905953 0.956789 0.894303 0.864740 0.963756 0.939257 0.974104 0.911437 0.831765 0.900052 0.841402 0.895681 0.793565 0.882265 0.863385 0.689084 0.894003 0.866071 0.934813 0.975339 0.804393 0.856229 0.919035 0.970166 0.859657 0.978159 0.848057 0.994826 0.850936 0.894408 0.805290 0.989178 0.943554 0.896868 0.997304 0.654269 0.835125 0.926746 0.927535 0.781095 0.995260 0.938798 0.927127 0.968581 0.921211 0.860827 0.979812 0.865641 0.872865 0.963197 0.862442 0.803496 0.927913 0.984126 0.848459 0.961576 0.816936 0.969988 0.857360 0.988597 0.933913 0.943530 0.932839 0.994515 0.964932 0.835559 0.925332
0.831536 0.976900 0.992685 0.883214 0.880248 0.881793 0.823884 0.724143 0.805278 0.797788 0.850279 0.738623 0.784233 0.722775 0.779505 0.000000 0.896833 0.956897 0.821883 0.850598 0.932318 0.896345 0.942022 0.860217 0.921142 0.991481 0.800969 0.938171 0.911408 0.835210 0.963678 0.862291 0.915178 0.957485 0.868042 0.839239 0.838579 0.987855 0.940330 0.837957 0.977180 0.988643 0.921345 0.969926 0.961639 0.957425 0.845666 0.851612 0.880545 0.946685 0.795529 0.983593 0.822243 0.874193 0.956697 0.913212 0.940335 0.926550 0.890676 0.973631 0.915219 0.959682 0.730261 0.796073 0.858232 0.824685 0.816882 0.733460 0.875893 0.923461 0.852369 0.905803 0.809846 0.868652 0.937270 0.931969 0.928777 0.949728 0.992421 0.989636 0.892818 0.855970 0.916777 0.723980 0.980835 0.928452 0.963217 0.830781 0.973996 0.959218 0.862723 0.994835 0.931277 0.946341 0.963976 0.948384 0.914699 0.961039 0.870784 0.904138 0.925016 0.953475 0.888911 0.800592 0.983406 0.923056 0.823783 0.926335 0.987182 0.941762 0.937981 0.924053 0.946525 0.994267 0.964473 0.957379
0.461346 0.491571 0.865437 0.899247 0.955785 0.940802 0.863538 0.799359 0.958263 0.670925 0.579661 0.644345 0.978013 0.746732 0.925118 0.896833 0.000000 0.359329 0.519833 0.498363 0.975440 0.981863 0.933228 0.909142 0.749259 0.705693 0.947100 0.794056 0.493100 0.499854 0.989017 0.844882 0.673663 0.636379 0.825605 0.982117 0.941689 0.917191 0.888315 0.950583 0.886475 0.884068 0.673969 0.640661 0.741293 0.795782 0.871362 0.825925 0.720871 0.877546 0.853094 0.985598 0.881642 0.885074 0.921404 0.930400 0.364015 0.452993 0.884115 0.938043 0.973235 0.909201 0.538025 0.532294 0.710723 0.734215 0.907181 0.978515 0.652611 0.684047 0.705908 0.750815 0.830196 0.764889 0.853001 0.855311 0.841891 0.770869 0.754165 0.723238 0.437333 0.548669 0.785975 0.739392 0.960847 0.950679 0.980741 0.943281 0.712074 0.853807 0.782139 0.802681 0.919829 0.956767 0.926267 0.876620 0.835639 0.964867 0.569526 0.555452 0.791977 0.982576 0.634908 0.656622 0.967292 0.873341 0.931641 0.929125 0.941345 0.854636 0.746263 0.730069 0.668087 0.990263 0.935443 0.943554
0.510845 0.484441 0.776085 0.772630 0.976926 0.962370 0.943722 0.921013 0.871155 0.681726 0.561743 0.664559 0.967348 0.749413 0.929667 0.956897 0.359329 0.000000 0.578432 0.452025 0.918155 0.951707 0.860387 0.880970 0.714074 0.606156 0.977886 0.761227 0.468410 0.448492 0.909815 0.846793 0.732179 0.668640 0.786906 0.981331 0.976978 0.972151 0.799654 0.873887 0.931309 0.920074 0.731718 0.643811 0.709151 0.737514 0.881188 0.786810 0.696981 0.861442 0.919102 0.985534 0.808060 0.776763 0.824642 0.982216 0.384604 0.450155 0.979384 0.872190 0.972716 0.875981 0.585273 0.587081 0.667530 0.715521 0.949050 0.966098 0.683333 0.704744 0.801467 0.870951 0.896070 0.752263 0.957892 0.869773 0.855706 0.740432 0.788930 0.754571 0.447605 0.513078 0.789302 0.769173 0.951704 0.931446 0.916127 0.968703 0.639155 0.800322 0.882884 0.864526 0.992576 0.901855 0.926913 0.860621 0.902487 0.983241 0.608288 0.597201 0.827864 0.920453 0.661848 0.700462 0.900264 0.796175 0.991577 0.921983 0.921054 0.922140 0.751115 0.661827 0.694924 0.961179 0.966590 0.957061
0.626644 0.694309 0.811307 0.780705 0.953833 0.963135 0.575956 0.624720 0.974517 0.643771 0.627381 0.772805 0.950580 0.617554 0.819428 0.821883 0.519833 0.578432 0.000000 0.560192 0.976887 0.993827 0.706817 0.783764 0.998222 0.862926 0.871453 0.845563 0.620273 0.600098 0.786172 0.651484 0.563936 0.568898 0.970361 0.995194 0.978663 0.963752 0.976620 0.903909 0.924821 0.977549 0.602829 0.705790 0.824948 0.890146 0.808546 0.748002 0.971075 0.936818 0.985187 0.877196 0.961735 0.937359 0.976535 0.941487 0.604257 0.705204 0.894852 0.823822 0.980132 0.823349 0.524454 0.767130 0.937404 0.863280 0.698585 0.902074 0.765090 0.853832 0.614777 0.736727 0.615224 0.645538 0.903085 0.749802 0.716647 0.697662 0.679974 0.688771 0.566123 0.569040 0.866797 0.870158 0.777034 0.894728 0.902806 0.982726 0.721332 0.804263 0.689399 0.653927 0.785124 0.844793 0.882540 0.824513 0.835129 0.892982 0.669834 0.586846 0.911268 0.744071 0.650081 0.744242 0.978391 0.968879 0.951949 0.862700 0.900360 0.894451 0.876987 0.835539 0.808929 0.962664 0.968345 0.959870
0.585462 0.525423 0.788124 0.967994 0.933891 0.904318 0.948938 0.824591 0.870376 0.750897 0.649981 0.692058 0.905409 0.693825 0.970333 0.850598 0.498363 0.452025 0.560192 0.000000 0.906069 0.831927 0.944503 0.939009 0.807647 0.701535 0.988336 0.761403 0.600966 0.577634 0.955151 0.754039 0.750744 0.776256 0.832799 0.937132 0.903469 0.916231 0.820531 0.863812 0.877933 0.902156 0.829932 0.806197 0.937041 0.969444 0.947133 0.879364 0.912703 0.954657 0.963780 0.839189 0.801587 0.892307 0.910110 0.950441 0.476963 0.499380 0.981560 0.896247 0.899456 0.932454 0.620678 0.619182 0.681714 0.751998 0.992346 0.882503 0.667916 0.734374 0.670482 0.786167 0.678077 0.642680 0.991607 0.895888 0.849940 0.733850 0.742515 0.765701 0.442953 0.516522 0.761181 0.703433 0.971993 0.955810 0.991905 0.987782 0.651872 0.823797 0.846813 0.797974 0.927231 0.950328 0.965563 0.905997 0.873943 0.995041 0.709427 0.678224 0.901135 0.992697 0.714701 0.659390 0.951818 0.804178 0.986756 0.891432 0.999228 0.945907 0.880639 0.832436 0.899221 0.900884 0.990801 0.822100
0.947710 0.926030 0.909766 0.942676 0.890244 0.953997 0.979019 0.792886 0.951624 0.898798 0.927298 0.832337 0.972259 0.780756 0.978170 0.932318 0.975440 0.918155 0.976887 0.906069 0.000000 0.956718 0.847157 0.905674 0.896849 0.872521 0.864600 0.943928 0.797255 0.898864 0.987307 0.985178 0.934115 0.979282 0.856319 0.845484 0.951925 0.963813 0.969012 0.869267 0.958871 0.955185 0.963372 0.941456 0.998984 0.949621 0.996749 0.932941 0.892937 0.976068 0.954540 0.957877 0.985100 0.989191 0.937329 0.790775 0.959024 0.923538 0.972711 0.968292 0.957451 0.831001 0.957925 0.870053 0.888045 0.942290 0.792707 0.898991 0.928225 0.983074 0.985592 0.906718 0.868572 0.938757 0.892430 0.903332 0.940753 0.955664 0.931102 0.985034 0.967266 0.970772 0.915733 0.928763 0.760248 0.711385 0.911881 0.944049 0.949102 0.980696 0.944532 0.918516 0.946803 0.913225 0.867760 0.907759 0.888059 0.986692 0.871289 0.980996 0.889739 0.914091 0.969663 0.881348 0.946641 0.957106 0.940696 0.957063 0.943537 0.910249 0.945400 0.887803 0.865630 0.807140 0.903753 0.853909
0.997823 0.909897 0.862436 0.994845 0.893860 0.882507 0.907733 0.980802 0.801316 0.970092 0.896212 0.919363 0.965292 0.951371 0.903609 0.896345 0.981863 0.951707 0.993827 0.831927 0.956718 0.000000 0.834483 0.928091 0.824602 0.850254 0.997282 0.841198 0.940955 0.929098 0.883864 0.939646 0.981352 0.982692 0.951778 0.998228 0.973939 0.949409 0.928436 0.961769 0.952183 0.936536 0.861662 0.927010 0.875578 0.881402 0.862051 0.879634 0.939279 0.864624 0.847425 0.793916 0.887891 0.935665 0.956456 0.864920 0.991132 0.945810 0.879777 0.932815 0.953861 0.975406 0.937311 0.885797 0.872022 0.881971 0.891080 0.894258 0.943097 0.991607 0.943851 0.976492 0.815828 0.921038 0.841813 0.969244 0.930013 0.967662 0.881589 0.965769 0.950354 0.901600 0.862684 0.979385 0.906676 0.931381 0.914410 0.990756 0.814287 0.881945 0.933378 0.997383 0.882536 0.974150 0.874122 0.762061 0.902865 0.950421 0.941386 0.963271 0.966639 0.926625 0.998620 0.953447 0.882306 0.985640 0.910698 0.870227 0.940177 0.928590 0.859597 0.962616 0.809203 0.956141 0.839268 0.866237
0.892404 0.774506 0.465779 0.485909 0.904952 0.836354 0.602735 0.963831 0.799865 0.865592 0.858386 0.659176 0.982187 0.923557 0.736080 0.942022 0.933228 0.860387 0.706817 0.944503 0.847157 0.834483 0.000000 0.415357 0.493162 0.626744 0.895329 0.853085 0.906057 0.838160 0.499780 0.619245 0.688003 0.825980 0.677153 0.909119 0.914207 0.935983 0.714872 0.899532 0.910092 0.946889 0.728363 0.949386 0.941430 0.824173 0.774526 0.851803 0.680930 0.860771 0.956314 0.997920 0.875073 0.764300 0.772882 0.904310 0.843579 0.795839 0.942267 0.850336 0.932335 0.723718 0.962278 0.663037 0.536471 0.716434 0.601975 0.828893 0.993881 0.866452 0.842719 0.822425 0.762355 0.846008 0.831945 0.789628 0.786165 0.776000 0.776926 0.816303 0.991319 0.916665 0.905273 0.850361 0.436531 0.483382 0.958932 0.906050 0.917825 0.916818 0.983813 0.916271 0.889311 0.736457 0.819968 0.890580 0.977761 0.749328 0.839558 0.951080 0.740274 0.826379 0.982294 0.858154 0.841671 0.820038 0.869092 0.832732 0.879004 0.888850 0.955959 0.830915 0.882818 0.895101 0.873244 0.933885
0.928130 0.856846 0.699036 0.539881 0.967614 0.811938 0.762436 0.997102 0.907026 0.829038 0.808477 0.721743 0.875912 0.917603 0.817501 0.860217 0.909142 0.880970 0.783764 0.939009 0.905674 0.928091 0.415357 0.000000 0.560157 0.711364 0.938326 0.935950 0.890175 0.823843 0.620464 0.574848 0.799589 0.967973 0.786563 0.974769 0.887092 0.927675 0.693380 0.969256 0.891275 0.991058 0.872101 0.924546 0.798916 0.740191 0.831785 0.944596 0.670844 0.811184 0.912337 0.931385 0.909748 0.751782 0.787115 0.877072 0.901220 0.867186 0.935876 0.775057 0.793122 0.787763 0.993473 0.727856 0.721357 0.833642 0.820719 0.989822 0.972435 0.856271 0.840810 0.759226 0.730284 0.729831 0.930157 0.879425 0.915938 0.848305 0.881659 0.809495 0.937218 0.849130 0.923851 0.939847 0.517369 0.523902 0.990072 0.868181 0.997727 0.913554 0.989672 0.957862 0.974774 0.870789 0.760446 0.952098 0.935077 0.767332 0.777856 0.991602 0.828860 0.879884 0.969054 0.934682 0.859116 0.952912 0.923846 0.797733 0.926352 0.989562 0.917115 0.810720 0.782210 0.837271 0.994207 0.968902
0.763358 0.766794 0.564964 0.552867 0.996654 0.820226 0.927920 0.813946 0.817564 0.601891 0.617865 0.548926 0.802909 0.867010 0.860795 0.921142 0.749259 0.714074 0.998222 0.807647 0.896849 0.824602 0.493162 0.560157 0.000000 0.450247 0.747054 0.676334 0.744789 0.659455 0.583884 0.721479 0.805813 0.989863 0.659693 0.900340 0.775624 0.792366 0.740605 0.775628 0.863277 0.994910 0.933151 0.868661 0.795279 0.742224 0.863889 0.995474 0.662085 0.974856 0.983118 0.840705 0.924334 0.873567 0.779915 0.960005 0.746174 0.766361 0.999102 0.993883 0.915075 0.854359 0.701342 0.561490 0.445785 0.537051 0.813702 0.849413 0.943925 0.832818 0.991464 0.988177 0.975463 0.916734 0.924376 0.985587 0.909638 0.878923 0.929892 0.992016 0.836413 0.851367 0.942320 0.818786 0.568705 0.560110 0.911305 0.950327 0.807245 0.767664 0.791957 0.825879 0.944475 0.916664 0.803019 0.997058 0.811026 0.804515 0.693058 0.808674 0.708132 0.925645 0.820556 0.656518 0.863812 0.787659 0.901162 0.951820 0.961851 0.853343 0.930602 0.745608 0.765261 0.778819 0.882025 0.963181
0.805173 0.693218 0.540772 0.583680 0.941279 0.859942 0.878502 0.917840 0.657806 0.674053 0.654722 0.565542 0.910457 0.751842 0.804453 0.991481 0.705693 0.606156 0.862926 0.701535 0.872521 0.850254 0.626744 0.711364 0.450247 0.000000 0.787553 0.629626 0.690718 0.583818 0.710325 0.873942 0.925685 0.995938 0.721610 0.901512 0.719812 0.870422 0.703549 0.741789 0.881234 0.924037 0.944487 0.952493 0.875092 0.799607 0.760851 0.956931 0.818429 0.954963 0.862023 0.753337 0.802985 0.772407 0.701104 0.991348 0.691617 0.692561 0.845868 0.877991 0.908830 0.981818 0.720558 0.653156 0.445520 0.550609 0.840315 0.857496 0.979993 0.863246 0.913191 0.975633 0.947613 0.780645 0.921352 0.995273 0.951809 0.994342 0.974375 0.927267 0.746262 0.711173 0.993601 0.842723 0.685562 0.723911 0.944281 0.988670 0.734003 0.692911 0.849375 0.840561 0.993299 0.917273 0.931828 0.994784 0.889906 0.905112 0.730003 0.763612 0.748134 0.929211 0.878204 0.717237 0.838558 0.641480 0.932741 0.910295 0.917634 0.940920 0.905789 0.736534 0.796950 0.860016 0.913852 0.990202
0.888143 0.948860 0.912556 0.940050 0.906347 0.819206 0.836598 0.736959 0.929454 0.737859 0.880361 0.730053 0.933077 0.889598 0.895256 0.800969 0.947100 0.977886 0.871453 0.988336 0.864600 0.997282 0.895329 0.938326 0.747054 0.787553 0.000000 0.875636 0.923773 0.883813 0.889859 0.990450 0.946681 0.966422 0.875919 0.854149 0.871812 0.965715 0.912883 0.920676 0.951639 0.962426 0.912309 0.995390 0.988367 0.939847 0.933998 0.971962 0.920841 0.838813 0.956106 0.803340 0.881921 0.985311 0.976893 0.949952 0.952716 0.953618 0.965652 0.880111 0.963919 0.955792 0.772650 0.802111 0.722458 0.701322 0.899619 0.931625 0.990963 0.968840 0.938150 0.913326 0.875924 0.905487 0.964471 0.957824 0.925209 0.990026 0.998456 0.995384 0.960482 0.908703 0.891264 0.858489 0.919369 0.789448 0.984819 0.992152 0.881037 0.948245 0.816256 0.840413 0.872032 0.995186 0.977020 0.900201 0.758329 0.858712 0.739758 0.780792 0.916146 0.772062 0.830939 0.708683 0.989932 0.993491 0.932182 0.912844 0.976207 0.977528 0.992523 0.993449 0.952461 0.952412 0.845778 0.993556
0.822112 0.794819 0.784223 0.820995 0.982176 0.983875 0.987520 0.846583 0.803584 0.793390 0.759208 0.711435 0.927790 0.694511 0.898238 0.938171 0.794056 0.761227 0.845563 0.761403 0.943928 0.841198 0.853085 0.935950 0.676334 0.629626 0.875636 0.000000 0.768619 0.685166 0.783074 0.941107 0.988639 0.902916 0.758707 0.994876 0.912392 0.924966 0.943007 0.810400 0.867146 0.973218 0.985797 0.890765 0.842343 0.866394 0.930979 0.939843 0.881500 0.940210 0.961599 0.824497 0.928273 0.956888 0.878728 0.914602 0.807644 0.809079 0.862614 0.899244 0.940507 0.963610 0.837111 0.870178 0.720548 0.791362 0.926975 0.927929 0.849344 0.908509 0.946256 0.983710 0.832205 0.754490 0.984316 0.994748 0.966647 0.938757 0.978573 0.730778 0.803878 0.742167 0.956564 0.887432 0.949383 0.871407 0.978697 0.878573 0.868381 0.624714 0.888766 0.871472 0.982576 0.968372 0.935230 0.891794 0.967694 0.878259 0.799781 0.755396 0.984413 0.884310 0.877326 0.848195 0.961961 0.797929 0.962879 0.944866 0.994411 0.873420 0.956972 0.855807 0.861469 0.853122 0.927534 0.927604
0.655278 0.693467 0.903567 0.813694 0.906902 0.922000 0.899520 0.839732 0.993915 0.701811 0.556643 0.750650 0.904599 0.709420 0.781129 0.911408 0.493100 0.468410 0.620273 0.600966 0.797255 0.940955 0.906057 0.890175 0.744789 0.690718 0.923773 0.768619 0.000000 0.501220 0.993960 0.926931 0.831250 0.744816 0.805265 0.936955 0.929143 0.918750 0.921276 0.923478 0.945576 0.993823 0.647005 0.627896 0.663927 0.696309 0.835998 0.761375 0.690267 0.803573 0.921886 0.965182 0.964215 0.842280 0.922955 0.946094 0.603969 0.648709 0.992364 0.907738 0.986997 0.939489 0.729957 0.739962 0.799722 0.805115 0.983571 0.995775 0.729567 0.798353 0.936006 0.947566 0.952203 0.834423 0.961555 0.820705 0.918214 0.768966 0.834941 0.731163 0.628156 0.696790 0.836746 0.822609 0.958883 0.854942 0.985907 0.991493 0.821481 0.803464 0.889378 0.883951 0.994627 0.855072 0.922284 0.914293 0.897438 0.987500 0.609313 0.648528 0.812748 0.925995 0.792227 0.841950 0.877475 0.886842 0.938326 0.989893 0.988529 0.938149 0.762356 0.745447 0.666963 0.941995 0.921288 0.980698
0.618309 0.603412 0.768120 0.746321 0.994936 0.952083 0.932900 0.802186 0.821037 0.607393 0.519281 0.593786 0.895054 0.645643 0.912822 0.835210 0.499854 0.448492 0.600098 0.577634 0.898864 0.929098 0.838160 0.823843 0.659455 0.583818 0.883813 0.685166 0.501220 0.000000 0.909651 0.985743 0.841372 0.748024 0.678304 0.945190 0.829557 0.965781 0.844556 0.889870 0.885142 0.980994 0.755438 0.635853 0.734479 0.719568 0.962748 0.785344 0.671132 0.938022 0.970698 0.929203 0.836068 0.783002 0.779449 0.966060 0.553237 0.606764 0.979960 0.866195 0.991610 0.924208 0.600096 0.611709 0.617437 0.634313 0.930739 0.912928 0.777412 0.887706 0.834575 0.977353 0.984441 0.852052 0.977533 0.951608 0.995033 0.834169 0.866691 0.785374 0.570969 0.605585 0.834926 0.812720 0.840786 0.748471 0.922069 0.981418 0.707643 0.661248 0.884255 0.936145 0.904326 0.882256 0.969414 0.972637 0.964575 0.993419 0.681699 0.736256 0.787762 0.966129 0.748637 0.745039 0.774929 0.785248 0.916631 0.950661 0.981745 0.971693 0.888898 0.832407 0.696557 0.975550 0.956232 0.919587
0.970694 0.919192 0.533883 0.542312 0.938985 0.939989 0.626612 0.864088 0.759554 0.983465 0.961037 0.766026 0.978304 0.973647 0.812974 0.963678 0.989017 0.909815 0.786172 0.955151 0.987307 0.883864 0.499780 0.620464 0.583884 0.710325 0.889859 0.783074 0.993960 0.909651 0.000000 0.646066 0.684894 0.749531 0.676695 0.978438 0.828564 0.903409 0.665515 0.841126 0.862925 0.997222 0.743572 0.912528 0.948725 0.975718 0.788655 0.922011 0.867378 0.976650 0.896769 0.840295 0.825224 0.810946 0.742951 0.932043 0.902333 0.896902 0.831742 0.998822 0.945845 0.860301 0.992644 0.817736 0.618858 0.771992 0.703118 0.831663 0.972564 0.891558 0.743607 0.800602 0.916098 0.919096 0.854308 0.801093 0.737952 0.774628 0.881887 0.889849 0.967974 0.966683 0.935747 0.862138 0.651074 0.667163 0.941210 0.992109 0.889216 0.916805 0.945002 0.921465 0.899277 0.771255 0.860453 0.971414 0.956683 0.839005 0.924246 0.994593 0.971901 0.816027 0.976459 0.886168 0.932117 0.759920 0.949392 0.801174 0.970459 0.982242 0.879907 0.954031 0.979792 0.835075 0.916826 0.935293
0.914063 0.926305 0.747018 0.718951 0.899429 0.826022 0.760667 0.942268 0.995731 0.991673 0.993246 0.867817 0.869940 0.856184 0.840796 0.862291 0.844882 0.846793 0.651484 0.754039 0.985178 0.939646 0.619245 0.574848 0.721479 0.873942 0.990450 0.941107 0.926931 0.985743 0.646066 0.000000 0.701178 0.735153 0.861594 0.899889 0.841053 0.958935 0.815765 0.949695 0.843022 0.970936 0.757575 0.973817 0.973507 0.941158 0.806467 0.846677 0.874083 0.917643 0.993605 0.965189 0.986119 0.885112 0.838217 0.915061 0.818824 0.879787 0.989814 0.779848 0.826517 0.720705 0.835485 0.941026 0.872639 0.981340 0.798536 0.957309 0.970631 0.982349 0.756543 0.735562 0.796404 0.716469 0.956433 0.789255 0.851543 0.681784 0.728474 0.801450 0.809233 0.743028 0.772714 0.995299 0.658979 0.683463 0.942559 0.911147 0.782760 0.929525 0.948961 0.906861 0.935250 0.845252 0.967687 0.912249 0.967032 0.942778 0.989508 0.862058 0.892593 0.925632 0.917961 0.884546 0.963751 0.972228 0.971188 0.820746 0.829297 0.968320 0.941597 0.962765 0.955760 0.898568 0.944956 0.920210
0.629134 0.673693 0.688470 0.711209 0.852897 0.936094 0.632098 0.802482 0.965911 0.903110 0.799867 0.902313 0.957956 0.885429 0.853573 0.915178 0.673663 0.732179 0.563936 0.750744 0.934115 0.981352 0.688003 0.799589 0.805813 0.925685 0.946681 0.988639 0.831250 0.841372 0.684894 0.701178 0.000000 0.511151 0.775373 0.825036 0.840128 0.735259 0.876089 0.961601 0.760862 0.983273 0.665061 0.725657 0.740886 0.829172 0.801148 0.764795 0.985369 0.858456 0.892524 0.876815 0.917389 0.954990 0.833609 0.960927 0.679197 0.742345 0.697963 0.914014 0.788106 0.954376 0.651952 0.825921 0.821556 0.859491 0.538150 0.610227 0.808741 0.789771 0.729333 0.795541 0.814685 0.842195 0.874673 0.840201 0.669961 0.640371 0.720129 0.827088 0.730151 0.717032 0.898067 0.988674 0.684905 0.677002 0.964216 0.893763 0.908349 0.978651 0.887913 0.787032 0.843760 0.821165 0.974991 0.785381 0.955678 0.914936 0.824464 0.797823 0.995152 0.856197 0.820591 0.921627 0.796688 0.845882 0.989480 0.893351 0.974463 0.863115 0.774123 0.966266 0.905461 0.958149 0.995187 0.923245
0.634055 0.674172 0.780592 0.883834 0.867726 0.975832 0.597835 0.732334 0.952913 0.686433 0.649916 0.866801 0.904335 0.903089 0.906509 0.957485 0.636379 0.668640 0.568898 0.776256 0.979282 0.982692 0.825980 0.967973 0.989863 0.995938 0.966422 0.902916 0.744816 0.748024 0.749531 0.735153 0.511151 0.000000 0.836212 0.794753 0.883003 0.959928 0.940430 0.943301 0.874288 0.995024 0.669996 0.646553 0.552607 0.634788 0.696606 0.706018 0.763969 0.739126 0.712613 0.765577 0.914386 0.865418 0.852199 0.969723 0.662268 0.737665 0.667825 0.967917 0.744928 0.997632 0.617724 0.773669 0.942264 0.963539 0.551944 0.608240 0.749724 0.759612 0.768756 0.868750 0.774837 0.798131 0.824087 0.768176 0.676477 0.634271 0.786771 0.867277 0.721234 0.743084 0.862031 0.918103 0.753134 0.823559 0.986891 0.941678 0.879707 0.923415 0.751605 0.743883 0.803744 0.799227 0.939467 0.869733 0.859754 0.959748 0.678207 0.713794 0.959669 0.835292 0.785175 0.913255 0.918407 0.853077 0.949697 0.827157 0.907129 0.920682 0.778694 0.751979 0.652303 0.990737 0.947936 0.916426
0.938806 0.912994 0.622585 0.670420 0.813383 0.967071 0.800226 0.982664 0.777415 0.928891 0.842980 0.728480 0.909900 0.717789 0.945686 0.868042 0.825605 0.786906 0.970361 0.832799 0.856319 0.951778 0.677153 0.786563 0.659693 0.721610 0.875919 0.758707 0.805265 0.678304 0.676695 0.861594 0.775373 0.836212 0.000000 0.949309 0.836525 0.922902 0.828280 0.984525 0.819871 0.951112 0.983831 0.929934 0.937053 0.972130 0.916040 0.921073 0.858521 0.892912 0.913351 0.826220 0.862502 0.850346 0.685215 0.974315 0.858262 0.924265 0.737546 0.777607 0.798327 0.969575 0.907280 0.848754 0.603215 0.607908 0.614796 0.604757 0.979167 0.976699 0.907722 0.977326 0.915583 0.994675 0.980151 0.990273 0.831741 0.899215 0.990684 0.944236 0.909755 0.955968 0.912742 0.836633 0.691950 0.632064 0.874813 0.977112 0.872877 0.707855 0.929374 0.855894 0.813558 0.743328 0.976959 0.909090 0.903705 0.915097 0.901652 0.995838 0.834585 0.913710 0.948242 0.777011 0.779566 0.763385 0.990420 0.913341 0.955231 0.958987 0.975921 0.920445 0.794968 0.818859 0.846735 0.937298
0.998467 0.902961 0.979409 0.975568 0.868715 0.836755 0.926331 0.909348 0.853032 0.884273 0.941953 0.961511 0.955207 0.977203 0.898298 0.839239 0.982117 0.981331 0.995194 0.937132 0.845484 0.998228 0.909119 0.974769 0.900340 0.901512 0.854149 0.994876 0.936955 0.945190 0.978438 0.899889 0.825036 0.794753 0.949309 0.000000 0.921489 0.865539 0.933074 0.895574 0.888252 0.995560 0.961411 0.985755 0.971814 0.954714 0.906241 0.961435 0.884221 0.952266 0.966783 0.990427 0.903204 0.975241 0.940317 0.951380 0.913518 0.928626 0.994162 0.931049 0.998521 0.972588 0.989583 0.990848 0.966223 0.899944 0.802407 0.790867 0.954469 0.892272 0.939848 0.971802 0.937713 0.933281 0.849063 0.988095 0.952710 0.880936 0.936114 0.912576 0.909913 0.989246 0.784348 0.998946 0.945694 0.837268 0.983156 0.961200 0.982992 0.904221 0.896413 0.862943 0.952454 0.955170 0.995111 0.840875 0.964332 0.996993 0.915725 0.895761 0.888322 0.922114 0.866943 0.985885 0.856060 0.899855 0.969978 0.955981 0.977134 0.887317 0.889293 0.943289 0.923717 0.957224 0.994461 0.955332
0.831201 0.861693 0.861887 0.668588 0.894589 0.958334 0.955567 0.883335 0.734881 0.984201 0.868699 0.965480 0.913423 0.927326 0.968280 0.838579 0.941689 0.976978 0.978663 0.903469 0.951925 0.973939 0.914207 0.887092 0.775624 0.719812 0.871812 0.912392 0.929143 0.829557 0.828564 0.841053 0.840128 0.883003 0.836525 0.921489 0.000000 0.659424 0.920529 0.851369 0.754202 0.980175 0.927096 0.981798 0.928144 0.901464 0.904125 0.974120 0.935738 0.881941 0.650389 0.776821 0.813281 0.815410 0.809636 0.981122 0.864446 0.838537 0.728993 0.724452 0.837057 0.783518 0.968298 0.863090 0.837865 0.771439 0.966225 0.969758 0.768832 0.832903 0.792229 0.766912 0.793917 0.887708 0.877100 0.970770 0.868392 0.807615 0.875445 0.938285 0.883931 0.977852 0.932318 0.893431 0.980827 0.870137 0.832084 0.906005 0.918711 0.783329 0.940221 0.910561 0.801804 0.885443 0.916932 0.989574 0.906321 0.924393 0.935037 0.982782 0.954274 0.984444 0.919418 0.960238 0.744831 0.812025 0.960162 0.776739 0.865751 0.919118 0.983283 0.964000 0.954138 0.967706 0.979862 0.865114
0.757330 0.717948 0.947538 0.770100 0.888369 0.853894 0.932536 0.958587 0.978512 0.947731 0.833322 0.911687 0.827596 0.937422 0.889076 0.987855 0.917191 0.972151 0.963752 0.916231 0.963813 0.949409 0.935983 0.927675 0.792366 0.870422 0.965715 0.924966 0.918750 0.965781 0.903409 0.958935 0.735259 0.959928 0.922902 0.865539 0.659424 0.000000 0.926808 0.891734 0.771981 0.916937 0.967625 0.959392 0.946182 0.947054 0.983629 0.926414 0.966665 0.884359 0.803553 0.830684 0.951075 0.984213 0.833546 0.895506 0.822605 0.783534 0.858907 0.760385 0.881360 0.793470 0.961812 0.796990 0.922390 0.811864 0.965550 0.922722 0.820864 0.903160 0.790631 0.748479 0.963821 0.996583 0.887329 0.975950 0.835780 0.824222 0.961489 0.901127 0.913129 0.965346 0.938158 0.873369 0.977807 0.848670 0.963582 0.922716 0.994322 0.769531 0.922878 0.888405 0.997652 0.972100 0.957969 0.986499 0.943292 0.937349 0.997334 0.885401 0.989950 0.843300 0.940565 0.924021 0.789164 0.864645 0.915772 0.912532 0.928886 0.979418 0.992257 0.920207 0.997494 0.965425 0.988559 0.842754
