0.000000 0.673519 0.870396 0.943638 0.915138 0.982115 0.966608 0.994640 0.819366 0.891505 0.630773 0.825536 0.902532 0.957798 0.972689 0.915040 0.743641 0.644253 0.859897 0.896948 0.871877 0.988587 0.889830 0.898450 0.994555 0.922490 0.854185 0.824656 0.849973 0.790441 0.908899 0.785083 0.853240 0.670955 0.998798 0.852415 0.974373 0.928393 0.919904 0.928427 0.871297 0.735357 0.773784 0.771846 0.792651 0.680189 0.810302 0.657846 0.696488 0.734486 0.664775 0.630613 0.824930 0.963020 0.833804 0.697484 0.629981 0.616441 0.669670 0.642785 0.735378 0.923074 0.669920 0.598493 0.863384 0.977853 0.745682 0.793707 0.840200 0.748091 0.985555 0.976665 0.993599 0.991800 0.900561 0.993992 0.952201 0.973652 0.760611 0.936150 0.494778 0.656714 0.833029 0.704326 0.972752 0.925276 0.902283 0.975663 0.961590 0.848914 0.933760 0.837350 0.891132 0.870037 0.875812 0.896973 0.885619 0.780460 0.749063 0.936319 0.897705 0.931863 0.776263 0.754061 0.964888 0.838395 0.978083 0.805869 0.969045 0.969836 0.940127 0.947367 0.885579 0.883642 0.906708 0.977316
0.673519 0.000000 0.910560 0.854459 0.824167 0.865223 0.817103 0.996152 0.684145 0.619083 0.989961 0.806342 0.924593 0.975667 0.894177 0.964470 0.759912 0.741743 0.915135 0.941469 0.832269 0.989860 0.800966 0.949857 0.786725 0.659840 0.962756 0.703695 0.913182 0.924082 0.973136 0.961428 0.941006 0.859882 0.805778 0.776421 0.820170 0.950646 0.862428 0.714201 0.758539 0.766363 0.605510 0.680853 0.944476 0.780768 0.609681 0.792473 0.913906 0.880043 0.726120 0.661376 0.972499 0.917713 0.741790 0.712780 0.633477 0.536541 0.708849 0.730274 0.994334 0.869462 0.823072 0.827263 0.979043 0.801968 0.671114 0.636499 0.780441 0.746171 0.955221 0.893110 0.962639 0.977439 0.893914 0.882010 0.907526 0.805215 0.878617 0.837533 0.730940 0.679232 0.803713 0.654132 0.924481 0.693922 0.996925 0.956610 0.962091 0.829948 0.967748 0.867829 0.743053 0.939142 0.946935 0.972509 0.920499 0.906611 0.988093 0.908424 0.934206 0.909647 0.954586 0.863344 0.878568 0.776161 0.999679 0.875511 0.869546 0.905564 0.968648 0.951167 0.966891 0.961582 0.796050 0.964558
0.870396 0.910560 0.000000 0.517235 0.914471 0.819188 0.586718 0.530973 0.793793 0.861850 0.994450 0.780041 0.799307 0.856902 0.951247 0.783980 0.751176 0.739610 0.837876 0.891281 0.838743 0.860150 0.779319 0.625198 0.645594 0.839822 0.948429 0.890151 0.914966 0.991806 0.857850 0.952121 0.918173 0.941844 0.955153 0.918179 0.829572 0.873175 0.728465 0.948685 0.929610 0.919802 0.943418 0.896496 0.756549 0.687568 0.990777 0.981130 0.646876 0.685501 0.720137 0.744084 0.830048 0.718312 0.983015 0.857443 0.858542 0.721643 0.689884 0.844296 0.850701 0.608513 0.590387 0.687439 0.556995 0.628462 0.942759 0.912382 0.935545 0.913067 0.904096 0.846494 0.873446 0.924837 0.946677 0.895134 0.977381 0.994226 0.898506 0.971407 0.838389 0.829161 0.934710 0.893719 0.798979 0.713779 0.856124 0.916132 0.668429 0.894499 0.810935 0.700894 0.800181 0.593957 0.909848 0.736005 0.996037 0.933193 0.959002 0.899508 0.884218 0.948234 0.724422 0.748133 0.925037 0.930149 0.820352 0.958843 0.994515 0.883700 0.877016 0.888912 0.888446 0.805197 0.967852 0.918757
0.943638 0.854459 0.517235 0.000000 0.894886 0.842837 0.820358 0.421356 0.994974 0.969396 0.937257 0.827622 0.910226 0.963554 0.687836 0.975204 0.767795 0.771878 0.995518 0.917334 0.900990 0.995811 0.894209 0.777520 0.599439 0.649225 0.939377 0.993856 0.652592 0.821532 0.943768 0.936780 0.841096 0.932176 0.862693 0.995961 0.808401 0.833572 0.647161 0.761104 0.997716 0.942838 0.925992 0.922360 0.559765 0.626231 0.961901 0.999384 0.589599 0.689180 0.716743 0.802742 0.675251 0.586410 0.945747 0.969907 0.975134 0.910017 0.850937 0.907687 0.863800 0.809170 0.566299 0.624570 0.736904 0.536403 0.855138 0.899242 0.717128 0.925639 0.911633 0.959254 0.945944 0.986560 0.988725 0.989685 0.997242 0.963049 0.911759 0.943149 0.849522 0.743145 0.812666 0.926690 0.996942 0.716987 0.937657 0.777445 0.759442 0.911985 0.929471 0.782613 0.736082 0.641771 0.978889 0.813518 0.923552 0.846663 0.693173 0.865836 0.889808 0.967333 0.777390 0.812268 0.847246 0.810764 0.825127 0.986012 0.867859 0.870869 0.995906 0.723433 0.947096 0.893645 0.980588 0.794730
0.915138 0.824167 0.914471 0.894886 0.000000 0.958150 0.775249 0.889562 0.676094 0.828855 0.963767 0.917706 0.654342 0.677636 0.692399 0.607751 0.985099 0.937399 0.813123 0.988719 0.828553 0.989778 0.593354 0.690436 0.952404 0.810146 0.895344 0.864135 0.897289 0.957732 0.971237 0.948871 0.900356 0.960540 0.890457 0.991634 0.819873 0.942771 0.887298 0.790611 0.923106 0.817698 0.988696 0.860965 0.845939 0.976265 0.916542 0.962097 0.991464 0.957492 0.934525 0.976063 0.927151 0.801167 0.851514 0.991000 0.761031 0.760996 0.876215 0.747239 0.755411 0.798659 0.914422 0.977733 0.689701 0.953364 0.910368 0.811852 0.828470 0.763639 0.847815 0.991323 0.966215 0.968316 0.927413 0.878728 0.912878 0.939277 0.997804 0.921181 0.754499 0.891273 0.831981 0.842235 0.607878 0.934396 0.790285 0.787363 0.951879 0.838817 0.717029 0.708334 0.972727 0.758209 0.876727 0.958277 0.860688 0.725828 0.820398 0.662215 0.895604 0.829073 0.921946 0.925445 0.922440 0.942575 0.991884 0.835423 0.960310 0.817852 0.821451 0.919513 0.958187 0.984001 0.946118 0.825728
0.982115 0.865223 0.819188 0.842837 0.958150 0.000000 0.964267 0.945727 0.946496 0.839006 0.960460 0.839658 0.950212 0.903004 0.939856 0.853824 0.871324 0.994727 0.937942 0.952148 0.833865 0.941840 0.955606 0.838281 0.607314 0.548798 0.902263 0.700522 0.887099 0.807481 0.960986 0.829479 0.894573 0.858177 0.681991 0.870885 0.858817 0.918531 0.787102 0.723455 0.814508 0.971523 0.849010 0.950745 0.932479 0.897802 0.863609 0.945667 0.839473 0.777663 0.976087 0.930541 0.888055 0.810055 0.926255 0.845489 0.928944 0.922287 0.919670 0.984027 0.906159 0.843175 0.869513 0.928537 0.619656 0.613867 0.636388 0.704032 0.992782 0.984987 0.993197 0.743214 0.971854 0.972243 0.746515 0.926610 0.999445 0.814448 0.883763 0.975149 0.932967 0.794499 0.834249 0.919893 0.740086 0.581971 0.758336 0.991022 0.923596 0.797780 0.772344 0.885019 0.660956 0.818693 0.925466 0.737233 0.934568 0.959896 0.979655 0.912601 0.835999 0.968161 0.903231 0.865797 0.812143 0.814774 0.825357 0.904148 0.983491 0.943089 0.978334 0.930544 0.908927 0.984864 0.927829 0.753541
0.966608 0.817103 0.586718 0.820358 0.775249 0.964267 0.000000 0.621430 0.598224 0.495527 0.824093 0.882540 0.502577 0.632643 0.652386 0.656907 0.976710 0.955921 0.457344 0.690336 0.689817 0.906517 0.500957 0.711367 0.980246 0.715846 0.945062 0.768683 0.713465 0.630330 0.730981 0.628890 0.709154 0.818714 0.825924 0.897757 0.847786 0.922513 0.881310 0.688851 0.856567 0.893986 0.920437 0.919031 0.970222 0.916754 0.802635 0.986414 0.930468 0.984393 0.749986 0.810317 0.946358 0.987648 0.918487 0.816900 0.846252 0.643188 0.715947 0.793746 0.665355 0.687094 0.865177 0.926229 0.734210 0.957637 0.880340 0.657481 0.869485 0.783248 0.836768 0.666881 0.729796 0.772855 0.914801 0.859969 0.894788 0.979152 0.908786 0.941323 0.966567 0.973555 0.968581 0.859324 0.711548 0.932513 0.953506 0.762126 0.699402 0.882448 0.665216 0.564903 0.852298 0.640591 0.970225 0.983571 0.949591 0.886027 0.829507 0.641951 0.946333 0.684870 0.871576 0.866059 0.985129 0.856812 0.833024 0.927656 0.992351 0.970554 0.868859 0.980952 0.990863 0.877072 0.824841 0.873597
0.994640 0.996152 0.530973 0.421356 0.889562 0.945727 0.621430 0.000000 0.888623 0.748045 0.868489 0.767896 0.972681 0.992399 0.787412 0.985396 0.855832 0.798880 0.772457 0.795747 0.816008 0.976720 0.975598 0.856369 0.766488 0.825455 0.954866 0.866897 0.894303 0.891931 0.975033 0.828479 0.987009 0.888595 0.728953 0.931805 0.888601 0.920457 0.813459 0.979889 0.909787 0.934342 0.954193 0.936819 0.625504 0.699615 0.901511 0.983715 0.714784 0.854784 0.723717 0.778417 0.774367 0.668117 0.892988 0.963986 0.958425 0.821057 0.863626 0.866945 0.994409 0.717362 0.679820 0.752596 0.869183 0.720086 0.922904 0.937577 0.783845 0.953807 0.961437 0.756140 0.787612 0.923050 0.942113 0.992835 0.973375 0.987433 0.867517 0.927935 0.971521 0.763724 0.743285 0.792783 0.928984 0.951535 0.883475 0.861791 0.812342 0.883183 0.808543 0.767225 0.731168 0.661936 0.869572 0.863989 0.881935 0.860899 0.858680 0.980373 0.771017 0.884470 0.939194 0.859328 0.990170 0.877921 0.817150 0.947808 0.977273 0.929992 0.868522 0.809356 0.881420 0.870054 0.861780 0.978667
0.819366 0.684145 0.793793 0.994974 0.676094 0.946496 0.598224 0.888623 0.000000 0.475259 0.886074 0.960267 0.636694 0.753255 0.650034 0.589088 0.949173 0.872215 0.592146 0.917475 0.814271 0.954690 0.521076 0.652522 0.864933 0.688887 0.915919 0.754554 0.804094 0.734794 0.749991 0.828313 0.940273 0.967015 0.931484 0.863574 0.789609 0.814728 0.789219 0.698723 0.859134 0.898026 0.840374 0.879765 0.921739 0.932449 0.766282 0.839911 0.987134 0.916824 0.821741 0.886390 0.797133 0.752909 0.764048 0.777299 0.689556 0.647590 0.716099 0.714772 0.868815 0.781419 0.894087 0.951137 0.796900 0.824364 0.750036 0.591495 0.685520 0.750896 0.787744 0.850976 0.890773 0.994599 0.857298 0.987141 0.989642 0.988209 0.918732 0.963660 0.883647 0.872362 0.974265 0.717998 0.787595 0.828654 0.883547 0.746010 0.903175 0.937205 0.730431 0.583890 0.845903 0.739348 0.993715 0.994712 0.843301 0.799206 0.863381 0.737595 0.862403 0.766609 0.890457 0.898396 0.783971 0.878716 0.904410 0.999233 0.980474 0.863469 0.962933 0.890596 0.921940 0.994232 0.882792 0.965358
0.891505 0.619083 0.861850 0.969396 0.828855 0.839006 0.495527 0.748045 0.475259 0.000000 0.772731 0.930642 0.679033 0.785761 0.700553 0.757668 0.937642 0.931320 0.520796 0.834438 0.782032 0.965287 0.599125 0.862055 0.737500 0.596258 0.989373 0.681234 0.666514 0.561499 0.715402 0.647563 0.891104 0.859867 0.736597 0.835880 0.826364 0.839107 0.743829 0.582904 0.827744 0.854874 0.738071 0.916920 0.918080 0.997278 0.669458 0.929400 0.881530 0.809403 0.799522 0.841670 0.802055 0.768861 0.855421 0.761043 0.794825 0.671037 0.774399 0.839433 0.832701 0.822209 0.995593 0.943968 0.983673 0.669689 0.687435 0.529440 0.754734 0.796029 0.878664 0.718547 0.763302 0.906310 0.961437 0.972884 0.868521 0.962913 0.963586 0.996722 0.986216 0.867431 0.926763 0.688092 0.948033 0.634998 0.960581 0.745764 0.886966 0.946686 0.765189 0.632506 0.868556 0.764555 0.948222 0.939904 0.865623 0.892294 0.871030 0.723259 0.956432 0.722484 0.991235 0.914446 0.812102 0.782594 0.963791 0.933552 0.912302 0.922130 0.898612 0.960732 0.928724 0.955735 0.752445 0.881178
0.630773 0.989961 0.994450 0.937257 0.963767 0.960460 0.824093 0.868489 0.886074 0.772731 0.000000 0.787974 0.743980 0.813738 0.892140 0.899550 0.769031 0.688222 0.698001 0.774791 0.925516 0.974952 0.954834 0.992052 0.938840 0.944348 0.849678 0.965189 0.700277 0.632509 0.753485 0.744827 0.677653 0.665027 0.882772 0.988170 0.946298 0.943434 0.853133 0.965586 0.977235 0.826810 0.977582 0.851004 0.892280 0.846949 0.878610 0.895311 0.801739 0.809961 0.828611 0.832730 0.789013 0.949801 0.980153 0.774642 0.856657 0.904365 0.841647 0.791318 0.725231 0.775374 0.807882 0.630582 0.905199 0.883958 0.842985 0.984148 0.987722 0.924398 0.911767 0.902972 0.977619 0.973816 0.974875 0.924245 0.977387 0.991066 0.871614 0.921901 0.715418 0.688364 0.962199 0.877635 0.953455 0.892517 0.800842 0.999700 0.918956 0.819355 0.892495 0.925388 0.945391 0.897845 0.905935 0.980112 0.901652 0.884837 0.816075 0.873925 0.833626 0.925283 0.776875 0.915951 0.923380 0.962737 0.987165 0.960954 0.865863 0.966524 0.970496 0.951549 0.986823 0.858665 0.995544 0.968465
0.825536 0.806342 0.780041 0.827622 0.917706 0.839658 0.882540 0.767896 0.960267 0.930642 0.787974 0.000000 0.834406 0.718026 0.980627 0.837816 0.905013 0.922240 0.941050 0.887222 0.874033 0.943852 0.983221 0.798765 0.741202 0.776681 0.904469 0.960720 0.947428 0.992201 0.902021 0.976421 0.739758 0.793055 0.821320 0.836810 0.802605 0.904881 0.926459 0.875796 0.988582 0.977539 0.897377 0.958405 0.958600 0.942594 0.886279 0.984968 0.888308 0.996066 0.861153 0.840017 0.971595 0.908984 0.845649 0.716771 0.903486 0.934332 0.856192 0.853413 0.754583 0.592906 0.985358 0.852634 0.859572 0.699313 0.629330 0.763019 0.937716 0.952967 0.954550 0.936381 0.929557 0.886821 0.932666 0.838032 0.970778 0.946845 0.954530 0.898501 0.965787 0.687260 0.905270 0.911001 0.862476 0.743562 0.963522 0.990082 0.935178 0.780591 0.820971 0.946287 0.729786 0.938325 0.903343 0.899396 0.788055 0.917805 0.951232 0.892190 0.792289 0.868690 0.904858 0.953818 0.929994 0.766710 0.964306 0.988759 0.969952 0.945495 0.917587 0.997352 0.866669 0.979625 0.913933 0.903150
0.902532 0.924593 0.799307 0.910226 0.654342 0.950212 0.502577 0.972681 0.636694 0.679033 0.743980 0.834406 0.000000 0.509720 0.438534 0.449261 0.887231 0.804350 0.492391 0.708192 0.823860 0.932141 0.425777 0.612755 0.989918 0.733603 0.986870 0.888387 0.646090 0.673798 0.713385 0.699895 0.606223 0.760047 0.938226 0.972561 0.866916 0.959976 0.861920 0.800360 0.957898 0.970666 0.920095 0.922059 0.703798 0.880718 0.991139 0.976376 0.901030 0.925444 0.998823 0.935596 0.732271 0.808250 0.833670 0.967379 0.965686 0.812400 0.836154 0.700186 0.508293 0.710196 0.919490 0.833548 0.655781 0.938594 0.958032 0.802729 0.808360 0.750442 0.772812 0.848926 0.845806 0.778170 0.929295 0.835252 0.827013 0.875982 0.943426 0.957982 0.981577 0.962441 0.800422 0.964365 0.531165 0.938719 0.844761 0.638660 0.758325 0.837877 0.742231 0.698592 0.929522 0.819888 0.979280 0.971544 0.876809 0.840459 0.702615 0.566414 0.974529 0.689101 0.883424 0.981095 0.910894 0.900179 0.963657 0.998358 0.972529 0.874195 0.982878 0.860403 0.866520 0.995702 0.977024 0.932205
0.957798 0.975667 0.856902 0.963554 0.677636 0.903004 0.632643 0.992399 0.753255 0.785761 0.813738 0.718026 0.509720 0.000000 0.627706 0.577099 0.950451 0.959898 0.641182 0.751659 0.846855 0.807823 0.567673 0.603577 0.986346 0.877914 0.976351 0.919901 0.713970 0.900161 0.883053 0.810587 0.673317 0.769631 0.771882 0.856772 0.867858 0.970372 0.910543 0.813287 0.937832 0.937961 0.992145 0.999306 0.797327 0.916786 0.985536 0.934493 0.974383 0.933429 0.989291 0.876814 0.829860 0.820470 0.917149 0.999257 0.988013 0.887365 0.994630 0.829076 0.567423 0.684029 0.860591 0.823839 0.706743 0.942020 0.897124 0.997551 0.791596 0.828988 0.907556 0.932894 0.972168 0.865232 0.991643 0.789713 0.920804 0.952763 0.998960 0.972107 0.955678 0.894641 0.733533 0.858125 0.546192 0.814641 0.890498 0.622216 0.769311 0.759628 0.774070 0.816527 0.848560 0.883736 0.946724 0.958857 0.918716 0.811991 0.869276 0.721757 0.981172 0.857853 0.940221 0.875292 0.922618 0.949647 0.933076 0.984737 0.990745 0.987635 0.888007 0.950989 0.947733 0.954941 0.945968 0.962721
0.972689 0.894177 0.951247 0.687836 0.692399 0.939856 0.652386 0.787412 0.650034 0.700553 0.892140 0.980627 0.438534 0.627706 0.000000 0.455594 0.878943 0.809585 0.637255 0.861474 0.891848 0.914629 0.398070 0.724637 0.910960 0.697589 0.898225 0.952598 0.563568 0.683945 0.730130 0.757330 0.654890 0.871418 0.880687 0.956010 0.822584 0.828970 0.729834 0.716141 0.955978 0.946333 0.992547 0.999141 0.683484 0.856957 0.933807 0.944248 0.825449 0.886822 0.938702 0.983240 0.740385 0.720202 0.848197 0.837365 0.861872 0.867568 0.797410 0.624704 0.664337 0.909016 0.882037 0.827648 0.700775 0.766703 0.834612 0.696238 0.621939 0.697714 0.906159 0.932252 0.862395 0.885723 0.985732 0.834411 0.890705 0.907190 0.961990 0.999708 0.987371 0.866432 0.716369 0.962816 0.566824 0.994470 0.823837 0.603246 0.902557 0.934029 0.843117 0.720855 0.922445 0.881629 0.975280 0.885503 0.786300 0.714348 0.753141 0.645698 0.832894 0.838955 0.852280 0.943636 0.991802 0.824419 0.910198 0.986317 0.994240 0.890113 0.986737 0.770021 0.841152 0.973495 0.994034 0.912255
0.915040 0.964470 0.783980 0.975204 0.607751 0.853824 0.656907 0.985396 0.589088 0.757668 0.899550 0.837816 0.449261 0.577099 0.455594 0.000000 0.967714 0.882484 0.664505 0.800035 0.876530 0.961738 0.424584 0.514277 0.868307 0.892663 0.813509 0.982763 0.721480 0.818218 0.751045 0.860295 0.752789 0.958253 0.887792 0.990916 0.972597 0.993667 0.917945 0.863890 0.986158 0.939121 0.910585 0.992453 0.870723 0.979602 0.999555 0.898809 0.980329 0.929991 0.861953 0.960322 0.848222 0.865013 0.856977 0.908977 0.873609 0.832902 0.711012 0.606659 0.759274 0.794845 0.936004 0.991391 0.519793 0.981660 0.888787 0.742752 0.722550 0.713645 0.809332 0.953112 0.908272 0.859020 0.946816 0.828842 0.926477 0.891439 0.941720 0.980847 0.854655 0.964243 0.698752 0.967611 0.498835 0.816988 0.795191 0.653648 0.838867 0.810266 0.769317 0.616093 0.964042 0.673701 0.961516 0.985659 0.775521 0.666734 0.880262 0.685585 0.907391 0.823129 0.743537 0.840762 0.940119 0.925872 0.893248 0.947024 0.955441 0.894773 0.849590 0.851422 0.867888 0.932002 0.904728 0.907905
0.743641 0.759912 0.751176 0.767795 0.985099 0.871324 0.976710 0.855832 0.949173 0.937642 0.769031 0.905013 0.887231 0.950451 0.878943 0.967714 0.000000 0.534267 0.869596 0.936907 0.992799 0.986347 0.977237 0.804044 0.806139 0.872582 0.857000 0.937293 0.715629 0.650817 0.801638 0.763014 0.761172 0.720667 0.908483 0.916107 0.965422 0.972170 0.786070 0.968425 0.960694 0.850728 0.952651 0.717106 0.744818 0.657556 0.919359 0.945603 0.754352 0.688942 0.746366 0.745135 0.756045 0.790145 0.967136 0.847029 0.715377 0.716502 0.810033 0.928840 0.874114 0.877780 0.567948 0.562643 0.755471 0.727677 0.993209 0.937558 0.990268 0.928238 0.956952 0.932742 0.991354 0.938424 0.927513 0.842113 0.854196 0.915761 0.674849 0.733335 0.649625 0.977059 0.916706 0.869258 0.920064 0.847266 0.899305 0.886617 0.938223 0.920005 0.999147 0.882001 0.856808 0.768405 0.934485 0.855680 0.945158 0.909585 0.840874 0.920760 0.908640 0.893640 0.732033 0.743991 0.970638 0.987247 0.939154 0.987621 0.980694 0.927097 0.898189 0.866400 0.924679 0.808381 0.917631 0.919637
0.644253 0.741743 0.739610 0.771878 0.937399 0.994727 0.955921 0.798880 0.872215 0.931320 0.688222 0.922240 0.804350 0.959898 0.809585 0.882484 0.534267 0.000000 0.892019 0.820222 0.985097 0.955024 0.958292 0.853799 0.957215 0.911783 0.925969 0.780562 0.711533 0.712555 0.763467 0.844734 0.691792 0.804162 0.896983 0.860166 0.914231 0.977086 0.836429 0.952256 0.892354 0.743465 0.881758 0.711162 0.760369 0.693931 0.835371 0.855688 0.741549 0.785344 0.758582 0.775424 0.802414 0.859399 0.936227 0.779114 0.685398 0.666525 0.843271 0.928370 0.859270 0.854638 0.601333 0.561638 0.863671 0.767586 0.931175 0.894523 0.955855 0.966553 0.934136 0.964649 0.942612 0.873758 0.964013 0.983611 0.798056 0.835749 0.672970 0.832136 0.701796 0.816026 0.823819 0.685490 0.958519 0.964871 0.949830 0.821444 0.970088 0.898924 0.897329 0.869892 0.927706 0.826379 0.960797 0.839264 0.943295 0.932341 0.802622 0.926303 0.899083 0.909498 0.847233 0.793674 0.945505 0.985966 0.834870 0.932165 0.914960 0.957436 0.985352 0.950291 0.956722 0.795622 0.866292 0.978250
0.859897 0.915135 0.837876 0.995518 0.813123 0.937942 0.457344 0.772457 0.592146 0.520796 0.698001 0.941050 0.492391 0.641182 0.637255 0.664505 0.869596 0.892019 0.000000 0.656032 0.803977 0.923755 0.538275 0.786628 0.805485 0.664708 0.933019 0.787449 0.668633 0.550049 0.691823 0.629623 0.757001 0.695631 0.824719 0.980045 0.774911 0.887247 0.733840 0.689758 0.928121 0.981573 0.980434 0.956672 0.837361 0.900969 0.808860 0.922851 0.855216 0.748716 0.941245 0.943530 0.752776 0.838095 0.858650 0.887134 0.976753 0.840432 0.911659 0.950810 0.632258 0.778529 0.878561 0.848770 0.872725 0.818106 0.912508 0.713679 0.924920 0.827846 0.811968 0.834708 0.771946 0.848142 0.949100 0.986052 0.816021 0.996541 0.981374 0.947864 0.877142 0.931959 0.922410 0.896502 0.726493 0.876623 0.954262 0.680189 0.804988 0.862962 0.648134 0.638743 0.878719 0.783795 0.967440 0.886788 0.964786 0.887736 0.798236 0.653741 0.935300 0.699988 0.982647 0.946709 0.925033 0.897671 0.924824 0.806391 0.997700 0.935283 0.943830 0.842397 0.889413 0.955483 0.910485 0.885594
0.896948 0.941469 0.891281 0.917334 0.988719 0.952148 0.690336 0.795747 0.917475 0.834438 0.774791 0.887222 0.708192 0.751659 0.861474 0.800035 0.936907 0.820222 0.656032 0.000000 0.749590 0.851703 0.796545 0.845096 0.973766 0.915665 0.969536 0.878667 0.828540 0.706771 0.897763 0.782443 0.866135 0.851503 0.819827 0.921843 0.909504 0.930370 0.934602 0.901150 0.961968 0.967353 0.995022 0.901129 0.941927 0.977394 0.905414 0.986093 0.941430 0.988344 0.914084 0.934494 0.927116 0.934356 0.973490 0.852580 0.913243 0.948705 0.940609 0.974774 0.854389 0.900901 0.985386 0.981488 0.894893 0.990941 0.976699 0.853337 0.992524 0.905032 0.776459 0.810277 0.883306 0.836248 0.765828 0.932273 0.836098 0.980697 0.894607 0.940250 0.940158 0.816240 0.910393 0.876633 0.852006 0.990726 0.967586 0.781051 0.775297 0.843913 0.941286 0.863315 0.848487 0.856844 0.979171 0.904473 0.985775 0.998709 0.861124 0.870773 0.962406 0.830126 0.910188 0.973893 0.960377 0.977120 0.904127 0.878808 0.969157 0.969761 0.990995 0.935192 0.981121 0.913877 0.936006 0.973480
0.871877 0.832269 0.838743 0.900990 0.828553 0.833865 0.689817 0.816008 0.814271 0.782032 0.925516 0.874033 0.823860 0.846855 0.891848 0.876530 0.992799 0.985097 0.803977 0.749590 0.000000 0.943403 0.742277 0.891561 0.891761 0.829025 0.949489 0.849425 0.945521 0.869459 0.977799 0.772875 0.926333 0.947857 0.968972 0.962030 0.869601 0.833588 0.883855 0.732946 0.903819 0.807600 0.812719 0.859035 0.878685 0.795886 0.847962 0.939131 0.832191 0.956010 0.810704 0.848301 0.969330 0.958805 0.925772 0.950895 0.761741 0.683863 0.834947 0.873667 0.903952 0.799662 0.857189 0.882271 0.908848 0.979219 0.869515 0.793134 0.892605 0.720983 0.817676 0.847777 0.790840 0.812549 0.919454 0.985034 0.930510 0.984663 0.950729 0.992816 0.782787 0.933183 0.950637 0.822177 0.878042 0.916149 0.983846 0.864308 0.966286 0.996525 0.896953 0.764235 0.945745 0.821501 0.912824 0.838715 0.943290 0.981955 0.958987 0.941337 0.865615 0.738070 0.970471 0.846361 0.968135 0.984876 0.886559 0.935831 0.987978 0.938141 0.996903 0.938519 0.915363 0.922563 0.862787 0.921136
0.988587 0.989860 0.860150 0.995811 0.989778 0.941840 0.906517 0.976720 0.954690 0.965287 0.974952 0.943852 0.932141 0.807823 0.914629 0.961738 0.986347 0.955024 0.923755 0.851703 0.943403 0.000000 0.953137 0.955363 0.988267 0.951252 0.981644 0.980242 0.959682 0.953434 0.936404 0.951378 0.903850 0.970380 0.939949 0.965734 0.906896 0.888260 0.996706 0.990923 0.996264 0.896445 0.937449 0.954774 0.954800 0.978016 0.964290 0.992599 0.942745 0.980595 0.892160 0.918734 0.833721 0.969869 0.936127 0.994441 0.990327 0.986900 0.993130 0.948978 0.953110 0.894367 0.949291 0.935898 0.958802 0.951166 0.993871 0.941507 0.918566 0.956795 0.886296 0.971698 0.937477 0.993210 0.957133 0.907256 0.871677 0.950597 0.948846 0.862057 0.928248 0.892492 0.966715 0.904742 0.909759 0.958258 0.876003 0.848770 0.842629 0.922152 0.971917 0.919984 0.979886 0.917931 0.869156 0.784141 0.974514 0.927931 0.898325 0.950536 0.957168 0.855042 0.957349 0.920177 0.909074 0.976388 0.948546 0.969900 0.887563 0.960546 0.968316 0.939030 0.890104 0.931355 0.927873 0.976371
0.889830 0.800966 0.779319 0.894209 0.593354 0.955606 0.500957 0.975598 0.521076 0.599125 0.954834 0.983221 0.425777 0.567673 0.398070 0.424584 0.977237 0.958292 0.538275 0.796545 0.742277 0.953137 0.000000 0.570137 0.969727 0.663911 0.844909 0.886844 0.685005 0.740303 0.747035 0.792358 0.720019 0.951805 0.937051 0.959127 0.814437 0.880845 0.776979 0.639094 0.922467 0.874580 0.953504 0.882204 0.801014 0.988052 0.846014 0.920570 0.946155 0.971262 0.818868 0.963872 0.797714 0.752496 0.784083 0.803090 0.771501 0.750778 0.732037 0.631659 0.651350 0.774328 0.967682 0.976071 0.578658 0.900404 0.817201 0.648702 0.693693 0.685161 0.844600 0.899446 0.824245 0.850617 0.963053 0.876542 0.877155 0.921514 0.986316 0.935462 0.876602 0.904134 0.715310 0.973297 0.473235 0.932731 0.789538 0.583250 0.820679 0.887668 0.705764 0.533590 0.978177 0.692105 0.988944 0.993947 0.820484 0.724329 0.820790 0.617926 0.915692 0.718237 0.768038 0.878222 0.974923 0.846641 0.967871 0.965626 0.983407 0.912735 0.989999 0.846283 0.838081 0.964704 0.980204 0.968294
0.898450 0.949857 0.625198 0.777520 0.690436 0.838281 0.711367 0.856369 0.652522 0.862055 0.992052 0.798765 0.612755 0.603577 0.724637 0.514277 0.804044 0.853799 0.786628 0.845096 0.891561 0.955363 0.570137 0.000000 0.696962 0.974164 0.787511 0.917268 0.995654 0.948507 0.902526 0.999193 0.881803 0.999571 0.863263 0.991935 0.984952 0.813142 0.900136 0.946557 0.943265 0.924650 0.953090 0.839346 0.939653 0.777109 0.994164 0.905704 0.765456 0.765864 0.813564 0.950459 0.956793 0.994403 0.884333 0.943468 0.800261 0.812629 0.767401 0.752590 0.795313 0.657536 0.781973 0.837892 0.470027 0.702518 0.950792 0.924497 0.899953 0.827183 0.793378 0.983732 0.983051 0.974837 0.905775 0.869309 0.999521 0.837396 0.978759 0.861414 0.733594 0.963291 0.811950 0.985635 0.522146 0.645907 0.685685 0.773899 0.710624 0.855886 0.841597 0.719239 0.890793 0.663179 0.932573 0.836112 0.852037 0.929373 0.983327 0.785946 0.992826 0.882878 0.586336 0.822535 0.846062 0.848376 0.923498 0.958761 0.881992 0.992707 0.916167 0.978715 0.925189 0.924715 0.941512 0.812847
0.994555 0.786725 0.645594 0.599439 0.952404 0.607314 0.980246 0.766488 0.864933 0.737500 0.938840 0.741202 0.989918 0.986346 0.910960 0.868307 0.806139 0.957215 0.805485 0.973766 0.891761 0.988267 0.969727 0.696962 0.000000 0.531089 0.755640 0.829879 0.763374 0.744116 0.998526 0.732533 0.940666 0.997338 0.815628 0.897718 0.715443 0.687995 0.593225 0.675153 0.917967 0.961446 0.833713 0.931847 0.719717 0.736496 0.797008 0.911252 0.640642 0.577175 0.857182 0.936539 0.678501 0.610146 0.836499 0.893670 0.990466 0.933468 0.942595 0.990966 0.976032 0.775082 0.731248 0.801335 0.567451 0.461031 0.684273 0.702702 0.844993 0.962646 0.985151 0.917763 0.919666 0.922120 0.980070 0.991267 0.986400 0.803397 0.923784 0.994541 0.895636 0.758771 0.945864 0.785417 0.823492 0.480391 0.694049 0.826615 0.785837 0.890910 0.986109 0.983607 0.707961 0.778520 0.880954 0.757238 0.917269 0.935196 0.819080 0.966781 0.799901 0.892783 0.745751 0.806577 0.743572 0.681488 0.997782 0.849063 0.932429 0.840479 0.994457 0.873936 0.937419 0.993750 0.832052 0.718515
0.922490 0.659840 0.839822 0.649225 0.810146 0.548798 0.715846 0.825455 0.688887 0.596258 0.944348 0.776681 0.733603 0.877914 0.697589 0.892663 0.872582 0.911783 0.664708 0.915665 0.829025 0.951252 0.663911 0.974164 0.531089 0.000000 0.934333 0.659000 0.693228 0.632663 0.846697 0.781549 0.893589 0.950746 0.834386 0.892224 0.728683 0.818430 0.594356 0.548208 0.858761 0.954919 0.755208 0.947034 0.733219 0.839944 0.728842 0.984407 0.753443 0.728392 0.958287 0.917337 0.738726 0.662358 0.743388 0.755749 0.890621 0.749540 0.816691 0.796778 0.879226 0.907108 0.794679 0.871073 0.792009 0.475373 0.580969 0.553938 0.781410 0.852324 0.912827 0.796838 0.885001 0.951210 0.856587 0.926359 0.957163 0.888349 0.941576 0.946664 0.976201 0.667744 0.961565 0.838755 0.990988 0.537431 0.932822 0.681142 0.985110 0.809070 0.952713 0.879277 0.741562 0.920142 0.961421 0.766146 0.854769 0.826044 0.801224 0.787646 0.840531 0.766522 0.971797 0.891241 0.813139 0.694538 0.937252 0.914741 0.979818 0.873478 0.955824 0.936813 0.958307 0.994907 0.882286 0.735195
0.854185 0.962756 0.948429 0.939377 0.895344 0.902263 0.945062 0.954866 0.915919 0.989373 0.849678 0.904469 0.986870 0.976351 0.898225 0.813509 0.857000 0.925969 0.933019 0.969536 0.949489 0.981644 0.844909 0.787511 0.755640 0.934333 0.000000 0.962797 0.950529 0.824049 0.965036 0.807066 0.903888 0.823722 0.978688 0.833041 0.937305 0.847571 0.883622 0.982897 0.954580 0.927872 0.890925 0.779717 0.828175 0.782115 0.959940 0.889058 0.787165 0.736607 0.790898 0.861564 0.888430 0.927985 0.955935 0.869854 0.798506 0.920289 0.819611 0.809649 0.882506 0.996422 0.835811 0.782416 0.708406 0.844717 0.895105 0.919279 0.969566 0.930777 0.967667 0.901146 0.932296 0.865571 0.919547 0.991055 0.920048 0.988702 0.877831 0.927016 0.871752 0.916338 0.836706 0.953958 0.806479 0.796706 0.778915 0.940748 0.878123 0.995175 0.955229 0.836849 0.996847 0.875901 0.998223 0.951654 0.971104 0.961879 0.873938 0.966872 0.884683 0.907798 0.648266 0.760695 0.980894 0.888338 0.876730 0.974436 0.975695 0.946825 0.923459 0.979992 0.947519 0.950990 0.843692 0.787934
0.824656 0.703695 0.890151 0.993856 0.864135 0.700522 0.768683 0.866897 0.754554 0.681234 0.965189 0.960720 0.888387 0.919901 0.952598 0.982763 0.937293 0.780562 0.787449 0.878667 0.849425 0.980242 0.886844 0.917268 0.829879 0.659000 0.962797 0.000000 0.931981 0.810447 0.935025 0.967233 0.888905 0.990715 0.735637 0.855450 0.909710 0.997566 0.875008 0.782372 0.855422 0.874600 0.804220 0.890869 0.971970 0.960045 0.849425 0.971164 0.969927 0.925779 0.877181 0.834263 0.994768 0.912326 0.803954 0.879184 0.875572 0.710978 0.844733 0.960130 0.986280 0.880700 0.931418 0.870237 0.891515 0.846034 0.766090 0.707361 0.973125 0.949934 0.853293 0.755296 0.868533 0.998453 0.841872 0.982919 0.963232 0.888710 0.895457 0.939197 0.879319 0.888709 0.846272 0.742402 0.931721 0.756136 0.998332 0.905186 0.808964 0.891496 0.938643 0.847777 0.881274 0.990456 0.983587 0.922633 0.973228 0.982780 0.982636 0.885487 0.987806 0.903871 0.902836 0.960938 0.807406 0.812449 0.873353 0.964989 0.976033 0.916630 0.982010 0.954781 0.963932 0.954651 0.906034 0.904222
0.849973 0.913182 0.914966 0.652592 0.897289 0.887099 0.713465 0.894303 0.804094 0.666514 0.700277 0.947428 0.646090 0.713970 0.563568 0.721480 0.715629 0.711533 0.668633 0.828540 0.945521 0.959682 0.685005 0.995654 0.763374 0.693228 0.950529 0.931981 0.000000 0.526335 0.690633 0.642393 0.606197 0.725349 0.953301 0.969562 0.876969 0.821751 0.695356 0.671586 0.963755 0.818181 0.910114 0.914545 0.715316 0.735668 0.850007 0.944172 0.715260 0.713391 0.964631 0.978584 0.678857 0.757193 0.992771 0.878236 0.921452 0.940801 0.936784 0.849738 0.751016 0.993697 0.669101 0.655123 0.917832 0.596890 0.842726 0.752469 0.677794 0.792278 0.960353 0.789869 0.866452 0.895158 0.913455 0.883390 0.982341 0.886656 0.864298 0.969032 0.734127 0.971379 0.826847 0.974442 0.872296 0.760496 0.842118 0.694955 0.990547 0.855959 0.941704 0.943151 0.899026 0.972339 0.987603 0.782171 0.894225 0.779719 0.711188 0.806612 0.929095 0.889985 0.899185 0.962904 0.810503 0.701184 0.906195 0.881486 0.752136 0.793769 0.961143 0.857766 0.956162 0.855757 0.961760 0.793657
0.790441 0.924082 0.991806 0.821532 0.957732 0.807481 0.630330 0.891931 0.734794 0.561499 0.632509 0.992201 0.673798 0.900161 0.683945 0.818218 0.650817 0.712555 0.550049 0.706771 0.869459 0.953434 0.740303 0.948507 0.744116 0.632663 0.824049 0.810447 0.526335 0.000000 0.638882 0.580624 0.746348 0.722523 0.744358 0.946791 0.932640 0.872091 0.627829 0.696667 0.951260 0.890464 0.946372 0.855509 0.790758 0.777714 0.837157 0.935543 0.725533 0.694023 0.966824 0.986671 0.745304 0.839270 0.971400 0.965262 0.902189 0.980246 0.945689 0.965326 0.776162 0.995231 0.792253 0.708209 0.836723 0.616457 0.847150 0.697029 0.905978 0.986185 0.872289 0.722687 0.734343 0.822638 0.960360 0.913508 0.911105 0.981263 0.795174 0.852500 0.690844 0.931221 0.952436 0.935543 0.993679 0.699422 0.886966 0.799498 0.914532 0.996780 0.800389 0.863866 0.930548 0.965006 0.916658 0.889002 0.938384 0.964583 0.684060 0.751699 0.972318 0.661736 0.823358 0.810449 0.858402 0.816564 0.979364 0.896699 0.906348 0.935398 0.840503 0.880575 0.931332 0.908846 0.910547 0.802381
0.908899 0.973136 0.857850 0.943768 0.971237 0.960986 0.730981 0.975033 0.749991 0.715402 0.753485 0.902021 0.713385 0.883053 0.730130 0.751045 0.801638 0.763467 0.691823 0.897763 0.977799 0.936404 0.747035 0.902526 0.998526 0.846697 0.965036 0.935025 0.690633 0.638882 0.000000 0.834503 0.733429 0.743234 0.915148 0.917287 0.914175 0.945340 0.886039 0.935529 0.979177 0.918539 0.990116 0.933415 0.797671 0.861222 0.897748 0.977188 0.859947 0.819615 0.930703 0.952983 0.794019 0.866493 0.984619 0.922839 0.969322 0.987968 0.852934 0.890110 0.822682 0.894290 0.866409 0.810413 0.957982 0.801123 0.995843 0.843638 0.881109 0.855255 0.864554 0.947367 0.919986 0.975972 0.909872 0.970504 0.785577 0.992894 0.902832 0.777193 0.769206 0.909395 0.857533 0.982832 0.874342 0.950192 0.973527 0.867958 0.826314 0.852797 0.887643 0.861453 0.969388 0.819100 0.957505 0.989648 0.984949 0.971879 0.861568 0.782989 0.958505 0.825591 0.939773 0.975735 0.952126 0.913797 0.823218 0.935893 0.904866 0.914418 0.949020 0.939523 0.994261 0.923451 0.947159 0.963075
0.785083 0.961428 0.952121 0.936780 0.948871 0.829479 0.628890 0.828479 0.828313 0.647563 0.744827 0.976421 0.699895 0.810587 0.757330 0.860295 0.763014 0.844734 0.629623 0.782443 0.772875 0.951378 0.792358 0.999193 0.732533 0.781549 0.807066 0.967233 0.642393 0.580624 0.834503 0.000000 0.705784 0.751857 0.869724 0.936103 0.860401 0.824463 0.812995 0.706621 0.916064 0.907997 0.970626 0.900779 0.839991 0.855890 0.935278 0.871700 0.848140 0.747630 0.986666 0.974475 0.729523 0.850201 0.989412 0.979827 0.977076 0.884753 0.996285 0.985833 0.723955 0.933859 0.788022 0.787088 0.904630 0.734010 0.910477 0.807347 0.845266 0.919288 0.911901 0.732267 0.791420 0.817300 0.906080 0.846281 0.955039 0.972972 0.917999 0.889171 0.792331 0.992711 0.985248 0.968175 0.936883 0.765690 0.819150 0.800438 0.981405 0.973385 0.839736 0.877259 0.980035 0.983251 0.982089 0.881720 0.926640 0.965403 0.703763 0.738821 0.951546 0.773857 0.817110 0.923556 0.946296 0.943045 0.892535 0.843849 0.976195 0.951828 0.864579 0.927520 0.937030 0.984527 0.886811 0.755120
0.853240 0.941006 0.918173 0.841096 0.900356 0.894573 0.709154 0.987009 0.940273 0.891104 0.677653 0.739758 0.606223 0.673317 0.654890 0.752789 0.761172 0.691792 0.757001 0.866135 0.926333 0.903850 0.720019 0.881803 0.940666 0.893589 0.903888 0.888905 0.606197 0.746348 0.733429 0.705784 0.000000 0.637613 0.794925 0.865553 0.975021 0.970472 0.857710 0.942740 0.926951 0.863677 0.922100 0.867982 0.723678 0.813428 0.917449 0.941485 0.892980 0.877632 0.833792 0.819720 0.742558 0.881813 0.991178 0.865790 0.893169 0.983731 0.890425 0.988546 0.555690 0.768883 0.716131 0.629400 0.875609 0.948106 0.791283 0.913151 0.789545 0.857315 0.985013 0.865940 0.931636 0.953599 0.983721 0.831681 0.989094 0.933712 0.940313 0.870367 0.812404 0.868376 0.879824 0.787620 0.746674 0.929824 0.972145 0.760826 0.956903 0.858832 0.824198 0.985501 0.826316 0.946404 0.968764 0.944910 0.826225 0.998864 0.737851 0.685096 0.803556 0.869212 0.856746 0.998424 0.928580 0.935080 0.971946 0.952640 0.960865 0.984585 0.797296 0.947335 0.994505 0.952116 0.883541 0.875194
0.670955 0.859882 0.941844 0.932176 0.960540 0.858177 0.818714 0.888595 0.967015 0.859867 0.665027 0.793055 0.760047 0.769631 0.871418 0.958253 0.720667 0.804162 0.695631 0.851503 0.947857 0.970380 0.951805 0.999571 0.997338 0.950746 0.823722 0.990715 0.725349 0.722523 0.743234 0.751857 0.637613 0.000000 0.877080 0.853133 0.993793 0.984185 0.922558 0.973197 0.921804 0.854018 0.810535 0.715196 0.723499 0.685606 0.839966 0.775467 0.770523 0.746735 0.726162 0.707966 0.721768 0.889465 0.810613 0.844479 0.767566 0.881597 0.744106 0.775244 0.583764 0.757493 0.718553 0.658376 0.949230 0.987543 0.735439 0.812421 0.949878 0.955571 0.933865 0.822242 0.991595 0.891031 0.862029 0.909762 0.822260 0.885405 0.916692 0.704620 0.651444 0.786692 0.992482 0.943202 0.918606 0.948894 0.881162 0.922918 0.922144 0.777937 0.750347 0.956021 0.780215 0.950404 0.929839 0.952074 0.918702 0.824226 0.715829 0.757522 0.736288 0.855560 0.734967 0.919177 0.958229 0.886078 0.992331 0.928367 0.983727 0.996546 0.742739 0.770812 0.949227 0.812801 0.929148 0.968660
0.998798 0.805778 0.955153 0.862693 0.890457 0.681991 0.825924 0.728953 0.931484 0.736597 0.882772 0.821320 0.938226 0.771882 0.880687 0.887792 0.908483 0.896983 0.824719 0.819827 0.968972 0.939949 0.937051 0.863263 0.815628 0.834386 0.978688 0.735637 0.953301 0.744358 0.915148 0.869724 0.794925 0.877080 0.000000 0.767284 0.886482 0.993629 0.804815 0.918069 0.851847 0.997656 0.801482 0.948321 0.792168 0.896948 0.730884 0.937083 0.980475 0.969131 0.787457 0.724226 0.857186 0.841955 0.889148 0.809402 0.976073 0.870186 0.805082 0.983172 0.814742 0.904510 0.817161 0.822831 0.810513 0.798479 0.643095 0.611704 0.875837 0.966718 0.990658 0.862689 0.830035 0.984117 0.839371 0.871855 0.986182 0.726588 0.964330 0.872359 0.916018 0.989064 0.848974 0.876113 0.775369 0.699945 0.828656 0.912404 0.927343 0.946130 0.906447 0.870501 0.853709 0.873128 0.897848 0.960601 0.946493 0.954126 0.894135 0.920273 0.975745 0.967900 0.926829 0.972092 0.870207 0.827451 0.900686 0.985397 0.837067 0.996772 0.969450 0.922909 0.936949 0.871778 0.817354 0.920291
0.852415 0.776421 0.918179 0.995961 0.991634 0.870885 0.897757 0.931805 0.863574 0.835880 0.988170 0.836810 0.972561 0.856772 0.956010 0.990916 0.916107 0.860166 0.980045 0.921843 0.962030 0.965734 0.959127 0.991935 0.897718 0.892224 0.833041 0.855450 0.969562 0.946791 0.917287 0.936103 0.865553 0.853133 0.767284 0.000000 0.856544 0.953963 0.922348 0.921127 0.829238 0.904228 0.907932 0.948714 0.933719 0.969923 0.840082 0.881225 0.981276 0.959912 0.855241 0.801373 0.921839 0.992713 0.897749 0.839799 0.888593 0.851589 0.754800 0.824773 0.853646 0.941100 0.803274 0.842381 0.963305 0.874446 0.734854 0.685753 0.991062 0.983351 0.953347 0.793581 0.906397 0.960851 0.990519 0.960591 0.919694 0.968393 0.969096 0.840656 0.968950 0.934163 0.764990 0.874012 0.885816 0.822224 0.984768 0.931031 0.950826 0.958242 0.929461 0.912252 0.794643 0.943123 0.994838 0.978188 0.817082 0.914155 0.929307 0.965258 0.911609 0.949124 0.926088 0.867075 0.837360 0.801140 0.963593 0.982204 0.853466 0.936292 0.912334 0.920854 0.963380 0.954699 0.773372 0.979054
0.974373 0.820170 0.829572 0.808401 0.819873 0.858817 0.847786 0.888601 0.789609 0.826364 0.946298 0.802605 0.866916 0.867858 0.822584 0.972597 0.965422 0.914231 0.774911 0.909504 0.869601 0.906896 0.814437 0.984952 0.715443 0.728683 0.937305 0.909710 0.876969 0.932640 0.914175 0.860401 0.975021 0.993793 0.886482 0.856544 0.000000 0.854469 0.649480 0.779998 0.867580 0.917079 0.783859 0.822759 0.956375 0.991298 0.713706 0.829215 0.988978 0.896722 0.876881 0.954698 0.951575 0.840739 0.748805 0.894451 0.788332 0.775236 0.952403 0.859747 0.921832 0.987924 0.968102 0.980186 0.991462 0.811089 0.789318 0.778725 0.777540 0.815172 0.993504 0.948511 0.851728 0.949713 0.981753 0.907402 0.888422 0.936054 0.907629 0.893767 0.989922 0.722338 0.916261 0.938491 0.927732 0.799004 0.880602 0.835374 0.955418 0.930429 0.961429 0.911566 0.876659 0.913869 0.959455 0.873386 0.964797 0.831476 0.970623 0.966420 0.892672 0.904355 0.990700 0.980432 0.815468 0.900498 0.908008 0.941524 0.986988 0.977528 0.963843 0.930430 0.981405 0.928449 0.817718 0.877601
0.928393 0.950646 0.873175 0.833572 0.942771 0.918531 0.922513 0.920457 0.814728 0.839107 0.943434 0.904881 0.959976 0.970372 0.828970 0.993667 0.972170 0.977086 0.887247 0.930370 0.833588 0.888260 0.880845 0.813142 0.687995 0.818430 0.847571 0.997566 0.821751 0.872091 0.945340 0.824463 0.970472 0.984185 0.993629 0.953963 0.854469 0.000000 0.801984 0.690749 0.948738 0.961200 0.910371 0.957986 0.884229 0.929980 0.883673 0.984691 0.833609 0.773598 0.962917 0.968397 0.847946 0.855406 0.940571 0.891534 0.924571 0.926147 0.963328 0.905511 0.960478 0.904016 0.928721 0.916723 0.857994 0.741152 0.820269 0.874922 0.815324 0.816568 0.886911 0.991660 0.899547 0.967909 0.981838 0.954361 0.963458 0.863122 0.985883 0.920083 0.995315 0.862773 0.901278 0.816965 0.945446 0.745359 0.841583 0.968789 0.697214 0.877016 0.931489 0.936265 0.917802 0.884302 0.913972 0.840372 0.935430 0.817716 0.887145 0.935545 0.760236 0.946764 0.913232 0.970845 0.730208 0.762005 0.987228 0.949190 0.989372 0.898637 0.960995 0.910918 0.999725 0.986052 0.965077 0.826404
