0.000000 0.192014 0.465138 0.632195 0.698792 0.906091 0.428893 0.527664 0.935829 0.756284 0.383693 0.314758 0.300321 0.442904 0.636001 0.714211 0.328384 0.368454 0.269204 0.293382 0.721638 0.985879 0.646193 0.748837 0.796323 0.991815 0.933355 0.965554 0.511825 0.450511 0.860566 0.933947 0.333623 0.300196 0.703954 0.926731 0.503245 0.734944 0.739404 0.779530 0.767023 0.962224 0.830855 0.770983 0.937826 0.831499 0.451061 0.493480 0.749967 0.549787 0.629287 0.563499 0.978016 0.769657 0.399732 0.496046 0.284803 0.212155 0.287086 0.337527 0.250026 0.361419 0.235128 0.224055 0.572949 0.400761 0.357274 0.558896 0.293405 0.286524 0.720059 0.985207 0.535298 0.715789 0.704326 0.780399 0.705482 0.783601 0.506600 0.479180 0.252059 0.265926 0.355651 0.347572 0.274061 0.373042 0.574172 0.618202 0.459681 0.482017 0.586439 0.529516 0.475474 0.478233 0.984969 0.875787 0.384731 0.967568 0.876654 0.928634 0.786189 0.885010 0.769271 0.777816 0.652892 0.539851 0.999300 0.952903 0.831557 0.658591 0.986119 0.721001 0.911507 0.848250 0.701285 0.760792
0.192014 0.000000 0.510436 0.596826 0.745188 0.910803 0.444910 0.468806 0.947727 0.821574 0.413173 0.269695 0.333965 0.415156 0.641845 0.692957 0.298691 0.314262 0.260409 0.258423 0.766747 0.935135 0.602082 0.709421 0.853997 0.900136 0.955104 0.980538 0.450686 0.396099 0.850067 0.872725 0.317622 0.300866 0.743098 0.992683 0.528763 0.667234 0.765486 0.812478 0.768763 0.841715 0.692263 0.669688 0.858985 0.760131 0.378972 0.444568 0.687976 0.509902 0.572776 0.512579 0.958604 0.824607 0.451705 0.510529 0.260976 0.184877 0.296170 0.339503 0.288265 0.375276 0.219243 0.181372 0.649121 0.442823 0.357840 0.508219 0.336644 0.298471 0.638873 0.887793 0.559963 0.694753 0.753198 0.729814 0.603702 0.657419 0.392546 0.423858 0.240878 0.284892 0.394596 0.400889 0.340709 0.409826 0.633605 0.658841 0.535938 0.509639 0.662646 0.624105 0.587564 0.514618 0.991941 0.839657 0.379825 0.892186 0.781036 0.828019 0.827900 0.916085 0.695901 0.729873 0.583359 0.478223 0.965717 0.936921 0.883599 0.639051 0.930475 0.669897 0.848302 0.830742 0.657276 0.765552
0.465138 0.510436 0.000000 0.348521 0.784069 0.912984 0.554634 0.684735 0.818625 0.614215 0.766882 0.641293 0.380798 0.657959 0.554969 0.578576 0.778599 0.833739 0.628104 0.652156 0.652354 0.862291 0.502148 0.480143 0.463919 0.565484 0.733431 0.840218 0.924374 0.927878 0.774542 0.826614 0.634870 0.672263 0.566103 0.916673 0.443430 0.728005 0.584796 0.846662 0.821234 0.760506 0.900711 0.954251 0.776745 0.936285 0.742306 0.647885 0.932411 0.677395 0.774026 0.656386 0.957066 0.882240 0.399798 0.636350 0.783650 0.596048 0.464693 0.441746 0.427489 0.498571 0.625238 0.626459 0.249339 0.359578 0.499440 0.669466 0.465273 0.446190 0.895900 0.891479 0.556482 0.727490 0.810091 0.861865 0.848063 0.956985 0.703534 0.799137 0.717419 0.663111 0.646580 0.599267 0.353973 0.330777 0.591712 0.819390 0.415554 0.493715 0.499820 0.525756 0.442405 0.590123 0.952618 0.998742 0.680364 0.844097 0.725388 0.683444 0.666846 0.701176 0.835071 0.853935 0.774795 0.674510 0.850836 0.993814 0.990201 0.918601 0.864813 0.976664 0.898692 0.944540 0.749065 0.905851
0.632195 0.596826 0.348521 0.000000 0.839889 0.903414 0.546897 0.495029 0.764682 0.811410 0.922369 0.636696 0.462204 0.582164 0.478322 0.458324 0.883468 0.879285 0.717301 0.711788 0.780310 0.971967 0.460032 0.392135 0.531971 0.699699 0.740412 0.893437 0.895856 0.944400 0.701824 0.939454 0.718529 0.683673 0.681559 0.962173 0.547437 0.702020 0.577444 0.842916 0.893344 0.945838 0.904799 0.896996 0.862747 0.891907 0.678853 0.552376 0.994768 0.650595 0.675189 0.624740 0.889476 0.970319 0.538208 0.713129 0.870916 0.692889 0.563583 0.542713 0.532606 0.505277 0.703775 0.654264 0.387584 0.443271 0.588140 0.642544 0.731484 0.608255 0.908664 0.924588 0.773901 0.836501 0.837762 0.868572 0.729195 0.859016 0.712959 0.871849 0.829462 0.848441 0.703797 0.685536 0.514322 0.373935 0.671139 0.922611 0.555903 0.521429 0.722642 0.701876 0.680490 0.718564 0.973344 0.858364 0.701800 0.804365 0.880330 0.870895 0.777405 0.714902 0.921083 0.987368 0.682698 0.603623 0.778218 0.775158 0.942903 0.877922 0.994510 0.929399 0.983397 0.843986 0.759836 0.894317
0.698792 0.745188 0.784069 0.839889 0.000000 0.974854 0.765300 0.836065 0.999392 0.887953 0.760306 0.764088 0.640360 0.770809 0.768369 0.708885 0.789346 0.822306 0.701183 0.802593 0.889040 0.823014 0.738440 0.811387 0.760402 0.886517 0.968972 0.889361 0.804705 0.820646 0.935743 0.992707 0.799459 0.730597 0.850140 0.916242 0.857836 0.908915 0.950882 0.733680 0.930936 0.899417 0.973360 0.951754 0.943384 0.973914 0.804491 0.742770 0.985656 0.922331 0.900099 0.902682 0.908578 0.814927 0.809495 0.935773 0.735462 0.780778 0.732711 0.767834 0.729174 0.792314 0.754149 0.739256 0.789398 0.765443 0.831743 0.882700 0.704466 0.706626 0.958678 0.997571 0.820853 0.957610 0.902594 0.953098 0.983945 0.930781 0.823193 0.826049 0.756408 0.778479 0.795637 0.806967 0.694926 0.716781 0.902277 0.842475 0.781052 0.812118 0.863711 0.898904 0.901615 0.805362 0.874420 0.985892 0.826968 0.926740 0.973827 0.973262 0.903053 0.979021 0.927263 0.829029 0.931487 0.765633 0.903329 0.907244 0.882699 0.951439 0.844788 0.974135 0.920882 0.956682 0.756753 0.954825
0.906091 0.910803 0.912984 0.903414 0.974854 0.000000 0.914070 0.869459 0.887227 0.842243 0.857950 0.826880 0.944846 0.886288 0.975781 0.912416 0.844274 0.842227 0.892887 0.935266 0.822423 0.949344 0.827503 0.879838 0.809985 0.854022 0.813877 0.793490 0.809930 0.804509 0.827609 0.919732 0.980905 0.895405 0.792898 0.846582 0.894591 0.920773 0.935532 0.739949 0.889394 0.913314 0.852003 0.816741 0.881497 0.867656 0.952029 0.995702 0.895818 0.938968 0.986185 0.945641 0.994014 0.873846 0.963288 0.910801 0.824701 0.905361 0.982870 0.988557 0.896707 0.858165 0.918145 0.909579 0.823980 0.946511 0.965604 0.993323 0.996226 0.923093 0.974616 0.861608 0.931751 0.929251 0.836034 0.989742 0.974561 0.945649 0.977962 0.824058 0.869390 0.840598 0.984179 0.948972 0.941000 0.980195 0.882484 0.975739 0.831096 0.980726 0.829909 0.944345 0.985332 0.960557 0.900597 0.883328 0.818112 0.713280 0.748892 0.721933 0.712029 0.933289 0.798856 0.829500 0.910133 0.982311 0.993634 0.999824 0.946000 0.907119 0.918435 0.842959 0.942053 0.980796 0.945275 0.894753
0.428893 0.444910 0.554634 0.546897 0.765300 0.914070 0.000000 0.316974 0.562991 0.849138 0.456780 0.456834 0.331593 0.318214 0.438487 0.522811 0.482431 0.489565 0.336421 0.432470 0.863093 0.991447 0.767040 0.809966 0.955046 0.902544 0.895572 0.942184 0.437092 0.506402 0.763593 0.735184 0.370302 0.301832 0.794627 0.877068 0.718130 0.727583 0.889809 0.818331 0.905034 0.899564 0.531557 0.471351 0.597041 0.480517 0.441084 0.347893 0.611213 0.527551 0.479515 0.512524 0.716883 0.895499 0.586053 0.526420 0.528072 0.508390 0.394664 0.563991 0.315737 0.410994 0.375720 0.402495 0.731904 0.463129 0.321804 0.328513 0.702567 0.595153 0.580772 0.835387 0.585516 0.568502 0.735173 0.678730 0.515173 0.593044 0.505593 0.579431 0.541870 0.603451 0.587841 0.589236 0.578729 0.551261 0.764881 0.886980 0.699645 0.800577 0.960493 0.947230 0.824806 0.811993 0.901571 0.851987 0.467013 0.949831 0.632124 0.671534 0.942580 0.792514 0.667076 0.560033 0.570028 0.582255 0.840907 0.819285 0.800442 0.725189 0.811349 0.553727 0.718189 0.566643 0.620167 0.663492
0.527664 0.468806 0.684735 0.495029 0.836065 0.869459 0.316974 0.000000 0.664982 0.762734 0.530330 0.386139 0.485242 0.314194 0.608619 0.539834 0.603944 0.580989 0.476886 0.526857 0.956975 0.966833 0.891522 0.804827 0.894534 0.863142 0.866716 0.862611 0.471186 0.514715 0.905990 0.734173 0.553558 0.397108 0.960520 0.974200 0.744301 0.693767 0.848144 0.820550 0.974980 0.880170 0.530552 0.517905 0.655773 0.464168 0.390807 0.362711 0.561103 0.537687 0.429253 0.489886 0.744588 0.948692 0.573746 0.576051 0.595334 0.541819 0.448398 0.544937 0.366242 0.300765 0.458204 0.406774 0.857682 0.422506 0.477386 0.419537 0.792790 0.606054 0.826135 0.944367 0.754192 0.730524 0.762228 0.708373 0.574606 0.628250 0.597904 0.650337 0.605566 0.690242 0.586063 0.659618 0.719119 0.560728 0.815378 0.963744 0.768616 0.766848 0.925287 0.926984 0.906230 0.749062 0.923749 0.765848 0.529731 0.929596 0.600466 0.617205 0.793896 0.917475 0.660057 0.616002 0.637861 0.559496 0.836451 0.725096 0.873892 0.742194 0.778077 0.531839 0.678958 0.625455 0.681192 0.650235
0.935829 0.947727 0.818625 0.764682 0.999392 0.887227 0.562991 0.664982 0.000000 0.693431 0.934415 0.942199 0.735246 0.726298 0.770986 0.829814 0.932700 0.989079 0.826165 0.939965 0.953145 0.991447 0.981920 0.946101 0.901306 0.989636 0.884304 0.903726 0.835474 0.926048 0.870046 0.928844 0.819233 0.805770 0.771804 0.808496 0.886869 0.884422 0.924859 0.954743 0.855069 0.931566 0.730210 0.694382 0.626887 0.588156 0.722807 0.725202 0.762472 0.722077 0.629391 0.678475 0.623135 0.659459 0.880091 0.792382 0.998602 0.985768 0.741536 0.940751 0.734770 0.799202 0.879853 0.923032 0.898750 0.792759 0.640990 0.583058 0.941372 0.972806 0.802920 0.879340 0.812383 0.765158 0.845957 0.834252 0.719960 0.766553 0.882391 0.957911 0.920754 0.876540 0.962725 0.974880 0.986931 0.911304 0.981169 0.968199 0.862846 0.875916 0.857857 0.821445 0.949786 0.872582 0.727231 0.998281 0.859853 0.957824 0.796445 0.810529 0.977298 0.815789 0.873164 0.743709 0.822285 0.794888 0.757907 0.865671 0.987666 0.920150 0.851821 0.812623 0.810572 0.758786 0.737755 0.762897
0.756284 0.821574 0.614215 0.811410 0.887953 0.842243 0.849138 0.762734 0.693431 0.000000 0.968400 0.961257 0.760042 0.983351 0.905638 0.927771 0.898097 0.978953 0.923252 0.864310 0.734486 0.885112 0.569632 0.554687 0.423513 0.652918 0.529847 0.745144 0.799267 0.893320 0.943265 0.741350 0.916450 0.946622 0.670288 0.938752 0.708054 0.998768 0.658824 0.883188 0.798275 0.812872 0.481488 0.550244 0.361335 0.414833 0.875504 0.827348 0.499533 0.824465 0.651490 0.803184 0.594260 0.535339 0.727746 0.940244 0.894376 0.788650 0.971517 0.867392 0.926076 0.957594 0.909546 0.940621 0.475252 0.774064 0.943597 0.736240 0.616507 0.766949 0.917397 0.746212 0.946344 0.759068 0.936692 0.846894 0.774066 0.702646 0.956733 0.991356 0.800113 0.662810 0.675249 0.625736 0.458360 0.535748 0.743977 0.631037 0.611399 0.511193 0.398748 0.444731 0.491880 0.533228 0.861067 0.762782 0.960488 0.725014 0.447421 0.388547 0.454292 0.640539 0.538323 0.594323 0.831528 0.855098 0.839453 0.697543 0.940604 0.941478 0.657260 0.724162 0.573181 0.696680 0.895541 0.957173
0.383693 0.413173 0.766882 0.922369 0.760306 0.857950 0.456780 0.530330 0.934415 0.968400 0.000000 0.310643 0.479890 0.473275 0.778667 0.826861 0.385132 0.371696 0.370623 0.346018 0.910037 0.911982 0.975920 0.935764 0.794680 0.683236 0.761159 0.815053 0.439218 0.343884 0.903806 0.878545 0.483254 0.349338 0.977010 0.836837 0.822765 0.813950 0.962102 0.896935 0.846443 0.869664 0.776945 0.764105 0.764507 0.741523 0.601731 0.589641 0.669806 0.725610 0.736023 0.762313 0.913584 0.784053 0.711921 0.627327 0.388089 0.415441 0.527735 0.634806 0.371997 0.452083 0.341462 0.354279 0.927067 0.548521 0.565319 0.546148 0.570669 0.526784 0.785548 0.927463 0.573116 0.618237 0.681018 0.812855 0.737317 0.755446 0.588601 0.494427 0.357650 0.387439 0.570302 0.535388 0.617386 0.670622 0.736547 0.828338 0.760337 0.799129 0.894657 0.781054 0.801374 0.672345 0.892088 0.929114 0.582512 0.929431 0.708057 0.802939 0.915421 0.865445 0.638433 0.671130 0.758788 0.708188 0.841254 0.927680 0.757186 0.716627 0.906130 0.702224 0.852247 0.777007 0.782477 0.729369
0.314758 0.269695 0.641293 0.636696 0.764088 0.826880 0.456834 0.386139 0.942199 0.961257 0.310643 0.000000 0.423891 0.344639 0.695329 0.663208 0.399595 0.343625 0.320197 0.302464 0.803420 0.899519 0.777872 0.772524 0.997328 0.767712 0.973400 0.903675 0.398674 0.321538 0.977389 0.818029 0.440010 0.326893 0.916921 0.984967 0.668040 0.668826 0.902973 0.773106 0.907983 0.836451 0.721171 0.727494 0.855519 0.765893 0.468978 0.536989 0.710467 0.651462 0.663562 0.670172 0.893104 0.715347 0.590258 0.569467 0.318769 0.310226 0.439818 0.496415 0.300595 0.292179 0.306481 0.246848 0.803772 0.407487 0.507563 0.512537 0.490203 0.411450 0.800521 0.934681 0.583217 0.709918 0.730941 0.747463 0.730815 0.658913 0.512114 0.470276 0.322027 0.369513 0.495857 0.494145 0.495288 0.458908 0.714198 0.790140 0.625781 0.612123 0.808996 0.663044 0.737541 0.541285 0.898533 0.733560 0.486340 0.871276 0.750811 0.784719 0.992793 0.987327 0.635315 0.687414 0.652625 0.564003 0.941710 0.905330 0.849153 0.617564 0.832495 0.663368 0.811911 0.800978 0.700066 0.740178
0.300321 0.333965 0.380798 0.462204 0.640360 0.944846 0.331593 0.485242 0.735246 0.760042 0.479890 0.423891 0.000000 0.401603 0.442247 0.468400 0.438755 0.508497 0.345883 0.375339 0.645405 0.960028 0.510157 0.592667 0.702878 0.927235 0.892650 0.866209 0.572845 0.573055 0.733085 0.929402 0.390296 0.368059 0.728409 0.886479 0.546836 0.710488 0.674260 0.719502 0.725640 0.990000 0.800722 0.719179 0.963149 0.785979 0.516966 0.451969 0.861677 0.584157 0.637982 0.586678 0.995156 0.873727 0.498506 0.572892 0.478256 0.393149 0.364975 0.447469 0.273295 0.382997 0.339413 0.361504 0.439311 0.336250 0.403289 0.539422 0.442327 0.389353 0.690916 0.972995 0.559129 0.678715 0.752075 0.767739 0.611170 0.744143 0.556319 0.518619 0.456996 0.457467 0.470020 0.459670 0.312407 0.306297 0.594812 0.723953 0.479543 0.511617 0.683346 0.664924 0.540799 0.605247 0.939755 0.999820 0.522976 0.871242 0.947554 0.999507 0.781325 0.899791 0.868407 0.764664 0.697177 0.549037 0.914114 0.965193 0.934634 0.820346 0.979100 0.760580 0.871773 0.813423 0.664751 0.727528
0.442904 0.415156 0.657959 0.582164 0.770809 0.886288 0.318214 0.314194 0.726298 0.983351 0.473275 0.344639 0.401603 0.000000 0.564156 0.509568 0.468895 0.422996 0.321410 0.362395 0.866078 0.883925 0.701720 0.655333 0.979895 0.875994 0.962091 0.919540 0.405419 0.406762 0.841066 0.679092 0.424587 0.359148 0.822547 0.981537 0.772098 0.608624 0.842325 0.725153 0.996696 0.801908 0.646003 0.607363 0.784954 0.638883 0.465527 0.502301 0.754979 0.683627 0.633928 0.667021 0.965316 0.874700 0.656553 0.609995 0.446806 0.489864 0.533449 0.659875 0.398775 0.390881 0.422991 0.372351 0.788238 0.441189 0.510324 0.496141 0.694131 0.621323 0.707486 0.804068 0.698097 0.722083 0.796544 0.740613 0.672076 0.561904 0.519742 0.548912 0.473254 0.523753 0.536864 0.541604 0.553950 0.459690 0.810272 0.771148 0.718753 0.683228 0.947194 0.825643 0.773915 0.679464 0.912359 0.769967 0.502412 0.993480 0.736115 0.707474 0.996408 0.869824 0.684160 0.665483 0.649401 0.657928 0.946320 0.950214 0.858899 0.712103 0.824830 0.661226 0.780754 0.661008 0.742775 0.690190
0.636001 0.641845 0.554969 0.478322 0.768369 0.975781 0.438487 0.608619 0.770986 0.905638 0.778667 0.695329 0.442247 0.564156 0.000000 0.334799 0.696447 0.664674 0.621469 0.629240 0.704291 0.954274 0.507362 0.541858 0.682455 0.836307 0.776519 0.824169 0.704137 0.752285 0.552505 0.674064 0.549614 0.618170 0.817125 0.971270 0.728091 0.751736 0.764736 0.952412 0.793220 0.853619 0.776019 0.732610 0.999950 0.896950 0.664972 0.636572 0.939952 0.857519 0.876094 0.833423 0.974963 0.891999 0.732456 0.841824 0.732111 0.700079 0.692206 0.798603 0.612273 0.675543 0.634596 0.655225 0.550103 0.556772 0.621971 0.678578 0.775895 0.700202 0.673508 0.840890 0.818743 0.842801 0.967857 0.737777 0.725883 0.683089 0.683294 0.664425 0.722107 0.759567 0.654215 0.631063 0.590901 0.497408 0.675216 0.897200 0.673645 0.694395 0.942237 0.927553 0.856123 0.851577 0.864920 0.938564 0.689991 0.834649 0.910331 0.914949 0.865949 0.921749 0.896054 0.825219 0.729701 0.754980 0.847762 0.866400 0.865998 0.968792 0.890570 0.852322 0.918531 0.732069 0.851360 0.885120
0.714211 0.692957 0.578576 0.458324 0.708885 0.912416 0.522811 0.539834 0.829814 0.927771 0.826861 0.663208 0.468400 0.509568 0.334799 0.000000 0.823109 0.771564 0.691827 0.710168 0.663382 0.896570 0.526480 0.464651 0.631202 0.775276 0.815147 0.821506 0.784992 0.844079 0.602723 0.703806 0.649554 0.639739 0.823036 0.860648 0.721452 0.763821 0.737021 0.762452 0.782762 0.990647 0.778490 0.720426 0.912959 0.909423 0.653139 0.670911 0.891720 0.944893 0.900097 0.876337 0.966624 0.850081 0.748018 0.898647 0.808254 0.770973 0.727546 0.767547 0.621555 0.621959 0.748511 0.710089 0.589973 0.512578 0.736033 0.752251 0.802533 0.663894 0.845817 0.893133 0.835755 0.790388 0.936697 0.705318 0.804143 0.753939 0.793534 0.751241 0.840485 0.855566 0.756636 0.704725 0.674175 0.448354 0.804947 0.990557 0.708029 0.666852 0.921519 0.857040 0.896647 0.799190 0.988513 0.971722 0.808169 0.808653 0.953335 0.951016 0.903577 0.931131 0.907369 0.880555 0.832010 0.721335 0.845526 0.909391 0.991255 0.922938 0.919009 0.829070 0.845330 0.782294 0.852340 0.905953
0.328384 0.298691 0.778599 0.883468 0.789346 0.844274 0.482431 0.603944 0.932700 0.898097 0.385132 0.399595 0.438755 0.468895 0.696447 0.823109 0.000000 0.234207 0.254235 0.272074 0.932202 0.896091 0.777840 0.918846 0.903288 0.703956 0.992439 0.955896 0.343223 0.293822 0.860388 0.712769 0.310533 0.337144 0.937725 0.926947 0.719009 0.824133 0.973790 0.822567 0.760236 0.743047 0.591363 0.569197 0.751617 0.716490 0.482385 0.556899 0.696115 0.674615 0.691401 0.689939 0.995582 0.848609 0.686712 0.632973 0.232098 0.284712 0.493483 0.599550 0.457984 0.579922 0.260265 0.268648 0.876967 0.623170 0.466888 0.553316 0.504282 0.529840 0.540615 0.748873 0.653996 0.750787 0.789366 0.727892 0.624418 0.563863 0.368996 0.373195 0.234983 0.298336 0.434492 0.454345 0.497380 0.620320 0.805019 0.644702 0.735548 0.728200 0.872489 0.854781 0.758534 0.667778 0.988235 0.946155 0.487662 0.898146 0.671199 0.739105 0.923481 0.826948 0.573081 0.576860 0.680989 0.652145 0.977956 0.961092 0.847154 0.667933 0.915060 0.642269 0.825990 0.721691 0.704479 0.792421
0.368454 0.314262 0.833739 0.879285 0.822306 0.842227 0.489565 0.580989 0.989079 0.978953 0.371696 0.343625 0.508497 0.422996 0.664674 0.771564 0.234207 0.000000 0.279028 0.214392 0.864307 0.872088 0.783460 0.868146 0.874342 0.640155 0.999935 0.929879 0.295804 0.244878 0.865725 0.633917 0.327842 0.306046 0.927963 0.975941 0.761939 0.665570 0.966714 0.900574 0.749748 0.689278 0.588333 0.574149 0.723156 0.739721 0.543341 0.606111 0.725890 0.753490 0.787839 0.812080 0.878678 0.747296 0.752642 0.677413 0.217392 0.292469 0.570100 0.691174 0.515578 0.598635 0.305027 0.271782 0.936872 0.667175 0.510368 0.560068 0.526959 0.542669 0.554952 0.652286 0.662417 0.671198 0.831887 0.735597 0.667508 0.490901 0.364959 0.326521 0.235975 0.293235 0.479974 0.492666 0.553115 0.637388 0.813579 0.686295 0.767064 0.765660 0.951041 0.868889 0.883262 0.748323 0.906399 0.798142 0.459055 0.897312 0.630078 0.660846 0.974130 0.824674 0.501260 0.566941 0.571692 0.677392 0.946821 0.951914 0.851314 0.658455 0.837624 0.609230 0.855453 0.714503 0.776257 0.772221
0.269204 0.260409 0.628104 0.717301 0.701183 0.892887 0.336421 0.476886 0.826165 0.923252 0.370623 0.320197 0.345883 0.321410 0.621469 0.691827 0.254235 0.279028 0.000000 0.250090 0.816790 0.880959 0.691767 0.790719 0.972601 0.785566 0.942470 0.978479 0.325241 0.316628 0.809844 0.724213 0.309498 0.259892 0.793966 0.980565 0.716739 0.705316 0.922925 0.734243 0.886742 0.834779 0.628261 0.583666 0.749749 0.681340 0.456453 0.475300 0.705547 0.604980 0.607329 0.601411 0.990116 0.874791 0.579406 0.567974 0.259366 0.304919 0.388583 0.525308 0.339193 0.459425 0.240289 0.251225 0.792100 0.519807 0.361591 0.475174 0.470489 0.480313 0.540483 0.803091 0.571080 0.693696 0.747424 0.739071 0.626160 0.598891 0.418696 0.431025 0.279347 0.339967 0.455812 0.461713 0.446962 0.517357 0.783882 0.696881 0.681054 0.692606 0.842412 0.772450 0.676954 0.596164 0.964352 0.834019 0.415006 0.964443 0.690556 0.711921 0.888970 0.872457 0.629666 0.558616 0.573783 0.581816 0.999380 0.977496 0.822124 0.612632 0.850881 0.597245 0.827309 0.742321 0.657524 0.750454
0.293382 0.258423 0.652156 0.711788 0.802593 0.935266 0.432470 0.526857 0.939965 0.864310 0.346018 0.302464 0.375339 0.362395 0.629240 0.710168 0.272074 0.214392 0.250090 0.000000 0.823948 0.840860 0.677145 0.764076 0.990254 0.777117 0.955256 0.932156 0.368780 0.272664 0.796979 0.740604 0.324946 0.297883 0.820481 0.987367 0.674375 0.573917 0.905841 0.857397 0.797538 0.735772 0.671204 0.653526 0.819276 0.800801 0.542584 0.567089 0.780759 0.685616 0.735794 0.729933 0.888208 0.755813 0.664933 0.644492 0.234421 0.261723 0.474233 0.574453 0.396529 0.496405 0.272053 0.244646 0.762136 0.538043 0.444721 0.538459 0.447548 0.453785 0.534158 0.715621 0.588981 0.651791 0.756917 0.731663 0.613424 0.548968 0.379647 0.348832 0.251531 0.285571 0.457974 0.468808 0.430101 0.509342 0.732972 0.700147 0.667530 0.650210 0.778032 0.750902 0.711177 0.684940 0.924118 0.869139 0.428112 0.989017 0.779983 0.799058 0.877586 0.919047 0.600647 0.658092 0.562728 0.617140 0.956458 0.962230 0.849597 0.687715 0.874352 0.663271 0.901068 0.760913 0.731812 0.749395
0.721638 0.766747 0.652354 0.780310 0.889040 0.822423 0.863093 0.956975 0.953145 0.734486 0.910037 0.803420 0.645405 0.866078 0.704291 0.663382 0.932202 0.864307 0.816790 0.823948 0.000000 0.930822 0.678360 0.664081 0.673923 0.710707 0.756421 0.601130 0.999634 0.977699 0.846853 0.937233 0.864736 0.872432 0.765169 0.703386 0.745763 0.840707 0.750148 0.897198 0.814869 0.786837 0.866308 0.978906 0.810321 0.869005 0.919815 0.991848 0.798656 0.996688 0.953945 0.992897 0.823773 0.779203 0.812611 0.979801 0.857910 0.813342 0.808055 0.798956 0.739736 0.795906 0.882079 0.855521 0.602344 0.693467 0.842699 0.982853 0.679556 0.678468 0.928088 0.984754 0.791483 0.833553 0.982806 0.932655 0.940422 0.960277 0.993366 0.791329 0.899183 0.810187 0.860656 0.866880 0.677417 0.604938 0.822837 0.962889 0.806630 0.716695 0.702272 0.668258 0.680496 0.737351 0.924553 0.904716 0.848481 0.853627 0.865358 0.826850 0.839000 0.790927 0.983382 0.846822 0.965844 0.907112 0.893968 0.803745 0.989432 0.901220 0.859527 0.907892 0.924471 0.920946 0.996827 0.939606
0.985879 0.935135 0.862291 0.971967 0.823014 0.949344 0.991447 0.966833 0.991447 0.885112 0.911982 0.899519 0.960028 0.883925 0.954274 0.896570 0.896091 0.872088 0.880959 0.840860 0.930822 0.000000 0.938973 0.978174 0.983161 0.987618 0.825687 0.996763 0.893920 0.828848 0.773750 0.728250 0.957952 0.929027 0.935284 0.764031 0.959011 0.933674 0.889748 0.836273 0.997489 0.913954 0.790926 0.817813 0.922455 0.980977 0.891265 0.963419 0.970271 0.923474 0.933138 0.959740 0.905642 0.965439 0.834660 0.940058 0.844544 0.933584 0.990661 0.928755 0.986167 0.933255 0.989412 0.936716 0.922058 0.938713 0.975145 0.965562 0.906692 0.903131 0.892345 0.949405 0.900265 0.951019 0.923873 0.951503 0.835638 0.648454 0.974757 0.945915 0.934794 0.978837 0.878053 0.984837 0.931223 0.953764 0.999405 0.867177 0.898572 0.961927 0.953260 0.887562 0.861712 0.893903 0.959031 0.959116 0.953471 0.972544 0.925814 0.864005 0.995550 0.842241 0.815864 0.905696 0.878537 0.789197 0.982292 0.937849 0.728470 0.954125 0.993855 0.949193 0.886733 0.993774 0.911219 0.987117
0.646193 0.602082 0.502148 0.460032 0.738440 0.827503 0.767040 0.891522 0.981920 0.569632 0.975920 0.777872 0.510157 0.701720 0.507362 0.526480 0.777840 0.783460 0.691767 0.677145 0.678360 0.938973 0.000000 0.310485 0.419105 0.709410 0.561910 0.773508 0.895311 0.918491 0.540985 0.914442 0.644900 0.821916 0.620845 0.954899 0.588770 0.745636 0.697052 0.902708 0.844608 0.970391 0.992251 0.962259 0.743141 0.832278 0.752697 0.789878 0.775360 0.819169 0.960368 0.823033 0.918159 0.886845 0.734383 0.946131 0.750018 0.684005 0.728346 0.712626 0.746488 0.833115 0.703455 0.682622 0.446392 0.704328 0.705900 0.902633 0.622417 0.655783 0.684106 0.836175 0.880766 0.946239 0.930304 0.867632 0.850806 0.869678 0.655427 0.745692 0.741954 0.764423 0.715974 0.695381 0.436732 0.430622 0.707609 0.689199 0.581358 0.494443 0.640519 0.730648 0.643862 0.726669 0.848906 0.983672 0.761316 0.783076 0.805501 0.810132 0.497656 0.704060 0.915916 0.956300 0.776950 0.750186 0.905153 0.962207 0.945992 0.967915 0.903673 0.908310 0.944225 0.986100 0.796967 0.991064
0.748837 0.709421 0.480143 0.392135 0.811387 0.879838 0.809966 0.804827 0.946101 0.554687 0.935764 0.772524 0.592667 0.655333 0.541858 0.464651 0.918846 0.868146 0.790719 0.764076 0.664081 0.978174 0.310485 0.000000 0.382944 0.635099 0.517233 0.780084 0.942200 0.963132 0.698998 0.938810 0.818426 0.853502 0.647068 0.839642 0.601046 0.698120 0.645573 0.881947 0.889799 0.932317 0.869741 0.920399 0.620391 0.758845 0.851556 0.864396 0.682189 0.993331 0.906973 0.999894 0.758791 0.698449 0.685079 0.893459 0.854969 0.757545 0.845683 0.824184 0.784167 0.753012 0.873014 0.789267 0.421625 0.586360 0.845265 0.997270 0.709159 0.709394 0.906633 0.982566 0.997489 0.953223 0.960873 0.938403 0.995502 0.926149 0.777222 0.872379 0.828883 0.788193 0.672680 0.645884 0.486793 0.365728 0.708697 0.756678 0.592741 0.498951 0.626202 0.598200 0.661343 0.690032 0.967573 0.902131 0.875905 0.734437 0.722980 0.714316 0.587567 0.660345 0.764156 0.859301 0.865433 0.869773 0.885434 0.899727 0.868631 0.939844 0.831429 0.905884 0.817519 0.973138 0.960751 0.934917
0.796323 0.853997 0.463919 0.531971 0.760402 0.809985 0.955046 0.894534 0.901306 0.423513 0.794680 0.997328 0.702878 0.979895 0.682455 0.631202 0.903288 0.874342 0.972601 0.990254 0.673923 0.983161 0.419105 0.382944 0.000000 0.417547 0.555123 0.656450 0.712664 0.727344 0.686152 0.788879 0.968755 0.937588 0.549205 0.894777 0.548182 0.900838 0.523980 0.877757 0.792453 0.800948 0.630130 0.700955 0.445728 0.554119 0.948899 0.984274 0.559765 0.924340 0.801715 0.952778 0.806515 0.720727 0.651599 0.950439 0.959235 0.885981 0.877054 0.761577 0.877431 0.901725 0.964762 0.995052 0.308921 0.693411 0.968982 0.838505 0.671611 0.643618 0.920831 0.831168 0.922799 0.949960 0.967217 0.987085 0.849361 0.805216 0.993634 0.992632 0.979227 0.896586 0.804044 0.714588 0.501768 0.478341 0.662106 0.808982 0.516637 0.490447 0.468051 0.530006 0.585375 0.684472 0.992565 0.903436 0.981642 0.739028 0.479744 0.470263 0.491154 0.531409 0.575093 0.610121 0.962311 0.961666 0.902882 0.900356 0.945267 0.824634 0.562855 0.716954 0.714821 0.760386 0.937736 0.966156
0.991815 0.900136 0.565484 0.699699 0.886517 0.854022 0.902544 0.863142 0.989636 0.652918 0.683236 0.767712 0.927235 0.875994 0.836307 0.775276 0.703956 0.640155 0.785566 0.777117 0.710707 0.987618 0.709410 0.635099 0.417547 0.000000 0.738122 0.665253 0.609094 0.582832 0.711664 0.888211 0.874232 0.762986 0.646280 0.921911 0.672164 0.967002 0.666298 0.883043 0.952637 0.599394 0.662135 0.738467 0.594282 0.668690 0.872841 0.887558 0.626979 0.919785 0.881426 0.993237 0.935741 0.988576 0.706675 0.993562 0.761007 0.857435 0.956547 0.866735 0.991495 0.959373 0.777272 0.785093 0.464389 0.802161 0.999630 0.793433 0.852411 0.904550 0.820302 0.825541 0.903265 0.941410 0.938483 0.880398 0.828389 0.771644 0.848491 0.841186 0.760875 0.852314 0.985488 0.956128 0.789360 0.703947 0.903621 0.978148 0.726157 0.789438 0.619330 0.724876 0.645502 0.886052 0.916857 0.792616 0.912404 0.731854 0.503235 0.530935 0.696874 0.690188 0.572556 0.506675 0.793003 0.941091 0.867139 0.786233 0.926502 0.775321 0.632424 0.694286 0.755339 0.849502 0.874789 0.797777
0.933355 0.955104 0.733431 0.740412 0.968972 0.813877 0.895572 0.866716 0.884304 0.529847 0.761159 0.973400 0.892650 0.962091 0.776519 0.815147 0.992439 0.999935 0.942470 0.955256 0.756421 0.825687 0.561910 0.517233 0.555123 0.738122 0.000000 0.802626 0.910839 0.926188 0.764517 0.983545 0.974662 0.913685 0.790333 0.877690 0.875093 0.848920 0.870676 0.931666 0.973690 0.965084 0.749200 0.711906 0.555385 0.595684 0.865897 0.802203 0.560128 0.822135 0.764358 0.810818 0.709143 0.727616 0.897300 0.873516 0.988514 0.993825 0.907574 0.981218 0.923829 0.960386 0.947035 0.985202 0.633660 0.850231 0.966251 0.821145 0.840759 0.961064 0.965487 0.978058 0.929270 0.804346 0.999854 0.939525 0.829507 0.934751 0.963722 0.993529 0.972667 0.933874 0.801952 0.919376 0.711728 0.684397 0.876847 0.821020 0.775202 0.759573 0.719738 0.733218 0.778009 0.793804 0.905439 0.965044 0.898830 0.929282 0.690825 0.696047 0.648818 0.756466 0.769230 0.787090 0.942944 0.900292 0.934152 0.886595 0.895922 0.885910 0.767664 0.802203 0.743829 0.923531 0.901972 0.812124
0.965554 0.980538 0.840218 0.893437 0.889361 0.793490 0.942184 0.862611 0.903726 0.745144 0.815053 0.903675 0.866209 0.919540 0.824169 0.821506 0.955896 0.929879 0.978479 0.932156 0.601130 0.996763 0.773508 0.780084 0.656450 0.665253 0.802626 0.000000 0.935989 0.841888 0.842062 0.925561 0.981062 0.888941 0.927156 0.781994 0.900550 0.761002 0.937364 0.799361 0.835739 0.928158 0.969748 0.989155 0.770879 0.869434 0.965151 0.933803 0.820011 0.922289 0.915922 0.969125 0.966156 0.935268 0.925821 0.993116 0.986165 0.986400 0.931013 0.868663 0.997068 0.978894 0.955432 0.937449 0.734794 0.916489 0.967575 0.786380 0.924804 0.827334 0.923984 0.854643 0.929809 0.877602 0.812325 0.990869 0.916515 0.988807 0.956430 0.942727 0.965901 0.983099 0.995677 0.977227 0.868094 0.822824 0.965676 0.973783 0.962691 0.834418 0.853285 0.931989 0.808352 0.922305 0.897226 0.725144 0.963909 0.845692 0.804045 0.757523 0.815205 0.849918 0.779967 0.806026 0.782263 0.894348 0.913638 0.853090 0.962760 0.854415 0.791737 0.777582 0.988596 0.911757 0.922307 0.812056
0.511825 0.450686 0.924374 0.895856 0.804705 0.809930 0.437092 0.471186 0.835474 0.799267 0.439218 0.398674 0.572845 0.405419 0.704137 0.784992 0.343223 0.295804 0.325241 0.368780 0.999634 0.893920 0.895311 0.942200 0.712664 0.609094 0.910839 0.935989 0.000000 0.245251 0.888672 0.562901 0.412306 0.349701 0.933324 0.958076 0.872695 0.768954 0.850930 0.838021 0.934394 0.755372 0.433221 0.435227 0.563666 0.557681 0.506614 0.538352 0.594021 0.679933 0.636821 0.712249 0.946029 0.949386 0.811026 0.662366 0.336436 0.456048 0.585497 0.728890 0.542590 0.568868 0.366265 0.354365 0.903752 0.685235 0.533527 0.510800 0.684673 0.691075 0.540037 0.698983 0.740616 0.780339 0.850268 0.712756 0.586637 0.482755 0.427559 0.430503 0.378997 0.485968 0.580498 0.687107 0.748982 0.743112 0.901086 0.848435 0.870663 0.940198 0.828901 0.914014 0.993525 0.843438 0.954966 0.777402 0.510023 0.911966 0.529066 0.506514 0.819375 0.723140 0.496638 0.409576 0.628208 0.694530 0.943478 0.946879 0.900641 0.628518 0.725907 0.547117 0.703400 0.663588 0.749762 0.803210
0.450511 0.396099 0.927878 0.944400 0.820646 0.804509 0.506402 0.514715 0.926048 0.893320 0.343884 0.321538 0.573055 0.406762 0.752285 0.844079 0.293822 0.244878 0.316628 0.272664 0.977699 0.828848 0.918491 0.963132 0.727344 0.582832 0.926188 0.841888 0.245251 0.000000 0.929375 0.621701 0.411146 0.386987 0.915464 0.984063 0.850709 0.688986 0.848046 0.885004 0.938248 0.687552 0.579920 0.588824 0.701247 0.717408 0.573562 0.651040 0.698378 0.777989 0.758926 0.822266 0.915850 0.778674 0.833688 0.745467 0.256102 0.378289 0.627039 0.750489 0.522765 0.547198 0.350392 0.314130 0.908981 0.650119 0.586197 0.584735 0.611461 0.634076 0.591970 0.725067 0.672986 0.770018 0.773866 0.683806 0.683377 0.507292 0.449225 0.402503 0.296574 0.366275 0.523244 0.594283 0.678707 0.719067 0.840735 0.753569 0.859689 0.868486 0.969492 0.948018 0.918176 0.780270 0.942586 0.807987 0.520149 0.860974 0.621010 0.605240 0.896781 0.765349 0.478746 0.484633 0.634295 0.657916 0.918636 0.995092 0.852535 0.631413 0.760694 0.618624 0.828702 0.715490 0.788939 0.752365
0.860566 0.850067 0.774542 0.701824 0.935743 0.827609 0.763593 0.905990 0.870046 0.943265 0.903806 0.977389 0.733085 0.841066 0.552505 0.602723 0.860388 0.865725 0.809844 0.796979 0.846853 0.773750 0.540985 0.698998 0.686152 0.711664 0.764517 0.842062 0.888672 0.929375 0.000000 0.572420 0.724816 0.879585 0.829097 0.796744 0.666160 0.805071 0.871662 0.932714 0.908844 0.934195 0.723286 0.697968 0.989364 0.964996 0.878770 0.840952 0.876851 0.896719 0.901835 0.863706 0.812377 0.841179 0.873193 0.944988 0.880403 0.894912 0.871932 0.879526 0.938327 0.962918 0.895717 0.874526 0.722052 0.887491 0.782580 0.875571 0.874438 0.887980 0.573141 0.672103 0.802606 0.796764 0.914492 0.768218 0.642704 0.680088 0.746094 0.757732 0.924632 0.997630 0.921770 0.971771 0.828699 0.794467 0.960713 0.902365 0.892873 0.930983 0.863215 0.948306 0.901887 0.990721 0.813230 0.882284 0.905016 0.750018 0.986897 0.967728 0.752467 0.996283 0.872410 0.869942 0.727650 0.818787 0.787907 0.883826 0.993626 0.995939 0.952887 0.900987 0.953125 0.864672 0.998133 0.964240
0.933947 0.872725 0.826614 0.939454 0.992707 0.919732 0.735184 0.734173 0.928844 0.741350 0.878545 0.818029 0.929402 0.679092 0.674064 0.703806 0.712769 0.633917 0.724213 0.740604 0.937233 0.728250 0.914442 0.938810 0.788879 0.888211 0.983545 0.925561 0.562901 0.621701 0.572420 0.000000 0.692087 0.711685 0.863974 0.765236 0.959253 0.887283 0.826883 0.937509 0.981850 0.773919 0.512078 0.512353 0.730704 0.745392 0.776248 0.870587 0.911731 0.977780 0.902764 0.969479 0.898769 0.926813 0.992487 0.966679 0.711943 0.864933 0.983571 0.896850 0.984721 0.966152 0.832017 0.787253 0.795759 0.999601 0.878989 0.787854 0.956792 0.893866 0.665318 0.630024 0.979242 0.891643 0.993005 0.773415 0.763210 0.490556 0.688631 0.733560 0.764663 0.903218 0.865140 0.883870 0.931685 0.997443 0.848418 0.977339 0.853070 0.909174 0.694973 0.763336 0.750410 0.933538 0.907003 0.838206 0.878640 0.923441 0.629012 0.521261 0.838028 0.724984 0.562920 0.636918 0.773051 0.781091 0.897633 0.902850 0.924874 0.843941 0.826497 0.672228 0.826857 0.682599 0.968080 0.976861
0.333623 0.317622 0.634870 0.718529 0.799459 0.980905 0.370302 0.553558 0.819233 0.916450 0.483254 0.440010 0.390296 0.424587 0.549614 0.649554 0.310533 0.327842 0.309498 0.324946 0.864736 0.957952 0.644900 0.818426 0.968755 0.874232 0.974662 0.981062 0.412306 0.411146 0.724816 0.692087 0.000000 0.299761 0.759089 0.901019 0.628891 0.789967 0.865221 0.823246 0.684297 0.861199 0.564660 0.506712 0.745455 0.681891 0.440476 0.520741 0.707266 0.595824 0.629562 0.601165 0.857278 0.949431 0.623142 0.575902 0.314252 0.337785 0.438372 0.544903 0.427134 0.547078 0.269356 0.299177 0.752326 0.578613 0.364722 0.462200 0.517896 0.523167 0.480247 0.760806 0.602585 0.665043 0.734872 0.648368 0.543606 0.571377 0.339067 0.447069 0.329141 0.403012 0.493806 0.483125 0.458857 0.525463 0.786534 0.723188 0.630781 0.753835 0.896570 0.845696 0.762093 0.694572 0.967063 0.939666 0.425338 0.997833 0.700084 0.749016 0.903079 0.851439 0.643884 0.609082 0.591970 0.583492 0.997943 0.986083 0.896841 0.642798 0.853027 0.612623 0.802856 0.640261 0.661636 0.795225
0.300196 0.300866 0.672263 0.683673 0.730597 0.895405 0.301832 0.397108 0.805770 0.946622 0.349338 0.326893 0.368059 0.359148 0.618170 0.639739 0.337144 0.306046 0.259892 0.297883 0.872432 0.929027 0.821916 0.853502 0.937588 0.762986 0.913685 0.888941 0.349701 0.386987 0.879585 0.711685 0.299761 0.000000 0.843958 0.964652 0.666495 0.733267 0.902927 0.770719 0.778225 0.869502 0.550120 0.521846 0.655789 0.556018 0.418979 0.417819 0.570812 0.552751 0.536970 0.580212 0.900982 0.911272 0.562879 0.472570 0.307159 0.311070 0.367207 0.497087 0.309544 0.392249 0.269727 0.259067 0.807154 0.497300 0.350790 0.409680 0.520294 0.460364 0.626210 0.849379 0.616899 0.627462 0.716447 0.750560 0.565218 0.592705 0.431568 0.462725 0.312914 0.388488 0.439914 0.466693 0.501587 0.527567 0.771775 0.780720 0.647496 0.719018 0.895735 0.775767 0.795601 0.664699 0.982730 0.766352 0.424155 0.956271 0.601036 0.662704 0.936689 0.863286 0.602973 0.567217 0.577306 0.566038 0.958031 0.956142 0.901284 0.638455 0.828517 0.501901 0.765747 0.624781 0.678109 0.733688
0.703954 0.743098 0.566103 0.681559 0.850140 0.792898 0.794627 0.960520 0.771804 0.670288 0.977010 0.916921 0.728409 0.822547 0.817125 0.823036 0.937725 0.927963 0.793966 0.820481 0.765169 0.935284 0.620845 0.647068 0.549205 0.646280 0.790333 0.927156 0.933324 0.915464 0.829097 0.863974 0.759089 0.843958 0.000000 0.975446 0.664644 0.746881 0.610819 0.824856 0.900670 0.911221 0.836132 0.936129 0.854480 0.825577 0.932146 0.895524 0.778673 0.971170 0.986638 0.913731 0.987181 0.899294 0.656473 0.699466 0.892765 0.815055 0.752366 0.788003 0.782560 0.899599 0.872591 0.879500 0.503259 0.759988 0.655954 0.786477 0.715620 0.798088 0.821083 0.899887 0.815299 0.809471 0.949134 0.953989 0.979002 0.993296 0.811524 0.887997 0.891275 0.833168 0.813829 0.723821 0.597120 0.634231 0.925049 0.782324 0.640105 0.741122 0.633829 0.666349 0.685220 0.781997 0.892564 0.903139 0.811024 0.847236 0.753413 0.767452 0.529209 0.867123 0.832288 0.864011 0.812008 0.847314 0.968469 0.870658 0.988287 0.976232 0.766244 0.869760 0.765502 0.874427 0.862178 0.831846
0.926731 0.992683 0.916673 0.962173 0.916242 0.846582 0.877068 0.974200 0.808496 0.938752 0.836837 0.984967 0.886479 0.981537 0.971270 0.860648 0.926947 0.975941 0.980565 0.987367 0.703386 0.764031 0.954899 0.839642 0.894777 0.921911 0.877690 0.781994 0.958076 0.984063 0.796744 0.765236 0.901019 0.964652 0.975446 0.000000 0.965143 0.846970 0.957157 0.895166 0.935596 0.899461 0.919343 0.922183 0.934891 0.919150 0.966822 0.854740 0.908052 0.802087 0.865379 0.848345 0.919585 0.894182 0.954566 0.818299 0.971845 0.960408 0.880779 0.958213 0.860930 0.868955 0.805495 0.901563 0.968980 0.910544 0.909047 0.881719 0.889120 0.971648 0.910884 0.864163 0.948631 0.978303 0.761132 0.870293 0.930781 0.796219 0.942255 0.924373 0.926104 0.899159 0.893334 0.889620 0.868699 0.937068 0.897495 0.820851 0.823273 0.972718 0.931492 0.983660 0.894148 0.987803 0.994889 0.924404 0.962674 0.991278 0.954096 0.871111 0.984780 0.968952 0.892774 0.937020 0.919791 0.835200 0.976423 0.965258 0.889694 0.943244 0.904210 0.963762 0.992833 0.846719 0.826909 0.848101
0.503245 0.528763 0.443430 0.547437 0.857836 0.894591 0.718130 0.744301 0.886869 0.708054 0.822765 0.668040 0.546836 0.772098 0.728091 0.721452 0.719009 0.761939 0.716739 0.674375 0.745763 0.959011 0.588770 0.601046 0.548182 0.672164 0.875093 0.900550 0.872695 0.850709 0.666160 0.959253 0.628891 0.666495 0.664644 0.965143 0.000000 0.776801 0.754876 0.910787 0.702472 0.736103 0.973094 0.896452 0.852351 0.976769 0.719677 0.689674 0.991284 0.714117 0.819252 0.722688 0.931717 0.898398 0.465260 0.680777 0.673000 0.538681 0.576044 0.531028 0.565223 0.630767 0.660628 0.600003 0.478371 0.537681 0.628003 0.824789 0.484462 0.487368 0.845962 0.963099 0.677317 0.761862 0.769309 0.797142 0.853135 0.878014 0.672745 0.744827 0.641485 0.628633 0.580550 0.627323 0.470407 0.461422 0.701496 0.743868 0.527659 0.608614 0.477413 0.581980 0.527156 0.706388 0.980417 0.993131 0.725214 0.811333 0.794916 0.794125 0.625923 0.699142 0.983919 0.948764 0.836443 0.733058 0.904720 0.988862 0.940226 0.778369 0.857700 0.998366 0.904352 0.939594 0.770333 0.849521
0.734944 0.667234 0.728005 0.702020 0.908915 0.920773 0.727583 0.693767 0.884422 0.998768 0.813950 0.668826 0.710488 0.608624 0.751736 0.763821 0.824133 0.665570 0.705316 0.573917 0.840707 0.933674 0.745636 0.698120 0.900838 0.967002 0.848920 0.761002 0.768954 0.688986 0.805071 0.887283 0.789967 0.733267 0.746881 0.846970 0.776801 0.000000 0.807533 0.992862 0.978412 0.781150 0.912138 0.869973 0.939639 0.961629 0.866298 0.871447 0.990659 0.935064 0.916968 0.922236 0.816143 0.821249 0.846054 0.902620 0.722558 0.693740 0.863130 0.878930 0.762911 0.754926 0.792368 0.681544 0.793786 0.742820 0.756023 0.748107 0.775765 0.780045 0.771657 0.572427 0.796409 0.761844 0.961294 0.818895 0.869104 0.708952 0.745276 0.656835 0.751935 0.752247 0.841036 0.858289 0.752070 0.741631 0.958894 0.894756 0.792561 0.843802 0.858241 0.885434 0.930838 0.998797 0.841980 0.817927 0.753911 0.973894 0.956451 0.902168 0.902729 0.906086 0.809775 0.958789 0.673168 0.765918 0.730197 0.988665 0.955310 0.969804 0.944333 0.971164 0.968129 0.993522 0.825842 0.835070
