0.000000 0.338502 0.662230 0.753075 0.846970 0.915692 0.885311 0.941547 0.786836 0.750912 0.456017 0.471737 0.972461 0.980920 0.954008 0.917500 0.413801 0.386165 0.719686 0.691726 0.858994 0.929963 0.784858 0.842041 0.722746 0.709624 0.878894 0.928633 0.595679 0.544038 0.994442 0.976711 0.754273 0.584081 0.949777 0.972476 0.908360 0.842497 0.921536 0.842756 0.599614 0.666303 0.856480 0.706468 0.756315 0.600432 0.514629 0.611109 0.591992 0.644507 0.677480 0.707459 0.915369 0.836020 0.593703 0.722155 0.318267 0.392517 0.380875 0.437056 0.571697 0.782569 0.460062 0.407731 0.700081 0.789050 0.869481 0.648121 0.493569 0.560570 0.811974 0.872525 0.752921 0.817532 0.770245 0.954489 0.942854 0.920979 0.615722 0.667922 0.328016 0.390375 0.756581 0.443198 0.793436 0.878782 0.961798 0.919549 0.984245 0.799522 0.610835 0.591907 0.613808 0.491703 0.772173 0.866544 0.836510 0.994286 0.971327 0.954637 0.880504 0.772978 0.835132 0.682679 0.911844 0.883491 0.948714 0.923470 0.948261 0.892740 0.803867 0.889614 0.921693 0.792791 0.804410 0.998878
0.338502 0.000000 0.671347 0.757631 0.848759 0.948046 0.908283 0.937767 0.737244 0.655635 0.565503 0.473935 0.987968 0.953151 0.972311 0.937611 0.461365 0.444881 0.770742 0.774369 0.943842 0.939790 0.829778 0.841864 0.770184 0.716139 0.844211 0.832927 0.562234 0.557486 0.956105 0.972045 0.659934 0.630033 0.994856 0.998824 0.963752 0.994767 0.927604 0.843246 0.603524 0.642603 0.869565 0.721375 0.752275 0.605151 0.521128 0.597631 0.622811 0.615243 0.642633 0.659500 0.858083 0.883186 0.581717 0.730537 0.346615 0.352778 0.358787 0.379523 0.577145 0.820828 0.447900 0.405869 0.719496 0.786792 0.855215 0.656398 0.524524 0.572517 0.822306 0.862110 0.690301 0.822223 0.762660 0.953301 0.918693 0.971012 0.631023 0.595351 0.362186 0.408252 0.705302 0.442062 0.746110 0.848594 0.872447 0.845992 0.937031 0.802785 0.666416 0.631251 0.668255 0.511795 0.749471 0.827227 0.821138 0.890287 0.973617 0.957238 0.908747 0.809569 0.856313 0.748353 0.902075 0.886762 0.970246 0.901929 0.981457 0.845244 0.777472 0.857813 0.962657 0.837366 0.810444 0.891072
0.662230 0.671347 0.000000 0.325572 0.985968 0.764744 0.427757 0.433649 0.510841 0.665231 0.717485 0.838492 0.675545 0.897294 0.909657 0.589198 0.581958 0.538581 0.816555 0.863561 0.916028 0.865248 0.600899 0.535491 0.401311 0.464597 0.968512 0.943264 0.653237 0.701163 0.589972 0.673472 0.774248 0.939543 0.917607 0.880135 0.830154 0.831296 0.714556 0.817406 0.750991 0.901210 0.612619 0.768322 0.861040 0.937176 0.973158 0.969076 0.850868 0.930308 0.972417 0.971536 0.799093 0.740219 0.935488 0.882559 0.677633 0.427291 0.588988 0.576371 0.768998 0.965948 0.443080 0.455778 0.477494 0.509245 0.603552 0.929884 0.699857 0.654560 0.509297 0.583994 0.950264 0.953854 0.959811 0.871627 0.625486 0.612410 0.871186 0.867830 0.598589 0.682561 0.823032 0.700052 0.942849 0.759942 0.989148 0.838311 0.836169 0.963527 0.493749 0.452807 0.434524 0.426657 0.973671 0.663238 0.839180 0.742862 0.662583 0.596368 0.826011 0.593491 0.970768 0.804801 0.760561 0.879369 0.795719 0.833116 0.861004 0.986718 0.855408 0.975737 0.808371 0.911190 0.915328 0.797826
0.753075 0.757631 0.325572 0.000000 0.850124 0.807003 0.407893 0.386212 0.605059 0.747077 0.817147 0.853005 0.759053 0.810447 0.921273 0.647184 0.647650 0.655745 0.788940 0.788803 0.862799 0.942314 0.584859 0.536061 0.423056 0.465185 0.967813 0.962519 0.721902 0.792889 0.598947 0.627647 0.685850 0.920943 0.923428 0.866097 0.815714 0.866292 0.686083 0.872094 0.762537 0.861763 0.687193 0.761875 0.912507 0.945532 0.935716 0.996879 0.883118 0.982363 0.954469 0.952031 0.783411 0.807216 0.992759 0.883232 0.753614 0.536034 0.650254 0.627040 0.732575 0.927812 0.543146 0.550325 0.529177 0.583965 0.588763 0.839380 0.786891 0.821795 0.667646 0.646808 0.928905 0.942538 0.874132 0.949919 0.729625 0.691447 0.923974 0.928275 0.688657 0.795228 0.820032 0.842048 0.889499 0.732111 0.965562 0.952617 0.865941 0.861988 0.633373 0.568223 0.544177 0.527096 0.998205 0.684766 0.883777 0.841175 0.816562 0.709712 0.803092 0.644089 0.950771 0.801751 0.713271 0.856242 0.845441 0.971564 0.882801 0.963392 0.999786 0.817084 0.887018 0.873193 0.944842 0.838063
0.846970 0.848759 0.985968 0.850124 0.000000 0.958003 0.965679 0.849486 0.951489 0.993469 0.915328 0.999849 0.763682 0.997386 0.884276 0.850335 0.949200 0.961203 0.996669 0.963832 0.723688 0.924106 0.816681 0.848088 0.949241 0.869615 0.931994 0.929165 0.844915 0.854176 0.827363 0.800522 0.921915 0.822996 0.945699 0.912534 0.842111 0.888725 0.856546 0.834046 0.937758 0.918436 0.922479 0.769774 0.944154 0.793200 0.892233 0.843990 0.786452 0.723545 0.831329 0.877855 0.862035 0.960862 0.868088 0.922460 0.864929 0.911040 0.873499 0.826829 0.906591 0.977775 0.936816 0.933789 0.824932 0.797132 0.968310 0.811097 0.854309 0.748790 0.946039 0.992245 0.919165 0.948520 0.968067 0.957871 0.962232 0.985159 0.836671 0.883142 0.818376 0.863662 0.941310 0.868287 0.848985 0.907918 0.791384 0.906295 0.949601 0.983553 0.761298 0.836849 0.838157 0.804062 0.945453 0.944337 0.920805 0.928054 0.934153 0.822176 0.938214 0.894016 0.849301 0.823150 0.969281 0.957355 0.958433 0.956439 0.986585 0.783345 0.889547 0.902228 0.939005 0.944628 0.937678 0.996468
0.915692 0.948046 0.764744 0.807003 0.958003 0.000000 0.639639 0.620790 0.812621 0.603045 0.857293 0.927240 0.802732 0.893482 0.937754 0.768687 0.982422 0.865460 0.769454 0.956442 0.835819 0.973197 0.937623 0.984163 0.889569 0.778791 0.659137 0.976965 0.920887 0.989400 0.890853 0.820241 0.828970 0.844899 0.978901 0.943789 0.937598 0.859973 0.880192 0.965394 0.999552 0.987650 0.947595 0.833366 0.844334 0.685554 0.988998 0.716023 0.696608 0.696794 0.807377 0.843795 0.808046 0.896663 0.799407 0.900497 0.721173 0.824752 0.984708 0.915724 0.825997 0.771435 0.822982 0.836038 0.911380 0.536358 0.740076 0.698048 0.749997 0.715811 0.561977 0.589919 0.660031 0.736552 0.993494 0.989497 0.737634 0.801702 0.935836 0.905183 0.837655 0.867635 0.801393 0.748987 0.963585 0.978425 0.918739 0.853059 0.780307 0.665822 0.498462 0.532976 0.522180 0.665983 0.895969 0.885126 0.676057 0.946782 0.658586 0.689893 0.746664 0.826165 0.917939 0.925333 0.784384 0.922438 0.951746 0.885501 0.871657 0.918258 0.954027 0.825396 0.651315 0.962947 0.947261 0.813937
0.885311 0.908283 0.427757 0.407893 0.965679 0.639639 0.000000 0.374377 0.556589 0.696010 0.960528 0.985105 0.601984 0.918938 0.844386 0.556556 0.879335 0.845279 0.558825 0.841687 0.931741 0.961821 0.619702 0.613431 0.529806 0.664341 0.865802 0.899018 0.913528 0.978993 0.566991 0.552714 0.507516 0.680857 0.998502 0.950930 0.976648 0.948959 0.820878 0.914494 0.892072 0.883956 0.710972 0.850148 0.886784 0.932678 0.921123 0.971579 0.828477 0.883307 0.940799 0.974906 0.925939 0.975041 0.913962 0.873322 0.854520 0.642525 0.781112 0.706952 0.915793 0.959371 0.744602 0.734011 0.568781 0.516736 0.475267 0.722102 0.736958 0.733084 0.615618 0.594526 0.862514 0.925776 0.889711 0.909599 0.742185 0.660337 0.943732 0.950615 0.858125 0.961188 0.904338 0.940820 0.769793 0.661108 0.975931 0.954602 0.896563 0.977574 0.540595 0.519997 0.458440 0.561338 0.862854 0.754242 0.789401 0.915169 0.707042 0.671913 0.854130 0.593659 0.915006 0.787781 0.699332 0.845253 0.915588 0.915682 0.810179 0.992027 0.976245 0.979309 0.779046 0.926006 0.914837 0.871676
0.941547 0.937767 0.433649 0.386212 0.849486 0.620790 0.374377 0.000000 0.661049 0.552111 0.975881 0.873437 0.826189 0.993662 0.859130 0.770912 0.892427 0.806912 0.654156 0.782899 0.952002 0.981947 0.896513 0.826748 0.623372 0.635304 0.760841 0.910785 0.875304 0.962773 0.679991 0.596107 0.599332 0.709885 0.871785 0.998046 0.943289 0.938017 0.801376 0.828843 0.934436 0.976982 0.807921 0.903542 0.900935 0.817856 0.973322 0.963574 0.744529 0.853104 0.871977 0.895460 0.972365 0.938492 0.946443 0.952707 0.867062 0.676653 0.877851 0.860680 0.959435 0.752300 0.709755 0.734557 0.791894 0.518279 0.624103 0.707432 0.830947 0.780528 0.591757 0.497808 0.816991 0.886709 0.897398 0.978118 0.778048 0.783363 0.959876 0.972835 0.869757 0.914543 0.657467 0.834912 0.937576 0.942496 0.848224 0.789060 0.973521 0.897445 0.586940 0.588693 0.538422 0.640553 0.913140 0.814940 0.610620 0.781342 0.759411 0.727195 0.730443 0.737090 0.886108 0.810354 0.746445 0.808511 0.843742 0.920000 0.897549 0.942963 0.934011 0.922105 0.888047 0.939115 0.942905 0.935840
0.786836 0.737244 0.510841 0.605059 0.951489 0.812621 0.556589 0.661049 0.000000 0.647256 0.794087 0.961104 0.639991 0.905513 0.834532 0.541998 0.721423 0.624893 0.704800 0.971869 0.862790 0.971767 0.636782 0.719206 0.681327 0.534443 0.983414 0.926059 0.822607 0.832777 0.529308 0.721864 0.720253 0.861469 0.815567 0.818301 0.928054 0.926255 0.842366 0.919387 0.702065 0.839701 0.591488 0.735216 0.697357 0.897606 0.885969 0.946531 0.946970 0.946176 0.848726 0.855239 0.739815 0.595995 0.937512 0.812370 0.735954 0.535480 0.724972 0.596393 0.939801 0.910788 0.592949 0.589521 0.581438 0.629101 0.630450 0.881787 0.832379 0.846125 0.550941 0.612129 0.984625 0.914668 0.852262 0.800404 0.528219 0.627852 0.931017 0.883088 0.725446 0.757432 0.920628 0.806259 0.903707 0.806150 0.983834 0.826454 0.885553 0.987701 0.541985 0.505813 0.544073 0.563454 0.950677 0.736482 0.816357 0.771362 0.613290 0.591332 0.897456 0.546789 0.836349 0.968481 0.814458 0.993932 0.808877 0.867842 0.821633 0.948673 0.984626 0.786922 0.758712 0.857768 0.910676 0.808685
0.750912 0.655635 0.665231 0.747077 0.993469 0.603045 0.696010 0.552111 0.647256 0.000000 0.865636 0.982518 0.915830 0.894935 0.710721 0.900885 0.876885 0.695722 0.836165 0.969907 0.974715 0.912268 0.884634 0.908632 0.915177 0.763549 0.779352 0.733959 0.845576 0.912444 0.931761 0.876741 0.965526 0.955641 0.931727 0.893955 0.967424 0.991273 0.950935 0.969669 0.838690 0.845852 0.954586 0.775635 0.719726 0.628387 0.813967 0.675676 0.648261 0.583305 0.693834 0.642972 0.770311 0.932268 0.755230 0.809538 0.592119 0.570307 0.740490 0.729803 0.951933 0.741138 0.656172 0.658032 0.992659 0.640825 0.911698 0.881457 0.777698 0.637556 0.517542 0.541154 0.827184 0.833392 0.884784 0.895174 0.745699 0.865713 0.816338 0.803075 0.696217 0.693055 0.570618 0.623115 0.588042 0.688255 0.753732 0.596407 0.977703 0.616901 0.516422 0.524679 0.546509 0.606560 0.981824 0.832802 0.689586 0.771483 0.807895 0.842686 0.731365 0.863578 0.761127 0.893219 0.930336 0.995557 0.945696 0.892450 0.847484 0.943001 0.816936 0.982063 0.891721 0.851346 0.885738 0.962807
0.456017 0.565503 0.717485 0.817147 0.915328 0.857293 0.960528 0.975881 0.794087 0.865636 0.000000 0.579664 0.959960 0.940470 0.894890 0.795298 0.451100 0.374243 0.701023 0.760064 0.961735 0.995715 0.717034 0.842436 0.625670 0.626339 0.862101 0.932980 0.539546 0.406783 0.997373 0.973113 0.779914 0.649922 0.743913 0.877562 0.923162 0.938569 0.887549 0.994013 0.738030 0.770087 0.863147 0.948034 0.964984 0.845634 0.763740 0.800814 0.851152 0.875253 0.876675 0.975007 0.937252 0.764144 0.725893 0.849038 0.502414 0.489670 0.570677 0.545182 0.552793 0.839050 0.440262 0.417773 0.626906 0.761267 0.886496 0.777324 0.510495 0.578242 0.786612 0.867763 0.909339 0.947062 0.912284 0.930876 0.794537 0.823386 0.686532 0.729305 0.450986 0.405606 0.807277 0.483884 0.947369 0.942250 0.987149 0.818981 0.951814 0.873496 0.599529 0.586890 0.598542 0.522891 0.787326 0.894144 0.923341 0.962268 0.836295 0.731452 0.778102 0.827954 0.964159 0.733270 0.991314 0.960094 0.843224 0.885974 0.827101 0.805134 0.757262 0.923685 0.970872 0.994183 0.924206 0.962412
0.471737 0.473935 0.838492 0.853005 0.999849 0.927240 0.985105 0.873437 0.961104 0.982518 0.579664 0.000000 0.939264 0.918571 0.875551 0.966235 0.508357 0.570103 0.750125 0.781998 0.968272 0.946115 0.747858 0.832992 0.710445 0.769948 0.734113 0.929889 0.580638 0.592117 0.944944 0.907396 0.723143 0.671855 0.871121 0.936157 0.993105 0.995791 0.872974 0.915367 0.716171 0.702824 0.956176 0.881036 0.914533 0.823547 0.590201 0.838013 0.839833 0.850783 0.768364 0.868287 0.986489 0.916255 0.733442 0.796958 0.552031 0.589975 0.476807 0.537913 0.468668 0.563295 0.583311 0.543001 0.647710 0.986933 0.894297 0.692118 0.624552 0.712468 0.962275 0.874916 0.575848 0.666652 0.770758 0.980558 0.955224 0.917264 0.673902 0.787802 0.546160 0.529598 0.900477 0.614819 0.998934 0.979667 0.948474 0.939311 0.945205 0.998933 0.883086 0.834764 0.810857 0.642168 0.831136 0.880946 0.707673 0.981973 0.941147 0.978023 0.947494 0.955688 0.706521 0.737203 0.950119 0.891377 0.972179 0.946798 0.998696 0.838416 0.792845 0.859906 0.945240 0.905494 0.897427 0.977176
0.972461 0.987968 0.675545 0.759053 0.763682 0.802732 0.601984 0.826189 0.639991 0.915830 0.959960 0.939264 0.000000 0.636463 0.479903 0.379090 0.842884 0.866478 0.654730 0.831617 0.944637 0.935049 0.512853 0.557409 0.684785 0.817356 0.956150 0.994920 0.923294 0.936732 0.733196 0.739295 0.672202 0.822735 0.839495 0.884511 0.963178 0.846892 0.919132 0.901997 0.864663 0.904718 0.696098 0.770594 0.695805 0.861738 0.823991 0.989020 0.922226 0.902598 0.746821 0.727745 0.680637 0.666212 0.959089 0.817418 0.946179 0.821175 0.808492 0.712954 0.842239 0.998533 0.867739 0.834522 0.573889 0.744483 0.735284 0.981886 0.891939 0.942842 0.703658 0.818887 0.987544 0.933171 0.864716 0.860085 0.656161 0.745605 0.962317 0.969001 0.876468 0.958403 0.834731 0.987136 0.663551 0.642912 0.884331 0.860237 0.789939 0.912955 0.603682 0.600638 0.614368 0.674576 0.934783 0.872156 0.973910 0.992675 0.711463 0.667824 0.987236 0.618567 0.941644 0.999893 0.801513 0.866254 0.937768 0.864026 0.906155 0.980622 0.924969 0.833077 0.741556 0.971410 0.716936 0.880692
0.980920 0.953151 0.897294 0.810447 0.997386 0.893482 0.918938 0.993662 0.905513 0.894935 0.940470 0.918571 0.636463 0.000000 0.610340 0.665832 0.748920 0.869998 0.878538 0.806357 0.984189 0.778205 0.613777 0.620193 0.858877 0.909336 0.834613 0.920199 0.980825 0.962103 0.948016 0.809735 0.785700 0.985806 0.823199 0.871493 0.924283 0.904814 0.935102 0.967211 0.841873 0.892485 0.838643 0.792998 0.763589 0.792127 0.949884 0.881252 0.792225 0.666517 0.745603 0.595294 0.688121 0.575187 0.971966 0.980766 0.991913 0.973280 0.993357 0.972415 0.969905 0.975850 0.929097 0.890053 0.774182 0.923952 0.997511 0.981142 0.981642 0.764612 0.995372 0.927498 0.940923 0.963884 0.945765 0.822089 0.806101 0.854760 0.899239 0.904908 0.855481 0.968737 0.767717 0.868114 0.776308 0.733495 0.938186 0.800676 0.969630 0.781266 0.935390 0.872369 0.912176 0.913731 0.875836 0.998966 0.940192 0.869548 0.983670 0.884854 0.925423 0.898666 0.952298 0.960353 0.779766 0.806182 0.890740 0.986770 0.980390 0.887662 0.833356 0.937113 0.995826 0.989622 0.808182 0.985765
0.954008 0.972311 0.909657 0.921273 0.884276 0.937754 0.844386 0.859130 0.834532 0.710721 0.894890 0.875551 0.479903 0.610340 0.000000 0.508949 0.796365 0.958233 0.810921 0.954143 0.974220 0.903473 0.403548 0.535647 0.753798 0.846219 0.657723 0.855363 0.933366 0.963108 0.811357 0.848504 0.749302 0.968156 0.703441 0.855972 0.962887 0.960478 0.895220 0.956636 0.887548 0.982144 0.746909 0.761521 0.587981 0.716893 0.859215 0.872406 0.726563 0.690430 0.691608 0.587978 0.573992 0.587119 0.868976 0.826817 0.980413 0.947560 0.872821 0.781346 0.993132 0.705340 0.987037 0.955827 0.532661 0.995475 0.794122 0.828321 0.910877 0.942007 0.959051 0.812121 0.908566 0.823910 0.841874 0.985318 0.857964 0.795488 0.970531 0.945195 0.989539 0.944905 0.535771 0.834436 0.474027 0.488717 0.750383 0.653149 0.822691 0.746836 0.891119 0.869402 0.867572 0.856148 0.921257 0.894565 0.774816 0.775541 0.970858 0.833928 0.843832 0.765022 0.782674 0.971151 0.893376 0.930094 0.891981 0.985888 0.995111 0.959826 0.883512 0.882167 0.867994 0.976813 0.752105 0.997549
0.917500 0.937611 0.589198 0.647184 0.850335 0.768687 0.556556 0.770912 0.541998 0.900885 0.795298 0.966235 0.379090 0.665832 0.508949 0.000000 0.781191 0.780278 0.711439 0.803414 0.913530 0.989490 0.428173 0.507174 0.573977 0.652613 0.921268 0.982005 0.840240 0.870650 0.596259 0.665279 0.620471 0.876833 0.756199 0.806018 0.916824 0.818624 0.872345 0.843028 0.864125 0.979192 0.521758 0.645917 0.573683 0.778406 0.754240 0.916803 0.843708 0.839144 0.708129 0.673545 0.611153 0.578961 0.983784 0.703950 0.908776 0.708682 0.809817 0.633609 0.947056 0.995596 0.728856 0.725533 0.464893 0.675068 0.620631 0.942164 0.835875 0.860592 0.630314 0.743371 0.927939 0.919659 0.862796 0.817146 0.560804 0.664630 0.921667 0.915664 0.827625 0.908295 0.804551 0.987764 0.636299 0.601561 0.918028 0.969834 0.908470 0.858620 0.553198 0.539300 0.569915 0.597690 0.940089 0.759619 0.917989 0.932999 0.652203 0.540406 0.866634 0.532260 0.979502 0.993185 0.702481 0.804332 0.942836 0.790215 0.800709 0.998200 0.998213 0.805431 0.668870 0.988622 0.719690 0.745497
0.413801 0.461365 0.581958 0.647650 0.949200 0.982422 0.879335 0.892427 0.721423 0.876885 0.451100 0.508357 0.842884 0.748920 0.796365 0.781191 0.000000 0.319612 0.748755 0.816015 0.948845 0.950399 0.603015 0.688231 0.563826 0.547945 0.765337 0.982438 0.544969 0.407440 0.856034 0.908533 0.909835 0.650866 0.855122 0.885931 0.973765 0.948308 0.829034 0.984998 0.632204 0.803216 0.850081 0.988214 0.987618 0.876310 0.712977 0.841474 0.887166 0.974772 0.967151 0.925193 0.763224 0.565370 0.724253 0.822604 0.449180 0.413808 0.437577 0.520167 0.499233 0.803565 0.375601 0.351054 0.558796 0.768998 0.947640 0.709974 0.577361 0.756226 0.812574 0.889455 0.757347 0.877593 0.856719 0.891379 0.799419 0.790393 0.688320 0.668511 0.359773 0.394014 0.840445 0.533985 0.950331 0.954038 0.945482 0.894548 0.969834 0.980676 0.640204 0.558745 0.573864 0.455812 0.730409 0.802941 0.865100 0.982800 0.903032 0.837060 0.841653 0.753985 0.867698 0.686543 0.938180 0.892278 0.837903 0.958963 0.997783 0.891033 0.888432 0.868601 0.942975 0.927808 0.990615 0.982133
0.386165 0.444881 0.538581 0.655745 0.961203 0.865460 0.845279 0.806912 0.624893 0.695722 0.374243 0.570103 0.866478 0.869998 0.958233 0.780278 0.319612 0.000000 0.767620 0.801163 0.985858 0.971628 0.741725 0.803796 0.594667 0.520474 0.905447 0.904544 0.493214 0.373659 0.877755 0.920514 0.850430 0.668074 0.878295 0.926135 0.978586 0.922988 0.845163 0.971050 0.624617 0.759377 0.825843 0.976041 0.948797 0.816020 0.666339 0.742481 0.822507 0.878376 0.907835 0.971843 0.886100 0.627161 0.631878 0.871876 0.399919 0.352501 0.470006 0.490431 0.505444 0.943298 0.300463 0.281257 0.620506 0.700215 0.944886 0.753468 0.556162 0.670654 0.643632 0.710348 0.834406 0.989721 0.897199 0.863277 0.705220 0.797804 0.662097 0.650225 0.342696 0.308140 0.676736 0.422042 0.807688 0.875641 0.906469 0.739031 0.988625 0.862791 0.522475 0.476285 0.503973 0.452117 0.770257 0.844014 0.995996 0.859534 0.797207 0.752536 0.768416 0.752083 0.997462 0.742242 0.978142 0.903817 0.746018 0.869985 0.889492 0.907546 0.800167 0.986619 0.867104 0.945921 0.935341 0.922920
0.719686 0.770742 0.816555 0.788940 0.996669 0.769454 0.558825 0.654156 0.704800 0.836165 0.701023 0.750125 0.654730 0.878538 0.810921 0.711439 0.748755 0.767620 0.000000 0.597235 0.889023 0.884441 0.811166 0.852937 0.993078 0.958448 0.845604 0.952728 0.709624 0.603815 0.719328 0.665516 0.568485 0.455733 0.974960 0.844207 0.898008 0.994801 0.999563 0.983322 0.965185 0.858995 0.790802 0.831857 0.775074 0.862814 0.746622 0.888246 0.929246 0.917423 0.929494 0.883925 0.924326 0.965102 0.872375 0.831008 0.850154 0.977442 0.875552 0.950685 0.633825 0.886710 0.853924 0.885646 0.889597 0.795969 0.593144 0.679814 0.909458 0.987635 0.747896 0.814654 0.809739 0.844853 0.840104 0.989185 0.844481 0.793408 0.836274 0.876458 0.815993 0.771196 0.929848 0.798469 0.769947 0.760214 0.964391 0.885177 0.931992 0.972210 0.818334 0.809757 0.757770 0.915571 0.783089 0.926858 0.768813 0.940292 0.770227 0.778514 0.987245 0.795821 0.986557 0.895248 0.766474 0.821545 0.967420 0.859744 0.888351 0.997625 0.855487 0.850559 0.826578 0.917809 0.790976 0.977827
0.691726 0.774369 0.863561 0.788803 0.963832 0.956442 0.841687 0.782899 0.971869 0.969907 0.760064 0.781998 0.831617 0.806357 0.954143 0.803414 0.816015 0.801163 0.597235 0.000000 0.848936 0.997303 0.890750 0.772577 0.907167 0.959486 0.998161 0.983716 0.855370 0.770167 0.963269 0.834357 0.780269 0.826795 0.990445 0.913039 0.987638 0.825105 0.903871 0.913768 0.786608 0.827998 0.821456 0.763910 0.868737 0.845437 0.831921 0.823117 0.905476 0.839271 0.957653 0.904739 0.938315 0.931978 0.908951 0.845307 0.770255 0.947511 0.935256 0.953846 0.920279 0.969209 0.962070 0.959576 0.915155 0.908605 0.846044 0.941250 0.841878 0.887212 0.901472 0.851972 0.971062 0.979108 0.988311 0.997192 0.977906 0.946648 0.858553 0.982067 0.883099 0.821574 0.933610 0.826042 0.862243 0.856241 0.928756 0.796768 0.979574 0.754332 0.992403 0.975751 0.984398 0.982544 0.868824 0.925516 0.872187 0.962378 0.918456 0.836613 0.968947 0.992153 0.980803 0.858879 0.740766 0.759117 0.897009 0.960208 0.985834 0.967621 0.812137 0.995448 0.986109 0.870788 0.873393 0.938373
0.858994 0.943842 0.916028 0.862799 0.723688 0.835819 0.931741 0.952002 0.862790 0.974715 0.961735 0.968272 0.944637 0.984189 0.974220 0.913530 0.948845 0.985858 0.889023 0.848936 0.000000 0.891173 0.981787 0.989296 0.990149 0.912411 0.899700 0.924655 0.990411 0.944232 0.772241 0.966065 0.913624 0.799833 0.942727 0.993535 0.746475 0.893357 0.853454 0.858097 0.985935 0.922244 0.742475 0.776765 0.773705 0.819877 0.852154 0.941917 0.832942 0.879483 0.897111 0.902487 0.888846 0.951994 0.898333 0.955524 0.979511 0.997514 0.958135 0.992543 0.912571 0.967841 0.905208 0.934764 0.991281 0.935346 0.855150 0.845802 0.929806 0.891708 0.783166 0.881463 0.974491 0.861672 0.911820 0.949392 0.854795 0.901294 0.911789 0.915442 0.947089 0.998163 0.954751 0.993209 0.986898 0.981469 0.967780 0.870977 0.979260 0.984342 0.978157 0.948525 0.936087 0.991328 0.974899 0.914060 0.997611 0.981478 0.839029 0.910140 0.879082 0.991478 0.895348 0.676398 0.953280 0.946927 0.918383 0.978390 0.846984 0.929434 0.927227 0.988913 0.869366 0.911688 0.957797 0.798328
0.929963 0.939790 0.865248 0.942314 0.924106 0.973197 0.961821 0.981947 0.971767 0.912268 0.995715 0.946115 0.935049 0.778205 0.903473 0.989490 0.950399 0.971628 0.884441 0.997303 0.891173 0.000000 0.964581 0.948070 0.935935 0.903339 0.947863 0.925187 0.906326 0.922456 0.845894 0.989723 0.991886 0.967781 0.921806 0.927510 0.681719 0.856901 0.941531 0.801134 0.847490 0.940619 0.827468 0.889636 0.854223 0.891021 0.808750 0.901799 0.915388 0.973132 0.853696 0.920719 0.830983 0.931292 0.789534 0.810745 0.914628 0.969574 0.911249 0.979462 0.976272 0.926667 0.970134 0.956376 0.968753 0.944032 0.883644 0.827587 0.949981 0.950274 0.866426 0.996026 0.942429 0.972062 0.797539 0.923557 0.972467 0.991606 0.852939 0.973951 0.936584 0.858327 0.900369 0.959077 0.914872 0.899134 0.941586 0.993151 0.983524 0.925829 0.959087 0.982223 0.967202 0.986346 0.945793 0.841842 0.961815 0.883350 0.833914 0.951477 0.942144 0.894084 0.940048 0.861808 0.988887 0.954530 0.999673 0.968688 0.924235 0.913419 0.934682 0.972692 0.952503 0.988584 0.933418 0.807381
0.784858 0.829778 0.600899 0.584859 0.816681 0.937623 0.619702 0.896513 0.636782 0.884634 0.717034 0.747858 0.512853 0.613777 0.403548 0.428173 0.603015 0.741725 0.811166 0.890750 0.981787 0.964581 0.000000 0.329406 0.463489 0.609352 0.612368 0.821239 0.768305 0.734728 0.716663 0.800026 0.714942 0.951626 0.597546 0.734313 0.911106 0.907274 0.842055 0.998141 0.827343 0.855844 0.612091 0.718998 0.612302 0.832386 0.924597 0.865893 0.877210 0.797898 0.831983 0.643628 0.562576 0.569533 0.992430 0.847421 0.841260 0.706688 0.712548 0.618411 0.827612 0.730776 0.704660 0.677565 0.286823 0.682699 0.632570 0.960883 0.760908 0.872562 0.869377 0.969641 0.864360 0.808339 0.897354 0.918234 0.697421 0.653255 0.895159 0.863064 0.738901 0.853450 0.683017 0.996714 0.436060 0.393583 0.789437 0.791133 0.821121 0.698536 0.668278 0.622889 0.631297 0.597819 0.981396 0.717141 0.846036 0.875663 0.854655 0.638318 0.940196 0.624272 0.777124 0.818812 0.655598 0.867683 0.969545 0.940260 0.841128 0.957705 0.945502 0.921323 0.750958 0.909875 0.787760 0.846489
0.842041 0.841864 0.535491 0.536061 0.848088 0.984163 0.613431 0.826748 0.719206 0.908632 0.842436 0.832992 0.557409 0.620193 0.535647 0.507174 0.688231 0.803796 0.852937 0.772577 0.989296 0.948070 0.329406 0.000000 0.431861 0.673715 0.627642 0.921726 0.785771 0.806498 0.774115 0.820543 0.812826 0.993301 0.706958 0.805279 0.958972 0.803379 0.831930 0.974450 0.827252 0.903263 0.671716 0.722516 0.694531 0.885388 0.940976 0.815673 0.947580 0.852051 0.895792 0.760358 0.653341 0.680439 0.970985 0.867800 0.935877 0.743023 0.732648 0.677865 0.848045 0.822507 0.724415 0.719581 0.355471 0.671255 0.614633 0.945691 0.821978 0.869518 0.876649 0.978415 0.868966 0.818916 0.954766 0.976823 0.746534 0.713304 0.911357 0.888729 0.804692 0.938289 0.748129 0.950270 0.519570 0.402673 0.814264 0.788648 0.694531 0.649470 0.752222 0.749875 0.763040 0.698820 0.952942 0.734379 0.889657 0.988744 0.895500 0.679515 0.996074 0.704498 0.757967 0.851927 0.687176 0.758628 0.902383 0.978692 0.825080 0.973030 0.973088 0.988442 0.855865 0.914762 0.822296 0.884389
0.722746 0.770184 0.401311 0.423056 0.949241 0.889569 0.529806 0.623372 0.681327 0.915177 0.625670 0.710445 0.684785 0.858877 0.753798 0.573977 0.563826 0.594667 0.993078 0.907167 0.990149 0.935935 0.463489 0.431861 0.000000 0.474571 0.792405 0.907676 0.589661 0.566326 0.689990 0.810874 0.789254 0.932387 0.767792 0.882484 0.876069 0.843507 0.791865 0.827347 0.769650 0.842085 0.591206 0.749703 0.815289 0.988048 0.993792 0.911049 0.938773 0.973149 0.984804 0.875940 0.747627 0.782553 0.987895 0.900544 0.788882 0.545128 0.596789 0.568106 0.631796 0.831705 0.470235 0.499150 0.328118 0.582017 0.593627 0.989832 0.697293 0.689049 0.707176 0.762610 0.894072 0.855615 0.982183 0.974782 0.660909 0.636102 0.764432 0.913253 0.657570 0.696787 0.977575 0.818949 0.709518 0.607884 0.807296 0.995329 0.823283 0.761732 0.591204 0.574434 0.537881 0.489055 0.906016 0.686649 0.976991 0.936278 0.769042 0.618986 0.811131 0.679374 0.876186 0.714103 0.661641 0.893052 0.792485 0.877628 0.897549 0.988816 0.898829 0.968907 0.819427 0.972842 0.946849 0.772532
0.709624 0.716139 0.464597 0.465185 0.869615 0.778791 0.664341 0.635304 0.534443 0.763549 0.626339 0.769948 0.817356 0.909336 0.846219 0.652613 0.547945 0.520474 0.958448 0.959486 0.912411 0.903339 0.609352 0.673715 0.474571 0.000000 0.890925 0.846251 0.723075 0.621518 0.663428 0.718844 0.843283 0.903720 0.719171 0.914647 0.796461 0.909418 0.743089 0.756694 0.672552 0.824577 0.620669 0.787490 0.829336 0.979139 0.956717 0.932704 0.983424 0.896677 0.927888 0.830745 0.748194 0.641006 0.992041 0.906421 0.637554 0.525892 0.638132 0.601942 0.625082 0.891842 0.458201 0.479917 0.521429 0.666361 0.661777 0.946663 0.750061 0.791013 0.666593 0.719565 0.991818 0.960977 0.960254 0.974794 0.553897 0.599567 0.855967 0.838025 0.640716 0.632934 0.915014 0.727461 0.926799 0.813503 0.982737 0.911431 0.987754 0.844673 0.622488 0.538566 0.559500 0.491605 0.905782 0.761534 0.871082 0.813936 0.726085 0.656901 0.839408 0.695387 0.934403 0.876685 0.767948 0.903621 0.801296 0.828152 0.947062 0.979136 0.969367 0.981793 0.794190 0.874527 0.966473 0.796326
0.878894 0.844211 0.968512 0.967813 0.931994 0.659137 0.865802 0.760841 0.983414 0.779352 0.862101 0.734113 0.956150 0.834613 0.657723 0.921268 0.765337 0.905447 0.845604 0.998161 0.899700 0.947863 0.612368 0.627642 0.792405 0.890925 0.000000 0.869549 0.929828 0.863233 0.954867 0.882539 0.875684 0.755885 0.757430 0.772936 0.945786 0.876507 0.981357 0.889875 0.936221 0.897955 0.968375 0.948447 0.834610 0.891897 0.899374 0.900294 0.910453 0.883284 0.986489 0.868766 0.699854 0.744039 0.955031 0.997395 0.934514 0.916689 0.802389 0.790561 0.774316 0.722276 0.911739 0.868452 0.656849 0.957196 0.959298 0.698374 0.942989 0.993829 0.829075 0.651394 0.724178 0.662443 0.908332 0.926610 0.981779 0.925790 0.803639 0.862952 0.905394 0.935414 0.663338 0.891021 0.738392 0.697748 0.868276 0.842631 0.863992 0.715311 0.923545 0.931860 0.914793 0.996483 0.823559 0.786863 0.734934 0.878453 0.805750 0.975209 0.879019 0.942635 0.737289 0.900687 0.980213 0.970141 0.883694 0.943033 0.962819 0.983462 0.995480 0.991020 0.894061 0.914304 0.901355 0.962446
0.928633 0.832927 0.943264 0.962519 0.929165 0.976965 0.899018 0.910785 0.926059 0.733959 0.932980 0.929889 0.994920 0.920199 0.855363 0.982005 0.982438 0.904544 0.952728 0.983716 0.924655 0.925187 0.821239 0.921726 0.907676 0.846251 0.869549 0.000000 0.933385 0.957649 0.991562 0.882469 0.928648 0.918058 0.790765 0.878452 0.906731 0.860649 0.923400 0.866097 0.890192 0.850762 0.913197 0.849744 0.872926 0.892017 0.997558 0.839549 0.816506 0.771954 0.863489 0.730486 0.771628 0.918515 0.844432 0.986176 0.934586 0.818990 0.912078 0.965678 0.837969 0.760244 0.940015 0.890220 0.862508 0.921326 0.913963 0.957179 0.961527 0.924838 0.823985 0.779347 0.875061 0.842694 0.924692 0.794863 0.863734 0.912719 0.909944 0.924646 0.913794 0.894267 0.778435 0.853401 0.714310 0.738244 0.901273 0.818847 0.943668 0.780584 0.881178 0.912933 0.923359 0.972457 0.899515 0.893698 0.800192 0.878315 0.883584 0.942526 0.916717 0.988181 0.854010 0.983073 0.963812 0.963769 0.960233 0.937798 0.890326 0.889769 0.786171 0.998350 0.999169 0.951408 0.947139 0.991483
0.595679 0.562234 0.653237 0.721902 0.844915 0.920887 0.913528 0.875304 0.822607 0.845576 0.539546 0.580638 0.923294 0.980825 0.933366 0.840240 0.544969 0.493214 0.709624 0.855370 0.990411 0.906326 0.768305 0.785771 0.589661 0.723075 0.929828 0.933385 0.000000 0.415554 0.958106 0.957008 0.838643 0.684506 0.862723 0.888084 0.815881 0.764043 0.856268 0.863673 0.791588 0.702997 0.822209 0.959948 0.963320 0.828314 0.840893 0.893240 0.800104 0.824636 0.901714 0.986534 0.965233 0.838993 0.696391 0.989942 0.667977 0.593783 0.654150 0.645086 0.627917 0.954308 0.455216 0.506961 0.599333 0.638884 0.974836 0.897949 0.710267 0.745545 0.731988 0.856323 0.772511 0.990217 0.916967 0.858194 0.809086 0.862478 0.741348 0.827655 0.522305 0.538021 0.748918 0.573812 0.999874 0.980887 0.970561 0.863864 0.925022 0.960078 0.673983 0.655469 0.715830 0.639419 0.823631 0.731028 0.999737 0.786193 0.855719 0.739626 0.711885 0.783164 0.985502 0.781968 0.838695 0.916033 0.794875 0.999202 0.865324 0.965559 0.725148 0.993164 0.867308 0.947968 0.952384 0.745489
0.544038 0.557486 0.701163 0.792889 0.854176 0.989400 0.978993 0.962773 0.832777 0.912444 0.406783 0.592117 0.936732 0.962103 0.963108 0.870650 0.407440 0.373659 0.603815 0.770167 0.944232 0.922456 0.734728 0.806498 0.566326 0.621518 0.863233 0.957649 0.415554 0.000000 0.961824 0.916808 0.792096 0.585818 0.841917 0.966023 0.906923 0.901847 0.869203 0.881127 0.735731 0.741205 0.824486 0.971597 0.924928 0.840924 0.762117 0.891759 0.891179 0.912664 0.941565 0.965725 0.887235 0.741963 0.736485 0.913486 0.594688 0.559432 0.583201 0.595467 0.512309 0.947973 0.420361 0.455927 0.594908 0.744218 0.893595 0.768528 0.638903 0.721704 0.863069 0.892949 0.745402 0.884736 0.894032 0.932337 0.825435 0.921208 0.666491 0.726921 0.489111 0.463828 0.816218 0.537426 0.998334 0.992917 0.911936 0.816392 0.943176 0.991102 0.699373 0.624963 0.683951 0.587768 0.740128 0.909875 0.884647 0.915484 0.902549 0.834358 0.730628 0.849412 0.901659 0.715195 0.910457 0.936524 0.717725 0.975226 0.903820 0.829230 0.773628 0.950997 0.877038 0.938031 0.880189 0.924854
0.994442 0.956105 0.589972 0.598947 0.827363 0.890853 0.566991 0.679991 0.529308 0.931761 0.997373 0.944944 0.733196 0.948016 0.811357 0.596259 0.856034 0.877755 0.719328 0.963269 0.772241 0.845894 0.716663 0.774115 0.689990 0.663428 0.954867 0.991562 0.958106 0.961824 0.000000 0.588312 0.564572 0.660776 0.984651 0.811376 0.812519 0.812788 0.786213 0.765942 0.922007 0.957873 0.550611 0.584394 0.566251 0.691313 0.800493 0.853503 0.798821 0.760707 0.677607 0.725563 0.648574 0.683375 0.801674 0.738117 0.976014 0.762459 0.862247 0.799687 0.947432 0.923811 0.790490 0.792350 0.718113 0.893879 0.562617 0.724218 0.937698 0.980454 0.697928 0.774684 0.936853 0.929280 0.831287 0.890337 0.603930 0.683179 0.816059 0.861946 0.999677 0.976736 0.947488 0.978837 0.872502 0.742760 0.937381 0.829625 0.935108 0.951010 0.778297 0.693824 0.694697 0.699581 0.934245 0.791086 0.845854 0.848593 0.681311 0.726707 0.975125 0.593027 0.886179 0.944014 0.800484 0.997687 0.977335 0.869808 0.987558 0.983153 0.974280 0.943879 0.797412 0.908755 0.827320 0.820418
0.976711 0.972045 0.673472 0.627647 0.800522 0.820241 0.552714 0.596107 0.721864 0.876741 0.973113 0.907396 0.739295 0.809735 0.848504 0.665279 0.908533 0.920514 0.665516 0.834357 0.966065 0.989723 0.800026 0.820543 0.810874 0.718844 0.882539 0.882469 0.957008 0.916808 0.588312 0.000000 0.596001 0.762466 0.960609 0.879328 0.995272 0.934315 0.874132 0.889039 0.987189 0.988098 0.709057 0.752668 0.820823 0.829463 0.801135 0.924455 0.920833 0.772953 0.798404 0.787570 0.826649 0.829551 0.842378 0.857423 0.993607 0.847848 0.961367 0.928498 0.941245 0.959743 0.921660 0.874458 0.828189 0.841568 0.719334 0.753295 0.868820 0.910469 0.859705 0.869459 0.843209 0.894855 0.916275 0.846476 0.800209 0.832042 0.790023 0.881667 0.965649 0.992702 0.971610 0.989028 0.919620 0.819039 0.805604 0.970813 0.998613 0.954924 0.838501 0.729252 0.732625 0.843820 0.818129 0.992571 0.823301 0.912928 0.849033 0.789993 0.942129 0.796467 0.895735 0.975279 0.695271 0.814834 0.997557 0.949789 0.963963 0.927432 0.934556 0.928029 0.833499 0.913261 0.743573 0.992539
0.754273 0.659934 0.774248 0.685850 0.921915 0.828970 0.507516 0.599332 0.720253 0.965526 0.779914 0.723143 0.672202 0.785700 0.749302 0.620471 0.909835 0.850430 0.568485 0.780269 0.913624 0.991886 0.714942 0.812826 0.789254 0.843283 0.875684 0.928648 0.838643 0.792096 0.564572 0.596001 0.000000 0.591725 0.960584 0.933178 0.931788 0.905901 0.974172 0.813582 0.874081 0.897766 0.601383 0.602540 0.645682 0.679045 0.612428 0.701348 0.760449 0.681203 0.676747 0.644739 0.699432 0.830447 0.706017 0.705847 0.750917 0.909984 0.796396 0.861443 0.759729 0.885332 0.910176 0.922492 0.786774 0.802314 0.546091 0.615865 0.913023 0.838852 0.847361 0.848207 0.791118 0.847002 0.879219 0.897739 0.745037 0.698928 0.793622 0.804419 0.787612 0.735330 0.793517 0.711869 0.643223 0.624801 0.949062 0.905164 0.983933 0.769703 0.862610 0.827091 0.801766 0.916783 0.770979 0.882580 0.760659 0.967477 0.765253 0.735244 0.909709 0.774440 0.819368 0.974311 0.629472 0.806267 0.968798 0.916012 0.961234 0.859994 0.842147 0.972418 0.770974 0.990382 0.750544 0.858145
0.584081 0.630033 0.939543 0.920943 0.822996 0.844899 0.680857 0.709885 0.861469 0.955641 0.649922 0.671855 0.822735 0.985806 0.968156 0.876833 0.650866 0.668074 0.455733 0.826795 0.799833 0.967781 0.951626 0.993301 0.932387 0.903720 0.755885 0.918058 0.684506 0.585818 0.660776 0.762466 0.591725 0.000000 0.862423 0.992376 0.984161 0.873290 0.983779 0.956632 0.891607 0.826474 0.797373 0.761574 0.738021 0.743802 0.621767 0.786141 0.828368 0.879388 0.809993 0.874493 0.900918 0.935275 0.682836 0.878121 0.648277 0.790965 0.700338 0.739970 0.551418 0.787850 0.732861 0.731006 0.901289 0.971506 0.643586 0.588509 0.712926 0.871212 0.866709 0.813401 0.674226 0.768858 0.726123 0.994385 0.836549 0.813209 0.717181 0.665334 0.611813 0.640028 0.958744 0.710253 0.884912 0.847061 0.958099 0.980836 0.968872 0.979520 0.990499 0.999567 0.955319 0.879698 0.812621 0.987036 0.720779 0.970121 0.769998 0.918583 0.955415 0.844785 0.814505 0.814992 0.874909 0.824876 0.919416 0.815197 0.916898 0.903020 0.935340 0.857362 0.845464 0.855276 0.829021 0.989457
0.949777 0.994856 0.917607 0.923428 0.945699 0.978901 0.998502 0.871785 0.815567 0.931727 0.743913 0.871121 0.839495 0.823199 0.703441 0.756199 0.855122 0.878295 0.974960 0.990445 0.942727 0.921806 0.597546 0.706958 0.767792 0.719171 0.757430 0.790765 0.862723 0.841917 0.984651 0.960609 0.960584 0.862423 0.000000 0.881315 0.796431 0.983569 0.788117 0.955661 0.898834 0.920217 0.658084 0.742051 0.648350 0.728393 0.810552 0.800861 0.704047 0.722739 0.797238 0.673153 0.734210 0.708629 0.991264 0.860518 0.996451 0.963644 0.985322 0.928666 0.897057 0.850908 0.882251 0.890097 0.650481 0.913388 0.813601 0.999444 0.998012 0.970833 0.977711 0.908192 0.993684 0.950310 0.915754 0.848254 0.722496 0.663200 0.929532 0.998962 0.951794 0.875348 0.824857 0.942977 0.684543 0.723454 0.853263 0.984678 0.901604 0.765102 0.889847 0.969148 0.933952 0.955732 0.881843 0.804072 0.838954 0.997528 0.869522 0.679869 0.997130 0.903754 0.979968 0.927877 0.817317 0.912505 0.984765 0.941963 0.763952 0.893159 0.968367 0.804808 0.808110 0.967981 0.857815 0.794348
0.972476 0.998824 0.880135 0.866097 0.912534 0.943789 0.950930 0.998046 0.818301 0.893955 0.877562 0.936157 0.884511 0.871493 0.855972 0.806018 0.885931 0.926135 0.844207 0.913039 0.993535 0.927510 0.734313 0.805279 0.882484 0.914647 0.772936 0.878452 0.888084 0.966023 0.811376 0.879328 0.933178 0.992376 0.881315 0.000000 0.991787 0.960488 0.798194 0.944353 0.967883 0.915000 0.818444 0.887040 0.786634 0.915770 0.971014 0.940063 0.940366 0.893598 0.971590 0.845945 0.784417 0.905429 0.949023 0.991773 0.997369 0.929129 0.965565 0.887376 0.930998 0.923675 0.895770 0.900949 0.780362 0.925561 0.929415 0.885305 0.856946 0.938130 0.995419 0.835726 0.856260 0.943890 0.870583 0.861248 0.909994 0.966286 0.957001 0.986965 0.903255 0.913545 0.860962 0.979356 0.835543 0.813405 0.937082 0.976540 0.993172 0.929741 0.925859 0.894387 0.876824 0.899218 0.839544 0.772970 0.982335 0.977180 0.980825 0.872643 0.937077 0.687026 0.942726 0.920094 0.843048 0.878618 0.942406 0.957001 0.894429 0.960873 0.920943 0.885014 0.888385 0.948283 0.740125 0.939764
0.908360 0.963752 0.830154 0.815714 0.842111 0.937598 0.976648 0.943289 0.928054 0.967424 0.923162 0.993105 0.963178 0.924283 0.962887 0.916824 0.973765 0.978586 0.898008 0.987638 0.746475 0.681719 0.911106 0.958972 0.876069 0.796461 0.945786 0.906731 0.815881 0.906923 0.812519 0.995272 0.931788 0.984161 0.796431 0.991787 0.000000 0.863731 0.892427 0.730701 0.965386 0.952802 0.659325 0.618703 0.724144 0.734528 0.777597 0.758459 0.737433 0.803334 0.766954 0.803087 0.810603 0.844036 0.792097 0.772863 0.882683 0.990454 0.983875 0.984299 0.892669 0.951859 0.917583 0.970048 0.909016 0.958892 0.857123 0.879223 0.914388 0.961148 0.906750 0.996259 0.900603 0.993436 0.937307 0.988835 0.831957 0.914290 0.896384 0.768094 0.913496 0.905413 0.926501 0.949447 0.923186 0.922123 0.995247 0.864346 0.966569 0.859073 0.971773 0.984952 0.991390 0.989363 0.891975 0.891389 0.897634 0.932387 0.821611 0.890648 0.910002 0.995667 0.887647 0.854417 0.977330 0.980494 0.921346 0.985257 0.921784 0.948823 0.940310 0.919729 0.948652 0.866108 0.861279 0.786279
0.842497 0.994767 0.831296 0.866292 0.888725 0.859973 0.948959 0.938017 0.926255 0.991273 0.938569 0.995791 0.846892 0.904814 0.960478 0.818624 0.948308 0.922988 0.994801 0.825105 0.893357 0.856901 0.907274 0.803379 0.843507 0.909418 0.876507 0.860649 0.764043 0.901847 0.812788 0.934315 0.905901 0.873290 0.983569 0.960488 0.863731 0.000000 0.954139 0.708722 0.975396 0.892351 0.786309 0.727658 0.773365 0.730461 0.897843 0.798343 0.787082 0.814601 0.745776 0.742610 0.726086 0.788198 0.895481 0.787874 0.841886 0.981409 0.982028 0.996229 0.955934 0.971722 0.928961 0.934602 0.876821 0.994800 0.891342 0.995258 0.815998 0.831582 0.902635 0.988636 0.956406 0.911425 0.835568 0.799847 0.859953 0.899068 0.977995 0.995399 0.908870 0.928410 0.848636 0.827959 0.902423 0.839266 0.991723 0.990811 0.705883 0.771150 0.935519 0.989137 0.960676 0.999509 0.997948 0.907911 0.980958 0.805906 0.996129 0.994451 0.871319 0.862703 0.905569 0.856901 0.945046 0.902419 0.989013 0.843885 0.937728 0.862100 0.823921 0.980348 0.868834 0.939959 0.930828 0.821241
