0.000000 0.331961 0.793614 0.795440 0.767689 0.835213 0.609110 0.575975 0.730108 0.647456 0.358299 0.361428 0.442113 0.558748 0.587074 0.627959 0.443081 0.418632 0.439861 0.468009 0.858873 0.939331 0.818785 0.992691 0.844255 0.858877 0.903591 0.748214 0.566488 0.529701 0.697229 0.806029 0.411292 0.464355 0.927306 0.874278 0.647649 0.590762 0.896469 0.860859 0.834073 0.805608 0.549269 0.465187 0.537265 0.547012 0.592537 0.609254 0.848253 0.826799 0.662926 0.737732 0.887497 0.959078 0.812381 0.795405 0.328334 0.351906 0.461794 0.578761 0.395511 0.594047 0.328082 0.345810 0.925620 0.766986 0.692742 0.675422 0.410609 0.546062 0.502035 0.460471 0.736592 0.707053 0.940917 0.820812 0.770056 0.633421 0.644679 0.561406 0.463046 0.582742 0.837544 0.761701 0.757733 0.942044 0.861391 0.817063 0.892557 0.990167 0.797653 0.876384 0.917596 0.891221 0.939749 0.905665 0.652794 0.843396 0.397772 0.559486 0.743528 0.783773 0.527706 0.524487 0.631388 0.684361 0.816143 0.827898 0.762798 0.796072 0.715660 0.684321 0.618191 0.910854 0.657320 0.964446
0.331961 0.000000 0.994235 0.878401 0.796592 0.878221 0.774446 0.555166 0.701491 0.591456 0.452631 0.271063 0.458328 0.413563 0.525298 0.462202 0.326292 0.290421 0.454638 0.381474 0.857433 0.936861 0.763361 0.867029 0.941967 0.777773 0.971844 0.794397 0.442151 0.409463 0.760589 0.776334 0.505246 0.523231 0.962984 0.857273 0.657390 0.615979 0.785999 0.864688 0.779261 0.685288 0.588268 0.483353 0.606117 0.616249 0.745118 0.682545 0.883400 0.897320 0.786178 0.809049 0.984626 0.871444 0.901281 0.982350 0.237959 0.231676 0.678060 0.693190 0.531157 0.538678 0.397352 0.271587 0.928083 0.838285 0.926175 0.829496 0.459962 0.589668 0.406306 0.421585 0.733741 0.730368 0.984330 0.819240 0.616586 0.518811 0.691943 0.523836 0.394862 0.551525 0.700398 0.696895 0.943164 0.949930 0.885287 0.775047 0.952744 0.921395 0.842402 0.836707 0.948976 0.878904 0.918191 0.817704 0.718813 0.818241 0.421346 0.481630 0.731216 0.945589 0.585652 0.494368 0.691710 0.709458 0.808303 0.807903 0.817620 0.818019 0.659240 0.636612 0.663288 0.769082 0.709161 0.875487
0.793614 0.994235 0.000000 0.341591 0.685178 0.706850 0.276094 0.518772 0.697647 0.651157 0.686978 0.912526 0.660529 0.962852 0.786579 0.807844 0.869473 0.841791 0.584281 0.789231 0.699524 0.775531 0.514635 0.754961 0.660789 0.530895 0.887237 0.944661 0.898471 0.731741 0.452070 0.686875 0.512275 0.472551 0.598842 0.826839 0.789716 0.862511 0.662465 0.870153 0.940292 0.997741 0.466228 0.524220 0.711435 0.747146 0.579947 0.544955 0.724152 0.980676 0.957328 0.994426 0.887987 0.840405 0.771379 0.920090 0.954044 0.987424 0.527050 0.819929 0.543260 0.966778 0.671043 0.901366 0.337591 0.465040 0.280273 0.381697 0.864787 0.679401 0.737821 0.815986 0.798937 0.857323 0.615749 0.918162 0.746592 0.912926 0.689986 0.838734 0.780234 0.647760 0.963231 0.828100 0.457990 0.659884 0.977505 0.994531 0.680241 0.888675 0.697917 0.692710 0.704581 0.665535 0.995387 0.847361 0.789122 0.973473 0.796246 0.717771 0.915714 0.559756 0.767566 0.711957 0.653458 0.613598 0.954347 0.928150 0.830874 0.749191 0.770785 0.912225 0.833408 0.956872 0.808518 0.866478
0.795440 0.878401 0.341591 0.000000 0.784967 0.680020 0.293799 0.357648 0.837275 0.456168 0.777535 0.750128 0.712059 0.747667 0.708809 0.621056 0.792318 0.741605 0.516587 0.652134 0.648542 0.830731 0.380861 0.524424 0.712087 0.632719 0.923770 0.913143 0.829022 0.604108 0.416783 0.511947 0.448856 0.438181 0.682713 0.847845 0.653248 0.784930 0.684427 0.817465 0.978060 0.854906 0.420194 0.502458 0.825475 0.833223 0.702073 0.533954 0.650819 0.902959 0.913652 0.896986 0.900876 0.768904 0.839456 0.974888 0.858209 0.909680 0.673262 0.929967 0.663958 0.914697 0.604355 0.754776 0.501112 0.513107 0.406419 0.467995 0.934118 0.672952 0.604336 0.679301 0.738003 0.868942 0.661294 0.933541 0.668326 0.841735 0.619072 0.796866 0.621323 0.485927 0.855329 0.629849 0.526075 0.544998 0.898744 0.961237 0.829858 0.881377 0.647519 0.571317 0.669327 0.668289 0.987451 0.794340 0.838714 0.916342 0.782134 0.553073 0.778988 0.474378 0.674273 0.602891 0.635377 0.611124 0.874919 0.875965 0.787106 0.699720 0.778474 0.737323 0.800411 0.830956 0.893741 0.979384
0.767689 0.796592 0.685178 0.784967 0.000000 0.829197 0.709567 0.761143 0.711328 0.881891 0.766235 0.802945 0.662601 0.896431 0.713987 0.915657 0.868246 0.804407 0.728062 0.885110 0.833680 0.801346 0.810447 0.999856 0.919914 0.947426 0.891746 0.841494 0.783820 0.847611 0.833959 0.937087 0.669113 0.685986 0.829505 0.940210 0.900277 0.942427 0.878846 0.797282 0.945697 0.784620 0.669723 0.610529 0.532992 0.626674 0.751359 0.652581 0.954929 0.834779 0.963424 0.878877 0.990624 0.994517 0.949681 0.893535 0.838172 0.885700 0.645976 0.701694 0.590293 0.754238 0.803676 0.848057 0.584502 0.589544 0.655808 0.579595 0.687701 0.850298 0.841985 0.902930 0.913177 0.822762 0.912373 0.855317 0.781910 0.895047 0.864108 0.943706 0.847071 0.869056 0.903580 0.885584 0.764329 0.768879 0.960125 0.904649 0.774311 0.899173 0.812940 0.815435 0.830218 0.760529 0.992995 0.953914 0.867421 0.935887 0.723164 0.695156 0.966763 0.774960 0.783984 0.909743 0.665208 0.734506 0.893426 0.984946 0.881429 0.984037 0.797014 0.806617 0.873178 0.857464 0.708109 0.700876
0.835213 0.878221 0.706850 0.680020 0.829197 0.000000 0.675919 0.631622 0.718443 0.653606 0.867072 0.835262 0.725469 0.954787 0.895532 0.848496 0.953832 0.931874 0.851424 0.900859 0.730399 0.797187 0.752549 0.955390 0.796207 0.645054 0.972323 0.684671 0.954532 0.936475 0.698534 0.888553 0.747240 0.712509 0.658944 0.967633 0.750907 0.903153 0.803764 0.965822 0.993625 0.827434 0.733525 0.796408 0.713030 0.739603 0.672444 0.823909 0.968378 0.963550 0.938727 0.889917 0.910042 0.953752 0.891858 0.845038 0.985191 0.962348 0.730938 0.861232 0.706905 0.834436 0.825142 0.866683 0.718684 0.686978 0.659411 0.618124 0.990057 0.912966 0.736035 0.850713 0.996855 0.896124 0.998084 0.966514 0.771410 0.921149 0.916441 0.957071 0.814193 0.779053 0.888026 0.981762 0.763410 0.866895 0.852289 0.737828 0.893503 0.925479 0.555815 0.594299 0.492459 0.656142 0.937343 0.916355 0.779161 0.962373 0.703062 0.722340 0.728014 0.679381 0.792011 0.856719 0.777027 0.600778 0.898827 0.791664 0.911753 0.969874 0.890973 0.706456 0.840016 0.997889 0.865725 0.745520
0.609110 0.774446 0.276094 0.293799 0.709567 0.675919 0.000000 0.317011 0.684200 0.450007 0.576628 0.689288 0.551719 0.685404 0.644057 0.616927 0.662439 0.618209 0.371900 0.589368 0.676350 0.875554 0.385617 0.627741 0.788865 0.729748 0.929178 0.798955 0.704846 0.560776 0.394827 0.534192 0.358644 0.346278 0.658123 0.809114 0.707586 0.792439 0.723396 0.851195 0.983187 0.836462 0.339294 0.421358 0.670217 0.690417 0.526561 0.456246 0.687979 0.926456 0.995122 0.981480 0.873800 0.740329 0.786590 0.981546 0.706253 0.797195 0.511515 0.814313 0.462084 0.842545 0.434425 0.641922 0.480030 0.473439 0.301468 0.383080 0.770109 0.650483 0.546083 0.593151 0.657345 0.724178 0.722722 0.886728 0.701145 0.716262 0.581554 0.695398 0.523281 0.452039 0.864193 0.713349 0.412491 0.599080 0.972688 0.985738 0.784424 0.965969 0.596498 0.560565 0.646635 0.644717 0.971626 0.776723 0.679915 0.916106 0.590838 0.488394 0.772295 0.406151 0.569584 0.513259 0.564016 0.565526 0.982226 0.799892 0.748061 0.674953 0.693619 0.706062 0.669104 0.881389 0.755472 0.894603
0.575975 0.555166 0.518772 0.357648 0.761143 0.631622 0.317011 0.000000 0.666390 0.318073 0.649066 0.485824 0.541039 0.494307 0.605063 0.473243 0.576143 0.509940 0.396314 0.473647 0.659613 0.803120 0.428255 0.611927 0.867244 0.845560 0.888937 0.841846 0.580662 0.474360 0.471119 0.513341 0.379052 0.360313 0.697461 0.755106 0.636086 0.725719 0.890853 0.821766 0.940335 0.734049 0.346529 0.389315 0.607667 0.633630 0.616305 0.495499 0.835847 0.957317 0.871735 0.893491 0.840905 0.810107 0.891306 0.959547 0.576334 0.621556 0.570962 0.751913 0.504375 0.631388 0.427437 0.438069 0.738531 0.542951 0.463580 0.476145 0.745172 0.592317 0.442682 0.525296 0.685905 0.793661 0.772113 0.883481 0.615764 0.562549 0.570417 0.701947 0.425954 0.410451 0.712148 0.591840 0.628057 0.656201 0.926292 0.945703 0.904300 0.917711 0.498376 0.491749 0.579088 0.647822 0.908386 0.699977 0.620432 0.816674 0.460565 0.353593 0.546656 0.481508 0.518625 0.423597 0.530505 0.559119 0.906431 0.694958 0.695451 0.659801 0.624209 0.596197 0.590237 0.787390 0.762458 0.895613
0.730108 0.701491 0.697647 0.837275 0.711328 0.718443 0.684200 0.666390 0.000000 0.654933 0.639302 0.742965 0.614977 0.830112 0.773927 0.809984 0.723880 0.760114 0.731316 0.693136 0.901938 0.891041 0.869884 0.955474 0.863679 0.915958 0.912610 0.956341 0.716201 0.766111 0.737856 0.880895 0.702107 0.669401 0.784375 0.896165 0.997433 0.931538 0.990336 0.905035 0.862610 0.968778 0.631027 0.646953 0.557301 0.630862 0.589909 0.714410 0.941949 0.895281 0.969313 0.878334 0.985641 0.872989 0.985277 0.904203 0.761150 0.742512 0.597771 0.650836 0.592140 0.741395 0.764842 0.765710 0.755615 0.696873 0.656688 0.615413 0.720035 0.797308 0.747350 0.828498 0.826693 0.874056 0.939707 0.842811 0.723958 0.814592 0.930245 0.764281 0.783638 0.833130 0.995935 0.983810 0.935929 0.861147 0.732315 0.652341 0.868417 0.910311 0.774781 0.804816 0.808970 0.752479 0.859314 0.864937 0.836332 0.954383 0.628044 0.729545 0.849169 0.846374 0.854260 0.737623 0.741410 0.765978 0.968625 0.867887 0.835644 0.800041 0.633789 0.846433 0.884144 0.846181 0.773522 0.666247
0.647456 0.591456 0.651157 0.456168 0.881891 0.653606 0.450007 0.318073 0.654933 0.000000 0.692241 0.586032 0.662112 0.570683 0.652937 0.538177 0.599369 0.566864 0.455864 0.492567 0.692386 0.894240 0.492604 0.688836 0.876684 0.843320 0.836404 0.865841 0.667349 0.522963 0.518611 0.518711 0.511496 0.502694 0.711316 0.810479 0.665643 0.810020 0.977543 0.855499 0.992669 0.766096 0.453729 0.498757 0.729288 0.747836 0.689543 0.571991 0.782051 0.873794 0.985123 0.969666 0.959472 0.939150 0.969182 0.953702 0.600819 0.696517 0.742249 0.908100 0.660185 0.765685 0.543625 0.554960 0.836557 0.680911 0.600373 0.615773 0.767314 0.832081 0.432419 0.586226 0.638393 0.741220 0.795308 0.748852 0.669524 0.527114 0.660523 0.741188 0.470135 0.491424 0.757213 0.696858 0.770541 0.839343 0.941323 0.895037 0.891043 0.943376 0.572951 0.549444 0.613340 0.653384 0.926285 0.710095 0.682023 0.807251 0.504542 0.435552 0.710672 0.642213 0.645122 0.489728 0.733042 0.642719 0.931855 0.722455 0.785190 0.709277 0.661179 0.662468 0.731153 0.847395 0.796978 0.912227
0.358299 0.452631 0.686978 0.777535 0.766235 0.867072 0.576628 0.649066 0.639302 0.692241 0.000000 0.414354 0.385526 0.589007 0.553629 0.579392 0.397925 0.395831 0.407684 0.423531 0.805296 0.957309 0.780907 0.895937 0.944868 0.948711 0.925779 0.757315 0.525292 0.462553 0.700149 0.731026 0.480302 0.471273 0.971353 0.887412 0.822346 0.793841 0.946186 0.840042 0.834192 0.854749 0.549773 0.505304 0.675353 0.674046 0.576308 0.614692 0.889248 0.955070 0.933401 0.966336 0.990293 0.846117 0.960331 0.844742 0.396710 0.443099 0.555238 0.675177 0.434761 0.722321 0.379571 0.433543 0.849660 0.745049 0.657486 0.666721 0.444495 0.580163 0.553194 0.522359 0.636027 0.645191 0.936770 0.699094 0.745404 0.643287 0.567170 0.430653 0.467873 0.544346 0.854601 0.834356 0.742840 0.980371 0.778030 0.792795 0.872230 0.907915 0.904287 0.976480 0.988599 0.934657 0.914060 0.841447 0.680941 0.926939 0.472734 0.575078 0.821718 0.804933 0.554002 0.594960 0.657997 0.672233 0.867154 0.992183 0.819138 0.773855 0.818256 0.789339 0.781194 0.867591 0.594646 0.831418
0.361428 0.271063 0.912526 0.750128 0.802945 0.835262 0.689288 0.485824 0.742965 0.586032 0.414354 0.000000 0.407171 0.331370 0.431789 0.372858 0.317015 0.289317 0.415383 0.367417 0.822396 0.936039 0.687271 0.763258 0.987618 0.815424 0.940391 0.816004 0.400876 0.353846 0.711376 0.679087 0.423570 0.477584 0.909587 0.906483 0.637452 0.690987 0.832802 0.810062 0.730355 0.719582 0.549721 0.458240 0.659405 0.613991 0.696977 0.642041 0.955376 0.948096 0.813193 0.847791 0.964314 0.946505 0.946504 0.973743 0.287405 0.285441 0.658686 0.696452 0.521533 0.549181 0.339742 0.235325 0.929239 0.808647 0.843455 0.787197 0.549452 0.558133 0.455464 0.413408 0.698806 0.769174 0.999137 0.814264 0.596459 0.488412 0.573623 0.504992 0.362273 0.449501 0.632992 0.610151 0.848920 0.857140 0.910016 0.898068 0.954304 0.895576 0.836803 0.822315 0.946528 0.935652 0.926968 0.764338 0.726241 0.768267 0.435620 0.445040 0.701258 0.799067 0.533444 0.475463 0.600856 0.688952 0.878753 0.837886 0.749671 0.743769 0.723271 0.627453 0.683339 0.799629 0.718260 0.870699
0.442113 0.458328 0.660529 0.712059 0.662601 0.725469 0.551719 0.541039 0.614977 0.662112 0.385526 0.407171 0.000000 0.486091 0.355518 0.455888 0.485334 0.407109 0.481932 0.549075 0.758350 0.912642 0.633059 0.764951 0.967551 0.985171 0.984006 0.923674 0.484804 0.455164 0.650326 0.771668 0.440402 0.496258 0.938139 0.971524 0.705429 0.816140 0.945477 0.860043 0.837600 0.783284 0.487341 0.445691 0.548959 0.573061 0.564457 0.562286 0.949399 0.872426 0.881196 0.821328 0.931775 0.943476 0.987838 0.997369 0.467786 0.460298 0.559666 0.654554 0.400410 0.633169 0.386187 0.418279 0.746099 0.682050 0.675277 0.658670 0.622807 0.626047 0.561797 0.558345 0.739214 0.765139 0.910369 0.694186 0.725250 0.552263 0.552829 0.496869 0.471846 0.522086 0.783292 0.761885 0.645782 0.821919 0.794104 0.878725 0.766851 0.962287 0.846131 0.824198 0.878075 0.885870 0.875543 0.775593 0.673421 0.918616 0.508790 0.577033 0.856018 0.722079 0.581852 0.588784 0.590550 0.645337 0.898075 0.879107 0.734189 0.702000 0.807075 0.693221 0.731073 0.817623 0.711509 0.811955
0.558748 0.413563 0.962852 0.747667 0.896431 0.954787 0.685404 0.494307 0.830112 0.570683 0.589007 0.331370 0.486091 0.000000 0.398423 0.354926 0.396664 0.332098 0.454537 0.435472 0.866693 0.987008 0.585357 0.623261 0.972935 0.785758 0.896401 0.802788 0.438231 0.379866 0.711044 0.581375 0.509079 0.584343 0.887450 0.928310 0.794811 0.802664 0.814498 0.850370 0.916323 0.752769 0.541982 0.543585 0.753347 0.763472 0.746843 0.647261 0.914930 0.869985 0.940230 0.992723 0.940193 0.913510 0.906313 0.880764 0.376391 0.411365 0.837298 0.907766 0.731346 0.740036 0.395183 0.342479 0.908623 0.936869 0.915053 0.897016 0.691979 0.735197 0.538786 0.526076 0.646313 0.743195 0.967817 0.788827 0.608645 0.462199 0.560001 0.522898 0.373855 0.414915 0.543318 0.593967 0.761496 0.782050 0.970375 0.926886 0.997413 0.881288 0.847574 0.751033 0.958564 0.927635 0.964290 0.707164 0.744650 0.845146 0.525656 0.429837 0.785339 0.765526 0.518571 0.487086 0.720265 0.801200 0.893692 0.769664 0.763716 0.721829 0.757593 0.607690 0.764886 0.683532 0.832428 0.988790
0.587074 0.525298 0.786579 0.708809 0.713987 0.895532 0.644057 0.605063 0.773927 0.652937 0.553629 0.431789 0.355518 0.398423 0.000000 0.427877 0.487775 0.421256 0.501022 0.521861 0.664874 0.922240 0.569874 0.653427 0.902524 0.920784 0.909998 0.885123 0.468635 0.409099 0.687058 0.702321 0.520773 0.559677 0.932861 0.964066 0.735628 0.817063 0.855135 0.826859 0.902051 0.830657 0.539969 0.459768 0.699386 0.703143 0.657463 0.541874 0.898046 0.940665 0.974222 0.969608 0.996086 0.958694 0.957862 0.924634 0.496537 0.525695 0.776837 0.861668 0.636201 0.738631 0.473680 0.478000 0.792821 0.771170 0.822931 0.801775 0.733607 0.741969 0.592594 0.584098 0.718509 0.845568 0.957773 0.706314 0.667105 0.522186 0.526970 0.527531 0.461066 0.499912 0.719977 0.679519 0.661090 0.726968 0.991668 0.984011 0.838755 0.917669 0.883689 0.820915 0.966548 0.945176 0.918449 0.602562 0.796818 0.852277 0.599062 0.543557 0.994593 0.771178 0.626442 0.613735 0.674539 0.735157 0.993385 0.873890 0.697472 0.727635 0.786431 0.630956 0.811673 0.699310 0.850714 0.872254
0.627959 0.462202 0.807844 0.621056 0.915657 0.848496 0.616927 0.473243 0.809984 0.538177 0.579392 0.372858 0.455888 0.354926 0.427877 0.000000 0.415582 0.348377 0.448164 0.418108 0.752572 0.920026 0.459891 0.509160 0.898820 0.969745 0.982353 0.863026 0.432887 0.294922 0.659442 0.544764 0.490989 0.533986 0.948051 0.949565 0.675766 0.780957 0.959147 0.834930 0.853024 0.752734 0.497976 0.455070 0.840051 0.773409 0.739217 0.617505 0.803909 0.902605 0.960842 0.941726 0.982295 0.965217 0.838489 0.838718 0.436178 0.439946 0.797219 0.898744 0.646736 0.676616 0.422311 0.360339 0.946424 0.748254 0.850236 0.804405 0.734281 0.715293 0.488781 0.546519 0.706742 0.780733 0.941202 0.778123 0.618125 0.493605 0.576155 0.521189 0.405453 0.411740 0.601181 0.570379 0.773629 0.658283 0.961839 0.837199 0.997962 0.959033 0.894793 0.791567 0.988034 0.961221 0.900080 0.714878 0.850893 0.843225 0.644094 0.471179 0.865609 0.778951 0.556203 0.442068 0.634530 0.681059 0.971804 0.952719 0.759081 0.669788 0.829448 0.698728 0.756922 0.738660 0.796665 0.913195
0.443081 0.326292 0.869473 0.792318 0.868246 0.953832 0.662439 0.576143 0.723880 0.599369 0.397925 0.317015 0.485334 0.396664 0.487775 0.415582 0.000000 0.233176 0.366439 0.342167 0.833299 0.974745 0.653820 0.746512 0.998185 0.839276 0.982668 0.734701 0.364744 0.307543 0.669557 0.613301 0.472344 0.471393 0.918941 0.870876 0.723765 0.710810 0.838286 0.914199 0.778935 0.773228 0.539565 0.458912 0.773548 0.730497 0.674951 0.684546 0.886812 0.916989 0.995807 0.957119 0.865694 0.893915 0.879560 0.940704 0.251612 0.313142 0.740158 0.809833 0.588346 0.679393 0.342439 0.304989 0.985715 0.844951 0.839730 0.810900 0.488539 0.610352 0.443872 0.461113 0.649122 0.668644 0.946861 0.746890 0.697462 0.570598 0.537631 0.404885 0.313297 0.420811 0.619650 0.630940 0.811418 0.864869 0.917776 0.999057 0.985395 0.854345 0.945548 0.894652 0.960647 0.963088 0.874018 0.779694 0.720227 0.836716 0.598886 0.505217 0.869612 0.840896 0.597981 0.454462 0.732283 0.783967 0.839997 0.898741 0.812374 0.716874 0.696020 0.715616 0.712599 0.732915 0.747461 0.817039
0.418632 0.290421 0.841791 0.741605 0.804407 0.931874 0.618209 0.509940 0.760114 0.566864 0.395831 0.289317 0.407109 0.332098 0.421256 0.348377 0.233176 0.000000 0.319404 0.300216 0.812867 0.978787 0.579232 0.686505 0.987181 0.805672 0.984817 0.718402 0.317063 0.255180 0.673214 0.576454 0.415127 0.421494 0.954378 0.867499 0.683888 0.697678 0.842936 0.900973 0.805440 0.680001 0.489694 0.415886 0.722960 0.680708 0.702581 0.600128 0.880586 0.941441 0.987152 0.985460 0.927530 0.915521 0.922275 0.922503 0.225866 0.274766 0.728287 0.811228 0.551986 0.655748 0.300201 0.260323 0.964568 0.796533 0.798321 0.780586 0.478652 0.594667 0.412599 0.409967 0.645974 0.673664 0.922361 0.771898 0.634798 0.491026 0.478542 0.390670 0.248201 0.341002 0.526419 0.544000 0.735747 0.775310 0.979588 0.970779 0.983317 0.897615 0.884716 0.816364 0.987720 0.932105 0.930555 0.721038 0.687382 0.832243 0.525376 0.427786 0.799930 0.805544 0.513372 0.422972 0.672777 0.702531 0.858456 0.943084 0.799045 0.703522 0.683101 0.615985 0.698656 0.708870 0.712708 0.882928
0.439861 0.454638 0.584281 0.516587 0.728062 0.851424 0.371900 0.396314 0.731316 0.455864 0.407684 0.415383 0.481932 0.454537 0.501022 0.448164 0.366439 0.319404 0.000000 0.312897 0.786866 0.982190 0.423585 0.606200 0.947623 0.941083 0.941342 0.614805 0.449827 0.373959 0.552478 0.461241 0.352624 0.338002 0.906950 0.780489 0.701388 0.742643 0.976669 0.887876 0.967375 0.786751 0.404015 0.410806 0.756483 0.777179 0.630013 0.507426 0.717589 0.819822 0.934490 0.866448 0.936561 0.920721 0.986889 0.874572 0.368175 0.482213 0.671621 0.891374 0.521825 0.793200 0.275044 0.397537 0.775650 0.679124 0.577431 0.630662 0.576264 0.594967 0.359376 0.435921 0.617383 0.645764 0.845924 0.793645 0.650500 0.557203 0.507975 0.491073 0.308071 0.347333 0.617149 0.595351 0.551735 0.673118 0.946610 0.993088 0.990001 0.818610 0.733414 0.676263 0.854143 0.784755 0.955089 0.776254 0.663737 0.853566 0.509971 0.346158 0.820562 0.584266 0.473673 0.417569 0.653421 0.640727 0.905987 0.866841 0.779218 0.772750 0.702313 0.613139 0.706675 0.832320 0.679602 0.920981
0.468009 0.381474 0.789231 0.652134 0.885110 0.900859 0.589368 0.473647 0.693136 0.492567 0.423531 0.367417 0.549075 0.435472 0.521861 0.418108 0.342167 0.300216 0.312897 0.000000 0.801039 0.974345 0.576860 0.686564 0.977741 0.853958 0.943410 0.682671 0.435634 0.354766 0.661146 0.480878 0.469769 0.425891 0.958401 0.735740 0.670630 0.735864 0.864868 0.950576 0.802826 0.839458 0.485651 0.477009 0.831648 0.811268 0.753732 0.646810 0.768967 0.819029 0.925794 0.843108 0.864957 0.934722 0.919894 0.888315 0.336778 0.399096 0.785251 0.919020 0.651097 0.747500 0.359544 0.363295 0.978232 0.824738 0.748817 0.765547 0.513943 0.597624 0.369764 0.447890 0.584513 0.636556 0.949748 0.718497 0.677606 0.529135 0.507530 0.482745 0.336072 0.408564 0.635267 0.582278 0.802483 0.833654 0.965377 0.949418 0.872873 0.832894 0.805781 0.779545 0.931689 0.877063 0.940304 0.785471 0.745022 0.888339 0.531018 0.440360 0.787588 0.718754 0.554496 0.455624 0.723880 0.672469 0.939888 0.911896 0.782962 0.758281 0.678913 0.659714 0.748295 0.707054 0.688298 0.990479
0.858873 0.857433 0.699524 0.648542 0.833680 0.730399 0.676350 0.659613 0.901938 0.692386 0.805296 0.822396 0.758350 0.866693 0.664874 0.752572 0.833299 0.812867 0.786866 0.801039 0.000000 0.709930 0.718703 0.793595 0.735658 0.791000 0.909980 0.982493 0.894786 0.704704 0.727697 0.808806 0.741789 0.696148 0.924460 0.971943 0.807811 0.911563 0.996113 0.983174 0.962573 0.874479 0.715639 0.689988 0.867322 0.830026 0.786758 0.737777 0.916819 0.897152 0.957074 0.949595 0.974245 0.948643 0.755676 0.913791 0.891628 0.931945 0.807999 0.920460 0.754594 0.855236 0.806286 0.821102 0.735685 0.755213 0.739342 0.740045 0.913779 0.946236 0.799637 0.807836 0.791033 0.944106 0.840704 0.979146 0.920694 0.781928 0.764838 0.866712 0.767016 0.756364 0.962832 0.860682 0.814248 0.836504 0.974804 0.974629 0.931602 0.969350 0.769552 0.775595 0.727457 0.803521 0.949211 0.632406 0.983332 0.966156 0.844347 0.825463 0.880866 0.855420 0.751565 0.888185 0.821675 0.694732 0.984285 0.939200 0.753687 0.898371 0.851588 0.888043 0.821783 0.937186 0.931362 0.854783
0.939331 0.936861 0.775531 0.830731 0.801346 0.797187 0.875554 0.803120 0.891041 0.894240 0.957309 0.936039 0.912642 0.987008 0.922240 0.920026 0.974745 0.978787 0.982190 0.974345 0.709930 0.000000 0.854910 0.975418 0.800411 0.743014 0.695407 0.945905 0.948621 0.895903 0.790265 0.990549 0.925242 0.857960 0.939926 0.907340 0.939354 0.853213 0.890554 0.821995 0.942789 0.896001 0.806661 0.758557 0.783481 0.864179 0.884872 0.964970 0.923254 0.859573 0.933938 0.824016 0.891188 0.900820 0.841891 0.784743 0.999659 0.994507 0.857093 0.922305 0.921334 0.914964 0.977472 0.971091 0.801991 0.810224 0.822621 0.844926 0.914585 0.874934 0.845175 0.970303 0.916524 0.870396 0.769567 0.978363 0.924315 0.932785 0.868192 0.968182 0.963724 0.979334 0.933716 0.999942 0.951993 0.960553 0.944259 0.992942 0.783260 0.993992 0.845204 0.884912 0.881796 0.867881 0.851825 0.742295 0.964674 0.974166 0.877792 0.860649 0.890546 0.918984 0.931404 0.844999 0.845152 0.774087 0.941009 0.932491 0.995684 0.936692 0.855643 0.994933 0.924779 0.975643 0.898189 0.812841
0.818785 0.763361 0.514635 0.380861 0.810447 0.752549 0.385617 0.428255 0.869884 0.492604 0.780907 0.687271 0.633059 0.585357 0.569874 0.459891 0.653820 0.579232 0.423585 0.576860 0.718703 0.854910 0.000000 0.348065 0.729904 0.836675 0.938633 0.825788 0.690789 0.520214 0.469253 0.453694 0.508618 0.555301 0.914448 0.821485 0.701326 0.853955 0.822720 0.976684 0.957742 0.743013 0.444397 0.539396 0.880629 0.920303 0.778763 0.656355 0.585902 0.788314 0.778805 0.771600 0.955147 0.801461 0.930276 0.767918 0.704829 0.791670 0.916581 0.850697 0.769751 0.996136 0.562838 0.695380 0.585765 0.638882 0.639327 0.709848 0.984656 0.850211 0.433562 0.573183 0.751942 0.798551 0.765741 0.937016 0.637649 0.671533 0.677817 0.691456 0.541929 0.475648 0.702739 0.659859 0.470174 0.464785 0.804618 0.849414 0.912530 0.891085 0.706774 0.552830 0.760744 0.728718 0.936045 0.630859 0.858775 0.918410 0.737974 0.473167 0.913559 0.594496 0.750583 0.578298 0.769138 0.670462 0.911614 0.902002 0.816391 0.751296 0.800284 0.693699 0.765131 0.852856 0.894744 0.913967
0.992691 0.867029 0.754961 0.524424 0.999856 0.955390 0.627741 0.611927 0.955474 0.688836 0.895937 0.763258 0.764951 0.623261 0.653427 0.509160 0.746512 0.686505 0.606200 0.686564 0.793595 0.975418 0.348065 0.000000 0.688232 0.991754 0.987276 0.866378 0.730376 0.584527 0.681970 0.471704 0.710012 0.748160 0.936464 0.926661 0.786702 0.872600 0.874710 0.930059 0.940078 0.922068 0.692605 0.783470 0.856787 0.840452 0.995499 0.862170 0.546387 0.676809 0.704736 0.699854 0.916946 0.872620 0.858753 0.671762 0.793711 0.857120 0.847989 0.700203 0.998764 0.940443 0.699924 0.773956 0.827894 0.855889 0.906373 0.984855 0.932544 0.891446 0.647541 0.733749 0.721391 0.770122 0.876864 0.903253 0.769988 0.810979 0.725648 0.714995 0.662948 0.546748 0.742580 0.697944 0.640543 0.484747 0.814724 0.745663 0.970152 0.979976 0.924688 0.771574 0.951322 0.939520 0.840239 0.712033 0.993340 0.970392 0.927025 0.648070 0.926366 0.726334 0.881643 0.725295 0.801884 0.835661 0.790437 0.981209 0.876731 0.889362 0.936461 0.827286 0.928887 0.809155 0.874663 0.978012
0.844255 0.941967 0.660789 0.712087 0.919914 0.796207 0.788865 0.867244 0.863679 0.876684 0.944868 0.987618 0.967551 0.972935 0.902524 0.898820 0.998185 0.987181 0.947623 0.977741 0.735658 0.800411 0.729904 0.688232 0.000000 0.579581 0.714503 0.861905 0.988672 0.843072 0.736117 0.878286 0.922191 0.820175 0.795667 0.948797 0.899883 0.992645 0.717336 0.957828 0.906372 0.959302 0.860938 0.900697 0.984112 0.990269 0.918788 0.845690 0.768490 0.984906 0.817321 0.964737 0.901408 0.942968 0.954496 0.909077 0.927628 0.929502 0.993281 0.889308 0.969693 0.902050 0.975317 0.902854 0.627862 0.771105 0.817833 0.850828 0.927143 0.935489 0.967292 0.987937 0.818658 0.999896 0.809877 0.936997 0.789610 0.981569 0.951703 0.928779 0.996242 0.891766 0.956155 0.963904 0.887245 0.747641 0.909518 0.984951 0.928950 0.969493 0.970479 0.896452 0.856202 0.838493 0.959489 0.796001 0.860214 0.941479 0.957628 0.943219 0.975516 0.965947 0.861731 0.948916 0.882861 0.854347 0.851261 0.982013 0.945071 0.943536 0.761670 0.992323 0.923662 0.961447 0.920791 0.697188
0.858877 0.777773 0.530895 0.632719 0.947426 0.645054 0.729748 0.845560 0.915958 0.843320 0.948711 0.815424 0.985171 0.785758 0.920784 0.969745 0.839276 0.805672 0.941083 0.853958 0.791000 0.743014 0.836675 0.991754 0.579581 0.000000 0.677786 0.684706 0.832416 0.954922 0.698400 0.934591 0.909343 0.848385 0.559500 0.808856 0.909976 0.900332 0.705795 0.916156 0.979238 0.964024 0.821666 0.862621 0.902871 0.919542 0.724824 0.774202 0.858793 0.896456 0.936508 0.933626 0.916765 0.974330 0.845793 0.831489 0.750125 0.778051 0.765663 0.880497 0.870243 0.965288 0.898772 0.815913 0.506412 0.611924 0.615586 0.572629 0.916064 0.925107 0.948046 0.870530 0.958525 0.866247 0.663949 0.994469 0.965286 0.854944 0.995406 0.892298 0.923317 0.957782 0.901641 0.960785 0.787161 0.796404 0.910057 0.974880 0.782387 0.720256 0.926755 0.957919 0.801766 0.906948 0.937356 0.995838 0.937683 0.978578 0.891225 0.986689 0.941051 0.888437 0.964126 0.970056 0.981285 0.822796 0.921159 0.999726 0.954918 0.893275 0.968135 0.919024 0.922408 0.968471 0.947917 0.754846
0.903591 0.971844 0.887237 0.923770 0.891746 0.972323 0.929178 0.888937 0.912610 0.836404 0.925779 0.940391 0.984006 0.896401 0.909998 0.982353 0.982668 0.984817 0.941342 0.943410 0.909980 0.695407 0.938633 0.987276 0.714503 0.677786 0.000000 0.781978 0.995776 0.916670 0.778764 0.943307 0.993373 0.956444 0.996620 0.992529 0.996656 0.952208 0.924064 0.939226 0.979517 0.892870 0.918671 0.855410 0.965971 0.949188 0.924258 0.939256 0.909334 0.789942 0.952557 0.909662 0.992970 0.975919 0.972692 0.928933 0.965337 0.967961 0.977950 0.954491 0.964720 0.943147 0.898989 0.912658 0.714836 0.870544 0.987650 0.963430 0.983584 0.807280 0.978097 0.986810 0.949645 0.888647 0.828560 0.988472 0.934666 0.784362 0.903963 0.967568 0.925180 0.934375 0.924834 0.972273 0.976698 0.851177 0.924247 0.927270 0.876300 0.860494 0.774172 0.826412 0.805502 0.882590 0.905421 0.998852 0.815951 0.986692 0.776224 0.878514 0.971507 0.991901 0.886754 0.960357 0.844537 0.990755 0.985704 0.837470 0.938429 0.993992 0.963251 0.981340 0.929782 0.945670 0.992907 0.890186
0.748214 0.794397 0.944661 0.913143 0.841494 0.684671 0.798955 0.841846 0.956341 0.865841 0.757315 0.816004 0.923674 0.802788 0.885123 0.863026 0.734701 0.718402 0.614805 0.682671 0.982493 0.945905 0.825788 0.866378 0.861905 0.684706 0.781978 0.000000 0.749095 0.771523 0.987957 0.819365 0.818755 0.785203 0.968347 0.844869 0.925928 0.871969 0.908691 0.903628 0.999727 0.958390 0.798616 0.810206 0.977767 0.973449 0.949335 0.763024 0.823443 0.872568 0.886352 0.829182 0.885126 0.836431 0.996670 0.848048 0.683194 0.781024 0.980218 0.939721 0.844668 0.885720 0.774873 0.837187 0.985128 0.892184 0.913843 0.934906 0.726864 0.887289 0.772022 0.816400 0.659231 0.678000 0.942036 0.875832 0.947329 0.848382 0.796589 0.727173 0.770010 0.859667 0.834397 0.853818 0.880487 0.969842 0.815791 0.949392 0.890900 0.711658 0.984468 0.927289 0.910241 0.964571 0.961891 0.970836 0.944493 0.980636 0.816279 0.722691 0.993843 0.830616 0.829947 0.751115 0.848694 0.964697 0.947913 0.994525 0.985550 0.964265 0.782318 0.845193 0.906435 0.961938 0.899521 0.858100
0.566488 0.442151 0.898471 0.829022 0.783820 0.954532 0.704846 0.580662 0.716201 0.667349 0.525292 0.400876 0.484804 0.438231 0.468635 0.432887 0.364744 0.317063 0.449827 0.435634 0.894786 0.948621 0.690789 0.730376 0.988672 0.832416 0.995776 0.749095 0.000000 0.349391 0.770337 0.647153 0.502845 0.482988 0.987684 0.918008 0.827544 0.885579 0.921649 0.958923 0.848388 0.760983 0.522828 0.454233 0.689699 0.627621 0.626684 0.539190 0.950874 0.936077 0.945759 0.904629 0.937906 0.992013 0.989370 0.952757 0.375166 0.407297 0.747027 0.778535 0.584103 0.603039 0.431754 0.367330 0.955878 0.750722 0.781282 0.762335 0.558773 0.547197 0.609612 0.634372 0.695955 0.727060 0.938114 0.708907 0.726710 0.543075 0.542851 0.482586 0.353076 0.462118 0.577280 0.559493 0.766819 0.780668 0.856770 0.966953 0.947808 0.984770 0.938157 0.857402 0.986264 0.980917 0.806338 0.748477 0.764276 0.810127 0.599402 0.517814 0.807016 0.746233 0.597715 0.508076 0.689889 0.754529 0.943853 0.982417 0.848366 0.716331 0.641176 0.730305 0.780244 0.708634 0.825054 0.876865
0.529701 0.409463 0.731741 0.604108 0.847611 0.936475 0.560776 0.474360 0.766111 0.522963 0.462553 0.353846 0.455164 0.379866 0.409099 0.294922 0.307543 0.255180 0.373959 0.354766 0.704704 0.895903 0.520214 0.584527 0.843072 0.954922 0.916670 0.771523 0.349391 0.000000 0.577023 0.511373 0.440753 0.410409 0.982521 0.870229 0.657845 0.640888 0.926907 0.880200 0.785650 0.757821 0.405452 0.338503 0.748562 0.651239 0.657123 0.493135 0.847921 0.967103 0.967538 0.970109 0.985403 0.976874 0.905980 0.948215 0.328141 0.383519 0.723004 0.831209 0.550512 0.612418 0.380232 0.324656 0.851799 0.666754 0.749424 0.733547 0.588846 0.575652 0.478793 0.502331 0.588651 0.641735 0.819038 0.738844 0.670476 0.515455 0.448484 0.466188 0.330346 0.380741 0.523057 0.540892 0.740946 0.734939 0.984663 0.885922 0.887942 0.950230 0.944405 0.884810 0.933464 0.987556 0.954031 0.665094 0.802647 0.798278 0.623557 0.479048 0.804809 0.790084 0.591079 0.426374 0.639594 0.650276 0.897395 0.949585 0.704278 0.618317 0.664980 0.709907 0.698015 0.719285 0.771177 0.867496
0.697229 0.760589 0.452070 0.416783 0.833959 0.698534 0.394827 0.471119 0.737856 0.518611 0.700149 0.711376 0.650326 0.711044 0.687058 0.659442 0.669557 0.673214 0.552478 0.661146 0.727697 0.790265 0.469253 0.681970 0.736117 0.698400 0.778764 0.987957 0.770337 0.577023 0.000000 0.568101 0.456630 0.449037 0.711128 0.867620 0.724639 0.815949 0.773134 0.907554 0.935221 0.822838 0.460319 0.463903 0.732359 0.723891 0.667290 0.624029 0.758628 0.969423 0.988347 0.997689 0.869072 0.882073 0.867401 0.883152 0.725585 0.794337 0.645598 0.856155 0.585746 0.896677 0.586514 0.691763 0.582861 0.604821 0.502007 0.551377 0.871841 0.705534 0.611018 0.708228 0.734502 0.842774 0.779274 0.898340 0.739622 0.821026 0.721935 0.732101 0.636108 0.603909 0.839290 0.796321 0.644273 0.715179 0.898218 0.913338 0.735621 0.965414 0.794092 0.730016 0.839703 0.734434 0.957467 0.870346 0.747207 0.882946 0.748429 0.673496 0.778875 0.522309 0.777202 0.661695 0.856406 0.638135 0.952538 0.785578 0.916707 0.762086 0.697388 0.785412 0.762486 0.885297 0.824577 0.884983
0.806029 0.776334 0.686875 0.511947 0.937087 0.888553 0.534192 0.513341 0.880895 0.518711 0.731026 0.679087 0.771668 0.581375 0.702321 0.544764 0.613301 0.576454 0.461241 0.480878 0.808806 0.990549 0.453694 0.471704 0.878286 0.934591 0.943307 0.819365 0.647153 0.511373 0.568101 0.000000 0.576314 0.554141 0.995934 0.751293 0.818907 0.952367 0.986058 0.938967 0.978305 0.966875 0.579574 0.671696 0.941322 0.967619 0.888425 0.717745 0.553765 0.638800 0.768257 0.708552 0.918170 0.902138 0.971127 0.812097 0.667318 0.763264 0.980458 0.882403 0.855006 0.995666 0.543434 0.630461 0.886634 0.815152 0.756392 0.794046 0.905699 0.792649 0.596132 0.701600 0.696898 0.718745 0.849393 0.875893 0.821072 0.683853 0.569444 0.680965 0.497572 0.423505 0.677690 0.614067 0.689956 0.625246 0.913000 0.791242 0.973328 0.994930 0.886854 0.756276 0.910808 0.921767 0.940880 0.710194 0.808607 0.908720 0.854579 0.566590 0.862732 0.627566 0.779360 0.545852 0.858292 0.849891 0.990639 0.933316 0.847705 0.770758 0.744631 0.866819 0.946666 0.796193 0.870370 0.983312
0.411292 0.505246 0.512275 0.448856 0.669113 0.747240 0.358644 0.379052 0.702107 0.511496 0.480302 0.423570 0.440402 0.509079 0.520773 0.490989 0.472344 0.415127 0.352624 0.469769 0.741789 0.925242 0.508618 0.710012 0.922191 0.909343 0.993373 0.818755 0.502845 0.440753 0.456630 0.576314 0.000000 0.287829 0.764510 0.808883 0.606378 0.705103 0.908549 0.785825 0.849702 0.709833 0.400692 0.371148 0.588405 0.595153 0.619933 0.503773 0.863542 0.992472 0.932798 0.930856 0.919845 0.932933 0.818950 0.926820 0.468874 0.512507 0.487397 0.658373 0.398701 0.700842 0.327309 0.391772 0.687666 0.576523 0.458837 0.453817 0.616860 0.523911 0.464650 0.454207 0.745728 0.865660 0.823673 0.949954 0.602230 0.574657 0.557412 0.589472 0.382578 0.358705 0.715713 0.536527 0.555001 0.599733 0.973108 0.954368 0.769312 0.984654 0.703988 0.641074 0.748817 0.744705 0.944492 0.851058 0.736666 0.871564 0.515963 0.538615 0.761682 0.534829 0.506340 0.468320 0.528705 0.643046 0.954983 0.853025 0.855154 0.744580 0.641814 0.645696 0.728806 0.790181 0.719270 0.934601
0.464355 0.523231 0.472551 0.438181 0.685986 0.712509 0.346278 0.360313 0.669401 0.502694 0.471273 0.477584 0.496258 0.584343 0.559677 0.533986 0.471393 0.421494 0.338002 0.425891 0.696148 0.857960 0.555301 0.748160 0.820175 0.848385 0.956444 0.785203 0.482988 0.410409 0.449037 0.554141 0.287829 0.000000 0.666718 0.755978 0.626775 0.726910 0.797893 0.787229 0.861229 0.773172 0.371925 0.343391 0.600453 0.613202 0.549206 0.409366 0.832086 0.974855 0.967291 0.959247 0.926126 0.965460 0.794389 0.892932 0.482456 0.545634 0.486701 0.662762 0.402895 0.683823 0.349693 0.440195 0.625087 0.515049 0.389132 0.392499 0.566702 0.501921 0.479878 0.559596 0.695999 0.837810 0.810259 0.856847 0.675173 0.595315 0.461025 0.570955 0.354319 0.356949 0.720425 0.573382 0.579536 0.638764 0.948826 0.881667 0.792970 0.951753 0.671388 0.663084 0.733231 0.698303 0.928544 0.793447 0.649611 0.780467 0.524802 0.489243 0.710424 0.532421 0.534121 0.413207 0.532395 0.569501 0.927714 0.834257 0.841131 0.701784 0.551547 0.620127 0.661857 0.733814 0.654193 0.861624
0.927306 0.962984 0.598842 0.682713 0.829505 0.658944 0.658123 0.697461 0.784375 0.711316 0.971353 0.909587 0.938139 0.887450 0.932861 0.948051 0.918941 0.954378 0.906950 0.958401 0.924460 0.939926 0.914448 0.936464 0.795667 0.559500 0.996620 0.968347 0.987684 0.982521 0.711128 0.995934 0.764510 0.666718 0.000000 0.751228 0.841341 0.940414 0.620984 0.988262 0.980906 0.983557 0.746098 0.757746 0.640415 0.723588 0.836644 0.726323 0.954866 0.870214 0.932256 0.867538 0.756512 0.976002 0.737489 0.843862 0.949968 0.917738 0.615551 0.751148 0.679892 0.875787 0.938539 0.984316 0.598250 0.601662 0.472482 0.487198 0.945278 0.874201 0.972862 0.940437 0.967149 0.895697 0.856803 0.967805 0.877596 0.992345 0.998689 0.964057 0.921440 0.889749 0.991629 0.975080 0.793156 0.836794 0.913449 0.767643 0.854646 0.819798 0.701265 0.770155 0.624698 0.679719 0.994982 0.894334 0.715003 0.867038 0.823962 0.865414 0.789315 0.750538 0.824419 0.946307 0.825463 0.723311 0.943392 0.810987 0.945360 0.936017 0.791411 0.706865 0.943882 0.996519 0.890217 0.946797
0.874278 0.857273 0.826839 0.847845 0.940210 0.967633 0.809114 0.755106 0.896165 0.810479 0.887412 0.906483 0.971524 0.928310 0.964066 0.949565 0.870876 0.867499 0.780489 0.735740 0.971943 0.907340 0.821485 0.926661 0.948797 0.808856 0.992529 0.844869 0.918008 0.870229 0.867620 0.751293 0.808883 0.755978 0.751228 0.000000 0.865826 0.788215 0.919396 0.935003 0.960326 0.997583 0.759134 0.807250 0.835422 0.893043 0.995055 0.852911 0.937152 0.934324 0.967692 0.968968 0.930470 0.923954 0.929902 0.968914 0.820605 0.884676 0.886234 0.878455 0.833180 0.882558 0.874715 0.850973 0.856439 0.768483 0.750508 0.747094 0.795018 0.841659 0.724798 0.915430 0.990184 0.944070 0.871943 0.938914 0.975599 0.851741 0.985112 0.976218 0.815325 0.887198 0.735443 0.830040 0.958796 0.862761 0.891391 0.995504 0.924789 0.982261 0.924724 0.963252 0.964462 0.977230 0.921922 0.877787 0.842758 0.942353 0.848364 0.786528 0.857909 0.962623 0.990320 0.825109 0.951242 0.895404 0.704793 0.881005 0.902052 0.992306 0.762363 0.808300 0.934494 0.836789 0.815228 0.897732
0.647649 0.657390 0.789716 0.653248 0.900277 0.750907 0.707586 0.636086 0.997433 0.665643 0.822346 0.637452 0.705429 0.794811 0.735628 0.675766 0.723765 0.683888 0.701388 0.670630 0.807811 0.939354 0.701326 0.786702 0.899883 0.909976 0.996656 0.925928 0.827544 0.657845 0.724639 0.818907 0.606378 0.626775 0.841341 0.865826 0.000000 0.595159 0.952928 0.973112 0.736415 0.810568 0.676840 0.645682 0.825918 0.784127 0.914522 0.780077 0.989203 0.982686 0.908434 0.967107 0.922122 0.970015 0.984345 0.989683 0.657343 0.670970 0.787477 0.903349 0.696293 0.718134 0.666747 0.640001 0.845007 0.716618 0.815329 0.771952 0.818084 0.792212 0.556808 0.646741 0.857491 0.888256 0.940958 0.988513 0.755765 0.678084 0.711482 0.919929 0.687104 0.704949 0.834106 0.642579 0.845091 0.816028 0.870188 0.965205 0.985512 0.953194 0.819745 0.759407 0.836928 0.770963 0.791931 0.990491 0.733052 0.719889 0.701350 0.712297 0.887631 0.787183 0.802469 0.744924 0.645987 0.687975 0.923132 0.770912 0.756357 0.882246 0.764307 0.592235 0.774363 0.849922 0.832820 0.919472
0.590762 0.615979 0.862511 0.784930 0.942427 0.903153 0.792439 0.725719 0.931538 0.810020 0.793841 0.690987 0.816140 0.802664 0.817063 0.780957 0.710810 0.697678 0.742643 0.735864 0.911563 0.853213 0.853955 0.872600 0.992645 0.900332 0.952208 0.871969 0.885579 0.640888 0.815949 0.952367 0.705103 0.726910 0.940414 0.788215 0.595159 0.000000 0.961674 0.789680 0.869032 0.915810 0.652123 0.603402 0.754355 0.720505 0.921160 0.824744 0.782968 0.783149 0.681548 0.726694 0.806847 0.781051 0.957376 0.984550 0.620087 0.651298 0.722725 0.795700 0.679638 0.675091 0.686774 0.630278 0.915863 0.799332 0.894530 0.879070 0.708071 0.625973 0.639177 0.639744 0.914527 0.781336 0.854183 0.974703 0.841113 0.841908 0.826959 0.823416 0.793094 0.827314 0.809124 0.757001 0.928869 0.860414 0.971495 0.989929 0.876176 0.877039 0.973629 0.967732 0.892774 0.980119 0.968866 0.903275 0.854515 0.770247 0.743862 0.795090 0.829213 0.977076 0.808232 0.662668 0.770521 0.716665 0.773513 0.768008 0.721369 0.838369 0.803797 0.847964 0.694203 0.854797 0.886609 0.859873
