0.000000 0.237782 0.723415 0.934722 0.644392 0.944651 0.652950 0.641688 0.936106 0.920983 0.367544 0.310006 0.350577 0.497995 0.711964 0.764084 0.370123 0.408730 0.362187 0.363624 0.948473 0.898162 0.686444 0.873284 0.954941 0.784132 0.990851 0.855476 0.560943 0.481385 0.913904 0.972489 0.443569 0.442353 0.930401 0.831626 0.774948 0.916483 0.971278 0.997604 0.921510 0.995698 0.887279 0.916957 0.991545 0.903075 0.644791 0.623011 0.666051 0.549811 0.598770 0.552251 0.897316 0.812770 0.495795 0.636939 0.327535 0.256117 0.381028 0.388186 0.287998 0.295465 0.280129 0.281864 0.739106 0.704238 0.758710 0.912151 0.413280 0.345623 0.955718 0.706395 0.671959 0.866094 0.662490 0.843851 0.954596 0.989964 0.558464 0.603732 0.271258 0.321260 0.400574 0.372636 0.304431 0.549439 0.570810 0.636580 0.496270 0.542249 0.579461 0.428690 0.524671 0.382970 0.854197 0.957795 0.526710 0.947944 0.907137 0.993698 0.820798 0.785760 0.831056 0.834083 0.833883 0.748890 0.864193 0.922685 0.870386 0.668602 0.983563 0.744384 0.960740 0.894020 0.762711 0.704407
0.237782 0.000000 0.753442 0.889188 0.719411 0.995406 0.728451 0.590989 0.988238 0.880869 0.433399 0.263465 0.408742 0.470219 0.777932 0.748961 0.356867 0.386625 0.416199 0.352577 0.911882 0.949225 0.742981 0.817398 0.953204 0.797929 0.967153 0.877801 0.572337 0.509230 0.854707 0.896831 0.505324 0.480100 0.930355 0.885823 0.745641 0.870839 0.919988 0.933744 0.902724 0.993797 0.971209 0.977701 0.946019 0.912078 0.567878 0.634433 0.720986 0.595900 0.594618 0.551757 0.959138 0.790428 0.509435 0.638150 0.319542 0.226677 0.417485 0.419552 0.338294 0.285330 0.320555 0.295847 0.732382 0.629113 0.792727 0.890162 0.405388 0.334206 0.943795 0.669734 0.703180 0.871468 0.704530 0.817298 0.851558 0.860579 0.549606 0.555329 0.305822 0.332618 0.425879 0.387991 0.344295 0.511717 0.561015 0.666225 0.519735 0.552187 0.515058 0.432181 0.517561 0.379486 0.889410 0.928832 0.553820 0.970724 0.954361 0.989184 0.801616 0.716436 0.929213 0.877445 0.815606 0.719456 0.883280 0.942359 0.860762 0.627910 0.960740 0.748816 0.927833 0.912870 0.736228 0.764260
0.723415 0.753442 0.000000 0.332532 0.846348 0.915268 0.605528 0.579575 0.887478 0.648225 0.965139 0.896047 0.786859 0.895327 0.954427 0.846925 0.948889 0.871671 0.849245 0.932617 0.635262 0.903897 0.865013 0.564720 0.464502 0.530574 0.823604 0.845089 0.798081 0.802767 0.793274 0.940427 0.795844 0.717533 0.711164 0.930527 0.513485 0.853878 0.554064 0.791400 0.882580 0.882744 0.791494 0.849108 0.800585 0.944506 0.594495 0.560496 0.877648 0.808649 0.755281 0.682401 0.969569 0.849889 0.467211 0.716726 0.996029 0.855996 0.603626 0.601988 0.752982 0.826609 0.921136 0.975784 0.334520 0.450115 0.471738 0.546428 0.695709 0.624085 0.893126 0.986238 0.813423 0.888088 0.729292 0.926433 0.723833 0.853404 0.889258 0.993181 0.946709 0.902480 0.850264 0.787048 0.663030 0.371497 0.792368 0.855072 0.622196 0.656992 0.857465 0.955964 0.772714 0.993837 0.939401 0.805704 0.718524 0.821247 0.903449 0.865434 0.883164 0.813472 0.900905 0.989275 0.688217 0.582861 0.928218 0.741261 0.936744 0.727383 0.884034 0.937729 0.935352 0.949533 0.774659 0.931860
0.934722 0.889188 0.332532 0.000000 0.756896 0.814784 0.680365 0.466406 0.893953 0.688679 0.864534 0.984923 0.943111 0.958640 0.819246 0.815410 0.789554 0.753384 0.999465 0.963807 0.662482 0.982882 0.970294 0.509540 0.447595 0.433993 0.857971 0.777486 0.660336 0.692630 0.825343 0.980149 0.996573 0.826584 0.822500 0.933859 0.583311 0.825382 0.487968 0.652370 0.891798 0.966210 0.570767 0.677311 0.769693 0.911913 0.532048 0.514221 0.780091 0.923651 0.782080 0.730123 0.974470 0.878168 0.642745 0.745997 0.869185 0.984024 0.711892 0.706552 0.935881 0.941339 0.868365 0.807936 0.424198 0.405029 0.478375 0.495986 0.861447 0.801274 0.804959 0.960193 0.974126 0.978769 0.836191 0.965801 0.620740 0.974108 0.945500 0.924993 0.849748 0.915459 0.977189 0.952192 0.900635 0.407418 0.935393 0.717730 0.776731 0.761248 0.712099 0.819639 0.588618 0.778194 0.894057 0.794229 0.775882 0.790500 0.928116 0.945205 0.826473 0.890842 0.892785 0.936075 0.646122 0.549079 0.827165 0.659706 0.891323 0.809832 0.841919 0.950790 0.757553 0.871071 0.788834 0.956299
0.644392 0.719411 0.846348 0.756896 0.000000 0.846210 0.898173 0.992471 0.781003 0.846634 0.690943 0.693103 0.625351 0.713881 0.751232 0.823136 0.649770 0.733457 0.686724 0.816700 0.856206 0.947180 0.787511 0.905673 0.732845 0.689639 0.909123 0.874059 0.643686 0.671615 0.812855 0.945231 0.790560 0.787494 0.942901 0.891034 0.786406 0.939093 0.849538 0.897194 0.874140 0.889521 0.847551 0.850073 0.831055 0.881410 0.931498 0.888538 0.750395 0.787421 0.788716 0.812426 0.835906 0.899103 0.924993 0.917377 0.697089 0.766000 0.764700 0.844650 0.665309 0.702362 0.614047 0.602113 0.915612 0.898966 0.899253 0.845588 0.842907 0.819589 0.940521 0.749401 0.986725 0.998634 0.926585 0.899209 0.821631 0.955425 0.758761 0.890080 0.674659 0.762659 0.726906 0.810333 0.692146 0.979668 0.830070 0.739182 0.826099 0.885469 0.737065 0.753534 0.580195 0.677171 0.868686 0.974767 0.913053 0.698295 0.918682 0.921437 0.742784 0.975211 0.892850 0.845413 0.977032 0.979011 0.987749 0.797423 0.993016 0.979579 0.883272 0.814133 0.899407 0.921429 0.898476 0.937682
0.944651 0.995406 0.915268 0.814784 0.846210 0.000000 0.920961 0.902414 0.759691 0.751716 0.976976 0.994458 0.923555 0.980761 0.856504 0.953997 0.914662 0.945919 0.814771 0.908410 0.716215 0.911228 0.697956 0.939196 0.713542 0.599073 0.984181 0.585243 0.874461 0.815313 0.966207 0.881309 0.954632 0.888459 0.793710 0.793013 0.855586 0.952714 0.756144 0.493187 0.633042 0.868548 0.701136 0.718835 0.991870 0.890721 0.791212 0.845628 0.865379 0.822673 0.917792 0.955654 0.910160 0.836255 0.901936 0.724379 0.996597 0.993160 0.913141 0.994652 0.991111 0.978018 0.919465 0.903228 0.822109 0.650459 0.653380 0.548208 0.913634 0.988092 0.935550 0.789369 0.810655 0.910199 0.925679 0.964859 0.989502 0.870338 0.906221 0.881832 0.909443 0.993826 0.953151 0.942576 0.948416 0.742516 0.904989 0.835942 0.953149 0.892102 0.718733 0.959777 0.697113 0.877391 0.949432 0.715198 0.838299 0.678696 0.903764 0.862168 0.648810 0.931018 0.950505 0.911443 0.939999 0.758509 0.943554 0.998567 0.933904 0.970407 0.876963 0.884295 0.978681 0.959838 0.914093 0.789092
0.652950 0.728451 0.605528 0.680365 0.898173 0.920961 0.000000 0.375301 0.625775 0.686715 0.614704 0.661113 0.439270 0.481401 0.605822 0.590106 0.731243 0.755349 0.404282 0.625158 0.955046 0.920573 0.690616 0.837721 0.883617 0.889892 0.853436 0.837091 0.645215 0.649481 0.763244 0.637990 0.547895 0.439838 0.940833 0.841136 0.921210 0.982046 0.948689 0.919588 0.966912 0.988376 0.645833 0.554807 0.645507 0.486201 0.622334 0.415428 0.621714 0.517056 0.549076 0.619311 0.713861 0.790786 0.702793 0.780551 0.773817 0.812801 0.552032 0.675618 0.461019 0.571302 0.602950 0.691190 0.881704 0.788487 0.649695 0.760006 0.900092 0.725296 0.720905 0.766810 0.568907 0.616831 0.799514 0.732448 0.563390 0.797207 0.698173 0.782885 0.765698 0.861740 0.782171 0.855815 0.754498 0.710234 0.938122 0.961882 0.763466 0.858115 0.748489 0.867343 0.932992 0.956798 0.954921 0.975387 0.635508 0.933693 0.563496 0.603207 0.823408 0.745233 0.646267 0.553529 0.781802 0.813404 0.879363 0.663535 0.918858 0.757073 0.636751 0.571085 0.668712 0.702310 0.835568 0.572796
0.641688 0.590989 0.579575 0.466406 0.992471 0.902414 0.375301 0.000000 0.783160 0.876193 0.674005 0.550863 0.584399 0.517969 0.888855 0.602046 0.762928 0.766177 0.549032 0.624921 0.909867 0.924293 0.965191 0.740325 0.957150 0.924534 0.905132 0.918925 0.759056 0.730251 0.893941 0.779938 0.693130 0.470902 0.925851 0.951674 0.729407 0.781422 0.793555 0.831689 0.993453 0.936455 0.455390 0.460778 0.834718 0.555584 0.421259 0.355469 0.719931 0.604547 0.467911 0.518183 0.857687 0.982802 0.619447 0.660895 0.732914 0.698032 0.497526 0.555933 0.534045 0.488891 0.683827 0.705512 0.792425 0.502606 0.548194 0.612224 0.792935 0.603251 0.793095 0.887090 0.711245 0.744733 0.811713 0.761029 0.509497 0.655871 0.707384 0.754332 0.780887 0.819504 0.794805 0.837521 0.833089 0.525862 0.940925 0.872540 0.787891 0.804988 0.786074 0.901033 0.856249 0.967004 0.929849 0.800559 0.580915 0.826080 0.640035 0.654895 0.730824 0.895932 0.700745 0.585609 0.680574 0.592455 0.792575 0.653398 0.865359 0.727780 0.660049 0.588665 0.590490 0.700733 0.709705 0.710200
0.936106 0.988238 0.887478 0.893953 0.781003 0.759691 0.625775 0.783160 0.000000 0.391189 0.796037 0.899997 0.725124 0.743154 0.599984 0.647774 0.844968 0.878837 0.666481 0.907989 0.845032 0.832948 0.696966 0.949222 0.611994 0.615061 0.861411 0.726156 0.654514 0.689249 0.863845 0.724177 0.859405 0.812809 0.894506 0.771961 0.747124 0.806899 0.659384 0.694414 0.794681 0.862275 0.870634 0.713686 0.569985 0.592649 0.970238 0.852519 0.586901 0.637404 0.786443 0.827578 0.549380 0.563024 0.843616 0.884742 0.950381 0.985438 0.924221 0.997235 0.789853 0.809719 0.781608 0.782624 0.731086 0.725333 0.846579 0.808959 0.774296 0.967598 0.896463 0.820164 0.819814 0.876849 0.925639 0.904097 0.894512 0.845804 0.904301 0.959793 0.925441 0.928817 0.967858 0.884220 0.906585 0.763446 0.927385 0.897584 0.871518 0.860437 0.889016 0.799519 0.835505 0.970330 0.973879 0.842124 0.984652 0.846240 0.637857 0.653525 0.968981 0.709050 0.670035 0.690955 0.869196 0.958875 0.866223 0.838059 0.993843 0.972451 0.777938 0.833769 0.715654 0.762676 0.985830 0.738683
0.920983 0.880869 0.648225 0.688679 0.846634 0.751716 0.686715 0.876193 0.391189 0.000000 0.862704 0.958570 0.838148 0.806991 0.619353 0.736157 0.892383 0.894215 0.744647 0.954448 0.733280 0.890563 0.791897 0.727594 0.435734 0.515364 0.722510 0.618819 0.592007 0.642220 0.817992 0.604026 0.957633 0.855960 0.636470 0.885120 0.695324 0.849482 0.528140 0.580369 0.760949 0.991818 0.817853 0.653886 0.423263 0.505760 0.904809 0.950252 0.454024 0.638653 0.780525 0.878490 0.542027 0.429690 0.749155 0.792535 0.975399 0.905270 0.958009 0.936252 0.861985 0.891923 0.867897 0.815962 0.465783 0.541507 0.727971 0.677910 0.708014 0.877156 0.929930 0.675984 0.763106 0.737731 0.946143 0.850419 0.828870 0.798967 0.944093 0.939145 0.995119 0.821445 0.920179 0.737787 0.736331 0.525289 0.788421 0.954823 0.776999 0.756119 0.844881 0.703064 0.874011 0.901868 0.971463 0.873912 0.909618 0.937199 0.522519 0.463703 0.894197 0.600272 0.598878 0.655736 0.837580 0.777664 0.859085 0.812934 0.891139 0.891309 0.706790 0.721454 0.681860 0.770745 0.918242 0.817556
0.367544 0.433399 0.965139 0.864534 0.690943 0.976976 0.614704 0.674005 0.796037 0.862704 0.000000 0.326583 0.387762 0.459698 0.662420 0.758235 0.349731 0.340084 0.373418 0.331933 0.902306 0.969859 0.868234 0.893367 0.695032 0.650594 0.830701 0.756537 0.442191 0.360080 0.860683 0.953819 0.486538 0.423849 0.944509 0.812928 0.978090 0.919617 0.814457 0.907146 0.933249 0.869696 0.929115 0.988760 0.810911 0.783070 0.846928 0.714534 0.607518 0.656166 0.679209 0.708950 0.970493 0.884200 0.759069 0.668569 0.407587 0.411554 0.545193 0.623127 0.348289 0.371938 0.333563 0.330044 0.989423 0.846958 0.838006 0.917190 0.665567 0.595587 0.916168 0.885485 0.623443 0.737691 0.711194 0.885262 0.932344 0.832162 0.597064 0.498545 0.358138 0.395722 0.561183 0.546701 0.575519 0.800627 0.802168 0.739732 0.772112 0.785951 0.755208 0.601095 0.648923 0.517319 0.753318 0.915944 0.668101 0.884208 0.775383 0.901387 0.977261 0.955314 0.645448 0.745195 0.973348 0.907168 0.778974 0.866127 0.862309 0.816884 0.905039 0.746449 0.940797 0.803166 0.791191 0.664345
0.310006 0.263465 0.896047 0.984923 0.693103 0.994458 0.661113 0.550863 0.899997 0.958570 0.326583 0.000000 0.403199 0.372487 0.740564 0.717816 0.319378 0.334772 0.377672 0.329559 0.819815 0.960416 0.839790 0.943122 0.770456 0.676706 0.896175 0.767674 0.428651 0.380959 0.865752 0.979274 0.481712 0.421574 0.994296 0.898021 0.820835 0.830143 0.931805 0.984895 0.973762 0.940047 0.963552 0.947302 0.875300 0.801669 0.626990 0.649887 0.637015 0.596409 0.558088 0.576033 0.943875 0.863729 0.671879 0.639916 0.309830 0.292361 0.466946 0.515865 0.312645 0.239998 0.286520 0.263209 0.958844 0.692766 0.796756 0.875865 0.537367 0.446610 0.960796 0.751038 0.676979 0.823316 0.721311 0.748549 0.873058 0.742293 0.541526 0.494347 0.322839 0.367541 0.465827 0.491925 0.493389 0.636293 0.698313 0.690089 0.677354 0.688209 0.636962 0.515687 0.586794 0.445607 0.830794 0.940358 0.549501 0.962760 0.812355 0.859824 0.948185 0.934244 0.740091 0.742236 0.892180 0.788680 0.841933 0.978363 0.868086 0.703824 0.871476 0.699167 0.887980 0.831834 0.723968 0.679361
0.350577 0.408742 0.786859 0.943111 0.625351 0.923555 0.439270 0.584399 0.725124 0.838148 0.387762 0.403199 0.000000 0.364408 0.469777 0.501116 0.407977 0.448514 0.310624 0.398281 0.936747 0.882477 0.540249 0.804811 0.842595 0.688689 0.920774 0.814527 0.472055 0.476955 0.946963 0.837315 0.397854 0.382038 0.962746 0.881002 0.919044 0.974697 0.957392 0.929879 0.891424 0.978105 0.988991 0.868424 0.753155 0.649145 0.652559 0.538704 0.580404 0.499797 0.550862 0.570183 0.745438 0.928053 0.652712 0.692086 0.469986 0.460558 0.445891 0.572380 0.274003 0.362989 0.284889 0.345653 0.810560 0.839134 0.791820 0.898557 0.670946 0.545902 0.882825 0.849470 0.668847 0.746891 0.801253 0.801678 0.732546 0.857712 0.573167 0.601918 0.431829 0.524658 0.485921 0.496414 0.408833 0.645318 0.643974 0.624480 0.609863 0.630195 0.765737 0.625707 0.623723 0.494458 0.959109 0.922909 0.618351 0.956298 0.720742 0.779354 0.908889 0.981143 0.800313 0.703396 0.810697 0.791143 0.860438 0.986586 0.932769 0.846352 0.912910 0.639759 0.791302 0.810563 0.777357 0.608690
0.497995 0.470219 0.895327 0.958640 0.713881 0.980761 0.481401 0.517969 0.743154 0.806991 0.459698 0.372487 0.364408 0.000000 0.574892 0.507217 0.451304 0.421557 0.363641 0.410481 0.900625 0.971157 0.676227 0.782923 0.750279 0.723037 0.911227 0.829013 0.396622 0.461731 0.916878 0.706882 0.415539 0.390991 0.925725 0.973424 0.916406 0.842918 0.963331 0.983489 0.996521 0.881488 0.802363 0.704289 0.664474 0.556415 0.569803 0.528499 0.590374 0.581660 0.535339 0.602375 0.791698 0.904502 0.771903 0.733008 0.459818 0.525724 0.563087 0.723628 0.381051 0.386520 0.364884 0.385932 0.968778 0.793284 0.778267 0.810940 0.819196 0.673324 0.833942 0.982051 0.783634 0.745438 0.812625 0.636127 0.728990 0.638106 0.525625 0.568779 0.482803 0.565450 0.483806 0.589273 0.558217 0.651265 0.829285 0.636734 0.737271 0.688612 0.884434 0.778100 0.762834 0.632826 0.973746 0.942664 0.598741 0.945709 0.652511 0.646700 0.999512 0.943914 0.682514 0.693094 0.827179 0.866029 0.902607 0.994539 0.968994 0.703690 0.769812 0.667798 0.772979 0.692874 0.793051 0.611130
0.711964 0.777932 0.954427 0.819246 0.751232 0.856504 0.605822 0.888855 0.599984 0.619353 0.662420 0.740564 0.469777 0.574892 0.000000 0.443354 0.606272 0.610268 0.593679 0.729091 0.949776 0.910036 0.451506 0.898448 0.761524 0.658969 0.964201 0.851948 0.500370 0.580638 0.684340 0.633222 0.519467 0.661582 0.975575 0.882518 0.946319 0.860342 0.678769 0.727972 0.974140 0.951513 0.940335 0.876277 0.664420 0.684184 0.902091 0.829409 0.656312 0.689445 0.830780 0.864662 0.694557 0.768798 0.940804 0.965425 0.734506 0.763141 0.816400 0.983586 0.610885 0.713216 0.528237 0.568104 0.999364 0.756540 0.909499 0.833240 0.945060 0.913598 0.953258 0.991448 0.827168 0.920984 0.898175 0.750880 0.862709 0.868216 0.760928 0.758360 0.687071 0.853555 0.636129 0.693533 0.714965 0.969204 0.769403 0.673672 0.852365 0.860778 0.853605 0.852969 0.656066 0.679635 0.946847 0.854049 0.921499 0.866757 0.692650 0.723474 0.798620 0.963349 0.817122 0.822824 0.998688 0.937582 0.921997 0.984417 0.979882 0.995047 0.955470 0.677117 0.897049 0.734078 0.971906 0.700835
0.764084 0.748961 0.846925 0.815410 0.823136 0.953997 0.590106 0.602046 0.647774 0.736157 0.758235 0.717816 0.501116 0.507217 0.443354 0.000000 0.733543 0.748792 0.668938 0.767285 0.862413 0.979312 0.610425 0.665684 0.986533 0.942276 0.940693 0.964029 0.647105 0.761854 0.719595 0.711100 0.651380 0.648314 0.953851 0.999055 0.881613 0.933633 0.959569 0.970810 0.920154 0.929246 0.726553 0.608850 0.771242 0.592692 0.646311 0.627577 0.741244 0.720883 0.657483 0.689960 0.677477 0.752714 0.865117 0.927031 0.806630 0.797794 0.732664 0.869721 0.649796 0.667755 0.638442 0.675089 0.807805 0.912150 0.886336 0.905860 0.939591 0.842706 0.901166 0.999804 0.943987 0.832035 0.853554 0.679333 0.704647 0.776273 0.707650 0.782306 0.842207 0.949022 0.690244 0.751236 0.796080 0.720197 0.872026 0.881221 0.897769 0.784105 0.986253 0.976761 0.861208 0.861569 0.978320 0.957602 0.841758 0.886407 0.689558 0.693179 0.944000 0.964961 0.859341 0.744701 0.850148 0.823134 0.938450 0.878772 0.972625 0.984910 0.858290 0.676583 0.641311 0.593239 0.764926 0.847677
0.370123 0.356867 0.948889 0.789554 0.649770 0.914662 0.731243 0.762928 0.844968 0.892383 0.349731 0.319378 0.407977 0.451304 0.606272 0.733543 0.000000 0.233288 0.378838 0.325837 0.725585 0.982871 0.739880 0.984007 0.657015 0.531422 0.979280 0.746239 0.371486 0.300936 0.867733 0.933151 0.464861 0.492979 0.883003 0.798206 0.974267 0.946659 0.796000 0.907169 0.938292 0.886527 0.882686 0.949508 0.883976 0.852861 0.804043 0.846000 0.634100 0.679006 0.756293 0.784611 0.967425 0.868564 0.786467 0.786375 0.280501 0.319896 0.651384 0.722436 0.421012 0.377406 0.301475 0.279880 0.982818 0.910339 0.975771 0.911755 0.637889 0.596129 0.996798 0.802593 0.711568 0.873202 0.773724 0.782871 0.999712 0.777572 0.486174 0.475181 0.268486 0.329738 0.425761 0.459676 0.463973 0.779678 0.664480 0.566733 0.704573 0.723786 0.599056 0.549211 0.483664 0.448271 0.758599 0.953465 0.657124 0.893004 0.866896 0.925278 0.812768 0.992699 0.766423 0.779134 0.984032 0.991263 0.755673 0.807914 0.910678 0.809051 0.959359 0.697880 0.993269 0.762413 0.835039 0.662038
0.408730 0.386625 0.871671 0.753384 0.733457 0.945919 0.755349 0.766177 0.878837 0.894215 0.340084 0.334772 0.448514 0.421557 0.610268 0.748792 0.233288 0.000000 0.398406 0.281449 0.731806 0.918606 0.763393 0.982181 0.631267 0.514826 0.994012 0.753505 0.326361 0.273270 0.863065 0.919746 0.472205 0.550032 0.868044 0.851203 0.986527 0.881078 0.768900 0.870678 0.916843 0.869538 0.885913 0.969481 0.884492 0.886126 0.851166 0.864553 0.663499 0.765173 0.815312 0.872628 0.955566 0.830539 0.863299 0.822217 0.278319 0.340234 0.717215 0.785556 0.471360 0.414593 0.324689 0.288284 0.930899 0.932637 0.958186 0.908829 0.634697 0.623650 0.918301 0.860504 0.711030 0.828694 0.828068 0.796523 0.991339 0.735540 0.483250 0.454331 0.283812 0.332634 0.443530 0.464757 0.517631 0.812350 0.681754 0.561613 0.741951 0.800367 0.602990 0.571194 0.488826 0.467698 0.726543 0.926481 0.675176 0.854534 0.847892 0.901582 0.813622 0.998243 0.765478 0.750881 0.937731 0.950517 0.773618 0.762107 0.925729 0.788911 0.945613 0.730028 0.986081 0.776764 0.887399 0.660204
0.362187 0.416199 0.849245 0.999465 0.686724 0.814771 0.404282 0.549032 0.666481 0.744647 0.373418 0.377672 0.310624 0.363641 0.593679 0.668938 0.378838 0.398406 0.000000 0.353089 0.845334 0.961375 0.582839 0.892300 0.694900 0.582839 0.916513 0.694986 0.401866 0.346368 0.963887 0.808706 0.446705 0.395464 0.876088 0.819318 0.988140 0.979485 0.780076 0.824580 0.962340 0.995602 0.997729 0.887268 0.776071 0.682299 0.738214 0.578389 0.532817 0.467614 0.600997 0.630467 0.812122 0.950908 0.712166 0.770784 0.402363 0.444026 0.506943 0.582643 0.324385 0.352198 0.309974 0.334213 0.980597 0.914970 0.866296 0.976430 0.632189 0.561484 0.823818 0.965878 0.567709 0.743961 0.758672 0.786416 0.811829 0.839106 0.545945 0.618438 0.363067 0.449170 0.510260 0.571375 0.493350 0.752357 0.802552 0.620435 0.684445 0.721049 0.808570 0.705522 0.647512 0.537488 0.902172 0.914683 0.581155 0.899140 0.735388 0.760425 0.922748 0.903937 0.711618 0.673743 0.915274 0.938080 0.895671 0.946750 0.889997 0.720683 0.797016 0.649003 0.853427 0.763952 0.864710 0.534801
0.363624 0.352577 0.932617 0.963807 0.816700 0.908410 0.625158 0.624921 0.907989 0.954448 0.331933 0.329559 0.398281 0.410481 0.729091 0.767285 0.325837 0.281449 0.353089 0.000000 0.784228 0.914765 0.756414 0.936083 0.763647 0.661423 0.955387 0.748162 0.454372 0.342847 0.910833 0.928084 0.519572 0.492595 0.885484 0.843844 0.902693 0.810345 0.922786 0.900911 0.934235 0.913747 0.942636 0.989874 0.958687 0.895151 0.774795 0.758145 0.708378 0.706561 0.741481 0.789825 0.936952 0.818554 0.732973 0.721344 0.320138 0.345207 0.601398 0.645031 0.420856 0.394168 0.349662 0.346219 0.934276 0.789844 0.920582 0.990224 0.582466 0.551872 0.801503 0.927321 0.626687 0.717977 0.811743 0.866435 0.817870 0.793936 0.502694 0.499282 0.316783 0.336572 0.467362 0.468777 0.464390 0.689223 0.674367 0.614126 0.667684 0.695230 0.635861 0.599433 0.611264 0.530184 0.788366 0.938934 0.611153 0.873475 0.887302 0.948783 0.859187 0.991242 0.783429 0.775252 0.850456 0.931500 0.798069 0.910002 0.903015 0.694978 0.916108 0.765267 0.957834 0.821209 0.833655 0.619756
0.948473 0.911882 0.635262 0.662482 0.856206 0.716215 0.955046 0.909867 0.845032 0.733280 0.902306 0.819815 0.936747 0.900625 0.949776 0.862413 0.725585 0.731806 0.845334 0.784228 0.000000 0.998674 0.945468 0.724230 0.546010 0.521432 0.726777 0.662310 0.703444 0.658740 0.794746 0.843267 0.979184 0.984990 0.812554 0.925253 0.800809 0.875255 0.696249 0.659155 0.903026 0.958608 0.813852 0.837807 0.945898 0.927967 0.807979 0.765231 0.854128 0.940298 0.916092 0.884720 0.957932 0.965096 0.778428 0.880595 0.814816 0.926932 0.877291 0.929366 0.974330 0.897489 0.871542 0.813646 0.583187 0.724618 0.659824 0.662440 0.989289 0.902440 0.946083 0.986178 0.824882 0.876896 0.928590 0.993667 0.886518 0.932797 0.942933 0.862650 0.832103 0.861193 0.919852 0.984371 0.981128 0.668671 0.995336 0.763646 0.915409 0.882110 0.785813 0.963942 0.735116 0.890510 0.998874 0.765436 0.909018 0.914057 0.990062 0.941588 0.773962 0.774665 0.830777 0.912413 0.811599 0.751999 0.928492 0.971008 0.911818 0.998857 0.975918 0.968720 0.932026 0.998833 0.879863 0.874912
0.898162 0.949225 0.903897 0.982882 0.947180 0.911228 0.920573 0.924293 0.832948 0.890563 0.969859 0.960416 0.882477 0.971157 0.910036 0.979312 0.982871 0.918606 0.961375 0.914765 0.998674 0.000000 0.944074 0.993031 0.944386 0.985604 0.862413 0.929970 0.998911 0.937797 0.973608 0.952758 0.807552 0.900954 0.902230 0.946298 0.935445 0.874159 0.941448 0.974226 0.839892 0.796900 0.951335 0.941317 0.994719 0.999052 0.990367 0.974477 0.961296 0.957609 0.956277 0.984084 0.943952 0.992702 0.874609 0.932635 0.964227 0.973693 0.947445 0.927782 0.929571 0.997377 0.916998 0.965205 0.814281 0.953105 0.859654 0.943287 0.984587 0.977712 0.834534 0.960179 0.993190 0.891247 0.952583 0.970641 0.969336 0.836941 0.928136 0.853343 0.962082 0.940274 0.837478 0.913898 0.779681 0.904118 0.847383 0.856778 0.784055 0.893802 0.931314 0.933545 0.959832 0.988358 0.941859 0.890452 0.999173 0.894592 0.999350 0.969214 0.922489 0.807129 0.990411 0.920122 0.880298 0.967475 0.995286 0.960206 0.917911 0.967842 0.993604 0.966262 0.981170 0.890405 0.991438 0.851288
0.686444 0.742981 0.865013 0.970294 0.787511 0.697956 0.690616 0.965191 0.696966 0.791897 0.868234 0.839790 0.540249 0.676227 0.451506 0.610425 0.739880 0.763393 0.582839 0.756414 0.945468 0.944074 0.000000 0.654726 0.969443 0.736109 0.871471 0.914202 0.685195 0.731732 0.679466 0.754854 0.619591 0.815430 0.914175 0.888973 0.974326 0.821078 0.809940 0.653627 0.970495 0.945089 0.787650 0.957832 0.889714 0.855123 0.902431 0.820358 0.764632 0.596120 0.865176 0.805684 0.656168 0.718424 0.847557 0.945651 0.765755 0.755975 0.795969 0.840376 0.683727 0.807392 0.592336 0.634297 0.869773 0.743347 0.887251 0.734216 0.864510 0.778925 0.955243 0.983410 0.866756 0.951307 0.910616 0.832117 0.890316 0.915260 0.682387 0.869649 0.677919 0.821273 0.659194 0.662175 0.559110 0.866311 0.779922 0.522424 0.737787 0.657252 0.742927 0.759067 0.610792 0.639087 0.978892 0.833369 0.855342 0.843037 0.943280 0.935730 0.628919 0.884959 0.929588 0.964350 0.944353 0.935765 0.895754 0.977860 0.899381 0.910709 0.912946 0.882600 0.954456 0.966415 0.974772 0.789978
0.873284 0.817398 0.564720 0.509540 0.905673 0.939196 0.837721 0.740325 0.949222 0.727594 0.893367 0.943122 0.804811 0.782923 0.898448 0.665684 0.984007 0.982181 0.892300 0.936083 0.724230 0.993031 0.654726 0.000000 0.536286 0.708669 0.724582 0.775517 0.935609 0.892168 0.802895 0.901770 0.822581 0.855670 0.740359 0.891741 0.716809 0.847083 0.677826 0.890295 0.802463 0.965899 0.890069 0.907100 0.801350 0.995828 0.664682 0.696314 0.793265 0.955956 0.908724 0.846568 0.966380 0.912906 0.747203 0.825259 0.977746 0.880307 0.824865 0.887896 0.920503 0.929621 0.916677 0.971047 0.510126 0.673385 0.709031 0.766584 0.894010 0.831427 0.855144 0.926914 0.851314 0.795304 0.860670 0.860217 0.844700 0.936889 0.752169 0.923323 0.941820 0.923022 0.753003 0.704854 0.676172 0.462888 0.722565 0.838397 0.780446 0.645515 0.997830 0.864946 0.907963 0.954203 0.987495 0.813062 0.875954 0.976147 0.878673 0.930454 0.918992 0.781603 0.700821 0.956391 0.721996 0.713014 0.989824 0.926711 0.968636 0.848643 0.920620 0.970169 0.943291 0.948185 0.950293 0.964741
0.954941 0.953204 0.464502 0.447595 0.732845 0.713542 0.883617 0.957150 0.611994 0.435734 0.695032 0.770456 0.842595 0.750279 0.761524 0.986533 0.657015 0.631267 0.694900 0.763647 0.546010 0.944386 0.969443 0.536286 0.000000 0.316182 0.672549 0.583272 0.481655 0.485932 0.799264 0.767130 0.933332 0.909742 0.601619 0.794892 0.568656 0.819709 0.418450 0.617451 0.802702 0.945209 0.929993 0.980192 0.570258 0.761973 0.781848 0.857756 0.553743 0.796087 0.955599 0.937517 0.830648 0.743575 0.662209 0.791450 0.747985 0.910764 0.882556 0.858463 0.830298 0.816188 0.747659 0.679114 0.353122 0.559809 0.594910 0.586774 0.907316 0.875682 0.991060 0.892893 0.805749 0.791631 0.961033 0.878092 0.926656 0.814477 0.894462 0.776833 0.780491 0.887660 0.952354 0.875031 0.877547 0.499117 0.804057 0.791736 0.766462 0.723812 0.877790 0.954227 0.654006 0.865955 0.908171 0.797431 0.927141 0.787041 0.671196 0.713911 0.921384 0.703610 0.639614 0.768760 0.756465 0.605948 0.974141 0.909674 0.946626 0.917208 0.892204 0.815481 0.952433 0.919427 0.880181 0.756559
0.784132 0.797929 0.530574 0.433993 0.689639 0.599073 0.889892 0.924534 0.615061 0.515364 0.650594 0.676706 0.688689 0.723037 0.658969 0.942276 0.531422 0.514826 0.582839 0.661423 0.521432 0.985604 0.736109 0.708669 0.316182 0.000000 0.811854 0.527336 0.440205 0.419120 0.809716 0.930073 0.831025 0.898446 0.656032 0.781733 0.642292 0.870447 0.472948 0.562362 0.793236 0.970902 0.735815 0.853855 0.676836 0.855774 0.791272 0.894440 0.556436 0.739377 0.963696 0.978183 0.864742 0.811472 0.767804 0.805998 0.638603 0.744859 0.958105 0.947363 0.733806 0.716431 0.586366 0.535667 0.476735 0.535262 0.538907 0.500040 0.967404 0.919099 0.928296 0.997952 0.790840 0.896731 0.978094 0.899023 0.905502 0.927620 0.805183 0.808340 0.611465 0.738468 0.777609 0.898867 0.892690 0.612771 0.939046 0.577291 0.956458 0.872011 0.673698 0.806941 0.458941 0.654522 0.835042 0.770022 0.980203 0.786612 0.768924 0.769470 0.774293 0.829023 0.795185 0.762078 0.781038 0.656952 0.872275 0.893677 0.933833 0.982530 0.964289 0.825443 0.986747 0.982328 0.908589 0.661680
0.990851 0.967153 0.823604 0.857971 0.909123 0.984181 0.853436 0.905132 0.861411 0.722510 0.830701 0.896175 0.920774 0.911227 0.964201 0.940693 0.979280 0.994012 0.916513 0.955387 0.726777 0.862413 0.871471 0.724582 0.672549 0.811854 0.000000 0.919709 0.918909 0.873379 0.866522 0.869799 0.988611 0.896450 0.937088 0.818778 0.778642 0.850535 0.829417 0.967526 0.969824 0.938252 0.887937 0.860997 0.701934 0.741886 0.960197 0.931791 0.691435 0.817971 0.850004 0.873503 0.829224 0.819531 0.900382 0.879287 0.980551 0.979302 0.909603 0.910785 0.839288 0.865073 0.942846 0.926499 0.676972 0.875459 0.954179 0.994105 0.858313 0.981061 0.996217 0.963611 0.849344 0.778399 0.884532 0.905285 0.995465 0.888116 0.974822 0.972600 0.957178 0.937778 0.810990 0.896517 0.828927 0.751711 0.781566 0.865159 0.782061 0.927546 0.857343 0.896698 0.988303 0.927687 0.988166 0.978426 0.995066 0.959818 0.787115 0.848342 0.843497 0.721364 0.703712 0.785348 0.881539 0.939397 0.965204 0.864928 0.994972 0.966150 0.858007 0.888826 0.851721 0.892900 0.990707 0.745476
0.855476 0.877801 0.845089 0.777486 0.874059 0.585243 0.837091 0.918925 0.726156 0.618819 0.756537 0.767674 0.814527 0.829013 0.851948 0.964029 0.746239 0.753505 0.694986 0.748162 0.662310 0.929970 0.914202 0.775517 0.583272 0.527336 0.919709 0.000000 0.701543 0.606983 0.968411 0.938235 0.943367 0.866756 0.728613 0.867472 0.951050 0.913540 0.710220 0.601943 0.733668 0.937853 0.835652 0.965716 0.804347 0.907221 0.870558 0.906430 0.714848 0.736784 0.940332 0.962686 0.880478 0.863173 0.857370 0.806364 0.798735 0.863321 0.987534 0.955066 0.835005 0.824019 0.779690 0.735969 0.652509 0.776933 0.774378 0.752388 0.878134 0.988411 0.942044 0.823707 0.662729 0.747844 0.962903 0.922468 0.999830 0.946983 0.988267 0.943182 0.787485 0.838982 0.890660 0.980492 0.971124 0.754222 0.956019 0.786458 0.930227 0.883964 0.832469 0.969222 0.727059 0.873174 0.988301 0.911541 0.960625 0.882035 0.901816 0.858852 0.987287 0.752477 0.787820 0.804842 0.989667 0.812732 0.957572 0.992135 0.958090 0.960910 0.965941 0.872678 0.969405 0.954421 0.957569 0.749728
0.560943 0.572337 0.798081 0.660336 0.643686 0.874461 0.645215 0.759056 0.654514 0.592007 0.442191 0.428651 0.472055 0.396622 0.500370 0.647105 0.371486 0.326361 0.401866 0.454372 0.703444 0.998911 0.685195 0.935609 0.481655 0.440205 0.918909 0.701543 0.000000 0.261328 0.985513 0.737291 0.485517 0.505536 0.816065 0.856171 0.912127 0.997114 0.593666 0.744981 0.949424 0.915868 0.974951 0.851545 0.601051 0.646158 0.870050 0.804549 0.465572 0.632563 0.711514 0.820176 0.785460 0.868149 0.963993 0.889984 0.409973 0.524648 0.739233 0.841979 0.492753 0.456922 0.357029 0.339302 0.720673 0.853325 0.894669 0.825846 0.838207 0.766634 0.919938 0.998352 0.734263 0.835721 0.900196 0.693392 0.930812 0.752236 0.532713 0.549126 0.422671 0.554500 0.516917 0.702929 0.695455 0.999041 0.880085 0.604313 0.862251 0.908453 0.796896 0.788861 0.562597 0.602172 0.857776 0.948073 0.774880 0.822019 0.620810 0.641846 0.936382 0.853675 0.642482 0.623303 0.947750 0.853899 0.932446 0.890688 0.890414 0.841431 0.788211 0.588924 0.891404 0.708900 0.941103 0.644959
0.481385 0.509230 0.802767 0.692630 0.671615 0.815313 0.649481 0.730251 0.689249 0.642220 0.360080 0.380959 0.476955 0.461731 0.580638 0.761854 0.300936 0.273270 0.346368 0.342847 0.658740 0.937797 0.731732 0.892168 0.485932 0.419120 0.873379 0.606983 0.261328 0.000000 0.926294 0.762860 0.542806 0.551037 0.703786 0.752168 0.936985 0.962331 0.581649 0.718409 0.942794 0.881770 0.914418 0.971385 0.759544 0.791410 0.932272 0.875394 0.542285 0.678380 0.811349 0.895370 0.921747 0.967556 0.937337 0.901301 0.331033 0.444437 0.753106 0.812262 0.493353 0.453358 0.372424 0.326778 0.703550 0.896095 0.858462 0.767462 0.723590 0.696185 0.914241 0.990797 0.610905 0.797046 0.827111 0.762259 0.997382 0.744540 0.537540 0.542671 0.336702 0.426370 0.531457 0.631735 0.661609 0.991759 0.821404 0.589158 0.845141 0.907381 0.719948 0.718472 0.527888 0.576865 0.763571 0.940311 0.735615 0.849266 0.732609 0.758579 0.880635 0.795512 0.634434 0.619047 0.981839 0.872320 0.858092 0.868505 0.985058 0.818705 0.854358 0.670319 0.978201 0.772334 0.947276 0.591496
0.913904 0.854707 0.793274 0.825343 0.812855 0.966207 0.763244 0.893941 0.863845 0.817992 0.860683 0.865752 0.946963 0.916878 0.684340 0.719595 0.867733 0.863065 0.963887 0.910833 0.794746 0.973608 0.679466 0.802895 0.799264 0.809716 0.866522 0.968411 0.985513 0.926294 0.000000 0.678770 0.800166 0.882022 0.864229 0.811479 0.775616 0.949691 0.994410 0.937290 0.928715 0.983927 0.796088 0.759726 0.817993 0.771174 0.953189 0.869182 0.929618 0.819099 0.832148 0.867704 0.632716 0.652840 0.940420 0.935909 0.842121 0.853494 0.944219 0.997534 0.994532 0.941665 0.969549 0.941887 0.869125 0.925236 0.831732 0.902361 0.765742 0.871026 0.815661 0.738907 0.920550 0.904679 0.830987 0.846225 0.710558 0.951716 0.938972 0.976168 0.860680 0.741588 0.981636 0.874714 0.947588 0.932527 0.905939 0.860536 0.973984 0.967713 0.818665 0.836574 0.823577 0.873374 0.959412 0.961492 0.922219 0.947904 0.913537 0.853322 0.908504 0.900824 0.841022 0.956682 0.805582 0.921100 0.946318 0.771126 0.952384 0.963317 0.862522 0.854214 0.919441 0.788929 0.989084 0.826518
0.972489 0.896831 0.940427 0.980149 0.945231 0.881309 0.637990 0.779938 0.724177 0.604026 0.953819 0.979274 0.837315 0.706882 0.633222 0.711100 0.933151 0.919746 0.808706 0.928084 0.843267 0.952758 0.754854 0.901770 0.767130 0.930073 0.869799 0.938235 0.737291 0.762860 0.678770 0.000000 0.783530 0.790767 0.878432 0.916171 0.949935 0.929072 0.792624 0.757333 0.997505 0.941791 0.765931 0.678693 0.693441 0.672925 0.916110 0.841558 0.790204 0.804457 0.842834 0.945808 0.691062 0.681078 0.971107 0.948950 0.988139 0.875572 0.996442 0.922719 0.917261 0.994587 0.931184 0.936000 0.810444 0.831586 0.981717 0.961880 0.785204 0.813092 0.803648 0.599577 0.858678 0.864606 0.989586 0.710712 0.826341 0.691635 0.866948 0.908352 0.989766 0.870969 0.934023 0.915275 0.914703 0.916843 0.788571 0.930590 0.870880 0.954571 0.736606 0.738794 0.855712 0.884069 0.995766 0.999179 0.997319 0.938834 0.602982 0.613465 0.917499 0.675285 0.590627 0.731454 0.948312 0.951662 0.742298 0.799356 0.859582 0.939762 0.775683 0.746641 0.825354 0.744267 0.846127 0.837511
0.443569 0.505324 0.795844 0.996573 0.790560 0.954632 0.547895 0.693130 0.859405 0.957633 0.486538 0.481712 0.397854 0.415539 0.519467 0.651380 0.464861 0.472205 0.446705 0.519572 0.979184 0.807552 0.619591 0.822581 0.933332 0.831025 0.988611 0.943367 0.485517 0.542806 0.800166 0.783530 0.000000 0.379053 0.778414 0.977735 0.794568 0.941580 0.946146 0.972500 0.793729 0.927106 0.944330 0.854617 0.763671 0.701003 0.681108 0.679163 0.670796 0.591855 0.560560 0.608786 0.737774 0.962468 0.643203 0.651966 0.493179 0.519342 0.494046 0.613527 0.386919 0.443317 0.351687 0.403508 0.834896 0.818134 0.655292 0.771215 0.748555 0.663575 0.904872 0.924891 0.730702 0.868714 0.768047 0.753854 0.864011 0.836890 0.540405 0.595868 0.470843 0.560282 0.557142 0.556137 0.476410 0.623147 0.760070 0.700551 0.655584 0.713109 0.859080 0.634831 0.772164 0.529485 0.938453 0.967082 0.482030 0.954963 0.714616 0.788377 0.984663 0.963840 0.704328 0.787181 0.845651 0.761422 0.862711 0.956245 0.967921 0.741882 0.770696 0.693314 0.938952 0.725588 0.764071 0.717261
0.442353 0.480100 0.717533 0.826584 0.787494 0.888459 0.439838 0.470902 0.812809 0.855960 0.423849 0.421574 0.382038 0.390991 0.661582 0.648314 0.492979 0.550032 0.395464 0.492595 0.984990 0.900954 0.815430 0.855670 0.909742 0.898446 0.896450 0.866756 0.505536 0.551037 0.882022 0.790767 0.379053 0.000000 0.934779 0.985912 0.848612 0.928852 0.986274 0.908003 0.834580 0.945883 0.726307 0.676863 0.693998 0.510385 0.572030 0.456932 0.531855 0.490936 0.412041 0.488827 0.743112 0.919000 0.592828 0.578609 0.535485 0.530163 0.390867 0.508551 0.329952 0.339420 0.413248 0.444711 0.854417 0.671223 0.561718 0.652060 0.792580 0.624143 0.824439 0.985470 0.730312 0.780493 0.680848 0.773630 0.673696 0.788370 0.577111 0.581228 0.509404 0.603500 0.592232 0.663692 0.588685 0.586014 0.859719 0.864370 0.727001 0.671112 0.996583 0.776381 0.913679 0.667583 0.939633 0.880040 0.596703 0.906374 0.635466 0.689599 0.791496 0.933602 0.612379 0.655134 0.811713 0.692719 0.945304 0.926161 0.982715 0.727454 0.683805 0.539057 0.762388 0.594161 0.703356 0.727063
0.930401 0.930355 0.711164 0.822500 0.942901 0.793710 0.940833 0.925851 0.894506 0.636470 0.944509 0.994296 0.962746 0.925725 0.975575 0.953851 0.883003 0.868044 0.876088 0.885484 0.812554 0.902230 0.914175 0.740359 0.601619 0.656032 0.937088 0.728613 0.816065 0.703786 0.864229 0.878432 0.778414 0.934779 0.000000 0.715983 0.749553 0.887624 0.612512 0.790592 0.802732 0.999264 0.930139 0.922608 0.904341 0.903343 0.879369 0.901680 0.753756 0.957601 0.909211 0.852529 0.897207 0.986132 0.760198 0.823028 0.873714 0.975665 0.853644 0.891978 0.961047 0.990080 0.969868 0.951712 0.622793 0.774089 0.643985 0.619247 0.989850 0.964625 0.882004 0.894682 0.856672 0.969105 0.914771 0.957197 0.991872 0.976106 0.994144 0.931067 0.899142 0.960451 0.989465 0.918444 0.818667 0.729691 0.948304 0.989130 0.847629 0.781938 0.993333 0.838431 0.898561 0.934466 0.792382 0.992125 0.893884 0.938492 0.858612 0.810335 0.901415 0.849421 0.871780 0.868969 0.813884 0.681390 0.932646 0.978350 0.889307 0.956258 0.921226 0.817094 0.952560 0.930033 0.898377 0.999189
0.831626 0.885823 0.930527 0.933859 0.891034 0.793013 0.841136 0.951674 0.771961 0.885120 0.812928 0.898021 0.881002 0.973424 0.882518 0.999055 0.798206 0.851203 0.819318 0.843844 0.925253 0.946298 0.888973 0.891741 0.794892 0.781733 0.818778 0.867472 0.856171 0.752168 0.811479 0.916171 0.977735 0.985912 0.715983 0.000000 0.898060 0.797930 0.786902 0.828189 0.952649 0.958413 0.893441 0.931309 0.991675 0.994982 0.930573 0.935864 0.871053 0.907639 0.902816 0.936426 0.969486 0.912630 0.920684 0.938928 0.767227 0.829007 0.986405 0.998291 0.893732 0.897846 0.849509 0.862808 0.971036 0.922145 0.750910 0.755786 0.825573 0.903127 0.868259 0.995439 0.828650 0.978621 0.855887 0.901876 0.819261 0.854186 0.819868 0.966465 0.768423 0.792606 0.972266 0.874958 0.870351 0.984382 0.905537 0.939385 0.985950 0.995420 0.867827 0.992640 0.734169 0.907389 0.834664 0.962441 0.973508 0.895231 0.967277 0.897946 0.887921 0.932775 0.959442 0.854796 0.833025 0.814699 0.955090 0.918205 0.955929 0.995152 0.955657 0.964833 0.955832 0.989787 0.980152 0.831881
0.774948 0.745641 0.513485 0.583311 0.786406 0.855586 0.921210 0.729407 0.747124 0.695324 0.978090 0.820835 0.919044 0.916406 0.946319 0.881613 0.974267 0.986527 0.988140 0.902693 0.800809 0.935445 0.974326 0.716809 0.568656 0.642292 0.778642 0.951050 0.912127 0.936985 0.775616 0.949935 0.794568 0.848612 0.749553 0.898060 0.000000 0.733057 0.607784 0.827265 0.864594 0.912000 0.821870 0.889982 0.798094 0.979087 0.645660 0.768019 0.891376 0.942592 0.825542 0.788777 0.952652 0.814636 0.594245 0.792544 0.862535 0.771578 0.760983 0.711182 0.862738 0.853215 0.902425 0.934390 0.582526 0.600955 0.638750 0.668886 0.734511 0.735690 0.966231 0.960234 0.827216 0.923635 0.810697 0.871078 0.776794 0.987773 0.826623 0.985618 0.909481 0.862900 0.770435 0.824092 0.781362 0.542135 0.787112 0.926832 0.761083 0.768889 0.913252 0.820382 0.933064 0.944399 0.991861 0.824390 0.799857 0.842815 0.878254 0.913555 0.953473 0.778190 0.981786 0.965077 0.616546 0.711350 0.994485 0.820624 0.961914 0.728193 0.911187 0.998927 0.976078 0.916457 0.721156 0.991639
0.916483 0.870839 0.853878 0.825382 0.939093 0.952714 0.982046 0.781422 0.806899 0.849482 0.919617 0.830143 0.974697 0.842918 0.860342 0.933633 0.946659 0.881078 0.979485 0.810345 0.875255 0.874159 0.821078 0.847083 0.819709 0.870447 0.850535 0.913540 0.997114 0.962331 0.949691 0.929072 0.941580 0.928852 0.887624 0.797930 0.733057 0.000000 0.712420 0.865214 0.963931 0.907607 0.812860 0.903222 0.978113 0.984743 0.810603 0.924510 0.909286 0.857981 0.879234 0.941266 0.817358 0.844076 0.833972 0.886145 0.883118 0.874944 0.952358 0.966194 0.946762 0.895368 0.969097 0.943797 0.837824 0.682828 0.794023 0.749330 0.900160 0.882022 0.863774 0.853083 0.937742 0.915855 0.999391 0.835565 0.912416 0.773471 0.860079 0.928720 0.951416 0.926036 0.879956 0.887246 0.936885 0.766717 0.859812 0.945147 0.730193 0.930103 0.989649 0.984613 0.903452 0.857079 0.916012 0.798188 0.855839 0.877285 0.993482 0.907000 0.817047 0.994021 0.935840 0.942347 0.584308 0.712273 0.939070 0.983106 0.923933 0.913602 0.942279 0.996305 0.873113 0.943474 0.738101 0.989733
