0.000000 0.553649 0.847768 0.912399 0.854164 0.939385 0.643695 0.730072 0.967845 0.858457 0.710395 0.675673 0.670516 0.772282 0.811122 0.817889 0.578482 0.571414 0.497280 0.660821 0.913898 0.920005 0.936867 0.975639 0.946017 0.949586 0.950109 0.994004 0.664948 0.686796 0.875099 0.968046 0.671046 0.569851 0.885366 0.912557 0.926260 0.798112 0.957825 0.918913 0.914073 0.919108 0.854658 0.709425 0.928471 0.829291 0.738949 0.804652 0.900448 0.832572 0.760898 0.856900 0.921928 0.990447 0.838204 0.905169 0.490032 0.547668 0.625560 0.800102 0.542890 0.690796 0.528505 0.612271 0.852347 0.877673 0.868129 0.849862 0.898160 0.745926 0.955072 0.996996 0.838669 0.857015 0.989292 0.952314 0.737901 0.781731 0.848344 0.800783 0.558466 0.588689 0.772408 0.650447 0.660109 0.786498 0.928808 0.866912 0.948519 0.831324 0.975451 0.973153 0.870843 0.970389 0.889852 0.914934 0.845527 0.932639 0.775153 0.745492 0.831612 0.946446 0.774414 0.768153 0.953364 0.979522 0.882579 0.945143 0.846161 0.758399 0.821896 0.986234 0.883836 0.982908 0.865114 0.888812
0.553649 0.000000 0.897125 0.893987 0.803312 0.931039 0.774824 0.678552 0.977220 0.770728 0.781501 0.545092 0.623441 0.622903 0.696140 0.671443 0.530044 0.537399 0.548790 0.629168 0.921904 0.890093 0.852859 0.958875 0.950882 0.981604 0.918532 0.932209 0.573422 0.618505 0.766147 0.883734 0.494212 0.545021 0.917225 0.865560 0.893422 0.982068 0.846918 0.839544 0.981774 0.848775 0.772795 0.584007 0.729384 0.673932 0.631507 0.638589 0.814615 0.731460 0.683830 0.612635 0.795086 0.884303 0.827771 0.905413 0.517089 0.438113 0.656804 0.824271 0.514397 0.612813 0.492550 0.502462 0.860893 0.885685 0.842092 0.780412 0.924735 0.667966 0.902527 0.914418 0.872045 0.839034 0.952051 0.939652 0.744012 0.953923 0.652780 0.755186 0.454725 0.557414 0.688919 0.643339 0.716246 0.770228 0.985934 0.885058 0.964262 0.844315 0.918336 0.857839 0.941761 0.900448 0.861786 0.821497 0.853680 0.929147 0.670473 0.752766 0.833719 0.946217 0.748170 0.804848 0.871580 0.931159 0.891148 0.912851 0.868233 0.817626 0.839013 0.863522 0.944847 0.909011 0.684526 0.943904
0.847768 0.897125 0.000000 0.416638 0.972477 0.924486 0.361062 0.450474 0.717932 0.986832 0.991481 0.826179 0.787994 0.889989 0.905788 0.905810 0.793122 0.811817 0.868481 0.945231 0.814286 0.875170 0.702342 0.751502 0.512981 0.622309 0.966105 0.889102 0.758778 0.694588 0.920520 0.955430 0.774162 0.771032 0.648634 0.852811 0.767474 0.982912 0.831601 0.778081 0.996238 0.840734 0.617417 0.817552 0.854977 0.874691 0.707990 0.792268 0.801972 0.966006 0.779364 0.654237 0.930374 0.884303 0.846798 0.821259 0.961017 0.945431 0.551775 0.646797 0.669619 0.803136 0.875690 0.811681 0.369420 0.492086 0.486282 0.510702 0.837401 0.745848 0.879964 0.855374 0.778023 0.751585 0.903328 0.924156 0.683089 0.823688 0.905551 0.965975 0.977504 0.993560 0.866078 0.997028 0.584461 0.699957 0.746418 0.818928 0.722982 0.608154 0.543911 0.601300 0.533401 0.510943 0.906105 0.815677 0.845513 0.965771 0.591720 0.659433 0.629374 0.812429 0.981734 0.927983 0.558928 0.609544 0.992320 0.780161 0.820840 0.960620 0.900015 0.918829 0.932556 0.830380 0.715160 0.722897
0.912399 0.893987 0.416638 0.000000 0.887614 0.916789 0.554217 0.415357 0.940972 0.771430 0.947452 0.942594 0.998514 0.922070 0.744416 0.927204 0.732273 0.788744 0.987231 0.954668 0.757274 0.851297 0.760064 0.634443 0.543322 0.568317 0.926830 0.772283 0.670312 0.638746 0.990977 0.939173 0.848834 0.739275 0.651569 0.798655 0.768337 0.878335 0.702439 0.706193 0.940132 0.826584 0.717967 0.830280 0.772833 0.795805 0.819636 0.819605 0.697569 0.862439 0.859783 0.704553 0.905503 0.767122 0.958339 0.821119 0.864739 0.909806 0.699984 0.634450 0.851759 0.795063 0.836644 0.822799 0.390009 0.346553 0.392675 0.373839 0.671889 0.738942 0.718145 0.683541 0.707896 0.748438 0.899339 0.841018 0.629754 0.751759 0.966384 0.993105 0.982458 0.980379 0.835021 0.919437 0.685216 0.622389 0.758518 0.726232 0.913553 0.581809 0.611657 0.661504 0.516438 0.555278 0.886998 0.774559 0.821161 0.932429 0.617333 0.744852 0.649740 0.801797 0.958123 0.933076 0.496086 0.565834 0.978521 0.686882 0.822795 0.945525 0.856137 0.963619 0.980860 0.822412 0.730332 0.711989
0.854164 0.803312 0.972477 0.887614 0.000000 0.787790 0.908179 0.970511 0.870222 0.891482 0.776166 0.905788 0.744859 0.913377 0.769578 0.860933 0.713378 0.739897 0.786388 0.818909 0.832258 0.776586 0.804609 0.925009 0.917318 0.922017 0.957847 0.968008 0.886645 0.759900 0.758631 0.941463 0.818841 0.904522 0.977599 0.876553 0.804495 0.906119 0.968947 0.933611 0.861185 0.889101 0.997585 0.946560 0.754665 0.832984 0.908049 0.892073 0.761804 0.797923 0.825897 0.947338 0.831742 0.777722 0.892653 0.966622 0.678996 0.749398 0.948273 0.832532 0.765444 0.902917 0.732199 0.847944 0.987640 0.933367 0.927281 0.962495 0.990531 0.830757 0.792509 0.980505 0.779114 0.906614 0.904671 0.923375 0.947030 0.967698 0.848959 0.825024 0.726478 0.711430 0.775047 0.720114 0.733605 0.709479 0.963309 0.724234 0.898090 0.982756 0.994620 0.889490 0.973872 0.878602 0.796573 0.936808 0.998036 0.945065 0.989920 0.934885 0.848185 0.839483 0.995410 0.929498 0.990160 0.854501 0.940294 0.924234 0.982185 0.950099 0.958045 0.951033 0.999441 0.858490 0.840138 0.897414
0.939385 0.931039 0.924486 0.916789 0.787790 0.000000 0.929032 0.881706 0.902915 0.881680 0.965496 0.854459 0.993181 0.829878 0.994273 0.832274 0.908118 0.855384 0.988946 0.847018 0.775892 0.956606 0.866798 0.831415 0.865371 0.766685 0.819861 0.849299 0.904035 0.913343 0.843993 0.999499 0.933218 0.869074 0.881286 0.886745 0.699738 0.979571 0.896597 0.990947 0.766213 0.966499 0.928781 0.827131 0.956577 0.903005 0.899504 0.978762 0.930982 0.967327 0.864550 0.995450 0.822636 0.809123 0.907784 0.833553 0.993792 0.902503 0.771290 0.754500 0.959720 0.824425 0.915490 0.829504 0.882747 0.984020 0.972042 0.952931 0.847344 0.795118 0.818452 0.918534 0.893708 0.817060 0.908222 0.944766 0.967909 0.882317 0.972944 0.925089 0.948445 0.987525 0.953110 0.951255 0.830837 0.757077 0.914140 0.836144 0.914523 0.996498 0.778946 0.766818 0.724194 0.787691 0.931050 0.859437 0.819624 0.974009 0.948452 0.982756 0.962084 0.914392 0.911908 0.957652 0.912526 0.985659 0.943924 0.991484 0.931917 0.864353 0.902892 0.972827 0.895731 0.991167 0.956863 0.934499
0.643695 0.774824 0.361062 0.554217 0.908179 0.929032 0.000000 0.512048 0.665962 0.917704 0.910227 0.949007 0.626530 0.971014 0.915003 0.982630 0.991011 0.980250 0.713577 0.832449 0.850502 0.949808 0.684940 0.852084 0.610327 0.675347 0.934368 0.998572 0.915696 0.882152 0.886135 0.909407 0.674431 0.701205 0.705950 0.974484 0.813946 0.890231 0.891147 0.888576 0.983242 0.913352 0.647046 0.746445 0.910504 0.986508 0.709354 0.776263 0.899906 0.868366 0.743979 0.667711 0.883523 0.930909 0.866498 0.929791 0.847716 0.880371 0.473304 0.668674 0.487297 0.745044 0.902932 0.982807 0.448920 0.599819 0.608410 0.650888 0.914315 0.855635 0.981491 0.951786 0.873115 0.832962 0.917784 0.991637 0.699348 0.837775 0.971626 0.989347 0.800053 0.819547 0.990246 0.857823 0.475668 0.709180 0.822927 0.979135 0.697809 0.633996 0.655823 0.664839 0.710487 0.674900 0.887198 0.845506 0.900686 0.937746 0.634307 0.619788 0.713494 0.811513 0.988856 0.914033 0.649070 0.725958 0.920905 0.903705 0.733482 0.917533 0.817854 0.922067 0.933511 0.896748 0.728698 0.722054
0.730072 0.678552 0.450474 0.415357 0.970511 0.881706 0.512048 0.000000 0.997172 0.938395 0.882241 0.778893 0.794164 0.888648 0.857092 0.976255 0.992004 0.959664 0.788594 0.678179 0.942501 0.933957 0.808017 0.804273 0.744740 0.844115 0.932769 0.958478 0.959933 0.895348 0.967142 0.977844 0.716016 0.539475 0.716296 0.923271 0.894334 0.983419 0.982359 0.728949 0.937180 0.740159 0.700196 0.725982 0.813568 0.886900 0.732451 0.789554 0.716134 0.925417 0.791534 0.618863 0.920959 0.755761 0.920214 0.996874 0.936946 0.838496 0.468549 0.456291 0.575943 0.470549 0.906592 0.844940 0.531723 0.425545 0.488080 0.422393 0.799755 0.994950 0.794669 0.696245 0.862539 0.911337 0.957616 0.867244 0.553728 0.750646 0.889370 0.881716 0.744899 0.902424 0.898712 0.976706 0.704981 0.764656 0.695875 0.753963 0.897322 0.547386 0.691258 0.819184 0.667229 0.741179 0.874781 0.747814 0.696632 0.995512 0.542297 0.595197 0.636772 0.846710 0.721662 0.855127 0.469509 0.568149 0.986672 0.722635 0.777557 0.809887 0.673225 0.864386 0.978711 0.963793 0.674338 0.754344
0.967845 0.977220 0.717932 0.940972 0.870222 0.902915 0.665962 0.997172 0.000000 0.722244 0.988908 0.760224 0.870951 0.740172 0.949282 0.871538 0.878989 0.791860 0.992047 0.853658 0.926477 0.969363 0.716481 0.981207 0.851915 0.822054 0.906721 0.948443 0.837288 0.811661 0.912085 0.812814 0.927040 0.900673 0.890935 0.991000 0.801028 0.962852 0.956932 0.848886 0.979840 0.920411 0.876215 0.957052 0.882442 0.949295 0.960753 0.993957 0.781652 0.757333 0.841187 0.799594 0.757361 0.855472 0.922230 0.973023 0.923538 0.962741 0.815164 0.995016 0.837872 0.866052 0.938573 0.838259 0.768489 0.933521 0.983231 0.911269 0.831433 0.802318 0.881130 0.710895 0.828641 0.838457 0.989190 0.979563 0.975998 0.983481 0.855853 0.823694 0.879890 0.950961 0.972925 0.919268 0.738583 0.988689 0.871888 0.901158 0.757054 0.859846 0.830853 0.751541 0.737766 0.812043 0.961971 0.972145 0.888343 0.940397 0.875193 0.893442 0.881358 0.882905 0.879947 0.988010 0.963035 0.934625 0.951416 0.924520 0.907661 0.977923 0.885459 0.883898 0.983388 0.944371 0.962554 0.986125
0.858457 0.770728 0.986832 0.771430 0.891482 0.881680 0.917704 0.938395 0.722244 0.000000 0.728536 0.861917 0.835844 0.985638 0.842232 0.943302 0.693785 0.782697 0.696290 0.781767 0.856703 0.991015 0.842163 0.849158 0.845190 0.771171 0.762590 0.783195 0.603274 0.705646 0.740543 0.917149 0.689848 0.788521 0.973270 0.859870 0.958842 0.973371 0.600935 0.875380 0.829895 0.958812 0.865770 0.782133 0.667099 0.657184 0.796181 0.895854 0.624353 0.650206 0.718150 0.778974 0.735391 0.811921 0.873404 0.867527 0.674803 0.704841 0.782768 0.964403 0.741926 0.819402 0.674285 0.674364 0.804868 0.715049 0.899413 0.865939 0.731176 0.809882 0.799333 0.834039 0.830571 0.804842 0.822572 0.972322 0.950125 0.951522 0.945347 0.926390 0.726763 0.837928 0.878741 0.761317 0.961755 0.805902 0.975229 0.742505 0.919060 0.832942 0.882881 0.878535 0.930842 0.797307 0.937825 0.777210 0.788705 0.850940 0.899339 0.870507 0.825893 0.959141 0.685116 0.815779 0.963019 0.925371 0.846033 0.871693 0.941397 0.849638 0.842301 0.892436 0.969083 0.710248 0.997656 0.924202
0.710395 0.781501 0.991481 0.947452 0.776166 0.965496 0.910227 0.882241 0.988908 0.728536 0.000000 0.713216 0.770067 0.897794 0.982979 0.996174 0.624457 0.595677 0.645336 0.617029 0.832498 0.985724 0.978069 0.842636 0.844720 0.964537 0.892282 0.833967 0.643073 0.660044 0.824771 0.982717 0.774275 0.619647 0.992911 0.951580 0.958933 0.816526 0.999267 0.999120 0.918554 0.959524 0.841955 0.919217 0.947191 0.930803 0.972266 0.984971 0.956527 0.942662 0.912222 0.865972 0.972425 0.994905 0.979108 0.900209 0.706540 0.795819 0.891969 0.958981 0.729136 0.815854 0.609064 0.680694 0.843028 0.908469 0.977780 0.949182 0.954516 0.768793 0.977136 0.845624 0.621281 0.816903 0.939986 0.767666 0.914592 0.834473 0.793700 0.803248 0.675625 0.705508 0.910879 0.847192 0.978112 0.983815 0.785545 0.901789 0.879477 0.994501 0.682460 0.634294 0.763295 0.703463 0.946554 0.805343 0.924355 0.940990 0.976574 0.962293 0.987008 0.866602 0.844787 0.992314 0.998062 0.752500 0.955202 0.813325 0.999425 0.796333 0.921783 0.982275 0.880659 0.965025 0.984241 0.950858
0.675673 0.545092 0.826179 0.942594 0.905788 0.854459 0.949007 0.778893 0.760224 0.861917 0.713216 0.000000 0.672742 0.524147 0.734526 0.680757 0.495518 0.461012 0.681795 0.479429 0.883865 0.979417 0.976345 0.970021 0.740367 0.702943 0.898668 0.905321 0.505707 0.484977 0.938728 0.804205 0.672179 0.609751 0.988393 0.910901 0.954633 0.952031 0.760828 0.996517 0.900692 0.805916 0.961471 0.766663 0.887839 0.786189 0.903428 0.833801 0.971261 0.946081 0.844074 0.855229 0.972611 0.980592 0.963704 0.857497 0.589025 0.492185 0.830122 0.842722 0.616659 0.543675 0.463340 0.374847 0.880420 0.995495 0.931707 0.928811 0.979068 0.599419 0.928546 0.793601 0.761160 0.757273 0.947698 0.901426 0.781041 0.815607 0.573782 0.716234 0.469451 0.590426 0.696343 0.727868 0.909719 0.950871 0.940466 0.890293 0.782066 0.989103 0.746061 0.661505 0.733050 0.643459 0.806243 0.869654 0.891312 0.873966 0.904317 0.872472 0.991874 0.987842 0.656047 0.901441 0.884233 0.978852 0.999722 0.920297 0.996884 0.744116 0.768681 0.848074 0.967276 0.776820 0.865453 0.914767
0.670516 0.623441 0.787994 0.998514 0.744859 0.993181 0.626530 0.794164 0.870951 0.835844 0.770067 0.672742 0.000000 0.566566 0.508640 0.589155 0.666896 0.659421 0.654846 0.592550 0.997766 0.922706 0.700160 0.918882 0.970553 0.935489 0.849005 0.900840 0.690155 0.683509 0.781214 0.816394 0.636421 0.697549 0.885414 0.919972 0.856179 0.891581 0.840733 0.948724 0.936107 0.962352 0.921065 0.803057 0.905468 0.796945 0.743368 0.725198 0.989692 0.740569 0.824430 0.763138 0.898873 0.888563 0.823104 0.994380 0.661004 0.599557 0.753722 0.827576 0.398265 0.633139 0.605028 0.644749 0.847259 0.967936 0.935663 0.966783 0.859489 0.847574 0.931500 0.997680 0.915868 0.992079 0.946337 0.811829 0.889371 0.925704 0.712282 0.760679 0.576207 0.571737 0.706578 0.707731 0.564645 0.854233 0.924957 0.752807 0.919652 0.982485 0.924279 0.859979 0.830134 0.851105 0.985686 0.889316 0.987526 0.966565 0.805365 0.845985 0.978043 0.958336 0.920677 0.899090 0.890590 0.964078 0.991034 0.792380 0.979261 0.827156 0.922790 0.827098 0.981516 0.924257 0.735963 0.969953
0.772282 0.622903 0.889989 0.922070 0.913377 0.829878 0.971014 0.888648 0.740172 0.985638 0.897794 0.524147 0.566566 0.000000 0.517516 0.454597 0.617468 0.558998 0.803306 0.611418 0.881489 0.977585 0.931484 0.918422 0.934454 0.769113 0.887880 0.958750 0.600132 0.503923 0.776361 0.643811 0.657522 0.637065 0.940193 0.913732 0.983522 0.926034 0.790970 0.905783 0.922693 0.921866 0.873847 0.651008 0.803069 0.681479 0.737452 0.657082 0.977927 0.840079 0.846337 0.841622 0.966446 0.870184 0.957274 0.996047 0.749915 0.660883 0.930079 0.924447 0.626902 0.633990 0.595607 0.542020 0.958699 0.969419 0.953157 0.950548 0.829676 0.658644 0.974776 0.786953 0.783947 0.750040 0.929085 0.856073 0.963493 0.952435 0.642901 0.605777 0.565093 0.560646 0.598641 0.716665 0.785756 0.823072 0.862406 0.821832 0.859766 0.881340 0.740739 0.675067 0.659698 0.714107 0.905074 0.875201 0.928622 0.967289 0.903363 0.940768 0.927156 0.987163 0.839066 0.996847 0.985789 0.973519 0.918489 0.760261 0.868035 0.787060 0.884367 0.723050 0.942095 0.846109 0.824173 0.977399
0.811122 0.696140 0.905788 0.744416 0.769578 0.994273 0.915003 0.857092 0.949282 0.842232 0.982979 0.734526 0.508640 0.517516 0.000000 0.500264 0.595593 0.580525 0.689098 0.778802 0.946153 0.929522 0.687010 0.904716 0.942565 0.828327 0.866142 0.948916 0.581396 0.519461 0.658735 0.606266 0.616272 0.816035 0.980990 0.829865 0.915222 0.958067 0.790886 0.923958 0.901160 0.935749 0.846806 0.691863 0.630752 0.561945 0.682261 0.627878 0.727856 0.582272 0.802096 0.800409 0.768645 0.684346 0.852210 0.987065 0.584707 0.627868 0.985806 0.838563 0.649094 0.864353 0.574207 0.637401 0.978687 0.838161 0.811072 0.840682 0.978641 0.720669 0.827838 0.993207 0.787437 0.791319 0.951701 0.830161 0.983385 0.891779 0.680128 0.760746 0.594398 0.539534 0.487848 0.567197 0.655937 0.796135 0.601377 0.573597 0.966051 0.880666 0.760761 0.786426 0.665501 0.745364 0.994809 0.959985 0.918778 0.906541 0.936281 0.954975 0.972528 0.934138 0.964413 0.987496 0.888549 0.856030 0.930747 0.706400 0.934292 0.948825 0.957978 0.737025 0.795971 0.797973 0.866393 0.887243
0.817889 0.671443 0.905810 0.927204 0.860933 0.832274 0.982630 0.976255 0.871538 0.943302 0.996174 0.680757 0.589155 0.454597 0.500264 0.000000 0.736544 0.686013 0.800201 0.749874 0.941394 0.966591 0.723164 0.701577 0.991314 0.945293 0.904497 0.951575 0.703644 0.639215 0.680890 0.622206 0.717279 0.783936 0.946409 0.839813 0.869366 0.848460 0.877797 0.953309 0.944869 0.989988 0.945240 0.814750 0.738327 0.668831 0.793695 0.626736 0.874960 0.795148 0.807945 0.888773 0.894737 0.772985 0.948863 0.985361 0.723776 0.687050 0.870042 0.873731 0.734557 0.831984 0.655759 0.668589 0.983889 0.984512 0.921394 0.981395 0.796288 0.737818 0.989527 0.795049 0.891024 0.933520 0.955910 0.935291 0.987128 0.994794 0.665793 0.625405 0.641534 0.560999 0.515408 0.639642 0.653854 0.675322 0.761709 0.659006 0.826800 0.894169 0.831787 0.827193 0.753743 0.832540 0.982526 0.970739 0.799398 0.921229 0.909098 0.982306 0.995859 0.903426 0.955776 0.934839 0.999247 0.972317 0.922224 0.770120 0.944150 0.850927 0.985855 0.752609 0.935597 0.835207 0.853761 0.992236
0.578482 0.530044 0.793122 0.732273 0.713378 0.908118 0.991011 0.992004 0.878989 0.693785 0.624457 0.495518 0.666896 0.617468 0.595593 0.736544 0.000000 0.346466 0.545967 0.581195 0.906663 0.960225 0.966426 0.895796 0.781769 0.745050 0.963482 0.850503 0.390249 0.354119 0.763589 0.784954 0.585662 0.662686 0.942169 0.905079 0.987590 0.908215 0.769244 0.889538 0.908584 0.840959 0.960103 0.649943 0.645749 0.575478 0.736646 0.717974 0.669716 0.682086 0.676658 0.892368 0.773240 0.743159 0.825086 0.890415 0.406814 0.475619 0.873857 0.898666 0.623399 0.714399 0.354728 0.384278 0.803129 0.795691 0.816149 0.894838 0.892340 0.551051 0.996749 0.989823 0.621908 0.652753 0.993306 0.881138 0.906652 0.929052 0.630418 0.667539 0.378972 0.482828 0.577873 0.600259 0.849038 0.898581 0.930347 0.696767 0.903323 0.945001 0.705656 0.650625 0.629808 0.651724 0.862881 0.914306 0.896156 0.929398 0.975657 0.949917 0.996376 0.863900 0.763499 0.848926 0.877316 0.741799 0.949248 0.737546 0.962938 0.718479 0.875964 0.854224 0.865806 0.792653 0.863866 0.886724
0.571414 0.537399 0.811817 0.788744 0.739897 0.855384 0.980250 0.959664 0.791860 0.782697 0.595677 0.461012 0.659421 0.558998 0.580525 0.686013 0.346466 0.000000 0.542202 0.526814 0.978376 0.922816 0.984210 0.909746 0.751783 0.733502 0.937354 0.919789 0.413519 0.339117 0.811402 0.754314 0.593437 0.615094 0.888787 0.909552 0.945607 0.903154 0.857594 0.999443 0.865662 0.893720 0.995174 0.667181 0.751319 0.672726 0.782643 0.795989 0.830017 0.794999 0.809525 0.987412 0.911656 0.843765 0.899549 0.850078 0.400228 0.484052 0.864837 0.965211 0.618739 0.714122 0.355986 0.375748 0.801669 0.852620 0.860821 0.939673 0.896240 0.482466 0.949400 0.931800 0.553488 0.631074 0.976497 0.888252 0.861417 0.943525 0.594135 0.601562 0.398948 0.448957 0.597112 0.604886 0.889561 0.877589 0.880864 0.754313 0.844519 0.940973 0.642436 0.565604 0.569937 0.603143 0.842008 0.940043 0.893012 0.889146 0.980749 0.942203 0.966154 0.813104 0.736493 0.900461 0.930807 0.818790 0.976003 0.748210 0.986416 0.678601 0.828013 0.826739 0.956652 0.827752 0.865500 0.948713
0.497280 0.548790 0.868481 0.987231 0.786388 0.988946 0.713577 0.788594 0.992047 0.696290 0.645336 0.681795 0.654846 0.803306 0.689098 0.800201 0.545967 0.542202 0.000000 0.550624 0.952706 0.932063 0.748228 0.931422 0.992777 0.945789 0.935072 0.992775 0.558636 0.608739 0.697806 0.840335 0.517062 0.564699 0.879982 0.893450 0.784689 0.984600 0.953177 0.999519 0.905495 0.826458 0.815401 0.695118 0.781176 0.674321 0.599177 0.723652 0.774040 0.693822 0.739776 0.770281 0.874566 0.914200 0.773159 0.998040 0.479785 0.565511 0.728599 0.939430 0.591556 0.711442 0.468548 0.602605 0.956235 0.950245 0.858382 0.815107 0.860801 0.718803 0.931908 0.899083 0.794454 0.746417 0.963076 0.965002 0.778868 0.867118 0.735650 0.809390 0.503784 0.549198 0.728361 0.620142 0.713950 0.782394 0.882545 0.781443 0.919002 0.863648 0.997794 0.942804 0.926138 0.852571 0.908331 0.841686 0.815352 0.830688 0.728365 0.745343 0.740715 0.953910 0.751351 0.782017 0.906366 0.968147 0.945176 0.884715 0.844186 0.884505 0.807193 0.852595 0.873049 0.875068 0.830480 0.982080
0.660821 0.629168 0.945231 0.954668 0.818909 0.847018 0.832449 0.678179 0.853658 0.781767 0.617029 0.479429 0.592550 0.611418 0.778802 0.749874 0.581195 0.526814 0.550624 0.000000 0.981520 0.969413 0.860704 0.943017 0.855695 0.775295 0.947734 0.818508 0.602129 0.576974 0.906914 0.838998 0.580940 0.569829 0.958901 0.905331 0.966590 0.896913 0.851689 0.978388 0.961580 0.887999 0.992555 0.783780 0.941160 0.890756 0.896329 0.831125 0.902608 0.916265 0.930655 0.944551 0.844682 0.839962 0.982070 0.902319 0.646724 0.524624 0.731214 0.708726 0.573979 0.522735 0.520468 0.490119 0.931882 0.896828 0.969132 0.833029 0.947356 0.686681 0.929881 0.872949 0.762042 0.840454 0.908255 0.932520 0.737316 0.790436 0.673610 0.637536 0.486407 0.578257 0.808218 0.769312 0.847466 0.950944 0.865374 0.943492 0.885038 0.872499 0.840082 0.707943 0.833039 0.688137 0.858026 0.873523 0.831733 0.942979 0.892705 0.875686 0.824618 0.857466 0.672399 0.927479 0.738659 0.913319 0.913664 0.880614 0.956100 0.696316 0.663411 0.909578 0.927125 0.876653 0.785799 0.985877
0.913898 0.921904 0.814286 0.757274 0.832258 0.775892 0.850502 0.942501 0.926477 0.856703 0.832498 0.883865 0.997766 0.881489 0.946153 0.941394 0.906663 0.978376 0.952706 0.981520 0.000000 0.920587 0.871198 0.846150 0.877643 0.723648 0.948611 0.865624 0.908827 0.895190 0.952051 0.992497 0.936207 0.929391 0.847992 0.960987 0.827352 0.957740 0.802009 0.965397 0.962350 0.951800 0.960849 0.933727 0.869070 0.797607 0.957147 0.925383 0.823778 0.803221 0.902363 0.897866 0.774236 0.845550 0.952835 0.898209 0.951556 0.875304 0.985280 0.936906 0.984270 0.924151 0.964594 0.883934 0.816087 0.774291 0.749922 0.750130 0.903178 0.945880 0.924664 0.979982 0.966789 0.992243 0.971329 0.858015 0.873724 0.837406 0.977410 0.873606 0.956562 0.946032 0.872033 0.892657 0.883074 0.752245 0.844517 0.908010 0.933480 0.992639 0.945991 0.942616 0.950441 0.938349 0.995980 0.916931 0.966756 0.965766 0.995167 0.993168 0.841827 0.876930 0.875485 0.901324 0.795801 0.930949 0.931912 0.993949 0.916211 0.978555 0.924637 0.881285 0.975202 0.934886 0.964025 0.997651
0.920005 0.890093 0.875170 0.851297 0.776586 0.956606 0.949808 0.933957 0.969363 0.991015 0.985724 0.979417 0.922706 0.977585 0.929522 0.966591 0.960225 0.922816 0.932063 0.969413 0.920587 0.000000 0.987766 0.969522 0.853795 0.872706 0.896997 0.843303 0.890162 0.995009 0.960140 0.960607 0.883734 0.890060 0.817996 0.884863 0.869554 0.856758 0.911611 0.973844 0.938455 0.910802 0.720914 0.858877 0.930279 0.938915 0.803481 0.889531 0.908440 0.901181 0.818686 0.863179 0.842285 0.952433 0.937657 0.797872 0.920593 0.966969 0.932506 0.973280 0.991080 0.976778 0.981359 0.999227 0.857996 0.905851 0.837334 0.808712 0.991231 0.964363 0.948407 0.929484 0.875277 0.894409 0.999766 0.895076 0.924422 0.896897 0.989250 0.921285 0.951674 0.970422 0.953716 0.977917 0.992449 0.921038 0.748643 0.883119 0.953682 0.996902 0.914405 0.951894 0.837959 0.812078 0.913227 0.916103 0.869319 0.978827 0.806368 0.932935 0.838252 0.748104 0.916579 0.688517 0.966888 0.867699 0.851240 0.893695 0.979170 0.852486 0.988121 0.891559 0.934530 0.910551 0.947267 0.930947
0.936867 0.852859 0.702342 0.760064 0.804609 0.866798 0.684940 0.808017 0.716481 0.842163 0.978069 0.976345 0.700160 0.931484 0.687010 0.723164 0.966426 0.984210 0.748228 0.860704 0.871198 0.987766 0.000000 0.493693 0.711506 0.779742 0.978834 0.941061 0.995764 0.979676 0.591365 0.764207 0.666530 0.788650 0.825977 0.980023 0.553941 0.794600 0.957999 0.956993 0.918995 0.878670 0.715004 0.815267 0.762431 0.738916 0.672035 0.685405 0.825243 0.651315 0.726870 0.681700 0.848896 0.871353 0.842134 0.857109 0.777605 0.803384 0.904311 0.984019 0.738629 0.906312 0.807009 0.904767 0.675003 0.794798 0.829708 0.783570 0.965899 0.977585 0.997703 0.813672 0.881536 0.880543 0.947053 0.964550 0.901993 0.876842 0.853345 0.910873 0.726302 0.663875 0.653566 0.684026 0.433592 0.579297 0.891101 0.678847 0.871963 0.707161 0.913281 0.905527 0.843969 0.959471 0.999292 0.807268 0.842100 0.846272 0.714889 0.721939 0.656385 0.996210 0.954615 0.988116 0.685739 0.757533 0.923683 0.962812 0.863901 0.911034 0.933928 0.850898 0.948884 0.784025 0.713078 0.954674
0.975639 0.958875 0.751502 0.634443 0.925009 0.831415 0.852084 0.804273 0.981207 0.849158 0.842636 0.970021 0.918882 0.918422 0.904716 0.701577 0.895796 0.909746 0.931422 0.943017 0.846150 0.969522 0.493693 0.000000 0.648072 0.708654 0.735350 0.879382 0.855999 0.882942 0.743747 0.750847 0.869054 0.843809 0.909445 0.841202 0.655669 0.738423 0.888646 0.880299 0.958885 0.817753 0.832792 0.897413 0.950491 0.900308 0.735573 0.744529 0.984882 0.885989 0.801003 0.838276 0.976466 0.990582 0.807713 0.815900 0.987326 0.962970 0.922045 0.966121 0.979972 0.953805 0.991072 0.945359 0.639558 0.620226 0.689827 0.632646 0.795364 0.905043 0.863722 0.698630 0.748572 0.788112 0.987954 0.820452 0.912110 0.890014 0.893606 0.856989 0.849346 0.791872 0.808263 0.875981 0.547087 0.477407 0.962133 0.753720 0.984802 0.764996 0.820431 0.835352 0.793979 0.783567 0.909857 0.912977 0.926160 0.887095 0.879595 0.905758 0.654024 0.944226 0.976956 0.938727 0.673543 0.708046 0.983027 0.885090 0.884227 0.921606 0.942039 0.913239 0.929063 0.922851 0.807354 0.723608
0.946017 0.950882 0.512981 0.543322 0.917318 0.865371 0.610327 0.744740 0.851915 0.845190 0.844720 0.740367 0.970553 0.934454 0.942565 0.991314 0.781769 0.751783 0.992777 0.855695 0.877643 0.853795 0.711506 0.648072 0.000000 0.542695 0.792885 0.801345 0.711628 0.732461 0.769141 0.994854 0.892516 0.874936 0.636578 0.843431 0.685381 0.837704 0.713174 0.789948 0.930841 0.972159 0.526403 0.731555 0.918005 0.898449 0.718249 0.644189 0.962483 0.823277 0.746217 0.719080 0.837318 0.894773 0.898998 0.724935 0.884644 0.859690 0.845353 0.903225 0.922063 0.985023 0.791406 0.661065 0.433420 0.559141 0.523437 0.597141 0.708194 0.802107 0.820041 0.853920 0.829906 0.803569 0.847930 0.957590 0.817907 0.878484 0.942469 0.925540 0.979452 0.956527 0.943173 0.956986 0.610456 0.565321 0.863415 0.933893 0.777095 0.712826 0.634084 0.659391 0.619789 0.561016 0.914858 0.841641 0.962464 0.971823 0.787783 0.874385 0.697497 0.893320 0.917998 0.918116 0.772064 0.795884 0.891135 0.896074 0.938320 0.871641 0.954143 0.981158 0.892400 0.858534 0.834949 0.799869
0.949586 0.981604 0.622309 0.568317 0.922017 0.766685 0.675347 0.844115 0.822054 0.771171 0.964537 0.702943 0.935489 0.769113 0.828327 0.945293 0.745050 0.733502 0.945789 0.775295 0.723648 0.872706 0.779742 0.708654 0.542695 0.000000 0.847812 0.688333 0.710254 0.679407 0.805225 0.913264 0.898036 0.913047 0.810646 0.831093 0.680908 0.922686 0.634772 0.814884 0.876565 0.934067 0.758281 0.931238 0.967097 0.956784 0.815447 0.864584 0.926118 0.976070 0.828291 0.865295 0.871716 0.898444 0.865741 0.785561 0.911092 0.790442 0.982573 0.913731 0.964769 0.817110 0.799669 0.627549 0.543462 0.674438 0.548884 0.649653 0.767928 0.672903 0.675108 0.808449 0.821378 0.850359 0.803404 0.944354 0.920008 0.824514 0.829801 0.850751 0.853840 0.919073 0.915309 0.949667 0.738901 0.587535 0.780185 0.932163 0.902125 0.792790 0.658455 0.576808 0.620707 0.589561 0.995517 0.970719 0.917619 0.903890 0.749790 0.818188 0.783498 0.890958 0.738998 0.944203 0.863143 0.814720 0.970205 0.846716 0.926514 0.895866 0.860506 0.901460 0.991234 0.856040 0.842137 0.854109
0.950109 0.918532 0.966105 0.926830 0.957847 0.819861 0.934368 0.932769 0.906721 0.762590 0.892282 0.898668 0.849005 0.887880 0.866142 0.904497 0.963482 0.937354 0.935072 0.947734 0.948611 0.896997 0.978834 0.735350 0.792885 0.847812 0.000000 0.928779 0.826649 0.910312 0.936212 0.922188 0.869811 0.921686 0.947469 0.856256 0.934450 0.868175 0.712637 0.913458 0.872100 0.948615 0.955455 0.998634 0.979492 0.996496 0.912728 0.951271 0.990972 0.973303 0.966869 0.854402 0.960828 0.990550 0.915786 0.912386 0.936610 0.851410 0.829961 0.868918 0.832102 0.939248 0.873474 0.841008 0.917878 0.851380 0.959640 0.927972 0.963466 0.979998 0.874549 0.869100 0.909496 0.929722 0.950468 0.823447 0.977289 0.972991 0.964999 0.827843 0.985769 0.957071 0.973526 0.985284 0.926475 0.763188 0.923700 0.962703 0.778018 0.962236 0.908036 0.887581 0.946689 0.826083 0.882284 0.813099 0.985145 0.860776 0.997975 0.940845 0.856724 0.849838 0.998824 0.951629 0.940831 0.934968 0.975701 0.990134 0.907743 0.979580 0.912553 0.852583 0.985926 0.979657 0.878029 0.788486
0.994004 0.932209 0.889102 0.772283 0.968008 0.849299 0.998572 0.958478 0.948443 0.783195 0.833967 0.905321 0.900840 0.958750 0.948916 0.951575 0.850503 0.919789 0.992775 0.818508 0.865624 0.843303 0.941061 0.879382 0.801345 0.688333 0.928779 0.000000 0.911781 0.858059 0.938807 0.931101 0.990010 0.996263 0.772298 0.915336 0.850544 0.880338 0.851826 0.886134 0.907349 0.969490 0.756074 0.916504 0.894199 0.966122 0.811228 0.865948 0.963408 0.963258 0.901145 0.872405 0.881515 0.911930 0.898757 0.761822 0.966697 0.958925 0.872771 0.910662 0.889311 0.914677 0.919764 0.862756 0.753064 0.826340 0.690382 0.797085 0.837922 0.971444 0.745980 0.740547 0.998918 0.999332 0.919616 0.992854 0.896911 0.912304 0.926320 0.999079 0.899379 0.957734 0.957690 0.982673 0.924734 0.707749 0.979918 0.874702 0.976849 0.864177 0.846586 0.840207 0.824114 0.820425 0.930542 0.969224 0.966883 0.881437 0.811185 0.991927 0.811228 0.799679 0.924787 0.960960 0.986324 0.876337 0.978539 0.873354 0.916799 0.955096 0.957535 0.957758 0.953694 0.893111 0.938288 0.983479
0.664948 0.573422 0.758778 0.670312 0.886645 0.904035 0.915696 0.959933 0.837288 0.603274 0.643073 0.505707 0.690155 0.600132 0.581396 0.703644 0.390249 0.413519 0.558636 0.602129 0.908827 0.890162 0.995764 0.855999 0.711628 0.710254 0.826649 0.911781 0.000000 0.341247 0.705281 0.725251 0.598078 0.628577 0.902600 0.759182 0.999202 0.998101 0.664916 0.883492 0.889693 0.879359 0.927164 0.652002 0.623391 0.546778 0.719674 0.764093 0.684101 0.721592 0.716700 0.906985 0.772949 0.713892 0.929899 0.887698 0.505159 0.572760 0.930500 0.879762 0.684361 0.750728 0.410895 0.401159 0.703800 0.707412 0.840620 0.902914 0.924647 0.505918 0.915316 0.998529 0.552127 0.565614 0.914787 0.845227 0.933747 0.942410 0.693308 0.708923 0.475069 0.603105 0.649556 0.655606 0.999190 0.957902 0.940137 0.745487 0.813290 0.836541 0.625333 0.604890 0.589604 0.581981 0.944946 0.918305 0.966353 0.860848 0.957266 0.944588 0.985636 0.921039 0.670035 0.828383 0.850935 0.770785 0.872549 0.716079 0.916896 0.721783 0.821625 0.746808 0.851422 0.739939 0.913798 0.834483
0.686796 0.618505 0.694588 0.638746 0.759900 0.913343 0.882152 0.895348 0.811661 0.705646 0.660044 0.484977 0.683509 0.503923 0.519461 0.639215 0.354119 0.339117 0.608739 0.576974 0.895190 0.995009 0.979676 0.882942 0.732461 0.679407 0.910312 0.858059 0.341247 0.000000 0.702536 0.674464 0.602632 0.693038 0.914656 0.846087 0.972765 0.979857 0.743975 0.911843 0.893273 0.907989 0.944346 0.651486 0.628012 0.561891 0.788869 0.757800 0.676052 0.712866 0.756136 0.985225 0.811413 0.701977 0.918281 0.854005 0.478770 0.552014 0.996432 0.819705 0.689770 0.786155 0.379942 0.397424 0.682028 0.689882 0.751618 0.811816 0.903835 0.518892 0.944021 0.933209 0.558700 0.595531 0.968306 0.819577 0.986260 0.934528 0.591483 0.580844 0.422752 0.466459 0.523657 0.551586 0.933234 0.935488 0.845314 0.662118 0.801501 0.831418 0.572094 0.545478 0.507386 0.545017 0.866947 0.971128 0.999483 0.891284 0.967866 0.974129 0.918678 0.871093 0.712247 0.859985 0.816492 0.757481 0.866868 0.650864 0.923738 0.777743 0.854018 0.836994 0.921563 0.721037 0.949154 0.853752
0.875099 0.766147 0.920520 0.990977 0.758631 0.843993 0.886135 0.967142 0.912085 0.740543 0.824771 0.938728 0.781214 0.776361 0.658735 0.680890 0.763589 0.811402 0.697806 0.906914 0.952051 0.960140 0.591365 0.743747 0.769141 0.805225 0.936212 0.938807 0.705281 0.702536 0.000000 0.613953 0.570710 0.723452 0.834145 0.976736 0.678307 0.873931 0.938419 0.927025 0.984504 0.983330 0.673912 0.642867 0.506223 0.550771 0.581802 0.551987 0.597508 0.689960 0.619543 0.787960 0.691438 0.607549 0.804429 0.878706 0.705351 0.803137 0.906122 0.808069 0.791379 0.960276 0.690154 0.829070 0.953390 0.970998 0.875720 0.887591 0.816392 0.813387 0.877885 0.860517 0.844977 0.831469 0.943708 0.908110 0.980771 0.868984 0.858237 0.800969 0.667190 0.652976 0.605723 0.602144 0.675232 0.651151 0.957302 0.615468 0.983647 0.945234 0.917247 0.909123 0.941218 0.891824 0.996623 0.896577 0.973464 0.896750 0.752480 0.946416 0.865431 0.957241 0.915130 0.975852 0.985231 0.912142 0.812991 0.866640 0.991346 0.867334 0.957959 0.759340 0.904473 0.838698 0.925967 0.898881
0.968046 0.883734 0.955430 0.939173 0.941463 0.999499 0.909407 0.977844 0.812814 0.917149 0.982717 0.804205 0.816394 0.643811 0.606266 0.622206 0.784954 0.754314 0.840335 0.838998 0.992497 0.960607 0.764207 0.750847 0.994854 0.913264 0.922188 0.931101 0.725251 0.674464 0.613953 0.000000 0.691943 0.771576 0.971187 0.993108 0.956569 0.786386 0.882917 0.810828 0.971666 0.769458 0.804962 0.731265 0.655043 0.699905 0.663605 0.675553 0.854325 0.870521 0.838414 0.897864 0.901903 0.846483 0.841946 0.904716 0.789739 0.837003 0.821447 0.873568 0.915410 0.922392 0.730545 0.724234 0.955579 0.993696 0.932773 0.882383 0.915850 0.809298 0.965635 0.708720 0.926124 0.833392 0.855231 0.903227 0.989727 0.916389 0.722247 0.622123 0.700750 0.663127 0.620492 0.664384 0.824499 0.737511 0.806412 0.667452 0.805791 0.970155 0.825492 0.809204 0.758095 0.915293 0.942915 0.913370 0.984447 0.765235 0.841049 0.970535 0.846400 0.913923 0.841405 0.932399 0.905572 0.979812 0.873215 0.935938 0.907075 0.885133 0.897054 0.684763 0.922909 0.837592 0.994052 0.912341
0.671046 0.494212 0.774162 0.848834 0.818841 0.933218 0.674431 0.716016 0.927040 0.689848 0.774275 0.672179 0.636421 0.657522 0.616272 0.717279 0.585662 0.593437 0.517062 0.580940 0.936207 0.883734 0.666530 0.869054 0.892516 0.898036 0.869811 0.990010 0.598078 0.602632 0.570710 0.691943 0.000000 0.539683 0.821347 0.904901 0.833899 0.957860 0.920294 0.963209 0.961034 0.780034 0.659579 0.491974 0.657952 0.604425 0.569684 0.538277 0.752491 0.694856 0.642126 0.645252 0.746753 0.825584 0.846858 0.962019 0.518987 0.518248 0.688204 0.902506 0.514293 0.688774 0.498572 0.568264 0.848111 0.908245 0.788135 0.758663 0.983659 0.814577 0.917568 0.827999 0.887570 0.894971 0.872462 0.994247 0.771307 0.825496 0.749682 0.720603 0.455122 0.531436 0.607849 0.576354 0.648221 0.714629 0.970406 0.783252 0.957018 0.790542 0.939237 0.906412 0.945078 0.918203 0.821154 0.797243 0.907285 0.908981 0.658099 0.733761 0.737075 0.952774 0.782780 0.799575 0.786041 0.959332 0.786091 0.895363 0.954312 0.767488 0.801946 0.824663 0.889484 0.840042 0.665423 0.932832
0.569851 0.545021 0.771032 0.739275 0.904522 0.869074 0.701205 0.539475 0.900673 0.788521 0.619647 0.609751 0.697549 0.637065 0.816035 0.783936 0.662686 0.615094 0.564699 0.569829 0.929391 0.890060 0.788650 0.843809 0.874936 0.913047 0.921686 0.996263 0.628577 0.693038 0.723452 0.771576 0.539683 0.000000 0.792652 0.981358 0.843462 0.954261 0.982134 0.785793 0.902491 0.817945 0.718742 0.558617 0.845309 0.749515 0.619742 0.602885 0.953977 0.842614 0.701610 0.705961 0.922866 0.990811 0.967012 0.920286 0.652714 0.651725 0.684298 0.739536 0.593289 0.544949 0.596469 0.586297 0.822152 0.729212 0.666208 0.601140 0.909382 0.747992 0.890012 0.785098 0.792228 0.772403 0.929736 0.970195 0.764804 0.718762 0.729055 0.748125 0.535992 0.626096 0.833519 0.749662 0.739724 0.734578 0.859018 0.974040 0.966583 0.761066 0.940924 0.851666 0.955997 0.947039 0.875640 0.668858 0.842639 0.992743 0.652900 0.692814 0.697993 0.941523 0.666989 0.803128 0.726917 0.944418 0.996044 0.982085 0.872989 0.730271 0.784327 0.751344 0.912288 0.957108 0.671013 0.907291
0.885366 0.917225 0.648634 0.651569 0.977599 0.881286 0.705950 0.716296 0.890935 0.973270 0.992911 0.988393 0.885414 0.940193 0.980990 0.946409 0.942169 0.888787 0.879982 0.958901 0.847992 0.817996 0.825977 0.909445 0.636578 0.810646 0.947469 0.772298 0.902600 0.914656 0.834145 0.971187 0.821347 0.792652 0.000000 0.873461 0.694945 0.898088 0.834542 0.879883 0.976590 0.926479 0.635879 0.758108 0.912688 0.889475 0.748953 0.734650 0.950971 0.795986 0.760262 0.632547 0.855496 0.947970 0.828777 0.712963 0.963267 0.939726 0.791065 0.795026 0.837815 0.798248 0.965354 0.915412 0.666672 0.718593 0.674329 0.676107 0.878372 0.854237 0.813837 0.855733 0.861553 0.909062 0.996584 0.983734 0.781404 0.727993 0.930467 0.974505 0.965805 0.967396 0.998255 0.898686 0.770914 0.809599 0.844542 0.938440 0.864699 0.778155 0.756736 0.832263 0.712302 0.787029 0.830321 0.738461 0.928520 0.885599 0.679541 0.940204 0.914759 0.746182 0.926951 0.876781 0.798708 0.842312 0.870919 0.946249 0.860206 0.990553 0.988428 0.864784 0.890213 0.875100 0.898127 0.912627
0.912557 0.865560 0.852811 0.798655 0.876553 0.886745 0.974484 0.923271 0.991000 0.859870 0.951580 0.910901 0.919972 0.913732 0.829865 0.839813 0.905079 0.909552 0.893450 0.905331 0.960987 0.884863 0.980023 0.841202 0.843431 0.831093 0.856256 0.915336 0.759182 0.846087 0.976736 0.993108 0.904901 0.981358 0.873461 0.000000 0.786693 0.963912 0.897413 0.814597 0.949138 0.932938 0.993207 0.973201 0.974900 0.980841 0.906770 0.998343 0.984094 0.999158 0.946300 0.953702 0.948419 0.906257 0.829484 0.847601 0.956632 0.862076 0.926564 0.999500 0.950328 0.992127 0.842187 0.805534 0.830857 0.884577 0.941391 0.903890 0.880412 0.868701 0.750468 0.951494 0.929247 0.885223 0.813230 0.987368 0.918020 0.881775 0.892888 0.989123 0.912579 0.966965 0.915299 0.928540 0.945916 0.865177 0.983805 0.983848 0.878990 0.758870 0.866007 0.937661 0.810728 0.850431 0.836468 0.891690 0.926061 0.962221 0.954871 0.978425 0.962732 0.845961 0.956377 0.919186 0.924568 0.989239 0.915411 0.977240 0.964246 0.977473 0.902130 0.958186 0.956426 0.931144 0.962914 0.846228
0.926260 0.893422 0.767474 0.768337 0.804495 0.699738 0.813946 0.894334 0.801028 0.958842 0.958933 0.954633 0.856179 0.983522 0.915222 0.869366 0.987590 0.945607 0.784689 0.966590 0.827352 0.869554 0.553941 0.655669 0.685381 0.680908 0.934450 0.850544 0.999202 0.972765 0.678307 0.956569 0.833899 0.843462 0.694945 0.786693 0.000000 0.685331 0.924890 0.998894 0.959380 0.843834 0.689272 0.806119 0.735968 0.751109 0.744619 0.704663 0.756614 0.661143 0.677106 0.667407 0.750987 0.701065 0.783180 0.773407 0.907444 0.924737 0.983761 0.916742 0.887747 0.976879 0.957033 0.930506 0.708831 0.882684 0.781493 0.747438 0.848134 0.935684 0.703805 0.821341 0.889342 0.969939 0.930705 0.987997 0.969514 0.754009 0.948468 0.967591 0.937860 0.883785 0.881401 0.821166 0.721883 0.710078 0.969965 0.878129 0.977108 0.885090 0.826879 0.835075 0.704005 0.876342 0.948227 0.990696 0.914622 0.868161 0.687386 0.780660 0.794175 0.873097 0.902581 0.962444 0.827934 0.821043 0.770284 0.943791 0.934228 0.981371 0.975178 0.849632 0.976131 0.833507 0.712851 0.947821
0.798112 0.982068 0.982912 0.878335 0.906119 0.979571 0.890231 0.983419 0.962852 0.973371 0.816526 0.952031 0.891581 0.926034 0.958067 0.848460 0.908215 0.903154 0.984600 0.896913 0.957740 0.856758 0.794600 0.738423 0.837704 0.922686 0.868175 0.880338 0.998101 0.979857 0.873931 0.786386 0.957860 0.954261 0.898088 0.963912 0.685331 0.000000 0.950144 0.975455 0.937190 0.799320 0.697811 0.742552 0.703152 0.703765 0.727154 0.741784 0.820333 0.798011 0.751557 0.795807 0.785131 0.763834 0.949180 0.900667 0.876846 0.844053 0.823717 0.806976 0.863125 0.960079 0.928526 0.928665 0.870940 0.915426 0.819988 0.800451 0.828803 0.961931 0.868377 0.708183 0.902427 0.905876 0.940269 0.961338 0.941064 0.997746 0.832116 0.976741 0.968226 0.982992 0.901259 0.867358 0.988979 0.828892 0.989534 0.908621 0.817732 0.940788 0.970524 0.913795 0.882517 0.869362 0.833040 0.886133 0.950315 0.835929 0.858045 0.932866 0.842378 0.929583 0.880744 0.830612 0.915049 0.832769 0.849909 0.974971 0.878196 0.965920 0.985434 0.844778 0.982495 0.818722 0.851887 0.860171
