0.000000 0.310971 0.903768 0.988726 0.827310 0.982172 0.966708 0.915842 0.929554 0.900077 0.414142 0.420555 0.933933 0.915521 0.997679 0.919859 0.371056 0.358828 0.666439 0.590199 0.826526 0.942941 0.860176 0.919781 0.917985 0.950868 0.992029 0.825233 0.553990 0.550795 0.952862 0.969112 0.600525 0.558030 0.956821 0.926284 0.784326 0.735952 0.964893 0.751474 0.566926 0.667753 0.782683 0.679093 0.783373 0.657313 0.515000 0.584733 0.621590 0.623399 0.711831 0.721720 0.989460 0.756262 0.535447 0.647863 0.291627 0.383684 0.397385 0.417054 0.529667 0.653241 0.515972 0.429747 0.949740 0.816432 0.748426 0.567639 0.435361 0.541100 0.983091 0.965104 0.667818 0.702168 0.678063 0.971943 0.950855 0.987838 0.526901 0.655403 0.348240 0.389512 0.672667 0.433723 0.627196 0.684833 0.945661 0.976339 0.885084 0.662285 0.759386 0.749830 0.821015 0.690027 0.703583 0.934062 0.796972 0.932798 0.910386 0.990828 0.932539 0.769635 0.809183 0.741865 0.693891 0.803051 0.842083 0.965820 0.965135 0.812133 0.892452 0.760331 0.898830 0.872170 0.803097 0.990582
0.310971 0.000000 0.910536 0.988012 0.807450 0.984717 0.973116 0.919492 0.884103 0.803648 0.488055 0.437777 0.915709 0.835713 0.929183 0.920174 0.428146 0.408796 0.690475 0.629262 0.881806 0.947016 0.896123 0.933247 0.954660 0.936789 0.975455 0.761996 0.514957 0.553478 0.984715 0.977084 0.573181 0.576854 0.904448 0.998401 0.850192 0.829427 0.941946 0.770446 0.572782 0.650372 0.801252 0.697335 0.778331 0.654125 0.513759 0.569400 0.650540 0.603288 0.683647 0.681406 0.930067 0.789986 0.536129 0.696060 0.318376 0.337927 0.363677 0.352621 0.522741 0.685127 0.499408 0.419822 0.957982 0.843064 0.739861 0.581236 0.449812 0.529792 0.967279 0.971705 0.632129 0.719250 0.684035 0.982798 0.976844 0.979030 0.526098 0.616062 0.376224 0.410153 0.633033 0.436072 0.584321 0.668370 0.865596 0.958686 0.931538 0.686404 0.781494 0.756097 0.842986 0.674785 0.726466 0.926107 0.787057 0.958470 0.928627 0.980655 0.949784 0.814673 0.860702 0.792009 0.708440 0.766713 0.892485 0.924403 0.990368 0.765608 0.846822 0.753169 0.949518 0.894865 0.787638 0.888478
0.903768 0.910536 0.000000 0.302159 0.814710 0.858678 0.445881 0.376676 0.486153 0.638470 0.986457 0.922794 0.613593 0.750636 0.923308 0.518389 0.782560 0.787910 0.674649 0.609328 0.851120 0.948033 0.644139 0.555377 0.375899 0.413771 0.941322 0.959506 0.867115 0.857156 0.563272 0.669263 0.708036 0.806252 0.912270 0.961835 0.694816 0.631541 0.572367 0.662629 0.902057 0.965142 0.609336 0.691378 0.926360 0.993519 0.898918 0.852207 0.870877 0.999597 0.989089 0.988041 0.932678 0.953993 0.938964 0.890305 0.895773 0.627506 0.685786 0.759105 0.884166 0.799323 0.525716 0.584231 0.384679 0.424664 0.645831 0.902016 0.970732 0.896821 0.488988 0.466265 0.862997 0.832694 0.925186 0.811616 0.592446 0.630899 0.854135 0.996883 0.728210 0.795779 0.793629 0.819917 0.996695 0.802747 0.942762 0.743606 0.808548 0.820901 0.505199 0.513343 0.467707 0.448998 0.981685 0.779459 0.846086 0.784796 0.751953 0.651652 0.818732 0.700620 0.985284 0.835983 0.751765 0.851907 0.861432 0.878280 0.955222 0.953292 0.917960 0.965781 0.917429 0.853229 0.891606 0.891688
0.988726 0.988012 0.302159 0.000000 0.719107 0.869697 0.468421 0.342749 0.552656 0.686618 0.864915 0.834772 0.650769 0.635103 0.920218 0.553358 0.870428 0.925227 0.657213 0.536778 0.798732 0.975276 0.620417 0.524533 0.371463 0.402953 0.885764 0.955713 0.953831 0.950960 0.602358 0.675189 0.619804 0.763585 0.880187 0.991085 0.643674 0.633807 0.559016 0.689829 0.984865 0.946400 0.674255 0.693401 0.963303 0.990716 0.935687 0.881465 0.915512 0.913690 0.982379 0.983491 0.929266 0.969083 0.879714 0.861130 0.992705 0.767949 0.761162 0.832266 0.891677 0.803378 0.635002 0.701050 0.372920 0.397772 0.625048 0.837875 0.878848 0.927996 0.588683 0.511461 0.969119 0.888907 0.939565 0.853530 0.680108 0.700901 0.780075 0.948327 0.839858 0.914766 0.818556 0.973074 0.891810 0.707443 0.908999 0.814034 0.782326 0.719159 0.592488 0.579466 0.500966 0.509041 0.953264 0.754204 0.890775 0.865977 0.842650 0.766315 0.776202 0.731693 0.973403 0.866827 0.648343 0.768524 0.965424 0.996905 0.976231 0.913055 0.979174 0.888230 0.990417 0.840453 0.907161 0.910516
0.827310 0.807450 0.814710 0.719107 0.000000 0.902677 0.849808 0.774417 0.868515 0.988804 0.880943 0.939061 0.996057 0.835673 0.885982 0.814510 0.931174 0.911106 0.777563 0.835859 0.709430 0.993726 0.865644 0.903462 0.827886 0.718199 0.884325 0.876245 0.824348 0.888112 0.790689 0.792969 0.720666 0.744365 0.900429 0.900750 0.839734 0.744346 0.850040 0.791850 0.883446 0.980869 0.780494 0.725593 0.869698 0.781435 0.809219 0.779433 0.808265 0.746054 0.866473 0.846752 0.884347 0.970352 0.943693 0.848794 0.849621 0.915442 0.906246 0.887234 0.980900 0.932378 0.989780 0.991815 0.771496 0.830873 0.849760 0.790256 0.881071 0.808215 0.881333 0.873148 0.829696 0.873166 0.936599 0.943737 0.831252 0.868750 0.826799 0.974124 0.881649 0.867769 0.858553 0.807087 0.843848 0.818103 0.861598 0.953173 0.895682 0.801305 0.972235 0.951627 0.955385 0.991831 0.877311 0.783562 0.912268 0.987943 0.952420 0.973140 0.771093 0.994342 0.937814 0.845673 0.836785 0.936361 0.951492 0.978927 0.970232 0.787912 0.854918 0.945174 0.969717 0.988139 0.948588 0.926593
0.982172 0.984717 0.858678 0.869697 0.902677 0.000000 0.679942 0.618847 0.879970 0.586560 0.961593 0.880563 0.829350 0.887733 0.778874 0.838918 0.923604 0.937237 0.792022 0.984776 0.826110 0.963341 0.867797 0.833948 0.980605 0.870058 0.502481 0.976371 0.996679 0.913249 0.924884 0.760859 0.817288 0.761889 0.919802 0.875935 0.977890 0.873121 0.894789 0.917858 0.922342 0.936167 0.974736 0.874490 0.823175 0.735432 0.997078 0.753949 0.745963 0.751377 0.857227 0.823529 0.803023 0.844663 0.805099 0.990074 0.813643 0.889608 0.978890 0.989115 0.828130 0.802081 0.889057 0.896549 0.869837 0.746094 0.865920 0.718126 0.866426 0.810780 0.588559 0.611503 0.660318 0.747092 0.943909 0.996006 0.800888 0.888242 0.992931 0.966751 0.903669 0.903995 0.658709 0.786579 0.744948 0.788864 0.789210 0.807985 0.793795 0.654798 0.555686 0.607760 0.615735 0.764856 0.898413 0.979451 0.646326 0.840733 0.647367 0.738424 0.755085 0.895540 0.838519 0.986894 0.878621 0.947718 0.967327 0.887031 0.948942 0.910101 0.952811 0.854761 0.743298 0.985596 0.998801 0.891866
0.966708 0.973116 0.445881 0.468421 0.849808 0.679942 0.000000 0.373553 0.571788 0.665232 0.946828 0.980262 0.679595 0.946573 0.942100 0.571572 0.949476 0.920094 0.532067 0.783873 0.915280 0.965104 0.643104 0.669268 0.574142 0.676361 0.818496 0.920608 0.987375 0.953882 0.550855 0.521637 0.526893 0.625978 0.944017 0.999492 0.932184 0.899175 0.738077 0.853690 0.966903 0.852642 0.725341 0.819317 0.934733 0.939169 0.909138 0.923656 0.839291 0.910499 0.928423 0.920759 0.971611 0.927467 0.845447 0.864098 0.943556 0.702781 0.832827 0.798547 0.915291 0.970012 0.757599 0.763914 0.598963 0.608744 0.490804 0.668686 0.912414 0.815325 0.650136 0.591618 0.805417 0.862875 0.869067 0.946109 0.742680 0.722502 0.920537 0.884924 0.881495 0.993665 0.855365 0.958524 0.864023 0.746789 0.978932 0.899828 0.918543 0.984278 0.597379 0.593210 0.559439 0.621832 0.858115 0.800701 0.787059 0.864543 0.788898 0.726567 0.903081 0.692843 0.929376 0.735891 0.740463 0.889890 0.908627 0.958944 0.872322 0.939472 0.992163 0.935004 0.822295 0.948646 0.949203 0.940523
0.915842 0.919492 0.376676 0.342749 0.774417 0.618847 0.373553 0.000000 0.586828 0.526557 0.844745 0.724207 0.728456 0.810187 0.879192 0.630637 0.988938 0.982174 0.546542 0.594629 0.919388 0.978012 0.851678 0.747939 0.519562 0.544184 0.820221 0.930966 0.987887 0.955716 0.662160 0.624818 0.532584 0.610919 0.942901 0.938759 0.803148 0.757015 0.703335 0.725655 0.889523 0.993019 0.768707 0.847687 0.893244 0.841939 0.905092 0.955003 0.758247 0.901183 0.877611 0.884730 0.903929 0.812613 0.893064 0.916282 0.986801 0.809335 0.917108 0.962921 0.886961 0.643737 0.728972 0.793856 0.599266 0.360625 0.591486 0.702946 0.960818 0.914481 0.511304 0.422173 0.778649 0.781492 0.974777 0.928102 0.717890 0.768313 0.845377 0.920932 0.930192 0.978569 0.703849 0.942629 0.982099 0.864053 0.815918 0.732138 0.930977 0.943182 0.499516 0.549741 0.457584 0.577765 0.905433 0.796527 0.644376 0.818933 0.769566 0.716250 0.705413 0.773935 0.859784 0.825581 0.650300 0.753387 0.928550 0.948508 0.973889 0.920279 0.976575 0.990552 0.931099 0.912465 0.911258 0.950011
0.929554 0.884103 0.486153 0.552656 0.868515 0.879970 0.571788 0.586828 0.000000 0.613848 0.994536 0.894739 0.642550 0.855142 0.932371 0.538609 0.828258 0.777320 0.679903 0.836318 0.823974 0.979315 0.723946 0.789784 0.673596 0.494224 0.995137 0.927228 0.929038 0.919458 0.506063 0.678851 0.692437 0.789127 0.867214 0.905098 0.782395 0.810468 0.694923 0.756103 0.813783 0.913932 0.585311 0.666095 0.756031 0.854062 0.813728 0.958769 0.928618 0.876935 0.815499 0.884575 0.801147 0.737726 0.995776 0.794201 0.871204 0.638947 0.773914 0.726884 0.953176 0.822643 0.623869 0.654244 0.575730 0.631312 0.667526 0.854296 0.950897 0.986792 0.532742 0.543485 0.970409 0.866401 0.898709 0.746981 0.524960 0.636401 0.894923 0.982149 0.803540 0.816514 0.834836 0.876384 0.962211 0.881145 0.918647 0.720082 0.880620 0.949284 0.567030 0.532844 0.581929 0.573628 0.885138 0.799908 0.773295 0.725296 0.674329 0.635637 0.893949 0.599188 0.789238 0.999014 0.825424 0.987972 0.866613 0.908061 0.921219 0.964933 0.998180 0.847849 0.890681 0.825708 0.920636 0.884393
0.900077 0.803648 0.638470 0.686618 0.988804 0.586560 0.665232 0.526557 0.613848 0.000000 0.995127 0.817990 0.794509 0.977316 0.685971 0.794781 0.972649 0.833640 0.780978 0.859621 0.977765 0.854185 0.862859 0.937589 0.843996 0.714401 0.759475 0.750594 0.955061 0.975091 0.899432 0.890992 0.890067 0.874408 0.953893 0.841263 0.955554 0.897529 0.923135 0.880335 0.948217 0.934005 0.987198 0.847914 0.738917 0.663551 0.887479 0.771061 0.684186 0.660849 0.736274 0.669946 0.745335 0.874386 0.805725 0.914310 0.742016 0.668503 0.760767 0.791793 0.906081 0.669366 0.689716 0.704502 0.914667 0.566404 0.866176 0.866144 0.909158 0.714660 0.458362 0.500865 0.800756 0.766951 0.932173 0.821341 0.718162 0.838066 0.944037 0.857068 0.776860 0.772248 0.576901 0.725737 0.576240 0.741780 0.732466 0.565973 0.906168 0.764193 0.426454 0.451264 0.460339 0.549283 0.979500 0.827047 0.666814 0.756590 0.745682 0.817836 0.705927 0.851400 0.722908 0.965902 0.833087 0.919716 0.950379 0.892139 0.866022 0.934076 0.838747 0.935014 0.926935 0.819681 0.897509 0.967235
0.414142 0.488055 0.986457 0.864915 0.880943 0.961593 0.946828 0.844745 0.994536 0.995127 0.000000 0.462364 0.893249 0.892750 0.947882 0.985593 0.416703 0.336609 0.617549 0.617645 0.890075 0.985408 0.804045 0.970999 0.911467 0.922337 0.961738 0.972751 0.512500 0.426809 0.922117 0.983198 0.649717 0.553403 0.949721 0.861693 0.838447 0.731422 0.925615 0.852508 0.657009 0.761690 0.978115 0.911650 0.975976 0.891451 0.696348 0.743016 0.897636 0.872645 0.913402 0.984365 0.850430 0.663203 0.641432 0.802863 0.452612 0.459404 0.587841 0.512229 0.465894 0.629068 0.516648 0.451119 0.944953 0.744086 0.753694 0.657247 0.424555 0.538742 0.990416 0.915896 0.792694 0.771367 0.776352 0.987681 0.939214 0.978486 0.567928 0.690004 0.459809 0.413150 0.752459 0.471269 0.776576 0.723424 0.982000 0.962043 0.825305 0.710495 0.799540 0.778785 0.864346 0.760363 0.707980 0.996284 0.869186 0.922025 0.936872 0.793710 0.903231 0.889668 0.916599 0.794975 0.770060 0.820969 0.706207 0.896332 0.878185 0.776299 0.859258 0.914659 0.983742 0.954752 0.870165 0.974951
0.420555 0.437777 0.922794 0.834772 0.939061 0.880563 0.980262 0.724207 0.894739 0.817990 0.462364 0.000000 0.798395 0.752939 0.906169 0.848589 0.486182 0.511749 0.717562 0.620715 0.950835 0.942436 0.759069 0.938621 0.977173 0.933894 0.948018 0.996331 0.555950 0.606372 0.993867 0.987240 0.654307 0.610801 0.961702 0.912547 0.777892 0.778301 0.914568 0.758217 0.649149 0.672802 0.900051 0.844188 0.960715 0.869530 0.614287 0.784773 0.859145 0.802410 0.797196 0.871926 0.930138 0.796845 0.669195 0.746636 0.508823 0.546917 0.527828 0.502492 0.464443 0.416597 0.659655 0.557421 0.949179 0.595305 0.832802 0.667784 0.493373 0.599999 0.800913 0.726869 0.608457 0.639443 0.686055 0.918115 0.909719 0.949791 0.547190 0.744123 0.523834 0.550081 0.893922 0.600267 0.894415 0.820832 0.921166 0.789144 0.863565 0.803750 0.942418 0.982158 0.927609 0.883621 0.792892 0.995279 0.687103 0.919458 0.897443 0.991139 0.969749 0.991052 0.677454 0.749914 0.715823 0.726689 0.835382 0.963753 0.957171 0.765467 0.864630 0.749787 0.904296 0.982707 0.877018 0.964906
0.933933 0.915709 0.613593 0.650769 0.996057 0.829350 0.679595 0.728456 0.642550 0.794509 0.893249 0.798395 0.000000 0.717678 0.595144 0.442912 0.905599 0.924321 0.799374 0.877541 0.863865 0.925527 0.631955 0.647716 0.642763 0.705168 0.939968 0.969312 0.950131 0.980617 0.684503 0.738337 0.691068 0.815451 0.846089 0.918573 0.702326 0.776410 0.691870 0.737861 0.948182 0.816229 0.710147 0.719474 0.770940 0.867330 0.815916 0.929157 0.887192 0.810159 0.676502 0.731342 0.696878 0.749305 0.883279 0.767829 0.950123 0.910185 0.878473 0.874921 0.853143 0.874227 0.876309 0.900480 0.609290 0.708073 0.764884 0.899073 0.856927 0.859263 0.686120 0.778016 0.909391 0.874065 0.822317 0.837633 0.625610 0.684086 0.779761 0.846849 0.975102 0.971854 0.948064 0.952648 0.816814 0.660649 0.947761 0.952351 0.743866 0.893123 0.614340 0.565880 0.608924 0.626784 0.836136 0.884298 0.866290 0.839401 0.794471 0.802425 0.976047 0.658750 0.920561 0.998175 0.742311 0.900328 0.893996 0.900310 0.970132 0.832934 0.983733 0.876274 0.817067 0.973908 0.759971 0.945571
0.915521 0.835713 0.750636 0.635103 0.835673 0.887733 0.946573 0.810187 0.855142 0.977316 0.892750 0.752939 0.717678 0.000000 0.681073 0.656892 0.857110 0.981354 0.849957 0.688162 0.997884 0.810996 0.653353 0.626988 0.758276 0.744028 0.773057 0.932537 0.884252 0.967386 0.903216 0.801721 0.742783 0.924481 0.826309 0.962602 0.808163 0.761290 0.848900 0.872004 0.922570 0.886430 0.848326 0.767874 0.853028 0.820735 0.917542 0.830320 0.826853 0.653868 0.766668 0.661571 0.796022 0.777725 0.914649 0.982704 0.912825 0.915015 0.954702 0.877410 0.999783 0.829771 0.922352 0.949335 0.690118 0.708818 0.984672 0.961023 0.786516 0.639939 0.909617 0.910051 0.980038 0.872857 0.905074 0.828254 0.784691 0.854121 0.716670 0.990842 0.929692 0.976241 0.816361 0.824204 0.856728 0.749617 0.943081 0.975204 0.937984 0.702351 0.930076 0.873406 0.830939 0.867404 0.949302 0.991684 0.985967 0.925148 0.921399 0.976216 0.986012 0.998731 0.871396 0.992823 0.702543 0.760439 0.953732 0.998228 0.912543 0.858582 0.821298 0.946629 0.909818 0.965542 0.832879 0.949480
0.997679 0.929183 0.923308 0.920218 0.885982 0.778874 0.942100 0.879192 0.932371 0.685971 0.947882 0.906169 0.595144 0.681073 0.000000 0.630877 0.804686 0.976160 0.928277 0.983336 0.922501 0.966524 0.468426 0.633847 0.824660 0.879546 0.680709 0.865380 0.910110 0.962692 0.734211 0.804209 0.833876 0.999827 0.789686 0.872283 0.840663 0.939242 0.771804 0.992260 0.953065 0.923978 0.795201 0.701848 0.613014 0.644611 0.859151 0.841190 0.676102 0.597273 0.614798 0.578812 0.559229 0.629693 0.734599 0.863719 0.914663 0.995278 0.920851 0.899201 0.956843 0.731270 0.926195 0.976056 0.698171 0.832949 0.901629 0.849320 0.934843 0.798642 0.865653 0.790796 0.895944 0.825014 0.914585 0.989699 0.910318 0.861348 0.868162 0.924616 0.939439 0.887706 0.595802 0.804589 0.616590 0.585456 0.802563 0.726512 0.849611 0.807166 0.901430 0.973778 0.998815 0.976834 0.967435 0.996653 0.773317 0.803739 0.886489 0.984388 0.756754 0.840587 0.812562 0.954618 0.976223 0.964203 0.908149 0.984277 0.927931 0.957478 0.852119 0.990662 0.958896 0.990672 0.813444 0.931428
0.919859 0.920174 0.518389 0.553358 0.814510 0.838918 0.571572 0.630637 0.538609 0.794781 0.985593 0.848589 0.442912 0.656892 0.630877 0.000000 0.898893 0.913082 0.695384 0.711031 0.848734 0.932693 0.519054 0.594422 0.559859 0.570939 0.964914 0.947358 0.964996 0.983032 0.518299 0.602083 0.594525 0.735876 0.810689 0.880070 0.748167 0.712772 0.654571 0.689181 0.983814 0.960837 0.512670 0.552468 0.624895 0.720164 0.713195 0.827366 0.799982 0.748302 0.656153 0.700224 0.651607 0.730428 0.805813 0.673143 0.934527 0.816010 0.893443 0.803634 0.941900 0.908123 0.747890 0.796620 0.507150 0.683789 0.652604 0.817403 0.873623 0.940912 0.631880 0.639986 0.840158 0.809947 0.867907 0.804978 0.511677 0.654496 0.696290 0.928739 0.933495 0.991337 0.898384 0.925059 0.793476 0.689067 0.979844 0.875276 0.863555 0.814476 0.629239 0.616447 0.630948 0.639757 0.918972 0.789143 0.875968 0.956455 0.740606 0.653744 0.926928 0.629874 0.855480 0.993521 0.710913 0.824155 0.982715 0.807779 0.910984 0.865774 0.992832 0.860272 0.757421 0.962555 0.763354 0.817159
0.371056 0.428146 0.782560 0.870428 0.931174 0.923604 0.949476 0.988938 0.828258 0.972649 0.416703 0.486182 0.905599 0.857110 0.804686 0.898893 0.000000 0.309408 0.694410 0.709802 0.910228 0.939998 0.621054 0.756204 0.728735 0.739410 0.860483 0.918820 0.507774 0.419967 0.911665 0.865964 0.782751 0.613866 0.913808 0.863384 0.945970 0.915187 0.921397 0.902512 0.610382 0.793761 0.924517 0.970432 0.979639 0.910170 0.690673 0.798461 0.889480 0.942455 0.992449 0.933927 0.726940 0.533458 0.677490 0.764426 0.410836 0.393454 0.435209 0.485664 0.469168 0.716465 0.415689 0.363117 0.716804 0.930154 0.830517 0.629801 0.528886 0.735937 0.927081 0.976857 0.690289 0.779563 0.778905 0.885446 0.872842 0.843473 0.616891 0.671205 0.364191 0.381235 0.755823 0.506536 0.824043 0.894535 0.929215 0.974512 0.919350 0.851003 0.705362 0.651482 0.713919 0.592517 0.713375 0.885341 0.811750 0.952531 0.957221 0.856569 0.883583 0.747728 0.881896 0.727963 0.914857 0.821799 0.791493 0.946407 0.968840 0.843675 0.953000 0.796739 0.932321 0.990789 0.992510 0.957349
0.358828 0.408796 0.787910 0.925227 0.911106 0.937237 0.920094 0.982174 0.777320 0.833640 0.336609 0.511749 0.924321 0.981354 0.976160 0.913082 0.309408 0.000000 0.692356 0.661658 0.973156 0.987641 0.774840 0.882086 0.775851 0.753629 0.993833 0.863843 0.436395 0.377637 0.920410 0.898067 0.720119 0.590208 0.966892 0.891675 0.896228 0.913363 0.960877 0.910007 0.574868 0.779775 0.910205 0.944914 0.961549 0.843970 0.638757 0.708674 0.837621 0.854420 0.931951 0.983839 0.840827 0.562577 0.593760 0.811332 0.371952 0.346438 0.480958 0.459435 0.476235 0.796336 0.363858 0.311614 0.813915 0.940756 0.855780 0.690746 0.500067 0.623712 0.808380 0.921208 0.750081 0.870285 0.819266 0.882372 0.790418 0.840312 0.576819 0.650698 0.365611 0.327242 0.616597 0.414300 0.684262 0.743191 0.922495 0.849643 0.908796 0.739995 0.622514 0.569862 0.674887 0.592340 0.730449 0.929828 0.980194 0.917708 0.860519 0.781281 0.818417 0.721593 0.971634 0.789666 0.880512 0.817616 0.688874 0.862119 0.888150 0.849622 0.863185 0.884309 0.871906 0.979739 0.917586 0.895213
0.666439 0.690475 0.674649 0.657213 0.777563 0.792022 0.532067 0.546542 0.679903 0.780978 0.617549 0.717562 0.799374 0.849957 0.928277 0.695384 0.694410 0.692356 0.000000 0.561945 0.890122 0.969037 0.856360 0.902224 0.891685 0.831555 0.833173 0.960882 0.637687 0.581099 0.657900 0.655614 0.544739 0.439101 0.886723 0.963378 0.934690 0.848753 0.807714 0.883383 0.826400 0.899643 0.795259 0.833917 0.880480 0.907613 0.724601 0.840918 0.970366 0.917788 0.993835 0.974737 0.962107 0.817511 0.779209 0.878437 0.769145 0.912411 0.832910 0.828273 0.667894 0.842443 0.899247 0.878578 0.851311 0.674930 0.546283 0.593923 0.749031 0.896702 0.716750 0.680249 0.709374 0.714681 0.841819 0.965039 0.835383 0.806440 0.676856 0.806491 0.813170 0.737368 0.927405 0.762360 0.845249 0.814606 0.931387 0.990852 0.940143 0.907671 0.872270 0.873439 0.774356 0.902501 0.748483 0.939098 0.756856 0.974070 0.895771 0.848173 0.980735 0.955553 0.963851 0.993468 0.795534 0.896907 0.929612 0.934142 0.935346 0.947240 0.883044 0.939070 0.931428 0.866226 0.854231 0.896550
0.590199 0.629262 0.609328 0.536778 0.835859 0.984776 0.783873 0.594629 0.836318 0.859621 0.617645 0.620715 0.877541 0.688162 0.983336 0.711031 0.709802 0.661658 0.561945 0.000000 0.810885 0.998811 0.891351 0.782783 0.706830 0.670153 0.933083 0.892919 0.715733 0.717038 0.831601 0.869573 0.645990 0.721856 0.882422 0.927364 0.771764 0.622175 0.804488 0.756364 0.690623 0.850405 0.781069 0.742098 0.963160 0.901748 0.757358 0.767831 0.959721 0.827490 0.992732 0.960177 0.911518 0.741280 0.713626 0.836915 0.659672 0.826184 0.877834 0.806869 0.834218 0.718838 0.983248 0.912062 0.693268 0.523805 0.733326 0.754482 0.607557 0.768158 0.781512 0.647021 0.836792 0.795602 0.951849 0.964200 0.870178 0.960657 0.630770 0.965853 0.834130 0.766297 0.903532 0.797198 0.842801 0.780328 0.967339 0.991040 0.898748 0.589252 0.920944 0.967709 0.844517 0.893116 0.827619 0.962235 0.847646 0.912147 0.947887 0.915830 0.969556 0.910094 0.925440 0.970484 0.607483 0.724036 0.998290 0.976150 0.927885 0.874584 0.844819 0.943315 0.998121 0.808422 0.888303 0.993575
0.826526 0.881806 0.851120 0.798732 0.709430 0.826110 0.915280 0.919388 0.823974 0.977765 0.890075 0.950835 0.863865 0.997884 0.922501 0.848734 0.910228 0.973156 0.890122 0.810885 0.000000 0.941293 0.938438 0.991108 0.918722 0.814017 0.996181 0.832611 0.998013 0.948161 0.752428 0.946297 0.867981 0.845455 0.846251 0.964115 0.689340 0.821380 0.754577 0.784252 0.976561 0.897065 0.699449 0.739037 0.788645 0.826837 0.808552 0.870254 0.823490 0.849613 0.882293 0.881462 0.938125 0.974788 0.954416 0.893515 0.945297 0.951455 0.934842 0.976968 0.966393 0.930953 0.906647 0.952630 0.860793 0.906090 0.775355 0.790777 0.841773 0.851947 0.758792 0.863839 0.897475 0.833619 0.924817 0.907125 0.794860 0.829216 0.846001 0.902938 0.927432 0.978362 0.965435 0.997381 0.954172 0.898011 0.989425 0.811538 0.989609 0.880391 0.922947 0.846842 0.886663 0.890385 0.905753 0.928469 0.910838 0.900173 0.817303 0.894652 0.807497 0.956832 0.914459 0.679483 0.838095 0.955636 0.974354 0.975425 0.833080 0.893792 0.986306 0.954623 0.870370 0.997628 0.916402 0.818748
0.942941 0.947016 0.948033 0.975276 0.993726 0.963341 0.965104 0.978012 0.979315 0.854185 0.985408 0.942436 0.925527 0.810996 0.966524 0.932693 0.939998 0.987641 0.969037 0.998811 0.941293 0.000000 0.985891 0.985392 0.982479 0.988454 0.978966 0.983209 0.911327 0.914287 0.900777 0.963442 0.996181 0.943251 0.856312 0.966425 0.730419 0.905419 0.839437 0.823602 0.879716 0.998927 0.806124 0.835987 0.793740 0.812307 0.806642 0.846336 0.883459 0.963487 0.808246 0.896772 0.815084 0.884588 0.841646 0.807408 0.925240 0.984041 0.951917 0.965367 0.974670 0.985068 0.979953 0.963898 0.985899 0.961810 0.943936 0.946769 0.985929 0.956992 0.851367 0.999546 0.980666 0.998791 0.824228 0.934208 0.995682 0.997894 0.891852 0.946846 0.921647 0.864442 0.916884 0.926859 0.865532 0.912889 0.976401 0.953033 0.982857 0.947617 0.990043 0.979626 0.978771 0.986106 0.996864 0.915224 0.931118 0.962948 0.815525 0.947768 0.980171 0.864014 0.889731 0.779721 0.938696 0.941595 0.989774 0.998486 0.988900 0.950126 0.954518 0.989127 0.952509 0.977085 0.898126 0.816231
0.860176 0.896123 0.644139 0.620417 0.865644 0.867797 0.643104 0.851678 0.723946 0.862859 0.804045 0.759069 0.631955 0.653353 0.468426 0.519054 0.621054 0.774840 0.856360 0.891351 0.938438 0.985891 0.000000 0.393532 0.550008 0.665913 0.683742 0.807201 0.843624 0.813789 0.645424 0.682450 0.725464 0.991879 0.725345 0.776546 0.850251 0.917152 0.726211 0.911310 0.856573 0.883813 0.610227 0.579923 0.593592 0.695780 0.918268 0.777299 0.772473 0.659473 0.723390 0.619524 0.499681 0.593130 0.851793 0.824248 0.941094 0.734520 0.736368 0.703219 0.714603 0.660842 0.730853 0.705046 0.431828 0.978792 0.724992 0.973742 0.933331 0.955734 0.987276 0.967178 0.867506 0.816354 0.999513 0.896345 0.726150 0.706726 0.978881 0.992475 0.792991 0.901039 0.779886 0.962568 0.574658 0.522594 0.870406 0.839784 0.822553 0.736790 0.877588 0.812099 0.813672 0.749897 0.948811 0.834575 0.774139 0.916016 0.971628 0.765058 0.927085 0.743727 0.848846 0.813565 0.795937 0.979990 0.876887 0.966083 0.927036 0.967976 0.917084 0.912123 0.834797 0.959007 0.857477 0.929920
0.919781 0.933247 0.555377 0.524533 0.903462 0.833948 0.669268 0.747939 0.789784 0.937589 0.970999 0.938621 0.647716 0.626988 0.633847 0.594422 0.756204 0.882086 0.902224 0.782783 0.991108 0.985392 0.393532 0.000000 0.459874 0.676836 0.647374 0.959983 0.854304 0.888614 0.761787 0.741670 0.820666 0.944751 0.799449 0.894604 0.800002 0.791134 0.689530 0.859855 0.913590 0.967565 0.696636 0.608310 0.722228 0.794954 0.930769 0.717502 0.891917 0.742808 0.809656 0.766239 0.629960 0.749063 0.847765 0.839718 0.965677 0.798780 0.755910 0.784040 0.771130 0.861614 0.747301 0.770552 0.428446 0.818105 0.703202 0.928550 0.998129 0.946009 0.914377 0.940212 0.865757 0.815388 0.990268 0.946158 0.749045 0.711795 0.957912 0.918579 0.900434 0.997282 0.869224 0.888906 0.649686 0.477462 0.919858 0.877262 0.682189 0.654812 0.866504 0.876859 0.849530 0.791987 0.978585 0.824355 0.857895 0.951846 0.987542 0.767909 0.945853 0.815544 0.882067 0.888409 0.747538 0.800983 0.955174 0.966720 0.926351 0.890394 0.942672 0.911656 0.968108 0.938808 0.865102 0.960765
0.917985 0.954660 0.375899 0.371463 0.827886 0.980605 0.574142 0.519562 0.673596 0.843996 0.911467 0.977173 0.642763 0.758276 0.824660 0.559859 0.728735 0.775851 0.891685 0.706830 0.918722 0.982479 0.550008 0.459874 0.000000 0.439407 0.808424 0.916863 0.765774 0.707115 0.643113 0.767440 0.742954 0.928591 0.832055 0.990284 0.689459 0.690095 0.631554 0.651100 0.935107 0.952553 0.585302 0.625933 0.868115 0.928274 0.942265 0.789038 0.989555 0.875124 0.959471 0.906540 0.841935 0.946205 0.865991 0.869701 0.977897 0.701722 0.672154 0.737909 0.688822 0.983667 0.522048 0.603332 0.288106 0.564553 0.665408 0.999911 0.993749 0.932009 0.667557 0.649826 0.948016 0.995712 0.983071 0.885739 0.610233 0.670210 0.930117 0.914225 0.782592 0.793414 0.857046 0.909975 0.826451 0.673342 0.936027 0.852428 0.757015 0.706100 0.618238 0.625800 0.545579 0.494886 0.943759 0.798158 0.965545 0.913701 0.829843 0.702608 0.787446 0.768255 0.995295 0.775532 0.642125 0.849594 0.854966 0.923688 0.966496 0.956877 0.939506 0.932298 0.931681 0.991223 0.951649 0.841927
0.950868 0.936789 0.413771 0.402953 0.718199 0.870058 0.676361 0.544184 0.494224 0.714401 0.922337 0.933894 0.705168 0.744028 0.879546 0.570939 0.739410 0.753629 0.831555 0.670153 0.814017 0.988454 0.665913 0.676836 0.439407 0.000000 0.860840 0.899011 0.897958 0.778260 0.629512 0.720513 0.747441 0.935377 0.747325 0.981818 0.634932 0.693947 0.649131 0.606677 0.860988 0.930694 0.595953 0.672886 0.865809 0.894100 0.906146 0.931218 0.962438 0.803914 0.880536 0.864154 0.842502 0.848348 0.914462 0.867913 0.872199 0.687517 0.690744 0.760370 0.734495 0.879698 0.535228 0.587507 0.435478 0.561555 0.763888 0.964856 0.941855 0.971943 0.576121 0.575597 0.970655 0.940532 0.999789 0.855823 0.523887 0.622198 0.890269 0.969758 0.776852 0.737238 0.842651 0.864785 0.999976 0.839591 0.921939 0.791343 0.892858 0.751068 0.589599 0.546222 0.520321 0.491235 0.910006 0.865310 0.866272 0.827620 0.760916 0.669838 0.809587 0.738949 0.865876 0.956589 0.714175 0.864617 0.847039 0.861404 0.985936 0.927363 0.990888 0.949041 0.912704 0.843002 0.944128 0.874124
0.992029 0.975455 0.941322 0.885764 0.884325 0.502481 0.818496 0.820221 0.995137 0.759475 0.961738 0.948018 0.939968 0.773057 0.680709 0.964914 0.860483 0.993833 0.833173 0.933083 0.996181 0.978966 0.683742 0.647374 0.808424 0.860840 0.000000 0.796099 0.926911 0.951852 0.988819 0.913978 0.951862 0.809258 0.838479 0.801357 0.830349 0.846740 0.894121 0.952062 0.946786 0.923026 0.924682 0.817000 0.830784 0.818444 0.948577 0.789813 0.816216 0.746046 0.888850 0.844151 0.722539 0.796987 0.881322 0.957331 0.921252 0.992889 0.835728 0.868016 0.751369 0.814315 0.975443 0.946124 0.673457 0.906305 0.923424 0.674968 0.918954 0.818461 0.825369 0.728480 0.750061 0.783334 0.901427 0.924135 0.995886 0.970285 0.987238 0.975353 0.996898 0.983922 0.701344 0.808302 0.780143 0.697285 0.915118 0.933018 0.771877 0.697870 0.827492 0.841163 0.858332 0.964811 0.875836 0.890579 0.697583 0.869533 0.808878 0.882775 0.814658 0.992560 0.814459 0.988394 0.964673 0.958254 0.930084 0.891741 0.964492 0.931749 0.998598 0.918866 0.792911 0.906065 0.910207 0.928639
0.825233 0.761996 0.959506 0.955713 0.876245 0.976371 0.920608 0.930966 0.927228 0.750594 0.972751 0.996331 0.969312 0.932537 0.865380 0.947358 0.918820 0.863843 0.960882 0.892919 0.832611 0.983209 0.807201 0.959983 0.916863 0.899011 0.796099 0.000000 0.875980 0.980762 0.980573 0.854111 0.837219 0.961321 0.812618 0.928531 0.904124 0.980735 0.969797 0.801987 0.936341 0.880263 0.882677 0.803598 0.860030 0.832617 0.934930 0.805583 0.770579 0.733154 0.842382 0.753485 0.818874 0.977755 0.791021 0.899081 0.821339 0.774760 0.890420 0.908454 0.879391 0.835404 0.897870 0.865933 0.862663 0.951822 0.981968 0.967033 0.842807 0.832166 0.855967 0.855917 0.953978 0.911602 0.958608 0.825632 0.904824 0.942419 0.861770 0.851193 0.888448 0.849891 0.763168 0.814667 0.681642 0.736713 0.863582 0.852368 0.993620 0.742977 0.838934 0.888326 0.893366 0.993975 0.841963 0.815353 0.775049 0.910735 0.926907 0.927192 0.926088 0.973014 0.863816 0.994572 0.995243 0.980798 0.982315 0.919425 0.900757 0.965356 0.906986 0.978221 0.957734 0.943069 0.914956 0.938568
0.553990 0.514957 0.867115 0.953831 0.824348 0.996679 0.987375 0.987887 0.929038 0.955061 0.512500 0.555950 0.950131 0.884252 0.910110 0.964996 0.507774 0.436395 0.637687 0.715733 0.998013 0.911327 0.843624 0.854304 0.765774 0.897958 0.926911 0.875980 0.000000 0.421277 0.997913 0.997507 0.710057 0.613620 0.985660 0.906455 0.934761 0.948504 0.976217 0.929780 0.689138 0.735253 0.891540 0.969405 0.970330 0.863853 0.797237 0.836466 0.835506 0.822561 0.940740 0.997701 0.923110 0.756139 0.661752 0.927825 0.621147 0.559589 0.644943 0.610140 0.580631 0.890810 0.495214 0.524492 0.804166 0.998128 0.912994 0.804350 0.645710 0.751412 0.860557 0.999234 0.706452 0.907031 0.819497 0.875295 0.895236 0.896765 0.678290 0.855334 0.526634 0.526273 0.644138 0.545238 0.850277 0.852397 0.996209 0.940604 0.974185 0.835213 0.759206 0.763373 0.878052 0.754863 0.799212 0.872043 0.958904 0.856810 0.911556 0.764377 0.759558 0.788830 0.983525 0.828834 0.969352 0.933029 0.723480 0.999887 0.858927 0.907237 0.790430 0.888737 0.885148 0.915720 0.988825 0.753892
0.550795 0.553478 0.857156 0.950960 0.888112 0.913249 0.953882 0.955716 0.919458 0.975091 0.426809 0.606372 0.980617 0.967386 0.962692 0.983032 0.419967 0.377637 0.581099 0.717038 0.948161 0.914287 0.813789 0.888614 0.707115 0.778260 0.951852 0.980762 0.421277 0.000000 0.920413 0.939800 0.719627 0.596345 0.957373 0.960250 0.975170 0.992586 0.937640 0.937788 0.690813 0.768825 0.870640 0.983210 0.922368 0.881042 0.752089 0.896130 0.925553 0.933943 0.977716 0.973142 0.854072 0.719794 0.707567 0.878348 0.603634 0.542460 0.570707 0.575208 0.463590 0.854149 0.443175 0.461807 0.735357 0.982576 0.741460 0.682895 0.643582 0.751326 0.949952 0.974307 0.687592 0.836096 0.831491 0.910232 0.875306 0.984147 0.664644 0.787219 0.511580 0.455573 0.708674 0.530954 0.876146 0.840714 0.928501 0.846234 0.989732 0.885641 0.764944 0.708700 0.806935 0.697529 0.718987 0.994922 0.841108 0.956784 0.948961 0.852014 0.781853 0.873434 0.937516 0.778229 0.950226 0.871202 0.654960 0.999450 0.881461 0.814095 0.782252 0.877037 0.918735 0.888100 0.854388 0.950127
0.952862 0.984715 0.563272 0.602358 0.790689 0.924884 0.550855 0.662160 0.506063 0.899432 0.922117 0.993867 0.684503 0.903216 0.734211 0.518299 0.911665 0.920410 0.657900 0.831601 0.752428 0.900777 0.645424 0.761787 0.643113 0.629512 0.988819 0.980573 0.997913 0.920413 0.000000 0.597373 0.599418 0.713043 0.972711 0.911378 0.787465 0.724759 0.729326 0.755290 0.958720 0.895666 0.560259 0.561931 0.615517 0.700931 0.781392 0.859513 0.815346 0.767049 0.710911 0.762251 0.743930 0.777126 0.725790 0.805726 0.976172 0.809859 0.883640 0.840153 0.998332 0.996689 0.784532 0.813113 0.614014 0.791312 0.531630 0.741711 0.941924 0.939545 0.677956 0.735358 0.899805 0.873821 0.889182 0.891159 0.575815 0.657322 0.731402 0.857226 0.995898 0.996189 0.943405 0.991947 0.865945 0.749225 0.958031 0.793577 0.949519 0.894295 0.754135 0.692603 0.688080 0.677911 0.941813 0.890523 0.862441 0.927113 0.745394 0.736479 0.977540 0.636112 0.891979 0.990588 0.812661 0.978491 0.979120 0.884885 0.996120 0.993288 0.978951 0.913730 0.818659 0.989931 0.835770 0.853654
0.969112 0.977084 0.669263 0.675189 0.792969 0.760859 0.521637 0.624818 0.678851 0.890992 0.983198 0.987240 0.738337 0.801721 0.804209 0.602083 0.865964 0.898067 0.655614 0.869573 0.946297 0.963442 0.682450 0.741670 0.767440 0.720513 0.913978 0.854111 0.997507 0.939800 0.597373 0.000000 0.670969 0.782071 0.966317 0.853722 0.993175 0.921760 0.872722 0.919971 0.937102 0.878905 0.724523 0.802134 0.837332 0.866772 0.825425 0.996955 0.975795 0.847020 0.860581 0.831336 0.843393 0.860622 0.883619 0.935214 0.948802 0.816647 0.942214 0.908970 0.943997 0.949485 0.870344 0.831082 0.747995 0.806711 0.688879 0.761240 0.856088 0.942580 0.838388 0.867585 0.859024 0.908047 0.913073 0.896591 0.815219 0.822525 0.837864 0.921675 0.892775 0.964685 0.999355 0.965761 0.904071 0.810274 0.821058 0.950019 0.933853 0.938622 0.789283 0.712049 0.726504 0.828011 0.854436 0.969587 0.863524 0.983455 0.883175 0.752415 0.952762 0.786952 0.931144 0.927173 0.729932 0.888313 0.984666 0.957146 0.995481 0.927711 0.947038 0.911857 0.824310 0.935637 0.743787 0.972371
0.600525 0.573181 0.708036 0.619804 0.720666 0.817288 0.526893 0.532584 0.692437 0.890067 0.649717 0.654307 0.691068 0.742783 0.833876 0.594525 0.782751 0.720119 0.544739 0.645990 0.867981 0.996181 0.725464 0.820666 0.742954 0.747441 0.951862 0.837219 0.710057 0.719627 0.599418 0.670969 0.000000 0.454578 0.922563 0.966950 0.861581 0.795567 0.865066 0.723869 0.763374 0.890837 0.604037 0.597128 0.698683 0.695761 0.639464 0.668592 0.744783 0.651903 0.711173 0.695544 0.787346 0.998646 0.597611 0.621639 0.616983 0.800036 0.738056 0.736743 0.718331 0.776671 0.891835 0.864971 0.703884 0.648918 0.523629 0.512750 0.700457 0.741001 0.811126 0.752601 0.709806 0.724201 0.786663 0.938888 0.714176 0.693928 0.644539 0.765091 0.718256 0.678499 0.779466 0.669563 0.616040 0.569068 0.993061 0.979221 0.869433 0.675456 0.869264 0.836710 0.785048 0.900465 0.805318 0.811242 0.756418 0.800502 0.755053 0.816833 0.967790 0.871150 0.765825 0.999209 0.554059 0.740832 0.923119 0.938520 0.900982 0.769062 0.921353 0.883599 0.823993 0.957871 0.808189 0.926996
0.558030 0.576854 0.806252 0.763585 0.744365 0.761889 0.625978 0.610919 0.789127 0.874408 0.553403 0.610801 0.815451 0.924481 0.999827 0.735876 0.613866 0.590208 0.439101 0.721856 0.845455 0.943251 0.991879 0.944751 0.928591 0.935377 0.809258 0.961321 0.613620 0.596345 0.713043 0.782071 0.454578 0.000000 0.915860 0.940315 0.871385 0.784736 0.881201 0.808350 0.746112 0.852315 0.751764 0.765516 0.777720 0.780025 0.635973 0.728158 0.844256 0.876230 0.848560 0.912537 0.961369 0.846597 0.716253 0.770235 0.602430 0.738985 0.680472 0.668931 0.591769 0.740923 0.786967 0.748181 0.919833 0.726934 0.527812 0.551021 0.654988 0.834010 0.763545 0.688025 0.575550 0.702748 0.649778 0.951480 0.817834 0.798665 0.649038 0.678730 0.637614 0.625436 0.858864 0.642957 0.794717 0.729365 0.915280 0.924837 0.908089 0.853062 0.913821 0.918018 0.857947 0.994944 0.714677 0.854221 0.716933 0.914931 0.766931 0.879327 0.959095 0.929321 0.803821 0.856040 0.774784 0.799983 0.774147 0.911947 0.988020 0.839782 0.963822 0.809842 0.875348 0.884629 0.831172 0.964447
0.956821 0.904448 0.912270 0.880187 0.900429 0.919802 0.944017 0.942901 0.867214 0.953893 0.949721 0.961702 0.846089 0.826309 0.789686 0.810689 0.913808 0.966892 0.886723 0.882422 0.846251 0.856312 0.725345 0.799449 0.832055 0.747325 0.838479 0.812618 0.985660 0.957373 0.972711 0.966317 0.922563 0.915860 0.000000 0.926274 0.745916 0.918736 0.753906 0.876134 0.935011 0.963562 0.662470 0.671807 0.669324 0.642561 0.777889 0.704505 0.676016 0.676316 0.717935 0.695901 0.779349 0.794552 0.948540 0.803112 0.894626 0.928079 0.941170 0.928941 0.906996 0.965422 0.972154 0.975782 0.764181 0.994174 0.860327 0.956506 0.851252 0.865230 0.954470 0.989983 0.913348 0.956480 0.992709 0.761016 0.788782 0.761143 0.974509 0.953842 0.960059 0.953409 0.904721 0.989747 0.789564 0.782582 0.946560 0.956407 0.853151 0.697556 0.991226 0.968147 0.994555 0.995936 0.881511 0.831466 0.873847 0.864439 0.879411 0.784492 0.939286 0.958244 0.914858 0.811428 0.814537 0.891454 0.998509 0.924825 0.906539 0.792164 0.972670 0.827971 0.819276 0.934123 0.842010 0.825783
0.926284 0.998401 0.961835 0.991085 0.900750 0.875935 0.999492 0.938759 0.905098 0.841263 0.861693 0.912547 0.918573 0.962602 0.872283 0.880070 0.863384 0.891675 0.963378 0.927364 0.964115 0.966425 0.776546 0.894604 0.990284 0.981818 0.801357 0.928531 0.906455 0.960250 0.911378 0.853722 0.966950 0.940315 0.926274 0.000000 0.936392 0.859984 0.864810 0.942483 0.861031 0.907445 0.840506 0.880309 0.757718 0.841511 0.971818 0.936632 0.879659 0.878573 0.908484 0.823575 0.749665 0.827434 0.937862 0.975727 0.955493 0.911050 0.956750 0.857869 0.859838 0.839873 0.923013 0.904162 0.901170 0.860622 0.953447 0.943632 0.780906 0.970276 0.917327 0.797139 0.879709 0.970417 0.956331 0.827905 0.988452 0.938110 0.921187 0.994528 0.923065 0.907458 0.906628 0.993502 0.865599 0.906796 0.936166 0.987494 0.938715 0.954390 0.991940 0.960266 0.968509 0.989369 0.950599 0.832281 0.982644 0.950440 0.970818 0.879848 0.935606 0.711190 0.976615 0.987342 0.976184 0.928157 0.963614 0.960580 0.906283 0.907771 0.948029 0.955000 0.922416 0.952942 0.742484 0.889925
0.784326 0.850192 0.694816 0.643674 0.839734 0.977890 0.932184 0.803148 0.782395 0.955554 0.838447 0.777892 0.702326 0.808163 0.840663 0.748167 0.945970 0.896228 0.934690 0.771764 0.689340 0.730419 0.850251 0.800002 0.689459 0.634932 0.830349 0.904124 0.934761 0.975170 0.787465 0.993175 0.861581 0.871385 0.745916 0.936392 0.000000 0.674604 0.774788 0.587796 0.894663 0.954507 0.626434 0.594269 0.766055 0.746558 0.725973 0.757099 0.769199 0.786305 0.780004 0.800483 0.883218 0.967882 0.801375 0.811174 0.798491 0.912774 0.974981 0.947400 0.995237 0.797876 0.911214 0.977552 0.640786 0.691735 0.803500 0.909242 0.770408 0.793195 0.750419 0.804445 0.919237 0.929566 0.989735 0.894648 0.745596 0.801821 0.744349 0.740463 0.869087 0.882040 0.915578 0.868972 0.823926 0.766378 0.969420 0.790407 0.869370 0.721175 0.861759 0.887172 0.809528 0.818447 0.878469 0.855408 0.908783 0.980684 0.792608 0.852693 0.846014 0.926858 0.874259 0.821631 0.899802 0.884748 0.962589 0.977733 0.994794 0.991977 0.992780 0.957995 0.969885 0.946073 0.803844 0.783745
0.735952 0.829427 0.631541 0.633807 0.744346 0.873121 0.899175 0.757015 0.810468 0.897529 0.731422 0.778301 0.776410 0.761290 0.939242 0.712772 0.915187 0.913363 0.848753 0.622175 0.821380 0.905419 0.917152 0.791134 0.690095 0.693947 0.846740 0.980735 0.948504 0.992586 0.724759 0.921760 0.795567 0.784736 0.918736 0.859984 0.674604 0.000000 0.796378 0.589743 0.878109 0.971079 0.743604 0.668735 0.854724 0.774863 0.829755 0.726807 0.829420 0.792305 0.778771 0.800166 0.891964 0.986476 0.769678 0.815230 0.732239 0.900153 0.953091 0.872443 0.937641 0.759315 0.933345 0.996657 0.680224 0.675794 0.814892 0.899535 0.614947 0.691190 0.794267 0.789315 0.909089 0.742294 0.815322 0.740634 0.751422 0.851649 0.709537 0.936377 0.861710 0.866234 0.866609 0.797930 0.882358 0.767949 0.972078 0.863005 0.672555 0.645870 0.978111 0.927013 0.910452 0.866401 0.911296 0.941436 0.947949 0.829098 0.993780 0.973137 0.838762 0.917315 0.853007 0.902264 0.789400 0.821730 0.923092 0.890690 0.905520 0.822139 0.895132 0.984930 0.894541 0.975164 0.890335 0.854040
