0.000000 0.365048 0.822302 0.693116 0.981741 0.871281 0.819711 0.772420 0.882351 0.957260 0.431445 0.397175 0.617307 0.524337 0.812247 0.759218 0.422219 0.359294 0.522645 0.390100 0.897758 0.965527 0.874686 0.912053 0.850386 0.909434 0.974971 0.869873 0.531219 0.490036 0.887186 0.853438 0.545648 0.613440 0.910145 0.978985 0.715255 0.654773 0.774569 0.807925 0.777376 0.664006 0.960413 0.817477 0.989778 0.912566 0.754092 0.773615 0.866423 0.807956 0.984454 0.933061 0.943079 0.857834 0.746346 0.780792 0.382316 0.350610 0.711612 0.706185 0.718465 0.849564 0.597666 0.509328 0.960052 0.967827 0.847078 0.903411 0.368202 0.504173 0.830430 0.877264 0.677573 0.632900 0.751581 0.920233 0.809180 0.883527 0.573434 0.625180 0.369806 0.397422 0.460349 0.470121 0.527933 0.678137 0.867975 0.862354 0.897190 0.635605 0.872498 0.799129 0.829410 0.788753 0.964483 0.940196 0.999843 0.862448 0.886389 0.956112 0.899413 0.936789 0.800939 0.689829 0.909529 0.709017 0.989981 0.894323 0.957081 0.879992 0.981192 0.933017 0.955795 0.847451 0.909514 0.887894
0.365048 0.000000 0.756531 0.643723 0.891711 0.771958 0.719130 0.675815 0.965260 0.906487 0.514063 0.426167 0.785732 0.624085 0.986416 0.846944 0.476224 0.414969 0.469096 0.421056 0.991640 0.995402 0.928000 0.975389 0.846311 0.890507 0.969355 0.787224 0.574159 0.622294 0.850447 0.843245 0.584533 0.588878 0.915769 0.946474 0.665101 0.577812 0.790364 0.890962 0.846973 0.710953 0.801584 0.647847 0.843200 0.758325 0.707993 0.738068 0.729940 0.673497 0.866962 0.834613 0.894775 0.992150 0.826714 0.767165 0.282251 0.265143 0.760729 0.767238 0.771225 0.813098 0.690449 0.564202 0.974736 0.905518 0.866866 0.892132 0.490026 0.509373 0.847056 0.792461 0.763011 0.743811 0.912804 0.875827 0.707369 0.863056 0.508365 0.613240 0.371478 0.432839 0.577575 0.465585 0.612545 0.811083 0.946441 0.961839 0.926564 0.681846 0.987582 0.960368 0.997421 0.919753 0.901918 0.943678 0.997307 0.817110 0.832596 0.841587 0.992051 0.903701 0.745083 0.734853 0.930794 0.821880 0.919714 0.748415 0.971364 0.759917 0.775807 0.825347 0.825165 0.678043 0.923001 0.954461
0.822302 0.756531 0.000000 0.561280 0.974728 0.824541 0.735947 0.753261 0.575719 0.944565 0.828340 0.725111 0.668288 0.767434 0.691191 0.624760 0.976063 0.953594 0.793918 0.696744 0.917787 0.973395 0.547639 0.677364 0.571231 0.605056 0.917982 0.896326 0.831296 0.748264 0.536618 0.599388 0.753807 0.803511 0.683736 0.937537 0.702320 0.810627 0.849720 0.842500 0.917145 0.932876 0.816383 0.861541 0.961189 0.993567 0.769540 0.801422 0.846708 0.996469 0.906876 0.997092 0.982648 0.913607 0.932321 0.944964 0.911810 0.863828 0.988167 0.812652 0.702920 0.561911 0.945848 0.941104 0.495648 0.544228 0.964724 0.783461 0.789474 0.863491 0.722398 0.720297 0.693178 0.774927 0.912058 0.950660 0.697302 0.810385 0.952033 0.714529 0.862113 0.770234 0.760636 0.777715 0.728363 0.683870 0.942601 0.842640 0.799377 0.844097 0.972821 0.899254 0.906067 0.896457 0.816244 0.911527 0.873899 0.880848 0.921534 0.941927 0.870132 0.896118 0.970240 0.936357 0.870209 0.874186 0.850029 0.933668 0.765054 0.924136 0.954593 0.981648 0.937797 0.918337 0.608010 0.989398
0.693116 0.643723 0.561280 0.000000 0.934463 0.901005 0.770322 0.543975 0.776244 0.964215 0.805394 0.512735 0.724550 0.572303 0.742266 0.587895 0.856219 0.794039 0.731699 0.657069 0.781998 0.941535 0.556521 0.556741 0.601379 0.556597 0.905623 0.934961 0.905182 0.772633 0.619986 0.623348 0.720206 0.818184 0.887953 0.940835 0.647528 0.733299 0.722486 0.935292 0.934081 0.803062 0.979600 0.903293 0.763088 0.820234 0.958751 0.951797 0.726043 0.818462 0.801970 0.807537 0.877623 0.772956 0.977426 0.987586 0.795619 0.725699 0.969601 0.887105 0.829884 0.620612 0.934968 0.761311 0.634956 0.616517 0.983639 0.912229 0.648513 0.742207 0.767518 0.679263 0.783846 0.918187 0.962020 0.958612 0.734613 0.925665 0.749868 0.847896 0.733507 0.662705 0.685532 0.670431 0.762046 0.672659 0.953226 0.996787 0.806833 0.636989 0.975628 0.781135 0.995523 0.930983 0.912744 0.868053 0.996262 0.940768 0.959155 0.938534 0.998388 0.920029 0.852941 0.931478 0.763282 0.729956 0.885043 0.823626 0.893634 0.952366 0.913945 0.837102 0.984086 0.962483 0.760536 0.889618
0.981741 0.891711 0.974728 0.934463 0.000000 0.926270 0.814768 0.914716 0.993991 0.806651 0.945428 0.960932 0.802329 0.925202 0.853870 0.981422 0.999231 0.996756 0.841995 0.852830 0.980637 0.925452 0.777730 0.878681 0.989512 0.831699 0.935195 0.904837 0.950810 0.942695 0.754864 0.920881 0.955642 0.846713 0.768254 0.830945 0.932584 0.778493 0.978983 0.794684 0.873765 0.758364 0.868563 0.876787 0.938170 0.959133 0.861807 0.894255 0.942716 0.994453 0.963529 0.900835 0.973304 0.968583 0.924752 0.902431 0.890212 0.914534 0.748802 0.847389 0.780255 0.957826 0.813430 0.881049 0.987977 0.964850 0.790346 0.788169 0.975007 0.805954 0.906773 0.975127 0.989981 0.917964 0.985153 0.897820 0.993789 0.802826 0.992919 0.994294 0.914654 0.812168 0.975894 0.876880 0.937752 0.981112 0.990152 0.949420 0.902717 0.885513 0.944836 0.971599 0.900786 0.944019 0.895706 0.895052 0.899127 0.930825 0.912186 0.836669 0.970422 0.886124 0.836180 0.862717 0.903541 0.664030 0.918585 0.987967 0.816449 0.998974 0.989154 0.996147 0.920713 0.855763 0.777752 0.925711
0.871281 0.771958 0.824541 0.901005 0.926270 0.000000 0.888753 0.973470 0.800308 0.954500 0.733759 0.903372 0.835287 0.931677 0.659237 0.686810 0.682343 0.676603 0.711163 0.870658 0.913816 0.889191 0.835093 0.731202 0.831335 0.716898 0.876441 0.714350 0.708033 0.857071 0.925938 0.988269 0.815748 0.730438 0.965308 0.875069 0.850175 0.810901 0.896366 0.955874 0.895664 0.984040 0.976162 0.860670 0.831082 0.778188 0.903961 0.801536 0.823849 0.839125 0.902796 0.964068 0.934970 0.997161 0.798979 0.997331 0.600838 0.717566 0.807686 0.917681 0.982149 0.795732 0.733815 0.786108 0.797814 0.718535 0.883634 0.937047 0.977187 0.944555 0.737770 0.853355 0.833706 0.946083 0.920345 0.886689 0.959343 0.944548 0.837073 0.957833 0.754579 0.914409 0.829457 0.779071 0.891610 0.884835 0.961273 0.921471 0.929835 0.987331 0.832408 0.864844 0.860746 0.789351 0.980899 0.987001 0.707003 0.852422 0.973269 0.902559 0.965677 0.937304 0.944694 0.851683 0.979688 0.926063 0.817800 0.986209 0.773159 0.926662 0.983925 0.911538 0.939575 0.880654 0.980667 0.893490
0.819711 0.719130 0.735947 0.770322 0.814768 0.888753 0.000000 0.311713 0.790930 0.482232 0.730066 0.655494 0.763731 0.951354 0.970646 0.941276 0.676546 0.722401 0.596295 0.909487 0.829125 0.980930 0.802704 0.720228 0.726096 0.835408 0.704651 0.535761 0.675283 0.698450 0.574124 0.771240 0.489833 0.402595 0.802954 0.761392 0.846148 0.803423 0.765204 0.796002 0.804166 0.929960 0.463045 0.454542 0.481580 0.450272 0.518675 0.459028 0.588116 0.529024 0.543172 0.518186 0.649013 0.690217 0.975836 0.860189 0.747505 0.708790 0.382321 0.428340 0.343118 0.661174 0.464555 0.458173 0.857134 0.988462 0.332446 0.365611 0.979245 0.990797 0.760605 0.742121 0.957396 0.916330 0.965466 0.821779 0.587185 0.828380 0.660659 0.823321 0.781033 0.918501 0.932101 0.989032 0.939222 0.782658 0.967069 0.725778 0.940964 0.915677 0.749673 0.763913 0.733347 0.831994 0.818429 0.892005 0.855817 0.621884 0.429248 0.483743 0.570925 0.625358 0.580054 0.584653 0.714829 0.726978 0.841986 0.656224 0.833354 0.789113 0.513542 0.639461 0.540324 0.724327 0.533123 0.914658
0.772420 0.675815 0.753261 0.543975 0.914716 0.973470 0.311713 0.000000 0.731596 0.511703 0.726979 0.507286 0.717983 0.731161 0.921874 0.833482 0.667676 0.688845 0.576445 0.798424 0.897801 0.929331 0.693149 0.958506 0.836878 0.987619 0.802414 0.688992 0.718468 0.708201 0.536089 0.746411 0.487125 0.461642 0.882221 0.839460 0.984220 0.917002 0.956533 0.796653 0.918691 0.955692 0.567360 0.513323 0.682450 0.643615 0.588120 0.596994 0.778015 0.710583 0.687875 0.696582 0.713704 0.769300 0.965687 0.847052 0.766305 0.694932 0.533357 0.549102 0.397488 0.511558 0.534496 0.442449 0.968450 0.852402 0.469764 0.469079 0.940900 0.890497 0.652518 0.619584 0.846920 0.964085 0.953819 0.900411 0.603218 0.918327 0.549023 0.854090 0.743069 0.946546 0.836234 0.917835 0.957551 0.924110 0.945454 0.764141 0.958011 0.926032 0.748199 0.872305 0.732732 0.888843 0.804337 0.916213 0.813436 0.642230 0.555675 0.603687 0.607840 0.786205 0.740618 0.602015 0.664371 0.722329 0.824074 0.569173 0.878327 0.808882 0.605228 0.773227 0.579135 0.784961 0.628421 0.924312
0.882351 0.965260 0.575719 0.776244 0.993991 0.800308 0.790930 0.731596 0.000000 0.719012 0.926122 0.903621 0.809558 0.947027 0.702605 0.721132 0.788295 0.772636 0.914385 0.991210 0.971671 0.949738 0.647328 0.880160 0.806549 0.669914 0.992139 0.913770 0.984203 0.913882 0.603708 0.832932 0.856042 0.935478 0.775570 0.988941 0.815824 0.954112 0.993255 0.899843 0.944858 0.995839 0.578255 0.724062 0.851287 0.890239 0.717158 0.836902 0.963975 0.900656 0.843536 0.823738 0.769347 0.742641 0.933667 0.936136 0.888824 0.900420 0.920787 0.923704 0.756225 0.506550 0.804341 0.925707 0.689097 0.641150 0.962187 0.869552 0.852214 0.793968 0.542372 0.556851 0.759335 0.859203 0.932836 0.926969 0.674974 0.764914 0.974004 0.970610 0.820120 0.862988 0.799937 0.849954 0.949192 0.991950 0.812129 0.728238 0.943235 0.991243 0.646374 0.685223 0.724913 0.769071 0.883559 0.898302 0.785063 0.899403 0.680224 0.667243 0.871533 0.828575 0.870077 0.962450 0.816609 0.879689 0.746337 0.812183 0.852617 0.789571 0.831209 0.988419 0.785430 0.823262 0.817323 0.644740
0.957260 0.906487 0.944565 0.964215 0.806651 0.954500 0.482232 0.511703 0.719012 0.000000 0.825688 0.825591 0.848651 0.954167 0.999672 0.890866 0.814086 0.889270 0.765460 0.944119 0.798156 0.930517 0.953799 0.634886 0.615564 0.788951 0.752368 0.669927 0.797961 0.945145 0.713974 0.925297 0.658914 0.686525 0.990386 0.823569 0.907276 0.836111 0.736578 0.858348 0.975321 0.958780 0.497091 0.510493 0.546834 0.537982 0.620882 0.661301 0.571790 0.597923 0.555458 0.564033 0.567084 0.577398 0.984084 0.897169 0.871616 0.861408 0.621700 0.704175 0.565677 0.731725 0.666361 0.634787 0.709712 0.804570 0.565464 0.702760 0.851306 0.914625 0.627862 0.586720 0.936401 0.868217 0.971675 0.910061 0.597619 0.870283 0.754324 0.952241 0.967719 0.714310 0.840345 0.750174 0.824979 0.579634 0.835888 0.656379 0.902609 0.867645 0.590740 0.576503 0.622449 0.650556 0.857886 0.850791 0.752373 0.719897 0.410096 0.500113 0.588326 0.600258 0.528311 0.639404 0.766133 0.881006 0.947159 0.629201 0.914272 0.745260 0.554085 0.662369 0.608178 0.817813 0.836612 0.873364
0.431445 0.514063 0.828340 0.805394 0.945428 0.733759 0.730066 0.726979 0.926122 0.825688 0.000000 0.478668 0.749652 0.719116 0.951772 0.912134 0.374998 0.358005 0.518501 0.423477 0.983823 0.968222 0.960566 0.908986 0.949450 0.980040 0.999747 0.804809 0.406082 0.407077 0.722852 0.739295 0.515247 0.482997 0.998165 0.956619 0.936393 0.789677 0.904056 0.885366 0.831372 0.670835 0.942431 0.834987 0.988578 0.934011 0.803003 0.766481 0.953120 0.924062 0.913344 0.968691 0.834646 0.793057 0.930699 0.969644 0.454289 0.465606 0.708015 0.651142 0.685945 0.898376 0.467416 0.413768 0.864107 0.873301 0.826494 0.842774 0.460146 0.604726 0.947996 0.986866 0.726674 0.669466 0.839760 0.938689 0.801071 0.726311 0.610176 0.810364 0.525567 0.719587 0.569894 0.610348 0.880103 0.916977 0.915130 0.902695 0.884271 0.974403 0.705458 0.655961 0.652210 0.656049 0.976164 0.891019 0.874813 0.739748 0.961611 0.993962 0.991717 0.943306 0.783585 0.623787 0.924744 0.704280 0.924904 0.953073 0.983808 0.800158 0.943638 0.947723 0.886149 0.849241 0.869662 0.820097
0.397175 0.426167 0.725111 0.512735 0.960932 0.903372 0.655494 0.507286 0.903621 0.825591 0.478668 0.000000 0.513600 0.410171 0.713463 0.582062 0.444809 0.384245 0.425857 0.421977 0.890592 0.976867 0.641924 0.827949 0.834555 0.893092 0.999524 0.758964 0.520486 0.444935 0.607637 0.599582 0.431561 0.511037 0.959945 0.975944 0.701739 0.713429 0.828534 0.952424 0.802495 0.722772 0.849663 0.687476 0.961786 0.898172 0.684184 0.744288 0.946207 0.915087 0.961676 0.943455 0.992850 0.979676 0.844176 0.798451 0.503429 0.453091 0.709039 0.725489 0.557708 0.609832 0.531166 0.399733 0.965650 0.898719 0.768230 0.768268 0.498625 0.634845 0.679730 0.638104 0.602538 0.678385 0.842804 0.907152 0.718265 0.803541 0.442266 0.721564 0.426106 0.519832 0.496871 0.530411 0.645087 0.737356 0.985360 0.953023 0.867554 0.700142 0.970433 0.816749 0.931990 0.821944 0.932899 0.884824 0.974615 0.723809 0.820275 0.849563 0.934542 0.895039 0.829088 0.615815 0.737131 0.653367 0.983075 0.745384 0.902684 0.795925 0.921388 0.968824 0.865527 0.824629 0.758391 0.878425
0.617307 0.785732 0.668288 0.724550 0.802329 0.835287 0.763731 0.717983 0.809558 0.848651 0.749652 0.513600 0.000000 0.508489 0.394398 0.491442 0.774914 0.721491 0.673864 0.660429 0.777234 0.988723 0.447647 0.784784 0.848195 0.901451 0.990449 0.796952 0.704153 0.651329 0.593488 0.684550 0.591603 0.741313 0.874758 0.962232 0.817858 0.967545 0.915537 0.931189 0.992169 0.833248 0.813325 0.815042 0.942321 0.921170 0.687874 0.740325 0.972923 0.949350 0.916144 0.815753 0.916315 0.901841 0.772252 0.780323 0.903679 0.807724 0.796948 0.814993 0.544019 0.596818 0.731128 0.691066 0.776182 0.751492 0.813803 0.789315 0.673463 0.801731 0.562199 0.636804 0.559591 0.693623 0.877016 0.997566 0.752665 0.861404 0.743200 0.771488 0.713952 0.672514 0.714619 0.740173 0.520749 0.644240 0.840937 0.929963 0.710502 0.688484 0.926805 0.994287 0.963284 0.951554 0.946242 0.775402 0.722983 0.861844 0.788609 0.814319 0.944839 0.772445 0.910774 0.739006 0.787508 0.686882 0.949629 0.888512 0.722381 0.988216 0.960880 0.930118 0.895333 0.897643 0.680629 0.994914
0.524337 0.624085 0.767434 0.572303 0.925202 0.931677 0.951354 0.731161 0.947027 0.954167 0.719116 0.410171 0.508489 0.000000 0.554489 0.389363 0.628255 0.576445 0.633815 0.498407 0.812393 0.974975 0.582856 0.621722 0.732967 0.760100 0.907773 0.998293 0.700395 0.565851 0.731013 0.620952 0.578952 0.809292 0.975250 0.990090 0.613957 0.692148 0.703047 0.807410 0.821085 0.723176 0.998158 0.917317 0.905310 0.914269 0.853803 0.953512 0.895063 0.894717 0.990669 0.979907 0.936433 0.971370 0.829021 0.867812 0.734249 0.676298 0.994891 0.986702 0.750140 0.567887 0.781165 0.632890 0.847332 0.757263 0.987673 0.944149 0.580147 0.641545 0.619512 0.672595 0.589912 0.864960 0.827112 0.910368 0.866007 0.937671 0.625895 0.756259 0.495217 0.498495 0.488000 0.553523 0.523667 0.545579 0.790676 0.966279 0.749408 0.643148 0.997361 0.811728 0.915799 0.830461 0.979387 0.904977 0.887724 0.913998 0.977363 0.926835 0.928396 0.983429 0.952161 0.686807 0.918280 0.735070 0.954013 0.851259 0.892391 0.915336 0.935969 0.968434 0.973168 0.893658 0.954974 0.907802
0.812247 0.986416 0.691191 0.742266 0.853870 0.659237 0.970646 0.921874 0.702605 0.999672 0.951772 0.713463 0.394398 0.554489 0.000000 0.390271 0.957392 0.944840 0.850258 0.788166 0.772294 0.900578 0.441780 0.629701 0.719209 0.798969 0.932375 0.983498 0.847920 0.746901 0.649873 0.718083 0.751266 0.985928 0.888530 0.925117 0.686532 0.958576 0.879066 0.831748 0.954843 0.940010 0.954268 0.965377 0.863415 0.861478 0.820926 0.874537 0.838713 0.847564 0.948984 0.951671 0.979930 0.978752 0.823926 0.926612 0.911207 0.979069 0.928896 0.964626 0.763767 0.685668 0.973555 0.923136 0.678553 0.667446 0.949672 0.990572 0.752111 0.951608 0.531922 0.683604 0.601037 0.834817 0.914522 0.920202 0.863284 0.866940 0.894454 0.814827 0.877450 0.813756 0.793136 0.885632 0.557687 0.602653 0.923385 0.991286 0.725301 0.822392 0.991127 0.936950 0.852643 0.904525 0.999745 0.963276 0.819543 0.911744 0.984032 0.985695 0.815129 0.944752 0.927628 0.917636 0.869207 0.725296 0.926908 0.964993 0.720483 0.941121 0.896865 0.900062 0.870405 0.966262 0.809337 0.949699
0.759218 0.846944 0.624760 0.587895 0.981422 0.686810 0.941276 0.833482 0.721132 0.890866 0.912134 0.582062 0.491442 0.389363 0.390271 0.000000 0.952721 0.900188 0.808051 0.669580 0.756279 0.968156 0.405149 0.432666 0.574178 0.619002 0.940448 0.952027 0.884464 0.720572 0.597276 0.585065 0.763178 0.969008 0.853008 0.922055 0.628065 0.822250 0.659737 0.844156 0.953871 0.831098 0.962396 0.987505 0.826357 0.824051 0.827505 0.989705 0.746177 0.753935 0.880599 0.926613 0.986663 0.983179 0.816087 0.957100 0.963780 0.988615 0.873018 0.943215 0.782112 0.494327 0.934619 0.916007 0.586928 0.473649 0.931894 0.915174 0.785499 0.819013 0.529324 0.668836 0.509120 0.822349 0.944827 0.926909 0.952793 0.892773 0.792251 0.788174 0.783561 0.643911 0.632216 0.742019 0.523577 0.438977 0.901398 0.979524 0.753707 0.670847 0.989085 0.833033 0.887296 0.827768 0.994971 0.957045 0.832859 0.988059 0.934298 0.942117 0.817159 0.987617 0.838526 0.947581 0.931470 0.765595 0.932703 0.934954 0.818118 0.961519 0.906494 0.795677 0.860731 0.922561 0.833635 0.929737
0.422219 0.476224 0.976063 0.856219 0.999231 0.682343 0.676546 0.667676 0.788295 0.814086 0.374998 0.444809 0.774914 0.628255 0.957392 0.952721 0.000000 0.257645 0.444038 0.450504 0.937924 0.936676 0.995763 0.822685 0.877903 0.756452 0.906248 0.766291 0.363867 0.347932 0.841614 0.812913 0.431999 0.455321 0.898343 0.907218 0.890032 0.839673 0.973110 0.952837 0.797045 0.755411 0.931048 0.684126 0.831278 0.752817 0.699540 0.686167 0.742908 0.715507 0.868412 0.812371 0.950398 0.997929 0.917691 0.827459 0.383750 0.371072 0.580458 0.690201 0.634099 0.958548 0.336918 0.287329 0.689534 0.705029 0.682973 0.800984 0.515946 0.581760 0.939510 0.942642 0.792989 0.771062 0.837830 0.989004 0.814473 0.863352 0.435126 0.717207 0.355042 0.663040 0.552966 0.588509 0.837098 0.981461 0.988402 0.963161 0.952250 0.926827 0.816886 0.750020 0.767912 0.722719 0.923888 0.832592 0.915606 0.688689 0.815242 0.883811 0.892369 0.972426 0.734467 0.498678 0.881416 0.770741 0.907595 0.821902 0.974931 0.752619 0.926132 0.864551 0.826413 0.843097 0.868313 0.743370
0.359294 0.414969 0.953594 0.794039 0.996756 0.676603 0.722401 0.688845 0.772636 0.889270 0.358005 0.384245 0.721491 0.576445 0.944840 0.900188 0.257645 0.000000 0.366660 0.374018 0.963388 0.905691 0.924200 0.931422 0.952462 0.844573 0.964731 0.791940 0.375660 0.366317 0.845355 0.785150 0.436585 0.431582 0.916891 0.953184 0.853938 0.739312 0.918706 0.900815 0.835330 0.691676 0.988481 0.724813 0.906478 0.816278 0.766265 0.699196 0.816258 0.816224 0.950984 0.913664 0.960216 0.913388 0.947504 0.849124 0.335203 0.335242 0.613542 0.719769 0.672591 0.951502 0.372052 0.322601 0.774568 0.772023 0.737383 0.828966 0.454972 0.554341 0.947573 0.958048 0.786698 0.770230 0.789939 0.981564 0.896757 0.859925 0.448705 0.752432 0.356924 0.551825 0.482300 0.455664 0.754139 0.866013 0.933281 0.966452 0.970013 0.836785 0.790946 0.695322 0.728002 0.682531 0.929911 0.901684 0.847446 0.700327 0.891174 0.928158 0.988503 0.962284 0.771246 0.532962 0.861159 0.728064 0.894229 0.842881 0.974291 0.812754 0.929532 0.879739 0.875908 0.755976 0.886938 0.787400
0.522645 0.469096 0.793918 0.731699 0.841995 0.711163 0.596295 0.576445 0.914385 0.765460 0.518501 0.425857 0.673864 0.633815 0.850258 0.808051 0.444038 0.366660 0.000000 0.472970 0.915745 0.941815 0.672266 0.982368 0.986186 0.880350 0.942426 0.698031 0.436288 0.481314 0.684449 0.715314 0.420025 0.417503 0.925291 0.819285 0.759616 0.790468 0.982058 0.991076 0.958304 0.824458 0.667823 0.547614 0.756279 0.681760 0.587438 0.573919 0.745060 0.732393 0.832094 0.781827 0.932285 0.930851 0.997771 0.919540 0.431841 0.442422 0.590358 0.660719 0.561591 0.794957 0.482462 0.420860 0.921429 0.941435 0.648828 0.661456 0.665715 0.742636 0.785550 0.791068 0.804650 0.748181 0.867574 0.956523 0.796553 0.787990 0.520018 0.788120 0.528421 0.687817 0.631188 0.540677 0.719901 0.855626 0.968524 0.979630 0.922891 0.847320 0.932924 0.856798 0.834508 0.784568 0.880151 0.937048 0.890962 0.683794 0.731015 0.688028 0.975912 0.825019 0.730515 0.546031 0.866014 0.738953 0.958836 0.845610 0.974490 0.733171 0.834239 0.791151 0.742478 0.653149 0.731911 0.953781
0.390100 0.421056 0.696744 0.657069 0.852830 0.870658 0.909487 0.798424 0.991210 0.944119 0.423477 0.421977 0.660429 0.498407 0.788166 0.669580 0.450504 0.374018 0.472970 0.000000 0.933675 0.990428 0.775178 0.772102 0.765233 0.834316 0.857608 0.890590 0.526552 0.482659 0.813877 0.781485 0.604006 0.653047 0.966900 0.974491 0.632476 0.558847 0.758478 0.779948 0.805918 0.590542 0.938522 0.907479 0.866234 0.939878 0.846417 0.864618 0.938021 0.998802 0.835258 0.892167 0.837603 0.767791 0.890049 0.953947 0.438675 0.412880 0.910963 0.850937 0.825309 0.794342 0.696272 0.578578 0.884659 0.949615 0.981433 0.994108 0.391951 0.439939 0.858592 0.924956 0.635531 0.694578 0.763225 0.943994 0.834225 0.897907 0.599692 0.716479 0.495894 0.456242 0.504597 0.368875 0.590912 0.647646 0.996137 0.969237 0.889918 0.683098 0.795596 0.653761 0.703638 0.682491 0.914490 0.969880 0.896505 0.811021 0.957450 0.941667 0.834007 0.942986 0.992040 0.805506 0.931121 0.831681 0.886307 0.911430 0.954349 0.801366 0.973041 0.952093 0.964810 0.858565 0.973754 0.792098
0.897758 0.991640 0.917787 0.781998 0.980637 0.913816 0.829125 0.897801 0.971671 0.798156 0.983823 0.890592 0.777234 0.812393 0.772294 0.756279 0.937924 0.963388 0.915745 0.933675 0.000000 0.934445 0.801404 0.744700 0.757166 0.870567 0.948449 0.929366 0.964876 0.954961 0.881426 0.749274 0.970133 0.910732 0.923031 0.966204 0.905931 0.955108 0.932835 0.914597 0.843248 0.907464 0.787977 0.866477 0.786141 0.797352 0.865958 0.834042 0.760206 0.766961 0.834741 0.798069 0.878121 0.864266 0.908125 0.944165 0.904511 0.946636 0.793445 0.837097 0.899788 0.968081 0.900589 0.928555 0.899310 0.836454 0.826525 0.838779 0.831083 0.943096 0.965966 0.943957 0.971751 0.896350 0.958759 0.996969 0.919375 0.935523 0.963503 0.966208 0.972171 0.855666 0.911274 0.983626 0.881502 0.759816 0.997279 0.998836 0.887730 0.799705 0.964257 0.865160 0.938947 0.969586 0.902888 0.921302 0.988391 0.938020 0.800622 0.821143 0.853079 0.932571 0.871748 0.922876 0.896397 0.922596 0.868209 0.976063 0.990020 0.900762 0.800827 0.786396 0.724330 0.911578 0.902745 0.967689
0.965527 0.995402 0.973395 0.941535 0.925452 0.889191 0.980930 0.929331 0.949738 0.930517 0.968222 0.976867 0.988723 0.974975 0.900578 0.968156 0.936676 0.905691 0.941815 0.990428 0.934445 0.000000 0.972915 0.966740 0.910130 0.989939 0.829863 0.915473 0.914090 0.974356 0.923537 0.990728 0.985472 0.903483 0.910856 0.864194 0.951919 0.846907 0.914385 0.826780 0.904253 0.934772 0.993924 0.929910 0.996894 0.989129 0.949700 0.997880 0.994587 0.933390 0.931622 0.973180 0.914195 0.925190 0.923290 0.882896 0.979341 0.974895 0.889142 0.911467 0.952680 0.949017 0.998001 0.950050 0.994264 0.917054 0.876081 0.902424 0.974864 0.930660 0.949238 0.902834 0.911473 0.777212 0.851430 0.989195 0.970804 0.953371 0.968693 0.998416 0.969994 0.985515 0.995332 0.994588 0.945791 0.927436 0.948272 0.866507 0.973747 0.998385 0.902709 0.936397 0.921999 0.974699 0.950923 0.921678 0.800419 0.994706 0.979843 0.993047 0.970160 0.921100 0.934740 0.946162 0.911659 0.983474 0.867445 0.803181 0.993939 0.980272 0.966253 0.822463 0.988667 0.955190 0.851665 0.948701
0.874686 0.928000 0.547639 0.556521 0.777730 0.835093 0.802704 0.693149 0.647328 0.953799 0.960566 0.641924 0.447647 0.582856 0.441780 0.405149 0.995763 0.924200 0.672266 0.775178 0.801404 0.972915 0.000000 0.545550 0.641712 0.736284 0.970240 0.915446 0.849762 0.768497 0.479202 0.523626 0.705331 0.847350 0.866408 0.974014 0.748082 0.918938 0.914572 0.976482 0.935751 0.960328 0.784464 0.826554 0.938599 0.931770 0.755194 0.836728 0.792747 0.805588 0.934320 0.994433 0.987862 0.999388 0.997306 0.961822 0.966758 0.994909 0.965154 0.930537 0.653552 0.553307 0.961020 0.877240 0.588099 0.513616 0.878027 0.770510 0.886738 0.958171 0.561346 0.613576 0.573323 0.831692 0.942232 0.988849 0.839002 0.812597 0.873771 0.857063 0.945653 0.841553 0.728423 0.803245 0.619343 0.567680 0.952417 0.966662 0.726075 0.706017 0.999324 0.891618 0.906395 0.958390 0.878912 0.973896 0.892130 0.926113 0.898605 0.835206 0.918258 0.880264 0.917157 0.923035 0.832772 0.728896 0.933874 0.891434 0.748745 0.975843 0.918707 0.918722 0.935166 0.971707 0.570003 0.959817
0.912053 0.975389 0.677364 0.556741 0.878681 0.731202 0.720228 0.958506 0.880160 0.634886 0.908986 0.827949 0.784784 0.621722 0.629701 0.432666 0.822685 0.931422 0.982368 0.772102 0.744700 0.966740 0.545550 0.000000 0.418334 0.488280 0.780602 0.764669 0.878426 0.954429 0.812826 0.731296 0.912498 0.803343 0.848749 0.860408 0.652897 0.735965 0.591344 0.764152 0.917715 0.860789 0.801218 0.788988 0.586831 0.582959 0.871074 0.814616 0.503982 0.537365 0.610409 0.615785 0.777371 0.678079 0.986664 0.918929 0.885568 0.922685 0.668244 0.837768 0.879656 0.707669 0.691882 0.811858 0.466273 0.448870 0.710202 0.896801 0.796624 0.882218 0.851956 0.885619 0.739346 0.899091 0.919266 0.999196 0.917695 0.999107 0.974288 0.865061 0.984703 0.673051 0.742063 0.786520 0.650847 0.405252 0.899654 0.808555 0.698670 0.601849 0.820382 0.664216 0.796705 0.790814 0.974225 0.853294 0.998795 0.833743 0.661886 0.719556 0.693576 0.774027 0.663880 0.827279 0.978736 0.909118 0.945171 0.896659 0.915711 0.875501 0.813080 0.627341 0.701986 0.885945 0.934444 0.944764
0.850386 0.846311 0.571231 0.601379 0.989512 0.831335 0.726096 0.836878 0.806549 0.615564 0.949450 0.834555 0.848195 0.732967 0.719209 0.574178 0.877903 0.952462 0.986186 0.765233 0.757166 0.910130 0.641712 0.418334 0.000000 0.431145 0.708564 0.699361 0.948460 0.947826 0.776430 0.679226 0.916224 0.842348 0.888480 0.819360 0.634954 0.602234 0.604295 0.738152 0.940560 0.848062 0.809423 0.773760 0.549974 0.556417 0.867554 0.781065 0.499261 0.585317 0.528544 0.556214 0.683797 0.601940 0.995246 0.876009 0.975608 0.991618 0.653074 0.890098 0.837434 0.821777 0.659928 0.801850 0.429916 0.549492 0.627503 0.816722 0.664123 0.853104 0.910139 0.881677 0.647230 0.738375 0.994595 0.995246 0.962609 0.861386 0.954511 0.857848 0.919320 0.673622 0.753052 0.750232 0.674718 0.449540 0.979356 0.852250 0.725541 0.668460 0.714541 0.646336 0.700424 0.762925 0.985657 0.865590 0.893422 0.854163 0.657336 0.669685 0.678280 0.788483 0.727013 0.789253 0.905177 0.914188 0.922285 0.815937 0.931853 0.976986 0.798097 0.577006 0.750324 0.840654 0.896484 0.993733
0.909434 0.890507 0.605056 0.556597 0.831699 0.716898 0.835408 0.987619 0.669914 0.788951 0.980040 0.893092 0.901451 0.760100 0.798969 0.619002 0.756452 0.844573 0.880350 0.834316 0.870567 0.989939 0.736284 0.488280 0.431145 0.000000 0.831493 0.748998 0.866669 0.899443 0.839021 0.830319 0.878397 0.812556 0.813406 0.730518 0.725041 0.650327 0.606804 0.864071 0.900484 0.798971 0.882896 0.771525 0.641577 0.630889 0.855133 0.804797 0.607078 0.676397 0.680008 0.677941 0.842731 0.749943 0.986200 0.903505 0.910858 0.957050 0.636902 0.860248 0.870408 0.697559 0.629377 0.770570 0.469868 0.538520 0.670265 0.829538 0.791574 0.874664 0.800588 0.791840 0.750228 0.894938 0.975107 0.996209 0.932693 0.988371 0.903034 0.892717 0.998030 0.772765 0.888397 0.855480 0.777388 0.625035 0.981454 0.918133 0.760432 0.698110 0.963375 0.882829 0.980226 0.976682 0.929147 0.875703 0.915224 0.866061 0.813837 0.739413 0.851931 0.933017 0.821423 0.819569 0.972967 0.883909 0.899486 0.972385 0.938587 0.984081 0.929266 0.693841 0.855660 0.985523 0.972887 0.936331
0.974971 0.969355 0.917982 0.905623 0.935195 0.876441 0.704651 0.802414 0.992139 0.752368 0.999747 0.999524 0.990449 0.907773 0.932375 0.940448 0.906248 0.964731 0.942426 0.857608 0.948449 0.829863 0.970240 0.780602 0.708564 0.831493 0.000000 0.713439 0.889408 0.905607 0.902391 0.910731 0.784203 0.834118 0.984912 0.859018 0.830265 0.718605 0.926933 0.788618 0.820382 0.804446 0.769395 0.840009 0.651779 0.685540 0.882714 0.817649 0.764927 0.807889 0.653098 0.700404 0.667148 0.644611 0.985812 0.959791 0.980099 0.966005 0.768417 0.822996 0.707526 0.822107 0.798980 0.811153 0.811414 0.999102 0.653867 0.676801 0.798577 0.854951 0.882851 0.930276 0.980798 0.993450 0.942465 0.972237 0.847946 0.998287 0.942449 0.951583 0.892230 0.837528 0.895015 0.797246 0.903132 0.822386 0.902424 0.659870 0.938695 0.715244 0.797408 0.851790 0.788712 0.946167 0.849411 0.966402 0.973044 0.980516 0.707944 0.817453 0.715386 0.791278 0.898142 0.769185 0.942110 0.993918 0.862504 0.843690 0.920802 0.907768 0.787257 0.826703 0.841692 0.835500 0.895140 0.908613
0.869873 0.787224 0.896326 0.934961 0.904837 0.714350 0.535761 0.688992 0.913770 0.669927 0.804809 0.758964 0.796952 0.998293 0.983498 0.952027 0.766291 0.791940 0.698031 0.890590 0.929366 0.915473 0.915446 0.764669 0.699361 0.748998 0.713439 0.000000 0.709932 0.798907 0.843205 0.933264 0.673545 0.645838 0.751612 0.846523 0.867458 0.884790 0.751907 0.869572 0.901246 0.910209 0.637577 0.624503 0.573192 0.564508 0.602815 0.582789 0.601359 0.632708 0.614241 0.600801 0.779553 0.769734 0.879577 0.819727 0.780736 0.773588 0.524666 0.593224 0.526385 0.790404 0.619109 0.682878 0.870830 0.960507 0.531821 0.593857 0.892825 0.921951 0.898035 0.906254 0.921994 0.936426 0.931101 0.947175 0.728262 0.843146 0.855749 0.785163 0.798184 0.976699 0.968443 0.947897 0.929851 0.905826 0.993928 0.850957 0.937187 0.887207 0.869121 0.862762 0.867083 0.974230 0.971053 0.988138 0.920839 0.700606 0.637784 0.574471 0.892966 0.724306 0.718719 0.729628 0.823141 0.936488 0.936473 0.842675 0.831691 0.939596 0.778293 0.759418 0.756340 0.784165 0.809256 0.918911
0.531219 0.574159 0.831296 0.905182 0.950810 0.708033 0.675283 0.718468 0.984203 0.797961 0.406082 0.520486 0.704153 0.700395 0.847920 0.884464 0.363867 0.375660 0.436288 0.526552 0.964876 0.914090 0.849762 0.878426 0.948460 0.866669 0.889408 0.709932 0.000000 0.319533 0.672108 0.707686 0.426252 0.425979 0.991855 0.959413 0.945768 0.822241 0.989436 0.938651 0.957777 0.847101 0.875219 0.713613 0.786885 0.732666 0.662445 0.576191 0.799362 0.762524 0.847715 0.765056 0.944834 0.949530 0.990236 0.959784 0.500548 0.508376 0.616555 0.620548 0.548908 0.837050 0.419188 0.388488 0.826403 0.889415 0.696364 0.718820 0.588868 0.758006 0.848816 0.952981 0.677984 0.672439 0.853614 0.962544 0.847607 0.786452 0.560073 0.824396 0.487045 0.761573 0.572940 0.675450 0.840342 0.941445 0.999185 0.913739 0.968090 0.990210 0.765163 0.749219 0.701968 0.691446 0.879272 0.878892 0.919723 0.668428 0.810401 0.834412 0.938541 0.913684 0.696328 0.557168 0.867923 0.722490 0.939010 0.858489 0.914965 0.827238 0.957963 0.884981 0.765073 0.748761 0.796589 0.829111
0.490036 0.622294 0.748264 0.772633 0.942695 0.857071 0.698450 0.708201 0.913882 0.945145 0.407077 0.444935 0.651329 0.565851 0.746901 0.720572 0.347932 0.366317 0.481314 0.482659 0.954961 0.974356 0.768497 0.954429 0.947826 0.899443 0.905607 0.798907 0.319533 0.000000 0.602226 0.579042 0.417350 0.453731 0.936312 0.912342 0.904138 0.868182 0.927996 0.854020 0.936508 0.822344 0.988542 0.802586 0.943070 0.874086 0.697011 0.683954 0.962536 0.910706 0.997803 0.896935 0.959166 0.918105 0.893606 0.943244 0.579292 0.570755 0.652442 0.655575 0.538593 0.803729 0.403825 0.354835 0.875216 0.981001 0.702404 0.696752 0.521034 0.719229 0.862381 0.989218 0.680673 0.658654 0.721606 0.995369 0.871253 0.739849 0.558879 0.747555 0.442006 0.699836 0.481981 0.623891 0.822181 0.820028 0.990550 0.950947 0.943380 0.981338 0.689694 0.606467 0.603701 0.582866 0.979666 0.850026 0.892622 0.702245 0.950234 0.973735 0.995708 0.994938 0.820778 0.553782 0.839225 0.641735 0.936605 0.939801 0.848871 0.828457 0.958670 0.968929 0.938220 0.913525 0.738229 0.778795
0.887186 0.850447 0.536618 0.619986 0.754864 0.925938 0.574124 0.536089 0.603708 0.713974 0.722852 0.607637 0.593488 0.731013 0.649873 0.597276 0.841614 0.845355 0.684449 0.813877 0.881426 0.923537 0.479202 0.812826 0.776430 0.839021 0.902391 0.843205 0.672108 0.602226 0.000000 0.415102 0.542837 0.597105 0.919714 0.815405 0.958199 0.979402 0.947687 0.977306 0.892387 0.917163 0.689228 0.690029 0.873495 0.846525 0.691715 0.668194 0.941973 0.983142 0.908051 0.880705 0.847141 0.885555 0.945083 0.933523 0.962674 0.953231 0.792917 0.712246 0.483058 0.503710 0.750662 0.646729 0.828228 0.651483 0.701646 0.573338 0.905372 0.977693 0.597924 0.646221 0.662009 0.736283 0.882793 0.871489 0.729358 0.580177 0.719789 0.884840 0.828370 0.977248 0.759636 0.975821 0.909994 0.859296 0.872483 0.736422 0.851886 0.984063 0.966330 0.926634 0.940554 0.913978 0.887056 0.813559 0.898778 0.718464 0.796880 0.764585 0.810082 0.828382 0.859670 0.753510 0.721048 0.659011 0.798416 0.739294 0.766159 0.874514 0.763276 0.993772 0.891872 0.938184 0.539533 0.984099
0.853438 0.843245 0.599388 0.623348 0.920881 0.988269 0.771240 0.746411 0.832932 0.925297 0.739295 0.599582 0.684550 0.620952 0.718083 0.585065 0.812913 0.785150 0.715314 0.781485 0.749274 0.990728 0.523626 0.731296 0.679226 0.830319 0.910731 0.933264 0.707686 0.579042 0.415102 0.000000 0.582516 0.732510 0.962548 0.954628 0.875901 0.782445 0.940240 0.867787 0.973220 0.884295 0.864627 0.794479 0.980429 0.972760 0.769957 0.903996 0.874923 0.853146 0.985290 0.964028 0.966833 0.989821 0.898921 0.930255 0.864926 0.951231 0.954051 0.923506 0.693968 0.659261 0.812624 0.717371 0.885494 0.737658 0.876073 0.779462 0.841240 0.970687 0.774146 0.679772 0.755938 0.757278 0.947554 0.996525 0.786860 0.624808 0.790760 0.906831 0.777164 0.913956 0.669896 0.817553 0.921514 0.781085 0.855424 0.780712 0.903976 0.921646 0.911467 0.781978 0.821355 0.860185 0.991470 0.867162 0.945780 0.782459 0.947773 0.992085 0.930080 0.853936 0.921347 0.770826 0.885845 0.720137 0.999632 0.822804 0.861540 0.973254 0.867610 0.917216 0.983729 0.901013 0.570813 0.896341
0.545648 0.584533 0.753807 0.720206 0.955642 0.815748 0.489833 0.487125 0.856042 0.658914 0.515247 0.431561 0.591603 0.578952 0.751266 0.763178 0.431999 0.436585 0.420025 0.604006 0.970133 0.985472 0.705331 0.912498 0.916224 0.878397 0.784203 0.673545 0.426252 0.417350 0.542837 0.582516 0.000000 0.398689 0.851514 0.842134 0.897386 0.903179 0.928648 0.995299 0.961605 0.822381 0.704798 0.529008 0.657977 0.610878 0.574319 0.525918 0.715743 0.670061 0.671677 0.637421 0.727915 0.770261 0.937307 0.847953 0.561533 0.549846 0.553441 0.646188 0.396217 0.654595 0.397053 0.338823 0.887409 0.968825 0.532870 0.571563 0.709283 0.785105 0.687477 0.678068 0.730877 0.801586 0.809178 0.986772 0.770876 0.682960 0.474267 0.689234 0.458331 0.735250 0.568164 0.678301 0.791732 0.941666 0.972808 0.804951 0.949197 0.939883 0.937132 0.954406 0.981119 0.872207 0.911137 0.833921 0.999721 0.597707 0.593346 0.685178 0.831296 0.799273 0.676144 0.437358 0.786464 0.692272 0.997529 0.686406 0.875220 0.817755 0.698053 0.788527 0.736398 0.670268 0.606980 0.920059
0.613440 0.588878 0.803511 0.818184 0.846713 0.730438 0.402595 0.461642 0.935478 0.686525 0.482997 0.511037 0.741313 0.809292 0.985928 0.969008 0.455321 0.431582 0.417503 0.653047 0.910732 0.903483 0.847350 0.803343 0.842348 0.812556 0.834118 0.645838 0.425979 0.453731 0.597105 0.732510 0.398689 0.000000 0.939947 0.770729 0.924846 0.987855 0.917577 0.894538 0.898578 0.958200 0.700964 0.541316 0.616359 0.550970 0.556313 0.439070 0.682818 0.650945 0.723824 0.672458 0.830316 0.885840 0.960198 0.883404 0.576120 0.559340 0.409592 0.441686 0.387219 0.755456 0.348182 0.348958 0.844648 0.958354 0.440980 0.434328 0.779489 0.855925 0.918998 0.910392 0.881819 0.817412 0.885275 0.912412 0.770409 0.729552 0.484695 0.746594 0.577551 0.862249 0.708104 0.740756 0.971272 0.956600 0.944623 0.832511 0.966770 0.974818 0.931122 0.910908 0.904239 0.797536 0.881407 0.919425 0.933863 0.556939 0.655181 0.648204 0.716367 0.834675 0.602669 0.497990 0.780552 0.659810 0.992822 0.796907 0.942741 0.823767 0.721150 0.815771 0.751598 0.711200 0.585783 0.861073
0.910145 0.915769 0.683736 0.887953 0.768254 0.965308 0.802954 0.882221 0.775570 0.990386 0.998165 0.959945 0.874758 0.975250 0.888530 0.853008 0.898343 0.916891 0.925291 0.966900 0.923031 0.910856 0.866408 0.848749 0.888480 0.813406 0.984912 0.751612 0.991855 0.936312 0.919714 0.962548 0.851514 0.939947 0.000000 0.996052 0.955030 0.967450 0.922716 0.886313 0.770704 0.980139 0.819750 0.897428 0.846557 0.832378 0.784880 0.754814 0.917099 0.795323 0.852799 0.815451 0.908123 0.925896 0.890960 0.849764 0.964011 0.962905 0.906891 0.755870 0.768714 0.762813 0.985121 0.972099 0.756846 0.787807 0.814611 0.749462 0.938099 0.982597 0.847773 0.960364 0.948842 0.905653 0.951991 0.922149 0.836821 0.942879 0.991147 0.857455 0.955484 0.872128 0.940376 0.933843 0.833573 0.850927 0.893918 0.988881 0.984076 0.880164 0.901433 0.904023 0.906161 0.992248 0.965764 0.951538 0.931987 0.953283 0.842746 0.849051 0.825439 0.855352 0.889701 0.966609 0.948391 0.990624 0.953941 0.946381 0.993923 0.967662 0.943042 0.939782 0.838881 0.854450 0.852297 0.968948
0.978985 0.946474 0.937537 0.940835 0.830945 0.875069 0.761392 0.839460 0.988941 0.823569 0.956619 0.975944 0.962232 0.990090 0.925117 0.922055 0.907218 0.953184 0.819285 0.974491 0.966204 0.864194 0.974014 0.860408 0.819360 0.730518 0.859018 0.846523 0.959413 0.912342 0.815405 0.954628 0.842134 0.770729 0.996052 0.000000 0.985563 0.861509 0.975731 0.962970 0.791218 0.950852 0.720388 0.725642 0.650267 0.666765 0.769344 0.724735 0.711145 0.715188 0.688649 0.721416 0.691941 0.747323 0.977091 0.994610 0.953957 0.912426 0.676899 0.823659 0.757423 0.872002 0.815085 0.821915 0.848251 0.938846 0.680076 0.688506 0.872861 0.990962 0.959449 0.986288 0.861202 0.964022 0.924672 0.986305 0.807158 0.816998 0.889168 0.889426 0.907552 0.918149 0.940099 0.924239 0.964503 0.948528 0.957662 0.953188 0.929983 0.970036 0.893962 0.813549 0.891177 0.990358 0.924559 0.927621 0.904130 0.838887 0.743655 0.650505 0.818781 0.939691 0.796371 0.793849 0.934807 0.873556 0.950346 0.844099 0.864573 0.868445 0.804633 0.687062 0.979307 0.899576 0.915343 0.970067
0.715255 0.665101 0.702320 0.647528 0.932584 0.850175 0.846148 0.984220 0.815824 0.907276 0.936393 0.701739 0.817858 0.613957 0.686532 0.628065 0.890032 0.853938 0.759616 0.632476 0.905931 0.951919 0.748082 0.652897 0.634954 0.725041 0.830265 0.867458 0.945768 0.904138 0.958199 0.875901 0.897386 0.924846 0.955030 0.985563 0.000000 0.653540 0.715933 0.789340 0.738381 0.856343 0.957727 0.935239 0.791417 0.849229 0.950664 0.943904 0.880048 0.903012 0.833463 0.891920 0.977868 0.933055 0.846113 0.954477 0.741374 0.695245 0.762785 0.838739 0.909347 0.799441 0.823174 0.985641 0.695674 0.848175 0.707627 0.806758 0.629486 0.683375 0.799818 0.694058 0.743951 0.850897 0.965455 0.991071 0.862059 0.965599 0.831895 0.770410 0.753123 0.636199 0.776837 0.679663 0.613411 0.659290 0.954581 0.988079 0.735867 0.684352 0.969246 0.937408 0.907957 0.979142 0.978327 0.730463 0.957693 0.915058 0.957798 0.998181 0.745784 0.934644 0.906086 0.996744 0.974616 0.948629 0.964669 0.929922 0.833894 0.887690 0.884877 0.952760 0.884811 0.982852 0.914882 0.985305
0.654773 0.577812 0.810627 0.733299 0.778493 0.810901 0.803423 0.917002 0.954112 0.836111 0.789677 0.713429 0.967545 0.692148 0.958576 0.822250 0.839673 0.739312 0.790468 0.558847 0.955108 0.846907 0.918938 0.735965 0.602234 0.650327 0.718605 0.884790 0.822241 0.868182 0.979402 0.782445 0.903179 0.987855 0.967450 0.861509 0.653540 0.000000 0.690140 0.659772 0.741646 0.654614 0.862825 0.976564 0.774324 0.819874 0.999014 0.947079 0.872173 0.895135 0.814743 0.780014 0.872442 0.789176 0.958073 0.923909 0.563422 0.636648 0.751275 0.870632 0.812313 0.946474 0.915339 0.980301 0.738230 0.946525 0.677660 0.720825 0.615646 0.675575 0.999912 0.864480 0.813091 0.872780 0.872040 0.990443 0.951589 0.951298 0.814581 0.927603 0.687654 0.558439 0.624688 0.474894 0.677730 0.714544 0.950285 0.820611 0.801834 0.641335 0.884329 0.783628 0.821691 0.877987 0.937737 0.980012 0.934270 0.936406 0.838907 0.781144 0.787681 0.862352 0.978830 0.954766 0.936313 0.966801 0.949123 0.908813 0.861025 0.899942 0.919417 0.920970 0.863491 0.846504 0.891910 0.905631
