0.000000 0.393969 0.952818 0.983865 0.951363 0.676196 0.596743 0.542429 0.866069 0.687219 0.549452 0.392382 0.508115 0.520823 0.618926 0.578081 0.420854 0.447323 0.580144 0.686338 0.848222 0.828070 0.714645 0.822693 0.703414 0.718874 0.849607 0.966419 0.544675 0.505170 0.671451 0.842925 0.510608 0.531219 0.902421 0.822955 0.771080 0.880332 0.785531 0.946969 0.950058 0.958439 0.494582 0.459390 0.488420 0.490347 0.538576 0.524883 0.450043 0.462225 0.513404 0.605066 0.684929 0.808634 0.545408 0.625817 0.487505 0.448215 0.424655 0.497124 0.469961 0.560421 0.456922 0.368719 0.878246 0.936505 0.579266 0.621413 0.679757 0.547385 0.864548 0.717236 0.896737 0.962816 0.994440 0.950637 0.594452 0.660541 0.654508 0.711659 0.377890 0.485613 0.618264 0.681243 0.468770 0.549408 0.746660 0.972506 0.664903 0.766884 0.685387 0.995856 0.806964 0.857757 0.752414 0.883915 0.811880 0.951274 0.444458 0.557596 0.721846 0.670777 0.468599 0.815044 0.653824 0.818055 0.933251 0.808929 0.839559 0.749347 0.795624 0.744252 0.667109 0.737216 0.780528 0.860544
0.393969 0.000000 0.877196 0.805697 0.866710 0.795135 0.764180 0.644293 0.922798 0.808295 0.728661 0.607531 0.742700 0.702811 0.805918 0.787847 0.489650 0.575353 0.727112 0.644099 0.969562 0.786808 0.840294 0.806610 0.986973 0.852133 0.963412 0.892025 0.674154 0.640425 0.748908 0.949939 0.731734 0.610684 0.896669 0.834247 0.922811 0.994830 0.760319 0.950452 0.841054 0.842387 0.575180 0.577573 0.657410 0.622844 0.595068 0.641396 0.536611 0.466676 0.522315 0.557183 0.685608 0.727912 0.583510 0.636872 0.372511 0.364605 0.514904 0.454918 0.701110 0.684850 0.654289 0.563635 0.982348 0.865825 0.570129 0.665731 0.540905 0.458787 0.935347 0.648102 0.856824 0.920498 0.869401 0.968967 0.722329 0.750879 0.640771 0.727320 0.566752 0.602813 0.665034 0.807444 0.653492 0.665479 0.775174 0.936458 0.726861 0.763990 0.742635 0.948951 0.796594 0.996701 0.897923 0.847284 0.724491 0.854880 0.571880 0.555078 0.834725 0.757983 0.631362 0.832046 0.693272 0.852546 0.925253 0.882591 0.937068 0.741582 0.993060 0.775393 0.731296 0.739638 0.797279 0.840476
0.952818 0.877196 0.000000 0.772557 0.976872 0.907987 0.648680 0.738526 0.783819 0.853456 0.969771 0.987235 0.974636 0.873300 0.985957 0.841858 0.812320 0.903270 0.837228 0.848681 0.994125 0.882450 0.994329 0.867449 0.651173 0.725604 0.960579 0.870067 0.791718 0.897646 0.739185 0.790613 0.947144 0.770202 0.875940 0.991727 0.942001 0.980917 0.823548 0.983513 0.877333 0.786878 0.919437 0.960354 0.839827 0.859882 0.708444 0.998768 0.826930 0.822307 0.898814 0.738365 0.802825 0.774561 0.986715 0.847063 0.764994 0.862707 0.806029 0.968898 0.842026 0.988938 0.852407 0.962159 0.621696 0.723552 0.789872 0.827211 0.875385 0.851131 0.984873 0.984801 0.851575 0.905605 0.888862 0.956063 0.843899 0.848242 0.906702 0.987733 0.942559 0.711994 0.973241 0.980592 0.843479 0.878702 0.751755 0.995520 0.830842 0.929968 0.972632 0.856867 0.894212 0.970593 0.847782 0.987779 0.792295 0.907264 0.924293 0.940791 0.873111 0.999440 0.960499 0.993431 0.924828 0.987159 0.731598 0.965624 0.964026 0.845380 0.906856 0.933342 0.960954 0.973841 0.973509 0.978087
0.983865 0.805697 0.772557 0.000000 0.997472 0.740279 0.969220 0.846749 0.906225 0.867332 0.823947 0.844882 0.737781 0.767396 0.869304 0.963516 0.925223 0.989507 0.871522 0.861521 0.947412 0.894415 0.749590 0.769015 0.637288 0.752910 0.887131 0.989824 0.965376 0.945409 0.913660 0.794951 0.979703 0.897214 0.876987 0.927450 0.941410 0.786163 0.843141 0.940463 0.864421 0.987180 0.839055 0.837240 0.959296 0.973023 0.863554 0.975843 0.979581 0.775955 0.793167 0.711065 0.770894 0.688719 0.916524 0.800904 0.786347 0.761338 0.879871 0.654831 0.937115 0.968816 0.949364 0.939612 0.644040 0.576328 0.558665 0.629458 0.734316 0.778395 0.724792 0.806841 0.742332 0.790357 0.942683 0.954904 0.863343 0.891692 0.937407 0.999329 0.928470 0.958081 0.970702 0.880771 0.951230 0.701831 0.917623 0.934329 0.877030 0.742175 0.576542 0.620908 0.541559 0.585347 0.999046 0.971101 0.963145 0.823579 0.816396 0.738833 0.987420 0.877042 0.854169 0.930308 0.815346 0.933380 0.965321 0.969562 0.973975 0.961392 0.813938 0.826870 0.973578 0.904227 0.831962 0.959314
0.951363 0.866710 0.976872 0.997472 0.000000 0.639686 0.754793 0.769868 0.627391 0.729780 0.862832 0.888127 0.700996 0.878833 0.693607 0.766117 0.925177 0.938378 0.758127 0.899263 0.807574 0.956621 0.685737 0.910336 0.765978 0.735354 0.898169 0.724712 0.789150 0.794039 0.947435 0.927331 0.849685 0.918234 0.971777 0.957034 0.987706 0.921731 0.999197 0.994531 0.911955 0.839941 0.982001 0.967864 0.832568 0.890403 0.970628 0.969665 0.941641 0.945273 0.843859 0.940218 0.762225 0.888359 0.979891 0.890570 0.853134 0.989890 0.897773 0.934858 0.739046 0.754474 0.810056 0.788811 0.866043 0.911520 0.938251 0.985363 0.920202 0.979377 0.716980 0.812095 0.896769 0.900909 0.860750 0.990412 0.789118 0.897965 0.801333 0.975664 0.935897 0.935272 0.812574 0.956861 0.727072 0.899816 0.969186 0.801852 0.863149 0.932772 0.790265 0.795036 0.861886 0.971686 0.895032 0.898971 0.874459 0.854096 0.896743 0.873412 0.792625 0.875908 0.982645 0.967818 0.993241 0.891079 0.805052 0.914302 0.856911 0.854373 0.823870 0.784551 0.982558 0.929446 0.983664 0.925673
0.676196 0.795135 0.907987 0.740279 0.639686 0.000000 0.555641 0.462686 0.676212 0.500171 0.760697 0.713487 0.736449 0.795070 0.659503 0.672577 0.658490 0.698147 0.539717 0.716243 0.787418 0.985113 0.589245 0.791762 0.797217 0.927741 0.870982 0.892438 0.622506 0.695538 0.649962 0.832893 0.610809 0.619860 0.787033 0.985832 0.829681 0.958325 0.941871 0.927534 0.982856 0.982719 0.559379 0.560241 0.468305 0.524980 0.685281 0.607703 0.555483 0.575598 0.494668 0.626719 0.576046 0.654353 0.742636 0.574931 0.877331 0.764606 0.673078 0.621915 0.540843 0.564891 0.668795 0.596102 0.950781 0.842861 0.577325 0.607061 0.920015 0.759056 0.703419 0.867143 0.927169 0.933600 0.958982 0.998171 0.575054 0.765255 0.864699 0.616792 0.601898 0.602947 0.819695 0.892883 0.561257 0.620706 0.897408 0.967648 0.810036 0.890222 0.479105 0.679752 0.521153 0.998657 0.867122 0.913321 0.823460 0.862788 0.477730 0.591064 0.664684 0.634631 0.620195 0.860970 0.775272 0.929993 0.982407 0.897898 0.845336 0.937705 0.800552 0.665293 0.768582 0.843603 0.884778 0.874420
0.596743 0.764180 0.648680 0.969220 0.754793 0.555641 0.000000 0.242190 0.628948 0.309924 0.450188 0.526602 0.447931 0.632256 0.546973 0.832721 0.431999 0.549293 0.410849 0.627618 0.853595 0.873991 0.894393 0.748025 0.608296 0.772873 0.605680 0.919300 0.359911 0.467106 0.511783 0.712954 0.437807 0.384274 0.951686 0.975847 0.831581 0.741083 0.880009 0.961556 0.862785 0.960914 0.430713 0.405579 0.481087 0.473936 0.471660 0.510668 0.593662 0.816943 0.653462 0.991871 0.918101 0.891101 0.748118 0.629649 0.767580 0.820629 0.456613 0.722989 0.239901 0.433782 0.346342 0.384706 0.820784 0.880091 0.657342 0.594165 0.989224 0.789797 0.869981 0.991372 0.891280 0.966880 0.974319 0.957509 0.508479 0.883620 0.663342 0.664478 0.445640 0.428920 0.767657 0.844319 0.554765 0.855348 0.838353 0.847753 0.977383 0.854198 0.670003 0.998712 0.830243 0.692240 0.904254 0.894211 0.758168 0.867510 0.522608 0.578035 0.492853 0.782304 0.558678 0.820281 0.666343 0.876830 0.842155 0.956358 0.747404 0.743594 0.720798 0.802401 0.707072 0.844067 0.877365 0.911843
0.542429 0.644293 0.738526 0.846749 0.769868 0.462686 0.242190 0.000000 0.555545 0.269466 0.508859 0.493192 0.471702 0.570388 0.514473 0.723588 0.446802 0.526113 0.371388 0.590118 0.840106 0.890124 0.731367 0.897117 0.648097 0.804796 0.666865 0.995173 0.359538 0.452873 0.491565 0.734245 0.415874 0.399168 0.912261 0.913851 0.798676 0.837506 0.952926 0.983724 0.901616 0.960913 0.413499 0.361602 0.381140 0.394605 0.469145 0.488775 0.456965 0.669441 0.569875 0.825182 0.759586 0.961866 0.642591 0.577388 0.693819 0.700560 0.462793 0.598185 0.273572 0.352363 0.397852 0.376911 0.817373 0.834038 0.579127 0.525891 0.893941 0.639734 0.719675 0.851791 0.891565 0.990112 0.982068 0.987589 0.482808 0.829623 0.729741 0.620093 0.435412 0.471368 0.696327 0.853904 0.488669 0.795559 0.821058 0.899972 0.849053 0.994335 0.545560 0.819338 0.671704 0.865111 0.871131 0.939186 0.693340 0.852521 0.371553 0.481872 0.455712 0.674201 0.496288 0.742356 0.611762 0.870026 0.862771 0.979105 0.808077 0.775787 0.654614 0.757232 0.676365 0.782858 0.860710 0.872734
0.866069 0.922798 0.783819 0.906225 0.627391 0.676212 0.628948 0.555545 0.000000 0.498749 0.819127 0.804854 0.681367 0.814094 0.786046 0.812417 0.935820 0.995992 0.659286 0.888132 0.669235 0.955565 0.763933 0.922454 0.942450 0.934548 0.875078 0.968801 0.764818 0.827354 0.801107 0.989344 0.842069 0.839135 0.920752 0.910802 0.943121 0.951153 0.926241 0.910436 0.783953 0.951186 0.803283 0.837427 0.769193 0.839512 0.867981 0.875914 0.810684 0.899825 0.940544 0.948547 0.854331 0.957708 0.761201 0.840171 0.971521 0.845589 0.892997 0.904201 0.657624 0.471455 0.868757 0.801691 0.987222 0.789407 0.975631 0.987418 0.791980 0.755944 0.640789 0.909084 0.993128 0.904528 0.966078 0.936160 0.771049 0.914677 0.844933 0.984238 0.893635 0.904000 0.786460 0.964697 0.646914 0.988558 0.844359 0.985360 0.835335 0.960620 0.709059 0.754113 0.841385 0.900837 0.921202 0.990503 0.860510 0.798343 0.740892 0.831125 0.736429 0.760287 0.962264 0.944532 0.877297 0.923868 0.849258 0.781993 0.919073 0.819587 0.824770 0.970982 0.905394 0.925394 0.830319 0.990110
0.687219 0.808295 0.853456 0.867332 0.729780 0.500171 0.309924 0.269466 0.498749 0.000000 0.601949 0.566588 0.507551 0.606236 0.537003 0.762785 0.587371 0.623904 0.421056 0.623930 0.815663 0.960140 0.776734 0.789544 0.621288 0.835371 0.689155 0.916203 0.441743 0.546163 0.490288 0.798114 0.469922 0.454853 0.935778 0.950988 0.767553 0.878233 0.950874 0.914591 0.843006 0.953511 0.462607 0.425276 0.375557 0.410379 0.556095 0.552823 0.466914 0.736725 0.635427 0.900159 0.773630 0.976854 0.699286 0.668170 0.865001 0.852944 0.619699 0.715272 0.348823 0.335138 0.524415 0.475065 0.732305 0.888392 0.709895 0.627674 0.963132 0.726602 0.675885 0.840926 0.985082 0.935931 0.988111 0.873723 0.534083 0.871104 0.833885 0.730658 0.554734 0.641545 0.810838 0.910311 0.610312 0.918257 0.850005 0.832359 0.946534 0.919817 0.529700 0.740378 0.646200 0.934355 0.940673 0.861971 0.825249 0.806939 0.406398 0.500873 0.529032 0.693689 0.580967 0.786223 0.726085 0.928843 0.824724 0.960615 0.801976 0.764804 0.707889 0.750604 0.775971 0.840913 0.832979 0.916251
0.549452 0.728661 0.969771 0.823947 0.862832 0.760697 0.450188 0.508859 0.819127 0.601949 0.000000 0.388631 0.374312 0.452042 0.498671 0.720449 0.515075 0.514642 0.529005 0.716768 0.971624 0.814163 0.942737 0.834025 0.473852 0.627271 0.626337 0.848533 0.438903 0.424201 0.705242 0.835948 0.473521 0.440388 0.958708 0.930171 0.844849 0.707394 0.773121 0.840216 0.967140 0.973293 0.568541 0.480082 0.531641 0.498257 0.606035 0.548421 0.583378 0.815629 0.693659 0.994197 0.992594 0.876213 0.750797 0.761999 0.811782 0.858529 0.569493 0.846995 0.340575 0.512230 0.377041 0.398495 0.656081 0.970597 0.834382 0.800366 0.944163 0.807337 0.987116 0.999130 0.986708 0.871945 0.886359 0.885164 0.707323 0.762164 0.669634 0.628297 0.403904 0.453407 0.676350 0.613373 0.620550 0.852962 0.853183 0.932039 0.758208 0.941461 0.896108 0.761577 0.968853 0.581560 0.902723 0.971674 0.848338 0.942262 0.620249 0.808080 0.527836 0.906153 0.567739 0.810800 0.813279 0.996366 0.959888 0.777858 0.738471 0.812758 0.817441 0.872189 0.723110 0.905204 0.929039 0.986890
0.392382 0.607531 0.987235 0.844882 0.888127 0.713487 0.526602 0.493192 0.804854 0.566588 0.388631 0.000000 0.323281 0.315364 0.418611 0.474689 0.477538 0.422185 0.465828 0.634309 0.817725 0.862686 0.715495 0.917540 0.466676 0.632440 0.761562 0.864647 0.417044 0.375780 0.560688 0.749205 0.405896 0.452947 0.993113 0.944435 0.811129 0.878744 0.810809 0.950714 0.979333 0.982797 0.561226 0.450667 0.395711 0.413507 0.623624 0.596903 0.420852 0.626653 0.669786 0.819993 0.813456 0.951123 0.696006 0.730485 0.716773 0.721547 0.615123 0.804779 0.381372 0.429963 0.445546 0.337755 0.663223 0.904364 0.778574 0.766263 0.864938 0.616007 0.841124 0.772991 0.961516 0.984629 0.888586 0.976816 0.664722 0.805479 0.673613 0.556757 0.336941 0.454446 0.529120 0.616387 0.480549 0.692322 0.831363 0.963787 0.649117 0.906229 0.851483 0.880817 0.982177 0.753231 0.902050 0.934809 0.907371 0.961237 0.513607 0.606268 0.639535 0.745987 0.472012 0.672400 0.776525 0.932112 0.947529 0.893283 0.816628 0.786788 0.817922 0.726313 0.694613 0.723693 0.939931 0.957124
0.508115 0.742700 0.974636 0.737781 0.700996 0.736449 0.447931 0.471702 0.681367 0.507551 0.374312 0.323281 0.000000 0.301365 0.322473 0.536709 0.539242 0.559865 0.499084 0.671284 0.793316 0.913524 0.736254 0.941669 0.412561 0.514932 0.721287 0.902194 0.379006 0.341796 0.615907 0.773843 0.378930 0.479063 0.979352 0.946181 0.887025 0.699850 0.807959 0.870936 0.896738 0.921340 0.622980 0.523891 0.444527 0.435710 0.635823 0.568121 0.508984 0.792935 0.741278 0.973852 0.903863 0.833714 0.766765 0.741665 0.857463 0.788039 0.622452 0.899435 0.293238 0.398380 0.408646 0.322106 0.622482 0.871987 0.888823 0.792338 0.972271 0.695343 0.803820 0.863801 0.990693 0.946936 0.935672 0.896801 0.618188 0.789146 0.770932 0.676717 0.404370 0.523449 0.524084 0.632497 0.499980 0.821618 0.873560 0.961776 0.728929 0.976729 0.948121 0.851049 0.895538 0.630321 0.929255 0.915063 0.823436 0.942575 0.577049 0.702965 0.597644 0.808468 0.557972 0.713104 0.899250 0.878571 0.924178 0.887166 0.738514 0.855821 0.745032 0.794179 0.783992 0.763498 0.910659 0.999914
0.520823 0.702811 0.873300 0.767396 0.878833 0.795070 0.632256 0.570388 0.814094 0.606236 0.452042 0.315364 0.301365 0.000000 0.335705 0.424879 0.592590 0.515432 0.580130 0.582576 0.877800 0.943013 0.652991 0.906865 0.456231 0.613892 0.763578 0.962161 0.455114 0.399379 0.663726 0.753102 0.468081 0.533636 0.950050 0.985430 0.852112 0.817423 0.895138 0.906087 0.944384 0.901745 0.691668 0.529360 0.447210 0.434459 0.648707 0.644363 0.453180 0.708565 0.733591 0.854249 0.866750 0.937527 0.751594 0.805541 0.882883 0.738136 0.781279 0.889834 0.441289 0.425168 0.521389 0.384713 0.656904 0.894645 0.864806 0.830544 0.952822 0.655834 0.762457 0.738501 0.981656 0.957071 0.843206 0.982468 0.696758 0.895740 0.740762 0.593596 0.457196 0.550467 0.461064 0.661696 0.491446 0.776247 0.929438 0.923484 0.636876 0.850341 0.933367 0.928634 0.976082 0.760179 0.867156 0.973515 0.890560 0.965562 0.569430 0.706956 0.644207 0.768298 0.574740 0.702335 0.794896 0.931066 0.999998 0.902184 0.774837 0.870656 0.797239 0.868626 0.784296 0.745678 0.934932 0.925908
0.618926 0.805918 0.985957 0.869304 0.693607 0.659503 0.546973 0.514473 0.786046 0.537003 0.498671 0.418611 0.322473 0.335705 0.000000 0.410593 0.610140 0.554190 0.589612 0.615821 0.871632 0.908865 0.524521 0.861638 0.474853 0.540436 0.786300 0.882769 0.415615 0.367931 0.663837 0.723112 0.408322 0.516338 0.966971 0.970371 0.855976 0.813521 0.913634 0.864770 0.989180 0.936900 0.709646 0.597046 0.438571 0.438808 0.681603 0.617045 0.469410 0.696039 0.653278 0.816089 0.787315 0.977295 0.842106 0.763715 0.987311 0.786258 0.758478 0.919356 0.423541 0.526984 0.470736 0.393029 0.665330 0.778711 0.822259 0.806994 0.922114 0.680184 0.694016 0.745188 0.987376 0.983300 0.830450 0.980714 0.659156 0.990976 0.795779 0.660957 0.501218 0.588316 0.469454 0.591897 0.451963 0.710796 0.978897 0.876214 0.665663 0.871204 0.902787 0.991696 0.966982 0.765196 0.945559 0.952751 0.951394 0.937967 0.552593 0.670184 0.635383 0.846410 0.586598 0.707439 0.856649 0.832168 0.925303 0.873013 0.943786 0.972151 0.794327 0.696360 0.902901 0.800282 0.895962 0.957437
0.578081 0.787847 0.841858 0.963516 0.766117 0.672577 0.832721 0.723588 0.812417 0.762785 0.720449 0.474689 0.536709 0.424879 0.410593 0.000000 0.771924 0.675050 0.666906 0.696916 0.831351 0.912847 0.327951 0.544219 0.675346 0.661181 0.975500 0.877693 0.674922 0.518942 0.774665 0.699680 0.644026 0.740973 0.909366 0.904100 0.917952 0.929528 0.990190 0.881471 0.802409 0.801593 0.857886 0.705274 0.557773 0.610916 0.887584 0.735961 0.575733 0.607229 0.673008 0.622281 0.645654 0.806395 0.824979 0.829723 0.990588 0.721100 0.874214 0.835785 0.646199 0.670701 0.690979 0.559922 0.936915 0.897171 0.781216 0.875052 0.961504 0.691564 0.624851 0.737613 0.899589 0.914331 0.863278 0.970593 0.810997 0.978912 0.918708 0.706121 0.644819 0.669311 0.398896 0.719632 0.382362 0.502252 0.937395 0.699148 0.508419 0.599153 0.808853 0.846477 0.822747 0.988681 0.862235 0.994573 0.957412 0.987166 0.616320 0.674780 0.875019 0.751581 0.609277 0.927305 0.797177 0.826163 0.943237 0.882501 0.988615 0.938707 0.811461 0.746153 0.857416 0.814928 0.860889 0.966881
0.420854 0.489650 0.812320 0.925223 0.925177 0.658490 0.431999 0.446802 0.935820 0.587371 0.515075 0.477538 0.539242 0.592590 0.610140 0.771924 0.000000 0.358613 0.509610 0.607264 0.945711 0.812873 0.886434 0.959304 0.653254 0.681251 0.671398 0.947930 0.371487 0.412230 0.543803 0.719278 0.475173 0.385567 0.868157 0.955876 0.830178 0.786589 0.866481 0.984236 0.999201 0.785815 0.473443 0.424052 0.503142 0.476887 0.431564 0.485393 0.554933 0.615798 0.563007 0.798014 0.838007 0.953710 0.587227 0.592051 0.548055 0.599468 0.391578 0.538338 0.400607 0.597185 0.328911 0.332474 0.773761 0.994417 0.538945 0.548973 0.878479 0.668637 0.956925 0.861704 0.844617 0.949306 0.976551 0.994930 0.548174 0.743898 0.526371 0.713388 0.352206 0.418025 0.718783 0.657491 0.646216 0.758369 0.883703 0.927311 0.867798 0.991960 0.692939 0.905858 0.845289 0.756219 0.881946 0.811993 0.782736 0.907915 0.525298 0.533620 0.608027 0.763668 0.499450 0.803478 0.768369 0.763418 0.991512 0.931361 0.776332 0.681271 0.823506 0.703575 0.591627 0.758233 0.863802 0.755462
0.447323 0.575353 0.903270 0.989507 0.938378 0.698147 0.549293 0.526113 0.995992 0.623904 0.514642 0.422185 0.559865 0.515432 0.554190 0.675050 0.358613 0.000000 0.521064 0.519935 0.979421 0.908013 0.830946 0.931775 0.650514 0.782218 0.682247 0.965631 0.393184 0.360918 0.521596 0.626770 0.448403 0.431696 0.992979 0.892431 0.843160 0.911628 0.874310 0.945911 0.922243 0.827496 0.468820 0.437534 0.487016 0.401373 0.507131 0.490972 0.461877 0.538469 0.514681 0.741221 0.858718 0.922985 0.666477 0.609774 0.618962 0.659966 0.505182 0.623627 0.486313 0.634605 0.382185 0.357253 0.719947 0.953494 0.543863 0.567708 0.873492 0.648078 0.933789 0.805700 0.818369 0.882849 0.971927 0.980062 0.745998 0.813753 0.464619 0.555366 0.303451 0.429227 0.712968 0.564488 0.662848 0.704064 0.865346 0.992278 0.857109 0.977062 0.807926 0.839083 0.871845 0.708713 0.771207 0.946383 0.882635 0.927803 0.518756 0.568371 0.692363 0.838590 0.385743 0.767244 0.754247 0.831141 0.914333 0.789168 0.851213 0.772777 0.792498 0.745898 0.656349 0.807299 0.948427 0.843261
0.580144 0.727112 0.837228 0.871522 0.758127 0.539717 0.410849 0.371388 0.659286 0.421056 0.529005 0.465828 0.499084 0.580130 0.589612 0.666906 0.509610 0.521064 0.000000 0.489345 0.716547 0.865716 0.744021 0.975575 0.628276 0.832317 0.718006 0.954605 0.404338 0.471128 0.529343 0.626761 0.498879 0.431552 0.946867 0.930585 0.820287 0.883321 0.937729 0.879661 0.956005 0.919533 0.457810 0.385189 0.440432 0.444346 0.570679 0.535629 0.578811 0.701594 0.656989 0.876787 0.849687 0.984685 0.711170 0.669811 0.735823 0.798179 0.555935 0.685395 0.387634 0.407311 0.479856 0.443805 0.819591 0.751076 0.561208 0.561797 0.845708 0.750118 0.716826 0.783001 0.783449 0.891460 0.972979 0.974887 0.621168 0.760979 0.733344 0.662126 0.490854 0.467385 0.665843 0.745885 0.563049 0.790115 0.805752 0.954663 0.768611 0.994555 0.584377 0.956308 0.756488 0.861029 0.903007 0.990216 0.855806 0.992563 0.468506 0.562775 0.616121 0.708920 0.442658 0.770878 0.731303 0.922411 0.982013 0.878985 0.707101 0.806622 0.759123 0.687528 0.694768 0.769305 0.805624 0.896492
0.686338 0.644099 0.848681 0.861521 0.899263 0.716243 0.627618 0.590118 0.888132 0.623930 0.716768 0.634309 0.671284 0.582576 0.615821 0.696916 0.607264 0.519935 0.489345 0.000000 0.992609 0.896096 0.742545 0.863485 0.797823 0.961571 0.884838 0.936738 0.523660 0.547001 0.651947 0.648498 0.581931 0.583041 0.988552 0.888224 0.951196 0.966424 0.995061 0.941045 0.998722 0.989248 0.654078 0.555601 0.583640 0.542641 0.554704 0.637083 0.613237 0.664625 0.624311 0.781946 0.893153 0.950415 0.709818 0.695052 0.719963 0.665441 0.655481 0.711112 0.603469 0.611690 0.574565 0.518267 0.887815 0.788830 0.554204 0.577639 0.766361 0.663213 0.801365 0.825133 0.879158 0.775969 0.892010 0.983007 0.694755 0.958773 0.628842 0.557298 0.602237 0.537458 0.703992 0.720941 0.604435 0.733720 0.884031 0.868423 0.776054 0.946287 0.743862 0.962382 0.844119 0.865642 0.787402 0.959246 0.844182 0.821382 0.607315 0.623359 0.811016 0.889653 0.628866 0.688788 0.681888 0.915902 0.981670 0.901271 0.783428 0.876822 0.853838 0.730555 0.932214 0.826641 0.996906 0.870874
0.848222 0.969562 0.994125 0.947412 0.807574 0.787418 0.853595 0.840106 0.669235 0.815663 0.971624 0.817725 0.793316 0.877800 0.871632 0.831351 0.945711 0.979421 0.716547 0.992609 0.000000 0.954079 0.830325 0.898596 0.891243 0.896286 0.816750 0.988937 0.910660 0.960309 0.989695 0.990470 0.953852 0.911262 0.986165 0.981191 0.867376 0.865519 0.757622 0.979305 0.985925 0.954390 0.882263 0.868637 0.825459 0.854130 0.987505 0.812577 0.882355 0.936328 0.898080 0.908850 0.810271 0.845372 0.967241 0.878463 0.926301 0.995515 0.954727 0.891020 0.842995 0.761497 0.946033 0.893469 0.998428 0.945271 0.987766 0.957303 0.904098 0.787397 0.790610 0.829800 0.965808 0.969485 0.915471 0.937290 0.916519 0.875996 0.917490 0.958871 0.932797 0.889262 0.857592 0.937641 0.801496 0.961526 0.929467 0.908365 0.863099 0.893601 0.717842 0.826697 0.843104 0.949478 0.960826 0.902327 0.959163 0.911259 0.858038 0.850921 0.911983 0.730420 0.876077 0.936958 0.977268 0.911429 0.925239 0.957661 0.844495 0.901027 0.851999 0.876140 0.958840 0.837366 0.793636 0.923065
0.828070 0.786808 0.882450 0.894415 0.956621 0.985113 0.873991 0.890124 0.955565 0.960140 0.814163 0.862686 0.913524 0.943013 0.908865 0.912847 0.812873 0.908013 0.865716 0.896096 0.954079 0.000000 0.921254 0.782792 0.998917 0.920816 0.893570 0.949140 0.876852 0.938068 0.947194 0.980837 0.865019 0.872548 0.817874 0.803041 0.866688 0.975069 0.878128 0.855195 0.900707 0.859388 0.865332 0.881255 0.984456 0.959622 0.849013 0.911286 0.885607 0.997168 0.996733 0.922266 0.954207 0.941456 0.943977 0.964057 0.759372 0.869894 0.909666 0.893382 0.886921 0.884843 0.919391 0.929317 0.987900 0.966336 0.982259 0.923962 0.869638 0.965160 0.907857 0.885308 0.944213 0.939295 0.996951 0.978317 0.964249 0.917540 0.998052 0.984264 0.951782 0.908629 0.933576 0.908109 0.983769 0.918764 0.863301 0.787996 0.903861 0.916822 0.946110 0.868832 0.945757 0.896510 0.866526 0.928453 0.919477 0.898486 0.947234 0.995106 0.900620 0.953503 0.988481 0.977818 0.966296 0.917115 0.843948 0.949661 0.901263 0.876293 0.928365 0.956536 0.916131 0.960635 0.800418 0.839745
0.714645 0.840294 0.994329 0.749590 0.685737 0.589245 0.894393 0.731367 0.763933 0.776734 0.942737 0.715495 0.736254 0.652991 0.524521 0.327951 0.886434 0.830946 0.744021 0.742545 0.830325 0.921254 0.000000 0.466031 0.895209 0.822877 0.774712 0.860123 0.770428 0.676946 0.802918 0.672142 0.734764 0.876066 0.839820 0.893842 0.924865 0.940031 0.863611 0.888400 0.877579 0.908896 0.932010 0.834388 0.678879 0.727631 0.925488 0.864935 0.689370 0.639800 0.725511 0.620913 0.603243 0.730489 0.901470 0.831082 0.974014 0.704596 0.952238 0.814399 0.785009 0.762540 0.866988 0.742504 0.836478 0.929715 0.678504 0.815153 0.952801 0.637054 0.488190 0.699143 0.876810 0.943874 0.972777 0.969944 0.745142 0.998123 0.945850 0.775771 0.829177 0.781058 0.483346 0.856444 0.408792 0.444287 0.993420 0.637129 0.580148 0.464451 0.722149 0.650972 0.676436 0.786033 0.884786 0.948336 0.971935 0.957930 0.686783 0.673560 0.863489 0.725900 0.701917 0.927591 0.813875 0.817912 0.890551 0.915595 0.970975 0.820881 0.761615 0.741508 0.970626 0.904827 0.890744 0.973897
0.822693 0.806610 0.867449 0.769015 0.910336 0.791762 0.748025 0.897117 0.922454 0.789544 0.834025 0.917540 0.941669 0.906865 0.861638 0.544219 0.959304 0.931775 0.975575 0.863485 0.898596 0.782792 0.466031 0.000000 0.949891 0.978992 0.663705 0.926298 0.925626 0.961207 0.935484 0.835965 0.986949 0.875919 0.888177 0.798810 0.944002 0.819970 0.990167 0.955158 0.729981 0.899623 0.877506 0.933274 0.920517 0.956356 0.933230 0.918028 0.906756 0.661740 0.803671 0.579499 0.710577 0.658894 0.946056 0.895106 0.956767 0.749824 0.954456 0.852955 0.848251 0.872801 0.899777 0.980642 0.781545 0.921420 0.695716 0.885911 0.913582 0.634451 0.813576 0.774874 0.952227 0.912386 0.861042 0.982921 0.960903 0.999551 0.988549 0.835853 0.948012 0.886750 0.669920 0.965292 0.708996 0.474705 0.880890 0.614380 0.654429 0.562193 0.837798 0.843934 0.772522 0.780148 0.872596 0.900616 0.935346 0.998811 0.883579 0.821508 0.844061 0.826450 0.852906 0.886248 0.868005 0.808694 0.757706 0.804783 0.950552 0.793331 0.932605 0.790111 0.993846 0.816920 0.982970 0.891524
0.703414 0.986973 0.651173 0.637288 0.765978 0.797217 0.608296 0.648097 0.942450 0.621288 0.473852 0.466676 0.412561 0.456231 0.474853 0.675346 0.653254 0.650514 0.628276 0.797823 0.891243 0.998917 0.895209 0.949891 0.000000 0.491503 0.667687 0.958743 0.559246 0.550079 0.771754 0.871397 0.509743 0.642296 0.876123 0.966392 0.826235 0.760126 0.991690 0.854801 0.916105 0.907163 0.705985 0.600403 0.424756 0.449796 0.767387 0.677497 0.543429 0.785003 0.741295 0.924725 0.884679 0.920064 0.822985 0.889672 0.970509 0.938296 0.776996 0.985327 0.462393 0.548333 0.535080 0.453396 0.438705 0.743905 0.952674 0.868328 0.758962 0.911975 0.928522 0.983015 0.919420 0.917206 0.940279 0.950124 0.690396 0.870712 0.772622 0.664064 0.499241 0.715032 0.729984 0.692533 0.738526 0.963872 0.969852 0.947775 0.760382 0.925038 0.889232 0.901177 0.988856 0.648671 0.886653 0.998051 0.985230 0.909324 0.591411 0.775216 0.673774 0.830398 0.594967 0.719452 0.859497 0.866355 0.870310 0.934898 0.757178 0.935512 0.815765 0.785248 0.697923 0.822651 0.984399 0.958917
0.718874 0.852133 0.725604 0.752910 0.735354 0.927741 0.772873 0.804796 0.934548 0.835371 0.627271 0.632440 0.514932 0.613892 0.540436 0.661181 0.681251 0.782218 0.832317 0.961571 0.896286 0.920816 0.822877 0.978992 0.491503 0.000000 0.879672 0.849807 0.738450 0.654209 0.875032 0.959367 0.744406 0.817571 0.851311 0.915529 0.920140 0.803247 0.933309 0.948668 0.975559 0.941947 0.882171 0.790847 0.678473 0.684785 0.951398 0.795239 0.699576 0.816211 0.806122 0.860254 0.810548 0.968871 0.905167 0.901798 0.973191 0.901736 0.873451 0.999239 0.658764 0.738998 0.660600 0.593078 0.619160 0.587976 0.933052 0.935269 0.855761 0.938576 0.938415 0.972564 0.903789 0.877238 0.841537 0.908433 0.863997 0.833646 0.885299 0.876673 0.710101 0.867245 0.688929 0.717675 0.754081 0.926557 0.993865 0.953879 0.751904 0.915805 0.959515 0.995323 0.915239 0.794304 0.892479 0.910948 0.969421 0.951645 0.797624 0.741543 0.839992 0.992360 0.719967 0.866517 0.998375 0.902283 0.932904 0.998525 0.970821 0.985147 0.917163 0.754631 0.930321 0.957399 0.850601 0.984249
0.849607 0.963412 0.960579 0.887131 0.898169 0.870982 0.605680 0.666865 0.875078 0.689155 0.626337 0.761562 0.721287 0.763578 0.786300 0.975500 0.671398 0.682247 0.718006 0.884838 0.816750 0.893570 0.774712 0.663705 0.667687 0.879672 0.000000 0.923150 0.657570 0.701279 0.720759 0.876774 0.714115 0.594242 0.980752 0.856934 0.768757 0.719560 0.986390 0.925171 0.983542 0.919408 0.722821 0.661915 0.692552 0.678194 0.657371 0.713023 0.747023 0.888397 0.882429 0.881291 0.802618 0.809470 0.850397 0.875318 0.998179 0.880677 0.763579 0.945219 0.609394 0.771330 0.641604 0.678043 0.702725 0.912514 0.823004 0.699139 0.746920 0.842332 0.851504 0.951245 0.987189 0.993594 0.935268 0.967303 0.870155 0.907724 0.777939 0.846451 0.639914 0.735825 0.992824 0.908377 0.974191 0.905773 0.850782 0.713195 0.897715 0.745862 0.970055 0.830789 0.983065 0.677422 0.908414 0.959550 0.985887 0.947093 0.732695 0.878673 0.744811 0.982421 0.761744 0.931592 0.903462 0.911114 0.878389 0.931301 0.948179 0.735670 0.910192 0.981727 0.717135 0.880481 0.954400 0.833313
0.966419 0.892025 0.870067 0.989824 0.724712 0.892438 0.919300 0.995173 0.968801 0.916203 0.848533 0.864647 0.902194 0.962161 0.882769 0.877693 0.947930 0.965631 0.954605 0.936738 0.988937 0.949140 0.860123 0.926298 0.958743 0.849807 0.923150 0.000000 0.976711 0.944182 0.971302 0.989532 0.979591 0.957361 0.911482 0.881146 0.876372 0.800133 0.915052 0.954848 0.856755 0.952268 0.875551 0.910047 0.998978 0.917843 0.987839 0.902518 0.958368 0.968578 0.934286 0.923650 0.949340 0.958464 0.856527 0.972245 0.891282 0.940585 0.948720 0.853458 0.890627 0.952453 0.937178 0.927938 0.905970 0.915433 0.996208 0.974484 0.902995 0.847316 0.985425 0.878274 0.888763 0.898666 0.988861 0.891917 0.977514 0.994634 0.897990 0.881442 0.941141 0.872648 0.906656 0.946747 0.801612 0.777565 0.998997 0.996529 0.937794 0.916752 0.946248 0.950350 0.932880 0.956465 0.973516 0.997565 0.828878 0.968897 0.905701 0.923476 0.968241 0.994875 0.890044 0.924574 0.850442 0.882078 0.857336 0.965662 0.934026 0.940817 0.966032 0.951140 0.966116 0.816016 0.857322 0.965639
0.544675 0.674154 0.791718 0.965376 0.789150 0.622506 0.359911 0.359538 0.764818 0.441743 0.438903 0.417044 0.379006 0.455114 0.415615 0.674922 0.371487 0.393184 0.404338 0.523660 0.910660 0.876852 0.770428 0.925626 0.559246 0.738450 0.657570 0.976711 0.000000 0.303437 0.423774 0.624211 0.390022 0.322795 0.890267 0.996130 0.886357 0.759497 0.862304 0.822036 0.946814 0.949391 0.506781 0.431222 0.440080 0.376370 0.465186 0.499212 0.505464 0.670756 0.610260 0.909248 0.877039 0.942315 0.691345 0.591254 0.699882 0.734112 0.490045 0.727058 0.323025 0.483802 0.304361 0.310788 0.626948 0.967057 0.613301 0.588184 0.942152 0.718104 0.787617 0.806051 0.852149 0.962606 0.996968 0.915756 0.550398 0.924233 0.527679 0.586979 0.307957 0.360172 0.663885 0.622421 0.553107 0.793638 0.911279 0.945245 0.883928 0.990477 0.804738 0.865555 0.943656 0.663437 0.940128 0.932122 0.795180 0.893292 0.527881 0.610716 0.488692 0.733946 0.499201 0.686306 0.753466 0.837073 0.950046 0.809387 0.716742 0.756884 0.782648 0.698281 0.691948 0.714540 0.959610 0.802457
0.505170 0.640425 0.897646 0.945409 0.794039 0.695538 0.467106 0.452873 0.827354 0.546163 0.424201 0.375780 0.341796 0.399379 0.367931 0.518942 0.412230 0.360918 0.471128 0.547001 0.960309 0.938068 0.676946 0.961207 0.550079 0.654209 0.701279 0.944182 0.303437 0.000000 0.538398 0.587098 0.359009 0.353805 0.955144 0.961849 0.875506 0.798603 0.834559 0.778959 0.909225 0.970674 0.565218 0.472622 0.465549 0.407268 0.557108 0.540323 0.509251 0.659499 0.599124 0.848070 0.919324 0.919884 0.655712 0.605692 0.692730 0.707264 0.502765 0.737001 0.349976 0.527953 0.322315 0.284080 0.684929 0.919792 0.638998 0.582671 0.904159 0.663123 0.758352 0.891524 0.853718 0.866019 0.947564 0.921793 0.661034 0.810296 0.604097 0.580855 0.354504 0.427844 0.551668 0.580359 0.523329 0.724131 0.901650 0.858148 0.741020 0.948971 0.903896 0.795680 0.984089 0.619845 0.927545 0.926273 0.756657 0.967250 0.539052 0.620358 0.618331 0.823921 0.430909 0.798769 0.792555 0.769940 0.991176 0.860215 0.807153 0.819726 0.771083 0.721806 0.722144 0.747473 0.950672 0.886136
0.671451 0.748908 0.739185 0.913660 0.947435 0.649962 0.511783 0.491565 0.801107 0.490288 0.705242 0.560688 0.615907 0.663726 0.663837 0.774665 0.543803 0.521596 0.529343 0.651947 0.989695 0.947194 0.802918 0.935484 0.771754 0.875032 0.720759 0.971302 0.423774 0.538398 0.000000 0.594110 0.541710 0.492120 0.932547 0.990590 0.933580 0.843657 0.973545 0.947594 0.891930 0.960864 0.603882 0.545710 0.563011 0.553737 0.607283 0.635048 0.607905 0.714836 0.782233 0.946192 0.898961 0.918958 0.806599 0.657023 0.686659 0.781781 0.661964 0.847711 0.536971 0.613028 0.570428 0.507395 0.778678 0.977988 0.674092 0.668859 0.958786 0.797539 0.856585 0.752146 0.932520 0.953207 0.896571 0.796469 0.648436 0.961433 0.720601 0.663942 0.476246 0.575111 0.880430 0.805317 0.667418 0.860062 0.753375 0.871679 0.979469 0.960325 0.816436 0.962172 0.873234 0.879065 0.872789 0.899363 0.994354 0.921886 0.615909 0.541987 0.637886 0.694093 0.525881 0.856463 0.859246 0.901120 0.865076 0.979213 0.852583 0.833367 0.773384 0.777572 0.800613 0.841195 0.849830 0.815441
0.842925 0.949939 0.790613 0.794951 0.927331 0.832893 0.712954 0.734245 0.989344 0.798114 0.835948 0.749205 0.773843 0.753102 0.723112 0.699680 0.719278 0.626770 0.626761 0.648498 0.990470 0.980837 0.672142 0.835965 0.871397 0.959367 0.876774 0.989532 0.624211 0.587098 0.594110 0.000000 0.622418 0.671472 0.969234 0.811701 0.973935 0.961199 0.942175 0.792560 0.954136 0.993012 0.734128 0.692643 0.815845 0.717752 0.712578 0.770877 0.867391 0.843382 0.880897 0.987742 0.930478 0.859143 0.986441 0.786681 0.918742 0.995176 0.828054 0.924584 0.723325 0.873895 0.713699 0.718388 0.922677 0.864198 0.648897 0.645670 0.977275 0.893394 0.862058 0.900100 0.668962 0.826850 0.954712 0.965855 0.861687 0.998507 0.810728 0.746783 0.702717 0.596641 0.694605 0.741083 0.739684 0.698017 0.956168 0.759596 0.925655 0.775295 0.927294 0.877923 0.944220 0.853334 0.981188 0.916341 0.994991 0.948497 0.834430 0.760625 0.937913 0.953729 0.572404 0.977546 0.833135 0.832966 0.906240 0.811377 0.937645 0.946457 0.780542 0.904665 0.895057 0.976978 0.847333 0.992055
0.510608 0.731734 0.947144 0.979703 0.849685 0.610809 0.437807 0.415874 0.842069 0.469922 0.473521 0.405896 0.378930 0.468081 0.408322 0.644026 0.475173 0.448403 0.498879 0.581931 0.953852 0.865019 0.734764 0.986949 0.509743 0.744406 0.714115 0.979591 0.390022 0.359009 0.541710 0.622418 0.000000 0.434443 0.941665 0.986226 0.835735 0.875008 0.961400 0.948656 0.909601 0.946690 0.489922 0.407561 0.379293 0.364704 0.545608 0.505540 0.461298 0.672502 0.628687 0.849335 0.887905 0.921020 0.760301 0.655139 0.729563 0.747162 0.535597 0.775598 0.337105 0.495216 0.389739 0.337544 0.683617 0.977656 0.663631 0.545250 0.921624 0.654492 0.843417 0.871198 0.897553 0.872397 0.991415 0.822377 0.552385 0.743271 0.734144 0.550861 0.363344 0.488223 0.700918 0.628460 0.593117 0.728620 0.956880 0.921758 0.801055 0.935409 0.828113 0.871584 0.921819 0.655352 0.878450 0.978482 0.782642 0.948172 0.455497 0.627638 0.603872 0.826800 0.469894 0.640485 0.760380 0.866183 0.917299 0.851433 0.873614 0.842583 0.684545 0.718382 0.799276 0.788630 0.977235 0.936871
0.531219 0.610684 0.770202 0.897214 0.918234 0.619860 0.384274 0.399168 0.839135 0.454853 0.440388 0.452947 0.479063 0.533636 0.516338 0.740973 0.385567 0.431696 0.431552 0.583041 0.911262 0.872548 0.876066 0.875919 0.642296 0.817571 0.594242 0.957361 0.322795 0.353805 0.492120 0.671472 0.434443 0.000000 0.988516 0.882005 0.733166 0.826412 0.813551 0.820178 0.971615 0.967942 0.441463 0.329051 0.423962 0.375671 0.426027 0.526686 0.489120 0.632944 0.562360 0.841939 0.875354 0.976138 0.635821 0.579734 0.689372 0.789439 0.486374 0.704236 0.349751 0.538393 0.344098 0.360493 0.730616 0.997659 0.616421 0.525546 0.923741 0.727575 0.839381 0.808633 0.916225 0.916439 0.957967 0.923859 0.586713 0.820768 0.638842 0.633445 0.374601 0.392841 0.751438 0.637865 0.597952 0.757594 0.886620 0.929518 0.934960 0.939402 0.764172 0.877968 0.911892 0.640935 0.978262 0.908808 0.834806 0.980198 0.516376 0.590164 0.622980 0.753022 0.451844 0.851612 0.777987 0.890718 0.821698 0.788671 0.732471 0.760981 0.742653 0.736988 0.707038 0.824489 0.818100 0.850841
0.902421 0.896669 0.875940 0.876987 0.971777 0.787033 0.951686 0.912261 0.920752 0.935778 0.958708 0.993113 0.979352 0.950050 0.966971 0.909366 0.868157 0.992979 0.946867 0.988552 0.986165 0.817874 0.839820 0.888177 0.876123 0.851311 0.980752 0.911482 0.890267 0.955144 0.932547 0.969234 0.941665 0.988516 0.000000 0.895498 0.930977 0.913040 0.837604 0.995672 0.853230 0.901825 0.980052 0.958055 0.950070 0.975246 0.872940 0.957945 0.977140 0.883521 0.987454 0.995470 0.997201 0.927220 0.764707 0.882794 0.936912 0.838782 0.889977 0.819310 0.946332 0.982718 0.979847 0.984887 0.855896 0.881342 0.797249 0.893229 0.904007 0.938413 0.916995 0.807412 0.871694 0.938435 0.929202 0.908244 0.874132 0.891563 0.837148 0.888024 0.926680 0.910178 0.910550 0.974360 0.944404 0.853307 0.988958 0.990086 0.971223 0.983394 0.872718 0.928137 0.838181 0.885883 0.993944 0.954837 0.914099 0.812262 0.934868 0.924304 0.905906 0.834540 0.957630 0.935900 0.912264 0.997662 0.863074 0.983281 0.995193 0.771404 0.850472 0.927646 0.835065 0.904284 0.895578 0.986011
0.822955 0.834247 0.991727 0.927450 0.957034 0.985832 0.975847 0.913851 0.910802 0.950988 0.930171 0.944435 0.946181 0.985430 0.970371 0.904100 0.955876 0.892431 0.930585 0.888224 0.981191 0.803041 0.893842 0.798810 0.966392 0.915529 0.856934 0.881146 0.996130 0.961849 0.990590 0.811701 0.986226 0.882005 0.895498 0.000000 0.915717 0.901456 0.946665 0.999293 0.839988 0.994073 0.997315 0.999735 0.942636 0.984641 0.913303 0.936611 0.873553 0.873107 0.856940 0.791713 0.797684 0.807944 0.822896 0.854869 0.752333 0.638185 0.879159 0.718699 0.934764 0.942904 0.997598 0.952519 0.987707 0.939983 0.861445 0.959605 0.812151 0.657477 0.851311 0.890714 0.944961 0.993688 0.902788 0.887293 0.976209 0.964429 0.997195 0.905728 0.948213 0.942949 0.996460 0.948600 0.890375 0.974488 0.795970 0.913264 0.740825 0.930360 0.794110 0.829534 0.783585 0.731047 0.768808 0.930027 0.916297 0.923581 0.793696 0.777915 0.856847 0.914177 0.946293 0.910106 0.777995 0.871336 0.899670 0.904758 0.930109 0.999380 0.788183 0.950856 0.963880 0.795475 0.982488 0.816907
0.771080 0.922811 0.942001 0.941410 0.987706 0.829681 0.831581 0.798676 0.943121 0.767553 0.844849 0.811129 0.887025 0.852112 0.855976 0.917952 0.830178 0.843160 0.820287 0.951196 0.867376 0.866688 0.924865 0.944002 0.826235 0.920140 0.768757 0.876372 0.886357 0.875506 0.933580 0.973935 0.835735 0.733166 0.930977 0.915717 0.000000 0.904650 0.832824 0.848319 0.939014 0.850124 0.761743 0.741317 0.682517 0.699485 0.885498 0.856898 0.703428 0.785210 0.851063 0.843993 0.888062 0.832504 0.878780 0.913477 0.928090 0.922505 0.948297 0.920084 0.809126 0.800354 0.857702 0.808374 0.824276 0.873458 0.843041 0.853583 0.864658 0.970271 0.928034 0.825585 0.988827 0.997321 0.999960 0.870345 0.781482 0.884737 0.922167 0.917153 0.823531 0.884457 0.957347 0.936193 0.943672 0.927224 0.918527 0.736462 0.995187 0.950377 0.744823 0.831091 0.756221 0.970476 0.961697 0.941329 0.988805 0.996965 0.703152 0.916769 0.952291 0.857265 0.804782 0.939603 0.974681 0.998303 0.910014 0.823364 0.899699 0.848807 0.843461 0.916248 0.695775 0.897036 0.907523 0.873893
0.880332 0.994830 0.980917 0.786163 0.921731 0.958325 0.741083 0.837506 0.951153 0.878233 0.707394 0.878744 0.699850 0.817423 0.813521 0.929528 0.786589 0.911628 0.883321 0.966424 0.865519 0.975069 0.940031 0.819970 0.760126 0.803247 0.719560 0.800133 0.759497 0.798603 0.843657 0.961199 0.875008 0.826412 0.913040 0.901456 0.904650 0.000000 0.834067 0.876572 0.939764 0.920421 0.980571 0.885986 0.890114 0.898115 0.843180 0.899100 0.979494 0.986233 0.920445 0.825516 0.816188 0.799231 0.920610 0.888173 0.952728 0.941654 0.824433 0.937333 0.692061 0.895357 0.695553 0.749507 0.842115 0.942380 0.939173 0.905945 0.795933 0.870718 0.830607 0.988642 0.948506 0.824631 0.876909 0.973332 0.802525 0.879103 0.847268 0.958384 0.755551 0.803611 0.916830 0.995896 0.873343 0.975492 0.920243 0.961202 0.863316 0.974337 0.938638 0.867333 0.898743 0.758080 0.938235 0.897290 0.888744 0.900832 0.941516 0.946815 0.860540 0.892349 0.986270 0.985017 0.900216 0.918589 0.855785 0.976311 0.787916 0.926535 0.984895 0.976364 0.727061 0.965796 0.901646 0.974996
