0.000000 0.413458 0.774847 0.900722 0.720811 0.842641 0.865083 0.804477 0.902815 0.866396 0.562270 0.372395 0.530808 0.526332 0.666147 0.732269 0.545564 0.502166 0.453791 0.392454 0.951853 0.989538 0.668017 0.840543 0.867746 0.569167 0.883238 0.878416 0.551718 0.674083 0.816781 0.903431 0.883037 0.988319 0.885878 0.858281 0.710968 0.877229 0.871974 0.852223 0.907729 0.935401 0.820127 0.849303 0.807958 0.981128 0.852266 0.931941 0.702606 0.846374 0.950201 0.885997 0.847378 0.572382 0.799684 0.885169 0.384986 0.431000 0.588340 0.595459 0.859706 0.649655 0.552225 0.419286 0.837007 0.804656 0.720169 0.661029 0.404506 0.496149 0.897298 0.771415 0.908366 0.735549 0.900773 0.952865 0.985090 0.720307 0.908262 0.896436 0.525325 0.463895 0.634008 0.689615 0.420833 0.819872 0.872351 0.670573 0.744573 0.507167 0.761961 0.645434 0.679895 0.613990 0.980511 0.912613 0.993359 0.974429 0.997400 0.974166 0.838065 0.612898 0.948999 0.903619 0.949791 0.993147 0.998087 0.677423 0.863935 0.951260 0.953446 0.932473 0.965614 0.930637 0.883303 0.933923
0.413458 0.000000 0.522858 0.813888 0.855490 0.663862 0.596124 0.833814 0.725091 0.825342 0.900621 0.416115 0.819794 0.529418 0.742607 0.700109 0.366546 0.333309 0.534110 0.393806 0.897635 0.920858 0.800080 0.847934 0.952958 0.591661 0.845929 0.773655 0.456450 0.515940 0.712337 0.914236 0.960289 0.995107 0.729674 0.846978 0.785104 0.842374 0.868184 0.669867 0.951121 0.934416 0.981605 0.873009 0.929953 0.693768 0.696686 0.760721 0.366217 0.532396 0.862828 0.899355 0.946658 0.649257 0.731770 0.923445 0.293048 0.295582 0.898799 0.779072 0.790350 0.723728 0.778117 0.517767 0.726550 0.680814 0.485297 0.617692 0.603803 0.450688 0.616408 0.486642 0.704418 0.657646 0.933796 0.999401 0.980965 0.716779 0.893039 0.799853 0.437547 0.385074 0.442669 0.512992 0.404717 0.673548 0.954074 0.590098 0.938763 0.695589 0.486567 0.441617 0.466716 0.394500 0.929142 0.945510 0.866941 0.993345 0.817712 0.888768 0.628091 0.468607 0.815397 0.691093 0.782396 0.809940 0.942417 0.593208 0.894122 0.933784 0.913077 0.943785 0.860677 0.964230 0.925592 0.875252
0.774847 0.522858 0.000000 0.453504 0.986226 0.565521 0.340112 0.654928 0.798838 0.949790 0.943901 0.806601 0.774612 0.964622 0.937016 0.978607 0.745628 0.646977 0.997276 0.797842 0.774598 0.857476 0.843157 0.894939 0.893482 0.570446 0.818165 0.861170 0.783363 0.886360 0.437515 0.519125 0.500229 0.597859 0.542422 0.790044 0.949912 0.791034 0.936557 0.903108 0.818568 0.830755 0.705070 0.811367 0.745853 0.938146 0.791020 0.814678 0.623065 0.848383 0.809080 0.844975 0.697720 0.544521 0.892480 0.894176 0.671108 0.579568 0.949056 0.999755 0.558139 0.968511 0.760521 0.946563 0.417284 0.487642 0.330768 0.436900 0.755691 0.753052 0.512939 0.517404 0.569168 0.622912 0.889661 0.917832 0.829954 0.634919 0.990011 0.918781 0.808877 0.727496 0.723506 0.784829 0.825481 0.994816 0.971212 0.987193 0.937990 0.974185 0.480888 0.623631 0.557468 0.630565 0.760606 0.910059 0.731178 0.977920 0.632492 0.611166 0.555685 0.571240 0.660309 0.612829 0.613286 0.627920 0.868602 0.796230 0.963403 0.776181 0.745463 0.826700 0.768519 0.857403 0.776957 0.983317
0.900722 0.813888 0.453504 0.000000 0.993574 0.770433 0.480776 0.451324 0.963846 0.794928 0.919185 0.998245 0.840891 0.722998 0.839615 0.776010 0.922167 0.912182 0.859557 0.942965 0.785657 0.791650 0.678780 0.646483 0.751571 0.536589 0.889425 0.965417 0.981113 0.873409 0.345681 0.437136 0.565994 0.570895 0.708912 0.854654 0.952380 0.863060 0.900693 0.904627 0.708539 0.896864 0.576117 0.652404 0.616751 0.716886 0.668626 0.702856 0.919191 0.885311 0.607114 0.591131 0.546816 0.520776 0.861084 0.851795 0.853515 0.786551 0.921189 0.966590 0.815276 0.925557 0.736094 0.973381 0.516015 0.486251 0.570187 0.584123 0.823215 0.825699 0.596566 0.558106 0.529064 0.676745 0.855722 0.887044 0.655887 0.550993 0.826123 0.887056 0.981778 0.993911 0.964463 0.993909 0.923497 0.678025 0.928490 0.853293 0.886964 0.952272 0.637289 0.792244 0.695975 0.887419 0.657013 0.846004 0.757885 0.891872 0.655135 0.655322 0.723200 0.702985 0.716037 0.779302 0.691269 0.571562 0.892878 0.862922 0.998431 0.876674 0.667738 0.795936 0.682051 0.838849 0.885484 0.953573
0.720811 0.855490 0.986226 0.993574 0.000000 0.949758 0.875633 0.852707 0.844656 0.858618 0.747120 0.739623 0.704017 0.712687 0.613646 0.631691 0.800192 0.843831 0.706395 0.759041 0.939744 0.898447 0.642813 0.610270 0.986636 0.821564 0.751473 0.774119 0.764800 0.732339 0.969907 0.951950 0.794937 0.910580 0.981132 0.849526 0.981494 0.844643 0.974855 0.991079 0.984536 0.946847 0.964723 0.943096 0.931234 0.959433 0.969167 0.880144 0.811100 0.835126 0.886625 0.923055 0.899184 0.948088 0.848305 0.929101 0.839045 0.971414 0.878800 0.988917 0.932449 0.721384 0.871051 0.786750 0.930012 0.995738 0.981687 0.862267 0.789877 0.778476 0.901516 0.988597 0.902327 0.903636 0.999464 0.984342 0.959027 0.832273 0.902120 0.911800 0.806992 0.872870 0.808546 0.832761 0.692463 0.733305 0.745177 0.677184 0.770345 0.816995 0.976369 0.986570 0.902163 0.899025 0.845997 0.949821 0.994825 0.968833 0.941559 0.889445 0.884396 0.955582 0.936793 0.894317 0.893942 0.952241 0.810663 0.912086 0.851570 0.794564 0.924221 0.894834 0.963874 0.928290 0.961644 0.884083
0.842641 0.663862 0.565521 0.770433 0.949758 0.000000 0.489331 0.758077 0.713654 0.871609 0.716654 0.893329 0.822461 0.967656 0.895439 0.887601 0.774595 0.762376 0.931823 0.773280 0.693642 0.973621 0.984550 0.944458 0.949521 0.729859 0.830079 0.931630 0.769567 0.857682 0.715529 0.704109 0.680482 0.788683 0.793607 0.916374 0.924465 0.844184 0.873183 0.938394 0.999416 0.916339 0.844109 0.909453 0.919240 0.965518 0.979157 0.990402 0.722638 0.827934 0.906960 0.946380 0.864389 0.740597 0.971864 0.917481 0.638145 0.594204 0.906568 0.895364 0.559279 0.876944 0.736475 0.965657 0.732593 0.536729 0.523163 0.632795 0.686944 0.739223 0.567623 0.578912 0.815647 0.679136 0.741724 0.743070 0.866964 0.790086 0.979101 0.890226 0.935984 0.807197 0.756395 0.786815 0.835881 0.910837 0.813203 0.908642 0.994533 0.924543 0.643799 0.657663 0.710839 0.679846 0.900241 0.910690 0.832492 0.968635 0.804755 0.699379 0.701431 0.734268 0.735255 0.754518 0.706164 0.804285 0.798718 0.869838 0.965981 0.984551 0.900748 0.793682 0.978847 0.958311 0.769523 0.966927
0.865083 0.596124 0.340112 0.480776 0.875633 0.489331 0.000000 0.541749 0.622354 0.799042 0.842562 0.935166 0.635111 0.820561 0.795879 0.804557 0.775428 0.715024 0.897757 0.776781 0.767954 0.845871 0.778860 0.866153 0.985916 0.667964 0.844661 0.883307 0.940500 0.984831 0.398949 0.510015 0.452069 0.520532 0.572967 0.803059 0.974997 0.732419 0.923006 0.964492 0.856222 0.781350 0.620351 0.728213 0.671695 0.865358 0.800812 0.758222 0.755157 0.926071 0.672502 0.726098 0.636880 0.489036 0.844072 0.982222 0.646179 0.576668 0.870965 0.891950 0.427476 0.808632 0.638390 0.922791 0.476670 0.372999 0.299191 0.385755 0.756461 0.797143 0.493383 0.446526 0.525297 0.538202 0.809876 0.786802 0.711574 0.565730 0.907850 0.993928 0.859002 0.732553 0.792161 0.758636 0.901980 0.912954 0.980879 0.948637 0.942330 0.950375 0.433056 0.560561 0.575166 0.640744 0.723360 0.788915 0.749226 0.842226 0.487864 0.484563 0.478298 0.506822 0.614832 0.553362 0.577284 0.586543 0.917210 0.816663 0.959500 0.819379 0.776559 0.710909 0.802079 0.853332 0.803477 0.993721
0.804477 0.833814 0.654928 0.451324 0.852707 0.758077 0.541749 0.000000 0.893034 0.602034 0.885181 0.587501 0.576323 0.406767 0.666953 0.543421 0.859916 0.924035 0.688808 0.762112 0.865727 0.985827 0.640940 0.665857 0.926655 0.835662 0.945762 0.830003 0.719500 0.762294 0.583175 0.544487 0.566935 0.557198 0.733720 0.976106 0.883090 0.873646 0.861093 0.831268 0.680999 0.876699 0.491488 0.557021 0.502194 0.520749 0.518917 0.545937 0.696157 0.598951 0.528264 0.551549 0.670095 0.733885 0.710487 0.985934 0.909575 0.943869 0.729018 0.701361 0.612766 0.466483 0.501895 0.615582 0.535372 0.443476 0.644145 0.606171 0.931293 0.828385 0.764595 0.800747 0.670098 0.774788 0.784630 0.807757 0.619207 0.780998 0.974263 0.963425 0.828856 0.906597 0.840767 0.997372 0.676952 0.516921 0.982010 0.664226 0.938337 0.664840 0.764547 0.942279 0.835246 0.950082 0.660736 0.850545 0.796746 0.842835 0.535125 0.477129 0.679766 0.875803 0.684758 0.869195 0.669779 0.746746 0.786799 0.964464 0.914861 0.865298 0.689399 0.598254 0.678302 0.789480 0.881285 0.888079
0.902815 0.725091 0.798838 0.963846 0.844656 0.713654 0.622354 0.893034 0.000000 0.807012 0.797749 0.915987 0.765352 0.887100 0.804190 0.944516 0.811502 0.716073 0.938624 0.702466 0.922938 0.982404 0.954443 0.848359 0.849556 0.945515 0.959100 0.934464 0.827593 0.840753 0.895215 0.942485 0.820583 0.972047 0.808084 0.986058 0.920463 0.713210 0.878606 0.827109 0.881693 0.969899 0.979849 0.996056 0.974212 0.939833 0.928829 0.960754 0.820211 0.992653 0.914439 0.846625 0.833602 0.776310 0.931259 0.978779 0.697296 0.675865 0.837923 0.914672 0.677776 0.787409 0.984223 0.999095 0.745987 0.789326 0.622538 0.794761 0.890550 0.955362 0.759780 0.615407 0.706989 0.591931 0.871994 0.880406 0.737423 0.892172 0.861039 0.902866 0.760463 0.686405 0.678038 0.660912 0.845396 0.845156 0.849496 0.802577 0.695791 0.981405 0.544702 0.466700 0.550672 0.518714 0.779033 0.882124 0.873826 0.863965 0.632178 0.643176 0.596705 0.694599 0.667304 0.528487 0.831470 0.852955 0.904900 0.736774 0.985825 0.845567 0.924048 0.678687 0.969353 0.856077 0.851955 0.819095
0.866396 0.825342 0.949790 0.794928 0.858618 0.871609 0.799042 0.602034 0.807012 0.000000 0.891771 0.662776 0.769760 0.625110 0.514301 0.500993 0.817014 0.841895 0.717777 0.789309 0.981506 0.960085 0.533648 0.679104 0.840276 0.916135 0.996897 0.932868 0.709332 0.708368 0.849409 0.789280 0.726237 0.776051 0.854195 0.818576 0.902610 0.975518 0.971556 0.930481 0.878140 0.917312 0.876532 0.905983 0.774837 0.745007 0.797482 0.794977 0.662966 0.652690 0.738153 0.757740 0.841828 0.987067 0.911696 0.997615 0.918278 0.901597 0.893826 0.914995 0.920520 0.576964 0.828223 0.704434 0.916589 0.881929 0.953078 0.993092 0.908794 0.746963 0.875226 0.996862 0.867884 0.931272 0.667686 0.796149 0.760296 0.931394 0.970349 0.814157 0.796322 0.853067 0.759703 0.902572 0.652844 0.687692 0.873830 0.823285 0.961242 0.774843 0.998694 0.985047 0.949982 0.912666 0.796044 0.933501 0.864411 0.961683 0.901183 0.741955 0.868511 0.882572 0.986016 0.926900 0.855770 0.928024 0.920781 0.940981 0.830092 0.896691 0.862200 0.832657 0.965390 0.923837 0.908303 0.763203
0.562270 0.900621 0.943901 0.919185 0.747120 0.716654 0.842562 0.885181 0.797749 0.891771 0.000000 0.660674 0.494249 0.775939 0.793845 0.876791 0.950150 0.911519 0.803593 0.778506 0.966278 0.967164 0.894765 0.959013 0.793207 0.916920 0.999390 0.944840 0.905710 0.968802 0.892410 0.945414 0.872946 0.956032 0.965456 0.885999 0.796799 0.820412 0.884318 0.877393 0.911195 0.994053 0.823488 0.836169 0.768183 0.783533 0.968820 0.930165 0.940770 0.926523 0.870918 0.831577 0.845745 0.757129 0.971018 0.956909 0.913557 0.960678 0.550403 0.641185 0.550594 0.643459 0.637035 0.619592 0.928594 0.854835 0.901753 0.952967 0.762636 0.805260 0.927587 0.966624 0.934116 0.965158 0.801133 0.945202 0.918717 0.872650 0.786009 0.894789 0.884582 0.868605 0.970346 0.983529 0.797771 0.966053 0.965963 0.989439 0.687171 0.663193 0.869664 0.972376 0.995242 0.933556 0.982107 0.914182 0.954847 0.918082 0.847558 0.881066 0.906321 0.975260 0.819842 0.920762 0.855845 0.939648 0.911210 0.972365 0.929426 0.757256 0.964389 0.837541 0.871884 0.824886 0.950914 0.980789
0.372395 0.416115 0.806601 0.998245 0.739623 0.893329 0.935166 0.587501 0.915987 0.662776 0.660674 0.000000 0.493020 0.373358 0.527814 0.511572 0.539571 0.534899 0.494097 0.429935 0.951129 0.974251 0.609441 0.687829 0.836177 0.663329 0.914693 0.750820 0.476809 0.607008 0.884317 0.989774 0.882396 0.919368 0.875408 0.754288 0.728912 0.881504 0.925676 0.825720 0.977262 0.975486 0.983406 0.966470 0.959322 0.799038 0.773774 0.795722 0.503223 0.630773 0.867339 0.911693 0.953380 0.701628 0.824807 0.960099 0.526292 0.552597 0.658677 0.656413 0.831964 0.420668 0.558140 0.393173 0.970322 0.965042 0.776308 0.770931 0.581534 0.510236 0.892504 0.783980 0.945143 0.871380 0.829959 0.971221 0.908316 0.759539 0.962318 0.894929 0.556564 0.564460 0.621034 0.766285 0.382999 0.633032 0.786573 0.584619 0.795435 0.531919 0.791319 0.714683 0.713942 0.662106 0.972935 0.952074 0.905652 0.998097 0.955215 0.860348 0.930581 0.665992 0.937065 0.884573 0.993102 0.976707 0.980364 0.772543 0.817140 0.969980 0.925604 0.823657 0.955431 0.980318 0.964626 0.785814
0.530808 0.819794 0.774612 0.840891 0.704017 0.822461 0.635111 0.576323 0.765352 0.769760 0.494249 0.493020 0.000000 0.492759 0.534361 0.568817 0.819348 0.897468 0.548965 0.666112 0.972560 0.900894 0.577436 0.802408 0.858303 0.834809 0.993450 0.948338 0.694828 0.749782 0.816144 0.775787 0.624373 0.804636 0.862730 0.969416 0.804920 0.761258 0.883614 0.965820 0.946635 0.952769 0.907445 0.948875 0.900264 0.910752 0.727251 0.812919 0.880967 0.868677 0.833881 0.886492 0.878795 0.999762 0.716910 0.958637 0.792814 0.865409 0.603069 0.680624 0.505190 0.493160 0.550456 0.508383 0.823140 0.763208 0.782941 0.908363 0.702729 0.763161 0.718759 0.890029 0.752551 0.847224 0.757370 0.912845 0.824968 0.924012 0.960032 0.956652 0.838145 0.860610 0.831367 0.992395 0.650404 0.863438 0.736468 0.760544 0.676783 0.614284 0.812836 0.943374 0.926929 0.988050 0.887783 0.907302 0.893326 0.864450 0.649622 0.648575 0.700536 0.994769 0.750039 0.816317 0.697552 0.836038 0.894653 0.879069 0.959695 0.728771 0.800199 0.691757 0.813421 0.919373 0.884127 0.908600
0.526332 0.529418 0.964622 0.722998 0.712687 0.967656 0.820561 0.406767 0.887100 0.625110 0.775939 0.373358 0.492759 0.000000 0.473415 0.379834 0.606517 0.567591 0.413155 0.440400 0.935908 0.918403 0.456753 0.507585 0.973882 0.807480 0.931059 0.835001 0.451754 0.468281 0.796453 0.607990 0.647964 0.658587 0.999125 0.931138 0.815088 0.909112 0.846922 0.759638 0.828223 0.934081 0.652112 0.670778 0.665807 0.603467 0.536227 0.600589 0.493902 0.540676 0.569182 0.658165 0.737142 0.964646 0.644419 0.952803 0.609989 0.697533 0.866034 0.817424 0.847199 0.524040 0.521807 0.501312 0.904444 0.763041 0.953231 0.994323 0.771908 0.652305 0.922759 0.899699 0.798190 0.932330 0.775103 0.868266 0.773622 0.972300 0.929396 0.764102 0.556677 0.573218 0.518530 0.767718 0.365059 0.411516 0.849178 0.481927 0.951167 0.600265 0.895904 0.713959 0.782390 0.615224 0.863044 0.916850 0.994198 0.936953 0.859166 0.708019 0.979162 0.845335 0.976760 0.968160 0.890585 0.900734 0.856937 0.845027 0.912390 0.900608 0.911715 0.733260 0.737583 0.884341 0.981148 0.777271
0.666147 0.742607 0.937016 0.839615 0.613646 0.895439 0.795879 0.666953 0.804190 0.514301 0.793845 0.527814 0.534361 0.473415 0.000000 0.386885 0.645178 0.685073 0.481527 0.596051 0.954282 0.960131 0.389158 0.592336 0.966519 0.811428 0.984697 0.930088 0.602413 0.556187 0.771846 0.714907 0.595187 0.692336 0.982472 0.926898 0.802533 0.749016 0.999417 0.994200 0.987845 0.991569 0.805618 0.834348 0.771983 0.721844 0.728318 0.670415 0.653728 0.627421 0.632656 0.651617 0.667159 0.876143 0.761101 0.966871 0.759447 0.873387 0.970762 0.970321 0.937052 0.628275 0.720952 0.651604 0.883391 0.926239 0.997987 0.889165 0.679718 0.748418 0.820474 0.989573 0.748058 0.769633 0.701166 0.906413 0.739811 0.958144 0.961865 0.755601 0.653724 0.726828 0.633982 0.880617 0.438378 0.655723 0.628634 0.685376 0.804173 0.719357 0.990243 0.993503 0.934031 0.865213 0.848457 0.935912 0.924872 0.850362 0.890529 0.712625 0.906018 0.860518 0.952250 0.780802 0.848789 0.891817 0.869861 0.868297 0.870345 0.888121 0.937989 0.737723 0.811262 0.819645 0.859396 0.929053
0.732269 0.700109 0.978607 0.776010 0.631691 0.887601 0.804557 0.543421 0.944516 0.500993 0.876791 0.511572 0.568817 0.379834 0.386885 0.000000 0.733100 0.702149 0.507008 0.621530 0.939785 0.970261 0.390492 0.445577 0.950795 0.790479 0.977187 0.810233 0.508680 0.499801 0.809322 0.668654 0.706980 0.792660 0.921049 0.804994 0.950997 0.964888 0.936195 0.976944 0.869515 0.997394 0.754180 0.757814 0.703262 0.659074 0.717936 0.733655 0.543708 0.636039 0.640792 0.675680 0.718359 0.888354 0.745717 0.950071 0.817982 0.861499 0.965845 0.938829 0.972702 0.597137 0.773542 0.728192 0.949158 0.839659 0.936817 0.922763 0.868977 0.780062 0.877899 0.961618 0.803616 0.815356 0.722351 0.842925 0.789476 0.938514 0.915571 0.778071 0.709021 0.769591 0.574741 0.845060 0.518736 0.517535 0.739208 0.580623 0.978715 0.786769 0.893657 0.904286 0.861149 0.725121 0.907974 0.853986 0.967742 0.835995 0.934232 0.763161 0.952158 0.835138 0.877011 0.972332 0.942351 0.992126 0.941662 0.865212 0.828853 0.997889 0.927255 0.818085 0.854042 0.886048 0.970262 0.831078
0.545564 0.366546 0.745628 0.922167 0.800192 0.774595 0.775428 0.859916 0.811502 0.817014 0.950150 0.539571 0.819348 0.606517 0.645178 0.733100 0.000000 0.391175 0.529463 0.424218 0.905449 0.984881 0.723350 0.803437 0.914519 0.672838 0.854293 0.946236 0.465160 0.435669 0.907968 0.939905 0.893233 0.864460 0.907191 0.829743 0.788516 0.892177 0.898348 0.665120 0.966633 0.965187 0.966996 0.916681 0.891882 0.705590 0.732207 0.738266 0.542584 0.592308 0.842791 0.925922 0.988158 0.771919 0.722132 0.999391 0.337024 0.407340 0.969569 0.870394 0.832264 0.811570 0.767579 0.543978 0.822500 0.715073 0.633762 0.705092 0.674594 0.461831 0.797948 0.597429 0.827615 0.696169 0.855437 0.939888 0.993400 0.818065 0.742258 0.785154 0.363310 0.405033 0.522018 0.465977 0.436856 0.715777 0.849057 0.589514 0.939578 0.778615 0.543723 0.526484 0.518299 0.508881 0.995090 0.973765 0.900324 0.882187 0.772039 0.938151 0.753971 0.536588 0.850653 0.903200 0.859112 0.883443 0.936849 0.540688 0.949563 0.961996 0.931080 0.984847 0.848627 0.898919 0.983965 0.867950
0.502166 0.333309 0.646977 0.912182 0.843831 0.762376 0.715024 0.924035 0.716073 0.841895 0.911519 0.534899 0.897468 0.567591 0.685073 0.702149 0.391175 0.000000 0.435671 0.415377 0.958075 0.976164 0.732692 0.759605 0.886842 0.646136 0.792120 0.857792 0.488853 0.407644 0.819670 0.991083 0.951214 0.911505 0.710123 0.881743 0.770873 0.914511 0.846013 0.664143 0.966301 0.990935 0.960362 0.880906 0.936433 0.734248 0.712604 0.750423 0.486822 0.604275 0.824130 0.885347 0.918088 0.788889 0.749138 0.910578 0.343977 0.423675 0.907865 0.933584 0.726674 0.935141 0.789683 0.620873 0.755039 0.710733 0.540603 0.635930 0.627651 0.577658 0.699278 0.613189 0.836870 0.748084 0.927423 0.989029 0.949456 0.790808 0.744869 0.656964 0.386860 0.353066 0.409130 0.493887 0.417624 0.640287 0.958250 0.574369 0.999856 0.766927 0.525632 0.514237 0.460940 0.470432 0.986077 0.998633 0.837556 0.996209 0.734248 0.863204 0.579783 0.525826 0.697775 0.762000 0.822521 0.823844 0.960200 0.579536 0.961929 0.923602 0.892250 0.937411 0.830590 0.919936 0.974101 0.936445
0.453791 0.534110 0.997276 0.859557 0.706395 0.931823 0.897757 0.688808 0.938624 0.717777 0.803593 0.494097 0.548965 0.413155 0.481527 0.507008 0.529463 0.435671 0.000000 0.432843 0.930346 0.990730 0.431835 0.595984 0.989233 0.649724 0.901501 0.978792 0.494685 0.458278 0.911102 0.756123 0.665326 0.786013 0.950429 0.911923 0.746114 0.927865 0.851246 0.839005 0.907864 0.917732 0.831300 0.841288 0.840550 0.746065 0.596013 0.687516 0.594512 0.675025 0.708638 0.817888 0.790937 0.969070 0.663061 0.992066 0.455113 0.594361 0.941454 0.918769 0.982748 0.772264 0.625824 0.558507 0.990572 0.926490 0.865028 0.835117 0.580264 0.621983 0.936152 0.908364 0.889491 0.976506 0.902382 0.821687 0.855103 0.934753 0.868929 0.740899 0.546712 0.513458 0.469415 0.652828 0.380104 0.610612 0.784870 0.549165 0.853840 0.650428 0.847927 0.771524 0.728174 0.679949 0.974262 0.885543 0.989075 0.910989 0.959728 0.838942 0.909330 0.721179 0.934583 0.990648 0.974722 0.889962 0.995218 0.647824 0.920063 0.970073 0.952814 0.855074 0.707371 0.831682 0.977798 0.960308
0.392454 0.393806 0.797842 0.942965 0.759041 0.773280 0.776781 0.762112 0.702466 0.789309 0.778506 0.429935 0.666112 0.440400 0.596051 0.621530 0.424218 0.415377 0.432843 0.000000 0.977434 0.979373 0.529650 0.601241 0.993272 0.683215 0.879059 0.880149 0.488238 0.520979 0.943682 0.985133 0.855547 0.943636 0.850316 0.818166 0.787267 0.983613 0.873478 0.760998 0.947389 0.891005 0.995697 0.979299 0.935314 0.766541 0.723806 0.773235 0.542732 0.579203 0.848714 0.935061 0.960173 0.726450 0.704463 0.864373 0.326979 0.408067 0.859354 0.821720 0.876052 0.734374 0.737565 0.560593 0.861290 0.768002 0.657077 0.672737 0.467810 0.521706 0.907328 0.645596 0.950625 0.693333 0.863398 0.977466 0.916898 0.794566 0.985468 0.866725 0.489890 0.394319 0.472396 0.500827 0.357953 0.637990 0.875289 0.563092 0.890726 0.582472 0.630381 0.535577 0.638368 0.504017 0.933426 0.965404 0.974110 0.990660 0.853261 0.932409 0.770727 0.575903 0.834952 0.821580 0.969287 0.993652 0.927216 0.691851 0.957867 0.972728 0.953472 0.999148 0.867365 0.955089 0.924695 0.896544
0.951853 0.897635 0.774598 0.785657 0.939744 0.693642 0.767954 0.865727 0.922938 0.981506 0.966278 0.951129 0.972560 0.935908 0.954282 0.939785 0.905449 0.958075 0.930346 0.977434 0.000000 0.943719 0.920874 0.876214 0.901193 0.822476 0.970005 0.907165 0.916873 0.912393 0.691608 0.798640 0.868692 0.910653 0.910451 0.969608 0.922096 0.994783 0.842766 0.871487 0.870951 0.944188 0.944385 0.995501 0.933441 0.893638 0.962165 0.887795 0.849875 0.728520 0.976530 0.981876 0.953984 0.856760 0.959985 0.958284 0.878155 0.870500 0.974655 0.945606 0.879370 0.880460 0.823412 0.988703 0.991729 0.799273 0.912177 0.900512 0.943451 0.902249 0.747598 0.841737 0.834482 0.742218 0.868487 0.736231 0.876808 0.975552 0.900973 0.897280 0.989388 0.945533 0.956007 0.921040 0.919231 0.917557 0.763692 0.896674 0.911055 0.861944 0.866488 0.971642 0.928570 0.917169 0.917856 0.891349 0.888406 0.934897 0.914255 0.933838 0.950949 0.968932 0.997637 0.936908 0.932699 0.975890 0.842484 0.998927 0.998769 0.919179 0.974471 0.906759 0.981191 0.891872 0.994167 0.870292
0.989538 0.920858 0.857476 0.791650 0.898447 0.973621 0.845871 0.985827 0.982404 0.960085 0.967164 0.974251 0.900894 0.918403 0.960131 0.970261 0.984881 0.976164 0.990730 0.979373 0.943719 0.000000 0.961175 0.994148 0.925641 0.758846 0.893195 0.944349 0.985304 0.849833 0.762709 0.958541 0.812894 0.776796 0.924513 0.834497 0.932230 0.806882 0.955861 0.927492 0.917101 0.982231 0.976115 0.989470 0.950355 0.996473 0.923103 0.894606 0.869763 0.934629 0.876681 0.913372 0.836283 0.870397 0.956281 0.888175 0.997540 0.978612 0.985394 0.986481 0.966767 0.963254 0.913393 0.987299 0.922493 0.947773 0.863774 0.929840 0.922380 0.972466 0.887756 0.921344 0.991226 0.945116 0.808327 0.985573 0.908216 0.846469 0.824152 0.976092 0.919771 0.928098 0.971992 0.851435 0.971160 0.943358 0.804782 0.988308 0.973004 0.983957 0.884449 0.931219 0.912342 0.935640 0.989635 0.995522 0.916022 0.928996 0.954929 0.997312 0.867152 0.984715 0.848284 0.943811 0.853128 0.820962 0.933059 0.966061 0.999242 0.898122 0.823234 0.985634 0.960808 0.938155 0.871103 0.807148
0.668017 0.800080 0.843157 0.678780 0.642813 0.984550 0.778860 0.640940 0.954443 0.533648 0.894765 0.609441 0.577436 0.456753 0.389158 0.390492 0.723350 0.732692 0.431835 0.529650 0.920874 0.961175 0.000000 0.410669 0.996719 0.831560 0.860301 0.988225 0.607762 0.554196 0.688109 0.660659 0.606881 0.777227 0.977780 0.900160 0.879081 0.883513 0.974333 0.967908 0.867001 0.989927 0.925922 0.974144 0.848928 0.831097 0.793539 0.826456 0.749927 0.734791 0.758864 0.800269 0.745014 0.935822 0.850600 0.757824 0.732466 0.828834 0.946647 0.907825 0.982497 0.760336 0.833789 0.769672 0.950219 0.972467 0.976957 0.856016 0.667550 0.766247 0.684031 0.936599 0.658086 0.856639 0.798749 0.878701 0.813716 0.928449 0.994816 0.863100 0.719422 0.659846 0.607557 0.785110 0.480671 0.607085 0.729176 0.572177 0.947138 0.765211 0.987177 0.942697 0.972317 0.788144 0.806080 0.884842 0.853666 0.992025 0.936319 0.864710 0.918094 0.864776 0.890182 0.851770 0.902085 0.854133 0.932023 0.892772 0.898030 0.983768 0.891920 0.951728 0.813231 0.929160 0.863951 0.880350
0.840543 0.847934 0.894939 0.646483 0.610270 0.944458 0.866153 0.665857 0.848359 0.679104 0.959013 0.687829 0.802408 0.507585 0.592336 0.445577 0.803437 0.759605 0.595984 0.601241 0.876214 0.994148 0.410669 0.000000 0.879316 0.997387 0.932482 0.905616 0.685653 0.629388 0.734182 0.683458 0.753227 0.846510 0.983547 0.784533 0.975664 0.985569 0.853859 0.897594 0.755289 0.886772 0.827055 0.838283 0.773179 0.760194 0.840977 0.850028 0.716149 0.735429 0.751596 0.811420 0.771799 0.904453 0.856380 0.968896 0.851594 0.933342 0.860923 0.843709 0.886793 0.844639 0.864974 0.897645 0.996098 0.901630 0.957843 0.932444 0.900860 0.881100 0.781906 0.944191 0.825386 0.941881 0.852729 0.910953 0.787426 0.983373 0.953896 0.831787 0.740512 0.740808 0.686883 0.725658 0.580137 0.487484 0.874337 0.570594 0.970983 0.784096 0.925292 0.876711 0.885866 0.747494 0.996700 0.866821 0.933435 0.991593 0.990444 0.917750 0.913058 0.935344 0.830718 0.942303 0.975605 0.926502 0.975042 0.973209 0.973896 0.911985 0.936104 0.944674 0.940722 0.980652 0.811208 0.843494
0.867746 0.952958 0.893482 0.751571 0.986636 0.949521 0.985916 0.926655 0.849556 0.840276 0.793207 0.836177 0.858303 0.973882 0.966519 0.950795 0.914519 0.886842 0.989233 0.993272 0.901193 0.925641 0.996719 0.879316 0.000000 0.679165 0.934292 0.842181 0.804886 0.963507 0.802618 0.753994 0.978435 0.890410 0.872553 0.850364 0.982185 0.877399 0.821674 0.865765 0.912762 0.868869 0.800140 0.763239 0.819090 0.828797 0.707966 0.853937 0.978777 0.925627 0.825772 0.731148 0.695556 0.754383 0.906088 0.867072 0.934062 0.990775 0.719405 0.821277 0.782299 0.720880 0.990640 0.871828 0.908620 0.949315 0.988867 0.976742 0.751633 0.881728 0.843710 0.961532 0.907119 0.915409 0.984871 0.905264 0.831595 0.881268 0.876531 0.791688 0.850979 0.811604 0.913049 0.960158 0.967968 0.766143 0.900597 0.913118 0.950500 0.839373 0.983180 0.905960 0.959398 0.896722 0.901548 0.948332 0.932816 0.936035 0.942987 0.957033 0.885257 0.942362 0.941250 0.943016 0.960627 0.993943 0.865124 0.976077 0.882410 0.944380 0.971403 0.926691 0.664799 0.871202 0.896916 0.875135
0.569167 0.591661 0.570446 0.536589 0.821564 0.729859 0.667964 0.835662 0.945515 0.916135 0.916920 0.663329 0.834809 0.807480 0.811428 0.790479 0.672838 0.646136 0.649724 0.683215 0.822476 0.758846 0.831560 0.997387 0.679165 0.000000 0.827263 0.997310 0.656167 0.749849 0.536719 0.738892 0.821250 0.759809 0.615982 0.707337 0.914218 0.899185 0.959063 0.975999 0.860052 0.933758 0.729054 0.760861 0.757798 0.898610 0.873456 0.895401 0.711489 0.893773 0.821021 0.758135 0.738629 0.554363 0.929047 0.996681 0.575022 0.576937 0.902890 0.914055 0.863767 0.842965 0.997758 0.706387 0.555993 0.567455 0.559138 0.520614 0.658359 0.679992 0.739324 0.702490 0.714175 0.718396 0.978981 0.968308 0.810582 0.662552 0.949310 0.941114 0.751230 0.743343 0.704505 0.824995 0.716339 0.983102 0.781565 0.808726 0.982541 0.830655 0.598874 0.701081 0.603227 0.698908 0.716017 0.983869 0.764248 0.874691 0.735605 0.807854 0.791289 0.586833 0.676540 0.826505 0.711035 0.778902 0.912869 0.748971 0.902546 0.937447 0.743880 0.823640 0.888092 0.941855 0.800419 0.905695
0.883238 0.845929 0.818165 0.889425 0.751473 0.830079 0.844661 0.945762 0.959100 0.996897 0.999390 0.914693 0.993450 0.931059 0.984697 0.977187 0.854293 0.792120 0.901501 0.879059 0.970005 0.893195 0.860301 0.932482 0.934292 0.827263 0.000000 0.854416 0.986036 0.949075 0.858506 0.863944 0.878594 0.786197 0.751927 0.927017 0.965257 0.979099 0.956483 0.943345 0.954958 0.965163 0.889851 0.860527 0.893678 0.920528 0.944395 0.873561 0.847645 0.864724 0.973846 0.998364 0.984858 0.910236 0.976769 0.852700 0.816584 0.901538 0.943819 0.954776 0.765354 0.952616 0.811361 0.943267 0.754192 0.799113 0.768578 0.673375 0.865214 0.879820 0.909043 0.890440 0.917088 0.969948 0.956754 0.992270 0.982924 0.847818 0.963425 0.968129 0.926196 0.873245 0.819926 0.920533 0.928231 0.898736 0.995724 0.877180 0.873981 0.956290 0.980031 0.993143 0.933232 0.976128 0.935199 0.944324 0.956721 0.934349 0.971777 0.907320 0.946420 0.990172 0.799856 0.991871 0.819362 0.851387 0.918074 0.978182 0.726802 0.890314 0.981469 0.915626 0.995946 0.791862 0.895073 0.928504
0.878416 0.773655 0.861170 0.965417 0.774119 0.931630 0.883307 0.830003 0.934464 0.932868 0.944840 0.750820 0.948338 0.835001 0.930088 0.810233 0.946236 0.857792 0.978792 0.880149 0.907165 0.944349 0.988225 0.905616 0.842181 0.997310 0.854416 0.000000 0.987407 0.944645 0.834317 0.860828 0.926649 0.875250 0.926094 0.852067 0.967970 0.995163 0.971515 0.975055 0.962365 0.945244 0.923191 0.898971 0.910766 0.879754 0.995638 0.911547 0.759344 0.847929 0.937814 0.905831 0.989612 0.913897 0.976294 0.954331 0.917355 0.941349 0.936474 0.980612 0.972190 0.864665 0.938676 0.975636 0.915233 0.943769 0.880559 0.848835 0.963133 0.923634 0.891833 0.940574 0.981978 0.943124 0.984000 0.897004 0.949888 0.760983 0.937790 0.924790 0.907326 0.999831 0.952272 0.975616 0.896989 0.786709 0.926844 0.985321 0.864100 0.990866 0.961216 0.988230 0.967006 0.935899 0.912074 0.956758 0.944325 0.844929 0.997485 0.915887 0.969933 0.919268 0.854198 0.699188 0.853265 0.767799 0.992083 0.934179 0.961635 0.939215 0.935463 0.828417 0.950304 0.958757 0.978965 0.919018
0.551718 0.456450 0.783363 0.981113 0.764800 0.769567 0.940500 0.719500 0.827593 0.709332 0.905710 0.476809 0.694828 0.451754 0.602413 0.508680 0.465160 0.488853 0.494685 0.488238 0.916873 0.985304 0.607762 0.685653 0.804886 0.656167 0.986036 0.987407 0.000000 0.376116 0.961667 0.856174 0.761856 0.713588 0.848309 0.919893 0.724350 0.961524 0.973002 0.757870 0.993296 0.901127 0.863533 0.780007 0.804240 0.648114 0.714119 0.666744 0.487447 0.602677 0.738806 0.843380 0.906407 0.869777 0.650463 0.937480 0.499810 0.523954 0.899471 0.826581 0.966223 0.628430 0.706041 0.506233 0.879640 0.914450 0.750568 0.853830 0.636925 0.489443 0.800923 0.698529 0.917044 0.875751 0.867294 0.954172 0.977151 0.905754 0.752545 0.816361 0.470238 0.508106 0.483152 0.540395 0.391522 0.616098 0.804778 0.523251 0.989683 0.718914 0.656668 0.571992 0.557463 0.511847 0.944882 0.997836 0.891744 0.962330 0.898153 0.915772 0.817759 0.698748 0.843149 0.849830 0.908006 0.884892 0.997416 0.659885 0.833148 0.949496 0.968848 0.975689 0.896893 0.907150 0.991011 0.774445
0.674083 0.515940 0.886360 0.873409 0.732339 0.857682 0.984831 0.762294 0.840753 0.708368 0.968802 0.607008 0.749782 0.468281 0.556187 0.499801 0.435669 0.407644 0.458278 0.520979 0.912393 0.849833 0.554196 0.629388 0.963507 0.749849 0.949075 0.944645 0.376116 0.000000 0.893632 0.719498 0.687181 0.643297 0.830997 0.983725 0.844940 0.976707 0.928101 0.701417 0.973375 0.894534 0.828394 0.759392 0.727811 0.641685 0.669843 0.652983 0.557997 0.626680 0.669946 0.789846 0.793352 0.993167 0.645972 0.949332 0.538416 0.613531 0.814392 0.964025 0.892222 0.815734 0.728507 0.593675 0.866020 0.919378 0.773555 0.871561 0.794453 0.602560 0.891491 0.757397 0.993272 0.910754 0.856256 0.927283 0.941567 0.967105 0.579606 0.624226 0.400099 0.469575 0.436586 0.495944 0.429528 0.596638 0.780813 0.518433 0.912713 0.891712 0.611766 0.584707 0.519727 0.500989 0.984672 0.965518 0.898520 0.972949 0.807520 0.999426 0.824782 0.682709 0.784040 0.885888 0.908242 0.933896 0.985485 0.632276 0.950077 0.956814 0.938514 0.991868 0.730875 0.836069 0.960672 0.864890
0.816781 0.712337 0.437515 0.345681 0.969907 0.715529 0.398949 0.583175 0.895215 0.849409 0.892410 0.884317 0.816144 0.796453 0.771846 0.809322 0.907968 0.819670 0.911102 0.943682 0.691608 0.762709 0.688109 0.734182 0.802618 0.536719 0.858506 0.834317 0.961667 0.893632 0.000000 0.421688 0.483233 0.449210 0.629750 0.773086 0.996810 0.804466 0.929576 0.927912 0.792035 0.847246 0.541177 0.662360 0.623509 0.752342 0.709795 0.678003 0.838336 0.979335 0.571576 0.569969 0.514765 0.411909 0.807614 0.922477 0.766212 0.695538 0.884393 0.934874 0.773650 0.993833 0.745652 0.954754 0.540913 0.514630 0.531299 0.518604 0.824343 0.760883 0.471405 0.597731 0.499699 0.549963 0.887049 0.771006 0.756365 0.506379 0.787320 0.864819 0.993244 0.931656 0.993487 0.937997 0.970023 0.765207 0.959341 0.847735 0.929390 0.944769 0.595121 0.774156 0.691064 0.906899 0.681266 0.890385 0.724619 0.875787 0.647300 0.639858 0.654518 0.604167 0.667400 0.695282 0.641522 0.635026 0.895314 0.872379 0.954305 0.912871 0.728051 0.836116 0.746644 0.798143 0.784484 0.910349
0.903431 0.914236 0.519125 0.437136 0.951950 0.704109 0.510015 0.544487 0.942485 0.789280 0.945414 0.989774 0.775787 0.607990 0.714907 0.668654 0.939905 0.991083 0.756123 0.985133 0.798640 0.958541 0.660659 0.683458 0.753994 0.738892 0.863944 0.860828 0.856174 0.719498 0.421688 0.000000 0.514935 0.445209 0.670074 0.784788 0.967745 0.906870 0.869418 0.841410 0.837439 0.860937 0.501185 0.556023 0.564189 0.650680 0.564373 0.621392 0.974937 0.869196 0.526061 0.564825 0.490956 0.523639 0.742041 0.925989 0.914909 0.819589 0.785914 0.862392 0.821950 0.877125 0.698273 0.904214 0.639917 0.563864 0.645589 0.608944 0.787149 0.907424 0.630340 0.734137 0.589632 0.639878 0.754955 0.821474 0.799974 0.521912 0.773810 0.795691 0.827641 0.922674 0.809124 0.994347 0.798655 0.618885 0.956756 0.727367 0.808868 0.979663 0.804162 0.944040 0.894140 0.986646 0.742518 0.804460 0.858163 0.955843 0.756939 0.615053 0.840781 0.762349 0.763741 0.737468 0.747342 0.676412 0.827980 0.980433 0.978808 0.857404 0.836107 0.742340 0.622600 0.797148 0.715823 0.773743
0.883037 0.960289 0.500229 0.565994 0.794937 0.680482 0.452069 0.566935 0.820583 0.726237 0.872946 0.882396 0.624373 0.647964 0.595187 0.706980 0.893233 0.951214 0.665326 0.855547 0.868692 0.812894 0.606881 0.753227 0.978435 0.821250 0.878594 0.926649 0.761856 0.687181 0.483233 0.514935 0.000000 0.432395 0.695491 0.760196 0.775594 0.744397 0.805796 0.845699 0.890084 0.859965 0.632750 0.662372 0.599806 0.651085 0.639163 0.579248 0.981999 0.809478 0.542300 0.640552 0.557490 0.625200 0.663221 0.986619 0.974142 0.941648 0.905147 0.945911 0.685477 0.768090 0.621813 0.715181 0.563606 0.677955 0.552518 0.585536 0.932890 0.853565 0.627089 0.739338 0.614647 0.747111 0.776300 0.878206 0.715344 0.608533 0.898642 0.868913 0.819431 0.901575 0.912766 0.875409 0.727304 0.747524 0.946757 0.719676 0.852896 0.803527 0.754380 0.874120 0.877425 0.970794 0.679822 0.949414 0.725916 0.810299 0.661148 0.617153 0.718358 0.777013 0.704838 0.628937 0.678053 0.621195 0.983722 0.989386 0.969042 0.889954 0.740489 0.641393 0.625643 0.809515 0.733594 0.932440
0.988319 0.995107 0.597859 0.570895 0.910580 0.788683 0.520532 0.557198 0.972047 0.776051 0.956032 0.919368 0.804636 0.658587 0.692336 0.792660 0.864460 0.911505 0.786013 0.943636 0.910653 0.776796 0.777227 0.846510 0.890410 0.759809 0.786197 0.875250 0.713588 0.643297 0.449210 0.445209 0.432395 0.000000 0.715765 0.672874 0.888463 0.798034 0.894295 0.768711 0.849972 0.770270 0.515235 0.544794 0.522135 0.554002 0.546647 0.486468 0.901043 0.770882 0.513687 0.576477 0.567074 0.601617 0.660767 0.839183 0.976797 0.985053 0.977130 0.867391 0.710018 0.792433 0.561851 0.702504 0.557774 0.602687 0.619709 0.509859 0.918034 0.941085 0.784275 0.867818 0.742248 0.751095 0.820996 0.823087 0.814202 0.637886 0.722190 0.837208 0.733192 0.855570 0.833304 0.824135 0.728285 0.703916 0.982888 0.677174 0.955468 0.958735 0.869699 0.947617 0.992894 0.915987 0.714197 0.986584 0.893458 0.886602 0.746888 0.658397 0.780558 0.830153 0.747700 0.797434 0.732581 0.725673 0.881538 0.922638 0.991109 0.864522 0.847163 0.763892 0.636455 0.757152 0.652525 0.878631
0.885878 0.729674 0.542422 0.708912 0.981132 0.793607 0.572967 0.733720 0.808084 0.854195 0.965456 0.875408 0.862730 0.999125 0.982472 0.921049 0.907191 0.710123 0.950429 0.850316 0.910451 0.924513 0.977780 0.983547 0.872553 0.615982 0.751927 0.926094 0.848309 0.830997 0.629750 0.670074 0.695491 0.715765 0.000000 0.818646 0.942176 0.830248 0.951182 0.920065 0.942537 0.839714 0.676368 0.757389 0.713230 0.821920 0.767318 0.784839 0.779371 0.933598 0.790012 0.828771 0.734890 0.657367 0.838150 0.962697 0.839488 0.803715 0.863985 0.890408 0.651739 0.955149 0.761515 0.989028 0.565503 0.631342 0.441387 0.482766 0.893522 0.866067 0.732261 0.688702 0.732671 0.820240 0.976497 0.950149 0.767508 0.790819 0.999017 0.819434 0.853734 0.758335 0.742169 0.836920 0.892733 0.983597 0.908994 0.994600 0.858753 0.983988 0.612478 0.714796 0.651963 0.742267 0.724138 0.868903 0.703492 0.741578 0.595477 0.619226 0.669261 0.615899 0.631077 0.642469 0.578679 0.674734 0.946524 0.798692 0.987878 0.900163 0.813713 0.701023 0.838872 0.781707 0.730657 0.860836
0.858281 0.846978 0.790044 0.854654 0.849526 0.916374 0.803059 0.976106 0.986058 0.818576 0.885999 0.754288 0.969416 0.931138 0.926898 0.804994 0.829743 0.881743 0.911923 0.818166 0.969608 0.834497 0.900160 0.784533 0.850364 0.707337 0.927017 0.852067 0.919893 0.983725 0.773086 0.784788 0.760196 0.672874 0.818646 0.000000 0.951842 0.819330 0.889018 0.972675 0.920871 0.944928 0.847450 0.852855 0.841177 0.918542 0.847057 0.927757 0.867802 0.912107 0.917736 0.901435 0.768000 0.748198 0.984894 0.945796 0.929106 0.932454 0.896860 0.937934 0.926180 0.853438 0.995073 0.893145 0.800706 0.896934 0.756808 0.709129 0.955698 0.862453 0.971478 0.907079 0.889542 0.854515 0.983126 0.865688 0.993313 0.625790 0.957987 0.936557 0.923643 0.961270 0.961800 0.985748 0.894419 0.845435 0.902653 0.956745 0.819886 0.875162 0.866752 0.970475 0.878446 0.903217 0.897736 0.907097 0.896209 0.941329 0.875379 0.899053 0.955909 0.761025 0.826053 0.819719 0.834119 0.896373 0.802107 0.997280 0.796189 0.932376 0.936356 0.918821 0.640732 0.847416 0.784271 0.968233
0.710968 0.785104 0.949912 0.952380 0.981494 0.924465 0.974997 0.883090 0.920463 0.902610 0.796799 0.728912 0.804920 0.815088 0.802533 0.950997 0.788516 0.770873 0.746114 0.787267 0.922096 0.932230 0.879081 0.975664 0.982185 0.914218 0.965257 0.967970 0.724350 0.844940 0.996810 0.967745 0.775594 0.888463 0.942176 0.951842 0.000000 0.803053 0.930655 0.784059 0.885370 0.982259 0.962115 0.884369 0.979471 0.857187 0.836290 0.820324 0.886633 0.823578 0.797917 0.824115 0.888995 0.989500 0.791670 0.917224 0.746588 0.838520 0.786473 0.856528 0.938634 0.785590 0.725060 0.702050 0.798645 0.993510 0.983517 0.946819 0.672719 0.710531 0.955264 0.925446 0.995740 0.983226 0.889141 0.949697 0.895550 0.972394 0.925819 0.977536 0.813598 0.742527 0.920719 0.982953 0.669156 0.835553 0.894819 0.873662 0.749203 0.670992 0.981226 0.977576 0.979232 0.994838 0.792630 0.932647 0.862766 0.961249 0.848424 0.813842 0.992013 0.921804 0.753404 0.825918 0.942575 0.754174 0.772435 0.970183 0.799933 0.809957 0.725803 0.695738 0.892702 0.890716 0.843248 0.906529
0.877229 0.842374 0.791034 0.863060 0.844643 0.844184 0.732419 0.873646 0.713210 0.975518 0.820412 0.881504 0.761258 0.909112 0.749016 0.964888 0.892177 0.914511 0.927865 0.983613 0.994783 0.806882 0.883513 0.985569 0.877399 0.899185 0.979099 0.995163 0.961524 0.976707 0.804466 0.906870 0.744397 0.798034 0.830248 0.819330 0.803053 0.000000 0.976346 0.975584 0.962130 0.738458 0.918020 0.957068 0.944351 0.994087 0.976902 0.861834 0.866083 0.988063 0.834017 0.897354 0.817220 0.821242 0.872670 0.916221 0.917253 0.804471 0.853169 0.960525 0.746335 0.788419 0.722437 0.906495 0.718076 0.774866 0.764702 0.848240 0.788301 0.969174 0.723214 0.792150 0.738659 0.698989 0.939928 0.937411 0.977510 0.806123 0.922324 0.900110 0.984253 0.948838 0.801748 0.842205 0.866114 0.985759 0.800533 0.898866 0.745684 0.832810 0.707116 0.766775 0.820957 0.728970 0.855548 0.914326 0.799460 0.856803 0.809318 0.752561 0.749157 0.810177 0.732122 0.769384 0.918053 0.841434 0.968516 0.905884 0.914961 0.857583 0.800026 0.804352 0.886754 0.801559 0.671017 0.961952
