0.000000 0.507149 0.745826 0.582755 0.857711 0.857111 0.604205 0.573132 0.929709 0.693689 0.507651 0.662829 0.948332 0.991419 0.865955 0.845413 0.459216 0.366216 0.501395 0.465660 0.875700 0.894929 0.826726 0.757788 0.998231 0.929774 0.892323 0.941219 0.801327 0.836620 0.930054 0.960200 0.482903 0.515418 0.749472 0.980981 0.683043 0.752463 0.999617 0.958970 0.679497 0.681586 0.738773 0.758798 0.710487 0.571308 0.567818 0.522309 0.617916 0.636326 0.765400 0.807460 0.890687 0.908634 0.543632 0.560057 0.387903 0.510142 0.426416 0.556206 0.595170 0.685217 0.460837 0.442463 0.978483 0.925953 0.621519 0.737773 0.587732 0.587689 0.899021 0.986058 0.993438 0.919088 0.925948 0.904251 0.950916 0.729140 0.722748 0.984164 0.407411 0.376714 0.856879 0.560736 0.638663 0.838586 0.889478 0.907489 0.821110 0.509026 0.710358 0.937132 0.768770 0.947420 0.737892 0.787926 0.627398 0.792039 0.564812 0.594187 0.867798 0.970645 0.434068 0.586582 0.802649 0.613032 0.883928 0.809992 0.968455 0.880163 0.865343 0.671683 0.763666 0.898159 0.946991 0.973740
0.507149 0.000000 0.791491 0.665791 0.782350 0.899330 0.774342 0.727668 0.989240 0.860617 0.767117 0.764864 0.945384 0.893258 0.992393 0.997895 0.615124 0.540989 0.582524 0.540784 0.909523 0.879613 0.995748 0.929240 0.948421 0.912655 0.913986 0.991590 0.971052 0.915739 0.973625 0.977971 0.616573 0.743856 0.835837 0.925150 0.732523 0.763962 0.883408 0.955475 0.757048 0.728136 0.690575 0.664051 0.669673 0.568307 0.679014 0.553158 0.506448 0.506069 0.641254 0.699720 0.724423 0.905714 0.633942 0.756947 0.476887 0.486928 0.553262 0.603751 0.863302 0.859650 0.785305 0.697663 0.927787 0.969639 0.774621 0.767666 0.602450 0.520100 0.764319 0.827758 0.964747 0.982103 0.891641 0.989161 0.830742 0.705425 0.833624 0.970243 0.650827 0.572026 0.869576 0.691520 0.731415 0.896498 0.977523 0.991498 0.886188 0.599723 0.751570 0.792261 0.788437 0.834335 0.856083 0.791110 0.590671 0.839996 0.634019 0.584728 0.958839 0.755669 0.551582 0.579261 0.729265 0.652661 0.999948 0.733378 0.978730 0.778599 0.975458 0.682884 0.674267 0.859433 0.892993 0.990575
0.745826 0.791491 0.000000 0.491360 0.953556 0.747333 0.476304 0.918746 0.628520 0.989191 0.837607 0.850583 0.935169 0.862908 0.964631 0.690644 0.858755 0.809970 0.765201 0.848511 0.793971 0.990425 0.934677 0.939500 0.722359 0.698680 0.883497 0.900990 0.949467 0.740671 0.893786 0.969257 0.660571 0.881747 0.620239 0.987577 0.776725 0.850799 0.959532 0.937815 0.755004 0.723555 0.796705 0.724586 0.755951 0.748101 0.929117 0.889478 0.922812 0.800126 0.816826 0.833200 0.803264 0.685699 0.945787 0.817816 0.744227 0.799852 0.858659 0.943161 0.791335 0.876049 0.905756 0.944667 0.554250 0.920505 0.530170 0.890394 0.667846 0.727293 0.962018 0.829722 0.942334 0.895345 0.860603 0.876789 0.789169 0.798654 0.749600 0.986060 0.784011 0.845055 0.911078 0.822185 0.735436 0.839865 0.985429 0.852205 0.861842 0.886227 0.558007 0.561464 0.495487 0.516713 0.861643 0.711171 0.726989 0.827233 0.737057 0.696204 0.998770 0.829129 0.705669 0.753298 0.829241 0.769717 0.896320 0.727442 0.925449 0.913661 0.897538 0.756254 0.779090 0.990717 0.988775 0.868138
0.582755 0.665791 0.491360 0.000000 0.970266 0.915507 0.548675 0.726182 0.778746 0.918466 0.733039 0.936425 0.828855 0.939576 0.984568 0.847589 0.800346 0.709914 0.575282 0.685327 0.869225 0.943828 0.887227 0.989473 0.749336 0.698149 0.925860 0.881591 0.964106 0.868406 0.872941 0.968900 0.585939 0.761761 0.652056 0.977041 0.839406 0.936296 0.979414 0.882342 0.731124 0.704202 0.708116 0.626966 0.716884 0.646355 0.767834 0.659361 0.836117 0.732557 0.812279 0.790552 0.809411 0.823428 0.793964 0.677397 0.675993 0.745998 0.815491 0.868991 0.717529 0.917595 0.754248 0.794195 0.617029 0.917677 0.550784 0.795692 0.689326 0.713851 0.884685 0.906835 0.929241 0.973456 0.965334 0.925022 0.711487 0.779369 0.840812 0.969072 0.654805 0.685623 0.864893 0.809022 0.604365 0.684898 0.953312 0.971110 0.912722 0.688679 0.469823 0.618195 0.457340 0.595111 0.902213 0.693871 0.598099 0.770455 0.609162 0.576598 0.978234 0.862175 0.530148 0.581108 0.703797 0.680861 0.984359 0.793778 0.954168 0.950312 0.784253 0.614924 0.809015 0.917372 0.955834 0.993823
0.857711 0.782350 0.953556 0.970266 0.000000 0.939575 0.991965 0.975138 0.798467 0.997671 0.971893 0.968607 0.741941 0.887607 0.719210 0.783911 0.973954 0.896400 0.959620 0.971612 0.752006 0.960908 0.676156 0.680049 0.933857 0.839650 0.794187 0.911160 0.975220 0.999839 0.862270 0.944332 0.824971 0.886731 0.983181 0.934356 0.934264 0.717524 0.958218 0.924431 0.867931 0.998480 0.684304 0.679472 0.857158 0.827123 0.706405 0.828355 0.785274 0.871379 0.830321 0.924824 0.978937 0.976519 0.949279 0.979158 0.822134 0.961572 0.787787 0.861296 0.960288 0.951296 0.988855 0.963557 0.835117 0.946961 0.829192 0.673960 0.964011 0.921516 0.960122 0.990867 0.940504 0.838109 0.934124 0.878122 0.947160 0.881872 0.788813 0.938365 0.847106 0.958421 0.774754 0.977498 0.739175 0.794546 0.810522 0.774297 0.964255 0.999919 0.963618 0.991439 0.921209 0.973072 0.999279 0.771148 0.997756 0.860082 0.908802 0.884168 0.919748 0.852988 0.930380 0.770309 0.859728 0.877169 0.949702 0.945341 0.914896 0.853473 0.987870 0.997553 0.824186 0.980119 0.963874 0.985886
0.857111 0.899330 0.747333 0.915507 0.939575 0.000000 0.976539 0.800357 0.900844 0.759941 0.870755 0.800561 0.983427 0.868013 0.871689 0.848157 0.898961 0.927548 0.928254 0.985453 0.955123 0.857496 0.919324 0.922777 0.877259 0.945908 0.983816 0.889948 0.933081 0.848258 0.952616 0.972470 0.904736 0.949150 0.855731 0.931842 0.937024 0.966266 0.952456 0.956457 0.949739 0.897313 0.996719 0.998263 0.985640 0.892668 0.832671 0.919137 0.949350 0.997025 0.950233 0.983509 0.952779 0.849075 0.923960 0.893678 0.973776 0.947359 0.882069 0.733332 0.854770 0.681529 0.873357 0.868743 0.811076 0.719936 0.924844 0.794940 0.890171 0.947285 0.881612 0.978895 0.946985 0.941697 0.994672 0.900727 0.989569 0.947390 0.927838 0.926179 0.850694 0.843888 0.867339 0.960850 0.942204 0.969931 0.920470 0.958522 0.931413 0.950309 0.944060 0.920084 0.988172 0.891184 0.977684 0.941103 0.894957 0.857810 0.890664 0.934116 0.924997 0.957396 0.870517 0.874781 0.890059 0.965478 0.856320 0.926014 0.966909 0.944877 0.955456 0.825833 0.979509 0.952470 0.837765 0.877637
0.604205 0.774342 0.476304 0.548675 0.991965 0.976539 0.000000 0.476597 0.652711 0.538884 0.589114 0.850308 0.966946 0.799659 0.660055 0.668164 0.669889 0.612576 0.664569 0.809151 0.989623 0.939913 0.902266 0.751070 0.857556 0.913750 0.816373 0.858257 0.825899 0.928636 0.940033 0.969113 0.564479 0.533968 0.752975 0.996905 0.919232 0.988278 0.943768 0.910218 0.823374 0.824888 0.792683 0.744218 0.484102 0.490538 0.856718 0.744242 0.783732 0.853823 0.909641 0.972585 0.903267 0.908399 0.861095 0.787796 0.795057 0.842562 0.750028 0.901184 0.435624 0.709414 0.619366 0.603393 0.946020 0.984234 0.517967 0.698529 0.782888 0.701096 0.976532 0.949233 0.893878 0.984469 0.809934 0.966706 0.811146 0.736064 0.744600 0.822791 0.606923 0.695771 0.997022 0.747577 0.850329 0.958192 0.810230 0.736433 0.929653 0.946815 0.460446 0.639959 0.480078 0.702303 0.832699 0.793403 0.702768 0.753426 0.485743 0.564308 0.845788 0.953686 0.580282 0.656548 0.885243 0.826233 0.973603 0.833481 0.969333 0.916170 0.823547 0.640502 0.671532 0.777733 0.808313 0.991759
0.573132 0.727668 0.918746 0.726182 0.975138 0.800357 0.476597 0.000000 0.881642 0.348448 0.408927 0.472678 0.954145 0.987837 0.601883 0.813700 0.558208 0.536860 0.670144 0.714885 0.874993 0.841607 0.714103 0.717375 0.598816 0.694940 0.697431 0.722683 0.627432 0.596062 0.950264 0.954148 0.655957 0.387424 0.921839 0.966739 0.922975 0.803304 0.939085 0.982184 0.813096 0.927918 0.863335 0.846027 0.549265 0.517998 0.785446 0.681344 0.681210 0.962050 0.904678 0.777531 0.831015 0.699637 0.718143 0.750865 0.841971 0.872312 0.688137 0.717596 0.362593 0.381995 0.433479 0.370011 0.680913 0.813438 0.732400 0.605823 0.991075 0.777065 0.952082 0.880786 0.936889 0.962420 0.809344 0.961093 0.938391 0.834522 0.846094 0.764822 0.550124 0.615527 0.929357 0.699547 0.982355 0.926711 0.718706 0.757712 0.921468 0.810187 0.709162 0.989011 0.808510 0.880344 0.811134 0.916331 0.761544 0.805299 0.512090 0.661445 0.717034 0.892840 0.564834 0.673926 0.975449 0.894410 0.793650 0.914729 0.879693 0.925221 0.808975 0.663269 0.761271 0.725935 0.785082 0.825339
0.929709 0.989240 0.628520 0.778746 0.798467 0.900844 0.652711 0.881642 0.000000 0.867345 0.950814 0.906754 0.878480 0.964521 0.975517 0.924619 0.982300 0.983851 0.974084 0.976314 0.999558 0.879822 0.836196 0.925664 0.996240 0.986220 0.906036 0.977626 0.913988 0.919585 0.970408 0.907849 0.872745 0.997434 0.801344 0.813217 0.938258 0.927757 0.922491 0.925159 0.932309 0.981929 0.919027 0.973044 0.861124 0.904607 0.924797 0.853256 0.949270 0.985451 0.889716 0.908424 0.846883 0.696723 0.907835 0.949163 0.965177 0.925722 0.949037 0.921729 0.805804 0.999899 0.975001 0.973668 0.711651 0.933964 0.763397 0.977326 0.947703 0.913561 0.974835 0.912816 0.957904 0.999442 0.894460 0.959068 0.769236 0.989656 0.889675 0.839084 0.965786 0.949111 0.931299 0.922249 0.895675 0.911589 0.931380 0.878247 0.979200 0.922900 0.664299 0.625351 0.678943 0.652199 0.909822 0.890549 0.809563 0.960259 0.854631 0.805074 0.905533 0.826949 0.934825 0.918369 0.873355 0.974923 0.926442 0.843799 0.900590 0.963937 0.932779 0.823125 0.870158 0.849404 0.832528 0.992409
0.693689 0.860617 0.989191 0.918466 0.997671 0.759941 0.538884 0.348448 0.867345 0.000000 0.538970 0.581401 0.946142 0.917341 0.569135 0.810840 0.638938 0.600213 0.771953 0.882815 0.885043 0.965312 0.680061 0.640763 0.454748 0.535079 0.698794 0.670586 0.703229 0.631073 0.880230 0.888981 0.797244 0.521522 0.994195 0.913980 0.900159 0.756157 0.865650 0.916545 0.894701 0.958745 0.982552 0.995912 0.586520 0.605867 0.820292 0.786941 0.712645 0.978447 0.887099 0.742450 0.852613 0.723328 0.801095 0.762487 0.973707 0.891315 0.689662 0.732803 0.436705 0.455666 0.544133 0.461579 0.576582 0.902224 0.789026 0.694465 0.961220 0.762514 0.959344 0.956998 0.833922 0.966781 0.757518 0.955497 0.956712 0.926715 0.823260 0.698056 0.626817 0.728058 0.811190 0.783048 0.894105 0.752302 0.708671 0.739095 0.837065 0.910846 0.804763 0.962303 0.889283 0.838987 0.811691 0.974231 0.891231 0.860265 0.592837 0.716614 0.750662 0.820751 0.669577 0.785324 0.937624 0.880451 0.898881 0.915251 0.957492 0.916339 0.956186 0.747951 0.822511 0.688019 0.800954 0.922289
0.507651 0.767117 0.837607 0.733039 0.971893 0.870755 0.589114 0.408927 0.950814 0.538970 0.000000 0.503343 0.951189 0.911775 0.653994 0.771428 0.478260 0.506630 0.704302 0.659057 0.980169 0.724367 0.698469 0.694430 0.842813 0.859759 0.839621 0.888010 0.671021 0.656136 0.985680 0.907713 0.609325 0.418132 0.790261 0.968655 0.907130 0.939177 0.988985 0.985093 0.720855 0.824378 0.930147 0.922377 0.702643 0.642978 0.776804 0.761559 0.752337 0.969917 0.866871 0.802308 0.768383 0.673069 0.674792 0.712807 0.730901 0.843638 0.634314 0.733202 0.434355 0.481266 0.389349 0.370443 0.814991 0.847536 0.673079 0.671447 0.940293 0.721554 0.863476 0.839889 0.896552 0.957054 0.900940 0.895902 0.940504 0.945479 0.806569 0.896377 0.493305 0.540457 0.969109 0.622844 0.878580 0.946244 0.806792 0.756943 0.978191 0.716279 0.776039 0.873960 0.864024 0.845610 0.709229 0.891890 0.807457 0.839577 0.650636 0.747453 0.788823 0.908828 0.525948 0.738482 0.999057 0.798093 0.669930 0.905368 0.803803 0.870640 0.917246 0.746110 0.835531 0.906017 0.889504 0.868867
0.662829 0.764864 0.850583 0.936425 0.968607 0.800561 0.850308 0.472678 0.906754 0.581401 0.503343 0.000000 0.652022 0.678590 0.941750 0.832254 0.589299 0.612475 0.677183 0.672213 0.879181 0.789140 0.808445 0.938068 0.704692 0.663688 0.874387 0.828318 0.651592 0.553498 0.764020 0.914661 0.856159 0.530623 0.952074 0.955846 0.872481 0.749827 0.916799 0.981699 0.809887 0.972032 0.917219 0.971548 0.831140 0.752222 0.729759 0.834730 0.816122 0.887641 0.815408 0.708913 0.657647 0.531503 0.620999 0.713172 0.825744 0.942872 0.824520 0.850078 0.516196 0.436214 0.442062 0.458366 0.722246 0.694852 0.954657 0.829121 0.951502 0.828312 0.880489 0.727102 0.992873 0.995817 0.865865 0.889078 0.955595 0.945884 0.965129 0.838151 0.584740 0.572122 0.952093 0.704718 0.836582 0.807667 0.806285 0.998000 0.876436 0.770441 0.911206 0.690429 0.886550 0.604033 0.745698 0.971643 0.879637 0.961468 0.838889 0.977177 0.811147 0.793174 0.747478 0.863237 0.872813 0.960727 0.653262 0.852830 0.826419 0.986609 0.881422 0.863452 0.945930 0.928466 0.866779 0.812803
0.948332 0.945384 0.935169 0.828855 0.741941 0.983427 0.966946 0.954145 0.878480 0.946142 0.951189 0.652022 0.000000 0.494515 0.597115 0.551588 0.953160 0.975551 0.812225 0.860599 0.876726 0.951169 0.690703 0.633391 0.977926 0.965605 0.748012 0.867368 0.890602 0.913141 0.894808 0.988841 0.984785 0.911606 0.848474 0.910857 0.856145 0.877193 0.881765 0.879263 0.792316 0.992086 0.991980 0.958635 0.914184 0.961977 0.983055 0.915401 0.872174 0.839738 0.883514 0.874462 0.847231 0.927069 0.763248 0.817572 0.985304 0.881915 0.721863 0.713025 0.806727 0.923415 0.784380 0.928798 0.778841 0.845693 0.991699 0.761736 0.876258 0.994811 0.992694 0.891155 0.919970 0.954873 0.942566 0.917808 0.958896 0.973591 0.888586 0.920059 0.861999 0.837680 0.767665 0.883220 0.528708 0.506990 0.944306 0.693133 0.780013 0.989967 0.998660 0.971207 0.895214 0.973161 0.787888 0.937388 0.869282 0.983666 0.967453 0.880938 0.849328 0.955328 0.920778 0.939507 0.934369 0.970361 0.832799 0.930651 0.995112 0.937317 0.752234 0.994070 0.879567 0.907959 0.976146 0.893579
0.991419 0.893258 0.862908 0.939576 0.887607 0.868013 0.799659 0.987837 0.964521 0.917341 0.911775 0.678590 0.494515 0.000000 0.540359 0.481569 0.948199 0.954150 0.748152 0.778179 0.918414 0.977503 0.692288 0.557632 0.977036 0.988993 0.655929 0.885086 0.812940 0.763683 0.959538 0.760446 0.953477 0.995948 0.930244 0.985840 0.747268 0.863600 0.942223 0.906017 0.914277 0.887991 0.913861 0.982477 0.944503 0.999649 0.861704 0.935568 0.975595 0.975653 0.992261 0.982326 0.987542 0.959780 0.876728 0.812962 0.973994 0.897977 0.761302 0.872998 0.987515 0.971208 0.840226 0.971006 0.895058 0.848581 0.880599 0.859777 0.970422 0.960915 0.879188 0.987317 0.828021 0.863640 0.931325 0.968055 0.878825 0.989133 0.945926 0.943708 0.880016 0.872765 0.787236 0.913639 0.658850 0.550374 0.959965 0.649907 0.891902 0.870497 0.877363 0.910837 0.950042 0.854137 0.881243 0.956183 0.940961 0.821265 0.939411 0.955666 0.995074 0.951400 0.991998 0.952097 0.983773 0.967430 0.812489 0.937393 0.933441 0.885805 0.827894 0.914975 0.937248 0.949619 0.948418 0.886324
0.865955 0.992393 0.964631 0.984568 0.719210 0.871689 0.660055 0.601883 0.975517 0.569135 0.653994 0.941750 0.597115 0.540359 0.000000 0.473365 0.769601 0.845169 0.886251 0.867625 0.924102 0.916024 0.471485 0.449399 0.783594 0.858095 0.549519 0.825782 0.923368 0.868410 0.991311 0.855312 0.851264 0.700167 0.973265 0.962429 0.967209 0.984362 0.899408 0.916122 0.982549 0.971733 0.839864 0.795137 0.635335 0.665971 0.892034 0.867277 0.766327 0.966038 0.999720 0.835095 0.809202 0.824908 0.975592 0.992616 0.979709 0.998025 0.676937 0.743475 0.686699 0.622700 0.852095 0.742976 0.641581 0.862790 0.736320 0.498081 0.807406 0.899675 0.849361 0.852038 0.877707 0.902413 0.907169 0.905599 0.986994 0.913119 0.801561 0.942325 0.871303 0.997585 0.633683 0.981326 0.576050 0.586997 0.759077 0.620415 0.780483 0.928217 0.856506 0.967200 0.959518 0.970627 0.930034 0.964058 0.900578 0.779197 0.770779 0.785982 0.744745 0.947788 0.864298 0.876543 0.857867 0.995664 0.974493 0.979154 0.940714 0.868317 0.994381 0.912668 0.855551 0.767059 0.817167 0.996117
0.845413 0.997895 0.690644 0.847589 0.783911 0.848157 0.668164 0.813700 0.924619 0.810840 0.771428 0.832254 0.551588 0.481569 0.473365 0.000000 0.853480 0.853977 0.958240 0.935163 0.903156 0.963818 0.550643 0.469921 0.989577 0.940887 0.716884 0.920703 0.961429 0.869003 0.945914 0.779123 0.929626 0.872521 0.871847 0.994324 0.871956 0.923093 0.956369 0.917562 0.975218 0.835523 0.898174 0.819954 0.766771 0.788180 0.956710 0.894428 0.815485 0.945270 0.993020 0.955996 0.935308 0.969613 0.975494 0.925291 0.906914 0.921332 0.678322 0.855120 0.877059 0.927492 0.949693 0.866581 0.916510 0.894085 0.764536 0.752652 0.971679 0.876051 0.843442 0.956238 0.768672 0.826329 0.940631 0.966639 0.988661 0.974525 0.844860 0.995666 0.870609 0.971813 0.738958 0.976986 0.716671 0.681237 0.829085 0.544415 0.935527 0.920689 0.821833 0.909169 0.834477 0.855990 0.957415 0.931728 0.909496 0.805252 0.799421 0.769144 0.843960 0.972364 0.856663 0.858289 0.957683 0.837580 0.911174 0.963411 0.991000 0.969994 0.922185 0.909989 0.971526 0.956522 0.871459 0.939571
0.459216 0.615124 0.858755 0.800346 0.973954 0.898961 0.669889 0.558208 0.982300 0.638938 0.478260 0.589299 0.953160 0.948199 0.769601 0.853480 0.000000 0.423574 0.658940 0.606870 0.962547 0.927362 0.762436 0.746887 0.863572 0.905948 0.850687 0.937641 0.762185 0.775578 0.915294 0.925737 0.639817 0.586007 0.781489 0.999996 0.790189 0.961317 0.857166 0.942497 0.741526 0.827114 0.923504 0.877597 0.780493 0.727739 0.722872 0.691030 0.726344 0.827459 0.913923 0.972312 0.954855 0.815846 0.537959 0.652527 0.565166 0.600799 0.487306 0.595036 0.541715 0.581485 0.474555 0.411828 0.919039 0.814350 0.718359 0.753859 0.773674 0.674321 0.994244 0.817600 0.976048 0.921642 0.825911 0.880449 0.992717 0.843808 0.815957 0.964808 0.460211 0.497081 0.949951 0.598059 0.791557 0.890215 0.894771 0.915737 0.761011 0.658689 0.869581 0.885477 0.929916 0.905737 0.750151 0.826399 0.750539 0.862225 0.634842 0.715895 0.869753 0.991635 0.547228 0.709694 0.875829 0.696426 0.849353 0.846913 0.979464 0.853773 0.965116 0.767686 0.815437 0.883984 0.972308 0.999911
0.366216 0.540989 0.809970 0.709914 0.896400 0.927548 0.612576 0.536860 0.983851 0.600213 0.506630 0.612475 0.975551 0.954150 0.845169 0.853977 0.423574 0.000000 0.571750 0.506314 0.948979 0.953923 0.789267 0.736881 0.865678 0.908233 0.938384 0.919501 0.695235 0.673167 0.973993 0.958535 0.574994 0.530642 0.794184 0.922968 0.693108 0.882460 0.966497 0.908494 0.741303 0.702506 0.749734 0.784020 0.652869 0.571534 0.551639 0.524010 0.563736 0.691780 0.797838 0.878022 0.894238 0.883152 0.560609 0.540275 0.445727 0.541807 0.428206 0.563275 0.572187 0.643197 0.439538 0.402884 0.875724 0.959822 0.664450 0.748112 0.689511 0.543987 0.998940 0.926553 0.896893 0.894740 0.835656 0.905982 0.922913 0.807495 0.743808 0.951114 0.331567 0.377726 0.800728 0.444324 0.698148 0.916198 0.867341 0.893401 0.826371 0.563946 0.840957 0.944361 0.882844 0.914507 0.717447 0.778765 0.760533 0.797897 0.584151 0.655101 0.858033 0.915073 0.466705 0.643225 0.869665 0.647062 0.922828 0.898119 0.936574 0.880550 0.936785 0.679282 0.743862 0.853104 0.994918 0.919088
0.501395 0.582524 0.765201 0.575282 0.959620 0.928254 0.664569 0.670144 0.974084 0.771953 0.704302 0.677183 0.812225 0.748152 0.886251 0.958240 0.658940 0.571750 0.000000 0.516250 0.880355 0.837080 0.815019 0.898740 0.979228 0.940792 0.987083 0.923496 0.811497 0.851432 0.891903 0.696592 0.668222 0.652222 0.739585 0.928255 0.952739 0.993544 0.840767 0.828656 0.762167 0.759066 0.835406 0.833127 0.684936 0.610186 0.707298 0.631216 0.672470 0.675293 0.840617 0.833329 0.756579 0.931466 0.631176 0.650699 0.655166 0.702989 0.783277 0.800333 0.687022 0.839921 0.579679 0.600770 0.896378 0.981211 0.842711 0.930369 0.702237 0.655993 0.768842 0.855850 0.881202 0.888516 0.955000 0.926246 0.834183 0.762540 0.862028 0.973777 0.600337 0.520163 0.760031 0.751423 0.542996 0.762518 0.991507 0.912428 0.941787 0.677141 0.678565 0.803701 0.649790 0.891947 0.705981 0.886881 0.785573 0.986255 0.623256 0.538208 0.939939 0.955703 0.583827 0.706896 0.783298 0.629794 0.897279 0.822394 0.966767 0.997801 0.840350 0.680730 0.732997 0.989720 0.985929 0.843598
0.465660 0.540784 0.848511 0.685327 0.971612 0.985453 0.809151 0.714885 0.976314 0.882815 0.659057 0.672213 0.860599 0.778179 0.867625 0.935163 0.606870 0.506314 0.516250 0.000000 0.972588 0.865898 0.932084 0.940350 0.998145 0.989464 0.932568 0.893208 0.717902 0.779026 0.865598 0.862902 0.626992 0.705412 0.784270 0.988050 0.775752 0.872558 0.989977 0.958055 0.706925 0.835114 0.866199 0.899133 0.813809 0.695066 0.653627 0.629212 0.663497 0.625584 0.767319 0.745637 0.787568 0.987179 0.699535 0.687838 0.563068 0.599440 0.623384 0.620098 0.765651 0.780206 0.589848 0.585251 0.919876 0.915186 0.847192 0.870045 0.745338 0.718105 0.869036 0.944678 0.873775 0.871974 0.950438 0.949767 0.936868 0.921081 0.749364 0.915224 0.590490 0.510630 0.685684 0.643464 0.607430 0.730556 0.948062 0.957967 0.849949 0.529876 0.849270 0.998603 0.879747 0.996881 0.853067 0.904648 0.796494 0.918797 0.688573 0.712480 0.843152 0.942010 0.624599 0.716530 0.852242 0.731861 0.879729 0.932581 0.896014 0.949678 0.924591 0.677516 0.758861 0.959080 0.923533 0.796099
0.875700 0.909523 0.793971 0.869225 0.752006 0.955123 0.989623 0.874993 0.999558 0.885043 0.980169 0.879181 0.876726 0.918414 0.924102 0.903156 0.962547 0.948979 0.880355 0.972588 0.000000 0.896158 0.776817 0.768668 0.772733 0.703399 0.989889 0.751173 0.860390 0.743728 0.990916 0.831937 0.784174 0.988397 0.835970 0.940978 0.827194 0.801263 0.867699 0.967403 0.909618 0.947577 0.725740 0.768380 0.938720 0.966381 0.802105 0.912900 0.962496 0.928639 0.787028 0.831789 0.980932 0.919799 0.888382 0.957403 0.748850 0.836394 0.766186 0.921242 0.976431 0.925717 0.945053 0.904260 0.815203 0.861081 0.737917 0.820867 0.881792 0.892756 0.918753 0.921601 0.959600 0.757119 0.966997 0.894945 0.969197 0.977876 0.776260 0.915647 0.928435 0.992657 0.841781 0.998376 0.910514 0.922452 0.996331 0.845198 0.863107 0.895115 0.954812 0.950047 0.990799 0.858382 0.836193 0.752922 0.871328 0.931767 0.952683 0.995192 0.982392 0.924949 0.893991 0.895458 0.925289 0.965069 0.944869 0.823554 0.965670 0.856316 0.974907 0.832947 0.966699 0.990617 0.917640 0.795787
0.894929 0.879613 0.990425 0.943828 0.960908 0.857496 0.939913 0.841607 0.879822 0.965312 0.724367 0.789140 0.951169 0.977503 0.916024 0.963818 0.927362 0.953923 0.837080 0.865898 0.896158 0.000000 0.984798 0.999443 0.972698 0.915494 0.935691 0.795292 0.740673 0.798226 0.952152 0.726185 0.954014 0.789209 0.943064 0.930408 0.832693 0.806387 0.965130 0.902821 0.896493 0.940316 0.967203 0.995287 0.872158 0.933526 0.980774 0.950922 0.985212 0.939221 0.875232 0.871507 0.905263 0.851156 0.965989 0.984730 0.996718 0.913660 0.944837 0.936225 0.850084 0.888131 0.738601 0.796170 0.895916 0.955089 0.967793 0.953316 0.892220 0.965012 0.865632 0.928031 0.876396 0.817966 0.999625 0.855277 0.923748 0.913567 0.967215 0.812856 0.975607 0.904731 0.860903 0.983943 0.909202 0.970929 0.973335 0.935736 0.963209 0.986385 0.979534 0.900649 0.930686 0.883437 0.896278 0.899675 0.969337 0.913529 0.994077 0.964010 0.884440 0.891199 0.981181 0.971271 0.853757 0.937433 0.715459 0.805294 0.978743 0.987801 0.828822 0.959856 0.924421 0.866148 0.883796 0.842555
0.826726 0.995748 0.934677 0.887227 0.676156 0.919324 0.902266 0.714103 0.836196 0.680061 0.698469 0.808445 0.690703 0.692288 0.471485 0.550643 0.762436 0.789267 0.815019 0.932084 0.776817 0.984798 0.000000 0.358917 0.803776 0.875432 0.648183 0.932919 0.940043 0.900587 0.782969 0.622229 0.945546 0.765753 0.891964 0.982336 0.938344 0.985363 0.877352 0.762625 0.915358 0.984167 0.829808 0.827641 0.873437 0.838355 0.787644 0.880368 0.796730 0.890011 0.892461 0.749689 0.624325 0.587236 0.902471 0.882744 0.867737 0.933615 0.594118 0.760935 0.819003 0.676808 0.819069 0.733431 0.563692 0.893310 0.848138 0.657882 0.902020 0.917105 0.760356 0.753032 0.687281 0.684454 0.930712 0.962604 0.950614 0.902488 0.840418 0.896837 0.785937 0.901624 0.625145 0.943121 0.600779 0.683007 0.692545 0.578458 0.984975 0.917314 0.852760 0.688895 0.820311 0.756207 0.996878 0.957770 0.949362 0.779114 0.904910 0.961570 0.750443 0.839295 0.870843 0.829499 0.762680 0.987268 0.891913 0.920940 0.897854 0.918202 0.957236 0.982623 0.965104 0.918862 0.884884 0.938166
0.757788 0.929240 0.939500 0.989473 0.680049 0.922777 0.751070 0.717375 0.925664 0.640763 0.694430 0.938068 0.633391 0.557632 0.449399 0.469921 0.746887 0.736881 0.898740 0.940350 0.768668 0.999443 0.358917 0.000000 0.775978 0.886312 0.619196 0.918798 0.967578 0.974286 0.824012 0.610606 0.902643 0.734999 0.984825 0.993639 0.859749 0.943303 0.989212 0.815804 0.916162 0.927297 0.893871 0.888061 0.783139 0.778491 0.810804 0.832657 0.742666 0.999257 0.984473 0.830672 0.797233 0.742417 0.942805 0.940691 0.851139 0.840204 0.538646 0.776770 0.803032 0.772098 0.787480 0.688894 0.635673 0.893026 0.768445 0.714689 0.952492 0.779499 0.833676 0.854840 0.662855 0.668070 0.897288 0.989806 0.942843 0.985136 0.807371 0.886433 0.755221 0.869446 0.732091 0.860700 0.639173 0.591035 0.771379 0.563090 0.954467 0.965225 0.958463 0.853573 0.969466 0.918860 0.999984 0.952819 0.934527 0.789985 0.787997 0.898292 0.825283 0.960228 0.785504 0.793417 0.865227 0.888118 0.938784 0.963774 0.959392 0.904766 0.834599 0.882722 0.948455 0.913260 0.835552 0.943918
0.998231 0.948421 0.722359 0.749336 0.933857 0.877259 0.857556 0.598816 0.996240 0.454748 0.842813 0.704692 0.977926 0.977036 0.783594 0.989577 0.863572 0.865678 0.979228 0.998145 0.772733 0.972698 0.803776 0.775978 0.000000 0.386927 0.725459 0.609393 0.695711 0.636267 0.824160 0.938560 0.922405 0.736188 0.828783 0.852329 0.811010 0.724488 0.833172 0.978953 0.976108 0.870804 0.742513 0.690661 0.879753 0.930632 0.957914 0.989865 0.910334 0.819199 0.772059 0.682376 0.807338 0.709208 0.984742 0.972734 0.765849 0.933099 0.943775 0.865087 0.661535 0.578492 0.761092 0.659020 0.480844 0.987187 0.827485 0.947635 0.856221 0.999696 0.893567 0.961490 0.925534 0.963224 0.815998 0.967093 0.862234 0.902907 0.946296 0.735411 0.896874 0.903442 0.822939 0.915842 0.791607 0.718406 0.825648 0.864943 0.765347 0.875903 0.913169 0.770490 0.835040 0.649174 0.986084 0.806845 0.923437 0.938719 0.853484 0.980579 0.878356 0.796384 0.981001 0.998307 0.832929 0.901795 0.975405 0.760492 0.919781 0.982846 0.902840 0.966784 0.980288 0.740776 0.741412 0.780759
0.929774 0.912655 0.698680 0.698149 0.839650 0.945908 0.913750 0.694940 0.986220 0.535079 0.859759 0.663688 0.965605 0.988993 0.858095 0.940887 0.905948 0.908233 0.940792 0.989464 0.703399 0.915494 0.875432 0.886312 0.386927 0.000000 0.761593 0.615252 0.737420 0.618258 0.699156 0.968045 0.892374 0.799224 0.809076 0.857738 0.813948 0.677771 0.824913 0.958374 0.955274 0.930788 0.715386 0.695095 0.890184 0.977559 0.948523 0.922059 0.939357 0.767014 0.708605 0.644982 0.816667 0.680351 0.972378 0.984251 0.805770 0.888673 0.980347 0.992393 0.764174 0.709264 0.791484 0.739070 0.509942 0.929857 0.732388 0.921550 0.896319 0.919713 0.896002 0.978909 0.905450 0.950742 0.901540 0.987195 0.919044 0.853951 0.953230 0.745503 0.962215 0.927164 0.934293 0.958159 0.882304 0.743193 0.903768 0.947146 0.774286 0.910148 0.856210 0.772840 0.835129 0.639502 0.982600 0.825293 0.933507 0.942455 0.952822 0.946678 0.899607 0.712526 0.963889 0.901555 0.871718 0.899131 0.904143 0.813966 0.952460 0.988461 0.967215 0.931520 0.981040 0.806536 0.813609 0.840650
0.892323 0.913986 0.883497 0.925860 0.794187 0.983816 0.816373 0.697431 0.906036 0.698794 0.839621 0.874387 0.748012 0.655929 0.549519 0.716884 0.850687 0.938384 0.987083 0.932568 0.989889 0.935691 0.648183 0.619196 0.725459 0.761593 0.000000 0.692439 0.941813 0.943023 0.935641 0.898358 0.953603 0.724536 0.951188 0.997500 0.930430 0.994056 0.997123 0.986821 0.984908 0.991980 0.866753 0.895045 0.712049 0.755385 0.953567 0.828879 0.800720 0.927251 0.971361 0.847455 0.867307 0.856848 0.979376 0.885253 0.975699 0.977328 0.823694 0.832913 0.838082 0.774219 0.966170 0.835977 0.683844 0.977760 0.956837 0.698376 0.966454 0.911782 0.977581 0.970253 0.924259 0.864503 0.927428 0.869828 0.926670 0.893795 0.978383 0.924039 0.992144 0.979939 0.681033 0.886032 0.707368 0.668803 0.898053 0.653387 0.872776 0.901125 0.915173 0.983754 0.970838 0.934776 0.922979 0.954066 0.896623 0.855218 0.795003 0.854166 0.793874 0.997462 0.905196 0.992428 0.784629 0.969800 0.895918 0.979778 0.940329 0.967486 0.974777 0.996178 0.962001 0.753067 0.779106 0.961866
0.941219 0.991590 0.900990 0.881591 0.911160 0.889948 0.858257 0.722683 0.977626 0.670586 0.888010 0.828318 0.867368 0.885086 0.825782 0.920703 0.937641 0.919501 0.923496 0.893208 0.751173 0.795292 0.932919 0.918798 0.609393 0.615252 0.692439 0.000000 0.859453 0.815986 0.955918 0.926811 0.920724 0.822988 0.930742 0.966026 0.804614 0.692876 0.867265 0.968442 0.904434 0.970393 0.942507 0.923448 0.762137 0.813820 0.930230 0.984124 0.848945 0.963299 0.952811 0.906914 0.990432 0.951532 0.941144 0.893592 0.787613 0.983912 0.954846 0.839286 0.803745 0.749593 0.928607 0.816121 0.727325 0.999562 0.911774 0.828073 0.761820 0.967672 0.901937 0.898510 0.956634 0.820314 0.914244 0.944377 0.969186 0.983005 0.971890 0.915201 0.955525 0.980185 0.936338 0.982622 0.799375 0.747914 0.972690 0.858744 0.782859 0.887987 0.999470 0.963627 0.919376 0.840830 0.982845 0.826398 0.793009 0.876778 0.837240 0.895158 0.800221 0.874945 0.900280 0.953307 0.825071 0.940363 0.875070 0.739997 0.990813 0.966131 0.956020 0.940886 0.815628 0.877001 0.778135 0.806183
0.801327 0.971052 0.949467 0.964106 0.975220 0.933081 0.825899 0.627432 0.913988 0.703229 0.671021 0.651592 0.890602 0.812940 0.923368 0.961429 0.762185 0.695235 0.811497 0.717902 0.860390 0.740673 0.940043 0.967578 0.695711 0.737420 0.941813 0.859453 0.000000 0.441906 0.940557 0.801473 0.853050 0.620247 0.956120 0.884359 0.851196 0.795557 0.854093 0.798148 0.972626 0.987608 0.975701 0.914048 0.872681 0.873389 0.835171 0.824150 0.900425 0.915074 0.856015 0.820543 0.913358 0.724096 0.864101 0.843051 0.997442 0.931031 0.907347 0.871923 0.644015 0.610752 0.560774 0.623424 0.764107 0.894732 0.953705 0.888641 0.820595 0.985661 0.908886 0.885876 0.972132 0.763429 0.774357 0.908155 0.987640 0.910770 0.926745 0.884925 0.722628 0.750407 0.841071 0.729372 0.917529 0.927123 0.897313 0.986156 0.966789 0.892873 0.955231 0.730559 0.851018 0.689267 0.774100 0.964810 0.964644 0.991698 0.852392 0.925700 0.775655 0.698298 0.863063 0.930776 0.868791 0.954952 0.864929 0.716000 0.959679 0.967751 0.784129 0.842164 0.826149 0.871689 0.886829 0.783300
0.836620 0.915739 0.740671 0.868406 0.999839 0.848258 0.928636 0.596062 0.919585 0.631073 0.656136 0.553498 0.913141 0.763683 0.868410 0.869003 0.775578 0.673167 0.851432 0.779026 0.743728 0.798226 0.900587 0.974286 0.636267 0.618258 0.943023 0.815986 0.441906 0.000000 0.948165 0.823764 0.840099 0.583201 0.972089 0.927608 0.834805 0.832145 0.901369 0.944009 0.962847 0.965700 0.998892 0.928493 0.777327 0.788019 0.846535 0.802164 0.751893 0.982943 0.919551 0.816988 0.890482 0.690478 0.801625 0.815400 0.963616 0.952015 0.889462 0.810523 0.702704 0.570477 0.568583 0.570252 0.552086 0.911401 0.958316 0.822965 0.792184 0.969004 0.916713 0.910933 0.929226 0.794209 0.916559 0.943730 0.922132 0.933835 0.997439 0.958896 0.743403 0.756958 0.819009 0.769439 0.990244 0.959329 0.939945 0.970807 0.910202 0.929431 0.875533 0.680499 0.796472 0.598698 0.797286 0.904277 0.952274 0.931190 0.856798 0.916028 0.773782 0.786538 0.894180 0.941065 0.928278 0.981027 0.808591 0.778239 0.936258 0.985266 0.892692 0.909930 0.867148 0.924628 0.892586 0.823638
0.930054 0.973625 0.893786 0.872941 0.862270 0.952616 0.940033 0.950264 0.970408 0.880230 0.985680 0.764020 0.894808 0.959538 0.991311 0.945914 0.915294 0.973993 0.891903 0.865598 0.990916 0.952152 0.782969 0.824012 0.824160 0.699156 0.935641 0.955918 0.940557 0.948165 0.000000 0.596047 0.811301 0.963692 0.882913 0.812505 0.970847 0.695230 0.909988 0.789417 0.990136 0.968309 0.885260 0.841477 0.861843 0.834233 0.987230 0.848358 0.928481 0.693659 0.651756 0.599514 0.646157 0.567433 0.779259 0.879244 0.976782 0.945638 0.986607 0.855796 0.974596 0.929968 0.991149 0.988325 0.862515 0.980521 0.815071 0.750059 0.903493 0.852639 0.742034 0.825043 0.717948 0.725895 0.822260 0.785078 0.991105 0.910001 0.812643 0.832294 0.995530 0.915786 0.948711 0.928598 0.993863 0.986713 0.976953 0.980860 0.788603 0.882607 0.753395 0.775881 0.828049 0.747892 0.999231 0.924345 0.947007 0.903689 0.804123 0.760579 0.952261 0.920359 0.943413 0.871893 0.880237 0.969333 0.844537 0.836975 0.987154 0.971015 0.888338 0.951321 0.822602 0.974298 0.925098 0.917191
0.960200 0.977971 0.969257 0.968900 0.944332 0.972470 0.969113 0.954148 0.907849 0.888981 0.907713 0.914661 0.988841 0.760446 0.855312 0.779123 0.925737 0.958535 0.696592 0.862902 0.831937 0.726185 0.622229 0.610606 0.938560 0.968045 0.898358 0.926811 0.801473 0.823764 0.596047 0.000000 0.919598 0.983667 0.924041 0.742596 0.804718 0.978630 0.818867 0.676097 0.883097 0.958508 0.910582 0.927895 0.816914 0.876452 0.972051 0.822993 0.898168 0.773151 0.847900 0.791912 0.657322 0.735161 0.936696 0.896593 0.928284 0.906283 0.776581 0.978157 0.893930 0.881285 0.980357 0.917014 0.959601 0.942936 0.857099 0.950691 0.902940 0.871286 0.687037 0.791637 0.690791 0.602261 0.960371 0.904330 0.872996 0.863672 0.958088 0.747124 0.888706 0.949923 0.806736 0.851973 0.865937 0.955307 0.855581 0.790705 0.763305 0.926076 0.874397 0.842311 0.911668 0.876805 0.907192 0.955899 0.882599 0.807223 0.917494 0.769720 0.917441 0.986802 0.999829 0.977824 0.905278 0.994290 0.971566 0.968330 0.871524 0.902899 0.830665 0.991403 0.804888 0.952708 0.914487 0.933028
0.482903 0.616573 0.660571 0.585939 0.824971 0.904736 0.564479 0.655957 0.872745 0.797244 0.609325 0.856159 0.984785 0.953477 0.851264 0.929626 0.639817 0.574994 0.668222 0.626992 0.784174 0.954014 0.945546 0.902643 0.922405 0.892374 0.953603 0.920724 0.853050 0.840099 0.811301 0.919598 0.000000 0.589033 0.785687 0.955365 0.761292 0.770237 0.954107 0.981950 0.760821 0.736402 0.732445 0.673690 0.674261 0.598695 0.686685 0.637844 0.748104 0.718781 0.785889 0.837792 0.857584 0.923408 0.777145 0.785364 0.554064 0.720867 0.647809 0.723232 0.627923 0.772168 0.664024 0.666499 0.937559 0.872163 0.528776 0.647984 0.716439 0.737472 0.943648 0.972264 0.910753 0.922911 0.961063 0.999891 0.776643 0.777487 0.688185 0.983675 0.590665 0.627444 0.886172 0.737365 0.761330 0.880711 0.884491 0.928032 0.998975 0.749572 0.574464 0.789619 0.680172 0.803039 0.911439 0.677848 0.603767 0.833608 0.622171 0.652445 0.871221 0.986376 0.600114 0.630100 0.822787 0.754848 0.886430 0.790609 0.861646 0.746271 0.858554 0.642711 0.672206 0.858716 0.961038 0.910793
0.515418 0.743856 0.881747 0.761761 0.886731 0.949150 0.533968 0.387424 0.997434 0.521522 0.418132 0.530623 0.911606 0.995948 0.700167 0.872521 0.586007 0.530642 0.652222 0.705412 0.988397 0.789209 0.765753 0.734999 0.736188 0.799224 0.724536 0.822988 0.620247 0.583201 0.963692 0.983667 0.589033 0.000000 0.825981 0.949958 0.988498 0.982069 0.968062 0.929089 0.769498 0.856712 0.798212 0.840723 0.607013 0.558869 0.795862 0.647651 0.693352 0.948440 0.933496 0.818590 0.836465 0.740391 0.658750 0.769967 0.759916 0.896176 0.701604 0.785427 0.423893 0.490602 0.420675 0.402161 0.745871 0.887473 0.699700 0.660851 0.916189 0.776394 0.890517 0.879545 0.962164 0.965853 0.926106 0.988503 0.988390 0.803000 0.896255 0.838591 0.538418 0.584791 0.978905 0.690280 0.888823 0.992907 0.881907 0.822154 0.965443 0.801134 0.738849 0.953953 0.818971 0.860400 0.729578 0.899583 0.845846 0.856836 0.584002 0.657013 0.792413 0.882727 0.574442 0.690777 0.980436 0.813812 0.807968 0.984004 0.875671 0.860299 0.782476 0.661262 0.755210 0.783341 0.817702 0.785542
0.749472 0.835837 0.620239 0.652056 0.983181 0.855731 0.752975 0.921839 0.801344 0.994195 0.790261 0.952074 0.848474 0.930244 0.973265 0.871847 0.781489 0.794184 0.739585 0.784270 0.835970 0.943064 0.891964 0.984825 0.828783 0.809076 0.951188 0.930742 0.956120 0.972089 0.882913 0.924041 0.785687 0.825981 0.000000 0.964492 0.939988 0.944980 0.919740 0.867195 0.652359 0.787185 0.878423 0.857295 0.842167 0.818259 0.935951 0.874563 0.902884 0.847976 0.858285 0.857453 0.916839 0.842208 0.981386 0.811493 0.792521 0.873369 0.903104 0.978218 0.837543 0.975660 0.770909 0.832418 0.688396 0.966835 0.708360 0.924544 0.789316 0.820482 0.928005 0.929068 0.933242 0.990249 0.959116 0.852820 0.975220 0.873275 0.892076 0.954477 0.747521 0.835421 0.869825 0.835639 0.755017 0.775436 0.916504 0.948767 0.990307 0.811883 0.806254 0.818435 0.731287 0.791162 0.844907 0.870195 0.913116 0.888375 0.789998 0.734393 0.942122 0.848140 0.776704 0.855854 0.828978 0.711371 0.908580 0.771142 0.958186 0.909002 0.929958 0.868271 0.991741 0.933205 0.908070 0.964931
0.980981 0.925150 0.987577 0.977041 0.934356 0.931842 0.996905 0.966739 0.813217 0.913980 0.968655 0.955846 0.910857 0.985840 0.962429 0.994324 0.999996 0.922968 0.928255 0.988050 0.940978 0.930408 0.982336 0.993639 0.852329 0.857738 0.997500 0.966026 0.884359 0.927608 0.812505 0.742596 0.955365 0.949958 0.964492 0.000000 0.923315 0.919033 0.921430 0.835616 0.888089 0.971929 0.742832 0.798863 0.778141 0.810140 0.933216 0.744269 0.819393 0.817562 0.887406 0.899880 0.848342 0.860687 0.960217 0.973421 0.945285 0.956367 0.987876 0.992847 0.907405 0.901877 0.994467 0.969366 0.998307 0.900140 0.940545 0.826991 0.902882 0.936305 0.944101 0.962107 0.923036 0.964274 0.968329 0.889029 0.943778 0.867616 0.900738 0.886105 0.976496 0.945086 0.918461 0.999758 0.986002 0.896818 0.899332 0.971243 0.825524 0.966173 0.917122 0.948625 0.931833 0.936167 0.824265 0.997004 0.953232 0.897231 0.893456 0.851829 0.855533 0.927318 0.892488 0.942147 0.922009 0.985600 0.961453 0.933545 0.966118 0.966469 0.931839 0.956049 0.845836 0.971259 0.938562 0.976643
0.683043 0.732523 0.776725 0.839406 0.934264 0.937024 0.919232 0.922975 0.938258 0.900159 0.907130 0.872481 0.856145 0.747268 0.967209 0.871956 0.790189 0.693108 0.952739 0.775752 0.827194 0.832693 0.938344 0.859749 0.811010 0.813948 0.930430 0.804614 0.851196 0.834805 0.970847 0.804718 0.761292 0.988498 0.939988 0.923315 0.000000 0.606159 0.914458 0.789733 0.812828 0.707148 0.907565 0.933592 0.982106 0.998227 0.853372 0.869595 0.864764 0.751536 0.726058 0.686643 0.770574 0.859303 0.776317 0.759222 0.574751 0.536803 0.629444 0.724672 0.941210 0.889447 0.975783 0.911537 0.867942 0.871115 0.829821 0.982795 0.600463 0.686995 0.965401 0.871572 0.954792 0.844221 0.924134 0.830781 0.936592 0.834412 0.770486 0.885455 0.755978 0.749417 0.826557 0.719236 0.768996 0.985087 0.942427 0.915996 0.835358 0.620891 0.867428 0.891288 0.879000 0.846731 0.943686 0.839972 0.748274 0.865971 0.871408 0.929783 0.965240 0.874462 0.683491 0.831437 0.736355 0.717460 0.878050 0.741734 0.942819 0.763050 0.908069 0.918235 0.941045 0.978750 0.751113 0.816081
0.752463 0.763962 0.850799 0.936296 0.717524 0.966266 0.988278 0.803304 0.927757 0.756157 0.939177 0.749827 0.877193 0.863600 0.984362 0.923093 0.961317 0.882460 0.993544 0.872558 0.801263 0.806387 0.985363 0.943303 0.724488 0.677771 0.994056 0.692876 0.795557 0.832145 0.695230 0.978630 0.770237 0.982069 0.944980 0.919033 0.606159 0.000000 0.900070 0.863549 0.826737 0.777757 0.829391 0.841965 0.975497 0.930932 0.847987 0.829141 0.844551 0.672238 0.614566 0.608971 0.752247 0.715421 0.918125 0.906824 0.592391 0.674794 0.745244 0.788636 0.821491 0.799474 0.892382 0.918950 0.871264 0.908443 0.836355 0.935449 0.699878 0.892389 0.853232 0.833277 0.991742 0.921940 0.768731 0.946684 0.880519 0.839749 0.842237 0.815475 0.909322 0.902959 0.961817 0.891307 0.901567 0.973292 0.916699 0.996494 0.841488 0.807828 0.932481 0.829701 0.831837 0.775280 0.996382 0.830575 0.777359 0.875306 0.917138 0.901394 0.898258 0.852519 0.888739 0.804113 0.791668 0.729930 0.806456 0.649876 0.942012 0.723486 0.989458 0.981489 0.939250 0.954389 0.753155 0.867865
