0.000000 0.236375 0.861420 0.963594 0.704642 0.905858 0.709092 0.659008 0.985695 0.943099 0.332804 0.274739 0.375032 0.444358 0.737088 0.836991 0.295760 0.267922 0.353657 0.304691 0.870551 0.953147 0.796306 0.959996 0.801327 0.661236 0.934504 0.851852 0.417241 0.316170 0.854597 0.957396 0.443106 0.424037 0.990687 0.869019 0.841428 0.896311 0.941091 0.978831 0.952124 0.892575 0.925182 0.985369 0.938040 0.843783 0.630718 0.616217 0.638351 0.574408 0.604974 0.567369 0.941039 0.783177 0.533411 0.639873 0.248521 0.237463 0.385215 0.379050 0.295331 0.294896 0.263398 0.246601 0.924062 0.773982 0.835496 0.936434 0.418599 0.351893 0.993245 0.733090 0.707518 0.867354 0.727119 0.801784 0.960874 0.875532 0.492917 0.527105 0.221183 0.277364 0.401601 0.347952 0.360475 0.605161 0.620224 0.588204 0.547558 0.598267 0.561690 0.446156 0.493229 0.410679 0.774254 0.961274 0.511292 0.996240 0.828840 0.944634 0.838802 0.852899 0.758439 0.754529 0.867309 0.788122 0.869361 0.877414 0.832746 0.683400 0.905822 0.738257 0.967086 0.844342 0.799683 0.621239
0.236375 0.000000 0.863283 0.972378 0.775325 0.960856 0.793368 0.621837 0.934255 0.873494 0.420260 0.246732 0.437526 0.459655 0.814390 0.823672 0.307492 0.289703 0.433325 0.327634 0.876578 0.970663 0.855945 0.933528 0.843372 0.715987 0.966590 0.890285 0.472200 0.399006 0.795363 0.938537 0.495914 0.472254 0.967624 0.887894 0.778412 0.879259 0.980225 0.934959 0.911158 0.935197 0.996143 0.950645 0.992895 0.851903 0.541711 0.631983 0.691163 0.597019 0.572719 0.538868 0.969930 0.773363 0.499024 0.634699 0.263596 0.221972 0.390864 0.371015 0.338727 0.296222 0.304432 0.275101 0.880019 0.686135 0.846929 0.894763 0.397722 0.315791 0.992261 0.684347 0.729127 0.856506 0.760536 0.785652 0.865896 0.782621 0.524613 0.489058 0.278631 0.310633 0.446435 0.363353 0.394116 0.558604 0.611618 0.647131 0.585609 0.603249 0.504093 0.427226 0.501303 0.390845 0.833128 0.972489 0.544134 0.997205 0.899261 0.970160 0.830237 0.726022 0.838293 0.820950 0.853262 0.762059 0.882229 0.903134 0.826300 0.646928 0.897879 0.728995 0.933921 0.853661 0.741214 0.714569
0.861420 0.863283 0.000000 0.325706 0.881661 0.767427 0.560562 0.481881 0.950460 0.797988 0.981417 0.879074 0.825461 0.707451 0.964189 0.715834 0.965479 0.967332 0.805482 0.860772 0.779534 0.969578 0.816308 0.439640 0.525176 0.587189 0.746092 0.906245 0.945114 0.951222 0.763006 0.865181 0.837905 0.761744 0.879036 0.984660 0.600302 0.728445 0.598427 0.776405 0.901961 0.940458 0.711339 0.810982 0.791419 0.969909 0.662637 0.617407 0.821147 0.980037 0.934151 0.873913 0.886452 0.793027 0.666622 0.823074 0.974661 0.915403 0.808939 0.841943 0.886386 0.834726 0.989320 0.937909 0.389886 0.451618 0.541234 0.651151 0.844803 0.802419 0.855414 0.914941 0.923934 0.953890 0.740958 0.857972 0.756664 0.938095 0.833353 0.981110 0.952862 0.880363 0.757879 0.824412 0.719912 0.352625 0.821895 0.965137 0.687544 0.669225 0.732858 0.815298 0.717888 0.782572 0.931582 0.635461 0.725904 0.838215 0.952895 0.957598 0.835298 0.987680 0.860632 0.898320 0.689989 0.653207 0.914242 0.790141 0.918966 0.704423 0.835612 0.939802 0.946520 0.920036 0.889517 0.951602
0.963594 0.972378 0.325706 0.000000 0.781439 0.729841 0.649101 0.423317 0.952540 0.827950 0.870302 0.982448 0.980821 0.868010 0.842806 0.752838 0.789872 0.799941 0.967192 0.998289 0.730387 0.998132 0.993402 0.482730 0.484659 0.471935 0.787980 0.843686 0.722865 0.765081 0.770771 0.871385 0.954754 0.863878 0.947974 0.907015 0.615780 0.731814 0.531931 0.672019 0.881985 0.997854 0.543682 0.684756 0.768327 0.947965 0.635641 0.586430 0.745424 0.966060 0.915054 0.866234 0.903740 0.859290 0.784106 0.821328 0.865508 0.915643 0.861345 0.859421 0.960430 0.963675 0.804601 0.770573 0.471936 0.425560 0.528448 0.576998 0.957671 0.935046 0.723310 0.903751 0.975786 0.977371 0.806887 0.931914 0.630109 0.839638 0.921941 0.933280 0.830194 0.908522 0.991535 0.955678 0.963255 0.446748 0.965631 0.778656 0.825787 0.796854 0.631923 0.675579 0.564302 0.646169 0.947961 0.717312 0.835314 0.813851 0.948702 0.953894 0.805963 0.971282 0.880460 0.884593 0.635236 0.597266 0.853644 0.678913 0.996027 0.824847 0.848878 0.968903 0.771531 0.851492 0.858292 0.902763
0.704642 0.775325 0.881661 0.781439 0.000000 0.880552 0.857821 0.994275 0.739043 0.812199 0.652717 0.705338 0.630982 0.683030 0.723197 0.780471 0.713151 0.753370 0.692887 0.790974 0.838868 0.916850 0.735991 0.984202 0.701444 0.682577 0.969453 0.782470 0.639177 0.651873 0.853869 0.942835 0.812125 0.855687 0.958067 0.878085 0.779014 0.982895 0.834267 0.847138 0.886244 0.830169 0.824220 0.798217 0.862548 0.952208 0.989075 0.941521 0.794101 0.804695 0.869350 0.853722 0.859451 0.888302 0.995671 0.960441 0.777363 0.824510 0.793054 0.873025 0.699977 0.719702 0.701815 0.671401 0.997424 0.934842 0.906528 0.818118 0.872905 0.866139 0.994900 0.766870 0.954021 0.987550 0.882092 0.919350 0.811926 0.951061 0.806672 0.960755 0.743291 0.775167 0.717901 0.860960 0.659831 0.991577 0.818351 0.733710 0.849399 0.851693 0.776679 0.880751 0.633268 0.822178 0.862388 0.993079 0.956227 0.652972 0.963100 0.926237 0.757902 0.999426 0.955714 0.872469 0.974381 0.987291 0.912874 0.802840 0.959879 0.992312 0.839051 0.872198 0.910987 0.959136 0.914240 0.954609
0.905858 0.960856 0.767427 0.729841 0.880552 0.000000 0.982396 0.882722 0.864324 0.762087 0.983543 0.992963 0.925586 0.969983 0.876160 0.912904 0.832483 0.871107 0.829275 0.902272 0.657592 0.914948 0.793685 0.836931 0.604501 0.527111 0.941373 0.625174 0.790006 0.731456 0.989781 0.813635 0.997111 0.938280 0.736623 0.794088 0.828480 0.904785 0.696698 0.501801 0.637049 0.936227 0.757277 0.831065 0.945644 0.982061 0.840985 0.855151 0.804849 0.800365 0.991349 0.964920 0.877032 0.839959 0.909231 0.710704 0.887960 0.951924 0.915208 0.992634 0.964927 0.994282 0.845612 0.839657 0.656254 0.592858 0.583581 0.548437 0.902890 0.992950 0.994390 0.788581 0.851850 0.905527 0.869134 0.921461 0.985382 0.887293 0.858017 0.998548 0.842269 0.983683 0.945526 0.999230 0.994298 0.703346 0.873014 0.814840 0.991920 0.817844 0.709434 0.874274 0.654901 0.794519 0.904957 0.704365 0.901682 0.775745 0.977899 0.914609 0.677245 0.942745 0.937609 0.997371 0.879070 0.731357 0.853854 0.950089 0.964766 0.961204 0.993461 0.954889 0.961421 0.978613 0.925213 0.775582
0.709092 0.793368 0.560562 0.649101 0.857821 0.982396 0.000000 0.364399 0.585783 0.617822 0.629311 0.690423 0.456032 0.446002 0.598265 0.545094 0.776652 0.770502 0.406585 0.628538 0.998171 0.941808 0.657345 0.763553 0.866259 0.879065 0.917825 0.830496 0.612438 0.617234 0.731511 0.565505 0.602322 0.496526 0.873253 0.889753 0.959968 0.952227 0.943587 0.939630 0.981201 0.995805 0.652906 0.599679 0.696824 0.551665 0.658240 0.425590 0.662747 0.553797 0.629476 0.646724 0.757467 0.800413 0.770360 0.802214 0.823234 0.870235 0.585777 0.697801 0.529263 0.597129 0.676479 0.750328 0.861280 0.802219 0.664310 0.827497 0.963802 0.782769 0.706543 0.771522 0.574702 0.675718 0.802938 0.734010 0.572566 0.741995 0.713155 0.854605 0.812862 0.886633 0.754503 0.890667 0.750997 0.705315 0.936414 0.918598 0.748946 0.819361 0.702212 0.774089 0.906105 0.928365 0.956376 0.880102 0.654236 0.940151 0.575512 0.528917 0.828551 0.686164 0.752680 0.567809 0.803334 0.801684 0.846179 0.667231 0.979769 0.776565 0.680167 0.599937 0.639518 0.728399 0.875104 0.619907
0.659008 0.621837 0.481881 0.423317 0.994275 0.882722 0.364399 0.000000 0.759793 0.846741 0.659662 0.565681 0.584801 0.506676 0.894286 0.591666 0.799351 0.781068 0.543283 0.621858 0.891112 0.941800 0.939554 0.721311 0.935516 0.905316 0.952408 0.906288 0.758863 0.725648 0.860746 0.759496 0.719999 0.499236 0.903156 0.959795 0.712377 0.760282 0.770431 0.822864 0.972607 0.944607 0.471409 0.504274 0.866341 0.605712 0.446260 0.357678 0.745152 0.596467 0.507718 0.495412 0.863979 0.984611 0.606654 0.657614 0.777116 0.739693 0.469098 0.490553 0.557662 0.503535 0.725661 0.747364 0.741977 0.490828 0.517932 0.626220 0.799849 0.607858 0.770211 0.885166 0.666954 0.720286 0.775988 0.766799 0.502964 0.623305 0.727118 0.788585 0.816039 0.835747 0.799632 0.870409 0.817975 0.511988 0.940066 0.878526 0.772864 0.771766 0.769997 0.863660 0.841275 0.971742 0.943354 0.781700 0.602417 0.841283 0.663556 0.634196 0.739728 0.873801 0.760126 0.606323 0.663977 0.571323 0.798655 0.634226 0.895702 0.748525 0.713133 0.610015 0.581472 0.710732 0.709674 0.751262
0.985695 0.934255 0.950460 0.952540 0.739043 0.864324 0.585783 0.759793 0.000000 0.389064 0.846364 0.967632 0.743106 0.763598 0.613132 0.560858 0.981602 0.979873 0.681086 0.955861 0.895763 0.914777 0.608889 0.855688 0.722982 0.724462 0.993230 0.705384 0.774410 0.797756 0.770919 0.742384 0.967563 0.881035 0.884437 0.814505 0.815414 0.824032 0.760208 0.757574 0.872493 0.960275 0.951371 0.871686 0.750534 0.751843 0.974821 0.858079 0.708533 0.655314 0.894375 0.838350 0.628928 0.591846 0.839931 0.871240 0.899876 0.894669 0.950137 0.991849 0.873944 0.863137 0.901638 0.922328 0.925294 0.784820 0.894570 0.773288 0.748388 0.917402 0.864900 0.882531 0.823447 0.983509 0.829246 0.929998 0.900074 0.902997 0.989018 0.896271 0.959015 0.869033 0.984927 0.828436 0.985171 0.845211 0.984381 0.889661 0.990900 0.994628 0.832701 0.682462 0.909069 0.852821 0.860061 0.977652 0.964769 0.846993 0.741940 0.686664 0.914717 0.752033 0.905176 0.821554 0.839590 0.953837 0.853338 0.766427 0.907797 0.918394 0.914973 0.866145 0.712071 0.855259 0.966148 0.945500
0.943099 0.873494 0.797988 0.827950 0.812199 0.762087 0.617822 0.846741 0.389064 0.000000 0.862875 0.998925 0.805902 0.852512 0.635921 0.685257 0.988595 0.977089 0.732560 0.999669 0.812779 0.949246 0.709504 0.867026 0.514688 0.596778 0.808400 0.612109 0.693405 0.743527 0.732850 0.631524 0.993085 0.871053 0.664489 0.902655 0.761099 0.841757 0.604094 0.596407 0.817037 0.958136 0.870119 0.750198 0.524096 0.589625 0.915879 0.896728 0.492631 0.554093 0.778121 0.783020 0.508937 0.408163 0.803958 0.824998 0.908115 0.863392 0.963616 0.944845 0.854924 0.904009 0.913196 0.890319 0.631560 0.588815 0.798065 0.682778 0.731719 0.917870 0.888450 0.718718 0.665190 0.716697 0.976557 0.882838 0.780853 0.884461 0.988411 0.938270 0.931968 0.774016 0.917891 0.712000 0.820029 0.586558 0.839489 0.978555 0.884781 0.880864 0.819391 0.674685 0.921954 0.841002 0.908378 0.937654 0.895362 0.926910 0.591254 0.495083 0.930140 0.640654 0.751107 0.772375 0.846203 0.887445 0.838243 0.724412 0.889120 0.874032 0.818822 0.747307 0.626555 0.826514 0.960723 0.893696
0.332804 0.420260 0.981417 0.870302 0.652717 0.983543 0.629311 0.659662 0.846364 0.862875 0.000000 0.323984 0.353106 0.446900 0.659817 0.733911 0.350754 0.312848 0.374471 0.329855 0.878726 0.997765 0.853687 0.922682 0.692331 0.643961 0.817120 0.850281 0.370635 0.309331 0.861810 0.919850 0.465068 0.421368 0.930141 0.846260 0.986307 0.940450 0.832760 0.979866 0.927596 0.831000 0.962856 0.952516 0.820504 0.764729 0.782643 0.662677 0.579250 0.630108 0.633760 0.633475 0.943906 0.873723 0.712810 0.611005 0.391399 0.403322 0.446763 0.501398 0.325282 0.345397 0.331624 0.326618 0.999926 0.847744 0.821092 0.929138 0.663212 0.530899 0.970349 0.835360 0.655414 0.793465 0.756958 0.889700 0.924239 0.819435 0.586198 0.519672 0.357283 0.390303 0.516556 0.486687 0.532365 0.761586 0.789670 0.718938 0.753738 0.740936 0.775988 0.625119 0.657798 0.561406 0.726960 0.968067 0.593908 0.917795 0.758074 0.846260 0.995354 0.972316 0.677815 0.735713 0.992549 0.871757 0.856835 0.834257 0.868975 0.803632 0.893206 0.713136 0.889896 0.789149 0.763128 0.637541
0.274739 0.246732 0.879074 0.982448 0.705338 0.992963 0.690423 0.565681 0.967632 0.998925 0.323984 0.000000 0.388552 0.383740 0.760390 0.750974 0.325314 0.312517 0.394700 0.327022 0.830398 0.960968 0.870383 0.979418 0.766839 0.674780 0.868752 0.815505 0.389316 0.348058 0.844286 0.961535 0.472102 0.420510 0.976690 0.895152 0.813379 0.861565 0.948867 0.952527 0.980372 0.934556 0.950188 0.921160 0.869090 0.782341 0.575479 0.611276 0.620999 0.549321 0.508699 0.491877 0.913386 0.862507 0.586755 0.590168 0.308004 0.288838 0.357203 0.369064 0.279878 0.231828 0.286858 0.268521 0.954613 0.685716 0.767027 0.849163 0.503050 0.369064 0.994055 0.723867 0.679224 0.808505 0.742273 0.753955 0.869770 0.741713 0.539668 0.479943 0.329130 0.366711 0.471970 0.455826 0.466296 0.611944 0.694846 0.703325 0.668739 0.670887 0.625056 0.507310 0.585381 0.461487 0.824230 0.967219 0.510280 0.985484 0.809189 0.857028 0.957368 0.891189 0.734630 0.731448 0.899810 0.770226 0.868927 0.971387 0.847382 0.706144 0.859856 0.679983 0.870065 0.821254 0.697865 0.659229
0.375032 0.437526 0.825461 0.980821 0.630982 0.925586 0.456032 0.584801 0.743106 0.805902 0.353106 0.388552 0.000000 0.300878 0.460241 0.512249 0.405020 0.379620 0.304236 0.358197 0.882528 0.942857 0.568784 0.804104 0.753210 0.620186 0.922360 0.803139 0.372487 0.376332 0.976185 0.781087 0.414368 0.404575 0.997153 0.908288 0.983007 0.946705 0.915458 0.910827 0.920700 0.940570 0.973439 0.863270 0.736129 0.660348 0.660921 0.543520 0.590226 0.521449 0.593484 0.577800 0.777889 0.941263 0.706971 0.704279 0.463383 0.475224 0.448266 0.577659 0.291123 0.360793 0.322584 0.355973 0.853014 0.862189 0.820603 0.927519 0.699756 0.577184 0.905915 0.867036 0.697159 0.754508 0.837082 0.797814 0.738868 0.775298 0.551441 0.619866 0.436113 0.509458 0.465588 0.490897 0.413667 0.650250 0.669044 0.591014 0.638224 0.634085 0.765972 0.689864 0.627411 0.583019 0.891259 0.965675 0.615334 0.973009 0.695607 0.725459 0.923951 0.957169 0.820295 0.671563 0.811711 0.817305 0.846152 0.990559 0.941966 0.844501 0.903818 0.663781 0.786898 0.802521 0.808279 0.568705
0.444358 0.459655 0.707451 0.868010 0.683030 0.969983 0.446002 0.506676 0.763598 0.852512 0.446900 0.383740 0.300878 0.000000 0.559056 0.480203 0.519307 0.476945 0.359214 0.419491 0.966497 0.918226 0.622482 0.739247 0.847566 0.802346 0.946080 0.876869 0.426199 0.511521 0.893698 0.753388 0.418708 0.390759 0.839241 0.984626 0.868191 0.879526 0.949403 0.978085 0.995404 0.942984 0.822412 0.752374 0.718045 0.598986 0.527135 0.462979 0.612862 0.497931 0.493785 0.468654 0.743237 0.883154 0.650015 0.666551 0.527020 0.539269 0.415276 0.543076 0.325860 0.360039 0.389064 0.423248 0.790563 0.723527 0.665470 0.757546 0.776618 0.594699 0.861028 0.941985 0.765284 0.712652 0.768343 0.674227 0.705313 0.699944 0.543018 0.615704 0.529583 0.589762 0.471545 0.572250 0.453909 0.550967 0.789812 0.668717 0.644226 0.595601 0.868834 0.782838 0.773872 0.675742 0.994307 0.932274 0.561891 0.978402 0.688859 0.679129 0.983425 0.991301 0.781195 0.743777 0.803225 0.789695 0.927171 0.947336 0.975571 0.707551 0.813030 0.676299 0.752498 0.730235 0.755632 0.660120
0.737088 0.814390 0.964189 0.842806 0.723197 0.876160 0.598265 0.894286 0.613132 0.635921 0.659817 0.760390 0.460241 0.559056 0.000000 0.454628 0.677298 0.642691 0.617052 0.725929 0.933406 0.944011 0.432342 0.849626 0.783665 0.679229 0.939149 0.842614 0.500325 0.587043 0.708702 0.668743 0.556267 0.715944 0.982521 0.886873 0.920742 0.864018 0.688400 0.697027 0.971687 0.991037 0.927486 0.929375 0.699485 0.750585 0.925465 0.836896 0.706858 0.698821 0.869427 0.860195 0.701915 0.758101 0.955168 0.968960 0.800466 0.795579 0.802497 0.981335 0.616948 0.712110 0.607116 0.624150 0.887228 0.805565 0.948948 0.843788 0.924664 0.922622 0.951211 0.985891 0.834990 0.931046 0.903144 0.804575 0.876745 0.896158 0.765615 0.812760 0.741937 0.872967 0.627630 0.717922 0.676285 0.926472 0.747264 0.699752 0.822475 0.846200 0.854701 0.912042 0.683154 0.769581 0.932257 0.892168 0.921546 0.869550 0.735260 0.739673 0.801911 0.954064 0.907844 0.832742 0.959191 0.934481 0.917687 0.984466 0.949353 0.963715 0.972017 0.737859 0.898447 0.809132 0.940492 0.699140
0.836991 0.823672 0.715834 0.752838 0.780471 0.912904 0.545094 0.591666 0.560858 0.685257 0.733911 0.750974 0.512249 0.480203 0.454628 0.000000 0.844543 0.805907 0.666402 0.763949 0.848624 0.964551 0.549004 0.575743 0.964449 0.976360 0.846835 0.979908 0.670515 0.794398 0.670209 0.740236 0.723906 0.732556 0.942120 0.994878 0.879972 0.870288 0.930088 0.977089 0.946337 0.989613 0.775874 0.734582 0.842229 0.725543 0.749279 0.686119 0.817329 0.761477 0.780208 0.734992 0.701448 0.755509 0.910598 0.950721 0.928053 0.886310 0.770020 0.898051 0.711955 0.694407 0.770515 0.781144 0.652421 0.864009 0.849284 0.937945 0.899654 0.893421 0.821257 0.981861 0.892848 0.815513 0.794609 0.737923 0.703185 0.773528 0.753609 0.890849 0.934345 0.982709 0.707199 0.846795 0.757069 0.700970 0.844571 0.895280 0.874606 0.741067 0.942891 0.882020 0.924333 0.964982 0.990372 0.903812 0.908209 0.835636 0.782740 0.710923 0.939903 0.978224 0.988793 0.801900 0.780780 0.827194 0.867903 0.852298 0.942981 0.971058 0.978665 0.756138 0.647413 0.679657 0.803795 0.886609
0.295760 0.307492 0.965479 0.789872 0.713151 0.832483 0.776652 0.799351 0.981602 0.988595 0.350754 0.325314 0.405020 0.519307 0.677298 0.844543 0.000000 0.225770 0.409706 0.345308 0.769545 0.946994 0.835443 0.892408 0.655988 0.530687 0.909120 0.816396 0.374588 0.292687 0.821196 0.988842 0.454680 0.462463 0.954108 0.808429 0.944227 0.993957 0.810534 0.934175 0.944114 0.865765 0.885164 0.986996 0.867925 0.800109 0.713775 0.754711 0.614978 0.603818 0.650847 0.661556 0.935552 0.868010 0.654629 0.694436 0.275339 0.296507 0.508267 0.548769 0.360960 0.380936 0.267988 0.271188 0.958271 0.918165 0.995074 0.974787 0.563550 0.474826 0.950864 0.773940 0.696638 0.838867 0.822134 0.792125 0.968844 0.821239 0.473494 0.436883 0.260030 0.332015 0.464941 0.412695 0.448774 0.766744 0.664127 0.603054 0.657773 0.714356 0.554016 0.464441 0.467602 0.388388 0.793669 0.894879 0.622058 0.959676 0.845152 0.972791 0.810477 0.921193 0.739413 0.795194 0.990365 0.952417 0.795227 0.823338 0.817532 0.816065 0.912949 0.694696 0.957896 0.759059 0.802303 0.604575
0.267922 0.289703 0.967332 0.799941 0.753370 0.871107 0.770502 0.781068 0.979873 0.977089 0.312848 0.312517 0.379620 0.476945 0.642691 0.805907 0.225770 0.000000 0.395424 0.287935 0.811119 0.859681 0.794310 0.940440 0.702253 0.556603 0.950890 0.864092 0.342532 0.294001 0.821336 0.995243 0.429866 0.485762 0.975891 0.846929 0.932690 0.960470 0.840737 0.933150 0.908636 0.868849 0.869152 0.974761 0.904110 0.848158 0.718737 0.734635 0.634841 0.640737 0.670808 0.676757 0.990168 0.825755 0.661649 0.692138 0.265694 0.274624 0.493777 0.518477 0.352744 0.368804 0.253446 0.249271 0.981836 0.898101 0.956469 0.993327 0.511668 0.442770 0.992647 0.787122 0.698993 0.796982 0.847287 0.821841 0.948376 0.822371 0.468508 0.446944 0.255730 0.311462 0.436107 0.357978 0.415560 0.724337 0.644057 0.597050 0.635403 0.719444 0.522501 0.446568 0.454508 0.375616 0.759601 0.882512 0.592597 0.929477 0.845141 0.982398 0.792283 0.872600 0.785616 0.804833 0.954562 0.946314 0.823771 0.793895 0.826322 0.790139 0.938502 0.707018 0.971711 0.774181 0.810445 0.620017
0.353657 0.433325 0.805482 0.967192 0.692887 0.829275 0.406585 0.543283 0.681086 0.732560 0.374471 0.394700 0.304236 0.359214 0.617052 0.666402 0.409706 0.395424 0.000000 0.350888 0.851451 0.938839 0.598045 0.868962 0.681384 0.578705 0.940359 0.715561 0.372488 0.311819 0.936484 0.785721 0.476756 0.403701 0.859498 0.847264 0.995152 0.975923 0.791439 0.848468 0.979329 0.971479 0.996737 0.899309 0.805053 0.701500 0.728432 0.549240 0.544938 0.437080 0.605298 0.585067 0.811792 0.956003 0.676382 0.750249 0.434602 0.472927 0.450608 0.489939 0.333027 0.361670 0.344113 0.374527 0.995496 0.918584 0.853729 0.968273 0.626051 0.538732 0.834762 0.945846 0.547416 0.745658 0.743107 0.784337 0.797487 0.829600 0.550375 0.635902 0.395059 0.465342 0.516077 0.578113 0.465742 0.733863 0.797310 0.610316 0.646832 0.676834 0.826721 0.753773 0.661924 0.623370 0.920406 0.959291 0.569495 0.941663 0.736131 0.739882 0.915804 0.899353 0.764465 0.686702 0.934566 0.894646 0.929488 0.926002 0.897574 0.751698 0.817267 0.645006 0.837302 0.768438 0.860903 0.568884
0.304691 0.327634 0.860772 0.998289 0.790974 0.902272 0.628538 0.621858 0.955861 0.999669 0.329855 0.327022 0.358197 0.419491 0.725929 0.763949 0.345308 0.287935 0.350888 0.000000 0.796696 0.870316 0.753617 0.932067 0.800811 0.676595 0.947445 0.820010 0.441179 0.330297 0.884968 0.963841 0.518076 0.476680 0.914732 0.847824 0.892771 0.861556 0.960205 0.948599 0.941175 0.933278 0.929236 0.998327 0.999436 0.887482 0.711788 0.675242 0.718352 0.664508 0.683457 0.688698 0.937891 0.812141 0.627667 0.634043 0.334483 0.339436 0.482531 0.485047 0.379419 0.370121 0.337977 0.350076 0.874783 0.775883 0.882985 0.978384 0.549230 0.460947 0.858569 0.878555 0.659851 0.763777 0.851454 0.891113 0.800812 0.833620 0.485594 0.513957 0.324407 0.339660 0.437821 0.417862 0.398986 0.624494 0.645612 0.609452 0.580051 0.636308 0.613734 0.582626 0.598106 0.535062 0.795072 0.951520 0.571875 0.923953 0.882129 0.959081 0.847595 0.947687 0.845024 0.807380 0.902276 0.874110 0.850842 0.919052 0.896394 0.696710 0.902034 0.757873 0.907709 0.833610 0.826730 0.629772
0.870551 0.876578 0.779534 0.730387 0.838868 0.657592 0.998171 0.891112 0.895763 0.812779 0.878726 0.830398 0.882528 0.966497 0.933406 0.848624 0.769545 0.811119 0.851451 0.796696 0.000000 0.927729 0.894993 0.743508 0.598539 0.566398 0.739488 0.650554 0.796818 0.725175 0.799858 0.940499 0.999352 0.998238 0.901917 0.905551 0.850441 0.811892 0.731113 0.632679 0.914276 0.874879 0.757390 0.775607 0.991590 0.904977 0.846994 0.828843 0.879176 0.848430 0.983650 0.999124 0.923441 0.930283 0.856074 0.947813 0.877021 0.917003 0.992556 0.913909 0.896254 0.876224 0.853845 0.823972 0.717652 0.780685 0.734473 0.714091 0.914594 0.985078 0.943613 0.979261 0.726272 0.818617 0.951758 0.951821 0.909885 0.918407 0.955680 0.890996 0.855054 0.875410 0.906900 0.999026 0.928912 0.732149 0.957023 0.799694 0.967762 0.942976 0.732702 0.908799 0.717266 0.846773 0.923655 0.756866 0.921027 0.956579 0.967447 0.954648 0.739527 0.846164 0.911008 0.997468 0.813635 0.825486 0.904219 0.917131 0.962141 0.978755 0.981669 0.972837 0.943038 0.934758 0.906210 0.885078
0.953147 0.970663 0.969578 0.998132 0.916850 0.914948 0.941808 0.941800 0.914777 0.949246 0.997765 0.960968 0.942857 0.918226 0.944011 0.964551 0.946994 0.859681 0.938839 0.870316 0.927729 0.000000 0.981018 0.942828 0.989324 0.935635 0.874651 0.996464 0.950485 0.995192 0.987013 0.982467 0.890321 0.920825 0.941605 0.871075 0.966184 0.831549 0.947739 0.990265 0.839976 0.880981 0.934806 0.932657 0.988541 0.996086 0.980246 0.967680 0.974204 0.999367 0.971483 0.915460 0.842961 0.973146 0.923613 0.958738 0.953577 0.981171 0.971176 0.977045 0.991978 0.952692 0.945059 0.984931 0.926928 0.981367 0.942615 0.978032 0.957817 0.982428 0.783265 0.967115 0.945553 0.961913 0.968129 0.899348 0.976245 0.945685 0.924452 0.857026 0.950532 0.919615 0.855563 0.920554 0.812063 0.973070 0.813132 0.785172 0.784055 0.845658 0.978232 0.983616 0.973709 0.932039 0.855409 0.924687 0.971068 0.985519 0.998682 0.975984 0.862871 0.833532 0.995659 0.952466 0.886956 0.960952 0.985509 0.966661 0.923510 0.985898 0.968398 0.907858 0.959217 0.899502 0.925736 0.889153
0.796306 0.855945 0.816308 0.993402 0.735991 0.793685 0.657345 0.939554 0.608889 0.709504 0.853687 0.870383 0.568784 0.622482 0.432342 0.549004 0.835443 0.794310 0.598045 0.753617 0.894993 0.981018 0.000000 0.579648 0.948476 0.730136 0.787947 0.856977 0.667496 0.714343 0.664039 0.727322 0.694382 0.898137 0.976739 0.910933 0.971450 0.895300 0.782877 0.607995 0.952399 0.906691 0.783990 0.883402 0.943343 0.957090 0.987738 0.899180 0.853742 0.691622 0.993503 0.901558 0.725607 0.729895 0.990663 0.883006 0.867231 0.859287 0.911919 0.956713 0.776453 0.830514 0.733929 0.739201 0.791554 0.773118 0.872745 0.679263 0.957938 0.904004 0.907222 0.951814 0.878756 0.985669 0.891314 0.875202 0.912083 0.945118 0.716402 0.970628 0.777802 0.861393 0.643780 0.764059 0.565254 0.858870 0.795504 0.517798 0.755052 0.655775 0.816433 0.961000 0.683409 0.875221 0.971935 0.957201 0.920564 0.841221 0.970963 0.901413 0.670763 0.983134 0.818990 0.992368 0.956333 0.903534 0.852079 0.983605 0.801670 0.904055 0.968785 0.967606 0.974420 0.985142 0.911053 0.860157
0.959996 0.933528 0.439640 0.482730 0.984202 0.836931 0.763553 0.721311 0.855688 0.867026 0.922682 0.979418 0.804104 0.739247 0.849626 0.575743 0.892408 0.940440 0.868962 0.932067 0.743508 0.942828 0.579648 0.000000 0.502422 0.687857 0.617917 0.845983 0.928463 0.881177 0.712628 0.882245 0.887304 0.917919 0.815346 0.908333 0.729598 0.791690 0.691366 0.938948 0.801517 0.973009 0.921225 0.990743 0.755811 0.891062 0.831418 0.807829 0.735601 0.975289 0.948109 0.938955 0.946036 0.936162 0.857465 0.906966 0.921378 0.994690 0.938537 0.983779 0.997976 0.941673 0.969223 0.936568 0.395564 0.658347 0.701964 0.835690 0.969027 0.963341 0.790627 0.963609 0.892355 0.781547 0.762476 0.902272 0.860629 0.933721 0.793454 0.869081 0.964747 0.976182 0.758491 0.852128 0.668464 0.475110 0.743577 0.833836 0.774408 0.646379 0.928760 0.926778 0.874721 0.831382 0.960714 0.732874 0.951538 0.965749 0.855991 0.952090 0.933707 0.888397 0.615924 0.995136 0.709935 0.740691 0.940576 0.904463 0.834189 0.882017 0.998880 0.913178 0.993801 0.988386 0.994536 0.881013
0.801327 0.843372 0.525176 0.484659 0.701444 0.604501 0.866259 0.935516 0.722982 0.514688 0.692331 0.766839 0.753210 0.847566 0.783665 0.964449 0.655988 0.702253 0.681384 0.800811 0.598539 0.989324 0.948476 0.502422 0.000000 0.332210 0.591659 0.648461 0.532378 0.553698 0.785544 0.864209 0.893753 0.849131 0.705662 0.768005 0.600581 0.674339 0.464895 0.649463 0.795170 0.905153 0.892206 0.989071 0.567623 0.712128 0.909955 0.995997 0.458416 0.582609 0.764500 0.831680 0.689937 0.679423 0.863733 0.910480 0.758780 0.840858 0.869003 0.848775 0.680203 0.765975 0.655940 0.633496 0.418782 0.564098 0.663227 0.636927 0.976042 0.918566 0.931139 0.984324 0.719205 0.709357 0.956576 0.906908 0.972736 0.978369 0.914609 0.779811 0.760656 0.898029 0.965505 0.951802 0.982481 0.525632 0.861075 0.848317 0.885606 0.799805 0.810098 0.891907 0.605176 0.717965 0.957776 0.724519 0.986785 0.803562 0.678293 0.781421 0.870628 0.847135 0.652652 0.826390 0.725135 0.705340 0.913072 0.966327 0.950599 0.913727 0.906881 0.748704 0.861059 0.961182 0.969126 0.697240
0.661236 0.715987 0.587189 0.471935 0.682577 0.527111 0.879065 0.905316 0.724462 0.596778 0.643961 0.674780 0.620186 0.802346 0.679229 0.976360 0.530687 0.556603 0.578705 0.676595 0.566398 0.935635 0.730136 0.687857 0.332210 0.000000 0.774643 0.551976 0.480750 0.451283 0.810155 0.985170 0.790301 0.856053 0.725657 0.756771 0.697272 0.772615 0.507482 0.581035 0.821990 0.988559 0.694258 0.843165 0.696242 0.830199 0.886478 0.993229 0.508007 0.578574 0.827844 0.853786 0.779127 0.776115 0.920037 0.884228 0.648416 0.695116 0.857647 0.829005 0.623215 0.683562 0.519461 0.511372 0.540091 0.548292 0.583176 0.541666 0.864213 0.754793 0.887668 0.922761 0.705737 0.848768 0.994530 0.914966 0.930300 0.928635 0.822672 0.802037 0.598576 0.736483 0.775282 0.829876 0.791547 0.655002 0.878293 0.597930 0.941494 0.948936 0.620131 0.702352 0.422670 0.571094 0.938930 0.726421 0.958070 0.819997 0.780317 0.829426 0.736156 0.960091 0.812166 0.808678 0.755279 0.739004 0.930195 0.934939 0.988195 0.982878 0.960624 0.790580 0.972674 0.991892 0.982523 0.647848
0.934504 0.966590 0.746092 0.787980 0.969453 0.941373 0.917825 0.952408 0.993230 0.808400 0.817120 0.868752 0.922360 0.946080 0.939149 0.846835 0.909120 0.950890 0.940359 0.947445 0.739488 0.874651 0.787947 0.617917 0.591659 0.774643 0.000000 0.942620 0.888737 0.836329 0.790312 0.896355 0.951364 0.860759 0.973158 0.792374 0.789736 0.815765 0.784045 0.944277 0.993417 0.954961 0.872712 0.799115 0.648553 0.689639 0.983751 0.908652 0.666033 0.781040 0.768630 0.822579 0.798246 0.828393 0.956968 0.846066 0.899266 0.952739 0.847329 0.852481 0.781042 0.851803 0.867470 0.859089 0.570993 0.860941 0.949469 0.937209 0.916770 0.956967 0.954972 0.981032 0.842599 0.685813 0.938253 0.917676 0.988927 0.896122 0.986083 0.924167 0.971907 0.975672 0.805402 0.956451 0.798489 0.735453 0.762580 0.845477 0.757172 0.852150 0.936508 0.942298 0.959759 0.906119 0.949356 0.916708 0.968447 0.997041 0.761685 0.866109 0.838045 0.763571 0.616451 0.739315 0.871350 0.909643 0.973317 0.903253 0.929724 0.989237 0.788748 0.879984 0.870232 0.940650 0.985914 0.681185
0.851852 0.890285 0.906245 0.843686 0.782470 0.625174 0.830496 0.906288 0.705384 0.612109 0.850281 0.815505 0.803139 0.876869 0.842614 0.979908 0.816396 0.864092 0.715561 0.820010 0.650554 0.996464 0.856977 0.845983 0.648461 0.551976 0.942620 0.000000 0.744021 0.667702 0.953696 0.999214 0.988585 0.898796 0.748347 0.859316 0.978935 0.997288 0.756952 0.642620 0.708449 0.851319 0.793375 0.923123 0.893212 0.926014 0.896452 0.970275 0.733218 0.701101 0.903332 0.905961 0.856533 0.841451 0.950897 0.867739 0.870219 0.904142 0.953254 0.852257 0.849999 0.833322 0.808261 0.792107 0.717990 0.772945 0.781965 0.704553 0.907451 0.913544 0.959122 0.894339 0.711289 0.886304 0.988812 0.952162 0.989157 0.952498 0.958938 0.996515 0.844941 0.899881 0.871546 0.982654 0.922764 0.784343 0.967381 0.782892 0.809853 0.937998 0.877295 0.991803 0.739886 0.898290 0.911948 0.927286 0.955681 0.847769 0.951920 0.827159 0.954266 0.842432 0.891553 0.836295 0.922635 0.856989 0.931195 0.981500 0.883561 0.955719 0.948802 0.821424 0.927985 0.982458 0.985303 0.819979
0.417241 0.472200 0.945114 0.722865 0.639177 0.790006 0.612438 0.758863 0.774410 0.693405 0.370635 0.389316 0.372487 0.426199 0.500325 0.670515 0.374588 0.342532 0.372488 0.441179 0.796818 0.950485 0.667496 0.928463 0.532378 0.480750 0.888737 0.744021 0.000000 0.277323 0.967736 0.810953 0.424999 0.442739 0.929739 0.827467 0.981386 0.928767 0.650024 0.759834 0.967228 0.957771 0.992738 0.873939 0.612540 0.631248 0.750541 0.681438 0.422559 0.456403 0.571921 0.604746 0.696731 0.841471 0.774505 0.777124 0.421193 0.459103 0.493506 0.559514 0.347995 0.393633 0.287530 0.299405 0.856045 0.906120 0.994946 0.910970 0.707515 0.593084 0.970815 0.939515 0.646737 0.746668 0.866643 0.714159 0.880766 0.858561 0.539793 0.571778 0.403898 0.528603 0.496798 0.611956 0.559836 0.902264 0.835993 0.641626 0.758587 0.796250 0.714850 0.672991 0.533964 0.518993 0.919292 0.899602 0.705920 0.848881 0.633279 0.716707 0.910055 0.972084 0.677072 0.684652 0.965999 0.947427 0.942522 0.948411 0.980297 0.828459 0.820537 0.569745 0.850560 0.712377 0.843717 0.603006
0.316170 0.399006 0.951222 0.765081 0.651873 0.731456 0.617234 0.725648 0.797756 0.743527 0.309331 0.348058 0.376332 0.511521 0.587043 0.794398 0.292687 0.294001 0.311819 0.330297 0.725175 0.995192 0.714343 0.881177 0.553698 0.451283 0.836329 0.667702 0.277323 0.000000 0.908826 0.849926 0.492699 0.480740 0.802210 0.735298 0.993549 0.945705 0.635662 0.754452 0.952052 0.913960 0.870168 0.997562 0.796299 0.766563 0.801847 0.719621 0.504125 0.511423 0.658538 0.679111 0.855050 0.980858 0.720609 0.752918 0.331807 0.372631 0.496368 0.501272 0.349942 0.389158 0.289971 0.284323 0.819590 0.938717 0.954633 0.830713 0.590415 0.484587 0.964858 0.908989 0.526926 0.762802 0.819286 0.787482 0.948218 0.866192 0.516310 0.541865 0.304681 0.398334 0.500523 0.530678 0.521478 0.894676 0.746732 0.610448 0.685283 0.791719 0.643061 0.598450 0.482255 0.479559 0.846346 0.905232 0.651790 0.899278 0.736913 0.831269 0.836645 0.916838 0.685307 0.674482 0.964510 0.995173 0.919978 0.918296 0.894085 0.804719 0.854032 0.644594 0.908310 0.799247 0.876665 0.545205
0.854597 0.795363 0.763006 0.770771 0.853869 0.989781 0.731511 0.860746 0.770919 0.732850 0.861810 0.844286 0.976185 0.893698 0.708702 0.670209 0.821196 0.821336 0.936484 0.884968 0.799858 0.987013 0.664039 0.712628 0.785544 0.810155 0.790312 0.953696 0.967736 0.908826 0.000000 0.619586 0.880341 0.914997 0.937577 0.766760 0.795549 0.894226 0.991138 0.944753 0.967518 0.957310 0.832185 0.844899 0.897919 0.848615 0.982554 0.882457 0.992827 0.885821 0.938634 0.920881 0.712286 0.686993 0.964176 0.908781 0.782984 0.788798 0.959655 0.911675 0.916608 0.909242 0.907116 0.881477 0.854562 0.896188 0.870041 0.986078 0.706799 0.777735 0.781319 0.743326 0.938641 0.993917 0.815745 0.850924 0.695312 0.903591 0.964392 0.916285 0.818793 0.718553 0.995946 0.815328 0.935072 0.941397 0.894054 0.913056 0.989748 0.918393 0.770120 0.726864 0.791989 0.751579 0.947034 0.919248 0.993552 0.946726 0.923895 0.814824 0.923367 0.826306 0.970806 0.962282 0.856019 0.885871 0.957063 0.742588 0.897869 0.927172 0.940999 0.904874 0.891043 0.808556 0.970170 0.907614
0.957396 0.938537 0.865181 0.871385 0.942835 0.813635 0.565505 0.759496 0.742384 0.631524 0.919850 0.961535 0.781087 0.753388 0.668743 0.740236 0.988842 0.995243 0.785721 0.963841 0.940499 0.982467 0.727322 0.882245 0.864209 0.985170 0.896355 0.999214 0.810953 0.849926 0.619586 0.000000 0.760454 0.753382 0.982769 0.897903 0.976824 0.924882 0.845947 0.716778 0.999324 0.949088 0.781403 0.720067 0.718379 0.688127 0.878409 0.746696 0.796406 0.711256 0.769324 0.810991 0.596810 0.646236 0.897786 0.946826 0.919764 0.867952 0.869550 0.918241 0.852587 0.979809 0.925564 0.954114 0.953915 0.877948 0.869680 0.971787 0.844363 0.905379 0.743641 0.581845 0.727093 0.766827 0.962786 0.750606 0.727838 0.763999 0.859579 0.946932 0.963730 0.836308 0.957798 0.893953 0.979547 0.968385 0.815415 0.988703 0.979492 0.991125 0.746987 0.791563 0.832544 0.918579 0.935501 0.991365 0.992935 0.907167 0.628399 0.662525 0.921301 0.674383 0.652696 0.812213 0.884163 0.939511 0.714008 0.720346 0.899767 0.913906 0.829490 0.786254 0.761235 0.775424 0.884826 0.789213
0.443106 0.495914 0.837905 0.954754 0.812125 0.997111 0.602322 0.719999 0.967563 0.993085 0.465068 0.472102 0.414368 0.418708 0.556267 0.723906 0.454680 0.429866 0.476756 0.518076 0.999352 0.890321 0.694382 0.887304 0.893753 0.790301 0.951364 0.988585 0.424999 0.492699 0.880341 0.760454 0.000000 0.406348 0.759249 0.996623 0.852142 0.934192 0.921488 0.968802 0.822740 0.881753 0.920891 0.821137 0.732656 0.682498 0.628493 0.652430 0.658035 0.590735 0.540421 0.561632 0.740484 0.979279 0.644342 0.617959 0.476600 0.508441 0.434122 0.551891 0.378836 0.448844 0.363877 0.394594 0.883099 0.841195 0.662939 0.770472 0.741312 0.630214 0.947183 0.929304 0.748647 0.880129 0.858923 0.765885 0.854792 0.794537 0.539695 0.632354 0.463567 0.543103 0.551787 0.511959 0.488271 0.631820 0.790249 0.699421 0.702741 0.721590 0.834930 0.624954 0.778025 0.536977 0.884181 0.961219 0.462237 0.964306 0.698742 0.767660 0.951308 0.974237 0.693302 0.788046 0.839094 0.779202 0.857354 0.919248 0.912283 0.713424 0.763476 0.726479 0.901627 0.712537 0.755410 0.597669
0.424037 0.472254 0.761744 0.863878 0.855687 0.938280 0.496526 0.499236 0.881035 0.871053 0.421368 0.420510 0.404575 0.390759 0.715944 0.732556 0.462463 0.485762 0.403701 0.476680 0.998238 0.920825 0.898137 0.917919 0.849131 0.856053 0.860759 0.898796 0.442739 0.480740 0.914997 0.753382 0.406348 0.000000 0.940031 0.973534 0.869671 0.930685 0.968789 0.888394 0.849164 0.856507 0.710880 0.647058 0.667423 0.493756 0.542288 0.426825 0.519101 0.473701 0.403753 0.450028 0.757505 0.941423 0.566875 0.558080 0.499566 0.515232 0.341505 0.438631 0.331824 0.357905 0.407114 0.437070 0.955499 0.715096 0.579148 0.644466 0.773767 0.605236 0.866847 0.990876 0.747054 0.748928 0.711857 0.750685 0.665332 0.722307 0.547619 0.541587 0.485481 0.589258 0.622031 0.642510 0.621731 0.615592 0.888491 0.855323 0.734181 0.686301 0.974202 0.748427 0.889085 0.660839 0.919954 0.894348 0.576026 0.853505 0.601780 0.667063 0.807900 0.905559 0.596141 0.622656 0.826026 0.674880 0.980021 0.926728 0.954312 0.765794 0.666452 0.535031 0.760446 0.578954 0.710137 0.681026
0.990687 0.967624 0.879036 0.947974 0.958067 0.736623 0.873253 0.903156 0.884437 0.664489 0.930141 0.976690 0.997153 0.839241 0.982521 0.942120 0.954108 0.975891 0.859498 0.914732 0.901917 0.941605 0.976739 0.815346 0.705662 0.725657 0.973158 0.748347 0.929739 0.802210 0.937577 0.982769 0.759249 0.940031 0.000000 0.724403 0.811056 0.874271 0.678222 0.786649 0.804735 0.979842 0.969023 0.995297 0.969771 0.944088 0.913912 0.982114 0.753031 0.865957 0.958668 0.959060 0.942743 0.969720 0.867194 0.909952 0.963829 0.984499 0.979474 0.931951 0.992555 0.984915 0.953463 0.992664 0.787866 0.830973 0.713999 0.640972 0.933953 0.906866 0.936543 0.936410 0.711038 0.921608 0.950262 0.990340 0.926861 0.886257 0.963098 0.990817 0.940685 0.988793 0.966631 0.902820 0.903160 0.777568 0.974617 0.929258 0.972458 0.871498 0.992465 0.851026 0.927671 0.934562 0.903576 0.982012 0.893937 0.950600 0.923159 0.891702 0.924106 0.897830 0.969599 0.978649 0.861101 0.786484 0.905259 0.947314 0.927290 0.974149 0.989978 0.841778 0.877229 0.999685 0.947529 0.972957
0.869019 0.887894 0.984660 0.907015 0.878085 0.794088 0.889753 0.959795 0.814505 0.902655 0.846260 0.895152 0.908288 0.984626 0.886873 0.994878 0.808429 0.846929 0.847264 0.847824 0.905551 0.871075 0.910933 0.908333 0.768005 0.756771 0.792374 0.859316 0.827467 0.735298 0.766760 0.897903 0.996623 0.973534 0.724403 0.000000 0.869421 0.782534 0.790575 0.826195 0.902202 0.936082 0.891390 0.938265 0.989635 0.997473 0.949478 0.927125 0.859742 0.920201 0.897216 0.903773 0.961546 0.903604 0.937048 0.937586 0.776373 0.829766 0.982414 0.977048 0.914370 0.912038 0.877928 0.873191 0.950826 0.910961 0.714782 0.735104 0.852873 0.879826 0.844954 0.980686 0.893082 0.965805 0.904713 0.902703 0.790161 0.868521 0.849952 0.998831 0.786222 0.791773 0.982580 0.845541 0.878698 0.969173 0.885348 0.948179 0.966817 0.996815 0.877949 0.986638 0.759195 0.902615 0.847355 0.987132 0.971491 0.793611 0.924905 0.906900 0.883084 0.971656 0.982287 0.820403 0.825553 0.762033 0.944160 0.893239 0.941799 0.982151 0.996426 0.988897 0.998500 0.980367 0.963751 0.779892
0.841428 0.778412 0.600302 0.615780 0.779014 0.828480 0.959968 0.712377 0.815414 0.761099 0.986307 0.813379 0.983007 0.868191 0.920742 0.879972 0.944227 0.932690 0.995152 0.892771 0.850441 0.966184 0.971450 0.729598 0.600581 0.697272 0.789736 0.978935 0.981386 0.993549 0.795549 0.976824 0.852142 0.869671 0.811056 0.869421 0.000000 0.698450 0.624808 0.808415 0.871378 0.966531 0.811831 0.872318 0.798029 0.993520 0.666909 0.785440 0.891705 0.980988 0.888556 0.877409 0.978506 0.775072 0.625128 0.816997 0.836431 0.797475 0.848583 0.795599 0.947310 0.888669 0.925633 0.946443 0.708730 0.666314 0.718935 0.743033 0.798799 0.783239 0.957402 0.966732 0.897553 0.980186 0.848116 0.816191 0.793883 0.861185 0.816721 0.977820 0.901969 0.856454 0.781088 0.841227 0.850218 0.599907 0.798785 0.981246 0.805157 0.782872 0.960032 0.892364 0.923350 0.996669 0.988189 0.817071 0.840459 0.905713 0.889884 0.995669 0.963246 0.813265 0.989186 0.992032 0.654642 0.750353 0.994350 0.839792 0.919013 0.764150 0.921629 0.950034 0.989074 0.883743 0.774697 0.993582
0.896311 0.879259 0.728445 0.731814 0.982895 0.904785 0.952227 0.760282 0.824032 0.841757 0.940450 0.861565 0.946705 0.879526 0.864018 0.870288 0.993957 0.960470 0.975923 0.861556 0.811892 0.831549 0.895300 0.791690 0.674339 0.772615 0.815765 0.997288 0.928767 0.945705 0.894226 0.924882 0.934192 0.930685 0.874271 0.782534 0.698450 0.000000 0.614060 0.782485 0.980356 0.916231 0.808789 0.925908 0.917562 0.986497 0.778744 0.895546 0.895597 0.874573 0.856868 0.864626 0.848754 0.846737 0.777005 0.854089 0.934910 0.903974 0.892083 0.873812 0.944338 0.891030 0.984067 0.976132 0.699234 0.644072 0.726709 0.741812 0.884209 0.850856 0.883325 0.893979 0.932355 0.952699 0.979907 0.860601 0.882458 0.816511 0.904485 0.980490 0.993573 0.961643 0.857389 0.878993 0.877716 0.697039 0.849550 0.934164 0.683273 0.848629 0.959838 0.987034 0.868640 0.830607 0.933392 0.745730 0.827740 0.852948 0.973651 0.909390 0.798975 0.957241 0.981634 0.973880 0.569670 0.633105 0.888670 0.990383 0.944675 0.920490 0.992277 0.997744 0.846369 0.940790 0.678004 0.922228
