0.000000 0.362811 0.992793 0.964466 0.927456 0.765706 0.598268 0.526883 0.922640 0.676358 0.523479 0.370578 0.466845 0.489798 0.593145 0.603020 0.387829 0.401130 0.554901 0.651334 0.808495 0.851587 0.788323 0.872360 0.650274 0.644665 0.796963 0.907557 0.490488 0.446107 0.640701 0.790998 0.557968 0.533764 0.965895 0.879063 0.842835 0.908101 0.787984 0.870054 0.880176 0.937377 0.474325 0.446479 0.489790 0.469148 0.536330 0.533284 0.424097 0.450143 0.505025 0.572371 0.686858 0.808075 0.601964 0.680001 0.465230 0.423065 0.421135 0.484327 0.447012 0.560409 0.382922 0.338771 0.820006 0.952263 0.690225 0.655598 0.632688 0.508372 0.847725 0.697246 0.863250 0.971769 0.996840 0.918564 0.623142 0.621150 0.651285 0.746844 0.351818 0.483318 0.632549 0.789452 0.561800 0.663219 0.722816 0.865777 0.676147 0.848236 0.690650 0.965366 0.798591 0.831318 0.783918 0.881272 0.802160 0.921378 0.444731 0.568792 0.728515 0.622641 0.447731 0.740182 0.720140 0.856975 0.926292 0.831144 0.921292 0.707451 0.761889 0.754644 0.585630 0.703450 0.867622 0.951062
0.362811 0.000000 0.960450 0.939017 0.808459 0.949868 0.767039 0.627388 0.909922 0.801199 0.641346 0.556847 0.641553 0.661164 0.756143 0.842145 0.429569 0.463603 0.714047 0.652631 0.990470 0.824734 0.990094 0.952371 0.836587 0.695805 0.783589 0.958827 0.578415 0.551428 0.692913 0.891998 0.764739 0.580777 0.999208 0.932528 0.994536 0.996166 0.791716 0.956032 0.775002 0.848126 0.521981 0.518475 0.631138 0.557505 0.605433 0.627303 0.510709 0.453196 0.527762 0.521318 0.676751 0.716284 0.702815 0.709700 0.384803 0.357956 0.488035 0.443913 0.645010 0.734078 0.530989 0.491844 0.826182 0.893710 0.726547 0.688985 0.569189 0.484458 0.931177 0.663067 0.829910 0.954266 0.949460 0.930892 0.712540 0.742312 0.617047 0.764407 0.498892 0.629870 0.695390 0.904661 0.823281 0.825255 0.746551 0.884006 0.824932 0.910955 0.777608 0.919477 0.819198 0.945883 0.940728 0.836132 0.727409 0.809602 0.569287 0.575814 0.805176 0.697046 0.569251 0.719859 0.798423 0.887251 0.880640 0.930128 0.962405 0.696435 0.942409 0.795165 0.631739 0.672143 0.915827 0.976402
0.992793 0.960450 0.000000 0.774556 0.965465 0.929256 0.662815 0.746344 0.800992 0.862226 0.992443 0.976017 0.987370 0.861295 0.933538 0.833594 0.863607 0.966269 0.875515 0.956744 0.968856 0.906872 0.964365 0.877421 0.655168 0.708524 0.926988 0.855385 0.842447 0.938618 0.786396 0.859768 0.964314 0.823173 0.882525 0.996739 0.996127 0.999842 0.787738 0.991749 0.819156 0.873528 0.980381 0.981823 0.827701 0.842153 0.771539 0.969827 0.808641 0.803803 0.831234 0.711614 0.783280 0.756020 0.975246 0.883391 0.817419 0.927959 0.826440 0.983789 0.855962 0.986192 0.879701 0.988389 0.624927 0.692652 0.809254 0.858023 0.929575 0.937788 0.969874 0.932225 0.841073 0.890216 0.946701 0.969584 0.883201 0.813897 0.989413 0.994912 0.997957 0.742698 0.936426 0.872795 0.879427 0.895202 0.817199 0.947433 0.781732 0.888239 0.969663 0.862746 0.900743 0.962976 0.821310 0.991780 0.785786 0.906950 0.891123 0.984340 0.913720 0.995672 0.997507 0.978082 0.987399 0.976650 0.703844 0.888214 0.994958 0.813644 0.960606 0.895942 0.998432 0.982731 0.965927 0.974607
0.964466 0.939017 0.774556 0.000000 0.985495 0.720091 0.984757 0.879072 0.916333 0.896334 0.762918 0.806287 0.706233 0.739085 0.825253 0.937671 0.969569 0.942837 0.912551 0.962499 0.938499 0.865484 0.737741 0.733265 0.630487 0.732687 0.873661 0.977771 0.924577 0.906268 0.937001 0.831814 0.962429 0.965885 0.859580 0.927010 0.924704 0.775705 0.829154 0.902958 0.914427 0.981690 0.938599 0.926308 0.992794 0.972975 0.934062 0.981505 0.967364 0.808886 0.815160 0.764344 0.758438 0.701535 0.944956 0.850945 0.834532 0.843105 0.888956 0.698454 0.918819 0.915009 0.924279 0.908895 0.630735 0.548147 0.550698 0.653739 0.809630 0.892583 0.740675 0.865750 0.769917 0.777435 0.934725 0.947239 0.902218 0.944444 0.904388 0.970191 0.873577 0.998582 0.906523 0.851286 0.934386 0.684483 0.973128 0.897939 0.864050 0.742681 0.585785 0.641078 0.541371 0.567010 0.994935 0.991114 0.998734 0.832425 0.852827 0.807233 0.937828 0.929348 0.876051 0.902578 0.889436 0.972592 0.935972 0.967652 0.972042 0.902186 0.850989 0.807003 0.946992 0.864038 0.797664 0.944733
0.927456 0.808459 0.965465 0.985495 0.000000 0.641355 0.781108 0.790553 0.535555 0.698577 0.971564 0.925429 0.775740 0.879655 0.740971 0.753185 0.967199 0.827284 0.788182 0.968184 0.824425 0.928884 0.647916 0.901150 0.781255 0.821999 0.839172 0.770739 0.867245 0.885893 0.969217 0.978005 0.884728 0.992944 0.944036 0.951401 0.947783 0.958995 0.985874 0.891650 0.833068 0.770113 0.963752 0.976301 0.839526 0.923345 0.924685 0.978248 0.939230 0.945045 0.865169 0.951640 0.749876 0.869370 0.990665 0.943856 0.819604 0.932580 0.967330 0.953638 0.780052 0.661942 0.890292 0.866035 0.922901 0.957327 0.938135 0.923000 0.937630 0.948780 0.693379 0.815705 0.847350 0.880417 0.897865 0.946742 0.795463 0.876033 0.752584 0.995184 0.997076 0.973609 0.835819 0.900810 0.688467 0.899816 0.931267 0.832595 0.810119 0.888777 0.714220 0.692860 0.785371 0.949168 0.936864 0.942143 0.897220 0.859613 0.897122 0.881606 0.801760 0.813843 0.934710 0.941599 0.983361 0.943243 0.777738 0.908948 0.850827 0.842307 0.841934 0.842811 0.971992 0.925582 0.982988 0.903048
0.765706 0.949868 0.929256 0.720091 0.641355 0.000000 0.586212 0.521685 0.669261 0.559557 0.866106 0.785953 0.818522 0.842775 0.730453 0.645043 0.706273 0.790722 0.582822 0.812949 0.780219 0.949070 0.575823 0.711048 0.856474 0.946424 0.917724 0.870240 0.708670 0.749423 0.705247 0.880859 0.641181 0.711593 0.766081 0.993172 0.803969 0.971350 0.953585 0.906506 0.987963 0.993072 0.712626 0.685098 0.521661 0.614126 0.771059 0.646882 0.626755 0.629249 0.559660 0.708268 0.602786 0.697461 0.773579 0.608428 0.941480 0.861653 0.690363 0.684273 0.590905 0.612665 0.693111 0.637743 0.960828 0.825033 0.565070 0.640778 0.991607 0.888334 0.766632 0.945059 0.910733 0.970770 0.920983 0.955890 0.666950 0.818531 0.947300 0.672145 0.687793 0.633355 0.892515 0.913385 0.552566 0.601368 0.973475 0.969318 0.840831 0.906418 0.510600 0.716166 0.535869 0.960533 0.901549 0.913845 0.872877 0.876381 0.536985 0.682436 0.754540 0.691145 0.694084 0.927055 0.834696 0.934697 0.975989 0.922374 0.863398 0.946798 0.840720 0.636289 0.707593 0.908776 0.842623 0.853019
0.598268 0.767039 0.662815 0.984757 0.781108 0.586212 0.000000 0.233950 0.610952 0.293926 0.479374 0.513057 0.457523 0.609183 0.558333 0.818937 0.431018 0.551322 0.386972 0.633736 0.806588 0.887226 0.907301 0.769940 0.603963 0.773468 0.603576 0.898508 0.367056 0.461024 0.491740 0.698811 0.460894 0.415758 0.963312 0.964464 0.855726 0.762739 0.871986 0.960734 0.871363 0.955516 0.455298 0.429823 0.479384 0.482013 0.479355 0.516415 0.580900 0.815799 0.670539 0.997934 0.926796 0.883889 0.770540 0.672436 0.758835 0.824606 0.462249 0.717503 0.240170 0.378070 0.322402 0.384343 0.809150 0.867821 0.700158 0.629659 0.989253 0.771153 0.864261 0.989768 0.864939 0.960215 0.989025 0.966197 0.533437 0.861261 0.691208 0.670554 0.445652 0.408165 0.764872 0.940778 0.577202 0.890341 0.832529 0.811010 0.972610 0.820579 0.643939 0.975377 0.796334 0.676560 0.902973 0.891669 0.764955 0.864847 0.513453 0.589799 0.499417 0.730755 0.563008 0.782651 0.709639 0.905429 0.865319 0.974920 0.792053 0.717375 0.724660 0.819948 0.625518 0.808366 0.907500 0.963213
0.526883 0.627388 0.746344 0.879072 0.790553 0.521685 0.233950 0.000000 0.600427 0.270891 0.503242 0.477305 0.451656 0.555387 0.493097 0.721422 0.401832 0.486049 0.355890 0.576126 0.823511 0.909268 0.778236 0.890159 0.614623 0.733182 0.618422 0.954703 0.327873 0.397348 0.463730 0.687062 0.432648 0.401404 0.946887 0.942076 0.849068 0.858132 0.949500 0.922654 0.951220 0.948375 0.421973 0.372279 0.381372 0.390284 0.465088 0.483837 0.449421 0.655854 0.555614 0.799510 0.760101 0.963376 0.680500 0.615665 0.675269 0.678747 0.433552 0.584491 0.259063 0.342038 0.321380 0.342958 0.761318 0.922858 0.641980 0.545598 0.895283 0.638986 0.716919 0.850902 0.846587 0.991651 0.987841 0.964476 0.503368 0.811105 0.723638 0.643166 0.411017 0.460130 0.706663 0.917581 0.547311 0.855416 0.802115 0.845400 0.861380 0.924712 0.551589 0.822464 0.671510 0.821390 0.893146 0.929426 0.689495 0.831522 0.370856 0.494191 0.468446 0.665277 0.474543 0.706254 0.682989 0.894400 0.869790 0.989851 0.879677 0.752949 0.645781 0.738496 0.599125 0.754810 0.901045 0.932782
0.922640 0.909922 0.800992 0.916333 0.535555 0.669261 0.610952 0.600427 0.000000 0.529701 0.908857 0.867322 0.720899 0.862121 0.790644 0.767638 0.928381 0.947943 0.693982 0.982416 0.741531 0.894752 0.744520 0.956764 0.922376 0.867393 0.904426 0.994475 0.781016 0.816335 0.807918 0.997102 0.840759 0.890116 0.891511 0.965130 0.904762 0.900371 0.947827 0.891507 0.762793 0.950209 0.901121 0.933587 0.809361 0.887714 0.940686 0.904331 0.882626 0.863990 0.947253 0.896801 0.875932 0.920304 0.792096 0.841630 0.939319 0.946825 0.860530 0.958117 0.663550 0.524777 0.807505 0.788300 0.949026 0.874957 0.995455 0.979670 0.941994 0.928771 0.686672 0.952134 0.984624 0.945973 0.994246 0.895759 0.831762 0.961377 0.811062 0.896898 0.925210 0.948257 0.854328 0.988067 0.647416 0.985109 0.890570 0.930963 0.886117 0.959222 0.743251 0.793729 0.898367 0.983484 0.859558 0.999275 0.928964 0.754960 0.797226 0.910873 0.793756 0.851682 0.996885 0.983013 0.918619 0.890273 0.858898 0.782382 0.953032 0.812219 0.821527 0.963193 0.834005 0.993275 0.835859 0.994966
0.676358 0.801199 0.862226 0.896334 0.698577 0.559557 0.293926 0.270891 0.529701 0.000000 0.601144 0.551544 0.487408 0.602404 0.499015 0.750128 0.541209 0.569207 0.399102 0.597900 0.825765 0.993317 0.806097 0.791932 0.574236 0.764474 0.651509 0.962610 0.403142 0.481058 0.448073 0.721623 0.480012 0.455621 0.957425 0.973107 0.817899 0.872533 0.939852 0.976729 0.907183 0.975715 0.479140 0.465206 0.388262 0.415195 0.557909 0.558266 0.480172 0.737736 0.611232 0.887030 0.789634 0.998933 0.723072 0.710335 0.849605 0.848780 0.589217 0.715757 0.327462 0.333485 0.425442 0.432760 0.677449 0.979685 0.747676 0.649875 0.974702 0.718046 0.672891 0.849458 0.941032 0.967348 0.959135 0.902911 0.565904 0.843360 0.799862 0.784755 0.516303 0.630198 0.802805 0.956732 0.657618 0.965362 0.827368 0.810139 0.955569 0.838578 0.537642 0.762683 0.657032 0.872135 0.952892 0.868102 0.851770 0.772507 0.419546 0.505655 0.543366 0.697614 0.544524 0.765975 0.780956 0.936689 0.858993 0.990280 0.861555 0.738067 0.684979 0.719896 0.683605 0.835584 0.910837 0.978948
0.523479 0.641346 0.992443 0.762918 0.971564 0.866106 0.479374 0.503242 0.908857 0.601144 0.000000 0.369480 0.354822 0.441713 0.501829 0.791813 0.486359 0.449620 0.526693 0.682221 0.894133 0.811498 0.951311 0.760641 0.457651 0.561612 0.553765 0.836778 0.423612 0.406655 0.676148 0.817306 0.517810 0.417421 0.886093 0.892214 0.910711 0.744421 0.787340 0.779724 0.981427 0.993961 0.523867 0.430185 0.509022 0.464255 0.582564 0.539938 0.547335 0.790911 0.711966 0.945632 0.972529 0.908165 0.821380 0.794241 0.778832 0.783230 0.572904 0.809565 0.348331 0.499811 0.352352 0.384229 0.592020 0.853497 0.942745 0.802419 0.907155 0.762523 0.970123 0.953699 0.995519 0.826616 0.927772 0.819742 0.669522 0.756442 0.664063 0.618903 0.387648 0.467829 0.670662 0.678644 0.738790 0.951931 0.815662 0.812225 0.819896 0.885915 0.908959 0.811414 0.978331 0.575801 0.922665 0.947619 0.819722 0.932876 0.597162 0.793540 0.506538 0.820479 0.553128 0.735016 0.857265 0.990849 0.987035 0.833800 0.802589 0.779148 0.789281 0.911788 0.698657 0.834765 0.993048 0.953949
0.370578 0.556847 0.976017 0.806287 0.925429 0.785953 0.513057 0.477305 0.867322 0.551544 0.369480 0.000000 0.300522 0.305999 0.389851 0.519197 0.435676 0.383179 0.462266 0.585191 0.788114 0.872920 0.791173 0.970959 0.436120 0.530087 0.707049 0.819965 0.392945 0.326593 0.545344 0.717350 0.425721 0.420463 0.944067 0.992190 0.840463 0.889582 0.803392 0.863572 0.961164 0.981939 0.531619 0.427163 0.372234 0.381361 0.595231 0.588325 0.386562 0.599316 0.644764 0.772527 0.798395 0.957029 0.723614 0.747432 0.688146 0.669443 0.587740 0.776072 0.355693 0.413873 0.370184 0.295316 0.597327 0.778306 0.853184 0.756974 0.847760 0.575513 0.835562 0.773153 0.954938 0.997270 0.893119 0.926127 0.639314 0.767243 0.654497 0.581307 0.321812 0.457535 0.547125 0.660862 0.551849 0.772366 0.823658 0.931949 0.665216 0.975010 0.865057 0.897426 0.988441 0.701868 0.929414 0.928842 0.878837 0.995198 0.499285 0.596515 0.638325 0.711278 0.454658 0.630926 0.801924 0.946820 0.902827 0.895708 0.858219 0.737125 0.772726 0.724174 0.650653 0.713173 0.987266 0.992890
0.466845 0.641553 0.987370 0.706233 0.775740 0.818522 0.457523 0.451656 0.720899 0.487408 0.354822 0.300522 0.000000 0.277766 0.316258 0.579499 0.507075 0.510955 0.476652 0.620457 0.750167 0.913084 0.812783 0.894820 0.398270 0.464492 0.676593 0.866601 0.348473 0.305448 0.591914 0.738076 0.425272 0.471339 0.926901 0.911327 0.939969 0.747436 0.800660 0.816592 0.963712 0.936017 0.561451 0.471909 0.430250 0.405234 0.614460 0.573948 0.458216 0.752953 0.726947 0.901618 0.897909 0.864286 0.800547 0.772940 0.809980 0.715738 0.627355 0.847104 0.290586 0.349736 0.366981 0.308152 0.579485 0.794296 0.982199 0.813220 0.898514 0.616146 0.783116 0.808026 0.953039 0.939404 0.924746 0.883259 0.619685 0.733002 0.765804 0.678544 0.377923 0.510558 0.523728 0.751784 0.593190 0.920718 0.834070 0.906900 0.726828 0.966867 0.923463 0.915640 0.931789 0.634271 0.943792 0.912849 0.792449 0.920052 0.552150 0.681949 0.588373 0.731138 0.544039 0.638004 0.924796 0.908648 0.899683 0.924429 0.820909 0.795559 0.726799 0.825254 0.731122 0.698467 0.974984 0.944823
0.489798 0.661164 0.861295 0.739085 0.879655 0.842775 0.609183 0.555387 0.862121 0.602404 0.441713 0.305999 0.277766 0.000000 0.303764 0.440881 0.526046 0.464264 0.551724 0.528602 0.868297 0.956366 0.702587 0.934797 0.429625 0.522564 0.717572 0.908631 0.405405 0.333044 0.628724 0.691786 0.484104 0.510440 0.907963 0.967559 0.907064 0.825152 0.895105 0.825877 0.990422 0.946038 0.658035 0.511087 0.440751 0.414964 0.615258 0.635990 0.430943 0.680265 0.698542 0.812855 0.864972 0.940331 0.786879 0.805408 0.850276 0.689654 0.739698 0.858686 0.413871 0.421740 0.426765 0.335380 0.595943 0.766988 0.919914 0.826813 0.951515 0.638081 0.759081 0.740525 0.972836 0.980260 0.858368 0.995366 0.708639 0.858881 0.725541 0.641180 0.418777 0.534082 0.466360 0.686818 0.544722 0.841597 0.897485 0.987141 0.650677 0.918137 0.949220 0.928694 0.959560 0.697925 0.905002 0.970014 0.875998 0.936098 0.561453 0.709445 0.647005 0.757055 0.553567 0.677683 0.821121 0.929011 0.982392 0.909194 0.839864 0.833109 0.747900 0.838450 0.726197 0.735711 0.985574 0.965471
0.593145 0.756143 0.933538 0.825253 0.740971 0.730453 0.558333 0.493097 0.790644 0.499015 0.501829 0.389851 0.316258 0.303764 0.000000 0.434654 0.621002 0.539095 0.566317 0.611975 0.825207 0.920862 0.580831 0.920943 0.435095 0.522138 0.746540 0.882098 0.404686 0.364844 0.628882 0.705853 0.437687 0.533776 0.996879 0.986311 0.884127 0.856333 0.920984 0.869202 0.994610 0.912712 0.663613 0.573180 0.412114 0.416997 0.678334 0.623130 0.429378 0.674563 0.659394 0.780234 0.771367 0.949717 0.869860 0.824130 0.964911 0.773551 0.783505 0.888113 0.414951 0.443099 0.453996 0.394910 0.634826 0.750995 0.899834 0.856243 0.969418 0.595551 0.657607 0.673755 0.979943 0.944633 0.821452 0.962995 0.647308 0.947680 0.803572 0.652366 0.481586 0.584478 0.443302 0.737844 0.503931 0.787530 0.952344 0.985422 0.660953 0.891462 0.857497 0.932048 0.913032 0.791940 0.924703 0.946948 0.942414 0.929182 0.521497 0.651815 0.603321 0.745606 0.573764 0.620935 0.891102 0.884966 0.930103 0.911005 0.993829 0.951678 0.786035 0.747320 0.846546 0.721473 0.954982 0.949313
0.603020 0.842145 0.833594 0.937671 0.753185 0.645043 0.818937 0.721422 0.767638 0.750128 0.791813 0.519197 0.579499 0.440881 0.434654 0.000000 0.801137 0.750631 0.675110 0.718308 0.822981 0.893641 0.315849 0.525601 0.702245 0.662029 0.937977 0.864354 0.707787 0.549123 0.793767 0.725897 0.657749 0.781186 0.914117 0.908207 0.898393 0.969228 0.999663 0.889965 0.842832 0.774917 0.885743 0.743995 0.554827 0.635032 0.889578 0.746821 0.568932 0.596425 0.663196 0.630305 0.618889 0.799801 0.817002 0.838183 0.994103 0.747278 0.871907 0.832200 0.651173 0.632657 0.697449 0.577959 0.962692 0.920668 0.782284 0.892106 0.979297 0.701428 0.618334 0.756640 0.913360 0.938322 0.809499 0.941818 0.827345 0.970213 0.967234 0.732495 0.689589 0.683828 0.447077 0.774587 0.341484 0.505170 0.972508 0.716761 0.481628 0.577696 0.787463 0.817002 0.794834 0.991679 0.870909 0.995361 0.976236 0.991835 0.612527 0.699726 0.901606 0.754065 0.647184 0.920478 0.807233 0.868103 0.947708 0.901495 0.984814 0.919229 0.798370 0.730316 0.844851 0.854230 0.820720 0.992871
0.387829 0.429569 0.863607 0.969569 0.967199 0.706273 0.431018 0.401832 0.928381 0.541209 0.486359 0.435676 0.507075 0.526046 0.621002 0.801137 0.000000 0.348372 0.472223 0.575232 0.820853 0.800998 0.940255 0.927907 0.631377 0.668252 0.649364 0.940069 0.378300 0.417934 0.533854 0.753234 0.497456 0.372945 0.932265 0.980732 0.836659 0.826190 0.838387 0.969689 0.988609 0.798909 0.433300 0.360586 0.437961 0.424924 0.380621 0.470362 0.465708 0.574223 0.592198 0.756968 0.808305 0.927014 0.605771 0.605970 0.512172 0.554422 0.397809 0.496295 0.378468 0.494953 0.324266 0.315726 0.752181 0.979398 0.626921 0.562742 0.790853 0.570588 0.943340 0.794105 0.846238 0.989027 0.975214 0.973292 0.506229 0.707274 0.579087 0.660745 0.343803 0.393373 0.722739 0.755834 0.679231 0.816284 0.882431 0.806421 0.871249 0.988334 0.653210 0.998850 0.777068 0.777429 0.883637 0.811211 0.725327 0.921567 0.462861 0.511771 0.573860 0.621851 0.509598 0.704841 0.766701 0.804220 0.944068 0.991365 0.798388 0.620675 0.788460 0.760828 0.538746 0.703395 0.869893 0.784520
0.401130 0.463603 0.966269 0.942837 0.827284 0.790722 0.551322 0.486049 0.947943 0.569207 0.449620 0.383179 0.510955 0.464264 0.539095 0.750631 0.348372 0.000000 0.517102 0.476126 0.903288 0.885190 0.937058 0.952727 0.608146 0.719508 0.604594 0.984036 0.383406 0.347909 0.512087 0.645394 0.472957 0.388966 0.931495 0.941604 0.847503 0.949219 0.858893 0.910359 0.898708 0.872482 0.387128 0.341821 0.418975 0.334824 0.460117 0.478666 0.375283 0.495850 0.522157 0.672326 0.820813 0.874522 0.692370 0.633882 0.588673 0.585592 0.516216 0.576168 0.464158 0.544795 0.374697 0.342786 0.655788 0.888140 0.675608 0.567756 0.792359 0.544656 0.901935 0.735966 0.840188 0.934282 0.956362 0.934140 0.659782 0.767306 0.484014 0.508541 0.298214 0.434803 0.716982 0.676266 0.757745 0.818675 0.841699 0.809211 0.865593 0.985839 0.773888 0.949818 0.819299 0.744418 0.785381 0.932478 0.812191 0.911790 0.457205 0.524719 0.639943 0.715370 0.396820 0.660978 0.763436 0.872994 0.992563 0.863993 0.889564 0.705995 0.771235 0.811995 0.654617 0.717610 0.980159 0.868693
0.554901 0.714047 0.875515 0.912551 0.788182 0.582822 0.386972 0.355890 0.693982 0.399102 0.526693 0.462266 0.476652 0.551724 0.566317 0.675110 0.472223 0.517102 0.000000 0.476153 0.703437 0.880074 0.788174 0.944622 0.589262 0.751489 0.655762 0.995951 0.385818 0.430411 0.521607 0.617283 0.499783 0.417401 0.987700 0.984058 0.808236 0.893431 0.923691 0.839366 0.939546 0.900149 0.441956 0.359711 0.403417 0.410581 0.546795 0.532354 0.533739 0.663439 0.643396 0.838098 0.835696 0.999042 0.736214 0.662990 0.739151 0.773397 0.522075 0.660624 0.364042 0.365446 0.416311 0.404490 0.746986 0.820233 0.622808 0.556619 0.860569 0.765255 0.725350 0.799977 0.759844 0.872657 0.951055 0.978582 0.608162 0.743626 0.761773 0.678841 0.478703 0.466587 0.708621 0.797354 0.607733 0.850639 0.810537 0.953908 0.785361 0.942626 0.575975 0.913474 0.744314 0.823041 0.944082 0.994042 0.825528 0.966687 0.443947 0.564390 0.614823 0.680531 0.461035 0.728736 0.748654 0.927871 0.932465 0.937539 0.763568 0.752454 0.730985 0.670824 0.645804 0.754454 0.815125 0.892433
0.651334 0.652631 0.956744 0.962499 0.968184 0.812949 0.633736 0.576126 0.982416 0.597900 0.682221 0.585191 0.620457 0.528602 0.611975 0.718308 0.575232 0.476126 0.476153 0.000000 0.948942 0.872115 0.836700 0.951069 0.718457 0.896447 0.773027 0.969805 0.489462 0.510592 0.601977 0.629078 0.609770 0.579097 0.940248 0.989488 0.942327 0.940827 0.976321 0.921276 0.975506 0.980733 0.626964 0.513340 0.544511 0.490965 0.577876 0.621469 0.569914 0.644598 0.643507 0.760496 0.884653 0.934384 0.786370 0.734616 0.741748 0.664835 0.657569 0.702504 0.571760 0.593560 0.513052 0.475910 0.767900 0.898168 0.647499 0.572092 0.788330 0.695814 0.805682 0.833803 0.885810 0.821190 0.959178 0.995809 0.670488 0.939084 0.629443 0.590123 0.569706 0.540474 0.715664 0.806517 0.707912 0.837003 0.881219 0.999528 0.835808 0.956539 0.732039 0.960940 0.825470 0.851318 0.816907 0.931004 0.872193 0.775808 0.577930 0.644836 0.791696 0.791633 0.617388 0.624682 0.722296 0.917735 0.976164 0.939770 0.834546 0.806056 0.826613 0.758543 0.833441 0.743799 0.906049 0.908857
0.808495 0.990470 0.968856 0.938499 0.824425 0.780219 0.806588 0.823511 0.741531 0.825765 0.894133 0.788114 0.750167 0.868297 0.825207 0.822981 0.820853 0.903288 0.703437 0.948942 0.000000 0.976224 0.867563 0.907939 0.896263 0.770191 0.888298 0.938320 0.834703 0.849678 0.967864 0.936183 0.922434 0.838264 0.986672 0.963051 0.881016 0.908661 0.734789 0.899712 0.925409 0.982184 0.866669 0.814889 0.815184 0.821385 0.994138 0.758185 0.872515 0.916994 0.846948 0.887750 0.810117 0.850095 0.989151 0.821262 0.938413 0.919613 0.881809 0.874378 0.803783 0.813581 0.850832 0.816075 0.905576 0.885678 0.986184 0.963861 0.959817 0.860603 0.812842 0.868118 0.987529 0.997974 0.954806 0.936579 0.905065 0.877358 0.973069 0.972048 0.887262 0.851480 0.865091 0.834110 0.845694 0.986792 0.945699 0.916553 0.883641 0.968693 0.757135 0.878084 0.899667 0.986204 0.972166 0.842322 0.951087 0.948801 0.849444 0.857007 0.929402 0.797812 0.842710 0.984346 0.992905 0.857281 0.873188 0.948627 0.878209 0.852028 0.850301 0.784267 0.941864 0.812865 0.800496 0.974580
0.851587 0.824734 0.906872 0.865484 0.928884 0.949070 0.887226 0.909268 0.894752 0.993317 0.811498 0.872920 0.913084 0.956366 0.920862 0.893641 0.800998 0.885190 0.880074 0.872115 0.976224 0.000000 0.879858 0.783465 0.990417 0.873671 0.862735 0.933648 0.892540 0.935057 0.962249 0.968942 0.871607 0.866698 0.840657 0.830007 0.863474 0.989855 0.872713 0.810689 0.878134 0.847285 0.903586 0.895919 0.992351 0.962292 0.867287 0.914626 0.904400 0.977872 0.967554 0.902108 0.934257 0.914177 0.900587 0.963979 0.781404 0.888963 0.901273 0.915120 0.888934 0.936715 0.895289 0.911711 0.945433 0.890139 0.966623 0.931194 0.906380 0.978788 0.861534 0.920766 0.937535 0.938807 0.984656 0.946966 0.940482 0.941650 0.990935 0.967190 0.955081 0.921906 0.953689 0.870707 0.972627 0.906726 0.884846 0.786968 0.963554 0.870632 0.894430 0.830000 0.903414 0.834063 0.835161 0.934774 0.937097 0.901534 0.970983 0.964644 0.920410 0.940633 0.993371 0.966052 0.983522 0.941344 0.824835 0.957627 0.900202 0.846236 0.936636 0.951181 0.884329 0.930387 0.821944 0.857506
0.788323 0.990094 0.964365 0.737741 0.647916 0.575823 0.907301 0.778236 0.744520 0.806097 0.951311 0.791173 0.812783 0.702587 0.580831 0.315849 0.940255 0.937058 0.788174 0.836700 0.867563 0.879858 0.000000 0.439999 0.921086 0.838389 0.746187 0.852168 0.837617 0.733862 0.841999 0.710140 0.760400 0.961151 0.815492 0.913429 0.880319 0.944038 0.858630 0.935268 0.927157 0.880949 0.973836 0.935239 0.720740 0.796300 0.997246 0.905029 0.745075 0.675223 0.753348 0.684156 0.613752 0.753018 0.914834 0.859229 0.962664 0.812918 0.968493 0.862193 0.819322 0.791438 0.886598 0.784562 0.825256 0.909588 0.664817 0.849454 0.955851 0.737150 0.529129 0.773813 0.889416 0.975792 0.950758 0.916939 0.809429 0.973633 0.885683 0.851368 0.900421 0.824861 0.556276 0.902118 0.390013 0.446741 0.927996 0.616000 0.592570 0.469432 0.727022 0.652360 0.679833 0.794783 0.907471 0.936468 0.984471 0.955013 0.733867 0.747320 0.928504 0.775273 0.771281 0.973633 0.847491 0.839562 0.862651 0.932739 0.963649 0.802348 0.783881 0.718933 0.991441 0.966417 0.864595 0.997289
0.872360 0.952371 0.877421 0.733265 0.901150 0.711048 0.769940 0.890159 0.956764 0.791932 0.760641 0.970959 0.894820 0.934797 0.920943 0.525601 0.927907 0.952727 0.944622 0.951069 0.907939 0.783465 0.439999 0.000000 0.887512 0.990375 0.632145 0.915443 0.883434 0.987380 0.914485 0.901599 0.992759 0.826078 0.857167 0.825113 0.991019 0.809217 0.979665 0.972474 0.819054 0.897526 0.810789 0.886836 0.932314 0.998081 0.893132 0.939164 0.930463 0.681082 0.805452 0.639705 0.676573 0.661074 0.954978 0.894183 0.999708 0.812122 0.958221 0.881198 0.842289 0.856119 0.855625 0.985238 0.758520 0.890016 0.667767 0.870963 0.985410 0.764674 0.819274 0.849150 0.998643 0.914297 0.860511 0.960546 0.966013 0.955044 0.955989 0.874139 0.972814 0.917440 0.754129 0.952522 0.645092 0.453048 0.823842 0.584993 0.650853 0.536101 0.833896 0.839085 0.767772 0.756153 0.898274 0.943777 0.928303 0.988645 0.889227 0.897357 0.807286 0.881167 0.905660 0.958401 0.898361 0.845304 0.779011 0.823757 0.978781 0.731538 0.950573 0.752695 0.991699 0.861758 0.925170 0.965553
0.650274 0.836587 0.655168 0.630487 0.781255 0.856474 0.603963 0.614623 0.922376 0.574236 0.457651 0.436120 0.398270 0.429625 0.435095 0.702245 0.631377 0.608146 0.589262 0.718457 0.896263 0.990417 0.921086 0.887512 0.000000 0.484975 0.645296 0.968203 0.512345 0.514041 0.726406 0.808986 0.521974 0.619971 0.858784 0.982698 0.872911 0.815101 0.997263 0.836014 0.961939 0.901709 0.603759 0.548046 0.405634 0.422525 0.705533 0.689397 0.495632 0.745738 0.706852 0.853533 0.882007 0.963260 0.800262 0.908156 0.963213 0.983790 0.781488 0.923472 0.458578 0.441703 0.509592 0.453442 0.440050 0.748100 0.989600 0.903755 0.875793 0.747528 0.869958 0.874533 0.965302 0.907162 0.917356 0.948314 0.662683 0.802905 0.748813 0.642378 0.454143 0.683489 0.667848 0.813098 0.779793 0.969892 0.948605 0.857654 0.720109 0.921510 0.827780 0.968994 0.932502 0.685627 0.856652 0.974022 0.970654 0.928581 0.552567 0.700801 0.621188 0.750329 0.580174 0.639618 0.851232 0.899769 0.862934 0.965654 0.824057 0.901481 0.807127 0.824949 0.689521 0.731901 0.926705 0.952162
0.644665 0.695805 0.708524 0.732687 0.821999 0.946424 0.773468 0.733182 0.867393 0.764474 0.561612 0.530087 0.464492 0.522564 0.522138 0.662029 0.668252 0.719508 0.751489 0.896447 0.770191 0.873671 0.838389 0.990375 0.484975 0.000000 0.893321 0.865525 0.688907 0.638034 0.809368 0.942611 0.761489 0.801470 0.819721 0.947121 0.997560 0.871769 0.926394 0.970361 0.965291 0.967329 0.782139 0.700424 0.621891 0.632199 0.906931 0.751612 0.604765 0.774442 0.795473 0.799922 0.766299 0.920455 0.899042 0.946848 0.935288 0.805091 0.914295 0.935243 0.630380 0.576042 0.684614 0.590035 0.640740 0.627992 0.862285 0.890179 0.982355 0.752226 0.848228 0.797353 0.901400 0.782181 0.813333 0.924078 0.819722 0.767529 0.863327 0.777071 0.651824 0.801780 0.572003 0.835429 0.750488 0.966349 0.912168 0.964525 0.678906 0.848832 0.876648 0.906351 0.992640 0.895712 0.950453 0.880207 0.987769 0.980457 0.710451 0.670262 0.761391 0.837108 0.664930 0.752362 0.984060 0.964614 0.906205 0.992353 0.990167 0.994952 0.917433 0.821622 0.915055 0.913972 0.890510 0.958784
0.796963 0.783589 0.926988 0.873661 0.839172 0.917724 0.603576 0.618422 0.904426 0.651509 0.553765 0.707049 0.676593 0.717572 0.746540 0.937977 0.649364 0.604594 0.655762 0.773027 0.888298 0.862735 0.746187 0.632145 0.645296 0.893321 0.000000 0.955521 0.623691 0.676132 0.699387 0.848248 0.701015 0.537326 0.969990 0.916846 0.824679 0.771213 0.977592 0.859914 0.982687 0.910860 0.623685 0.577262 0.643121 0.626267 0.549538 0.707385 0.676719 0.852101 0.886088 0.944717 0.796872 0.834242 0.822370 0.865803 0.914753 0.976586 0.760800 0.881262 0.595370 0.661806 0.632288 0.659367 0.723628 0.968646 0.879407 0.725866 0.896806 0.963459 0.885868 0.807241 0.956375 0.980468 0.996062 0.987500 0.837605 0.863480 0.773815 0.742020 0.579585 0.680960 0.912660 0.956337 0.952738 0.875650 0.775351 0.653374 0.916615 0.776710 0.937348 0.862475 0.969098 0.691463 0.869658 0.995792 0.934755 0.976150 0.677754 0.786237 0.675160 0.921336 0.736334 0.828930 0.873444 0.896748 0.878186 0.983129 0.972657 0.697872 0.892205 0.963166 0.732448 0.811793 0.967553 0.932288
0.907557 0.958827 0.855385 0.977771 0.770739 0.870240 0.898508 0.954703 0.994475 0.962610 0.836778 0.819965 0.866601 0.908631 0.882098 0.864354 0.940069 0.984036 0.995951 0.969805 0.938320 0.933648 0.852168 0.915443 0.968203 0.865525 0.955521 0.000000 0.938627 0.927485 0.992881 0.986590 0.996466 0.954990 0.936361 0.877748 0.920945 0.867635 0.917752 0.955186 0.848433 0.979604 0.927641 0.961397 0.973204 0.950428 0.959677 0.945628 0.979899 0.988145 0.978822 0.976255 0.997112 0.987690 0.847364 0.950960 0.956305 0.976746 0.944250 0.903863 0.859970 0.996217 0.939953 0.918108 0.872796 0.929781 0.965034 0.976035 0.950973 0.880763 0.918527 0.918378 0.860396 0.866524 0.990691 0.884210 0.997520 0.962068 0.916006 0.864201 0.925682 0.848639 0.904251 0.889253 0.773104 0.795069 0.979876 0.952014 0.875738 0.891412 0.986824 0.995645 0.983754 0.989814 0.991115 0.962878 0.867020 0.977016 0.953397 0.929920 0.950870 0.943303 0.946018 0.875578 0.838128 0.831496 0.871627 0.999893 0.936586 0.908630 0.997422 0.964228 0.973638 0.839077 0.870441 0.985325
0.490488 0.578415 0.842447 0.924577 0.867245 0.708670 0.367056 0.327873 0.781016 0.403142 0.423612 0.392945 0.348473 0.405405 0.404686 0.707787 0.378300 0.383406 0.385818 0.489462 0.834703 0.892540 0.837617 0.883434 0.512345 0.688907 0.623691 0.938627 0.000000 0.286024 0.423480 0.624867 0.439447 0.335266 0.977158 0.978891 0.927325 0.845148 0.840672 0.761724 0.971220 0.992732 0.445530 0.378582 0.402666 0.336336 0.431532 0.512170 0.426330 0.614330 0.599853 0.821874 0.844150 0.983573 0.723826 0.644417 0.653777 0.665581 0.500199 0.666758 0.305458 0.406418 0.274339 0.299070 0.600330 0.922371 0.740660 0.640176 0.859776 0.621913 0.752453 0.749649 0.835545 0.963767 0.933468 0.889737 0.546329 0.850938 0.575089 0.574774 0.300213 0.369472 0.697894 0.798602 0.623364 0.893337 0.894204 0.884896 0.858402 0.948550 0.764947 0.961271 0.880561 0.676550 0.944283 0.948654 0.728801 0.884405 0.491308 0.587788 0.480666 0.633576 0.488041 0.565909 0.791391 0.912949 0.911194 0.880436 0.802161 0.713786 0.746718 0.748550 0.644211 0.673540 0.978565 0.893267
0.446107 0.551428 0.938618 0.906268 0.885893 0.749423 0.461024 0.397348 0.816335 0.481058 0.406655 0.326593 0.305448 0.333044 0.364844 0.549123 0.417934 0.347909 0.430411 0.510592 0.849678 0.935057 0.733862 0.987380 0.514041 0.638034 0.676132 0.927485 0.286024 0.000000 0.501063 0.591620 0.397274 0.352698 0.972103 0.942753 0.920124 0.882291 0.828576 0.756586 0.917440 0.949267 0.493088 0.407064 0.405640 0.355392 0.508790 0.517642 0.415512 0.602008 0.586808 0.773807 0.863036 0.968437 0.683465 0.659355 0.632960 0.636056 0.513989 0.673699 0.319528 0.409496 0.309451 0.273441 0.671170 0.911883 0.747085 0.617157 0.808078 0.548768 0.694643 0.810028 0.871058 0.911482 0.919993 0.885477 0.615199 0.754770 0.627905 0.543133 0.336760 0.414977 0.550470 0.737121 0.557085 0.803385 0.874853 0.988660 0.712411 0.953757 0.845567 0.902760 0.935187 0.657873 0.908935 0.916697 0.692981 0.971195 0.470656 0.593721 0.573247 0.682364 0.408792 0.667882 0.821496 0.856877 0.971159 0.900719 0.850390 0.807063 0.728307 0.782514 0.678726 0.672870 0.972257 0.949370
0.640701 0.692913 0.786396 0.937001 0.969217 0.705247 0.491740 0.463730 0.807918 0.448073 0.676148 0.545344 0.591914 0.628724 0.628882 0.793767 0.533854 0.512087 0.521607 0.601977 0.967864 0.962249 0.841999 0.914485 0.726406 0.809368 0.699387 0.992881 0.423480 0.501063 0.000000 0.580989 0.542465 0.466468 0.980146 0.966313 0.907474 0.853106 0.990982 0.990180 0.930292 0.980926 0.576480 0.521580 0.522748 0.510769 0.582202 0.650136 0.550367 0.679495 0.767431 0.900181 0.896597 0.911905 0.786021 0.665970 0.663641 0.752747 0.654042 0.823060 0.505412 0.559832 0.515708 0.469270 0.737818 0.938045 0.727110 0.671587 0.913209 0.720386 0.860207 0.733719 0.930329 0.991381 0.957321 0.813879 0.629943 0.894206 0.725048 0.660688 0.466678 0.568802 0.911613 0.885038 0.703515 0.913047 0.773137 0.765821 0.955611 0.993704 0.799230 0.999077 0.847634 0.847448 0.857659 0.925218 0.962767 0.891016 0.596226 0.500676 0.644018 0.637394 0.523362 0.792591 0.848162 0.918941 0.825371 0.971681 0.873665 0.743373 0.743858 0.792890 0.752800 0.850847 0.876391 0.872622
0.790998 0.891998 0.859768 0.831814 0.978005 0.880859 0.698811 0.687062 0.997102 0.721623 0.817306 0.717350 0.738076 0.691786 0.705853 0.725897 0.753234 0.645394 0.617283 0.629078 0.936183 0.968942 0.710140 0.901599 0.808986 0.942611 0.848248 0.986590 0.624867 0.591620 0.580989 0.000000 0.633511 0.661584 0.973197 0.778209 0.935459 0.911527 0.948624 0.787634 0.982451 0.906600 0.666174 0.635365 0.747696 0.652497 0.678612 0.769749 0.777773 0.786478 0.866192 0.923001 0.975514 0.894217 0.986136 0.819238 0.898892 0.962509 0.849826 0.881000 0.687423 0.775968 0.710396 0.706876 0.932975 0.832264 0.720286 0.657348 0.976835 0.806531 0.816683 0.862733 0.718283 0.842741 0.996073 0.943783 0.797074 0.936341 0.829951 0.720464 0.700174 0.606246 0.716197 0.878605 0.756353 0.757818 0.930505 0.911974 0.890738 0.769344 0.864183 0.993548 0.866912 0.890325 0.963708 0.897804 0.945676 0.931821 0.779755 0.717539 0.904321 0.835319 0.566377 0.861027 0.815753 0.895411 0.960490 0.847476 0.942418 0.983115 0.736837 0.972151 0.874738 0.951222 0.863803 0.942959
0.557968 0.764739 0.964314 0.962429 0.884728 0.641181 0.460894 0.432648 0.840759 0.480012 0.517810 0.425721 0.425272 0.484104 0.437687 0.657749 0.497456 0.472957 0.499783 0.609770 0.922434 0.871607 0.760400 0.992759 0.521974 0.761489 0.701015 0.996466 0.439447 0.397274 0.542465 0.633511 0.000000 0.461939 0.943821 0.971403 0.835646 0.878649 0.959140 0.969499 0.885331 0.928782 0.531903 0.446559 0.373633 0.391275 0.550443 0.520318 0.477286 0.695837 0.684671 0.878749 0.906524 0.914025 0.779208 0.681411 0.750887 0.796595 0.547240 0.790180 0.366697 0.447617 0.404046 0.361670 0.671067 0.995584 0.683963 0.577501 0.907652 0.627741 0.863704 0.841464 0.872345 0.887517 0.994142 0.821344 0.558229 0.773849 0.778831 0.529066 0.387505 0.485370 0.682030 0.671715 0.613854 0.741728 0.959910 0.919665 0.841397 0.935919 0.825001 0.868678 0.908998 0.631813 0.868983 0.964531 0.792822 0.968469 0.453329 0.636686 0.596411 0.790545 0.512748 0.637080 0.786537 0.875832 0.943089 0.907180 0.893938 0.836669 0.706756 0.741522 0.766468 0.753398 0.977031 0.984249
0.533764 0.580777 0.823173 0.965885 0.992944 0.711593 0.415758 0.401404 0.890116 0.455621 0.417421 0.420463 0.471339 0.510440 0.533776 0.781186 0.372945 0.388966 0.417401 0.579097 0.838264 0.866698 0.961151 0.826078 0.619971 0.801470 0.537326 0.954990 0.335266 0.352698 0.466468 0.661584 0.461939 0.000000 0.953874 0.850418 0.759966 0.813097 0.812328 0.805891 0.932890 0.984709 0.442235 0.319054 0.408513 0.363861 0.431682 0.528220 0.473508 0.646191 0.619762 0.843448 0.896700 0.973410 0.684087 0.621427 0.688086 0.782759 0.507521 0.705043 0.358718 0.504563 0.329337 0.356025 0.671441 0.951150 0.698113 0.546348 0.880390 0.684432 0.855384 0.750536 0.894083 0.965359 0.984108 0.892682 0.581573 0.812810 0.648519 0.615387 0.359918 0.376567 0.714750 0.703407 0.691400 0.832505 0.863567 0.851767 0.990166 0.893151 0.765443 0.908908 0.897550 0.626008 0.973277 0.895574 0.851489 0.977954 0.501817 0.591260 0.602375 0.655704 0.464003 0.800399 0.814459 0.890884 0.816805 0.835926 0.773744 0.700703 0.749274 0.788280 0.634634 0.741123 0.896368 0.922273
0.965895 0.999208 0.882525 0.859580 0.944036 0.766081 0.963312 0.946887 0.891511 0.957425 0.886093 0.944067 0.926901 0.907963 0.996879 0.914117 0.932265 0.931495 0.987700 0.940248 0.986672 0.840657 0.815492 0.857167 0.858784 0.819721 0.969990 0.936361 0.977158 0.972103 0.980146 0.973197 0.943821 0.953874 0.000000 0.882872 0.878014 0.907726 0.835676 0.986661 0.912622 0.941280 0.948121 0.889037 0.958919 0.985453 0.880844 0.985386 0.988662 0.908380 0.955172 0.962221 0.992148 0.945752 0.747095 0.881122 0.980511 0.917645 0.896905 0.860431 0.974174 0.963100 0.981674 0.983160 0.815560 0.819893 0.764918 0.899790 0.949935 0.975696 0.887042 0.855261 0.917122 0.919509 0.899869 0.913058 0.869162 0.856711 0.888194 0.863513 0.992701 0.953768 0.954754 0.989540 0.894727 0.806812 0.924214 0.959292 0.989442 0.952074 0.891194 0.940411 0.846029 0.903020 0.993683 0.925437 0.923507 0.830236 0.961725 0.892640 0.932840 0.852282 0.912108 0.978204 0.939870 0.994449 0.854956 0.990638 0.954784 0.794955 0.865215 0.925649 0.852652 0.990181 0.855733 0.985045
0.879063 0.932528 0.996739 0.927010 0.951401 0.993172 0.964464 0.942076 0.965130 0.973107 0.892214 0.992190 0.911327 0.967559 0.986311 0.908207 0.980732 0.941604 0.984058 0.989488 0.963051 0.830007 0.913429 0.825113 0.982698 0.947121 0.916846 0.877748 0.978891 0.942753 0.966313 0.778209 0.971403 0.850418 0.882872 0.000000 0.953405 0.893950 0.936254 0.974277 0.881457 0.914226 0.948425 0.958209 0.954448 0.959185 0.968690 0.944785 0.925268 0.895347 0.873283 0.825610 0.790869 0.803575 0.839189 0.890303 0.812570 0.730318 0.868334 0.747320 0.920627 0.984693 0.993035 0.971056 0.971806 0.982417 0.849236 0.975207 0.904061 0.746220 0.874929 0.947812 0.947103 0.999571 0.895894 0.896511 0.986090 0.973012 0.982920 0.907788 0.987579 0.892985 0.940794 0.917915 0.915193 0.972804 0.834324 0.917825 0.790068 0.958833 0.803623 0.860499 0.797880 0.734760 0.772759 0.931040 0.935132 0.930418 0.823170 0.807085 0.875971 0.980205 0.958399 0.926676 0.850025 0.899804 0.886291 0.871809 0.909869 0.961773 0.844107 0.935780 0.959656 0.790910 0.971212 0.824034
0.842835 0.994536 0.996127 0.924704 0.947783 0.803969 0.855726 0.849068 0.904762 0.817899 0.910711 0.840463 0.939969 0.907064 0.884127 0.898393 0.836659 0.847503 0.808236 0.942327 0.881016 0.863474 0.880319 0.991019 0.872911 0.997560 0.824679 0.920945 0.927325 0.920124 0.907474 0.935459 0.835646 0.759966 0.878014 0.953405 0.000000 0.861172 0.863804 0.875346 0.931963 0.936447 0.835678 0.843262 0.732090 0.775272 0.884359 0.871364 0.785243 0.848742 0.887782 0.919962 0.928092 0.860118 0.878270 0.915499 0.907817 0.855857 0.958047 0.974829 0.858270 0.817455 0.879963 0.845135 0.871158 0.921366 0.785842 0.870137 0.844948 0.963406 0.942272 0.794302 0.991448 0.985139 0.928532 0.860352 0.808044 0.936207 0.930630 0.955778 0.832439 0.867948 0.967367 0.839250 0.901418 0.869449 0.875512 0.889381 0.962924 0.995009 0.764991 0.893005 0.779266 0.954379 0.983499 0.952235 0.938510 0.970223 0.730918 0.946374 0.953108 0.880088 0.835496 0.973291 0.963349 0.959659 0.995198 0.786724 0.872757 0.903707 0.840909 0.894678 0.677695 0.902555 0.950591 0.909881
0.908101 0.996166 0.999842 0.775705 0.958995 0.971350 0.762739 0.858132 0.900371 0.872533 0.744421 0.889582 0.747436 0.825152 0.856333 0.969228 0.826190 0.949219 0.893431 0.940827 0.908661 0.989855 0.944038 0.809217 0.815101 0.871769 0.771213 0.867635 0.845148 0.882291 0.853106 0.911527 0.878649 0.813097 0.907726 0.893950 0.861172 0.000000 0.846571 0.941223 0.899560 0.955534 0.974737 0.881021 0.865668 0.899881 0.800180 0.905372 0.962619 0.972140 0.873380 0.808080 0.817529 0.808144 0.901478 0.938389 0.938344 0.934006 0.858869 0.919317 0.737389 0.828298 0.776667 0.792819 0.876295 0.965374 0.931365 0.877563 0.824849 0.926836 0.822981 0.976846 0.991250 0.754497 0.846608 0.962339 0.722802 0.874563 0.875346 0.974680 0.796744 0.804815 0.872065 0.913344 0.845255 0.999131 0.917539 0.987739 0.848927 0.957232 0.945801 0.925611 0.914082 0.792764 0.930233 0.894429 0.887588 0.929871 0.911752 0.934542 0.821736 0.809297 0.949404 0.953971 0.994728 0.876870 0.898634 0.978617 0.719127 0.908758 0.952842 0.928541 0.784189 0.958143 0.922546 0.966668
