0.000000 0.239573 0.499197 0.599532 0.933946 0.807197 0.507506 0.443453 0.996258 0.659248 0.281835 0.254687 0.354379 0.414978 0.481099 0.459124 0.283168 0.198983 0.340477 0.253895 0.704367 0.831676 0.474517 0.625584 0.763758 0.739097 0.948861 0.925219 0.251749 0.251568 0.461746 0.462647 0.388102 0.344029 0.701624 0.832197 0.549379 0.711994 0.750436 0.713497 0.755613 0.783846 0.507123 0.456095 0.568172 0.480253 0.469054 0.399195 0.734324 0.648501 0.694337 0.721524 0.748356 0.899591 0.651489 0.813149 0.309288 0.300589 0.467003 0.384099 0.294338 0.350531 0.242588 0.267714 0.522712 0.460133 0.536260 0.388107 0.402792 0.331046 0.516128 0.568372 0.469642 0.547307 0.755217 0.762108 0.494985 0.514183 0.473749 0.358732 0.242190 0.272188 0.388445 0.479574 0.502059 0.491414 0.802345 0.932747 0.896471 0.559489 0.923027 0.924371 0.851744 0.954009 0.514025 0.626624 0.603388 0.775465 0.538877 0.552846 0.738451 0.651013 0.544032 0.610834 0.501129 0.525243 0.884319 0.882679 0.978693 0.704670 0.828852 0.570711 0.642825 0.704312 0.748577 0.968131
0.239573 0.000000 0.687280 0.730310 0.968745 0.912935 0.610404 0.507129 0.992152 0.623089 0.356658 0.321561 0.558919 0.534878 0.622937 0.556814 0.193217 0.191781 0.414307 0.317105 0.762216 0.827798 0.597928 0.761105 0.917787 0.870841 0.872169 0.932642 0.293538 0.267423 0.556043 0.580185 0.454362 0.408329 0.808090 0.731428 0.708486 0.643342 0.885815 0.806871 0.848746 0.619580 0.500184 0.461593 0.561037 0.500508 0.545253 0.453781 0.624808 0.643128 0.658813 0.707946 0.762779 0.854850 0.831090 0.922588 0.170074 0.172815 0.465105 0.431699 0.449765 0.467825 0.213208 0.188081 0.772167 0.664781 0.589482 0.435118 0.489822 0.330880 0.469881 0.486364 0.499786 0.535381 0.838684 0.685018 0.516585 0.340498 0.462820 0.475132 0.235735 0.399537 0.382565 0.473049 0.665478 0.701170 0.721336 0.830498 0.999364 0.736623 0.854822 0.863982 0.790925 0.929939 0.535955 0.694054 0.646728 0.641560 0.510618 0.494054 0.715429 0.641678 0.447753 0.546031 0.488320 0.484870 0.768566 0.790178 0.975100 0.772080 0.770552 0.566033 0.708964 0.776313 0.758938 0.997010
0.499197 0.687280 0.000000 0.208631 0.944756 0.560414 0.178032 0.277350 0.581034 0.449393 0.486351 0.575665 0.397890 0.570346 0.513218 0.519925 0.707582 0.551311 0.360806 0.438950 0.684693 0.797162 0.316996 0.375543 0.615722 0.391397 0.899234 0.925430 0.666714 0.544129 0.296315 0.396776 0.350150 0.305486 0.546358 0.707634 0.639235 0.756521 0.535397 0.763832 0.955842 0.947518 0.309070 0.328457 0.344409 0.360150 0.344569 0.358915 0.610085 0.518636 0.559789 0.524822 0.576091 0.747674 0.660795 0.599122 0.792505 0.809352 0.474428 0.483283 0.398997 0.469742 0.653366 0.733864 0.271154 0.254865 0.244668 0.301870 0.796517 0.622963 0.463509 0.444487 0.583084 0.546778 0.783711 0.766495 0.468809 0.684501 0.524242 0.431284 0.635668 0.505483 0.796195 0.803958 0.619212 0.477785 0.912703 0.978848 0.863012 0.604331 0.548569 0.594934 0.562197 0.558362 0.603667 0.626409 0.372791 0.794612 0.395291 0.403989 0.539044 0.492824 0.564395 0.554245 0.427602 0.492950 0.656275 0.688468 0.873245 0.846109 0.752618 0.524730 0.446455 0.652539 0.678241 0.907940
0.599532 0.730310 0.208631 0.000000 0.997343 0.568862 0.236415 0.285128 0.600750 0.443515 0.563849 0.638405 0.478980 0.513927 0.513760 0.486398 0.782702 0.603225 0.356807 0.454363 0.618748 0.729360 0.341101 0.349525 0.700556 0.418520 0.881520 0.989522 0.670082 0.588737 0.350957 0.430464 0.368570 0.319734 0.600972 0.677589 0.663633 0.822487 0.646686 0.843536 0.957331 0.880652 0.324902 0.353338 0.429030 0.432748 0.387842 0.411296 0.611545 0.535859 0.614892 0.548570 0.636216 0.741771 0.729306 0.706243 0.839614 0.846819 0.476589 0.549492 0.530942 0.548546 0.736971 0.811494 0.362632 0.282283 0.308623 0.371005 0.919417 0.696327 0.453428 0.432343 0.679819 0.586936 0.867885 0.696449 0.445743 0.619619 0.539146 0.502070 0.729324 0.564924 0.854969 0.809633 0.695106 0.486010 0.980298 0.931340 0.904602 0.605108 0.480381 0.499208 0.510053 0.471061 0.693306 0.595962 0.439318 0.707186 0.406855 0.372865 0.513584 0.554454 0.573776 0.504744 0.463592 0.561145 0.690524 0.689062 0.902966 0.840331 0.805500 0.512476 0.443622 0.570424 0.718308 0.851010
0.933946 0.968745 0.944756 0.997343 0.000000 0.958155 0.941659 0.922253 0.997282 0.912088 0.970109 0.947716 0.936116 0.887789 0.989671 0.935053 0.932132 0.948422 0.968531 0.953414 0.923918 0.940503 0.927173 0.979605 0.840295 0.897603 0.972838 0.945714 0.946402 0.955968 0.995625 0.921716 0.990980 0.994415 0.946514 0.947908 0.760018 0.942624 0.874014 0.921396 0.879503 0.906463 0.903256 0.912444 0.880794 0.844960 0.953471 0.897887 0.728923 0.789447 0.864541 0.824606 0.848022 0.751277 0.984617 0.910360 0.949387 0.911849 0.887093 0.880071 0.888789 0.902514 0.852634 0.893101 0.940652 0.956188 0.970732 0.954506 0.936752 0.947226 0.878143 0.883226 0.980829 0.981834 0.956236 0.942319 0.934210 0.992805 0.869658 0.944378 0.872217 0.946169 0.912532 0.948551 0.984884 0.977774 0.966870 0.956196 0.958612 0.891781 0.900687 0.911565 0.933334 0.997935 0.935790 0.992981 0.948149 0.859985 0.904277 0.783725 0.890886 0.964783 0.983316 0.822628 0.960461 0.957611 0.832417 0.982309 0.747893 0.897424 0.976722 0.781346 0.775283 0.931363 0.896922 0.948297
0.807197 0.912935 0.560414 0.568862 0.958155 0.000000 0.554141 0.725066 0.787798 0.712524 0.808090 0.741980 0.609251 0.791132 0.662522 0.518577 0.949163 0.819803 0.630128 0.720971 0.817314 0.795751 0.592171 0.592982 0.745285 0.491061 0.765930 0.648872 0.880143 0.817527 0.685270 0.717254 0.622519 0.564018 0.694306 0.905375 0.946732 0.977522 0.760039 0.884781 0.988666 0.936596 0.632805 0.580608 0.742475 0.785846 0.769427 0.661831 0.930908 0.747627 0.840760 0.735838 0.779601 0.850391 0.849145 0.820596 0.971430 0.977749 0.850319 0.819559 0.785920 0.877912 0.904317 0.988418 0.580688 0.609881 0.632306 0.707134 0.911133 0.755374 0.774125 0.679099 0.800959 0.671782 0.773696 0.813977 0.775001 0.825490 0.785415 0.568895 0.829163 0.671447 0.999624 0.942301 0.691085 0.562530 0.853022 0.757261 0.934401 0.787785 0.685177 0.681711 0.701103 0.654738 0.763006 0.597844 0.671800 0.865662 0.711469 0.681650 0.902487 0.728889 0.871869 0.717707 0.651561 0.767728 0.874770 0.898816 0.983468 0.860590 0.999041 0.780936 0.670854 0.881207 0.918306 0.968834
0.507506 0.610404 0.178032 0.236415 0.941659 0.554141 0.000000 0.196062 0.516154 0.298084 0.518084 0.584907 0.441498 0.652095 0.573603 0.540296 0.634574 0.523815 0.352905 0.421253 0.718228 0.810211 0.274838 0.458528 0.749034 0.488662 0.998572 0.923170 0.657346 0.533555 0.307980 0.438381 0.290665 0.244769 0.515410 0.604418 0.660752 0.778666 0.690110 0.790529 0.984813 0.883115 0.202355 0.219659 0.219842 0.244158 0.323470 0.294912 0.447138 0.396368 0.431636 0.390719 0.454211 0.615545 0.665295 0.584336 0.685659 0.700610 0.350192 0.394264 0.370260 0.414286 0.558565 0.626638 0.334554 0.294139 0.165868 0.228548 0.866979 0.583654 0.325207 0.318652 0.652942 0.536031 0.820122 0.706576 0.363379 0.620208 0.461471 0.445654 0.582848 0.533762 0.783706 0.801978 0.669797 0.572712 0.980950 0.929289 0.855629 0.703706 0.394885 0.444813 0.412781 0.438885 0.580638 0.557441 0.310208 0.679279 0.251167 0.270317 0.408401 0.410556 0.465789 0.454113 0.323934 0.367563 0.544041 0.586969 0.799994 0.841313 0.660405 0.418891 0.394326 0.609131 0.578338 0.852650
0.443453 0.507129 0.277350 0.285128 0.922253 0.725066 0.196062 0.000000 0.511658 0.259701 0.423246 0.511545 0.455116 0.567936 0.614211 0.571365 0.543666 0.447268 0.365358 0.339662 0.778540 0.802682 0.365776 0.529580 0.924246 0.659928 0.865347 0.859549 0.546251 0.483201 0.414688 0.464184 0.339079 0.292389 0.643345 0.633111 0.700030 0.818090 0.842669 0.850393 0.919295 0.768690 0.272707 0.325311 0.315015 0.326861 0.426889 0.383931 0.480682 0.463967 0.518354 0.483584 0.560447 0.660400 0.773822 0.692487 0.562079 0.557249 0.326592 0.382445 0.370606 0.333451 0.481108 0.499651 0.486062 0.353283 0.272405 0.290935 0.849666 0.543832 0.341498 0.364618 0.703161 0.636045 0.881364 0.753373 0.388699 0.551526 0.483532 0.534299 0.538981 0.531079 0.748909 0.774064 0.771362 0.663417 0.981593 0.909844 0.836325 0.686030 0.389687 0.445031 0.397092 0.458808 0.524520 0.604740 0.357273 0.603355 0.228696 0.238768 0.360008 0.434130 0.391532 0.404285 0.337024 0.363611 0.558869 0.599029 0.818260 0.770141 0.665306 0.370933 0.370392 0.582397 0.605457 0.874690
0.996258 0.992152 0.581034 0.600750 0.997282 0.787798 0.516154 0.511658 0.000000 0.393420 0.897767 0.969143 0.834820 0.942213 0.994684 0.931898 0.972279 0.946234 0.897613 0.912955 0.964320 0.899948 0.775502 0.911010 0.962590 0.856420 0.888434 0.902341 0.901771 0.909796 0.746769 0.894187 0.814943 0.733427 0.800030 0.762045 0.944593 0.931510 0.995648 0.854896 0.784840 0.976956 0.577887 0.629496 0.557592 0.565362 0.734862 0.759032 0.520729 0.492350 0.508492 0.488993 0.472694 0.536145 0.984484 0.843158 0.904120 0.941243 0.518629 0.639555 0.731612 0.666858 0.954623 0.955953 0.790964 0.700324 0.592913 0.699150 0.798492 0.935604 0.687209 0.697413 0.909745 0.975235 0.975150 0.984315 0.772297 0.842759 0.850763 0.842284 0.906800 0.843630 0.815366 0.764316 0.782238 0.952035 0.965131 0.856610 0.771898 0.850320 0.477714 0.582307 0.588291 0.502050 0.784782 0.837960 0.622573 0.786753 0.507684 0.525723 0.655249 0.577186 0.698340 0.647111 0.640176 0.648556 0.584606 0.591895 0.938543 0.917070 0.740371 0.619848 0.592456 0.900765 0.628900 0.824460
0.659248 0.623089 0.449393 0.443515 0.912088 0.712524 0.298084 0.259701 0.393420 0.000000 0.613960 0.644389 0.580322 0.821396 0.731261 0.686042 0.633677 0.641009 0.538742 0.523047 0.909004 0.874543 0.482226 0.699365 0.902485 0.839970 0.906847 0.848180 0.712390 0.643432 0.610463 0.615329 0.506940 0.453392 0.751384 0.578172 0.871466 0.924447 0.910519 0.991090 0.896941 0.820457 0.352855 0.392123 0.370643 0.399074 0.527558 0.465605 0.395040 0.422389 0.507938 0.479540 0.536486 0.626715 0.836730 0.755473 0.694647 0.702959 0.404799 0.488036 0.540030 0.481893 0.631546 0.624713 0.695285 0.549998 0.419279 0.483178 0.916905 0.639782 0.412270 0.420419 0.855169 0.770345 0.901807 0.761839 0.522323 0.549800 0.556844 0.597657 0.661152 0.718450 0.890250 0.841834 0.972603 0.890883 0.940302 0.933468 0.834414 0.804440 0.375619 0.434475 0.439393 0.480315 0.577405 0.622188 0.360528 0.610506 0.274580 0.262884 0.415264 0.414902 0.459011 0.475424 0.474837 0.417540 0.554416 0.602010 0.822124 0.896218 0.689419 0.458033 0.465308 0.799883 0.652373 0.776981
0.281835 0.356658 0.486351 0.563849 0.970109 0.808090 0.518084 0.423246 0.897767 0.613960 0.000000 0.329864 0.353637 0.504795 0.569354 0.553589 0.462268 0.340843 0.382307 0.295873 0.805930 0.878887 0.592361 0.676402 0.908300 0.852202 0.933351 0.997895 0.387023 0.360979 0.560931 0.598433 0.515028 0.467634 0.798500 0.863755 0.667639 0.819391 0.847767 0.829162 0.818305 0.928543 0.577793 0.561520 0.608605 0.539670 0.583767 0.556444 0.787178 0.681623 0.779476 0.763780 0.790636 0.898978 0.763910 0.826857 0.468375 0.426894 0.539773 0.460821 0.353135 0.363182 0.373816 0.409397 0.613246 0.510853 0.614712 0.449714 0.542741 0.534470 0.618916 0.583516 0.551220 0.676522 0.774735 0.770529 0.506746 0.529733 0.569701 0.466009 0.407118 0.385166 0.582996 0.617129 0.723313 0.667897 0.849987 0.899884 0.919284 0.643939 0.876552 0.913874 0.854280 0.933317 0.618476 0.648480 0.643694 0.884086 0.564678 0.554588 0.731871 0.591924 0.547746 0.620530 0.515586 0.580650 0.855047 0.919806 0.933655 0.807586 0.815578 0.586099 0.659714 0.700150 0.770111 0.943103
0.254687 0.321561 0.575665 0.638405 0.947716 0.741980 0.584907 0.511545 0.969143 0.644389 0.329864 0.000000 0.287378 0.388393 0.379425 0.297907 0.351218 0.257489 0.394726 0.368859 0.756236 0.821032 0.430838 0.556231 0.808272 0.769268 0.992972 0.928173 0.260713 0.252917 0.539812 0.492489 0.447628 0.404996 0.847364 0.986014 0.705852 0.866065 0.858440 0.859581 0.906009 0.857718 0.558308 0.506714 0.672679 0.540135 0.578985 0.453124 0.782707 0.619914 0.705310 0.664752 0.751913 0.768536 0.786301 0.872221 0.459561 0.425569 0.569692 0.469398 0.301343 0.354826 0.263157 0.308266 0.580430 0.471792 0.668556 0.517209 0.581605 0.409235 0.610613 0.590921 0.381395 0.472670 0.680872 0.667953 0.574470 0.454141 0.519233 0.386789 0.315525 0.313152 0.443919 0.528976 0.496171 0.479342 0.763853 0.954812 0.921604 0.623104 0.933102 0.975887 0.924653 0.928590 0.588754 0.663625 0.644931 0.817611 0.626779 0.562778 0.786544 0.684120 0.639573 0.737649 0.480601 0.538346 0.899158 0.983185 0.958571 0.730083 0.912253 0.585391 0.633652 0.772644 0.731252 0.998211
0.354379 0.558919 0.397890 0.478980 0.936116 0.609251 0.441498 0.455116 0.834820 0.580322 0.353637 0.287378 0.000000 0.435908 0.387663 0.335057 0.624379 0.474465 0.401077 0.449194 0.770082 0.889944 0.400455 0.474955 0.759725 0.629486 0.865595 0.974534 0.465313 0.410360 0.555280 0.555953 0.474274 0.457479 0.790242 0.948814 0.719292 0.919037 0.705463 0.816646 0.956857 0.974069 0.510212 0.470258 0.625553 0.491010 0.503091 0.436698 0.753169 0.496137 0.644371 0.576766 0.663420 0.726746 0.681388 0.723397 0.711424 0.634278 0.518315 0.414208 0.261935 0.338390 0.449841 0.532046 0.386757 0.343764 0.585232 0.488841 0.642615 0.569577 0.662970 0.614765 0.486890 0.584276 0.781673 0.745091 0.635568 0.619735 0.544153 0.410938 0.510553 0.363652 0.649107 0.688806 0.537376 0.407796 0.868844 0.794326 0.770542 0.550475 0.846424 0.886896 0.884738 0.902480 0.629286 0.656695 0.569335 0.878588 0.613136 0.531311 0.714937 0.602399 0.677574 0.746764 0.520979 0.592098 0.917310 0.996344 0.811448 0.734483 0.924237 0.624119 0.568146 0.739926 0.792167 0.927269
0.414978 0.534878 0.570346 0.513927 0.887789 0.791132 0.652095 0.567936 0.942213 0.821396 0.504795 0.388393 0.435908 0.000000 0.311781 0.330600 0.644066 0.425046 0.377219 0.404152 0.679591 0.734671 0.458762 0.445846 0.684752 0.622059 0.958321 0.905735 0.364383 0.375731 0.534701 0.510769 0.494511 0.476346 0.891213 0.961645 0.724560 0.935609 0.780722 0.802949 0.934612 0.777964 0.646297 0.638228 0.868482 0.747591 0.568387 0.623143 0.999750 0.902217 0.978534 0.894639 0.949466 0.949641 0.701359 0.882411 0.662242 0.662879 0.735794 0.710282 0.540503 0.563261 0.584197 0.602703 0.489245 0.428634 0.696277 0.640424 0.644040 0.518022 0.705959 0.717154 0.503875 0.616303 0.829030 0.719774 0.610415 0.634799 0.641355 0.486327 0.544889 0.355592 0.496741 0.429392 0.444005 0.334247 0.930361 0.826811 0.898180 0.480169 0.938879 0.951341 0.891747 0.980567 0.643707 0.720046 0.769089 0.735239 0.765155 0.681265 0.734253 0.778325 0.769115 0.824326 0.638814 0.688043 0.956419 0.931244 0.952417 0.774566 0.975833 0.733321 0.702250 0.753054 0.879235 0.876462
0.481099 0.622937 0.513218 0.513760 0.989671 0.662522 0.573603 0.614211 0.994684 0.731261 0.569354 0.379425 0.387663 0.311781 0.000000 0.300118 0.642668 0.466721 0.424575 0.479528 0.710781 0.712214 0.321559 0.366982 0.615645 0.577871 0.807270 0.830062 0.469624 0.404749 0.436834 0.376770 0.422393 0.453753 0.787676 0.978738 0.778915 0.993567 0.719480 0.900897 0.948665 0.984385 0.577237 0.569134 0.770842 0.660755 0.526798 0.531483 0.886256 0.831406 0.939057 0.836733 0.925173 0.967075 0.714584 0.808962 0.771063 0.786487 0.754029 0.749053 0.522367 0.645422 0.610008 0.689892 0.474908 0.463325 0.655517 0.620910 0.702371 0.648348 0.671079 0.740346 0.474752 0.573340 0.761302 0.734376 0.618199 0.655578 0.507510 0.502659 0.526278 0.391674 0.499637 0.518858 0.441425 0.342088 0.970391 0.799881 0.990556 0.648965 0.967480 0.980902 0.992415 0.952546 0.738227 0.727078 0.696290 0.824203 0.775557 0.663158 0.848332 0.821834 0.891673 0.895140 0.637400 0.708969 0.955925 0.873334 0.996357 0.788204 0.986627 0.737731 0.670572 0.855377 0.847385 0.900802
0.459124 0.556814 0.519925 0.486398 0.935053 0.518577 0.540296 0.571365 0.931898 0.686042 0.553589 0.297907 0.335057 0.330600 0.300118 0.000000 0.589311 0.446925 0.351337 0.460517 0.691101 0.665242 0.310262 0.349348 0.588001 0.544211 0.859140 0.771802 0.414313 0.369050 0.489895 0.443976 0.393715 0.361708 0.812285 0.961988 0.741305 0.922343 0.758388 0.852142 0.971433 0.892351 0.500201 0.434927 0.715392 0.575950 0.523532 0.452504 0.817755 0.628069 0.739455 0.632673 0.744655 0.781522 0.666401 0.816314 0.718147 0.692534 0.605322 0.623034 0.466753 0.552606 0.516742 0.586719 0.442318 0.403183 0.604809 0.586769 0.715967 0.492280 0.599296 0.600195 0.456300 0.476594 0.686708 0.700843 0.585900 0.608200 0.548161 0.411984 0.523638 0.385523 0.634129 0.595306 0.427572 0.312500 0.762000 0.861227 0.985369 0.608357 0.854766 0.861840 0.883080 0.959513 0.676313 0.620596 0.645082 0.725676 0.668397 0.548162 0.844136 0.685462 0.739481 0.795590 0.520065 0.606833 0.954812 0.991861 0.959833 0.693279 0.914479 0.648858 0.563834 0.767948 0.824742 0.978078
0.283168 0.193217 0.707582 0.782702 0.932132 0.949163 0.634574 0.543666 0.972279 0.633677 0.462268 0.351218 0.624379 0.644066 0.642668 0.589311 0.000000 0.197069 0.444528 0.352151 0.761445 0.809152 0.584800 0.782645 0.848318 0.894037 0.909356 0.902354 0.326871 0.299586 0.576952 0.531899 0.451716 0.438501 0.840593 0.764021 0.747440 0.673740 0.902036 0.824972 0.813136 0.619301 0.512747 0.501457 0.588282 0.539880 0.582223 0.445816 0.662195 0.684253 0.704033 0.757558 0.799212 0.891401 0.852494 0.946629 0.192761 0.238240 0.498160 0.529004 0.509242 0.539800 0.244888 0.242477 0.785715 0.716949 0.630319 0.505667 0.480637 0.369732 0.514724 0.543765 0.521752 0.569807 0.792249 0.675574 0.544976 0.437121 0.430868 0.523376 0.217918 0.426852 0.396140 0.540913 0.641303 0.728761 0.773473 0.778795 0.943235 0.833161 0.903483 0.911337 0.859873 0.986403 0.598457 0.712252 0.649519 0.643700 0.576254 0.544293 0.805537 0.686028 0.502287 0.597957 0.518620 0.506469 0.827569 0.850691 0.984948 0.711316 0.805617 0.592279 0.738858 0.764039 0.752873 0.992636
0.198983 0.191781 0.551311 0.603225 0.948422 0.819803 0.523815 0.447268 0.946234 0.641009 0.340843 0.257489 0.474465 0.425046 0.466721 0.446925 0.197069 0.000000 0.309885 0.220115 0.693102 0.760645 0.445483 0.587756 0.763393 0.730815 0.990922 0.874092 0.230584 0.184318 0.466798 0.448080 0.362569 0.308101 0.728504 0.824026 0.660098 0.676682 0.772129 0.797073 0.771493 0.715905 0.465167 0.429715 0.564423 0.501850 0.529865 0.389178 0.694332 0.671563 0.732197 0.751422 0.785720 0.904419 0.761519 0.881475 0.234907 0.252538 0.511330 0.490059 0.409063 0.458314 0.226976 0.241172 0.621499 0.539168 0.543478 0.394103 0.471530 0.367014 0.459775 0.507234 0.439512 0.475279 0.789195 0.592078 0.454931 0.425232 0.433450 0.387957 0.204602 0.257870 0.347597 0.442342 0.490172 0.534710 0.805776 0.902469 0.967186 0.668128 0.849972 0.851543 0.780372 0.931725 0.522373 0.686267 0.626132 0.661885 0.541908 0.502875 0.724547 0.629600 0.505128 0.589115 0.446775 0.484188 0.814216 0.890832 0.994370 0.728975 0.855395 0.537377 0.661776 0.663609 0.755275 0.978671
0.340477 0.414307 0.360806 0.356807 0.968531 0.630128 0.352905 0.365358 0.897613 0.538742 0.382307 0.394726 0.401077 0.377219 0.424575 0.351337 0.444528 0.309885 0.000000 0.256702 0.579110 0.710543 0.342896 0.413699 0.625111 0.582187 0.937298 0.871438 0.360744 0.315087 0.388515 0.374829 0.299156 0.261113 0.717587 0.678484 0.644369 0.810701 0.692939 0.838312 0.964341 0.766628 0.382432 0.374264 0.510340 0.469593 0.393648 0.361477 0.671499 0.630447 0.750682 0.715548 0.791167 0.941599 0.789340 0.824922 0.484105 0.513786 0.475425 0.515145 0.471930 0.547818 0.434752 0.528038 0.454772 0.421192 0.418957 0.436743 0.597706 0.447041 0.449390 0.464597 0.564168 0.547873 0.741099 0.674049 0.431129 0.490511 0.487704 0.408278 0.443319 0.357411 0.622853 0.576569 0.563643 0.468516 0.877073 0.946651 0.968367 0.651186 0.727736 0.729149 0.697378 0.764212 0.653603 0.540543 0.543628 0.654072 0.495801 0.405506 0.594114 0.572396 0.533891 0.540131 0.465148 0.527996 0.867248 0.859089 0.945807 0.818144 0.818162 0.569743 0.549512 0.624989 0.773706 0.960193
0.253895 0.317105 0.438950 0.454363 0.953414 0.720971 0.421253 0.339662 0.912955 0.523047 0.295873 0.368859 0.449194 0.404152 0.479528 0.460517 0.352151 0.220115 0.256702 0.000000 0.657199 0.722368 0.415632 0.528720 0.768648 0.682306 0.944204 0.857140 0.326460 0.279120 0.435439 0.386559 0.346585 0.294055 0.661910 0.747966 0.639245 0.726191 0.727591 0.849816 0.787133 0.759609 0.432798 0.410707 0.536028 0.516460 0.461936 0.409878 0.726273 0.697423 0.805854 0.800165 0.812230 0.986790 0.780055 0.827934 0.358901 0.387428 0.497186 0.525512 0.466828 0.500789 0.377419 0.401284 0.563029 0.486895 0.475857 0.417797 0.546794 0.409133 0.466356 0.479624 0.544434 0.558078 0.730773 0.681330 0.417947 0.500782 0.503354 0.395590 0.354894 0.295746 0.510048 0.557011 0.607640 0.541871 0.824620 0.957569 0.944934 0.600872 0.731296 0.717208 0.686607 0.785630 0.541055 0.584514 0.565025 0.639987 0.458673 0.438378 0.622031 0.537685 0.472627 0.512122 0.460753 0.501697 0.855365 0.872978 0.949878 0.762226 0.751836 0.559137 0.600784 0.665814 0.765382 0.952788
0.704367 0.762216 0.684693 0.618748 0.923918 0.817314 0.718228 0.778540 0.964320 0.909004 0.805930 0.756236 0.770082 0.679591 0.710781 0.691101 0.761445 0.693102 0.579110 0.657199 0.000000 0.819424 0.650332 0.631555 0.665055 0.706979 0.813489 0.839013 0.807702 0.691601 0.636709 0.655467 0.666096 0.596469 0.811893 0.903937 0.716129 0.868172 0.669858 0.881421 0.934182 0.895353 0.709518 0.714957 0.799446 0.778355 0.603179 0.659993 0.900423 0.899110 0.918981 0.911626 0.949354 0.924094 0.922617 0.928438 0.754723 0.813674 0.747924 0.743958 0.772301 0.859057 0.721919 0.833152 0.649125 0.688355 0.690657 0.715635 0.867701 0.703946 0.834979 0.820314 0.715580 0.772730 0.751118 0.769200 0.817784 0.800693 0.752360 0.706090 0.785728 0.683849 0.737990 0.685791 0.736105 0.640389 0.919096 0.940839 0.941158 0.795590 0.980186 0.944906 0.908808 0.970147 0.975004 0.664137 0.833078 0.934552 0.871247 0.734066 0.946804 0.978181 0.753868 0.782526 0.911363 0.840562 0.965525 0.959494 0.931744 0.907242 0.898873 0.870259 0.884528 0.799684 0.865630 0.899665
0.831676 0.827798 0.797162 0.729360 0.940503 0.795751 0.810211 0.802682 0.899948 0.874543 0.878887 0.821032 0.889944 0.734671 0.712214 0.665242 0.809152 0.760645 0.710543 0.722368 0.819424 0.000000 0.769971 0.705268 0.803452 0.830879 0.853610 0.814680 0.804507 0.769724 0.697820 0.682369 0.725263 0.715622 0.724849 0.814146 0.944482 0.643035 0.939943 0.962294 0.943438 0.998998 0.753430 0.763319 0.844164 0.838442 0.868144 0.788457 0.917601 0.903015 0.971904 0.911712 0.934074 0.964290 0.917398 0.923580 0.903611 0.894656 0.854310 0.943208 0.939531 0.974307 0.883177 0.926355 0.821290 0.775179 0.791204 0.813245 0.949781 0.813222 0.747451 0.781791 0.810240 0.783388 0.942864 0.941809 0.873429 0.813662 0.901122 0.763578 0.848373 0.824468 0.866224 0.919189 0.898187 0.799177 0.933366 0.991224 0.986665 0.953963 0.822280 0.887465 0.857206 0.862276 0.878789 0.831524 0.952085 0.773848 0.837070 0.798735 0.859998 0.831508 0.808204 0.696265 0.806891 0.849554 0.964314 0.987069 0.924929 0.834933 0.992516 0.893631 0.862349 0.772235 0.959868 0.888363
0.474517 0.597928 0.316996 0.341101 0.927173 0.592171 0.274838 0.365776 0.775502 0.482226 0.592361 0.430838 0.400455 0.458762 0.321559 0.310262 0.584800 0.445483 0.342896 0.415632 0.650332 0.769971 0.000000 0.307266 0.586982 0.445152 0.929565 0.969424 0.517100 0.369776 0.275234 0.284530 0.248023 0.245733 0.589844 0.815165 0.640672 0.900418 0.649390 0.820323 0.975798 0.885691 0.290481 0.279822 0.411906 0.359165 0.337843 0.311629 0.597775 0.564194 0.610022 0.526750 0.613623 0.761858 0.586942 0.637925 0.689477 0.713708 0.507642 0.533728 0.388241 0.503107 0.522712 0.582883 0.337105 0.339329 0.327973 0.363896 0.781406 0.510487 0.399610 0.422586 0.480282 0.424536 0.739020 0.694870 0.393285 0.620702 0.436228 0.429023 0.498606 0.408902 0.581675 0.613653 0.455842 0.392235 0.991147 0.947615 0.963708 0.695295 0.633704 0.695436 0.661176 0.785163 0.564806 0.588566 0.396191 0.678237 0.461647 0.399680 0.634550 0.588320 0.594331 0.628406 0.384583 0.428553 0.692211 0.853799 0.857281 0.758198 0.724692 0.511851 0.468412 0.723147 0.651411 0.926581
0.625584 0.761105 0.375543 0.349525 0.979605 0.592982 0.458528 0.529580 0.911010 0.699365 0.676402 0.556231 0.474955 0.445846 0.366982 0.349348 0.782645 0.587756 0.413699 0.528720 0.631555 0.705268 0.307266 0.000000 0.538504 0.437797 0.883353 0.998211 0.647630 0.482083 0.416790 0.402477 0.432615 0.401861 0.720667 0.943321 0.756295 0.887794 0.587256 0.854856 0.991257 0.924198 0.513280 0.511006 0.681631 0.642110 0.513217 0.511142 0.830441 0.770464 0.845923 0.757480 0.869687 0.929070 0.772359 0.714864 0.875356 0.920826 0.751557 0.757968 0.594894 0.727829 0.769195 0.821889 0.402581 0.378049 0.510603 0.569626 0.871901 0.694217 0.613238 0.624063 0.515988 0.518441 0.806580 0.761266 0.608550 0.706628 0.594956 0.519196 0.663619 0.475729 0.757505 0.681660 0.507813 0.381436 0.988613 0.801827 0.977520 0.717929 0.736211 0.742296 0.758553 0.828320 0.706819 0.758531 0.601457 0.695421 0.688156 0.590940 0.717730 0.808566 0.762984 0.840443 0.675704 0.693558 0.855871 0.947429 0.911644 0.793786 0.892766 0.700899 0.613993 0.690887 0.915417 0.981221
0.763758 0.917787 0.615722 0.700556 0.840295 0.745285 0.749034 0.924246 0.962590 0.902485 0.908300 0.808272 0.759725 0.684752 0.615645 0.588001 0.848318 0.763393 0.625111 0.768648 0.665055 0.803452 0.586982 0.538504 0.000000 0.437328 0.697285 0.794931 0.793333 0.723586 0.496244 0.521851 0.630307 0.660910 0.597678 0.991543 0.693651 0.791610 0.553958 0.741831 0.996370 0.911852 0.724406 0.700637 0.813912 0.782925 0.654206 0.638952 0.979327 0.954062 0.913121 0.903414 0.970688 0.905448 0.782109 0.882175 0.950961 0.991390 0.855321 0.875420 0.794043 0.950658 0.858635 0.961078 0.503843 0.644480 0.673469 0.763016 0.783941 0.780214 0.938185 0.920519 0.533404 0.640515 0.721176 0.965651 0.804000 0.923852 0.763155 0.663909 0.819470 0.709990 0.719096 0.872881 0.529847 0.476258 0.893779 0.938064 0.886858 0.808319 0.836305 0.804481 0.865152 0.877280 0.995433 0.887847 0.807177 0.973155 0.999366 0.978837 0.893551 0.970806 0.988874 0.935146 0.834980 0.886663 0.938237 0.999450 0.975291 0.909262 0.931586 0.957710 0.960640 0.865742 0.869408 0.935364
0.739097 0.870841 0.391397 0.418520 0.897603 0.491061 0.488662 0.659928 0.856420 0.839970 0.852202 0.769268 0.629486 0.622059 0.577871 0.544211 0.894037 0.730815 0.582187 0.682306 0.706979 0.830879 0.445152 0.437797 0.437328 0.000000 0.719263 0.833633 0.834017 0.696824 0.383506 0.475831 0.483113 0.492118 0.591712 0.821468 0.729869 0.830857 0.513907 0.681286 0.968093 0.839182 0.522858 0.483193 0.644770 0.661592 0.570166 0.530460 0.861158 0.748999 0.714583 0.678036 0.733235 0.834704 0.717584 0.751542 0.985215 0.982600 0.735626 0.759578 0.698397 0.830466 0.852465 0.944741 0.376468 0.436438 0.445420 0.530134 0.929563 0.736698 0.686857 0.533851 0.579833 0.488996 0.787750 0.885808 0.650711 0.840143 0.677409 0.565495 0.828284 0.598700 0.787630 0.838336 0.551331 0.393624 0.939355 0.813080 0.894514 0.658164 0.757191 0.760393 0.767632 0.661240 0.779400 0.813200 0.616486 0.814269 0.706304 0.704191 0.824497 0.678961 0.785784 0.771938 0.547103 0.735596 0.760920 0.878182 0.949724 0.790919 0.931929 0.821337 0.651710 0.808878 0.840389 0.922541
0.948861 0.872169 0.899234 0.881520 0.972838 0.765930 0.998572 0.865347 0.888434 0.906847 0.933351 0.992972 0.865595 0.958321 0.807270 0.859140 0.909356 0.990922 0.937298 0.944204 0.813489 0.853610 0.929565 0.883353 0.697285 0.719263 0.000000 0.772708 0.988865 0.945851 0.920983 0.960572 0.990509 0.985288 0.988376 0.777240 0.891864 0.898673 0.848438 0.917721 0.867994 0.966707 0.990966 0.990424 0.912723 0.938307 0.960636 0.965891 0.974232 0.982456 0.954777 0.977663 0.969787 0.925026 0.922329 0.919094 0.826782 0.809165 0.947893 0.955294 0.973598 0.888702 0.895806 0.813065 0.759869 0.852156 0.980110 0.911899 0.990673 0.960264 0.790991 0.862154 0.962825 0.955437 0.834328 0.930157 0.962585 0.899869 0.926327 0.885928 0.938756 0.868416 0.959730 0.994123 0.677865 0.674785 0.989789 0.722025 0.839119 0.855820 0.879344 0.977828 0.892234 0.956201 0.851448 0.995923 0.867117 0.726760 0.823816 0.890614 0.813459 0.957534 0.730564 0.853100 0.930289 0.768444 0.875092 0.801105 0.866124 0.941505 0.785908 0.936332 0.893595 0.997516 0.899251 0.935744
0.925219 0.932642 0.925430 0.989522 0.945714 0.648872 0.923170 0.859549 0.902341 0.848180 0.997895 0.928173 0.974534 0.905735 0.830062 0.771802 0.902354 0.874092 0.871438 0.857140 0.839013 0.814680 0.969424 0.998211 0.794931 0.833633 0.772708 0.000000 0.922345 0.917602 0.974007 0.945342 0.920046 0.909981 0.870803 0.909205 0.948811 0.987177 0.948477 0.995782 0.971180 0.972528 0.993279 0.933586 0.869918 0.939157 0.950303 0.993175 0.890516 0.989224 0.932311 0.972299 0.984309 0.963859 0.954315 0.820176 0.897649 0.905182 0.968246 0.980324 0.916207 0.825385 0.923243 0.979286 0.972222 0.875102 0.937668 0.921323 0.878735 0.915923 0.998818 0.921425 0.946887 0.899154 0.846538 0.898371 0.959584 0.927876 0.962315 0.888924 0.931851 0.921548 0.948702 0.980859 0.902645 0.822407 0.777206 0.899127 0.723263 0.892408 0.887575 0.906882 0.852609 0.920923 0.919259 0.773693 0.941056 0.999433 0.969900 0.997540 0.685177 0.926464 0.959565 0.905624 0.992666 0.940542 0.835597 0.699001 0.827236 0.939124 0.900396 0.917745 0.918851 0.949593 0.923482 0.986299
0.251749 0.293538 0.666714 0.670082 0.946402 0.880143 0.657346 0.546251 0.901771 0.712390 0.387023 0.260713 0.465313 0.364383 0.469624 0.414313 0.326871 0.230584 0.360744 0.326460 0.807702 0.804507 0.517100 0.647630 0.793333 0.834017 0.988865 0.922345 0.000000 0.222058 0.569499 0.496145 0.489574 0.415284 0.812587 0.895691 0.650699 0.779985 0.874065 0.889569 0.800981 0.776903 0.612723 0.585158 0.730838 0.627298 0.610017 0.507533 0.761759 0.775614 0.854400 0.845152 0.893237 0.974844 0.706982 0.853204 0.371040 0.370753 0.633851 0.556703 0.456729 0.480739 0.310300 0.316859 0.691941 0.584522 0.696097 0.579762 0.465075 0.383753 0.569221 0.641775 0.489231 0.608168 0.732515 0.760252 0.516479 0.445107 0.618332 0.461478 0.270713 0.311003 0.433472 0.439971 0.508814 0.546050 0.768565 0.990518 0.980375 0.562282 0.994840 0.955822 0.934588 0.977252 0.579549 0.726389 0.705986 0.774379 0.679241 0.628859 0.757679 0.715062 0.671737 0.691117 0.568242 0.606412 0.994874 0.990136 0.961531 0.666901 0.856252 0.607144 0.724215 0.686578 0.810063 0.929860
0.251568 0.267423 0.544129 0.588737 0.955968 0.817527 0.533555 0.483201 0.909796 0.643432 0.360979 0.252917 0.410360 0.375731 0.404749 0.369050 0.299586 0.184318 0.315087 0.279120 0.691601 0.769724 0.369776 0.482083 0.723586 0.696824 0.945851 0.917602 0.222058 0.000000 0.421530 0.397015 0.338901 0.322030 0.720860 0.809972 0.623241 0.742432 0.692927 0.885940 0.803616 0.762899 0.475810 0.432342 0.595556 0.522405 0.522338 0.404999 0.736607 0.691649 0.780788 0.754945 0.820916 0.927336 0.707527 0.825886 0.350397 0.351027 0.612717 0.535917 0.403676 0.458960 0.291972 0.289714 0.600779 0.517383 0.561855 0.438123 0.456222 0.369899 0.456626 0.500930 0.373494 0.398002 0.770134 0.621247 0.463485 0.441777 0.493141 0.403944 0.259098 0.253373 0.394844 0.378083 0.511006 0.518137 0.843558 0.962001 0.962975 0.640023 0.886715 0.915678 0.867476 0.979609 0.501345 0.656612 0.541759 0.654046 0.576256 0.512281 0.703720 0.629612 0.543416 0.677459 0.512463 0.495351 0.870998 0.947583 0.960732 0.697497 0.794242 0.565109 0.633336 0.676872 0.793363 0.944609
0.461746 0.556043 0.296315 0.350957 0.995625 0.685270 0.307980 0.414688 0.746769 0.610463 0.560931 0.539812 0.555280 0.534701 0.436834 0.489895 0.576952 0.466798 0.388515 0.435439 0.636709 0.697820 0.275234 0.416790 0.496244 0.383506 0.920983 0.974007 0.569499 0.421530 0.000000 0.277266 0.245597 0.275087 0.490159 0.675403 0.586011 0.683911 0.572229 0.729559 0.929894 0.842887 0.297883 0.276495 0.338544 0.338075 0.331027 0.319941 0.587668 0.607984 0.571799 0.553258 0.606761 0.804529 0.643401 0.694488 0.652403 0.678658 0.514788 0.521937 0.433332 0.531835 0.530805 0.596079 0.377749 0.380060 0.272160 0.304408 0.782578 0.533841 0.388305 0.400036 0.418683 0.384117 0.694331 0.744612 0.397599 0.620023 0.472300 0.420789 0.534004 0.518605 0.543133 0.639156 0.606023 0.505965 0.931779 0.899251 0.958620 0.658071 0.722558 0.819143 0.740634 0.791678 0.644188 0.649711 0.405982 0.720709 0.464532 0.481876 0.626439 0.589716 0.579247 0.576696 0.428113 0.486798 0.672089 0.724091 0.928483 0.807624 0.665757 0.595285 0.506467 0.636763 0.549214 0.940417
0.462647 0.580185 0.396776 0.430464 0.921716 0.717254 0.438381 0.464184 0.894187 0.615329 0.598433 0.492489 0.555953 0.510769 0.376770 0.443976 0.531899 0.448080 0.374829 0.386559 0.655467 0.682369 0.284530 0.402477 0.521851 0.475831 0.960572 0.945342 0.496145 0.397015 0.277266 0.000000 0.310507 0.362484 0.560336 0.782548 0.623938 0.825955 0.588796 0.869147 0.914064 0.770084 0.445416 0.448284 0.533722 0.566396 0.476026 0.443643 0.760162 0.839545 0.851427 0.829672 0.902440 0.942705 0.718539 0.774175 0.632816 0.713833 0.658011 0.719306 0.560268 0.678228 0.584738 0.637272 0.492663 0.501054 0.462798 0.517697 0.688608 0.540255 0.536013 0.538835 0.469874 0.496268 0.689153 0.854251 0.556711 0.599669 0.556261 0.513729 0.509825 0.454761 0.619573 0.693226 0.590382 0.525290 0.998741 0.938796 0.970551 0.734714 0.812389 0.876396 0.812302 0.892858 0.697815 0.702641 0.477745 0.698646 0.586582 0.572420 0.731342 0.703370 0.621887 0.615190 0.565982 0.612328 0.851792 0.859266 0.998037 0.727686 0.724706 0.643181 0.606780 0.743420 0.691994 0.899435
0.388102 0.454362 0.350150 0.368570 0.990980 0.622519 0.290665 0.339079 0.814943 0.506940 0.515028 0.447628 0.474274 0.494511 0.422393 0.393715 0.451716 0.362569 0.299156 0.346585 0.666096 0.725263 0.248023 0.432615 0.630307 0.483113 0.990509 0.920046 0.489574 0.338901 0.245597 0.310507 0.000000 0.223041 0.596175 0.645869 0.596150 0.722768 0.670853 0.796501 0.935224 0.764716 0.252574 0.220822 0.336817 0.324039 0.322678 0.286922 0.582399 0.541674 0.554879 0.511441 0.594850 0.747346 0.640561 0.641926 0.534179 0.539974 0.451838 0.460728 0.398233 0.441771 0.429047 0.501729 0.372025 0.355894 0.272172 0.285932 0.738082 0.434166 0.319202 0.347112 0.472872 0.387913 0.790779 0.660875 0.336623 0.570959 0.401118 0.414661 0.444611 0.412709 0.550597 0.596706 0.515418 0.451385 0.946132 0.916199 0.975709 0.704330 0.580993 0.659199 0.598061 0.717574 0.610632 0.584909 0.397584 0.596959 0.366596 0.355058 0.534873 0.477601 0.532829 0.533667 0.331261 0.372248 0.705727 0.706745 0.953281 0.717003 0.669520 0.513814 0.440323 0.658461 0.583766 0.867827
0.344029 0.408329 0.305486 0.319734 0.994415 0.564018 0.244769 0.292389 0.733427 0.453392 0.467634 0.404996 0.457479 0.476346 0.453753 0.361708 0.438501 0.308101 0.261113 0.294055 0.596469 0.715622 0.245733 0.401861 0.660910 0.492118 0.985288 0.909981 0.415284 0.322030 0.275087 0.362484 0.223041 0.000000 0.541943 0.684907 0.593263 0.700040 0.697152 0.816277 0.913429 0.812013 0.257838 0.223503 0.341715 0.316530 0.334514 0.291890 0.523192 0.494627 0.539456 0.511502 0.583721 0.748743 0.642120 0.677981 0.502540 0.516547 0.395282 0.430034 0.376058 0.442636 0.388112 0.452617 0.396131 0.350937 0.268097 0.259310 0.724333 0.412792 0.337467 0.366132 0.533787 0.459278 0.772919 0.664664 0.350961 0.511983 0.406739 0.338966 0.396785 0.372198 0.556922 0.563741 0.515739 0.449704 0.817213 0.889166 0.997668 0.677753 0.605510 0.602771 0.590893 0.661431 0.504510 0.554092 0.442491 0.600963 0.366078 0.351170 0.580770 0.519081 0.487961 0.490967 0.318551 0.381154 0.682885 0.694749 0.939055 0.732389 0.687763 0.464779 0.455433 0.576765 0.601173 0.946539
0.701624 0.808090 0.546358 0.600972 0.946514 0.694306 0.515410 0.643345 0.800030 0.751384 0.798500 0.847364 0.790242 0.891213 0.787676 0.812285 0.840593 0.728504 0.717587 0.661910 0.811893 0.724849 0.589844 0.720667 0.597678 0.591712 0.988376 0.870803 0.812587 0.720860 0.490159 0.560336 0.596175 0.541943 0.000000 0.774576 0.613186 0.689758 0.700604 0.784454 0.989900 0.955857 0.539361 0.542150 0.484285 0.567488 0.656096 0.569114 0.742421 0.690063 0.670460 0.657226 0.718023 0.815137 0.737459 0.738970 0.812885 0.804664 0.664210 0.649239 0.678222 0.772444 0.716499 0.758103 0.675736 0.682575 0.479915 0.504655 0.825002 0.773932 0.607506 0.605806 0.728676 0.620930 0.923545 0.901934 0.675746 0.764403 0.694250 0.650165 0.727778 0.757696 0.909565 0.973227 0.810022 0.788294 0.858027 0.799045 0.945932 0.852099 0.713680 0.808460 0.705384 0.689091 0.682706 0.807708 0.626310 0.822094 0.563152 0.692884 0.752887 0.781435 0.727107 0.653179 0.602652 0.612765 0.739874 0.706183 0.769485 0.831262 0.653482 0.666826 0.776536 0.771932 0.803709 0.741989
0.832197 0.731428 0.707634 0.677589 0.947908 0.905375 0.604418 0.633111 0.762045 0.578172 0.863755 0.986014 0.948814 0.961645 0.978738 0.961988 0.764021 0.824026 0.678484 0.747966 0.903937 0.814146 0.815165 0.943321 0.991543 0.821468 0.777240 0.909205 0.895691 0.809972 0.675403 0.782548 0.645869 0.684907 0.774576 0.000000 0.831270 0.566210 0.896505 0.972673 0.947624 0.870921 0.591728 0.586236 0.520454 0.649084 0.657217 0.659193 0.670795 0.669734 0.701921 0.720106 0.804198 0.841278 0.874306 0.952798 0.730744 0.721588 0.641964 0.739788 0.898427 0.809686 0.813330 0.784528 0.852961 0.832793 0.514429 0.579261 0.914139 0.749651 0.490159 0.480349 0.944787 0.802474 0.990782 0.988100 0.596115 0.679652 0.719411 0.885162 0.809748 0.902650 0.947282 0.856194 0.890949 0.984279 0.849272 0.895345 0.960318 0.925548 0.583951 0.618131 0.589450 0.601703 0.851161 0.658882 0.670023 0.624431 0.509786 0.532671 0.594714 0.564821 0.604146 0.585441 0.690265 0.667553 0.659127 0.633475 0.915125 0.922239 0.675026 0.722509 0.679960 0.704789 0.687602 0.780700
0.549379 0.708486 0.639235 0.663633 0.760018 0.946732 0.660752 0.700030 0.944593 0.871466 0.667639 0.705852 0.719292 0.724560 0.778915 0.741305 0.747440 0.660098 0.644369 0.639245 0.716129 0.944482 0.640672 0.756295 0.693651 0.729869 0.891864 0.948811 0.650699 0.623241 0.586011 0.623938 0.596150 0.593263 0.613186 0.831270 0.000000 0.761399 0.684474 0.814267 0.906132 0.926600 0.710900 0.664612 0.682938 0.681296 0.627165 0.616504 0.872619 0.791850 0.801157 0.833842 0.866921 0.970916 0.793377 0.882160 0.720832 0.734905 0.679235 0.682668 0.641643 0.670708 0.660894 0.710549 0.669590 0.672144 0.625130 0.578500 0.785227 0.711670 0.663561 0.740600 0.700116 0.689094 0.860779 0.894317 0.568367 0.762997 0.740256 0.766071 0.688116 0.708017 0.832127 0.842848 0.775636 0.756593 0.935230 0.760486 0.967782 0.737428 0.944618 0.893645 0.870150 0.900641 0.767750 0.731331 0.757629 0.908270 0.711384 0.737401 0.944104 0.819618 0.629668 0.732055 0.602547 0.666942 0.960481 0.812321 0.962269 0.786146 0.829751 0.694332 0.766130 0.866436 0.765342 0.775608
0.711994 0.643342 0.756521 0.822487 0.942624 0.977522 0.778666 0.818090 0.931510 0.924447 0.819391 0.866065 0.919037 0.935609 0.993567 0.922343 0.673740 0.676682 0.810701 0.726191 0.868172 0.643035 0.900418 0.887794 0.791610 0.830857 0.898673 0.987177 0.779985 0.742432 0.683911 0.825955 0.722768 0.700040 0.689758 0.566210 0.761399 0.000000 0.744453 0.891070 0.803276 0.992046 0.690012 0.654456 0.608541 0.658949 0.710393 0.684741 0.761646 0.666764 0.641288 0.702786 0.738921 0.771829 0.815268 0.848571 0.636284 0.625838 0.736149 0.702026 0.778532 0.811263 0.653992 0.680772 0.808724 0.794999 0.637984 0.563849 0.854851 0.711872 0.638548 0.688079 0.735954 0.671478 0.973519 0.987237 0.812745 0.687672 0.828111 0.838729 0.723527 0.828215 0.776323 0.914635 0.875341 0.872424 0.850783 0.904755 0.998384 0.953128 0.871988 0.851662 0.840559 0.843951 0.846118 0.805428 0.879445 0.794468 0.747589 0.779857 0.835404 0.726775 0.703690 0.768965 0.771712 0.680899 0.816632 0.774674 0.917357 0.913805 0.700276 0.771147 0.869953 0.732583 0.763648 0.776188
