0.000000 0.530251 0.645087 0.644849 0.939237 0.867605 0.529915 0.466876 0.807030 0.551646 0.567443 0.516150 0.566042 0.737771 0.942922 0.989892 0.513181 0.503778 0.516732 0.624852 0.927082 0.998225 0.882889 0.663608 0.861123 0.955677 0.864199 0.947114 0.767425 0.689736 0.993398 0.847867 0.568208 0.515717 0.750966 0.953017 0.996167 0.774748 0.843785 0.873817 0.802310 0.973421 0.709682 0.707676 0.769316 0.633395 0.623501 0.695574 0.824340 0.956296 0.963762 0.773521 0.837689 0.820721 0.735290 0.713025 0.552873 0.656089 0.597490 0.764327 0.418978 0.464310 0.443484 0.403224 0.880815 0.702796 0.739851 0.782949 0.779153 0.720317 0.931910 0.951176 0.991743 0.931161 0.971827 0.965667 0.714360 0.754394 0.704871 0.888158 0.519431 0.552439 0.930854 0.771548 0.839488 0.887910 0.816672 0.821835 0.828232 0.727690 0.748098 0.989759 0.790470 0.990329 0.776754 0.814498 0.768917 0.905485 0.578394 0.691037 0.811671 0.999985 0.691998 0.673096 0.950998 0.771401 0.927837 0.893746 0.863940 0.972816 0.870819 0.722111 0.903873 0.840194 0.888752 0.994289
0.530251 0.000000 0.891963 0.788929 0.893790 0.850534 0.832489 0.638403 0.959077 0.780220 0.790474 0.570076 0.658536 0.620532 0.858958 0.744874 0.559245 0.563233 0.654180 0.759679 0.997243 0.980685 0.967625 0.872092 0.942001 0.989474 0.989212 0.944566 0.767354 0.589278 0.950728 0.965050 0.618812 0.672741 0.862660 0.975283 0.950007 0.876941 0.929220 0.935920 0.866274 0.957948 0.736910 0.675801 0.745285 0.665398 0.717553 0.666729 0.740121 0.907849 0.989206 0.909878 0.967984 0.967121 0.792457 0.923643 0.587765 0.571965 0.704084 0.814923 0.649305 0.589517 0.623792 0.539509 0.925702 0.776313 0.926570 0.866943 0.821454 0.650591 0.920662 0.910333 0.919881 0.994292 0.991405 0.935795 0.858906 0.803351 0.745585 0.985176 0.606289 0.661346 0.974002 0.747863 0.933196 0.895682 0.999797 0.918115 0.915221 0.863019 0.971421 0.867807 0.980639 0.834357 0.816307 0.840322 0.835724 0.902587 0.736795 0.807102 0.889391 0.922692 0.802327 0.735536 0.996489 0.805032 0.981743 0.919027 0.977168 0.918379 0.975207 0.791620 0.842427 0.882477 0.891154 0.995971
0.645087 0.891963 0.000000 0.442411 0.920079 0.994179 0.345877 0.488804 0.702265 0.532476 0.693791 0.881141 0.903448 0.800210 0.690982 0.606221 0.833526 0.720165 0.725075 0.750775 0.879599 0.950195 0.922857 0.848416 0.950851 0.997223 0.903170 0.908981 0.929821 0.990327 0.957636 0.923704 0.568604 0.576937 0.676044 0.867747 0.976173 0.876850 0.894140 0.794651 0.861499 0.810909 0.726669 0.769069 0.753469 0.760004 0.760213 0.794962 0.998288 0.954072 0.964427 0.916159 0.832334 0.788822 0.803123 0.744070 0.793717 0.943448 0.602593 0.698481 0.508866 0.680295 0.675404 0.694200 0.568353 0.655728 0.491289 0.554283 0.970898 0.848051 0.927754 0.954039 0.956124 0.998576 0.937515 0.945361 0.687900 0.931081 0.914953 0.901964 0.659924 0.625039 0.908760 0.811359 0.671601 0.806856 0.804778 0.850290 0.803766 0.669418 0.589771 0.691219 0.491420 0.704591 0.773467 0.728389 0.633296 0.795577 0.546883 0.557811 0.749984 0.893458 0.726112 0.728940 0.763904 0.563125 0.881750 0.817618 0.856307 0.901208 0.706431 0.743151 0.874681 0.871172 0.977395 0.976587
0.644849 0.788929 0.442411 0.000000 0.980445 0.849928 0.490280 0.388442 0.859244 0.617666 0.644865 0.730773 0.929878 0.970748 0.619869 0.756426 0.913609 0.729228 0.788844 0.776608 0.871323 0.899746 0.999078 0.900429 0.924026 0.919101 0.968153 0.957908 0.952237 0.972086 0.887931 0.891040 0.621567 0.498627 0.611149 0.839512 0.957997 0.993034 0.750323 0.682722 0.779716 0.832242 0.669060 0.671869 0.745264 0.707533 0.682692 0.651119 0.987707 0.878628 0.945998 0.875186 0.766925 0.776892 0.859571 0.690336 0.931917 0.982890 0.679992 0.669163 0.570822 0.561036 0.743108 0.699269 0.592788 0.456578 0.407420 0.422597 0.822155 0.801123 0.741714 0.753830 0.993738 0.927682 0.988288 0.933902 0.696325 0.860094 0.833939 0.960972 0.684265 0.672741 0.832246 0.876742 0.848361 0.771469 0.781242 0.680989 0.961170 0.651680 0.649500 0.808034 0.531101 0.748569 0.728592 0.675565 0.632035 0.775887 0.496145 0.690452 0.753347 0.904177 0.673095 0.656997 0.736792 0.630243 0.830037 0.816653 0.800819 0.886814 0.714290 0.722714 0.979662 0.805236 0.971183 0.953678
0.939237 0.893790 0.920079 0.980445 0.000000 0.973083 0.903050 0.931034 0.738291 0.976520 0.810443 0.853144 0.932487 0.976804 0.691280 0.914363 0.903188 0.955312 0.881849 0.859260 0.956758 0.924757 0.573928 0.687294 0.922809 0.910145 0.941985 0.835296 0.869984 0.844340 0.825711 0.811526 0.983652 0.934128 0.875273 0.968484 0.991342 0.847940 0.898882 0.910696 0.986966 0.884552 0.748948 0.747080 0.948077 0.879474 0.874343 0.835225 0.927508 0.938002 0.926478 0.775697 0.764726 0.756437 0.885785 0.969570 0.924224 0.798136 0.843766 0.946115 0.906935 0.977043 0.940993 0.974644 0.695128 0.915017 0.872829 0.868006 0.911723 0.977944 0.966231 0.939770 0.735490 0.809760 0.990851 0.978156 0.925384 0.788611 0.872203 0.929888 0.900324 0.853973 0.783976 0.807848 0.640373 0.654654 0.804442 0.734810 0.796250 0.805386 0.938708 0.909787 0.972374 0.955060 0.923792 0.983471 0.910770 0.859929 0.952035 0.919686 0.927325 0.871511 0.769882 0.869596 0.902561 0.918248 0.927092 0.950341 0.862660 0.942557 0.938884 0.921772 0.994321 0.994840 0.925823 0.840869
0.867605 0.850534 0.994179 0.849928 0.973083 0.000000 0.971116 0.794507 0.945337 0.911444 0.868100 0.739658 0.786160 0.884224 0.982500 0.773390 0.973367 0.997777 0.944088 0.918955 0.993165 0.830791 0.870545 0.878179 0.915626 0.989443 0.835974 0.830870 0.948321 0.993306 0.925956 0.825024 0.961984 0.976507 0.868234 0.950238 0.997471 0.817542 0.947110 0.904425 0.805346 0.955811 0.908417 0.886186 0.861085 0.866920 0.990639 0.933019 0.851442 0.825761 0.877285 0.770703 0.968441 0.991606 0.916623 0.939961 0.941099 0.961409 0.989678 0.973698 0.852863 0.773183 0.954830 0.979239 0.930640 0.796031 0.989386 0.958291 0.920144 0.856194 0.744693 0.764352 0.984572 0.965332 0.976762 0.940960 0.860460 0.881140 0.957723 0.968546 0.992908 0.916716 0.711571 0.806520 0.801965 0.981540 0.857271 0.709187 0.933754 0.996750 0.866468 0.930459 0.787757 0.922505 0.883629 0.853577 0.943368 0.986378 0.849486 0.983740 0.954502 0.842731 0.940832 0.925450 0.882522 0.889340 0.855136 0.921552 0.944247 0.983601 0.876057 0.965664 0.941972 0.895786 0.826273 0.833102
0.529915 0.832489 0.345877 0.490280 0.903050 0.971116 0.000000 0.462060 0.611952 0.472412 0.677147 0.785311 0.712806 0.888068 0.771508 0.673242 0.737422 0.635298 0.613568 0.660562 0.986005 0.995463 0.928678 0.784191 0.917890 0.901126 0.852867 0.790337 0.932746 0.903430 0.985532 0.837729 0.523408 0.543965 0.680392 0.915325 0.971853 0.809439 0.901127 0.887108 0.795475 0.893518 0.769193 0.805282 0.791924 0.713858 0.818686 0.810549 0.989076 0.997150 0.979609 0.919995 0.798189 0.777846 0.799645 0.745378 0.741698 0.827552 0.576504 0.650202 0.366696 0.572264 0.529364 0.564536 0.630441 0.647731 0.560536 0.646007 0.911088 0.854063 0.969204 0.932308 0.980196 0.985856 0.962431 0.954847 0.720608 0.956562 0.840234 0.858593 0.577472 0.555919 0.925346 0.788819 0.637771 0.851458 0.819632 0.842953 0.779876 0.721694 0.525310 0.648055 0.509251 0.746031 0.730039 0.798010 0.603700 0.799612 0.485786 0.537490 0.828132 0.846174 0.728065 0.673562 0.779392 0.635484 0.895190 0.822555 0.797843 0.893584 0.683243 0.733300 0.900542 0.849170 0.941647 0.971652
0.466876 0.638403 0.488804 0.388442 0.931034 0.794507 0.462060 0.000000 0.835322 0.464163 0.498502 0.476639 0.665098 0.880604 0.674910 0.858916 0.743091 0.643526 0.648253 0.624464 0.930498 0.975005 0.843212 0.696435 0.808754 0.882631 0.867537 0.853295 0.924471 0.841140 0.954486 0.788538 0.620790 0.419352 0.710729 0.931622 0.996270 0.836030 0.742103 0.682725 0.836459 0.910956 0.682662 0.713275 0.861733 0.744619 0.674367 0.680489 0.941202 0.799109 0.887295 0.731402 0.615447 0.583264 0.737947 0.711156 0.840590 0.809797 0.502579 0.514313 0.412240 0.347789 0.628590 0.507367 0.781325 0.431021 0.528731 0.486118 0.977015 0.686701 0.830781 0.853161 0.948802 0.957600 0.981313 0.987507 0.577141 0.790521 0.814058 0.904871 0.661748 0.693085 0.706761 0.924572 0.980445 0.949977 0.700847 0.563620 0.887877 0.695433 0.718666 0.946732 0.628516 0.953711 0.770670 0.760482 0.572261 0.754856 0.449038 0.678972 0.678063 0.955566 0.606935 0.674408 0.770887 0.617203 0.907331 0.838964 0.804127 0.896888 0.705353 0.783709 0.928135 0.769496 0.983589 0.973197
0.807030 0.959077 0.702265 0.859244 0.738291 0.945337 0.611952 0.835322 0.000000 0.654597 0.900684 0.999554 0.728513 0.872872 0.872876 0.939609 0.860021 0.865809 0.846945 0.896165 0.970604 0.999134 0.692028 0.988474 0.886554 0.923902 0.897802 0.900540 0.845045 0.935197 0.938195 0.983705 0.818138 0.893936 0.882888 0.869422 0.952571 0.789958 0.911342 0.814515 0.886006 0.951996 0.891466 0.836935 0.993756 0.976425 0.930810 0.876682 0.980784 0.989436 0.996704 0.945568 0.892196 0.935524 0.974352 0.950127 0.797477 0.807359 0.917329 0.907575 0.631808 0.834102 0.677083 0.738504 0.649493 0.919062 0.964119 0.877567 0.808996 0.930301 0.914593 0.845085 0.969226 0.925485 0.842911 0.914464 0.932790 0.987237 0.810050 0.924959 0.760763 0.749651 0.792365 0.774901 0.603221 0.753403 0.873965 0.859039 0.847311 0.750553 0.798184 0.778148 0.793626 0.843500 0.926573 0.889477 0.794079 0.967481 0.874483 0.654471 0.941407 0.902662 0.971099 0.848680 0.788054 0.900653 0.996688 0.976371 0.861216 0.910953 0.829551 0.989733 0.958431 0.825419 0.979226 0.819325
0.551646 0.780220 0.532476 0.617666 0.976520 0.911444 0.472412 0.464163 0.654597 0.000000 0.562991 0.669411 0.696929 0.974804 0.807506 0.822390 0.749363 0.672718 0.547526 0.579328 0.879899 0.980236 0.955330 0.763995 0.675938 0.742370 0.786988 0.742185 0.879718 0.933580 0.985057 0.871414 0.641351 0.563268 0.780500 0.871320 0.933856 0.761469 0.976459 0.902003 0.964347 0.956142 0.925117 0.919373 0.960284 0.869186 0.748538 0.928019 0.923290 0.913615 0.912056 0.919260 0.695742 0.645321 0.748292 0.806536 0.811312 0.746847 0.533529 0.525879 0.460867 0.525261 0.544927 0.471163 0.904840 0.680438 0.636665 0.689673 0.752517 0.766976 0.969100 0.945991 0.981343 0.945506 0.891077 0.943330 0.747595 0.929305 0.887247 0.840039 0.647689 0.679085 0.804350 0.893832 0.828911 0.984815 0.723104 0.794003 0.827995 0.686305 0.687130 0.874245 0.658126 0.963182 0.842463 0.673209 0.523250 0.876184 0.537623 0.627450 0.723654 0.978983 0.590491 0.690201 0.659081 0.652744 0.946821 0.820334 0.790656 0.842750 0.779474 0.843026 0.959732 0.851491 0.917022 0.889592
0.567443 0.790474 0.693791 0.644865 0.810443 0.868100 0.677147 0.498502 0.900684 0.562991 0.000000 0.497591 0.645718 0.889511 0.668494 0.888323 0.736070 0.759777 0.731342 0.684008 0.809989 0.976183 0.646018 0.595889 0.806547 0.919352 0.766560 0.948454 0.916302 0.999958 0.775260 0.756897 0.792108 0.506222 0.775491 0.963044 0.980123 0.802959 0.825538 0.804229 0.823868 0.946088 0.756849 0.758844 0.973649 0.799431 0.718292 0.851509 0.933325 0.774212 0.721541 0.573634 0.608877 0.549629 0.800336 0.709457 0.914991 0.911655 0.704184 0.717145 0.613134 0.520732 0.702073 0.604843 0.917767 0.716237 0.719936 0.730506 0.756336 0.703679 0.937819 0.970902 0.855921 0.933613 0.980168 0.977602 0.643367 0.748198 0.855755 0.965606 0.776688 0.843888 0.709219 0.974000 0.827504 0.856014 0.677868 0.618236 0.881998 0.808699 0.797466 0.924539 0.751407 0.994791 0.857459 0.736529 0.709583 0.751832 0.669082 0.851680 0.708705 0.958425 0.599477 0.723315 0.966343 0.850738 0.934123 0.935559 0.858463 0.925369 0.849267 0.812064 0.898321 0.844960 0.926968 0.860645
0.516150 0.570076 0.881141 0.730773 0.853144 0.739658 0.785311 0.476639 0.999554 0.669411 0.497591 0.000000 0.488846 0.583408 0.879833 0.819132 0.670117 0.671872 0.671813 0.685727 0.998021 0.905574 0.674171 0.670013 0.730306 0.790962 0.949336 0.923028 0.903019 0.760650 0.762407 0.764291 0.850386 0.589925 0.867289 0.977035 0.982777 0.772870 0.816720 0.793408 0.890880 0.977894 0.778627 0.765057 0.992916 0.832484 0.752178 0.772919 0.948315 0.760153 0.791199 0.654520 0.676869 0.651163 0.703205 0.792965 0.815820 0.727640 0.645503 0.687203 0.544460 0.413535 0.650091 0.530541 0.935893 0.629663 0.869470 0.832058 0.815775 0.598176 0.994552 0.922956 0.921674 0.942508 0.928459 0.906547 0.659263 0.739697 0.779923 0.901560 0.721740 0.821751 0.752696 0.946883 0.816703 0.904683 0.803747 0.612634 0.913824 0.900514 0.962208 0.813635 0.937568 0.806938 0.858875 0.951993 0.767343 0.774559 0.693712 0.905667 0.754809 0.955851 0.691364 0.832428 0.942451 0.831797 0.981897 0.933278 0.883206 0.986031 0.912666 0.870847 0.951759 0.823440 0.979664 0.905976
0.566042 0.658536 0.903448 0.929878 0.932487 0.786160 0.712806 0.665098 0.728513 0.696929 0.645718 0.488846 0.000000 0.636897 0.866253 0.763835 0.662344 0.711921 0.662944 0.716661 0.840156 0.947517 0.900997 0.756325 0.677613 0.655536 0.898580 0.879803 0.766827 0.705322 0.801232 0.777261 0.870696 0.723408 0.966782 0.859510 0.850465 0.707504 0.998058 0.958542 0.813634 0.903760 0.982304 0.987394 0.947066 0.868469 0.871621 0.978994 0.931713 0.928362 0.823319 0.803261 0.851267 0.801150 0.812832 0.811482 0.729977 0.659112 0.740798 0.729098 0.481474 0.480528 0.635886 0.559874 0.963656 0.775704 0.910529 0.915772 0.760579 0.742975 0.885281 0.903414 0.974456 0.924346 0.966370 0.826508 0.829636 0.914013 0.850662 0.891866 0.739417 0.784491 0.902411 0.904814 0.962371 0.925178 0.994892 0.858221 0.806182 0.997135 0.907324 0.930335 0.945038 0.814219 0.947104 0.964278 0.794613 0.830357 0.773707 0.828017 0.985223 0.952210 0.869431 0.926017 0.883066 0.924463 0.844741 0.973773 0.905316 0.943103 0.930105 0.966371 0.909380 0.795102 0.931980 0.976427
0.737771 0.620532 0.800210 0.970748 0.976804 0.884224 0.888068 0.880604 0.872872 0.974804 0.889511 0.583408 0.636897 0.000000 0.708245 0.535818 0.700622 0.723464 0.775011 0.763187 0.818810 0.958590 0.935418 0.987589 0.921613 0.951680 0.814076 0.939294 0.793650 0.602992 0.948132 0.911089 0.998831 0.867325 0.911838 0.991746 0.955148 0.965559 0.878349 0.923070 0.951540 0.863545 0.935040 0.859284 0.981324 0.852983 0.750594 0.800636 0.933112 0.945238 0.944280 0.903449 0.980812 0.985255 0.868506 0.760658 0.805827 0.728997 0.999007 0.939348 0.835659 0.697572 0.775855 0.721197 0.906835 0.814881 0.888693 0.931391 0.992350 0.697118 0.903772 0.821750 0.897607 0.952231 0.912193 0.874164 0.919119 0.824422 0.780130 0.930036 0.791876 0.782103 0.867780 0.768723 0.953379 0.880844 0.987555 0.997523 0.990420 0.984124 0.830990 0.736684 0.777554 0.699982 0.952640 0.932696 0.959650 0.968535 0.978234 0.935934 0.957124 0.869288 0.980458 0.987696 0.928988 0.924442 0.882659 0.908332 0.897840 0.992596 0.883949 0.982853 0.992232 0.967168 0.904559 0.937913
0.942922 0.858958 0.690982 0.619869 0.691280 0.982500 0.771508 0.674910 0.872876 0.807506 0.668494 0.879833 0.866253 0.708245 0.000000 0.579390 0.801375 0.828379 0.956239 0.991830 0.823886 0.919334 0.589072 0.693367 0.969527 0.968658 0.793928 0.960793 0.708777 0.653402 0.777734 0.691046 0.990427 0.761012 0.893584 0.954350 0.977030 0.914093 0.805436 0.811613 0.937180 0.797520 0.701798 0.805336 0.954891 0.941693 0.930115 0.902556 0.856538 0.765322 0.955895 0.753880 0.596599 0.612263 0.934922 0.912191 0.736897 0.681677 0.779909 0.795476 0.916265 0.849775 0.884293 0.969622 0.938692 0.816793 0.579872 0.619808 0.959351 0.937911 0.988148 0.910445 0.786350 0.941962 0.933658 0.898350 0.800776 0.884692 0.824515 0.991799 0.840607 0.812462 0.578412 0.661129 0.712517 0.753495 0.649104 0.547789 0.956971 0.953735 0.756893 0.830292 0.624148 0.719607 0.930218 0.840460 0.782128 0.830574 0.730141 0.880083 0.713653 0.876723 0.701857 0.799917 0.916401 0.779974 0.803687 0.787789 0.977534 0.945934 0.750758 0.943758 0.995270 0.880661 0.903719 0.852615
0.989892 0.744874 0.606221 0.756426 0.914363 0.773390 0.673242 0.858916 0.939609 0.822390 0.888323 0.819132 0.763835 0.535818 0.579390 0.000000 0.884187 0.951597 0.991157 0.988730 0.858201 0.997081 0.896777 0.783716 0.983221 0.970757 0.771624 0.829012 0.877935 0.709016 0.902309 0.788877 0.929464 0.906763 0.820030 0.973179 0.984585 0.950674 0.946545 0.925131 0.937074 0.815337 0.822704 0.880793 0.882745 0.920671 0.982767 0.995183 0.997742 0.998874 0.963488 0.967675 0.751430 0.770475 0.974805 0.910361 0.896750 0.766124 0.809102 0.929186 0.929919 0.939120 0.964699 0.976783 0.929738 0.931639 0.716433 0.788180 0.930710 0.949304 0.860864 0.857839 0.795321 0.912749 0.955788 0.841434 0.933637 0.895648 0.856031 0.896227 0.960045 0.957408 0.843716 0.928738 0.960820 0.947149 0.814314 0.838777 0.858341 0.880767 0.765881 0.764759 0.676772 0.759011 0.905841 0.833342 0.820153 0.868246 0.830814 0.820406 0.887859 0.876954 0.822693 0.858064 0.990599 0.881941 0.862550 0.836901 0.930881 0.947741 0.714141 0.814846 0.888459 0.962955 0.821394 0.962410
0.513181 0.559245 0.833526 0.913609 0.903188 0.973367 0.737422 0.743091 0.860021 0.749363 0.736070 0.670117 0.662344 0.700622 0.801375 0.884187 0.000000 0.511857 0.592256 0.607859 0.918248 0.960226 0.941234 0.900724 0.887776 0.908501 0.994132 0.909445 0.685705 0.630506 0.980564 0.992655 0.683840 0.734007 0.738470 0.947121 0.868675 0.740819 0.937348 0.856344 0.964173 0.973033 0.896249 0.808658 0.814310 0.722713 0.798490 0.750688 0.838665 0.901991 0.991826 0.925619 0.993927 0.985678 0.761118 0.793474 0.584602 0.602338 0.781935 0.944545 0.604548 0.653218 0.496190 0.495443 0.898286 0.853615 0.978873 0.989681 0.699616 0.685029 0.998723 0.896273 0.951249 0.998687 0.964645 0.952473 0.823537 0.946280 0.713041 0.998154 0.491565 0.529019 0.865041 0.644001 0.738251 0.811203 0.892314 0.914537 0.842629 0.788912 0.872262 0.925489 0.993016 0.864853 0.842936 0.807563 0.849977 0.985194 0.807627 0.813132 0.987253 0.870098 0.803423 0.826803 0.901614 0.949062 0.956228 0.980718 0.994173 0.985812 0.936142 0.792142 0.828460 0.984465 0.980855 0.934615
0.503778 0.563233 0.720165 0.729228 0.955312 0.997777 0.635298 0.643526 0.865809 0.672718 0.759777 0.671872 0.711921 0.723464 0.828379 0.951597 0.511857 0.000000 0.576357 0.622478 0.965582 0.910520 0.892746 0.889891 0.994200 0.965988 0.918341 0.944773 0.675233 0.530429 0.884407 0.936923 0.587708 0.610012 0.773169 0.818198 0.888526 0.783934 0.896374 0.877282 0.839652 0.997350 0.776713 0.695924 0.751738 0.671821 0.606758 0.670260 0.771524 0.901831 0.984640 0.951242 0.991159 0.967676 0.630270 0.698668 0.506480 0.634660 0.715308 0.841470 0.550661 0.615621 0.418177 0.452225 0.801371 0.759461 0.806887 0.818662 0.870292 0.699777 0.918519 0.933804 0.861685 0.961715 0.992896 0.950183 0.867265 0.921817 0.702420 0.980026 0.375538 0.411441 0.839353 0.572053 0.683124 0.706127 0.998486 0.968498 0.807789 0.617325 0.870831 0.911414 0.960602 0.874767 0.755701 0.802353 0.884043 0.945742 0.753435 0.761078 0.939590 0.887151 0.850945 0.800352 0.885363 0.777228 0.943005 0.912707 0.837851 0.901410 0.931439 0.781363 0.897202 0.940012 0.995853 0.942445
0.516732 0.654180 0.725075 0.788844 0.881849 0.944088 0.613568 0.648253 0.846945 0.547526 0.731342 0.671813 0.662944 0.775011 0.956239 0.991157 0.592256 0.576357 0.000000 0.591591 0.959587 0.943785 0.890802 0.949133 0.797406 0.897420 0.961505 0.914949 0.693616 0.677575 0.898702 0.977248 0.637896 0.627830 0.752962 0.939198 0.998181 0.709495 0.990044 0.972638 0.904062 0.987221 0.978383 0.898188 0.973819 0.805360 0.800949 0.849011 0.993326 0.959573 0.930112 0.975573 0.872254 0.905130 0.691030 0.737512 0.672835 0.674084 0.765727 0.786831 0.537378 0.603576 0.463048 0.500723 0.927111 0.777984 0.840201 0.874030 0.749275 0.809368 0.885659 0.918087 0.807614 0.896454 0.983955 0.987551 0.879735 0.798434 0.802292 0.969873 0.537965 0.575823 0.972435 0.739547 0.738018 0.851889 0.825442 0.997249 0.795544 0.772067 0.784623 0.974889 0.858879 0.887872 0.842791 0.853576 0.729342 0.911307 0.673650 0.712814 0.900468 0.851313 0.730136 0.862047 0.865715 0.774280 0.893820 0.854957 0.981116 0.928778 0.887340 0.803876 0.873704 0.881947 0.957554 0.813135
0.624852 0.759679 0.750775 0.776608 0.859260 0.918955 0.660562 0.624464 0.896165 0.579328 0.684008 0.685727 0.716661 0.763187 0.991830 0.988730 0.607859 0.622478 0.591591 0.000000 0.927472 0.875092 0.971774 0.811483 0.782771 0.759475 0.871991 0.660697 0.819288 0.756334 0.936854 0.909850 0.723932 0.631530 0.777538 0.963083 0.957797 0.799312 0.918943 0.890115 0.954219 0.920505 0.886963 0.844618 0.984708 0.832435 0.817271 0.702255 0.991042 0.939703 0.987105 0.959324 0.780519 0.725726 0.895172 0.786355 0.745184 0.606288 0.575627 0.551175 0.614710 0.606727 0.637078 0.573098 0.993630 0.752275 0.805234 0.785597 0.814881 0.707739 0.980587 0.965644 0.842044 0.861035 0.863877 0.992319 0.791488 0.978697 0.823617 0.986924 0.681775 0.682438 0.955357 0.815917 0.881220 0.959441 0.852650 0.898088 0.795706 0.758817 0.866881 0.975754 0.929599 0.875125 0.916063 0.818257 0.733423 0.922341 0.695693 0.801884 0.739434 0.884165 0.727700 0.823567 0.909416 0.878077 0.980963 0.936095 0.858872 0.943070 0.736700 0.867867 0.939024 0.987064 0.986115 0.972928
0.927082 0.997243 0.879599 0.871323 0.956758 0.993165 0.986005 0.930498 0.970604 0.879899 0.809989 0.998021 0.840156 0.818810 0.823886 0.858201 0.918248 0.965582 0.959587 0.927472 0.000000 0.990989 0.933722 0.917730 0.888698 0.938838 0.871049 0.935221 0.944202 0.835659 0.990734 0.968315 0.890622 0.886440 0.896473 0.999078 0.861320 0.978012 0.991190 0.953221 0.953556 0.946347 0.830298 0.807804 0.875047 0.949761 0.854776 0.982315 0.889333 0.992371 0.977522 0.909805 0.893740 0.925609 0.922894 0.900515 0.919708 0.933392 0.903142 0.907201 0.959857 0.962578 0.988450 0.986276 0.999385 0.984850 0.820297 0.882822 0.930379 0.892479 0.980504 0.996422 0.935297 0.924026 0.930077 0.957430 0.942755 0.913980 0.995600 0.968349 0.997692 0.936127 0.863327 0.881539 0.936877 0.943152 0.983957 0.962359 0.973341 0.866799 0.926538 0.977844 0.888695 0.930192 0.966635 0.795550 0.847641 0.949205 0.980127 0.985626 0.880445 0.942381 0.823829 0.878421 0.995116 0.988052 0.983901 0.944255 0.839899 0.906804 0.927460 0.835794 0.914668 0.937381 0.947201 0.898570
0.998225 0.980685 0.950195 0.899746 0.924757 0.830791 0.995463 0.975005 0.999134 0.980236 0.976183 0.905574 0.947517 0.958590 0.919334 0.997081 0.960226 0.910520 0.943785 0.875092 0.990989 0.000000 0.998046 0.962055 0.932188 0.992410 0.949032 0.812809 0.945170 0.963428 0.988924 0.884916 0.992372 0.961789 0.973123 0.957221 0.956470 0.972602 0.990336 0.885795 0.936907 0.819894 0.955987 0.892675 0.965999 0.898448 0.940212 0.946252 0.989731 0.962239 0.898351 0.930037 0.957661 0.989252 0.913441 0.936889 0.836084 0.907811 0.950748 0.873827 0.962942 0.989843 0.937360 0.953663 0.927564 0.918594 0.904633 0.903995 0.980530 0.940580 0.937801 0.861633 0.881405 0.944580 0.908277 0.951917 0.923499 0.979793 0.909296 0.998128 0.980729 0.983065 0.880357 0.928331 0.984430 0.966500 0.768344 0.931004 0.984314 0.990948 0.928918 0.994964 0.875585 0.901838 0.997635 0.984259 0.967252 0.800408 0.877689 0.926082 0.922473 0.774477 0.995626 0.954955 0.914067 0.869339 0.997680 0.919016 0.922797 0.881468 0.920185 0.872644 0.982783 0.937371 0.954814 0.905548
0.882889 0.967625 0.922857 0.999078 0.573928 0.870545 0.928678 0.843212 0.692028 0.955330 0.646018 0.674171 0.900997 0.935418 0.589072 0.896777 0.941234 0.892746 0.890802 0.971774 0.933722 0.998046 0.000000 0.456799 0.794166 0.946451 0.876693 0.962222 0.882699 0.803942 0.530515 0.578248 0.829463 0.915982 0.830109 0.909770 0.935741 0.915844 0.784795 0.863971 0.883455 0.941945 0.782455 0.788018 0.945637 0.974917 0.977047 0.916513 0.947511 0.767786 0.732803 0.538538 0.659872 0.620180 0.983684 0.997810 0.834069 0.857402 0.844727 0.931565 0.994261 0.852816 0.903822 0.983236 0.581684 0.934151 0.983024 0.981075 0.863026 0.873620 0.876222 0.933008 0.653029 0.772150 0.823323 0.958747 0.812253 0.841797 0.830837 0.955764 0.809092 0.718714 0.591123 0.650161 0.415791 0.559170 0.741546 0.511156 0.926251 0.768149 0.971536 0.843899 0.993400 0.964993 0.958449 0.879853 0.905893 0.875329 0.960842 0.848670 0.808669 0.900711 0.770318 0.875179 0.776274 0.927687 0.960495 0.931033 0.903301 0.984454 0.983447 0.970750 0.981901 0.998837 0.877104 0.772960
0.663608 0.872092 0.848416 0.900429 0.687294 0.878179 0.784191 0.696435 0.988474 0.763995 0.595889 0.670013 0.756325 0.987589 0.693367 0.783716 0.900724 0.889891 0.949133 0.811483 0.917730 0.962055 0.456799 0.000000 0.751933 0.870088 0.728116 0.859696 0.962703 0.896080 0.593454 0.528940 0.984634 0.806413 0.889613 0.896595 0.961955 0.769096 0.822872 0.890133 0.869628 0.982781 0.759900 0.780798 0.995860 0.887048 0.866648 0.933641 0.922942 0.913463 0.794095 0.665986 0.707847 0.594066 0.943253 0.942092 0.907630 0.889654 0.598137 0.760497 0.750036 0.748372 0.882039 0.748922 0.729615 0.954759 0.923683 0.964535 0.735697 0.818357 0.875900 0.888002 0.681105 0.757456 0.948100 0.963169 0.723630 0.849528 0.898070 0.836201 0.954633 0.953221 0.702198 0.875074 0.670184 0.612163 0.762089 0.568658 0.865430 0.975891 0.844215 0.999756 0.856646 0.994116 0.970062 0.999151 0.919486 0.882262 0.774696 0.880379 0.757892 0.808419 0.642647 0.774018 0.918918 0.951529 0.943033 0.985394 0.912775 0.960528 0.864337 0.845817 0.950188 0.913496 0.870730 0.876692
0.861123 0.942001 0.950851 0.924026 0.922809 0.915626 0.917890 0.808754 0.886554 0.675938 0.806547 0.730306 0.677613 0.921613 0.969527 0.983221 0.887776 0.994200 0.797406 0.782771 0.888698 0.932188 0.794166 0.751933 0.000000 0.524516 0.853461 0.735347 0.892462 0.979372 0.695889 0.687695 0.896570 0.926543 0.900076 0.667393 0.872801 0.709143 0.903261 0.957584 0.936244 0.802436 0.701530 0.734059 0.659489 0.763391 0.885919 0.860840 0.741387 0.799746 0.784525 0.886004 0.749592 0.692692 0.913068 0.941148 0.889641 0.833987 0.725850 0.625684 0.767245 0.706700 0.867779 0.708172 0.711887 0.958592 0.918006 0.900131 0.712058 0.974965 0.862189 0.811092 0.932052 0.997736 0.912711 0.977267 0.942202 0.969998 0.906384 0.782253 0.964207 0.919071 0.686226 0.833078 0.777817 0.682201 0.817879 0.776597 0.968260 0.925479 0.956749 0.897673 0.948254 0.821481 0.884574 0.878042 0.896603 0.997200 0.883931 0.987721 0.987425 0.956277 0.806121 0.928959 0.886663 0.993682 0.830469 0.982875 0.986672 0.986416 0.991773 0.953063 0.965256 0.946653 0.883828 0.903011
0.955677 0.989474 0.997223 0.919101 0.910145 0.989443 0.901126 0.882631 0.923902 0.742370 0.919352 0.790962 0.655536 0.951680 0.968658 0.970757 0.908501 0.965988 0.897420 0.759475 0.938838 0.992410 0.946451 0.870088 0.524516 0.000000 0.943799 0.736966 0.975226 0.956235 0.719080 0.857112 0.903053 0.959829 0.904587 0.696274 0.799439 0.795811 0.835975 0.971401 0.880116 0.749837 0.772329 0.774865 0.840918 0.864245 0.972618 0.850410 0.747490 0.945469 0.866526 0.965429 0.793638 0.680370 0.980235 0.936314 0.969780 0.799602 0.701657 0.633501 0.768111 0.777294 0.873533 0.790020 0.804332 0.907903 0.926423 0.952318 0.825966 0.874835 0.813206 0.842290 0.929163 0.978299 0.918292 0.891619 0.926268 0.771309 0.920877 0.842108 0.990854 0.995655 0.800930 0.868225 0.952162 0.754288 0.978626 0.896408 0.932461 0.883741 0.881576 0.857419 0.899182 0.756850 0.821194 0.909738 0.875097 0.961433 0.948115 0.992566 0.944272 0.909673 0.969666 0.943944 0.778625 0.955651 0.784271 0.982307 0.886077 0.965245 0.878423 0.857437 0.948378 0.927199 0.895629 0.857612
0.864199 0.989212 0.903170 0.968153 0.941985 0.835974 0.852867 0.867537 0.897802 0.786988 0.766560 0.949336 0.898580 0.814076 0.793928 0.771624 0.994132 0.918341 0.961505 0.871991 0.871049 0.949032 0.876693 0.728116 0.853461 0.943799 0.000000 0.821238 0.833727 0.808292 0.958048 0.727030 0.918043 0.843704 0.893065 0.903486 0.887949 0.918378 0.990558 0.987312 0.949138 0.950433 0.814626 0.900765 0.880862 0.832335 0.972492 0.984827 0.871413 0.878432 0.941991 0.992266 0.871064 0.841775 0.922216 0.858018 0.855485 0.885952 0.745540 0.839477 0.900028 0.956152 0.968364 0.859361 0.866733 0.915300 0.938168 0.919825 0.720324 0.891572 0.959595 0.923112 0.830492 0.863683 0.899276 0.951842 0.945258 0.955350 0.975893 0.807108 0.933003 0.869463 0.843817 0.873163 0.936961 0.753507 0.970530 0.888011 0.847989 0.950211 0.845381 0.904855 0.802505 0.936261 0.954337 0.912035 0.757103 0.811044 0.845353 0.815282 0.878322 0.846601 0.762313 0.836579 0.880684 0.948004 0.973719 0.861494 0.861440 0.968379 0.836021 0.889310 0.948705 0.826130 0.975795 0.874512
0.947114 0.944566 0.908981 0.957908 0.835296 0.830870 0.790337 0.853295 0.900540 0.742185 0.948454 0.923028 0.879803 0.939294 0.960793 0.829012 0.909445 0.944773 0.914949 0.660697 0.935221 0.812809 0.962222 0.859696 0.735347 0.736966 0.821238 0.000000 0.919947 0.999882 0.954929 0.903142 0.926553 0.941112 0.920357 0.934136 0.971570 0.910219 0.980367 0.947416 0.949079 0.921140 0.962101 0.976586 0.945160 0.993120 0.947378 0.986091 0.988917 0.862566 0.933745 0.803604 0.825358 0.835831 0.931827 0.952512 0.991641 0.753807 0.713149 0.665745 0.801362 0.880663 0.917028 0.830142 0.941091 0.993397 0.977579 0.929086 0.973367 0.923409 0.993600 0.914494 0.910481 0.892946 0.822026 0.983479 0.882703 0.863179 0.982921 0.841528 0.957601 0.956027 0.933322 0.996869 0.949062 0.817777 0.986760 0.980712 0.826798 0.993363 0.912494 0.887930 0.926432 0.979438 0.989723 0.918923 0.781587 0.970230 0.851460 0.852592 0.983780 0.999756 0.964387 0.942328 0.927092 0.997601 0.832892 0.933383 0.789619 0.952522 0.784540 0.999657 0.936759 0.906193 0.993628 0.904499
0.767425 0.767354 0.929821 0.952237 0.869984 0.948321 0.932746 0.924471 0.845045 0.879718 0.916302 0.903019 0.766827 0.793650 0.708777 0.877935 0.685705 0.675233 0.693616 0.819288 0.944202 0.945170 0.882699 0.962703 0.892462 0.975226 0.833727 0.919947 0.000000 0.575462 0.970818 0.823473 0.847694 0.848500 0.993245 0.936734 0.985108 0.727428 0.949925 0.879606 0.944073 0.955796 0.853989 0.950700 0.854716 0.944530 0.877071 0.983917 0.922969 0.839556 0.753525 0.860542 0.937453 0.996667 0.895405 0.764844 0.761022 0.852730 0.982498 0.982678 0.822622 0.770034 0.724555 0.754987 0.963419 0.920696 0.861347 0.885851 0.888849 0.884606 0.897322 0.899243 0.782376 0.813699 0.969915 0.900827 0.876419 0.893188 0.881915 0.945479 0.750223 0.774624 0.839221 0.761322 0.859959 0.833032 0.959811 0.880952 0.887205 0.818944 0.893304 0.735131 0.799953 0.696943 0.940867 0.872921 0.934777 0.939924 0.973496 0.956372 0.917152 0.790875 0.990514 0.959059 0.999321 0.937914 0.916470 0.854376 0.873840 0.955276 0.959706 0.976356 0.827924 0.977074 0.998225 0.809681
0.689736 0.589278 0.990327 0.972086 0.844340 0.993306 0.903430 0.841140 0.935197 0.933580 0.999958 0.760650 0.705322 0.602992 0.653402 0.709016 0.630506 0.530429 0.677575 0.756334 0.835659 0.963428 0.803942 0.896080 0.979372 0.956235 0.808292 0.999882 0.575462 0.000000 0.817854 0.790475 0.771579 0.776018 0.920136 0.820298 0.906705 0.901262 0.954395 0.934093 0.977354 0.930881 0.957565 0.916270 0.978662 0.889899 0.722171 0.821026 0.835880 0.925393 0.961515 0.940241 0.895904 0.923983 0.728415 0.780979 0.624842 0.641341 0.897755 0.881888 0.760229 0.719300 0.631782 0.661775 0.872650 0.799376 0.922467 0.992659 0.988990 0.870801 0.927542 0.895848 0.757331 0.831791 0.910374 0.915062 0.960771 0.873491 0.728180 0.785076 0.665602 0.599109 0.741686 0.632624 0.761012 0.747685 0.833698 0.876257 0.854525 0.784514 0.839045 0.742163 0.784527 0.702894 0.897081 0.967516 0.989381 0.913160 0.893839 0.944219 0.894157 0.865529 0.910954 0.972597 0.928689 0.861498 0.973832 0.918940 0.976084 0.984169 0.973361 0.997277 0.876040 0.998838 0.966089 0.881968
0.993398 0.950728 0.957636 0.887931 0.825711 0.925956 0.985532 0.954486 0.938195 0.985057 0.775260 0.762407 0.801232 0.948132 0.777734 0.902309 0.980564 0.884407 0.898702 0.936854 0.990734 0.988924 0.530515 0.593454 0.695889 0.719080 0.958048 0.954929 0.970818 0.817854 0.000000 0.595942 0.714059 0.964521 0.766189 0.800541 0.921499 0.709669 0.986246 0.945250 0.976134 0.868477 0.907700 0.899059 0.714415 0.764381 0.822889 0.781995 0.693782 0.685997 0.635602 0.603317 0.741020 0.639989 0.982320 0.872003 0.823027 0.877520 0.878239 0.921906 0.921104 0.890481 0.932448 0.991707 0.761236 0.928294 0.857651 0.800825 0.764608 0.935843 0.659523 0.770986 0.739645 0.746037 0.899063 0.977449 0.954175 0.925663 0.862950 0.956757 0.846581 0.789985 0.690918 0.755649 0.615919 0.611766 0.907864 0.711472 0.909816 0.879149 0.919541 0.874509 0.883905 0.898710 0.997304 0.891010 0.871142 0.938905 0.886216 0.835059 0.924628 0.934275 0.873163 0.941669 0.893701 0.875370 0.997544 0.898598 0.921188 0.957145 0.915398 0.975147 0.980842 0.958922 0.935403 0.827502
0.847867 0.965050 0.923704 0.891040 0.811526 0.825024 0.837729 0.788538 0.983705 0.871414 0.756897 0.764291 0.777261 0.911089 0.691046 0.788877 0.992655 0.936923 0.977248 0.909850 0.968315 0.884916 0.578248 0.528940 0.687695 0.857112 0.727030 0.903142 0.823473 0.790475 0.595942 0.000000 0.908055 0.953502 0.948146 0.726465 0.999979 0.839336 0.942384 0.983811 0.888638 0.948930 0.907175 0.972988 0.911247 0.993878 0.937382 0.949033 0.969259 0.959562 0.879583 0.763023 0.734578 0.695586 0.999919 0.904715 0.917805 0.997510 0.684724 0.792646 0.834326 0.802670 0.990360 0.885550 0.799172 0.947202 0.994897 0.946810 0.776063 0.882517 0.939936 0.899284 0.756183 0.715724 0.940054 0.916461 0.909143 0.996595 0.865521 0.802821 0.976186 0.836816 0.636504 0.781266 0.666975 0.651513 0.737715 0.590522 0.844231 0.876430 0.801483 0.906728 0.786087 0.964098 0.884051 0.895451 0.918042 0.901331 0.833813 0.987498 0.907553 0.813561 0.752836 0.845535 0.927496 0.906300 0.998546 0.983518 0.882852 0.941963 0.964314 0.901724 0.984528 0.885715 0.956860 0.828702
0.568208 0.618812 0.568604 0.621567 0.983652 0.961984 0.523408 0.620790 0.818138 0.641351 0.792108 0.850386 0.870696 0.998831 0.990427 0.929464 0.683840 0.587708 0.637896 0.723932 0.890622 0.992372 0.829463 0.984634 0.896570 0.903053 0.918043 0.926553 0.847694 0.771579 0.714059 0.908055 0.000000 0.547297 0.721117 0.854207 0.995017 0.975039 0.955748 0.937831 0.783892 0.864914 0.718715 0.642319 0.646234 0.577754 0.798562 0.666154 0.804095 0.858066 0.896778 0.999931 0.941098 0.953843 0.816629 0.897377 0.590842 0.719934 0.717584 0.811263 0.572803 0.689495 0.600775 0.652274 0.734713 0.702837 0.624200 0.643264 0.928315 0.856228 0.831094 0.994146 0.916454 0.867216 0.988199 0.967207 0.759406 0.807129 0.818439 0.876642 0.573154 0.586361 0.954057 0.747262 0.660208 0.765642 0.941404 0.957072 0.888487 0.816434 0.700424 0.813948 0.683894 0.875283 0.755334 0.732808 0.649279 0.838410 0.603333 0.622192 0.837096 0.991981 0.847452 0.696846 0.905219 0.718714 0.884116 0.816139 0.854655 0.790134 0.814440 0.692474 0.786913 0.843342 0.991287 0.958517
0.515717 0.672741 0.576937 0.498627 0.934128 0.976507 0.543965 0.419352 0.893936 0.563268 0.506222 0.589925 0.723408 0.867325 0.761012 0.906763 0.734007 0.610012 0.627830 0.631530 0.886440 0.961789 0.915982 0.806413 0.926543 0.959829 0.843704 0.941112 0.848500 0.776018 0.964521 0.953502 0.547297 0.000000 0.692355 0.813626 0.924669 0.943126 0.799983 0.686155 0.791835 0.967358 0.684426 0.704601 0.831625 0.693682 0.659365 0.682487 0.982698 0.887095 0.948188 0.827130 0.675126 0.655810 0.732048 0.645622 0.761163 0.803427 0.630537 0.603419 0.527444 0.463935 0.589429 0.516771 0.842188 0.524346 0.532246 0.499641 0.934852 0.646447 0.943969 0.902265 0.931823 0.984349 0.970232 0.994896 0.738241 0.751666 0.778538 0.967163 0.637525 0.640213 0.838714 0.875341 0.870339 0.876340 0.850517 0.765366 0.869227 0.723666 0.768004 0.993002 0.719220 0.984425 0.829086 0.745403 0.626632 0.862350 0.512534 0.655636 0.743376 0.991804 0.670183 0.742324 0.812993 0.683346 0.854299 0.819172 0.885957 0.848250 0.749539 0.711874 0.826206 0.880767 0.939024 0.940991
0.750966 0.862660 0.676044 0.611149 0.875273 0.868234 0.680392 0.710729 0.882888 0.780500 0.775491 0.867289 0.966782 0.911838 0.893584 0.820030 0.738470 0.773169 0.752962 0.777538 0.896473 0.973123 0.830109 0.889613 0.900076 0.904587 0.893065 0.920357 0.993245 0.920136 0.766189 0.948146 0.721117 0.692355 0.000000 0.912617 0.913030 0.928949 0.936711 0.879506 0.966075 0.831182 0.768133 0.796783 0.699289 0.686793 0.762986 0.730250 0.839095 0.921293 0.833794 0.937421 0.988695 0.956968 0.838914 0.683808 0.882730 0.938672 0.931446 0.943870 0.745875 0.807648 0.723434 0.721195 0.744822 0.783457 0.703664 0.730171 0.927211 0.758006 0.838382 0.777714 0.917074 0.945062 0.968253 0.978936 0.930967 0.904308 0.758612 0.923306 0.622827 0.641034 0.875501 0.675033 0.685605 0.666005 0.829372 0.966400 0.914774 0.774073 0.723682 0.750499 0.663839 0.828126 0.873995 0.756062 0.674622 0.851184 0.694629 0.721632 0.936187 0.888624 0.786585 0.768123 0.997551 0.809130 0.943327 0.695409 0.776142 0.996013 0.822031 0.842474 0.971553 0.892908 0.792629 0.978394
0.953017 0.975283 0.867747 0.839512 0.968484 0.950238 0.915325 0.931622 0.869422 0.871320 0.963044 0.977035 0.859510 0.991746 0.954350 0.973179 0.947121 0.818198 0.939198 0.963083 0.999078 0.957221 0.909770 0.896595 0.667393 0.696274 0.903486 0.934136 0.936734 0.820298 0.800541 0.726465 0.854207 0.813626 0.912617 0.000000 0.770121 0.946221 0.867325 0.729348 0.950733 0.929660 0.813352 0.875161 0.893674 0.933911 0.856514 0.826716 0.931111 0.999976 0.909617 0.983915 0.951294 0.921497 0.863879 0.830502 0.889322 0.957253 0.953765 0.943007 0.977163 0.990731 0.964902 0.951778 0.730396 0.833154 0.808336 0.736608 0.774413 0.936637 0.816665 0.875873 0.903450 0.937587 0.900546 0.924868 0.937316 0.858581 0.894170 0.800267 0.896302 0.832103 0.945747 0.934765 0.861055 0.812722 0.973186 0.932594 0.931599 0.819119 0.978485 0.978096 0.965724 0.922241 0.769236 0.974303 0.939132 0.956636 0.955762 0.958067 0.977703 0.912912 0.896512 0.951626 0.964196 0.885619 0.807377 0.975809 0.931772 0.973696 0.978551 0.902101 0.908556 0.920650 0.860742 0.917439
0.996167 0.950007 0.976173 0.957997 0.991342 0.997471 0.971853 0.996270 0.952571 0.933856 0.980123 0.982777 0.850465 0.955148 0.977030 0.984585 0.868675 0.888526 0.998181 0.957797 0.861320 0.956470 0.935741 0.961955 0.872801 0.799439 0.887949 0.971570 0.985108 0.906705 0.921499 0.999979 0.995017 0.924669 0.913030 0.770121 0.000000 0.887089 0.977126 0.945993 0.962642 0.857807 0.899688 0.904826 0.921678 0.997244 0.921763 0.865490 0.835841 0.943339 0.910510 0.947448 0.873778 0.921511 0.850942 0.958199 0.867234 0.941132 0.962258 0.963428 0.942177 0.958789 0.936319 0.966452 0.882237 0.978872 0.975985 0.898472 0.994299 0.975162 0.926318 0.936184 0.904395 0.987253 0.913100 0.867122 0.999084 0.876778 0.772390 0.925375 0.883041 0.956685 0.845218 0.833722 0.929861 0.921401 0.987792 0.980210 0.966877 0.849830 0.973653 0.917332 0.957212 0.995940 0.948081 0.981001 0.961063 0.999486 0.950760 0.966295 0.996857 0.893071 0.814538 0.948189 0.981107 0.844020 0.868143 0.996014 0.992678 0.970927 0.964958 0.849556 0.917129 0.946545 0.894650 0.979680
0.774748 0.876941 0.876850 0.993034 0.847940 0.817542 0.809439 0.836030 0.789958 0.761469 0.802959 0.772870 0.707504 0.965559 0.914093 0.950674 0.740819 0.783934 0.709495 0.799312 0.978012 0.972602 0.915844 0.769096 0.709143 0.795811 0.918378 0.910219 0.727428 0.901262 0.709669 0.839336 0.975039 0.943126 0.928949 0.946221 0.887089 0.000000 0.964653 0.978259 0.993308 0.830345 0.793246 0.805632 0.725368 0.739469 0.910119 0.852880 0.762145 0.775592 0.652919 0.747390 0.884103 0.806203 0.975687 0.990896 0.923541 0.784997 0.851993 0.891910 0.678509 0.761221 0.770514 0.757547 0.977853 0.955005 0.866024 0.782058 0.765673 0.912732 0.798816 0.786686 0.937123 0.893222 0.914540 0.995204 0.885556 0.998997 0.992517 0.931731 0.842118 0.892181 0.872396 0.999898 0.978747 0.944028 0.988914 0.859553 0.823654 0.830628 0.985844 0.884503 0.911861 0.815709 0.824653 0.981644 0.971102 0.947034 0.964439 0.997031 0.940067 0.910770 0.985158 0.950002 0.989999 0.946710 0.972330 0.873699 0.988797 0.958338 0.988650 0.999160 0.917467 0.922265 0.986239 0.917251
