0.000000 0.155028 0.660281 0.552359 0.940783 0.726274 0.558021 0.392637 0.683857 0.912216 0.320958 0.203513 0.283030 0.306495 0.523483 0.561004 0.219926 0.213083 0.249591 0.187989 0.627273 0.843946 0.702984 0.580457 0.727660 0.929672 0.621445 0.849178 0.264519 0.248795 0.790763 0.627143 0.319322 0.332455 0.942862 0.961147 0.723785 0.584654 0.982258 0.656155 0.565427 0.691355 0.980001 0.793513 0.915641 0.844474 0.563001 0.653469 0.736472 0.619657 0.700537 0.659407 0.918477 0.785297 0.336747 0.474208 0.158762 0.155278 0.363180 0.304600 0.240279 0.264822 0.194353 0.175203 0.485232 0.428085 0.785790 0.729446 0.287876 0.319369 0.814377 0.595823 0.883456 0.980084 0.742354 0.921083 0.852619 0.907467 0.472455 0.427044 0.231179 0.258142 0.360850 0.296582 0.213501 0.267310 0.861783 0.628066 0.396015 0.267735 0.428712 0.438336 0.388952 0.383730 0.950469 0.951011 0.984028 0.813700 0.837212 0.900046 0.776623 0.761462 0.983067 0.803885 0.935285 0.907706 0.906015 0.871262 0.764543 0.857539 0.829969 0.939640 0.840441 0.996873 0.767861 0.578929
0.155028 0.000000 0.574605 0.477779 0.919535 0.714185 0.544118 0.379041 0.648551 0.851733 0.390139 0.232211 0.343954 0.359218 0.553485 0.552854 0.207885 0.204123 0.255093 0.219598 0.598628 0.882006 0.647835 0.531271 0.643464 0.859139 0.547092 0.895454 0.302827 0.247322 0.702460 0.571872 0.307517 0.299841 0.851756 0.931374 0.619388 0.511110 0.875689 0.647285 0.562749 0.679119 0.934234 0.716115 0.962138 0.805916 0.480936 0.586666 0.743660 0.579626 0.661888 0.599756 0.844766 0.860300 0.316997 0.424168 0.136558 0.139556 0.346231 0.291751 0.274767 0.277955 0.237140 0.188188 0.431591 0.368235 0.686792 0.645842 0.288523 0.278263 0.861932 0.620733 0.859930 0.977264 0.718929 0.886290 0.918703 0.916292 0.420447 0.371399 0.215119 0.274293 0.317046 0.260224 0.222534 0.241068 0.808147 0.593064 0.449318 0.253072 0.382826 0.394032 0.362450 0.351817 0.979724 0.995530 0.995743 0.864741 0.803869 0.922164 0.722399 0.710424 0.984425 0.877135 0.860242 0.852616 0.865041 0.876223 0.808108 0.803935 0.800366 0.962702 0.882031 0.998739 0.725700 0.607973
0.660281 0.574605 0.000000 0.252728 0.954859 0.984733 0.488157 0.545880 0.938484 0.804145 0.878473 0.745080 0.746804 0.684368 0.657276 0.432201 0.612068 0.620902 0.490660 0.593877 0.507249 0.977612 0.334536 0.323736 0.283606 0.349931 0.469994 0.937076 0.760765 0.597011 0.400604 0.470288 0.481353 0.597097 0.492634 0.583650 0.503734 0.559076 0.631672 0.786412 0.797563 0.788105 0.853061 0.743656 0.856070 0.901673 0.628539 0.655080 0.804810 0.918383 0.894112 0.815875 0.785064 0.926535 0.628632 0.759438 0.558171 0.555290 0.685029 0.652706 0.616208 0.643353 0.728690 0.685615 0.295778 0.325369 0.386635 0.499253 0.644744 0.593674 0.670150 0.955129 0.703125 0.808823 0.648907 0.898104 0.763842 0.779599 0.710164 0.729055 0.738197 0.732006 0.474783 0.676493 0.511713 0.429269 0.813092 0.694371 0.782904 0.605944 0.751816 0.674436 0.814060 0.785388 0.968281 0.900698 0.917097 0.955207 0.882755 0.969699 0.951435 0.890187 0.970046 0.997345 0.623015 0.694395 0.779644 0.920221 0.905477 0.800572 0.760210 0.984452 0.943183 0.978863 0.535124 0.949371
0.552359 0.477779 0.252728 0.000000 0.898949 0.966274 0.341645 0.308958 0.889217 0.951502 0.889051 0.624500 0.645775 0.551907 0.626606 0.358837 0.577046 0.593545 0.413347 0.557029 0.530966 0.984864 0.225292 0.278731 0.402550 0.444144 0.516236 0.958865 0.710932 0.584351 0.282948 0.369697 0.349263 0.485619 0.484795 0.646057 0.517074 0.571319 0.785757 0.815891 0.820439 0.762178 0.644844 0.548529 0.953147 0.873916 0.502378 0.519434 0.954468 0.654949 0.603756 0.537900 0.574956 0.723912 0.552866 0.662032 0.465568 0.471363 0.500859 0.412279 0.513015 0.443633 0.611692 0.528531 0.360601 0.282085 0.318545 0.378887 0.672100 0.486944 0.569180 0.886715 0.576019 0.730981 0.635539 0.819755 0.715177 0.691726 0.508501 0.576640 0.651047 0.715532 0.484844 0.643497 0.440293 0.340213 0.913718 0.689464 0.655879 0.464334 0.818544 0.753054 0.828826 0.772684 0.823343 0.842147 0.829792 0.875043 0.945658 0.816093 0.983812 0.984432 0.973785 0.909509 0.532496 0.549502 0.681187 0.816550 0.967845 0.705846 0.714145 0.819095 0.877800 0.937859 0.450442 0.992568
0.940783 0.919535 0.954859 0.898949 0.000000 0.644518 0.773408 0.773546 0.506608 0.572726 0.890253 0.949746 0.843138 0.805449 0.635104 0.652140 0.947989 0.933564 0.924190 0.988455 0.872133 0.858056 0.672303 0.760631 0.929538 0.906762 0.995025 0.994884 0.907662 0.958733 0.717467 0.751675 0.887425 0.948456 0.918293 0.889647 0.882726 0.812922 0.829564 0.928253 0.776238 0.959309 0.861685 0.946032 0.856978 0.943244 0.983039 0.954094 0.974867 0.969416 0.820824 0.835679 0.769226 0.659282 0.970544 0.905147 0.908434 0.950479 0.969007 0.981279 0.860882 0.782724 0.936675 0.963043 0.979393 0.890839 0.893035 0.952843 0.818982 0.911034 0.687780 0.717218 0.684890 0.609748 0.913450 0.834507 0.783199 0.867422 0.964203 0.928336 0.990956 0.992192 0.961325 0.819165 0.928853 0.981507 0.858962 0.934765 0.950815 0.955499 0.673139 0.712774 0.678798 0.667360 0.768630 0.917307 0.973931 0.905285 0.716727 0.828974 0.686919 0.662240 0.797384 0.803427 0.705707 0.788198 0.924327 0.957560 0.961646 0.983949 0.922526 0.885478 0.755015 0.878056 0.884383 0.900559
0.726274 0.714185 0.984733 0.966274 0.644518 0.000000 0.849940 0.937623 0.483582 0.613324 0.650040 0.767325 0.892234 0.915994 0.980643 0.872284 0.733096 0.724357 0.891854 0.777326 0.906661 0.782942 0.744492 0.879963 0.979528 0.786048 0.823468 0.944552 0.805838 0.748947 0.724271 0.891235 0.894383 0.920226 0.882363 0.909954 0.994043 0.946156 0.965884 0.867033 0.740733 0.938300 0.757100 0.833279 0.731966 0.897418 0.968120 0.928850 0.979811 0.918699 0.863797 0.861983 0.766953 0.572807 0.918059 0.977896 0.711070 0.738178 0.887274 0.855239 0.837605 0.903962 0.837288 0.824674 0.778986 0.905209 0.881890 0.857406 0.663791 0.817536 0.603700 0.581337 0.615801 0.547529 0.872411 0.909100 0.655544 0.714198 0.852610 0.995775 0.833908 0.808772 0.797402 0.677655 0.841303 0.851099 0.902723 0.782030 0.933656 0.883741 0.471838 0.578255 0.544357 0.622481 0.690029 0.841265 0.782023 0.822457 0.632174 0.664398 0.681857 0.711117 0.739143 0.824736 0.722132 0.720311 0.856637 0.707868 0.740344 0.975580 0.845288 0.788182 0.702381 0.880637 0.753492 0.770979
0.558021 0.544118 0.488157 0.341645 0.773408 0.849940 0.000000 0.230121 0.861870 0.599154 0.922389 0.667459 0.594922 0.541916 0.649603 0.494938 0.639705 0.658789 0.401844 0.614220 0.651333 0.915319 0.332993 0.503363 0.762222 0.678545 0.775828 0.971003 0.625606 0.667442 0.274847 0.348633 0.338764 0.358764 0.610912 0.833505 0.701967 0.757320 0.942616 0.835325 0.932248 0.662845 0.518465 0.394163 0.627789 0.542381 0.427097 0.421921 0.590318 0.431795 0.363919 0.337350 0.419836 0.570736 0.502563 0.548318 0.510779 0.526767 0.305714 0.324513 0.431069 0.420564 0.446458 0.462161 0.719950 0.564681 0.328161 0.335454 0.819742 0.477961 0.591878 0.918929 0.456324 0.569912 0.699952 0.660128 0.543791 0.620512 0.463004 0.605810 0.618353 0.751595 0.604915 0.805352 0.520013 0.496436 0.778161 0.927632 0.631216 0.504555 0.959081 0.964365 0.965799 0.978620 0.648137 0.694103 0.640844 0.749447 0.543411 0.480616 0.772781 0.679911 0.615863 0.536848 0.477973 0.437836 0.581225 0.733977 0.934928 0.778575 0.617002 0.535270 0.634216 0.636138 0.430914 0.989529
0.392637 0.379041 0.545880 0.308958 0.773546 0.937623 0.230121 0.000000 0.860287 0.635517 0.732383 0.439057 0.424717 0.377149 0.525039 0.385894 0.493159 0.503776 0.333604 0.454700 0.691103 0.945906 0.336990 0.419172 0.774962 0.788454 0.788787 0.955794 0.481971 0.497266 0.354306 0.408634 0.279744 0.328437 0.657347 0.904194 0.719875 0.722229 0.946062 0.820535 0.818358 0.700549 0.567816 0.433704 0.721857 0.584957 0.426046 0.468341 0.584637 0.421478 0.351913 0.329812 0.474608 0.634815 0.454861 0.522209 0.379347 0.375051 0.310910 0.242498 0.311356 0.218231 0.347865 0.301126 0.623631 0.425946 0.452760 0.405136 0.671742 0.392514 0.685255 0.949471 0.499425 0.637464 0.701995 0.701850 0.676848 0.748680 0.385718 0.500671 0.457845 0.587869 0.549685 0.646020 0.384124 0.362122 0.901462 0.770722 0.539979 0.378734 0.906323 0.867773 0.864455 0.772843 0.717578 0.783725 0.762668 0.884541 0.686412 0.629115 0.866092 0.833492 0.779973 0.680581 0.542275 0.551246 0.659717 0.820960 0.939641 0.747385 0.690428 0.614531 0.739781 0.804815 0.517189 0.882849
0.683857 0.648551 0.938484 0.889217 0.506608 0.483582 0.861870 0.860287 0.000000 0.601628 0.652640 0.754027 0.913467 0.930467 0.937978 0.775212 0.629024 0.611550 0.833123 0.741432 0.920972 0.792918 0.668872 0.841989 0.906502 0.929061 0.823522 0.982288 0.738043 0.724363 0.712433 0.995312 0.833877 0.751634 0.846699 0.956138 0.803899 0.774608 0.875078 0.757634 0.714223 0.968590 0.896951 0.970059 0.961820 0.899095 0.808606 0.854628 0.826840 0.827585 0.975331 0.989467 0.893196 0.657640 0.714082 0.614816 0.627567 0.681376 0.744490 0.796648 0.918851 0.993803 0.764646 0.772854 0.885975 0.980799 0.944613 0.965914 0.609120 0.782636 0.575372 0.506492 0.669939 0.612945 0.982016 0.974979 0.698367 0.747856 0.823399 0.773326 0.654566 0.642185 0.688370 0.477159 0.778043 0.817324 0.825196 0.753479 0.769313 0.719966 0.424381 0.574571 0.419921 0.524774 0.788481 0.926760 0.852586 0.906228 0.693054 0.847565 0.617236 0.662548 0.994336 0.963257 0.726678 0.911978 0.992197 0.810242 0.757143 0.986312 0.923812 0.913718 0.832197 0.981366 0.904896 0.760080
0.912216 0.851733 0.804145 0.951502 0.572726 0.613324 0.599154 0.635517 0.601628 0.000000 0.760013 0.940453 0.934197 0.893413 0.949394 0.882079 0.812849 0.801874 0.983541 0.847238 0.812382 0.808487 0.801918 0.963139 0.609184 0.837358 0.659419 0.897345 0.975581 0.840752 0.702955 0.807602 0.889683 0.879734 0.990051 0.820164 0.781437 0.662086 0.618699 0.968279 0.702695 0.980209 0.559628 0.622138 0.459730 0.513372 0.848224 0.778739 0.516690 0.600041 0.459144 0.526495 0.527591 0.440113 0.993005 0.961365 0.867983 0.857181 0.756767 0.765371 0.912717 0.813837 0.880687 0.944584 0.603002 0.811755 0.822989 0.766977 0.638783 0.968773 0.629555 0.657646 0.651839 0.582832 0.951997 0.747695 0.571452 0.717787 0.870861 0.992508 0.915041 0.797927 0.744244 0.624940 0.880443 0.850740 0.557573 0.667966 0.952567 0.951923 0.452638 0.448640 0.550161 0.615159 0.573256 0.806511 0.684126 0.660879 0.305950 0.412550 0.492427 0.444026 0.609602 0.571941 0.714965 0.691173 0.773518 0.631383 0.867783 0.942212 0.845789 0.489987 0.485685 0.705175 0.778453 0.813923
0.320958 0.390139 0.878473 0.889051 0.890253 0.650040 0.922389 0.732383 0.652640 0.760013 0.000000 0.273495 0.290604 0.355675 0.451777 0.698214 0.288773 0.256505 0.473602 0.274819 0.780073 0.819314 0.971181 0.812517 0.892288 0.864267 0.725656 0.739073 0.277607 0.279247 0.863228 0.952564 0.638087 0.544348 0.806807 0.849150 0.917087 0.804452 0.929559 0.748204 0.502686 0.894704 0.622374 0.813149 0.650432 0.840587 0.939904 0.946514 0.975639 0.998135 0.893315 0.930473 0.728000 0.514797 0.576263 0.700470 0.397808 0.361500 0.770813 0.707800 0.344536 0.464302 0.359625 0.365921 0.557588 0.590980 0.818922 0.871428 0.387248 0.622877 0.569297 0.555639 0.862828 0.780988 0.779562 0.895863 0.603858 0.666900 0.723331 0.664005 0.394576 0.307741 0.544316 0.412806 0.392050 0.509923 0.720366 0.729198 0.603616 0.575888 0.430582 0.432309 0.380027 0.465013 0.727441 0.952489 0.734354 0.533374 0.597587 0.635063 0.684617 0.693254 0.836742 0.988780 0.730154 0.779536 0.751719 0.659748 0.671519 0.908063 0.947368 0.798504 0.593800 0.758738 0.976871 0.524916
0.203513 0.232211 0.745080 0.624500 0.949746 0.767325 0.667459 0.439057 0.754027 0.940453 0.273495 0.000000 0.204521 0.210439 0.357307 0.456257 0.204958 0.196131 0.295291 0.207435 0.681869 0.804714 0.701044 0.551935 0.768574 0.977952 0.653209 0.832433 0.248043 0.209501 0.841268 0.688416 0.389594 0.373015 0.894581 0.916405 0.796727 0.719033 0.993734 0.778559 0.585273 0.796002 0.914748 0.885013 0.861126 0.924874 0.659633 0.757587 0.838239 0.717304 0.771383 0.732446 0.957769 0.817605 0.386748 0.542664 0.244450 0.207252 0.524870 0.441774 0.222862 0.231173 0.224873 0.180297 0.478091 0.388155 0.917103 0.841581 0.328397 0.411359 0.769623 0.696765 0.883901 0.968516 0.716837 0.969562 0.834563 0.842810 0.507263 0.429986 0.233801 0.217129 0.368835 0.307166 0.215743 0.278445 0.758806 0.569527 0.414032 0.361141 0.463824 0.455617 0.406124 0.417959 0.892104 0.990634 0.823659 0.680914 0.769768 0.840401 0.728652 0.817165 0.970505 0.882982 0.960235 0.986316 0.989029 0.774305 0.690770 0.910008 0.879887 0.992989 0.763730 0.846769 0.811184 0.594676
0.283030 0.343954 0.746804 0.645775 0.843138 0.892234 0.594922 0.424717 0.913467 0.934197 0.290604 0.204521 0.000000 0.186382 0.258753 0.415736 0.267520 0.268685 0.301852 0.272162 0.735372 0.894614 0.657342 0.570500 0.848575 0.990312 0.717767 0.827206 0.243428 0.262692 0.787226 0.620600 0.405412 0.363333 0.937164 0.900843 0.860374 0.803897 0.863798 0.786372 0.612612 0.844789 0.941792 0.882026 0.900096 0.928092 0.690924 0.813119 0.860946 0.744871 0.779795 0.739604 0.933172 0.891167 0.420063 0.591129 0.355187 0.311380 0.591107 0.517014 0.173321 0.253035 0.219897 0.228236 0.535316 0.418443 0.928155 0.857363 0.483809 0.490062 0.819986 0.788255 0.759284 0.845465 0.651164 0.933534 0.905599 0.936989 0.560002 0.516172 0.308677 0.288533 0.437336 0.450280 0.263905 0.346279 0.844746 0.694983 0.487325 0.476041 0.638337 0.591456 0.550997 0.559227 0.940179 0.991061 0.909259 0.708729 0.888420 0.940376 0.889007 0.985356 0.969674 0.791002 0.952023 0.931141 0.993669 0.833837 0.697184 0.985554 0.872651 0.997767 0.808774 0.900769 0.764067 0.588392
0.306495 0.359218 0.684368 0.551907 0.805449 0.915994 0.541916 0.377149 0.930467 0.893413 0.355675 0.210439 0.186382 0.000000 0.248286 0.308789 0.271368 0.265994 0.267455 0.271565 0.672216 0.822134 0.536825 0.437756 0.771072 0.890811 0.685052 0.784565 0.280940 0.274081 0.702419 0.569527 0.384261 0.358016 0.847045 0.904043 0.850224 0.833287 0.923158 0.835091 0.690472 0.801662 0.987170 0.827918 0.942045 0.895070 0.639896 0.722576 0.836831 0.697648 0.706993 0.678835 0.817162 0.985295 0.405312 0.572881 0.348258 0.303006 0.561835 0.484765 0.215633 0.224148 0.255515 0.232520 0.513361 0.360726 0.826593 0.778264 0.514128 0.519662 0.938984 0.848900 0.700891 0.739098 0.621042 0.884452 0.944773 0.936325 0.512300 0.496572 0.327537 0.282701 0.410531 0.435410 0.236906 0.299067 0.822755 0.570866 0.488791 0.418762 0.661910 0.638000 0.581465 0.610956 0.981659 0.955607 0.879317 0.778554 0.939171 0.967601 0.913288 0.978198 0.920550 0.761553 0.867487 0.828056 0.962580 0.889199 0.689092 0.964688 0.794025 0.928652 0.900802 0.924425 0.689320 0.676008
0.523483 0.553485 0.657276 0.626606 0.635104 0.980643 0.649603 0.525039 0.937978 0.949394 0.451777 0.357307 0.258753 0.248286 0.000000 0.300677 0.399631 0.392061 0.451239 0.428670 0.659991 0.835163 0.550981 0.468601 0.774459 0.844927 0.762310 0.817745 0.369028 0.342564 0.722216 0.635819 0.532547 0.492457 0.860180 0.999400 0.897615 0.938919 0.938139 0.927734 0.801714 0.949971 0.983580 0.915831 0.897832 0.982735 0.799032 0.853256 0.983301 0.875339 0.852485 0.822927 0.867271 0.964600 0.536047 0.729626 0.550487 0.497913 0.792923 0.722435 0.309143 0.368284 0.425961 0.430071 0.500517 0.380012 0.881087 0.859991 0.679643 0.688261 0.965308 0.945714 0.674549 0.713206 0.602186 0.929817 0.993362 0.989592 0.624415 0.623439 0.475307 0.422142 0.477877 0.583705 0.376406 0.448175 0.824124 0.671656 0.669499 0.639415 0.786552 0.722378 0.701188 0.767110 0.987620 0.978806 0.809099 0.724769 0.902663 0.988398 0.908974 0.939155 0.946541 0.863070 0.905740 0.923822 0.983491 0.830695 0.676214 0.920322 0.838489 0.969940 0.866323 0.864298 0.778800 0.757017
0.561004 0.552854 0.432201 0.358837 0.652140 0.872284 0.494938 0.385894 0.775212 0.882079 0.698214 0.456257 0.415736 0.308789 0.300677 0.000000 0.470660 0.484968 0.411707 0.495287 0.589559 0.899709 0.266332 0.246774 0.514091 0.549457 0.592394 0.837777 0.520499 0.437491 0.436516 0.471805 0.420895 0.480499 0.547205 0.828875 0.747032 0.800674 0.915244 0.902193 0.864572 0.857875 0.794788 0.714885 0.993802 0.944943 0.627221 0.663133 0.992788 0.747400 0.689372 0.647723 0.644670 0.746309 0.516928 0.677008 0.528901 0.484847 0.682880 0.605473 0.397079 0.340983 0.519083 0.457257 0.400206 0.248530 0.576621 0.576159 0.717596 0.615253 0.733035 0.873246 0.546830 0.582008 0.558298 0.757312 0.788608 0.802298 0.571839 0.573757 0.557453 0.522436 0.460168 0.613525 0.362201 0.349602 0.780286 0.606280 0.646527 0.540731 0.854382 0.758356 0.806894 0.785388 0.862734 0.907568 0.926502 0.852909 0.996708 0.884073 0.953478 0.951650 0.943191 0.861224 0.627449 0.732466 0.802284 0.973286 0.846429 0.915794 0.780222 0.892636 0.986860 0.954661 0.542217 0.890035
0.219926 0.207885 0.612068 0.577046 0.947989 0.733096 0.639705 0.493159 0.629024 0.812849 0.288773 0.204958 0.267520 0.271368 0.399631 0.470660 0.000000 0.145750 0.267700 0.233235 0.573204 0.819666 0.685239 0.517746 0.617548 0.829693 0.569263 0.837492 0.221259 0.177116 0.773489 0.618280 0.345311 0.309345 0.864695 0.983882 0.717025 0.633331 0.916810 0.649749 0.542869 0.746502 0.992663 0.797333 0.937601 0.863068 0.532550 0.632543 0.811362 0.651947 0.763020 0.697114 0.890698 0.838029 0.292845 0.394116 0.195074 0.182811 0.475749 0.445867 0.263764 0.317854 0.242478 0.212167 0.410206 0.348748 0.767729 0.706362 0.324755 0.394093 0.783534 0.608504 0.877612 0.986228 0.674747 0.902138 0.890448 0.929196 0.483411 0.371055 0.200622 0.203962 0.283465 0.229489 0.212450 0.257323 0.719042 0.581926 0.470707 0.331183 0.392522 0.398554 0.337071 0.398394 0.929534 0.993167 0.905253 0.733689 0.757840 0.884198 0.695802 0.737573 0.950992 0.857208 0.946201 0.892215 0.985742 0.801155 0.641733 0.878709 0.804745 0.993951 0.810374 0.919228 0.727585 0.578390
0.213083 0.204123 0.620902 0.593545 0.933564 0.724357 0.658789 0.503776 0.611550 0.801874 0.256505 0.196131 0.268685 0.265994 0.392061 0.484968 0.145750 0.000000 0.271661 0.210827 0.576638 0.799284 0.716694 0.530132 0.644590 0.839513 0.583659 0.780823 0.223584 0.174944 0.811609 0.645244 0.367904 0.327803 0.889082 0.997820 0.736494 0.627730 0.918527 0.701137 0.569062 0.766991 0.947916 0.839166 0.884059 0.909220 0.589021 0.672609 0.851898 0.696584 0.801338 0.736191 0.935899 0.788903 0.297881 0.453410 0.195543 0.180642 0.506507 0.469086 0.257879 0.307864 0.246850 0.212061 0.395688 0.342383 0.810403 0.773196 0.318763 0.400712 0.748819 0.592716 0.924723 0.996770 0.711993 0.906963 0.843481 0.866051 0.478606 0.408315 0.203277 0.194663 0.300103 0.232384 0.214980 0.258846 0.673980 0.595402 0.487318 0.343770 0.375415 0.368624 0.326559 0.378886 0.945609 0.964815 0.837189 0.705710 0.721156 0.865374 0.682395 0.704185 0.986698 0.909422 0.969181 0.947211 0.972849 0.771675 0.671180 0.938085 0.834893 0.933743 0.775534 0.932459 0.757973 0.555766
0.249591 0.255093 0.490660 0.413347 0.924190 0.891854 0.401844 0.333604 0.833123 0.983541 0.473602 0.295291 0.301852 0.267455 0.451239 0.411707 0.267700 0.271661 0.000000 0.244257 0.565492 0.933748 0.464141 0.415285 0.597907 0.737834 0.582787 0.887654 0.327482 0.303582 0.563763 0.432632 0.271289 0.308448 0.740798 0.911699 0.634566 0.609544 0.984606 0.639024 0.615929 0.686659 0.917751 0.709597 0.973701 0.849104 0.479222 0.571463 0.824789 0.619448 0.665836 0.608650 0.789892 0.958543 0.310033 0.497780 0.239706 0.224542 0.389754 0.354661 0.264348 0.278434 0.252480 0.231201 0.439080 0.352018 0.593307 0.611044 0.392690 0.352997 0.978010 0.811013 0.677015 0.799054 0.679273 0.846187 0.956554 0.974335 0.503063 0.438559 0.303254 0.309651 0.326703 0.369642 0.219451 0.226136 0.824281 0.619175 0.465308 0.314506 0.606251 0.592430 0.563023 0.578581 0.867022 0.879775 0.868864 0.982751 0.991309 0.901727 0.981031 0.927273 0.837225 0.689456 0.713176 0.705879 0.819131 0.934490 0.740515 0.792880 0.663161 0.875298 0.936473 0.936338 0.578592 0.650460
0.187989 0.219598 0.593877 0.557029 0.988455 0.777326 0.614220 0.454700 0.741432 0.847238 0.274819 0.207435 0.272162 0.271565 0.428670 0.495287 0.233235 0.210827 0.244257 0.000000 0.598893 0.791667 0.669725 0.508520 0.665101 0.878963 0.590583 0.815606 0.281507 0.229881 0.783740 0.661639 0.385722 0.363323 0.914467 0.990848 0.726757 0.612427 0.958418 0.698326 0.547854 0.768284 0.851666 0.936350 0.776089 0.978538 0.665673 0.776438 0.933179 0.792928 0.868439 0.814715 0.979314 0.725549 0.394958 0.563373 0.228267 0.204340 0.513704 0.450374 0.260054 0.296266 0.254004 0.230951 0.422135 0.386547 0.837757 0.804047 0.282992 0.383186 0.829909 0.695236 0.901393 0.988048 0.734657 0.959557 0.835816 0.879223 0.542354 0.494152 0.282414 0.238445 0.348370 0.322140 0.227623 0.285600 0.776685 0.593209 0.461989 0.349725 0.455905 0.441548 0.420950 0.446069 0.909268 0.984647 0.932590 0.744875 0.745468 0.825328 0.788885 0.746012 0.958573 0.889804 0.933602 0.965310 0.985126 0.798221 0.794249 0.938974 0.897028 0.967857 0.752499 0.883402 0.785866 0.589824
0.627273 0.598628 0.507249 0.530966 0.872133 0.906661 0.651333 0.691103 0.920972 0.812382 0.780073 0.681869 0.735372 0.672216 0.659991 0.589559 0.573204 0.576638 0.565492 0.598893 0.000000 0.842614 0.571593 0.532543 0.532676 0.584489 0.597503 0.908695 0.674189 0.621141 0.618033 0.640022 0.508185 0.623423 0.736297 0.854610 0.698653 0.741818 0.923876 0.937133 0.736139 0.802992 0.925739 0.849244 0.944649 0.992275 0.709378 0.700918 0.958766 0.854900 0.892651 0.839490 0.859001 0.999102 0.584058 0.716209 0.581289 0.586894 0.702386 0.737998 0.651485 0.669845 0.668051 0.661700 0.478357 0.506389 0.555229 0.709501 0.612328 0.696995 0.875956 0.913871 0.772168 0.799134 0.732516 0.905464 0.935138 0.943055 0.653473 0.578728 0.639224 0.628570 0.506815 0.604767 0.527360 0.501113 0.814187 0.731546 0.763806 0.631117 0.698567 0.675312 0.726970 0.845881 0.950583 0.856847 0.953676 0.884141 0.846726 0.995423 0.844235 0.937892 0.964846 0.875692 0.730569 0.798816 0.971528 0.906617 0.838390 0.906907 0.869957 0.969923 0.921343 0.992884 0.646578 0.844115
0.843946 0.882006 0.977612 0.984864 0.858056 0.782942 0.915319 0.945906 0.792918 0.808487 0.819314 0.804714 0.894614 0.822134 0.835163 0.899709 0.819666 0.799284 0.933748 0.791667 0.842614 0.000000 0.969351 0.946481 0.994624 0.988559 0.988084 0.745021 0.817287 0.757857 0.886313 0.890489 0.940650 0.989524 0.983519 0.947670 0.921923 0.897595 0.912449 0.861215 0.978457 0.914790 0.831484 0.856546 0.810538 0.896393 0.966423 0.998783 0.893919 0.934103 0.886143 0.905520 0.892066 0.819340 0.865169 0.944941 0.843818 0.836182 0.996250 0.985178 0.911937 0.958694 0.870556 0.901350 0.879660 0.873612 0.853599 0.924082 0.898548 0.835889 0.837128 0.848058 0.929609 0.849933 0.993907 0.920587 0.903931 0.883360 0.893756 0.900941 0.862914 0.810075 0.846830 0.854646 0.849748 0.884476 0.863966 0.824196 0.910970 0.924323 0.780072 0.757741 0.766346 0.742444 0.726203 0.974813 0.861484 0.818712 0.738414 0.827049 0.801411 0.883085 0.760818 0.819721 0.940571 0.755382 0.956146 0.947075 0.834483 0.698427 0.957615 0.877315 0.756983 0.841323 0.814542 0.749351
0.702984 0.647835 0.334536 0.225292 0.672303 0.744492 0.332993 0.336990 0.668872 0.801918 0.971181 0.701044 0.657342 0.536825 0.550981 0.266332 0.685239 0.716694 0.464141 0.669725 0.571593 0.969351 0.000000 0.253443 0.462996 0.425178 0.637451 0.932011 0.766481 0.667339 0.222634 0.342370 0.424440 0.550923 0.433827 0.664752 0.634126 0.709880 0.857529 0.933539 0.968374 0.812579 0.587489 0.532171 0.853809 0.840522 0.518642 0.533754 0.951800 0.666518 0.573596 0.522985 0.500489 0.553642 0.597340 0.717840 0.631457 0.607434 0.608202 0.549123 0.566959 0.478734 0.667221 0.600576 0.490030 0.342280 0.346168 0.393826 0.845847 0.599183 0.441191 0.713315 0.419915 0.507016 0.651821 0.735977 0.583730 0.657887 0.592185 0.616873 0.722355 0.754408 0.541924 0.797526 0.495973 0.418454 0.962648 0.698808 0.723479 0.563717 0.953647 0.949383 0.963132 0.980243 0.752016 0.806695 0.819423 0.841462 0.796603 0.671030 0.869922 0.814181 0.829860 0.823861 0.407412 0.493508 0.688623 0.789816 0.994959 0.787416 0.688142 0.773981 0.803199 0.883121 0.425382 0.941946
0.580457 0.531271 0.323736 0.278731 0.760631 0.879963 0.503363 0.419172 0.841989 0.963139 0.812517 0.551935 0.570500 0.437756 0.468601 0.246774 0.517746 0.530132 0.415285 0.508520 0.532543 0.946481 0.253443 0.000000 0.393971 0.429717 0.560516 0.878336 0.647496 0.501888 0.436741 0.496000 0.408537 0.543728 0.478951 0.768357 0.621575 0.682100 0.764035 0.907181 0.853226 0.803646 0.769341 0.697055 0.981293 0.967015 0.538593 0.596723 0.964819 0.749296 0.712152 0.655751 0.644549 0.763212 0.515810 0.684652 0.507318 0.485915 0.655649 0.602725 0.511545 0.444682 0.617780 0.532258 0.351648 0.251900 0.447091 0.521382 0.662142 0.598949 0.705681 0.830654 0.584526 0.606216 0.652937 0.766283 0.818983 0.808183 0.600698 0.585281 0.588353 0.570457 0.423631 0.575307 0.395140 0.317570 0.763255 0.502084 0.664720 0.497283 0.809327 0.705472 0.808896 0.778892 0.856873 0.861166 0.980000 0.978111 0.961693 0.905775 0.957689 0.966856 0.949263 0.896856 0.578111 0.630236 0.839564 0.988771 0.833763 0.831570 0.784030 0.925516 0.992651 0.973062 0.542027 0.972426
0.727660 0.643464 0.283606 0.402550 0.929538 0.979528 0.762222 0.774962 0.906502 0.609184 0.892288 0.768574 0.848575 0.771072 0.774459 0.514091 0.617548 0.644590 0.597907 0.665101 0.532676 0.994624 0.462996 0.393971 0.000000 0.248585 0.395159 0.909777 0.881239 0.645828 0.565258 0.577276 0.600449 0.692679 0.508903 0.595796 0.428218 0.503001 0.503616 0.757811 0.772725 0.777404 0.968336 0.857488 0.755785 0.779712 0.680265 0.741356 0.688941 0.993931 0.946627 0.956412 0.926957 0.966756 0.690483 0.759458 0.629307 0.612158 0.850071 0.817324 0.805900 0.797564 0.848932 0.762594 0.307448 0.367623 0.552270 0.620283 0.583117 0.719753 0.741502 0.969968 0.862881 0.938110 0.705994 0.974914 0.962629 0.863005 0.826011 0.711300 0.764517 0.689976 0.458714 0.540511 0.546280 0.458858 0.644950 0.570035 0.756379 0.623242 0.614539 0.558984 0.661898 0.673219 0.914874 0.968808 0.976737 0.914673 0.681137 0.847411 0.765977 0.727388 0.907351 0.868724 0.725397 0.760327 0.893064 0.882514 0.973424 0.822023 0.886653 0.857135 0.797762 0.873985 0.597035 0.958852
0.929672 0.859139 0.349931 0.444144 0.906762 0.786048 0.678545 0.788454 0.929061 0.837358 0.864267 0.977952 0.990312 0.890811 0.844927 0.549457 0.829693 0.839513 0.737834 0.878963 0.584489 0.988559 0.425178 0.429717 0.248585 0.000000 0.550770 0.942306 0.979900 0.845440 0.487784 0.586788 0.650907 0.770554 0.422285 0.601689 0.493757 0.584603 0.604925 0.870691 0.984045 0.808799 0.783661 0.751674 0.954135 0.910588 0.683652 0.702316 0.765179 0.949036 0.928820 0.843304 0.755480 0.791800 0.732093 0.784866 0.820221 0.809552 0.889350 0.888205 0.937116 0.896536 0.974500 0.916506 0.477955 0.486426 0.451406 0.541156 0.847492 0.799137 0.587202 0.862979 0.749196 0.751541 0.724889 0.877471 0.793730 0.683312 0.862469 0.850750 0.922880 0.900761 0.588217 0.756737 0.708139 0.589418 0.709522 0.742718 0.843753 0.760986 0.890436 0.822650 0.926952 0.895146 0.947462 0.832505 0.931670 0.953305 0.925401 0.934230 0.990130 0.996495 0.973747 0.995581 0.560275 0.619748 0.804424 0.931528 0.980354 0.820644 0.935181 0.985163 0.997032 0.939656 0.569716 0.932212
0.621445 0.547092 0.469994 0.516236 0.995025 0.823468 0.775828 0.788787 0.823522 0.659419 0.725656 0.653209 0.717767 0.685052 0.762310 0.592394 0.569263 0.583659 0.582787 0.590583 0.597503 0.988084 0.637451 0.560516 0.395159 0.550770 0.000000 0.904983 0.748875 0.587891 0.674792 0.639911 0.609051 0.630057 0.670618 0.612034 0.486935 0.562617 0.654850 0.781743 0.724497 0.799960 0.868918 0.973445 0.694819 0.782994 0.813479 0.904261 0.770745 0.999656 0.958283 0.961298 0.997115 0.796977 0.676731 0.807587 0.547178 0.540807 0.796997 0.745340 0.667173 0.705772 0.720508 0.660208 0.385242 0.467839 0.706722 0.811138 0.560318 0.682355 0.984923 0.792635 0.944542 0.908835 0.612061 0.940777 0.895075 0.961461 0.760121 0.686664 0.734101 0.654738 0.507385 0.582995 0.492355 0.487137 0.707014 0.691375 0.764265 0.664024 0.501588 0.520368 0.566974 0.656336 0.900091 0.876413 0.819522 0.851623 0.603319 0.703524 0.591698 0.740363 0.862667 0.943705 0.894827 0.863831 0.968092 0.766980 0.949902 0.853881 0.887727 0.796927 0.770387 0.886923 0.773198 0.914332
0.849178 0.895454 0.937076 0.958865 0.994884 0.944552 0.971003 0.955794 0.982288 0.897345 0.739073 0.832433 0.827206 0.784565 0.817745 0.837777 0.837492 0.780823 0.887654 0.815606 0.908695 0.745021 0.932011 0.878336 0.909777 0.942306 0.904983 0.000000 0.818742 0.795811 0.950149 0.980998 0.965052 0.956704 0.954588 0.936622 0.996134 0.852844 0.947126 0.945983 0.938283 0.959965 0.828805 0.890236 0.772076 0.835874 0.896746 0.991731 0.863641 0.865027 0.884932 0.896480 0.918922 0.804902 0.975493 0.951392 0.839504 0.795114 0.981685 0.997923 0.819833 0.871918 0.842845 0.841255 0.803815 0.828580 0.903821 0.877492 0.875457 0.934884 0.993780 0.887123 0.967151 0.953903 0.905150 0.934264 0.849928 0.741480 0.893055 0.911944 0.868942 0.798819 0.854218 0.927755 0.804403 0.835570 0.974343 0.982475 0.996578 0.859855 0.832582 0.805785 0.868467 0.932118 0.940342 0.809519 0.828726 0.761762 0.836740 0.853427 0.793429 0.977488 0.908993 0.901287 0.944783 0.823290 0.837654 0.816725 0.964098 0.741996 0.897605 0.778841 0.886018 0.842774 0.946627 0.814650
0.264519 0.302827 0.760765 0.710932 0.907662 0.805838 0.625606 0.481971 0.738043 0.975581 0.277607 0.248043 0.243428 0.280940 0.369028 0.520499 0.221259 0.223584 0.327482 0.281507 0.674189 0.817287 0.766481 0.647496 0.881239 0.979900 0.748875 0.818742 0.000000 0.207677 0.858175 0.703840 0.426476 0.391824 0.987569 0.908956 0.870482 0.782556 0.880544 0.675933 0.627818 0.810977 0.987374 0.806803 0.983101 0.800072 0.632458 0.712748 0.709544 0.637206 0.727998 0.688445 0.897333 0.883270 0.362846 0.485708 0.297524 0.278425 0.515916 0.472481 0.258057 0.326360 0.241214 0.255028 0.568556 0.499894 0.880116 0.803314 0.446933 0.454828 0.808074 0.658920 0.856694 0.937824 0.740847 0.853669 0.940547 0.924433 0.526651 0.465928 0.257119 0.263194 0.417763 0.409478 0.291914 0.406056 0.821817 0.741871 0.527064 0.430342 0.595823 0.608618 0.513101 0.569008 0.979551 0.945739 0.967043 0.739464 0.905950 0.975158 0.853808 0.887533 0.875287 0.749876 0.976615 0.971623 0.968822 0.886405 0.615103 0.966170 0.799399 0.928841 0.887374 0.991065 0.830564 0.587725
0.248795 0.247322 0.597011 0.584351 0.958733 0.748947 0.667442 0.497266 0.724363 0.840752 0.279247 0.209501 0.262692 0.274081 0.342564 0.437491 0.177116 0.174944 0.303582 0.229881 0.621141 0.757857 0.667339 0.501888 0.645828 0.845440 0.587891 0.795811 0.207677 0.000000 0.776327 0.660469 0.404211 0.396773 0.907285 0.960462 0.735356 0.659393 0.948895 0.707550 0.599258 0.805195 0.940473 0.871579 0.866862 0.951131 0.611000 0.724548 0.903478 0.739027 0.827858 0.761614 0.955320 0.826674 0.346891 0.530261 0.244762 0.217378 0.557885 0.496372 0.257350 0.312978 0.279681 0.252723 0.374235 0.334027 0.825124 0.791172 0.352521 0.392658 0.834682 0.671334 0.899071 0.973277 0.723938 0.925644 0.859176 0.886426 0.541615 0.439097 0.251940 0.236385 0.332908 0.320846 0.228019 0.305641 0.712570 0.606972 0.517158 0.383496 0.451248 0.416941 0.408770 0.438033 0.864095 0.972835 0.870216 0.698322 0.720943 0.831878 0.742088 0.721295 0.979410 0.933403 0.963109 0.972378 0.988994 0.793370 0.673206 0.960099 0.781426 0.966003 0.741401 0.904057 0.787163 0.613714
0.790763 0.702460 0.400604 0.282948 0.717467 0.724271 0.274847 0.354306 0.712433 0.702955 0.863228 0.841268 0.787226 0.702419 0.722216 0.436516 0.773489 0.811609 0.563763 0.783740 0.618033 0.886313 0.222634 0.436741 0.565258 0.487784 0.674792 0.950149 0.858175 0.776327 0.000000 0.312049 0.450403 0.499888 0.465331 0.611605 0.652055 0.706963 0.938512 0.925025 0.986042 0.755212 0.469126 0.413333 0.668940 0.669174 0.463288 0.465056 0.806543 0.556268 0.470895 0.421523 0.403827 0.449456 0.618753 0.658762 0.685729 0.693090 0.536970 0.521241 0.648068 0.560148 0.708606 0.668097 0.654501 0.496658 0.270517 0.302412 0.943731 0.598553 0.405357 0.723481 0.402617 0.539831 0.726631 0.686591 0.463622 0.555581 0.543862 0.613929 0.783249 0.893916 0.676844 0.894171 0.642408 0.565778 0.889578 0.882432 0.792983 0.631877 0.881623 0.947734 0.877432 0.930826 0.652625 0.797573 0.715933 0.729392 0.644523 0.523746 0.824639 0.770301 0.726164 0.780578 0.373756 0.425042 0.601836 0.703198 0.879567 0.734025 0.661896 0.664810 0.624369 0.777973 0.420150 0.890489
0.627143 0.571872 0.470288 0.369697 0.751675 0.891235 0.348633 0.408634 0.995312 0.807602 0.952564 0.688416 0.620600 0.569527 0.635819 0.471805 0.618280 0.645244 0.432632 0.661639 0.640022 0.890489 0.342370 0.496000 0.577276 0.586788 0.639911 0.980998 0.703840 0.660469 0.312049 0.000000 0.397676 0.425023 0.562101 0.670748 0.611058 0.704170 0.941252 0.828306 0.917706 0.792264 0.527928 0.437367 0.743125 0.674918 0.401614 0.403315 0.771310 0.515844 0.510662 0.453557 0.458619 0.617626 0.542551 0.603662 0.568220 0.569328 0.474169 0.466522 0.555249 0.519242 0.565077 0.540128 0.613689 0.453162 0.405958 0.400219 0.794690 0.598605 0.596054 0.946497 0.523981 0.608029 0.736205 0.675514 0.654753 0.743233 0.530016 0.505474 0.595995 0.652506 0.489800 0.682846 0.474445 0.444165 0.936338 0.764890 0.629632 0.527225 0.933554 0.910669 0.911117 0.899349 0.739423 0.878960 0.840587 0.768744 0.747339 0.599850 0.899885 0.837747 0.661090 0.739903 0.497799 0.420826 0.612779 0.813257 0.987058 0.780439 0.563032 0.780175 0.713478 0.769396 0.476909 0.941602
0.319322 0.307517 0.481353 0.349263 0.887425 0.894383 0.338764 0.279744 0.833877 0.889683 0.638087 0.389594 0.405412 0.384261 0.532547 0.420895 0.345311 0.367904 0.271289 0.385722 0.508185 0.940650 0.424440 0.408537 0.600449 0.650907 0.609051 0.965052 0.426476 0.404211 0.450403 0.397676 0.000000 0.260351 0.629403 0.831705 0.674607 0.613871 0.966899 0.806203 0.770931 0.766578 0.710768 0.526929 0.829805 0.687154 0.388388 0.436086 0.681592 0.490305 0.496944 0.444057 0.612724 0.824145 0.324069 0.401596 0.275801 0.288263 0.307084 0.285744 0.316679 0.293563 0.301551 0.277524 0.501081 0.371033 0.430384 0.435632 0.501145 0.337926 0.882801 0.907020 0.590789 0.750927 0.692431 0.696591 0.796366 0.831950 0.397878 0.377490 0.356980 0.439528 0.356906 0.426916 0.281562 0.257839 0.999858 0.644691 0.502483 0.337803 0.661719 0.641740 0.646957 0.629042 0.859276 0.835443 0.802846 0.977202 0.886606 0.781427 0.944452 0.971505 0.845657 0.715255 0.622219 0.585423 0.719780 0.945086 0.802694 0.773854 0.684205 0.755141 0.901577 0.807099 0.503223 0.764333
0.332455 0.299841 0.597097 0.485619 0.948456 0.920226 0.358764 0.328437 0.751634 0.879734 0.544348 0.373015 0.363333 0.358016 0.492457 0.480499 0.309345 0.327803 0.308448 0.363323 0.623423 0.989524 0.550923 0.543728 0.692679 0.770554 0.630057 0.956704 0.391824 0.396773 0.499888 0.425023 0.260351 0.000000 0.731140 0.916101 0.665724 0.642858 0.973876 0.731741 0.709341 0.664584 0.725553 0.523390 0.770836 0.610119 0.370767 0.481647 0.602427 0.453515 0.491564 0.437001 0.584856 0.838317 0.331331 0.319182 0.289282 0.307099 0.321698 0.323560 0.298422 0.318196 0.255811 0.247066 0.603505 0.450499 0.544946 0.495082 0.529160 0.372271 0.989318 0.797621 0.628197 0.766150 0.653090 0.738004 0.846389 0.861267 0.378419 0.419244 0.312382 0.406292 0.414214 0.416755 0.330713 0.343037 0.998266 0.715394 0.482047 0.354528 0.630773 0.659699 0.582086 0.600985 0.854555 0.931110 0.920255 0.937201 0.884970 0.755574 0.922831 0.974161 0.722856 0.655245 0.754421 0.632945 0.685907 0.980635 0.863024 0.865624 0.725144 0.757667 0.874219 0.853023 0.575377 0.788826
0.942862 0.851756 0.492634 0.484795 0.918293 0.882363 0.610912 0.657347 0.846699 0.990051 0.806807 0.894581 0.937164 0.847045 0.860180 0.547205 0.864695 0.889082 0.740798 0.914467 0.736297 0.983519 0.433827 0.478951 0.508903 0.422285 0.670618 0.954588 0.987569 0.907285 0.465331 0.562101 0.629403 0.731140 0.000000 0.719366 0.632625 0.720515 0.729558 0.997105 0.931746 0.820729 0.678413 0.656435 0.907225 0.916351 0.656423 0.662771 0.959547 0.810662 0.743589 0.711334 0.651773 0.667842 0.741059 0.804786 0.839586 0.833753 0.803192 0.802142 0.891667 0.769745 0.928980 0.843383 0.635327 0.559039 0.472291 0.531223 0.908998 0.751078 0.666387 0.735883 0.661823 0.699379 0.680885 0.744868 0.578006 0.703406 0.778108 0.804637 0.896197 0.919755 0.667471 0.836610 0.738630 0.601978 0.805588 0.748404 0.819845 0.730530 0.986423 0.952569 0.928071 0.963792 0.801304 0.823016 0.967387 0.989316 0.898834 0.769404 0.993074 0.894820 0.907550 0.902976 0.521252 0.683682 0.722110 0.922919 0.974868 0.775467 0.744746 0.861289 0.867492 0.977849 0.627583 0.914285
0.961147 0.931374 0.583650 0.646057 0.889647 0.909954 0.833505 0.904194 0.956138 0.820164 0.849150 0.916405 0.900843 0.904043 0.999400 0.828875 0.983882 0.997820 0.911699 0.990848 0.854610 0.947670 0.664752 0.768357 0.595796 0.601689 0.612034 0.936622 0.908956 0.960462 0.611605 0.670748 0.831705 0.916101 0.719366 0.000000 0.711647 0.609197 0.782900 0.930579 0.906473 0.944742 0.860997 0.832011 0.978370 0.934079 0.889438 0.835604 0.792873 0.999238 0.981159 0.913074 0.842183 0.863223 0.944458 0.962326 0.910469 0.940181 0.957640 0.926039 0.967743 0.968768 0.905595 0.971449 0.707028 0.732498 0.659358 0.740229 0.984256 0.874274 0.684385 0.793600 0.814570 0.995293 0.914303 0.877339 0.894117 0.811653 0.980157 0.848148 0.972557 0.978033 0.850818 0.987388 0.862059 0.797104 0.975790 0.963457 0.916815 0.899819 0.957280 0.910347 0.996483 0.993734 0.967486 0.847579 0.998841 0.798147 0.943458 0.999867 0.890303 0.879097 0.912490 0.890169 0.841406 0.815828 0.863232 0.979907 0.885515 0.909019 0.947149 0.912804 0.990987 0.972384 0.800157 0.887989
0.723785 0.619388 0.503734 0.517074 0.882726 0.994043 0.701967 0.719875 0.803899 0.781437 0.917087 0.796727 0.860374 0.850224 0.897615 0.747032 0.717025 0.736494 0.634566 0.726757 0.698653 0.921923 0.634126 0.621575 0.428218 0.493757 0.486935 0.996134 0.870482 0.735356 0.652055 0.611058 0.674607 0.665724 0.632625 0.711647 0.000000 0.490171 0.670234 0.674219 0.662717 0.737172 0.881373 0.773243 0.884375 0.962435 0.648975 0.786090 0.895299 0.853889 0.887671 0.797438 0.848636 0.967874 0.703887 0.693348 0.656134 0.642907 0.711712 0.700170 0.820914 0.813044 0.778083 0.738850 0.580985 0.606015 0.627608 0.696104 0.679987 0.635043 0.771514 0.959506 0.871731 0.991765 0.696672 0.925953 0.950519 0.961996 0.803377 0.766765 0.778546 0.815544 0.630679 0.639308 0.642862 0.579008 0.751614 0.789694 0.795685 0.670719 0.638462 0.683618 0.672749 0.671276 0.962979 0.967115 0.953254 0.944881 0.819023 0.957435 0.795062 0.853587 0.989227 0.894801 0.708768 0.699190 0.937822 0.924167 0.964881 0.813825 0.872077 0.958759 0.942792 0.988553 0.773948 0.961363
0.584654 0.511110 0.559076 0.571319 0.812922 0.946156 0.757320 0.722229 0.774608 0.662086 0.804452 0.719033 0.803897 0.833287 0.938919 0.800674 0.633331 0.627730 0.609544 0.612427 0.741818 0.897595 0.709880 0.682100 0.503001 0.584603 0.562617 0.852844 0.782556 0.659393 0.706963 0.704170 0.613871 0.642858 0.720515 0.609197 0.490171 0.000000 0.656199 0.753218 0.684346 0.810629 0.997988 0.852468 0.790418 0.921215 0.710603 0.788697 0.891624 0.887610 0.941477 0.841438 0.965312 0.869088 0.670491 0.692609 0.522406 0.524025 0.706458 0.656626 0.744226 0.732976 0.711074 0.634197 0.535589 0.570381 0.735904 0.773179 0.546522 0.496681 0.890432 0.868573 0.983215 0.891699 0.853650 0.974433 0.932639 0.970364 0.792187 0.736505 0.637101 0.696840 0.637116 0.561961 0.584857 0.499711 0.781424 0.789468 0.672403 0.503746 0.572619 0.540240 0.626131 0.519952 0.903484 0.983224 0.956477 0.891819 0.716102 0.852846 0.771264 0.665312 0.909277 0.922507 0.903648 0.909075 0.885548 0.876546 0.960792 0.915802 0.938399 0.840381 0.836583 0.857943 0.839699 0.708006
