0.000000 0.162286 0.442458 0.515061 0.784998 0.793675 0.808909 0.732805 0.493720 0.566963 0.302218 0.261601 0.327475 0.328156 0.449863 0.657659 0.258215 0.225199 0.294712 0.220277 0.560878 0.994702 0.604393 0.389055 0.471686 0.676093 0.494519 0.802074 0.499810 0.488808 0.963395 0.698535 0.405113 0.499709 0.831704 0.873297 0.832457 0.906344 0.928006 0.892380 0.791168 0.793976 0.899329 0.773633 0.875470 0.930786 0.541161 0.589193 0.797082 0.711696 0.851378 0.752808 0.907206 0.588098 0.394495 0.458153 0.163364 0.172490 0.326570 0.295830 0.518850 0.696543 0.334742 0.337611 0.281775 0.442725 0.679778 0.868200 0.304384 0.407847 0.592768 0.499482 0.931049 0.875957 0.855445 0.976762 0.977544 0.794920 0.458617 0.348907 0.221356 0.215518 0.368816 0.228817 0.215876 0.200590 0.821103 0.482021 0.567007 0.280219 0.364243 0.482675 0.416875 0.502216 0.901514 0.955703 0.991123 0.900135 0.824332 0.969966 0.607945 0.832212 0.990362 0.713436 0.871766 0.770055 0.957955 0.939604 0.645498 0.848646 0.801132 0.959962 0.832150 0.919768 0.752857 0.624077
0.162286 0.000000 0.420546 0.440822 0.763708 0.780957 0.825619 0.695588 0.516162 0.609622 0.363268 0.278829 0.381758 0.329473 0.463552 0.627993 0.258111 0.242455 0.295193 0.219720 0.552344 0.981669 0.590418 0.380221 0.427622 0.618603 0.487888 0.812991 0.505077 0.497076 0.889150 0.664467 0.402817 0.448998 0.790490 0.883423 0.778271 0.844837 0.822560 0.912346 0.806305 0.738871 0.857857 0.726557 0.857525 0.932907 0.531271 0.592102 0.809679 0.707216 0.838640 0.734134 0.907713 0.611589 0.437634 0.466712 0.163767 0.162815 0.338699 0.325706 0.562624 0.696726 0.373270 0.343653 0.294597 0.472571 0.710353 0.892945 0.297707 0.390304 0.658080 0.505577 0.955532 0.903443 0.815630 0.976445 0.940608 0.818478 0.446575 0.360649 0.231885 0.250626 0.403789 0.251885 0.276000 0.225740 0.865331 0.549673 0.568284 0.309265 0.322498 0.424165 0.384300 0.439642 0.904815 0.998443 0.954673 0.922004 0.795705 0.975737 0.531273 0.806963 0.978720 0.753104 0.891124 0.745911 0.860878 0.915983 0.685065 0.832600 0.851134 0.937597 0.831268 0.909717 0.761566 0.592955
0.442458 0.420546 0.000000 0.259259 0.798974 0.951534 0.672779 0.514738 0.775820 0.802608 0.635787 0.501373 0.459819 0.514342 0.580701 0.614704 0.553058 0.527035 0.473283 0.496632 0.556057 0.993206 0.604681 0.439492 0.401850 0.516727 0.529155 0.918210 0.686931 0.699384 0.760648 0.606548 0.561517 0.559764 0.732047 0.891789 0.673924 0.809808 0.814794 0.713302 0.976695 0.677929 0.760750 0.678023 0.936642 0.914620 0.656323 0.694778 0.904533 0.732644 0.830808 0.755393 0.974498 0.827451 0.567393 0.626310 0.400179 0.406599 0.509034 0.474985 0.618452 0.617586 0.616779 0.577075 0.390515 0.467371 0.659492 0.819871 0.492845 0.504539 0.934575 0.814314 0.915139 0.890668 0.893327 0.791421 0.781102 0.942060 0.589770 0.559647 0.593528 0.568043 0.630369 0.595690 0.575328 0.423002 0.935365 0.901759 0.607901 0.519375 0.608393 0.706296 0.664225 0.660621 0.922057 0.962847 0.851391 0.823465 0.913527 0.804362 0.611056 0.998199 0.954223 0.817861 0.847348 0.709020 0.726040 0.977822 0.857158 0.814023 0.781996 0.989978 0.874495 0.786158 0.586913 0.748338
0.515061 0.440822 0.259259 0.000000 0.807621 0.996528 0.704792 0.424992 0.843080 0.899194 0.767788 0.543104 0.548496 0.490098 0.634681 0.547134 0.615087 0.611387 0.540356 0.621388 0.629032 0.937742 0.623611 0.424193 0.415740 0.465265 0.597867 0.951335 0.807742 0.753659 0.702585 0.586977 0.574618 0.566743 0.656008 0.910771 0.558591 0.738234 0.712998 0.709918 0.997462 0.693084 0.765900 0.695059 0.909683 0.945419 0.694699 0.736431 0.955972 0.761567 0.786692 0.688429 0.924903 0.959772 0.631692 0.644570 0.449854 0.446803 0.534802 0.478754 0.673653 0.590001 0.667812 0.587412 0.512750 0.469688 0.736481 0.818831 0.568893 0.483975 0.986707 0.837133 0.900055 0.898845 0.829309 0.887505 0.743556 0.952561 0.589896 0.597556 0.629778 0.651600 0.691280 0.609769 0.676690 0.452582 0.986275 0.932338 0.573281 0.579863 0.594675 0.661819 0.641005 0.607371 0.996795 0.929394 0.927079 0.791034 0.960840 0.827298 0.604459 0.995202 0.982045 0.781414 0.879666 0.701691 0.667064 0.952065 0.836159 0.815753 0.899683 0.952026 0.923481 0.786553 0.599479 0.753315
0.784998 0.763708 0.798974 0.807621 0.000000 0.729773 0.676031 0.820530 0.671492 0.634054 0.987602 0.994466 0.865745 0.981790 0.807504 0.781523 0.922131 0.908821 0.923009 0.757017 0.762994 0.954179 0.831758 0.982342 0.734297 0.791610 0.938104 0.962912 0.859124 0.905578 0.868279 0.973569 0.993565 0.902258 0.973694 0.731296 0.858770 0.807350 0.822869 0.970410 0.912244 0.801366 0.917300 0.947736 0.693639 0.811770 0.986498 0.959987 0.803079 0.825806 0.707672 0.735887 0.557229 0.514895 0.963041 0.980092 0.749103 0.805192 0.928409 0.856773 0.746102 0.752017 0.888048 0.946987 0.898227 0.898809 0.903269 0.789886 0.576298 0.624631 0.786792 0.746726 0.773351 0.728660 0.861142 0.901438 0.939895 0.814555 0.866695 0.910421 0.826514 0.764733 0.941458 0.802138 0.984443 0.901527 0.952903 0.972229 0.987170 0.858853 0.742366 0.722958 0.935351 0.809188 0.942946 0.974039 0.771466 0.917291 0.789052 0.799568 0.712617 0.643361 0.805485 0.999874 0.908844 0.889389 0.942913 0.889650 0.849532 0.887496 0.892324 0.752585 0.909401 0.878120 0.873886 0.837166
0.793675 0.780957 0.951534 0.996528 0.729773 0.000000 0.790371 0.745331 0.638780 0.672385 0.831481 0.881317 0.993993 0.909822 0.976463 0.866745 0.827250 0.822560 0.786104 0.782509 0.937963 0.937888 0.966127 0.931656 0.893510 0.948061 0.976270 0.840130 0.936909 0.985918 0.774420 0.889850 0.943887 0.955277 0.882768 0.904646 0.888185 0.793549 0.946673 0.753588 0.723664 0.743849 0.874830 0.848782 0.858830 0.953341 0.930584 0.932906 0.975136 0.978649 0.872665 0.864566 0.728083 0.645697 0.953629 0.871927 0.775193 0.797363 0.849978 0.904866 0.950781 0.784289 0.934582 0.956395 0.794226 0.951519 0.959336 0.922339 0.735484 0.923782 0.780465 0.698200 0.656139 0.730364 0.879260 0.860869 0.869637 0.727572 0.956855 0.908295 0.791250 0.735523 0.837713 0.737463 0.793579 0.832267 0.862080 0.898743 0.962298 0.838964 0.741175 0.878437 0.914225 0.923335 0.998186 0.886014 0.968552 0.979047 0.846421 0.854521 0.811805 0.800128 0.899748 0.980308 0.914627 0.892362 0.913948 0.833222 0.783292 0.859519 0.877450 0.975080 0.892365 0.868321 0.847956 0.818533
0.808909 0.825619 0.672779 0.704792 0.676031 0.790371 0.000000 0.258747 0.785777 0.542878 0.800443 0.567253 0.465633 0.622973 0.470781 0.570292 0.727297 0.744861 0.581178 0.831951 0.935208 0.961782 0.355269 0.719591 0.916750 0.938274 0.878218 0.901515 0.478623 0.574468 0.503686 0.596169 0.487701 0.406251 0.757972 0.918431 0.945407 0.996969 0.793313 0.954804 0.965692 0.997140 0.434076 0.478276 0.409974 0.429363 0.531292 0.605662 0.421005 0.366808 0.284475 0.310957 0.377309 0.474395 0.592223 0.545074 0.790865 0.774853 0.551227 0.635495 0.273610 0.283745 0.442592 0.436967 0.695244 0.586213 0.401857 0.410712 0.897511 0.970800 0.640447 0.774348 0.588653 0.533385 0.722570 0.613874 0.664423 0.680271 0.655331 0.704822 0.817581 0.978923 0.721213 0.939694 0.685849 0.731582 0.940186 0.906873 0.673144 0.861229 0.906451 0.800790 0.861211 0.893098 0.815581 0.838712 0.909862 0.919566 0.481880 0.432949 0.887266 0.512727 0.706867 0.733256 0.648160 0.592721 0.794495 0.909420 0.933121 0.871589 0.714742 0.653093 0.571899 0.760460 0.391863 0.951335
0.732805 0.695588 0.514738 0.424992 0.820530 0.745331 0.258747 0.000000 0.793220 0.631535 0.817495 0.508396 0.424900 0.518805 0.460908 0.391527 0.711375 0.726066 0.616147 0.826168 0.859593 0.914649 0.416439 0.551928 0.870508 0.854699 0.790535 0.973335 0.606384 0.635274 0.549114 0.599101 0.527293 0.434255 0.713869 0.986188 0.815466 0.875758 0.979626 0.890023 0.941509 0.895800 0.548582 0.569791 0.664075 0.651735 0.625020 0.732248 0.654843 0.527726 0.411186 0.378046 0.482455 0.564165 0.635277 0.642005 0.677879 0.659092 0.575195 0.601844 0.316268 0.249270 0.502369 0.439982 0.618329 0.420766 0.559611 0.559044 0.998809 0.797416 0.717414 0.857252 0.646968 0.619781 0.695950 0.694827 0.684279 0.760881 0.634100 0.685030 0.791903 0.928100 0.743899 0.878805 0.725411 0.636768 0.965106 0.973146 0.578411 0.845227 0.911788 0.941500 0.736502 0.721899 0.968857 0.991136 0.998373 0.940396 0.692863 0.583173 0.891878 0.682687 0.894125 0.825681 0.737030 0.699191 0.692108 0.922779 0.986512 0.851042 0.833909 0.901053 0.710724 0.774138 0.438009 0.900556
0.493720 0.516162 0.775820 0.843080 0.671492 0.638780 0.785777 0.793220 0.000000 0.503373 0.614223 0.663948 0.843379 0.629637 0.923036 0.974353 0.513291 0.495362 0.595478 0.478555 0.720646 0.839147 0.958915 0.667693 0.534074 0.645881 0.686822 0.896941 0.822273 0.740373 0.906344 0.858460 0.733400 0.789290 0.964496 0.968915 0.767565 0.863549 0.841186 0.988685 0.847476 0.980968 0.980695 0.882508 0.820353 0.981889 0.710766 0.681540 0.943095 0.917846 0.870768 0.938681 0.768977 0.565275 0.666935 0.618125 0.514429 0.531123 0.603151 0.660113 0.967963 0.870836 0.761156 0.722968 0.731434 0.862301 0.874987 0.988620 0.448068 0.548807 0.645406 0.651965 0.863854 0.846859 0.980761 0.998063 0.934235 0.734096 0.678853 0.599517 0.471563 0.414277 0.582379 0.387578 0.599313 0.544632 0.851322 0.600107 0.722399 0.449280 0.499336 0.651259 0.649682 0.748311 0.953379 0.838633 0.898118 0.879115 0.786671 0.957276 0.805732 0.804809 0.888029 0.696395 0.906339 0.853732 0.995853 0.999154 0.736218 0.838470 0.860945 0.950478 0.737434 0.985610 0.957408 0.736794
0.566963 0.609622 0.802608 0.899194 0.634054 0.672385 0.542878 0.631535 0.503373 0.000000 0.662723 0.864748 0.919630 0.856941 0.957701 0.818315 0.767680 0.689742 0.861380 0.607794 0.743773 0.962742 0.768099 0.738546 0.596736 0.752405 0.724419 0.747811 0.868193 0.988191 0.509991 0.747730 0.936464 0.819414 0.921239 0.912109 0.916660 0.850473 0.862875 0.941918 0.808292 0.927280 0.550401 0.679754 0.371895 0.487120 0.850796 0.891598 0.581103 0.624217 0.451344 0.534229 0.383146 0.297290 0.930113 0.978658 0.643245 0.647056 0.942285 0.838255 0.803242 0.646319 0.976984 0.965443 0.695912 0.820589 0.763440 0.592248 0.444577 0.638671 0.442485 0.523326 0.650107 0.594063 0.869148 0.769443 0.631012 0.571133 0.963987 0.813464 0.646625 0.451703 0.788092 0.519122 0.672677 0.607960 0.821199 0.591874 0.865624 0.594439 0.607304 0.607661 0.893565 0.913837 0.780928 0.961438 0.903736 0.879192 0.475618 0.579413 0.680505 0.587399 0.749560 0.930189 0.860961 0.884021 0.912172 0.873167 0.650736 0.935176 0.922097 0.715117 0.501939 0.898364 0.712903 0.726467
0.302218 0.363268 0.635787 0.767788 0.987602 0.831481 0.800443 0.817495 0.614223 0.662723 0.000000 0.318468 0.352100 0.360952 0.411592 0.644484 0.329503 0.264719 0.461221 0.352325 0.682676 0.920304 0.755369 0.538435 0.703682 0.896889 0.634989 0.734752 0.450238 0.426296 0.899358 0.841879 0.574929 0.619694 0.953402 0.916051 0.999586 0.942912 0.859478 0.956482 0.704158 0.988615 0.948977 0.973170 0.866197 0.962288 0.759737 0.799469 0.878881 0.838757 0.935638 0.892464 0.923887 0.623749 0.479466 0.603769 0.313481 0.321548 0.550104 0.537804 0.467631 0.612630 0.395085 0.414188 0.301434 0.414028 0.855277 0.976465 0.530336 0.702979 0.530243 0.569651 0.997781 0.932212 0.849991 0.922111 0.752579 0.851030 0.600466 0.504042 0.343881 0.336334 0.445480 0.364017 0.312381 0.375409 0.682375 0.568106 0.661448 0.503681 0.461360 0.551102 0.425813 0.671596 0.909553 0.944756 0.830745 0.759342 0.692057 0.852924 0.661058 0.871297 0.929330 0.913206 0.998326 0.925495 0.924831 0.894770 0.682838 0.901927 0.844066 0.994115 0.799261 0.943347 0.853874 0.657379
0.261601 0.278829 0.501373 0.543104 0.994466 0.881317 0.567253 0.508396 0.663948 0.864748 0.318468 0.000000 0.228843 0.211964 0.260747 0.397607 0.232979 0.225694 0.296752 0.310368 0.635727 0.997864 0.437420 0.377245 0.619352 0.787409 0.514334 0.846750 0.359210 0.342776 0.771573 0.592132 0.343411 0.353569 0.758178 0.918635 0.853530 0.978238 0.978814 0.873101 0.821173 0.916788 0.750205 0.670403 0.888470 0.761499 0.497175 0.562209 0.619981 0.549505 0.589928 0.525434 0.772526 0.897685 0.320803 0.420754 0.249521 0.234791 0.340505 0.360442 0.313269 0.439202 0.215356 0.194427 0.317128 0.353096 0.611183 0.727792 0.521124 0.548837 0.760286 0.662109 0.897384 0.899210 0.686559 0.805347 0.954482 0.936961 0.408814 0.325124 0.264264 0.338584 0.342676 0.348588 0.249305 0.273970 0.785133 0.563515 0.516301 0.424288 0.448982 0.569530 0.373356 0.484359 0.969590 0.993724 0.868329 0.830528 0.951034 0.910382 0.645455 0.983587 0.888018 0.699244 0.818010 0.733507 0.892985 0.934975 0.702483 0.845239 0.718736 0.908929 0.987216 0.950263 0.604900 0.678009
0.327475 0.381758 0.459819 0.548496 0.865745 0.993993 0.465633 0.424900 0.843379 0.919630 0.352100 0.228843 0.000000 0.279123 0.257031 0.375368 0.393890 0.345984 0.394709 0.449564 0.722444 0.987807 0.424393 0.356937 0.702435 0.825069 0.564639 0.934122 0.442873 0.439989 0.804515 0.622518 0.441635 0.432354 0.812414 0.944185 0.975294 0.939866 0.909213 0.892688 0.869464 0.954013 0.832185 0.776605 0.912598 0.815116 0.589521 0.680253 0.699660 0.588553 0.590989 0.514753 0.756601 0.982697 0.378538 0.501824 0.339975 0.329989 0.377087 0.360992 0.230247 0.370873 0.253770 0.283575 0.316439 0.294695 0.583070 0.676094 0.658927 0.653922 0.783873 0.724750 0.914372 0.932942 0.753895 0.849197 0.985716 0.914355 0.550167 0.407815 0.413465 0.472057 0.453670 0.479819 0.292922 0.285224 0.681393 0.601181 0.545598 0.482145 0.561446 0.687505 0.496376 0.576617 0.944738 0.983794 0.905058 0.816141 0.983574 0.889710 0.720363 0.876780 0.930695 0.845201 0.854370 0.805024 0.941151 0.874505 0.807826 0.925287 0.700789 0.977395 0.991481 0.955896 0.592825 0.761226
0.328156 0.329473 0.514342 0.490098 0.981790 0.909822 0.622973 0.518805 0.629637 0.856941 0.360952 0.211964 0.279123 0.000000 0.310681 0.333960 0.268172 0.240937 0.339465 0.366744 0.653205 0.950914 0.472557 0.298467 0.568193 0.656172 0.557026 0.942285 0.433365 0.311633 0.764948 0.553916 0.384435 0.371191 0.776805 0.974730 0.766233 0.895578 0.932009 0.858458 0.851942 0.926206 0.819762 0.732945 0.955461 0.834371 0.563168 0.607021 0.737517 0.603897 0.661123 0.572937 0.780218 0.959667 0.342795 0.422031 0.297781 0.279207 0.409520 0.418232 0.391600 0.425116 0.282814 0.255639 0.415468 0.301083 0.653653 0.713669 0.570536 0.557238 0.821691 0.698999 0.826301 0.839098 0.739478 0.794480 0.956678 0.949759 0.465312 0.354912 0.289407 0.349998 0.331177 0.308394 0.342224 0.279537 0.698420 0.529831 0.497459 0.452356 0.430015 0.520586 0.393729 0.484177 0.975693 0.956356 0.869792 0.873502 0.902077 0.904860 0.643305 0.987961 0.950177 0.734356 0.878558 0.727000 0.863385 0.937335 0.723866 0.959730 0.745959 0.946011 0.946462 0.950381 0.656465 0.694256
0.449863 0.463552 0.580701 0.634681 0.807504 0.976463 0.470781 0.460908 0.923036 0.957701 0.411592 0.260747 0.257031 0.310681 0.000000 0.329067 0.395711 0.371328 0.421668 0.479562 0.756258 0.865378 0.419439 0.419735 0.810885 0.903821 0.658685 0.925225 0.370848 0.336225 0.695359 0.642740 0.440223 0.374525 0.795959 0.944763 0.947664 0.918066 0.986858 0.868351 0.874846 0.990300 0.752438 0.709843 0.778698 0.725906 0.597274 0.639045 0.605937 0.544507 0.522338 0.476772 0.685114 0.931907 0.384923 0.495595 0.430962 0.416794 0.465743 0.525385 0.246506 0.355063 0.284624 0.291514 0.400422 0.384189 0.622787 0.685985 0.794755 0.816025 0.830597 0.774825 0.842595 0.888296 0.694942 0.751134 0.944016 0.963840 0.552844 0.508321 0.442004 0.564442 0.485232 0.543376 0.375238 0.427850 0.686758 0.701027 0.649130 0.599794 0.611997 0.641597 0.450149 0.498033 0.967127 0.987021 0.769692 0.768083 0.953953 0.870740 0.705610 0.973074 0.924640 0.814422 0.937231 0.787384 0.867086 0.783094 0.866479 0.981038 0.782864 0.908473 0.953688 0.936396 0.592686 0.777659
0.657659 0.627993 0.614704 0.547134 0.781523 0.866745 0.570292 0.391527 0.974353 0.818315 0.644484 0.397607 0.375368 0.333960 0.329067 0.000000 0.536179 0.555709 0.641145 0.719183 0.783167 0.919009 0.511864 0.444249 0.799579 0.818879 0.765175 0.979224 0.562898 0.453208 0.664449 0.588940 0.591923 0.484555 0.883445 0.979603 0.847384 0.942439 0.945531 0.792522 0.977754 0.975374 0.853423 0.824683 0.886808 0.838574 0.759919 0.788438 0.808671 0.679899 0.586724 0.500019 0.601255 0.752529 0.566686 0.717967 0.588619 0.562972 0.613747 0.682181 0.390812 0.363532 0.467890 0.434346 0.614641 0.392312 0.768750 0.696162 0.944223 0.783184 0.975029 0.931470 0.760546 0.834167 0.655321 0.781445 0.919334 0.971677 0.646067 0.560459 0.632368 0.744872 0.567314 0.726389 0.654520 0.565606 0.760314 0.906328 0.720109 0.805407 0.620431 0.609607 0.487636 0.488838 0.980914 0.859870 0.708563 0.838938 0.986415 0.898312 0.705549 0.905213 0.997072 0.919403 0.945038 0.878652 0.838761 0.846801 0.926062 0.991337 0.901286 0.972821 0.958990 0.956704 0.653516 0.800311
0.258215 0.258111 0.553058 0.615087 0.922131 0.827250 0.727297 0.711375 0.513291 0.767680 0.329503 0.232979 0.393890 0.268172 0.395711 0.536179 0.000000 0.184889 0.277892 0.257040 0.647271 0.937153 0.545105 0.453589 0.562414 0.758322 0.570900 0.793165 0.336774 0.299749 0.797829 0.628147 0.351287 0.376599 0.850704 0.936924 0.747591 0.941678 0.951553 0.863861 0.830908 0.847865 0.771304 0.641665 0.943515 0.763683 0.456516 0.485326 0.646778 0.574203 0.693325 0.632138 0.889482 0.787098 0.362347 0.389076 0.241257 0.230866 0.362266 0.406216 0.490702 0.601471 0.299983 0.268944 0.372931 0.475155 0.639144 0.743295 0.454282 0.537796 0.769924 0.596216 0.886295 0.931022 0.775517 0.794232 0.942175 0.941775 0.401017 0.358145 0.210612 0.285264 0.313897 0.292942 0.277983 0.295446 0.830898 0.491009 0.610994 0.385351 0.401811 0.526290 0.343536 0.480054 0.937426 0.952189 0.916135 0.876348 0.902022 0.927260 0.685007 0.885761 0.876097 0.666547 0.846389 0.690114 0.866111 0.968166 0.707632 0.894790 0.798658 0.832086 0.957528 0.998852 0.740087 0.712751
0.225199 0.242455 0.527035 0.611387 0.908821 0.822560 0.744861 0.726066 0.495362 0.689742 0.264719 0.225694 0.345984 0.240937 0.371328 0.555709 0.184889 0.000000 0.265090 0.219357 0.619583 0.987941 0.566461 0.403834 0.560752 0.734039 0.591106 0.782809 0.374891 0.326351 0.897101 0.656359 0.375855 0.405075 0.867994 0.946467 0.797733 0.935369 0.955925 0.865504 0.795968 0.847370 0.848975 0.724189 0.997391 0.848352 0.541957 0.565356 0.717775 0.632740 0.794925 0.719085 0.966514 0.716602 0.348291 0.403169 0.220817 0.213602 0.381328 0.425694 0.489627 0.615857 0.288231 0.279207 0.336771 0.436293 0.666095 0.790799 0.411016 0.503298 0.697235 0.578145 0.920051 0.964676 0.793047 0.838187 0.948864 0.879247 0.402126 0.330531 0.181858 0.220295 0.332782 0.228224 0.243450 0.271659 0.745569 0.462439 0.613805 0.362948 0.398343 0.481097 0.351873 0.485092 0.944441 0.952517 0.890909 0.902944 0.840464 0.951901 0.620339 0.848558 0.946488 0.735066 0.849970 0.732512 0.926412 0.944257 0.662791 0.919819 0.802291 0.927295 0.898115 0.932537 0.731195 0.695271
0.294712 0.295193 0.473283 0.540356 0.923009 0.786104 0.581178 0.616147 0.595478 0.861380 0.461221 0.296752 0.394709 0.339465 0.421668 0.641145 0.277892 0.265090 0.000000 0.267182 0.623016 0.929982 0.351819 0.452745 0.594715 0.774079 0.580108 0.978299 0.368343 0.408354 0.651198 0.537165 0.243311 0.328801 0.707503 0.974493 0.771139 0.999932 0.936074 0.920484 0.872565 0.868912 0.569378 0.475954 0.746904 0.560880 0.346979 0.352558 0.478042 0.391486 0.551444 0.495730 0.808613 0.905015 0.362051 0.308668 0.293027 0.293941 0.274637 0.343660 0.455552 0.617775 0.265016 0.269157 0.422702 0.576131 0.432954 0.585912 0.472866 0.545087 0.908459 0.718830 0.901503 0.896936 0.770407 0.799312 0.800684 0.997303 0.369107 0.338817 0.280807 0.362226 0.354760 0.339718 0.281308 0.314649 0.792089 0.554367 0.614770 0.378747 0.571244 0.715497 0.511611 0.553398 0.834893 0.853379 0.969502 0.914121 0.840937 0.692489 0.785023 0.967683 0.740994 0.595339 0.685152 0.531823 0.808594 0.976539 0.778240 0.746554 0.660988 0.812736 0.875877 0.765064 0.597134 0.739610
0.220277 0.219720 0.496632 0.621388 0.757017 0.782509 0.831951 0.826168 0.478555 0.607794 0.352325 0.310368 0.449564 0.366744 0.479562 0.719183 0.257040 0.219357 0.267182 0.000000 0.557550 0.947463 0.587239 0.492451 0.526815 0.686251 0.522830 0.833943 0.455905 0.446809 0.863389 0.722883 0.395158 0.462605 0.855174 0.974139 0.790618 0.846270 0.902810 0.907351 0.777191 0.799311 0.811438 0.691932 0.969206 0.854983 0.534812 0.544985 0.736094 0.663389 0.836710 0.772288 0.914218 0.614270 0.410616 0.444552 0.237472 0.236911 0.406034 0.421784 0.616859 0.760524 0.372764 0.365686 0.369128 0.569338 0.687785 0.866726 0.322427 0.444929 0.675758 0.561608 0.960250 0.989790 0.813621 0.904509 0.956129 0.865068 0.434359 0.385956 0.224644 0.229531 0.394090 0.251220 0.279475 0.304241 0.858313 0.520235 0.651015 0.328347 0.426664 0.554097 0.460757 0.512624 0.950986 0.834654 0.962016 0.952933 0.866075 0.975601 0.615237 0.789486 0.943882 0.707682 0.830786 0.715545 0.890466 0.950422 0.780850 0.855765 0.820413 0.951300 0.868196 0.891167 0.781498 0.672581
0.560878 0.552344 0.556057 0.629032 0.762994 0.937963 0.935208 0.859593 0.720646 0.743773 0.682676 0.635727 0.722444 0.653205 0.756258 0.783167 0.647271 0.619583 0.623016 0.557550 0.000000 0.983462 0.791778 0.717126 0.528317 0.559478 0.715071 0.995490 0.761310 0.781317 0.840497 0.605775 0.636845 0.676439 0.997368 0.893465 0.793476 0.730928 0.860357 0.804524 0.954663 0.774259 0.814653 0.735931 0.983866 0.910247 0.726780 0.642237 0.891318 0.785532 0.926760 0.860174 0.994405 0.770850 0.572787 0.738669 0.529575 0.552251 0.629454 0.583818 0.843101 0.824970 0.699619 0.678014 0.623821 0.727511 0.837179 0.967039 0.552564 0.660814 0.847605 0.747948 0.999206 0.970389 0.951219 0.853101 0.856205 0.986038 0.683226 0.563332 0.608065 0.591417 0.588552 0.632166 0.672736 0.607625 0.899568 0.925105 0.768171 0.636778 0.656116 0.723238 0.812597 0.815530 0.973666 0.889392 0.949270 0.988578 0.997550 0.912613 0.748376 0.859695 0.900806 0.702602 0.912621 0.713027 0.856356 0.979021 0.744118 0.765306 0.878663 0.925310 0.978463 0.584824 0.715522 0.660265
0.994702 0.981669 0.993206 0.937742 0.954179 0.937888 0.961782 0.914649 0.839147 0.962742 0.920304 0.997864 0.987807 0.950914 0.865378 0.919009 0.937153 0.987941 0.929982 0.947463 0.983462 0.000000 0.852922 0.951238 0.917358 0.912624 0.889219 0.940707 0.920557 0.971221 0.946746 0.955157 0.991341 0.920043 0.994713 0.970843 0.889269 0.998819 0.907933 0.903091 0.924389 0.901310 0.881715 0.881549 0.973435 0.909333 0.809360 0.854000 0.898910 0.927049 0.975143 0.951522 0.963100 0.962595 0.986943 0.968156 0.977717 0.987737 0.983608 0.994191 0.914459 0.900293 0.967364 0.986568 0.974488 0.850570 0.910838 0.936504 0.882090 0.929171 0.908736 0.974138 0.966724 0.955170 0.903436 0.937874 0.805220 0.847320 0.969842 0.892931 0.905499 0.963159 0.962982 0.994582 0.969254 0.974660 0.978726 0.906997 0.998610 0.895879 0.962661 0.879442 0.959412 0.992740 0.928320 0.830306 0.924110 0.976620 0.884463 0.893576 0.920921 0.987122 0.991691 0.973487 0.910259 0.881586 0.990039 0.924563 0.920716 0.749533 0.947005 0.959687 0.928941 0.972101 0.979254 0.855320
0.604393 0.590418 0.604681 0.623611 0.831758 0.966127 0.355269 0.416439 0.958915 0.768099 0.755369 0.437420 0.424393 0.472557 0.419439 0.511864 0.545105 0.566461 0.351819 0.587239 0.791778 0.852922 0.000000 0.514346 0.824640 0.881761 0.725909 0.834395 0.473866 0.535285 0.415433 0.432436 0.335529 0.344732 0.618030 0.945127 0.852169 0.939718 0.994473 0.947896 0.983957 0.917980 0.401548 0.389021 0.482700 0.377739 0.319777 0.392485 0.346633 0.269205 0.292336 0.241595 0.489303 0.644802 0.427960 0.395230 0.616966 0.578084 0.379691 0.480972 0.385867 0.491046 0.333961 0.329239 0.655413 0.677065 0.357329 0.435079 0.829801 0.733533 0.788936 0.986974 0.692258 0.696596 0.704067 0.696470 0.592569 0.907863 0.517663 0.505433 0.565074 0.722025 0.558885 0.681632 0.467733 0.516398 0.832065 0.697958 0.704598 0.593613 0.832196 0.941100 0.696712 0.634579 0.824254 0.937249 0.949148 0.898249 0.590498 0.525094 0.999796 0.731966 0.647029 0.632012 0.678703 0.485443 0.846345 0.936680 0.909204 0.700536 0.709501 0.752424 0.674616 0.763096 0.434893 0.857014
0.389055 0.380221 0.439492 0.424193 0.982342 0.931656 0.719591 0.551928 0.667693 0.738546 0.538435 0.377245 0.356937 0.298467 0.419735 0.444249 0.453589 0.403834 0.452745 0.492451 0.717126 0.951238 0.514346 0.000000 0.519259 0.598390 0.596649 0.885914 0.657166 0.549628 0.872811 0.587159 0.517349 0.533955 0.711808 0.955258 0.811962 0.866191 0.855421 0.902627 0.902868 0.829766 0.960227 0.851687 0.880921 0.981794 0.640578 0.709982 0.904405 0.723407 0.780500 0.649097 0.901339 0.912428 0.456172 0.542115 0.362869 0.334203 0.428100 0.437138 0.509302 0.566911 0.436586 0.426177 0.455867 0.370058 0.692043 0.799639 0.548990 0.507356 0.762382 0.710309 0.964248 0.978992 0.851128 0.986959 0.956225 0.776087 0.634670 0.532681 0.440153 0.445668 0.456977 0.395722 0.419673 0.282443 0.731544 0.573460 0.525393 0.420140 0.457770 0.498227 0.483602 0.510398 0.952989 0.925611 0.847706 0.996919 0.897394 0.948462 0.647586 0.947887 0.973777 0.826188 0.972703 0.790169 0.970790 0.790226 0.655121 0.926800 0.776320 0.862233 0.890873 0.940733 0.766323 0.675908
0.471686 0.427622 0.401850 0.415740 0.734297 0.893510 0.916750 0.870508 0.534074 0.596736 0.703682 0.619352 0.702435 0.568193 0.810885 0.799579 0.562414 0.560752 0.594715 0.526815 0.528317 0.917358 0.824640 0.519259 0.000000 0.265864 0.459090 0.816031 0.920644 0.843260 0.899481 0.673561 0.667932 0.712521 0.725566 0.932662 0.585118 0.721524 0.616124 0.798364 0.967206 0.654596 0.903938 0.777680 0.730137 0.922452 0.686313 0.701995 0.924566 0.880474 0.942989 0.943945 0.853440 0.670557 0.667556 0.674844 0.432738 0.418330 0.599488 0.499003 0.959365 0.911257 0.812921 0.717350 0.533438 0.632961 0.853225 0.967513 0.393621 0.469808 0.811314 0.655585 0.923321 0.977884 0.935777 0.994044 0.859154 0.904355 0.656590 0.613086 0.580670 0.496505 0.688116 0.471743 0.643504 0.446615 0.956168 0.810774 0.680694 0.441461 0.429952 0.579662 0.647478 0.695096 0.966179 0.983656 0.921250 0.893227 0.859120 0.973633 0.621873 0.767162 0.899580 0.746957 0.855525 0.695445 0.811090 0.870452 0.781935 0.781907 0.858502 0.810926 0.953112 0.834138 0.828348 0.727735
0.676093 0.618603 0.516727 0.465265 0.791610 0.948061 0.938274 0.854699 0.645881 0.752405 0.896889 0.787409 0.825069 0.656172 0.903821 0.818879 0.758322 0.734039 0.774079 0.686251 0.559478 0.912624 0.881761 0.598390 0.265864 0.000000 0.583076 0.877605 0.967261 0.903375 0.817702 0.699469 0.789261 0.732136 0.745301 0.943860 0.538833 0.577125 0.557113 0.831516 0.974897 0.557932 0.889967 0.793866 0.794300 0.919104 0.762480 0.778145 0.880081 0.920560 0.968867 0.935591 0.967909 0.860492 0.727821 0.726001 0.640327 0.603023 0.751484 0.630794 0.949342 0.880424 0.923073 0.845120 0.717117 0.692100 0.915234 0.997580 0.535713 0.536910 0.956760 0.784006 0.992769 0.932681 0.989339 0.993727 0.818410 0.959618 0.728717 0.716718 0.734131 0.671320 0.831757 0.599402 0.821882 0.596673 0.953827 0.880539 0.649611 0.555341 0.597969 0.716222 0.813859 0.761008 0.989618 0.964766 0.840752 0.850945 0.999907 0.937807 0.688520 0.880705 0.943957 0.780704 0.779672 0.738003 0.815935 0.969235 0.899716 0.817123 0.951081 0.882765 0.987875 0.774811 0.834008 0.813416
0.494519 0.487888 0.529155 0.597867 0.938104 0.976270 0.878218 0.790535 0.686822 0.724419 0.634989 0.514334 0.564639 0.557026 0.658685 0.765175 0.570900 0.591106 0.580108 0.522830 0.715071 0.889219 0.725909 0.596649 0.459090 0.583076 0.000000 0.721033 0.798395 0.746786 0.843070 0.766069 0.704302 0.650475 0.820400 0.898140 0.720886 0.937063 0.902088 0.759738 0.961411 0.852926 0.905206 0.798230 0.870768 0.996575 0.729788 0.714699 0.971865 0.852467 0.922507 0.821277 0.947261 0.794076 0.606943 0.658528 0.499735 0.496502 0.617324 0.510582 0.731163 0.763799 0.660386 0.608359 0.546040 0.565207 0.784630 0.929204 0.606695 0.633243 0.825532 0.783691 0.992362 0.927252 0.668067 0.952205 0.879447 0.946636 0.725292 0.620308 0.633651 0.527387 0.660415 0.561954 0.549079 0.445547 0.883822 0.758145 0.648439 0.505285 0.562999 0.793463 0.669419 0.822153 0.937624 0.893623 0.963429 0.989742 0.950406 0.997745 0.687150 0.990843 0.903314 0.748386 0.901395 0.763847 0.915977 0.900120 0.911236 0.911545 0.681549 0.956176 0.936144 0.988627 0.686488 0.910838
0.802074 0.812991 0.918210 0.951335 0.962912 0.840130 0.901515 0.973335 0.896941 0.747811 0.734752 0.846750 0.934122 0.942285 0.925225 0.979224 0.793165 0.782809 0.978299 0.833943 0.995490 0.940707 0.834395 0.885914 0.816031 0.877605 0.721033 0.000000 0.921367 0.887397 0.745626 0.830365 0.930693 0.975964 0.981623 0.941052 0.836110 0.875630 0.919650 0.797709 0.825507 0.729031 0.882288 0.938810 0.735106 0.751246 0.909829 0.904955 0.788239 0.797032 0.767823 0.792217 0.859007 0.753923 0.958937 0.956138 0.793123 0.774128 0.958927 0.987910 0.979540 0.915221 0.996724 0.900248 0.727098 0.754792 0.821801 0.761498 0.774075 0.776532 0.880284 0.950560 0.947982 0.946286 0.940134 0.927228 0.757229 0.936080 0.892489 0.983532 0.844343 0.749133 0.993072 0.820327 0.857531 0.839098 0.997062 0.858801 0.940851 0.827359 0.803243 0.784995 0.767739 0.976965 0.917110 0.942260 0.868005 0.983588 0.722885 0.799886 0.826955 0.861908 0.981930 0.991697 0.943229 0.939977 0.887200 0.978888 0.790598 0.903693 0.994208 0.863421 0.819136 0.976041 0.945014 0.919486
0.499810 0.505077 0.686931 0.807742 0.859124 0.936909 0.478623 0.606384 0.822273 0.868193 0.450238 0.359210 0.442873 0.433365 0.370848 0.562898 0.336774 0.374891 0.368343 0.455905 0.761310 0.920557 0.473866 0.657166 0.920644 0.967261 0.798395 0.921367 0.000000 0.246862 0.683732 0.617195 0.368245 0.334734 0.887746 0.998202 0.950392 0.986904 0.865807 0.895548 0.852397 0.908966 0.612681 0.572276 0.640034 0.569016 0.484112 0.490839 0.453954 0.469139 0.492571 0.521589 0.672665 0.915425 0.415972 0.472014 0.483517 0.476690 0.480866 0.588737 0.368732 0.459179 0.309301 0.314549 0.532104 0.593547 0.557228 0.613532 0.782633 0.772123 0.985734 0.878787 0.714424 0.713042 0.776561 0.760311 0.835887 0.832000 0.494317 0.493142 0.409057 0.588075 0.403235 0.596583 0.464671 0.583863 0.823590 0.681280 0.713279 0.639837 0.719408 0.807619 0.499136 0.634660 0.888546 0.894199 0.952257 0.911659 0.871818 0.774474 0.969190 0.909917 0.796115 0.750961 0.781665 0.664350 0.796514 0.953137 0.860903 0.899801 0.744874 0.698384 0.819974 0.861813 0.644400 0.843467
0.488808 0.497076 0.699384 0.753659 0.905578 0.985918 0.574468 0.635274 0.740373 0.988191 0.426296 0.342776 0.439989 0.311633 0.336225 0.453208 0.299749 0.326351 0.408354 0.446809 0.781317 0.971221 0.535285 0.549628 0.843260 0.903375 0.746786 0.887397 0.246862 0.000000 0.693153 0.629403 0.414503 0.342214 0.899881 0.932313 0.801651 0.913710 0.975561 0.909980 0.932718 0.891810 0.738383 0.645332 0.765692 0.673380 0.552100 0.541979 0.592487 0.556097 0.593541 0.570601 0.720474 0.947988 0.406084 0.444272 0.478797 0.458129 0.508951 0.627031 0.402896 0.451117 0.339172 0.322644 0.555291 0.490557 0.641150 0.651955 0.750501 0.733237 0.911142 0.829140 0.725849 0.732769 0.771601 0.691927 0.946750 0.925645 0.467629 0.416581 0.375409 0.534936 0.386837 0.503549 0.488455 0.528813 0.753657 0.632369 0.648299 0.606635 0.605734 0.654440 0.448878 0.567094 0.917668 0.914872 0.886307 0.900792 0.994547 0.856602 0.865543 0.984583 0.870309 0.770499 0.863319 0.700172 0.814733 0.987062 0.818917 0.998766 0.789934 0.750615 0.915264 0.911990 0.712918 0.910499
0.963395 0.889150 0.760648 0.702585 0.868279 0.774420 0.503686 0.549114 0.906344 0.509991 0.899358 0.771573 0.804515 0.764948 0.695359 0.664449 0.797829 0.897101 0.651198 0.863389 0.840497 0.946746 0.415433 0.872811 0.899481 0.817702 0.843070 0.745626 0.683732 0.693153 0.000000 0.430966 0.486659 0.408138 0.679670 0.818251 0.668826 0.942935 0.921885 0.879980 0.817037 0.875194 0.330166 0.318216 0.409446 0.332655 0.410150 0.417833 0.432182 0.348475 0.309292 0.309687 0.426118 0.479323 0.660683 0.564642 0.918688 0.896955 0.613505 0.732814 0.687715 0.612776 0.640551 0.601806 0.995912 0.981132 0.481673 0.445043 0.896373 0.924465 0.574180 0.740168 0.628215 0.588213 0.780489 0.609152 0.442882 0.627530 0.579978 0.725312 0.878487 0.895493 0.859725 0.990556 0.907705 0.891164 0.866770 0.967246 0.875493 0.889652 0.983700 0.887060 0.881349 0.774854 0.741482 0.882369 0.867364 0.792660 0.443178 0.416807 0.941787 0.687488 0.573188 0.659454 0.711497 0.499414 0.724421 0.898607 0.794187 0.731004 0.779919 0.650630 0.558469 0.719088 0.496701 0.894879
0.698535 0.664467 0.606548 0.586977 0.973569 0.889850 0.596169 0.599101 0.858460 0.747730 0.841879 0.592132 0.622518 0.553916 0.642740 0.588940 0.628147 0.656359 0.537165 0.722883 0.605775 0.955157 0.432436 0.587159 0.673561 0.699469 0.766069 0.830365 0.617195 0.629403 0.430966 0.000000 0.430205 0.439078 0.777421 0.980509 0.765351 0.882682 0.930198 0.788709 0.881272 0.842638 0.556585 0.478141 0.619812 0.495187 0.388667 0.435301 0.533720 0.431576 0.467372 0.414654 0.575946 0.746772 0.525791 0.510942 0.623867 0.627202 0.456087 0.535993 0.655398 0.610206 0.523579 0.503952 0.817833 0.804909 0.545653 0.546058 0.783803 0.703295 0.848055 0.939399 0.733756 0.740557 0.825528 0.744887 0.653327 0.917795 0.536707 0.508853 0.633130 0.792047 0.571917 0.753713 0.700489 0.664273 0.907700 0.920413 0.812115 0.675804 0.750131 0.825957 0.696769 0.707278 0.868339 0.995902 0.884821 0.801531 0.671674 0.611017 0.941522 0.802745 0.615138 0.585646 0.873403 0.478263 0.911105 0.992902 0.895529 0.733260 0.696307 0.880697 0.632591 0.692843 0.562065 0.921730
0.405113 0.402817 0.561517 0.574618 0.993565 0.943887 0.487701 0.527293 0.733400 0.936464 0.574929 0.343411 0.441635 0.384435 0.440223 0.591923 0.351287 0.375855 0.243311 0.395158 0.636845 0.991341 0.335529 0.517349 0.667932 0.789261 0.704302 0.930693 0.368245 0.414503 0.486659 0.430205 0.000000 0.278445 0.643146 0.977793 0.777900 0.935628 0.994506 0.893037 0.993179 0.847136 0.474128 0.398191 0.623540 0.459943 0.308604 0.323322 0.410539 0.333182 0.405622 0.365597 0.648099 0.892372 0.388551 0.323701 0.379200 0.377423 0.294678 0.361575 0.430899 0.518363 0.281770 0.264284 0.519641 0.613330 0.418118 0.517194 0.608255 0.581230 0.992796 0.829517 0.774605 0.775488 0.767821 0.702623 0.745484 0.865072 0.338819 0.376208 0.365459 0.518037 0.385830 0.444730 0.388766 0.407270 0.927715 0.622394 0.647451 0.479263 0.608912 0.781355 0.551467 0.563952 0.844351 0.913282 0.954003 0.966388 0.741186 0.599389 0.850537 0.912872 0.704664 0.569294 0.650765 0.504245 0.832745 0.983671 0.817104 0.733154 0.691201 0.733007 0.776984 0.695936 0.570670 0.835065
0.499709 0.448998 0.559764 0.566743 0.902258 0.955277 0.406251 0.434255 0.789290 0.819414 0.619694 0.353569 0.432354 0.371191 0.374525 0.484555 0.376599 0.405075 0.328801 0.462605 0.676439 0.920043 0.344732 0.533955 0.712521 0.732136 0.650475 0.975964 0.334734 0.342214 0.408138 0.439078 0.278445 0.000000 0.683061 0.859652 0.662153 0.873495 0.874619 0.911686 0.959007 0.778121 0.434115 0.357422 0.583226 0.458264 0.317509 0.365046 0.434334 0.343766 0.373724 0.337313 0.546709 0.767165 0.403789 0.338009 0.467670 0.458473 0.351545 0.485700 0.391408 0.400194 0.295310 0.251619 0.570315 0.564710 0.423086 0.501803 0.739228 0.659940 0.867574 0.952558 0.671603 0.669170 0.759384 0.687881 0.665199 0.770810 0.374671 0.400296 0.438871 0.629564 0.456071 0.553055 0.491398 0.487928 0.976520 0.713182 0.600798 0.547022 0.641595 0.775345 0.539850 0.541412 0.838253 0.858638 0.966139 0.926440 0.690569 0.559934 0.827550 0.834428 0.721061 0.622026 0.693351 0.493763 0.678425 0.994553 0.899757 0.740528 0.750516 0.722754 0.784952 0.734154 0.457404 0.953814
0.831704 0.790490 0.732047 0.656008 0.973694 0.882768 0.757972 0.713869 0.964496 0.921239 0.953402 0.758178 0.812414 0.776805 0.795959 0.883445 0.850704 0.867994 0.707503 0.855174 0.997368 0.994713 0.618030 0.711808 0.725566 0.745301 0.820400 0.981623 0.887746 0.899881 0.679670 0.777421 0.643146 0.683061 0.000000 0.938076 0.743339 0.946289 0.801790 0.907313 0.925451 0.870740 0.611314 0.599568 0.750577 0.684159 0.619223 0.647860 0.753097 0.634611 0.645797 0.665047 0.746046 0.826264 0.759924 0.619968 0.810023 0.796878 0.696600 0.704470 0.803772 0.800102 0.762954 0.737803 0.848121 0.881687 0.604617 0.690380 0.883059 0.844543 0.816221 0.990097 0.943452 0.815834 0.979316 0.904219 0.694891 0.792344 0.802219 0.806360 0.833920 0.899616 0.890672 0.817730 0.808381 0.743714 0.980208 0.931756 0.671550 0.756887 0.857489 0.924988 0.894287 0.793790 0.884777 0.910237 0.909079 0.842872 0.742229 0.674959 0.917688 0.949958 0.657748 0.677140 0.655340 0.746536 0.914834 0.925602 0.955888 0.724804 0.658069 0.793448 0.732599 0.822281 0.646480 0.985138
0.873297 0.883423 0.891789 0.910771 0.731296 0.904646 0.918431 0.986188 0.968915 0.912109 0.916051 0.918635 0.944185 0.974730 0.944763 0.979603 0.936924 0.946467 0.974493 0.974139 0.893465 0.970843 0.945127 0.955258 0.932662 0.943860 0.898140 0.941052 0.998202 0.932313 0.818251 0.980509 0.977793 0.859652 0.938076 0.000000 0.786918 0.895354 0.997323 0.895395 0.737455 0.881378 0.919874 0.873022 0.839646 0.897302 0.957419 0.846598 0.987291 0.935765 0.909246 0.923796 0.839889 0.752681 0.999323 0.881113 0.822028 0.848581 0.993688 0.887337 0.974640 0.979376 0.999642 0.968808 0.817218 0.950706 0.865690 0.797094 0.789678 0.940149 0.848531 0.753011 0.787364 0.867673 0.858484 0.937586 0.958583 0.811892 0.970167 0.967451 0.870157 0.872066 0.950329 0.930992 0.918961 0.973663 0.940737 0.980088 0.942466 0.983455 0.863841 0.814141 0.850846 0.852715 0.926177 0.693945 0.892027 0.672867 0.806704 0.750578 0.763452 0.799006 0.777501 0.747678 0.890226 0.819445 0.902701 0.980085 0.851071 0.929979 0.897352 0.829719 0.938652 0.896636 0.869384 0.715656
0.832457 0.778271 0.673924 0.558591 0.858770 0.888185 0.945407 0.815466 0.767565 0.916660 0.999586 0.853530 0.975294 0.766233 0.947664 0.847384 0.747591 0.797733 0.771139 0.790618 0.793476 0.889269 0.852169 0.811962 0.585118 0.538833 0.720886 0.836110 0.950392 0.801651 0.668826 0.765351 0.777900 0.662153 0.743339 0.786918 0.000000 0.648769 0.594134 0.816623 0.936942 0.772688 0.721841 0.633088 0.982106 0.880608 0.737185 0.670160 0.987094 0.858699 0.913007 0.857301 0.910534 0.918809 0.776136 0.707091 0.808508 0.793882 0.819385 0.868272 0.963402 0.921924 0.910038 0.812549 0.910059 0.833755 0.803745 0.835062 0.778863 0.663872 0.849586 0.807239 0.669756 0.720354 0.942594 0.844980 0.800896 0.889877 0.694761 0.795877 0.787490 0.812259 0.835108 0.787953 0.918207 0.761192 0.883055 0.910563 0.696578 0.755768 0.796227 0.811078 0.790326 0.797348 0.956420 0.862803 0.982246 0.786307 0.923233 0.799340 0.857034 0.992954 0.779940 0.602780 0.742508 0.591526 0.704682 0.841030 0.979443 0.860764 0.996078 0.934065 0.930829 0.798573 0.731989 0.942965
0.906344 0.844837 0.809808 0.738234 0.807350 0.793549 0.996969 0.875758 0.863549 0.850473 0.942912 0.978238 0.939866 0.895578 0.918066 0.942439 0.941678 0.935369 0.999932 0.846270 0.730928 0.998819 0.939718 0.866191 0.721524 0.577125 0.937063 0.875630 0.986904 0.913710 0.942935 0.882682 0.935628 0.873495 0.946289 0.895354 0.648769 0.000000 0.802350 0.993959 0.979222 0.591964 0.940116 0.905213 0.840319 0.858038 0.990320 0.983519 0.827160 0.887516 0.896816 0.910899 0.999331 0.965098 0.973533 0.957654 0.873767 0.850889 0.971139 0.976042 0.877529 0.923538 0.961953 0.945686 0.990742 0.843509 0.874319 0.877835 0.736898 0.611695 0.878396 0.975889 0.790139 0.789385 0.912867 0.995484 0.902798 0.957641 0.761721 0.833291 0.873969 0.832264 0.875373 0.880791 0.951999 0.928025 0.747227 0.965970 0.773197 0.865908 0.906963 0.822658 0.974171 0.887885 0.848381 0.881810 0.996828 0.817360 0.942409 0.978890 0.958949 0.973684 0.932711 0.871681 0.902644 0.739787 0.814536 0.763292 0.930708 0.928428 0.805766 0.805324 0.817023 0.696117 0.973902 0.835736
