0.000000 0.300549 0.990464 0.895207 0.806294 0.972728 0.981279 0.882710 0.956151 0.833746 0.396390 0.390420 0.831260 0.897659 0.909226 0.826313 0.355024 0.353330 0.624644 0.547446 0.737122 0.909781 0.924593 0.989609 0.971001 0.945138 0.941896 0.788576 0.557356 0.559876 0.899310 0.987829 0.571998 0.497592 0.931888 0.870054 0.730856 0.661160 0.847134 0.700802 0.531068 0.637060 0.743827 0.650702 0.812996 0.677341 0.476126 0.525235 0.610961 0.598945 0.703621 0.718566 0.993767 0.706040 0.518157 0.653228 0.277016 0.363831 0.385710 0.380181 0.503608 0.599094 0.544587 0.453339 0.920221 0.740737 0.667325 0.538604 0.402092 0.497685 0.963803 0.908805 0.616167 0.642613 0.670805 0.979021 0.923829 0.923648 0.530530 0.624277 0.337959 0.375127 0.640859 0.426515 0.578749 0.638002 0.968974 0.969476 0.807136 0.660183 0.782380 0.779771 0.871622 0.716612 0.658883 0.942964 0.814605 0.937458 0.914664 0.987466 0.936614 0.728938 0.870505 0.795044 0.636606 0.755996 0.881867 0.961651 0.977696 0.827950 0.908905 0.729500 0.907882 0.872385 0.838588 0.962443
0.300549 0.000000 0.970748 0.882916 0.772110 0.999033 0.994945 0.889735 0.931286 0.715001 0.482818 0.392115 0.790275 0.806918 0.847677 0.799586 0.430265 0.425951 0.674176 0.577428 0.795334 0.866865 0.970358 0.936078 0.938045 0.952835 0.928206 0.728896 0.525848 0.601086 0.936687 0.967130 0.552510 0.510840 0.908101 0.923430 0.773689 0.740429 0.814712 0.759306 0.575972 0.598174 0.777563 0.673328 0.826139 0.693381 0.460850 0.503287 0.627681 0.561574 0.655916 0.669060 0.932565 0.771743 0.527302 0.704381 0.288059 0.314921 0.345060 0.297918 0.471511 0.575052 0.550338 0.471435 0.882195 0.722148 0.651811 0.541714 0.377365 0.448391 0.976259 0.897582 0.595602 0.646556 0.684922 0.986852 0.933660 0.868869 0.557650 0.589748 0.377315 0.400134 0.598559 0.416428 0.528662 0.601531 0.939570 0.958866 0.806319 0.682367 0.792513 0.789836 0.888332 0.702490 0.683886 0.951752 0.854853 0.982502 0.924781 0.999831 0.936690 0.723556 0.928952 0.881741 0.659582 0.696903 0.951925 0.891432 0.992255 0.823104 0.853409 0.711596 0.998080 0.889574 0.856447 0.891110
0.990464 0.970748 0.000000 0.279127 0.856317 0.889605 0.429273 0.394874 0.476420 0.834076 0.929347 0.808837 0.528910 0.705750 0.833604 0.453925 0.839028 0.835671 0.648299 0.613237 0.762573 0.869604 0.606389 0.506024 0.357748 0.377450 0.855972 0.997999 0.882044 0.852291 0.539813 0.659555 0.620895 0.744620 0.881752 0.893201 0.640116 0.571982 0.513491 0.649825 0.934817 0.989933 0.586175 0.656765 0.965961 0.996121 0.778500 0.750767 0.930582 0.918582 0.948321 0.961530 0.922114 0.992803 0.897558 0.899683 0.990402 0.756842 0.768696 0.918733 0.977839 0.649961 0.548228 0.612800 0.345404 0.363717 0.593572 0.829039 0.831632 0.962599 0.530188 0.464875 0.816348 0.739778 0.959168 0.785265 0.609277 0.612097 0.839194 0.987138 0.796538 0.894547 0.885174 0.898543 0.871478 0.699951 0.916025 0.755879 0.755647 0.771403 0.526832 0.542604 0.468920 0.485033 0.923152 0.763880 0.832316 0.724845 0.761065 0.678495 0.845081 0.811418 0.976876 0.792653 0.687334 0.802719 0.814773 0.864716 0.959890 0.965704 0.916968 0.996705 0.967525 0.872033 0.878880 0.931365
0.895207 0.882916 0.279127 0.000000 0.749848 0.902704 0.465906 0.365415 0.542427 0.881850 0.824038 0.728880 0.586986 0.605454 0.848931 0.493190 0.914965 0.955392 0.649385 0.528135 0.732016 0.933216 0.595675 0.477442 0.333938 0.362527 0.807526 0.930071 0.967424 0.924632 0.587119 0.665630 0.565224 0.705256 0.864581 0.909134 0.581496 0.575452 0.484436 0.676161 0.983911 0.987800 0.647124 0.656286 0.985984 0.980539 0.816007 0.768358 0.963795 0.845434 0.957467 0.949574 0.940335 0.932643 0.829064 0.865623 0.895383 0.874182 0.832420 0.978632 0.975786 0.643136 0.644623 0.715369 0.331259 0.332541 0.584054 0.781763 0.738677 0.810565 0.592735 0.498915 0.904797 0.795075 0.989247 0.806991 0.686412 0.656260 0.784622 0.940357 0.889001 0.995444 0.908341 0.966221 0.779618 0.628608 0.871193 0.795854 0.733967 0.692131 0.610321 0.601912 0.490790 0.524903 0.900772 0.740959 0.880706 0.823046 0.847892 0.790751 0.813751 0.852163 0.963522 0.803177 0.598636 0.713860 0.894535 0.969654 0.983316 0.926811 0.972969 0.924544 0.954931 0.846982 0.912824 0.938249
0.806294 0.772110 0.856317 0.749848 0.000000 0.924023 0.882635 0.790138 0.874117 0.977319 0.891627 0.892574 0.998851 0.816655 0.892399 0.801803 0.932229 0.892691 0.817518 0.824243 0.775442 0.947001 0.842202 0.889136 0.829064 0.775073 0.861243 0.866203 0.788159 0.913425 0.811751 0.787276 0.761402 0.763755 0.910601 0.921773 0.788208 0.823934 0.828938 0.849442 0.875952 0.928689 0.758670 0.701711 0.826664 0.772959 0.777568 0.741587 0.763858 0.715957 0.814983 0.820503 0.884035 0.931498 0.891362 0.790543 0.804441 0.898004 0.869192 0.882337 0.970918 0.869432 0.999593 0.995667 0.775820 0.828237 0.867401 0.763700 0.863214 0.784383 0.879714 0.877019 0.808610 0.862709 0.934816 0.953131 0.813091 0.820497 0.793638 0.962145 0.879079 0.856233 0.837587 0.779084 0.814635 0.814413 0.835179 0.934508 0.916456 0.801805 0.966444 0.946368 0.944615 0.984499 0.885394 0.743362 0.966022 0.989361 0.898024 0.911931 0.834780 0.955418 0.959565 0.891181 0.858398 0.927100 0.947886 0.929233 0.967456 0.832070 0.928433 0.945023 0.991071 0.981641 0.870262 0.873345
0.972728 0.999033 0.889605 0.902704 0.924023 0.000000 0.708963 0.633820 0.879897 0.632724 0.972100 0.851064 0.883713 0.897879 0.722371 0.881971 0.922086 0.931541 0.820217 0.985283 0.875737 0.986622 0.822154 0.827434 0.926202 0.902673 0.502389 0.945731 0.997965 0.928298 0.959422 0.774451 0.832911 0.778039 0.898075 0.859223 0.965313 0.862076 0.935541 0.946735 0.937209 0.935104 0.991345 0.868665 0.803706 0.728795 0.994028 0.757215 0.749594 0.757226 0.881808 0.831603 0.797128 0.874809 0.800169 0.988297 0.830358 0.908582 0.931037 0.954131 0.788427 0.717324 0.903456 0.911088 0.843193 0.760931 0.908712 0.713095 0.898379 0.840282 0.615361 0.627810 0.664850 0.735536 0.953355 0.980579 0.816957 0.902613 0.987052 0.993239 0.905199 0.922257 0.658680 0.791723 0.747586 0.798717 0.769331 0.793024 0.780312 0.652082 0.567725 0.631825 0.643267 0.803510 0.900126 0.981811 0.635853 0.773479 0.622255 0.746439 0.764801 0.917417 0.811643 0.986120 0.925651 0.944430 0.981033 0.890875 0.952472 0.896753 0.970082 0.861151 0.749154 0.982508 0.956776 0.886574
0.981279 0.994945 0.429273 0.465906 0.882635 0.708963 0.000000 0.367601 0.542572 0.767104 0.903764 0.892781 0.676268 0.900002 0.943262 0.573702 0.967727 0.924752 0.521831 0.800048 0.900036 0.974974 0.646907 0.644597 0.613331 0.652166 0.877844 0.904305 0.984591 0.970505 0.554671 0.515497 0.502740 0.609466 0.932236 0.947538 0.919440 0.840391 0.741187 0.847421 0.961373 0.864035 0.725109 0.799949 0.973234 0.944186 0.849987 0.870962 0.861653 0.952236 0.982613 0.954438 0.960166 0.939884 0.827549 0.878492 0.998553 0.765172 0.904948 0.905241 0.821303 0.819452 0.765174 0.774880 0.606608 0.557934 0.497612 0.629667 0.992697 0.915756 0.687926 0.592291 0.779844 0.812676 0.887220 0.927688 0.754018 0.741537 0.911226 0.912721 0.912395 0.942325 0.904159 0.990361 0.823441 0.709741 0.961484 0.902542 0.895471 0.958632 0.623821 0.629725 0.597175 0.677595 0.811834 0.807394 0.759070 0.763251 0.772947 0.746269 0.926689 0.760511 0.939856 0.715227 0.754162 0.861725 0.837083 0.955178 0.889964 0.951809 0.975109 0.948631 0.852724 0.925049 0.921773 0.947563
0.882710 0.889735 0.394874 0.365415 0.790138 0.633820 0.367601 0.000000 0.580792 0.598932 0.825798 0.674239 0.737312 0.796227 0.903022 0.637686 0.980598 0.992846 0.547964 0.584199 0.908870 0.996351 0.847150 0.737515 0.534038 0.568159 0.884797 0.939416 0.990359 0.951269 0.659029 0.610658 0.575384 0.598852 0.939612 0.908794 0.784971 0.750097 0.671642 0.723978 0.882170 0.960739 0.748331 0.824763 0.881459 0.842567 0.864299 0.895674 0.778984 0.925161 0.907937 0.901280 0.909810 0.812966 0.863410 0.891054 0.945463 0.837268 0.951111 0.987742 0.840554 0.547271 0.729588 0.798190 0.611986 0.397309 0.589163 0.678475 0.920438 0.967170 0.515397 0.408907 0.741825 0.730575 0.990543 0.901074 0.701656 0.740577 0.828666 0.907508 0.944192 0.997143 0.723474 0.952244 0.981807 0.847675 0.793733 0.734935 0.901780 0.943648 0.479957 0.541041 0.423764 0.574277 0.892889 0.813904 0.654653 0.800764 0.734597 0.680471 0.727741 0.809795 0.876788 0.813068 0.657408 0.724164 0.872929 0.961903 0.969406 0.940749 0.995217 0.980194 0.924534 0.932229 0.879905 0.951426
0.956151 0.931286 0.476420 0.542427 0.874117 0.879897 0.542572 0.580792 0.000000 0.697462 0.990373 0.862828 0.629179 0.831097 0.877488 0.512260 0.826184 0.775718 0.664353 0.821903 0.802678 0.954608 0.680407 0.752099 0.642392 0.493605 0.963540 0.945053 0.938394 0.903092 0.485642 0.667282 0.687464 0.765868 0.846729 0.935132 0.749098 0.789547 0.656907 0.745076 0.817267 0.948027 0.552245 0.643205 0.757576 0.856453 0.774520 0.900563 0.913034 0.858482 0.792140 0.874846 0.806841 0.749419 0.976610 0.801820 0.909450 0.658544 0.775023 0.767301 0.992611 0.766331 0.604824 0.636405 0.553472 0.615061 0.640320 0.844206 0.913117 0.962951 0.531309 0.523813 0.930586 0.835097 0.896046 0.709890 0.509533 0.598763 0.898719 0.977560 0.805116 0.832955 0.866775 0.892333 0.982799 0.838789 0.908145 0.717411 0.853397 0.941616 0.531065 0.509761 0.522994 0.533750 0.872033 0.799671 0.796409 0.716464 0.647461 0.633771 0.905240 0.636132 0.822544 0.957350 0.810536 0.966411 0.823292 0.885356 0.897733 0.984442 0.980025 0.820589 0.896416 0.805989 0.919916 0.894821
0.833746 0.715001 0.834076 0.881850 0.977319 0.632724 0.767104 0.598932 0.697462 0.000000 0.971054 0.909187 0.993400 0.972017 0.599748 0.996468 0.933099 0.823974 0.868764 0.947483 0.879611 0.786827 0.772859 0.813003 0.967624 0.927374 0.729293 0.720340 0.939659 0.994612 0.988120 0.953510 0.937382 0.985300 0.919351 0.929581 0.927724 0.994151 0.915716 0.945133 0.893286 0.893310 0.958304 0.810982 0.791442 0.705489 0.791271 0.696438 0.683385 0.624582 0.733077 0.673434 0.782472 0.956518 0.782650 0.938045 0.681398 0.624043 0.766010 0.718838 0.993330 0.767795 0.745366 0.753251 0.875114 0.836767 0.988535 0.955952 0.783012 0.649743 0.576526 0.610534 0.870294 0.868972 0.913235 0.887041 0.757911 0.936044 0.955286 0.839536 0.759947 0.738565 0.542213 0.682633 0.501635 0.637651 0.789048 0.649507 0.999891 0.745555 0.486136 0.518842 0.547219 0.615359 0.912582 0.911951 0.711723 0.791600 0.740419 0.811528 0.725337 0.786236 0.661178 0.941939 0.999707 0.990415 0.965924 0.970331 0.882313 0.935068 0.863298 0.948993 0.879739 0.855931 0.937418 0.946667
0.396390 0.482818 0.929347 0.824038 0.891627 0.972100 0.903764 0.825798 0.990373 0.971054 0.000000 0.436541 0.831567 0.878584 0.960067 0.942540 0.403652 0.313971 0.582324 0.585328 0.844293 0.991578 0.867197 0.975922 0.989203 0.980087 0.909293 0.941334 0.494814 0.419325 0.904032 0.999592 0.657625 0.522902 0.984840 0.836164 0.793136 0.719586 0.834492 0.821886 0.615748 0.726355 0.984861 0.885643 0.978477 0.895980 0.662972 0.681067 0.889375 0.866183 0.910484 0.988979 0.839560 0.617023 0.602981 0.798431 0.442172 0.457581 0.580997 0.505557 0.452058 0.600191 0.524372 0.450430 0.966254 0.721854 0.712772 0.651526 0.438512 0.540459 0.975051 0.880603 0.724896 0.734132 0.779053 0.930531 0.963320 0.988001 0.551663 0.664433 0.453804 0.400194 0.723587 0.476027 0.732562 0.698719 0.973119 0.966244 0.789241 0.712985 0.831131 0.799079 0.916363 0.789322 0.683826 0.988958 0.893883 0.973065 0.957041 0.809113 0.883757 0.872436 0.977240 0.835842 0.740066 0.803284 0.733071 0.904492 0.887916 0.799832 0.831335 0.879713 0.999532 0.945564 0.872316 0.953906
0.390420 0.392115 0.808837 0.728880 0.892574 0.851064 0.892781 0.674239 0.862828 0.909187 0.436541 0.000000 0.680337 0.738895 0.953988 0.729668 0.459547 0.495638 0.640592 0.560198 0.807817 0.927586 0.855341 0.947580 0.888960 0.828295 0.967925 0.933747 0.559572 0.587747 0.916675 0.921059 0.603652 0.519546 0.920899 0.865808 0.718247 0.679908 0.770031 0.690373 0.594143 0.637092 0.837895 0.801965 0.971491 0.872384 0.558467 0.690438 0.840881 0.766670 0.796955 0.857525 0.931958 0.726775 0.648465 0.749822 0.479023 0.516379 0.533337 0.458380 0.439195 0.375130 0.691658 0.586383 0.887519 0.544752 0.694906 0.613766 0.454318 0.546900 0.742513 0.657376 0.553988 0.553306 0.687824 0.862378 0.874788 0.847238 0.538020 0.677471 0.499265 0.533515 0.861913 0.575478 0.804545 0.727144 0.893333 0.789745 0.758040 0.816769 0.879851 0.927083 0.821040 0.933449 0.747138 0.983142 0.715602 0.925636 0.892281 0.963588 0.951953 0.961790 0.755939 0.801052 0.622101 0.667885 0.853673 0.953810 0.981885 0.767068 0.891362 0.706705 0.925250 0.977719 0.912624 0.917347
0.831260 0.790275 0.528910 0.586986 0.998851 0.883713 0.676268 0.737312 0.629179 0.993400 0.831567 0.680337 0.000000 0.660733 0.541491 0.391167 0.966496 0.954678 0.759680 0.840978 0.759110 0.825794 0.611090 0.553527 0.643161 0.625836 0.817616 0.938834 0.973954 0.963548 0.681793 0.728169 0.597427 0.727843 0.842704 0.976857 0.667299 0.613961 0.634620 0.728132 0.963717 0.768684 0.712836 0.697786 0.855489 0.871830 0.691879 0.799359 0.832857 0.728479 0.621075 0.689912 0.707498 0.798362 0.871818 0.832923 0.828833 0.943125 0.999023 0.898349 0.708118 0.662223 0.882717 0.909560 0.523685 0.553510 0.690436 0.818730 0.679202 0.679063 0.731797 0.742268 0.860675 0.752657 0.826249 0.823862 0.653679 0.655934 0.798901 0.842101 0.947812 0.863584 0.848804 0.863401 0.702304 0.550053 0.992019 0.979784 0.626271 0.816665 0.685152 0.645312 0.663295 0.720787 0.763347 0.896184 0.900207 0.723156 0.806983 0.858042 0.988573 0.841111 0.961823 0.925455 0.716569 0.815619 0.992461 0.872885 0.970353 0.885146 0.985858 0.817670 0.900581 0.950788 0.814183 0.996053
0.897659 0.806918 0.705750 0.605454 0.816655 0.897879 0.900002 0.796227 0.831097 0.972017 0.878584 0.738895 0.660733 0.000000 0.621624 0.611716 0.872594 0.978513 0.804229 0.701680 0.924890 0.840685 0.598459 0.588565 0.735944 0.711659 0.740414 0.910024 0.881877 0.964207 0.864306 0.773826 0.691556 0.894017 0.807039 0.956048 0.790888 0.690376 0.822749 0.841962 0.896431 0.888229 0.833209 0.759662 0.850958 0.806461 0.888519 0.803657 0.814451 0.633233 0.755169 0.639055 0.784013 0.796943 0.927145 0.990791 0.896802 0.882014 0.948536 0.838688 0.966568 0.801914 0.908159 0.933580 0.648663 0.686882 0.950519 0.921574 0.764090 0.596498 0.919841 0.896514 0.974467 0.845338 0.928908 0.820514 0.789236 0.841042 0.704801 0.976788 0.953229 0.954612 0.786741 0.795828 0.814629 0.700939 0.942993 0.961657 0.894013 0.670657 0.916147 0.862839 0.798085 0.865752 0.988347 0.971935 0.975263 0.965845 0.922983 0.981339 0.996594 0.977550 0.882503 0.968869 0.695245 0.753343 0.948027 0.970813 0.927798 0.876623 0.816819 0.953318 0.907176 0.932846 0.814236 0.931615
0.909226 0.847677 0.833604 0.848931 0.892399 0.722371 0.943262 0.903022 0.877488 0.599748 0.960067 0.953988 0.541491 0.621624 0.000000 0.591636 0.864005 0.987595 0.886621 0.969331 0.821873 0.939144 0.459862 0.580481 0.845368 0.785682 0.591719 0.847011 0.920040 0.952942 0.708699 0.776764 0.736211 0.942781 0.812749 0.947714 0.815006 0.833958 0.753454 0.959920 0.967244 0.926749 0.804375 0.675437 0.659326 0.621730 0.765138 0.771122 0.627962 0.515897 0.533969 0.510098 0.523898 0.633951 0.719597 0.871473 0.817919 0.870971 0.969786 0.927734 0.900977 0.923071 0.898749 0.943998 0.655242 0.994176 0.855924 0.960515 0.781715 0.610177 0.822312 0.806033 0.917491 0.912546 0.880428 0.997465 0.917071 0.877568 0.841808 0.928821 0.854296 0.782761 0.529769 0.730322 0.554331 0.513787 0.846077 0.699734 0.791871 0.701732 0.838344 0.920736 0.908192 0.908284 0.875803 0.997335 0.842746 0.938701 0.876858 0.987241 0.729030 0.952407 0.858095 0.955788 0.898952 0.976978 0.962233 0.963734 0.856047 0.977317 0.867000 0.975234 0.985182 0.980384 0.782803 0.943294
0.826313 0.799586 0.453925 0.493190 0.801803 0.881971 0.573702 0.637686 0.512260 0.996468 0.942540 0.729668 0.391167 0.611716 0.591636 0.000000 0.962154 0.940849 0.667966 0.695398 0.741826 0.817447 0.501619 0.511491 0.552016 0.499458 0.851535 0.923099 0.979266 0.967479 0.502719 0.582277 0.513532 0.672905 0.829620 0.973956 0.696495 0.578096 0.600841 0.664874 0.978150 0.914495 0.526827 0.543230 0.701075 0.734054 0.621797 0.729913 0.760910 0.670755 0.599785 0.655201 0.662322 0.770882 0.799634 0.715099 0.818590 0.959921 0.991249 0.996248 0.796822 0.708635 0.762274 0.809152 0.440487 0.543649 0.587549 0.724598 0.699233 0.748222 0.669625 0.630767 0.810108 0.718563 0.851013 0.786383 0.548575 0.632503 0.706625 0.920117 0.986548 0.910310 0.806889 0.835208 0.690000 0.576184 0.926562 0.888428 0.767432 0.745135 0.683948 0.665459 0.666779 0.715358 0.822429 0.772948 0.880592 0.824075 0.756345 0.700300 0.953537 0.790866 0.887502 0.932056 0.665747 0.756815 0.915418 0.781712 0.926869 0.911169 0.990170 0.839775 0.833016 0.995803 0.772577 0.844490
0.355024 0.430265 0.839028 0.914965 0.932229 0.922086 0.967727 0.980598 0.826184 0.933099 0.403652 0.459547 0.966496 0.872594 0.864005 0.962154 0.000000 0.291053 0.677435 0.684991 0.881603 0.925563 0.658337 0.817479 0.793338 0.797778 0.903534 0.895200 0.494364 0.423751 0.919246 0.877417 0.780674 0.577832 0.933861 0.825924 0.907011 0.897649 0.999762 0.894813 0.589808 0.755870 0.953190 0.944500 0.971706 0.917047 0.653841 0.738438 0.871585 0.925043 0.979252 0.937531 0.717609 0.506905 0.640019 0.759375 0.395362 0.381491 0.404442 0.462493 0.443535 0.667129 0.415802 0.356834 0.811570 0.882898 0.793072 0.620948 0.516442 0.720366 0.958936 0.943093 0.643340 0.736133 0.772155 0.917335 0.893250 0.894172 0.606707 0.647499 0.355551 0.363078 0.735201 0.501564 0.785072 0.858917 0.943610 0.984110 0.876868 0.857997 0.711899 0.648795 0.725830 0.590158 0.702536 0.876341 0.838089 0.976903 0.971393 0.868767 0.862413 0.716999 0.929770 0.768433 0.884606 0.791727 0.815288 0.959288 0.939500 0.849602 0.940281 0.762035 0.928552 0.979627 0.970068 0.937566
0.353330 0.425951 0.835671 0.955392 0.892691 0.931541 0.924752 0.992846 0.775718 0.823974 0.313971 0.495638 0.954678 0.978513 0.987595 0.940849 0.291053 0.000000 0.673565 0.642065 0.931059 0.978722 0.792332 0.921948 0.806687 0.807580 0.944611 0.849011 0.433529 0.362423 0.924164 0.914861 0.742520 0.568198 0.962420 0.855353 0.885119 0.875738 0.985543 0.882038 0.541892 0.762556 0.914847 0.936277 0.977856 0.849844 0.633898 0.671266 0.834421 0.848141 0.926934 0.982017 0.834560 0.536879 0.579658 0.810570 0.370308 0.337307 0.455165 0.438955 0.465357 0.756608 0.355783 0.301594 0.872603 0.912545 0.830598 0.676390 0.498356 0.594619 0.831474 0.940272 0.714772 0.840159 0.812125 0.918629 0.798068 0.859860 0.570507 0.632917 0.347152 0.313475 0.599181 0.414909 0.679738 0.736248 0.932484 0.848020 0.869789 0.741061 0.611358 0.555098 0.661233 0.563578 0.699029 0.905057 0.988802 0.909319 0.864438 0.790937 0.798269 0.695042 0.997947 0.802512 0.860925 0.792684 0.716901 0.859450 0.885640 0.864664 0.855151 0.860608 0.880649 0.996001 0.932360 0.887330
0.624644 0.674176 0.648299 0.649385 0.817518 0.820217 0.521831 0.547964 0.664353 0.868764 0.582324 0.640592 0.759680 0.804229 0.886621 0.667966 0.677435 0.673565 0.000000 0.587420 0.864809 0.979027 0.825605 0.855694 0.904480 0.805617 0.910522 0.968594 0.636041 0.587626 0.660038 0.648351 0.534471 0.432540 0.894768 0.982652 0.907354 0.830634 0.782210 0.889148 0.814656 0.886247 0.780059 0.809229 0.886413 0.887770 0.667375 0.774686 0.933571 0.875205 0.939284 0.933496 0.981456 0.826601 0.751882 0.880379 0.724983 0.857097 0.762932 0.748738 0.585540 0.715952 0.887242 0.860930 0.815734 0.631175 0.541203 0.553113 0.698617 0.811954 0.755499 0.682098 0.678365 0.661894 0.841601 0.987205 0.838985 0.810174 0.643918 0.814718 0.783017 0.683473 0.882551 0.736199 0.790521 0.761020 0.921172 0.999717 0.916031 0.862861 0.885718 0.903209 0.797637 0.956684 0.712951 0.944312 0.753626 0.917479 0.863093 0.830800 0.936100 0.988747 0.966536 0.968454 0.792103 0.877108 0.973636 0.919075 0.933895 0.977345 0.844864 0.915317 0.943945 0.859673 0.784148 0.891538
0.547446 0.577428 0.613237 0.528135 0.824243 0.985283 0.800048 0.584199 0.821903 0.947483 0.585328 0.560198 0.840978 0.701680 0.969331 0.695398 0.684991 0.642065 0.587420 0.000000 0.792116 0.944795 0.913010 0.765698 0.664372 0.676006 0.883875 0.872768 0.717359 0.730339 0.801577 0.841079 0.668695 0.661170 0.895194 0.860561 0.722670 0.592270 0.720511 0.760760 0.695579 0.780663 0.754274 0.707978 0.994290 0.928332 0.693844 0.707103 0.916922 0.781986 0.951250 0.945492 0.916589 0.733454 0.675912 0.778393 0.596748 0.776626 0.826885 0.735852 0.778247 0.619429 0.980802 0.904378 0.672606 0.524765 0.696247 0.714917 0.538127 0.694908 0.730404 0.605667 0.798980 0.713755 0.897095 0.957811 0.831859 0.863308 0.627088 0.909117 0.809572 0.737355 0.886666 0.771205 0.799662 0.773926 0.967517 0.969756 0.824836 0.619436 0.934922 0.951781 0.825187 0.878058 0.812070 0.975579 0.867648 0.918019 0.948606 0.883235 0.997997 0.850063 0.971121 0.998348 0.587866 0.657905 0.953431 0.955290 0.912197 0.879450 0.864769 0.903324 0.963233 0.890150 0.922445 0.998895
0.737122 0.795334 0.762573 0.732016 0.775442 0.875737 0.900036 0.908870 0.802678 0.879611 0.844293 0.807817 0.759110 0.924890 0.821873 0.741826 0.881603 0.931059 0.864809 0.792116 0.000000 0.855654 0.861634 0.887414 0.857467 0.720927 0.876889 0.793869 0.994497 0.966226 0.749334 0.969089 0.797349 0.800811 0.828784 0.875100 0.622532 0.826739 0.658526 0.787092 0.998444 0.862582 0.664939 0.689695 0.817842 0.817402 0.681838 0.732226 0.770450 0.774458 0.803620 0.828842 0.925110 0.996989 0.958970 0.883395 0.832899 0.858953 0.851663 0.842749 0.879590 0.737151 0.919936 0.975571 0.745816 0.749520 0.739036 0.717518 0.719593 0.727397 0.790762 0.841537 0.819165 0.743175 0.967706 0.843876 0.783711 0.796377 0.823662 0.902999 0.880685 0.887733 0.952695 0.943985 0.815601 0.772729 0.973476 0.822449 0.942816 0.821806 0.921087 0.867331 0.897027 0.933347 0.861849 0.924093 0.883276 0.865529 0.787090 0.854098 0.871785 0.930954 0.949493 0.758831 0.744892 0.901266 0.945345 0.972950 0.847517 0.928846 0.953991 0.901503 0.913627 0.974525 0.865730 0.820684
0.909781 0.866865 0.869604 0.933216 0.947001 0.986622 0.974974 0.996351 0.954608 0.786827 0.991578 0.927586 0.825794 0.840685 0.939144 0.817447 0.925563 0.978722 0.979027 0.944795 0.855654 0.000000 0.936470 0.915640 0.868988 0.905562 0.951728 0.965110 0.933048 0.900468 0.835247 0.925169 0.909225 0.850286 0.883557 0.976077 0.675058 0.816633 0.948260 0.797065 0.863655 0.946490 0.760139 0.803244 0.801320 0.823365 0.746918 0.774108 0.863172 0.922856 0.801882 0.884240 0.829576 0.929606 0.809319 0.832216 0.875466 0.947591 0.961874 0.979242 0.933518 0.961974 0.951604 0.993215 0.855929 0.933926 0.824288 0.914123 0.928717 0.920753 0.807096 0.936463 0.947149 0.944817 0.820331 0.956529 0.974549 0.889328 0.910932 0.901030 0.906229 0.844038 0.884171 0.878350 0.789927 0.822786 0.981832 0.963401 0.893911 0.947076 0.972507 0.944574 0.941491 0.955581 0.988308 0.882650 0.892466 0.971519 0.822553 0.959553 0.954208 0.916232 0.956089 0.851833 0.972214 0.999882 0.986604 0.940657 0.937220 0.959168 0.932843 0.951899 0.977665 0.971698 0.960235 0.848826
0.924593 0.970358 0.606389 0.595675 0.842202 0.822154 0.646907 0.847150 0.680407 0.772859 0.867197 0.855341 0.611090 0.598459 0.459862 0.501619 0.658337 0.792332 0.825605 0.913010 0.861634 0.936470 0.000000 0.357443 0.601653 0.621036 0.617369 0.791454 0.838780 0.815187 0.627317 0.662046 0.653417 0.948453 0.757574 0.840496 0.841400 0.816671 0.744945 0.902035 0.857806 0.880731 0.624418 0.568024 0.618245 0.670577 0.849285 0.717527 0.732992 0.591513 0.654052 0.553192 0.475961 0.578281 0.839778 0.855327 0.978559 0.841094 0.815406 0.852796 0.843856 0.817786 0.753620 0.722821 0.434812 0.860751 0.678839 0.936570 0.928654 0.795236 0.953210 0.964464 0.864499 0.873877 0.980940 0.893602 0.744147 0.701560 0.971859 0.997578 0.863370 0.985550 0.723304 0.883780 0.532762 0.462125 0.920441 0.812779 0.783492 0.647837 0.923632 0.864390 0.881935 0.846868 0.988296 0.822657 0.813186 0.945216 0.972386 0.770128 0.906987 0.848238 0.886465 0.804054 0.762163 0.934886 0.841958 0.908516 0.949151 0.978252 0.918166 0.935591 0.879348 0.923973 0.823958 0.911761
0.989609 0.936078 0.506024 0.477442 0.889136 0.827434 0.644597 0.737515 0.752099 0.813003 0.975922 0.947580 0.553527 0.588565 0.580481 0.511491 0.817479 0.921948 0.855694 0.765698 0.887414 0.915640 0.357443 0.000000 0.441125 0.608547 0.605624 0.917167 0.888227 0.878771 0.726317 0.717935 0.708877 0.870868 0.801371 0.954922 0.735597 0.714803 0.645814 0.840748 0.945456 0.989989 0.689420 0.594044 0.760058 0.794282 0.827216 0.657723 0.849845 0.675011 0.761558 0.723752 0.637047 0.788873 0.822957 0.858941 0.867178 0.915690 0.826553 0.929936 0.907716 0.998273 0.757206 0.783102 0.381336 0.692905 0.628480 0.974634 0.854499 0.812757 0.926028 0.905550 0.913620 0.898733 0.992767 0.935119 0.750465 0.682777 0.949012 0.903399 0.967022 0.923378 0.797313 0.809818 0.571499 0.421299 0.963230 0.874492 0.639886 0.593758 0.882273 0.881254 0.842567 0.813335 0.905147 0.786006 0.868874 0.879714 0.985813 0.788008 0.938145 0.931027 0.875555 0.837856 0.690883 0.761482 0.935044 0.957506 0.950409 0.930579 0.939745 0.948334 0.963383 0.923373 0.881399 0.956230
0.971001 0.938045 0.357748 0.333938 0.829064 0.926202 0.613331 0.534038 0.642392 0.967624 0.989203 0.888960 0.643161 0.735944 0.845368 0.552016 0.793338 0.806687 0.904480 0.664372 0.857467 0.868988 0.601653 0.441125 0.000000 0.383534 0.747257 0.924289 0.774502 0.684084 0.629436 0.752056 0.684051 0.860871 0.863822 0.860700 0.629274 0.595692 0.560260 0.627152 0.968778 0.983833 0.581014 0.593110 0.959430 0.967658 0.833347 0.696089 0.974012 0.802860 0.893290 0.883500 0.872975 0.978613 0.819694 0.850891 0.888177 0.826480 0.764827 0.915243 0.843917 0.767951 0.545512 0.629472 0.289806 0.456069 0.647437 0.922522 0.791301 0.900587 0.642374 0.634617 0.993133 0.898512 0.921876 0.842746 0.633414 0.626750 0.940268 0.921429 0.842793 0.887379 0.937798 0.981141 0.748225 0.625706 0.987841 0.793431 0.724683 0.681437 0.677987 0.669206 0.583723 0.539446 0.986183 0.770527 0.907194 0.819273 0.864674 0.750344 0.832146 0.905420 0.946175 0.733149 0.588233 0.763469 0.767323 0.935120 0.991030 0.936517 0.922519 0.932829 0.987152 0.988028 0.964701 0.854235
0.945138 0.952835 0.377450 0.362527 0.775073 0.902673 0.652166 0.568159 0.493605 0.927374 0.980087 0.828295 0.625836 0.711659 0.785682 0.499458 0.797778 0.807580 0.805617 0.676006 0.720927 0.905562 0.621036 0.608547 0.383534 0.000000 0.780883 0.868744 0.898389 0.775859 0.597332 0.706200 0.660230 0.870689 0.727098 0.890764 0.573336 0.676000 0.548069 0.607868 0.920207 0.974726 0.560181 0.633573 0.903190 0.900656 0.777882 0.791353 0.917138 0.743939 0.829493 0.832443 0.859722 0.908604 0.849630 0.869283 0.997801 0.811973 0.758988 0.912052 0.901213 0.722771 0.563582 0.619976 0.374139 0.464822 0.698523 0.877565 0.800593 0.849671 0.598143 0.580719 0.917838 0.827511 0.954685 0.799894 0.564849 0.582348 0.874237 0.959170 0.835613 0.837913 0.927668 0.937754 0.850217 0.719365 0.886616 0.758765 0.865780 0.739103 0.592683 0.576090 0.509626 0.523364 0.870631 0.824435 0.826888 0.781102 0.770496 0.680604 0.868011 0.846285 0.951031 0.886305 0.619757 0.813344 0.810140 0.842932 0.988158 0.913491 0.993574 0.943695 0.948655 0.872915 0.881066 0.913134
0.941896 0.928206 0.855972 0.807526 0.861243 0.502389 0.877844 0.884797 0.963540 0.729293 0.909293 0.967925 0.817616 0.740414 0.591719 0.851535 0.903534 0.944611 0.910522 0.883875 0.876889 0.951728 0.617369 0.605624 0.747257 0.780883 0.000000 0.726091 0.920189 0.977985 0.925105 0.954721 0.949617 0.912060 0.825316 0.867785 0.786714 0.796854 0.830838 0.914597 0.950222 0.911301 0.895805 0.781913 0.844067 0.801019 0.956699 0.732898 0.783194 0.689227 0.862806 0.806356 0.697545 0.843643 0.834946 0.951503 0.854447 0.940192 0.865530 0.956883 0.830300 0.873287 0.977720 0.955857 0.608513 0.987848 0.968140 0.760208 0.834846 0.743228 0.833297 0.796717 0.808536 0.844219 0.879099 0.909434 0.943218 0.917367 0.999540 0.976984 0.947357 0.923540 0.674438 0.758613 0.707957 0.640878 0.951963 0.881107 0.711169 0.638267 0.850650 0.874692 0.889723 0.977930 0.918054 0.884078 0.733472 0.861486 0.799905 0.924235 0.842079 0.930368 0.835375 0.996402 0.905400 0.909676 0.938300 0.944881 0.921970 0.937976 0.952313 0.997847 0.755675 0.943325 0.971715 0.943968
0.788576 0.728896 0.997999 0.930071 0.866203 0.945731 0.904305 0.939416 0.945053 0.720340 0.941334 0.933747 0.938834 0.910024 0.847011 0.923099 0.895200 0.849011 0.968594 0.872768 0.793869 0.965110 0.791454 0.917167 0.924289 0.868744 0.726091 0.000000 0.880044 0.970968 0.978540 0.877636 0.835567 0.975784 0.835783 0.959724 0.883455 0.999184 0.929085 0.789437 0.955755 0.867202 0.882447 0.788847 0.869596 0.822821 0.894980 0.754772 0.744177 0.696855 0.799446 0.718814 0.805320 0.973724 0.772572 0.880720 0.773961 0.726997 0.841233 0.840672 0.947094 0.929356 0.884418 0.852766 0.835029 0.975946 0.962850 0.907808 0.783830 0.737987 0.849451 0.862102 0.974997 0.958496 0.942679 0.849446 0.900977 0.928770 0.846770 0.841149 0.850405 0.811997 0.730598 0.782867 0.657676 0.705479 0.891740 0.844253 0.970884 0.713539 0.815027 0.869344 0.857905 0.957318 0.882135 0.808274 0.789954 0.956634 0.945763 0.965454 0.882691 0.915765 0.859409 0.986035 0.962613 0.984470 0.975036 0.935948 0.873153 0.926898 0.885923 0.960628 0.950215 0.947706 0.924725 0.963658
0.557356 0.525848 0.882044 0.967424 0.788159 0.997965 0.984591 0.990359 0.938394 0.939659 0.494814 0.559572 0.973954 0.881877 0.920040 0.979266 0.494364 0.433529 0.636041 0.717359 0.994497 0.933048 0.838780 0.888227 0.774502 0.898389 0.920189 0.880044 0.000000 0.422612 0.983052 0.985831 0.712467 0.596799 0.978020 0.919902 0.944141 0.995542 0.985640 0.920315 0.678261 0.717301 0.890118 0.971572 0.966966 0.865151 0.798068 0.833373 0.820025 0.808658 0.929680 0.985410 0.925011 0.765105 0.673055 0.925019 0.620655 0.543109 0.618455 0.593430 0.573682 0.869795 0.490674 0.522400 0.840917 0.982730 0.884540 0.787188 0.638099 0.719745 0.879497 0.989534 0.723671 0.882649 0.830278 0.849941 0.891494 0.931849 0.663825 0.834006 0.514291 0.521085 0.640982 0.528253 0.853022 0.847917 0.976366 0.949367 0.936382 0.840404 0.732748 0.748502 0.866703 0.732214 0.784118 0.889204 0.993919 0.886397 0.911168 0.761126 0.741939 0.777517 0.966825 0.844302 0.986063 0.911606 0.697814 0.995271 0.873563 0.909925 0.776925 0.895321 0.876290 0.910577 0.984780 0.741240
0.559876 0.601086 0.852291 0.924632 0.913425 0.928298 0.970505 0.951269 0.903092 0.994612 0.419325 0.587747 0.963548 0.964207 0.952942 0.967479 0.423751 0.362423 0.587626 0.730339 0.966226 0.900468 0.815187 0.878771 0.684084 0.775859 0.977985 0.970968 0.422612 0.000000 0.949226 0.951950 0.785888 0.611049 0.950997 0.949074 0.963053 0.962083 0.935698 0.922333 0.701676 0.773944 0.863083 0.982019 0.916318 0.871917 0.758227 0.884425 0.919106 0.939303 0.965589 0.976776 0.866148 0.729769 0.681269 0.865820 0.618049 0.556478 0.538758 0.585852 0.468052 0.829359 0.422052 0.436227 0.738395 0.995197 0.772774 0.694874 0.683845 0.761533 0.929473 0.973521 0.654745 0.841709 0.829794 0.926342 0.895181 0.968313 0.649356 0.789471 0.508197 0.449317 0.715469 0.554826 0.890904 0.873596 0.931544 0.815715 0.988437 0.877071 0.758280 0.692852 0.776463 0.663272 0.724718 0.958898 0.845647 0.918764 0.972841 0.888606 0.754552 0.865298 0.914430 0.763262 0.959858 0.877002 0.676764 0.993673 0.843727 0.832262 0.758102 0.835276 0.927444 0.902951 0.836929 0.969746
0.899310 0.936687 0.539813 0.587119 0.811751 0.959422 0.554671 0.659029 0.485642 0.988120 0.904032 0.916675 0.681793 0.864306 0.708699 0.502719 0.919246 0.924164 0.660038 0.801577 0.749334 0.835247 0.627317 0.726317 0.629436 0.597332 0.925105 0.978540 0.983052 0.949226 0.000000 0.590603 0.602952 0.690530 0.962495 0.988927 0.741750 0.691397 0.684498 0.741152 0.959064 0.943286 0.535621 0.524159 0.639695 0.706958 0.717093 0.785353 0.785938 0.728727 0.646487 0.740889 0.748082 0.772774 0.667585 0.799801 0.905867 0.849209 0.935404 0.921453 0.919192 0.863294 0.779544 0.814187 0.593430 0.715271 0.539069 0.722221 0.854747 0.871308 0.675096 0.715701 0.830161 0.833345 0.850553 0.836266 0.551807 0.639519 0.729291 0.874488 0.986631 0.955967 0.883752 0.970281 0.812986 0.716372 0.935694 0.782952 0.919837 0.855055 0.763944 0.701624 0.686366 0.678135 0.907960 0.911137 0.860694 0.912170 0.715336 0.743728 0.980514 0.714851 0.910123 0.944291 0.802182 0.985885 0.926814 0.869989 0.959013 0.951907 0.985502 0.945553 0.853409 0.989314 0.832269 0.838065
0.987829 0.967130 0.659555 0.665630 0.787276 0.774451 0.515497 0.610658 0.667282 0.953510 0.999592 0.921059 0.728169 0.773826 0.776764 0.582277 0.877417 0.914861 0.648351 0.841079 0.969089 0.925169 0.662046 0.717935 0.752056 0.706200 0.954721 0.877636 0.985831 0.951950 0.590603 0.000000 0.670630 0.742936 0.958508 0.914829 0.956152 0.906246 0.839809 0.923209 0.944965 0.920606 0.709917 0.777954 0.854839 0.869995 0.772148 0.940273 0.950193 0.811172 0.821701 0.811745 0.842637 0.864493 0.835517 0.929265 0.989878 0.855995 0.981414 0.973489 0.884973 0.967427 0.874084 0.837034 0.726332 0.764290 0.669509 0.739329 0.937053 0.891937 0.839532 0.840972 0.809279 0.878920 0.884848 0.874104 0.787061 0.784361 0.839896 0.913859 0.914114 0.996266 0.965725 0.997427 0.858838 0.782779 0.786872 0.936813 0.977860 0.965998 0.787578 0.705592 0.707958 0.823403 0.836020 0.981051 0.875334 0.990051 0.871201 0.743977 0.934350 0.855964 0.934787 0.897749 0.712550 0.851726 0.969213 0.926658 0.962664 0.945425 0.954383 0.958881 0.858830 0.942604 0.748413 0.955004
0.571998 0.552510 0.620895 0.565224 0.761402 0.832911 0.502740 0.575384 0.687464 0.937382 0.657625 0.603652 0.597427 0.691556 0.736211 0.513532 0.780674 0.742520 0.534471 0.668695 0.797349 0.909225 0.653417 0.708877 0.684051 0.660230 0.949617 0.835567 0.712467 0.785888 0.602952 0.670630 0.000000 0.452482 0.880224 0.984416 0.793058 0.708538 0.767417 0.708796 0.728837 0.850100 0.586713 0.586690 0.747977 0.718463 0.575552 0.582584 0.729265 0.625496 0.677693 0.682610 0.813194 0.967718 0.603083 0.699287 0.582578 0.744179 0.704381 0.645542 0.632657 0.651466 0.925909 0.897052 0.591954 0.534200 0.494905 0.507325 0.622013 0.663046 0.819513 0.746749 0.675120 0.662517 0.814183 0.880280 0.752004 0.683250 0.667327 0.794562 0.715669 0.642105 0.702169 0.647341 0.539330 0.487684 0.988623 0.947913 0.811027 0.649292 0.874434 0.867984 0.772667 0.920402 0.753462 0.797001 0.800542 0.733565 0.748455 0.877708 0.997534 0.966309 0.863593 0.897435 0.575074 0.722661 0.992031 0.893730 0.941667 0.819980 0.877402 0.884041 0.863121 0.968883 0.783787 0.986014
0.497592 0.510840 0.744620 0.705256 0.763755 0.778039 0.609466 0.598852 0.765868 0.985300 0.522902 0.519546 0.727843 0.894017 0.942781 0.672905 0.577832 0.568198 0.432540 0.661170 0.800811 0.850286 0.948453 0.870868 0.860871 0.870689 0.912060 0.975784 0.596799 0.611049 0.690530 0.742936 0.452482 0.000000 0.925751 0.929993 0.788628 0.766417 0.763781 0.784022 0.685743 0.789914 0.716896 0.727815 0.791756 0.787034 0.571965 0.655848 0.805242 0.824568 0.797407 0.884558 0.957052 0.825782 0.692116 0.723626 0.535207 0.681166 0.622044 0.599941 0.520838 0.620595 0.795759 0.748007 0.821115 0.645699 0.501085 0.491473 0.588457 0.732922 0.731699 0.662927 0.516977 0.626667 0.641254 0.990925 0.805866 0.771518 0.614771 0.655663 0.608220 0.586310 0.794649 0.613214 0.719021 0.674535 0.903632 0.900109 0.853477 0.836707 0.918712 0.903056 0.830166 0.995511 0.641303 0.826611 0.742712 0.886403 0.732154 0.850757 0.979183 0.992624 0.858879 0.911865 0.743444 0.758569 0.827883 0.922100 0.975034 0.911591 0.915587 0.805949 0.890363 0.881003 0.780037 0.965507
0.931888 0.908101 0.881752 0.864581 0.910601 0.898075 0.932236 0.939612 0.846729 0.919351 0.984840 0.920899 0.842704 0.807039 0.812749 0.829620 0.933861 0.962420 0.894768 0.895194 0.828784 0.883557 0.757574 0.801371 0.863822 0.727098 0.825316 0.835783 0.978020 0.950997 0.962495 0.958508 0.880224 0.925751 0.000000 0.956118 0.762780 0.824607 0.787258 0.837934 0.932233 0.974960 0.675799 0.672332 0.709119 0.642833 0.769767 0.714835 0.669906 0.660408 0.692508 0.683031 0.769809 0.795056 0.978038 0.830556 0.880408 0.887437 0.892121 0.861995 0.940355 0.969164 0.977390 0.983520 0.786780 0.945696 0.872967 0.946279 0.804769 0.803433 0.935931 0.984782 0.914999 0.974964 0.994483 0.758250 0.809345 0.809665 0.980781 0.981715 0.934841 0.989971 0.874803 0.976905 0.798247 0.786175 0.941666 0.963032 0.834952 0.640808 0.956761 0.923378 0.925843 0.934939 0.831794 0.839025 0.912619 0.772031 0.905088 0.845375 0.915440 0.990163 0.881332 0.798406 0.840380 0.880495 0.960721 0.955380 0.936859 0.778938 0.996174 0.828444 0.843379 0.966279 0.847844 0.849892
0.870054 0.923430 0.893201 0.909134 0.921773 0.859223 0.947538 0.908794 0.935132 0.929581 0.836164 0.865808 0.976857 0.956048 0.947714 0.973956 0.825924 0.855353 0.982652 0.860561 0.875100 0.976077 0.840496 0.954922 0.860700 0.890764 0.867785 0.959724 0.919902 0.949074 0.988927 0.914829 0.984416 0.929993 0.956118 0.000000 0.833596 0.930981 0.958643 0.904396 0.753180 0.927712 0.906024 0.928675 0.772682 0.837768 0.966262 0.989707 0.897226 0.913944 0.914915 0.832142 0.740879 0.768567 0.897011 0.933090 0.900308 0.880963 0.979435 0.860121 0.817976 0.808110 0.938276 0.910097 0.967892 0.796879 0.981604 0.967970 0.753235 0.917428 0.845049 0.777550 0.846041 0.893434 0.981068 0.878447 0.984133 0.986767 0.861418 0.960585 0.910145 0.901632 0.927380 0.978374 0.964596 0.984575 0.931772 0.905798 0.960257 0.913206 0.949297 0.972790 0.943895 0.952773 0.904627 0.914286 0.934487 0.964598 0.989401 0.967727 0.859083 0.721458 0.885387 0.951555 0.843038 0.950700 0.945827 0.943103 0.928396 0.916093 0.961512 0.896501 0.954239 0.902112 0.828679 0.878133
0.730856 0.773689 0.640116 0.581496 0.788208 0.965313 0.919440 0.784971 0.749098 0.927724 0.793136 0.718247 0.667299 0.790888 0.815006 0.696495 0.907011 0.885119 0.907354 0.722670 0.622532 0.675058 0.841400 0.735597 0.629274 0.573336 0.786714 0.883455 0.944141 0.963053 0.741750 0.956152 0.793058 0.788628 0.762780 0.833596 0.000000 0.550547 0.707090 0.547371 0.872131 0.906638 0.614309 0.573966 0.824643 0.776771 0.668887 0.693833 0.752448 0.737539 0.753790 0.786273 0.900370 0.992987 0.782029 0.820771 0.725634 0.842840 0.936723 0.840215 0.918217 0.685789 0.904274 0.986148 0.582572 0.611360 0.727653 0.854158 0.648277 0.692236 0.717882 0.761994 0.888412 0.859333 0.941607 0.868556 0.740128 0.730538 0.764862 0.721600 0.830496 0.834311 0.867507 0.815169 0.764251 0.706263 0.910851 0.778150 0.791814 0.703551 0.878310 0.888831 0.792782 0.817595 0.824160 0.835249 0.921947 0.925574 0.822588 0.885186 0.836954 0.982545 0.916779 0.873006 0.824661 0.811239 0.993345 0.998359 0.987125 0.982275 0.974538 0.980817 0.919791 0.958390 0.856125 0.805589
0.661160 0.740429 0.571982 0.575452 0.823934 0.862076 0.840391 0.750097 0.789547 0.994151 0.719586 0.679908 0.613961 0.690376 0.833958 0.578096 0.897649 0.875738 0.830634 0.592270 0.826739 0.816633 0.816671 0.714803 0.595692 0.676000 0.796854 0.999184 0.995542 0.962083 0.691397 0.906246 0.708538 0.766417 0.824607 0.930981 0.550547 0.000000 0.687778 0.593998 0.840412 0.952903 0.654691 0.596005 0.805024 0.745272 0.716553 0.649301 0.752944 0.728634 0.705755 0.755923 0.867594 0.989554 0.713580 0.766158 0.665076 0.848023 0.904276 0.829938 0.855889 0.677998 0.905993 0.999852 0.575962 0.595345 0.778419 0.860215 0.584030 0.649835 0.769347 0.750641 0.854988 0.660982 0.845622 0.734883 0.720781 0.815791 0.623513 0.911369 0.855631 0.821477 0.798649 0.758144 0.765826 0.693045 0.999672 0.828665 0.646557 0.596102 0.956473 0.895797 0.845000 0.804068 0.888716 0.867210 0.994306 0.835097 0.951359 0.997244 0.884954 0.935543 0.910193 0.990536 0.789200 0.812527 0.909714 0.857595 0.918389 0.881344 0.972796 0.983062 0.919844 0.980960 0.781162 0.882074
