0.000000 0.514063 0.776482 0.774087 0.919808 0.979701 0.778848 0.837283 0.790932 0.994900 0.727205 0.733027 0.940659 0.999927 0.876251 0.984020 0.544319 0.537165 0.452577 0.556562 0.872910 0.825338 0.842422 0.980357 0.714120 0.797853 0.950010 0.936927 0.697366 0.773326 0.809655 0.950641 0.671781 0.525252 0.860532 0.975639 0.882099 0.979263 0.793543 0.828230 0.946338 0.849631 0.636488 0.565857 0.977399 0.880553 0.650704 0.719042 0.972021 0.907540 0.906045 0.911774 0.852375 0.741708 0.763814 0.998937 0.421705 0.507868 0.544389 0.693232 0.784551 0.846583 0.724028 0.775988 0.808913 0.827997 0.696078 0.703668 0.674584 0.599710 0.719954 0.781323 0.651962 0.681496 0.974860 0.888279 0.656602 0.729820 0.882216 0.697003 0.598804 0.591429 0.939414 0.729682 0.845643 0.877062 0.711392 0.904094 0.877542 0.786009 0.834366 0.894672 0.871980 0.973553 0.895943 0.827360 0.755275 0.837085 0.905698 0.834617 0.814945 0.978374 0.729240 0.665482 0.892214 0.893064 0.901892 0.993268 0.860701 0.686374 0.742279 0.994715 0.884130 0.987768 0.858412 0.715260
0.514063 0.000000 0.943831 0.796366 0.942205 0.978913 0.945712 0.722640 0.748145 0.819198 0.857236 0.539007 0.878925 0.806946 0.959924 0.761106 0.560035 0.509923 0.576325 0.574991 0.916617 0.883717 0.964965 0.951400 0.857131 0.966779 0.911864 0.936549 0.626393 0.702806 0.749239 0.888174 0.567710 0.498500 0.913495 0.979503 0.822980 0.821980 0.943726 0.825289 0.959046 0.895095 0.579376 0.509168 0.772615 0.686799 0.574824 0.543559 0.842402 0.790372 0.785105 0.863669 0.983056 0.863790 0.731632 0.984592 0.401771 0.371411 0.607424 0.739679 0.709928 0.638354 0.612271 0.541385 0.867965 0.866110 0.723169 0.671118 0.838650 0.533764 0.558716 0.641537 0.778823 0.758810 0.954490 0.940325 0.602430 0.781221 0.651627 0.684651 0.484719 0.561532 0.819042 0.698352 0.891173 0.896177 0.885510 0.935441 0.809890 0.829489 0.826003 0.794128 0.899254 0.860080 0.773970 0.780953 0.692901 0.752918 0.715353 0.794079 0.786772 0.956625 0.678930 0.742996 0.830976 0.815519 0.941231 0.967523 0.907469 0.741318 0.716988 0.868216 0.859232 0.823524 0.776552 0.907772
0.776482 0.943831 0.000000 0.437405 0.975436 0.957247 0.354478 0.656174 0.668720 0.967716 0.888390 0.789586 0.738845 0.832274 0.922824 0.814442 0.906973 0.849325 0.739995 0.894917 0.715864 0.849028 0.764544 0.802060 0.506829 0.590937 0.985822 0.979954 0.797833 0.696387 0.898634 0.979117 0.772519 0.771316 0.696075 0.934849 0.831738 0.999686 0.842834 0.833374 0.982598 0.833880 0.699642 0.842422 0.793155 0.846272 0.699743 0.865365 0.771272 0.984272 0.926509 0.877475 0.899889 0.770837 0.906047 0.845192 0.992404 0.964579 0.557499 0.686312 0.693999 0.961932 0.867013 0.758344 0.398769 0.513558 0.493166 0.547013 0.943449 0.843854 0.975340 0.986577 0.929675 0.948440 0.953252 0.948763 0.813367 0.904394 0.896968 0.964626 0.977265 0.943600 0.843459 0.989369 0.574905 0.743102 0.659417 0.850352 0.707454 0.655949 0.731543 0.704451 0.643703 0.577756 0.939583 0.755188 0.892623 0.941906 0.839289 0.747109 0.710180 0.893233 0.963693 0.928539 0.635720 0.730106 0.955587 0.858603 0.791998 0.974534 0.929783 0.988149 0.958832 0.798511 0.772012 0.736691
0.774087 0.796366 0.437405 0.000000 0.939724 0.964956 0.455454 0.513725 0.818324 0.978684 0.965203 0.998623 0.825800 0.929078 0.925367 0.982836 0.915468 0.926980 0.793837 0.844382 0.751023 0.890803 0.661796 0.632843 0.663167 0.638867 0.952506 0.929212 0.797089 0.717930 0.926428 0.987161 0.733260 0.681395 0.692868 0.910212 0.777603 0.914589 0.757823 0.891136 0.949391 0.817883 0.729338 0.788805 0.856935 0.919842 0.715173 0.804021 0.804726 0.961274 0.842206 0.758158 0.904124 0.732420 0.867542 0.807963 0.882217 0.879504 0.599033 0.663300 0.693109 0.762412 0.975885 0.985450 0.392702 0.370484 0.444603 0.402164 0.949974 0.895765 0.895899 0.809981 0.803772 0.843046 0.946524 0.919741 0.683569 0.808339 0.995731 0.971335 0.841188 0.837117 0.971734 0.898603 0.530476 0.654361 0.812281 0.893456 0.861835 0.574275 0.738927 0.721626 0.633974 0.655333 0.980738 0.703655 0.774327 0.995859 0.690968 0.692365 0.624891 0.819434 0.952754 0.935859 0.540599 0.665737 0.882126 0.748093 0.777173 0.867274 0.836755 0.973900 0.936760 0.876205 0.719240 0.771830
0.919808 0.942205 0.975436 0.939724 0.000000 0.876754 0.913219 0.979825 0.871350 0.985643 0.820478 0.974840 0.763512 0.897983 0.831636 0.939490 0.903049 0.910209 0.987306 0.977572 0.823910 0.718475 0.855128 0.921328 0.995265 0.889813 0.861641 0.883423 0.983446 0.864340 0.894964 0.997635 0.967072 0.992841 0.944922 0.848380 0.930957 0.910038 0.948708 0.943100 0.901287 0.908557 0.852186 0.899483 0.849266 0.979099 0.999583 0.969337 0.922909 0.976652 0.892897 0.978534 0.872342 0.776422 0.943723 0.940369 0.973176 0.934498 0.828099 0.791166 0.810036 0.975795 0.809502 0.966993 0.993766 0.971000 0.989499 0.998393 0.751464 0.975231 0.902713 0.964041 0.921759 0.992206 0.941612 0.988211 0.859737 0.937117 0.946115 0.877605 0.913070 0.916474 0.868778 0.824329 0.785311 0.691949 0.988180 0.782777 0.975733 0.998923 0.940281 0.976791 0.996868 0.951443 0.944159 0.870099 0.862183 0.986617 0.989856 0.962634 0.943879 0.941866 0.938567 0.832136 0.921073 0.856034 0.973820 0.919606 0.964638 0.922991 0.974105 0.946084 0.867898 0.983019 0.965164 0.936251
0.979701 0.978913 0.957247 0.964956 0.876754 0.000000 0.998874 0.985866 0.970333 0.971877 0.929679 0.963771 0.981803 0.939219 0.990205 0.745866 0.893829 0.930049 0.992583 0.951181 0.941953 0.934839 0.826203 0.857445 0.938400 0.852196 0.928493 0.886207 0.956290 0.949804 0.790024 0.988677 0.975179 0.938259 0.843937 0.916248 0.740762 0.945820 0.873615 0.935714 0.874658 0.987594 0.937441 0.872793 0.912214 0.972950 0.927871 0.910459 0.881371 0.948525 0.892615 0.924312 0.869438 0.858737 0.888967 0.836995 0.960925 0.988187 0.792170 0.823363 0.979038 0.982250 0.971585 0.971381 0.969584 0.975813 0.967255 0.937668 0.861459 0.939066 0.765080 0.841445 0.872223 0.817249 0.923648 0.929568 0.955883 0.810738 0.979318 0.922815 0.981768 0.953737 0.959472 0.948276 0.881081 0.837770 0.937641 0.809744 0.839318 0.957948 0.799947 0.834211 0.769749 0.935696 0.864643 0.965820 0.948243 0.921241 0.908451 0.971928 0.890036 0.993603 0.998567 0.927974 0.887027 0.983300 0.967023 0.978434 0.910873 0.959532 0.989090 0.942282 0.936669 0.948050 0.893494 0.914812
0.778848 0.945712 0.354478 0.455454 0.913219 0.998874 0.000000 0.567885 0.679849 0.970559 0.890658 0.867252 0.626813 0.996892 0.974761 0.928810 0.941822 0.887575 0.767078 0.897415 0.773221 0.933076 0.749816 0.848226 0.625005 0.636232 0.979796 0.993996 0.842600 0.790271 0.952482 0.893949 0.753496 0.757038 0.707505 0.967269 0.866828 0.879284 0.874365 0.872766 0.962436 0.907590 0.797248 0.857020 0.813052 0.879913 0.779523 0.879606 0.762750 0.989433 0.838807 0.800705 0.990791 0.887055 0.969295 0.928836 0.972882 0.957235 0.568978 0.694029 0.540304 0.841900 0.994810 0.862592 0.422875 0.491645 0.536585 0.567547 0.874141 0.810706 0.941536 0.974105 0.882168 0.895776 0.949845 0.989216 0.800351 0.881451 0.888436 0.994223 0.892397 0.917814 0.894886 0.953509 0.507338 0.711551 0.688246 0.919355 0.697639 0.653115 0.672165 0.669742 0.697405 0.619352 0.987277 0.854685 0.998383 0.869110 0.775920 0.679399 0.787510 0.812408 0.941690 0.978666 0.636294 0.772169 0.924292 0.916997 0.719652 0.972849 0.882689 0.960588 0.989396 0.801187 0.786494 0.710578
0.837283 0.722640 0.656174 0.513725 0.979825 0.985866 0.567885 0.000000 0.895527 0.701306 0.931971 0.736437 0.689417 0.811539 0.990419 0.875531 0.981720 0.912384 0.891847 0.765821 0.937783 0.967137 0.720985 0.843353 0.989099 0.963247 0.864298 0.978197 0.941085 0.984523 0.991899 0.945189 0.726587 0.608533 0.817994 0.975965 0.915040 0.975353 0.909774 0.905388 0.873744 0.847505 0.857696 0.850272 0.943702 0.992000 0.799708 0.822518 0.853759 0.905003 0.654267 0.542871 0.887713 0.921653 0.867939 0.989696 0.903525 0.794033 0.566685 0.565093 0.479660 0.415016 0.721004 0.648456 0.618620 0.519343 0.629554 0.515184 0.759940 0.991439 0.911012 0.800685 0.785658 0.791438 0.911023 0.929431 0.630165 0.774152 0.884505 0.969694 0.683922 0.911955 0.984677 0.925534 0.676109 0.856473 0.827262 0.888220 0.892197 0.608438 0.679215 0.813540 0.715691 0.814571 0.784211 0.793067 0.685795 0.949257 0.502895 0.546895 0.625277 0.872275 0.705994 0.930977 0.529896 0.644074 0.923087 0.743325 0.768885 0.778392 0.713826 0.835389 0.894456 0.976623 0.698114 0.857478
0.790932 0.748145 0.668720 0.818324 0.871350 0.970333 0.679849 0.895527 0.000000 0.878404 0.968568 0.625790 0.909646 0.782487 0.903378 0.772858 0.662039 0.578342 0.848397 0.743452 0.904567 0.960270 0.789914 0.997568 0.852315 0.787001 0.936560 0.971730 0.698189 0.617640 0.978951 0.755998 0.970175 0.848034 0.827348 0.928018 0.861256 0.936435 0.969571 0.982811 0.968633 0.940196 0.909294 0.796480 0.976416 0.893182 0.919194 0.883983 0.980585 0.936843 0.919595 0.778553 0.819309 0.854944 0.943528 0.840532 0.678410 0.690252 0.981325 0.957296 0.955787 0.884927 0.707252 0.632040 0.754381 0.893970 0.906230 0.921035 0.825032 0.639898 0.848804 0.701012 0.721631 0.805764 0.970196 0.941776 0.897717 0.951251 0.652766 0.741341 0.680376 0.683972 0.750603 0.809643 0.840513 0.984252 0.887025 0.944806 0.741584 0.938466 0.623070 0.638229 0.557789 0.655972 0.925753 0.938523 0.966898 0.895521 0.888673 0.920807 0.947910 0.930800 0.839851 0.822181 0.864213 0.910148 0.920193 0.863936 0.934426 0.843872 0.762454 0.912278 0.913810 0.848300 0.980992 0.918202
0.994900 0.819198 0.967716 0.978684 0.985643 0.971877 0.970559 0.701306 0.878404 0.000000 0.830499 0.856349 0.966045 0.998214 0.894841 0.951451 0.837962 0.862979 0.904408 0.816725 0.800105 0.945316 0.929346 0.882454 0.904318 0.812470 0.780900 0.926338 0.676785 0.787637 0.755348 0.966412 0.734184 0.774626 0.856184 0.977798 0.856759 0.887452 0.712420 0.939337 0.790007 0.931795 0.856379 0.787313 0.703786 0.703899 0.878099 0.822259 0.668716 0.647605 0.631731 0.657268 0.689523 0.774941 0.817867 0.981438 0.858079 0.817314 0.842345 0.837409 0.877734 0.708576 0.822543 0.726231 0.878744 0.867925 0.962943 0.937161 0.965835 0.868544 0.913282 0.906053 0.952060 0.955677 0.838918 0.991721 0.934691 0.837949 0.990960 0.970178 0.812609 0.947362 0.878451 0.976900 0.846774 0.772355 0.858117 0.990773 0.964842 0.736183 0.970248 0.957083 0.885564 0.907217 0.879258 0.818273 0.754652 0.888783 0.718439 0.831157 0.737733 0.968773 0.601827 0.853059 0.859547 0.932641 0.778758 0.975273 0.988612 0.812514 0.793733 0.862612 0.970611 0.782924 0.947425 0.967571
0.727205 0.857236 0.888390 0.965203 0.820478 0.929679 0.890658 0.931971 0.968568 0.830499 0.000000 0.823817 0.847308 0.966466 0.870211 0.868491 0.605225 0.624119 0.639477 0.634499 0.791991 0.966081 0.899409 0.844868 0.982879 0.905128 0.914809 0.862180 0.672943 0.721614 0.803873 0.987997 0.737954 0.662169 0.990662 0.942840 0.993468 0.879244 0.934320 0.932858 0.965010 0.950036 0.960792 0.872933 0.977487 0.993017 0.971785 0.984410 0.977657 0.883756 0.983494 0.843860 0.885215 0.933915 0.977820 0.860550 0.738919 0.825495 0.823019 0.896535 0.819239 0.993955 0.700298 0.847662 0.911254 0.953335 0.950806 0.888813 0.887341 0.779518 0.926500 0.914819 0.596541 0.738972 0.954772 0.795557 0.918968 0.842405 0.857263 0.766469 0.734324 0.759093 0.979333 0.884251 0.988646 0.988241 0.686147 0.988767 0.877453 0.947323 0.645324 0.652978 0.791190 0.706949 0.940027 0.841957 0.937816 0.964187 0.924721 0.956600 0.960193 0.933707 0.853437 0.917603 0.992185 0.823671 0.898974 0.779064 0.976505 0.806337 0.881606 0.948270 0.798725 0.988626 0.973978 0.997170
0.733027 0.539007 0.789586 0.998623 0.974840 0.963771 0.867252 0.736437 0.625790 0.856349 0.823817 0.000000 0.757977 0.570725 0.783433 0.662121 0.542072 0.477169 0.785543 0.548125 0.874721 0.975468 0.991174 0.982603 0.764927 0.717544 0.902739 0.902098 0.512625 0.505607 0.935913 0.823941 0.717734 0.594298 0.983272 0.942662 0.951456 0.944230 0.869424 0.969187 0.942662 0.893291 0.921920 0.745851 0.867222 0.764334 0.867130 0.760856 0.970670 0.969142 0.824982 0.910327 0.975585 0.959246 0.885468 0.888052 0.583402 0.487134 0.816621 0.832612 0.641227 0.516104 0.447752 0.349420 0.887658 0.975752 0.993220 0.842331 0.994577 0.619888 0.748618 0.684294 0.823985 0.824473 0.929248 0.898553 0.678229 0.762713 0.553223 0.711667 0.462136 0.587582 0.688657 0.723984 0.975393 0.980386 0.937878 0.936459 0.669076 0.995962 0.754341 0.661243 0.752066 0.617039 0.712363 0.862398 0.787592 0.781569 0.837558 0.864552 0.940187 0.963639 0.622697 0.895582 0.875916 0.939789 0.996537 0.952550 0.937197 0.662460 0.722015 0.830729 0.917200 0.718092 0.812764 0.921970
0.940659 0.878925 0.738845 0.825800 0.763512 0.981803 0.626813 0.689417 0.909646 0.966045 0.847308 0.757977 0.000000 0.558468 0.563280 0.661201 0.875874 0.853977 0.900805 0.801751 0.949233 0.933784 0.704576 0.852339 0.951119 0.998054 0.972058 0.984336 0.858806 0.830983 0.913095 0.865228 0.772248 0.800678 0.852227 0.974585 0.849164 0.910035 0.898024 0.944182 0.955702 0.992491 0.967589 0.960030 0.991806 0.947333 0.870035 0.838373 0.805190 0.971754 0.844458 0.810685 0.911901 0.865476 0.977229 0.927863 0.995649 0.890908 0.874837 0.857550 0.415180 0.705555 0.706345 0.792572 0.756751 0.803177 0.936741 0.818427 0.651288 0.946400 0.953729 0.997809 0.933301 0.929101 0.949227 0.916220 0.891563 0.910038 0.762789 0.798001 0.708534 0.739951 0.790926 0.818498 0.581361 0.777481 0.994590 0.820585 0.920005 0.970136 0.957071 0.937103 0.951327 0.972879 0.979168 0.933243 0.889857 0.919617 0.838849 0.867812 0.993044 0.858680 0.985474 0.851626 0.831775 0.877176 0.963555 0.821337 0.952908 0.904789 0.978127 0.851189 0.859722 0.990967 0.740959 0.935699
0.999927 0.806946 0.832274 0.929078 0.897983 0.939219 0.996892 0.811539 0.782487 0.998214 0.966466 0.570725 0.558468 0.000000 0.443624 0.425119 0.768717 0.695927 0.943346 0.836316 0.865353 0.970434 0.862858 0.904989 0.836090 0.710985 0.969083 0.949103 0.679342 0.550298 0.894288 0.726480 0.782296 0.773927 0.998040 0.913390 0.986903 0.939357 0.762610 0.985078 0.929513 0.979258 0.982175 0.846817 0.781240 0.721050 0.889495 0.748221 0.994007 0.902742 0.769320 0.808101 0.846276 0.766870 0.975728 0.888497 0.946657 0.825414 0.953842 0.980636 0.591300 0.644992 0.562617 0.550889 0.978513 0.958112 0.931743 0.970968 0.648621 0.867909 0.965687 0.869530 0.996037 0.983325 0.922235 0.886335 0.931981 0.950874 0.696381 0.710974 0.637589 0.685513 0.542727 0.746775 0.781292 0.808881 0.771869 0.769161 0.852888 0.844157 0.872127 0.760505 0.717352 0.764165 0.819345 0.946629 0.918725 0.970244 0.855779 0.946638 0.934063 0.967635 0.880750 0.942343 0.977150 0.986234 0.898616 0.786279 0.872841 0.818208 0.942565 0.746785 0.968280 0.843248 0.821281 0.951644
0.876251 0.959924 0.922824 0.925367 0.831636 0.990205 0.974761 0.990419 0.903378 0.894841 0.870211 0.783433 0.563280 0.443624 0.000000 0.533939 0.867855 0.823914 0.964269 0.967083 0.994065 0.975295 0.724917 0.820180 0.954501 0.864473 0.947800 0.866935 0.775320 0.667853 0.802932 0.608214 0.803404 0.902562 0.968183 0.916031 0.900277 0.890715 0.885214 0.980042 0.941218 0.996867 0.992734 0.895046 0.723199 0.724985 0.801383 0.727229 0.971235 0.864332 0.820741 0.832231 0.794935 0.669447 0.995056 0.961719 0.961901 0.976169 0.820036 0.801702 0.702924 0.846536 0.729738 0.787352 0.946473 0.971694 0.966204 0.984705 0.634024 0.989554 0.889863 0.951217 0.976880 0.965167 0.901968 0.909599 0.988953 0.892155 0.739936 0.788197 0.768532 0.750684 0.585770 0.743877 0.729625 0.696601 0.664713 0.669059 0.962957 0.853087 0.937369 0.881438 0.781984 0.906346 0.982578 0.968363 0.797991 0.984733 0.902111 0.999581 0.925737 0.967802 0.974618 0.924610 0.988790 0.932602 0.858714 0.767201 0.865391 0.969606 0.967089 0.729814 0.913425 0.897339 0.871911 0.864657
0.984020 0.761106 0.814442 0.982836 0.939490 0.745866 0.928810 0.875531 0.772858 0.951451 0.868491 0.662121 0.661201 0.425119 0.533939 0.000000 0.895913 0.775922 0.987105 0.880285 0.860066 0.947596 0.711511 0.691963 0.928757 0.886825 0.918016 0.897539 0.777222 0.701527 0.784150 0.699774 0.847833 0.816913 0.971060 0.907496 0.848545 0.822318 0.929089 0.918311 0.989510 0.911517 0.994890 0.911322 0.726322 0.676207 0.880204 0.669396 0.909250 0.859363 0.761844 0.839818 0.827671 0.757223 0.968892 0.994330 0.879726 0.810839 0.806476 0.868402 0.733623 0.699705 0.652968 0.618115 0.990081 0.922068 0.984931 0.903458 0.667160 0.829671 0.872866 0.742913 0.929868 0.904242 0.937585 0.962027 0.924823 0.924128 0.682294 0.779711 0.694751 0.689787 0.535729 0.719552 0.732996 0.712252 0.752817 0.699820 0.766278 0.870800 0.954896 0.865924 0.817224 0.856982 0.890536 0.945507 0.883308 0.906185 0.840510 0.958376 0.938767 0.944266 0.938043 0.876957 0.956701 0.930911 0.886698 0.890532 0.908382 0.841082 0.975722 0.749654 0.941061 0.821696 0.839553 0.998179
0.544319 0.560035 0.906973 0.915468 0.903049 0.893829 0.941822 0.981720 0.662039 0.837962 0.605225 0.542072 0.875874 0.768717 0.867855 0.895913 0.000000 0.363018 0.542478 0.533095 0.971100 0.888087 0.826327 0.903944 0.998225 0.925351 0.974786 0.909523 0.426177 0.419080 0.725790 0.738025 0.577726 0.583919 0.975001 0.993283 0.967399 0.925987 0.973534 0.958850 0.996843 0.768225 0.772372 0.566510 0.749660 0.676222 0.659926 0.667388 0.779925 0.833841 0.769004 0.947729 0.955290 0.948323 0.831531 0.920388 0.453105 0.515181 0.789144 0.959786 0.780664 0.833624 0.493213 0.546712 0.878163 0.909924 0.970944 0.913009 0.813951 0.523987 0.759327 0.771442 0.553799 0.569968 0.990883 0.886257 0.779788 0.819334 0.632503 0.563201 0.438017 0.526995 0.715824 0.655226 0.989685 0.909963 0.871369 0.930798 0.725195 0.954776 0.644660 0.638635 0.651135 0.700676 0.886155 0.886757 0.887508 0.887375 0.987858 0.949669 0.957131 0.996039 0.710843 0.722772 0.944361 0.865878 0.935772 0.800625 0.980651 0.684789 0.805925 0.897007 0.935922 0.814922 0.889138 0.980623
0.537165 0.509923 0.849325 0.926980 0.910209 0.930049 0.887575 0.912384 0.578342 0.862979 0.624119 0.477169 0.853977 0.695927 0.823914 0.775922 0.363018 0.000000 0.556042 0.479151 0.996489 0.988622 0.835517 0.912429 0.919558 0.850104 0.951613 0.916075 0.428920 0.387216 0.778050 0.741396 0.599875 0.537213 0.925681 0.992699 0.986962 0.930729 0.974415 0.909845 0.946112 0.862575 0.810212 0.589506 0.817792 0.724314 0.723255 0.702164 0.890442 0.877393 0.866612 0.929316 0.948249 0.972904 0.869471 0.919461 0.414381 0.471957 0.796363 0.904733 0.766912 0.745314 0.455283 0.464785 0.843486 0.931836 0.979730 0.898349 0.841921 0.452563 0.688405 0.704556 0.534866 0.593880 0.996081 0.858172 0.722142 0.808574 0.585147 0.515669 0.421842 0.496569 0.721447 0.667767 0.962363 0.926645 0.968144 0.978986 0.658250 0.987584 0.622337 0.547566 0.589801 0.617855 0.786137 0.900156 0.812579 0.818277 0.953761 0.935273 0.880775 0.884715 0.643626 0.793349 0.992890 0.945299 0.960652 0.820507 0.969474 0.656952 0.716106 0.867158 0.939962 0.806928 0.890340 0.962649
0.452577 0.576325 0.739995 0.793837 0.987306 0.992583 0.767078 0.891847 0.848397 0.904408 0.639477 0.785543 0.900805 0.943346 0.964269 0.987105 0.542478 0.556042 0.000000 0.549287 0.831935 0.831332 0.995619 0.968113 0.722013 0.719299 0.996408 0.985485 0.640865 0.742013 0.706380 0.864170 0.576861 0.555546 0.872847 0.978076 0.779911 0.871004 0.864766 0.905179 0.963042 0.746429 0.629934 0.578817 0.906780 0.824804 0.584249 0.720703 0.881097 0.836828 0.845449 0.943502 0.929848 0.869645 0.802612 0.991927 0.463340 0.608208 0.643153 0.857129 0.798885 0.958196 0.661333 0.821950 0.830799 0.872162 0.634276 0.682324 0.695676 0.632167 0.672053 0.735923 0.636169 0.602994 0.975398 0.903841 0.657869 0.746767 0.804246 0.670092 0.589192 0.598901 0.895054 0.716865 0.857931 0.819768 0.663540 0.972144 0.907531 0.766210 0.863674 0.918956 0.936859 0.970794 0.911478 0.826837 0.807975 0.772411 0.910059 0.782357 0.737857 0.961150 0.767591 0.654766 0.822890 0.884841 0.932086 0.965240 0.819574 0.844927 0.756838 0.905404 0.953919 0.935065 0.865080 0.781569
0.556562 0.574991 0.894917 0.844382 0.977572 0.951181 0.897415 0.765821 0.743452 0.816725 0.634499 0.548125 0.801751 0.836316 0.967083 0.880285 0.533095 0.479151 0.549287 0.000000 0.986451 0.941799 0.968646 0.987135 0.952348 0.908461 0.891962 0.815092 0.602886 0.632089 0.867270 0.839296 0.584273 0.558079 0.940837 0.966680 0.903666 0.937410 0.979967 0.940678 0.932709 0.843805 0.779124 0.659298 0.919758 0.916233 0.816271 0.791058 0.908086 0.913196 0.941934 0.926701 0.782811 0.734024 0.943475 0.895736 0.502054 0.462623 0.624563 0.655881 0.713210 0.712639 0.609281 0.582593 0.994980 0.909158 0.835411 0.763649 0.754519 0.567772 0.703565 0.720279 0.651506 0.757841 0.950498 0.856135 0.654540 0.711489 0.711485 0.602925 0.512380 0.571577 0.929433 0.791898 0.963458 0.975438 0.740125 0.873223 0.734226 0.788739 0.727465 0.700239 0.816488 0.714597 0.811545 0.808023 0.778875 0.851936 0.958333 0.868061 0.759071 0.976201 0.640448 0.768553 0.737800 0.870634 0.959964 0.969490 0.981566 0.651112 0.606727 0.942686 0.924658 0.827136 0.775962 0.854049
0.872910 0.916617 0.715864 0.751023 0.823910 0.941953 0.773221 0.937783 0.904567 0.800105 0.791991 0.874721 0.949233 0.865353 0.994065 0.860066 0.971100 0.996489 0.831935 0.986451 0.000000 0.955973 0.888916 0.875301 0.777671 0.657395 0.960447 0.844150 0.945459 0.918604 0.923090 0.940126 0.898645 0.895848 0.845067 0.918203 0.893480 0.902819 0.762768 0.921385 0.992161 0.920957 0.998445 0.985678 0.847375 0.786993 0.903373 0.906824 0.783640 0.757400 0.814169 0.786548 0.730814 0.813431 0.937279 0.848702 0.999722 0.886862 0.951303 0.929165 0.995772 0.798143 0.950543 0.807740 0.786499 0.767224 0.744554 0.755874 0.915239 0.996175 0.978029 0.986908 0.870793 0.885934 0.909342 0.891919 0.903638 0.931477 0.969618 0.859372 0.979759 0.960840 0.935138 0.966521 0.819330 0.723398 0.872933 0.947487 0.992411 0.971738 0.866179 0.939550 0.977615 0.930260 0.883394 0.939619 0.967396 0.942635 0.841962 0.997061 0.917794 0.887741 0.818742 0.938851 0.882470 0.985075 0.953202 0.973288 0.956891 0.983897 0.990430 0.871923 0.942927 0.939461 0.927536 0.993271
0.825338 0.883717 0.849028 0.890803 0.718475 0.934839 0.933076 0.967137 0.960270 0.945316 0.966081 0.975468 0.933784 0.970434 0.975295 0.947596 0.888087 0.988622 0.831332 0.941799 0.955973 0.000000 0.986673 0.997375 0.869306 0.917514 0.970719 0.888398 0.805964 0.934186 0.862930 0.881354 0.803106 0.859109 0.821683 0.787139 0.889143 0.826715 0.911969 0.929354 0.979059 0.856818 0.716595 0.842258 0.932820 0.868306 0.725620 0.872835 0.882818 0.865403 0.890980 0.895685 0.914685 0.978510 0.955573 0.840400 0.988204 0.929507 0.874848 0.997371 0.992989 0.949018 0.935159 0.975034 0.909394 0.950771 0.850938 0.831318 0.896624 0.964144 0.917365 0.964366 0.955506 0.867536 0.916121 0.923975 0.980881 0.964893 0.927224 0.927871 0.911298 0.897327 0.927614 0.915580 0.988541 0.964669 0.744048 0.879862 0.944920 0.989440 0.998285 0.983036 0.886326 0.889351 0.975667 0.826983 0.836031 0.927896 0.851907 0.987490 0.908531 0.841559 0.906612 0.635306 0.968576 0.886616 0.983107 0.960970 0.989517 0.781533 0.999557 0.943198 0.957530 0.929512 0.907008 0.918060
0.842422 0.964965 0.764544 0.661796 0.855128 0.826203 0.749816 0.720985 0.789914 0.929346 0.899409 0.991174 0.704576 0.862858 0.724917 0.711511 0.826327 0.835517 0.995619 0.968646 0.888916 0.986673 0.000000 0.459212 0.810816 0.810635 0.861403 0.860664 0.873732 0.888641 0.761002 0.775450 0.864655 0.853987 0.826910 0.917809 0.608811 0.784206 0.976285 0.987038 0.922546 0.977373 0.938398 0.992870 0.812287 0.828652 0.788877 0.793306 0.968994 0.833985 0.757169 0.742132 0.840004 0.860714 0.987124 0.782850 0.915922 0.929868 0.917898 0.959642 0.756939 0.822143 0.901786 0.951035 0.666034 0.662630 0.736908 0.646365 0.695065 0.888068 0.975035 0.827468 0.744314 0.780087 0.934183 0.959641 0.955946 0.851625 0.952177 0.990252 0.859438 0.841479 0.751097 0.830117 0.485038 0.573037 0.951835 0.717132 0.962532 0.749239 0.780271 0.847059 0.770979 0.872554 0.918701 0.819067 0.969669 0.931478 0.737542 0.764048 0.680169 0.918841 0.941502 0.884251 0.617726 0.775107 0.882344 0.904889 0.887370 0.953244 0.981717 0.835664 0.956473 0.837170 0.802257 0.944281
0.980357 0.951400 0.802060 0.632843 0.921328 0.857445 0.848226 0.843353 0.997568 0.882454 0.844868 0.982603 0.852339 0.904989 0.820180 0.691963 0.903944 0.912429 0.968113 0.987135 0.875301 0.997375 0.459212 0.000000 0.727695 0.755494 0.768755 0.919379 0.861205 0.891376 0.801808 0.726715 0.890565 0.850213 0.956118 0.877566 0.688865 0.766239 0.881053 0.977901 0.903342 0.905896 0.889877 0.926859 0.914874 0.864915 0.733794 0.785839 0.986645 0.897336 0.813543 0.907774 0.989079 0.981507 0.876166 0.817745 0.954192 0.994566 0.920561 0.907296 0.905808 0.919902 0.934741 0.987067 0.649592 0.617062 0.713321 0.623451 0.860980 0.945892 0.955346 0.766491 0.784669 0.826033 0.990347 0.828173 0.933835 0.901282 0.891300 0.882035 0.814058 0.744099 0.723745 0.785598 0.481465 0.475256 0.880325 0.644090 0.990924 0.767030 0.861432 0.858907 0.837883 0.820270 0.866220 0.898070 0.955172 0.867100 0.920938 0.905538 0.673993 0.994087 0.955050 0.966990 0.721020 0.777401 0.990394 0.907932 0.896736 0.886906 0.980489 0.945025 0.877974 0.832088 0.839802 0.781395
0.714120 0.857131 0.506829 0.663167 0.995265 0.938400 0.625005 0.989099 0.852315 0.904318 0.982879 0.764927 0.951119 0.836090 0.954501 0.928757 0.998225 0.919558 0.722013 0.952348 0.777671 0.869306 0.810816 0.727695 0.000000 0.518702 0.853903 0.952792 0.855258 0.811264 0.700900 0.923268 0.846959 0.814676 0.716048 0.931764 0.740932 0.791692 0.736484 0.821426 0.911171 0.976117 0.532522 0.668210 0.942910 0.860231 0.621841 0.660520 0.911634 0.805801 0.927244 0.967185 0.961517 0.878752 0.855289 0.712591 0.832294 0.970223 0.729840 0.906056 0.938201 0.843898 0.826906 0.692531 0.498903 0.685815 0.535864 0.671018 0.825012 0.961701 0.869820 0.905789 0.900711 0.893341 0.922437 0.979465 0.885657 0.920196 0.980575 0.932099 0.954270 0.791105 0.992345 0.855160 0.617544 0.682945 0.815477 0.985783 0.849203 0.799083 0.944877 0.833084 0.805698 0.715403 0.902536 0.779554 0.990060 0.954766 0.943092 0.988187 0.744876 0.972153 0.951478 0.835965 0.870955 0.887159 0.977738 0.966994 0.896662 0.943496 0.981754 0.940678 0.954018 0.969757 0.907026 0.712950
0.797853 0.966779 0.590937 0.638867 0.889813 0.852196 0.636232 0.963247 0.787001 0.812470 0.905128 0.717544 0.998054 0.710985 0.864473 0.886825 0.925351 0.850104 0.719299 0.908461 0.657395 0.917514 0.810635 0.755494 0.518702 0.000000 0.854630 0.829452 0.793501 0.731941 0.761841 0.958702 0.858498 0.889932 0.868924 0.885593 0.717770 0.908407 0.677521 0.887460 0.869168 0.882688 0.769710 0.878531 0.954000 0.993480 0.738317 0.874649 0.878629 0.975199 0.952079 0.968122 0.999867 0.956022 0.840392 0.767978 0.914435 0.916786 0.936969 0.902581 0.982425 0.743776 0.828116 0.636787 0.570379 0.748461 0.577891 0.709477 0.923113 0.856684 0.808659 0.894481 0.999896 0.943732 0.814608 0.980918 0.972299 0.913367 0.825311 0.948768 0.915657 0.942976 0.952615 0.976302 0.681788 0.639208 0.729715 0.985761 0.884152 0.853451 0.841778 0.676963 0.753355 0.673542 0.839359 0.945471 0.926459 0.945761 0.961115 0.887900 0.821607 0.956274 0.749529 0.990477 0.918490 0.905639 0.896892 0.983662 0.857742 0.892329 0.877909 0.875430 0.980293 0.934736 0.916496 0.823974
0.950010 0.911864 0.985822 0.952506 0.861641 0.928493 0.979796 0.864298 0.936560 0.780900 0.914809 0.902739 0.972058 0.969083 0.947800 0.918016 0.974786 0.951613 0.996408 0.891962 0.960447 0.970719 0.861403 0.768755 0.853903 0.854630 0.000000 0.970114 0.833120 0.935400 0.960772 0.895282 0.867641 0.939737 0.848978 0.886486 0.975841 0.915341 0.791913 0.948944 0.932458 0.995192 0.950884 0.928762 0.950600 0.984578 0.941286 0.997021 0.994661 0.973368 0.940808 0.820864 0.965968 0.987564 0.981957 0.997519 0.963787 0.880889 0.841674 0.818291 0.949213 0.896183 0.964659 0.885802 0.930656 0.916408 0.999984 0.967696 0.957432 0.983759 0.998083 0.994678 0.916701 0.970045 0.931392 0.868985 0.931011 0.973324 0.996357 0.893730 0.994819 0.868652 0.852258 0.891523 0.780775 0.712218 0.987607 0.781699 0.875907 0.937713 0.948327 0.909283 0.993050 0.849393 0.886189 0.812678 0.985153 0.811217 0.932734 0.991094 0.873651 0.833835 0.918732 0.988000 0.948202 0.907749 0.975572 0.906750 0.898838 0.991422 0.892522 0.993461 0.954170 0.972604 0.851659 0.820028
0.936927 0.936549 0.979954 0.929212 0.883423 0.886207 0.993996 0.978197 0.971730 0.926338 0.862180 0.902098 0.984336 0.949103 0.866935 0.897539 0.909523 0.916075 0.985485 0.815092 0.844150 0.888398 0.860664 0.919379 0.952792 0.829452 0.970114 0.000000 0.975195 0.941187 0.941336 0.957606 0.986232 0.933800 0.846036 0.999921 0.944732 0.931032 0.962481 0.882879 0.946300 0.968662 0.983789 0.936994 0.857341 0.915502 0.885970 0.954399 0.886722 0.913231 0.941333 0.861148 0.906739 0.861422 0.919725 0.903637 0.881722 0.916863 0.809882 0.833534 0.961728 0.944846 0.971678 0.919028 0.856950 0.913784 0.835404 0.945350 0.829326 0.903880 0.944662 0.995522 0.915860 0.937187 0.971866 0.961806 0.958762 0.900427 0.900516 0.926177 0.881464 0.923476 0.855167 0.963622 0.890773 0.758785 0.965946 0.942849 0.852789 0.968114 0.882751 0.904549 0.919398 0.946241 0.995181 0.974578 0.927524 0.835056 0.911906 0.928398 0.855600 0.908930 0.839090 0.958205 0.936670 0.976529 0.990321 0.947728 0.955785 0.921896 0.869292 0.967865 0.940998 0.877109 0.992339 0.825896
0.697366 0.626393 0.797833 0.797089 0.983446 0.956290 0.842600 0.941085 0.698189 0.676785 0.672943 0.512625 0.858806 0.679342 0.775320 0.777222 0.426177 0.428920 0.640865 0.602886 0.945459 0.805964 0.873732 0.861205 0.855258 0.793501 0.833120 0.975195 0.000000 0.359950 0.675817 0.729653 0.594521 0.603113 0.969322 0.834808 0.920638 0.894832 0.764687 0.966060 0.887502 0.834266 0.828997 0.635672 0.678598 0.595262 0.739380 0.715159 0.723243 0.783095 0.702995 0.917671 0.842291 0.780909 0.890408 0.870737 0.597143 0.621427 0.908134 0.976600 0.803804 0.800078 0.474039 0.492585 0.758577 0.771510 0.972270 0.970535 0.977284 0.549101 0.859240 0.833795 0.601705 0.618040 0.951538 0.866931 0.813794 0.852397 0.660836 0.665815 0.502718 0.703974 0.760164 0.756670 0.860172 0.937854 0.939759 0.909246 0.699109 0.917504 0.641287 0.599470 0.639969 0.609466 0.813426 0.903202 0.911674 0.830280 0.922233 0.963120 0.945095 0.940101 0.650633 0.761389 0.909619 0.887296 0.856266 0.786472 0.898967 0.717749 0.790900 0.796986 0.949985 0.757447 0.888130 0.910397
0.773326 0.702806 0.696387 0.717930 0.864340 0.949804 0.790271 0.984523 0.617640 0.787637 0.721614 0.505607 0.830983 0.550298 0.667853 0.701527 0.419080 0.387216 0.742013 0.632089 0.918604 0.934186 0.888641 0.891376 0.811264 0.731941 0.935400 0.941187 0.359950 0.000000 0.722640 0.668205 0.644435 0.675660 0.937039 0.935764 0.979319 0.925376 0.862895 0.966021 0.945737 0.884607 0.902072 0.668207 0.675180 0.619506 0.805490 0.748750 0.744949 0.831979 0.761177 0.966154 0.858931 0.767750 0.922777 0.855952 0.634367 0.657496 0.972028 0.878117 0.790131 0.784530 0.444133 0.475932 0.689457 0.752412 0.855831 0.930889 0.968099 0.582020 0.890558 0.809635 0.631866 0.665514 0.973932 0.830637 0.915503 0.875377 0.626024 0.581802 0.476207 0.586221 0.598354 0.649084 0.923762 0.951510 0.945020 0.800980 0.677190 0.866209 0.621816 0.550565 0.535856 0.571167 0.817847 0.969636 0.984636 0.872192 0.988323 0.957697 0.951956 0.925561 0.678287 0.837479 0.892586 0.820618 0.815704 0.724285 0.889041 0.721294 0.821809 0.860216 0.951379 0.750503 0.937239 0.884523
0.809655 0.749239 0.898634 0.926428 0.894964 0.790024 0.952482 0.991899 0.978951 0.755348 0.803873 0.935913 0.913095 0.894288 0.802932 0.784150 0.725790 0.778050 0.706380 0.867270 0.923090 0.862930 0.761002 0.801808 0.700900 0.761841 0.960772 0.941336 0.675817 0.722640 0.000000 0.605181 0.590130 0.697853 0.815296 0.949440 0.662595 0.767204 0.983801 0.903962 0.932083 0.934886 0.639790 0.631727 0.543880 0.584326 0.565783 0.570165 0.598561 0.669727 0.645566 0.908660 0.773003 0.751412 0.724349 0.803312 0.688954 0.781483 0.950789 0.877032 0.923315 0.975031 0.774456 0.886074 0.943296 0.945887 0.806832 0.846224 0.973115 0.755055 0.763051 0.752405 0.776615 0.789698 0.899090 0.818208 0.909130 0.857764 0.883612 0.725735 0.688278 0.674399 0.690509 0.658526 0.801564 0.743395 0.902882 0.679033 0.849000 0.920985 0.865975 0.909860 0.929545 0.936036 0.982833 0.818802 0.928878 0.876616 0.815820 0.962728 0.840426 0.961888 0.892021 0.954987 0.994679 0.938467 0.851560 0.933874 0.962196 0.842434 0.965389 0.779052 0.937007 0.884387 0.939686 0.977377
0.950641 0.888174 0.979117 0.987161 0.997635 0.988677 0.893949 0.945189 0.755998 0.966412 0.987997 0.823941 0.865228 0.726480 0.608214 0.699774 0.738025 0.741396 0.864170 0.839296 0.940126 0.881354 0.775450 0.726715 0.923268 0.958702 0.895282 0.957606 0.729653 0.668205 0.605181 0.000000 0.658852 0.787643 0.939732 0.958229 0.882591 0.747344 0.918125 0.821863 0.961919 0.798413 0.806725 0.733410 0.686556 0.712543 0.677802 0.700989 0.852954 0.840000 0.838233 0.948204 0.947123 0.908775 0.817217 0.932603 0.802788 0.814592 0.876407 0.903287 0.951707 0.975050 0.747627 0.777087 0.979281 0.999663 0.911979 0.839635 0.977986 0.830902 0.986302 0.742002 0.898207 0.836279 0.905294 0.941515 0.992210 0.957028 0.735759 0.609069 0.676389 0.645223 0.590936 0.627685 0.840004 0.736851 0.859657 0.610636 0.793230 0.960137 0.794031 0.797698 0.744512 0.895496 0.973151 0.878447 0.976085 0.774142 0.906265 0.984818 0.848600 0.871149 0.848766 0.921370 0.931486 0.981314 0.895719 0.929507 0.906083 0.845357 0.902854 0.711995 0.981114 0.812665 0.939252 0.911670
0.671781 0.567710 0.772519 0.733260 0.967072 0.975179 0.753496 0.726587 0.970175 0.734184 0.737954 0.717734 0.772248 0.782296 0.803404 0.847833 0.577726 0.599875 0.576861 0.584273 0.898645 0.803106 0.864655 0.890565 0.846959 0.858498 0.867641 0.986232 0.594521 0.644435 0.590130 0.658852 0.000000 0.502755 0.798086 0.990925 0.806943 0.896047 0.992228 0.898896 0.987476 0.750708 0.651555 0.545334 0.726979 0.692355 0.558106 0.559766 0.816187 0.743057 0.652524 0.762121 0.845700 0.931575 0.802555 0.945408 0.570652 0.567901 0.685085 0.820629 0.655869 0.776489 0.576358 0.656718 0.823148 0.866812 0.674617 0.633974 0.985657 0.792315 0.811229 0.743901 0.847293 0.873365 0.888187 0.903948 0.713668 0.774918 0.804390 0.637353 0.514371 0.622535 0.775476 0.691647 0.782467 0.799087 0.804104 0.902932 0.904630 0.730072 0.912207 0.900749 0.934956 0.959599 0.818893 0.817294 0.919149 0.899850 0.696307 0.751052 0.771852 0.914210 0.767025 0.775442 0.759366 0.930778 0.848198 0.944273 0.982063 0.785856 0.846399 0.861281 0.940099 0.915717 0.726731 0.959197
0.525252 0.498500 0.771316 0.681395 0.992841 0.938259 0.757038 0.608533 0.848034 0.774626 0.662169 0.594298 0.800678 0.773927 0.902562 0.816913 0.583919 0.537213 0.555546 0.558079 0.895848 0.859109 0.853987 0.850213 0.814676 0.889932 0.939737 0.933800 0.603113 0.675660 0.697853 0.787643 0.502755 0.000000 0.847642 0.990368 0.790715 0.828315 0.951684 0.878910 0.994015 0.832663 0.629693 0.514214 0.826709 0.722953 0.573077 0.551127 0.909771 0.834949 0.702462 0.862565 0.991093 0.890424 0.863178 0.960817 0.513889 0.528481 0.603940 0.713012 0.638659 0.646572 0.579991 0.586236 0.781908 0.748777 0.613002 0.554741 0.912150 0.673075 0.730305 0.723104 0.726745 0.736123 0.900838 0.916321 0.655100 0.692517 0.736828 0.662592 0.484875 0.565007 0.804036 0.695860 0.764437 0.788272 0.811495 0.975848 0.880180 0.754383 0.839910 0.808999 0.908273 0.908438 0.808918 0.684612 0.743661 0.839370 0.726825 0.727661 0.688155 0.905327 0.636600 0.716244 0.702243 0.882761 0.963396 0.929312 0.812142 0.643369 0.756757 0.773785 0.878388 0.832659 0.686798 0.833112
0.860532 0.913495 0.696075 0.692868 0.944922 0.843937 0.707505 0.817994 0.827348 0.856184 0.990662 0.983272 0.852227 0.998040 0.968183 0.971060 0.975001 0.925681 0.872847 0.940837 0.845067 0.821683 0.826910 0.956118 0.716048 0.868924 0.848978 0.846036 0.969322 0.937039 0.815296 0.939732 0.798086 0.847642 0.000000 0.918226 0.673118 0.930889 0.888827 0.964970 0.975759 0.916112 0.696872 0.746517 0.861318 0.840414 0.775343 0.791548 0.858986 0.673986 0.730411 0.724780 0.798739 0.930187 0.809695 0.746637 0.912344 0.858672 0.766928 0.854195 0.784385 0.830522 0.985574 0.967729 0.680428 0.781574 0.731215 0.729919 0.974195 0.951603 0.904237 0.959846 0.890468 0.909430 0.980371 0.937254 0.779090 0.783358 0.998116 0.930993 0.950628 0.940395 0.961743 0.839866 0.771695 0.884582 0.880641 0.975556 0.870207 0.804081 0.847128 0.853664 0.771442 0.816486 0.930509 0.765648 0.954368 0.894196 0.804640 0.950371 0.919904 0.715442 0.915336 0.882900 0.844722 0.999828 0.884761 0.927637 0.890367 0.951272 0.999971 0.943956 0.843085 0.953804 0.830789 0.968338
0.975639 0.979503 0.934849 0.910212 0.848380 0.916248 0.967269 0.975965 0.928018 0.977798 0.942840 0.942662 0.974585 0.913390 0.916031 0.907496 0.993283 0.992699 0.978076 0.966680 0.918203 0.787139 0.917809 0.877566 0.931764 0.885593 0.886486 0.999921 0.834808 0.935764 0.949440 0.958229 0.990925 0.990368 0.918226 0.000000 0.852954 0.984496 0.885410 0.888741 0.872458 0.995497 0.992600 0.908866 0.911615 0.896060 0.975088 0.994226 0.872006 0.885692 0.971930 0.982230 0.971944 0.976931 0.840254 0.932783 0.900436 0.993199 0.986188 0.974064 0.983789 0.981672 0.953562 0.912770 0.926680 0.995983 0.943946 0.967140 0.967559 0.957413 0.865882 0.966930 0.998898 0.955588 0.939507 0.948367 0.907558 0.865561 0.876153 0.975430 0.997845 0.921514 0.906582 0.853255 0.871890 0.912037 0.933742 0.803494 0.882333 0.812979 0.966225 0.979866 0.937052 0.992272 0.939130 0.912697 0.883924 0.911402 0.978765 0.990806 0.941185 0.871704 0.894676 0.954091 0.960494 0.871589 0.886614 0.951062 0.937426 0.992479 0.935579 0.992431 0.982264 0.914522 0.923711 0.887539
0.882099 0.822980 0.831738 0.777603 0.930957 0.740762 0.866828 0.915040 0.861256 0.856759 0.993468 0.951456 0.849164 0.986903 0.900277 0.848545 0.967399 0.986962 0.779911 0.903666 0.893480 0.889143 0.608811 0.688865 0.740932 0.717770 0.975841 0.944732 0.920638 0.979319 0.662595 0.882591 0.806943 0.790715 0.673118 0.852954 0.000000 0.620754 0.885329 0.978103 0.991212 0.887478 0.709851 0.780187 0.697284 0.663542 0.696165 0.692171 0.705746 0.603487 0.699182 0.779198 0.792284 0.797657 0.738348 0.664738 0.817994 0.827835 0.997724 0.932041 0.897605 0.946709 0.941410 0.989716 0.764464 0.918068 0.791847 0.725119 0.982816 0.916859 0.696472 0.743642 0.973275 0.910066 0.920045 0.881123 0.916416 0.706094 0.921814 0.966056 0.898169 0.846198 0.901227 0.768931 0.776301 0.795100 0.905110 0.825441 0.884469 0.874416 0.901467 0.882295 0.778746 0.959681 0.974619 0.900389 0.871805 0.821462 0.737324 0.789876 0.767000 0.871503 0.832372 0.941847 0.862537 0.863414 0.831200 0.963101 0.988176 0.916197 0.996380 0.833276 0.954947 0.815995 0.769533 0.935038
0.979263 0.821980 0.999686 0.914589 0.910038 0.945820 0.879284 0.975353 0.936435 0.887452 0.879244 0.944230 0.910035 0.939357 0.890715 0.822318 0.925987 0.930729 0.871004 0.937410 0.902819 0.826715 0.784206 0.766239 0.791692 0.908407 0.915341 0.931032 0.894832 0.925376 0.767204 0.747344 0.896047 0.828315 0.930889 0.984496 0.620754 0.000000 0.941808 0.972490 0.914218 0.808550 0.610725 0.679412 0.617836 0.598125 0.661913 0.621595 0.678457 0.625466 0.762983 0.857818 0.809715 0.856588 0.860233 0.815962 0.846063 0.895613 0.940673 0.865226 0.891361 0.971706 0.996069 0.951003 0.853498 0.971403 0.842655 0.831949 0.917567 0.787865 0.774516 0.643363 0.943450 0.847401 0.963406 0.891846 0.973625 0.967493 0.731928 0.932710 0.913504 0.854123 0.837025 0.773890 0.958531 0.841352 0.945591 0.872150 0.779002 0.983482 0.909544 0.978579 0.964643 0.971635 0.986716 0.802691 0.808761 0.772619 0.841342 0.914235 0.763328 0.962138 0.824983 0.782253 0.940081 0.816009 0.881923 0.951591 0.835876 0.891446 0.858930 0.764561 0.935247 0.831461 0.807688 0.861804
