0.000000 0.160424 0.332020 0.319139 0.631208 0.564443 0.255499 0.209450 0.417861 0.330010 0.155685 0.144276 0.131298 0.229025 0.214530 0.257093 0.166827 0.158432 0.158068 0.177195 0.531283 0.872746 0.343089 0.532766 0.742681 0.755942 0.896653 0.870983 0.213703 0.205796 0.292183 0.407367 0.157199 0.174258 0.524973 0.634925 0.392025 0.424530 0.737105 0.658515 0.632432 0.544700 0.262132 0.232077 0.263490 0.218394 0.245155 0.253930 0.758447 0.409176 0.494443 0.403480 0.568108 0.627255 0.504769 0.545271 0.185041 0.164236 0.188390 0.205449 0.124440 0.186694 0.126105 0.134240 0.393527 0.295492 0.287769 0.304632 0.320967 0.215016 0.294621 0.260193 0.465427 0.485290 0.667713 0.594525 0.390673 0.295351 0.205124 0.236346 0.153740 0.215318 0.447837 0.355961 0.270677 0.472369 0.987038 0.796067 0.453415 0.543401 0.585513 0.684198 0.601507 0.767227 0.504706 0.533199 0.359034 0.546134 0.243028 0.249847 0.548519 0.564392 0.259146 0.313844 0.299179 0.292826 0.710162 0.613968 0.653810 0.444698 0.644947 0.360864 0.365146 0.488769 0.405416 0.990335
0.160424 0.000000 0.489682 0.404295 0.628404 0.573772 0.367542 0.246901 0.450963 0.379336 0.224609 0.130889 0.143304 0.155144 0.184735 0.201946 0.158181 0.127340 0.187079 0.174456 0.531238 0.877576 0.334599 0.475138 0.699447 0.830675 0.937016 0.906460 0.176449 0.193487 0.348433 0.430376 0.224838 0.229774 0.602587 0.664693 0.413627 0.461047 0.824107 0.699990 0.603179 0.503452 0.270267 0.233026 0.278464 0.248490 0.279852 0.262878 0.752692 0.470325 0.562344 0.470209 0.654318 0.771819 0.634309 0.684490 0.110867 0.101901 0.272357 0.280328 0.201987 0.218886 0.145394 0.121044 0.519092 0.412004 0.413357 0.389852 0.372171 0.288185 0.255850 0.271863 0.570863 0.614583 0.736242 0.620146 0.322351 0.280946 0.263712 0.236194 0.163668 0.224324 0.367713 0.342733 0.324506 0.463174 0.909337 0.809044 0.556256 0.588196 0.654022 0.712636 0.667100 0.840656 0.491984 0.531857 0.383513 0.509527 0.282664 0.243874 0.583423 0.710557 0.284462 0.294561 0.322936 0.299980 0.798873 0.625471 0.630717 0.461878 0.577687 0.357656 0.429959 0.440034 0.425064 0.916119
0.332020 0.489682 0.000000 0.144037 0.640672 0.587008 0.142880 0.224286 0.447379 0.332090 0.349403 0.372104 0.332590 0.457874 0.397959 0.376346 0.416595 0.391855 0.256247 0.329319 0.475758 0.844845 0.269820 0.463133 0.554522 0.439548 0.989774 0.813907 0.427680 0.331035 0.235555 0.369643 0.236095 0.253686 0.422118 0.601632 0.400631 0.471569 0.584585 0.652430 0.744165 0.685492 0.292838 0.300582 0.498443 0.420636 0.379211 0.300952 0.934309 0.592409 0.695268 0.597863 0.612441 0.509378 0.498337 0.622666 0.518322 0.503805 0.306690 0.351112 0.245554 0.337326 0.322083 0.371202 0.190189 0.172902 0.188494 0.240075 0.488139 0.298398 0.370411 0.406939 0.448130 0.465523 0.488506 0.789075 0.481651 0.469190 0.326504 0.446584 0.331431 0.291953 0.560355 0.360964 0.304654 0.439958 0.883958 0.951962 0.454783 0.517965 0.564356 0.629659 0.576800 0.721351 0.592098 0.602434 0.509739 0.673495 0.467394 0.394629 0.577689 0.409393 0.432402 0.341112 0.401071 0.385526 0.765670 0.698143 0.631146 0.484906 0.669846 0.586958 0.467942 0.605346 0.571318 0.990694
0.319139 0.404295 0.144037 0.000000 0.679242 0.500770 0.159045 0.152859 0.464763 0.241757 0.388228 0.291375 0.274808 0.324166 0.293981 0.255637 0.365299 0.324450 0.230156 0.283266 0.438835 0.784980 0.178047 0.331914 0.512366 0.428623 0.999517 0.921103 0.342823 0.256375 0.195820 0.287718 0.190967 0.210417 0.400418 0.553945 0.322609 0.439893 0.532664 0.619174 0.764103 0.554272 0.235484 0.269211 0.446472 0.382353 0.343855 0.239531 0.997272 0.551213 0.664475 0.560484 0.592811 0.515630 0.489850 0.617523 0.453271 0.421786 0.314881 0.365997 0.250923 0.286837 0.269580 0.284331 0.201470 0.169664 0.195711 0.227353 0.537445 0.279458 0.293715 0.367724 0.507926 0.584631 0.468649 0.705269 0.397608 0.400449 0.279152 0.408147 0.244016 0.205089 0.434793 0.251327 0.244531 0.323083 0.872022 0.994197 0.438269 0.429479 0.538299 0.576160 0.525462 0.716214 0.529974 0.492591 0.473044 0.589997 0.410951 0.286123 0.512776 0.423875 0.347803 0.293332 0.341861 0.315713 0.821389 0.661842 0.621402 0.429240 0.626006 0.485737 0.435121 0.494729 0.559613 0.902075
0.631208 0.628404 0.640672 0.679242 0.000000 0.804498 0.633937 0.622494 0.747001 0.687325 0.735166 0.691206 0.634264 0.721622 0.668217 0.685012 0.728532 0.688441 0.590483 0.706699 0.716774 0.843430 0.676418 0.764579 0.900487 0.983759 0.951887 0.763599 0.678680 0.747574 0.779894 0.864697 0.597824 0.666419 0.706062 0.781354 0.744765 0.695556 0.884603 0.806373 0.915716 0.627283 0.595888 0.591504 0.566284 0.634075 0.716195 0.652795 0.812704 0.756163 0.727324 0.711187 0.835487 0.807474 0.795759 0.816311 0.651623 0.690941 0.631792 0.626370 0.581516 0.624063 0.640233 0.650777 0.653626 0.635209 0.625540 0.600258 0.688606 0.706158 0.605880 0.655033 0.895235 0.943240 0.911824 0.966136 0.770119 0.771506 0.783633 0.803442 0.685119 0.705202 0.739603 0.687818 0.665182 0.660391 0.989772 0.899795 0.899709 0.779422 0.694094 0.703333 0.708198 0.750210 0.912802 0.858884 0.730548 0.844545 0.617638 0.583096 0.698497 0.668321 0.567113 0.594338 0.536230 0.686341 0.751038 0.730876 0.861293 0.940308 0.705555 0.666080 0.748237 0.811730 0.679788 0.884003
0.564443 0.573772 0.587008 0.500770 0.804498 0.000000 0.460078 0.425248 0.606561 0.410868 0.605703 0.536822 0.539887 0.611303 0.583356 0.577456 0.608109 0.570858 0.545430 0.549455 0.738275 0.833598 0.548574 0.741305 0.892858 0.636015 0.987851 0.775200 0.613254 0.609328 0.564169 0.633465 0.524538 0.516404 0.594931 0.778661 0.557710 0.863124 0.821649 0.853979 0.874866 0.543272 0.480403 0.572563 0.514534 0.571875 0.523500 0.581256 0.920709 0.813138 0.755570 0.739125 0.790089 0.825690 0.759588 0.723371 0.608276 0.625817 0.608469 0.688339 0.551802 0.596838 0.529511 0.542727 0.617425 0.551260 0.473289 0.461018 0.776433 0.658523 0.437627 0.504396 0.804440 0.884995 0.763546 0.786925 0.616070 0.560468 0.560901 0.702044 0.498185 0.547221 0.787548 0.618528 0.578819 0.720404 0.885606 0.750747 0.762438 0.753500 0.424377 0.476453 0.380072 0.598032 0.727726 0.738764 0.501569 0.709476 0.418241 0.422845 0.533409 0.467540 0.592848 0.509174 0.570563 0.508791 0.915721 0.597986 0.846942 0.683825 0.711940 0.468333 0.519346 0.701943 0.644704 0.941424
0.255499 0.367542 0.142880 0.159045 0.633937 0.460078 0.000000 0.136258 0.405426 0.217107 0.300655 0.289673 0.268902 0.378166 0.345398 0.330713 0.307730 0.280986 0.177983 0.270792 0.492790 0.860448 0.265658 0.503735 0.680457 0.565876 0.894675 0.797213 0.346097 0.271335 0.246135 0.360813 0.183775 0.180187 0.422008 0.588712 0.392121 0.465083 0.593249 0.645199 0.716025 0.546793 0.200948 0.198820 0.326285 0.277632 0.309225 0.234783 0.991129 0.575027 0.619884 0.532377 0.594000 0.519253 0.496639 0.659440 0.367266 0.375326 0.231451 0.304001 0.170221 0.278980 0.223791 0.268579 0.246258 0.166898 0.138431 0.152091 0.466021 0.288633 0.287942 0.281051 0.456984 0.487046 0.513139 0.728721 0.412066 0.354274 0.288004 0.385744 0.228965 0.236061 0.536208 0.349434 0.304186 0.469206 0.960822 0.830816 0.434373 0.581312 0.475968 0.517246 0.467362 0.634605 0.571423 0.514103 0.393930 0.575129 0.310134 0.255263 0.486763 0.331927 0.345548 0.274191 0.324510 0.309136 0.758142 0.600763 0.560112 0.404053 0.551868 0.420492 0.327076 0.485634 0.495175 0.944805
0.209450 0.246901 0.224286 0.152859 0.622494 0.425248 0.136258 0.000000 0.386941 0.165047 0.297761 0.183382 0.185638 0.227270 0.228796 0.220592 0.230609 0.204133 0.172009 0.210830 0.463444 0.796322 0.215067 0.414378 0.653132 0.590464 0.911493 0.912279 0.251476 0.202247 0.238394 0.340944 0.149700 0.153192 0.404312 0.516140 0.358594 0.405611 0.667999 0.618793 0.645908 0.488610 0.170870 0.193596 0.254419 0.240460 0.273137 0.217509 0.850905 0.476049 0.533476 0.435053 0.544408 0.528020 0.518652 0.633577 0.288149 0.271605 0.248836 0.290526 0.170206 0.191295 0.175838 0.160846 0.291752 0.203760 0.179738 0.198880 0.478791 0.251811 0.242259 0.277898 0.488273 0.575107 0.561807 0.659476 0.318895 0.267729 0.215273 0.351097 0.160198 0.180495 0.404731 0.282303 0.250458 0.393412 0.989720 0.847058 0.458814 0.483987 0.398635 0.453472 0.397130 0.602486 0.469898 0.421009 0.321471 0.494041 0.220201 0.156343 0.393879 0.394279 0.261592 0.223042 0.249896 0.259485 0.741181 0.510742 0.571872 0.389654 0.528437 0.337491 0.304381 0.406456 0.460778 0.979366
0.417861 0.450963 0.447379 0.464763 0.747001 0.606561 0.405426 0.386941 0.000000 0.360378 0.414187 0.410182 0.425072 0.531720 0.510540 0.494674 0.460727 0.459130 0.440106 0.407009 0.729772 0.985493 0.525573 0.752667 0.775172 0.772757 0.847287 0.824156 0.463694 0.466970 0.468225 0.604969 0.396576 0.413872 0.624890 0.723990 0.534430 0.592565 0.868611 0.701114 0.762645 0.755323 0.459396 0.450818 0.459104 0.453304 0.456580 0.486990 0.926277 0.627366 0.675171 0.594882 0.709344 0.718073 0.705117 0.677233 0.480965 0.478957 0.453342 0.432058 0.369769 0.380962 0.455895 0.452851 0.486345 0.430860 0.443511 0.437692 0.451876 0.466518 0.449412 0.484214 0.439367 0.479663 0.779234 0.652476 0.484788 0.415022 0.543093 0.500262 0.453047 0.493973 0.741246 0.624169 0.565032 0.728905 0.842877 0.634544 0.661061 0.753565 0.547323 0.551446 0.555804 0.585200 0.643284 0.581718 0.630163 0.795857 0.382935 0.432455 0.592562 0.530286 0.552076 0.399478 0.482305 0.540359 0.786332 0.645191 0.774983 0.572256 0.584316 0.597170 0.457296 0.651799 0.546500 0.846174
0.330010 0.379336 0.332090 0.241757 0.687325 0.410868 0.217107 0.165047 0.360378 0.000000 0.366059 0.288141 0.307081 0.358404 0.328714 0.332542 0.312937 0.310840 0.290248 0.326778 0.575366 0.783587 0.324450 0.541620 0.760653 0.610303 0.871072 0.911542 0.351819 0.294397 0.340470 0.424851 0.261874 0.257386 0.403384 0.602277 0.443444 0.531516 0.697864 0.660700 0.742707 0.486305 0.291888 0.314888 0.352392 0.360043 0.433726 0.353088 0.955603 0.614278 0.649199 0.551975 0.615325 0.619122 0.615888 0.673330 0.398557 0.422551 0.395422 0.447149 0.280813 0.285733 0.313775 0.291844 0.364040 0.258146 0.278721 0.302338 0.525600 0.375793 0.313174 0.366019 0.437427 0.540437 0.625492 0.574788 0.394625 0.291130 0.339203 0.456056 0.254800 0.298891 0.514494 0.390521 0.415480 0.556780 0.978804 0.781286 0.567104 0.632951 0.397041 0.416472 0.378991 0.535133 0.572412 0.429516 0.421228 0.580368 0.247402 0.217475 0.468514 0.399801 0.401031 0.285902 0.365650 0.374708 0.765607 0.509359 0.703863 0.472035 0.527737 0.398955 0.345805 0.457966 0.528468 0.993913
0.155685 0.224609 0.349403 0.388228 0.735166 0.605703 0.300655 0.297761 0.414187 0.366059 0.000000 0.170294 0.184775 0.287768 0.284367 0.286520 0.174793 0.175778 0.193995 0.182751 0.563275 0.895736 0.414805 0.551973 0.769398 0.726654 0.895182 0.844197 0.234002 0.202872 0.330818 0.380061 0.222160 0.209591 0.593127 0.691374 0.476531 0.532282 0.792943 0.643367 0.594569 0.615389 0.362652 0.302111 0.424391 0.345981 0.354712 0.357349 0.971955 0.595491 0.677406 0.587513 0.699554 0.806726 0.619596 0.629798 0.216776 0.224355 0.268132 0.288469 0.173998 0.258387 0.181531 0.198583 0.470692 0.321820 0.346302 0.378358 0.265214 0.255823 0.358394 0.313273 0.399046 0.416153 0.736247 0.575179 0.404890 0.302265 0.238687 0.209542 0.204056 0.246869 0.513448 0.427251 0.408528 0.594987 0.958196 0.755228 0.514955 0.674521 0.704786 0.801826 0.732394 0.873125 0.603220 0.598605 0.445159 0.621341 0.353367 0.347009 0.623742 0.619698 0.356280 0.339123 0.407875 0.365735 0.755736 0.787591 0.708618 0.482539 0.714492 0.486519 0.476507 0.507201 0.454825 0.924599
0.144276 0.130889 0.372104 0.291375 0.691206 0.536822 0.289673 0.183382 0.410182 0.288141 0.170294 0.000000 0.109647 0.131335 0.141296 0.144266 0.123946 0.097805 0.149551 0.137648 0.524722 0.847150 0.269145 0.400448 0.673791 0.724779 0.938437 0.964055 0.133240 0.120935 0.273245 0.330501 0.150389 0.174911 0.577190 0.645536 0.376913 0.458306 0.755479 0.624068 0.582925 0.503531 0.268544 0.239652 0.325724 0.265537 0.277604 0.269449 0.816767 0.487823 0.589597 0.483509 0.635459 0.703765 0.594981 0.669484 0.156137 0.139304 0.270831 0.280464 0.165698 0.169711 0.116520 0.091894 0.443722 0.300263 0.350039 0.361824 0.358876 0.218619 0.260446 0.245992 0.483188 0.551997 0.685135 0.566452 0.299466 0.224579 0.180522 0.213457 0.125224 0.163805 0.325749 0.266804 0.281838 0.409806 0.977595 0.867343 0.478610 0.562721 0.625511 0.697109 0.635901 0.834897 0.462771 0.479818 0.395189 0.493264 0.278186 0.229217 0.547056 0.608643 0.277226 0.267357 0.293177 0.304007 0.780771 0.652888 0.657423 0.400546 0.644553 0.377075 0.389300 0.410725 0.439944 0.958401
0.131298 0.143304 0.332590 0.274808 0.634264 0.539887 0.268902 0.185638 0.425072 0.307081 0.184775 0.109647 0.000000 0.133873 0.122388 0.146811 0.152197 0.128025 0.160400 0.177964 0.453851 0.862230 0.232269 0.362734 0.635382 0.680515 0.956484 0.926945 0.166411 0.145221 0.242067 0.340404 0.152863 0.185524 0.553165 0.648351 0.322555 0.407338 0.718373 0.639572 0.609199 0.474712 0.240413 0.225859 0.302776 0.246245 0.244895 0.242897 0.786011 0.428500 0.540853 0.425853 0.614610 0.638679 0.568233 0.616463 0.178511 0.152359 0.244745 0.249952 0.142478 0.170210 0.108842 0.103391 0.368858 0.290559 0.329568 0.343859 0.403829 0.254687 0.258162 0.270055 0.501081 0.533720 0.664725 0.588027 0.355721 0.250571 0.189371 0.228290 0.131491 0.170526 0.337873 0.275655 0.216595 0.358256 0.986333 0.921215 0.440038 0.480382 0.627285 0.692495 0.627820 0.836098 0.450088 0.482425 0.362666 0.496803 0.288631 0.245740 0.572658 0.596713 0.249175 0.269334 0.297267 0.275203 0.726270 0.626744 0.622030 0.430102 0.654509 0.401977 0.405953 0.423362 0.421789 0.981769
0.229025 0.155144 0.457874 0.324166 0.721622 0.611303 0.378166 0.227270 0.531720 0.358404 0.287768 0.131335 0.133873 0.000000 0.125416 0.128844 0.183822 0.150626 0.229267 0.221662 0.469111 0.835456 0.240043 0.303898 0.601004 0.698061 0.969986 0.949612 0.149200 0.145390 0.259871 0.324777 0.193524 0.232422 0.561755 0.646643 0.386667 0.461177 0.754584 0.621751 0.649526 0.471777 0.284602 0.276874 0.361310 0.296325 0.280118 0.270391 0.750004 0.471201 0.576703 0.474061 0.602896 0.684712 0.596618 0.677346 0.198415 0.171775 0.317814 0.330108 0.233772 0.207966 0.157998 0.115356 0.461407 0.361925 0.415263 0.418803 0.470714 0.305411 0.311162 0.360276 0.580362 0.683677 0.732150 0.619588 0.324703 0.254426 0.217911 0.267206 0.163747 0.179520 0.240608 0.258204 0.246900 0.310156 0.989540 0.976751 0.482752 0.472004 0.712656 0.763340 0.712699 0.936652 0.444738 0.488621 0.398892 0.449452 0.374548 0.283537 0.585711 0.694668 0.269092 0.307345 0.342282 0.325655 0.801696 0.636492 0.636521 0.449921 0.651337 0.427822 0.452864 0.397902 0.490457 0.974337
0.214530 0.184735 0.397959 0.293981 0.668217 0.583356 0.345398 0.228796 0.510540 0.328714 0.284367 0.141296 0.122388 0.125416 0.000000 0.141599 0.199433 0.170231 0.224896 0.231195 0.425829 0.824181 0.219767 0.326042 0.565364 0.660647 0.953713 0.984346 0.183271 0.158757 0.255871 0.341866 0.194337 0.233602 0.551427 0.671428 0.324241 0.443552 0.733771 0.635576 0.652158 0.484853 0.280209 0.255026 0.359611 0.289538 0.298467 0.249104 0.754661 0.437805 0.567594 0.440580 0.607433 0.619075 0.562037 0.630098 0.226406 0.194465 0.317360 0.318472 0.218921 0.195737 0.169386 0.138238 0.381882 0.322447 0.401903 0.415221 0.484526 0.300276 0.295449 0.325617 0.553052 0.653375 0.713742 0.616156 0.350766 0.274761 0.206213 0.277066 0.166036 0.187260 0.309141 0.265979 0.225749 0.306686 0.922223 0.962505 0.452412 0.427635 0.667574 0.712902 0.668656 0.884804 0.440362 0.443112 0.409924 0.475647 0.342101 0.269294 0.615178 0.639662 0.285049 0.289710 0.316058 0.315231 0.745078 0.634864 0.655267 0.474171 0.673410 0.410664 0.441332 0.394942 0.482628 0.970696
0.257093 0.201946 0.376346 0.255637 0.685012 0.577456 0.330713 0.220592 0.494674 0.332542 0.286520 0.144266 0.146811 0.128844 0.141599 0.000000 0.190315 0.149596 0.198873 0.192277 0.461597 0.840693 0.166151 0.251630 0.550345 0.637461 0.972358 0.963028 0.155001 0.124696 0.240172 0.281821 0.184713 0.214739 0.588402 0.650600 0.320097 0.462177 0.673883 0.610430 0.653859 0.449033 0.251285 0.237876 0.425836 0.338654 0.307664 0.261356 0.881129 0.525249 0.663072 0.553682 0.665888 0.705202 0.670539 0.715990 0.219300 0.204772 0.347357 0.368364 0.233128 0.211462 0.171791 0.137690 0.386556 0.285246 0.378224 0.386181 0.469024 0.308968 0.249260 0.316346 0.549930 0.647333 0.675682 0.617772 0.324628 0.244206 0.208459 0.252563 0.156650 0.161848 0.253960 0.232175 0.248334 0.284088 0.961304 0.924186 0.496725 0.470292 0.698552 0.728698 0.710235 0.908414 0.481787 0.446220 0.477895 0.493305 0.394416 0.279774 0.623731 0.644945 0.277287 0.254191 0.323394 0.300164 0.809302 0.738331 0.632944 0.448274 0.683193 0.450968 0.462309 0.418450 0.505842 0.986657
0.166827 0.158181 0.416595 0.365299 0.728532 0.608109 0.307730 0.230609 0.460727 0.312937 0.174793 0.123946 0.152197 0.183822 0.199433 0.190315 0.000000 0.099761 0.166706 0.162670 0.552732 0.868149 0.336299 0.461426 0.728581 0.779199 0.913368 0.886004 0.141623 0.130029 0.313906 0.346382 0.190224 0.163682 0.594230 0.669711 0.425572 0.483583 0.776270 0.658970 0.576007 0.516966 0.297161 0.238223 0.360324 0.287949 0.304903 0.300605 0.899188 0.565012 0.674951 0.554291 0.718314 0.779045 0.668707 0.726536 0.142451 0.147431 0.275055 0.300073 0.183386 0.203990 0.136828 0.123283 0.489431 0.323703 0.369215 0.359540 0.343052 0.234295 0.316758 0.298622 0.454364 0.506126 0.724980 0.544357 0.349905 0.257475 0.180660 0.177933 0.122510 0.177370 0.374907 0.312377 0.349031 0.480398 0.959650 0.868603 0.504091 0.628292 0.699589 0.744611 0.709734 0.841297 0.474157 0.506780 0.411988 0.475526 0.334275 0.256675 0.651230 0.631323 0.312724 0.273412 0.351896 0.327598 0.808836 0.672119 0.677720 0.407048 0.607258 0.381999 0.447937 0.365942 0.507133 0.886236
0.158432 0.127340 0.391855 0.324450 0.688441 0.570858 0.280986 0.204133 0.459130 0.310840 0.175778 0.097805 0.128025 0.150626 0.170231 0.149596 0.099761 0.000000 0.135881 0.134565 0.507945 0.880512 0.290011 0.415522 0.698725 0.776974 0.921844 0.897309 0.124394 0.105058 0.299581 0.331819 0.163001 0.159942 0.575488 0.681015 0.401220 0.466255 0.769303 0.655311 0.614979 0.478445 0.260811 0.206194 0.345258 0.265258 0.299769 0.261801 0.897658 0.548218 0.658394 0.545616 0.678648 0.756350 0.631033 0.731193 0.116682 0.122710 0.277466 0.304279 0.169811 0.200202 0.109315 0.098547 0.467497 0.320508 0.356027 0.354611 0.338850 0.242413 0.274374 0.248270 0.482119 0.536047 0.673368 0.605226 0.319206 0.219667 0.169474 0.184680 0.105018 0.148782 0.322359 0.271017 0.311649 0.434325 0.983016 0.882871 0.508346 0.607438 0.666138 0.711332 0.673343 0.844641 0.490550 0.490639 0.410928 0.497354 0.320248 0.238339 0.618082 0.615520 0.283580 0.255926 0.314584 0.309969 0.781556 0.701320 0.643950 0.395155 0.606689 0.361408 0.400814 0.392851 0.460568 0.931512
0.158068 0.187079 0.256247 0.230156 0.590483 0.545430 0.177983 0.172009 0.440106 0.290248 0.193995 0.149551 0.160400 0.229267 0.224896 0.198873 0.166706 0.135881 0.000000 0.134053 0.498743 0.882763 0.241545 0.410514 0.619183 0.679331 0.915288 0.782480 0.183823 0.160995 0.228443 0.293005 0.140273 0.133778 0.492488 0.590647 0.385579 0.457890 0.634135 0.647590 0.675779 0.489701 0.216298 0.183288 0.351462 0.288309 0.290963 0.211591 0.968289 0.561828 0.679988 0.571212 0.688907 0.691234 0.597713 0.762206 0.192472 0.211085 0.240241 0.281447 0.140635 0.230597 0.121257 0.148041 0.360748 0.232900 0.253783 0.256272 0.348545 0.233670 0.209036 0.241980 0.485164 0.530560 0.610719 0.650916 0.351458 0.274896 0.211817 0.242453 0.135146 0.162708 0.366732 0.273476 0.292679 0.408344 0.958841 0.838713 0.502963 0.623105 0.631070 0.693152 0.642677 0.816711 0.527133 0.527680 0.399342 0.491634 0.330579 0.244866 0.607872 0.521192 0.307687 0.261409 0.317959 0.300720 0.738206 0.694964 0.602863 0.410068 0.575946 0.383871 0.419520 0.469839 0.436455 0.953521
0.177195 0.174456 0.329319 0.283266 0.706699 0.549455 0.270792 0.210830 0.407009 0.326778 0.182751 0.137648 0.177964 0.221662 0.231195 0.192277 0.162670 0.134565 0.134053 0.000000 0.499281 0.862295 0.283977 0.409189 0.622392 0.696302 0.940209 0.857467 0.182656 0.147774 0.258602 0.283095 0.183461 0.158431 0.569607 0.610568 0.393724 0.485627 0.735750 0.681911 0.597415 0.577004 0.273540 0.229271 0.411819 0.325681 0.333787 0.286055 0.993023 0.594542 0.730950 0.628483 0.728620 0.782427 0.645117 0.750985 0.190295 0.194448 0.301412 0.339809 0.199570 0.238061 0.155611 0.159060 0.446900 0.310869 0.329660 0.342512 0.319040 0.248022 0.236514 0.277172 0.436263 0.492007 0.670084 0.619786 0.356345 0.264829 0.201194 0.209757 0.152836 0.181217 0.407589 0.313666 0.359573 0.455396 0.922002 0.834266 0.536606 0.665974 0.671558 0.745025 0.696051 0.860799 0.492283 0.559989 0.486156 0.581228 0.368038 0.294384 0.627609 0.597432 0.356009 0.294135 0.378256 0.306933 0.796186 0.749665 0.630748 0.427490 0.597172 0.406737 0.461775 0.465580 0.458614 0.965963
0.531283 0.531238 0.475758 0.438835 0.716774 0.738275 0.492790 0.463444 0.729772 0.575366 0.563275 0.524722 0.453851 0.469111 0.425829 0.461597 0.552732 0.507945 0.498743 0.499281 0.000000 0.745650 0.436302 0.477975 0.487456 0.664874 0.961905 0.969597 0.542358 0.475706 0.461310 0.571435 0.490104 0.472815 0.686625 0.854243 0.518915 0.579750 0.671869 0.765680 0.779882 0.610460 0.508132 0.502441 0.641833 0.569105 0.546073 0.478315 0.910542 0.611885 0.744348 0.697031 0.784227 0.675462 0.524323 0.724296 0.584270 0.537057 0.533230 0.547629 0.505439 0.516843 0.476466 0.475487 0.494442 0.556658 0.553249 0.567923 0.690697 0.603843 0.556473 0.567603 0.657806 0.815539 0.747600 0.898152 0.583602 0.534291 0.460486 0.581527 0.489283 0.453200 0.584764 0.521903 0.451957 0.532803 0.971074 0.945828 0.704751 0.524825 0.731562 0.769715 0.714120 0.924227 0.637762 0.535795 0.645424 0.702287 0.657595 0.558018 0.781313 0.703749 0.501096 0.533977 0.531256 0.483432 0.847002 0.849467 0.526297 0.638930 0.742113 0.708666 0.584813 0.617921 0.655403 0.902905
0.872746 0.877576 0.844845 0.784980 0.843430 0.833598 0.860448 0.796322 0.985493 0.783587 0.895736 0.847150 0.862230 0.835456 0.824181 0.840693 0.868149 0.880512 0.882763 0.862295 0.745650 0.000000 0.820168 0.861171 0.956294 0.863906 0.814264 0.960021 0.843732 0.827914 0.842953 0.845865 0.854369 0.799911 0.898559 0.862806 0.789537 0.780240 0.860265 0.752580 0.846520 0.843239 0.790426 0.789694 0.873127 0.900924 0.920498 0.898204 0.916334 0.942141 0.957716 0.878058 0.878699 0.902089 0.832139 0.879886 0.907260 0.914656 0.842988 0.929350 0.906873 0.874881 0.875344 0.857374 0.859236 0.829627 0.843193 0.847904 0.970392 0.823172 0.794051 0.884042 0.893690 0.978695 0.841814 0.745494 0.874359 0.861110 0.813514 0.867296 0.850897 0.843578 0.816513 0.803410 0.873107 0.856956 0.906193 0.932428 0.874385 0.910469 0.939388 0.924870 0.920227 0.890765 0.899754 0.721419 0.947034 0.913718 0.819109 0.794274 0.818404 0.798250 0.789249 0.740776 0.809050 0.795540 0.937947 0.959677 0.894853 0.850643 0.891393 0.871911 0.893223 0.841884 0.824418 0.995459
0.343089 0.334599 0.269820 0.178047 0.676418 0.548574 0.265658 0.215067 0.525573 0.324450 0.414805 0.269145 0.232269 0.240043 0.219767 0.166151 0.336299 0.290011 0.241545 0.283977 0.436302 0.820168 0.000000 0.199575 0.466405 0.499181 0.953122 0.924603 0.283554 0.239919 0.186977 0.243947 0.217662 0.260779 0.519086 0.557150 0.281083 0.465765 0.592145 0.691200 0.780579 0.460418 0.252030 0.291144 0.485240 0.409832 0.364366 0.277849 0.984355 0.581625 0.711491 0.601364 0.637515 0.573263 0.612172 0.747749 0.380852 0.372833 0.406341 0.454811 0.287093 0.313626 0.249351 0.255729 0.249376 0.241754 0.326888 0.361993 0.615570 0.389854 0.230376 0.367520 0.591858 0.666309 0.620152 0.757400 0.387747 0.338210 0.310072 0.390664 0.228651 0.211577 0.324900 0.237186 0.190950 0.212804 0.881467 0.869633 0.461878 0.448196 0.639964 0.669147 0.631338 0.858695 0.515853 0.445011 0.505271 0.526288 0.456038 0.314666 0.600293 0.574537 0.365173 0.313062 0.414578 0.306316 0.869175 0.680983 0.628306 0.517288 0.701015 0.498410 0.475235 0.532993 0.529733 0.992132
0.532766 0.475138 0.463133 0.331914 0.764579 0.741305 0.503735 0.414378 0.752667 0.541620 0.551973 0.400448 0.362734 0.303898 0.326042 0.251630 0.461426 0.415522 0.410514 0.409189 0.477975 0.861171 0.199575 0.000000 0.382541 0.582655 0.962325 0.974502 0.359611 0.324941 0.339413 0.286703 0.383325 0.422378 0.662503 0.652912 0.417707 0.588849 0.649584 0.786930 0.864804 0.609388 0.462042 0.497997 0.736808 0.648015 0.531049 0.464762 0.930820 0.760851 0.881894 0.784527 0.812346 0.772673 0.757487 0.895180 0.506306 0.494856 0.622804 0.653058 0.492953 0.473317 0.393485 0.387525 0.446783 0.427129 0.556620 0.621585 0.724129 0.530127 0.407193 0.574992 0.686081 0.763794 0.732062 0.797218 0.525906 0.491454 0.423518 0.459579 0.367467 0.313010 0.333708 0.304496 0.333641 0.239413 0.839105 0.685809 0.560640 0.481556 0.891226 0.931931 0.879792 0.886765 0.634859 0.553994 0.691917 0.576010 0.715610 0.522449 0.712329 0.814007 0.536959 0.479146 0.566476 0.489143 0.988089 0.865035 0.663425 0.656924 0.799848 0.660872 0.721726 0.556628 0.734150 0.929679
0.742681 0.699447 0.554522 0.512366 0.900487 0.892858 0.680457 0.653132 0.775172 0.760653 0.769398 0.673791 0.635382 0.601004 0.565364 0.550345 0.728581 0.698725 0.619183 0.622392 0.487456 0.956294 0.466405 0.382541 0.000000 0.478565 0.800045 0.968972 0.624528 0.593642 0.462887 0.558128 0.644953 0.657309 0.691011 0.860906 0.598043 0.783767 0.613049 0.929213 0.883290 0.867516 0.659460 0.707257 0.917790 0.829916 0.641171 0.572197 0.885520 0.758865 0.973681 0.844596 0.915359 0.796964 0.725577 0.900693 0.784337 0.719833 0.758898 0.721733 0.719637 0.702698 0.683647 0.677842 0.553170 0.622756 0.726281 0.758736 0.758089 0.696062 0.653923 0.728978 0.608905 0.760101 0.758858 0.933922 0.709475 0.749865 0.654774 0.672382 0.643412 0.561530 0.643357 0.557439 0.571845 0.489690 0.860595 0.858127 0.805633 0.571184 0.996497 0.980450 0.938103 0.861146 0.721763 0.745209 0.841111 0.771244 0.903349 0.791851 0.911270 0.912478 0.816125 0.707751 0.748812 0.677344 0.953482 0.967056 0.672083 0.721935 0.823065 0.871534 0.919322 0.755108 0.884287 0.924449
0.755942 0.830675 0.439548 0.428623 0.983759 0.636015 0.565876 0.590464 0.772757 0.610303 0.726654 0.724779 0.680515 0.698061 0.660647 0.637461 0.779199 0.776974 0.679331 0.696302 0.664874 0.863906 0.499181 0.582655 0.478565 0.000000 0.696324 0.863000 0.717593 0.668401 0.428889 0.531795 0.600433 0.611813 0.454871 0.715919 0.597541 0.880066 0.621345 0.769219 0.989326 0.798257 0.643190 0.690038 0.855411 0.775992 0.600209 0.579101 0.909768 0.800136 0.910707 0.802309 0.751349 0.767221 0.628328 0.670536 0.898772 0.842346 0.637215 0.668118 0.646853 0.670193 0.705191 0.732010 0.425320 0.452507 0.526342 0.539113 0.790356 0.661911 0.716475 0.768534 0.661683 0.774634 0.563175 0.913443 0.786712 0.804866 0.660366 0.722150 0.641689 0.579400 0.717066 0.605547 0.525136 0.519239 0.927068 0.808988 0.593721 0.529395 0.912972 0.945779 0.834681 0.950083 0.701071 0.853327 0.744464 0.880853 0.855513 0.732927 0.842683 0.735824 0.759194 0.683945 0.840433 0.672427 0.854400 0.911824 0.867492 0.748871 0.982208 0.842438 0.859307 0.831380 0.718719 0.984672
0.896653 0.937016 0.989774 0.999517 0.951887 0.987851 0.894675 0.911493 0.847287 0.871072 0.895182 0.938437 0.956484 0.969986 0.953713 0.972358 0.913368 0.921844 0.915288 0.940209 0.961905 0.814264 0.953122 0.962325 0.800045 0.696324 0.000000 0.919571 0.998934 0.987408 0.907826 0.938908 0.932137 0.963042 0.923682 0.921411 0.998414 0.913102 0.981276 0.942879 0.901897 0.985717 0.966151 0.940824 0.940762 0.952166 0.977666 0.959364 0.968809 0.949793 0.953719 0.969600 0.900914 0.932778 0.996930 0.979281 0.940780 0.993555 0.971138 0.957997 0.903329 0.913704 0.926546 0.916184 0.933057 0.995369 0.962831 0.962077 0.904245 0.918905 0.897259 0.944881 0.992252 0.935438 0.915996 0.975509 0.997316 0.841142 0.981154 0.975065 0.931581 0.927514 0.981387 0.953696 0.979967 0.903963 0.941970 0.811192 0.942902 0.841368 0.784312 0.838069 0.794271 0.780054 0.921237 0.933744 0.866609 0.996723 0.842689 0.922442 0.937672 0.989030 0.925663 0.991659 0.800266 0.991211 0.974931 0.853689 0.922914 0.893431 0.877828 0.967046 0.848821 0.998831 0.976729 0.881876
0.870983 0.906460 0.813907 0.921103 0.763599 0.775200 0.797213 0.912279 0.824156 0.911542 0.844197 0.964055 0.926945 0.949612 0.984346 0.963028 0.886004 0.897309 0.782480 0.857467 0.969597 0.960021 0.924603 0.974502 0.968972 0.863000 0.919571 0.000000 0.925345 0.913588 0.934214 0.940661 0.922456 0.838927 0.920015 0.847201 0.855754 0.809612 0.749125 0.914129 0.883479 0.901957 0.845249 0.806163 0.892242 0.869495 0.940599 0.819721 0.853230 0.922752 0.987371 0.952362 0.982712 0.891138 0.999474 0.842473 0.856357 0.925045 0.918932 0.947104 0.816871 0.906471 0.911722 0.953807 0.842255 0.847124 0.828255 0.861186 0.870613 0.875544 0.854485 0.844522 0.720343 0.708457 0.963173 0.973422 0.929954 0.945708 0.967439 0.897802 0.925678 0.964780 0.980885 0.930719 0.973077 0.996553 0.988846 0.966386 0.994743 0.949015 0.928006 0.919843 0.989366 0.867573 0.911241 0.961279 0.995568 0.932932 0.893852 0.943471 0.865614 0.841227 0.905784 0.894572 0.906723 0.911728 0.886352 0.990855 0.966613 0.915380 0.722732 0.961709 0.962483 0.941892 0.912765 0.995964
0.213703 0.176449 0.427680 0.342823 0.678680 0.613254 0.346097 0.251476 0.463694 0.351819 0.234002 0.133240 0.166411 0.149200 0.183271 0.155001 0.141623 0.124394 0.183823 0.182656 0.542358 0.843732 0.283554 0.359611 0.624528 0.717593 0.998934 0.925345 0.000000 0.120791 0.282209 0.304682 0.177500 0.176704 0.583036 0.674071 0.418330 0.532676 0.713989 0.662015 0.675456 0.488330 0.298344 0.247248 0.395050 0.300584 0.271382 0.258544 0.849348 0.528769 0.646098 0.525983 0.645488 0.732283 0.604242 0.717012 0.166877 0.174559 0.302635 0.339984 0.204056 0.198261 0.144338 0.132704 0.455123 0.310269 0.371017 0.384252 0.353856 0.237058 0.324211 0.357775 0.480745 0.557019 0.693075 0.587753 0.365790 0.263248 0.194998 0.216835 0.133375 0.176980 0.288803 0.248950 0.291933 0.360610 0.992751 0.988226 0.531388 0.541328 0.758515 0.801360 0.752862 0.945467 0.490004 0.518553 0.480907 0.484252 0.398608 0.287888 0.623044 0.631365 0.310656 0.281198 0.345475 0.343540 0.833185 0.785912 0.726975 0.462110 0.598124 0.428365 0.486089 0.372696 0.507600 0.973521
0.205796 0.193487 0.331035 0.256375 0.747574 0.609328 0.271335 0.202247 0.466970 0.294397 0.202872 0.120935 0.145221 0.145390 0.158757 0.124696 0.130029 0.105058 0.160995 0.147774 0.475706 0.827914 0.239919 0.324941 0.593642 0.668401 0.987408 0.913588 0.120791 0.000000 0.240104 0.261670 0.166451 0.158146 0.548700 0.662978 0.364746 0.453939 0.729637 0.661515 0.631281 0.529188 0.250516 0.204764 0.412193 0.294462 0.306420 0.238553 0.938640 0.533651 0.666188 0.548501 0.641049 0.688400 0.615333 0.708955 0.183471 0.187664 0.296153 0.333485 0.185726 0.187171 0.139591 0.124464 0.394082 0.254908 0.340134 0.355528 0.372127 0.239554 0.310766 0.316288 0.420531 0.486824 0.612245 0.565462 0.344953 0.236598 0.157567 0.198180 0.125957 0.146829 0.293914 0.235927 0.297114 0.380506 0.931287 0.991965 0.476839 0.569939 0.725231 0.767580 0.746541 0.908393 0.481871 0.488506 0.481121 0.495908 0.393540 0.269185 0.625729 0.611367 0.323095 0.244886 0.337976 0.306109 0.805822 0.748680 0.633746 0.362390 0.614885 0.411925 0.435093 0.398572 0.512004 0.991222
0.292183 0.348433 0.235555 0.195820 0.779894 0.564169 0.246135 0.238394 0.468225 0.340470 0.330818 0.273245 0.242067 0.259871 0.255871 0.240172 0.313906 0.299581 0.228443 0.258602 0.461310 0.842953 0.186977 0.339413 0.462887 0.428889 0.907826 0.934214 0.282209 0.240104 0.000000 0.228999 0.198236 0.225986 0.460393 0.613769 0.347271 0.533552 0.566250 0.665638 0.751426 0.606062 0.279880 0.283894 0.470675 0.395634 0.323444 0.274436 0.993702 0.587446 0.701342 0.594624 0.611778 0.602727 0.521942 0.651491 0.382566 0.371032 0.317572 0.364568 0.242265 0.301012 0.251535 0.272733 0.296000 0.241538 0.281718 0.316232 0.464630 0.316797 0.311713 0.388060 0.456362 0.551255 0.599631 0.691225 0.451189 0.356088 0.294272 0.326936 0.241233 0.231053 0.381839 0.300729 0.257023 0.346994 0.881750 0.974146 0.388273 0.494480 0.738345 0.791698 0.728475 0.923408 0.520082 0.578998 0.407857 0.571580 0.485950 0.395172 0.654428 0.537783 0.411845 0.374867 0.473854 0.326102 0.730028 0.696577 0.669245 0.487311 0.676920 0.532760 0.523391 0.504904 0.557846 0.954612
0.407367 0.430376 0.369643 0.287718 0.864697 0.633465 0.360813 0.340944 0.604969 0.424851 0.380061 0.330501 0.340404 0.324777 0.341866 0.281821 0.346382 0.331819 0.293005 0.283095 0.571435 0.845865 0.243947 0.286703 0.558128 0.531795 0.938908 0.940661 0.304682 0.261670 0.228999 0.000000 0.291746 0.267803 0.649475 0.627639 0.476564 0.709440 0.685280 0.705454 0.870418 0.629379 0.393159 0.403841 0.644006 0.556365 0.479665 0.368101 0.819018 0.805769 0.916680 0.811930 0.786515 0.813457 0.694987 0.829987 0.420650 0.452054 0.469727 0.526472 0.369845 0.427999 0.303719 0.337415 0.444835 0.324585 0.401678 0.427981 0.563476 0.421352 0.404884 0.504042 0.560253 0.643204 0.646340 0.735833 0.522843 0.385091 0.287115 0.343297 0.263091 0.235200 0.400536 0.278044 0.362188 0.344643 0.912754 0.855442 0.462674 0.606790 0.880023 0.933162 0.857901 0.917234 0.642995 0.580757 0.591347 0.605395 0.631673 0.466319 0.735210 0.686090 0.526410 0.418504 0.590060 0.454451 0.879461 0.908989 0.738527 0.548781 0.729061 0.626593 0.694943 0.557151 0.614533 0.979026
0.157199 0.224838 0.236095 0.190967 0.597824 0.524538 0.183775 0.149700 0.396576 0.261874 0.222160 0.150389 0.152863 0.193524 0.194337 0.184713 0.190224 0.163001 0.140273 0.183461 0.490104 0.854369 0.217662 0.383325 0.644953 0.600433 0.932137 0.922456 0.177500 0.166451 0.198236 0.291746 0.000000 0.126514 0.431088 0.598481 0.353528 0.459702 0.643838 0.584479 0.694923 0.516900 0.227325 0.204659 0.320031 0.254327 0.252342 0.237839 0.865767 0.516884 0.603089 0.505195 0.609058 0.615974 0.481266 0.577149 0.239464 0.229170 0.203446 0.252090 0.128538 0.194938 0.130881 0.142775 0.292046 0.193222 0.219603 0.221924 0.379014 0.214052 0.245803 0.273716 0.474883 0.575457 0.600472 0.725167 0.338538 0.249859 0.185054 0.244716 0.131013 0.141585 0.360380 0.256396 0.210447 0.325333 0.925841 0.951605 0.397719 0.507636 0.586031 0.629530 0.576791 0.763249 0.479182 0.513631 0.396878 0.541573 0.297899 0.227000 0.553604 0.446042 0.256500 0.240552 0.277331 0.314648 0.781088 0.648439 0.685168 0.439562 0.604388 0.364417 0.408988 0.404842 0.457853 0.981554
0.174258 0.229774 0.253686 0.210417 0.666419 0.516404 0.180187 0.153192 0.413872 0.257386 0.209591 0.174911 0.185524 0.232422 0.233602 0.214739 0.163682 0.159942 0.133778 0.158431 0.472815 0.799911 0.260779 0.422378 0.657309 0.611813 0.963042 0.838927 0.176704 0.158146 0.225986 0.267803 0.126514 0.000000 0.404132 0.555968 0.358480 0.448339 0.610422 0.577987 0.708361 0.504079 0.228098 0.192004 0.332614 0.278045 0.276722 0.223448 0.935402 0.547357 0.652105 0.539358 0.625747 0.657349 0.505631 0.616744 0.226910 0.229310 0.203064 0.257884 0.139785 0.202201 0.129685 0.154485 0.305945 0.188614 0.182872 0.200251 0.367621 0.198735 0.280323 0.299827 0.454275 0.562766 0.639117 0.636479 0.350451 0.266239 0.171500 0.234856 0.116807 0.139234 0.381418 0.255819 0.256212 0.372777 0.990108 0.879006 0.434990 0.531405 0.589610 0.654668 0.592235 0.768494 0.479234 0.485255 0.394500 0.474053 0.318822 0.228443 0.547748 0.465357 0.250746 0.212708 0.302048 0.264625 0.788354 0.659830 0.681812 0.431306 0.560747 0.349731 0.400670 0.378506 0.453211 0.972352
0.524973 0.602587 0.422118 0.400418 0.706062 0.594931 0.422008 0.404312 0.624890 0.403384 0.593127 0.577190 0.553165 0.561755 0.551427 0.588402 0.594230 0.575488 0.492488 0.569607 0.686625 0.898559 0.519086 0.662503 0.691011 0.454871 0.923682 0.920015 0.583036 0.548700 0.460393 0.649475 0.431088 0.404132 0.000000 0.495131 0.546429 0.614437 0.680286 0.783213 0.918087 0.657935 0.488025 0.523174 0.528307 0.528849 0.569311 0.477220 0.920854 0.656608 0.706140 0.629704 0.613220 0.677929 0.555322 0.585580 0.630777 0.633544 0.462978 0.509616 0.445186 0.476023 0.518166 0.528166 0.370138 0.374671 0.344737 0.389151 0.605187 0.519006 0.567739 0.626883 0.596497 0.749668 0.702204 0.794662 0.610014 0.593616 0.560457 0.684952 0.465186 0.454927 0.577600 0.532606 0.455772 0.530404 0.938868 0.911298 0.635749 0.606315 0.595197 0.639347 0.565639 0.674608 0.758349 0.762865 0.506465 0.609597 0.511501 0.450889 0.600898 0.573541 0.480431 0.507099 0.506850 0.525066 0.747717 0.589229 0.888665 0.701899 0.699058 0.428189 0.603113 0.693025 0.617646 0.933703
0.634925 0.664693 0.601632 0.553945 0.781354 0.778661 0.588712 0.516140 0.723990 0.602277 0.691374 0.645536 0.648351 0.646643 0.671428 0.650600 0.669711 0.681015 0.590647 0.610568 0.854243 0.862806 0.557150 0.652912 0.860906 0.715919 0.921411 0.847201 0.674071 0.662978 0.613769 0.627639 0.598481 0.555968 0.495131 0.000000 0.638335 0.495971 0.741746 0.883394 0.911574 0.806508 0.529564 0.625397 0.634948 0.656453 0.696906 0.578559 0.939062 0.729093 0.744824 0.692668 0.723147 0.727318 0.858553 0.890481 0.664632 0.684628 0.634971 0.656721 0.585809 0.588223 0.606898 0.602707 0.581857 0.561083 0.503186 0.553662 0.852200 0.672846 0.608026 0.809160 0.864474 0.877021 0.833104 0.744531 0.705641 0.720292 0.701217 0.724809 0.622788 0.630878 0.639592 0.676721 0.569962 0.579984 0.967942 0.970602 0.715897 0.651402 0.699969 0.808002 0.740200 0.810291 0.822200 0.679171 0.625023 0.710628 0.619653 0.574041 0.568955 0.684121 0.590852 0.606037 0.677056 0.582344 0.726751 0.696121 0.854360 0.855371 0.696724 0.659294 0.692987 0.790568 0.602522 0.838487
0.392025 0.413627 0.400631 0.322609 0.744765 0.557710 0.392121 0.358594 0.534430 0.443444 0.476531 0.376913 0.322555 0.386667 0.324241 0.320097 0.425572 0.401220 0.385579 0.393724 0.518915 0.789537 0.281083 0.417707 0.598043 0.597541 0.998414 0.855754 0.418330 0.364746 0.347271 0.476564 0.353528 0.358480 0.546429 0.638335 0.000000 0.411869 0.659348 0.781229 0.741944 0.526703 0.381212 0.387985 0.486295 0.434326 0.462437 0.372346 0.848413 0.563626 0.647712 0.569923 0.711397 0.683717 0.609660 0.646467 0.433264 0.428418 0.419648 0.491110 0.350531 0.349600 0.343894 0.355063 0.334239 0.359975 0.404740 0.443890 0.657396 0.454887 0.346034 0.462482 0.707794 0.738973 0.648275 0.683270 0.439382 0.448478 0.408905 0.501405 0.356812 0.357975 0.460755 0.305269 0.282889 0.361521 0.915571 0.917415 0.546070 0.482129 0.649237 0.689034 0.644346 0.784491 0.470460 0.619990 0.489323 0.569682 0.452450 0.391183 0.617650 0.575287 0.352880 0.461161 0.419445 0.332270 0.914799 0.659630 0.687935 0.640174 0.721665 0.515783 0.538978 0.629248 0.478360 0.965411
0.424530 0.461047 0.471569 0.439893 0.695556 0.863124 0.465083 0.405611 0.592565 0.531516 0.532282 0.458306 0.407338 0.461177 0.443552 0.462177 0.483583 0.466255 0.457890 0.485627 0.579750 0.780240 0.465765 0.588849 0.783767 0.880066 0.913102 0.809612 0.532676 0.453939 0.533552 0.709440 0.459702 0.448339 0.614437 0.495971 0.411869 0.000000 0.679164 0.640691 0.780518 0.674736 0.344410 0.387506 0.436608 0.391600 0.485235 0.433080 0.679413 0.417596 0.467227 0.428887 0.569887 0.493785 0.623409 0.659398 0.481141 0.473643 0.437317 0.453118 0.391218 0.390397 0.410809 0.412588 0.416999 0.466998 0.458696 0.521613 0.682627 0.473511 0.498415 0.582106 0.706019 0.668095 0.827149 0.694501 0.489121 0.569227 0.503726 0.539603 0.477595 0.493781 0.517704 0.491741 0.412969 0.530413 0.992233 0.977701 0.546013 0.541591 0.604830 0.672524 0.703914 0.741056 0.535940 0.443045 0.526347 0.592136 0.443619 0.434555 0.574575 0.651551 0.362233 0.389465 0.442610 0.377560 0.692177 0.512129 0.559265 0.555826 0.675799 0.583060 0.500279 0.625355 0.511630 0.870864
