0.000000 0.327002 0.996124 0.832059 0.919029 0.867500 0.896163 0.811649 0.915958 0.850602 0.523856 0.391741 0.530466 0.532508 0.714872 0.600502 0.400327 0.408854 0.424117 0.365380 0.946299 0.830252 0.771546 0.921014 0.882494 0.877286 0.859005 0.904073 0.499215 0.468476 0.842713 0.790419 0.675052 0.667710 0.989875 0.992325 0.709594 0.605987 0.926383 0.674088 0.855589 0.794984 0.713657 0.621529 0.843103 0.677656 0.533574 0.581309 0.657829 0.551016 0.704123 0.560340 0.843370 0.926796 0.839929 0.793157 0.392790 0.339735 0.557754 0.525965 0.718089 0.746295 0.611832 0.483624 0.926233 0.928634 0.985024 0.936786 0.393138 0.450773 0.871545 0.893425 0.727767 0.655445 0.873143 0.997507 0.755905 0.721426 0.577021 0.591884 0.346549 0.361486 0.504426 0.480084 0.654917 0.804934 0.951288 0.963207 0.943615 0.680537 0.886668 0.869497 0.776121 0.795182 0.975145 0.865333 0.909617 0.816612 0.768897 0.824156 0.917417 0.949681 0.624345 0.751140 0.916973 0.828538 0.985423 0.928650 0.836872 0.799224 0.913701 0.900248 0.925743 0.770503 0.782130 0.874592
0.327002 0.000000 0.985701 0.887321 0.850358 0.768986 0.810739 0.794419 0.937467 0.837080 0.576860 0.425789 0.655513 0.618486 0.888731 0.688324 0.406547 0.374347 0.421091 0.405355 0.851677 0.869964 0.855784 0.997356 0.960520 0.799724 0.895161 0.793193 0.526561 0.575737 0.905142 0.816617 0.708581 0.626280 0.972816 0.895282 0.832717 0.585865 0.993692 0.771632 0.937252 0.876379 0.573773 0.490023 0.686855 0.524997 0.538133 0.577716 0.518792 0.410181 0.549113 0.448761 0.690062 0.796181 0.892939 0.771369 0.265778 0.248726 0.543763 0.499399 0.760271 0.799776 0.620039 0.491935 0.879708 0.838762 0.958010 0.939886 0.574810 0.446366 0.982298 0.926769 0.919872 0.782380 0.963249 0.946056 0.702507 0.748480 0.537075 0.563780 0.348676 0.389639 0.609697 0.459957 0.706992 0.896670 0.969429 0.999563 0.972228 0.772241 0.964535 0.995005 0.914536 0.861540 0.895575 0.930596 0.971301 0.761457 0.766255 0.733700 0.983812 0.893157 0.561747 0.770812 0.925794 0.943074 0.890706 0.878096 0.977838 0.755523 0.730433 0.833292 0.762816 0.616781 0.805692 0.898468
0.996124 0.985701 0.000000 0.438603 0.901020 0.798661 0.486467 0.533647 0.482072 0.873275 0.885263 0.985945 0.797576 0.849530 0.946013 0.878603 0.869054 0.844500 0.825933 0.955266 0.898706 0.965797 0.684802 0.743985 0.665105 0.497910 0.877666 0.943748 0.939767 0.932809 0.609281 0.703483 0.619048 0.671314 0.756728 0.837071 0.780278 0.986265 0.925258 0.961742 0.974428 0.985919 0.715459 0.741091 0.762577 0.791358 0.663839 0.751450 0.852318 0.985103 0.986530 0.963013 0.904063 0.929062 0.965162 0.843338 0.988674 0.859922 0.888798 0.902291 0.491592 0.508373 0.922461 0.912912 0.419107 0.348927 0.561607 0.496951 0.977791 0.900430 0.740201 0.750161 0.747089 0.789809 0.900660 0.881898 0.785534 0.772693 0.892806 0.916218 0.817493 0.862578 0.999588 0.819240 0.822025 0.694918 0.962699 0.888982 0.909869 0.971128 0.691767 0.876948 0.770839 0.894517 0.851904 0.992300 0.866949 0.951093 0.702667 0.726281 0.718802 0.917449 0.992782 0.819421 0.725153 0.870409 0.892657 0.819103 0.743685 0.956726 0.811841 0.862361 0.780412 0.869006 0.751584 0.978386
0.832059 0.887321 0.438603 0.000000 0.912050 0.843964 0.519880 0.382339 0.508979 0.689153 0.889809 0.731800 0.679050 0.655336 0.791329 0.612505 0.998348 0.979898 0.657382 0.843696 0.956646 0.858936 0.426354 0.611373 0.714930 0.595863 0.930558 0.988585 0.972932 0.946428 0.521453 0.531629 0.599335 0.654079 0.781618 0.829288 0.702841 0.945943 0.885645 0.960626 0.968331 0.892698 0.553203 0.548159 0.784318 0.704833 0.561144 0.633226 0.968556 0.882505 0.839527 0.835155 0.848901 0.849900 0.967980 0.915285 0.914252 0.995850 0.728922 0.764160 0.498631 0.409105 0.977572 0.869057 0.525498 0.415485 0.577503 0.525711 0.894149 0.981553 0.674864 0.635298 0.762479 0.833380 0.952728 0.870515 0.675448 0.756446 0.898231 0.942322 0.983416 0.966757 0.860075 0.995810 0.800119 0.676406 0.929499 0.903321 0.749441 0.834087 0.690689 0.929144 0.786071 0.919297 0.848292 0.974432 0.773560 0.848481 0.626010 0.591667 0.633251 0.913612 0.978520 0.780692 0.540397 0.679529 0.907918 0.686270 0.645925 0.847565 0.757364 0.861603 0.685961 0.830388 0.655127 0.924200
0.919029 0.850358 0.901020 0.912050 0.000000 0.876540 0.975124 0.981083 0.937722 0.994654 0.928981 0.972928 0.955879 0.993224 0.889965 0.973196 0.954853 0.960816 0.978348 0.900371 0.964015 0.909623 0.852364 0.948492 0.833586 0.959078 0.868740 0.919802 0.955657 0.935628 0.796750 0.830845 0.941009 0.977351 0.862825 0.913436 0.925538 0.910370 0.890293 0.937983 0.896877 0.908148 0.879685 0.900128 0.801905 0.809192 0.949204 0.871837 0.781519 0.771986 0.760822 0.807508 0.843582 0.855913 0.913007 0.781254 0.883585 0.860455 0.985293 0.992081 0.891454 0.996149 0.927355 0.974218 0.898096 0.866479 0.925192 0.953960 0.876012 0.907691 0.945262 0.882365 0.948456 0.911716 0.978969 0.991487 0.907943 0.881383 0.826454 0.976367 0.937942 0.904453 0.973839 0.854063 0.996362 0.865846 0.977008 0.970664 0.814598 0.884889 0.871089 0.827056 0.846017 0.947886 0.861853 0.997709 0.965580 0.894751 0.904324 0.932456 0.964183 0.942758 0.890579 0.890140 0.923430 0.745366 0.936116 0.923066 0.905455 0.943683 0.870637 0.961017 0.999284 0.798350 0.954417 0.975167
0.867500 0.768986 0.798661 0.843964 0.876540 0.000000 0.981807 0.880008 0.809516 0.999549 0.728273 0.874013 0.901940 0.898073 0.830508 0.780987 0.670246 0.645934 0.751732 0.878147 0.840546 0.918558 0.858602 0.704437 0.775944 0.615692 0.901638 0.700012 0.727590 0.810679 0.959075 0.969278 0.951930 0.929272 0.891619 0.977561 0.844529 0.850391 0.785615 0.928493 0.999464 0.979464 0.948896 0.923583 0.980134 0.912974 0.948620 0.982185 0.954410 0.970623 0.969720 0.978042 0.841395 0.931255 0.716698 0.872549 0.624017 0.692682 0.853697 0.953739 0.889340 0.732301 0.699587 0.783745 0.772646 0.624123 0.862517 0.849314 0.949606 0.931310 0.767073 0.925368 0.810546 0.906686 0.836210 0.993864 0.964452 0.906261 0.825990 0.993501 0.785098 0.926120 0.826281 0.845759 0.791003 0.726638 0.894629 0.933775 0.952831 0.952633 0.744543 0.832561 0.765195 0.852840 0.986401 0.877601 0.668701 0.865259 0.919387 0.950833 0.919136 0.972250 0.826074 0.998852 0.911327 0.925896 0.817029 0.990608 0.948792 0.929646 0.912445 0.977130 0.893092 0.976499 0.983692 0.924413
0.896163 0.810739 0.486467 0.519880 0.975124 0.981807 0.000000 0.325062 0.547249 0.586549 0.766796 0.715000 0.897337 0.887539 0.850856 0.994100 0.847597 0.915061 0.675497 0.887005 0.988734 0.968537 0.820811 0.918320 0.929602 0.837834 0.681983 0.647168 0.821529 0.848067 0.490743 0.664085 0.433522 0.418417 0.785669 0.702146 0.910102 0.963539 0.894028 0.896338 0.905547 0.995641 0.475568 0.526566 0.435968 0.483876 0.585942 0.609117 0.775041 0.702439 0.636322 0.698607 0.638944 0.651446 0.984497 0.960979 0.878035 0.913990 0.518252 0.616641 0.319571 0.465194 0.670107 0.661817 0.840185 0.651266 0.302251 0.329536 0.925941 0.986606 0.716794 0.649387 0.805775 0.901418 0.952828 0.798679 0.624347 0.710076 0.850992 0.839089 0.870489 0.926648 0.944313 0.887810 0.924977 0.943849 0.912179 0.715826 0.885117 0.841800 0.648825 0.806471 0.673429 0.860461 0.764669 0.906655 0.836931 0.696145 0.449207 0.526394 0.463293 0.717391 0.705708 0.578781 0.668420 0.817302 0.828466 0.623361 0.805230 0.818815 0.614750 0.697663 0.601928 0.734440 0.627123 0.907319
0.811649 0.794419 0.533647 0.382339 0.981083 0.880008 0.325062 0.000000 0.521252 0.426921 0.743576 0.574519 0.772680 0.749656 0.995495 0.792007 0.840233 0.904872 0.598747 0.795183 0.887273 0.916775 0.711221 0.993111 0.943300 0.840139 0.789578 0.810814 0.826150 0.814920 0.491284 0.644773 0.467194 0.403772 0.871107 0.810509 0.722964 0.923219 0.966380 0.935431 0.932438 0.890695 0.421371 0.439610 0.535953 0.507620 0.479172 0.511642 0.789612 0.690059 0.631157 0.659652 0.686177 0.625009 0.940643 0.999142 0.889890 0.906641 0.526345 0.615055 0.350886 0.307263 0.725159 0.618672 0.853786 0.580615 0.435155 0.390156 0.949088 0.907278 0.580619 0.548009 0.776116 0.903876 0.945567 0.853160 0.616684 0.714560 0.801342 0.863180 0.879680 0.935183 0.979620 0.925104 0.919610 0.980545 0.926204 0.679747 0.954913 0.903983 0.636748 0.830793 0.720518 0.952526 0.803292 0.844679 0.728810 0.713849 0.449118 0.436075 0.445665 0.808004 0.702113 0.562703 0.550569 0.773214 0.897668 0.563037 0.733424 0.729650 0.639497 0.669925 0.556682 0.724184 0.671978 0.932611
0.915958 0.937467 0.482072 0.508979 0.937722 0.809516 0.547249 0.521252 0.000000 0.652578 0.964427 0.979566 0.946576 0.833924 0.902117 0.861987 0.875223 0.798322 0.847520 0.978623 0.936283 0.927527 0.725096 0.852945 0.854763 0.545521 0.867265 0.915673 0.939696 0.828938 0.642407 0.744564 0.642229 0.703794 0.687847 0.867313 0.759154 0.965891 0.884125 0.914568 0.860972 0.854775 0.568537 0.655394 0.610196 0.687140 0.647049 0.780482 0.937241 0.884311 0.786759 0.855765 0.740936 0.622059 0.936361 0.973656 0.951925 0.816509 0.863910 0.949570 0.562320 0.487498 0.905781 0.962877 0.618469 0.523872 0.485713 0.560894 0.884703 0.812510 0.598197 0.599825 0.717063 0.862918 0.977339 0.918936 0.692968 0.862847 0.966965 0.966911 0.796992 0.796919 0.931694 0.796594 0.880610 0.853160 0.983741 0.896389 0.864358 0.942645 0.481911 0.639911 0.571915 0.687119 0.782162 0.977170 0.659592 0.791852 0.497004 0.526237 0.626744 0.834436 0.864166 0.711396 0.678412 0.752344 0.822090 0.583058 0.823856 0.789164 0.761164 0.757737 0.629872 0.800018 0.887088 0.862956
0.850602 0.837080 0.873275 0.689153 0.994654 0.999549 0.586549 0.426921 0.652578 0.000000 0.680370 0.636333 0.976450 0.973543 0.860885 0.966378 0.816634 0.858649 0.680865 0.797822 0.730216 0.961680 0.994716 0.699164 0.704105 0.918672 0.799529 0.760847 0.745733 0.791216 0.649467 0.777816 0.634975 0.557325 0.887364 0.904761 0.712060 0.765383 0.985098 0.981331 0.885619 0.786290 0.507798 0.523666 0.561064 0.524129 0.679449 0.609424 0.612598 0.641580 0.652357 0.730848 0.680916 0.544957 0.927338 0.877722 0.906571 0.905417 0.634137 0.752495 0.635364 0.523246 0.738256 0.598525 0.800001 0.982307 0.657401 0.643194 0.912497 0.887381 0.531136 0.576815 0.778194 0.803671 0.925901 0.926073 0.605781 0.791793 0.782617 0.996484 0.838024 0.910739 0.858709 0.952885 0.702169 0.644571 0.815853 0.669139 0.927407 0.838233 0.706410 0.820193 0.791778 0.927395 0.917381 0.787134 0.668116 0.701994 0.458146 0.415064 0.536570 0.727030 0.549986 0.589733 0.704386 0.844662 0.985452 0.504825 0.890945 0.617257 0.726279 0.548082 0.615817 0.788786 0.932500 0.962483
0.523856 0.576860 0.885263 0.889809 0.928981 0.728273 0.766796 0.743576 0.964427 0.680370 0.000000 0.489434 0.814411 0.786932 0.936979 0.855326 0.395550 0.387444 0.452732 0.439854 0.889677 0.958667 0.882479 0.849510 0.996640 0.792495 0.923711 0.758385 0.365380 0.348934 0.595121 0.661999 0.559496 0.460317 0.961805 0.950856 0.881141 0.707257 0.995569 0.848616 0.915990 0.777452 0.854403 0.725141 0.888007 0.773037 0.685779 0.701918 0.856959 0.805211 0.964330 0.870178 0.961393 0.979122 0.974854 0.955741 0.541110 0.580283 0.587885 0.570303 0.641753 0.788136 0.402908 0.393816 0.816125 0.906389 0.831148 0.776583 0.535045 0.639889 0.844811 0.970833 0.655037 0.593949 0.875408 0.937488 0.773520 0.639950 0.667834 0.843202 0.559704 0.772972 0.688375 0.709627 0.972950 0.943157 0.780892 0.848626 0.855379 0.910698 0.716489 0.647907 0.590970 0.598149 0.997220 0.869752 0.935927 0.663089 0.845355 0.811455 0.957171 0.942951 0.644606 0.569921 0.989411 0.769385 0.905150 0.909254 0.901244 0.780052 0.933912 0.926630 0.793317 0.850003 0.799785 0.864818
0.391741 0.425789 0.985945 0.731800 0.972928 0.874013 0.715000 0.574519 0.979566 0.636333 0.489434 0.000000 0.539596 0.524921 0.797875 0.608469 0.388243 0.400541 0.405704 0.374461 0.904865 0.827102 0.737037 0.981603 0.998070 0.845018 0.980239 0.731202 0.474731 0.393909 0.623186 0.669336 0.532954 0.512691 0.923977 0.951496 0.692664 0.641375 0.948673 0.776637 0.792972 0.734444 0.621943 0.540660 0.776667 0.640763 0.546452 0.570015 0.670989 0.627417 0.660842 0.603071 0.805060 0.802608 0.896890 0.842471 0.521779 0.438070 0.542928 0.538968 0.576606 0.596232 0.446081 0.323005 0.780437 0.951912 0.827915 0.801230 0.515090 0.505848 0.745949 0.719562 0.748118 0.777085 0.942598 0.932236 0.711074 0.721795 0.549238 0.708773 0.381935 0.528728 0.647911 0.585806 0.882052 0.960649 0.950607 0.845142 0.952596 0.868203 0.954174 0.864592 0.859448 0.730650 0.945930 0.742082 0.883568 0.671602 0.714245 0.719030 0.825022 0.877427 0.596539 0.538327 0.716424 0.754431 0.957616 0.839925 0.808290 0.696662 0.848054 0.862346 0.817656 0.742989 0.781968 0.872754
0.530466 0.655513 0.797576 0.679050 0.955879 0.901940 0.897337 0.772680 0.946576 0.976450 0.814411 0.539596 0.000000 0.328770 0.403848 0.398853 0.683065 0.684092 0.646724 0.594198 0.807065 0.842297 0.491939 0.626782 0.767435 0.898133 0.884703 0.970350 0.746254 0.688257 0.757826 0.746438 0.657387 0.851303 0.869755 0.962539 0.814972 0.915877 0.971501 0.845862 0.850296 0.863783 0.813759 0.764287 0.999966 0.882108 0.621289 0.754670 0.983567 0.862469 0.812073 0.665934 0.862181 0.878223 0.952306 0.927583 0.740679 0.681597 0.803720 0.759564 0.629537 0.631914 0.792141 0.708675 0.762143 0.740236 0.990524 0.958188 0.621308 0.649601 0.792481 0.826974 0.726560 0.785807 0.841987 0.952795 0.830627 0.904674 0.775049 0.696426 0.637810 0.581539 0.599403 0.700595 0.534294 0.583735 0.820962 0.963470 0.776116 0.703102 0.927929 0.992922 0.952585 0.936206 0.952346 0.768602 0.855734 0.879647 0.895954 0.932456 0.967491 0.909716 0.992799 0.727218 0.798855 0.830621 0.943565 0.933884 0.733821 0.991876 0.936674 0.994871 0.983621 0.811258 0.729247 0.862173
0.532508 0.618486 0.849530 0.655336 0.993224 0.898073 0.887539 0.749656 0.833924 0.973543 0.786932 0.524921 0.328770 0.000000 0.398667 0.304141 0.619300 0.635105 0.589520 0.571669 0.890178 0.863711 0.420478 0.564124 0.735650 0.847539 0.959058 0.922154 0.715602 0.654446 0.722286 0.638805 0.595118 0.813019 0.900679 0.915094 0.756198 0.825868 0.912994 0.822346 0.831349 0.843746 0.732557 0.679350 0.934705 0.855299 0.583148 0.783869 0.939878 0.842517 0.732583 0.648716 0.719008 0.778285 0.949778 0.895904 0.676879 0.658672 0.843428 0.807997 0.640683 0.601656 0.781732 0.664942 0.826723 0.766903 0.938840 0.934812 0.652682 0.686100 0.714597 0.728952 0.716784 0.844747 0.849017 0.975679 0.815110 0.845835 0.645824 0.751650 0.597573 0.620153 0.527516 0.663690 0.527490 0.565923 0.808688 0.965886 0.759048 0.664414 0.875583 0.983622 0.982224 0.971331 0.949928 0.876256 0.841303 0.875205 0.837715 0.880953 0.999365 0.894669 0.904883 0.661156 0.835464 0.726596 0.873027 0.889639 0.827715 0.859744 0.889553 0.996766 0.926292 0.769900 0.746850 0.971708
0.714872 0.888731 0.946013 0.791329 0.889965 0.830508 0.850856 0.995495 0.902117 0.860885 0.936979 0.797875 0.403848 0.398667 0.000000 0.362020 0.785127 0.839705 0.826462 0.744205 0.864887 0.886110 0.474013 0.530282 0.665921 0.874367 0.769405 0.812625 0.877395 0.818012 0.866285 0.717174 0.846961 0.935344 0.949355 0.990516 0.849375 0.964608 0.875983 0.845151 0.805817 0.921148 0.976332 0.942212 0.781815 0.880262 0.734959 0.914415 0.832116 0.946334 0.982201 0.842709 0.966138 0.993871 0.911737 0.917638 0.877040 0.864532 0.978326 0.915701 0.875331 0.827872 0.948389 0.892034 0.737876 0.801198 0.858927 0.877872 0.657377 0.806789 0.808687 0.935953 0.825333 0.853786 0.891324 0.804011 0.935787 0.960300 0.814625 0.822816 0.828709 0.755241 0.579053 0.756599 0.516288 0.516942 0.855201 0.828995 0.675224 0.689836 0.975579 0.918716 0.858856 0.960732 0.938986 0.862177 0.869341 0.999229 0.944773 0.905562 0.813900 0.977035 0.881114 0.874557 0.842931 0.754011 0.868059 0.998734 0.757166 0.937489 0.926037 0.909614 0.891173 0.982992 0.834940 0.900946
0.600502 0.688324 0.878603 0.612505 0.973196 0.780987 0.994100 0.792007 0.861987 0.966378 0.855326 0.608469 0.398853 0.304141 0.362020 0.000000 0.736052 0.743562 0.699499 0.640764 0.950101 0.825375 0.394033 0.454416 0.681333 0.809248 0.877114 0.837669 0.811758 0.709371 0.754604 0.636584 0.722223 0.858521 0.991975 0.975400 0.817237 0.860461 0.816994 0.854103 0.877237 0.854463 0.773086 0.709798 0.972829 0.882885 0.576704 0.743025 0.996583 0.858398 0.773305 0.657595 0.802442 0.887001 0.843798 0.862399 0.756391 0.744446 0.839763 0.748551 0.741647 0.634476 0.909630 0.769440 0.743075 0.703737 0.985971 0.943681 0.695929 0.710429 0.790499 0.892724 0.824156 0.845864 0.886079 0.882458 0.910083 0.867743 0.680855 0.770832 0.702666 0.662495 0.509577 0.621397 0.516141 0.474886 0.854990 0.906858 0.692232 0.657449 0.947568 0.957359 0.930226 0.884399 0.946958 0.876680 0.853423 0.871977 0.952407 0.909952 0.958336 0.968831 0.993657 0.800160 0.794599 0.715550 0.885766 0.968554 0.782211 0.888162 0.927429 0.940919 0.954637 0.822881 0.700549 0.987302
0.400327 0.406547 0.869054 0.998348 0.954853 0.670246 0.847597 0.840233 0.875223 0.816634 0.395550 0.388243 0.683065 0.619300 0.785127 0.736052 0.000000 0.256256 0.416589 0.380104 0.826440 0.995656 0.858400 0.861259 0.956695 0.631803 0.964031 0.788407 0.322467 0.313086 0.770198 0.749285 0.614529 0.555793 0.868999 0.922220 0.917227 0.721088 0.920377 0.856807 0.916022 0.824534 0.776260 0.656583 0.866124 0.742835 0.660523 0.707058 0.709358 0.667463 0.776915 0.671625 0.892069 0.931391 0.981360 0.897898 0.410490 0.350272 0.527224 0.555016 0.736808 0.896164 0.337099 0.297751 0.687818 0.689050 0.955362 0.969676 0.491853 0.504345 0.919112 0.924972 0.779893 0.733517 0.904127 0.944379 0.763254 0.674770 0.453062 0.675905 0.321296 0.555864 0.569794 0.523881 0.923362 0.933630 0.866403 0.895568 0.935349 0.931188 0.714346 0.709043 0.636375 0.647738 0.872561 0.838303 0.911339 0.677151 0.858627 0.888853 0.984319 0.973486 0.608435 0.622300 0.968329 0.830963 0.975856 0.919807 0.892578 0.724888 0.890320 0.943366 0.862203 0.799962 0.735893 0.768535
0.408854 0.374347 0.844500 0.979898 0.960816 0.645934 0.915061 0.904872 0.798322 0.858649 0.387444 0.400541 0.684092 0.635105 0.839705 0.743562 0.256256 0.000000 0.401360 0.387571 0.853543 0.969939 0.820859 0.923704 0.927160 0.633410 0.912913 0.788728 0.331265 0.336517 0.812857 0.770365 0.661677 0.616956 0.859644 0.925887 0.951287 0.682212 0.898751 0.812364 0.909152 0.777572 0.859017 0.696117 0.963893 0.807645 0.750198 0.749021 0.776908 0.714069 0.842585 0.746870 0.933876 0.999305 0.928653 0.953889 0.353919 0.312333 0.590989 0.593847 0.820113 0.977916 0.350529 0.314125 0.700016 0.653606 0.951755 0.938322 0.479235 0.479524 0.932661 0.984294 0.830760 0.767625 0.891718 0.996051 0.857162 0.730430 0.483880 0.774755 0.355465 0.530200 0.522882 0.463561 0.888040 0.955642 0.904106 0.935028 0.945578 0.878078 0.694384 0.699044 0.616992 0.663070 0.917522 0.882758 0.882509 0.682821 0.928819 0.933405 0.890155 0.961736 0.619444 0.672018 0.939730 0.858635 0.939976 0.955658 0.993149 0.795692 0.886933 0.984938 0.855926 0.758224 0.820540 0.777045
0.424117 0.421091 0.825933 0.657382 0.978348 0.751732 0.675497 0.598747 0.847520 0.680865 0.452732 0.405704 0.646724 0.589520 0.826462 0.699499 0.416589 0.401360 0.000000 0.396610 0.933807 0.904179 0.664534 0.932098 0.897592 0.909839 0.921494 0.760167 0.463812 0.519260 0.654204 0.575665 0.488584 0.497625 0.976184 0.951218 0.686243 0.635646 0.989432 0.882549 0.820134 0.782607 0.573560 0.471823 0.770805 0.623874 0.510229 0.565639 0.739471 0.637783 0.768170 0.690184 0.902242 0.894580 0.953122 0.995837 0.382061 0.438316 0.552626 0.598434 0.605986 0.676806 0.515420 0.427026 0.950897 0.998661 0.822694 0.789358 0.550288 0.632919 0.786186 0.782231 0.784174 0.760285 0.982489 0.978136 0.686840 0.667718 0.586872 0.719765 0.520294 0.648127 0.593994 0.572458 0.837992 0.918043 0.890098 0.873764 0.986141 0.887378 0.927030 0.807925 0.821533 0.780797 0.827470 0.880284 0.951576 0.741987 0.676089 0.690662 0.908256 0.815163 0.585295 0.660761 0.788540 0.813979 0.898343 0.745508 0.939950 0.606384 0.765572 0.879913 0.732249 0.624201 0.746106 0.865146
0.365380 0.405355 0.955266 0.843696 0.900371 0.878147 0.887005 0.795183 0.978623 0.797822 0.439854 0.374461 0.594198 0.571669 0.744205 0.640764 0.380104 0.387571 0.396610 0.000000 0.936671 0.917583 0.768373 0.945234 0.873700 0.922381 0.866135 0.846794 0.435848 0.424043 0.771979 0.724293 0.623449 0.572476 0.951968 0.957242 0.670950 0.543165 0.943407 0.652348 0.814379 0.724707 0.724103 0.652758 0.878322 0.729217 0.568793 0.593905 0.706368 0.649387 0.800064 0.678561 0.917655 0.975187 0.916613 0.875695 0.448508 0.412225 0.699799 0.608350 0.746547 0.728306 0.597486 0.473005 0.871873 0.938388 0.991039 0.953168 0.414726 0.443259 0.859139 0.903745 0.742472 0.706423 0.907290 0.978695 0.766369 0.784740 0.623202 0.707993 0.450997 0.503204 0.594767 0.469070 0.744742 0.853538 0.898972 0.926084 0.952934 0.831118 0.833608 0.734904 0.680851 0.671055 0.879281 0.829455 0.926956 0.757105 0.848105 0.837908 0.991294 0.914513 0.672694 0.709447 0.885206 0.826391 0.913713 0.902139 0.877817 0.672047 0.944100 0.970181 0.907511 0.747889 0.842128 0.802711
0.946299 0.851677 0.898706 0.956646 0.964015 0.840546 0.988734 0.887273 0.936283 0.730216 0.889677 0.904865 0.807065 0.890178 0.864887 0.950101 0.826440 0.853543 0.933807 0.936671 0.000000 0.979104 0.831624 0.764679 0.806661 0.863694 0.932013 0.975167 0.876074 0.905322 0.942400 0.877019 0.986247 0.830003 0.959552 0.896084 0.892014 0.741876 0.939104 0.961736 0.988367 0.913054 0.851595 0.819201 0.901167 0.849141 0.861895 0.761463 0.823730 0.785187 0.876643 0.842780 0.895389 0.896923 0.922516 0.866626 0.779055 0.830479 0.795268 0.810630 0.993713 0.952346 0.909902 0.839745 0.889506 0.839404 0.955726 0.991987 0.867570 0.855454 0.987411 0.948863 0.967218 0.919539 0.943519 0.925706 0.943451 0.893228 0.830869 0.899049 0.878641 0.952261 0.931142 0.819322 0.811375 0.758645 0.979974 0.935533 0.934333 0.890550 0.927988 0.989657 0.925235 0.881419 0.918553 0.912497 0.927331 0.833795 0.872202 0.823356 0.925778 0.799390 0.823174 0.933375 0.969510 0.995957 0.875084 0.948888 0.964610 0.929027 0.729488 0.776250 0.867232 0.843399 0.983344 0.883014
0.830252 0.869964 0.965797 0.858936 0.909623 0.918558 0.968537 0.916775 0.927527 0.961680 0.958667 0.827102 0.842297 0.863711 0.886110 0.825375 0.995656 0.969939 0.904179 0.917583 0.979104 0.000000 0.870216 0.810726 0.947050 0.983990 0.771816 0.995676 0.953201 0.999852 0.980729 0.942197 0.985134 0.933092 0.949728 0.910798 0.912784 0.865444 0.861120 0.784818 0.967532 0.942672 0.913369 0.860120 0.985278 0.900169 0.892552 0.884282 0.959976 0.872526 0.870806 0.878248 0.931485 0.992622 0.913798 0.821503 0.900631 0.904765 0.947429 0.953731 0.995961 0.975048 0.993199 0.995095 0.938616 0.988486 0.843706 0.928705 0.915968 0.927588 0.861434 0.984380 0.853717 0.737945 0.846380 0.915688 0.902435 0.802599 0.931312 0.852707 0.903157 0.869880 0.817163 0.822323 0.886533 0.893858 0.827428 0.851570 0.890593 0.914036 0.958332 0.963350 0.977712 0.972941 0.993757 0.958781 0.799825 0.962489 0.985679 0.968656 0.981035 0.958740 0.946937 0.842130 0.888260 0.979107 0.891993 0.966232 0.948480 0.968273 0.982153 0.847872 0.912175 0.874549 0.968879 0.948951
0.771546 0.855784 0.684802 0.426354 0.852364 0.858602 0.820811 0.711221 0.725096 0.994716 0.882479 0.737037 0.491939 0.420478 0.474013 0.394033 0.858400 0.820859 0.664534 0.768373 0.831624 0.870216 0.000000 0.433869 0.664221 0.735162 0.914114 0.908352 0.864016 0.812198 0.671126 0.521946 0.658121 0.859790 0.980964 0.927566 0.838709 0.972975 0.956484 0.924434 0.926362 0.863283 0.785003 0.715777 0.911519 0.980308 0.697045 0.857897 0.790320 0.933613 0.956068 0.906468 0.905108 0.986676 0.975378 0.957717 0.830949 0.884004 0.876774 0.865132 0.664579 0.680222 0.867987 0.808668 0.577363 0.617279 0.833493 0.881535 0.799647 0.897397 0.767300 0.772465 0.717008 0.869677 0.899559 0.993205 0.835217 0.856357 0.776648 0.916620 0.894445 0.896834 0.617009 0.778015 0.580558 0.508501 0.940192 0.906011 0.702980 0.697286 0.880169 0.902244 0.984798 0.957321 0.849169 0.976351 0.900836 0.897729 0.872918 0.837187 0.949560 0.993855 0.927660 0.782735 0.674004 0.616886 0.915619 0.913623 0.766912 0.896364 0.959424 0.998539 0.863273 0.857401 0.655565 0.839303
0.921014 0.997356 0.743985 0.611373 0.948492 0.704437 0.918320 0.993111 0.852945 0.699164 0.849510 0.981603 0.626782 0.564124 0.530282 0.454416 0.861259 0.923704 0.932098 0.945234 0.764679 0.810726 0.433869 0.000000 0.488569 0.527088 0.783078 0.789352 0.874684 0.935863 0.872068 0.739026 0.907339 0.881907 0.918751 0.943353 0.883699 0.957965 0.724143 0.880811 0.940229 0.961999 0.980178 0.943711 0.810308 0.878177 0.812579 0.959743 0.757462 0.897400 0.933507 0.992212 0.997848 0.830256 0.930621 0.994179 0.986412 0.978149 0.855656 0.994826 0.917906 0.836275 0.772193 0.815907 0.486125 0.567024 0.967998 0.978368 0.893811 0.977516 0.996821 0.980844 0.911329 0.957390 0.896170 0.981702 0.993756 0.967789 0.965637 0.888569 0.935757 0.834313 0.652474 0.822954 0.452348 0.350926 0.792282 0.662781 0.559142 0.605841 0.970966 0.909359 0.969146 0.974366 0.919011 0.877448 0.865034 0.875738 0.879288 0.917162 0.847959 0.934690 0.700795 0.924235 0.836287 0.810281 0.965414 0.897941 0.907245 0.875020 0.937172 0.748205 0.929390 0.944729 0.830676 0.964826
0.882494 0.960520 0.665105 0.714930 0.833586 0.775944 0.929602 0.943300 0.854763 0.704105 0.996640 0.998070 0.767435 0.735650 0.665921 0.681333 0.956695 0.927160 0.897592 0.873700 0.806661 0.947050 0.664221 0.488569 0.000000 0.518126 0.744316 0.768149 0.941141 0.960723 0.812268 0.714571 0.892452 0.997087 0.879986 0.927223 0.759934 0.796995 0.681948 0.789961 0.865167 0.935502 0.970655 0.955633 0.816701 0.836754 0.846486 0.947626 0.778225 0.882655 0.794155 0.877954 0.831192 0.721093 0.854878 0.950523 0.906980 0.974691 0.870844 0.986101 0.940161 0.909306 0.792897 0.808378 0.544512 0.624763 0.988532 0.915158 0.713208 0.939667 0.945568 0.998150 0.776264 0.785386 0.990623 0.943643 0.996909 0.864406 0.992412 0.894498 0.989697 0.772246 0.717278 0.810977 0.529674 0.412409 0.829566 0.708887 0.697536 0.700537 0.902260 0.775238 0.847584 0.843645 0.993931 0.996445 0.959314 0.856845 0.868469 0.856288 0.813081 0.818244 0.811185 0.973019 0.941773 0.863506 0.914389 0.864759 0.908771 0.937448 0.879856 0.764202 0.936713 0.894904 0.891959 0.935504
0.877286 0.799724 0.497910 0.595863 0.959078 0.615692 0.837834 0.840139 0.545521 0.918672 0.792495 0.845018 0.898133 0.847539 0.874367 0.809248 0.631803 0.633410 0.909839 0.922381 0.863694 0.983990 0.735162 0.527088 0.518126 0.000000 0.999092 0.821674 0.694790 0.703532 0.814720 0.878584 0.877771 0.996067 0.674539 0.952030 0.758391 0.957252 0.681991 0.846986 0.952460 0.898590 0.891667 0.993966 0.940198 0.992597 0.841114 0.921638 0.819965 0.884622 0.950183 0.924806 0.925976 0.994010 0.861351 0.994496 0.799929 0.690154 0.824034 0.883523 0.788854 0.669035 0.607786 0.641408 0.432442 0.389935 0.754092 0.704390 0.951705 0.838870 0.817873 0.799988 0.789339 0.917376 0.939641 0.960044 0.954727 0.954714 0.807117 0.973967 0.733633 0.935447 0.984304 0.853758 0.672439 0.534281 0.774705 0.796948 0.759726 0.769381 0.721177 0.859537 0.744006 0.851994 0.851494 0.984556 0.759235 0.954068 0.862830 0.923983 0.919204 0.979826 0.797933 0.999265 0.836071 0.887769 0.886815 0.951321 0.904453 0.918495 0.981020 0.894193 0.987194 0.986027 0.995028 0.904175
0.859005 0.895161 0.877666 0.930558 0.868740 0.901638 0.681983 0.789578 0.867265 0.799529 0.923711 0.980239 0.884703 0.959058 0.769405 0.877114 0.964031 0.912913 0.921494 0.866135 0.932013 0.771816 0.914114 0.783078 0.744316 0.999092 0.000000 0.860053 0.982533 0.961497 0.865145 0.991451 0.814178 0.866113 0.948749 0.827728 0.981383 0.768506 0.838857 0.917318 0.933128 0.948473 0.828860 0.911061 0.688880 0.785491 0.988041 0.947014 0.877878 0.965255 0.798908 0.915884 0.742763 0.664843 0.991056 0.925683 0.840478 0.847391 0.895044 0.983472 0.788802 0.794809 0.954640 0.916870 0.905988 0.928431 0.647023 0.754969 0.798821 0.882282 0.755540 0.757381 0.923280 0.873069 0.940991 0.900511 0.953979 0.867018 0.947652 0.951142 0.983436 0.755949 0.742927 0.812979 0.774600 0.778101 0.973867 0.558200 0.882412 0.665162 0.738476 0.783016 0.748848 0.848036 0.882324 0.979248 0.947523 0.928515 0.753069 0.879726 0.698648 0.845386 0.941761 0.822243 0.936461 0.921409 0.889493 0.828903 0.947860 0.954917 0.869724 0.938385 0.864742 0.946016 0.879378 0.989635
0.904073 0.793193 0.943748 0.988585 0.919802 0.700012 0.647168 0.810814 0.915673 0.760847 0.758385 0.731202 0.970350 0.922154 0.812625 0.837669 0.788407 0.788728 0.760167 0.846794 0.975167 0.995676 0.908352 0.789352 0.768149 0.821674 0.860053 0.000000 0.688824 0.788054 0.841705 0.872301 0.757176 0.754517 0.857677 0.874743 0.910630 0.976433 0.887423 0.976556 0.996728 0.927328 0.786232 0.782674 0.675561 0.689939 0.844276 0.815521 0.720271 0.792085 0.767715 0.820831 0.871041 0.808982 0.984210 0.946853 0.831170 0.790773 0.657942 0.734053 0.703315 0.852095 0.625852 0.690230 0.817312 0.896658 0.691653 0.766005 0.968726 0.994400 0.909129 0.897061 0.917200 0.909488 0.850489 0.911715 0.774645 0.902245 0.833295 0.827358 0.771626 0.870677 0.964143 0.974128 0.901085 0.793127 0.863699 0.808324 0.897933 0.869284 0.950132 0.963693 0.915257 0.993505 0.903355 0.979963 0.839551 0.748999 0.763364 0.765217 0.828780 0.675237 0.660403 0.693460 0.824277 0.908261 0.944878 0.813648 0.920275 0.804151 0.899866 0.867895 0.805753 0.827850 0.942445 0.974031
0.499215 0.526561 0.939767 0.972932 0.955657 0.727590 0.821529 0.826150 0.939696 0.745733 0.365380 0.474731 0.746254 0.715602 0.877395 0.811758 0.322467 0.331265 0.463812 0.435848 0.876074 0.953201 0.864016 0.874684 0.941141 0.694790 0.982533 0.688824 0.000000 0.299461 0.707519 0.655475 0.580512 0.532592 0.854921 0.885529 0.978737 0.743621 0.927829 0.813529 0.942660 0.820110 0.850554 0.704870 0.854536 0.749181 0.706140 0.707104 0.734261 0.709750 0.837479 0.740984 0.946485 0.970317 0.934993 0.947378 0.523857 0.476823 0.538521 0.520703 0.694692 0.888225 0.358038 0.336730 0.719474 0.768170 0.882071 0.927314 0.528183 0.663057 0.913952 0.964388 0.713327 0.677740 0.853820 0.979429 0.842798 0.711778 0.573492 0.769468 0.425250 0.679067 0.618722 0.599102 0.982360 0.916686 0.842084 0.858499 0.850294 0.981811 0.712398 0.651071 0.597648 0.636969 0.924566 0.857619 0.961662 0.729429 0.866234 0.867287 0.980913 0.946125 0.588651 0.565043 0.922350 0.827206 0.992522 0.929610 0.940360 0.758411 0.923607 0.957574 0.837999 0.801306 0.750336 0.839909
0.468476 0.575737 0.932809 0.946428 0.935628 0.810679 0.848067 0.814920 0.828938 0.791216 0.348934 0.393909 0.688257 0.654446 0.818012 0.709371 0.313086 0.336517 0.519260 0.424043 0.905322 0.999852 0.812198 0.935863 0.960723 0.703532 0.961497 0.788054 0.299461 0.000000 0.625416 0.640956 0.587052 0.523462 0.891354 0.918651 0.972815 0.780044 0.973927 0.802443 0.968133 0.819375 0.903672 0.754778 0.945987 0.823360 0.702438 0.725147 0.821588 0.793372 0.895122 0.790741 0.977294 0.974563 0.974835 0.962013 0.608071 0.535912 0.560052 0.546175 0.678473 0.837365 0.332691 0.299199 0.691978 0.808056 0.895394 0.874411 0.488797 0.604417 0.897752 0.980917 0.722444 0.641617 0.792648 0.990623 0.870474 0.619390 0.558529 0.747147 0.399937 0.680094 0.597694 0.607626 0.977800 0.953928 0.825406 0.863793 0.837727 0.930210 0.646867 0.569578 0.522402 0.528552 0.949697 0.783290 0.923447 0.703516 0.954404 0.929371 0.982501 0.995000 0.652079 0.544090 0.900144 0.707817 0.940891 0.987123 0.861140 0.760630 0.997498 0.985415 0.967227 0.874931 0.674173 0.766293
0.842713 0.905142 0.609281 0.521453 0.796750 0.959075 0.490743 0.491284 0.642407 0.649467 0.595121 0.623186 0.757826 0.722286 0.866285 0.754604 0.770198 0.812857 0.654204 0.771979 0.942400 0.980729 0.671126 0.872068 0.812268 0.814720 0.865145 0.841705 0.707519 0.625416 0.000000 0.421278 0.439360 0.439900 0.876972 0.775099 0.846521 0.909085 0.861732 0.984787 0.907191 0.861590 0.688039 0.690497 0.732961 0.726425 0.643545 0.651946 0.992568 0.927327 0.864194 0.895767 0.818765 0.812398 0.956152 0.945836 0.936560 0.983468 0.683450 0.719805 0.416118 0.498982 0.648074 0.609255 0.929819 0.678855 0.514649 0.474676 0.814954 0.999652 0.680372 0.729747 0.689053 0.698372 0.807109 0.924457 0.711724 0.579753 0.787476 0.954642 0.823991 0.952346 0.834072 0.995597 0.958746 0.937115 0.924934 0.818612 0.976090 0.909271 0.914762 0.878497 0.995020 0.860896 0.952914 0.719316 0.870727 0.675645 0.697866 0.728579 0.572509 0.850238 0.888305 0.522836 0.628723 0.618145 0.851306 0.696908 0.759831 0.843123 0.831055 0.904558 0.794378 0.886980 0.673023 0.929800
0.790419 0.816617 0.703483 0.531629 0.830845 0.969278 0.664085 0.644773 0.744564 0.777816 0.661999 0.669336 0.746438 0.638805 0.717174 0.636584 0.749285 0.770365 0.575665 0.724293 0.877019 0.942197 0.521946 0.739026 0.714571 0.878584 0.991451 0.872301 0.655475 0.640956 0.421278 0.000000 0.510665 0.630251 0.916717 0.926434 0.845582 0.804424 0.884120 0.865384 0.941501 0.900880 0.665458 0.630029 0.823813 0.745010 0.645465 0.706998 0.952819 0.902950 0.843309 0.830264 0.858984 0.853394 0.993449 0.967254 0.787981 0.905241 0.745465 0.769290 0.612891 0.668728 0.711417 0.667170 0.889618 0.768329 0.719897 0.656574 0.759403 0.947393 0.780107 0.846313 0.811560 0.812882 0.887842 0.978968 0.776803 0.630238 0.755223 0.842850 0.788556 0.963273 0.685620 0.787404 0.886251 0.790118 0.996626 0.878492 0.937294 0.955237 0.980664 0.786766 0.895588 0.916626 0.988395 0.803061 0.906929 0.860916 0.758230 0.820013 0.767965 0.778916 0.818470 0.695607 0.673410 0.638555 0.880767 0.743400 0.772648 0.742029 0.851354 0.940365 0.771161 0.872548 0.591783 0.913370
0.675052 0.708581 0.619048 0.599335 0.941009 0.951930 0.433522 0.467194 0.642229 0.634975 0.559496 0.532954 0.657387 0.595118 0.846961 0.722223 0.614529 0.661677 0.488584 0.623449 0.986247 0.985134 0.658121 0.907339 0.892452 0.877771 0.814178 0.757176 0.580512 0.587052 0.439360 0.510665 0.000000 0.416229 0.876435 0.757660 0.748594 0.851764 0.948312 0.914520 0.860263 0.767597 0.538909 0.522919 0.550027 0.558896 0.491285 0.611130 0.768144 0.710530 0.665103 0.674064 0.681102 0.684106 0.929335 0.990024 0.727553 0.754149 0.587215 0.660798 0.373922 0.485468 0.548455 0.505723 0.915724 0.775106 0.498120 0.516748 0.754959 0.798055 0.620876 0.654952 0.603277 0.754237 0.797631 0.952015 0.725592 0.591233 0.678709 0.741630 0.617042 0.808936 0.735954 0.827257 0.853891 0.883487 0.958987 0.804405 0.954922 0.972465 0.829908 0.986662 0.957782 0.927194 0.766559 0.771387 0.820820 0.628710 0.516724 0.634873 0.691351 0.690341 0.701600 0.423126 0.762622 0.765780 0.987863 0.702637 0.836829 0.712698 0.664432 0.784156 0.679072 0.668213 0.576229 0.997657
0.667710 0.626280 0.671314 0.654079 0.977351 0.929272 0.418417 0.403772 0.703794 0.557325 0.460317 0.512691 0.851303 0.813019 0.935344 0.858521 0.555793 0.616956 0.497625 0.572476 0.830003 0.933092 0.859790 0.881907 0.997087 0.996067 0.866113 0.754517 0.532592 0.523462 0.439900 0.630251 0.416229 0.000000 0.891180 0.792039 0.830082 0.782968 0.943991 0.947672 0.924765 0.854979 0.536321 0.492894 0.563048 0.496590 0.482221 0.455409 0.722144 0.636591 0.695056 0.679572 0.794637 0.788404 0.985981 0.985161 0.672540 0.699234 0.431624 0.462316 0.406004 0.506309 0.496899 0.437694 0.954296 0.820400 0.485970 0.445460 0.759909 0.759377 0.780347 0.814435 0.762079 0.775957 0.896478 0.918794 0.696780 0.584614 0.631812 0.773630 0.636871 0.910451 0.836020 0.872176 0.896790 0.926278 0.784967 0.721888 0.892373 0.837943 0.998014 0.891365 0.922035 0.737565 0.840515 0.811938 0.899227 0.565407 0.598488 0.581257 0.565353 0.883158 0.579105 0.494577 0.714811 0.729129 0.964064 0.654448 0.892721 0.665024 0.732244 0.780629 0.659386 0.733578 0.635969 0.844553
0.989875 0.972816 0.756728 0.781618 0.862825 0.891619 0.785669 0.871107 0.687847 0.887364 0.961805 0.923977 0.869755 0.900679 0.949355 0.991975 0.868999 0.859644 0.976184 0.951968 0.959552 0.949728 0.980964 0.918751 0.879986 0.674539 0.948749 0.857677 0.854921 0.891354 0.876972 0.916717 0.876435 0.891180 0.000000 0.994102 0.993255 0.971221 0.867977 0.902251 0.971315 0.952850 0.814725 0.899138 0.785048 0.787021 0.790710 0.804062 0.915384 0.846335 0.909340 0.931493 0.837229 0.873312 0.776931 0.871310 0.955808 0.891619 0.933593 0.903504 0.853581 0.785571 0.914652 0.921209 0.747307 0.811552 0.681595 0.641672 0.979913 0.938871 0.899807 0.892677 0.919343 0.819072 0.834265 0.958773 0.908182 0.879435 0.960377 0.956348 0.945932 0.975241 0.955308 0.930939 0.905615 0.884938 0.983345 0.966173 0.782080 0.907064 0.806041 0.832845 0.799668 0.822886 0.893550 0.955473 0.745851 0.742320 0.779770 0.856950 0.962097 0.884831 0.858122 0.913061 0.930457 0.859066 0.809527 0.840831 0.892558 0.937884 0.891095 0.938606 0.731878 0.942983 0.849703 0.952039
0.992325 0.895282 0.837071 0.829288 0.913436 0.977561 0.702146 0.810509 0.867313 0.904761 0.950856 0.951496 0.962539 0.915094 0.990516 0.975400 0.922220 0.925887 0.951218 0.957242 0.896084 0.910798 0.927566 0.943353 0.927223 0.952030 0.827728 0.874743 0.885529 0.918651 0.775099 0.926434 0.757660 0.792039 0.994102 0.000000 0.921458 0.821696 0.876816 0.935949 0.895817 0.987497 0.803142 0.761186 0.743371 0.778942 0.851056 0.963194 0.839791 0.833804 0.836939 0.870690 0.746929 0.839528 0.989962 0.915852 0.952917 0.925527 0.767760 0.877991 0.745031 0.840200 0.880401 0.875647 0.931939 0.899949 0.693146 0.757341 0.883131 0.924252 0.869797 0.981060 0.984886 0.908281 0.915464 0.844229 0.823883 0.701137 0.904864 0.934725 0.898397 0.998425 0.997653 0.863858 0.990844 0.999628 0.815576 0.891377 0.862804 0.934565 0.844870 0.789528 0.868861 0.900690 0.916540 0.892960 0.987233 0.907119 0.849475 0.735149 0.791754 0.878270 0.870884 0.817300 0.893603 0.947057 0.916103 0.906485 0.972160 0.977978 0.791396 0.855008 0.925519 0.894887 0.799413 0.876110
0.709594 0.832717 0.780278 0.702841 0.925538 0.844529 0.910102 0.722964 0.759154 0.712060 0.881141 0.692664 0.814972 0.756198 0.849375 0.817237 0.917227 0.951287 0.686243 0.670950 0.892014 0.912784 0.838709 0.883699 0.759934 0.758391 0.981383 0.910630 0.978737 0.972815 0.846521 0.845582 0.748594 0.830082 0.993255 0.921458 0.000000 0.666107 0.790483 0.782083 0.615869 0.774670 0.673340 0.728471 0.884854 0.835400 0.681170 0.707635 0.844319 0.888116 0.900720 0.908263 0.919463 0.876634 0.737039 0.903799 0.809425 0.852956 0.979401 0.998407 0.842071 0.640994 0.896345 0.936254 0.903024 0.789676 0.950963 0.827138 0.647098 0.740093 0.712121 0.637910 0.747187 0.866058 0.904682 0.998954 0.732138 0.863317 0.927427 0.878796 0.894353 0.802521 0.866902 0.858383 0.799424 0.816330 0.840590 0.949936 0.881113 0.830061 0.860766 0.937223 0.951298 0.995811 0.960307 0.953745 0.761458 0.991056 0.718455 0.741069 0.909661 0.826085 0.886765 0.875541 0.845075 0.927618 0.846400 0.751698 0.797729 0.792383 0.903196 0.873882 0.962256 0.911485 0.945503 0.988154
0.605987 0.585865 0.986265 0.945943 0.910370 0.850391 0.963539 0.923219 0.965891 0.765383 0.707257 0.641375 0.915877 0.825868 0.964608 0.860461 0.721088 0.682212 0.635646 0.543165 0.741876 0.865444 0.972975 0.957965 0.796995 0.957252 0.768506 0.976433 0.743621 0.780044 0.909085 0.804424 0.851764 0.782968 0.971221 0.821696 0.666107 0.000000 0.790766 0.587854 0.782276 0.761271 0.788982 0.762104 0.917540 0.824149 0.670702 0.631216 0.722751 0.709831 0.852051 0.823279 0.923934 0.998139 0.803349 0.706010 0.553247 0.629585 0.931447 0.828612 0.979459 0.890456 0.898117 0.795373 0.893770 0.894656 0.841225 0.964764 0.602999 0.665455 0.959015 0.854220 0.924715 0.918085 0.910897 0.986646 0.944140 0.908007 0.814665 0.931027 0.649706 0.640357 0.753676 0.533665 0.865445 0.962113 0.983998 0.889592 0.967712 0.836018 0.914137 0.867878 0.816137 0.818686 0.915669 0.822499 0.920665 0.866110 0.891910 0.888154 0.972530 0.958404 0.663732 0.920507 0.946467 0.931386 0.933097 0.975888 0.897533 0.741900 0.863333 0.830738 0.988184 0.743678 0.996095 0.992473
