0.000000 0.289697 0.776423 0.609295 0.774676 0.846229 0.944651 0.918758 0.530112 0.615775 0.491917 0.418266 0.576812 0.454763 0.826126 0.901936 0.436957 0.329863 0.486607 0.346240 0.654165 0.883753 0.790776 0.608572 0.649008 0.681815 0.724238 0.976603 0.902189 0.737465 0.980492 0.815282 0.607182 0.673526 0.891049 0.925912 0.808998 0.860567 0.606513 0.893295 0.918857 0.744395 0.886460 0.846777 0.838085 0.994998 0.747917 0.660127 0.937816 0.876275 0.934974 0.965775 0.743471 0.587033 0.607624 0.651291 0.261766 0.282368 0.551349 0.500570 0.969761 0.826281 0.545781 0.526404 0.761034 0.964813 0.817843 0.961860 0.355995 0.469541 0.720377 0.709367 0.713355 0.644585 0.966624 0.822604 0.835941 0.754468 0.645549 0.518943 0.379608 0.367061 0.545439 0.360637 0.443854 0.438688 0.878093 0.649081 0.783565 0.404934 0.645175 0.653319 0.856120 0.672048 0.993239 0.943173 0.936237 0.935897 0.902463 0.868174 0.829490 0.729389 0.964094 0.755863 0.881043 0.736332 0.969112 0.875435 0.813809 0.670179 0.950161 0.858820 0.901626 0.823248 0.930266 0.762345
0.289697 0.000000 0.687643 0.507521 0.749310 0.886531 0.984367 0.807819 0.664668 0.716070 0.623143 0.485897 0.668123 0.525870 0.806920 0.838401 0.469562 0.415434 0.489841 0.374667 0.728873 0.937552 0.802541 0.661029 0.623456 0.590548 0.702092 0.993884 0.863326 0.757713 0.852266 0.825782 0.632464 0.600528 0.848947 0.955227 0.736486 0.808041 0.538300 0.949555 0.982059 0.693135 0.965760 0.775091 0.837343 0.983440 0.709794 0.655795 0.938574 0.863942 0.977948 0.908580 0.797060 0.646162 0.683380 0.666292 0.260251 0.233991 0.546071 0.531433 0.983452 0.917673 0.644134 0.563753 0.687303 0.960265 0.849716 0.969485 0.360044 0.425551 0.886890 0.793654 0.790971 0.680474 0.959646 0.829050 0.730512 0.779419 0.589761 0.524703 0.386313 0.428915 0.625775 0.419317 0.564663 0.531629 0.932301 0.784157 0.814581 0.449061 0.663657 0.709049 0.876234 0.717717 0.950504 0.975429 0.877650 0.910584 0.912622 0.910453 0.733387 0.725484 0.982080 0.805157 0.942198 0.756136 0.856093 0.977820 0.914294 0.673414 0.939914 0.921827 0.961038 0.823411 0.938966 0.755000
0.776423 0.687643 0.000000 0.434875 0.865877 0.883444 0.854744 0.746959 0.825628 0.847240 0.995447 0.791499 0.576980 0.799093 0.621002 0.578243 0.939600 0.994993 0.767956 0.764081 0.696824 0.954640 0.650799 0.666494 0.468944 0.493252 0.706737 0.940081 0.937109 0.971828 0.638685 0.645898 0.892713 0.840343 0.743836 0.835089 0.592050 0.815684 0.771438 0.797539 0.889492 0.773275 0.833092 0.845885 0.798646 0.872858 0.869638 0.929724 0.829013 0.913532 0.872930 0.973385 0.763066 0.786315 0.861764 0.976619 0.757166 0.738871 0.895960 0.778514 0.883900 0.729895 0.844731 0.933665 0.410598 0.567774 0.980072 0.986778 0.672643 0.783027 0.799878 0.822672 0.856558 0.923211 0.910375 0.937847 0.673078 0.886883 0.922042 0.769962 0.970934 0.828209 0.947092 0.867447 0.887929 0.698240 0.866300 0.813431 0.781473 0.776851 0.827371 0.925462 0.914714 0.879508 0.921804 0.839904 0.756667 0.837963 0.978457 0.894697 0.616505 0.992392 0.832669 0.873781 0.927925 0.818247 0.740228 0.975845 0.886294 0.890038 0.999101 0.873949 0.961083 0.903036 0.652892 0.960810
0.609295 0.507521 0.434875 0.000000 0.882145 0.975776 0.883438 0.540728 0.968868 0.869608 0.829996 0.543890 0.685168 0.599097 0.729665 0.562629 0.828215 0.735348 0.679499 0.676624 0.635311 0.903453 0.728218 0.498216 0.467833 0.466449 0.646021 0.961770 0.935583 0.877676 0.747509 0.707013 0.803413 0.770276 0.814714 0.887952 0.542941 0.706362 0.566832 0.829231 0.919329 0.672200 0.980801 0.866275 0.701606 0.821399 0.953137 0.956297 0.784381 0.896464 0.801923 0.897348 0.708126 0.672866 0.890930 0.925503 0.533854 0.506391 0.866886 0.763290 0.951109 0.754419 0.966423 0.809007 0.492463 0.616830 0.997382 0.944961 0.532685 0.630380 0.924954 0.951880 0.966456 0.971575 0.946606 0.991143 0.711583 0.959184 0.777866 0.835003 0.878262 0.803332 0.820536 0.748282 0.882572 0.603333 0.947496 0.929199 0.800656 0.623147 0.675979 0.664440 0.861261 0.755550 0.907927 0.819576 0.921535 0.830966 0.868455 0.975214 0.630561 0.759871 0.803654 0.979251 0.831336 0.754762 0.806979 0.955815 0.989209 0.820161 0.989182 0.785422 0.951679 0.833050 0.758351 0.852328
0.774676 0.749310 0.865877 0.882145 0.000000 0.922601 0.716108 0.869630 0.848715 0.751578 0.969998 0.932304 0.862335 0.991347 0.904260 0.895689 0.879743 0.926333 0.974777 0.818368 0.876901 0.917683 0.778581 0.967155 0.837864 0.807545 0.877968 0.963972 0.836803 0.942235 0.821639 0.989381 0.954736 0.884040 0.952834 0.760778 0.912844 0.874271 0.892961 0.930660 0.911937 0.764181 0.857011 0.852598 0.745978 0.797310 0.984062 0.961977 0.853684 0.862652 0.838085 0.876647 0.722123 0.685512 0.893440 0.964982 0.635750 0.718323 0.989805 0.857029 0.737825 0.787380 0.911852 0.968399 0.990878 0.895808 0.810078 0.678877 0.729280 0.665199 0.715211 0.741254 0.767084 0.720742 0.887815 0.928230 0.919151 0.730721 0.845958 0.900603 0.777450 0.761716 0.983110 0.848923 0.980734 0.953471 0.956248 0.974106 0.869041 0.932578 0.775098 0.801868 0.932953 0.812423 0.917431 0.906242 0.947444 0.945449 0.835083 0.650839 0.694335 0.645219 0.754328 0.940208 0.756983 0.783658 0.990502 0.974993 0.898349 0.976070 0.786989 0.827465 0.921790 0.925520 0.799214 0.823410
0.846229 0.886531 0.883444 0.975776 0.922601 0.000000 0.829549 0.831556 0.671124 0.795303 0.874868 0.970045 0.985110 0.826865 0.860053 0.841292 0.807415 0.793845 0.832522 0.869899 0.928342 0.841237 0.989010 0.899707 0.983924 0.895565 0.926772 0.725778 0.955045 0.995731 0.818494 0.939941 0.931330 0.987892 0.914758 0.951384 0.892882 0.916090 0.949730 0.808874 0.728274 0.790178 0.785196 0.835681 0.988662 0.970018 0.948213 0.939449 0.959000 0.923012 0.979651 0.983152 0.901595 0.947410 0.995082 0.847690 0.794778 0.830045 0.906822 0.993718 0.897470 0.708376 0.822769 0.915349 0.971532 0.811510 0.927060 0.999737 0.871442 0.936847 0.720680 0.655413 0.672382 0.793686 0.904858 0.772431 0.869395 0.715852 0.982213 0.937250 0.815143 0.823286 0.805845 0.772018 0.783380 0.798152 0.685422 0.912167 0.986479 0.791007 0.840905 0.865936 0.935205 0.790363 0.946951 0.980171 0.815912 0.958623 0.904682 0.871566 0.916672 0.901607 0.893667 0.924142 0.875324 0.889209 0.936502 0.781816 0.894849 0.818357 0.908597 0.985229 0.917844 0.899206 0.844184 0.765701
0.944651 0.984367 0.854744 0.883438 0.716108 0.829549 0.000000 0.327770 0.725742 0.417586 0.976439 0.754017 0.721506 0.971887 0.790183 0.936349 0.903137 0.951479 0.759286 0.949069 0.863362 0.913888 0.689738 0.805808 0.657906 0.839487 0.844644 0.747725 0.637110 0.781897 0.613577 0.921249 0.610202 0.515529 0.765273 0.869473 0.895509 0.821130 0.845767 0.874662 0.790345 0.997570 0.425780 0.443347 0.416712 0.444070 0.665393 0.647248 0.482630 0.439930 0.428040 0.456687 0.453438 0.468424 0.753028 0.710416 0.935506 0.964934 0.606579 0.785297 0.306955 0.432546 0.616763 0.563081 0.985621 0.997832 0.414119 0.417178 0.821106 0.880736 0.484697 0.566270 0.761056 0.668525 0.865433 0.713949 0.547027 0.770477 0.732865 0.861262 0.999147 0.763677 0.988079 0.774693 0.986708 0.789308 0.994759 0.801590 0.926328 0.959326 0.485932 0.507212 0.553923 0.712727 0.619302 0.802123 0.649792 0.795465 0.373174 0.361751 0.664750 0.592462 0.633131 0.723419 0.664644 0.722829 0.720282 0.692896 0.801010 0.819243 0.597514 0.559074 0.444411 0.689122 0.589516 0.844762
0.918758 0.807819 0.746959 0.540728 0.869630 0.831556 0.327770 0.000000 0.809942 0.544332 0.997760 0.610676 0.707244 0.807876 0.805609 0.714553 0.872906 0.869987 0.759013 0.963680 0.981997 0.835349 0.732522 0.934273 0.919238 0.938562 0.982747 0.851074 0.800982 0.837898 0.646506 0.893845 0.671902 0.558317 0.796836 0.929810 0.929399 0.952904 0.905135 0.951826 0.749923 0.858872 0.605476 0.551157 0.693251 0.682923 0.800199 0.786003 0.733624 0.653837 0.658067 0.661507 0.670095 0.705228 0.878283 0.819062 0.863543 0.785474 0.656193 0.775230 0.420942 0.396144 0.706935 0.565952 0.830458 0.781013 0.564828 0.581612 0.972904 0.903810 0.569143 0.643048 0.850568 0.789433 0.896955 0.829080 0.588111 0.809471 0.708379 0.882561 0.989701 0.840294 0.946232 0.869124 0.949889 0.968023 0.924527 0.750071 0.802473 0.935664 0.742154 0.827489 0.715488 0.901619 0.713205 0.879292 0.728349 0.795346 0.621348 0.554586 0.895150 0.860141 0.856233 0.789010 0.686044 0.799201 0.702272 0.730845 0.871357 0.795285 0.686246 0.812652 0.549438 0.672222 0.628603 0.972044
0.530112 0.664668 0.825628 0.968868 0.848715 0.671124 0.725742 0.809942 0.000000 0.590440 0.659999 0.733224 0.949253 0.545817 0.784847 0.862245 0.510383 0.490142 0.755184 0.613407 0.955957 0.788802 0.912714 0.729455 0.884846 0.960447 0.801941 0.987693 0.990225 0.801115 0.728057 0.971161 0.929428 0.909993 0.834655 0.819357 0.949503 0.901386 0.803728 0.918775 0.854723 0.969804 0.709952 0.930194 0.858823 0.965949 0.933167 0.853473 0.977086 0.969897 0.910973 0.943203 0.780324 0.743001 0.721484 0.713760 0.566574 0.591473 0.762033 0.824282 0.793771 0.648342 0.681238 0.701109 0.857213 0.835149 0.947527 0.939930 0.661834 0.586406 0.522971 0.551685 0.672834 0.687549 0.921715 0.821094 0.862339 0.605184 0.853024 0.821726 0.551603 0.567399 0.620627 0.504442 0.666311 0.589233 0.707123 0.575135 0.842839 0.580071 0.639017 0.686591 0.824796 0.722815 0.974391 0.822890 0.906967 0.877651 0.773885 0.709741 0.966273 0.794945 0.991583 0.777033 0.937906 0.983057 0.778234 0.820863 0.847930 0.846854 0.947480 0.999902 0.717319 0.879955 0.730746 0.699642
0.615775 0.716070 0.847240 0.869608 0.751578 0.795303 0.417586 0.544332 0.590440 0.000000 0.804313 0.940851 0.922530 0.710566 0.927187 0.993331 0.882868 0.743904 0.915658 0.656899 0.761862 0.874650 0.903786 0.614321 0.507812 0.669569 0.675322 0.826122 0.722836 0.954571 0.637322 0.916055 0.789772 0.736806 0.912528 0.961970 0.727984 0.732157 0.720525 0.835742 0.874713 0.960701 0.494932 0.587435 0.418840 0.479485 0.775800 0.839061 0.519070 0.558370 0.468130 0.524435 0.414894 0.428782 0.984712 0.948573 0.679702 0.727800 0.866896 0.915506 0.500638 0.527154 0.846010 0.792488 0.772048 0.794644 0.663380 0.621028 0.546260 0.648839 0.511213 0.570441 0.764683 0.647538 0.915964 0.689498 0.688312 0.703886 0.922654 0.887374 0.729031 0.426581 0.746972 0.485525 0.646447 0.471000 0.800860 0.563503 0.839459 0.623532 0.542741 0.574057 0.726558 0.769046 0.800154 0.940571 0.811021 0.911611 0.476524 0.527496 0.673533 0.682520 0.690991 0.869950 0.829297 0.941308 0.875844 0.780142 0.766469 0.971755 0.712481 0.647505 0.497386 0.846584 0.786002 0.772230
0.491917 0.623143 0.995447 0.829996 0.969998 0.874868 0.976439 0.997760 0.659999 0.804313 0.000000 0.571102 0.682033 0.564232 0.986105 0.969594 0.579947 0.466461 0.735020 0.526138 0.768815 0.979830 0.947413 0.879413 0.909256 0.894003 0.867308 0.969053 0.865046 0.721677 0.964785 0.952639 0.784760 0.820324 0.939804 0.947186 0.936892 0.939753 0.801792 0.984580 0.813440 0.890691 0.780429 0.989214 0.831546 0.928470 0.999014 0.898933 0.999486 0.985822 0.829587 0.849074 0.730024 0.659603 0.759616 0.824703 0.601176 0.579773 0.889920 0.871863 0.955844 0.851852 0.622518 0.610026 0.973437 0.924703 0.967761 0.929530 0.558903 0.705469 0.763383 0.866184 0.914958 0.907712 0.999926 0.924327 0.998234 0.984441 0.836479 0.748098 0.591834 0.596749 0.636377 0.553869 0.705313 0.742612 0.824661 0.775504 0.915436 0.700471 0.805265 0.740954 0.872233 0.859592 0.983225 0.918157 0.953016 0.991041 0.751973 0.809757 0.957753 0.923536 0.950990 0.882812 0.862065 0.751675 0.939626 0.918591 0.852928 0.814999 0.935243 0.906760 0.874918 0.952282 0.953923 0.851795
0.418266 0.485897 0.791499 0.543890 0.932304 0.970045 0.754017 0.610676 0.733224 0.940851 0.571102 0.000000 0.472378 0.400896 0.638387 0.639166 0.500570 0.379312 0.436959 0.429107 0.726741 0.884798 0.563997 0.621453 0.819446 0.822593 0.745043 0.900018 0.649819 0.543970 0.740942 0.687668 0.545732 0.515547 0.892551 0.954452 0.788879 0.820809 0.716369 0.942166 0.992829 0.870208 0.937400 0.684035 0.967701 0.833321 0.690965 0.626622 0.823308 0.793168 0.933205 0.874824 0.904821 0.789967 0.582183 0.640679 0.494160 0.466175 0.616987 0.672148 0.692753 0.809104 0.469572 0.402987 0.757199 0.853149 0.720859 0.766420 0.533530 0.692508 0.984751 0.992019 0.963051 0.983003 0.881299 0.958282 0.736084 0.976997 0.600713 0.598126 0.527831 0.601299 0.531838 0.561071 0.549413 0.586346 0.906661 0.791644 0.746105 0.559547 0.782644 0.691455 0.850026 0.668972 0.837146 0.890592 0.936396 0.954322 0.996597 0.954122 0.942072 0.848849 0.932475 0.720688 0.683072 0.632991 0.998596 0.988590 0.987763 0.646075 0.903142 0.993156 0.899010 0.792785 0.727337 0.826990
0.576812 0.668123 0.576980 0.685168 0.862335 0.985110 0.721506 0.707244 0.949253 0.922530 0.682033 0.472378 0.000000 0.543264 0.514266 0.595688 0.809789 0.652442 0.542190 0.619083 0.745469 0.897689 0.497717 0.645844 0.744587 0.771334 0.827186 0.772585 0.786787 0.721619 0.680830 0.668948 0.630689 0.614138 0.696171 0.956035 0.912690 0.982028 0.797405 0.950983 0.814553 0.995596 0.828389 0.710956 0.904460 0.811789 0.671992 0.633494 0.840511 0.765276 0.868875 0.782132 0.997612 0.946699 0.669902 0.731043 0.685430 0.668042 0.605932 0.582897 0.550933 0.718156 0.652465 0.669113 0.574863 0.688779 0.656778 0.620728 0.713089 0.807541 0.923439 0.942722 0.981476 0.982333 0.971240 0.973580 0.771329 0.872022 0.785146 0.542507 0.737312 0.717864 0.757282 0.698820 0.547124 0.553065 0.834935 0.917558 0.680297 0.623188 0.870956 0.908976 0.922333 0.811386 0.876737 0.905057 0.720334 0.941529 0.866728 0.781879 0.907267 0.901041 0.827839 0.813654 0.720555 0.692468 0.988532 0.879998 0.945003 0.727562 0.780192 0.958721 0.831389 0.742213 0.615861 0.930139
0.454763 0.525870 0.799093 0.599097 0.991347 0.826865 0.971887 0.807876 0.545817 0.710566 0.564232 0.400896 0.543264 0.000000 0.692727 0.649260 0.526613 0.377936 0.486173 0.417442 0.754873 0.971525 0.660938 0.510929 0.703930 0.757093 0.792368 0.842755 0.772891 0.480972 0.878371 0.758147 0.625398 0.620142 0.849276 0.897170 0.737390 0.760336 0.613275 0.840596 0.949850 0.914852 0.906909 0.854423 0.905362 0.980500 0.828102 0.729908 0.986476 0.936447 0.928723 0.992106 0.743759 0.731368 0.618769 0.631738 0.511148 0.501845 0.767196 0.771179 0.859498 0.884935 0.594077 0.564319 0.726648 0.741633 0.839807 0.882590 0.564652 0.626191 0.834071 0.765217 0.968181 0.946315 0.982625 0.907932 0.887636 0.979462 0.756615 0.615246 0.506129 0.515945 0.442772 0.406120 0.539967 0.413943 0.755818 0.656774 0.586705 0.517447 0.599221 0.556797 0.717436 0.559984 0.908134 0.924392 0.994023 0.992339 0.796237 0.887331 0.755092 0.788209 0.865534 0.782862 0.864249 0.773957 0.962161 0.861924 0.956454 0.836352 0.993263 0.966379 0.886604 0.924265 0.894163 0.813085
0.826126 0.806920 0.621002 0.729665 0.904260 0.860053 0.790183 0.805609 0.784847 0.927187 0.986105 0.638387 0.514266 0.692727 0.000000 0.452941 0.930291 0.862298 0.604811 0.752100 0.738325 0.976519 0.407765 0.682236 0.809858 0.871176 0.883977 0.879633 0.625684 0.589461 0.475305 0.578417 0.609159 0.617843 0.682372 0.897173 0.758940 0.976970 0.851142 0.851604 0.915201 0.927735 0.678213 0.613510 0.838546 0.784217 0.630611 0.578802 0.827042 0.830562 0.842653 0.743670 0.974696 0.998841 0.734460 0.743485 0.874166 0.879175 0.839022 0.855485 0.630207 0.679703 0.811719 0.790434 0.588548 0.708789 0.790405 0.733016 0.913338 0.952513 0.745301 0.794406 0.768035 0.879455 0.971527 0.900649 0.693498 0.666266 0.772398 0.675255 0.822704 0.888938 0.788496 0.880005 0.673702 0.731222 0.978720 0.991325 0.830567 0.849612 0.869215 0.847777 0.723416 0.725107 0.884738 0.912256 0.938443 0.925416 0.864889 0.763325 0.775272 0.988388 0.934921 0.884464 0.822746 0.608568 0.900732 0.882860 0.862959 0.802714 0.927224 0.964587 0.914390 0.817413 0.507635 0.871548
0.901936 0.838401 0.578243 0.562629 0.895689 0.841292 0.936349 0.714553 0.862245 0.993331 0.969594 0.639166 0.595688 0.649260 0.452941 0.000000 0.993057 0.946359 0.784149 0.823718 0.752590 0.999531 0.533451 0.556250 0.654401 0.777978 0.880343 0.916613 0.849125 0.704873 0.593222 0.626231 0.859234 0.784635 0.863576 0.974737 0.666160 0.764139 0.663185 0.859517 0.752319 0.951500 0.911176 0.860082 0.880711 0.939537 0.898762 0.908135 0.847855 0.864355 0.889971 0.979467 0.846276 0.852699 0.977898 0.935772 0.902391 0.909225 0.966878 0.974184 0.756504 0.616019 0.938993 0.956720 0.499153 0.483358 0.995364 0.868930 0.923479 0.920409 0.775488 0.858054 0.737391 0.930970 0.981803 0.971839 0.889061 0.771175 0.916643 0.777320 0.991921 0.964860 0.767176 0.933681 0.887554 0.683814 0.941985 0.870742 0.804004 0.864133 0.660492 0.598349 0.608271 0.590005 0.992279 0.867521 0.914457 0.952647 0.848218 0.963858 0.641385 0.906823 0.769292 0.885685 0.947138 0.837522 0.935552 0.870448 0.867757 0.888959 0.902938 0.802785 0.972384 0.959083 0.674257 0.949939
0.436957 0.469562 0.939600 0.828215 0.879743 0.807415 0.903137 0.872906 0.510383 0.882868 0.579947 0.500570 0.809789 0.526613 0.930291 0.993057 0.000000 0.303535 0.551876 0.437959 0.834430 0.869026 0.890427 0.904006 0.967260 0.965844 0.882204 0.944130 0.587829 0.467187 0.926639 0.926978 0.522439 0.552088 0.985923 0.947043 0.835293 0.904920 0.799841 0.870362 0.883601 0.805914 0.998673 0.677506 0.887182 0.721045 0.670871 0.567138 0.664793 0.627761 0.789220 0.737758 0.985376 0.917381 0.599490 0.516833 0.427412 0.412285 0.618741 0.767792 0.902380 0.847676 0.398444 0.372268 0.897739 0.740882 0.715066 0.878035 0.575960 0.593537 0.844341 0.746151 0.826431 0.848019 0.882578 0.997918 0.816211 0.853463 0.558222 0.635073 0.346825 0.569607 0.529085 0.557656 0.599827 0.693886 0.884873 0.661000 0.924528 0.602052 0.836942 0.798863 0.897506 0.713063 0.866287 0.778428 0.994470 0.955307 0.977177 0.980325 0.990884 0.783269 0.862613 0.646320 0.829974 0.796891 0.958697 0.965774 0.958323 0.734869 0.973434 0.795138 0.961544 0.947500 0.949136 0.835321
0.329863 0.415434 0.994993 0.735348 0.926333 0.793845 0.951479 0.869987 0.490142 0.743904 0.466461 0.379312 0.652442 0.377936 0.862298 0.946359 0.303535 0.000000 0.461195 0.357647 0.839174 0.909149 0.819069 0.716622 0.921762 0.922536 0.841284 0.986059 0.673526 0.525425 0.978889 0.897131 0.549138 0.547147 0.969909 0.961475 0.851460 0.860431 0.692691 0.863437 0.911486 0.796055 0.905411 0.791633 0.999797 0.852694 0.766057 0.641228 0.792083 0.772222 0.959608 0.913191 0.859950 0.756749 0.585005 0.518629 0.375947 0.364241 0.609038 0.701782 0.911753 0.874913 0.398365 0.394029 0.944773 0.927886 0.763767 0.856744 0.468578 0.532650 0.774207 0.712971 0.839708 0.826372 0.898706 0.930895 0.941398 0.836921 0.567225 0.577350 0.310162 0.411932 0.492545 0.374216 0.476957 0.543656 0.771635 0.568385 0.833663 0.508268 0.747632 0.672829 0.840338 0.642154 0.855195 0.875538 0.995987 0.931330 0.907758 0.911983 0.903574 0.765662 0.945524 0.700629 0.809696 0.717196 0.949207 0.962195 0.834242 0.745383 0.990170 0.931331 0.951560 0.864972 0.991504 0.826511
0.486607 0.489841 0.767956 0.679499 0.974777 0.832522 0.759286 0.759013 0.755184 0.915658 0.735020 0.436959 0.542190 0.486173 0.604811 0.784149 0.551876 0.461195 0.000000 0.415834 0.773550 0.888012 0.424552 0.659768 0.835071 0.887086 0.773839 0.845864 0.615523 0.583080 0.628726 0.658033 0.426085 0.461442 0.795714 0.939126 0.796245 0.975564 0.728876 0.989183 0.922262 0.873346 0.668371 0.518807 0.773310 0.614190 0.462212 0.417837 0.627144 0.594853 0.743552 0.660543 0.968634 0.928016 0.574290 0.487068 0.531520 0.517239 0.498750 0.560883 0.670124 0.880114 0.478760 0.478064 0.690428 0.913546 0.582539 0.611793 0.627467 0.733850 0.968317 0.912453 0.921275 0.968044 0.912486 0.964616 0.740564 0.954702 0.584700 0.589723 0.508318 0.583169 0.555493 0.534584 0.399270 0.523826 0.780134 0.688326 0.765402 0.480307 0.866654 0.880815 0.911504 0.694712 0.730660 0.816410 0.880776 0.868184 0.813799 0.762802 0.907557 0.881344 0.859166 0.680369 0.719346 0.546329 0.905555 0.897017 0.965064 0.693474 0.856213 0.823821 0.853903 0.750526 0.766872 0.920745
0.346240 0.374667 0.764081 0.676624 0.818368 0.869899 0.949069 0.963680 0.613407 0.656899 0.526138 0.429107 0.619083 0.417442 0.752100 0.823718 0.437959 0.357647 0.415834 0.000000 0.709025 0.835694 0.667057 0.595260 0.681332 0.717026 0.637040 0.949973 0.740746 0.597076 0.829909 0.784723 0.617345 0.642681 0.928018 0.979007 0.709618 0.745304 0.618970 0.861377 0.889584 0.746411 0.973496 0.814280 0.863219 0.968803 0.717558 0.659288 0.936921 0.901749 0.906192 0.977805 0.697125 0.578975 0.617753 0.660049 0.383551 0.382991 0.692698 0.663281 0.989234 0.916824 0.606669 0.566898 0.703144 0.919906 0.876055 0.942907 0.389927 0.502432 0.793360 0.721102 0.980386 0.868650 0.905856 0.892652 0.833007 0.847507 0.660857 0.596949 0.399799 0.375130 0.532768 0.358287 0.444760 0.453800 0.916310 0.631916 0.816571 0.450448 0.639336 0.629380 0.748764 0.589400 0.922242 0.870014 0.998002 0.958400 0.834379 0.859230 0.728692 0.706884 0.948638 0.807618 0.846631 0.695325 0.976051 0.873845 0.995378 0.721988 0.999933 0.919428 0.881316 0.932972 0.978114 0.787991
0.654165 0.728873 0.696824 0.635311 0.876901 0.928342 0.863362 0.981997 0.955957 0.761862 0.768815 0.726741 0.745469 0.754873 0.738325 0.752590 0.834430 0.839174 0.773550 0.709025 0.000000 0.904473 0.739858 0.705285 0.589151 0.705766 0.803275 0.956868 0.934655 0.897216 0.857884 0.632592 0.815121 0.848885 0.986127 0.844934 0.778223 0.750683 0.703602 0.803898 0.906413 0.722430 0.933455 0.880133 0.824764 0.907785 0.878762 0.846189 0.890989 0.936239 0.862602 0.918958 0.791217 0.697194 0.833012 0.978414 0.656382 0.713764 0.984899 0.829054 0.948054 0.999544 0.909086 0.901370 0.650236 0.807788 0.940976 0.832624 0.617039 0.817662 0.859737 0.874030 0.912929 0.916679 0.908782 0.895863 0.868915 0.835964 0.936419 0.809264 0.837053 0.775683 0.720510 0.801762 0.764781 0.656251 0.880531 0.978624 0.835886 0.754709 0.725026 0.667520 0.798987 0.738519 0.995961 0.955084 0.998317 0.980516 0.891658 0.922481 0.739926 0.734382 0.884567 0.955518 0.939809 0.769964 0.952337 0.819908 0.910376 0.813359 0.875126 0.680307 0.829311 0.756357 0.719453 0.811222
0.883753 0.937552 0.954640 0.903453 0.917683 0.841237 0.913888 0.835349 0.788802 0.874650 0.979830 0.884798 0.897689 0.971525 0.976519 0.999531 0.869026 0.909149 0.888012 0.835694 0.904473 0.000000 0.864638 0.903492 0.872845 0.885382 0.908361 0.942381 0.811550 0.930297 0.985124 0.936354 0.984874 0.850253 0.888214 0.855449 0.980282 0.970401 0.996154 0.878741 0.857189 0.979416 0.966218 0.962783 0.954091 0.966539 0.806157 0.860870 0.978613 0.981615 0.965373 0.981012 0.907134 0.846113 0.896856 0.936749 0.958378 0.982203 0.971355 0.944155 0.907996 0.919476 0.996103 0.999552 0.921954 0.998288 0.958703 0.967752 0.860306 0.998527 0.994364 0.920002 0.977248 0.901920 0.969619 0.950429 0.947239 0.859445 0.955991 0.868421 0.859536 0.882314 0.894890 0.938659 0.920975 0.893553 0.945385 0.863301 0.956186 0.873508 0.864533 0.986322 0.911950 0.900237 0.954567 0.915048 0.983831 0.929550 0.995300 0.853711 0.999998 0.878743 0.929270 0.961936 0.979998 0.964371 0.993141 0.885054 0.970413 0.874001 0.974719 0.917621 0.870996 0.923178 0.957663 0.991654
0.790776 0.802541 0.650799 0.728218 0.778581 0.989010 0.689738 0.732522 0.912714 0.903786 0.947413 0.563997 0.497717 0.660938 0.407765 0.533451 0.890427 0.819069 0.424552 0.667057 0.739858 0.864638 0.000000 0.605865 0.783076 0.873335 0.842946 0.795299 0.618605 0.655676 0.421985 0.450732 0.562643 0.590888 0.783445 0.999510 0.836240 0.995868 0.831297 0.998162 0.851914 0.967921 0.592997 0.524735 0.749409 0.643330 0.468918 0.515259 0.719437 0.726271 0.796588 0.708413 0.944657 0.983735 0.679044 0.692266 0.894377 0.870637 0.710648 0.753280 0.589652 0.654435 0.751371 0.721218 0.519777 0.717516 0.625930 0.583046 0.853609 0.989885 0.724230 0.858570 0.731899 0.818181 0.961380 0.887938 0.656657 0.801514 0.790926 0.704003 0.866680 0.875146 0.678461 0.826235 0.521522 0.618849 0.968716 0.839626 0.816378 0.634537 0.875725 0.902496 0.823177 0.753044 0.770313 0.976843 0.893441 0.906002 0.778596 0.658810 0.932235 0.929391 0.876474 0.840395 0.760171 0.557421 0.981244 0.908250 0.920310 0.776292 0.855125 0.936642 0.792228 0.839136 0.504363 0.957081
0.608572 0.661029 0.666494 0.498216 0.967155 0.899707 0.805808 0.934273 0.729455 0.614321 0.879413 0.621453 0.645844 0.510929 0.682236 0.556250 0.904006 0.716622 0.659768 0.595260 0.705285 0.903492 0.605865 0.000000 0.429450 0.582834 0.643829 0.998637 0.934685 0.881496 0.896987 0.657951 0.892195 0.925577 0.868836 0.953139 0.714958 0.735138 0.580539 0.792807 0.925224 0.847726 0.808761 0.947197 0.655442 0.763300 0.946224 0.925161 0.720223 0.772710 0.683754 0.785068 0.559176 0.546560 0.903397 0.920347 0.656709 0.686553 0.891928 0.751891 0.905912 0.954095 0.999648 0.964671 0.492587 0.542951 0.999807 0.998496 0.605323 0.678380 0.820320 0.785431 0.872062 0.845243 0.986999 0.827185 0.973390 0.910553 0.939290 0.863418 0.859705 0.661738 0.667695 0.601333 0.612501 0.333577 0.904442 0.732942 0.706400 0.483202 0.495588 0.473115 0.631114 0.580025 0.998817 0.892847 0.899817 0.924519 0.716898 0.815914 0.582251 0.682182 0.752987 0.996411 0.952337 0.835764 0.801130 0.711180 0.936957 0.817345 0.978059 0.656911 0.796118 0.972332 0.854346 0.823175
0.649008 0.623456 0.468944 0.467833 0.837864 0.983924 0.657906 0.919238 0.884846 0.507812 0.909256 0.819446 0.744587 0.703930 0.809858 0.654401 0.967260 0.921762 0.835071 0.681332 0.589151 0.872845 0.783076 0.429450 0.000000 0.309683 0.534447 0.841538 0.703953 0.900687 0.870531 0.685435 0.917479 0.925924 0.924047 0.853378 0.625345 0.666030 0.523426 0.789479 0.945936 0.748732 0.789633 0.874842 0.457671 0.577064 0.984615 0.948639 0.532566 0.608217 0.531268 0.641137 0.462381 0.426618 0.968467 0.925295 0.659233 0.688671 0.940241 0.775155 0.692429 0.958014 0.703361 0.780882 0.386728 0.541457 0.746389 0.729406 0.512345 0.711380 0.857510 0.814077 0.940636 0.858613 0.899719 0.834575 0.921128 0.946121 0.963602 0.865356 0.969659 0.684833 0.854337 0.665674 0.801780 0.436264 0.944072 0.907009 0.769841 0.573892 0.452058 0.550148 0.659980 0.695740 0.863977 0.828377 0.989015 0.981880 0.632746 0.726224 0.514985 0.682853 0.707187 0.842308 0.949034 0.853628 0.958097 0.747351 0.947347 0.894798 0.886984 0.529970 0.741302 0.936271 0.889494 0.869177
0.681815 0.590548 0.493252 0.466449 0.807545 0.895565 0.839487 0.938562 0.960447 0.669569 0.894003 0.822593 0.771334 0.757093 0.871176 0.777978 0.965844 0.922536 0.887086 0.717026 0.705766 0.885382 0.873335 0.582834 0.309683 0.000000 0.616803 0.878607 0.747461 0.880656 0.851506 0.798098 0.951915 0.998486 0.907325 0.837711 0.668990 0.658378 0.554790 0.975701 0.970584 0.622209 0.917296 0.929648 0.549735 0.630592 0.985997 0.919050 0.634403 0.706463 0.629439 0.714880 0.596665 0.550687 0.922274 0.996133 0.691656 0.661238 0.951858 0.758836 0.780127 0.921258 0.758296 0.852720 0.473970 0.611612 0.781465 0.741064 0.520631 0.661851 0.959314 0.933625 0.986687 0.933616 0.889345 0.946881 0.813376 0.962399 0.937802 0.808434 0.932798 0.730770 0.989269 0.698923 0.889307 0.597790 0.919847 0.932112 0.743890 0.642964 0.637663 0.758370 0.884279 0.884154 0.915746 0.888712 0.825270 0.987027 0.827203 0.784639 0.624907 0.822951 0.768700 0.908733 0.887276 0.852361 0.878740 0.938552 0.997871 0.863415 0.986454 0.685488 0.924305 0.904197 0.899739 0.882776
0.724238 0.702092 0.706737 0.646021 0.877968 0.926772 0.844644 0.982747 0.801941 0.675322 0.867308 0.745043 0.827186 0.792368 0.883977 0.880343 0.882204 0.841284 0.773839 0.637040 0.803275 0.908361 0.842946 0.643829 0.534447 0.616803 0.000000 0.751423 0.910303 0.972264 0.908226 0.895899 0.962797 0.955194 0.994230 0.986066 0.611835 0.756820 0.735702 0.801007 0.910002 0.881911 0.925524 0.943530 0.712011 0.814311 0.912691 0.887422 0.823025 0.862243 0.744332 0.842633 0.672817 0.649156 0.843099 0.919533 0.710288 0.714024 0.957142 0.787490 0.849375 0.947110 0.948239 0.950663 0.704743 0.783905 0.932529 0.872970 0.692321 0.724314 0.895124 0.928281 0.951227 0.971857 0.902091 0.933182 0.883675 0.987098 0.975734 0.987639 0.957323 0.745758 0.848024 0.654700 0.837162 0.601205 0.922250 0.845250 0.818202 0.599313 0.698231 0.796023 0.794070 0.879127 0.970516 0.891644 0.946711 0.879891 0.822020 0.884704 0.767334 0.800223 0.984172 0.969560 0.846595 0.819790 0.952976 0.855095 0.916739 0.800677 0.915946 0.785879 0.923419 0.880404 0.937261 0.930028
0.976603 0.993884 0.940081 0.961770 0.963972 0.725778 0.747725 0.851074 0.987693 0.826122 0.969053 0.900018 0.772585 0.842755 0.879633 0.916613 0.944130 0.986059 0.845864 0.949973 0.956868 0.942381 0.795299 0.998637 0.841538 0.878607 0.751423 0.000000 0.893130 0.907337 0.855759 0.877468 0.725564 0.815782 0.860205 0.992589 0.829537 0.778095 0.886458 0.732324 0.907856 0.753919 0.860272 0.878943 0.760008 0.740877 0.778059 0.806894 0.758830 0.706154 0.717731 0.703728 0.839817 0.814319 0.826855 0.826138 0.981830 0.998447 0.708267 0.807437 0.659371 0.861880 0.757991 0.860856 0.980920 0.939179 0.675471 0.710207 0.938720 0.825638 0.974718 0.981897 0.926757 0.900712 0.957769 0.945001 0.864961 0.994794 0.981589 0.833880 0.915824 0.947235 0.846756 0.975652 0.874280 0.997693 0.860213 0.906247 0.974422 0.962769 0.905371 0.903741 0.830200 0.943107 0.955768 0.984694 0.915247 0.988253 0.784033 0.792886 0.946877 0.847048 0.959883 0.972282 0.986227 0.965867 0.974486 0.985909 0.880518 0.963755 0.950768 0.863473 0.851734 0.988135 0.975322 0.944476
0.902189 0.863326 0.937109 0.935583 0.836803 0.955045 0.637110 0.800982 0.990225 0.722836 0.865046 0.649819 0.786787 0.772891 0.625684 0.849125 0.587829 0.673526 0.615523 0.740746 0.934655 0.811550 0.618605 0.934685 0.703953 0.747461 0.910303 0.893130 0.000000 0.360525 0.643324 0.753903 0.499435 0.416838 0.907522 0.923766 0.958503 0.947022 0.977532 0.995224 0.988752 0.996447 0.615216 0.486262 0.541689 0.483018 0.567731 0.483766 0.476204 0.523349 0.523948 0.539510 0.670117 0.688151 0.677370 0.632890 0.891680 0.886489 0.776342 0.992282 0.604409 0.775431 0.505684 0.485827 0.900762 0.837760 0.655237 0.649023 0.995144 0.997696 0.741414 0.887199 0.776811 0.747120 0.880649 0.857425 0.746936 0.779304 0.632279 0.750627 0.656834 0.985499 0.674564 0.975637 0.809267 0.965478 0.950018 0.915846 0.939302 0.958564 0.897146 0.930806 0.930228 0.863662 0.787639 0.815894 0.952491 0.945079 0.718521 0.712518 0.821175 0.897004 0.722723 0.778202 0.714585 0.618273 0.873408 0.909144 0.894007 0.801901 0.941667 0.642542 0.716805 0.760421 0.791499 0.934308
0.737465 0.757713 0.971828 0.877676 0.942235 0.995731 0.781897 0.837898 0.801115 0.954571 0.721677 0.543970 0.721619 0.480972 0.589461 0.704873 0.467187 0.525425 0.583080 0.597076 0.897216 0.930297 0.655676 0.881496 0.900687 0.880656 0.972264 0.907337 0.360525 0.000000 0.718829 0.766304 0.504407 0.481375 0.911849 0.861464 0.767255 0.857216 0.879580 0.872523 0.981911 0.945828 0.864612 0.622568 0.794635 0.694310 0.679157 0.588011 0.688688 0.698787 0.754884 0.711392 0.930739 0.907587 0.615178 0.588756 0.763970 0.741389 0.833488 0.984500 0.704209 0.817440 0.537542 0.475598 0.961277 0.977850 0.774371 0.798185 0.836914 0.869627 0.943975 0.975935 0.822186 0.814574 0.909960 0.889746 0.785688 0.851912 0.629937 0.653516 0.557142 0.825046 0.569591 0.729061 0.769982 0.825941 0.897791 0.789467 0.883259 0.824674 0.850004 0.823134 0.767674 0.693496 0.866485 0.861674 0.975250 0.943771 0.976803 0.916732 0.985073 0.927703 0.926282 0.808163 0.758803 0.670184 0.924418 0.996964 0.966698 0.814233 0.911931 0.763337 0.913579 0.906903 0.854938 0.941665
0.980492 0.852266 0.638685 0.747509 0.821639 0.818494 0.613577 0.646506 0.728057 0.637322 0.964785 0.740942 0.680830 0.878371 0.475305 0.593222 0.926639 0.978889 0.628726 0.829909 0.857884 0.985124 0.421985 0.896987 0.870531 0.851506 0.908226 0.855759 0.643324 0.718829 0.000000 0.541619 0.540845 0.534988 0.777105 0.976442 0.828340 0.970564 0.888772 0.998182 0.839083 0.899082 0.470436 0.445888 0.705757 0.611616 0.498023 0.522968 0.693600 0.688188 0.666733 0.616462 0.783650 0.827763 0.752415 0.752738 0.974198 0.934213 0.771603 0.831237 0.582611 0.542253 0.852203 0.763457 0.647446 0.827512 0.686607 0.617187 0.980025 0.924130 0.591181 0.702621 0.699285 0.747445 0.995212 0.755315 0.551753 0.641740 0.709686 0.797641 0.970167 0.870979 0.890155 0.937693 0.859143 0.904574 0.812582 0.865375 0.875505 0.887210 0.975918 0.920953 0.924815 0.889199 0.754460 0.906219 0.764939 0.951150 0.659881 0.589911 0.962673 0.881934 0.814994 0.931674 0.833757 0.653582 0.741941 0.900346 0.782557 0.869033 0.780398 0.802044 0.699667 0.855440 0.548243 0.803817
0.815282 0.825782 0.645898 0.707013 0.989381 0.939941 0.921249 0.893845 0.971161 0.916055 0.952639 0.687668 0.668948 0.758147 0.578417 0.626231 0.926978 0.897131 0.658033 0.784723 0.632592 0.936354 0.450732 0.657951 0.685435 0.798098 0.895899 0.877468 0.753903 0.766304 0.541619 0.000000 0.614838 0.722247 0.929614 0.865774 0.901079 0.888093 0.836724 0.885810 0.893031 0.860896 0.801931 0.667809 0.908943 0.791835 0.542475 0.659699 0.829648 0.873019 0.882457 0.812912 0.941385 0.896143 0.765285 0.762919 0.800903 0.839490 0.807565 0.804343 0.820697 0.782351 0.876916 0.856748 0.656070 0.847749 0.869309 0.839214 0.779634 0.961602 0.931177 0.895985 0.908572 0.912216 0.938089 0.988754 0.734762 0.837978 0.811277 0.764582 0.883586 0.952684 0.715593 0.891193 0.770985 0.739594 0.813373 0.960685 0.920724 0.738883 0.747451 0.749583 0.724330 0.701435 0.931634 0.935157 0.882363 0.903086 0.931545 0.901984 0.826020 0.912952 0.959045 0.912834 0.936778 0.659965 0.915612 0.885861 0.979752 0.850817 0.990946 0.917335 0.853059 0.876408 0.665116 0.999816
0.607182 0.632464 0.892713 0.803413 0.954736 0.931330 0.610202 0.671902 0.929428 0.789772 0.784760 0.545732 0.630689 0.625398 0.609159 0.859234 0.522439 0.549138 0.426085 0.617345 0.815121 0.984874 0.562643 0.892195 0.917479 0.951915 0.962797 0.725564 0.499435 0.504407 0.540845 0.614838 0.000000 0.372107 0.748709 0.979823 0.985297 0.944005 0.899485 0.983509 0.904819 0.847517 0.663269 0.450242 0.592338 0.462925 0.461064 0.400178 0.470623 0.446704 0.504770 0.461769 0.714288 0.800447 0.593763 0.458529 0.611037 0.606267 0.505930 0.668993 0.514720 0.786952 0.388188 0.417150 0.910574 0.903356 0.495374 0.582028 0.787713 0.854896 0.904325 0.980677 0.973847 0.965999 0.898925 0.977693 0.687355 0.880422 0.522490 0.600350 0.553080 0.816641 0.608053 0.735668 0.630233 0.794462 0.952203 0.855967 0.879493 0.707682 0.994393 0.967787 0.985684 0.794667 0.768851 0.862309 0.842355 0.903426 0.641727 0.661760 0.968013 0.942133 0.756768 0.653651 0.743472 0.630258 0.950294 0.939118 0.986498 0.788949 0.803234 0.755307 0.737052 0.654760 0.722183 0.924233
0.673526 0.600528 0.840343 0.770276 0.884040 0.987892 0.515529 0.558317 0.909993 0.736806 0.820324 0.515547 0.614138 0.620142 0.617843 0.784635 0.552088 0.547147 0.461442 0.642681 0.848885 0.850253 0.590888 0.925577 0.925924 0.998486 0.955194 0.815782 0.416838 0.481375 0.534988 0.722247 0.372107 0.000000 0.816647 0.822444 0.875432 0.977727 0.821527 0.999064 0.850208 0.826154 0.537480 0.354217 0.573427 0.472563 0.463755 0.367706 0.488351 0.484218 0.518063 0.475905 0.683117 0.759335 0.558767 0.483792 0.679675 0.646658 0.484028 0.690470 0.474935 0.640319 0.438277 0.393818 0.862876 0.995672 0.490405 0.531414 0.855357 0.847033 0.789725 0.892672 0.904595 0.845398 0.914882 0.864127 0.587276 0.762128 0.498505 0.598830 0.617732 0.920292 0.672629 0.804428 0.769923 0.839405 0.953562 0.975565 0.807372 0.751115 0.975548 0.943576 0.972748 0.811451 0.731896 0.764999 0.799131 0.805065 0.611192 0.586388 0.950063 0.918111 0.724232 0.687965 0.746765 0.573007 0.749958 0.946641 0.937615 0.722690 0.821244 0.712011 0.737974 0.659270 0.630480 0.922032
0.891049 0.848947 0.743836 0.814714 0.952834 0.914758 0.765273 0.796836 0.834655 0.912528 0.939804 0.892551 0.696171 0.849276 0.682372 0.863576 0.985923 0.969909 0.795714 0.928018 0.986127 0.888214 0.783445 0.868836 0.924047 0.907325 0.994230 0.860205 0.907522 0.911849 0.777105 0.929614 0.748709 0.816647 0.000000 0.950829 0.947141 0.791804 0.971098 0.818914 0.755215 0.966502 0.732489 0.772775 0.816882 0.810286 0.779403 0.756414 0.863079 0.762931 0.766451 0.750436 0.845117 0.880483 0.841555 0.770216 0.877654 0.878439 0.750505 0.747397 0.699558 0.745964 0.856317 0.899186 0.799164 0.900866 0.732194 0.785718 0.976962 0.945985 0.796716 0.988590 0.962852 0.936130 0.890770 0.945662 0.621276 0.937273 0.870734 0.864668 0.942771 0.980872 0.963191 0.958125 0.860724 0.878065 0.857214 0.947662 0.904919 0.824996 0.996336 0.930656 0.942594 0.864069 0.957799 0.896530 0.853827 0.976525 0.779503 0.766691 0.818925 0.977395 0.911774 0.854480 0.870363 0.958823 0.914370 0.940510 0.995735 0.935877 0.880866 0.846195 0.750126 0.864010 0.748932 0.988144
0.925912 0.955227 0.835089 0.887952 0.760778 0.951384 0.869473 0.929810 0.819357 0.961970 0.947186 0.954452 0.956035 0.897170 0.897173 0.974737 0.947043 0.961475 0.939126 0.979007 0.844934 0.855449 0.999510 0.953139 0.853378 0.837711 0.986066 0.992589 0.923766 0.861464 0.976442 0.865774 0.979823 0.822444 0.950829 0.000000 0.950057 0.981998 0.944940 0.930677 0.726113 0.929346 0.929109 0.897717 0.792349 0.847447 0.929158 0.821979 0.877094 0.848148 0.802383 0.841090 0.769132 0.744650 0.885949 0.819517 0.880618 0.950501 0.842683 0.978111 0.849599 0.930559 0.862177 0.891953 0.866417 0.993142 0.792674 0.737408 0.807495 0.971105 0.982376 0.974899 0.971866 0.961975 0.844874 0.959304 0.981687 0.964841 0.981201 0.976908 0.969285 0.897699 0.932394 0.969105 0.992705 0.941057 0.834970 0.857544 0.970469 0.884338 0.878655 0.851916 0.853922 0.985313 0.973685 0.842712 0.936535 0.754451 0.867487 0.762192 0.815363 0.914711 0.842981 0.760532 0.960484 0.950904 0.938778 0.958591 0.930117 0.950773 0.889594 0.734507 0.989845 0.974774 0.978338 0.879615
0.808998 0.736486 0.592050 0.542941 0.912844 0.892882 0.895509 0.929399 0.949503 0.727984 0.936892 0.788879 0.912690 0.737390 0.758940 0.666160 0.835293 0.851460 0.796245 0.709618 0.778223 0.980282 0.836240 0.714958 0.625345 0.668990 0.611835 0.829537 0.958503 0.767255 0.828340 0.901079 0.985297 0.875432 0.947141 0.950057 0.000000 0.686936 0.639073 0.762762 0.957151 0.848419 0.970481 0.949131 0.705415 0.782681 0.997828 0.944141 0.749252 0.789768 0.734994 0.836715 0.697517 0.717906 0.840615 0.982006 0.788362 0.781611 0.866613 0.930515 0.859123 0.962784 0.861337 0.992957 0.617053 0.691223 0.795416 0.839624 0.704841 0.806913 0.945473 0.907353 0.827587 0.970792 0.904976 0.891717 0.884078 0.954482 0.874066 0.920867 0.893023 0.839267 0.847543 0.789855 0.904450 0.686671 0.959005 0.930866 0.796793 0.790408 0.694687 0.718420 0.674584 0.747998 0.978638 0.865733 0.929626 0.931946 0.773560 0.900754 0.674762 0.792328 0.834244 0.999785 0.831540 0.802233 0.853809 0.963946 0.844111 0.976975 0.751900 0.892102 0.858001 0.974717 0.855240 0.910890
0.860567 0.808041 0.815684 0.706362 0.874271 0.916090 0.821130 0.952904 0.901386 0.732157 0.939753 0.820809 0.982028 0.760336 0.976970 0.764139 0.904920 0.860431 0.975564 0.745304 0.750683 0.970401 0.995868 0.735138 0.666030 0.658378 0.756820 0.778095 0.947022 0.857216 0.970564 0.888093 0.944005 0.977727 0.791804 0.981998 0.686936 0.000000 0.697297 0.945716 0.862160 0.670247 0.809310 0.895896 0.659859 0.675743 0.813875 0.794074 0.705834 0.663598 0.697080 0.662792 0.717256 0.707240 0.941764 0.894927 0.792159 0.801750 0.730403 0.863594 0.769345 0.924894 0.869407 0.992129 0.757422 0.700588 0.674251 0.700394 0.657088 0.691872 0.918084 0.869414 0.839089 0.921126 0.906783 0.840577 0.948967 0.886960 0.832343 0.936771 0.910748 0.760639 0.763602 0.811178 0.979850 0.798123 0.806289 0.951816 0.768566 0.842004 0.726488 0.647609 0.773796 0.791453 0.893723 0.950238 0.851006 0.930241 0.714775 0.732230 0.771223 0.762218 0.726335 0.947814 0.995044 0.911190 0.962058 0.877077 0.901880 0.935723 0.780394 0.670210 0.759741 0.916130 0.915828 0.791607
