0.000000 0.460410 0.804704 0.552057 0.925920 0.768930 0.678525 0.573202 0.922764 0.680276 0.516576 0.615179 0.932317 0.940744 0.944408 0.956218 0.469720 0.338305 0.506944 0.466798 0.931875 0.940315 0.917921 0.838601 0.912187 0.992563 0.933664 0.994151 0.673514 0.694104 0.842389 0.910918 0.485530 0.520750 0.762342 0.996081 0.592362 0.719684 0.901092 0.980760 0.721437 0.690749 0.943392 0.916529 0.899797 0.773367 0.616136 0.645182 0.765365 0.666549 0.799812 0.721979 0.821096 0.869062 0.573765 0.549437 0.381825 0.394613 0.364790 0.418970 0.627599 0.630258 0.467183 0.404382 0.894385 0.890571 0.680256 0.750829 0.579054 0.563080 0.825967 0.863170 0.855152 0.884165 0.965316 0.939305 0.966669 0.746163 0.815068 0.915783 0.409291 0.373210 0.753196 0.441194 0.640314 0.843019 0.993717 0.948857 0.789868 0.429997 0.779567 0.937686 0.870198 0.901159 0.719594 0.874408 0.637782 0.850203 0.652845 0.626127 0.869146 0.957250 0.451021 0.679504 0.711425 0.606185 0.940331 0.846357 0.990899 0.825292 0.963512 0.703704 0.735718 0.877142 0.837484 0.944920
0.460410 0.000000 0.714442 0.484386 0.929509 0.854089 0.686607 0.577929 0.901919 0.736731 0.704137 0.644438 0.948090 0.796723 0.989768 0.953347 0.587739 0.475795 0.492926 0.428608 0.926875 0.949431 0.875866 0.948416 0.994732 0.958637 0.935959 0.869985 0.745293 0.689022 0.727304 0.791130 0.606464 0.594979 0.831681 0.949456 0.734325 0.708209 0.910584 0.940841 0.739237 0.734226 0.770033 0.678521 0.790364 0.680814 0.646317 0.621534 0.691478 0.581249 0.680372 0.598477 0.678800 0.889212 0.695840 0.683286 0.397566 0.378713 0.488923 0.448080 0.775441 0.696001 0.727345 0.584576 0.984743 0.840577 0.680719 0.650830 0.598158 0.478180 0.685603 0.629646 0.715831 0.760569 0.922943 0.952560 0.737971 0.627997 0.944410 0.841349 0.661676 0.539020 0.731824 0.586008 0.739164 0.857310 0.944476 0.941288 0.819228 0.551738 0.703918 0.829653 0.760693 0.867992 0.680353 0.809712 0.543791 0.836671 0.661119 0.495076 0.808394 0.837482 0.558463 0.630435 0.619663 0.601860 0.856748 0.737147 0.984179 0.702441 0.980273 0.629035 0.618548 0.764991 0.793007 0.985881
0.804704 0.714442 0.000000 0.696863 0.952952 0.842789 0.638203 0.930927 0.694971 0.931024 0.955428 0.880772 0.961027 0.956978 0.934048 0.867130 0.947466 0.821972 0.871689 0.817323 0.931720 0.912862 0.869691 0.999336 0.807992 0.791925 0.908009 0.976396 0.999792 0.959302 0.794837 0.941378 0.749232 0.939341 0.745542 0.929601 0.602811 0.683148 0.991869 0.953768 0.801126 0.732883 0.862009 0.777786 0.795875 0.803016 0.846874 0.835048 0.800867 0.702524 0.645357 0.656549 0.657608 0.625271 0.888389 0.842577 0.701935 0.602211 0.692954 0.862655 0.921641 0.935064 0.980046 0.883173 0.710832 0.834307 0.619206 0.846133 0.737853 0.720187 0.885318 0.664664 0.961618 0.941788 0.848632 0.959413 0.817018 0.776724 0.893396 0.880122 0.927287 0.954100 0.784556 0.704786 0.834196 0.966553 0.871970 0.894226 0.814275 0.869210 0.746692 0.728605 0.683249 0.664941 0.810187 0.950953 0.746734 0.889876 0.783241 0.802410 0.879977 0.832072 0.819438 0.891493 0.748643 0.687472 0.832057 0.686514 0.945240 0.762936 0.898933 0.860378 0.746830 0.964891 0.837375 0.790739
0.552057 0.484386 0.696863 0.000000 0.922095 0.805373 0.707712 0.574508 0.961664 0.737833 0.702068 0.705104 0.926585 0.761071 0.932522 0.899673 0.693669 0.572255 0.501743 0.436615 0.965924 0.978556 0.770478 0.833161 0.891563 0.838663 0.982153 0.903373 0.668826 0.652443 0.668824 0.691241 0.577736 0.634499 0.868807 0.895037 0.725902 0.797182 0.999311 0.982531 0.803045 0.745242 0.840295 0.746161 0.857392 0.815986 0.744187 0.609534 0.837114 0.690668 0.780037 0.661749 0.731600 0.923865 0.743999 0.648248 0.507468 0.508730 0.611628 0.537697 0.838349 0.717559 0.707642 0.644684 0.975973 0.875356 0.706279 0.668346 0.710275 0.629279 0.658225 0.657492 0.780058 0.699796 0.983310 0.965347 0.691600 0.667723 0.916787 0.796553 0.763696 0.691105 0.672540 0.675442 0.706187 0.855541 0.930274 0.848424 0.836450 0.612978 0.632366 0.879598 0.686526 0.912562 0.769677 0.863733 0.609826 0.849996 0.681406 0.585495 0.729205 0.948949 0.560292 0.643869 0.579804 0.542682 0.982708 0.825699 0.882004 0.741570 0.925373 0.640635 0.690114 0.842965 0.691486 0.926986
0.925920 0.929509 0.952952 0.922095 0.000000 0.999693 0.898583 0.895557 0.862413 0.891711 0.902068 0.870696 0.725337 0.872685 0.772547 0.743677 0.915087 0.993048 0.920239 0.963508 0.727533 0.994410 0.711360 0.740070 0.921627 0.841726 0.822546 0.925375 0.940046 0.887627 0.886218 0.923062 0.998658 0.978886 0.992323 0.896756 0.934798 0.733407 0.938865 0.954360 0.915983 0.904029 0.823862 0.818333 0.971388 0.996238 0.806713 0.996393 0.933984 0.908124 0.864823 0.858125 0.955834 0.881469 0.861778 0.940103 0.929832 0.951352 0.858049 0.890377 0.855922 0.943423 0.925707 0.927529 0.923194 0.954356 0.962310 0.860450 0.998350 0.952411 0.935351 0.976475 0.963819 0.885587 0.866094 0.914173 0.862185 0.955127 0.713314 0.939100 0.933031 0.953979 0.795454 0.994537 0.724152 0.851719 0.868684 0.728105 0.983276 0.974452 0.900688 0.988694 0.837158 0.958032 0.908024 0.844838 0.938044 0.966292 0.976506 0.959972 0.967017 0.905474 0.962622 0.927402 0.885011 0.988687 0.933482 0.953271 0.902051 0.951644 0.995308 0.970622 0.913490 0.954528 0.918567 0.935006
0.768930 0.854089 0.842789 0.805373 0.999693 0.000000 0.811205 0.683558 0.972605 0.673673 0.830375 0.785827 0.944287 0.821898 0.811867 0.877639 0.879900 0.845936 0.862659 0.932326 0.984327 0.919807 0.926233 0.878790 0.855544 0.950885 0.962570 0.973307 0.876368 0.893751 0.897764 0.990704 0.841255 0.825277 0.938857 0.971431 0.987361 0.940180 0.942871 0.981470 0.913389 0.960093 0.759502 0.778107 0.760358 0.667767 0.643645 0.769418 0.769262 0.934158 0.749265 0.845271 0.954001 0.905553 0.763019 0.727431 0.928462 0.899473 0.802259 0.703068 0.646986 0.586672 0.741138 0.754152 0.822234 0.664421 0.705520 0.688894 0.826436 0.926014 0.900630 0.984039 0.840924 0.838498 0.925069 0.820434 0.877603 0.864122 0.877587 0.987468 0.711644 0.710299 0.916541 0.858866 0.958255 0.884473 0.903067 0.942793 0.945868 0.881470 0.789086 0.968582 0.856720 0.954373 0.928292 0.944625 0.820010 0.796192 0.716336 0.729213 0.764928 0.991049 0.806387 0.827086 0.799460 0.862890 0.927206 0.968806 0.997950 0.870657 0.900753 0.719922 0.850787 0.762561 0.844704 0.985426
0.678525 0.686607 0.638203 0.707712 0.898583 0.811205 0.000000 0.406470 0.686628 0.371548 0.610964 0.790954 0.871405 0.877641 0.693963 0.822627 0.662867 0.623885 0.660861 0.695374 0.842028 0.992435 0.974719 0.803299 0.626836 0.744790 0.713247 0.624264 0.688947 0.714741 0.756675 0.901601 0.654359 0.511166 0.945667 0.921882 0.803093 0.877862 0.806777 0.992526 0.812550 0.931027 0.857048 0.841539 0.470088 0.497600 0.796273 0.692795 0.633745 0.713843 0.711215 0.797938 0.688506 0.833780 0.915611 0.826446 0.816936 0.707451 0.631434 0.670381 0.476751 0.588843 0.618324 0.520522 0.654220 0.984445 0.571169 0.608517 0.891174 0.684036 0.740395 0.675928 0.914322 0.787269 0.764579 0.940272 0.836817 0.689498 0.880929 0.987612 0.700793 0.725381 0.985716 0.699245 0.986385 0.700323 0.838970 0.796887 0.832138 0.950078 0.457014 0.655187 0.518581 0.780043 0.735813 0.980898 0.681079 0.829887 0.413413 0.530381 0.664612 0.843323 0.606434 0.664990 0.755915 0.703417 0.852903 0.876463 0.927067 0.724570 0.998365 0.673162 0.574626 0.659319 0.937853 0.981727
0.573202 0.577929 0.930927 0.574508 0.895557 0.683558 0.406470 0.000000 0.791242 0.312907 0.431303 0.434856 0.942627 0.882979 0.706190 0.960864 0.541317 0.496552 0.575760 0.538599 0.842400 0.920367 0.956289 0.895442 0.556758 0.698881 0.697415 0.617317 0.504701 0.469704 0.761297 0.837625 0.620714 0.330175 0.914991 0.980754 0.966907 0.973460 0.844166 0.941038 0.796528 0.982801 0.965213 0.901429 0.656604 0.630395 0.777144 0.700757 0.769322 0.887935 0.930115 0.954756 0.975417 0.833182 0.785954 0.758989 0.709985 0.678031 0.625472 0.526467 0.373321 0.323195 0.434453 0.339357 0.558183 0.721856 0.658854 0.530697 0.969560 0.708946 0.770796 0.799016 0.777842 0.655706 0.879220 0.949379 0.891309 0.759346 0.942127 0.979419 0.590096 0.628143 0.990573 0.665739 0.983433 0.915619 0.806737 0.836144 0.940029 0.780173 0.596650 0.960974 0.731491 0.908948 0.726800 0.970223 0.671568 0.872477 0.479861 0.549637 0.604149 0.971071 0.524009 0.659459 0.787421 0.713618 0.941586 0.993871 0.886873 0.738041 0.892977 0.603008 0.655620 0.643700 0.987653 0.836623
0.922764 0.901919 0.694971 0.961664 0.862413 0.972605 0.686628 0.791242 0.000000 0.752720 0.925251 0.971492 0.968910 0.989609 0.914058 0.961877 0.965046 0.924520 0.908043 0.949175 0.968075 0.870036 0.920225 0.983280 0.928211 0.937419 0.972643 0.919088 0.942782 0.941611 0.982713 0.933383 0.856464 0.924993 0.914657 0.947621 0.990854 0.958623 0.997464 0.962409 0.935520 0.967494 0.994497 0.966288 0.786371 0.841428 0.950828 0.942601 0.908897 0.966811 0.838628 0.924714 0.878377 0.764578 0.955106 0.947799 0.965585 0.830286 0.919520 0.983320 0.785624 0.889225 0.998609 0.919795 0.917056 0.950301 0.720014 0.856789 0.959934 0.906872 0.988421 0.891628 0.940867 0.958103 0.844006 0.853228 0.738748 0.919000 0.954626 0.971668 0.981744 0.903342 0.930172 0.834412 0.980576 0.899740 0.966840 0.879959 0.974736 0.940454 0.747577 0.765170 0.787698 0.785361 0.960140 0.924615 0.764097 0.983576 0.850248 0.864763 0.955813 0.861437 0.979508 0.984697 0.909103 0.965629 0.992035 0.842338 0.843693 0.900524 0.991203 0.824849 0.836960 0.814231 0.947396 0.957391
0.680276 0.736731 0.931024 0.737833 0.891711 0.673673 0.371548 0.312907 0.752720 0.000000 0.526938 0.570903 0.893709 0.984157 0.617384 0.873915 0.611776 0.573096 0.653885 0.703055 0.891012 0.987493 0.865778 0.747821 0.428790 0.544823 0.665637 0.602893 0.609619 0.565758 0.901600 0.939322 0.712014 0.468479 0.978751 0.931223 0.973858 0.889592 0.768534 0.985423 0.831227 0.990713 0.971084 0.998374 0.606275 0.619321 0.815101 0.768840 0.735791 0.919029 0.929035 0.977987 0.959524 0.867240 0.869273 0.753066 0.858134 0.782469 0.646958 0.621660 0.407736 0.416470 0.514627 0.452610 0.462552 0.832700 0.678068 0.628035 0.997859 0.706887 0.785043 0.803230 0.923947 0.762769 0.774680 0.964109 0.907756 0.850523 0.886574 0.888123 0.624429 0.712068 0.844101 0.759996 0.931710 0.733952 0.734302 0.768874 0.798762 0.899718 0.631681 0.906284 0.749914 0.942950 0.788741 0.986677 0.761436 0.852189 0.487333 0.589526 0.677874 0.996894 0.592867 0.686440 0.863927 0.733713 0.994738 0.973118 0.952160 0.783162 0.902817 0.669143 0.715208 0.608644 0.934449 0.919104
0.516576 0.704137 0.955428 0.702068 0.902068 0.830375 0.610964 0.431303 0.925251 0.526938 0.000000 0.472672 0.931493 0.999193 0.745030 0.897984 0.441632 0.500522 0.635058 0.526789 0.953717 0.794432 0.859385 0.818686 0.747368 0.783457 0.824330 0.787598 0.553518 0.522251 0.836160 0.943953 0.617279 0.411246 0.831218 0.997053 0.863863 0.969941 0.900373 0.995465 0.764439 0.913655 0.865464 0.876427 0.850564 0.804574 0.882043 0.835408 0.846761 0.927933 0.948740 0.957656 0.898636 0.714706 0.811060 0.752422 0.678682 0.733406 0.610965 0.591544 0.485668 0.464901 0.385557 0.373341 0.642532 0.819588 0.739581 0.674276 0.900070 0.701149 0.958149 0.938402 0.873126 0.840252 0.982262 0.915854 0.909727 0.932846 0.883524 0.987322 0.515212 0.552698 0.907821 0.620086 0.886544 0.988031 0.875320 0.832537 0.993569 0.708766 0.770385 0.852935 0.920835 0.757962 0.737115 0.976566 0.783045 0.971335 0.703760 0.720324 0.721308 0.975721 0.518009 0.754787 0.918819 0.776296 0.761111 0.911034 0.829199 0.769442 0.969274 0.744943 0.802221 0.878367 0.989972 0.863660
0.615179 0.644438 0.880772 0.705104 0.870696 0.785827 0.790954 0.434856 0.971492 0.570903 0.472672 0.000000 0.753912 0.627862 0.982374 0.732562 0.554819 0.541049 0.571424 0.548275 0.886189 0.856841 0.992685 0.906820 0.675930 0.672839 0.915994 0.788044 0.504886 0.466074 0.981880 0.896679 0.742280 0.439696 0.863443 0.899263 0.922244 0.851986 0.984527 0.932943 0.810983 0.975845 0.898992 0.931597 0.977038 0.903884 0.784084 0.889195 0.989729 0.888165 0.847662 0.851323 0.761085 0.587883 0.702347 0.722159 0.687939 0.765152 0.795336 0.680565 0.491475 0.399760 0.429100 0.429116 0.724864 0.596259 0.883857 0.768546 0.943425 0.747888 0.923316 0.960151 0.790124 0.751284 0.982946 0.936714 0.985829 0.904168 0.982795 0.934709 0.566991 0.553939 0.861586 0.668641 0.786801 0.728996 0.917001 0.959519 0.853870 0.729201 0.999790 0.706430 0.925065 0.594688 0.709761 0.992237 0.800502 0.996836 0.834398 0.863307 0.789786 0.871484 0.673682 0.844308 0.924297 0.848762 0.759456 0.944883 0.861887 0.867218 0.900229 0.782483 0.831826 0.859416 0.966239 0.754651
0.932317 0.948090 0.961027 0.926585 0.725337 0.944287 0.871405 0.942627 0.968910 0.893709 0.931493 0.753912 0.000000 0.514881 0.500481 0.449801 0.895323 0.853081 0.983502 0.955888 0.776757 0.915797 0.716844 0.635413 0.976366 0.898832 0.698803 0.850758 0.997822 0.925060 0.719011 0.886257 0.861072 0.919179 0.927685 0.893255 0.936545 0.891316 0.914926 0.977003 0.849980 0.981578 0.978276 0.956353 0.977616 0.997676 0.939277 0.999743 0.986764 0.828018 0.951537 0.861219 0.858316 0.844281 0.714132 0.879164 0.845422 0.823169 0.703611 0.664762 0.859650 0.979903 0.856153 0.999260 0.767730 0.927552 0.881406 0.734241 0.968978 0.893749 0.843669 0.835433 0.963939 0.968757 0.900476 0.839118 0.971307 0.929888 0.795796 0.861560 0.952924 0.921184 0.815584 0.908113 0.551303 0.512113 0.967188 0.656703 0.738434 0.970462 0.861362 0.880100 0.948345 0.841380 0.858812 0.976802 0.919013 0.917238 0.916621 0.756431 0.876923 0.917395 0.957198 0.899643 0.972187 0.879017 0.764110 0.963791 0.986820 0.917653 0.856015 0.907905 0.861120 0.947611 0.975495 0.877940
0.940744 0.796723 0.956978 0.761071 0.872685 0.821898 0.877641 0.882979 0.989609 0.984157 0.999193 0.627862 0.514881 0.000000 0.519817 0.416762 0.985615 0.918680 0.684500 0.732387 0.908931 0.927746 0.629097 0.519943 0.957105 0.989292 0.676227 0.875663 0.746333 0.740984 0.926676 0.722293 0.917748 0.902242 0.881485 0.991348 0.809233 0.923540 0.991027 0.922203 0.853667 0.939061 0.859601 0.865621 0.961907 0.924128 0.781424 0.823674 0.944434 0.986735 0.950588 0.941499 0.980658 0.950263 0.826804 0.750457 0.877154 0.985633 0.841026 0.964293 0.913040 0.852894 0.786134 0.894888 0.849106 0.781640 0.985541 0.985049 0.983732 0.998381 0.919529 0.914514 0.789885 0.791159 0.920366 0.980159 0.753839 0.962346 0.860658 0.911711 0.844480 0.844480 0.758244 0.870067 0.611944 0.500348 0.963875 0.623799 0.837681 0.832305 0.990030 0.923091 0.984406 0.837082 0.833316 0.916070 0.884760 0.832944 0.973153 0.957545 0.892355 0.968794 0.949045 0.927876 0.899419 0.911825 0.775401 0.930272 0.919493 0.965326 0.825881 0.839754 0.939922 0.952050 0.863126 0.842796
0.944408 0.989768 0.934048 0.932522 0.772547 0.811867 0.693963 0.706190 0.914058 0.617384 0.745030 0.982374 0.500481 0.519817 0.000000 0.454883 0.799669 0.896583 0.880258 0.939678 0.951191 0.920942 0.538043 0.501012 0.709672 0.830701 0.538747 0.781814 0.925115 0.863040 0.855928 0.920896 0.913705 0.800224 0.925240 0.976010 0.963870 0.983824 0.822408 0.993380 0.943529 0.866792 0.955432 0.982740 0.825849 0.854005 0.974777 0.955350 0.904336 0.996005 0.971960 0.952547 0.913652 0.939580 0.890322 0.908771 0.983019 0.947596 0.713148 0.683696 0.793031 0.695537 0.935207 0.811523 0.537226 0.866261 0.819160 0.615079 0.806043 0.909214 0.952669 0.948718 0.981442 0.965549 0.999363 0.857277 0.858162 0.980495 0.759325 0.958468 0.953307 0.921839 0.617047 0.903451 0.472496 0.495155 0.819008 0.571864 0.693925 0.903396 0.834750 0.979490 0.968817 0.961384 0.866794 0.991092 0.979893 0.842924 0.811604 0.767739 0.828227 0.929319 0.893750 0.908951 0.939975 0.955640 0.900942 0.965262 0.962122 0.858037 0.948028 0.915392 0.882127 0.775331 0.844709 0.980172
0.956218 0.953347 0.867130 0.899673 0.743677 0.877639 0.822627 0.960864 0.961877 0.873915 0.897984 0.732562 0.449801 0.416762 0.454883 0.000000 0.900053 0.953294 0.862941 0.901032 0.932587 0.996291 0.464353 0.422078 0.891697 0.994256 0.621540 0.848004 0.878015 0.835884 0.999514 0.770201 0.933467 0.991564 0.982409 0.964915 0.796948 0.873405 0.892244 0.888145 0.974006 0.900001 0.998594 0.954453 0.843268 0.884014 0.962176 0.940709 0.795035 0.856068 0.907992 0.956074 0.976242 0.947546 0.910381 0.931882 0.995766 0.917944 0.687871 0.836460 0.951452 0.964666 0.923539 0.946679 0.711647 0.794877 0.899205 0.841783 0.998123 0.927429 0.962682 0.925816 0.804709 0.831467 0.960320 0.951478 0.850310 0.937659 0.806480 0.962978 0.985831 0.905838 0.622405 0.889302 0.551897 0.450471 0.877606 0.491818 0.817604 0.992364 0.906390 0.913544 0.919433 0.846633 0.892134 0.954421 0.986535 0.890617 0.840689 0.827646 0.893617 0.888184 0.901833 0.901405 0.906023 0.864181 0.832720 0.977488 0.969484 0.953029 0.767584 0.991679 0.984995 0.979270 0.846414 0.934213
0.469720 0.587739 0.947466 0.693669 0.915087 0.879900 0.662867 0.541317 0.965046 0.611776 0.441632 0.554819 0.895323 0.985615 0.799669 0.900053 0.000000 0.411415 0.606058 0.529841 0.966395 0.887625 0.856559 0.832229 0.809892 0.869714 0.841557 0.851844 0.638314 0.619316 0.864421 0.939057 0.641513 0.532969 0.834878 0.952987 0.823230 0.940746 0.827606 0.926708 0.747751 0.873893 0.929480 0.989124 0.925340 0.872669 0.821846 0.790434 0.859882 0.817595 0.951591 0.892315 0.995236 0.825389 0.709571 0.661861 0.548932 0.562780 0.491915 0.495635 0.618608 0.573896 0.488543 0.430101 0.745354 0.789111 0.750794 0.750391 0.730321 0.634053 0.830099 0.982383 0.848037 0.935359 0.871130 0.962330 0.978515 0.770963 0.884508 0.949662 0.504033 0.512874 0.904740 0.610701 0.846060 0.950099 0.971654 0.996956 0.811806 0.615085 0.862411 0.855091 0.951949 0.829415 0.719919 0.871280 0.716481 0.900829 0.691498 0.695945 0.820869 0.975425 0.538523 0.650722 0.819752 0.677361 0.965415 0.872783 0.950874 0.759279 0.990158 0.772241 0.795811 0.881827 0.901563 0.993326
0.338305 0.475795 0.821972 0.572255 0.993048 0.845936 0.623885 0.496552 0.924520 0.573096 0.500522 0.541049 0.853081 0.918680 0.896583 0.953294 0.411415 0.000000 0.521703 0.462390 0.934825 0.919645 0.926409 0.849370 0.800641 0.886971 0.956415 0.854443 0.568309 0.514939 0.793042 0.826037 0.492703 0.469972 0.795891 0.997522 0.712212 0.857484 0.937265 0.989138 0.789435 0.728623 0.999120 0.943415 0.913033 0.820351 0.696101 0.678319 0.833767 0.732867 0.881888 0.787292 0.852730 0.909782 0.711824 0.621831 0.371887 0.404492 0.405670 0.419985 0.621136 0.611916 0.466784 0.376631 0.755492 0.890792 0.671930 0.722315 0.594211 0.497467 0.786958 0.863020 0.864048 0.872883 0.907445 0.988172 0.956195 0.714480 0.819943 0.966319 0.392780 0.412592 0.762969 0.428234 0.733656 0.941462 0.993685 0.931331 0.873643 0.527647 0.854584 0.880471 0.881712 0.835520 0.688034 0.833155 0.719072 0.841022 0.651645 0.631916 0.855216 0.927971 0.436476 0.619487 0.783315 0.628655 0.974352 0.897495 0.950049 0.812447 0.965833 0.667160 0.718856 0.879462 0.898591 0.941784
0.506944 0.492926 0.871689 0.501743 0.920239 0.862659 0.660861 0.575760 0.908043 0.653885 0.635058 0.571424 0.983502 0.684500 0.880258 0.862941 0.606058 0.521703 0.000000 0.420530 0.874017 0.856573 0.743778 0.857919 0.883777 0.862312 0.945459 0.781277 0.602958 0.607104 0.741265 0.589530 0.634993 0.551580 0.871623 0.865689 0.933205 0.914152 0.762639 0.863442 0.741049 0.779403 0.881998 0.873368 0.733991 0.671318 0.675945 0.656863 0.688587 0.640551 0.826020 0.754721 0.682775 0.967327 0.707478 0.637949 0.590813 0.616780 0.681892 0.613252 0.717574 0.706925 0.551007 0.549862 0.846059 0.974353 0.827620 0.794365 0.733353 0.588884 0.612576 0.665534 0.741412 0.663978 0.977018 0.940022 0.764118 0.764628 0.981787 0.814820 0.618887 0.509227 0.691721 0.687965 0.625854 0.888462 0.963271 0.849563 0.936248 0.670250 0.682044 0.877407 0.700313 0.984701 0.630294 0.906575 0.735870 0.993178 0.625371 0.549006 0.823570 0.998644 0.577687 0.663254 0.695962 0.586574 0.944678 0.886251 0.982353 0.851105 0.889439 0.675692 0.622199 0.890397 0.885739 0.871148
0.466798 0.428608 0.817323 0.436615 0.963508 0.932326 0.695374 0.538599 0.949175 0.703055 0.526789 0.548275 0.955888 0.732387 0.939678 0.901032 0.529841 0.462390 0.420530 0.000000 0.981880 0.909601 0.844956 0.862217 0.958096 0.982832 0.997756 0.795668 0.508154 0.517794 0.666204 0.680048 0.505826 0.519611 0.852529 0.947106 0.797726 0.797267 0.959078 0.969618 0.687614 0.851372 0.901372 0.886388 0.861717 0.776204 0.700099 0.667758 0.792566 0.690540 0.849625 0.732308 0.794072 0.939243 0.834952 0.696888 0.480885 0.573025 0.574075 0.505253 0.745380 0.620935 0.568681 0.541817 0.862866 0.811425 0.753650 0.688936 0.721718 0.647393 0.673276 0.689282 0.736700 0.690453 0.926596 0.992886 0.854651 0.795688 0.937201 0.771567 0.649126 0.522270 0.672443 0.609911 0.695373 0.835724 0.960885 0.870267 0.913666 0.580156 0.772280 0.982416 0.860902 0.906826 0.702840 0.859673 0.690306 0.958384 0.677270 0.636891 0.727673 0.970503 0.578572 0.641007 0.729992 0.621626 0.927668 0.904037 0.934077 0.767953 0.943836 0.651430 0.649604 0.828842 0.830354 0.877947
0.931875 0.926875 0.931720 0.965924 0.727533 0.984327 0.842028 0.842400 0.968075 0.891012 0.953717 0.886189 0.776757 0.908931 0.951191 0.932587 0.966395 0.934825 0.874017 0.981880 0.000000 0.931535 0.749043 0.780581 0.856904 0.756566 0.978189 0.803535 0.933679 0.951864 0.941219 0.923036 0.884044 0.953028 0.944616 0.993835 0.934552 0.874537 0.820897 0.978208 0.958220 0.877856 0.893841 0.940799 0.816404 0.905870 0.804482 0.978789 0.905368 0.982253 0.909941 0.861773 0.974775 0.974451 0.799543 0.949926 0.789770 0.823377 0.764326 0.828366 0.929878 0.948057 0.904776 0.921588 0.886055 0.866255 0.839776 0.850727 0.894020 0.906900 0.962453 0.982546 0.880206 0.865610 0.933966 0.844540 0.998233 0.970379 0.851911 0.888844 0.928476 0.972025 0.964713 0.920461 0.875425 0.928728 0.971374 0.882077 0.840046 0.932782 0.802111 0.895377 0.728272 0.984612 0.889802 0.742260 0.996382 0.883196 0.816909 0.909420 0.891098 0.985299 0.977208 0.971833 0.857422 0.918106 0.900725 0.960384 0.941561 0.967081 0.965340 0.938710 0.962921 0.964658 0.907668 0.747801
0.940315 0.949431 0.912862 0.978556 0.994410 0.919807 0.992435 0.920367 0.870036 0.987493 0.794432 0.856841 0.915797 0.927746 0.920942 0.996291 0.887625 0.919645 0.856573 0.909601 0.931535 0.000000 0.918723 0.989083 0.997180 0.981117 0.998099 0.802305 0.768563 0.797674 0.842357 0.704378 0.961530 0.824587 0.953861 0.836703 0.824992 0.804120 0.955465 0.763079 0.910242 0.953461 0.866085 0.841163 0.966427 0.905833 0.883803 0.853919 0.875322 0.932811 0.809123 0.877611 0.928362 0.888691 0.946875 0.896300 0.975826 0.970156 0.902902 0.996668 0.941173 0.957821 0.810260 0.844088 0.859623 0.947031 0.924358 0.987413 0.950110 0.957677 0.904474 0.989866 0.869447 0.782417 0.936831 0.934466 0.809913 0.891061 0.902592 0.797719 0.990118 0.935263 0.882006 0.965454 0.958999 0.997244 0.981283 0.936323 0.870718 0.974700 0.970818 0.923291 0.937490 0.945893 0.900060 0.822843 0.891525 0.884543 0.973800 0.950612 0.997840 0.981203 0.955675 0.932424 0.857306 0.990802 0.792594 0.664101 0.997856 0.986523 0.906160 0.945558 0.946135 0.878139 0.904207 0.926303
0.917921 0.875866 0.869691 0.770478 0.711360 0.926233 0.974719 0.956289 0.920225 0.865778 0.859385 0.992685 0.716844 0.629097 0.538043 0.464353 0.856559 0.926409 0.743778 0.844956 0.749043 0.918723 0.000000 0.386745 0.781859 0.877403 0.685408 0.965222 0.870956 0.891479 0.770483 0.543383 0.859113 0.994654 0.961438 0.876051 0.885863 0.966038 0.914057 0.805467 0.976475 0.886932 0.923069 0.934231 0.920152 0.951592 0.932523 0.923447 0.975262 0.856675 0.902072 0.818947 0.678286 0.680441 0.997082 0.930788 0.977834 0.975599 0.711174 0.836730 0.912034 0.850704 0.942602 0.876875 0.676104 0.906325 0.992028 0.882339 0.922422 0.992411 0.736797 0.755890 0.726968 0.644126 0.932110 0.983144 0.758667 0.758076 0.718714 0.783779 0.802785 0.980420 0.570370 0.967042 0.599315 0.752612 0.715127 0.493241 0.976116 0.919283 0.785571 0.724185 0.765863 0.812434 0.840397 0.985415 0.958464 0.853453 0.963382 0.910734 0.957726 0.880536 0.918891 0.979476 0.769306 0.933958 0.986523 0.912077 0.890860 0.931675 0.809441 0.920936 0.812016 0.998934 0.856501 0.989455
0.838601 0.948416 0.999336 0.833161 0.740070 0.878790 0.803299 0.895442 0.983280 0.747821 0.818686 0.906820 0.635413 0.519943 0.501012 0.422078 0.832229 0.849370 0.857919 0.862217 0.780581 0.989083 0.386745 0.000000 0.713412 0.878396 0.628816 0.945298 0.924538 0.885655 0.831215 0.621478 0.952217 0.925402 0.997189 0.985470 0.867765 0.979505 0.933312 0.895755 0.936275 0.964320 0.965022 0.942307 0.887270 0.889488 0.914907 0.980131 0.813061 0.965512 0.946400 0.936167 0.907000 0.865902 0.973142 0.990578 0.999858 0.894192 0.643000 0.843419 0.874329 0.920286 0.873601 0.794773 0.634642 0.829735 0.857915 0.888050 0.965187 0.875300 0.887010 0.887537 0.762831 0.690368 0.903023 0.955271 0.813109 0.915679 0.729640 0.904579 0.777954 0.902679 0.668976 0.914040 0.647314 0.587308 0.789625 0.497472 0.847861 0.977844 0.984797 0.942065 0.954151 0.957843 0.897193 0.978460 0.981381 0.884130 0.824575 0.897686 0.965033 0.940898 0.836560 0.850788 0.833369 0.944389 0.980541 0.908202 0.960898 0.970743 0.798410 0.951631 0.943877 0.943247 0.791745 0.996386
0.912187 0.994732 0.807992 0.891563 0.921627 0.855544 0.626836 0.556758 0.928211 0.428790 0.747368 0.675930 0.976366 0.957105 0.709672 0.891697 0.809892 0.800641 0.883777 0.958096 0.856904 0.997180 0.781859 0.713412 0.000000 0.387123 0.678852 0.633012 0.730586 0.731607 0.845034 0.924886 0.953885 0.675207 0.908638 0.828095 0.794249 0.713173 0.807470 0.971690 0.977162 0.887177 0.803677 0.750535 0.822085 0.850659 0.976525 0.962328 0.925380 0.846127 0.809927 0.681399 0.806579 0.725335 0.987795 0.979906 0.845439 0.930396 0.941352 0.918633 0.531596 0.591799 0.668321 0.636927 0.426257 0.960405 0.974891 0.918571 0.930876 0.941496 0.927643 0.972597 0.960416 0.967226 0.792014 0.993824 0.883498 0.918440 0.968523 0.745795 0.777527 0.824791 0.744057 0.916183 0.825749 0.728055 0.758913 0.763935 0.725930 0.876787 0.905779 0.891089 0.983684 0.745238 0.993592 0.900884 0.979669 0.969971 0.750602 0.920565 0.894406 0.872631 0.845998 0.887330 0.860550 0.961107 0.954292 0.822556 0.908737 0.993765 0.965628 0.911395 0.953644 0.728775 0.707635 0.774415
0.992563 0.958637 0.791925 0.838663 0.841726 0.950885 0.744790 0.698881 0.937419 0.544823 0.783457 0.672839 0.898832 0.989292 0.830701 0.994256 0.869714 0.886971 0.862312 0.982832 0.756566 0.981117 0.877403 0.878396 0.387123 0.000000 0.740587 0.691833 0.811465 0.744489 0.728320 0.935354 0.997518 0.789143 0.874788 0.792452 0.788416 0.649662 0.823004 0.999291 0.998397 0.947336 0.700557 0.696249 0.910157 0.972264 0.921178 0.925247 0.986859 0.766905 0.704476 0.608062 0.797007 0.691571 0.980273 0.980812 0.857173 0.865617 0.942759 0.930004 0.682836 0.759712 0.745527 0.756818 0.530923 0.955441 0.833166 0.896237 0.990575 0.875143 0.918817 0.983172 0.884734 0.978150 0.919785 0.913283 0.914136 0.812487 0.980924 0.659975 0.870987 0.890857 0.860578 0.968188 0.949702 0.795360 0.834136 0.883595 0.740361 0.879735 0.969911 0.891809 0.994776 0.703118 0.980252 0.945904 0.998307 0.980241 0.897879 0.971830 0.997253 0.761003 0.931063 0.972183 0.880959 0.965935 0.862300 0.883724 0.955690 0.991233 0.991532 0.995541 0.988298 0.815747 0.781372 0.793418
0.933664 0.935959 0.908009 0.982153 0.822546 0.962570 0.713247 0.697415 0.972643 0.665637 0.824330 0.915994 0.698803 0.676227 0.538747 0.621540 0.841557 0.956415 0.945459 0.997756 0.978189 0.998099 0.685408 0.628816 0.678852 0.740587 0.000000 0.678565 0.964793 0.923724 0.948438 0.929953 0.984398 0.743416 0.897504 0.979918 0.918579 0.983802 0.932558 0.999398 0.974133 0.946714 0.931075 0.961299 0.754662 0.790431 0.964626 0.883216 0.832133 0.911958 0.981246 0.904025 0.935090 0.901953 0.978956 0.908942 0.975530 0.989093 0.851514 0.820879 0.845130 0.761993 0.963926 0.867155 0.608365 0.954050 0.954056 0.753711 0.933494 0.893277 0.936471 0.922359 0.960788 0.976734 0.947816 0.870627 0.945182 0.915530 0.946272 0.990929 0.982645 0.994650 0.679491 0.909508 0.686597 0.651557 0.839225 0.630074 0.918887 0.920326 0.810285 0.936561 0.921433 0.978351 0.912661 0.965447 0.858496 0.862635 0.771108 0.806631 0.819506 0.901664 0.901033 0.995912 0.908472 0.921791 0.839259 0.952949 0.946263 0.935351 0.963389 0.958287 0.872994 0.742567 0.861100 0.888050
0.994151 0.869985 0.976396 0.903373 0.925375 0.973307 0.624264 0.617317 0.919088 0.602893 0.787598 0.788044 0.850758 0.875663 0.781814 0.848004 0.851844 0.854443 0.781277 0.795668 0.803535 0.802305 0.965222 0.945298 0.633012 0.691833 0.678565 0.000000 0.789589 0.781548 0.906150 0.869960 0.949353 0.697350 0.981289 0.982287 0.814730 0.785234 0.816321 0.917784 0.981847 0.993050 0.973360 0.973151 0.699866 0.725518 0.978848 0.944079 0.845101 0.910052 0.993888 0.996589 0.929155 0.961513 0.864688 0.890014 0.892812 0.985534 0.923137 0.804600 0.701496 0.681787 0.859493 0.771410 0.653521 0.927897 0.923994 0.697558 0.826170 0.900456 0.917896 0.762869 0.859607 0.712436 0.894107 0.901622 0.985302 0.905204 0.971499 0.997639 0.995152 0.929989 0.922809 0.981174 0.817405 0.733155 0.921236 0.848917 0.735398 0.870477 0.814652 0.863273 0.871259 0.998670 0.867183 0.936837 0.901240 0.960503 0.710958 0.744488 0.745308 0.979358 0.946773 0.895636 0.965671 0.938692 0.827650 0.787101 0.979617 0.902210 0.988310 0.774677 0.747097 0.819024 0.807810 0.909914
0.673514 0.745293 0.999792 0.668826 0.940046 0.876368 0.688947 0.504701 0.942782 0.609619 0.553518 0.504886 0.997822 0.746333 0.925115 0.878015 0.638314 0.568309 0.602958 0.508154 0.933679 0.768563 0.870956 0.924538 0.730586 0.811465 0.964793 0.789589 0.000000 0.365630 0.671142 0.634590 0.653198 0.440260 0.935171 0.887292 0.892681 0.998722 0.838287 0.765824 0.952984 0.963094 0.940993 0.936101 0.920956 0.920122 0.890393 0.824781 0.999004 0.998505 0.937481 0.987549 0.996349 0.836441 0.941030 0.883497 0.727939 0.847050 0.828372 0.712065 0.625296 0.556470 0.525651 0.558578 0.669018 0.797281 0.785288 0.731844 0.982744 0.843060 0.789666 0.803903 0.747394 0.630731 0.853521 0.927362 0.964226 0.821460 0.931959 0.904871 0.719085 0.724567 0.895368 0.751605 0.906886 0.934295 0.941455 0.973431 0.908052 0.873732 0.857181 0.843643 0.970022 0.755185 0.688042 0.916483 0.865010 0.950313 0.760758 0.753826 0.673853 0.829785 0.699232 0.783410 0.970166 0.834712 0.931801 0.864741 0.936309 0.786476 0.795999 0.746996 0.745688 0.786670 0.963535 0.854151
0.694104 0.689022 0.959302 0.652443 0.887627 0.893751 0.714741 0.469704 0.941611 0.565758 0.522251 0.466074 0.925060 0.740984 0.863040 0.835884 0.619316 0.514939 0.607104 0.517794 0.951864 0.797674 0.891479 0.885655 0.731607 0.744489 0.923724 0.781548 0.365630 0.000000 0.649281 0.608575 0.579280 0.409777 0.887172 0.991350 0.847211 0.866445 0.918766 0.844696 0.923948 0.998056 0.842168 0.892310 0.983535 0.982727 0.988090 0.895496 0.911344 0.954625 0.840143 0.917212 0.923942 0.787825 0.982530 0.877999 0.674038 0.812071 0.825389 0.639460 0.636518 0.531150 0.543435 0.527161 0.639700 0.744040 0.822733 0.698638 0.947218 0.758885 0.795923 0.827978 0.708555 0.643420 0.976161 0.914494 0.983483 0.781454 0.958037 0.960120 0.710830 0.737267 0.789195 0.762713 0.947051 0.947630 0.996987 0.974582 0.901018 0.879252 0.879888 0.787333 0.990844 0.683917 0.727722 0.906156 0.860786 0.995395 0.828669 0.740053 0.774895 0.830744 0.733656 0.788983 0.911310 0.854177 0.952357 0.906935 0.960367 0.827578 0.863450 0.762367 0.769719 0.887427 0.955201 0.888173
0.842389 0.727304 0.794837 0.668824 0.886218 0.897764 0.756675 0.761297 0.982713 0.901600 0.836160 0.981880 0.719011 0.926676 0.855928 0.999514 0.864421 0.793042 0.741265 0.666204 0.941219 0.842357 0.770483 0.831215 0.845034 0.728320 0.948438 0.906150 0.671142 0.649281 0.000000 0.483281 0.684748 0.673906 0.931184 0.710686 0.964384 0.726414 0.877969 0.774751 0.923640 0.963707 0.832982 0.763925 0.866788 0.842001 0.899969 0.845878 0.982948 0.784747 0.790917 0.638832 0.713705 0.659235 0.815547 0.965820 0.744839 0.779324 0.857838 0.677467 0.893760 0.816996 0.868387 0.819107 0.964695 0.841260 0.663218 0.573514 0.959033 0.961679 0.649193 0.691379 0.608422 0.553659 0.879838 0.783651 0.881246 0.713795 0.894704 0.707677 0.932288 0.964572 0.840730 0.914209 0.908160 0.937089 0.951948 0.976023 0.879689 0.981599 0.681359 0.835192 0.761418 0.807763 0.725919 0.872708 0.945530 0.997030 0.761765 0.638275 0.756010 0.946311 0.839022 0.817760 0.759107 0.815008 0.812347 0.859444 0.973521 0.850202 0.884254 0.790601 0.703950 0.922407 0.771411 0.989973
0.910918 0.791130 0.941378 0.691241 0.923062 0.990704 0.901601 0.837625 0.933383 0.939322 0.943953 0.896679 0.886257 0.722293 0.920896 0.770201 0.939057 0.826037 0.589530 0.680048 0.923036 0.704378 0.543383 0.621478 0.924886 0.935354 0.929953 0.869960 0.634590 0.608575 0.483281 0.000000 0.720984 0.804883 0.887704 0.731732 0.797855 0.991712 0.838437 0.679175 0.926825 0.912260 0.927303 0.863381 0.880945 0.907315 0.990338 0.825780 0.997446 0.792583 0.922329 0.789742 0.702568 0.750025 0.915782 0.918926 0.828169 0.912536 0.924368 0.837692 0.974917 0.945668 0.923551 0.931323 0.989344 0.947960 0.962333 0.803565 0.996616 0.951322 0.557700 0.682336 0.627945 0.504511 0.985060 0.874461 0.791046 0.791732 0.934026 0.673842 0.960278 0.984796 0.764574 0.954675 0.891891 0.967342 0.870075 0.795596 0.797355 0.997411 0.772783 0.885891 0.814132 0.906473 0.811745 0.840202 0.991026 0.890795 0.850999 0.707344 0.843204 0.988141 0.891551 0.861721 0.814048 0.851425 0.938805 0.992602 0.928486 0.946523 0.823132 0.900403 0.705323 0.974505 0.806727 0.986504
0.485530 0.606464 0.749232 0.577736 0.998658 0.841255 0.654359 0.620714 0.856464 0.712014 0.617279 0.742280 0.861072 0.917748 0.913705 0.933467 0.641513 0.492703 0.634993 0.505826 0.884044 0.961530 0.859113 0.952217 0.953885 0.997518 0.984398 0.949353 0.653198 0.579280 0.684748 0.720984 0.000000 0.581168 0.831625 0.992806 0.718148 0.754109 0.924481 0.951113 0.841390 0.829339 0.961354 0.869485 0.882812 0.810876 0.705532 0.730125 0.869245 0.734264 0.791488 0.689514 0.781326 0.908680 0.838763 0.805390 0.497891 0.574334 0.565429 0.500439 0.696928 0.679279 0.648941 0.594354 0.922136 0.829272 0.641302 0.673989 0.755016 0.664337 0.804438 0.796676 0.701898 0.713868 0.935531 0.935153 0.830386 0.746329 0.777187 0.825586 0.618028 0.593983 0.750340 0.596973 0.788302 0.900309 0.979627 0.987160 0.986419 0.632581 0.652394 0.941557 0.820875 0.988598 0.882185 0.808389 0.627808 0.936953 0.712301 0.664208 0.789815 0.999907 0.664083 0.719952 0.673288 0.702056 0.956983 0.809428 0.840916 0.652281 0.940441 0.681517 0.637720 0.828876 0.804133 0.959234
0.520750 0.594979 0.939341 0.634499 0.978886 0.825277 0.511166 0.330175 0.924993 0.468479 0.411246 0.439696 0.919179 0.902242 0.800224 0.991564 0.532969 0.469972 0.551580 0.519611 0.953028 0.824587 0.994654 0.925402 0.675207 0.789143 0.743416 0.697350 0.440260 0.409777 0.673906 0.804883 0.581168 0.000000 0.835155 0.983560 0.934022 0.942538 0.899028 0.883461 0.816056 0.924765 0.993480 0.983827 0.795554 0.759328 0.847024 0.752803 0.872403 0.917385 0.973943 0.978094 0.990736 0.806790 0.815086 0.793498 0.637565 0.680598 0.642762 0.555142 0.456703 0.416622 0.416045 0.365861 0.627614 0.780962 0.699074 0.603452 0.874591 0.679225 0.809407 0.813573 0.782748 0.692702 0.990813 0.916240 0.956599 0.714450 0.971194 0.963828 0.582602 0.593266 0.866616 0.630819 0.933067 0.975578 0.970332 0.863668 0.977813 0.767053 0.699175 0.928994 0.825517 0.799425 0.633193 0.950280 0.801467 0.940679 0.617302 0.602839 0.687150 0.963985 0.559148 0.700678 0.837417 0.708021 0.971322 0.999971 0.904416 0.776043 0.896553 0.619640 0.724395 0.764645 0.982188 0.841746
0.762342 0.831681 0.745542 0.868807 0.992323 0.938857 0.945667 0.914991 0.914657 0.978751 0.831218 0.863443 0.927685 0.881485 0.925240 0.982409 0.834878 0.795891 0.871623 0.852529 0.944616 0.953861 0.961438 0.997189 0.908638 0.874788 0.897504 0.981289 0.935171 0.887172 0.931184 0.887704 0.831625 0.835155 0.000000 0.975017 0.903508 0.873889 0.874682 0.963059 0.741900 0.736772 0.969515 0.897039 0.930229 0.901309 0.907923 0.862839 0.884124 0.880012 0.886471 0.884320 0.963854 0.985229 0.918356 0.848361 0.785103 0.775466 0.818977 0.870219 0.921712 0.963687 0.785438 0.771829 0.840274 0.989709 0.797891 0.882811 0.880014 0.860154 0.978587 0.914476 0.937176 0.907313 0.932344 0.816869 0.991684 0.926062 0.963145 0.869784 0.821418 0.893252 0.821526 0.802158 0.905992 0.894765 0.828354 0.957488 0.894955 0.760908 0.963356 0.936158 0.936089 0.965143 0.839769 0.980429 0.982411 0.939448 0.895977 0.865997 0.925868 0.930818 0.883563 0.961263 0.841168 0.744462 0.933680 0.861576 0.987817 0.985329 0.877555 0.954057 0.982137 0.910701 0.994741 0.991501
0.996081 0.949456 0.929601 0.895037 0.896756 0.971431 0.921882 0.980754 0.947621 0.931223 0.997053 0.899263 0.893255 0.991348 0.976010 0.964915 0.952987 0.997522 0.865689 0.947106 0.993835 0.836703 0.876051 0.985470 0.828095 0.792452 0.979918 0.982287 0.887292 0.991350 0.710686 0.731732 0.992806 0.983560 0.975017 0.000000 0.966111 0.921453 0.865326 0.758431 0.971368 0.932125 0.728684 0.763123 0.739012 0.746066 0.895711 0.799509 0.792149 0.700293 0.775905 0.716801 0.670287 0.662354 0.930877 0.983242 0.971681 0.974609 0.991579 0.914343 0.920158 0.904534 0.985719 0.956643 0.925314 0.908548 0.841702 0.783126 0.867898 0.950764 0.817550 0.836715 0.921897 0.796873 0.937459 0.847562 0.835608 0.873661 0.878953 0.821055 0.940871 0.938895 0.923146 0.940726 0.995459 0.917581 0.908648 0.970710 0.805372 0.996939 0.752078 0.763258 0.757698 0.704289 0.841017 0.976410 0.938084 0.811880 0.790802 0.783723 0.848337 0.946757 0.881301 0.850791 0.985834 0.987581 0.923430 0.906668 0.982067 0.933943 0.948352 0.903231 0.834420 0.999539 0.922810 0.987272
0.592362 0.734325 0.602811 0.725902 0.934798 0.987361 0.803093 0.966907 0.990854 0.973858 0.863863 0.922244 0.936545 0.809233 0.963870 0.796948 0.823230 0.712212 0.933205 0.797726 0.934552 0.824992 0.885863 0.867765 0.794249 0.788416 0.918579 0.814730 0.892681 0.847211 0.964384 0.797855 0.718148 0.934022 0.903508 0.966111 0.000000 0.492641 0.795941 0.712325 0.750775 0.660503 0.768069 0.778096 0.919652 0.855226 0.741294 0.764394 0.772997 0.695456 0.665415 0.611598 0.746621 0.838705 0.707242 0.627394 0.598328 0.564873 0.572747 0.732936 0.996419 0.959686 0.909420 0.847937 0.855159 0.889806 0.722707 0.930925 0.605996 0.685857 0.928135 0.833379 0.940727 0.875887 0.977732 0.867074 0.972541 0.767627 0.809257 0.890881 0.725177 0.680030 0.823552 0.634545 0.715235 0.937116 0.993240 0.901087 0.801842 0.577107 0.781111 0.829874 0.756810 0.801389 0.876559 0.870501 0.680909 0.753129 0.785859 0.859039 0.933761 0.890286 0.631523 0.749925 0.695856 0.684081 0.857539 0.676177 0.899343 0.787524 0.928203 0.916452 0.900217 0.941712 0.797740 0.813467
0.719684 0.708209 0.683148 0.797182 0.733407 0.940180 0.877862 0.973460 0.958623 0.889592 0.969941 0.851986 0.891316 0.923540 0.983824 0.873405 0.940746 0.857484 0.914152 0.797267 0.874537 0.804120 0.966038 0.979505 0.713173 0.649662 0.983802 0.785234 0.998722 0.866445 0.726414 0.991712 0.754109 0.942538 0.873889 0.921453 0.492641 0.000000 0.952799 0.828525 0.792112 0.734913 0.724966 0.712175 0.902644 0.850918 0.773753 0.784240 0.804807 0.688628 0.628119 0.562574 0.685115 0.711373 0.907071 0.841358 0.641102 0.676105 0.698944 0.765674 0.937076 0.946365 0.958373 0.994362 0.800159 0.985162 0.711562 0.842578 0.781010 0.849029 0.841587 0.729698 0.974503 0.931246 0.899849 0.988183 0.970732 0.828494 0.854596 0.692721 0.892514 0.848753 0.947979 0.783188 0.886769 0.928927 0.988501 0.966729 0.843945 0.765746 0.817049 0.779433 0.714457 0.733345 0.862592 0.783652 0.713915 0.865328 0.826785 0.828853 0.931399 0.857327 0.857044 0.833262 0.698247 0.691115 0.755444 0.646260 0.983770 0.689639 0.957689 0.949545 0.887334 0.836542 0.784939 0.873201
