0.000000 0.506861 0.880643 0.832409 0.953866 0.981862 0.780624 0.771049 0.899420 0.933067 0.641770 0.673133 0.967457 0.971615 0.912896 0.999150 0.562764 0.515145 0.550900 0.568194 0.852556 0.950825 0.867828 0.991585 0.837784 0.880755 0.976460 0.877208 0.642839 0.778983 0.884767 0.988612 0.716219 0.534927 0.834261 0.937150 0.911073 0.865258 0.857054 0.981777 0.979227 0.829478 0.600321 0.509934 0.840649 0.738723 0.644414 0.687887 0.815246 0.919362 0.942921 0.952511 0.819161 0.641713 0.852658 0.887498 0.433390 0.541333 0.466010 0.541723 0.771527 0.738815 0.679620 0.732996 0.840348 0.783956 0.598714 0.638437 0.629244 0.651197 0.823451 0.864464 0.594544 0.641805 0.999651 0.916374 0.617067 0.797780 0.825574 0.771658 0.588936 0.587018 0.917436 0.748311 0.803658 0.786457 0.784316 0.979326 0.905962 0.743763 0.873760 0.924771 0.924418 0.937049 0.904971 0.758597 0.682974 0.790225 0.852361 0.727586 0.747440 0.934071 0.761655 0.592999 0.845436 0.902357 0.951014 0.952539 0.864994 0.749444 0.742418 0.934535 0.785067 0.957775 0.824841 0.809177
0.506861 0.000000 0.990590 0.828577 0.990019 0.942021 0.953602 0.735252 0.773394 0.782426 0.841700 0.575083 0.941486 0.863197 0.973237 0.824878 0.557524 0.484430 0.608842 0.559758 0.929338 0.951922 0.956190 0.973940 0.895730 0.955631 0.907589 0.911631 0.612233 0.694840 0.753189 0.898440 0.593128 0.506965 0.859659 0.994979 0.808620 0.771979 0.949561 0.913088 0.940081 0.833786 0.572582 0.482233 0.663756 0.574854 0.563611 0.532711 0.726847 0.755983 0.739317 0.826793 0.951525 0.852922 0.737017 0.896298 0.396786 0.366402 0.557679 0.610510 0.768618 0.661109 0.580135 0.527421 0.902564 0.880025 0.737544 0.692255 0.767409 0.554186 0.551269 0.659380 0.727605 0.703198 0.964863 0.931113 0.569724 0.715248 0.610012 0.679918 0.450238 0.540828 0.814847 0.652789 0.888109 0.845993 0.851680 0.987477 0.839494 0.776935 0.858949 0.810226 0.907029 0.883653 0.767375 0.768359 0.661045 0.730129 0.725304 0.763773 0.812027 0.878691 0.673780 0.668416 0.821547 0.829722 0.925440 0.973358 0.910376 0.740463 0.709069 0.860436 0.823222 0.818198 0.753805 0.902078
0.880643 0.990590 0.000000 0.433127 0.833652 0.944334 0.404712 0.746820 0.744413 0.871234 0.988167 0.814375 0.692656 0.968095 0.816080 0.994198 0.993940 0.918881 0.655581 0.964089 0.690645 0.869615 0.639126 0.625451 0.485866 0.509575 0.813399 0.889336 0.852091 0.817046 0.721920 0.827983 0.689724 0.743126 0.722489 0.896782 0.860309 0.964537 0.874192 0.817996 0.932004 0.923389 0.682002 0.774568 0.936658 0.981775 0.620355 0.738002 0.841813 0.987895 0.745320 0.901581 0.938523 0.993267 0.918552 0.949397 0.956050 0.861682 0.717135 0.939061 0.705325 0.966649 0.946983 0.763067 0.374163 0.521317 0.519956 0.550146 0.905308 0.822648 0.973428 0.964255 0.905233 0.950822 0.949277 0.985654 0.934255 0.908619 0.952497 0.886904 0.899726 0.845315 0.935565 0.856298 0.525163 0.534502 0.792832 0.932377 0.766306 0.755902 0.696608 0.734631 0.774239 0.646829 0.865472 0.813643 0.951385 0.926473 0.916816 0.829562 0.733733 0.869228 0.928210 0.970917 0.715438 0.845636 0.978338 0.957634 0.836435 0.927521 0.920394 0.987283 0.984030 0.810028 0.758281 0.774345
0.832409 0.828577 0.433127 0.000000 0.868241 0.773612 0.437409 0.542870 0.840402 0.929621 0.950459 0.932827 0.710300 0.844011 0.784731 0.815851 0.991540 0.990986 0.672239 0.869049 0.734479 0.965717 0.548916 0.483958 0.701655 0.572882 0.823093 0.845317 0.889803 0.863491 0.774451 0.881917 0.648087 0.659407 0.717916 0.890830 0.905981 0.954649 0.879200 0.943159 0.886070 0.948509 0.711021 0.744539 0.990802 0.968982 0.662221 0.707235 0.845130 0.989763 0.689623 0.810990 0.951750 0.925629 0.909098 0.940816 0.931607 0.982664 0.737216 0.873070 0.640139 0.809971 0.922037 0.993689 0.366272 0.378296 0.496381 0.425024 0.837132 0.849098 0.959901 0.765236 0.800481 0.827406 0.958229 0.975282 0.785521 0.788051 0.958832 0.910660 0.792046 0.799850 0.844418 0.874378 0.476385 0.449314 0.959506 0.909800 0.853086 0.685909 0.615042 0.724642 0.708213 0.688745 0.994796 0.809444 0.857909 0.949573 0.747265 0.669860 0.616311 0.754397 0.973723 0.995085 0.611962 0.753080 0.960419 0.911966 0.811080 0.993579 0.784191 0.996839 0.864916 0.857764 0.729165 0.815052
0.953866 0.990019 0.833652 0.868241 0.000000 0.878869 0.697920 0.781356 0.684326 0.958255 0.795276 0.863821 0.626350 0.848519 0.850334 0.893388 0.986343 0.914143 0.904111 0.919949 0.788212 0.755007 0.766501 0.827143 0.942925 0.909931 0.925573 0.979073 0.933793 0.974366 0.992405 0.912173 0.951129 0.856704 0.929433 0.831667 0.999028 0.888655 0.985039 0.979563 0.954277 0.989378 0.880320 0.931932 0.893189 0.962234 0.906383 0.962055 0.871389 0.777031 0.968914 0.988930 0.969143 0.955241 0.866529 0.878313 0.977710 0.928646 0.969363 0.958114 0.633073 0.783662 0.822252 0.921943 0.821802 0.729172 0.835855 0.804154 0.894450 0.844045 0.990771 0.891771 0.968211 0.988000 0.993298 0.956819 0.940797 0.916119 0.937720 0.932966 0.893690 0.870700 0.869259 0.783343 0.657978 0.621795 0.928531 0.738561 0.818631 0.879952 0.809598 0.982770 0.926367 0.969431 0.985187 0.993746 0.936597 0.983956 0.948255 0.853220 0.827971 0.893858 0.952410 0.854451 0.801315 0.965084 0.984865 0.999502 0.959942 0.949773 0.901082 0.935325 0.928178 0.965452 0.882714 0.984122
0.981862 0.942021 0.944334 0.773612 0.878869 0.000000 0.889817 0.837935 0.903085 0.900998 0.987631 0.957223 0.922237 0.964115 0.924035 0.676477 0.884060 0.932211 0.942504 0.977445 0.939300 0.873927 0.714654 0.759835 0.973493 0.864379 0.923931 0.860390 0.953151 0.904863 0.763901 0.930091 0.940923 0.929331 0.825988 0.875084 0.871165 0.892090 0.942076 0.967631 0.961806 0.871522 0.969240 0.939156 0.855820 0.953418 0.947991 0.826471 0.971472 0.935842 0.944625 0.951652 0.981327 0.977451 0.990768 0.912394 0.971165 0.990502 0.836723 0.920431 0.903688 0.874673 0.968579 0.981310 0.848883 0.802371 0.844668 0.798672 0.849022 0.927660 0.895817 0.851132 0.893335 0.763738 0.904124 0.869496 0.944872 0.789272 0.972405 0.957559 0.974495 0.990522 0.887394 0.982146 0.806638 0.795923 0.874412 0.824502 0.988981 0.957233 0.803788 0.901231 0.732852 0.921387 0.897829 0.909860 0.915081 0.889908 0.867041 0.906759 0.760692 0.938344 0.968658 0.958883 0.790717 0.962953 0.999403 0.924959 0.915365 0.964906 0.915477 0.927189 0.989961 0.923214 0.988891 0.974518
0.780624 0.953602 0.404712 0.437409 0.697920 0.889817 0.000000 0.501318 0.618049 0.998434 0.843317 0.948854 0.537310 0.800109 0.716218 0.867113 0.971587 0.977793 0.683926 0.909456 0.738680 0.978065 0.609478 0.663355 0.755358 0.684268 0.893033 0.989119 0.989385 0.899266 0.887943 0.977622 0.669392 0.664819 0.721946 0.914650 0.974722 0.910555 0.973833 0.964400 0.837952 0.949277 0.757785 0.759935 0.927175 0.944999 0.750616 0.784200 0.839286 0.880612 0.774053 0.894376 0.939134 0.971187 0.887559 0.951740 0.945181 0.860390 0.649805 0.806822 0.459770 0.753890 0.889718 0.946855 0.394649 0.400371 0.426381 0.454239 0.818025 0.763025 0.789128 0.942518 0.918125 0.906622 0.986769 0.997004 0.854088 0.963512 0.938854 0.982850 0.850312 0.863679 0.929940 0.937610 0.427694 0.476433 0.904617 0.873513 0.680520 0.720466 0.617311 0.721389 0.761180 0.629933 0.925084 0.827448 0.981433 0.875558 0.774375 0.628322 0.669639 0.762391 0.902493 0.960768 0.644093 0.858612 0.993873 0.986616 0.785915 0.917547 0.804187 0.908885 0.904995 0.835207 0.768148 0.854291
0.771049 0.735252 0.746820 0.542870 0.781356 0.837935 0.501318 0.000000 0.856739 0.716808 0.874358 0.618509 0.586149 0.634832 0.733059 0.678404 0.903106 0.818744 0.817985 0.758846 0.934868 0.901882 0.704407 0.745957 0.881665 0.972732 0.979495 0.999421 0.803441 0.874095 0.975914 0.985473 0.661663 0.578614 0.797692 0.959224 0.936933 0.989340 0.845627 0.937447 0.795326 0.988495 0.818479 0.746981 0.803189 0.795440 0.801130 0.713259 0.981962 0.987474 0.584287 0.646602 0.803193 0.950933 0.989159 0.943012 0.913937 0.880371 0.639952 0.625262 0.411711 0.402496 0.622229 0.621894 0.595651 0.472175 0.550516 0.476620 0.713964 0.915094 0.955422 0.849292 0.842707 0.794145 0.943125 0.966670 0.678481 0.849764 0.830480 0.993419 0.663101 0.851064 0.857406 0.924191 0.583305 0.626393 0.993417 0.901429 0.845555 0.719330 0.586140 0.802518 0.755446 0.754677 0.812105 0.832945 0.749363 0.952169 0.544253 0.505286 0.582513 0.733654 0.818417 0.893548 0.603567 0.765390 0.958469 0.848935 0.839175 0.891224 0.683553 0.782709 0.762244 0.988953 0.691450 0.919186
0.899420 0.773394 0.744413 0.840402 0.684326 0.903085 0.618049 0.856739 0.000000 0.968115 0.956730 0.835003 0.784866 0.975142 0.865209 0.943729 0.740391 0.711237 0.932378 0.766868 0.922899 0.994442 0.741971 0.903664 0.946905 0.820248 0.915827 0.944817 0.803302 0.671867 0.968923 0.797251 0.981181 0.896102 0.816999 0.826195 0.943345 0.977909 0.910467 0.986193 0.911875 0.818621 0.957360 0.908772 0.828296 0.950333 0.911769 0.962985 0.934030 0.994501 0.926707 0.840586 0.743071 0.744503 0.808934 0.885850 0.719609 0.679847 0.969211 0.920758 0.782110 0.971963 0.804851 0.723312 0.715179 0.769424 0.781746 0.803663 0.823683 0.596470 0.762293 0.626053 0.789729 0.833455 0.987853 0.908955 0.855367 0.853544 0.708847 0.744010 0.794366 0.820816 0.934802 0.907974 0.693079 0.776950 0.935110 0.857604 0.735170 0.904253 0.593426 0.641128 0.639365 0.692939 0.900626 0.884173 0.905724 0.920704 0.868611 0.844975 0.919406 0.861498 0.748824 0.908136 0.888857 0.934235 0.908601 0.982888 0.956658 0.721672 0.834604 0.963718 0.993344 0.920363 0.926913 0.977152
0.933067 0.782426 0.871234 0.929621 0.958255 0.900998 0.998434 0.716808 0.968115 0.000000 0.833788 0.802126 0.975340 0.947848 0.991237 0.990879 0.812673 0.838609 0.960374 0.774890 0.675627 0.981805 0.905726 0.823971 0.864099 0.742068 0.812246 0.910443 0.629494 0.692802 0.844783 0.987169 0.755307 0.827355 0.893249 0.985846 0.974998 0.802652 0.757118 0.917726 0.952652 0.993019 0.816870 0.705772 0.562368 0.571559 0.897519 0.768425 0.581559 0.646367 0.636854 0.700651 0.625713 0.673789 0.907554 0.996919 0.859256 0.807033 0.819250 0.745830 0.868629 0.713518 0.842432 0.747968 0.871400 0.862086 0.988435 0.994218 0.911128 0.890681 0.983647 0.893750 0.936883 0.974662 0.909774 0.964101 0.906339 0.967099 0.947542 0.977459 0.868570 0.909076 0.835637 0.937950 0.816242 0.731764 0.898035 0.957935 0.987769 0.923790 0.980120 0.964108 0.926031 0.961722 0.748406 0.912076 0.826954 0.864294 0.755494 0.841811 0.794000 0.873124 0.695506 0.844177 0.963880 0.986857 0.854515 0.983689 0.920394 0.919033 0.805496 0.856552 0.935192 0.862920 0.974237 0.950063
0.641770 0.841700 0.988167 0.950459 0.795276 0.987631 0.843317 0.874358 0.956730 0.833788 0.000000 0.742912 0.837116 0.971571 0.918493 0.888019 0.592435 0.626622 0.732321 0.650876 0.842576 0.989621 0.782131 0.793211 0.904265 0.979699 0.882705 0.782781 0.595636 0.687177 0.925868 0.891158 0.829937 0.742534 0.931725 0.987990 0.928558 0.945135 0.937866 0.960126 0.989107 0.969548 0.980269 0.829500 0.913971 0.932572 0.985894 0.984171 0.918752 0.892112 0.962338 0.831480 0.878390 0.893599 0.894878 0.913563 0.712438 0.844403 0.746793 0.832495 0.784345 0.879087 0.678658 0.834262 0.881233 0.958549 0.923539 0.910478 0.889715 0.835379 0.940689 0.880577 0.617107 0.759747 0.982395 0.892451 0.898274 0.996606 0.841268 0.909946 0.795905 0.835717 0.902609 0.971989 0.975138 0.965876 0.740565 0.962369 0.912071 0.953943 0.702087 0.741451 0.840341 0.852702 0.897125 0.884868 0.903605 0.986755 0.974217 0.912252 0.951438 0.998069 0.958535 0.839158 0.938689 0.841578 0.882846 0.801668 0.974714 0.924237 0.912422 0.949227 0.928379 0.926214 0.962050 0.991242
0.673133 0.575083 0.814375 0.932827 0.863821 0.957223 0.948854 0.618509 0.835003 0.802126 0.742912 0.000000 0.678949 0.541682 0.713794 0.594723 0.566305 0.492107 0.723622 0.527526 0.901215 0.917586 0.913556 0.907856 0.687169 0.749967 0.871964 0.851379 0.473075 0.523596 0.983084 0.881435 0.685326 0.550594 0.957008 0.976217 0.932195 0.947441 0.779339 0.872507 0.873392 0.993269 0.884864 0.694158 0.720507 0.658883 0.879250 0.766776 0.968266 0.936160 0.853696 0.953641 0.961842 0.883864 0.979288 0.866554 0.615150 0.586416 0.770966 0.720763 0.540611 0.454718 0.427320 0.353217 0.990355 0.819384 0.859550 0.730537 0.958484 0.732331 0.907067 0.775377 0.797612 0.850936 0.925267 0.908685 0.680238 0.782362 0.604508 0.769043 0.516303 0.604184 0.647435 0.809997 0.849039 0.820263 0.855089 0.842462 0.829512 0.952918 0.885355 0.700198 0.796153 0.737489 0.757239 0.818140 0.759109 0.797821 0.844845 0.745967 0.846914 0.843505 0.683224 0.821687 0.866896 0.961586 0.995093 0.999299 0.958753 0.722779 0.657586 0.844413 0.827274 0.769767 0.785364 0.917021
0.967457 0.941486 0.692656 0.710300 0.626350 0.922237 0.537310 0.586149 0.784866 0.975340 0.837116 0.678949 0.000000 0.442994 0.420077 0.532692 0.825592 0.827543 0.747207 0.796851 0.901144 0.876390 0.525369 0.655060 0.959639 0.972217 0.938403 0.998577 0.782872 0.782242 0.835360 0.785611 0.671616 0.682376 0.843439 0.936526 0.985703 0.860493 0.753842 0.983902 0.708955 0.835995 0.983932 0.902771 0.839904 0.864673 0.877650 0.805943 0.771243 0.854805 0.794920 0.921050 0.899543 0.804413 0.890084 0.742893 0.964941 0.974302 0.936854 0.953868 0.367495 0.676672 0.644733 0.757741 0.649379 0.633796 0.777798 0.661122 0.631071 0.876861 0.833234 0.968402 0.906834 0.931640 0.869839 0.870712 0.927759 0.924942 0.802129 0.829735 0.727180 0.738028 0.678358 0.870485 0.510374 0.580497 0.826094 0.686862 0.867346 0.955620 0.849135 0.907838 0.939049 0.993640 0.907876 0.915068 0.912176 0.929924 0.857701 0.801092 0.863557 0.814263 0.958906 0.882012 0.805761 0.936852 0.933086 0.803473 0.950729 0.967102 0.849305 0.840861 0.970657 0.976452 0.732576 0.981877
0.971615 0.863197 0.968095 0.844011 0.848519 0.964115 0.800109 0.634832 0.975142 0.947848 0.971571 0.541682 0.442994 0.000000 0.394655 0.416674 0.786165 0.738953 0.860331 0.765927 0.924156 0.874952 0.641024 0.742899 0.781065 0.791372 0.984240 0.997195 0.686488 0.642016 0.897634 0.729907 0.704591 0.697332 0.973913 0.957155 0.825882 0.904113 0.599944 0.993357 0.647392 0.833126 0.944970 0.890476 0.866858 0.817671 0.963903 0.792451 0.761481 0.887399 0.813657 0.890486 0.937626 0.827568 0.905256 0.660257 0.996243 0.906255 0.971693 0.894521 0.494342 0.635774 0.609863 0.574104 0.836670 0.752771 0.958169 0.815523 0.692936 0.979015 0.850748 0.918482 0.931897 0.957157 0.888242 0.835798 0.915420 0.923406 0.748491 0.759347 0.697351 0.753575 0.618518 0.900940 0.703613 0.731800 0.699996 0.802955 0.961783 0.956001 0.982060 0.749979 0.767438 0.788330 0.921460 0.936309 0.973277 0.970411 0.875007 0.828156 0.977322 0.876431 0.848356 0.917388 0.866699 0.956352 0.880722 0.805808 0.895851 0.908509 0.763041 0.795347 0.991474 0.882255 0.756327 0.951932
0.912896 0.973237 0.816080 0.784731 0.850334 0.924035 0.716218 0.733059 0.865209 0.991237 0.918493 0.713794 0.420077 0.394655 0.000000 0.506695 0.859456 0.841013 0.829050 0.888550 0.992018 0.908082 0.535619 0.711003 0.919314 0.937219 0.913013 0.944560 0.800443 0.768967 0.790679 0.615098 0.674775 0.770292 0.894111 0.949779 0.970002 0.962906 0.741227 0.953523 0.731102 0.859786 0.996825 0.929725 0.811652 0.835026 0.862319 0.729610 0.771397 0.915594 0.853544 0.891426 0.914828 0.789226 0.925040 0.811557 0.936040 0.972027 0.969244 0.996219 0.540601 0.753594 0.765130 0.769611 0.738736 0.742722 0.903292 0.790098 0.703052 0.936288 0.818717 0.949361 0.903505 0.963832 0.877575 0.839915 0.957017 0.988732 0.802684 0.814282 0.817399 0.799881 0.620610 0.900547 0.634648 0.671876 0.667832 0.748072 0.913659 0.991096 0.895407 0.886013 0.883374 0.917885 0.938128 0.877330 0.932037 0.995971 0.854584 0.802358 0.967830 0.831608 0.967946 0.939161 0.828634 0.949856 0.885983 0.819497 0.863323 0.976165 0.859392 0.752854 0.993572 0.968777 0.758433 0.857428
0.999150 0.824878 0.994198 0.815851 0.893388 0.676477 0.867113 0.678404 0.943729 0.990879 0.888019 0.594723 0.532692 0.416674 0.506695 0.000000 0.931808 0.822325 0.845841 0.815142 0.933125 0.835336 0.564360 0.609425 0.837037 0.927450 0.957194 0.998333 0.780353 0.774057 0.806707 0.750160 0.767335 0.717618 0.994127 0.984946 0.926218 0.988418 0.766952 0.952768 0.802707 0.820955 0.959544 0.939086 0.827241 0.800627 0.939310 0.762566 0.810872 0.910326 0.852684 0.905030 0.958818 0.899135 0.969925 0.773278 0.927550 0.893737 0.916058 0.971381 0.590716 0.641355 0.679887 0.599325 0.832349 0.739603 0.916447 0.743203 0.708417 0.938665 0.979450 0.797442 0.849451 0.853224 0.913384 0.865727 0.889117 0.886857 0.759604 0.813939 0.750812 0.761720 0.594218 0.916451 0.692707 0.713325 0.659324 0.720502 0.916677 0.981003 0.910573 0.852655 0.896921 0.862227 0.960534 0.899730 0.981202 0.883526 0.819200 0.834376 0.857630 0.923209 0.858017 0.879625 0.832127 0.881642 0.970093 0.952912 0.978165 0.843768 0.766288 0.769289 0.927048 0.886525 0.777703 0.992675
0.562764 0.557524 0.993940 0.991540 0.986343 0.884060 0.971587 0.903106 0.740391 0.812673 0.592435 0.566305 0.825592 0.786165 0.859456 0.931808 0.000000 0.358138 0.510837 0.430460 0.984388 0.925265 0.878473 0.907194 0.986599 0.905578 0.945641 0.854975 0.434077 0.446183 0.782645 0.737667 0.557101 0.582656 0.972323 0.987033 0.942660 0.956448 0.926224 0.998502 0.972005 0.836567 0.743227 0.565017 0.793834 0.711411 0.658075 0.692031 0.858737 0.901299 0.832599 0.933591 0.945356 0.886373 0.871286 0.905416 0.453558 0.488468 0.617186 0.727490 0.774482 0.828244 0.518688 0.571955 0.956629 0.981537 0.921858 0.840208 0.804737 0.534891 0.813023 0.775519 0.602509 0.613864 0.946301 0.925898 0.756955 0.884003 0.630660 0.614854 0.514869 0.584751 0.825361 0.821208 0.987709 0.978708 0.874359 0.963012 0.770278 0.950286 0.644340 0.594048 0.672558 0.712852 0.840347 0.820494 0.799786 0.899733 0.966066 0.904174 0.916635 0.961369 0.693291 0.731174 0.957409 0.910638 0.937178 0.814676 0.964695 0.711092 0.738454 0.878115 0.980639 0.858718 0.860066 0.983448
0.515145 0.484430 0.918881 0.990986 0.914143 0.932211 0.977793 0.818744 0.711237 0.838609 0.626622 0.492107 0.827543 0.738953 0.841013 0.822325 0.358138 0.000000 0.556449 0.416943 0.997128 0.990852 0.930362 0.931244 0.909433 0.877487 0.933041 0.854940 0.440911 0.431257 0.801832 0.769781 0.599566 0.515488 0.982908 0.977050 0.984801 0.905791 0.991032 0.987839 0.925856 0.847320 0.782293 0.585461 0.810716 0.708337 0.718665 0.685651 0.926999 0.936269 0.894646 0.953895 0.872409 0.848124 0.886849 0.964633 0.411462 0.443722 0.653960 0.654170 0.749222 0.700932 0.459148 0.446574 0.934137 0.978087 0.930900 0.819030 0.777854 0.465798 0.718405 0.713144 0.550210 0.593985 0.890257 0.844187 0.690270 0.781371 0.548041 0.560307 0.431402 0.511603 0.731680 0.700985 0.963327 0.909933 0.937221 0.993993 0.719009 0.896892 0.666326 0.533252 0.624177 0.639684 0.797066 0.823671 0.699058 0.806613 0.896412 0.826922 0.867242 0.983581 0.627163 0.740076 0.900553 0.970460 0.994781 0.852116 0.923519 0.628680 0.667737 0.865325 0.976919 0.836982 0.800633 0.991541
0.550900 0.608842 0.655581 0.672239 0.904111 0.942504 0.683926 0.817985 0.932378 0.960374 0.732321 0.723622 0.747207 0.860331 0.829050 0.845841 0.510837 0.556449 0.000000 0.537435 0.812552 0.876385 0.809128 0.781097 0.726853 0.719939 0.865538 0.993477 0.646424 0.705557 0.653178 0.740916 0.512676 0.514400 0.875516 0.960645 0.913264 0.827058 0.961850 0.955697 0.920015 0.890110 0.585927 0.534397 0.800310 0.771591 0.539438 0.648760 0.952675 0.970226 0.806269 0.914585 0.921845 0.847888 0.887145 0.894446 0.547818 0.696946 0.632328 0.836957 0.705956 0.912112 0.648602 0.812604 0.683671 0.726985 0.614071 0.603960 0.809999 0.678439 0.782096 0.716063 0.748837 0.691266 0.980989 0.823969 0.694222 0.816531 0.758116 0.657722 0.625219 0.584666 0.760422 0.762376 0.743164 0.686307 0.831193 0.944975 0.921060 0.872894 0.916513 0.864843 0.890817 0.982096 0.985722 0.830303 0.812007 0.807437 0.938888 0.760003 0.706012 0.891973 0.792616 0.745969 0.798562 0.895253 0.961520 0.915846 0.876835 0.916785 0.676287 0.918017 0.963585 0.996618 0.833433 0.865580
0.568194 0.559758 0.964089 0.869049 0.919949 0.977445 0.909456 0.758846 0.766868 0.774890 0.650876 0.527526 0.796851 0.765927 0.888550 0.815142 0.430460 0.416943 0.537435 0.000000 0.993753 0.936687 0.958335 0.894387 0.988810 0.910403 0.986973 0.821484 0.482286 0.484552 0.792894 0.759310 0.566978 0.542713 0.934524 0.952571 0.948700 0.824422 0.916131 0.976011 0.962105 0.840877 0.709746 0.593312 0.869477 0.738297 0.741172 0.700652 0.932932 0.909616 0.835627 0.930870 0.864444 0.821826 0.981639 0.903020 0.502120 0.520686 0.669731 0.713917 0.721156 0.727446 0.526084 0.553932 0.979782 0.887486 0.795394 0.727381 0.833238 0.544036 0.768018 0.679730 0.659533 0.720987 0.951030 0.874544 0.676828 0.733021 0.631050 0.634363 0.489978 0.563550 0.838184 0.775741 0.896719 0.865483 0.791192 0.983674 0.691980 0.896748 0.753149 0.656681 0.760427 0.740337 0.837328 0.819937 0.756326 0.831678 0.954909 0.836533 0.715795 0.997676 0.620947 0.723081 0.773850 0.942324 0.898561 0.900868 0.956600 0.707886 0.588648 0.896493 0.989686 0.776169 0.770937 0.974167
0.852556 0.929338 0.690645 0.734479 0.788212 0.939300 0.738680 0.934868 0.922899 0.675627 0.842576 0.901215 0.901144 0.924156 0.992018 0.933125 0.984388 0.997128 0.812552 0.993753 0.000000 0.945862 0.935817 0.857863 0.767047 0.644985 0.871816 0.819951 0.927116 0.937073 0.957836 0.986180 0.957541 0.890290 0.910828 0.907366 0.914360 0.922642 0.708309 0.906547 0.967445 0.926661 0.993127 0.977438 0.778503 0.767184 0.907957 0.932107 0.702955 0.778396 0.817742 0.803129 0.717198 0.800418 0.957442 0.907725 0.988542 0.871447 0.961029 0.884414 0.943841 0.855551 0.983505 0.811964 0.792949 0.777495 0.813207 0.807315 0.935177 0.975108 0.960061 0.962643 0.916708 0.890692 0.871041 0.846738 0.945088 0.942982 0.984713 0.824657 0.993443 0.909327 0.983952 0.944489 0.829801 0.731650 0.893656 0.966424 0.980629 0.895830 0.923225 0.989603 0.998581 0.901629 0.821664 0.984423 0.884676 0.969129 0.768692 0.975058 0.928508 0.918395 0.828104 0.896095 0.954966 0.997415 0.916737 0.928189 0.961453 0.987095 0.992473 0.793598 0.952520 0.941243 0.938767 0.888389
0.950825 0.951922 0.869615 0.965717 0.755007 0.873927 0.978065 0.901882 0.994442 0.981805 0.989621 0.917586 0.876390 0.874952 0.908082 0.835336 0.925265 0.990852 0.876385 0.936687 0.945862 0.000000 0.892462 0.954316 0.858629 0.977610 0.943587 0.927499 0.875987 0.943497 0.891184 0.932740 0.896820 0.927647 0.941194 0.857570 0.837530 0.790539 0.876730 0.845774 0.921539 0.957936 0.800418 0.910568 0.956102 0.943848 0.767780 0.981800 0.947971 0.824343 0.874464 0.951218 0.839911 0.986060 0.990270 0.923916 0.978703 0.964683 0.880830 0.966107 0.841315 0.802641 0.987162 0.937558 0.975630 0.888702 0.975266 0.933830 0.977485 0.967542 0.988208 0.979493 0.954393 0.892459 0.935299 0.828029 0.963994 0.996155 0.996517 0.953594 0.992160 0.979314 0.931655 0.968240 0.844073 0.845237 0.753735 0.809947 0.924100 0.911164 0.893038 0.981779 0.947787 0.942103 0.945390 0.956217 0.901153 0.921762 0.914431 0.903445 0.991013 0.911554 0.922995 0.776390 0.885038 0.810850 0.850454 0.997677 0.955956 0.903216 0.912723 0.936410 0.924994 0.953981 0.948666 0.919393
0.867828 0.956190 0.639126 0.548916 0.766501 0.714654 0.609478 0.704407 0.741971 0.905726 0.782131 0.913556 0.525369 0.641024 0.535619 0.564360 0.878473 0.930362 0.809128 0.958335 0.935817 0.892462 0.000000 0.413571 0.850713 0.715821 0.722063 0.895675 0.852495 0.896770 0.767462 0.760545 0.737458 0.809783 0.792024 0.808961 0.835230 0.969512 0.868472 0.990107 0.749740 0.835570 0.981006 0.995342 0.880693 0.910814 0.891771 0.754131 0.812507 0.924155 0.815337 0.869830 0.878255 0.827786 0.959777 0.944909 0.858258 0.887390 0.896258 0.924658 0.604476 0.827238 0.943213 0.968932 0.497734 0.533261 0.739128 0.609317 0.717231 0.818085 0.962783 0.877380 0.728577 0.750022 0.828793 0.895027 0.952711 0.819869 0.963671 0.926648 0.859110 0.785622 0.577973 0.866063 0.418045 0.456645 0.748800 0.622085 0.895410 0.774498 0.646441 0.877034 0.851220 0.935549 0.849838 0.934107 0.944301 0.995799 0.833381 0.736693 0.746239 0.753714 0.999573 0.815595 0.619697 0.805577 0.874982 0.950422 0.970098 0.988791 0.873083 0.874000 0.974707 0.964310 0.704663 0.948713
0.991585 0.973940 0.625451 0.483958 0.827143 0.759835 0.663355 0.745957 0.903664 0.823971 0.793211 0.907856 0.655060 0.742899 0.711003 0.609425 0.907194 0.931244 0.781097 0.894387 0.857863 0.954316 0.413571 0.000000 0.773322 0.713144 0.699233 0.950107 0.834006 0.873797 0.799659 0.764748 0.818714 0.791410 0.929061 0.821805 0.855209 0.916029 0.993261 0.953312 0.897902 0.931983 0.929171 0.960046 0.948766 0.980975 0.806796 0.809303 0.773604 0.938470 0.829150 0.957100 0.967104 0.932507 0.921433 0.951800 0.997819 0.965453 0.968968 0.973136 0.726192 0.876791 0.957482 0.994062 0.535112 0.529988 0.744166 0.610621 0.862632 0.866096 0.998568 0.789012 0.727562 0.786823 0.932606 0.946425 0.976183 0.838774 0.953886 0.843611 0.844562 0.747466 0.701736 0.854323 0.472386 0.472778 0.789933 0.639827 0.880996 0.798944 0.714942 0.838148 0.816853 0.849581 0.821683 0.958054 0.947402 0.896258 0.958267 0.828909 0.663231 0.855030 0.916374 0.874426 0.671681 0.726121 0.961921 0.961296 0.880595 0.946744 0.860779 0.998640 0.923901 0.935616 0.809302 0.756502
0.837784 0.895730 0.485866 0.701655 0.942925 0.973493 0.755358 0.881665 0.946905 0.864099 0.904265 0.687169 0.959639 0.781065 0.919314 0.837037 0.986599 0.909433 0.726853 0.988810 0.767047 0.858629 0.850713 0.773322 0.000000 0.496682 0.785932 0.950786 0.811816 0.785897 0.682459 0.891644 0.859024 0.862913 0.793130 0.983041 0.732955 0.886545 0.732856 0.774881 0.896096 0.907045 0.609972 0.755680 0.928574 0.942536 0.634100 0.716173 0.933814 0.801702 0.880907 0.979856 0.992668 0.914683 0.777906 0.795649 0.875781 0.964237 0.759017 0.938982 0.941612 0.737004 0.788107 0.668627 0.599100 0.831689 0.700551 0.782927 0.833365 0.948544 0.776648 0.900036 0.954442 0.889479 0.946043 0.984936 0.967107 0.869832 0.940733 0.906746 0.954803 0.843765 0.946588 0.857538 0.771411 0.790061 0.775746 0.994654 0.948368 0.823898 0.957242 0.850259 0.856293 0.830056 0.892777 0.826715 0.951515 0.999907 0.898106 0.903686 0.835607 0.991580 0.994018 0.877169 0.867600 0.955822 0.949660 0.883259 0.899198 0.960313 0.975338 0.928380 0.969787 0.957104 0.918160 0.720578
0.880755 0.955631 0.509575 0.572882 0.909931 0.864379 0.684268 0.972732 0.820248 0.742068 0.979699 0.749967 0.972217 0.791372 0.937219 0.927450 0.905578 0.877487 0.719939 0.910403 0.644985 0.977610 0.715821 0.713144 0.496682 0.000000 0.760923 0.822153 0.722150 0.676990 0.702205 0.937637 0.828802 0.867757 0.867026 0.897743 0.721239 0.929781 0.743999 0.836734 0.913713 0.901086 0.773901 0.879509 0.966489 0.957895 0.720332 0.836021 0.983464 0.991935 0.974473 0.975017 0.946266 0.909783 0.794880 0.814325 0.946529 0.950424 0.912193 0.944497 0.999347 0.783442 0.799509 0.675296 0.537218 0.706282 0.650082 0.688279 0.916726 0.863254 0.793411 0.896575 0.961830 0.963084 0.919799 0.881519 0.925261 0.874770 0.892836 0.937534 0.989356 0.867365 0.939398 0.919709 0.671094 0.626894 0.795031 0.929284 0.906679 0.744682 0.832796 0.737867 0.798363 0.785895 0.804328 0.905301 0.939288 0.961367 0.967313 0.883478 0.851315 0.928104 0.768364 0.958666 0.833227 0.851800 0.846354 0.951358 0.869314 0.897382 0.954662 0.861404 0.906864 0.863088 0.822551 0.817230
0.976460 0.907589 0.813399 0.823093 0.925573 0.923931 0.893033 0.979495 0.915827 0.812246 0.882705 0.871964 0.938403 0.984240 0.913013 0.957194 0.945641 0.933041 0.865538 0.986973 0.871816 0.943587 0.722063 0.699233 0.785932 0.760923 0.000000 0.947056 0.773675 0.918836 0.902878 0.840485 0.955032 0.961402 0.953274 0.964540 0.962832 0.973933 0.872170 0.997033 0.991561 0.967266 0.953292 0.884498 0.898820 0.900745 0.938053 0.994504 0.865090 0.941483 0.933639 0.877527 0.910770 0.919048 0.974125 0.957308 0.969372 0.940845 0.893085 0.858665 0.987426 0.874638 0.919861 0.859059 0.819678 0.854866 0.991511 0.932288 0.981117 0.982530 0.935885 0.945889 0.814036 0.918003 0.968099 0.989823 0.914339 0.916200 0.947228 0.892862 0.995424 0.919274 0.933814 0.961783 0.778375 0.750204 0.983420 0.820760 0.960581 0.990517 0.903506 0.970074 0.961354 0.916900 0.938958 0.905331 0.870386 0.786373 0.931001 0.974825 0.856503 0.922480 0.956897 0.982178 0.808191 0.831879 0.928722 0.865329 0.976010 0.965557 0.987724 0.969281 0.880548 0.910298 0.954604 0.843484
0.877208 0.911631 0.889336 0.845317 0.979073 0.860390 0.989119 0.999421 0.944817 0.910443 0.782781 0.851379 0.998577 0.997195 0.944560 0.998333 0.854975 0.854940 0.993477 0.821484 0.819951 0.927499 0.895675 0.950107 0.950786 0.822153 0.947056 0.000000 0.890430 0.913905 0.908556 0.994403 0.965784 0.944372 0.862220 0.993198 0.867686 0.992139 0.918955 0.893043 0.962229 0.950344 0.937122 0.892736 0.979339 0.929051 0.943434 0.998199 0.980350 0.963005 0.982700 0.876179 0.999954 0.885285 0.870198 0.978804 0.871026 0.927931 0.843929 0.886145 0.923987 0.886294 0.973512 0.879521 0.859468 0.957852 0.942400 0.986867 0.779410 0.894062 0.989719 0.951376 0.842599 0.934742 0.932074 0.916419 0.995878 0.976093 0.889890 0.926150 0.847124 0.860562 0.973694 0.994698 0.999206 0.947399 0.985092 0.945505 0.801778 0.987657 0.893387 0.883393 0.853388 0.946580 0.987023 0.982059 0.992598 0.906114 0.914604 0.943756 0.907662 0.852686 0.924356 0.913573 0.960988 0.982659 0.947701 0.933946 0.988304 0.950344 0.895966 0.961529 0.883409 0.821099 0.993007 0.913972
0.642839 0.612233 0.852091 0.889803 0.933793 0.953151 0.989385 0.803441 0.803302 0.629494 0.595636 0.473075 0.782872 0.686488 0.800443 0.780353 0.434077 0.440911 0.646424 0.482286 0.927116 0.875987 0.852495 0.834006 0.811816 0.722150 0.773675 0.890430 0.000000 0.392539 0.796909 0.800871 0.592453 0.585157 0.978307 0.845337 0.963315 0.913403 0.749855 0.948455 0.894484 0.918973 0.793059 0.596050 0.682141 0.591730 0.776323 0.743068 0.810368 0.865682 0.786328 0.955941 0.971445 0.955210 0.984226 0.860837 0.580711 0.589832 0.712133 0.728133 0.731223 0.715951 0.473257 0.485968 0.834940 0.895657 0.954800 0.898058 0.934517 0.593791 0.959679 0.867235 0.633927 0.667896 0.928736 0.877292 0.719750 0.938923 0.656937 0.729169 0.582011 0.741765 0.871381 0.910021 0.886659 0.869427 0.950103 0.966004 0.798588 0.926781 0.660373 0.595456 0.699577 0.698395 0.779543 0.852865 0.824116 0.827413 0.899731 0.875297 0.898070 0.983763 0.672359 0.744670 0.971284 0.935943 0.930918 0.862319 0.903841 0.727597 0.721642 0.789105 0.949377 0.804945 0.890616 0.931250
0.778983 0.694840 0.817046 0.863491 0.974366 0.904863 0.899266 0.874095 0.671867 0.692802 0.687177 0.523596 0.782242 0.642016 0.768967 0.774057 0.446183 0.431257 0.705557 0.484552 0.937073 0.943497 0.896770 0.873797 0.785897 0.676990 0.918836 0.913905 0.392539 0.000000 0.790275 0.732597 0.645940 0.588920 0.925081 0.863884 0.900811 0.977574 0.840055 0.923711 0.957190 0.964455 0.920878 0.703198 0.827148 0.753656 0.867766 0.828955 0.983803 0.991139 0.912431 0.903342 0.953943 0.986883 0.991857 0.759408 0.637746 0.644058 0.854858 0.823801 0.794986 0.780219 0.508260 0.495700 0.748184 0.829426 0.878910 0.994349 0.970778 0.617679 0.965232 0.810383 0.711244 0.722144 0.981789 0.841860 0.830643 0.897112 0.673162 0.649607 0.603058 0.733200 0.804776 0.877916 0.854162 0.853515 0.988173 0.998767 0.752669 0.848629 0.624334 0.468912 0.577402 0.590004 0.755747 0.867650 0.859202 0.834845 0.970184 0.957659 0.964923 0.920359 0.600365 0.883240 0.972349 0.871820 0.978177 0.788788 0.835091 0.660984 0.705683 0.882132 0.960637 0.835286 0.924317 0.847631
0.884767 0.753189 0.721920 0.774451 0.992405 0.763901 0.887943 0.975914 0.968923 0.844783 0.925868 0.983084 0.835360 0.897634 0.790679 0.806707 0.782645 0.801832 0.653178 0.792894 0.957836 0.891184 0.767462 0.799659 0.682459 0.702205 0.902878 0.908556 0.796909 0.790275 0.000000 0.601726 0.596070 0.701574 0.877511 0.971842 0.746111 0.852521 0.980281 0.864231 0.944318 0.941082 0.682615 0.698577 0.748661 0.729143 0.627865 0.572843 0.853400 0.792554 0.754818 0.928340 0.882032 0.834121 0.713281 0.968569 0.724894 0.762605 0.960088 0.914311 0.929711 0.927461 0.900185 0.951730 0.857945 0.998898 0.915531 0.856207 0.938714 0.827067 0.786003 0.763453 0.905152 0.903428 0.960451 0.758164 0.968694 0.843770 0.877693 0.694643 0.761135 0.745896 0.787276 0.792448 0.874838 0.890761 0.900175 0.805039 0.905550 0.914019 0.901299 0.856693 0.880298 0.874495 0.964137 0.800895 0.932175 0.852852 0.890426 0.975166 0.901920 0.974671 0.915841 0.993596 0.989185 0.962133 0.995725 0.826353 0.883805 0.905440 0.893430 0.911544 0.917785 0.987992 0.868878 0.972383
0.988612 0.898440 0.827983 0.881917 0.912173 0.930091 0.977622 0.985473 0.797251 0.987169 0.891158 0.881435 0.785611 0.729907 0.615098 0.750160 0.737667 0.769781 0.740916 0.759310 0.986180 0.932740 0.760545 0.764748 0.891644 0.937637 0.840485 0.994403 0.800871 0.732597 0.601726 0.000000 0.605399 0.805565 0.944503 0.913537 0.926318 0.884503 0.894827 0.857639 0.958086 0.842553 0.874979 0.824763 0.873946 0.847490 0.741297 0.728693 0.948312 0.922408 0.819840 0.966882 0.962671 0.933043 0.772436 0.947878 0.839980 0.769830 0.936150 0.973367 0.910070 0.975733 0.835424 0.820261 0.930645 0.994901 0.975470 0.910510 0.980554 0.854653 0.911573 0.671279 0.942668 0.906690 0.952388 0.896573 0.993606 0.817416 0.793311 0.596144 0.728757 0.729056 0.687712 0.709177 0.894398 0.862279 0.965336 0.754339 0.874673 0.943148 0.892433 0.839609 0.732505 0.836851 0.964157 0.957153 0.980790 0.799386 0.957618 0.937115 0.973079 0.986821 0.835177 0.926356 0.889984 0.899798 0.910034 0.893728 0.893718 0.870980 0.858749 0.817483 0.866016 0.895848 0.897561 0.996981
0.716219 0.593128 0.689724 0.648087 0.951129 0.940923 0.669392 0.661663 0.981181 0.755307 0.829937 0.685326 0.671616 0.704591 0.674775 0.767335 0.557101 0.599566 0.512676 0.566978 0.957541 0.896820 0.737458 0.818714 0.859024 0.828802 0.955032 0.965784 0.592453 0.645940 0.596070 0.605399 0.000000 0.510245 0.782498 0.988387 0.881094 0.927034 0.903338 0.968571 0.898095 0.820312 0.623658 0.529776 0.669562 0.641130 0.547413 0.534567 0.891086 0.828201 0.618057 0.784215 0.858438 0.923487 0.842116 0.983649 0.634889 0.633338 0.615799 0.690944 0.605422 0.761963 0.604065 0.663377 0.707741 0.753111 0.657065 0.561465 0.998976 0.824863 0.895857 0.727306 0.882156 0.903451 0.999163 0.870115 0.716654 0.809200 0.772718 0.651101 0.535403 0.628122 0.706051 0.764646 0.713699 0.735736 0.855887 0.895420 0.953977 0.728750 0.975271 0.895228 0.928447 0.929587 0.838201 0.837632 0.926629 0.883584 0.684065 0.686917 0.767405 0.807831 0.782448 0.814801 0.700157 0.909086 0.898117 0.923450 0.987161 0.862282 0.749552 0.863864 0.970885 0.964519 0.678046 0.999275
0.534927 0.506965 0.743126 0.659407 0.856704 0.929331 0.664819 0.578614 0.896102 0.827355 0.742534 0.550594 0.682376 0.697332 0.770292 0.717618 0.582656 0.515488 0.514400 0.542713 0.890290 0.927647 0.809783 0.791410 0.862913 0.867757 0.961402 0.944372 0.585157 0.588920 0.701574 0.805565 0.510245 0.000000 0.811531 0.994231 0.851739 0.866663 0.980980 0.952450 0.935420 0.892240 0.607278 0.493015 0.747731 0.664359 0.581940 0.547495 0.954510 0.941898 0.703789 0.911869 0.992410 0.897900 0.913740 0.974624 0.560889 0.628078 0.577542 0.619803 0.585186 0.640475 0.587809 0.605687 0.711016 0.688833 0.624604 0.529759 0.949237 0.757273 0.810116 0.708513 0.766156 0.751866 0.936484 0.894689 0.663384 0.716769 0.708405 0.707701 0.511895 0.598216 0.749639 0.739329 0.707393 0.698317 0.903960 0.881086 0.932320 0.838917 0.983583 0.831546 0.909757 0.948036 0.789767 0.702967 0.765425 0.836891 0.731254 0.693477 0.664837 0.966048 0.694306 0.784280 0.712652 0.871864 0.905496 0.888292 0.893562 0.694594 0.694781 0.797452 0.783130 0.899242 0.701566 0.866024
0.834261 0.859659 0.722489 0.717916 0.929433 0.825988 0.721946 0.797692 0.816999 0.893249 0.931725 0.957008 0.843439 0.973913 0.894111 0.994127 0.972323 0.982908 0.875516 0.934524 0.910828 0.941194 0.792024 0.929061 0.793130 0.867026 0.953274 0.862220 0.978307 0.925081 0.877511 0.944503 0.782498 0.811531 0.000000 0.873415 0.742778 0.962064 0.937718 0.991944 0.925026 0.966150 0.715156 0.716423 0.749335 0.749026 0.836599 0.716752 0.805497 0.733508 0.742525 0.748875 0.767110 0.847749 0.894094 0.875580 0.915830 0.865934 0.772120 0.822793 0.738168 0.787462 0.994098 0.996025 0.671754 0.718962 0.673641 0.694433 0.991830 0.927571 0.932591 0.949661 0.950070 0.944877 0.942550 0.935638 0.757906 0.766973 0.973495 0.941867 0.881369 0.887720 0.877520 0.779682 0.724257 0.757561 0.979896 0.939527 0.879438 0.752926 0.780667 0.821010 0.831177 0.797984 0.995129 0.833758 0.959352 0.971663 0.840580 0.887408 0.888010 0.735418 0.946874 0.827690 0.825091 0.978532 0.875443 0.986424 0.917711 0.970208 0.991047 0.942259 0.822349 0.958426 0.725626 0.929679
0.937150 0.994979 0.896782 0.890830 0.831667 0.875084 0.914650 0.959224 0.826195 0.985846 0.987990 0.976217 0.936526 0.957155 0.949779 0.984946 0.987033 0.977050 0.960645 0.952571 0.907366 0.857570 0.808961 0.821805 0.983041 0.897743 0.964540 0.993198 0.845337 0.863884 0.971842 0.913537 0.988387 0.994231 0.873415 0.000000 0.936083 0.977336 0.985121 0.881244 0.925465 0.977630 0.990224 0.948212 0.869170 0.923317 0.981868 0.969587 0.939888 0.958584 0.978183 0.956196 0.981768 0.988856 0.891633 0.990600 0.974660 0.925661 0.986586 0.995180 0.900922 0.901408 0.895659 0.921083 0.834269 0.884163 0.937563 0.931205 0.916423 0.952510 0.961682 0.941007 0.961618 0.942456 0.956331 0.941680 0.931262 0.876523 0.816804 0.999283 0.977829 0.918863 0.785758 0.922854 0.769556 0.824650 0.879455 0.761613 0.874114 0.809554 0.900739 0.966282 0.882745 0.964295 0.958823 0.921063 0.851353 0.952517 0.905678 0.926918 0.857159 0.882101 0.905356 0.875467 0.890681 0.922321 0.800862 0.941254 0.929457 0.984069 0.967415 0.995622 0.974453 0.982752 0.961818 0.994444
0.911073 0.808620 0.860309 0.905981 0.999028 0.871165 0.974722 0.936933 0.943345 0.974998 0.928558 0.932195 0.985703 0.825882 0.970002 0.926218 0.942660 0.984801 0.913264 0.948700 0.914360 0.837530 0.835230 0.855209 0.732955 0.721239 0.962832 0.867686 0.963315 0.900811 0.746111 0.926318 0.881094 0.851739 0.742778 0.936083 0.000000 0.676897 0.778675 0.888649 0.837045 0.892269 0.780676 0.861104 0.799789 0.737776 0.744416 0.727485 0.783669 0.685833 0.862226 0.816665 0.878395 0.878832 0.731285 0.701084 0.844196 0.818507 0.993782 0.974311 0.933587 0.985948 0.952187 0.977331 0.871799 0.975411 0.879899 0.809000 0.959564 0.927397 0.667655 0.855278 0.999204 0.942678 0.935153 0.930709 0.980568 0.753062 0.952716 0.948418 0.920485 0.878723 0.917252 0.789882 0.918324 0.952249 0.871768 0.854546 0.790194 0.829598 0.994786 0.938806 0.883254 0.969251 0.981270 0.827659 0.962632 0.829755 0.794513 0.957240 0.825504 0.963989 0.931444 0.936846 0.892242 0.802227 0.953280 0.898753 0.907238 0.840423 0.899679 0.956085 0.979882 0.924830 0.776552 0.956966
0.865258 0.771979 0.964537 0.954649 0.888655 0.892090 0.910555 0.989340 0.977909 0.802652 0.945135 0.947441 0.860493 0.904113 0.962906 0.988418 0.956448 0.905791 0.827058 0.824422 0.922642 0.790539 0.969512 0.916029 0.886545 0.929781 0.973933 0.992139 0.913403 0.977574 0.852521 0.884503 0.927034 0.866663 0.962064 0.977336 0.676897 0.000000 0.937140 0.980833 0.966341 0.827778 0.659849 0.758847 0.739515 0.702683 0.706675 0.658987 0.705103 0.676844 0.869339 0.837110 0.849441 0.968535 0.823685 0.797991 0.809479 0.795442 0.914622 0.976435 0.890667 0.936320 0.921843 0.957599 0.951881 0.949150 0.901223 0.940413 0.717801 0.814538 0.743495 0.692807 0.861398 0.822370 0.936498 0.960065 0.999664 0.857293 0.872148 0.897724 0.947062 0.928388 0.960579 0.894589 0.937708 0.991731 0.881582 0.968647 0.791001 0.946248 0.938133 0.947163 0.888272 0.946863 0.986388 0.807825 0.702489 0.726467 0.841026 0.812253 0.764674 0.929947 0.787713 0.680116 0.913315 0.703587 0.874015 0.980817 0.942936 0.919740 0.793918 0.890478 0.941119 0.836259 0.864770 0.829941
