0.000000 0.527660 0.780693 0.600142 0.869115 0.862293 0.633171 0.594716 0.922532 0.696060 0.523729 0.662517 0.976498 0.997086 0.884170 0.847610 0.472194 0.360024 0.513501 0.486361 0.926255 0.909167 0.852661 0.774872 0.964734 0.956820 0.918447 0.954538 0.756630 0.795552 0.943843 0.976138 0.505716 0.550184 0.769361 0.962336 0.680921 0.764353 0.994381 0.931259 0.703029 0.702870 0.780790 0.808578 0.750598 0.600980 0.569740 0.539917 0.627150 0.653609 0.786752 0.810364 0.890637 0.893383 0.551632 0.543442 0.400096 0.518105 0.432461 0.550848 0.609756 0.686095 0.460257 0.441377 0.956238 0.931012 0.655113 0.781400 0.603993 0.608759 0.914102 0.992950 0.990021 0.909512 0.905244 0.907931 0.990451 0.739387 0.735583 0.981275 0.403673 0.364842 0.807378 0.514703 0.636376 0.832211 0.883574 0.939185 0.803518 0.485794 0.755147 0.980273 0.821185 0.998401 0.732334 0.814384 0.659469 0.819617 0.597994 0.615894 0.864592 0.947877 0.457867 0.632855 0.812401 0.621179 0.899948 0.854242 0.984073 0.911745 0.904904 0.703457 0.773476 0.899637 0.929641 0.949463
0.527660 0.000000 0.850868 0.697789 0.799644 0.893572 0.794998 0.730001 0.998096 0.839125 0.763345 0.757372 0.989641 0.895894 0.996952 0.995951 0.592254 0.530406 0.575864 0.526557 0.945753 0.919850 0.967965 0.940313 0.986847 0.921558 0.938659 0.950883 0.906722 0.850148 0.933249 0.951899 0.669180 0.742165 0.883635 0.884937 0.752780 0.757040 0.887504 0.968115 0.761127 0.761374 0.709366 0.704844 0.685595 0.582360 0.695936 0.605431 0.501505 0.505907 0.655386 0.685839 0.713322 0.906583 0.680728 0.745459 0.493195 0.493747 0.565569 0.579121 0.893694 0.850517 0.787076 0.693522 0.997369 0.975282 0.809529 0.770939 0.610799 0.533280 0.731704 0.775413 0.932390 0.979291 0.863891 0.996208 0.856569 0.701159 0.843766 0.892643 0.656749 0.549215 0.849259 0.674546 0.756436 0.909677 0.954754 0.964921 0.893661 0.592703 0.778181 0.788861 0.808955 0.844025 0.801076 0.801953 0.635514 0.883799 0.644822 0.573215 0.917929 0.757635 0.562893 0.583804 0.743662 0.644595 0.958508 0.830956 0.947611 0.776304 0.978348 0.704255 0.685077 0.845148 0.884470 0.992223
0.780693 0.850868 0.000000 0.549104 0.962358 0.731632 0.534079 0.975978 0.624389 0.996269 0.874833 0.839855 0.958923 0.884077 0.996111 0.695847 0.881020 0.824998 0.794009 0.885924 0.867328 0.973419 0.898250 0.969604 0.754169 0.721239 0.837108 0.902865 0.944354 0.759113 0.932605 0.972836 0.736359 0.948371 0.647286 0.964429 0.788664 0.864902 0.931302 0.994187 0.793383 0.777747 0.871124 0.806058 0.829714 0.817536 0.924334 0.939076 0.942775 0.824063 0.846719 0.836987 0.816713 0.687919 0.919753 0.809685 0.797037 0.827623 0.887095 0.936916 0.844897 0.843447 0.923589 0.959881 0.576723 0.889947 0.581325 0.971284 0.687356 0.756478 0.986429 0.815323 0.917015 0.819112 0.832342 0.856788 0.855388 0.831453 0.774766 0.977422 0.793243 0.831347 0.887343 0.777356 0.738035 0.825774 0.972524 0.887191 0.815874 0.872229 0.611676 0.599148 0.531571 0.567714 0.848909 0.762324 0.800521 0.881993 0.812125 0.725606 0.984883 0.860964 0.755241 0.846303 0.839643 0.770863 0.901696 0.792065 0.899805 0.954489 0.984982 0.810877 0.794382 0.979758 0.980847 0.899781
0.600142 0.697789 0.549104 0.000000 0.940007 0.889156 0.602199 0.745922 0.782481 0.884559 0.735771 0.912434 0.899858 0.906677 0.958397 0.851866 0.770298 0.679437 0.548054 0.660441 0.973480 0.944431 0.807482 0.944523 0.800711 0.703535 0.865540 0.933822 0.904984 0.947746 0.854375 0.933315 0.670376 0.789732 0.707389 0.914706 0.870500 0.949225 0.944395 0.943831 0.750826 0.775632 0.770801 0.720224 0.778793 0.697324 0.739785 0.714312 0.829396 0.725207 0.839524 0.754309 0.800877 0.813993 0.785306 0.642267 0.717636 0.762445 0.833981 0.819279 0.775885 0.918938 0.739491 0.776740 0.690378 0.935190 0.612743 0.843320 0.700796 0.710028 0.837976 0.843418 0.909989 0.971925 0.922291 0.920797 0.787174 0.774672 0.862808 0.932166 0.630181 0.606488 0.825973 0.747662 0.600568 0.664030 0.917121 0.951792 0.877776 0.640104 0.497346 0.622703 0.471586 0.623257 0.826763 0.740432 0.688341 0.842348 0.652535 0.540883 0.944651 0.848516 0.533919 0.626597 0.677993 0.630901 0.997222 0.922709 0.900921 0.968086 0.870439 0.633036 0.814730 0.926895 0.909721 0.982745
0.869115 0.799644 0.962358 0.940007 0.000000 0.951784 0.983735 0.992924 0.800080 0.986478 0.990154 0.961046 0.750677 0.895256 0.734117 0.784195 0.987469 0.899877 0.947772 0.961678 0.764744 0.943828 0.683021 0.690337 0.944248 0.855376 0.805122 0.904130 0.988010 0.992164 0.893058 0.949558 0.834246 0.915418 0.982557 0.935876 0.927662 0.732547 0.957378 0.913475 0.888012 0.991632 0.697715 0.672903 0.881606 0.849581 0.711736 0.828753 0.800184 0.890700 0.842547 0.935572 0.976807 0.986573 0.957367 0.984982 0.835316 0.972099 0.796298 0.869575 0.949179 0.956703 0.993745 0.971954 0.849573 0.947293 0.848404 0.708813 0.982438 0.937590 0.938252 0.992520 0.929879 0.837087 0.938984 0.876460 0.931448 0.892522 0.796916 0.941552 0.849864 0.961297 0.786799 0.958469 0.744916 0.805337 0.817092 0.780280 0.976577 0.992789 0.923657 0.974999 0.869527 0.994608 0.985767 0.784041 0.978820 0.863355 0.940203 0.907902 0.931240 0.884519 0.957048 0.804986 0.859301 0.893673 0.953716 0.943182 0.913922 0.881917 0.973029 0.978908 0.830254 0.983654 0.970893 0.990618
0.862293 0.893572 0.731632 0.889156 0.951784 0.000000 0.983834 0.793055 0.913391 0.762944 0.873431 0.803562 0.969347 0.870462 0.874313 0.858687 0.891596 0.905385 0.920165 0.963547 0.965988 0.861984 0.942841 0.935147 0.862623 0.932346 0.996965 0.900131 0.871463 0.815627 0.949147 0.994500 0.894967 0.951740 0.859212 0.934910 0.951330 0.949742 0.938083 0.962393 0.936436 0.900250 0.985939 0.984055 0.994689 0.903324 0.839117 0.913888 0.961268 0.987729 0.959296 0.983949 0.968732 0.842941 0.946023 0.880035 0.974238 0.948593 0.880454 0.720124 0.840724 0.665709 0.863862 0.867875 0.827461 0.701778 0.935516 0.800360 0.868284 0.946417 0.895380 0.963397 0.939842 0.879731 0.984568 0.875224 0.988349 0.927680 0.921203 0.936200 0.839023 0.832971 0.910756 0.937387 0.952592 0.966277 0.931988 0.944593 0.924393 0.937698 0.957866 0.895936 0.979875 0.874617 0.971877 0.936145 0.897404 0.845086 0.900829 0.935282 0.906798 0.948166 0.880602 0.883861 0.884779 0.975924 0.887410 0.938944 0.963242 0.963768 0.969280 0.820849 0.975693 0.934651 0.833920 0.895480
0.633171 0.794998 0.534079 0.602199 0.983735 0.983834 0.000000 0.474713 0.657189 0.498117 0.580778 0.829571 0.948550 0.797353 0.656895 0.662039 0.632002 0.586968 0.649470 0.775871 0.932957 0.912074 0.948980 0.762328 0.783934 0.885024 0.842833 0.789146 0.743288 0.836618 0.899203 0.998386 0.635310 0.533844 0.818294 0.941917 0.954010 0.985413 0.956645 0.944288 0.838680 0.890014 0.841087 0.832282 0.500746 0.509255 0.861365 0.814707 0.775361 0.857447 0.938768 0.992685 0.895092 0.907983 0.894566 0.773525 0.837099 0.862029 0.764238 0.853845 0.458776 0.693401 0.609359 0.585495 0.954338 0.997604 0.550601 0.711155 0.803107 0.703826 0.911743 0.882731 0.928419 0.963270 0.765813 0.975982 0.866650 0.725332 0.755079 0.920018 0.600477 0.644570 0.992590 0.712832 0.883168 0.938860 0.772823 0.784135 0.928710 0.938796 0.477908 0.637730 0.487236 0.722475 0.757613 0.825136 0.793973 0.812565 0.498571 0.538099 0.797701 0.938350 0.593458 0.681044 0.886104 0.803113 0.931442 0.960613 0.989726 0.914987 0.887077 0.662034 0.675649 0.764077 0.820512 0.997190
0.594716 0.730001 0.975978 0.745922 0.992924 0.793055 0.474713 0.000000 0.892271 0.333489 0.405762 0.462475 0.975206 0.982092 0.598245 0.811362 0.536650 0.519894 0.655098 0.682847 0.835694 0.814574 0.750192 0.728033 0.556412 0.690172 0.711197 0.675323 0.556929 0.531565 0.989141 0.986522 0.684721 0.384080 0.972142 0.992130 0.898442 0.806398 0.943848 0.997604 0.814587 0.965603 0.878840 0.891986 0.548009 0.515698 0.791692 0.728705 0.673908 0.954285 0.892159 0.809403 0.846984 0.711695 0.771931 0.754425 0.856611 0.882171 0.694854 0.680358 0.380865 0.374297 0.432037 0.367074 0.610858 0.815354 0.750094 0.596355 0.977080 0.767893 0.968979 0.933068 0.982916 0.945035 0.788145 0.985897 0.973442 0.811811 0.847282 0.844845 0.550474 0.584096 0.932259 0.691497 0.988804 0.905208 0.703255 0.794254 0.905645 0.808735 0.716568 0.999970 0.820644 0.881370 0.758794 0.932457 0.814093 0.840332 0.504301 0.638374 0.677859 0.938168 0.562044 0.664324 0.991864 0.870247 0.837125 0.837854 0.909706 0.904840 0.826580 0.663817 0.764178 0.715050 0.795858 0.842930
0.922532 0.998096 0.624389 0.782481 0.800080 0.913391 0.657189 0.892271 0.000000 0.866390 0.954359 0.911208 0.883938 0.970328 0.976881 0.933944 0.987868 0.995836 0.967065 0.965160 0.990480 0.881877 0.837813 0.925670 0.997615 0.986572 0.905025 0.975649 0.887891 0.914844 0.975771 0.899747 0.883817 0.995597 0.813750 0.817976 0.922754 0.931916 0.910515 0.938420 0.933391 0.960934 0.907028 0.953182 0.864614 0.904478 0.929755 0.836407 0.952897 0.981696 0.889186 0.907916 0.857326 0.695416 0.920825 0.956736 0.952810 0.930469 0.943404 0.918755 0.816102 0.991212 0.968851 0.972559 0.734940 0.943302 0.748811 0.984667 0.945232 0.918766 0.971601 0.902462 0.963212 0.963449 0.894165 0.971381 0.780835 0.997228 0.897034 0.848557 0.972867 0.949449 0.952024 0.926932 0.906146 0.915536 0.921354 0.878857 0.972042 0.917236 0.644681 0.616902 0.648648 0.649532 0.922791 0.903556 0.806218 0.975135 0.853360 0.813477 0.902207 0.829497 0.935671 0.924191 0.879722 0.981894 0.941606 0.866014 0.903799 0.969937 0.953287 0.833805 0.874932 0.861710 0.836246 0.988059
0.696060 0.839125 0.996269 0.884559 0.986478 0.762944 0.498117 0.333489 0.866390 0.000000 0.526885 0.573524 0.900393 0.904276 0.557235 0.799057 0.618058 0.576374 0.744765 0.832961 0.887384 0.931823 0.707825 0.646368 0.444395 0.552217 0.697837 0.644123 0.640500 0.589489 0.953224 0.921602 0.768430 0.497981 0.987320 0.940330 0.894659 0.762155 0.861298 0.923689 0.880497 0.958301 0.999472 0.996921 0.552070 0.570899 0.821436 0.799846 0.703075 0.999724 0.895245 0.780713 0.878859 0.747946 0.857413 0.774358 0.955548 0.887357 0.682240 0.699510 0.432040 0.444035 0.535096 0.459107 0.548486 0.892084 0.759430 0.657551 0.963298 0.736499 0.965303 0.980235 0.889758 0.980935 0.753087 0.994673 0.963781 0.883115 0.807459 0.751760 0.617834 0.700949 0.813825 0.787804 0.882178 0.736555 0.711977 0.754622 0.810860 0.911433 0.772272 0.992448 0.867393 0.874269 0.782824 0.967893 0.897961 0.859862 0.553497 0.688105 0.711280 0.887847 0.641724 0.739124 0.972538 0.855165 0.938718 0.905094 0.972557 0.882362 0.926041 0.716174 0.811266 0.674612 0.804461 0.939617
0.523729 0.763345 0.874833 0.735771 0.990154 0.873431 0.580778 0.405762 0.954359 0.526885 0.000000 0.500307 0.988802 0.905011 0.654061 0.765722 0.464403 0.490193 0.689894 0.632617 0.952865 0.705677 0.732287 0.704413 0.810359 0.854321 0.856047 0.841357 0.596222 0.597492 0.965272 0.939342 0.626987 0.416363 0.823879 0.935705 0.920456 0.940305 0.986964 0.980446 0.722134 0.844477 0.946943 0.965175 0.704140 0.646591 0.789523 0.799919 0.749788 0.968579 0.853876 0.826917 0.788691 0.681208 0.729654 0.708622 0.739668 0.849786 0.640849 0.701585 0.441598 0.471293 0.389395 0.369853 0.765532 0.844954 0.677312 0.663848 0.953511 0.719799 0.935198 0.885124 0.939153 0.984724 0.879691 0.920683 0.920373 0.920341 0.806610 0.962462 0.494203 0.519711 0.945126 0.609418 0.897877 0.962462 0.796067 0.788567 0.994953 0.712182 0.785509 0.879439 0.879765 0.844870 0.674143 0.896930 0.850394 0.864794 0.648384 0.727237 0.751201 0.936735 0.526868 0.731617 0.990790 0.787378 0.720251 0.842681 0.829768 0.862396 0.929692 0.747758 0.837942 0.886998 0.894971 0.882904
0.662517 0.757372 0.839855 0.912434 0.961046 0.803562 0.829571 0.462475 0.911208 0.573524 0.500307 0.000000 0.696517 0.690419 0.925736 0.845116 0.587795 0.594740 0.665407 0.658978 0.870764 0.787983 0.827751 0.943527 0.691234 0.666584 0.870701 0.810329 0.606717 0.526454 0.819082 0.937787 0.828193 0.522261 0.962970 0.969976 0.869959 0.744009 0.921278 0.978985 0.806662 0.969342 0.907027 0.970176 0.812385 0.730295 0.726661 0.835776 0.810674 0.899409 0.817852 0.734285 0.675691 0.549677 0.663879 0.726046 0.812116 0.942909 0.816155 0.823828 0.509074 0.428373 0.434860 0.456316 0.704712 0.688305 0.949477 0.807959 0.946867 0.806988 0.934420 0.739491 0.980878 0.962944 0.862310 0.923629 0.941367 0.914644 0.951896 0.862129 0.575101 0.558338 0.933826 0.700816 0.845462 0.828897 0.811643 0.992900 0.899092 0.770011 0.914444 0.700829 0.875576 0.616748 0.740275 0.967478 0.880814 0.959217 0.819827 0.951998 0.785637 0.844166 0.728429 0.839577 0.907094 0.941871 0.681011 0.860373 0.835726 0.965980 0.854363 0.836762 0.934023 0.918380 0.871385 0.814755
0.976498 0.989641 0.958923 0.899858 0.750677 0.969347 0.948550 0.975206 0.883938 0.900393 0.988802 0.696517 0.000000 0.480291 0.565784 0.542496 0.977593 0.978859 0.881363 0.952771 0.813563 0.976094 0.697046 0.615604 0.992278 0.924218 0.725333 0.813351 0.943750 0.955165 0.812220 0.968364 0.950134 0.992786 0.844361 0.892858 0.867461 0.856027 0.872885 0.915365 0.851455 0.962853 0.931104 0.892565 0.828930 0.880141 0.988316 0.914473 0.835835 0.791956 0.852064 0.838761 0.822091 0.897510 0.719653 0.816551 0.960372 0.856374 0.697497 0.679142 0.837101 0.966667 0.823708 0.962340 0.739097 0.867217 0.922734 0.668385 0.913543 0.946396 0.901453 0.854327 0.991186 0.991837 0.944765 0.889107 0.992117 0.962980 0.854242 0.888113 0.891297 0.884704 0.730850 0.852534 0.523703 0.492991 0.934020 0.689265 0.735896 0.981485 0.908598 0.886051 0.981830 0.880950 0.861473 0.981468 0.899134 0.961405 0.872764 0.812760 0.792715 0.875164 0.998292 0.941224 0.972703 0.923742 0.803587 0.929018 0.995126 0.862062 0.812739 0.922226 0.856326 0.946185 0.959342 0.843665
0.997086 0.895894 0.884077 0.906677 0.895256 0.870462 0.797353 0.982092 0.970328 0.904276 0.905011 0.690419 0.480291 0.000000 0.542239 0.481632 0.928341 0.964928 0.765619 0.814737 0.925762 0.999831 0.703076 0.556789 0.961288 0.988730 0.660704 0.860963 0.841459 0.798575 0.989630 0.773903 0.979234 0.984601 0.906033 0.994768 0.757573 0.858620 0.943869 0.902747 0.916304 0.901063 0.901467 0.953096 0.946900 0.990465 0.858556 0.908689 0.981114 0.971588 0.997244 0.994167 0.980816 0.957089 0.861152 0.818533 0.964865 0.900105 0.764786 0.857624 0.999788 0.979159 0.844118 0.976251 0.860885 0.847103 0.884942 0.852265 0.973326 0.958280 0.926010 0.958314 0.855919 0.859501 0.942567 0.963465 0.867849 0.979661 0.947352 0.981981 0.880514 0.893290 0.771465 0.912819 0.645694 0.548247 0.971486 0.662489 0.886028 0.870872 0.878940 0.900849 0.952988 0.848283 0.918255 0.954380 0.967919 0.835614 0.939790 0.938483 0.971132 0.940844 0.990747 0.955870 0.983950 0.957562 0.795331 0.981341 0.947828 0.877196 0.806627 0.914732 0.939987 0.941376 0.950317 0.874967
0.884170 0.996952 0.996111 0.958397 0.734117 0.874313 0.656895 0.598245 0.976881 0.557235 0.654061 0.925736 0.565784 0.542239 0.000000 0.469156 0.754336 0.821522 0.907744 0.912567 0.948629 0.907231 0.499983 0.461931 0.752920 0.850022 0.555651 0.796586 0.863872 0.814572 0.956202 0.885025 0.858915 0.696752 0.943119 0.938414 0.956049 0.971664 0.900394 0.901112 0.974566 0.946929 0.850330 0.813105 0.632867 0.664456 0.887785 0.888885 0.764995 0.969011 0.991251 0.857275 0.822549 0.833817 0.994413 0.997645 0.987386 0.988865 0.677908 0.714825 0.699466 0.611592 0.840795 0.737669 0.604879 0.859247 0.744084 0.498193 0.788791 0.883971 0.911550 0.869656 0.911384 0.930796 0.894182 0.876419 0.953810 0.887177 0.798156 0.982999 0.861129 0.965893 0.631116 0.991575 0.563780 0.577417 0.758307 0.642247 0.770811 0.933205 0.867201 0.963881 0.987063 0.966785 0.964010 0.982521 0.939081 0.793333 0.772755 0.771456 0.717010 0.983541 0.863116 0.876333 0.888119 0.976571 0.997806 0.954038 0.957680 0.857889 0.995534 0.899965 0.851310 0.760730 0.828208 0.989410
0.847610 0.995951 0.695847 0.851866 0.784195 0.858687 0.662039 0.811362 0.933944 0.799057 0.765722 0.845116 0.542496 0.481632 0.469156 0.000000 0.845951 0.852593 0.966386 0.950499 0.904825 0.952094 0.547577 0.462442 0.978463 0.936614 0.711991 0.901291 0.964908 0.887418 0.970824 0.783384 0.941302 0.864431 0.893154 0.979844 0.886932 0.917752 0.963470 0.907085 0.970572 0.847897 0.892611 0.816818 0.756640 0.774433 0.953102 0.911845 0.805269 0.934379 0.992617 0.968294 0.934248 0.975740 0.967820 0.932474 0.909143 0.923560 0.677174 0.846413 0.888566 0.925243 0.947955 0.861504 0.879185 0.888510 0.746869 0.744109 0.969249 0.870223 0.891379 0.934447 0.791953 0.802400 0.936236 0.968413 0.995491 0.970232 0.845453 0.980672 0.871448 0.958404 0.699431 0.983718 0.699519 0.672731 0.817256 0.545493 0.931091 0.924211 0.809003 0.894291 0.815609 0.845985 0.985766 0.940288 0.922872 0.815754 0.785314 0.761795 0.836843 0.950685 0.846359 0.845339 0.965180 0.823284 0.910014 0.995878 0.999181 0.951768 0.905513 0.907233 0.971840 0.958209 0.874833 0.928528
0.472194 0.592254 0.881020 0.770298 0.987469 0.891596 0.632002 0.536650 0.987868 0.618058 0.464403 0.587795 0.977593 0.928341 0.754336 0.845951 0.000000 0.418629 0.633825 0.570265 0.946374 0.867796 0.791758 0.746073 0.853621 0.930642 0.853438 0.868583 0.698654 0.724968 0.989552 0.958108 0.635195 0.549528 0.819733 0.963066 0.815553 0.942354 0.857076 0.929127 0.719036 0.833826 0.894141 0.874464 0.744166 0.695946 0.744779 0.733593 0.711176 0.803567 0.906814 0.937453 0.983942 0.844502 0.632802 0.666762 0.556440 0.604010 0.496581 0.571083 0.548853 0.571691 0.481605 0.418090 0.853718 0.813415 0.679929 0.701049 0.766424 0.660679 0.905463 0.893512 0.959641 0.957751 0.816794 0.912444 0.999450 0.807751 0.805567 0.963615 0.473773 0.488537 0.958429 0.623557 0.826999 0.925282 0.878818 0.938121 0.813367 0.675557 0.834188 0.945389 0.890069 0.960895 0.698198 0.811318 0.763076 0.877487 0.590157 0.674309 0.812226 0.933684 0.522327 0.647761 0.867736 0.677312 0.906560 0.912444 0.995493 0.810204 0.951187 0.744893 0.813061 0.857548 0.980922 0.954422
0.360024 0.530406 0.824998 0.679437 0.899877 0.905385 0.586968 0.519894 0.995836 0.576374 0.490193 0.594740 0.978859 0.964928 0.821522 0.852593 0.418629 0.000000 0.557328 0.499353 0.939519 0.920920 0.797877 0.730204 0.853549 0.925874 0.926371 0.872943 0.674252 0.645386 0.965531 0.973410 0.544986 0.503897 0.827962 0.898802 0.719454 0.873874 0.973542 0.902875 0.721270 0.712449 0.715503 0.765417 0.616033 0.524499 0.551657 0.545215 0.543637 0.663065 0.786468 0.851332 0.888570 0.905248 0.610843 0.565912 0.426935 0.541742 0.423133 0.547062 0.578514 0.633824 0.436134 0.396373 0.811733 0.960616 0.618144 0.706464 0.675971 0.525522 0.920777 0.968520 0.942651 0.892264 0.833237 0.926351 0.940155 0.785227 0.734801 0.992729 0.333966 0.367434 0.822701 0.462130 0.730027 0.947711 0.852664 0.903073 0.856286 0.576740 0.803664 0.988501 0.842701 0.952751 0.680795 0.784476 0.759132 0.808599 0.534669 0.627044 0.823135 0.984972 0.427905 0.589583 0.849249 0.617058 0.936612 0.934342 0.952897 0.831398 0.928428 0.654166 0.737124 0.849008 0.996571 0.949059
0.513501 0.575864 0.794009 0.548054 0.947772 0.920165 0.649470 0.655098 0.967065 0.744765 0.689894 0.665407 0.881363 0.765619 0.907744 0.966386 0.633825 0.557328 0.000000 0.499120 0.866960 0.806323 0.789181 0.898381 0.955845 0.948706 0.990758 0.867921 0.753558 0.795917 0.839919 0.676564 0.672049 0.629924 0.778986 0.896234 0.973444 0.986977 0.844406 0.834996 0.753005 0.776939 0.826833 0.847382 0.668118 0.591782 0.716643 0.668389 0.662216 0.662246 0.842271 0.810452 0.746112 0.919349 0.694250 0.662874 0.653209 0.707670 0.783207 0.764138 0.700404 0.822104 0.576954 0.595616 0.965678 0.984532 0.840057 0.895549 0.703985 0.645019 0.718788 0.819447 0.842477 0.863533 0.940101 0.953037 0.853594 0.739201 0.856080 0.915403 0.601087 0.501614 0.750890 0.756984 0.577573 0.795351 0.992426 0.887522 0.968797 0.683720 0.658590 0.777253 0.622278 0.868566 0.665826 0.890592 0.813227 0.990669 0.598819 0.520266 0.888232 0.992708 0.567475 0.674345 0.775413 0.612312 0.936067 0.879659 0.944689 0.963298 0.839974 0.669456 0.733049 0.971636 0.983608 0.872059
0.486361 0.526557 0.885924 0.660441 0.961678 0.963547 0.775871 0.682847 0.965160 0.832961 0.632617 0.658978 0.952771 0.814737 0.912567 0.950499 0.570265 0.499353 0.499120 0.000000 0.957395 0.804473 0.911710 0.955539 0.979610 0.962926 0.943411 0.812720 0.661707 0.721421 0.780159 0.839922 0.628515 0.653020 0.841625 0.942724 0.817215 0.856010 0.990865 0.952478 0.683421 0.855821 0.831456 0.902714 0.772525 0.658191 0.676443 0.687693 0.645303 0.602210 0.763819 0.716701 0.775067 0.984806 0.790978 0.713814 0.558464 0.608651 0.629000 0.588202 0.781554 0.759296 0.592325 0.582368 0.976697 0.914374 0.816424 0.798565 0.737765 0.693485 0.762247 0.874046 0.812143 0.848491 0.936595 0.981740 0.945642 0.874202 0.742897 0.840616 0.600858 0.495611 0.711544 0.681080 0.668420 0.789377 0.923023 0.936331 0.905299 0.562461 0.807910 0.927914 0.829490 0.939341 0.775810 0.894844 0.822861 0.899051 0.637758 0.659842 0.778248 0.967791 0.589844 0.643923 0.837580 0.697499 0.933961 0.988452 0.931536 0.881901 0.915047 0.653937 0.759283 0.932002 0.932486 0.864650
0.926255 0.945753 0.867328 0.973480 0.764744 0.965988 0.932957 0.835694 0.990480 0.887384 0.952865 0.870764 0.813563 0.925762 0.948629 0.904825 0.946374 0.939519 0.866960 0.957395 0.000000 0.898809 0.816223 0.788634 0.815651 0.723333 0.961708 0.789369 0.928399 0.809360 0.984937 0.854763 0.881751 0.947744 0.879756 0.977147 0.833981 0.806704 0.852339 0.931960 0.947258 0.875703 0.786199 0.861322 0.849781 0.939692 0.811826 0.977213 0.937562 0.961021 0.817763 0.824273 0.984047 0.933317 0.864608 0.975288 0.793660 0.857603 0.786131 0.891860 0.919001 0.920992 0.931073 0.889704 0.858787 0.862840 0.819554 0.869865 0.921365 0.920446 0.936331 0.954556 0.948409 0.729922 0.999644 0.883259 0.976203 0.970304 0.792135 0.836842 0.937215 0.965148 0.871374 0.962802 0.887580 0.917057 0.982627 0.895500 0.841605 0.874538 0.941149 0.999085 0.896831 0.917062 0.872011 0.777977 0.978697 0.993001 0.856192 0.999584 0.955156 0.953982 0.954948 0.974042 0.907571 0.975058 0.899560 0.918389 0.996864 0.891394 0.949674 0.879180 0.988842 0.984652 0.892056 0.806968
0.909167 0.919850 0.973419 0.944431 0.943828 0.861984 0.912074 0.814574 0.881877 0.931823 0.705677 0.787983 0.976094 0.999831 0.907231 0.952094 0.867796 0.920920 0.806323 0.804473 0.898809 0.000000 0.983934 0.995452 0.993110 0.931194 0.951130 0.741038 0.661193 0.739332 0.879812 0.707035 0.988706 0.752756 0.976845 0.894018 0.825716 0.838435 0.976201 0.886536 0.877021 0.949704 0.958121 0.967686 0.854571 0.928615 0.997063 0.998246 0.997156 0.957480 0.877957 0.908646 0.940655 0.869129 0.967791 0.995571 0.999446 0.926174 0.948662 0.993512 0.854385 0.864826 0.739991 0.789892 0.839746 0.965193 0.965801 0.906905 0.899192 0.983864 0.970863 0.996538 0.827611 0.778647 0.975261 0.882473 0.938746 0.958538 0.958486 0.744134 0.971160 0.874129 0.847010 0.987349 0.935481 0.991782 0.952435 0.968142 0.933183 0.989365 0.971870 0.945367 0.941826 0.922485 0.831906 0.877148 0.989737 0.892627 0.972209 0.910301 0.828220 0.933023 0.967413 0.926363 0.864533 0.962888 0.795252 0.728487 0.991627 0.959320 0.833264 0.976173 0.926275 0.912263 0.880576 0.896582
0.852661 0.967965 0.898250 0.807482 0.683021 0.942841 0.948980 0.750192 0.837813 0.707825 0.732287 0.827751 0.697046 0.703076 0.499983 0.547577 0.791758 0.797877 0.789181 0.911710 0.816223 0.983934 0.000000 0.369743 0.771778 0.836235 0.671837 0.956000 0.911868 0.885436 0.754657 0.625703 0.996590 0.822114 0.885431 0.982232 0.926506 0.992238 0.876047 0.740857 0.955512 0.994521 0.885534 0.873526 0.932199 0.898991 0.800536 0.892907 0.825889 0.844173 0.856371 0.727961 0.616049 0.558965 0.892760 0.863049 0.904741 0.953322 0.610705 0.776497 0.831716 0.687760 0.832164 0.749086 0.585303 0.894786 0.909645 0.723877 0.860850 0.955620 0.728504 0.737827 0.669893 0.670204 0.915420 0.965277 0.925952 0.881254 0.860184 0.903661 0.794307 0.910788 0.648259 0.904013 0.606678 0.703380 0.696890 0.589175 0.958451 0.901354 0.759084 0.614958 0.711782 0.680097 0.979299 0.980593 0.997598 0.790944 0.975230 0.923353 0.777112 0.786855 0.929308 0.908289 0.745777 0.977994 0.903455 0.901265 0.900889 0.978249 0.914488 0.934444 0.946583 0.922376 0.895045 0.976798
0.774872 0.940313 0.969604 0.944523 0.690337 0.935147 0.762328 0.728033 0.925670 0.646368 0.704413 0.943527 0.615604 0.556789 0.461931 0.462442 0.746073 0.730204 0.898381 0.955539 0.788634 0.995452 0.369743 0.000000 0.745078 0.866017 0.635035 0.907158 0.919649 0.938186 0.838985 0.625006 0.945124 0.753912 0.968282 0.978341 0.857471 0.950591 0.986397 0.806408 0.933171 0.943514 0.926275 0.927848 0.806752 0.806323 0.824282 0.855191 0.752978 0.980824 0.963417 0.830134 0.803503 0.731360 0.959173 0.925243 0.871384 0.848697 0.546435 0.768788 0.811496 0.769271 0.790504 0.692204 0.624275 0.891715 0.792643 0.738973 0.973623 0.797085 0.850133 0.870029 0.679393 0.665332 0.878864 0.996657 0.926576 0.986571 0.815236 0.921206 0.757587 0.860749 0.746303 0.835482 0.633238 0.596311 0.766820 0.577910 0.959199 0.955531 0.998066 0.824525 0.915391 0.887110 0.987482 0.961135 0.978279 0.804368 0.815127 0.904499 0.818156 0.941658 0.811717 0.823082 0.858768 0.899610 0.966998 0.923098 0.972461 0.929021 0.800090 0.905441 0.957680 0.903597 0.839780 0.953687
0.964734 0.986847 0.754169 0.800711 0.944248 0.862623 0.783934 0.556412 0.997615 0.444395 0.810359 0.691234 0.992278 0.961288 0.752920 0.978463 0.853621 0.853549 0.955845 0.979610 0.815651 0.993110 0.771778 0.745078 0.000000 0.399367 0.684977 0.620289 0.705060 0.656972 0.860542 0.929740 0.996099 0.688953 0.847353 0.838367 0.812126 0.734451 0.821187 0.995204 0.987399 0.904166 0.789656 0.731865 0.806977 0.853909 0.967586 0.954833 0.885592 0.847726 0.796008 0.693303 0.812215 0.722613 0.993706 0.960792 0.803030 0.954958 0.916305 0.863299 0.608772 0.560415 0.742312 0.639556 0.485364 0.976135 0.891041 0.888250 0.883935 0.966919 0.928454 0.958242 0.942753 0.940435 0.828088 0.959091 0.894465 0.927080 0.970781 0.712123 0.881154 0.904420 0.775778 0.940294 0.790245 0.704375 0.825413 0.828343 0.739156 0.863865 0.984300 0.815039 0.897468 0.696788 0.986163 0.834260 0.986451 0.974865 0.771042 0.992595 0.873047 0.843124 0.924070 0.923822 0.853928 0.921350 0.967161 0.803764 0.905500 0.973938 0.954432 0.985110 0.959807 0.728596 0.720455 0.804550
0.956820 0.921558 0.721239 0.703535 0.855376 0.932346 0.885024 0.690172 0.986572 0.552217 0.854321 0.666584 0.924218 0.988730 0.850022 0.936614 0.930642 0.925874 0.948706 0.962926 0.723333 0.931194 0.836235 0.866017 0.399367 0.000000 0.732104 0.663551 0.796317 0.673787 0.698965 0.941868 0.936203 0.795033 0.831050 0.832808 0.816599 0.684460 0.824027 0.967856 0.971167 0.954349 0.735592 0.719263 0.853511 0.934131 0.958699 0.954716 0.930080 0.777902 0.722323 0.639630 0.803968 0.683052 0.946955 0.996138 0.823663 0.899031 0.992239 0.979446 0.733418 0.718985 0.792658 0.737776 0.538878 0.927696 0.756444 0.935522 0.917236 0.914838 0.882416 0.959617 0.889908 0.971996 0.921007 0.970797 0.941127 0.843922 0.959598 0.702461 0.962629 0.952091 0.892077 0.977709 0.890015 0.747559 0.907870 0.912111 0.777585 0.899846 0.890227 0.788202 0.869961 0.653071 0.989866 0.835698 0.989225 0.969083 0.913952 0.938405 0.934987 0.728751 0.989349 0.927128 0.874618 0.900220 0.867991 0.859927 0.932777 0.974500 0.990276 0.945675 0.987500 0.819024 0.803154 0.847762
0.918447 0.938659 0.837108 0.865540 0.805122 0.996965 0.842833 0.711197 0.905025 0.697837 0.856047 0.870701 0.725333 0.660704 0.555651 0.711991 0.853438 0.926371 0.990758 0.943411 0.961708 0.951130 0.671837 0.635035 0.684977 0.732104 0.000000 0.692425 0.986178 0.900754 0.939096 0.919254 0.987882 0.749701 0.927289 0.982849 0.925221 0.982285 0.994721 0.962646 0.955651 0.978723 0.904536 0.941381 0.737245 0.784039 0.956272 0.844169 0.812466 0.944982 0.948726 0.849416 0.868479 0.849638 0.988394 0.885365 0.998558 0.995637 0.832197 0.817252 0.857748 0.769959 0.963684 0.838570 0.666295 0.977593 0.886972 0.728236 0.934717 0.916808 0.981893 0.961986 0.929126 0.876952 0.939841 0.849151 0.883968 0.888061 0.986414 0.947788 0.988512 0.998889 0.692943 0.907691 0.699384 0.666477 0.901559 0.670928 0.878324 0.909124 0.961532 0.945554 0.965245 0.894145 0.929783 0.922553 0.943058 0.872699 0.829427 0.863913 0.785157 0.999271 0.932646 0.945155 0.800173 0.972079 0.878637 0.961717 0.951274 0.987938 0.953316 0.983916 0.965642 0.752557 0.791422 0.932711
0.954538 0.950883 0.902865 0.933822 0.904130 0.900131 0.789146 0.675323 0.975649 0.644123 0.841357 0.810329 0.813351 0.860963 0.796586 0.901291 0.868583 0.872943 0.867921 0.812720 0.789369 0.741038 0.956000 0.907158 0.620289 0.663551 0.692425 0.000000 0.781559 0.763292 0.938413 0.897115 0.954168 0.751525 0.914687 0.999101 0.803412 0.730939 0.860233 0.941296 0.952816 0.986466 0.996188 0.948425 0.700930 0.757917 0.931991 0.999340 0.823404 0.923623 0.975796 0.956010 0.972931 0.981859 0.875423 0.900644 0.832746 0.993733 0.933196 0.788706 0.789842 0.721367 0.902224 0.797310 0.684333 0.981716 0.961735 0.747192 0.792080 0.918067 0.971958 0.854201 0.887842 0.755586 0.906694 0.908990 0.991959 0.949831 0.994190 0.981879 0.981567 0.970200 0.930383 0.963690 0.788144 0.729901 0.960106 0.873727 0.744143 0.890386 0.938583 0.962924 0.978733 0.923112 0.914213 0.871284 0.790008 0.886558 0.766895 0.826399 0.738513 0.964003 0.962511 0.946249 0.870677 0.988508 0.827523 0.721159 0.989461 0.902546 0.995780 0.883756 0.803537 0.842704 0.776189 0.868561
0.756630 0.906722 0.944354 0.904984 0.988010 0.871463 0.743288 0.556929 0.887891 0.640500 0.596222 0.606717 0.943750 0.841459 0.863872 0.964908 0.698654 0.674252 0.753558 0.661707 0.928399 0.661193 0.911868 0.919649 0.705060 0.796317 0.986178 0.781559 0.000000 0.428724 0.832464 0.802161 0.790809 0.513867 0.916898 0.852208 0.805539 0.849546 0.861650 0.774083 0.893222 0.991022 0.921400 0.972504 0.762908 0.754511 0.821367 0.840187 0.831865 0.997499 0.901669 0.876640 0.924810 0.766783 0.913582 0.869855 0.947479 0.961935 0.872588 0.830377 0.620304 0.582895 0.536112 0.583314 0.656257 0.894940 0.837325 0.759878 0.878749 0.919488 0.936589 0.980723 0.899462 0.779282 0.778667 0.906724 0.989170 0.867708 0.893960 0.938620 0.709348 0.717615 0.943669 0.790960 0.965362 0.978326 0.855740 0.999344 0.913249 0.918754 0.929761 0.858886 0.980762 0.803227 0.684346 0.927957 0.998815 0.991985 0.717465 0.831197 0.724201 0.832732 0.753525 0.774044 0.901404 0.967155 0.868572 0.652764 0.943327 0.845099 0.740818 0.769368 0.801799 0.855092 0.867647 0.879298
0.795552 0.850148 0.759113 0.947746 0.992164 0.815627 0.836618 0.531565 0.914844 0.589489 0.597492 0.526454 0.955165 0.798575 0.814572 0.887418 0.724968 0.645386 0.795917 0.721421 0.809360 0.739332 0.885436 0.938186 0.656972 0.673787 0.900754 0.763292 0.428724 0.000000 0.854945 0.817339 0.747579 0.495273 0.962014 0.910421 0.817476 0.868863 0.897880 0.914870 0.896024 0.993148 0.900177 0.994422 0.669497 0.673449 0.835630 0.794703 0.702421 0.948235 0.965070 0.868918 0.914382 0.735706 0.860157 0.840505 0.898742 0.984859 0.852239 0.772721 0.669472 0.544205 0.545589 0.543082 0.500155 0.899967 0.934834 0.708284 0.841711 0.901204 0.956693 0.964718 0.867278 0.760673 0.925924 0.920819 0.953597 0.877805 0.956935 0.987640 0.724117 0.730194 0.873017 0.818565 0.963636 0.918054 0.922940 0.951053 0.856791 0.947392 0.982767 0.789274 0.904557 0.708188 0.744384 0.946050 0.995849 0.955094 0.734623 0.836941 0.725989 0.906265 0.796056 0.798627 0.972084 0.956340 0.828607 0.779576 0.943406 0.885145 0.823996 0.828716 0.838353 0.901240 0.875451 0.894649
0.943843 0.933249 0.932605 0.854375 0.893058 0.949147 0.899203 0.989141 0.975771 0.953224 0.965272 0.819082 0.812220 0.989630 0.956202 0.970824 0.989552 0.965531 0.839919 0.780159 0.984937 0.879812 0.754657 0.838985 0.860542 0.698965 0.939096 0.938413 0.832464 0.854945 0.000000 0.580181 0.818685 0.890524 0.935689 0.777094 0.950940 0.705026 0.908305 0.792225 0.959642 0.956418 0.862968 0.855691 0.826996 0.811425 0.991845 0.900815 0.903556 0.680524 0.666439 0.586498 0.637070 0.575902 0.721654 0.890564 0.959705 0.939572 0.997787 0.790225 0.970983 0.982128 0.977872 0.981220 0.965545 0.968226 0.799437 0.692143 0.915395 0.915871 0.655303 0.775582 0.667428 0.670685 0.859189 0.757662 0.998268 0.849933 0.801846 0.757805 0.973871 0.989388 0.944057 0.923312 0.960641 0.971933 0.999487 0.985222 0.755841 0.891168 0.726616 0.731669 0.799914 0.704957 0.908042 0.912545 0.902554 0.888754 0.765116 0.703589 0.858973 0.849193 0.904578 0.802613 0.858937 0.922602 0.789006 0.916843 0.978881 0.964980 0.870626 0.905639 0.819655 0.981482 0.934676 0.968998
0.976138 0.951899 0.972836 0.933315 0.949558 0.994500 0.998386 0.986522 0.899747 0.921602 0.939342 0.937787 0.968364 0.773903 0.885025 0.783384 0.958108 0.973410 0.676564 0.839922 0.854763 0.707035 0.625703 0.625006 0.929740 0.941868 0.919254 0.897115 0.802161 0.817339 0.580181 0.000000 0.880174 0.968558 0.936174 0.733251 0.787660 0.995385 0.821451 0.668236 0.913422 0.952709 0.860572 0.886398 0.764072 0.820119 0.983682 0.822150 0.870421 0.736719 0.824466 0.771211 0.653373 0.716223 0.919322 0.881953 0.953741 0.918667 0.793493 0.998742 0.896959 0.897482 0.994732 0.935022 0.998408 0.944785 0.889981 0.895641 0.925822 0.908291 0.657890 0.771468 0.672914 0.585967 0.955586 0.896783 0.866119 0.842705 0.975063 0.738893 0.899365 0.970590 0.835698 0.822669 0.884536 0.979466 0.867932 0.795464 0.742098 0.915432 0.812363 0.788095 0.844860 0.823171 0.875764 0.944203 0.891675 0.806820 0.859049 0.738798 0.893219 0.930292 0.952335 0.956769 0.886966 0.970611 0.971588 0.960188 0.867249 0.956895 0.800666 0.952843 0.791805 0.959366 0.920407 0.966555
0.505716 0.669180 0.736359 0.670376 0.834246 0.894967 0.635310 0.684721 0.883817 0.768430 0.626987 0.828193 0.950134 0.979234 0.858915 0.941302 0.635195 0.544986 0.672049 0.628515 0.881751 0.988706 0.996590 0.945124 0.996099 0.936203 0.987882 0.954168 0.790809 0.747579 0.818685 0.880174 0.000000 0.628816 0.849946 0.910910 0.779125 0.799719 0.978344 0.936608 0.807847 0.810652 0.810045 0.770277 0.740364 0.652912 0.648263 0.672840 0.750941 0.728067 0.816446 0.820696 0.864734 0.928306 0.766460 0.788679 0.586240 0.750827 0.652797 0.678266 0.681038 0.765571 0.646354 0.652447 0.983045 0.881971 0.603443 0.702909 0.754066 0.736080 0.925754 0.969009 0.908703 0.940097 0.931599 0.973876 0.882303 0.773653 0.697145 0.957536 0.566241 0.562334 0.836382 0.672736 0.775627 0.888326 0.868702 0.987825 0.976711 0.719694 0.639914 0.848607 0.773627 0.878688 0.879502 0.750913 0.689621 0.898658 0.687370 0.654767 0.844342 0.974348 0.629460 0.708722 0.791621 0.728225 0.884821 0.854145 0.883783 0.757871 0.928295 0.661265 0.665619 0.876387 0.913377 0.962572
0.550184 0.742165 0.948371 0.789732 0.915418 0.951740 0.533844 0.384080 0.995597 0.497981 0.416363 0.522261 0.992786 0.984601 0.696752 0.864431 0.549528 0.503897 0.629924 0.653020 0.947744 0.752756 0.822114 0.753912 0.688953 0.795033 0.749701 0.751525 0.513867 0.495273 0.890524 0.968558 0.628816 0.000000 0.884617 0.899219 0.987715 0.981728 0.967511 0.941136 0.773853 0.896020 0.819265 0.902615 0.613453 0.571536 0.810415 0.710269 0.690168 0.942929 0.917302 0.858838 0.866185 0.756344 0.740235 0.768774 0.777616 0.907309 0.712340 0.728769 0.451084 0.475908 0.420788 0.402450 0.666699 0.884993 0.728475 0.646536 0.936573 0.765336 0.997204 0.943969 0.976070 0.991921 0.895699 0.951509 0.952510 0.768064 0.894849 0.941025 0.539883 0.545244 0.949931 0.678921 0.922225 0.966011 0.865500 0.873964 0.939854 0.797815 0.758997 0.966340 0.845152 0.865196 0.668819 0.912595 0.925371 0.900059 0.587218 0.624894 0.727923 0.935257 0.579451 0.681773 0.999484 0.791231 0.878074 0.891935 0.915583 0.842034 0.799117 0.661693 0.759740 0.760616 0.830151 0.809478
0.769361 0.883635 0.647286 0.707389 0.982557 0.859212 0.818294 0.972142 0.813750 0.987320 0.823879 0.962970 0.844361 0.906033 0.943119 0.893154 0.819733 0.827962 0.778986 0.841625 0.879756 0.976845 0.885431 0.968282 0.847353 0.831050 0.927289 0.914687 0.916898 0.962014 0.935689 0.936174 0.849946 0.884617 0.000000 0.968032 0.955301 0.951355 0.937665 0.900785 0.678209 0.824757 0.931059 0.914172 0.900483 0.868608 0.938295 0.903126 0.919208 0.872011 0.880542 0.875178 0.941503 0.858660 0.946918 0.808730 0.835332 0.895661 0.929310 0.995363 0.874380 0.945457 0.793820 0.848247 0.700447 0.988416 0.750238 0.991578 0.805322 0.861309 0.973755 0.924982 0.967501 0.938913 0.964872 0.821882 0.931904 0.921395 0.923679 0.947151 0.768017 0.851335 0.867289 0.815500 0.758648 0.760748 0.924834 0.967326 0.972775 0.806914 0.861638 0.859782 0.767466 0.846699 0.855063 0.909039 0.964737 0.926623 0.845422 0.779354 0.907715 0.894590 0.821493 0.931375 0.857894 0.728656 0.932515 0.818650 0.964579 0.870000 0.999422 0.925707 0.966593 0.904102 0.923453 0.943837
0.962336 0.884937 0.964429 0.914706 0.935876 0.934910 0.941917 0.992130 0.817976 0.940330 0.935705 0.969976 0.892858 0.994768 0.938414 0.979844 0.963066 0.898802 0.896234 0.942724 0.977147 0.894018 0.982232 0.978341 0.838367 0.832808 0.982849 0.999101 0.852208 0.910421 0.777094 0.733251 0.910910 0.899219 0.968032 0.000000 0.922529 0.904537 0.911254 0.810522 0.920077 0.995154 0.684170 0.736094 0.720688 0.752953 0.935520 0.736559 0.799524 0.790760 0.867175 0.881091 0.830109 0.845436 0.996054 0.973716 0.910765 0.974999 0.969410 0.965866 0.928895 0.926970 0.977099 0.986441 0.981274 0.912610 0.880335 0.771219 0.922869 0.968895 0.896770 0.941351 0.962635 0.925044 0.968716 0.873651 0.915939 0.836572 0.878768 0.872459 0.990682 0.964679 0.922035 0.982912 0.980096 0.882447 0.895354 0.977858 0.798163 0.962576 0.857363 0.900503 0.870525 0.881683 0.803743 0.972055 0.977692 0.912622 0.833974 0.817624 0.826737 0.972191 0.848757 0.872193 0.940821 0.991799 0.985947 0.937275 0.962833 0.993440 0.969887 0.916480 0.831687 0.994886 0.926170 0.991485
0.680921 0.752780 0.788664 0.870500 0.927662 0.951330 0.954010 0.898442 0.922754 0.894659 0.920456 0.869959 0.867461 0.757573 0.956049 0.886932 0.815553 0.719454 0.973444 0.817215 0.833981 0.825716 0.926506 0.857471 0.812126 0.816599 0.925221 0.803412 0.805539 0.817476 0.950940 0.787660 0.779125 0.987715 0.955301 0.922529 0.000000 0.599682 0.898585 0.767403 0.819049 0.718830 0.920384 0.952654 0.956507 0.978562 0.851861 0.882567 0.865188 0.752901 0.726729 0.695885 0.787827 0.864614 0.757963 0.764021 0.581660 0.539582 0.636669 0.750839 0.916005 0.870485 0.990448 0.918528 0.883580 0.854067 0.835227 0.991203 0.591307 0.708502 0.983067 0.864342 0.938867 0.777953 0.921894 0.807059 0.916102 0.866554 0.785111 0.887184 0.769763 0.764921 0.841662 0.715757 0.775827 0.981190 0.952398 0.917392 0.817192 0.621086 0.879416 0.898876 0.880207 0.863844 0.944377 0.857597 0.743394 0.882680 0.886145 0.948352 0.942132 0.892480 0.690894 0.854264 0.757187 0.721973 0.902835 0.768053 0.944421 0.769675 0.863237 0.945466 0.953121 0.998666 0.741475 0.817113
0.764353 0.757040 0.864902 0.949225 0.732547 0.949742 0.985413 0.806398 0.931916 0.762155 0.940305 0.744009 0.856027 0.858620 0.971664 0.917752 0.942354 0.873874 0.986977 0.856010 0.806704 0.838435 0.992238 0.950591 0.734451 0.684460 0.982285 0.730939 0.849546 0.868863 0.705026 0.995385 0.799719 0.981728 0.951355 0.904537 0.599682 0.000000 0.909520 0.875692 0.830740 0.774329 0.843875 0.861519 0.956278 0.956968 0.874390 0.853662 0.853906 0.687754 0.626141 0.616759 0.738345 0.726196 0.946996 0.882339 0.599422 0.675328 0.756617 0.782773 0.815854 0.809760 0.890086 0.917445 0.878028 0.912572 0.848155 0.943758 0.707763 0.910989 0.860739 0.813655 0.977626 0.943599 0.787920 0.945933 0.890255 0.839546 0.848185 0.781630 0.914922 0.899688 0.923325 0.873804 0.901045 0.967085 0.922869 0.980921 0.846736 0.799275 0.956718 0.838126 0.844039 0.783838 0.983484 0.816752 0.792971 0.887357 0.935562 0.900095 0.923526 0.886269 0.911559 0.815264 0.818955 0.748884 0.768947 0.694313 0.956028 0.746790 0.992985 0.961740 0.948997 0.933332 0.757300 0.861557
