0.000000 0.117666 0.248659 0.341191 0.766876 0.660880 0.629377 0.499601 0.536233 0.624817 0.311860 0.224784 0.273844 0.309466 0.502234 0.569692 0.201169 0.180287 0.210299 0.161247 0.438718 0.951843 0.508475 0.363017 0.228904 0.473161 0.357323 0.823775 0.386632 0.374777 0.711873 0.595714 0.304057 0.396273 0.693243 0.960289 0.519154 0.549276 0.775142 0.652299 0.531096 0.619015 0.971932 0.764990 0.846725 0.917646 0.503766 0.595788 0.823652 0.655910 0.775164 0.690624 0.982089 0.711028 0.302650 0.428989 0.121603 0.122848 0.339303 0.282548 0.303357 0.434113 0.188369 0.217037 0.228203 0.348365 0.589810 0.692304 0.229490 0.268193 0.758701 0.513326 0.978778 0.896669 0.725812 0.974786 0.951663 0.924079 0.441603 0.377625 0.207227 0.237040 0.281454 0.190817 0.161341 0.164838 0.749921 0.449678 0.447064 0.223047 0.291277 0.361960 0.320485 0.337490 0.940112 0.922759 0.942200 0.861290 0.772264 0.878499 0.665489 0.649782 0.986777 0.779070 0.785578 0.805645 0.925660 0.834356 0.692414 0.735316 0.782643 0.995531 0.825158 0.997011 0.665384 0.566854
0.117666 0.000000 0.244654 0.314776 0.835882 0.675143 0.599232 0.453887 0.547568 0.672921 0.366646 0.223279 0.303474 0.311197 0.498086 0.539082 0.192925 0.181366 0.206522 0.171562 0.465438 0.986829 0.448442 0.328513 0.253214 0.491282 0.371112 0.880008 0.374627 0.346498 0.630801 0.554289 0.282749 0.346548 0.659170 0.893620 0.499277 0.526990 0.718955 0.704313 0.575438 0.614935 0.903643 0.704463 0.914327 0.847840 0.449920 0.543256 0.761778 0.596197 0.698824 0.612634 0.913666 0.794523 0.297783 0.388207 0.116606 0.116825 0.312190 0.274213 0.304038 0.399965 0.194045 0.197274 0.248298 0.347624 0.539087 0.642493 0.252680 0.249279 0.812385 0.557193 0.919253 0.945221 0.716842 0.924679 0.973797 0.929195 0.406170 0.335819 0.183489 0.259037 0.274507 0.197843 0.182856 0.170458 0.740771 0.455039 0.482315 0.221702 0.289379 0.355660 0.325825 0.315768 0.988555 0.939444 0.955704 0.903843 0.799803 0.926311 0.653203 0.658066 0.975452 0.826931 0.757711 0.759977 0.867344 0.816868 0.743764 0.711701 0.767388 0.968096 0.884617 0.989554 0.635805 0.600169
0.248659 0.244654 0.000000 0.228316 0.963126 0.806743 0.423675 0.345995 0.761849 0.850028 0.492504 0.337783 0.297397 0.353686 0.463162 0.485050 0.318934 0.309669 0.265409 0.296253 0.491750 0.895422 0.361877 0.339744 0.365457 0.499414 0.519083 0.903955 0.414584 0.467698 0.552502 0.467333 0.322840 0.360102 0.687240 0.983377 0.595832 0.541635 0.893665 0.661571 0.579350 0.546767 0.773436 0.622861 0.999083 0.801085 0.486350 0.571699 0.732574 0.576230 0.632324 0.578487 0.780695 0.946484 0.368639 0.508508 0.233243 0.249292 0.370176 0.306773 0.281208 0.359621 0.262138 0.283098 0.279404 0.322479 0.507253 0.594315 0.401317 0.336740 0.991897 0.729303 0.748016 0.878117 0.694806 0.846118 0.858551 0.838136 0.386775 0.462071 0.315247 0.392886 0.381696 0.401220 0.278260 0.251464 0.876162 0.563707 0.463325 0.355837 0.537106 0.556088 0.522491 0.494840 0.924863 0.883582 0.888873 0.981493 0.989840 0.904042 0.796939 0.859348 0.985511 0.863332 0.732699 0.679215 0.717640 0.992394 0.795156 0.739266 0.744548 0.862780 0.978355 0.916905 0.589119 0.691369
0.341191 0.314776 0.228316 0.000000 0.951627 0.881608 0.337139 0.182733 0.921861 0.912075 0.674130 0.389047 0.377838 0.345587 0.521233 0.386203 0.434307 0.430940 0.361415 0.445834 0.594555 0.936514 0.263462 0.267321 0.481243 0.528255 0.628265 0.974357 0.531117 0.516348 0.420005 0.404792 0.322946 0.376897 0.598134 0.860030 0.564932 0.582024 0.890071 0.695478 0.687127 0.656097 0.634445 0.525592 0.854255 0.681103 0.459930 0.510804 0.632237 0.457185 0.442076 0.379173 0.557718 0.777146 0.431100 0.527018 0.314981 0.325092 0.314040 0.223182 0.301383 0.277893 0.329928 0.293066 0.404612 0.303009 0.412181 0.439383 0.583965 0.352402 0.824375 0.896506 0.633293 0.788788 0.677049 0.795894 0.756855 0.783623 0.352322 0.472569 0.417653 0.580807 0.458441 0.506121 0.394246 0.293743 0.992511 0.623942 0.510513 0.380611 0.661866 0.661019 0.634737 0.551262 0.836857 0.863434 0.862182 0.884244 0.867895 0.801134 0.915716 0.993174 0.953740 0.804564 0.655069 0.582750 0.638179 0.845286 0.854431 0.693276 0.709186 0.758144 0.863369 0.850895 0.488740 0.868840
0.766876 0.835882 0.963126 0.951627 0.000000 0.749672 0.865851 0.849455 0.657695 0.583773 0.812896 0.972119 0.997212 0.977939 0.799799 0.728913 0.913247 0.903719 0.867869 0.785303 0.964639 0.859477 0.841069 0.890167 0.837740 0.962810 0.873764 0.897730 0.928466 0.917782 0.783701 0.768912 0.989804 0.931699 0.984540 0.687824 0.970553 0.896442 0.888667 0.947702 0.815636 0.983308 0.807765 0.876240 0.721323 0.819837 0.999980 0.924784 0.901664 0.885619 0.805312 0.811899 0.643731 0.541684 0.928871 0.932182 0.824871 0.845050 0.882013 0.855035 0.957035 0.828194 0.927868 0.970569 0.873328 0.903336 0.971502 0.867782 0.697056 0.829276 0.670831 0.687273 0.691784 0.643830 0.858387 0.889394 0.929417 0.807893 0.945376 0.896687 0.914607 0.836361 0.976508 0.826701 0.833259 0.850843 0.931680 0.798750 0.792545 0.812381 0.793783 0.850135 0.861781 0.813790 0.845561 0.964259 0.827802 0.776517 0.818461 0.896911 0.774141 0.742113 0.810360 0.963947 0.892750 0.860155 0.855408 0.959173 0.790990 0.989492 0.949213 0.903750 0.771704 0.907969 0.906062 0.706034
0.660880 0.675143 0.806743 0.881608 0.749672 0.000000 0.840183 0.931036 0.496163 0.599200 0.619272 0.715273 0.872284 0.817214 0.981864 0.963115 0.700907 0.693527 0.721211 0.658729 0.890840 0.926558 0.986203 0.876011 0.754352 0.915078 0.689455 0.962099 0.831068 0.759377 0.922816 0.934551 0.788808 0.940137 0.940336 0.906608 0.942529 0.962283 0.970143 0.987431 0.688015 0.844134 0.745977 0.835895 0.705253 0.858340 0.997076 0.980993 0.902316 0.913351 0.827714 0.827817 0.707681 0.573146 0.925697 0.907362 0.666462 0.672496 0.804331 0.793186 0.833552 0.945487 0.770453 0.771964 0.655339 0.908893 0.931104 0.944953 0.609339 0.757955 0.695472 0.687521 0.637041 0.603424 0.893207 0.860647 0.680878 0.707307 0.934474 0.971771 0.813014 0.737803 0.768433 0.658447 0.714625 0.744499 0.892218 0.739168 0.945648 0.763656 0.514162 0.619261 0.658767 0.681083 0.827022 0.867871 0.856448 0.886814 0.675725 0.703579 0.735249 0.706535 0.917658 0.917358 0.823986 0.816490 0.831311 0.737899 0.732140 0.937354 0.836897 0.916394 0.684086 0.776364 0.847290 0.764457
0.629377 0.599232 0.423675 0.337139 0.865851 0.840183 0.000000 0.205611 0.925039 0.543287 0.956412 0.657999 0.641481 0.604246 0.690076 0.566721 0.650281 0.674772 0.517462 0.703535 0.698849 0.882549 0.344109 0.606698 0.777606 0.657490 0.858046 0.984305 0.555440 0.656531 0.334708 0.399593 0.375150 0.331942 0.634659 0.859221 0.589094 0.583323 0.940919 0.738464 0.903970 0.584461 0.399443 0.327251 0.494449 0.418379 0.444252 0.453933 0.397281 0.323939 0.270898 0.277344 0.342940 0.511633 0.533294 0.533860 0.560452 0.593758 0.360040 0.393076 0.403390 0.353120 0.450451 0.434286 0.722141 0.552338 0.334362 0.348157 0.910520 0.562938 0.501175 0.853696 0.372141 0.477088 0.678719 0.586325 0.559355 0.465591 0.394142 0.583937 0.631450 0.874810 0.630347 0.812566 0.680777 0.620375 0.729033 0.943530 0.613362 0.648538 0.953672 0.993943 0.863212 0.822909 0.661394 0.659355 0.665955 0.697207 0.531043 0.469900 0.866155 0.709265 0.697902 0.616767 0.486823 0.399391 0.493039 0.694673 0.941829 0.738579 0.659546 0.553819 0.525314 0.555687 0.350921 0.932677
0.499601 0.453887 0.345995 0.182733 0.849455 0.931036 0.205611 0.000000 0.871825 0.663177 0.815842 0.466577 0.479839 0.432621 0.564103 0.352547 0.538993 0.542926 0.478329 0.604983 0.663399 0.955561 0.265311 0.367135 0.657113 0.616896 0.782347 0.981581 0.514784 0.519520 0.347313 0.416813 0.340260 0.357743 0.588822 0.829256 0.542934 0.525154 0.949640 0.728817 0.814342 0.669334 0.504440 0.426959 0.655315 0.549046 0.467154 0.510485 0.533076 0.385186 0.314256 0.284334 0.385620 0.552810 0.481354 0.558775 0.439217 0.447787 0.374953 0.312658 0.290365 0.194118 0.385034 0.314118 0.543865 0.325576 0.375535 0.344059 0.799182 0.448693 0.617856 0.891174 0.445650 0.586000 0.650271 0.656172 0.659820 0.607268 0.359102 0.522599 0.522401 0.763355 0.528847 0.666830 0.560827 0.453178 0.937848 0.802026 0.558951 0.542070 0.808779 0.777859 0.731019 0.637755 0.762357 0.788541 0.822097 0.847845 0.736452 0.658387 0.966712 0.886909 0.883010 0.784851 0.533327 0.536788 0.576179 0.777273 0.977048 0.735381 0.715304 0.687439 0.704248 0.722451 0.432390 0.976662
0.536233 0.547568 0.761849 0.921861 0.657695 0.496163 0.925039 0.871825 0.000000 0.521084 0.579366 0.672295 0.802079 0.726340 0.886069 0.905939 0.528956 0.522207 0.545445 0.497347 0.744084 0.950884 0.987116 0.829906 0.514824 0.689364 0.534590 0.928029 0.737571 0.731099 0.964221 0.912294 0.682633 0.740976 0.852511 0.951175 0.765432 0.925483 0.880161 0.906943 0.692516 0.949939 0.886054 0.951130 0.864820 0.973473 0.734838 0.773691 0.871760 0.862355 0.948055 0.991791 0.787564 0.571537 0.598107 0.501142 0.533760 0.547310 0.613190 0.695411 0.880255 0.970782 0.634398 0.708851 0.697614 0.955494 0.827844 0.998376 0.452148 0.686256 0.574020 0.509334 0.735512 0.708900 0.942650 0.996272 0.891148 0.692822 0.826505 0.732709 0.556910 0.463867 0.629225 0.405333 0.524514 0.600144 0.811845 0.569112 0.741594 0.515043 0.490211 0.665385 0.575939 0.651302 0.922611 0.954353 0.995155 0.939446 0.788929 0.938385 0.679299 0.708552 0.857434 0.771792 0.999527 0.931149 0.970214 0.800606 0.682471 0.847723 0.819339 0.906393 0.809263 0.951691 0.974234 0.673449
0.624817 0.672921 0.850028 0.912075 0.583773 0.599200 0.543287 0.663177 0.521084 0.000000 0.511942 0.767994 0.763308 0.885023 0.905826 0.844576 0.742606 0.689804 0.846593 0.623415 0.785733 0.887204 0.764880 0.895080 0.602049 0.889131 0.647473 0.781892 0.987718 0.926896 0.558436 0.757436 0.924029 0.846544 0.917072 0.816861 0.960284 0.922922 0.820242 0.938723 0.649223 0.978018 0.472917 0.564703 0.367645 0.484796 0.845053 0.775517 0.564221 0.610205 0.477155 0.547945 0.393130 0.270299 0.902075 0.978052 0.695087 0.675357 0.961056 0.989024 0.988010 0.804414 0.894415 0.934781 0.625402 0.896927 0.691970 0.588987 0.437348 0.787061 0.305124 0.398336 0.458285 0.428501 0.871314 0.666462 0.562945 0.443130 0.893959 0.916788 0.701042 0.481330 0.812746 0.553655 0.609498 0.674645 0.622516 0.616563 0.870781 0.722588 0.513852 0.548323 0.681897 0.724069 0.583017 0.785931 0.764576 0.594004 0.416513 0.473003 0.532123 0.478235 0.728708 0.791204 0.673606 0.657833 0.675643 0.576343 0.650541 0.893292 0.868213 0.577928 0.420887 0.711669 0.669296 0.546028
0.311860 0.366646 0.492504 0.674130 0.812896 0.619272 0.956412 0.815842 0.579366 0.511942 0.000000 0.272904 0.297398 0.344571 0.434011 0.591652 0.286913 0.235742 0.443984 0.270504 0.590688 0.830890 0.838308 0.588977 0.401337 0.748907 0.406109 0.731741 0.384128 0.346781 0.960807 0.882954 0.606851 0.621534 0.966527 0.944549 0.700529 0.687957 0.842936 0.767958 0.499095 0.916864 0.673750 0.848465 0.573029 0.721591 0.890283 0.991314 0.772627 0.935763 0.790068 0.864066 0.705488 0.476526 0.555372 0.717459 0.354525 0.326615 0.793328 0.726962 0.375180 0.560174 0.392307 0.400955 0.227439 0.410517 0.986914 0.943376 0.373230 0.608370 0.596579 0.548402 0.863979 0.782205 0.711197 0.872451 0.606605 0.772034 0.742572 0.636853 0.412200 0.327737 0.411140 0.331476 0.340299 0.394691 0.504098 0.594691 0.595604 0.546680 0.274204 0.294404 0.256347 0.377953 0.721290 0.918842 0.687052 0.599344 0.414427 0.540361 0.515596 0.552397 0.791462 0.922620 0.854922 0.849755 0.800247 0.610988 0.657444 0.989309 0.964363 0.713535 0.540821 0.715618 0.932578 0.538042
0.224784 0.223279 0.337783 0.389047 0.972119 0.715273 0.657999 0.466577 0.672295 0.767994 0.272904 0.000000 0.196019 0.184528 0.315145 0.346878 0.162756 0.153213 0.269361 0.220824 0.485045 0.887260 0.449432 0.337588 0.290681 0.565655 0.397000 0.874748 0.284179 0.209060 0.636064 0.564075 0.325597 0.370310 0.653924 0.851606 0.513322 0.544152 0.759415 0.672641 0.561030 0.780139 0.985686 0.786923 0.895011 0.922544 0.568336 0.654220 0.904116 0.699428 0.796052 0.716551 0.909107 0.845829 0.326138 0.482773 0.225950 0.186040 0.529931 0.446384 0.200262 0.272271 0.195079 0.162339 0.201312 0.231850 0.685906 0.696603 0.353192 0.390492 0.876042 0.717073 0.864084 0.965137 0.609118 0.956702 0.935191 0.980375 0.453687 0.358953 0.235056 0.295947 0.221719 0.246817 0.231463 0.228714 0.621646 0.482006 0.457794 0.371709 0.305709 0.326888 0.272690 0.288958 0.919537 0.976833 0.833758 0.760095 0.686105 0.807918 0.653326 0.689416 0.996856 0.917659 0.800307 0.865289 0.971247 0.750673 0.686266 0.743627 0.814161 0.941666 0.782512 0.857578 0.652117 0.633480
0.273844 0.303474 0.297397 0.377838 0.997212 0.872284 0.641481 0.479839 0.802079 0.763308 0.297398 0.196019 0.000000 0.181051 0.244886 0.314654 0.269709 0.235676 0.324025 0.295192 0.523683 0.948795 0.472867 0.326433 0.328479 0.512749 0.429751 0.810910 0.372765 0.352757 0.725236 0.524332 0.403686 0.419320 0.716035 0.976802 0.633805 0.619057 0.883422 0.704421 0.568085 0.746567 0.989324 0.859032 0.793270 0.947454 0.653827 0.763610 0.974035 0.796616 0.858158 0.772138 0.930073 0.845819 0.385587 0.595144 0.300381 0.272005 0.607822 0.504597 0.212525 0.334123 0.256246 0.264929 0.205842 0.192752 0.777909 0.794806 0.417438 0.448520 0.827920 0.740122 0.827366 0.923987 0.616432 0.994341 0.914809 0.971639 0.512651 0.424797 0.291691 0.293540 0.295856 0.323453 0.234214 0.216600 0.644461 0.485156 0.452066 0.443839 0.442766 0.437396 0.391766 0.426397 0.866384 0.981876 0.846835 0.745044 0.721860 0.839017 0.665407 0.833445 0.907441 0.966082 0.860811 0.875858 0.941010 0.809248 0.685700 0.904916 0.869962 0.847333 0.753177 0.852716 0.657218 0.619045
0.309466 0.311197 0.353686 0.345587 0.977939 0.817214 0.604246 0.432621 0.726340 0.885023 0.344571 0.184528 0.181051 0.000000 0.237777 0.246044 0.230170 0.212815 0.288978 0.300870 0.565917 0.886586 0.386379 0.261976 0.341796 0.500034 0.451698 0.873483 0.345574 0.273195 0.599969 0.477200 0.371212 0.358070 0.693557 0.884788 0.578514 0.647742 0.820676 0.710103 0.628089 0.816097 0.902777 0.752122 0.938166 0.893425 0.554423 0.629931 0.882221 0.661673 0.726686 0.641680 0.787540 0.987094 0.345186 0.499206 0.303497 0.268582 0.547571 0.466914 0.224606 0.284413 0.248408 0.220015 0.274183 0.205439 0.687268 0.682334 0.487148 0.476245 0.934741 0.786472 0.767029 0.822834 0.607595 0.883437 0.983972 0.988049 0.453753 0.417181 0.290586 0.334842 0.268852 0.293450 0.277424 0.233824 0.640133 0.447000 0.466885 0.418365 0.436139 0.456807 0.377797 0.402966 0.982077 0.990737 0.841835 0.831637 0.793800 0.949657 0.727509 0.852175 0.973826 0.870076 0.839284 0.778243 0.875218 0.848911 0.664619 0.878220 0.765943 0.975294 0.851184 0.907887 0.623910 0.700279
0.502234 0.498086 0.463162 0.521233 0.799799 0.981864 0.690076 0.564103 0.886069 0.905826 0.434011 0.315145 0.244886 0.237777 0.000000 0.278635 0.363373 0.357593 0.500111 0.449358 0.615633 0.913739 0.482583 0.388995 0.501101 0.610638 0.613232 0.822450 0.389493 0.358548 0.701819 0.595484 0.534754 0.451192 0.784486 0.911739 0.751585 0.802787 0.839591 0.838287 0.793088 0.850340 0.888112 0.790386 0.951121 0.956799 0.698163 0.736554 0.949916 0.784685 0.810597 0.761460 0.812839 0.973640 0.482443 0.620416 0.507337 0.475890 0.763606 0.702663 0.311168 0.391810 0.428034 0.407721 0.342661 0.289528 0.843945 0.835152 0.644506 0.689903 0.930796 0.867351 0.711109 0.773800 0.628841 0.907441 0.972148 0.911268 0.526166 0.510191 0.411688 0.448283 0.410602 0.474618 0.410634 0.419464 0.735987 0.559415 0.598806 0.629897 0.601008 0.591756 0.502261 0.569544 0.940859 0.975624 0.750382 0.779196 0.820274 0.927640 0.701833 0.903939 0.990895 0.965544 0.904846 0.864546 0.844900 0.809130 0.712599 0.987513 0.905261 0.925099 0.895956 0.855963 0.715744 0.822830
0.569692 0.539082 0.485050 0.386203 0.728913 0.963115 0.566721 0.352547 0.905939 0.844576 0.591652 0.346878 0.314654 0.246044 0.278635 0.000000 0.439706 0.449935 0.554938 0.588266 0.664340 0.895880 0.377787 0.324136 0.579242 0.646351 0.741535 0.971704 0.444638 0.365292 0.531247 0.484817 0.504555 0.453990 0.754992 0.843011 0.705828 0.687638 0.913908 0.733782 0.823666 0.895990 0.799393 0.722025 0.925786 0.834948 0.672454 0.698683 0.853346 0.651387 0.616827 0.551269 0.588953 0.714513 0.507910 0.674916 0.521269 0.490167 0.670432 0.590795 0.299501 0.250805 0.424251 0.360981 0.471923 0.245109 0.726247 0.599813 0.809190 0.617643 0.854767 0.962839 0.632717 0.711048 0.560866 0.757437 0.859268 0.833598 0.500735 0.510278 0.498190 0.624219 0.432667 0.596019 0.544677 0.455542 0.750647 0.715788 0.650109 0.646983 0.675499 0.616664 0.573364 0.548344 0.950348 0.980312 0.785419 0.858373 0.926766 0.954921 0.862431 0.970597 0.988904 0.993059 0.852380 0.824171 0.762840 0.952293 0.856634 0.936512 0.849701 0.957106 0.991710 0.951114 0.651656 0.877692
0.201169 0.192925 0.318934 0.434307 0.913247 0.700907 0.650281 0.538993 0.528956 0.742606 0.286913 0.162756 0.269709 0.230170 0.363373 0.439706 0.000000 0.132193 0.206886 0.183958 0.465258 0.958600 0.461815 0.361348 0.251163 0.521914 0.405182 0.873860 0.227681 0.209308 0.616045 0.532799 0.284424 0.318735 0.678367 0.861026 0.533162 0.608157 0.736097 0.685286 0.636636 0.719866 0.904949 0.701009 0.981985 0.810729 0.437872 0.522119 0.766180 0.594516 0.737138 0.662015 0.898699 0.828445 0.279290 0.375618 0.189903 0.170867 0.434583 0.419757 0.270036 0.374044 0.184566 0.181555 0.243223 0.335359 0.591887 0.637877 0.318601 0.379687 0.862108 0.629549 0.884933 0.958294 0.660509 0.865745 0.971449 0.972015 0.419702 0.333050 0.172209 0.243922 0.193985 0.205369 0.201486 0.222396 0.663767 0.454953 0.473090 0.307875 0.308157 0.367845 0.265086 0.314814 0.998755 0.953127 0.954087 0.837578 0.777818 0.915045 0.678932 0.660955 0.884565 0.795587 0.796393 0.769511 0.930674 0.769681 0.695736 0.720068 0.775172 0.933725 0.880310 0.915330 0.634480 0.623893
0.180287 0.181366 0.309669 0.430940 0.903719 0.693527 0.674772 0.542926 0.522207 0.689804 0.235742 0.153213 0.235676 0.212815 0.357593 0.449935 0.132193 0.000000 0.213196 0.168087 0.475074 0.898680 0.495351 0.341293 0.252291 0.505028 0.396177 0.791209 0.258429 0.233269 0.681890 0.559199 0.316824 0.352654 0.695918 0.842507 0.555597 0.577904 0.757302 0.678983 0.591438 0.726309 0.970366 0.765825 0.911348 0.891572 0.513131 0.597263 0.846244 0.660748 0.805310 0.724271 0.944486 0.771915 0.272870 0.409210 0.173326 0.153634 0.467138 0.436374 0.262959 0.366040 0.185634 0.181983 0.205612 0.295238 0.640437 0.698229 0.308067 0.377017 0.816817 0.607728 0.923987 0.991502 0.684646 0.906409 0.928465 0.950630 0.430265 0.355092 0.171251 0.214218 0.226525 0.183280 0.183909 0.204736 0.621770 0.443962 0.501536 0.298651 0.282825 0.327220 0.256471 0.307685 0.998765 0.933000 0.902362 0.833996 0.721386 0.878640 0.632417 0.630674 0.934380 0.855391 0.811525 0.826202 0.976220 0.752013 0.670944 0.771618 0.792623 0.960320 0.828281 0.932141 0.647785 0.585101
0.210299 0.206522 0.265409 0.361415 0.867869 0.721211 0.517462 0.478329 0.545445 0.846593 0.443984 0.269361 0.324025 0.288978 0.500111 0.554938 0.206886 0.213196 0.000000 0.184638 0.487680 0.891323 0.341828 0.379767 0.272140 0.471850 0.416794 0.934426 0.322556 0.358378 0.498688 0.414077 0.213079 0.278727 0.565923 0.868175 0.469730 0.591573 0.781990 0.646460 0.585940 0.627733 0.754013 0.557614 0.899841 0.676986 0.327649 0.414174 0.641683 0.465975 0.615945 0.552785 0.800406 0.909337 0.257932 0.338736 0.213118 0.209648 0.333151 0.327065 0.325314 0.414357 0.192497 0.207045 0.323023 0.420242 0.449201 0.571785 0.326989 0.328607 0.985387 0.708701 0.775480 0.854540 0.724124 0.838021 0.849675 0.908162 0.372877 0.343451 0.217470 0.297422 0.256640 0.256828 0.211346 0.215295 0.768926 0.470786 0.482725 0.263612 0.442510 0.532732 0.428039 0.422451 0.832700 0.826225 0.868979 0.926576 0.995658 0.884312 0.873575 0.801572 0.742076 0.638482 0.621127 0.582453 0.806673 0.889500 0.773819 0.645156 0.636615 0.851953 0.982757 0.882234 0.520279 0.638259
0.161247 0.171562 0.296253 0.445834 0.785303 0.658729 0.703535 0.604983 0.497347 0.623415 0.270504 0.220824 0.295192 0.300870 0.449358 0.588266 0.183958 0.168087 0.184638 0.000000 0.444343 0.967252 0.503908 0.418474 0.259023 0.518189 0.341857 0.858185 0.339996 0.324378 0.678430 0.617663 0.323339 0.372756 0.740479 0.910745 0.562726 0.577834 0.766707 0.713518 0.533847 0.698936 0.978851 0.771655 0.866099 0.911977 0.502202 0.601764 0.853167 0.680192 0.845216 0.761215 0.971517 0.680642 0.319783 0.436067 0.189425 0.178709 0.462402 0.410705 0.334805 0.472470 0.232684 0.243835 0.219713 0.401456 0.651617 0.761341 0.234000 0.346940 0.777770 0.566036 0.956087 0.953261 0.735931 0.970760 0.952904 0.942617 0.465800 0.403287 0.224952 0.236464 0.289665 0.208503 0.195375 0.226848 0.661655 0.467206 0.498309 0.283001 0.294968 0.374581 0.310722 0.334393 0.981710 0.921714 0.980197 0.847536 0.733695 0.840793 0.650523 0.616280 0.964467 0.825869 0.806316 0.841216 0.956996 0.761866 0.760859 0.757191 0.819521 0.970168 0.811307 0.934409 0.714761 0.578434
0.438718 0.465438 0.491750 0.594555 0.964639 0.890840 0.698849 0.663399 0.744084 0.785733 0.590688 0.485045 0.523683 0.565917 0.615633 0.664340 0.465258 0.475074 0.487680 0.444343 0.000000 0.912058 0.585014 0.616199 0.463090 0.611358 0.604073 0.985892 0.536453 0.562038 0.671384 0.578378 0.469176 0.540058 0.975732 0.963213 0.680270 0.702094 0.874478 0.766104 0.808025 0.772848 0.859458 0.721406 0.917845 0.803760 0.594967 0.584448 0.763919 0.655775 0.784249 0.721694 0.850602 0.913390 0.487224 0.617822 0.463218 0.477237 0.549489 0.539347 0.513634 0.620633 0.415108 0.463535 0.530088 0.605202 0.631351 0.701837 0.522946 0.617127 0.995355 0.735434 0.863009 0.932464 0.783121 0.897011 0.942179 0.963494 0.578435 0.418440 0.444879 0.500380 0.440718 0.536985 0.465638 0.500821 0.954986 0.771118 0.676396 0.552865 0.594810 0.624368 0.641587 0.681025 0.985626 0.832569 0.912141 0.911790 0.968566 0.985852 0.812145 0.818499 0.867432 0.774068 0.820960 0.740800 0.959942 0.851134 0.785751 0.751402 0.817223 0.996286 0.938624 0.779802 0.611279 0.748602
0.951843 0.986829 0.895422 0.936514 0.859477 0.926558 0.882549 0.955561 0.950884 0.887204 0.830890 0.887260 0.948795 0.886586 0.913739 0.895880 0.958600 0.898680 0.891323 0.967252 0.912058 0.000000 0.818545 0.989208 0.928260 0.838215 0.864847 0.804920 0.975027 0.876868 0.772591 0.783887 0.887684 0.885115 0.862714 0.907219 0.839479 0.891594 0.969230 0.937546 0.945479 0.760133 0.736430 0.751237 0.811238 0.777097 0.766314 0.793742 0.749373 0.786530 0.791229 0.810225 0.884548 0.887805 0.951935 0.962174 0.937559 0.932258 0.916425 0.928875 0.913357 0.950566 0.965466 0.965824 0.944905 0.868155 0.776858 0.944143 0.960141 0.950787 0.825957 0.970697 0.962364 0.856924 0.990813 0.984065 0.686843 0.918079 0.942201 0.970770 0.992234 0.948206 0.996414 0.930482 0.985373 0.983831 0.880042 0.987771 0.968940 0.954646 0.850240 0.763239 0.815240 0.816424 0.744016 0.836136 0.819672 0.882737 0.673091 0.833027 0.916102 0.931316 0.842369 0.838756 0.810179 0.707708 0.891803 0.944931 0.851744 0.705170 0.933808 0.829134 0.760133 0.737306 0.895155 0.845366
0.508475 0.448442 0.361877 0.263462 0.841069 0.986203 0.344109 0.265311 0.987116 0.764880 0.838308 0.449432 0.472867 0.386379 0.482583 0.377787 0.461815 0.495351 0.341828 0.503908 0.585014 0.818545 0.000000 0.347557 0.489681 0.514928 0.731695 0.946211 0.490719 0.507972 0.237863 0.276371 0.292853 0.313868 0.484462 0.775780 0.554837 0.648801 0.823256 0.762180 0.885729 0.663600 0.403700 0.296733 0.571958 0.420622 0.283621 0.314013 0.451324 0.292571 0.315838 0.271835 0.405266 0.566000 0.405748 0.430163 0.480147 0.461481 0.394901 0.360461 0.399703 0.341803 0.379491 0.320786 0.545434 0.437449 0.333955 0.351304 0.697562 0.463600 0.587982 0.888748 0.450353 0.536433 0.644843 0.640873 0.534002 0.655624 0.312523 0.408041 0.419574 0.620509 0.450013 0.582494 0.448191 0.393372 0.971534 0.622262 0.622836 0.437439 0.818686 0.820076 0.758227 0.650865 0.715106 0.753302 0.859875 0.778308 0.680281 0.583036 0.908821 0.885766 0.644012 0.654938 0.476897 0.406199 0.591662 0.885994 0.924277 0.598141 0.624366 0.687777 0.691751 0.742544 0.393167 0.954188
0.363017 0.328513 0.339744 0.267321 0.890167 0.876011 0.606698 0.367135 0.829906 0.895080 0.588977 0.337588 0.326433 0.261976 0.388995 0.324136 0.361348 0.341293 0.379767 0.418474 0.616199 0.989208 0.347557 0.000000 0.397105 0.460071 0.631734 0.928368 0.519348 0.435681 0.587237 0.491205 0.406678 0.460009 0.639703 0.893833 0.644068 0.663092 0.816016 0.790860 0.717757 0.723900 0.790056 0.684118 0.986961 0.816273 0.479032 0.565403 0.794622 0.569688 0.595190 0.507338 0.664665 0.857174 0.383819 0.529088 0.328307 0.314130 0.470911 0.386833 0.368219 0.346977 0.367689 0.327523 0.362993 0.259640 0.566941 0.585102 0.513667 0.405562 0.986468 0.884922 0.790457 0.847662 0.775530 0.863277 0.915816 0.993293 0.450276 0.446410 0.323227 0.406545 0.381362 0.365757 0.337627 0.243117 0.742716 0.431957 0.514853 0.369763 0.577886 0.549927 0.538116 0.501668 0.933941 0.952019 0.974513 0.976553 0.947579 0.931620 0.844620 0.863159 0.958822 0.866253 0.760456 0.729180 0.859294 0.914560 0.679211 0.840713 0.745277 0.978507 0.946009 0.984920 0.713673 0.807894
0.228904 0.253214 0.365457 0.481243 0.837740 0.754352 0.777606 0.657113 0.514824 0.602049 0.401337 0.290681 0.328479 0.341796 0.501101 0.579242 0.251163 0.252291 0.272140 0.259023 0.463090 0.928260 0.489681 0.397105 0.000000 0.330435 0.402520 0.883641 0.497925 0.468190 0.719592 0.561733 0.385618 0.469206 0.624647 0.997161 0.558867 0.624126 0.664959 0.727440 0.581144 0.648524 0.966532 0.775411 0.875792 0.914537 0.479020 0.590645 0.849667 0.670687 0.839125 0.738172 0.999955 0.747529 0.376744 0.436854 0.261141 0.232279 0.466345 0.416466 0.454833 0.576015 0.288443 0.311358 0.326954 0.454136 0.670761 0.752911 0.256632 0.386545 0.764856 0.549775 0.989153 0.901633 0.727335 0.984047 0.992031 0.857200 0.517031 0.420890 0.245628 0.231040 0.330471 0.210043 0.199761 0.221822 0.686221 0.423662 0.488322 0.259198 0.372659 0.423992 0.403565 0.401296 0.926144 0.958131 0.966744 0.816363 0.796570 0.917234 0.707262 0.662464 0.900778 0.770401 0.819051 0.756809 0.969214 0.694948 0.697380 0.712268 0.837346 0.933311 0.813051 0.973544 0.685748 0.570439
0.473161 0.491282 0.499414 0.528255 0.962810 0.915078 0.657490 0.616896 0.689364 0.889131 0.748907 0.565655 0.512749 0.500034 0.610638 0.646351 0.521914 0.505028 0.471850 0.518189 0.611358 0.838215 0.514928 0.460071 0.330435 0.000000 0.577530 0.922402 0.691315 0.676929 0.618433 0.558171 0.496442 0.480143 0.598279 0.944769 0.614231 0.633277 0.774043 0.783965 0.784495 0.518038 0.753725 0.623719 0.886846 0.741667 0.465594 0.544753 0.708183 0.572291 0.650333 0.566991 0.749347 0.950027 0.406417 0.414663 0.482784 0.472277 0.500803 0.470833 0.632901 0.643435 0.462731 0.495380 0.617028 0.578497 0.602414 0.649984 0.517566 0.471352 0.974441 0.765316 0.873793 0.894813 0.828687 0.877329 0.827858 0.941342 0.541950 0.542753 0.423902 0.468539 0.548730 0.419632 0.422464 0.385979 0.823227 0.583374 0.517806 0.390244 0.716951 0.761485 0.730278 0.638601 0.938926 0.736075 0.836522 0.978357 0.840997 0.812719 0.897882 0.984131 0.844059 0.656388 0.692478 0.642474 0.804892 0.960426 0.801154 0.730575 0.914323 0.914360 0.932326 0.834740 0.642800 0.779698
0.357323 0.371112 0.519083 0.628265 0.873764 0.689455 0.858046 0.782347 0.534590 0.647473 0.406109 0.397000 0.429751 0.451698 0.613232 0.741535 0.405182 0.396177 0.416794 0.341857 0.604073 0.864847 0.731695 0.631734 0.402520 0.577530 0.000000 0.883235 0.596526 0.541390 0.838152 0.735639 0.556094 0.555076 0.818617 0.874424 0.551391 0.728232 0.754569 0.722700 0.609278 0.785602 0.870961 0.959424 0.771849 0.938502 0.718689 0.826200 0.998982 0.881321 0.976708 0.890799 0.870479 0.644978 0.493985 0.622617 0.388545 0.379158 0.636976 0.558702 0.517683 0.641372 0.422871 0.457182 0.425996 0.563637 0.836823 0.956593 0.393169 0.576344 0.682574 0.554523 0.950643 0.847438 0.652025 0.893500 0.869209 0.774671 0.716334 0.598117 0.467365 0.391616 0.484193 0.392116 0.351820 0.383575 0.727145 0.568245 0.586516 0.499114 0.365898 0.494935 0.435408 0.510497 0.857130 0.926105 0.892767 0.764590 0.711380 0.711142 0.545648 0.688867 0.940232 0.830950 0.968313 0.877846 0.920534 0.678823 0.853556 0.882596 0.811847 0.891706 0.753758 0.913853 0.784628 0.721188
0.823775 0.880008 0.903955 0.974357 0.897730 0.962099 0.984305 0.981581 0.928029 0.781892 0.731741 0.874748 0.810910 0.873483 0.822450 0.971704 0.873860 0.791209 0.934426 0.858185 0.985892 0.804920 0.946211 0.928368 0.883641 0.922402 0.883235 0.000000 0.939661 0.942738 0.724443 0.877260 0.977935 0.993676 0.964666 0.900581 0.970671 0.933226 0.977704 0.962677 0.988688 0.829669 0.863547 0.916777 0.791888 0.804984 0.901121 0.900559 0.849683 0.839009 0.850119 0.862409 0.853848 0.757918 0.939853 0.997897 0.828346 0.816032 0.991917 0.994415 0.865834 0.946998 0.890982 0.905112 0.760466 0.784006 0.840079 0.789287 0.833509 0.909102 0.828876 0.815238 0.925988 0.978515 0.996932 0.990875 0.748065 0.831012 0.957982 0.955364 0.853815 0.751849 0.970202 0.861331 0.803020 0.827823 0.948498 0.909849 0.985268 0.837454 0.831470 0.829562 0.815383 0.920874 0.932519 0.960879 0.871719 0.908675 0.807583 0.835042 0.708227 0.888147 0.905110 0.998417 0.995755 0.854081 0.883202 0.906782 0.925154 0.812201 0.949843 0.819654 0.892982 0.909758 0.999677 0.806351
0.386632 0.374627 0.414584 0.531117 0.928466 0.831068 0.555440 0.514784 0.737571 0.987718 0.384128 0.284179 0.372765 0.345574 0.389493 0.444638 0.227681 0.258429 0.322556 0.339996 0.536453 0.975027 0.490719 0.519348 0.497925 0.691315 0.596526 0.939661 0.000000 0.189311 0.571270 0.562945 0.318537 0.298212 0.748246 0.795495 0.585095 0.613531 0.845491 0.680719 0.746807 0.691125 0.792701 0.618296 0.843747 0.701524 0.498358 0.553639 0.685190 0.569030 0.676589 0.654257 0.795058 0.995130 0.371625 0.440529 0.369871 0.355109 0.563522 0.571846 0.286336 0.342291 0.284981 0.269795 0.364056 0.414871 0.586472 0.602515 0.559188 0.522394 0.893631 0.883862 0.713471 0.753867 0.680014 0.798031 0.893656 0.771376 0.452854 0.426430 0.331395 0.478476 0.283049 0.439688 0.413629 0.451548 0.758891 0.656649 0.590264 0.516910 0.506627 0.549321 0.379025 0.444996 0.925423 0.864997 0.991819 0.910693 0.903456 0.987732 0.850511 0.810169 0.828530 0.826831 0.761219 0.746133 0.806101 0.915928 0.785461 0.718430 0.817360 0.888370 0.964386 0.952650 0.611729 0.792950
0.374777 0.346498 0.467698 0.516348 0.917782 0.759377 0.656531 0.519520 0.731099 0.926896 0.346781 0.209060 0.352757 0.273195 0.358548 0.365292 0.209308 0.233269 0.358378 0.324378 0.562038 0.876868 0.507972 0.435681 0.468190 0.676929 0.541390 0.942738 0.189311 0.000000 0.555207 0.574562 0.362671 0.345819 0.758558 0.712430 0.566873 0.540930 0.745740 0.714353 0.693489 0.790336 0.942922 0.750229 0.962632 0.814826 0.553473 0.624474 0.832904 0.662510 0.759363 0.704421 0.847266 0.960311 0.384002 0.496943 0.351743 0.315212 0.601747 0.585611 0.248923 0.281205 0.280669 0.236283 0.330945 0.332244 0.664196 0.647576 0.531293 0.503831 0.998648 0.852493 0.781907 0.854315 0.663563 0.834779 0.959260 0.923531 0.485010 0.415740 0.318002 0.473943 0.267713 0.382257 0.418841 0.413085 0.649396 0.604852 0.563786 0.502528 0.384117 0.371419 0.304932 0.325424 0.971027 0.932712 0.869770 0.814388 0.738245 0.857295 0.791529 0.685074 0.944430 0.954679 0.860926 0.858922 0.911372 0.759726 0.777063 0.776931 0.837995 0.979433 0.885257 0.913473 0.691716 0.787464
0.711873 0.630801 0.552502 0.420005 0.783701 0.922816 0.334708 0.347313 0.964221 0.558436 0.960807 0.636064 0.725236 0.599969 0.701819 0.531247 0.616045 0.681890 0.498688 0.678430 0.671384 0.772591 0.237863 0.587237 0.719592 0.618433 0.838152 0.724443 0.571270 0.555207 0.000000 0.290203 0.342892 0.310212 0.546242 0.653869 0.561528 0.667606 0.873838 0.816492 0.973238 0.735227 0.360536 0.267723 0.408600 0.301285 0.290948 0.294766 0.367943 0.256163 0.266511 0.241175 0.341112 0.442836 0.496987 0.465801 0.653483 0.654104 0.436333 0.461128 0.536252 0.424022 0.493109 0.445434 0.806683 0.667454 0.292361 0.280122 0.918735 0.603288 0.456225 0.789745 0.439041 0.498917 0.751483 0.578578 0.424668 0.509555 0.348624 0.496178 0.589406 0.896124 0.586293 0.782238 0.708331 0.645411 0.854250 0.820926 0.718801 0.620137 0.927658 0.937287 0.894343 0.751453 0.567824 0.715122 0.727194 0.739971 0.529699 0.505757 0.815320 0.835194 0.596655 0.677295 0.468783 0.384165 0.546642 0.781982 0.844975 0.570032 0.662068 0.517884 0.532130 0.686022 0.401994 0.846730
0.595714 0.554289 0.467333 0.404792 0.768912 0.934551 0.399593 0.416813 0.912294 0.757436 0.882954 0.564075 0.524332 0.477200 0.595484 0.484817 0.532799 0.559199 0.414077 0.617663 0.578378 0.783887 0.276371 0.491205 0.561733 0.558171 0.735639 0.877260 0.562945 0.574562 0.290203 0.000000 0.347664 0.356234 0.622956 0.715082 0.608759 0.691157 0.963468 0.734754 0.957339 0.737795 0.537624 0.420077 0.615747 0.490276 0.365053 0.360769 0.528424 0.379202 0.414719 0.370858 0.464783 0.626213 0.450851 0.500796 0.556870 0.549809 0.412550 0.442212 0.484427 0.458942 0.423743 0.425300 0.684311 0.557664 0.394490 0.378309 0.771927 0.588455 0.681467 0.961852 0.539508 0.612687 0.601085 0.726157 0.638887 0.747761 0.426507 0.424434 0.500857 0.682668 0.448077 0.638950 0.549388 0.495914 0.921654 0.717339 0.698057 0.537722 0.839957 0.834492 0.811580 0.747857 0.720880 0.841892 0.852130 0.804839 0.671121 0.580841 0.893811 0.861367 0.588425 0.640096 0.587112 0.391069 0.695883 0.892884 0.964284 0.641621 0.580733 0.711165 0.662987 0.703094 0.416034 0.985758
0.304057 0.282749 0.322840 0.322946 0.989804 0.788808 0.375150 0.340260 0.682633 0.924029 0.606851 0.325597 0.403686 0.371212 0.534754 0.504555 0.284424 0.316824 0.213079 0.323339 0.469176 0.887684 0.292853 0.406678 0.385618 0.496442 0.556094 0.977935 0.318537 0.362671 0.342892 0.347664 0.000000 0.221854 0.532012 0.814768 0.493964 0.561921 0.850242 0.722491 0.740749 0.672638 0.586432 0.406024 0.697641 0.506993 0.269284 0.330329 0.481359 0.340888 0.422188 0.376208 0.596725 0.840543 0.315318 0.322414 0.266325 0.276978 0.265363 0.265047 0.298355 0.328910 0.215847 0.202659 0.417071 0.436590 0.313334 0.400674 0.477234 0.314412 0.844640 0.875645 0.608104 0.725291 0.691564 0.684213 0.714202 0.759689 0.263333 0.328579 0.277849 0.478731 0.303316 0.377502 0.320081 0.305443 0.990683 0.551864 0.514129 0.338409 0.538498 0.629739 0.531676 0.501033 0.753732 0.785164 0.769481 0.943876 0.836756 0.749416 0.926726 0.954739 0.685813 0.630757 0.508750 0.499223 0.691170 0.969448 0.847337 0.584189 0.616959 0.708061 0.794555 0.784387 0.455595 0.830528
0.396273 0.346548 0.360102 0.376897 0.931699 0.940137 0.331942 0.357743 0.740976 0.846544 0.621534 0.370310 0.419320 0.358070 0.451192 0.453990 0.318735 0.352654 0.278727 0.372756 0.540058 0.885115 0.313868 0.460009 0.469206 0.480143 0.555076 0.993676 0.298212 0.345819 0.310212 0.356234 0.221854 0.000000 0.547784 0.721679 0.435921 0.542568 0.772034 0.761669 0.800438 0.587108 0.581349 0.408438 0.678349 0.515260 0.281348 0.375241 0.498490 0.373074 0.432053 0.390757 0.551900 0.791018 0.331550 0.299540 0.356699 0.368005 0.353118 0.394298 0.309708 0.333067 0.234456 0.231119 0.496251 0.463751 0.386773 0.448655 0.601586 0.422140 0.773217 0.936691 0.552789 0.642065 0.688851 0.698337 0.668553 0.662155 0.303856 0.369185 0.330321 0.553711 0.370023 0.461501 0.417492 0.402946 0.977466 0.640294 0.504968 0.423254 0.576649 0.652444 0.525118 0.501954 0.799294 0.821703 0.826010 0.927613 0.813639 0.718449 0.890718 0.997393 0.732409 0.650266 0.615099 0.519444 0.592466 0.970349 0.902923 0.684431 0.702581 0.691007 0.774416 0.798746 0.412242 0.921130
0.693243 0.659170 0.687240 0.598134 0.984540 0.940336 0.634659 0.588822 0.852511 0.917072 0.966527 0.653924 0.716035 0.693557 0.784486 0.754992 0.678367 0.695918 0.565923 0.740479 0.975732 0.862714 0.484462 0.639703 0.624647 0.598279 0.818617 0.964666 0.748246 0.758558 0.546242 0.622956 0.532012 0.547784 0.000000 0.820403 0.575173 0.801913 0.827710 0.870286 0.745582 0.747867 0.568365 0.479576 0.677149 0.596536 0.461051 0.525953 0.625366 0.507225 0.540039 0.542309 0.614828 0.733776 0.586602 0.499097 0.673176 0.672761 0.586407 0.579125 0.702196 0.633742 0.609235 0.552729 0.752210 0.698673 0.511626 0.549988 0.813919 0.620536 0.803934 0.880130 0.714871 0.728913 0.871819 0.751983 0.643841 0.707197 0.595468 0.638986 0.596230 0.730617 0.694737 0.663752 0.613300 0.594890 0.926708 0.721589 0.580170 0.578860 0.918131 0.909964 0.883995 0.761572 0.710197 0.824766 0.791986 0.903934 0.743882 0.653702 0.890275 0.983273 0.573340 0.645969 0.512626 0.618840 0.719953 0.906461 0.901798 0.587187 0.638630 0.710217 0.781747 0.897106 0.518933 0.992002
0.960289 0.893620 0.983377 0.860030 0.687824 0.906608 0.859221 0.829256 0.951175 0.816861 0.944549 0.851606 0.976802 0.884788 0.911739 0.843011 0.861026 0.842507 0.868175 0.910745 0.963213 0.907219 0.775780 0.893833 0.997161 0.944769 0.874424 0.900581 0.795495 0.712430 0.653869 0.715082 0.814768 0.721679 0.820403 0.000000 0.785616 0.841933 0.903164 0.986346 0.932965 0.861946 0.865944 0.777929 0.756464 0.749815 0.812186 0.740794 0.872714 0.812736 0.827119 0.788364 0.803725 0.781448 0.865396 0.753081 0.922549 0.913657 0.874749 0.937971 0.832650 0.762317 0.832624 0.783725 0.978276 0.912315 0.753882 0.686133 0.895481 0.884812 0.792311 0.739406 0.789900 0.923755 0.844685 0.875623 0.950093 0.835626 0.818156 0.851786 0.900085 0.961758 0.848076 0.934177 0.957517 0.921394 0.975635 0.898755 0.910325 0.910470 0.908737 0.847834 0.895672 0.838210 0.979502 0.769502 0.842240 0.736057 0.928996 0.915646 0.913558 0.951364 0.818690 0.863398 0.921494 0.831928 0.913353 0.887246 0.965977 0.859682 0.947317 0.894385 0.867113 0.954782 0.729150 0.849067
0.519154 0.499277 0.595832 0.564932 0.970553 0.942529 0.589094 0.542934 0.765432 0.960284 0.700529 0.513322 0.633805 0.578514 0.751585 0.705828 0.533162 0.555597 0.469730 0.562726 0.680270 0.839479 0.554837 0.644068 0.558867 0.614231 0.551391 0.970671 0.585095 0.566873 0.561528 0.608759 0.493964 0.435921 0.575173 0.785616 0.000000 0.554874 0.718596 0.691907 0.650657 0.643922 0.847541 0.682607 0.888968 0.750098 0.557784 0.632936 0.746077 0.616196 0.674030 0.633536 0.785302 0.956044 0.506997 0.515533 0.546619 0.517862 0.525707 0.554319 0.550085 0.547798 0.425628 0.430594 0.676817 0.687364 0.569763 0.648657 0.649718 0.560530 0.856424 0.932490 0.717381 0.838359 0.683774 0.972435 0.858497 0.956900 0.668990 0.661677 0.578008 0.712192 0.542676 0.576192 0.553940 0.541832 0.804792 0.763706 0.575264 0.565535 0.587410 0.638524 0.526099 0.518447 0.925386 0.903809 0.962482 0.968963 0.992185 0.951687 0.908245 0.873860 0.797227 0.630142 0.698017 0.682581 0.918746 0.906431 0.970208 0.780854 0.863387 0.870837 0.959036 0.921073 0.663568 0.915611
0.549276 0.526990 0.541635 0.582024 0.896442 0.962283 0.583323 0.525154 0.925483 0.922922 0.687957 0.544152 0.619057 0.647742 0.802787 0.687638 0.608157 0.577904 0.591573 0.577834 0.702094 0.891594 0.648801 0.663092 0.624126 0.633277 0.728232 0.933226 0.613531 0.540930 0.667606 0.691157 0.561921 0.542568 0.801913 0.841933 0.554874 0.000000 0.767879 0.826169 0.657631 0.630903 0.988089 0.863665 0.962566 0.926002 0.720116 0.830041 0.939961 0.817347 0.825756 0.774178 0.875568 0.960058 0.599208 0.678070 0.522214 0.489758 0.670121 0.626975 0.488826 0.477039 0.500141 0.444427 0.603632 0.552604 0.767819 0.741582 0.625023 0.433801 0.922264 0.913509 0.800242 0.883529 0.751803 0.904706 0.976347 0.951279 0.662236 0.740398 0.603273 0.735987 0.572943 0.644289 0.644030 0.588786 0.858356 0.851397 0.615439 0.592222 0.578671 0.540912 0.596450 0.437595 0.930430 0.931421 0.995772 0.896971 0.881304 0.952609 0.962864 0.831348 0.928398 0.967719 0.898054 0.834302 0.856765 0.911481 0.952342 0.878030 0.922581 0.942106 0.889311 0.970554 0.741260 0.686409
