0.000000 0.207819 0.435146 0.622672 0.689356 0.949809 0.496647 0.549692 0.930223 0.765500 0.384204 0.316237 0.310538 0.481540 0.679687 0.700137 0.327146 0.373531 0.286927 0.307818 0.743846 0.950940 0.636939 0.695847 0.748598 0.989209 0.889951 0.985270 0.545851 0.455024 0.892798 0.999694 0.368333 0.355364 0.701150 0.882769 0.499740 0.718176 0.763657 0.774423 0.769033 0.961917 0.857713 0.828060 0.982992 0.864504 0.482140 0.513902 0.738938 0.519050 0.594491 0.530833 0.986981 0.750653 0.416432 0.556582 0.297197 0.224720 0.317961 0.359394 0.264705 0.347455 0.236494 0.240570 0.465479 0.441919 0.511315 0.684327 0.310577 0.272942 0.736544 0.990042 0.529033 0.732111 0.693385 0.790977 0.722323 0.798027 0.513487 0.494455 0.260704 0.281973 0.416404 0.366696 0.271815 0.298777 0.585635 0.674478 0.449786 0.462781 0.624615 0.492187 0.628046 0.492003 0.950379 0.857217 0.422976 0.952142 0.914744 0.963457 0.766212 0.863514 0.781795 0.769371 0.670405 0.563140 0.972602 0.952329 0.863201 0.621382 0.996756 0.755346 0.939681 0.847642 0.660668 0.788623
0.207819 0.000000 0.522031 0.614629 0.728106 0.988872 0.578135 0.521486 0.975023 0.764826 0.442917 0.255721 0.349226 0.462651 0.727846 0.679260 0.297875 0.319874 0.310408 0.273069 0.827907 0.910237 0.623503 0.639108 0.822505 0.879911 0.871098 0.997076 0.512580 0.423648 0.943447 0.998226 0.406052 0.417244 0.758609 0.940474 0.535187 0.667056 0.766922 0.789998 0.793164 0.904135 0.788430 0.786584 0.994905 0.893315 0.439659 0.543235 0.771464 0.560038 0.601096 0.539804 0.922243 0.733173 0.482176 0.596183 0.275524 0.197563 0.370579 0.379963 0.319227 0.346863 0.246829 0.212325 0.529844 0.438166 0.584821 0.718509 0.319234 0.283451 0.693455 0.982419 0.553710 0.742433 0.752033 0.769356 0.670207 0.693687 0.449340 0.446752 0.264635 0.291661 0.435132 0.405400 0.313645 0.322940 0.605093 0.686079 0.479834 0.510629 0.585079 0.502310 0.619477 0.451512 0.961716 0.855793 0.451106 0.947899 0.902693 0.944109 0.741965 0.812805 0.803613 0.780750 0.651731 0.560413 0.994002 0.998060 0.885885 0.594960 0.971817 0.744897 0.904818 0.903109 0.661450 0.795474
0.435146 0.522031 0.000000 0.375751 0.958136 0.957881 0.446705 0.618516 0.856143 0.757422 0.697592 0.692714 0.419673 0.695075 0.660541 0.731824 0.692140 0.789007 0.509753 0.633059 0.649709 0.925564 0.591940 0.561182 0.505617 0.608760 0.883552 0.891264 0.875676 0.866688 0.707775 0.964935 0.478891 0.515840 0.568258 0.945407 0.445628 0.804810 0.726812 0.880424 0.811850 0.886009 0.882911 0.840330 0.971093 0.835860 0.610984 0.507069 0.881191 0.522560 0.563223 0.474714 0.787148 0.969354 0.354885 0.575740 0.749480 0.608006 0.359020 0.401516 0.424762 0.609837 0.542752 0.627244 0.287900 0.505391 0.377724 0.537347 0.540241 0.496418 0.721859 0.901749 0.541298 0.745202 0.740574 0.845733 0.665577 0.986158 0.623605 0.759868 0.672190 0.690565 0.702106 0.634978 0.460434 0.370761 0.744130 0.880626 0.537544 0.605165 0.856058 0.673177 0.873108 0.719228 0.977297 0.936988 0.605514 0.885625 0.988686 0.930369 0.880532 0.910079 0.896180 0.939462 0.663490 0.543052 0.846586 0.859769 0.990618 0.748509 0.961942 0.830753 0.978813 0.870841 0.668167 0.839511
0.622672 0.614629 0.375751 0.000000 0.944880 0.964330 0.454637 0.415843 0.940800 0.850872 0.856423 0.684782 0.526662 0.657448 0.695465 0.654376 0.814598 0.847634 0.630936 0.694169 0.742998 0.986714 0.649686 0.469774 0.537281 0.651888 0.937654 0.934935 0.915917 0.909141 0.667644 0.759899 0.565900 0.543625 0.698578 0.825403 0.496536 0.736531 0.639541 0.794848 0.852217 0.949114 0.649113 0.671816 0.954787 0.741505 0.536688 0.434528 0.911902 0.578548 0.488434 0.477485 0.798920 0.968469 0.494707 0.586483 0.852785 0.714808 0.453785 0.473809 0.556057 0.643080 0.676738 0.707735 0.467151 0.482338 0.389091 0.438807 0.765479 0.656234 0.673911 0.870672 0.746833 0.834952 0.843266 0.862258 0.528487 0.770481 0.657480 0.823027 0.819547 0.871238 0.796429 0.745311 0.649259 0.403449 0.845044 0.984264 0.668991 0.665349 0.917515 0.861516 0.870683 0.856064 0.971854 0.819869 0.586596 0.917239 0.832164 0.875560 0.970247 0.974282 0.811243 0.811037 0.507690 0.450850 0.747295 0.643217 0.990533 0.732158 0.856898 0.764900 0.871706 0.813805 0.669755 0.803566
0.689356 0.728106 0.958136 0.944880 0.000000 0.951714 0.840212 0.903900 0.886685 0.973708 0.729193 0.761602 0.662260 0.762234 0.782475 0.694461 0.692569 0.753922 0.714967 0.790468 0.964017 0.873483 0.769183 0.954769 0.981887 0.876873 0.958986 0.931905 0.687558 0.736016 0.941388 0.961100 0.845811 0.785840 0.922570 0.816310 0.947205 0.982989 0.998157 0.920308 0.972112 0.854413 0.948587 0.950526 0.938032 0.889975 0.783129 0.783221 0.849483 0.857145 0.862032 0.883649 0.968582 0.953131 0.903538 0.994912 0.661523 0.740323 0.783060 0.859259 0.737548 0.798710 0.671551 0.665808 0.890371 0.954068 0.980750 0.906227 0.725869 0.716538 0.982505 0.925316 0.953074 0.906747 0.936464 0.946605 0.986051 0.914781 0.777811 0.836788 0.697530 0.743068 0.703511 0.790730 0.690984 0.825440 0.821219 0.785309 0.816755 0.768253 0.791571 0.917507 0.727012 0.800812 0.809583 0.970755 0.857329 0.804938 0.967113 0.970605 0.823745 0.977411 0.935186 0.797100 0.959299 0.866760 0.991519 0.881885 0.872386 0.987593 0.815801 0.886701 0.811982 0.906896 0.804717 0.944037
0.949809 0.988872 0.957881 0.964330 0.951714 0.000000 0.923064 0.858037 0.949536 0.901563 0.871953 0.860419 0.990637 0.958451 0.892093 0.967776 0.960760 0.912865 0.922217 0.988785 0.780973 0.859461 0.797630 0.875986 0.930309 0.933743 0.796953 0.792480 0.922134 0.888715 0.871995 0.902037 0.976730 0.885312 0.926638 0.846971 0.938018 0.844994 0.919034 0.654676 0.804150 0.858411 0.806368 0.807208 0.880847 0.879186 0.953429 0.931181 0.965114 0.962705 0.975311 0.960595 0.912870 0.854478 0.939622 0.833577 0.925668 0.991935 0.954273 0.986324 0.956742 0.942826 0.988090 0.998483 0.834821 0.887908 0.833077 0.768751 0.958941 0.947976 0.961009 0.951922 0.889243 0.938947 0.980363 0.896480 0.959247 0.878168 0.874501 0.891318 0.975660 0.947452 0.803326 0.914096 0.858221 0.992838 0.993577 0.868929 0.771677 0.946861 0.669927 0.901027 0.769563 0.902043 0.962664 0.700063 0.779764 0.681038 0.700679 0.670801 0.673849 0.862342 0.713052 0.779803 0.975873 0.885540 0.981681 0.946976 0.954295 0.982291 0.857350 0.861466 0.956853 0.964938 0.913670 0.889180
0.496647 0.578135 0.446705 0.454637 0.840212 0.923064 0.000000 0.348725 0.611815 0.818464 0.523103 0.560841 0.317168 0.357060 0.453786 0.481352 0.590676 0.603182 0.350117 0.505079 0.692167 0.980243 0.666375 0.655312 0.876495 0.943650 0.964524 0.959766 0.532052 0.592074 0.656105 0.670537 0.361051 0.298438 0.736669 0.966907 0.643613 0.716247 0.879048 0.826605 0.869546 0.875204 0.512234 0.435254 0.542946 0.433142 0.450405 0.324839 0.606335 0.477978 0.433040 0.490911 0.724210 0.850385 0.611386 0.587729 0.623028 0.632308 0.410644 0.582882 0.328120 0.491106 0.433484 0.515276 0.615390 0.550508 0.384714 0.426899 0.776615 0.626358 0.576724 0.713376 0.564318 0.612472 0.788182 0.697622 0.466316 0.642347 0.583357 0.645487 0.642706 0.717906 0.671202 0.703781 0.596772 0.463220 0.850896 0.941975 0.690434 0.769344 0.828787 0.953289 0.940125 0.958334 0.940171 0.872957 0.523537 0.901897 0.573792 0.605324 0.887949 0.755043 0.614525 0.537615 0.572087 0.603000 0.842287 0.732034 0.916798 0.702605 0.756287 0.559627 0.708512 0.590807 0.642331 0.636324
0.549692 0.521486 0.618516 0.415843 0.903900 0.858037 0.348725 0.000000 0.765001 0.827411 0.541218 0.421611 0.479324 0.377661 0.702952 0.549142 0.640877 0.631260 0.489817 0.548116 0.881609 0.913266 0.892974 0.728061 0.990895 0.991565 0.885040 0.887546 0.552558 0.552263 0.861459 0.756176 0.545671 0.416074 0.970199 0.958964 0.671572 0.665097 0.808641 0.780582 0.959605 0.858011 0.483926 0.494104 0.694389 0.488574 0.380446 0.359481 0.584792 0.531338 0.363751 0.451961 0.793804 0.983571 0.585541 0.585906 0.644780 0.599186 0.441878 0.515750 0.382940 0.335936 0.504110 0.482793 0.781245 0.405629 0.499550 0.475755 0.784678 0.598855 0.783415 0.884051 0.701646 0.733465 0.801640 0.731609 0.515258 0.614708 0.639996 0.666582 0.667450 0.743559 0.677320 0.734652 0.739287 0.472311 0.855606 0.943349 0.749480 0.788050 0.862497 0.958048 0.944534 0.817500 0.906645 0.766020 0.524785 0.839419 0.555781 0.583690 0.764563 0.892943 0.628292 0.587244 0.601251 0.537166 0.799777 0.685523 0.881662 0.702791 0.747059 0.535185 0.656756 0.649210 0.671717 0.648968
0.930223 0.975023 0.856143 0.940800 0.886685 0.949536 0.611815 0.765001 0.000000 0.566249 0.909078 0.975198 0.737835 0.710388 0.592803 0.678416 0.909741 0.983402 0.801686 0.989907 0.973400 0.960869 0.843520 0.972754 0.801289 0.858085 0.900873 0.894540 0.737086 0.862510 0.836998 0.905274 0.826983 0.815839 0.791149 0.786610 0.992107 0.990706 0.856758 0.956759 0.847645 0.914303 0.814165 0.684222 0.544884 0.520699 0.771012 0.749994 0.635687 0.697199 0.695079 0.752704 0.536247 0.593461 0.960776 0.933245 0.970815 0.984479 0.823582 0.998866 0.728280 0.793669 0.818924 0.860178 0.917159 0.947258 0.926337 0.911678 0.858951 0.999216 0.963934 0.948152 0.872624 0.872790 0.849995 0.783748 0.855478 0.890953 0.909879 0.971152 0.993784 0.908982 0.886922 0.929467 0.974490 0.976501 0.983513 0.930449 0.933924 0.952558 0.951311 0.827487 0.796291 0.974528 0.852921 0.991436 0.963202 0.936155 0.792690 0.808641 0.938241 0.845926 0.902527 0.770588 0.953867 0.945104 0.812933 0.897656 0.857755 0.959253 0.864784 0.740233 0.834035 0.778568 0.866672 0.732338
0.765500 0.764826 0.757422 0.850872 0.973708 0.901563 0.818464 0.827411 0.566249 0.000000 0.979252 0.935642 0.936736 0.868895 0.800973 0.732106 0.842758 0.907641 0.934164 0.820466 0.980798 0.959348 0.906815 0.776673 0.554994 0.728969 0.726406 0.799697 0.763434 0.925802 0.887272 0.761218 0.898381 0.951115 0.744710 0.954056 0.826395 0.968859 0.689745 0.797759 0.800489 0.931661 0.642825 0.589332 0.379218 0.423238 0.916731 0.861877 0.503894 0.821150 0.765010 0.906979 0.585661 0.509802 0.709876 0.837956 0.880375 0.783479 0.908565 0.833155 0.977318 0.955201 0.916174 0.968349 0.617809 0.714764 0.856891 0.953000 0.621011 0.814175 0.915872 0.810474 0.971333 0.782958 0.987847 0.808794 0.887657 0.860120 0.916782 0.942842 0.795735 0.673328 0.845833 0.673561 0.637012 0.652781 0.844280 0.767172 0.762898 0.738614 0.650465 0.501606 0.853287 0.575839 0.941948 0.930247 0.905666 0.925352 0.574640 0.495225 0.661805 0.778545 0.708488 0.743222 0.977846 0.918211 0.857181 0.761704 0.887818 0.888627 0.773569 0.759736 0.589099 0.692897 0.984250 0.954191
0.384204 0.442917 0.697592 0.856423 0.729193 0.871953 0.523103 0.541218 0.909078 0.979252 0.000000 0.324154 0.470397 0.505008 0.786400 0.754068 0.411334 0.394117 0.393032 0.369990 0.839524 0.904758 0.966792 0.998223 0.898302 0.788378 0.894869 0.863548 0.487962 0.374428 0.924997 0.977824 0.538899 0.409482 0.986246 0.813451 0.785263 0.774307 0.987673 0.872296 0.837693 0.853894 0.844646 0.845576 0.876278 0.808400 0.657022 0.611990 0.709896 0.738658 0.752740 0.787300 0.819551 0.695329 0.703081 0.651969 0.420312 0.430920 0.545651 0.620772 0.380965 0.414386 0.369753 0.376621 0.816958 0.539936 0.678611 0.690613 0.562287 0.504233 0.850432 0.960504 0.573198 0.641936 0.685565 0.863631 0.806554 0.804132 0.639067 0.520882 0.378985 0.387687 0.607556 0.547936 0.597071 0.568383 0.769914 0.884411 0.719138 0.739903 0.868444 0.714968 0.838305 0.663010 0.838719 0.928649 0.586958 0.963732 0.766781 0.889626 0.968395 0.966657 0.678671 0.710742 0.821858 0.770135 0.834491 0.916821 0.812587 0.740416 0.922892 0.748739 0.890564 0.789996 0.756582 0.766558
0.316237 0.255721 0.692714 0.684782 0.761602 0.860419 0.560841 0.421611 0.975198 0.935642 0.324154 0.000000 0.449268 0.399746 0.795264 0.689949 0.347030 0.319720 0.345124 0.307241 0.910650 0.886534 0.823717 0.791132 0.936981 0.726321 0.993156 0.875258 0.421737 0.316866 0.925604 0.937998 0.507414 0.420873 0.978255 0.910954 0.703231 0.673192 0.922907 0.795142 0.898667 0.840589 0.736264 0.774006 0.908245 0.813954 0.477450 0.584815 0.698874 0.653591 0.625323 0.647718 0.860337 0.685834 0.644624 0.621888 0.308835 0.295755 0.482222 0.510366 0.342463 0.287029 0.303382 0.249993 0.797817 0.442490 0.672645 0.684481 0.474555 0.422512 0.793474 0.998658 0.602313 0.727760 0.753631 0.780803 0.724486 0.653841 0.503413 0.483131 0.313281 0.353796 0.520870 0.495734 0.502434 0.440096 0.686653 0.816937 0.636079 0.649704 0.766939 0.616575 0.751414 0.531807 0.868915 0.777135 0.516255 0.888481 0.764383 0.798222 0.950425 0.942342 0.689284 0.667145 0.684912 0.630376 0.952616 0.920009 0.820005 0.593622 0.834522 0.681577 0.789103 0.813163 0.692081 0.759368
0.310538 0.349226 0.419673 0.526662 0.662260 0.990637 0.317168 0.479324 0.737835 0.936736 0.470397 0.449268 0.000000 0.379890 0.447232 0.454670 0.380264 0.463061 0.286642 0.363883 0.711452 0.998096 0.520205 0.592311 0.808112 0.973159 0.928033 0.952857 0.500656 0.519105 0.757608 0.837265 0.351519 0.336141 0.727288 0.893030 0.590820 0.749654 0.750241 0.825223 0.759579 0.977062 0.709813 0.630404 0.801509 0.659828 0.460029 0.386587 0.732347 0.484430 0.535590 0.511777 0.874470 0.995293 0.531807 0.636780 0.439779 0.400757 0.372547 0.496389 0.272742 0.427137 0.265008 0.348564 0.436622 0.502722 0.522355 0.640795 0.522883 0.436929 0.631280 0.873989 0.561066 0.676501 0.799729 0.720554 0.524339 0.728617 0.511237 0.494405 0.432805 0.476039 0.469144 0.484344 0.334081 0.325328 0.658431 0.679203 0.529980 0.511847 0.803247 0.766435 0.721912 0.671475 0.913238 0.976760 0.539123 0.971122 0.833355 0.838047 0.825287 0.999667 0.812774 0.651165 0.640877 0.602089 0.991724 0.939168 0.963889 0.764413 0.934944 0.675433 0.804645 0.767256 0.617230 0.717911
0.481540 0.462651 0.695075 0.657448 0.762234 0.958451 0.357060 0.377661 0.710388 0.868895 0.505008 0.399746 0.379890 0.000000 0.561821 0.488144 0.461155 0.439740 0.317045 0.385321 0.869780 0.931488 0.647941 0.613847 0.907997 0.800426 0.929995 0.863935 0.384415 0.410576 0.846355 0.682984 0.436758 0.407239 0.870950 0.993923 0.791840 0.651801 0.869939 0.827907 0.991349 0.807851 0.631727 0.570802 0.684816 0.561497 0.441328 0.484750 0.655028 0.606353 0.568635 0.628518 0.916094 0.992745 0.740828 0.723917 0.451697 0.531913 0.575929 0.719596 0.404830 0.436911 0.382843 0.389542 0.785172 0.599814 0.674937 0.684047 0.744421 0.643402 0.679531 0.780223 0.708204 0.726683 0.877908 0.699701 0.588758 0.585125 0.533793 0.576571 0.486644 0.568294 0.525011 0.591372 0.539090 0.465112 0.805335 0.706022 0.719679 0.678419 0.950017 0.904218 0.830304 0.749655 0.935402 0.843386 0.561620 0.968775 0.668035 0.614580 0.954007 0.858066 0.711096 0.630977 0.673369 0.741868 0.999409 0.900348 0.933843 0.666230 0.801378 0.646875 0.713520 0.650049 0.766113 0.668985
0.679687 0.727846 0.660541 0.695465 0.782475 0.892093 0.453786 0.702952 0.592803 0.800973 0.786400 0.795264 0.447232 0.561821 0.000000 0.330565 0.647415 0.678632 0.570913 0.704002 0.741570 0.939799 0.429510 0.587570 0.870015 0.947624 0.808837 0.936986 0.595155 0.709943 0.559200 0.592711 0.510332 0.600875 0.855953 0.893339 0.827511 0.914445 0.987183 0.868804 0.883035 0.866371 0.736978 0.622046 0.719482 0.664956 0.644396 0.600308 0.812732 0.686971 0.797055 0.775772 0.789586 0.836032 0.861185 0.971799 0.725318 0.742843 0.744331 0.902199 0.626154 0.760711 0.532369 0.621499 0.631151 0.942193 0.813000 0.906804 0.933261 0.794899 0.705215 0.785819 0.863310 0.912559 0.863755 0.686327 0.699012 0.772700 0.695860 0.733181 0.706910 0.833224 0.625371 0.691986 0.638294 0.634418 0.774960 0.796082 0.773236 0.734620 0.983001 0.915797 0.854515 0.942807 0.967859 0.993401 0.813353 0.870812 0.755216 0.772200 0.837065 0.873944 0.855670 0.725277 0.836862 0.880057 0.925269 0.803494 0.995653 0.963449 0.996445 0.708900 0.796468 0.674579 0.886349 0.805559
0.700137 0.679260 0.731824 0.654376 0.694461 0.967776 0.481352 0.549142 0.678416 0.732106 0.754068 0.689949 0.454670 0.488144 0.330565 0.000000 0.648962 0.667592 0.563655 0.685580 0.821686 0.870024 0.507824 0.612521 0.920872 0.923841 0.896297 0.954993 0.553668 0.675122 0.619172 0.607101 0.542461 0.586830 0.961180 0.996096 0.832147 0.876066 0.937388 0.978026 0.847706 0.875206 0.565838 0.520391 0.749220 0.596575 0.535512 0.528126 0.753746 0.697339 0.678841 0.699471 0.750582 0.796214 0.891762 0.994392 0.707048 0.734981 0.701501 0.809829 0.624365 0.691992 0.550340 0.588829 0.762432 0.866879 0.820279 0.874623 0.909562 0.729458 0.722568 0.779303 0.841447 0.765574 0.871370 0.584818 0.631006 0.701924 0.666613 0.701751 0.748435 0.880751 0.704337 0.756443 0.742993 0.624341 0.875286 0.896665 0.843072 0.757057 0.943883 0.878138 0.893079 0.932096 0.966709 0.969398 0.784789 0.909136 0.672881 0.648964 0.903267 0.909332 0.761840 0.618628 0.772515 0.753730 0.954642 0.754588 0.996281 0.968055 0.916586 0.610647 0.595869 0.595253 0.753596 0.898386
0.327146 0.297875 0.692140 0.814598 0.692569 0.960760 0.590676 0.640877 0.909741 0.842758 0.411334 0.347030 0.380264 0.461155 0.647415 0.648962 0.000000 0.239624 0.293438 0.273423 0.928726 0.870781 0.662366 0.731849 0.985421 0.739192 0.844235 0.976025 0.388509 0.299249 0.892875 0.861894 0.405496 0.439047 0.905012 0.840969 0.674175 0.737821 0.977313 0.805938 0.782190 0.809746 0.736912 0.744016 0.937026 0.878358 0.576730 0.663348 0.809367 0.726438 0.778108 0.762998 0.856832 0.730871 0.725578 0.749562 0.234290 0.279753 0.573793 0.632971 0.437359 0.475548 0.287325 0.269136 0.676175 0.580562 0.709388 0.810185 0.467590 0.476822 0.655838 0.860082 0.623676 0.776069 0.794459 0.734561 0.758423 0.619207 0.391250 0.379431 0.249026 0.286658 0.435388 0.438256 0.400201 0.456453 0.723571 0.673469 0.621033 0.608159 0.711516 0.728418 0.668890 0.608144 0.928813 0.953840 0.580292 0.979657 0.890055 0.915826 0.782089 0.968732 0.712449 0.658809 0.752827 0.762103 0.921456 0.895120 0.885982 0.721002 0.992416 0.763197 0.928069 0.748456 0.684135 0.819646
0.373531 0.319874 0.789007 0.847634 0.753922 0.912865 0.603182 0.631260 0.983402 0.907641 0.394117 0.319720 0.463061 0.439740 0.678632 0.667592 0.239624 0.000000 0.323681 0.222882 0.854233 0.848841 0.704207 0.729594 0.963502 0.677593 0.838693 0.935704 0.343102 0.263213 0.912828 0.798788 0.409920 0.420641 0.931865 0.959467 0.717595 0.614419 0.988721 0.886825 0.742495 0.728325 0.705833 0.704758 0.890525 0.879223 0.614129 0.690929 0.816453 0.799632 0.854658 0.875945 0.723570 0.638838 0.810547 0.770040 0.231472 0.296481 0.637137 0.712745 0.519585 0.534045 0.323765 0.280908 0.793816 0.639171 0.721146 0.785061 0.484049 0.497238 0.617064 0.763774 0.636699 0.686085 0.850046 0.755534 0.748466 0.534481 0.408536 0.351885 0.253997 0.285140 0.493906 0.498075 0.479979 0.513845 0.751482 0.704750 0.677578 0.702177 0.804325 0.769281 0.795469 0.710734 0.851336 0.852311 0.528239 0.990785 0.764268 0.801779 0.840575 0.964814 0.628603 0.639503 0.657794 0.773808 0.934961 0.890480 0.905425 0.678754 0.900705 0.710937 0.920686 0.744862 0.783960 0.793828
0.286927 0.310408 0.509753 0.630936 0.714967 0.922217 0.350117 0.489817 0.801686 0.934164 0.393032 0.345124 0.286642 0.317045 0.570913 0.563655 0.293438 0.323681 0.000000 0.273474 0.707342 0.874582 0.571146 0.602569 0.884132 0.887141 0.823261 0.972698 0.370605 0.350977 0.742490 0.763483 0.319437 0.282661 0.762704 0.993101 0.646064 0.656213 0.900252 0.752558 0.867785 0.839322 0.664020 0.607820 0.784934 0.703634 0.472973 0.475641 0.722185 0.568736 0.595980 0.592431 0.970568 0.862137 0.594039 0.632741 0.296936 0.346171 0.413459 0.534745 0.317285 0.433281 0.257441 0.288309 0.630364 0.544609 0.504230 0.628725 0.493370 0.465725 0.550489 0.772277 0.543902 0.693903 0.785415 0.743954 0.610141 0.644142 0.439920 0.457576 0.314263 0.372695 0.478588 0.485780 0.395890 0.376921 0.781139 0.739583 0.604273 0.609809 0.858579 0.772417 0.803878 0.652317 0.996484 0.879259 0.462511 0.953524 0.736571 0.743323 0.874739 0.915586 0.680830 0.601109 0.618767 0.649972 0.996340 0.964758 0.913261 0.619720 0.864343 0.627266 0.849952 0.728812 0.641141 0.742161
0.307818 0.273069 0.633059 0.694169 0.790468 0.988785 0.505079 0.548116 0.989907 0.820466 0.369990 0.307241 0.363883 0.385321 0.704002 0.685580 0.273423 0.222882 0.273474 0.000000 0.836240 0.863699 0.672670 0.674013 0.920156 0.819656 0.849396 0.920508 0.424993 0.307503 0.840695 0.822372 0.370972 0.377868 0.834712 0.984439 0.623065 0.524975 0.852482 0.835222 0.793043 0.767517 0.720235 0.705321 0.915484 0.880647 0.568712 0.604119 0.843614 0.714147 0.743393 0.739263 0.779547 0.693601 0.665019 0.684383 0.248488 0.276322 0.514314 0.584784 0.410629 0.481779 0.284743 0.276001 0.660175 0.513929 0.595937 0.677786 0.429598 0.441573 0.520327 0.762992 0.565130 0.659108 0.820123 0.764231 0.607089 0.576711 0.407504 0.364008 0.267001 0.284217 0.479528 0.472601 0.392084 0.412939 0.721484 0.703546 0.603470 0.636174 0.743607 0.695649 0.786527 0.685363 0.896118 0.965479 0.478725 0.981064 0.832838 0.849901 0.823637 0.984627 0.667306 0.690506 0.602952 0.673038 0.950395 0.937776 0.901583 0.637464 0.900515 0.739249 0.936425 0.808402 0.721967 0.768832
0.743846 0.827907 0.649709 0.742998 0.964017 0.780973 0.692167 0.881609 0.973400 0.980798 0.839524 0.910650 0.711452 0.869780 0.741570 0.821686 0.928726 0.854233 0.707342 0.836240 0.000000 0.957010 0.726960 0.799670 0.746135 0.699267 0.886490 0.747574 0.971665 0.952551 0.691861 0.839061 0.683793 0.710344 0.751426 0.672255 0.845299 0.864648 0.900850 0.879915 0.860234 0.973757 0.840634 0.760905 0.821228 0.793571 0.804444 0.763072 0.930780 0.721209 0.793136 0.760758 0.965176 0.943035 0.798104 0.860371 0.879031 0.859444 0.681411 0.760892 0.768212 0.944246 0.801531 0.846668 0.715622 0.893731 0.592833 0.712077 0.843464 0.759992 0.803860 0.770666 0.765625 0.820663 0.883828 0.908008 0.697004 0.839266 0.915549 0.773135 0.890310 0.888845 0.993206 0.964989 0.842333 0.725783 0.919064 0.954556 0.949717 0.827887 0.830158 0.974417 0.843039 0.991230 0.890780 0.924151 0.717270 0.898620 0.781762 0.825384 0.904735 0.964395 0.703476 0.920012 0.832897 0.713651 0.975552 0.990883 0.988707 0.994927 0.920192 0.911086 0.921150 0.925820 0.888877 0.977937
0.950940 0.910237 0.925564 0.986714 0.873483 0.859461 0.980243 0.913266 0.960869 0.959348 0.904758 0.886534 0.998096 0.931488 0.939799 0.870024 0.870781 0.848841 0.874582 0.863699 0.957010 0.000000 0.949478 0.941996 0.942887 0.919713 0.823211 0.813662 0.883756 0.810143 0.788377 0.775973 0.967958 0.900626 0.994102 0.848039 0.988236 0.969807 0.845162 0.769098 0.931467 0.815678 0.754900 0.779839 0.949432 0.980168 0.903193 0.928549 0.977921 0.921378 0.936710 0.963409 0.955526 0.895700 0.896224 0.967710 0.829655 0.880414 0.940733 0.999859 0.987179 0.965481 0.999588 0.917311 0.890107 0.961428 0.984040 0.996135 0.908897 0.890140 0.862058 0.953342 0.934999 0.974130 0.997563 0.974875 0.890914 0.682518 0.951054 0.944232 0.895387 0.927996 0.872601 0.954130 0.891980 0.985224 0.963550 0.840764 0.810182 0.963030 0.928679 0.853772 0.885221 0.913284 0.989321 0.992906 0.878460 0.977310 0.879983 0.847671 0.990556 0.799889 0.802649 0.862984 0.922719 0.807946 0.971161 0.922413 0.801192 0.934144 0.982625 0.908176 0.931005 0.996170 0.992962 0.961227
0.636939 0.623503 0.591940 0.649686 0.769183 0.797630 0.666375 0.892974 0.843520 0.906815 0.966792 0.823717 0.520205 0.647941 0.429510 0.507824 0.662366 0.704207 0.571146 0.672670 0.726960 0.949478 0.000000 0.359651 0.608666 0.950028 0.644548 0.862926 0.701679 0.790894 0.521155 0.734919 0.537784 0.718298 0.685787 0.981451 0.687404 0.867437 0.937787 0.918225 0.932948 0.894327 0.863269 0.756242 0.932906 0.882263 0.665243 0.672737 0.946715 0.655720 0.848957 0.733312 0.828953 0.869051 0.776935 0.988139 0.663481 0.660537 0.720957 0.764363 0.716304 0.887830 0.566627 0.607146 0.546649 0.992669 0.814644 0.984135 0.761100 0.716952 0.637188 0.738775 0.894323 0.962472 0.914386 0.786279 0.752174 0.891706 0.563840 0.702834 0.640284 0.756953 0.631382 0.673320 0.474763 0.542354 0.788078 0.615657 0.674349 0.543784 0.816687 0.877636 0.760429 0.774507 0.864332 0.964576 0.789602 0.883383 0.985646 0.954948 0.608850 0.894845 0.962040 0.876756 0.817449 0.821199 0.991413 0.948297 0.877411 0.863576 0.961679 0.882095 0.930206 0.913359 0.804183 0.939022
0.695847 0.639108 0.561182 0.469774 0.954769 0.875986 0.655312 0.728061 0.972754 0.776673 0.998223 0.791132 0.592311 0.613847 0.587570 0.612521 0.731849 0.729594 0.602569 0.674013 0.799670 0.941996 0.359651 0.000000 0.553360 0.822035 0.684407 0.890873 0.777692 0.810058 0.655915 0.669071 0.601567 0.684986 0.701656 0.814934 0.652272 0.787702 0.794689 0.997960 0.882232 0.891454 0.853746 0.805938 0.960249 0.948041 0.635105 0.675388 0.925049 0.793821 0.857656 0.798074 0.990461 0.926946 0.696361 0.873712 0.733443 0.702374 0.733462 0.791209 0.769176 0.878999 0.682815 0.706107 0.562941 0.794886 0.689725 0.821649 0.773943 0.762733 0.636524 0.760410 0.947458 0.941437 0.938940 0.836097 0.728437 0.795207 0.606925 0.787080 0.710487 0.771605 0.631061 0.631839 0.543568 0.454212 0.771517 0.680371 0.730747 0.625131 0.911644 0.798962 0.938469 0.794204 0.996160 0.870876 0.795438 0.981325 0.930516 0.926428 0.730762 0.936011 0.995301 0.826956 0.674402 0.716195 0.904137 0.894055 0.883150 0.812521 0.948167 0.858894 0.985072 0.950332 0.911266 0.864087
0.748598 0.822505 0.505617 0.537281 0.981887 0.930309 0.876495 0.990895 0.801289 0.554994 0.898302 0.936981 0.808112 0.907997 0.870015 0.920872 0.985421 0.963502 0.884132 0.920156 0.746135 0.942887 0.608666 0.553360 0.000000 0.424653 0.749314 0.698814 0.771150 0.816468 0.634274 0.967322 0.733680 0.862906 0.563036 0.789893 0.561951 0.965097 0.634229 0.913182 0.761452 0.945469 0.963214 0.972202 0.711778 0.800648 0.876987 0.772371 0.748256 0.904446 0.941264 0.811850 0.987169 0.887888 0.559838 0.769739 0.989103 0.861480 0.691874 0.637826 0.913308 0.929104 0.919720 0.976267 0.445174 0.811446 0.606004 0.767648 0.733796 0.700882 0.779397 0.872986 0.850779 0.984037 0.983800 0.996396 0.871399 0.942750 0.879891 0.936390 0.908376 0.896565 0.877509 0.732968 0.665353 0.587094 0.834432 0.903252 0.668173 0.661983 0.929128 0.766465 0.902660 0.862834 0.964798 0.981927 0.792210 0.913456 0.849303 0.805559 0.795133 0.848648 0.925615 0.883000 0.795036 0.683833 0.859409 0.882302 0.987314 0.909649 0.791130 0.945465 0.847795 0.856751 0.935326 0.929042
0.989209 0.879911 0.608760 0.651888 0.876873 0.933743 0.943650 0.991565 0.858085 0.728969 0.788378 0.726321 0.973159 0.800426 0.947624 0.923841 0.739192 0.677593 0.887141 0.819656 0.699267 0.919713 0.950028 0.822035 0.424653 0.000000 0.983301 0.682943 0.601629 0.635338 0.699530 0.907190 0.942287 0.965755 0.648111 0.783211 0.678551 0.965252 0.721712 0.829713 0.852728 0.827183 0.992720 0.980692 0.825860 0.877306 0.980792 0.931895 0.751852 0.980218 0.909707 0.841917 0.859312 0.915344 0.691443 0.816670 0.751941 0.824670 0.803949 0.779163 0.945925 0.797274 0.811732 0.738798 0.631585 0.825129 0.593095 0.718041 0.925528 0.978042 0.900990 0.895809 0.868997 0.975072 0.958180 0.883926 0.944667 0.949460 0.889629 0.873755 0.747328 0.800464 0.808353 0.919727 0.982787 0.828085 0.865178 0.817634 0.955166 0.956989 0.871975 0.991016 0.752656 0.887597 0.906159 0.952398 0.896925 0.891439 0.860789 0.833186 0.955705 0.997469 0.970118 0.764879 0.899170 0.771867 0.784514 0.960683 0.992497 0.907321 0.866728 0.846897 0.884189 0.901238 0.997748 0.829669
0.889951 0.871098 0.883552 0.937654 0.958986 0.796953 0.964524 0.885040 0.900873 0.726406 0.894869 0.993156 0.928033 0.929995 0.808837 0.896297 0.844235 0.838693 0.823261 0.849396 0.886490 0.823211 0.644548 0.684407 0.749314 0.983301 0.000000 0.960004 0.880285 0.894665 0.800022 0.900475 0.841947 0.980419 0.987263 0.754731 0.954891 0.907605 0.986958 0.785776 0.960191 0.881807 0.883584 0.860118 0.702204 0.726356 0.974332 0.891641 0.731294 0.894467 0.849587 0.888233 0.841690 0.875402 0.923648 0.872613 0.880989 0.908278 0.944630 0.991663 0.918708 0.923095 0.896901 0.903691 0.778666 0.998473 0.972222 0.851097 0.859287 0.963404 0.785829 0.874678 0.962497 0.879858 0.907022 0.856912 0.996773 0.981203 0.817683 0.861468 0.813296 0.842944 0.687205 0.834352 0.738980 0.807104 0.879498 0.714690 0.789319 0.860719 0.818229 0.837352 0.857893 0.783381 0.987575 0.898132 0.981505 0.946372 0.865530 0.892425 0.745026 0.900327 0.864316 0.855100 0.940692 0.929084 0.997394 0.888772 0.893621 0.947054 0.816598 0.962880 0.835204 0.942619 0.946302 0.754049
0.985270 0.997076 0.891264 0.934935 0.931905 0.792480 0.959766 0.887546 0.894540 0.799697 0.863548 0.875258 0.952857 0.863935 0.936986 0.954993 0.976025 0.935704 0.972698 0.920508 0.747574 0.813662 0.862926 0.890873 0.698814 0.682943 0.960004 0.000000 0.898811 0.851107 0.932250 0.938520 0.943740 0.958231 0.862451 0.861324 0.985638 0.722274 0.990557 0.789978 0.774987 0.999696 0.892893 0.958413 0.877469 0.938558 0.954002 0.899930 0.872891 0.962526 0.988792 0.952460 0.993898 0.962073 0.923868 0.928145 0.948199 0.960337 0.899896 0.916419 0.950905 0.893157 0.987569 0.920567 0.812104 0.988897 0.869432 0.996262 0.998567 0.860523 0.874098 0.974852 0.949126 0.895882 0.923354 0.943833 0.889710 0.904946 0.917146 0.980033 0.936126 0.941221 0.845666 0.959258 0.999924 0.914937 0.965481 0.915108 0.860467 0.878429 0.950170 0.943270 0.972409 0.956812 0.922163 0.852394 0.966053 0.970889 0.960408 0.920425 0.911420 0.966377 0.993044 0.912782 0.888119 0.875125 0.847737 0.896103 0.988056 0.930482 0.913108 0.774370 0.966700 0.989525 0.951777 0.736146
0.545851 0.512580 0.875676 0.915917 0.687558 0.922134 0.532052 0.552558 0.737086 0.763434 0.487962 0.421737 0.500656 0.384415 0.595155 0.553668 0.388509 0.343102 0.370605 0.424993 0.971665 0.883756 0.701679 0.777692 0.771150 0.601629 0.880285 0.898811 0.000000 0.262076 0.887867 0.690660 0.502005 0.455839 0.948272 0.882279 0.851980 0.738055 0.839274 0.933495 0.923213 0.810980 0.594393 0.559622 0.665070 0.644279 0.595676 0.623036 0.628714 0.717413 0.735797 0.814838 0.990564 0.937244 0.913604 0.825704 0.373815 0.497246 0.696062 0.804579 0.534078 0.508064 0.378781 0.362951 0.974131 0.778882 0.839443 0.862602 0.704257 0.671619 0.686716 0.777688 0.738004 0.789895 0.916857 0.689479 0.726126 0.619439 0.470726 0.485798 0.411344 0.512196 0.540294 0.698159 0.657450 0.653843 0.836747 0.789229 0.789224 0.816843 0.974747 0.976951 0.815879 0.815762 0.972453 0.880243 0.676988 0.958213 0.659113 0.605603 0.990931 0.854126 0.646472 0.503592 0.788796 0.889958 0.976816 0.984609 0.944419 0.725130 0.789754 0.620793 0.772434 0.634778 0.801421 0.804320
0.455024 0.423648 0.866688 0.909141 0.736016 0.888715 0.592074 0.552263 0.862510 0.925802 0.374428 0.316866 0.519105 0.410576 0.709943 0.675122 0.299249 0.263213 0.350977 0.307503 0.952551 0.810143 0.790894 0.810058 0.816468 0.635338 0.894665 0.851107 0.262076 0.000000 0.923325 0.743858 0.486848 0.479887 0.934333 0.890806 0.787746 0.640735 0.858427 0.910038 0.930944 0.717064 0.697735 0.695391 0.829268 0.813508 0.643440 0.716876 0.761319 0.815642 0.831866 0.894720 0.831899 0.705231 0.872970 0.827978 0.266945 0.386334 0.695084 0.772499 0.518145 0.476277 0.373457 0.314907 0.973126 0.657202 0.807131 0.838148 0.589034 0.608515 0.698156 0.814668 0.658301 0.781634 0.778916 0.701458 0.808750 0.591785 0.467268 0.430609 0.306132 0.354842 0.505115 0.589381 0.596918 0.594840 0.794334 0.767453 0.766219 0.783762 0.892745 0.852031 0.803278 0.742703 0.881833 0.880244 0.613945 0.968209 0.740761 0.714737 0.973730 0.875695 0.592778 0.529997 0.752498 0.800347 0.897503 0.933072 0.928549 0.709565 0.811583 0.677776 0.884070 0.695364 0.806422 0.753650
0.892798 0.943447 0.707775 0.667644 0.941388 0.871995 0.656105 0.861459 0.836998 0.887272 0.924997 0.925604 0.757608 0.846355 0.559200 0.619172 0.892875 0.912828 0.742490 0.840695 0.691861 0.788377 0.521155 0.655915 0.634274 0.699530 0.800022 0.932250 0.887867 0.923325 0.000000 0.500511 0.642862 0.750140 0.782169 0.795687 0.664764 0.818109 0.996137 0.975121 0.961828 0.891944 0.614894 0.570807 0.780522 0.789433 0.851704 0.742316 0.986100 0.774768 0.817960 0.796075 0.712502 0.721202 0.890178 0.974676 0.908856 0.947776 0.821291 0.868563 0.910474 0.912956 0.881052 0.906214 0.756657 0.967238 0.691584 0.804240 0.994114 0.952270 0.530982 0.553214 0.839098 0.862864 0.862831 0.795006 0.601693 0.752064 0.732604 0.785743 0.942903 0.930254 0.937678 0.967283 0.907959 0.814181 0.885675 0.883132 0.956675 0.942993 0.848117 0.761718 0.826866 0.831591 0.905983 0.933236 0.866871 0.991358 0.868919 0.803763 0.946555 0.827239 0.728702 0.764942 0.676455 0.824307 0.886401 0.772618 0.937011 0.957412 0.920910 0.772125 0.902270 0.803252 0.874891 0.873604
0.999694 0.998226 0.964935 0.759899 0.961100 0.902037 0.670537 0.756176 0.905274 0.761218 0.977824 0.937998 0.837265 0.682984 0.592711 0.607101 0.861894 0.798788 0.763483 0.822372 0.839061 0.775973 0.734919 0.669071 0.967322 0.907190 0.900475 0.938520 0.690660 0.743858 0.500511 0.000000 0.656586 0.694680 0.988563 0.769920 0.857974 0.816818 0.939728 0.958308 0.906985 0.751647 0.500600 0.490532 0.707767 0.708279 0.788871 0.819848 0.943001 0.925380 0.888347 0.978926 0.917331 0.906361 0.966556 0.924674 0.846657 0.996768 0.989655 0.913282 0.982595 0.918036 0.894770 0.905502 0.920770 0.977125 0.808703 0.755884 0.913170 0.890658 0.641892 0.530277 0.958699 0.902774 0.952345 0.726450 0.692112 0.543565 0.780011 0.849920 0.914585 0.961697 0.958030 0.968750 0.962443 0.897180 0.803030 0.937214 0.862668 0.981350 0.649660 0.633271 0.664677 0.761091 0.953805 0.862294 0.922447 0.908862 0.562215 0.504042 0.814285 0.713054 0.577774 0.632335 0.691095 0.775178 0.806184 0.757455 0.881371 0.881453 0.769433 0.728559 0.848122 0.700373 0.977184 0.982393
0.368333 0.406052 0.478891 0.565900 0.845811 0.976730 0.361051 0.545671 0.826983 0.898381 0.538899 0.507414 0.351519 0.436758 0.510332 0.542461 0.405496 0.409920 0.319437 0.370972 0.683793 0.967958 0.537784 0.601567 0.733680 0.942287 0.841947 0.943740 0.502005 0.486848 0.642862 0.656586 0.000000 0.299624 0.656531 0.957092 0.531593 0.745064 0.825648 0.805187 0.668667 0.791361 0.584587 0.518706 0.785965 0.691379 0.453815 0.504400 0.770174 0.583467 0.619598 0.607031 0.902577 0.902107 0.593387 0.617653 0.392196 0.429593 0.436750 0.534235 0.414777 0.562331 0.326767 0.391725 0.566099 0.576253 0.428530 0.536566 0.550012 0.519052 0.499333 0.694561 0.554912 0.704783 0.786585 0.676259 0.534777 0.619267 0.417256 0.492707 0.406083 0.469343 0.557676 0.546140 0.436791 0.362679 0.843800 0.790426 0.576676 0.668235 0.979374 0.860135 0.957313 0.771876 0.995797 0.937873 0.447866 0.883760 0.709079 0.749559 0.944359 0.889099 0.626372 0.625992 0.623958 0.610062 0.973071 0.929444 0.993658 0.638238 0.827521 0.641624 0.837512 0.676038 0.676145 0.788681
0.355364 0.417244 0.515840 0.543625 0.785840 0.885312 0.298438 0.416074 0.815839 0.951115 0.409482 0.420873 0.336141 0.407239 0.600875 0.586830 0.439047 0.420641 0.282661 0.377868 0.710344 0.900626 0.718298 0.684986 0.862906 0.965755 0.980419 0.958231 0.455839 0.479887 0.750140 0.694680 0.299624 0.000000 0.794899 0.988956 0.584796 0.699203 0.868605 0.740996 0.707180 0.837699 0.530630 0.500553 0.644643 0.525173 0.434662 0.379220 0.562725 0.494196 0.479013 0.541782 0.910707 0.920037 0.575511 0.538126 0.411026 0.424688 0.368657 0.495245 0.318186 0.446700 0.341580 0.373859 0.664732 0.538371 0.399785 0.468311 0.584592 0.477203 0.611120 0.738706 0.585647 0.645454 0.748417 0.770867 0.501302 0.626553 0.486872 0.512704 0.412584 0.498587 0.572002 0.579576 0.519938 0.415988 0.863308 0.885323 0.655808 0.681481 0.962048 0.860099 0.968506 0.806441 0.943645 0.763298 0.460000 0.822839 0.565690 0.630259 0.882846 0.855825 0.573556 0.561989 0.579288 0.571230 0.927637 0.873135 0.989898 0.632490 0.786414 0.533985 0.769332 0.643044 0.650178 0.731318
0.701150 0.758609 0.568258 0.698578 0.922570 0.926638 0.736669 0.970199 0.791149 0.744710 0.986246 0.978255 0.727288 0.870950 0.855953 0.961180 0.905012 0.931865 0.762704 0.834712 0.751426 0.994102 0.685787 0.701656 0.563036 0.648111 0.987263 0.862451 0.948272 0.934333 0.782169 0.988563 0.656531 0.794899 0.000000 0.933053 0.648513 0.841555 0.648942 0.823601 0.819479 0.969922 0.991051 0.924596 0.969648 0.987873 0.828795 0.796422 0.907196 0.834890 0.862106 0.778511 0.874492 0.962647 0.682064 0.681481 0.903182 0.842960 0.688877 0.755309 0.794428 0.989672 0.826968 0.901403 0.497020 0.860036 0.581528 0.671835 0.752479 0.805700 0.677641 0.801793 0.746409 0.778359 0.958104 0.974087 0.787836 0.879229 0.806082 0.895666 0.906883 0.881205 0.924490 0.809597 0.669204 0.692159 0.954088 0.869978 0.739331 0.818074 0.849886 0.814860 0.927245 0.902944 0.823206 0.934400 0.760335 0.980020 0.926975 0.879884 0.633004 0.979309 0.971620 0.998804 0.731641 0.691397 0.895355 0.981440 0.982377 0.945314 0.852827 0.924395 0.866967 0.877154 0.922435 0.822791
0.882769 0.940474 0.945407 0.825403 0.816310 0.846971 0.966907 0.958964 0.786610 0.954056 0.813451 0.910954 0.893030 0.993923 0.893339 0.996096 0.840969 0.959467 0.993101 0.984439 0.672255 0.848039 0.981451 0.814934 0.789893 0.783211 0.754731 0.861324 0.882279 0.890806 0.795687 0.769920 0.957092 0.988956 0.933053 0.000000 0.979090 0.777184 0.827580 0.914600 0.978185 0.817218 0.795195 0.858002 0.998132 0.981993 0.955072 0.989603 0.902193 0.900419 0.997250 0.959904 0.881391 0.986147 0.968423 0.981419 0.897290 0.878821 0.979183 0.995846 0.836502 0.784186 0.816285 0.848737 0.950655 0.980427 0.818921 0.838804 0.892087 0.964118 0.748253 0.708095 0.967982 0.891688 0.704587 0.948388 0.715109 0.742225 0.919690 0.980129 0.844415 0.834180 0.856458 0.789074 0.835711 0.942498 0.799194 0.842358 0.870148 0.952690 0.739653 0.840200 0.614016 0.770680 0.898949 0.960149 0.900963 0.854608 0.790255 0.718965 0.855409 0.946129 0.807725 0.960784 0.762844 0.789308 0.866429 0.847774 0.919532 0.970716 0.976424 0.949452 0.919964 0.942933 0.929331 0.808574
0.499740 0.535187 0.445628 0.496536 0.947205 0.938018 0.643613 0.671572 0.992107 0.826395 0.785263 0.703231 0.590820 0.791840 0.827511 0.832147 0.674175 0.717595 0.646064 0.623065 0.845299 0.988236 0.687404 0.652272 0.561951 0.678551 0.954891 0.985638 0.851980 0.787746 0.664764 0.857974 0.531593 0.584796 0.648513 0.979090 0.000000 0.730564 0.773098 0.970858 0.674217 0.863422 0.767871 0.777776 0.988013 0.905101 0.634694 0.584370 0.915073 0.614737 0.659348 0.599695 0.826495 0.990227 0.480986 0.612051 0.656583 0.546447 0.501309 0.477398 0.589666 0.713697 0.609539 0.609035 0.503698 0.607284 0.504418 0.660079 0.527920 0.533298 0.703664 0.788390 0.599924 0.715818 0.837584 0.761962 0.701303 0.753558 0.604438 0.716744 0.651619 0.657124 0.667875 0.705323 0.562735 0.498624 0.799807 0.855280 0.613545 0.662477 0.757118 0.728379 0.886851 0.863290 0.945937 0.898647 0.643647 0.934033 0.965098 0.983061 0.803902 0.905143 0.791686 0.853788 0.601758 0.613391 0.861792 0.821097 0.981122 0.690085 0.960724 0.911027 0.970996 0.862875 0.692467 0.919494
0.718176 0.667056 0.804810 0.736531 0.982989 0.844994 0.716247 0.665097 0.990706 0.968859 0.774307 0.673192 0.749654 0.651801 0.914445 0.876066 0.737821 0.614419 0.656213 0.524975 0.864648 0.969807 0.867437 0.787702 0.965097 0.965252 0.907605 0.722274 0.738055 0.640735 0.818109 0.816818 0.745064 0.699203 0.841555 0.777184 0.730564 0.000000 0.759268 0.959256 0.909993 0.785699 0.771195 0.772493 0.859092 0.889809 0.807843 0.856820 0.921780 0.904558 0.812211 0.838543 0.855014 0.870043 0.796089 0.855197 0.659359 0.680730 0.816034 0.838628 0.771137 0.809356 0.766185 0.686440 0.870513 0.762449 0.713076 0.752707 0.756554 0.811267 0.639603 0.559164 0.803769 0.724656 0.919346 0.824380 0.732262 0.649340 0.683529 0.597865 0.717918 0.735196 0.813511 0.864790 0.787923 0.767952 0.985464 0.962685 0.770934 0.909278 0.979940 0.948455 0.964230 0.917640 0.892699 0.835956 0.689451 0.923099 0.841439 0.743172 0.998223 0.823479 0.692620 0.857044 0.571184 0.721060 0.799730 0.942546 0.955384 0.901074 0.887278 0.882342 0.910127 0.955178 0.756735 0.863180
