0.000000 0.342412 0.672259 0.692609 0.865204 0.657015 0.359363 0.378507 0.471660 0.501978 0.377096 0.288011 0.393318 0.443938 0.553642 0.653857 0.421444 0.434096 0.423187 0.441402 0.947989 0.918621 0.768477 0.982730 0.821490 0.968988 0.710815 0.844277 0.429961 0.520231 0.919366 0.994549 0.456271 0.390996 0.654508 0.948855 0.877265 0.959251 0.777679 0.954481 0.845805 0.841232 0.633341 0.635921 0.644451 0.598404 0.597873 0.567752 0.913388 0.838581 0.727156 0.611646 0.787188 0.890487 0.842050 0.715044 0.403378 0.357060 0.236193 0.301213 0.266569 0.346692 0.405214 0.364587 0.758932 0.650181 0.529377 0.564873 0.547799 0.664561 0.591211 0.719594 0.868907 0.885873 0.907323 0.922569 0.594391 0.834328 0.602178 0.904972 0.426242 0.691748 0.919414 0.746776 0.676069 0.836800 0.943103 0.820560 0.615263 0.654404 0.631776 0.659182 0.716992 0.645092 0.801511 0.831371 0.589831 0.716998 0.451396 0.423397 0.648021 0.660404 0.574488 0.663725 0.496794 0.450477 0.777987 0.576770 0.690015 0.683993 0.649199 0.696346 0.588823 0.878634 0.616278 0.854827
0.342412 0.000000 0.556287 0.501080 0.967729 0.709744 0.348724 0.325264 0.620293 0.680584 0.652139 0.473525 0.660338 0.571766 0.746601 0.728196 0.539038 0.561655 0.401246 0.331552 0.802865 0.848822 0.666026 0.794776 0.893918 0.763791 0.851136 0.874160 0.626090 0.698829 0.663917 0.760690 0.397121 0.331353 0.538802 0.803356 0.756861 0.868531 0.951937 0.872370 0.666990 0.915936 0.407320 0.437654 0.558105 0.549244 0.517892 0.446384 0.988904 0.761789 0.609777 0.503178 0.700851 0.757121 0.791981 0.677347 0.374427 0.339311 0.405839 0.347764 0.421400 0.333845 0.668737 0.618612 0.657439 0.458911 0.357449 0.395693 0.475951 0.522107 0.467494 0.549409 0.604352 0.658515 0.813954 0.797382 0.612334 0.736586 0.708539 0.857118 0.505268 0.663036 0.815611 0.808876 0.638707 0.612335 0.985961 0.882564 0.646079 0.605831 0.530593 0.722338 0.606345 0.675200 0.733906 0.894589 0.520250 0.710924 0.470577 0.476532 0.632399 0.637594 0.580535 0.784689 0.423477 0.400962 0.824312 0.507882 0.683608 0.673777 0.623148 0.655330 0.633394 0.743908 0.556217 0.950662
0.672259 0.556287 0.000000 0.211783 0.949268 0.825504 0.393301 0.486621 0.639474 0.963742 0.988300 0.782939 0.795536 0.743413 0.800713 0.646568 0.957259 0.958281 0.563869 0.510977 0.500339 0.820344 0.339148 0.415962 0.392356 0.303279 0.922351 0.858813 0.981852 0.919989 0.395448 0.560263 0.457443 0.451100 0.494409 0.792523 0.466467 0.655229 0.846589 0.757256 0.829345 0.968598 0.432443 0.579860 0.750733 0.847779 0.407914 0.481551 0.843501 0.891336 0.733547 0.782861 0.855408 0.835683 0.621826 0.698019 0.904063 0.845336 0.722750 0.703801 0.573409 0.504097 0.960728 0.974843 0.240098 0.296607 0.364475 0.372015 0.611069 0.782884 0.450563 0.503668 0.542821 0.597571 0.806567 0.925671 0.597231 0.506401 0.966400 0.705750 0.770589 0.579923 0.727143 0.845294 0.420534 0.341504 0.918432 0.904784 0.587034 0.567407 0.667447 0.808624 0.665860 0.693666 0.630215 0.732772 0.672708 0.969587 0.723711 0.674886 0.810825 0.962763 0.892931 0.977728 0.617069 0.500249 0.752918 0.877356 0.776299 0.802800 0.674230 0.907086 0.871435 0.890588 0.808817 0.897932
0.692609 0.501080 0.211783 0.000000 0.915502 0.766783 0.377832 0.436792 0.698033 0.957793 0.967633 0.748877 0.907104 0.743912 0.903409 0.724718 0.950705 0.982321 0.570685 0.459181 0.455922 0.789484 0.383193 0.386859 0.402720 0.306511 0.968610 0.879194 0.933576 0.978412 0.395630 0.531446 0.462250 0.440441 0.485381 0.704501 0.526199 0.620694 0.784855 0.780801 0.738156 0.941030 0.397715 0.515604 0.744373 0.863776 0.381118 0.440708 0.769367 0.921573 0.685435 0.742808 0.831708 0.776299 0.693674 0.700110 0.865343 0.842841 0.706125 0.640648 0.607921 0.459374 0.910601 0.930728 0.301698 0.230389 0.287093 0.288992 0.629363 0.771424 0.377626 0.396947 0.479291 0.566088 0.725806 0.812251 0.594459 0.483102 0.958913 0.696210 0.841336 0.681483 0.754157 0.906262 0.507815 0.366674 0.877470 0.946141 0.648299 0.629967 0.567365 0.789834 0.576275 0.656127 0.671778 0.690145 0.573217 0.863065 0.670786 0.666200 0.714154 0.877872 0.845769 0.981617 0.555996 0.479414 0.762004 0.785509 0.711501 0.758597 0.646852 0.854495 0.882809 0.838623 0.696491 0.858028
0.865204 0.967729 0.949268 0.915502 0.000000 0.982718 0.995104 0.964333 0.737105 0.756467 0.806957 0.877210 0.608421 0.823311 0.590569 0.781961 0.782352 0.828235 0.806335 0.999304 0.889380 0.790746 0.867738 0.882463 0.918152 0.849853 0.747826 0.942397 0.789688 0.814834 0.869046 0.751116 0.916213 0.974060 0.878901 0.872064 0.926803 0.893242 0.988466 0.638360 0.868386 0.976894 0.931817 0.876510 0.980614 0.978051 0.954939 0.914714 0.817436 0.825291 0.816296 0.786992 0.868959 0.684745 0.873581 0.996862 0.839690 0.731159 0.828626 0.992974 0.795393 0.967310 0.683600 0.752968 0.806992 0.930548 0.956340 0.905955 0.990790 0.984801 0.997241 0.813452 0.776948 0.777110 0.909014 0.904016 0.947620 0.974609 0.953293 0.918818 0.708389 0.860381 0.866519 0.634373 0.684592 0.962778 0.921158 0.862902 0.736495 0.856859 0.862542 0.964448 0.845715 0.969005 0.980332 0.950655 0.825866 0.825335 0.983760 0.982028 0.762319 0.826908 0.903648 0.913828 0.872437 0.871831 0.861282 0.909228 0.970038 0.916654 0.886111 0.861078 0.906578 0.901920 0.827171 0.975064
0.657015 0.709744 0.825504 0.766783 0.982718 0.000000 0.570506 0.510262 0.579726 0.612963 0.752382 0.677219 0.893114 0.957713 0.981168 0.975707 0.851477 0.836686 0.802915 0.726371 0.974435 0.850044 0.963927 0.880978 0.872325 0.954813 0.619980 0.895943 0.831589 0.995094 0.985335 0.912044 0.741793 0.707034 0.824111 0.995446 0.984038 0.921123 0.860979 0.973602 0.801987 0.966862 0.677508 0.632125 0.752556 0.753027 0.698540 0.730777 0.941636 0.825395 0.759036 0.711090 0.792514 0.800517 0.806485 0.724155 0.845385 0.816525 0.654801 0.558333 0.667663 0.551025 0.922559 0.888545 0.947640 0.715268 0.656120 0.633948 0.750265 0.641867 0.740239 0.746654 0.832347 0.916730 0.856936 0.847660 0.767534 0.858102 0.977053 0.946145 0.898879 0.942973 0.806517 0.991733 0.981741 0.981881 0.917928 0.890792 0.838087 0.971869 0.559446 0.590037 0.577651 0.591957 0.947759 0.804835 0.724389 0.785877 0.559793 0.616385 0.709984 0.684557 0.762362 0.683608 0.761359 0.711192 0.797282 0.695095 0.898300 0.836873 0.695097 0.683337 0.658672 0.822847 0.564477 0.823894
0.359363 0.348724 0.393301 0.377832 0.995104 0.570506 0.000000 0.201048 0.360917 0.554341 0.600463 0.431752 0.670956 0.683425 0.786076 0.744434 0.582437 0.600436 0.455807 0.411155 0.789650 0.797661 0.663358 0.825611 0.841952 0.669809 0.708891 0.887215 0.626890 0.656294 0.634654 0.802065 0.420095 0.303659 0.457099 0.872378 0.766991 0.846355 0.920450 0.890340 0.715809 0.869060 0.366947 0.359635 0.452701 0.494158 0.443192 0.418995 0.897872 0.673063 0.465889 0.448583 0.549502 0.578944 0.646205 0.617495 0.636363 0.567873 0.367740 0.410801 0.369092 0.302020 0.701978 0.625570 0.591344 0.443712 0.260971 0.328589 0.551223 0.661521 0.359463 0.480397 0.574296 0.653608 0.808710 0.936747 0.426032 0.611166 0.737875 0.867166 0.538505 0.672307 0.892808 0.841898 0.699868 0.697501 0.904642 0.787160 0.635767 0.646213 0.350490 0.496858 0.409166 0.429805 0.633783 0.696357 0.378097 0.663048 0.324047 0.362778 0.569041 0.595977 0.577574 0.666055 0.417159 0.342213 0.654386 0.558858 0.640149 0.627332 0.488679 0.638515 0.609951 0.751726 0.541939 0.826119
0.378507 0.325264 0.486621 0.436792 0.964333 0.510262 0.201048 0.000000 0.445541 0.522571 0.591568 0.394064 0.714365 0.652503 0.861655 0.851914 0.637591 0.639789 0.525585 0.418210 0.816294 0.792204 0.764446 0.893274 0.918254 0.721561 0.645085 0.837635 0.642275 0.717494 0.662999 0.793100 0.441602 0.335194 0.477923 0.851277 0.866247 0.881447 0.919921 0.889801 0.649329 0.843048 0.377958 0.380704 0.569759 0.587871 0.497614 0.490025 0.988670 0.764558 0.551191 0.508996 0.642014 0.652490 0.766659 0.649100 0.588863 0.561753 0.387342 0.355370 0.367257 0.230394 0.728430 0.637351 0.682287 0.405941 0.264613 0.297815 0.593068 0.611343 0.382848 0.432409 0.616027 0.647721 0.816977 0.843072 0.522592 0.702734 0.839329 0.899423 0.611331 0.777698 0.956669 0.958309 0.772568 0.755701 0.986451 0.731432 0.649935 0.726272 0.316119 0.534214 0.371776 0.441287 0.682383 0.683563 0.391336 0.598747 0.333601 0.391048 0.477772 0.551636 0.582019 0.686916 0.397351 0.328215 0.609909 0.520506 0.635908 0.585495 0.461142 0.597828 0.561280 0.780524 0.465559 0.849204
0.471660 0.620293 0.639474 0.698033 0.737105 0.579726 0.360917 0.445541 0.000000 0.467603 0.438358 0.493125 0.597106 0.766031 0.712154 0.739265 0.608509 0.618897 0.666909 0.666394 0.975536 0.916308 0.848177 0.912522 0.909626 0.944237 0.730945 0.771557 0.553565 0.634781 0.911371 0.961199 0.610569 0.523051 0.673143 0.980355 0.881346 0.984920 0.838641 0.891145 0.798703 0.809937 0.658918 0.598949 0.558742 0.597912 0.701105 0.725709 0.713118 0.807085 0.664182 0.680704 0.662201 0.811318 0.585613 0.726028 0.832149 0.683762 0.441481 0.587032 0.429361 0.475205 0.630047 0.556070 0.757544 0.762129 0.560097 0.627084 0.687462 0.722326 0.583876 0.766520 0.823797 0.903713 0.869886 0.982986 0.585208 0.810289 0.681876 0.999725 0.556310 0.709630 0.942537 0.668833 0.772390 0.907395 0.853107 0.890581 0.574574 0.745118 0.590628 0.520700 0.610451 0.491452 0.743475 0.886901 0.672777 0.747187 0.457003 0.492097 0.732300 0.744809 0.692755 0.748262 0.632651 0.545343 0.774521 0.668102 0.752029 0.830869 0.629621 0.763535 0.644761 0.855505 0.727114 0.941959
0.501978 0.680584 0.963742 0.957793 0.756467 0.612963 0.554341 0.522571 0.467603 0.000000 0.408477 0.472203 0.690200 0.879492 0.764835 0.920978 0.466434 0.442808 0.702636 0.768930 0.714764 0.960205 0.778458 0.488792 0.582566 0.694611 0.660863 0.778802 0.398720 0.555824 0.788208 0.678890 0.827275 0.682045 0.784461 0.900918 0.834443 0.872303 0.745815 0.930640 0.843363 0.766839 0.813542 0.693726 0.587038 0.558319 0.874147 0.889972 0.623201 0.777325 0.658573 0.640677 0.709298 0.815918 0.913525 0.795436 0.670945 0.601617 0.453506 0.659080 0.618606 0.624792 0.517150 0.422541 0.835806 0.949121 0.735044 0.850895 0.819161 0.770733 0.637903 0.845533 0.983750 0.939291 0.985354 0.976648 0.638516 0.969709 0.802113 0.832548 0.517926 0.856219 0.944859 0.780972 0.922948 0.707765 0.780759 0.686849 0.769401 0.981106 0.516434 0.481490 0.564454 0.475778 0.883098 0.771999 0.650779 0.643478 0.393779 0.489797 0.669871 0.609545 0.473680 0.579491 0.682342 0.691382 0.829941 0.616281 0.833412 0.761181 0.652109 0.686102 0.452303 0.807405 0.749586 0.879882
0.377096 0.652139 0.988300 0.967633 0.806957 0.752382 0.600463 0.591568 0.438358 0.408477 0.000000 0.327518 0.418446 0.536865 0.631269 0.756048 0.438366 0.443886 0.676826 0.698272 0.717911 0.994244 0.911027 0.692095 0.557156 0.691178 0.678710 0.682232 0.343907 0.419075 0.852162 0.824701 0.708439 0.629238 0.915177 0.785432 0.869503 0.874732 0.817255 0.932892 0.970414 0.776820 0.963908 0.893530 0.775035 0.713756 0.960694 0.909158 0.800871 0.955288 0.930023 0.863038 0.885405 0.949776 0.873789 0.882288 0.653769 0.542798 0.408647 0.525462 0.389862 0.508012 0.333544 0.279273 0.930889 0.990890 0.852845 0.902849 0.778848 0.782427 0.876929 0.989832 0.837729 0.876904 0.896097 0.954355 0.859435 0.849163 0.623934 0.998427 0.449022 0.758974 0.997614 0.708177 0.919915 0.865714 0.857244 0.868375 0.738467 0.845422 0.856691 0.791124 0.922530 0.797445 0.881245 0.977006 0.809759 0.796053 0.647336 0.659800 0.767125 0.801324 0.728767 0.795989 0.724070 0.712120 0.849352 0.770498 0.800489 0.817992 0.759539 0.864292 0.707421 0.949439 0.738471 0.888507
0.288011 0.473525 0.782939 0.748877 0.877210 0.677219 0.431752 0.394064 0.493125 0.472203 0.327518 0.000000 0.392361 0.413260 0.606183 0.657173 0.476946 0.444754 0.544305 0.500834 0.943682 0.988667 0.868979 0.931115 0.745162 0.897865 0.731447 0.771365 0.386998 0.453241 0.989775 0.935122 0.511910 0.447348 0.736768 0.954982 0.930441 0.921827 0.868515 0.878359 0.835239 0.899584 0.805158 0.757926 0.759052 0.734284 0.713216 0.674732 0.982862 0.995502 0.877131 0.769170 0.888311 0.996061 0.926944 0.818678 0.534626 0.501760 0.303265 0.375892 0.288757 0.307311 0.399557 0.329541 0.840988 0.650165 0.578366 0.605878 0.779137 0.733707 0.666051 0.771692 0.986435 0.979600 0.824384 0.977214 0.659386 0.925825 0.681296 0.909602 0.477365 0.753598 0.959092 0.751433 0.759051 0.901109 0.950995 0.818656 0.656251 0.791923 0.662321 0.747619 0.744092 0.675875 0.821538 0.827767 0.660818 0.681260 0.515875 0.548819 0.642100 0.702595 0.648312 0.708674 0.533799 0.494480 0.769268 0.691541 0.747074 0.745915 0.689994 0.669773 0.664610 0.966420 0.655785 0.899744
0.393318 0.660338 0.795536 0.907104 0.608421 0.893114 0.670956 0.714365 0.597106 0.690200 0.418446 0.392361 0.000000 0.391089 0.370176 0.443304 0.603829 0.600958 0.569150 0.698927 0.897833 0.890907 0.693723 0.992523 0.760968 0.861842 0.911840 0.864783 0.471490 0.500983 0.941904 0.841529 0.628567 0.683238 0.944435 0.724403 0.963320 0.848580 0.824257 0.848301 0.873553 0.995837 0.952894 0.989520 0.950860 0.882957 0.809285 0.784201 0.946703 0.871194 0.847153 0.974504 0.897197 0.725860 0.900112 0.980350 0.611700 0.536996 0.441847 0.578304 0.339049 0.554336 0.392543 0.423260 0.714168 0.814564 0.895596 0.921329 0.859162 0.807926 0.939350 0.888245 0.821176 0.779251 0.862863 0.930217 0.849909 0.986472 0.734312 0.810103 0.547689 0.708131 0.891158 0.702955 0.576072 0.854635 0.919808 0.838928 0.748242 0.802346 0.983827 0.914629 0.871958 0.932341 0.891112 0.931681 0.989440 0.994988 0.794524 0.699576 0.996842 0.908720 0.881264 0.918317 0.790800 0.595312 0.960110 0.946910 0.907604 0.938566 0.843948 0.850537 0.799088 0.933117 0.866793 0.941833
0.443938 0.571766 0.743413 0.743912 0.823311 0.957713 0.683425 0.652503 0.766031 0.879492 0.536865 0.413260 0.391089 0.000000 0.572818 0.542968 0.692777 0.666780 0.542510 0.634915 0.945695 0.971887 0.587289 0.775410 0.959621 0.990274 0.945759 0.932587 0.620160 0.504438 0.786182 0.862000 0.445663 0.547856 0.765085 0.954595 0.809791 0.897968 0.996348 0.814599 0.906685 0.995343 0.937659 0.961861 0.925240 0.949605 0.844648 0.794567 0.686179 0.714310 0.857369 0.945351 0.842534 0.749611 0.985863 0.963172 0.499749 0.540477 0.466383 0.447110 0.363127 0.471817 0.458486 0.493358 0.734331 0.617735 0.715599 0.665390 0.883849 0.770954 0.860529 0.795444 0.983086 0.973834 0.805780 0.958763 0.927267 0.873111 0.794268 0.783061 0.655561 0.905345 0.727449 0.795780 0.569833 0.676017 0.828584 0.923746 0.689110 0.692535 0.954489 0.827314 0.894319 0.909816 0.926765 0.860308 0.869659 0.915297 0.884470 0.863821 0.823238 0.936861 0.973711 0.947675 0.709541 0.670483 0.923914 0.914789 0.805087 0.785378 0.845737 0.914204 0.986323 0.851555 0.786676 0.979032
0.553642 0.746601 0.800713 0.903409 0.590569 0.981168 0.786076 0.861655 0.712154 0.764835 0.631269 0.606183 0.370176 0.572818 0.000000 0.432060 0.675530 0.680832 0.629780 0.794455 0.883770 0.990540 0.598988 0.946314 0.953429 0.968145 0.886098 0.976155 0.539652 0.608906 0.949793 0.882510 0.625430 0.748595 0.827474 0.853740 0.810828 0.943922 0.855460 0.822711 0.997001 0.932230 0.952432 0.961743 0.840124 0.839473 0.746612 0.771058 0.830499 0.970488 0.982626 0.962018 0.996092 0.808333 0.742443 0.797089 0.676603 0.625408 0.537609 0.723951 0.498634 0.711060 0.547902 0.562042 0.659856 0.883351 0.895408 0.950018 0.811455 0.686693 0.876818 0.967848 0.982989 0.967884 0.809627 0.974946 0.880111 0.988922 0.780196 0.916914 0.630127 0.718780 0.633919 0.616518 0.477284 0.757340 0.773333 0.996386 0.694590 0.676823 0.942744 0.969463 0.816998 0.975078 0.861827 0.819799 0.987838 0.954971 0.823014 0.749406 0.848429 0.944676 0.958302 0.997145 0.831227 0.676065 0.979921 0.964617 0.995912 0.933873 0.796686 0.896632 0.844065 0.946277 0.940040 0.985551
0.653857 0.728196 0.646568 0.724718 0.781961 0.975707 0.744434 0.851914 0.739265 0.920978 0.756048 0.657173 0.443304 0.542968 0.432060 0.000000 0.796564 0.720270 0.551867 0.686675 0.859032 0.943966 0.431910 0.670173 0.876566 0.842079 0.894638 0.990739 0.635046 0.663669 0.788479 0.897107 0.600937 0.685354 0.840076 0.935972 0.654567 0.935808 0.923581 0.813746 0.985773 0.814940 0.829514 0.871632 0.854777 0.838475 0.562457 0.673903 0.943469 0.984445 0.977490 0.936385 0.954149 0.867252 0.670439 0.922437 0.766311 0.724450 0.689549 0.821799 0.582533 0.703720 0.708519 0.726536 0.563401 0.719735 0.855032 0.869965 0.818547 0.828969 0.818704 0.914230 0.952312 0.930971 0.787011 0.885356 0.835137 0.779633 0.720901 0.762984 0.705960 0.636355 0.642599 0.626573 0.443435 0.592377 0.834749 0.917419 0.733695 0.743260 0.964548 0.994386 0.874086 0.970569 0.707202 0.836322 0.931460 0.932361 0.888161 0.799692 0.856263 0.886272 0.979424 0.963737 0.760681 0.740044 0.974688 0.974101 0.926359 0.995082 0.966887 0.876576 0.934562 0.976848 0.966402 0.999220
0.421444 0.539038 0.957259 0.950705 0.782352 0.851477 0.582437 0.637591 0.608509 0.466434 0.438366 0.476946 0.603829 0.692777 0.675530 0.796564 0.000000 0.277549 0.496454 0.550003 0.818278 0.922185 0.994044 0.804783 0.732755 0.806245 0.814323 0.877593 0.367188 0.408041 0.984776 0.879978 0.649094 0.591751 0.727570 0.993258 0.925748 0.981669 0.872904 0.930757 0.771884 0.827104 0.841122 0.740949 0.520360 0.486182 0.838648 0.750453 0.680424 0.707947 0.677489 0.650129 0.669452 0.826894 0.768717 0.781123 0.439011 0.344261 0.455414 0.623126 0.554723 0.650248 0.369951 0.321595 0.958585 0.996153 0.720766 0.799574 0.635490 0.760191 0.712419 0.969898 0.913989 0.887359 0.971502 0.882827 0.787355 0.971649 0.637099 0.974723 0.309199 0.590523 0.777205 0.619242 0.859394 0.963893 0.859200 0.887825 0.783725 0.733528 0.753644 0.787521 0.866416 0.772306 0.782559 0.991502 0.652669 0.780816 0.555753 0.667034 0.795791 0.784945 0.560554 0.613457 0.733379 0.701437 0.975759 0.743153 0.723608 0.784223 0.752218 0.767548 0.736987 0.801255 0.822936 0.995895
0.434096 0.561655 0.958281 0.982321 0.828235 0.836686 0.600436 0.639789 0.618897 0.442808 0.443886 0.444754 0.600958 0.666780 0.680832 0.720270 0.277549 0.000000 0.510734 0.536548 0.846553 0.938909 0.976503 0.763240 0.730060 0.807527 0.811690 0.890165 0.280323 0.342763 0.999830 0.913978 0.620912 0.572287 0.781327 0.931523 0.903556 0.990761 0.843345 0.925231 0.835800 0.799465 0.886692 0.785331 0.557890 0.498350 0.830021 0.780622 0.700642 0.712236 0.684458 0.658098 0.721872 0.837451 0.771908 0.795800 0.459097 0.373944 0.469849 0.646352 0.570580 0.641813 0.356860 0.283571 0.916425 0.979053 0.736012 0.818197 0.614848 0.755942 0.742567 0.943356 0.906772 0.890992 0.960441 0.920344 0.807392 0.945839 0.592512 0.973601 0.279971 0.545215 0.869554 0.587252 0.886628 0.965528 0.793781 0.840767 0.745854 0.826354 0.781051 0.788480 0.853198 0.792703 0.818398 0.917740 0.668125 0.741404 0.562672 0.650491 0.770288 0.787307 0.527779 0.528484 0.640227 0.737729 0.873821 0.752994 0.807364 0.741796 0.769360 0.743004 0.670997 0.790471 0.836275 0.993616
0.423187 0.401246 0.563869 0.570685 0.806335 0.802915 0.455807 0.525585 0.666909 0.702636 0.676826 0.544305 0.569150 0.542510 0.629780 0.551867 0.496454 0.510734 0.000000 0.437303 0.877783 0.930579 0.564197 0.783911 0.925415 0.832315 0.947649 0.994563 0.592965 0.655454 0.738882 0.915665 0.423998 0.421010 0.553949 0.857793 0.727778 0.942017 0.943749 0.907430 0.847178 0.969701 0.592439 0.616549 0.541193 0.528382 0.511277 0.493193 0.834007 0.751869 0.628737 0.606053 0.713409 0.770875 0.689495 0.689479 0.496138 0.396486 0.444306 0.500263 0.459194 0.518379 0.577757 0.604290 0.596744 0.619823 0.540746 0.558327 0.543018 0.698563 0.541913 0.721465 0.804959 0.804798 0.835907 0.851424 0.648762 0.648795 0.759310 0.782386 0.512253 0.635462 0.725546 0.711812 0.553234 0.676330 0.999836 0.903999 0.701064 0.659462 0.666656 0.775845 0.779088 0.717537 0.752708 0.793255 0.579057 0.834475 0.556014 0.564647 0.823729 0.877757 0.656030 0.782579 0.664322 0.505332 0.844238 0.687359 0.667301 0.710652 0.682318 0.708367 0.714826 0.826027 0.828479 0.893632
0.441402 0.331552 0.510977 0.459181 0.999304 0.726371 0.411155 0.418210 0.666394 0.768930 0.698272 0.500834 0.698927 0.634915 0.794455 0.686675 0.550003 0.536548 0.437303 0.000000 0.709080 0.881447 0.624749 0.686850 0.794893 0.693403 0.899372 0.923646 0.641791 0.685202 0.643934 0.643301 0.408420 0.396850 0.569626 0.805019 0.702143 0.831547 0.964092 0.860498 0.649531 0.927152 0.477508 0.504493 0.634396 0.636262 0.481439 0.415739 0.932190 0.777220 0.713177 0.658735 0.804008 0.805219 0.636547 0.665435 0.517846 0.496053 0.543436 0.471008 0.504617 0.395652 0.709764 0.673986 0.610342 0.442733 0.396809 0.423847 0.486802 0.622068 0.524678 0.628380 0.605148 0.660658 0.723269 0.700893 0.712437 0.760494 0.783802 0.828477 0.487167 0.498563 0.750213 0.769414 0.593345 0.577946 0.973193 0.906891 0.723661 0.634220 0.612595 0.821710 0.664559 0.718624 0.682234 0.892146 0.557862 0.763780 0.587411 0.590679 0.736048 0.712614 0.621519 0.813850 0.468565 0.519718 0.763458 0.704882 0.748348 0.770918 0.761252 0.785755 0.709632 0.719830 0.617838 0.962557
0.947989 0.802865 0.500339 0.455922 0.889380 0.974435 0.789650 0.816294 0.975536 0.714764 0.717911 0.943682 0.897833 0.945695 0.883770 0.859032 0.818278 0.846553 0.877783 0.709080 0.000000 0.795260 0.466937 0.442550 0.375584 0.384922 0.789384 0.862238 0.805791 0.956581 0.467021 0.543627 0.658481 0.707064 0.725712 0.794996 0.655954 0.693397 0.821587 0.803995 0.775250 0.694471 0.650935 0.770547 0.994914 0.905824 0.638324 0.739195 0.693572 0.924220 0.962283 0.989600 0.981536 0.958137 0.881620 0.891762 0.985015 0.910512 0.961527 0.952451 0.933362 0.780333 0.725235 0.740734 0.474916 0.470392 0.594405 0.580525 0.839216 0.859931 0.684790 0.604922 0.594765 0.636283 0.733951 0.739407 0.917638 0.717490 0.842704 0.803440 0.937784 0.812648 0.628801 0.979522 0.600860 0.460839 0.701543 0.970407 0.874879 0.758997 0.840383 0.909908 0.897498 0.961551 0.787325 0.798783 0.897249 0.858568 0.986598 0.955837 0.999021 0.951073 0.780474 0.740093 0.718837 0.754414 0.844649 0.938778 0.848232 0.916872 0.968907 0.993280 0.996871 0.944648 0.830103 0.981724
0.918621 0.848822 0.820344 0.789484 0.790746 0.850044 0.797661 0.792204 0.916308 0.960205 0.994244 0.988667 0.890907 0.971887 0.990540 0.943966 0.922185 0.938909 0.930579 0.881447 0.795260 0.000000 0.888414 0.918442 0.838268 0.859025 0.989340 0.942469 0.906530 0.956058 0.805099 0.994796 0.871336 0.848338 0.770306 0.930691 0.805984 0.780124 0.978376 0.910934 0.798388 0.784291 0.817675 0.841622 0.747442 0.872927 0.898462 0.764188 0.902056 0.776517 0.797531 0.801762 0.757950 0.733471 0.883523 0.678273 0.964592 0.986121 0.976414 0.893101 0.935729 0.886208 0.987608 0.952150 0.925416 0.924836 0.734227 0.805848 0.783595 0.902419 0.789406 0.760545 0.846610 0.734435 0.747870 0.887975 0.797690 0.749819 0.887796 0.824359 0.916524 0.895949 0.866843 0.923490 0.972459 0.854053 0.999082 0.936447 0.879699 0.663089 0.747483 0.875071 0.765204 0.861481 0.747383 0.803382 0.834090 0.984251 0.782224 0.853736 0.835056 0.959001 0.885172 0.841819 0.864190 0.823977 0.922622 0.940293 0.860233 0.771658 0.778854 0.907695 0.927183 0.778729 0.858309 0.972417
0.768477 0.666026 0.339148 0.383193 0.867738 0.963927 0.663358 0.764446 0.848177 0.778458 0.911027 0.868979 0.693723 0.587289 0.598988 0.431910 0.994044 0.976503 0.564197 0.624749 0.466937 0.888414 0.000000 0.294782 0.411746 0.422233 0.734000 0.809664 0.989616 0.881506 0.395173 0.522661 0.424236 0.561624 0.603709 0.830954 0.448987 0.703152 0.853847 0.736959 0.882752 0.825076 0.634624 0.802572 0.960000 0.974596 0.520685 0.618158 0.732614 0.848337 0.997391 0.986837 0.921312 0.888572 0.703013 0.853404 0.823195 0.835325 0.801958 0.800506 0.602918 0.648008 0.965066 0.977215 0.259431 0.406433 0.587351 0.561978 0.783455 0.807971 0.661592 0.649884 0.695086 0.717572 0.679649 0.844236 0.819357 0.535066 0.988992 0.648759 0.829328 0.695259 0.540890 0.822483 0.270318 0.273901 0.747790 0.930078 0.670440 0.553008 0.985371 0.873645 0.991166 0.983059 0.696796 0.717080 0.891374 0.908655 0.949005 0.879494 0.929822 0.838511 0.883217 0.771192 0.721617 0.619084 0.984986 0.984631 0.951070 0.945561 0.865901 0.964744 0.940312 0.962800 0.935403 0.904449
0.982730 0.794776 0.415962 0.386859 0.882463 0.880978 0.825611 0.893274 0.912522 0.488792 0.692095 0.931115 0.992523 0.775410 0.946314 0.670173 0.804783 0.763240 0.783911 0.686850 0.442550 0.918442 0.294782 0.000000 0.323993 0.356672 0.708920 0.794928 0.700609 0.874446 0.392282 0.401068 0.623790 0.747789 0.677101 0.761872 0.540902 0.661680 0.746177 0.870992 0.908030 0.788357 0.679844 0.847570 0.933628 0.866336 0.615949 0.638533 0.607830 0.890378 0.975150 0.943964 0.907142 0.958736 0.768439 0.885169 0.999043 0.946946 0.917788 0.962079 0.850598 0.790115 0.778588 0.716810 0.357817 0.421165 0.678684 0.614680 0.828476 0.930212 0.810139 0.712937 0.683567 0.733402 0.767488 0.817398 0.960477 0.668614 0.916799 0.633370 0.936555 0.781865 0.660757 0.972622 0.442542 0.285891 0.718268 0.804560 0.875777 0.622791 0.924457 0.742397 0.913147 0.831786 0.759852 0.880620 0.919806 0.890623 0.829434 0.924361 0.898686 0.768852 0.763083 0.681062 0.866858 0.775554 0.940998 0.890334 0.968800 0.962611 0.998424 0.850271 0.767609 0.984450 0.956095 0.986191
0.821490 0.893918 0.392356 0.402720 0.918152 0.872325 0.841952 0.918254 0.909626 0.582566 0.557156 0.745162 0.760968 0.959621 0.953429 0.876566 0.732755 0.730060 0.925415 0.794893 0.375584 0.838268 0.411746 0.323993 0.000000 0.235731 0.652863 0.747475 0.668909 0.838698 0.324562 0.424147 0.677743 0.771497 0.638617 0.675777 0.442856 0.486006 0.642758 0.753196 0.852452 0.847575 0.675125 0.853125 0.996313 0.855026 0.651501 0.772040 0.681541 0.934488 0.907004 0.936618 0.925792 0.956963 0.789855 0.826813 0.874880 0.833513 0.794447 0.859237 0.941555 0.937307 0.622322 0.602963 0.394325 0.494817 0.642775 0.617929 0.827393 0.950885 0.670506 0.618134 0.516120 0.557189 0.811319 0.886519 0.866702 0.589118 0.812373 0.724323 0.941559 0.754986 0.651664 0.946504 0.528517 0.320343 0.835903 0.890197 0.864140 0.671927 0.984403 0.840111 0.891670 0.931742 0.774243 0.774745 0.910677 0.897181 0.880982 0.902255 0.931375 0.777803 0.852984 0.730191 0.875717 0.879979 0.901248 0.888778 0.962101 0.945037 0.997093 0.810898 0.780413 0.953278 0.981889 0.972193
0.968988 0.763791 0.303279 0.306511 0.849853 0.954813 0.669809 0.721561 0.944237 0.694611 0.691178 0.897865 0.861842 0.990274 0.968145 0.842079 0.806245 0.807527 0.832315 0.693403 0.384922 0.859025 0.422233 0.356672 0.235731 0.000000 0.859532 0.811388 0.751026 0.862452 0.301763 0.400912 0.613091 0.675212 0.666584 0.642179 0.422306 0.515170 0.701280 0.770603 0.794756 0.868683 0.519796 0.699791 0.903129 0.987936 0.523360 0.669618 0.744640 0.985387 0.788198 0.909825 0.962594 0.867162 0.701762 0.822830 0.884739 0.887527 0.916107 0.996919 0.903303 0.726965 0.615959 0.650269 0.360529 0.368525 0.519322 0.495225 0.777252 0.883085 0.556139 0.509499 0.460419 0.496522 0.867992 0.793157 0.790178 0.571134 0.815682 0.702953 0.990659 0.731437 0.724518 0.999426 0.551562 0.337870 0.784985 0.952048 0.768120 0.689696 0.783719 0.982922 0.732993 0.865782 0.735792 0.756428 0.805155 0.976470 0.944597 0.911823 0.873443 0.949012 0.934252 0.828833 0.761566 0.725142 0.781459 0.982071 0.904981 0.918846 0.852323 0.972623 0.953094 0.907505 0.898872 0.948464
0.710815 0.851136 0.922351 0.968610 0.747826 0.619980 0.708891 0.645085 0.730945 0.660863 0.678710 0.731447 0.911840 0.945759 0.886098 0.894638 0.814323 0.811690 0.947649 0.899372 0.789384 0.989340 0.734000 0.708920 0.652863 0.859532 0.000000 0.879934 0.746897 0.830759 0.912947 0.930560 0.984760 0.814513 0.981254 0.888531 0.770261 0.915961 0.758805 0.718258 0.994724 0.806425 0.874499 0.722209 0.779443 0.735164 0.911897 0.891103 0.910252 0.854027 0.780191 0.696369 0.744636 0.753891 0.939846 0.929501 0.917159 0.891965 0.720332 0.666977 0.747042 0.715063 0.859915 0.787756 0.733342 0.974430 0.852060 0.848688 0.931535 0.855911 0.897149 0.909977 0.900937 0.986859 0.851212 0.905777 0.904581 0.989351 0.964626 0.966683 0.955990 0.939138 0.810193 0.899616 0.684305 0.723059 0.909020 0.950310 0.987673 0.840637 0.638829 0.701488 0.699725 0.687974 0.903787 0.982740 0.762270 0.772175 0.716565 0.708797 0.513747 0.637034 0.777001 0.744585 0.877021 0.927481 0.771922 0.636677 0.789617 0.834138 0.854302 0.690285 0.822920 0.886909 0.773378 0.978985
0.844277 0.874160 0.858813 0.879194 0.942397 0.895943 0.887215 0.837635 0.771557 0.778802 0.682232 0.771365 0.864783 0.932587 0.976155 0.990739 0.877593 0.890165 0.994563 0.923646 0.862238 0.942469 0.809664 0.794928 0.747475 0.811388 0.879934 0.000000 0.797459 0.804027 0.821340 0.956325 0.963992 0.912973 0.949201 0.988106 0.782734 0.910547 0.960357 0.900769 0.931352 0.970913 0.978700 0.923808 0.923778 0.914631 0.895056 0.850820 0.852024 0.954988 0.916881 0.877045 0.850402 0.935068 0.847266 0.776452 0.974778 0.927413 0.871617 0.981367 0.871652 0.869033 0.852078 0.737461 0.831038 0.920722 0.989381 0.945708 0.918889 0.878076 0.940858 0.907386 0.834538 0.971464 0.954067 0.984773 0.886438 0.898075 0.729856 0.813221 0.925294 0.879554 0.796549 0.981172 0.856286 0.831334 0.916118 0.874103 0.925469 0.771760 0.840349 0.785156 0.869214 0.820556 0.933183 0.965503 0.959212 0.829340 0.796122 0.852501 0.808344 0.801042 0.908216 0.873061 0.890541 0.853259 0.948456 0.760908 0.929094 0.920370 0.970879 0.886718 0.831183 0.995114 0.771443 0.984112
0.429961 0.626090 0.981852 0.933576 0.789688 0.831589 0.626890 0.642275 0.553565 0.398720 0.343907 0.386998 0.471490 0.620160 0.539652 0.635046 0.367188 0.280323 0.592965 0.641791 0.805791 0.906530 0.989616 0.700609 0.668909 0.751026 0.746897 0.797459 0.000000 0.303996 0.956910 0.838881 0.624829 0.636278 0.808425 0.833257 0.999825 0.931144 0.752649 0.977396 0.845896 0.801927 0.953202 0.851120 0.588966 0.526339 0.887474 0.818040 0.660183 0.781581 0.791305 0.718628 0.792736 0.935578 0.784132 0.746451 0.571985 0.492287 0.473150 0.642081 0.481266 0.597597 0.324891 0.257050 0.926848 0.962528 0.827858 0.911024 0.722438 0.743509 0.809636 0.984331 0.950129 0.893787 0.955021 0.990869 0.783472 0.987378 0.555924 0.947690 0.343395 0.610763 0.805889 0.542501 0.846636 0.958044 0.941027 0.896071 0.725241 0.812112 0.825022 0.820548 0.918372 0.799036 0.824706 0.905777 0.779126 0.794248 0.586642 0.655296 0.842396 0.825562 0.613541 0.709267 0.710539 0.728075 0.852156 0.787227 0.876761 0.725178 0.829813 0.759611 0.674513 0.808090 0.786624 0.955406
0.520231 0.698829 0.919989 0.978412 0.814834 0.995094 0.656294 0.717494 0.634781 0.555824 0.419075 0.453241 0.500983 0.504438 0.608906 0.663669 0.408041 0.342763 0.655454 0.685202 0.956581 0.956058 0.881506 0.874446 0.838698 0.862452 0.830759 0.804027 0.303996 0.000000 0.895737 0.987750 0.597580 0.595966 0.830771 0.854681 0.884315 0.856892 0.875822 0.861822 0.896021 0.914806 0.971649 0.924425 0.752215 0.750521 0.978720 0.891002 0.903259 0.992325 0.904173 0.883917 0.903914 0.964900 0.898056 0.901762 0.597811 0.564098 0.537707 0.734218 0.523458 0.632824 0.324301 0.273169 0.969184 0.986350 0.812392 0.879695 0.835954 0.844480 0.837369 0.991125 0.963156 0.906673 0.953442 0.931404 0.809797 0.917283 0.675273 0.981226 0.353023 0.634257 0.689424 0.592291 0.809960 0.949082 0.857225 0.902637 0.776241 0.785388 0.952209 0.969217 0.983110 0.954619 0.893371 0.898849 0.832927 0.947678 0.748703 0.843502 0.835657 0.966651 0.754228 0.825248 0.741122 0.847539 0.926977 0.909213 0.958191 0.835262 0.912222 0.929552 0.882325 0.946259 0.879385 0.926659
0.919366 0.663917 0.395448 0.395630 0.869046 0.985335 0.634654 0.662999 0.911371 0.788208 0.852162 0.989775 0.941904 0.786182 0.949793 0.788479 0.984776 0.999830 0.738882 0.643934 0.467021 0.805099 0.395173 0.392282 0.324562 0.301763 0.912947 0.821340 0.956910 0.895737 0.000000 0.325139 0.432902 0.562730 0.557118 0.710365 0.465120 0.527936 0.809514 0.859420 0.676345 0.997874 0.561743 0.700469 0.826974 0.921270 0.630659 0.706015 0.689055 0.985168 0.764134 0.887170 0.939381 0.862079 0.707783 0.769350 0.886468 0.892236 0.950791 0.872750 0.740784 0.642202 0.909922 0.922334 0.492161 0.434971 0.475634 0.481377 0.711317 0.769526 0.606022 0.479565 0.446935 0.512117 0.788329 0.751529 0.871683 0.611388 0.949968 0.698597 0.857346 0.691000 0.561716 0.977616 0.546848 0.384437 0.884223 0.907008 0.757176 0.603918 0.855459 0.848676 0.830997 0.987654 0.719255 0.763620 0.702631 0.926345 0.924904 0.930488 0.863130 0.972583 0.969353 0.881435 0.713076 0.680649 0.788651 0.926075 0.882999 0.793687 0.822727 0.951175 0.869839 0.831740 0.823498 0.934398
0.994549 0.760690 0.560263 0.531446 0.751116 0.912044 0.802065 0.793100 0.961199 0.678890 0.824701 0.935122 0.841529 0.862000 0.882510 0.897107 0.879978 0.913978 0.915665 0.643301 0.543627 0.994796 0.522661 0.401068 0.424147 0.400912 0.930560 0.956325 0.838881 0.987750 0.325139 0.000000 0.608026 0.682999 0.739194 0.759646 0.613923 0.573189 0.751981 0.957202 0.811505 0.897409 0.687442 0.745921 0.967405 0.964681 0.705437 0.776218 0.610148 0.900220 0.897434 0.969130 0.968606 0.965913 0.825699 0.914489 0.986085 0.971064 0.913457 0.947669 0.881553 0.740126 0.808421 0.828621 0.622779 0.510149 0.644777 0.604949 0.820112 0.960134 0.776019 0.622920 0.547824 0.564856 0.863061 0.759426 0.989836 0.724659 0.889656 0.825657 0.968951 0.823564 0.711018 0.938439 0.672785 0.460367 0.927712 0.890442 0.863027 0.788064 0.981209 0.762343 0.916430 0.902864 0.752931 0.887554 0.822445 0.930297 0.940445 0.943386 0.870188 0.937318 0.898204 0.771019 0.708049 0.853975 0.887761 0.919814 0.911720 0.974943 0.982173 0.856295 0.868048 0.907344 0.869751 0.965009
0.456271 0.397121 0.457443 0.462250 0.916213 0.741793 0.420095 0.441602 0.610569 0.827275 0.708439 0.511910 0.628567 0.445663 0.625430 0.600937 0.649094 0.620912 0.423998 0.408420 0.658481 0.871336 0.424236 0.623790 0.677743 0.613091 0.984760 0.963992 0.624829 0.597580 0.432902 0.608026 0.000000 0.308788 0.455485 0.807795 0.615102 0.802589 0.968300 0.852373 0.649325 0.964715 0.597214 0.664181 0.714782 0.758665 0.579113 0.593075 0.808775 0.991393 0.784825 0.809656 0.915829 0.964266 0.699511 0.663153 0.523767 0.511739 0.484133 0.441751 0.349977 0.361096 0.612244 0.618313 0.515028 0.430262 0.399530 0.394578 0.607388 0.608560 0.531519 0.537216 0.633834 0.669017 0.735018 0.777097 0.747429 0.646341 0.800748 0.735006 0.520825 0.597489 0.643349 0.712549 0.432302 0.443866 0.887055 0.974090 0.599020 0.560223 0.767083 0.991054 0.777579 0.866458 0.743320 0.666303 0.642802 0.821854 0.639555 0.668463 0.773760 0.876076 0.822971 0.886703 0.518569 0.469177 0.781374 0.798663 0.794700 0.655490 0.745029 0.844188 0.824692 0.881151 0.613887 0.996806
0.390996 0.331353 0.451100 0.440441 0.974060 0.707034 0.303659 0.335194 0.523051 0.682045 0.629238 0.447348 0.683238 0.547856 0.748595 0.685354 0.591751 0.572287 0.421010 0.396850 0.707064 0.848338 0.561624 0.747789 0.771497 0.675212 0.814513 0.912973 0.636278 0.595966 0.562730 0.682999 0.308788 0.000000 0.486133 0.779438 0.748957 0.816204 0.978068 0.807869 0.748626 0.887936 0.503220 0.517963 0.624737 0.661295 0.532348 0.539233 0.933354 0.859174 0.659549 0.643080 0.740793 0.773396 0.739412 0.709971 0.564650 0.522590 0.435431 0.433346 0.373176 0.329851 0.646487 0.591730 0.598406 0.443646 0.317238 0.351299 0.591273 0.655680 0.408013 0.482069 0.661826 0.634018 0.796757 0.811936 0.604398 0.643118 0.741955 0.814988 0.517771 0.637331 0.732138 0.791358 0.597493 0.598233 0.977780 0.955735 0.600933 0.612997 0.561686 0.766703 0.555090 0.655155 0.698801 0.777892 0.533185 0.791363 0.500444 0.538022 0.580026 0.728529 0.671620 0.750185 0.477935 0.456441 0.639115 0.585638 0.735000 0.667834 0.659241 0.785316 0.674324 0.858748 0.649380 0.941275
0.654508 0.538802 0.494409 0.485381 0.878901 0.824111 0.457099 0.477923 0.673143 0.784461 0.915177 0.736768 0.944435 0.765085 0.827474 0.840076 0.727570 0.781327 0.553949 0.569626 0.725712 0.770306 0.603709 0.677101 0.638617 0.666584 0.981254 0.949201 0.808425 0.830771 0.557118 0.739194 0.455485 0.486133 0.000000 0.780004 0.735862 0.790361 0.932906 0.840955 0.653841 0.819900 0.521496 0.582511 0.575253 0.675309 0.647516 0.576529 0.988530 0.789509 0.599684 0.686962 0.658945 0.730984 0.612571 0.560855 0.675052 0.697316 0.645135 0.619700 0.637205 0.602034 0.863196 0.838005 0.576323 0.557320 0.386418 0.445592 0.633844 0.694564 0.455422 0.533771 0.608526 0.545197 0.865560 0.821815 0.634032 0.666934 0.918787 0.855341 0.681489 0.711300 0.682935 0.758742 0.602795 0.559849 0.829289 0.988272 0.728212 0.578390 0.593580 0.792505 0.634894 0.666105 0.623591 0.719258 0.569714 0.800812 0.642642 0.638963 0.795387 0.933496 0.748229 0.904921 0.693828 0.503562 0.954931 0.774382 0.700158 0.655326 0.667843 0.908124 0.843752 0.883617 0.697945 0.991790
0.948855 0.803356 0.792523 0.704501 0.872064 0.995446 0.872378 0.851277 0.980355 0.900918 0.785432 0.954982 0.724403 0.954595 0.853740 0.935972 0.993258 0.931523 0.857793 0.805019 0.794996 0.930691 0.830954 0.761872 0.675777 0.642179 0.888531 0.988106 0.833257 0.854681 0.710365 0.759646 0.807795 0.779438 0.780004 0.000000 0.718096 0.843155 0.789707 0.889699 0.775136 0.914362 0.737314 0.828748 0.873374 0.979543 0.849708 0.874670 0.892768 0.951895 0.757252 0.859500 0.782163 0.795864 0.836303 0.922769 0.980592 0.967583 0.914501 0.971516 0.945417 0.876139 0.816282 0.834838 0.843256 0.732455 0.696442 0.681019 0.994031 0.823644 0.678816 0.697968 0.682110 0.735930 0.948929 0.874639 0.839781 0.892451 0.951594 0.935734 0.970916 0.983029 0.851186 0.981254 0.877833 0.707113 0.844286 0.941316 0.852666 0.863134 0.817244 0.988274 0.700351 0.874023 0.993885 0.880203 0.766662 0.916062 0.900851 0.984054 0.753023 0.873347 0.924946 0.979623 0.849126 0.868096 0.907275 0.888754 0.814674 0.864022 0.876475 0.936211 0.916447 0.992586 0.969592 0.915202
0.877265 0.756861 0.466467 0.526199 0.926803 0.984038 0.766991 0.866247 0.881346 0.834443 0.869503 0.930441 0.963320 0.809791 0.810828 0.654567 0.925748 0.903556 0.727778 0.702143 0.655954 0.805984 0.448987 0.540902 0.442856 0.422306 0.770261 0.782734 0.999825 0.884315 0.465120 0.613923 0.615102 0.748957 0.735862 0.718096 0.000000 0.493842 0.698620 0.716535 0.733176 0.971165 0.688374 0.860275 0.874214 0.987166 0.591806 0.760666 0.886051 0.968402 0.817387 0.904475 0.975810 0.975089 0.702841 0.846301 0.853555 0.870363 0.947352 0.996877 0.866489 0.846018 0.956489 0.951612 0.505197 0.629784 0.658067 0.623975 0.727289 0.794070 0.661461 0.647753 0.606629 0.634269 0.944741 0.901527 0.844535 0.568375 0.893488 0.870066 0.757397 0.697310 0.588454 0.782163 0.506521 0.425018 0.966951 0.994047 0.657511 0.558937 0.982085 0.983795 0.927813 0.981030 0.809133 0.773944 0.908423 0.978488 0.904388 0.897899 0.969835 0.774458 0.897854 0.931965 0.775538 0.839639 0.951091 0.932468 0.836860 0.889272 0.794713 0.973058 0.914095 0.892222 0.990062 0.978613
0.959251 0.868531 0.655229 0.620694 0.893242 0.921123 0.846355 0.881447 0.984920 0.872303 0.874732 0.921827 0.848580 0.897968 0.943922 0.935808 0.981669 0.990761 0.942017 0.831547 0.693397 0.780124 0.703152 0.661680 0.486006 0.515170 0.915961 0.910547 0.931144 0.856892 0.527936 0.573189 0.802589 0.816204 0.790361 0.843155 0.493842 0.000000 0.649651 0.724289 0.818561 0.946628 0.808543 0.869247 0.954946 0.934358 0.702470 0.833761 0.831533 0.969660 0.841226 0.969524 0.978912 0.972213 0.898699 0.928411 0.954957 0.951477 0.973997 0.932338 0.999988 0.889308 0.857662 0.918437 0.701705 0.703245 0.733907 0.706874 0.835762 0.907859 0.700971 0.709608 0.538434 0.601653 0.885203 0.980143 0.878774 0.696099 0.913335 0.817914 0.893223 0.800161 0.689637 0.826374 0.730487 0.540259 0.962114 0.907560 0.794046 0.700494 0.969329 0.899373 0.905874 0.953794 0.776137 0.821610 0.826746 0.854795 0.943949 0.917943 0.926256 0.816411 0.970712 0.855908 0.914337 0.977663 0.830814 0.902203 0.890019 0.971102 0.950252 0.833500 0.894556 0.806043 0.945663 0.845215
