0.000000 0.241156 0.691174 0.804287 0.947594 0.815012 0.463158 0.396180 0.881086 0.482232 0.249131 0.221259 0.323602 0.376859 0.411022 0.473468 0.253671 0.239123 0.289495 0.266595 0.848794 0.877410 0.345885 0.899666 0.933327 0.932146 0.902585 0.882177 0.252542 0.263283 0.484347 0.434679 0.364049 0.345320 0.972816 0.941572 0.608463 0.828452 0.843683 0.942433 0.704555 0.779487 0.718934 0.632925 0.707582 0.615903 0.556059 0.509511 0.622543 0.636048 0.767947 0.747827 0.796956 0.929131 0.751541 0.766378 0.278296 0.257307 0.372777 0.344223 0.302503 0.512618 0.243793 0.246603 0.968465 0.982975 0.736786 0.732046 0.318597 0.301929 0.490788 0.544813 0.546925 0.624443 0.653618 0.882994 0.514314 0.572726 0.469303 0.298025 0.214271 0.292877 0.555207 0.513490 0.733135 0.957955 0.902285 0.799486 0.851641 0.708539 0.937081 0.916116 0.944753 0.858381 0.631146 0.756799 0.646868 0.841757 0.518046 0.517422 0.734118 0.719217 0.511427 0.558168 0.524473 0.544274 0.862772 0.964966 0.977667 0.832429 0.846949 0.650493 0.529691 0.753904 0.847884 0.852307
0.241156 0.000000 0.767637 0.850754 0.936692 0.860171 0.439684 0.355677 0.835424 0.397704 0.354935 0.287189 0.485381 0.521109 0.511138 0.570632 0.188239 0.183951 0.311552 0.272744 0.972818 0.817815 0.408586 0.976417 0.821834 0.874653 0.830322 0.956168 0.242426 0.243844 0.502429 0.469318 0.330932 0.301841 0.958501 0.808013 0.637189 0.783612 0.970347 0.981735 0.801135 0.619668 0.545756 0.457835 0.516484 0.457722 0.510693 0.402075 0.455642 0.502772 0.601344 0.603420 0.670798 0.891041 0.796842 0.753464 0.183909 0.173697 0.352565 0.359331 0.385048 0.555519 0.201544 0.193466 0.890933 0.905852 0.685899 0.657341 0.396773 0.278391 0.443754 0.484772 0.546214 0.559770 0.703962 0.804546 0.459899 0.429816 0.421582 0.356682 0.203206 0.352245 0.533606 0.569104 0.803993 0.895916 0.748296 0.759019 0.863415 0.828382 0.769901 0.756564 0.794436 0.981237 0.571105 0.750070 0.594520 0.647816 0.390930 0.365686 0.669339 0.591114 0.380636 0.424435 0.473139 0.463099 0.758917 0.871372 0.934792 0.858890 0.713612 0.513167 0.491003 0.645924 0.739153 0.907109
0.691174 0.767637 0.000000 0.238996 0.945616 0.647744 0.320366 0.488268 0.792568 0.877621 0.698895 0.817498 0.701438 0.645791 0.728884 0.601177 0.788322 0.724191 0.651058 0.648753 0.610677 0.796763 0.431014 0.431267 0.509269 0.396322 0.874923 0.926963 0.898661 0.773419 0.404368 0.476815 0.449648 0.500296 0.521282 0.600343 0.640915 0.656063 0.463960 0.767563 0.918953 0.890457 0.467313 0.508771 0.565560 0.582768 0.452677 0.470272 0.915358 0.806974 0.731409 0.740587 0.727796 0.934910 0.669487 0.701830 0.821277 0.842318 0.756453 0.753246 0.589766 0.640819 0.816545 0.882141 0.456761 0.454264 0.289266 0.383851 0.814171 0.766917 0.547759 0.516210 0.653621 0.576442 0.691011 0.909491 0.560565 0.818294 0.668254 0.589310 0.729177 0.657508 0.761691 0.763783 0.676138 0.569859 0.878660 0.889602 0.950882 0.689976 0.701120 0.796178 0.616541 0.604626 0.702329 0.685994 0.437417 0.870298 0.660509 0.650357 0.718944 0.717831 0.758018 0.788801 0.505934 0.687083 0.808192 0.718480 0.909659 0.856015 0.804362 0.820036 0.689433 0.814681 0.723805 0.933499
0.804287 0.850754 0.238996 0.000000 0.883552 0.662835 0.396163 0.504411 0.846300 0.906678 0.760398 0.921947 0.809299 0.751603 0.826345 0.671758 0.856194 0.811194 0.706853 0.710171 0.629327 0.797163 0.512039 0.462367 0.535262 0.398959 0.791766 0.840201 0.953884 0.863804 0.530825 0.537865 0.556496 0.601326 0.506472 0.538349 0.637612 0.690548 0.517899 0.882112 0.991251 0.870866 0.557295 0.599834 0.649491 0.682102 0.512656 0.582649 0.935532 0.823870 0.798733 0.804785 0.800443 0.974596 0.730417 0.744719 0.866913 0.899053 0.765370 0.801997 0.764352 0.704733 0.920057 0.987807 0.496404 0.441697 0.311903 0.417211 0.838286 0.844369 0.553049 0.555627 0.746062 0.640732 0.859296 0.987140 0.597515 0.817661 0.723225 0.691011 0.805627 0.682935 0.847073 0.839824 0.728701 0.578084 0.884438 0.988636 0.958757 0.653860 0.644307 0.726864 0.561435 0.508690 0.840410 0.633927 0.508178 0.821581 0.721864 0.655672 0.682121 0.790462 0.807166 0.769773 0.552120 0.737038 0.846998 0.765114 0.851287 0.893567 0.802617 0.826221 0.682866 0.819236 0.825815 0.835887
0.947594 0.936692 0.945616 0.883552 0.000000 0.963322 0.981821 0.908378 0.948551 0.994148 0.980908 0.931724 0.986888 0.882525 0.938620 0.928586 0.929420 0.956105 0.972576 0.942702 0.819060 0.966545 0.935478 0.954648 0.961694 0.958007 0.894035 0.905258 0.982190 0.954119 0.917195 0.957902 0.978338 0.924101 0.984162 0.914426 0.794824 0.974615 0.854815 0.886301 0.856731 0.994623 0.959307 0.977631 0.936782 0.933200 0.919991 0.947335 0.923304 0.849270 0.870368 0.831753 0.867221 0.808413 0.955238 0.999382 0.915203 0.898366 0.902786 0.903430 0.925588 0.805317 0.892954 0.878430 0.930960 0.841284 0.913605 0.893302 0.920463 0.994699 0.879892 0.800706 0.954054 0.953642 0.948817 0.921421 0.967223 0.955450 0.928368 0.994634 0.890274 0.893631 0.857226 0.981195 0.914958 0.908856 0.861909 0.836988 0.900629 0.940397 0.796336 0.966815 0.836756 0.941082 0.963668 0.983242 0.946865 0.819033 0.939158 0.863888 0.807943 0.963953 0.976516 0.941629 0.829768 0.985355 0.811879 0.914438 0.731361 0.907177 0.879959 0.870657 0.832688 0.996775 0.935516 0.939857
0.815012 0.860171 0.647744 0.662835 0.963322 0.000000 0.648065 0.821330 0.815627 0.802367 0.782683 0.718536 0.596945 0.687934 0.680136 0.463728 0.888407 0.850319 0.701518 0.778295 0.704633 0.762810 0.588849 0.606315 0.869598 0.720702 0.833053 0.653698 0.899436 0.814156 0.735619 0.709601 0.719596 0.674941 0.907706 0.941360 0.968396 0.974388 0.712326 0.965726 0.902692 0.989219 0.803998 0.783270 0.992629 0.998684 0.907234 0.835206 0.951856 0.952213 0.986375 0.914745 0.937495 0.994483 0.994177 0.965642 0.949569 0.925185 0.909853 0.901537 0.857608 0.977688 0.895604 0.914252 0.919626 0.907842 0.795120 0.921256 0.904833 0.754540 0.755727 0.725155 0.810970 0.670938 0.688944 0.843769 0.792630 0.720681 0.801063 0.677399 0.822779 0.750513 0.967093 0.910506 0.879691 0.877245 0.884271 0.901223 0.872635 0.980661 0.765129 0.775241 0.815969 0.778592 0.838932 0.724997 0.769172 0.985515 0.868347 0.798608 0.966911 0.873354 0.865320 0.845745 0.731273 0.850465 0.991464 0.945259 0.970419 0.880418 0.955722 0.947590 0.782586 0.918712 0.970524 0.952772
0.463158 0.439684 0.320366 0.396163 0.981821 0.648065 0.000000 0.232178 0.577753 0.434857 0.499461 0.584300 0.558807 0.637344 0.619373 0.570083 0.492013 0.467703 0.380985 0.389931 0.730458 0.808205 0.264325 0.680270 0.894340 0.732140 0.874256 0.962006 0.595357 0.485268 0.268164 0.385283 0.261071 0.238643 0.651804 0.553482 0.609885 0.712502 0.718371 0.894803 0.868163 0.744568 0.285078 0.285771 0.342588 0.352031 0.370450 0.343385 0.547351 0.481349 0.486271 0.469322 0.497173 0.753611 0.746659 0.715831 0.472614 0.491277 0.398351 0.462370 0.430900 0.587890 0.466489 0.496833 0.821911 0.810824 0.315272 0.424228 0.686316 0.488899 0.333624 0.299764 0.625359 0.463136 0.693106 0.819229 0.353194 0.553826 0.420377 0.425871 0.483827 0.577813 0.733943 0.721984 0.881436 0.965791 0.964477 0.742885 0.923925 0.852039 0.450213 0.518544 0.510924 0.577399 0.624246 0.610758 0.337047 0.690109 0.300806 0.298394 0.539492 0.478005 0.407131 0.444853 0.365364 0.425037 0.566389 0.632346 0.787434 0.852651 0.612031 0.559785 0.414894 0.639989 0.616641 0.950330
0.396180 0.355677 0.488268 0.504411 0.908378 0.821330 0.232178 0.000000 0.607588 0.364985 0.390926 0.515427 0.578180 0.661673 0.691844 0.702257 0.383800 0.407181 0.379834 0.336466 0.900945 0.868222 0.376646 0.883445 0.902181 0.928769 0.832001 0.903866 0.455725 0.435706 0.391245 0.422188 0.321714 0.299060 0.781323 0.610717 0.626676 0.800759 0.899206 0.996421 0.808788 0.633570 0.422243 0.430865 0.394965 0.408920 0.460347 0.447989 0.470771 0.498242 0.562047 0.559639 0.621886 0.865011 0.812055 0.693694 0.366439 0.364518 0.341757 0.417508 0.466661 0.515800 0.381518 0.385819 0.987147 0.934171 0.446665 0.529164 0.580419 0.429667 0.344910 0.376822 0.669413 0.606247 0.734607 0.932115 0.374948 0.593069 0.448985 0.476597 0.401781 0.523050 0.723068 0.724672 0.962107 0.892801 0.922735 0.707448 0.809613 0.801348 0.487532 0.546799 0.553120 0.660526 0.629117 0.654796 0.412753 0.624777 0.289180 0.281809 0.469474 0.518735 0.358759 0.379471 0.388484 0.453561 0.613721 0.689907 0.748145 0.848711 0.553218 0.506181 0.335368 0.573587 0.632919 0.997063
0.881086 0.835424 0.792568 0.846300 0.948551 0.815627 0.577753 0.607588 0.000000 0.480575 0.802075 0.868602 0.765208 0.980318 0.960852 0.956112 0.898749 0.979077 0.844459 0.877672 0.989630 0.898576 0.821642 0.852817 0.769320 0.883082 0.764135 0.933867 0.957351 0.963547 0.773467 0.933148 0.840140 0.705695 0.980501 0.798971 0.842851 0.962935 0.885199 0.877938 0.929657 0.999728 0.704347 0.701150 0.685428 0.644859 0.815004 0.792368 0.629103 0.562672 0.570429 0.563902 0.555776 0.649059 0.964964 0.971881 0.945830 0.860300 0.529507 0.652085 0.734868 0.806877 0.791112 0.792162 0.848067 0.863700 0.823267 0.903639 0.994902 0.802615 0.773236 0.770914 0.868413 0.990425 0.909228 0.979886 0.718200 0.815707 0.745303 0.872387 0.956344 0.864804 0.860421 0.837531 0.728872 0.678055 0.898168 0.732639 0.908341 0.915627 0.634248 0.698433 0.804508 0.693363 0.847072 0.926352 0.811477 0.964475 0.620409 0.601308 0.840020 0.704868 0.615625 0.662400 0.749021 0.740382 0.699865 0.670796 0.831253 0.924733 0.781075 0.818667 0.693094 0.831141 0.661302 0.929776
0.482232 0.397704 0.877621 0.906678 0.994148 0.802367 0.434857 0.364985 0.480575 0.000000 0.478130 0.483675 0.501721 0.697847 0.615803 0.728774 0.470071 0.530017 0.402170 0.419394 0.987008 0.843408 0.503787 0.875049 0.543906 0.675086 0.674228 0.891457 0.450376 0.441802 0.585156 0.609430 0.484759 0.416471 0.846258 0.797840 0.831735 0.995723 0.868332 0.851785 0.996461 0.711611 0.579676 0.539060 0.550505 0.527785 0.647959 0.606579 0.361636 0.445960 0.568612 0.550016 0.622029 0.802484 0.991330 0.904962 0.468236 0.415395 0.329884 0.468600 0.612508 0.823941 0.382489 0.371345 0.567586 0.586412 0.885366 0.988678 0.598631 0.418347 0.528353 0.560608 0.813717 0.730886 0.754812 0.794185 0.480701 0.571187 0.421565 0.547233 0.473710 0.718092 0.925393 0.851629 0.768206 0.502837 0.782747 0.609968 0.876741 0.893476 0.597013 0.528601 0.782709 0.886039 0.739698 0.849803 0.623880 0.693111 0.346287 0.349567 0.659260 0.552459 0.350501 0.412071 0.693063 0.577932 0.683887 0.741138 0.749665 0.882595 0.719255 0.648645 0.436031 0.712197 0.781214 0.942712
0.249131 0.354935 0.698895 0.760398 0.980908 0.782683 0.499461 0.390926 0.802075 0.478130 0.000000 0.327157 0.331596 0.449103 0.539453 0.555342 0.383591 0.381549 0.368901 0.314737 0.949769 0.867125 0.455106 0.922132 0.894336 0.928387 0.886881 0.898226 0.391237 0.364263 0.551756 0.520097 0.451661 0.475846 0.987701 0.888622 0.716277 0.897696 0.893529 0.997478 0.735962 0.742778 0.795156 0.720684 0.756610 0.690244 0.709548 0.684274 0.673778 0.698472 0.836306 0.794060 0.809912 0.940083 0.846959 0.761994 0.420290 0.374906 0.445224 0.442845 0.406494 0.595986 0.349035 0.368885 0.904901 0.960486 0.780088 0.811021 0.372551 0.422348 0.483137 0.483818 0.611752 0.727917 0.661439 0.980469 0.505473 0.565096 0.562229 0.356905 0.327381 0.396859 0.731672 0.669182 0.902522 0.839116 0.935158 0.705232 0.886079 0.812225 0.838187 0.848760 0.848373 0.957750 0.721244 0.777560 0.639009 0.870739 0.523970 0.534629 0.730196 0.684363 0.504224 0.542142 0.559775 0.577439 0.887612 0.954006 0.886709 0.833594 0.830859 0.722492 0.522072 0.788638 0.858913 0.948195
0.221259 0.287189 0.817498 0.921947 0.931724 0.718536 0.584300 0.515427 0.868602 0.483675 0.327157 0.000000 0.266534 0.387849 0.378433 0.365342 0.289382 0.304548 0.373696 0.385298 0.877065 0.863548 0.375507 0.874962 0.902055 0.907926 0.898217 0.981005 0.293293 0.293868 0.595974 0.503183 0.431724 0.421327 0.941281 0.956188 0.741323 0.972102 0.919622 0.988308 0.809084 0.849091 0.785446 0.676741 0.813435 0.680148 0.678061 0.569146 0.661910 0.638482 0.774629 0.722999 0.809263 0.984024 0.841356 0.825581 0.375689 0.301047 0.442718 0.401773 0.327056 0.521945 0.237608 0.260403 0.920510 0.949384 0.872869 0.845169 0.396465 0.344127 0.588723 0.616741 0.533589 0.570760 0.616797 0.832398 0.598290 0.556176 0.480202 0.342210 0.250444 0.332333 0.564208 0.555039 0.717819 0.960623 0.846703 0.916191 0.886197 0.764193 0.987415 0.998435 0.951743 0.699194 0.630376 0.837717 0.727747 0.863921 0.634925 0.583556 0.836165 0.803420 0.596096 0.668325 0.546417 0.567469 0.924990 0.911645 0.976156 0.824991 0.908234 0.712776 0.560183 0.856467 0.819637 0.921280
0.323602 0.485381 0.701438 0.809299 0.986888 0.596945 0.558807 0.578180 0.765208 0.501721 0.331596 0.266534 0.000000 0.339956 0.385195 0.305144 0.507303 0.514637 0.412472 0.479146 0.760149 0.907710 0.360596 0.719225 0.981854 0.983461 0.992414 0.982636 0.453484 0.399652 0.595841 0.509534 0.509243 0.487922 0.898492 0.958064 0.764518 0.977905 0.788758 0.952938 0.833173 0.981008 0.834348 0.742041 0.915685 0.761756 0.701295 0.678156 0.770303 0.693256 0.836028 0.764310 0.817599 0.996886 0.830542 0.845455 0.606923 0.504490 0.516329 0.513450 0.366610 0.650554 0.394500 0.438394 0.956876 0.953206 0.924839 0.942025 0.465565 0.456602 0.627757 0.656299 0.590143 0.659558 0.681196 0.851956 0.635140 0.622335 0.527480 0.388737 0.438097 0.456207 0.714441 0.631998 0.803006 0.958291 0.899106 0.940993 0.859544 0.872762 0.964976 0.990826 0.859754 0.776173 0.737055 0.826581 0.716481 0.988275 0.705027 0.686363 0.919212 0.803211 0.665613 0.736785 0.682942 0.686881 0.998764 0.879802 0.888319 0.775874 0.973883 0.896874 0.642163 0.962761 0.876886 0.961381
0.376859 0.521109 0.645791 0.751603 0.882525 0.687934 0.637344 0.661673 0.980318 0.697847 0.449103 0.387849 0.339956 0.000000 0.323740 0.365139 0.557616 0.513000 0.413819 0.416468 0.751465 0.802531 0.424003 0.626906 0.886379 0.889278 0.996602 0.928384 0.464368 0.431973 0.609527 0.453961 0.525110 0.527485 0.949019 0.969111 0.744339 0.970316 0.644124 0.887200 0.777233 0.867356 0.870607 0.819762 0.992314 0.892881 0.635515 0.682717 0.935827 0.982217 0.926492 0.964241 0.944852 0.708854 0.712249 0.790648 0.647046 0.618901 0.709365 0.733636 0.534360 0.725953 0.572225 0.590436 0.869011 0.898081 0.896164 0.892872 0.407094 0.490199 0.784338 0.822313 0.541816 0.718067 0.678420 0.915859 0.634541 0.704300 0.639347 0.457428 0.437682 0.328081 0.550186 0.531136 0.598199 0.812981 0.937262 0.941264 0.895837 0.733715 0.837578 0.904376 0.825912 0.748901 0.724803 0.819610 0.763171 0.849092 0.856078 0.812125 0.935154 0.911588 0.763480 0.794436 0.741055 0.771469 0.892178 0.811825 0.954511 0.763004 0.947949 0.920204 0.815153 0.930892 0.964181 0.888358
0.411022 0.511138 0.728884 0.826345 0.938620 0.680136 0.619373 0.691844 0.960852 0.615803 0.539453 0.378433 0.385195 0.323740 0.000000 0.389676 0.503936 0.463125 0.404755 0.416873 0.804482 0.790924 0.423379 0.688592 0.967311 0.925287 0.921506 0.906999 0.483492 0.381725 0.526061 0.452167 0.512241 0.494584 0.964486 0.993569 0.812604 0.962869 0.729061 0.937498 0.803003 0.979293 0.778999 0.703397 0.917197 0.821968 0.672867 0.603940 0.838039 0.807352 0.941433 0.888588 0.956576 0.870208 0.891495 0.931609 0.627984 0.578230 0.607782 0.653227 0.557499 0.825471 0.533754 0.546266 0.976915 0.953733 0.898217 0.921033 0.408508 0.511330 0.742596 0.738157 0.531557 0.633651 0.694160 0.832018 0.653976 0.625820 0.461846 0.458238 0.459197 0.435201 0.604607 0.552434 0.765498 0.929115 0.978643 0.954576 0.898635 0.867186 0.912707 0.930841 0.808541 0.754801 0.711742 0.927902 0.732520 0.797941 0.765521 0.713891 0.915807 0.916253 0.715482 0.767419 0.772729 0.779356 0.945696 0.817309 0.975157 0.770091 0.930701 0.890037 0.785724 0.906433 0.983227 0.997262
0.473468 0.570632 0.601177 0.671758 0.928586 0.463728 0.570083 0.702257 0.956112 0.728774 0.555342 0.365342 0.305144 0.365139 0.389676 0.000000 0.549319 0.545954 0.440398 0.520689 0.699447 0.743192 0.349089 0.480945 0.769744 0.772098 0.938800 0.791017 0.572439 0.465491 0.578400 0.466292 0.487771 0.472429 0.977419 0.960576 0.778457 0.952767 0.687683 0.894286 0.938331 0.979487 0.702330 0.632692 0.917286 0.788983 0.650880 0.576652 0.925800 0.755297 0.857480 0.772179 0.854773 0.949321 0.760635 0.916249 0.695797 0.628636 0.658568 0.693247 0.501578 0.710292 0.546189 0.603235 0.801998 0.797630 0.796038 0.815879 0.582060 0.529370 0.670858 0.648198 0.525161 0.529233 0.673818 0.776978 0.691207 0.653472 0.560120 0.425923 0.516296 0.447270 0.704700 0.637372 0.635699 0.727587 0.818912 0.931721 0.956563 0.780399 0.982459 0.968886 0.923591 0.854173 0.761852 0.746649 0.700702 0.854630 0.775039 0.704656 0.952298 0.838634 0.763734 0.823779 0.615120 0.673432 0.993175 0.915803 0.956062 0.710133 0.979589 0.866413 0.696854 0.946309 0.913311 0.956611
0.253671 0.188239 0.788322 0.856194 0.929420 0.888407 0.492013 0.383800 0.898749 0.470071 0.383591 0.289382 0.507303 0.557616 0.503936 0.549319 0.000000 0.179889 0.331134 0.282305 0.967950 0.786808 0.424280 0.959734 0.891694 0.894696 0.869168 0.988294 0.274918 0.247284 0.481136 0.444334 0.338039 0.334526 0.984992 0.847106 0.702301 0.792986 0.982839 0.988769 0.799454 0.632786 0.561297 0.509220 0.552971 0.502497 0.528963 0.434320 0.498384 0.536041 0.645878 0.638063 0.727513 0.920787 0.847515 0.851504 0.208799 0.204066 0.378490 0.414309 0.426910 0.587712 0.219874 0.228364 0.906701 0.937921 0.708241 0.710675 0.419394 0.299674 0.464559 0.482448 0.535416 0.554829 0.655164 0.850309 0.510574 0.495742 0.424309 0.387746 0.211773 0.371717 0.529387 0.592640 0.801259 0.920420 0.778534 0.776705 0.861565 0.838017 0.811388 0.813194 0.851608 0.926678 0.635035 0.771991 0.622226 0.686508 0.449391 0.414040 0.646362 0.662027 0.443087 0.475467 0.477388 0.457940 0.797900 0.930144 0.942138 0.861678 0.755432 0.553498 0.495043 0.643023 0.709227 0.940774
0.239123 0.183951 0.724191 0.811194 0.956105 0.850319 0.467703 0.407181 0.979077 0.530017 0.381549 0.304548 0.514637 0.513000 0.463125 0.545954 0.179889 0.000000 0.314160 0.246292 0.908956 0.778530 0.378142 0.878158 0.977378 0.998852 0.882044 0.988748 0.252960 0.226155 0.446121 0.410090 0.325624 0.296461 0.867511 0.851790 0.630821 0.772955 0.867649 0.962209 0.692862 0.670690 0.550807 0.473258 0.550703 0.511649 0.536993 0.400377 0.549121 0.586255 0.697322 0.697767 0.758983 0.966878 0.782105 0.783009 0.191859 0.202883 0.434718 0.437338 0.434051 0.608483 0.240084 0.236654 0.967675 0.976069 0.660749 0.629237 0.399686 0.333700 0.455567 0.481090 0.497697 0.495509 0.724986 0.798975 0.487381 0.473439 0.433896 0.337834 0.193036 0.299094 0.487393 0.516304 0.729131 0.983647 0.834752 0.838926 0.874866 0.772101 0.809131 0.819820 0.812515 0.947674 0.571029 0.798497 0.618551 0.666569 0.469329 0.441987 0.736339 0.660369 0.456743 0.497209 0.465772 0.497957 0.809978 0.974562 0.958490 0.846523 0.747732 0.545028 0.526621 0.618507 0.774669 0.871896
0.289495 0.311552 0.651058 0.706853 0.972576 0.701518 0.380985 0.379834 0.844459 0.402170 0.368901 0.373696 0.412472 0.413819 0.404755 0.440398 0.331134 0.314160 0.000000 0.231412 0.794070 0.708686 0.329271 0.828234 0.970483 0.964995 0.881343 0.981915 0.291212 0.267066 0.387607 0.346997 0.294075 0.267831 0.991510 0.775925 0.674537 0.823971 0.810436 0.947103 0.862764 0.670952 0.560755 0.516151 0.626438 0.583698 0.514077 0.460516 0.574091 0.604610 0.756138 0.725209 0.830480 0.953131 0.896599 0.857337 0.349520 0.355743 0.397059 0.486343 0.527570 0.800643 0.347737 0.383334 0.872555 0.861544 0.709271 0.826421 0.418527 0.323912 0.477922 0.496638 0.559215 0.554981 0.651562 0.812086 0.487982 0.474194 0.452536 0.376852 0.352919 0.420669 0.690159 0.689276 0.918536 0.880592 0.796341 0.801069 0.935506 0.922274 0.798055 0.723544 0.885074 0.993768 0.779042 0.652525 0.612529 0.694228 0.438060 0.413194 0.656830 0.621591 0.430358 0.445911 0.570980 0.593601 0.832214 0.924808 0.940165 0.859550 0.784102 0.666868 0.481083 0.667038 0.851064 0.951194
0.266595 0.272744 0.648753 0.710171 0.942702 0.778295 0.389931 0.336466 0.877672 0.419394 0.314737 0.385298 0.479146 0.416468 0.416873 0.520689 0.282305 0.246292 0.231412 0.000000 0.883151 0.722850 0.344441 0.841776 0.900943 0.950679 0.771213 0.992871 0.300745 0.223822 0.397285 0.334858 0.316275 0.277422 0.955069 0.805643 0.649651 0.787581 0.796156 0.938503 0.752336 0.632816 0.553567 0.516364 0.616454 0.614751 0.557663 0.468996 0.621792 0.671226 0.815197 0.790322 0.840873 0.915816 0.886870 0.875718 0.282994 0.303857 0.419861 0.507882 0.526426 0.745825 0.349074 0.334914 0.864812 0.881647 0.696591 0.753708 0.408309 0.355518 0.450403 0.473374 0.561621 0.597404 0.677577 0.783870 0.419770 0.484387 0.423610 0.389439 0.285347 0.364940 0.682098 0.658446 0.930335 0.862069 0.789187 0.689439 0.986513 0.870079 0.772318 0.675545 0.810128 0.965462 0.653522 0.740870 0.572845 0.633932 0.411335 0.392475 0.646280 0.597809 0.373349 0.409332 0.520010 0.513454 0.808973 0.872240 0.921006 0.776812 0.731864 0.602846 0.493563 0.630915 0.830020 0.986433
0.848794 0.972818 0.610677 0.629327 0.819060 0.704633 0.730458 0.900945 0.989630 0.987008 0.949769 0.877065 0.760149 0.751465 0.804482 0.699447 0.967950 0.908956 0.794070 0.883151 0.000000 0.825612 0.678217 0.619158 0.604907 0.646592 0.821300 0.795917 0.968232 0.929968 0.751861 0.713557 0.780455 0.771402 0.753352 0.888169 0.826546 0.849707 0.542594 0.874116 0.912963 0.928371 0.874445 0.867174 0.948187 0.925725 0.692788 0.784948 0.873176 0.938438 0.968273 0.958268 0.970198 0.825261 0.891717 0.899654 0.902002 0.985229 0.931946 0.932298 0.822777 0.913514 0.929009 0.979934 0.663404 0.719114 0.711152 0.786573 0.932989 0.897968 0.890992 0.886443 0.788730 0.815471 0.829008 0.833416 0.990382 0.991714 0.935234 0.822397 0.934339 0.782878 0.864808 0.747513 0.741622 0.677679 0.933445 0.884350 0.990699 0.841564 0.942135 0.920952 0.944637 0.955070 0.947107 0.660972 0.827327 0.821411 0.947006 0.968504 0.986864 0.874173 0.945481 0.979108 0.984106 0.972217 0.869250 0.882484 0.977839 0.998881 0.951307 0.834322 0.965624 0.941208 0.857561 0.921079
0.877410 0.817815 0.796763 0.797163 0.966545 0.762810 0.808205 0.868222 0.898576 0.843408 0.867125 0.863548 0.907710 0.802531 0.790924 0.743192 0.786808 0.778530 0.708686 0.722850 0.825612 0.000000 0.790311 0.893668 0.896855 0.887387 0.848701 0.746226 0.837760 0.776562 0.702372 0.723207 0.775100 0.774637 0.869637 0.795306 0.860115 0.659320 0.846655 0.998334 0.867270 0.806731 0.775616 0.796158 0.851891 0.907047 0.929736 0.805926 0.966659 0.927572 0.972993 0.935514 0.932275 0.970775 0.917081 0.868584 0.855466 0.901240 0.879908 0.964030 0.967881 0.852182 0.886587 0.913045 0.940666 0.954558 0.893137 0.967353 0.866795 0.832687 0.784174 0.770810 0.747246 0.746555 0.858533 0.789886 0.886152 0.763033 0.860636 0.782503 0.835201 0.887896 0.965352 0.952266 0.891180 0.967743 0.907627 0.743931 0.871536 0.928553 0.833425 0.868232 0.896125 0.880960 0.950324 0.855361 0.918645 0.780917 0.822971 0.791256 0.916017 0.809434 0.694277 0.641430 0.844092 0.955615 0.976983 0.905727 0.964727 0.858842 0.930224 0.948964 0.885466 0.833692 0.972461 0.888230
0.345885 0.408586 0.431014 0.512039 0.935478 0.588849 0.264325 0.376646 0.821642 0.503787 0.455106 0.375507 0.360596 0.424003 0.423379 0.349089 0.424280 0.378142 0.329271 0.344441 0.678217 0.790311 0.000000 0.544340 0.871962 0.746734 0.929496 0.946849 0.482530 0.347195 0.301944 0.288840 0.248811 0.261488 0.792778 0.780811 0.653816 0.819504 0.670359 0.976384 0.863674 0.757428 0.451776 0.417127 0.566021 0.519386 0.445195 0.407395 0.675652 0.598682 0.651446 0.597003 0.660222 0.873292 0.764536 0.790219 0.443653 0.438317 0.468137 0.491291 0.372371 0.639681 0.377906 0.418288 0.867751 0.874911 0.518851 0.583766 0.578780 0.440680 0.398852 0.385429 0.498318 0.389507 0.684798 0.763930 0.432947 0.545350 0.401538 0.358858 0.366613 0.413304 0.617295 0.619079 0.739368 0.896774 0.927790 0.882210 0.987975 0.844092 0.690931 0.714244 0.745752 0.921736 0.642587 0.676317 0.464590 0.735720 0.461049 0.449346 0.706882 0.663058 0.498092 0.544190 0.432304 0.475044 0.709318 0.889379 0.843384 0.745188 0.738946 0.648178 0.448441 0.786782 0.744181 0.996910
0.899666 0.976417 0.431267 0.462367 0.954648 0.606315 0.680270 0.883445 0.852817 0.875049 0.922132 0.874962 0.719225 0.626906 0.688592 0.480945 0.959734 0.878158 0.828234 0.841776 0.619158 0.893668 0.544340 0.000000 0.464571 0.434333 0.800012 0.838747 0.938939 0.849169 0.678633 0.577288 0.691063 0.761656 0.716175 0.840325 0.830591 0.930267 0.443697 0.860309 0.939167 0.927941 0.789895 0.797122 0.979352 0.971832 0.737143 0.737908 0.777933 0.888507 0.909727 0.933061 0.917731 0.869402 0.838328 0.864451 0.958297 0.937144 0.888473 0.909492 0.831108 0.902886 0.964928 0.916047 0.495400 0.492106 0.640987 0.660466 0.956975 0.967483 0.819962 0.771445 0.680134 0.644036 0.879702 0.927544 0.802161 0.926773 0.837431 0.768739 0.890126 0.684629 0.764787 0.671285 0.590678 0.468954 0.891669 0.743803 0.993232 0.820528 0.950672 0.992180 0.913040 0.915453 0.837848 0.835680 0.698709 0.878761 0.975072 0.964288 0.983555 0.982175 0.941725 0.871255 0.811381 0.879120 0.944082 0.952670 0.932165 0.832635 0.968784 0.951593 0.973842 0.912915 0.976564 0.940163
0.933327 0.821834 0.509269 0.535262 0.961694 0.869598 0.894340 0.902181 0.769320 0.543906 0.894336 0.902055 0.981854 0.886379 0.967311 0.769744 0.891694 0.977378 0.970483 0.900943 0.604907 0.896855 0.871962 0.464571 0.000000 0.293399 0.592318 0.792604 0.804840 0.884627 0.768260 0.796631 0.855627 0.966780 0.510721 0.839395 0.864486 0.733384 0.454120 0.680314 0.996551 0.899607 0.878208 0.880523 0.938972 0.930818 0.765717 0.774289 0.728458 0.872852 0.979339 0.940295 0.955159 0.910202 0.762739 0.882120 0.828009 0.778430 0.819304 0.893156 0.922513 0.860570 0.842648 0.727407 0.297446 0.338640 0.587536 0.585950 0.987307 0.855144 0.956408 0.967020 0.720804 0.761239 0.896991 0.897382 0.970653 0.877181 0.905127 0.905244 0.914660 0.852483 0.768091 0.846178 0.488171 0.293353 0.798090 0.715325 0.980854 0.651121 0.805529 0.677497 0.960395 0.967867 0.897381 0.920507 0.880824 0.853906 0.744830 0.809302 0.920725 0.910070 0.712201 0.711258 0.908838 0.934482 0.868914 0.907570 0.860922 0.968648 0.971437 0.811831 0.808249 0.950339 0.947138 0.895942
0.932146 0.874653 0.396322 0.398959 0.958007 0.720702 0.732140 0.928769 0.883082 0.675086 0.928387 0.907926 0.983461 0.889278 0.925287 0.772098 0.894696 0.998852 0.964995 0.950679 0.646592 0.887387 0.746734 0.434333 0.293399 0.000000 0.650026 0.742637 0.808064 0.912016 0.682343 0.720465 0.777834 0.841722 0.438011 0.783428 0.842511 0.753047 0.461427 0.649476 0.958964 0.967942 0.719789 0.729997 0.826035 0.856134 0.714230 0.761968 0.836784 0.959191 0.911094 0.939454 0.908713 0.967557 0.704988 0.754087 0.861104 0.790408 0.872679 0.889677 0.912821 0.863636 0.865449 0.752918 0.302507 0.314271 0.452033 0.477694 0.969600 0.919287 0.892771 0.800412 0.719773 0.664170 0.948887 0.887647 0.922722 0.947207 0.969248 0.866488 0.984011 0.799230 0.773270 0.854643 0.526135 0.297917 0.825943 0.739278 0.990585 0.665103 0.935587 0.951898 0.801566 0.695675 0.884438 0.875442 0.738845 0.987079 0.886405 0.964822 0.984365 0.955407 0.848035 0.857783 0.742704 0.962536 0.965684 0.986617 0.905669 0.919257 0.968666 0.968861 0.997556 0.963561 0.930924 0.932209
0.902585 0.830322 0.874923 0.791766 0.894035 0.833053 0.874256 0.832001 0.764135 0.674228 0.886881 0.898217 0.992414 0.996602 0.921506 0.938800 0.869168 0.882044 0.881343 0.771213 0.821300 0.848701 0.929496 0.800012 0.592318 0.650026 0.000000 0.705049 0.875163 0.773372 0.873387 0.929373 0.950709 0.852139 0.877621 0.942157 0.861338 0.952633 0.791151 0.824793 0.974252 0.865104 0.910190 0.878621 0.884226 0.945882 0.925719 0.981735 0.991825 0.906052 0.929272 0.886688 0.888252 0.852698 0.799900 0.792772 0.822332 0.815473 0.868766 0.931153 0.925393 0.995055 0.851190 0.779167 0.596752 0.657430 0.909450 0.932071 0.895043 0.931538 0.839007 0.795621 0.899722 0.943312 0.922062 0.873023 0.901477 0.797298 0.885996 0.981007 0.915598 0.888580 0.876021 0.934822 0.565144 0.542502 0.819274 0.598866 0.887347 0.653690 0.788449 0.802867 0.934712 0.953478 0.781638 0.981050 0.828768 0.748326 0.701033 0.789527 0.792536 0.813451 0.623932 0.717666 0.920826 0.760438 0.764787 0.731608 0.788841 0.876960 0.780273 0.802667 0.838082 0.856415 0.943877 0.909160
0.882177 0.956168 0.926963 0.840201 0.905258 0.653698 0.962006 0.903866 0.933867 0.891457 0.898226 0.981005 0.982636 0.928384 0.906999 0.791017 0.988294 0.988748 0.981915 0.992871 0.795917 0.746226 0.946849 0.838747 0.792604 0.742637 0.705049 0.000000 0.956503 0.974547 0.952270 0.905840 0.989214 0.979902 0.853271 0.985735 0.934248 0.993538 0.776244 0.994017 0.895647 0.915453 0.938633 0.940512 0.937221 0.970753 0.939702 0.989668 0.954792 0.987198 0.974034 0.997605 0.988822 0.971973 0.933325 0.895923 0.925821 0.934464 0.928451 0.854830 0.834661 0.801098 0.941469 0.875831 0.931748 0.964277 0.971337 0.961082 0.966851 0.985332 0.998643 0.866928 0.970223 0.873854 0.904041 0.984288 0.974956 0.956353 0.983046 0.939005 0.948184 0.954524 0.976233 0.932080 0.920184 0.805285 0.801755 0.900291 0.814340 0.850308 0.948029 0.988841 0.928087 0.937764 0.778965 0.921399 0.942363 0.988612 0.894152 0.979411 0.828391 0.904792 0.903671 0.964534 0.950182 0.916756 0.796755 0.858535 0.859756 0.829573 0.922479 0.946114 0.949266 0.938845 0.978791 0.948296
0.252542 0.242426 0.898661 0.953884 0.982190 0.899436 0.595357 0.455725 0.957351 0.450376 0.391237 0.293293 0.453484 0.464368 0.483492 0.572439 0.274918 0.252960 0.291212 0.300745 0.968232 0.837760 0.482530 0.938939 0.804840 0.808064 0.875163 0.956503 0.000000 0.221550 0.548949 0.479990 0.437952 0.372825 0.941220 0.978320 0.643979 0.880757 0.999135 0.941594 0.744753 0.671582 0.692093 0.608327 0.692652 0.611730 0.651778 0.535234 0.532073 0.598669 0.748593 0.732134 0.828628 0.987602 0.806465 0.770788 0.286777 0.271385 0.438289 0.452941 0.495347 0.682064 0.259914 0.251451 0.762363 0.776771 0.887439 0.877749 0.352917 0.290363 0.561155 0.648294 0.531790 0.609674 0.740868 0.837423 0.546146 0.500217 0.532264 0.418110 0.252324 0.372121 0.586741 0.608670 0.870507 0.851139 0.747677 0.834746 0.876480 0.844636 0.941551 0.841236 0.986710 0.826869 0.680377 0.790716 0.716305 0.752474 0.525345 0.521811 0.768178 0.638339 0.479058 0.517042 0.635481 0.611079 0.914096 0.991037 0.952310 0.793593 0.763548 0.587366 0.512938 0.637083 0.870411 0.843381
0.263283 0.243844 0.773419 0.863804 0.954119 0.814156 0.485268 0.435706 0.963547 0.441802 0.364263 0.293868 0.399652 0.431973 0.381725 0.465491 0.247284 0.226155 0.267066 0.223822 0.929968 0.776562 0.347195 0.849169 0.884627 0.912016 0.773372 0.974547 0.221550 0.000000 0.401352 0.360876 0.321103 0.291083 0.974130 0.892334 0.627264 0.815237 0.837080 0.975783 0.759908 0.672637 0.563702 0.489494 0.626785 0.575688 0.598991 0.466262 0.590241 0.594246 0.725393 0.683064 0.782114 0.935044 0.849167 0.856147 0.297394 0.274362 0.479200 0.501677 0.455340 0.722027 0.261212 0.256513 0.807864 0.827851 0.799650 0.789158 0.360174 0.308383 0.483244 0.517948 0.432708 0.448597 0.730673 0.766052 0.480064 0.436816 0.403128 0.377339 0.254464 0.358556 0.592804 0.602679 0.906801 0.869413 0.750766 0.761933 0.955374 0.936973 0.859439 0.781366 0.955742 0.854782 0.615080 0.750589 0.581576 0.651924 0.457307 0.441562 0.696624 0.611786 0.415004 0.489724 0.602558 0.502421 0.810865 0.906956 0.873119 0.752990 0.751713 0.561334 0.501227 0.600799 0.830709 0.986319
0.484347 0.502429 0.404368 0.530825 0.917195 0.735619 0.268164 0.391245 0.773467 0.585156 0.551756 0.595974 0.595841 0.609527 0.526061 0.578400 0.481136 0.446121 0.387607 0.397285 0.751861 0.702372 0.301944 0.678633 0.768260 0.682343 0.873387 0.952270 0.548949 0.401352 0.000000 0.296429 0.247558 0.262345 0.663091 0.699428 0.603567 0.685840 0.645879 0.825564 0.885166 0.750440 0.323110 0.302232 0.368783 0.378061 0.399089 0.361162 0.600629 0.561192 0.538604 0.521462 0.573940 0.780793 0.779467 0.799516 0.546982 0.569382 0.506788 0.600200 0.499921 0.745126 0.473563 0.538065 0.872381 0.897685 0.441832 0.524322 0.655344 0.520464 0.431150 0.384360 0.413295 0.369563 0.673846 0.822304 0.435923 0.626383 0.442931 0.441011 0.513264 0.597947 0.625759 0.734244 0.892862 0.930900 0.948557 0.732178 0.977777 0.954471 0.677883 0.727532 0.773379 0.835867 0.693455 0.675351 0.452693 0.749582 0.406491 0.450920 0.688187 0.512606 0.482005 0.506422 0.498314 0.536158 0.639643 0.701161 0.842758 0.822841 0.593744 0.621534 0.460791 0.599201 0.601894 0.941319
0.434679 0.469318 0.476815 0.537865 0.957902 0.709601 0.385283 0.422188 0.933148 0.609430 0.520097 0.503183 0.509534 0.453961 0.452167 0.466292 0.444334 0.410090 0.346997 0.334858 0.713557 0.723207 0.288840 0.577288 0.796631 0.720465 0.929373 0.905840 0.479990 0.360876 0.296429 0.000000 0.302614 0.348388 0.754428 0.764000 0.576766 0.838609 0.651604 0.912899 0.913046 0.688273 0.497702 0.490956 0.592757 0.618281 0.484448 0.486090 0.742866 0.783615 0.820252 0.803422 0.877139 0.938560 0.804632 0.838295 0.512821 0.537611 0.591680 0.679530 0.562913 0.795056 0.487945 0.551287 0.895321 0.906980 0.592028 0.670705 0.573995 0.486735 0.519921 0.493320 0.451500 0.454852 0.685443 0.895048 0.541648 0.632903 0.471753 0.514911 0.448360 0.460235 0.669411 0.686553 0.828200 0.885154 0.885360 0.893642 0.945664 0.903564 0.829748 0.815458 0.867065 0.932388 0.755379 0.693201 0.501741 0.737067 0.544474 0.545052 0.734778 0.627161 0.539367 0.527124 0.550117 0.594574 0.869321 0.857862 0.920390 0.712877 0.735608 0.650753 0.530911 0.688174 0.763858 0.948876
0.364049 0.330932 0.449648 0.556496 0.978338 0.719596 0.261071 0.321714 0.840140 0.484759 0.451661 0.431724 0.509243 0.525110 0.512241 0.487771 0.338039 0.325624 0.294075 0.316275 0.780455 0.775100 0.248811 0.691063 0.855627 0.777834 0.950709 0.989214 0.437952 0.321103 0.247558 0.302614 0.000000 0.215796 0.763579 0.645515 0.598703 0.686633 0.702516 0.907801 0.890714 0.687753 0.333530 0.313548 0.375294 0.361927 0.326921 0.319424 0.502621 0.502426 0.528703 0.516331 0.595373 0.829568 0.706897 0.690302 0.384209 0.396210 0.429569 0.481214 0.406507 0.603970 0.338920 0.398280 0.862803 0.883443 0.441297 0.503444 0.550118 0.392971 0.400552 0.391289 0.432599 0.352097 0.646667 0.773642 0.399160 0.552700 0.393620 0.385658 0.344649 0.435424 0.577676 0.671625 0.751277 0.920934 0.881590 0.736397 0.948679 0.820703 0.663383 0.683576 0.705273 0.882968 0.688616 0.681001 0.450128 0.658939 0.371655 0.356509 0.625686 0.520848 0.442239 0.479646 0.382701 0.450270 0.681838 0.738178 0.901124 0.800089 0.638075 0.592098 0.410104 0.625016 0.626726 0.951980
0.345320 0.301841 0.500296 0.601326 0.924101 0.674941 0.238643 0.299060 0.705695 0.416471 0.475846 0.421327 0.487922 0.527485 0.494584 0.472429 0.334526 0.296461 0.267831 0.277422 0.771402 0.774637 0.261488 0.761656 0.966780 0.841722 0.852139 0.979902 0.372825 0.291083 0.262345 0.348388 0.215796 0.000000 0.781289 0.723614 0.568530 0.744815 0.730028 0.913047 0.812406 0.710165 0.326322 0.275003 0.399589 0.364012 0.378036 0.296478 0.473491 0.433652 0.507838 0.505455 0.585725 0.806548 0.716712 0.718823 0.354980 0.360694 0.364014 0.449746 0.427546 0.646476 0.319967 0.358045 0.951541 0.976157 0.495050 0.533971 0.554078 0.340405 0.418878 0.401307 0.521038 0.420699 0.719270 0.736181 0.402217 0.504106 0.381722 0.345207 0.341835 0.440121 0.590924 0.619073 0.813410 0.976531 0.781965 0.777821 0.900574 0.866545 0.642911 0.611353 0.728882 0.841210 0.571394 0.675526 0.508004 0.642182 0.345475 0.321294 0.675051 0.501933 0.380273 0.435251 0.407890 0.420516 0.678659 0.737005 0.891761 0.794071 0.662758 0.535870 0.402467 0.570647 0.659827 0.963249
0.972816 0.958501 0.521282 0.506472 0.984162 0.907706 0.651804 0.781323 0.980501 0.846258 0.987701 0.941281 0.898492 0.949019 0.964486 0.977419 0.984992 0.867511 0.991510 0.955069 0.753352 0.869637 0.792778 0.716175 0.510721 0.438011 0.877621 0.853271 0.941220 0.974130 0.663091 0.754428 0.763579 0.781289 0.000000 0.679563 0.706121 0.668282 0.570601 0.802678 0.916124 0.999151 0.628132 0.663790 0.622550 0.704199 0.735086 0.657275 0.999944 0.860668 0.785195 0.804908 0.815682 0.856916 0.778867 0.788564 0.908122 0.956540 0.970938 0.895252 0.815843 0.716458 0.955069 0.997613 0.544046 0.512759 0.424259 0.369729 0.980812 0.930908 0.743809 0.683852 0.784057 0.696072 0.973454 0.982315 0.813981 0.883182 0.926083 0.864477 0.920621 0.857378 0.836031 0.858803 0.736935 0.621202 0.807356 0.985539 0.939642 0.697004 0.709513 0.940498 0.658789 0.606583 0.783199 0.873262 0.674361 0.901753 0.826063 0.809278 0.828148 0.854237 0.955308 0.894073 0.630028 0.736406 0.795319 0.783779 0.856870 0.975114 0.763901 0.740511 0.905762 0.824903 0.878563 0.879643
0.941572 0.808013 0.600343 0.538349 0.914426 0.941360 0.553482 0.610717 0.798971 0.797840 0.888622 0.956188 0.958064 0.969111 0.993569 0.960576 0.847106 0.851790 0.775925 0.805643 0.888169 0.795306 0.780811 0.840325 0.839395 0.783428 0.942157 0.985735 0.978320 0.892334 0.699428 0.764000 0.645515 0.723614 0.679563 0.000000 0.736290 0.551917 0.836267 0.951175 0.987596 0.859663 0.560030 0.618932 0.520842 0.646570 0.604343 0.701607 0.763667 0.733630 0.728220 0.749885 0.755199 0.844388 0.851842 0.897543 0.803797 0.836109 0.789852 0.846390 0.896270 0.813709 0.890645 0.902084 0.783663 0.741223 0.433367 0.539866 0.939149 0.844735 0.560705 0.645122 0.910993 0.804888 0.866757 0.817272 0.603779 0.729449 0.799111 0.946080 0.845021 0.909620 0.930777 0.965405 0.983418 0.901292 0.960010 0.824571 0.939562 0.881260 0.537088 0.627902 0.495791 0.534804 0.895492 0.693899 0.640868 0.591375 0.585887 0.500326 0.635429 0.631073 0.761973 0.657755 0.679112 0.707561 0.810513 0.599899 0.858064 0.985035 0.711939 0.664925 0.658887 0.667938 0.687261 0.797580
0.608463 0.637189 0.640915 0.637612 0.794824 0.968396 0.609885 0.626676 0.842851 0.831735 0.716277 0.741323 0.764518 0.744339 0.812604 0.778457 0.702301 0.630821 0.674537 0.649651 0.826546 0.860115 0.653816 0.830591 0.864486 0.842511 0.861338 0.934248 0.643979 0.627264 0.603567 0.576766 0.598703 0.568530 0.706121 0.736290 0.000000 0.705268 0.651283 0.843119 0.755571 0.863055 0.685941 0.608250 0.660517 0.649027 0.569345 0.556031 0.811566 0.747408 0.752064 0.783314 0.832092 0.911667 0.763325 0.753523 0.685043 0.713339 0.700632 0.681209 0.628690 0.671613 0.692156 0.714094 0.816443 0.817086 0.630776 0.613142 0.723209 0.637946 0.674294 0.762725 0.740458 0.646321 0.912861 0.986772 0.618964 0.686751 0.745470 0.708951 0.709233 0.668889 0.803121 0.852925 0.850093 0.856675 0.919443 0.891563 0.887013 0.773940 0.914895 0.863559 0.880455 0.884636 0.765145 0.705639 0.695526 0.801863 0.675843 0.680417 0.932270 0.758239 0.601438 0.708104 0.656663 0.674377 0.923557 0.814720 0.993517 0.794257 0.695319 0.630168 0.733809 0.774670 0.752026 0.848472
0.828452 0.783612 0.656063 0.690548 0.974615 0.974388 0.712502 0.800759 0.962935 0.995723 0.897696 0.972102 0.977905 0.970316 0.962869 0.952767 0.792986 0.772955 0.823971 0.787581 0.849707 0.659320 0.819504 0.930267 0.733384 0.753047 0.952633 0.993538 0.880757 0.815237 0.685840 0.838609 0.686633 0.744815 0.668282 0.551917 0.705268 0.000000 0.677435 0.894878 0.965384 0.881719 0.658854 0.647821 0.618910 0.682737 0.665785 0.642338 0.876554 0.719905 0.701960 0.709244 0.702968 0.802624 0.844770 0.814478 0.760713 0.819660 0.829756 0.791859 0.796891 0.814580 0.831562 0.859457 0.770505 0.746031 0.544924 0.565895 0.846133 0.812490 0.626439 0.676229 0.696186 0.706798 0.859025 0.948478 0.788340 0.772986 0.854052 0.850294 0.801640 0.825768 0.851249 0.987430 0.905041 0.836201 0.901310 0.748374 0.926541 0.890760 0.836284 0.842752 0.757738 0.780500 0.866946 0.712288 0.695238 0.758736 0.767781 0.697023 0.730921 0.731084 0.723489 0.748096 0.719968 0.755328 0.825228 0.769800 0.978600 0.920518 0.735805 0.754068 0.820222 0.653034 0.814237 0.874871
