0.000000 0.381256 0.576877 0.609002 0.922429 0.758731 0.652832 0.679150 0.698217 0.711487 0.493971 0.550202 0.930537 0.862795 0.913372 0.878189 0.472095 0.405598 0.896099 0.723646 0.991058 0.967998 0.836621 0.857545 0.671141 0.657982 0.985558 0.829455 0.571940 0.600768 0.838939 0.880170 0.837709 0.694796 0.981984 0.999463 0.979399 0.852238 0.843515 0.912516 0.628515 0.630638 0.964831 0.811857 0.843969 0.656264 0.653046 0.681779 0.627186 0.657733 0.662876 0.687405 0.871746 0.866735 0.713640 0.815640 0.355709 0.382370 0.436996 0.463927 0.621983 0.808745 0.430941 0.398015 0.709494 0.722099 0.839666 0.851716 0.543091 0.525015 0.598280 0.686395 0.959731 0.964352 0.834445 0.929536 0.803019 0.768124 0.621822 0.722368 0.338670 0.418209 0.690290 0.498444 0.791860 0.938746 0.900736 0.765294 0.949280 0.756229 0.514382 0.497302 0.478043 0.458265 0.900117 0.780477 0.973718 0.922731 0.900563 0.811049 0.864462 0.731394 0.958209 0.791268 0.966840 0.962301 0.991489 0.929764 0.890610 0.922676 0.842290 0.967885 0.911294 0.814662 0.861039 0.839769
0.381256 0.000000 0.599928 0.667442 0.904244 0.799903 0.701554 0.722202 0.614081 0.598284 0.630245 0.588235 0.993552 0.875799 0.920913 0.877353 0.515014 0.456821 0.950342 0.834730 0.992069 0.974582 0.859283 0.847502 0.755861 0.705054 0.920885 0.746283 0.602048 0.647563 0.801229 0.883235 0.816099 0.777335 0.965732 0.983115 0.998345 0.967530 0.910270 0.873104 0.631500 0.628789 0.988210 0.786302 0.824870 0.645982 0.598626 0.642381 0.656889 0.638709 0.651803 0.651910 0.834767 0.878894 0.674725 0.833637 0.359495 0.341568 0.397918 0.414071 0.680494 0.897400 0.445673 0.423111 0.733593 0.746269 0.940174 0.782238 0.539604 0.523839 0.627020 0.708914 0.844609 0.920237 0.845407 0.929807 0.826869 0.889523 0.675610 0.649987 0.387897 0.439441 0.656609 0.486882 0.750487 0.866417 0.826961 0.742693 0.953945 0.757763 0.592935 0.550028 0.578113 0.496129 0.852550 0.747085 0.966578 0.813501 0.880346 0.842282 0.929755 0.753956 0.949174 0.846810 0.946184 0.958083 0.992453 0.968741 0.958737 0.859032 0.795118 0.919664 0.919056 0.836381 0.833494 0.747845
0.576877 0.599928 0.000000 0.402626 0.966491 0.798362 0.427145 0.490402 0.576931 0.758388 0.691970 0.831308 0.702613 0.840591 0.856359 0.651073 0.506731 0.496007 0.875962 0.921403 0.999930 0.908177 0.591952 0.556421 0.395359 0.544249 0.913599 0.937146 0.662370 0.642245 0.600000 0.679656 0.802730 0.987866 0.826449 0.830590 0.838164 0.826140 0.666816 0.856446 0.718040 0.879432 0.649429 0.824849 0.887280 0.909854 0.904923 0.996241 0.812506 0.921287 0.956580 0.982032 0.809282 0.711990 0.892243 0.958259 0.612203 0.431780 0.477297 0.520443 0.807814 0.955283 0.449212 0.467663 0.458944 0.532544 0.581238 0.970736 0.698728 0.668197 0.563720 0.628401 0.963829 0.998518 0.948537 0.847188 0.655110 0.637305 0.808180 0.827500 0.507505 0.619664 0.839943 0.686782 0.932314 0.764685 0.974904 0.888173 0.771218 0.944823 0.535547 0.506072 0.484989 0.469373 0.956389 0.718751 0.859423 0.764536 0.693629 0.610990 0.820503 0.644587 0.926566 0.729433 0.743783 0.919414 0.768841 0.877421 0.916637 0.988288 0.803087 0.963460 0.885080 0.849139 0.942372 0.851117
0.609002 0.667442 0.402626 0.000000 0.855802 0.924330 0.475475 0.383388 0.655092 0.787617 0.676794 0.676823 0.896129 0.954176 0.983059 0.766620 0.504594 0.521104 0.923679 0.950734 0.945615 0.982130 0.679729 0.610125 0.433662 0.510557 0.878344 0.999952 0.542468 0.625347 0.658402 0.663603 0.997808 0.877496 0.989976 0.864392 0.814586 0.908076 0.667990 0.861628 0.711893 0.867734 0.704327 0.793658 0.998035 0.906753 0.822492 0.993547 0.863810 0.993291 0.918850 0.978355 0.783880 0.755582 0.913116 0.974441 0.697330 0.505430 0.517871 0.568447 0.592646 0.815880 0.482834 0.477175 0.580758 0.733587 0.678055 0.959061 0.806443 0.774279 0.660062 0.689826 0.885700 0.856983 0.905002 0.931704 0.662647 0.722151 0.805880 0.833157 0.585616 0.675592 0.770454 0.734217 0.997608 0.822498 0.934759 0.911237 0.855627 0.901333 0.605891 0.536367 0.551119 0.507160 0.995937 0.737116 0.949025 0.817535 0.914002 0.744314 0.862732 0.652431 0.927435 0.739614 0.786133 0.921760 0.778599 0.871841 0.884079 0.973272 0.939840 0.816450 0.869114 0.896997 0.987265 0.820327
0.922429 0.904244 0.966491 0.855802 0.000000 0.788459 0.858232 0.904549 0.813627 0.868169 0.969433 0.814246 0.707045 0.801471 0.765233 0.705471 0.977554 0.989133 0.825446 0.941645 0.836644 0.998721 0.745551 0.775133 0.990366 0.872483 0.908646 0.949732 0.945092 0.994947 0.931534 0.943254 0.896082 0.978417 0.847937 0.916634 0.874451 0.860203 0.844378 0.805858 0.989008 0.908270 0.904810 0.758279 0.997434 0.795719 0.883514 0.846337 0.803604 0.765192 0.852275 0.924630 0.916208 0.991396 0.944917 0.948223 0.798868 0.903523 0.927906 0.874267 0.760011 0.811873 0.982981 0.989120 0.796337 0.707795 0.867560 0.917424 0.752255 0.700214 0.856182 0.960063 0.985316 0.906302 0.900074 0.930161 0.913196 0.986942 0.919338 0.945309 0.830816 0.944294 0.917105 0.866972 0.781146 0.898548 0.817771 0.850156 0.931940 0.954032 0.754780 0.831713 0.832472 0.823471 0.987232 0.984980 0.907641 0.821256 0.842431 0.716296 0.967176 0.923549 0.862577 0.848173 0.951252 0.970273 0.956586 0.825426 0.998561 0.795741 0.892410 0.911590 0.984799 0.970058 0.904866 0.853518
0.758731 0.799903 0.798362 0.924330 0.788459 0.000000 0.798411 0.845918 0.919094 0.788350 0.828330 0.945041 0.776726 0.999188 0.944862 0.786420 0.875389 0.808416 0.977834 0.930311 0.884250 0.897115 0.873591 0.904203 0.762644 0.774524 0.857670 0.899186 0.851561 0.800836 0.967417 0.966006 0.883805 0.968635 0.855233 0.977668 0.933816 0.902606 0.875981 0.978116 0.945817 0.984734 0.896729 0.671161 0.738093 0.566248 0.815544 0.601314 0.597740 0.585534 0.683967 0.760710 0.775226 0.829378 0.671435 0.833911 0.617436 0.783743 0.828714 0.776013 0.930420 0.830426 0.773135 0.785429 0.775721 0.544295 0.783562 0.820777 0.677320 0.606208 0.717345 0.806902 0.920818 0.942853 0.996986 0.971991 0.856740 0.863577 0.758870 0.789873 0.675800 0.737388 0.871564 0.726520 0.963360 0.977494 0.870501 0.956168 0.916273 0.794462 0.556378 0.633914 0.603741 0.674653 0.941238 0.881886 0.813440 0.987927 0.802926 0.715216 0.749530 0.941022 0.922051 0.745641 0.739196 0.872563 0.930681 0.971886 0.967035 0.934687 0.986340 0.824315 0.746078 0.893386 0.992462 0.797266
0.652832 0.701554 0.427145 0.475475 0.858232 0.798411 0.000000 0.453333 0.579736 0.659356 0.835775 0.858358 0.565252 0.847467 0.759547 0.578714 0.717195 0.701629 0.660274 0.896809 0.898916 0.905959 0.516842 0.542274 0.489396 0.786932 0.936472 0.907847 0.808104 0.824504 0.654946 0.605237 0.717093 0.901632 0.901246 0.905869 0.991742 0.922983 0.843472 0.979324 0.795717 0.844661 0.848299 0.959643 0.985659 0.832209 0.824647 0.938625 0.738004 0.866020 0.871820 0.949280 0.895831 0.895341 0.940921 0.993595 0.677012 0.545126 0.519419 0.543481 0.979973 0.989425 0.672497 0.659767 0.494500 0.650697 0.618892 0.929989 0.672804 0.650409 0.704382 0.694376 0.967799 0.908250 0.834364 0.869956 0.745888 0.698943 0.810017 0.934635 0.673099 0.777631 0.901189 0.778201 0.798596 0.751001 0.930105 0.940241 0.762237 0.986944 0.515325 0.523566 0.483567 0.512308 0.993836 0.821562 0.905650 0.993355 0.808566 0.678698 0.821899 0.580625 0.761136 0.658181 0.803406 0.870439 0.841738 0.924173 0.791368 0.908676 0.875832 0.931822 0.849265 0.886936 0.991256 0.953185
0.679150 0.722202 0.490402 0.383388 0.904549 0.845918 0.453333 0.000000 0.700219 0.553215 0.803292 0.874973 0.909226 0.959051 0.834084 0.878214 0.700649 0.628584 0.810818 0.859540 0.898615 0.965492 0.877018 0.801753 0.613161 0.716253 0.899780 0.892213 0.676996 0.764307 0.834389 0.671465 0.976828 0.987209 0.849168 0.987583 0.995045 0.997304 0.830720 0.936027 0.833739 0.942219 0.943350 0.996917 0.730140 0.695897 0.755513 0.839797 0.654873 0.847821 0.751788 0.836354 0.983565 0.999023 0.881090 0.888680 0.692943 0.564046 0.615062 0.715041 0.784087 0.946587 0.598470 0.604175 0.791675 0.705821 0.851269 0.915040 0.766287 0.700997 0.659870 0.556095 0.972983 0.958082 0.819597 0.985437 0.773238 0.836841 0.775393 0.852639 0.661133 0.704013 0.598599 0.618892 0.832189 0.922065 0.819881 0.840172 0.999404 0.918133 0.553280 0.557809 0.545039 0.556524 0.948209 0.893387 0.755387 0.822608 0.910239 0.795857 0.735036 0.727399 0.982571 0.659482 0.888752 0.893602 0.778560 0.906406 0.896815 0.972731 0.849626 0.866890 0.929053 0.929445 0.931775 0.981605
0.698217 0.614081 0.576931 0.655092 0.813627 0.919094 0.579736 0.700219 0.000000 0.536666 0.823072 0.918319 0.643947 0.817804 0.781194 0.525397 0.698148 0.584963 0.666080 0.893030 0.986796 0.949919 0.573390 0.612474 0.714356 0.730944 0.812371 0.828309 0.795454 0.825005 0.586828 0.744479 0.940584 0.916569 0.805275 0.827321 0.948952 0.893806 0.975453 0.967219 0.734762 0.802092 0.728797 0.851394 0.782526 0.976553 0.874070 0.888685 0.989878 0.912039 0.927908 0.860954 0.733573 0.552985 0.874500 0.854914 0.611616 0.494952 0.614705 0.570676 0.868159 0.916107 0.596000 0.608219 0.587400 0.794815 0.717947 0.801474 0.722748 0.721010 0.579689 0.733172 0.887363 0.948345 0.802644 0.833850 0.639414 0.725491 0.888688 0.873369 0.637038 0.671139 0.921718 0.647132 0.899101 0.935976 0.940138 0.961972 0.831372 0.911319 0.575769 0.532391 0.631592 0.547762 0.999717 0.814101 0.959629 0.876301 0.655190 0.584900 0.938521 0.565005 0.937573 0.915185 0.971710 0.917418 0.851070 0.863834 0.830219 0.823520 0.896124 0.822111 0.740364 0.940201 0.978830 0.721540
0.711487 0.598284 0.758388 0.787617 0.868169 0.788350 0.659356 0.553215 0.536666 0.000000 0.952601 0.981934 0.867128 0.984228 0.864770 0.856267 0.905382 0.714596 0.689338 0.923514 0.853143 0.921089 0.958914 0.960155 0.981931 0.985327 0.952971 0.671756 0.892005 0.998271 0.900254 0.857063 0.917687 0.951193 0.917696 0.955201 0.860103 0.987351 0.932259 0.868479 0.890233 0.855674 0.829530 0.760379 0.727334 0.634711 0.600464 0.640691 0.692204 0.749763 0.685426 0.726282 0.869754 0.986238 0.745733 0.837516 0.526544 0.556472 0.679592 0.751361 0.973686 0.796519 0.714241 0.719536 0.997540 0.858849 0.971715 0.785543 0.720393 0.627046 0.591910 0.639095 0.848642 0.922394 0.959036 0.919610 0.787007 0.872055 0.802157 0.805722 0.660799 0.658447 0.626522 0.510475 0.675978 0.623206 0.825005 0.835974 0.992863 0.760967 0.574772 0.581234 0.643558 0.609912 0.933555 0.898135 0.762300 0.850606 0.828911 0.797129 0.803279 0.801032 0.866741 0.793987 0.915100 0.939125 0.958650 0.891848 0.860265 0.918264 0.816695 0.993777 0.858965 0.955556 0.793102 0.923024
0.493971 0.630245 0.691970 0.676794 0.969433 0.828330 0.835775 0.803292 0.823072 0.952601 0.000000 0.537462 0.829759 0.839920 0.891777 0.950686 0.478113 0.408312 0.765113 0.761090 0.928977 0.999956 0.853132 0.941123 0.633184 0.593380 0.966639 0.974028 0.490263 0.437612 0.935464 0.950604 0.758661 0.646407 0.903371 0.928713 0.881972 0.893994 0.842922 0.959480 0.751172 0.779994 0.708461 0.967758 0.995107 0.903596 0.946304 0.903788 0.886910 0.904343 0.890460 0.952000 0.998225 0.772855 0.828438 0.868035 0.578364 0.540943 0.608651 0.582208 0.516274 0.693341 0.458580 0.401137 0.717987 0.781367 0.942698 0.941259 0.647538 0.695893 0.675421 0.715630 0.958291 0.963650 0.912202 0.907581 0.710839 0.753790 0.707368 0.790544 0.487627 0.445696 0.786968 0.578928 0.918609 0.975551 0.960942 0.731797 0.897918 0.837044 0.565324 0.512446 0.531771 0.509375 0.903830 0.857932 0.982336 0.899425 0.768021 0.741447 0.905766 0.842813 0.957846 0.851697 0.881381 0.985055 0.840865 0.776612 0.823061 0.882634 0.820673 0.907056 0.837158 0.889594 0.936830 0.954395
0.550202 0.588235 0.831308 0.676823 0.814246 0.945041 0.858358 0.874973 0.918319 0.981934 0.537462 0.000000 0.777672 0.664461 0.906067 0.923430 0.557951 0.559225 0.839281 0.718505 0.798455 0.979668 0.929653 0.994833 0.763385 0.671785 0.860340 0.943654 0.529768 0.631420 0.851126 0.896265 0.709656 0.713350 0.895714 0.987548 0.927823 0.963174 0.844785 0.967835 0.768296 0.729142 0.828661 0.990690 0.975810 0.915901 0.795536 0.944882 0.920920 0.882529 0.845998 0.878579 0.998837 0.905412 0.874824 0.841332 0.645557 0.643697 0.591866 0.631669 0.513364 0.512645 0.590407 0.535415 0.795083 0.986289 0.993547 0.884267 0.772697 0.797277 0.832720 0.902782 0.816127 0.770272 0.827104 0.962674 0.805969 0.852069 0.789357 0.862339 0.654794 0.596266 0.812008 0.683883 0.892030 0.995014 0.968107 0.825536 0.990384 0.833914 0.777228 0.696724 0.690151 0.652094 0.977841 0.823068 0.817039 0.854114 0.961860 0.971467 0.951083 0.906896 0.838287 0.922657 0.997352 0.906510 0.996557 0.845169 0.901594 0.923996 0.807734 0.922398 0.750838 0.886077 0.938306 0.868356
0.930537 0.993552 0.702613 0.896129 0.707045 0.776726 0.565252 0.909226 0.643947 0.867128 0.829759 0.777672 0.000000 0.519180 0.399841 0.356594 0.976344 0.973205 0.510075 0.651375 0.976379 0.937236 0.440905 0.514948 0.693120 0.957361 0.909994 0.994826 0.876327 0.901749 0.706306 0.754367 0.504264 0.662700 0.706039 0.808006 0.970799 0.860452 0.965737 0.932270 0.961074 0.932669 0.764103 0.793966 0.662109 0.859190 0.866894 0.976470 0.930221 0.916326 0.810212 0.756388 0.724793 0.800965 0.967889 0.792101 0.979607 0.867872 0.868807 0.761455 0.640670 0.737833 0.943761 0.997141 0.524831 0.701796 0.645075 0.936691 0.876768 0.872154 0.822924 0.949768 0.965002 0.947799 0.903094 0.866365 0.773818 0.757264 0.927032 0.995608 0.931715 0.961841 0.820666 0.937422 0.591747 0.676025 0.776838 0.753284 0.736164 0.823844 0.757122 0.818015 0.772101 0.844664 0.976225 0.916560 0.945213 0.940869 0.693235 0.582889 0.847050 0.690001 0.894849 0.937696 0.742719 0.809260 0.966337 0.947627 0.867817 0.915443 0.954650 0.842350 0.827136 0.986351 0.756813 0.900180
0.862795 0.875799 0.840591 0.954176 0.801471 0.999188 0.847467 0.959051 0.817804 0.984228 0.839920 0.664461 0.519180 0.000000 0.533970 0.523304 0.922009 0.995547 0.732583 0.708112 0.922933 0.787782 0.560268 0.527074 0.779575 0.991482 0.868093 0.981482 0.841765 0.921596 0.832549 0.839830 0.589568 0.745493 0.636762 0.736815 0.916350 0.817870 0.996283 0.988907 0.949125 0.889852 0.796355 0.785490 0.679111 0.755698 0.903312 0.814205 0.797473 0.731853 0.780813 0.624089 0.735134 0.713919 0.964108 0.869751 0.909010 0.995027 0.900035 0.985658 0.786062 0.705815 0.988436 0.974398 0.667792 0.774240 0.735804 0.840926 0.957172 0.936629 0.997812 0.876775 0.944628 0.914574 0.807271 0.762582 0.843764 0.779437 0.865652 0.990708 0.954040 0.947803 0.734556 0.810915 0.657769 0.698919 0.839697 0.769344 0.808276 0.654856 0.977688 0.994525 0.987363 0.991196 0.963236 0.930602 0.986657 0.851280 0.911828 0.711661 0.926860 0.913326 0.920968 0.983175 0.691251 0.752059 0.924507 0.959375 0.991711 0.923034 0.849514 0.973587 0.998822 0.918362 0.773592 0.875399
0.913372 0.920913 0.856359 0.983059 0.765233 0.944862 0.759547 0.834084 0.781194 0.864770 0.891777 0.906067 0.399841 0.533970 0.000000 0.429182 0.940478 0.913721 0.655885 0.829863 0.988463 0.918708 0.387575 0.510533 0.735134 0.944076 0.686152 0.905069 0.803688 0.899986 0.742406 0.818585 0.554757 0.748904 0.619585 0.795553 0.998774 0.894442 0.881730 0.994867 0.963152 0.992531 0.742536 0.773843 0.532294 0.707990 0.826566 0.850759 0.764905 0.754761 0.713918 0.616153 0.652215 0.703445 0.850246 0.763016 0.934730 0.985892 0.964404 0.834170 0.735101 0.964747 0.941014 0.917399 0.496996 0.853115 0.605036 0.996555 0.910631 0.989096 0.925317 0.795737 0.885633 0.881338 0.832922 0.958988 0.916261 0.770571 0.870651 0.950492 0.934550 0.870859 0.595902 0.788116 0.439726 0.511712 0.686173 0.646268 0.721647 0.723094 0.953052 0.984290 0.933706 0.975289 0.904657 0.929194 0.868828 0.774459 0.878891 0.691882 0.954601 0.816072 0.806345 0.980048 0.774583 0.842128 0.865785 0.926804 0.959940 0.927606 0.948126 0.886768 0.866717 0.999183 0.701716 0.938572
0.878189 0.877353 0.651073 0.766620 0.705471 0.786420 0.578714 0.878214 0.525397 0.856267 0.950686 0.923430 0.356594 0.523304 0.429182 0.000000 0.754837 0.817216 0.659465 0.738552 0.993618 0.945467 0.370975 0.410200 0.568382 0.771661 0.824262 0.985271 0.954142 0.913674 0.608545 0.680090 0.608231 0.836251 0.705205 0.797202 0.998946 0.827201 0.938101 0.939771 0.937562 0.958022 0.652994 0.750902 0.620906 0.841097 0.917510 0.986156 0.887327 0.858322 0.777721 0.699777 0.626196 0.603991 0.971398 0.713306 0.834522 0.701730 0.745778 0.609910 0.889742 0.895012 0.763023 0.792377 0.414563 0.683547 0.594698 0.984571 0.748871 0.802573 0.754002 0.904661 0.886034 0.968569 0.825392 0.820480 0.704951 0.694190 0.952807 0.866062 0.758189 0.894880 0.779208 0.985901 0.583011 0.626702 0.829525 0.782702 0.848427 0.756588 0.649257 0.665370 0.666227 0.658829 0.998569 0.815426 0.996654 0.864377 0.711535 0.535833 0.862477 0.623866 0.926145 0.861912 0.706553 0.831528 0.969767 0.992491 0.901559 0.954951 0.928803 0.838087 0.737900 0.978573 0.741494 0.755040
0.472095 0.515014 0.506731 0.504594 0.977554 0.875389 0.717195 0.700649 0.698148 0.905382 0.478113 0.557951 0.976344 0.922009 0.940478 0.754837 0.000000 0.334814 0.857959 0.858204 0.891304 0.976415 0.675155 0.671091 0.466086 0.465751 0.842335 0.940769 0.508065 0.395635 0.715393 0.817502 0.947901 0.719555 0.900289 0.903384 0.878254 0.942602 0.781541 0.889589 0.694936 0.808276 0.606249 0.889020 0.893681 0.946573 0.880218 0.967597 0.939201 0.964215 0.949435 0.946544 0.800144 0.629151 0.826637 0.926078 0.537403 0.411696 0.492895 0.532690 0.528035 0.823894 0.327596 0.338479 0.523278 0.692018 0.740210 0.930925 0.612888 0.648628 0.619294 0.762790 0.916780 0.944634 0.915178 0.885285 0.725037 0.701680 0.690388 0.697561 0.388267 0.425827 0.803587 0.599158 0.987053 0.873134 0.948738 0.728940 0.975484 0.990406 0.578729 0.498552 0.485182 0.445263 0.861267 0.701996 0.967745 0.910754 0.775043 0.689964 0.826096 0.749192 0.960306 0.764994 0.805489 0.979634 0.831762 0.844159 0.919797 0.907623 0.934963 0.948482 0.810827 0.979499 0.955477 0.799572
0.405598 0.456821 0.496007 0.521104 0.989133 0.808416 0.701629 0.628584 0.584963 0.714596 0.408312 0.559225 0.973205 0.995547 0.913721 0.817216 0.334814 0.000000 0.881080 0.870052 0.853122 0.998455 0.787744 0.789285 0.556113 0.492341 0.944320 0.874547 0.476565 0.402075 0.799307 0.821734 0.849487 0.701809 0.930413 0.952994 0.944742 0.974010 0.834720 0.946847 0.660515 0.758748 0.660115 0.943465 0.999503 0.844867 0.761544 0.832337 0.845813 0.893741 0.863256 0.942138 0.926649 0.654216 0.686687 0.908953 0.411034 0.337692 0.458955 0.489629 0.479567 0.884823 0.264450 0.259410 0.618363 0.671651 0.850635 0.860205 0.563728 0.632305 0.479600 0.582965 0.925615 0.983018 0.901788 0.859595 0.650112 0.732651 0.638939 0.680087 0.320782 0.310512 0.654283 0.439184 0.829349 0.931981 0.881199 0.669258 0.937753 0.879307 0.469520 0.416818 0.434490 0.417026 0.855820 0.764432 0.955663 0.807623 0.686299 0.660266 0.797315 0.765639 0.931560 0.808044 0.869007 0.957013 0.730898 0.830918 0.834977 0.923920 0.832824 0.984599 0.748591 0.929914 0.925350 0.802674
0.896099 0.950342 0.875962 0.923679 0.825446 0.977834 0.660274 0.810818 0.666080 0.689338 0.765113 0.839281 0.510075 0.732583 0.655885 0.659465 0.857959 0.881080 0.000000 0.635892 0.858220 0.822699 0.660494 0.722436 0.994279 0.845488 0.915819 0.905541 0.764631 0.700786 0.836265 0.832363 0.786349 0.616263 0.907176 0.803490 0.844988 0.963717 0.888777 0.879100 0.958064 0.891352 0.998194 0.968623 0.888513 0.956017 0.907046 0.995185 0.984540 0.888518 0.992873 0.878532 0.840360 0.940870 0.951886 0.972466 0.997343 0.942403 0.930879 0.946358 0.717070 0.860702 0.887290 0.909683 0.830307 0.999017 0.833134 0.861915 0.976313 0.875370 0.866824 0.990099 0.959465 0.982465 0.803340 0.992733 0.871673 0.877037 0.970950 0.979038 0.933478 0.924755 0.914573 0.998252 0.785447 0.923934 0.988882 0.717273 0.763524 0.877184 0.831783 0.846833 0.855110 0.878899 0.958211 0.930763 0.936994 0.936590 0.897780 0.801574 0.961729 0.763214 0.864361 0.939612 0.999656 0.861914 0.998789 0.852637 0.881138 0.855686 0.981209 0.873456 0.898779 0.974962 0.883270 0.907515
0.723646 0.834730 0.921403 0.950734 0.941645 0.930311 0.896809 0.859540 0.893030 0.923514 0.761090 0.718505 0.651375 0.708112 0.829863 0.738552 0.858204 0.870052 0.635892 0.000000 0.868391 0.937538 0.861438 0.796783 0.972999 0.938303 0.940832 0.909423 0.846730 0.755951 0.958331 0.825463 0.805048 0.754224 0.987099 0.898364 0.913332 0.778829 0.881720 0.960173 0.859574 0.831112 0.948520 0.808392 0.911084 0.851548 0.962057 0.960983 0.891110 0.810736 0.861660 0.840197 0.904612 0.944176 0.983274 0.731963 0.809795 0.949934 0.942134 0.920958 0.832650 0.838331 0.922251 0.907703 0.961964 0.979241 0.958811 0.873706 0.914507 0.930986 0.969038 0.958648 0.950996 0.964763 0.985103 0.995062 0.996715 0.942936 0.820752 0.963047 0.860232 0.855387 0.945094 0.862414 0.932283 0.980201 0.992997 0.782663 0.935731 0.797446 0.980844 0.972068 0.970384 0.944794 0.978600 0.866961 0.835764 0.949919 0.918917 0.913239 0.968712 0.865322 0.992334 0.889912 0.943944 0.804043 0.921910 0.958741 0.979707 0.954932 0.865496 0.991547 0.980287 0.923818 0.882567 0.919494
0.991058 0.992069 0.999930 0.945615 0.836644 0.884250 0.898916 0.898615 0.986796 0.853143 0.928977 0.798455 0.976379 0.922933 0.988463 0.993618 0.891304 0.853122 0.858220 0.868391 0.000000 0.896770 0.930779 0.991513 0.948682 0.876173 0.972220 0.868260 0.864982 0.812410 0.889786 0.925729 0.961994 0.952069 0.960905 0.965201 0.839717 0.809883 0.864447 0.849080 0.931075 0.930876 0.797146 0.911941 0.875300 0.893681 0.978559 0.939514 0.904657 0.981325 0.931213 0.971872 0.941685 0.966081 0.870951 0.949873 0.976396 0.983161 0.925811 0.896073 0.788125 0.810127 0.850617 0.847708 0.976578 0.912637 0.980534 0.950622 0.975952 0.874783 0.903270 0.966967 0.810427 0.975346 0.950419 0.887311 0.975295 0.983898 0.950187 0.930075 0.937192 0.865247 0.920819 0.950740 0.944771 0.981791 0.972206 0.879464 0.979846 0.972499 0.976172 0.959743 0.922130 0.984074 0.913072 0.899598 0.933406 0.984839 0.989267 0.970212 0.965513 0.893896 0.975619 0.784316 0.930009 0.836974 0.971522 0.936061 0.965336 0.862928 0.963217 0.970184 0.899881 0.926012 0.962763 0.824562
0.967998 0.974582 0.908177 0.982130 0.998721 0.897115 0.905959 0.965492 0.949919 0.921089 0.999956 0.979668 0.937236 0.787782 0.918708 0.945467 0.976415 0.998455 0.822699 0.937538 0.896770 0.000000 0.960660 0.908334 0.994324 0.943262 0.992323 0.901626 0.897128 0.932961 0.932346 0.952592 0.938529 0.992309 0.903731 0.942201 0.780565 0.989495 0.977818 0.915790 0.940304 0.934291 0.849938 0.860171 0.858325 0.901166 0.837843 0.939611 0.925587 0.968366 0.870145 0.933479 0.803313 0.910446 0.828735 0.871660 0.960272 0.987438 0.971214 0.988301 0.981702 0.926918 0.944907 0.965971 0.995802 0.948192 0.977317 0.856800 0.952360 0.928929 0.940037 0.941507 0.952162 0.960331 0.889242 0.893069 0.979462 0.953766 0.870489 0.931700 0.967056 0.890621 0.930444 0.994553 0.972787 0.931490 0.957529 0.999590 0.977993 0.983189 0.948825 0.983980 0.946466 0.981045 0.881427 0.907489 0.870279 0.914897 0.854363 0.918842 0.934876 0.892745 0.912082 0.906003 0.936351 0.774835 0.939533 0.961529 0.926126 0.928959 0.982013 0.933363 0.984835 0.999435 0.971701 0.897118
0.836621 0.859283 0.591952 0.679729 0.745551 0.873591 0.516842 0.877018 0.573390 0.958914 0.853132 0.929653 0.440905 0.560268 0.387575 0.370975 0.675155 0.787744 0.660494 0.861438 0.930779 0.960660 0.000000 0.339583 0.502881 0.762030 0.623580 0.900762 0.888603 0.835214 0.619325 0.734460 0.613478 0.900691 0.580196 0.692536 0.927754 0.824058 0.844152 0.988973 0.871165 0.858273 0.630813 0.734176 0.573768 0.809792 0.959942 0.882746 0.868331 0.782711 0.791404 0.616004 0.565068 0.560176 0.951558 0.783059 0.847734 0.732840 0.763135 0.666814 0.965713 0.966556 0.776668 0.785821 0.310917 0.698088 0.512057 0.983189 0.782453 0.848954 0.868159 0.966478 0.914329 0.860538 0.808937 0.878739 0.705075 0.617627 0.980745 0.904253 0.781144 0.885168 0.709789 0.992139 0.439060 0.466297 0.772648 0.736885 0.725969 0.692911 0.690955 0.677159 0.673363 0.671923 0.986465 0.764770 0.931539 0.869988 0.795214 0.543209 0.904143 0.612966 0.778498 0.804241 0.684464 0.834523 0.994956 0.917014 0.858631 0.918301 0.968408 0.901386 0.746726 0.948756 0.747748 0.831586
0.857545 0.847502 0.556421 0.610125 0.775133 0.904203 0.542274 0.801753 0.612474 0.960155 0.941123 0.994833 0.514948 0.527074 0.510533 0.410200 0.671091 0.789285 0.722436 0.796783 0.991513 0.908334 0.339583 0.000000 0.492141 0.737322 0.654650 0.953236 0.896872 0.860620 0.656231 0.719265 0.729178 0.889219 0.714407 0.754878 0.994666 0.739244 0.809842 0.987944 0.869990 0.912004 0.717544 0.796147 0.698390 0.908361 0.957611 0.896114 0.953673 0.844939 0.841507 0.710657 0.631634 0.630616 0.938987 0.782078 0.878508 0.747422 0.764343 0.707760 0.999065 0.996693 0.774895 0.789080 0.383634 0.681015 0.511911 0.965507 0.805154 0.875662 0.847871 0.986515 0.860056 0.846470 0.809758 0.928503 0.790043 0.677024 0.967107 0.911395 0.791096 0.942027 0.754133 0.971144 0.519066 0.468172 0.829357 0.714781 0.659078 0.656787 0.751126 0.757284 0.758110 0.717696 0.997838 0.746097 0.945015 0.945646 0.898701 0.638457 0.991233 0.697558 0.707099 0.781218 0.748073 0.773752 0.979010 0.964756 0.898016 0.981543 0.879283 0.979323 0.859900 0.936892 0.767079 0.822966
0.671141 0.755861 0.395359 0.433662 0.990366 0.762644 0.489396 0.613161 0.714356 0.981931 0.633184 0.763385 0.693120 0.779575 0.735134 0.568382 0.466086 0.556113 0.994279 0.972999 0.948682 0.994324 0.502881 0.492141 0.000000 0.446673 0.826343 0.864594 0.627973 0.522910 0.589689 0.722994 0.752934 0.953061 0.797755 0.854796 0.834807 0.833327 0.695543 0.755967 0.780124 0.844312 0.590295 0.778064 0.823636 0.995479 0.990647 0.994333 0.928463 0.991213 0.952319 0.835864 0.736142 0.739060 0.989509 0.865282 0.736933 0.561688 0.579498 0.543417 0.744027 0.889850 0.496288 0.525964 0.347144 0.551483 0.501897 0.860674 0.736076 0.750458 0.721243 0.793499 0.868776 0.878314 0.982135 0.957059 0.681951 0.592377 0.812325 0.904644 0.601904 0.688754 0.982868 0.868027 0.714924 0.576498 0.818368 0.994389 0.823438 0.814943 0.603725 0.571589 0.514372 0.526010 0.959215 0.730377 0.951025 0.938008 0.810335 0.630517 0.840731 0.702363 0.829437 0.660126 0.627242 0.906394 0.834090 0.917645 0.958519 0.971537 0.983696 0.932926 0.871550 0.990127 0.891561 0.802552
0.657982 0.705054 0.544249 0.510557 0.872483 0.774524 0.786932 0.716253 0.730944 0.985327 0.593380 0.671785 0.957361 0.991482 0.944076 0.771661 0.465751 0.492341 0.845488 0.938303 0.876173 0.943262 0.762030 0.737322 0.446673 0.000000 0.922545 0.835574 0.618935 0.503674 0.729597 0.777538 0.992460 0.819621 0.820225 0.965673 0.761984 0.923442 0.717087 0.693233 0.717502 0.848578 0.616099 0.808812 0.884618 0.997175 0.982135 0.910980 0.996941 0.984848 0.967198 0.887066 0.826111 0.703474 0.950814 0.890222 0.670968 0.571753 0.607060 0.579822 0.582103 0.824090 0.455380 0.474425 0.546858 0.657690 0.620446 0.886064 0.754789 0.749186 0.715374 0.796546 0.891006 0.913071 0.968158 0.990032 0.639207 0.646870 0.787185 0.791106 0.594888 0.611618 0.923627 0.785243 0.954800 0.769782 0.992809 0.853456 0.972287 0.859502 0.679888 0.601154 0.596870 0.550647 0.856486 0.755318 0.938254 0.783435 0.807352 0.725269 0.901116 0.802321 0.942495 0.846242 0.730326 0.946656 0.842762 0.879212 0.981125 0.957774 0.991579 0.982597 0.824490 0.885314 0.935156 0.768692
0.985558 0.920885 0.913599 0.878344 0.908646 0.857670 0.936472 0.899780 0.812371 0.952971 0.966639 0.860340 0.909994 0.868093 0.686152 0.824262 0.842335 0.944320 0.915819 0.940832 0.972220 0.992323 0.623580 0.654650 0.826343 0.922545 0.000000 0.974558 0.981582 0.962249 0.816178 0.925396 0.958526 0.981066 0.870991 0.710476 0.935554 0.812016 0.887468 0.910516 0.997110 0.861995 0.910163 0.913090 0.746631 0.841826 0.946048 0.900499 0.879321 0.847805 0.914256 0.812360 0.686071 0.714983 0.880488 0.929967 0.934663 0.902150 0.910245 0.869412 0.923212 0.856346 0.944651 0.914281 0.694968 0.987892 0.877700 0.837027 0.971571 0.972556 0.914356 0.784321 0.889603 0.734718 0.813862 0.930244 0.933514 0.858802 0.926672 0.923101 0.971589 0.994588 0.784369 0.917524 0.718711 0.719358 0.856517 0.861929 0.849174 0.784607 0.988663 0.961480 0.980975 0.986999 0.988899 0.819598 0.860294 0.942839 0.928039 0.850118 0.816901 0.872069 0.773344 0.910894 0.962385 0.863107 0.861277 0.931949 0.963715 0.949000 0.954516 0.970832 0.974444 0.974375 0.796865 0.869255
0.829455 0.746283 0.937146 0.999952 0.949732 0.899186 0.907847 0.892213 0.828309 0.671756 0.974028 0.943654 0.994826 0.981482 0.905069 0.985271 0.940769 0.874547 0.905541 0.909423 0.868260 0.901626 0.900762 0.953236 0.864594 0.835574 0.974558 0.000000 0.963820 0.925318 0.964234 0.929457 0.820915 0.991708 0.894042 0.881737 0.962880 0.987681 0.903381 0.792036 0.964317 0.832334 0.827543 0.814589 0.814203 0.848628 0.901826 0.815421 0.802391 0.837957 0.823754 0.738992 0.838954 0.997537 0.808391 0.916665 0.810809 0.772916 0.831009 0.932277 0.927248 0.821862 0.930520 0.864060 0.847230 0.995332 0.822388 0.825618 0.932375 0.908639 0.792924 0.791991 0.898076 0.900616 0.856748 0.836250 0.910199 0.930842 0.852267 0.922917 0.837133 0.861233 0.810573 0.776516 0.702587 0.707230 0.870520 0.869176 0.935406 0.812213 0.863516 0.881041 0.940383 0.976051 0.912493 0.966218 0.912203 0.960261 0.945388 0.980065 0.950891 0.998287 0.893634 0.973357 0.841928 0.941362 0.920208 0.962255 0.893135 0.951310 0.841004 0.945366 0.927283 0.975314 0.963752 0.973905
0.571940 0.602048 0.662370 0.542468 0.945092 0.851561 0.808104 0.676996 0.795454 0.892005 0.490263 0.529768 0.876327 0.841765 0.803688 0.954142 0.508065 0.476565 0.764631 0.846730 0.864982 0.897128 0.888603 0.896872 0.627973 0.618935 0.981582 0.963820 0.000000 0.436493 0.876826 0.919713 0.779381 0.633215 0.952434 0.985374 0.752722 0.921453 0.857715 0.818100 0.837191 0.726528 0.701240 0.886518 0.951966 0.861068 0.963161 0.917662 0.844101 0.876218 0.928889 0.981389 0.960575 0.798244 0.770012 0.997766 0.679520 0.611545 0.688232 0.669352 0.567360 0.854987 0.467428 0.472830 0.711500 0.696802 0.895248 0.960536 0.784954 0.842890 0.605751 0.728081 0.904943 0.974804 0.885025 0.921921 0.723548 0.819087 0.754611 0.833202 0.529558 0.587428 0.722918 0.620572 0.930657 0.948528 0.981557 0.774598 0.957020 0.864126 0.622568 0.545573 0.633252 0.624962 0.913477 0.737602 0.951743 0.683591 0.848756 0.770234 0.850304 0.791623 0.957463 0.846976 0.803643 0.950891 0.776622 0.977388 0.852913 0.953039 0.828899 0.993235 0.811462 0.980879 0.979574 0.727279
0.600768 0.647563 0.642245 0.625347 0.994947 0.800836 0.824504 0.764307 0.825005 0.998271 0.437612 0.631420 0.901749 0.921596 0.899986 0.913674 0.395635 0.402075 0.700786 0.755951 0.812410 0.932961 0.835214 0.860620 0.522910 0.503674 0.962249 0.925318 0.436493 0.000000 0.898444 0.999563 0.907077 0.664646 0.933466 0.970858 0.790779 0.935853 0.801718 0.784329 0.783608 0.748839 0.640340 0.928705 0.995290 0.886543 0.946511 0.973431 0.937876 0.911895 0.957444 0.972291 0.906613 0.776809 0.851465 0.981289 0.649130 0.576985 0.668313 0.634295 0.547161 0.900704 0.408634 0.443627 0.607094 0.644107 0.835549 0.937216 0.719506 0.755731 0.704481 0.738706 0.873762 0.968489 0.894290 0.951688 0.760292 0.835589 0.682996 0.758398 0.503078 0.533500 0.792595 0.651149 0.965728 0.880238 0.933650 0.715727 0.925515 0.968323 0.656768 0.553011 0.583477 0.560448 0.911628 0.843685 0.991197 0.830970 0.813150 0.767976 0.794098 0.882479 0.970911 0.775969 0.765607 0.970860 0.742262 0.936846 0.922708 0.892609 0.959930 0.976348 0.824808 0.938440 0.938723 0.785686
0.838939 0.801229 0.600000 0.658402 0.931534 0.967417 0.654946 0.834389 0.586828 0.900254 0.935464 0.851126 0.706306 0.832549 0.742406 0.608545 0.715393 0.799307 0.836265 0.958331 0.889786 0.932346 0.619325 0.656231 0.589689 0.729597 0.816178 0.964234 0.876826 0.898444 0.000000 0.685532 0.691457 0.812883 0.848379 0.727208 0.738527 0.715550 0.782349 0.803263 0.917888 0.932042 0.638021 0.705032 0.645744 0.766996 0.997611 0.914111 0.868805 0.797040 0.743785 0.740065 0.650032 0.646425 0.973603 0.832578 0.843877 0.693836 0.669804 0.665425 0.839729 0.894297 0.733380 0.731627 0.609498 0.935970 0.583815 0.959417 0.868324 0.914863 0.762022 0.950970 0.874546 0.894097 0.857797 0.897859 0.639134 0.762485 0.923800 0.977132 0.833575 0.845432 0.912186 0.911031 0.824568 0.772454 0.926338 0.979574 0.767027 0.779636 0.795946 0.740051 0.752610 0.656992 0.978099 0.792513 0.965874 0.926623 0.775567 0.720535 0.911699 0.658106 0.961221 0.898616 0.809667 0.912313 0.948000 0.938631 0.926942 0.913856 0.921643 0.890814 0.897350 0.945400 0.806735 0.791689
0.880170 0.883235 0.679656 0.663603 0.943254 0.966006 0.605237 0.671465 0.744479 0.857063 0.950604 0.896265 0.754367 0.839830 0.818585 0.680090 0.817502 0.821734 0.832363 0.825463 0.925729 0.952592 0.734460 0.719265 0.722994 0.777538 0.925396 0.929457 0.919713 0.999563 0.685532 0.000000 0.770210 0.899066 0.949113 0.880112 0.998492 0.912999 0.926058 0.924575 0.983436 0.992974 0.732270 0.729913 0.849387 0.874623 0.926512 0.941799 0.954464 0.801382 0.884304 0.833688 0.787252 0.814936 0.947193 0.894683 0.918103 0.754739 0.777604 0.824387 0.898505 0.900223 0.828209 0.784917 0.719054 0.921557 0.813482 0.936496 0.774608 0.949462 0.955099 0.900091 0.984089 0.940839 0.973679 0.862162 0.772762 0.796507 0.943783 0.941031 0.864790 0.854729 0.994865 0.873621 0.937215 0.848140 0.877106 0.910789 0.921453 0.934184 0.815589 0.782915 0.779827 0.784333 0.887829 0.959490 0.984603 0.943736 0.903219 0.736006 0.971770 0.811738 0.934953 0.937172 0.767670 0.795119 0.918944 0.966589 0.931084 0.957098 0.868118 0.901661 0.872151 0.980006 0.751788 0.940578
0.837709 0.816099 0.802730 0.997808 0.896082 0.883805 0.717093 0.976828 0.940584 0.917687 0.758661 0.709656 0.504264 0.589568 0.554757 0.608231 0.947901 0.849487 0.786349 0.805048 0.961994 0.938529 0.613478 0.729178 0.752934 0.992460 0.958526 0.820915 0.779381 0.907077 0.691457 0.770210 0.000000 0.694333 0.702640 0.831920 0.978304 0.738838 0.970371 0.816022 0.891033 0.909132 0.794301 0.777974 0.702298 0.788659 0.808450 0.853367 0.881994 0.839927 0.744756 0.711152 0.771850 0.925373 0.913359 0.778840 0.832308 0.925575 0.929764 0.986585 0.649738 0.715563 0.901704 0.846317 0.653944 0.785424 0.696786 0.805214 0.993272 0.963296 0.887758 0.901865 0.971564 0.982748 0.997034 0.846663 0.963260 0.848252 0.866466 0.898577 0.873569 0.842763 0.765793 0.761664 0.595504 0.699296 0.820951 0.796917 0.864006 0.714105 0.998613 0.945303 0.967129 0.961296 0.996516 0.945297 0.820370 0.906190 0.841942 0.730221 0.719179 0.884601 0.981875 0.894024 0.647447 0.765860 0.983058 0.878550 0.990787 0.955655 0.929494 0.968721 0.992148 0.975076 0.756996 0.956501
0.694796 0.777335 0.987866 0.877496 0.978417 0.968635 0.901632 0.987209 0.916569 0.951193 0.646407 0.713350 0.662700 0.745493 0.748904 0.836251 0.719555 0.701809 0.616263 0.754224 0.952069 0.992309 0.900691 0.889219 0.953061 0.819621 0.981066 0.991708 0.633215 0.664646 0.812883 0.899066 0.694333 0.000000 0.878408 0.873738 0.947321 0.870775 0.958432 0.944436 0.926989 0.804413 0.996990 0.913058 0.830698 0.838924 0.829462 0.888006 0.915942 0.926266 0.865342 0.884575 0.833145 0.951056 0.857871 0.994450 0.786544 0.846106 0.892881 0.850777 0.599157 0.719927 0.736712 0.724745 0.991763 0.991134 0.874918 0.878531 0.881870 0.996635 0.929058 0.948639 0.994511 0.999291 0.794538 0.977364 0.975599 0.949984 0.835519 0.709969 0.724279 0.733559 0.866940 0.826377 0.847288 0.918370 0.906728 0.838195 0.822247 0.887399 0.933965 0.867946 0.898787 0.840918 0.997614 0.947498 0.961860 0.843329 0.899967 0.996533 0.950185 0.880233 0.930417 0.965847 0.964511 0.850760 0.968907 0.972652 0.952850 0.967588 0.956495 0.918373 0.946527 0.832227 0.902504 0.876635
0.981984 0.965732 0.826449 0.989976 0.847937 0.855233 0.901246 0.849168 0.805275 0.917696 0.903371 0.895714 0.706039 0.636762 0.619585 0.705205 0.900289 0.930413 0.907176 0.987099 0.960905 0.903731 0.580196 0.714407 0.797755 0.820225 0.870991 0.894042 0.952434 0.933466 0.848379 0.949113 0.702640 0.878408 0.000000 0.790291 0.826336 0.904716 0.720726 0.930842 0.901645 0.911735 0.717243 0.796766 0.599837 0.727623 0.792154 0.851370 0.734424 0.729107 0.717477 0.627853 0.722407 0.679831 0.905126 0.798427 0.990490 0.983498 0.963499 0.963944 0.865149 0.907586 0.978438 0.987669 0.646548 0.798266 0.651027 0.818938 0.973984 0.977866 0.933278 0.913796 0.992225 0.940877 0.819496 0.767479 0.824664 0.647324 0.993955 0.914048 0.974939 0.928638 0.787197 0.982191 0.612686 0.673687 0.869411 0.883387 0.872257 0.765280 0.940670 0.988725 0.957796 0.977395 0.835324 0.878587 0.940561 0.998772 0.793173 0.685597 0.999936 0.882588 0.970136 0.988166 0.794853 0.929666 0.975480 0.999298 0.906754 0.899464 0.980851 0.827595 0.887141 0.975536 0.790634 0.892314
0.999463 0.983115 0.830590 0.864392 0.916634 0.977668 0.905869 0.987583 0.827321 0.955201 0.928713 0.987548 0.808006 0.736815 0.795553 0.797202 0.903384 0.952994 0.803490 0.898364 0.965201 0.942201 0.692536 0.754878 0.854796 0.965673 0.710476 0.881737 0.985374 0.970858 0.727208 0.880112 0.831920 0.873738 0.790291 0.000000 0.866086 0.978109 0.841903 0.951397 0.985035 0.903511 0.866725 0.905633 0.778496 0.907169 0.966474 0.899908 0.921112 0.875788 0.963772 0.819401 0.754402 0.861767 0.945739 0.998394 0.979184 0.937465 0.979337 0.909213 0.989049 0.992212 0.952304 0.938809 0.756579 0.904431 0.878302 0.861652 0.856449 0.926718 0.970099 0.787113 0.911747 0.990303 0.855252 0.886989 0.915307 0.976305 0.978549 0.999200 0.914980 0.957561 0.772188 0.947239 0.764675 0.774204 0.890701 0.917997 0.909227 0.841869 0.932854 0.894842 0.927223 0.878754 0.910977 0.763300 0.966450 0.995323 0.920307 0.868130 0.925142 0.714455 0.917239 0.892611 0.866359 0.816317 0.934151 0.954877 0.962642 0.992475 0.917423 0.916273 0.972926 0.940862 0.682295 0.952627
0.979399 0.998345 0.838164 0.814586 0.874451 0.933816 0.991742 0.995045 0.948952 0.860103 0.881972 0.927823 0.970799 0.916350 0.998774 0.998946 0.878254 0.944742 0.844988 0.913332 0.839717 0.780565 0.927754 0.994666 0.834807 0.761984 0.935554 0.962880 0.752722 0.790779 0.738527 0.998492 0.978304 0.947321 0.826336 0.866086 0.000000 0.873516 0.763659 0.719461 0.946408 0.936211 0.684290 0.676318 0.765411 0.756841 0.803663 0.799782 0.770131 0.823064 0.759435 0.810518 0.830271 0.840518 0.795503 0.810478 0.917328 0.979214 0.949655 0.917751 0.819882 0.892256 0.901549 0.910447 0.898185 0.992144 0.827352 0.825616 0.921031 0.867236 0.980654 0.942389 0.988653 0.988764 0.988783 0.922937 0.827186 0.897533 0.957762 0.834078 0.977873 0.960689 0.941567 0.978598 0.915205 0.887707 0.933218 0.957289 0.939902 0.817240 0.958513 0.990177 0.984781 0.970459 0.809883 0.900501 0.912689 0.875957 0.913517 0.926073 0.948435 0.986551 0.957076 0.989733 0.940162 0.996906 0.928831 0.955719 0.937819 0.958037 0.952677 0.941506 0.988225 0.961826 0.862629 0.828466
0.852238 0.967530 0.826140 0.908076 0.860203 0.902606 0.922983 0.997304 0.893806 0.987351 0.893994 0.963174 0.860452 0.817870 0.894442 0.827201 0.942602 0.974010 0.963717 0.778829 0.809883 0.989495 0.824058 0.739244 0.833327 0.923442 0.812016 0.987681 0.921453 0.935853 0.715550 0.912999 0.738838 0.870775 0.904716 0.978109 0.873516 0.000000 0.990796 0.714724 0.920652 0.909407 0.809648 0.756858 0.775023 0.754130 0.927107 0.875336 0.802427 0.822445 0.743910 0.761288 0.730232 0.792553 0.924606 0.791111 0.889846 0.964318 0.926677 0.957675 0.972139 0.981374 0.965599 0.960392 0.820508 0.981574 0.854542 0.982634 0.884571 0.771622 0.977584 0.998221 0.904903 0.983885 0.926728 0.803555 0.920199 0.865241 0.993111 0.920096 0.928684 0.910096 0.805449 0.816576 0.830189 0.799640 0.950520 0.869478 0.707603 0.705095 0.918147 0.973703 0.943440 0.988582 0.955270 0.862661 0.955591 0.840308 0.980212 0.972228 0.815055 0.918171 0.975913 0.927189 0.894147 0.898003 0.951356 0.998644 0.896446 0.890038 0.899854 0.954481 0.989549 0.927984 0.966081 0.901857
