0.000000 0.285137 0.669769 0.956439 0.779271 0.807133 0.772245 0.772129 0.783075 0.866993 0.446207 0.363030 0.799991 0.657773 0.849233 0.901471 0.378213 0.369500 0.441423 0.319914 0.832397 0.930551 0.591874 0.863148 0.836189 0.832715 0.939903 0.941030 0.452043 0.604377 0.811664 0.781507 0.839724 0.618341 0.805308 0.764424 0.803018 0.928165 0.993113 0.889082 0.839981 0.895253 0.926323 0.632344 0.889826 0.659330 0.681437 0.631258 0.288181 0.347259 0.359031 0.366761 0.516774 0.734887 0.593260 0.448304 0.347857 0.336885 0.267929 0.264174 0.798786 0.448745 0.549975 0.424505 0.741947 0.963130 0.762412 0.860844 0.427494 0.428686 0.940888 0.945380 0.565458 0.564471 0.903175 0.817408 0.614761 0.854889 0.860965 0.713393 0.404011 0.467805 0.838818 0.824394 0.900073 0.977399 0.682677 0.788867 0.992309 0.696085 0.715309 0.451501 0.597336 0.522848 0.978660 0.838189 0.820393 0.913336 0.888449 0.897116 0.719107 0.938948 0.688600 0.669593 0.896101 0.938211 0.889872 0.853256 0.944471 0.976673 0.920763 0.981129 0.701440 0.999118 0.947250 0.891649
0.285137 0.000000 0.598749 0.905427 0.739210 0.718969 0.694772 0.683189 0.694890 0.772936 0.551760 0.317248 0.847264 0.599048 0.907188 0.754399 0.380357 0.311252 0.418459 0.294178 0.737856 0.954615 0.671647 0.922712 0.810359 0.819337 0.945648 0.912600 0.455709 0.515422 0.919856 0.891752 0.770779 0.570414 0.800623 0.723918 0.859794 0.921116 0.997786 0.920889 0.909090 0.992414 0.889168 0.580996 0.907291 0.608582 0.635880 0.545968 0.318184 0.304212 0.349307 0.338059 0.529380 0.700791 0.547731 0.490734 0.264463 0.246114 0.353797 0.287227 0.856053 0.416430 0.485406 0.312611 0.702613 0.964214 0.701221 0.873362 0.485081 0.368306 0.859931 0.733726 0.597904 0.611112 0.793749 0.821796 0.521769 0.727254 0.761683 0.585347 0.296440 0.392897 0.823545 0.737257 0.961700 0.966737 0.680290 0.839618 0.877907 0.770137 0.715097 0.449501 0.551908 0.506108 0.894550 0.815204 0.776229 0.959498 0.856102 0.912568 0.672162 0.945372 0.643999 0.718981 0.861654 0.842449 0.884115 0.941820 0.958983 0.908266 0.857016 0.934445 0.709152 0.901422 0.992280 0.870191
0.669769 0.598749 0.000000 0.653930 0.653250 0.847308 0.464616 0.891465 0.667615 0.830494 0.771318 0.616402 0.805142 0.863971 0.640229 0.889420 0.791464 0.804478 0.864704 0.614994 0.766567 0.967562 0.549240 0.782905 0.582597 0.406202 0.887843 0.935657 0.680601 0.728216 0.592554 0.610470 0.724807 0.976027 0.636259 0.682365 0.826060 0.921908 0.950408 0.860671 0.998690 0.951239 0.694228 0.987181 0.722760 0.997852 0.989586 0.955459 0.608459 0.555252 0.690098 0.678471 0.765138 0.945720 0.759364 0.721621 0.597475 0.585085 0.668243 0.589867 0.776291 0.694541 0.848129 0.654155 0.361384 0.566979 0.509578 0.532527 0.723433 0.536492 0.995476 0.904335 0.888228 0.911259 0.984126 0.969255 0.724062 0.923737 0.910446 0.980793 0.824896 0.901919 0.886073 0.913657 0.595104 0.607926 0.815807 0.792222 0.740195 0.898824 0.597837 0.652671 0.583834 0.670646 0.906980 0.959679 0.911175 0.717117 0.986357 0.811570 0.982434 0.655027 0.871067 0.993361 0.870683 0.847485 0.878949 0.944423 0.999866 0.787542 0.849493 0.971725 0.914596 0.938266 0.728847 0.904464
0.956439 0.905427 0.653930 0.000000 0.807083 0.904756 0.665188 0.714276 0.939033 0.948058 0.964068 0.839868 0.626544 0.642712 0.606110 0.729775 0.889842 0.863924 0.879692 0.901336 0.968908 0.909913 0.623411 0.622923 0.924867 0.759867 0.875245 0.974819 0.950933 0.968226 0.868703 0.817220 0.670242 0.759695 0.891886 0.954262 0.901659 0.888546 0.930840 0.988654 0.842338 0.874992 0.901142 0.836093 0.784587 0.788336 0.926400 0.651319 0.984525 0.986639 0.842242 0.864895 0.807619 0.836647 0.932426 0.978304 0.938813 0.913090 0.923903 0.972173 0.584825 0.775829 0.882250 0.800131 0.541799 0.451164 0.821559 0.669338 0.999260 0.978417 0.935106 0.850472 0.855134 0.778008 0.847165 0.891000 0.879031 0.958823 0.715230 0.826627 0.813342 0.779081 0.638934 0.709105 0.529190 0.492760 0.776173 0.736252 0.692163 0.749211 0.778456 0.973356 0.934527 0.974443 0.943659 0.971758 0.853913 0.830658 0.844711 0.726931 0.953383 0.669930 0.946750 0.993191 0.799529 0.864749 0.851644 0.916590 0.964516 0.953222 0.765155 0.977976 0.936760 0.932746 0.850636 0.860157
0.779271 0.739210 0.653250 0.807083 0.000000 0.997912 0.586092 0.929448 0.686557 0.907377 0.914288 0.831569 0.812023 0.968559 0.751934 0.957818 0.753058 0.869197 0.876820 0.797474 0.808095 0.906496 0.673220 0.872900 0.971622 0.882188 0.977884 0.914851 0.904100 0.919893 0.981062 0.873392 0.858575 0.847821 0.815233 0.789780 0.911914 0.987841 0.927138 0.981671 0.940541 0.935357 0.894509 0.989313 0.790113 0.985490 0.990713 0.937977 0.728660 0.693613 0.748993 0.735109 0.744226 0.841341 0.656423 0.726729 0.793036 0.742242 0.802642 0.825978 0.751241 0.948390 0.973511 0.837821 0.648862 0.621040 0.680687 0.676643 0.825184 0.711387 0.859514 0.817455 0.979476 0.906247 0.991446 0.948676 0.821143 0.984302 0.900267 0.978222 0.861420 0.827815 0.902391 0.926657 0.684317 0.652222 0.727756 0.752070 0.797629 0.968989 0.668260 0.672280 0.755721 0.680426 0.910701 0.956584 0.932480 0.820370 0.947809 0.860205 0.964525 0.761527 0.836725 0.955364 0.768993 0.869275 0.966083 0.945383 0.877974 0.870950 0.877214 0.976374 0.912987 0.926272 0.989380 0.874216
0.807133 0.718969 0.847308 0.904756 0.997912 0.000000 0.950858 0.538639 0.942448 0.644943 0.844355 0.665333 0.775517 0.617639 0.802269 0.596953 0.878386 0.751346 0.782867 0.763266 0.777183 0.981972 0.938023 0.962117 0.706974 0.900950 0.928410 0.937098 0.634431 0.673493 0.882265 0.880877 0.761163 0.690149 0.946710 0.967429 0.892978 0.935527 0.946614 0.904646 0.876074 0.755971 0.853550 0.683113 0.894024 0.724193 0.876618 0.760639 0.722960 0.756252 0.751477 0.690080 0.919803 0.716404 0.941805 0.937840 0.829097 0.815396 0.881549 0.733629 0.794768 0.619558 0.715378 0.651169 0.956730 0.813766 0.984667 0.872513 0.900608 0.917899 0.886893 0.815550 0.917891 0.965937 0.777604 0.822932 0.757577 0.722793 0.948351 0.949279 0.816052 0.854108 0.872364 0.899107 0.951786 0.920844 0.969362 0.905057 0.844968 0.911720 0.855003 0.937315 0.977327 0.943961 0.801349 0.901381 0.797846 0.949613 0.772400 0.789380 0.655380 0.906451 0.857231 0.905670 0.861453 0.906746 0.959980 0.830798 0.864079 0.835323 0.842860 0.898033 0.996565 0.949926 0.978436 0.924970
0.772245 0.694772 0.464616 0.665188 0.586092 0.950858 0.000000 0.588631 0.379444 0.750481 0.879806 0.944564 0.571812 0.952120 0.591385 0.960014 0.976270 0.971503 0.922220 0.768883 0.932438 0.845500 0.674953 0.992804 0.913040 0.780674 0.877058 0.848817 0.996432 0.957481 0.754271 0.683258 0.663909 0.732201 0.737411 0.760088 0.928158 0.875992 0.899819 0.938944 0.725011 0.873025 0.597347 0.737156 0.410683 0.705344 0.985184 0.876495 0.767423 0.637475 0.799183 0.764618 0.782584 0.985686 0.583575 0.721085 0.713558 0.624295 0.806797 0.730978 0.431512 0.897238 0.801861 0.962606 0.528385 0.404449 0.400710 0.373073 0.606737 0.501009 0.897346 0.923365 0.880403 0.856033 0.903732 0.969203 0.911633 0.940198 0.872984 0.875563 0.905529 0.882650 0.890643 0.971888 0.653221 0.713383 0.748854 0.864866 0.832691 0.908947 0.383771 0.506170 0.506357 0.502212 0.982757 0.971593 0.990827 0.735973 0.652475 0.523907 0.771269 0.502193 0.955030 0.894203 0.784061 0.860755 0.854805 0.750108 0.877684 0.836572 0.723025 0.704589 0.828409 0.949572 0.721638 0.969869
0.772129 0.683189 0.891465 0.714276 0.929448 0.538639 0.588631 0.000000 0.681968 0.390230 0.566296 0.469603 0.535264 0.559477 0.736411 0.631515 0.619540 0.563814 0.762943 0.685772 0.592099 0.865702 0.987963 0.841236 0.475134 0.756514 0.797999 0.844742 0.497709 0.426691 0.905403 0.868706 0.633121 0.477262 0.962575 0.882718 0.760020 0.900164 0.845850 0.825498 0.710226 0.761339 0.690191 0.521151 0.533993 0.412859 0.842454 0.601102 0.681615 0.767502 0.665472 0.655626 0.808074 0.668886 0.959235 0.919946 0.747185 0.787750 0.765931 0.717106 0.417941 0.354134 0.384161 0.410345 0.985859 0.604621 0.833753 0.629758 0.828939 0.993639 0.996414 0.801073 0.988947 0.973726 0.736940 0.863313 0.674127 0.814720 0.763536 0.941763 0.649343 0.814338 0.878928 0.970507 0.895450 0.944989 0.954587 0.913399 0.912598 0.899633 0.633671 0.927951 0.877945 0.899396 0.815896 0.826174 0.768883 0.867595 0.461410 0.532400 0.488781 0.649384 0.726048 0.776924 0.740120 0.796974 0.965159 0.712963 0.895271 0.981962 0.611983 0.619873 0.606549 0.986856 0.800496 0.788593
0.783075 0.694890 0.667615 0.939033 0.686557 0.942448 0.379444 0.681968 0.000000 0.790824 0.892469 0.903620 0.715813 0.954672 0.684928 0.987028 0.953369 0.918057 0.911284 0.779734 0.972188 0.878238 0.800974 0.840858 0.850841 0.876752 0.888499 0.805413 0.990862 0.975895 0.751223 0.747845 0.811250 0.858644 0.808331 0.918002 0.990927 0.906070 0.823689 0.939451 0.725726 0.826793 0.719931 0.828829 0.554517 0.792214 0.895062 0.988760 0.769276 0.701610 0.835648 0.823822 0.822913 0.978839 0.552846 0.826017 0.785406 0.680852 0.788042 0.804832 0.622533 0.957360 0.879989 0.914566 0.689424 0.599639 0.539027 0.522593 0.694842 0.559988 0.942192 0.901524 0.832205 0.859925 0.969573 0.958652 0.966944 0.966785 0.967331 0.722496 0.840687 0.817515 0.962662 0.847875 0.806517 0.846915 0.775428 0.928109 0.951053 0.927255 0.543890 0.530440 0.625187 0.536959 0.961681 0.926738 0.958892 0.937253 0.742837 0.650726 0.787167 0.750422 0.817630 0.889767 0.770959 0.788086 0.874941 0.847407 0.954057 0.798361 0.890811 0.788769 0.914898 0.886683 0.777135 0.999459
0.866993 0.772936 0.830494 0.948058 0.907377 0.644943 0.750481 0.390230 0.790824 0.000000 0.577053 0.623558 0.853034 0.878613 0.989709 0.931604 0.649444 0.640469 0.986552 0.784444 0.559776 0.989472 0.727617 0.614030 0.566312 0.739155 0.655645 0.921837 0.509379 0.478432 0.905142 0.886432 0.738317 0.651150 0.952002 0.847637 0.889117 0.993847 0.899964 0.925658 0.844834 0.972522 0.720040 0.558907 0.577373 0.457522 0.907580 0.737880 0.692592 0.798385 0.706562 0.731337 0.833315 0.688263 0.962484 0.810715 0.789157 0.837375 0.799077 0.785525 0.668367 0.544042 0.527717 0.533025 0.817082 0.899742 0.866345 0.775350 0.859840 0.972241 0.922613 0.646408 0.936710 0.970670 0.795552 0.919656 0.713284 0.833687 0.890795 0.996808 0.789756 0.978092 0.968784 0.927673 0.750445 0.724821 0.910178 0.791098 0.784040 0.869531 0.750249 0.887554 0.883202 0.829626 0.808265 0.863367 0.770872 0.799469 0.471695 0.538680 0.573282 0.696927 0.738693 0.719338 0.884649 0.935506 0.960661 0.650093 0.818921 0.974095 0.767929 0.605838 0.693027 0.983370 0.931776 0.765770
0.446207 0.551760 0.771318 0.964068 0.914288 0.844355 0.879806 0.566296 0.892469 0.577053 0.000000 0.448878 0.714358 0.768505 0.893747 0.982566 0.345328 0.451207 0.611069 0.475709 0.701963 0.989699 0.492330 0.593224 0.585801 0.724415 0.761929 0.848499 0.333946 0.433449 0.874144 0.939613 0.779052 0.603832 0.802924 0.699493 0.717197 0.928801 0.892026 0.989051 0.974860 0.917600 0.823019 0.596815 0.860430 0.534493 0.770487 0.748949 0.451765 0.528750 0.514016 0.553380 0.674958 0.687174 0.829270 0.671902 0.525710 0.598051 0.438296 0.479930 0.659192 0.497017 0.408626 0.483903 0.644980 0.957596 0.881326 0.983038 0.761703 0.746498 0.760092 0.994972 0.652589 0.625787 0.795840 0.945860 0.735496 0.919919 0.852753 0.788944 0.568451 0.716323 0.897516 0.986027 0.908686 0.815056 0.696087 0.708024 0.940702 0.985048 0.916649 0.766066 0.826375 0.830202 0.981618 0.827521 0.874684 0.943661 0.712049 0.749502 0.622452 0.795375 0.765534 0.591114 0.996639 0.966915 0.848002 0.821981 0.873736 0.977414 0.877179 0.841229 0.687817 0.963996 0.943772 0.860447
0.363030 0.317248 0.616402 0.839868 0.831569 0.665333 0.944564 0.469603 0.903620 0.623558 0.448878 0.000000 0.563017 0.407956 0.935306 0.618532 0.367352 0.368109 0.462165 0.320782 0.717580 0.986576 0.739702 0.917120 0.577892 0.657148 0.865395 0.881166 0.374933 0.414403 0.789502 0.852828 0.791869 0.516284 0.771844 0.717618 0.741481 0.953489 0.876083 0.912499 0.950814 0.835283 0.935461 0.592137 0.978357 0.548385 0.738582 0.632896 0.408250 0.402267 0.356721 0.398046 0.559175 0.676547 0.726491 0.611534 0.397729 0.412582 0.400617 0.354534 0.599446 0.279852 0.369476 0.263118 0.726111 0.873842 0.782559 0.972859 0.656802 0.551381 0.960348 0.810622 0.723452 0.775584 0.771948 0.774308 0.550979 0.776444 0.819767 0.699482 0.392229 0.462513 0.786699 0.874351 0.916546 0.964325 0.845421 0.913778 0.883896 0.914316 0.872893 0.533956 0.612960 0.622528 0.994684 0.760203 0.857295 0.960794 0.732204 0.821195 0.639982 0.940189 0.681429 0.799920 0.906661 0.932758 0.907377 0.867892 0.872174 0.926717 0.817251 0.837517 0.632846 0.951233 0.927981 0.797898
0.799991 0.847264 0.805142 0.626544 0.812023 0.775517 0.571812 0.535264 0.715813 0.853034 0.714358 0.563017 0.000000 0.382130 0.502076 0.575031 0.716338 0.790919 0.642555 0.757740 0.897239 0.932250 0.737268 0.799855 0.768443 0.960601 0.907114 0.958509 0.720367 0.709519 0.987910 0.949460 0.728699 0.662029 0.934202 0.963178 0.741026 0.720370 0.805838 0.906644 0.757307 0.643786 0.945674 0.824745 0.863898 0.777441 0.942173 0.845093 0.918428 0.860286 0.699726 0.749527 0.768012 0.685499 0.847019 0.953291 0.936526 0.961469 0.857552 0.799819 0.402237 0.591484 0.581901 0.681010 0.753196 0.506057 0.901063 0.731818 0.883490 0.939552 0.790502 0.954603 0.946917 0.951930 0.824262 0.821307 0.861929 0.932791 0.916613 0.942167 0.771677 0.752465 0.734605 0.975404 0.580998 0.677768 0.836700 0.913447 0.835661 0.995211 0.726034 0.853167 0.982324 0.897217 0.845948 0.983630 0.942658 0.975827 0.806710 0.809745 0.732025 0.776456 0.888289 0.912678 0.874997 0.911860 0.969178 0.918314 0.924237 0.782283 0.815713 0.840483 0.797422 0.934119 0.845476 0.803543
0.657773 0.599048 0.863971 0.642712 0.968559 0.617639 0.952120 0.559477 0.954672 0.878613 0.768505 0.407956 0.382130 0.000000 0.596533 0.394604 0.644874 0.643995 0.527925 0.548718 0.826827 0.993373 0.835446 0.742599 0.718322 0.800228 0.868798 0.943932 0.648502 0.629022 0.886864 0.959100 0.781786 0.668444 0.838920 0.848242 0.664940 0.831357 0.782100 0.939027 0.818483 0.632662 0.887324 0.865748 0.893759 0.817494 0.911613 0.763955 0.743284 0.618385 0.513110 0.549815 0.635302 0.615133 0.894380 0.944252 0.728549 0.698796 0.725142 0.611289 0.597954 0.515783 0.575823 0.506052 0.980650 0.693232 0.790529 0.979793 0.956833 0.785682 0.837741 0.939657 0.970590 0.969731 0.789869 0.747055 0.778225 0.814005 0.821203 0.749324 0.600565 0.599689 0.704385 0.958047 0.687010 0.710115 0.934374 0.941097 0.953506 0.999309 0.989686 0.599347 0.660803 0.633173 0.913914 0.943109 0.987068 0.837124 0.903064 0.904415 0.829216 0.947477 0.844706 0.909770 0.883014 0.933960 0.960235 0.975304 0.973992 0.937985 0.859828 0.936498 0.873117 0.963595 0.913359 0.838773
0.849233 0.907188 0.640229 0.606110 0.751934 0.802269 0.591385 0.736411 0.684928 0.989709 0.893747 0.935306 0.502076 0.596533 0.000000 0.541794 0.951254 0.966133 0.918556 0.947345 0.988029 0.845200 0.441486 0.656062 0.964569 0.780635 0.768580 0.979472 0.940448 0.974016 0.741905 0.656643 0.658635 0.859593 0.784595 0.913222 0.973620 0.791261 0.848486 0.863814 0.749516 0.547929 0.884379 0.927790 0.840548 0.922325 0.976245 0.855830 0.804515 0.879669 0.987114 0.986187 0.969528 0.835469 0.760263 0.769997 0.843486 0.878658 0.795398 0.912775 0.638296 0.877880 0.905854 0.976099 0.517666 0.442795 0.718808 0.615306 0.712445 0.725852 0.918756 0.962178 0.801848 0.713119 0.863778 0.898980 0.976836 0.972564 0.814925 0.993803 0.981703 0.939434 0.727255 0.836877 0.534113 0.521262 0.787758 0.810078 0.796831 0.988442 0.603536 0.858894 0.844148 0.872585 0.981187 0.940421 0.937631 0.954282 0.889981 0.722712 0.918664 0.831128 0.823110 0.818841 0.811509 0.868310 0.970888 0.989167 0.947974 0.791432 0.923143 0.849188 0.918698 0.952253 0.734313 0.934588
0.901471 0.754399 0.889420 0.729775 0.957818 0.596953 0.960014 0.631515 0.987028 0.931604 0.982566 0.618532 0.575031 0.394604 0.541794 0.000000 0.910568 0.803077 0.712069 0.727266 0.946637 0.921719 0.673142 0.702759 0.868584 0.963206 0.889852 0.980923 0.852850 0.811274 0.953271 0.934354 0.807903 0.809223 0.987042 0.923215 0.942783 0.892851 0.908558 0.977721 0.815173 0.587158 0.947936 0.888895 0.950182 0.901563 0.993912 0.807009 0.944999 0.823403 0.781516 0.756211 0.892338 0.837709 0.943178 0.873484 0.807076 0.861970 0.978651 0.841630 0.773672 0.644630 0.755241 0.645594 0.871745 0.653612 0.937838 0.910409 0.959525 0.856993 0.921753 0.870798 0.906819 0.848907 0.865942 0.742202 0.807897 0.735726 0.792996 0.815950 0.719912 0.679160 0.693164 0.998107 0.670012 0.625397 0.890437 0.826632 0.983641 0.947419 0.921872 0.842312 0.839336 0.833122 0.947258 0.916024 0.981343 0.899003 0.934963 0.924797 0.822340 0.960217 0.937085 0.872401 0.870672 0.836685 0.890211 0.961569 0.992817 0.946117 0.870857 0.994596 0.902411 0.937934 0.839157 0.874260
0.378213 0.380357 0.791464 0.889842 0.753058 0.878386 0.976270 0.619540 0.953369 0.649444 0.345328 0.367352 0.716338 0.644874 0.951254 0.910568 0.000000 0.317058 0.467729 0.353467 0.691021 0.962483 0.606116 0.731351 0.744413 0.853772 0.828562 0.969552 0.384561 0.438198 0.930361 0.975884 0.687533 0.548529 0.826743 0.740843 0.838414 0.996073 0.939806 0.973846 0.982147 0.932385 0.818683 0.565049 0.949848 0.537837 0.630853 0.613236 0.383642 0.403621 0.370464 0.413857 0.550698 0.610389 0.676945 0.543634 0.407271 0.420129 0.361728 0.416162 0.697480 0.471366 0.371247 0.367730 0.750193 0.970359 0.831544 0.993890 0.627343 0.552379 0.957117 0.875116 0.616253 0.612288 0.714035 0.866788 0.671208 0.863545 0.789826 0.655605 0.364013 0.453464 0.872756 0.797694 0.945709 0.957334 0.681211 0.807263 0.876782 0.776181 0.823063 0.583858 0.652973 0.624925 0.938228 0.813736 0.912803 0.979944 0.696797 0.791014 0.632754 0.843730 0.642936 0.650636 0.902751 0.889390 0.988631 0.881722 0.905494 0.914519 0.835816 0.820207 0.681186 0.976401 0.901520 0.768835
0.369500 0.311252 0.804478 0.863924 0.869197 0.751346 0.971503 0.563814 0.918057 0.640469 0.451207 0.368109 0.790919 0.643995 0.966133 0.803077 0.317058 0.000000 0.445781 0.352005 0.677980 0.915176 0.725191 0.820761 0.768790 0.898766 0.804289 0.808107 0.385734 0.442066 0.966136 0.920343 0.597317 0.471465 0.920682 0.803362 0.931979 0.877339 0.966768 0.992888 0.922628 0.918183 0.688067 0.479573 0.828222 0.441070 0.585094 0.440781 0.360357 0.435656 0.426128 0.431596 0.624758 0.703475 0.637332 0.541885 0.353802 0.363594 0.386620 0.398845 0.685865 0.416652 0.375213 0.303428 0.830383 0.907705 0.910507 0.885036 0.625081 0.536362 0.904431 0.776923 0.546963 0.573839 0.739435 0.764398 0.607133 0.721884 0.645769 0.557822 0.270567 0.424225 0.774008 0.733072 0.887175 0.947022 0.724335 0.874882 0.863483 0.767799 0.886331 0.614796 0.702723 0.638207 0.942197 0.725609 0.797422 0.874604 0.662068 0.724920 0.604911 0.793428 0.620625 0.555102 0.772275 0.758589 0.868188 0.897741 0.923384 0.908392 0.687389 0.832696 0.622195 0.912673 0.811385 0.869816
0.441423 0.418459 0.864704 0.879692 0.876820 0.782867 0.922220 0.762943 0.911284 0.986552 0.611069 0.462165 0.642555 0.527925 0.918556 0.712069 0.467729 0.445781 0.000000 0.421957 0.934430 0.967539 0.909385 0.901937 0.889956 0.966870 0.969146 0.898741 0.551283 0.600165 0.997043 0.988647 0.710870 0.634885 0.820864 0.836040 0.752685 0.920711 0.833210 0.842586 0.993165 0.941434 0.931148 0.719240 0.889322 0.800103 0.673411 0.677870 0.559879 0.455202 0.494466 0.461858 0.643566 0.663674 0.726522 0.776753 0.509333 0.517991 0.537279 0.474497 0.806641 0.615218 0.550802 0.542268 0.883127 0.908619 0.744655 0.903656 0.625198 0.604300 0.973352 0.974184 0.674556 0.637237 0.832034 0.828323 0.703616 0.878176 0.831663 0.554404 0.450884 0.480142 0.776305 0.794585 0.778445 0.807534 0.771520 0.976231 0.969536 0.900305 0.829240 0.529523 0.610782 0.565559 0.849494 0.851788 0.957096 0.803219 0.954664 0.995876 0.744008 0.962066 0.737706 0.852118 0.881147 0.858726 0.912838 0.934666 0.883653 0.844398 0.902639 0.913607 0.846681 0.933685 0.999889 0.906138
0.319914 0.294178 0.614994 0.901336 0.797474 0.763266 0.768883 0.685772 0.779734 0.784444 0.475709 0.320782 0.757740 0.548718 0.947345 0.727266 0.353467 0.352005 0.421957 0.000000 0.774308 0.950752 0.706800 0.922342 0.769315 0.733592 0.920776 0.891449 0.448081 0.529771 0.800433 0.912919 0.825217 0.639669 0.824305 0.649911 0.800404 0.999305 0.937180 0.968640 0.978599 0.953037 0.994387 0.696263 0.823891 0.711033 0.752401 0.652472 0.350509 0.331608 0.369109 0.376494 0.555553 0.669821 0.649979 0.555781 0.351989 0.337018 0.397476 0.329646 0.848074 0.476272 0.528092 0.406950 0.678654 0.957849 0.651508 0.845867 0.531413 0.402548 0.973359 0.860965 0.623974 0.672233 0.808191 0.816208 0.589844 0.754814 0.831163 0.622751 0.394916 0.460003 0.847096 0.847572 0.943333 0.967166 0.636725 0.858358 0.885971 0.852543 0.690982 0.478669 0.533814 0.514588 0.970804 0.837508 0.924562 0.846996 0.879924 0.961776 0.702956 0.958325 0.666024 0.797044 0.862870 0.979599 0.881895 0.963215 0.960546 0.958108 0.860474 0.977752 0.763812 0.946110 0.912755 0.787009
0.832397 0.737856 0.766567 0.968908 0.808095 0.777183 0.932438 0.592099 0.972188 0.559776 0.701963 0.717580 0.897239 0.826827 0.988029 0.946637 0.691021 0.677980 0.934430 0.774308 0.000000 0.921613 0.853344 0.728827 0.732355 0.820372 0.930250 0.897135 0.697614 0.671758 0.943981 0.934645 0.760314 0.719850 0.908313 0.918596 0.799966 0.914058 0.844040 0.930781 0.791990 0.888233 0.822228 0.735216 0.749054 0.617308 0.932304 0.717413 0.727884 0.742776 0.737092 0.722453 0.737035 0.715761 0.956235 0.933980 0.757917 0.748645 0.746192 0.765627 0.803124 0.649205 0.644614 0.601053 0.846641 0.983895 0.967359 0.852282 0.879446 0.853499 0.896117 0.730603 0.991662 0.897715 0.803389 0.922773 0.789269 0.897920 0.846080 0.988367 0.791206 0.973632 0.957886 0.977181 0.858616 0.807497 0.849539 0.684907 0.792107 0.968792 0.814160 0.966123 0.986919 0.912436 0.764442 0.916915 0.765686 0.966281 0.588013 0.763882 0.791643 0.835690 0.747215 0.878190 0.862798 0.983817 0.996395 0.852180 0.939592 0.828552 0.763072 0.630751 0.806611 0.923617 0.914582 0.892853
0.930551 0.954615 0.967562 0.909913 0.906496 0.981972 0.845500 0.865702 0.878238 0.989472 0.989699 0.986576 0.932250 0.993373 0.845200 0.921719 0.962483 0.915176 0.967539 0.950752 0.921613 0.000000 0.835987 0.982787 0.904107 0.918444 0.923624 0.965315 0.954364 0.980651 0.984590 0.942652 0.908346 0.914900 0.903208 0.968722 0.941477 0.722817 0.997085 0.718566 0.822793 0.947022 0.956826 0.928569 0.829574 0.936318 0.992806 0.897944 0.969045 0.922190 0.917274 0.956731 0.945685 0.964390 0.904225 0.934256 0.978822 0.931648 0.980530 0.941656 0.819676 0.870815 0.969105 0.985038 0.857339 0.753119 0.853003 0.838204 0.957369 0.977796 0.978734 0.993796 0.940946 0.871013 0.981743 0.890776 0.997649 0.931950 0.890947 0.880101 0.970339 0.901861 0.999240 0.937680 0.884888 0.846825 0.803006 0.956182 0.981538 0.998330 0.872619 0.859840 0.919264 0.935371 0.968291 0.915805 0.927389 0.989031 0.974592 0.889664 0.977083 0.864522 0.980326 0.935365 0.836436 0.854935 0.983977 0.965090 0.969038 0.889184 0.932294 0.866792 0.989000 0.988943 0.983221 0.962003
0.591874 0.671647 0.549240 0.623411 0.673220 0.938023 0.674953 0.987963 0.800974 0.727617 0.492330 0.739702 0.737268 0.835446 0.441486 0.673142 0.606116 0.725191 0.909385 0.706800 0.853344 0.835987 0.000000 0.422588 0.730687 0.643483 0.732099 0.949288 0.565340 0.635800 0.770663 0.751546 0.837913 0.908097 0.731258 0.642757 0.887521 0.901603 0.889663 0.944662 0.771916 0.667822 0.986500 0.818622 0.901766 0.801384 0.864817 0.984885 0.544066 0.603710 0.684157 0.729701 0.793835 0.928329 0.699830 0.645096 0.606819 0.643031 0.558000 0.632096 0.852286 0.816964 0.723081 0.712791 0.361283 0.478645 0.676851 0.648998 0.662743 0.666358 0.934513 0.970047 0.745153 0.669393 0.932549 0.947999 0.753005 0.964534 0.976442 0.936557 0.794462 0.901316 0.690535 0.963626 0.480198 0.462910 0.628232 0.585709 0.814571 0.942825 0.636692 0.762934 0.737646 0.837404 0.940395 0.886370 0.909028 0.944484 0.930793 0.931174 0.931090 0.877845 0.853736 0.629215 0.818605 0.893707 0.879774 0.831703 0.918782 0.912638 0.860098 0.989425 0.816269 0.980227 0.821867 0.961685
0.863148 0.922712 0.782905 0.622923 0.872900 0.962117 0.992804 0.841236 0.840858 0.614030 0.593224 0.917120 0.799855 0.742599 0.656062 0.702759 0.731351 0.820761 0.901937 0.922342 0.728827 0.982787 0.422588 0.000000 0.699857 0.802883 0.707924 0.901055 0.641461 0.639686 0.994013 0.941555 0.959902 0.833089 0.911398 0.798732 0.963046 0.996500 0.891734 0.919531 0.929318 0.762578 0.779231 0.733073 0.778449 0.666578 0.955472 0.990542 0.718132 0.820850 0.878405 0.894846 0.997943 0.909104 0.992226 0.855616 0.838720 0.874540 0.819839 0.844756 0.986455 0.875315 0.709214 0.816825 0.593108 0.687933 0.990286 0.996703 0.986080 0.941715 0.962447 0.996923 0.834394 0.820246 0.958253 0.937042 0.801011 0.931501 0.987793 0.883157 0.954884 0.875396 0.684993 0.870625 0.547172 0.475708 0.735662 0.553893 0.744990 0.895996 0.995924 0.886563 0.926918 0.886092 0.862025 0.989638 0.975685 0.996189 0.693441 0.913183 0.785474 0.953421 0.987753 0.675975 0.960646 0.958366 0.951466 0.719763 0.890207 0.941672 0.956677 0.788475 0.859771 0.943420 0.992918 0.923264
0.836189 0.810359 0.582597 0.924867 0.971622 0.706974 0.913040 0.475134 0.850841 0.566312 0.585801 0.577892 0.768443 0.718322 0.964569 0.868584 0.744413 0.768790 0.889956 0.769315 0.732355 0.904107 0.730687 0.699857 0.000000 0.433738 0.647748 0.853750 0.540144 0.470357 0.777969 0.889062 0.958400 0.787343 0.815464 0.789921 0.741911 0.787235 0.915355 0.822168 0.837551 0.844090 0.965995 0.842684 0.836092 0.708258 0.981541 0.949523 0.736056 0.768825 0.746737 0.763224 0.828249 0.783696 0.962054 0.924534 0.857278 0.849950 0.778888 0.726295 0.691509 0.538665 0.532721 0.581571 0.578340 0.965374 0.836193 0.961318 0.886724 0.957009 0.744421 0.862442 0.978260 0.977180 0.849970 0.885644 0.772478 0.939781 0.894424 0.983661 0.829684 0.996145 0.903819 0.886036 0.754415 0.721026 0.937859 0.787378 0.790983 0.793828 0.941634 0.970784 0.897376 0.979232 0.974759 0.943847 0.977679 0.964190 0.685059 0.849899 0.809342 0.912070 0.855742 0.883198 0.987562 0.939729 0.878793 0.815130 0.895399 0.887941 0.918543 0.858843 0.697357 0.976228 0.881154 0.849647
0.832715 0.819337 0.406202 0.759867 0.882188 0.900950 0.780674 0.756514 0.876752 0.739155 0.724415 0.657148 0.960601 0.800228 0.780635 0.963206 0.853772 0.898766 0.966870 0.733592 0.820372 0.918444 0.643483 0.802883 0.433738 0.000000 0.839674 0.884632 0.678576 0.659276 0.463459 0.629551 0.747580 0.974179 0.657805 0.752284 0.709780 0.888552 0.837971 0.914203 0.920207 0.961589 0.648162 0.871206 0.901231 0.986937 0.879621 0.802346 0.774932 0.775033 0.806593 0.879455 0.898227 0.991260 0.995889 0.904874 0.838861 0.814806 0.777891 0.782812 0.953234 0.702962 0.769984 0.727642 0.457296 0.704550 0.643877 0.636987 0.960691 0.798423 0.747790 0.929909 0.970833 0.980108 0.938849 0.959084 0.782557 0.946114 0.873787 0.902539 0.988834 0.960530 0.860676 0.896035 0.654151 0.594589 0.933731 0.885397 0.808348 0.717321 0.752060 0.781831 0.697617 0.854203 0.956390 0.971773 0.987316 0.775721 0.983069 0.884145 0.942696 0.763836 0.933645 0.988747 0.909821 0.757561 0.921341 0.983322 0.975591 0.885018 0.954984 0.980606 0.933782 0.960523 0.757281 0.790278
0.939903 0.945648 0.887843 0.875245 0.977884 0.928410 0.877058 0.797999 0.888499 0.655645 0.761929 0.865395 0.907114 0.868798 0.768580 0.889852 0.828562 0.804289 0.969146 0.920776 0.930250 0.923624 0.732099 0.707924 0.647748 0.839674 0.000000 0.766506 0.705788 0.809833 0.918041 0.959602 0.847186 0.862966 0.752526 0.994246 0.986699 0.969812 0.943979 0.997078 0.971586 0.874951 0.722056 0.758274 0.720409 0.694882 0.909672 0.946163 0.808769 0.990854 0.912736 0.995071 0.988617 0.955148 0.891260 0.938168 0.956228 0.977819 0.858133 0.929227 0.801678 0.790006 0.746475 0.802264 0.813336 0.977673 0.829696 0.816218 0.983828 0.941552 0.919231 0.935937 0.755587 0.801156 0.993220 0.935044 0.788211 0.937936 0.874574 0.952209 0.872794 0.993674 0.869906 0.994457 0.821444 0.731308 0.987703 0.774952 0.787450 0.949932 0.932265 0.870716 0.905822 0.908941 0.949448 0.989367 0.930104 0.879539 0.708443 0.790155 0.756779 0.780692 0.853388 0.724790 0.938322 0.954102 0.953019 0.653516 0.830172 0.896424 0.899219 0.961756 0.738784 0.949140 0.981457 0.948561
0.941030 0.912600 0.935657 0.974819 0.914851 0.937098 0.848817 0.844742 0.805413 0.921837 0.848499 0.881166 0.958509 0.943932 0.979472 0.980923 0.969552 0.808107 0.898741 0.891449 0.897135 0.965315 0.949288 0.901055 0.853750 0.884632 0.766506 0.000000 0.875122 0.932158 0.918481 0.867562 0.949353 0.949379 0.992810 0.807095 0.853963 0.999400 0.996508 0.987319 0.927025 0.967720 0.778974 0.852861 0.798400 0.825134 0.910643 0.899340 0.922636 0.945176 0.990644 0.983368 0.971941 0.839339 0.955170 0.995901 0.849734 0.892472 0.918157 0.932824 0.854069 0.826970 0.884085 0.873857 0.953677 0.925147 0.932892 0.837164 0.895440 0.921433 0.849919 0.958876 0.777517 0.906771 0.917449 0.977039 0.856984 0.960203 0.901209 0.980986 0.889084 0.952726 0.996405 0.990933 0.988927 0.981847 0.918281 0.944576 0.859630 0.825969 0.884043 0.893297 0.926332 0.941213 0.967810 0.913012 0.904329 0.989492 0.983923 0.952325 0.963976 0.961458 0.966465 0.820762 0.942863 0.975640 0.892381 0.961272 0.785613 0.964428 0.833933 0.919381 0.854334 0.830563 0.940589 0.934758
0.452043 0.455709 0.680601 0.950933 0.904100 0.634431 0.996432 0.497709 0.990862 0.509379 0.333946 0.374933 0.720367 0.648502 0.940448 0.852850 0.384561 0.385734 0.551283 0.448081 0.697614 0.954364 0.565340 0.641461 0.540144 0.678576 0.705788 0.875122 0.000000 0.354367 0.917665 0.980795 0.665587 0.546794 0.791631 0.718704 0.748663 0.946602 0.887418 0.982393 0.990484 0.989826 0.784177 0.557710 0.865188 0.477110 0.701471 0.658651 0.413599 0.449526 0.423524 0.456970 0.615882 0.587590 0.722218 0.642572 0.500666 0.511765 0.434632 0.407040 0.657068 0.412480 0.352827 0.374128 0.663286 0.982614 0.851716 0.974461 0.805984 0.701382 0.895976 0.911902 0.626302 0.710642 0.834608 0.845722 0.569355 0.893293 0.799089 0.756708 0.511063 0.694606 0.982843 0.987376 0.883462 0.789624 0.731979 0.713829 0.871220 0.997329 0.972849 0.711324 0.807849 0.774693 0.977980 0.817543 0.855707 0.959276 0.670043 0.798153 0.537596 0.842288 0.711574 0.643486 0.939191 0.956159 0.888337 0.798429 0.815347 0.930572 0.834076 0.818937 0.686906 0.966206 0.999758 0.856676
0.604377 0.515422 0.728216 0.968226 0.919893 0.673493 0.957481 0.426691 0.975895 0.478432 0.433449 0.414403 0.709519 0.629022 0.974016 0.811274 0.438198 0.442066 0.600165 0.529771 0.671758 0.980651 0.635800 0.639686 0.470357 0.659276 0.809833 0.932158 0.354367 0.000000 0.992696 0.933929 0.733027 0.493386 0.748359 0.684809 0.782057 0.893550 0.932658 0.966999 0.980701 0.952778 0.835255 0.600212 0.841207 0.490389 0.703138 0.682200 0.530251 0.506214 0.492788 0.498200 0.659959 0.574459 0.814545 0.786741 0.566315 0.578334 0.593588 0.532398 0.680437 0.452343 0.322456 0.363756 0.618504 0.965089 0.769102 0.968784 0.978888 0.770683 0.942080 0.884061 0.823894 0.817068 0.779315 0.870423 0.673027 0.808559 0.823166 0.754705 0.534574 0.736695 0.988598 0.965699 0.815439 0.776740 0.821786 0.770933 0.798467 0.863975 0.980643 0.750748 0.815761 0.804638 0.935423 0.787182 0.896971 0.997448 0.643879 0.882565 0.577003 0.829611 0.690708 0.719916 0.905544 0.960438 0.822507 0.824426 0.839957 0.886620 0.786724 0.811142 0.603337 0.954923 0.981208 0.770767
0.811664 0.919856 0.592554 0.868703 0.981062 0.882265 0.754271 0.905403 0.751223 0.905142 0.874144 0.789502 0.987910 0.886864 0.741905 0.953271 0.930361 0.966136 0.997043 0.800433 0.943981 0.984590 0.770663 0.994013 0.777969 0.463459 0.918041 0.918481 0.917665 0.992696 0.000000 0.474369 0.644746 0.824201 0.778089 0.866748 0.777828 0.958827 0.946559 0.998302 0.999501 0.919354 0.528921 0.701427 0.723379 0.779046 0.823262 0.667207 0.872662 0.907237 0.906347 0.972335 0.934424 0.798109 0.979709 0.828915 0.942255 0.919811 0.721074 0.868903 0.997120 0.879430 0.958808 0.942578 0.707187 0.805964 0.760554 0.601261 0.734518 0.739180 0.694228 0.824646 0.866412 0.936965 0.879967 0.982905 0.996078 0.787340 0.802450 0.867624 0.969033 0.943922 0.985990 0.947258 0.962769 0.865654 0.966207 0.910354 0.994531 0.924503 0.655940 0.719874 0.699121 0.814143 0.852548 0.974103 0.929457 0.856303 0.819241 0.791337 0.757638 0.718825 0.971089 0.913067 0.905868 0.627153 0.983294 0.892516 0.928510 0.835104 0.824849 0.876911 0.981247 0.995292 0.727793 0.840802
0.781507 0.891752 0.610470 0.817220 0.873392 0.880877 0.683258 0.868706 0.747845 0.886432 0.939613 0.852828 0.949460 0.959100 0.656643 0.934354 0.975884 0.920343 0.988647 0.912919 0.934645 0.942652 0.751546 0.941555 0.889062 0.629551 0.959602 0.867562 0.980795 0.933929 0.474369 0.000000 0.578450 0.812061 0.808225 0.968705 0.905388 0.906113 0.906219 0.854334 0.917162 0.831497 0.596776 0.735884 0.722441 0.750681 0.823253 0.696027 0.862518 0.925638 0.938381 0.996582 0.898583 0.816899 0.998950 0.858719 0.901732 0.925221 0.765912 0.887714 0.900754 0.915630 0.906814 0.956450 0.709022 0.775493 0.799908 0.611315 0.742921 0.827983 0.789596 0.884354 0.996376 0.878494 0.932513 0.999537 0.993392 0.869994 0.737888 0.854652 0.974431 0.943674 0.914420 0.943216 0.938515 0.851293 0.949567 0.879267 0.975669 0.907036 0.692004 0.704817 0.777012 0.851152 0.844345 0.914819 0.897229 0.910040 0.851555 0.917402 0.812355 0.708178 0.979624 0.930163 0.885074 0.817731 0.963066 0.939344 0.949387 0.838325 0.812058 0.911798 0.920456 0.954518 0.784507 0.901199
0.839724 0.770779 0.724807 0.670242 0.858575 0.761163 0.663909 0.633121 0.811250 0.738317 0.779052 0.791869 0.728699 0.781786 0.658635 0.807903 0.687533 0.597317 0.710870 0.825217 0.760314 0.908346 0.837913 0.959902 0.958400 0.747580 0.847186 0.949353 0.665587 0.733027 0.644746 0.578450 0.000000 0.527500 0.730958 0.887397 0.912792 0.933412 0.988441 0.951411 0.927534 0.967524 0.539844 0.574596 0.623160 0.550474 0.710363 0.590157 0.805125 0.836186 0.756147 0.708430 0.839157 0.651672 0.897515 0.961880 0.799453 0.806419 0.818132 0.770147 0.614580 0.709956 0.603266 0.684696 0.726535 0.618617 0.723646 0.534329 0.925463 0.963292 0.969760 0.942904 0.847101 0.957181 0.759517 0.839862 0.781543 0.866207 0.694445 0.741626 0.669532 0.822363 0.859878 0.908399 0.699564 0.751980 0.965909 0.983712 0.970438 0.811240 0.670420 0.942096 0.871242 0.995308 0.898049 0.990741 0.997441 0.798495 0.612724 0.620765 0.716613 0.598317 0.840050 0.778483 0.759696 0.794822 0.993038 0.800838 0.970698 0.866666 0.794641 0.845741 0.827354 0.986484 0.782858 0.950057
0.618341 0.570414 0.976027 0.759695 0.847821 0.690149 0.732201 0.477262 0.858644 0.651150 0.603832 0.516284 0.662029 0.668444 0.859593 0.809223 0.548529 0.471465 0.634885 0.639669 0.719850 0.914900 0.908097 0.833089 0.787343 0.974179 0.862966 0.949379 0.546794 0.493386 0.824201 0.812061 0.527500 0.000000 0.934183 0.960985 0.964452 0.978845 0.972882 0.954358 0.931356 0.912980 0.531437 0.419214 0.632376 0.454034 0.584041 0.533200 0.635586 0.719845 0.631011 0.634001 0.844602 0.724022 0.895511 0.846273 0.623329 0.682370 0.657692 0.623667 0.542675 0.468750 0.409839 0.465342 0.971451 0.675120 0.833840 0.607677 0.960981 0.916353 0.884419 0.759579 0.787134 0.821957 0.794389 0.829796 0.584636 0.748967 0.672778 0.806647 0.539778 0.682147 0.818701 0.887819 0.805778 0.851037 0.981098 0.923241 0.914561 0.957804 0.756944 0.891704 0.983690 0.914314 0.899507 0.802351 0.850747 0.766965 0.525016 0.699714 0.614692 0.755336 0.673872 0.796394 0.757542 0.769928 0.999024 0.743362 0.865590 0.992545 0.692032 0.711428 0.625356 0.999087 0.759595 0.973870
0.805308 0.800623 0.636259 0.891886 0.815233 0.946710 0.737411 0.962575 0.808331 0.952002 0.802924 0.771844 0.934202 0.838920 0.784595 0.987042 0.826743 0.920682 0.820864 0.824305 0.908313 0.903208 0.731258 0.911398 0.815464 0.657805 0.752526 0.992810 0.791631 0.748359 0.778089 0.808225 0.730958 0.934183 0.000000 0.722162 0.664874 0.913637 0.996525 0.991097 0.942351 0.962556 0.693358 0.909904 0.759298 0.944664 0.903069 0.982395 0.802380 0.648251 0.762646 0.750159 0.780916 0.909733 0.948422 0.826730 0.786567 0.745762 0.811804 0.747658 0.841922 0.932770 0.866060 0.832824 0.620232 0.644982 0.516533 0.572725 0.843421 0.677431 0.993091 0.979250 0.954736 0.974883 0.957071 0.967657 0.882487 0.991098 0.988105 0.865183 0.948599 0.949787 0.949073 0.989762 0.705871 0.717775 0.925006 0.955489 0.982528 0.863645 0.704572 0.674284 0.721316 0.686612 0.968396 0.914113 0.948830 0.772853 0.881055 0.694583 0.932772 0.712101 0.947136 0.888119 0.866635 0.975263 0.913810 0.773923 0.868687 0.997308 0.952675 0.939533 0.906093 0.985131 0.558394 0.908059
0.764424 0.723918 0.682365 0.954262 0.789780 0.967429 0.760088 0.882718 0.918002 0.847637 0.699493 0.717618 0.963178 0.848242 0.913222 0.923215 0.740843 0.803362 0.836040 0.649911 0.918596 0.968722 0.642757 0.798732 0.789921 0.752284 0.994246 0.807095 0.718704 0.684809 0.866748 0.968705 0.887397 0.960985 0.722162 0.000000 0.733345 0.988132 0.926791 0.992103 0.962350 0.934609 0.858470 0.993973 0.796086 0.870478 0.969934 0.923346 0.700518 0.596098 0.641612 0.651863 0.745043 0.738209 0.703392 0.823097 0.689119 0.660310 0.774650 0.678173 0.943871 0.773658 0.795532 0.728635 0.630473 0.768497 0.559664 0.704337 0.809317 0.684833 0.987387 0.943246 0.918312 0.975088 0.934207 0.879636 0.808621 0.956426 0.911122 0.965815 0.812182 0.856992 0.922217 0.974819 0.735172 0.836900 0.685836 0.756743 0.938695 0.894992 0.699986 0.699038 0.635527 0.725861 0.890464 0.987291 0.980761 0.756665 0.929012 0.814859 0.981318 0.866084 0.939532 0.852473 0.887574 0.966720 0.777209 0.876234 0.871944 0.963456 0.914725 0.905336 0.941717 0.965192 0.976735 0.903200
0.803018 0.859794 0.826060 0.901659 0.911914 0.892978 0.928158 0.760020 0.990927 0.889117 0.717197 0.741481 0.741026 0.664940 0.973620 0.942783 0.838414 0.931979 0.752685 0.800404 0.799966 0.941477 0.887521 0.963046 0.741911 0.709780 0.986699 0.853963 0.748663 0.782057 0.777828 0.905388 0.912792 0.964452 0.664874 0.733345 0.000000 0.818281 0.696159 0.799243 0.882968 0.833386 0.847359 0.981239 0.922680 0.923803 0.972227 0.957179 0.830497 0.758909 0.736393 0.770018 0.741925 0.740124 0.989031 0.975550 0.934057 0.877720 0.777482 0.767254 0.801224 0.789566 0.803396 0.837831 0.859064 0.975377 0.782330 0.832096 0.984049 0.913882 0.700737 0.890570 0.981802 0.937703 0.949349 0.910978 0.892622 0.795140 0.997621 0.963225 0.948044 0.994326 0.949883 0.896994 0.962254 0.947315 0.943326 0.828020 0.815426 0.785791 0.984961 0.823658 0.901490 0.888448 0.943869 0.829158 0.998873 0.710554 0.879571 0.982237 0.960570 0.961568 0.985435 0.958016 0.978434 0.806769 0.920046 0.969181 0.819646 0.885490 0.932813 0.967875 0.970624 0.942598 0.888022 0.981543
0.928165 0.921116 0.921908 0.888546 0.987841 0.935527 0.875992 0.900164 0.906070 0.993847 0.928801 0.953489 0.720370 0.831357 0.791261 0.892851 0.996073 0.877339 0.920711 0.999305 0.914058 0.722817 0.901603 0.996500 0.787235 0.888552 0.969812 0.999400 0.946602 0.893550 0.958827 0.906113 0.933412 0.978845 0.913637 0.988132 0.818281 0.000000 0.883178 0.850492 0.769004 0.780852 0.936918 0.977045 0.908471 0.929241 0.898099 0.832928 0.934099 0.933881 0.954334 0.972004 0.953267 0.792001 0.836770 0.822075 0.872173 0.838997 0.854963 0.977040 0.931463 0.981817 0.865910 0.943153 0.912831 0.983687 0.910707 0.981484 0.749814 0.871121 0.834761 0.791572 0.818182 0.902410 0.981579 0.932653 0.997717 0.943037 0.885914 0.909314 0.931453 0.819378 0.929988 0.745993 0.940480 0.886709 0.817348 0.838730 0.986774 0.778018 0.839217 0.959628 0.968199 0.981030 0.854921 0.774862 0.649867 0.707404 0.984660 0.888336 0.982371 0.900560 0.917897 0.690692 0.909405 0.744880 0.856643 0.972061 0.978334 0.994347 0.819834 0.910221 0.968625 0.967360 0.942036 0.992200
