0.000000 0.348866 0.641140 0.685274 0.851693 0.858430 0.784253 0.846861 0.699350 0.731366 0.478582 0.484132 0.925535 0.931181 0.970645 0.902259 0.431010 0.408210 0.818396 0.735836 0.941729 0.910308 0.777013 0.784898 0.673133 0.688748 0.910073 0.866702 0.590538 0.567750 0.940426 0.995924 0.773223 0.620351 0.946251 0.971511 0.892319 0.797833 0.887742 0.826283 0.627501 0.631796 0.916938 0.730000 0.783611 0.601888 0.540130 0.641979 0.591756 0.639140 0.609936 0.657653 0.856540 0.900036 0.641678 0.751511 0.328135 0.367832 0.392624 0.434172 0.564351 0.777665 0.425328 0.389801 0.656947 0.730049 0.970957 0.725808 0.447602 0.504965 0.735504 0.806212 0.791071 0.834731 0.812031 0.958406 0.923555 0.870052 0.590747 0.660405 0.316313 0.398741 0.712975 0.447283 0.828791 0.918608 0.977074 0.922724 0.961224 0.840720 0.594955 0.584191 0.577146 0.477083 0.845045 0.789002 0.891464 0.998410 0.984343 0.866036 0.869536 0.786018 0.852927 0.688682 0.997681 0.914656 0.975706 0.952453 0.951861 0.860513 0.882575 0.962774 0.975552 0.770603 0.790027 0.863908
0.348866 0.000000 0.657526 0.715364 0.856303 0.914680 0.839412 0.874194 0.655166 0.638035 0.577043 0.478621 0.943823 0.893995 0.928409 0.936656 0.469380 0.455842 0.839809 0.817427 0.988353 0.915111 0.824052 0.803371 0.741910 0.714876 0.854095 0.783067 0.557999 0.586604 0.916317 0.978436 0.679366 0.656697 0.986788 0.992622 0.958798 0.964157 0.910873 0.834292 0.618211 0.628407 0.901721 0.732662 0.767219 0.608176 0.534919 0.635487 0.624782 0.618553 0.599110 0.626929 0.807865 0.914161 0.605508 0.753343 0.351217 0.343719 0.364118 0.382737 0.586789 0.817666 0.431931 0.397582 0.696101 0.755616 0.951701 0.689790 0.496263 0.539682 0.759794 0.822729 0.718402 0.822844 0.796549 0.946845 0.893512 0.940056 0.625154 0.607482 0.361251 0.415111 0.683657 0.450448 0.767220 0.875159 0.886305 0.861047 0.945051 0.835443 0.658153 0.626798 0.657396 0.507201 0.819668 0.760865 0.867851 0.872395 0.987258 0.899248 0.926514 0.823735 0.856894 0.764501 0.952155 0.919120 0.971927 0.931041 0.992995 0.826348 0.822280 0.902210 0.999652 0.799318 0.792898 0.789431
0.641140 0.657526 0.000000 0.344056 0.995013 0.784934 0.418507 0.448887 0.516555 0.697468 0.703460 0.837374 0.652808 0.869201 0.877060 0.599576 0.542907 0.503022 0.828781 0.867416 0.957285 0.864618 0.599786 0.557917 0.412070 0.483238 0.960308 0.943658 0.656115 0.685877 0.601985 0.678921 0.789187 0.944191 0.905262 0.878924 0.837981 0.828700 0.716431 0.822329 0.733308 0.903749 0.617001 0.777129 0.864207 0.936677 0.967320 0.966445 0.844431 0.929771 0.987792 0.965446 0.793266 0.708618 0.925346 0.895585 0.665201 0.441302 0.571028 0.572067 0.818212 0.953346 0.453584 0.468325 0.483989 0.516163 0.579025 0.943547 0.707138 0.662369 0.529689 0.597113 0.977742 0.960089 0.955810 0.850246 0.621837 0.620650 0.875175 0.885783 0.596491 0.670943 0.830537 0.715982 0.952317 0.761931 0.990683 0.835468 0.818884 0.983103 0.513340 0.473398 0.458185 0.465454 0.957815 0.689752 0.841390 0.739898 0.665067 0.601120 0.852113 0.596011 0.968706 0.808832 0.757235 0.900992 0.777850 0.843370 0.865505 0.998601 0.834603 0.963657 0.812834 0.892614 0.919478 0.836911
0.685274 0.715364 0.344056 0.000000 0.879475 0.825525 0.413009 0.388289 0.553702 0.707825 0.780978 0.821424 0.755475 0.797587 0.923007 0.649741 0.557853 0.572049 0.814083 0.856042 0.900844 0.983972 0.583529 0.534458 0.429066 0.470702 0.894654 0.963577 0.694240 0.720351 0.569642 0.625312 0.764766 0.973157 0.940043 0.830492 0.805851 0.847731 0.669306 0.853152 0.767547 0.881950 0.716057 0.810630 0.957660 0.914253 0.870815 0.969531 0.872196 0.980217 0.970197 0.943439 0.748244 0.734963 0.974071 0.909553 0.697030 0.514429 0.598400 0.607206 0.707217 0.896498 0.537888 0.523103 0.545959 0.652894 0.596891 0.942588 0.770624 0.823443 0.664417 0.686836 0.910565 0.886332 0.933608 0.904988 0.690148 0.684203 0.881011 0.903859 0.652339 0.744995 0.827597 0.802417 0.918625 0.764416 0.953511 0.961718 0.833687 0.863944 0.600457 0.531379 0.535619 0.505511 0.987465 0.687765 0.918914 0.838781 0.861675 0.724322 0.847215 0.633008 0.936610 0.758874 0.740897 0.870167 0.826770 0.947434 0.918386 0.953280 0.992135 0.802592 0.877702 0.849685 0.952182 0.849025
0.851693 0.856303 0.995013 0.879475 0.000000 0.897713 0.946095 0.861324 0.926599 0.981490 0.905297 0.996226 0.798631 0.998493 0.888571 0.823912 0.969731 0.993350 0.972992 0.926849 0.818035 0.893367 0.802550 0.816219 0.931538 0.891818 0.910186 0.970094 0.853331 0.883566 0.829468 0.748585 0.910643 0.820206 0.912277 0.945291 0.920476 0.823156 0.858256 0.867245 0.943310 0.908339 0.929507 0.791399 0.952332 0.790747 0.912232 0.864768 0.792920 0.705183 0.790587 0.851781 0.840329 0.925114 0.869036 0.936262 0.859816 0.907420 0.895258 0.826495 0.916902 0.973069 0.924777 0.935502 0.797866 0.757395 0.905224 0.856587 0.845402 0.688429 0.906774 0.973046 0.952787 0.916084 0.982228 0.901109 0.970861 0.983617 0.835412 0.876291 0.822446 0.888497 0.937836 0.882014 0.820757 0.874260 0.785544 0.924312 0.942937 0.987225 0.753406 0.843132 0.841750 0.803732 0.985488 0.979823 0.890967 0.905316 0.921435 0.754906 0.944462 0.929396 0.823139 0.863363 0.967654 0.931963 0.978536 0.932628 0.959796 0.754529 0.851632 0.889771 0.977606 0.967503 0.939052 0.896907
0.858430 0.914680 0.784934 0.825525 0.897713 0.000000 0.683372 0.672382 0.826130 0.647700 0.846338 0.961452 0.754211 0.940454 0.987771 0.753127 0.945164 0.815084 0.824586 0.883403 0.863209 0.994894 0.933884 0.976975 0.872871 0.752658 0.751260 0.970206 0.888264 0.906758 0.900270 0.835035 0.873165 0.880873 0.987566 0.975300 0.954361 0.884565 0.868920 0.986170 0.979376 0.974721 0.998925 0.779378 0.816803 0.663409 0.952485 0.672357 0.685953 0.676192 0.819524 0.849594 0.848562 0.918567 0.790679 0.851961 0.673928 0.814106 0.955398 0.896353 0.848783 0.782223 0.812546 0.819162 0.905267 0.557352 0.777270 0.723967 0.759853 0.718472 0.614733 0.661863 0.739275 0.792685 0.965622 0.985175 0.742029 0.821328 0.890136 0.889213 0.794925 0.830822 0.807019 0.754105 0.952763 0.972760 0.975778 0.840950 0.837164 0.660502 0.510131 0.541960 0.541565 0.681948 0.898323 0.937322 0.772127 0.953500 0.727942 0.709870 0.792504 0.835700 0.942056 0.890288 0.772950 0.924731 0.928035 0.905777 0.913640 0.908660 0.996481 0.822776 0.651239 0.968015 0.911788 0.805481
0.784253 0.839412 0.418507 0.413009 0.946095 0.683372 0.000000 0.394681 0.562992 0.677340 0.885630 0.974857 0.543471 0.848783 0.802737 0.551830 0.772514 0.734369 0.612354 0.919344 0.996702 0.951529 0.604459 0.626477 0.547354 0.670106 0.913029 0.931261 0.883918 0.904857 0.580721 0.561390 0.589542 0.749726 0.998287 0.960957 0.956828 0.920136 0.831471 0.915238 0.843784 0.901107 0.763549 0.900409 0.940719 0.893163 0.996198 0.961024 0.798496 0.881261 0.975453 0.998612 0.873010 0.878802 0.973138 0.908055 0.771920 0.616330 0.703853 0.661776 0.942522 0.990935 0.737457 0.702548 0.584465 0.577747 0.529734 0.844668 0.732301 0.738952 0.633822 0.623331 0.900793 0.964527 0.866784 0.891359 0.727771 0.670446 0.934399 0.968514 0.810239 0.897334 0.925888 0.898292 0.808568 0.697369 0.988786 0.957280 0.854106 0.942381 0.510894 0.481855 0.446615 0.535380 0.925329 0.794825 0.838484 0.934095 0.753357 0.723822 0.885811 0.563071 0.878211 0.747916 0.789554 0.883464 0.893147 0.908848 0.819003 0.995960 0.985803 0.913712 0.809003 0.924287 0.919337 0.959742
0.846861 0.874194 0.448887 0.388289 0.861324 0.672382 0.394681 0.000000 0.666907 0.524724 0.909361 0.907244 0.825131 0.968105 0.853749 0.780664 0.801614 0.703095 0.701669 0.860244 0.991976 0.995904 0.904803 0.834901 0.654337 0.649795 0.796644 0.924629 0.840986 0.880931 0.690750 0.601325 0.711693 0.794078 0.847036 0.991808 0.930375 0.903396 0.808111 0.846041 0.908777 0.993647 0.857693 0.960790 0.833931 0.773203 0.931525 0.878445 0.719810 0.861215 0.892047 0.913501 0.986697 0.986097 0.993442 0.981188 0.792835 0.649731 0.813888 0.827621 0.972776 0.818205 0.703363 0.700817 0.827451 0.607610 0.687550 0.839917 0.820978 0.789132 0.601771 0.517516 0.836765 0.920004 0.907568 0.972105 0.775050 0.796067 0.942962 0.988136 0.821516 0.845875 0.664637 0.773478 0.884720 0.996354 0.803333 0.793145 0.983107 0.882589 0.556924 0.548489 0.521505 0.603356 0.979013 0.844524 0.650247 0.807943 0.818353 0.779549 0.756852 0.716564 0.908202 0.762749 0.845071 0.846016 0.842385 0.894067 0.919399 0.947704 0.929245 0.874745 0.905226 0.949186 0.958689 0.993696
0.699350 0.655166 0.516555 0.553702 0.926599 0.826130 0.562992 0.666907 0.000000 0.632660 0.709105 0.885548 0.702001 0.890710 0.877142 0.552178 0.642776 0.538404 0.720888 0.972372 0.858101 0.995236 0.637245 0.687979 0.684588 0.543574 0.947614 0.894821 0.736556 0.766093 0.545798 0.760003 0.916126 0.950005 0.846873 0.825313 0.868738 0.885989 0.872639 0.944851 0.704715 0.811042 0.652947 0.812903 0.772237 0.951342 0.993195 0.877070 0.980447 0.948526 0.880724 0.862586 0.750767 0.540213 0.911068 0.817158 0.648687 0.501130 0.670035 0.552497 0.834372 0.983411 0.569778 0.532196 0.602291 0.696981 0.634882 0.984241 0.812686 0.843735 0.543731 0.639800 0.938679 0.967239 0.824726 0.830915 0.575302 0.655785 0.952328 0.863779 0.653879 0.682243 0.927081 0.728741 0.913689 0.843302 0.973089 0.873483 0.840612 0.962289 0.529418 0.465499 0.551188 0.506962 0.914001 0.729087 0.897949 0.793550 0.664879 0.623566 0.977258 0.548590 0.935225 0.943439 0.915160 0.940658 0.846182 0.824707 0.860467 0.887672 0.982251 0.802708 0.747248 0.848644 0.928327 0.766496
0.731366 0.638035 0.697468 0.707825 0.981490 0.647700 0.677340 0.524724 0.632660 0.000000 0.842581 0.978625 0.998419 0.845674 0.645252 0.925997 0.868261 0.666170 0.800958 0.974640 0.976778 0.891565 0.880981 0.946382 0.929356 0.800491 0.800385 0.707650 0.805881 0.895485 0.901911 0.864911 0.879100 0.993927 0.879678 0.926300 0.976871 0.965650 0.973719 0.999760 0.880598 0.871559 0.940663 0.747451 0.688490 0.621188 0.758939 0.652343 0.658557 0.627139 0.691993 0.663859 0.768436 0.954717 0.743118 0.838517 0.575311 0.565266 0.726541 0.731605 0.931893 0.855229 0.670594 0.640272 0.964081 0.736498 0.909919 0.984184 0.772119 0.659895 0.491256 0.557430 0.791901 0.860406 0.939719 0.902954 0.751908 0.870568 0.837863 0.789873 0.682768 0.665264 0.597113 0.577019 0.596362 0.660969 0.767566 0.674674 0.988994 0.698147 0.504086 0.499665 0.548516 0.563912 0.992031 0.778158 0.702162 0.776957 0.819057 0.850939 0.776740 0.843854 0.813352 0.855438 0.989667 0.937310 0.968826 0.843291 0.869862 0.983651 0.860488 0.988146 0.847998 0.855463 0.877292 0.947659
0.478582 0.577043 0.703460 0.780978 0.905297 0.846338 0.885630 0.909361 0.709105 0.842581 0.000000 0.589385 0.962174 0.989298 0.954166 0.804706 0.465403 0.377558 0.772403 0.813502 0.964210 0.987753 0.712523 0.804832 0.601214 0.640518 0.894281 0.990133 0.527203 0.426953 0.957232 0.997098 0.778849 0.680458 0.746444 0.854563 0.961228 0.918364 0.873649 0.961417 0.751861 0.752482 0.814312 0.955016 0.981200 0.852700 0.776279 0.846082 0.850958 0.890122 0.840999 0.949516 0.993749 0.783957 0.760542 0.881254 0.518499 0.483095 0.578277 0.551287 0.554997 0.823031 0.428888 0.407250 0.611524 0.742468 0.992058 0.802784 0.476534 0.561564 0.727160 0.824186 0.935969 0.961746 0.979139 0.907411 0.778131 0.797791 0.692167 0.751060 0.453355 0.404258 0.784176 0.480380 0.974415 0.962300 0.971624 0.848925 0.955650 0.917585 0.593540 0.575727 0.586518 0.514840 0.845919 0.830805 0.995661 0.990941 0.784242 0.672207 0.811741 0.828030 0.968323 0.738544 0.932041 0.993140 0.847229 0.838807 0.839412 0.781956 0.784034 0.867811 0.900598 0.934911 0.896281 0.885210
0.484132 0.478621 0.837374 0.821424 0.996226 0.961452 0.974857 0.907244 0.885548 0.978625 0.589385 0.000000 0.893525 0.870981 0.916448 0.971301 0.514316 0.575877 0.789831 0.799914 0.945812 0.907700 0.745277 0.803246 0.694041 0.770649 0.719586 0.963781 0.576719 0.600765 0.886122 0.921118 0.723314 0.688982 0.882873 0.891451 0.989812 0.977561 0.853642 0.943734 0.761181 0.712242 0.975568 0.881036 0.916005 0.827247 0.601396 0.875184 0.847403 0.855295 0.746330 0.850539 0.985611 0.932842 0.747612 0.817150 0.557272 0.586077 0.483371 0.545397 0.490388 0.569792 0.585581 0.541744 0.644499 0.989557 0.946293 0.701722 0.603706 0.687987 0.994305 0.880339 0.615466 0.642065 0.821206 0.996124 0.930688 0.889576 0.668801 0.799315 0.557954 0.535169 0.895833 0.610279 0.982295 0.969546 0.925957 0.928260 0.923503 0.966648 0.862605 0.813521 0.809909 0.638400 0.901461 0.825441 0.724533 0.954273 0.963931 0.976526 0.973701 0.957222 0.701897 0.738786 0.982693 0.941560 0.996087 0.969318 0.999455 0.823877 0.822460 0.893830 0.903748 0.874646 0.868797 0.900545
0.925535 0.943823 0.652808 0.755475 0.798631 0.754211 0.543471 0.825131 0.702001 0.998419 0.962174 0.893525 0.000000 0.632969 0.466303 0.385897 0.936370 0.965921 0.578946 0.738238 0.907189 0.978548 0.518604 0.599762 0.668786 0.807451 0.993631 0.972125 0.986481 0.978612 0.722466 0.710393 0.569404 0.702414 0.817769 0.872540 0.963843 0.884735 0.911392 0.854350 0.903366 0.905622 0.628488 0.685803 0.621659 0.805861 0.692203 0.911427 0.897791 0.927488 0.752320 0.742561 0.708162 0.755322 0.995350 0.797480 0.967460 0.869546 0.880165 0.751259 0.731338 0.892677 0.894773 0.906234 0.553269 0.639711 0.621060 0.831762 0.929671 0.926594 0.731082 0.796504 0.952052 0.893464 0.948916 0.875222 0.664898 0.733923 0.932951 0.978422 0.951811 0.957038 0.840898 0.896364 0.623483 0.588983 0.847281 0.910307 0.819969 0.939039 0.666680 0.688712 0.664191 0.784568 0.901553 0.874934 0.942314 0.958792 0.641397 0.591646 0.927203 0.637366 0.986119 0.949360 0.674760 0.843932 0.897604 0.951784 0.826842 0.992000 0.970476 0.822943 0.751650 0.997674 0.700734 0.893896
0.931181 0.893995 0.869201 0.797587 0.998493 0.940454 0.848783 0.968105 0.890710 0.845674 0.989298 0.870981 0.632969 0.000000 0.599587 0.647216 0.813253 0.947294 0.781109 0.713563 0.972577 0.798392 0.598514 0.617197 0.822373 0.893707 0.877636 0.947776 0.941394 0.977410 0.912697 0.760256 0.710341 0.909075 0.802580 0.838129 0.877842 0.936576 0.961173 0.994792 0.872482 0.908495 0.762840 0.729780 0.691991 0.744785 0.845484 0.801155 0.772537 0.675546 0.752711 0.608562 0.716089 0.629869 0.972010 0.995878 0.934240 0.997777 0.953642 0.995901 0.949754 0.952580 0.936109 0.927846 0.735219 0.831147 0.882788 0.864814 0.980847 0.774076 0.994311 0.956428 0.956378 0.930021 0.941185 0.795794 0.799287 0.828965 0.892147 0.948076 0.904086 0.970514 0.782374 0.807989 0.724467 0.670542 0.893996 0.826189 0.980455 0.780796 0.964098 0.912023 0.925028 0.974139 0.916516 0.990637 0.991442 0.905745 0.953911 0.810009 0.952121 0.901828 0.908081 0.926779 0.631438 0.789227 0.868432 0.982557 0.943324 0.873450 0.855717 0.986286 0.968920 0.994585 0.803343 0.952819
0.970645 0.928409 0.877060 0.923007 0.888571 0.987771 0.802737 0.853749 0.877142 0.645252 0.954166 0.916448 0.466303 0.599587 0.000000 0.514637 0.859297 0.964819 0.761336 0.867868 0.973556 0.945712 0.414405 0.574107 0.729757 0.833854 0.719539 0.866639 0.904365 0.978809 0.823578 0.834949 0.686401 0.873897 0.683195 0.852946 0.982767 0.989564 0.888832 0.987862 0.903343 0.988521 0.706808 0.715718 0.537754 0.686426 0.762685 0.812086 0.729970 0.728926 0.710480 0.618868 0.618385 0.662804 0.826697 0.821840 0.919208 0.982004 0.923705 0.804542 0.883022 0.818862 0.982021 0.999548 0.512119 0.882352 0.691105 0.998237 0.934192 0.953104 0.929392 0.834310 0.889285 0.871005 0.889546 0.981097 0.888294 0.803304 0.946137 0.996800 0.968397 0.888785 0.566177 0.767709 0.444069 0.443407 0.700914 0.700617 0.831113 0.774831 0.948824 0.937225 0.908271 0.943911 0.889701 0.921567 0.803425 0.814772 0.919496 0.789502 0.873985 0.787977 0.814854 0.981687 0.777356 0.917175 0.906139 0.958938 0.957012 0.976868 0.922969 0.856917 0.865838 0.973397 0.743384 0.980571
0.902259 0.936656 0.599576 0.649741 0.823912 0.753127 0.551830 0.780664 0.552178 0.925997 0.804706 0.971301 0.385897 0.647216 0.514637 0.000000 0.746918 0.768623 0.699703 0.811566 0.903571 0.987034 0.432893 0.517397 0.560419 0.641108 0.894382 0.981736 0.831684 0.842200 0.604485 0.669284 0.651686 0.873923 0.755372 0.809545 0.905793 0.799380 0.864764 0.835861 0.874444 0.962957 0.522022 0.658294 0.575726 0.788327 0.756889 0.918964 0.848318 0.857526 0.715754 0.682012 0.601010 0.573097 0.973424 0.723335 0.898854 0.710596 0.806922 0.632453 0.944540 0.991171 0.721507 0.725346 0.456219 0.660522 0.564297 0.923832 0.844310 0.860376 0.649860 0.764903 0.969029 0.928271 0.843587 0.804407 0.558875 0.667647 0.948982 0.909540 0.808359 0.903152 0.813998 0.972939 0.628843 0.589615 0.892095 0.976315 0.915714 0.861706 0.571737 0.563557 0.579110 0.621910 0.932739 0.783748 0.950925 0.926413 0.677257 0.525734 0.879944 0.551390 0.982031 0.998141 0.659537 0.814295 0.973083 0.807205 0.826637 0.991014 0.958086 0.789786 0.660185 0.984367 0.680058 0.725293
0.431010 0.469380 0.542907 0.557853 0.969731 0.945164 0.772514 0.801614 0.642776 0.868261 0.465403 0.514316 0.936370 0.813253 0.859297 0.746918 0.000000 0.336748 0.844651 0.882175 0.942621 0.930245 0.578296 0.621285 0.499763 0.507936 0.794879 0.937062 0.537228 0.414382 0.779945 0.867849 0.917921 0.694609 0.846467 0.868697 0.961948 0.992957 0.783084 0.999256 0.672689 0.769555 0.757636 0.960769 0.943549 0.894127 0.763524 0.886564 0.900653 0.971974 0.908664 0.962430 0.803948 0.618313 0.776861 0.861278 0.464186 0.383301 0.451794 0.508970 0.504533 0.805267 0.333701 0.331225 0.501780 0.695599 0.879591 0.821301 0.527778 0.690618 0.743019 0.821998 0.805864 0.884170 0.875757 0.904674 0.782859 0.723939 0.671636 0.661781 0.353296 0.402699 0.801390 0.534934 0.999441 0.901833 0.974147 0.873216 0.980643 0.976654 0.621808 0.546219 0.539093 0.446913 0.808417 0.723178 0.900069 0.971361 0.844852 0.720276 0.818496 0.759924 0.881320 0.697409 0.830529 0.937745 0.832290 0.949605 0.969581 0.848417 0.948690 0.935138 0.887120 0.925317 0.988488 0.848611
0.408210 0.455842 0.503022 0.572049 0.993350 0.815084 0.734369 0.703095 0.538404 0.666170 0.377558 0.575877 0.965921 0.947294 0.964819 0.768623 0.336748 0.000000 0.870445 0.876235 0.894190 0.954680 0.729314 0.748389 0.548841 0.506464 0.946202 0.853208 0.482348 0.400241 0.814007 0.887444 0.861231 0.711607 0.875674 0.917975 0.974124 0.950085 0.822263 0.983265 0.649630 0.740639 0.740659 0.977889 0.982310 0.830156 0.700280 0.789039 0.832877 0.885132 0.854177 0.938967 0.940418 0.665441 0.660563 0.920288 0.412735 0.326543 0.484573 0.487964 0.503734 0.931238 0.266438 0.260729 0.582573 0.646640 0.898743 0.822838 0.515465 0.621443 0.549194 0.630056 0.900817 0.990109 0.917070 0.869821 0.670981 0.741595 0.663349 0.651697 0.339763 0.310247 0.640963 0.415644 0.841073 0.906601 0.915476 0.743154 0.976787 0.909041 0.498675 0.459141 0.470568 0.432100 0.847966 0.747701 0.934346 0.835938 0.719496 0.644677 0.755860 0.752439 0.992012 0.756901 0.902068 0.955428 0.733652 0.841839 0.864792 0.872399 0.844705 0.957463 0.803107 0.927971 0.915777 0.809618
0.818396 0.839809 0.828781 0.814083 0.972992 0.824586 0.612354 0.701669 0.720888 0.800958 0.772403 0.789831 0.578946 0.781109 0.761336 0.699703 0.844651 0.870445 0.000000 0.665902 0.955458 0.859862 0.799614 0.869565 0.954421 0.970904 0.904134 0.993041 0.729198 0.666460 0.746372 0.681467 0.681737 0.528956 0.957552 0.848690 0.915114 0.952051 0.971000 0.989947 0.985363 0.830045 0.875532 0.906955 0.845389 0.908338 0.855364 0.990787 0.954948 0.907527 0.880452 0.838258 0.848810 0.914978 0.941115 0.870991 0.942592 0.999901 0.950361 0.992441 0.694713 0.944709 0.842222 0.916465 0.930034 0.898790 0.712237 0.842574 0.897623 0.958903 0.777559 0.869068 0.860214 0.892474 0.831291 0.985866 0.846450 0.817290 0.834253 0.906687 0.864589 0.839318 0.891952 0.855627 0.817019 0.817199 0.919917 0.865370 0.880909 0.994685 0.780542 0.752991 0.741578 0.868517 0.856219 0.995166 0.847085 0.976618 0.849675 0.865680 0.939341 0.761524 0.960310 0.930515 0.909622 0.860755 0.966382 0.835213 0.912188 0.998304 0.881346 0.916181 0.865650 0.923000 0.781360 0.867987
0.735836 0.817427 0.867416 0.856042 0.926849 0.883403 0.919344 0.860244 0.972372 0.974640 0.813502 0.799914 0.738238 0.713563 0.867868 0.811566 0.882175 0.876235 0.665902 0.000000 0.972582 0.987233 0.881373 0.806218 0.950696 0.983814 0.943637 0.992608 0.853921 0.814521 0.991098 0.856822 0.832163 0.894602 0.977176 0.884639 0.963047 0.818155 0.891398 0.890921 0.832467 0.792343 0.882242 0.808928 0.914408 0.861193 0.890673 0.851707 0.922548 0.826328 0.896040 0.869374 0.888692 0.963557 0.968411 0.883633 0.813860 0.942357 0.996272 0.977051 0.908447 0.972179 0.941398 0.964223 0.951389 0.987849 0.999932 0.923355 0.836358 0.854499 0.954887 0.908951 0.914034 0.918607 0.988112 0.953232 0.971686 0.906892 0.858670 0.992630 0.890607 0.863712 0.897119 0.852410 0.914695 0.903135 0.960945 0.797646 0.930685 0.802388 0.985369 0.996602 0.985925 0.971048 0.942409 0.847849 0.906858 0.955770 0.965789 0.908984 0.974938 0.974793 0.997581 0.864227 0.820847 0.812902 0.815477 0.956695 0.994545 0.933897 0.915122 0.930629 0.967565 0.822910 0.919643 0.934447
0.941729 0.988353 0.957285 0.900844 0.818035 0.863209 0.996702 0.991976 0.858101 0.976778 0.964210 0.945812 0.907189 0.972577 0.973556 0.903571 0.942621 0.894190 0.955458 0.972582 0.000000 0.892963 0.993862 0.998139 0.985595 0.890976 0.962051 0.964545 0.939436 0.914555 0.767663 0.986017 0.956806 0.857591 0.985514 0.955679 0.787182 0.796730 0.821738 0.863469 0.970555 0.933163 0.774532 0.855412 0.811203 0.858089 0.931738 0.970405 0.849322 0.884304 0.866035 0.883697 0.819964 0.891559 0.891226 0.980345 0.962280 0.971625 0.983287 0.963762 0.861648 0.935193 0.879660 0.889399 0.996721 0.867358 0.918372 0.941091 0.935816 0.846780 0.830640 0.944856 0.922553 0.872104 0.964923 0.871087 0.845773 0.924501 0.996391 0.968898 0.979505 0.919343 0.934468 0.967800 0.948704 0.976808 0.979862 0.867386 0.964480 0.987814 0.957518 0.914915 0.897341 0.958815 0.891033 0.987711 0.938569 0.999194 0.934622 0.974515 0.900376 0.972171 0.873924 0.753916 0.949639 0.890331 0.997973 0.986924 0.932208 0.906295 0.861959 0.967985 0.812492 0.911776 0.906282 0.838907
0.910308 0.915111 0.864618 0.983972 0.893367 0.994894 0.951529 0.995904 0.995236 0.891565 0.987753 0.907700 0.978548 0.798392 0.945712 0.987034 0.930245 0.954680 0.859862 0.987233 0.892963 0.000000 0.963012 0.916752 0.958326 0.917964 0.984267 0.885490 0.960209 0.947454 0.864505 0.984680 0.926304 0.947415 0.951219 0.957450 0.698693 0.878980 0.947820 0.813497 0.884670 0.962893 0.798912 0.848319 0.826010 0.868635 0.770242 0.891249 0.904395 0.968371 0.828061 0.909840 0.816524 0.929942 0.794369 0.814858 0.884319 0.945667 0.898193 0.966681 0.910626 0.879949 0.989597 0.920264 0.971256 0.925580 0.883699 0.795766 0.934584 0.945735 0.889941 0.976450 0.928114 0.939875 0.853070 0.924994 0.985345 0.998457 0.853143 0.985545 0.902400 0.830844 0.898676 0.921268 0.926896 0.895103 0.996974 0.957717 0.979569 0.976786 0.941722 0.983424 0.962596 0.941614 0.888358 0.876854 0.999247 0.895217 0.816994 0.948792 0.991802 0.896589 0.892468 0.841243 0.997294 0.896795 0.969355 0.997788 0.959226 0.882697 0.895406 0.953410 0.985629 0.991607 0.937960 0.897443
0.777013 0.824052 0.599786 0.583529 0.802550 0.933884 0.604459 0.904803 0.637245 0.880981 0.712523 0.745277 0.518604 0.598514 0.414405 0.432893 0.578296 0.729314 0.799614 0.881373 0.993862 0.963012 0.000000 0.340961 0.462500 0.614913 0.611210 0.821737 0.765542 0.723691 0.715372 0.800655 0.743493 0.952207 0.597071 0.728381 0.907639 0.906420 0.840676 0.989570 0.830498 0.854638 0.606370 0.721924 0.612438 0.833472 0.922314 0.856192 0.880417 0.805367 0.831987 0.647030 0.562909 0.553210 0.992035 0.851049 0.836239 0.711789 0.706445 0.615239 0.855852 0.751940 0.707313 0.682749 0.288436 0.679384 0.582019 0.966524 0.764187 0.871530 0.877484 0.959760 0.850181 0.804459 0.893295 0.910057 0.697088 0.653455 0.896751 0.874305 0.736612 0.850309 0.683566 0.992355 0.427342 0.388046 0.780107 0.792515 0.815429 0.702313 0.679322 0.635089 0.645561 0.621147 0.989823 0.725826 0.837103 0.882782 0.855379 0.624714 0.954720 0.628677 0.772587 0.820855 0.631014 0.866669 0.964727 0.946765 0.840882 0.960168 0.954541 0.919394 0.742730 0.902643 0.784062 0.848901
0.784898 0.803371 0.557917 0.534458 0.816219 0.976975 0.626477 0.834901 0.687979 0.946382 0.804832 0.803246 0.599762 0.617197 0.574107 0.517397 0.621285 0.748389 0.869565 0.806218 0.998139 0.916752 0.340961 0.000000 0.441895 0.679764 0.591301 0.940427 0.751078 0.750328 0.773481 0.840789 0.914769 0.936250 0.723325 0.802565 0.944309 0.787130 0.829140 0.978625 0.829081 0.895169 0.704892 0.775289 0.741202 0.920509 0.993315 0.843547 0.963464 0.855288 0.906113 0.768861 0.647452 0.633987 0.983115 0.886090 0.887033 0.725083 0.697559 0.661415 0.800980 0.785421 0.713987 0.690780 0.375742 0.725685 0.597064 0.868751 0.805136 0.868024 0.874548 0.993347 0.838280 0.781897 0.902544 0.965536 0.746627 0.718874 0.887850 0.869054 0.765161 0.895848 0.753220 0.994992 0.535236 0.430609 0.816562 0.775360 0.695154 0.640672 0.738206 0.724845 0.760140 0.674381 0.959719 0.742332 0.850104 0.998102 0.943244 0.696415 0.959169 0.714364 0.731085 0.828927 0.720074 0.769034 0.919140 0.947277 0.867480 0.989571 0.943864 0.985146 0.846244 0.897368 0.830277 0.857086
0.673133 0.741910 0.412070 0.429066 0.931538 0.872871 0.547354 0.654337 0.684588 0.929356 0.601214 0.694041 0.668786 0.822373 0.729757 0.560419 0.499763 0.548841 0.954421 0.950696 0.985595 0.958326 0.462500 0.441895 0.000000 0.463452 0.745764 0.885093 0.581014 0.505859 0.689827 0.830464 0.839868 0.894354 0.762338 0.876914 0.839616 0.850265 0.776701 0.791450 0.779224 0.838364 0.610107 0.773022 0.835838 0.995758 0.985236 0.933341 0.932233 0.990594 0.987578 0.879202 0.722977 0.758869 0.995789 0.926702 0.753391 0.542369 0.573386 0.550925 0.670432 0.843535 0.468696 0.498380 0.330137 0.596484 0.581577 0.998937 0.696575 0.670580 0.735644 0.798076 0.858917 0.814303 0.985374 0.972989 0.662152 0.634257 0.740725 0.901976 0.637179 0.674509 0.981337 0.818645 0.717147 0.612194 0.795168 0.976245 0.814853 0.782196 0.595783 0.580087 0.553992 0.514743 0.907675 0.722544 0.957034 0.951106 0.812536 0.614967 0.837050 0.694022 0.862481 0.707909 0.662825 0.906912 0.780580 0.899434 0.902979 0.988936 0.921272 0.965168 0.840000 0.963794 0.950231 0.767310
0.688748 0.714876 0.483238 0.470702 0.891818 0.752658 0.670106 0.649795 0.543574 0.800491 0.640518 0.770649 0.807451 0.893707 0.833854 0.641108 0.507936 0.506464 0.970904 0.983814 0.890976 0.917964 0.614913 0.679764 0.463452 0.000000 0.856269 0.844453 0.719899 0.583196 0.666584 0.726396 0.858957 0.899237 0.721126 0.911615 0.776391 0.904192 0.728793 0.739217 0.701098 0.812366 0.626653 0.803090 0.832254 0.988046 0.958270 0.925265 0.985997 0.919894 0.937546 0.843650 0.737774 0.647186 0.992193 0.929498 0.627614 0.533804 0.639090 0.602943 0.677991 0.914563 0.459451 0.490697 0.513721 0.653331 0.611401 0.917195 0.757742 0.782334 0.692355 0.748137 0.951447 0.944070 0.937546 0.967723 0.557196 0.600462 0.825175 0.831946 0.626400 0.630913 0.907795 0.754540 0.919935 0.800038 0.981204 0.893918 0.990406 0.852176 0.640691 0.565784 0.573491 0.528719 0.893690 0.791060 0.919203 0.829039 0.761406 0.642222 0.855389 0.719700 0.937012 0.870042 0.724476 0.910661 0.827320 0.851023 0.971487 0.983758 0.979557 0.959475 0.793317 0.888264 0.936754 0.761341
0.910073 0.854095 0.960308 0.894654 0.910186 0.751260 0.913029 0.796644 0.947614 0.800385 0.894281 0.719586 0.993631 0.877636 0.719539 0.894382 0.794879 0.946202 0.904134 0.943637 0.962051 0.984267 0.611210 0.591301 0.745764 0.856269 0.000000 0.905504 0.900520 0.863778 0.982629 0.907673 0.854685 0.792791 0.792213 0.719770 0.906300 0.875000 0.963344 0.948083 0.975686 0.879679 0.947236 0.948008 0.829713 0.893243 0.928970 0.870002 0.906555 0.907069 0.966991 0.899207 0.732593 0.805655 0.920876 0.974595 0.945612 0.899835 0.829368 0.791702 0.763629 0.724394 0.897140 0.855694 0.637120 0.992947 0.950990 0.775189 0.927883 0.970039 0.861241 0.649997 0.750330 0.642176 0.862044 0.910929 0.990958 0.904691 0.800199 0.865165 0.902800 0.949830 0.683523 0.905333 0.692445 0.671631 0.782985 0.839287 0.857445 0.661724 0.942146 0.954099 0.922280 0.982961 0.937187 0.736220 0.701132 0.906824 0.819694 0.957315 0.873843 0.947184 0.714017 0.892892 0.947735 0.871540 0.867705 0.944772 0.969851 0.978274 0.938686 0.938195 0.941425 0.923066 0.892536 0.906488
0.866702 0.783067 0.943658 0.963577 0.970094 0.970206 0.931261 0.924629 0.894821 0.707650 0.990133 0.963781 0.972125 0.947776 0.866639 0.981736 0.937062 0.853208 0.993041 0.992608 0.964545 0.885490 0.821737 0.940427 0.885093 0.844453 0.905504 0.000000 0.915026 0.967660 0.965351 0.952968 0.824437 0.990803 0.820113 0.823142 0.977380 0.901044 0.914707 0.863555 0.938636 0.838946 0.860716 0.816376 0.823392 0.859842 0.931978 0.805131 0.800886 0.774584 0.843392 0.716006 0.762347 0.961744 0.812486 0.979764 0.874051 0.802674 0.880776 0.944389 0.906179 0.815899 0.926063 0.862814 0.847912 0.964257 0.850199 0.884455 0.938913 0.894911 0.803302 0.778403 0.881986 0.901498 0.889031 0.824353 0.849078 0.911559 0.917200 0.912082 0.886686 0.862861 0.786699 0.815216 0.680140 0.711919 0.870209 0.808872 0.918848 0.765526 0.869290 0.891427 0.934500 0.996776 0.883227 0.892100 0.843237 0.916540 0.918801 0.965108 0.967035 0.955464 0.905423 0.949360 0.847540 0.943871 0.930328 0.923165 0.893908 0.918839 0.797808 0.970141 0.939557 0.940716 0.996735 0.945237
0.590538 0.557999 0.656115 0.694240 0.853331 0.888264 0.883918 0.840986 0.736556 0.805881 0.527203 0.576719 0.986481 0.941394 0.904365 0.831684 0.537228 0.482348 0.729198 0.853921 0.939436 0.960209 0.765542 0.751078 0.581014 0.719899 0.900520 0.915026 0.000000 0.408780 0.905338 0.949158 0.801938 0.675366 0.858859 0.868274 0.782010 0.806793 0.828463 0.838737 0.817769 0.708142 0.802192 0.960421 0.954151 0.823624 0.837295 0.919996 0.807055 0.829968 0.874230 0.962938 0.987137 0.840733 0.706754 0.972349 0.659016 0.584713 0.656210 0.646451 0.618294 0.981676 0.452756 0.500889 0.597270 0.656373 0.913530 0.898903 0.678276 0.705363 0.685792 0.846038 0.811453 0.961166 0.957198 0.849792 0.780753 0.824831 0.725241 0.825686 0.528026 0.538123 0.744266 0.562050 0.991807 0.975639 0.971401 0.857069 0.915975 0.978445 0.652634 0.634697 0.713950 0.630942 0.885999 0.683799 0.998042 0.782055 0.849274 0.684632 0.750461 0.799963 0.976194 0.795176 0.825286 0.896221 0.757221 0.980164 0.860163 0.943741 0.767015 0.962880 0.848191 0.975382 0.996534 0.666773
0.567750 0.586604 0.685877 0.720351 0.883566 0.906758 0.904857 0.880931 0.766093 0.895485 0.426953 0.600765 0.978612 0.977410 0.978809 0.842200 0.414382 0.400241 0.666460 0.814521 0.914555 0.947454 0.723691 0.750328 0.505859 0.583196 0.863778 0.967660 0.408780 0.000000 0.997976 0.914424 0.819151 0.618303 0.823284 0.985358 0.851859 0.929834 0.837789 0.868796 0.771589 0.711441 0.752891 0.982895 0.960146 0.850074 0.805189 0.947684 0.910342 0.902988 0.880215 0.996564 0.922499 0.803968 0.780696 0.944364 0.612907 0.542658 0.616463 0.604359 0.524123 0.953459 0.382922 0.444144 0.540563 0.670548 0.955677 0.867154 0.614768 0.664265 0.790143 0.841651 0.782677 0.887883 0.906878 0.959219 0.792019 0.867012 0.638006 0.711517 0.481465 0.487421 0.783278 0.561411 0.948580 0.951475 0.887808 0.806336 0.998904 0.947940 0.688930 0.631281 0.656850 0.578262 0.833805 0.835101 0.902616 0.921431 0.866232 0.727967 0.712474 0.884548 0.908198 0.735207 0.809960 0.977610 0.734692 0.971180 0.903002 0.799273 0.883314 0.983857 0.844441 0.925409 0.902317 0.754642
0.940426 0.916317 0.601985 0.569642 0.829468 0.900270 0.580721 0.690750 0.545798 0.901911 0.957232 0.886122 0.722466 0.912697 0.823578 0.604485 0.779945 0.814007 0.746372 0.991098 0.767663 0.864505 0.715372 0.773481 0.689827 0.666584 0.982629 0.965351 0.905338 0.997976 0.000000 0.607797 0.654978 0.698849 0.958445 0.810413 0.744824 0.740066 0.820032 0.770589 0.925108 0.968857 0.594175 0.624007 0.606324 0.721282 0.866118 0.880223 0.807806 0.765196 0.670456 0.705663 0.616803 0.618218 0.849987 0.753203 0.916884 0.741769 0.824609 0.782389 0.904439 0.879871 0.779739 0.757705 0.730888 0.941254 0.577065 0.819387 0.957124 0.997365 0.689130 0.818331 0.962204 0.961128 0.825987 0.896470 0.587594 0.702347 0.813808 0.885798 0.949144 0.931657 0.925676 0.987662 0.884770 0.766030 0.960564 0.877647 0.892049 0.922750 0.760069 0.671534 0.695215 0.657448 0.915703 0.778026 0.908204 0.855338 0.713922 0.753524 0.991369 0.584112 0.947911 0.976443 0.857927 0.959220 0.942865 0.859355 0.968258 0.977953 0.991845 0.903777 0.804436 0.897434 0.766984 0.812821
0.995924 0.978436 0.678921 0.625312 0.748585 0.835035 0.561390 0.601325 0.760003 0.864911 0.997098 0.921118 0.710393 0.760256 0.834949 0.669284 0.867849 0.887444 0.681467 0.856822 0.986017 0.984680 0.800655 0.840789 0.830464 0.726396 0.907673 0.952968 0.949158 0.914424 0.607797 0.000000 0.609634 0.782644 0.967774 0.917777 0.949393 0.913446 0.898319 0.888763 0.987706 0.982210 0.722215 0.740232 0.830698 0.833182 0.817257 0.938278 0.913037 0.769683 0.774444 0.762036 0.787431 0.782738 0.887257 0.867133 0.969446 0.850094 0.949639 0.929146 0.934576 0.962236 0.927945 0.878102 0.839622 0.863257 0.750140 0.801313 0.897634 0.896328 0.857929 0.881460 0.828898 0.899450 0.980242 0.863142 0.772736 0.834008 0.780999 0.898701 0.956387 0.998382 0.994552 0.994486 0.939459 0.831781 0.768157 0.962460 0.999828 0.934777 0.833758 0.737407 0.734901 0.839632 0.841269 0.987275 0.846752 0.935645 0.861190 0.802318 0.963387 0.798156 0.908406 0.972202 0.737456 0.828291 0.996877 0.971912 0.958906 0.908184 0.936046 0.872086 0.883917 0.952179 0.694420 0.971397
0.773223 0.679366 0.789187 0.764766 0.910643 0.873165 0.589542 0.711693 0.916126 0.879100 0.778849 0.723314 0.569404 0.710341 0.686401 0.651686 0.917921 0.861231 0.681737 0.832163 0.956806 0.926304 0.743493 0.914769 0.839868 0.858957 0.854685 0.824437 0.801938 0.819151 0.654978 0.609634 0.000000 0.608039 0.957266 0.957833 0.936890 0.882237 0.998307 0.799617 0.901231 0.867681 0.627875 0.587165 0.643347 0.677056 0.587661 0.764406 0.771883 0.731658 0.637551 0.631395 0.655928 0.840455 0.768778 0.759319 0.747612 0.882676 0.808244 0.875941 0.662598 0.808244 0.883647 0.869353 0.816609 0.790617 0.661143 0.600009 0.853099 0.826301 0.958506 0.882847 0.820558 0.812378 0.967654 0.924482 0.787905 0.753140 0.788813 0.817537 0.773598 0.736214 0.785774 0.682109 0.692443 0.665230 0.979095 0.973096 0.956664 0.871931 0.917121 0.907703 0.848175 0.989936 0.909754 0.988575 0.816535 0.981967 0.785697 0.785602 0.825839 0.767760 0.792507 0.978683 0.655937 0.876847 0.999337 0.972578 0.954361 0.818500 0.948081 0.947884 0.862794 0.893904 0.725146 0.926369
0.620351 0.656697 0.944191 0.973157 0.820206 0.880873 0.749726 0.794078 0.950005 0.993927 0.680458 0.688982 0.702414 0.909075 0.873897 0.873923 0.694609 0.711607 0.528956 0.894602 0.857591 0.947415 0.952207 0.936250 0.894354 0.899237 0.792791 0.990803 0.675366 0.618303 0.698849 0.782644 0.608039 0.000000 0.864132 0.998634 0.956451 0.838973 0.992585 0.922739 0.923684 0.797077 0.854724 0.781189 0.759196 0.748171 0.641490 0.835249 0.835324 0.890002 0.745772 0.831106 0.830810 0.999915 0.732126 0.922909 0.678174 0.775781 0.727043 0.752836 0.526300 0.766680 0.707197 0.714850 0.871956 0.990662 0.764514 0.638807 0.667560 0.840671 0.942443 0.869945 0.715785 0.790296 0.783295 0.992382 0.846264 0.846159 0.700615 0.659749 0.611457 0.656685 0.921794 0.704925 0.923811 0.877804 0.947742 0.953499 0.920470 0.916668 0.997586 0.990112 0.985002 0.851961 0.887223 0.925402 0.792492 0.985128 0.812778 0.991622 0.953353 0.824396 0.828881 0.820620 0.956470 0.860763 0.947295 0.862182 0.895079 0.867674 0.996516 0.930400 0.911038 0.816746 0.809245 0.856532
0.946251 0.986788 0.905262 0.940043 0.912277 0.987566 0.998287 0.847036 0.846873 0.879678 0.746444 0.882873 0.817769 0.802580 0.683195 0.755372 0.846467 0.875674 0.957552 0.977176 0.985514 0.951219 0.597071 0.723325 0.762338 0.721126 0.792213 0.820113 0.858859 0.823284 0.958445 0.967774 0.957266 0.864132 0.000000 0.883279 0.830937 0.988098 0.783724 0.943384 0.886137 0.891200 0.649899 0.748815 0.638991 0.727024 0.800412 0.808359 0.719669 0.735413 0.796039 0.679606 0.742500 0.712143 0.964855 0.870322 0.990005 0.971146 0.980790 0.917449 0.941291 0.880124 0.879683 0.896651 0.643333 0.883315 0.782652 0.956861 0.996995 0.979872 0.935475 0.906549 0.937719 0.973833 0.910160 0.835226 0.761813 0.681628 0.938385 0.979934 0.946674 0.869074 0.838139 0.959786 0.675909 0.711902 0.828762 0.999569 0.907133 0.780529 0.921378 0.989737 0.946452 0.986664 0.907907 0.854744 0.837507 0.998909 0.874416 0.686318 0.987410 0.903264 0.973509 0.924759 0.780709 0.936134 0.995974 0.950508 0.764672 0.894584 0.951542 0.791108 0.790802 0.981783 0.863336 0.833148
0.971511 0.992622 0.878924 0.830492 0.945291 0.975300 0.960957 0.991808 0.825313 0.926300 0.854563 0.891451 0.872540 0.838129 0.852946 0.809545 0.868697 0.917975 0.848690 0.884639 0.955679 0.957450 0.728381 0.802565 0.876914 0.911615 0.719770 0.823142 0.868274 0.985358 0.810413 0.917777 0.957833 0.998634 0.883279 0.000000 0.916201 0.967148 0.829233 0.983746 0.984285 0.896554 0.848536 0.889737 0.803257 0.923344 0.980906 0.913898 0.934926 0.905851 0.978924 0.840653 0.780761 0.889307 0.901988 0.990088 0.972694 0.926892 0.968403 0.891476 0.933014 0.916962 0.898332 0.894155 0.782945 0.932046 0.957284 0.914346 0.881721 0.931714 0.969141 0.804397 0.878477 0.987768 0.916384 0.887547 0.888839 0.970526 0.935632 0.991342 0.895485 0.914386 0.832944 0.981900 0.827431 0.811069 0.906623 0.991833 0.942729 0.908318 0.915275 0.890077 0.900319 0.882319 0.914157 0.729783 0.968179 0.987139 0.975665 0.858477 0.961171 0.698904 0.882369 0.931753 0.874240 0.809172 0.919726 0.978009 0.887609 0.957591 0.916090 0.919768 0.922462 0.961679 0.700479 0.996637
0.892319 0.958798 0.837981 0.805851 0.920476 0.954361 0.956828 0.930375 0.868738 0.976871 0.961228 0.989812 0.963843 0.877842 0.982767 0.905793 0.961948 0.974124 0.915114 0.963047 0.787182 0.698693 0.907639 0.944309 0.839616 0.776391 0.906300 0.977380 0.782010 0.851859 0.744824 0.949393 0.936890 0.956451 0.830937 0.916201 0.000000 0.819485 0.855055 0.699874 0.901541 0.945705 0.626106 0.636559 0.715494 0.731571 0.767644 0.729947 0.731745 0.805849 0.758763 0.803657 0.800580 0.842701 0.754568 0.773547 0.870082 0.994413 0.989569 0.983365 0.872614 0.947152 0.907936 0.951531 0.897803 0.949372 0.794635 0.869653 0.932073 0.949742 0.909061 0.969908 0.920503 0.989491 0.936418 0.913997 0.805004 0.906382 0.944775 0.769331 0.924018 0.916593 0.941563 0.963185 0.906699 0.917552 0.945997 0.870492 0.943918 0.823660 0.990887 0.987670 0.973891 0.976980 0.867320 0.881707 0.891800 0.889137 0.825517 0.865827 0.936103 0.982644 0.866232 0.903753 0.939123 0.950562 0.941132 0.988125 0.959891 0.954780 0.975213 0.971607 0.858478 0.902755 0.839710 0.756777
0.797833 0.964157 0.828700 0.847731 0.823156 0.884565 0.920136 0.903396 0.885989 0.965650 0.918364 0.977561 0.884735 0.936576 0.989564 0.799380 0.992957 0.950085 0.952051 0.818155 0.796730 0.878980 0.906420 0.787130 0.850265 0.904192 0.875000 0.901044 0.806793 0.929834 0.740066 0.913446 0.882237 0.838973 0.988098 0.967148 0.819485 0.000000 0.981711 0.655592 0.944849 0.931745 0.718961 0.658607 0.745106 0.698451 0.848035 0.755461 0.747930 0.800489 0.736222 0.738476 0.706124 0.792638 0.893162 0.748869 0.803148 0.984732 0.990785 0.979870 0.959450 0.958928 0.943582 0.958975 0.878322 0.983916 0.834653 0.974392 0.822478 0.866279 0.860136 0.956809 0.941585 0.930402 0.856858 0.798236 0.806855 0.837944 0.989543 0.989729 0.854618 0.884889 0.838002 0.823772 0.897431 0.832990 0.951387 0.966135 0.754055 0.778682 0.962454 0.979228 0.971686 0.992540 0.989106 0.860770 0.958042 0.802118 0.967963 0.931510 0.819145 0.858640 0.863650 0.829165 0.937595 0.905660 0.916472 0.864581 0.997205 0.856176 0.820013 0.979051 0.878219 0.903346 0.970978 0.814720
