0.000000 0.350729 0.635080 0.669440 0.854669 0.883215 0.778408 0.818397 0.700206 0.692872 0.474194 0.502208 0.905399 0.869975 0.933038 0.913585 0.434191 0.405710 0.804257 0.746488 0.935746 0.949091 0.804348 0.795931 0.653292 0.683950 0.887137 0.844378 0.558453 0.548226 0.961004 0.990323 0.757764 0.612727 0.952475 0.994251 0.927401 0.807888 0.906154 0.841185 0.627445 0.627857 0.968740 0.758141 0.792333 0.613536 0.558960 0.673869 0.602338 0.638983 0.599604 0.646598 0.857849 0.906952 0.647377 0.747172 0.333285 0.365561 0.395861 0.439028 0.563291 0.770373 0.412506 0.385123 0.667872 0.766064 0.950470 0.716629 0.459665 0.443255 0.687060 0.782412 0.830081 0.837270 0.817530 0.964753 0.877217 0.876616 0.563733 0.667069 0.317134 0.400594 0.706608 0.450452 0.813856 0.906793 0.977021 0.850482 0.968424 0.842502 0.567569 0.567857 0.566438 0.470862 0.839557 0.793013 0.877708 0.980425 0.961023 0.841037 0.858899 0.784773 0.903915 0.726419 0.993000 0.932780 0.957415 0.994506 0.901260 0.874533 0.824767 0.978295 0.974485 0.805664 0.785273 0.825824
0.350729 0.000000 0.651698 0.709269 0.851842 0.930937 0.824797 0.848854 0.646017 0.600907 0.582773 0.512319 0.936655 0.849487 0.905719 0.939925 0.479434 0.457583 0.833159 0.836272 0.975758 0.945614 0.845559 0.808919 0.725281 0.714058 0.848275 0.767004 0.554188 0.584563 0.932207 0.965149 0.706362 0.661612 0.985706 0.988960 0.983154 0.976193 0.937625 0.832758 0.631081 0.627856 0.938237 0.755871 0.775885 0.619015 0.545153 0.643805 0.637146 0.617542 0.590092 0.611485 0.811170 0.923907 0.628937 0.766267 0.354635 0.339930 0.370575 0.387193 0.600729 0.821782 0.428193 0.397643 0.704204 0.783044 0.975289 0.696248 0.501560 0.486698 0.722478 0.790578 0.742846 0.825286 0.813792 0.962064 0.863124 0.937675 0.612073 0.602336 0.363928 0.418944 0.687961 0.461854 0.761680 0.864512 0.897639 0.809082 0.924626 0.846189 0.634746 0.620312 0.652017 0.505084 0.817847 0.747143 0.859975 0.849954 0.963624 0.877945 0.920108 0.817533 0.894695 0.789390 0.938461 0.923124 0.959055 0.972105 0.968128 0.840865 0.798165 0.931339 0.968261 0.814761 0.773221 0.758689
0.635080 0.651698 0.000000 0.379171 0.990217 0.764028 0.412598 0.475665 0.510581 0.711128 0.733057 0.870210 0.654132 0.823010 0.840535 0.599968 0.515185 0.514657 0.821875 0.901333 0.939396 0.893530 0.587374 0.553174 0.408893 0.484606 0.960371 0.958256 0.698486 0.693648 0.588840 0.676165 0.763368 0.927778 0.888801 0.864718 0.838327 0.822863 0.690610 0.816274 0.744567 0.901629 0.627075 0.801424 0.868027 0.925975 0.943595 0.998621 0.829833 0.924746 0.991111 0.956765 0.800375 0.703953 0.912240 0.897771 0.637068 0.446682 0.566867 0.561018 0.859941 0.937380 0.474576 0.491028 0.478411 0.505225 0.568578 0.914213 0.701501 0.679958 0.548613 0.629319 0.994632 0.966137 0.958438 0.838575 0.651038 0.616310 0.893492 0.878885 0.568513 0.675650 0.847794 0.730751 0.926198 0.744514 0.993727 0.870242 0.806813 0.976097 0.529132 0.493887 0.463772 0.471161 0.966873 0.703792 0.825665 0.745417 0.670727 0.595392 0.852602 0.636728 0.938423 0.757541 0.737746 0.898642 0.803784 0.897542 0.896464 0.991869 0.837499 0.937259 0.842682 0.871296 0.913964 0.847519
0.669440 0.709269 0.379171 0.000000 0.856074 0.881084 0.437332 0.381604 0.561115 0.702076 0.748302 0.776899 0.845671 0.890837 0.981210 0.723036 0.534390 0.562149 0.836678 0.896824 0.927746 0.969442 0.638331 0.602505 0.460171 0.476017 0.874021 0.983833 0.650896 0.700227 0.626353 0.636898 0.895590 0.982806 0.995835 0.859674 0.809399 0.899711 0.685567 0.861461 0.736269 0.878182 0.691440 0.796492 0.971409 0.912339 0.870183 0.991871 0.874473 0.968419 0.964092 0.949136 0.744637 0.726625 0.944498 0.961557 0.687019 0.511411 0.587117 0.615190 0.671157 0.847139 0.527401 0.513409 0.594924 0.719700 0.653729 0.999402 0.790473 0.809141 0.647091 0.672767 0.926798 0.889496 0.894946 0.923137 0.661149 0.725064 0.850171 0.903263 0.639229 0.737325 0.791390 0.771758 0.970166 0.806433 0.933328 0.923336 0.887912 0.907601 0.598409 0.516436 0.537777 0.504781 0.984180 0.751772 0.931175 0.826254 0.869923 0.740174 0.879445 0.637391 0.967195 0.774898 0.758957 0.880903 0.803511 0.902489 0.882394 0.966011 0.979747 0.793762 0.852654 0.896714 0.966997 0.835929
0.854669 0.851842 0.990217 0.856074 0.000000 0.875198 0.946704 0.830127 0.933538 0.991527 0.924139 0.999531 0.804392 0.946514 0.852103 0.811670 0.961003 0.992107 0.983980 0.990474 0.918544 0.885586 0.786211 0.797947 0.933859 0.894581 0.899606 0.984327 0.898969 0.887736 0.857573 0.773339 0.987311 0.835245 0.885298 0.926026 0.898964 0.854750 0.888952 0.872708 0.963931 0.907392 0.900641 0.758450 0.958903 0.774383 0.888361 0.837441 0.773591 0.688813 0.795751 0.853086 0.830479 0.923516 0.892230 0.930372 0.826556 0.910741 0.880876 0.810132 0.891192 0.959964 0.934646 0.944411 0.779835 0.726948 0.901243 0.896732 0.826537 0.725737 0.941257 0.980831 0.904305 0.884015 0.992373 0.940927 0.920730 0.970352 0.875700 0.884874 0.798417 0.877594 0.917767 0.889210 0.799882 0.853595 0.774402 0.885389 0.970568 0.982405 0.763680 0.868590 0.847844 0.808378 0.978679 0.982531 0.887248 0.877820 0.928733 0.740676 0.939647 0.982682 0.777778 0.840271 0.934240 0.948337 0.979257 0.867837 0.984738 0.783747 0.865601 0.908902 0.984453 0.909705 0.930385 0.890057
0.883215 0.930937 0.764028 0.881084 0.875198 0.000000 0.679433 0.717237 0.829114 0.671881 0.912937 0.877791 0.698013 0.943950 0.925024 0.699096 0.962977 0.857721 0.798740 0.930104 0.861230 0.978005 0.883730 0.967388 0.843693 0.760728 0.763933 0.945262 0.969487 0.938640 0.844885 0.848286 0.766503 0.839761 0.908151 0.976102 0.974138 0.948091 0.848516 0.941800 0.931993 0.993833 0.979491 0.760622 0.837367 0.672572 0.944712 0.638922 0.687294 0.674196 0.839040 0.874047 0.845909 0.901276 0.814443 0.924578 0.683769 0.838459 0.985423 0.888536 0.781492 0.721703 0.857474 0.869825 0.861305 0.527013 0.714154 0.675106 0.760850 0.732056 0.643520 0.737948 0.754588 0.799204 0.928533 0.951468 0.783253 0.791859 0.940023 0.908987 0.800113 0.860117 0.875112 0.815138 0.975828 0.975141 0.983775 0.896741 0.902341 0.731504 0.548871 0.609395 0.569762 0.716809 0.882415 0.901379 0.735390 0.974423 0.740852 0.685403 0.759413 0.876535 0.991963 0.845408 0.750396 0.876329 0.891000 0.974637 0.951480 0.895280 0.986026 0.841006 0.699924 0.953340 0.895155 0.813258
0.778408 0.824797 0.412598 0.437332 0.946704 0.679433 0.000000 0.410071 0.565952 0.683347 0.892986 0.977447 0.563151 0.822805 0.795308 0.546481 0.749871 0.739229 0.610760 0.916866 0.978970 0.943027 0.590368 0.619727 0.539114 0.663428 0.918859 0.944318 0.885984 0.896827 0.588068 0.548736 0.635853 0.755242 0.983442 0.938544 0.956364 0.903886 0.813112 0.884183 0.833499 0.897068 0.766738 0.915892 0.939689 0.880131 0.984558 0.957667 0.785674 0.871187 0.978661 0.988597 0.880537 0.878199 0.985411 0.905000 0.746954 0.613272 0.690137 0.644031 0.934177 0.973930 0.736873 0.711244 0.571520 0.576707 0.535203 0.848142 0.722889 0.739364 0.633203 0.664228 0.917495 0.965466 0.866298 0.853548 0.742279 0.668195 0.945744 0.957031 0.782141 0.890544 0.939501 0.902435 0.799229 0.687822 0.977737 0.969867 0.860293 0.944943 0.516436 0.495696 0.442545 0.531768 0.928259 0.793509 0.838151 0.957212 0.759012 0.719812 0.869152 0.583411 0.843731 0.738984 0.764828 0.861474 0.903790 0.932308 0.805611 0.995734 0.968731 0.901694 0.805635 0.924283 0.890249 0.962719
0.818397 0.848854 0.475665 0.381604 0.830127 0.717237 0.410071 0.000000 0.666188 0.526243 0.879158 0.969361 0.882766 0.998795 0.827737 0.832226 0.758066 0.686114 0.715405 0.876138 0.988252 0.994954 0.925937 0.874898 0.681936 0.646791 0.796258 0.913393 0.802467 0.862034 0.731016 0.592223 0.828028 0.832205 0.802648 0.980095 0.955368 0.952125 0.807334 0.866402 0.861648 0.979812 0.868808 0.960900 0.813184 0.757757 0.907514 0.863375 0.715646 0.874343 0.890031 0.916656 0.983252 0.966525 0.967822 0.984855 0.758570 0.634659 0.784246 0.822283 0.926781 0.872690 0.685663 0.683945 0.856543 0.659552 0.754371 0.893581 0.823410 0.794141 0.598571 0.525514 0.845187 0.916860 0.865594 0.981149 0.770044 0.825009 0.922514 0.972448 0.785184 0.827716 0.639318 0.745557 0.855494 0.972409 0.760920 0.783247 0.927020 0.851548 0.562626 0.534229 0.518188 0.590228 0.990905 0.893409 0.670424 0.806858 0.832632 0.814943 0.781684 0.705510 0.907590 0.758349 0.860433 0.866950 0.832935 0.877163 0.906220 0.977295 0.930169 0.860089 0.894028 0.967880 0.960904 0.976355
0.700206 0.646017 0.510581 0.561115 0.933538 0.829114 0.565952 0.666188 0.000000 0.617355 0.712429 0.888984 0.722110 0.899261 0.890501 0.554647 0.628320 0.542133 0.725782 0.968337 0.864601 0.993240 0.637817 0.685529 0.669734 0.535793 0.935968 0.888496 0.716386 0.748494 0.564701 0.757743 0.947055 0.956426 0.841263 0.818818 0.839089 0.866806 0.864377 0.907091 0.691636 0.804488 0.618544 0.806105 0.763664 0.947329 0.979418 0.897683 0.979231 0.952154 0.879709 0.855430 0.754689 0.535151 0.896377 0.824389 0.640587 0.500422 0.664684 0.544053 0.838981 0.989133 0.562583 0.537553 0.597697 0.709811 0.629691 0.992962 0.815548 0.824639 0.517117 0.667790 0.947852 0.962059 0.826617 0.802459 0.560788 0.658617 0.943612 0.874715 0.639425 0.680434 0.931009 0.734385 0.914382 0.839848 0.988466 0.842358 0.845282 0.959976 0.523732 0.466019 0.544057 0.501438 0.921075 0.737380 0.905901 0.799121 0.653608 0.611589 0.955639 0.561321 0.924903 0.968621 0.890753 0.910934 0.851362 0.817507 0.824844 0.883683 0.977904 0.808735 0.708087 0.869732 0.895629 0.752523
0.692872 0.600907 0.711128 0.702076 0.991527 0.671881 0.683347 0.526243 0.617355 0.000000 0.826588 0.943147 0.977168 0.870173 0.659487 0.954571 0.820305 0.649553 0.795086 0.984174 0.968269 0.860998 0.880761 0.920463 0.957167 0.792273 0.792537 0.712143 0.801297 0.890315 0.910467 0.851280 0.868612 0.981308 0.849839 0.933743 0.929079 0.989305 0.965147 0.967421 0.845034 0.862595 0.894455 0.724399 0.660224 0.587733 0.703211 0.586725 0.638327 0.629507 0.689756 0.666126 0.769044 0.969192 0.709798 0.828715 0.511928 0.540362 0.692347 0.711398 0.913016 0.882138 0.659656 0.626988 0.950965 0.753935 0.964388 0.988546 0.761329 0.671620 0.496014 0.565842 0.819353 0.860400 0.904652 0.901245 0.765260 0.884801 0.840039 0.765146 0.622355 0.641181 0.581926 0.552885 0.592270 0.651530 0.741843 0.695907 0.942832 0.674270 0.510309 0.494435 0.541424 0.549241 0.992408 0.809764 0.693991 0.781074 0.842503 0.879557 0.799599 0.832573 0.841822 0.818242 0.992089 0.957913 0.962965 0.854777 0.879529 0.988327 0.887302 0.991818 0.870955 0.858058 0.855849 0.969254
0.474194 0.582773 0.733057 0.748302 0.924139 0.912937 0.892986 0.879158 0.712429 0.826588 0.000000 0.555396 0.884346 0.882969 0.971013 0.883446 0.459349 0.371457 0.750850 0.783787 0.963832 0.980685 0.780412 0.865013 0.636198 0.650444 0.879477 0.970891 0.495389 0.421122 0.992960 0.996191 0.715279 0.653926 0.828473 0.905222 0.970953 0.870560 0.902194 0.926569 0.732558 0.749307 0.779502 0.983290 0.973264 0.859145 0.787865 0.871065 0.862099 0.905567 0.833216 0.931079 0.982697 0.776357 0.763904 0.830180 0.516549 0.483921 0.569897 0.572738 0.525856 0.762471 0.422490 0.397691 0.671211 0.815800 0.946685 0.761442 0.505661 0.546767 0.706821 0.763963 0.956747 0.948083 0.952012 0.944013 0.749490 0.837219 0.665889 0.745105 0.455905 0.406933 0.746265 0.463572 0.917982 0.922053 0.986769 0.792200 0.920786 0.877217 0.580579 0.553725 0.589394 0.513285 0.844631 0.873009 0.963304 0.982218 0.777384 0.688308 0.861915 0.824584 0.977311 0.771447 0.959447 0.952859 0.809535 0.790711 0.804559 0.791515 0.755764 0.869735 0.865190 0.955531 0.865720 0.864240
0.502208 0.512319 0.870210 0.776899 0.999531 0.877791 0.977447 0.969361 0.888984 0.943147 0.555396 0.000000 0.786707 0.709669 0.962413 0.890119 0.548505 0.565508 0.755494 0.765841 0.949988 0.985178 0.847239 0.886342 0.738089 0.784613 0.705513 0.987767 0.533422 0.596647 0.975488 0.919858 0.632579 0.652916 0.973374 0.964099 0.995878 0.925157 0.919472 0.913620 0.755879 0.724643 0.956140 0.938257 0.922060 0.849795 0.650391 0.942563 0.874159 0.874166 0.741658 0.820808 0.994491 0.932644 0.794015 0.762737 0.587643 0.592268 0.496266 0.589714 0.455071 0.517963 0.572749 0.524078 0.726777 0.927760 0.898319 0.651233 0.645083 0.656477 0.945722 0.992240 0.664829 0.640790 0.817204 0.949895 0.875835 0.935050 0.642031 0.809168 0.596382 0.541935 0.844452 0.586831 0.931070 0.962085 0.927138 0.970102 0.963000 0.974239 0.821405 0.775470 0.807795 0.641214 0.901411 0.852743 0.691095 0.919160 0.991539 0.970854 0.967838 0.938315 0.800596 0.823384 0.939380 0.892075 0.924684 0.928003 0.933326 0.850401 0.781237 0.935772 0.843752 0.909836 0.823496 0.849735
0.905399 0.936655 0.654132 0.845671 0.804392 0.698013 0.563151 0.882766 0.722110 0.977168 0.884346 0.786707 0.000000 0.536551 0.433235 0.360715 0.955518 0.979829 0.564324 0.696362 0.932981 0.929365 0.493626 0.570701 0.655279 0.825979 0.961687 0.953034 0.915125 0.936086 0.677626 0.740712 0.497884 0.659919 0.740909 0.818094 0.943675 0.821146 0.887839 0.813763 0.961158 0.894899 0.686487 0.743868 0.637934 0.818341 0.721954 0.962351 0.911019 0.945327 0.752945 0.734721 0.743850 0.794762 0.996105 0.723862 0.957718 0.904888 0.927729 0.761806 0.658586 0.787938 0.954780 0.975265 0.537867 0.606065 0.573878 0.759814 0.923635 0.948375 0.780718 0.913714 0.971167 0.874271 0.909928 0.845326 0.740571 0.708989 0.882364 0.970684 0.955968 0.926452 0.782618 0.835965 0.581814 0.569929 0.820077 0.830268 0.772585 0.869299 0.733166 0.779666 0.709826 0.832726 0.895255 0.843582 0.885989 0.988975 0.677025 0.606885 0.867204 0.695124 0.915222 0.988015 0.674715 0.791446 0.981381 0.963565 0.894970 0.991869 0.918648 0.843675 0.820255 0.982717 0.682610 0.936118
0.869975 0.849487 0.823010 0.890837 0.946514 0.943950 0.822805 0.998795 0.899261 0.870173 0.882969 0.709669 0.536551 0.000000 0.537183 0.556533 0.899435 0.976360 0.748948 0.693906 0.977666 0.797272 0.566408 0.556317 0.753515 0.908343 0.898318 0.940357 0.834910 0.928017 0.822985 0.811181 0.561273 0.813187 0.679540 0.797102 0.973768 0.810983 0.987396 0.911038 0.988554 0.882418 0.752938 0.761158 0.676013 0.732030 0.813580 0.806730 0.782186 0.726593 0.757827 0.622479 0.755021 0.706037 0.927584 0.877741 0.867571 0.954863 0.875345 0.995620 0.812884 0.811434 0.991744 0.985832 0.683505 0.756089 0.721299 0.748132 0.979778 0.813298 0.996826 0.879799 0.999923 0.910900 0.857683 0.774322 0.832368 0.773956 0.849300 0.988767 0.972850 0.909212 0.706825 0.724289 0.648887 0.625285 0.830197 0.801720 0.850219 0.692237 0.984486 0.987427 0.948476 0.979269 0.950504 0.912472 0.936929 0.907171 0.931940 0.752026 0.945808 0.953479 0.933516 0.965946 0.612260 0.701310 0.961151 0.919573 0.985701 0.838231 0.858339 0.997439 0.997634 0.984234 0.773887 0.948150
0.933038 0.905719 0.840535 0.981210 0.852103 0.925024 0.795308 0.827737 0.890501 0.659487 0.971013 0.962413 0.433235 0.537183 0.000000 0.468348 0.894789 0.925071 0.749485 0.877360 0.945427 0.925755 0.400249 0.531243 0.688991 0.844569 0.733509 0.857568 0.841224 0.959582 0.764975 0.856181 0.597182 0.816312 0.609431 0.818981 0.924211 0.897071 0.854699 0.941442 0.970866 0.997432 0.709386 0.755551 0.539234 0.691679 0.754307 0.817945 0.754035 0.768693 0.718477 0.623235 0.660815 0.705037 0.826701 0.780433 0.893760 0.985397 0.968470 0.809739 0.797628 0.937057 0.942567 0.948511 0.487126 0.810391 0.599847 0.906122 0.934360 0.953847 0.921029 0.774417 0.906483 0.889432 0.844285 0.973944 0.919027 0.770886 0.912571 0.969680 0.943794 0.860746 0.537867 0.723214 0.415505 0.421263 0.679863 0.676796 0.758101 0.727134 0.967956 0.984621 0.921863 0.971194 0.880411 0.885817 0.861309 0.807922 0.912756 0.749486 0.947155 0.858668 0.793379 0.982241 0.724639 0.849576 0.856785 0.889222 0.988301 0.987151 0.949458 0.884767 0.894248 0.954470 0.705881 0.977274
0.913585 0.939925 0.599968 0.723036 0.811670 0.699096 0.546481 0.832226 0.554647 0.954571 0.883446 0.890119 0.360715 0.556533 0.468348 0.000000 0.743406 0.809281 0.678901 0.807136 0.906795 0.925231 0.409674 0.493346 0.558921 0.661848 0.941415 0.960573 0.933794 0.887713 0.573144 0.675844 0.568927 0.816851 0.714079 0.777968 0.913494 0.769598 0.836537 0.842095 0.915887 0.966135 0.576673 0.709715 0.588667 0.801216 0.789930 0.992678 0.864356 0.870510 0.713690 0.677043 0.626650 0.588374 0.972459 0.688186 0.885493 0.736544 0.828127 0.636220 0.862732 0.913980 0.776247 0.781279 0.446766 0.619057 0.537893 0.846419 0.831896 0.904648 0.705718 0.835477 0.998943 0.919620 0.821832 0.796502 0.639892 0.646712 0.903891 0.893473 0.797029 0.927302 0.775406 0.927077 0.589190 0.565603 0.875384 0.884376 0.869273 0.822601 0.622315 0.627422 0.609632 0.652792 0.924353 0.771430 0.915681 0.913578 0.692799 0.543501 0.858108 0.607189 0.953703 0.919136 0.657498 0.812942 0.964659 0.911503 0.910622 0.988071 0.890914 0.813530 0.726334 0.958830 0.669614 0.778964
0.434191 0.479434 0.515185 0.534390 0.961003 0.962977 0.749871 0.758066 0.628320 0.820305 0.459349 0.548505 0.955518 0.899435 0.894789 0.743406 0.000000 0.328408 0.836460 0.891515 0.962618 0.980020 0.598719 0.621223 0.451233 0.488338 0.756506 0.913495 0.511852 0.390747 0.787580 0.890196 0.905828 0.690001 0.832550 0.884330 0.901432 0.967039 0.806894 0.956319 0.691479 0.778418 0.660256 0.914648 0.918216 0.921484 0.805903 0.946410 0.918974 0.972792 0.900728 0.972323 0.786662 0.623740 0.801271 0.869694 0.486651 0.372179 0.465031 0.508943 0.510619 0.807787 0.314880 0.319488 0.495461 0.720954 0.821831 0.819159 0.536802 0.610102 0.675758 0.783599 0.860202 0.884555 0.895116 0.912892 0.714675 0.713854 0.642054 0.672723 0.362911 0.403344 0.799866 0.539318 0.987264 0.910479 0.994787 0.787565 0.988639 0.959600 0.579134 0.526575 0.519030 0.437589 0.810512 0.706284 0.903847 0.942077 0.806723 0.661188 0.795468 0.754054 0.942542 0.728143 0.825431 0.974755 0.809603 0.885133 0.915105 0.874248 0.894829 0.960334 0.831068 0.971564 0.979266 0.787026
0.405710 0.457583 0.514657 0.562149 0.992107 0.857721 0.739229 0.686114 0.542133 0.649553 0.371457 0.565508 0.979829 0.976360 0.925071 0.809281 0.328408 0.000000 0.851342 0.854286 0.891039 0.989031 0.768090 0.781479 0.557729 0.507732 0.919303 0.849550 0.461572 0.387142 0.852078 0.891352 0.821532 0.689853 0.906668 0.941480 0.967852 0.965684 0.840996 0.977852 0.643871 0.740847 0.697322 0.958878 0.985298 0.834106 0.710094 0.816371 0.837196 0.886292 0.847114 0.926127 0.935483 0.666587 0.671375 0.890241 0.404877 0.325468 0.478611 0.493631 0.499960 0.894889 0.260534 0.258299 0.610265 0.694483 0.915682 0.797762 0.528995 0.593770 0.521346 0.599462 0.915581 0.993598 0.911584 0.874403 0.646872 0.762542 0.648848 0.657843 0.330595 0.307454 0.630285 0.408874 0.818026 0.887999 0.912720 0.687828 0.963341 0.887398 0.481450 0.450201 0.468300 0.429845 0.848005 0.762967 0.956029 0.825462 0.708306 0.632971 0.776751 0.761464 0.955710 0.787756 0.907113 0.947309 0.707602 0.807691 0.822679 0.883924 0.799625 0.952433 0.768738 0.947825 0.901772 0.775831
0.804257 0.833159 0.821875 0.836678 0.983980 0.798740 0.610760 0.715405 0.725782 0.795086 0.750850 0.755494 0.564324 0.748948 0.749485 0.678901 0.836460 0.851342 0.000000 0.659790 0.988513 0.837290 0.780848 0.845011 0.978856 0.972689 0.888473 0.977494 0.725586 0.663113 0.730487 0.691774 0.688226 0.509421 0.991104 0.836177 0.946621 0.921570 0.989460 0.966839 0.992822 0.831419 0.873066 0.908867 0.842731 0.897979 0.843999 0.994178 0.948404 0.904508 0.874362 0.822331 0.858009 0.917926 0.963586 0.843452 0.922726 0.984594 0.930627 0.987448 0.683577 0.905912 0.829491 0.894133 0.914005 0.885036 0.680435 0.818469 0.893288 0.963570 0.775259 0.925797 0.837685 0.866980 0.829252 0.978683 0.847492 0.807219 0.836346 0.905047 0.849756 0.819257 0.874964 0.828507 0.797686 0.799135 0.906668 0.853153 0.864198 0.970336 0.799423 0.771653 0.749015 0.879308 0.861647 0.997952 0.832181 0.977358 0.845332 0.868453 0.980042 0.770578 0.956544 0.940669 0.890058 0.822385 0.927089 0.856144 0.921207 0.992233 0.875577 0.926885 0.855225 0.936816 0.744192 0.845170
0.746488 0.836272 0.901333 0.896824 0.990474 0.930104 0.916866 0.876138 0.968337 0.984174 0.783787 0.765841 0.696362 0.693906 0.877360 0.807136 0.891515 0.854286 0.659790 0.000000 0.907709 0.933302 0.871763 0.804794 0.950146 0.996705 0.940956 0.959377 0.843189 0.791916 0.982949 0.869288 0.835333 0.844940 0.981211 0.889647 0.973058 0.826527 0.892752 0.937506 0.861005 0.823309 0.929732 0.816424 0.932482 0.852218 0.902049 0.907105 0.893368 0.809536 0.889393 0.858033 0.900764 0.954612 0.999943 0.821205 0.802405 0.930663 0.972685 0.951207 0.885300 0.917123 0.920935 0.934048 0.963262 0.996907 0.996445 0.965652 0.848065 0.856127 0.970771 0.984630 0.936400 0.996013 0.985061 0.994334 0.993633 0.929417 0.872409 0.944280 0.887115 0.842023 0.886035 0.815019 0.908242 0.909957 0.995111 0.768113 0.937281 0.769244 0.972939 0.979446 0.970753 0.963109 0.975755 0.849712 0.910817 0.948161 0.961093 0.990587 0.975479 0.915721 0.994037 0.887674 0.878547 0.828518 0.910872 0.960713 0.952617 0.991878 0.811391 0.967887 0.984382 0.837942 0.892409 0.840041
0.935746 0.975758 0.939396 0.927746 0.918544 0.861230 0.978970 0.988252 0.864601 0.968269 0.963832 0.949988 0.932981 0.977666 0.945427 0.906795 0.962618 0.891039 0.988513 0.907709 0.000000 0.880105 0.991737 0.979419 0.984259 0.902593 0.999319 0.920503 0.986077 0.921899 0.787075 0.998370 0.904878 0.862811 0.960848 0.966480 0.807414 0.787387 0.826041 0.868389 0.926441 0.935685 0.774189 0.888121 0.808206 0.876036 0.933937 0.965542 0.881159 0.923835 0.886800 0.918137 0.841334 0.906895 0.954209 0.946098 0.947720 0.975258 0.975136 0.955336 0.904042 0.931758 0.894393 0.893917 0.984754 0.926575 0.897128 0.912830 0.960230 0.829009 0.860544 0.892794 0.896552 0.947329 0.924228 0.862103 0.895605 0.916392 0.970700 0.960232 0.986217 0.911923 0.955272 0.964233 0.976420 0.997385 0.985598 0.878972 0.979843 0.996134 0.938171 0.927280 0.902241 0.958506 0.916331 0.936890 0.921419 0.994787 0.921534 0.927029 0.938894 0.957433 0.884257 0.779098 0.924598 0.856098 0.972282 0.955866 0.955974 0.856527 0.901391 0.972349 0.850316 0.997549 0.931776 0.805522
0.949091 0.945614 0.893530 0.969442 0.885586 0.978005 0.943027 0.994954 0.993240 0.860998 0.980685 0.985178 0.929365 0.797272 0.925755 0.925231 0.980020 0.989031 0.837290 0.933302 0.880105 0.000000 0.941738 0.879613 0.989862 0.921461 0.989238 0.874361 0.951782 0.940786 0.899528 0.957236 0.980496 0.973707 0.881822 0.980327 0.756222 0.948823 0.951437 0.890226 0.923256 0.936485 0.841043 0.867581 0.851018 0.892743 0.808112 0.943853 0.917386 0.959375 0.831501 0.920625 0.810258 0.895143 0.810369 0.874490 0.939818 0.967955 0.945222 0.974269 0.956814 0.946481 0.972808 0.950962 0.994217 0.947563 0.973600 0.832179 0.951395 0.889008 0.926354 0.935818 0.978416 0.960498 0.888960 0.891538 0.944053 0.973208 0.856263 0.938254 0.945518 0.860636 0.939091 0.965702 0.962255 0.922840 0.968439 0.996029 0.929212 0.970581 0.933825 0.994662 0.963739 0.962987 0.875975 0.910745 0.966155 0.890565 0.827106 0.893561 0.927022 0.894410 0.910645 0.869769 0.964419 0.800195 0.951286 0.972827 0.914322 0.902166 0.938349 0.937291 0.983845 0.955973 0.967613 0.931782
0.804348 0.845559 0.587374 0.638331 0.786211 0.883730 0.590368 0.925937 0.637817 0.880761 0.780412 0.847239 0.493626 0.566408 0.400249 0.409674 0.598719 0.768090 0.780848 0.871763 0.991737 0.941738 0.000000 0.325215 0.441167 0.627919 0.638762 0.818184 0.839098 0.757998 0.684103 0.813802 0.676467 0.992910 0.559273 0.710303 0.878327 0.857351 0.829353 0.965319 0.880443 0.867741 0.603547 0.738714 0.604853 0.825056 0.915290 0.871008 0.881599 0.818385 0.827685 0.646016 0.578890 0.574651 0.974886 0.809997 0.855030 0.737933 0.742520 0.624079 0.937709 0.838849 0.749612 0.730817 0.281769 0.651469 0.525343 0.963355 0.766841 0.874204 0.890008 0.925897 0.857705 0.823976 0.859128 0.900505 0.725513 0.631824 0.928850 0.880031 0.753215 0.881167 0.654793 0.946416 0.411205 0.377692 0.748566 0.755795 0.762082 0.666788 0.699729 0.678852 0.662969 0.648539 0.997491 0.707682 0.875761 0.882287 0.847677 0.605883 0.920066 0.670484 0.752486 0.785373 0.619776 0.836366 0.993130 0.994886 0.876142 0.980804 0.934162 0.921077 0.765253 0.885304 0.768726 0.858857
0.795931 0.808919 0.553174 0.602505 0.797947 0.967388 0.619727 0.874898 0.685529 0.920463 0.865013 0.886342 0.570701 0.556317 0.531243 0.493346 0.621223 0.781479 0.845011 0.804794 0.979419 0.879613 0.325215 0.000000 0.440589 0.690005 0.623518 0.909350 0.843648 0.789490 0.737608 0.841520 0.807616 0.980698 0.682019 0.765682 0.955363 0.757653 0.811989 0.968808 0.871435 0.908497 0.742555 0.814830 0.740749 0.931543 0.966215 0.890526 0.978467 0.873460 0.897830 0.764001 0.662327 0.651341 0.965273 0.844087 0.873290 0.741236 0.716076 0.654889 0.891612 0.871060 0.757014 0.735921 0.364048 0.683790 0.570391 0.941042 0.792920 0.898399 0.912957 0.952968 0.803441 0.791594 0.874500 0.942714 0.804517 0.696575 0.940829 0.869761 0.750727 0.910113 0.719333 0.960215 0.509132 0.419293 0.780311 0.696514 0.662372 0.621919 0.767858 0.776510 0.777892 0.699489 0.977349 0.717666 0.894197 0.977349 0.956294 0.688407 0.979636 0.755969 0.667175 0.769555 0.714693 0.758017 0.958845 0.976708 0.923317 0.980785 0.896086 0.991996 0.907800 0.861370 0.826877 0.877383
0.653292 0.725281 0.408893 0.460171 0.933859 0.843693 0.539114 0.681936 0.669734 0.957167 0.636198 0.738089 0.655279 0.753515 0.688991 0.558921 0.451233 0.557729 0.978856 0.950146 0.984259 0.989862 0.441167 0.440589 0.000000 0.459205 0.762894 0.868917 0.636075 0.519948 0.661009 0.823644 0.793080 0.915319 0.754395 0.850126 0.858377 0.857698 0.744942 0.797701 0.780928 0.835721 0.642827 0.804449 0.847030 0.977639 0.940891 0.991796 0.913240 0.990714 0.995743 0.863220 0.724252 0.747519 0.980344 0.913372 0.711904 0.538499 0.561594 0.531143 0.725251 0.881263 0.490020 0.519150 0.322911 0.575086 0.581108 0.967498 0.684665 0.698591 0.769165 0.838036 0.821846 0.822978 0.976831 0.967913 0.699654 0.625713 0.767818 0.883771 0.590605 0.675227 0.994482 0.829537 0.696844 0.595990 0.781318 0.951712 0.813537 0.776598 0.620623 0.601774 0.558518 0.517737 0.918247 0.741580 0.992877 0.960974 0.832905 0.622509 0.839651 0.716690 0.802958 0.625770 0.655181 0.907509 0.814064 0.961830 0.954884 0.997853 0.963869 0.933247 0.893047 0.987230 0.952890 0.795640
0.683950 0.714058 0.484606 0.476017 0.894581 0.760728 0.663428 0.646791 0.535793 0.792273 0.650444 0.784613 0.825979 0.908343 0.844569 0.661848 0.488338 0.507732 0.972689 0.996705 0.902593 0.921461 0.627919 0.690005 0.459205 0.000000 0.855152 0.853602 0.723043 0.579968 0.675187 0.728754 0.879528 0.904352 0.737705 0.921341 0.759965 0.910483 0.723977 0.731057 0.700381 0.807364 0.603034 0.798670 0.833462 0.984868 0.958355 0.918568 0.985642 0.915881 0.939227 0.843857 0.736443 0.639368 0.997373 0.942878 0.616507 0.534035 0.636988 0.603293 0.694185 0.911150 0.463981 0.496649 0.525421 0.669692 0.609069 0.916740 0.762776 0.775240 0.684595 0.746838 0.962321 0.946291 0.944169 0.979129 0.551438 0.606735 0.817903 0.823134 0.616297 0.634799 0.902117 0.756907 0.925453 0.803877 0.984847 0.884087 0.988473 0.856809 0.638932 0.562849 0.571604 0.526720 0.891605 0.811900 0.917903 0.815871 0.753231 0.637916 0.860224 0.733058 0.921679 0.855865 0.721049 0.912333 0.833389 0.854593 0.975256 0.988730 0.984138 0.970320 0.783221 0.891500 0.937971 0.758059
0.887137 0.848275 0.960371 0.874021 0.899606 0.763933 0.918859 0.796258 0.935968 0.792537 0.879477 0.705513 0.961687 0.898318 0.733509 0.941415 0.756506 0.919303 0.888473 0.940956 0.999319 0.989238 0.638762 0.623518 0.762894 0.855152 0.000000 0.908295 0.896700 0.847684 0.970857 0.913642 0.875051 0.790811 0.837304 0.752734 0.918351 0.918587 0.931268 0.897774 0.985729 0.863769 0.953179 0.963143 0.848275 0.906401 0.902489 0.895084 0.928092 0.904898 0.958111 0.905853 0.737053 0.782239 0.957692 0.957034 0.913528 0.892473 0.805745 0.786178 0.758616 0.692788 0.892246 0.839946 0.662707 0.996422 0.962179 0.791278 0.929683 0.999651 0.840151 0.694827 0.745008 0.629376 0.894252 0.881445 0.994909 0.921791 0.786525 0.842258 0.884464 0.939731 0.732835 0.941335 0.719764 0.681787 0.794847 0.826025 0.869863 0.708277 0.947584 0.985375 0.932202 0.967256 0.947268 0.798033 0.707887 0.929321 0.816033 0.957315 0.828038 0.985940 0.722552 0.835828 0.929436 0.914862 0.882016 0.914965 0.937843 0.997087 0.955432 0.992352 0.915454 0.897559 0.914864 0.906147
0.844378 0.767004 0.958256 0.983833 0.984327 0.945262 0.944318 0.913393 0.888496 0.712143 0.970891 0.987767 0.953034 0.940357 0.857568 0.960573 0.913495 0.849550 0.977494 0.959377 0.920503 0.874361 0.818184 0.909350 0.868917 0.853602 0.908295 0.000000 0.897737 0.970040 0.961984 0.957959 0.807190 0.982134 0.800539 0.833158 0.955247 0.941476 0.908103 0.848000 0.967701 0.844889 0.840815 0.821623 0.808491 0.850592 0.911313 0.785587 0.800213 0.790682 0.849104 0.728285 0.775973 0.967036 0.787106 0.986148 0.858893 0.789550 0.873213 0.938615 0.939978 0.840129 0.918792 0.856007 0.835849 0.991743 0.817347 0.853961 0.946712 0.887195 0.796560 0.794218 0.883728 0.886132 0.855793 0.828887 0.869841 0.898284 0.911000 0.908252 0.861452 0.857043 0.773893 0.801598 0.672273 0.700896 0.867037 0.814862 0.965640 0.759647 0.878894 0.888777 0.934407 0.996532 0.880728 0.927552 0.821570 0.915948 0.943448 0.986074 0.976725 0.991469 0.917987 0.957383 0.821515 0.955056 0.923638 0.895553 0.880239 0.949705 0.817941 0.962368 0.926262 0.988838 0.987079 0.953391
0.558453 0.554188 0.698486 0.650896 0.898969 0.969487 0.885984 0.802467 0.716386 0.801297 0.495389 0.533422 0.915125 0.834910 0.841224 0.933794 0.511852 0.461572 0.725586 0.843189 0.986077 0.951782 0.839098 0.843648 0.636075 0.723043 0.896700 0.897737 0.000000 0.417154 0.953257 0.945137 0.731294 0.638031 0.960909 0.916546 0.828735 0.911504 0.869244 0.911291 0.788602 0.712939 0.792988 0.934962 0.930739 0.820978 0.820058 0.904695 0.815777 0.861444 0.868315 0.944140 0.958708 0.823383 0.705686 0.972378 0.639271 0.565720 0.640100 0.661062 0.569745 0.927900 0.446193 0.476090 0.673275 0.747811 0.989946 0.838085 0.700027 0.699733 0.677320 0.764035 0.818283 0.954300 0.908343 0.919274 0.750894 0.868443 0.700913 0.798538 0.511317 0.530094 0.690895 0.524027 0.932889 0.962606 0.964318 0.838979 0.979497 0.925186 0.644176 0.606720 0.714494 0.625425 0.896079 0.753216 0.999476 0.745310 0.861070 0.717554 0.831984 0.772324 0.988617 0.783085 0.900282 0.960328 0.715483 0.916990 0.853869 0.931684 0.804155 0.963258 0.853216 0.948237 0.926496 0.662860
0.548226 0.584563 0.693648 0.700227 0.887736 0.938640 0.896827 0.862034 0.748494 0.890315 0.421122 0.596647 0.936086 0.928017 0.959582 0.887713 0.390747 0.387142 0.663113 0.791916 0.921899 0.940786 0.757998 0.789490 0.519948 0.579968 0.847684 0.970040 0.417154 0.000000 0.994335 0.908190 0.819238 0.605614 0.863777 0.992335 0.864641 0.971452 0.850621 0.894290 0.771297 0.713220 0.731755 0.972875 0.952314 0.846609 0.792216 0.937612 0.907241 0.911102 0.874353 0.984003 0.908271 0.796209 0.785364 0.916233 0.593383 0.530110 0.607252 0.603786 0.524617 0.914966 0.381056 0.433012 0.570305 0.704388 0.970994 0.854402 0.621804 0.652907 0.782547 0.790987 0.783340 0.874957 0.892442 0.992276 0.775645 0.880952 0.630012 0.696714 0.462447 0.480829 0.760555 0.543719 0.978303 0.973941 0.864789 0.792572 0.989079 0.973326 0.675687 0.617100 0.652962 0.573393 0.846623 0.859147 0.910956 0.896889 0.865621 0.720296 0.753716 0.886485 0.925089 0.709043 0.835076 0.948440 0.711964 0.952480 0.903514 0.810177 0.888843 0.990058 0.853026 0.921192 0.853216 0.733544
0.961004 0.932207 0.588840 0.626353 0.857573 0.844885 0.588068 0.731016 0.564701 0.910467 0.992960 0.975488 0.677626 0.822985 0.764975 0.573144 0.787580 0.852078 0.730487 0.982949 0.787075 0.899528 0.684103 0.737608 0.661009 0.675187 0.970857 0.961984 0.953257 0.994335 0.000000 0.635476 0.614839 0.673166 0.968389 0.783318 0.700743 0.698082 0.783522 0.714342 0.959223 0.978565 0.596828 0.657604 0.611192 0.726248 0.866547 0.888429 0.826698 0.785430 0.675148 0.693363 0.644962 0.642090 0.879313 0.735748 0.931257 0.772741 0.856941 0.781240 0.979688 0.958344 0.819016 0.808538 0.702101 0.884722 0.519431 0.770585 0.962108 0.995158 0.706264 0.901180 0.948064 0.948439 0.817781 0.867835 0.613485 0.690002 0.804789 0.869377 0.957453 0.961263 0.892701 0.972076 0.833104 0.727621 0.973279 0.908086 0.852261 0.882561 0.789362 0.715194 0.711941 0.688287 0.904990 0.792572 0.865064 0.869680 0.725646 0.730049 0.960776 0.649323 0.973252 0.978691 0.807751 0.893723 0.898593 0.922243 0.945926 0.994659 0.986494 0.872691 0.830006 0.896821 0.733774 0.821324
0.990323 0.965149 0.676165 0.636898 0.773339 0.848286 0.548736 0.592223 0.757743 0.851280 0.996191 0.919858 0.740712 0.811181 0.856181 0.675844 0.890196 0.891352 0.691774 0.869288 0.998370 0.957236 0.813802 0.841520 0.823644 0.728754 0.913642 0.957959 0.945137 0.908190 0.635476 0.000000 0.664668 0.783493 0.977951 0.923436 0.939533 0.897874 0.919541 0.871344 0.992756 0.974283 0.686736 0.725821 0.816405 0.821035 0.787507 0.912281 0.904252 0.775882 0.776798 0.774706 0.783553 0.792136 0.850101 0.865732 0.986438 0.852734 0.959917 0.935618 0.935385 0.966278 0.929042 0.879611 0.840941 0.874329 0.739560 0.807830 0.897629 0.908523 0.841728 0.856744 0.816028 0.911420 0.957071 0.860050 0.767805 0.829691 0.778812 0.886190 0.975271 0.995971 0.996669 0.999212 0.944764 0.841330 0.778268 0.982105 0.980244 0.941033 0.819459 0.743555 0.735165 0.843071 0.838047 0.981399 0.859690 0.931515 0.843580 0.782500 0.964685 0.804770 0.888496 0.944574 0.746167 0.828138 0.983285 0.956741 0.943513 0.892753 0.926111 0.900392 0.866612 0.947019 0.691293 0.992025
0.757764 0.706362 0.763368 0.895590 0.987311 0.766503 0.635853 0.828028 0.947055 0.868612 0.715279 0.632579 0.497884 0.561273 0.597182 0.568927 0.905828 0.821532 0.688226 0.835333 0.904878 0.980496 0.676467 0.807616 0.793080 0.879528 0.875051 0.807190 0.731294 0.819238 0.614839 0.664668 0.000000 0.582707 0.810782 0.879823 0.885076 0.763537 0.928021 0.713337 0.847332 0.874045 0.698774 0.701307 0.663425 0.722591 0.637313 0.809752 0.825884 0.810378 0.671654 0.648715 0.741300 0.892354 0.796426 0.711555 0.765807 0.859397 0.796542 0.915894 0.582189 0.697104 0.846833 0.814003 0.746432 0.699444 0.583031 0.544422 0.895861 0.822662 0.999118 0.960160 0.864762 0.833049 0.955996 0.839046 0.884868 0.725253 0.751764 0.803080 0.795077 0.739158 0.716717 0.645312 0.616430 0.614994 0.958916 0.901386 0.934813 0.804136 0.966292 0.996041 0.883866 0.960968 0.910306 0.920508 0.795608 0.960851 0.815852 0.762335 0.751774 0.879773 0.900579 0.969928 0.603618 0.794102 0.910278 0.847172 0.993168 0.817393 0.980193 0.928670 0.924882 0.956200 0.670251 0.922175
0.612727 0.661612 0.927778 0.982806 0.835245 0.839761 0.755242 0.832205 0.956426 0.981308 0.653926 0.652916 0.659919 0.813187 0.816312 0.816851 0.690001 0.689853 0.509421 0.844940 0.862811 0.973707 0.992910 0.980698 0.915319 0.904352 0.790811 0.982134 0.638031 0.605614 0.673166 0.783493 0.582707 0.000000 0.935492 0.942872 0.953215 0.796073 0.983716 0.873566 0.905999 0.785614 0.886145 0.813104 0.754150 0.759223 0.651287 0.851374 0.849720 0.906682 0.736178 0.812258 0.842484 0.985172 0.734342 0.868144 0.679107 0.769497 0.716598 0.772673 0.500340 0.709825 0.690437 0.690315 0.918894 0.957759 0.736925 0.618350 0.686285 0.823945 0.964756 0.949191 0.743088 0.785264 0.766946 0.958469 0.883665 0.822993 0.666498 0.640251 0.619686 0.653026 0.876506 0.680243 0.874084 0.843591 0.965816 0.989808 0.899406 0.957524 0.971546 0.947368 0.994568 0.837572 0.881203 0.961226 0.761485 0.978294 0.832869 0.981541 0.997268 0.843815 0.893008 0.845213 0.931850 0.811100 0.912347 0.919547 0.914394 0.878480 0.983698 0.939297 0.948056 0.826653 0.775642 0.841581
0.952475 0.985706 0.888801 0.995835 0.885298 0.908151 0.983442 0.802648 0.841263 0.849839 0.828473 0.973374 0.740909 0.679540 0.609431 0.714079 0.832550 0.906668 0.991104 0.981211 0.960848 0.881822 0.559273 0.682019 0.754395 0.737705 0.837304 0.800539 0.960909 0.863777 0.968389 0.977951 0.810782 0.935492 0.000000 0.849460 0.840725 0.974298 0.744535 0.929401 0.925948 0.891511 0.710983 0.806998 0.652442 0.747211 0.841562 0.887410 0.748709 0.757045 0.792304 0.673586 0.767348 0.718428 0.973660 0.837752 0.985428 0.987047 0.989396 0.906666 0.963754 0.964739 0.926530 0.941922 0.620206 0.811909 0.743829 0.870653 0.975462 0.965789 0.879026 0.851980 0.900241 0.980031 0.888471 0.822453 0.842017 0.660541 0.989443 0.999527 0.927832 0.890958 0.800502 0.995308 0.626715 0.672615 0.818397 0.901721 0.859705 0.752286 0.959689 0.970885 0.960764 0.999958 0.898890 0.844938 0.882647 0.981947 0.887872 0.696415 0.991345 0.950278 0.957015 0.982054 0.758969 0.936979 0.933923 0.935746 0.856846 0.890139 0.992883 0.830615 0.864732 0.949197 0.848796 0.884467
0.994251 0.988960 0.864718 0.859674 0.926026 0.976102 0.938544 0.980095 0.818818 0.933743 0.905222 0.964099 0.818094 0.797102 0.818981 0.777968 0.884330 0.941480 0.836177 0.889647 0.966480 0.980327 0.710303 0.765682 0.850126 0.921341 0.752734 0.833158 0.916546 0.992335 0.783318 0.923436 0.879823 0.942872 0.849460 0.000000 0.881747 0.993145 0.816288 0.980775 0.981196 0.897890 0.842353 0.893059 0.792930 0.906472 0.969331 0.929396 0.925258 0.905254 0.974596 0.834828 0.789034 0.891914 0.907734 0.958184 0.994696 0.947495 0.994580 0.903289 0.990208 0.966900 0.926289 0.924380 0.767263 0.901567 0.899394 0.856172 0.881769 0.934755 0.978077 0.786094 0.895316 0.972869 0.888351 0.896607 0.905597 0.945868 0.925610 0.979704 0.917969 0.942282 0.807908 0.940786 0.795140 0.785479 0.900099 0.974621 0.890395 0.869070 0.925489 0.906162 0.907321 0.892961 0.915110 0.722718 0.978942 0.998734 0.954900 0.850357 0.933250 0.724457 0.885207 0.902546 0.859072 0.799025 0.964477 0.984944 0.924105 0.974195 0.893232 0.918166 0.924562 0.931261 0.674379 0.973724
0.927401 0.983154 0.838327 0.809399 0.898964 0.974138 0.956364 0.955368 0.839089 0.929079 0.970953 0.995878 0.943675 0.973768 0.924211 0.913494 0.901432 0.967852 0.946621 0.973058 0.807414 0.756222 0.878327 0.955363 0.858377 0.759965 0.918351 0.955247 0.828735 0.864641 0.700743 0.939533 0.885076 0.953215 0.840725 0.881747 0.000000 0.863491 0.814412 0.719878 0.911708 0.944757 0.674634 0.663506 0.732083 0.751285 0.824177 0.799186 0.750521 0.790746 0.739250 0.777094 0.785300 0.816036 0.786774 0.767485 0.918750 0.977843 0.989534 0.957150 0.895374 0.959950 0.921122 0.954373 0.891865 0.982511 0.817462 0.853419 0.942711 0.889832 0.959466 0.937892 0.969510 0.994561 0.970972 0.918154 0.840006 0.902607 0.915550 0.783573 0.976501 0.922706 0.946396 0.975688 0.888591 0.903004 0.930603 0.968144 0.970841 0.829281 0.955243 0.999091 0.978681 0.977379 0.841794 0.919565 0.945955 0.892200 0.863987 0.888685 0.964370 0.985041 0.936565 0.992653 0.951226 0.966558 0.961606 0.947538 0.967739 0.928161 0.943304 0.920474 0.943072 0.915368 0.861083 0.788230
0.807888 0.976193 0.822863 0.899711 0.854750 0.948091 0.903886 0.952125 0.866806 0.989305 0.870560 0.925157 0.821146 0.810983 0.897071 0.769598 0.967039 0.965684 0.921570 0.826527 0.787387 0.948823 0.857351 0.757653 0.857698 0.910483 0.918587 0.941476 0.911504 0.971452 0.698082 0.897874 0.763537 0.796073 0.974298 0.993145 0.863491 0.000000 0.985505 0.677379 0.918205 0.931823 0.792207 0.712363 0.754589 0.720362 0.904151 0.845548 0.771223 0.810302 0.725728 0.728442 0.712822 0.785866 0.887883 0.721202 0.841667 0.986084 0.996350 0.998325 0.964053 0.905010 0.980760 0.987504 0.851654 0.947820 0.826361 0.906605 0.852527 0.796025 0.927103 0.993465 0.993680 0.936006 0.841240 0.788115 0.890932 0.810948 0.932650 0.960302 0.887002 0.883027 0.804517 0.802315 0.844401 0.799422 0.971953 0.913880 0.726992 0.760844 0.926607 0.980721 0.957612 0.982451 0.973458 0.841318 0.922962 0.821042 0.991704 0.946651 0.826042 0.889435 0.949202 0.925719 0.940008 0.933521 0.962540 0.974557 0.901402 0.859546 0.906971 0.960916 0.970855 0.980944 0.983900 0.864294
