0.000000 0.415650 0.658130 0.557065 0.924286 0.675763 0.554110 0.445963 0.730581 0.941127 0.431191 0.364561 0.481348 0.492126 0.733083 0.529465 0.419491 0.409599 0.464990 0.362580 0.803608 0.964362 0.667095 0.642150 0.701667 0.655905 0.919931 0.792019 0.446193 0.484932 0.548681 0.585245 0.391521 0.402426 0.558057 0.757089 0.548433 0.742437 0.981531 0.974465 0.807143 0.860139 0.635129 0.618652 0.644823 0.677894 0.524155 0.657042 0.977253 0.818526 0.800444 0.864462 0.894629 0.964897 0.687976 0.761620 0.412100 0.505422 0.403069 0.702548 0.452208 0.557172 0.364305 0.462139 0.662259 0.601320 0.489482 0.550802 0.582511 0.674370 0.599632 0.675833 0.679474 0.611074 0.897577 0.829074 0.651445 0.752458 0.687152 0.810619 0.394990 0.412672 0.532431 0.605508 0.516778 0.522919 0.983124 0.973873 0.740894 0.638806 0.685544 0.891389 0.713271 0.869103 0.647928 0.788662 0.705811 0.699629 0.578745 0.578700 0.687890 0.752514 0.584937 0.648034 0.529344 0.748782 0.973009 0.758294 0.796626 0.883544 0.937058 0.860895 0.874785 0.870535 0.862314 0.915954
0.415650 0.000000 0.934387 0.816140 0.961384 0.908120 0.836768 0.632630 0.941900 0.928881 0.822183 0.462801 0.874996 0.801263 0.998426 0.716051 0.300965 0.333288 0.725655 0.515087 0.853804 0.926238 0.947117 0.801052 0.767418 0.788669 0.948870 0.976462 0.458945 0.444517 0.761701 0.815707 0.603641 0.639266 0.822614 0.783401 0.708836 0.820524 0.967731 0.865966 0.688573 0.858088 0.728903 0.673834 0.568720 0.531624 0.659908 0.725017 0.705629 0.637390 0.611489 0.691408 0.845202 0.926031 0.669315 0.730349 0.292943 0.226437 0.626582 0.565188 0.749283 0.457347 0.634228 0.445676 0.890714 0.692677 0.704059 0.701714 0.408276 0.497992 0.775871 0.879409 0.659762 0.646760 0.765569 0.822878 0.771670 0.859030 0.571391 0.658747 0.293958 0.342603 0.545882 0.439768 0.758868 0.617080 0.949849 0.921924 0.830703 0.657916 0.876640 0.926203 0.867092 0.900371 0.560425 0.930958 0.566511 0.712189 0.653421 0.697032 0.899787 0.995368 0.597935 0.797776 0.639498 0.834718 0.911677 0.858456 0.802883 0.723598 0.860264 0.687098 0.930600 0.782783 0.714161 0.967517
0.658130 0.934387 0.000000 0.218886 0.791222 0.818181 0.215992 0.326847 0.485010 0.735104 0.502203 0.778451 0.395653 0.517340 0.417322 0.445010 0.999846 0.892009 0.377950 0.573479 0.722401 0.921418 0.262991 0.388567 0.437041 0.313058 0.914037 0.883499 0.710425 0.813658 0.307562 0.418483 0.399711 0.334878 0.462047 0.713301 0.597209 0.792986 0.878978 0.884380 0.965863 0.859834 0.476136 0.579175 0.596284 0.665996 0.555029 0.452406 0.992553 0.871535 0.760976 0.806104 0.740881 0.730092 0.562851 0.707327 0.906911 0.912397 0.537810 0.848817 0.373461 0.785019 0.634109 0.966301 0.245834 0.428120 0.338679 0.399867 0.886252 0.906102 0.510095 0.525562 0.816975 0.782134 0.869893 0.957826 0.540082 0.580316 0.859943 0.840330 0.920219 0.739126 0.662407 0.886804 0.337452 0.439731 0.773376 0.756578 0.717292 0.709550 0.535817 0.609079 0.634419 0.602846 0.706234 0.884913 0.757842 0.876134 0.614037 0.544728 0.686170 0.706553 0.777838 0.819170 0.648196 0.603019 0.893181 0.701324 0.758717 0.909573 0.869764 0.922480 0.808989 0.897395 0.905593 0.840348
0.557065 0.816140 0.218886 0.000000 0.841151 0.730275 0.206569 0.245723 0.523116 0.763411 0.419928 0.646080 0.379016 0.428506 0.486159 0.458420 0.879584 0.748512 0.290208 0.432149 0.787182 0.944099 0.289715 0.293830 0.420599 0.346741 0.889275 0.787184 0.652945 0.738226 0.280172 0.356630 0.318808 0.270638 0.433989 0.663249 0.621819 0.821777 0.840883 0.892235 0.926899 0.853445 0.435327 0.506326 0.571733 0.649165 0.494734 0.436371 0.997395 0.864383 0.748970 0.826666 0.756012 0.774636 0.577857 0.687430 0.932095 0.994323 0.523095 0.838544 0.380983 0.734237 0.558007 0.893048 0.299497 0.364752 0.288671 0.318682 0.834596 0.938999 0.469524 0.493579 0.735152 0.698151 0.779358 0.921830 0.529274 0.556574 0.763898 0.816895 0.809245 0.627602 0.596020 0.842607 0.329992 0.378993 0.790897 0.676067 0.663637 0.644228 0.510148 0.639788 0.611533 0.649613 0.727021 0.821551 0.754437 0.806035 0.557577 0.461158 0.613969 0.615648 0.707912 0.693257 0.600172 0.587850 0.956797 0.750569 0.721928 0.919726 0.865954 0.875415 0.794375 0.918169 0.890959 0.833468
0.924286 0.961384 0.791222 0.841151 0.000000 0.914310 0.820582 0.831534 0.763779 0.774504 0.958107 0.941201 0.795214 0.830626 0.658379 0.822965 0.999230 0.975703 0.854888 0.930099 0.787020 0.912532 0.755777 0.964021 0.883245 0.915528 0.892484 0.880920 0.925508 0.945027 0.777388 0.959576 0.785437 0.814225 0.719293 0.834127 0.734608 0.803146 0.878401 0.997182 0.854350 0.982563 0.793209 0.882196 0.875947 0.943015 0.871975 0.891508 0.944598 0.953947 0.820522 0.788929 0.754302 0.750509 0.949645 0.941777 0.981948 0.981439 0.675981 0.834097 0.752206 0.993968 0.757127 0.896660 0.727382 0.885204 0.714829 0.772021 0.910500 0.851419 0.801661 0.698087 0.880796 0.966318 0.899267 0.982835 0.915105 0.943999 0.932498 0.924254 0.978212 0.869128 0.889128 0.964692 0.812378 0.921563 0.942738 0.797084 0.770290 0.998585 0.701724 0.719801 0.731688 0.666136 0.905869 0.906480 0.839072 0.925476 0.754775 0.901325 0.984702 0.972051 0.712058 0.822298 0.898304 0.627324 0.827727 0.689955 0.894979 0.992360 0.867704 0.942491 0.880675 0.821880 0.807096 0.817720
0.675763 0.908120 0.818181 0.730275 0.914310 0.000000 0.688514 0.652381 0.770955 0.868785 0.672712 0.711718 0.763269 0.829706 0.905946 0.812270 0.850404 0.816933 0.633728 0.656821 0.860282 0.950049 0.861196 0.807631 0.955696 0.794861 0.926040 0.720093 0.871069 0.946980 0.874693 0.758623 0.738483 0.700400 0.778053 0.863113 0.857578 0.999085 0.969106 0.989932 0.939396 0.902467 0.620962 0.681077 0.744352 0.743971 0.679698 0.774930 0.938333 0.866289 0.889682 0.895284 0.908135 0.889750 0.850485 0.945999 0.801088 0.975141 0.763711 0.933135 0.743869 0.780039 0.808823 0.935937 0.808105 0.705684 0.676920 0.628566 0.976557 0.941122 0.828196 0.860498 0.848879 0.737427 0.955350 0.918120 0.707801 0.713208 0.803293 0.984803 0.837224 0.822820 0.974167 0.997213 0.815380 0.823156 0.916051 0.921211 0.884335 0.850457 0.696498 0.775651 0.784427 0.770203 0.949982 0.980014 0.875334 0.896371 0.668267 0.736793 0.841390 0.744788 0.696153 0.663934 0.841694 0.924356 0.926733 0.880203 0.950830 0.873079 0.914573 0.901577 0.968990 0.874331 0.890128 0.901162
0.554110 0.836768 0.215992 0.206569 0.820582 0.688514 0.000000 0.213013 0.497693 0.617290 0.439037 0.656420 0.386842 0.477994 0.459475 0.459728 0.901559 0.747779 0.285315 0.449802 0.740114 0.998512 0.300856 0.431690 0.537257 0.363591 0.951255 0.829151 0.626591 0.776833 0.331178 0.406085 0.338553 0.293446 0.437670 0.617262 0.605857 0.810531 0.921789 0.871579 0.878835 0.901470 0.370735 0.464970 0.477080 0.548895 0.468553 0.417021 0.912613 0.778982 0.676575 0.714049 0.658202 0.656220 0.579788 0.695842 0.944614 0.987769 0.458679 0.854953 0.393294 0.746402 0.598707 0.928841 0.305494 0.384120 0.249940 0.312328 0.877636 0.981601 0.394623 0.430624 0.699248 0.660674 0.873461 0.912732 0.443642 0.510639 0.781884 0.847880 0.848481 0.718434 0.648511 0.911558 0.351648 0.466187 0.797071 0.771692 0.773013 0.742441 0.406134 0.511768 0.506496 0.518139 0.711040 0.799176 0.702770 0.759408 0.468190 0.387545 0.577445 0.547370 0.657867 0.666013 0.583546 0.541647 0.938597 0.668326 0.766804 0.964678 0.890623 0.809186 0.730006 0.859680 0.870339 0.917081
0.445963 0.632630 0.326847 0.245723 0.831534 0.652381 0.213013 0.000000 0.573564 0.633349 0.403595 0.505341 0.430233 0.425598 0.587198 0.483303 0.716772 0.580675 0.241557 0.330074 0.814752 0.984518 0.399651 0.435008 0.570585 0.417781 0.990493 0.816269 0.487844 0.666170 0.330797 0.405264 0.276929 0.259218 0.442817 0.620851 0.576630 0.833563 0.889574 0.903520 0.813090 0.964972 0.358133 0.435938 0.432080 0.494671 0.438160 0.472095 0.834360 0.729170 0.636235 0.720427 0.661364 0.712407 0.591672 0.680768 0.706393 0.772254 0.449795 0.813896 0.415815 0.624440 0.508026 0.783461 0.413696 0.392259 0.279175 0.293563 0.765635 0.864765 0.423844 0.418029 0.625359 0.543136 0.777806 0.836806 0.468083 0.526918 0.710400 0.805662 0.694538 0.585799 0.570817 0.790655 0.406771 0.461502 0.829793 0.756530 0.759973 0.686077 0.442597 0.612585 0.520831 0.653863 0.696513 0.777822 0.616806 0.705421 0.438911 0.364650 0.543540 0.575704 0.540920 0.601267 0.544027 0.577352 0.984501 0.676346 0.698302 0.937793 0.842205 0.801764 0.740518 0.838446 0.857804 0.915843
0.730581 0.941900 0.485010 0.523116 0.763779 0.770955 0.497693 0.573564 0.000000 0.539587 0.765506 0.826867 0.674702 0.844194 0.562564 0.553929 0.860201 0.861958 0.745507 0.741448 0.729151 0.960476 0.554475 0.751362 0.640831 0.497647 0.917576 0.738753 0.685529 0.762619 0.587108 0.794230 0.641263 0.612845 0.604664 0.934915 0.584719 0.635121 0.918043 0.864140 0.908277 0.824565 0.605296 0.661458 0.597104 0.657927 0.745738 0.680178 0.927456 0.834810 0.622867 0.613126 0.537637 0.503188 0.723965 0.728675 0.923526 0.994075 0.527576 0.883098 0.551842 0.795769 0.754884 0.840596 0.494478 0.737299 0.550712 0.667334 0.819712 0.978738 0.468981 0.513043 0.634893 0.761360 0.936023 0.920480 0.446000 0.587629 0.766223 0.969972 0.828490 0.926875 0.836903 0.874072 0.684485 0.792887 0.967803 0.937499 0.820423 0.818185 0.488151 0.515423 0.537955 0.469213 0.784605 0.939093 0.629346 0.788309 0.597378 0.573321 0.781765 0.729176 0.664309 0.753895 0.664812 0.523869 0.733089 0.600088 0.802665 0.966795 0.884095 0.879283 0.738897 0.684183 0.843825 0.892795
0.941127 0.928881 0.735104 0.763411 0.774504 0.868785 0.617290 0.633349 0.539587 0.000000 0.983457 0.988338 0.926923 0.951469 0.664769 0.767894 0.874020 0.825711 0.791910 0.855634 0.931467 0.983924 0.753288 0.935752 0.979146 0.855546 0.982150 0.865946 0.776108 0.910732 0.770019 0.925430 0.839248 0.750803 0.686862 0.767419 0.722489 0.876705 0.980072 0.855214 0.709675 0.850375 0.555261 0.624179 0.546785 0.579565 0.885596 0.791517 0.797931 0.745138 0.535971 0.514706 0.488738 0.462675 0.966914 0.904699 0.955996 0.905328 0.645171 0.975125 0.865313 0.972312 0.943217 0.965140 0.828768 0.916760 0.625347 0.722133 0.927334 0.897385 0.419048 0.437604 0.629148 0.662968 0.976684 0.994119 0.490719 0.567765 0.880411 0.902429 0.998022 0.818070 0.916838 0.964065 0.923621 0.914962 0.884686 0.823194 0.903996 0.834509 0.383306 0.399777 0.400884 0.396665 0.832198 0.990452 0.629704 0.706990 0.530980 0.521820 0.694865 0.653582 0.520038 0.721070 0.746974 0.553584 0.944545 0.448926 0.847807 0.847130 0.779905 0.709631 0.614663 0.659722 0.809188 0.782461
0.431191 0.822183 0.502203 0.419928 0.958107 0.672712 0.439037 0.403595 0.765506 0.983457 0.000000 0.466548 0.290301 0.326361 0.671148 0.568857 0.761414 0.696169 0.330230 0.398545 0.875184 0.834187 0.511822 0.462680 0.780466 0.627467 0.979121 0.790695 0.566815 0.629119 0.454042 0.433319 0.375666 0.358371 0.592738 0.829669 0.704656 0.940810 0.838309 0.965992 0.906454 0.973387 0.683715 0.714097 0.802731 0.854895 0.588437 0.666556 0.835292 0.997608 0.986716 0.890253 0.990484 0.956544 0.722889 0.852042 0.762679 0.892478 0.584954 0.843671 0.353551 0.663200 0.365018 0.700284 0.537643 0.471414 0.480375 0.458886 0.910077 0.967231 0.664904 0.734022 0.835085 0.760341 0.897051 0.783311 0.769999 0.772682 0.849183 0.810307 0.704965 0.601878 0.809481 0.829021 0.439077 0.500371 0.838353 0.739779 0.786206 0.755786 0.773929 0.904922 0.848635 0.890874 0.868926 0.755857 0.955454 0.914507 0.757951 0.669972 0.582408 0.735044 0.778689 0.743837 0.719692 0.810025 0.913365 0.891969 0.855074 0.928424 0.906821 0.987284 0.916386 0.925220 0.930294 0.756472
0.364561 0.462801 0.778451 0.646080 0.941201 0.711718 0.656420 0.505341 0.826867 0.988338 0.466548 0.000000 0.583276 0.534637 0.859061 0.597797 0.453885 0.341293 0.551942 0.417999 0.780577 0.921551 0.718076 0.652310 0.872079 0.729752 0.979432 0.917516 0.448857 0.381275 0.619979 0.660037 0.406464 0.481485 0.723876 0.788490 0.618344 0.783562 0.913953 0.968084 0.713370 0.873784 0.799325 0.771634 0.643219 0.690610 0.705095 0.722557 0.945255 0.851099 0.870086 0.903682 0.931127 0.964229 0.761973 0.856536 0.454339 0.478409 0.538547 0.629506 0.443375 0.365783 0.404746 0.371288 0.751225 0.517140 0.582236 0.533610 0.669211 0.586817 0.752376 0.765552 0.758091 0.660454 0.843507 0.876757 0.794511 0.857833 0.639648 0.679136 0.374191 0.433002 0.678169 0.591618 0.636545 0.579748 0.963673 0.869004 0.794221 0.671518 0.807891 0.966254 0.847638 0.979799 0.736991 0.932618 0.791462 0.864759 0.735534 0.743902 0.738061 0.834589 0.653640 0.748822 0.685137 0.823568 0.935678 0.930769 0.842925 0.900778 0.965123 0.908564 0.973311 0.948656 0.819625 0.928509
0.481348 0.874996 0.395653 0.379016 0.795214 0.763269 0.386842 0.430233 0.674702 0.926923 0.290301 0.583276 0.000000 0.284962 0.428946 0.423489 0.882817 0.761473 0.369692 0.420852 0.676182 0.995321 0.342273 0.385511 0.651770 0.583318 0.837322 0.784777 0.622327 0.649161 0.433642 0.420316 0.342842 0.331912 0.560576 0.778355 0.711016 0.856728 0.876030 0.989664 0.940851 0.871166 0.641742 0.692468 0.872061 0.929263 0.584461 0.618529 0.694100 0.883770 0.965693 0.939284 0.994883 0.950861 0.701836 0.893219 0.873658 0.974064 0.476024 0.759580 0.290991 0.770656 0.323887 0.730686 0.402004 0.455028 0.426033 0.495574 0.904597 0.979555 0.605887 0.679937 0.868536 0.863917 0.833714 0.741896 0.755287 0.695514 0.938917 0.796883 0.769847 0.681926 0.654418 0.963876 0.342381 0.427196 0.724041 0.817431 0.705289 0.783998 0.710612 0.808415 0.846311 0.757680 0.868864 0.792139 0.949298 0.913789 0.716214 0.664339 0.670451 0.737281 0.781990 0.759546 0.693019 0.683163 0.954602 0.791884 0.782237 0.923661 0.838732 0.996173 0.950671 0.948794 0.911293 0.768881
0.492126 0.801263 0.517340 0.428506 0.830626 0.829706 0.477994 0.425598 0.844194 0.951469 0.326361 0.534637 0.284962 0.000000 0.519464 0.448178 0.870413 0.673903 0.373507 0.399814 0.816790 0.961853 0.435704 0.399413 0.699428 0.672030 0.883246 0.730413 0.625867 0.582915 0.422374 0.391996 0.314770 0.338979 0.607552 0.692744 0.674173 0.941338 0.736600 0.961758 0.975068 0.859376 0.704637 0.760739 0.903406 0.960990 0.702118 0.715460 0.689616 0.845208 0.965806 0.873392 0.961360 0.955692 0.887715 0.987164 0.734965 0.866161 0.563268 0.836332 0.384497 0.757797 0.324305 0.678437 0.523182 0.450652 0.475577 0.447011 0.996633 0.975637 0.689687 0.625702 0.909551 0.804654 0.746793 0.733473 0.834605 0.770427 0.838342 0.774180 0.730145 0.676889 0.588475 0.882491 0.400395 0.410176 0.764986 0.737446 0.696545 0.757732 0.742543 0.937262 0.819463 0.912598 0.943339 0.733945 0.968012 0.938224 0.742796 0.713263 0.575173 0.764429 0.776312 0.841614 0.689526 0.783548 0.912973 0.878338 0.756368 0.947344 0.958977 0.968894 0.982897 0.947739 0.937656 0.789276
0.733083 0.998426 0.417322 0.486159 0.658379 0.905946 0.459475 0.587198 0.562564 0.664769 0.671148 0.859061 0.428946 0.519464 0.000000 0.399092 0.998176 0.894825 0.637036 0.706214 0.649314 0.870196 0.343311 0.568155 0.573920 0.584360 0.763406 0.771006 0.785007 0.761416 0.464880 0.604932 0.521262 0.509447 0.581121 0.734853 0.673143 0.754441 0.843410 0.987825 0.970134 0.875397 0.684446 0.798187 0.802081 0.874403 0.783143 0.693231 0.759332 0.927808 0.859721 0.833820 0.791631 0.729463 0.849690 0.925092 0.945481 0.953409 0.536934 0.823375 0.424714 0.907636 0.565266 0.816271 0.388384 0.596434 0.483530 0.579117 0.973388 0.943022 0.537049 0.535595 0.885470 0.942621 0.925747 0.903232 0.695565 0.694806 0.868227 0.922327 0.915010 0.932103 0.629072 0.919375 0.408063 0.541645 0.692445 0.919912 0.794287 0.835111 0.601971 0.643968 0.704396 0.579476 0.810427 0.908674 0.871789 0.825193 0.665040 0.699995 0.829698 0.798504 0.776451 0.865644 0.653372 0.578590 0.764083 0.644767 0.782785 0.890749 0.972157 0.878784 0.965502 0.834678 0.905422 0.918406
0.529465 0.716051 0.445010 0.458420 0.822965 0.812270 0.459728 0.483303 0.553929 0.767894 0.568857 0.597797 0.423489 0.448178 0.399092 0.000000 0.773802 0.612439 0.559325 0.534928 0.610679 0.955055 0.361026 0.473549 0.545259 0.434703 0.860245 0.874818 0.521310 0.481759 0.389037 0.469708 0.366805 0.409776 0.562526 0.657606 0.523515 0.721713 0.977976 0.956250 0.943641 0.946927 0.678164 0.740630 0.715398 0.729313 0.685086 0.670341 0.887454 0.947716 0.772757 0.783074 0.803367 0.771798 0.764331 0.888292 0.803951 0.796446 0.524554 0.728942 0.340004 0.576078 0.483596 0.620401 0.432991 0.451805 0.493077 0.523657 0.849585 0.919477 0.561825 0.567486 0.802929 0.753993 0.754159 0.897082 0.674611 0.732014 0.649017 0.690774 0.587915 0.664599 0.602349 0.755180 0.371905 0.418102 0.816535 0.904004 0.745966 0.775521 0.612809 0.827131 0.705593 0.710539 0.738542 0.891480 0.690199 0.838802 0.633338 0.711147 0.706910 0.812634 0.774588 0.920354 0.642211 0.736156 0.885927 0.740284 0.760991 0.970211 0.912049 0.854945 0.925533 0.926310 0.886974 0.897795
0.419491 0.300965 0.999846 0.879584 0.999230 0.850404 0.901559 0.716772 0.860201 0.874020 0.761414 0.453885 0.882817 0.870413 0.998176 0.773802 0.000000 0.320008 0.797336 0.596444 0.869172 0.967698 0.968374 0.916211 0.875774 0.905791 0.945711 0.955421 0.461291 0.451631 0.775811 0.857462 0.686480 0.683786 0.815497 0.830601 0.688092 0.736862 0.974750 0.813127 0.654189 0.762254 0.834937 0.725018 0.639230 0.622493 0.793266 0.867347 0.798575 0.741073 0.704141 0.757574 0.843502 0.922440 0.764044 0.751538 0.334017 0.272403 0.673063 0.665499 0.732137 0.476478 0.609796 0.381111 0.969948 0.774620 0.752137 0.746878 0.471809 0.582851 0.751479 0.820425 0.714103 0.639858 0.893632 0.807096 0.813956 0.873587 0.689086 0.846762 0.304414 0.487289 0.704444 0.466681 0.850157 0.762822 0.936423 0.958836 0.916411 0.714913 0.862296 0.978000 0.832816 0.987634 0.554152 0.991799 0.638133 0.627697 0.755236 0.721529 0.879748 0.968923 0.625944 0.700642 0.634829 0.838616 0.958000 0.803473 0.918012 0.780948 0.920615 0.739146 0.920754 0.847873 0.759862 0.911215
0.409599 0.333288 0.892009 0.748512 0.975703 0.816933 0.747779 0.580675 0.861958 0.825711 0.696169 0.341293 0.761473 0.673903 0.894825 0.612439 0.320008 0.000000 0.666933 0.514109 0.831342 0.922624 0.821984 0.783913 0.831681 0.766847 0.966087 0.968859 0.401972 0.344618 0.651943 0.679871 0.517630 0.591622 0.715853 0.669445 0.581727 0.740842 0.973990 0.826134 0.716839 0.788518 0.766819 0.699577 0.589619 0.584100 0.752164 0.765715 0.886197 0.788836 0.718190 0.750862 0.822654 0.897704 0.728428 0.857710 0.323706 0.309196 0.626070 0.678008 0.622178 0.451451 0.532673 0.332525 0.859645 0.630055 0.609124 0.599264 0.537155 0.574564 0.680085 0.705825 0.666894 0.559430 0.898051 0.851209 0.786797 0.779211 0.523820 0.672517 0.257384 0.456863 0.580901 0.539890 0.756483 0.639375 0.981035 0.947789 0.828247 0.725762 0.734106 0.957680 0.699116 0.941007 0.676411 0.877411 0.588443 0.760428 0.664834 0.667094 0.711612 0.882228 0.577550 0.720442 0.585109 0.779342 0.999404 0.853558 0.839469 0.749997 0.931192 0.778133 0.953609 0.869522 0.783419 0.963415
0.464990 0.725655 0.377950 0.290208 0.854888 0.633728 0.285315 0.241557 0.745507 0.791910 0.330230 0.551942 0.369692 0.373507 0.637036 0.559325 0.797336 0.666933 0.000000 0.345120 0.887554 0.947999 0.435759 0.420791 0.644591 0.532480 0.972122 0.784653 0.575178 0.716322 0.385356 0.409476 0.316724 0.284085 0.463939 0.644199 0.682956 0.924212 0.874998 0.938861 0.852754 0.895780 0.447651 0.503731 0.607709 0.662165 0.467957 0.510910 0.998976 0.868489 0.837714 0.910533 0.841181 0.913851 0.633542 0.768831 0.731436 0.868203 0.531608 0.878874 0.462805 0.741081 0.486710 0.841650 0.480646 0.429172 0.334921 0.335226 0.865786 0.919042 0.533456 0.589420 0.757250 0.669681 0.783975 0.804734 0.606320 0.625024 0.813338 0.827922 0.758343 0.605153 0.665121 0.909357 0.411953 0.467706 0.820744 0.747692 0.708208 0.731135 0.550904 0.718640 0.654737 0.757902 0.797712 0.724874 0.788033 0.798754 0.514884 0.472981 0.583558 0.618001 0.653284 0.640121 0.609373 0.694141 0.963375 0.749008 0.796397 0.926138 0.981665 0.801836 0.768755 0.935250 0.979831 0.855386
0.362580 0.515087 0.573479 0.432149 0.930099 0.656821 0.449802 0.330074 0.741448 0.855634 0.398545 0.417999 0.420852 0.399814 0.706214 0.534928 0.596444 0.514109 0.345120 0.000000 0.822363 0.984145 0.603825 0.503418 0.713163 0.633027 0.981328 0.781849 0.420801 0.591236 0.532314 0.463430 0.328908 0.356847 0.663503 0.776496 0.700515 0.997047 0.869906 0.943702 0.871522 0.915348 0.526793 0.551374 0.611939 0.627435 0.503396 0.556552 0.902549 0.779890 0.795644 0.873727 0.870710 0.935257 0.682818 0.759297 0.550313 0.628755 0.484524 0.691072 0.485509 0.576718 0.455479 0.682430 0.595894 0.488162 0.491506 0.479709 0.663284 0.781624 0.614950 0.722495 0.696934 0.620097 0.734286 0.671737 0.633002 0.686921 0.755708 0.771209 0.571566 0.425334 0.567776 0.721958 0.476478 0.481425 0.772689 0.701690 0.790298 0.720553 0.687295 0.872174 0.782378 0.900447 0.725138 0.959014 0.781887 0.783775 0.584604 0.512060 0.633574 0.693965 0.577496 0.665724 0.564590 0.764175 0.938431 0.825353 0.755356 0.995531 0.958565 0.783805 0.828268 0.885931 0.870594 0.916377
0.803608 0.853804 0.722401 0.787182 0.787020 0.860282 0.740114 0.814752 0.729151 0.931467 0.875184 0.780577 0.676182 0.816790 0.649314 0.610679 0.869172 0.831342 0.887554 0.822363 0.000000 0.951719 0.691299 0.774950 0.760261 0.737420 0.851995 0.906242 0.875066 0.763023 0.735656 0.889618 0.696198 0.768025 0.830736 0.786410 0.765930 0.695690 0.955375 0.764898 0.861140 0.975917 0.854922 0.940418 0.885524 0.921292 0.847183 0.859771 0.878709 0.917239 0.921242 0.915015 0.959752 0.826478 0.811090 0.816795 0.972728 0.879656 0.648832 0.685950 0.591779 0.753289 0.756647 0.770711 0.620463 0.690900 0.707632 0.747293 0.778585 0.999038 0.683321 0.815084 0.978214 0.933789 0.969551 0.933164 0.837418 0.726321 0.920526 0.815007 0.721797 0.873085 0.813116 0.906683 0.705011 0.687787 0.819328 0.801997 0.800129 0.904114 0.800126 0.851742 0.875434 0.741918 0.793208 0.946864 0.798352 0.980695 0.752013 0.895012 0.938245 0.943394 0.879811 0.923378 0.840909 0.656918 0.838485 0.932931 0.979688 0.963700 0.996108 0.814700 0.972075 0.936258 0.771362 0.936192
0.964362 0.926238 0.921418 0.944099 0.912532 0.950049 0.998512 0.984518 0.960476 0.983924 0.834187 0.921551 0.995321 0.961853 0.870196 0.955055 0.967698 0.922624 0.947999 0.984145 0.951719 0.000000 0.951703 0.891402 0.794070 0.998222 0.782847 0.816315 0.969015 0.976456 0.885048 0.970653 0.996072 0.981975 0.966569 0.977537 0.980237 0.979542 0.965533 0.914584 0.951076 0.968881 0.969867 0.931979 0.930807 0.947816 0.973787 0.935052 0.970824 0.964411 0.862627 0.879164 0.978428 0.891921 0.990854 0.993463 0.935272 0.948496 0.982885 0.980615 0.989427 0.948230 0.996315 0.928689 0.947707 0.993545 0.984548 0.979739 0.804175 0.868994 0.915575 0.920824 0.945541 0.943126 0.876506 0.981436 0.931597 0.756672 0.975161 0.943017 0.955765 0.941653 0.750895 0.993723 0.993419 0.827072 0.973748 0.999655 0.858731 0.830527 0.916011 0.914454 0.900943 0.998002 0.920912 0.925198 0.886252 0.975489 0.863650 0.871504 0.995923 0.930156 0.853302 0.988471 0.768601 0.933663 0.948411 0.913213 0.949618 0.937356 0.838302 0.984648 0.948039 0.940369 0.910736 0.973152
0.667095 0.947117 0.262991 0.289715 0.755777 0.861196 0.300856 0.399651 0.554475 0.753288 0.511822 0.718076 0.342273 0.435704 0.343311 0.361026 0.968374 0.821984 0.435759 0.603825 0.691299 0.951703 0.000000 0.321525 0.414405 0.427441 0.794728 0.914002 0.766254 0.663265 0.301728 0.375454 0.349327 0.332038 0.481889 0.666466 0.602578 0.798681 0.829341 0.928903 0.938651 0.788376 0.646252 0.736492 0.802491 0.852018 0.650792 0.606754 0.749603 0.903225 0.881601 0.885855 0.867900 0.783849 0.744219 0.862365 0.946304 0.965033 0.585292 0.790281 0.319355 0.731707 0.489053 0.786753 0.281417 0.369441 0.388841 0.410773 0.942357 0.876831 0.517185 0.548527 0.961808 0.928147 0.800131 0.908948 0.656253 0.622585 0.851822 0.763722 0.817314 0.777608 0.619989 0.937680 0.279690 0.385704 0.805531 0.810454 0.648424 0.624480 0.633142 0.726894 0.730116 0.666675 0.735067 0.824824 0.822552 0.861062 0.693889 0.660615 0.753929 0.742676 0.878180 0.867660 0.700731 0.591531 0.924482 0.757473 0.890866 0.879361 0.900195 0.995086 0.948331 0.944062 0.893872 0.904548
0.642150 0.801052 0.388567 0.293830 0.964021 0.807631 0.431690 0.435008 0.751362 0.935752 0.462680 0.652310 0.385511 0.399413 0.568155 0.473549 0.916211 0.783913 0.420791 0.503418 0.774950 0.891402 0.321525 0.000000 0.411765 0.474864 0.834958 0.861346 0.747559 0.640553 0.377341 0.326822 0.356619 0.360861 0.630465 0.775092 0.763032 0.880398 0.752751 0.982470 0.936115 0.724387 0.698961 0.751933 0.848988 0.881127 0.641352 0.613237 0.809074 0.912736 0.968069 0.936518 0.949159 0.975197 0.676232 0.840482 0.906026 0.971243 0.699975 0.788033 0.407690 0.675373 0.525499 0.804985 0.407358 0.350145 0.513413 0.450075 0.882142 0.836667 0.715686 0.778677 0.987176 0.912808 0.679525 0.858913 0.837975 0.737650 0.791557 0.678844 0.748568 0.567380 0.533680 0.820410 0.337357 0.288864 0.781534 0.548701 0.587181 0.599125 0.857162 0.979962 0.962139 0.991256 0.797866 0.856051 0.895785 0.990942 0.800605 0.754831 0.788660 0.873090 0.963108 0.908435 0.738399 0.810977 0.944025 0.967314 0.840825 0.870728 0.940035 0.995047 0.968562 0.978295 0.907790 0.812949
0.701667 0.767418 0.437041 0.420599 0.883245 0.955696 0.537257 0.570585 0.640831 0.979146 0.780466 0.872079 0.651770 0.699428 0.573920 0.545259 0.875774 0.831681 0.644591 0.713163 0.760261 0.794070 0.414405 0.411765 0.000000 0.410077 0.761027 0.966938 0.875528 0.699456 0.411931 0.504259 0.527619 0.517882 0.567702 0.735097 0.664335 0.738728 0.803731 0.952084 0.964832 0.901842 0.759592 0.810006 0.823750 0.846702 0.673051 0.688833 0.957439 0.979284 0.786747 0.912618 0.916512 0.905490 0.677601 0.788904 0.938877 0.867576 0.778267 0.768393 0.547427 0.724325 0.698571 0.810437 0.395291 0.513876 0.567167 0.584295 0.695143 0.885333 0.650523 0.769298 0.973068 0.993923 0.789697 0.985363 0.716580 0.686290 0.842827 0.807928 0.719969 0.612255 0.494652 0.734088 0.405808 0.376823 0.900284 0.773339 0.556633 0.470358 0.863963 0.968587 0.875320 0.963272 0.666957 0.861461 0.687322 0.787202 0.776089 0.777811 0.998963 0.978983 0.972015 0.999579 0.720781 0.759824 0.868126 0.876734 0.916642 0.926980 0.773443 0.941152 0.935102 0.982598 0.950340 0.885121
0.655905 0.788669 0.313058 0.346741 0.915528 0.794861 0.363591 0.417781 0.497647 0.855546 0.627467 0.729752 0.583318 0.672030 0.584360 0.434703 0.905791 0.766847 0.532480 0.633027 0.737420 0.998222 0.427441 0.474864 0.410077 0.000000 0.916841 0.996712 0.663249 0.726523 0.406549 0.513208 0.478104 0.475101 0.585127 0.674026 0.565960 0.731144 0.991067 0.984029 0.982702 0.945461 0.558826 0.684115 0.559392 0.595223 0.584364 0.559296 0.833411 0.772171 0.652267 0.745871 0.716361 0.741307 0.507811 0.755287 0.977926 0.945161 0.643365 0.799357 0.455860 0.648202 0.741666 0.887502 0.338241 0.445844 0.471668 0.499394 0.756688 0.922389 0.621886 0.644075 0.810849 0.803967 0.876911 0.951627 0.559196 0.615940 0.686019 0.811804 0.747683 0.636092 0.657546 0.745087 0.427965 0.458697 0.890112 0.799191 0.679107 0.645950 0.646423 0.778288 0.705686 0.734945 0.683044 0.809389 0.643360 0.826384 0.648901 0.658166 0.779814 0.879220 0.846751 0.899215 0.698663 0.697158 0.838223 0.814276 0.731879 0.964552 0.830607 0.912144 0.908262 0.946527 0.901627 0.892182
0.919931 0.948870 0.914037 0.889275 0.892484 0.926040 0.951255 0.990493 0.917576 0.982150 0.979121 0.979432 0.837322 0.883246 0.763406 0.860245 0.945711 0.966087 0.972122 0.981328 0.851995 0.782847 0.794728 0.834958 0.761027 0.916841 0.000000 0.852919 0.910105 0.934628 0.910009 0.935333 0.897707 0.882585 0.946039 0.826452 0.950716 0.828400 0.871850 0.933725 0.814682 0.973046 0.931823 0.985519 0.914744 0.862141 0.960499 0.882900 0.746050 0.815900 0.970162 0.946513 0.858262 0.984137 0.988025 0.914584 0.934902 0.932460 0.863136 0.753909 0.818316 0.939362 0.821904 0.862832 0.844658 0.750316 0.844704 0.810087 0.957050 0.931064 0.937754 0.947102 0.797895 0.813484 0.912166 0.947490 0.929995 0.867912 0.996121 0.885536 0.889139 0.990522 0.815083 0.866705 0.802236 0.767217 0.850690 0.949015 0.699417 0.799958 0.969442 0.951010 0.965687 0.982303 0.832596 0.964254 0.994672 0.798646 0.890047 0.964528 0.892339 0.904396 0.978824 0.984142 0.935080 0.893188 0.979604 0.888367 0.951993 0.893162 0.969116 0.999153 0.839727 0.869015 0.866774 0.961775
0.792019 0.976462 0.883499 0.787184 0.880920 0.720093 0.829151 0.816269 0.738753 0.865946 0.790695 0.917516 0.784777 0.730413 0.771006 0.874818 0.955421 0.968859 0.784653 0.781849 0.906242 0.816315 0.914002 0.861346 0.966938 0.996712 0.852919 0.000000 0.881305 0.973251 0.844985 0.915973 0.811481 0.812025 0.788672 0.909472 0.942754 0.970575 0.855571 0.994682 0.961350 0.859004 0.848130 0.810660 0.921157 0.980218 0.890399 0.916044 0.912718 0.952427 0.943108 0.982286 0.913770 0.925115 0.986869 0.939849 0.911386 0.883804 0.743168 0.966912 0.883522 0.873650 0.831993 0.982327 0.920472 0.928141 0.801558 0.849315 0.972153 0.998603 0.858669 0.797442 0.842804 0.859201 0.882466 0.971155 0.810409 0.897109 0.892117 0.962774 0.987295 0.999323 0.969079 0.914540 0.917598 0.877296 0.928272 0.946150 0.976945 0.968346 0.745432 0.762613 0.827348 0.809997 0.884093 0.992965 0.945651 0.870982 0.809762 0.796939 0.809385 0.849608 0.761023 0.730428 0.819439 0.894885 0.976991 0.868081 0.857359 0.860607 0.965237 0.990947 0.903455 0.857373 0.842517 0.992483
0.446193 0.458945 0.710425 0.652945 0.925508 0.871069 0.626591 0.487844 0.685529 0.776108 0.566815 0.448857 0.622327 0.625867 0.785007 0.521310 0.461291 0.401972 0.575178 0.420801 0.875066 0.969015 0.766254 0.747559 0.875528 0.663249 0.910105 0.881305 0.000000 0.462592 0.586800 0.696954 0.473203 0.552808 0.690276 0.910882 0.614875 0.814312 0.952988 0.893226 0.779742 0.865966 0.663226 0.625122 0.532566 0.494897 0.689391 0.657593 0.750385 0.641909 0.674414 0.711999 0.702226 0.808274 0.681118 0.675294 0.491769 0.490994 0.533627 0.738864 0.529633 0.504916 0.527532 0.521314 0.745990 0.673352 0.621173 0.657070 0.633941 0.569263 0.653553 0.660074 0.528425 0.533245 0.830720 0.756830 0.730934 0.778658 0.581328 0.762659 0.466929 0.521920 0.680357 0.581485 0.662148 0.684302 0.828816 0.956722 0.900548 0.872352 0.679980 0.910705 0.769206 0.863651 0.670657 0.892628 0.588364 0.858992 0.660184 0.607670 0.673569 0.917807 0.555139 0.762894 0.587260 0.789903 0.920056 0.772290 0.627754 0.766047 0.886253 0.841196 0.792313 0.737107 0.820697 0.952811
0.484932 0.444517 0.813658 0.738226 0.945027 0.946980 0.776833 0.666170 0.762619 0.910732 0.629119 0.381275 0.649161 0.582915 0.761416 0.481759 0.451631 0.344618 0.716322 0.591236 0.763023 0.976456 0.663265 0.640553 0.699456 0.726523 0.934628 0.973251 0.462592 0.000000 0.572622 0.639575 0.485300 0.559451 0.773026 0.832477 0.611755 0.707581 0.906194 0.813863 0.775882 0.824496 0.945169 0.871746 0.795741 0.778505 0.884991 0.818176 0.922191 0.988876 0.820021 0.870739 0.930882 0.955568 0.811606 0.907294 0.478372 0.422185 0.653586 0.640514 0.486322 0.423124 0.425972 0.288201 0.748543 0.589526 0.690138 0.666137 0.608268 0.713379 0.728570 0.797856 0.805328 0.749338 0.828908 0.910563 0.879444 0.818083 0.605482 0.593870 0.292516 0.513495 0.588497 0.542306 0.644571 0.538139 0.975120 0.952002 0.764923 0.677805 0.858896 0.891437 0.856163 0.990117 0.699684 0.905773 0.699526 0.887553 0.824092 0.861712 0.838837 0.986359 0.757799 0.952976 0.719634 0.831917 0.952117 0.910492 0.978098 0.765325 0.909704 0.862340 0.870983 0.886607 0.752040 0.968926
0.548681 0.761701 0.307562 0.280172 0.777388 0.874693 0.331178 0.330797 0.587108 0.770019 0.454042 0.619979 0.433642 0.422374 0.464880 0.389037 0.775811 0.651943 0.385356 0.532314 0.735656 0.885048 0.301728 0.377341 0.411931 0.406549 0.910009 0.844985 0.586800 0.572622 0.000000 0.376239 0.307966 0.329001 0.460341 0.729610 0.564263 0.775177 0.897558 0.983436 0.864001 0.918672 0.609506 0.664589 0.653941 0.715571 0.664891 0.645549 0.933674 0.972174 0.794269 0.896868 0.816306 0.843888 0.719009 0.772216 0.798036 0.821376 0.576349 0.795300 0.338353 0.630822 0.498567 0.698819 0.372841 0.416998 0.415079 0.414050 0.745069 0.942484 0.505483 0.468110 0.775284 0.691799 0.711762 0.877427 0.649763 0.675326 0.683258 0.704232 0.680006 0.642305 0.576227 0.723865 0.360418 0.403702 0.827528 0.796580 0.666272 0.642468 0.631817 0.799525 0.686437 0.790915 0.692454 0.773943 0.650413 0.813917 0.676160 0.615846 0.653148 0.747304 0.782567 0.850610 0.589174 0.611856 0.932218 0.767823 0.797177 0.952360 0.828352 0.980358 0.893303 0.993751 0.855371 0.892809
0.585245 0.815707 0.418483 0.356630 0.959576 0.758623 0.406085 0.405264 0.794230 0.925430 0.433319 0.660037 0.420316 0.391996 0.604932 0.469708 0.857462 0.679871 0.409476 0.463430 0.889618 0.970653 0.375454 0.326822 0.504259 0.513208 0.935333 0.915973 0.696954 0.639575 0.376239 0.000000 0.387366 0.378499 0.619831 0.723236 0.740262 0.995061 0.767206 0.950974 0.932587 0.782823 0.654830 0.642058 0.804267 0.812747 0.638844 0.620881 0.886192 0.993087 0.940271 0.967991 0.995048 0.985379 0.735983 0.989675 0.811899 0.905530 0.676710 0.877297 0.463234 0.717791 0.546433 0.834160 0.477182 0.422895 0.497123 0.456534 0.903084 0.862482 0.727105 0.676920 0.864299 0.754987 0.753174 0.775515 0.808918 0.710649 0.797805 0.664294 0.760829 0.618279 0.574082 0.879224 0.405693 0.414809 0.745915 0.715961 0.812328 0.733444 0.773259 0.913516 0.834287 0.909169 0.771261 0.827543 0.912979 0.879282 0.772744 0.714465 0.654101 0.729575 0.874965 0.838969 0.690064 0.823575 0.946200 0.948286 0.983773 0.974467 0.993227 0.989689 0.982532 0.932504 0.916221 0.895896
0.391521 0.603641 0.399711 0.318808 0.785437 0.738483 0.338553 0.276929 0.641263 0.839248 0.375666 0.406464 0.342842 0.314770 0.521262 0.366805 0.686480 0.517630 0.316724 0.328908 0.696198 0.996072 0.349327 0.356619 0.527619 0.478104 0.897707 0.811481 0.473203 0.485300 0.307966 0.387366 0.000000 0.287013 0.496122 0.648484 0.503227 0.745764 0.810638 0.962250 0.832116 0.886147 0.572007 0.646387 0.634652 0.697800 0.536475 0.602188 0.912308 0.964487 0.820027 0.913039 0.897031 0.911949 0.739460 0.743802 0.651353 0.685090 0.440800 0.665518 0.283772 0.507457 0.330231 0.560462 0.387604 0.315283 0.334619 0.322634 0.772092 0.838492 0.538720 0.537465 0.765697 0.716545 0.746747 0.806148 0.591856 0.690069 0.654079 0.684342 0.544409 0.506425 0.536012 0.699863 0.314344 0.340500 0.845866 0.755703 0.669220 0.632711 0.629206 0.864320 0.713016 0.832634 0.742045 0.798463 0.695744 0.795846 0.589699 0.579288 0.668854 0.710165 0.656927 0.779639 0.607108 0.674886 0.952171 0.785814 0.769871 0.980164 0.943954 0.902045 0.902241 0.873653 0.916000 0.805585
0.402426 0.639266 0.334878 0.270638 0.814225 0.700400 0.293446 0.259218 0.612845 0.750803 0.358371 0.481485 0.331912 0.338979 0.509447 0.409776 0.683786 0.591622 0.284085 0.356847 0.768025 0.981975 0.332038 0.360861 0.517882 0.475101 0.882585 0.812025 0.552808 0.559451 0.329001 0.378499 0.287013 0.000000 0.437049 0.663226 0.565326 0.746645 0.760357 0.945395 0.868149 0.879819 0.471041 0.515381 0.593353 0.649274 0.490581 0.502756 0.966084 0.872078 0.747423 0.805495 0.788738 0.803303 0.642685 0.869812 0.701581 0.772076 0.474818 0.737419 0.340308 0.617629 0.410240 0.663637 0.393714 0.334516 0.317224 0.301842 0.720876 0.932311 0.470196 0.544849 0.763431 0.679713 0.750391 0.783541 0.611753 0.587729 0.748292 0.769988 0.621586 0.534070 0.517114 0.761733 0.336289 0.355341 0.804130 0.767251 0.617073 0.632397 0.549826 0.736851 0.637573 0.726132 0.725861 0.788518 0.752034 0.784595 0.537156 0.501047 0.617886 0.678094 0.608915 0.639703 0.538380 0.633761 0.976784 0.694597 0.742903 0.992260 0.954332 0.809107 0.830658 0.960574 0.821175 0.811996
0.558057 0.822614 0.462047 0.433989 0.719293 0.778053 0.437670 0.442817 0.604664 0.686862 0.592738 0.723876 0.560576 0.607552 0.581121 0.562526 0.815497 0.715853 0.463939 0.663503 0.830736 0.966569 0.481889 0.630465 0.567702 0.585127 0.946039 0.788672 0.690276 0.773026 0.460341 0.619831 0.496122 0.437049 0.000000 0.731485 0.555534 0.679268 0.829239 0.990899 0.831177 0.839453 0.552489 0.595093 0.620432 0.692813 0.574022 0.629964 0.986831 0.848628 0.718630 0.773261 0.689784 0.724093 0.661288 0.730163 0.871424 0.924013 0.537942 0.910658 0.511819 0.805241 0.597181 0.770015 0.473250 0.567786 0.357951 0.445403 0.842384 0.958180 0.478589 0.541372 0.713901 0.743521 0.958875 0.913344 0.638415 0.631247 0.798802 0.896021 0.736555 0.706129 0.662031 0.841190 0.497388 0.560401 0.839860 0.989097 0.711129 0.727202 0.464427 0.646447 0.553370 0.569317 0.731226 0.766261 0.678747 0.702746 0.543074 0.594865 0.656801 0.695386 0.629363 0.717854 0.655377 0.547071 0.935406 0.605887 0.693099 0.899641 0.805799 0.908162 0.836216 0.831338 0.955608 0.850876
0.757089 0.783401 0.713301 0.663249 0.834127 0.863113 0.617262 0.620851 0.934915 0.767419 0.829669 0.788490 0.778355 0.692744 0.734853 0.657606 0.830601 0.669445 0.644199 0.776496 0.786410 0.977537 0.666466 0.775092 0.735097 0.674026 0.826452 0.909472 0.910882 0.832477 0.729610 0.723236 0.648484 0.663226 0.731485 0.000000 0.692530 0.850145 0.912251 0.900905 0.797062 0.980552 0.715411 0.811770 0.717456 0.801306 0.737921 0.792955 0.985701 0.921382 0.725591 0.758040 0.788316 0.799886 0.847562 0.902900 0.842900 0.815173 0.768683 0.903623 0.736009 0.811572 0.777064 0.854812 0.667643 0.597437 0.515509 0.515176 0.968893 0.899050 0.614218 0.630703 0.977781 0.860454 0.961492 0.944036 0.624185 0.762396 0.970357 0.974748 0.746952 0.857530 0.687711 0.965211 0.617235 0.631915 0.948341 0.972994 0.782553 0.809919 0.671252 0.784709 0.619363 0.748274 0.796428 0.723720 0.853323 0.688366 0.653467 0.742780 0.728659 0.783347 0.791821 0.789717 0.728104 0.789637 0.994567 0.843743 0.930342 0.969151 0.805497 0.716101 0.884529 0.893153 0.938889 0.990811
0.548433 0.708836 0.597209 0.621819 0.734608 0.857578 0.605857 0.576630 0.584719 0.722489 0.704656 0.618344 0.711016 0.674173 0.673143 0.523515 0.688092 0.581727 0.682956 0.700515 0.765930 0.980237 0.602578 0.763032 0.664335 0.565960 0.950716 0.942754 0.614875 0.611755 0.564263 0.740262 0.503227 0.565326 0.555534 0.692530 0.000000 0.687219 0.869742 0.903444 0.685752 0.793156 0.769296 0.822037 0.663439 0.728245 0.711255 0.811839 0.952691 0.868681 0.646028 0.754673 0.724816 0.769049 0.803788 0.767774 0.736570 0.699582 0.520244 0.737578 0.498288 0.611538 0.565674 0.591235 0.633286 0.641053 0.533387 0.512697 0.776854 0.884099 0.599293 0.539961 0.755200 0.766760 0.977645 0.981182 0.639513 0.805767 0.615341 0.844937 0.573275 0.783907 0.686450 0.638669 0.627744 0.658254 0.990087 0.952535 0.666094 0.665792 0.666134 0.802696 0.645756 0.772884 0.606876 0.917831 0.609984 0.862159 0.667313 0.710195 0.790259 0.950773 0.667729 0.900572 0.672379 0.719925 0.941712 0.634087 0.732313 0.778121 0.763175 0.882948 0.975078 0.802251 0.935757 0.949096
0.742437 0.820524 0.792986 0.821777 0.803146 0.999085 0.810531 0.833563 0.635121 0.876705 0.940810 0.783562 0.856728 0.941338 0.754441 0.721713 0.736862 0.740842 0.924212 0.997047 0.695690 0.979542 0.798681 0.880398 0.738728 0.731144 0.828400 0.970575 0.814312 0.707581 0.775177 0.995061 0.745764 0.746645 0.679268 0.850145 0.687219 0.000000 0.963182 0.865935 0.895672 0.838504 0.912964 0.958942 0.776097 0.854703 0.904860 0.907883 0.980104 0.986350 0.872563 0.870091 0.889973 0.905254 0.841871 0.906853 0.846769 0.788498 0.727336 0.722583 0.687207 0.747594 0.766237 0.642377 0.742737 0.768866 0.698294 0.778572 0.864785 0.935298 0.711327 0.748715 0.962002 0.994556 0.974526 0.867096 0.844152 0.939954 0.882551 0.955904 0.719589 0.869507 0.771622 0.804892 0.806458 0.827433 0.992579 0.866958 0.869601 0.977299 0.762054 0.883760 0.733872 0.794614 0.891570 0.917325 0.741474 0.789124 0.830284 0.882675 0.969942 0.988685 0.898614 0.946801 0.760362 0.746035 0.755531 0.785459 0.795536 0.889929 0.990702 0.824802 0.891197 0.834657 0.850592 0.930114
