0.000000 0.257969 0.842394 0.676851 0.934587 0.880574 0.720872 0.608209 0.883435 0.942818 0.357471 0.325905 0.685559 0.756057 0.771616 0.631148 0.352635 0.354088 0.513790 0.451906 0.708621 0.920956 0.906011 0.822143 0.876363 0.911107 0.903067 0.830247 0.546779 0.518030 0.784047 0.858912 0.473587 0.484967 0.895805 0.829259 0.699302 0.613042 0.736674 0.661776 0.541398 0.622686 0.636062 0.560267 0.743753 0.618666 0.439841 0.467128 0.571327 0.589058 0.660535 0.684865 0.900298 0.725866 0.534518 0.643698 0.256558 0.326193 0.367001 0.450155 0.425559 0.478739 0.528177 0.418640 0.786475 0.588714 0.568901 0.482403 0.384318 0.504020 0.826859 0.726880 0.627889 0.593844 0.710104 0.863718 0.817562 0.777235 0.477387 0.471697 0.300722 0.360259 0.645532 0.452684 0.577692 0.628101 0.970302 0.939821 0.763767 0.665514 0.973044 0.915895 0.988255 0.854982 0.596194 0.910936 0.747797 0.889145 0.788389 0.806108 0.971275 0.861709 0.811559 0.782651 0.532644 0.638741 0.960678 0.996532 0.926626 0.888624 0.989285 0.641063 0.812772 0.901108 0.744136 0.911346
0.257969 0.000000 0.840036 0.668985 0.815833 0.879274 0.688598 0.582648 0.856937 0.949375 0.385634 0.325317 0.686447 0.692712 0.732754 0.616520 0.374598 0.372829 0.517548 0.426662 0.738504 0.909161 0.875160 0.804060 0.868040 0.914733 0.932196 0.800072 0.443742 0.514589 0.766358 0.792153 0.433566 0.423877 0.899317 0.857785 0.742343 0.703518 0.700076 0.757209 0.595208 0.590473 0.651240 0.577936 0.738922 0.640855 0.494226 0.478607 0.612591 0.583651 0.634831 0.657238 0.849212 0.805930 0.618172 0.745823 0.255473 0.284613 0.364774 0.422206 0.406509 0.490798 0.504152 0.422136 0.798176 0.632458 0.539191 0.479456 0.386648 0.458974 0.784550 0.677081 0.577536 0.571668 0.739420 0.911964 0.786354 0.734165 0.478087 0.456137 0.343667 0.416564 0.624765 0.473593 0.601287 0.667029 0.996553 0.981600 0.819349 0.736118 0.983523 0.977836 0.952519 0.871624 0.608877 0.869487 0.769180 0.927139 0.764592 0.762253 0.921041 0.860609 0.825510 0.844149 0.541891 0.602977 0.998772 0.858197 0.905667 0.902130 0.956199 0.610575 0.824431 0.876233 0.764993 0.858949
0.842394 0.840036 0.000000 0.301261 0.828826 0.930794 0.640861 0.585626 0.637321 0.973952 0.855887 0.803191 0.505921 0.641224 0.708897 0.513639 0.889952 0.923235 0.682798 0.723187 0.646314 0.844498 0.582678 0.580781 0.386223 0.343233 0.804412 0.866815 0.990949 0.961329 0.534282 0.729925 0.659420 0.782080 0.828375 0.925209 0.556625 0.508230 0.536806 0.592696 0.995179 0.923399 0.545939 0.572793 0.729749 0.692493 0.592081 0.700067 0.740324 0.681255 0.554200 0.641931 0.741777 0.783120 0.793720 0.820479 0.926241 0.943710 0.940616 0.918721 0.873768 0.648174 0.648672 0.726004 0.373763 0.403311 0.649797 0.696629 0.738332 0.685743 0.656936 0.655658 0.796683 0.697895 0.854534 0.786300 0.508088 0.680477 0.698072 0.926100 0.924766 0.983142 0.917192 0.934686 0.780498 0.688741 0.972328 0.865143 0.788651 0.741128 0.683853 0.655170 0.602627 0.598892 0.905487 0.803434 0.840384 0.788250 0.798777 0.804654 0.955406 0.808467 0.982726 0.899479 0.685089 0.859851 0.949985 0.791279 0.859725 0.951962 0.973400 0.911053 0.821870 0.959147 0.766710 0.869304
0.676851 0.668985 0.301261 0.000000 0.715566 0.882552 0.619167 0.481507 0.620147 0.975043 0.683930 0.623163 0.473470 0.478593 0.608667 0.440780 0.961608 0.880965 0.614997 0.551897 0.577277 0.833209 0.521034 0.498644 0.415171 0.353273 0.771801 0.810946 0.849287 0.878431 0.517850 0.682132 0.523304 0.648185 0.758798 0.916341 0.494337 0.500321 0.457691 0.612518 0.909482 0.896381 0.504840 0.477653 0.676301 0.626170 0.571645 0.658750 0.632862 0.524564 0.481770 0.551635 0.655522 0.810051 0.730195 0.732892 0.754575 0.863800 0.948081 0.827620 0.776873 0.581705 0.832952 0.922292 0.354321 0.368258 0.601886 0.638202 0.585077 0.474588 0.644374 0.616705 0.843141 0.694282 0.799494 0.777999 0.555557 0.658446 0.537063 0.794907 0.913224 0.830023 0.826040 0.796649 0.652102 0.576997 0.908186 0.911637 0.757735 0.623883 0.745164 0.690894 0.622877 0.635958 0.782707 0.744336 0.870905 0.868711 0.763120 0.793697 0.916355 0.851693 0.927134 0.999243 0.573157 0.712591 0.952081 0.889689 0.901312 0.939587 0.867359 0.932983 0.837746 0.953173 0.683534 0.937912
0.934587 0.815833 0.828826 0.715566 0.000000 0.980722 0.907851 0.796823 0.800606 0.985444 0.951796 0.966994 0.864368 0.891767 0.907941 0.966789 0.934062 0.949293 0.954118 0.850016 0.820437 0.824422 0.929703 0.928446 0.807913 0.740508 0.967605 0.899981 0.862859 0.990747 0.832344 0.844224 0.878794 0.838835 0.876014 0.956494 0.748828 0.897091 0.795688 0.895922 0.964971 0.945157 0.800664 0.745470 0.824368 0.829780 0.861803 0.779428 0.851961 0.802208 0.830105 0.882591 0.995299 0.940417 0.984105 0.784982 0.877481 0.968611 0.934375 0.952501 0.942824 0.965397 0.963214 0.963860 0.839238 0.906327 0.837897 0.799161 0.801846 0.793186 0.805559 0.841010 0.801280 0.898988 0.940365 0.992271 0.823711 0.957913 0.769227 0.990347 0.978145 0.913520 0.893351 0.879223 0.930892 0.931376 0.803784 0.903576 0.950515 0.827804 0.992299 0.922843 0.905061 0.957613 0.860084 0.822046 0.938572 0.907293 0.895857 0.895212 0.805003 0.984562 0.898181 0.860400 0.878421 0.886500 0.976411 0.912570 0.897947 0.824583 0.960803 0.990094 0.888105 0.994698 0.964575 0.793686
0.880574 0.879274 0.930794 0.882552 0.980722 0.000000 0.602249 0.523231 0.778317 0.583653 0.920792 0.723671 0.857793 0.989932 0.871195 0.749326 0.787901 0.896299 0.723501 0.838872 0.853731 0.947078 0.900978 0.844104 0.828138 0.971407 0.540234 0.904297 0.853155 0.769611 0.818333 0.691135 0.723199 0.708324 0.899225 0.872091 0.974578 0.920135 0.993989 0.943622 0.909926 0.906386 0.879968 0.989639 0.971642 0.829928 0.983964 0.824627 0.793502 0.797715 0.945471 0.900737 0.939997 0.977910 0.836154 0.980947 0.998208 0.985712 0.902249 0.993488 0.699574 0.687276 0.994022 0.949200 0.795391 0.794762 0.828793 0.646683 0.931797 0.850288 0.562816 0.556412 0.626228 0.632545 0.931118 0.955088 0.783705 0.748935 0.907742 0.897247 0.991605 0.964472 0.736487 0.807588 0.767835 0.807276 0.741823 0.764017 0.762417 0.655045 0.506420 0.582515 0.581440 0.733494 0.815957 0.928784 0.630816 0.780833 0.549615 0.671396 0.696056 0.816244 0.695658 0.872666 0.825975 0.908382 0.962573 0.860716 0.862642 0.974242 0.907426 0.762902 0.689146 0.946625 0.899580 0.930674
0.720872 0.688598 0.640861 0.619167 0.907851 0.602249 0.000000 0.338369 0.409245 0.541272 0.622603 0.632934 0.645175 0.772765 0.659133 0.396496 0.659963 0.645089 0.341150 0.541797 0.768659 0.888575 0.613751 0.781993 0.970173 0.821827 0.770357 0.889520 0.558361 0.520376 0.326638 0.370595 0.332972 0.354879 0.958565 0.906663 0.859758 0.826243 0.845403 0.898493 0.959158 0.958218 0.462974 0.502052 0.457632 0.615699 0.793298 0.790095 0.779666 0.850469 0.599426 0.706172 0.606182 0.678155 0.900815 0.878661 0.655665 0.931410 0.908541 0.905045 0.543679 0.801596 0.845295 0.812152 0.859590 0.814566 0.372866 0.478903 0.936793 0.909368 0.524171 0.447257 0.496909 0.530651 0.976890 0.808740 0.534286 0.509462 0.641116 0.640968 0.807241 0.836798 0.804999 0.966204 0.898988 0.906779 0.859759 0.903263 0.877951 0.937296 0.529851 0.547384 0.602931 0.677990 0.657269 0.662693 0.706972 0.688032 0.431837 0.470217 0.781607 0.563290 0.689569 0.831509 0.675578 0.903542 0.882440 0.841226 0.805744 0.946943 0.878197 0.663449 0.486841 0.880492 0.696568 0.960921
0.608209 0.582648 0.585626 0.481507 0.796823 0.523231 0.338369 0.000000 0.461482 0.495172 0.549056 0.441425 0.637711 0.625007 0.771402 0.442260 0.646955 0.633269 0.370377 0.423665 0.779850 0.872623 0.770967 0.826738 0.871367 0.720975 0.755798 0.952571 0.597068 0.537122 0.430137 0.478548 0.393203 0.370390 0.989619 0.869531 0.730831 0.719433 0.758601 0.736862 0.812141 0.828820 0.472483 0.512966 0.583093 0.695650 0.730638 0.777626 0.838495 0.821384 0.610522 0.701238 0.726446 0.813280 0.882380 0.814287 0.640416 0.842923 0.814888 0.918511 0.534826 0.504958 0.898210 0.806056 0.840700 0.601846 0.459152 0.470367 0.803543 0.796878 0.397581 0.330909 0.491950 0.466165 0.862378 0.800238 0.469994 0.561120 0.515196 0.659305 0.780360 0.839826 0.969610 0.961943 0.981728 0.943978 0.725218 0.769820 0.924901 0.982828 0.452038 0.493343 0.461592 0.628654 0.696762 0.709143 0.576870 0.714408 0.431744 0.467307 0.655334 0.647339 0.556567 0.765943 0.579269 0.744882 0.918005 0.832814 0.895088 0.987510 0.946564 0.644799 0.561798 0.851662 0.631150 0.929744
0.883435 0.856937 0.637321 0.620147 0.800606 0.778317 0.409245 0.461482 0.000000 0.465897 0.788124 0.723481 0.769947 0.830958 0.807980 0.510630 0.829459 0.821605 0.528197 0.574558 0.725308 0.918170 0.732661 0.912606 0.937981 0.650485 0.867131 0.838757 0.652629 0.712197 0.358881 0.489195 0.540254 0.518926 0.911866 0.958333 0.754729 0.823274 0.762682 0.838128 0.907449 0.910478 0.456070 0.519945 0.487332 0.658683 0.937995 0.881193 0.787606 0.856061 0.660446 0.759339 0.635013 0.565625 0.888237 0.920999 0.799875 0.847307 0.831366 0.697756 0.824011 0.819616 0.926642 0.966981 0.810814 0.885226 0.523858 0.751112 0.942841 0.925748 0.422181 0.423689 0.663282 0.632368 0.992720 0.718706 0.478130 0.487008 0.735383 0.811924 0.986933 0.860687 0.948216 0.876329 0.864398 0.909605 0.731265 0.719185 0.839992 0.906379 0.433469 0.427666 0.462568 0.471535 0.760681 0.688046 0.751663 0.661287 0.466658 0.440120 0.657642 0.512623 0.572646 0.748988 0.752601 0.982580 0.838220 0.769730 0.804492 0.892579 0.874286 0.623679 0.651808 0.958958 0.809034 0.942322
0.942818 0.949375 0.973952 0.975043 0.985444 0.583653 0.541272 0.495172 0.465897 0.000000 0.768910 0.692372 0.979424 0.961033 0.929815 0.716398 0.694528 0.722839 0.600535 0.597243 0.965746 0.946258 0.900616 0.767270 0.707880 0.962873 0.646364 0.676433 0.595097 0.580094 0.617119 0.650181 0.718996 0.576580 0.903191 0.927360 0.978347 0.966093 0.867699 0.997592 0.989257 0.928507 0.730126 0.826705 0.727308 0.940705 0.791673 0.827930 0.911523 0.768453 0.999733 0.901610 0.879769 0.736338 0.746522 0.894764 0.887000 0.867555 0.861713 0.657433 0.764222 0.819556 0.909863 0.875922 0.705944 0.922680 0.737033 0.811418 0.844473 0.756935 0.409122 0.412809 0.550723 0.584343 0.894399 0.816767 0.624896 0.606162 0.817293 0.900104 0.994573 0.826134 0.810643 0.706250 0.522156 0.557790 0.663858 0.648415 0.734626 0.679433 0.369491 0.424505 0.483636 0.544192 0.885321 0.737660 0.692243 0.697736 0.404165 0.491189 0.552948 0.558072 0.418270 0.591516 0.863802 0.990159 0.942076 0.846116 0.769211 0.906115 0.701658 0.597168 0.593882 0.999651 0.889316 0.992902
0.357471 0.385634 0.855887 0.683930 0.951796 0.920792 0.622603 0.549056 0.788124 0.768910 0.000000 0.345789 0.691161 0.734584 0.747981 0.659110 0.337966 0.267756 0.439648 0.425004 0.826841 0.971209 0.936610 0.842820 0.976686 0.994518 0.949452 0.944711 0.382916 0.333138 0.712250 0.793979 0.478000 0.404213 0.989147 0.811895 0.758290 0.717809 0.762483 0.814370 0.657703 0.706024 0.754948 0.685173 0.750975 0.738032 0.619371 0.637571 0.801535 0.826735 0.778256 0.900813 0.966207 0.784635 0.697943 0.791592 0.362984 0.404774 0.566197 0.623764 0.350139 0.529234 0.442541 0.365114 0.923627 0.677497 0.566719 0.584248 0.502605 0.554050 0.774576 0.637006 0.616126 0.597946 0.792220 0.780257 0.821589 0.791389 0.463899 0.491550 0.400948 0.417194 0.694067 0.555346 0.771922 0.769340 0.942185 0.987948 0.857677 0.780601 0.932682 0.995471 0.961979 0.939111 0.626657 0.796981 0.819919 0.847647 0.757622 0.843054 0.961773 0.926870 0.789272 0.702204 0.641075 0.710028 0.811114 0.925447 0.970505 0.882188 0.983422 0.663120 0.766076 0.999008 0.732791 0.909510
0.325905 0.325317 0.803191 0.623163 0.966994 0.723671 0.632934 0.441425 0.723481 0.692372 0.345789 0.000000 0.594317 0.596503 0.718470 0.520700 0.375742 0.390912 0.481507 0.413831 0.749874 0.915282 0.942665 0.851276 0.957964 0.893723 0.984419 0.935554 0.429800 0.440844 0.706802 0.735006 0.449147 0.414848 0.895453 0.820289 0.731269 0.677331 0.736390 0.743304 0.647571 0.649429 0.648635 0.623409 0.738387 0.693620 0.573181 0.637855 0.718009 0.706376 0.680174 0.744606 0.855144 0.897897 0.710753 0.784888 0.391230 0.441815 0.546376 0.581104 0.353053 0.370620 0.570883 0.467281 0.887406 0.576860 0.607439 0.556103 0.500636 0.577762 0.611980 0.513968 0.554862 0.492800 0.710701 0.804811 0.711849 0.680551 0.447259 0.529752 0.426182 0.541571 0.805786 0.639589 0.840633 0.788211 0.835165 0.784584 0.816038 0.843959 0.735206 0.799682 0.737207 0.936080 0.635080 0.794966 0.674991 0.871657 0.677844 0.703084 0.812045 0.912761 0.627065 0.659029 0.526103 0.648309 0.876233 0.908103 0.888570 0.907028 0.974542 0.602712 0.804277 0.925012 0.732872 0.879599
0.685559 0.686447 0.505921 0.473470 0.864368 0.857793 0.645175 0.637711 0.769947 0.979424 0.691161 0.594317 0.000000 0.501064 0.389414 0.363076 0.927196 0.893316 0.649149 0.725063 0.781416 0.890072 0.483888 0.434006 0.643573 0.676567 0.700207 0.851723 0.862832 0.829867 0.709697 0.774812 0.537217 0.689354 0.808593 0.942065 0.709449 0.628349 0.616939 0.714207 0.979788 0.757480 0.667669 0.645304 0.763959 0.702802 0.581266 0.720988 0.656757 0.607738 0.471740 0.546917 0.607226 0.768580 0.772107 0.762642 0.759416 0.782093 0.874334 0.769942 0.550517 0.557944 0.999777 0.957067 0.458878 0.445569 0.734204 0.748585 0.729190 0.626666 0.848543 0.797653 0.955476 0.794175 0.774168 0.758483 0.599273 0.730644 0.683670 0.684866 0.809221 0.740448 0.752918 0.743571 0.606036 0.496027 0.948605 0.901596 0.586466 0.763347 0.793526 0.786159 0.807091 0.772181 0.729782 0.827965 0.897286 0.834285 0.842288 0.839951 0.941960 0.904392 0.970724 0.931575 0.690738 0.766581 0.930069 0.920838 0.941552 0.950832 0.949682 0.833813 0.750701 0.998178 0.622327 0.955697
0.756057 0.692712 0.641224 0.478593 0.891767 0.989932 0.772765 0.625007 0.830958 0.961033 0.734584 0.596503 0.501064 0.000000 0.426111 0.473625 0.971578 0.832729 0.668796 0.618420 0.884979 0.865658 0.501360 0.472809 0.724269 0.714068 0.710025 0.831356 0.750750 0.777407 0.779742 0.716737 0.574158 0.747795 0.768171 0.975501 0.799702 0.694911 0.692982 0.816493 0.917439 0.835178 0.687181 0.631003 0.714473 0.632441 0.718152 0.722851 0.661616 0.506775 0.587097 0.502755 0.642786 0.734871 0.847028 0.919092 0.790169 0.764073 0.882027 0.782954 0.759287 0.682865 0.976499 0.946113 0.569468 0.587046 0.890198 0.861556 0.762354 0.596370 0.878010 0.813410 0.961775 0.822759 0.846651 0.786890 0.667419 0.798352 0.582997 0.814615 0.906158 0.863865 0.720164 0.769719 0.743791 0.635903 0.937163 0.930956 0.811433 0.614192 0.893994 0.872510 0.834803 0.844386 0.883748 0.841008 0.950166 0.997459 0.908939 0.836470 0.994196 0.999670 0.859356 0.975532 0.672968 0.706828 0.906099 0.981852 0.906953 0.930164 0.907400 0.934448 0.899226 0.949619 0.599210 0.881695
0.771616 0.732754 0.708897 0.608667 0.907941 0.871195 0.659133 0.771402 0.807980 0.929815 0.747981 0.718470 0.389414 0.426111 0.000000 0.405943 0.947469 0.809526 0.642151 0.705638 0.848979 0.986901 0.326967 0.385430 0.765248 0.791178 0.597686 0.836880 0.780236 0.732708 0.645915 0.722394 0.538703 0.731832 0.788975 0.994908 0.807591 0.772660 0.691742 0.923727 0.933889 0.906885 0.687609 0.588380 0.608271 0.547826 0.725121 0.695479 0.566563 0.499945 0.471064 0.457970 0.470405 0.637805 0.710570 0.845956 0.705545 0.774288 0.920441 0.905382 0.667032 0.843126 0.847547 0.847211 0.526044 0.754340 0.762739 0.898345 0.813413 0.652750 0.969140 0.949179 0.959537 0.968066 0.886922 0.844748 0.746260 0.751123 0.763420 0.719672 0.769083 0.724291 0.540314 0.686449 0.551229 0.504390 0.861510 0.752016 0.735235 0.685252 0.998359 0.992579 0.979821 0.978676 0.781111 0.824571 0.926800 0.972942 0.943242 0.827317 0.844118 0.872651 0.965850 0.957483 0.764742 0.896568 0.959652 0.987123 0.954730 0.953256 0.951084 0.896759 0.824413 0.994814 0.663944 0.885903
0.631148 0.616520 0.513639 0.440780 0.966789 0.749326 0.396496 0.442260 0.510630 0.716398 0.659110 0.520700 0.363076 0.473625 0.405943 0.000000 0.753085 0.717112 0.441991 0.474932 0.690089 0.863601 0.425935 0.500531 0.710933 0.663637 0.879247 0.944860 0.679549 0.647225 0.411667 0.515599 0.355087 0.463664 0.825719 0.948633 0.707899 0.588525 0.638996 0.743324 0.957519 0.822472 0.415092 0.421744 0.476023 0.511187 0.641784 0.668631 0.574238 0.598824 0.431623 0.504046 0.478771 0.626417 0.834570 0.774291 0.600877 0.825686 0.904688 0.979770 0.544327 0.614671 0.970518 0.895340 0.531420 0.582544 0.532564 0.616383 0.733601 0.728535 0.600492 0.522074 0.718973 0.596128 0.849111 0.703623 0.446966 0.502336 0.580928 0.665793 0.785092 0.822401 0.703760 0.804563 0.737479 0.683921 0.900773 0.896778 0.846593 0.803252 0.612233 0.634627 0.659665 0.671741 0.689785 0.626429 0.829923 0.825078 0.573328 0.531676 0.835127 0.709485 0.719693 0.862282 0.576879 0.784062 0.922516 0.776846 0.862012 0.947375 0.889499 0.671205 0.564508 0.924608 0.597378 0.952550
0.352635 0.374598 0.889952 0.961608 0.934062 0.787901 0.659963 0.646955 0.829459 0.694528 0.337966 0.375742 0.927196 0.971578 0.947469 0.753085 0.000000 0.236314 0.496215 0.469559 0.830096 0.889588 0.850790 0.904856 0.735185 0.802131 0.836580 0.990225 0.357791 0.331591 0.802924 0.820624 0.568760 0.420814 0.925052 0.790208 0.871768 0.869264 0.958781 0.912486 0.624511 0.723412 0.799734 0.738776 0.795078 0.804692 0.740022 0.704144 0.842760 0.948004 0.938465 0.976291 0.927073 0.698669 0.803559 0.836969 0.314303 0.393117 0.485347 0.686943 0.399306 0.641596 0.350451 0.289856 0.812943 0.912338 0.597637 0.572888 0.593717 0.780052 0.747099 0.619880 0.504869 0.557273 0.876264 0.930031 0.910619 0.805380 0.539731 0.531014 0.352605 0.457022 0.729811 0.657240 0.907967 0.991647 0.902234 0.905614 0.993070 0.961464 0.940594 0.969706 0.982754 0.839892 0.648877 0.869747 0.770850 0.818111 0.711388 0.749443 0.867036 0.983337 0.698287 0.589884 0.730757 0.722054 0.930115 0.968569 0.757485 0.948285 0.856958 0.571935 0.808871 0.916298 0.910853 0.916296
0.354088 0.372829 0.923235 0.880965 0.949293 0.896299 0.645089 0.633269 0.821605 0.722839 0.267756 0.390912 0.893316 0.832729 0.809526 0.717112 0.236314 0.000000 0.455945 0.414599 0.866363 0.983925 0.996584 0.963881 0.782140 0.829040 0.960348 0.982897 0.326587 0.276737 0.769968 0.777555 0.511261 0.393192 0.965957 0.817181 0.843025 0.839649 0.921664 0.895823 0.602004 0.719048 0.810703 0.713133 0.745488 0.744371 0.729773 0.657282 0.818645 0.885268 0.880286 0.943838 0.958712 0.736272 0.763743 0.888879 0.288382 0.359298 0.530761 0.688943 0.393083 0.678939 0.316245 0.253218 0.906635 0.894358 0.604353 0.600532 0.578707 0.673255 0.815366 0.676931 0.554131 0.629814 0.928641 0.908146 0.949161 0.780469 0.518503 0.472275 0.354541 0.428667 0.613275 0.576644 0.822579 0.889357 0.933504 0.984226 0.991115 0.871926 0.984260 0.914906 0.941298 0.839195 0.626603 0.826403 0.876719 0.910880 0.755543 0.764665 0.906956 0.986142 0.752504 0.655762 0.713675 0.728587 0.879811 0.919364 0.883687 0.976070 0.909770 0.618183 0.829896 0.950337 0.830028 0.852705
0.513790 0.517548 0.682798 0.614997 0.954118 0.723501 0.341150 0.370377 0.528197 0.600535 0.439648 0.481507 0.649149 0.668796 0.642151 0.441991 0.496215 0.455945 0.000000 0.399198 0.804018 0.969448 0.691575 0.805742 0.970024 0.879423 0.899242 0.936258 0.414691 0.369348 0.474704 0.508727 0.372178 0.321988 0.936644 0.956998 0.847247 0.805923 0.795254 0.906189 0.809358 0.791076 0.565749 0.579527 0.570079 0.635816 0.683208 0.728561 0.750950 0.800257 0.721741 0.758650 0.758253 0.913581 0.829940 0.898245 0.524438 0.705844 0.712665 0.857170 0.423039 0.658056 0.690624 0.639474 0.871357 0.702043 0.435207 0.484094 0.743780 0.781339 0.604020 0.495054 0.543980 0.512994 0.870051 0.842320 0.632906 0.578146 0.523839 0.576502 0.639582 0.674195 0.763385 0.769471 0.853320 0.878711 0.864215 0.970059 0.975624 0.956151 0.687917 0.755191 0.728485 0.832096 0.632641 0.734873 0.716881 0.828645 0.574409 0.555566 0.888298 0.772502 0.723428 0.793148 0.682291 0.845826 0.985604 0.894765 0.836512 0.920000 0.946536 0.640498 0.637702 0.974557 0.642485 0.886184
0.451906 0.426662 0.723187 0.551897 0.850016 0.838872 0.541797 0.423665 0.574558 0.597243 0.425004 0.413831 0.725063 0.618420 0.705638 0.474932 0.469559 0.414599 0.399198 0.000000 0.687191 0.954690 0.778267 0.800074 0.884783 0.798005 0.994531 0.948169 0.429921 0.450148 0.542489 0.614514 0.447009 0.380124 0.877070 0.871237 0.720456 0.648563 0.745929 0.832595 0.748540 0.725170 0.527633 0.494874 0.603100 0.643165 0.711980 0.709020 0.722181 0.723246 0.703288 0.749678 0.761761 0.938674 0.863190 0.865048 0.417830 0.623031 0.758174 0.864018 0.550663 0.600139 0.721175 0.637607 0.824967 0.703939 0.549854 0.599148 0.615871 0.653377 0.521148 0.438258 0.591216 0.509869 0.887779 0.849212 0.612086 0.612770 0.498908 0.626334 0.659887 0.739525 0.774177 0.824769 0.908893 0.941041 0.859365 0.918364 0.983304 0.812721 0.721946 0.752366 0.739061 0.790467 0.671080 0.771872 0.768704 0.815385 0.589858 0.545433 0.767540 0.864293 0.660321 0.706067 0.539169 0.677549 0.939901 0.941244 0.906838 0.970553 0.971829 0.575930 0.661335 0.977128 0.731735 0.909040
0.708621 0.738504 0.646314 0.577277 0.820437 0.853731 0.768659 0.779850 0.725308 0.965746 0.826841 0.749874 0.781416 0.884979 0.848979 0.690089 0.830096 0.866363 0.804018 0.687191 0.000000 0.851702 0.819115 0.869632 0.776990 0.653793 0.846471 0.836515 0.903034 0.898614 0.680927 0.906564 0.741757 0.779907 0.825411 0.897345 0.589077 0.792009 0.629144 0.738573 0.948114 0.872454 0.649225 0.657503 0.786444 0.793406 0.698123 0.715578 0.764293 0.794678 0.800488 0.825669 0.891115 0.978365 0.906413 0.884208 0.779444 0.851285 0.865877 0.896887 0.841478 0.703886 0.920362 0.994969 0.690486 0.699610 0.677209 0.657054 0.710726 0.683600 0.724650 0.746060 0.807728 0.711019 0.900689 0.827291 0.768269 0.724480 0.770422 0.840222 0.851191 0.878625 0.957553 0.926089 0.831999 0.809921 0.943993 0.840916 0.960898 0.888718 0.801642 0.792159 0.806935 0.816032 0.824827 0.875877 0.859793 0.876868 0.773123 0.794004 0.819161 0.956031 0.901214 0.770293 0.643813 0.778429 0.940846 0.977028 0.828967 0.983293 0.977273 0.875622 0.890779 0.997477 0.866924 0.829409
0.920956 0.909161 0.844498 0.833209 0.824422 0.947078 0.888575 0.872623 0.918170 0.946258 0.971209 0.915282 0.890072 0.865658 0.986901 0.863601 0.889588 0.983925 0.969448 0.954690 0.851702 0.000000 0.942296 0.895889 0.772567 0.844807 0.994040 0.943677 0.930831 0.892549 0.836784 0.918323 0.917852 0.853002 0.854214 0.921458 0.661583 0.794580 0.947506 0.817465 0.949613 0.967198 0.804942 0.856247 0.883495 0.929374 0.830981 0.812353 0.962597 0.986676 0.893209 0.980271 0.928637 0.998505 0.925858 0.923584 0.895604 0.988325 0.979198 0.936370 0.993139 0.957631 0.907594 0.972468 0.825214 0.912934 0.804700 0.905877 0.941325 0.950245 0.752495 0.882227 0.958834 0.933623 0.804485 0.951488 0.897491 0.947580 0.978505 0.841611 0.943218 0.899254 0.978445 0.906396 0.867693 0.887849 0.963276 0.924171 0.905459 0.989148 0.916575 0.861528 0.863317 0.899916 0.955484 0.855772 0.919362 0.947216 0.878225 0.927063 0.835822 0.931169 0.910503 0.858262 0.935651 0.970466 0.944457 0.946214 0.791855 0.987656 0.960784 0.951052 0.975514 0.957119 0.932963 0.845845
0.906011 0.875160 0.582678 0.521034 0.929703 0.900978 0.613751 0.770967 0.732661 0.900616 0.936610 0.942665 0.483888 0.501360 0.326967 0.425935 0.850790 0.996584 0.691575 0.778267 0.819115 0.942296 0.000000 0.307009 0.617547 0.641503 0.597714 0.737795 0.942470 0.934779 0.596723 0.664531 0.559600 0.785387 0.729213 0.865664 0.825320 0.790785 0.699849 0.879561 0.873357 0.966032 0.549159 0.494851 0.482532 0.464439 0.718722 0.666031 0.526636 0.456902 0.419215 0.367074 0.345711 0.482201 0.791637 0.801147 0.853248 0.992935 0.934223 0.962291 0.910253 0.962693 0.893451 0.882975 0.405963 0.784391 0.685267 0.842618 0.918572 0.709479 0.990577 0.968271 0.924464 0.971683 0.888385 0.840553 0.633229 0.697858 0.831737 0.834166 0.983971 0.901793 0.613945 0.792408 0.501415 0.469556 0.907405 0.773374 0.770019 0.633872 0.933394 0.896852 0.943989 0.868935 0.889147 0.752184 0.865057 0.962816 0.864389 0.730767 0.888706 0.841208 0.960645 0.875784 0.734291 0.910859 0.900294 0.903476 0.999162 0.967541 0.929015 0.938348 0.713242 0.971228 0.650553 0.975742
0.822143 0.804060 0.580781 0.498644 0.928446 0.844104 0.781993 0.826738 0.912606 0.767270 0.842820 0.851276 0.434006 0.472809 0.385430 0.500531 0.904856 0.963881 0.805742 0.800074 0.869632 0.895889 0.307009 0.000000 0.519128 0.661922 0.567827 0.748777 0.978882 0.946674 0.762651 0.814849 0.667379 0.828992 0.734574 0.954944 0.746200 0.709468 0.651901 0.829335 0.950386 0.933394 0.641393 0.540022 0.588553 0.514156 0.630676 0.584855 0.529287 0.430877 0.413032 0.432327 0.467693 0.650652 0.742237 0.749970 0.808799 0.864386 0.975646 0.868895 0.881488 0.906778 0.916420 0.940959 0.383657 0.662600 0.737980 0.903203 0.832816 0.647727 0.952774 0.975071 0.895666 0.927059 0.811580 0.893417 0.660839 0.785689 0.826417 0.788294 0.868489 0.770012 0.598097 0.646082 0.468477 0.373848 0.916666 0.765313 0.629157 0.514546 0.946363 0.970099 0.954905 0.980264 0.846543 0.785053 0.858763 0.960984 0.986162 0.859155 0.824633 0.985314 0.910173 0.919016 0.737800 0.827057 0.954762 0.955400 0.951262 0.945222 0.861725 0.993526 0.868931 0.990240 0.682745 0.987949
0.876363 0.868040 0.386223 0.415171 0.807913 0.828138 0.970173 0.871367 0.937981 0.707880 0.976686 0.957964 0.643573 0.724269 0.765248 0.710933 0.735185 0.782140 0.970024 0.884783 0.776990 0.772567 0.617547 0.519128 0.000000 0.386426 0.665822 0.754123 0.772737 0.682380 0.753415 0.937668 0.820871 0.989024 0.777158 0.897138 0.573111 0.548014 0.608992 0.591609 0.940848 0.965025 0.622432 0.604249 0.819534 0.703082 0.611219 0.634546 0.624166 0.534452 0.515161 0.567903 0.723759 0.818459 0.688302 0.733472 0.916025 0.991910 0.949776 0.844914 0.892902 0.796665 0.595433 0.685059 0.301195 0.502485 0.831993 0.884259 0.689324 0.613177 0.870348 0.940380 0.918334 0.943269 0.676649 0.896280 0.660176 0.790282 0.872735 0.959855 0.941542 0.972596 0.905757 0.834919 0.602573 0.552445 0.898768 0.936064 0.680795 0.596146 0.959700 0.882585 0.805427 0.756086 0.987734 0.875522 0.996232 0.966493 0.988927 0.997077 0.940235 0.968046 0.892729 0.788014 0.626627 0.849134 0.957716 0.868573 0.787048 0.922529 0.901149 0.892227 0.960147 0.930821 0.879880 0.831768
0.911107 0.914733 0.343233 0.353273 0.740508 0.971407 0.821827 0.720975 0.650485 0.962873 0.994518 0.893723 0.676567 0.714068 0.791178 0.663637 0.802131 0.829040 0.879423 0.798005 0.653793 0.844807 0.641503 0.661922 0.386426 0.000000 0.806355 0.814844 0.929523 0.809394 0.680604 0.818906 0.752091 0.908791 0.672273 0.917771 0.516384 0.662695 0.556061 0.602420 0.939531 0.986636 0.589247 0.649087 0.799489 0.752679 0.710132 0.769073 0.731945 0.621735 0.600916 0.652947 0.784820 0.796299 0.857620 0.830880 0.997176 0.892290 0.837372 0.983063 0.938820 0.751962 0.600816 0.662307 0.403363 0.514263 0.775447 0.837488 0.740876 0.677299 0.712074 0.751268 0.923402 0.831523 0.849533 0.812868 0.576148 0.717238 0.825397 0.983042 0.861973 0.893597 0.994398 0.988346 0.818878 0.740571 0.919530 0.820941 0.903490 0.713494 0.735483 0.671555 0.597006 0.617658 0.861440 0.870472 0.854784 0.810562 0.843555 0.819851 0.946041 0.900063 0.948558 0.947179 0.641780 0.868075 0.872981 0.761101 0.944164 0.904266 0.898411 0.945091 0.902351 0.909370 0.854450 0.883577
0.903067 0.932196 0.804412 0.771801 0.967605 0.540234 0.770357 0.755798 0.867131 0.646364 0.949452 0.984419 0.700207 0.710025 0.597686 0.879247 0.836580 0.960348 0.899242 0.994531 0.846471 0.994040 0.597714 0.567827 0.665822 0.806355 0.000000 0.707535 0.941107 0.912204 0.956448 0.808991 0.979765 0.856466 0.757217 0.876020 0.794629 0.765779 0.814227 0.870030 0.979422 0.909288 0.960945 0.857791 0.903846 0.750408 0.801080 0.711148 0.661087 0.602597 0.763340 0.700471 0.686006 0.861670 0.737299 0.879055 0.927603 0.879005 0.978401 0.857132 0.916939 0.970708 0.936556 0.935899 0.511625 0.859118 0.935274 0.792635 0.783838 0.623097 0.727408 0.691030 0.704488 0.797355 0.787405 0.886039 0.995101 0.989068 0.974619 0.918259 0.918406 0.828562 0.651049 0.675836 0.573975 0.530479 0.758660 0.777492 0.574397 0.604796 0.728236 0.749560 0.763681 0.881630 0.922751 0.988711 0.708948 0.758063 0.721033 0.810734 0.660466 0.791810 0.740508 0.920363 0.924671 0.880440 0.854222 0.893527 0.799101 0.938963 0.921758 0.914445 0.780081 0.921214 0.885698 0.937479
0.830247 0.800072 0.866815 0.810946 0.899981 0.904297 0.889520 0.952571 0.838757 0.676433 0.944711 0.935554 0.851723 0.831356 0.836880 0.944860 0.990225 0.982897 0.936258 0.948169 0.836515 0.943677 0.737795 0.748777 0.754123 0.814844 0.707535 0.000000 0.960382 0.902909 0.893317 0.811864 0.922348 0.914487 0.772007 0.945957 0.886598 0.982742 0.806745 0.755520 0.921803 0.974763 0.914279 0.854688 0.976174 0.885692 0.783769 0.711486 0.771761 0.679485 0.814263 0.732594 0.880883 0.936845 0.751006 0.769687 0.895208 0.763178 0.852523 0.768971 0.951900 0.990893 0.966384 0.943830 0.699617 0.832305 0.973690 0.927421 0.717259 0.702315 0.828900 0.864642 0.859259 0.888108 0.869670 0.832887 0.915190 0.953779 0.836517 0.950772 0.910074 0.764790 0.839107 0.769812 0.583486 0.590404 0.799895 0.801566 0.744090 0.625547 0.760923 0.832706 0.812220 0.882722 0.906019 0.837689 0.766481 0.983268 0.877119 0.900543 0.715906 0.782212 0.734192 0.848661 0.932370 0.892180 0.983587 0.954049 0.923172 0.965383 0.811233 0.940033 0.928317 0.959917 0.887238 0.974290
0.546779 0.443742 0.990949 0.849287 0.862859 0.853155 0.558361 0.597068 0.652629 0.595097 0.382916 0.429800 0.862832 0.750750 0.780236 0.679549 0.357791 0.326587 0.414691 0.429921 0.903034 0.930831 0.942470 0.978882 0.772737 0.929523 0.941107 0.960382 0.000000 0.316586 0.692243 0.693473 0.486475 0.359172 0.997711 0.875573 0.941522 0.952147 0.923114 0.945311 0.746924 0.707235 0.789355 0.751915 0.690127 0.754288 0.845193 0.802009 0.817658 0.888153 0.858469 0.943197 0.874059 0.994113 0.911344 0.984335 0.461546 0.557206 0.680428 0.836282 0.456679 0.766536 0.440017 0.433940 0.880277 0.960111 0.578718 0.671913 0.711027 0.755793 0.716003 0.567674 0.503500 0.608263 0.933401 0.893635 0.829156 0.730726 0.573939 0.589542 0.525330 0.618607 0.698617 0.724786 0.970468 0.995112 0.872408 0.930389 0.951776 0.991715 0.836752 0.880092 0.859188 0.988322 0.709779 0.795739 0.862065 0.850386 0.682484 0.721192 0.923949 0.889765 0.721062 0.643216 0.778478 0.765527 0.893867 0.944363 0.830633 0.988151 0.971010 0.581577 0.784958 0.997982 0.903537 0.779659
0.518030 0.514589 0.961329 0.878431 0.990747 0.769611 0.520376 0.537122 0.712197 0.580094 0.333138 0.440844 0.829867 0.777407 0.732708 0.647225 0.331591 0.276737 0.369348 0.450148 0.898614 0.892549 0.934779 0.946674 0.682380 0.809394 0.912204 0.902909 0.316586 0.000000 0.673083 0.667471 0.509340 0.398236 0.958712 0.875758 0.964814 0.958045 0.976292 0.956093 0.763262 0.715232 0.810354 0.720222 0.675992 0.751689 0.838540 0.816660 0.885954 0.955137 0.904401 0.958861 0.898106 0.935877 0.868585 0.932759 0.460778 0.557311 0.623233 0.825175 0.377432 0.713194 0.388012 0.373018 0.829540 0.942630 0.544112 0.614636 0.766467 0.840376 0.738186 0.626588 0.514558 0.616684 0.964486 0.850003 0.839126 0.684380 0.583031 0.576482 0.501281 0.561169 0.712106 0.713353 0.972498 0.977281 0.831204 0.964063 0.925163 0.980838 0.843355 0.949691 0.947272 0.957572 0.657586 0.751751 0.759652 0.876706 0.662518 0.664380 0.917846 0.844625 0.683137 0.626599 0.781373 0.795933 0.893549 0.968598 0.888484 0.947143 0.940588 0.583216 0.747199 0.994624 0.732408 0.927055
0.784047 0.766358 0.534282 0.517850 0.832344 0.818333 0.326638 0.430137 0.358881 0.617119 0.712250 0.706802 0.709697 0.779742 0.645915 0.411667 0.802924 0.769968 0.474704 0.542489 0.680927 0.836784 0.596723 0.762651 0.753415 0.680604 0.956448 0.893317 0.692243 0.673083 0.000000 0.425068 0.444440 0.473504 0.970935 0.979992 0.715499 0.669319 0.720791 0.795383 0.981529 0.963036 0.414664 0.417040 0.435290 0.569643 0.801734 0.760935 0.711167 0.755029 0.544902 0.669637 0.574140 0.600029 0.844930 0.893237 0.674943 0.958709 0.963955 0.815734 0.733063 0.795712 0.979803 0.950084 0.697777 0.804091 0.425543 0.626929 0.875985 0.852199 0.480038 0.481107 0.612577 0.596340 0.937082 0.739031 0.484876 0.434819 0.657769 0.712711 0.874885 0.952936 0.846726 0.992321 0.933860 0.906274 0.824829 0.722334 0.941453 0.999169 0.547059 0.521121 0.538981 0.561526 0.788008 0.698267 0.805553 0.814386 0.483107 0.501272 0.784378 0.544553 0.669731 0.823452 0.662583 0.936798 0.850694 0.792492 0.808953 0.860975 0.838194 0.766674 0.618425 0.946669 0.788327 0.942044
0.858912 0.792153 0.729925 0.682132 0.844224 0.691135 0.370595 0.478548 0.489195 0.650181 0.793979 0.735006 0.774812 0.716737 0.722394 0.515599 0.820624 0.777555 0.508727 0.614514 0.906564 0.918323 0.664531 0.814849 0.937668 0.818906 0.808991 0.811864 0.693473 0.667471 0.425068 0.000000 0.538338 0.533042 0.984368 0.944470 0.888274 0.897006 0.868051 0.987944 0.945439 0.998600 0.555397 0.595903 0.562438 0.677173 0.847354 0.907809 0.825192 0.797161 0.657710 0.682585 0.680750 0.656522 0.944155 0.999563 0.750243 0.999417 0.977926 0.879481 0.725922 0.942544 0.908563 0.913681 0.883640 0.918094 0.520855 0.623515 0.994398 0.855419 0.609552 0.617908 0.603610 0.678557 0.912288 0.821359 0.633898 0.590623 0.706503 0.715852 0.950103 0.987941 0.870946 0.961123 0.997554 0.984105 0.713201 0.974982 0.807460 0.879510 0.606634 0.571640 0.597069 0.723310 0.709792 0.823664 0.785136 0.866742 0.610090 0.521255 0.818359 0.658497 0.666042 0.820651 0.622137 0.871943 0.927271 0.863490 0.894960 0.953528 0.828472 0.795673 0.657138 0.980214 0.693792 0.950386
0.473587 0.433566 0.659420 0.523304 0.878794 0.723199 0.332972 0.393203 0.540254 0.718996 0.478000 0.449147 0.537217 0.574158 0.538703 0.355087 0.568760 0.511261 0.372178 0.447009 0.741757 0.917852 0.559600 0.667379 0.820871 0.752091 0.979765 0.922348 0.486475 0.509340 0.444440 0.538338 0.000000 0.318235 0.857004 0.914094 0.768089 0.706882 0.757298 0.774130 0.765459 0.798206 0.429963 0.431083 0.475754 0.504599 0.605870 0.582070 0.584417 0.589977 0.479751 0.543577 0.608904 0.813182 0.752617 0.751233 0.440002 0.614105 0.660293 0.766804 0.455704 0.593865 0.724894 0.674222 0.682557 0.616999 0.423888 0.448102 0.648106 0.636231 0.628896 0.540052 0.561946 0.516482 0.820661 0.774054 0.559070 0.524054 0.531506 0.569709 0.599589 0.639086 0.634642 0.695632 0.668598 0.670482 0.930971 0.919514 0.932723 0.779202 0.703085 0.731537 0.718447 0.833876 0.628031 0.634631 0.739965 0.696473 0.503602 0.581353 0.866581 0.779309 0.661293 0.872946 0.523773 0.726719 0.971960 0.845694 0.890124 0.948717 0.982570 0.621919 0.584751 0.927813 0.652791 0.953647
0.484967 0.423877 0.782080 0.648185 0.838835 0.708324 0.354879 0.370390 0.518926 0.576580 0.404213 0.414848 0.689354 0.747795 0.731832 0.463664 0.420814 0.393192 0.321988 0.380124 0.779907 0.853002 0.785387 0.828992 0.989024 0.908791 0.856466 0.914487 0.359172 0.398236 0.473504 0.533042 0.318235 0.000000 0.955937 0.926703 0.773161 0.785699 0.801737 0.857536 0.760579 0.785274 0.525293 0.540041 0.512846 0.610473 0.709829 0.692135 0.730695 0.834604 0.665313 0.788322 0.726513 0.897470 0.908582 0.839864 0.415575 0.626942 0.681154 0.841764 0.424389 0.628708 0.634223 0.573373 0.917926 0.774453 0.414099 0.478898 0.721771 0.749047 0.515095 0.423802 0.430737 0.462767 0.772716 0.852119 0.605341 0.570642 0.524059 0.501450 0.572360 0.668490 0.764355 0.753283 0.887415 0.905388 0.785731 0.856879 0.946224 0.996682 0.655991 0.682809 0.699143 0.816757 0.593220 0.625504 0.715025 0.763789 0.464841 0.509959 0.782685 0.733059 0.597435 0.690857 0.628210 0.723102 0.931213 0.842074 0.818148 0.940774 0.935073 0.544281 0.585804 0.807632 0.695955 0.907121
0.895805 0.899317 0.828375 0.758798 0.876014 0.899225 0.958565 0.989619 0.911866 0.903191 0.989147 0.895453 0.808593 0.768171 0.788975 0.825719 0.925052 0.965957 0.936644 0.877070 0.825411 0.854214 0.729213 0.734574 0.777158 0.672273 0.757217 0.772007 0.997711 0.958712 0.970935 0.984368 0.857004 0.955937 0.000000 0.907624 0.791476 0.813229 0.724795 0.807326 0.912308 0.985656 0.711510 0.704777 0.759534 0.609164 0.754717 0.696705 0.619476 0.601470 0.663152 0.650443 0.755923 0.846533 0.906328 0.810763 0.903540 0.866147 0.907406 0.833099 0.967927 0.928713 0.962657 0.958708 0.709065 0.867703 0.944616 0.929536 0.807911 0.809275 0.916960 0.956863 0.973429 0.919928 0.991060 0.857510 0.824674 0.878144 0.965533 0.968825 0.922137 0.988719 0.865815 0.916921 0.774272 0.734752 0.980268 0.992636 0.793821 0.560898 0.918024 0.894508 0.911642 0.930048 0.789164 0.831996 0.926628 0.836140 0.974397 0.917637 0.919962 0.967588 0.960791 0.906033 0.825726 0.846693 0.997255 0.930178 0.981227 0.812646 0.940405 0.907058 0.864743 0.990579 0.804328 0.902167
0.829259 0.857785 0.925209 0.916341 0.956494 0.872091 0.906663 0.869531 0.958333 0.927360 0.811895 0.820289 0.942065 0.975501 0.994908 0.948633 0.790208 0.817181 0.956998 0.871237 0.897345 0.921458 0.865664 0.954944 0.897138 0.917771 0.876020 0.945957 0.875573 0.875758 0.979992 0.944470 0.914094 0.926703 0.907624 0.000000 0.823928 0.913960 0.967593 0.861063 0.750243 0.970538 0.948564 0.993713 0.845307 0.884408 0.938436 0.958810 0.951590 0.949732 0.985816 0.864229 0.809005 0.796830 0.851590 0.923208 0.836296 0.808013 0.935278 0.866939 0.766913 0.771476 0.890369 0.844450 0.983852 0.761474 0.945792 0.902897 0.753276 0.923589 0.860706 0.771805 0.802101 0.825916 0.985838 0.955830 0.959603 0.949675 0.897241 0.930265 0.866069 0.864360 0.998560 0.943085 0.984284 0.980081 0.873628 0.863000 0.995239 0.965169 0.926009 0.963933 0.939577 0.950540 0.934359 0.959314 0.925459 0.933690 0.956141 0.966677 0.956780 0.847454 0.960084 0.967571 0.810441 0.944282 0.933749 0.878777 0.934085 0.907150 0.874994 0.994553 0.979901 0.895319 0.831249 0.898764
0.699302 0.742343 0.556625 0.494337 0.748828 0.974578 0.859758 0.730831 0.754729 0.978347 0.758290 0.731269 0.709449 0.799702 0.807591 0.707899 0.871768 0.843025 0.847247 0.720456 0.589077 0.661583 0.825320 0.746200 0.573111 0.516384 0.794629 0.886598 0.941522 0.964814 0.715499 0.888274 0.768089 0.773161 0.791476 0.823928 0.000000 0.538646 0.673203 0.525234 0.836299 0.870870 0.610256 0.573636 0.775741 0.714294 0.664190 0.706659 0.687685 0.723709 0.670341 0.745825 0.862000 0.971720 0.801533 0.832873 0.711390 0.809477 0.926523 0.874794 0.886773 0.687730 0.936373 0.955112 0.568212 0.606143 0.708466 0.799649 0.655343 0.635893 0.717397 0.743290 0.845706 0.817918 0.942890 0.868988 0.697511 0.733807 0.738966 0.712774 0.798195 0.824024 0.856508 0.793319 0.795518 0.775052 0.879179 0.781654 0.836267 0.747917 0.838093 0.848442 0.761825 0.781940 0.830696 0.777539 0.943788 0.898467 0.802920 0.861487 0.815659 0.950688 0.902726 0.871484 0.792054 0.785714 0.996156 0.968316 0.966580 0.988399 0.945508 0.929101 0.976598 0.942492 0.858387 0.801385
0.613042 0.703518 0.508230 0.500321 0.897091 0.920135 0.826243 0.719433 0.823274 0.966093 0.717809 0.677331 0.628349 0.694911 0.772660 0.588525 0.869264 0.839649 0.805923 0.648563 0.792009 0.794580 0.790785 0.709468 0.548014 0.662695 0.765779 0.982742 0.952147 0.958045 0.669319 0.897006 0.706882 0.785699 0.813229 0.913960 0.538646 0.000000 0.660166 0.585226 0.821672 0.915046 0.645242 0.586693 0.753168 0.651511 0.673634 0.636651 0.649443 0.664800 0.582023 0.675195 0.801329 0.950590 0.689374 0.768326 0.652192 0.793917 0.859681 0.824840 0.818480 0.655649 0.934273 0.955260 0.537687 0.564494 0.786773 0.843748 0.547036 0.600895 0.790680 0.763991 0.859827 0.661034 0.805510 0.710579 0.698911 0.786680 0.605888 0.822935 0.793661 0.791887 0.749168 0.737542 0.748266 0.704751 0.960807 0.814992 0.675141 0.604064 0.940818 0.902200 0.848330 0.775537 0.870470 0.869384 0.999806 0.885843 0.892115 0.958997 0.913445 0.920821 0.895040 0.956787 0.779772 0.828855 0.887180 0.872199 0.891119 0.935770 0.945764 0.908276 0.880939 0.978985 0.726280 0.935081
