0.000000 0.298665 0.642877 0.994843 0.753007 0.803979 0.758003 0.788807 0.815003 0.851682 0.440620 0.386340 0.823888 0.691199 0.813966 0.942160 0.442772 0.454126 0.485891 0.352299 0.839218 0.953533 0.582322 0.844205 0.838013 0.832164 0.936137 0.952643 0.527291 0.665137 0.781242 0.761563 0.909398 0.667059 0.810587 0.759994 0.808498 0.911189 0.969317 0.915310 0.854503 0.899024 0.953750 0.668329 0.875869 0.677214 0.707882 0.675853 0.297663 0.359029 0.371238 0.393809 0.544352 0.738459 0.584638 0.465402 0.381814 0.353268 0.262489 0.268025 0.808271 0.465235 0.612930 0.489165 0.725569 0.950805 0.764203 0.852948 0.425301 0.444826 0.945659 0.950408 0.541746 0.554880 0.898152 0.797461 0.629819 0.867910 0.893040 0.764452 0.466676 0.484495 0.872884 0.828876 0.923259 0.992213 0.654392 0.780575 0.983671 0.711694 0.688634 0.470166 0.582272 0.528838 0.965764 0.829725 0.769952 0.930087 0.899676 0.891264 0.707555 0.893464 0.726044 0.683142 0.935899 0.981652 0.887127 0.898093 0.958170 0.931656 0.909547 0.972269 0.734774 0.976407 0.963211 0.862017
0.298665 0.000000 0.585564 0.910988 0.708546 0.724059 0.706953 0.679911 0.706927 0.723071 0.555615 0.319335 0.845205 0.609217 0.902133 0.772054 0.409482 0.371056 0.462696 0.316154 0.726586 0.950055 0.673599 0.930889 0.810095 0.811131 0.902223 0.903189 0.487322 0.553773 0.921418 0.900584 0.783621 0.584114 0.786601 0.730181 0.853338 0.914414 0.936693 0.949925 0.919057 0.982750 0.872742 0.573617 0.947393 0.573324 0.631820 0.537365 0.344366 0.345525 0.362328 0.378959 0.579783 0.726670 0.563978 0.511841 0.285574 0.251527 0.336264 0.301003 0.825010 0.418604 0.514492 0.345007 0.696400 0.965533 0.726633 0.901603 0.510298 0.386998 0.850532 0.711757 0.584798 0.598240 0.792063 0.822375 0.530505 0.737581 0.773421 0.601726 0.330006 0.395763 0.807851 0.730781 0.977579 0.998585 0.673319 0.863134 0.853851 0.773598 0.694221 0.445591 0.535913 0.510970 0.896843 0.779306 0.726470 0.983803 0.834599 0.876915 0.661766 0.942259 0.632056 0.724967 0.876612 0.854095 0.916189 0.967354 0.971142 0.867130 0.817351 0.891772 0.716377 0.909750 0.982738 0.836512
0.642877 0.585564 0.000000 0.676729 0.642024 0.865167 0.480577 0.875179 0.698030 0.797709 0.764984 0.599266 0.828957 0.866793 0.648543 0.914722 0.796383 0.808251 0.872762 0.616564 0.765826 0.997272 0.546233 0.788942 0.589537 0.424470 0.851338 0.931419 0.701842 0.760881 0.605389 0.649630 0.780928 0.991239 0.641687 0.664310 0.803799 0.926402 0.962736 0.850665 0.999306 0.957293 0.732059 0.969568 0.770094 0.925734 0.988863 0.984190 0.574219 0.534074 0.652426 0.644402 0.739843 0.915476 0.757706 0.694683 0.592707 0.563514 0.630398 0.544757 0.813527 0.663545 0.832774 0.655264 0.368788 0.576106 0.517814 0.564924 0.727090 0.559282 0.995881 0.897949 0.902712 0.924401 0.995004 0.969192 0.714327 0.939717 0.927535 0.981185 0.827394 0.903344 0.919059 0.926830 0.592069 0.586464 0.817967 0.795640 0.781900 0.913100 0.632072 0.655132 0.594195 0.668678 0.892772 0.947814 0.913194 0.776755 0.956232 0.843759 0.974821 0.684878 0.832638 0.999856 0.886362 0.867586 0.905395 0.985935 0.992045 0.846655 0.861208 0.990907 0.869067 0.951765 0.746355 0.920797
0.994843 0.910988 0.676729 0.000000 0.811746 0.878659 0.684296 0.715773 0.968382 0.945897 0.933326 0.849605 0.651856 0.627435 0.608850 0.690967 0.889424 0.877583 0.891084 0.914270 0.956664 0.893686 0.615948 0.607628 0.939246 0.807942 0.863630 0.958554 0.958833 0.955723 0.873566 0.844337 0.716377 0.787814 0.889137 0.913649 0.931335 0.877702 0.997470 0.980685 0.834629 0.900351 0.939853 0.871277 0.813358 0.850428 0.946027 0.700372 0.954000 0.961841 0.879953 0.921537 0.871591 0.900699 0.959967 0.986007 0.949407 0.924159 0.948890 0.973771 0.594633 0.796185 0.905182 0.810615 0.555498 0.451434 0.826770 0.691259 0.993286 0.980708 0.940684 0.831419 0.858180 0.803752 0.793057 0.887902 0.871251 0.921665 0.740886 0.804162 0.805647 0.756723 0.643986 0.718058 0.522155 0.478925 0.757537 0.702808 0.770996 0.742232 0.827582 0.950002 0.986309 0.983827 0.966026 0.895423 0.834263 0.871445 0.879004 0.736431 0.972921 0.681275 0.959620 0.998297 0.804621 0.871188 0.839485 0.971437 0.953547 0.964977 0.742700 0.974100 0.961637 0.935449 0.864924 0.818724
0.753007 0.708546 0.642024 0.811746 0.000000 0.986643 0.546779 0.931332 0.699700 0.936780 0.931582 0.824269 0.817028 0.944972 0.783237 0.996448 0.782068 0.881832 0.867637 0.794856 0.822906 0.883854 0.681580 0.883477 0.972244 0.887262 0.995782 0.908615 0.922209 0.930014 0.994462 0.896539 0.898027 0.855475 0.819741 0.790002 0.915663 0.967797 0.957649 0.965322 0.923501 0.960164 0.890660 0.978130 0.757421 0.978435 0.996956 0.895677 0.707208 0.644152 0.721477 0.683413 0.721769 0.841121 0.650950 0.727452 0.760052 0.695687 0.801682 0.773320 0.729144 0.937012 0.964890 0.837016 0.635422 0.613728 0.629308 0.658240 0.795777 0.709629 0.868405 0.868118 0.989521 0.901941 0.975443 0.946025 0.812917 0.944501 0.908227 0.929601 0.845073 0.817808 0.905197 0.919243 0.699073 0.673128 0.746231 0.754001 0.818234 0.950004 0.676220 0.667151 0.737485 0.661713 0.909042 0.962371 0.986579 0.788472 0.935809 0.829632 0.983439 0.778456 0.828859 0.954458 0.795348 0.903948 0.945003 0.973144 0.882805 0.913368 0.853526 0.987210 0.943893 0.952550 0.985531 0.895825
0.803979 0.724059 0.865167 0.878659 0.986643 0.000000 0.914927 0.529559 0.932607 0.606284 0.843873 0.664751 0.769289 0.634844 0.817524 0.635262 0.885409 0.778669 0.812116 0.776935 0.766358 0.992434 0.945270 0.962179 0.713830 0.909683 0.892382 0.937614 0.676146 0.722145 0.893518 0.894640 0.780100 0.702243 0.952463 0.962638 0.872585 0.931041 0.940234 0.904120 0.872844 0.776317 0.814948 0.661555 0.850628 0.667484 0.867352 0.720533 0.710228 0.761187 0.735583 0.682853 0.909768 0.697672 0.945955 0.917165 0.846865 0.823946 0.860315 0.724766 0.762086 0.603928 0.731391 0.670214 0.975465 0.799995 0.950092 0.848859 0.880770 0.941937 0.890954 0.817033 0.924706 0.950929 0.787182 0.827800 0.759976 0.739310 0.956554 0.972056 0.834346 0.862626 0.860440 0.907893 0.953742 0.935779 0.966648 0.909575 0.868725 0.918005 0.827192 0.945590 0.953724 0.955648 0.793587 0.885943 0.773950 0.987225 0.718197 0.758011 0.651467 0.885990 0.840853 0.908238 0.860571 0.898406 0.929943 0.803881 0.856875 0.807668 0.836340 0.879168 0.989717 0.926405 0.965146 0.925688
0.758003 0.706953 0.480577 0.684296 0.546779 0.914927 0.000000 0.590568 0.441208 0.775332 0.881703 0.947030 0.573886 0.916731 0.558877 0.869416 0.988439 0.991142 0.964396 0.793072 0.954224 0.821897 0.653553 0.983247 0.889846 0.792358 0.923602 0.836462 0.972547 0.922163 0.724727 0.683293 0.672536 0.755335 0.763417 0.735169 0.950564 0.859362 0.880799 0.948795 0.731457 0.865285 0.627393 0.757402 0.443254 0.740662 0.999286 0.906669 0.727718 0.621764 0.760169 0.735552 0.734577 0.960074 0.568843 0.669200 0.747130 0.632004 0.764102 0.708397 0.456393 0.914216 0.804983 0.974752 0.546173 0.404953 0.412901 0.394616 0.614371 0.553492 0.908827 0.914657 0.901189 0.894059 0.863325 0.959684 0.913010 0.995319 0.865296 0.929387 0.938918 0.901907 0.911850 0.954483 0.636260 0.668758 0.735779 0.859916 0.882005 0.891071 0.430853 0.530308 0.532452 0.515430 0.971745 0.976476 0.989449 0.781525 0.697863 0.549612 0.771919 0.519031 0.933392 0.892332 0.775841 0.856203 0.888845 0.783054 0.901970 0.907184 0.723806 0.727581 0.847591 0.986856 0.734822 0.952063
0.788807 0.679911 0.875179 0.715773 0.931332 0.529559 0.590568 0.000000 0.754207 0.377249 0.587242 0.469585 0.535699 0.543569 0.716520 0.589377 0.619400 0.580364 0.754632 0.682394 0.588696 0.865460 0.991208 0.864185 0.462722 0.730596 0.803584 0.832463 0.529930 0.455627 0.882828 0.840600 0.635665 0.496261 0.957598 0.890342 0.754127 0.919809 0.811755 0.822860 0.704227 0.815204 0.684875 0.515805 0.522516 0.398038 0.826845 0.577817 0.719612 0.795616 0.685821 0.693230 0.849297 0.718346 0.948684 0.961696 0.727868 0.774549 0.777407 0.733632 0.409897 0.354104 0.405501 0.420050 0.974198 0.605405 0.831528 0.626453 0.821170 0.970309 0.978933 0.770764 0.981369 0.989872 0.719321 0.875917 0.667039 0.782866 0.751359 0.902851 0.633041 0.794333 0.854621 0.974855 0.892143 0.934305 0.939647 0.947904 0.859093 0.890682 0.671276 0.955249 0.906928 0.904207 0.812058 0.780686 0.746137 0.874761 0.449605 0.525790 0.500066 0.646399 0.713552 0.763631 0.725442 0.788078 0.966839 0.724160 0.903698 0.921546 0.601772 0.606502 0.598368 0.957655 0.792282 0.785626
0.815003 0.706927 0.698030 0.968382 0.699700 0.932607 0.441208 0.754207 0.000000 0.853619 0.923373 0.851955 0.816817 0.890641 0.803783 0.922292 0.827533 0.790948 0.834958 0.733406 0.959941 0.842109 0.876742 0.798025 0.879285 0.847462 0.909751 0.862553 0.876322 0.879716 0.859687 0.923532 0.993921 0.977993 0.808658 0.923497 0.982972 0.849885 0.900282 0.958177 0.803279 0.730684 0.798842 0.931259 0.694509 0.863045 0.809908 0.900663 0.848775 0.799925 0.873790 0.921171 0.915500 0.909269 0.607232 0.919850 0.734524 0.668192 0.798289 0.858955 0.743292 0.992372 0.972563 0.808304 0.721429 0.659882 0.612601 0.656287 0.751606 0.545523 0.887691 0.741124 0.815977 0.839848 0.966180 0.972031 0.916018 0.929757 0.829559 0.645695 0.752889 0.769089 0.910430 0.821254 0.834498 0.874663 0.827547 0.985359 0.851461 0.952439 0.529154 0.507376 0.600828 0.560292 0.999309 0.855544 0.906031 0.951550 0.792792 0.764319 0.837468 0.814222 0.729403 0.978104 0.849526 0.825526 0.929499 0.850029 0.939519 0.707724 0.998582 0.924379 0.947022 0.824941 0.856884 0.985397
0.851682 0.723071 0.797709 0.945897 0.936780 0.606284 0.775332 0.377249 0.853619 0.000000 0.583488 0.597665 0.832304 0.820517 0.944582 0.813621 0.646071 0.634357 0.931414 0.748289 0.576693 0.979848 0.756778 0.639150 0.537057 0.731544 0.689041 0.896010 0.516007 0.475382 0.843666 0.835748 0.687868 0.653476 0.916482 0.849398 0.890300 0.978386 0.901592 0.914704 0.861262 0.980798 0.724649 0.536571 0.592838 0.423973 0.896732 0.687031 0.701466 0.771689 0.705581 0.713902 0.857213 0.732953 0.962623 0.860269 0.716377 0.773938 0.813870 0.745683 0.681741 0.528993 0.512993 0.512852 0.785306 0.904284 0.910009 0.784572 0.880023 0.910255 0.908457 0.683064 0.933982 0.995393 0.762868 0.924414 0.695465 0.757002 0.858712 0.903196 0.736717 0.947126 0.980504 0.920884 0.765095 0.763617 0.931927 0.806588 0.757963 0.863002 0.789235 0.925839 0.919298 0.866303 0.798329 0.861451 0.799488 0.830595 0.480915 0.558596 0.575463 0.686026 0.723952 0.712592 0.848491 0.901735 0.995632 0.637863 0.837580 0.936368 0.771933 0.626637 0.668743 0.896667 0.930676 0.765768
0.440620 0.555615 0.764984 0.933326 0.931582 0.843873 0.881703 0.587242 0.923373 0.583488 0.000000 0.453573 0.706081 0.762744 0.921329 0.973470 0.382758 0.464430 0.575020 0.465350 0.773849 0.974572 0.533198 0.616363 0.604467 0.754047 0.803735 0.858586 0.376415 0.465741 0.904756 0.973969 0.770870 0.595225 0.799946 0.704292 0.777890 0.972507 0.890172 0.985453 0.949688 0.908752 0.831877 0.602630 0.847758 0.521780 0.775405 0.747180 0.484126 0.552239 0.541320 0.594450 0.735582 0.724527 0.827321 0.729115 0.508035 0.586087 0.462028 0.483611 0.657691 0.517415 0.429109 0.509744 0.643790 0.957078 0.891354 0.963890 0.753221 0.710568 0.807039 0.974947 0.619744 0.590277 0.781175 0.894322 0.724991 0.874061 0.824055 0.759016 0.578187 0.703643 0.912440 0.981773 0.908898 0.828110 0.695841 0.722505 0.897729 0.994849 0.868072 0.746535 0.787444 0.813438 0.981369 0.806798 0.863328 0.986779 0.718750 0.729540 0.607078 0.832643 0.765117 0.579135 0.993103 0.964573 0.844848 0.869360 0.922204 0.920079 0.842341 0.828551 0.699476 0.918508 0.947520 0.864175
0.386340 0.319335 0.599266 0.849605 0.824269 0.664751 0.947030 0.469585 0.851955 0.597665 0.453573 0.000000 0.549340 0.395857 0.898973 0.570803 0.368897 0.381399 0.456826 0.318428 0.726061 0.982072 0.776832 0.944019 0.570340 0.646878 0.865500 0.855975 0.386297 0.416852 0.840214 0.928820 0.752712 0.504922 0.752727 0.722253 0.743809 0.981085 0.824139 0.925489 0.929168 0.899138 0.929560 0.577170 0.939303 0.525826 0.712576 0.613672 0.465917 0.457606 0.396103 0.468925 0.639244 0.740719 0.740754 0.686258 0.379805 0.402318 0.414511 0.382476 0.574000 0.289379 0.373441 0.272949 0.716250 0.871498 0.796831 0.989417 0.678590 0.522849 0.997806 0.751008 0.694121 0.747413 0.766347 0.778016 0.545681 0.749751 0.771951 0.663112 0.386499 0.448956 0.756533 0.864369 0.921112 0.961098 0.853667 0.952368 0.817022 0.939556 0.817952 0.513103 0.576869 0.614446 0.994845 0.728772 0.812363 0.982789 0.732944 0.788506 0.627216 0.947649 0.660190 0.779098 0.897697 0.941341 0.919358 0.905631 0.902278 0.830945 0.768321 0.787392 0.646322 0.901455 0.909886 0.783776
0.823888 0.845205 0.828957 0.651856 0.817028 0.769289 0.573886 0.535699 0.816817 0.832304 0.706081 0.549340 0.000000 0.363353 0.479129 0.508301 0.665786 0.729303 0.603328 0.722603 0.912037 0.940006 0.711435 0.777898 0.755667 0.930578 0.892268 0.938708 0.669641 0.652097 0.964867 0.885543 0.689803 0.622232 0.911716 0.974472 0.770478 0.777467 0.741875 0.926948 0.731654 0.737146 0.949473 0.809360 0.830015 0.781937 0.905931 0.848627 0.985721 0.928566 0.750060 0.838795 0.865246 0.770953 0.835227 0.880397 0.895521 0.949965 0.879007 0.849673 0.382306 0.603711 0.555883 0.647930 0.772620 0.513092 0.882793 0.704191 0.869448 0.996791 0.846322 0.937023 0.997992 0.996486 0.804723 0.811553 0.839168 0.886239 0.838980 0.879993 0.725769 0.716578 0.701852 0.965135 0.590058 0.669932 0.831632 0.873210 0.947132 0.976149 0.812173 0.806389 0.922392 0.883216 0.855423 0.942544 0.985641 0.965449 0.821461 0.774716 0.715589 0.795649 0.855999 0.962754 0.862365 0.918466 0.981253 0.977126 0.962775 0.919203 0.752842 0.783834 0.818227 0.997926 0.831987 0.789011
0.691199 0.609217 0.866793 0.627435 0.944972 0.634844 0.916731 0.543569 0.890641 0.820517 0.762744 0.395857 0.363353 0.000000 0.576825 0.378494 0.596944 0.609597 0.531789 0.538022 0.806209 0.992474 0.812217 0.719291 0.710762 0.777576 0.907716 0.982188 0.608106 0.593759 0.934683 0.961341 0.725617 0.619002 0.820352 0.850861 0.643481 0.875798 0.709120 0.947029 0.792476 0.741092 0.926600 0.819470 0.981811 0.770717 0.853052 0.725260 0.802106 0.700666 0.551058 0.637279 0.716586 0.679465 0.916737 0.995845 0.714634 0.703321 0.721534 0.662937 0.536145 0.511635 0.545237 0.479961 0.974729 0.680868 0.840840 0.951594 0.998017 0.763460 0.884205 0.819463 0.990356 0.989750 0.801837 0.768829 0.763184 0.815961 0.758838 0.722583 0.575236 0.581853 0.646903 0.933810 0.696746 0.722472 0.926068 0.890402 0.973167 0.978848 0.949474 0.576415 0.641154 0.639614 0.935528 0.908898 0.946759 0.934355 0.872097 0.837267 0.806457 0.929090 0.789387 0.951087 0.868184 0.940683 0.994752 0.953643 0.989827 0.965627 0.788460 0.846136 0.878681 0.999040 0.874784 0.824474
0.813966 0.902133 0.648543 0.608850 0.783237 0.817524 0.558877 0.716520 0.803783 0.944582 0.921329 0.898973 0.479129 0.576825 0.000000 0.510148 0.933157 0.923497 0.873720 0.998317 0.988193 0.861823 0.430971 0.632834 0.982795 0.831297 0.807395 0.981032 0.936499 0.908306 0.708538 0.608415 0.607679 0.772042 0.826380 0.907823 0.977526 0.856364 0.752921 0.883542 0.716500 0.688055 0.847765 0.879898 0.747268 0.889775 0.951198 0.834348 0.734630 0.777283 0.962994 0.900923 0.873039 0.917032 0.740841 0.714464 0.877788 0.873444 0.799409 0.833172 0.572022 0.874251 0.829398 0.896144 0.525610 0.441562 0.656322 0.555576 0.668504 0.788081 0.975440 0.808237 0.867230 0.758237 0.870023 0.909958 0.992848 0.965836 0.732811 0.946072 0.947318 0.897688 0.658011 0.869167 0.554338 0.540930 0.783842 0.754291 0.913368 0.960228 0.681651 0.921327 0.886113 0.878574 0.962484 0.985834 0.980816 0.939399 0.866102 0.649803 0.887173 0.824012 0.901903 0.880142 0.799165 0.880518 0.919490 0.967341 0.925233 0.935418 0.826545 0.745339 0.901228 0.996942 0.700430 0.912016
0.942160 0.772054 0.914722 0.690967 0.996448 0.635262 0.869416 0.589377 0.922292 0.813621 0.973470 0.570803 0.508301 0.378494 0.510148 0.000000 0.776109 0.691697 0.682010 0.681600 0.909346 0.951926 0.641844 0.663216 0.862579 0.936887 0.974824 0.922627 0.721071 0.703387 0.899515 0.828210 0.698113 0.677623 0.972959 0.916298 0.919406 0.965514 0.791811 0.994985 0.759546 0.745175 0.962005 0.795912 0.871357 0.794934 0.884862 0.733929 0.982611 0.957798 0.824777 0.887203 0.996069 0.898855 0.973814 0.820376 0.791509 0.882330 0.993899 0.931438 0.638043 0.621279 0.657504 0.565305 0.841596 0.617130 0.942907 0.779054 0.875295 0.822958 0.860002 0.671480 0.979715 0.873334 0.904083 0.759581 0.776678 0.764897 0.681044 0.791459 0.664355 0.644272 0.578860 0.948196 0.684713 0.657725 0.887398 0.754662 0.925024 0.916129 0.967104 0.790496 0.826700 0.840113 0.910794 0.868752 0.895795 0.908100 0.852303 0.784572 0.765576 0.923638 0.828999 0.937049 0.851184 0.846795 0.983655 0.985093 0.968731 0.925580 0.737528 0.826072 0.906475 0.904147 0.766831 0.849072
0.442772 0.409482 0.796383 0.889424 0.782068 0.885409 0.988439 0.619400 0.827533 0.646071 0.382758 0.368897 0.665786 0.596944 0.933157 0.776109 0.000000 0.290585 0.422666 0.340120 0.734855 0.935835 0.720981 0.819350 0.741274 0.838423 0.864861 0.914794 0.353813 0.382307 0.955402 0.861992 0.576601 0.479697 0.800859 0.757121 0.865818 0.947092 0.885763 0.967656 0.934748 0.835146 0.795079 0.528316 0.866017 0.512433 0.581576 0.554439 0.513769 0.524572 0.467933 0.558690 0.698776 0.745088 0.716945 0.710595 0.366664 0.413962 0.430854 0.492833 0.652694 0.497030 0.332159 0.338575 0.764361 0.951372 0.870158 0.910447 0.680202 0.497747 0.963934 0.734118 0.598089 0.593455 0.731430 0.877699 0.648843 0.804754 0.666581 0.563124 0.331565 0.439365 0.783993 0.783463 0.935096 0.999042 0.739608 0.900653 0.766542 0.837086 0.748494 0.549233 0.612888 0.622276 0.979933 0.786856 0.864777 0.914388 0.711313 0.738042 0.626614 0.842177 0.592867 0.614544 0.853934 0.877342 0.993764 0.926000 0.958920 0.766770 0.753770 0.735344 0.700299 0.854818 0.858215 0.796438
0.454126 0.371056 0.808251 0.877583 0.881832 0.778669 0.991142 0.580364 0.790948 0.634357 0.464430 0.381399 0.729303 0.609597 0.923497 0.691697 0.290585 0.000000 0.402196 0.341577 0.732335 0.908209 0.836968 0.897686 0.766629 0.884028 0.848439 0.762237 0.347844 0.377693 0.868697 0.768245 0.513087 0.412938 0.876622 0.806226 0.952571 0.821988 0.904180 0.998085 0.997202 0.808975 0.685433 0.465312 0.743551 0.434797 0.539757 0.415873 0.515983 0.583940 0.546282 0.615291 0.788289 0.836833 0.678694 0.735402 0.334082 0.387459 0.469567 0.510361 0.640242 0.464835 0.340555 0.294828 0.841389 0.895948 0.960754 0.801119 0.694358 0.474397 0.830844 0.637308 0.514576 0.563905 0.773059 0.784029 0.598349 0.690951 0.540081 0.502218 0.270393 0.427029 0.704197 0.724042 0.895075 0.920266 0.768439 0.959545 0.739461 0.856263 0.788562 0.584658 0.666712 0.639431 0.907096 0.732076 0.722243 0.762049 0.690140 0.666953 0.589224 0.822461 0.586877 0.534125 0.755404 0.787366 0.896489 0.967218 0.987438 0.721385 0.612630 0.725867 0.681134 0.794873 0.777260 0.882114
0.485891 0.462696 0.872762 0.891084 0.867637 0.812116 0.964396 0.754632 0.834958 0.931414 0.575020 0.456826 0.603328 0.531789 0.873720 0.682010 0.422666 0.402196 0.000000 0.401658 0.957161 0.979270 0.964864 0.882218 0.888557 0.960988 0.968504 0.863455 0.497295 0.537310 0.944414 0.899790 0.652540 0.554170 0.805983 0.822932 0.780554 0.986708 0.787987 0.862242 0.924869 0.945625 0.898558 0.681297 0.995989 0.756168 0.622205 0.648059 0.646677 0.570661 0.569262 0.604292 0.761802 0.742438 0.738422 0.882843 0.495063 0.537856 0.566361 0.556325 0.735488 0.628299 0.503138 0.513341 0.898551 0.892012 0.822937 0.993777 0.680694 0.556505 0.951833 0.817843 0.608515 0.619531 0.859665 0.813166 0.682406 0.868461 0.722221 0.545244 0.447265 0.476060 0.721119 0.769575 0.801913 0.817431 0.776262 0.979546 0.864230 0.961953 0.762431 0.517801 0.592476 0.576183 0.891100 0.845157 0.936740 0.972424 0.978251 0.895511 0.694270 0.981834 0.696874 0.794136 0.874585 0.889353 0.949970 0.878454 0.939532 0.988625 0.801144 0.954673 0.883400 0.989857 0.953135 0.905878
0.352299 0.316154 0.616564 0.914270 0.794856 0.776935 0.793072 0.682394 0.733406 0.748289 0.465350 0.318428 0.722603 0.538022 0.998317 0.681600 0.340120 0.341577 0.401658 0.000000 0.804623 0.934767 0.760134 0.954871 0.770749 0.736828 0.923285 0.867052 0.425920 0.497347 0.863900 0.995212 0.760230 0.582837 0.804496 0.656741 0.829974 0.944936 0.881926 0.988626 0.976261 0.968841 0.983531 0.667077 0.903251 0.677428 0.713069 0.626882 0.428591 0.419424 0.426710 0.481586 0.662654 0.743368 0.670634 0.653855 0.339086 0.341336 0.420785 0.381567 0.795766 0.490897 0.497457 0.398745 0.685934 0.971896 0.698328 0.919434 0.570169 0.377890 0.970359 0.762315 0.581891 0.640639 0.813077 0.801761 0.578805 0.729186 0.753010 0.589154 0.389720 0.447672 0.796905 0.830313 0.950637 0.966889 0.651830 0.906723 0.804839 0.891387 0.635158 0.459104 0.501227 0.515869 0.988990 0.808347 0.862641 0.967982 0.870289 0.894245 0.673318 0.949972 0.632793 0.758552 0.853092 0.988662 0.911229 0.986336 0.996689 0.841843 0.782348 0.892056 0.784334 0.886436 0.885797 0.782158
0.839218 0.726586 0.765826 0.956664 0.822906 0.766358 0.954224 0.588696 0.959941 0.576693 0.773849 0.726061 0.912037 0.806209 0.988193 0.909346 0.734855 0.732335 0.957161 0.804623 0.000000 0.950641 0.862549 0.759552 0.728102 0.787613 0.930893 0.916654 0.766239 0.729932 0.929973 0.937504 0.768298 0.758391 0.939335 0.951925 0.803815 0.904106 0.834855 0.915023 0.814133 0.898833 0.808461 0.730003 0.774409 0.614185 0.943289 0.676881 0.739893 0.730652 0.722158 0.696020 0.734085 0.746809 0.987562 0.927027 0.752885 0.722326 0.751835 0.742048 0.815307 0.640511 0.676212 0.620756 0.841672 0.983095 0.995536 0.880927 0.889081 0.895438 0.917267 0.765402 0.937534 0.894117 0.765265 0.899190 0.788413 0.852069 0.879917 0.955697 0.775692 0.955938 0.985733 0.966037 0.884047 0.827480 0.899737 0.730991 0.791836 0.991211 0.793768 0.955463 0.990261 0.926373 0.776575 0.819010 0.825012 0.960793 0.566610 0.794981 0.846925 0.786480 0.731233 0.877469 0.821628 0.924624 0.990183 0.808975 0.915378 0.880270 0.795861 0.675817 0.743205 0.933308 0.916539 0.914852
0.953533 0.950055 0.997272 0.893686 0.883854 0.992434 0.821897 0.865460 0.842109 0.979848 0.974572 0.982072 0.940006 0.992474 0.861823 0.951926 0.935835 0.908209 0.979270 0.934767 0.950641 0.000000 0.849593 0.985774 0.928015 0.899112 0.920874 0.991835 0.924261 0.936920 0.968531 0.981968 0.928148 0.922774 0.864227 0.984030 0.985008 0.737287 0.972715 0.715833 0.823568 0.927746 0.927679 0.917829 0.820003 0.907422 0.970846 0.860968 0.998862 0.945874 0.949263 0.997853 0.978045 0.932604 0.890198 0.981226 0.964765 0.933104 0.992169 0.972337 0.809652 0.858170 0.981634 0.994932 0.830218 0.739857 0.832706 0.843881 0.971603 0.929418 0.993631 0.963129 0.899914 0.863917 0.964206 0.862641 0.993061 0.945172 0.935058 0.883060 0.957056 0.899552 0.998930 0.931168 0.867518 0.838244 0.784818 0.964724 0.942797 0.963943 0.821523 0.852296 0.912745 0.917015 0.979601 0.972740 0.865848 0.987217 0.930791 0.883229 0.997316 0.832162 0.965832 0.944417 0.812687 0.897426 0.995944 0.925407 0.959036 0.984030 0.949494 0.897642 0.930220 0.973627 0.975805 0.930708
0.582322 0.673599 0.546233 0.615948 0.681580 0.945270 0.653553 0.991208 0.876742 0.756778 0.533198 0.776832 0.711435 0.812217 0.430971 0.641844 0.720981 0.836968 0.964864 0.760134 0.862549 0.849593 0.000000 0.417906 0.744940 0.676727 0.738089 0.970961 0.697623 0.762588 0.746757 0.712542 0.789895 0.990834 0.752889 0.646078 0.873542 0.948972 0.849609 0.944719 0.746495 0.758340 0.987815 0.859961 0.844699 0.817209 0.918784 0.988595 0.512992 0.554002 0.663347 0.673053 0.750592 0.890414 0.695521 0.616969 0.647152 0.649102 0.559899 0.588949 0.807332 0.829736 0.813052 0.793625 0.360159 0.473365 0.637827 0.612002 0.645042 0.716779 0.902215 0.928717 0.788505 0.698389 0.934072 0.947876 0.787685 0.946928 0.903579 0.979777 0.859384 0.937015 0.652960 0.983596 0.485209 0.457947 0.626504 0.566233 0.887959 0.962229 0.681014 0.807297 0.765202 0.844427 0.957440 0.911429 0.949991 0.887355 0.945041 0.882452 0.956123 0.869688 0.906075 0.688971 0.799907 0.889393 0.853721 0.811211 0.906587 0.991572 0.809257 0.924488 0.813406 0.983065 0.797457 0.961335
0.844205 0.930889 0.788942 0.607628 0.883477 0.962179 0.983247 0.864185 0.798025 0.639150 0.616363 0.944019 0.777898 0.719291 0.632834 0.663216 0.819350 0.897686 0.882218 0.954871 0.759552 0.985774 0.417906 0.000000 0.721899 0.832958 0.723956 0.936998 0.754557 0.757267 0.966409 0.991340 0.971657 0.899571 0.941822 0.799842 0.942174 0.987663 0.846351 0.917615 0.918702 0.827694 0.793277 0.769577 0.821175 0.672132 0.999693 0.987735 0.685254 0.777296 0.855322 0.846794 0.953459 0.868990 0.981140 0.820323 0.870521 0.882790 0.819794 0.810308 0.952847 0.884674 0.786471 0.883537 0.598359 0.683877 0.973687 0.966912 0.962131 0.979137 0.988495 0.926565 0.863908 0.838121 0.951147 0.958946 0.821611 0.934940 0.949559 0.848330 0.995304 0.855472 0.657090 0.858975 0.550996 0.469573 0.730133 0.537264 0.803273 0.913432 0.961833 0.861093 0.909527 0.878384 0.879486 0.993680 0.989240 0.967782 0.683481 0.943908 0.806863 0.967025 0.974733 0.710391 0.977269 0.961964 0.935606 0.703949 0.885174 0.985950 0.915683 0.850630 0.848601 0.905454 0.967172 0.935689
0.838013 0.810095 0.589537 0.939246 0.972244 0.713830 0.889846 0.462722 0.879285 0.537057 0.604467 0.570340 0.755667 0.710762 0.982795 0.862579 0.741274 0.766629 0.888557 0.770749 0.728102 0.928015 0.744940 0.721899 0.000000 0.429576 0.623521 0.853199 0.576138 0.516986 0.801436 0.923912 0.924691 0.769319 0.828972 0.795700 0.735860 0.811831 0.895885 0.818148 0.828576 0.882989 0.999327 0.811810 0.793857 0.660832 0.959765 0.910128 0.745926 0.785753 0.739662 0.771728 0.840853 0.796892 0.945785 0.927815 0.851196 0.841933 0.767587 0.722874 0.656388 0.521947 0.538978 0.582166 0.584953 0.978379 0.854594 0.988208 0.872452 0.968150 0.759172 0.923803 0.991527 0.976634 0.844104 0.891145 0.761755 0.930015 0.932923 0.991297 0.814430 0.988009 0.949572 0.895820 0.760786 0.714902 0.920032 0.819315 0.781326 0.804676 0.932499 0.956680 0.888889 0.987541 0.968642 0.889842 0.975877 0.993333 0.634471 0.820370 0.814464 0.880018 0.819722 0.865874 0.963075 0.963533 0.904038 0.791595 0.892601 0.895961 0.898047 0.835791 0.654984 0.976763 0.900658 0.859870
0.832164 0.811131 0.424470 0.807942 0.887262 0.909683 0.792358 0.730596 0.847462 0.731544 0.754047 0.646878 0.930578 0.777576 0.831297 0.936887 0.838423 0.884028 0.960988 0.736828 0.787613 0.899112 0.676727 0.832958 0.429576 0.000000 0.828406 0.862631 0.710354 0.679224 0.522141 0.728945 0.838303 0.987266 0.683792 0.742232 0.654835 0.898024 0.852802 0.867016 0.916633 0.997582 0.690132 0.925224 0.938880 0.938606 0.928544 0.879214 0.772134 0.765813 0.785540 0.862431 0.872771 0.989598 0.992967 0.913008 0.813451 0.787046 0.766354 0.759946 0.918291 0.669230 0.746039 0.702616 0.476333 0.730755 0.640974 0.675051 0.969239 0.809512 0.759368 0.984777 0.991205 0.991417 0.952587 0.918802 0.767499 0.947459 0.928122 0.944934 0.947229 0.977658 0.922739 0.915596 0.680264 0.617712 0.966707 0.921027 0.817306 0.730170 0.787824 0.784130 0.709426 0.860092 0.982373 0.949614 0.980554 0.776486 0.943580 0.901950 0.934069 0.824728 0.888779 0.990277 0.959061 0.787588 0.930517 0.956681 0.948165 0.912355 0.954832 0.996288 0.882650 0.951692 0.796652 0.828404
0.936137 0.902223 0.851338 0.863630 0.995782 0.892382 0.923602 0.803584 0.909751 0.689041 0.803735 0.865500 0.892268 0.907716 0.807395 0.974824 0.864861 0.848439 0.968504 0.923285 0.930893 0.920874 0.738089 0.723956 0.623521 0.828406 0.000000 0.753323 0.747125 0.829997 0.954345 0.959290 0.840988 0.913682 0.784638 0.970913 0.991311 0.902483 0.941720 0.995685 0.924168 0.927935 0.746506 0.771608 0.784039 0.709176 0.935330 0.947589 0.810297 0.974033 0.910576 0.957767 0.992304 0.990761 0.901775 0.952065 0.920698 0.981068 0.873701 0.890422 0.851979 0.794094 0.774547 0.810549 0.773886 0.957816 0.894143 0.865648 0.990609 0.962429 0.903516 0.880862 0.793108 0.781461 0.961248 0.957971 0.798041 0.983156 0.868193 0.984131 0.851195 0.997285 0.853233 0.981999 0.835221 0.757114 0.962215 0.780967 0.798887 0.967947 0.949490 0.888913 0.928765 0.935071 0.936268 0.977832 0.852529 0.966843 0.749858 0.856299 0.791531 0.769267 0.867674 0.756754 0.954006 0.979941 0.991896 0.631264 0.831157 0.907516 0.938846 0.977903 0.717888 0.999961 0.961032 0.956246
0.952643 0.903189 0.931419 0.958554 0.908615 0.937614 0.836462 0.832463 0.862553 0.896010 0.858586 0.855975 0.938708 0.982188 0.981032 0.922627 0.914794 0.762237 0.863455 0.867052 0.916654 0.991835 0.970961 0.936998 0.853199 0.862631 0.753323 0.000000 0.822918 0.879076 0.961786 0.840880 0.884435 0.888568 0.983711 0.839160 0.906065 0.970365 0.930381 0.957293 0.946053 0.987558 0.750341 0.822905 0.754456 0.802941 0.891249 0.881592 0.971532 0.998782 0.967315 0.931732 0.899198 0.778827 0.916899 0.970239 0.823711 0.876377 0.922910 0.961151 0.817894 0.826695 0.839074 0.833900 0.947487 0.919900 0.905734 0.809116 0.908765 0.909078 0.824872 0.885602 0.775706 0.860662 0.946751 0.957330 0.836305 0.907637 0.857697 0.908708 0.839428 0.911228 0.939029 0.987549 0.982239 0.980256 0.945789 0.993706 0.795827 0.836438 0.924014 0.947739 0.980053 0.944080 0.973731 0.999843 0.908499 0.954947 0.972428 0.915994 0.963842 0.941185 0.911556 0.787693 0.912511 0.937973 0.927522 0.984347 0.813312 0.986767 0.777808 0.880551 0.825268 0.799316 0.927207 0.942789
0.527291 0.487322 0.701842 0.958833 0.922209 0.676146 0.972547 0.529930 0.876322 0.516007 0.376415 0.386297 0.669641 0.608106 0.936499 0.721071 0.353813 0.347844 0.497295 0.425920 0.766239 0.924261 0.697623 0.754557 0.576138 0.710354 0.747125 0.822918 0.000000 0.316886 0.952282 0.825638 0.550086 0.478327 0.745175 0.749543 0.797196 0.998594 0.819215 0.997637 0.965381 0.894447 0.768187 0.530279 0.773449 0.454530 0.649725 0.616774 0.566757 0.602433 0.546145 0.630758 0.797491 0.748534 0.772545 0.814030 0.462620 0.516809 0.511726 0.511669 0.617578 0.470798 0.326341 0.357193 0.692715 0.996070 0.907666 0.879466 0.859065 0.619903 0.994675 0.762824 0.591908 0.670107 0.853911 0.850812 0.576355 0.841883 0.669964 0.657549 0.469370 0.662924 0.878277 0.954511 0.905528 0.842459 0.783364 0.824461 0.769906 0.953803 0.865651 0.657283 0.758585 0.751707 0.985602 0.818979 0.808924 0.883340 0.701074 0.737471 0.540048 0.856476 0.655898 0.626581 0.900526 0.948770 0.926665 0.874981 0.905840 0.886066 0.734558 0.726514 0.732495 0.826016 0.946659 0.858983
0.665137 0.553773 0.760881 0.955723 0.930014 0.722145 0.922163 0.455627 0.879716 0.475382 0.465741 0.416852 0.652097 0.593759 0.908306 0.703387 0.382307 0.377693 0.537310 0.497347 0.729932 0.936920 0.762588 0.757267 0.516986 0.679224 0.829997 0.879076 0.316886 0.000000 0.881163 0.775534 0.595597 0.413753 0.734911 0.717397 0.827571 0.984474 0.858730 0.973626 0.953554 0.908948 0.788433 0.549529 0.724528 0.451603 0.634652 0.614712 0.670667 0.663585 0.600142 0.674725 0.826612 0.730707 0.856865 0.931699 0.525081 0.581827 0.645029 0.633923 0.612455 0.492046 0.287460 0.336333 0.668315 0.998826 0.855169 0.856628 0.979870 0.697152 0.962575 0.703074 0.771854 0.776704 0.807865 0.877082 0.653497 0.769126 0.674436 0.657980 0.481918 0.692616 0.875008 0.925576 0.849791 0.828051 0.871255 0.888697 0.694424 0.840802 0.923971 0.693153 0.769105 0.795255 0.902592 0.750024 0.833210 0.838860 0.643705 0.787358 0.575987 0.824232 0.617242 0.670343 0.855665 0.941800 0.886973 0.880267 0.913188 0.736426 0.684898 0.698075 0.633838 0.837933 0.915413 0.801902
0.781242 0.921418 0.605389 0.873566 0.994462 0.893518 0.724727 0.882828 0.859687 0.843666 0.904756 0.840214 0.964867 0.934683 0.708538 0.899515 0.955402 0.868697 0.944414 0.863900 0.929973 0.968531 0.746757 0.966409 0.801436 0.522141 0.954345 0.961786 0.952282 0.881163 0.000000 0.453157 0.594575 0.746168 0.831104 0.860856 0.768317 0.920882 0.954184 0.979534 0.962624 0.985279 0.498321 0.664295 0.638378 0.742460 0.768338 0.643697 0.803904 0.809276 0.859026 0.920224 0.837418 0.882990 0.953555 0.771731 0.975923 0.918139 0.727490 0.795541 0.926865 0.886446 0.879323 0.972088 0.716316 0.798184 0.704655 0.547309 0.693600 0.806485 0.661412 0.703712 0.930777 0.979506 0.885605 0.987732 0.978083 0.777847 0.727413 0.822060 0.903223 0.989646 0.903475 0.973197 0.972862 0.881247 0.958111 0.977742 0.897635 0.953831 0.736538 0.792891 0.744445 0.829101 0.840499 0.935128 0.855667 0.762238 0.801724 0.723402 0.733722 0.719042 0.905982 0.875296 0.893884 0.637020 0.968896 0.939007 0.901941 0.973411 0.737461 0.779300 0.961029 0.939807 0.698995 0.874970
0.761563 0.900584 0.649630 0.844337 0.896539 0.894640 0.683293 0.840600 0.923532 0.835748 0.973969 0.928820 0.885543 0.961341 0.608415 0.828210 0.861992 0.768245 0.899790 0.995212 0.937504 0.981968 0.712542 0.991340 0.923912 0.728945 0.959290 0.840880 0.825638 0.775534 0.453157 0.000000 0.506278 0.686513 0.854579 0.986660 0.863682 0.991429 0.974284 0.855402 0.854865 0.998901 0.581122 0.689950 0.635934 0.735228 0.750339 0.669504 0.769254 0.807264 0.879461 0.853655 0.774336 0.950484 0.967656 0.762791 0.980942 0.949096 0.769354 0.804149 0.818262 0.935301 0.784855 0.911888 0.737385 0.773115 0.751193 0.558299 0.721057 0.926975 0.734012 0.690430 0.937957 0.953559 0.920229 0.990464 0.947807 0.815843 0.622807 0.757514 0.858360 0.969425 0.798835 0.981825 0.940889 0.852281 0.985474 0.989125 0.852047 0.879318 0.821710 0.826948 0.878382 0.875496 0.833494 0.982739 0.983815 0.802514 0.841579 0.827143 0.791513 0.717277 0.917334 0.844741 0.845283 0.817689 0.912957 0.996637 0.913760 0.957387 0.700977 0.785246 0.922522 0.870621 0.750331 0.917976
0.909398 0.783621 0.780928 0.716377 0.898027 0.780100 0.672536 0.635665 0.993921 0.687868 0.770870 0.752712 0.689803 0.725617 0.607679 0.698113 0.576601 0.513087 0.652540 0.760230 0.768298 0.928148 0.789895 0.971657 0.924691 0.838303 0.840988 0.884435 0.550086 0.595597 0.594575 0.506278 0.000000 0.463195 0.833936 0.885811 0.904736 0.998281 0.865748 0.982618 0.879875 0.890834 0.551222 0.556530 0.549062 0.555082 0.647460 0.597896 0.948688 0.995410 0.866346 0.905280 0.977899 0.828541 0.941291 0.899601 0.748810 0.809580 0.853560 0.895861 0.567201 0.737814 0.535980 0.605061 0.773775 0.643397 0.688361 0.491492 0.874120 0.923577 0.888973 0.734902 0.772693 0.888029 0.773592 0.865538 0.761940 0.833910 0.582655 0.664836 0.597256 0.766933 0.760185 0.885683 0.738445 0.772979 0.987316 0.917860 0.850150 0.884108 0.838113 0.953810 0.965084 0.968221 0.881608 0.964019 0.889238 0.695831 0.648235 0.566397 0.695699 0.641260 0.768851 0.735688 0.756339 0.832424 0.961584 0.903824 0.971843 0.879664 0.675587 0.714654 0.884652 0.870851 0.751367 0.910636
0.667059 0.584114 0.991239 0.787814 0.855475 0.702243 0.755335 0.496261 0.977993 0.653476 0.595225 0.504922 0.622232 0.619002 0.772042 0.677623 0.479697 0.412938 0.554170 0.582837 0.758391 0.922774 0.990834 0.899571 0.769319 0.987266 0.913682 0.888568 0.478327 0.413753 0.746168 0.686513 0.463195 0.000000 0.996363 0.949602 0.980049 0.959192 0.914003 0.951142 0.884110 0.965753 0.553440 0.415413 0.593726 0.461376 0.542107 0.509599 0.750222 0.817314 0.721803 0.777413 0.971790 0.853378 0.901324 0.996160 0.557427 0.660773 0.712057 0.700237 0.527027 0.502811 0.369995 0.424784 0.994169 0.690206 0.827451 0.573301 0.980960 0.794562 0.817682 0.642268 0.720765 0.775293 0.805709 0.841498 0.572513 0.696923 0.567412 0.710693 0.485676 0.644026 0.755871 0.866820 0.816293 0.821624 0.994947 0.993805 0.777303 0.976491 0.898399 0.823725 0.911258 0.877248 0.872598 0.806336 0.779271 0.706000 0.575325 0.664128 0.597727 0.792318 0.643726 0.744377 0.739666 0.795966 0.994702 0.826424 0.930939 0.788279 0.626323 0.636779 0.682059 0.864750 0.737239 0.970214
0.810587 0.786601 0.641687 0.889137 0.819741 0.952463 0.763417 0.957598 0.808658 0.916482 0.799946 0.752727 0.911716 0.820352 0.826380 0.972959 0.800859 0.876622 0.805983 0.804496 0.939335 0.864227 0.752889 0.941822 0.828972 0.683792 0.784638 0.983711 0.745175 0.734911 0.831104 0.854579 0.833936 0.996363 0.000000 0.750395 0.696146 0.914931 0.937672 0.946387 0.943205 0.974790 0.717878 0.945757 0.815797 0.985973 0.889829 0.996488 0.835938 0.699982 0.783682 0.789738 0.855716 0.954451 0.980150 0.853020 0.773435 0.738400 0.807140 0.762579 0.882994 0.938844 0.834785 0.811769 0.624363 0.657032 0.544889 0.627644 0.866582 0.672570 0.982722 0.936727 0.930454 0.977740 0.947760 0.992072 0.894872 0.989483 0.969872 0.821713 0.916384 0.927814 0.913405 0.994524 0.710682 0.709199 0.934446 0.981964 0.964389 0.876009 0.680899 0.645708 0.695197 0.678202 0.973490 0.877773 0.953932 0.879272 0.890676 0.740777 0.952535 0.730175 0.901784 0.906133 0.879959 0.998279 0.952999 0.750952 0.908974 0.971165 0.985622 0.980239 0.911907 0.943146 0.585076 0.884320
0.759994 0.730181 0.664310 0.913649 0.790002 0.962638 0.735169 0.890342 0.923497 0.849398 0.704292 0.722253 0.974472 0.850861 0.907823 0.916298 0.757121 0.806226 0.822932 0.656741 0.951925 0.984030 0.646078 0.799842 0.795700 0.742232 0.970913 0.839160 0.749543 0.717397 0.860856 0.986660 0.885811 0.949602 0.750395 0.000000 0.786780 0.971555 0.941251 0.969074 0.983696 0.951513 0.838521 0.978529 0.779404 0.893980 0.954229 0.950411 0.717496 0.604089 0.645715 0.668447 0.776573 0.759646 0.711280 0.837092 0.690863 0.653505 0.783944 0.679438 0.938137 0.782694 0.808250 0.749321 0.613738 0.759335 0.542507 0.696499 0.795026 0.697061 0.976458 0.932626 0.913689 0.947006 0.964825 0.841147 0.798566 0.994141 0.915673 0.949358 0.816692 0.840938 0.926527 0.981974 0.728246 0.828104 0.688680 0.769270 0.894460 0.898156 0.674663 0.687928 0.585030 0.731674 0.905404 0.941305 0.970294 0.772697 0.919062 0.818496 0.985482 0.848539 0.939212 0.828948 0.889177 0.976586 0.776720 0.838929 0.857098 0.984780 0.936312 0.906129 0.944314 0.960011 0.963914 0.903994
0.808498 0.853338 0.803799 0.931335 0.915663 0.872585 0.950564 0.754127 0.982972 0.890300 0.777890 0.743809 0.770478 0.643481 0.977526 0.919406 0.865818 0.952571 0.780554 0.829974 0.803815 0.985008 0.873542 0.942174 0.735860 0.654835 0.991311 0.906065 0.797196 0.827571 0.768317 0.863682 0.904736 0.980049 0.696146 0.786780 0.000000 0.823486 0.618219 0.824849 0.886689 0.834171 0.827020 0.961383 0.882657 0.964753 0.931316 0.990472 0.858324 0.769822 0.724781 0.762919 0.771912 0.780157 0.952667 0.989865 0.949896 0.868541 0.777354 0.760951 0.807223 0.793136 0.830311 0.852371 0.833604 0.986228 0.749760 0.788056 0.989059 0.973040 0.679843 0.900570 0.956116 0.965047 0.982506 0.924561 0.888129 0.841716 0.964374 0.986902 0.933613 0.980232 0.967120 0.864954 0.970821 0.935776 0.986320 0.864000 0.851504 0.828366 0.983617 0.792355 0.834107 0.910119 0.901270 0.974319 0.925460 0.660953 0.865372 0.959485 0.983934 0.989190 0.965432 0.969936 0.951899 0.849937 0.880327 0.960749 0.808825 0.849290 0.925771 0.999187 0.979535 0.913152 0.860956 0.984614
0.911189 0.914414 0.926402 0.877702 0.967797 0.931041 0.859362 0.919809 0.849885 0.978386 0.972507 0.981085 0.777467 0.875798 0.856364 0.965514 0.947092 0.821988 0.986708 0.944936 0.904106 0.737287 0.948972 0.987663 0.811831 0.898024 0.902483 0.970365 0.998594 0.984474 0.920882 0.991429 0.998281 0.959192 0.914931 0.971555 0.823486 0.000000 0.833701 0.905608 0.818023 0.749719 0.936981 0.993741 0.901128 0.921389 0.857928 0.773574 0.937803 0.955024 0.952005 0.961599 0.962894 0.793893 0.802076 0.892816 0.809541 0.800524 0.874968 0.990043 0.944595 0.959872 0.946278 0.896097 0.912200 0.997480 0.925566 0.957088 0.733036 0.805309 0.809789 0.770877 0.794045 0.903285 0.994216 0.932910 0.958848 0.904764 0.819899 0.864591 0.887078 0.800421 0.911893 0.732113 0.925762 0.835915 0.825611 0.843178 0.963027 0.826288 0.812598 0.948149 0.952736 0.993898 0.825653 0.799913 0.614432 0.724150 0.971490 0.877351 0.986982 0.914097 0.908804 0.660275 0.879259 0.745880 0.896688 0.970328 0.988274 0.936114 0.821596 0.943019 0.964178 0.907558 0.921316 0.949274
