0.000000 0.511860 0.669961 0.663645 0.810479 0.853449 0.652791 0.577554 0.924466 0.735537 0.563429 0.625358 0.805365 0.893304 0.899769 0.870036 0.498702 0.452823 0.588965 0.575843 0.705068 0.991408 0.770678 0.632041 0.928877 0.805872 0.921410 0.847074 0.833090 0.857587 0.934955 0.817436 0.562339 0.583473 0.650579 0.920424 0.779295 0.874944 0.885373 0.862882 0.617019 0.817091 0.738656 0.742912 0.781360 0.628168 0.525173 0.658108 0.737273 0.851037 0.840960 0.947717 0.968861 0.935097 0.646850 0.582171 0.437284 0.545953 0.449851 0.640691 0.545962 0.582076 0.581810 0.526847 0.853148 0.681737 0.648165 0.689731 0.732811 0.635008 0.894971 0.956887 0.982387 0.874915 0.970771 0.967146 0.877759 0.774203 0.570035 0.966981 0.475099 0.504362 0.931837 0.689840 0.847169 0.762232 0.812628 0.816218 0.739610 0.564577 0.841053 0.933357 0.852192 0.990735 0.792110 0.772085 0.674934 0.823686 0.622917 0.698615 0.866034 0.934763 0.618184 0.661884 0.986617 0.687481 0.943327 0.819163 0.912096 0.938053 0.971605 0.694699 0.814101 0.889078 0.994913 0.981583
0.511860 0.000000 0.819315 0.722079 0.722814 0.793310 0.924695 0.724344 0.964063 0.996696 0.818766 0.677231 0.749847 0.682128 0.924617 0.870359 0.615147 0.631722 0.653641 0.644905 0.805293 0.853865 0.868860 0.888188 0.853498 0.740130 0.992498 0.838245 0.939826 0.912254 0.946301 0.884055 0.661962 0.790530 0.800505 0.933010 0.791054 0.870882 0.987285 0.956327 0.752226 0.814724 0.671501 0.609876 0.819460 0.680957 0.666454 0.652445 0.701874 0.727138 0.763233 0.819086 0.849633 0.871364 0.691040 0.796985 0.528854 0.518002 0.590158 0.616310 0.799474 0.693747 0.883349 0.798822 0.833318 0.651438 0.860274 0.745294 0.722376 0.574772 0.777867 0.840602 0.821903 0.974208 0.974108 0.858729 0.780201 0.692645 0.697812 0.926415 0.690082 0.726018 0.870962 0.859890 0.988584 0.803237 0.903618 0.852055 0.827099 0.683845 0.918588 0.996863 0.913361 0.988057 0.841675 0.844112 0.688849 0.862737 0.744329 0.746324 0.901214 0.899569 0.711561 0.683132 0.903013 0.746104 0.894927 0.762026 0.942808 0.798034 0.999893 0.775511 0.727597 0.834468 0.796556 0.936105
0.669961 0.819315 0.000000 0.393611 0.982653 0.991405 0.432327 0.708762 0.778909 0.978977 0.851671 0.941638 0.960704 0.829456 0.859014 0.704451 0.875504 0.757254 0.819344 0.838657 0.741049 0.826899 0.931665 0.997030 0.648460 0.620353 0.827033 0.756121 0.873124 0.792920 0.833041 0.900596 0.571687 0.767887 0.595238 0.845620 0.698648 0.794669 0.746729 0.702692 0.741896 0.738430 0.683963 0.664653 0.816643 0.798271 0.759618 0.750841 0.974412 0.944766 0.785207 0.853251 0.936348 0.805479 0.818728 0.717913 0.730134 0.865097 0.721557 0.843536 0.692870 0.941412 0.921057 0.969852 0.429139 0.661174 0.411368 0.575810 0.863526 0.787930 0.788144 0.801368 0.975970 0.936177 0.919092 0.878176 0.752486 0.812204 0.746065 0.980403 0.715681 0.672762 0.954963 0.826144 0.653543 0.544617 0.933815 0.847917 0.775200 0.709766 0.562970 0.618067 0.470487 0.552980 0.802084 0.718845 0.641808 0.759810 0.662960 0.696294 0.915044 0.795228 0.718248 0.694545 0.753283 0.608580 0.966556 0.709750 0.970664 0.880723 0.782663 0.780651 0.870091 0.913822 0.870127 0.854415
0.663645 0.722079 0.393611 0.000000 0.918040 0.734444 0.526316 0.558782 0.881223 0.960821 0.855757 0.890971 0.912960 0.995251 0.767271 0.826494 0.992786 0.801411 0.837495 0.841472 0.768378 0.773270 0.968599 0.950459 0.703000 0.641980 0.871422 0.783501 0.813566 0.824469 0.893205 0.854975 0.664905 0.718887 0.612423 0.840975 0.832265 0.873956 0.675192 0.631383 0.708665 0.816890 0.583160 0.585538 0.803393 0.772738 0.671995 0.642378 0.991471 0.970878 0.764873 0.887126 0.957358 0.899450 0.872511 0.681482 0.845787 0.912097 0.721499 0.688203 0.717802 0.792526 0.979471 0.994393 0.479965 0.483081 0.418349 0.457890 0.995925 0.764948 0.633908 0.647145 0.903258 0.991426 0.938963 0.932848 0.629500 0.768348 0.786696 0.942208 0.788558 0.772658 0.776144 0.999763 0.862204 0.627162 0.851103 0.663873 0.932774 0.678942 0.563940 0.642722 0.451196 0.547822 0.783700 0.718407 0.630497 0.768912 0.559285 0.667250 0.806538 0.756392 0.694858 0.588337 0.717177 0.606855 0.976484 0.714913 0.960633 0.897428 0.793977 0.761972 0.880490 0.842362 0.867940 0.816732
0.810479 0.722814 0.982653 0.918040 0.000000 0.912764 0.821509 0.990827 0.628265 0.824078 0.905753 0.906263 0.892437 0.958729 0.763650 0.899558 0.894603 0.976454 0.962448 0.954483 0.806461 0.909187 0.572598 0.689561 0.857162 0.767623 0.941221 0.700280 0.817990 0.814623 0.861814 0.804932 0.979610 0.960677 0.987758 0.958280 0.903311 0.702204 0.952790 0.906361 0.818312 0.846670 0.671839 0.685005 0.935500 0.850026 0.762310 0.751556 0.824232 0.842805 0.885501 0.969040 0.914581 0.870126 0.910763 0.897977 0.900215 0.994825 0.781544 0.862325 0.803633 0.946937 0.873348 0.935764 0.854435 0.971285 0.899862 0.851450 0.803280 0.814382 0.897310 0.931520 0.843751 0.784476 0.937068 0.914851 0.920174 0.756966 0.994854 0.916432 0.975172 0.911810 0.689288 0.812267 0.661870 0.736502 0.823034 0.712461 0.914110 0.974778 0.954610 0.970942 0.997493 0.911544 0.982714 0.926642 0.978891 0.829450 0.932286 0.908929 0.931281 0.805822 0.727122 0.778362 0.963511 0.814735 0.982352 0.869150 0.860370 0.972200 0.975455 0.973540 0.905350 0.953088 0.977687 0.871519
0.853449 0.793310 0.991405 0.734444 0.912764 0.000000 0.986695 0.730977 0.991951 0.889816 0.908266 0.749000 0.809263 0.744180 0.948094 0.772189 0.949517 0.979181 0.906054 0.961309 0.974117 0.798241 0.876286 0.899445 0.997081 0.927595 0.888642 0.820353 0.914710 0.992299 0.984627 0.894080 0.987831 0.934192 0.929602 0.967086 0.944734 0.903281 0.859999 0.834723 0.882577 0.916232 0.936001 0.958811 0.952827 0.998787 0.898628 0.908496 0.928080 0.906299 0.953608 0.906708 0.986987 0.897824 0.920487 0.887276 0.981782 0.959111 0.906958 0.759362 0.860924 0.716901 0.942291 0.980069 0.922883 0.649363 0.906385 0.807115 0.876058 0.965186 0.706259 0.729846 0.985890 0.991000 0.996833 0.887101 0.809107 0.814850 0.981729 0.985025 0.991397 0.949586 0.670079 0.811530 0.781195 0.989731 0.913379 0.705208 0.971115 0.971216 0.952170 0.986557 0.812601 0.968859 0.926877 0.951395 0.895596 0.896998 0.816728 0.907806 0.844001 0.871753 0.905292 0.862883 0.808459 0.840487 0.958501 0.963472 0.887236 0.970706 0.895010 0.938088 0.966844 0.914693 0.746893 0.857890
0.652791 0.924695 0.432327 0.526316 0.821509 0.986695 0.000000 0.493310 0.658020 0.577658 0.705605 0.861827 0.891543 0.815780 0.775900 0.698405 0.739680 0.630571 0.689055 0.818959 0.944623 0.993601 0.888039 0.948059 0.998542 0.964991 0.964263 0.952775 0.872101 0.875501 0.821323 0.973593 0.508275 0.548905 0.634771 0.867826 0.985974 0.921477 0.923923 0.865195 0.731499 0.883621 0.839103 0.838373 0.618951 0.619868 0.816806 0.774018 0.929410 0.959540 0.994276 0.877558 0.859374 0.949350 0.781611 0.712127 0.835794 0.999082 0.826979 0.954259 0.413267 0.655876 0.576148 0.644219 0.653073 0.697274 0.488558 0.608606 0.944861 0.921626 0.940313 0.945301 0.979876 0.969873 0.851471 0.882338 0.890131 0.963165 0.744697 0.856287 0.544751 0.529714 0.941595 0.709707 0.571447 0.593832 0.850896 0.946399 0.880134 0.791727 0.513156 0.743711 0.531169 0.761652 0.721164 0.787497 0.707918 0.844887 0.536127 0.646404 0.895593 0.953747 0.766911 0.693431 0.889884 0.760791 0.797083 0.893756 0.873101 0.954212 0.749835 0.688093 0.853474 0.872164 0.889920 0.926299
0.577554 0.724344 0.708762 0.558782 0.990827 0.730977 0.493310 0.000000 0.867504 0.485259 0.511988 0.458954 0.799553 0.874190 0.663135 0.905858 0.692981 0.622225 0.701245 0.741093 0.971637 0.977541 0.803522 0.757888 0.781050 0.893326 0.861161 0.882954 0.776470 0.689026 0.976823 0.906491 0.670116 0.423761 0.746851 0.899026 0.905252 0.789498 0.830232 0.753824 0.749394 0.979841 0.808648 0.814566 0.683012 0.637775 0.713319 0.679277 0.845214 0.832706 0.863973 0.681009 0.677179 0.633072 0.704379 0.695576 0.901794 0.956736 0.713662 0.717955 0.401781 0.356692 0.601202 0.531650 0.911773 0.521875 0.624633 0.520723 0.817173 0.843566 0.830428 0.920540 0.983645 0.948215 0.868715 0.968515 0.776700 0.829016 0.768910 0.876533 0.642953 0.664800 0.822053 0.816937 0.997527 0.829668 0.727169 0.689890 0.989342 0.741146 0.758822 0.955111 0.745362 0.971638 0.733939 0.931425 0.773743 0.876083 0.505124 0.721600 0.713825 0.984935 0.696009 0.702869 0.996228 0.792525 0.749250 0.986443 0.869321 0.958696 0.789608 0.717195 0.852415 0.779493 0.886774 0.939399
0.924466 0.964063 0.778909 0.881223 0.628265 0.991951 0.658020 0.867504 0.000000 0.800336 0.910064 0.966916 0.783750 0.897414 0.873881 0.990908 0.825963 0.838029 0.897349 0.950702 0.979511 0.992509 0.700241 0.832059 0.989007 0.997759 0.928048 0.913378 0.901565 0.953047 0.871539 0.945411 0.822298 0.952209 0.926054 0.891063 0.986721 0.847699 0.993293 0.896006 0.907870 0.927843 0.844665 0.867443 0.999562 0.992110 0.921290 0.842768 0.916936 0.890068 0.957344 0.978969 0.926355 0.802648 0.928234 0.924908 0.916540 0.911526 0.921132 0.928978 0.657138 0.821921 0.788792 0.861878 0.688060 0.813364 0.948144 0.929811 0.989992 0.961577 0.950468 0.836763 0.853743 0.958208 0.968723 0.959141 0.963544 0.892133 0.784247 0.908646 0.789326 0.790046 0.768798 0.820276 0.611474 0.570484 0.929907 0.846514 0.843002 0.836045 0.772335 0.856023 0.874564 0.886747 0.992193 0.866600 0.855713 0.929921 0.985653 0.824564 0.872204 0.982901 0.989088 0.935701 0.823552 0.972257 0.936543 0.958236 0.850655 0.972893 0.784802 0.939017 0.948456 0.860960 0.951160 0.867881
0.735537 0.996696 0.978977 0.960821 0.824078 0.889816 0.577658 0.485259 0.800336 0.000000 0.565467 0.606040 0.945305 0.997196 0.760838 0.883617 0.636618 0.631483 0.673098 0.798075 0.892476 0.809856 0.968947 0.792268 0.543161 0.605130 0.770710 0.654644 0.625306 0.565715 0.972187 0.950508 0.774318 0.556108 0.858883 0.932402 0.738252 0.687152 0.869003 0.952842 0.885543 0.935380 0.827763 0.860504 0.699604 0.709082 0.854671 0.912365 0.807035 0.852303 0.739239 0.639342 0.652540 0.596495 0.758853 0.821792 0.994631 0.962265 0.869721 0.910717 0.448488 0.466860 0.410478 0.402884 0.802854 0.880325 0.846881 0.806066 0.795969 0.974912 0.897223 0.787296 0.938624 0.949453 0.908360 0.906471 0.878435 0.840378 0.835106 0.736381 0.598322 0.631815 0.960002 0.692498 0.849656 0.965406 0.786865 0.960442 0.936320 0.862775 0.832624 0.852418 0.963241 0.771800 0.808967 0.971170 0.963347 0.945799 0.697286 0.762722 0.876518 0.817781 0.804759 0.847024 0.915105 0.917277 0.633646 0.779202 0.908015 0.986471 0.949157 0.789934 0.941157 0.904034 0.743376 0.758341
0.563429 0.818766 0.851671 0.855757 0.905753 0.908266 0.705605 0.511988 0.910064 0.565467 0.000000 0.461405 0.780855 0.979809 0.642859 0.832799 0.585310 0.646814 0.801063 0.760417 0.939246 0.828524 0.586958 0.543300 0.804282 0.900753 0.778753 0.949026 0.778066 0.788895 0.806882 0.766385 0.777640 0.504466 0.772490 0.974237 0.924526 0.922103 0.960997 0.849742 0.738512 0.840846 0.943919 0.947455 0.860391 0.743702 0.739301 0.874250 0.875367 0.833585 0.727937 0.635279 0.559848 0.550544 0.690364 0.672071 0.840248 0.886361 0.691374 0.803146 0.531373 0.489028 0.578309 0.496766 0.840826 0.817156 0.775481 0.783164 0.922523 0.686066 0.839515 0.885157 0.836609 0.905652 0.869764 0.918175 0.920245 0.883705 0.712824 0.879024 0.655123 0.740208 0.874575 0.777014 0.888532 0.932486 0.754603 0.710719 0.930735 0.800202 0.869308 0.787473 0.915791 0.858150 0.805599 0.918532 0.786187 0.846942 0.731307 0.871426 0.813535 0.948055 0.642275 0.807592 0.861710 0.860003 0.755472 0.946799 0.865964 0.911306 0.989573 0.799055 0.902093 0.857190 0.882944 0.975787
0.625358 0.677231 0.941638 0.890971 0.906263 0.749000 0.861827 0.458954 0.966916 0.606040 0.461405 0.000000 0.629070 0.632318 0.831506 0.846534 0.654467 0.664893 0.646530 0.712324 0.917228 0.829224 0.660102 0.733508 0.678880 0.757690 0.837979 0.855112 0.747648 0.657567 0.737691 0.858189 0.884611 0.573307 0.915384 0.981665 0.888090 0.737369 0.924490 0.923307 0.854619 0.958327 0.897737 0.888736 0.856128 0.734764 0.729318 0.819453 0.864856 0.830503 0.786465 0.655804 0.672815 0.591415 0.657631 0.786115 0.868293 0.859427 0.761365 0.776139 0.544274 0.392562 0.614010 0.535187 0.795510 0.688451 0.962451 0.836648 0.978005 0.720824 0.941539 0.943066 0.955046 0.983371 0.872158 0.976986 0.827789 0.776026 0.787964 0.854521 0.722612 0.786873 0.844068 0.881348 0.779053 0.942013 0.760288 0.732295 0.987218 0.878722 0.948000 0.698282 0.934802 0.701496 0.844043 0.877652 0.857746 0.964735 0.766938 0.962982 0.739463 0.844781 0.770305 0.895437 0.869822 0.958183 0.805672 0.909736 0.864390 0.949449 0.991327 0.854090 0.870940 0.880648 0.870394 0.940700
0.805365 0.749847 0.960704 0.912960 0.892437 0.809263 0.891543 0.799553 0.783750 0.945305 0.780855 0.629070 0.000000 0.565279 0.750612 0.599808 0.829584 0.852492 0.731074 0.888607 0.926659 0.952188 0.987140 0.920806 0.882698 0.934153 0.950385 0.927100 0.863699 0.909717 0.958933 0.937734 0.929400 0.843415 0.976990 0.927024 0.958351 0.849318 0.971814 0.942929 0.855785 0.923541 0.946309 0.898296 0.973294 0.872091 0.916965 0.986954 0.901006 0.890130 0.875528 0.879303 0.994635 0.884169 0.859719 0.862527 0.883370 0.881223 0.896448 0.921902 0.677631 0.693360 0.861262 0.854055 0.960434 0.778556 0.923950 0.871970 0.812417 0.820293 0.985454 0.955535 0.858530 0.986949 0.981978 0.864324 0.795338 0.738199 0.869562 0.922809 0.871480 0.936809 0.928020 0.992844 0.978487 0.854399 0.955980 0.922880 0.941608 0.896492 0.884657 0.960414 0.891934 0.963032 0.987946 0.968389 0.861805 0.913223 0.879562 0.991374 0.948718 0.920475 0.890219 0.961454 0.873821 0.888573 0.870100 0.953699 0.969336 0.956153 0.948355 0.994798 0.851769 0.775157 0.926553 0.993035
0.893304 0.682128 0.829456 0.995251 0.958729 0.744180 0.815780 0.874190 0.897414 0.997196 0.979809 0.632318 0.565279 0.000000 0.723740 0.553063 0.933047 0.896597 0.669312 0.781083 0.913673 0.966432 0.971899 0.878694 0.871545 0.971087 0.896765 0.947888 0.830196 0.823361 0.977975 0.832582 0.902535 0.955964 0.969034 0.991063 0.821860 0.822718 0.941945 0.984120 0.856154 0.841971 0.883726 0.832866 0.932359 0.939496 0.823152 0.873081 0.975196 0.932170 0.944430 0.952286 0.912487 0.963697 0.858027 0.861882 0.929588 0.910763 0.934829 0.897544 0.945457 0.767903 0.997590 0.962277 0.912400 0.788335 0.808085 0.941186 0.902951 0.870189 0.838629 0.838942 0.805010 0.895915 0.981946 0.801668 0.693402 0.783336 0.898172 0.965295 0.977167 0.988693 0.900343 0.923990 0.798680 0.982197 0.910586 0.981757 0.948485 0.983906 0.881048 0.857070 0.901313 0.853267 0.915639 0.942430 0.957410 0.941218 0.981252 0.991960 0.858961 0.913329 0.946722 0.979379 0.977998 0.924062 0.875055 0.995126 0.871613 0.913260 0.956457 0.987600 0.907524 0.974323 0.907943 0.921867
0.899769 0.924617 0.859014 0.767271 0.763650 0.948094 0.775900 0.663135 0.873881 0.760838 0.642859 0.831506 0.750612 0.723740 0.000000 0.562592 0.996123 0.957148 0.893226 0.941609 0.950270 0.968126 0.548610 0.623720 0.962760 0.958840 0.753643 0.983548 0.857376 0.945269 0.761153 0.752707 0.993786 0.733451 0.884164 0.978260 0.940955 0.953492 0.940999 0.828899 0.840439 0.867716 0.802968 0.858828 0.790558 0.833288 0.927328 0.876323 0.909362 0.877999 0.939711 0.772900 0.572098 0.550970 0.880686 0.835852 0.873503 0.784757 0.767584 0.803001 0.864979 0.803728 0.942278 0.860992 0.878790 0.869266 0.650246 0.638874 0.851890 0.894554 0.954512 0.997333 0.790974 0.888509 0.831689 0.879468 0.958335 0.986661 0.969141 0.974586 0.984884 0.934746 0.695255 0.878633 0.761976 0.776616 0.739002 0.641758 0.916591 0.954524 0.824146 0.934997 0.764537 0.856069 0.868718 0.965907 0.860112 0.828149 0.735475 0.790891 0.702232 0.875670 0.715351 0.797755 0.968720 0.826675 0.727712 0.921019 0.943658 0.966595 0.796295 0.862123 0.998548 0.845867 0.909133 0.934295
0.870036 0.870359 0.704451 0.826494 0.899558 0.772189 0.698405 0.905858 0.990908 0.883617 0.832799 0.846534 0.599808 0.553063 0.562592 0.000000 0.924094 0.908230 0.931633 0.996804 0.907879 0.954078 0.795017 0.683319 0.886203 0.926034 0.848922 0.995782 0.934455 0.883806 0.933649 0.773614 0.905230 0.882204 0.734334 0.971624 0.928761 0.894261 0.982994 0.902820 0.906221 0.739287 0.886710 0.907745 0.744017 0.815527 0.929663 0.869555 0.803683 0.925604 0.953137 0.993827 0.777290 0.809835 0.960398 0.787698 0.940338 0.914385 0.767610 0.968651 0.943218 0.957049 0.850342 0.859724 0.953732 0.885874 0.708620 0.809239 0.978286 0.946317 0.860516 0.902460 0.735326 0.809754 0.872486 0.796781 0.889092 0.824876 0.983048 0.937494 0.809422 0.798535 0.977457 0.866679 0.883996 0.948555 0.830224 0.872705 0.898307 0.791935 0.808356 0.866228 0.792177 0.826259 0.863118 0.778892 0.859616 0.845522 0.843819 0.769455 0.933369 0.931050 0.851070 0.844051 0.942672 0.793184 0.812953 0.906101 0.993935 0.990888 0.864709 0.777717 0.826035 0.927517 0.874746 0.996884
0.498702 0.615147 0.875504 0.992786 0.894603 0.949517 0.739680 0.692981 0.825963 0.636618 0.585310 0.654467 0.829584 0.933047 0.996123 0.924094 0.000000 0.440748 0.677241 0.580868 0.942281 0.873258 0.928539 0.761893 0.869575 0.921479 0.900764 0.894010 0.644035 0.662888 0.974872 0.933919 0.652838 0.694170 0.747765 0.941962 0.839030 0.872550 0.839329 0.878188 0.840019 0.922566 0.975435 0.950749 0.782552 0.711268 0.771533 0.815428 0.718712 0.862114 0.999863 0.973681 0.963498 0.901839 0.627958 0.717852 0.531352 0.553720 0.581922 0.771070 0.552331 0.586984 0.475063 0.425944 0.993251 0.851439 0.895565 0.913244 0.818377 0.658562 0.910769 0.771930 0.998204 0.944203 0.865798 0.955624 0.983730 0.981962 0.663472 0.883281 0.462573 0.518363 0.856104 0.535932 0.759285 0.826077 0.895687 0.916593 0.760580 0.685067 0.967404 0.775390 0.913653 0.778313 0.796184 0.834457 0.782075 0.976286 0.772442 0.798748 0.972403 0.804949 0.726606 0.834673 0.921564 0.898814 0.823245 0.977751 0.990948 0.915920 0.978453 0.752655 0.810391 0.954284 0.983526 0.885435
0.452823 0.631722 0.757254 0.801411 0.976454 0.979181 0.630571 0.622225 0.838029 0.631483 0.646814 0.664893 0.852492 0.896597 0.957148 0.908230 0.440748 0.000000 0.603571 0.593251 0.896930 0.896726 0.997828 0.788618 0.982662 0.985881 0.984837 0.957489 0.625882 0.605006 0.862551 0.990900 0.585935 0.602389 0.703306 0.823117 0.845640 0.926406 0.981301 0.941359 0.765222 0.858985 0.895243 0.864187 0.732800 0.664374 0.571883 0.690077 0.686159 0.855661 0.923166 0.995156 0.962973 0.936309 0.544515 0.621953 0.474838 0.603684 0.566078 0.734740 0.512471 0.577471 0.429575 0.430199 0.885591 0.792193 0.790908 0.777736 0.882837 0.711967 0.990845 0.843984 0.950955 0.889556 0.937635 0.969485 0.989506 0.976725 0.628616 0.918356 0.336439 0.376030 0.802233 0.474723 0.663423 0.682520 0.943075 0.945641 0.718655 0.587707 0.953816 0.783919 0.976913 0.810828 0.753437 0.802682 0.842807 0.940757 0.746127 0.761483 0.996422 0.826256 0.793482 0.818144 0.974679 0.752141 0.858378 0.943612 0.875418 0.898244 0.971571 0.733343 0.808244 0.954184 0.975765 0.879574
0.588965 0.653641 0.819344 0.837495 0.962448 0.906054 0.689055 0.701245 0.897349 0.673098 0.801063 0.646530 0.731074 0.669312 0.893226 0.931633 0.677241 0.603571 0.000000 0.638810 0.974794 0.948357 0.912624 0.945502 0.892501 0.968396 0.999181 0.991945 0.696739 0.711113 0.848754 0.811595 0.648612 0.678184 0.779244 0.907190 0.936674 0.840107 0.959479 0.916838 0.851960 0.979410 0.928567 0.858082 0.818260 0.699637 0.708840 0.769403 0.870311 0.963320 0.999066 0.996837 0.990447 0.973744 0.689829 0.715252 0.691710 0.762628 0.856722 0.856161 0.574075 0.645184 0.566312 0.620642 0.910539 0.753098 0.918780 0.870385 0.879072 0.816110 0.914732 0.886778 0.793941 0.905968 0.963462 0.967726 0.881103 0.850987 0.667156 0.971829 0.558954 0.544679 0.872562 0.749795 0.711583 0.717216 0.893135 0.912572 0.891395 0.814869 0.874402 0.970733 0.916432 0.932586 0.884012 0.983928 0.787126 0.949407 0.764257 0.719811 0.956364 0.794281 0.806712 0.896426 0.987040 0.818294 0.870931 0.939960 0.954956 0.909947 0.991427 0.786885 0.782003 0.957916 0.936562 0.760125
0.575843 0.644905 0.838657 0.841472 0.954483 0.961309 0.818959 0.741093 0.950702 0.798075 0.760417 0.712324 0.888607 0.781083 0.941609 0.996804 0.580868 0.593251 0.638810 0.000000 0.836831 0.943307 0.959079 0.894654 0.950621 0.952614 0.895046 0.888925 0.750835 0.806247 0.821887 0.991652 0.721415 0.751990 0.751450 0.994309 0.831973 0.929611 0.966562 0.942552 0.889069 0.941884 0.838340 0.823593 0.825482 0.707237 0.648670 0.611175 0.723338 0.731733 0.786884 0.795367 0.878717 0.986071 0.765833 0.680443 0.633170 0.602028 0.586208 0.585028 0.740190 0.686042 0.731932 0.670134 0.927497 0.733361 0.823806 0.766023 0.861824 0.765949 0.927342 0.992943 0.829387 0.921507 0.968316 0.950812 0.881756 0.984214 0.630297 0.997100 0.627819 0.634375 0.842651 0.691123 0.846471 0.780061 0.882277 0.974098 0.814975 0.649985 0.919502 0.940011 0.970023 0.951663 0.933034 0.905281 0.745588 0.859202 0.711312 0.793395 0.809216 0.881629 0.696530 0.782696 0.959543 0.826594 0.944358 0.907042 0.919292 0.990965 0.891165 0.764221 0.781902 0.970363 0.998987 0.924792
0.705068 0.805293 0.741049 0.768378 0.806461 0.974117 0.944623 0.971637 0.979511 0.892476 0.939246 0.917228 0.926659 0.913673 0.950270 0.907879 0.942281 0.896930 0.974794 0.836831 0.000000 0.904280 0.852674 0.757921 0.719965 0.675450 0.968324 0.792683 0.788642 0.693291 0.965489 0.858373 0.831985 0.965923 0.765568 0.960333 0.717950 0.775481 0.850870 0.978542 0.843865 0.875636 0.685777 0.742301 0.996040 0.953361 0.796674 0.858333 0.930431 0.827167 0.737348 0.787423 0.904262 0.864173 0.994738 0.998612 0.678211 0.761178 0.678346 0.867451 0.977320 0.881625 0.915254 0.920180 0.798745 0.933621 0.770188 0.872341 0.691811 0.758858 0.898170 0.885007 0.949872 0.762731 0.924322 0.956363 0.916165 0.895106 0.920352 0.911695 0.978074 0.979353 0.823501 0.970611 0.992559 0.988581 0.938903 0.827894 0.846562 0.739702 0.838829 0.832470 0.843619 0.785381 0.926765 0.735991 0.789867 0.879693 0.954885 0.860546 0.953770 0.853510 0.719462 0.768614 0.941775 0.798911 0.834509 0.801798 0.976419 0.870929 0.904181 0.828508 0.934147 0.951419 0.883295 0.810773
0.991408 0.853865 0.826899 0.773270 0.909187 0.798241 0.993601 0.977541 0.992509 0.809856 0.828524 0.829224 0.952188 0.966432 0.968126 0.954078 0.873258 0.896726 0.948357 0.943307 0.904280 0.000000 0.981675 0.959355 0.874696 0.759564 0.858986 0.692422 0.812360 0.787053 0.920165 0.847861 0.992086 0.994039 0.938926 0.905016 0.828958 0.814444 0.946539 0.860937 0.896818 0.815692 0.909109 0.914814 0.891335 0.895334 0.957239 0.997711 0.994084 0.852744 0.752789 0.757802 0.774684 0.771100 0.884393 0.964726 0.952880 0.961334 0.911143 0.802138 0.868951 0.913276 0.761181 0.781359 0.762353 0.815136 0.810215 0.863556 0.912126 0.990180 0.737247 0.690589 0.944058 0.989963 0.880519 0.918541 0.873133 0.848407 0.976239 0.996643 0.931953 0.877195 0.731901 0.849690 0.956976 0.883437 0.902510 0.871922 0.913467 0.951732 0.838675 0.828200 0.752801 0.709386 0.921994 0.995710 0.973709 0.988350 0.820114 0.811163 0.928405 0.730831 0.910718 0.893918 0.697787 0.777700 0.876236 0.737748 0.900958 0.968025 0.993581 0.855118 0.922208 0.963202 0.790521 0.913044
0.770678 0.868860 0.931665 0.968599 0.572598 0.876286 0.888039 0.803522 0.700241 0.968947 0.586958 0.660102 0.987140 0.971899 0.548610 0.795017 0.928539 0.997828 0.912624 0.959079 0.852674 0.981675 0.000000 0.410302 0.913492 0.999286 0.816590 0.878285 0.939467 0.897300 0.564882 0.571857 0.880765 0.841711 0.980437 0.910142 0.930548 0.936423 0.863085 0.869719 0.843939 0.847807 0.781147 0.791496 0.970533 0.898500 0.833374 0.855931 0.886415 0.920695 0.888840 0.778132 0.628017 0.545998 0.901863 0.857863 0.968778 0.969673 0.665648 0.780938 0.984459 0.820945 0.982324 0.859527 0.651008 0.979275 0.919704 0.906373 0.816920 0.784334 0.895940 0.985354 0.639560 0.730053 0.862156 0.977494 0.866368 0.847445 0.982580 0.998208 0.966081 0.842394 0.595452 0.814171 0.451561 0.576729 0.687746 0.502069 0.978561 0.986789 0.918341 0.791462 0.986544 0.932559 0.996269 0.986994 0.936392 0.772371 0.855507 0.977667 0.733690 0.954412 0.647166 0.810447 0.872244 0.890472 0.942530 0.979465 0.943341 0.962697 0.985795 0.880282 0.986300 0.953821 0.960263 0.836404
0.632041 0.888188 0.997030 0.950459 0.689561 0.899445 0.948059 0.757888 0.832059 0.792268 0.543300 0.733508 0.920806 0.878694 0.623720 0.683319 0.761893 0.788618 0.945502 0.894654 0.757921 0.959355 0.410302 0.000000 0.886283 0.967525 0.745548 0.985551 0.972596 0.998337 0.684516 0.547898 0.990816 0.758848 0.920279 0.926252 0.837480 0.953644 0.915195 0.892446 0.762684 0.871536 0.870046 0.880622 0.885602 0.817773 0.779246 0.825209 0.766088 0.984604 0.888047 0.788720 0.670208 0.559138 0.882661 0.811644 0.826189 0.863176 0.583883 0.820690 0.872525 0.788660 0.767699 0.656598 0.706434 0.890503 0.861441 0.913417 0.805323 0.748871 0.868780 0.924323 0.587390 0.667952 0.976818 0.886166 0.988399 0.937640 0.935320 0.896853 0.784178 0.901877 0.804483 0.897855 0.697409 0.700084 0.745987 0.656880 0.920360 0.849552 0.992790 0.789430 0.997207 0.882025 0.974788 0.874981 0.928619 0.826330 0.802355 0.896725 0.813470 0.988490 0.626109 0.778685 0.878369 0.862829 0.841516 0.945323 0.995991 0.960313 0.977365 0.788859 0.997807 0.961314 0.909607 0.942214
0.928877 0.853498 0.648460 0.703000 0.857162 0.997081 0.998542 0.781050 0.989007 0.543161 0.804282 0.678880 0.882698 0.871545 0.962760 0.886203 0.869575 0.982662 0.892501 0.950621 0.719965 0.874696 0.913492 0.886283 0.000000 0.399043 0.780166 0.594049 0.655347 0.634559 0.825545 0.985947 0.843032 0.810269 0.863962 0.824455 0.683113 0.649906 0.755620 0.820257 0.906066 0.758647 0.622064 0.607179 0.990627 0.988432 0.854783 0.920905 0.995313 0.757358 0.635479 0.620208 0.671409 0.608599 0.990674 0.903265 0.714963 0.841603 0.895023 0.971575 0.743635 0.639223 0.676523 0.614626 0.560226 0.898778 0.768011 0.855605 0.838836 0.828318 0.764278 0.780453 0.923733 0.908872 0.911280 0.957696 0.784037 0.808947 0.847540 0.764246 0.973566 0.973528 0.988018 0.921835 0.853916 0.792927 0.873806 0.968106 0.767305 0.822132 0.851200 0.670402 0.755766 0.591180 0.927214 0.708799 0.784679 0.796323 0.961900 0.901639 0.989249 0.791788 0.998813 0.905916 0.801786 0.826280 0.837479 0.677878 0.934075 0.869583 0.898316 0.994037 0.954202 0.942591 0.671201 0.696947
0.805872 0.740130 0.620353 0.641980 0.767623 0.927595 0.964991 0.893326 0.997759 0.605130 0.900753 0.757690 0.934153 0.971087 0.958840 0.926034 0.921479 0.985881 0.968396 0.952614 0.675450 0.759564 0.999286 0.967525 0.399043 0.000000 0.803524 0.614217 0.691273 0.622865 0.797829 0.915466 0.832603 0.916148 0.826809 0.809881 0.629362 0.614545 0.699123 0.803187 0.838251 0.743379 0.594200 0.619401 0.885112 0.984460 0.847712 0.810389 0.997512 0.767056 0.659242 0.644171 0.755754 0.646138 0.931209 0.846133 0.754166 0.775292 0.837372 0.830630 0.818853 0.772980 0.700571 0.705359 0.550505 0.828253 0.722961 0.806580 0.756913 0.848795 0.766479 0.779459 0.937801 0.870682 0.987697 0.963205 0.712072 0.699777 0.821308 0.711086 0.992022 0.975873 0.952217 0.988907 0.926890 0.781810 0.941062 0.868563 0.704723 0.750471 0.815488 0.708047 0.725715 0.582935 0.864437 0.709680 0.786552 0.725773 0.913445 0.902583 0.971553 0.740133 0.846787 0.796807 0.846734 0.741373 0.782646 0.671305 0.875404 0.913987 0.950887 0.891790 0.897923 0.983810 0.690878 0.731091
0.921410 0.992498 0.827033 0.871422 0.941221 0.888642 0.964263 0.861161 0.928048 0.770710 0.778753 0.837979 0.950385 0.896765 0.753643 0.848922 0.900764 0.984837 0.999181 0.895046 0.968324 0.858986 0.816590 0.745548 0.780166 0.803524 0.000000 0.721098 0.969425 0.940134 0.912212 0.871049 0.994812 0.823260 0.937758 0.947911 0.914040 0.966108 0.920819 0.959255 0.991342 0.951424 0.869512 0.965820 0.683378 0.671643 0.947585 0.901634 0.700571 0.840841 0.985490 0.891920 0.815664 0.769984 0.965929 0.913789 0.977862 0.973447 0.909523 0.955177 0.926592 0.860554 0.886290 0.803283 0.730191 0.926030 0.951492 0.895163 0.987734 0.949200 0.923739 0.871455 0.895619 0.942996 0.988159 0.992640 0.891282 0.923209 0.967731 0.903940 0.988503 0.973628 0.945130 0.974528 0.916056 0.811991 0.909482 0.988361 0.949716 0.962029 0.879709 0.961539 0.997579 0.902611 0.915212 0.943587 0.948681 0.974434 0.894158 0.834739 0.865859 0.974703 0.939375 0.957150 0.680178 0.926634 0.879750 0.873740 0.880886 0.920749 0.928651 0.878704 0.993028 0.841319 0.751962 0.950861
0.847074 0.838245 0.756121 0.783501 0.700280 0.820353 0.952775 0.882954 0.913378 0.654644 0.949026 0.855112 0.927100 0.947888 0.983548 0.995782 0.894010 0.957489 0.991945 0.888925 0.792683 0.692422 0.878285 0.985551 0.594049 0.614217 0.721098 0.000000 0.818806 0.752066 0.983060 0.854269 0.947895 0.943029 0.887238 0.931834 0.688492 0.662090 0.902083 0.829561 0.827498 0.912135 0.838026 0.808294 0.785771 0.837388 0.927528 0.983327 0.796551 0.951692 0.909824 0.879210 0.874451 0.839223 0.973616 0.861830 0.818366 0.947659 0.907730 0.968967 0.849283 0.814923 0.813276 0.769709 0.750489 0.901375 0.849196 0.986324 0.683102 0.874921 0.804226 0.784596 0.926059 0.827621 0.946088 0.969645 0.896433 0.796451 0.865284 0.777482 0.989221 0.904203 0.787173 0.844665 0.934125 0.964636 0.970470 0.782229 0.955988 0.871833 0.946035 0.868068 0.803686 0.733273 0.932942 0.861824 0.878332 0.763588 0.995709 0.978377 0.965585 0.822745 0.786055 0.848664 0.750180 0.768065 0.887662 0.717337 0.856914 0.959654 0.965091 0.976167 0.999581 0.970321 0.699043 0.686864
0.833090 0.939826 0.873124 0.813566 0.817990 0.914710 0.872101 0.776470 0.901565 0.625306 0.778066 0.747648 0.863699 0.830196 0.857376 0.934455 0.644035 0.625882 0.696739 0.750835 0.788642 0.812360 0.939467 0.972596 0.655347 0.691273 0.969425 0.818806 0.000000 0.407586 0.959202 0.761170 0.855997 0.685996 0.939374 0.999747 0.827017 0.684386 0.843509 0.804798 0.954358 0.926855 0.735430 0.798840 0.990160 0.920240 0.888533 0.986659 0.940367 0.837228 0.632037 0.694912 0.849703 0.688777 0.880893 0.809532 0.926852 0.987543 0.982095 0.994008 0.666470 0.596164 0.541204 0.563446 0.803056 0.963911 0.815912 0.912351 0.831761 0.941387 0.795935 0.729301 0.953905 0.810527 0.981765 0.922092 0.893106 0.934529 0.860417 0.963286 0.677397 0.690959 0.735579 0.652520 0.863580 0.931211 0.973919 0.790510 0.984904 0.899334 0.782537 0.553427 0.676927 0.504050 0.965085 0.967231 0.799775 0.837027 0.987786 0.985019 0.920909 0.571130 0.936365 0.882357 0.809763 0.860239 0.837760 0.661645 0.996258 0.942452 0.988972 0.955913 0.838639 0.998959 0.836164 0.671085
0.857587 0.912254 0.792920 0.824469 0.814623 0.992299 0.875501 0.689026 0.953047 0.565715 0.788895 0.657567 0.909717 0.823361 0.945269 0.883806 0.662888 0.605006 0.711113 0.806247 0.693291 0.787053 0.897300 0.998337 0.634559 0.622865 0.940134 0.752066 0.407586 0.000000 0.881280 0.725322 0.824973 0.640015 0.933374 0.871762 0.786492 0.703486 0.864879 0.934207 0.975164 0.859164 0.800410 0.816224 0.856277 0.848981 0.851747 0.935589 0.788591 0.894111 0.766700 0.721911 0.855585 0.698380 0.735731 0.839404 0.888664 0.948332 0.958574 0.938382 0.656897 0.559039 0.518260 0.516267 0.780667 0.930818 0.849024 0.964280 0.743698 0.944067 0.885873 0.794444 0.863116 0.787352 0.981128 0.934415 0.862391 0.916518 0.869741 0.994054 0.694184 0.661125 0.724117 0.654290 0.855796 0.958211 0.947516 0.811635 0.995731 0.881720 0.740975 0.549090 0.686185 0.500055 0.880372 0.838162 0.860748 0.811591 0.946069 0.995311 0.957300 0.659288 0.869505 0.919140 0.848097 0.970990 0.735822 0.716180 0.932828 0.990676 0.989679 0.952286 0.880548 0.981053 0.859705 0.690082
0.934955 0.946301 0.833041 0.893205 0.861814 0.984627 0.821323 0.976823 0.871539 0.972187 0.806882 0.737691 0.958933 0.977975 0.761153 0.933649 0.974872 0.862551 0.848754 0.821887 0.965489 0.920165 0.564882 0.684516 0.825545 0.797829 0.912212 0.983060 0.959202 0.881280 0.000000 0.655775 0.685557 0.978029 0.887471 0.800387 0.987257 0.757956 0.980706 0.960600 0.900438 0.918917 0.960300 0.971993 0.847168 0.837584 0.934323 0.806782 0.793915 0.677205 0.732225 0.700241 0.683417 0.649006 0.988886 0.926481 0.824810 0.843546 0.997233 0.932035 0.965876 0.905657 0.947308 0.990444 0.745556 0.955542 0.878016 0.815457 0.883279 0.804034 0.724209 0.946078 0.815078 0.838248 0.838801 0.956657 0.980841 0.951227 0.870386 0.993989 0.844821 0.792257 0.747700 0.797271 0.573884 0.713149 0.825527 0.741212 0.954009 0.903149 0.865516 0.832690 0.825838 0.855876 0.906745 0.948544 0.920977 0.935587 0.854131 0.829358 0.883488 0.961802 0.866282 0.893034 0.923835 0.889385 0.942491 0.876825 0.941301 0.928746 0.889948 0.972494 0.945201 0.924637 0.868953 0.868638
0.817436 0.884055 0.900596 0.854975 0.804932 0.894080 0.973593 0.906491 0.945411 0.950508 0.766385 0.858189 0.937734 0.832582 0.752707 0.773614 0.933919 0.990900 0.811595 0.991652 0.858373 0.847861 0.571857 0.547898 0.985947 0.915466 0.871049 0.854269 0.761170 0.725322 0.655775 0.000000 0.924030 0.984193 0.966192 0.713706 0.762462 0.849418 0.909088 0.895126 0.755862 0.897378 0.893714 0.908612 0.977209 0.976303 0.958752 0.990241 0.993437 0.978915 0.971921 0.964814 0.802705 0.840393 0.984526 0.967352 0.935903 0.863575 0.677740 0.865128 0.959871 0.937293 0.989306 0.908243 0.952168 0.948805 0.841904 0.968257 0.737833 0.706803 0.932242 0.954594 0.746369 0.658432 0.823877 0.879134 0.974618 0.949666 0.986704 0.896428 0.918063 0.965413 0.728195 0.957534 0.721171 0.841816 0.829465 0.578896 0.805923 0.982483 0.851575 0.969557 0.831502 0.908333 0.901773 0.974382 0.846894 0.768382 0.867955 0.960514 0.914440 0.816046 0.696249 0.782503 0.949356 0.847517 0.966902 0.903885 0.943149 0.827565 0.910458 0.853285 0.957971 0.920337 0.964025 0.821998
0.562339 0.661962 0.571687 0.664905 0.979610 0.987831 0.508275 0.670116 0.822298 0.774318 0.777640 0.884611 0.929400 0.902535 0.993786 0.905230 0.652838 0.585935 0.648612 0.721415 0.831985 0.992086 0.880765 0.990816 0.843032 0.832603 0.994812 0.947895 0.855997 0.824973 0.685557 0.924030 0.000000 0.619606 0.690595 0.842734 0.858747 0.891215 0.975973 0.950276 0.689620 0.797324 0.783520 0.740850 0.632909 0.582569 0.744403 0.688911 0.783323 0.803403 0.842940 0.926640 0.942445 0.902250 0.738068 0.796680 0.584969 0.733448 0.695454 0.837470 0.582473 0.738848 0.690873 0.726864 0.722549 0.723718 0.608349 0.599376 0.903384 0.871594 0.864657 0.949397 0.867877 0.875042 0.992117 0.935754 0.833589 0.915424 0.709230 0.913739 0.543000 0.573520 0.923726 0.724976 0.609117 0.645628 0.874753 0.964090 0.854287 0.751135 0.655136 0.837533 0.686260 0.862163 0.790681 0.746384 0.615104 0.867446 0.638678 0.681171 0.905252 0.973458 0.811463 0.696429 0.997384 0.682235 0.862728 0.811169 0.850573 0.846298 0.895998 0.683065 0.714728 0.848921 0.961078 0.950671
0.583473 0.790530 0.767887 0.718887 0.960677 0.934192 0.548905 0.423761 0.952209 0.556108 0.504466 0.573307 0.843415 0.955964 0.733451 0.882204 0.694170 0.602389 0.678184 0.751990 0.965923 0.994039 0.841711 0.758848 0.810269 0.916148 0.823260 0.943029 0.685996 0.640015 0.978029 0.984193 0.619606 0.000000 0.749400 0.826430 0.993717 0.916940 0.910620 0.782903 0.726509 0.944421 0.860735 0.909418 0.754324 0.674083 0.741204 0.725881 0.839125 0.880397 0.867851 0.720481 0.680298 0.644321 0.663919 0.657021 0.854215 0.962257 0.762928 0.784517 0.484707 0.461790 0.551752 0.515332 0.999291 0.689201 0.653918 0.575270 0.929385 0.813134 0.974342 0.992789 0.942902 0.999029 0.935868 0.984188 0.941519 0.866503 0.786589 0.897927 0.608211 0.607914 0.935011 0.765053 0.879557 0.850885 0.884224 0.858593 0.975222 0.782137 0.793374 0.891410 0.822425 0.908981 0.790709 0.952572 0.824313 0.979177 0.568851 0.685644 0.832202 0.944834 0.776769 0.790812 0.944927 0.789339 0.715561 0.994194 0.901057 0.890853 0.847833 0.668808 0.780134 0.897366 0.845229 0.841499
0.650579 0.800505 0.595238 0.612423 0.987758 0.929602 0.634771 0.746851 0.926054 0.858883 0.772490 0.915384 0.976990 0.969034 0.884164 0.734334 0.747765 0.703306 0.779244 0.751450 0.765568 0.938926 0.980437 0.920279 0.863962 0.826809 0.937758 0.887238 0.939374 0.933374 0.887471 0.966192 0.690595 0.749400 0.000000 0.905165 0.845962 0.849796 0.941067 0.834003 0.754047 0.792456 0.765886 0.801928 0.798340 0.742104 0.775148 0.751773 0.896616 0.867597 0.796081 0.840795 0.973306 0.910055 0.829268 0.653592 0.720446 0.793845 0.737112 0.767301 0.741950 0.877361 0.807183 0.791629 0.732206 0.786513 0.634397 0.702656 0.788868 0.689108 0.831858 0.848673 0.881312 0.936925 0.991659 0.916502 0.970097 0.963886 0.732981 0.910871 0.649990 0.644058 0.985536 0.736706 0.723123 0.701997 0.873923 0.924585 0.966143 0.684707 0.694390 0.730622 0.661602 0.758576 0.841530 0.706148 0.637118 0.739220 0.695443 0.666385 0.911102 0.879768 0.726891 0.690237 0.913711 0.726469 0.966161 0.652451 0.881059 0.984496 0.865792 0.872404 0.995019 0.989095 0.916753 0.920190
0.920424 0.933010 0.845620 0.840975 0.958280 0.967086 0.867826 0.899026 0.891063 0.932402 0.974237 0.981665 0.927024 0.991063 0.978260 0.971624 0.941962 0.823117 0.907190 0.994309 0.960333 0.905016 0.910142 0.926252 0.824455 0.809881 0.947911 0.931834 0.999747 0.871762 0.800387 0.713706 0.842734 0.826430 0.905165 0.000000 0.870907 0.991186 0.918658 0.757844 0.999043 0.923086 0.798047 0.884259 0.883486 0.915670 0.838119 0.768707 0.905908 0.964645 0.935975 0.990653 0.955006 0.952995 0.862587 0.884751 0.885287 0.974632 0.965868 0.960777 0.951459 0.995131 0.941068 0.989743 0.768964 0.833852 0.832209 0.736596 0.861251 0.909995 0.889454 0.907463 0.999696 0.979274 0.963934 0.986335 0.913119 0.869732 0.852786 0.886860 0.906433 0.844887 0.947999 0.941848 0.837346 0.843098 0.986956 0.938834 0.952198 0.874545 0.947202 0.948750 0.941582 0.951008 0.780914 0.976564 0.993240 0.964536 0.851289 0.922963 0.926223 0.976734 0.880249 0.933797 0.988427 0.853848 0.899569 0.990604 0.980849 0.991815 0.940812 0.962610 0.921997 0.929393 0.904577 0.962414
0.779295 0.791054 0.698648 0.832265 0.903311 0.944734 0.985974 0.905252 0.986721 0.738252 0.924526 0.888090 0.958351 0.821860 0.940955 0.928761 0.839030 0.845640 0.936674 0.831973 0.717950 0.828958 0.930548 0.837480 0.683113 0.629362 0.914040 0.688492 0.827017 0.786492 0.987257 0.762462 0.858747 0.993717 0.845962 0.870907 0.000000 0.628445 0.854957 0.811607 0.776006 0.753422 0.875680 0.871638 0.853918 0.863003 0.875268 0.914876 0.966356 0.883296 0.777511 0.727700 0.801199 0.795984 0.839524 0.854895 0.665127 0.640870 0.688665 0.793100 0.929667 0.864762 0.929959 0.962520 0.720724 0.971429 0.783271 0.892261 0.693172 0.777998 0.940967 0.914074 0.957386 0.858878 0.894756 0.822862 0.987908 0.853301 0.728482 0.862464 0.875332 0.910296 0.960196 0.868561 0.913705 0.877336 0.955397 0.827977 0.736116 0.726061 0.922510 0.954410 0.865756 0.799396 0.939325 0.837190 0.747274 0.877360 0.947976 0.988177 0.983887 0.796394 0.747978 0.877032 0.777409 0.686120 0.854357 0.740604 0.983093 0.819358 0.922375 0.947149 0.975167 0.980993 0.697886 0.847488
0.874944 0.870882 0.794669 0.873956 0.702204 0.903281 0.921477 0.789498 0.847699 0.687152 0.922103 0.737369 0.849318 0.822718 0.953492 0.894261 0.872550 0.926406 0.840107 0.929611 0.775481 0.814444 0.936423 0.953644 0.649906 0.614545 0.966108 0.662090 0.684386 0.703486 0.757956 0.849418 0.891215 0.916940 0.849796 0.991186 0.628445 0.000000 0.887869 0.875578 0.787259 0.707715 0.798427 0.821372 0.943185 0.967356 0.917588 0.891204 0.898188 0.696992 0.587718 0.610935 0.794305 0.738107 0.941738 0.936319 0.776023 0.806894 0.762819 0.795963 0.727741 0.712759 0.747829 0.778317 0.868597 0.948651 0.775793 0.851936 0.754780 0.944332 0.790324 0.763623 0.954428 0.949745 0.836067 0.940186 0.956716 0.874354 0.970843 0.861918 0.928855 0.935590 0.917135 0.975431 0.993424 0.989657 0.973681 0.922786 0.893391 0.892455 0.892573 0.739871 0.758303 0.675334 0.982317 0.932647 0.786677 0.836184 0.936574 0.895174 0.976603 0.768122 0.859321 0.759078 0.791719 0.694779 0.759668 0.645663 0.956792 0.874344 0.985226 0.928074 0.937686 0.911044 0.794192 0.766201
