0.000000 0.344521 0.884766 0.935896 0.821744 0.842590 0.984229 0.646218 0.766058 0.663665 0.482865 0.335851 0.475321 0.451757 0.595665 0.616017 0.416123 0.359731 0.363198 0.301467 0.810280 0.978669 0.560726 0.669510 0.976730 0.634925 0.811809 0.826697 0.442929 0.507406 0.887213 0.854553 0.678182 0.805699 0.932134 0.853599 0.660560 0.980922 0.789345 0.823097 0.909949 0.817742 0.853413 0.812006 0.904837 0.710688 0.615306 0.684631 0.520347 0.628711 0.874484 0.946931 0.946079 0.705678 0.773161 0.909838 0.310996 0.404488 0.520208 0.647148 0.870957 0.745072 0.470536 0.392590 0.848507 0.744207 0.867884 0.784330 0.465900 0.528362 0.900627 0.997899 0.868024 0.923067 0.945728 0.898666 0.781819 0.990727 0.865333 0.728270 0.432334 0.385363 0.492455 0.573794 0.408656 0.650033 0.985845 0.620256 0.743812 0.507413 0.805771 0.655762 0.707079 0.569293 0.944935 0.940354 0.788451 0.944979 0.864909 0.895297 0.874686 0.748990 0.928038 0.922739 0.987311 0.870166 0.997372 0.720424 0.780103 0.916836 0.943935 0.841533 0.799735 0.925183 0.987225 0.871565
0.344521 0.000000 0.610881 0.907783 0.878075 0.687791 0.727611 0.759538 0.618605 0.738929 0.759192 0.375597 0.706885 0.481296 0.699310 0.604827 0.377213 0.373682 0.479426 0.337598 0.970971 0.957177 0.644745 0.686018 0.875364 0.563959 0.834289 0.708710 0.467692 0.513075 0.899746 0.957546 0.915319 0.918554 0.714122 0.837975 0.802831 0.751597 0.814428 0.737166 0.965625 0.881228 0.949415 0.826327 0.880800 0.642483 0.657910 0.776151 0.318876 0.504881 0.903803 0.962748 0.890721 0.606821 0.791236 0.963036 0.253887 0.245601 0.842895 0.800312 0.829903 0.776859 0.704471 0.524199 0.644153 0.622740 0.569634 0.619443 0.605915 0.471135 0.813686 0.679405 0.877867 0.722953 0.938714 0.985551 0.933583 0.876813 0.821192 0.726805 0.432806 0.337116 0.408232 0.450217 0.394214 0.623522 0.990618 0.555698 0.979479 0.683309 0.496800 0.446241 0.477073 0.385220 0.868370 0.944767 0.987193 0.921046 0.881322 0.879396 0.693118 0.511795 0.834401 0.824884 0.785670 0.847627 0.884316 0.567565 0.794454 0.958763 0.899709 0.996282 0.806871 0.980885 0.879235 0.808815
0.884766 0.610881 0.000000 0.444131 0.973275 0.509024 0.315881 0.583586 0.749104 0.826269 0.811876 0.917897 0.688065 0.925834 0.847018 0.997576 0.916931 0.871480 0.936373 0.842300 0.807462 0.916851 0.913022 0.987650 0.930351 0.540218 0.735695 0.852146 0.931082 0.969660 0.455345 0.493375 0.478907 0.530683 0.523478 0.825030 0.917129 0.678319 0.896988 0.874967 0.982090 0.934304 0.483497 0.563607 0.575562 0.754449 0.628943 0.570610 0.706667 0.993310 0.593258 0.617074 0.566074 0.417499 0.806780 0.937679 0.742844 0.571368 0.816741 0.970965 0.437951 0.871387 0.689169 0.881874 0.344633 0.518164 0.292458 0.359546 0.733010 0.808441 0.538802 0.488474 0.580976 0.499559 0.837245 0.962784 0.700628 0.591342 0.920124 0.938427 0.975476 0.785453 0.786090 0.816455 0.854375 0.940371 0.975433 0.935903 0.832413 0.937462 0.458521 0.597981 0.566863 0.630478 0.747907 0.897365 0.715664 0.950416 0.550720 0.467861 0.526279 0.545571 0.502474 0.531749 0.540587 0.505585 0.985745 0.751381 0.862408 0.672659 0.663162 0.598274 0.713801 0.704400 0.504281 0.971324
0.935896 0.907783 0.444131 0.000000 0.964930 0.673861 0.465292 0.429810 0.884081 0.694455 0.857433 0.799061 0.683372 0.674600 0.718636 0.724553 0.942127 0.947187 0.803495 0.882415 0.818041 0.882553 0.709924 0.747970 0.850322 0.612000 0.768290 0.985568 0.870189 0.806228 0.409309 0.483328 0.548579 0.551064 0.741421 0.894347 0.817982 0.711385 0.844193 0.938254 0.881313 0.998748 0.461041 0.524563 0.555579 0.625535 0.570266 0.544842 0.978139 0.787425 0.484082 0.472200 0.539475 0.527762 0.791345 0.967260 0.902177 0.792762 0.882787 0.932478 0.617272 0.732664 0.641688 0.811377 0.478326 0.497671 0.543353 0.530040 0.825084 0.881528 0.622978 0.538768 0.564696 0.591864 0.689152 0.934597 0.570178 0.539639 0.793717 0.809693 0.852197 0.964568 0.955052 0.977664 0.857552 0.757813 0.963568 0.921915 0.979924 0.846357 0.654797 0.792096 0.744642 0.864533 0.701576 0.821112 0.774182 0.881255 0.624748 0.566929 0.696328 0.696988 0.619874 0.715134 0.637517 0.495808 0.912787 0.874651 0.798103 0.816656 0.664941 0.646893 0.639552 0.755258 0.673147 0.806390
0.821744 0.878075 0.973275 0.964930 0.000000 0.929713 0.952012 0.922879 0.882399 0.977894 0.890665 0.822032 0.821650 0.784961 0.739068 0.771123 0.933044 0.941087 0.852406 0.827464 0.871268 0.958732 0.749447 0.666215 0.969435 0.830879 0.761056 0.735999 0.906756 0.923620 0.926012 0.928480 0.907257 0.969686 0.996025 0.867123 0.928022 0.798625 0.933707 0.985641 0.971186 0.905726 0.931406 0.916530 0.910590 0.948573 0.988108 0.896521 0.767840 0.799132 0.835752 0.873733 0.838925 0.999689 0.781871 0.978348 0.905699 0.969981 0.931123 0.998381 0.973153 0.708404 0.975940 0.955192 0.938875 0.964150 0.981933 0.910314 0.813948 0.830462 0.988679 0.929021 0.909869 0.930909 0.956236 0.976157 0.937229 0.770857 0.826216 0.948314 0.956799 0.979276 0.859735 0.894005 0.728832 0.823864 0.837345 0.735008 0.776638 0.890646 0.929124 0.928318 0.958810 0.982525 0.851928 0.992785 0.996851 0.949718 0.968186 0.883143 0.920873 0.946052 0.889139 0.995525 0.848899 0.933531 0.828095 0.992424 0.855036 0.802815 0.976088 0.853735 0.996712 0.945667 0.963155 0.828818
0.842590 0.687791 0.509024 0.673861 0.929713 0.000000 0.467339 0.677901 0.687549 0.808481 0.820405 0.895668 0.869375 0.975020 0.884772 0.934459 0.885178 0.884530 0.939495 0.825821 0.727626 0.969915 0.931257 0.992120 0.934515 0.638572 0.792840 0.922428 0.862979 0.967906 0.649393 0.693343 0.680975 0.735168 0.694999 0.969753 0.982622 0.816649 0.807885 0.948089 0.958168 0.893296 0.563858 0.655976 0.693519 0.847111 0.838183 0.755249 0.823488 0.983580 0.669171 0.704833 0.701475 0.564229 0.853170 0.785369 0.694796 0.553444 0.847175 0.904738 0.545819 0.844165 0.788306 0.952641 0.588134 0.505407 0.492704 0.525458 0.645383 0.755262 0.639121 0.588539 0.810926 0.603893 0.723969 0.786197 0.710774 0.755942 0.909205 0.849220 0.996777 0.806810 0.844529 0.806314 0.839368 0.899580 0.815959 0.842807 0.962729 0.924601 0.590562 0.627428 0.674165 0.686238 0.841082 0.924240 0.777558 0.895605 0.667027 0.556645 0.664816 0.675526 0.673095 0.753310 0.698423 0.722039 0.966354 0.806463 0.914197 0.905105 0.830907 0.699632 0.862524 0.914119 0.625142 0.998538
0.984229 0.727611 0.315881 0.465292 0.952012 0.467339 0.000000 0.438384 0.675634 0.611419 0.668411 0.956862 0.524676 0.787975 0.703678 0.779509 0.970569 0.971852 0.774939 0.888802 0.690015 0.940368 0.808659 0.940449 0.962167 0.639515 0.825630 0.953732 0.873386 0.785076 0.328580 0.438371 0.398538 0.420952 0.580720 0.884427 0.920002 0.685171 0.786919 0.886413 0.983264 0.934770 0.334351 0.421597 0.440366 0.609192 0.614977 0.496101 0.877377 0.865428 0.454748 0.483905 0.507836 0.375665 0.825930 0.857535 0.791971 0.622855 0.700092 0.918893 0.321807 0.804755 0.525933 0.713364 0.487212 0.523632 0.259036 0.331385 0.707319 0.818440 0.433607 0.386024 0.457641 0.390958 0.790529 0.816298 0.521651 0.470540 0.745965 0.775083 0.873983 0.852944 0.907792 0.892666 0.896345 0.999379 0.997476 0.944659 0.886199 0.898771 0.433137 0.551975 0.595186 0.659756 0.751773 0.677195 0.665041 0.818223 0.382759 0.331257 0.421117 0.439585 0.431266 0.423851 0.523343 0.451750 0.976080 0.716833 0.775328 0.742399 0.685133 0.535629 0.664102 0.677898 0.562392 0.950230
0.646218 0.759538 0.583586 0.429810 0.922879 0.677901 0.438384 0.000000 0.911905 0.481553 0.646891 0.496942 0.420858 0.402374 0.584813 0.543974 0.722139 0.748762 0.607791 0.701853 0.771632 0.953653 0.622968 0.708557 0.916690 0.841326 0.887696 0.787793 0.633465 0.654059 0.495543 0.469032 0.486190 0.481692 0.743825 0.927915 0.824798 0.810840 0.749097 0.973685 0.841044 0.983147 0.321388 0.363045 0.365266 0.377185 0.423790 0.389534 0.628104 0.468779 0.413523 0.423352 0.627193 0.681790 0.738289 0.918590 0.827377 0.928474 0.565818 0.681796 0.446039 0.422638 0.435819 0.500135 0.578572 0.573897 0.566765 0.564079 0.905270 0.817436 0.624659 0.659971 0.583291 0.627988 0.721981 0.860930 0.487480 0.648739 0.851723 0.765109 0.653148 0.827600 0.795818 0.917243 0.688098 0.665819 0.990591 0.785151 0.884363 0.639332 0.739005 0.895936 0.831126 0.988061 0.711734 0.743114 0.700154 0.861444 0.458818 0.388491 0.597844 0.804109 0.546958 0.681977 0.611556 0.625634 0.879725 0.916153 0.660456 0.782652 0.648222 0.471630 0.591586 0.680500 0.693919 0.791050
0.766058 0.618605 0.749104 0.884081 0.882399 0.687549 0.675634 0.911905 0.000000 0.902454 0.999454 0.792924 0.922764 0.827158 0.916573 0.972226 0.764966 0.691509 0.864899 0.690789 0.914880 0.974989 0.998852 0.905440 0.937229 0.822305 0.925599 0.985085 0.758270 0.815740 0.887887 0.944661 0.906284 0.955632 0.688325 0.935479 0.977021 0.758949 0.881543 0.837516 0.972950 0.985862 0.887351 0.973491 0.894351 0.949027 0.946134 0.967186 0.773581 0.981092 0.849978 0.774720 0.772989 0.677168 0.919728 0.944305 0.630585 0.567334 0.951637 0.961402 0.782243 0.886064 0.888978 0.835535 0.681170 0.740197 0.627552 0.767417 0.803388 0.872388 0.769718 0.626311 0.724937 0.627665 0.895827 0.898857 0.643919 0.893210 0.871217 0.864487 0.729928 0.611288 0.640823 0.641360 0.741574 0.877912 0.834963 0.769515 0.760883 0.920611 0.498446 0.443550 0.464098 0.519057 0.738271 0.837459 0.810950 0.801060 0.641382 0.659619 0.605834 0.686659 0.735208 0.696838 0.813311 0.820469 0.867201 0.655266 0.858007 0.856581 0.906473 0.716854 0.939025 0.877893 0.929933 0.808346
0.663665 0.738929 0.826269 0.694455 0.977894 0.808481 0.611419 0.481553 0.902454 0.000000 0.518968 0.558854 0.530750 0.568972 0.424186 0.449807 0.546093 0.551670 0.537249 0.656200 0.815279 0.928353 0.461199 0.639106 0.992320 0.954709 0.972432 0.946878 0.511304 0.447489 0.554393 0.554043 0.514189 0.560003 0.902325 0.828599 0.793459 0.997698 0.891023 0.868700 0.998350 0.873057 0.599130 0.587627 0.574603 0.499573 0.603494 0.543711 0.601344 0.510118 0.632025 0.631999 0.809576 0.913463 0.970934 0.993185 0.768966 0.864917 0.674600 0.961248 0.750250 0.659154 0.496042 0.451652 0.906112 0.980727 0.808590 0.893781 0.966183 0.780283 0.667422 0.731356 0.679200 0.686428 0.759207 0.887332 0.621709 0.671419 0.732582 0.563622 0.499921 0.676105 0.634603 0.737812 0.672163 0.698327 0.935156 0.857495 0.967346 0.717655 0.989914 0.976500 0.998670 0.849249 0.921822 0.866472 0.723220 0.887864 0.746622 0.633624 0.814723 0.981954 0.725705 0.633701 0.762100 0.731503 0.898681 0.990980 0.577839 0.966129 0.821860 0.742300 0.813173 0.773114 0.894231 0.686000
0.482865 0.759192 0.811876 0.857433 0.890665 0.820405 0.668411 0.646891 0.999454 0.518968 0.000000 0.552266 0.399326 0.615597 0.595442 0.614511 0.543857 0.494902 0.515012 0.618259 0.719013 0.972939 0.664406 0.740188 0.965045 0.962124 0.885502 0.996218 0.526134 0.504214 0.671567 0.728103 0.515583 0.653429 0.978538 0.963596 0.725320 0.988062 0.816945 0.995144 0.867086 0.909843 0.741706 0.713788 0.864693 0.773625 0.693699 0.715227 0.835225 0.807686 0.889398 0.946186 0.961184 0.888183 0.949353 0.970759 0.725710 0.826566 0.421646 0.626482 0.538944 0.775520 0.375886 0.344805 0.930599 0.992044 0.741957 0.886511 0.856787 0.803059 0.719926 0.713995 0.644297 0.787928 0.902903 0.912993 0.688188 0.792573 0.775538 0.627243 0.558370 0.629742 0.740506 0.780143 0.749867 0.710565 0.847204 0.798349 0.758137 0.621075 0.939986 0.896293 0.920867 0.818638 0.939045 0.873329 0.723757 0.797410 0.751369 0.742701 0.872420 0.911203 0.676851 0.678273 0.758715 0.809775 0.898695 0.940266 0.811918 0.788264 0.966472 0.823071 0.897367 0.912283 0.841548 0.927491
0.335851 0.375597 0.917897 0.799061 0.822032 0.895668 0.956862 0.496942 0.792924 0.558854 0.552266 0.000000 0.426641 0.290850 0.459413 0.383840 0.429858 0.433957 0.411996 0.346040 0.928975 0.997512 0.424063 0.453863 0.961521 0.683320 0.825320 0.747355 0.402754 0.474759 0.829006 0.770190 0.700244 0.740144 0.882372 0.751395 0.675278 0.933485 0.889784 0.801424 0.937494 0.876534 0.757838 0.740252 0.773142 0.587391 0.608646 0.632740 0.369788 0.486997 0.759457 0.833055 0.982877 0.740662 0.829623 0.910376 0.451102 0.490116 0.605433 0.677883 0.849444 0.482246 0.498650 0.384938 0.951016 0.974501 0.879479 0.843297 0.629740 0.548460 0.923299 0.964118 0.879636 0.978770 0.899144 0.958837 0.751621 0.998631 0.850695 0.767994 0.483051 0.465014 0.489742 0.651854 0.340573 0.412834 0.864235 0.482378 0.810064 0.538939 0.771944 0.633974 0.690167 0.535670 0.938973 0.855010 0.905234 0.914156 0.891313 0.854165 0.920707 0.731441 0.999834 0.968848 0.941150 0.964314 0.867090 0.734881 0.780094 0.913095 0.878884 0.857140 0.878490 0.984449 0.999287 0.750271
0.475321 0.706885 0.688065 0.683372 0.821650 0.869375 0.524676 0.420858 0.922764 0.530750 0.399326 0.426641 0.000000 0.388875 0.399505 0.460996 0.546505 0.564605 0.398015 0.546769 0.827702 0.940110 0.465538 0.671097 0.972587 0.915384 0.927163 0.965714 0.490487 0.472095 0.517702 0.541934 0.419565 0.534524 0.829567 0.964808 0.729062 0.899081 0.796949 0.975949 0.992791 0.909676 0.471031 0.496424 0.557858 0.523884 0.458069 0.450275 0.661929 0.585268 0.542892 0.604016 0.714545 0.837600 0.675014 0.986673 0.654092 0.800048 0.498813 0.719042 0.501320 0.588772 0.390504 0.369188 0.792891 0.885550 0.657825 0.772188 0.793326 0.792177 0.580618 0.681016 0.550314 0.650560 0.864411 0.936093 0.548289 0.674193 0.732050 0.769077 0.599860 0.701004 0.618369 0.823671 0.625513 0.692635 0.833741 0.683245 0.680535 0.610216 0.834995 0.995075 0.975552 0.847043 0.920512 0.767045 0.697947 0.911623 0.553791 0.500626 0.713188 0.862447 0.567295 0.624443 0.617680 0.697178 0.917915 0.959790 0.827015 0.657413 0.695534 0.592508 0.697170 0.717243 0.694918 0.896047
0.451757 0.481296 0.925834 0.674600 0.784961 0.975020 0.787975 0.402374 0.827158 0.568972 0.615597 0.290850 0.388875 0.000000 0.417763 0.327676 0.523718 0.496695 0.373377 0.395191 0.857085 0.909663 0.371974 0.413910 0.934904 0.745005 0.908869 0.813964 0.396307 0.440841 0.690019 0.540202 0.576632 0.594131 0.944435 0.896808 0.743087 0.938715 0.823641 0.754051 0.854760 0.907352 0.514839 0.530734 0.570654 0.477954 0.471486 0.485042 0.394309 0.436760 0.486688 0.610128 0.768733 0.991297 0.645901 0.937197 0.562456 0.660512 0.745524 0.824556 0.789601 0.502025 0.487922 0.456934 0.957587 0.848054 0.995544 0.990884 0.797410 0.658738 0.813166 0.944517 0.713380 0.838558 0.768530 0.871568 0.728762 0.860530 0.820083 0.697534 0.505187 0.520356 0.471879 0.714519 0.338153 0.364266 0.843362 0.463912 0.926184 0.578000 0.856537 0.679365 0.730449 0.569016 0.983841 0.798033 0.912586 0.975227 0.851416 0.693312 0.997286 0.872802 0.912897 0.926011 0.895454 0.902940 0.835890 0.802136 0.771645 0.857097 0.876011 0.735451 0.741019 0.839788 0.880916 0.708441
0.595665 0.699310 0.847018 0.718636 0.739068 0.884772 0.703678 0.584813 0.916573 0.424186 0.595442 0.459413 0.399505 0.417763 0.000000 0.299801 0.472020 0.491982 0.395346 0.527417 0.878561 0.960550 0.259656 0.449508 0.898881 0.815758 0.914496 0.930569 0.470532 0.403409 0.535658 0.531000 0.451355 0.529494 0.988500 0.900763 0.741945 0.886221 0.928874 0.992283 0.973357 0.833620 0.579729 0.595819 0.603349 0.509861 0.598604 0.495762 0.571967 0.538173 0.539650 0.566877 0.649541 0.851548 0.763986 0.984882 0.673874 0.814124 0.842377 0.906400 0.879300 0.718656 0.522288 0.488295 0.937860 0.963535 0.883994 0.974324 0.772956 0.830532 0.606377 0.730765 0.571899 0.629355 0.799892 0.940787 0.623228 0.723787 0.750529 0.642916 0.519185 0.618853 0.541022 0.758301 0.458342 0.530607 0.738578 0.603558 0.821565 0.721690 0.955018 0.929910 0.879109 0.742124 0.933189 0.861434 0.752152 0.993424 0.820816 0.673670 0.885362 0.951414 0.840089 0.651985 0.810039 0.825633 0.965914 0.881307 0.747039 0.828803 0.833873 0.755880 0.746940 0.750501 0.713909 0.835010
0.616017 0.604827 0.997576 0.724553 0.771123 0.934459 0.779509 0.543974 0.972226 0.449807 0.614511 0.383840 0.460996 0.327676 0.299801 0.000000 0.523812 0.503540 0.415205 0.548643 0.846748 0.935390 0.299099 0.367795 0.985620 0.720065 0.933612 0.843775 0.376366 0.382880 0.640815 0.575907 0.574234 0.639632 0.875107 0.862113 0.813623 0.942493 0.922068 0.885937 0.984959 0.860664 0.582385 0.557906 0.610922 0.495452 0.614716 0.568679 0.426800 0.538138 0.574624 0.641329 0.778344 0.950672 0.761344 0.959998 0.709651 0.762604 0.871054 0.965234 0.893236 0.604451 0.558357 0.504637 0.917330 0.956883 0.993967 0.974975 0.882753 0.781317 0.794493 0.805613 0.701733 0.733062 0.774796 0.924812 0.715710 0.772834 0.705009 0.645419 0.558285 0.633426 0.498618 0.766828 0.463527 0.400480 0.793838 0.505577 0.993206 0.713607 0.804782 0.773233 0.738902 0.594469 0.993513 0.748364 0.871120 0.997341 0.915101 0.768609 0.987855 0.901610 0.998980 0.839241 0.915522 0.994562 0.907991 0.815436 0.749876 0.951666 0.945502 0.875134 0.807586 0.830381 0.940717 0.760985
0.416123 0.377213 0.916931 0.942127 0.933044 0.885178 0.970569 0.722139 0.764966 0.546093 0.543857 0.429858 0.546505 0.523718 0.472020 0.523812 0.000000 0.274966 0.410227 0.387164 0.891142 0.978185 0.534814 0.653321 0.848572 0.691082 0.869224 0.967299 0.344651 0.292961 0.768120 0.704611 0.618238 0.646014 0.882912 0.886858 0.725712 0.841134 0.857697 0.779619 0.832951 0.840936 0.800013 0.706092 0.772200 0.549522 0.625337 0.598998 0.519204 0.559507 0.828525 0.932709 0.998972 0.789748 0.818880 0.967580 0.332945 0.414823 0.798578 0.867119 0.973911 0.877573 0.471248 0.340818 0.789819 0.643598 0.856627 0.823223 0.741925 0.562727 0.910696 0.982179 0.892448 0.940875 0.895698 0.985870 0.829606 0.858364 0.581764 0.583687 0.264604 0.328085 0.452148 0.413528 0.467165 0.629564 0.913357 0.584825 0.944546 0.732429 0.595217 0.540482 0.534096 0.466864 0.919087 0.903257 0.891801 0.751789 0.941270 0.974153 0.844752 0.669465 0.958881 0.829855 0.958014 0.993664 0.868455 0.598235 0.703884 0.940826 0.935052 0.984857 0.771692 0.835757 0.862855 0.771790
0.359731 0.373682 0.871480 0.947187 0.941087 0.884530 0.971852 0.748762 0.691509 0.551670 0.494902 0.433957 0.564605 0.496695 0.491982 0.503540 0.274966 0.000000 0.329882 0.371561 0.808723 0.947468 0.521987 0.624000 0.824807 0.666486 0.838158 0.914919 0.348790 0.268026 0.793337 0.720651 0.636005 0.661777 0.722581 0.894743 0.737118 0.865559 0.794813 0.841189 0.838961 0.806640 0.816729 0.704198 0.822057 0.592866 0.644882 0.614828 0.518680 0.613790 0.850987 0.922337 0.958205 0.805449 0.873255 0.995067 0.341993 0.432540 0.823109 0.917307 0.993016 0.989883 0.446071 0.359847 0.723362 0.632189 0.817142 0.772715 0.713650 0.668707 0.913375 0.963098 0.845765 0.996093 0.952372 0.984247 0.805448 0.848792 0.588590 0.482061 0.259471 0.287138 0.374700 0.439084 0.470947 0.626244 0.998392 0.579041 0.989754 0.750648 0.599052 0.552859 0.506974 0.449565 0.897413 0.842612 0.946787 0.828769 0.940294 0.993727 0.769680 0.691943 0.949905 0.898312 0.945142 0.994727 0.932458 0.638310 0.716957 0.938493 0.921166 0.974767 0.738566 0.846081 0.909560 0.849662
0.363198 0.479426 0.936373 0.803495 0.852406 0.939495 0.774939 0.607791 0.864899 0.537249 0.515012 0.411996 0.398015 0.373377 0.395346 0.415205 0.410227 0.329882 0.000000 0.388637 0.799256 0.978463 0.358244 0.508740 0.906042 0.652013 0.890703 0.951624 0.384449 0.362647 0.697662 0.588400 0.517348 0.621563 0.917803 0.925104 0.655231 0.981963 0.800528 0.866092 0.999065 0.865891 0.630194 0.603056 0.680920 0.540755 0.500064 0.515059 0.506717 0.547801 0.622034 0.740631 0.785190 0.992591 0.715526 0.968846 0.417783 0.573240 0.772295 0.966143 0.869077 0.822315 0.451073 0.416460 0.952224 0.816060 0.992525 0.914004 0.643837 0.678759 0.746706 0.857092 0.710003 0.856629 0.913268 0.887647 0.704913 0.812482 0.692605 0.575739 0.418365 0.439319 0.416165 0.566274 0.396108 0.591634 0.833665 0.556560 0.847574 0.614950 0.848927 0.761613 0.709204 0.647885 0.928912 0.717960 0.839424 0.970117 0.863488 0.763466 0.979947 0.830805 0.881484 0.771931 0.924485 0.772739 0.998511 0.693821 0.701489 0.883483 0.919883 0.791602 0.657246 0.738002 0.881206 0.838634
0.301467 0.337598 0.842300 0.882415 0.827464 0.825821 0.888802 0.701853 0.690789 0.656200 0.618259 0.346040 0.546769 0.395191 0.527417 0.548643 0.387164 0.371561 0.388637 0.000000 0.924501 0.984854 0.448649 0.524771 0.941410 0.663762 0.849325 0.885416 0.423505 0.474112 0.910374 0.855237 0.724983 0.831136 0.830258 0.815667 0.687793 0.990620 0.848056 0.748306 0.990696 0.771410 0.874015 0.828929 0.833100 0.618011 0.624182 0.632844 0.425628 0.452450 0.781287 0.880363 0.961305 0.730289 0.689703 0.895462 0.288591 0.379842 0.744622 0.808897 0.938292 0.711152 0.633216 0.503802 0.853353 0.727924 0.741914 0.720094 0.448834 0.493227 0.970004 0.801454 0.952621 0.843016 0.860226 0.966244 0.841309 0.955290 0.854582 0.775356 0.442396 0.330976 0.397328 0.441052 0.304997 0.569141 0.911723 0.541612 0.860651 0.538423 0.643043 0.541369 0.621014 0.500398 0.993718 0.973576 0.936861 0.928669 0.917192 0.992124 0.800872 0.608361 0.934532 0.956483 0.999382 0.957023 0.937608 0.664577 0.823528 0.963995 0.907332 0.943292 0.812035 0.880778 0.949557 0.802359
0.810280 0.970971 0.807462 0.818041 0.871268 0.727626 0.690015 0.771632 0.914880 0.815279 0.719013 0.928975 0.827702 0.857085 0.878561 0.846748 0.891142 0.808723 0.799256 0.924501 0.000000 0.839174 0.952533 0.931561 0.888811 0.841361 0.997877 0.920088 0.854632 0.868569 0.591972 0.681133 0.736998 0.735733 0.946658 0.931374 0.983586 0.983835 0.766817 0.856002 0.996627 0.866192 0.694942 0.724286 0.879976 0.851422 0.832854 0.812487 0.990458 0.916927 0.792368 0.775368 0.839664 0.763268 0.921802 0.855762 0.975807 0.928043 0.847438 0.912505 0.746885 0.914177 0.620890 0.762107 0.999022 0.899743 0.834917 0.815457 0.917450 0.921864 0.696759 0.768529 0.734483 0.636823 0.810575 0.768366 0.908331 0.789337 0.759057 0.709673 0.783255 0.858178 0.936074 0.993013 0.975663 0.964560 0.756624 0.911117 0.972263 0.801516 0.863426 0.967720 0.978874 0.916326 0.922392 0.806877 0.840549 0.964216 0.770713 0.870231 0.887047 0.852676 0.765815 0.742221 0.869294 0.806196 0.942156 0.925002 0.839186 0.946368 0.988093 0.922155 0.879133 0.942818 0.807426 0.842226
0.978669 0.957177 0.916851 0.882553 0.958732 0.969915 0.940368 0.953653 0.974989 0.928353 0.972939 0.997512 0.940110 0.909663 0.960550 0.935390 0.978185 0.947468 0.978463 0.984854 0.839174 0.000000 0.988925 0.974962 0.972907 0.782337 0.808266 0.961336 0.971818 0.901016 0.914811 0.966639 0.872764 0.846712 0.963182 0.728758 0.863908 0.781219 0.935412 0.958663 0.996178 0.998177 0.989591 0.980368 0.975626 0.971549 0.927736 0.889905 0.878198 0.897252 0.894512 0.958507 0.886650 0.889888 0.898159 0.848547 0.977081 0.966793 0.978583 0.999499 0.978170 0.953535 0.938847 0.962097 0.974142 0.989776 0.885521 0.926060 0.957609 0.907471 0.908760 0.968244 0.997527 0.992799 0.787449 0.949068 0.894035 0.878230 0.947533 0.973748 0.956207 0.965045 0.932504 0.919316 0.993444 0.927504 0.858465 0.981069 0.976000 0.992413 0.949574 0.950427 0.971151 0.978632 0.924655 0.967957 0.917763 0.994128 0.985985 0.965707 0.947237 0.969747 0.934022 0.979050 0.912553 0.793195 0.870373 0.948630 0.998157 0.836345 0.899022 0.949605 0.955979 0.924275 0.783318 0.950670
0.560726 0.644745 0.913022 0.709924 0.749447 0.931257 0.808659 0.622968 0.998852 0.461199 0.664406 0.424063 0.465538 0.371974 0.259656 0.299099 0.534814 0.521987 0.358244 0.448649 0.952533 0.988925 0.000000 0.369211 0.999294 0.702419 0.847620 0.980443 0.462731 0.440821 0.658396 0.621326 0.537690 0.668004 0.873510 0.888134 0.692398 0.884901 0.976015 0.944645 0.985541 0.765365 0.701024 0.702955 0.689411 0.588948 0.617853 0.570746 0.516119 0.497326 0.564533 0.635615 0.713764 0.932879 0.768835 0.874176 0.635328 0.765032 0.894002 0.862540 0.996839 0.688707 0.648153 0.576114 0.980764 0.916424 0.992259 0.870400 0.668445 0.731687 0.704274 0.851082 0.628333 0.737538 0.792946 0.927827 0.694809 0.822407 0.859700 0.741532 0.594995 0.574980 0.497800 0.720963 0.385487 0.485623 0.708497 0.530570 0.845565 0.682313 0.897678 0.860106 0.841178 0.697760 0.945484 0.801847 0.803471 0.952344 0.918001 0.784119 0.986248 0.875612 0.969455 0.747385 0.916931 0.832641 0.959202 0.872126 0.696142 0.927796 0.854034 0.821106 0.808145 0.810658 0.888759 0.780987
0.669510 0.686018 0.987650 0.747970 0.666215 0.992120 0.940449 0.708557 0.905440 0.639106 0.740188 0.453863 0.671097 0.413910 0.449508 0.367795 0.653321 0.624000 0.508740 0.524771 0.931561 0.974962 0.369211 0.000000 0.983069 0.777017 0.962248 0.937848 0.519021 0.566501 0.810293 0.716019 0.714646 0.790342 0.861089 0.778765 0.799383 0.950264 0.945720 0.784969 0.888321 0.938814 0.804953 0.773229 0.782476 0.674345 0.784418 0.694722 0.529765 0.592637 0.677681 0.784759 0.865684 0.969934 0.787733 0.888579 0.761639 0.828156 0.967086 0.930163 0.955408 0.644247 0.724737 0.680253 0.951571 0.981027 0.900530 0.856003 0.818132 0.730018 0.870710 0.961686 0.907707 0.912979 0.774939 0.919947 0.826005 0.996782 0.889659 0.761113 0.644552 0.638245 0.618677 0.713834 0.404029 0.406568 0.755312 0.493212 0.917453 0.649352 0.776554 0.739479 0.694111 0.626558 0.853367 0.845513 0.960093 0.895524 0.933116 0.916428 0.843854 0.818595 0.886481 0.994191 0.986750 0.996720 0.983121 0.820282 0.862909 0.915919 0.997068 0.906305 0.991199 0.968787 0.930768 0.727034
0.976730 0.875364 0.930351 0.850322 0.969435 0.934515 0.962167 0.916690 0.937229 0.992320 0.965045 0.961521 0.972587 0.934904 0.898881 0.985620 0.848572 0.824807 0.906042 0.941410 0.888811 0.972907 0.999294 0.983069 0.000000 0.758206 0.978761 0.911546 0.942221 0.895795 0.842676 0.784189 0.921830 0.820691 0.929202 0.905170 0.937787 0.977376 0.773146 0.908784 0.960043 0.892906 0.841183 0.773161 0.871684 0.827455 0.723929 0.749472 0.977785 0.895511 0.819960 0.692029 0.703605 0.822329 0.866760 0.752116 0.865674 0.940276 0.898822 0.951724 0.942821 0.818183 0.863572 0.924139 0.910980 0.990162 0.985112 0.991772 0.788540 0.967174 0.850497 0.916189 0.954536 0.886926 0.932824 0.846470 0.823487 0.885350 0.849501 0.748096 0.754050 0.736311 0.861183 0.924342 0.894624 0.913934 0.992030 0.921318 0.978384 0.909269 0.944565 0.887514 0.970180 0.898528 0.935095 0.975449 0.985696 0.886057 0.936159 0.964939 0.950077 0.889699 0.851217 0.999179 0.960586 0.975884 0.995260 0.936224 0.978941 0.908448 0.990996 0.856161 0.724774 0.794748 0.789401 0.907943
0.634925 0.563959 0.540218 0.612000 0.830879 0.638572 0.639515 0.841326 0.822305 0.954709 0.962124 0.683320 0.915384 0.745005 0.815758 0.720065 0.691082 0.666486 0.652013 0.663762 0.841361 0.782337 0.702419 0.777017 0.758206 0.000000 0.723269 0.970467 0.678857 0.743761 0.656674 0.819461 0.844320 0.766816 0.631614 0.746289 0.882447 0.754058 0.907194 0.815375 0.928761 0.920568 0.791055 0.839796 0.810242 0.959835 0.910334 0.850469 0.590697 0.836581 0.834412 0.733100 0.758298 0.551001 0.942433 0.919428 0.542847 0.542918 0.956184 0.924729 0.665466 0.957868 0.964716 0.842171 0.524844 0.570079 0.521130 0.468300 0.602607 0.701039 0.728766 0.757180 0.797373 0.715198 0.893522 0.872962 0.818621 0.724444 0.945691 0.964832 0.810295 0.706382 0.628671 0.778961 0.655760 0.764404 0.787458 0.685736 0.950795 0.827270 0.557701 0.633231 0.567447 0.601812 0.714344 0.955296 0.869037 0.813092 0.709104 0.729944 0.672167 0.574350 0.625186 0.843000 0.634651 0.687325 0.961188 0.710948 0.967786 0.915635 0.725356 0.693926 0.890472 0.895999 0.657936 0.943568
0.811809 0.834289 0.735695 0.768290 0.761056 0.792840 0.825630 0.887696 0.925599 0.972432 0.885502 0.825320 0.927163 0.908869 0.914496 0.933612 0.869224 0.838158 0.890703 0.849325 0.997877 0.808266 0.847620 0.962248 0.978761 0.723269 0.000000 0.889973 0.957966 0.935994 0.811045 0.832894 0.861621 0.772989 0.706489 0.873451 0.992334 0.985500 0.945098 0.949579 0.994282 0.900037 0.747113 0.745638 0.755982 0.822292 0.835439 0.790405 0.874889 0.901908 0.844606 0.876192 0.852755 0.759139 0.907231 0.849261 0.816694 0.893216 0.989351 0.971148 0.808166 0.984384 0.917880 0.996958 0.715665 0.769717 0.701199 0.594454 0.783090 0.834631 0.872972 0.871589 0.987820 0.944867 0.913486 0.979076 0.961730 0.835845 0.972524 0.956038 0.903119 0.835090 0.808503 0.920049 0.891495 0.954654 0.890289 0.863522 0.840818 0.998208 0.957136 0.950188 0.874687 0.949812 0.831911 0.963342 0.929090 0.974451 0.873458 0.866607 0.922472 0.919185 0.825955 0.984199 0.793847 0.841191 0.998505 0.901559 0.793747 0.871521 0.903011 0.917549 0.878727 0.753440 0.822596 0.971848
0.826697 0.708710 0.852146 0.985568 0.735999 0.922428 0.953732 0.787793 0.985085 0.946878 0.996218 0.747355 0.965714 0.813964 0.930569 0.843775 0.967299 0.914919 0.951624 0.885416 0.920088 0.961336 0.980443 0.937848 0.911546 0.970467 0.889973 0.000000 0.987359 0.997221 0.904388 0.916381 0.957486 0.965795 0.931523 0.846878 0.961544 0.976543 0.962372 0.978492 0.971248 0.926652 0.907195 0.884187 0.878778 0.857656 0.965686 0.845464 0.697779 0.792424 0.875325 0.813775 0.943574 0.953747 0.907628 0.912656 0.872792 0.864053 0.948902 0.886274 0.960825 0.756322 0.949634 0.948457 0.929467 0.907678 0.911366 0.903050 0.992262 0.861403 0.927103 0.923257 0.987445 0.919863 0.991960 0.963054 0.894260 0.880446 0.975246 0.895157 0.931271 0.991179 0.958938 0.965018 0.808619 0.818044 0.906198 0.942396 0.836211 0.928840 0.997284 0.996889 0.976550 0.966111 0.895375 0.945122 0.946939 0.760781 0.877457 0.896805 0.888929 0.947522 0.893679 0.840049 0.889781 0.842041 0.970732 0.933308 0.942590 0.998496 0.948052 0.865173 0.853893 0.952969 0.941489 0.934962
0.442929 0.467692 0.931082 0.870189 0.906756 0.862979 0.873386 0.633465 0.758270 0.511304 0.526134 0.402754 0.490487 0.396307 0.470532 0.376366 0.344651 0.348790 0.384449 0.423505 0.854632 0.971818 0.462731 0.519021 0.942221 0.678857 0.957966 0.987359 0.000000 0.277287 0.674359 0.621375 0.548998 0.579562 0.855035 0.927605 0.733046 0.858588 0.902418 0.809407 0.903557 0.867944 0.696028 0.608320 0.698849 0.498028 0.653216 0.559340 0.482690 0.572618 0.741424 0.860898 0.955934 0.867963 0.804595 0.938750 0.483425 0.528008 0.731140 0.855004 0.881725 0.742891 0.456649 0.353138 0.819206 0.806534 0.938037 0.925183 0.730051 0.575155 0.892397 0.937535 0.803115 0.931513 0.877436 0.943081 0.821452 0.794538 0.589011 0.615415 0.339345 0.410718 0.436844 0.480340 0.438772 0.575331 0.882344 0.503154 0.943017 0.731837 0.687841 0.585858 0.585171 0.481829 0.936318 0.819546 0.919731 0.830726 0.995826 0.865913 0.896314 0.828292 0.962318 0.880039 0.948185 0.965594 0.935890 0.705622 0.731538 0.984119 0.985597 0.963456 0.790694 0.842155 0.952848 0.711103
0.507406 0.513075 0.969660 0.806228 0.923620 0.967906 0.785076 0.654059 0.815740 0.447489 0.504214 0.474759 0.472095 0.440841 0.403409 0.382880 0.292961 0.268026 0.362647 0.474112 0.868569 0.901016 0.440821 0.566501 0.895795 0.743761 0.935994 0.997221 0.277287 0.000000 0.619106 0.550258 0.467949 0.478887 0.822112 0.989200 0.766982 0.918979 0.872781 0.823937 0.857447 0.850582 0.658168 0.558406 0.643660 0.488314 0.576038 0.498990 0.550862 0.590471 0.678080 0.803404 0.858718 0.971110 0.777521 0.948576 0.501053 0.598173 0.840669 0.979813 0.878471 0.877326 0.404788 0.325788 0.846824 0.784678 0.990526 0.977696 0.870054 0.693635 0.831013 0.867477 0.761910 0.856871 0.904282 0.986557 0.779862 0.694642 0.462534 0.474906 0.273741 0.390085 0.405788 0.455339 0.501704 0.586079 0.870445 0.561885 0.952143 0.813529 0.664601 0.603297 0.552860 0.486500 0.892500 0.833732 0.905908 0.806365 0.988747 0.890292 0.914001 0.812609 0.944802 0.792847 0.965366 0.922601 0.945371 0.712549 0.683119 0.878167 0.958037 0.946940 0.711946 0.764087 0.865525 0.758554
0.887213 0.899746 0.455345 0.409309 0.926012 0.649393 0.328580 0.495543 0.887887 0.554393 0.671567 0.829006 0.517702 0.690019 0.535658 0.640815 0.768120 0.793337 0.697662 0.910374 0.591972 0.914811 0.658396 0.810293 0.842676 0.656674 0.811045 0.904388 0.674359 0.619106 0.000000 0.356185 0.357615 0.320998 0.713341 0.866061 0.885510 0.752398 0.786671 0.992052 0.960965 0.926942 0.348119 0.420300 0.498675 0.537019 0.582909 0.430973 0.961503 0.835514 0.456795 0.450015 0.509874 0.457654 0.815681 0.923439 0.945699 0.815813 0.801765 0.995198 0.527195 0.907834 0.436445 0.608115 0.630267 0.706844 0.474113 0.493333 0.829421 0.834170 0.380952 0.475584 0.434602 0.403692 0.792586 0.846874 0.574239 0.370209 0.597501 0.614760 0.675006 0.887432 0.891155 0.934198 0.901991 0.845699 0.982452 0.889506 0.959033 0.915456 0.663927 0.824331 0.804425 0.961115 0.759477 0.765610 0.663487 0.882503 0.563701 0.494908 0.606755 0.582698 0.460148 0.486619 0.558320 0.543751 0.895268 0.864511 0.738452 0.851336 0.710784 0.683920 0.651252 0.658158 0.534323 0.766082
0.854553 0.957546 0.493375 0.483328 0.928480 0.693343 0.438371 0.469032 0.944661 0.554043 0.728103 0.770190 0.541934 0.540202 0.531000 0.575907 0.704611 0.720651 0.588400 0.855237 0.681133 0.966639 0.621326 0.716019 0.784189 0.819461 0.832894 0.916381 0.621375 0.550258 0.356185 0.000000 0.393227 0.332361 0.732864 0.858391 0.888173 0.869454 0.772221 0.918981 0.991212 0.935465 0.329351 0.361259 0.436261 0.472915 0.474825 0.394632 0.863189 0.730135 0.415676 0.466406 0.509316 0.549967 0.767197 0.784236 0.949711 0.912385 0.940584 0.898374 0.631844 0.816830 0.468073 0.587906 0.720057 0.737996 0.580963 0.607338 0.786357 0.976910 0.495188 0.611414 0.529262 0.520922 0.664021 0.851267 0.636657 0.419995 0.625174 0.578669 0.589695 0.785780 0.727983 0.898025 0.760361 0.696588 0.893255 0.779848 0.922219 0.917648 0.844290 0.974809 0.965094 0.927031 0.830564 0.681558 0.799125 0.971954 0.670514 0.489970 0.766884 0.757133 0.615761 0.594451 0.691990 0.645369 0.893669 0.991527 0.762439 0.831501 0.826979 0.631978 0.583204 0.660843 0.529292 0.661198
0.678182 0.915319 0.478907 0.548579 0.907257 0.680975 0.398538 0.486190 0.906284 0.514189 0.515583 0.700244 0.419565 0.576632 0.451355 0.574234 0.618238 0.636005 0.517348 0.724983 0.736998 0.872764 0.537690 0.714646 0.921830 0.844320 0.861621 0.957486 0.548998 0.467949 0.357615 0.393227 0.000000 0.343935 0.759947 0.819780 0.675283 0.757472 0.751135 0.938029 0.941603 0.905737 0.428598 0.412270 0.456676 0.451513 0.528053 0.381072 0.883750 0.686845 0.453519 0.550719 0.587142 0.636451 0.737943 0.963782 0.844595 0.994492 0.698476 0.977436 0.545316 0.785266 0.397945 0.458678 0.661860 0.852683 0.505695 0.582334 0.968166 0.858710 0.483110 0.548509 0.490146 0.580867 0.792790 0.935909 0.585225 0.467072 0.706109 0.619862 0.555732 0.735985 0.786088 0.764799 0.718908 0.749895 0.972533 0.753061 0.836244 0.756550 0.816789 0.935149 0.959818 0.926268 0.827064 0.793258 0.615012 0.934684 0.615691 0.547216 0.693009 0.745287 0.543235 0.492581 0.639315 0.523350 0.962103 0.996408 0.701430 0.780564 0.727272 0.560696 0.564712 0.685191 0.559311 0.836893
0.805699 0.918554 0.530683 0.551064 0.969686 0.735168 0.420952 0.481692 0.955632 0.560003 0.653429 0.740144 0.534524 0.594131 0.529494 0.639632 0.646014 0.661777 0.621563 0.831136 0.735733 0.846712 0.668004 0.790342 0.820691 0.766816 0.772989 0.965795 0.579562 0.478887 0.320998 0.332361 0.343935 0.000000 0.754595 0.733489 0.840033 0.798219 0.780694 0.918406 0.980929 0.986686 0.381200 0.367431 0.431385 0.434982 0.499686 0.391186 0.887325 0.743336 0.498710 0.561732 0.609663 0.639708 0.771723 0.885182 0.872613 0.975216 0.788396 0.934240 0.538732 0.833993 0.373061 0.475924 0.678346 0.781862 0.546540 0.517044 0.876793 0.995747 0.541254 0.631983 0.574708 0.588701 0.830041 0.900070 0.682200 0.470908 0.577853 0.597765 0.520948 0.725877 0.779312 0.727045 0.762991 0.759736 0.992147 0.735383 0.992500 0.878370 0.892287 0.951314 0.971573 0.879736 0.832880 0.778947 0.727674 0.977435 0.677732 0.593293 0.721800 0.778244 0.588781 0.587490 0.681947 0.633782 0.880113 0.967686 0.706258 0.787658 0.824069 0.689547 0.596035 0.690025 0.516517 0.733565
0.932134 0.714122 0.523478 0.741421 0.996025 0.694999 0.580720 0.743825 0.688325 0.902325 0.978538 0.882372 0.829567 0.944435 0.988500 0.875107 0.882912 0.722581 0.917803 0.830258 0.946658 0.963182 0.873510 0.861089 0.929202 0.631614 0.706489 0.931523 0.855035 0.822112 0.713341 0.732864 0.759947 0.754595 0.000000 0.929559 0.945541 0.717457 0.906526 0.989175 0.962918 0.869770 0.650689 0.760688 0.697937 0.814179 0.745861 0.711345 0.734259 0.957700 0.724459 0.753504 0.698505 0.630259 0.781276 0.827454 0.838435 0.779730 0.760333 0.802965 0.550139 0.844395 0.849054 0.991431 0.514928 0.621509 0.449342 0.464857 0.891821 0.917716 0.781207 0.721533 0.840880 0.793798 0.943046 0.929871 0.769130 0.843605 0.959877 0.802351 0.882703 0.726634 0.710443 0.826368 0.876860 0.861331 0.839258 0.879835 0.776502 0.971508 0.570941 0.669094 0.615844 0.663831 0.707940 0.913487 0.763501 0.653638 0.583447 0.572459 0.588809 0.640387 0.584360 0.689211 0.530643 0.632484 0.984249 0.787506 0.914973 0.881138 0.757826 0.613021 0.856645 0.757973 0.585860 0.842576
0.853599 0.837975 0.825030 0.894347 0.867123 0.969753 0.884427 0.927915 0.935479 0.828599 0.963596 0.751395 0.964808 0.896808 0.900763 0.862113 0.886858 0.894743 0.925104 0.815667 0.931374 0.728758 0.888134 0.778765 0.905170 0.746289 0.873451 0.846878 0.927605 0.989200 0.866061 0.858391 0.819780 0.733489 0.929559 0.000000 0.976288 0.820276 0.974676 0.970513 0.939991 0.970777 0.931346 0.926973 0.906115 0.988260 0.898333 0.990631 0.795751 0.818074 0.992506 0.987556 0.894831 0.834803 0.991439 0.954255 0.898389 0.939381 0.921182 0.935252 0.931432 0.828440 0.990140 0.951536 0.903628 0.950714 0.790793 0.756187 0.925205 0.814364 0.964685 0.890075 0.892458 0.912500 0.952139 0.933745 0.912946 0.700077 0.952218 0.974430 0.913476 0.958583 0.935317 0.960590 0.837730 0.852658 0.874713 0.995283 0.814026 0.873930 0.932203 0.983768 0.930865 0.962588 0.959278 0.944358 0.872645 0.964779 0.965937 0.993518 0.993169 0.834430 0.875059 0.913584 0.900800 0.846333 0.896387 0.895789 0.857785 0.869783 0.991339 0.924945 0.760233 0.873196 0.780702 0.993282
0.660560 0.802831 0.917129 0.817982 0.928022 0.982622 0.920002 0.824798 0.977021 0.793459 0.725320 0.675278 0.729062 0.743087 0.741945 0.813623 0.725712 0.737118 0.655231 0.687793 0.983586 0.863908 0.692398 0.799383 0.937787 0.882447 0.992334 0.961544 0.733046 0.766982 0.885510 0.888173 0.675283 0.840033 0.945541 0.976288 0.000000 0.931850 0.948539 0.870030 0.961208 0.995285 0.977149 0.926899 0.995893 0.874635 0.779174 0.898368 0.943887 0.873588 0.847681 0.953076 0.998506 0.888080 0.871427 0.797722 0.709367 0.792631 0.732856 0.831808 0.941081 0.886242 0.710692 0.676728 0.867816 0.931175 0.962305 0.924982 0.694463 0.735202 0.795498 0.904642 0.920611 0.944566 0.860289 0.948969 0.780322 0.889495 0.905844 0.908773 0.748967 0.661406 0.878823 0.902088 0.686481 0.712815 0.906162 0.803752 0.777559 0.645829 0.977503 0.933727 0.989617 0.888705 0.854354 0.892967 0.683225 0.883037 0.891384 0.908096 0.983328 0.856074 0.822753 0.866585 0.983589 0.701654 0.927920 0.919910 0.803197 0.849569 0.799480 0.742393 0.921354 0.971416 0.968258 0.800880
0.980922 0.751597 0.678319 0.711385 0.798625 0.816649 0.685171 0.810840 0.758949 0.997698 0.988062 0.933485 0.899081 0.938715 0.886221 0.942493 0.841134 0.865559 0.981963 0.990620 0.983835 0.781219 0.884901 0.950264 0.977376 0.754058 0.985500 0.976543 0.858588 0.918979 0.752398 0.869454 0.757472 0.798219 0.717457 0.820276 0.931850 0.000000 0.996986 0.997989 0.919166 0.808496 0.767319 0.884743 0.814255 0.940007 0.900717 0.834986 0.805777 0.963692 0.668666 0.742487 0.651809 0.640878 0.819949 0.901990 0.868668 0.728112 0.927235 0.917931 0.799747 0.907705 0.904650 0.944905 0.645601 0.734541 0.676934 0.728401 0.882060 0.874644 0.674539 0.729975 0.644766 0.695227 0.998282 0.832658 0.865583 0.777959 0.876451 0.833785 0.937018 0.878580 0.800267 0.869606 0.960305 0.927301 0.924408 0.915740 0.835658 0.969019 0.584031 0.666059 0.663992 0.667241 0.769593 0.869368 0.669138 0.753572 0.748668 0.713062 0.659382 0.707709 0.731380 0.820331 0.811266 0.622787 0.944634 0.753474 0.956823 0.831624 0.690640 0.735413 0.856230 0.749052 0.677477 0.913624
