0.000000 0.293836 0.757852 0.718744 0.969198 0.855341 0.661545 0.693979 0.914943 0.772853 0.411163 0.462709 0.495279 0.416457 0.772518 0.746243 0.411284 0.284094 0.391610 0.356072 0.740980 0.823487 0.965813 0.737895 0.839652 0.933309 0.919382 0.945935 0.780998 0.681809 0.740455 0.949239 0.625791 0.610387 0.836398 0.749195 0.806655 0.708912 0.854136 0.794726 0.830746 0.832310 0.766928 0.700565 0.823055 0.779169 0.580770 0.715095 0.810447 0.741754 0.874840 0.796692 0.979889 0.656492 0.509350 0.640501 0.285379 0.311544 0.488671 0.547916 0.677057 0.924806 0.571673 0.618450 0.792876 0.696341 0.673859 0.708675 0.383847 0.524734 0.961658 0.910780 0.818609 0.942934 0.778339 0.811684 0.829324 0.942029 0.781415 0.579468 0.309443 0.265851 0.571348 0.373847 0.523927 0.549009 0.649033 0.686533 0.670799 0.541471 0.733942 0.877287 0.649207 0.813825 0.795795 0.988996 0.726564 0.860392 0.711581 0.801850 0.940122 0.908460 0.807018 0.760478 0.881595 0.877035 0.923518 0.897026 0.925249 0.920438 0.862311 0.872181 0.944794 0.881961 0.984660 0.980326
0.293836 0.000000 0.635925 0.585331 0.905812 0.827881 0.590710 0.631228 0.983902 0.809310 0.559336 0.498343 0.441859 0.392561 0.661566 0.608187 0.425803 0.308350 0.416629 0.333286 0.739101 0.784871 0.776606 0.631155 0.740378 0.851268 0.871203 0.977366 0.769153 0.663151 0.819108 0.905706 0.589471 0.589912 0.806850 0.861921 0.803584 0.673613 0.800593 0.776409 0.830441 0.833187 0.655160 0.615922 0.749943 0.714207 0.511493 0.607696 0.766286 0.651879 0.748092 0.659716 0.876631 0.717612 0.509304 0.656459 0.245489 0.212608 0.433463 0.423330 0.578299 0.808723 0.548545 0.550255 0.683869 0.594508 0.587302 0.616689 0.468621 0.506025 0.903922 0.991991 0.872727 0.843008 0.827687 0.968987 0.775327 0.923664 0.663901 0.608271 0.326479 0.297787 0.507248 0.410790 0.416380 0.444661 0.654782 0.566374 0.634756 0.498372 0.734044 0.867388 0.573030 0.825252 0.701778 0.957852 0.707750 0.877056 0.706861 0.768832 0.951220 0.964439 0.799583 0.772939 0.761015 0.728481 0.974259 0.977479 0.866010 0.868303 0.744767 0.780333 0.921235 0.835599 0.809736 0.948829
0.757852 0.635925 0.000000 0.266374 0.618214 0.804397 0.340495 0.416994 0.569766 0.985071 0.952284 0.729856 0.509577 0.707490 0.571192 0.614444 0.958355 0.923237 0.724373 0.671779 0.681378 0.909665 0.397088 0.440291 0.416106 0.436339 0.802873 0.959147 0.990877 0.922282 0.711129 0.787553 0.538105 0.659669 0.649676 0.731673 0.559360 0.635253 0.801447 0.853123 0.868203 0.827772 0.758044 0.761248 0.729619 0.802640 0.735855 0.840457 0.981854 0.954126 0.952233 0.889121 0.901658 0.937487 0.640212 0.877753 0.779320 0.732548 0.722402 0.779057 0.327770 0.438156 0.964194 0.869709 0.288474 0.265327 0.459685 0.495613 0.688577 0.858091 0.622514 0.624548 0.775024 0.738448 0.948771 0.813560 0.832306 0.718544 0.935282 0.935640 0.875428 0.801262 0.868759 0.832629 0.412823 0.381985 0.774770 0.857338 0.662706 0.626679 0.635601 0.959969 0.580007 0.801903 0.776623 0.932523 0.719174 0.902000 0.792098 0.786007 0.800685 0.969115 0.929400 0.949376 0.590765 0.756895 0.877835 0.886398 0.672789 0.830642 0.787551 0.803776 0.930391 0.939672 0.811777 0.869943
0.718744 0.585331 0.266374 0.000000 0.617436 0.784777 0.372059 0.393980 0.638448 0.995381 0.941290 0.641998 0.493298 0.613777 0.546736 0.560410 0.931691 0.793207 0.605107 0.553463 0.717277 0.900265 0.349541 0.366392 0.474454 0.555967 0.718016 0.954574 0.905240 0.994028 0.809914 0.736676 0.574598 0.665222 0.639705 0.731011 0.623630 0.662072 0.796310 0.842694 0.929746 0.778926 0.716519 0.730491 0.728271 0.778316 0.735155 0.762790 0.974546 0.921638 0.951513 0.897476 0.920101 0.881128 0.639917 0.834784 0.716159 0.658085 0.699257 0.748213 0.404069 0.515015 0.993459 0.817547 0.311884 0.316684 0.405888 0.482814 0.701846 0.896093 0.583820 0.583189 0.812953 0.741112 0.980262 0.808359 0.757468 0.692595 0.845287 0.861117 0.767418 0.727282 0.835259 0.768006 0.370513 0.371311 0.706994 0.789321 0.628691 0.582728 0.550540 0.864296 0.463353 0.703589 0.742910 0.838193 0.680786 0.861415 0.715270 0.689491 0.824364 0.971193 0.928555 0.999093 0.525638 0.595023 0.886778 0.796660 0.662032 0.756006 0.750663 0.700052 0.926493 0.989977 0.796272 0.901730
0.969198 0.905812 0.618214 0.617436 0.000000 0.961296 0.743741 0.759901 0.788046 0.959774 0.928131 0.920428 0.733673 0.961245 0.742051 0.832516 0.879333 0.926160 0.963385 0.929605 0.841449 0.948906 0.563465 0.603698 0.612976 0.619900 0.644867 0.944915 0.865581 0.837746 0.840055 0.963368 0.886496 0.955784 0.886444 0.800277 0.814793 0.886360 0.967945 0.972253 0.983522 0.937508 0.978407 0.979351 0.980783 0.951120 0.975268 0.974548 0.849199 0.887150 0.920594 0.950491 0.917247 0.944430 0.940322 0.958329 0.997399 0.940283 0.951840 0.954971 0.741198 0.780234 0.918908 0.990225 0.580912 0.657975 0.789670 0.795060 0.870372 0.881640 0.804840 0.880761 0.834146 0.939783 0.954233 0.931636 0.947286 0.983628 0.902191 0.908470 0.948739 0.951914 0.886025 0.947636 0.715283 0.688148 0.916188 0.809686 0.968839 0.853868 0.898750 0.985653 0.762937 0.927069 0.897350 0.981222 0.961140 0.913057 0.949940 0.993045 0.904543 0.987357 0.914964 0.846779 0.898093 0.810753 0.910652 0.888930 0.937113 0.948196 0.891919 0.923167 0.914902 0.774188 0.988807 0.903958
0.855341 0.827881 0.804397 0.784777 0.961296 0.000000 0.601183 0.577031 0.874263 0.717649 0.694674 0.694691 0.960909 0.862352 0.967540 0.912341 0.929938 0.864559 0.748643 0.778396 0.863517 0.996571 0.980286 0.921145 0.971000 0.853241 0.878852 0.981117 0.729139 0.701399 0.916168 0.792130 0.675707 0.544672 0.871438 0.709537 0.913656 0.899061 0.904586 0.841213 0.932751 0.795818 0.663899 0.708323 0.631898 0.694742 0.750699 0.769050 0.688094 0.860338 0.861402 0.946393 0.913102 0.878116 0.810250 0.806338 0.870496 0.906646 0.727781 0.717021 0.695141 0.662987 0.914751 0.829530 0.923784 0.704896 0.591411 0.605395 0.949356 0.973780 0.739518 0.877875 0.872581 0.834753 0.897458 0.987468 0.870370 0.835129 0.898093 0.899960 0.799310 0.826877 0.917235 0.881597 0.896462 0.872699 0.967600 0.995579 0.994841 0.961287 0.714341 0.875800 0.732539 0.938291 0.919249 0.864959 0.604701 0.750236 0.589160 0.600504 0.729397 0.816785 0.873041 0.794135 0.732122 0.706633 0.986522 0.800831 0.993584 0.730561 0.803789 0.701696 0.702080 0.868439 0.863415 0.847442
0.661545 0.590710 0.340495 0.372059 0.743741 0.601183 0.000000 0.234043 0.546662 0.702677 0.725337 0.611641 0.566265 0.649402 0.592611 0.656868 0.713412 0.750806 0.496884 0.525020 0.867560 0.896631 0.562813 0.651669 0.715725 0.577670 0.999516 0.937535 0.689147 0.823165 0.668282 0.550147 0.326600 0.395730 0.617889 0.733668 0.561754 0.681575 0.830402 0.892138 0.908414 0.743065 0.401870 0.431185 0.436467 0.478164 0.473006 0.513227 0.685220 0.671406 0.689917 0.651111 0.646332 0.900548 0.537495 0.627842 0.662929 0.659675 0.489909 0.598994 0.307574 0.397481 0.755032 0.611272 0.520232 0.355610 0.285686 0.286925 0.737813 0.869478 0.464827 0.578399 0.737980 0.697377 0.966499 0.776698 0.600519 0.627916 0.698891 0.772238 0.640465 0.673566 0.805413 0.735756 0.516593 0.536086 0.864263 0.860228 0.719524 0.730202 0.433207 0.762397 0.486026 0.764486 0.680219 0.811873 0.473624 0.733758 0.463598 0.427878 0.596655 0.760911 0.737410 0.754147 0.421212 0.576948 0.827417 0.685404 0.638496 0.679180 0.639520 0.567039 0.633262 0.824446 0.732100 0.872352
0.693979 0.631228 0.416994 0.393980 0.759901 0.577031 0.234043 0.000000 0.558462 0.632791 0.720630 0.551980 0.634992 0.627959 0.714829 0.669837 0.784263 0.810470 0.513271 0.499482 0.857694 0.877092 0.679486 0.709375 0.771021 0.603698 0.992269 0.892456 0.689240 0.789093 0.690980 0.523611 0.371352 0.368502 0.682253 0.736315 0.552372 0.696672 0.886360 0.808969 0.919742 0.729231 0.398763 0.432252 0.444852 0.472713 0.438112 0.479087 0.645531 0.648121 0.657541 0.641712 0.694328 0.894318 0.556501 0.685278 0.712952 0.717711 0.500867 0.588160 0.337578 0.332827 0.835093 0.622181 0.648932 0.361380 0.346882 0.301076 0.780161 0.865290 0.547804 0.580304 0.733822 0.726410 0.915102 0.780899 0.648497 0.654348 0.773974 0.734996 0.654777 0.700467 0.864223 0.770333 0.640627 0.623446 0.918658 0.906187 0.795059 0.806268 0.418107 0.770277 0.527055 0.827219 0.787154 0.789642 0.523570 0.774444 0.424456 0.401743 0.504281 0.727714 0.648973 0.698480 0.475811 0.655259 0.905066 0.661481 0.673972 0.746386 0.678014 0.580355 0.686085 0.797222 0.689176 0.895100
0.914943 0.983902 0.569766 0.638448 0.788046 0.874263 0.546662 0.558462 0.000000 0.603666 0.978229 0.949924 0.942129 0.941388 0.848085 0.959421 0.986474 0.800728 0.928040 0.977705 0.965474 0.913734 0.717373 0.882549 0.744511 0.534609 0.960920 0.904232 0.810034 0.973811 0.507146 0.597920 0.507005 0.707995 0.684108 0.961357 0.777441 0.938047 0.961757 0.898460 0.958526 0.747332 0.610161 0.658638 0.560947 0.627274 0.712502 0.737064 0.789302 0.772866 0.688718 0.747974 0.709265 0.716704 0.807891 0.845575 0.940710 0.879280 0.756440 0.936753 0.546584 0.548866 0.973027 0.875269 0.720484 0.656195 0.564698 0.523213 0.943176 0.911252 0.657595 0.640784 0.582431 0.644957 0.931160 0.892115 0.765816 0.699153 0.882191 0.937916 0.903975 0.821120 0.989154 0.868173 0.853578 0.838924 0.940971 0.951742 0.881057 0.887427 0.626699 0.958902 0.779262 0.908158 0.819237 0.933596 0.821084 0.840731 0.639769 0.663950 0.638127 0.947058 0.852870 0.794067 0.654158 0.739502 0.830785 0.728202 0.706365 0.874078 0.722090 0.645400 0.689191 0.837034 0.730757 0.959328
0.772853 0.809310 0.985071 0.995381 0.959774 0.717649 0.702677 0.632791 0.603666 0.000000 0.901562 0.973853 0.668819 0.780183 0.829265 0.822092 0.986058 0.774255 0.974555 0.961009 0.876559 0.913889 0.878798 0.688373 0.815807 0.868335 0.653665 0.842046 0.659678 0.768107 0.563679 0.543507 0.660020 0.581777 0.839698 0.998154 0.878701 0.847424 0.992834 0.969418 0.890793 0.775649 0.462919 0.559481 0.394658 0.427630 0.675232 0.571998 0.437964 0.590390 0.510570 0.705737 0.621904 0.592080 0.938837 0.801206 0.797777 0.724843 0.756561 0.847555 0.755278 0.561813 0.903869 0.736567 0.784806 0.955066 0.703526 0.553014 0.779642 0.836592 0.809771 0.704217 0.528832 0.713602 0.971730 0.830680 0.713195 0.692802 0.910178 0.972222 0.937659 0.745138 0.830867 0.794106 0.714071 0.751983 0.702357 0.825637 0.945937 0.711244 0.729380 0.978264 0.976817 0.871756 0.965274 0.818590 0.739290 0.728474 0.512211 0.551627 0.492411 0.787305 0.602319 0.577566 0.688154 0.792338 0.927176 0.612506 0.837504 0.792563 0.693824 0.645523 0.611208 0.811125 0.730639 0.789094
0.411163 0.559336 0.952284 0.941290 0.928131 0.694674 0.725337 0.720630 0.978229 0.901562 0.000000 0.562329 0.840093 0.642154 0.952822 0.996448 0.529870 0.465194 0.514729 0.504558 0.842864 0.986533 0.778172 0.947437 0.811297 0.915569 0.856927 0.882028 0.620127 0.459197 0.810498 0.798867 0.644702 0.528044 0.851945 0.751548 0.935974 0.877487 0.849755 0.839916 0.860211 0.857993 0.681217 0.648106 0.703324 0.678717 0.597301 0.751122 0.638940 0.704944 0.822174 0.805849 0.982316 0.848067 0.666943 0.698332 0.514620 0.631065 0.538302 0.621331 0.814363 0.963299 0.540377 0.663778 0.901704 0.895919 0.643149 0.671547 0.685020 0.741918 0.981361 0.930629 0.972435 0.914378 0.837105 0.879492 0.815599 0.960351 0.770769 0.633529 0.434242 0.499218 0.791892 0.619767 0.897362 0.907665 0.844422 0.883901 0.863902 0.898176 0.678795 0.755702 0.681373 0.802138 0.775708 0.975975 0.623191 0.713779 0.591442 0.662968 0.832659 0.744940 0.693572 0.641780 0.940114 0.870373 0.848436 0.983796 0.890774 0.830110 0.868101 0.787865 0.800017 0.850263 0.971495 0.898020
0.462709 0.498343 0.729856 0.641998 0.920428 0.694691 0.611641 0.551980 0.949924 0.973853 0.562329 0.000000 0.614074 0.484046 0.767021 0.663198 0.720308 0.477536 0.516759 0.388018 0.753890 0.814874 0.869618 0.688581 0.825863 0.906757 0.914204 0.864432 0.743174 0.602620 0.889463 0.851417 0.651696 0.505040 0.810140 0.729029 0.656007 0.583236 0.868149 0.705853 0.947160 0.862460 0.715975 0.737944 0.746450 0.763099 0.639140 0.675040 0.767055 0.813264 0.913614 0.907159 0.968627 0.655790 0.599223 0.734637 0.499415 0.511553 0.671366 0.669495 0.573187 0.618696 0.745685 0.560947 0.802458 0.595168 0.678397 0.584892 0.630183 0.643059 0.949038 0.921907 0.963593 0.898419 0.961011 0.897812 0.921361 0.903516 0.866389 0.568936 0.452648 0.468618 0.789691 0.566072 0.641781 0.598041 0.672037 0.799737 0.810335 0.710746 0.763677 0.938840 0.669669 0.991687 0.904549 0.776296 0.659173 0.790198 0.689846 0.729901 0.820722 0.937235 0.745729 0.777718 0.730567 0.745377 0.808398 0.981962 0.860798 0.838416 0.785700 0.801583 0.919051 0.806012 0.930563 0.944576
0.495279 0.441859 0.509577 0.493298 0.733673 0.960909 0.566265 0.634992 0.942129 0.668819 0.840093 0.614074 0.000000 0.351015 0.396022 0.384409 0.614061 0.562105 0.469172 0.510046 0.810240 0.754865 0.448952 0.402782 0.644213 0.837115 0.719639 0.964653 0.900207 0.896571 0.935471 0.969359 0.684397 0.791914 0.999654 0.856894 0.753928 0.836281 0.990852 0.962341 0.856445 0.984204 0.835890 0.773031 0.960438 0.929712 0.713646 0.807340 0.920800 0.896473 0.972926 0.746690 0.870013 0.892959 0.765336 0.797927 0.482774 0.420294 0.722642 0.642033 0.548076 0.748812 0.772082 0.693763 0.476343 0.510879 0.732649 0.803780 0.655225 0.692795 0.705312 0.902281 0.958643 0.848256 0.872449 0.843668 0.811380 0.852448 0.819379 0.600758 0.561356 0.494859 0.654116 0.579827 0.367556 0.442473 0.560679 0.623441 0.759490 0.593054 0.717253 0.743548 0.624359 0.748290 0.845623 0.988871 0.805414 0.987470 0.845167 0.790973 0.980958 0.917249 0.971364 0.996915 0.802046 0.818081 0.921773 0.955418 0.844541 0.959992 0.819153 0.825370 0.952529 0.901478 0.927662 0.977779
0.416457 0.392561 0.707490 0.613777 0.961245 0.862352 0.649402 0.627959 0.941388 0.780183 0.642154 0.484046 0.351015 0.000000 0.491075 0.359565 0.536041 0.415388 0.371292 0.462834 0.872393 0.725132 0.690512 0.536925 0.889037 0.980287 0.791336 0.929573 0.723000 0.664704 0.789807 0.840872 0.727264 0.682247 0.930417 0.768250 0.961567 0.838647 0.989359 0.871937 0.955949 0.997062 0.746784 0.680191 0.884455 0.803573 0.593566 0.738530 0.927795 0.808396 0.885646 0.725137 0.904619 0.781508 0.772259 0.721527 0.366511 0.397277 0.609392 0.572598 0.613704 0.779521 0.729365 0.643085 0.709193 0.602594 0.738040 0.780271 0.766572 0.747738 0.972255 0.937433 0.913921 0.894135 0.822365 0.977296 0.886460 0.931552 0.717545 0.500472 0.434076 0.406980 0.586386 0.503805 0.513435 0.520935 0.670242 0.683367 0.773893 0.659630 0.724252 0.781652 0.692578 0.819041 0.850127 0.948913 0.793476 0.827982 0.743735 0.675181 0.976713 0.879715 0.811955 0.833986 0.811094 0.818936 0.998636 0.900340 0.805828 0.891840 0.762885 0.769836 0.898465 0.790341 0.837586 0.976191
0.772518 0.661566 0.571192 0.546736 0.742051 0.967540 0.592611 0.714829 0.848085 0.829265 0.952822 0.767021 0.396022 0.491075 0.000000 0.305442 0.741903 0.715296 0.620246 0.761097 0.851534 0.805924 0.402979 0.424894 0.679384 0.868125 0.779632 0.980494 0.770231 0.917103 0.906856 0.789352 0.730945 0.802547 0.884565 0.835524 0.895227 0.849844 0.989622 0.825964 0.985832 0.956226 0.808307 0.786463 0.863673 0.854539 0.753295 0.827524 0.948393 0.956708 0.945155 0.805915 0.742276 0.960383 0.881103 0.867791 0.611372 0.609682 0.756680 0.749662 0.544845 0.710431 0.795693 0.718861 0.480825 0.574746 0.757697 0.782249 0.920257 0.924118 0.734391 0.930097 0.968273 0.757870 0.891510 0.827225 0.843646 0.723836 0.700786 0.645023 0.718395 0.704411 0.629554 0.697577 0.436953 0.507950 0.716226 0.601781 0.767914 0.661457 0.859199 0.890079 0.805999 0.869749 0.817168 0.977288 0.788287 0.945691 0.867696 0.752235 0.987041 0.952955 0.974232 0.971233 0.707635 0.738688 0.862781 0.889312 0.769342 0.978224 0.810615 0.814287 0.844289 0.914764 0.875931 0.947559
0.746243 0.608187 0.614444 0.560410 0.832516 0.912341 0.656868 0.669837 0.959421 0.822092 0.996448 0.663198 0.384409 0.359565 0.305442 0.000000 0.753937 0.688252 0.626468 0.695497 0.820069 0.734101 0.436134 0.399726 0.709944 0.878522 0.816586 0.989122 0.789736 0.832471 0.933398 0.809670 0.760754 0.776558 0.913225 0.803720 0.884813 0.880438 0.985403 0.979676 0.960738 0.963845 0.794758 0.742527 0.918641 0.858807 0.694160 0.828866 0.934213 0.980928 0.946588 0.839895 0.810229 0.844893 0.912535 0.854470 0.563676 0.558877 0.758658 0.695098 0.519932 0.637983 0.893136 0.690308 0.546662 0.535818 0.819505 0.829784 0.947192 0.861520 0.878634 0.963565 0.985178 0.722550 0.959984 0.733642 0.920277 0.731519 0.736491 0.631477 0.678146 0.652546 0.603987 0.610289 0.437537 0.459863 0.762095 0.664396 0.731159 0.661519 0.858432 0.939611 0.819924 0.993376 0.957198 0.962068 0.861936 0.949723 0.877737 0.760921 0.958289 0.982204 0.928056 0.968293 0.743780 0.731511 0.891462 0.976552 0.762220 0.958686 0.824374 0.778062 0.877407 0.860329 0.773133 0.898780
0.411284 0.425803 0.958355 0.931691 0.879333 0.929938 0.713412 0.784263 0.986474 0.986058 0.529870 0.720308 0.614061 0.536041 0.741903 0.753937 0.000000 0.348656 0.465184 0.502256 0.962640 0.833610 0.968403 0.938305 0.921669 0.904881 0.920127 0.928630 0.583610 0.539293 0.903028 0.811841 0.603351 0.593031 0.947422 0.992973 0.894420 0.860310 0.971518 0.882021 0.769992 0.829078 0.590680 0.481987 0.690197 0.587218 0.497733 0.530254 0.597334 0.556750 0.621272 0.559723 0.706392 0.966584 0.606172 0.520254 0.321127 0.354904 0.439699 0.399850 0.799999 0.998163 0.341336 0.433840 0.954396 0.976228 0.747326 0.748688 0.618231 0.603282 0.921030 0.936187 0.926426 0.851634 0.796625 0.946521 0.668796 0.825631 0.569162 0.624668 0.290377 0.344790 0.468246 0.428712 0.708020 0.810190 0.811954 0.562775 0.758553 0.723608 0.785894 0.764395 0.796471 0.898048 0.701536 0.925306 0.724415 0.796218 0.605460 0.697805 0.995521 0.819877 0.576225 0.575550 0.839569 0.813134 0.993418 0.992682 0.929069 0.877059 0.726184 0.723077 0.754592 0.823025 0.848348 0.865451
0.284094 0.308350 0.923237 0.793207 0.926160 0.864559 0.750806 0.810470 0.800728 0.774255 0.465194 0.477536 0.562105 0.415388 0.715296 0.688252 0.348656 0.000000 0.414602 0.370340 0.873320 0.808016 0.965111 0.744094 0.968040 0.911432 0.960731 0.978754 0.705746 0.556461 0.676590 0.949075 0.698611 0.635107 0.831244 0.828838 0.936540 0.759751 0.843077 0.827235 0.840698 0.821181 0.738255 0.683745 0.841329 0.777676 0.609948 0.669748 0.752531 0.710234 0.851664 0.779541 0.994515 0.646706 0.551065 0.552203 0.245528 0.260326 0.486268 0.490153 0.826260 0.923625 0.454593 0.507672 0.899136 0.890451 0.704915 0.766738 0.538633 0.529896 0.974118 0.913227 0.817621 0.908534 0.792429 0.870759 0.841781 0.967706 0.595534 0.517543 0.247385 0.244175 0.479636 0.350740 0.557605 0.625517 0.659636 0.581946 0.662433 0.558199 0.791297 0.785794 0.651315 0.800991 0.747528 0.880764 0.674785 0.740954 0.726054 0.771726 0.912489 0.961254 0.692731 0.740625 0.825695 0.742183 0.989919 0.911965 0.977608 0.857183 0.826887 0.827889 0.923342 0.856611 0.937646 0.929597
0.391610 0.416629 0.724373 0.605107 0.963385 0.748643 0.496884 0.513271 0.928040 0.974555 0.514729 0.516759 0.469172 0.371292 0.620246 0.626468 0.465184 0.414602 0.000000 0.393430 0.888394 0.744862 0.827461 0.712588 0.993187 0.996135 0.909483 0.809262 0.630305 0.642393 0.880309 0.685860 0.567290 0.556090 0.841609 0.900551 0.837190 0.842176 0.878090 0.826266 0.801212 0.886897 0.583157 0.553708 0.679981 0.650458 0.490552 0.530431 0.717159 0.693212 0.804981 0.662823 0.843307 0.904228 0.616831 0.590873 0.400106 0.441142 0.489158 0.515868 0.603411 0.785837 0.572680 0.614899 0.806262 0.641420 0.535500 0.575171 0.686625 0.856573 0.688076 0.913754 0.988210 0.913154 0.871523 0.959223 0.736227 0.837580 0.701396 0.514397 0.388395 0.382399 0.689418 0.533663 0.594051 0.660117 0.695327 0.654567 0.789091 0.790803 0.563681 0.659996 0.530304 0.697206 0.763702 0.812512 0.499146 0.776136 0.507209 0.489377 0.835482 0.715227 0.642344 0.720527 0.657224 0.662779 0.933701 0.857510 0.773904 0.684426 0.742175 0.649780 0.738581 0.800349 0.829135 0.894179
0.356072 0.333286 0.671779 0.553463 0.929605 0.778396 0.525020 0.499482 0.977705 0.961009 0.504558 0.388018 0.510046 0.462834 0.761097 0.695497 0.502256 0.370340 0.393430 0.000000 0.797534 0.844718 0.850737 0.699054 0.828851 0.878971 0.888623 0.881295 0.756977 0.647287 0.881756 0.865313 0.551996 0.506237 0.836424 0.840049 0.693329 0.605933 0.795903 0.774465 0.828824 0.736812 0.615334 0.597349 0.737517 0.723789 0.502984 0.595883 0.742444 0.661513 0.798650 0.715308 0.888382 0.779979 0.491202 0.587134 0.356866 0.341655 0.477822 0.513929 0.602983 0.757119 0.624599 0.536520 0.765649 0.616566 0.532294 0.557816 0.477126 0.565832 0.752454 0.806541 0.922567 0.859002 0.870980 0.990388 0.662967 0.857266 0.738394 0.606654 0.331418 0.333342 0.638162 0.437903 0.521192 0.561165 0.658803 0.719409 0.681912 0.595667 0.590614 0.728665 0.491546 0.766167 0.779942 0.760229 0.570104 0.803534 0.615766 0.603512 0.779169 0.838372 0.640337 0.733024 0.666988 0.667384 0.911628 0.862531 0.833776 0.766510 0.778321 0.709103 0.940045 0.811955 0.915617 0.962781
0.740980 0.739101 0.681378 0.717277 0.841449 0.863517 0.867560 0.857694 0.965474 0.876559 0.842864 0.753890 0.810240 0.872393 0.851534 0.820069 0.962640 0.873320 0.888394 0.797534 0.000000 0.926310 0.853992 0.706767 0.674819 0.795041 0.902720 0.705495 0.958708 0.988135 0.930266 0.973615 0.825240 0.800322 0.720660 0.761089 0.844059 0.835410 0.756853 0.896553 0.931117 0.902756 0.962259 0.998943 0.952127 0.993474 0.935371 0.867415 0.965217 0.897457 0.889247 0.822700 0.794817 0.644147 0.776634 0.859256 0.794218 0.780869 0.838275 0.895527 0.626385 0.734196 0.984048 0.924182 0.637732 0.624734 0.831843 0.881280 0.727997 0.808708 0.967513 0.936459 0.963508 0.943058 0.856681 0.981150 0.991843 0.970576 0.817857 0.935785 0.842203 0.790811 0.769013 0.823160 0.655722 0.573180 0.778906 0.875193 0.707483 0.701501 0.900290 0.680025 0.985410 0.851917 0.989651 0.955501 0.958475 0.940278 0.948611 0.875621 0.889100 0.911381 0.888996 0.810818 0.890439 0.981297 0.895151 0.999892 0.954226 0.871715 0.909319 0.920931 0.952930 0.927367 0.961618 0.950436
0.823487 0.784871 0.909665 0.900265 0.948906 0.996571 0.896631 0.877092 0.913734 0.913889 0.986533 0.814874 0.754865 0.725132 0.805924 0.734101 0.833610 0.808016 0.744862 0.844718 0.926310 0.000000 0.894856 0.851063 0.944028 0.943929 0.934590 0.899207 0.943631 0.990984 0.934095 0.965192 0.987434 0.987189 0.991659 0.957500 0.933220 0.942150 0.903665 0.890961 0.991091 0.903785 0.884808 0.872084 0.999761 0.931820 0.836466 0.833861 0.933707 0.821901 0.843369 0.746694 0.750996 0.931010 0.821145 0.869923 0.765504 0.720244 0.880415 0.747829 0.849926 0.893883 0.799070 0.741791 0.997197 0.945942 0.940056 0.983321 0.987258 0.952858 0.990233 0.978335 0.999923 0.918061 0.885018 0.936661 0.887757 0.983440 0.983199 0.712726 0.772339 0.713760 0.837806 0.770347 0.881806 0.896080 0.757575 0.761333 0.947769 0.972801 0.914225 0.793999 0.952176 0.903694 0.845039 0.995860 0.701220 0.952310 0.849359 0.848895 0.857325 0.752424 0.948340 0.856798 0.871747 0.993980 0.937033 0.980502 0.854911 0.892685 0.848072 0.886792 0.893977 0.881299 0.705590 0.863227
0.965813 0.776606 0.397088 0.349541 0.563465 0.980286 0.562813 0.679486 0.717373 0.878798 0.778172 0.869618 0.448952 0.690512 0.402979 0.436134 0.968403 0.965111 0.827461 0.850737 0.853992 0.894856 0.000000 0.309854 0.466380 0.638043 0.655642 0.994677 0.969190 0.871382 0.799109 0.899335 0.788392 0.920885 0.767045 0.844958 0.748407 0.831330 0.956265 0.932671 0.993048 0.980608 0.902432 0.925296 0.932364 0.973219 0.945116 0.969612 0.805339 0.897414 0.924171 0.983415 0.863418 0.960590 0.953509 0.954501 0.875823 0.795551 0.976879 0.937905 0.530292 0.627173 0.914789 0.898986 0.287386 0.466733 0.661047 0.748951 0.914442 0.991062 0.644613 0.686389 0.817034 0.728378 0.928711 0.694868 0.887847 0.723364 0.883627 0.967419 0.974986 0.940437 0.790834 0.894224 0.379727 0.421952 0.718501 0.759365 0.685068 0.629799 0.775249 0.931023 0.660443 0.782754 0.831642 0.990181 0.886496 0.948234 0.939118 0.857069 0.987228 0.900872 0.894020 0.775214 0.663396 0.653606 0.825114 0.914000 0.761942 0.893149 0.824641 0.801308 0.956216 0.943908 0.878216 0.991669
0.737895 0.631155 0.440291 0.366392 0.603698 0.921145 0.651669 0.709375 0.882549 0.688373 0.947437 0.688581 0.402782 0.536925 0.424894 0.399726 0.938305 0.744094 0.712588 0.699054 0.706767 0.851063 0.309854 0.000000 0.418370 0.677023 0.546609 0.914059 0.979151 0.925049 0.971024 0.961479 0.805724 0.895974 0.776060 0.757097 0.813359 0.755830 0.817744 0.987648 0.917289 0.917369 0.973863 0.997551 0.935911 0.912159 0.943119 0.993418 0.746469 0.839775 0.765594 0.887662 0.911658 0.673774 0.800814 0.894942 0.689544 0.636878 0.945166 0.900214 0.602306 0.746040 0.952688 0.903025 0.335338 0.481993 0.759176 0.814450 0.727502 0.892651 0.773981 0.848704 0.971971 0.802718 0.988728 0.897925 0.961745 0.802518 0.854304 0.799204 0.794134 0.696818 0.730081 0.665506 0.319272 0.325321 0.658113 0.700576 0.593751 0.501589 0.864035 0.996762 0.657876 0.847377 0.886755 0.969963 0.873924 0.965866 0.978911 0.945646 0.927164 0.911144 0.895582 0.746443 0.739942 0.768593 0.952078 0.940883 0.926651 0.963198 0.924648 0.906135 0.921198 0.911398 0.988182 0.991101
0.839652 0.740378 0.416106 0.474454 0.612976 0.971000 0.715725 0.771021 0.744511 0.815807 0.811297 0.825863 0.644213 0.889037 0.679384 0.709944 0.921669 0.968040 0.993187 0.828851 0.674819 0.944028 0.466380 0.418370 0.000000 0.396541 0.614028 0.873444 0.753914 0.722467 0.764746 0.990538 0.758617 0.913872 0.702361 0.744230 0.579698 0.619984 0.803068 0.882196 0.851596 0.878957 0.923427 0.938988 0.977042 0.897711 0.979487 0.932894 0.760071 0.801738 0.800859 0.818185 0.820865 0.666644 0.718910 0.961431 0.848706 0.787949 0.984849 0.977818 0.590985 0.680939 0.775094 0.988151 0.337283 0.470316 0.779303 0.774418 0.583736 0.709598 0.900045 0.735239 0.934838 0.784357 0.943939 0.990032 0.953695 0.879641 0.990557 0.972146 0.994532 0.876579 0.787283 0.808092 0.402506 0.366787 0.822669 0.821283 0.598231 0.476977 0.978495 0.698897 0.780705 0.949415 0.867338 0.915016 0.935142 0.936670 0.888905 0.825500 0.884269 0.755960 0.822900 0.718035 0.829733 0.852661 0.921168 0.925215 0.884415 0.925748 0.936819 0.927919 0.821279 0.756176 0.955342 0.949505
0.933309 0.851268 0.436339 0.555967 0.619900 0.853241 0.577670 0.603698 0.534609 0.868335 0.915569 0.906757 0.837115 0.980287 0.868125 0.878522 0.904881 0.911432 0.996135 0.878971 0.795041 0.943929 0.638043 0.677023 0.396541 0.000000 0.828122 0.852974 0.848445 0.799288 0.569323 0.800267 0.625736 0.753895 0.729024 0.657565 0.573706 0.706797 0.736867 0.758775 0.991795 0.778625 0.839054 0.864955 0.776238 0.838016 0.810473 0.925152 0.988288 0.994521 0.931637 0.954486 0.923004 0.930942 0.651165 0.899364 0.958245 0.927642 0.858796 0.921919 0.523715 0.566143 0.773538 0.975095 0.487612 0.474272 0.614006 0.590111 0.685055 0.779462 0.844478 0.681261 0.750965 0.750010 0.952124 0.966354 0.994308 0.914831 0.939039 0.901723 0.931231 0.965717 0.858233 0.978146 0.596576 0.514950 0.987368 0.954773 0.696255 0.676071 0.825319 0.759200 0.840223 0.905133 0.867363 0.890988 0.970609 0.975262 0.925528 0.974844 0.865516 0.915502 0.893495 0.865138 0.779923 0.814912 0.919047 0.984608 0.806773 0.887055 0.787805 0.963511 0.912037 0.908001 0.916985 0.905932
0.919382 0.871203 0.802873 0.718016 0.644867 0.878852 0.999516 0.992269 0.960920 0.653665 0.856927 0.914204 0.719639 0.791336 0.779632 0.816586 0.920127 0.960731 0.909483 0.888623 0.902720 0.934590 0.655642 0.546609 0.614028 0.828122 0.000000 0.970071 0.700178 0.719248 0.818881 0.852248 0.826227 0.785341 0.978758 0.923840 0.991964 0.830931 0.901206 0.915156 0.976016 0.859910 0.713468 0.734031 0.661055 0.664215 0.888279 0.770044 0.610843 0.734509 0.660232 0.808578 0.773234 0.759609 0.996710 0.902579 0.911837 0.864610 0.798118 0.928078 0.981088 0.962898 0.854604 0.850476 0.642239 0.791537 0.950348 0.938578 0.846171 0.905276 0.953502 0.915028 0.869915 0.893006 0.997216 0.932784 0.974753 0.829635 0.994583 0.954156 0.946499 0.894626 0.893515 0.979786 0.683979 0.673846 0.735932 0.787393 0.969689 0.726939 0.997308 0.986748 0.811467 0.845329 0.982973 0.939864 0.905053 0.988859 0.838903 0.868209 0.812700 0.910163 0.800495 0.751786 0.995724 0.951435 0.965346 0.934687 0.969784 0.996846 0.890487 0.943761 0.798622 0.768208 0.818208 0.984916
0.945935 0.977366 0.959147 0.954574 0.944915 0.981117 0.937535 0.892456 0.904232 0.842046 0.882028 0.864432 0.964653 0.929573 0.980494 0.989122 0.928630 0.978754 0.809262 0.881295 0.705495 0.899207 0.994677 0.914059 0.873444 0.852974 0.970071 0.000000 0.909192 0.875944 0.922653 0.834237 0.953477 0.868607 0.915718 0.848289 0.940911 0.956169 0.962333 0.933753 0.951081 0.840497 0.907059 0.966845 0.908590 0.971768 0.929729 0.877126 0.932340 0.931908 0.961873 0.900938 0.963823 0.839555 0.975605 0.831416 0.959500 0.921686 0.984411 0.995406 0.983978 0.930819 0.888901 0.915915 0.918876 0.992546 0.881769 0.841748 0.892591 0.783839 0.989932 0.772036 0.836961 0.886557 0.986353 0.986828 0.967364 0.920197 0.846622 0.805104 0.974601 0.996882 0.880727 0.999305 0.894890 0.887426 0.874211 0.955996 0.997161 0.839181 0.793522 0.736490 0.779435 0.722618 0.939578 0.809593 0.813719 0.854570 0.827778 0.744835 0.711175 0.873462 0.790584 0.823952 0.823238 0.744281 0.961308 0.952797 0.849390 0.743719 0.888457 0.860054 0.890662 0.931899 0.831198 0.905531
0.780998 0.769153 0.990877 0.905240 0.865581 0.729139 0.689147 0.689240 0.810034 0.659678 0.620127 0.743174 0.900207 0.723000 0.770231 0.789736 0.583610 0.705746 0.630305 0.756977 0.958708 0.943631 0.969190 0.979151 0.753914 0.848445 0.700178 0.909192 0.000000 0.339186 0.814992 0.473131 0.576575 0.499259 0.920312 0.979348 0.917655 0.967340 0.997265 0.954169 0.990553 0.881148 0.454472 0.440798 0.459794 0.430659 0.525892 0.458513 0.523096 0.565563 0.552841 0.632822 0.604489 0.843876 0.849739 0.693087 0.664412 0.789021 0.515968 0.601309 0.700367 0.786872 0.487862 0.506610 0.858638 0.935656 0.658566 0.625219 0.990063 0.860527 0.875524 0.961828 0.821483 0.688756 0.912233 0.953530 0.735515 0.610775 0.574161 0.604112 0.552333 0.769695 0.750889 0.742383 0.974422 0.967212 0.959421 0.887628 0.979475 0.912309 0.845154 0.867236 0.938900 0.927220 0.697999 0.905946 0.562654 0.932457 0.566014 0.567429 0.704695 0.836664 0.622068 0.494664 0.712337 0.720846 0.950857 0.770443 0.805141 0.857681 0.678350 0.595508 0.613643 0.728090 0.752775 0.987939
0.681809 0.663151 0.922282 0.994028 0.837746 0.701399 0.823165 0.789093 0.973811 0.768107 0.459197 0.602620 0.896571 0.664704 0.917103 0.832471 0.539293 0.556461 0.642393 0.647287 0.988135 0.990984 0.871382 0.925049 0.722467 0.799288 0.719248 0.875944 0.339186 0.000000 0.987692 0.699559 0.673950 0.518894 0.937154 0.926117 0.956071 0.951780 0.995613 0.879436 0.883646 0.916679 0.557407 0.538515 0.575418 0.551926 0.588669 0.564530 0.505047 0.600762 0.633963 0.732270 0.753662 0.955154 0.883636 0.685938 0.602577 0.693816 0.557292 0.528648 0.795925 0.860685 0.485463 0.447174 0.779394 0.977600 0.727086 0.705658 0.934629 0.912082 0.981071 0.941072 0.818795 0.734327 0.899962 0.917561 0.866181 0.706146 0.616062 0.595059 0.459878 0.649412 0.725816 0.672509 0.987695 0.944773 0.910022 0.782001 0.992542 0.946340 0.913766 0.879377 0.956136 0.914205 0.758613 0.929140 0.661592 0.815776 0.639040 0.673109 0.780305 0.936556 0.639075 0.535927 0.883757 0.750466 0.847939 0.985461 0.933697 0.883676 0.737645 0.715124 0.789500 0.746691 0.821019 0.981704
0.740455 0.819108 0.711129 0.809914 0.840055 0.916168 0.668282 0.690980 0.507146 0.563679 0.810498 0.889463 0.935471 0.789807 0.906856 0.933398 0.903028 0.676590 0.880309 0.881756 0.930266 0.934095 0.799109 0.971024 0.764746 0.569323 0.818881 0.922653 0.814992 0.987692 0.000000 0.510013 0.557370 0.732598 0.799284 0.971521 0.660270 0.930054 0.775152 0.990438 0.972120 0.830678 0.609040 0.640269 0.551604 0.584611 0.766115 0.742508 0.750058 0.781283 0.666259 0.798107 0.647758 0.728048 0.924238 0.915101 0.815627 0.791491 0.859948 0.898975 0.599263 0.530861 0.950580 0.825767 0.858032 0.775938 0.765780 0.604112 0.956129 0.868102 0.836731 0.765156 0.580325 0.661429 0.886280 0.799285 0.792548 0.532597 0.934063 0.976780 0.870723 0.737963 0.963391 0.883498 0.970997 0.943926 0.773053 0.899057 0.904139 0.946384 0.974605 0.729660 0.844291 0.689008 0.934022 0.982912 0.925540 0.957077 0.842087 0.870235 0.666864 0.979100 0.905422 0.942167 0.777510 0.832285 0.846326 0.799159 0.819908 0.972663 0.795744 0.860037 0.782323 0.895221 0.864066 0.976013
0.949239 0.905706 0.787553 0.736676 0.963368 0.792130 0.550147 0.523611 0.597920 0.543507 0.798867 0.851417 0.969359 0.840872 0.789352 0.809670 0.811841 0.949075 0.685860 0.865313 0.973615 0.965192 0.899335 0.961479 0.990538 0.800267 0.852248 0.834237 0.473131 0.699559 0.510013 0.000000 0.499821 0.497943 0.758944 0.931397 0.739347 0.936328 0.826623 0.946798 0.986054 0.912338 0.423912 0.405998 0.451344 0.424986 0.528719 0.515605 0.623568 0.648794 0.608276 0.661055 0.669627 0.798254 0.770634 0.764457 0.837072 0.968297 0.551249 0.670785 0.568303 0.599579 0.792379 0.686345 0.952552 0.733474 0.578692 0.522133 0.945579 0.824766 0.805597 0.831990 0.686163 0.655592 0.937460 0.963814 0.745152 0.602893 0.694433 0.689074 0.786327 0.908602 0.810916 0.831131 0.911133 0.917064 0.957025 0.939677 0.833843 0.947454 0.738576 0.998851 0.899323 0.985954 0.842466 0.855543 0.679673 0.957386 0.532040 0.562150 0.568621 0.764679 0.623183 0.694103 0.595968 0.728815 0.915856 0.753195 0.663638 0.778639 0.732587 0.691377 0.583370 0.828245 0.737963 0.988022
0.625791 0.589471 0.538105 0.574598 0.886496 0.675707 0.326600 0.371352 0.507005 0.660020 0.644702 0.651696 0.684397 0.727264 0.730945 0.760754 0.603351 0.698611 0.567290 0.551996 0.825240 0.987434 0.788392 0.805724 0.758617 0.625736 0.826227 0.953477 0.576575 0.673950 0.557370 0.499821 0.000000 0.333231 0.631832 0.817405 0.563412 0.673580 0.804884 0.846203 0.857379 0.632196 0.345078 0.368212 0.347325 0.392902 0.399346 0.444757 0.546253 0.544126 0.553100 0.602339 0.680608 0.932594 0.515423 0.577536 0.612493 0.640217 0.397202 0.547420 0.352976 0.494806 0.608924 0.492515 0.715182 0.534154 0.369092 0.314971 0.668483 0.776160 0.642720 0.720946 0.752431 0.630424 0.823688 0.858833 0.586757 0.630554 0.668913 0.681354 0.569354 0.681063 0.701607 0.654879 0.608105 0.625426 0.955194 0.805107 0.690066 0.761588 0.644400 0.952041 0.706556 0.985086 0.748637 0.895247 0.602712 0.811229 0.499114 0.556520 0.652533 0.809928 0.688360 0.625145 0.546254 0.615774 0.896883 0.840037 0.803517 0.792226 0.686362 0.645721 0.651313 0.754670 0.743928 0.958767
0.610387 0.589912 0.659669 0.665222 0.955784 0.544672 0.395730 0.368502 0.707995 0.581777 0.528044 0.505040 0.791914 0.682247 0.802547 0.776558 0.593031 0.635107 0.556090 0.506237 0.800322 0.987189 0.920885 0.895974 0.913872 0.753895 0.785341 0.868607 0.499259 0.518894 0.732598 0.497943 0.333231 0.000000 0.644510 0.748564 0.649370 0.657008 0.846982 0.849987 0.808913 0.672526 0.395481 0.397517 0.360548 0.396809 0.371587 0.459547 0.493741 0.572656 0.577736 0.657828 0.750197 0.973229 0.513434 0.570458 0.595183 0.637753 0.386737 0.451963 0.409937 0.474796 0.565254 0.428512 0.860206 0.580506 0.415054 0.348176 0.723539 0.787747 0.771244 0.759820 0.782291 0.631253 0.891560 0.956106 0.783757 0.684799 0.744494 0.647187 0.485965 0.617870 0.708341 0.640011 0.712409 0.708392 0.920004 0.862936 0.712675 0.870560 0.689887 0.981761 0.762521 0.948133 0.849006 0.844037 0.529098 0.824599 0.494852 0.556899 0.563525 0.834592 0.587516 0.562553 0.587605 0.622418 0.972351 0.803333 0.846638 0.754038 0.711916 0.658927 0.657406 0.842807 0.817033 0.979290
0.836398 0.806850 0.649676 0.639705 0.886444 0.871438 0.617889 0.682253 0.684108 0.839698 0.851945 0.810140 0.999654 0.930417 0.884565 0.913225 0.947422 0.831244 0.841609 0.836424 0.720660 0.991659 0.767045 0.776060 0.702361 0.729024 0.978758 0.915718 0.920312 0.937154 0.799284 0.758944 0.631832 0.644510 0.000000 0.841993 0.841822 0.724709 0.652098 0.836050 0.969616 0.763227 0.813456 0.812669 0.712121 0.802862 0.818090 0.915992 0.916603 0.975142 0.997864 0.882657 0.951051 0.783963 0.626283 0.709230 0.843729 0.862214 0.719667 0.893868 0.614237 0.698749 0.874600 0.767646 0.644035 0.648575 0.502558 0.571348 0.771216 0.990262 0.801025 0.773362 0.827095 0.870487 0.956422 0.944969 0.915510 0.869507 0.827506 0.961673 0.821862 0.815634 0.725779 0.843123 0.669583 0.610421 0.988215 0.879338 0.626497 0.669618 0.886825 0.810814 0.747469 0.961897 0.825785 0.936519 0.739110 0.684395 0.803717 0.859458 0.931058 0.837902 0.920050 0.972901 0.739840 0.758329 0.863491 0.944643 0.831369 0.917443 0.976816 0.774887 0.880092 0.912553 0.925495 0.949295
0.749195 0.861921 0.731673 0.731011 0.800277 0.709537 0.733668 0.736315 0.961357 0.998154 0.751548 0.729029 0.856894 0.768250 0.835524 0.803720 0.992973 0.828838 0.900551 0.840049 0.761089 0.957500 0.844958 0.757097 0.744230 0.657565 0.923840 0.848289 0.979348 0.926117 0.971521 0.931397 0.817405 0.748564 0.841993 0.000000 0.874588 0.852681 0.971277 0.921728 0.847135 0.906447 0.964953 0.902169 0.963837 0.959878 0.884190 0.884310 0.942630 0.887492 0.883108 0.850716 0.837189 0.700744 0.772258 0.955924 0.836924 0.867720 0.903505 0.891599 0.744319 0.809560 0.860422 0.981620 0.682224 0.666593 0.790942 0.813540 0.780728 0.730521 0.968891 0.973652 0.838523 0.932761 0.987835 0.997532 0.903457 0.912393 0.993959 0.821951 0.845570 0.847619 0.851847 0.891982 0.719969 0.650425 0.993086 0.911117 0.784184 0.825335 0.833593 0.898284 0.929266 0.984284 0.953714 0.987743 0.949027 0.884367 0.976354 0.975757 0.968861 0.964788 0.979397 0.911282 0.911285 0.916510 0.955245 0.918539 0.923399 0.896085 0.946768 0.987090 0.907650 0.826122 0.878314 0.896161
0.806655 0.803584 0.559360 0.623630 0.814793 0.913656 0.561754 0.552372 0.777441 0.878701 0.935974 0.656007 0.753928 0.961567 0.895227 0.884813 0.894420 0.936540 0.837190 0.693329 0.844059 0.933220 0.748407 0.813359 0.579698 0.573706 0.991964 0.940911 0.917655 0.956071 0.660270 0.739347 0.563412 0.649370 0.841822 0.874588 0.000000 0.581890 0.859196 0.822094 0.771242 0.815558 0.754653 0.759250 0.694110 0.765546 0.721740 0.720314 0.847495 0.874165 0.880376 0.906523 0.899531 0.987644 0.553837 0.821450 0.856581 0.808181 0.790919 0.870718 0.552715 0.600898 0.964029 0.735909 0.716078 0.607438 0.662893 0.591892 0.654318 0.765012 0.750151 0.629577 0.885657 0.742159 0.988696 0.889009 0.853179 0.798456 0.989255 0.970388 0.786265 0.791880 0.838456 0.747992 0.691356 0.697595 0.905209 0.871000 0.839257 0.790135 0.839692 0.909993 0.827947 0.957871 0.858134 0.970453 0.771378 0.885556 0.797160 0.875818 0.810742 0.989963 0.869028 0.986787 0.744536 0.846631 0.953508 0.964592 0.838227 0.833569 0.911045 0.907135 0.996616 0.994152 0.971068 0.883044
0.708912 0.673613 0.635253 0.662072 0.886360 0.899061 0.681575 0.696672 0.938047 0.847424 0.877487 0.583236 0.836281 0.838647 0.849844 0.880438 0.860310 0.759751 0.842176 0.605933 0.835410 0.942150 0.831330 0.755830 0.619984 0.706797 0.830931 0.956169 0.967340 0.951780 0.930054 0.936328 0.673580 0.657008 0.724709 0.852681 0.581890 0.000000 0.709039 0.748799 0.845417 0.639152 0.854741 0.907341 0.777088 0.854471 0.745215 0.801909 0.815147 0.857470 0.919052 0.969776 0.920716 0.748653 0.558439 0.700089 0.749748 0.681238 0.803581 0.834804 0.652104 0.698065 0.913302 0.714462 0.734306 0.681675 0.725840 0.626918 0.624443 0.659406 0.882202 0.796670 0.945952 0.872970 0.973863 0.998406 0.797852 0.972750 0.934300 0.912985 0.710039 0.718276 0.879538 0.733331 0.678793 0.652999 0.833802 0.826368 0.749638 0.660424 0.889560 0.840015 0.764406 0.983966 0.900266 0.829118 0.857125 0.835321 0.792378 0.881584 0.867398 0.964770 0.819596 0.910556 0.739680 0.848980 0.929135 0.973792 0.977594 0.864430 0.840484 0.878754 0.831864 0.923247 0.945658 0.972731
