0.000000 0.213801 0.765255 0.486936 0.759880 0.525711 0.571800 0.454125 0.770266 0.654752 0.304936 0.293649 0.337184 0.410556 0.555382 0.369678 0.259216 0.304542 0.344940 0.326716 0.734071 0.927985 0.688580 0.691973 0.913388 0.998224 0.987205 0.988779 0.394464 0.401713 0.839359 0.846286 0.400174 0.406249 0.882831 0.679549 0.683731 0.746575 0.774234 0.638605 0.728461 0.767090 0.595253 0.585791 0.592189 0.527137 0.332916 0.309900 0.362147 0.391712 0.579255 0.518641 0.848158 0.800671 0.436210 0.405179 0.250895 0.214067 0.263212 0.300025 0.286151 0.381550 0.283894 0.278711 0.629013 0.402856 0.703030 0.723950 0.460183 0.484374 0.712044 0.780940 0.671237 0.645257 0.704010 0.749985 0.559460 0.645378 0.412607 0.456988 0.226500 0.255260 0.541171 0.330103 0.462963 0.529843 0.973752 0.932778 0.601416 0.458842 0.855558 0.974032 0.828797 0.950841 0.712093 0.701476 0.712627 0.754075 0.468606 0.558072 0.875296 0.867463 0.686955 0.682276 0.536837 0.574548 0.946770 0.914855 0.728373 0.887478 0.898673 0.493060 0.638848 0.879427 0.702725 0.971470
0.213801 0.000000 0.695711 0.426163 0.819300 0.523918 0.512447 0.428951 0.665856 0.650002 0.300774 0.301725 0.359643 0.388989 0.552094 0.296033 0.250908 0.275453 0.346794 0.285630 0.673655 0.915385 0.640271 0.613986 0.882909 0.917540 0.984966 0.925780 0.314956 0.353413 0.700875 0.671105 0.322823 0.342470 0.960894 0.670446 0.600982 0.711940 0.736022 0.620677 0.752483 0.682475 0.467267 0.452090 0.518495 0.457326 0.339174 0.313635 0.316308 0.347682 0.438886 0.423602 0.714898 0.912310 0.485792 0.427143 0.208155 0.174760 0.306461 0.343297 0.273665 0.395526 0.294880 0.285258 0.576520 0.415556 0.658829 0.630385 0.489819 0.457880 0.608717 0.663546 0.598167 0.553879 0.695116 0.784855 0.515540 0.572771 0.383466 0.397963 0.267691 0.312849 0.504689 0.366443 0.498603 0.513919 0.952930 0.953522 0.634763 0.491834 0.831521 0.899827 0.795485 0.960238 0.675936 0.688230 0.762400 0.769651 0.462789 0.506898 0.883763 0.923173 0.666994 0.680440 0.545704 0.544704 0.965743 0.894074 0.726719 0.948565 0.895567 0.480385 0.638475 0.816138 0.708833 0.990994
0.765255 0.695711 0.000000 0.348763 0.901058 0.821562 0.541282 0.730233 0.751023 0.983804 0.827276 0.884665 0.692490 0.831563 0.731833 0.658820 0.916769 0.851671 0.585571 0.754996 0.624396 0.848164 0.595614 0.692483 0.447668 0.415256 0.928953 0.902346 0.789183 0.850560 0.572846 0.612300 0.578788 0.660796 0.851791 0.896595 0.538113 0.609380 0.473430 0.709942 0.804373 0.729524 0.688019 0.722525 0.838801 0.804117 0.617593 0.767240 0.863637 0.757825 0.698221 0.746312 0.883014 0.943529 0.714209 0.877507 0.780359 0.706589 0.735832 0.651374 0.616311 0.832563 0.925416 0.941904 0.416599 0.508365 0.641215 0.611593 0.608262 0.584577 0.730773 0.672878 0.678321 0.591326 0.939417 0.852667 0.654270 0.728906 0.582655 0.748889 0.849936 0.796587 0.881417 0.824553 0.699498 0.695390 0.849876 0.897225 0.877542 0.798832 0.726899 0.628332 0.655965 0.738558 0.872799 0.845218 0.757436 0.841693 0.858533 0.785180 0.997495 0.807766 0.952535 0.937155 0.708792 0.761500 0.950931 0.723714 0.907680 0.898394 0.968780 0.856868 0.782914 0.902681 0.740444 0.887504
0.486936 0.426163 0.348763 0.000000 0.892948 0.613731 0.496835 0.438373 0.655439 0.769115 0.489570 0.482054 0.474549 0.460098 0.620280 0.452980 0.629227 0.547452 0.445631 0.472071 0.581827 0.934053 0.598214 0.583663 0.634340 0.547790 0.937299 0.870879 0.534380 0.571111 0.649655 0.650717 0.446088 0.498631 0.843805 0.757048 0.542464 0.576443 0.558848 0.660035 0.771205 0.797516 0.631821 0.641941 0.748618 0.692559 0.473073 0.599950 0.636395 0.546988 0.593291 0.592477 0.811298 0.908342 0.583871 0.692759 0.571607 0.437393 0.565018 0.469298 0.415411 0.491420 0.603555 0.585369 0.420160 0.264177 0.657820 0.612597 0.458883 0.322824 0.644381 0.660735 0.738633 0.595850 0.800393 0.728634 0.633212 0.701597 0.397676 0.581239 0.605540 0.514412 0.724797 0.618444 0.576023 0.551082 0.866305 0.945370 0.736109 0.590941 0.716650 0.721552 0.616714 0.763802 0.677693 0.747073 0.742342 0.831607 0.705294 0.737365 0.878926 0.868802 0.829925 0.885166 0.587479 0.602584 0.890441 0.938253 0.971395 0.917211 0.937228 0.755903 0.783744 0.938786 0.668412 0.792429
0.759880 0.819300 0.901058 0.892948 0.000000 0.985353 0.867242 0.845691 0.941965 0.904351 0.849322 0.796992 0.593595 0.780843 0.625040 0.687051 0.878300 0.841254 0.870075 0.895389 0.977847 0.801500 0.640843 0.643052 0.816139 0.872625 0.692239 0.908641 0.897127 0.821177 0.952786 0.892234 0.780608 0.955695 0.999019 0.933106 0.937252 0.961390 0.975758 0.885434 0.859556 0.855023 0.863626 0.861023 0.830440 0.766684 0.703465 0.745009 0.636087 0.719215 0.788041 0.724177 0.802823 0.889830 0.733547 0.759256 0.845984 0.735261 0.791370 0.719872 0.673076 0.745348 0.728999 0.726233 0.700538 0.768008 0.979020 0.999978 0.855263 0.806206 0.781515 0.781253 0.794677 0.941954 0.853778 0.893247 0.942083 0.846671 0.952295 0.743977 0.739595 0.778211 0.734941 0.723452 0.589977 0.648343 0.627186 0.827388 0.623674 0.624310 0.962772 0.795678 0.863445 0.834681 0.988363 0.990067 0.918186 0.890998 0.879503 0.820384 0.891780 0.917824 0.926160 0.943245 0.873958 0.844098 0.811211 0.997401 0.904190 0.956148 0.888021 0.862490 0.678098 0.966147 0.926978 0.888835
0.525711 0.523918 0.821562 0.613731 0.985353 0.000000 0.562492 0.541086 0.698558 0.739385 0.601393 0.554169 0.777659 0.713378 0.914249 0.559396 0.573689 0.580196 0.572485 0.681100 0.752158 0.886974 0.916181 0.877883 0.977642 0.942040 0.835838 0.992129 0.662107 0.602240 0.711104 0.676066 0.542884 0.551949 0.971681 0.688940 0.724898 0.853899 0.904740 0.673195 0.623987 0.918615 0.586276 0.655454 0.709304 0.685333 0.637467 0.668226 0.640069 0.678630 0.669630 0.648493 0.767141 0.981388 0.670765 0.713530 0.566242 0.625740 0.554721 0.627911 0.594908 0.611885 0.666722 0.574530 0.907208 0.592712 0.751397 0.600386 0.737973 0.811352 0.614172 0.731529 0.578147 0.687288 0.929785 0.894892 0.741755 0.652706 0.640861 0.625882 0.568264 0.588572 0.833546 0.683835 0.796023 0.795853 0.873873 0.803053 0.975714 0.804055 0.776022 0.884182 0.789608 0.953635 0.672418 0.766969 0.884287 0.834778 0.594267 0.757909 0.800568 0.904252 0.758279 0.762159 0.743072 0.871095 0.885925 0.997813 0.917267 0.998180 0.887452 0.733758 0.813157 0.803467 0.805535 0.972246
0.571800 0.512447 0.541282 0.496835 0.867242 0.562492 0.000000 0.325220 0.377920 0.469942 0.494324 0.581778 0.768801 0.766644 0.833855 0.514790 0.489543 0.421437 0.324315 0.505267 0.686497 0.922897 0.647256 0.831683 0.997926 0.874415 0.703683 0.884926 0.405726 0.336771 0.358083 0.432875 0.296388 0.260507 0.821767 0.911139 0.770116 0.720376 0.770709 0.867128 0.743155 0.751990 0.296006 0.369222 0.312796 0.398845 0.574543 0.545455 0.540824 0.628593 0.514791 0.548911 0.544305 0.715230 0.700446 0.771322 0.470697 0.602832 0.544390 0.743235 0.354061 0.608330 0.477926 0.492054 0.787461 0.647545 0.272360 0.292568 0.772327 0.707482 0.459292 0.425252 0.407435 0.344201 0.876486 0.784621 0.495852 0.453952 0.542017 0.594310 0.607946 0.716675 0.733148 0.823133 0.836620 0.909699 0.940517 0.864735 0.966067 0.827629 0.492416 0.613553 0.641569 0.810490 0.641325 0.615198 0.572821 0.595183 0.340435 0.332287 0.652393 0.617095 0.523561 0.672075 0.465026 0.667864 0.772476 0.815279 0.742075 0.865108 0.801858 0.508734 0.392616 0.789805 0.688822 0.927635
0.454125 0.428951 0.730233 0.438373 0.845691 0.541086 0.325220 0.000000 0.432090 0.312350 0.345286 0.279884 0.611866 0.483953 0.870526 0.544980 0.458691 0.403659 0.446698 0.437507 0.849537 0.912480 0.860323 0.917894 0.853152 0.965031 0.699080 0.883439 0.369769 0.335769 0.675445 0.726669 0.445455 0.340734 0.835828 0.779352 0.770708 0.740633 0.857461 0.800195 0.781061 0.867568 0.445222 0.493848 0.370363 0.368299 0.491106 0.454096 0.400252 0.492337 0.456115 0.457249 0.548906 0.787011 0.572081 0.579081 0.510635 0.494962 0.435212 0.531497 0.258236 0.246893 0.335415 0.271014 0.843623 0.454757 0.464951 0.416551 0.737713 0.568288 0.588722 0.630696 0.595531 0.564806 0.754531 0.722491 0.501355 0.612426 0.505690 0.623097 0.496519 0.589473 0.774022 0.695406 0.827383 0.897589 0.949047 0.854380 0.843617 0.622730 0.558279 0.785396 0.649749 0.921668 0.682801 0.676168 0.626638 0.670438 0.383496 0.420995 0.546792 0.784002 0.567312 0.686137 0.490602 0.605888 0.918244 0.957010 0.735901 0.803085 0.810424 0.523271 0.512584 0.823297 0.698320 0.913718
0.770266 0.665856 0.751023 0.655439 0.941965 0.698558 0.377920 0.432090 0.000000 0.393309 0.555434 0.572683 0.910667 0.857852 0.969789 0.676770 0.624740 0.514539 0.575528 0.581778 0.716134 0.997291 0.932198 0.931888 0.831996 0.853694 0.719016 0.862976 0.432950 0.471567 0.466766 0.608438 0.554315 0.418148 0.898975 0.979795 0.770069 0.876431 0.750774 0.859291 0.792519 0.732145 0.479266 0.544854 0.506889 0.630103 0.857492 0.761996 0.752312 0.811627 0.674398 0.742477 0.606380 0.686535 0.987603 0.990615 0.594804 0.760886 0.815669 0.967966 0.579053 0.610334 0.582304 0.573570 0.979510 0.773367 0.491126 0.526450 0.820344 0.744876 0.427204 0.435244 0.484476 0.476329 0.976162 0.775977 0.548397 0.562203 0.656378 0.675328 0.787442 0.946254 0.851757 0.964489 0.859550 0.824446 0.795150 0.784125 0.787197 0.956358 0.406708 0.539923 0.606652 0.645153 0.657030 0.798287 0.732266 0.651668 0.504682 0.461651 0.552001 0.645523 0.616976 0.727155 0.606515 0.853959 0.852564 0.866813 0.869395 0.983146 0.879508 0.596677 0.706076 0.910395 0.811504 0.882436
0.654752 0.650002 0.983804 0.769115 0.904351 0.739385 0.469942 0.312350 0.393309 0.000000 0.491804 0.450536 0.873361 0.759783 0.990364 0.708246 0.505503 0.424387 0.601259 0.507327 0.959714 0.830954 0.952442 0.831789 0.687081 0.822151 0.709063 0.814675 0.407630 0.411617 0.689031 0.805374 0.621725 0.439606 0.796804 0.950374 0.825950 0.836675 0.889924 0.880381 0.870944 0.856775 0.518260 0.581974 0.416216 0.495713 0.782478 0.654693 0.593138 0.785053 0.694602 0.715722 0.651547 0.727594 0.873878 0.813862 0.584159 0.711261 0.694543 0.912426 0.515193 0.464674 0.413233 0.367083 0.858661 0.827893 0.529301 0.577884 0.865766 0.818292 0.519248 0.567277 0.633237 0.594337 0.904932 0.784301 0.609769 0.622634 0.667467 0.720807 0.617895 0.839166 0.909581 0.963445 0.861017 0.769303 0.859826 0.720347 0.974512 0.832245 0.434894 0.677740 0.650442 0.814964 0.794857 0.695195 0.746384 0.682554 0.339336 0.396923 0.464840 0.649403 0.512372 0.625260 0.611738 0.762339 0.903657 0.992627 0.727727 0.884521 0.635551 0.498764 0.534987 0.911732 0.818546 0.898587
0.304936 0.300774 0.827276 0.489570 0.849322 0.601393 0.494324 0.345286 0.555434 0.491804 0.000000 0.245562 0.473485 0.364617 0.666771 0.429603 0.290639 0.254411 0.345793 0.325636 0.736937 0.889097 0.819275 0.747600 0.880463 0.947815 0.883357 0.966691 0.283124 0.279971 0.721932 0.757889 0.409526 0.350497 0.913386 0.648384 0.733591 0.747084 0.762253 0.660018 0.776958 0.797507 0.523019 0.529920 0.545631 0.518570 0.488779 0.479112 0.451700 0.514673 0.539072 0.545752 0.735438 0.958285 0.629188 0.566707 0.318947 0.324284 0.432317 0.504668 0.343178 0.361142 0.285600 0.253083 0.847857 0.478756 0.681950 0.650755 0.661461 0.535299 0.656166 0.669355 0.578181 0.581403 0.779479 0.644317 0.504560 0.633242 0.388956 0.487365 0.356214 0.371544 0.671489 0.476783 0.729627 0.739535 0.950264 0.972348 0.761294 0.560294 0.767637 0.908935 0.841413 0.930364 0.708652 0.744149 0.771072 0.709577 0.467943 0.596911 0.795638 0.813413 0.649151 0.696094 0.557545 0.694987 0.864832 0.927463 0.724212 0.895112 0.925063 0.533331 0.546705 0.975216 0.728694 0.878115
0.293649 0.301725 0.884665 0.482054 0.796992 0.554169 0.581778 0.279884 0.572683 0.450536 0.245562 0.000000 0.384649 0.303812 0.637432 0.384365 0.331596 0.342232 0.482969 0.364428 0.796029 0.925390 0.839058 0.779686 0.861231 0.916137 0.895286 0.962126 0.347603 0.365643 0.880531 0.914249 0.491597 0.440182 0.978159 0.685753 0.729060 0.762891 0.848437 0.673344 0.791249 0.870099 0.599803 0.597697 0.571091 0.498052 0.435994 0.416527 0.372085 0.425867 0.523869 0.483295 0.676861 0.965110 0.522904 0.524248 0.383976 0.306852 0.402635 0.426602 0.292540 0.189719 0.271704 0.210519 0.784120 0.368329 0.747247 0.687302 0.608310 0.483372 0.704109 0.765123 0.714390 0.703145 0.694624 0.709643 0.568881 0.706419 0.478777 0.556600 0.326343 0.370468 0.642726 0.451529 0.667720 0.702443 0.951423 0.924693 0.629265 0.539587 0.708656 0.946449 0.797886 0.984456 0.691358 0.739714 0.786775 0.756170 0.509827 0.589184 0.694441 0.925305 0.695143 0.735855 0.546676 0.641745 0.886719 0.969920 0.715062 0.897435 0.873597 0.528999 0.672626 0.937640 0.757072 0.900887
0.337184 0.359643 0.692490 0.474549 0.593595 0.777659 0.768801 0.611866 0.910667 0.873361 0.473485 0.384649 0.000000 0.330855 0.311310 0.326729 0.534929 0.563231 0.537270 0.506225 0.790717 0.963902 0.457185 0.429555 0.761839 0.962050 0.681998 0.805390 0.577231 0.625861 0.933061 0.932534 0.567907 0.631168 0.964542 0.711916 0.690140 0.804403 0.775156 0.628924 0.863468 0.789450 0.796572 0.804162 0.808268 0.680254 0.382012 0.425805 0.421687 0.442657 0.626322 0.550632 0.862158 0.772635 0.566118 0.520051 0.501210 0.279051 0.424448 0.292768 0.357198 0.398173 0.475511 0.479360 0.372233 0.297677 0.956596 0.923998 0.512717 0.382881 0.991153 0.968573 0.994457 0.874016 0.663484 0.779299 0.705717 0.834305 0.587266 0.536342 0.439114 0.337759 0.486034 0.337065 0.315798 0.345874 0.868921 0.866810 0.435730 0.417746 0.999278 0.894457 0.997992 0.896820 0.811543 0.812487 0.874787 0.855989 0.751849 0.768264 0.924185 0.947632 0.980823 0.952432 0.729105 0.696166 0.886531 0.998854 0.865674 0.936686 0.981570 0.709110 0.800706 0.978876 0.717951 0.882240
0.410556 0.388989 0.831563 0.460098 0.780843 0.713378 0.766644 0.483953 0.857852 0.759783 0.364617 0.303812 0.330855 0.000000 0.479138 0.397836 0.501287 0.464941 0.535990 0.445847 0.851046 0.930080 0.632510 0.522994 0.968033 0.966273 0.900684 0.848931 0.474497 0.478465 0.961935 0.952893 0.552733 0.640158 0.921116 0.612669 0.724678 0.786959 0.865731 0.659572 0.802137 0.963150 0.760910 0.692818 0.739774 0.606883 0.479862 0.528079 0.452686 0.398433 0.543201 0.480906 0.727375 0.971929 0.536622 0.558547 0.530918 0.313757 0.514355 0.414883 0.412080 0.356511 0.435754 0.380796 0.616293 0.351037 0.990584 0.895645 0.670955 0.481486 0.959964 0.936291 0.966417 0.910384 0.771350 0.763661 0.716886 0.908862 0.528538 0.585485 0.471617 0.377403 0.511965 0.386447 0.553223 0.514227 0.891980 0.836049 0.555550 0.411860 0.979583 0.796773 0.970867 0.831256 0.824817 0.860908 0.936080 0.957086 0.773058 0.845862 0.926166 0.893796 0.895033 0.907344 0.721663 0.724805 0.864296 0.831044 0.829925 0.933211 0.967844 0.777537 0.826022 0.979900 0.733580 0.839400
0.555382 0.552094 0.731833 0.620280 0.625040 0.914249 0.833855 0.870526 0.969789 0.990364 0.666771 0.637432 0.311310 0.479138 0.000000 0.320484 0.647418 0.609144 0.565634 0.579533 0.712252 0.976111 0.313713 0.337604 0.679096 0.854611 0.538880 0.741920 0.672686 0.674001 0.923646 0.953207 0.615049 0.756167 0.905219 0.786193 0.754399 0.883018 0.850934 0.724933 0.856676 0.804187 0.871299 0.857381 0.948695 0.894326 0.630161 0.658565 0.683233 0.677329 0.838333 0.787524 0.955545 0.751511 0.729226 0.790782 0.575045 0.433434 0.671233 0.600869 0.589086 0.716152 0.639309 0.695547 0.408052 0.508588 0.943524 0.937586 0.532299 0.568722 0.992367 0.942893 0.935013 0.904783 0.838131 0.804191 0.852093 0.872530 0.765763 0.547876 0.578171 0.487125 0.464187 0.494287 0.398708 0.385170 0.836160 0.776280 0.571723 0.582985 0.965173 0.889482 0.930251 0.891450 0.818677 0.846263 0.928368 0.934527 0.847175 0.835057 0.812754 0.979646 0.993110 0.958176 0.846228 0.902752 0.960351 0.946144 0.889668 0.923309 0.920829 0.819111 0.855915 0.937756 0.838100 0.906299
0.369678 0.296033 0.658820 0.452980 0.687051 0.559396 0.514790 0.544980 0.676770 0.708246 0.429603 0.384365 0.326729 0.397836 0.320484 0.000000 0.380608 0.369716 0.358557 0.366183 0.659722 0.923769 0.392358 0.424252 0.845711 0.872335 0.811316 0.876837 0.447432 0.420012 0.677491 0.704824 0.365322 0.440627 0.971162 0.723129 0.604644 0.675647 0.750365 0.596579 0.710731 0.713487 0.523194 0.531265 0.636878 0.590352 0.475958 0.449427 0.470497 0.511890 0.558326 0.512547 0.705548 0.951586 0.629554 0.665996 0.326097 0.284657 0.492018 0.525291 0.365683 0.482815 0.447100 0.434520 0.494294 0.399302 0.778473 0.740655 0.477256 0.528351 0.670644 0.646147 0.707129 0.577557 0.774590 0.747746 0.633159 0.625822 0.490101 0.404447 0.402712 0.432570 0.457157 0.459741 0.496655 0.494748 0.989168 0.985515 0.624421 0.601211 0.743200 0.902195 0.840701 0.995047 0.644723 0.671744 0.865773 0.817426 0.576787 0.566179 0.924510 0.867527 0.772296 0.801998 0.663502 0.709377 0.944944 0.930450 0.769442 0.957790 0.886868 0.554179 0.641741 0.898164 0.691351 0.937828
0.259216 0.250908 0.916769 0.629227 0.878300 0.573689 0.489543 0.458691 0.624740 0.505503 0.290639 0.331596 0.534929 0.501287 0.647418 0.380608 0.000000 0.175133 0.351494 0.307606 0.727691 0.951129 0.804048 0.779461 0.878020 0.876646 0.877958 0.971823 0.285353 0.255483 0.677574 0.668029 0.376771 0.330762 0.894371 0.707314 0.732250 0.819266 0.942561 0.691169 0.756611 0.722457 0.431744 0.435774 0.477765 0.487773 0.472486 0.387619 0.404008 0.513750 0.573626 0.570797 0.787398 0.924545 0.575652 0.505117 0.184571 0.301048 0.389651 0.585480 0.380501 0.494545 0.233868 0.233624 0.872098 0.657161 0.630508 0.669242 0.607707 0.664255 0.539038 0.589210 0.526615 0.521667 0.735319 0.780219 0.539184 0.582060 0.425400 0.394957 0.256373 0.366026 0.528704 0.488926 0.687985 0.734190 0.958607 0.892156 0.784725 0.616747 0.757153 0.916535 0.864827 0.935161 0.667864 0.621497 0.706257 0.694718 0.375530 0.437888 0.767353 0.768873 0.610561 0.553730 0.549184 0.605760 0.967670 0.925827 0.594506 0.919329 0.748676 0.449895 0.561752 0.824209 0.756530 0.977180
0.304542 0.275453 0.851671 0.547452 0.841254 0.580196 0.421437 0.403659 0.514539 0.424387 0.254411 0.342232 0.563231 0.464941 0.609144 0.369716 0.175133 0.000000 0.293893 0.261939 0.674422 0.992162 0.728737 0.728028 0.901575 0.964993 0.913584 0.944803 0.231752 0.200108 0.608355 0.599876 0.319711 0.282426 0.966979 0.736662 0.728731 0.799737 0.909375 0.708373 0.736114 0.692242 0.401252 0.404139 0.435439 0.471615 0.511635 0.426094 0.433743 0.535775 0.559794 0.566623 0.718675 0.982438 0.641308 0.575607 0.209197 0.305382 0.458552 0.648513 0.370903 0.492727 0.229231 0.234943 0.830018 0.625326 0.605695 0.624698 0.618611 0.616467 0.519942 0.539634 0.550112 0.515415 0.822526 0.730406 0.534474 0.521972 0.412325 0.366026 0.305507 0.410329 0.503299 0.509692 0.695553 0.742100 0.958417 0.966834 0.844023 0.590585 0.693806 0.860260 0.828053 0.977695 0.664869 0.608688 0.716282 0.682750 0.334016 0.408884 0.750481 0.729664 0.584462 0.558181 0.517592 0.629075 0.978583 0.981277 0.663392 0.969088 0.781157 0.443992 0.523437 0.869672 0.701018 0.931341
0.344940 0.346794 0.585571 0.445631 0.870075 0.572485 0.324315 0.446698 0.575528 0.601259 0.345793 0.482969 0.537270 0.535990 0.565634 0.358557 0.351494 0.293893 0.000000 0.340274 0.687748 0.924045 0.546046 0.653083 0.939829 0.895917 0.915343 0.979512 0.352245 0.338484 0.533684 0.517568 0.321001 0.295013 0.889318 0.777002 0.721128 0.718464 0.755807 0.701926 0.718417 0.764065 0.487044 0.531093 0.538801 0.562609 0.496814 0.479138 0.548549 0.608984 0.659942 0.650780 0.796247 0.961352 0.666675 0.675086 0.339804 0.395675 0.451557 0.577770 0.375362 0.607321 0.439994 0.448594 0.683824 0.526169 0.532295 0.594091 0.583581 0.598105 0.553800 0.510500 0.535501 0.437476 0.827304 0.759795 0.504964 0.558540 0.414721 0.470985 0.448524 0.435661 0.642419 0.545856 0.644069 0.705673 0.954852 0.984248 0.855625 0.712296 0.688625 0.808898 0.755190 0.898459 0.637369 0.651425 0.675565 0.812061 0.448019 0.452712 0.867471 0.743979 0.679085 0.737158 0.601844 0.694449 0.963272 0.965315 0.737319 0.939551 0.937349 0.537547 0.518548 0.898288 0.684633 0.928823
0.326716 0.285630 0.754996 0.472071 0.895389 0.681100 0.505267 0.437507 0.581778 0.507327 0.325636 0.364428 0.506225 0.445847 0.579533 0.366183 0.307606 0.261939 0.340274 0.000000 0.734093 0.982566 0.656095 0.724639 0.979568 0.982961 0.915172 0.963617 0.307160 0.345238 0.697659 0.742048 0.439877 0.346329 0.952446 0.711570 0.665860 0.755894 0.778429 0.743455 0.737022 0.799925 0.571853 0.567469 0.581508 0.579760 0.568329 0.487182 0.527970 0.550763 0.659066 0.641561 0.776098 0.961848 0.651011 0.634800 0.297133 0.319679 0.513183 0.593679 0.393378 0.493640 0.335347 0.341478 0.724278 0.554312 0.715038 0.741533 0.561516 0.499650 0.535132 0.566207 0.634250 0.575679 0.851098 0.791853 0.529616 0.628927 0.451884 0.518490 0.456506 0.490559 0.563357 0.582896 0.703925 0.782417 0.956951 0.913299 0.795544 0.590576 0.704783 0.817258 0.737079 0.897157 0.742488 0.638865 0.797737 0.753351 0.462639 0.461586 0.795029 0.845147 0.683939 0.710528 0.598739 0.630873 0.986513 0.996820 0.757332 0.976789 0.920581 0.452631 0.626383 0.923287 0.798527 0.866518
0.734071 0.673655 0.624396 0.581827 0.977847 0.752158 0.686497 0.849537 0.716134 0.959714 0.736937 0.796029 0.790717 0.851046 0.712252 0.659722 0.727691 0.674422 0.687748 0.734093 0.000000 0.900305 0.731168 0.783952 0.822568 0.711496 0.862625 0.786568 0.731160 0.678585 0.612839 0.723943 0.704049 0.700913 0.997433 0.900011 0.646992 0.902393 0.724568 0.709269 0.934705 0.859250 0.712865 0.707542 0.851266 0.901305 0.755363 0.788205 0.850297 0.840478 0.833556 0.854350 0.924146 0.948703 0.778781 0.937797 0.660864 0.671718 0.796277 0.855809 0.757342 0.876421 0.799471 0.803146 0.699773 0.748855 0.739139 0.737228 0.597989 0.619678 0.752543 0.778958 0.664552 0.730251 0.844445 0.876944 0.822751 0.653483 0.702078 0.619091 0.712520 0.690696 0.773087 0.744244 0.755094 0.683392 0.891326 0.977622 0.995201 0.928611 0.894472 0.874265 0.870788 0.856197 0.676960 0.901599 0.839792 0.908161 0.824295 0.811205 0.987377 0.779674 0.916548 0.774090 0.660437 0.812079 0.947887 0.954542 0.761765 0.880398 0.997865 0.883125 0.853985 0.952083 0.812994 0.934241
0.927985 0.915385 0.848164 0.934053 0.801500 0.886974 0.922897 0.912480 0.997291 0.830954 0.889097 0.925390 0.963902 0.930080 0.976111 0.923769 0.951129 0.992162 0.924045 0.982566 0.900305 0.000000 0.919399 0.839019 0.818616 0.848696 0.986690 0.959526 0.980614 0.957507 0.812826 0.705481 0.895243 0.925252 0.866252 0.971464 0.802935 0.864336 0.957321 0.890431 0.940006 0.865845 0.868149 0.916326 0.989659 0.971471 0.988177 0.931219 0.926926 0.992152 0.924588 0.987827 0.933598 0.899056 0.971833 0.889392 0.907795 0.954575 0.972377 0.905837 0.927874 0.805534 0.878211 0.892564 0.951828 0.933914 0.888440 0.971247 0.964410 0.966885 0.785658 0.811825 0.852036 0.872379 0.914963 0.959188 0.890368 0.912070 0.965179 0.863748 0.974210 0.978490 0.934775 0.967826 0.953875 0.901361 0.888287 0.888842 0.986806 0.827320 0.920825 0.823410 0.867012 0.913231 0.925184 0.813535 0.921192 0.973721 0.974635 0.910696 0.921963 0.986831 0.921686 0.731971 0.867246 0.807937 0.997652 0.878687 0.803492 0.856896 0.994956 0.979563 0.971968 0.771300 0.873203 0.981059
0.688580 0.640271 0.595614 0.598214 0.640843 0.916181 0.647256 0.860323 0.932198 0.952442 0.819275 0.839058 0.457185 0.632510 0.313713 0.392358 0.804048 0.728737 0.546046 0.656095 0.731168 0.919399 0.000000 0.313088 0.641333 0.761996 0.602713 0.716552 0.723569 0.734867 0.805681 0.808605 0.529097 0.710948 0.953185 0.936859 0.808611 0.904017 0.806351 0.846192 0.820616 0.826486 0.751751 0.767622 0.774151 0.753219 0.640377 0.640198 0.665753 0.639807 0.752280 0.674402 0.788992 0.957921 0.780989 0.844416 0.697629 0.568063 0.761636 0.675907 0.585172 0.861684 0.760190 0.840363 0.335086 0.579578 0.850846 0.847630 0.662818 0.604344 0.998923 0.886314 0.989864 0.825939 0.832079 0.916430 0.846931 0.797095 0.807879 0.667303 0.765019 0.685838 0.520551 0.646570 0.394053 0.412185 0.927263 0.762230 0.693468 0.668764 0.934295 0.959307 0.962856 0.947030 0.843745 0.809063 0.889112 0.866093 0.803882 0.708329 0.836140 0.991218 0.921725 0.975338 0.746540 0.784445 0.836103 0.912469 0.944281 0.919117 0.919232 0.819213 0.732175 0.971465 0.742615 0.934786
0.691973 0.613986 0.692483 0.583663 0.643052 0.877883 0.831683 0.917894 0.931888 0.831789 0.747600 0.779686 0.429555 0.522994 0.337604 0.424252 0.779461 0.728028 0.653083 0.724639 0.783952 0.839019 0.313088 0.000000 0.667688 0.818296 0.658652 0.771516 0.805799 0.742500 0.950143 0.842369 0.592276 0.800664 0.955300 0.806851 0.765938 0.908671 0.783992 0.799416 0.858676 0.800540 0.797326 0.745842 0.910866 0.826344 0.630658 0.730567 0.701769 0.636971 0.717938 0.666453 0.851430 0.892856 0.775912 0.750468 0.692271 0.527035 0.755062 0.636929 0.677698 0.838928 0.762992 0.815137 0.435510 0.554938 0.991328 0.956860 0.749531 0.665916 0.927212 0.996382 0.965483 0.989648 0.816816 0.887056 0.871625 0.916270 0.768880 0.556253 0.674112 0.563843 0.534494 0.502922 0.416119 0.325365 0.960134 0.692145 0.587486 0.588985 0.877696 0.899292 0.875301 0.831056 0.891237 0.844020 0.987269 0.932902 0.951877 0.896954 0.755367 0.912024 0.995342 0.973567 0.929319 0.900688 0.977298 0.977631 0.920410 0.947032 0.865935 0.863679 0.810900 0.963667 0.801517 0.869613
0.913388 0.882909 0.447668 0.634340 0.816139 0.977642 0.997926 0.853152 0.831996 0.687081 0.880463 0.861231 0.761839 0.968033 0.679096 0.845711 0.878020 0.901575 0.939829 0.979568 0.822568 0.818616 0.641333 0.667688 0.000000 0.436027 0.652903 0.870822 0.925164 0.810758 0.875870 0.872435 0.837859 0.991239 0.960371 0.982592 0.667110 0.809180 0.598838 0.891700 0.861289 0.804887 0.981755 0.965051 0.836784 0.852038 0.833796 0.940622 0.946600 0.930083 0.994442 0.972117 0.798466 0.665887 0.839084 0.951340 0.957415 0.853470 0.951016 0.762559 0.907010 0.894234 0.855824 0.798063 0.414042 0.704714 0.996307 0.997399 0.603034 0.678848 0.945298 0.968253 0.916584 0.895165 0.776890 0.919778 0.961030 0.884944 0.904011 0.873509 0.952922 0.903391 0.956779 0.861832 0.585542 0.594800 0.867326 0.924880 0.799705 0.866570 0.988058 0.773800 0.737067 0.762778 0.971542 0.918587 0.873461 0.999894 0.904395 0.918254 0.760146 0.998344 0.927291 0.988417 0.850142 0.884707 0.923818 0.795278 0.789706 0.940616 0.858238 0.858237 0.964533 0.973098 0.929093 0.993830
0.998224 0.917540 0.415256 0.547790 0.872625 0.942040 0.874415 0.965031 0.853694 0.822151 0.947815 0.916137 0.962050 0.966273 0.854611 0.872335 0.876646 0.964993 0.895917 0.982961 0.711496 0.848696 0.761996 0.818296 0.436027 0.000000 0.864902 0.857505 0.977116 0.894250 0.669158 0.681430 0.773249 0.913995 0.785707 0.937276 0.631699 0.749668 0.508183 0.832417 0.924840 0.759546 0.860338 0.899881 0.938036 0.938334 0.889576 0.998867 0.890142 0.940244 0.862777 0.944519 0.996325 0.890440 0.987887 0.911059 0.978421 0.923981 0.950230 0.912323 0.937756 0.942127 0.856714 0.812465 0.557632 0.707012 0.876943 0.816138 0.682734 0.751239 0.736643 0.744782 0.874490 0.739634 0.953271 0.923737 0.873082 0.882764 0.828036 0.884633 0.951488 0.987203 0.979127 0.993154 0.860481 0.796396 0.745591 0.859830 0.953030 0.999913 0.772362 0.583322 0.628968 0.681044 0.929763 0.950346 0.888070 0.985833 0.938350 0.951409 0.940924 0.938151 0.975546 0.967186 0.817205 0.945603 0.956080 0.750934 0.762242 0.974272 0.805791 0.970681 0.923777 0.984478 0.862801 0.940616
0.987205 0.984966 0.928953 0.937299 0.692239 0.835838 0.703683 0.699080 0.719016 0.709063 0.883357 0.895286 0.681998 0.900684 0.538880 0.811316 0.877958 0.913584 0.915343 0.915172 0.862625 0.986690 0.602713 0.658652 0.652903 0.864902 0.000000 0.621219 0.908078 0.806262 0.819954 0.795951 0.916208 0.736365 0.974641 0.921574 0.964155 0.948885 0.957947 0.875055 0.978211 0.862119 0.806991 0.771118 0.665239 0.719564 0.999884 0.991842 0.974354 0.969069 0.868860 0.917046 0.869678 0.678577 0.976182 0.952306 0.938640 0.898434 0.867135 0.929524 0.901244 0.875176 0.872523 0.846962 0.573805 0.899663 0.613080 0.616020 0.796717 0.764238 0.739394 0.739280 0.621900 0.791023 0.943358 0.954908 0.783676 0.849984 0.967373 0.856772 0.977619 0.893728 0.819884 0.870611 0.606975 0.579801 0.849900 0.774087 0.662444 0.895831 0.797717 0.880505 0.854854 0.993247 0.973855 0.918364 0.813190 0.821622 0.739889 0.768986 0.625009 0.800722 0.710336 0.912099 0.866926 0.933838 0.988135 0.920904 0.832818 0.922504 0.929280 0.836208 0.796176 0.875021 0.971717 0.963325
0.988779 0.925780 0.902346 0.870879 0.908641 0.992129 0.884926 0.883439 0.862976 0.814675 0.966691 0.962126 0.805390 0.848931 0.741920 0.876837 0.971823 0.944803 0.979512 0.963617 0.786568 0.959526 0.716552 0.771516 0.870822 0.857505 0.621219 0.000000 0.969574 0.931730 0.880177 0.897037 0.965347 0.874986 0.907389 0.830627 0.891188 0.778787 0.981740 0.744572 0.882612 0.855242 0.964829 0.918854 0.835749 0.858381 0.942812 0.993762 0.976623 0.931101 0.995148 0.993054 0.949918 0.804022 0.945682 0.837277 0.954101 0.924502 0.966019 0.899250 0.966960 0.950197 0.941621 0.909673 0.704086 0.863715 0.796340 0.929242 0.798207 0.825369 0.939778 0.950245 0.843100 0.939099 0.943586 0.955307 0.975810 0.861775 0.993792 0.932739 0.915182 0.891882 0.884694 0.935021 0.783115 0.685575 0.948577 0.991681 0.798424 0.759880 0.819787 0.978827 0.861262 0.932668 0.989643 0.897987 0.884781 0.829397 0.874476 0.854674 0.706215 0.810251 0.741490 0.918980 0.944875 0.924975 0.932536 0.810087 0.987926 0.942328 0.850492 0.845385 0.780666 0.973662 0.916325 0.956806
0.394464 0.314956 0.789183 0.534380 0.897127 0.662107 0.405726 0.369769 0.432950 0.407630 0.283124 0.347603 0.577231 0.474497 0.672686 0.447432 0.285353 0.231752 0.352245 0.307160 0.731160 0.980614 0.723569 0.805799 0.925164 0.977116 0.908078 0.969574 0.000000 0.260290 0.610755 0.662935 0.346419 0.287369 0.977585 0.761962 0.701533 0.818020 0.872327 0.779903 0.726638 0.694222 0.448801 0.475281 0.427848 0.468500 0.537378 0.495365 0.429759 0.528623 0.543179 0.587099 0.660886 0.896777 0.679846 0.613709 0.317710 0.376971 0.501056 0.633880 0.353236 0.478818 0.270020 0.293111 0.807212 0.604704 0.583137 0.598608 0.691732 0.586444 0.528373 0.536193 0.518304 0.509601 0.796654 0.774925 0.518433 0.557059 0.485485 0.500327 0.415344 0.487701 0.549992 0.580478 0.743758 0.820029 0.987162 0.893084 0.864915 0.667326 0.668959 0.791444 0.757406 0.904822 0.707360 0.655853 0.766105 0.646506 0.374627 0.466047 0.717345 0.795214 0.567907 0.623181 0.526268 0.622964 0.963419 0.965361 0.714481 0.943498 0.878357 0.478456 0.579678 0.889243 0.815113 0.897607
0.401713 0.353413 0.850560 0.571111 0.821177 0.602240 0.336771 0.335769 0.471567 0.411617 0.279971 0.365643 0.625861 0.478465 0.674001 0.420012 0.255483 0.200108 0.338484 0.345238 0.678585 0.957507 0.734867 0.742500 0.810758 0.894250 0.806262 0.931730 0.260290 0.000000 0.552041 0.594021 0.325716 0.312613 0.991779 0.778682 0.757505 0.822024 0.930638 0.733296 0.733909 0.735430 0.360173 0.317789 0.331582 0.366836 0.518656 0.463319 0.393966 0.495162 0.462830 0.479672 0.575365 0.831039 0.585441 0.574418 0.299995 0.396634 0.426807 0.664794 0.336545 0.459370 0.244379 0.244080 0.894761 0.641061 0.499711 0.494796 0.759304 0.663641 0.562877 0.539348 0.522362 0.495852 0.836036 0.702480 0.533750 0.535651 0.458677 0.401040 0.356889 0.461586 0.533080 0.566498 0.771379 0.788209 0.981776 0.978228 0.874632 0.645524 0.703591 0.907018 0.881414 0.968835 0.646428 0.689082 0.649789 0.700703 0.353409 0.400976 0.722812 0.731388 0.535394 0.595139 0.501039 0.655340 0.880359 0.999201 0.706718 0.893122 0.821879 0.495856 0.470676 0.823141 0.702035 0.968584
0.839359 0.700875 0.572846 0.649655 0.952786 0.711104 0.358083 0.675445 0.466766 0.689031 0.721932 0.880531 0.933061 0.961935 0.923646 0.677491 0.677574 0.608355 0.533684 0.697659 0.612839 0.812826 0.805681 0.950143 0.875870 0.669158 0.819954 0.880177 0.610755 0.552041 0.000000 0.304799 0.459065 0.465355 0.858529 0.974178 0.724632 0.608801 0.724512 0.868899 0.745669 0.629990 0.398111 0.410855 0.531491 0.649339 0.852912 0.851851 0.827365 0.849566 0.637417 0.753217 0.672397 0.696136 0.842390 0.956873 0.567750 0.815767 0.833526 0.950277 0.699761 0.933624 0.773339 0.773273 0.895325 0.904550 0.432751 0.467519 0.776845 0.916897 0.383851 0.342587 0.432445 0.346173 0.949870 0.840026 0.592363 0.403441 0.637253 0.620391 0.776603 0.959153 0.893289 0.954729 0.916573 0.960077 0.806316 0.737982 0.773368 0.861468 0.556899 0.497629 0.595169 0.674179 0.688872 0.838600 0.647066 0.821439 0.538834 0.551625 0.773465 0.537173 0.566093 0.737228 0.603874 0.855266 0.767393 0.733201 0.865208 0.923613 0.857908 0.751356 0.620196 0.834821 0.800165 0.949871
0.846286 0.671105 0.612300 0.650717 0.892234 0.676066 0.432875 0.726669 0.608438 0.805374 0.757889 0.914249 0.932534 0.952893 0.953207 0.704824 0.668029 0.599876 0.517568 0.742048 0.723943 0.705481 0.808605 0.842369 0.872435 0.681430 0.795951 0.897037 0.662935 0.594021 0.304799 0.000000 0.494410 0.507130 0.891703 0.959057 0.763804 0.720749 0.756825 0.832406 0.776102 0.739600 0.415947 0.452680 0.582509 0.659557 0.782978 0.835940 0.835421 0.833406 0.641597 0.725900 0.741191 0.806939 0.874198 0.962140 0.605858 0.796199 0.841130 0.999083 0.745502 0.995633 0.803277 0.817344 0.900481 0.918918 0.502689 0.482776 0.861065 0.905521 0.426269 0.466233 0.502573 0.447513 0.868854 0.924021 0.684117 0.557965 0.651623 0.605017 0.814743 0.901451 0.890486 0.955373 0.961637 0.969618 0.732102 0.943911 0.791565 0.936589 0.701498 0.631803 0.721113 0.859127 0.719033 0.821922 0.757062 0.940423 0.641625 0.614129 0.803121 0.624610 0.648286 0.758564 0.623037 0.857975 0.944217 0.867234 0.913954 0.922420 0.816655 0.767056 0.611830 0.877460 0.769563 0.980277
0.400174 0.322823 0.578788 0.446088 0.780608 0.542884 0.296388 0.445455 0.554315 0.621725 0.409526 0.491597 0.567907 0.552733 0.615049 0.365322 0.376771 0.319711 0.321001 0.439877 0.704049 0.895243 0.529097 0.592276 0.837859 0.773249 0.916208 0.965347 0.346419 0.325716 0.459065 0.494410 0.000000 0.282998 0.878475 0.844212 0.715191 0.666536 0.766552 0.732565 0.676730 0.624043 0.323061 0.323522 0.381235 0.402459 0.455691 0.449564 0.407512 0.431867 0.398951 0.431413 0.587048 0.869914 0.547897 0.583797 0.306660 0.359631 0.439090 0.556161 0.316554 0.566280 0.402157 0.422933 0.601007 0.512544 0.465106 0.445792 0.608593 0.632164 0.558333 0.517562 0.530048 0.434468 0.697104 0.785210 0.506719 0.457744 0.468439 0.453020 0.386935 0.471607 0.510789 0.524742 0.572314 0.586345 0.943451 0.972381 0.787525 0.610776 0.678482 0.753085 0.750852 0.953347 0.696569 0.619435 0.603819 0.617857 0.386459 0.470762 0.813549 0.764517 0.569216 0.692580 0.467616 0.610810 0.912686 0.765455 0.806068 0.911406 0.897957 0.537779 0.459048 0.803398 0.651909 0.896469
0.406249 0.342470 0.660796 0.498631 0.955695 0.551949 0.260507 0.340734 0.418148 0.439606 0.350497 0.440182 0.631168 0.640158 0.756167 0.440627 0.330762 0.282426 0.295013 0.346329 0.700913 0.925252 0.710948 0.800664 0.991239 0.913995 0.736365 0.874986 0.287369 0.312613 0.465355 0.507130 0.282998 0.000000 0.902802 0.868928 0.653422 0.704958 0.760789 0.760335 0.709365 0.701036 0.337137 0.399811 0.339114 0.401576 0.517982 0.458913 0.459288 0.563347 0.491565 0.552771 0.619923 0.820496 0.715047 0.617731 0.304385 0.420283 0.457256 0.623595 0.330205 0.527237 0.370392 0.378228 0.768463 0.608510 0.415561 0.438130 0.665405 0.638767 0.392581 0.422468 0.408762 0.344458 0.719473 0.819911 0.409193 0.428413 0.484700 0.476432 0.446536 0.575769 0.677549 0.644896 0.777780 0.848154 0.868652 0.829477 0.948037 0.762025 0.569861 0.656948 0.661312 0.840676 0.597083 0.522092 0.651069 0.608603 0.270774 0.330020 0.684855 0.629998 0.515546 0.641152 0.459858 0.607999 0.994733 0.805220 0.727578 0.983963 0.822227 0.397245 0.437090 0.730502 0.670895 0.923713
0.882831 0.960894 0.851791 0.843805 0.999019 0.971681 0.821767 0.835828 0.898975 0.796804 0.913386 0.978159 0.964542 0.921116 0.905219 0.971162 0.894371 0.966979 0.889318 0.952446 0.997433 0.866252 0.953185 0.955300 0.960371 0.785707 0.974641 0.907389 0.977585 0.991779 0.858529 0.891703 0.878475 0.902802 0.000000 0.828390 0.961939 0.825902 0.978741 0.954057 0.809787 0.828270 0.714715 0.815830 0.710100 0.722946 0.870460 0.875336 0.878145 0.967596 0.768424 0.823298 0.716580 0.769275 0.989932 0.987174 0.917165 0.988175 0.967936 0.963625 0.854225 0.903019 0.963060 0.969143 0.873252 0.964150 0.748699 0.646726 0.941956 0.995617 0.797985 0.874765 0.998184 0.926731 0.956272 0.984359 0.850299 0.794958 0.998629 0.948214 0.907911 0.852064 0.963945 0.779725 0.936559 0.987164 0.879568 0.858355 0.986242 0.858992 0.786718 0.759163 0.848812 0.941994 0.946737 0.768081 0.877933 0.912672 0.844612 0.857914 0.689337 0.837379 0.809685 0.962623 0.836708 0.877154 0.948231 0.838346 0.905499 0.827831 0.922737 0.950589 0.812922 0.835914 0.798672 0.972533
0.679549 0.670446 0.896595 0.757048 0.933106 0.688940 0.911139 0.779352 0.979795 0.950374 0.648384 0.685753 0.711916 0.612669 0.786193 0.723129 0.707314 0.736662 0.777002 0.711570 0.900011 0.971464 0.936859 0.806851 0.982592 0.937276 0.921574 0.830627 0.761962 0.778682 0.974178 0.959057 0.844212 0.868928 0.828390 0.000000 0.724977 0.949346 0.894742 0.858855 0.750060 0.857075 0.906981 0.856056 0.972777 0.908018 0.784275 0.773891 0.784613 0.750379 0.846280 0.761117 0.900360 0.946362 0.743891 0.784595 0.709542 0.650823 0.799154 0.693395 0.792030 0.755295 0.729934 0.670628 0.903968 0.707669 0.902092 0.990659 0.836471 0.877325 0.934693 0.987876 0.787929 0.961022 0.921471 0.971033 0.788509 0.883072 0.745473 0.884019 0.788233 0.663623 0.780037 0.653703 0.829565 0.821733 0.989631 0.996313 0.852853 0.694302 0.934336 0.929744 0.935315 0.943715 0.896390 0.928342 0.844390 0.940098 0.931116 0.988218 0.957691 0.904435 0.877435 0.951142 0.946313 0.956816 0.967823 0.873402 0.956155 0.878992 0.986202 0.834664 0.999958 0.970019 0.988861 0.946193
0.683731 0.600982 0.538113 0.542464 0.937252 0.724898 0.770116 0.770708 0.770069 0.825950 0.733591 0.729060 0.690140 0.724678 0.754399 0.604644 0.732250 0.728731 0.721128 0.665860 0.646992 0.802935 0.808611 0.765938 0.667110 0.631699 0.964155 0.891188 0.701533 0.757505 0.724632 0.763804 0.715191 0.653422 0.961939 0.724977 0.000000 0.675770 0.670868 0.550383 0.664055 0.656970 0.710485 0.664880 0.789059 0.772362 0.687162 0.713614 0.752838 0.714170 0.687740 0.703795 0.834680 0.958463 0.837832 0.896097 0.616849 0.611425 0.702858 0.693873 0.664955 0.746394 0.786123 0.749824 0.636675 0.644292 0.764553 0.802590 0.565151 0.670114 0.547899 0.610808 0.684757 0.665307 0.974626 0.897259 0.742081 0.658516 0.646780 0.640800 0.679466 0.805527 0.850749 0.745318 0.892728 0.824918 0.686076 0.668951 0.918119 0.847868 0.684926 0.640265 0.625869 0.687878 0.840522 0.816830 0.928203 0.982641 0.711019 0.753601 0.793344 0.706734 0.763137 0.730817 0.759789 0.761917 0.909476 0.842470 0.958951 0.971757 0.922084 0.768906 0.955299 0.848048 0.810407 0.870003
0.746575 0.711940 0.609380 0.576443 0.961390 0.853899 0.720376 0.740633 0.876431 0.836675 0.747084 0.762891 0.804403 0.786959 0.883018 0.675647 0.819266 0.799737 0.718464 0.755894 0.902393 0.864336 0.904017 0.908671 0.809180 0.749668 0.948885 0.778787 0.818020 0.822024 0.608801 0.720749 0.666536 0.704958 0.825902 0.949346 0.675770 0.000000 0.763867 0.814801 0.900898 0.718837 0.754282 0.739174 0.821135 0.781496 0.821551 0.818869 0.871356 0.815392 0.711769 0.744920 0.843942 0.817768 0.770889 0.963910 0.699206 0.700083 0.787830 0.808557 0.730524 0.771252 0.879726 0.827530 0.768249 0.648660 0.744377 0.813424 0.569772 0.735853 0.669129 0.606389 0.735967 0.533500 0.820845 0.755685 0.695169 0.696656 0.601046 0.801225 0.806507 0.906754 0.926569 0.899262 0.973855 0.899275 0.963498 0.792328 0.819870 0.905441 0.698858 0.704031 0.612335 0.659396 0.815835 0.887337 0.854245 0.918802 0.780569 0.891175 0.829251 0.729331 0.721431 0.886029 0.818763 0.736403 0.924438 0.749084 0.990278 0.954163 0.946137 0.801810 0.771621 0.875158 0.577184 0.985039
