0.000000 0.446266 0.977381 0.820581 0.896979 0.876738 0.824482 0.669636 0.896253 0.739826 0.548967 0.495068 0.806215 0.728717 0.869001 0.724213 0.540573 0.592166 0.589538 0.569691 0.974571 0.844800 0.990904 0.970369 0.950175 0.921727 0.916771 0.882280 0.688093 0.674884 0.800931 0.832580 0.555091 0.613145 0.988131 0.990533 0.798985 0.776691 0.950620 0.923938 0.790640 0.942610 0.800913 0.668881 0.776416 0.760773 0.830530 0.783025 0.821805 0.906680 0.774811 0.913958 0.922641 0.964676 0.836769 0.794372 0.430124 0.437799 0.610007 0.728296 0.633959 0.749916 0.471825 0.503892 0.822873 0.993202 0.829490 0.772418 0.482973 0.645030 0.690233 0.662211 0.724715 0.771327 0.928526 0.910312 0.826180 0.769596 0.791103 0.719299 0.562690 0.603833 0.874624 0.724646 0.964702 0.969178 0.889337 0.895933 0.923202 0.933804 0.813128 0.888181 0.920582 0.937064 0.996893 0.970472 0.730946 0.941158 0.548266 0.749876 0.787147 0.896055 0.703257 0.588014 0.798471 0.877589 0.799018 0.950468 0.926347 0.860649 0.750941 0.910930 0.835557 0.946890 0.890642 0.994730
0.446266 0.000000 0.814703 0.910200 0.935647 0.893202 0.958082 0.526979 0.952133 0.661351 0.630751 0.352188 0.747752 0.538125 0.827021 0.554117 0.448487 0.416212 0.578844 0.440247 0.926905 0.904789 0.940930 0.902950 0.966236 0.781080 0.916039 0.815259 0.571933 0.507424 0.885510 0.801295 0.635844 0.621841 0.920630 0.943371 0.819569 0.770652 0.910022 0.912897 0.801921 0.742500 0.826670 0.632376 0.812122 0.773453 0.972158 0.835009 0.897613 0.968464 0.895359 0.971819 0.908093 0.815960 0.867602 0.993598 0.327716 0.297934 0.861679 0.810723 0.734767 0.621074 0.527015 0.354801 0.716470 0.998728 0.933259 0.903123 0.548629 0.662026 0.527556 0.611584 0.720347 0.796947 0.972648 0.942059 0.708721 0.638066 0.795536 0.680885 0.480100 0.558210 0.756008 0.644058 0.819952 0.983913 0.913550 0.914453 0.791282 0.862906 0.779806 0.781274 0.880760 0.900091 0.962025 0.871284 0.786833 0.856355 0.526182 0.626111 0.710737 0.993257 0.745799 0.562798 0.819602 0.843050 0.817034 0.963729 0.895359 0.833213 0.709037 0.798491 0.793341 0.791595 0.904007 0.913999
0.977381 0.814703 0.000000 0.453405 0.811076 0.950899 0.343762 0.828329 0.700116 0.802388 0.833057 0.804804 0.758061 0.899461 0.738036 0.905680 0.922080 0.967010 0.698699 0.966993 0.821478 0.759689 0.531032 0.711072 0.463347 0.473974 0.849741 0.854393 0.993734 0.902817 0.497172 0.751474 0.621772 0.640048 0.614077 0.986174 0.821552 0.921347 0.635022 0.899552 0.895117 0.937793 0.506785 0.640127 0.802188 0.869601 0.608035 0.639682 0.795173 0.975477 0.923765 0.984505 0.892457 0.951621 0.846477 0.993760 0.925160 0.826161 0.678869 0.934274 0.707860 0.756036 0.829258 0.829544 0.385751 0.602986 0.352194 0.536878 0.969621 0.973321 0.892927 0.885794 0.898570 0.952681 0.716197 0.828337 0.712378 0.957202 0.803639 0.871284 0.991799 0.872355 0.952262 0.938987 0.523723 0.664545 0.898939 0.999829 0.825905 0.896348 0.887476 0.855599 0.837283 0.728565 0.984203 0.838419 0.951349 0.874507 0.988864 0.842879 0.799857 0.806118 0.896867 0.967045 0.810401 0.613909 0.954095 0.934651 0.979163 0.904833 0.906069 0.968579 0.971861 0.969388 0.873070 0.852750
0.820581 0.910200 0.453405 0.000000 0.872295 0.838089 0.340525 0.495077 0.778111 0.531615 0.837946 0.873610 0.770886 0.847962 0.738595 0.629221 0.753431 0.782286 0.560618 0.780901 0.806190 0.801060 0.450108 0.502422 0.643083 0.645606 0.944571 0.964335 0.891159 0.718674 0.477726 0.637510 0.566775 0.602396 0.737119 0.955657 0.624432 0.773401 0.682645 0.879942 0.849908 0.879210 0.440820 0.567224 0.965030 0.958976 0.713629 0.636332 0.723746 0.868044 0.905949 0.842907 0.870994 0.845029 0.927289 0.916795 0.807988 0.923856 0.758898 0.880608 0.764617 0.960460 0.633306 0.858707 0.645030 0.672948 0.499454 0.670191 0.868244 0.885741 0.621461 0.609503 0.671981 0.771262 0.752908 0.817293 0.591824 0.911933 0.701496 0.802588 0.717029 0.662499 0.994694 0.827069 0.680589 0.644604 0.926254 0.994981 0.983978 0.942331 0.685892 0.622416 0.711059 0.677111 0.950458 0.804294 0.841451 0.987973 0.849240 0.617247 0.927766 0.592555 0.661278 0.678981 0.768322 0.607721 0.920350 0.857566 0.925429 0.810253 0.903641 0.804507 0.892781 0.948021 0.992102 0.922612
0.896979 0.935647 0.811076 0.872295 0.000000 0.897881 0.887694 0.949087 0.848024 0.979604 0.872377 0.933442 0.746158 0.996960 0.725202 0.988714 0.963987 0.900341 0.868615 0.995463 0.841914 0.807953 0.882140 0.957014 0.767305 0.872115 0.821032 0.940511 0.873396 0.934243 0.921425 0.902318 0.815781 0.800014 0.929361 0.883306 0.971672 0.952020 0.823780 0.868010 0.896344 0.960820 0.832998 0.730554 0.669082 0.774673 0.915095 0.766321 0.993461 0.872853 0.929506 0.948065 0.937633 0.902612 0.965015 0.914217 0.990349 0.980625 0.873223 0.888321 0.770034 0.957506 0.995498 0.933251 0.723776 0.704608 0.784301 0.662763 0.843299 0.992980 0.986983 0.938371 0.901943 0.741966 0.928222 0.865594 0.879033 0.974826 0.980138 0.974441 0.937806 0.957454 0.957956 0.997971 0.867732 0.801960 0.862098 0.960204 0.867421 0.837702 0.953334 0.982946 0.925206 0.903957 0.904107 0.924768 0.981345 0.946414 0.907280 0.884417 0.958824 0.981822 0.977830 0.882514 0.771270 0.857386 0.914668 0.942452 0.955187 0.947552 0.858042 0.900080 0.934655 0.932095 0.871336 0.665926
0.876738 0.893202 0.950899 0.838089 0.897881 0.000000 0.867942 0.734902 0.904548 0.816855 0.912044 0.835119 0.792916 0.948516 0.940024 0.781149 0.980421 0.965789 0.933131 0.950422 0.845081 0.753429 0.929932 0.952691 0.902318 0.834030 0.982167 0.801787 0.958798 0.930360 0.834832 0.933182 0.888991 0.853766 0.752408 0.871482 0.839785 0.836201 0.882581 0.959824 0.988544 0.940227 0.977578 0.857878 0.906410 0.837806 0.924382 0.947103 0.943335 0.963271 0.938474 0.947445 0.977992 0.806143 0.997351 0.916598 0.937235 0.926286 0.824834 0.932394 0.734443 0.808169 0.875459 0.867777 0.988265 0.786663 0.860698 0.744309 0.970298 0.948857 0.864737 0.992623 0.958877 0.870844 0.936178 0.993583 0.926108 0.954762 0.992399 0.931412 0.858054 0.839892 0.923192 0.997535 0.958354 0.984858 0.964245 0.867602 0.963507 0.976973 0.756752 0.799040 0.710767 0.823152 0.959526 0.916895 0.846879 0.840358 0.818662 0.927124 0.725268 0.771820 0.813124 0.916908 0.966711 0.803862 0.979238 0.965954 0.960042 0.954673 0.848238 0.797861 0.985855 0.900669 0.994583 0.835781
0.824482 0.958082 0.343762 0.340525 0.887694 0.867942 0.000000 0.553497 0.693653 0.556671 0.738169 0.976848 0.744772 0.852674 0.683390 0.699632 0.716310 0.761706 0.478069 0.802653 0.821181 0.797499 0.430122 0.545610 0.545166 0.613778 0.987663 0.989539 0.843595 0.729289 0.417906 0.575468 0.523890 0.506522 0.656942 0.979944 0.747861 0.927369 0.659035 0.982334 0.902324 0.933252 0.430217 0.589573 0.847092 0.893693 0.618702 0.606581 0.728721 0.888629 0.897557 0.865170 0.909440 0.875541 0.926695 0.888130 0.809983 0.954065 0.730258 0.854951 0.720195 0.834518 0.591438 0.923510 0.582853 0.710517 0.399912 0.620111 0.842405 0.911701 0.678122 0.675944 0.653642 0.750648 0.794973 0.788396 0.631950 0.848443 0.664367 0.724194 0.730671 0.655358 0.981824 0.901280 0.559431 0.643442 0.923785 0.980195 0.980712 0.997807 0.698470 0.635979 0.718443 0.648172 0.932575 0.809568 0.847119 0.912607 0.811005 0.626145 0.937183 0.596645 0.751923 0.740245 0.789997 0.628328 0.995250 0.831089 0.939653 0.851477 0.825499 0.870421 0.856550 0.982144 0.911496 0.888844
0.669636 0.526979 0.828329 0.495077 0.949087 0.734902 0.553497 0.000000 0.831400 0.415001 0.788030 0.510522 0.700351 0.545249 0.784845 0.450021 0.562095 0.563183 0.520689 0.571477 0.847625 0.784965 0.626750 0.612718 0.856467 0.924877 0.892706 0.918529 0.665419 0.554388 0.633252 0.657753 0.604367 0.583616 0.843439 0.978549 0.701005 0.860979 0.914180 0.993050 0.863498 0.727572 0.592227 0.547984 0.897655 0.842498 0.843611 0.726284 0.848326 0.842943 0.988185 0.908220 0.933226 0.973138 0.882398 0.852313 0.506565 0.555787 0.812176 0.951767 0.728916 0.704763 0.534070 0.488048 0.921735 0.837237 0.739467 0.779788 0.706094 0.712151 0.486318 0.564897 0.580941 0.709705 0.901263 0.872458 0.567605 0.720829 0.713226 0.737690 0.521147 0.541960 0.845945 0.692072 0.971314 0.847095 0.923981 0.990859 0.768516 0.964634 0.510350 0.498855 0.598247 0.661767 0.887762 0.729760 0.682618 0.865858 0.562953 0.472514 0.663140 0.587135 0.611454 0.465005 0.763384 0.684762 0.937212 0.777383 0.832050 0.755112 0.738629 0.735803 0.750593 0.830860 0.988983 0.889998
0.896253 0.952133 0.700116 0.778111 0.848024 0.904548 0.693653 0.831400 0.000000 0.719150 0.868940 0.980675 0.817502 0.983034 0.764611 0.871874 0.822899 0.915178 0.825012 0.928279 0.894547 0.811977 0.831429 0.968749 0.811882 0.868243 0.910725 0.838901 0.878277 0.975053 0.823677 0.927691 0.903160 0.845711 0.768623 0.880125 0.902145 0.953129 0.860804 0.863576 0.792273 0.967653 0.706351 0.781960 0.724733 0.823006 0.664104 0.733291 0.973614 0.891599 0.901403 0.889329 0.855749 0.986342 0.985322 0.961949 0.906629 0.982077 0.649209 0.837985 0.692373 0.959819 0.870679 0.909972 0.747937 0.778791 0.658721 0.756998 0.805829 0.991326 0.840362 0.815116 0.999554 0.952861 0.985037 0.827010 0.742658 0.903268 0.870610 0.949928 0.886072 0.991824 0.910812 0.931674 0.933514 0.959723 0.810804 0.680409 0.895973 0.925836 0.668434 0.741477 0.712264 0.718458 0.857436 0.864762 0.863260 0.997643 0.760657 0.719476 0.999206 0.980759 0.796033 0.883563 0.766617 0.752759 0.938520 0.795900 0.949619 0.886280 0.764597 0.876171 0.997521 0.952194 0.784669 0.747099
0.739826 0.661351 0.802388 0.531615 0.979604 0.816855 0.556671 0.415001 0.719150 0.000000 0.775841 0.716155 0.869923 0.713179 0.789818 0.612408 0.640857 0.640634 0.553662 0.595567 0.860749 0.904576 0.637910 0.723057 0.888600 0.880710 0.882898 0.967404 0.786204 0.646985 0.607247 0.643101 0.700871 0.628309 0.791842 0.992680 0.659823 0.880517 0.936286 0.995481 0.917527 0.778437 0.568073 0.627531 0.873797 0.859808 0.811944 0.710745 0.930570 0.887625 0.967970 0.910270 0.967444 0.943447 0.892310 0.777240 0.601302 0.730632 0.855405 0.937094 0.825618 0.859850 0.639785 0.644643 0.971791 0.911902 0.754339 0.851290 0.766903 0.949761 0.480085 0.561520 0.640682 0.708791 0.909869 0.789900 0.612359 0.702218 0.741739 0.788504 0.581607 0.658316 0.905024 0.824652 0.994707 0.955969 0.910966 0.906556 0.707292 0.871276 0.482182 0.515362 0.593501 0.621526 0.932949 0.842202 0.735225 0.916442 0.606623 0.536315 0.853249 0.713725 0.631648 0.571659 0.894713 0.714736 0.924370 0.706105 0.851206 0.903143 0.841866 0.731551 0.816961 0.915493 0.927882 0.864238
0.548967 0.630751 0.833057 0.837946 0.872377 0.912044 0.738169 0.788030 0.868940 0.775841 0.000000 0.603042 0.658674 0.753716 0.766785 0.729873 0.523836 0.541566 0.553383 0.513179 0.873670 0.901726 0.954633 0.910486 0.957581 0.981333 0.996852 0.868966 0.615644 0.576142 0.791839 0.737779 0.640892 0.537972 0.946469 0.966560 0.997814 0.925880 0.895819 0.924010 0.888612 0.976654 0.811124 0.707844 0.861334 0.864879 0.779208 0.755967 0.923058 0.998814 0.943803 0.887983 0.905304 0.753587 0.994625 0.880140 0.564331 0.613831 0.763129 0.862224 0.672287 0.929833 0.550502 0.638528 0.957451 0.965299 0.755994 0.736896 0.565727 0.680106 0.775139 0.818176 0.661236 0.758891 0.956673 0.776350 0.856879 0.801577 0.666618 0.536793 0.577485 0.556955 0.902914 0.823117 0.942699 0.961726 0.771624 0.920655 0.992271 0.837629 0.931220 0.979423 0.982116 0.969089 0.853476 0.934166 0.818754 0.957998 0.660282 0.794266 0.957013 0.918196 0.761114 0.757935 0.784566 0.876996 0.859955 0.862441 0.969031 0.863112 0.893565 0.966759 0.992516 0.902625 0.831245 0.824028
0.495068 0.352188 0.804804 0.873610 0.933442 0.835119 0.976848 0.510522 0.980675 0.716155 0.603042 0.000000 0.664567 0.494205 0.808208 0.506438 0.474790 0.459749 0.618198 0.482726 0.920580 0.930558 0.978414 0.882570 0.904130 0.752123 0.911016 0.825094 0.560619 0.505498 0.963339 0.830288 0.670448 0.684032 0.822948 0.986175 0.838043 0.878996 0.861922 0.921317 0.783857 0.794528 0.905275 0.688923 0.956868 0.860349 0.989331 0.865912 0.996781 0.938931 0.948445 0.954758 0.941350 0.863942 0.872596 0.985981 0.380595 0.368787 0.876644 0.801358 0.737939 0.592429 0.493652 0.317865 0.641466 0.977011 0.945921 0.948411 0.610340 0.625611 0.615578 0.671690 0.656911 0.784834 0.997144 0.937912 0.762245 0.704188 0.761137 0.712551 0.470612 0.531427 0.741317 0.590324 0.791566 0.996626 0.860453 0.983771 0.874903 0.853620 0.799999 0.796474 0.877616 0.974916 0.976363 0.835931 0.780247 0.754631 0.560977 0.646293 0.674581 0.884287 0.731316 0.540847 0.755484 0.895231 0.897758 0.996838 0.858198 0.771959 0.781487 0.814608 0.858871 0.846786 0.953000 0.898294
0.806215 0.747752 0.758061 0.770886 0.746158 0.792916 0.744772 0.700351 0.817502 0.869923 0.658674 0.664567 0.000000 0.622224 0.528778 0.572931 0.715528 0.610150 0.720460 0.793510 0.750446 0.880288 0.765628 0.780996 0.822443 0.916394 0.912300 0.908211 0.650998 0.631225 0.778638 0.842289 0.606341 0.633345 0.924211 0.955231 0.914895 0.951689 0.927193 0.833541 0.917681 0.982075 0.732490 0.640937 0.781795 0.871399 0.795633 0.758110 0.871374 0.975844 0.897659 0.990497 0.973869 0.783677 0.992383 0.962793 0.757988 0.754744 0.805026 0.878837 0.620410 0.886554 0.620431 0.664808 0.813365 0.826116 0.762238 0.721199 0.884275 0.906523 0.822896 0.872128 0.917336 0.930372 0.927804 0.746558 0.791959 0.659760 0.760288 0.683112 0.698839 0.635811 0.776493 0.879251 0.815775 0.763997 0.858058 0.965396 0.819603 0.953433 0.924887 0.904425 0.879053 0.935918 0.939275 0.849265 0.862130 0.952058 0.777210 0.840508 0.961739 0.878976 0.784335 0.814681 0.666676 0.770969 0.986332 0.952261 0.931961 0.774364 0.919043 0.832333 0.946674 0.926233 0.913042 0.818033
0.728717 0.538125 0.899461 0.847962 0.996960 0.948516 0.852674 0.545249 0.983034 0.713179 0.753716 0.494205 0.622224 0.000000 0.579117 0.467272 0.522847 0.436410 0.583002 0.539384 0.903942 0.913628 0.728593 0.686510 0.972817 0.839378 0.981281 0.845866 0.529082 0.492378 0.808000 0.638539 0.682009 0.705757 0.814309 0.961582 0.972346 0.971773 0.897383 0.930049 0.975832 0.866061 0.709973 0.688803 0.911265 0.940448 0.900340 0.809131 0.919553 0.827266 0.945999 0.901639 0.982128 0.974549 0.883077 0.856757 0.499366 0.542345 0.916253 0.885607 0.992367 0.915021 0.516825 0.493687 0.809239 0.853570 0.933453 0.942574 0.826290 0.890484 0.674301 0.725691 0.714173 0.827681 0.961662 0.804762 0.725542 0.576081 0.689096 0.611038 0.512374 0.495385 0.568883 0.692339 0.913552 0.824852 0.944030 0.803795 0.876783 0.814891 0.876398 0.792718 0.971705 0.952998 0.971829 0.759918 0.869532 0.889431 0.656313 0.597748 0.806564 0.832817 0.679182 0.591658 0.858982 0.949177 0.939111 0.872995 0.876721 0.777165 0.871327 0.738718 0.863135 0.805415 0.954811 0.958389
0.869001 0.827021 0.738036 0.738595 0.725202 0.940024 0.683390 0.784845 0.764611 0.789818 0.766785 0.808208 0.528778 0.579117 0.000000 0.569822 0.646328 0.580822 0.601215 0.727480 0.710350 0.779728 0.564386 0.639842 0.641761 0.867266 0.797059 0.903740 0.549760 0.613355 0.729733 0.711844 0.604809 0.637919 0.949329 0.955628 0.865574 0.953831 0.918624 0.747549 0.938928 0.978156 0.531185 0.560131 0.705876 0.824341 0.672294 0.592508 0.974008 0.920321 0.946252 0.959560 0.924157 0.994422 0.964245 0.902456 0.753053 0.855375 0.943092 0.873746 0.875655 0.876097 0.645431 0.786483 0.695873 0.844916 0.777456 0.828004 0.901962 0.981646 0.820632 0.839873 0.874698 0.903684 0.986866 0.709124 0.689547 0.568898 0.605672 0.678526 0.648234 0.626482 0.687681 0.771842 0.581638 0.577805 0.989413 0.914258 0.868280 0.951908 0.939954 0.886944 0.949145 0.989240 0.941595 0.704064 0.996374 0.955219 0.727468 0.654601 0.892070 0.965921 0.804971 0.879120 0.721731 0.775105 0.952570 0.927786 0.906880 0.842757 0.853791 0.758695 0.945389 0.865593 0.868074 0.846653
0.724213 0.554117 0.905680 0.629221 0.988714 0.781149 0.699632 0.450021 0.871874 0.612408 0.729873 0.506438 0.572931 0.467272 0.569822 0.000000 0.500125 0.441072 0.534034 0.523283 0.790991 0.815216 0.577375 0.527960 0.826848 0.957700 0.991158 0.975175 0.516996 0.407570 0.763274 0.595430 0.629368 0.621770 0.972643 0.966725 0.768517 0.924029 0.981965 0.881833 0.842291 0.850158 0.629131 0.560216 0.953973 0.923805 0.824788 0.688017 0.841628 0.895064 0.931071 0.884708 0.974506 0.937463 0.847600 0.854615 0.498793 0.543975 0.942321 0.931133 0.813063 0.832184 0.477024 0.470551 0.950545 0.881574 0.915528 0.917361 0.797727 0.816711 0.572630 0.678472 0.701526 0.822864 0.896995 0.778134 0.675973 0.603979 0.662325 0.652072 0.465010 0.472251 0.662369 0.607524 0.869851 0.691725 0.928673 0.825646 0.901828 0.993283 0.800173 0.750560 0.869248 0.922986 0.942143 0.709391 0.852068 0.850309 0.681128 0.562913 0.845470 0.858384 0.645179 0.530016 0.692530 0.828098 0.983779 0.981902 0.923662 0.742811 0.833673 0.827119 0.812247 0.873992 0.921208 0.883909
0.540573 0.448487 0.922080 0.753431 0.963987 0.980421 0.716310 0.562095 0.822899 0.640857 0.523836 0.474790 0.715528 0.522847 0.646328 0.500125 0.000000 0.324055 0.423563 0.416917 0.841965 0.876541 0.725130 0.712482 0.882260 0.920493 0.989216 0.790933 0.461941 0.401818 0.739961 0.598722 0.542626 0.520939 0.960148 0.944719 0.816277 0.872127 0.985444 0.935359 0.757746 0.844762 0.653348 0.559268 0.870129 0.858312 0.809167 0.748361 0.913508 0.912077 0.952781 0.878643 0.874800 0.888199 0.871620 0.955863 0.327861 0.426946 0.890662 0.999423 0.799700 0.891591 0.418023 0.438432 0.899867 0.999343 0.850398 0.869047 0.587708 0.702624 0.542351 0.587012 0.637031 0.728465 0.882230 0.816232 0.718952 0.646192 0.584923 0.528739 0.368498 0.418267 0.654988 0.599367 0.896472 0.829540 0.903289 0.933855 0.929376 0.866254 0.838432 0.808684 0.917077 0.907289 0.952640 0.792307 0.795252 0.937314 0.668045 0.580296 0.865110 0.912477 0.729133 0.576746 0.767887 0.906340 0.816140 0.964938 0.956346 0.745808 0.705847 0.860371 0.808112 0.811508 0.860534 0.842547
0.592166 0.416212 0.967010 0.782286 0.900341 0.965789 0.761706 0.563183 0.915178 0.640634 0.541566 0.459749 0.610150 0.436410 0.580822 0.441072 0.324055 0.000000 0.414414 0.369038 0.871871 0.913526 0.692955 0.680682 0.875331 0.871592 0.938026 0.796817 0.381482 0.320086 0.760427 0.574506 0.535689 0.489483 0.933952 0.930531 0.841347 0.889003 0.951014 0.959690 0.856283 0.812650 0.653837 0.540983 0.853649 0.847636 0.873928 0.700483 0.889503 0.906734 0.902570 0.882229 0.864241 0.834367 0.874538 0.888049 0.326833 0.401978 0.980360 0.959493 0.819977 0.884650 0.414659 0.419261 0.913090 0.979561 0.905357 0.900115 0.602509 0.732892 0.569489 0.650699 0.660373 0.762636 0.904799 0.830903 0.707445 0.584938 0.572521 0.508606 0.320494 0.353883 0.533303 0.527055 0.878565 0.764826 0.986151 0.850294 0.897404 0.859252 0.907782 0.830334 0.975519 0.964831 0.997904 0.792819 0.829264 0.942090 0.677080 0.577828 0.871608 0.955253 0.717372 0.585632 0.778338 0.873510 0.833716 0.941061 0.949819 0.779094 0.731237 0.782263 0.830892 0.774670 0.874454 0.884373
0.589538 0.578844 0.698699 0.560618 0.868615 0.933131 0.478069 0.520689 0.825012 0.553662 0.553383 0.618198 0.720460 0.583002 0.601215 0.534034 0.423563 0.414414 0.000000 0.406029 0.887454 0.892290 0.502777 0.546476 0.725594 0.973972 0.966977 0.769648 0.547283 0.494759 0.604709 0.456669 0.464972 0.449514 0.952289 0.942867 0.798146 0.941548 0.882957 0.982784 0.887778 0.915077 0.553826 0.592772 0.920730 0.962725 0.764104 0.668225 0.743297 0.776166 0.814802 0.734563 0.868641 0.959690 0.899328 0.827902 0.448211 0.596095 0.953603 0.783090 0.850775 0.907283 0.395396 0.624235 0.910951 0.960675 0.689010 0.836279 0.668412 0.806879 0.473936 0.557405 0.557143 0.675333 0.900095 0.773378 0.621686 0.640410 0.576578 0.563213 0.434206 0.417523 0.693696 0.668695 0.679271 0.682145 0.889516 0.911821 0.787095 0.791621 0.734754 0.665036 0.813744 0.770873 0.878468 0.800332 0.793205 0.961545 0.635633 0.483386 0.988159 0.726328 0.676266 0.626180 0.807672 0.762477 0.914851 0.966652 0.979234 0.870343 0.778430 0.808104 0.861367 0.912706 0.892975 0.892326
0.569691 0.440247 0.966993 0.780901 0.995463 0.950422 0.802653 0.571477 0.928279 0.595567 0.513179 0.482726 0.793510 0.539384 0.727480 0.523283 0.416917 0.369038 0.406029 0.000000 0.953590 0.979933 0.783387 0.739188 0.979106 0.801793 0.977074 0.693378 0.486275 0.440151 0.827561 0.583740 0.655539 0.567062 0.853870 0.894367 0.845371 0.926425 0.983878 0.963486 0.892276 0.908926 0.740114 0.636447 0.990448 0.975716 0.947647 0.760195 0.840868 0.796198 0.834518 0.748675 0.828386 0.871374 0.792924 0.859421 0.387661 0.456150 0.952784 0.894096 0.917727 0.897228 0.474721 0.481812 0.799253 0.936771 0.946703 0.956525 0.572127 0.708719 0.500162 0.672891 0.593909 0.680314 0.981694 0.803351 0.742842 0.669909 0.627853 0.597201 0.401933 0.450620 0.706552 0.590657 0.970126 0.926927 0.982852 0.958434 0.717219 0.760998 0.803445 0.783697 0.945968 0.931860 0.983173 0.902497 0.857285 0.949537 0.642508 0.583503 0.871316 0.874322 0.713668 0.573494 0.895968 0.903208 0.897473 0.967861 0.962608 0.882889 0.779478 0.821987 0.922371 0.780932 0.911434 0.966591
0.974571 0.926905 0.821478 0.806190 0.841914 0.845081 0.821181 0.847625 0.894547 0.860749 0.873670 0.920580 0.750446 0.903942 0.710350 0.790991 0.841965 0.871871 0.887454 0.953590 0.000000 0.819221 0.837092 0.855850 0.750593 0.816333 0.820742 0.986130 0.950921 0.809005 0.892224 0.903960 0.794066 0.852061 0.908665 0.998148 0.873061 0.987603 0.908697 0.958983 0.942140 0.885229 0.833226 0.733742 0.935971 0.971961 0.883735 0.767847 0.904715 0.954756 0.986061 0.998244 0.982343 0.932789 0.839681 0.841294 0.899864 0.985759 0.877504 0.964191 0.771516 0.983517 0.872133 0.910367 0.779023 0.793813 0.828298 0.807714 0.943829 0.958301 0.916951 0.945318 0.912821 0.842629 0.841502 0.974896 0.955995 0.904122 0.977291 0.903805 0.881502 0.883136 0.988487 0.940723 0.889709 0.852874 0.986022 0.963187 0.908958 0.992416 0.936904 0.929901 0.892291 0.913489 0.933315 0.696400 0.857655 0.984108 0.938051 0.917035 0.978788 0.934408 0.823060 0.990337 0.893596 0.805628 0.970338 0.980152 0.859040 0.964396 0.798527 0.940598 0.992890 0.964439 0.931730 0.913639
0.844800 0.904789 0.759689 0.801060 0.807953 0.753429 0.797499 0.784965 0.811977 0.904576 0.901726 0.930558 0.880288 0.913628 0.779728 0.815216 0.876541 0.913526 0.892290 0.979933 0.819221 0.000000 0.778104 0.865087 0.732085 0.737935 0.802307 0.835716 0.862506 0.874037 0.779717 0.954468 0.825292 0.842732 0.876243 0.998267 0.871106 0.874601 0.865774 0.810953 0.937496 0.885163 0.751095 0.694706 0.715743 0.788065 0.833587 0.901999 0.874617 0.835142 0.882149 0.801512 0.791259 0.915523 0.872946 0.762426 0.913261 0.933233 0.798293 0.927528 0.878595 0.984085 0.940385 0.956048 0.818718 0.768103 0.776492 0.819047 0.876489 0.874579 0.836753 0.907013 0.952041 0.870566 0.803362 0.960025 0.796941 0.852174 0.846648 0.915768 0.904313 0.916011 0.872318 0.980216 0.871833 0.889111 0.975351 0.973411 0.847294 0.919046 0.839806 0.897060 0.848722 0.852213 0.854121 0.669206 0.914489 0.996124 0.729130 0.788509 0.883592 0.956454 0.845950 0.875797 0.838896 0.781015 0.887800 0.970967 0.930981 0.983586 0.791738 0.992951 0.870661 0.971706 0.877671 0.818181
0.990904 0.940930 0.531032 0.450108 0.882140 0.929932 0.430122 0.626750 0.831429 0.637910 0.954633 0.978414 0.765628 0.728593 0.564386 0.577375 0.725130 0.692955 0.502777 0.783387 0.837092 0.778104 0.000000 0.362830 0.558827 0.743917 0.883607 0.997742 0.782464 0.686178 0.502519 0.505159 0.599539 0.682925 0.896999 0.951137 0.765881 0.920546 0.775126 0.969763 0.987633 0.874146 0.452956 0.642062 0.905856 0.988968 0.797904 0.734475 0.709549 0.839677 0.792959 0.808838 0.993293 0.870022 0.890499 0.742319 0.824551 0.973177 0.910318 0.601896 0.991744 0.729338 0.700412 0.951866 0.598032 0.786449 0.689423 0.881701 0.921472 0.910029 0.570714 0.650116 0.855966 0.890365 0.828021 0.868703 0.582728 0.714665 0.753621 0.763871 0.734840 0.668644 0.768467 0.843926 0.503007 0.467315 0.780683 0.857594 0.987141 0.938740 0.803631 0.665027 0.822049 0.745517 0.911795 0.680863 0.988678 0.925361 0.870036 0.584491 0.891744 0.781213 0.865442 0.820843 0.865027 0.718735 0.970716 0.910227 0.994689 0.893604 0.914247 0.844314 0.858626 0.958502 0.937319 0.915282
0.970369 0.902950 0.711072 0.502422 0.957014 0.952691 0.545610 0.612718 0.968749 0.723057 0.910486 0.882570 0.780996 0.686510 0.639842 0.527960 0.712482 0.680682 0.546476 0.739188 0.855850 0.865087 0.362830 0.000000 0.643721 0.911010 0.989458 0.943209 0.716808 0.637764 0.649984 0.485105 0.679568 0.739931 0.926579 0.978942 0.807896 0.915708 0.780131 0.985811 0.996535 0.946284 0.584985 0.753134 0.926526 0.893084 0.891199 0.817953 0.707842 0.772743 0.788208 0.783316 0.972595 0.823397 0.890962 0.703063 0.786200 0.892154 0.834721 0.586173 0.917243 0.824561 0.677318 0.862507 0.830643 0.922373 0.862824 0.951312 0.943757 0.969423 0.648243 0.654196 0.762858 0.767403 0.910406 0.881722 0.679127 0.794920 0.730249 0.715284 0.684229 0.593038 0.781475 0.797043 0.605965 0.487269 0.855135 0.804737 0.965847 0.959237 0.856599 0.742548 0.919926 0.888078 0.841334 0.749484 0.988007 0.928742 0.902915 0.632935 0.962506 0.709278 0.813028 0.744028 0.782857 0.849274 0.896033 0.949969 0.987532 0.950419 0.998182 0.903205 0.899761 0.940940 0.883301 0.963735
0.950175 0.966236 0.463347 0.643083 0.767305 0.902318 0.545166 0.856467 0.811882 0.888600 0.957581 0.904130 0.822443 0.972817 0.641761 0.826848 0.882260 0.875331 0.725594 0.979106 0.750593 0.732085 0.558827 0.643721 0.000000 0.595035 0.815136 0.852416 0.897966 0.788508 0.602035 0.732585 0.682751 0.679508 0.757057 0.997389 0.848710 0.843779 0.711097 0.864312 0.885943 0.981728 0.576644 0.679186 0.790959 0.817642 0.706695 0.647891 0.908266 0.925928 0.964442 0.896953 0.974692 0.996998 0.977711 0.888147 0.998285 0.910834 0.882082 0.808634 0.819990 0.796698 0.860901 0.904025 0.512482 0.673536 0.650425 0.724157 0.951400 0.991216 0.921512 0.912577 0.970700 0.936928 0.860336 0.961191 0.677954 0.852960 0.802592 0.962478 0.958719 0.872373 0.932929 0.980992 0.572791 0.600536 0.794810 0.957882 0.916858 0.956498 0.994630 0.940223 0.949479 0.877767 0.917543 0.776096 0.913149 0.993074 0.967202 0.811172 0.892395 0.997437 0.982212 0.961005 0.774085 0.723382 0.950815 0.967592 0.967223 0.989492 0.818805 0.997646 0.924451 0.945944 0.935437 0.771766
0.921727 0.781080 0.473974 0.645606 0.872115 0.834030 0.613778 0.924877 0.868243 0.880710 0.981333 0.752123 0.916394 0.839378 0.867266 0.957700 0.920493 0.871592 0.973972 0.801793 0.816333 0.737935 0.743917 0.911010 0.595035 0.000000 0.746906 0.681252 0.859665 0.958915 0.655925 0.889426 0.794810 0.823274 0.586816 0.847443 0.806615 0.992940 0.713719 0.873721 0.895076 0.931901 0.704699 0.731337 0.811848 0.826396 0.671364 0.715444 0.938231 0.874550 0.983892 0.890733 0.878145 0.965551 0.862114 0.893604 0.837203 0.774400 0.694817 0.960052 0.758956 0.887288 0.960935 0.800241 0.511917 0.602540 0.546941 0.549964 0.937626 0.987115 0.982544 0.983839 0.896373 0.863125 0.760931 0.904909 0.912102 0.922229 0.929311 0.979243 0.898295 0.968320 0.897762 0.861536 0.687936 0.746571 0.938819 0.949522 0.838669 0.831660 0.978663 0.972487 0.927754 0.929714 0.976850 0.923533 0.937267 0.976424 0.893358 0.988479 0.843092 0.942201 0.888398 0.882914 0.953254 0.749724 0.986868 0.974878 0.990376 0.931003 0.993450 0.894320 0.990674 0.906106 0.950505 0.817554
0.916771 0.916039 0.849741 0.944571 0.821032 0.982167 0.987663 0.892706 0.910725 0.882898 0.996852 0.911016 0.912300 0.981281 0.797059 0.991158 0.989216 0.938026 0.966977 0.977074 0.820742 0.802307 0.883607 0.989458 0.815136 0.746906 0.000000 0.860458 0.976643 0.870428 0.816084 0.931502 0.942160 0.928780 0.982508 0.862662 0.910264 0.899126 0.831434 0.949432 0.953519 0.925213 0.899832 0.738404 0.844444 0.909182 0.985121 0.864848 0.906287 0.806619 0.965969 0.862800 0.981712 0.927013 0.976354 0.914854 0.966230 0.962967 0.980427 0.959078 0.985530 0.881278 0.952775 0.926688 0.728863 0.789762 0.910105 0.930508 0.959901 0.851392 0.961043 0.921921 0.899471 0.845413 0.849888 0.972466 0.959066 0.834586 0.927124 0.996150 0.981604 0.986837 0.883990 0.955399 0.911614 0.744778 0.910533 0.800271 0.786556 0.997511 0.753820 0.822284 0.765483 0.898747 0.996111 0.940293 0.803313 0.982406 0.752539 0.849898 0.982137 0.912085 0.919251 0.846076 0.968293 0.927044 0.891049 0.948192 0.952681 0.983105 0.957163 0.982442 0.919228 0.930315 0.888076 0.950225
0.882280 0.815259 0.854393 0.964335 0.940511 0.801787 0.989539 0.918529 0.838901 0.967404 0.868966 0.825094 0.908211 0.845866 0.903740 0.975175 0.790933 0.796817 0.769648 0.693378 0.986130 0.835716 0.997742 0.943209 0.852416 0.681252 0.860458 0.000000 0.808047 0.811017 0.915608 0.937666 0.997797 0.880558 0.885841 0.897762 0.993130 0.951168 0.893644 0.807416 0.982454 0.916202 0.957689 0.992865 0.946716 0.903670 0.832184 0.913420 0.863427 0.847436 0.833543 0.767242 0.798568 0.929252 0.958270 0.959570 0.773551 0.792625 0.790947 0.860167 0.919447 0.957214 0.926739 0.951218 0.834701 0.935392 0.908904 0.930697 0.755396 0.938767 0.870381 0.949713 0.690662 0.711176 0.973445 0.856756 0.984921 0.963675 0.973832 0.801438 0.830169 0.822095 0.871806 0.829250 0.978358 0.984505 0.934158 0.852100 0.834237 0.676056 0.981258 0.915126 0.936046 0.957512 0.908405 0.927116 0.989530 0.975273 0.928356 0.824567 0.900912 0.883717 0.954322 0.898536 0.973709 0.837856 0.993792 0.938639 0.987857 0.958193 0.903377 0.926739 0.976135 0.918223 0.956440 0.891399
0.688093 0.571933 0.993734 0.891159 0.873396 0.958798 0.843595 0.665419 0.878277 0.786204 0.615644 0.560619 0.650998 0.529082 0.549760 0.516996 0.461941 0.381482 0.547283 0.486275 0.950921 0.862506 0.782464 0.716808 0.897966 0.859665 0.976643 0.808047 0.000000 0.406093 0.819329 0.661716 0.629053 0.568192 0.966240 0.987840 0.939524 0.975331 0.999967 0.973496 0.798395 0.894040 0.666725 0.580284 0.770373 0.724826 0.789701 0.653320 0.995747 0.923150 0.993237 0.965762 0.955148 0.925610 0.996698 0.914022 0.497965 0.505517 0.975180 0.991949 0.830276 0.847291 0.554838 0.539940 0.923321 0.929583 0.895718 0.887564 0.665674 0.711473 0.782583 0.865482 0.719894 0.800381 0.924386 0.745452 0.779618 0.577305 0.615466 0.546296 0.435837 0.472877 0.556809 0.594865 0.850284 0.795319 0.885214 0.825600 0.936186 0.926707 0.965915 0.931292 0.961169 0.927195 0.955140 0.808577 0.887437 0.938727 0.717271 0.671612 0.827945 0.888957 0.828740 0.735654 0.809779 0.910344 0.907899 0.915589 0.945034 0.820122 0.732193 0.845892 0.827998 0.836220 0.910138 0.891923
0.674884 0.507424 0.902817 0.718674 0.934243 0.930360 0.729289 0.554388 0.975053 0.646985 0.576142 0.505498 0.631225 0.492378 0.613355 0.407570 0.401818 0.320086 0.494759 0.440151 0.809005 0.874037 0.686178 0.637764 0.788508 0.958915 0.870428 0.811017 0.406093 0.000000 0.697464 0.602818 0.598308 0.493415 0.941409 0.958670 0.842363 0.820918 0.998927 0.945073 0.869737 0.848167 0.572852 0.445313 0.852211 0.772424 0.775066 0.594329 0.914681 0.973045 0.949057 0.957241 0.988330 0.950614 0.870742 0.910872 0.415820 0.481248 0.958179 0.950500 0.780718 0.813118 0.509747 0.484125 0.978843 0.850830 0.890061 0.863419 0.696271 0.732361 0.632421 0.743564 0.627623 0.710501 0.886154 0.820475 0.732335 0.615238 0.611111 0.576211 0.422071 0.429290 0.556815 0.597497 0.890094 0.787392 0.953147 0.799868 0.962628 0.877362 0.960386 0.921483 0.904956 0.989210 0.990837 0.784743 0.917749 0.869427 0.753946 0.650023 0.866421 0.925255 0.762096 0.589989 0.757528 0.831352 0.875395 0.940262 0.868002 0.760814 0.776885 0.870362 0.768553 0.835749 0.910720 0.840778
0.800931 0.885510 0.497172 0.477726 0.921425 0.834832 0.417906 0.633252 0.823677 0.607247 0.791839 0.963339 0.778638 0.808000 0.729733 0.763274 0.739961 0.760427 0.604709 0.827561 0.892224 0.779717 0.502519 0.649984 0.602035 0.655925 0.816084 0.915608 0.819329 0.697464 0.000000 0.616916 0.527370 0.526678 0.717086 0.981576 0.793999 0.871689 0.678172 0.913099 0.896192 0.876403 0.458912 0.537493 0.733035 0.758486 0.663243 0.693419 0.910379 0.973481 0.993823 0.974074 0.839048 0.929967 0.917892 0.993774 0.835133 0.933347 0.803927 0.875715 0.769243 0.851275 0.716035 0.913065 0.649961 0.773758 0.556466 0.681562 0.951958 0.955784 0.692568 0.760748 0.845397 0.896536 0.863862 0.809848 0.686122 0.800945 0.784200 0.772906 0.792972 0.747015 0.898030 0.987295 0.655893 0.726449 0.911782 0.984876 0.941916 0.927095 0.813735 0.802851 0.888119 0.738779 0.966769 0.942621 0.879702 0.996053 0.847014 0.773943 0.920089 0.652340 0.860243 0.877453 0.992753 0.683762 0.946253 0.824580 0.976282 0.921897 0.913221 0.872800 0.794791 0.973155 0.892414 0.890059
0.832580 0.801295 0.751474 0.637510 0.902318 0.933182 0.575468 0.657753 0.927691 0.643101 0.737779 0.830288 0.842289 0.638539 0.711844 0.595430 0.598722 0.574506 0.456669 0.583740 0.903960 0.954468 0.505159 0.485105 0.732585 0.889426 0.931502 0.937666 0.661716 0.602818 0.616916 0.000000 0.581759 0.583022 0.979801 0.872733 0.859742 0.965766 0.917563 0.946473 0.972822 0.970927 0.575572 0.737937 0.984420 0.979825 0.829876 0.765651 0.721014 0.726032 0.803939 0.750018 0.970527 0.990445 0.928903 0.807822 0.640550 0.792949 0.874306 0.658557 0.978061 0.768720 0.558847 0.769766 0.890368 0.973677 0.814020 0.940734 0.925965 0.974004 0.630691 0.699721 0.750380 0.791138 0.991600 0.828610 0.734967 0.700144 0.647605 0.650635 0.597502 0.539247 0.744619 0.791979 0.638427 0.640467 0.889384 0.811599 0.823958 0.940372 0.877384 0.786397 0.916005 0.904026 0.894124 0.764555 0.874509 0.953647 0.842039 0.614365 0.949803 0.762516 0.802447 0.732926 0.965789 0.873398 0.994395 0.967306 0.979618 0.944536 0.835067 0.947105 0.960339 0.967238 0.928524 0.976687
0.555091 0.635844 0.621772 0.566775 0.815781 0.888991 0.523890 0.604367 0.903160 0.700871 0.640892 0.670448 0.606341 0.682009 0.604809 0.629368 0.542626 0.535689 0.464972 0.655539 0.794066 0.825292 0.599539 0.679568 0.682751 0.794810 0.942160 0.997797 0.629053 0.598308 0.527370 0.581759 0.000000 0.388923 0.792693 0.932899 0.748514 0.849825 0.823805 0.880275 0.838337 0.826631 0.546737 0.526259 0.766863 0.777806 0.760644 0.657525 0.870676 0.975148 0.924602 0.956010 0.992470 0.881709 0.892061 0.987288 0.586016 0.658533 0.768445 0.973928 0.666820 0.957602 0.467789 0.653202 0.795816 0.849183 0.588312 0.614101 0.760273 0.779244 0.641988 0.639643 0.790510 0.993929 0.892804 0.918176 0.690627 0.693119 0.650460 0.623001 0.566032 0.495245 0.789181 0.669599 0.654153 0.604572 0.986277 0.953165 0.990574 0.947231 0.858714 0.775175 0.832812 0.841396 0.990947 0.826042 0.926412 0.974012 0.752059 0.726948 0.992588 0.803332 0.786489 0.730860 0.758001 0.697754 0.949571 0.985423 0.951078 0.878833 0.775408 0.863849 0.902004 0.886191 0.868701 0.983917
0.613145 0.621841 0.640048 0.602396 0.800014 0.853766 0.506522 0.583616 0.845711 0.628309 0.537972 0.684032 0.633345 0.705757 0.637919 0.621770 0.520939 0.489483 0.449514 0.567062 0.852061 0.842732 0.682925 0.739931 0.679508 0.823274 0.928780 0.880558 0.568192 0.493415 0.526678 0.583022 0.388923 0.000000 0.722408 0.892121 0.727989 0.929043 0.783307 0.902687 0.862479 0.891476 0.527648 0.453999 0.708958 0.719516 0.672144 0.551079 0.890366 0.995377 0.926858 0.945162 0.944718 0.851068 0.938395 0.991970 0.538883 0.640178 0.740520 0.951523 0.633532 0.971098 0.488015 0.661160 0.809309 0.792686 0.553147 0.575032 0.648476 0.705790 0.644207 0.766394 0.674518 0.865215 0.931069 0.820163 0.712445 0.716316 0.570107 0.598490 0.508951 0.497509 0.788574 0.694488 0.730611 0.718924 0.963903 0.992628 0.944307 0.921084 0.816040 0.787381 0.874479 0.797763 0.995605 0.875205 0.868470 0.922969 0.703392 0.691509 0.993654 0.728927 0.778520 0.706163 0.748808 0.696964 0.930629 0.995567 0.977113 0.853494 0.683187 0.823857 0.751137 0.872213 0.889148 0.833549
0.988131 0.920630 0.614077 0.737119 0.929361 0.752408 0.656942 0.843439 0.768623 0.791842 0.946469 0.822948 0.924211 0.814309 0.949329 0.972643 0.960148 0.933952 0.952289 0.853870 0.908665 0.876243 0.896999 0.926579 0.757057 0.586816 0.982508 0.885841 0.966240 0.941409 0.717086 0.979801 0.792693 0.722408 0.000000 0.998803 0.773472 0.960413 0.712860 0.990109 0.961719 0.935945 0.738706 0.759465 0.695006 0.729040 0.782401 0.726831 0.979352 0.854695 0.918724 0.868102 0.843084 0.936978 0.743254 0.882509 0.954123 0.918832 0.593196 0.807446 0.623021 0.937611 0.947910 0.938440 0.623415 0.611663 0.501106 0.498448 0.901586 0.937337 0.966759 0.945170 0.998506 0.884635 0.880982 0.897456 0.938444 0.961018 0.936901 0.980021 0.988240 0.997186 0.949554 0.978923 0.806885 0.836918 0.976569 0.857122 0.927266 0.739882 0.805398 0.818437 0.699136 0.744891 0.846735 0.947135 0.774136 0.999457 0.942945 0.864599 0.916827 0.780302 0.848678 0.956669 0.890296 0.656343 0.935237 0.844245 0.966598 0.916158 0.815927 0.764724 0.991817 0.977043 0.840461 0.914185
0.990533 0.943371 0.986174 0.955657 0.883306 0.871482 0.979944 0.978549 0.880125 0.992680 0.966560 0.986175 0.955231 0.961582 0.955628 0.966725 0.944719 0.930531 0.942867 0.894367 0.998148 0.998267 0.951137 0.978942 0.997389 0.847443 0.862662 0.897762 0.987840 0.958670 0.981576 0.872733 0.932899 0.892121 0.998803 0.000000 0.940104 0.950357 0.958559 0.848946 0.934024 0.922066 0.960041 0.922681 0.969277 0.987800 0.817666 0.982641 0.905196 0.870515 0.928255 0.948278 0.909542 0.986999 0.886775 0.978012 0.902004 0.964706 0.893234 0.991348 0.994166 0.984644 0.955265 0.990410 0.977793 0.952438 0.939601 0.876504 0.954834 0.934161 0.853208 0.974592 0.955828 0.969269 0.946782 0.934855 0.918838 0.967424 0.796839 0.988269 0.951331 0.976576 0.853277 0.977577 0.922343 0.956408 0.855663 0.959606 0.975883 0.836165 0.904948 0.837162 0.897022 0.944312 0.914897 0.873679 0.992323 0.942270 0.952104 0.996250 0.961106 0.968589 0.840238 0.982974 0.956821 0.994953 0.874864 0.967310 0.922745 0.995556 0.912435 0.946664 0.942656 0.906038 0.962053 0.922614
0.798985 0.819569 0.821552 0.624432 0.971672 0.839785 0.747861 0.701005 0.902145 0.659823 0.997814 0.838043 0.914895 0.972346 0.865574 0.768517 0.816277 0.841347 0.798146 0.845371 0.873061 0.871106 0.765881 0.807896 0.848710 0.806615 0.910264 0.993130 0.939524 0.842363 0.793999 0.859742 0.748514 0.727989 0.773472 0.940104 0.000000 0.733228 0.923205 0.995376 0.778444 0.872687 0.740250 0.748465 0.958013 0.956241 0.979067 0.826479 0.983018 0.983417 0.926641 0.985269 0.968859 0.992139 0.930985 0.930302 0.750173 0.819698 0.842355 0.996466 0.813449 0.862862 0.790172 0.777354 0.906334 0.769279 0.830327 0.855123 0.848853 0.886123 0.643445 0.703076 0.808310 0.880770 0.843627 0.967660 0.773980 0.860218 0.797396 0.942075 0.789419 0.854044 0.922842 0.722476 0.971218 0.854778 0.971830 0.903920 0.939827 0.999300 0.765530 0.702923 0.747522 0.752177 0.858943 0.998099 0.823673 0.790439 0.797650 0.745396 0.948100 0.838154 0.907082 0.769480 0.733145 0.767803 0.918293 0.744671 0.925221 0.938095 0.789747 0.645084 0.909437 0.954170 0.961291 0.874109
0.776691 0.770652 0.921347 0.773401 0.952020 0.836201 0.927369 0.860979 0.953129 0.880517 0.925880 0.878996 0.951689 0.971773 0.953831 0.924029 0.872127 0.889003 0.941548 0.926425 0.987603 0.874601 0.920546 0.915708 0.843779 0.992940 0.899126 0.951168 0.975331 0.820918 0.871689 0.965766 0.849825 0.929043 0.960413 0.950357 0.733228 0.000000 0.987396 0.778083 0.912616 0.973259 0.760216 0.756863 0.917494 0.897286 0.988467 0.927592 0.838627 0.838534 0.789808 0.778931 0.823964 0.809404 0.962240 0.957879 0.814950 0.812902 0.866412 0.908033 0.862171 0.825611 0.908966 0.827719 0.919086 0.847574 0.981881 0.975388 0.839085 0.832138 0.769617 0.732026 0.918321 0.846215 0.853130 0.989905 0.825877 0.953442 0.968158 0.976083 0.970971 0.977864 0.977209 0.870771 0.960199 0.899240 0.914300 0.977479 0.909673 0.832391 0.977380 0.969212 0.934731 0.992067 0.989998 0.955477 0.966174 0.945689 0.908116 0.908688 0.921482 0.884247 0.991616 0.744917 0.861662 0.775788 0.863724 0.810511 0.874687 0.877530 0.896349 0.948559 0.894199 0.847661 0.913603 0.887232
