0.000000 0.417421 0.841555 0.730128 0.847560 0.555888 0.560591 0.449183 0.768640 0.742979 0.402054 0.359070 0.545893 0.475930 0.885731 0.602187 0.413472 0.388404 0.426121 0.414696 0.966688 0.930655 0.940273 0.905147 0.969107 0.901815 0.912680 0.963425 0.561664 0.493382 0.723739 0.591806 0.490314 0.479420 0.822908 0.970144 0.748042 0.870305 0.932657 0.910029 0.868468 0.924822 0.505732 0.480428 0.505839 0.509051 0.561469 0.553633 0.720034 0.619289 0.784667 0.803847 0.894227 0.891402 0.935656 0.805571 0.348952 0.531745 0.518874 0.951343 0.512095 0.659390 0.428798 0.459078 0.974639 0.769497 0.585822 0.637060 0.821374 0.702677 0.696258 0.675672 0.826984 0.677811 0.966872 0.759472 0.602978 0.776863 0.805421 0.653436 0.499237 0.565477 0.714607 0.779111 0.886559 0.909246 0.961050 0.870909 0.982666 0.979042 0.569895 0.787498 0.669750 0.841813 0.785197 0.721183 0.775236 0.784250 0.450046 0.484624 0.633134 0.634571 0.544675 0.593950 0.759465 0.803649 0.889226 0.876604 0.963929 0.939562 0.906045 0.711455 0.686870 0.882659 0.822356 0.995162
0.417421 0.000000 0.866666 0.999445 0.972170 0.758412 0.832837 0.643102 0.956363 0.765216 0.715170 0.461347 0.912859 0.733232 0.895080 0.753181 0.334319 0.335738 0.701814 0.625800 0.932933 0.891603 0.827282 0.984603 0.980255 0.999100 0.892194 0.876694 0.581649 0.377945 0.945055 0.736658 0.722631 0.698367 0.809233 0.937522 0.866555 0.935694 0.838846 0.744024 0.869159 0.910542 0.660961 0.601573 0.556759 0.452397 0.787660 0.669070 0.526468 0.557038 0.683178 0.755462 0.928983 0.927941 0.992868 0.812558 0.255436 0.269259 0.806637 0.897737 0.844136 0.581570 0.723490 0.420485 0.705545 0.913028 0.862584 0.834367 0.707622 0.660779 0.917261 0.883174 0.834378 0.785574 0.827238 0.799061 0.799497 0.850316 0.685005 0.551494 0.353558 0.515984 0.705914 0.627075 0.878635 0.987552 0.781158 0.915901 0.937554 0.993359 0.833123 0.958706 0.883727 0.900741 0.722343 0.836692 0.689755 0.890143 0.621016 0.708943 0.836652 0.848557 0.662225 0.783782 0.926229 0.983300 0.934582 0.946299 0.953780 0.849156 0.755665 0.664398 0.793227 0.880712 0.760993 0.906070
0.841555 0.866666 0.000000 0.282850 0.846802 0.870154 0.305251 0.431746 0.710507 0.757027 0.557046 0.884974 0.396058 0.459024 0.487765 0.581562 0.871521 0.998956 0.423285 0.599841 0.901466 0.984333 0.364004 0.502730 0.715363 0.502836 0.956400 0.919935 0.818406 0.949217 0.370277 0.453566 0.462251 0.457857 0.610625 0.719616 0.781746 0.992208 0.794880 0.940713 0.937705 0.713380 0.549077 0.623574 0.753694 0.852909 0.631855 0.600900 0.872033 0.954453 0.941136 0.960938 0.952994 0.871777 0.779976 0.992402 0.900779 0.729452 0.614044 0.924365 0.466373 0.962212 0.631106 0.794525 0.349199 0.475445 0.389588 0.445701 0.721333 0.839016 0.573990 0.545164 0.976111 0.834644 0.953308 0.816143 0.636405 0.662543 0.930823 0.897264 0.798809 0.972334 0.818786 0.786249 0.519276 0.643695 0.673720 0.815348 0.902706 0.971878 0.542600 0.571014 0.649667 0.638273 0.879551 0.904312 0.977973 0.957030 0.680651 0.568421 0.619451 0.579566 0.881493 0.813348 0.733650 0.788723 0.957721 0.729677 0.817705 0.824868 0.936466 0.930641 0.804434 0.998749 0.998169 0.813731
0.730128 0.999445 0.282850 0.000000 0.917492 0.773893 0.301451 0.355676 0.811256 0.817742 0.480738 0.759306 0.379630 0.347137 0.566053 0.562499 0.963388 0.865618 0.335231 0.462999 0.954416 0.956026 0.349681 0.365893 0.640611 0.521975 0.973011 0.802630 0.785997 0.829415 0.344217 0.384139 0.391724 0.409914 0.569775 0.704420 0.808838 0.985014 0.758013 0.941102 0.933038 0.719308 0.504196 0.576777 0.770277 0.850033 0.594145 0.550945 0.807287 0.944631 0.972814 0.995440 0.988177 0.928441 0.776132 0.896921 0.964376 0.810973 0.648451 0.970467 0.500171 0.997088 0.535410 0.880202 0.445238 0.425354 0.346090 0.377645 0.778616 0.827605 0.566269 0.553105 0.901697 0.794218 0.877302 0.801716 0.623384 0.670626 0.890976 0.845713 0.981480 0.824410 0.727370 0.875749 0.491006 0.539887 0.773959 0.770584 0.884628 0.850417 0.540992 0.623268 0.623263 0.692989 0.926583 0.783273 0.992710 0.887119 0.661955 0.535771 0.567237 0.479748 0.852255 0.716516 0.671916 0.782601 0.962928 0.829976 0.799109 0.829972 0.920263 0.994643 0.796993 0.891028 0.975466 0.803023
0.847560 0.972170 0.846802 0.917492 0.000000 0.885276 0.853162 0.890310 0.838154 0.830417 0.904181 0.817971 0.750918 0.815152 0.753459 0.676604 0.957715 0.936245 0.849787 0.812930 0.780112 0.957501 0.760994 0.929153 0.968740 0.925970 0.946244 0.953401 0.983605 0.891560 0.840411 0.840344 0.806416 0.806592 0.855906 0.814206 0.836077 0.901097 0.964480 0.904520 0.880974 0.979200 0.822033 0.827554 0.849875 0.854583 0.900158 0.831196 0.981542 0.991039 0.832659 0.785000 0.761835 0.747303 0.922824 0.984806 0.998773 0.981420 0.733237 0.944568 0.766820 0.956993 0.774378 0.879432 0.837651 0.906396 0.745773 0.795962 0.871594 0.878046 0.823886 0.768626 0.875001 0.876639 0.873409 0.887417 0.888783 0.941293 0.995092 0.886185 0.833885 0.886330 0.803230 0.996717 0.836916 0.907407 0.975745 0.947367 0.848315 0.852150 0.705087 0.721338 0.712871 0.700398 0.997032 0.995160 0.923716 0.967903 0.814880 0.936828 0.937692 0.911429 0.777122 0.723640 0.912750 0.720642 0.755206 0.826773 0.951006 0.987868 0.986835 0.920156 0.885535 0.857373 0.850452 0.949494
0.555888 0.758412 0.870154 0.773893 0.885276 0.000000 0.648360 0.594733 0.673052 0.663177 0.564123 0.557149 0.652323 0.678340 0.838691 0.581873 0.695181 0.605386 0.583382 0.637395 0.931644 0.884124 0.868089 0.832252 0.998921 0.834315 0.962583 0.823916 0.810975 0.664641 0.748178 0.655287 0.662854 0.569099 0.897509 0.999323 0.865460 0.911287 0.854937 0.952311 0.887358 0.948156 0.593815 0.630970 0.675368 0.656292 0.746985 0.669327 0.932128 0.862223 0.958749 0.930689 0.968172 0.866539 0.896714 0.975088 0.624684 0.893444 0.801607 0.976688 0.629224 0.774163 0.680230 0.728053 0.955210 0.754448 0.669140 0.636459 0.977998 0.971900 0.762693 0.713900 0.868059 0.736228 0.982727 0.814176 0.700350 0.730355 0.685949 0.747554 0.747371 0.729515 0.988447 0.960966 0.905380 0.934792 0.979270 0.908696 0.970363 0.942990 0.646732 0.792183 0.679897 0.736815 0.945892 0.961839 0.779420 0.790428 0.576047 0.719492 0.629322 0.635747 0.684290 0.630621 0.932630 0.872756 0.743104 0.935963 0.888125 0.895373 0.993315 0.798346 0.909114 0.861071 0.964848 0.819452
0.560591 0.832837 0.305251 0.301451 0.853162 0.648360 0.000000 0.229991 0.601405 0.522514 0.354277 0.563456 0.337596 0.314442 0.506426 0.430203 0.818787 0.636114 0.273998 0.420739 0.971412 0.886445 0.432327 0.555311 0.893280 0.597434 0.934121 0.952327 0.603150 0.628990 0.397891 0.350075 0.319495 0.296377 0.717048 0.746634 0.676117 0.940122 0.770993 0.996609 0.975410 0.825814 0.401915 0.484923 0.467053 0.576710 0.524690 0.442791 0.945943 0.815223 0.751374 0.731227 0.789004 0.686263 0.834765 0.889929 0.786773 0.991891 0.495752 0.878969 0.303186 0.782557 0.450416 0.846477 0.526839 0.417501 0.306170 0.324204 0.808734 0.973863 0.464843 0.470594 0.900505 0.725690 0.978038 0.796522 0.490994 0.567943 0.849684 0.721476 0.916613 0.825159 0.770251 0.972919 0.593158 0.692273 0.806369 0.895249 0.946716 0.950749 0.375325 0.490976 0.508599 0.574777 0.773713 0.746570 0.848155 0.891219 0.446160 0.392197 0.478335 0.468610 0.694966 0.652171 0.717251 0.660074 0.922887 0.763031 0.849917 0.877161 0.868510 0.769161 0.637290 0.931107 0.892640 0.891829
0.449183 0.643102 0.431746 0.355676 0.890310 0.594733 0.229991 0.000000 0.585420 0.516668 0.316433 0.436314 0.414070 0.308825 0.663415 0.495287 0.645050 0.506450 0.251418 0.331331 0.922683 0.881755 0.583268 0.633584 0.930719 0.638649 0.821321 0.955628 0.493770 0.515879 0.446663 0.364381 0.295224 0.299586 0.813864 0.850003 0.655718 0.952624 0.759595 0.969334 0.966629 0.858197 0.351540 0.429552 0.403003 0.489917 0.521289 0.427970 0.794336 0.705185 0.696953 0.720319 0.762822 0.710656 0.899813 0.842240 0.600462 0.806714 0.505156 0.850551 0.346313 0.652498 0.435432 0.719263 0.683344 0.468574 0.393048 0.357891 0.925971 0.928712 0.533555 0.499169 0.825328 0.663035 0.893130 0.757931 0.468503 0.577606 0.776610 0.670362 0.797893 0.733581 0.764403 0.937364 0.752875 0.788019 0.927777 0.934842 0.998531 0.917439 0.409791 0.573333 0.530682 0.683864 0.772916 0.737362 0.778588 0.850407 0.398254 0.362784 0.467256 0.443901 0.606956 0.580491 0.731318 0.688890 0.939149 0.793258 0.811696 0.904967 0.830437 0.734569 0.614172 0.897410 0.869960 0.922680
0.768640 0.956363 0.710507 0.811256 0.838154 0.673052 0.601405 0.585420 0.000000 0.389068 0.641052 0.756451 0.688428 0.740572 0.731147 0.670646 0.798030 0.765964 0.713214 0.744346 0.902617 0.950357 0.923320 0.890649 0.736522 0.937220 0.901299 0.873418 0.658822 0.766997 0.801185 0.818284 0.735093 0.657969 0.996822 0.779699 0.781696 0.830654 0.974590 0.896306 0.983392 0.956833 0.547614 0.592095 0.574042 0.619118 0.801420 0.657187 0.790930 0.726059 0.734806 0.631630 0.599086 0.550334 0.840593 0.995088 0.876158 0.969839 0.613851 0.860324 0.586892 0.867456 0.788991 0.864555 0.875183 0.918103 0.794829 0.838237 0.905636 0.880361 0.653025 0.636333 0.890556 0.796962 0.989951 0.918809 0.521292 0.706365 0.965434 0.918561 0.895158 0.797621 0.879104 0.784497 0.847217 0.696840 0.894260 0.778046 0.855453 0.732242 0.491240 0.470628 0.607481 0.506157 0.927596 0.894199 0.786522 0.883426 0.505875 0.537726 0.609255 0.587783 0.576963 0.656843 0.928439 0.546111 0.774011 0.673761 0.946874 0.944764 0.932784 0.697549 0.539439 0.705335 0.797685 0.916713
0.742979 0.765216 0.757027 0.817742 0.830417 0.663177 0.522514 0.516668 0.389068 0.000000 0.656414 0.648165 0.738212 0.693518 0.627502 0.593198 0.679487 0.583470 0.683043 0.735045 0.870446 0.884281 0.888343 0.920127 0.717082 0.970136 0.878524 0.962534 0.584573 0.581826 0.794718 0.700179 0.744754 0.601789 0.827200 0.909999 0.734227 0.925050 0.883498 0.908448 0.870012 0.952348 0.539588 0.559207 0.396472 0.427914 0.803998 0.600341 0.657895 0.614286 0.583268 0.527086 0.527027 0.466748 0.828685 0.979438 0.710156 0.810746 0.634127 0.867384 0.541555 0.713282 0.757712 0.681878 0.953764 0.849104 0.737211 0.721350 0.905374 0.902286 0.599106 0.565178 0.893026 0.778402 0.936562 0.914276 0.525359 0.594229 0.735245 0.750781 0.948388 0.910208 0.989444 0.989764 0.867950 0.754156 0.877673 0.875594 0.812181 0.741054 0.439829 0.470438 0.537623 0.532049 0.794436 0.940248 0.689346 0.891292 0.482968 0.481272 0.617365 0.622022 0.558495 0.661651 0.902954 0.562107 0.774609 0.661827 0.908060 0.982180 0.775376 0.538604 0.601548 0.706309 0.717961 0.848324
0.402054 0.715170 0.557046 0.480738 0.904181 0.564123 0.354277 0.316433 0.641052 0.656414 0.000000 0.438230 0.374455 0.340258 0.770804 0.606494 0.631513 0.559009 0.284316 0.378027 0.925240 0.861274 0.712894 0.739681 0.943907 0.756154 0.850769 0.969609 0.522089 0.580911 0.533535 0.477922 0.386372 0.328952 0.740211 0.921900 0.686928 0.983710 0.789000 0.908392 0.899355 0.986205 0.463026 0.505531 0.522554 0.593167 0.470367 0.476334 0.870129 0.742507 0.785986 0.830366 0.834731 0.802085 0.832928 0.829112 0.609913 0.854731 0.537683 0.873499 0.315470 0.668937 0.358399 0.648091 0.757169 0.538419 0.439045 0.434378 0.992696 0.978813 0.572615 0.659735 0.854300 0.710141 0.953236 0.719887 0.568905 0.597274 0.914539 0.774752 0.741746 0.724380 0.925216 0.910964 0.763282 0.804680 0.944946 0.945397 0.877836 0.937101 0.505733 0.665516 0.653995 0.749536 0.854313 0.661789 0.862550 0.900365 0.484572 0.419625 0.511795 0.589499 0.640862 0.607279 0.822742 0.746298 0.970321 0.770252 0.890011 0.919896 0.913170 0.765289 0.602999 0.962538 0.875622 0.836501
0.359070 0.461347 0.884974 0.759306 0.817971 0.557149 0.563456 0.436314 0.756451 0.648165 0.438230 0.000000 0.684622 0.540133 0.997375 0.652827 0.457515 0.370029 0.494197 0.451470 0.959941 0.842701 0.939721 0.937792 0.842353 0.958802 0.804519 0.923924 0.540526 0.424627 0.751284 0.636733 0.499895 0.469772 0.917540 0.959611 0.616101 0.873297 0.811704 0.932010 0.731754 0.936206 0.596832 0.584502 0.438517 0.479906 0.642432 0.512577 0.641568 0.585139 0.737734 0.715164 0.798132 0.760492 0.992752 0.830540 0.422836 0.537408 0.566910 0.787272 0.499655 0.469176 0.488968 0.408197 0.928803 0.699203 0.605926 0.569894 0.825261 0.614534 0.781952 0.722894 0.758582 0.646828 0.961389 0.804734 0.644296 0.768707 0.748601 0.648994 0.500260 0.566379 0.822974 0.691591 0.966047 0.960967 0.870108 0.927165 0.974528 0.971089 0.611700 0.820601 0.694044 0.845085 0.736850 0.727699 0.795179 0.795498 0.519882 0.596378 0.637222 0.621799 0.618122 0.643191 0.879921 0.791278 0.868696 0.884845 0.986545 0.917565 0.871522 0.803205 0.733638 0.937167 0.795545 0.910446
0.545893 0.912859 0.396058 0.379630 0.750918 0.652323 0.337596 0.414070 0.688428 0.738212 0.374455 0.684622 0.000000 0.321106 0.477215 0.477635 0.907456 0.765567 0.349716 0.461312 0.855157 0.959185 0.442219 0.515556 0.832455 0.681336 0.906359 0.854931 0.745431 0.740188 0.505014 0.463221 0.418063 0.378902 0.642835 0.795530 0.847317 0.992164 0.850551 0.969557 0.973276 0.835481 0.470450 0.517423 0.727046 0.791885 0.492496 0.546957 0.843709 0.983656 0.929234 0.920658 0.928565 0.792505 0.718446 0.899850 0.841508 0.920260 0.535871 0.983703 0.373613 0.965975 0.344987 0.886624 0.517940 0.575711 0.364538 0.506139 0.870752 0.928338 0.465366 0.552288 0.937127 0.857886 0.951541 0.702395 0.564272 0.570900 0.963461 0.840428 0.905927 0.835717 0.760066 0.871941 0.535990 0.628646 0.780301 0.863720 0.792351 0.944392 0.491094 0.554226 0.639239 0.593108 0.908214 0.700236 0.922379 0.916606 0.538505 0.485249 0.598934 0.590162 0.701771 0.622802 0.774990 0.725328 0.880653 0.730673 0.853897 0.899330 0.989588 0.881938 0.768206 0.939726 0.961219 0.825918
0.475930 0.733232 0.459024 0.347137 0.815152 0.678340 0.314442 0.308825 0.740572 0.693518 0.340258 0.540133 0.321106 0.000000 0.572348 0.442092 0.788100 0.606660 0.294039 0.314798 0.962996 0.977225 0.544349 0.532408 0.873629 0.695350 0.934994 0.867115 0.618221 0.601238 0.464828 0.384116 0.340517 0.298338 0.701811 0.782203 0.677416 0.928164 0.778019 0.978961 0.933506 0.837360 0.410095 0.460621 0.576766 0.628215 0.486519 0.436764 0.993924 0.826911 0.777689 0.789311 0.829274 0.754827 0.821793 0.883033 0.696460 0.915239 0.539901 0.949785 0.380661 0.840261 0.362944 0.781514 0.598318 0.465090 0.365105 0.414404 0.936118 0.964280 0.573223 0.562829 0.878613 0.745079 0.905590 0.625538 0.533043 0.597597 0.831720 0.767908 0.786608 0.695756 0.684806 0.907369 0.603704 0.600953 0.868203 0.836007 0.846367 0.850163 0.455745 0.625098 0.621140 0.703466 0.832945 0.641221 0.880040 0.872162 0.463158 0.434023 0.508738 0.550167 0.710410 0.677742 0.704206 0.723911 0.939618 0.783746 0.770480 0.924541 0.888054 0.835656 0.713377 0.973235 0.906861 0.879875
0.885731 0.895080 0.487765 0.566053 0.753459 0.838691 0.506426 0.663415 0.731147 0.627502 0.770804 0.997375 0.477215 0.572348 0.000000 0.516235 0.843041 0.987035 0.684789 0.770029 0.918397 0.970457 0.501584 0.662282 0.833620 0.741343 0.750732 0.779208 0.940612 0.959896 0.657441 0.646845 0.715080 0.665420 0.821068 0.819063 0.960308 0.960238 0.946853 0.872113 0.861476 0.800496 0.570564 0.660677 0.792310 0.833061 0.728821 0.719972 0.837138 0.954585 0.912933 0.839401 0.855162 0.717374 0.968799 0.878609 0.922763 0.788966 0.692744 0.891463 0.612045 0.796039 0.726196 0.897917 0.466617 0.728899 0.578601 0.704224 0.676298 0.814090 0.527497 0.580426 0.890476 0.980644 0.902537 0.848541 0.568229 0.677020 0.996348 0.993394 0.810228 0.838446 0.794212 0.768221 0.625214 0.773973 0.661043 0.929820 0.971468 0.938250 0.532685 0.479748 0.647502 0.529786 0.906606 0.947271 0.961567 0.868304 0.640706 0.648808 0.830854 0.665987 0.798217 0.738428 0.766225 0.709041 0.741583 0.667762 0.878587 0.750034 0.967205 0.789120 0.843174 0.920663 0.972002 0.919258
0.602187 0.753181 0.581562 0.562499 0.676604 0.581873 0.430203 0.495287 0.670646 0.593198 0.606494 0.652827 0.477635 0.442092 0.516235 0.000000 0.850416 0.660753 0.545134 0.521117 0.814814 0.879323 0.560746 0.631107 0.872358 0.655954 0.972133 0.890948 0.761004 0.636240 0.581133 0.468074 0.490547 0.482275 0.787762 0.761121 0.710945 0.921533 0.911939 0.985159 0.944948 0.929639 0.515859 0.592951 0.578381 0.589389 0.679877 0.580035 0.936213 0.824717 0.728100 0.714103 0.789183 0.667285 0.979147 0.948549 0.767484 0.897545 0.604118 0.971698 0.517160 0.876316 0.619515 0.834471 0.694596 0.619380 0.479012 0.540268 0.790717 0.974956 0.602183 0.537747 0.882254 0.786599 0.938425 0.775722 0.566666 0.734792 0.784164 0.662942 0.750084 0.718438 0.704537 0.931532 0.616704 0.681647 0.875981 0.908892 0.981991 0.889116 0.441867 0.613554 0.577783 0.583445 0.801218 0.854077 0.766336 0.865799 0.556768 0.632757 0.613318 0.603395 0.716036 0.749848 0.816908 0.827044 0.753973 0.824107 0.883098 0.948678 0.871850 0.783975 0.752868 0.995549 0.932064 0.965379
0.413472 0.334319 0.871521 0.963388 0.957715 0.695181 0.818787 0.645050 0.798030 0.679487 0.631513 0.457515 0.907456 0.788100 0.843041 0.850416 0.000000 0.326584 0.718905 0.703837 0.963257 0.878375 0.783530 0.824731 0.811656 0.832647 0.788178 0.861288 0.513411 0.369574 0.947688 0.828505 0.762751 0.663399 0.808651 0.880597 0.821746 0.798951 0.880043 0.752627 0.810041 0.866878 0.690273 0.589775 0.520175 0.506142 0.827258 0.705103 0.544257 0.536182 0.681505 0.680392 0.842065 0.793190 0.869432 0.803769 0.313438 0.359486 0.784480 0.800948 0.734104 0.526840 0.688339 0.350022 0.657661 0.941615 0.897059 0.833974 0.680984 0.620685 0.914893 0.838588 0.807490 0.719808 0.911565 0.777204 0.755250 0.849456 0.763387 0.621800 0.442463 0.669319 0.934067 0.633349 0.749547 0.855382 0.779271 0.790930 0.800323 0.969788 0.760723 0.936486 0.823320 0.993499 0.699587 0.841996 0.728900 0.837851 0.626439 0.625673 0.803427 0.783171 0.686456 0.741963 0.970718 0.939092 0.841559 0.952031 0.939190 0.891477 0.796169 0.693079 0.708787 0.853189 0.790017 0.876009
0.388404 0.335738 0.998956 0.865618 0.936245 0.605386 0.636114 0.506450 0.765964 0.583470 0.559009 0.370029 0.765567 0.606660 0.987035 0.660753 0.326584 0.000000 0.571566 0.603868 0.977453 0.976518 0.951678 0.987455 0.826676 0.984528 0.790512 0.858554 0.510884 0.319612 0.787522 0.617531 0.595578 0.558113 0.895183 0.977777 0.748220 0.891351 0.907623 0.829613 0.896262 0.939960 0.567564 0.518248 0.400821 0.356477 0.738907 0.540472 0.594935 0.514354 0.665996 0.598888 0.788620 0.742031 0.966715 0.822958 0.293343 0.395384 0.736726 0.882316 0.611409 0.555053 0.584558 0.332314 0.785285 0.822766 0.695557 0.700499 0.789051 0.641745 0.784761 0.707440 0.794261 0.664223 0.903733 0.783028 0.644925 0.713783 0.573006 0.519755 0.408559 0.586641 0.829288 0.645875 0.882695 0.973265 0.806167 0.841450 0.913822 0.994284 0.594517 0.806944 0.657551 0.850887 0.791538 0.755388 0.636153 0.923510 0.516473 0.536908 0.637896 0.671585 0.612054 0.717241 0.851685 0.805452 0.796069 0.977755 0.963881 0.908978 0.839724 0.694212 0.666796 0.865860 0.773925 0.898771
0.426121 0.701814 0.423285 0.335231 0.849787 0.583382 0.273998 0.251418 0.713214 0.683043 0.284316 0.494197 0.349716 0.294039 0.684789 0.545134 0.718905 0.571566 0.000000 0.333106 0.987258 0.886233 0.563095 0.558485 0.850020 0.652698 0.904372 0.893630 0.604713 0.588851 0.421587 0.356461 0.310166 0.295339 0.719278 0.858197 0.733445 0.997076 0.780099 0.971353 0.991609 0.884557 0.428115 0.460819 0.552184 0.617895 0.523251 0.462187 0.960616 0.831126 0.862778 0.895392 0.927344 0.901242 0.815338 0.837925 0.620278 0.876164 0.571817 0.954849 0.372601 0.796601 0.388294 0.772106 0.653261 0.483043 0.357551 0.370577 0.918744 0.970781 0.554337 0.608646 0.875243 0.753510 0.893787 0.735110 0.572560 0.613325 0.798397 0.715201 0.773265 0.672620 0.775051 0.954254 0.653150 0.689144 0.892284 0.870288 0.833455 0.858954 0.489156 0.643243 0.618302 0.750510 0.866069 0.701200 0.873582 0.896275 0.442836 0.408215 0.490880 0.514286 0.660506 0.615209 0.695480 0.759963 0.955866 0.850499 0.903049 0.878056 0.943096 0.750173 0.662056 0.965273 0.947246 0.906030
0.414696 0.625800 0.599841 0.462999 0.812930 0.637395 0.420739 0.331331 0.744346 0.735045 0.378027 0.451470 0.461312 0.314798 0.770029 0.521117 0.703837 0.603868 0.333106 0.000000 0.999601 0.937934 0.680338 0.618611 0.844992 0.733805 0.843558 0.908259 0.578545 0.621057 0.559892 0.432398 0.334069 0.370576 0.779416 0.858566 0.658753 0.903428 0.778706 0.938049 0.946621 0.937077 0.502243 0.541134 0.602254 0.644846 0.557652 0.511802 0.837713 0.757144 0.817487 0.880954 0.868533 0.885172 0.912498 0.799966 0.606742 0.758446 0.549986 0.919545 0.492136 0.725539 0.438493 0.756689 0.773200 0.603617 0.502120 0.480396 0.928745 0.877596 0.633563 0.649455 0.791260 0.671684 0.872297 0.726802 0.587801 0.671725 0.901178 0.724245 0.693986 0.564764 0.679599 0.850368 0.679503 0.713329 0.854878 0.837770 0.907989 0.868950 0.584960 0.785854 0.714532 0.861236 0.820174 0.738612 0.903896 0.856554 0.539218 0.496744 0.595265 0.626661 0.695904 0.660125 0.737611 0.795352 0.896549 0.921965 0.802690 0.973618 0.907221 0.829135 0.671036 0.993818 0.965653 0.984782
0.966688 0.932933 0.901466 0.954416 0.780112 0.931644 0.971412 0.922683 0.902617 0.870446 0.925240 0.959941 0.855157 0.962996 0.918397 0.814814 0.963257 0.977453 0.987258 0.999601 0.000000 0.981184 0.720715 0.799244 0.795681 0.924942 0.933558 0.973127 0.790542 0.991010 0.858444 0.997167 0.874596 0.914940 0.850271 0.723647 0.983119 0.858927 0.975495 0.825787 0.960126 0.953760 0.939604 0.915364 0.859505 0.857422 0.850973 0.906046 0.696732 0.764524 0.903988 0.906106 0.904290 0.946865 0.922078 0.940599 0.851761 0.942224 0.943743 0.984110 0.964693 0.788645 0.954333 0.922418 0.880753 0.944265 0.788369 0.881498 0.980817 0.913612 0.802226 0.827939 0.849067 0.915347 0.893726 0.843887 0.977647 0.956869 0.987057 0.895730 0.801646 0.821676 0.871703 0.910017 0.694435 0.699137 0.939511 0.718699 0.944898 0.947167 0.937073 0.951753 0.896216 0.803554 0.893206 0.931580 0.960221 0.877328 0.959450 0.885055 0.929759 0.990953 0.868950 0.963613 0.988574 0.995486 0.913346 0.904230 0.939679 0.996192 0.799702 0.808535 0.889735 0.954443 0.949002 0.831073
0.930655 0.891603 0.984333 0.956026 0.957501 0.884124 0.886445 0.881755 0.950357 0.884281 0.861274 0.842701 0.959185 0.977225 0.970457 0.879323 0.878375 0.976518 0.886233 0.937934 0.981184 0.000000 0.950452 0.953728 0.905725 0.785581 0.860556 0.900233 0.914494 0.873726 0.928185 0.976678 0.898244 0.931057 0.986518 0.922073 0.859438 0.862159 0.985786 0.895721 0.897735 0.887399 0.892641 0.937099 0.926952 0.934577 0.976634 0.964920 0.914174 0.888709 0.962677 0.972313 0.937171 0.967807 0.978563 0.864946 0.955108 0.923981 0.944368 0.962004 0.915495 0.830477 0.951256 0.964396 0.958867 0.908116 0.921874 0.857478 0.983400 0.994180 0.959692 0.998768 0.805538 0.984785 0.891197 0.931336 0.959146 0.934691 0.876288 0.954777 0.859217 0.969680 0.899378 0.961941 0.968109 0.934473 0.986341 0.958584 0.846076 0.869140 0.973872 0.974667 0.975974 0.939477 0.901865 0.947640 0.975188 0.982285 0.926047 0.992200 0.949118 0.874844 0.912807 0.934516 0.774882 0.944695 0.917204 0.906798 0.963663 0.834665 0.977787 0.891320 0.939718 0.933139 0.924122 0.908381
0.940273 0.827282 0.364004 0.349681 0.760994 0.868089 0.432327 0.583268 0.923320 0.888343 0.712894 0.939721 0.442219 0.544349 0.501584 0.560746 0.783530 0.951678 0.563095 0.680338 0.720715 0.950452 0.000000 0.348267 0.558223 0.581457 0.809963 0.859778 0.930259 0.937631 0.465746 0.493476 0.506115 0.547163 0.540430 0.582289 0.911175 0.994197 0.826092 0.881674 0.943549 0.738476 0.736248 0.814465 0.935395 0.999301 0.759381 0.754666 0.625375 0.779294 0.970203 0.983929 0.982570 0.827131 0.771311 0.960920 0.794932 0.740449 0.757779 0.995231 0.596084 0.856793 0.620687 0.839362 0.417512 0.475954 0.385999 0.430674 0.725517 0.709163 0.582568 0.593647 0.970910 0.950401 0.867257 0.834683 0.755577 0.740056 0.984969 0.843161 0.967407 0.823398 0.673283 0.861347 0.338509 0.421516 0.719009 0.680639 0.794558 0.767807 0.642525 0.662620 0.676644 0.654708 0.965388 0.896603 0.985562 0.978691 0.864451 0.747745 0.777903 0.659418 0.984622 0.818026 0.803876 0.790836 0.991023 0.868863 0.948751 0.812555 0.983585 0.854239 0.992639 0.970458 0.960175 0.889922
0.905147 0.984603 0.502730 0.365893 0.929153 0.832252 0.555311 0.633584 0.890649 0.920127 0.739681 0.937792 0.515556 0.532408 0.662282 0.631107 0.824731 0.987455 0.558485 0.618611 0.799244 0.953728 0.348267 0.000000 0.470921 0.674669 0.849792 0.791585 0.896274 0.939583 0.488904 0.450414 0.536680 0.544699 0.602063 0.682127 0.984434 0.913786 0.719068 0.984551 0.902798 0.686782 0.772779 0.828176 0.990236 0.964682 0.706034 0.777426 0.676026 0.755882 0.941948 0.858287 0.827254 0.922899 0.700926 0.964538 0.946153 0.820643 0.899225 0.909600 0.776681 0.842551 0.671838 0.824643 0.568094 0.535883 0.488644 0.500269 0.860547 0.695602 0.703600 0.742757 0.998156 0.929191 0.821391 0.794558 0.874412 0.804295 0.930452 0.851207 0.956387 0.660664 0.599662 0.994020 0.374484 0.325886 0.816008 0.518135 0.718664 0.711735 0.825929 0.900348 0.856956 0.954447 0.986148 0.832819 0.992119 0.990857 0.906766 0.848815 0.837568 0.802007 0.943596 0.865210 0.767614 0.976927 0.924073 0.968871 0.899921 0.873792 0.977086 0.864502 0.926474 0.889600 0.901397 0.861732
0.969107 0.980255 0.715363 0.640611 0.968740 0.998921 0.893280 0.930719 0.736522 0.717082 0.943907 0.842353 0.832455 0.873629 0.833620 0.872358 0.811656 0.826676 0.850020 0.844992 0.795681 0.905725 0.558223 0.470921 0.000000 0.653497 0.732685 0.955187 0.733579 0.917370 0.661904 0.683702 0.795542 0.889838 0.731128 0.681916 0.843271 0.994045 0.833856 0.965930 0.971841 0.687023 0.949040 0.986668 0.734097 0.786140 0.922926 0.985752 0.696928 0.697247 0.798237 0.652446 0.633051 0.690984 0.907967 0.897319 0.887403 0.913023 0.879481 0.993903 0.977740 0.874580 0.996616 0.716110 0.627684 0.664621 0.794441 0.776302 0.921524 0.709704 0.946415 0.982646 0.903673 0.841901 0.797096 0.782150 0.983450 0.918083 0.910460 0.871423 0.971389 0.729212 0.607689 0.926443 0.505000 0.485446 0.804071 0.746555 0.782895 0.740367 0.838853 0.811129 0.878400 0.798050 0.879132 0.973833 0.946223 0.927290 0.870557 0.919809 0.897535 0.957597 0.773871 0.924067 0.901412 0.818103 0.857438 0.917577 0.933805 0.912738 0.955337 0.828886 0.759222 0.803997 0.795356 0.865325
0.901815 0.999100 0.502836 0.521975 0.925970 0.834315 0.597434 0.638649 0.937220 0.970136 0.756154 0.958802 0.681336 0.695350 0.741343 0.655954 0.832647 0.984528 0.652698 0.733805 0.924942 0.785581 0.581457 0.674669 0.653497 0.000000 0.921286 0.977158 0.947366 0.978920 0.629197 0.673547 0.649682 0.734932 0.782701 0.656065 0.940324 0.891047 0.966784 0.998905 0.896744 0.834406 0.674646 0.846801 0.909761 0.883222 0.789707 0.831055 0.967882 0.941126 0.999550 0.861761 0.921230 0.905892 0.811522 0.954363 0.977081 0.847447 0.828202 0.955344 0.720082 0.966344 0.869900 0.763249 0.538841 0.566635 0.617138 0.640756 0.795089 0.775766 0.853785 0.770714 0.969610 0.961612 0.817960 0.973699 0.845336 0.845228 0.969272 0.893502 0.971250 0.887485 0.838501 0.808908 0.611969 0.707660 0.836180 0.857294 0.940939 0.918278 0.813022 0.906907 0.834369 0.874572 0.911480 0.885020 0.995861 0.895665 0.887063 0.843435 0.752807 0.792232 0.966629 0.984131 0.836594 0.993694 0.952499 0.966759 0.859289 0.921882 0.954889 0.999722 0.946021 0.886254 0.987406 0.897837
0.912680 0.892194 0.956400 0.973011 0.946244 0.962583 0.934121 0.821321 0.901299 0.878524 0.850769 0.804519 0.906359 0.934994 0.750732 0.972133 0.788178 0.790512 0.904372 0.843558 0.933558 0.860556 0.809963 0.849792 0.732685 0.921286 0.000000 0.724897 0.735870 0.794834 0.963981 0.984868 0.821066 0.906468 0.813865 0.909476 0.850743 0.966853 0.990030 0.959030 0.952620 0.929839 0.875397 0.924049 0.764090 0.820012 0.938890 0.945428 0.705377 0.729986 0.894473 0.837043 0.788350 0.902277 0.852090 0.940870 0.862371 0.835335 0.989800 0.973775 0.956670 0.774205 0.948814 0.817322 0.843146 0.938870 0.940416 0.933003 0.994331 0.822411 0.923482 0.882644 0.817447 0.740136 0.963916 0.985568 0.962602 0.867158 0.836776 0.896687 0.944412 0.940378 0.760514 0.664820 0.753208 0.792624 0.827451 0.988943 0.765879 0.923527 0.884066 0.957248 0.844096 0.927687 0.956356 0.866800 0.842225 0.783715 0.895397 0.936306 0.789847 0.929036 0.955943 0.968827 0.964701 0.968571 0.940310 0.840652 0.833142 0.894582 0.941112 0.895501 0.755618 0.964383 0.983033 0.965291
0.963425 0.876694 0.919935 0.802630 0.953401 0.823916 0.952327 0.955628 0.873418 0.962534 0.969609 0.923924 0.854931 0.867115 0.779208 0.890948 0.861288 0.858554 0.893630 0.908259 0.973127 0.900233 0.859778 0.791585 0.955187 0.977158 0.724897 0.000000 0.987716 0.881505 0.815193 0.961607 0.955377 0.962714 0.730954 0.855395 0.917923 0.927011 0.998202 0.859795 0.887505 0.955972 0.895284 0.851578 0.932137 0.967432 0.994846 0.971965 0.816088 0.871347 0.916391 0.848553 0.982569 0.973433 0.958642 0.955792 0.957854 0.755964 0.931615 0.723527 0.928054 0.668241 0.994733 0.735716 0.911971 0.953682 0.898498 0.991513 0.881763 0.903465 0.870374 0.829944 0.889648 0.902153 0.823243 0.979799 0.800038 0.992198 0.885515 0.830181 0.861941 0.918133 0.938587 0.810749 0.857457 0.904613 0.918463 0.890338 0.964303 0.930890 0.840831 0.831895 0.842702 0.767340 0.821579 0.964689 0.955920 0.771334 0.910079 0.919839 0.873090 0.815426 0.850658 0.752162 0.877502 0.962411 0.970083 0.836514 0.979481 0.746761 0.913069 0.858134 0.952765 0.928396 0.832509 0.986929
0.561664 0.581649 0.818406 0.785997 0.983605 0.810975 0.603150 0.493770 0.658822 0.584573 0.522089 0.540526 0.745431 0.618221 0.940612 0.761004 0.513411 0.510884 0.604713 0.578545 0.790542 0.914494 0.930259 0.896274 0.733579 0.947366 0.735870 0.987716 0.000000 0.498355 0.804343 0.755267 0.647611 0.645330 0.963901 0.906954 0.730849 0.953592 0.873381 0.784922 0.881435 0.982651 0.585545 0.570363 0.458940 0.473100 0.746822 0.558318 0.530591 0.508513 0.633263 0.620610 0.674551 0.678903 0.944894 0.764444 0.524618 0.654884 0.592571 0.809895 0.592999 0.588556 0.641436 0.619335 0.935733 0.864718 0.759127 0.767341 0.949650 0.634274 0.844710 0.719467 0.648651 0.652005 0.930122 0.780255 0.600114 0.774631 0.800503 0.782652 0.767758 0.885624 0.958901 0.795790 0.876743 0.868900 0.964651 0.781263 0.791877 0.798226 0.597055 0.806353 0.737333 0.821662 0.770052 0.759712 0.759537 0.944227 0.583343 0.576018 0.667435 0.691768 0.629650 0.782521 0.860460 0.908063 0.835620 0.765046 0.751692 0.985844 0.717975 0.835589 0.609066 0.796579 0.895915 0.916637
0.493382 0.377945 0.949217 0.829415 0.891560 0.664641 0.628990 0.515879 0.766997 0.581826 0.580911 0.424627 0.740188 0.601238 0.959896 0.636240 0.369574 0.319612 0.588851 0.621057 0.991010 0.873726 0.937631 0.939583 0.917370 0.978920 0.794834 0.881505 0.498355 0.000000 0.784661 0.651856 0.590703 0.544763 0.840012 0.977881 0.810811 0.882779 0.812676 0.794358 0.882552 0.969546 0.602894 0.555153 0.469472 0.443126 0.770846 0.571045 0.661170 0.548716 0.571074 0.551145 0.753066 0.646132 0.994084 0.802227 0.398817 0.441167 0.721803 0.740270 0.596258 0.550601 0.554837 0.393957 0.864128 0.742328 0.708425 0.665953 0.780130 0.732582 0.797710 0.767692 0.751684 0.739118 0.915056 0.760727 0.693863 0.749164 0.592718 0.470070 0.425167 0.586339 0.801289 0.636014 0.972893 0.913206 0.826045 0.925028 0.937275 0.928659 0.625065 0.814347 0.686359 0.863809 0.722054 0.793475 0.679671 0.937338 0.549911 0.636302 0.728887 0.666268 0.670456 0.779272 0.935881 0.832139 0.780055 0.942324 0.937766 0.863918 0.735459 0.732445 0.766621 0.807012 0.768031 0.962115
0.723739 0.945055 0.370277 0.344217 0.840411 0.748178 0.397891 0.446663 0.801185 0.794718 0.533535 0.751284 0.505014 0.464828 0.657441 0.581133 0.947688 0.787522 0.421587 0.559892 0.858444 0.928185 0.465746 0.488904 0.661904 0.629197 0.963981 0.815193 0.804343 0.784661 0.000000 0.395026 0.422215 0.455092 0.625797 0.814868 0.789962 0.981340 0.789095 0.986833 0.981806 0.709878 0.582989 0.621999 0.714617 0.764874 0.744195 0.636638 0.947106 0.995208 0.910381 0.985827 0.970706 0.934190 0.902448 0.935788 0.866121 0.951494 0.734373 0.986851 0.560301 0.966900 0.672584 0.956920 0.594760 0.545649 0.488862 0.467429 0.892897 0.957331 0.527998 0.499071 0.851374 0.649386 0.802693 0.650170 0.643978 0.769011 0.825970 0.784125 0.931418 0.798669 0.728073 0.953073 0.582582 0.611231 0.869502 0.826017 0.889764 0.937776 0.609059 0.707930 0.636122 0.779642 0.956335 0.837306 0.807562 0.962045 0.717320 0.605246 0.522680 0.593323 0.862762 0.789150 0.726900 0.890434 0.901414 0.763351 0.917633 0.895732 0.933156 0.968423 0.835500 0.894635 0.949142 0.901882
0.591806 0.736658 0.453566 0.384139 0.840344 0.655287 0.350075 0.364381 0.818284 0.700179 0.477922 0.636733 0.463221 0.384116 0.646845 0.468074 0.828505 0.617531 0.356461 0.432398 0.997167 0.976678 0.493476 0.450414 0.683702 0.673547 0.984868 0.961607 0.755267 0.651856 0.395026 0.000000 0.386388 0.374086 0.685921 0.742169 0.769373 0.858364 0.707350 0.939751 0.962663 0.801928 0.515763 0.526091 0.574479 0.616631 0.567170 0.466725 0.933262 0.814883 0.771328 0.818984 0.914145 0.859394 0.767737 0.989736 0.709655 0.871075 0.664255 0.918423 0.494188 0.821225 0.529350 0.847163 0.645380 0.486034 0.401268 0.381943 0.877883 0.901762 0.622254 0.597291 0.886905 0.712336 0.879447 0.659769 0.601972 0.612645 0.764484 0.611576 0.778616 0.601220 0.616025 0.857119 0.585662 0.562625 0.807986 0.777645 0.874716 0.789057 0.553077 0.714468 0.673713 0.802384 0.827784 0.791958 0.860046 0.907007 0.631398 0.550364 0.614570 0.614151 0.788637 0.686296 0.740891 0.803083 0.991481 0.837346 0.909436 0.973307 0.845593 0.854032 0.840282 0.987053 0.995360 0.913170
0.490314 0.722631 0.462251 0.391724 0.806416 0.662854 0.319495 0.295224 0.735093 0.744754 0.386372 0.499895 0.418063 0.340517 0.715080 0.490547 0.762751 0.595578 0.310166 0.334069 0.874596 0.898244 0.506115 0.536680 0.795542 0.649682 0.821066 0.955377 0.647611 0.590703 0.422215 0.386388 0.000000 0.355730 0.700885 0.763536 0.648536 0.895834 0.731326 0.869624 0.997753 0.818395 0.457469 0.540676 0.534355 0.608130 0.530634 0.532707 0.928383 0.807541 0.773034 0.842967 0.858616 0.817430 0.900680 0.794123 0.711350 0.865440 0.544570 0.855575 0.374911 0.725461 0.435801 0.772544 0.631457 0.419876 0.366512 0.342468 0.945820 0.966979 0.561771 0.552634 0.785413 0.694662 0.868357 0.714277 0.562410 0.706827 0.817115 0.649342 0.714722 0.587699 0.704569 0.895261 0.576265 0.596515 0.912461 0.843714 0.959641 0.875666 0.508347 0.703182 0.629151 0.787617 0.891045 0.728360 0.853368 0.956691 0.530348 0.523145 0.562663 0.546581 0.713031 0.690536 0.771580 0.819488 0.949140 0.896433 0.830148 0.964920 0.988774 0.889048 0.718987 0.910901 0.954004 0.866109
0.479420 0.698367 0.457857 0.409914 0.806592 0.569099 0.296377 0.299586 0.657969 0.601789 0.328952 0.469772 0.378902 0.298338 0.665420 0.482275 0.663399 0.558113 0.295339 0.370576 0.914940 0.931057 0.547163 0.544699 0.889838 0.734932 0.906468 0.962714 0.645330 0.544763 0.455092 0.374086 0.355730 0.000000 0.741274 0.838076 0.666647 0.903197 0.612416 0.995159 0.946771 0.813331 0.477388 0.473594 0.504201 0.597981 0.511672 0.451337 0.914165 0.793362 0.738128 0.735565 0.817227 0.721574 0.849278 0.983502 0.659322 0.864228 0.563748 0.851065 0.346910 0.742368 0.401054 0.704633 0.673941 0.452891 0.374418 0.347327 0.968314 0.947762 0.564240 0.589494 0.826870 0.697384 0.860188 0.674286 0.627908 0.580357 0.857791 0.653115 0.752809 0.634772 0.740075 0.848849 0.635558 0.648402 0.881307 0.848885 0.854461 0.888017 0.481728 0.661882 0.624326 0.725663 0.807098 0.726150 0.879439 0.898873 0.482387 0.466754 0.544307 0.600869 0.731884 0.656440 0.746973 0.743521 0.903938 0.807197 0.850934 0.928437 0.946267 0.751981 0.681789 0.979056 0.850791 0.913572
0.822908 0.809233 0.610625 0.569775 0.855906 0.897509 0.717048 0.813864 0.996822 0.827200 0.740211 0.917540 0.642835 0.701811 0.821068 0.787762 0.808651 0.895183 0.719278 0.779416 0.850271 0.986518 0.540430 0.602063 0.731128 0.782701 0.813865 0.730954 0.963901 0.840012 0.625797 0.685921 0.700885 0.741274 0.000000 0.770632 0.791096 0.977831 0.946420 0.995235 0.973419 0.965239 0.847331 0.835581 0.965837 0.946416 0.766465 0.875500 0.704134 0.878109 0.868115 0.874900 0.961016 0.957571 0.752800 0.998401 0.835423 0.750007 0.736203 0.848656 0.781523 0.862831 0.753131 0.849300 0.600544 0.702826 0.526147 0.614028 0.776013 0.837121 0.804216 0.729793 0.867993 0.822283 0.984835 0.834480 0.835864 0.951991 0.999286 0.980882 0.990322 0.852072 0.813381 0.866562 0.524079 0.617091 0.850846 0.938365 0.797185 0.846831 0.721775 0.834657 0.745422 0.729492 0.950125 0.836040 0.931054 0.931894 0.955075 0.891661 0.856058 0.735292 0.997014 0.850518 0.763669 0.887696 0.880045 0.809042 0.908878 0.886045 0.942394 0.679466 0.989463 0.913761 0.850184 0.830869
0.970144 0.937522 0.719616 0.704420 0.814206 0.999323 0.746634 0.850003 0.779699 0.909999 0.921900 0.959611 0.795530 0.782203 0.819063 0.761121 0.880597 0.977777 0.858197 0.858566 0.723647 0.922073 0.582289 0.682127 0.681916 0.656065 0.909476 0.855395 0.906954 0.977881 0.814868 0.742169 0.763536 0.838076 0.770632 0.000000 0.959284 0.902965 0.994691 0.989461 0.903749 0.881494 0.976694 0.980497 0.945207 0.999015 0.723520 0.897875 0.870090 0.961186 0.889722 0.940732 0.891088 0.934367 0.749155 0.957887 0.840889 0.934363 0.914520 0.889587 0.775596 0.944425 0.784449 0.943655 0.645572 0.602117 0.601600 0.633561 0.916289 0.855826 0.931347 0.797013 0.941749 0.889110 0.874073 0.968856 0.901684 0.961582 0.961045 0.924762 0.918946 0.759032 0.718880 0.989266 0.495516 0.517434 0.925470 0.725336 0.940396 0.874124 0.886595 0.982798 0.850058 0.950868 0.952062 0.820952 0.835866 0.912294 0.942069 0.999331 0.961567 0.891871 0.862007 0.933824 0.894751 0.911554 0.981813 0.908732 0.963904 0.969215 0.984606 0.941083 0.873949 0.862624 0.956103 0.997515
0.748042 0.866555 0.781746 0.808838 0.836077 0.865460 0.676117 0.655718 0.781696 0.734227 0.686928 0.616101 0.847317 0.677416 0.960308 0.710945 0.821746 0.748220 0.733445 0.658753 0.983119 0.859438 0.911175 0.984434 0.843271 0.940324 0.850743 0.917923 0.730849 0.810811 0.789962 0.769373 0.648536 0.666647 0.791096 0.959284 0.000000 0.942963 0.869477 0.821576 0.744907 0.829522 0.776307 0.787798 0.636207 0.750815 0.810191 0.797420 0.770911 0.774243 0.703701 0.763522 0.739109 0.735498 0.980201 0.960259 0.847798 0.880303 0.616875 0.748853 0.661238 0.724973 0.811148 0.835369 0.952462 0.774008 0.715451 0.620521 0.998882 0.882542 0.847228 0.732919 0.776973 0.723242 0.886674 0.761936 0.735742 0.990779 0.930277 0.789732 0.875768 0.863208 0.910666 0.848175 0.952881 0.994975 0.982091 0.953420 0.998287 0.986512 0.703052 0.799340 0.779266 0.817639 0.614588 0.886497 0.896618 0.974352 0.757062 0.820989 0.750481 0.814359 0.852847 0.885812 0.995823 0.845114 0.954808 0.787369 0.723181 0.901347 0.878339 0.944902 0.840688 0.884427 0.955145 0.992525
0.870305 0.935694 0.992208 0.985014 0.901097 0.911287 0.940122 0.952624 0.830654 0.925050 0.983710 0.873297 0.992164 0.928164 0.960238 0.921533 0.798951 0.891351 0.997076 0.903428 0.858927 0.862159 0.994197 0.913786 0.994045 0.891047 0.966853 0.927011 0.953592 0.882779 0.981340 0.858364 0.895834 0.903197 0.977831 0.902965 0.942963 0.000000 0.932374 0.904982 0.886845 0.990280 0.924571 0.993417 0.811200 0.853824 0.952214 0.958397 0.917085 0.930584 0.937022 0.899184 0.891562 0.919524 0.964551 0.940190 0.935287 0.930414 0.838707 0.747713 0.833104 0.802310 0.969144 0.842694 0.984741 0.863480 0.869420 0.879940 0.946516 0.930693 0.992151 0.890249 0.930183 0.984049 0.949802 0.907883 0.950582 0.819722 0.944808 0.927940 0.900687 0.923316 0.951280 0.992195 0.986269 0.940512 0.988476 0.823381 0.811160 0.704896 0.889614 0.946691 0.848582 0.892052 0.951392 0.932918 0.981841 0.867589 0.904374 0.990308 0.995440 0.911080 0.969441 0.956653 0.866135 0.872057 0.841429 0.987266 0.935323 0.993305 0.872398 0.892873 0.851022 0.922862 0.903631 0.983598
