0.000000 0.514913 0.663870 0.635263 0.991438 0.863139 0.536293 0.467291 0.806549 0.588936 0.591573 0.556183 0.546021 0.766922 0.982608 0.977793 0.549248 0.497660 0.532168 0.695694 0.880856 0.940994 0.920406 0.719116 0.938625 0.949451 0.807597 0.982803 0.828748 0.708643 0.955529 0.894327 0.581266 0.508709 0.752016 0.913386 0.967203 0.802611 0.794321 0.808705 0.812242 0.933922 0.661720 0.662134 0.740166 0.609353 0.612810 0.698624 0.759587 0.989685 0.977469 0.827330 0.838738 0.852730 0.710174 0.744967 0.535574 0.653589 0.629734 0.756740 0.417535 0.460755 0.451333 0.433553 0.835644 0.667723 0.737858 0.778926 0.834418 0.723134 0.899561 0.948067 0.990350 0.977512 0.997590 0.935284 0.737527 0.711366 0.773217 0.949318 0.537180 0.567159 0.950631 0.735224 0.824897 0.855097 0.875320 0.876858 0.809707 0.728260 0.727411 0.917985 0.772157 0.979281 0.817905 0.794981 0.777596 0.909118 0.574338 0.626480 0.810917 0.994395 0.741928 0.708522 0.998028 0.772947 0.956639 0.903018 0.853085 0.986325 0.838965 0.729780 0.841702 0.729328 0.952646 0.995917
0.514913 0.000000 0.926003 0.791325 0.923577 0.864705 0.856595 0.631906 0.967227 0.775856 0.783273 0.542509 0.668502 0.657965 0.888425 0.757752 0.537248 0.553553 0.657324 0.769302 0.993173 0.987995 0.970963 0.877604 0.929945 0.999287 0.997435 0.900871 0.761064 0.626492 0.977215 0.965573 0.638057 0.680304 0.846417 0.952637 0.948937 0.862895 0.915682 0.914522 0.875420 0.944184 0.758321 0.673370 0.742169 0.669739 0.750911 0.704607 0.722907 0.910613 0.993226 0.927371 0.973712 0.976020 0.799013 0.961690 0.575121 0.550405 0.711599 0.778747 0.632265 0.545491 0.602282 0.514110 0.940808 0.748707 0.922774 0.877009 0.816926 0.636120 0.879573 0.893549 0.896028 0.949960 0.961795 0.907398 0.845483 0.797389 0.769117 0.961521 0.603913 0.686532 0.994622 0.749629 0.968247 0.927251 0.997546 0.921057 0.924960 0.851846 0.974173 0.880530 0.971675 0.824758 0.827418 0.836127 0.808338 0.899199 0.739567 0.788177 0.883991 0.933029 0.793450 0.758802 0.965146 0.824596 0.927642 0.918576 0.988272 0.909483 0.993856 0.818739 0.852393 0.837417 0.853216 0.999159
0.663870 0.926003 0.000000 0.451955 0.895262 0.953240 0.341534 0.506442 0.698680 0.575293 0.736839 0.952255 0.867138 0.861459 0.810662 0.688415 0.874179 0.732128 0.734485 0.813888 0.828496 0.968185 0.894553 0.911962 0.884158 0.921550 0.862141 0.879283 0.983259 0.981068 0.869613 0.995057 0.566965 0.579473 0.723921 0.881277 0.955713 0.904519 0.844067 0.767299 0.864669 0.810173 0.673052 0.744304 0.747612 0.752597 0.699708 0.727704 0.961097 0.993867 0.925216 0.938196 0.834410 0.801968 0.773540 0.715467 0.811696 0.997808 0.621038 0.759847 0.504230 0.713924 0.686838 0.732493 0.532938 0.611990 0.494566 0.550989 0.971683 0.878423 0.968777 0.902208 0.941942 0.976315 0.891261 0.978660 0.734011 0.923564 0.950189 0.989683 0.658310 0.602240 0.977549 0.759679 0.621682 0.745146 0.862259 0.912340 0.774672 0.699039 0.574102 0.650009 0.508789 0.660473 0.795570 0.727079 0.691082 0.805762 0.545479 0.559921 0.756232 0.914054 0.795222 0.757576 0.793168 0.572321 0.891866 0.831149 0.856506 0.929915 0.721689 0.703803 0.808254 0.842073 0.970396 0.996392
0.635263 0.791325 0.451955 0.000000 0.984619 0.849704 0.493993 0.391831 0.878668 0.630725 0.668543 0.771707 0.928565 0.982421 0.687490 0.770790 0.940713 0.702585 0.778161 0.803046 0.837349 0.905978 0.989017 0.917838 0.876987 0.846666 0.940657 0.968002 0.922444 0.953803 0.851132 0.906816 0.630844 0.493561 0.640000 0.836824 0.904978 0.963752 0.722322 0.670578 0.793646 0.829226 0.617454 0.633233 0.734934 0.692879 0.642748 0.603418 0.915435 0.920507 0.919764 0.897538 0.765898 0.785349 0.846750 0.667461 0.913182 0.983578 0.668703 0.691095 0.573510 0.570150 0.718193 0.686144 0.589366 0.426516 0.404311 0.420273 0.795531 0.808476 0.758688 0.717290 0.980485 0.948931 0.971258 0.965001 0.714327 0.838596 0.853366 0.993837 0.654958 0.634266 0.873377 0.820084 0.815257 0.741918 0.797280 0.722790 0.936535 0.619189 0.650588 0.801533 0.533905 0.745588 0.745854 0.677480 0.672571 0.817980 0.494182 0.682808 0.743270 0.906778 0.686758 0.660074 0.738774 0.617338 0.851795 0.834450 0.811585 0.917886 0.720252 0.714721 0.964681 0.794352 0.979869 0.967682
0.991438 0.923577 0.895262 0.984619 0.000000 0.958682 0.883360 0.922815 0.780155 0.997072 0.758837 0.810449 0.934542 0.936605 0.642945 0.914307 0.871534 0.877935 0.836301 0.873463 0.906571 0.907249 0.567464 0.687091 0.895689 0.990988 0.943985 0.880543 0.865885 0.818997 0.785884 0.803225 0.986802 0.961708 0.890457 0.973858 0.923237 0.846882 0.915792 0.948444 0.970118 0.895381 0.792265 0.787038 0.982265 0.907286 0.970298 0.932654 0.983136 0.870810 0.883040 0.732300 0.757929 0.744970 0.939690 0.985511 0.852881 0.755976 0.875897 0.945972 0.916207 0.935256 0.874337 0.977696 0.684107 0.956780 0.886424 0.879682 0.913045 0.993777 0.996235 0.938420 0.716296 0.830766 0.949682 0.992916 0.915036 0.816961 0.893629 0.879077 0.840026 0.774850 0.686168 0.690944 0.597904 0.618147 0.775427 0.689338 0.753754 0.727892 0.952765 0.923703 0.970854 0.957738 0.946020 0.983718 0.967287 0.800013 0.981561 0.899614 0.948213 0.866882 0.767386 0.879138 0.935536 0.944699 0.919562 0.926507 0.872121 0.881602 0.965467 0.975774 0.996458 0.942138 0.968003 0.811126
0.863139 0.864705 0.953240 0.849704 0.958682 0.000000 0.939548 0.814778 0.960223 0.952169 0.908577 0.803523 0.787343 0.848668 0.925668 0.758595 0.939383 0.953538 0.925838 0.893525 0.919366 0.844536 0.886819 0.897984 0.990276 0.868070 0.876507 0.856682 0.910886 0.945427 0.994362 0.870160 0.968331 0.990516 0.870626 0.946324 0.923457 0.842936 0.890162 0.893968 0.820454 0.946733 0.997535 0.943781 0.891365 0.898200 0.918055 0.960396 0.953676 0.903265 0.934333 0.810145 0.963306 0.992535 0.881198 0.882681 0.968035 0.955623 0.970729 0.972075 0.882081 0.835793 0.975970 0.974782 0.879962 0.833565 0.995881 0.942170 0.891909 0.837971 0.805572 0.740101 0.983011 0.942245 0.963914 0.914230 0.890623 0.862309 0.948703 0.937813 0.972050 0.993326 0.816323 0.898439 0.911354 0.937848 0.908613 0.772963 0.979861 0.967463 0.874240 0.931650 0.835402 0.900999 0.886804 0.865512 0.964741 0.954205 0.846263 0.977554 0.959079 0.824727 0.967146 0.916038 0.929473 0.850946 0.834968 0.896183 0.968616 0.918458 0.850133 0.980326 0.915697 0.921910 0.863477 0.842951
0.536293 0.856595 0.341534 0.493993 0.883360 0.939548 0.000000 0.480669 0.621049 0.513437 0.719516 0.851439 0.684596 0.948484 0.889867 0.745226 0.779545 0.617631 0.608797 0.713535 0.903482 0.979196 0.899985 0.842839 0.991633 0.994698 0.803555 0.799902 0.982090 0.869788 0.900766 0.904956 0.523491 0.542129 0.704825 0.917742 0.978469 0.839145 0.848042 0.855995 0.813367 0.897331 0.699692 0.764689 0.775274 0.697928 0.745637 0.731297 0.943077 0.941065 0.936297 0.954442 0.799957 0.794089 0.764482 0.707578 0.738908 0.863206 0.579347 0.705787 0.362045 0.607188 0.510317 0.581029 0.584087 0.623687 0.560224 0.635524 0.965001 0.880667 0.992897 0.987241 0.962901 0.972561 0.910317 0.996399 0.755746 0.941153 0.869086 0.950281 0.557103 0.509092 0.988209 0.712374 0.580167 0.779018 0.880949 0.914765 0.741626 0.720795 0.522024 0.623551 0.536886 0.716764 0.749158 0.785354 0.678734 0.841169 0.487448 0.537899 0.828409 0.849361 0.786780 0.702806 0.806075 0.620824 0.910284 0.845501 0.811642 0.940052 0.698847 0.697917 0.848424 0.830562 0.927675 0.977828
0.467291 0.631906 0.506442 0.391831 0.922815 0.814778 0.480669 0.000000 0.852049 0.472562 0.515837 0.508393 0.698501 0.894164 0.715503 0.848035 0.763694 0.623000 0.645482 0.652016 0.917621 0.974471 0.844928 0.695174 0.844623 0.940251 0.831838 0.858008 0.952907 0.829553 0.994095 0.808286 0.633124 0.419817 0.733245 0.911981 0.956229 0.864401 0.717641 0.660969 0.837655 0.897062 0.625859 0.663614 0.839818 0.719819 0.643264 0.645052 0.981470 0.843441 0.913494 0.765400 0.624834 0.592975 0.728092 0.700809 0.822136 0.808089 0.486590 0.528553 0.419438 0.344679 0.601056 0.476479 0.785073 0.415560 0.534166 0.482989 0.996146 0.684560 0.842441 0.821746 0.928935 0.987583 0.984993 0.987457 0.596083 0.763387 0.839513 0.942138 0.637785 0.669656 0.735261 0.874968 0.960693 0.928209 0.714997 0.597965 0.867325 0.666553 0.720037 0.939847 0.628158 0.951502 0.785650 0.765099 0.596516 0.779064 0.446324 0.662061 0.680422 0.952666 0.615791 0.677129 0.763288 0.609467 0.933496 0.845865 0.816069 0.920996 0.704089 0.771314 0.910488 0.745978 0.980188 0.994163
0.806549 0.967227 0.698680 0.878668 0.780155 0.960223 0.621049 0.852049 0.000000 0.637692 0.925608 0.970673 0.768981 0.896217 0.867530 0.915851 0.859440 0.848964 0.824887 0.897571 0.942128 0.953466 0.704494 0.982628 0.866943 0.913461 0.888127 0.884959 0.831576 0.903017 0.915513 0.983256 0.818700 0.910135 0.913073 0.859298 0.974531 0.802737 0.883148 0.822631 0.878579 0.944019 0.899097 0.838177 0.997180 0.988311 0.969902 0.903580 0.946457 0.983132 0.973878 0.932370 0.874841 0.933367 0.961356 0.908194 0.787189 0.821073 0.891302 0.924228 0.626791 0.855554 0.616297 0.684420 0.683878 0.964038 0.956434 0.876602 0.797149 0.923810 0.879803 0.810449 0.986383 0.864466 0.882903 0.948256 0.953408 0.982161 0.794253 0.915951 0.715476 0.707756 0.736233 0.723452 0.611287 0.754910 0.883801 0.838166 0.823956 0.729643 0.808140 0.809131 0.806422 0.860481 0.921315 0.913235 0.825382 0.986600 0.871459 0.676414 0.931434 0.915677 0.986531 0.857000 0.804528 0.890397 0.969026 0.971698 0.883473 0.925216 0.854966 0.966077 0.966350 0.876428 0.929471 0.784009
0.588936 0.775856 0.575293 0.630725 0.997072 0.952169 0.513437 0.472562 0.637692 0.000000 0.570603 0.703971 0.748889 0.932247 0.802718 0.787939 0.786235 0.685500 0.562222 0.581585 0.878114 0.974124 0.949199 0.747369 0.709228 0.795640 0.723333 0.728696 0.908681 0.934872 0.962085 0.863086 0.650847 0.570857 0.793588 0.891869 0.948819 0.791733 0.946298 0.923812 0.953308 0.950497 0.876726 0.888389 0.953134 0.849582 0.774791 0.938900 0.981173 0.964196 0.938311 0.962574 0.703672 0.660627 0.762468 0.821819 0.810083 0.752241 0.527214 0.548211 0.482755 0.535144 0.545126 0.452455 0.916007 0.701932 0.668303 0.699174 0.761942 0.784876 0.957151 0.965550 0.959658 0.999635 0.854183 0.951312 0.762739 0.899593 0.910851 0.885828 0.650683 0.685308 0.826468 0.887529 0.847053 0.973553 0.754419 0.805032 0.816050 0.673705 0.676481 0.858516 0.636808 0.958863 0.863816 0.668851 0.513077 0.896842 0.547384 0.616525 0.765002 0.960018 0.592202 0.680341 0.647982 0.643043 0.956890 0.823738 0.816018 0.853698 0.771202 0.841772 0.950031 0.793988 0.925195 0.864248
0.591573 0.783273 0.736839 0.668543 0.758837 0.908577 0.719516 0.515837 0.925608 0.570603 0.000000 0.515343 0.701949 0.914104 0.665114 0.842510 0.767083 0.761851 0.730450 0.680467 0.838395 0.991467 0.628231 0.559309 0.815837 0.955581 0.708899 0.945193 0.928532 0.986620 0.790660 0.734540 0.806264 0.522819 0.796408 0.947047 0.952377 0.843765 0.825699 0.823776 0.812125 0.950185 0.716194 0.730093 0.968026 0.776960 0.736055 0.861583 0.995274 0.803669 0.733075 0.594205 0.616722 0.554558 0.809401 0.700603 0.906820 0.912567 0.690323 0.731977 0.643317 0.526175 0.694911 0.576461 0.893721 0.756825 0.748558 0.741721 0.759590 0.718996 0.927666 0.975971 0.833596 0.865071 0.997370 0.987326 0.651649 0.718561 0.860021 0.987416 0.779407 0.843054 0.712722 0.971724 0.819128 0.847556 0.680224 0.632543 0.861281 0.797422 0.805249 0.895322 0.743510 0.970232 0.878350 0.750534 0.721141 0.789587 0.679461 0.862318 0.743511 0.951620 0.607453 0.733191 0.976141 0.835725 0.934070 0.938997 0.902764 0.943449 0.860866 0.813378 0.909167 0.833362 0.913073 0.894901
0.556183 0.542509 0.952255 0.771707 0.810449 0.803523 0.851439 0.508393 0.970673 0.703971 0.515343 0.000000 0.548402 0.625559 0.864387 0.869879 0.701385 0.666535 0.680347 0.693090 0.976232 0.909688 0.658327 0.625335 0.751555 0.832068 0.886177 0.944198 0.920068 0.752450 0.775009 0.757180 0.873272 0.626236 0.850259 0.971456 0.985070 0.815876 0.821538 0.797300 0.880329 0.977399 0.734310 0.717018 0.963943 0.795120 0.788703 0.805064 0.955652 0.815456 0.811567 0.723535 0.709515 0.683898 0.700838 0.817557 0.793270 0.698611 0.642346 0.686844 0.593459 0.428151 0.647115 0.512544 0.902658 0.691863 0.921016 0.854311 0.823055 0.603056 0.994017 0.902315 0.901175 0.872681 0.960395 0.886020 0.670579 0.707322 0.793433 0.920328 0.738901 0.838630 0.771298 0.936891 0.789621 0.871562 0.843952 0.642342 0.894281 0.895419 0.986270 0.788373 0.949672 0.768169 0.874518 0.959586 0.780203 0.807270 0.718891 0.898364 0.816664 0.992184 0.715961 0.869850 0.927248 0.822391 0.984149 0.931682 0.935420 0.991082 0.913219 0.877181 0.955924 0.784653 0.995510 0.949063
0.546021 0.668502 0.867138 0.928565 0.934542 0.787343 0.684596 0.698501 0.768981 0.748889 0.701949 0.548402 0.000000 0.575185 0.746040 0.729237 0.691526 0.624545 0.621022 0.752567 0.975652 0.900300 0.930552 0.795623 0.760347 0.801256 0.835785 0.937149 0.803459 0.652905 0.906761 0.860717 0.853671 0.720801 0.912754 0.896111 0.960098 0.738584 0.956208 0.988689 0.851656 0.888789 0.880608 0.904656 0.986922 0.817379 0.759684 0.855698 0.930254 0.960032 0.893124 0.890847 0.872114 0.832883 0.741276 0.751650 0.677935 0.648762 0.710943 0.770234 0.496192 0.545798 0.562720 0.541425 0.948382 0.826994 0.924462 0.949772 0.805218 0.762649 0.846697 0.943704 0.994717 0.831481 0.939226 0.767192 0.852133 0.899607 0.858601 0.990028 0.688552 0.679029 0.951290 0.761153 0.844036 0.968834 0.920299 0.967917 0.740216 0.947938 0.928202 0.923134 0.976076 0.829108 0.939714 0.995581 0.918049 0.926006 0.769079 0.814735 0.988803 0.997099 0.921989 0.966982 0.919211 0.864358 0.844165 0.948639 0.945846 0.968145 0.952177 0.898182 0.879249 0.822655 0.975209 0.955414
0.766922 0.657965 0.861459 0.982421 0.936605 0.848668 0.948484 0.894164 0.896217 0.932247 0.914104 0.625559 0.575185 0.000000 0.644612 0.492774 0.753709 0.718548 0.775223 0.818084 0.913782 0.909483 0.975323 0.936515 0.996998 0.967413 0.888515 0.944682 0.850241 0.587982 0.868893 0.837301 0.965307 0.871341 0.867036 0.964837 0.973842 0.989851 0.838936 0.873395 0.956828 0.866421 0.876928 0.820517 0.938985 0.822860 0.710965 0.764306 0.889518 0.998683 0.979521 0.961685 0.975433 0.964366 0.808983 0.748477 0.815861 0.770230 0.985095 0.964906 0.827186 0.730666 0.786394 0.780966 0.993961 0.786975 0.904047 0.963237 0.941891 0.732597 0.917460 0.755105 0.921194 0.984626 0.861125 0.807925 0.942693 0.832413 0.805229 0.855889 0.808794 0.758540 0.791512 0.717194 0.960773 0.827459 0.925810 0.923395 0.961466 0.982225 0.856971 0.794268 0.762673 0.758196 0.967413 0.979266 0.907416 0.971347 0.988522 0.975205 0.978106 0.907534 0.933053 0.925940 0.937738 0.960949 0.856950 0.915834 0.894255 0.980682 0.901473 0.937741 0.926535 0.989835 0.885177 0.921313
0.982608 0.888425 0.810662 0.687490 0.642945 0.925668 0.889867 0.715503 0.867530 0.802718 0.665114 0.864387 0.746040 0.644612 0.000000 0.517607 0.834577 0.820513 0.923155 0.947479 0.917932 0.882917 0.572006 0.636792 0.935544 0.981333 0.852246 0.953044 0.764320 0.647921 0.716538 0.652889 0.955421 0.812796 0.925093 0.947216 0.979469 0.924679 0.853024 0.901941 0.937166 0.819594 0.741817 0.817694 0.982851 0.965453 0.986126 0.962160 0.884653 0.767458 0.947292 0.762505 0.654321 0.644512 0.978852 0.970002 0.754578 0.751601 0.785645 0.811539 0.986435 0.865729 0.890611 0.977452 0.829956 0.911378 0.665593 0.695245 0.963018 0.919832 0.983936 0.999991 0.784704 0.907694 0.992832 0.846076 0.808571 0.894324 0.855038 0.934182 0.854366 0.784619 0.557939 0.637481 0.653067 0.691213 0.614597 0.520333 0.905034 0.995680 0.816812 0.901081 0.644310 0.799980 0.927686 0.890703 0.764686 0.852099 0.798299 0.929705 0.756516 0.868188 0.627389 0.750937 0.929150 0.832862 0.780266 0.808118 0.994429 0.936345 0.775609 0.999192 0.916601 0.925856 0.890818 0.892942
0.977793 0.757752 0.688415 0.770790 0.914307 0.758595 0.745226 0.848035 0.915851 0.787939 0.842510 0.869879 0.729237 0.492774 0.517607 0.000000 0.899534 0.897109 0.950591 0.960193 0.942679 0.976430 0.878975 0.765408 0.966554 0.933953 0.818993 0.833599 0.904751 0.668880 0.825727 0.754530 0.956023 0.928316 0.842558 0.979348 0.920293 0.926228 0.980658 0.972941 0.949479 0.817408 0.892575 0.929230 0.927119 0.960733 0.916061 0.904884 0.908739 0.930363 0.914131 0.923091 0.756592 0.764720 0.906559 0.978151 0.860845 0.777868 0.833845 0.907383 0.926552 0.987696 0.997865 0.975699 0.994601 0.950364 0.740975 0.822560 0.894212 0.963208 0.902379 0.827102 0.806354 0.969801 0.968014 0.814989 0.914775 0.883367 0.870712 0.821353 0.988353 0.963778 0.737870 0.831041 0.936626 0.868005 0.759733 0.772193 0.925258 0.902682 0.771643 0.772369 0.625368 0.789940 0.901463 0.856808 0.743228 0.826147 0.862855 0.847010 0.892102 0.887528 0.771648 0.833949 0.974912 0.930395 0.868058 0.828669 0.911512 0.994640 0.697174 0.890612 0.851098 0.988327 0.856281 0.973466
0.549248 0.537248 0.874179 0.940713 0.871534 0.939383 0.779545 0.763694 0.859440 0.786235 0.767083 0.701385 0.691526 0.753709 0.834577 0.899534 0.000000 0.546605 0.624628 0.671046 0.975508 0.949708 0.929596 0.906442 0.916344 0.918849 0.966046 0.908195 0.717091 0.657217 0.987034 0.959702 0.698925 0.763366 0.759791 0.898278 0.875938 0.770041 0.926549 0.919551 0.938890 0.978196 0.894860 0.786760 0.782492 0.696023 0.828827 0.808850 0.780850 0.857313 0.998794 0.987911 0.961016 0.944611 0.741172 0.847577 0.584104 0.609190 0.827989 0.926516 0.627561 0.660827 0.524445 0.522167 0.915418 0.862843 0.996870 0.995465 0.729569 0.679250 0.957601 0.953094 0.945893 0.957778 0.986845 0.912944 0.858173 0.920514 0.774646 0.988999 0.525644 0.588291 0.866671 0.644744 0.795547 0.844311 0.929220 0.882157 0.836550 0.832531 0.852208 0.980796 0.967098 0.878020 0.878542 0.815042 0.816190 0.965631 0.810097 0.761051 0.942672 0.854415 0.866098 0.883014 0.949872 0.981884 0.950840 0.956292 0.995431 0.963866 0.912163 0.793927 0.767955 0.905789 0.951067 0.921406
0.497660 0.553553 0.732128 0.702585 0.877935 0.953538 0.617631 0.623000 0.848964 0.685500 0.761851 0.666535 0.624545 0.718548 0.820513 0.897109 0.546605 0.000000 0.570780 0.651623 0.930256 0.858920 0.845342 0.952504 0.952334 0.986154 0.982701 0.995032 0.712876 0.541102 0.859719 0.923323 0.564587 0.594730 0.746555 0.796707 0.902820 0.800890 0.866583 0.842484 0.841208 0.983085 0.767114 0.695074 0.744168 0.657207 0.643043 0.716458 0.796098 0.897039 0.999975 0.972567 0.966205 0.981617 0.612851 0.722523 0.504697 0.648249 0.744158 0.814528 0.493148 0.556662 0.433394 0.492091 0.740302 0.651178 0.784930 0.805373 0.941675 0.724092 0.852441 0.956351 0.832546 0.968550 0.972642 0.966491 0.855347 0.893048 0.736434 0.939915 0.401852 0.432664 0.863513 0.589410 0.689842 0.699956 0.940769 0.932343 0.781868 0.647920 0.828816 0.975966 0.911687 0.899066 0.788737 0.766541 0.855865 0.946214 0.735403 0.713291 0.949327 0.887851 0.923289 0.865234 0.822975 0.761390 0.958248 0.912219 0.835250 0.888615 0.892427 0.799976 0.841167 0.802357 0.921136 0.955102
0.532168 0.657324 0.734485 0.778161 0.836301 0.925838 0.608797 0.645482 0.824887 0.562222 0.730450 0.680347 0.621022 0.775223 0.923155 0.950591 0.624628 0.570780 0.000000 0.616069 0.983524 0.897727 0.859736 0.988534 0.849634 0.958031 0.908102 0.936662 0.729199 0.675672 0.867507 0.946880 0.627828 0.624477 0.722841 0.913023 0.991900 0.717306 0.969788 0.997102 0.911337 0.990092 0.944562 0.873171 0.956076 0.787498 0.805285 0.854236 0.993684 0.990161 0.937123 0.988471 0.868231 0.924483 0.679396 0.751416 0.674734 0.684838 0.785157 0.793444 0.515438 0.590446 0.453909 0.521929 0.878243 0.736437 0.841242 0.865611 0.789968 0.825154 0.900498 0.983350 0.813657 0.887390 0.978561 0.942807 0.884961 0.782969 0.823281 0.979918 0.540799 0.573086 0.946070 0.717739 0.726901 0.834755 0.879205 0.960887 0.778823 0.783172 0.766184 0.930108 0.844907 0.910372 0.847135 0.821742 0.737622 0.917500 0.677658 0.683330 0.914385 0.878020 0.768282 0.894403 0.834390 0.760734 0.946110 0.860335 0.984243 0.916714 0.860624 0.808206 0.831833 0.796061 0.999525 0.820478
0.695694 0.769302 0.813888 0.803046 0.873463 0.893525 0.713535 0.652016 0.897571 0.581585 0.680467 0.693090 0.752567 0.818084 0.947479 0.960193 0.671046 0.651623 0.616069 0.000000 0.956531 0.898143 0.976674 0.794106 0.798215 0.751175 0.825750 0.681272 0.842996 0.757486 0.953911 0.881241 0.747887 0.673269 0.775470 0.982770 0.956332 0.840835 0.926881 0.911832 0.951022 0.910167 0.882503 0.843638 0.994170 0.830683 0.880473 0.773070 0.959680 0.906025 0.995666 0.937714 0.786892 0.742907 0.930113 0.810968 0.775513 0.631068 0.590638 0.563235 0.644732 0.610878 0.655142 0.589974 0.963241 0.771815 0.842809 0.804656 0.832103 0.730040 0.960689 0.993817 0.878183 0.882610 0.829321 0.982215 0.805469 0.975250 0.816322 0.996522 0.706965 0.714724 0.964553 0.847249 0.933616 0.927906 0.850505 0.902516 0.806118 0.775667 0.882492 0.960826 0.904463 0.844385 0.918397 0.829008 0.737214 0.908284 0.740588 0.817870 0.770784 0.904460 0.751091 0.851159 0.870246 0.873735 0.987144 0.935060 0.890839 0.932529 0.720992 0.926014 0.953448 0.999143 0.981578 0.996543
0.880856 0.993173 0.828496 0.837349 0.906571 0.919366 0.903482 0.917621 0.942128 0.878114 0.838395 0.976232 0.975652 0.913782 0.917932 0.942679 0.975508 0.930256 0.983524 0.956531 0.000000 0.998191 0.976550 0.992709 0.868844 0.887938 0.824232 0.993532 0.908357 0.887836 0.956262 0.977440 0.866688 0.858760 0.906605 0.970134 0.828132 0.987828 0.988220 0.996588 0.925654 0.958642 0.817583 0.824955 0.885403 0.945555 0.799934 0.949740 0.899695 0.993554 0.986945 0.892120 0.846985 0.910646 0.886503 0.977107 0.911278 0.909544 0.894745 0.920789 0.984938 0.980963 0.996744 0.980071 0.905854 0.936067 0.770756 0.851473 0.995079 0.927995 0.997891 0.909249 0.945696 0.964498 0.982767 0.973489 0.941886 0.899869 0.993923 0.934718 0.999518 0.992502 0.862067 0.903122 0.968088 0.952099 0.980120 0.976397 0.920085 0.873627 0.907974 0.991788 0.875070 0.923664 0.938795 0.789641 0.901177 0.894029 0.945654 0.970909 0.833494 0.913508 0.898960 0.937403 0.975262 0.955185 0.960212 0.965596 0.854925 0.933812 0.931532 0.846849 0.886141 0.921294 0.953430 0.904830
0.940994 0.987995 0.968185 0.905978 0.907249 0.844536 0.979196 0.974471 0.953466 0.974124 0.991467 0.909688 0.900300 0.909483 0.882917 0.976430 0.949708 0.858920 0.897727 0.898143 0.998191 0.000000 0.988735 0.950648 0.939179 0.968931 0.931364 0.888849 0.944338 0.945277 0.983275 0.875875 0.983951 0.972638 0.963203 0.969110 0.995918 0.983758 0.988773 0.950566 0.926163 0.814830 0.952495 0.877784 0.936154 0.875297 0.994524 0.921706 0.987402 0.981093 0.903594 0.960353 0.958628 0.985502 0.861847 0.965302 0.787902 0.875562 0.968077 0.914183 0.944123 0.988999 0.898579 0.937072 0.959151 0.909959 0.934888 0.920032 0.998954 0.931533 0.960659 0.893825 0.853955 0.972505 0.940714 0.918474 0.921062 0.997771 0.924492 0.998446 0.970473 0.949564 0.861825 0.880725 0.953741 0.994550 0.754719 0.882907 0.942644 0.969612 0.926453 0.999174 0.855570 0.887740 0.981400 0.980598 0.942873 0.838148 0.910719 0.955432 0.942188 0.765238 0.959554 0.904583 0.930283 0.894007 0.950736 0.918529 0.933074 0.857258 0.927425 0.899427 0.998890 0.944200 0.956105 0.928398
0.920406 0.970963 0.894553 0.989017 0.567464 0.886819 0.899985 0.844928 0.704494 0.949199 0.628231 0.658327 0.930552 0.975323 0.572006 0.878975 0.929596 0.845342 0.859736 0.976674 0.976550 0.988735 0.000000 0.454323 0.778510 0.917740 0.868593 0.982838 0.880161 0.783252 0.524898 0.585583 0.825455 0.933584 0.833846 0.917493 0.891667 0.917440 0.792943 0.892198 0.866719 0.938937 0.798509 0.801592 0.933717 0.983901 0.960544 0.972904 0.900399 0.730469 0.716493 0.530124 0.668435 0.622569 0.991096 0.960634 0.809428 0.849665 0.863493 0.930916 0.982339 0.832110 0.850767 0.991975 0.581534 0.931718 0.996653 0.996056 0.861153 0.883091 0.894897 0.930050 0.654016 0.773220 0.869248 0.976011 0.808302 0.843243 0.827038 0.941638 0.757053 0.661701 0.526484 0.573535 0.411316 0.547111 0.738390 0.494215 0.907356 0.727213 0.980160 0.853502 0.979179 0.966411 0.952253 0.875379 0.945250 0.849471 0.974513 0.847591 0.837677 0.899318 0.767781 0.879181 0.782724 0.910514 0.961952 0.943735 0.899776 0.989599 0.994462 0.990479 0.983828 0.956583 0.899742 0.765250
0.719116 0.877604 0.911962 0.917838 0.687091 0.897984 0.842839 0.695174 0.982628 0.747369 0.559309 0.625335 0.795623 0.936515 0.636792 0.765408 0.906442 0.952504 0.988534 0.794106 0.992709 0.950648 0.454323 0.000000 0.712263 0.791267 0.731057 0.859774 0.974889 0.862196 0.557189 0.531328 0.992259 0.840685 0.909041 0.910081 0.966013 0.758975 0.856866 0.928422 0.851755 0.982542 0.811504 0.817733 0.974069 0.907547 0.975714 0.958972 0.990749 0.858911 0.757507 0.652311 0.720978 0.598760 0.988493 0.995300 0.950649 0.903653 0.624665 0.747094 0.741620 0.697679 0.929042 0.763419 0.700638 0.969875 0.948694 0.987507 0.725380 0.825752 0.920799 0.877860 0.688414 0.784235 0.988841 0.943934 0.709724 0.866281 0.908597 0.781452 0.992496 0.870960 0.605296 0.771382 0.610930 0.564660 0.744771 0.535340 0.907071 0.974324 0.837560 0.993611 0.805240 0.978933 0.962741 0.993938 0.848944 0.836912 0.803690 0.895997 0.794196 0.802893 0.633409 0.791329 0.954625 0.983523 0.951045 0.991347 0.912595 0.909263 0.840949 0.898511 0.967426 0.849999 0.914316 0.868341
0.938625 0.929945 0.884158 0.876987 0.895689 0.990276 0.991633 0.844623 0.866943 0.709228 0.815837 0.751555 0.760347 0.996998 0.935544 0.966554 0.916344 0.952334 0.849634 0.798215 0.868844 0.939179 0.778510 0.712263 0.000000 0.535334 0.810477 0.713276 0.915387 0.997560 0.698388 0.699002 0.859009 0.966044 0.909712 0.709897 0.871230 0.719733 0.917480 0.943008 0.951903 0.812386 0.716195 0.755095 0.671650 0.772943 0.831723 0.812753 0.762990 0.844687 0.802009 0.951968 0.787245 0.724712 0.929170 0.877217 0.875745 0.818892 0.746355 0.639879 0.841843 0.750022 0.911468 0.719580 0.675003 0.944094 0.845584 0.865382 0.694946 0.979889 0.851436 0.799594 0.898766 0.940671 0.858039 0.964685 0.972233 0.984103 0.870479 0.802333 0.913026 0.859915 0.693651 0.811431 0.736310 0.641209 0.860950 0.774657 0.984492 0.906947 0.938106 0.908424 0.933822 0.814805 0.871099 0.869063 0.889907 0.982055 0.925134 0.973517 0.940296 0.911474 0.803586 0.924406 0.872043 0.983518 0.804377 0.977959 0.991232 0.989964 0.997581 0.944264 0.973790 0.898219 0.906400 0.882507
0.949451 0.999287 0.921550 0.846666 0.990988 0.868070 0.994698 0.940251 0.913461 0.795640 0.955581 0.832068 0.801256 0.967413 0.981333 0.933953 0.918849 0.986154 0.958031 0.751175 0.887938 0.968931 0.917740 0.791267 0.535334 0.000000 0.902601 0.678558 0.982276 0.970561 0.726941 0.852313 0.865582 0.988575 0.893152 0.739767 0.789811 0.820023 0.839507 0.915257 0.917829 0.750374 0.809473 0.808700 0.860119 0.887066 0.910601 0.824328 0.827418 0.974979 0.919932 0.874749 0.855412 0.717530 0.960605 0.880012 0.967077 0.783036 0.702344 0.673972 0.873099 0.856471 0.914929 0.779500 0.734180 0.945157 0.826291 0.906141 0.793203 0.884726 0.767451 0.780511 0.898730 0.892348 0.864869 0.942445 0.884449 0.780974 0.890345 0.882988 0.952085 0.956488 0.855021 0.855145 0.892172 0.685299 0.954570 0.887021 0.939648 0.868075 0.853469 0.838426 0.858659 0.744670 0.800351 0.886198 0.866980 0.965632 0.991576 0.997049 0.940986 0.951484 0.966712 0.963172 0.810606 0.930143 0.822169 0.974405 0.932658 0.944011 0.888708 0.883810 0.939495 0.904834 0.877394 0.817801
0.807597 0.997435 0.862141 0.940657 0.943985 0.876507 0.803555 0.831838 0.888127 0.723333 0.708899 0.886177 0.835785 0.888515 0.852246 0.818993 0.966046 0.982701 0.908102 0.825750 0.824232 0.931364 0.868593 0.731057 0.810477 0.902601 0.000000 0.858742 0.862849 0.841740 0.941359 0.749103 0.889461 0.820181 0.841348 0.882287 0.865408 0.960736 0.997873 0.984226 0.919903 0.987452 0.811803 0.893681 0.876749 0.831702 0.918952 0.963752 0.865692 0.890764 0.955737 0.973100 0.853058 0.807063 0.939325 0.903545 0.838727 0.868148 0.688143 0.826459 0.826585 0.910814 0.874040 0.785309 0.896620 0.939826 0.898357 0.894474 0.680804 0.865839 0.942018 0.884936 0.817241 0.847603 0.970551 0.959402 0.911140 0.991112 0.915713 0.761974 0.999209 0.937600 0.841451 0.911618 0.987242 0.796914 0.937082 0.888531 0.840689 0.986052 0.855815 0.939713 0.816511 0.954538 0.986805 0.885846 0.780065 0.827834 0.833426 0.836471 0.821722 0.820050 0.711034 0.825538 0.866617 0.921817 0.984933 0.865631 0.841938 0.978008 0.833465 0.884878 0.923106 0.870509 0.932178 0.855622
0.982803 0.900871 0.879283 0.968002 0.880543 0.856682 0.799902 0.858008 0.884959 0.728696 0.945193 0.944198 0.937149 0.944682 0.953044 0.833599 0.908195 0.995032 0.936662 0.681272 0.993532 0.888849 0.982838 0.859774 0.713276 0.678558 0.858742 0.000000 0.931506 0.990828 0.945149 0.925256 0.923908 0.956747 0.988820 0.899000 0.927892 0.909815 0.996252 0.936489 0.977324 0.928127 0.947526 0.951798 0.925915 0.986264 0.966803 0.996161 0.998444 0.896724 0.932696 0.860314 0.839518 0.821534 0.960614 0.984237 0.955077 0.849115 0.722230 0.731464 0.795685 0.879917 0.922574 0.817929 0.926495 0.977701 0.977149 0.930002 0.963669 0.935443 0.947489 0.870488 0.891024 0.923345 0.869234 0.910268 0.913285 0.839929 0.999886 0.828280 0.943285 0.962892 0.926751 0.982782 0.956431 0.842338 0.944549 0.954836 0.853909 0.952682 0.905060 0.899747 0.919747 0.991884 0.990137 0.954425 0.786366 0.921567 0.859903 0.900904 0.981951 0.957984 0.965083 0.922222 0.966453 0.980580 0.920276 0.917715 0.787816 0.928600 0.816498 0.979856 0.951554 0.954476 0.964829 0.925637
0.828748 0.761064 0.983259 0.922444 0.865885 0.910886 0.982090 0.952907 0.831576 0.908681 0.928532 0.920068 0.803459 0.850241 0.764320 0.904751 0.717091 0.712876 0.729199 0.842996 0.908357 0.944338 0.880161 0.974889 0.915387 0.982276 0.862849 0.931506 0.000000 0.593417 0.971918 0.830015 0.865571 0.883323 0.999195 0.972051 0.998260 0.747862 0.945104 0.885266 0.928326 0.941474 0.846542 0.952682 0.862076 0.952224 0.936561 0.911561 0.922424 0.850674 0.745670 0.898380 0.913508 0.971952 0.907544 0.812972 0.778425 0.859392 0.939691 0.981902 0.862814 0.783214 0.763433 0.791822 0.991038 0.950332 0.818889 0.864329 0.906247 0.895598 0.921297 0.925314 0.790503 0.805647 0.921124 0.878659 0.894045 0.880514 0.906044 0.938540 0.792034 0.830123 0.836739 0.785307 0.918792 0.884405 0.927626 0.874785 0.896192 0.848794 0.888932 0.747859 0.809188 0.690098 0.923884 0.876298 0.950280 0.962152 0.943644 0.941715 0.864239 0.802999 0.971550 0.926170 0.964168 0.920926 0.869520 0.865162 0.853851 0.937250 0.940547 0.998357 0.811146 0.971984 0.948610 0.792419
0.708643 0.626492 0.981068 0.953803 0.818997 0.945427 0.869788 0.829553 0.903017 0.934872 0.986620 0.752450 0.652905 0.587982 0.647921 0.668880 0.657217 0.541102 0.675672 0.757486 0.887836 0.945277 0.783252 0.862196 0.997560 0.970561 0.841740 0.990828 0.593417 0.000000 0.801245 0.779501 0.743792 0.772129 0.893137 0.829591 0.929147 0.902477 0.929122 0.939372 0.978435 0.914534 0.944174 0.922497 0.982051 0.889301 0.733210 0.821182 0.849544 0.931486 0.963803 0.948357 0.915864 0.928796 0.730852 0.770539 0.656718 0.691226 0.905996 0.900569 0.715651 0.686844 0.629276 0.682738 0.825888 0.722203 0.936118 0.974805 0.973231 0.898461 0.926006 0.856979 0.767055 0.834469 0.935704 0.890543 0.954143 0.885908 0.720009 0.753785 0.667077 0.590851 0.724275 0.634241 0.745416 0.740741 0.800415 0.864236 0.842624 0.817241 0.861867 0.767067 0.795180 0.736680 0.882558 0.996598 0.996438 0.921479 0.891832 0.945156 0.887352 0.880541 0.869595 0.998841 0.923800 0.844426 0.978269 0.922563 0.976997 0.980673 0.959773 0.996730 0.846942 0.958212 0.948639 0.906801
0.955529 0.977215 0.869613 0.851132 0.785884 0.994362 0.900766 0.994095 0.915513 0.962085 0.790660 0.775009 0.906761 0.868893 0.716538 0.825727 0.987034 0.859719 0.867507 0.953911 0.956262 0.983275 0.524898 0.557189 0.698388 0.726941 0.941359 0.945149 0.971918 0.801245 0.000000 0.559268 0.679223 0.928923 0.773639 0.834242 0.933828 0.745572 0.968694 0.898697 0.980609 0.874214 0.903391 0.899987 0.714674 0.771244 0.747405 0.710526 0.697115 0.705022 0.637701 0.639221 0.769517 0.674456 0.965602 0.828366 0.832326 0.915474 0.894169 0.921223 0.998664 0.921741 0.891608 0.998182 0.706364 0.829165 0.802907 0.768893 0.749581 0.946430 0.689656 0.760930 0.735273 0.713330 0.982811 0.990578 0.959920 0.951921 0.862356 0.941014 0.804975 0.743520 0.663715 0.708575 0.573701 0.578013 0.903932 0.700947 0.935913 0.893345 0.890119 0.841476 0.891622 0.852825 0.970580 0.868425 0.888814 0.974397 0.846695 0.827964 0.975156 0.916211 0.855176 0.954277 0.908391 0.872651 0.978443 0.895047 0.882342 0.958065 0.915900 0.923540 0.928578 0.964006 0.954703 0.873613
0.894327 0.965573 0.995057 0.906816 0.803225 0.870160 0.904956 0.808286 0.983256 0.863086 0.734540 0.757180 0.860717 0.837301 0.652889 0.754530 0.959702 0.923323 0.946880 0.881241 0.977440 0.875875 0.585583 0.531328 0.699002 0.852313 0.749103 0.925256 0.830015 0.779501 0.559268 0.000000 0.870221 0.971315 0.952432 0.741038 0.987783 0.850750 0.939514 0.920215 0.916121 0.937930 0.921082 0.985321 0.878618 0.979162 0.868171 0.889633 0.969303 0.959713 0.855578 0.747498 0.737751 0.712097 0.919134 0.873430 0.903321 0.983433 0.704809 0.810621 0.878758 0.801863 0.993706 0.882217 0.764734 0.902581 0.966847 0.921519 0.754900 0.889218 0.954244 0.888894 0.737792 0.713174 0.988653 0.928274 0.903590 0.990998 0.892637 0.780041 0.969604 0.814178 0.599828 0.740950 0.648007 0.643795 0.705818 0.569816 0.900522 0.908771 0.841906 0.945325 0.772360 0.991832 0.888734 0.886802 0.912842 0.940760 0.894958 0.984214 0.910010 0.800481 0.700882 0.803506 0.949541 0.916888 0.991473 0.963125 0.898349 0.935191 0.976763 0.993599 0.916678 0.882121 0.975736 0.851286
0.581266 0.638057 0.566965 0.630844 0.986802 0.968331 0.523491 0.633124 0.818700 0.650847 0.806264 0.873272 0.853671 0.965307 0.955421 0.956023 0.698925 0.564587 0.627828 0.747887 0.866688 0.983951 0.825455 0.992259 0.859009 0.865582 0.889461 0.923908 0.865571 0.743792 0.679223 0.870221 0.000000 0.561792 0.714389 0.841170 0.966295 0.991734 0.945510 0.907710 0.790238 0.874789 0.675543 0.601149 0.624301 0.557420 0.753674 0.624380 0.701933 0.801841 0.868479 0.965223 0.956940 0.965897 0.789102 0.871335 0.590846 0.738298 0.708522 0.834085 0.565947 0.711711 0.556854 0.641218 0.724645 0.701934 0.625729 0.635834 0.947655 0.861050 0.855401 0.992668 0.942734 0.908423 0.939640 0.993213 0.780505 0.814924 0.818186 0.902990 0.536533 0.547860 0.890443 0.682849 0.643138 0.748291 0.970744 0.914337 0.864098 0.814306 0.704692 0.810420 0.700956 0.870995 0.736087 0.725181 0.695680 0.848988 0.609400 0.625004 0.843793 0.990504 0.881189 0.726726 0.909224 0.709088 0.883810 0.816654 0.865383 0.810504 0.818932 0.672465 0.762938 0.851050 0.994076 0.954306
0.508709 0.680304 0.579473 0.493561 0.961708 0.990516 0.542129 0.419817 0.910135 0.570857 0.522819 0.626236 0.720801 0.871341 0.812796 0.928316 0.763366 0.594730 0.624477 0.673269 0.858760 0.972638 0.933584 0.840685 0.966044 0.988575 0.820181 0.956747 0.883323 0.772129 0.928923 0.971315 0.561792 0.000000 0.723684 0.813169 0.881977 0.968791 0.775636 0.657430 0.809023 0.951729 0.650763 0.679152 0.824944 0.687747 0.626553 0.656627 0.941298 0.914924 0.958002 0.839785 0.669796 0.662087 0.729245 0.635461 0.754541 0.818063 0.633414 0.616985 0.520683 0.455043 0.566967 0.508527 0.821393 0.478352 0.522707 0.496944 0.966218 0.650641 0.946684 0.850956 0.942954 0.968891 0.979464 0.948714 0.760072 0.732783 0.807975 0.999829 0.619504 0.620394 0.855591 0.834676 0.843669 0.838224 0.858762 0.804721 0.854292 0.708149 0.765291 0.987003 0.714419 0.972123 0.851621 0.748883 0.656486 0.885416 0.512064 0.639806 0.720145 0.994866 0.692423 0.754415 0.794601 0.680016 0.903710 0.833378 0.882657 0.864180 0.745846 0.720532 0.804942 0.862686 0.947872 0.933975
0.752016 0.846417 0.723921 0.640000 0.890457 0.870626 0.704825 0.733245 0.913073 0.793588 0.796408 0.850259 0.912754 0.867036 0.925093 0.842558 0.759791 0.746555 0.722841 0.775470 0.906605 0.963203 0.833846 0.909041 0.909712 0.893152 0.841348 0.988820 0.999195 0.893137 0.773639 0.952432 0.714389 0.723684 0.000000 0.888075 0.900276 0.904348 0.971408 0.870131 0.970299 0.863149 0.767768 0.791337 0.685688 0.667214 0.784040 0.760868 0.791697 0.892953 0.832596 0.890760 0.999922 0.943592 0.806835 0.685297 0.856847 0.909886 0.917852 0.917141 0.735491 0.806154 0.699241 0.717942 0.755571 0.790505 0.713417 0.738334 0.953279 0.780883 0.811256 0.755666 0.907578 0.970431 0.949795 0.992001 0.918183 0.903659 0.750832 0.918477 0.631659 0.632869 0.863323 0.665337 0.716917 0.707683 0.866152 0.923127 0.961443 0.780820 0.739443 0.781153 0.672368 0.877469 0.875114 0.749630 0.700085 0.898612 0.702109 0.734509 0.970116 0.862942 0.842160 0.855312 0.977461 0.785570 0.972053 0.703157 0.828513 0.985438 0.828467 0.844226 0.974644 0.879703 0.798077 0.949026
0.913386 0.952637 0.881277 0.836824 0.973858 0.946324 0.917742 0.911981 0.859298 0.891869 0.947047 0.971456 0.896111 0.964837 0.947216 0.979348 0.898278 0.796707 0.913023 0.982770 0.970134 0.969110 0.917493 0.910081 0.709897 0.739767 0.882287 0.899000 0.972051 0.829591 0.834242 0.741038 0.841170 0.813169 0.888075 0.000000 0.787341 0.972844 0.909550 0.723098 0.946203 0.932062 0.849835 0.889326 0.885895 0.931392 0.872749 0.847600 0.970988 0.962212 0.928179 0.982048 0.947109 0.929824 0.851271 0.842532 0.868287 0.992727 0.967353 0.990037 0.934433 0.962000 0.935253 0.978047 0.757638 0.785694 0.787839 0.737682 0.788269 0.955277 0.781985 0.889562 0.866071 0.894154 0.900180 0.936392 0.907617 0.868434 0.884116 0.843262 0.886230 0.835820 0.984863 0.947546 0.895244 0.852583 0.985051 0.939796 0.929050 0.813792 0.981305 0.968430 0.958901 0.944151 0.758381 0.981316 0.972851 0.942726 0.935743 0.954011 0.972219 0.913245 0.901450 0.923557 0.980592 0.894606 0.815979 0.990752 0.925903 0.958699 0.973998 0.899086 0.920478 0.913844 0.850505 0.917202
0.967203 0.948937 0.955713 0.904978 0.923237 0.923457 0.978469 0.956229 0.974531 0.948819 0.952377 0.985070 0.960098 0.973842 0.979469 0.920293 0.875938 0.902820 0.991900 0.956332 0.828132 0.995918 0.891667 0.966013 0.871230 0.789811 0.865408 0.927892 0.998260 0.929147 0.933828 0.987783 0.966295 0.881977 0.900276 0.787341 0.000000 0.893135 0.998479 0.938784 0.951927 0.848362 0.932349 0.951363 0.949741 0.974076 0.960666 0.908810 0.959189 0.987850 0.954127 0.994647 0.927926 0.940113 0.855856 0.971609 0.877965 0.959305 0.982999 0.999114 0.979987 0.954708 0.975067 0.985323 0.816791 0.874502 0.926320 0.877253 0.957734 0.994060 0.858414 0.849694 0.946858 0.868547 0.876241 0.913933 0.959811 0.859001 0.780512 0.917609 0.919350 0.987485 0.920885 0.895021 0.923397 0.901511 0.983990 0.990080 0.964892 0.877409 0.923867 0.970759 0.888557 0.966063 0.977357 0.950092 0.901757 0.991202 0.917889 0.937678 0.962051 0.914357 0.828871 0.922356 0.934213 0.831860 0.928674 0.991496 0.964064 0.999596 0.999172 0.880428 0.889502 0.822169 0.818981 0.984528
0.802611 0.862895 0.904519 0.963752 0.846882 0.842936 0.839145 0.864401 0.802737 0.791733 0.843765 0.815876 0.738584 0.989851 0.924679 0.926228 0.770041 0.800890 0.717306 0.840835 0.987828 0.983758 0.917440 0.758975 0.719733 0.820023 0.960736 0.909815 0.747862 0.902477 0.745572 0.850750 0.991734 0.968791 0.904348 0.972844 0.893135 0.000000 0.958410 0.988986 0.991929 0.852029 0.797190 0.807786 0.739898 0.752074 0.901141 0.817169 0.765387 0.799436 0.655643 0.789039 0.903100 0.827759 0.954465 0.993714 0.917219 0.789968 0.869956 0.891522 0.705667 0.789015 0.794416 0.777948 0.987962 0.998380 0.835645 0.764928 0.789807 0.925990 0.802990 0.816088 0.938684 0.875694 0.936200 0.977251 0.916481 0.972013 0.950293 0.954480 0.876154 0.920395 0.875987 0.996318 0.963447 0.941812 0.977376 0.892685 0.798177 0.845824 0.986895 0.897350 0.909297 0.811636 0.856536 0.998360 0.978326 0.944925 0.968683 0.979751 0.896765 0.896917 0.952902 0.903731 0.992952 0.941002 0.976649 0.878114 0.985466 0.962505 0.990548 0.992368 0.948526 0.937019 0.989342 0.885642
