0.000000 0.326762 0.972132 0.808035 0.931641 0.912964 0.765851 0.717998 0.926084 0.641269 0.434339 0.366977 0.548933 0.582188 0.792274 0.735842 0.402088 0.397185 0.427295 0.386612 0.931367 0.895289 0.867154 0.903598 0.987429 0.877276 0.918009 0.815736 0.468542 0.450029 0.805473 0.772402 0.585070 0.577352 0.970045 0.978353 0.755356 0.645777 0.977174 0.726647 0.829048 0.700187 0.735652 0.609308 0.805941 0.681022 0.549115 0.583923 0.614088 0.580716 0.743717 0.640895 0.889247 0.945753 0.750329 0.721696 0.390047 0.342361 0.500481 0.515780 0.648852 0.771622 0.534036 0.422918 0.810355 0.849808 0.834168 0.868105 0.355174 0.444682 0.788025 0.859514 0.651643 0.615091 0.783631 0.949117 0.648372 0.696474 0.563627 0.591287 0.355352 0.373710 0.458352 0.471435 0.725639 0.941406 0.990303 0.982743 0.917479 0.789631 0.907778 0.879430 0.826788 0.855713 0.973655 0.824269 0.823918 0.774984 0.687225 0.750657 0.935692 0.882821 0.538396 0.671859 0.861857 0.689566 0.937297 0.819959 0.872648 0.720491 0.866141 0.836502 0.830857 0.799653 0.797788 0.894407
0.326762 0.000000 0.956840 0.870743 0.930392 0.784535 0.697953 0.692598 0.952603 0.590660 0.483296 0.387314 0.736513 0.700821 0.949635 0.853810 0.405025 0.368411 0.399434 0.410917 0.830878 0.938685 0.975830 0.793527 0.937816 0.773057 0.994337 0.700202 0.465280 0.530268 0.835885 0.795695 0.616408 0.527166 0.995642 0.894189 0.812525 0.590338 0.949258 0.793502 0.918168 0.757742 0.562853 0.462551 0.601320 0.500410 0.548053 0.558741 0.443073 0.427651 0.572659 0.518003 0.711368 0.787033 0.830937 0.688611 0.263188 0.252700 0.495260 0.500211 0.698400 0.803146 0.555080 0.424915 0.726378 0.750836 0.808432 0.858490 0.539908 0.442308 0.891071 0.858680 0.820401 0.717491 0.902957 0.867946 0.597098 0.701769 0.516767 0.589547 0.341988 0.418843 0.633583 0.459560 0.818646 0.914479 0.930147 0.924375 0.870735 0.881416 0.997644 0.977481 0.950629 0.902565 0.911451 0.899879 0.890756 0.705572 0.647931 0.618379 0.839484 0.825239 0.453024 0.658128 0.904477 0.850880 0.887189 0.760719 0.978412 0.676397 0.704057 0.746392 0.679969 0.621718 0.803943 0.922844
0.972132 0.956840 0.000000 0.441228 0.971093 0.785855 0.582547 0.594678 0.451915 0.862547 0.903748 0.975450 0.825231 0.817776 0.920573 0.782224 0.838924 0.822543 0.833238 0.926941 0.921920 0.990583 0.614238 0.617150 0.629794 0.502782 0.898071 0.939748 0.901018 0.923780 0.585728 0.656412 0.685958 0.754442 0.611460 0.858441 0.764683 0.988285 0.760425 0.973935 0.948111 0.970748 0.706936 0.747650 0.799684 0.821559 0.670522 0.760396 0.848360 0.989555 0.984259 0.984940 0.901678 0.978692 0.936560 0.868299 0.967437 0.823889 0.924450 0.905563 0.531679 0.509313 0.857043 0.876419 0.376764 0.375387 0.617899 0.496484 0.989677 0.844153 0.746915 0.746230 0.696004 0.775034 0.886164 0.912477 0.724124 0.820764 0.894063 0.948562 0.802873 0.866232 0.899489 0.918242 0.715741 0.568624 0.921872 0.935760 0.756234 0.918400 0.720495 0.923360 0.798330 0.948435 0.832062 0.965594 0.835835 0.898109 0.726742 0.727451 0.817097 0.952876 0.930040 0.918116 0.734467 0.859556 0.914500 0.845237 0.711954 0.933334 0.880167 0.876385 0.796955 0.899471 0.748612 0.981963
0.808035 0.870743 0.441228 0.000000 0.860396 0.845762 0.497348 0.347825 0.546416 0.592157 0.835970 0.709046 0.649273 0.635160 0.812006 0.615531 0.993194 0.992430 0.635759 0.824262 0.925026 0.916742 0.430990 0.603446 0.739415 0.609849 0.898461 0.956980 0.998404 0.946108 0.510233 0.531317 0.583501 0.620283 0.760002 0.835730 0.729967 0.964210 0.829647 0.978169 0.980782 0.867697 0.593240 0.560946 0.804507 0.744037 0.583804 0.651354 0.961338 0.925989 0.893286 0.904345 0.888907 0.934660 0.966040 0.941135 0.916646 0.998910 0.707214 0.757581 0.470693 0.421071 0.944183 0.853671 0.559315 0.457393 0.553485 0.500343 0.852958 0.982400 0.667007 0.611613 0.733489 0.808649 0.936583 0.882825 0.620096 0.765684 0.885048 0.941545 0.985295 0.959146 0.844021 0.977348 0.791623 0.648979 0.910320 0.892508 0.747926 0.782232 0.698413 0.951365 0.781028 0.931374 0.853589 0.986212 0.786377 0.814717 0.622168 0.574240 0.632206 0.941824 0.974337 0.751146 0.567344 0.646415 0.945703 0.685611 0.657104 0.846362 0.736717 0.886151 0.723765 0.840630 0.617106 0.951388
0.931641 0.930392 0.971093 0.860396 0.000000 0.918971 0.972514 0.976337 0.897193 0.955356 0.864891 0.937409 0.897316 0.887417 0.886987 0.967339 0.956076 0.941092 0.916474 0.985998 0.938601 0.904861 0.810850 0.882271 0.790576 0.931280 0.968374 0.831948 0.988068 0.941627 0.824445 0.902759 0.984744 0.979256 0.738905 0.899501 0.940239 0.923458 0.834988 0.959161 0.926194 0.971121 0.819952 0.894014 0.721600 0.765657 0.893361 0.889251 0.784835 0.764065 0.707110 0.749737 0.753419 0.707932 0.993727 0.879605 0.961565 0.957452 0.939165 0.992449 0.942544 0.943478 0.915450 0.945975 0.896025 0.886864 0.930644 0.975773 0.778094 0.981468 0.988272 0.857117 0.974492 0.953882 0.945252 0.897595 0.927650 0.903668 0.891044 0.987954 0.993722 0.990447 0.786305 0.949298 0.858919 0.737905 0.845882 0.893556 0.989936 0.955884 0.839183 0.774482 0.803708 0.920113 0.886410 0.960458 0.935013 0.921902 0.838699 0.859571 0.878437 0.880058 0.905625 0.946664 0.956461 0.764802 0.974844 0.921683 0.860822 0.908697 0.937258 0.954234 0.903304 0.864430 0.912236 0.958900
0.912964 0.784535 0.785855 0.845762 0.918971 0.000000 0.968915 0.894054 0.826162 0.946198 0.735688 0.905298 0.799244 0.804400 0.729267 0.652917 0.688729 0.654357 0.744881 0.924348 0.865244 0.940753 0.828179 0.610101 0.744908 0.581225 0.947874 0.654581 0.711210 0.800560 0.961032 0.958100 0.987907 0.883199 0.942232 0.915771 0.828176 0.893652 0.685084 0.954278 0.995811 0.997541 0.970541 0.912035 0.966521 0.886995 0.938215 0.967492 0.937599 0.959113 0.991729 0.971191 0.854238 0.974444 0.697657 0.863196 0.627446 0.707691 0.832825 0.949488 0.889270 0.716226 0.693968 0.763040 0.729368 0.588831 0.931818 0.857481 0.958762 0.948643 0.780004 0.921803 0.847609 0.925414 0.878605 0.983262 0.966512 0.869647 0.826071 0.985719 0.795213 0.983875 0.842927 0.859910 0.696247 0.644308 0.857830 0.910376 0.906227 0.908474 0.758166 0.851813 0.764632 0.887846 0.977111 0.885075 0.729126 0.804986 0.964365 0.989120 0.923620 0.932478 0.808124 0.938653 0.940193 0.976011 0.846598 0.922967 0.898586 0.899876 0.969564 0.991263 0.961100 0.995736 0.972073 0.911683
0.765851 0.697953 0.582547 0.497348 0.972514 0.968915 0.000000 0.329979 0.727645 0.568931 0.681156 0.685868 0.829571 0.778303 0.851888 0.995578 0.718661 0.786623 0.622253 0.818018 0.972618 0.987459 0.832291 0.930369 0.879321 0.871538 0.645153 0.641945 0.818089 0.812558 0.556963 0.700136 0.424834 0.413465 0.784667 0.752705 0.970278 0.924068 0.944896 0.899792 0.937636 0.964586 0.537308 0.511597 0.484775 0.494620 0.577104 0.573693 0.723184 0.642277 0.628252 0.661904 0.680444 0.777495 0.907458 0.904352 0.712311 0.749924 0.454652 0.560459 0.331868 0.590808 0.586841 0.598816 0.909279 0.797151 0.275196 0.356601 0.916329 0.955953 0.824199 0.729402 0.903967 0.935258 0.922701 0.824669 0.540199 0.827162 0.743602 0.792762 0.773223 0.990565 0.821363 0.940439 0.957565 0.995864 0.991293 0.789684 0.975441 0.949663 0.685848 0.818897 0.681450 0.861687 0.757437 0.951496 0.847517 0.660334 0.479418 0.554139 0.492739 0.731949 0.721002 0.558558 0.676099 0.750252 0.841218 0.609069 0.797950 0.782333 0.603593 0.705544 0.593588 0.683135 0.586547 0.858493
0.717998 0.692598 0.594678 0.347825 0.976337 0.894054 0.329979 0.000000 0.613902 0.354568 0.682903 0.546193 0.693525 0.630963 0.958798 0.698632 0.765644 0.811423 0.545215 0.733926 0.861480 0.890414 0.657091 0.908279 0.945228 0.833863 0.772500 0.816038 0.832892 0.794082 0.498792 0.631532 0.462860 0.403667 0.845160 0.842074 0.775819 0.935037 0.920463 0.940835 0.952421 0.867491 0.438419 0.407603 0.575436 0.513816 0.453561 0.480282 0.765540 0.652502 0.637159 0.647191 0.691591 0.734485 0.871505 0.879088 0.771631 0.790912 0.484772 0.553152 0.344888 0.370310 0.689309 0.584679 0.858780 0.657927 0.420738 0.382540 0.852487 0.868671 0.634055 0.585041 0.822753 0.904523 0.917982 0.880658 0.542283 0.788538 0.693043 0.806032 0.809810 0.994078 0.818164 0.930781 0.971780 0.928101 0.963004 0.740015 0.912260 0.980163 0.665530 0.858424 0.723752 0.957718 0.784276 0.887011 0.730472 0.656240 0.462352 0.432616 0.465587 0.854291 0.710912 0.572772 0.549004 0.698492 0.912193 0.560464 0.728296 0.696715 0.601331 0.673316 0.548393 0.681770 0.603440 0.916109
0.926084 0.952603 0.451915 0.546416 0.897193 0.826162 0.727645 0.613902 0.000000 0.742858 0.947311 0.981427 0.862124 0.746742 0.791005 0.672053 0.795015 0.769621 0.843821 0.999476 0.961218 0.979571 0.635302 0.672356 0.748105 0.544558 0.895943 0.995384 0.888286 0.800435 0.661366 0.748451 0.762983 0.825977 0.687103 0.911485 0.750421 0.982814 0.786443 0.964107 0.975389 0.940336 0.587902 0.688290 0.704657 0.766402 0.671934 0.812025 0.966604 0.945674 0.849512 0.892990 0.750107 0.692828 0.936133 0.943623 0.927449 0.787436 0.969013 0.993715 0.602257 0.450464 0.758039 0.860553 0.508681 0.443501 0.702607 0.651457 0.834110 0.738365 0.589270 0.557972 0.718499 0.871737 0.966067 0.947850 0.778435 0.867539 0.995666 0.990957 0.769167 0.842280 0.917997 0.849448 0.786060 0.717304 0.994939 0.864712 0.744627 0.854016 0.530046 0.699102 0.630041 0.781962 0.836417 0.913283 0.752449 0.864139 0.570847 0.604442 0.740281 0.911180 0.957604 0.903004 0.744488 0.851429 0.898585 0.716500 0.843805 0.857907 0.863692 0.893220 0.740172 0.805198 0.886050 0.795479
0.641269 0.590660 0.862547 0.592157 0.955356 0.946198 0.568931 0.354568 0.742858 0.000000 0.629080 0.511264 0.734176 0.705701 0.948705 0.782690 0.667726 0.686008 0.532887 0.662522 0.710348 0.864409 0.877813 0.863927 0.763494 0.944258 0.830369 0.822072 0.725691 0.751796 0.664297 0.759743 0.574351 0.514160 0.979041 0.924889 0.737644 0.771083 0.965963 0.932890 0.816382 0.774602 0.477949 0.414372 0.614086 0.480158 0.553692 0.502376 0.614068 0.544867 0.579881 0.556527 0.655115 0.621461 0.896218 0.839817 0.637243 0.639905 0.547436 0.628706 0.565967 0.515572 0.692605 0.536768 0.893809 0.950768 0.683977 0.674423 0.785887 0.694682 0.577163 0.601928 0.937837 0.852652 0.925661 0.989090 0.604620 0.838156 0.652401 0.811603 0.695346 0.906962 0.857029 0.843465 0.900182 0.804360 0.891289 0.678691 0.905447 0.964885 0.723709 0.800435 0.791162 0.943325 0.892515 0.799147 0.730165 0.672431 0.478459 0.466862 0.559840 0.778584 0.570030 0.601488 0.640357 0.823852 0.986520 0.507953 0.878068 0.619044 0.631477 0.618206 0.582166 0.703505 0.820762 0.999575
0.434339 0.483296 0.903748 0.835970 0.864891 0.735688 0.681156 0.682903 0.947311 0.629080 0.000000 0.450150 0.697453 0.704978 0.903754 0.849912 0.353765 0.320902 0.420828 0.408952 0.871330 0.931837 0.897386 0.821944 0.948288 0.813019 0.961172 0.741939 0.376468 0.361062 0.650302 0.681699 0.520427 0.423352 0.988320 0.995311 0.960094 0.766104 0.926703 0.875158 0.875590 0.734596 0.901661 0.700606 0.928465 0.792974 0.682729 0.676685 0.843800 0.793792 0.968649 0.868822 0.910471 0.891364 0.939189 0.979946 0.424223 0.465905 0.522915 0.536203 0.596959 0.847987 0.387221 0.372161 0.800581 0.868017 0.756789 0.788994 0.445627 0.588019 0.847233 0.991452 0.714002 0.625780 0.803033 0.947197 0.745819 0.665900 0.637562 0.784780 0.520629 0.706333 0.513031 0.579640 0.987828 0.953891 0.809163 0.835988 0.821360 0.901188 0.714769 0.658059 0.635340 0.649961 0.998139 0.861276 0.906127 0.680270 0.865194 0.841487 0.910071 0.951544 0.635262 0.579160 0.910406 0.684509 0.936495 0.881889 0.958663 0.749132 0.871115 0.972230 0.783142 0.842985 0.765732 0.852659
0.366977 0.387314 0.975450 0.709046 0.937409 0.905298 0.685868 0.546193 0.981427 0.511264 0.450150 0.000000 0.472337 0.478373 0.767892 0.587346 0.401108 0.374923 0.372581 0.377142 0.904345 0.896053 0.733664 0.969291 0.983507 0.834834 0.987827 0.695724 0.460571 0.392167 0.621159 0.633793 0.507088 0.475843 0.926687 0.993751 0.754825 0.662742 0.979477 0.849858 0.809190 0.711607 0.631520 0.523172 0.789253 0.668226 0.541398 0.578006 0.662090 0.652893 0.709435 0.664891 0.861509 0.867769 0.865735 0.751360 0.485652 0.414543 0.511397 0.501774 0.554026 0.626035 0.458918 0.319714 0.752597 0.913374 0.793666 0.788308 0.502006 0.506598 0.722414 0.719579 0.695216 0.719918 0.890948 0.925027 0.639601 0.677703 0.466953 0.697951 0.388183 0.500465 0.540610 0.483202 0.880611 0.995514 0.919683 0.855483 0.939509 0.875610 0.946518 0.839811 0.863527 0.757673 0.952196 0.744816 0.871975 0.644409 0.699796 0.667105 0.805544 0.858585 0.575257 0.560206 0.713827 0.682522 0.969493 0.789101 0.860168 0.660999 0.837422 0.854138 0.788201 0.742184 0.744698 0.879410
0.548933 0.736513 0.825231 0.649273 0.897316 0.799244 0.829571 0.693525 0.862124 0.734176 0.697453 0.472337 0.000000 0.365845 0.441960 0.463231 0.719153 0.694935 0.674635 0.557685 0.818403 0.948490 0.542519 0.737647 0.852271 0.899995 0.999427 0.866900 0.714092 0.630475 0.652327 0.711179 0.599468 0.776132 0.981341 0.979747 0.773896 0.903793 0.936085 0.773188 0.897796 0.709080 0.802955 0.770598 0.968100 0.897490 0.677012 0.758176 0.947550 0.909328 0.882681 0.830753 0.888989 0.898893 0.834198 0.803497 0.873836 0.784345 0.786872 0.782550 0.583246 0.576429 0.757135 0.648684 0.884130 0.809976 0.870531 0.854254 0.573353 0.702731 0.604295 0.687770 0.502089 0.652134 0.756619 0.966938 0.681684 0.836390 0.752171 0.817510 0.642098 0.593928 0.653236 0.695883 0.618058 0.702411 0.873916 0.957709 0.811975 0.757283 0.882270 0.961458 0.979420 0.929585 0.980121 0.740718 0.734158 0.762755 0.797444 0.815819 0.931305 0.904464 0.904767 0.674171 0.771108 0.683867 0.965655 0.865362 0.727981 0.908087 0.971543 0.931177 0.948128 0.846494 0.727209 0.878447
0.582188 0.700821 0.817776 0.635160 0.887417 0.804400 0.778303 0.630963 0.746742 0.705701 0.704978 0.478373 0.365845 0.000000 0.478554 0.374687 0.672152 0.682251 0.595089 0.561162 0.888182 0.949823 0.461137 0.690377 0.809769 0.841064 0.890848 0.973872 0.689960 0.609754 0.590358 0.596157 0.523207 0.736073 0.994657 0.887252 0.681580 0.820446 0.908448 0.790303 0.874273 0.708788 0.689246 0.678388 0.857958 0.854419 0.624970 0.803145 0.906094 0.902895 0.782798 0.781614 0.724600 0.743516 0.891319 0.873719 0.811719 0.773633 0.829100 0.838168 0.558341 0.505291 0.758736 0.615346 0.937432 0.789175 0.795156 0.799813 0.658273 0.723703 0.519563 0.590473 0.487600 0.755564 0.770684 0.950449 0.708966 0.783177 0.666088 0.841599 0.625368 0.683604 0.605788 0.743976 0.613880 0.671259 0.854597 0.835688 0.840419 0.748943 0.801238 0.976651 0.975807 0.995384 0.964104 0.844243 0.699010 0.780417 0.708336 0.743898 0.862300 0.820550 0.830222 0.569229 0.837512 0.643403 0.862554 0.783949 0.805346 0.780709 0.904569 0.906882 0.871914 0.817858 0.765540 0.996301
0.792274 0.949635 0.920573 0.812006 0.886987 0.729267 0.851888 0.958798 0.791005 0.948705 0.903754 0.767892 0.441960 0.478554 0.000000 0.424968 0.904217 0.939236 0.890146 0.764242 0.804704 0.953220 0.559588 0.643557 0.724639 0.885479 0.905894 0.841769 0.882103 0.792198 0.763507 0.730771 0.831308 0.955092 0.946857 0.979210 0.750823 0.960347 0.883000 0.737246 0.883925 0.833646 0.988496 0.991108 0.803930 0.830250 0.839883 0.946892 0.825363 0.844105 0.934092 0.988442 0.976815 0.955600 0.926485 0.960145 0.891058 0.936786 0.942711 0.958850 0.849689 0.729431 0.997691 0.909066 0.833040 0.784422 0.882736 0.926284 0.690083 0.927433 0.568006 0.752395 0.624747 0.767405 0.885119 0.879392 0.919240 0.886896 0.912725 0.963435 0.897867 0.841994 0.815327 0.912520 0.656988 0.652413 0.920192 0.993493 0.773623 0.823782 0.968774 0.904889 0.861742 0.924259 0.973818 0.862639 0.792052 0.999422 0.966586 0.961010 0.911292 0.973992 0.927341 0.858223 0.873063 0.717231 0.944362 0.995196 0.755000 0.913927 0.806121 0.909811 0.859538 0.930261 0.890922 0.983160
0.735842 0.853810 0.782224 0.615531 0.967339 0.652917 0.995578 0.698632 0.672053 0.782690 0.849912 0.587346 0.463231 0.374687 0.424968 0.000000 0.914161 0.902956 0.741647 0.659324 0.906680 0.921186 0.403042 0.515455 0.671754 0.782319 0.962123 0.899640 0.834588 0.711238 0.573535 0.569962 0.722902 0.846912 0.892902 0.950046 0.703099 0.814665 0.779574 0.799827 0.970195 0.764890 0.726378 0.746528 0.982678 0.931647 0.639113 0.802889 0.957564 0.991678 0.890441 0.856311 0.819151 0.835596 0.870621 0.960255 0.970376 0.993341 0.920797 0.837479 0.674637 0.449176 0.978295 0.817141 0.774112 0.599275 0.954668 0.811128 0.817966 0.816832 0.530824 0.707137 0.547204 0.739603 0.852509 0.962346 0.880677 0.745724 0.796221 0.884211 0.818439 0.754470 0.748271 0.788888 0.681817 0.566284 0.949448 0.907377 0.811534 0.781695 0.879458 0.932052 0.951610 0.851863 0.997410 0.826248 0.756160 0.808477 0.849814 0.787689 0.930473 0.988953 0.974212 0.810666 0.832983 0.725103 0.938314 0.932722 0.738776 0.863893 0.972092 0.983787 0.976106 0.928995 0.750067 0.907449
0.402088 0.405025 0.838924 0.993194 0.956076 0.688729 0.718661 0.765644 0.795015 0.667726 0.353765 0.401108 0.719153 0.672152 0.904217 0.914161 0.000000 0.256956 0.424624 0.420534 0.854732 0.997027 0.993102 0.660014 0.788137 0.601981 0.965401 0.720288 0.314222 0.302695 0.782640 0.787387 0.529880 0.495515 0.848083 0.916332 0.946692 0.787605 0.828417 0.900695 0.848597 0.764553 0.815080 0.654271 0.797604 0.704020 0.675046 0.687081 0.629100 0.628139 0.748103 0.664156 0.885894 0.916953 0.940735 0.838066 0.381596 0.322108 0.488148 0.581772 0.680247 0.962589 0.286357 0.261228 0.541700 0.590241 0.799416 0.929412 0.455965 0.510035 0.906013 0.926081 0.813577 0.744225 0.855479 0.968646 0.722886 0.726879 0.454599 0.686595 0.314169 0.608231 0.554856 0.539041 0.972141 0.770165 0.816536 0.824074 0.797463 0.947578 0.772268 0.767262 0.707011 0.736831 0.903408 0.795825 0.969777 0.648825 0.778124 0.829042 0.870921 0.941315 0.561699 0.522216 0.906232 0.769626 0.969119 0.839166 0.922873 0.665848 0.880562 0.858543 0.792204 0.803362 0.782434 0.782168
0.397185 0.368411 0.822543 0.992430 0.941092 0.654357 0.786623 0.811423 0.769621 0.686008 0.320902 0.374923 0.694935 0.682251 0.939236 0.902956 0.256956 0.000000 0.389843 0.412350 0.859960 0.963416 0.942359 0.735722 0.815168 0.628612 0.965620 0.721015 0.303014 0.321951 0.799942 0.777710 0.577932 0.526827 0.830435 0.959109 0.981718 0.722122 0.811347 0.888486 0.870449 0.717091 0.889972 0.689487 0.911048 0.793792 0.762945 0.746319 0.716793 0.721306 0.852559 0.786214 0.965513 0.992320 0.981175 0.894823 0.335139 0.298510 0.540905 0.599475 0.749639 0.992738 0.305171 0.275338 0.574253 0.590084 0.907012 0.992037 0.442782 0.491864 0.889870 0.956436 0.811278 0.733775 0.852733 0.960312 0.785685 0.720823 0.462733 0.798021 0.362358 0.567885 0.517836 0.475682 0.986304 0.779804 0.858994 0.867905 0.774638 0.988172 0.731378 0.725798 0.671480 0.726620 0.954703 0.851943 0.907582 0.669376 0.854716 0.869042 0.965715 0.911918 0.545939 0.574865 0.899587 0.777922 0.935905 0.875925 0.965979 0.744353 0.843469 0.923389 0.804862 0.755093 0.837471 0.796614
0.427295 0.399434 0.833238 0.635759 0.916474 0.744881 0.622253 0.545215 0.843821 0.532887 0.420828 0.372581 0.674635 0.595089 0.890146 0.741647 0.424624 0.389843 0.000000 0.389488 0.889044 0.974271 0.681619 0.997096 0.944094 0.921275 0.993397 0.723938 0.443686 0.485127 0.622883 0.561722 0.458530 0.444477 0.985299 0.919745 0.648621 0.629271 0.993734 0.841629 0.851612 0.694580 0.570887 0.457910 0.743898 0.618268 0.506967 0.557433 0.716678 0.662440 0.786888 0.741300 0.901977 0.916714 0.999656 0.929831 0.362770 0.418135 0.535599 0.581752 0.584882 0.680704 0.520277 0.407735 0.894629 0.957735 0.736907 0.728730 0.514788 0.609730 0.759138 0.734980 0.730461 0.718932 0.969638 0.957720 0.640815 0.650286 0.526815 0.738742 0.508213 0.655897 0.510370 0.531780 0.862284 0.962493 0.863198 0.849845 0.981276 0.872289 0.943316 0.807980 0.822027 0.791922 0.797532 0.918555 0.927193 0.658678 0.630786 0.627991 0.869664 0.860277 0.548701 0.593736 0.787264 0.766947 0.895327 0.715237 0.915355 0.573064 0.751924 0.841342 0.732733 0.639534 0.691828 0.849152
0.386612 0.410917 0.926941 0.824262 0.985998 0.924348 0.818018 0.733926 0.999476 0.662522 0.408952 0.377142 0.557685 0.561162 0.764242 0.659324 0.420534 0.412350 0.389488 0.000000 0.923508 0.977615 0.775972 0.986883 0.911367 0.918121 0.873721 0.760310 0.441596 0.425585 0.721406 0.694218 0.594086 0.546519 0.970651 0.958963 0.694678 0.581127 0.985943 0.678010 0.828239 0.672908 0.729297 0.659179 0.883239 0.762941 0.583223 0.630332 0.723695 0.699698 0.854954 0.759602 0.974006 0.983002 0.870394 0.872406 0.458497 0.429032 0.667574 0.587793 0.697903 0.715574 0.612174 0.476346 0.845185 0.932462 0.925266 0.901377 0.442903 0.435523 0.805525 0.899355 0.661108 0.663913 0.852892 0.969774 0.710001 0.762069 0.631665 0.704618 0.484457 0.501149 0.554487 0.427739 0.757450 0.892104 0.844107 0.876023 0.987212 0.890300 0.842068 0.727170 0.700724 0.699368 0.901001 0.810923 0.897552 0.721157 0.828480 0.799170 0.958224 0.892594 0.692731 0.700670 0.854991 0.800572 0.910338 0.856888 0.895996 0.639637 0.925642 0.944334 0.895388 0.820892 0.847077 0.799284
0.931367 0.830878 0.921920 0.925026 0.938601 0.865244 0.972618 0.861480 0.961218 0.710348 0.871330 0.904345 0.818403 0.888182 0.804704 0.906680 0.854732 0.859960 0.889044 0.923508 0.000000 0.948539 0.787593 0.724909 0.812864 0.873819 0.950772 0.976865 0.908401 0.941972 0.940340 0.817323 0.972598 0.847244 0.975081 0.843049 0.923116 0.766293 0.932321 0.947829 0.957546 0.948672 0.823863 0.845870 0.897355 0.863196 0.907217 0.814982 0.846849 0.790457 0.881559 0.835936 0.933130 0.888148 0.951531 0.947191 0.772593 0.829389 0.806760 0.799910 0.983805 0.904718 0.917930 0.855221 0.879273 0.869701 0.933431 0.977103 0.934370 0.814542 0.992408 0.983623 0.973280 0.913557 0.961832 0.906813 0.932754 0.927192 0.877396 0.915820 0.911575 0.974685 0.980480 0.852045 0.757077 0.703051 0.947742 0.867574 0.953004 0.829647 0.936710 0.970950 0.946139 0.884266 0.987238 0.950345 0.906081 0.847866 0.852197 0.824752 0.881972 0.942810 0.830705 0.966818 0.998651 0.953618 0.813219 0.923160 0.971939 0.945650 0.780148 0.752935 0.775725 0.826530 0.878172 0.868327
0.895289 0.938685 0.990583 0.916742 0.904861 0.940753 0.987459 0.890414 0.979571 0.864409 0.931837 0.896053 0.948490 0.949823 0.953220 0.921186 0.997027 0.963416 0.974271 0.977615 0.948539 0.000000 0.962343 0.974924 0.883880 0.945807 0.858456 0.970419 0.992640 0.976135 0.985243 0.966269 0.989473 0.918479 0.970134 0.982928 0.880586 0.868532 0.980182 0.727639 0.969746 0.985962 0.903437 0.854754 0.939358 0.872888 0.895305 0.886385 0.927514 0.853965 0.845687 0.873587 0.901859 0.890518 0.848595 0.805961 0.970679 0.977174 0.949285 0.980403 0.988014 0.971973 0.999606 0.989236 0.987313 0.974530 0.920126 0.961630 0.978834 0.905716 0.934977 0.949845 0.922158 0.694276 0.818431 0.870188 0.886201 0.806211 0.983184 0.908973 0.920392 0.931041 0.879908 0.915280 0.972794 0.988482 0.888196 0.864490 0.976022 0.942068 0.897150 0.921166 0.953150 0.982345 0.937750 0.929527 0.700984 0.945348 0.954900 0.958830 0.915326 0.972605 0.957280 0.868127 0.849439 0.975500 0.956202 0.940032 0.972516 0.915392 0.980191 0.770549 0.962736 0.958065 0.978190 0.936176
0.867154 0.975830 0.614238 0.430990 0.810850 0.828179 0.832291 0.657091 0.635302 0.877813 0.897386 0.733664 0.542519 0.461137 0.559588 0.403042 0.993102 0.942359 0.681619 0.775972 0.787593 0.962343 0.000000 0.438455 0.615222 0.701149 0.990363 0.941949 0.935981 0.861281 0.557712 0.500357 0.718351 0.873357 0.940804 0.899866 0.755296 0.939431 0.906257 0.895780 0.961711 0.801755 0.781369 0.769361 0.907579 0.947756 0.783259 0.921055 0.721916 0.779988 0.909086 0.896317 0.973138 0.976372 0.922934 0.850644 0.978311 0.943677 0.944046 0.935186 0.648553 0.564118 0.997364 0.881834 0.566826 0.528248 0.843245 0.797841 0.888425 0.986465 0.637188 0.642884 0.535001 0.823931 0.884582 0.911908 0.817319 0.783495 0.885196 0.998935 0.998668 0.966528 0.732473 0.861802 0.661161 0.517978 0.923730 0.982210 0.734698 0.700737 0.858720 0.866252 0.987288 0.998715 0.862134 0.973764 0.896393 0.856110 0.837985 0.794555 0.929309 0.989306 0.909015 0.835366 0.778789 0.692139 0.990817 0.906619 0.693968 0.924778 0.955368 0.975975 0.944872 0.931822 0.655990 0.919069
0.903598 0.793527 0.617150 0.603446 0.882271 0.610101 0.930369 0.908279 0.672356 0.863927 0.821944 0.969291 0.737647 0.690377 0.643557 0.515455 0.660014 0.735722 0.997096 0.986883 0.724909 0.974924 0.438455 0.000000 0.446183 0.462797 0.867254 0.829359 0.808326 0.877988 0.713767 0.705932 0.951108 0.891070 0.858382 0.914228 0.758893 0.992266 0.664490 0.834827 0.936883 0.895576 0.960482 0.985616 0.828917 0.799465 0.916206 0.951813 0.671182 0.701121 0.779992 0.764019 0.947130 0.835200 0.991397 0.880795 0.707220 0.698557 0.759346 0.884238 0.885503 0.664910 0.651414 0.725776 0.465583 0.424729 0.994508 0.835015 0.971533 0.824035 0.793544 0.847889 0.668823 0.866072 0.905391 0.914391 0.994729 0.913608 0.877053 0.960661 0.773868 0.958074 0.955934 0.938913 0.597088 0.396425 0.845080 0.805449 0.646320 0.677177 0.906916 0.876465 0.994143 0.941920 0.964950 0.872891 0.838706 0.877997 0.932454 0.998060 0.916610 0.918492 0.711143 0.925853 0.906539 0.867691 0.950843 0.891166 0.856953 0.834700 0.948490 0.746793 0.818895 0.958123 0.848473 0.879762
0.987429 0.937816 0.629794 0.739415 0.790576 0.744908 0.879321 0.945228 0.748105 0.763494 0.948288 0.983507 0.852271 0.809769 0.724639 0.671754 0.788137 0.815168 0.944094 0.911367 0.812864 0.883880 0.615222 0.446183 0.000000 0.492545 0.797907 0.781385 0.872330 0.904031 0.726040 0.699364 0.979379 0.956024 0.829609 0.963402 0.742344 0.766690 0.554737 0.807617 0.965629 0.945129 0.988676 0.906424 0.799676 0.767988 0.942835 0.973145 0.682836 0.737800 0.688713 0.701651 0.813205 0.718895 0.975998 0.947946 0.907100 0.802643 0.803843 0.958216 0.954542 0.804148 0.677298 0.736412 0.501945 0.537623 0.928134 0.885144 0.849245 0.946463 0.942242 0.903402 0.616711 0.747178 0.982486 0.974215 0.982034 0.816272 0.899556 0.931947 0.889678 0.833024 0.843044 0.893347 0.570369 0.377437 0.866604 0.751738 0.689306 0.689079 0.890373 0.736602 0.838929 0.812783 0.991146 0.953702 0.957955 0.852169 0.874817 0.869563 0.811820 0.834165 0.793401 0.899985 0.974025 0.908254 0.954988 0.829555 0.899523 0.902107 0.897256 0.723903 0.849532 0.848260 0.883021 0.959466
0.877276 0.773057 0.502782 0.609849 0.931280 0.581225 0.871538 0.833863 0.544558 0.944258 0.813019 0.834834 0.899995 0.841064 0.885479 0.782319 0.601981 0.628612 0.921275 0.918121 0.873819 0.945807 0.701149 0.462797 0.492545 0.000000 0.982989 0.794032 0.673170 0.668965 0.770039 0.856011 0.906262 0.983081 0.720188 0.931462 0.802920 0.942516 0.585342 0.957535 0.968982 0.890897 0.889237 0.984861 0.968191 0.940627 0.897275 0.980090 0.780208 0.820413 0.884693 0.833833 0.980075 0.940485 0.925571 0.988329 0.745747 0.629803 0.822711 0.868659 0.791502 0.649799 0.619707 0.635663 0.422998 0.382948 0.793761 0.697174 0.907201 0.789732 0.779863 0.789516 0.717357 0.877278 0.913145 0.948197 0.965345 0.982769 0.763037 0.963790 0.683354 0.918397 0.950758 0.838993 0.620910 0.470945 0.810339 0.773149 0.665095 0.745491 0.750531 0.897264 0.756124 0.844661 0.887147 0.983507 0.774118 0.917278 0.867562 0.943425 0.899926 0.925846 0.818217 0.973031 0.874683 0.871588 0.925664 0.933762 0.942228 0.899087 0.927700 0.855918 0.999833 0.977748 0.976305 0.847893
0.918009 0.994337 0.898071 0.898461 0.968374 0.947874 0.645153 0.772500 0.895943 0.830369 0.961172 0.987827 0.999427 0.890848 0.905894 0.962123 0.965401 0.965620 0.993397 0.873721 0.950772 0.858456 0.990363 0.867254 0.797907 0.982989 0.000000 0.851497 0.997063 0.961803 0.834955 0.956929 0.801042 0.877350 0.915631 0.835133 0.907506 0.713845 0.974773 0.863439 0.867529 0.839703 0.791075 0.857798 0.676520 0.738935 0.933156 0.896917 0.887338 0.891858 0.743016 0.785591 0.682967 0.644472 0.987069 0.916334 0.963706 0.952216 0.843476 0.910921 0.730701 0.804211 0.878440 0.872162 0.966271 0.920941 0.639745 0.697155 0.829478 0.963823 0.803202 0.856259 0.992535 0.928212 0.972820 0.926864 0.822664 0.996585 0.962089 0.904238 0.953283 0.789464 0.863198 0.749521 0.881481 0.853403 0.913311 0.638052 0.903493 0.685178 0.752825 0.768763 0.705928 0.844655 0.908193 0.967882 0.900717 0.949726 0.743408 0.844780 0.672891 0.754910 0.919508 0.809076 0.962800 0.982471 0.796320 0.792519 0.896422 0.923614 0.724260 0.862524 0.779364 0.853493 0.884993 0.950401
0.815736 0.700202 0.939748 0.956980 0.831948 0.654581 0.641945 0.816038 0.995384 0.822072 0.741939 0.695724 0.866900 0.973872 0.841769 0.899640 0.720288 0.721015 0.723938 0.760310 0.976865 0.970419 0.941949 0.829359 0.781385 0.794032 0.851497 0.000000 0.718246 0.768661 0.917827 0.921757 0.785964 0.767093 0.817362 0.893080 0.906167 0.947713 0.831097 0.929366 0.988242 0.916678 0.815908 0.775010 0.743720 0.715140 0.827548 0.794317 0.733937 0.767136 0.772689 0.791209 0.924514 0.896827 0.922649 0.927478 0.719759 0.667358 0.622408 0.674928 0.714859 0.880013 0.648067 0.680995 0.842959 0.877483 0.710205 0.790080 0.945938 0.928097 0.979628 0.940910 0.972936 0.962047 0.856195 0.943166 0.728314 0.948157 0.774269 0.804929 0.709412 0.754793 0.879668 0.801634 0.998350 0.861494 0.969945 0.814458 0.957304 0.961696 0.964934 0.972802 0.930967 0.957909 0.872662 0.980709 0.876590 0.699229 0.829970 0.805163 0.934264 0.718072 0.742410 0.769009 0.837276 0.950391 0.947900 0.843143 0.903721 0.802570 0.960298 0.915780 0.839445 0.851625 0.925107 0.885684
0.468542 0.465280 0.901018 0.998404 0.988068 0.711210 0.818089 0.832892 0.888286 0.725691 0.376468 0.460571 0.714092 0.689960 0.882103 0.834588 0.314222 0.303014 0.443686 0.441596 0.908401 0.992640 0.935981 0.808326 0.872330 0.673170 0.997063 0.718246 0.000000 0.288121 0.758175 0.704726 0.575192 0.537229 0.864445 0.911412 0.970496 0.758782 0.900743 0.784438 0.987274 0.807281 0.858564 0.700868 0.830976 0.718737 0.706586 0.685033 0.689772 0.660610 0.793198 0.684627 0.912749 0.937630 0.965595 0.914410 0.461469 0.406675 0.559042 0.529163 0.697128 0.920835 0.384247 0.336100 0.660628 0.718815 0.881185 0.931239 0.517496 0.599522 0.924391 0.956955 0.768912 0.705947 0.873228 0.988684 0.846727 0.754545 0.524986 0.777800 0.386803 0.621691 0.536247 0.555226 0.989248 0.865850 0.832602 0.827620 0.838754 0.962212 0.729067 0.678322 0.608035 0.643082 0.926306 0.853409 0.975070 0.689842 0.841295 0.857890 0.962538 0.950678 0.548258 0.583451 0.921374 0.811935 0.972042 0.926002 0.975944 0.744014 0.972465 0.937416 0.775479 0.767194 0.793247 0.831727
0.450029 0.530268 0.923780 0.946108 0.941627 0.800560 0.812558 0.794082 0.800435 0.751796 0.361062 0.392167 0.630475 0.609754 0.792198 0.711238 0.302695 0.321951 0.485127 0.425585 0.941972 0.976135 0.861281 0.877988 0.904031 0.668965 0.961803 0.768661 0.288121 0.000000 0.656977 0.650518 0.561010 0.519542 0.904996 0.921605 0.988042 0.814549 0.914509 0.788372 0.941012 0.798838 0.912914 0.736775 0.923953 0.800906 0.680237 0.697454 0.788406 0.754352 0.864014 0.746485 0.969798 0.995885 0.981517 0.948333 0.549504 0.476992 0.549605 0.540235 0.650993 0.863095 0.358229 0.296976 0.651499 0.770921 0.861496 0.868792 0.478543 0.550901 0.894949 0.967363 0.753838 0.673015 0.777340 0.992209 0.838064 0.653012 0.530009 0.734417 0.374168 0.639920 0.492566 0.555204 0.962088 0.915284 0.840317 0.831562 0.771232 0.893508 0.662581 0.590748 0.542108 0.543606 0.960229 0.765533 0.946834 0.672125 0.935378 0.904488 0.973082 0.986960 0.628528 0.561225 0.865657 0.685252 0.947725 0.978308 0.886499 0.727039 0.985525 0.965665 0.920618 0.875934 0.709488 0.755816
0.805473 0.835885 0.585728 0.510233 0.824445 0.961032 0.556963 0.498792 0.661366 0.664297 0.650302 0.621159 0.652327 0.590358 0.763507 0.573535 0.782640 0.799942 0.622883 0.721406 0.940340 0.985243 0.557712 0.713767 0.726040 0.770039 0.834955 0.917827 0.758175 0.656977 0.000000 0.412271 0.507037 0.506268 0.903752 0.757555 0.853909 0.888558 0.784222 0.912246 0.938363 0.838720 0.689206 0.680575 0.802389 0.768179 0.640640 0.647939 0.943132 0.955593 0.908128 0.913830 0.830583 0.888997 0.973597 0.957742 0.900845 0.971554 0.712745 0.713180 0.427928 0.479906 0.759991 0.661908 0.823984 0.617560 0.586383 0.467889 0.821590 0.929558 0.672104 0.725267 0.688119 0.734959 0.787571 0.922335 0.744780 0.601712 0.763991 0.907393 0.805365 0.954796 0.658955 0.906680 0.921751 0.765902 0.951319 0.839373 0.811170 0.981515 0.933992 0.841922 0.976651 0.834789 0.899896 0.747541 0.922372 0.629369 0.754906 0.765448 0.652194 0.965726 0.902387 0.643371 0.656604 0.642179 0.869887 0.730192 0.756038 0.871021 0.777018 0.978463 0.867807 0.903099 0.598677 0.952176
0.772402 0.795695 0.656412 0.531317 0.902759 0.958100 0.700136 0.631532 0.748451 0.759743 0.681699 0.633793 0.711179 0.596157 0.730771 0.569962 0.787387 0.777710 0.561722 0.694218 0.817323 0.966269 0.500357 0.705932 0.699364 0.856011 0.956929 0.921757 0.704726 0.650518 0.412271 0.000000 0.540960 0.642169 0.951630 0.907903 0.801475 0.756026 0.865188 0.818239 0.937466 0.872109 0.676814 0.643383 0.844857 0.773624 0.658801 0.730486 0.981001 0.956945 0.887358 0.878443 0.875075 0.890219 0.962486 0.935465 0.816424 0.919868 0.788240 0.808808 0.605740 0.614336 0.800492 0.707108 0.871355 0.716797 0.773911 0.640776 0.781551 0.941746 0.762023 0.770429 0.784419 0.803024 0.902743 0.998274 0.824219 0.587983 0.757321 0.862638 0.796980 0.923809 0.652359 0.728287 0.891526 0.739040 0.982318 0.809234 0.885008 0.985956 0.965244 0.771546 0.877602 0.885577 0.981678 0.814549 0.968031 0.795897 0.758495 0.843992 0.792629 0.854535 0.829050 0.749892 0.724343 0.713228 0.960785 0.775455 0.748271 0.785266 0.882116 0.999852 0.834108 0.896397 0.558216 0.960442
0.585070 0.616408 0.685958 0.583501 0.984744 0.987907 0.424834 0.462860 0.762983 0.574351 0.520427 0.507088 0.599468 0.523207 0.831308 0.722902 0.529880 0.577932 0.458530 0.594086 0.972598 0.989473 0.718351 0.951108 0.979379 0.906262 0.801042 0.785964 0.575192 0.561010 0.507037 0.540960 0.000000 0.409696 0.900159 0.791062 0.785878 0.852137 0.994645 0.896639 0.841273 0.724680 0.609063 0.503211 0.561788 0.549894 0.467448 0.573953 0.702774 0.658338 0.647660 0.632372 0.672037 0.756736 0.859909 0.877960 0.611182 0.633338 0.555189 0.670756 0.362117 0.579893 0.507999 0.471453 0.999905 0.887606 0.473185 0.540464 0.650470 0.770569 0.683908 0.659364 0.706078 0.789844 0.804107 0.953966 0.670876 0.684991 0.594343 0.726870 0.544638 0.750658 0.565622 0.711959 0.807080 0.882088 0.988813 0.829857 0.939766 0.958605 0.830305 0.987664 0.940738 0.933596 0.759984 0.805533 0.857197 0.591684 0.517436 0.640380 0.684485 0.795033 0.645260 0.414188 0.724293 0.701159 0.968690 0.706071 0.848070 0.680130 0.637722 0.788095 0.705916 0.636402 0.556384 0.987150
0.577352 0.527166 0.754442 0.620283 0.979256 0.883199 0.413465 0.403667 0.825977 0.514160 0.423352 0.475843 0.776132 0.736073 0.955092 0.846912 0.495515 0.526827 0.444477 0.546519 0.847244 0.918479 0.873357 0.891070 0.956024 0.983081 0.877350 0.767093 0.537229 0.519542 0.506268 0.642169 0.409696 0.000000 0.921854 0.862129 0.888915 0.803973 0.990300 0.989264 0.932929 0.854951 0.596521 0.478001 0.600448 0.512426 0.464538 0.434781 0.685349 0.618625 0.703116 0.665045 0.817890 0.891787 0.943606 0.892437 0.547892 0.577178 0.405313 0.431327 0.403988 0.601335 0.466277 0.417556 0.910161 0.911534 0.480837 0.470083 0.648223 0.746499 0.858026 0.845417 0.854211 0.776477 0.890651 0.924546 0.640916 0.642894 0.522482 0.735000 0.579537 0.861041 0.662948 0.741775 0.932186 0.941458 0.840541 0.756703 0.911287 0.926891 0.983125 0.879523 0.933541 0.753650 0.849198 0.847510 0.947985 0.548002 0.616760 0.586219 0.577281 0.920531 0.572774 0.486024 0.719836 0.667263 0.989136 0.663682 0.899405 0.651075 0.691135 0.795997 0.681920 0.668758 0.591341 0.842417
0.970045 0.995642 0.611460 0.760002 0.738905 0.942232 0.784667 0.845160 0.687103 0.979041 0.988320 0.926687 0.981341 0.994657 0.946857 0.892902 0.848083 0.830435 0.985299 0.970651 0.975081 0.970134 0.940804 0.858382 0.829609 0.720188 0.915631 0.817362 0.864445 0.904996 0.903752 0.951630 0.900159 0.921854 0.000000 0.952780 0.986904 0.992247 0.976206 0.887706 0.901022 0.929448 0.827522 0.901172 0.816195 0.835668 0.767549 0.808685 0.979141 0.878750 0.921377 0.904049 0.880526 0.889388 0.894815 0.998500 0.981258 0.896899 0.924796 0.892936 0.776915 0.719181 0.858647 0.870067 0.660722 0.711452 0.758482 0.682153 0.947876 0.876624 0.886118 0.884929 0.912541 0.856405 0.912307 0.904270 0.915372 0.905452 0.894924 0.904652 0.919023 0.967607 0.980897 0.891030 0.844664 0.836015 0.929714 0.950872 0.865416 0.937128 0.801546 0.834643 0.817955 0.885110 0.980305 0.927843 0.830099 0.916868 0.828844 0.875177 0.976350 0.873361 0.941277 0.976083 0.942530 0.978872 0.813175 0.912142 0.928656 0.983148 0.981176 0.958690 0.845495 0.951236 0.859441 0.958356
0.978353 0.894189 0.858441 0.835730 0.899501 0.915771 0.752705 0.842074 0.911485 0.924889 0.995311 0.993751 0.979747 0.887252 0.979210 0.950046 0.916332 0.959109 0.919745 0.958963 0.843049 0.982928 0.899866 0.914228 0.963402 0.931462 0.835133 0.893080 0.911412 0.921605 0.757555 0.907903 0.791062 0.862129 0.952780 0.000000 0.989323 0.841882 0.991226 0.977834 0.851624 0.987774 0.811232 0.757702 0.727049 0.761489 0.822839 0.902182 0.858264 0.822850 0.821972 0.826339 0.700221 0.823400 0.986579 0.895820 0.936991 0.905929 0.807866 0.907122 0.773312 0.863059 0.923485 0.890707 0.926730 0.918878 0.712862 0.767923 0.909191 0.949123 0.918143 0.990656 0.956886 0.994286 0.912607 0.861065 0.810255 0.822081 0.928872 0.889888 0.874582 0.987627 0.890298 0.872141 0.927865 0.915633 0.942388 0.931250 0.820083 0.842683 0.855141 0.803670 0.885411 0.934188 0.836289 0.901624 0.934812 0.849770 0.841510 0.719017 0.874289 0.931070 0.897509 0.819744 0.925967 0.980195 0.923916 0.893147 0.915113 0.959614 0.784348 0.834713 0.963713 0.908097 0.788116 0.868551
0.755356 0.812525 0.764683 0.729967 0.940239 0.828176 0.970278 0.775819 0.750421 0.737644 0.960094 0.754825 0.773896 0.681580 0.750823 0.703099 0.946692 0.981718 0.648621 0.694678 0.923116 0.880586 0.755296 0.758893 0.742344 0.802920 0.907506 0.906167 0.970496 0.988042 0.853909 0.801475 0.785878 0.888915 0.986904 0.989323 0.000000 0.660764 0.731170 0.814383 0.694042 0.842052 0.630570 0.710088 0.874843 0.823498 0.633654 0.705881 0.875168 0.866173 0.877774 0.862237 0.875942 0.846173 0.797684 0.914594 0.791487 0.852617 0.997452 0.982045 0.861154 0.635936 0.852909 0.977078 0.838725 0.769637 0.989099 0.846975 0.720497 0.732669 0.742373 0.677135 0.736168 0.863284 0.899033 0.930938 0.754070 0.874968 0.902578 0.832264 0.905821 0.790464 0.791940 0.818091 0.679312 0.695889 0.859255 0.990613 0.774421 0.765028 0.862992 0.948566 0.972653 0.997846 0.932090 0.959516 0.728041 0.996962 0.729428 0.689982 0.998751 0.838942 0.939734 0.923495 0.857705 0.977209 0.859795 0.751196 0.808686 0.789993 0.946033 0.844695 0.973735 0.918495 0.950671 0.979544
0.645777 0.590338 0.988285 0.964210 0.923458 0.893652 0.924068 0.935037 0.982814 0.771083 0.766104 0.662742 0.903793 0.820446 0.960347 0.814665 0.787605 0.722122 0.629271 0.581127 0.766293 0.868532 0.939431 0.992266 0.766690 0.942516 0.713845 0.947713 0.758782 0.814549 0.888558 0.756026 0.852137 0.803973 0.992247 0.841882 0.660764 0.000000 0.817966 0.644297 0.742066 0.745305 0.763296 0.766112 0.919014 0.841550 0.655960 0.662400 0.766460 0.761137 0.874298 0.839600 0.941242 0.977494 0.861826 0.755845 0.564506 0.661012 0.968254 0.836652 0.972217 0.862644 0.962145 0.838630 0.939894 0.948682 0.806228 0.948022 0.681777 0.634244 0.939069 0.843628 0.889341 0.894357 0.870397 0.993062 0.980886 0.833067 0.849068 0.903302 0.696769 0.621613 0.710549 0.478123 0.830124 0.929584 0.987324 0.884122 0.931817 0.847649 0.907768 0.876677 0.800563 0.846870 0.895977 0.769901 0.896359 0.843918 0.879928 0.903827 0.965522 0.985691 0.699871 0.959067 0.952584 0.959472 0.942117 0.945293 0.889489 0.770058 0.895481 0.853084 0.936204 0.781277 0.998526 0.968247
