0.000000 0.354455 0.881910 0.788069 0.821468 0.881966 0.681204 0.592391 0.827503 0.658741 0.405636 0.378269 0.591373 0.605180 0.765001 0.621973 0.464793 0.466717 0.483314 0.480968 0.977880 0.911924 0.909303 0.989599 0.827620 0.828929 0.846741 0.809456 0.612502 0.564768 0.752321 0.842877 0.471121 0.498930 0.939431 0.893836 0.643659 0.604125 0.940399 0.895178 0.735496 0.818348 0.642474 0.550074 0.626029 0.600922 0.714840 0.730785 0.795579 0.874534 0.670007 0.852172 0.921562 0.994396 0.858880 0.855106 0.340425 0.357832 0.481453 0.600083 0.460647 0.589470 0.367441 0.367758 0.919536 0.846792 0.732021 0.717087 0.397143 0.525858 0.532805 0.496831 0.781241 0.763381 0.983902 0.878213 0.752412 0.656083 0.682725 0.600955 0.502847 0.587515 0.832765 0.691566 0.962568 0.939187 0.894888 0.889630 0.960748 0.908977 0.753698 0.841564 0.912270 0.870916 0.952053 0.988478 0.660188 0.780138 0.435638 0.620606 0.728827 0.770056 0.510932 0.544463 0.677510 0.698833 0.808036 0.880569 0.723972 0.824343 0.747253 0.749864 0.695389 0.865424 0.686283 0.992668
0.354455 0.000000 0.916824 0.873219 0.832811 0.915740 0.835565 0.543478 0.795287 0.586282 0.518795 0.295117 0.590269 0.450764 0.685467 0.475951 0.360771 0.334482 0.508306 0.406389 0.954714 0.918645 0.846631 0.868827 0.901329 0.724229 0.885193 0.848474 0.486494 0.449318 0.818965 0.831335 0.568576 0.571605 0.953939 0.878518 0.650942 0.624432 0.834221 0.894508 0.692113 0.685592 0.684068 0.568282 0.677780 0.661255 0.869130 0.790673 0.830826 0.938644 0.774940 0.901785 0.967280 0.848832 0.869631 0.957093 0.254196 0.247035 0.708090 0.724825 0.597243 0.534980 0.439133 0.293058 0.802400 0.913181 0.962626 0.871819 0.463498 0.593312 0.418704 0.451193 0.768874 0.768935 0.954386 0.871357 0.587632 0.531439 0.735923 0.588856 0.426727 0.551425 0.719421 0.643895 0.894986 0.949005 0.909872 0.842446 0.836144 0.859758 0.727692 0.738773 0.864021 0.804009 0.934216 0.886151 0.696276 0.766904 0.424753 0.532999 0.680840 0.921446 0.564655 0.525345 0.700260 0.722881 0.790797 0.831678 0.773677 0.844122 0.687871 0.692861 0.705365 0.738003 0.750343 0.907831
0.881910 0.916824 0.000000 0.399773 0.703239 0.898916 0.305853 0.646593 0.764499 0.781560 0.739859 0.971762 0.698346 0.988226 0.767671 0.825406 0.870848 0.874930 0.590918 0.889547 0.752184 0.759142 0.505291 0.731333 0.576043 0.515679 0.898468 0.937898 0.926388 0.765478 0.448477 0.650286 0.517356 0.498502 0.604955 0.826831 0.871667 0.871342 0.660175 0.821526 0.988656 0.949845 0.468022 0.519523 0.748923 0.777462 0.607986 0.540486 0.687220 0.982288 0.891713 0.947067 0.944019 0.919453 0.809232 0.942019 0.993780 0.916024 0.598411 0.899482 0.596274 0.932134 0.717556 0.992128 0.374112 0.487447 0.298495 0.410245 0.933247 0.784409 0.856223 0.911581 0.886061 0.947200 0.694328 0.934998 0.824123 0.904304 0.755065 0.817682 0.880160 0.726002 0.930315 0.886117 0.482669 0.610623 0.851462 0.918400 0.760056 0.924422 0.924076 0.871576 0.894140 0.800200 0.986237 0.797765 0.896978 0.997524 0.926831 0.770398 0.929490 0.696847 0.827023 0.844382 0.731858 0.586258 0.993408 0.943423 0.888434 0.756932 0.791339 0.982725 0.886966 0.949959 0.789348 0.914069
0.788069 0.873219 0.399773 0.000000 0.792694 0.802599 0.305860 0.379613 0.921385 0.492907 0.782132 0.768332 0.754993 0.784565 0.759412 0.590198 0.742103 0.726091 0.486395 0.680371 0.747463 0.782892 0.409200 0.500728 0.757771 0.683137 0.968989 0.839054 0.826391 0.589024 0.420490 0.522251 0.503292 0.457601 0.735316 0.883452 0.693193 0.760553 0.703788 0.824707 0.993711 0.882129 0.434141 0.475621 0.923576 0.879522 0.739080 0.524945 0.624246 0.833203 0.873180 0.812466 0.923266 0.789445 0.873715 0.925172 0.811241 0.903911 0.710749 0.973492 0.680032 0.893219 0.581828 0.765881 0.649720 0.539868 0.445669 0.523698 0.891182 0.702593 0.638480 0.712731 0.707505 0.813250 0.725236 0.943349 0.764831 0.862561 0.652648 0.779768 0.615034 0.511386 0.851671 0.636824 0.655390 0.569662 0.871811 0.866666 0.962300 0.949934 0.730218 0.645434 0.773258 0.755869 0.997522 0.739535 0.809896 0.892630 0.867566 0.574717 0.846061 0.527894 0.669015 0.601458 0.701226 0.606191 0.996212 0.950778 0.815084 0.691460 0.806210 0.817393 0.782629 0.841052 0.891919 0.995530
0.821468 0.832811 0.703239 0.792694 0.000000 0.907367 0.744553 0.812617 0.686460 0.937901 0.808643 0.833985 0.671950 0.916028 0.706484 0.918286 0.889488 0.820372 0.756723 0.912882 0.859024 0.824118 0.820639 0.988834 0.837829 0.941024 0.887505 0.863485 0.798895 0.857851 0.831530 0.946626 0.678985 0.702354 0.819027 0.915626 0.921804 0.916395 0.906398 0.778862 0.917774 0.832862 0.685121 0.627771 0.541880 0.660071 0.780818 0.668205 0.991101 0.861281 0.999312 0.909814 0.964826 0.934259 0.934725 0.904180 0.868703 0.913073 0.676598 0.720907 0.605766 0.792571 0.839652 0.895077 0.610162 0.579821 0.664852 0.585717 0.721981 0.907637 0.909335 0.963086 0.881263 0.773773 0.926791 0.847144 0.802217 0.875487 0.913099 0.954261 0.892737 0.905191 0.904056 0.904717 0.803762 0.748589 0.856039 0.942852 0.791366 0.906007 0.910320 0.914536 0.884065 0.817149 0.985539 0.963509 0.902627 0.940154 0.774892 0.740639 0.997296 0.847703 0.822017 0.984131 0.677686 0.729609 0.888658 0.968037 0.876168 0.987916 0.779004 0.817692 0.920961 0.825812 0.701282 0.681777
0.881966 0.915740 0.898916 0.802599 0.907367 0.000000 0.798738 0.735908 0.829087 0.723754 0.890701 0.842772 0.793417 0.975259 0.943561 0.800875 0.961667 0.947945 0.909576 0.934445 0.839324 0.790633 0.857772 0.963383 0.880882 0.799399 0.947990 0.758246 0.951240 0.932912 0.773229 0.959630 0.889593 0.801319 0.730308 0.862813 0.766417 0.857739 0.836838 0.994331 0.984054 0.863591 0.885667 0.848463 0.872403 0.803135 0.825612 0.918989 0.934028 0.964244 0.988805 0.997588 0.946610 0.896025 0.957354 0.940814 0.957998 0.942546 0.789064 0.886385 0.750561 0.793430 0.867664 0.860714 0.918672 0.759939 0.798652 0.736458 0.947206 0.995589 0.839150 0.934681 0.977695 0.906579 0.918352 0.992442 0.913927 0.931737 0.977047 0.949666 0.819470 0.820983 0.863180 0.962506 0.986192 0.938543 0.908365 0.789006 0.989773 0.976632 0.657791 0.691144 0.539725 0.764242 0.957559 0.926448 0.834672 0.866823 0.783971 0.819184 0.772207 0.723450 0.770542 0.891598 0.917988 0.641823 0.961422 0.900138 0.993268 0.984830 0.937684 0.697937 0.913552 0.967176 0.938943 0.687297
0.681204 0.835565 0.305853 0.305860 0.744553 0.798738 0.000000 0.379937 0.752749 0.529313 0.614652 0.772203 0.627553 0.738662 0.702386 0.602813 0.645936 0.645605 0.361800 0.648696 0.769499 0.824881 0.398980 0.590376 0.740438 0.711836 0.909398 0.795784 0.733491 0.577898 0.396804 0.507122 0.390915 0.354271 0.669591 0.828518 0.767101 0.817475 0.701721 0.842385 0.990431 0.879680 0.353409 0.428102 0.754125 0.739967 0.571078 0.481887 0.663192 0.864650 0.931743 0.881898 0.919756 0.796722 0.853070 0.947502 0.725345 0.845149 0.564695 0.883375 0.515632 0.905529 0.459870 0.717813 0.574377 0.508263 0.318919 0.412777 0.796624 0.695990 0.624394 0.660643 0.703419 0.779898 0.792370 0.915779 0.750536 0.734243 0.619013 0.676310 0.585306 0.494465 0.828444 0.714653 0.515782 0.570071 0.900586 0.921513 0.913669 0.981864 0.715308 0.651222 0.763485 0.735164 0.975297 0.775526 0.746443 0.898498 0.700127 0.514028 0.887423 0.474207 0.598784 0.579457 0.649464 0.554686 0.927607 0.913610 0.793443 0.682545 0.718198 0.805332 0.721340 0.874378 0.752824 0.922760
0.592391 0.543478 0.646593 0.379613 0.812617 0.735908 0.379937 0.000000 0.760667 0.327661 0.669953 0.483603 0.624063 0.505293 0.713640 0.413479 0.528944 0.506021 0.394977 0.492307 0.805314 0.777907 0.503064 0.582808 0.937734 0.926827 0.837040 0.786243 0.581115 0.452992 0.514849 0.535752 0.466711 0.416335 0.777566 0.819733 0.667848 0.752149 0.883766 0.870806 0.924087 0.728313 0.421905 0.405292 0.745948 0.699969 0.732884 0.544646 0.826347 0.869329 0.927809 0.977640 0.890081 0.844442 0.995275 0.848527 0.524689 0.584377 0.623630 0.786160 0.557196 0.604564 0.435241 0.435675 0.954802 0.614665 0.558398 0.564812 0.694261 0.586332 0.473526 0.554676 0.665352 0.743384 0.829584 0.918283 0.667720 0.598055 0.624733 0.695979 0.421420 0.423474 0.709565 0.561046 0.874634 0.708522 0.943361 0.961750 0.909414 0.961947 0.522759 0.513972 0.646192 0.710785 0.892565 0.715237 0.636291 0.773644 0.535595 0.374854 0.594191 0.504866 0.504393 0.403457 0.632118 0.599145 0.825833 0.769245 0.709460 0.663990 0.664717 0.674258 0.637860 0.774665 0.816135 0.913116
0.827503 0.795287 0.764499 0.921385 0.686460 0.829087 0.752749 0.760667 0.000000 0.759460 0.712276 0.851100 0.711085 0.905709 0.874079 0.838351 0.781998 0.809435 0.777522 0.786547 0.961578 0.871181 0.938318 0.890835 0.963694 0.975795 0.844005 0.923396 0.758478 0.820647 0.833272 0.962374 0.811329 0.735655 0.804686 0.958648 0.894596 0.912507 0.982172 0.860568 0.900535 0.991916 0.719041 0.685648 0.603776 0.673937 0.674727 0.761167 0.950972 0.934650 0.981983 0.960514 0.987107 0.834978 0.942677 0.953846 0.818242 0.849520 0.651194 0.730749 0.648597 0.806780 0.847991 0.834283 0.845752 0.764890 0.681391 0.662783 0.749877 0.883904 0.833812 0.926492 0.964147 0.986089 0.841431 0.926565 0.778028 0.845822 0.994366 0.848822 0.858831 0.921950 0.972653 0.943528 0.944595 0.844700 0.791861 0.663036 0.971516 0.837451 0.771929 0.812968 0.828409 0.735045 0.880522 0.921898 0.897459 0.885928 0.711564 0.784903 0.914030 0.907438 0.813232 0.839026 0.772018 0.760164 0.952655 0.986809 0.928285 0.832383 0.732163 0.932381 0.909065 0.870550 0.780356 0.737956
0.658741 0.586282 0.781560 0.492907 0.937901 0.723754 0.529313 0.327661 0.759460 0.000000 0.719770 0.595592 0.807949 0.632828 0.832119 0.545868 0.594282 0.597269 0.483242 0.515970 0.828610 0.874907 0.607399 0.703543 0.988124 0.914251 0.802489 0.822888 0.716222 0.554810 0.594488 0.599163 0.635218 0.566422 0.772885 0.856960 0.710026 0.829155 0.946237 0.935217 0.975992 0.757945 0.554084 0.554406 0.860384 0.816818 0.817427 0.647443 0.824182 0.817563 0.990153 0.855014 0.970050 0.940784 0.888840 0.836273 0.570767 0.681816 0.795321 0.942360 0.732597 0.728581 0.580293 0.568809 0.937009 0.780254 0.685705 0.713883 0.733550 0.814605 0.444920 0.589028 0.620352 0.694028 0.878666 0.825666 0.712861 0.616940 0.720568 0.765954 0.484807 0.529232 0.804714 0.689794 0.987296 0.916190 0.926030 0.938012 0.717416 0.819208 0.487804 0.504483 0.576333 0.635441 0.933899 0.744165 0.653346 0.766092 0.565497 0.475176 0.694850 0.660192 0.620873 0.454477 0.837318 0.691342 0.853276 0.752822 0.807038 0.767646 0.737283 0.737906 0.761242 0.834640 0.846901 0.946605
0.405636 0.518795 0.739859 0.782132 0.808643 0.890701 0.614652 0.669953 0.712276 0.719770 0.000000 0.470648 0.477700 0.631474 0.681202 0.609703 0.447153 0.447526 0.464382 0.439494 0.870584 0.939129 0.861342 0.907044 0.910863 0.914147 0.858156 0.825183 0.578343 0.505503 0.767094 0.776229 0.536416 0.512043 0.984688 0.910541 0.826693 0.813457 0.997830 0.866375 0.773041 0.892395 0.642829 0.588691 0.747916 0.723709 0.680528 0.729035 0.935530 0.990272 0.945931 0.940825 0.967063 0.811214 0.990619 0.881596 0.449063 0.505909 0.579440 0.713255 0.487160 0.753799 0.421794 0.469985 0.951569 0.819529 0.662837 0.692494 0.478025 0.606856 0.593019 0.581612 0.709163 0.737920 0.984449 0.741739 0.736887 0.654035 0.583932 0.473042 0.523904 0.544126 0.851675 0.790555 0.875178 0.998682 0.790783 0.870385 0.935867 0.850711 0.841370 0.919038 0.947985 0.889329 0.876507 0.941935 0.708316 0.876937 0.488928 0.638583 0.815800 0.803969 0.541285 0.656601 0.646859 0.680877 0.869068 0.946444 0.791759 0.802257 0.871612 0.853067 0.863834 0.848794 0.622211 0.883872
0.378269 0.295117 0.971762 0.768332 0.833985 0.842772 0.772203 0.483603 0.851100 0.595592 0.470648 0.000000 0.510779 0.374570 0.601989 0.390814 0.358384 0.332952 0.488560 0.397063 0.925915 0.925427 0.811346 0.802546 0.868336 0.716365 0.866093 0.833675 0.440619 0.393677 0.807013 0.781882 0.544905 0.565598 0.858526 0.951921 0.639247 0.699494 0.840541 0.866038 0.663117 0.725479 0.682705 0.557032 0.773653 0.694358 0.832761 0.760535 0.910650 0.994677 0.806393 0.948171 0.974767 0.941662 0.923843 0.948624 0.304437 0.303637 0.697938 0.724893 0.580937 0.519062 0.377497 0.243772 0.762995 0.893366 0.912072 0.863460 0.524106 0.569427 0.477140 0.467278 0.721554 0.768509 0.988691 0.852382 0.616749 0.532370 0.639727 0.587236 0.379570 0.463457 0.665971 0.571560 0.939516 0.908710 0.890337 0.983378 0.934124 0.836721 0.718777 0.738414 0.874761 0.889612 0.953566 0.848680 0.684631 0.707302 0.454665 0.512540 0.649506 0.774590 0.521825 0.492985 0.614035 0.742588 0.846460 0.852403 0.713305 0.767158 0.780750 0.671453 0.713410 0.808858 0.764961 0.879816
0.591373 0.590269 0.698346 0.754993 0.671950 0.793417 0.627553 0.624063 0.711085 0.807949 0.477700 0.510779 0.000000 0.521576 0.413559 0.478054 0.568388 0.454923 0.569696 0.615294 0.735833 0.904761 0.692558 0.793781 0.961221 0.952153 0.962031 0.984369 0.544053 0.500781 0.728430 0.831993 0.517077 0.537275 0.922815 0.999293 0.735904 0.812678 0.965561 0.825613 0.813936 0.850015 0.576047 0.520908 0.604645 0.668871 0.685666 0.675639 0.947503 0.917567 0.937149 0.916198 0.965674 0.857856 0.999935 0.963607 0.569804 0.584117 0.624769 0.732887 0.460967 0.732420 0.455710 0.494997 0.760647 0.732914 0.685517 0.689122 0.702969 0.732283 0.669624 0.691071 0.934399 0.986265 0.953600 0.743402 0.771574 0.542612 0.621926 0.542930 0.578688 0.569644 0.735230 0.766742 0.727662 0.741069 0.881054 0.992234 0.772411 0.920922 0.903119 0.875779 0.911753 0.901875 0.931343 0.881266 0.761833 0.837089 0.614783 0.675070 0.890493 0.790731 0.586061 0.746548 0.568369 0.620967 0.911580 0.978891 0.738639 0.715385 0.879635 0.716703 0.810724 0.816881 0.641262 0.871414
0.605180 0.450764 0.988226 0.784565 0.916028 0.975259 0.738662 0.505293 0.905709 0.632828 0.631474 0.374570 0.521576 0.000000 0.477980 0.387853 0.418719 0.352174 0.500238 0.462503 0.871704 0.963807 0.656879 0.666687 0.915846 0.750316 0.908630 0.809992 0.472695 0.415181 0.772982 0.641179 0.582929 0.621446 0.876495 0.903867 0.814912 0.811838 0.842291 0.878739 0.904119 0.771927 0.606431 0.600015 0.810646 0.834949 0.828657 0.725600 0.940471 0.834460 0.950013 0.945620 0.943718 0.931477 0.905119 0.835846 0.404325 0.447082 0.880330 0.948735 0.781534 0.773037 0.415409 0.373616 0.864505 0.991546 0.949784 0.938190 0.719788 0.771643 0.567652 0.585440 0.722419 0.815523 0.962131 0.809740 0.621076 0.498475 0.620780 0.540530 0.417927 0.436351 0.519685 0.595637 0.846602 0.782303 0.949252 0.848599 0.966334 0.856085 0.795249 0.722113 0.949722 0.911102 0.994376 0.754990 0.757418 0.797626 0.548615 0.449159 0.759090 0.783670 0.534984 0.537464 0.726383 0.814292 0.900952 0.777927 0.750322 0.743509 0.795418 0.615091 0.782053 0.714826 0.790633 0.958029
0.765001 0.685467 0.767671 0.759412 0.706484 0.943561 0.702386 0.713640 0.874079 0.832119 0.681202 0.601989 0.413559 0.477980 0.000000 0.507541 0.591900 0.496511 0.576926 0.615378 0.651452 0.865954 0.594024 0.701949 0.833841 0.957632 0.888562 0.984387 0.537848 0.499779 0.751901 0.725831 0.572899 0.591342 0.964197 0.988687 0.799495 0.805579 0.865122 0.761268 0.903647 0.945026 0.579891 0.538508 0.726085 0.773063 0.697001 0.638203 0.920467 0.955236 0.929636 0.992285 0.987114 0.969944 0.976915 0.902757 0.656502 0.712173 0.864722 0.974891 0.727974 0.902116 0.564000 0.614889 0.715778 0.806793 0.816652 0.807022 0.859619 0.882976 0.720399 0.752684 0.937248 0.885022 0.904462 0.733661 0.688433 0.516671 0.550298 0.586191 0.608183 0.579956 0.654868 0.687785 0.605146 0.623780 0.899332 0.867552 0.823600 0.971418 0.957610 0.889014 0.986489 0.991820 0.979940 0.699859 0.902959 0.813765 0.704241 0.600073 0.915123 0.875314 0.701161 0.822518 0.666356 0.693528 0.998124 0.989338 0.734302 0.761819 0.850814 0.684842 0.878431 0.725787 0.780299 0.937793
0.621973 0.475951 0.825406 0.590198 0.918286 0.800875 0.602813 0.413479 0.838351 0.545868 0.609703 0.390814 0.478054 0.387853 0.507541 0.000000 0.431739 0.358692 0.462605 0.435242 0.792270 0.873835 0.504850 0.529745 0.949293 0.945507 0.914313 0.873453 0.455963 0.312115 0.691885 0.597363 0.534385 0.519114 0.979740 0.958946 0.669169 0.785594 0.946700 0.830717 0.806956 0.767073 0.529878 0.482912 0.858613 0.795771 0.752326 0.648659 0.840090 0.893571 0.989066 0.912107 0.972152 0.986102 0.881763 0.800395 0.443264 0.462807 0.793812 0.925512 0.655822 0.684136 0.413629 0.369022 0.999315 0.774570 0.823998 0.808787 0.732194 0.721522 0.474752 0.547000 0.713007 0.802629 0.949774 0.795226 0.598190 0.497409 0.596631 0.574618 0.401058 0.411645 0.615459 0.551225 0.819895 0.666195 0.939163 0.806020 0.954525 1.000000 0.742009 0.692888 0.860769 0.888566 0.918313 0.734190 0.782975 0.781089 0.595501 0.457480 0.801942 0.737526 0.523003 0.474795 0.578405 0.693835 0.995546 0.953791 0.787675 0.674637 0.835922 0.707529 0.693830 0.780032 0.791445 0.881497
0.464793 0.360771 0.870848 0.742103 0.889488 0.961667 0.645936 0.528944 0.781998 0.594282 0.447153 0.358384 0.568388 0.418719 0.591900 0.431739 0.000000 0.260012 0.386414 0.370937 0.866476 0.944046 0.679434 0.733564 0.995822 0.832895 0.901275 0.775038 0.403960 0.332291 0.688766 0.633651 0.479391 0.452333 0.969000 0.864085 0.710879 0.735080 0.891956 0.901752 0.717061 0.763757 0.577766 0.501730 0.788677 0.748344 0.728108 0.739244 0.924255 0.897900 0.989496 0.892025 0.878002 0.895203 0.896699 0.924392 0.272928 0.351898 0.746517 0.854471 0.631321 0.717003 0.354914 0.334593 0.946504 0.888375 0.795072 0.799793 0.530141 0.614801 0.433896 0.458211 0.697122 0.738752 0.958153 0.787656 0.642200 0.560220 0.570248 0.456284 0.335754 0.400474 0.621776 0.589594 0.864852 0.820192 0.938594 0.950750 0.949942 0.859373 0.799401 0.768786 0.913688 0.847613 0.884988 0.809223 0.700402 0.782360 0.569741 0.505659 0.817573 0.792923 0.555766 0.506809 0.682235 0.774878 0.848881 0.913151 0.810065 0.723841 0.698451 0.751433 0.697986 0.731320 0.754980 0.845293
0.466717 0.334482 0.874930 0.726091 0.820372 0.947945 0.645605 0.506021 0.809435 0.597269 0.447526 0.332952 0.454923 0.352174 0.496511 0.358692 0.260012 0.000000 0.360323 0.316934 0.852565 0.965319 0.626194 0.692662 0.986260 0.783437 0.946049 0.778696 0.350499 0.269914 0.718154 0.608879 0.454085 0.441446 0.955418 0.873483 0.682323 0.697321 0.855919 0.893631 0.755835 0.715477 0.545106 0.468390 0.769244 0.730039 0.767817 0.673674 0.900659 0.904978 0.997817 0.917768 0.905764 0.884013 0.920235 0.891114 0.263470 0.322455 0.763365 0.857367 0.597297 0.695176 0.323080 0.293871 0.994659 0.836452 0.801704 0.798416 0.520055 0.632794 0.435393 0.454335 0.719776 0.766983 0.944955 0.801000 0.611653 0.485032 0.510826 0.441271 0.281821 0.341093 0.520586 0.501518 0.814523 0.745715 0.979770 0.889530 0.979375 0.893136 0.831809 0.768512 0.949143 0.903983 0.951797 0.798299 0.698717 0.791265 0.541581 0.454871 0.790335 0.814697 0.509783 0.499815 0.644719 0.707575 0.853731 0.988733 0.785333 0.711906 0.703656 0.645573 0.733355 0.699737 0.719597 0.902533
0.483314 0.508306 0.590918 0.486395 0.756723 0.909576 0.361800 0.394977 0.777522 0.483242 0.464382 0.488560 0.569696 0.500238 0.576926 0.462605 0.386414 0.360323 0.000000 0.358397 0.866862 0.934758 0.442080 0.572416 0.890834 0.956340 0.852268 0.674141 0.490096 0.408607 0.557768 0.452581 0.357965 0.334969 0.878681 0.796156 0.713256 0.760641 0.943014 0.865511 0.907809 0.830133 0.429357 0.451193 0.794777 0.797114 0.665061 0.555302 0.736825 0.787937 0.921168 0.798979 0.919130 0.951631 0.974631 0.836804 0.406172 0.541452 0.699583 0.947233 0.574873 0.841768 0.296548 0.462764 0.823221 0.714666 0.553020 0.632037 0.622179 0.635888 0.398081 0.478346 0.657514 0.720435 0.891696 0.816703 0.636542 0.536987 0.529525 0.527820 0.360038 0.356041 0.609508 0.564911 0.611596 0.625072 0.886983 0.925547 0.908937 0.833307 0.692487 0.639585 0.813984 0.766377 0.957998 0.793063 0.675068 0.830065 0.522310 0.364132 0.852022 0.598519 0.480780 0.505380 0.653014 0.626745 0.878721 0.936451 0.786704 0.777196 0.696984 0.692144 0.733864 0.818125 0.702538 0.928704
0.480968 0.406389 0.889547 0.680371 0.912882 0.934445 0.648696 0.492307 0.786547 0.515970 0.439494 0.397063 0.615294 0.462503 0.615378 0.435242 0.370937 0.316934 0.358397 0.000000 0.891008 0.978066 0.676171 0.723271 0.871823 0.758897 0.891708 0.694339 0.469383 0.375177 0.753913 0.561304 0.561878 0.500797 0.883123 0.813278 0.688913 0.747810 0.872964 0.989697 0.794556 0.859869 0.589472 0.536629 0.931079 0.862941 0.862333 0.728652 0.812329 0.781321 0.908888 0.769101 0.847431 0.935844 0.857342 0.825104 0.352005 0.423574 0.833186 0.957344 0.702721 0.748619 0.386875 0.375558 0.890490 0.905945 0.813819 0.836903 0.528349 0.625055 0.388101 0.482645 0.629756 0.667618 0.995420 0.767158 0.694881 0.570635 0.537093 0.535392 0.358408 0.427703 0.674573 0.556115 0.965291 0.881200 0.962270 0.985843 0.803466 0.771083 0.738106 0.718834 0.916793 0.866136 0.963975 0.880886 0.764887 0.854918 0.557444 0.475318 0.796129 0.741535 0.539656 0.490321 0.750198 0.720014 0.900504 0.960951 0.793556 0.798832 0.762084 0.706859 0.804927 0.711769 0.762657 0.952334
0.977880 0.954714 0.752184 0.747463 0.859024 0.839324 0.769499 0.805314 0.961578 0.828610 0.870584 0.925915 0.735833 0.871704 0.651452 0.792270 0.866476 0.852565 0.866862 0.891008 0.000000 0.784789 0.759848 0.830441 0.754324 0.818130 0.815720 0.975776 0.943570 0.737339 0.783035 0.832667 0.812153 0.799899 0.982000 0.987516 0.865831 0.944227 0.975151 0.978709 0.935491 0.903278 0.786572 0.720097 0.935687 0.938952 0.879023 0.777081 0.854963 0.957806 0.960475 0.996482 0.937682 0.981984 0.790111 0.883502 0.955871 0.985310 0.903664 0.985605 0.818806 0.966098 0.875643 0.908695 0.736699 0.791611 0.821904 0.810480 0.996239 0.946656 0.904270 0.931539 0.945177 0.856862 0.842040 0.977114 0.969992 0.830311 0.898420 0.878112 0.874950 0.836335 0.993181 0.939435 0.861594 0.822468 0.976315 0.938680 0.898677 0.963968 0.968153 0.941302 0.912992 0.910267 0.943983 0.669546 0.835234 0.940176 0.998580 0.915912 0.980424 0.974685 0.838142 0.996723 0.873565 0.738329 0.980002 0.994866 0.776338 0.895916 0.902432 0.931837 0.912481 0.974036 0.884732 0.935644
0.911924 0.918645 0.759142 0.782892 0.824118 0.790633 0.824881 0.777907 0.871181 0.874907 0.939129 0.925427 0.904761 0.963807 0.865954 0.873835 0.944046 0.965319 0.934758 0.978066 0.784789 0.000000 0.814093 0.917749 0.735194 0.732874 0.790818 0.942459 0.907886 0.866582 0.749180 0.927353 0.856634 0.797221 0.894052 0.954266 0.925808 0.907198 0.905145 0.797899 0.998919 0.881664 0.774455 0.731982 0.745114 0.799595 0.847902 0.927782 0.931059 0.835262 0.929622 0.811269 0.870834 0.901546 0.859310 0.774853 0.971443 0.963055 0.827449 0.916195 0.912136 0.933630 0.994646 0.967347 0.809364 0.800165 0.786743 0.810822 0.900932 0.851488 0.844074 0.928815 0.980705 0.892385 0.782077 0.997698 0.859929 0.873134 0.837360 0.932995 0.940167 0.950272 0.923422 0.981202 0.914143 0.939102 0.988583 0.958525 0.838555 0.940669 0.823481 0.865606 0.822214 0.860238 0.834727 0.707928 0.981878 0.991383 0.804439 0.804330 0.901765 0.877499 0.910828 0.864802 0.850222 0.780233 0.964803 0.896488 0.941726 0.914658 0.800346 0.993113 0.912066 0.980173 0.954209 0.788481
0.909303 0.846631 0.505291 0.409200 0.820639 0.857772 0.398980 0.503064 0.938318 0.607399 0.861342 0.811346 0.692558 0.656879 0.594024 0.504850 0.679434 0.626194 0.442080 0.676171 0.759848 0.814093 0.000000 0.353380 0.662497 0.796494 0.962541 0.856494 0.746586 0.575916 0.480064 0.447229 0.524697 0.560913 0.886392 0.821684 0.772418 0.867521 0.817429 0.911265 0.932411 0.802218 0.444731 0.554777 0.897523 0.943487 0.778859 0.667378 0.590542 0.775668 0.746992 0.744521 0.943198 0.850021 0.925337 0.758693 0.766290 0.890172 0.976351 0.769719 0.835862 0.904987 0.611871 0.806186 0.586869 0.665679 0.631516 0.722976 0.944979 0.933385 0.517497 0.641028 0.847949 0.912486 0.839040 0.966203 0.671448 0.677403 0.720569 0.719071 0.638870 0.552084 0.694468 0.700342 0.467077 0.425854 0.726402 0.791650 0.971345 0.923970 0.789468 0.626788 0.825128 0.787062 0.944369 0.619109 0.917637 0.923816 0.819669 0.494907 0.985105 0.689267 0.787371 0.714507 0.804415 0.645865 0.965002 0.997251 0.893461 0.770462 0.825427 0.792603 0.771673 0.870225 0.867410 0.948920
0.989599 0.868827 0.731333 0.500728 0.988834 0.963383 0.590376 0.582808 0.890835 0.703543 0.907044 0.802546 0.793781 0.666687 0.701949 0.529745 0.733564 0.692662 0.572416 0.723271 0.830441 0.917749 0.353380 0.000000 0.716683 0.965089 0.958931 0.862613 0.756509 0.608793 0.682489 0.482324 0.710446 0.713666 0.963382 0.938882 0.821201 0.888108 0.857146 0.954626 0.921465 0.907585 0.666021 0.769549 0.860072 0.857370 0.968067 0.841555 0.589192 0.686972 0.718268 0.691435 0.958461 0.849141 0.849545 0.647015 0.789403 0.882189 0.841237 0.661914 0.980700 0.918599 0.690246 0.803679 0.859757 0.876898 0.874071 0.990487 0.922883 0.878630 0.626089 0.701963 0.737903 0.784667 0.923073 0.934460 0.746714 0.837885 0.725241 0.725790 0.673929 0.565004 0.756519 0.700272 0.643090 0.494419 0.837965 0.746737 0.955788 0.989475 0.851172 0.707342 0.906844 0.899998 0.850829 0.687679 0.971390 0.959229 0.922125 0.595529 0.928586 0.723773 0.852543 0.730753 0.794053 0.815565 0.845828 0.997844 0.935810 0.914697 0.968317 0.882340 0.868167 0.837013 0.893659 0.948051
0.827620 0.901329 0.576043 0.757771 0.837829 0.880882 0.740438 0.937734 0.963694 0.988124 0.910863 0.868336 0.961221 0.915846 0.833841 0.949293 0.995822 0.986260 0.890834 0.871823 0.754324 0.735194 0.662497 0.716683 0.000000 0.572183 0.786294 0.845536 0.991946 0.891945 0.724777 0.848034 0.868697 0.797487 0.773337 0.979214 0.988814 0.959502 0.745686 0.920052 0.994843 0.984064 0.783619 0.851409 0.949130 0.951374 0.827291 0.768159 0.792773 0.991303 0.839763 0.977668 0.939600 0.939389 0.972006 0.913595 0.888998 0.828482 0.978833 0.802534 0.968716 0.797211 0.982177 0.827600 0.555176 0.763410 0.759367 0.818196 0.867001 0.972243 0.982402 0.935838 0.928237 0.907543 0.887828 0.938577 0.826690 0.981052 0.916564 0.913478 0.946611 0.953759 0.978336 0.993755 0.703192 0.680171 0.838319 0.979135 0.959391 0.912859 0.954602 0.952861 0.881891 0.890522 0.960985 0.721592 0.851000 0.976116 0.931736 0.902016 0.864666 0.948440 0.862310 0.932651 0.860851 0.763724 0.975373 0.920548 0.971950 0.956350 0.821129 0.904931 0.994354 0.998094 0.974000 0.780722
0.828929 0.724229 0.515679 0.683137 0.941024 0.799399 0.711836 0.926827 0.975795 0.914251 0.914147 0.716365 0.952153 0.750316 0.957632 0.945507 0.832895 0.783437 0.956340 0.758897 0.818130 0.732874 0.796494 0.965089 0.572183 0.000000 0.751056 0.733559 0.809394 0.929795 0.683878 0.908657 0.891259 0.860972 0.559125 0.842289 0.972145 0.906093 0.686735 0.858346 0.934958 0.950008 0.808264 0.818821 0.897703 0.895596 0.717591 0.711293 0.838492 0.902979 0.920544 0.930027 0.913989 0.968840 0.849279 0.833047 0.738974 0.710291 0.798527 0.948604 0.890001 0.886937 0.878772 0.751492 0.522481 0.627755 0.598780 0.582801 0.863408 0.985594 0.876092 0.833685 0.912908 0.840363 0.751834 0.972946 0.943482 0.876158 0.988116 0.882533 0.870684 0.992117 0.887388 0.896200 0.746467 0.754343 0.995830 0.921830 0.829988 0.766694 0.932062 0.949871 0.897655 0.977112 0.916309 0.905836 0.989072 0.954461 0.820410 0.955611 0.817368 0.971114 0.982033 0.886554 0.989238 0.779909 0.977143 0.899420 0.960570 0.896905 0.991863 0.814415 0.939234 0.955235 0.963054 0.816318
0.846741 0.885193 0.898468 0.968989 0.887505 0.947990 0.909398 0.837040 0.844005 0.802489 0.858156 0.866093 0.962031 0.908630 0.888562 0.914313 0.901275 0.946049 0.852268 0.891708 0.815720 0.790818 0.962541 0.958931 0.786294 0.751056 0.000000 0.818306 0.943603 0.944110 0.819694 0.890130 0.974243 0.956803 0.962512 0.965849 0.988484 0.930124 0.898661 0.933596 0.941435 0.919069 0.986363 0.865300 0.970103 0.999430 0.996435 0.951121 0.939440 0.814452 0.955461 0.904498 0.982430 0.959954 0.956609 0.871567 0.903941 0.929734 0.986264 0.991268 0.947306 0.900223 0.859970 0.882151 0.704262 0.887177 0.989591 0.992865 0.900395 0.928062 0.931727 0.919497 0.845928 0.832863 0.837919 0.985209 0.968507 0.793929 0.984215 0.949200 0.868478 0.912151 0.962808 0.966853 0.973399 0.825140 0.884297 0.839751 0.758903 0.929036 0.715591 0.814158 0.738377 0.908601 0.919498 0.998292 0.766694 0.964309 0.712418 0.766460 0.945071 0.947187 0.894095 0.867795 0.920593 0.994008 0.995093 0.832578 0.972631 0.981916 0.923958 0.965380 0.908192 0.968007 0.996817 0.954535
0.809456 0.848474 0.937898 0.839054 0.863485 0.758246 0.795784 0.786243 0.923396 0.822888 0.825183 0.833675 0.984369 0.809992 0.984387 0.873453 0.775038 0.778696 0.674141 0.694339 0.975776 0.942459 0.856494 0.862613 0.845536 0.733559 0.818306 0.000000 0.802448 0.798935 0.968129 0.838504 0.855663 0.805975 0.999103 0.792996 0.879710 0.931746 0.868912 0.873487 0.956553 0.925582 0.842554 0.872782 0.989695 0.946833 0.895381 0.823016 0.823443 0.831463 0.876436 0.755511 0.855898 0.832510 0.985821 0.884433 0.738291 0.834680 0.987982 0.924722 0.888887 0.890695 0.812120 0.858525 0.960857 0.906080 0.889064 0.924468 0.761570 0.851521 0.739543 0.845260 0.707295 0.706933 0.858147 0.878219 0.900728 0.884080 0.864084 0.794422 0.792545 0.833464 0.803838 0.802311 0.947730 0.949256 0.900060 0.915335 0.897312 0.728286 0.831907 0.802187 0.990530 0.828047 0.970200 0.963883 0.941291 0.999356 0.821715 0.738380 0.975040 0.743676 0.846640 0.747132 0.786995 0.924166 0.949833 0.948215 0.908041 0.939065 0.754566 0.848362 0.925863 0.987976 0.868483 0.853131
0.612502 0.486494 0.926388 0.826391 0.798895 0.951240 0.733491 0.581115 0.758478 0.716222 0.578343 0.440619 0.544053 0.472695 0.537848 0.455963 0.403960 0.350499 0.490096 0.469383 0.943570 0.907886 0.746586 0.756509 0.991946 0.809394 0.943603 0.802448 0.000000 0.386605 0.810825 0.687999 0.541766 0.491753 0.977038 0.920923 0.829044 0.892723 0.915111 0.946685 0.761550 0.789267 0.579164 0.523337 0.721225 0.657485 0.680142 0.612080 0.982285 0.947476 0.936542 0.947720 0.927390 0.966395 0.964827 0.920085 0.419088 0.439700 0.762215 0.803524 0.618280 0.634158 0.459813 0.404562 0.992851 0.779780 0.775122 0.764222 0.569772 0.577326 0.653334 0.702592 0.737680 0.803993 0.928227 0.709720 0.709418 0.531598 0.579970 0.513558 0.390613 0.472773 0.561610 0.540869 0.825426 0.768579 0.879208 0.906226 0.997128 0.976714 0.881006 0.819556 0.939924 0.997728 0.845746 0.797396 0.759235 0.752270 0.586697 0.537142 0.761423 0.733750 0.619025 0.586643 0.685686 0.762295 0.968832 0.955366 0.836240 0.722849 0.633783 0.732319 0.794208 0.731463 0.819222 0.859441
0.564768 0.449318 0.765478 0.589024 0.857851 0.932912 0.577898 0.452992 0.820647 0.554810 0.505503 0.393677 0.500781 0.415181 0.499779 0.312115 0.332291 0.269914 0.408607 0.375177 0.737339 0.866582 0.575916 0.608793 0.891945 0.929795 0.944110 0.798935 0.386605 0.000000 0.629640 0.566240 0.503633 0.421762 0.985429 0.876996 0.663575 0.643668 0.929298 0.881970 0.759858 0.784601 0.455345 0.375198 0.794200 0.702729 0.705799 0.544766 0.877904 0.992900 0.967663 0.975411 0.971836 0.978313 0.917884 0.905676 0.356687 0.432448 0.749939 0.877636 0.582093 0.644982 0.396752 0.349695 0.918898 0.706370 0.746249 0.755877 0.618253 0.601534 0.488201 0.535928 0.647721 0.709503 0.845391 0.771446 0.667345 0.534101 0.483698 0.523396 0.353312 0.391647 0.525863 0.513681 0.818765 0.729145 0.982845 0.820733 0.933207 0.949507 0.866690 0.829795 0.964696 0.949927 0.980896 0.725957 0.784946 0.742876 0.636791 0.494082 0.773779 0.785258 0.575377 0.478340 0.603539 0.663221 0.872328 0.976329 0.718139 0.632869 0.698460 0.737255 0.686372 0.741872 0.763474 0.878905
0.752321 0.818965 0.448477 0.420490 0.831530 0.773229 0.396804 0.514849 0.833272 0.594488 0.767094 0.807013 0.728430 0.772982 0.751901 0.691885 0.688766 0.718154 0.557768 0.753913 0.783035 0.749180 0.480064 0.682489 0.724777 0.683878 0.819694 0.968129 0.810825 0.629640 0.000000 0.571923 0.471452 0.458479 0.688852 0.872625 0.783960 0.828216 0.752131 0.871765 0.947705 0.828096 0.469876 0.479506 0.754367 0.745055 0.695325 0.635925 0.772825 0.945056 0.972304 0.953742 0.872251 0.910139 0.880582 0.909914 0.766918 0.868391 0.689658 0.930947 0.636493 0.966367 0.622800 0.774321 0.635626 0.639862 0.484209 0.559289 0.916670 0.755204 0.663992 0.762919 0.814652 0.913287 0.828145 0.931283 0.759732 0.834724 0.769897 0.760370 0.706997 0.653711 0.829609 0.812270 0.670872 0.678999 0.843591 0.968070 0.839686 0.984300 0.813096 0.744716 0.861663 0.733844 0.958660 0.847748 0.776380 0.879140 0.814595 0.690279 0.831873 0.577790 0.789714 0.746443 0.899913 0.613314 0.907225 0.855084 0.947935 0.782524 0.736352 0.879565 0.757537 0.895872 0.806658 0.944759
0.842877 0.831335 0.650286 0.522251 0.946626 0.959630 0.507122 0.535752 0.962374 0.599163 0.776229 0.781882 0.831993 0.641179 0.725831 0.597363 0.633651 0.608879 0.452581 0.561304 0.832667 0.927353 0.447229 0.482324 0.848034 0.908657 0.890130 0.838504 0.687999 0.566240 0.571923 0.000000 0.566626 0.527692 0.954338 0.757079 0.870819 0.957308 0.976129 0.998817 0.960130 0.989421 0.562422 0.674891 0.954394 0.984854 0.874428 0.711736 0.591579 0.655112 0.776789 0.707426 0.950643 0.907166 0.987990 0.799925 0.707545 0.840550 0.994162 0.816635 0.892876 0.915286 0.559764 0.711813 0.852498 0.837764 0.711203 0.780034 0.968388 0.849831 0.638243 0.730474 0.769821 0.814191 0.911530 0.907279 0.833788 0.682857 0.591112 0.698017 0.565573 0.470199 0.676082 0.647464 0.636319 0.581276 0.869991 0.752597 0.926219 0.974793 0.881068 0.748993 0.895103 0.920458 0.935256 0.675808 0.828103 0.899722 0.872906 0.548911 0.897826 0.677685 0.780501 0.649676 0.859174 0.802668 0.960887 0.996549 0.918331 0.796888 0.769246 0.938905 0.910751 0.827586 0.845643 0.940028
0.471121 0.568576 0.517356 0.503292 0.678985 0.889593 0.390915 0.466711 0.811329 0.635218 0.536416 0.544905 0.517077 0.582929 0.572899 0.534385 0.479391 0.454085 0.357965 0.561878 0.812153 0.856634 0.524697 0.710446 0.868697 0.891259 0.974243 0.855663 0.541766 0.503633 0.471452 0.566626 0.000000 0.299820 0.754635 0.803601 0.681916 0.705613 0.867826 0.758579 0.861868 0.763683 0.410979 0.394905 0.627746 0.624871 0.661153 0.543957 0.878325 0.974509 0.966418 0.988923 0.947612 0.999450 0.849322 0.986168 0.512900 0.586493 0.546950 0.739264 0.453601 0.805003 0.361009 0.497184 0.718432 0.619434 0.463969 0.470990 0.684559 0.607890 0.558163 0.546138 0.845627 0.976452 0.901828 0.978808 0.648983 0.584478 0.599814 0.579178 0.483732 0.423442 0.676195 0.559969 0.581141 0.546185 0.947947 0.938332 0.879012 0.986120 0.814441 0.728732 0.845260 0.829279 0.958413 0.831303 0.794868 0.867829 0.605998 0.578023 0.855478 0.637526 0.557970 0.589125 0.584453 0.597010 0.892342 0.963071 0.880935 0.774243 0.678230 0.757752 0.764235 0.791082 0.681695 0.992112
0.498930 0.571605 0.498502 0.457601 0.702354 0.801319 0.354271 0.416335 0.735655 0.566422 0.512043 0.565598 0.537275 0.621446 0.591342 0.519114 0.452333 0.441446 0.334969 0.500797 0.799899 0.797221 0.560913 0.713666 0.797487 0.860972 0.956803 0.805975 0.491753 0.421762 0.458479 0.527692 0.299820 0.000000 0.687740 0.818620 0.663244 0.762130 0.791633 0.755315 0.859270 0.811457 0.393599 0.347010 0.654656 0.636599 0.568153 0.423349 0.826180 0.976590 0.994081 0.973530 0.964171 0.985058 0.850966 0.928002 0.497665 0.597095 0.528538 0.731440 0.442666 0.757191 0.358363 0.504463 0.696034 0.554973 0.401064 0.415549 0.601242 0.558155 0.546928 0.640172 0.747028 0.886768 0.861072 0.850261 0.718933 0.574408 0.481382 0.585042 0.400483 0.380013 0.682095 0.552352 0.636060 0.601737 0.994059 0.982462 0.903872 0.958546 0.753038 0.714103 0.810106 0.765845 0.902304 0.783575 0.703637 0.769607 0.578058 0.513646 0.843944 0.574431 0.559112 0.507763 0.562729 0.566179 0.859963 0.957305 0.879404 0.683269 0.560275 0.741312 0.687530 0.757630 0.681794 0.882374
0.939431 0.953939 0.604955 0.735316 0.819027 0.730308 0.669591 0.777566 0.804686 0.772885 0.984688 0.858526 0.922815 0.876495 0.964197 0.979740 0.969000 0.955418 0.878681 0.883123 0.982000 0.894052 0.886392 0.963382 0.773337 0.559125 0.962512 0.999103 0.977038 0.985429 0.688852 0.954338 0.754635 0.687740 0.000000 0.787388 0.883584 0.964216 0.647561 0.950071 0.952498 0.982522 0.727342 0.724396 0.656519 0.729244 0.819095 0.691458 0.914564 0.908685 0.967091 0.892697 0.798912 0.918194 0.790445 0.851820 0.968337 0.911495 0.640846 0.786240 0.681149 0.918672 0.931947 0.945990 0.637427 0.601672 0.496399 0.501621 0.934915 0.913176 0.963284 0.858504 0.980254 0.919179 0.856844 0.908938 0.949776 0.985836 0.976437 0.999045 0.944868 0.919138 0.946571 0.994002 0.791702 0.818986 0.929543 0.826493 0.938684 0.826315 0.857863 0.902586 0.737957 0.791616 0.967280 0.974022 0.764426 0.891492 0.881403 0.872766 0.936823 0.799788 0.875920 0.992039 0.896025 0.715475 0.888689 0.895153 0.932698 0.893063 0.777444 0.789962 0.948380 0.958498 0.874132 0.943927
0.893836 0.878518 0.826831 0.883452 0.915626 0.862813 0.828518 0.819733 0.958648 0.856960 0.910541 0.951921 0.999293 0.903867 0.988687 0.958946 0.864085 0.873483 0.796156 0.813278 0.987516 0.954266 0.821684 0.938882 0.979214 0.842289 0.965849 0.792996 0.920923 0.876996 0.872625 0.757079 0.803601 0.818620 0.787388 0.000000 0.895790 0.808255 0.892732 0.954578 0.899752 0.949722 0.776012 0.792850 0.843868 0.926973 0.946122 0.824816 0.895900 0.897288 0.992357 0.996414 0.988419 0.955712 0.904994 0.984770 0.825714 0.906510 0.925915 0.912180 0.845155 0.932352 0.885848 0.887630 0.855642 0.775070 0.774053 0.765361 0.842294 0.891407 0.754435 0.970204 0.930810 0.950202 0.836677 0.958123 0.968568 0.864748 0.921324 0.975923 0.858966 0.910762 0.732506 0.878564 0.968823 0.851800 0.868411 0.939173 0.932183 0.921442 0.980281 0.890945 0.917008 0.989918 0.936265 0.833820 0.917978 0.991994 0.907587 0.808793 0.935423 0.989084 0.980604 0.882731 0.964731 0.891951 0.726450 0.898075 0.863780 0.983530 0.789364 0.852123 0.957123 0.861375 0.790465 0.819982
0.643659 0.650942 0.871667 0.693193 0.921804 0.766417 0.767101 0.667848 0.894596 0.710026 0.826693 0.639247 0.735904 0.814912 0.799495 0.669169 0.710879 0.682323 0.713256 0.688913 0.865831 0.925808 0.772418 0.821201 0.988814 0.972145 0.988484 0.879710 0.829044 0.663575 0.783960 0.870819 0.681916 0.663244 0.883584 0.895790 0.000000 0.626739 0.948978 0.990479 0.748917 0.794531 0.740150 0.671822 0.903558 0.832024 0.997741 0.824611 0.975145 0.987909 0.931410 0.972386 0.910334 0.957353 0.929720 0.952796 0.633641 0.645113 0.820963 0.923948 0.721026 0.719521 0.678175 0.640491 0.966875 0.768041 0.883011 0.830960 0.792388 0.788283 0.566935 0.663319 0.871692 0.878522 0.957613 0.988687 0.780461 0.727484 0.758675 0.915267 0.693873 0.731748 0.829950 0.649129 0.973643 0.870771 0.892648 0.990772 0.925706 0.902436 0.820173 0.766281 0.862057 0.781917 0.812964 0.982768 0.749772 0.681407 0.735858 0.719368 0.896094 0.800952 0.804461 0.737087 0.697729 0.728752 0.936045 0.793131 0.785481 0.908155 0.813190 0.596853 0.787935 0.877685 0.839471 0.945073
0.604125 0.624432 0.871342 0.760553 0.916395 0.857739 0.817475 0.752149 0.912507 0.829155 0.813457 0.699494 0.812678 0.811838 0.805579 0.785594 0.735080 0.697321 0.760641 0.747810 0.944227 0.907198 0.867521 0.888108 0.959502 0.906093 0.930124 0.931746 0.892723 0.643668 0.828216 0.957308 0.705613 0.762130 0.964216 0.808255 0.626739 0.000000 0.935507 0.789195 0.864172 0.934938 0.662054 0.617759 0.760157 0.737803 0.936597 0.825864 0.809225 0.804564 0.711844 0.740792 0.852870 0.826422 0.973717 0.984293 0.652419 0.666944 0.751927 0.806399 0.685294 0.709234 0.712585 0.664407 0.914793 0.787050 0.910620 0.880173 0.741727 0.664390 0.665664 0.663766 0.957332 0.830503 0.877626 0.992989 0.818592 0.844824 0.857906 0.851695 0.819238 0.853410 0.857576 0.755801 0.961710 0.869522 0.877003 0.977039 0.884164 0.917153 0.964276 0.915661 0.820524 0.974482 0.965077 0.964682 0.882375 0.821807 0.784147 0.814540 0.841075 0.960338 0.832387 0.724747 0.775635 0.723456 0.773218 0.797333 0.710288 0.860850 0.835554 0.859034 0.755131 0.798518 0.913262 0.837905
