0.000000 0.379350 0.572589 0.608302 0.913290 0.782106 0.638253 0.686021 0.696925 0.706731 0.505131 0.550954 0.934569 0.864589 0.918358 0.888682 0.471704 0.414928 0.896525 0.733513 0.989090 0.961576 0.821623 0.846876 0.667960 0.658911 0.966175 0.833509 0.569877 0.604146 0.835885 0.903055 0.834905 0.689405 0.979852 0.996829 0.978336 0.850897 0.864555 0.914103 0.633035 0.634093 0.976048 0.812309 0.844737 0.655439 0.647657 0.687559 0.627159 0.658728 0.658534 0.684922 0.872392 0.867119 0.712552 0.808790 0.357535 0.381744 0.434962 0.461851 0.613038 0.800889 0.434421 0.397304 0.704285 0.730725 0.838048 0.835534 0.539115 0.523504 0.621356 0.701510 0.949616 0.948870 0.829632 0.921004 0.805699 0.765766 0.617546 0.724799 0.339617 0.418923 0.705513 0.501403 0.803996 0.949286 0.909995 0.793024 0.952188 0.773689 0.519022 0.500420 0.488147 0.455623 0.893582 0.784528 0.967766 0.914806 0.900322 0.809387 0.879383 0.734804 0.947774 0.790854 0.967390 0.971637 0.986945 0.944560 0.888894 0.918764 0.842967 0.958504 0.913031 0.808422 0.852002 0.856077
0.379350 0.000000 0.599719 0.666774 0.892914 0.827555 0.699074 0.735436 0.620092 0.602074 0.641874 0.578921 0.992130 0.876436 0.922589 0.893115 0.512868 0.467183 0.942628 0.846203 0.990244 0.967975 0.849520 0.834666 0.748870 0.702290 0.902643 0.755698 0.596266 0.649316 0.803420 0.912487 0.803464 0.767394 0.958163 0.974016 0.999525 0.973283 0.933110 0.878530 0.641192 0.637311 0.976414 0.787566 0.822430 0.644362 0.596063 0.647181 0.656266 0.636757 0.644413 0.647838 0.831893 0.882300 0.670394 0.833072 0.364112 0.343166 0.395010 0.410894 0.661865 0.878989 0.449529 0.420781 0.727648 0.753215 0.938537 0.767347 0.530909 0.520051 0.654633 0.730387 0.825090 0.899595 0.836569 0.922923 0.835821 0.886089 0.667606 0.654656 0.388768 0.441280 0.679029 0.493544 0.764124 0.885056 0.838486 0.773624 0.955255 0.780494 0.600211 0.556069 0.589811 0.493090 0.845732 0.745878 0.953029 0.804316 0.884326 0.846831 0.948879 0.764373 0.938602 0.844412 0.947949 0.967212 0.990472 0.994493 0.960424 0.860883 0.798609 0.905604 0.921076 0.829379 0.823098 0.767132
0.572589 0.599719 0.000000 0.399057 0.966974 0.803358 0.426102 0.497808 0.584192 0.771728 0.684040 0.824345 0.711838 0.844015 0.865739 0.657962 0.494646 0.486011 0.898788 0.921860 0.990375 0.904220 0.598390 0.562962 0.388298 0.494207 0.926656 0.943953 0.642012 0.626748 0.605708 0.691857 0.817626 0.990780 0.835616 0.839268 0.836715 0.833866 0.669339 0.848997 0.723209 0.885443 0.645331 0.823891 0.895156 0.906035 0.910755 0.994889 0.808339 0.908952 0.952350 0.986023 0.816584 0.715600 0.881982 0.942542 0.611398 0.430221 0.479387 0.517626 0.784932 0.969776 0.439680 0.454947 0.459940 0.512342 0.580551 0.960105 0.673781 0.658704 0.569910 0.637746 0.945871 0.996375 0.942410 0.854380 0.662783 0.635748 0.806492 0.827419 0.499689 0.616711 0.846959 0.688370 0.938237 0.757859 0.977827 0.880348 0.780370 0.943485 0.535220 0.505986 0.480757 0.468951 0.958426 0.692827 0.871971 0.763937 0.699191 0.617510 0.827014 0.652954 0.932441 0.722896 0.737256 0.925692 0.774813 0.896674 0.923746 0.996489 0.806091 0.957334 0.883605 0.851125 0.940866 0.844826
0.608302 0.666774 0.399057 0.000000 0.861121 0.932516 0.456982 0.387386 0.652840 0.784499 0.680241 0.681328 0.892161 0.953799 0.984267 0.772779 0.502471 0.523445 0.915866 0.948206 0.945382 0.984402 0.669659 0.611366 0.433363 0.491707 0.872668 0.998176 0.536324 0.623700 0.655100 0.683053 0.997294 0.875089 0.988443 0.866274 0.815044 0.908733 0.682000 0.860497 0.713758 0.869109 0.710149 0.793764 0.997904 0.905876 0.820439 0.995428 0.863239 0.992703 0.916178 0.980181 0.782805 0.755672 0.911932 0.974688 0.697493 0.504857 0.519734 0.568514 0.585513 0.813344 0.482671 0.474824 0.580106 0.734116 0.677489 0.953379 0.802963 0.772739 0.672148 0.698240 0.881490 0.855373 0.902804 0.928844 0.663284 0.721315 0.804336 0.833895 0.584890 0.675288 0.777815 0.735081 0.993966 0.820533 0.938100 0.920834 0.853220 0.898301 0.607558 0.537363 0.555020 0.507010 0.998525 0.732998 0.952144 0.815805 0.914160 0.742575 0.870081 0.653463 0.924093 0.738822 0.785754 0.918795 0.776273 0.880437 0.883513 0.972874 0.940212 0.814745 0.869666 0.894755 0.991360 0.827030
0.913290 0.892914 0.966974 0.861121 0.000000 0.822364 0.866041 0.890712 0.825173 0.882509 0.959676 0.856877 0.706133 0.803803 0.764431 0.729254 0.983255 0.981119 0.822296 0.930808 0.840951 0.990859 0.735931 0.761099 0.977979 0.860015 0.888294 0.960952 0.950485 0.996423 0.926027 0.915501 0.905513 0.996684 0.859902 0.930294 0.874359 0.852462 0.825046 0.814494 0.999098 0.918091 0.892268 0.760580 0.992863 0.792364 0.880394 0.851176 0.801631 0.762548 0.838540 0.916212 0.911430 0.987038 0.937683 0.951647 0.801784 0.901202 0.912207 0.862485 0.786027 0.843735 0.984190 0.995277 0.788535 0.715539 0.866616 0.898077 0.744604 0.693979 0.882626 0.981550 0.955821 0.880004 0.915560 0.938102 0.901547 0.992387 0.903524 0.948879 0.828738 0.942435 0.898762 0.873004 0.771379 0.879358 0.808964 0.827688 0.927484 0.976611 0.763035 0.837617 0.843862 0.815525 0.997368 0.983501 0.889370 0.839781 0.849310 0.724640 0.945838 0.937830 0.851664 0.844779 0.949042 0.960674 0.957906 0.796726 0.995316 0.800912 0.889776 0.933970 0.983233 0.960016 0.922764 0.874268
0.782106 0.827555 0.803358 0.932516 0.822364 0.000000 0.781022 0.827145 0.903300 0.765913 0.815828 0.997127 0.771325 0.999701 0.948361 0.765957 0.886390 0.799318 0.964582 0.913383 0.891533 0.913363 0.887821 0.940588 0.789469 0.754269 0.825133 0.918475 0.860910 0.800810 0.960541 0.982580 0.865709 0.998494 0.841659 0.958417 0.937901 0.917536 0.841787 0.989229 0.962721 0.971408 0.923760 0.680279 0.749980 0.586542 0.827379 0.602100 0.614507 0.595932 0.721762 0.782349 0.787034 0.840191 0.689942 0.831460 0.626437 0.795245 0.863259 0.805647 0.892664 0.794116 0.776335 0.799369 0.800477 0.537632 0.793341 0.791731 0.684992 0.629828 0.694241 0.781932 0.877384 0.897317 0.980835 0.985936 0.841607 0.876054 0.796304 0.790833 0.689406 0.748366 0.844408 0.726694 0.986132 0.987815 0.893676 0.912387 0.922488 0.769101 0.559982 0.637405 0.600092 0.701938 0.926530 0.877964 0.788921 0.987122 0.798712 0.708462 0.725004 0.921470 0.946143 0.759412 0.749524 0.893113 0.929248 0.974103 0.963502 0.944200 0.981358 0.798907 0.750063 0.914029 0.966429 0.774504
0.638253 0.699074 0.426102 0.456982 0.866041 0.781022 0.000000 0.450777 0.592410 0.686402 0.804311 0.846501 0.589490 0.854238 0.782231 0.570778 0.687281 0.665281 0.709573 0.902656 0.919584 0.918325 0.542880 0.551762 0.463866 0.689577 0.986354 0.917959 0.762183 0.785224 0.669369 0.591656 0.755108 0.895656 0.921257 0.921994 0.994102 0.941273 0.815122 0.964481 0.800621 0.852342 0.821347 0.957968 0.991648 0.820032 0.839395 0.907616 0.721914 0.829450 0.866628 0.942038 0.915377 0.904669 0.916963 0.966592 0.668238 0.534433 0.515364 0.529137 0.937526 0.966641 0.643507 0.627167 0.489535 0.591908 0.610812 0.972883 0.608238 0.621962 0.684435 0.692086 0.934532 0.913799 0.820830 0.894223 0.758563 0.691636 0.808612 0.932496 0.649791 0.768226 0.901940 0.776306 0.817879 0.734864 0.943955 0.986045 0.786470 0.994944 0.499223 0.510446 0.451541 0.503751 0.980979 0.758974 0.927939 0.998932 0.821399 0.693895 0.816078 0.587681 0.779109 0.634558 0.783875 0.891538 0.860264 0.951186 0.803494 0.943956 0.880967 0.925248 0.840109 0.896439 0.975292 0.920136
0.686021 0.735436 0.497808 0.387386 0.890712 0.827145 0.450777 0.000000 0.703321 0.552813 0.786867 0.896932 0.925379 0.954372 0.818309 0.869347 0.696140 0.613405 0.825768 0.871804 0.905864 0.977052 0.901103 0.825528 0.619658 0.666067 0.865453 0.890988 0.661962 0.749011 0.841895 0.658691 0.992212 0.999658 0.846118 0.987940 0.993098 0.994092 0.808402 0.934839 0.832636 0.941964 0.925580 0.996761 0.722514 0.697537 0.766638 0.824974 0.655287 0.836062 0.764477 0.840761 0.977020 0.996461 0.876860 0.900901 0.694089 0.569429 0.634472 0.726017 0.782314 0.938760 0.590955 0.599657 0.804422 0.681036 0.855356 0.947660 0.746350 0.700637 0.646652 0.551374 0.967176 0.981563 0.826434 0.968618 0.774238 0.842077 0.791006 0.851095 0.659145 0.705601 0.592828 0.619049 0.814382 0.913452 0.807103 0.807536 0.987333 0.902615 0.551346 0.557660 0.535151 0.568850 0.960070 0.869192 0.753837 0.836633 0.914528 0.801187 0.724841 0.727757 0.963944 0.658410 0.885566 0.910720 0.788689 0.898061 0.902845 0.984373 0.851395 0.879957 0.926577 0.941955 0.949312 0.993685
0.696925 0.620092 0.584192 0.652840 0.825173 0.903300 0.592410 0.703321 0.000000 0.545721 0.802633 0.922838 0.661081 0.823116 0.797689 0.521939 0.683936 0.562246 0.687213 0.901381 0.999061 0.937565 0.595075 0.631565 0.710447 0.664080 0.849759 0.831746 0.769661 0.801862 0.595450 0.733763 0.970788 0.909370 0.813894 0.833671 0.946379 0.902982 0.952477 0.973491 0.736720 0.805572 0.709788 0.849636 0.791953 0.978520 0.886836 0.868161 0.992663 0.928171 0.924152 0.860479 0.742375 0.554315 0.861436 0.827196 0.608997 0.494155 0.624729 0.572341 0.847318 0.922357 0.580373 0.592614 0.594733 0.762126 0.719134 0.834717 0.687137 0.710755 0.567829 0.730869 0.875560 0.961742 0.802555 0.851796 0.644836 0.726396 0.895790 0.871325 0.626917 0.667513 0.917985 0.645808 0.917975 0.935897 0.952950 0.925934 0.848382 0.923114 0.570684 0.528805 0.616947 0.552190 0.989638 0.775361 0.969594 0.883962 0.660952 0.592605 0.930977 0.569600 0.917653 0.908870 0.964674 0.935277 0.864489 0.872799 0.839446 0.841431 0.899905 0.819788 0.734829 0.950891 0.964548 0.696463
0.706731 0.602074 0.771728 0.784499 0.882509 0.765913 0.686402 0.552813 0.545721 0.000000 0.925104 0.984149 0.905745 0.972902 0.829618 0.850566 0.888373 0.682408 0.732923 0.934461 0.869649 0.936160 0.992271 0.983799 0.978413 0.911271 0.898255 0.672358 0.857878 0.969838 0.922131 0.835425 0.864301 0.940992 0.898026 0.941312 0.859749 0.971047 0.964716 0.875205 0.895023 0.860949 0.851818 0.755095 0.700366 0.622937 0.610820 0.603636 0.680694 0.715555 0.685598 0.719051 0.846431 0.996139 0.722275 0.865304 0.517947 0.552692 0.689085 0.751601 0.945221 0.804596 0.692120 0.697419 0.983749 0.813642 0.965112 0.829978 0.669239 0.607617 0.569156 0.632335 0.864285 0.907366 0.956008 0.946376 0.797217 0.874114 0.809186 0.800417 0.644087 0.650323 0.618353 0.502998 0.642227 0.620453 0.803374 0.784771 0.961827 0.744739 0.564320 0.573825 0.619922 0.612690 0.947145 0.846925 0.772681 0.859157 0.840397 0.814231 0.791928 0.811888 0.836724 0.781140 0.922774 0.964236 0.980276 0.904343 0.873623 0.948288 0.819678 0.996668 0.851832 0.970199 0.810270 0.887213
0.505131 0.641874 0.684040 0.680241 0.959676 0.815828 0.804311 0.786867 0.802633 0.925104 0.000000 0.585666 0.843509 0.843797 0.899588 0.935621 0.486315 0.408360 0.778824 0.755299 0.938612 0.997833 0.840817 0.953188 0.647406 0.589606 0.970702 0.986664 0.498093 0.440580 0.921800 0.931165 0.776355 0.664606 0.886998 0.912461 0.881665 0.906631 0.833671 0.969142 0.739735 0.768850 0.705037 0.967738 0.984820 0.909894 0.943500 0.907759 0.891994 0.914178 0.905764 0.961399 0.990899 0.765216 0.839965 0.851644 0.576998 0.542570 0.625690 0.596943 0.545337 0.726671 0.461331 0.409602 0.725294 0.784463 0.943030 0.946775 0.656728 0.707240 0.667824 0.701229 0.924960 0.941167 0.926616 0.905384 0.693495 0.757712 0.724568 0.788186 0.493321 0.448520 0.772309 0.573589 0.915492 0.996470 0.956068 0.728315 0.910103 0.824612 0.561128 0.508250 0.529768 0.518601 0.909013 0.867830 0.959289 0.911382 0.756395 0.723954 0.889793 0.824393 0.954500 0.858588 0.886788 0.983966 0.834028 0.745148 0.813911 0.863979 0.814913 0.890007 0.836865 0.895162 0.946435 0.948773
0.550954 0.578921 0.824345 0.681328 0.856877 0.997127 0.846501 0.896932 0.922838 0.984149 0.585666 0.000000 0.800177 0.681316 0.928261 0.897107 0.572155 0.602188 0.864403 0.755327 0.811275 0.997154 0.888814 0.950100 0.755099 0.724842 0.799176 0.934204 0.549687 0.660924 0.847659 0.964796 0.720223 0.693295 0.892448 0.976052 0.934170 0.961085 0.911225 0.964355 0.787183 0.746721 0.872799 0.991335 0.981276 0.912625 0.783204 0.969404 0.920368 0.897363 0.824564 0.869664 0.996880 0.908968 0.877199 0.828780 0.657762 0.647183 0.576090 0.622856 0.504218 0.499681 0.614560 0.549549 0.778093 0.949601 0.986600 0.827901 0.792273 0.796887 0.889083 0.940989 0.789355 0.729360 0.813768 0.993171 0.820867 0.846224 0.766374 0.872307 0.666118 0.606782 0.854971 0.699694 0.932855 0.963215 0.998342 0.909261 0.996800 0.884486 0.794357 0.712382 0.726068 0.643360 0.954219 0.855680 0.803804 0.830616 0.962188 0.970069 0.913043 0.920956 0.807837 0.922848 0.995417 0.941377 0.980812 0.897109 0.898879 0.914904 0.815186 0.893010 0.764526 0.864857 0.904270 0.923093
0.934569 0.992130 0.711838 0.892161 0.706133 0.771325 0.589490 0.925379 0.661081 0.905745 0.843509 0.800177 0.000000 0.515131 0.404383 0.352613 0.957935 0.991282 0.533791 0.646977 0.998105 0.946300 0.456289 0.518064 0.673671 0.889055 0.945100 0.979775 0.903522 0.924234 0.722447 0.753987 0.524968 0.659489 0.720035 0.823013 0.971773 0.876740 0.950841 0.915926 0.973602 0.916311 0.744079 0.787746 0.671433 0.862025 0.845411 0.998572 0.934940 0.939812 0.813193 0.757394 0.737018 0.807512 0.946006 0.746882 0.981864 0.867814 0.867473 0.750867 0.670654 0.761696 0.928398 0.978951 0.519001 0.656200 0.638805 0.903886 0.830152 0.852363 0.815408 0.959510 0.927094 0.953166 0.912273 0.884693 0.789731 0.751490 0.928586 0.994329 0.919089 0.962648 0.808827 0.928801 0.599234 0.654915 0.781340 0.782818 0.756921 0.822047 0.752864 0.817530 0.756426 0.843370 0.968009 0.868377 0.971700 0.939615 0.702335 0.594750 0.850235 0.704473 0.909974 0.925031 0.723576 0.822523 0.986295 0.912157 0.882006 0.947913 0.943770 0.850589 0.819453 0.978148 0.743852 0.876811
0.864589 0.876436 0.844015 0.953799 0.803803 0.999701 0.854238 0.954372 0.823116 0.972902 0.843797 0.681316 0.515131 0.000000 0.534770 0.529734 0.917382 0.999678 0.728031 0.709796 0.927576 0.790015 0.560162 0.535227 0.776944 0.976294 0.876720 0.985166 0.846920 0.926790 0.837116 0.845680 0.586223 0.749131 0.640192 0.741148 0.916593 0.821819 0.999115 0.985408 0.952460 0.886058 0.794309 0.785080 0.681681 0.757063 0.899021 0.818027 0.798735 0.735030 0.784428 0.626201 0.738231 0.715951 0.968860 0.859049 0.908157 0.994231 0.901253 0.987274 0.794630 0.716334 0.985291 0.978585 0.669799 0.763951 0.736252 0.835346 0.946773 0.940310 0.997072 0.875233 0.935618 0.919365 0.810850 0.766414 0.848634 0.779410 0.868066 0.991037 0.951384 0.948225 0.735061 0.808898 0.662284 0.697873 0.842170 0.780712 0.812810 0.659858 0.978429 0.993290 0.985404 0.990893 0.964799 0.918773 0.993607 0.852727 0.915941 0.715098 0.929754 0.918930 0.917372 0.980524 0.687581 0.755835 0.928791 0.951147 0.996056 0.912970 0.846823 0.976900 0.999372 0.917011 0.773973 0.871887
0.918358 0.922589 0.865739 0.984267 0.764431 0.948361 0.782231 0.818309 0.797689 0.829618 0.899588 0.928261 0.404383 0.534770 0.000000 0.437596 0.927950 0.922177 0.672790 0.828763 0.997516 0.922681 0.392518 0.514356 0.723648 0.903824 0.702191 0.892913 0.819344 0.913304 0.754695 0.828433 0.567981 0.754557 0.630301 0.808258 0.997961 0.907152 0.879750 0.995241 0.973021 0.997121 0.735749 0.771320 0.538067 0.710173 0.814844 0.861033 0.767161 0.766197 0.721034 0.619323 0.660454 0.708215 0.861867 0.734514 0.932115 0.987286 0.961303 0.827423 0.761415 0.987414 0.948066 0.928243 0.495050 0.831690 0.602746 0.982314 0.882767 0.977657 0.924727 0.785580 0.856812 0.874706 0.841768 0.970300 0.931582 0.767851 0.876193 0.948638 0.940768 0.871135 0.587284 0.780774 0.443702 0.498489 0.687716 0.663195 0.734787 0.720571 0.955364 0.987899 0.929454 0.974420 0.901592 0.901040 0.846534 0.777255 0.889940 0.704099 0.947285 0.831064 0.812826 0.972398 0.764591 0.849526 0.851240 0.899412 0.971135 0.948639 0.941094 0.897795 0.864102 0.996756 0.699998 0.929630
0.888682 0.893115 0.657962 0.772779 0.729254 0.765957 0.570778 0.869347 0.521939 0.850566 0.935621 0.897107 0.352613 0.529734 0.437596 0.000000 0.757316 0.805263 0.645984 0.755865 0.991283 0.957254 0.383521 0.448219 0.583943 0.737177 0.860116 0.992377 0.950733 0.905017 0.610609 0.662858 0.599995 0.822137 0.701889 0.791392 0.999133 0.825198 0.910737 0.943580 0.931675 0.953122 0.640084 0.753270 0.623711 0.839036 0.909255 0.975586 0.886294 0.862979 0.766737 0.695905 0.628524 0.606257 0.973596 0.705509 0.836026 0.709344 0.769424 0.629309 0.875568 0.876703 0.760026 0.795013 0.435896 0.666098 0.602347 0.984765 0.739907 0.809073 0.736703 0.888514 0.908559 0.999865 0.816643 0.835744 0.700739 0.703427 0.936456 0.864670 0.761117 0.897938 0.802889 0.983056 0.607057 0.652799 0.846692 0.826849 0.852485 0.785444 0.648143 0.665848 0.658297 0.675331 0.988992 0.799473 0.991265 0.851244 0.712375 0.535448 0.844644 0.619052 0.945394 0.865117 0.708705 0.848803 0.962880 0.967463 0.903925 0.957844 0.930566 0.823702 0.738080 0.991883 0.727827 0.735321
0.471704 0.512868 0.494646 0.502471 0.983255 0.886390 0.687281 0.696140 0.683936 0.888373 0.486315 0.572155 0.957935 0.917382 0.927950 0.757316 0.000000 0.341046 0.875344 0.862728 0.898276 0.970228 0.647920 0.666433 0.467445 0.465575 0.822916 0.937106 0.510950 0.398903 0.701579 0.831559 0.964633 0.718751 0.892389 0.897538 0.878842 0.935732 0.797357 0.893052 0.690752 0.803803 0.616407 0.888681 0.885202 0.947893 0.871673 0.977386 0.940760 0.973764 0.948581 0.945548 0.790496 0.622991 0.831699 0.911291 0.534676 0.407378 0.492532 0.532824 0.533780 0.830340 0.329174 0.339304 0.518737 0.702834 0.737038 0.913887 0.617930 0.651079 0.632880 0.765618 0.925004 0.941311 0.916612 0.873684 0.716478 0.699210 0.689842 0.696743 0.388543 0.423935 0.806598 0.596029 0.997151 0.875423 0.955431 0.752894 0.986959 0.995552 0.577774 0.495793 0.490629 0.442129 0.855914 0.711296 0.974375 0.907683 0.766755 0.676403 0.831829 0.740778 0.950252 0.767040 0.808267 0.989344 0.821491 0.840439 0.912414 0.892662 0.931708 0.948538 0.811550 0.973952 0.962766 0.813367
0.414928 0.467183 0.486011 0.523445 0.981119 0.799318 0.665281 0.613405 0.562246 0.682408 0.408360 0.602188 0.991282 0.999678 0.922177 0.805263 0.341046 0.000000 0.904750 0.864825 0.861974 0.999544 0.772129 0.800894 0.568560 0.484865 0.945207 0.862838 0.483167 0.404314 0.784155 0.810459 0.869762 0.716725 0.914937 0.937847 0.944485 0.961484 0.828538 0.955821 0.649508 0.747988 0.658360 0.943375 0.990412 0.850414 0.757158 0.836551 0.850296 0.903428 0.876738 0.950487 0.915440 0.646122 0.696552 0.892890 0.408770 0.337878 0.474820 0.502570 0.505137 0.912542 0.265938 0.265709 0.624124 0.674599 0.850422 0.863221 0.570493 0.642178 0.477819 0.571934 0.956887 0.963345 0.914618 0.855738 0.633001 0.735485 0.654297 0.677600 0.324922 0.311960 0.643139 0.433376 0.828161 0.914384 0.878071 0.670481 0.950422 0.868420 0.465148 0.412076 0.433079 0.424392 0.859639 0.772607 0.934330 0.818318 0.674167 0.641914 0.785581 0.747802 0.930044 0.814198 0.874050 0.957384 0.722531 0.801487 0.825640 0.905977 0.827034 0.968704 0.748161 0.933791 0.932905 0.800721
0.896525 0.942628 0.898788 0.915866 0.822296 0.964582 0.709573 0.825768 0.687213 0.732923 0.778824 0.864403 0.533791 0.728031 0.672790 0.645984 0.875344 0.904750 0.000000 0.614734 0.884069 0.827517 0.701325 0.722470 0.987638 0.938870 0.976895 0.922262 0.797225 0.718267 0.868534 0.816667 0.853419 0.590424 0.939701 0.821378 0.834923 0.996305 0.910638 0.892568 0.977245 0.857759 0.974609 0.965643 0.915058 0.963785 0.929318 0.964534 0.994661 0.924362 0.982344 0.880652 0.863646 0.957559 0.911881 0.907756 0.992199 0.944480 0.929477 0.934674 0.763573 0.896615 0.901176 0.932520 0.828204 0.939025 0.826284 0.909043 0.956253 0.837613 0.845177 0.973309 0.982025 0.976370 0.805929 0.951307 0.899726 0.869092 0.971725 0.978891 0.945661 0.921336 0.894940 0.986764 0.800669 0.893539 0.993090 0.757360 0.795678 0.871733 0.821388 0.841590 0.825038 0.874748 0.940233 0.999669 0.978604 0.929828 0.922074 0.831009 0.965042 0.783493 0.885924 0.915980 0.980402 0.884139 0.964078 0.900262 0.902701 0.903672 0.963315 0.880806 0.885252 0.987920 0.857970 0.940073
0.733513 0.846203 0.921860 0.948206 0.930808 0.913383 0.902656 0.871804 0.901381 0.934461 0.755299 0.755327 0.646977 0.709796 0.828763 0.755865 0.862728 0.864825 0.614734 0.000000 0.871217 0.932262 0.854662 0.786524 0.963877 0.930684 0.957286 0.917982 0.849874 0.754339 0.962480 0.855182 0.808386 0.771588 0.978607 0.908530 0.912816 0.785563 0.867175 0.955020 0.852866 0.825155 0.959385 0.809497 0.914635 0.856459 0.964909 0.958160 0.894611 0.812234 0.875939 0.848330 0.908514 0.947771 0.977513 0.725749 0.810079 0.952627 0.955837 0.932169 0.851489 0.861909 0.921835 0.912532 0.954467 0.973710 0.960668 0.860396 0.917105 0.937945 0.986128 0.974698 0.929288 0.988721 0.995724 0.989792 0.994031 0.947202 0.836716 0.965484 0.863539 0.857986 0.931062 0.859609 0.923642 0.964578 0.984704 0.768925 0.938606 0.786365 0.976834 0.969084 0.963894 0.953032 0.986065 0.863977 0.851014 0.939443 0.923618 0.919222 0.985918 0.876011 0.998312 0.894006 0.942104 0.798077 0.921275 0.985000 0.977127 0.959678 0.863323 0.976557 0.981635 0.916890 0.896087 0.907665
0.989090 0.990244 0.990375 0.945382 0.840951 0.891533 0.919584 0.905864 0.999061 0.869649 0.938612 0.811275 0.998105 0.927576 0.997516 0.991283 0.898276 0.861974 0.884069 0.871217 0.000000 0.902245 0.951049 0.984957 0.952929 0.901863 0.992452 0.873695 0.877612 0.822485 0.874734 0.923954 0.985915 0.951949 0.971246 0.973980 0.839636 0.798208 0.876170 0.854130 0.936394 0.936550 0.805540 0.911408 0.863649 0.890058 0.987140 0.950384 0.901003 0.968137 0.929571 0.968830 0.930538 0.959919 0.878938 0.931632 0.974912 0.980880 0.924096 0.897275 0.803916 0.822518 0.855993 0.854388 0.972583 0.893917 0.978134 0.968111 0.955984 0.866797 0.909466 0.963920 0.826015 0.975683 0.945928 0.874316 0.964674 0.984842 0.950644 0.929325 0.941505 0.865051 0.918795 0.947513 0.954569 0.976242 0.966167 0.899145 0.963953 0.974868 0.975239 0.957483 0.927370 0.981791 0.908137 0.917965 0.944931 0.983440 0.980098 0.956592 0.965593 0.903627 0.985464 0.777759 0.934624 0.846064 0.960691 0.950848 0.956055 0.876834 0.967248 0.966956 0.900621 0.920978 0.968431 0.837146
0.961576 0.967975 0.904220 0.984402 0.990859 0.913363 0.918325 0.977052 0.937565 0.936160 0.997833 0.997154 0.946300 0.790015 0.922681 0.957254 0.970228 0.999544 0.827517 0.932262 0.902245 0.000000 0.963913 0.900858 0.985521 0.947880 0.997743 0.910243 0.904629 0.936301 0.923837 0.970522 0.952605 0.982251 0.913737 0.931459 0.780456 0.981105 0.989110 0.922090 0.948248 0.926937 0.846006 0.860319 0.851420 0.897128 0.838483 0.937572 0.922350 0.961882 0.861291 0.927269 0.795670 0.905736 0.820401 0.877979 0.961328 0.986321 0.962359 0.979938 0.959944 0.908021 0.946663 0.959385 0.999378 0.949386 0.977849 0.852438 0.941671 0.921323 0.930250 0.929303 0.975344 0.944280 0.880216 0.892796 0.990195 0.956570 0.862089 0.929972 0.963264 0.889123 0.944114 0.990806 0.976744 0.946814 0.953302 0.990116 0.985701 0.995085 0.952443 0.987139 0.950034 0.975904 0.886106 0.912378 0.885807 0.924018 0.847174 0.927636 0.949121 0.880693 0.908698 0.901544 0.932945 0.773181 0.936161 0.986851 0.930955 0.937873 0.978380 0.947308 0.984377 0.995124 0.964770 0.892227
0.821623 0.849520 0.598390 0.669659 0.735931 0.887821 0.542880 0.901103 0.595075 0.992271 0.840817 0.888814 0.456289 0.560162 0.392518 0.383521 0.647920 0.772129 0.701325 0.854662 0.951049 0.963913 0.000000 0.330923 0.475480 0.694047 0.635481 0.878408 0.852415 0.808423 0.635293 0.757439 0.646235 0.914232 0.597818 0.712625 0.925551 0.843661 0.848490 0.994122 0.887172 0.873757 0.622314 0.728485 0.583837 0.815563 0.946750 0.896710 0.874074 0.801130 0.806138 0.621692 0.575762 0.564159 0.973517 0.741283 0.847600 0.728284 0.749970 0.648005 0.979855 0.923060 0.760336 0.760560 0.297299 0.664584 0.503793 0.996115 0.734730 0.825720 0.878056 0.943005 0.860534 0.837350 0.825433 0.890413 0.726431 0.607279 0.966101 0.905302 0.764626 0.879409 0.685900 0.982870 0.436186 0.433343 0.769771 0.745691 0.747224 0.677541 0.690812 0.677439 0.665317 0.661507 0.986421 0.716863 0.892504 0.878720 0.811053 0.559236 0.923300 0.634302 0.781401 0.787262 0.665773 0.840662 0.987558 0.970313 0.873462 0.951390 0.956979 0.923898 0.740277 0.947564 0.748688 0.823264
0.846876 0.834666 0.562962 0.611366 0.761099 0.940588 0.551762 0.825528 0.631565 0.983799 0.953188 0.950100 0.518064 0.535227 0.514356 0.448219 0.666433 0.800894 0.722470 0.786524 0.984957 0.900858 0.330923 0.000000 0.484759 0.733076 0.637731 0.939252 0.887222 0.861197 0.667248 0.771699 0.743211 0.914789 0.733430 0.776278 0.996297 0.754566 0.846649 0.978131 0.885690 0.925745 0.740133 0.799370 0.708748 0.917196 0.954582 0.893839 0.959833 0.851516 0.866716 0.727983 0.643197 0.642182 0.950838 0.774054 0.881733 0.747471 0.749003 0.696211 0.965108 0.966234 0.778020 0.782335 0.382676 0.689607 0.516808 0.942683 0.794516 0.864943 0.880545 0.960157 0.822702 0.815331 0.832112 0.921858 0.809775 0.675696 0.990265 0.916638 0.788642 0.939702 0.734863 0.965105 0.513584 0.454296 0.819135 0.693735 0.667518 0.641186 0.762350 0.766676 0.773264 0.710225 0.990231 0.741831 0.919379 0.966004 0.908975 0.653189 0.963130 0.720530 0.698032 0.777423 0.747265 0.766412 0.979563 0.988702 0.904749 0.992929 0.875663 0.993586 0.863973 0.925601 0.792334 0.848031
0.667960 0.748870 0.388298 0.433363 0.977979 0.789469 0.463866 0.619658 0.710447 0.978413 0.647406 0.755099 0.673671 0.776944 0.723648 0.583943 0.467445 0.568560 0.987638 0.963877 0.952929 0.985521 0.475480 0.484759 0.000000 0.447413 0.801290 0.862284 0.630194 0.529479 0.581911 0.755812 0.735871 0.942257 0.797599 0.857472 0.836833 0.832468 0.725103 0.755945 0.783523 0.846433 0.608529 0.778872 0.819653 0.997093 0.998757 0.984304 0.928088 0.984708 0.962242 0.840761 0.731935 0.738463 0.988226 0.871887 0.737462 0.559699 0.573436 0.539808 0.738600 0.881308 0.501682 0.527100 0.342761 0.564116 0.500567 0.886645 0.740405 0.749710 0.744792 0.807822 0.861157 0.863392 0.976168 0.944787 0.682914 0.590066 0.803789 0.906689 0.603448 0.688678 0.994376 0.869576 0.702454 0.572906 0.808701 0.976837 0.814334 0.803963 0.608353 0.574383 0.526611 0.521467 0.950219 0.739186 0.955658 0.928237 0.808113 0.624952 0.858004 0.704145 0.816199 0.660881 0.629455 0.894016 0.826295 0.931924 0.954867 0.977897 0.983269 0.923258 0.873951 0.999892 0.906647 0.824086
0.658911 0.702290 0.494207 0.491707 0.860015 0.754269 0.689577 0.666067 0.664080 0.911271 0.589606 0.724842 0.889055 0.976294 0.903824 0.737177 0.465575 0.484865 0.938870 0.930684 0.901863 0.947880 0.694047 0.733076 0.447413 0.000000 0.889927 0.856219 0.642090 0.508033 0.672757 0.752422 0.926815 0.831870 0.769678 0.925668 0.751723 0.884769 0.708386 0.702411 0.677666 0.814888 0.607035 0.799661 0.846690 0.983329 0.962347 0.932364 0.991041 0.946842 0.942883 0.863866 0.783488 0.668185 0.981635 0.932252 0.650551 0.549159 0.606484 0.581012 0.636936 0.878107 0.444488 0.475726 0.528571 0.674315 0.598661 0.904555 0.793759 0.764870 0.696092 0.758212 0.960387 0.944785 0.939688 0.966448 0.579510 0.633349 0.798235 0.777014 0.591518 0.597517 0.891865 0.762050 0.940566 0.800173 0.989356 0.866501 0.983884 0.873403 0.656530 0.572106 0.583088 0.536656 0.851412 0.792827 0.882290 0.787970 0.766559 0.665417 0.872810 0.748265 0.952029 0.856704 0.733556 0.928274 0.807778 0.801446 0.992787 0.991974 0.993411 0.950468 0.817914 0.879064 0.929720 0.772142
0.966175 0.902643 0.926656 0.872668 0.888294 0.825133 0.986354 0.865453 0.849759 0.898255 0.970702 0.799176 0.945100 0.876720 0.702191 0.860116 0.822916 0.945207 0.976895 0.957286 0.992452 0.997743 0.635481 0.637731 0.801290 0.889927 0.000000 0.948599 0.951941 0.947733 0.841814 0.974304 0.988916 0.952057 0.903952 0.745393 0.936908 0.839074 0.919507 0.930883 0.972917 0.885849 0.923933 0.913745 0.767489 0.855772 0.951010 0.908760 0.890454 0.868659 0.945650 0.833336 0.708143 0.731327 0.905642 0.900796 0.938330 0.900066 0.885645 0.846274 0.855495 0.798437 0.937914 0.893528 0.685395 0.978613 0.877620 0.827080 0.938010 0.996519 0.885827 0.749867 0.821228 0.695035 0.845098 0.927606 0.967603 0.852332 0.898895 0.929023 0.959498 0.989626 0.751353 0.906433 0.713099 0.681306 0.846644 0.843058 0.875161 0.756761 0.978404 0.971328 0.972875 0.972500 0.999660 0.790601 0.813437 0.967250 0.906362 0.880450 0.783684 0.909581 0.767077 0.897124 0.951403 0.860605 0.849679 0.991614 0.946799 0.982027 0.943104 0.990058 0.973587 0.963378 0.819791 0.885565
0.833509 0.755698 0.943953 0.998176 0.960952 0.918475 0.917959 0.890988 0.831746 0.672358 0.986664 0.934204 0.979775 0.985166 0.892913 0.992377 0.937106 0.862838 0.922262 0.917982 0.873695 0.910243 0.878408 0.939252 0.862284 0.856219 0.948599 0.000000 0.954286 0.935303 0.956562 0.914098 0.800698 0.982802 0.890798 0.881036 0.964331 0.990685 0.924873 0.793131 0.964834 0.832575 0.842054 0.814729 0.807732 0.849137 0.910206 0.803552 0.802021 0.827965 0.832140 0.741917 0.832571 0.995243 0.803993 0.926390 0.811363 0.776297 0.843043 0.938581 0.928584 0.819230 0.924704 0.860237 0.839664 0.978357 0.819576 0.850682 0.918624 0.907577 0.782386 0.787170 0.896025 0.888873 0.860978 0.848397 0.907988 0.927537 0.862753 0.921692 0.835022 0.861910 0.805139 0.776433 0.689911 0.704575 0.860962 0.845311 0.944223 0.803530 0.861541 0.880540 0.931782 0.983005 0.904396 0.948412 0.911920 0.969145 0.949082 0.985830 0.941104 0.996803 0.880227 0.974677 0.844377 0.928835 0.928291 0.957083 0.897811 0.940590 0.842390 0.953476 0.929226 0.984219 0.976194 0.956116
0.569877 0.596266 0.642012 0.536324 0.950485 0.860910 0.762183 0.661962 0.769661 0.857878 0.498093 0.549687 0.903522 0.846920 0.819344 0.950733 0.510950 0.483167 0.797225 0.849874 0.877612 0.904629 0.852415 0.887222 0.630194 0.642090 0.951941 0.954286 0.000000 0.442372 0.854815 0.927668 0.804758 0.631704 0.967046 0.972149 0.750709 0.906295 0.873012 0.824319 0.826673 0.713596 0.711356 0.885018 0.965482 0.863274 0.949777 0.932891 0.846105 0.891849 0.930976 0.985273 0.944802 0.786556 0.779306 0.977681 0.673028 0.602973 0.684317 0.668494 0.584848 0.870795 0.468406 0.475300 0.702902 0.714252 0.890460 0.985697 0.805026 0.850401 0.615403 0.723357 0.926391 0.976157 0.890121 0.903348 0.703718 0.815162 0.753462 0.830494 0.529213 0.582631 0.719271 0.611042 0.944488 0.956379 0.990140 0.802576 0.978139 0.867835 0.616480 0.536362 0.637203 0.617933 0.905738 0.758560 0.933848 0.679727 0.832877 0.745802 0.850695 0.772445 0.971501 0.851583 0.808049 0.935474 0.757004 0.957566 0.837310 0.976462 0.820081 0.997959 0.810874 0.973606 0.971304 0.743739
0.604146 0.649316 0.626748 0.623700 0.996423 0.800810 0.785224 0.749011 0.801862 0.969838 0.440580 0.660924 0.924234 0.926790 0.913304 0.905017 0.398903 0.404314 0.718267 0.754339 0.822485 0.936301 0.808423 0.861197 0.529479 0.508033 0.947733 0.935303 0.442372 0.000000 0.880238 0.993335 0.934952 0.671526 0.916867 0.984968 0.789592 0.921644 0.806424 0.791441 0.771999 0.736599 0.643843 0.928122 0.992228 0.890641 0.937696 0.984279 0.941915 0.925264 0.965203 0.965680 0.892109 0.766494 0.862436 0.960908 0.644250 0.572198 0.673067 0.639679 0.569074 0.922980 0.409070 0.447834 0.604874 0.653266 0.832433 0.948887 0.733632 0.763908 0.705407 0.729173 0.900860 0.979576 0.903523 0.940806 0.741742 0.835046 0.689740 0.754984 0.504586 0.531094 0.783728 0.643293 0.959163 0.894271 0.930868 0.729608 0.942139 0.963422 0.651284 0.545543 0.583813 0.559729 0.909584 0.861502 0.989095 0.834737 0.798689 0.746495 0.787943 0.864455 0.964438 0.780695 0.769769 0.978197 0.727508 0.910448 0.910849 0.868616 0.953566 0.987277 0.824235 0.939754 0.938341 0.792811
0.835885 0.803420 0.605708 0.655100 0.926027 0.960541 0.669369 0.841895 0.595450 0.922131 0.921800 0.847659 0.722447 0.837116 0.754695 0.610609 0.701579 0.784155 0.868534 0.962480 0.874734 0.923837 0.635293 0.667248 0.581911 0.672757 0.841814 0.956562 0.854815 0.880238 0.000000 0.687434 0.707787 0.811835 0.858945 0.734643 0.734493 0.722776 0.772181 0.793398 0.923748 0.938556 0.625371 0.701881 0.652241 0.767982 0.991275 0.927430 0.870919 0.808857 0.744901 0.741054 0.656857 0.649195 0.984637 0.806973 0.843843 0.693646 0.673745 0.663339 0.814342 0.882052 0.721556 0.717819 0.612685 0.912826 0.582470 0.936649 0.840336 0.905671 0.757026 0.954132 0.856491 0.898743 0.861724 0.911576 0.646351 0.761860 0.922715 0.976701 0.825816 0.843084 0.910334 0.913465 0.836503 0.766937 0.933948 0.956411 0.780371 0.784966 0.794744 0.739684 0.743352 0.658287 0.971656 0.758448 0.979486 0.929078 0.783176 0.730840 0.911659 0.666209 0.973974 0.891687 0.801040 0.924570 0.934073 0.954895 0.914957 0.932607 0.925955 0.887901 0.894429 0.938524 0.798974 0.775477
0.903055 0.912487 0.691857 0.683053 0.915501 0.982580 0.591656 0.658691 0.733763 0.835425 0.931165 0.964796 0.753987 0.845680 0.828433 0.662858 0.831559 0.810459 0.816667 0.855182 0.923954 0.970522 0.757439 0.771699 0.755812 0.752422 0.974304 0.914098 0.927668 0.993335 0.687434 0.000000 0.754681 0.871093 0.933123 0.863022 0.995778 0.902714 0.882830 0.938352 0.967276 0.991991 0.715508 0.739569 0.848356 0.870023 0.919320 0.954391 0.949765 0.805254 0.859618 0.823752 0.787211 0.814844 0.937624 0.899127 0.919761 0.770497 0.820540 0.857063 0.943275 0.952728 0.830314 0.800963 0.751393 0.904584 0.825125 0.982531 0.781819 0.965606 0.915450 0.868108 0.964709 0.998863 0.999368 0.883728 0.760665 0.814208 0.914158 0.948657 0.874817 0.864334 0.968286 0.870396 0.965995 0.893306 0.859444 0.971274 0.919767 0.977469 0.812513 0.783760 0.769961 0.813015 0.872752 0.951846 0.953193 0.974541 0.897755 0.731684 0.985864 0.795678 0.911304 0.946845 0.779233 0.823726 0.926395 0.910202 0.929734 0.965494 0.867368 0.943007 0.873294 0.998637 0.732357 0.907033
0.834905 0.803464 0.817626 0.997294 0.905513 0.865709 0.755108 0.992212 0.970788 0.864301 0.776355 0.720223 0.524968 0.586223 0.567981 0.599995 0.964633 0.869762 0.853419 0.808386 0.985915 0.952605 0.646235 0.743211 0.735871 0.926815 0.988916 0.800698 0.804758 0.934952 0.707787 0.754681 0.000000 0.682257 0.714283 0.845137 0.974708 0.749525 0.942054 0.794522 0.874646 0.892111 0.764389 0.769341 0.712990 0.786807 0.778305 0.876304 0.884051 0.863364 0.738790 0.706182 0.786233 0.935967 0.931540 0.725442 0.822874 0.916824 0.919604 0.986597 0.675354 0.730967 0.914537 0.859151 0.654141 0.731254 0.691300 0.752972 0.946431 0.977242 0.902141 0.895378 0.938379 0.976076 0.988837 0.870804 0.984865 0.846224 0.859113 0.894631 0.879798 0.838138 0.757764 0.746432 0.608696 0.681841 0.831873 0.842766 0.894075 0.717634 0.997670 0.939148 0.950565 0.952516 0.983090 0.888774 0.839375 0.897124 0.856288 0.747968 0.710379 0.903802 0.954482 0.878920 0.621195 0.783869 0.956384 0.848320 0.969203 0.912011 0.936683 0.963433 0.995686 0.960417 0.733661 0.988495
0.689405 0.767394 0.990780 0.875089 0.996684 0.998494 0.895656 0.999658 0.909370 0.940992 0.664606 0.693295 0.659489 0.749131 0.754557 0.822137 0.718751 0.716725 0.590424 0.771588 0.951949 0.982251 0.914232 0.914789 0.942257 0.831870 0.952057 0.982802 0.631704 0.671526 0.811835 0.871093 0.682257 0.000000 0.871226 0.864629 0.949682 0.866027 0.988389 0.939852 0.936297 0.813818 0.985532 0.913924 0.830259 0.836159 0.823971 0.896837 0.913848 0.927828 0.851570 0.877451 0.832207 0.954189 0.854207 0.996151 0.789535 0.843796 0.876800 0.839534 0.580333 0.701981 0.742547 0.723389 0.995664 0.995058 0.879491 0.853605 0.882093 0.989808 0.955907 0.970148 0.968889 0.968967 0.784777 0.965897 0.966571 0.956459 0.821049 0.716464 0.725063 0.734433 0.890444 0.832322 0.866218 0.940625 0.922112 0.878065 0.822632 0.913460 0.940302 0.873196 0.911676 0.831861 0.985787 0.955283 0.946401 0.830354 0.897450 0.992364 0.928695 0.870557 0.914928 0.962878 0.965864 0.866214 0.964467 0.996177 0.952748 0.968597 0.954649 0.900381 0.949409 0.822421 0.886192 0.901813
0.979852 0.958163 0.835616 0.988443 0.859902 0.841659 0.921257 0.846118 0.813894 0.898026 0.886998 0.892448 0.720035 0.640192 0.630301 0.701889 0.892389 0.914937 0.939701 0.978607 0.971246 0.913737 0.597818 0.733430 0.797599 0.769678 0.903952 0.890798 0.967046 0.916867 0.858945 0.933123 0.714283 0.871226 0.000000 0.793914 0.823700 0.911191 0.704436 0.934732 0.903606 0.914583 0.701813 0.795595 0.605106 0.727345 0.778661 0.865018 0.734794 0.738841 0.713659 0.626111 0.729085 0.682520 0.911971 0.775874 0.991573 0.987347 0.953980 0.968476 0.874452 0.909550 0.970004 0.980544 0.655499 0.771891 0.652869 0.790593 0.953037 0.981992 0.949461 0.919516 0.987059 0.929228 0.818494 0.782415 0.829915 0.649397 0.986244 0.914592 0.970712 0.928488 0.794710 0.980768 0.629235 0.678593 0.881174 0.917708 0.885928 0.779764 0.938970 0.989186 0.947312 0.984448 0.825459 0.849576 0.934518 0.990651 0.799089 0.692636 0.990796 0.888254 0.953149 0.991658 0.788574 0.945304 0.962615 0.998882 0.914734 0.880042 0.977275 0.824203 0.884189 0.965465 0.778434 0.871074
0.996829 0.974016 0.839268 0.866274 0.930294 0.958417 0.921994 0.987940 0.833671 0.941312 0.912461 0.976052 0.823013 0.741148 0.808258 0.791392 0.897538 0.937847 0.821378 0.908530 0.973980 0.931459 0.712625 0.776278 0.857472 0.925668 0.745393 0.881036 0.972149 0.984968 0.734643 0.863022 0.845137 0.864629 0.793914 0.000000 0.864051 0.983101 0.821649 0.953916 0.984617 0.901891 0.850576 0.905338 0.784744 0.907010 0.954917 0.913668 0.921875 0.886285 0.956590 0.817263 0.760435 0.864924 0.939743 0.982701 0.980006 0.941525 0.991439 0.916185 0.994378 0.988469 0.944467 0.933250 0.767468 0.880925 0.881768 0.832735 0.835725 0.924239 0.952969 0.797811 0.912932 0.973064 0.852352 0.903005 0.918797 0.980367 0.968633 0.997802 0.911712 0.958117 0.783690 0.946796 0.782847 0.782765 0.903748 0.953712 0.921596 0.858610 0.930507 0.894417 0.916289 0.887346 0.921639 0.734026 0.964657 0.985317 0.925876 0.875715 0.914160 0.716607 0.935023 0.889971 0.861978 0.832301 0.945244 0.960075 0.969843 0.993397 0.914743 0.909294 0.970425 0.951944 0.670185 0.975784
0.978336 0.999525 0.836715 0.815044 0.874359 0.937901 0.994102 0.993098 0.946379 0.859749 0.881665 0.934170 0.971773 0.916593 0.997961 0.999133 0.878842 0.944485 0.834923 0.912816 0.839636 0.780456 0.925551 0.996297 0.836833 0.751723 0.936908 0.964331 0.750709 0.789592 0.734493 0.995778 0.974708 0.949682 0.823700 0.864051 0.000000 0.871523 0.767293 0.720073 0.947760 0.934902 0.685411 0.676272 0.762932 0.756148 0.803241 0.798361 0.769485 0.820280 0.759855 0.809779 0.828051 0.839412 0.793200 0.808670 0.917482 0.979415 0.951821 0.919728 0.822060 0.897065 0.901619 0.911213 0.899456 0.991793 0.827427 0.826134 0.917665 0.865742 0.979134 0.945385 0.984848 0.992156 0.987176 0.922694 0.824695 0.898097 0.956515 0.834424 0.978489 0.960406 0.944514 0.979237 0.916187 0.891512 0.934295 0.956632 0.937697 0.822444 0.959149 0.990714 0.984242 0.971487 0.809851 0.899260 0.915279 0.878464 0.911969 0.923738 0.947139 0.988527 0.956571 0.990487 0.940637 0.996539 0.927898 0.960753 0.938384 0.955589 0.953247 0.944479 0.988141 0.961232 0.862742 0.829015
0.850897 0.973283 0.833866 0.908733 0.852462 0.917536 0.941273 0.994092 0.902982 0.971047 0.906631 0.961085 0.876740 0.821819 0.907152 0.825198 0.935732 0.961484 0.996305 0.785563 0.798208 0.981105 0.843661 0.754566 0.832468 0.884769 0.839074 0.990685 0.906295 0.921644 0.722776 0.902714 0.749525 0.866027 0.911191 0.983101 0.871523 0.000000 0.974203 0.708800 0.917581 0.912407 0.797365 0.755643 0.781269 0.754323 0.916654 0.886870 0.803267 0.831884 0.741918 0.760778 0.736085 0.795727 0.931075 0.770834 0.888305 0.967320 0.934442 0.960689 0.960560 0.984397 0.958335 0.953643 0.827642 0.961868 0.856823 0.959164 0.899239 0.774523 0.966354 0.998827 0.898784 0.993886 0.926869 0.816008 0.926169 0.867403 0.998651 0.919140 0.931997 0.909689 0.810760 0.814292 0.843823 0.801980 0.959907 0.897741 0.716272 0.717462 0.918741 0.972872 0.951645 0.983207 0.962843 0.836953 0.961550 0.846986 0.972852 0.982399 0.811215 0.924143 0.962199 0.930155 0.889109 0.910634 0.961600 0.994883 0.887652 0.872457 0.902513 0.957595 0.991438 0.935881 0.976586 0.884892
