0.000000 0.305501 0.957666 0.826808 0.875378 0.894241 0.940285 0.928901 0.875644 0.835889 0.362644 0.363771 0.623979 0.712854 0.919440 0.898258 0.331446 0.313425 0.546638 0.402849 0.884916 0.895254 0.948117 0.851726 0.775347 0.698523 0.886849 0.930493 0.533400 0.402009 0.738875 0.962772 0.579358 0.545692 0.937344 0.808812 0.991107 0.997431 0.922382 0.995449 0.862916 0.818691 0.732264 0.829907 0.933805 0.971786 0.834789 0.817765 0.720321 0.735257 0.799512 0.772626 0.880773 0.642646 0.679014 0.669894 0.307022 0.310658 0.490427 0.500484 0.426658 0.418037 0.337177 0.310443 0.950901 0.911933 0.919850 0.979201 0.473215 0.470207 0.870352 0.740359 0.854349 0.948647 0.865014 0.971881 0.813945 0.873146 0.592332 0.601735 0.266144 0.296530 0.520456 0.365010 0.547545 0.764762 0.697471 0.607202 0.598103 0.631761 0.648983 0.522524 0.596823 0.526272 0.735438 0.919056 0.636678 0.945134 0.958861 0.823759 0.857321 0.905679 0.813312 0.829756 0.940397 0.914204 0.769876 0.742453 0.945428 0.832864 0.946660 0.977016 0.784524 0.900231 0.986269 0.743452
0.305501 0.000000 0.963296 0.896929 0.951117 0.945706 0.953937 0.934854 0.752283 0.695961 0.463491 0.353596 0.722051 0.778512 0.996096 0.882827 0.342339 0.328463 0.678488 0.436726 0.881958 0.892496 0.870412 0.860209 0.876211 0.802901 0.924427 0.987215 0.641122 0.516523 0.669115 0.847438 0.645260 0.639904 0.992438 0.793852 0.914140 0.967335 0.944539 0.900414 0.804217 0.818048 0.750203 0.834855 0.779912 0.926462 0.775148 0.880709 0.896946 0.869697 0.864150 0.850046 0.743416 0.537353 0.639440 0.694880 0.317385 0.293076 0.564048 0.551483 0.540439 0.476672 0.409183 0.378877 0.994906 0.816742 0.931068 0.933024 0.425242 0.461554 0.860020 0.701814 0.871866 0.960124 0.912571 0.958078 0.841775 0.932899 0.649289 0.547782 0.318514 0.297269 0.559032 0.339433 0.568914 0.699005 0.688141 0.653824 0.606701 0.625985 0.571705 0.491495 0.618197 0.527961 0.794729 0.873474 0.687199 0.985190 0.875096 0.706811 0.805756 0.785171 0.960269 0.948939 0.952665 0.901977 0.746315 0.705690 0.917305 0.832068 0.882958 0.940019 0.756564 0.928482 0.949822 0.836420
0.957666 0.963296 0.000000 0.398243 0.961947 0.629622 0.468403 0.429600 0.771498 0.998064 0.963556 0.918320 0.757694 0.662140 0.816365 0.616374 0.862448 0.855248 0.805050 0.954737 0.922074 0.973796 0.764299 0.495126 0.559309 0.639283 0.838848 0.912185 0.949259 0.904489 0.785864 0.869653 0.863053 0.758790 0.890750 0.999138 0.767706 0.795477 0.683968 0.851922 0.939905 0.933319 0.515846 0.748631 0.992128 0.914043 0.676811 0.664013 0.819450 0.883568 0.961310 0.850097 0.891940 0.884521 0.852118 0.920743 0.851669 0.868589 0.973557 0.956426 0.815148 0.751559 0.816369 0.770703 0.429843 0.455302 0.567940 0.685507 0.911197 0.944442 0.805086 0.866637 0.828216 0.809588 0.779052 0.814578 0.715044 0.795040 0.994995 0.927889 0.856566 0.957538 0.816407 0.977643 0.747104 0.420168 0.852677 0.828666 0.761620 0.912611 0.514387 0.559797 0.541846 0.533339 0.945317 0.647103 0.852810 0.957287 0.822737 0.683711 0.658969 0.749810 0.860541 0.927210 0.679746 0.716214 0.821671 0.774582 0.923397 0.819823 0.800990 0.779293 0.723031 0.867366 0.774822 0.997444
0.826808 0.896929 0.398243 0.000000 0.842519 0.670829 0.620976 0.343861 0.886493 0.941218 0.879518 0.933856 0.990339 0.869600 0.900162 0.774670 0.743420 0.746518 0.997359 0.930659 0.815641 0.989908 0.931386 0.614898 0.515340 0.470485 0.878364 0.848529 0.682631 0.716808 0.831249 0.874712 0.900840 0.877115 0.998261 0.944252 0.755120 0.728204 0.584502 0.682470 0.918996 0.971472 0.411497 0.622889 0.880047 0.898233 0.633250 0.619506 0.722356 0.844129 0.904726 0.855210 0.843887 0.887778 0.905906 0.856905 0.753570 0.769118 0.969881 0.975956 0.936891 0.966777 0.671901 0.619940 0.598523 0.444088 0.532820 0.572033 0.903834 0.919592 0.722867 0.810263 0.911451 0.843646 0.892468 0.900308 0.628938 0.688868 0.974389 0.935287 0.714983 0.818017 0.924917 0.830826 0.956945 0.523951 0.980497 0.630822 0.894114 0.993830 0.510250 0.544884 0.453644 0.499386 0.934982 0.708994 0.900162 0.802171 0.930866 0.795336 0.652376 0.788810 0.915563 0.880273 0.676046 0.643378 0.758375 0.684907 0.870126 0.903533 0.844376 0.911922 0.625717 0.814625 0.790321 0.867466
0.875378 0.951117 0.961947 0.842519 0.000000 0.921278 0.810196 0.918970 0.695247 0.860654 0.828613 0.818851 0.596658 0.698969 0.639558 0.660614 0.864916 0.900560 0.728752 0.866307 0.813294 0.973399 0.558055 0.777626 0.879834 0.786044 0.896806 0.882545 0.759534 0.814294 0.900960 0.958066 0.827277 0.954352 0.923556 0.886813 0.741475 0.946194 0.835583 0.802995 0.959585 0.835481 0.886274 0.756594 0.868062 0.930385 0.937412 0.962463 0.993713 0.995905 0.879859 0.983372 0.949274 0.902041 0.877456 0.990080 0.962203 0.986472 0.947181 0.834586 0.732025 0.748873 0.903123 0.873929 0.699183 0.965589 0.887851 0.776413 0.936755 0.883962 0.932678 0.807561 0.989801 0.949127 0.913353 0.966458 0.850581 0.991902 0.958416 0.971030 0.922852 0.875036 0.729452 0.957456 0.546107 0.911822 0.765013 0.704437 0.858451 0.802162 0.966207 0.863533 0.880887 0.909112 0.928286 0.996069 0.929492 0.613506 0.920037 0.829705 0.902422 0.876221 0.899471 0.951102 0.977356 0.913149 0.887884 0.807250 0.947966 0.852404 0.802007 0.807113 0.952456 0.943428 0.967336 0.924888
0.894241 0.945706 0.629622 0.670829 0.921278 0.000000 0.818347 0.771118 0.948451 0.868312 0.991482 0.955458 0.913166 0.790108 0.907288 0.735997 0.807216 0.859595 0.965623 0.926992 0.748719 0.970752 0.920849 0.694769 0.502555 0.504218 0.874704 0.639314 0.842029 0.770012 0.878693 0.913172 0.897542 0.849792 0.636077 0.811295 0.860886 0.888785 0.731120 0.649372 0.789964 0.983777 0.673989 0.851469 0.988433 0.994124 0.780557 0.850630 0.735121 0.721685 0.970925 0.884671 0.910978 0.886927 0.908872 0.797739 0.847172 0.884093 0.922155 0.939526 0.906537 0.849156 0.800092 0.807859 0.540163 0.528745 0.554015 0.588085 0.849634 0.907283 0.865527 0.851244 0.980949 0.940801 0.761776 0.982058 0.896668 0.718822 0.835119 0.943588 0.812306 0.959104 0.948040 0.959278 0.826860 0.566238 0.827163 0.853656 0.944168 0.837676 0.631511 0.740458 0.602116 0.695916 0.875089 0.654940 0.915787 0.964171 0.875974 0.759174 0.700216 0.899180 0.913846 0.969534 0.745479 0.725051 0.911360 0.936506 0.917076 0.924007 0.943580 0.818741 0.798611 0.926616 0.832036 0.796210
0.940285 0.953937 0.468403 0.620976 0.810196 0.818347 0.000000 0.449459 0.568413 0.643810 0.818689 0.889555 0.466433 0.480843 0.544282 0.514858 0.962918 0.968405 0.468506 0.758306 0.971167 0.877863 0.545215 0.597819 0.917036 0.992300 0.979076 0.946040 0.754548 0.782892 0.696945 0.594243 0.661191 0.613960 0.955475 0.908010 0.926879 0.999147 0.986737 0.899894 0.994512 0.991732 0.622818 0.699645 0.693094 0.677343 0.778401 0.570983 0.869223 0.808610 0.879920 0.804599 0.896272 0.866508 0.947274 0.914513 0.927669 0.854591 0.913358 0.934253 0.612622 0.697232 0.953534 0.955187 0.608522 0.765737 0.712752 0.900870 0.807894 0.913025 0.674750 0.718834 0.645566 0.667918 0.905564 0.777507 0.627647 0.746674 0.930389 0.964827 0.969760 0.981129 0.799158 0.986771 0.673939 0.652813 0.901428 0.909425 0.757639 0.863209 0.485454 0.545490 0.645986 0.635721 0.997352 0.891206 0.857014 0.945346 0.541006 0.475055 0.750024 0.521710 0.964199 0.766702 0.845745 0.919957 0.895313 0.722823 0.912678 0.948555 0.792617 0.659773 0.667548 0.818044 0.903519 0.765031
0.928901 0.934854 0.429600 0.343861 0.918970 0.771118 0.449459 0.000000 0.805560 0.907185 0.820865 0.830282 0.760532 0.684837 0.945148 0.735718 0.996720 0.992411 0.706261 0.812515 0.863274 0.984038 0.985642 0.683491 0.715917 0.679054 0.978867 0.959083 0.982189 0.952243 0.846444 0.756356 0.856685 0.630730 0.916412 0.932232 0.811911 0.818639 0.707103 0.821364 0.917759 0.927692 0.505050 0.612097 0.990972 0.766176 0.607704 0.515927 0.979745 0.906990 0.768802 0.731595 0.896181 0.874623 0.756612 0.720618 0.956323 0.960099 0.741319 0.803309 0.781898 0.718053 0.962998 0.891968 0.661931 0.498975 0.519587 0.632457 0.992708 0.903949 0.787502 0.765143 0.742586 0.765545 0.897941 0.940578 0.597773 0.702513 0.909491 0.930464 0.966571 0.969679 0.919438 0.990238 0.900936 0.506177 0.990639 0.785335 0.822853 0.849152 0.529451 0.645350 0.543984 0.660707 0.920895 0.795593 0.754945 0.832917 0.758523 0.741550 0.629834 0.687371 0.918196 0.772659 0.751616 0.672459 0.871141 0.699061 0.897455 0.926731 0.822548 0.774054 0.678870 0.732513 0.841227 0.884328
0.875644 0.752283 0.771498 0.886493 0.695247 0.948451 0.568413 0.805560 0.000000 0.448045 0.966947 0.905937 0.686880 0.709651 0.580685 0.537776 0.922568 0.868394 0.652188 0.993975 0.917370 0.969285 0.480453 0.617535 0.915543 0.852673 0.859350 0.822987 0.866133 0.887863 0.703279 0.750362 0.932462 0.918244 0.985482 0.870096 0.784180 0.849666 0.775882 0.728939 0.894385 0.949154 0.946603 0.981048 0.801229 0.899353 0.859580 0.990654 0.891269 0.844209 0.861404 0.972901 0.732330 0.652519 0.766881 0.826386 0.760094 0.735255 0.804294 0.734576 0.907729 0.897959 0.926116 0.890939 0.756935 0.919638 0.921811 0.772278 0.625405 0.733184 0.771310 0.844353 0.857601 0.948094 0.821273 0.966535 0.884941 0.855451 0.941350 0.827280 0.858757 0.837468 0.964356 0.791061 0.829810 0.983257 0.955285 0.834017 0.984256 0.983923 0.677699 0.568508 0.911470 0.690547 0.931441 0.955948 0.893797 0.785628 0.776539 0.650226 0.972431 0.653296 0.955192 0.993882 0.899876 0.975043 0.918897 0.831663 0.980684 0.876572 0.923661 0.831697 0.709226 0.868945 0.959067 0.970588
0.835889 0.695961 0.998064 0.941218 0.860654 0.868312 0.643810 0.907185 0.448045 0.000000 0.998986 0.790214 0.806881 0.867280 0.643667 0.714596 0.918063 0.858472 0.709208 0.955828 0.882308 0.972393 0.555541 0.870235 0.738166 0.730564 0.978394 0.718368 0.805034 0.822472 0.603587 0.595407 0.999275 0.947121 0.778561 0.951629 0.823989 0.813371 0.707162 0.527630 0.864119 0.906714 0.980718 0.919457 0.677433 0.774986 0.723583 0.999615 0.651810 0.646700 0.952743 0.958417 0.584793 0.486868 0.816046 0.750239 0.774249 0.734090 0.806913 0.839267 0.981614 0.934729 0.945015 0.950295 0.952163 0.633868 0.773791 0.627022 0.661251 0.794842 0.841057 0.681883 0.728345 0.811358 0.979847 0.952591 0.788260 0.940241 0.963460 0.871685 0.883715 0.773054 0.962719 0.708763 0.981393 0.699418 0.906401 0.835818 0.930769 0.995949 0.756616 0.645262 0.976205 0.744895 0.977300 0.982358 0.824563 0.900520 0.736063 0.615963 0.976974 0.645293 0.939826 0.986379 0.835950 0.804621 0.995205 0.764913 0.876445 0.844302 0.895161 0.844210 0.738968 0.894058 0.828293 0.931121
0.362644 0.463491 0.963556 0.879518 0.828613 0.991482 0.818689 0.820865 0.966947 0.998986 0.000000 0.396941 0.541670 0.623827 0.815692 0.943081 0.404739 0.378095 0.492055 0.395267 0.980989 0.943354 0.978780 0.930045 0.777741 0.755144 0.862092 0.966831 0.475086 0.388991 0.864867 0.939086 0.537837 0.495041 0.895855 0.841989 0.913311 0.993353 0.858912 0.988490 0.867001 0.774356 0.811306 0.937415 0.975521 0.872801 0.907766 0.772626 0.665457 0.689775 0.756790 0.736724 0.944299 0.762504 0.793226 0.612347 0.443763 0.440652 0.455894 0.559702 0.430199 0.441780 0.382245 0.373311 0.982809 0.936193 0.834040 0.952500 0.664272 0.563105 0.965735 0.810007 0.845078 0.968947 0.832151 0.920199 0.933421 0.929632 0.616754 0.608892 0.387849 0.400949 0.591336 0.463221 0.627710 0.773790 0.845309 0.670164 0.735563 0.637648 0.825219 0.657205 0.740373 0.620887 0.734714 0.886738 0.677027 0.982196 0.897336 0.933716 0.972751 0.993465 0.774760 0.804054 0.892029 0.925652 0.743217 0.735729 0.986475 0.872184 0.980775 0.943941 0.881453 0.824469 0.919807 0.770575
0.363771 0.353596 0.918320 0.933856 0.818851 0.955458 0.889555 0.830282 0.905937 0.790214 0.396941 0.000000 0.592557 0.606956 0.891395 0.963646 0.402930 0.398261 0.586285 0.430815 0.858982 0.957658 0.995792 0.995739 0.914500 0.823810 0.883994 0.927597 0.561907 0.496497 0.766065 0.850652 0.560919 0.553760 0.933930 0.849429 0.902823 0.953478 0.985100 0.959635 0.878377 0.838551 0.792969 0.824995 0.879017 0.945415 0.814854 0.854570 0.901242 0.833679 0.814756 0.787875 0.775126 0.617481 0.714687 0.648750 0.398052 0.401693 0.526602 0.593193 0.436137 0.346456 0.415703 0.407560 0.915271 0.745781 0.787266 0.883784 0.574905 0.562443 0.899996 0.724177 0.817643 0.978709 0.834927 0.983189 0.867451 0.935170 0.673050 0.591009 0.392811 0.339796 0.503801 0.423001 0.518190 0.629882 0.728656 0.632690 0.665776 0.594361 0.756938 0.607770 0.755959 0.655808 0.756118 0.919583 0.626160 0.952712 0.971008 0.845456 0.958750 0.952289 0.898514 0.895090 0.959921 0.899372 0.703923 0.792279 0.964938 0.914899 0.911352 0.943334 0.798650 0.911137 0.920254 0.818861
0.623979 0.722051 0.757694 0.990339 0.596658 0.913166 0.466433 0.760532 0.686880 0.806881 0.541670 0.592557 0.000000 0.359417 0.408343 0.488830 0.623980 0.598455 0.380558 0.489994 0.865865 0.829629 0.496865 0.657062 0.918970 0.740941 0.989745 0.913650 0.495996 0.547170 0.921704 0.759024 0.490223 0.527300 0.953825 0.894977 0.819407 0.987514 0.900382 0.857792 0.921240 0.928226 0.952832 0.949608 0.712272 0.783359 0.837040 0.730881 0.786618 0.803924 0.873102 0.789018 0.913980 0.984375 0.964844 0.848361 0.730681 0.796628 0.792250 0.989582 0.374905 0.474254 0.606905 0.643536 0.621075 0.852126 0.872208 0.988132 0.966341 0.938104 0.848830 0.976829 0.773645 0.794855 0.943333 0.882661 0.816117 0.875923 0.760561 0.792653 0.700541 0.694430 0.553847 0.658199 0.402353 0.649626 0.707533 0.596637 0.652066 0.708351 0.897546 0.955585 0.965418 0.965665 0.862938 0.905838 0.869468 0.804439 0.664775 0.679726 0.966410 0.707677 0.979428 0.848248 0.874788 0.952810 0.855380 0.927262 0.937046 0.934630 0.966425 0.739580 0.833365 0.832254 0.880819 0.737073
0.712854 0.778512 0.662140 0.869600 0.698969 0.790108 0.480843 0.684837 0.709651 0.867280 0.623827 0.606956 0.359417 0.000000 0.519302 0.501391 0.738513 0.714191 0.484862 0.596055 0.970009 0.804401 0.590499 0.608163 0.979600 0.933799 0.985917 0.990029 0.585617 0.739805 0.878597 0.772245 0.508467 0.510178 0.785966 0.997412 0.921601 0.982279 0.949472 0.968277 0.954164 0.905096 0.832325 0.842643 0.702476 0.699313 0.685545 0.648769 0.825469 0.768700 0.758186 0.648112 0.881632 0.934955 0.889097 0.798035 0.804060 0.872917 0.730407 0.973634 0.427277 0.488293 0.668132 0.726806 0.604438 0.731435 0.700382 0.820198 0.938250 0.962224 0.855708 0.972071 0.884971 0.781866 0.884914 0.807049 0.797179 0.868179 0.780410 0.797396 0.793773 0.764614 0.549590 0.715907 0.452668 0.545697 0.808860 0.649764 0.647060 0.612880 0.793077 0.893579 0.893884 0.943940 0.940715 0.991386 0.813312 0.846828 0.655407 0.672191 0.912795 0.790202 0.965389 0.911531 0.900780 0.935145 0.899166 0.980299 0.969680 0.934263 0.971489 0.780012 0.846615 0.775280 0.870564 0.857815
0.919440 0.996096 0.816365 0.900162 0.639558 0.907288 0.544282 0.945148 0.580685 0.643667 0.815692 0.891395 0.408343 0.519302 0.000000 0.407381 0.845551 0.820792 0.606845 0.793309 0.877457 0.868671 0.364840 0.665452 0.955211 0.769865 0.871651 0.939406 0.577875 0.714057 0.719652 0.707709 0.596904 0.774491 0.890316 0.921172 0.834956 0.837948 0.772097 0.722287 0.961960 0.961934 0.961583 0.952013 0.660471 0.828773 0.973612 0.919976 0.830815 0.916950 0.925707 0.983058 0.806784 0.804124 0.916461 0.895234 0.983373 0.958811 0.900304 0.680795 0.631384 0.749955 0.849880 0.853316 0.613977 0.941374 0.950232 0.812069 0.714336 0.815080 0.864855 0.941262 0.824018 0.850451 0.954291 0.814650 0.831529 0.847673 0.928822 0.936010 0.949599 0.999525 0.666626 0.875922 0.581795 0.855611 0.748776 0.722526 0.844911 0.910959 0.854346 0.812717 0.977575 0.914753 0.907262 0.909084 0.908872 0.726152 0.677558 0.622823 0.907775 0.771960 0.912153 0.978618 0.950095 0.894213 0.921150 0.984737 0.951077 0.903955 0.977431 0.701446 0.837943 0.868542 0.993540 0.802215
0.898258 0.882827 0.616374 0.774670 0.660614 0.735997 0.514858 0.735718 0.537776 0.714596 0.943081 0.963646 0.488830 0.501391 0.407381 0.000000 0.950677 0.981187 0.704677 0.893719 0.952560 0.906543 0.423876 0.422176 0.774420 0.935112 0.775454 0.941157 0.810587 0.976694 0.685322 0.765736 0.764974 0.851900 0.877586 0.995306 0.950063 0.937276 0.964464 0.920692 0.961757 0.999233 0.706603 0.816927 0.802203 0.856149 0.898624 0.854674 0.963977 0.921083 0.924994 0.939637 0.868403 0.815173 0.868316 0.937860 0.814676 0.797317 0.820795 0.649626 0.801380 0.805472 0.914743 0.889263 0.430176 0.804828 0.898189 0.967646 0.648800 0.738812 0.741845 0.894529 0.893045 0.771652 0.905600 0.775249 0.740012 0.779435 0.985952 0.970190 0.821652 0.872770 0.755769 0.987061 0.649691 0.676275 0.841028 0.899599 0.899420 0.847274 0.640976 0.588760 0.759446 0.624891 0.953347 0.928791 0.887144 0.698020 0.721606 0.582780 0.907098 0.723174 0.802643 0.992712 0.817557 0.955450 0.921557 0.909841 0.942682 0.830343 0.939855 0.738329 0.664144 0.777307 0.816418 0.976928
0.331446 0.342339 0.862448 0.743420 0.864916 0.807216 0.962918 0.996720 0.922568 0.918063 0.404739 0.402930 0.623980 0.738513 0.845551 0.950677 0.000000 0.279538 0.559711 0.434950 0.823947 0.909784 0.987615 0.803258 0.666759 0.598614 0.910257 0.888222 0.485888 0.362639 0.809689 0.978618 0.566747 0.571863 0.946505 0.784229 0.973338 0.952445 0.845440 0.933594 0.907525 0.816020 0.683554 0.857642 0.981678 0.926215 0.867648 0.901079 0.715872 0.692909 0.798839 0.817446 0.951932 0.761795 0.746420 0.755264 0.334466 0.344559 0.558912 0.641369 0.483585 0.502715 0.312502 0.303116 0.893772 0.970558 0.958833 0.944615 0.574983 0.551054 0.858893 0.777321 0.872699 0.983009 0.869689 0.982316 0.858463 0.917823 0.546580 0.531501 0.305407 0.365007 0.557599 0.405235 0.596390 0.854463 0.736767 0.575876 0.663557 0.670363 0.608225 0.528430 0.532602 0.476063 0.822944 0.812618 0.719089 0.990638 0.996108 0.800124 0.742779 0.914543 0.809921 0.832867 0.920996 0.998175 0.705043 0.712641 0.969539 0.931333 0.944456 0.912168 0.824198 0.809550 0.955549 0.705793
0.313425 0.328463 0.855248 0.746518 0.900560 0.859595 0.968405 0.992411 0.868394 0.858472 0.378095 0.398261 0.598455 0.714191 0.820792 0.981187 0.279538 0.000000 0.567608 0.386282 0.836710 0.829533 0.978783 0.845329 0.737650 0.614963 0.936929 0.954476 0.461325 0.392753 0.771986 0.933080 0.541419 0.610842 0.956218 0.817433 0.988813 0.948216 0.879263 0.959764 0.847665 0.797039 0.669772 0.835522 0.926401 0.984404 0.875566 0.883865 0.753439 0.760558 0.862239 0.869550 0.870218 0.700173 0.770822 0.734310 0.331324 0.329412 0.558996 0.623110 0.488221 0.497611 0.311663 0.300102 0.948372 0.986810 0.985269 0.960148 0.533073 0.545122 0.874470 0.756051 0.860861 0.994594 0.926878 0.973029 0.878183 0.897315 0.574995 0.555955 0.309885 0.339617 0.522280 0.338481 0.563601 0.811860 0.696538 0.555201 0.651678 0.655771 0.583576 0.516730 0.536804 0.476867 0.781344 0.775049 0.696398 0.962600 0.998672 0.780579 0.738703 0.871991 0.890969 0.854268 0.948640 0.991296 0.695725 0.693922 0.986094 0.928313 0.908112 0.948832 0.770585 0.847625 0.977064 0.743796
0.546638 0.678488 0.805050 0.997359 0.728752 0.965623 0.468506 0.706261 0.652188 0.709208 0.492055 0.586285 0.380558 0.484862 0.606845 0.704677 0.559711 0.567608 0.000000 0.464844 0.822004 0.832658 0.608617 0.811690 0.743034 0.630973 0.983919 0.807132 0.498515 0.432598 0.925575 0.790204 0.578749 0.514701 0.839513 0.828711 0.791123 0.880227 0.778610 0.797720 0.965277 0.945669 0.933906 0.996670 0.819568 0.818987 0.951744 0.714040 0.675349 0.614695 0.890489 0.782552 0.932968 0.981535 0.908854 0.843896 0.653009 0.719531 0.713329 0.814094 0.411897 0.467715 0.554665 0.597208 0.843889 0.957064 0.928339 0.883767 0.823666 0.824995 0.855794 0.985807 0.669469 0.820974 0.835161 0.939716 0.892361 0.978061 0.733914 0.767333 0.590770 0.595982 0.616005 0.700640 0.496462 0.787785 0.840062 0.590342 0.656561 0.717876 0.901471 0.971365 0.920244 0.927535 0.884854 0.871212 0.775526 0.882560 0.739055 0.749069 0.997853 0.703657 0.919606 0.814165 0.977790 0.991405 0.856750 0.998764 0.939986 0.960612 0.943828 0.743470 0.935770 0.825743 0.965936 0.706984
0.402849 0.436726 0.954737 0.930659 0.866307 0.926992 0.758306 0.812515 0.993975 0.955828 0.395267 0.430815 0.489994 0.596055 0.793309 0.893719 0.434950 0.386282 0.464844 0.000000 0.786408 0.780573 0.873129 0.976827 0.814435 0.700438 0.957435 0.870750 0.543702 0.416053 0.794124 0.979196 0.641542 0.577395 0.836048 0.823461 0.929549 0.956139 0.949569 0.935828 0.880797 0.870596 0.813230 0.896483 0.911510 0.991018 0.862792 0.820005 0.828063 0.822327 0.903580 0.900658 0.768582 0.691723 0.789519 0.665042 0.446516 0.464898 0.608453 0.662417 0.468934 0.469356 0.457352 0.475185 0.894650 0.860717 0.947205 0.954583 0.629053 0.620694 0.941069 0.860901 0.792758 0.902084 0.999502 0.908938 0.955267 0.901008 0.629756 0.614912 0.429460 0.400780 0.521161 0.442553 0.503825 0.709470 0.673560 0.579556 0.559057 0.630726 0.769010 0.729440 0.753244 0.707261 0.785819 0.846855 0.722710 0.933430 0.937100 0.922537 0.891799 0.963657 0.990200 0.887060 0.981126 0.949962 0.792469 0.828154 0.963692 0.879265 0.948608 0.930769 0.924147 0.894047 0.946436 0.767429
0.884916 0.881958 0.922074 0.815641 0.813294 0.748719 0.971167 0.863274 0.917370 0.882308 0.980989 0.858982 0.865865 0.970009 0.877457 0.952560 0.823947 0.836710 0.822004 0.786408 0.000000 0.881245 0.745759 0.933265 0.721661 0.677739 0.926238 0.764096 0.846246 0.779672 0.858999 0.915208 0.957217 0.959675 0.984485 0.902866 0.923033 0.808351 0.807752 0.611417 0.941728 0.870419 0.701241 0.699684 0.887319 0.768891 0.798841 0.819842 0.983133 0.905786 0.835229 0.916267 0.997419 0.972820 0.902559 0.967151 0.929061 0.948779 0.915640 0.991300 0.918055 0.890381 0.905677 0.865144 0.968292 0.864905 0.780801 0.708648 0.926374 0.893381 0.904578 0.971208 0.750899 0.912582 0.991750 0.900095 0.928803 0.888581 0.962712 0.923996 0.873836 0.861852 0.842810 0.989818 0.798964 0.847299 0.904676 0.730176 0.931172 0.925754 0.803973 0.975475 0.785209 0.935168 0.865832 0.807710 0.945567 0.951350 0.906371 0.910832 0.737378 0.891277 0.973663 0.871102 0.894873 0.839938 0.980672 0.952598 0.907288 0.950567 0.938821 0.993375 0.858412 0.856290 0.845275 0.916627
0.895254 0.892496 0.973796 0.989908 0.973399 0.970752 0.877863 0.984038 0.969285 0.972393 0.943354 0.957658 0.829629 0.804401 0.868671 0.906543 0.909784 0.829533 0.832658 0.780573 0.881245 0.000000 0.922230 0.888374 0.951842 0.890207 0.937376 0.978167 0.850207 0.932126 0.998311 0.917044 0.825791 0.852756 0.990603 0.939797 0.974630 0.856174 0.996006 0.917863 0.896433 0.918974 0.956163 0.958769 0.937175 0.880761 0.916099 0.863181 0.922532 0.893685 0.916208 0.995352 0.902938 0.977097 0.954464 0.859060 0.912343 0.940125 0.978682 0.986416 0.925391 0.988761 0.894146 0.944350 0.922847 0.993605 0.953774 0.958637 0.980141 0.979879 0.786533 0.996763 0.999494 0.931478 0.958148 0.841751 0.923674 0.953891 0.879470 0.852874 0.936929 0.918290 0.844356 0.892528 0.792262 0.943150 0.838082 0.746969 0.756856 0.776979 0.972550 0.991400 0.970849 0.954230 0.816825 0.863833 0.983275 0.974074 0.948904 0.891585 0.897197 0.875024 0.988499 0.956334 0.891147 0.972790 0.973411 0.976091 0.966672 0.946148 0.985342 0.907264 0.917211 0.888222 0.988095 0.944022
0.948117 0.870412 0.764299 0.931386 0.558055 0.920849 0.545215 0.985642 0.480453 0.555541 0.978780 0.995792 0.496865 0.590499 0.364840 0.423876 0.987615 0.978783 0.608617 0.873129 0.745759 0.922230 0.000000 0.560733 0.968582 0.741224 0.808486 0.898779 0.712384 0.832176 0.741779 0.774906 0.749595 0.943275 0.927879 0.929334 0.773825 0.875721 0.772300 0.609138 0.907752 0.877045 0.996572 0.926849 0.733639 0.964151 0.877902 0.983274 0.912472 0.941861 0.801876 0.997647 0.782840 0.697459 0.786729 0.782446 0.870627 0.828928 0.759384 0.660947 0.734194 0.806824 0.989138 0.997266 0.577501 0.934102 0.872847 0.695392 0.736839 0.723080 0.839029 0.892007 0.798326 0.807939 0.944389 0.857319 0.859719 0.909027 0.995030 0.917382 0.938544 0.931924 0.719096 0.984008 0.552970 0.906889 0.820221 0.653970 0.852498 0.889699 0.790949 0.649725 0.969859 0.740116 0.969488 0.979747 0.887920 0.695870 0.755564 0.596387 0.930846 0.689626 0.758222 0.914071 0.992038 0.862773 0.947511 0.964867 0.997912 0.892088 0.964377 0.776650 0.785881 0.991755 0.959355 0.955945
0.851726 0.860209 0.495126 0.614898 0.777626 0.694769 0.597819 0.683491 0.617535 0.870235 0.930045 0.995739 0.657062 0.608163 0.665452 0.422176 0.803258 0.845329 0.811690 0.976827 0.933265 0.888374 0.560733 0.000000 0.599101 0.798374 0.730951 0.932501 0.995984 0.863463 0.780214 0.882388 0.898176 0.893450 0.846580 0.940107 0.993954 0.793184 0.848929 0.998744 0.889101 0.935953 0.681125 0.906330 0.943061 0.996593 0.868256 0.883171 0.775555 0.818438 0.910214 0.912691 0.971131 0.926064 0.891283 0.984383 0.744936 0.769321 0.840799 0.741954 0.889824 0.830916 0.799995 0.769977 0.408894 0.622471 0.745191 0.874895 0.753268 0.763427 0.723828 0.929032 0.964014 0.933864 0.813846 0.818018 0.803349 0.741887 0.970426 0.805478 0.751300 0.844678 0.804176 0.929430 0.678247 0.579663 0.795288 0.957199 0.862833 0.917600 0.637824 0.605729 0.669389 0.552790 0.935935 0.756723 0.890022 0.880959 0.871087 0.663013 0.821293 0.764648 0.644573 0.965912 0.726654 0.794587 0.899193 0.864556 0.954400 0.968271 0.934476 0.862698 0.729639 0.905107 0.830072 0.851148
0.775347 0.876211 0.559309 0.515340 0.879834 0.502555 0.917036 0.715917 0.915543 0.738166 0.777741 0.914500 0.918970 0.979600 0.955211 0.774420 0.666759 0.737650 0.743034 0.814435 0.721661 0.951842 0.968582 0.599101 0.000000 0.419107 0.713661 0.722251 0.653263 0.599841 0.844375 0.850196 0.955591 0.983139 0.743703 0.795320 0.678837 0.616480 0.537346 0.626755 0.865938 0.928235 0.539204 0.787067 0.865349 0.947980 0.689884 0.879392 0.596227 0.566433 0.995659 0.916085 0.788581 0.836227 0.892730 0.873558 0.739662 0.800755 0.933590 0.897761 0.869755 0.991397 0.644982 0.644240 0.526490 0.459899 0.572813 0.556468 0.849663 0.880854 0.866517 0.970376 0.911374 0.999557 0.949089 0.923770 0.815405 0.662435 0.839623 0.821348 0.688538 0.809139 0.970399 0.927138 0.997121 0.530963 0.830427 0.636137 0.937140 0.994721 0.681736 0.736386 0.533384 0.613861 0.994422 0.645570 0.994630 0.847079 0.992048 0.829025 0.638212 0.971596 0.787382 0.966955 0.660138 0.627166 0.884821 0.851657 0.893062 0.886565 0.943105 0.968822 0.797945 0.921129 0.710082 0.711327
0.698523 0.802901 0.639283 0.470485 0.786044 0.504218 0.992300 0.679054 0.852673 0.730564 0.755144 0.823810 0.740941 0.933799 0.769865 0.935112 0.598614 0.614963 0.630973 0.700438 0.677739 0.890207 0.741224 0.798374 0.419107 0.000000 0.924444 0.600837 0.573875 0.493147 0.899826 0.989450 0.842460 0.979046 0.758843 0.786977 0.699944 0.767389 0.548879 0.540083 0.906827 0.995584 0.471938 0.658620 0.872614 0.987277 0.689071 0.866417 0.655226 0.663532 0.898878 0.864038 0.886694 0.897184 0.846377 0.808327 0.688556 0.758504 0.967583 0.986101 0.768586 0.868493 0.571763 0.578344 0.702658 0.502043 0.515253 0.477891 0.849746 0.823554 0.895310 0.954519 0.858304 0.936240 0.955337 0.983823 0.777710 0.684333 0.823381 0.853674 0.616046 0.734517 0.802188 0.782074 0.784852 0.651023 0.877734 0.482665 0.895190 0.999826 0.637945 0.714156 0.491265 0.608990 0.870744 0.692027 0.958875 0.765720 0.980917 0.937073 0.629572 0.968726 0.984474 0.945592 0.702338 0.634134 0.847102 0.836872 0.924351 0.933080 0.922326 0.997404 0.796009 0.942139 0.808202 0.698218
0.886849 0.924427 0.838848 0.878364 0.896806 0.874704 0.979076 0.978867 0.859350 0.978394 0.862092 0.883994 0.989745 0.985917 0.871651 0.775454 0.910257 0.936929 0.983919 0.957435 0.926238 0.937376 0.808486 0.730951 0.713661 0.924444 0.000000 0.940737 0.933234 0.863199 0.869387 0.858064 0.930559 0.916276 0.976466 0.820088 0.860573 0.822671 0.861821 0.966687 0.989674 0.881511 0.990821 0.847472 0.795906 0.782880 0.996181 0.912802 0.716121 0.709673 0.738468 0.838694 0.896803 0.934999 0.965919 0.848253 0.836258 0.894805 0.792222 0.809266 0.891746 0.966983 0.837354 0.835749 0.669902 0.832312 0.984545 0.939382 0.969435 0.859317 0.980381 0.984216 0.951707 0.837786 0.991654 0.916341 0.875386 0.950425 0.876554 0.932312 0.897590 0.926840 0.840128 0.906351 0.840194 0.822974 0.763285 0.949054 0.864314 0.977276 0.971223 0.823714 0.923225 0.835500 0.972818 0.906433 0.944690 0.942331 0.886229 0.924248 0.947073 0.927453 0.690539 0.806554 0.879951 0.867566 0.937506 0.989142 0.997172 0.989199 0.959845 0.923127 0.953323 0.871978 0.872029 0.770362
0.930493 0.987215 0.912185 0.848529 0.882545 0.639314 0.946040 0.959083 0.822987 0.718368 0.966831 0.927597 0.913650 0.990029 0.939406 0.941157 0.888222 0.954476 0.807132 0.870750 0.764096 0.978167 0.898779 0.932501 0.722251 0.600837 0.940737 0.000000 0.842260 0.751038 0.952082 0.968073 0.954001 0.966600 0.716249 0.903660 0.987981 0.991413 0.729231 0.678160 0.833822 0.832374 0.741353 0.833783 0.981241 0.983513 0.826354 0.878332 0.822465 0.768743 0.940811 0.923814 0.920165 0.894466 0.886485 0.873672 0.914226 0.965993 0.915338 0.933020 0.973101 0.957899 0.890070 0.901959 0.804179 0.763724 0.747989 0.700552 0.932540 0.963759 0.960167 0.889966 0.816398 0.943775 0.899979 0.960189 0.891446 0.839664 0.933776 0.987218 0.888100 0.929613 0.932793 0.973421 0.964490 0.765517 0.966127 0.778718 0.831282 0.930010 0.897952 0.972901 0.817971 0.902658 0.982287 0.921624 0.999427 0.879003 0.928097 0.954545 0.997451 0.865785 0.987667 0.944184 0.808750 0.766971 0.979742 0.997960 0.893377 0.935787 0.961937 0.929357 0.931545 0.985755 0.906415 0.882228
0.533400 0.641122 0.949259 0.682631 0.759534 0.842029 0.754548 0.982189 0.866133 0.805034 0.475086 0.561907 0.495996 0.585617 0.577875 0.810587 0.485888 0.461325 0.498515 0.543702 0.846246 0.850207 0.712384 0.995984 0.653263 0.573875 0.933234 0.842260 0.000000 0.382149 0.966991 0.844280 0.496094 0.570958 0.990990 0.795228 0.912780 0.791758 0.701441 0.724120 0.953856 0.895240 0.773937 0.945282 0.752075 0.807004 0.983920 0.859296 0.562045 0.634013 0.881317 0.911919 0.875892 0.983294 0.876475 0.883240 0.560688 0.621962 0.728398 0.848352 0.508247 0.592461 0.413453 0.437372 0.970107 0.801300 0.926591 0.813125 0.842102 0.809520 0.967697 0.987892 0.769514 0.914169 0.978713 0.900154 0.942453 0.839697 0.640413 0.699013 0.495282 0.563358 0.537090 0.629707 0.585838 0.949896 0.866800 0.537554 0.755785 0.720659 0.848930 0.772829 0.686602 0.711030 0.851421 0.770248 0.895456 0.757573 0.774544 0.954032 0.830106 0.950621 0.859492 0.829882 0.818729 0.782005 0.801019 0.829299 0.870312 0.969555 0.970728 0.786459 0.882324 0.811507 0.944543 0.687869
0.402009 0.516523 0.904489 0.716808 0.814294 0.770012 0.782892 0.952243 0.887863 0.822472 0.388991 0.496497 0.547170 0.739805 0.714057 0.976694 0.362639 0.392753 0.432598 0.416053 0.779672 0.932126 0.832176 0.863463 0.599841 0.493147 0.863199 0.751038 0.382149 0.000000 0.900655 0.886648 0.601786 0.599815 0.773784 0.739952 0.907082 0.840932 0.664786 0.732063 0.950205 0.866553 0.674671 0.838932 0.934904 0.923295 0.954106 0.892946 0.608786 0.640395 0.942115 0.943370 0.993582 0.842460 0.852014 0.825412 0.436974 0.480832 0.661204 0.680653 0.486869 0.551586 0.395390 0.388095 0.869299 0.830389 0.882754 0.760203 0.669890 0.609515 0.966538 0.903726 0.689782 0.923333 0.930308 0.988469 0.873952 0.866230 0.593441 0.627616 0.371613 0.433420 0.590753 0.551817 0.613176 0.978760 0.788044 0.562769 0.681534 0.792165 0.758982 0.692422 0.608885 0.613571 0.787127 0.811122 0.802502 0.915022 0.869110 0.965310 0.792159 0.870034 0.825224 0.774888 0.833759 0.872560 0.777708 0.801703 0.972240 0.926733 0.999133 0.862042 0.876825 0.863788 0.955941 0.641821
0.738875 0.669115 0.785864 0.831249 0.900960 0.878693 0.696945 0.846444 0.703279 0.603587 0.864867 0.766065 0.921704 0.878597 0.719652 0.685322 0.809689 0.771986 0.925575 0.794124 0.858999 0.998311 0.741779 0.780214 0.844375 0.899826 0.869387 0.952082 0.966991 0.900655 0.000000 0.652036 0.901003 0.912878 0.992841 0.732790 0.933321 0.899951 0.979566 0.948032 0.972316 0.921706 0.716017 0.770671 0.709918 0.749727 0.944008 0.894471 0.897994 0.868258 0.909628 0.838780 0.665920 0.637275 0.844249 0.886932 0.678231 0.686263 0.856304 0.801469 0.925778 0.902542 0.826724 0.793231 0.867666 0.904389 0.869182 0.987135 0.595822 0.686435 0.795334 0.762197 0.954740 0.831930 0.928757 0.798393 0.679632 0.794749 0.920683 0.943407 0.736436 0.645543 0.961919 0.751696 0.909360 0.984279 0.899273 0.853664 0.986730 0.945397 0.663547 0.633476 0.720883 0.679997 0.960119 0.883190 0.950715 0.845723 0.759036 0.602810 0.799295 0.700996 0.992072 0.977864 0.864456 0.897654 0.921858 0.743703 0.926296 0.887720 0.950894 0.845525 0.751654 0.828644 0.914646 0.958314
0.962772 0.847438 0.869653 0.874712 0.958066 0.913172 0.594243 0.756356 0.750362 0.595407 0.939086 0.850652 0.759024 0.772245 0.707709 0.765736 0.978618 0.933080 0.790204 0.979196 0.915208 0.917044 0.774906 0.882388 0.850196 0.989450 0.858064 0.968073 0.844280 0.886648 0.652036 0.000000 0.783636 0.772242 0.969228 0.883962 0.961517 0.895091 0.899896 0.762367 0.951828 0.917508 0.732088 0.677958 0.634779 0.633438 0.932340 0.728557 0.740666 0.696520 0.745159 0.766103 0.596251 0.644329 0.971903 0.947515 0.816900 0.775448 0.971529 0.979062 0.870368 0.951801 0.996631 0.957752 0.987109 0.871265 0.881244 0.999322 0.738658 0.815009 0.759862 0.607822 0.783284 0.688577 0.952062 0.775536 0.707155 0.765645 0.923680 0.955576 0.890079 0.780080 0.998828 0.844388 0.968436 0.925940 0.806269 0.983567 0.948543 0.960126 0.686787 0.742448 0.770813 0.832084 0.950814 0.968183 0.929577 0.861732 0.541452 0.593627 0.880196 0.651394 0.717358 0.811504 0.906700 0.941088 0.770692 0.736984 0.985029 0.986076 0.873851 0.791682 0.738048 0.850146 0.931729 0.810082
0.579358 0.645260 0.863053 0.900840 0.827277 0.897542 0.661191 0.856685 0.932462 0.999275 0.537837 0.560919 0.490223 0.508467 0.596904 0.764974 0.566747 0.541419 0.578749 0.641542 0.957217 0.825791 0.749595 0.898176 0.955591 0.842460 0.930559 0.954001 0.496094 0.601786 0.901003 0.783636 0.000000 0.498402 0.746646 0.960989 0.999854 0.973850 0.926031 0.988036 0.818297 0.837555 0.961890 0.878768 0.700486 0.745393 0.734808 0.788755 0.751839 0.738657 0.642669 0.620567 0.822115 0.976645 0.807040 0.681516 0.643331 0.679185 0.579323 0.770700 0.415392 0.502109 0.501076 0.525463 0.824149 0.877745 0.704497 0.815082 0.895830 0.851317 0.999907 0.978812 0.830895 0.904495 0.957670 0.862644 0.965910 0.906936 0.739749 0.728110 0.614896 0.641521 0.625656 0.574302 0.546748 0.683702 0.821313 0.687292 0.722746 0.730671 0.967107 0.847983 0.963293 0.769430 0.901507 0.904222 0.597109 0.974512 0.657082 0.750738 0.868039 0.886974 0.774787 0.856438 0.895691 0.842952 0.828179 0.857651 0.927989 0.909104 0.877432 0.822804 0.981835 0.802021 0.813790 0.710134
0.545692 0.639904 0.758790 0.877115 0.954352 0.849792 0.613960 0.630730 0.918244 0.947121 0.495041 0.553760 0.527300 0.510178 0.774491 0.851900 0.571863 0.610842 0.514701 0.577395 0.959675 0.852756 0.943275 0.893450 0.983139 0.979046 0.916276 0.966600 0.570958 0.599815 0.912878 0.772242 0.498402 0.000000 0.906473 0.992156 0.991307 0.954287 0.999009 0.934775 0.786474 0.835667 0.837046 0.768617 0.734432 0.604150 0.684413 0.572390 0.672576 0.653216 0.554551 0.577325 0.909410 0.927748 0.673128 0.614079 0.657711 0.681907 0.488538 0.651038 0.415703 0.459740 0.556425 0.600403 0.875517 0.758969 0.626893 0.681918 0.892178 0.800013 0.930082 0.935262 0.899510 0.850664 0.794630 0.894755 0.807189 0.898099 0.705417 0.593951 0.600665 0.649395 0.700207 0.672234 0.666896 0.621198 0.907856 0.827091 0.724196 0.662472 0.855227 0.902732 0.922849 0.853562 0.862000 0.927399 0.727426 0.846062 0.656070 0.775140 0.766271 0.800354 0.693056 0.744450 0.921510 0.761949 0.915068 0.968749 0.999501 0.936359 0.801022 0.674745 0.912804 0.633699 0.841926 0.795207
0.937344 0.992438 0.890750 0.998261 0.923556 0.636077 0.955475 0.916412 0.985482 0.778561 0.895855 0.933930 0.953825 0.785966 0.890316 0.877586 0.946505 0.956218 0.839513 0.836048 0.984485 0.990603 0.927879 0.846580 0.743703 0.758843 0.976466 0.716249 0.990990 0.773784 0.992841 0.969228 0.746646 0.906473 0.000000 0.764238 0.887795 0.952530 0.748211 0.819696 0.831310 0.975991 0.870216 0.935808 0.842921 0.970448 0.811906 0.992941 0.787070 0.853661 0.866726 0.817092 0.847489 0.928707 0.879298 0.855614 0.905256 0.926079 0.975577 0.892559 0.899285 0.897846 0.984106 0.985410 0.778270 0.772514 0.701396 0.629380 0.851814 0.832778 0.966940 0.898338 0.789202 0.980278 0.993725 0.950223 0.983613 0.706875 0.958077 0.950965 0.878447 0.922818 0.988444 0.998558 0.892799 0.785372 0.964497 0.991973 0.995990 0.952126 0.885320 0.986706 0.855206 0.990741 0.867576 0.962258 0.915048 0.998810 0.877727 0.920879 0.923611 0.987527 0.969553 0.934171 0.893251 0.810387 0.967536 0.998502 0.894508 0.993182 0.916696 0.982450 0.969185 0.973898 0.880825 0.914876
0.808812 0.793852 0.999138 0.944252 0.886813 0.811295 0.908010 0.932232 0.870096 0.951629 0.841989 0.849429 0.894977 0.997412 0.921172 0.995306 0.784229 0.817433 0.828711 0.823461 0.902866 0.939797 0.929334 0.940107 0.795320 0.786977 0.820088 0.903660 0.795228 0.739952 0.732790 0.883962 0.960989 0.992156 0.764238 0.000000 0.871490 0.790904 0.831679 0.902644 0.848022 0.975801 0.893964 0.947317 0.977185 0.964571 0.980780 0.951203 0.791700 0.864077 0.920024 0.934875 0.943444 0.922286 0.998084 0.952786 0.753569 0.777381 0.976561 0.993709 0.906977 0.876526 0.846883 0.832895 0.975562 0.927519 0.786327 0.769626 0.847663 0.822151 0.854344 0.990048 0.867872 0.908288 0.937743 0.879811 0.822991 0.916650 0.858808 0.946048 0.752988 0.762495 0.943325 0.832281 0.855409 0.996596 0.895912 0.898697 0.962043 0.855034 0.871728 0.954456 0.757399 0.890684 0.921767 0.948431 0.993747 0.840572 0.917178 0.894806 0.869498 0.955130 0.980876 0.784202 0.803049 0.797405 0.887636 0.932098 0.895029 0.995076 0.988770 0.995249 0.923311 0.935083 0.949602 0.794678
0.991107 0.914140 0.767706 0.755120 0.741475 0.860886 0.926879 0.811911 0.784180 0.823989 0.913311 0.902823 0.819407 0.921601 0.834956 0.950063 0.973338 0.988813 0.791123 0.929549 0.923033 0.974630 0.773825 0.993954 0.678837 0.699944 0.860573 0.987981 0.912780 0.907082 0.933321 0.961517 0.999854 0.991307 0.887795 0.871490 0.000000 0.773297 0.626828 0.835094 0.856193 0.952817 0.824027 0.882401 0.836155 0.967259 0.740500 0.869093 0.883177 0.854502 0.927663 0.988761 0.894206 0.752639 0.711781 0.893542 0.937942 0.912952 0.940670 0.877341 0.911034 0.978507 0.955232 0.936881 0.948236 0.779742 0.767397 0.747067 0.883631 0.935637 0.929467 0.991216 0.870418 0.986400 0.993612 0.871704 0.932486 0.908558 0.936526 0.998219 0.984821 0.953526 0.906270 0.969527 0.913096 0.818110 0.906281 0.822595 0.912648 0.993836 0.978386 0.977355 0.864118 0.901888 0.956399 0.857182 0.910282 0.806124 0.910879 0.984638 0.839112 0.884970 0.968639 0.937673 0.744321 0.822349 0.945290 0.873261 0.985643 0.905209 0.999439 0.994690 0.994469 0.896116 0.821753 0.959540
0.997431 0.967335 0.795477 0.728204 0.946194 0.888785 0.999147 0.818639 0.849666 0.813371 0.993353 0.953478 0.987514 0.982279 0.837948 0.937276 0.952445 0.948216 0.880227 0.956139 0.808351 0.856174 0.875721 0.793184 0.616480 0.767389 0.822671 0.991413 0.791758 0.840932 0.899951 0.895091 0.973850 0.954287 0.952530 0.790904 0.773297 0.000000 0.707898 0.729617 0.917722 0.976837 0.748385 0.936143 0.918105 0.974850 0.752481 0.963990 0.827466 0.785898 0.884978 0.863285 0.855905 0.872795 0.910114 0.800875 0.992895 0.967434 0.954532 0.920214 0.987035 0.936279 0.925511 0.898247 0.777727 0.687207 0.749645 0.743947 0.945297 0.896900 0.899135 0.942620 0.846021 0.990189 0.966702 0.953429 0.893892 0.832378 0.985467 0.923919 0.934320 0.962977 0.933615 0.924171 0.946305 0.718372 0.864731 0.893619 0.730979 0.870253 0.907655 0.937311 0.800333 0.806287 0.916929 0.764287 0.860975 0.789613 0.953815 0.888461 0.704497 0.966731 0.941756 0.989764 0.662000 0.653558 0.982221 0.973626 0.965847 0.915435 0.901463 0.933004 0.880369 0.917031 0.670869 0.837745
