0.000000 0.399568 0.889677 0.910118 0.588130 0.851721 0.828331 0.633345 0.954571 0.615038 0.420704 0.326771 0.415322 0.515218 0.515897 0.656577 0.424234 0.423677 0.323323 0.351687 0.930780 0.987508 0.402808 0.964743 0.738186 0.614551 0.950294 0.941793 0.394793 0.472321 0.911864 0.855726 0.580676 0.713761 0.872774 0.941955 0.747344 0.865892 0.979693 0.970872 0.811225 0.822071 0.892753 0.971849 0.929627 0.825045 0.745063 0.822993 0.569154 0.677786 0.824510 0.901059 0.935244 0.703122 0.741719 0.891789 0.355975 0.322822 0.484051 0.503506 0.691247 0.600190 0.417846 0.372001 0.789062 0.762037 0.880324 0.785480 0.358325 0.377953 0.875970 0.994346 0.899866 0.941036 0.838200 0.877055 0.903506 0.872481 0.820590 0.717582 0.400878 0.432268 0.609246 0.629467 0.557702 0.947758 0.797976 0.766496 0.659331 0.603591 0.834366 0.789012 0.743420 0.621779 0.943368 0.937583 0.981821 0.936227 0.799957 0.795069 0.953518 0.817814 0.879426 0.774365 0.879865 0.856272 0.952555 0.655878 0.907862 0.900605 0.942657 0.835567 0.692713 0.852479 0.916701 0.839287
0.399568 0.000000 0.611303 0.861846 0.637845 0.707128 0.855564 0.676501 0.879671 0.629692 0.695957 0.356363 0.695270 0.486090 0.552735 0.606375 0.329114 0.301185 0.381476 0.343884 0.788779 0.960802 0.535546 0.925956 0.815061 0.569536 0.903260 0.892530 0.363936 0.362727 0.936829 0.870926 0.762040 0.793322 0.723152 0.899003 0.766233 0.997125 0.964026 0.863496 0.909638 0.776719 0.856736 0.733754 0.692041 0.550028 0.648878 0.629549 0.313341 0.398624 0.602403 0.641635 0.756502 0.885009 0.729860 0.759738 0.278362 0.267924 0.815697 0.726469 0.918621 0.689045 0.639621 0.482143 0.711112 0.697014 0.666920 0.704217 0.569321 0.435089 0.924957 0.760914 0.968349 0.955162 0.855342 0.962082 0.787104 0.960723 0.727318 0.647405 0.386839 0.426884 0.435254 0.570870 0.576991 0.968655 0.898291 0.764413 0.856152 0.785426 0.673798 0.671972 0.631013 0.470274 0.904824 0.900511 0.871869 0.898956 0.897446 0.789860 0.806117 0.725004 0.955137 0.876361 0.936950 0.964385 0.912254 0.673174 0.881980 0.971507 0.946593 0.754631 0.617252 0.780144 0.991162 0.842296
0.889677 0.611303 0.000000 0.419853 0.981923 0.586033 0.430325 0.711843 0.828308 0.897203 0.918407 0.804024 0.816681 0.897439 0.939886 0.971493 0.744231 0.679197 0.961791 0.817997 0.663162 0.853083 0.920621 0.775985 0.624701 0.474234 0.984742 0.952399 0.764153 0.750528 0.625585 0.617018 0.645825 0.720553 0.555480 0.696911 0.919503 0.778811 0.733720 0.971812 0.888228 0.889656 0.806274 0.909153 0.920143 0.969079 0.717331 0.851273 0.657715 0.778012 0.942307 0.974889 0.908058 0.825793 0.772925 0.982172 0.665998 0.622571 0.871848 0.909197 0.587517 0.885063 0.886389 0.849505 0.466918 0.470332 0.382352 0.467793 0.901582 0.856189 0.670316 0.681295 0.685087 0.798539 0.890606 0.977919 0.927547 0.912684 0.980775 0.986691 0.888009 0.958455 0.797108 0.861329 0.895823 0.665477 0.929785 0.948581 0.851419 0.758352 0.685361 0.824291 0.673868 0.663444 0.846029 0.931455 0.687631 0.983381 0.889497 0.805839 0.753365 0.790562 0.858344 0.997127 0.721604 0.760789 0.703880 0.858758 0.881704 0.805128 0.876551 0.963799 0.947747 0.905139 0.892470 0.958532
0.910118 0.861846 0.419853 0.000000 0.955630 0.801682 0.625150 0.613526 0.954866 0.810263 0.945651 0.920660 0.955607 0.767660 0.970131 0.768703 0.896876 0.891986 0.975267 0.963233 0.719701 0.815514 0.867774 0.587728 0.458752 0.399638 0.828413 0.823368 0.869963 0.886239 0.687091 0.616516 0.777288 0.774919 0.581623 0.626715 0.855758 0.789139 0.669764 0.786152 0.786963 0.941544 0.683480 0.752019 0.777790 0.814609 0.574612 0.706488 0.872893 0.966026 0.776190 0.804169 0.748701 0.767808 0.729341 0.914905 0.851622 0.802071 0.922688 0.976866 0.906616 0.826454 0.975533 0.755394 0.417082 0.357410 0.460880 0.468951 0.912976 0.865206 0.736477 0.722766 0.722596 0.835057 0.933489 0.915026 0.743143 0.792348 0.908207 0.846101 0.992620 0.858887 0.926275 0.915655 0.729940 0.451743 0.995484 0.807756 0.962802 0.725789 0.782111 0.984241 0.723120 0.817911 0.843260 0.795765 0.797059 0.884061 0.950205 0.808479 0.823819 0.898321 0.994602 0.894612 0.698651 0.744744 0.750457 0.962594 0.883917 0.962338 0.812758 0.918844 0.808279 0.853669 0.993935 0.936765
0.588130 0.637845 0.981923 0.955630 0.000000 0.915516 0.965627 0.776365 0.942479 0.924560 0.735106 0.644310 0.674385 0.611453 0.712963 0.675054 0.665573 0.743313 0.669913 0.623784 0.992642 0.969374 0.646780 0.693685 0.942913 0.814047 0.733066 0.907084 0.735306 0.775746 0.934056 0.947250 0.854827 0.972509 0.966745 0.911486 0.932406 0.981251 0.845855 0.979358 0.918864 0.953222 0.990880 0.974097 0.907893 0.870812 0.841404 0.885472 0.747837 0.780110 0.925776 0.985035 0.964240 0.732630 0.709179 0.945849 0.620996 0.648279 0.779594 0.807186 0.896696 0.643596 0.814021 0.738920 0.998389 0.978780 0.958667 0.872110 0.719818 0.643088 0.994190 0.830555 0.981040 0.908758 0.995922 0.873855 0.989775 0.822424 0.957989 0.951612 0.692128 0.644928 0.669435 0.684068 0.664413 0.813300 0.738950 0.686976 0.798386 0.676586 0.861928 0.715822 0.773754 0.686860 0.823116 0.974156 0.950748 0.966774 0.963031 0.951822 0.974077 0.857655 0.951408 0.996241 0.953668 0.957362 0.926547 0.740097 0.892849 0.747806 0.915627 0.907218 0.873735 0.918022 0.850756 0.904639
0.851721 0.707128 0.586033 0.801682 0.915516 0.000000 0.592853 0.836655 0.731907 0.950276 0.870720 0.879466 0.817319 0.986199 0.963505 0.937687 0.780542 0.759733 0.847625 0.767436 0.661649 0.980189 0.927042 0.938264 0.900548 0.720041 0.944764 0.859764 0.775125 0.779541 0.806784 0.814538 0.840172 0.857609 0.787799 0.856035 0.932258 0.959149 0.800074 0.846544 0.893837 0.898879 0.966600 0.996081 0.991533 0.904293 0.967349 0.985329 0.758974 0.797041 0.944695 0.921579 0.975117 0.913126 0.991096 0.994304 0.683663 0.685584 0.912404 0.908881 0.647416 0.924102 0.899326 0.953974 0.831158 0.746288 0.618920 0.709289 0.739881 0.833354 0.727369 0.769216 0.957893 0.779400 0.713272 0.886375 0.949079 0.865164 0.957278 0.991133 0.919973 0.880655 0.773701 0.840168 0.911527 0.935475 0.866805 0.964315 0.959135 0.938777 0.752449 0.807858 0.796875 0.735293 0.802260 0.997370 0.852270 0.943998 0.968670 0.875255 0.884339 0.914670 0.835922 0.985869 0.738468 0.926276 0.619096 0.895170 0.993437 0.885205 0.933946 0.918734 0.970186 0.896267 0.826412 0.975487
0.828331 0.855564 0.430325 0.625150 0.965627 0.592853 0.000000 0.450456 0.581275 0.665193 0.698500 0.928054 0.570692 0.768316 0.840865 0.875640 0.986869 0.925310 0.795718 0.999250 0.718147 0.837157 0.711756 0.980659 0.999885 0.767720 0.831235 0.959484 0.856907 0.904404 0.378937 0.495951 0.414847 0.436231 0.649218 0.756091 0.891014 0.835190 0.918697 0.904072 0.961386 0.951763 0.763034 0.794530 0.726307 0.856123 0.706257 0.811348 0.927687 0.985666 0.751226 0.816289 0.794512 0.746567 0.833263 0.987216 0.868943 0.904455 0.554288 0.589346 0.347007 0.788908 0.484985 0.714180 0.836519 0.773049 0.467695 0.519791 0.977460 0.875704 0.561287 0.531824 0.543286 0.573073 0.843479 0.903374 0.748715 0.784434 0.778212 0.879418 0.864851 0.960513 0.850088 0.880482 0.987719 0.969951 0.863318 0.975032 0.787277 0.828094 0.572855 0.687878 0.719787 0.832419 0.778437 0.888397 0.705666 0.812396 0.531490 0.590870 0.644858 0.622620 0.577772 0.680626 0.643871 0.640990 0.769769 0.903458 0.933594 0.796023 0.816903 0.792041 0.770044 0.806127 0.962685 0.954812
0.633345 0.676501 0.711843 0.613526 0.776365 0.836655 0.450456 0.000000 0.821908 0.618747 0.680327 0.554456 0.543983 0.465298 0.715508 0.621086 0.659875 0.731953 0.566487 0.667131 0.955452 0.992905 0.585234 0.912953 0.965138 0.933776 0.978718 0.844158 0.571135 0.638966 0.565347 0.490035 0.455408 0.481366 0.773243 0.917177 0.886791 0.862493 0.946313 0.941794 0.902123 0.876736 0.512289 0.515984 0.433086 0.456079 0.472598 0.535063 0.615137 0.537833 0.451189 0.479727 0.562881 0.713522 0.681002 0.788633 0.724610 0.705942 0.621905 0.528381 0.566043 0.511363 0.461610 0.557803 0.886094 0.789335 0.639191 0.609704 0.875364 0.657042 0.629614 0.680974 0.579016 0.636831 0.804141 0.959605 0.539902 0.759688 0.740278 0.766304 0.658773 0.771293 0.799650 0.954689 0.779895 0.850431 0.948234 0.873279 0.834112 0.724149 0.725795 0.873681 0.835338 0.933386 0.748922 0.733080 0.759785 0.758558 0.503146 0.399133 0.653348 0.741579 0.629462 0.735092 0.617089 0.684930 0.850395 0.981751 0.998831 0.851647 0.668511 0.569900 0.458915 0.638162 0.878100 0.874042
0.954571 0.879671 0.828308 0.954866 0.942479 0.731907 0.581275 0.821908 0.000000 0.694233 0.731379 0.922304 0.687802 0.962869 0.917239 0.965850 0.911961 0.840294 0.958169 0.817827 0.939684 0.961755 0.966332 0.747377 0.780752 0.995470 0.849488 0.947745 0.990531 0.924874 0.873629 0.997079 0.877252 0.864441 0.912586 0.912621 0.865975 0.874783 0.871346 0.913339 0.910879 0.923028 0.956076 0.989570 0.951534 0.992687 0.963546 0.966102 0.944259 0.986610 0.964694 0.982254 0.981946 0.944274 0.986358 0.945815 0.798838 0.880964 0.619338 0.691820 0.492339 0.726390 0.734514 0.800711 0.964291 0.956271 0.753830 0.813585 0.987153 0.850127 0.968335 0.778035 0.904021 0.717330 0.905424 0.871839 0.868590 0.939955 0.986977 0.896817 0.950830 0.810761 0.666323 0.779659 0.884882 0.819648 0.971505 0.829256 0.720691 0.955996 0.717420 0.664338 0.784221 0.718620 0.813120 0.964386 0.979575 0.944525 0.755762 0.789666 0.712384 0.815197 0.676433 0.740236 0.912897 0.909481 0.849842 0.787965 0.922281 0.846250 0.925821 0.847373 0.898917 0.911185 0.896808 0.890769
0.615038 0.629692 0.897203 0.810263 0.924560 0.950276 0.665193 0.618747 0.694233 0.000000 0.615799 0.605285 0.621939 0.764566 0.654301 0.835014 0.635613 0.634622 0.582842 0.694996 0.953931 0.971731 0.608167 0.776743 0.547303 0.632961 0.791347 0.992108 0.510369 0.509618 0.729503 0.749321 0.577592 0.639352 0.736242 0.909541 0.997878 0.880699 0.799512 0.765423 0.954751 0.830561 0.928013 0.843707 0.708425 0.742071 0.826386 0.868619 0.550166 0.681985 0.696210 0.719804 0.786064 0.951652 0.978137 0.938190 0.706727 0.604422 0.578638 0.612777 0.701137 0.861343 0.413900 0.403083 0.553083 0.580351 0.864804 0.831467 0.754916 0.571600 0.864947 0.872682 0.757782 0.752535 0.775072 0.870682 0.765981 0.961940 0.642789 0.662189 0.581781 0.820035 0.865505 0.965327 0.979440 0.657211 0.869113 0.874854 0.829182 0.993042 0.962821 0.887204 0.923450 0.756455 0.972109 0.873850 0.955330 0.875938 0.682506 0.692541 0.931716 0.869750 0.708029 0.687809 0.984653 0.934858 0.921662 0.954026 0.885051 0.952766 0.905967 0.872225 0.776987 0.842180 0.941289 0.872525
0.420704 0.695957 0.918407 0.945651 0.735106 0.870720 0.698500 0.680327 0.731379 0.615799 0.000000 0.562749 0.454428 0.757957 0.720053 0.869040 0.610425 0.664954 0.624146 0.599639 0.955196 0.940976 0.678062 0.874100 0.754587 0.839792 0.964457 0.942024 0.614494 0.679088 0.876234 0.875776 0.574659 0.759578 0.924797 0.975272 0.807250 0.842675 0.975732 0.832014 0.794555 0.808557 0.834105 0.941236 0.949353 0.914412 0.909595 0.957152 0.800536 0.826907 0.923325 0.968275 0.956758 0.781274 0.871549 0.850172 0.666942 0.626069 0.452826 0.490122 0.511415 0.624729 0.451145 0.457897 0.895975 0.896044 0.883054 0.984298 0.567067 0.514327 0.781353 0.829961 0.834979 0.950081 0.763738 0.861799 0.844799 0.989953 0.912404 0.741557 0.577059 0.675222 0.934494 0.856657 0.819758 0.839817 0.998603 0.943577 0.638987 0.724941 0.950040 0.997877 0.999130 0.936697 0.993636 0.965224 0.915442 0.985769 0.762558 0.770541 0.873842 0.973364 0.698249 0.682079 0.789628 0.860445 0.897630 0.914736 0.909670 0.810365 0.940996 0.820585 0.780636 0.907600 0.953111 0.947601
0.326771 0.356363 0.804024 0.920660 0.644310 0.879466 0.928054 0.554456 0.922304 0.605285 0.562749 0.000000 0.422912 0.409130 0.460661 0.520369 0.451439 0.489618 0.427484 0.415798 0.891827 0.905170 0.472000 0.910250 0.740757 0.633580 0.960780 0.868998 0.425344 0.508837 0.992476 0.866857 0.704514 0.804993 0.872121 0.836298 0.806824 0.962461 0.981507 0.955422 0.898281 0.877849 0.975433 0.896845 0.824103 0.689863 0.733477 0.766453 0.453476 0.583014 0.752898 0.782424 0.876892 0.774489 0.762417 0.862699 0.429317 0.379718 0.612746 0.569409 0.749876 0.459737 0.514083 0.428859 0.839463 0.861195 0.830405 0.799956 0.516816 0.454004 0.982693 0.951358 0.953255 0.980936 0.797794 0.940718 0.833152 0.896631 0.829528 0.764300 0.482142 0.548560 0.604257 0.719967 0.547773 0.989106 0.749511 0.727951 0.747219 0.643637 0.839509 0.770011 0.757980 0.612646 0.992573 0.928220 0.920946 0.948920 0.852187 0.723210 0.995784 0.806581 0.932617 0.899086 0.921422 0.932720 0.991525 0.708329 0.883658 0.954430 0.874617 0.745957 0.683027 0.867898 0.967308 0.816198
0.415322 0.695270 0.816681 0.955607 0.674385 0.817319 0.570692 0.543983 0.687802 0.621939 0.454428 0.422912 0.000000 0.467103 0.504399 0.566903 0.714807 0.814714 0.539647 0.618098 0.911661 0.931822 0.468143 0.843398 0.816510 0.808620 0.933531 0.934155 0.625297 0.679408 0.758698 0.739185 0.548926 0.685800 0.981073 0.950748 0.822655 0.920704 0.908235 0.996189 0.918015 0.999872 0.996501 0.961075 0.882072 0.844948 0.748368 0.845169 0.761444 0.847197 0.828854 0.924703 0.905204 0.850282 0.695586 0.932778 0.736247 0.677204 0.502230 0.580129 0.429732 0.516269 0.444138 0.509783 0.981035 0.990260 0.927778 0.988790 0.593039 0.593040 0.777892 0.913534 0.775496 0.873820 0.818275 0.950803 0.870529 0.926638 0.884342 0.907747 0.656681 0.713462 0.804570 0.831037 0.629674 0.981366 0.822249 0.764386 0.560366 0.662534 0.998461 0.916997 0.894129 0.807372 0.953059 0.988676 0.928585 0.939227 0.761707 0.751444 0.825444 0.976481 0.781970 0.885646 0.854501 0.852696 0.803550 0.769025 0.894128 0.764710 0.904525 0.834178 0.818061 0.910361 0.903744 0.894556
0.515218 0.486090 0.897439 0.767660 0.611453 0.986199 0.768316 0.465298 0.962869 0.764566 0.757957 0.409130 0.467103 0.000000 0.457284 0.351660 0.619835 0.630554 0.414476 0.461715 0.927537 0.934965 0.381219 0.569959 0.905909 0.886758 0.900234 0.817718 0.573152 0.554338 0.803827 0.577299 0.621452 0.671423 0.986058 0.971140 0.857017 0.976258 0.770353 0.770693 0.905318 0.993436 0.666334 0.670237 0.667667 0.573669 0.495384 0.582432 0.540618 0.605285 0.596034 0.682502 0.696166 0.988962 0.594643 0.847968 0.602390 0.605749 0.870371 0.808156 0.798904 0.559521 0.647570 0.680886 0.912042 0.862645 0.946729 0.993056 0.713476 0.631204 0.979223 0.889168 0.789896 0.938984 0.808040 0.971583 0.753890 0.986857 0.844942 0.736892 0.575538 0.515418 0.488652 0.684929 0.422713 0.636413 0.858720 0.543898 0.880184 0.663672 0.796833 0.622410 0.725221 0.553769 0.901331 0.874937 0.974578 0.892088 0.922069 0.757080 0.952946 0.825439 0.990411 0.947715 0.891932 0.919684 0.776874 0.706883 0.996589 0.858197 0.945714 0.779510 0.668892 0.819219 0.944876 0.864695
0.515897 0.552735 0.939886 0.970131 0.712963 0.963505 0.840865 0.715508 0.917239 0.654301 0.720053 0.460661 0.504399 0.457284 0.000000 0.488826 0.590263 0.613122 0.475357 0.508363 0.987503 0.988354 0.524790 0.812634 0.926547 0.768987 0.866973 0.913008 0.602614 0.549862 0.828417 0.773039 0.708592 0.713517 0.928412 0.950704 0.804498 0.907998 0.958294 0.955569 0.882193 0.944821 0.897856 0.834545 0.831881 0.751369 0.697840 0.695870 0.613306 0.689598 0.736087 0.787384 0.870941 0.899732 0.731449 0.921495 0.656634 0.621513 0.738356 0.739560 0.801385 0.689880 0.628208 0.616654 0.911721 0.925268 0.852650 0.825502 0.551273 0.630855 0.985870 0.900917 0.852021 0.906203 0.814495 0.989181 0.925909 0.909192 0.764755 0.686720 0.585284 0.581040 0.605803 0.736001 0.557323 0.865980 0.763946 0.712650 0.706522 0.720373 0.739531 0.722293 0.651286 0.591367 0.958392 0.810733 0.979337 0.829748 0.960006 0.828762 0.942904 0.714710 0.940096 0.950503 0.992241 0.965488 0.957554 0.675611 0.877029 0.864359 0.979735 0.832526 0.886466 0.806219 0.949194 0.966737
0.656577 0.606375 0.971493 0.768703 0.675054 0.937687 0.875640 0.621086 0.965850 0.835014 0.869040 0.520369 0.566903 0.351660 0.488826 0.000000 0.754696 0.744658 0.592534 0.647250 0.835298 0.895829 0.459596 0.454055 0.841165 0.956149 0.869034 0.729303 0.718655 0.705532 0.932198 0.734032 0.826410 0.891605 0.950172 0.904024 0.950502 0.884502 0.755148 0.890241 0.922773 0.901249 0.831784 0.819830 0.828205 0.718700 0.639570 0.771560 0.608129 0.748090 0.789877 0.846009 0.914923 0.882774 0.638723 0.889892 0.807230 0.741677 0.971361 0.947926 0.925354 0.611696 0.856619 0.894367 0.876322 0.786591 0.892325 0.928899 0.823563 0.785278 0.912274 0.900296 0.953161 0.974775 0.812455 0.967174 0.904097 0.886279 0.884794 0.769994 0.722237 0.641226 0.533090 0.697377 0.468069 0.546355 0.791151 0.545967 0.888695 0.674379 0.677131 0.654008 0.710040 0.576464 0.985735 0.934469 0.951982 0.866938 0.915534 0.929203 0.897234 0.677490 0.772476 0.718788 0.978706 0.959231 0.825929 0.632147 0.868636 0.992022 0.935507 0.906214 0.891963 0.962793 0.932037 0.904250
0.424234 0.329114 0.744231 0.896876 0.665573 0.780542 0.986869 0.659875 0.911961 0.635613 0.610425 0.451439 0.714807 0.619835 0.590263 0.754696 0.000000 0.300265 0.412907 0.361821 0.808682 0.933186 0.584345 0.973671 0.834157 0.634711 0.919423 0.989707 0.372196 0.353691 0.872150 0.820670 0.694588 0.706077 0.826004 0.873424 0.823985 0.990389 0.893298 0.920040 0.832305 0.822496 0.894056 0.816446 0.726573 0.630979 0.694642 0.695085 0.454225 0.488958 0.638669 0.658795 0.763073 0.945746 0.779793 0.829487 0.319265 0.328751 0.762475 0.628058 0.982159 0.782588 0.531688 0.419370 0.719011 0.717254 0.787383 0.777571 0.586442 0.434442 0.873157 0.952837 0.927427 0.983080 0.807704 0.885009 0.794423 0.978405 0.595026 0.572333 0.329887 0.427038 0.568637 0.610744 0.682644 0.942803 0.925091 0.847878 0.764950 0.804370 0.831385 0.769062 0.728799 0.572604 0.929613 0.946890 0.931946 0.984434 0.870770 0.739314 0.957121 0.798186 0.879035 0.711823 0.970420 0.943523 0.911375 0.686543 0.920351 0.942446 0.942826 0.800408 0.621269 0.729193 0.922759 0.829399
0.423677 0.301185 0.679197 0.891986 0.743313 0.759733 0.925310 0.731953 0.840294 0.634622 0.664954 0.489618 0.814714 0.630554 0.613122 0.744658 0.300265 0.000000 0.369398 0.348153 0.850799 0.984604 0.570619 0.983996 0.846951 0.629859 0.921417 0.974238 0.379904 0.345315 0.947846 0.843655 0.713380 0.707789 0.747008 0.972629 0.763259 0.993933 0.927790 0.928230 0.821527 0.795894 0.917496 0.803355 0.736872 0.632611 0.694166 0.705669 0.436785 0.473989 0.648989 0.663951 0.743015 0.928463 0.814523 0.816257 0.284296 0.289663 0.809654 0.681395 0.901015 0.886901 0.584078 0.468126 0.679150 0.671601 0.734909 0.737247 0.553203 0.469895 0.966959 0.949236 0.954964 0.992580 0.875051 0.891574 0.820585 0.983617 0.620505 0.501427 0.324023 0.385833 0.500778 0.560348 0.676371 0.971758 0.959590 0.819296 0.860807 0.820631 0.766246 0.731523 0.703082 0.528559 0.962695 0.948050 0.892440 0.911005 0.909657 0.832813 0.792928 0.772914 0.970569 0.777850 0.970795 0.957961 0.914406 0.670175 0.921581 0.945408 0.951554 0.836623 0.581960 0.744260 0.971457 0.831620
0.323323 0.381476 0.961791 0.975267 0.669913 0.847625 0.795718 0.566487 0.958169 0.582842 0.624146 0.427484 0.539647 0.414476 0.475357 0.592534 0.412907 0.369398 0.000000 0.314693 0.993295 0.904047 0.340775 0.869489 0.866861 0.652906 0.989796 0.996893 0.364502 0.361875 0.755945 0.678240 0.513068 0.582295 0.927169 0.978953 0.737305 0.892510 0.991714 0.946689 0.978749 0.872923 0.846741 0.815067 0.745625 0.671244 0.570489 0.668633 0.504836 0.584906 0.641628 0.735750 0.774343 0.935598 0.710528 0.967976 0.366874 0.373457 0.666833 0.666850 0.842488 0.784448 0.461248 0.456212 0.793418 0.779754 0.865927 0.822506 0.450969 0.453997 0.871496 0.985121 0.728515 0.938279 0.907847 0.976564 0.829046 0.954291 0.704321 0.622335 0.402451 0.395659 0.485604 0.620860 0.566212 0.926913 0.942812 0.720088 0.758474 0.711437 0.857979 0.775302 0.717062 0.564256 0.942406 0.900618 0.970301 0.835303 0.797403 0.752972 0.932624 0.820255 0.883256 0.797896 0.933058 0.865326 0.980256 0.691369 0.878223 0.945179 0.929022 0.811704 0.593349 0.725995 0.948024 0.870677
0.351687 0.343884 0.817997 0.963233 0.623784 0.767436 0.999250 0.667131 0.817827 0.694996 0.599639 0.415798 0.618098 0.461715 0.508363 0.647250 0.361821 0.348153 0.314693 0.000000 0.850337 0.933563 0.436163 0.870656 0.825523 0.638278 0.975305 0.944761 0.421606 0.381552 0.893326 0.819392 0.656044 0.750410 0.858332 0.960600 0.791675 0.900471 0.971639 0.901777 0.998972 0.757233 0.868178 0.849398 0.768819 0.694709 0.666390 0.680731 0.500056 0.532894 0.668405 0.733341 0.752938 0.915275 0.732839 0.994284 0.297482 0.330500 0.729343 0.675516 0.971252 0.788388 0.589945 0.510891 0.742758 0.734877 0.793943 0.752840 0.446231 0.480586 0.928399 0.902609 0.845900 0.915666 0.849173 0.950833 0.800234 0.972893 0.740774 0.705343 0.433133 0.439512 0.525521 0.608314 0.630204 0.992682 0.916902 0.781386 0.826273 0.701766 0.797837 0.732608 0.742498 0.541966 0.968243 0.940725 0.998425 0.852818 0.872917 0.770688 0.901381 0.804963 0.921766 0.814325 0.927825 0.889486 0.960311 0.781685 0.977063 0.910158 0.867088 0.794295 0.639956 0.740369 0.968282 0.907843
0.930780 0.788779 0.663162 0.719701 0.992642 0.661649 0.718147 0.955452 0.939684 0.953931 0.955196 0.891827 0.911661 0.927537 0.987503 0.835298 0.808682 0.850799 0.993295 0.850337 0.000000 0.885311 0.844757 0.706072 0.681279 0.665547 0.873221 0.997681 0.823147 0.834562 0.744095 0.785063 0.878733 0.899106 0.765993 0.940060 0.945702 0.971387 0.742906 0.810576 0.823361 0.882648 0.990831 0.942546 0.913540 0.893997 0.887438 0.936377 0.806803 0.736825 0.970748 0.905256 0.996234 0.954441 0.911950 0.991055 0.783592 0.747238 0.918573 0.914185 0.910498 0.940048 0.981024 0.818578 0.788638 0.734404 0.826117 0.848957 0.907962 0.866811 0.780612 0.899456 0.771469 0.780008 0.922646 0.757375 0.857157 0.939648 0.997710 0.956283 0.978742 0.914217 0.987198 0.951109 0.884573 0.738868 0.941964 0.736952 0.916378 0.878613 0.944715 0.918054 0.932849 0.991387 0.877181 0.891549 0.925853 0.853838 0.904307 0.817279 0.969170 0.912225 0.855362 0.870784 0.986831 0.863734 0.712309 0.903593 0.869666 0.930207 0.935472 0.791079 0.895272 0.861783 0.930372 0.927978
0.987508 0.960802 0.853083 0.815514 0.969374 0.980189 0.837157 0.992905 0.961755 0.971731 0.940976 0.905170 0.931822 0.934965 0.988354 0.895829 0.933186 0.984604 0.904047 0.933563 0.885311 0.000000 0.979187 0.932375 0.948719 0.861299 0.841467 0.982407 0.963827 0.886284 0.721892 0.928769 0.755829 0.835456 0.914854 0.718203 0.769143 0.751827 0.923625 0.960670 0.924673 0.861049 0.961709 0.972669 0.936169 0.978898 0.905077 0.899918 0.884021 0.936018 0.843484 0.908005 0.863629 0.824865 0.925242 0.854299 0.995594 0.958050 0.900872 0.998092 0.987705 0.840390 0.896493 0.981219 0.948057 0.943317 0.859857 0.980769 0.880898 0.989893 0.834564 0.916387 0.914413 0.809359 0.865915 0.990517 0.912064 0.813912 0.801366 0.962912 0.919376 0.919670 0.967449 0.990163 0.926934 0.931572 0.963956 0.832762 0.974154 0.944719 0.784656 0.885839 0.857353 0.918891 0.850505 0.893664 0.922321 0.835668 0.873977 0.963454 0.862745 0.921539 0.704495 0.830437 0.917427 0.850818 0.949364 0.813431 0.990974 0.867032 0.869336 0.946903 0.958977 0.877975 0.998021 0.787668
0.402808 0.535546 0.920621 0.867774 0.646780 0.927042 0.711756 0.585234 0.966332 0.608167 0.678062 0.472000 0.468143 0.381219 0.524790 0.459596 0.584345 0.570619 0.340775 0.436163 0.844757 0.979187 0.000000 0.630376 0.906935 0.779974 0.938018 0.941652 0.509372 0.492873 0.704377 0.620696 0.585782 0.677504 0.918643 0.949737 0.869349 0.921452 0.970753 0.982509 0.952924 0.946930 0.948430 0.951565 0.869792 0.832629 0.674009 0.859188 0.610569 0.795043 0.798205 0.890476 0.882427 0.879417 0.753341 0.903805 0.548904 0.518740 0.763622 0.756168 0.799942 0.808938 0.549591 0.597404 0.864800 0.883076 0.859160 0.812174 0.558361 0.603489 0.834273 0.970797 0.742316 0.933670 0.886778 0.936426 0.914616 0.886438 0.765436 0.679535 0.511928 0.475897 0.521931 0.651055 0.532515 0.836476 0.903924 0.646193 0.869186 0.717275 0.815996 0.760848 0.740456 0.514436 0.973425 0.954984 0.961653 0.956951 0.894145 0.905761 0.876032 0.799054 0.945370 0.976920 0.977041 0.901104 0.889334 0.654484 0.939024 0.933950 0.962439 0.983624 0.718884 0.926920 0.835164 0.842679
0.964743 0.925956 0.775985 0.587728 0.693685 0.938264 0.980659 0.912953 0.747377 0.776743 0.874100 0.910250 0.843398 0.569959 0.812634 0.454055 0.973671 0.983996 0.869489 0.870656 0.706072 0.932375 0.630376 0.000000 0.538857 0.741412 0.677973 0.740413 0.902570 0.976732 0.977742 0.795054 0.994258 0.925911 0.848737 0.958152 0.978092 0.830758 0.591115 0.781012 0.784861 0.687398 0.901446 0.951600 0.998893 0.942336 0.733561 0.951994 0.940591 0.973999 0.995922 0.913605 0.964761 0.891052 0.702099 0.992223 0.983563 0.963737 0.756573 0.752427 0.869782 0.923985 0.809421 0.703555 0.647187 0.632927 0.983597 0.961099 0.997142 0.924383 0.920307 0.837193 0.997716 0.817404 0.943431 0.986928 0.993513 0.825444 0.961355 0.920419 0.996303 0.750266 0.664684 0.620647 0.517517 0.386404 0.840175 0.461203 0.952900 0.745920 0.752798 0.627426 0.797593 0.735103 0.941460 0.956062 0.964544 0.978336 0.743293 0.829624 0.733761 0.749689 0.602215 0.543777 0.950117 0.958867 0.726611 0.756121 0.877570 0.986754 0.881934 0.924922 0.946837 0.825667 0.849012 0.992479
0.738186 0.815061 0.624701 0.458752 0.942913 0.900548 0.999885 0.965138 0.780752 0.547303 0.754587 0.740757 0.816510 0.905909 0.926547 0.841165 0.834157 0.846951 0.866861 0.825523 0.681279 0.948719 0.906935 0.538857 0.000000 0.438043 0.728228 0.873316 0.650788 0.735285 0.966468 0.836597 0.945624 0.994170 0.618158 0.699731 0.965667 0.901299 0.591799 0.650229 0.785888 0.792144 0.802297 0.850964 0.918821 0.901247 0.692024 0.806260 0.805570 0.932790 0.934103 0.978882 0.897381 0.904323 0.693964 0.796439 0.784079 0.687632 0.646562 0.700005 0.804569 0.987145 0.692231 0.539441 0.417595 0.400193 0.710767 0.664795 0.808711 0.699949 0.992698 0.961393 0.980024 0.968483 0.988343 0.940986 0.987716 0.995855 0.943333 0.909462 0.936012 0.871933 0.884816 0.837853 0.674003 0.352367 0.907388 0.719027 0.932751 0.800040 0.936815 0.736631 0.959944 0.955666 0.995316 0.933353 0.963711 0.960506 0.734288 0.869440 0.933526 0.848412 0.737468 0.681385 0.921437 0.970542 0.772673 0.877686 0.881040 0.912808 0.888104 0.867050 0.977507 0.990904 0.975765 0.891289
0.614551 0.569536 0.474234 0.399638 0.814047 0.720041 0.767720 0.933776 0.995470 0.632961 0.839792 0.633580 0.808620 0.886758 0.768987 0.956149 0.634711 0.629859 0.652906 0.638278 0.665547 0.861299 0.779974 0.741412 0.438043 0.000000 0.920116 0.894424 0.599569 0.606345 0.773767 0.824589 0.961138 0.917758 0.520394 0.671246 0.975279 0.813349 0.666394 0.809112 0.908487 0.905909 0.777693 0.842041 0.899555 0.968062 0.804926 0.898068 0.671113 0.836602 0.930998 0.936419 0.884048 0.734538 0.847151 0.856509 0.559238 0.489016 0.818783 0.819599 0.966897 0.979620 0.766201 0.538932 0.390832 0.367304 0.448870 0.438780 0.734336 0.681440 0.831176 0.819360 0.851842 0.828489 0.993433 0.924192 0.930207 0.839349 0.937018 0.998623 0.740636 0.865663 0.818846 0.913479 0.942945 0.550099 0.959350 0.967868 0.943294 0.880742 0.741192 0.864436 0.674463 0.626189 0.749125 0.923902 0.764986 0.959319 0.955841 0.947380 0.906652 0.800956 0.998144 0.843811 0.750397 0.873736 0.763247 0.823961 0.864112 0.996703 0.883006 0.982833 0.993228 0.935757 0.915112 0.944815
0.950294 0.903260 0.984742 0.828413 0.733066 0.944764 0.831235 0.978718 0.849488 0.791347 0.964457 0.960780 0.933531 0.900234 0.866973 0.869034 0.919423 0.921417 0.989796 0.975305 0.873221 0.841467 0.938018 0.677973 0.728228 0.920116 0.000000 0.833274 0.935461 0.919916 0.791944 0.825416 0.860894 0.819886 0.951828 0.945654 0.905076 0.997552 0.804219 0.756180 0.996863 0.895002 0.894012 0.873108 0.930049 0.989138 0.989264 0.942636 0.852350 0.907140 0.929373 0.890735 0.900852 0.758954 0.846628 0.882639 0.905282 0.927654 0.863549 0.917622 0.783898 0.887079 0.821508 0.832069 0.813785 0.811071 0.945737 0.916516 0.958594 0.957123 0.819169 0.792253 0.801846 0.798107 0.992521 0.878549 0.949812 0.751692 0.939859 0.972779 0.948977 0.808753 0.785845 0.732626 0.706670 0.657125 0.816604 0.714221 0.933320 0.831645 0.822732 0.765764 0.893963 0.965253 0.832292 0.859972 0.859835 0.927345 0.760099 0.818412 0.868838 0.845371 0.610389 0.728132 0.914604 0.822790 0.789987 0.877702 0.707328 0.936872 0.849356 0.800253 0.940476 0.805882 0.913892 0.931908
0.941793 0.892530 0.952399 0.823368 0.907084 0.859764 0.959484 0.844158 0.947745 0.992108 0.942024 0.868998 0.934155 0.817718 0.913008 0.729303 0.989707 0.974238 0.996893 0.944761 0.997681 0.982407 0.941652 0.740413 0.873316 0.894424 0.833274 0.000000 0.949639 0.965653 0.952900 0.924460 0.958504 0.930152 0.902493 0.950234 0.961891 0.973000 0.774728 0.937653 0.866252 0.852255 0.866657 0.878401 0.834228 0.841735 0.803066 0.952144 0.810110 0.910501 0.907982 0.959033 0.989143 0.980380 0.925703 0.994576 0.962025 0.965058 0.952623 0.851197 0.952735 0.861479 0.939091 0.880388 0.912454 0.852822 0.921875 0.989203 0.948859 0.966327 0.935183 0.849395 0.987367 0.992049 0.760996 0.955568 0.812018 0.862985 0.993643 0.954918 0.988139 0.991332 0.883194 0.924106 0.893129 0.795909 0.949868 0.969365 0.960559 0.901490 0.977779 0.907341 0.981644 0.924093 0.857429 0.951325 0.986112 0.800201 0.982988 0.878295 0.912697 0.914239 0.857682 0.846167 0.972875 0.841696 0.842182 0.958047 0.976635 0.945582 0.886727 0.814779 0.945275 0.951864 0.838795 0.903825
0.394793 0.363936 0.764153 0.869963 0.735306 0.775125 0.856907 0.571135 0.990531 0.510369 0.614494 0.425344 0.625297 0.573152 0.602614 0.718655 0.372196 0.379904 0.364502 0.421606 0.823147 0.963827 0.509372 0.902570 0.650788 0.599569 0.935461 0.949639 0.000000 0.319001 0.751859 0.758547 0.576645 0.566515 0.791852 0.894969 0.730721 0.960577 0.877827 0.981498 0.820276 0.793230 0.880013 0.755514 0.727740 0.642130 0.753037 0.706940 0.459936 0.523662 0.633417 0.652221 0.777473 0.974143 0.811915 0.813508 0.403375 0.353639 0.606691 0.564843 0.842019 0.747975 0.444951 0.353009 0.622817 0.650270 0.788937 0.803200 0.558410 0.376830 0.905747 0.978726 0.805299 0.871124 0.910389 0.935054 0.790535 0.949982 0.619838 0.623775 0.385396 0.493875 0.585857 0.686849 0.742794 0.880772 0.980785 0.860781 0.819158 0.863981 0.855989 0.856312 0.698986 0.561172 0.989435 0.858912 0.933775 0.878614 0.737320 0.720567 0.947729 0.991345 0.795209 0.721500 0.986959 0.930979 0.907527 0.774434 0.819645 0.987152 0.905321 0.773514 0.587149 0.771923 0.997739 0.734921
0.472321 0.362727 0.750528 0.886239 0.775746 0.779541 0.904404 0.638966 0.924874 0.509618 0.679088 0.508837 0.679408 0.554338 0.549862 0.705532 0.353691 0.345315 0.361875 0.381552 0.834562 0.886284 0.492873 0.976732 0.735285 0.606345 0.919916 0.965653 0.319001 0.000000 0.721884 0.679383 0.583212 0.566287 0.695270 0.948681 0.822680 0.968767 0.913754 0.951873 0.922163 0.832619 0.855855 0.745241 0.702305 0.663342 0.714920 0.745076 0.485250 0.569802 0.604362 0.646521 0.719131 0.941733 0.841840 0.940849 0.422876 0.402727 0.804574 0.724224 0.944750 0.917183 0.479559 0.410454 0.571358 0.613315 0.702289 0.740219 0.627320 0.466899 0.915712 0.930478 0.797112 0.868963 0.886035 0.995240 0.821886 0.906211 0.477619 0.519057 0.358840 0.456552 0.530605 0.658961 0.784675 0.876733 0.949616 0.862504 0.879775 0.974884 0.760333 0.798176 0.603792 0.465568 0.939762 0.964507 0.912302 0.894494 0.833757 0.809223 0.921909 0.896319 0.847971 0.725222 0.933584 0.931274 0.890359 0.779176 0.900301 0.935286 0.963884 0.811700 0.579938 0.717547 0.965447 0.828894
0.911864 0.936829 0.625585 0.687091 0.934056 0.806784 0.378937 0.565347 0.873629 0.729503 0.876234 0.992476 0.758698 0.803827 0.828417 0.932198 0.872150 0.947846 0.755945 0.893326 0.744095 0.721892 0.704377 0.977742 0.966468 0.773767 0.791944 0.952900 0.751859 0.721884 0.000000 0.416611 0.435976 0.356458 0.728379 0.764575 0.918825 0.905219 0.948573 0.974883 0.937675 0.968126 0.625174 0.680038 0.633611 0.749353 0.677469 0.756413 0.968086 0.929922 0.597175 0.634409 0.646776 0.553327 0.853101 0.950057 0.952526 0.948967 0.784545 0.803839 0.657561 0.920735 0.535596 0.762785 0.991843 0.944944 0.695570 0.673771 0.979168 0.924461 0.517776 0.615201 0.459264 0.529914 0.946542 0.885733 0.797791 0.659193 0.659842 0.741730 0.782193 0.882097 0.958087 0.977735 0.988850 0.991805 0.774988 0.963323 0.924213 0.962464 0.677859 0.797286 0.872578 0.943119 0.807711 0.965508 0.802060 0.829251 0.587000 0.666068 0.793121 0.641410 0.601361 0.666118 0.785202 0.706208 0.867380 0.913254 0.934479 0.910462 0.746252 0.823206 0.693031 0.743795 0.858230 0.902972
0.855726 0.870926 0.617018 0.616516 0.947250 0.814538 0.495951 0.490035 0.997079 0.749321 0.875776 0.866857 0.739185 0.577299 0.773039 0.734032 0.820670 0.843655 0.678240 0.819392 0.785063 0.928769 0.620696 0.795054 0.836597 0.824589 0.825416 0.924460 0.758547 0.679383 0.416611 0.000000 0.489131 0.422733 0.793195 0.781937 0.856709 0.988585 0.895357 0.907772 0.844815 0.993484 0.569283 0.562585 0.596165 0.649322 0.485530 0.655910 0.866377 0.855915 0.562623 0.603675 0.585807 0.644060 0.722497 0.913040 0.930190 0.951160 0.910904 0.865630 0.718173 0.883823 0.577642 0.751971 0.901571 0.837354 0.763472 0.688828 0.975264 0.860692 0.640761 0.780617 0.569708 0.590816 0.896334 0.918001 0.829242 0.746111 0.663418 0.669515 0.654608 0.717507 0.782841 0.895200 0.802607 0.794788 0.829717 0.793263 0.992880 0.936918 0.860707 0.962168 0.980802 0.803488 0.874612 0.907736 0.859597 0.913540 0.738118 0.684782 0.900764 0.794496 0.745463 0.814703 0.834350 0.710219 0.746199 0.927511 0.990308 0.858074 0.828572 0.720877 0.594771 0.789466 0.798987 0.858406
0.580676 0.762040 0.645825 0.777288 0.854827 0.840172 0.414847 0.455408 0.877252 0.577592 0.574659 0.704514 0.548926 0.621452 0.708592 0.826410 0.694588 0.713380 0.513068 0.656044 0.878733 0.755829 0.585782 0.994258 0.945624 0.961138 0.860894 0.958504 0.576645 0.583212 0.435976 0.489131 0.000000 0.325533 0.832961 0.721763 0.761592 0.829472 0.874579 0.985300 0.951837 0.935282 0.691191 0.671387 0.588156 0.626134 0.507252 0.643937 0.741656 0.750772 0.543733 0.639147 0.641083 0.795770 0.665471 0.866752 0.757603 0.733421 0.532508 0.580292 0.532468 0.798185 0.343890 0.494474 0.978313 0.995290 0.691149 0.703232 0.730314 0.623159 0.629330 0.762971 0.595721 0.658069 0.803772 0.985154 0.720358 0.809921 0.671516 0.706716 0.570768 0.653327 0.839673 0.891800 0.780368 0.990438 0.873595 0.916340 0.711710 0.733522 0.805018 0.898014 0.968402 0.866426 0.902542 0.994113 0.779246 0.760714 0.531987 0.564838 0.853947 0.779349 0.600288 0.636130 0.698903 0.671966 0.919206 0.994760 0.960714 0.824448 0.767790 0.678093 0.520647 0.687205 0.847467 0.899361
0.713761 0.793322 0.720553 0.774919 0.972509 0.857609 0.436231 0.481366 0.864441 0.639352 0.759578 0.804993 0.685800 0.671423 0.713517 0.891605 0.706077 0.707789 0.582295 0.750410 0.899106 0.835456 0.677504 0.925911 0.994170 0.917758 0.819886 0.930152 0.566515 0.566287 0.356458 0.422733 0.325533 0.000000 0.843959 0.730340 0.754074 0.860283 0.934827 0.931787 0.954072 0.957291 0.594525 0.561929 0.539009 0.583875 0.533911 0.560760 0.762965 0.688230 0.491807 0.539453 0.610501 0.670238 0.716703 0.802215 0.802758 0.798237 0.649025 0.633203 0.605746 0.880762 0.416646 0.549747 0.996610 0.994810 0.723541 0.661106 0.861978 0.712003 0.650263 0.772237 0.606728 0.596252 0.859176 0.927548 0.754042 0.679475 0.600740 0.655886 0.573886 0.680659 0.797366 0.865098 0.828600 0.957907 0.824858 0.861978 0.826779 0.898130 0.820225 0.930548 0.967317 0.854430 0.792490 0.942422 0.934670 0.779698 0.562750 0.596603 0.854113 0.760964 0.577380 0.637807 0.776378 0.673359 0.870928 0.917778 0.980926 0.857829 0.816452 0.682289 0.483379 0.664125 0.801217 0.784840
0.872774 0.723152 0.555480 0.581623 0.966745 0.787799 0.649218 0.773243 0.912586 0.736242 0.924797 0.872121 0.981073 0.986058 0.928412 0.950172 0.826004 0.747008 0.927169 0.858332 0.765993 0.914854 0.918643 0.848737 0.618158 0.520394 0.951828 0.902493 0.791852 0.695270 0.728379 0.793195 0.832961 0.843959 0.000000 0.804498 0.890986 0.782933 0.860876 0.882747 0.883365 0.871289 0.706218 0.803961 0.805819 0.882434 0.717193 0.785875 0.749519 0.924601 0.874180 0.907732 0.871024 0.762081 0.804679 0.958490 0.824946 0.737380 0.891031 0.915192 0.771748 0.884576 0.980685 0.832133 0.549264 0.541152 0.387214 0.418686 0.900196 0.796532 0.720973 0.741865 0.799923 0.876055 0.935844 0.999797 0.779669 0.886000 0.885599 0.855973 0.833615 0.861324 0.810399 0.854944 0.952396 0.747698 0.970305 0.888819 0.907088 0.786890 0.528620 0.751396 0.595615 0.663629 0.761268 0.853692 0.708479 0.790216 0.737780 0.697680 0.673841 0.754940 0.789201 0.876449 0.569034 0.706096 0.884414 0.808002 0.945247 0.994386 0.802640 0.734092 0.941863 0.831601 0.856279 0.925387
0.941955 0.899003 0.696911 0.626715 0.911486 0.856035 0.756091 0.917177 0.912621 0.909541 0.975272 0.836298 0.950748 0.971140 0.950704 0.904024 0.873424 0.972629 0.978953 0.960600 0.940060 0.718203 0.949737 0.958152 0.699731 0.671246 0.945654 0.950234 0.894969 0.948681 0.764575 0.781937 0.721763 0.730340 0.804498 0.000000 0.847642 0.623218 0.755250 0.922414 0.998223 0.959627 0.840725 0.862040 0.843789 0.932964 0.802252 0.852099 0.913994 0.990879 0.873004 0.907782 0.800192 0.833739 0.968647 0.974992 0.891756 0.877166 0.992166 0.997449 0.941204 0.936995 0.963533 0.914220 0.745648 0.750674 0.657213 0.690420 0.965672 0.931984 0.841108 0.906007 0.881582 0.790129 0.999998 0.778830 0.872040 0.733850 0.917981 0.880140 0.982808 0.883318 0.975692 0.933435 0.956145 0.835451 0.873342 0.945086 0.952304 0.860950 0.829935 0.942316 0.820894 0.806591 0.905969 0.992036 0.905036 0.818474 0.861430 0.838634 0.979480 0.791031 0.880426 0.856878 0.836085 0.877577 0.767135 0.877844 0.888637 0.991050 0.954300 0.973547 0.781666 0.859341 0.966124 0.878500
0.747344 0.766233 0.919503 0.855758 0.932406 0.932258 0.891014 0.886791 0.865975 0.997878 0.807250 0.806824 0.822655 0.857017 0.804498 0.950502 0.823985 0.763259 0.737305 0.791675 0.945702 0.769143 0.869349 0.978092 0.965667 0.975279 0.905076 0.961891 0.730721 0.822680 0.918825 0.856709 0.761592 0.754074 0.890986 0.847642 0.000000 0.750017 0.947139 0.833047 0.845544 0.905598 0.924821 0.794716 0.902544 0.833296 0.741415 0.702889 0.873533 0.836689 0.794455 0.834742 0.886166 0.943192 0.768015 0.940201 0.771797 0.818735 0.775784 0.857489 0.904084 0.858717 0.812728 0.858611 0.887330 0.985616 0.878111 0.931955 0.665229 0.671274 0.986281 0.949762 0.995635 0.885152 0.957092 0.807301 0.921211 0.972378 0.855034 0.938420 0.832180 0.748477 0.950288 0.896211 0.740717 0.885963 0.863824 0.884667 0.725657 0.697372 0.977780 0.969700 0.949005 0.967259 0.927684 0.881621 0.979038 0.848099 0.823969 0.829566 0.927388 0.946349 0.779392 0.796443 0.989926 0.832454 0.891722 0.951290 0.845729 0.786669 0.786452 0.724411 0.836955 0.801229 0.807122 0.983183
0.865892 0.997125 0.778811 0.789139 0.981251 0.959149 0.835190 0.862493 0.874783 0.880699 0.842675 0.962461 0.920704 0.976258 0.907998 0.884502 0.990389 0.993933 0.892510 0.900471 0.971387 0.751827 0.921452 0.830758 0.901299 0.813349 0.997552 0.973000 0.960577 0.968767 0.905219 0.988585 0.829472 0.860283 0.782933 0.623218 0.750017 0.000000 0.886490 0.882298 0.948425 0.731386 0.891989 0.919905 0.918773 0.958566 0.867674 0.806534 0.900038 0.928781 0.870384 0.900619 0.869323 0.875058 0.902346 0.987851 0.926418 0.964030 0.862667 0.902772 0.853563 0.859502 0.869025 0.998736 0.806051 0.810678 0.707466 0.770257 0.774905 0.964928 0.786772 0.863705 0.780926 0.815383 0.955584 0.975123 0.986746 0.806049 0.967073 0.976325 0.962638 0.946759 0.817614 0.816079 0.982503 0.973327 0.979882 0.779795 0.869253 0.825231 0.794410 0.809327 0.773026 0.680079 0.995136 0.789915 0.791490 0.791544 0.822652 0.759628 0.733761 0.903920 0.727985 0.768095 0.857889 0.936607 0.969678 0.893722 0.999424 0.875626 0.857468 0.792117 0.802567 0.651832 0.898232 0.973285
