0.000000 0.444627 0.866787 0.999554 0.946303 0.899214 0.849768 0.696436 0.991151 0.716440 0.631765 0.553067 0.988590 0.827393 0.965041 0.883377 0.475760 0.522568 0.642110 0.583558 0.894077 0.981565 0.840498 0.948309 0.761346 0.786204 0.847535 0.750872 0.642491 0.669862 0.916212 0.936478 0.692721 0.706748 0.948049 0.975788 0.875939 0.831391 0.976059 0.903310 0.798795 0.950393 0.829469 0.728459 0.728703 0.710647 0.841505 0.760454 0.658056 0.799971 0.743638 0.862451 0.918796 0.920946 0.950938 0.886815 0.411131 0.443876 0.669928 0.880682 0.780349 0.803457 0.545957 0.491865 0.703463 0.905249 0.899970 0.876959 0.617373 0.670614 0.786351 0.802656 0.809974 0.676505 0.970458 0.962393 0.757875 0.779969 0.863395 0.838109 0.521431 0.567777 0.917450 0.801933 0.934374 0.958106 0.984273 0.874978 0.791080 0.913840 0.736142 0.747334 0.862849 0.974127 0.894079 0.905211 0.749544 0.888464 0.503035 0.595281 0.759862 0.870637 0.625817 0.600948 0.828983 0.979239 0.959707 0.837829 0.990420 0.900609 0.750718 0.754409 0.802510 0.970416 0.989389 0.902461
0.444627 0.000000 0.659579 0.872370 0.950516 0.965985 0.911825 0.800136 0.801388 0.784603 0.757753 0.553074 0.793230 0.880044 0.779148 0.994578 0.515885 0.514816 0.745361 0.532616 0.888950 0.903916 0.728311 0.877312 0.784954 0.690519 0.921727 0.772935 0.693161 0.661564 0.884551 0.948862 0.730442 0.735203 0.925097 0.936218 0.889325 0.785406 0.900890 0.931560 0.805842 0.753988 0.933564 0.768163 0.809290 0.726946 0.994657 0.900304 0.687384 0.811602 0.821491 0.922851 0.899099 0.889412 0.956402 0.838727 0.373795 0.337041 0.826592 0.823353 0.930404 0.772875 0.700365 0.492728 0.611309 0.894426 0.995228 0.917910 0.671015 0.648052 0.719830 0.839597 0.814935 0.670061 0.976357 0.968457 0.813916 0.783880 0.865858 0.863041 0.531266 0.620109 0.908506 0.775719 0.789821 0.933738 0.968733 0.933071 0.636785 0.913044 0.822506 0.829940 0.917970 0.976598 0.880400 0.922363 0.752750 0.831825 0.587537 0.709995 0.674514 0.963347 0.720811 0.629379 0.934933 0.871860 0.926398 0.895713 0.985378 0.906800 0.776750 0.739047 0.768623 0.955674 0.934387 0.903669
0.866787 0.659579 0.000000 0.492577 0.830700 0.938520 0.513277 0.849747 0.582913 0.953799 0.967013 0.659742 0.813064 0.967678 0.700066 0.974525 0.836738 0.746273 0.815126 0.765814 0.946828 0.898338 0.461738 0.661877 0.592470 0.562365 0.953975 0.854885 0.936783 0.739950 0.550048 0.734699 0.707873 0.819283 0.638293 0.987153 0.902762 0.993882 0.655682 0.895360 0.903019 0.848502 0.712744 0.926660 0.918275 0.963320 0.681502 0.778636 0.773878 0.972250 0.972657 0.871223 0.716809 0.718710 0.736434 0.924274 0.710473 0.645590 0.744201 0.967100 0.774389 0.923438 0.976702 0.658859 0.424978 0.603517 0.550504 0.700115 0.915893 0.889611 0.999754 0.965060 0.921300 0.991427 0.861896 0.820051 0.735980 0.843122 0.884251 0.920437 0.809141 0.853531 0.939189 0.747383 0.549385 0.695949 0.966726 0.859690 0.772575 0.867229 0.873994 0.819599 0.815090 0.688260 0.965781 0.955569 0.951630 0.801296 0.930991 0.919437 0.749969 0.773981 0.985391 0.794519 0.822907 0.626876 0.990440 0.819021 0.981390 0.964496 0.975622 0.916226 0.912411 0.937849 0.856489 0.977896
0.999554 0.872370 0.492577 0.000000 0.963715 0.935333 0.644364 0.744892 0.687994 0.917919 0.853168 0.841521 0.984471 0.932744 0.843544 0.881655 0.889885 0.767447 0.811733 0.944863 0.992056 0.990603 0.512096 0.540080 0.583185 0.580113 0.971394 0.858268 0.865330 0.735481 0.543848 0.729664 0.727715 0.902136 0.675735 0.963787 0.691376 0.769596 0.687015 0.899017 0.801172 0.961679 0.819600 0.965949 0.844867 0.782383 0.813332 0.902024 0.692877 0.899481 0.971925 0.970392 0.820574 0.687771 0.719684 0.939706 0.868539 0.833098 0.747729 0.877018 0.869759 0.910378 0.974220 0.844106 0.586241 0.590731 0.691569 0.832941 0.993854 0.918563 0.800583 0.758551 0.725108 0.880475 0.903234 0.833907 0.734556 0.882618 0.803576 0.951065 0.972974 0.945057 0.898587 0.906760 0.691471 0.681390 0.893627 0.853410 0.922943 0.797736 0.820753 0.795386 0.760091 0.696456 0.860774 0.999136 0.951488 0.943115 0.907732 0.957793 0.928714 0.680972 0.957915 0.935056 0.755219 0.746992 0.969051 0.770910 0.909821 0.975352 0.950964 0.944930 0.853744 0.874543 0.943169 0.931979
0.946303 0.950516 0.830700 0.963715 0.000000 0.753094 0.878723 0.991657 0.880504 0.906692 0.823018 0.939419 0.771092 0.996839 0.881476 0.921609 0.946800 0.986078 0.965271 0.949279 0.935281 0.928574 0.890694 0.971028 0.990192 0.943667 0.871494 0.997883 0.935526 0.976157 0.941817 0.927260 0.869515 0.894135 0.805070 0.838600 0.898233 0.856751 0.996594 0.921182 0.943066 0.888381 0.954331 0.881129 0.771635 0.802285 0.945518 0.799132 0.985957 0.882059 0.989594 0.925961 0.944934 0.994717 0.968034 0.881677 0.931790 0.941359 0.852572 0.882682 0.782123 0.961779 0.984875 0.865997 0.850245 0.844161 0.721272 0.689096 0.980702 0.989246 0.930411 0.816638 0.937887 0.936218 0.988339 0.958739 0.832605 0.938705 0.958048 0.869554 0.989091 0.971290 0.981399 0.868039 0.820784 0.889249 0.933057 0.949711 0.904265 0.851315 0.980780 0.935294 0.938970 0.874535 0.997337 0.956523 0.941853 0.998021 0.921662 0.950876 0.969708 0.939707 0.944972 0.847705 0.934362 0.956884 0.932492 0.962910 0.975380 0.886231 0.827386 0.985978 0.992471 0.925251 0.962862 0.722297
0.899214 0.965985 0.938520 0.935333 0.753094 0.000000 0.888946 0.866929 0.929219 0.794946 0.786076 0.776732 0.800211 0.993903 0.979083 0.839129 0.992345 0.998073 0.964001 0.949031 0.973408 0.891522 0.886716 0.888308 0.839809 0.838793 0.854371 0.975390 0.912187 0.939130 0.949622 0.821289 0.910215 0.992521 0.976909 0.817559 0.920765 0.896800 0.996536 0.866616 0.971063 0.922635 0.887049 0.986508 0.854039 0.816411 0.983050 0.980848 0.857899 0.912212 0.977537 0.988283 0.856587 0.977457 0.994615 0.928354 0.979310 0.941549 0.849780 0.971981 0.767105 0.849867 0.887291 0.900060 0.869897 0.921506 0.954700 0.936983 0.987683 0.903210 0.971938 0.972796 0.976276 0.975735 0.866290 0.956822 0.916789 0.946872 0.990142 0.957237 0.937855 0.932698 0.871953 0.953080 0.963782 0.909178 0.967264 0.981891 0.953717 0.865955 0.881185 0.897573 0.812138 0.879709 0.999799 0.984580 0.851506 0.840107 0.792613 0.980266 0.835399 0.874249 0.972235 0.958255 0.996463 0.957494 0.801395 0.961775 0.870639 0.996233 0.881142 0.957813 0.845412 0.935196 0.970346 0.839333
0.849768 0.911825 0.513277 0.644364 0.878723 0.888946 0.000000 0.554758 0.654733 0.626938 0.662241 0.999473 0.708012 0.853999 0.803971 0.915710 0.871672 0.954227 0.548851 0.965128 0.953074 0.931580 0.649061 0.812832 0.983687 0.943120 0.735099 0.875474 0.862196 0.916528 0.695774 0.726409 0.618771 0.589799 0.855909 0.940570 0.990383 0.887028 0.762581 0.994580 0.980917 0.887811 0.663958 0.815883 0.683192 0.801041 0.644579 0.715724 0.971672 0.951629 0.783624 0.854964 0.634958 0.613002 0.846410 0.900514 0.987976 0.890294 0.599579 0.981935 0.644766 0.978509 0.588400 0.947754 0.845580 0.915302 0.518581 0.684954 0.997719 0.980847 0.819751 0.848264 0.747413 0.780629 0.879330 0.741514 0.669349 0.793050 0.785289 0.823310 0.952177 0.847868 0.902575 0.964735 0.691443 0.844358 0.990786 0.882229 0.956317 0.970112 0.594515 0.556512 0.666076 0.679407 0.990573 0.914338 0.879970 0.853982 0.755968 0.654842 0.989180 0.614692 0.801392 0.891097 0.806793 0.711529 0.966030 0.731359 0.950636 0.914456 0.912166 0.873020 0.848855 0.990755 0.963568 0.989838
0.696436 0.800136 0.849747 0.744892 0.991657 0.866929 0.554758 0.000000 0.822158 0.543061 0.651865 0.624921 0.793622 0.703553 0.925425 0.821206 0.801723 0.924950 0.584047 0.832649 0.753889 0.962180 0.995080 0.961858 0.760330 0.870377 0.636200 0.726600 0.805065 0.768116 0.924135 0.891201 0.769998 0.704463 0.966143 0.935833 0.915326 0.978233 0.854492 0.914615 0.992976 0.936009 0.833768 0.831576 0.786934 0.801219 0.866767 0.816375 0.816009 0.958784 0.696697 0.884126 0.712376 0.649234 0.948695 0.989243 0.825229 0.860690 0.632303 0.752743 0.623492 0.637238 0.604187 0.649444 0.840088 0.981225 0.844458 0.839575 0.870860 0.902430 0.658817 0.864134 0.709085 0.722365 0.987976 0.959579 0.767882 0.902269 0.897467 0.950897 0.908585 0.922778 0.831385 0.909975 0.835180 0.772841 0.931001 0.803978 0.867247 0.948376 0.484991 0.496746 0.676274 0.718634 0.880321 0.944920 0.771153 0.884990 0.638497 0.672090 0.710193 0.532184 0.755269 0.671017 0.875594 0.834972 0.970862 0.777081 0.893757 0.882578 0.911206 0.810694 0.758806 0.867813 0.987613 0.919437
0.991151 0.801388 0.582913 0.687994 0.880504 0.929219 0.654733 0.822158 0.000000 0.888363 0.910934 0.873061 0.838472 0.909359 0.837235 0.844492 0.969884 0.890587 0.920840 0.899535 0.970083 0.818556 0.788486 0.880387 0.854959 0.700166 0.953693 0.872176 0.997155 0.826107 0.778805 0.985564 0.959568 0.957129 0.800103 0.845729 0.752667 0.970317 0.775840 0.862350 0.875158 0.971318 0.803440 0.897713 0.855416 0.952303 0.681029 0.760459 0.967815 0.793199 0.766708 0.756356 0.610371 0.711193 0.814089 0.998721 0.868337 0.841456 0.623108 0.764168 0.656352 0.862549 0.977744 0.951770 0.643908 0.720047 0.749648 0.877049 0.888128 0.909525 0.933034 0.962995 0.985464 0.997035 0.838130 0.928015 0.815166 0.997480 0.957177 0.893098 0.930545 0.855914 0.896697 0.996209 0.837657 0.971158 0.906791 0.821840 0.692367 0.792469 0.764306 0.813613 0.752667 0.827082 0.929801 0.943264 0.941691 0.890280 0.891675 0.857566 0.958492 0.923395 0.841754 0.910025 0.858237 0.674310 0.886319 0.788306 0.951721 0.971331 0.957106 0.997808 0.919151 0.978929 0.836185 0.892713
0.716440 0.784603 0.953799 0.917919 0.906692 0.794946 0.626938 0.543061 0.888363 0.000000 0.562939 0.686188 0.789467 0.814329 0.948765 0.869033 0.703252 0.733431 0.642782 0.769894 0.815772 0.910862 0.841843 0.817515 0.567330 0.620667 0.669040 0.727053 0.715437 0.633648 0.937497 0.974430 0.924867 0.697541 0.876845 0.910969 0.950330 0.887226 0.923658 0.825365 0.950074 0.993534 0.734576 0.716811 0.610820 0.616971 0.856357 0.790396 0.626233 0.880143 0.712248 0.931023 0.838899 0.863375 0.880343 0.914497 0.773841 0.833279 0.764149 0.997485 0.774382 0.894574 0.588850 0.633783 0.651946 0.706834 0.899781 0.930134 0.990287 0.935220 0.726050 0.834529 0.859409 0.747513 0.921928 0.896774 0.774832 0.976252 0.927373 0.962141 0.837882 0.815386 0.825866 0.891877 0.810583 0.736590 0.925355 0.897972 0.784175 0.770353 0.499230 0.564022 0.712961 0.890761 0.834911 0.979193 0.830957 0.897686 0.559612 0.618263 0.735723 0.749977 0.627895 0.629933 0.967646 0.980629 0.991798 0.803365 0.931217 0.995723 0.910421 0.658724 0.715309 0.865381 0.937594 0.927370
0.631765 0.757753 0.967013 0.853168 0.823018 0.786076 0.662241 0.651865 0.910934 0.562939 0.000000 0.644018 0.668360 0.742027 0.901993 0.953435 0.594028 0.566815 0.622272 0.679304 0.874835 0.941871 0.797445 0.752413 0.594872 0.640731 0.801294 0.684328 0.548616 0.531114 0.925904 0.979074 0.789833 0.651054 0.850964 0.943187 0.852817 0.754495 0.975477 0.895759 0.920704 0.944534 0.804954 0.725725 0.572216 0.600556 0.876166 0.717193 0.642988 0.784421 0.809393 0.854261 0.866027 0.886385 0.862818 0.973107 0.702593 0.755250 0.737782 0.956079 0.673090 0.901605 0.555732 0.651205 0.731788 0.821669 0.845651 0.842014 0.893639 0.835267 0.917000 0.942517 0.887225 0.794277 0.987041 0.839307 0.878717 0.852454 0.933056 0.826428 0.749452 0.693513 0.976093 0.866272 0.931059 0.815085 0.905520 0.877698 0.879093 0.697968 0.688643 0.701109 0.882709 0.971540 0.940980 0.992542 0.872872 0.968390 0.565641 0.590161 0.809045 0.821835 0.815667 0.841454 0.960294 0.990167 0.956452 0.926565 0.971861 0.878618 0.875260 0.737074 0.698584 0.920365 0.982797 0.984244
0.553067 0.553074 0.659742 0.841521 0.939419 0.776732 0.999473 0.624921 0.873061 0.686188 0.644018 0.000000 0.861389 0.660549 0.882486 0.722572 0.669468 0.675103 0.799273 0.683422 0.767554 0.934769 0.619392 0.729915 0.562351 0.567842 0.711015 0.671429 0.757494 0.636609 0.719021 0.859648 0.972479 0.919797 0.742779 0.955326 0.991288 0.975787 0.888360 0.819115 0.980941 0.846703 0.938374 0.904120 0.881783 0.795316 0.921618 0.894932 0.715548 0.987713 0.875507 0.944406 0.989559 0.998476 0.854733 0.945815 0.580624 0.561831 0.846977 0.826849 0.804606 0.675563 0.609178 0.442679 0.520395 0.756399 0.846793 0.932900 0.718796 0.761040 0.839523 0.990078 0.865914 0.788859 0.986141 0.880061 0.948998 0.997661 0.974723 0.976612 0.719645 0.755708 0.993355 0.712954 0.639503 0.643659 0.998339 0.955147 0.806291 0.780749 0.754061 0.780386 0.919238 0.993950 0.857443 0.986984 0.748570 0.813442 0.618529 0.746408 0.671645 0.833979 0.821168 0.615610 0.990288 0.838575 0.978441 0.988980 0.939763 0.866009 0.839056 0.783049 0.772594 0.863243 0.945741 0.963670
0.988590 0.793230 0.813064 0.984471 0.771092 0.800211 0.708012 0.793622 0.838472 0.789467 0.668360 0.861389 0.000000 0.776945 0.736660 0.812349 0.969447 0.962747 0.956264 0.895792 0.994698 0.965183 0.979022 0.915401 0.820501 0.898201 0.878085 0.834605 0.870389 0.887855 0.956224 0.882193 0.985627 0.944359 0.911460 0.961472 0.850857 0.804986 0.948920 0.948752 0.874452 0.776753 0.887182 0.902050 0.809990 0.842605 0.855254 0.790724 0.944426 0.941116 0.986019 0.994499 0.840418 0.922972 0.888606 0.953457 0.808167 0.780535 0.799289 0.995074 0.682894 0.901494 0.823108 0.997460 0.952699 0.966774 0.895937 0.919548 0.877736 0.919456 0.893408 0.914400 0.995861 0.959244 0.900735 0.834975 0.950573 0.959489 0.940065 0.977924 0.828358 0.904528 0.917010 0.882461 0.935699 0.885722 0.961163 0.877673 0.820563 0.810005 0.801443 0.853207 0.866122 0.901939 0.904323 0.958031 0.984564 0.961012 0.861663 0.900281 0.938311 0.800805 0.985879 0.958934 0.941017 0.982528 0.977128 0.938359 0.922391 0.909679 0.892683 0.952515 0.946669 0.924973 0.930560 0.984463
0.827393 0.880044 0.967678 0.932744 0.996839 0.993903 0.853999 0.703553 0.909359 0.814329 0.742027 0.660549 0.776945 0.000000 0.857931 0.736453 0.757139 0.753480 0.643409 0.730317 0.736801 0.993696 0.998425 0.973827 0.863709 0.801325 0.876253 0.708908 0.697279 0.675695 0.959197 0.881812 0.873859 0.872178 0.743006 0.998992 0.956115 0.940153 0.997689 0.845010 0.895166 0.990438 0.801426 0.836451 0.993888 0.980454 0.973253 0.856283 0.995795 0.815531 0.889487 0.816157 0.875372 0.974639 0.825182 0.923107 0.844891 0.915511 0.935535 0.881292 0.889539 0.955558 0.700857 0.823709 0.815284 0.831413 0.909224 0.857721 0.982172 0.975431 0.888140 0.997199 0.944823 0.815727 0.930017 0.870117 0.952262 0.946480 0.868068 0.883595 0.866320 0.851141 0.943025 0.969829 0.888585 0.855751 0.993835 0.948382 0.808270 0.681860 0.841263 0.881980 0.902505 0.966495 0.988706 0.909710 0.945828 0.953235 0.812296 0.768332 0.817501 0.744380 0.933804 0.818604 0.939274 0.756544 0.945693 0.966378 0.907000 0.863876 0.966947 0.829341 0.806426 0.987497 0.966962 0.853925
0.965041 0.779148 0.700066 0.843544 0.881476 0.979083 0.803971 0.925425 0.837235 0.948765 0.901993 0.882486 0.736660 0.857931 0.000000 0.737038 0.964924 0.991465 0.926201 0.994646 0.921256 0.977549 0.739096 0.756647 0.807113 0.782442 0.845549 0.876045 0.808927 0.996145 0.825259 0.851730 0.940305 0.988490 0.961679 0.934444 0.973668 0.825388 0.751551 0.895043 0.878392 0.844483 0.678623 0.786884 0.937871 0.986398 0.666928 0.703709 0.977362 0.999131 0.917569 0.995088 0.907465 0.958482 0.993214 0.887248 0.884654 0.820330 0.957462 0.836119 0.990949 0.799730 0.981168 0.809781 0.679208 0.891343 0.928000 0.986775 0.974014 0.854505 0.813101 0.922988 0.928084 0.844926 0.951126 0.877497 0.969885 0.982447 0.858380 0.759421 0.994727 0.992528 0.870106 0.930458 0.680362 0.852537 0.918114 0.936209 0.824542 0.975922 0.909690 0.914046 0.950285 0.886971 0.914203 0.947668 0.834644 0.884206 0.980939 0.897030 0.794468 0.986154 0.941624 0.892484 0.968351 0.923650 0.987073 0.839042 0.980301 0.908397 0.918602 0.885509 0.905460 0.979925 0.896381 0.974032
0.883377 0.994578 0.974525 0.881655 0.921609 0.839129 0.915710 0.821206 0.844492 0.869033 0.953435 0.722572 0.812349 0.736453 0.737038 0.000000 0.941755 0.991062 0.898070 0.875280 0.892989 0.940224 0.965391 0.786876 0.989194 0.973746 0.904057 0.995646 0.952989 0.931019 0.973641 0.916706 0.830990 0.883760 0.864399 0.831930 0.820759 0.984489 0.933667 0.973072 0.972369 0.947149 0.953565 0.982499 0.869366 0.909827 0.889134 0.905516 0.948194 0.868665 0.953147 0.889931 0.865394 0.971769 0.992011 0.854366 0.964311 0.970422 0.968383 0.913667 0.981700 0.984818 0.834907 0.842235 0.881425 0.821067 0.766202 0.684916 0.933916 0.988270 0.898449 0.880708 0.864869 0.906406 0.997208 0.999751 0.869307 0.912181 0.960300 0.975480 0.896128 0.901179 0.885339 0.795155 0.996775 0.905449 0.990856 0.866607 0.981961 0.967681 0.916040 0.976046 0.967938 0.937625 0.976564 0.975642 0.986222 0.974844 0.930632 0.966312 0.923007 0.892322 0.952635 0.830536 0.981693 0.902478 0.831534 0.904101 0.968943 0.981910 0.958123 0.975617 0.981211 0.910089 0.976296 0.977237
0.475760 0.515885 0.836738 0.889885 0.946800 0.992345 0.871672 0.801723 0.969884 0.703252 0.594028 0.669468 0.969447 0.757139 0.964924 0.941755 0.000000 0.373204 0.546446 0.525099 0.946534 0.994910 0.859291 0.880952 0.749678 0.709238 0.862258 0.749053 0.476456 0.513664 0.943684 0.873766 0.701654 0.665306 0.838794 0.989381 0.969149 0.990898 0.927182 0.989288 0.881090 0.936474 0.678810 0.660474 0.744582 0.766106 0.856786 0.754946 0.707176 0.867281 0.858686 0.981533 0.925369 0.941051 0.894867 0.941202 0.387733 0.491451 0.857819 0.942916 0.971904 0.947526 0.567136 0.544386 0.682631 0.775896 0.929398 0.999775 0.718135 0.746536 0.811336 0.835402 0.824514 0.747323 0.922740 0.871364 0.848569 0.805606 0.781724 0.729176 0.449185 0.563011 0.825023 0.747923 0.934013 0.944365 0.961195 0.917106 0.707431 0.843049 0.753047 0.790631 0.922988 0.926025 0.898837 0.879369 0.814973 0.959897 0.553110 0.491632 0.770044 0.931776 0.588598 0.704618 0.970628 0.855344 0.964406 0.910465 0.990618 0.913522 0.767279 0.717855 0.697211 0.986659 0.946168 0.904114
0.522568 0.514816 0.746273 0.767447 0.986078 0.998073 0.954227 0.924950 0.890587 0.733431 0.566815 0.675103 0.962747 0.753480 0.991465 0.991062 0.373204 0.000000 0.608624 0.478822 0.905203 0.996050 0.783460 0.847644 0.704722 0.608693 0.958981 0.748448 0.468491 0.477929 0.884954 0.883551 0.750805 0.683022 0.802008 0.966125 0.955437 0.984654 0.834769 0.911259 0.929314 0.934127 0.758918 0.680661 0.717613 0.706545 0.898618 0.742666 0.685340 0.834565 0.918290 0.964894 0.859662 0.840339 0.826965 0.976394 0.409060 0.490465 0.955788 0.885146 0.984468 0.906148 0.607827 0.590719 0.646525 0.748742 0.961476 0.984386 0.746963 0.736650 0.900643 0.957333 0.928388 0.753982 0.991861 0.884571 0.869074 0.769224 0.824572 0.807269 0.474484 0.535093 0.844691 0.770094 0.918169 0.920828 0.959573 0.938272 0.663226 0.807410 0.870637 0.868745 0.971978 0.892399 0.902762 0.876911 0.883148 0.982966 0.603698 0.566456 0.783488 0.955816 0.659813 0.767913 0.961783 0.794383 0.931445 0.931857 0.950962 0.978909 0.799798 0.680385 0.677887 0.998496 0.974710 0.943033
0.642110 0.745361 0.815126 0.811733 0.965271 0.964001 0.548851 0.584047 0.920840 0.642782 0.622272 0.799273 0.956264 0.643409 0.926201 0.898070 0.546446 0.608624 0.000000 0.609590 0.880937 0.976314 0.788298 0.873708 0.918316 0.829061 0.774443 0.816505 0.614737 0.632983 0.822883 0.632361 0.540776 0.546603 0.969105 0.991990 0.997087 0.983317 0.946328 0.936826 0.919600 0.977445 0.642261 0.751237 0.756359 0.815921 0.829113 0.731792 0.909473 0.988892 0.867426 0.974982 0.885707 0.828076 0.954854 0.929958 0.653043 0.751020 0.806851 0.914560 0.914522 0.880004 0.499887 0.737875 0.892326 0.889271 0.688555 0.836541 0.857481 0.908076 0.714627 0.858335 0.691421 0.657416 0.968061 0.785328 0.729076 0.712402 0.689698 0.758654 0.630192 0.612763 0.918855 0.878707 0.839641 0.934890 0.960672 0.989627 0.740933 0.880360 0.650157 0.626243 0.814950 0.865578 0.993891 0.868168 0.833561 0.881509 0.663602 0.547696 0.839132 0.672440 0.677128 0.768286 0.925411 0.973050 0.974746 0.898456 0.965758 0.893224 0.921590 0.797512 0.747924 0.957791 0.974774 0.949592
0.583558 0.532616 0.765814 0.944863 0.949279 0.949031 0.965128 0.832649 0.899535 0.769894 0.679304 0.683422 0.895792 0.730317 0.994646 0.875280 0.525099 0.478822 0.609590 0.000000 0.855837 0.840877 0.854139 0.989448 0.800313 0.704895 0.976864 0.809297 0.619352 0.629004 0.938556 0.787407 0.761024 0.783116 0.844804 0.965293 0.883643 0.950213 0.825567 0.884285 0.836561 0.891672 0.862476 0.825651 0.928122 0.924534 0.966415 0.871749 0.880456 0.989662 0.996856 0.911535 0.881096 0.922675 0.895790 0.937161 0.492947 0.514850 0.974329 0.935169 0.914363 0.958498 0.635901 0.594054 0.662097 0.765141 0.975438 0.903921 0.738317 0.758648 0.743479 0.860382 0.742392 0.667256 0.944519 0.938414 0.864669 0.761015 0.755899 0.870338 0.467194 0.550323 0.789988 0.714948 0.921077 0.918543 0.959564 0.986568 0.675927 0.845159 0.843401 0.799845 0.956921 0.934241 0.882873 0.963040 0.885478 0.989838 0.709726 0.676869 0.840991 0.976247 0.725937 0.683990 0.993033 0.796385 0.933491 0.907669 0.946158 0.995078 0.897347 0.801376 0.872073 0.942937 0.967975 0.856138
0.894077 0.888950 0.946828 0.992056 0.935281 0.973408 0.953074 0.753889 0.970083 0.815772 0.874835 0.767554 0.994698 0.736801 0.921256 0.892989 0.946534 0.905203 0.880937 0.855837 0.000000 0.991495 0.862685 0.889902 0.905821 0.878704 0.860928 0.894224 0.798662 0.811767 0.998167 0.997973 0.989910 0.962267 0.808049 0.914375 0.918877 0.961299 0.984861 0.890178 0.954238 0.999311 0.919696 0.996849 0.956874 0.918421 0.881639 0.986997 0.849653 0.979324 0.974210 0.986318 0.978770 0.979592 0.913417 0.810079 0.939795 0.914905 0.983978 0.943416 0.962623 0.787373 0.967872 0.818936 0.914882 0.998869 0.822809 0.955769 0.905055 0.999453 0.974373 0.951264 0.870874 0.943205 0.821599 0.907382 0.875747 0.940551 0.926504 0.993034 0.976336 0.988899 0.962811 0.905460 0.764873 0.706855 0.992216 0.902872 0.925280 0.967811 0.923355 0.900651 0.978127 0.897384 0.871096 0.962355 0.951961 0.953616 0.808581 0.964961 0.949531 0.935997 0.906659 0.857881 0.967280 0.967297 0.996314 0.999743 0.872910 0.909381 0.993681 0.839411 0.906937 0.846742 0.943633 0.886824
0.981565 0.903916 0.898338 0.990603 0.928574 0.891522 0.931580 0.962180 0.818556 0.910862 0.941871 0.934769 0.965183 0.993696 0.977549 0.940224 0.994910 0.996050 0.976314 0.840877 0.991495 0.000000 0.847204 0.911306 0.852863 0.869575 0.970789 0.889846 0.921099 0.952210 0.881078 0.956276 0.990477 0.982289 0.942345 0.957610 0.941129 0.998002 0.904529 0.974303 0.942037 0.951132 0.876225 0.962795 0.909660 0.895610 0.920099 0.848366 0.964656 0.873953 0.919329 0.832700 0.926206 0.942872 0.935135 0.845016 0.994322 0.928548 0.910277 0.969764 0.964745 0.970737 0.942884 0.884837 0.897490 0.895477 0.895902 0.921689 0.926567 0.965780 0.956269 0.983712 0.842462 0.935180 0.791811 0.960779 0.937402 0.990016 0.904114 0.968186 0.967116 0.921666 0.889592 0.948116 0.907704 0.916987 0.940574 0.980659 0.804643 0.906480 0.944278 0.984778 0.887216 0.957319 0.959980 0.742491 0.877876 0.932803 0.937576 0.945464 0.980261 0.941102 0.998625 0.979627 0.896724 0.975309 0.905607 0.858555 0.876993 0.910356 0.893102 0.900691 0.811274 0.935057 0.825521 0.925012
0.840498 0.728311 0.461738 0.512096 0.890694 0.886716 0.649061 0.995080 0.788486 0.841843 0.797445 0.619392 0.979022 0.998425 0.739096 0.965391 0.859291 0.783460 0.788298 0.854139 0.862685 0.847204 0.000000 0.416115 0.490483 0.605904 0.889778 0.783844 0.877764 0.773353 0.491317 0.660299 0.712265 0.868355 0.653942 0.921872 0.920346 0.959942 0.703981 0.868581 0.875435 0.928566 0.760605 0.973014 0.922968 0.827005 0.790856 0.867715 0.676906 0.860413 0.957487 0.988324 0.837949 0.792996 0.781763 0.886425 0.781548 0.731772 0.933274 0.858764 0.914786 0.727535 0.985235 0.619712 0.529588 0.726118 0.621946 0.833570 0.920094 0.828178 0.898563 0.843987 0.788337 0.887844 0.864293 0.820792 0.815985 0.815722 0.787387 0.862285 0.962506 0.966436 0.928758 0.816462 0.439508 0.487181 0.966639 0.894483 0.874557 0.900952 0.992439 0.930867 0.879954 0.745290 0.829413 0.923751 0.958847 0.743053 0.795502 0.987185 0.737684 0.798359 0.957692 0.828177 0.855789 0.825210 0.916955 0.820785 0.909589 0.941999 0.989666 0.833480 0.858134 0.894230 0.910686 0.938417
0.948309 0.877312 0.661877 0.540080 0.971028 0.888308 0.812832 0.961858 0.880387 0.817515 0.752413 0.729915 0.915401 0.973827 0.756647 0.786876 0.880952 0.847644 0.873708 0.989448 0.889902 0.911306 0.416115 0.000000 0.505489 0.630355 0.842061 0.784643 0.855914 0.783277 0.556756 0.638568 0.802955 0.979802 0.740976 0.983023 0.831078 0.884308 0.704374 0.951893 0.813450 0.989974 0.871798 0.966916 0.768731 0.740428 0.821944 0.961204 0.678331 0.797195 0.898961 0.926570 0.941038 0.870601 0.815208 0.854748 0.895298 0.866513 0.966498 0.795516 0.799415 0.787074 0.964126 0.729708 0.673689 0.833256 0.827707 0.972387 0.951434 0.873537 0.806884 0.717911 0.776883 0.790592 0.911853 0.868768 0.912061 0.861321 0.891854 0.885638 0.953578 0.898504 0.929291 0.917824 0.523466 0.535168 0.972853 0.867465 0.956561 0.905248 0.951415 0.989266 0.968143 0.868250 0.783247 0.974624 0.933435 0.816206 0.741169 0.932119 0.851054 0.913356 0.999956 0.924513 0.892210 0.967689 0.927490 0.782387 0.942812 0.944694 0.965183 0.810252 0.780210 0.804097 0.988282 0.989593
0.761346 0.784954 0.592470 0.583185 0.990192 0.839809 0.983687 0.760330 0.854959 0.567330 0.594872 0.562351 0.820501 0.863709 0.807113 0.989194 0.749678 0.704722 0.918316 0.800313 0.905821 0.852863 0.490483 0.505489 0.000000 0.447714 0.701183 0.649257 0.783095 0.625678 0.564896 0.779955 0.882948 0.925129 0.647588 0.937579 0.817868 0.818091 0.735909 0.813756 0.838975 0.997965 0.917943 0.906176 0.726799 0.693996 0.875511 0.959416 0.615830 0.909464 0.830533 0.999524 0.960232 0.977024 0.803747 0.949816 0.758864 0.775373 0.931668 0.954177 0.827556 0.828118 0.647444 0.525241 0.454068 0.591703 0.874877 0.949781 0.954947 0.904124 0.986643 0.941342 0.962651 0.928267 0.910377 0.946385 0.929157 0.972315 0.926597 0.945027 0.872458 0.835762 0.939200 0.799024 0.561189 0.560966 0.928524 0.947271 0.825831 0.816145 0.760887 0.803498 0.940773 0.953055 0.780278 0.962884 0.842817 0.826204 0.679066 0.800423 0.695720 0.947306 0.802573 0.680962 0.941642 0.877309 0.938134 0.948238 0.935143 0.852419 0.994204 0.721856 0.726617 0.796735 0.929146 0.947401
0.786204 0.690519 0.562365 0.580113 0.943667 0.838793 0.943120 0.870377 0.700166 0.620667 0.640731 0.567842 0.898201 0.801325 0.782442 0.973746 0.709238 0.608693 0.829061 0.704895 0.878704 0.869575 0.605904 0.630355 0.447714 0.000000 0.758143 0.641403 0.730757 0.549091 0.689316 0.889761 0.967483 0.946644 0.723713 0.935395 0.745013 0.871583 0.678534 0.805727 0.864878 0.949374 0.929957 0.954965 0.807943 0.745073 0.784079 0.992997 0.750596 0.983307 0.978670 0.883339 0.896103 0.887137 0.705222 0.974052 0.696273 0.676620 0.920722 0.931496 0.992252 0.987166 0.667578 0.605560 0.444918 0.575856 0.877793 0.929139 0.977008 0.939762 0.907237 0.984328 0.955194 0.794767 0.910803 0.986259 0.926903 0.919594 0.994326 0.984927 0.779202 0.702073 0.984098 0.824598 0.671879 0.706436 0.956989 0.989287 0.747112 0.735747 0.822389 0.826688 0.968050 0.937831 0.879250 0.959403 0.891102 0.890087 0.707746 0.764414 0.739248 0.970342 0.827863 0.706303 0.876416 0.708658 0.936695 0.894884 0.956415 0.944590 0.927956 0.722983 0.772786 0.831699 0.955846 0.972736
0.847535 0.921727 0.953975 0.971394 0.871494 0.854371 0.735099 0.636200 0.953693 0.669040 0.801294 0.711015 0.878085 0.876253 0.845549 0.904057 0.862258 0.958981 0.774443 0.976864 0.860928 0.970789 0.889778 0.842061 0.701183 0.758143 0.000000 0.828400 0.881226 0.774931 0.903726 0.947343 0.919520 0.907885 0.839712 0.910797 0.916315 0.964412 0.912239 0.905880 0.914423 0.953698 0.894850 0.983674 0.901381 0.876367 0.900667 0.993896 0.838779 0.916497 0.857678 0.988356 0.813575 0.856205 0.983673 0.944726 0.917728 0.932367 0.859102 0.996916 0.833799 0.898711 0.659990 0.692648 0.711450 0.745138 0.978413 0.958688 0.980902 0.905863 0.859251 0.880312 0.894382 0.912068 0.997894 0.939698 0.923983 0.900050 0.954725 0.993763 0.958821 0.882755 0.905757 0.828244 0.873077 0.790844 0.999625 0.968268 0.885575 0.985564 0.748244 0.791991 0.851435 0.979931 0.921301 0.963119 0.786075 0.901788 0.748909 0.774070 0.874162 0.773789 0.870359 0.735362 0.970784 0.955262 0.990786 0.933829 0.963611 0.992531 0.995509 0.971626 0.859227 0.960511 0.855834 0.946124
0.750872 0.772935 0.854885 0.858268 0.997883 0.975390 0.875474 0.726600 0.872176 0.727053 0.684328 0.671429 0.834605 0.708908 0.876045 0.995646 0.749053 0.748448 0.816505 0.809297 0.894224 0.889846 0.783844 0.784643 0.649257 0.641403 0.828400 0.000000 0.729110 0.611083 0.825589 0.965462 0.888145 0.794273 0.761148 0.958535 0.953434 0.982058 0.945307 0.905555 0.877486 0.985659 0.948354 0.823076 0.726619 0.755894 0.997333 0.892279 0.754785 0.926135 0.813997 0.938408 0.952071 0.851517 0.885338 0.901314 0.807048 0.816126 0.961642 0.919579 0.871520 0.866337 0.710567 0.740296 0.720274 0.862536 0.991106 0.951386 0.905792 0.981972 0.965424 0.956266 0.924546 0.798535 0.994142 0.973574 0.937588 0.849202 0.978776 0.792708 0.839490 0.780559 0.972227 0.863258 0.879340 0.851000 0.978500 0.952145 0.901033 0.688762 0.820240 0.831318 0.967290 0.949624 0.926248 0.884624 0.995879 0.867247 0.784384 0.737168 0.917064 0.870170 0.915596 0.875266 0.972163 0.842240 0.961097 0.941062 0.872290 0.870257 0.918322 0.838293 0.756542 0.887596 0.938668 0.896689
0.642491 0.693161 0.936783 0.865330 0.935526 0.912187 0.862196 0.805065 0.997155 0.715437 0.548616 0.757494 0.870389 0.697279 0.808927 0.952989 0.476456 0.468491 0.614737 0.619352 0.798662 0.921099 0.877764 0.855914 0.783095 0.730757 0.881226 0.729110 0.000000 0.463927 0.993899 0.914517 0.781615 0.720209 0.822296 0.962392 0.946408 0.933940 0.959402 0.975644 0.928526 0.933440 0.623635 0.606808 0.664612 0.676876 0.806571 0.694102 0.676613 0.793711 0.891113 0.901824 0.984250 0.913753 0.889009 0.970596 0.616304 0.683087 0.939500 0.966054 0.920023 0.997801 0.715071 0.720183 0.813921 0.880823 0.966401 0.953746 0.776295 0.861233 0.955931 0.929272 0.951145 0.839491 0.980623 0.818419 0.912981 0.749687 0.841399 0.728840 0.640537 0.722391 0.839348 0.823589 0.933583 0.869210 0.988649 0.924971 0.819869 0.798523 0.855957 0.869684 0.989803 0.843979 0.921613 0.895561 0.922357 0.998292 0.619911 0.625489 0.804781 0.900306 0.805160 0.894859 0.930406 0.887533 0.965015 0.927204 0.959655 0.956500 0.770696 0.756182 0.688824 0.954208 0.923652 0.933512
0.669862 0.661564 0.739950 0.735481 0.976157 0.939130 0.916528 0.768116 0.826107 0.633648 0.531114 0.636609 0.887855 0.675695 0.996145 0.931019 0.513664 0.477929 0.632983 0.629004 0.811767 0.952210 0.773353 0.783277 0.625678 0.549091 0.774931 0.611083 0.463927 0.000000 0.860298 0.986475 0.873650 0.776465 0.674365 0.928815 0.760734 0.875117 0.896607 0.896569 0.846469 0.981691 0.780175 0.693735 0.713615 0.695380 0.964023 0.774850 0.649987 0.915955 0.930008 0.998752 0.921043 0.909706 0.782656 0.940324 0.603565 0.662292 0.988670 0.915417 0.981983 0.970549 0.612635 0.610559 0.576490 0.669655 0.911792 0.955655 0.868944 0.962227 0.957294 0.929816 0.982868 0.840927 0.967554 0.968358 0.963875 0.890860 0.867882 0.745420 0.617376 0.635129 0.884798 0.831283 0.795974 0.744351 0.971896 0.985247 0.706996 0.679020 0.835160 0.903706 0.907765 0.853504 0.955405 0.979494 0.949116 0.973950 0.706332 0.691043 0.769700 0.879780 0.776994 0.792858 0.842871 0.759093 0.979910 0.934010 0.963359 0.991731 0.900623 0.823741 0.700584 0.969953 0.918605 0.997334
0.916212 0.884551 0.550048 0.543848 0.941817 0.949622 0.695774 0.924135 0.778805 0.937497 0.925904 0.719021 0.956224 0.959197 0.825259 0.973641 0.943684 0.884954 0.822883 0.938556 0.998167 0.881078 0.491317 0.556756 0.564896 0.689316 0.903726 0.825589 0.993899 0.860298 0.000000 0.664937 0.743756 0.829671 0.653798 0.945953 0.862060 0.978832 0.626229 0.830571 0.873173 0.972868 0.735924 0.921640 0.980218 0.928019 0.797904 0.901057 0.793480 0.957510 0.964405 0.951189 0.906958 0.889822 0.764099 0.919403 0.863900 0.845497 0.899075 0.933622 0.973579 0.853713 0.907531 0.724388 0.618420 0.759970 0.742844 0.892224 0.952564 0.909035 0.782866 0.817614 0.859879 0.870720 0.875745 0.776609 0.752064 0.843880 0.892393 0.826447 0.989090 0.974513 0.941072 0.825967 0.627009 0.644790 0.951928 0.967407 0.909959 0.962611 0.963084 0.929560 0.908129 0.805629 0.786277 0.949958 0.971386 0.815576 0.901704 0.975847 0.955370 0.771708 0.990528 0.849880 0.938318 0.812431 0.966116 0.775253 0.950111 0.957987 0.880600 0.927451 0.910304 0.855246 0.943141 0.980947
0.936478 0.948862 0.734699 0.729664 0.927260 0.821289 0.726409 0.891201 0.985564 0.974430 0.979074 0.859648 0.882193 0.881812 0.851730 0.916706 0.873766 0.883551 0.632361 0.787407 0.997973 0.956276 0.660299 0.638568 0.779955 0.889761 0.947343 0.965462 0.914517 0.986475 0.664937 0.000000 0.669457 0.711480 0.885827 0.911907 0.833954 0.991244 0.818532 0.844612 0.884533 0.948447 0.757382 0.951528 0.970570 0.993886 0.748731 0.808315 0.918238 0.984685 0.911695 0.937299 0.919257 0.836868 0.833546 0.937820 0.857618 0.926197 0.950983 0.837029 0.888928 0.776579 0.813762 0.948965 0.888199 0.980433 0.786887 0.902208 0.956455 0.911182 0.793890 0.784725 0.808333 0.709508 0.975931 0.767168 0.849224 0.620912 0.745547 0.818738 0.832168 0.756242 0.800660 0.994518 0.682874 0.697614 0.950644 0.949387 0.799167 0.908498 0.905844 0.866727 0.962488 0.875150 0.988435 0.935642 0.989433 0.936122 0.993421 0.836845 0.910259 0.901819 0.906171 0.906763 0.923311 0.948019 0.904609 0.827326 0.945813 0.992931 0.947552 0.939073 0.917252 0.896899 0.978519 0.937311
0.692721 0.730442 0.707873 0.727715 0.869515 0.910215 0.618771 0.769998 0.959568 0.924867 0.789833 0.972479 0.985627 0.873859 0.940305 0.830990 0.701654 0.750805 0.540776 0.761024 0.989910 0.990477 0.712265 0.802955 0.882948 0.967483 0.919520 0.888145 0.781615 0.873650 0.743756 0.669457 0.000000 0.535347 0.786740 0.861706 0.896855 0.858789 0.820288 0.913225 0.840968 0.997700 0.671393 0.765838 0.721905 0.819970 0.776272 0.730339 0.998144 0.852757 0.892926 0.859201 0.876277 0.879824 0.807268 0.964636 0.730050 0.792533 0.687013 0.905957 0.802709 0.984639 0.676015 0.878494 0.866251 0.828082 0.541355 0.594286 0.868902 0.853561 0.820605 0.902924 0.774760 0.760939 0.941322 0.800075 0.677740 0.649672 0.719635 0.738901 0.740552 0.707482 0.950014 0.966400 0.687351 0.665840 0.991494 0.887985 0.879563 0.998681 0.836867 0.735106 0.860966 0.858272 0.931762 0.803236 0.911868 0.873979 0.818869 0.705931 0.986681 0.772729 0.804302 0.946739 0.727572 0.884642 0.880062 0.922571 0.919733 0.867349 0.844923 0.948928 0.901603 0.991615 0.968355 0.879501
0.706748 0.735203 0.819283 0.902136 0.894135 0.992521 0.589799 0.704463 0.957129 0.697541 0.651054 0.919797 0.944359 0.872178 0.988490 0.883760 0.665306 0.683022 0.546603 0.783116 0.962267 0.982289 0.868355 0.979802 0.925129 0.946644 0.907885 0.794273 0.720209 0.776465 0.829671 0.711480 0.535347 0.000000 0.879543 0.831020 0.915179 0.928283 0.897243 0.942846 0.946815 0.990870 0.702054 0.715832 0.547845 0.627438 0.693256 0.685523 0.772499 0.742411 0.716921 0.734420 0.848708 0.787572 0.837438 0.995514 0.714008 0.790508 0.662944 0.959318 0.755036 0.971358 0.644936 0.811603 0.991449 0.936508 0.562410 0.587670 0.826812 0.819762 0.840475 0.978985 0.769289 0.748832 0.903015 0.761615 0.701864 0.644988 0.789546 0.831008 0.753734 0.745856 0.914892 0.929512 0.786559 0.840715 0.963917 0.934254 0.863140 0.944774 0.710863 0.708863 0.833575 0.820361 0.898392 0.886593 0.836997 0.989489 0.676032 0.645014 0.925847 0.764790 0.805008 0.938387 0.827919 0.884095 0.994185 0.846021 0.966210 0.932085 0.885352 0.712532 0.638448 0.997271 0.979931 0.967201
0.948049 0.925097 0.638293 0.675735 0.805070 0.976909 0.855909 0.966143 0.800103 0.876845 0.850964 0.742779 0.911460 0.743006 0.961679 0.864399 0.838794 0.802008 0.969105 0.844804 0.808049 0.942345 0.653942 0.740976 0.647588 0.723713 0.839712 0.761148 0.822296 0.674365 0.653798 0.885827 0.786740 0.879543 0.000000 0.974940 0.858011 0.911471 0.831757 0.993796 0.820286 0.960433 0.972821 0.944036 0.994736 0.937135 0.935446 0.924607 0.815082 0.922661 0.986547 0.923264 0.955708 0.942320 0.685686 0.996998 0.879796 0.927321 0.794088 0.838899 0.851917 0.997888 0.883856 0.823048 0.606728 0.647144 0.635832 0.685651 0.938211 0.978232 0.887137 0.971414 0.872109 0.980676 0.938068 0.968169 0.837609 0.921260 0.992722 0.983262 0.956650 0.978790 0.931112 0.834876 0.665264 0.617560 0.900046 0.966931 0.875971 0.756503 0.963116 0.876831 0.822404 0.756352 0.944435 0.907406 0.898177 0.897369 0.896605 0.989775 0.817766 0.911611 0.967884 0.760928 0.850881 0.770954 0.975943 0.907090 0.905768 0.968623 0.992306 0.865889 0.777791 0.829410 0.861884 0.938659
0.975788 0.936218 0.987153 0.963787 0.838600 0.817559 0.940570 0.935833 0.845729 0.910969 0.943187 0.955326 0.961472 0.998992 0.934444 0.831930 0.989381 0.966125 0.991990 0.965293 0.914375 0.957610 0.921872 0.983023 0.937579 0.935395 0.910797 0.958535 0.962392 0.928815 0.945953 0.911907 0.861706 0.831020 0.974940 0.000000 0.977635 0.900262 0.927370 0.909451 0.913027 0.980224 0.955317 0.977080 0.949615 0.967257 0.966688 0.954543 0.906332 0.994933 0.997215 0.986820 0.951163 0.984470 0.917192 0.931978 0.951312 0.958420 0.990509 0.907303 0.997615 0.953555 0.997245 0.986141 0.977528 0.890608 0.824046 0.787929 0.990017 0.929396 0.979977 0.940684 0.964636 0.930058 0.931519 0.995508 0.947392 0.886913 0.928720 0.951834 0.943758 0.989871 0.799019 0.988758 0.946427 0.844688 0.982843 0.948172 0.981045 0.905421 0.917012 0.888200 0.924094 0.998520 0.926227 0.857239 0.972887 0.992402 0.931436 0.913195 0.844749 0.959837 0.879877 0.998485 0.857979 0.911375 0.991851 0.991205 0.915169 0.894836 0.851894 0.962884 0.953210 0.956864 0.987795 0.946884
0.875939 0.889325 0.902762 0.691376 0.898233 0.920765 0.990383 0.915326 0.752667 0.950330 0.852817 0.991288 0.850857 0.956115 0.973668 0.820759 0.969149 0.955437 0.997087 0.883643 0.918877 0.941129 0.920346 0.831078 0.817868 0.745013 0.916315 0.953434 0.946408 0.760734 0.862060 0.833954 0.896855 0.915179 0.858011 0.977635 0.000000 0.702789 0.888376 0.862882 0.776631 0.929053 0.943797 0.946042 0.901668 0.869744 0.924766 0.995496 0.982171 0.907632 0.752423 0.845383 0.813047 0.849737 0.776224 0.973226 0.884664 0.852099 0.776580 0.759559 0.903090 0.809034 0.910693 0.918362 0.854590 0.779463 0.996757 0.998353 0.796648 0.811947 0.809962 0.814043 0.782624 0.847405 0.920576 0.961690 0.887168 0.850784 0.881366 0.959145 0.889303 0.983114 0.969592 0.894032 0.973593 0.865906 0.772246 0.912766 0.925782 0.763373 0.952993 0.910276 0.849812 0.903457 0.914586 0.958741 0.875716 0.926511 0.920983 0.983124 0.957226 0.974710 0.948951 0.953095 0.720822 0.872524 0.999581 0.797011 0.857648 0.925631 0.919798 0.954523 0.965308 0.951669 0.941256 0.876034
0.831391 0.785406 0.993882 0.769596 0.856751 0.896800 0.887028 0.978233 0.970317 0.887226 0.754495 0.975787 0.804986 0.940153 0.825388 0.984489 0.990898 0.984654 0.983317 0.950213 0.961299 0.998002 0.959942 0.884308 0.818091 0.871583 0.964412 0.982058 0.933940 0.875117 0.978832 0.991244 0.858789 0.928283 0.911471 0.900262 0.702789 0.000000 0.954775 0.949605 0.814793 0.928128 0.986626 0.937761 0.904336 0.904247 0.948927 0.921670 0.989829 0.929793 0.876652 0.875276 0.971472 0.998918 0.802949 0.904936 0.884862 0.821915 0.882704 0.793031 0.964198 0.773623 0.956535 0.860041 0.944854 0.783255 0.993176 0.957142 0.832823 0.902745 0.927007 0.804490 0.958535 0.942007 0.950556 0.996502 0.830509 0.907821 0.966722 0.968686 0.940051 0.979844 0.873814 0.921414 0.968422 0.845733 0.933359 0.972664 0.971493 0.772797 0.928443 0.876384 0.991030 0.941067 0.975002 0.966429 0.986119 0.921020 0.959434 0.930783 0.986609 0.889452 0.900247 0.953377 0.723597 0.868477 0.974179 0.978890 0.936109 0.960492 0.952676 0.939483 0.912069 0.977428 0.984643 0.827279
