0.000000 0.272206 0.415001 0.434693 0.876337 0.733172 0.468648 0.433820 0.774211 0.698741 0.359640 0.292021 0.315197 0.454958 0.444309 0.472917 0.300425 0.269500 0.309242 0.306678 0.608673 0.711724 0.502260 0.481564 0.566716 0.549256 0.923773 0.859874 0.315692 0.303025 0.385559 0.476347 0.368601 0.373015 0.715294 0.771691 0.619276 0.757181 0.772076 0.853394 0.985421 0.801411 0.492006 0.448789 0.466742 0.393729 0.391616 0.387032 0.772515 0.528054 0.525465 0.608575 0.710761 0.808300 0.687518 0.847218 0.382014 0.377111 0.348564 0.365829 0.256509 0.401744 0.255467 0.310340 0.413117 0.379466 0.447284 0.359746 0.449449 0.401024 0.580412 0.600949 0.412345 0.426473 0.756032 0.737479 0.583346 0.490998 0.459323 0.444719 0.292872 0.299901 0.396023 0.504672 0.437657 0.344266 0.944682 0.790107 0.804443 0.652452 0.891101 0.969818 0.905572 0.966951 0.616255 0.611720 0.618907 0.726171 0.573602 0.547556 0.772757 0.739836 0.627615 0.609215 0.590212 0.704380 0.916479 0.881697 0.763200 0.736447 0.940132 0.649519 0.632929 0.692335 0.641596 0.885707
0.272206 0.000000 0.570367 0.523051 0.752333 0.883266 0.585428 0.462922 0.841459 0.757187 0.440696 0.333672 0.491401 0.556407 0.581486 0.574240 0.249668 0.295118 0.405878 0.383115 0.645040 0.754556 0.607714 0.628270 0.674183 0.646417 0.736244 0.911598 0.334652 0.348399 0.475230 0.588759 0.437468 0.443577 0.840202 0.656773 0.663984 0.718485 0.813755 0.900073 0.999080 0.616690 0.533607 0.510996 0.493407 0.483076 0.478867 0.478733 0.691753 0.562186 0.528583 0.623318 0.791010 0.780693 0.766982 0.933428 0.270906 0.241405 0.374025 0.392848 0.344383 0.392938 0.261820 0.185602 0.566012 0.496591 0.518476 0.388734 0.492150 0.329135 0.613610 0.566358 0.424838 0.470571 0.860662 0.782888 0.643215 0.444561 0.515110 0.613497 0.290418 0.411815 0.413475 0.483804 0.576968 0.500594 0.964249 0.977649 0.855861 0.700474 0.905243 0.982386 0.875006 0.995435 0.613163 0.688183 0.689824 0.567616 0.605220 0.547761 0.821912 0.821852 0.630378 0.584599 0.523004 0.705010 0.986379 0.818564 0.864340 0.733675 0.795349 0.578436 0.682542 0.752229 0.647508 0.897360
0.415001 0.570367 0.000000 0.182216 0.856520 0.573781 0.190433 0.248546 0.426000 0.385961 0.403466 0.397432 0.294664 0.537087 0.427204 0.436222 0.558522 0.417979 0.301830 0.408412 0.663595 0.678022 0.344778 0.342910 0.608329 0.367303 0.973008 0.992280 0.528834 0.417341 0.330656 0.364227 0.307194 0.318316 0.706680 0.815692 0.647907 0.917303 0.581353 0.753093 0.824538 0.919180 0.287391 0.285667 0.283996 0.305134 0.301459 0.347659 0.587628 0.410670 0.406755 0.391321 0.488919 0.574559 0.641477 0.687924 0.715470 0.748854 0.393372 0.465614 0.245509 0.395352 0.537318 0.602952 0.241526 0.221145 0.260020 0.263231 0.705367 0.613444 0.420304 0.507505 0.502813 0.442267 0.786577 0.714842 0.498046 0.589300 0.497495 0.415534 0.504288 0.404731 0.657214 0.707046 0.519279 0.373663 0.940367 0.852656 0.768149 0.647151 0.573368 0.654242 0.636079 0.641573 0.535894 0.571212 0.442102 0.676873 0.387454 0.347829 0.628066 0.525434 0.569053 0.511674 0.421760 0.516229 0.936400 0.774248 0.796507 0.814012 0.785841 0.486253 0.450712 0.717896 0.542930 0.840897
0.434693 0.523051 0.182216 0.000000 0.817230 0.555044 0.202758 0.186484 0.416130 0.379741 0.469132 0.383489 0.331358 0.496136 0.435832 0.393046 0.559465 0.418521 0.326804 0.415124 0.567040 0.669582 0.329827 0.329789 0.718784 0.397649 0.928288 0.980805 0.478954 0.424260 0.342458 0.395721 0.270762 0.278735 0.737028 0.787835 0.667064 0.950235 0.737364 0.848095 0.865036 0.851209 0.270552 0.281425 0.295323 0.315935 0.317318 0.370979 0.626592 0.410502 0.396235 0.343234 0.478418 0.475860 0.677316 0.714875 0.687661 0.713204 0.360318 0.430579 0.253238 0.337449 0.519582 0.548769 0.282792 0.198520 0.253966 0.247990 0.750276 0.582151 0.351044 0.424349 0.507515 0.434993 0.783654 0.678815 0.463759 0.549457 0.499004 0.475531 0.501380 0.386970 0.662081 0.612562 0.516303 0.350760 0.979024 0.866212 0.764633 0.601312 0.467627 0.560142 0.511113 0.562155 0.532196 0.597390 0.442568 0.604775 0.336893 0.296681 0.550867 0.534047 0.526233 0.444034 0.381608 0.511168 0.916386 0.791521 0.865137 0.830743 0.787542 0.428200 0.413804 0.602513 0.495238 0.816010
0.876337 0.752333 0.856520 0.817230 0.000000 0.807195 0.759178 0.706913 0.805490 0.910315 0.902176 0.834810 0.768169 0.997673 0.831984 0.818664 0.787584 0.860226 0.799469 0.916557 0.835796 0.790892 0.758789 0.830957 0.922739 0.996421 0.723495 0.887211 0.822194 0.834445 0.863316 0.995933 0.797200 0.790630 0.946478 0.887598 0.890227 0.936154 0.992025 0.847371 0.984997 0.962115 0.829573 0.847733 0.719861 0.751911 0.792476 0.819734 0.765349 0.679580 0.719462 0.730167 0.834254 0.609195 0.893891 0.808717 0.883883 0.836002 0.729890 0.767856 0.656047 0.687226 0.690988 0.732613 0.815017 0.750742 0.716911 0.741007 0.877391 0.859932 0.638339 0.751712 0.828138 0.874417 0.984872 0.789470 0.863288 0.902635 0.912345 0.978247 0.652743 0.745069 0.811996 0.855959 0.754315 0.763338 0.884826 0.945618 0.868339 0.903633 0.793880 0.805793 0.785978 0.906419 0.828664 0.902877 0.867614 0.713854 0.783198 0.698750 0.869022 0.916365 0.866913 0.838180 0.774243 0.770307 0.823403 0.830627 0.694422 0.931603 0.976555 0.736219 0.738653 0.840140 0.870480 0.979530
0.733172 0.883266 0.573781 0.555044 0.807195 0.000000 0.487761 0.557345 0.488890 0.613764 0.754050 0.748405 0.632908 0.898083 0.755762 0.628959 0.911587 0.855727 0.685880 0.801274 0.822032 0.871496 0.617302 0.669292 0.880485 0.689248 0.896888 0.785405 0.882149 0.879124 0.633720 0.750479 0.637793 0.648836 0.551709 0.862460 0.931580 0.756501 0.954748 0.894459 0.966244 0.969639 0.581194 0.594969 0.528404 0.571299 0.681314 0.654261 0.895697 0.618989 0.658700 0.549690 0.557507 0.585981 0.820886 0.778750 0.897370 0.965381 0.698655 0.657972 0.629927 0.693711 0.818264 0.929716 0.706075 0.603210 0.505521 0.603682 0.888145 0.807692 0.602256 0.528730 0.810864 0.756141 0.781919 0.870511 0.655277 0.834771 0.752800 0.662413 0.754969 0.678074 0.993619 0.869557 0.789747 0.672710 0.985690 0.852835 0.936625 0.791237 0.515339 0.636008 0.516050 0.586990 0.620956 0.714815 0.614115 0.918724 0.577710 0.618565 0.666966 0.618168 0.783519 0.630490 0.548068 0.780160 0.854884 0.850115 0.868105 0.985116 0.869593 0.731946 0.622739 0.753831 0.672351 0.857249
0.468648 0.585428 0.190433 0.202758 0.759178 0.487761 0.000000 0.184958 0.366560 0.300904 0.431093 0.492594 0.374329 0.657692 0.533641 0.515904 0.508955 0.402656 0.287379 0.430641 0.673927 0.631501 0.390168 0.458520 0.750476 0.459925 0.909721 0.981737 0.561310 0.469600 0.379412 0.418110 0.286877 0.260230 0.730423 0.714671 0.718181 0.970896 0.810179 0.835572 0.932521 0.861599 0.208306 0.206532 0.211451 0.252549 0.316697 0.331672 0.600088 0.398214 0.367743 0.353731 0.467272 0.455815 0.677938 0.719815 0.654797 0.714157 0.370611 0.500696 0.295856 0.467924 0.509462 0.600062 0.337060 0.275550 0.166030 0.215643 0.758515 0.642368 0.341853 0.360722 0.546173 0.430714 0.827865 0.687970 0.397474 0.564363 0.489909 0.445302 0.478662 0.402019 0.707786 0.718926 0.573138 0.456406 0.934217 0.867205 0.814560 0.778090 0.392627 0.455952 0.467247 0.447963 0.501783 0.579870 0.429794 0.637383 0.290787 0.259822 0.513297 0.417478 0.487498 0.390594 0.361611 0.469294 0.886633 0.720459 0.768909 0.832039 0.718649 0.393603 0.346775 0.620386 0.481765 0.800578
0.433820 0.462922 0.248546 0.186484 0.706913 0.557345 0.184958 0.000000 0.415098 0.275079 0.450463 0.388816 0.370840 0.575060 0.508396 0.463614 0.465011 0.378018 0.335899 0.383052 0.655907 0.653805 0.400463 0.442136 0.812721 0.500080 0.826676 0.965495 0.509337 0.450165 0.429908 0.467853 0.291299 0.280575 0.787442 0.736901 0.764172 0.947428 0.878759 0.927575 0.940802 0.765682 0.250384 0.269477 0.275891 0.288181 0.371981 0.369927 0.558180 0.346776 0.357545 0.326351 0.490046 0.409902 0.720297 0.793898 0.583004 0.577816 0.279475 0.386618 0.263331 0.309841 0.470325 0.460730 0.355927 0.234670 0.229026 0.234109 0.776025 0.519513 0.361025 0.387499 0.553193 0.471563 0.847867 0.646649 0.474338 0.508202 0.465944 0.547678 0.453154 0.405056 0.700878 0.663513 0.577903 0.420401 0.972273 0.869419 0.801373 0.677802 0.405898 0.477070 0.435327 0.503915 0.465891 0.554273 0.454645 0.546303 0.285536 0.236429 0.468047 0.488767 0.481060 0.402310 0.329898 0.454107 0.875910 0.732975 0.799796 0.764143 0.779419 0.351210 0.354438 0.613177 0.513157 0.744562
0.774211 0.841459 0.426000 0.416130 0.805490 0.488890 0.366560 0.415098 0.000000 0.393005 0.768903 0.749471 0.626038 0.827906 0.741977 0.639208 0.814179 0.786528 0.647712 0.727279 0.854857 0.796461 0.534570 0.561686 0.957485 0.580651 0.973919 0.946179 0.895230 0.809553 0.615672 0.613507 0.574360 0.553228 0.810534 0.765305 0.959360 0.946855 0.941157 0.852304 0.792595 0.850935 0.422382 0.482738 0.461096 0.511078 0.558453 0.605697 0.694039 0.486497 0.411035 0.398366 0.400059 0.359279 0.787210 0.712286 0.968874 0.994837 0.540071 0.685359 0.562295 0.657077 0.792760 0.857692 0.565486 0.471243 0.395886 0.524407 0.950907 0.801439 0.479212 0.530955 0.785453 0.674499 0.949240 0.808354 0.630579 0.738665 0.720788 0.653484 0.749896 0.706161 0.874054 0.894755 0.788362 0.642081 0.813534 0.819310 0.739020 0.845574 0.348499 0.415960 0.351442 0.409049 0.623904 0.789377 0.537163 0.639435 0.413628 0.451790 0.506288 0.498262 0.691662 0.584663 0.519722 0.601149 0.681278 0.665596 0.974978 0.954702 0.841974 0.505044 0.470754 0.866903 0.566353 0.795117
0.698741 0.757187 0.385961 0.379741 0.910315 0.613764 0.300904 0.275079 0.393005 0.000000 0.624794 0.618016 0.598987 0.783388 0.714145 0.677441 0.649457 0.620880 0.561123 0.537858 0.871832 0.827113 0.530441 0.622927 0.943860 0.563955 0.949458 0.877245 0.796402 0.659737 0.550423 0.523595 0.444748 0.421406 0.857496 0.677164 0.868379 0.910068 0.941394 0.962531 0.868053 0.785173 0.324194 0.336011 0.360732 0.398776 0.534534 0.500733 0.535697 0.404977 0.410270 0.359775 0.443020 0.472521 0.852131 0.863892 0.768749 0.814106 0.435297 0.575244 0.552558 0.533450 0.718509 0.711324 0.549716 0.446640 0.343300 0.401704 0.984572 0.701509 0.487580 0.432694 0.734393 0.564238 0.839540 0.748700 0.511114 0.609776 0.567459 0.622766 0.718819 0.694388 0.908182 0.906457 0.856950 0.721677 0.923765 0.926217 0.911089 0.846907 0.388829 0.412286 0.445500 0.466816 0.575051 0.561154 0.472901 0.640599 0.259066 0.288130 0.444262 0.408306 0.475478 0.467050 0.482592 0.471433 0.696194 0.618099 0.889532 0.824442 0.709101 0.450843 0.385306 0.818657 0.536195 0.671721
0.359640 0.440696 0.403466 0.469132 0.902176 0.754050 0.431093 0.450463 0.768903 0.624794 0.000000 0.384674 0.441936 0.591495 0.656481 0.644032 0.423649 0.278760 0.281125 0.278050 0.697418 0.719135 0.704196 0.614409 0.778849 0.612943 0.985873 0.852387 0.454560 0.353166 0.513095 0.544816 0.496037 0.425516 0.914527 0.848952 0.753788 0.834303 0.797983 0.784942 0.996134 0.961237 0.545199 0.478681 0.516444 0.500874 0.525126 0.517377 0.846325 0.611211 0.612297 0.676567 0.716565 0.736188 0.803602 0.994363 0.458475 0.471279 0.536987 0.561298 0.410833 0.586171 0.360915 0.466532 0.590403 0.532350 0.523228 0.387732 0.616622 0.682803 0.681490 0.612493 0.571157 0.487027 0.844269 0.735314 0.613294 0.532314 0.589050 0.466795 0.452674 0.424755 0.607553 0.720938 0.740099 0.619889 0.968922 0.856142 0.984783 0.869630 0.808378 0.851029 0.866503 0.808168 0.667731 0.680514 0.718172 0.901690 0.607172 0.545347 0.741794 0.601396 0.587262 0.519194 0.621928 0.798911 0.978613 0.870148 0.953316 0.848810 0.836837 0.641586 0.633516 0.763126 0.739905 0.972945
0.292021 0.333672 0.397432 0.383489 0.834810 0.748405 0.492594 0.388816 0.749471 0.618016 0.384674 0.000000 0.294614 0.342757 0.310484 0.314380 0.392413 0.331650 0.355065 0.350147 0.547680 0.665104 0.388536 0.381434 0.625579 0.540833 0.981746 0.908384 0.334050 0.307617 0.361751 0.424895 0.370359 0.392479 0.799303 0.833045 0.653802 0.761184 0.750755 0.924584 0.966465 0.861196 0.538445 0.504278 0.498099 0.463502 0.466112 0.413341 0.742647 0.504097 0.552564 0.540608 0.704424 0.735609 0.845222 0.926164 0.512012 0.494234 0.429400 0.409430 0.261871 0.317665 0.335934 0.314217 0.436044 0.363324 0.498636 0.397935 0.674201 0.515332 0.577876 0.554563 0.385439 0.414748 0.713683 0.707319 0.635542 0.416216 0.544087 0.534648 0.458569 0.443053 0.453931 0.617261 0.520925 0.405494 0.990722 0.879226 0.850141 0.655128 0.891135 0.990656 0.869380 0.969728 0.640468 0.640905 0.668752 0.697222 0.601914 0.505035 0.778248 0.757397 0.589429 0.629275 0.476851 0.590300 0.980639 0.888631 0.884491 0.671184 0.893622 0.671629 0.686430 0.659663 0.582541 0.953332
0.315197 0.491401 0.294664 0.331358 0.768169 0.632908 0.374329 0.370840 0.626038 0.598987 0.441936 0.294614 0.000000 0.347777 0.281944 0.304271 0.528785 0.473370 0.343348 0.434458 0.613692 0.716955 0.306693 0.309990 0.637630 0.513380 0.986251 0.970602 0.437820 0.422188 0.393537 0.494552 0.407316 0.434554 0.699847 0.825957 0.680096 0.822796 0.639048 0.828184 0.964847 0.987880 0.437854 0.433143 0.435858 0.408280 0.407591 0.378025 0.761592 0.394180 0.431248 0.440243 0.566860 0.625728 0.648926 0.769486 0.672985 0.665332 0.381657 0.395728 0.207920 0.339684 0.392513 0.483623 0.254016 0.283704 0.392226 0.351983 0.702172 0.602777 0.514083 0.518273 0.462297 0.486459 0.784633 0.618689 0.578733 0.595746 0.585682 0.544455 0.490700 0.427751 0.510744 0.715984 0.403451 0.311619 0.855314 0.773411 0.743979 0.621803 0.761340 0.835825 0.743039 0.861164 0.664011 0.714913 0.635596 0.764255 0.547244 0.495959 0.723570 0.706736 0.611917 0.689783 0.455855 0.580029 0.978637 0.853492 0.681984 0.789320 0.873550 0.618536 0.607678 0.620131 0.569358 0.847908
0.454958 0.556407 0.537087 0.496136 0.997673 0.898083 0.657692 0.575060 0.827906 0.783388 0.591495 0.342757 0.347777 0.000000 0.265474 0.271236 0.638743 0.535898 0.459982 0.532450 0.590833 0.705340 0.413270 0.344634 0.612316 0.602605 0.922320 0.933612 0.405394 0.435107 0.451201 0.559386 0.519527 0.530136 0.869892 0.972344 0.614123 0.756467 0.721121 0.789127 0.982998 0.859823 0.613137 0.593866 0.723903 0.649440 0.573660 0.563604 0.903589 0.685603 0.675818 0.642359 0.781335 0.862756 0.842960 0.989530 0.686459 0.718839 0.566311 0.586976 0.445533 0.508381 0.510694 0.517231 0.418403 0.456300 0.610792 0.571435 0.916640 0.626033 0.616964 0.684975 0.601246 0.570742 0.836544 0.633470 0.605205 0.612185 0.652735 0.642726 0.710752 0.681813 0.487574 0.710643 0.513001 0.418079 0.887892 0.907988 0.917338 0.673923 0.932120 0.989912 0.879788 0.987675 0.745919 0.767158 0.877189 0.767933 0.717493 0.675219 0.793498 0.853149 0.688531 0.876167 0.615397 0.658138 0.944778 0.868081 0.898149 0.791747 0.923420 0.763019 0.786562 0.718589 0.650445 0.981483
0.444309 0.581486 0.427204 0.435832 0.831984 0.755762 0.533641 0.508396 0.741977 0.714145 0.656481 0.310484 0.281944 0.265474 0.000000 0.199892 0.609848 0.567609 0.479479 0.575226 0.608239 0.693270 0.206473 0.258954 0.452178 0.504061 0.946781 0.922498 0.445266 0.431453 0.300587 0.392306 0.398814 0.454761 0.628746 0.949411 0.627642 0.826385 0.670339 0.902727 0.966505 0.988969 0.519734 0.525896 0.559148 0.517494 0.476297 0.447222 0.816772 0.604602 0.611624 0.547118 0.713803 0.811197 0.686606 0.807071 0.783278 0.810617 0.527953 0.551589 0.341670 0.448204 0.484777 0.541239 0.316300 0.382901 0.475556 0.478211 0.867848 0.641465 0.500229 0.625140 0.443745 0.510292 0.718989 0.688895 0.562650 0.640865 0.564044 0.627524 0.577472 0.566763 0.449572 0.706727 0.364705 0.320918 0.848991 0.867822 0.929517 0.684201 0.912960 0.982146 0.887551 0.953248 0.731656 0.766679 0.728380 0.750854 0.684742 0.633821 0.871142 0.855781 0.760340 0.870952 0.475037 0.571803 0.968906 0.923842 0.813840 0.755445 0.867447 0.721072 0.709176 0.724953 0.542436 0.947325
0.472917 0.574240 0.436222 0.393046 0.818664 0.628959 0.515904 0.463614 0.639208 0.677441 0.644032 0.314380 0.304271 0.271236 0.199892 0.000000 0.621297 0.578117 0.448616 0.560918 0.593056 0.658841 0.213478 0.215271 0.540684 0.527149 0.931620 0.885097 0.465911 0.464568 0.337879 0.440004 0.399333 0.465422 0.696640 0.861660 0.726218 0.834995 0.762164 0.926327 0.981675 0.937718 0.455945 0.478093 0.522025 0.467219 0.474045 0.432306 0.786562 0.523657 0.499734 0.436530 0.547845 0.637371 0.788134 0.805401 0.794442 0.809746 0.485319 0.533112 0.367457 0.453387 0.489373 0.527582 0.379211 0.395426 0.439259 0.479178 0.884118 0.648688 0.420348 0.496671 0.460525 0.492249 0.662658 0.668471 0.528190 0.614028 0.570590 0.582486 0.613485 0.610428 0.536650 0.738858 0.463153 0.357649 0.919719 0.937558 0.920261 0.755302 0.748798 0.848683 0.716211 0.935313 0.705630 0.713905 0.696634 0.739758 0.609192 0.549989 0.787336 0.726806 0.653273 0.810985 0.420215 0.569169 0.862422 0.849132 0.835512 0.812458 0.842843 0.722837 0.648512 0.653045 0.502930 0.878194
0.300425 0.249668 0.558522 0.559465 0.787584 0.911587 0.508955 0.465011 0.814179 0.649457 0.423649 0.392413 0.528785 0.638743 0.609848 0.621297 0.000000 0.225701 0.342825 0.381784 0.631467 0.659081 0.603421 0.666764 0.649595 0.667935 0.822535 0.892841 0.327409 0.324945 0.466759 0.464225 0.410175 0.410048 0.922809 0.661679 0.697112 0.739486 0.850439 0.843586 0.891546 0.641286 0.497268 0.458034 0.479923 0.482844 0.500133 0.428439 0.753905 0.620039 0.555809 0.680812 0.796351 0.804778 0.806619 0.987430 0.203478 0.288856 0.393371 0.521631 0.422555 0.564017 0.246028 0.240678 0.602461 0.592126 0.483050 0.406804 0.498905 0.484982 0.580095 0.533269 0.456882 0.461315 0.819695 0.760217 0.560467 0.432469 0.445650 0.563226 0.283122 0.470620 0.448594 0.596513 0.618466 0.591800 0.997147 0.991162 0.964145 0.848478 0.864794 0.930752 0.899547 0.967000 0.683299 0.706627 0.685753 0.609822 0.576946 0.498408 0.906177 0.772367 0.526551 0.466407 0.585050 0.664557 0.989407 0.824797 0.811058 0.626097 0.781255 0.606326 0.652984 0.694243 0.630359 0.930987
0.269500 0.295118 0.417979 0.418521 0.860226 0.855727 0.402656 0.378018 0.786528 0.620880 0.278760 0.331650 0.473370 0.535898 0.567609 0.578117 0.225701 0.000000 0.205657 0.235948 0.627012 0.610485 0.611198 0.614677 0.634988 0.556503 0.885217 0.875884 0.261304 0.231720 0.438394 0.411479 0.348055 0.311755 0.898525 0.830450 0.646751 0.804579 0.796087 0.793997 0.965584 0.698126 0.445795 0.386926 0.463050 0.436646 0.450607 0.414853 0.775658 0.620629 0.594106 0.672362 0.797188 0.798861 0.824874 0.981793 0.261033 0.295091 0.436928 0.540860 0.354474 0.543458 0.241752 0.287186 0.540589 0.485944 0.450102 0.361977 0.521267 0.536260 0.590855 0.582979 0.468284 0.393560 0.783431 0.695439 0.590573 0.445724 0.447666 0.468221 0.334721 0.336564 0.468250 0.540454 0.608882 0.507384 0.982185 0.935590 0.963047 0.799125 0.808360 0.869575 0.869798 0.857844 0.649978 0.589950 0.673622 0.702875 0.510787 0.446162 0.765435 0.658781 0.570771 0.445337 0.554660 0.686054 0.889290 0.862027 0.891370 0.713809 0.852937 0.540909 0.576695 0.657638 0.629164 0.912491
0.309242 0.405878 0.301830 0.326804 0.799469 0.685880 0.287379 0.335899 0.647712 0.561123 0.281125 0.355065 0.343348 0.459982 0.479479 0.448616 0.342825 0.205657 0.000000 0.277187 0.625898 0.572752 0.480781 0.461066 0.607729 0.483679 0.924552 0.890848 0.319498 0.247469 0.360405 0.393900 0.324536 0.258853 0.830844 0.758574 0.648086 0.881061 0.722544 0.740162 0.932927 0.798406 0.337832 0.284031 0.381498 0.353634 0.356915 0.357456 0.723932 0.508680 0.483150 0.526028 0.621526 0.660716 0.774433 0.879934 0.436090 0.496231 0.416019 0.534783 0.305935 0.534887 0.296504 0.413047 0.400902 0.395018 0.338508 0.330707 0.623918 0.564667 0.475225 0.477083 0.473626 0.390314 0.812311 0.587264 0.516687 0.520343 0.505343 0.384244 0.403866 0.377064 0.575286 0.636151 0.553968 0.462024 0.900721 0.925708 0.943968 0.820829 0.677973 0.743037 0.745521 0.728482 0.591108 0.615551 0.642916 0.710158 0.428102 0.394467 0.690956 0.572759 0.519029 0.447398 0.474666 0.647303 0.995880 0.824489 0.803452 0.793044 0.828176 0.515265 0.489691 0.628631 0.535571 0.874785
0.306678 0.383115 0.408412 0.415124 0.916557 0.801274 0.430641 0.383052 0.727279 0.537858 0.278050 0.350147 0.434458 0.532450 0.575226 0.560918 0.381784 0.235948 0.277187 0.000000 0.706691 0.646816 0.599375 0.581899 0.717741 0.565186 0.863371 0.846338 0.350248 0.282213 0.463348 0.428296 0.371688 0.325007 0.837500 0.863084 0.720583 0.808246 0.766824 0.830211 0.894861 0.872140 0.466821 0.394867 0.483185 0.438058 0.439552 0.406908 0.742942 0.548679 0.564700 0.603130 0.682573 0.767952 0.839061 0.910728 0.402166 0.401530 0.450550 0.514012 0.373376 0.491649 0.337636 0.377328 0.538896 0.472728 0.491898 0.416608 0.621356 0.542788 0.679809 0.629289 0.523234 0.448455 0.745246 0.670529 0.619274 0.583255 0.536373 0.464576 0.477788 0.394459 0.564639 0.655499 0.703530 0.558192 0.898845 0.934418 0.908232 0.737664 0.808790 0.858173 0.890382 0.877019 0.675046 0.636693 0.637591 0.749164 0.488201 0.472527 0.662974 0.623275 0.640636 0.516714 0.581887 0.692733 0.981405 0.861976 0.857544 0.794814 0.779533 0.580113 0.576732 0.747184 0.626370 0.822152
0.608673 0.645040 0.663595 0.567040 0.835796 0.822032 0.673927 0.655907 0.854857 0.871832 0.697418 0.547680 0.613692 0.590833 0.608239 0.593056 0.631467 0.627012 0.625898 0.706691 0.000000 0.740003 0.588891 0.558708 0.753425 0.729096 0.962490 0.887733 0.609052 0.624701 0.587706 0.695599 0.616074 0.559874 0.732030 0.938403 0.607889 0.925904 0.807720 0.889365 0.875290 0.927422 0.685145 0.703674 0.711188 0.660938 0.578459 0.645632 0.955511 0.786395 0.807475 0.804075 0.831980 0.892781 0.912397 0.925743 0.738170 0.758309 0.690360 0.655865 0.591977 0.653105 0.614134 0.645424 0.643604 0.585853 0.665643 0.611020 0.828496 0.802377 0.638604 0.686789 0.632072 0.658533 0.801421 0.692425 0.699078 0.574095 0.756887 0.675399 0.661836 0.649154 0.588397 0.647065 0.629261 0.606637 0.880549 0.974598 0.948192 0.740530 0.877124 0.957941 0.847266 0.962210 0.855110 0.790622 0.796580 0.894502 0.794461 0.662724 0.936548 0.900084 0.652557 0.684856 0.702775 0.770675 0.939508 0.916267 0.958101 0.943727 0.947548 0.827738 0.863977 0.789542 0.860671 0.924773
0.711724 0.754556 0.678022 0.669582 0.790892 0.871496 0.631501 0.653805 0.796461 0.827113 0.719135 0.665104 0.716955 0.705340 0.693270 0.658841 0.659081 0.610485 0.572752 0.646816 0.740003 0.000000 0.698746 0.699611 0.872211 0.772458 0.890579 0.758331 0.566899 0.621150 0.676613 0.580873 0.527291 0.602564 0.955628 0.929582 0.938582 0.918869 0.961662 0.847697 0.987975 0.949146 0.680883 0.638581 0.729662 0.690828 0.721099 0.749776 0.908554 0.867753 0.794224 0.799746 0.856595 0.802411 0.863491 0.872805 0.721647 0.764797 0.814256 0.785200 0.659965 0.818528 0.676400 0.707872 0.720599 0.690724 0.613194 0.648942 0.877804 0.818850 0.634691 0.708727 0.775133 0.667628 0.959623 0.985156 0.747428 0.733245 0.931520 0.642217 0.751942 0.734425 0.736283 0.851010 0.802997 0.719889 0.930470 0.997839 0.925696 0.875180 0.753748 0.852979 0.835897 0.853055 0.836521 0.898885 0.884948 0.898699 0.734859 0.677301 0.872311 0.857839 0.845222 0.685149 0.794831 0.688931 0.971719 0.929719 0.981758 0.786709 0.812654 0.862749 0.775535 0.691518 0.809201 0.868212
0.502260 0.607714 0.344778 0.329827 0.758789 0.617302 0.390168 0.400463 0.534570 0.530441 0.704196 0.388536 0.306693 0.413270 0.206473 0.213478 0.603421 0.611198 0.480781 0.599375 0.588891 0.698746 0.000000 0.229230 0.488185 0.448774 0.987085 0.997600 0.537978 0.491647 0.267256 0.388408 0.317256 0.405361 0.574466 0.796144 0.647317 0.904245 0.713622 0.903808 0.941053 0.951658 0.354630 0.396870 0.372819 0.364363 0.361719 0.380264 0.656967 0.452833 0.429228 0.354409 0.487969 0.608328 0.627932 0.705898 0.817575 0.852673 0.415152 0.487761 0.311852 0.405563 0.512851 0.559334 0.273358 0.323496 0.305363 0.363036 0.857961 0.598304 0.337247 0.439857 0.444508 0.448775 0.704412 0.705312 0.427273 0.622074 0.483056 0.595066 0.530721 0.551892 0.499904 0.672674 0.380912 0.324897 0.861043 0.910819 0.833391 0.700767 0.673843 0.799057 0.654145 0.890476 0.620427 0.672583 0.532962 0.642169 0.511041 0.460164 0.799625 0.725644 0.609537 0.752277 0.357745 0.426012 0.798476 0.845918 0.735741 0.805931 0.762366 0.606761 0.567926 0.690691 0.429443 0.830058
0.481564 0.628270 0.342910 0.329789 0.830957 0.669292 0.458520 0.442136 0.561686 0.622927 0.614409 0.381434 0.309990 0.344634 0.258954 0.215271 0.666764 0.614677 0.461066 0.581899 0.558708 0.699611 0.229230 0.000000 0.517143 0.456295 0.978608 0.966621 0.491111 0.482523 0.317594 0.404328 0.427956 0.431775 0.643672 0.892540 0.688735 0.849388 0.690778 0.840867 0.937333 0.994842 0.439784 0.479932 0.481009 0.428729 0.398493 0.441907 0.671725 0.506555 0.481775 0.435536 0.510371 0.627992 0.661830 0.711215 0.863109 0.903018 0.452347 0.521577 0.341452 0.460322 0.539620 0.627536 0.332320 0.329269 0.411019 0.447992 0.878451 0.666806 0.422545 0.555421 0.476090 0.523144 0.729090 0.705478 0.538411 0.630036 0.591054 0.533730 0.548586 0.544787 0.581431 0.689145 0.423916 0.342106 0.840885 0.807851 0.837376 0.703007 0.717160 0.815877 0.700171 0.875883 0.676744 0.763937 0.597617 0.748854 0.617613 0.536630 0.726946 0.761871 0.683463 0.790387 0.478967 0.610564 0.904841 0.817550 0.801686 0.855313 0.846357 0.687280 0.595238 0.697635 0.500630 0.881346
0.566716 0.674183 0.608329 0.718784 0.922739 0.880485 0.750476 0.812721 0.957485 0.943860 0.778849 0.625579 0.637630 0.612316 0.452178 0.540684 0.649595 0.634988 0.607729 0.717741 0.753425 0.872211 0.488185 0.517143 0.000000 0.511918 0.844924 0.874681 0.572047 0.545722 0.440823 0.447987 0.609595 0.685054 0.587039 0.947138 0.610895 0.921283 0.612313 0.827521 0.873406 0.881641 0.681969 0.692601 0.712114 0.675709 0.572422 0.604615 0.872542 0.913985 0.874809 0.855155 0.903237 0.821479 0.644667 0.838371 0.781330 0.843309 0.705944 0.739938 0.609037 0.764611 0.670727 0.706381 0.558410 0.688664 0.683386 0.730197 0.585076 0.648799 0.759913 0.895069 0.474539 0.661717 0.669694 0.922610 0.760252 0.804078 0.680802 0.613305 0.588725 0.681507 0.611008 0.723064 0.501500 0.521239 0.881385 0.975830 0.944016 0.799679 0.837086 0.733475 0.862324 0.773860 0.698483 0.787506 0.691941 0.829445 0.876188 0.853987 0.805890 0.997010 0.914987 0.944645 0.731363 0.827724 0.868666 0.955342 0.868623 0.861439 0.942935 0.864533 0.900241 0.971981 0.714492 0.991273
0.549256 0.646417 0.367303 0.397649 0.996421 0.689248 0.459925 0.500080 0.580651 0.563955 0.612943 0.540833 0.513380 0.602605 0.504061 0.527149 0.667935 0.556503 0.483679 0.565186 0.729096 0.772458 0.448774 0.456295 0.511918 0.000000 0.940049 0.869708 0.592512 0.501982 0.350915 0.389810 0.389690 0.434373 0.664289 0.787954 0.673977 0.985142 0.611962 0.618933 0.804597 0.853086 0.411507 0.393031 0.437851 0.423785 0.444380 0.443276 0.620342 0.528125 0.493137 0.494588 0.550226 0.717035 0.674102 0.714321 0.800980 0.772293 0.480908 0.578129 0.474188 0.574676 0.603939 0.659873 0.441906 0.434752 0.449469 0.446364 0.763288 0.642261 0.538008 0.515261 0.518037 0.454748 0.717230 0.813227 0.517162 0.703578 0.624415 0.472668 0.625386 0.533910 0.688283 0.633009 0.620780 0.475496 0.885616 0.847548 0.735010 0.657693 0.693599 0.822867 0.781199 0.742267 0.605152 0.691162 0.504750 0.650653 0.486838 0.441696 0.759262 0.645414 0.659556 0.560916 0.486114 0.734856 0.894612 0.734178 0.928945 0.856208 0.889460 0.641817 0.511480 0.859357 0.564376 0.859912
0.923773 0.736244 0.973008 0.928288 0.723495 0.896888 0.909721 0.826676 0.973919 0.949458 0.985873 0.981746 0.986251 0.922320 0.946781 0.931620 0.822535 0.885217 0.924552 0.863371 0.962490 0.890579 0.987085 0.978608 0.844924 0.940049 0.000000 0.958318 0.882741 0.872803 0.892279 0.985426 0.883665 0.804975 0.993794 0.785733 0.910904 0.895427 0.972299 0.954186 0.865870 0.867121 0.886372 0.850957 0.834169 0.851981 0.886657 0.916566 0.788891 0.847009 0.791560 0.875557 0.959067 0.800538 0.926231 0.979820 0.703658 0.701395 0.823555 0.835759 0.876997 0.869254 0.830160 0.733611 0.997994 0.960925 0.854820 0.857400 0.956100 0.725986 0.836916 0.864768 0.923114 0.821198 0.930439 0.952461 0.989949 0.856843 0.987993 0.916941 0.801316 0.873929 0.931067 0.818381 0.965971 0.965724 0.905114 0.977277 0.779069 0.916869 0.905605 0.955699 0.907264 0.999697 0.886021 0.922927 0.893559 0.759263 0.866992 0.861166 0.834057 0.929570 0.813030 0.754762 0.889443 0.873367 0.934406 0.930160 0.946113 0.936757 0.930645 0.787782 0.827924 0.972125 0.804977 0.855849
0.859874 0.911598 0.992280 0.980805 0.887211 0.785405 0.981737 0.965495 0.946179 0.877245 0.852387 0.908384 0.970602 0.933612 0.922498 0.885097 0.892841 0.875884 0.890848 0.846338 0.887733 0.758331 0.997600 0.966621 0.874681 0.869708 0.958318 0.000000 0.894729 0.894579 0.971547 0.962964 0.901795 0.938569 0.952045 0.867882 0.932947 0.868254 0.966092 0.927248 0.854914 0.984723 0.962006 0.981440 0.918232 0.968334 0.923737 0.948139 0.771784 0.872415 0.903075 0.901021 0.951774 0.968332 0.902346 0.882209 0.874200 0.841386 0.981417 0.994725 0.959011 0.986562 0.870940 0.862234 0.939349 0.929289 0.983045 0.984666 0.822656 0.992763 0.906839 0.964127 0.976383 0.989142 0.867286 0.932741 0.931899 0.982804 0.888255 0.891458 0.908854 0.896012 0.980561 0.957409 0.952674 0.940585 0.937063 0.975027 0.962673 0.966532 0.984196 0.932060 0.950186 0.967789 0.912110 0.937862 0.953393 0.927701 0.992698 0.992265 0.912670 0.986138 0.996426 0.830069 0.958587 0.907225 0.877411 0.816531 0.856733 0.875022 0.939580 0.911689 0.895466 0.955740 0.955984 0.928137
0.315692 0.334652 0.528834 0.478954 0.822194 0.882149 0.561310 0.509337 0.895230 0.796402 0.454560 0.334050 0.437820 0.405394 0.445266 0.465911 0.327409 0.261304 0.319498 0.350248 0.609052 0.566899 0.537978 0.491111 0.572047 0.592512 0.882741 0.894729 0.000000 0.242554 0.413349 0.473180 0.429542 0.387108 0.830214 0.865809 0.634533 0.730309 0.743570 0.804869 0.951630 0.836406 0.569494 0.510427 0.562758 0.522644 0.472015 0.439084 0.813106 0.645513 0.651403 0.668506 0.806784 0.860844 0.704165 0.852388 0.393584 0.442265 0.528026 0.497474 0.360127 0.508944 0.279898 0.321683 0.516593 0.478230 0.528517 0.463187 0.587296 0.522457 0.636062 0.635117 0.436110 0.463446 0.748844 0.764357 0.613549 0.522247 0.596911 0.520436 0.392473 0.406234 0.429759 0.479466 0.485634 0.438056 0.896956 0.911654 0.931189 0.627836 0.967669 0.972226 0.981678 0.935401 0.693663 0.734656 0.777908 0.746248 0.659453 0.568508 0.859093 0.863280 0.701903 0.617617 0.623969 0.673570 0.900927 0.956412 0.874447 0.682210 0.821247 0.655118 0.712436 0.640509 0.636208 0.931111
0.303025 0.348399 0.417341 0.424260 0.834445 0.879124 0.469600 0.450165 0.809553 0.659737 0.353166 0.307617 0.422188 0.435107 0.431453 0.464568 0.324945 0.231720 0.247469 0.282213 0.624701 0.621150 0.491647 0.482523 0.545722 0.501982 0.872803 0.894579 0.242554 0.000000 0.311474 0.370396 0.353725 0.292155 0.814519 0.767604 0.661390 0.723200 0.667146 0.853046 0.927108 0.885941 0.493935 0.399889 0.489188 0.436449 0.425176 0.401188 0.777098 0.569372 0.582211 0.603659 0.697815 0.782042 0.692805 0.896981 0.410725 0.437202 0.526287 0.545005 0.354552 0.523998 0.287939 0.334150 0.501412 0.479940 0.459354 0.408284 0.559018 0.500467 0.568081 0.585685 0.397914 0.333365 0.684833 0.672076 0.649276 0.516771 0.543158 0.481414 0.404198 0.374571 0.443442 0.494794 0.614164 0.494394 0.843607 0.853694 0.960853 0.734086 0.920353 0.983365 0.995311 0.967185 0.647206 0.739698 0.677875 0.707185 0.588431 0.514252 0.786882 0.715685 0.563905 0.581082 0.617157 0.665006 0.979115 0.945498 0.894940 0.776072 0.791526 0.670538 0.642209 0.740867 0.590658 0.895756
0.385559 0.475230 0.330656 0.342458 0.863316 0.633720 0.379412 0.429908 0.615672 0.550423 0.513095 0.361751 0.393537 0.451201 0.300587 0.337879 0.466759 0.438394 0.360405 0.463348 0.587706 0.676613 0.267256 0.317594 0.440823 0.350915 0.892279 0.971547 0.413349 0.311474 0.000000 0.265319 0.272236 0.297389 0.553194 0.674453 0.561936 0.784543 0.641291 0.872551 0.970636 0.845149 0.313991 0.289814 0.305081 0.306621 0.306159 0.289562 0.583811 0.490944 0.432844 0.412693 0.531892 0.718864 0.613145 0.737378 0.629458 0.676461 0.429307 0.465591 0.332807 0.477885 0.411164 0.461407 0.360778 0.375713 0.290412 0.322771 0.725416 0.502560 0.390658 0.429398 0.371063 0.288326 0.659997 0.753489 0.451110 0.513132 0.439327 0.457802 0.439383 0.482934 0.455157 0.577856 0.509406 0.425991 0.865071 0.906805 0.911160 0.667453 0.789920 0.925139 0.828593 0.931957 0.596005 0.695041 0.490564 0.672751 0.491868 0.468046 0.750016 0.678216 0.540222 0.583642 0.457013 0.538896 0.845836 0.804230 0.828949 0.756300 0.733336 0.592358 0.505080 0.694291 0.426979 0.922337
0.476347 0.588759 0.364227 0.395721 0.995933 0.750479 0.418110 0.467853 0.613507 0.523595 0.544816 0.424895 0.494552 0.559386 0.392306 0.440004 0.464225 0.411479 0.393900 0.428296 0.695599 0.580873 0.388408 0.404328 0.447987 0.389810 0.985426 0.962964 0.473180 0.370396 0.265319 0.000000 0.324358 0.365111 0.653849 0.834214 0.643932 0.818436 0.625524 0.846251 0.908571 0.875116 0.403697 0.362130 0.437719 0.467971 0.465722 0.388075 0.771194 0.673253 0.604644 0.606260 0.690974 0.828710 0.804926 0.902454 0.615178 0.713055 0.561489 0.664602 0.464755 0.658745 0.515218 0.564380 0.485340 0.498153 0.429912 0.439962 0.696636 0.662785 0.520147 0.550834 0.427732 0.384835 0.678592 0.835010 0.571630 0.531567 0.520682 0.476615 0.557339 0.558639 0.615783 0.744068 0.660794 0.537911 0.951705 0.938057 0.985276 0.822920 0.790753 0.930173 0.884029 0.896522 0.687541 0.725240 0.562288 0.773382 0.531156 0.509207 0.798860 0.659570 0.664254 0.550087 0.543499 0.615587 0.966670 0.849453 0.927391 0.812342 0.677243 0.633552 0.573892 0.768235 0.497787 0.805354
0.368601 0.437468 0.307194 0.270762 0.797200 0.637793 0.286877 0.291299 0.574360 0.444748 0.496037 0.370359 0.407316 0.519527 0.398814 0.399333 0.410175 0.348055 0.324536 0.371688 0.616074 0.527291 0.317256 0.427956 0.609595 0.389690 0.883665 0.901795 0.429542 0.353725 0.272236 0.324358 0.000000 0.265059 0.704719 0.669662 0.652259 0.870888 0.776134 0.877942 0.871830 0.805165 0.272613 0.245241 0.275149 0.265014 0.318696 0.339173 0.584610 0.459563 0.421034 0.402744 0.519871 0.613625 0.655245 0.711975 0.543961 0.540007 0.366475 0.439111 0.303536 0.383177 0.399905 0.429953 0.341900 0.309094 0.255768 0.246950 0.692781 0.473620 0.339950 0.382789 0.433812 0.345710 0.763027 0.721962 0.372971 0.511666 0.384378 0.470144 0.400404 0.380655 0.511467 0.544345 0.488321 0.368783 0.975649 0.940177 0.859116 0.677880 0.570850 0.701218 0.640589 0.754396 0.544892 0.555743 0.407869 0.534441 0.354577 0.295675 0.660500 0.570160 0.575211 0.439185 0.373883 0.451880 0.941105 0.727299 0.811003 0.724777 0.705556 0.507848 0.409426 0.653947 0.450407 0.897824
0.373015 0.443577 0.318316 0.278735 0.790630 0.648836 0.260230 0.280575 0.553228 0.421406 0.425516 0.392479 0.434554 0.530136 0.454761 0.465422 0.410048 0.311755 0.258853 0.325007 0.559874 0.602564 0.405361 0.431775 0.685054 0.434373 0.804975 0.938569 0.387108 0.292155 0.297389 0.365111 0.265059 0.000000 0.666225 0.723831 0.610854 0.793787 0.790708 0.844280 0.936690 0.850647 0.282197 0.227940 0.275360 0.267777 0.307939 0.348418 0.618787 0.429908 0.425414 0.407135 0.544084 0.611814 0.717209 0.751356 0.502757 0.549303 0.383818 0.490538 0.312684 0.456175 0.374311 0.424701 0.380398 0.329760 0.257468 0.256127 0.776291 0.536409 0.433778 0.439139 0.472399 0.397012 0.721344 0.653468 0.421654 0.486551 0.466631 0.422948 0.447137 0.391801 0.561665 0.558583 0.553179 0.474390 0.918213 0.929885 0.941706 0.764999 0.615373 0.695683 0.696058 0.692604 0.550638 0.616797 0.580589 0.605034 0.328233 0.314290 0.627448 0.572644 0.502810 0.374079 0.432899 0.564060 0.835633 0.701903 0.843314 0.817232 0.689921 0.407142 0.427907 0.655908 0.406069 0.798423
0.715294 0.840202 0.706680 0.737028 0.946478 0.551709 0.730423 0.787442 0.810534 0.857496 0.914527 0.799303 0.699847 0.869892 0.628746 0.696640 0.922809 0.898525 0.830844 0.837500 0.732030 0.955628 0.574466 0.643672 0.587039 0.664289 0.993794 0.952045 0.830214 0.814519 0.553194 0.653849 0.704719 0.666225 0.000000 0.930413 0.709208 0.967951 0.889153 0.983572 0.998594 0.876016 0.665118 0.719310 0.640277 0.647606 0.695950 0.729320 0.828845 0.723271 0.788157 0.702894 0.744455 0.923857 0.666060 0.699960 0.988187 0.926339 0.744004 0.680136 0.692356 0.803748 0.758864 0.836409 0.698484 0.718622 0.654280 0.693739 0.896311 0.722995 0.734403 0.740296 0.762805 0.727382 0.772251 0.986294 0.813521 0.766875 0.739732 0.781755 0.722498 0.743718 0.829063 0.881285 0.683375 0.677918 0.919306 0.911323 0.833842 0.829011 0.949896 0.935597 0.905610 0.994297 0.700314 0.826325 0.695246 0.870828 0.765521 0.848017 0.985787 0.992427 0.900546 0.920362 0.718365 0.762942 0.912206 0.905401 0.755068 0.949951 0.730370 0.780251 0.842209 0.977651 0.818182 0.820167
0.771691 0.656773 0.815692 0.787835 0.887598 0.862460 0.714671 0.736901 0.765305 0.677164 0.848952 0.833045 0.825957 0.972344 0.949411 0.861660 0.661679 0.830450 0.758574 0.863084 0.938403 0.929582 0.796144 0.892540 0.947138 0.787954 0.785733 0.867882 0.865809 0.767604 0.674453 0.834214 0.669662 0.723831 0.930413 0.000000 0.976286 0.665562 0.953434 0.948475 0.916196 0.818803 0.618997 0.588130 0.545113 0.605875 0.717952 0.661361 0.566595 0.566563 0.514588 0.575870 0.634985 0.603491 0.802041 0.810748 0.745407 0.711250 0.659184 0.700128 0.760204 0.763734 0.708537 0.669186 0.796908 0.784116 0.599727 0.611840 0.853580 0.589471 0.626445 0.449492 0.817638 0.654533 0.983800 0.967467 0.714452 0.671200 0.728159 0.851155 0.690512 0.804779 0.786511 0.737031 0.917662 0.857096 0.894632 0.857868 0.869777 0.940847 0.735780 0.759621 0.762775 0.810584 0.774378 0.892306 0.676980 0.648158 0.691469 0.662871 0.707051 0.633671 0.632875 0.745952 0.770833 0.751846 0.738235 0.764680 0.794466 0.891835 0.679645 0.767599 0.685462 0.798199 0.699158 0.909315
0.619276 0.663984 0.647907 0.667064 0.890227 0.931580 0.718181 0.764172 0.959360 0.868379 0.753788 0.653802 0.680096 0.614123 0.627642 0.726218 0.697112 0.646751 0.648086 0.720583 0.607889 0.938582 0.647317 0.688735 0.610895 0.673977 0.910904 0.932947 0.634533 0.661390 0.561936 0.643932 0.652259 0.610854 0.709208 0.976286 0.000000 0.842822 0.650137 0.800625 0.946122 0.804421 0.686980 0.645760 0.670240 0.700312 0.589670 0.609326 0.864746 0.867651 0.792850 0.826360 0.930373 0.886066 0.916013 0.967949 0.688558 0.742811 0.715962 0.742564 0.649817 0.716157 0.691878 0.703801 0.578462 0.638514 0.712478 0.646134 0.825324 0.724911 0.852421 0.859204 0.666999 0.646593 0.806627 0.899115 0.674603 0.682085 0.663529 0.881779 0.752471 0.781366 0.709720 0.758344 0.642652 0.671533 0.907943 0.855858 0.908053 0.829819 0.915749 0.894056 0.991873 0.919227 0.708643 0.689049 0.844247 0.879089 0.774790 0.764405 0.990811 0.998261 0.695910 0.737716 0.622549 0.753650 0.890073 0.889742 0.860560 0.785715 0.931349 0.690286 0.859006 0.995194 0.748778 0.796252
0.757181 0.718485 0.917303 0.950235 0.936154 0.756501 0.970896 0.947428 0.946855 0.910068 0.834303 0.761184 0.822796 0.756467 0.826385 0.834995 0.739486 0.804579 0.881061 0.808246 0.925904 0.918869 0.904245 0.849388 0.921283 0.985142 0.895427 0.868254 0.730309 0.723200 0.784543 0.818436 0.870888 0.793787 0.967951 0.665562 0.842822 0.000000 0.867499 0.974090 0.787282 0.963427 0.871987 0.827811 0.847889 0.850858 0.880082 0.857358 0.891522 0.849961 0.800926 0.877402 0.995242 0.999726 0.996878 0.952089 0.649355 0.695946 0.896708 0.847148 0.864296 0.870991 0.737184 0.659286 0.877500 0.915439 0.879126 0.817541 0.938419 0.844832 0.879176 0.866476 0.759459 0.788993 0.882647 0.888456 0.901481 0.630550 0.932068 0.990822 0.887715 0.980688 0.759474 0.996047 0.984042 0.971911 0.824288 0.971699 0.963397 0.900984 0.882227 0.946069 0.929776 0.873998 0.987428 0.915194 0.934913 0.835236 0.875277 0.918012 0.877787 0.875504 0.774271 0.943665 0.964171 0.848083 0.952816 0.884483 0.954781 0.803316 0.783063 0.924022 0.977032 0.867805 0.829499 0.813622
