0.000000 0.215544 0.797316 0.519425 0.777053 0.543231 0.599147 0.477505 0.800007 0.666216 0.297268 0.289638 0.339170 0.380545 0.541238 0.404622 0.256050 0.292380 0.358289 0.310654 0.755935 0.928504 0.715596 0.700893 0.919744 0.976700 0.987945 0.999607 0.368524 0.392938 0.872855 0.837337 0.411323 0.413866 0.874849 0.660369 0.694862 0.747601 0.780715 0.645659 0.741574 0.764776 0.604340 0.587112 0.601680 0.524081 0.332696 0.305970 0.359430 0.381948 0.584043 0.516473 0.854677 0.786877 0.430101 0.404839 0.250060 0.211340 0.263892 0.300642 0.289317 0.382700 0.251608 0.265269 0.644840 0.407017 0.746638 0.733950 0.462012 0.481451 0.732648 0.803398 0.678904 0.637914 0.715152 0.773030 0.579776 0.659997 0.405910 0.452813 0.241539 0.255124 0.508746 0.336887 0.450810 0.517758 0.938238 0.985261 0.611822 0.433749 0.921970 0.974984 0.893117 0.901659 0.743559 0.704297 0.718029 0.772892 0.484935 0.583276 0.888583 0.911661 0.681892 0.696679 0.537542 0.574828 0.942482 0.960748 0.774044 0.853908 0.888778 0.493668 0.651226 0.891200 0.719621 0.979578
0.215544 0.000000 0.719244 0.465246 0.842162 0.542468 0.540913 0.459894 0.707829 0.663302 0.284386 0.299608 0.362290 0.365444 0.543223 0.337654 0.248981 0.262523 0.351227 0.274918 0.694204 0.932037 0.676883 0.629024 0.882460 0.949899 0.969405 0.930777 0.296911 0.337957 0.728308 0.661640 0.332435 0.347227 0.950224 0.666048 0.612351 0.703940 0.743895 0.627846 0.784302 0.662752 0.475784 0.448826 0.526656 0.455269 0.336296 0.309768 0.315287 0.339124 0.441017 0.420426 0.727401 0.888738 0.477590 0.415352 0.207131 0.173256 0.300466 0.339807 0.274141 0.397919 0.259651 0.271330 0.597352 0.426901 0.699771 0.634670 0.482078 0.467333 0.624022 0.682156 0.598055 0.537924 0.712518 0.797635 0.536020 0.576041 0.374589 0.392820 0.271435 0.309270 0.456258 0.368549 0.488742 0.501552 0.978680 0.991961 0.646647 0.470373 0.903666 0.956251 0.862626 0.912831 0.704969 0.693231 0.768645 0.787665 0.479790 0.540365 0.901781 0.970012 0.657798 0.681984 0.557809 0.531196 0.942803 0.940665 0.765113 0.919667 0.893426 0.488062 0.647467 0.832312 0.720913 0.969884
0.797316 0.719244 0.000000 0.351639 0.891539 0.852875 0.539856 0.727920 0.769932 0.964479 0.834733 0.894979 0.683158 0.787108 0.681982 0.661267 0.937708 0.854900 0.590708 0.737848 0.626343 0.838888 0.538952 0.653934 0.460778 0.436310 0.894579 0.910396 0.763157 0.840736 0.579107 0.637348 0.574833 0.673269 0.833190 0.866590 0.541861 0.662581 0.521792 0.751812 0.804174 0.747365 0.709306 0.737845 0.825285 0.805623 0.649261 0.790672 0.852918 0.740046 0.710297 0.744384 0.839294 0.992522 0.745298 0.938482 0.807589 0.724265 0.789765 0.685662 0.631650 0.858913 0.892182 0.931563 0.411785 0.539824 0.650484 0.640264 0.650552 0.585426 0.758649 0.700309 0.707660 0.663891 0.977049 0.852754 0.673195 0.739473 0.654411 0.779030 0.896516 0.825733 0.834112 0.871805 0.703707 0.723872 0.880734 0.928355 0.905152 0.791524 0.735379 0.635514 0.670197 0.722908 0.924903 0.860851 0.804136 0.813030 0.848257 0.789451 0.968733 0.817421 0.951132 0.926172 0.710689 0.769547 0.959637 0.791522 0.954650 0.894604 0.989137 0.852714 0.782786 0.939452 0.784880 0.829088
0.519425 0.465246 0.351639 0.000000 0.869811 0.617816 0.494439 0.433767 0.651440 0.755392 0.518514 0.504428 0.477046 0.442765 0.597926 0.449925 0.659022 0.577511 0.461289 0.477201 0.582685 0.920520 0.559245 0.557188 0.656280 0.548583 0.922579 0.871428 0.533974 0.587714 0.648978 0.683028 0.453914 0.514379 0.832689 0.738905 0.550536 0.618620 0.573612 0.681473 0.758582 0.837946 0.646599 0.664954 0.742333 0.702904 0.510445 0.636211 0.638910 0.552347 0.611383 0.605482 0.781474 0.967028 0.628401 0.756645 0.614376 0.479200 0.619460 0.505885 0.441546 0.514439 0.603037 0.597288 0.420258 0.275774 0.650628 0.634148 0.487110 0.331751 0.655660 0.670866 0.766304 0.643956 0.813514 0.723241 0.639717 0.710427 0.445507 0.611840 0.681237 0.569378 0.744635 0.694088 0.595472 0.597954 0.874456 0.940210 0.748280 0.611621 0.699744 0.705804 0.609887 0.735219 0.682006 0.759246 0.769274 0.805314 0.696665 0.728807 0.854973 0.851926 0.843362 0.888798 0.590705 0.638301 0.910688 0.963865 0.938202 0.931993 0.960912 0.754633 0.784309 0.951801 0.684764 0.770694
0.777053 0.842162 0.891539 0.869811 0.000000 0.949606 0.860890 0.829638 0.968456 0.902734 0.905092 0.805397 0.607053 0.786706 0.621084 0.665235 0.903112 0.883156 0.897067 0.911723 0.973189 0.849559 0.628373 0.642563 0.816876 0.931362 0.686311 0.925540 0.910009 0.866063 0.949876 0.896942 0.790823 0.970018 0.970422 0.925603 0.946303 0.975303 0.989263 0.891901 0.829708 0.919454 0.851819 0.885496 0.843478 0.781807 0.724531 0.775419 0.649275 0.736174 0.799949 0.742370 0.795362 0.913016 0.758170 0.821509 0.879060 0.764017 0.819057 0.733705 0.690084 0.748476 0.774535 0.757108 0.683530 0.740710 0.984426 0.999665 0.876238 0.791254 0.793393 0.792143 0.788047 0.932734 0.832052 0.919442 0.951310 0.875871 0.972064 0.775617 0.808291 0.818154 0.821279 0.786800 0.616391 0.695472 0.617821 0.882159 0.617246 0.657453 0.995926 0.835076 0.909904 0.862203 0.999203 0.996971 0.914175 0.903427 0.885841 0.808173 0.932508 0.891439 0.939893 0.972783 0.857911 0.895847 0.783562 0.957641 0.906048 0.965705 0.864476 0.832604 0.689712 0.957753 0.926846 0.932396
0.543231 0.542468 0.852875 0.617816 0.949606 0.000000 0.552611 0.529831 0.706175 0.710606 0.583097 0.559427 0.760002 0.663787 0.872165 0.559019 0.580903 0.568333 0.563957 0.655494 0.752586 0.895877 0.854986 0.830577 0.940967 0.980963 0.860095 0.996032 0.628384 0.573237 0.708967 0.716061 0.530626 0.552138 0.965512 0.646347 0.737743 0.916766 0.986304 0.697327 0.616892 0.924096 0.607088 0.659943 0.680845 0.675856 0.662629 0.681871 0.616832 0.654666 0.676716 0.638268 0.716491 0.950174 0.700041 0.753829 0.584091 0.640316 0.600744 0.659656 0.604573 0.629924 0.608447 0.546306 0.915286 0.629422 0.747872 0.628346 0.774684 0.818321 0.643763 0.764836 0.608053 0.765641 0.968961 0.873974 0.760645 0.639270 0.699727 0.634110 0.612107 0.613626 0.775034 0.726634 0.789312 0.809585 0.896661 0.847004 0.998032 0.787806 0.775243 0.880275 0.802309 0.914350 0.697934 0.783395 0.932734 0.783899 0.565121 0.750402 0.786496 0.906153 0.756955 0.741907 0.745430 0.870498 0.884475 0.893286 0.874695 0.999662 0.853696 0.742476 0.801548 0.828602 0.843752 0.960533
0.599147 0.540913 0.539856 0.494439 0.860890 0.552611 0.000000 0.324320 0.385116 0.461474 0.521732 0.596833 0.771742 0.754758 0.816184 0.510284 0.518416 0.452358 0.335791 0.511291 0.685250 0.910029 0.618164 0.814616 0.989887 0.878171 0.708754 0.882355 0.407232 0.353988 0.357377 0.451392 0.302014 0.272259 0.804918 0.902722 0.772141 0.751789 0.788826 0.890509 0.742757 0.784055 0.299823 0.389037 0.310668 0.410210 0.603661 0.578949 0.543729 0.632097 0.527554 0.559327 0.522855 0.680977 0.734117 0.825844 0.509995 0.633525 0.586697 0.768568 0.373750 0.625279 0.479494 0.504176 0.784321 0.658872 0.271139 0.299825 0.798536 0.713485 0.455383 0.422743 0.419104 0.365953 0.887423 0.783633 0.497734 0.459860 0.584002 0.624378 0.673437 0.756975 0.748184 0.877836 0.854438 0.943071 0.946774 0.851218 0.954472 0.845619 0.497292 0.608309 0.634310 0.789442 0.643343 0.622937 0.592189 0.580667 0.337447 0.334631 0.624236 0.613239 0.533679 0.675353 0.471056 0.693913 0.776611 0.821876 0.722476 0.879656 0.776243 0.498841 0.395054 0.803978 0.700729 0.912061
0.477505 0.459894 0.727920 0.433767 0.829638 0.529831 0.324320 0.000000 0.429093 0.309991 0.375143 0.300866 0.615881 0.478289 0.861543 0.539613 0.486054 0.436813 0.459235 0.447337 0.846417 0.926000 0.832511 0.901419 0.841251 0.965831 0.701985 0.889772 0.376579 0.358527 0.671526 0.746266 0.452753 0.351875 0.826995 0.770831 0.773281 0.764354 0.864844 0.809816 0.771239 0.900203 0.449169 0.512669 0.370815 0.380656 0.517603 0.487315 0.407439 0.502192 0.469877 0.471279 0.534328 0.758076 0.607404 0.630085 0.547374 0.529774 0.474397 0.555134 0.279592 0.262708 0.344479 0.289770 0.839087 0.454576 0.457721 0.422655 0.754708 0.573245 0.586164 0.627840 0.608978 0.582044 0.756635 0.718458 0.499303 0.616821 0.530882 0.645299 0.566743 0.633626 0.805170 0.754243 0.842188 0.925836 0.948573 0.837558 0.847864 0.645413 0.555410 0.768994 0.640601 0.892895 0.672388 0.682677 0.636838 0.655402 0.381455 0.417272 0.532932 0.769256 0.583317 0.696542 0.493988 0.638966 0.905672 0.955734 0.728598 0.820424 0.795679 0.519387 0.514207 0.826591 0.699657 0.909784
0.800007 0.707829 0.769932 0.651440 0.968456 0.706175 0.385116 0.429093 0.000000 0.391872 0.599209 0.597689 0.916765 0.847097 0.953164 0.673419 0.657188 0.553058 0.607607 0.589440 0.722864 0.971497 0.888643 0.958877 0.806359 0.843987 0.740984 0.888205 0.434456 0.506255 0.480354 0.640575 0.572233 0.444098 0.888467 0.950314 0.781031 0.925485 0.765658 0.879062 0.761013 0.799235 0.496615 0.579005 0.513209 0.645824 0.893668 0.796107 0.760550 0.821716 0.699929 0.761699 0.584088 0.645613 0.979853 0.948710 0.641438 0.797707 0.870742 0.994285 0.612138 0.634343 0.596233 0.594662 0.974308 0.784285 0.496016 0.552548 0.864969 0.740169 0.441232 0.445585 0.519842 0.517447 0.972218 0.787270 0.558261 0.586867 0.702981 0.707496 0.859873 0.984688 0.895871 0.986560 0.851061 0.802037 0.811035 0.776971 0.778035 0.947404 0.415880 0.538726 0.606854 0.638518 0.661179 0.809012 0.754483 0.636438 0.506749 0.456049 0.535823 0.635166 0.642802 0.755228 0.601577 0.901785 0.821401 0.873642 0.862862 0.988033 0.853227 0.594191 0.715789 0.915137 0.834431 0.884637
0.666216 0.663302 0.964479 0.755392 0.902734 0.710606 0.461474 0.309991 0.391872 0.000000 0.513469 0.461790 0.876080 0.767690 0.987642 0.694743 0.526182 0.455688 0.599637 0.521376 0.948710 0.836882 0.968372 0.835709 0.690900 0.831223 0.693732 0.809532 0.422792 0.429660 0.673508 0.808152 0.620169 0.438984 0.784443 0.961301 0.818183 0.835934 0.891470 0.880482 0.874056 0.872085 0.506990 0.588878 0.415593 0.504345 0.792200 0.677070 0.598894 0.793553 0.695687 0.722543 0.647423 0.720067 0.891240 0.840149 0.609812 0.732705 0.708060 0.916306 0.521643 0.468185 0.429343 0.385273 0.868269 0.819027 0.512760 0.565699 0.861690 0.824098 0.492684 0.544092 0.623869 0.580298 0.899321 0.774807 0.595438 0.615271 0.672814 0.735833 0.665289 0.865737 0.938414 0.995848 0.847163 0.754126 0.841538 0.683086 0.977719 0.858330 0.438241 0.663785 0.631619 0.797887 0.771037 0.694025 0.743035 0.676456 0.337197 0.395247 0.449535 0.637190 0.521043 0.626869 0.617336 0.777700 0.906743 0.966401 0.719194 0.906834 0.628923 0.487997 0.532000 0.909935 0.803980 0.902486
0.297268 0.284386 0.834733 0.518514 0.905092 0.583097 0.521732 0.375143 0.599209 0.513469 0.000000 0.232304 0.482292 0.349733 0.667651 0.458540 0.285577 0.249971 0.350991 0.320972 0.752481 0.891317 0.870370 0.783347 0.900548 0.956600 0.885543 0.960188 0.272282 0.278048 0.749448 0.717057 0.416112 0.350164 0.921279 0.658280 0.728739 0.714071 0.720594 0.662867 0.813705 0.776694 0.509750 0.523083 0.563989 0.518230 0.472646 0.468482 0.453865 0.508081 0.532377 0.541195 0.761999 0.988799 0.604344 0.549767 0.309239 0.309842 0.403865 0.481220 0.333397 0.350225 0.273890 0.248296 0.857350 0.464350 0.726611 0.633414 0.643531 0.535812 0.642216 0.663908 0.551873 0.528466 0.779764 0.675447 0.511598 0.646155 0.361972 0.485957 0.349011 0.359113 0.643310 0.467286 0.724432 0.724173 0.930012 0.991278 0.765384 0.547889 0.846100 0.966315 0.895173 0.994210 0.727258 0.735363 0.760111 0.756443 0.494269 0.633826 0.794617 0.865212 0.632807 0.703246 0.563749 0.680078 0.839348 0.905596 0.772011 0.866213 0.920753 0.516551 0.563252 0.985142 0.727633 0.889021
0.289638 0.299608 0.894979 0.504428 0.805397 0.559427 0.596833 0.300866 0.597689 0.461790 0.232304 0.000000 0.383352 0.288076 0.634077 0.409602 0.328167 0.334148 0.480349 0.356854 0.806006 0.911310 0.863005 0.787892 0.863264 0.892374 0.900821 0.962623 0.336381 0.354871 0.892351 0.907239 0.494430 0.437945 0.966073 0.683994 0.734448 0.749469 0.845805 0.667802 0.811376 0.850724 0.600995 0.590924 0.573932 0.494425 0.429252 0.411920 0.370032 0.420329 0.521787 0.479802 0.687829 0.987363 0.517768 0.509299 0.380423 0.306305 0.393218 0.419177 0.289908 0.188007 0.246484 0.202144 0.795049 0.365344 0.767184 0.684000 0.592082 0.489397 0.709275 0.771881 0.710289 0.681925 0.700731 0.710693 0.575913 0.700771 0.458780 0.545501 0.334252 0.371205 0.614993 0.456971 0.657514 0.688404 0.940088 0.957927 0.631191 0.526778 0.763630 0.979177 0.841648 0.955252 0.696433 0.741083 0.783435 0.764649 0.518052 0.606813 0.715136 0.952174 0.690629 0.736401 0.554321 0.631494 0.877721 0.942004 0.747727 0.882463 0.878443 0.535185 0.674337 0.941906 0.754092 0.888799
0.339170 0.362290 0.683158 0.477046 0.607053 0.760002 0.771742 0.615881 0.916765 0.876080 0.482292 0.383352 0.000000 0.319903 0.303138 0.330594 0.540435 0.572241 0.538332 0.507324 0.791222 0.969855 0.474885 0.436541 0.754271 0.949265 0.679588 0.812380 0.576095 0.631145 0.929389 0.942804 0.568359 0.629966 0.972610 0.714512 0.684328 0.794816 0.744646 0.626193 0.872217 0.795783 0.788612 0.804717 0.812404 0.681995 0.382470 0.435048 0.422654 0.442844 0.624383 0.551802 0.866031 0.770440 0.570762 0.534024 0.509971 0.289703 0.423874 0.286682 0.356259 0.393832 0.475609 0.482914 0.370964 0.277705 0.962757 0.917844 0.498642 0.383635 0.998336 0.972379 0.998284 0.860852 0.657944 0.785894 0.701222 0.838040 0.579573 0.542123 0.468218 0.357565 0.499699 0.379024 0.324588 0.366902 0.864274 0.873245 0.431457 0.427447 0.995192 0.894254 0.998424 0.893686 0.807504 0.808321 0.870879 0.867021 0.756830 0.775187 0.933997 0.943724 0.976893 0.954100 0.729707 0.702411 0.884072 0.997000 0.873994 0.934870 0.985600 0.697132 0.804218 0.981136 0.708279 0.887669
0.380545 0.365444 0.787108 0.442765 0.786706 0.663787 0.754758 0.478289 0.847097 0.767690 0.349733 0.288076 0.319903 0.000000 0.493177 0.384569 0.486574 0.464693 0.510029 0.448576 0.837117 0.917607 0.672667 0.538195 0.992891 0.999504 0.928209 0.856593 0.483733 0.474902 0.981015 0.925959 0.538093 0.614820 0.913408 0.633992 0.704445 0.726828 0.779039 0.614407 0.817714 0.942244 0.728444 0.670661 0.738917 0.597752 0.446970 0.514339 0.448567 0.397765 0.519143 0.470538 0.751209 0.929288 0.519350 0.520622 0.515506 0.305393 0.468619 0.372585 0.385441 0.324142 0.442613 0.380114 0.604575 0.292761 0.991682 0.856391 0.607904 0.476985 0.922394 0.899015 0.929721 0.834393 0.741288 0.746281 0.684614 0.884598 0.454617 0.559081 0.464330 0.373749 0.541034 0.396498 0.549532 0.508406 0.921700 0.863921 0.523786 0.421793 0.984753 0.807919 0.985555 0.829771 0.770890 0.844704 0.896744 0.971236 0.772026 0.841450 0.942347 0.903074 0.890301 0.903005 0.720117 0.712664 0.859021 0.883218 0.852487 0.943456 0.936310 0.769890 0.815547 0.997354 0.674719 0.863860
0.541238 0.543223 0.681982 0.597926 0.621084 0.872165 0.816184 0.861543 0.953164 0.987642 0.667651 0.634077 0.303138 0.493177 0.000000 0.299687 0.647026 0.623449 0.543861 0.590788 0.692425 0.982024 0.336060 0.341237 0.653627 0.814267 0.558377 0.755220 0.691951 0.680273 0.895604 0.938686 0.602158 0.737967 0.905913 0.810648 0.735362 0.844133 0.778839 0.692535 0.866878 0.799342 0.845743 0.845623 0.947001 0.894087 0.613750 0.660548 0.684918 0.684655 0.824250 0.785830 0.969710 0.736706 0.728538 0.777003 0.577062 0.440856 0.647630 0.575844 0.574126 0.699263 0.658544 0.706383 0.391433 0.464700 0.972057 0.964794 0.477738 0.570120 0.972041 0.906431 0.961755 0.852347 0.814234 0.783031 0.822751 0.848853 0.723897 0.536485 0.593724 0.502599 0.506261 0.527952 0.406588 0.402402 0.867481 0.817195 0.545409 0.607513 0.995067 0.918726 0.967393 0.914297 0.764531 0.834055 0.899813 0.936291 0.841550 0.824561 0.809089 0.957059 0.992648 0.950940 0.848094 0.899645 0.965328 0.991593 0.888607 0.900791 0.897277 0.810550 0.844618 0.955115 0.791215 0.925995
0.404622 0.337654 0.661267 0.449925 0.665235 0.559019 0.510284 0.539613 0.673419 0.694743 0.458540 0.409602 0.330594 0.384569 0.299687 0.000000 0.416765 0.406277 0.371131 0.375700 0.657704 0.915304 0.360407 0.400367 0.864976 0.886506 0.801702 0.883397 0.452348 0.437971 0.671658 0.737712 0.372509 0.455052 0.983140 0.711706 0.611650 0.716624 0.780134 0.616963 0.706129 0.751926 0.536116 0.553750 0.629847 0.602231 0.513280 0.491171 0.474928 0.519008 0.575270 0.526415 0.677541 0.990997 0.674686 0.729271 0.377046 0.332845 0.546402 0.560484 0.391720 0.506452 0.448092 0.449742 0.494367 0.414176 0.765124 0.760947 0.501842 0.539955 0.678557 0.652944 0.731022 0.623080 0.788325 0.737208 0.637398 0.629259 0.538981 0.437730 0.491438 0.493533 0.484466 0.550428 0.520589 0.546828 0.992827 0.995612 0.635949 0.626780 0.720317 0.873479 0.817798 0.944156 0.643946 0.684684 0.893312 0.789332 0.567927 0.560399 0.899714 0.848129 0.785694 0.802019 0.669886 0.738629 0.936338 0.950806 0.741385 0.940174 0.864500 0.553632 0.640726 0.911509 0.704635 0.914620
0.256050 0.248981 0.937708 0.659022 0.903112 0.580903 0.518416 0.486054 0.657188 0.526182 0.285577 0.328167 0.540435 0.486574 0.647026 0.416765 0.000000 0.171696 0.362966 0.301192 0.747345 0.954629 0.844329 0.799650 0.882973 0.866152 0.891200 0.980352 0.272149 0.254528 0.707153 0.650084 0.389589 0.336646 0.886426 0.702204 0.739140 0.802683 0.935698 0.689472 0.776937 0.715263 0.433465 0.435565 0.493504 0.487661 0.464481 0.381224 0.407288 0.509672 0.574983 0.569736 0.806672 0.890643 0.561158 0.490461 0.184562 0.296333 0.376865 0.575383 0.380097 0.490988 0.215543 0.228873 0.885058 0.654888 0.671961 0.667013 0.597794 0.662625 0.545091 0.597622 0.522042 0.485980 0.739549 0.802456 0.553660 0.592225 0.402228 0.388815 0.263775 0.359997 0.508743 0.480193 0.675637 0.713062 0.981384 0.931983 0.789660 0.596053 0.831231 0.969648 0.923443 0.882134 0.684922 0.621729 0.700022 0.723456 0.398703 0.468736 0.787508 0.815470 0.606909 0.571926 0.553880 0.602442 0.979841 0.946898 0.656248 0.889196 0.749565 0.452128 0.575557 0.829480 0.760706 0.973951
0.292380 0.262523 0.854900 0.577511 0.883156 0.568333 0.452358 0.436813 0.553058 0.455688 0.249971 0.334148 0.572241 0.464693 0.623449 0.406277 0.171696 0.000000 0.300979 0.264508 0.691908 0.985852 0.795469 0.766415 0.922820 0.977051 0.912414 0.947677 0.230794 0.204074 0.634437 0.564971 0.332464 0.283335 0.960178 0.749248 0.727825 0.755948 0.863169 0.695417 0.770368 0.674263 0.391087 0.397856 0.458328 0.472736 0.490442 0.413156 0.441394 0.535913 0.553924 0.564663 0.755807 0.920446 0.613234 0.540266 0.201386 0.294476 0.423036 0.620587 0.362510 0.479992 0.224845 0.236168 0.841676 0.607345 0.646722 0.604730 0.587455 0.617750 0.507778 0.532036 0.526137 0.444894 0.816312 0.754544 0.540306 0.527614 0.365219 0.355440 0.295139 0.394124 0.493520 0.488327 0.685295 0.715781 0.968241 0.990171 0.840663 0.577016 0.778909 0.920306 0.886423 0.949127 0.667464 0.602703 0.693911 0.727832 0.365250 0.446791 0.774718 0.781005 0.577513 0.575496 0.526425 0.617194 0.999480 0.975528 0.731534 0.939562 0.794616 0.442894 0.539124 0.867477 0.686116 0.950278
0.358289 0.351227 0.590708 0.461289 0.897067 0.563957 0.335791 0.459235 0.607607 0.599637 0.350991 0.480349 0.538332 0.510029 0.543861 0.371131 0.362966 0.300979 0.000000 0.333943 0.694211 0.922648 0.549595 0.655818 0.938228 0.911089 0.922986 0.964010 0.339199 0.333752 0.545606 0.509562 0.321184 0.298062 0.904343 0.775819 0.720358 0.727392 0.769364 0.725312 0.745965 0.760487 0.485758 0.534604 0.539384 0.564523 0.505989 0.491438 0.544271 0.599222 0.660997 0.648143 0.788539 0.968503 0.673552 0.699180 0.354720 0.402396 0.463526 0.581682 0.377560 0.612979 0.419541 0.442542 0.688932 0.535425 0.554106 0.595606 0.590848 0.604931 0.548918 0.511662 0.530069 0.437832 0.843896 0.770405 0.512946 0.564750 0.437027 0.488883 0.478631 0.452839 0.611903 0.578472 0.651776 0.721014 0.973252 0.997077 0.869893 0.711111 0.727993 0.834208 0.779710 0.917800 0.658967 0.653414 0.691361 0.821215 0.453588 0.474654 0.843548 0.771721 0.668505 0.729681 0.610544 0.690363 0.990273 0.991411 0.734677 0.949114 0.914661 0.522103 0.524195 0.922086 0.699523 0.906789
0.310654 0.274918 0.737848 0.477201 0.911723 0.655494 0.511291 0.447337 0.589440 0.521376 0.320972 0.356854 0.507324 0.448576 0.590788 0.375700 0.301192 0.264508 0.333943 0.000000 0.734993 0.978878 0.699201 0.745597 0.963599 0.960306 0.903454 0.962821 0.307861 0.347217 0.698573 0.716594 0.439213 0.335148 0.946663 0.722442 0.657834 0.715515 0.713290 0.719991 0.753361 0.790604 0.552357 0.556579 0.588972 0.576386 0.548842 0.478665 0.529958 0.552559 0.648961 0.638536 0.799260 0.923176 0.635559 0.609275 0.291794 0.316381 0.483975 0.569447 0.381470 0.477131 0.335713 0.342554 0.725079 0.523971 0.722116 0.716716 0.522225 0.497883 0.507794 0.541307 0.608103 0.507750 0.835700 0.795767 0.516263 0.619411 0.401308 0.503169 0.455260 0.485574 0.578029 0.579445 0.699103 0.769513 0.947980 0.908236 0.783366 0.590382 0.743481 0.841925 0.761063 0.935287 0.718245 0.628179 0.770617 0.774116 0.472174 0.471843 0.810440 0.859425 0.680403 0.718203 0.598663 0.627790 0.992782 0.964902 0.796501 0.985710 0.936018 0.444899 0.626953 0.910600 0.770523 0.886719
0.755935 0.694204 0.626343 0.582685 0.973189 0.752586 0.685250 0.846417 0.722864 0.948710 0.752481 0.806006 0.791222 0.837117 0.692425 0.657704 0.747345 0.691908 0.694211 0.734993 0.000000 0.893478 0.704717 0.768117 0.833133 0.717087 0.852265 0.797547 0.728316 0.684582 0.612794 0.740423 0.705842 0.709771 0.984768 0.891624 0.649534 0.933409 0.742391 0.729061 0.933603 0.877710 0.720655 0.720659 0.846132 0.907056 0.778120 0.810554 0.849358 0.839203 0.842669 0.859090 0.902953 0.986210 0.804752 0.977530 0.688395 0.694239 0.829344 0.877124 0.770631 0.891121 0.794242 0.806915 0.699302 0.763984 0.738094 0.750058 0.615577 0.626616 0.757259 0.786027 0.676659 0.764675 0.828724 0.875101 0.829076 0.657544 0.741343 0.642793 0.760266 0.723747 0.772670 0.793607 0.768627 0.715787 0.879938 0.975577 0.992598 0.938201 0.883532 0.865323 0.862679 0.839384 0.683384 0.909318 0.862016 0.894012 0.818971 0.811385 0.988609 0.778174 0.919263 0.771945 0.665667 0.826161 0.948248 0.982024 0.744117 0.874340 0.981275 0.878260 0.854863 0.967979 0.829132 0.953513
0.928504 0.932037 0.838888 0.920520 0.849559 0.895877 0.910029 0.926000 0.971497 0.836882 0.891317 0.911310 0.969855 0.917607 0.982024 0.915304 0.954629 0.985852 0.922648 0.978878 0.893478 0.000000 0.902717 0.816753 0.832237 0.846849 0.985769 0.942997 0.973423 0.952159 0.795831 0.731450 0.895679 0.923749 0.845890 0.960664 0.808716 0.870306 0.952828 0.868293 0.913503 0.887832 0.873758 0.919465 0.980415 0.972261 0.982033 0.937249 0.925470 0.999358 0.929827 0.993260 0.925378 0.879631 0.987473 0.892403 0.918783 0.971772 0.958504 0.893342 0.919918 0.800412 0.872051 0.886882 0.948340 0.935047 0.860562 0.977079 0.959970 0.968177 0.789353 0.807115 0.867087 0.873856 0.906414 0.933971 0.881392 0.895383 0.974708 0.852667 0.993098 0.994303 0.967664 0.983400 0.949847 0.904557 0.870244 0.885634 0.996159 0.824164 0.890695 0.801548 0.852292 0.881476 0.893206 0.817903 0.913843 0.995160 0.960586 0.885842 0.946378 0.982327 0.940623 0.741797 0.862563 0.827243 0.965222 0.844344 0.811239 0.843606 0.978900 0.999547 0.983645 0.750997 0.853590 0.981308
0.715596 0.676883 0.538952 0.559245 0.628373 0.854986 0.618164 0.832511 0.888643 0.968372 0.870370 0.863005 0.474885 0.672667 0.336060 0.360407 0.844329 0.795469 0.549595 0.699201 0.704717 0.902717 0.000000 0.316427 0.638164 0.703474 0.643911 0.742876 0.773586 0.781584 0.761012 0.823175 0.532087 0.712264 0.927082 0.964996 0.791346 0.904510 0.746182 0.837818 0.813108 0.873736 0.732493 0.785518 0.772112 0.774646 0.669332 0.694417 0.686927 0.674014 0.758325 0.698520 0.780908 0.999805 0.829869 0.903705 0.752977 0.629218 0.793967 0.692208 0.605385 0.868188 0.824474 0.885309 0.323852 0.553910 0.791289 0.828334 0.652387 0.622061 0.953984 0.840459 0.995157 0.818155 0.810446 0.891523 0.810928 0.785292 0.820713 0.704042 0.853096 0.761024 0.637616 0.758085 0.452963 0.501456 0.978956 0.867382 0.681717 0.745634 0.838758 0.874741 0.863492 0.961257 0.778771 0.807054 0.878924 0.846459 0.791047 0.683751 0.879459 0.937856 0.940550 0.971522 0.754001 0.827895 0.827057 0.813463 0.895471 0.864100 0.917983 0.804213 0.725357 0.954574 0.703867 0.961954
0.700893 0.629024 0.653934 0.557188 0.642563 0.830577 0.814616 0.901419 0.958877 0.835709 0.783347 0.787892 0.436541 0.538195 0.341237 0.400367 0.799650 0.766415 0.655818 0.745597 0.768117 0.816753 0.316427 0.000000 0.656494 0.760463 0.674199 0.778558 0.830055 0.773717 0.929591 0.836270 0.591339 0.799383 0.975699 0.820472 0.750078 0.900018 0.718294 0.789480 0.849657 0.835857 0.777158 0.755157 0.914209 0.836918 0.640159 0.755775 0.712513 0.653961 0.718259 0.678264 0.850763 0.906790 0.796767 0.786503 0.720231 0.557022 0.765400 0.637149 0.683305 0.836575 0.804509 0.842544 0.419040 0.520739 0.981160 0.940331 0.737617 0.664968 0.957587 0.973281 0.978358 0.974168 0.794508 0.884897 0.847702 0.917309 0.764320 0.575029 0.729709 0.606999 0.611911 0.575797 0.444325 0.377085 0.984494 0.753298 0.573233 0.630709 0.934768 0.946113 0.934263 0.875807 0.852075 0.835603 0.974530 0.934200 0.949070 0.881842 0.782405 0.949698 0.995898 0.967038 0.924910 0.928234 0.992230 0.960477 0.907418 0.921775 0.864999 0.844337 0.809687 0.976467 0.773223 0.899533
0.919744 0.882460 0.460778 0.656280 0.816876 0.940967 0.989887 0.841251 0.806359 0.690900 0.900548 0.863264 0.754271 0.992891 0.653627 0.864976 0.882973 0.922820 0.938228 0.963599 0.833133 0.832237 0.638164 0.656494 0.000000 0.461356 0.627897 0.879808 0.944848 0.834188 0.890317 0.882709 0.837196 0.996079 0.965817 0.994716 0.675976 0.827057 0.623139 0.911514 0.879030 0.790195 0.962744 0.966239 0.841941 0.856419 0.839179 0.936054 0.956136 0.914386 0.997575 0.979495 0.809278 0.683174 0.840310 0.951053 0.952180 0.847092 0.960907 0.770869 0.908385 0.883605 0.891286 0.817968 0.424162 0.729261 0.982657 0.981965 0.609100 0.685369 0.972285 0.997010 0.898760 0.928377 0.800117 0.918689 0.982573 0.885064 0.930247 0.874215 0.942349 0.896114 0.895675 0.857728 0.576765 0.593819 0.888663 0.971676 0.813883 0.845490 0.980769 0.808342 0.780468 0.789027 0.929841 0.928307 0.896335 0.992763 0.904793 0.903796 0.756540 0.971824 0.936171 0.998719 0.858060 0.868207 0.906741 0.846037 0.807333 0.926338 0.868135 0.846596 0.963156 0.995691 0.956534 0.953779
0.976700 0.949899 0.436310 0.548583 0.931362 0.980963 0.878171 0.965831 0.843987 0.831223 0.956600 0.892374 0.949265 0.999504 0.814267 0.886506 0.866152 0.977051 0.911089 0.960306 0.717087 0.846849 0.703474 0.760463 0.461356 0.000000 0.810438 0.824790 0.945687 0.903300 0.674591 0.729227 0.776140 0.931382 0.802689 0.989406 0.649105 0.807846 0.553289 0.844576 0.885432 0.785677 0.901313 0.915387 0.950185 0.938722 0.918786 0.989858 0.895435 0.928084 0.882736 0.946932 0.964477 0.953118 0.984066 0.880397 0.994926 0.940570 0.890601 0.958610 0.963315 0.909773 0.894579 0.822906 0.554282 0.739890 0.881360 0.862914 0.717205 0.740236 0.790796 0.787245 0.935768 0.814106 0.982686 0.908806 0.901034 0.885183 0.872915 0.882265 0.923595 0.970990 0.945011 0.980186 0.837628 0.789053 0.768641 0.927869 0.929618 0.970208 0.777165 0.587791 0.659156 0.661580 0.966138 0.922361 0.925248 0.935302 0.950715 0.963332 0.915724 0.936736 0.993981 0.956526 0.805725 0.963140 0.992110 0.812448 0.772779 0.960462 0.812612 0.934733 0.923470 0.997934 0.901328 0.886791
0.987945 0.969405 0.894579 0.922579 0.686311 0.860095 0.708754 0.701985 0.740984 0.693732 0.885543 0.900821 0.679588 0.928209 0.558377 0.801702 0.891200 0.912414 0.922986 0.903454 0.852265 0.985769 0.643911 0.674199 0.627897 0.810438 0.000000 0.614529 0.889208 0.795111 0.831798 0.815044 0.917994 0.746660 0.984915 0.938364 0.951882 0.996047 0.964371 0.830739 0.983900 0.861277 0.825592 0.781542 0.653924 0.719307 0.974576 0.993351 0.966994 0.956750 0.879229 0.916081 0.839859 0.640825 0.995368 0.992192 0.955212 0.890435 0.904425 0.900475 0.914434 0.894582 0.842229 0.835351 0.561600 0.855491 0.625863 0.635997 0.744911 0.755226 0.759895 0.762574 0.639594 0.850702 0.910578 0.948944 0.802906 0.860505 0.969396 0.831397 0.998456 0.881828 0.867905 0.855022 0.601289 0.571488 0.874620 0.799565 0.631310 0.903681 0.814368 0.890697 0.871167 0.980632 0.978631 0.931247 0.849710 0.804133 0.733121 0.777798 0.596887 0.816508 0.704704 0.901510 0.872859 0.934803 0.975529 0.993033 0.807624 0.917257 0.895414 0.832648 0.797498 0.904714 0.924750 0.994337
0.999607 0.930777 0.910396 0.871428 0.925540 0.996032 0.882355 0.889772 0.888205 0.809532 0.960188 0.962623 0.812380 0.856593 0.755220 0.883397 0.980352 0.947677 0.964010 0.962821 0.797547 0.942997 0.742876 0.778558 0.879808 0.824790 0.614529 0.000000 0.973375 0.918856 0.870950 0.901265 0.955821 0.872934 0.921559 0.815920 0.897098 0.786414 0.984264 0.724603 0.919784 0.835920 0.965446 0.915745 0.828895 0.861774 0.938805 0.985321 0.982846 0.940470 0.989774 0.986837 0.940057 0.797931 0.939487 0.833230 0.961621 0.925457 0.972722 0.899986 0.963780 0.957379 0.928931 0.906165 0.709018 0.843818 0.794847 0.929510 0.795133 0.812132 0.933444 0.950900 0.836056 0.960202 0.925361 0.941841 0.977794 0.851456 0.964106 0.920648 0.924781 0.889801 0.929542 0.923296 0.777933 0.685418 0.953514 0.987426 0.791162 0.757600 0.828406 0.973500 0.858170 0.918855 0.975692 0.904171 0.903864 0.824439 0.870308 0.868871 0.690283 0.822685 0.735377 0.891671 0.962989 0.906142 0.973095 0.825455 0.947941 0.958220 0.840868 0.842527 0.778517 0.996020 0.924329 0.991635
0.368524 0.296911 0.763157 0.533974 0.910009 0.628384 0.407232 0.376579 0.434456 0.422792 0.272282 0.336381 0.576095 0.483733 0.691951 0.452348 0.272149 0.230794 0.339199 0.307861 0.728316 0.973423 0.773586 0.830055 0.944848 0.945687 0.889208 0.973375 0.000000 0.260427 0.604759 0.631759 0.341879 0.268490 0.988236 0.777258 0.690108 0.765082 0.795777 0.744194 0.741699 0.683551 0.420312 0.458029 0.433500 0.461775 0.508968 0.480044 0.430711 0.531277 0.527666 0.582007 0.690119 0.949135 0.657608 0.574156 0.304265 0.367600 0.459530 0.600705 0.334671 0.454783 0.271867 0.293134 0.805782 0.564329 0.583173 0.561495 0.641571 0.581902 0.492132 0.500822 0.482076 0.418135 0.772565 0.773271 0.496648 0.538227 0.415432 0.474858 0.406521 0.476557 0.572388 0.568622 0.735328 0.799778 0.969679 0.881662 0.845991 0.666013 0.706571 0.814343 0.776946 0.943714 0.666726 0.640863 0.726574 0.666989 0.381628 0.470998 0.741177 0.805933 0.564740 0.631628 0.523858 0.616610 0.967632 0.910332 0.762061 0.937817 0.902986 0.471354 0.575787 0.867310 0.773967 0.926340
0.392938 0.337957 0.840736 0.587714 0.866063 0.573237 0.353988 0.358527 0.506255 0.429660 0.278048 0.354871 0.631145 0.474902 0.680273 0.437971 0.254528 0.204074 0.333752 0.347217 0.684582 0.952159 0.781584 0.773717 0.834188 0.903300 0.795111 0.918856 0.260427 0.000000 0.562781 0.558906 0.327062 0.306164 0.985122 0.798380 0.748262 0.784849 0.894162 0.728743 0.773514 0.714144 0.340704 0.309588 0.344885 0.368006 0.501831 0.457982 0.396914 0.492725 0.452977 0.475922 0.601220 0.881047 0.568804 0.557022 0.295614 0.387456 0.398301 0.638725 0.324792 0.446847 0.239758 0.244290 0.899037 0.624043 0.525291 0.468322 0.731952 0.668050 0.536233 0.520194 0.489796 0.434088 0.832263 0.716820 0.529920 0.533777 0.427382 0.399207 0.357019 0.454810 0.521320 0.563532 0.771242 0.779154 0.980087 0.977697 0.872629 0.644395 0.762436 0.943385 0.910309 0.925082 0.642698 0.680016 0.632720 0.735855 0.372370 0.431355 0.722641 0.768322 0.523174 0.595938 0.511255 0.640305 0.916351 0.994696 0.740515 0.880985 0.824771 0.481391 0.478991 0.827636 0.685642 0.978481
0.872855 0.728308 0.579107 0.648978 0.949876 0.708967 0.357377 0.671526 0.480354 0.673508 0.749448 0.892351 0.929389 0.981015 0.895604 0.671658 0.707153 0.634437 0.545606 0.698573 0.612794 0.795831 0.761012 0.929591 0.890317 0.674591 0.831798 0.870950 0.604759 0.562781 0.000000 0.321698 0.461718 0.479186 0.832140 0.985728 0.726732 0.650735 0.761088 0.908438 0.749199 0.665179 0.404703 0.431782 0.525607 0.659309 0.887060 0.884003 0.826439 0.846909 0.650990 0.760678 0.640168 0.649422 0.876847 0.893723 0.607953 0.842164 0.882710 0.917883 0.719444 0.955897 0.768639 0.779624 0.892840 0.932024 0.435672 0.482839 0.817186 0.922961 0.381069 0.343509 0.446536 0.386236 0.971266 0.844715 0.600533 0.413538 0.702206 0.659772 0.838807 0.994512 0.887772 0.906644 0.897355 0.923028 0.820399 0.727769 0.750680 0.848888 0.559801 0.499025 0.591284 0.660480 0.709750 0.848470 0.679676 0.806250 0.533237 0.555562 0.728675 0.540102 0.569498 0.733958 0.609213 0.875168 0.779051 0.757058 0.826891 0.915058 0.818235 0.736403 0.623942 0.861144 0.831060 0.922200
0.837337 0.661640 0.637348 0.683028 0.896942 0.716061 0.451392 0.746266 0.640575 0.808152 0.717057 0.907239 0.942804 0.925959 0.938686 0.737712 0.650084 0.564971 0.509562 0.716594 0.740423 0.731450 0.823175 0.836270 0.882709 0.729227 0.815044 0.901265 0.631759 0.558906 0.321698 0.000000 0.493335 0.503173 0.916725 0.975573 0.779508 0.722201 0.790437 0.835382 0.795942 0.711840 0.427407 0.440571 0.574680 0.646124 0.774160 0.814164 0.821545 0.813421 0.639270 0.712786 0.740026 0.821636 0.858745 0.927059 0.587388 0.776485 0.832806 0.999282 0.739419 0.992737 0.748237 0.785682 0.919656 0.946668 0.530932 0.489816 0.861324 0.909418 0.447759 0.486923 0.510460 0.438909 0.891588 0.919856 0.704742 0.544460 0.644044 0.583103 0.781114 0.872480 0.814388 0.912261 0.989460 0.932628 0.752894 0.980897 0.776904 0.978927 0.773163 0.692687 0.792307 0.902515 0.745493 0.830640 0.766941 0.934387 0.641869 0.631942 0.835836 0.670866 0.639883 0.751008 0.629475 0.830090 0.961987 0.928565 0.934939 0.951180 0.816061 0.787088 0.607762 0.890909 0.783379 0.939847
0.411323 0.332435 0.574833 0.453914 0.790823 0.530626 0.302014 0.452753 0.572233 0.620169 0.416112 0.494430 0.568359 0.538093 0.602158 0.372509 0.389589 0.332464 0.321184 0.439213 0.705842 0.895679 0.532087 0.591339 0.837196 0.776140 0.917994 0.955821 0.341879 0.327062 0.461718 0.493335 0.000000 0.284345 0.869590 0.844919 0.714350 0.670100 0.767125 0.743772 0.696146 0.631698 0.318699 0.327984 0.380415 0.405660 0.464878 0.464546 0.406357 0.429005 0.400675 0.432839 0.581476 0.864751 0.561770 0.606591 0.325917 0.374103 0.451775 0.560662 0.320791 0.570914 0.390835 0.423294 0.603500 0.514278 0.473329 0.441600 0.608580 0.638809 0.550400 0.512562 0.525768 0.426847 0.704824 0.786032 0.507628 0.455226 0.480061 0.465878 0.426544 0.493840 0.505144 0.564198 0.581316 0.606411 0.949317 0.974999 0.794056 0.617692 0.702050 0.766683 0.762818 0.954812 0.701141 0.621374 0.610333 0.618144 0.388363 0.482511 0.799923 0.777050 0.567324 0.689221 0.475647 0.615199 0.928944 0.766176 0.801789 0.912782 0.885274 0.529107 0.460225 0.815483 0.652603 0.881640
0.413866 0.347227 0.673269 0.514379 0.970018 0.552138 0.272259 0.351875 0.444098 0.438984 0.350164 0.437945 0.629966 0.614820 0.737967 0.455052 0.336646 0.283335 0.298062 0.335148 0.709771 0.923749 0.712264 0.799383 0.996079 0.931382 0.746660 0.872934 0.268490 0.306164 0.479186 0.503173 0.284345 0.000000 0.896718 0.859145 0.656282 0.713913 0.773358 0.776567 0.725430 0.704087 0.336510 0.402519 0.338142 0.400267 0.524511 0.465655 0.453518 0.553276 0.493626 0.550156 0.612604 0.819472 0.718329 0.634784 0.315112 0.424237 0.467793 0.628620 0.332569 0.531149 0.344602 0.368926 0.774806 0.617307 0.437364 0.439179 0.674230 0.640287 0.390736 0.425018 0.407645 0.337370 0.731708 0.830069 0.416591 0.431239 0.498131 0.484886 0.471825 0.583423 0.650142 0.661898 0.776449 0.850144 0.887762 0.851547 0.960712 0.751992 0.618672 0.691231 0.697050 0.867078 0.613412 0.523609 0.662084 0.612224 0.274315 0.346596 0.674560 0.658655 0.509992 0.641707 0.463427 0.609087 0.992176 0.832093 0.737403 0.970281 0.802724 0.386506 0.440539 0.746060 0.683161 0.904863
0.874849 0.950224 0.833190 0.832689 0.970422 0.965512 0.804918 0.826995 0.888467 0.784443 0.921279 0.966073 0.972610 0.913408 0.905913 0.983140 0.886426 0.960178 0.904343 0.946663 0.984768 0.845890 0.927082 0.975699 0.965817 0.802689 0.984915 0.921559 0.988236 0.985122 0.832140 0.916725 0.869590 0.896718 0.000000 0.820023 0.963240 0.833539 0.997977 0.955646 0.812208 0.826300 0.715556 0.813582 0.692651 0.722220 0.879425 0.888565 0.874555 0.969247 0.767001 0.822854 0.701061 0.744591 0.989999 0.994646 0.905946 0.972182 0.983410 0.973514 0.857068 0.910503 0.957763 0.970641 0.870147 0.975104 0.716876 0.642744 0.944742 0.981988 0.793048 0.869658 0.991736 0.944875 0.963030 0.981338 0.841060 0.767227 0.988711 0.947597 0.895002 0.836757 0.967349 0.767169 0.930819 0.974118 0.856234 0.847873 0.987888 0.875108 0.761762 0.735797 0.825056 0.895536 0.926935 0.774368 0.883755 0.878378 0.826095 0.844036 0.692533 0.815717 0.816185 0.943759 0.846678 0.874654 0.952100 0.821706 0.945165 0.856228 0.928624 0.963870 0.795898 0.834904 0.782469 0.945610
0.660369 0.666048 0.866590 0.738905 0.925603 0.646347 0.902722 0.770831 0.950314 0.961301 0.658280 0.683994 0.714512 0.633992 0.810648 0.711706 0.702204 0.749248 0.775819 0.722442 0.891624 0.960664 0.964996 0.820472 0.994716 0.989406 0.938364 0.815920 0.777258 0.798380 0.985728 0.975573 0.844919 0.859145 0.820023 0.000000 0.712381 0.910412 0.805090 0.818718 0.737318 0.875274 0.884988 0.850888 0.963894 0.908275 0.767273 0.768975 0.793133 0.764816 0.839399 0.765967 0.922663 0.917433 0.736695 0.765701 0.706937 0.655169 0.774437 0.672467 0.784647 0.736594 0.760568 0.686143 0.893845 0.659214 0.918826 0.983884 0.799365 0.865935 0.906134 0.982060 0.765172 0.898553 0.953688 0.970238 0.761958 0.874870 0.685217 0.866854 0.792164 0.668761 0.846787 0.664207 0.829338 0.818576 0.963962 0.967623 0.828071 0.708198 0.954302 0.946253 0.956220 0.952980 0.939648 0.914739 0.879429 0.927392 0.934672 0.973216 0.939539 0.926916 0.867835 0.970838 0.934573 0.971964 0.942936 0.942700 0.989044 0.886140 0.988544 0.829781 0.998355 0.997205 0.971482 0.895710
0.694862 0.612351 0.541861 0.550536 0.946303 0.737743 0.772141 0.773281 0.781031 0.818183 0.728739 0.734448 0.684328 0.704445 0.735362 0.611650 0.739140 0.727825 0.720358 0.657834 0.649534 0.808716 0.791346 0.750078 0.675976 0.649105 0.951882 0.897098 0.690108 0.748262 0.726732 0.779508 0.714350 0.656282 0.963240 0.712381 0.000000 0.692974 0.687862 0.557884 0.674165 0.663945 0.720413 0.668386 0.780846 0.771244 0.699288 0.722893 0.746621 0.706521 0.692033 0.702218 0.818605 0.935826 0.851034 0.911787 0.629766 0.622536 0.723205 0.707299 0.671152 0.756261 0.763752 0.741754 0.640781 0.659038 0.767940 0.815865 0.570338 0.676071 0.554277 0.619019 0.696205 0.687009 0.991982 0.889841 0.750563 0.652942 0.668395 0.647423 0.704722 0.817906 0.825319 0.770223 0.891973 0.833232 0.690723 0.686226 0.928402 0.843114 0.704265 0.655551 0.647107 0.694960 0.855117 0.824826 0.948010 0.967143 0.704606 0.756561 0.789450 0.716991 0.763343 0.724874 0.764992 0.762600 0.906675 0.870315 0.943542 0.971421 0.909513 0.772927 0.953218 0.861098 0.823357 0.896166
0.747601 0.703940 0.662581 0.618620 0.975303 0.916766 0.751789 0.764354 0.925485 0.835934 0.714071 0.749469 0.794816 0.726828 0.844133 0.716624 0.802683 0.755948 0.727392 0.715515 0.933409 0.870306 0.904510 0.900018 0.827057 0.807846 0.996047 0.786414 0.765082 0.784849 0.650735 0.722201 0.670100 0.713913 0.833539 0.910412 0.692974 0.000000 0.834648 0.846361 0.913813 0.701325 0.781169 0.736890 0.818995 0.768280 0.824575 0.799336 0.853794 0.783867 0.716163 0.729693 0.829078 0.816657 0.755522 0.957087 0.680038 0.674600 0.796726 0.820149 0.730598 0.779752 0.810460 0.786828 0.789530 0.683998 0.802857 0.847048 0.592076 0.729242 0.714279 0.649572 0.761299 0.560772 0.856399 0.775110 0.733610 0.711391 0.625828 0.795637 0.779891 0.875559 0.824195 0.859740 0.945927 0.866923 0.973589 0.887361 0.845927 0.848577 0.793872 0.782880 0.708616 0.733841 0.890931 0.899554 0.888912 0.924175 0.787947 0.922029 0.836958 0.794125 0.703329 0.884818 0.818408 0.714918 0.906367 0.851230 0.989641 0.903408 0.916841 0.808011 0.780585 0.908517 0.616209 0.934973
