0.000000 0.136637 0.283499 0.266890 0.652832 0.541230 0.229005 0.182341 0.407085 0.314307 0.152711 0.113322 0.127391 0.209435 0.207386 0.213670 0.121566 0.103714 0.124233 0.121990 0.491234 0.826370 0.241074 0.429972 0.677180 0.612928 0.909559 0.913265 0.165127 0.131733 0.270551 0.340123 0.146909 0.159872 0.463712 0.610016 0.338040 0.388376 0.661427 0.644986 0.670323 0.488910 0.219520 0.188950 0.245759 0.185606 0.195481 0.197229 0.619798 0.319284 0.389323 0.286184 0.441329 0.448718 0.444062 0.483596 0.138756 0.130533 0.148098 0.149960 0.121280 0.155093 0.125875 0.113458 0.348621 0.253805 0.250832 0.232789 0.284182 0.181576 0.212488 0.237354 0.394883 0.376327 0.574745 0.561153 0.325279 0.268253 0.161130 0.173990 0.105927 0.155802 0.439669 0.294496 0.224860 0.394780 0.951464 0.880028 0.363519 0.456633 0.542083 0.623491 0.549034 0.727307 0.422028 0.438823 0.308703 0.482390 0.237255 0.229393 0.508631 0.582329 0.257928 0.266302 0.279406 0.286730 0.696835 0.553344 0.545557 0.327339 0.605788 0.320874 0.301427 0.410471 0.424398 0.943634
0.136637 0.000000 0.395893 0.358760 0.674071 0.575623 0.317525 0.234244 0.469133 0.360427 0.217204 0.133044 0.167058 0.200015 0.232303 0.246900 0.145865 0.120796 0.177211 0.162287 0.514468 0.869747 0.300565 0.451264 0.698805 0.675266 0.933082 0.979047 0.166574 0.168026 0.319072 0.400857 0.193437 0.225804 0.546490 0.617862 0.358527 0.432694 0.773324 0.678761 0.741818 0.429265 0.221847 0.197504 0.228852 0.180897 0.229249 0.207264 0.509773 0.315917 0.371279 0.288662 0.470567 0.488423 0.520088 0.529018 0.106067 0.091655 0.169738 0.169385 0.183713 0.198631 0.167191 0.131718 0.471762 0.366858 0.329575 0.302899 0.318502 0.199801 0.243426 0.260013 0.499664 0.471127 0.597852 0.567934 0.301535 0.299929 0.242170 0.224772 0.150437 0.204672 0.421187 0.303192 0.280838 0.425794 0.880763 0.855001 0.439031 0.482153 0.606941 0.677094 0.608368 0.782764 0.349448 0.488138 0.307421 0.389926 0.261469 0.242700 0.514872 0.647556 0.306370 0.257103 0.306685 0.305092 0.759906 0.575980 0.557939 0.384987 0.599112 0.338981 0.355532 0.390255 0.413472 0.845875
0.283499 0.395893 0.000000 0.119206 0.633056 0.511413 0.138361 0.175221 0.358394 0.301692 0.301536 0.307210 0.281714 0.380779 0.344660 0.332424 0.353998 0.304854 0.212017 0.247893 0.388237 0.764662 0.185027 0.345963 0.479392 0.358877 0.934553 0.961318 0.358854 0.274803 0.188373 0.279409 0.192653 0.214576 0.382411 0.639835 0.353808 0.469464 0.574603 0.600389 0.807168 0.604971 0.262877 0.257292 0.414410 0.386591 0.337103 0.283412 0.900391 0.542215 0.621864 0.511756 0.565378 0.443603 0.438129 0.585660 0.443795 0.430717 0.301251 0.317146 0.225636 0.289535 0.317674 0.328044 0.176978 0.157004 0.166069 0.187945 0.404962 0.269748 0.262900 0.323473 0.365238 0.378398 0.538311 0.713506 0.375453 0.336972 0.294878 0.398863 0.263543 0.224479 0.532170 0.310830 0.277771 0.361928 0.953608 0.920730 0.410298 0.437308 0.463913 0.516680 0.452332 0.597145 0.465938 0.538066 0.432577 0.595161 0.394217 0.340101 0.479188 0.419830 0.412615 0.285170 0.334687 0.351354 0.759012 0.573729 0.596592 0.382971 0.648793 0.507539 0.400450 0.566659 0.526037 0.930636
0.266890 0.358760 0.119206 0.000000 0.686981 0.447917 0.146633 0.138038 0.386046 0.248764 0.333982 0.262787 0.262538 0.319244 0.292712 0.282675 0.322549 0.278518 0.211347 0.234564 0.358812 0.716042 0.159732 0.309272 0.470013 0.333030 0.958495 0.956711 0.320962 0.236731 0.174406 0.237605 0.162184 0.175876 0.325442 0.599820 0.313579 0.455206 0.535167 0.619632 0.785662 0.544095 0.223384 0.226091 0.353636 0.332001 0.281935 0.241305 0.798201 0.469109 0.569372 0.450337 0.541195 0.436546 0.387021 0.529856 0.409170 0.380008 0.272149 0.286927 0.230664 0.258125 0.299899 0.281732 0.202790 0.164581 0.151151 0.153035 0.426929 0.249749 0.233830 0.314660 0.408335 0.481265 0.481810 0.679784 0.328981 0.340091 0.251284 0.369200 0.217265 0.169604 0.476430 0.235891 0.237104 0.301501 0.958535 0.963809 0.389910 0.369651 0.435635 0.498267 0.414000 0.572025 0.413087 0.485096 0.374238 0.543495 0.347902 0.276107 0.452675 0.421617 0.353148 0.254653 0.289506 0.305418 0.797426 0.581100 0.614171 0.377006 0.577989 0.423527 0.367469 0.467650 0.519454 0.985786
0.652832 0.674071 0.633056 0.686981 0.000000 0.831983 0.613301 0.612648 0.759395 0.628840 0.698756 0.676460 0.617834 0.680787 0.668938 0.657081 0.690035 0.686534 0.619719 0.733271 0.747633 0.830970 0.643154 0.765055 0.995240 0.916837 0.876784 0.918193 0.675823 0.709869 0.785805 0.849390 0.639593 0.676575 0.820722 0.848579 0.817192 0.655741 0.901498 0.695045 0.905166 0.692200 0.581260 0.609934 0.616071 0.624076 0.622881 0.622144 0.765776 0.703475 0.583580 0.605665 0.697221 0.637396 0.846416 0.768346 0.639787 0.724570 0.581055 0.649560 0.573496 0.569687 0.632055 0.620289 0.635052 0.604713 0.619282 0.614045 0.823433 0.718139 0.547097 0.670546 0.901109 0.856945 0.911811 0.803102 0.740587 0.759000 0.770945 0.756561 0.702237 0.749043 0.628219 0.710619 0.632680 0.706986 0.981663 0.996452 0.798231 0.732135 0.700481 0.669162 0.736435 0.751574 0.919159 0.738429 0.715941 0.692984 0.613562 0.582624 0.677307 0.689964 0.561958 0.576464 0.578785 0.657004 0.787926 0.597648 0.759650 0.786058 0.746357 0.736744 0.674540 0.764398 0.641055 0.881619
0.541230 0.575623 0.511413 0.447917 0.831983 0.000000 0.425835 0.396704 0.596648 0.428888 0.598788 0.539588 0.560632 0.662009 0.645784 0.612907 0.594378 0.529251 0.557571 0.542078 0.672977 0.921175 0.577985 0.761682 0.865217 0.580470 0.974023 0.819295 0.584544 0.583353 0.568045 0.639619 0.502645 0.505693 0.577050 0.793127 0.581477 0.820654 0.820008 0.870179 0.793065 0.547004 0.391742 0.475048 0.454466 0.478310 0.427474 0.491809 0.769257 0.667632 0.647527 0.571413 0.658643 0.622613 0.677824 0.634896 0.611544 0.601923 0.541875 0.565357 0.539792 0.569749 0.560665 0.556434 0.611398 0.511315 0.404910 0.428633 0.687289 0.549069 0.458733 0.458252 0.698557 0.760979 0.652573 0.853246 0.557083 0.569859 0.496114 0.683252 0.504699 0.504264 0.831650 0.525635 0.580724 0.717191 0.807137 0.825027 0.723435 0.672088 0.386682 0.453632 0.349808 0.527372 0.610072 0.670846 0.456712 0.724091 0.439361 0.442651 0.467700 0.458900 0.568485 0.448981 0.492466 0.525633 0.953922 0.628834 0.790252 0.631002 0.702256 0.474863 0.451425 0.615809 0.661530 0.878386
0.229005 0.317525 0.138361 0.146633 0.613301 0.425835 0.000000 0.105490 0.337732 0.181212 0.247955 0.247941 0.244998 0.343181 0.334279 0.330267 0.263135 0.228184 0.156363 0.217934 0.407776 0.755528 0.233243 0.466491 0.693465 0.530899 0.856478 0.909193 0.303491 0.242023 0.239649 0.308150 0.164226 0.153741 0.414912 0.639361 0.392672 0.463943 0.620453 0.610784 0.740376 0.512158 0.189890 0.162607 0.274560 0.273850 0.287548 0.228442 0.819352 0.512359 0.526434 0.437651 0.541385 0.391251 0.437166 0.630955 0.321505 0.341118 0.209280 0.273385 0.171817 0.259637 0.244927 0.254914 0.264203 0.178163 0.112729 0.123061 0.389136 0.252024 0.202965 0.226831 0.388539 0.413919 0.503263 0.652192 0.329917 0.267056 0.276584 0.369489 0.210224 0.211048 0.522383 0.319505 0.306690 0.446350 0.994579 0.794973 0.413815 0.530044 0.388221 0.422421 0.374183 0.499424 0.425475 0.469594 0.339064 0.510434 0.271158 0.239358 0.401646 0.312754 0.325871 0.207020 0.285296 0.279320 0.788333 0.512187 0.551583 0.342804 0.510462 0.371787 0.286653 0.428415 0.489598 0.889610
0.182341 0.234244 0.175221 0.138038 0.612648 0.396704 0.105490 0.000000 0.348952 0.165879 0.256295 0.181359 0.194261 0.264338 0.263917 0.262230 0.210641 0.183839 0.165138 0.189347 0.408149 0.756234 0.204056 0.410738 0.674625 0.518570 0.853819 0.983537 0.248204 0.191892 0.243588 0.308607 0.138393 0.133661 0.373665 0.568692 0.348384 0.406961 0.651914 0.602519 0.698243 0.474109 0.148738 0.152864 0.206532 0.207411 0.230761 0.193646 0.670321 0.391468 0.413435 0.331410 0.449950 0.360067 0.414495 0.532471 0.265217 0.259169 0.180925 0.222786 0.152723 0.182058 0.205859 0.175166 0.275407 0.181932 0.115159 0.126640 0.414228 0.211265 0.196920 0.248334 0.428420 0.472104 0.510943 0.615853 0.288056 0.250036 0.210891 0.344763 0.159243 0.169715 0.453393 0.263642 0.242056 0.378703 0.953767 0.837680 0.389993 0.423129 0.334847 0.389081 0.327475 0.490031 0.354310 0.385535 0.263195 0.433920 0.204225 0.163194 0.332752 0.369950 0.271593 0.170542 0.212123 0.250263 0.769235 0.455537 0.546680 0.318297 0.483987 0.310025 0.251596 0.373909 0.444881 0.896805
0.407085 0.469133 0.358394 0.386046 0.759395 0.596648 0.337732 0.348952 0.000000 0.360198 0.393738 0.381151 0.383403 0.488438 0.468615 0.441203 0.452144 0.422442 0.395561 0.374659 0.673050 0.902478 0.394604 0.623360 0.727265 0.640182 0.990525 0.871146 0.446054 0.412732 0.419355 0.528220 0.375087 0.391984 0.545166 0.715648 0.471776 0.511102 0.799335 0.745050 0.869318 0.723303 0.393528 0.381229 0.432261 0.431484 0.418016 0.435526 0.815630 0.564082 0.556027 0.487814 0.634538 0.568844 0.635085 0.667580 0.455380 0.475541 0.406177 0.425542 0.325307 0.350123 0.427268 0.436709 0.355997 0.343040 0.373696 0.374416 0.457178 0.427334 0.395969 0.503863 0.373594 0.363589 0.657186 0.610076 0.457714 0.386649 0.508846 0.506560 0.440721 0.460425 0.650094 0.559147 0.469913 0.612491 0.982127 0.732890 0.581567 0.626208 0.542213 0.535294 0.526455 0.594484 0.589667 0.497139 0.575071 0.752071 0.361293 0.393727 0.510319 0.488324 0.497117 0.371326 0.484614 0.484826 0.758512 0.543378 0.646194 0.529779 0.514643 0.540011 0.428530 0.654438 0.548784 0.865969
0.314307 0.360427 0.301692 0.248764 0.628840 0.428888 0.181212 0.165879 0.360198 0.000000 0.317740 0.291597 0.324654 0.391819 0.387568 0.387595 0.296585 0.291539 0.281821 0.333945 0.521962 0.709647 0.348109 0.555048 0.837259 0.606623 0.874023 0.988123 0.350862 0.292545 0.364698 0.412523 0.241539 0.234097 0.415328 0.642389 0.465311 0.483798 0.716226 0.647958 0.820080 0.470318 0.253474 0.260687 0.302329 0.327659 0.393384 0.326419 0.768466 0.523083 0.507556 0.421543 0.578224 0.415157 0.522735 0.601124 0.375453 0.396094 0.293422 0.353719 0.268504 0.294084 0.329497 0.297907 0.375279 0.255271 0.217520 0.242969 0.448725 0.283749 0.307159 0.330184 0.403458 0.476463 0.526732 0.561265 0.352920 0.292379 0.364665 0.426016 0.268029 0.292793 0.576169 0.349084 0.418230 0.560445 0.949466 0.759328 0.511917 0.594146 0.362536 0.367196 0.342261 0.436376 0.468136 0.404133 0.368765 0.495661 0.239691 0.224454 0.380382 0.320107 0.369068 0.217139 0.328361 0.337705 0.811153 0.479905 0.665443 0.451433 0.532795 0.362441 0.303418 0.368824 0.516584 0.936139
0.152711 0.217204 0.301536 0.333982 0.698756 0.598788 0.247955 0.256295 0.393738 0.317740 0.000000 0.145587 0.145088 0.223315 0.234441 0.222960 0.141426 0.130487 0.146331 0.151391 0.503378 0.877120 0.276004 0.425379 0.752486 0.653389 0.964843 0.903709 0.185436 0.139411 0.283436 0.323672 0.198203 0.194512 0.559960 0.661817 0.426964 0.444170 0.744279 0.626952 0.645107 0.526865 0.311425 0.253723 0.398095 0.342389 0.335520 0.304093 0.866558 0.540899 0.590672 0.495700 0.609569 0.589331 0.544263 0.694087 0.176489 0.219309 0.233291 0.278683 0.160299 0.244448 0.154611 0.179768 0.377028 0.278077 0.311660 0.321290 0.271588 0.259704 0.267576 0.277859 0.383025 0.373300 0.639950 0.603180 0.347029 0.265004 0.247290 0.214982 0.172913 0.231388 0.412051 0.358289 0.348053 0.508392 0.954600 0.827162 0.460088 0.637362 0.658811 0.716836 0.673671 0.794426 0.494809 0.580653 0.445419 0.569844 0.378042 0.341264 0.596856 0.559948 0.341069 0.287384 0.412896 0.350887 0.768667 0.647302 0.643430 0.397634 0.667292 0.424208 0.385301 0.463809 0.486123 0.999217
0.113322 0.133044 0.307210 0.262787 0.676460 0.539588 0.247941 0.181359 0.381151 0.291597 0.145587 0.000000 0.104868 0.130181 0.147644 0.141979 0.108216 0.085109 0.126657 0.120373 0.494587 0.820516 0.211321 0.367054 0.692304 0.613904 0.946893 0.986212 0.119809 0.087995 0.261719 0.304697 0.141629 0.165400 0.477237 0.606346 0.348232 0.389238 0.680081 0.606020 0.681335 0.456710 0.234442 0.202015 0.279182 0.222687 0.231233 0.212642 0.634347 0.377888 0.426999 0.344731 0.509373 0.500001 0.465372 0.551119 0.131848 0.133583 0.167301 0.183837 0.122162 0.145663 0.104484 0.088713 0.361709 0.255438 0.273653 0.255182 0.317096 0.189958 0.234032 0.269188 0.450063 0.456842 0.579781 0.559147 0.287475 0.244328 0.177814 0.207510 0.116112 0.168129 0.336811 0.259172 0.235734 0.376765 0.964054 0.891549 0.385001 0.473673 0.594236 0.666165 0.603989 0.786514 0.383622 0.474257 0.360214 0.453712 0.272830 0.231689 0.524026 0.603024 0.269299 0.239257 0.296173 0.288240 0.747457 0.568482 0.575599 0.322201 0.564399 0.347842 0.328685 0.380918 0.412646 0.954486
0.127391 0.167058 0.281714 0.262538 0.617834 0.560632 0.244998 0.194261 0.383403 0.324654 0.145088 0.104868 0.000000 0.121774 0.109080 0.121492 0.140698 0.122333 0.136729 0.156149 0.430974 0.836085 0.167166 0.300591 0.644456 0.605516 0.955039 0.945706 0.141069 0.111521 0.236497 0.301417 0.171295 0.182979 0.506876 0.628509 0.311722 0.352493 0.655488 0.617305 0.658086 0.470187 0.242529 0.210969 0.315306 0.262247 0.230115 0.200340 0.694771 0.412399 0.450906 0.363706 0.531549 0.513334 0.483153 0.568676 0.154008 0.169164 0.190868 0.219862 0.109643 0.158339 0.103014 0.101919 0.301434 0.253745 0.272105 0.269857 0.383081 0.255611 0.238154 0.292919 0.467926 0.450492 0.620670 0.568072 0.363609 0.274340 0.205199 0.236752 0.137995 0.195188 0.311569 0.283725 0.196981 0.335263 0.982273 0.953449 0.388409 0.418991 0.615226 0.681815 0.619279 0.798397 0.409314 0.481191 0.378553 0.473112 0.316452 0.268631 0.549357 0.596656 0.256533 0.252677 0.305323 0.263740 0.722399 0.552241 0.557250 0.333931 0.595501 0.401349 0.385184 0.422686 0.411389 0.999456
0.209435 0.200015 0.380779 0.319244 0.680787 0.662009 0.343181 0.264338 0.488438 0.391819 0.223315 0.130181 0.121774 0.000000 0.111002 0.115205 0.188592 0.168815 0.196594 0.216907 0.472280 0.792562 0.184529 0.256694 0.666494 0.644610 0.962560 0.916912 0.143352 0.133339 0.264493 0.292412 0.209592 0.228868 0.505746 0.615084 0.355198 0.376882 0.650964 0.585753 0.724835 0.470355 0.299656 0.264731 0.369270 0.320164 0.273038 0.239401 0.642940 0.442179 0.464498 0.413689 0.552985 0.564569 0.502730 0.593889 0.192433 0.202656 0.232313 0.272290 0.172726 0.207257 0.137348 0.121267 0.356800 0.308754 0.327377 0.319385 0.459488 0.308362 0.327154 0.404122 0.589575 0.608754 0.658745 0.621146 0.366569 0.301185 0.258509 0.301769 0.202947 0.242262 0.227492 0.314986 0.210694 0.292641 0.932168 0.940174 0.430638 0.422470 0.726797 0.801772 0.733382 0.926759 0.420986 0.525722 0.461328 0.422540 0.390477 0.318580 0.587868 0.692791 0.269163 0.306745 0.347230 0.300074 0.799191 0.609821 0.601541 0.396514 0.599466 0.434276 0.465964 0.444547 0.425830 0.953437
0.207386 0.232303 0.344660 0.292712 0.668938 0.645784 0.334279 0.263917 0.468615 0.387568 0.234441 0.147644 0.109080 0.111002 0.000000 0.117079 0.216315 0.191436 0.217020 0.236027 0.428728 0.794131 0.165165 0.265895 0.620076 0.586605 0.975715 0.986234 0.193461 0.150219 0.259552 0.314244 0.229252 0.252041 0.507365 0.686850 0.309115 0.388378 0.668743 0.576572 0.705599 0.503944 0.308785 0.269823 0.379874 0.320887 0.293699 0.231792 0.667323 0.424708 0.460261 0.384470 0.534789 0.530987 0.461116 0.545004 0.232831 0.230033 0.258656 0.278302 0.167086 0.191617 0.165374 0.146307 0.301709 0.288010 0.343643 0.337580 0.477800 0.316831 0.323216 0.378600 0.538364 0.563969 0.643975 0.618510 0.405763 0.328641 0.267437 0.301613 0.205799 0.241794 0.293722 0.321266 0.199310 0.300863 0.868435 0.902762 0.371420 0.357846 0.688052 0.750941 0.688247 0.882666 0.420942 0.496900 0.443878 0.508676 0.375286 0.309631 0.591070 0.675320 0.284273 0.316357 0.330172 0.303295 0.730393 0.569382 0.622258 0.411093 0.648660 0.439343 0.456613 0.471583 0.439815 0.938202
0.213670 0.246900 0.332424 0.282675 0.657081 0.612907 0.330267 0.262230 0.441203 0.387595 0.222960 0.141979 0.121492 0.115205 0.117079 0.000000 0.206581 0.178462 0.196005 0.221206 0.452869 0.840342 0.151823 0.248193 0.607821 0.570763 0.963592 0.959244 0.156478 0.135328 0.241156 0.278021 0.204668 0.227765 0.502468 0.679196 0.321657 0.382493 0.601820 0.512695 0.714699 0.458774 0.301203 0.265147 0.400158 0.329059 0.273597 0.244710 0.713595 0.450913 0.502908 0.431134 0.562995 0.563219 0.498266 0.573395 0.236659 0.234214 0.237441 0.268667 0.161668 0.196105 0.150357 0.131318 0.312108 0.265493 0.317001 0.318144 0.417355 0.293405 0.311172 0.361412 0.550961 0.603869 0.614647 0.622102 0.390696 0.301148 0.240828 0.280133 0.194427 0.218212 0.245666 0.263190 0.202741 0.267523 0.931883 0.913258 0.396532 0.379915 0.709300 0.778389 0.710035 0.904944 0.455351 0.503147 0.480000 0.501676 0.410049 0.345625 0.613650 0.645164 0.269899 0.302244 0.331705 0.302372 0.725631 0.664125 0.626292 0.415444 0.705522 0.467785 0.490445 0.458298 0.448724 0.996283
0.121566 0.145865 0.353998 0.322549 0.690035 0.594378 0.263135 0.210641 0.452144 0.296585 0.141426 0.108216 0.140698 0.188592 0.216315 0.206581 0.000000 0.087554 0.140234 0.143342 0.507496 0.788295 0.286731 0.447232 0.773864 0.686173 0.943634 0.954327 0.132371 0.112364 0.305172 0.319256 0.170686 0.160951 0.540759 0.633051 0.395658 0.448481 0.723716 0.626575 0.671927 0.460396 0.269499 0.209529 0.299284 0.257835 0.273290 0.257348 0.694352 0.424647 0.495184 0.389556 0.569034 0.537347 0.523878 0.610675 0.123217 0.131509 0.173671 0.195619 0.160355 0.193256 0.136414 0.122845 0.427159 0.294442 0.295749 0.274679 0.284337 0.193072 0.268856 0.272488 0.435731 0.427576 0.596872 0.522763 0.311774 0.257761 0.185880 0.183803 0.113992 0.178807 0.389236 0.299705 0.311066 0.447325 0.958044 0.868324 0.429793 0.546549 0.634768 0.684259 0.640895 0.762110 0.386884 0.475478 0.347945 0.432884 0.309474 0.247773 0.590789 0.597753 0.277181 0.249471 0.345299 0.284495 0.797640 0.606470 0.608266 0.333948 0.594899 0.340658 0.374669 0.330678 0.503846 0.889013
0.103714 0.120796 0.304854 0.278518 0.686534 0.529251 0.228184 0.183839 0.422442 0.291539 0.130487 0.085109 0.122333 0.168815 0.191436 0.178462 0.087554 0.000000 0.114769 0.109374 0.462622 0.834895 0.253451 0.418727 0.726726 0.640728 0.931589 0.994333 0.119214 0.095458 0.271565 0.313074 0.138708 0.150224 0.512788 0.647431 0.364142 0.427720 0.714512 0.610340 0.694295 0.443408 0.221669 0.169922 0.271664 0.211683 0.223015 0.204658 0.664898 0.395821 0.467898 0.365551 0.534916 0.504665 0.490777 0.577682 0.108948 0.114435 0.157962 0.176866 0.130997 0.169875 0.112914 0.098696 0.391639 0.266456 0.258696 0.250954 0.269015 0.179844 0.231380 0.226256 0.442563 0.427397 0.570559 0.566670 0.273151 0.226831 0.164259 0.185316 0.106038 0.156744 0.378054 0.263229 0.272016 0.413577 0.995472 0.840804 0.429409 0.509524 0.584629 0.650307 0.590028 0.746296 0.361444 0.461716 0.340823 0.428333 0.278944 0.232559 0.545253 0.571039 0.263120 0.234562 0.291360 0.271262 0.775806 0.616405 0.572526 0.315389 0.612779 0.320192 0.303170 0.359774 0.429632 0.911026
0.124233 0.177211 0.212017 0.211347 0.619719 0.557571 0.156363 0.165138 0.395561 0.281821 0.146331 0.126657 0.136729 0.196594 0.217020 0.196005 0.140234 0.114769 0.000000 0.124313 0.435999 0.791757 0.201065 0.384951 0.652327 0.581951 0.914521 0.898808 0.164364 0.125175 0.211734 0.270006 0.137263 0.130374 0.449429 0.608888 0.363237 0.392487 0.596657 0.573325 0.737124 0.464002 0.205469 0.161841 0.292934 0.249714 0.231127 0.178339 0.737129 0.414110 0.484749 0.385034 0.539664 0.463650 0.473859 0.631122 0.177606 0.195031 0.147984 0.177839 0.112225 0.195194 0.124371 0.136731 0.313036 0.212817 0.204563 0.188979 0.290284 0.191390 0.190738 0.222681 0.415927 0.405901 0.516450 0.576101 0.321432 0.251684 0.207725 0.211959 0.132771 0.163894 0.370795 0.275267 0.252163 0.390993 0.997589 0.839477 0.395673 0.517053 0.592192 0.662769 0.595475 0.752239 0.424522 0.485820 0.360771 0.442550 0.301191 0.260987 0.541811 0.522799 0.278586 0.235167 0.305032 0.264707 0.687924 0.585682 0.525762 0.311771 0.574727 0.357422 0.355633 0.420570 0.438640 0.946288
0.121990 0.162287 0.247893 0.234564 0.733271 0.542078 0.217934 0.189347 0.374659 0.333945 0.151391 0.120373 0.156149 0.216907 0.236027 0.221206 0.143342 0.109374 0.124313 0.000000 0.440499 0.814640 0.231085 0.376750 0.621784 0.532439 0.971088 0.978083 0.168076 0.115036 0.221187 0.254450 0.141652 0.147178 0.494412 0.632025 0.365569 0.442943 0.712648 0.643896 0.701901 0.532767 0.218538 0.190432 0.302511 0.232801 0.225107 0.228310 0.709724 0.387116 0.498609 0.397264 0.535082 0.504817 0.468428 0.564687 0.173676 0.169824 0.177425 0.187620 0.157586 0.199088 0.154474 0.152914 0.362415 0.257994 0.250125 0.233431 0.268634 0.190135 0.216567 0.248576 0.359999 0.361856 0.582558 0.587721 0.299540 0.256304 0.183073 0.177801 0.130021 0.148168 0.432723 0.283413 0.276015 0.410538 0.946675 0.866957 0.379727 0.526581 0.607489 0.685360 0.612824 0.784059 0.384086 0.519613 0.372123 0.507915 0.315749 0.271922 0.538155 0.578766 0.327046 0.270540 0.339316 0.284739 0.721434 0.625974 0.531524 0.310087 0.598658 0.366782 0.337824 0.421737 0.428273 0.916602
0.491234 0.514468 0.388237 0.358812 0.747633 0.672977 0.407776 0.408149 0.673050 0.521962 0.503378 0.494587 0.430974 0.472280 0.428728 0.452869 0.507496 0.462622 0.435999 0.440499 0.000000 0.769613 0.373676 0.427897 0.556510 0.543008 0.965640 0.923302 0.536486 0.465751 0.391387 0.510923 0.445604 0.398112 0.549578 0.747740 0.441397 0.462530 0.663866 0.678683 0.712677 0.613869 0.409542 0.391892 0.563627 0.519402 0.472625 0.442163 0.874968 0.597051 0.724916 0.647956 0.793554 0.614999 0.529747 0.709225 0.543879 0.504159 0.457214 0.491795 0.470474 0.511992 0.478134 0.464026 0.425782 0.473135 0.424994 0.455926 0.631372 0.512457 0.424912 0.468725 0.628743 0.708293 0.688484 0.831256 0.499476 0.465390 0.477220 0.530478 0.458529 0.406634 0.535268 0.474109 0.425274 0.514490 0.937713 0.980538 0.602631 0.513907 0.639770 0.699088 0.636656 0.764488 0.537776 0.566297 0.506271 0.668764 0.616647 0.500813 0.689098 0.587156 0.465012 0.424670 0.470719 0.422004 0.879860 0.661247 0.560373 0.571104 0.766090 0.594121 0.550982 0.613054 0.592924 0.833426
0.826370 0.869747 0.764662 0.716042 0.830970 0.921175 0.755528 0.756234 0.902478 0.709647 0.877120 0.820516 0.836085 0.792562 0.794131 0.840342 0.788295 0.834895 0.791757 0.814640 0.769613 0.000000 0.729285 0.840631 0.952100 0.796276 0.935265 0.926522 0.801808 0.774294 0.782329 0.713653 0.758595 0.770043 0.845110 0.751736 0.830977 0.796572 0.870802 0.798836 0.820900 0.854190 0.729542 0.753260 0.794775 0.829019 0.861016 0.828261 0.867786 0.844973 0.858021 0.813351 0.874325 0.728020 0.794352 0.945156 0.858394 0.903338 0.816861 0.896191 0.824629 0.842911 0.870483 0.840986 0.759658 0.766091 0.733423 0.718764 0.897867 0.816513 0.751344 0.812628 0.789664 0.846967 0.829952 0.671114 0.805997 0.810361 0.862526 0.791978 0.826987 0.841367 0.832012 0.853625 0.819094 0.783039 0.986143 0.865274 0.820009 0.836577 0.856718 0.880807 0.891471 0.839269 0.808151 0.803826 0.882013 0.781854 0.771442 0.716026 0.816767 0.750531 0.797694 0.679378 0.846625 0.667609 0.979250 0.815324 0.955417 0.778134 0.819659 0.861128 0.794436 0.881743 0.740495 0.993087
0.241074 0.300565 0.185027 0.159732 0.643154 0.577985 0.233243 0.204056 0.394604 0.348109 0.276004 0.211321 0.167166 0.184529 0.165165 0.151823 0.286731 0.253451 0.201065 0.231085 0.373676 0.729285 0.000000 0.189780 0.458170 0.391845 0.972980 0.997003 0.235569 0.191728 0.141275 0.209340 0.180956 0.201474 0.395280 0.589800 0.274180 0.363809 0.527660 0.536041 0.817058 0.497887 0.255011 0.246332 0.394796 0.336033 0.261146 0.223766 0.763491 0.463793 0.524871 0.431674 0.495804 0.477112 0.412112 0.521987 0.334010 0.326618 0.248711 0.273250 0.167983 0.212675 0.205923 0.204989 0.183671 0.182488 0.216075 0.224726 0.449693 0.294331 0.267235 0.375923 0.461982 0.537647 0.605427 0.686700 0.398453 0.334295 0.272316 0.340015 0.203863 0.194138 0.314030 0.242424 0.140620 0.202129 0.959766 0.891732 0.324107 0.321036 0.619179 0.702428 0.607937 0.822251 0.421489 0.478074 0.422584 0.508117 0.399283 0.327405 0.533639 0.578337 0.316864 0.283103 0.343126 0.261898 0.727419 0.572473 0.599172 0.411624 0.671775 0.484353 0.451128 0.538085 0.420672 0.989005
0.429972 0.451264 0.345963 0.309272 0.765055 0.761682 0.466491 0.410738 0.623360 0.555048 0.425379 0.367054 0.300591 0.256694 0.265895 0.248193 0.447232 0.418727 0.384951 0.376750 0.427897 0.840631 0.189780 0.000000 0.362433 0.373593 0.996389 0.857601 0.350548 0.313527 0.250756 0.269286 0.340354 0.377451 0.471131 0.683576 0.388807 0.516571 0.548851 0.639718 0.864354 0.607801 0.463004 0.461052 0.622765 0.561201 0.431210 0.401158 0.851851 0.624449 0.717369 0.663473 0.684982 0.732982 0.527874 0.643437 0.499556 0.481818 0.456941 0.480456 0.365780 0.381463 0.361320 0.366613 0.310910 0.340241 0.426234 0.452232 0.607720 0.463679 0.469082 0.590992 0.602541 0.676638 0.736391 0.735961 0.551763 0.476397 0.417099 0.464498 0.361696 0.325657 0.317360 0.333717 0.256948 0.217404 0.848065 0.708510 0.454924 0.362671 0.860627 0.958251 0.844491 0.950925 0.521719 0.653768 0.622300 0.564823 0.674004 0.557312 0.710909 0.827090 0.526560 0.486441 0.522102 0.473650 0.844425 0.738548 0.678878 0.552034 0.790780 0.662968 0.696172 0.708917 0.574427 0.925720
0.677180 0.698805 0.479392 0.470013 0.995240 0.865217 0.693465 0.674625 0.727265 0.837259 0.752486 0.692304 0.644456 0.666494 0.620076 0.607821 0.773864 0.726726 0.652327 0.621784 0.556510 0.952100 0.458170 0.362433 0.000000 0.269127 0.883790 0.816720 0.711692 0.654820 0.406845 0.564523 0.614239 0.673967 0.562081 0.837170 0.541557 0.762487 0.526846 0.855825 0.921073 0.878904 0.681638 0.715220 0.835445 0.765074 0.609832 0.654815 0.949824 0.704748 0.908368 0.783527 0.816256 0.868804 0.625987 0.714108 0.836454 0.715288 0.727922 0.639251 0.684354 0.663069 0.743430 0.725051 0.473633 0.569478 0.680548 0.661040 0.684435 0.681525 0.676661 0.720239 0.581258 0.674510 0.744536 0.968601 0.723468 0.776494 0.682109 0.667633 0.646796 0.564821 0.732770 0.596868 0.525994 0.448642 0.955712 0.918127 0.663724 0.493282 0.921986 0.991329 0.857487 0.966618 0.690150 0.830884 0.752512 0.850081 0.861227 0.826805 0.928498 0.967636 0.903080 0.780769 0.718547 0.728708 0.876405 0.919192 0.775818 0.688572 0.961852 0.879330 0.861133 0.952939 0.786806 0.924315
0.612928 0.675266 0.358877 0.333030 0.916837 0.580470 0.530899 0.518570 0.640182 0.606623 0.653389 0.613904 0.605516 0.644610 0.586605 0.570763 0.686173 0.640728 0.581951 0.532439 0.543008 0.796276 0.391845 0.373593 0.269127 0.000000 0.807865 0.724506 0.623216 0.575856 0.350554 0.418515 0.478782 0.501636 0.405765 0.759377 0.497566 0.780483 0.539512 0.690898 0.975749 0.770154 0.517887 0.567374 0.687876 0.627535 0.487007 0.536685 0.873731 0.651267 0.790439 0.676549 0.637356 0.691930 0.506519 0.544204 0.792141 0.707259 0.594346 0.571086 0.582537 0.561867 0.659820 0.657738 0.342761 0.372552 0.471663 0.459904 0.631299 0.552756 0.590260 0.632415 0.471209 0.628067 0.648782 0.842109 0.578238 0.660621 0.594368 0.598792 0.528911 0.447588 0.723487 0.480600 0.435905 0.387580 0.998978 0.872497 0.500563 0.433985 0.733351 0.791405 0.671204 0.867563 0.587571 0.751456 0.661513 0.772038 0.692714 0.601658 0.714039 0.754555 0.756126 0.568983 0.629409 0.637891 0.858614 0.804096 0.849331 0.685646 0.983438 0.721774 0.681004 0.827250 0.616375 0.959764
0.909559 0.933082 0.934553 0.958495 0.876784 0.974023 0.856478 0.853819 0.990525 0.874023 0.964843 0.946893 0.955039 0.962560 0.975715 0.963592 0.943634 0.931589 0.914521 0.971088 0.965640 0.935265 0.972980 0.996389 0.883790 0.807865 0.000000 0.944244 0.979288 0.964688 0.908234 0.899089 0.928214 0.942431 0.910265 0.935903 0.947282 0.842130 0.906297 0.982960 0.873356 0.995250 0.956654 0.978312 0.889423 0.901145 0.999391 0.960912 0.900360 0.935720 0.848471 0.918725 0.958550 0.868542 0.941382 0.982115 0.943434 0.974392 0.910696 0.918578 0.914458 0.892182 0.910426 0.911564 0.993891 0.940939 0.903489 0.927284 0.977136 0.992709 0.941319 0.894156 0.998729 0.999787 0.958706 0.842676 0.936768 0.859713 0.973206 0.928575 0.939322 0.907825 0.975342 0.973055 0.959283 0.986632 0.957585 0.941131 0.897449 0.934947 0.748405 0.776307 0.797391 0.763512 0.983011 0.821607 0.885905 0.848648 0.829795 0.871343 0.916975 0.928415 0.858710 0.965557 0.754646 0.969413 0.926627 0.871742 0.780134 0.766180 0.852482 0.848244 0.753444 0.983744 0.985501 0.843991
0.913265 0.979047 0.961318 0.956711 0.918193 0.819295 0.909193 0.983537 0.871146 0.988123 0.903709 0.986212 0.945706 0.916912 0.986234 0.959244 0.954327 0.994333 0.898808 0.978083 0.923302 0.926522 0.997003 0.857601 0.816720 0.724506 0.944244 0.000000 0.986218 0.997585 0.993325 0.941799 0.970671 0.956087 0.953915 0.973226 0.941355 0.919470 0.887041 0.923026 0.978903 0.963849 0.991972 0.980815 0.924231 0.949990 0.929637 0.928111 0.961612 0.897461 0.965008 0.900483 0.921320 0.857905 0.965440 0.968251 0.937569 0.978046 0.936908 0.927694 0.916360 0.968729 0.973627 0.999463 0.992704 0.998129 0.947492 0.998627 0.965447 0.967546 0.917989 0.896513 0.931379 0.818931 0.848974 0.946528 0.916231 0.985014 0.972670 0.930447 0.979147 0.992577 0.973607 0.990866 0.995102 0.897251 0.931157 0.970480 0.939069 0.943340 0.995795 0.985535 0.974886 0.974304 0.975085 0.883201 0.907713 0.852169 0.939736 0.954621 0.912863 0.939952 0.895404 0.989075 0.985513 0.923051 0.774555 0.918660 0.901597 0.996282 0.914204 0.944131 0.983532 0.984416 0.885343 0.949167
0.165127 0.166574 0.358854 0.320962 0.675823 0.584544 0.303491 0.248204 0.446054 0.350862 0.185436 0.119809 0.141069 0.143352 0.193461 0.156478 0.132371 0.119214 0.164364 0.168076 0.536486 0.801808 0.235569 0.350548 0.711692 0.623216 0.979288 0.986218 0.000000 0.114689 0.264043 0.280109 0.162637 0.188624 0.523283 0.660415 0.402253 0.489786 0.673834 0.564936 0.776464 0.452162 0.282274 0.237331 0.343809 0.278995 0.235975 0.207024 0.652768 0.434646 0.486124 0.392866 0.531287 0.534359 0.502432 0.559053 0.160599 0.182929 0.185453 0.215738 0.156199 0.188576 0.127304 0.128452 0.388516 0.276340 0.292358 0.279917 0.305900 0.215971 0.296553 0.354063 0.490981 0.491544 0.624445 0.561189 0.352104 0.277784 0.198275 0.215271 0.136859 0.191283 0.327040 0.268113 0.253923 0.347268 0.974709 0.935974 0.439079 0.465383 0.705700 0.759615 0.691538 0.887661 0.383162 0.532181 0.407535 0.446335 0.366521 0.291271 0.582314 0.606817 0.281337 0.259279 0.344376 0.302070 0.786991 0.703582 0.656252 0.363633 0.598239 0.434674 0.412504 0.360435 0.444673 0.924409
0.131733 0.168026 0.274803 0.236731 0.709869 0.583353 0.242023 0.191892 0.412732 0.292545 0.139411 0.087995 0.111521 0.133339 0.150219 0.135328 0.112364 0.095458 0.125175 0.115036 0.465751 0.774294 0.191728 0.313527 0.654820 0.575856 0.964688 0.997585 0.114689 0.000000 0.225582 0.232302 0.136457 0.148271 0.486624 0.651051 0.343673 0.430384 0.673376 0.582097 0.736492 0.501032 0.270321 0.213324 0.341870 0.270093 0.265420 0.224994 0.739885 0.425336 0.512491 0.406338 0.546617 0.513656 0.464143 0.570042 0.169956 0.170824 0.186724 0.208093 0.134046 0.168745 0.122592 0.107079 0.344948 0.242780 0.267774 0.258619 0.289927 0.186555 0.259038 0.289939 0.427808 0.438237 0.531378 0.567695 0.329438 0.245969 0.160365 0.183911 0.112232 0.143380 0.339772 0.244601 0.254842 0.349713 0.908229 0.964246 0.381362 0.490704 0.650600 0.720349 0.656541 0.825077 0.385216 0.506125 0.412178 0.473327 0.346899 0.274250 0.583149 0.588485 0.289345 0.256012 0.336571 0.274527 0.744110 0.668418 0.618900 0.309238 0.628705 0.392451 0.388233 0.372285 0.465131 0.981453
0.270551 0.319072 0.188373 0.174406 0.785805 0.568045 0.239649 0.243588 0.419355 0.364698 0.283436 0.261719 0.236497 0.264493 0.259552 0.241156 0.305172 0.271565 0.211734 0.221187 0.391387 0.782329 0.141275 0.250756 0.406845 0.350554 0.908234 0.993325 0.264043 0.225582 0.000000 0.177743 0.187409 0.211056 0.418931 0.633769 0.303499 0.474141 0.509798 0.641282 0.791699 0.572355 0.276891 0.258603 0.429295 0.380964 0.307962 0.274342 0.829331 0.531568 0.629300 0.515134 0.555906 0.528898 0.441637 0.585869 0.365617 0.345244 0.291275 0.305618 0.229219 0.286738 0.277107 0.281859 0.249008 0.209984 0.250426 0.253892 0.356027 0.296112 0.300181 0.344985 0.372680 0.440716 0.560879 0.731853 0.402315 0.325580 0.298163 0.303451 0.233279 0.203830 0.422968 0.274336 0.233117 0.286453 0.953209 0.995048 0.354902 0.425604 0.681957 0.755085 0.646153 0.824103 0.452566 0.555625 0.401944 0.582590 0.465569 0.409549 0.580123 0.538883 0.433046 0.341812 0.423029 0.331917 0.700683 0.671046 0.649684 0.432786 0.706200 0.518315 0.498003 0.495503 0.534653 0.992151
0.340123 0.400857 0.279409 0.237605 0.849390 0.639619 0.308150 0.308607 0.528220 0.412523 0.323672 0.304697 0.301417 0.292412 0.314244 0.278021 0.319256 0.313074 0.270006 0.254450 0.510923 0.713653 0.209340 0.269286 0.564523 0.418515 0.899089 0.941799 0.280109 0.232302 0.177743 0.000000 0.249754 0.222999 0.525117 0.666190 0.435683 0.614389 0.577637 0.623949 0.855148 0.651124 0.357545 0.321085 0.525660 0.474567 0.399282 0.331487 0.939890 0.628830 0.737608 0.634313 0.664879 0.609763 0.517987 0.688258 0.411816 0.420247 0.344667 0.388393 0.303199 0.367792 0.300556 0.326949 0.354701 0.266298 0.293758 0.307307 0.462539 0.329529 0.397017 0.445624 0.462628 0.525758 0.548471 0.663213 0.488423 0.373834 0.303267 0.328102 0.260802 0.237707 0.410484 0.269993 0.315203 0.309768 0.906502 0.885824 0.377968 0.505680 0.789344 0.891762 0.785708 0.950166 0.486086 0.635745 0.554235 0.586100 0.577661 0.470113 0.683709 0.635425 0.486580 0.387878 0.534269 0.389097 0.820414 0.832366 0.739256 0.473552 0.724162 0.559949 0.591795 0.518411 0.598226 0.944498
0.146909 0.193437 0.192653 0.162184 0.639593 0.502645 0.164226 0.138393 0.375087 0.241539 0.198203 0.141629 0.171295 0.209592 0.229252 0.204668 0.170686 0.138708 0.137263 0.141652 0.445604 0.758595 0.180956 0.340354 0.614239 0.478782 0.928214 0.970671 0.162637 0.136457 0.187409 0.249754 0.000000 0.130000 0.395270 0.565371 0.360922 0.435652 0.629626 0.563954 0.798449 0.506103 0.191865 0.168756 0.273780 0.219128 0.221074 0.209669 0.678133 0.423183 0.468731 0.382701 0.493521 0.435029 0.403226 0.491414 0.211973 0.206969 0.155637 0.197561 0.130999 0.169644 0.164138 0.152203 0.275508 0.174112 0.171032 0.152994 0.289963 0.162833 0.203154 0.250354 0.373838 0.427726 0.555915 0.625686 0.274335 0.226400 0.184035 0.225294 0.114134 0.124998 0.399231 0.231460 0.212330 0.306582 0.982773 0.915086 0.354736 0.419021 0.514890 0.560955 0.511044 0.672737 0.364902 0.467257 0.325312 0.439760 0.271137 0.219006 0.485713 0.438846 0.280361 0.182028 0.285157 0.288906 0.760950 0.577685 0.591191 0.318448 0.596547 0.357258 0.329356 0.362487 0.450633 0.971844
0.159872 0.225804 0.214576 0.175876 0.676575 0.505693 0.153741 0.133661 0.391984 0.234097 0.194512 0.165400 0.182979 0.228868 0.252041 0.227765 0.160951 0.150224 0.130374 0.147178 0.398112 0.770043 0.201474 0.377451 0.673967 0.501636 0.942431 0.956087 0.188624 0.148271 0.211056 0.222999 0.130000 0.000000 0.385789 0.591329 0.336637 0.423091 0.590842 0.576492 0.740168 0.466925 0.206280 0.173894 0.285041 0.247384 0.232457 0.212541 0.748381 0.426505 0.500641 0.401047 0.514056 0.454822 0.453243 0.559820 0.220385 0.221603 0.157858 0.211107 0.139515 0.186551 0.164019 0.157206 0.269370 0.168960 0.145143 0.150683 0.339265 0.173777 0.230615 0.253095 0.386943 0.461805 0.528263 0.588025 0.299951 0.229926 0.189867 0.229018 0.128631 0.134761 0.396672 0.245614 0.223627 0.335782 0.980937 0.921390 0.360953 0.456574 0.506630 0.581591 0.503636 0.656148 0.384251 0.427187 0.354891 0.435954 0.285100 0.226865 0.460436 0.435381 0.242721 0.193707 0.305242 0.273208 0.752118 0.560201 0.623191 0.368609 0.579969 0.324730 0.332776 0.346810 0.452101 0.903449
0.463712 0.546490 0.382411 0.325442 0.820722 0.577050 0.414912 0.373665 0.545166 0.415328 0.559960 0.477237 0.506876 0.505746 0.507365 0.502468 0.540759 0.512788 0.449429 0.494412 0.549578 0.845110 0.395280 0.471131 0.562081 0.405765 0.910265 0.953915 0.523283 0.486624 0.418931 0.525117 0.395270 0.385789 0.000000 0.556819 0.477450 0.554014 0.634155 0.753012 0.788822 0.580405 0.431655 0.478906 0.492355 0.470207 0.476417 0.452086 0.729753 0.519513 0.591304 0.499037 0.528418 0.541690 0.481137 0.501511 0.621814 0.558607 0.436926 0.416231 0.437705 0.441735 0.499564 0.477451 0.350783 0.357708 0.356294 0.388967 0.535412 0.426153 0.505344 0.547683 0.458865 0.596620 0.619681 0.809538 0.463696 0.518128 0.486622 0.557242 0.424780 0.361231 0.654037 0.437850 0.362591 0.436534 0.897150 0.960301 0.551183 0.477859 0.543943 0.606028 0.517073 0.648699 0.646374 0.619418 0.505989 0.583238 0.459847 0.424987 0.533543 0.653835 0.497797 0.459466 0.422857 0.496953 0.853925 0.614996 0.776350 0.668517 0.706828 0.430652 0.551140 0.653275 0.605147 0.978314
0.610016 0.617862 0.639835 0.599820 0.848579 0.793127 0.639361 0.568692 0.715648 0.642389 0.661817 0.606346 0.628509 0.615084 0.686850 0.679196 0.633051 0.647431 0.608888 0.632025 0.747740 0.751736 0.589800 0.683576 0.837170 0.759377 0.935903 0.973226 0.660415 0.651051 0.633769 0.666190 0.565371 0.591329 0.556819 0.000000 0.638574 0.498927 0.848866 0.727780 0.861089 0.704128 0.588623 0.654653 0.660078 0.687739 0.710738 0.630109 0.836716 0.737565 0.713186 0.648652 0.696283 0.683497 0.804997 0.815978 0.645523 0.634754 0.603049 0.619378 0.646868 0.651001 0.595143 0.605858 0.704486 0.684335 0.592847 0.591805 0.829131 0.629516 0.631684 0.721264 0.793351 0.851268 0.871482 0.708055 0.652951 0.660172 0.615564 0.721663 0.591527 0.631319 0.635772 0.636058 0.592564 0.656758 0.790553 0.878663 0.692142 0.666375 0.762694 0.779205 0.787707 0.781011 0.699527 0.648782 0.628220 0.534967 0.632961 0.651524 0.693941 0.757266 0.600124 0.538535 0.696640 0.646415 0.800587 0.624015 0.798032 0.747569 0.682926 0.658761 0.683324 0.789989 0.626915 0.914862
0.338040 0.358527 0.353808 0.313579 0.817192 0.581477 0.392672 0.348384 0.471776 0.465311 0.426964 0.348232 0.311722 0.355198 0.309115 0.321657 0.395658 0.364142 0.363237 0.365569 0.441397 0.830977 0.274180 0.388807 0.541557 0.497566 0.947282 0.941355 0.402253 0.343673 0.303499 0.435683 0.360922 0.336637 0.477450 0.638574 0.000000 0.368121 0.564629 0.682977 0.730754 0.467767 0.366645 0.348553 0.406413 0.373154 0.371324 0.311906 0.631675 0.430239 0.486650 0.405747 0.535199 0.548019 0.554700 0.497846 0.413182 0.372296 0.343838 0.345944 0.321951 0.317208 0.373748 0.339429 0.310659 0.350258 0.357677 0.362785 0.518664 0.386056 0.394082 0.390839 0.592826 0.589106 0.584084 0.666353 0.420551 0.390882 0.367941 0.432492 0.342591 0.322576 0.538235 0.350826 0.271701 0.317867 0.907271 0.829445 0.418952 0.353513 0.606695 0.682526 0.569189 0.724691 0.433928 0.514416 0.438366 0.556987 0.408999 0.408726 0.511807 0.617763 0.318322 0.419601 0.365608 0.362233 0.752562 0.566718 0.636914 0.534697 0.795498 0.502147 0.528625 0.582223 0.506781 0.869906
0.388376 0.432694 0.469464 0.455206 0.655741 0.820654 0.463943 0.406961 0.511102 0.483798 0.444170 0.389238 0.352493 0.376882 0.388378 0.382493 0.448481 0.427720 0.392487 0.442943 0.462530 0.796572 0.363809 0.516571 0.762487 0.780483 0.842130 0.919470 0.489786 0.430384 0.474141 0.614389 0.435652 0.423091 0.554014 0.498927 0.368121 0.000000 0.672017 0.692909 0.720494 0.553213 0.418242 0.438519 0.495786 0.462166 0.510515 0.447602 0.703779 0.502945 0.486015 0.476759 0.657313 0.551571 0.656761 0.671605 0.435494 0.451146 0.438172 0.439080 0.352386 0.376585 0.366270 0.344690 0.411328 0.461197 0.467581 0.477447 0.657676 0.510992 0.458760 0.536457 0.676136 0.689760 0.806778 0.730932 0.477093 0.469849 0.502279 0.513328 0.451438 0.482531 0.504127 0.514705 0.374561 0.502885 0.845067 0.941357 0.542557 0.567704 0.588826 0.641603 0.657165 0.733958 0.529727 0.461891 0.564309 0.569893 0.424482 0.453487 0.607322 0.654296 0.362957 0.435246 0.442955 0.418925 0.653108 0.522772 0.539304 0.514275 0.711761 0.587452 0.562319 0.671768 0.390693 0.978670
