0.000000 0.336943 0.651450 0.719697 0.857981 0.896009 0.866855 0.922259 0.775152 0.747703 0.451174 0.459146 0.995927 0.984838 0.966557 0.917025 0.414127 0.388226 0.736871 0.717399 0.887102 0.919977 0.779646 0.820162 0.704595 0.703375 0.877391 0.913443 0.578297 0.550957 0.993702 0.952610 0.741724 0.585079 0.939070 0.993888 0.935839 0.839503 0.931206 0.823172 0.590945 0.642419 0.849850 0.702617 0.753380 0.593781 0.510792 0.621073 0.586030 0.640244 0.647190 0.692326 0.886801 0.846315 0.602583 0.729345 0.315012 0.386011 0.382027 0.434969 0.559745 0.766236 0.444462 0.396047 0.684464 0.763388 0.903854 0.655920 0.489750 0.553181 0.785897 0.862056 0.742441 0.814568 0.770789 0.976417 0.955551 0.923329 0.624793 0.672649 0.316479 0.389436 0.750259 0.441380 0.807273 0.894297 0.989234 0.940477 0.970863 0.823213 0.614632 0.591384 0.617093 0.475525 0.820438 0.840037 0.831953 0.989226 0.976109 0.946042 0.913631 0.792697 0.803771 0.699035 0.912037 0.909897 0.971159 0.938735 0.969275 0.871515 0.833489 0.902952 0.923185 0.779692 0.810378 0.924945
0.336943 0.000000 0.664568 0.731744 0.855451 0.932169 0.896334 0.924291 0.724275 0.653102 0.558760 0.464267 0.982745 0.950571 0.962705 0.936739 0.460456 0.445178 0.784017 0.795630 0.967196 0.926847 0.825959 0.822057 0.756611 0.711718 0.839317 0.818033 0.547927 0.559318 0.965117 0.948897 0.652361 0.627381 0.984892 0.984444 0.987837 0.988285 0.933557 0.829015 0.597311 0.622299 0.860858 0.714255 0.746802 0.598983 0.515737 0.604901 0.617942 0.613678 0.617747 0.647086 0.833563 0.889251 0.592399 0.736380 0.343657 0.349271 0.359324 0.378522 0.565124 0.803636 0.436703 0.397082 0.708675 0.770220 0.881461 0.659452 0.519917 0.566775 0.802318 0.856634 0.679728 0.814012 0.771057 0.970259 0.932088 0.973577 0.638206 0.601013 0.354026 0.406942 0.700985 0.439256 0.756734 0.860141 0.897867 0.861539 0.921532 0.823263 0.670449 0.629381 0.674033 0.499364 0.792409 0.807250 0.813948 0.895791 0.972722 0.952650 0.944585 0.829026 0.827452 0.764050 0.898115 0.907490 0.987479 0.919052 0.997893 0.825799 0.802931 0.871806 0.964647 0.821964 0.808913 0.824864
0.651450 0.664568 0.000000 0.320641 0.993075 0.766898 0.426674 0.432171 0.515180 0.662633 0.714492 0.837732 0.675390 0.895149 0.904421 0.586843 0.572397 0.523627 0.821220 0.869849 0.923630 0.871847 0.599902 0.538424 0.401157 0.463241 0.962043 0.940704 0.655306 0.681558 0.583782 0.676271 0.807564 0.948609 0.917885 0.871838 0.833547 0.836902 0.706249 0.809999 0.750104 0.902409 0.619034 0.777854 0.867762 0.933811 0.966184 0.975667 0.848429 0.930235 0.975511 0.971746 0.794435 0.729060 0.934258 0.886139 0.673823 0.425197 0.579265 0.571307 0.771125 0.969589 0.444050 0.458158 0.477695 0.507859 0.599614 0.938648 0.695423 0.652750 0.508766 0.586295 0.955504 0.963799 0.968929 0.862937 0.627005 0.611236 0.863527 0.865490 0.599080 0.675324 0.822676 0.693680 0.947841 0.762982 0.986411 0.829266 0.833340 0.968687 0.488019 0.445907 0.433543 0.428372 0.965761 0.664528 0.845787 0.742797 0.669028 0.598606 0.839489 0.592016 0.972227 0.800157 0.767363 0.884890 0.784473 0.832148 0.862424 0.986529 0.847066 0.975900 0.807742 0.907898 0.926954 0.809142
0.719697 0.731744 0.320641 0.000000 0.870301 0.816245 0.415194 0.392199 0.588387 0.736568 0.797761 0.847427 0.748587 0.801154 0.904281 0.637127 0.616624 0.616897 0.810988 0.821063 0.891560 0.958198 0.578005 0.535026 0.422848 0.455705 0.946666 0.971662 0.718297 0.745826 0.578560 0.624169 0.745602 0.949382 0.924127 0.839992 0.829189 0.881562 0.659760 0.850482 0.757131 0.863594 0.698578 0.784670 0.931586 0.933976 0.912800 0.973289 0.873844 0.981587 0.965635 0.950989 0.765605 0.776219 0.996781 0.895456 0.732664 0.522723 0.620632 0.607210 0.722660 0.919096 0.539026 0.541335 0.531281 0.602203 0.604651 0.867262 0.766186 0.812842 0.678730 0.657595 0.914662 0.912030 0.901556 0.925592 0.728020 0.685594 0.901320 0.920640 0.681014 0.770840 0.817522 0.817538 0.905795 0.745241 0.954587 0.928739 0.850516 0.877994 0.615514 0.542582 0.537130 0.522674 0.974384 0.700982 0.901237 0.839618 0.839944 0.720197 0.826298 0.633033 0.956304 0.785502 0.731427 0.879258 0.814935 0.965312 0.882086 0.962721 0.977584 0.814357 0.884784 0.859386 0.984234 0.866859
0.857981 0.855451 0.993075 0.870301 0.000000 0.942356 0.947150 0.864423 0.950949 0.994574 0.917232 0.994015 0.783050 0.992994 0.894889 0.850182 0.959778 0.977198 0.979580 0.921064 0.742760 0.924452 0.812469 0.834531 0.935899 0.870611 0.938319 0.924237 0.835000 0.873838 0.813901 0.786951 0.921319 0.833453 0.938841 0.930318 0.861039 0.892554 0.841373 0.814638 0.933812 0.903465 0.923611 0.775464 0.949470 0.792277 0.896200 0.857714 0.784672 0.718856 0.809660 0.868753 0.840145 0.943743 0.873854 0.931789 0.868149 0.909940 0.883288 0.830172 0.916445 0.984963 0.927610 0.927863 0.811086 0.767277 0.932118 0.826072 0.857805 0.745608 0.925077 0.980416 0.917676 0.957326 0.978157 0.936307 0.955753 0.983250 0.848590 0.887576 0.812199 0.870767 0.943667 0.874666 0.830110 0.889404 0.770939 0.883859 0.951490 0.995386 0.765565 0.842592 0.838957 0.793799 0.982043 0.965226 0.924599 0.924941 0.920679 0.808982 0.931589 0.906174 0.830111 0.835179 0.960603 0.929942 0.935390 0.962128 0.997665 0.771269 0.861302 0.894146 0.937480 0.941625 0.916953 0.952564
0.896009 0.932169 0.766898 0.816245 0.942356 0.000000 0.647943 0.628106 0.800474 0.596442 0.844287 0.932162 0.801221 0.896470 0.945976 0.764460 0.998538 0.844344 0.781079 0.926837 0.850147 0.985715 0.936629 0.984930 0.894222 0.776321 0.672891 0.985412 0.917307 0.964969 0.882843 0.823098 0.872198 0.864085 0.978807 0.955411 0.928051 0.847814 0.866878 0.975448 0.998133 0.986136 0.958293 0.816981 0.830183 0.677240 0.972317 0.697021 0.689910 0.695145 0.811223 0.842172 0.812744 0.911206 0.796789 0.890617 0.708252 0.818769 0.970065 0.905663 0.843908 0.782556 0.821921 0.830429 0.916864 0.544867 0.750305 0.712611 0.736929 0.709851 0.565948 0.597035 0.674247 0.759443 0.986613 0.997754 0.740004 0.800387 0.922394 0.900970 0.832839 0.852646 0.799990 0.733008 0.951962 0.966358 0.914592 0.837621 0.794939 0.650455 0.487771 0.517880 0.520499 0.664427 0.906865 0.898123 0.689876 0.947771 0.673572 0.697192 0.772176 0.823852 0.918869 0.918496 0.798872 0.936353 0.965390 0.880034 0.874736 0.920964 0.941949 0.823741 0.648919 0.951793 0.973495 0.827034
0.866855 0.896334 0.426674 0.415194 0.947150 0.647943 0.000000 0.377854 0.558504 0.689980 0.955134 0.981149 0.582523 0.913075 0.828306 0.548609 0.863340 0.822009 0.569150 0.873073 0.960369 0.958157 0.616547 0.622275 0.534491 0.661790 0.874364 0.901113 0.920777 0.950363 0.548426 0.540836 0.552729 0.692797 0.996146 0.929272 0.997136 0.955768 0.803293 0.895982 0.893097 0.896258 0.713470 0.859539 0.894661 0.929672 0.928991 0.989510 0.825108 0.883134 0.958438 0.981333 0.906057 0.956098 0.919406 0.882534 0.847214 0.637619 0.763154 0.696306 0.914622 0.955920 0.749454 0.736758 0.572918 0.525657 0.485246 0.736966 0.728340 0.730160 0.626386 0.600142 0.864348 0.939088 0.903103 0.886146 0.735423 0.654311 0.926065 0.955899 0.860823 0.949397 0.905543 0.929797 0.781312 0.670732 0.992536 0.932707 0.894847 0.956006 0.525226 0.504031 0.449625 0.565470 0.895155 0.770187 0.795348 0.912456 0.717940 0.677907 0.855778 0.577795 0.931914 0.770076 0.707334 0.866630 0.890406 0.918611 0.800819 0.998580 0.999365 0.973248 0.776722 0.926072 0.937083 0.918967
0.922259 0.924291 0.432171 0.392199 0.864423 0.628106 0.377854 0.000000 0.658811 0.543396 0.968334 0.870234 0.809393 0.988691 0.869720 0.765315 0.875073 0.781244 0.667898 0.810506 0.981647 0.987563 0.896495 0.835156 0.628955 0.631696 0.769899 0.910949 0.880738 0.932122 0.663127 0.585757 0.641196 0.724031 0.865478 0.977571 0.962269 0.946167 0.782642 0.808299 0.935167 0.987512 0.812450 0.915221 0.889633 0.812545 0.983435 0.943472 0.739179 0.852282 0.887440 0.900058 0.989636 0.956322 0.951791 0.963657 0.857756 0.670961 0.860382 0.850778 0.960246 0.751715 0.713085 0.735464 0.799495 0.527973 0.640841 0.723047 0.820916 0.776892 0.601465 0.502002 0.820778 0.902464 0.912981 0.956454 0.772519 0.778970 0.942058 0.978404 0.870982 0.900648 0.654951 0.821083 0.919400 0.958738 0.830877 0.762712 0.977811 0.874487 0.571694 0.572015 0.530711 0.643836 0.944793 0.832868 0.616985 0.777275 0.772648 0.734612 0.739408 0.723612 0.871561 0.793403 0.756455 0.828458 0.816215 0.921335 0.889976 0.934936 0.908125 0.916425 0.886921 0.936822 0.968131 0.978820
0.775152 0.724275 0.515180 0.588387 0.950949 0.800474 0.558504 0.658811 0.000000 0.647199 0.772402 0.938380 0.688852 0.908378 0.843348 0.549186 0.713410 0.621437 0.696479 0.948632 0.844448 0.999069 0.639249 0.698766 0.674314 0.537577 0.964825 0.898831 0.798240 0.829195 0.545400 0.764388 0.832978 0.885023 0.806826 0.832968 0.903673 0.946352 0.844192 0.930204 0.697221 0.809906 0.625669 0.772089 0.727075 0.919754 0.921922 0.950657 0.962284 0.950798 0.884239 0.880356 0.773630 0.598202 0.950595 0.814460 0.719029 0.534193 0.721482 0.594649 0.896673 0.948716 0.583877 0.575986 0.580748 0.629681 0.601546 0.889098 0.814367 0.834873 0.540714 0.621548 0.955415 0.948563 0.831952 0.815841 0.560708 0.639833 0.935064 0.889792 0.709881 0.748127 0.915315 0.790088 0.897505 0.801199 0.985559 0.841377 0.858215 0.990830 0.551854 0.503824 0.562089 0.552992 0.900867 0.727157 0.844229 0.784815 0.636459 0.601341 0.958485 0.582029 0.884678 0.985679 0.836966 0.975950 0.822600 0.846271 0.856858 0.919970 0.987174 0.774124 0.761519 0.829453 0.933593 0.732864
0.747703 0.653102 0.662633 0.736568 0.994574 0.596442 0.689980 0.543396 0.647199 0.000000 0.861112 0.988507 0.926605 0.894293 0.706680 0.900202 0.874515 0.692182 0.828582 0.976943 0.980600 0.907163 0.886261 0.916985 0.910760 0.761686 0.783710 0.730486 0.839700 0.911778 0.933956 0.886606 0.951023 0.958988 0.935345 0.888065 0.974829 0.987733 0.951556 0.972986 0.835940 0.838542 0.950261 0.772367 0.717093 0.626285 0.810110 0.674286 0.646213 0.582393 0.685497 0.639216 0.761816 0.930814 0.758480 0.809994 0.590724 0.568470 0.738413 0.727912 0.964528 0.753856 0.652214 0.655190 0.995687 0.630997 0.899927 0.879204 0.774615 0.635338 0.507102 0.538077 0.836364 0.841342 0.889805 0.898582 0.751651 0.866557 0.816736 0.804270 0.692865 0.690573 0.568912 0.620835 0.587562 0.688456 0.762623 0.595948 0.985258 0.619805 0.515967 0.522508 0.548471 0.602816 0.996199 0.825419 0.696275 0.773587 0.809512 0.841504 0.756340 0.870268 0.775759 0.897820 0.933631 0.989128 0.949499 0.887232 0.856427 0.951372 0.823300 0.977347 0.890994 0.846216 0.881747 0.940334
0.451174 0.558760 0.714492 0.797761 0.917232 0.844287 0.955134 0.968334 0.772402 0.861112 0.000000 0.569399 0.991748 0.942384 0.901943 0.795338 0.448066 0.371952 0.709646 0.773774 0.979070 0.983370 0.715603 0.821801 0.617010 0.624723 0.851295 0.957737 0.526232 0.401375 0.995879 0.947142 0.745519 0.641142 0.736482 0.890110 0.901062 0.926954 0.889600 0.984315 0.731967 0.746958 0.881577 0.929539 0.951007 0.834262 0.747379 0.806399 0.843121 0.874048 0.851651 0.958503 0.962019 0.764854 0.739082 0.853122 0.494872 0.487256 0.569440 0.543373 0.537366 0.817254 0.432855 0.409874 0.621561 0.755000 0.908336 0.775295 0.503672 0.573308 0.771723 0.868454 0.889377 0.926855 0.930229 0.944002 0.813226 0.828183 0.692351 0.736299 0.443361 0.403313 0.803889 0.477886 0.955834 0.950851 0.961943 0.831831 0.977047 0.893107 0.604793 0.583065 0.609258 0.512730 0.831187 0.881718 0.908989 0.956546 0.846988 0.733417 0.832276 0.849926 0.930742 0.750274 0.996768 0.977379 0.855272 0.868307 0.854396 0.784998 0.782384 0.909914 0.968929 0.968418 0.911720 0.892704
0.459146 0.464267 0.837732 0.847427 0.994015 0.932162 0.981149 0.870234 0.938380 0.988507 0.569399 0.000000 0.923731 0.920101 0.875068 0.969266 0.498093 0.557625 0.744642 0.772368 0.966962 0.929610 0.746533 0.821691 0.707367 0.767359 0.722738 0.948192 0.572773 0.574538 0.945590 0.893206 0.707077 0.657201 0.866022 0.936893 0.984576 0.991398 0.868188 0.914748 0.712071 0.691575 0.942893 0.863863 0.900668 0.813819 0.578387 0.833600 0.832791 0.850269 0.757441 0.859560 0.997235 0.908432 0.740078 0.794878 0.542364 0.585626 0.468584 0.532516 0.463710 0.554942 0.578144 0.536010 0.647004 0.994244 0.895287 0.678855 0.614215 0.706343 0.965592 0.869733 0.566813 0.650592 0.792078 0.979148 0.965544 0.919204 0.669988 0.789553 0.539889 0.520688 0.897723 0.603475 0.998333 0.980418 0.936482 0.937737 0.927232 0.992945 0.881109 0.824781 0.815723 0.635328 0.849005 0.880398 0.696474 0.986195 0.927732 0.973286 0.980802 0.966174 0.693439 0.743413 0.936682 0.892308 0.971799 0.961855 0.984268 0.826259 0.800558 0.870441 0.944088 0.887773 0.877297 0.942500
0.995927 0.982745 0.675390 0.748587 0.783050 0.801221 0.582523 0.809393 0.688852 0.926605 0.991748 0.923731 0.000000 0.643243 0.489882 0.389011 0.870793 0.894425 0.631493 0.798491 0.924670 0.964447 0.520120 0.577530 0.684733 0.824259 0.983538 0.981365 0.943185 0.968595 0.740320 0.727509 0.639425 0.789141 0.846623 0.894953 0.962785 0.825302 0.935065 0.911471 0.874299 0.889231 0.677393 0.740272 0.672237 0.844367 0.792517 0.972005 0.909313 0.901882 0.741408 0.719988 0.678202 0.687634 0.956442 0.807044 0.976543 0.836005 0.831622 0.732876 0.811722 0.972958 0.878931 0.858061 0.571273 0.714079 0.711999 0.988396 0.921257 0.957203 0.695519 0.803146 0.960395 0.893460 0.902716 0.870411 0.648557 0.746353 0.947273 0.972109 0.895747 0.983831 0.832365 0.957324 0.651925 0.630141 0.893339 0.848463 0.824456 0.908533 0.614448 0.626413 0.613402 0.690914 0.939824 0.855388 0.947374 0.987737 0.682869 0.654446 0.944817 0.614652 0.961195 0.998995 0.775803 0.851565 0.951106 0.885231 0.891824 0.997051 0.921997 0.844618 0.745315 0.997990 0.672228 0.907932
0.984838 0.950571 0.895149 0.801154 0.992994 0.896470 0.913075 0.988691 0.908378 0.894293 0.942384 0.920101 0.643243 0.000000 0.610671 0.665696 0.751270 0.873196 0.869604 0.785364 0.975837 0.781372 0.612727 0.619637 0.855112 0.908816 0.837235 0.921739 0.982932 0.967959 0.950492 0.814304 0.807207 0.989698 0.821732 0.874715 0.928862 0.903290 0.931100 0.962735 0.841300 0.896790 0.838541 0.792493 0.762322 0.792369 0.948762 0.875065 0.792090 0.666214 0.750148 0.598108 0.691628 0.574445 0.973573 0.983467 0.993571 0.973562 0.996746 0.974083 0.969975 0.975209 0.927390 0.890198 0.770133 0.915891 0.993803 0.986420 0.980055 0.764979 0.999735 0.930200 0.941953 0.961034 0.949355 0.824640 0.807798 0.854862 0.894093 0.906105 0.855512 0.971415 0.767990 0.866002 0.769814 0.726109 0.933945 0.792606 0.970460 0.773456 0.937149 0.874592 0.912551 0.912166 0.883184 0.995239 0.942196 0.868953 0.987392 0.881242 0.927715 0.901672 0.957188 0.956593 0.776992 0.795263 0.894431 0.985993 0.982788 0.891001 0.824826 0.938730 0.995971 0.989828 0.800298 0.974450
0.966557 0.962705 0.904421 0.904281 0.894889 0.945976 0.828306 0.869720 0.843348 0.706680 0.901943 0.875068 0.489882 0.610671 0.000000 0.507482 0.805654 0.972033 0.788943 0.923918 0.952595 0.909054 0.399132 0.531080 0.743979 0.844927 0.665220 0.855210 0.936222 0.981836 0.816642 0.854061 0.765922 0.954782 0.699261 0.866450 0.949882 0.953705 0.903810 0.945112 0.886554 0.987847 0.742242 0.753212 0.579499 0.713217 0.852279 0.857304 0.723208 0.689028 0.700174 0.590001 0.581052 0.593212 0.864527 0.817001 0.973442 0.949411 0.882028 0.786052 0.991334 0.708964 0.990305 0.956196 0.520740 0.977418 0.762978 0.841109 0.918049 0.940206 0.970888 0.819294 0.913014 0.836880 0.853745 0.971384 0.859204 0.794921 0.958800 0.948622 0.989315 0.935313 0.533949 0.824880 0.454929 0.468830 0.740048 0.632975 0.828613 0.729734 0.895936 0.876793 0.867512 0.852868 0.899221 0.876530 0.781899 0.773722 0.958261 0.823660 0.852414 0.770193 0.776367 0.979357 0.883307 0.911092 0.874638 0.985933 0.998699 0.955989 0.866243 0.879307 0.866960 0.980314 0.729508 0.972645
0.917025 0.936739 0.586843 0.637127 0.850182 0.764460 0.548609 0.765315 0.549186 0.900202 0.795338 0.969266 0.389011 0.665696 0.507482 0.000000 0.780318 0.778701 0.701976 0.786670 0.906118 0.987080 0.426958 0.506490 0.569720 0.651529 0.920431 0.985473 0.838136 0.869602 0.595981 0.672996 0.666640 0.877235 0.754410 0.806565 0.911609 0.820330 0.872597 0.844043 0.862774 0.974663 0.526501 0.651224 0.576834 0.781156 0.760198 0.913687 0.845269 0.839433 0.713209 0.677467 0.614573 0.575480 0.981982 0.701113 0.907585 0.707925 0.809145 0.633000 0.953783 0.991838 0.726880 0.725207 0.460454 0.665424 0.601239 0.939736 0.835257 0.859418 0.622562 0.740704 0.931761 0.922405 0.862119 0.817844 0.564701 0.664712 0.919059 0.916443 0.826101 0.907728 0.805382 0.989050 0.630416 0.594901 0.913485 0.966181 0.906800 0.852974 0.552448 0.538553 0.570538 0.596506 0.930932 0.751912 0.920069 0.932018 0.650849 0.537025 0.878374 0.536423 0.985620 0.990157 0.703451 0.795857 0.945205 0.789092 0.806199 0.997812 0.993025 0.803488 0.668160 0.992281 0.716938 0.738226
0.414127 0.460456 0.572397 0.616624 0.959778 0.998538 0.863340 0.875073 0.713410 0.874515 0.448066 0.498093 0.870793 0.751270 0.805654 0.780318 0.000000 0.319666 0.763423 0.842774 0.975374 0.941629 0.598056 0.670268 0.547219 0.542276 0.764015 0.968871 0.531186 0.408085 0.865172 0.930164 0.886932 0.651936 0.845727 0.902853 0.948984 0.950984 0.836303 0.969804 0.625038 0.782084 0.856810 0.983249 0.990502 0.870342 0.708391 0.852911 0.882444 0.972395 0.941821 0.938390 0.786041 0.570158 0.732505 0.829453 0.446606 0.408656 0.438757 0.518794 0.493136 0.789719 0.362702 0.342536 0.544399 0.746071 0.979484 0.717062 0.574326 0.750164 0.790024 0.880657 0.748736 0.874703 0.857529 0.909042 0.810612 0.791992 0.696609 0.672645 0.350684 0.393363 0.835363 0.532737 0.963904 0.938700 0.969104 0.911951 0.958399 0.996793 0.643623 0.558277 0.576776 0.442549 0.771046 0.778672 0.861162 0.987109 0.898270 0.828830 0.872812 0.771132 0.840693 0.700592 0.937863 0.914817 0.854872 0.946351 0.984289 0.872916 0.914911 0.880221 0.941184 0.914961 0.983415 0.916927
0.388226 0.445178 0.523627 0.616897 0.977198 0.844344 0.822009 0.781244 0.621437 0.692182 0.371952 0.557625 0.894425 0.873196 0.972033 0.778701 0.319666 0.000000 0.787495 0.835748 0.949289 0.966697 0.735303 0.783696 0.572759 0.511332 0.908500 0.893742 0.477004 0.377169 0.888750 0.941125 0.841317 0.673783 0.867818 0.947947 0.950115 0.920823 0.855759 0.989522 0.615153 0.736916 0.827583 0.977068 0.950646 0.811631 0.665545 0.755680 0.818388 0.874645 0.879579 0.958858 0.911278 0.635778 0.637596 0.881411 0.397864 0.344037 0.472471 0.488367 0.499623 0.929757 0.282065 0.269713 0.601039 0.665360 0.984173 0.767077 0.554490 0.663834 0.611582 0.693324 0.827495 0.993404 0.890017 0.884339 0.713420 0.797928 0.672025 0.652851 0.330156 0.306829 0.668635 0.422017 0.822192 0.892206 0.931097 0.756698 0.981045 0.886732 0.523907 0.475990 0.502519 0.434838 0.814896 0.813379 0.996269 0.862010 0.783632 0.737821 0.795844 0.768198 0.968509 0.757097 0.972237 0.931984 0.764749 0.858819 0.906610 0.889094 0.828215 0.997830 0.864134 0.936305 0.950916 0.853635
0.736871 0.784017 0.821220 0.810988 0.979580 0.781079 0.569150 0.667898 0.696479 0.828582 0.709646 0.744642 0.631493 0.869604 0.788943 0.701976 0.763423 0.787495 0.000000 0.620170 0.923283 0.875029 0.808690 0.861824 0.992390 0.958667 0.858426 0.951309 0.700899 0.623303 0.698116 0.651574 0.615187 0.468200 0.968965 0.813217 0.870309 0.993291 0.981518 0.961761 0.963121 0.845732 0.796193 0.846632 0.785838 0.866459 0.759389 0.909033 0.931883 0.914255 0.907604 0.875771 0.901018 0.988935 0.876981 0.841739 0.860843 0.980398 0.892226 0.960583 0.640478 0.885769 0.844299 0.883744 0.900836 0.821372 0.614064 0.699283 0.920802 0.989917 0.764340 0.827578 0.814410 0.865202 0.815220 0.962318 0.838203 0.787319 0.852863 0.881170 0.812231 0.783395 0.926053 0.812031 0.784182 0.774996 0.944964 0.907293 0.924898 0.996804 0.802988 0.790759 0.750983 0.921164 0.817300 0.953968 0.777993 0.937835 0.787446 0.788770 0.984993 0.779437 0.969388 0.909462 0.779404 0.847317 0.995040 0.859155 0.879110 0.993648 0.880542 0.853414 0.823280 0.912818 0.819620 0.927080
0.717399 0.795630 0.869849 0.821063 0.921064 0.926837 0.873073 0.810506 0.948632 0.976943 0.773774 0.772368 0.798491 0.785364 0.923918 0.786670 0.842774 0.835748 0.620170 0.000000 0.900668 0.983966 0.886393 0.775716 0.924431 0.957786 0.972543 0.976348 0.844304 0.816132 0.938442 0.814952 0.823522 0.861664 0.997015 0.865957 0.949267 0.839644 0.930136 0.874409 0.775290 0.806529 0.830795 0.786331 0.890044 0.850936 0.854809 0.852190 0.909606 0.828802 0.926077 0.893034 0.903163 0.970193 0.914491 0.861476 0.785394 0.952769 0.966495 0.971723 0.929759 0.972850 0.951574 0.961142 0.932365 0.959176 0.902221 0.991046 0.859668 0.888337 0.933747 0.873750 0.954934 0.936311 0.970734 0.960495 0.973780 0.946056 0.885510 0.969101 0.879464 0.843214 0.927332 0.849569 0.888060 0.883323 0.951745 0.824933 0.995478 0.778043 0.973368 0.997867 0.981807 0.973890 0.921570 0.871459 0.890961 0.959611 0.954839 0.854352 0.981990 0.974396 0.958168 0.876426 0.759731 0.794182 0.843093 0.961038 0.976628 0.956457 0.845489 0.989011 0.985569 0.852643 0.927922 0.991687
0.887102 0.967196 0.923630 0.891560 0.742760 0.850147 0.960369 0.981647 0.844448 0.980600 0.979070 0.966962 0.924670 0.975837 0.952595 0.906118 0.975374 0.949289 0.923283 0.900668 0.000000 0.903850 0.982247 0.998805 0.993366 0.909959 0.919422 0.928904 0.993581 0.989621 0.747184 0.974268 0.944996 0.827254 0.946154 0.962276 0.764763 0.908277 0.823666 0.826934 0.985498 0.910433 0.749968 0.797204 0.789083 0.825345 0.872426 0.970122 0.835190 0.874398 0.872378 0.894913 0.861638 0.917738 0.887486 0.972950 0.998453 0.996361 0.983229 0.976792 0.903865 0.963311 0.908817 0.930595 0.992480 0.888483 0.897999 0.879354 0.947426 0.894081 0.803016 0.900238 0.985855 0.891136 0.941235 0.915229 0.848939 0.896532 0.935292 0.921687 0.947494 0.974324 0.955312 0.982487 0.960434 0.992015 0.947179 0.833866 0.992029 0.986837 0.963368 0.925831 0.932901 0.996656 0.928295 0.946461 0.983433 0.980452 0.864720 0.927569 0.891810 0.978485 0.877791 0.684242 0.976673 0.904277 0.879450 0.980268 0.837686 0.921056 0.958223 0.993012 0.865399 0.921520 0.996364 0.849728
0.919977 0.926847 0.871847 0.958198 0.924452 0.985715 0.958157 0.987563 0.999069 0.907163 0.983370 0.929610 0.964447 0.781372 0.909054 0.987080 0.941629 0.966697 0.875029 0.983966 0.903850 0.000000 0.960356 0.927262 0.947115 0.910617 0.961788 0.905276 0.931058 0.922392 0.841552 0.965483 0.950698 0.954484 0.912819 0.917114 0.703006 0.846528 0.942037 0.793805 0.840374 0.968494 0.815326 0.872547 0.842080 0.879216 0.791482 0.905477 0.906667 0.970939 0.831579 0.906391 0.811103 0.932601 0.800777 0.813944 0.898277 0.960254 0.906393 0.971720 0.943531 0.903767 0.985691 0.937075 0.976357 0.945528 0.901396 0.823829 0.934586 0.939882 0.879625 0.995228 0.922476 0.951202 0.817611 0.934336 0.987064 0.994087 0.856535 0.970915 0.920043 0.849765 0.896181 0.944713 0.921691 0.906008 0.965250 0.982490 0.993122 0.942669 0.959998 0.991931 0.972764 0.969311 0.907153 0.850494 0.978158 0.878983 0.825347 0.952571 0.984657 0.877997 0.910178 0.875760 0.998831 0.939475 0.989483 0.988313 0.947554 0.892704 0.912878 0.959290 0.955197 0.986331 0.919551 0.878046
0.779646 0.825959 0.599902 0.578005 0.812469 0.936629 0.616547 0.896495 0.639249 0.886261 0.715603 0.746533 0.520120 0.612727 0.399132 0.426958 0.598056 0.735303 0.808690 0.886393 0.982247 0.960356 0.000000 0.331007 0.460874 0.608325 0.609454 0.827809 0.767106 0.724387 0.715073 0.805759 0.755625 0.946654 0.596420 0.730346 0.909009 0.911133 0.839162 0.997632 0.825949 0.853634 0.618330 0.727078 0.618255 0.836388 0.931309 0.865902 0.879760 0.798091 0.834766 0.647413 0.563453 0.562120 0.991446 0.847730 0.838053 0.705126 0.708076 0.615903 0.826617 0.730548 0.703382 0.677170 0.283739 0.678642 0.619874 0.956664 0.758249 0.870572 0.867772 0.967586 0.861518 0.804213 0.892428 0.916652 0.700927 0.653279 0.892700 0.862723 0.737648 0.849814 0.683724 0.998793 0.431497 0.388159 0.787173 0.788775 0.818876 0.694626 0.666319 0.619579 0.632020 0.597188 0.984626 0.713105 0.842812 0.874671 0.858187 0.638145 0.950620 0.627136 0.775904 0.818883 0.659954 0.865278 0.968233 0.937274 0.845927 0.954624 0.943511 0.919437 0.750406 0.906304 0.791800 0.842542
0.820162 0.822057 0.538424 0.535026 0.834531 0.984930 0.622275 0.835156 0.698766 0.916985 0.821801 0.821691 0.577530 0.619637 0.531080 0.506490 0.670268 0.783696 0.861824 0.775716 0.998805 0.927262 0.331007 0.000000 0.433102 0.671576 0.611598 0.942448 0.773798 0.781488 0.771634 0.838681 0.887260 0.968245 0.703863 0.798723 0.955873 0.822874 0.821647 0.969479 0.821718 0.889270 0.693960 0.753103 0.718593 0.901660 0.969195 0.825302 0.958737 0.854391 0.905736 0.772899 0.661332 0.664373 0.967766 0.874928 0.914586 0.735292 0.717499 0.667440 0.824245 0.805773 0.718397 0.707758 0.359061 0.683823 0.611034 0.925157 0.803626 0.859991 0.878715 0.989095 0.850118 0.791757 0.928621 0.971235 0.759387 0.716315 0.901906 0.887999 0.793265 0.920557 0.753207 0.973006 0.524805 0.407656 0.806861 0.792797 0.678243 0.648359 0.747639 0.735252 0.768180 0.691679 0.962754 0.740152 0.870902 0.993077 0.917064 0.689783 0.968880 0.715232 0.745882 0.853985 0.709878 0.761382 0.894155 0.963457 0.842005 0.987836 0.970988 0.979852 0.855228 0.893175 0.853357 0.861492
0.704595 0.756611 0.401157 0.422848 0.935899 0.894222 0.534491 0.628955 0.674314 0.910760 0.617010 0.707367 0.684733 0.855112 0.743979 0.569720 0.547219 0.572759 0.992390 0.924431 0.993366 0.947115 0.460874 0.433102 0.000000 0.471577 0.779994 0.915791 0.589092 0.533778 0.681715 0.814062 0.833094 0.915017 0.767036 0.870038 0.881841 0.853740 0.779675 0.816404 0.767120 0.841741 0.601623 0.766119 0.827623 0.995321 0.991722 0.921574 0.933575 0.973058 0.988326 0.877473 0.741220 0.765749 0.989051 0.907172 0.777963 0.539805 0.581031 0.558489 0.631297 0.826605 0.469294 0.497001 0.328227 0.589021 0.595023 0.992734 0.686714 0.684200 0.711983 0.770130 0.885410 0.838501 0.999161 0.963582 0.663449 0.634448 0.750869 0.909823 0.654388 0.683479 0.977088 0.805571 0.715065 0.612312 0.809926 0.994142 0.814844 0.766881 0.582889 0.562042 0.536880 0.488308 0.894467 0.692991 0.988481 0.937183 0.782597 0.624499 0.832372 0.677600 0.877010 0.706893 0.673893 0.903664 0.776111 0.873070 0.900533 0.991126 0.887997 0.970193 0.818254 0.983355 0.969068 0.784328
0.703375 0.711718 0.463241 0.455705 0.870611 0.776321 0.661790 0.631696 0.537577 0.761686 0.624723 0.767359 0.824259 0.908816 0.844927 0.651529 0.542276 0.511332 0.958667 0.957786 0.909959 0.910617 0.608325 0.671576 0.471577 0.000000 0.886288 0.854089 0.720958 0.608293 0.662062 0.727192 0.875037 0.897669 0.717430 0.913676 0.792330 0.914249 0.739527 0.754521 0.670880 0.821036 0.628138 0.796435 0.835451 0.983398 0.950106 0.930407 0.986455 0.897158 0.932185 0.834926 0.751069 0.634342 0.993594 0.907025 0.635038 0.524235 0.632948 0.599007 0.628528 0.887236 0.456932 0.480439 0.519119 0.662141 0.649084 0.949793 0.746389 0.788572 0.662104 0.719977 0.985748 0.953616 0.953813 0.974629 0.559121 0.599890 0.853309 0.837903 0.639153 0.628581 0.913861 0.723142 0.926561 0.812162 0.986842 0.910434 0.981302 0.841332 0.620544 0.534716 0.560757 0.490572 0.898801 0.757900 0.877273 0.815402 0.730065 0.657115 0.857170 0.699416 0.941834 0.877867 0.773225 0.901168 0.797846 0.824943 0.952417 0.974340 0.971673 0.978808 0.793617 0.869899 0.973357 0.789399
0.877391 0.839317 0.962043 0.946666 0.938319 0.672891 0.874364 0.769899 0.964825 0.783710 0.851295 0.722738 0.983538 0.837235 0.665220 0.920431 0.764015 0.908500 0.858426 0.972543 0.919422 0.961788 0.609454 0.611598 0.779994 0.886288 0.000000 0.888128 0.911750 0.870132 0.946600 0.862308 0.848156 0.752663 0.749116 0.785829 0.923351 0.883659 0.986729 0.877201 0.929044 0.875716 0.978186 0.959532 0.843136 0.901705 0.887918 0.889745 0.917500 0.885886 0.989207 0.883460 0.722587 0.748032 0.946339 0.991752 0.924781 0.910553 0.803313 0.788142 0.756902 0.708358 0.898680 0.854401 0.646912 0.967500 0.986006 0.700831 0.934477 0.998243 0.844613 0.654720 0.713906 0.656671 0.902245 0.910033 0.993842 0.928268 0.810867 0.867772 0.892309 0.932455 0.669093 0.898715 0.725765 0.684226 0.846030 0.825525 0.850769 0.693261 0.920060 0.935177 0.910573 0.988251 0.863400 0.768014 0.728846 0.874031 0.804327 0.979051 0.855293 0.959981 0.712822 0.915181 0.975833 0.949008 0.866228 0.958622 0.944298 0.996492 0.979417 0.978893 0.896088 0.898375 0.901823 0.973043
0.913443 0.818033 0.940704 0.971662 0.924237 0.985412 0.901113 0.910949 0.898831 0.730486 0.957737 0.948192 0.981365 0.921739 0.855210 0.985473 0.968871 0.893742 0.951309 0.976348 0.928904 0.905276 0.827809 0.942448 0.915791 0.854089 0.888128 0.000000 0.914003 0.966488 0.989325 0.907070 0.878351 0.938005 0.802332 0.874012 0.921306 0.878100 0.927917 0.863508 0.900560 0.830998 0.897854 0.830196 0.857552 0.879165 0.972346 0.837895 0.808635 0.772654 0.846237 0.721069 0.757613 0.925499 0.853467 0.984733 0.915304 0.811369 0.902911 0.955788 0.879233 0.791996 0.927647 0.872927 0.867902 0.926324 0.922429 0.946966 0.943315 0.914472 0.816979 0.785755 0.900903 0.872612 0.947587 0.799626 0.852876 0.911824 0.908618 0.927100 0.898305 0.881696 0.776515 0.837326 0.717199 0.740667 0.921151 0.823555 0.921111 0.792054 0.880459 0.901319 0.929085 0.988495 0.870670 0.890514 0.822336 0.885381 0.899672 0.947314 0.960904 0.973784 0.885265 0.974285 0.948413 0.970559 0.963733 0.920647 0.912458 0.912615 0.801257 0.989189 0.997147 0.927361 0.969091 0.939795
0.578297 0.547927 0.655306 0.718297 0.835000 0.917307 0.920777 0.880738 0.798240 0.839700 0.526232 0.572773 0.943185 0.982932 0.936222 0.838136 0.531186 0.477004 0.700899 0.844304 0.993581 0.931058 0.767106 0.773798 0.589092 0.720958 0.911750 0.914003 0.000000 0.390857 0.957550 0.939403 0.798609 0.664492 0.857303 0.886629 0.808539 0.784509 0.848957 0.862441 0.786166 0.690039 0.843406 0.986286 0.943999 0.815743 0.817796 0.886115 0.791754 0.824736 0.889052 0.974701 0.976561 0.827188 0.704814 0.994745 0.652293 0.588597 0.642552 0.636948 0.611485 0.978922 0.451890 0.498907 0.601270 0.647926 0.973889 0.881093 0.694741 0.737595 0.730298 0.865532 0.755347 0.979933 0.943610 0.856762 0.823737 0.865465 0.735576 0.829190 0.515187 0.526132 0.747618 0.559054 0.996978 0.984168 0.957426 0.862461 0.902533 0.964936 0.672469 0.643917 0.723109 0.631969 0.842349 0.733178 0.980159 0.793543 0.876012 0.748822 0.766027 0.797205 0.963561 0.788406 0.859635 0.915689 0.791070 0.983341 0.885104 0.948745 0.732610 0.982597 0.866867 0.974860 0.980734 0.715417
0.550957 0.559318 0.681558 0.745826 0.873838 0.964969 0.950363 0.932122 0.829195 0.911778 0.401375 0.574538 0.968595 0.967959 0.981836 0.869602 0.408085 0.377169 0.623303 0.816132 0.989621 0.922392 0.724387 0.781488 0.533778 0.608293 0.870132 0.966488 0.390857 0.000000 0.943446 0.892997 0.792991 0.593883 0.827690 0.996306 0.868751 0.893376 0.884773 0.902735 0.723804 0.712867 0.820085 0.979008 0.931334 0.837300 0.763929 0.914886 0.888095 0.907816 0.907452 0.978942 0.916777 0.757990 0.741683 0.927450 0.592727 0.548467 0.588784 0.593140 0.502643 0.935077 0.393524 0.438028 0.565250 0.695884 0.942500 0.790049 0.637869 0.713015 0.826528 0.871483 0.738651 0.895550 0.876874 0.962388 0.832436 0.922084 0.678950 0.729084 0.470699 0.463260 0.806694 0.538427 0.973163 0.981071 0.879557 0.841484 0.938752 0.956415 0.702792 0.626797 0.680409 0.564403 0.791947 0.870417 0.888022 0.917456 0.880878 0.813252 0.752541 0.867455 0.867940 0.730584 0.896047 0.975114 0.740806 0.964733 0.920976 0.806826 0.806599 0.962249 0.872496 0.944519 0.905609 0.841467
0.993702 0.965117 0.583782 0.578560 0.813901 0.882843 0.548426 0.663127 0.545400 0.933956 0.995879 0.945590 0.740320 0.950492 0.816642 0.595981 0.865172 0.888750 0.698116 0.938442 0.747184 0.841552 0.715073 0.771634 0.681715 0.662062 0.946600 0.989325 0.957550 0.943446 0.000000 0.593631 0.597205 0.646800 0.986267 0.818949 0.800632 0.806097 0.792405 0.771738 0.921915 0.954912 0.546560 0.577582 0.558681 0.687788 0.794159 0.840237 0.795802 0.759950 0.683882 0.727024 0.654177 0.689985 0.798133 0.728936 0.983305 0.764322 0.870478 0.804523 0.952665 0.926617 0.788305 0.795023 0.709962 0.875687 0.526866 0.704021 0.944974 0.982504 0.683187 0.764093 0.932911 0.917981 0.842799 0.899524 0.604272 0.682154 0.803930 0.857961 0.999476 0.985247 0.947862 0.969898 0.861633 0.729408 0.943850 0.837604 0.940851 0.940070 0.781678 0.700143 0.693683 0.698120 0.917604 0.773570 0.839159 0.848025 0.667489 0.716810 0.971682 0.596344 0.892481 0.936933 0.790863 0.988416 0.964555 0.871566 0.989423 0.981135 0.985655 0.945157 0.796405 0.905750 0.807850 0.805886
0.952610 0.948897 0.676271 0.624169 0.786951 0.823098 0.540836 0.585757 0.764388 0.886606 0.947142 0.893206 0.727509 0.814304 0.854061 0.672996 0.930164 0.941125 0.651574 0.814952 0.974268 0.965483 0.805759 0.838681 0.814062 0.727192 0.862308 0.907070 0.939403 0.892997 0.593631 0.000000 0.579312 0.737438 0.954497 0.883836 0.990331 0.916024 0.885347 0.893651 0.979204 0.992821 0.694261 0.729145 0.801051 0.815469 0.776089 0.913759 0.909893 0.773589 0.789180 0.779067 0.819557 0.845124 0.848313 0.851290 0.981403 0.861254 0.978435 0.943376 0.909708 0.984896 0.933360 0.896435 0.828381 0.822049 0.706936 0.730825 0.894330 0.899385 0.858186 0.858893 0.822633 0.863516 0.946736 0.850727 0.791434 0.832348 0.780906 0.881599 0.982804 0.972962 0.975798 0.986416 0.913872 0.812750 0.796537 0.966044 0.975122 0.953398 0.845608 0.750061 0.731377 0.859098 0.831789 0.999431 0.803814 0.908925 0.827145 0.781218 0.985044 0.789165 0.877558 0.978221 0.676916 0.808010 0.990787 0.968667 0.948090 0.911949 0.930491 0.918725 0.837019 0.942611 0.710027 0.974186
0.741724 0.652361 0.807564 0.745602 0.921319 0.872198 0.552729 0.641196 0.832978 0.951023 0.745519 0.707077 0.639425 0.807207 0.765922 0.666640 0.886932 0.841317 0.615187 0.823522 0.944996 0.950698 0.755625 0.887260 0.833094 0.875037 0.848156 0.878351 0.798609 0.792991 0.597205 0.579312 0.000000 0.587923 0.989287 0.920647 0.982282 0.877995 0.982730 0.817175 0.863060 0.842994 0.600360 0.588642 0.639239 0.674627 0.592329 0.729551 0.757393 0.707176 0.653012 0.642687 0.679528 0.857974 0.756535 0.733961 0.725530 0.892134 0.794525 0.850409 0.700505 0.832297 0.881827 0.877344 0.822276 0.811894 0.616608 0.629988 0.874451 0.825085 0.887441 0.854298 0.755703 0.799104 0.944455 0.887139 0.735385 0.723508 0.813729 0.830115 0.763746 0.728874 0.800921 0.696282 0.686475 0.669353 0.991394 0.932871 0.922440 0.826446 0.878628 0.875170 0.808676 0.969162 0.880330 0.907452 0.740258 0.955791 0.753709 0.753318 0.817127 0.755317 0.762276 0.994875 0.628992 0.849657 0.988512 0.975354 0.979452 0.818349 0.903963 0.989857 0.799645 0.923945 0.724057 0.971872
0.585079 0.627381 0.948609 0.949382 0.833453 0.864085 0.692797 0.724031 0.885023 0.958988 0.641142 0.657201 0.789141 0.989698 0.954782 0.877235 0.651936 0.673783 0.468200 0.861664 0.827254 0.954484 0.946654 0.968245 0.915017 0.897669 0.752663 0.938005 0.664492 0.593883 0.646800 0.737438 0.587923 0.000000 0.850656 0.969798 0.985488 0.868539 0.973731 0.938252 0.882752 0.798531 0.789104 0.754834 0.733394 0.735659 0.614345 0.799274 0.821773 0.876262 0.777989 0.857741 0.870269 0.946255 0.694085 0.886838 0.641382 0.784284 0.703907 0.738306 0.536608 0.768612 0.716380 0.715126 0.887030 0.990251 0.671637 0.594946 0.706581 0.862827 0.889417 0.820613 0.662311 0.763208 0.730633 0.982320 0.822512 0.809956 0.728240 0.671312 0.597909 0.639253 0.952698 0.706524 0.900543 0.862806 0.928029 0.957622 0.986342 0.951248 0.984308 0.999680 0.949766 0.861220 0.866159 0.989268 0.714765 0.964291 0.771813 0.925671 0.991176 0.822786 0.780090 0.834240 0.873108 0.851335 0.941987 0.834237 0.894049 0.879163 0.969369 0.872874 0.847385 0.838103 0.832713 0.906236
0.939070 0.984892 0.917885 0.924127 0.938841 0.978807 0.996146 0.865478 0.806826 0.935345 0.736482 0.866022 0.846623 0.821732 0.699261 0.754410 0.845727 0.867818 0.968965 0.997015 0.946154 0.912819 0.596420 0.703863 0.767036 0.717430 0.749116 0.802332 0.857303 0.827690 0.986267 0.954497 0.989287 0.850656 0.000000 0.876943 0.794137 0.975576 0.781812 0.957907 0.895917 0.914308 0.668780 0.756804 0.659797 0.736835 0.825884 0.803824 0.709889 0.723397 0.801346 0.679088 0.736235 0.698501 0.989859 0.863299 0.993204 0.959103 0.977800 0.922744 0.887017 0.844084 0.878844 0.883782 0.650297 0.919996 0.811199 0.989809 0.988367 0.965994 0.975903 0.902584 0.983935 0.936761 0.903738 0.843368 0.728285 0.663746 0.924352 0.999707 0.945756 0.866918 0.826421 0.932975 0.685059 0.724299 0.849887 0.987403 0.892611 0.763319 0.886863 0.961482 0.935524 0.951220 0.876823 0.805156 0.830748 0.995636 0.879133 0.683148 0.981493 0.907408 0.987756 0.927232 0.827064 0.914072 0.980686 0.935532 0.772493 0.900580 0.968346 0.801742 0.807450 0.979382 0.871435 0.788207
0.993888 0.984444 0.871838 0.839992 0.930318 0.955411 0.929272 0.977571 0.832968 0.888065 0.890110 0.936893 0.894953 0.874715 0.866450 0.806565 0.902853 0.947947 0.813217 0.865957 0.962276 0.917114 0.730346 0.798723 0.870038 0.913676 0.785829 0.874012 0.886629 0.996306 0.818949 0.883836 0.920647 0.969798 0.876943 0.000000 0.990969 0.972197 0.809918 0.926874 0.967868 0.920610 0.807847 0.869713 0.770552 0.908055 0.955489 0.918753 0.934822 0.892917 0.984386 0.847212 0.795499 0.924161 0.952992 0.979340 0.989316 0.932798 0.982449 0.896371 0.939615 0.927668 0.891357 0.903442 0.766164 0.894812 0.892654 0.855311 0.869305 0.941448 0.977019 0.847677 0.864905 0.922028 0.890761 0.877825 0.909925 0.966822 0.938569 0.992481 0.904531 0.928279 0.860199 0.962664 0.815277 0.791608 0.924510 0.995896 0.983775 0.909620 0.933799 0.907130 0.875804 0.895532 0.863638 0.742536 0.969232 0.976822 0.959807 0.856918 0.930521 0.691209 0.933752 0.930647 0.824631 0.849153 0.963076 0.959127 0.897076 0.957164 0.897619 0.881580 0.886893 0.956638 0.702890 0.972161
0.935839 0.987837 0.833547 0.829189 0.861039 0.928051 0.997136 0.962269 0.903673 0.974829 0.901062 0.984576 0.962785 0.928862 0.949882 0.911609 0.948984 0.950115 0.870309 0.949267 0.764763 0.703006 0.909009 0.955873 0.881841 0.792330 0.923351 0.921306 0.808539 0.868751 0.800632 0.990331 0.982282 0.985488 0.794137 0.990969 0.000000 0.881774 0.873591 0.711652 0.969404 0.948222 0.675924 0.646631 0.745353 0.747440 0.805708 0.774051 0.745692 0.801964 0.761034 0.806065 0.801804 0.817479 0.791920 0.782811 0.905183 0.999355 0.994739 0.969365 0.873356 0.937815 0.914697 0.958696 0.916418 0.927498 0.879207 0.907064 0.935722 0.969961 0.919737 0.986829 0.919573 0.973569 0.967615 0.970778 0.836489 0.913500 0.912539 0.770875 0.922911 0.926462 0.927028 0.973791 0.937439 0.937205 0.991698 0.843952 0.946894 0.869954 0.981304 0.995640 0.992842 0.985329 0.904660 0.910462 0.876671 0.934239 0.846612 0.904423 0.939311 0.996651 0.891578 0.860496 0.953834 0.998265 0.899055 0.995725 0.927637 0.943442 0.924737 0.922611 0.947327 0.886792 0.899524 0.797822
0.839503 0.988285 0.836902 0.881562 0.892554 0.847814 0.955768 0.946167 0.946352 0.987733 0.926954 0.991398 0.825302 0.903290 0.953705 0.820330 0.950984 0.920823 0.993291 0.839644 0.908277 0.846528 0.911133 0.822874 0.853740 0.914249 0.883659 0.878100 0.784509 0.893376 0.806097 0.916024 0.877995 0.868539 0.975576 0.972197 0.881774 0.000000 0.957659 0.697597 0.968795 0.914895 0.779217 0.720688 0.767649 0.724248 0.886624 0.803793 0.782077 0.813124 0.726187 0.732416 0.707204 0.782835 0.903361 0.791693 0.833424 0.987759 0.982139 0.992648 0.980975 0.954584 0.941403 0.949968 0.884549 0.986906 0.910495 0.991541 0.808784 0.825318 0.915673 0.991373 0.971119 0.901638 0.844512 0.785207 0.850345 0.897372 0.984145 0.999136 0.897107 0.924611 0.844929 0.821883 0.910453 0.847058 0.988630 0.996908 0.726381 0.786127 0.937999 0.993054 0.964774 0.986061 0.967121 0.918905 0.972460 0.802312 0.993371 0.996901 0.850390 0.848741 0.881914 0.869011 0.940026 0.917281 0.976311 0.859411 0.955297 0.846358 0.801455 0.969722 0.870813 0.924718 0.927056 0.880486
