0.000000 0.132316 0.339207 0.393174 0.689324 0.603738 0.677150 0.544146 0.470621 0.590659 0.311329 0.233816 0.277880 0.313944 0.530679 0.613241 0.228694 0.202698 0.233052 0.182839 0.465514 0.989308 0.529012 0.354644 0.360177 0.597510 0.379601 0.816848 0.431088 0.401959 0.804121 0.625806 0.316480 0.419264 0.783920 0.996180 0.582386 0.595028 0.806010 0.707928 0.545192 0.672899 0.926120 0.843192 0.765543 0.982346 0.559859 0.653164 0.895411 0.742689 0.879441 0.788963 0.882819 0.550050 0.337897 0.464983 0.133671 0.137219 0.366648 0.307431 0.315096 0.453553 0.230727 0.234026 0.247660 0.360267 0.644221 0.767704 0.237021 0.276863 0.647777 0.461322 0.958257 0.807601 0.736452 0.974470 0.878825 0.825232 0.470127 0.393453 0.237067 0.273643 0.322392 0.211578 0.200348 0.176326 0.779750 0.534516 0.474658 0.237116 0.292943 0.369690 0.329821 0.375712 0.882134 0.965186 0.949251 0.849668 0.723509 0.817123 0.625470 0.639929 0.989023 0.789679 0.887465 0.844100 0.973308 0.795477 0.678115 0.774699 0.815085 0.932916 0.773728 0.965350 0.709111 0.539239
0.132316 0.000000 0.308271 0.342781 0.736542 0.599844 0.631724 0.484597 0.491472 0.638977 0.365202 0.243389 0.306772 0.318021 0.514849 0.578122 0.224233 0.215389 0.232184 0.199714 0.471205 0.985657 0.463689 0.331055 0.355973 0.586764 0.368784 0.845631 0.425002 0.391165 0.715116 0.581737 0.308891 0.363045 0.746486 0.955761 0.557466 0.577770 0.730386 0.741510 0.570901 0.641836 0.990166 0.782324 0.808934 0.967776 0.518793 0.614450 0.851621 0.691880 0.815262 0.719629 0.942592 0.620276 0.356091 0.437893 0.130648 0.131594 0.337722 0.297054 0.309391 0.422871 0.243156 0.222252 0.251027 0.367654 0.595332 0.725661 0.268910 0.274482 0.727154 0.488114 0.999664 0.851913 0.696159 0.998816 0.955012 0.844932 0.450486 0.379993 0.239888 0.313243 0.338377 0.237781 0.228692 0.183044 0.779027 0.572061 0.498349 0.239910 0.279459 0.358669 0.321853 0.348022 0.908728 0.995988 0.960156 0.866419 0.747184 0.862837 0.581438 0.652279 0.998080 0.840974 0.884385 0.805731 0.905016 0.764105 0.725669 0.760756 0.803608 0.950860 0.826993 0.971403 0.665448 0.556273
0.339207 0.308271 0.000000 0.212468 0.722464 0.718778 0.568468 0.413942 0.687054 0.769860 0.577537 0.438545 0.416240 0.465875 0.633484 0.581395 0.450217 0.437662 0.369712 0.398466 0.459663 0.964388 0.513324 0.409135 0.338676 0.470419 0.466309 0.926984 0.599274 0.584934 0.649581 0.547717 0.447035 0.458766 0.746404 0.987993 0.498860 0.558858 0.711104 0.637343 0.687528 0.594971 0.923996 0.743705 0.845879 0.975653 0.607870 0.687718 0.925666 0.728848 0.824855 0.752364 0.988014 0.761562 0.462442 0.585313 0.292921 0.303299 0.464127 0.406267 0.438673 0.434646 0.470132 0.428369 0.332568 0.385783 0.615557 0.732619 0.401426 0.363848 0.933517 0.711092 0.859320 0.977996 0.826170 0.860501 0.909992 0.943422 0.525021 0.521557 0.491034 0.538108 0.537918 0.501029 0.478722 0.343194 0.884298 0.865788 0.554733 0.417720 0.478861 0.547546 0.531855 0.515022 0.962765 0.996782 0.826270 0.928381 0.935247 0.987705 0.624148 0.784161 0.995876 0.875560 0.823200 0.746959 0.731151 0.862678 0.861373 0.795571 0.775089 0.993503 0.983503 0.898782 0.582625 0.670485
0.393174 0.342781 0.212468 0.000000 0.767385 0.796374 0.449550 0.258468 0.773098 0.953501 0.726776 0.516470 0.514865 0.500091 0.729514 0.539261 0.543089 0.546867 0.442683 0.536995 0.565530 0.997266 0.458565 0.392665 0.429953 0.468654 0.531453 0.948927 0.716858 0.662778 0.538562 0.508724 0.428051 0.437954 0.676466 0.963148 0.466949 0.558144 0.708654 0.630694 0.751492 0.600611 0.828856 0.667944 0.945520 0.873045 0.579405 0.648016 0.819279 0.627890 0.650544 0.561782 0.813734 0.969198 0.494874 0.557483 0.326259 0.343909 0.355892 0.296816 0.446823 0.381876 0.484816 0.424264 0.475586 0.422448 0.528815 0.591788 0.539927 0.321994 0.957411 0.765009 0.799288 0.950186 0.790582 0.845800 0.810653 0.899431 0.477342 0.557134 0.572755 0.698685 0.621684 0.572003 0.569619 0.377007 0.978462 0.917270 0.535319 0.425312 0.526527 0.608148 0.566318 0.531913 0.918219 0.973820 0.790434 0.849876 0.957327 0.890926 0.693011 0.887831 0.976479 0.804106 0.811005 0.674753 0.653614 0.983834 0.887538 0.751075 0.792483 0.904352 0.889576 0.827773 0.508795 0.748154
0.689324 0.736542 0.722464 0.767385 0.000000 0.684360 0.954857 0.940271 0.689600 0.700053 0.834696 0.830093 0.859608 0.919105 0.921101 0.885002 0.849571 0.837050 0.756230 0.724549 0.826772 0.966058 0.993712 0.921909 0.736771 0.827081 0.835639 0.971478 0.982047 0.977542 0.995933 0.973562 0.861691 0.958728 0.877032 0.832642 0.872628 0.845221 0.880734 0.898248 0.881883 0.942311 0.937711 0.977505 0.795807 0.919015 0.873833 0.907749 0.937137 0.999399 0.912163 0.943465 0.715899 0.611525 0.886215 0.922028 0.707954 0.738671 0.784467 0.734751 0.906058 0.993258 0.877565 0.845545 0.722897 0.923814 0.904227 0.988181 0.622724 0.703704 0.746493 0.759926 0.707936 0.661263 0.910056 0.959236 0.969913 0.870708 0.860595 0.904319 0.857426 0.838832 0.872215 0.807268 0.815916 0.748691 0.924936 0.961467 0.796801 0.764766 0.776119 0.780617 0.878547 0.743787 0.970042 0.901210 0.792840 0.939494 0.891107 0.910038 0.782182 0.712820 0.895279 0.949003 0.996108 0.950901 0.975298 0.962632 0.840206 0.768258 0.964611 0.829952 0.933077 0.967701 0.966762 0.759812
0.603738 0.599844 0.718778 0.796374 0.684360 0.000000 0.863629 0.967112 0.552645 0.620756 0.606739 0.633448 0.840384 0.766825 0.942327 0.977611 0.661307 0.642019 0.669021 0.594665 0.806031 0.864552 0.995633 0.779837 0.707876 0.990976 0.683292 0.905845 0.797812 0.726127 0.934400 0.934765 0.786237 0.898336 0.919518 0.957847 0.865400 0.942402 0.882583 0.983676 0.657763 0.892464 0.736868 0.834146 0.716675 0.874483 0.960246 0.969944 0.924010 0.950963 0.828513 0.842951 0.657757 0.503471 0.871069 0.832508 0.593005 0.596864 0.767342 0.746363 0.812628 0.918364 0.743052 0.717575 0.603804 0.878146 0.900507 0.974476 0.556340 0.714948 0.708731 0.675464 0.587143 0.586377 0.939686 0.830521 0.705609 0.731441 0.903355 0.892504 0.763788 0.705649 0.735101 0.616878 0.704768 0.703971 0.794804 0.861905 0.906144 0.716705 0.500970 0.597360 0.615725 0.631525 0.887013 0.845994 0.919972 0.929447 0.676165 0.682128 0.667511 0.677211 0.928718 0.969151 0.810474 0.832842 0.863848 0.705982 0.737550 0.904148 0.856742 0.874814 0.729152 0.821831 0.890371 0.733771
0.677150 0.631724 0.568468 0.449550 0.954857 0.863629 0.000000 0.209202 0.941466 0.561600 0.967891 0.719103 0.701483 0.686636 0.729670 0.650481 0.701569 0.726912 0.534891 0.744006 0.750219 0.950401 0.350374 0.704963 0.913839 0.827545 0.896627 0.994324 0.588802 0.722689 0.385726 0.428447 0.390753 0.353532 0.711448 0.967780 0.675278 0.691053 0.913512 0.761829 0.827396 0.656588 0.431468 0.358732 0.502021 0.432415 0.455487 0.488069 0.402939 0.326966 0.274241 0.278426 0.381905 0.567053 0.535602 0.485913 0.586513 0.625352 0.371318 0.423886 0.434517 0.368898 0.470389 0.467837 0.815192 0.672691 0.348828 0.352752 0.926575 0.609908 0.608532 0.907962 0.427796 0.539148 0.764933 0.560573 0.574015 0.552885 0.437185 0.594136 0.652321 0.905856 0.707886 0.842898 0.703019 0.698506 0.706885 0.997306 0.673292 0.702232 0.958298 0.983479 0.841558 0.837223 0.671681 0.789121 0.658634 0.756811 0.547501 0.497617 0.950046 0.721273 0.741782 0.624379 0.537548 0.449672 0.559651 0.737462 0.915371 0.847284 0.695905 0.556000 0.547440 0.573991 0.374057 0.979834
0.544146 0.484597 0.413942 0.258468 0.940271 0.967112 0.209202 0.000000 0.982915 0.709784 0.849012 0.579705 0.580552 0.568382 0.704061 0.477010 0.627194 0.642742 0.531347 0.680580 0.671059 0.986524 0.383439 0.522638 0.716927 0.676470 0.731771 0.976528 0.618526 0.647606 0.438519 0.484573 0.398289 0.371718 0.695650 0.994716 0.546201 0.552136 0.892571 0.695744 0.779298 0.617971 0.636852 0.526846 0.766610 0.665605 0.550305 0.631017 0.614872 0.480162 0.419222 0.375364 0.535251 0.726165 0.527985 0.566235 0.454266 0.475268 0.373804 0.362726 0.353491 0.251943 0.440253 0.384938 0.653893 0.477836 0.450199 0.443039 0.801795 0.455543 0.729183 0.969794 0.559376 0.711859 0.701055 0.686023 0.712278 0.707456 0.457587 0.604017 0.634350 0.862092 0.675626 0.741247 0.670340 0.560775 0.865008 0.999232 0.577884 0.615613 0.719323 0.751770 0.654636 0.618925 0.845882 0.960748 0.775524 0.868714 0.785022 0.724267 0.867632 0.937653 0.904166 0.764902 0.672855 0.618314 0.615385 0.877612 0.992097 0.804130 0.793347 0.785768 0.731467 0.699889 0.432983 0.833585
0.470621 0.491472 0.687054 0.773098 0.689600 0.552645 0.941466 0.982915 0.000000 0.518203 0.561511 0.564665 0.697059 0.561140 0.847016 0.974963 0.476667 0.452588 0.499870 0.445219 0.721916 0.923674 0.855324 0.593151 0.491478 0.633976 0.546237 0.967126 0.707907 0.633232 0.990363 0.844889 0.643266 0.698806 0.842124 0.792018 0.713969 0.795408 0.851662 0.967798 0.787957 0.947283 0.946557 0.879538 0.834281 0.997774 0.698034 0.690888 0.926547 0.847022 0.958935 0.984361 0.828937 0.609084 0.593408 0.546316 0.494538 0.503371 0.601994 0.621583 0.816265 0.901290 0.634273 0.620045 0.616224 0.757804 0.774212 0.903203 0.439904 0.583778 0.635740 0.615890 0.796090 0.785637 0.864561 0.961061 0.910949 0.763345 0.713791 0.599514 0.501063 0.430075 0.536584 0.358534 0.512609 0.479117 0.741464 0.549612 0.636923 0.417428 0.528681 0.664072 0.625208 0.673323 0.938549 0.815693 0.976177 0.952812 0.785196 0.951145 0.816862 0.721580 0.840243 0.759432 0.909451 0.854204 0.988160 0.868732 0.696705 0.716074 0.786221 0.945460 0.764929 0.964122 0.976548 0.763632
0.590659 0.638977 0.769860 0.953501 0.700053 0.620756 0.561600 0.709784 0.518203 0.000000 0.522100 0.704243 0.709534 0.751636 0.902986 0.905560 0.701287 0.632421 0.814574 0.579934 0.754979 0.950627 0.801205 0.705132 0.556501 0.796099 0.616227 0.807741 0.996547 0.840847 0.561165 0.781637 0.951862 0.873058 0.944511 0.954257 0.922104 0.805472 0.801284 0.982539 0.755633 0.969475 0.479373 0.585053 0.347079 0.429460 0.832188 0.811367 0.512693 0.588231 0.439279 0.509958 0.368956 0.281215 0.883737 0.987981 0.683618 0.653637 0.953397 0.947843 0.975455 0.875508 0.917930 0.902248 0.554740 0.682620 0.736469 0.597385 0.442994 0.723215 0.399213 0.532029 0.565606 0.539215 0.914074 0.671401 0.548062 0.529097 0.925306 0.871329 0.678956 0.450763 0.710964 0.512703 0.609316 0.559544 0.589732 0.557902 0.806388 0.637757 0.572753 0.567527 0.770857 0.778238 0.673245 0.953478 0.786423 0.718435 0.422853 0.506728 0.650689 0.527898 0.758073 0.807622 0.773567 0.761188 0.761983 0.642137 0.662908 0.990060 0.925006 0.582343 0.410876 0.705987 0.726290 0.654561
0.311329 0.365202 0.577537 0.726776 0.834696 0.606739 0.967891 0.849012 0.561511 0.522100 0.000000 0.244524 0.281199 0.305197 0.444412 0.589663 0.282495 0.213734 0.434960 0.276383 0.637128 0.874663 0.840209 0.540809 0.527439 0.830605 0.468213 0.774314 0.396650 0.314688 0.899347 0.889708 0.593085 0.632801 0.987936 0.958840 0.762765 0.722779 0.896111 0.802575 0.537416 0.953492 0.613748 0.796299 0.572198 0.697733 0.901047 0.985092 0.787278 0.907931 0.749035 0.814506 0.633948 0.386259 0.528042 0.709038 0.350948 0.323391 0.800016 0.734512 0.363766 0.515873 0.400660 0.385177 0.235744 0.359636 0.968451 0.895555 0.381542 0.608736 0.524080 0.519816 0.839964 0.764240 0.736580 0.864296 0.555816 0.716624 0.744291 0.607470 0.381113 0.322899 0.399685 0.309291 0.344050 0.376426 0.490393 0.594558 0.609426 0.536159 0.310708 0.321853 0.292232 0.426554 0.737081 0.934660 0.714072 0.629551 0.413168 0.522699 0.545336 0.550176 0.787990 0.927682 0.817337 0.856019 0.778702 0.637188 0.663494 0.991039 0.968819 0.722521 0.544679 0.709860 0.965301 0.528461
0.233816 0.243389 0.438545 0.516470 0.830093 0.633448 0.719103 0.579705 0.564665 0.704243 0.244524 0.000000 0.199982 0.197744 0.351145 0.409680 0.184771 0.173399 0.289750 0.233941 0.522483 0.936765 0.535218 0.400535 0.415231 0.682647 0.382330 0.837106 0.327671 0.247700 0.787855 0.636861 0.378218 0.398946 0.778188 0.957194 0.590871 0.596395 0.772910 0.687861 0.522957 0.791596 0.825393 0.945547 0.760074 0.921645 0.659171 0.779176 0.999233 0.840268 0.964131 0.883622 0.883226 0.593049 0.357329 0.533532 0.238765 0.201556 0.572325 0.520621 0.218840 0.328214 0.220791 0.188373 0.236266 0.299612 0.804567 0.872787 0.343387 0.422956 0.709524 0.586073 0.994208 0.905700 0.612225 0.960477 0.794878 0.824942 0.551887 0.422881 0.275283 0.320625 0.289728 0.266555 0.267151 0.265606 0.625652 0.577349 0.475334 0.406972 0.257186 0.306331 0.227953 0.290746 0.806376 0.924252 0.825863 0.708100 0.594109 0.691998 0.581662 0.648773 0.970756 0.905634 0.987861 0.954651 0.949099 0.650508 0.657488 0.792993 0.879164 0.834580 0.688038 0.796804 0.713753 0.530607
0.277880 0.306772 0.416240 0.514865 0.859608 0.840384 0.701483 0.580552 0.697059 0.709534 0.281199 0.199982 0.000000 0.201085 0.304851 0.362074 0.284431 0.234734 0.344147 0.303610 0.566414 0.963737 0.548996 0.367540 0.449557 0.635196 0.452734 0.800550 0.404624 0.380551 0.865281 0.598739 0.458674 0.454573 0.827921 0.929644 0.722167 0.671897 0.866527 0.729194 0.550589 0.776347 0.839563 0.987152 0.723152 0.857348 0.705766 0.848902 0.944785 0.883030 0.972641 0.885240 0.899228 0.643859 0.369633 0.576798 0.289318 0.264511 0.629078 0.562321 0.246318 0.381785 0.269265 0.280586 0.265932 0.249510 0.870675 0.924115 0.393464 0.456309 0.671214 0.593254 0.949353 0.966793 0.695305 0.986439 0.829076 0.816745 0.573172 0.394530 0.278158 0.289391 0.355571 0.316086 0.266787 0.253765 0.625231 0.583799 0.473425 0.456771 0.392850 0.423055 0.346447 0.424257 0.820014 0.908583 0.883356 0.729017 0.655166 0.747771 0.571192 0.774578 0.894526 0.947234 0.977609 0.957563 0.992496 0.739898 0.707194 0.936940 0.896104 0.783765 0.702415 0.833868 0.715455 0.518051
0.313944 0.318021 0.465875 0.500091 0.919105 0.766825 0.686636 0.568382 0.561140 0.751636 0.305197 0.197744 0.201085 0.000000 0.309571 0.320672 0.230704 0.203104 0.314113 0.303685 0.594524 0.901738 0.504725 0.313387 0.439204 0.591313 0.427904 0.868940 0.392344 0.283658 0.763756 0.565176 0.413249 0.381625 0.817294 0.934090 0.631441 0.665740 0.812970 0.736983 0.617314 0.844156 0.902518 0.907012 0.806737 0.955166 0.652407 0.742104 0.978888 0.796734 0.905302 0.814323 0.995951 0.747443 0.330309 0.464243 0.301296 0.268907 0.581669 0.540018 0.271845 0.343139 0.267522 0.249613 0.341163 0.251374 0.790699 0.828190 0.440595 0.465773 0.752645 0.627692 0.885029 0.949281 0.664069 0.935407 0.878069 0.880811 0.529704 0.402402 0.284388 0.311257 0.295864 0.252478 0.311232 0.261166 0.618363 0.503497 0.452654 0.441665 0.361843 0.420780 0.327059 0.417969 0.918657 0.918532 0.853258 0.786583 0.687095 0.831695 0.610189 0.792567 0.997182 0.867610 0.970036 0.869015 0.923957 0.774408 0.658682 0.905974 0.825206 0.887010 0.759862 0.858623 0.703355 0.578427
0.530679 0.514849 0.633484 0.729514 0.921101 0.942327 0.729670 0.704061 0.847016 0.902986 0.444412 0.351145 0.304851 0.309571 0.000000 0.356604 0.400967 0.380137 0.501847 0.466716 0.689594 0.877745 0.557385 0.465623 0.694004 0.819164 0.638157 0.797311 0.402373 0.407260 0.839972 0.673001 0.591831 0.486345 0.914663 0.870794 0.885333 0.918228 0.892933 0.813216 0.686126 0.905380 0.986694 0.919003 0.946556 0.996248 0.724308 0.801814 0.916221 0.837738 0.875146 0.830419 0.958075 0.851149 0.438224 0.579114 0.511127 0.490508 0.775645 0.788435 0.355535 0.483210 0.420454 0.435643 0.451310 0.425712 0.925384 0.994764 0.654505 0.748905 0.751709 0.730962 0.855125 0.893014 0.710065 0.908172 0.945384 0.901326 0.614069 0.522141 0.392520 0.440608 0.474802 0.481113 0.420852 0.500382 0.708057 0.663959 0.686745 0.670257 0.592630 0.594474 0.456148 0.573295 0.946642 0.924408 0.755726 0.746246 0.794043 0.859568 0.612855 0.853979 0.973811 0.932734 0.944413 0.935044 0.928771 0.725317 0.740964 0.949428 0.930822 0.871581 0.860434 0.860611 0.737534 0.666709
0.613241 0.578122 0.581395 0.539261 0.885002 0.977611 0.650481 0.477010 0.974963 0.905560 0.589663 0.409680 0.362074 0.320672 0.356604 0.000000 0.491356 0.516536 0.619622 0.638203 0.688805 0.903367 0.550334 0.440662 0.645812 0.699370 0.671961 0.922979 0.521590 0.442729 0.678000 0.573540 0.604953 0.483472 0.892981 0.982162 0.725656 0.716964 0.886469 0.678248 0.783550 0.843903 0.965367 0.934227 0.910658 0.979456 0.804452 0.878453 0.984770 0.822526 0.801682 0.719780 0.793183 0.946804 0.528050 0.731564 0.549713 0.522102 0.731709 0.723534 0.368950 0.340024 0.471503 0.435315 0.573049 0.372572 0.906897 0.825864 0.804151 0.657281 0.971276 0.869690 0.781336 0.860500 0.575708 0.845473 0.995818 0.998837 0.663893 0.588854 0.590905 0.683265 0.546910 0.643409 0.649710 0.561693 0.741192 0.890182 0.683867 0.747743 0.559003 0.553217 0.460723 0.497087 0.905479 0.816178 0.754048 0.810631 0.809116 0.899365 0.711338 0.899689 0.953194 0.974845 0.902778 0.970839 0.854032 0.785778 0.855791 0.999493 0.973664 0.875140 0.904582 0.911369 0.705331 0.702785
0.228694 0.224233 0.450217 0.543089 0.849571 0.661307 0.701569 0.627194 0.476667 0.701287 0.282495 0.184771 0.284431 0.230704 0.400967 0.491356 0.000000 0.150837 0.232493 0.205088 0.528666 0.995561 0.505071 0.392754 0.405255 0.660131 0.428199 0.827810 0.266342 0.231439 0.728537 0.594158 0.319492 0.345927 0.777834 0.911219 0.603808 0.660457 0.804601 0.712641 0.630129 0.755354 0.970142 0.798995 0.888085 0.928021 0.504440 0.599183 0.850951 0.698339 0.854379 0.781916 0.965050 0.658903 0.318633 0.419606 0.223455 0.203504 0.488911 0.476007 0.296691 0.413038 0.229277 0.214231 0.278343 0.369933 0.672928 0.745226 0.339796 0.423374 0.752162 0.563495 0.941239 0.970793 0.678024 0.915618 0.917297 0.925788 0.478420 0.387245 0.203667 0.276534 0.247084 0.237260 0.233648 0.244264 0.691608 0.507085 0.509760 0.340119 0.320804 0.389754 0.282005 0.361281 0.932807 0.991036 0.935709 0.786649 0.715441 0.845508 0.662275 0.660108 0.908454 0.802945 0.917822 0.826255 0.974070 0.746098 0.692372 0.803322 0.826924 0.987498 0.808243 0.842007 0.708602 0.601794
0.202698 0.215389 0.437662 0.546867 0.837050 0.642019 0.726912 0.642742 0.452588 0.632421 0.213734 0.173399 0.234734 0.203104 0.380137 0.516536 0.150837 0.000000 0.234328 0.183107 0.519830 0.936092 0.546017 0.366206 0.410220 0.652307 0.427261 0.790544 0.298171 0.255863 0.822960 0.613107 0.351782 0.383841 0.817734 0.906668 0.630962 0.644274 0.817754 0.732106 0.576787 0.784753 0.890884 0.883328 0.809291 0.977796 0.594764 0.691533 0.928324 0.771853 0.945105 0.867670 0.892156 0.579321 0.309283 0.437386 0.209697 0.189609 0.517896 0.494610 0.286032 0.411226 0.222125 0.213724 0.242669 0.325702 0.722356 0.814613 0.318188 0.421424 0.681162 0.534917 0.992534 0.928578 0.706594 0.974022 0.813474 0.841703 0.493859 0.394438 0.194532 0.232931 0.268005 0.196039 0.205638 0.224480 0.631878 0.485189 0.527263 0.330936 0.298503 0.350141 0.272460 0.365497 0.928485 0.989869 0.893611 0.787823 0.652012 0.796546 0.599687 0.627954 0.973689 0.866807 0.937996 0.876903 0.962832 0.718984 0.657658 0.842301 0.847413 0.904404 0.750857 0.863161 0.720130 0.546890
0.233052 0.232184 0.369712 0.442683 0.756230 0.669021 0.534891 0.531347 0.499870 0.814574 0.434960 0.289750 0.344147 0.314113 0.501847 0.619622 0.232493 0.234328 0.000000 0.210911 0.497389 0.918041 0.323857 0.418634 0.429155 0.635730 0.467389 0.929928 0.347353 0.389586 0.565981 0.421496 0.218594 0.287261 0.674862 0.976290 0.569134 0.685833 0.824677 0.722318 0.567374 0.697821 0.819917 0.596248 0.941723 0.729483 0.360616 0.435672 0.670065 0.511071 0.690309 0.619057 0.916857 0.769470 0.288875 0.313527 0.225058 0.229268 0.342572 0.353976 0.326422 0.449444 0.208024 0.215754 0.368838 0.484710 0.482185 0.596185 0.341764 0.355946 0.879404 0.637138 0.859226 0.958382 0.761261 0.865595 0.875903 0.984676 0.363637 0.329360 0.229693 0.329912 0.292851 0.282865 0.237341 0.253251 0.803759 0.582904 0.522362 0.296471 0.453080 0.549313 0.428246 0.470788 0.851614 0.876124 0.868414 0.971592 0.975834 0.931529 0.791728 0.789012 0.756721 0.660524 0.715971 0.615501 0.841789 0.871566 0.770032 0.709193 0.675332 0.899913 0.992597 0.891579 0.555388 0.594679
0.182839 0.199714 0.398466 0.536995 0.724549 0.594665 0.744006 0.680580 0.445219 0.579934 0.276383 0.233941 0.303610 0.303685 0.466716 0.638203 0.205088 0.183107 0.210911 0.000000 0.497361 0.977082 0.513928 0.430065 0.412820 0.669090 0.377638 0.841043 0.367472 0.337987 0.768664 0.657908 0.352147 0.401892 0.845717 0.932371 0.645818 0.633180 0.814734 0.756986 0.540711 0.795681 0.926177 0.847885 0.805166 0.999422 0.554041 0.646710 0.908537 0.761841 0.939765 0.861666 0.846251 0.530613 0.342198 0.465431 0.212221 0.205033 0.494642 0.452694 0.352151 0.509059 0.268529 0.260966 0.258808 0.425079 0.697258 0.835151 0.257098 0.369564 0.671948 0.532301 0.996848 0.891639 0.760345 0.983892 0.884050 0.844158 0.491684 0.430625 0.235666 0.257682 0.326708 0.233327 0.223840 0.244950 0.693424 0.515751 0.542060 0.297008 0.325216 0.404975 0.348521 0.397704 0.945073 0.913107 0.967230 0.832635 0.698966 0.795387 0.646681 0.624533 0.967211 0.827167 0.894393 0.862849 0.969001 0.738584 0.764891 0.802448 0.826074 0.937531 0.756167 0.894909 0.758614 0.573541
0.465514 0.471205 0.459663 0.565530 0.826772 0.806031 0.750219 0.671059 0.721916 0.754979 0.637128 0.522483 0.566414 0.594524 0.689594 0.688805 0.528666 0.519830 0.497389 0.497361 0.000000 0.931829 0.618302 0.581761 0.484737 0.592298 0.589427 0.942170 0.637049 0.609996 0.719292 0.596059 0.481352 0.565361 0.984293 0.988891 0.660869 0.669596 0.777898 0.736103 0.836555 0.746365 0.926236 0.770100 0.991515 0.892203 0.622014 0.618474 0.867858 0.719133 0.864000 0.789336 0.960382 0.801415 0.488908 0.654839 0.456045 0.479481 0.576050 0.555900 0.563029 0.614358 0.505823 0.508674 0.519377 0.591848 0.653165 0.776573 0.507151 0.584525 0.922884 0.730129 0.941010 0.980644 0.839503 0.849649 0.976845 0.982086 0.640748 0.448989 0.504235 0.551699 0.484785 0.557322 0.534757 0.491151 0.930080 0.879423 0.686628 0.543182 0.581218 0.616464 0.665090 0.674425 0.985523 0.903976 0.844318 0.949164 0.952037 0.999928 0.791032 0.771763 0.929491 0.765698 0.885305 0.774432 0.946728 0.788671 0.764528 0.755727 0.852080 0.933399 0.934944 0.778022 0.608969 0.690646
0.989308 0.985657 0.964388 0.997266 0.966058 0.864552 0.950401 0.986524 0.923674 0.950627 0.874663 0.936765 0.963737 0.901738 0.877745 0.903367 0.995561 0.936092 0.918041 0.977082 0.931829 0.000000 0.815864 0.989477 0.934106 0.886608 0.874901 0.869636 0.925510 0.901526 0.814672 0.872922 0.922358 0.879472 0.910010 0.995696 0.856187 0.976132 0.940929 0.972685 0.952194 0.798694 0.746503 0.752698 0.828429 0.788951 0.764233 0.779108 0.765344 0.797497 0.801907 0.813164 0.888044 0.906705 0.967216 0.951357 0.959761 0.957473 0.920757 0.937030 0.889837 0.900664 0.997531 0.999506 0.905171 0.814980 0.809917 0.945873 0.915183 0.983527 0.859058 0.987593 0.948134 0.903296 0.991760 0.984302 0.692044 0.982100 0.907143 0.875732 0.932844 0.998778 0.996444 0.958013 0.975316 0.997191 0.909146 0.966004 0.941675 0.928733 0.905978 0.800623 0.871540 0.877288 0.813680 0.816902 0.827360 0.890778 0.743844 0.895588 0.936308 0.950036 0.836380 0.806075 0.791748 0.779924 0.902984 0.968988 0.826965 0.677199 0.924681 0.865960 0.854960 0.762331 0.976526 0.812680
0.529012 0.463689 0.513324 0.458565 0.993712 0.995633 0.350374 0.383439 0.855324 0.801205 0.840209 0.535218 0.548996 0.504725 0.557385 0.550334 0.505071 0.546017 0.323857 0.513928 0.618302 0.815864 0.000000 0.494475 0.654029 0.688007 0.724293 0.938965 0.529011 0.610554 0.315381 0.294454 0.294137 0.292116 0.603115 0.994346 0.635998 0.742027 0.859741 0.777220 0.778967 0.650914 0.499248 0.364257 0.605636 0.454457 0.276907 0.349547 0.437718 0.320550 0.374785 0.318927 0.542637 0.749288 0.371154 0.342085 0.487709 0.485102 0.366071 0.417938 0.464023 0.495546 0.346644 0.347325 0.702500 0.686248 0.381361 0.441473 0.667293 0.470015 0.775127 0.953653 0.558970 0.670648 0.710862 0.671820 0.566450 0.812038 0.372002 0.410447 0.421815 0.631894 0.537047 0.590631 0.467230 0.493635 0.921692 0.732966 0.660613 0.487996 0.758311 0.814379 0.675322 0.635920 0.771769 0.934210 0.836100 0.808174 0.706082 0.639315 0.986101 0.914897 0.633900 0.583701 0.618770 0.453443 0.683858 0.991926 0.915680 0.664950 0.700621 0.751494 0.723209 0.728431 0.405040 0.771311
0.354644 0.331055 0.409135 0.392665 0.921909 0.779837 0.704963 0.522638 0.593151 0.705132 0.540809 0.400535 0.367540 0.313387 0.465623 0.440662 0.392754 0.366206 0.418634 0.430065 0.581761 0.989477 0.494475 0.000000 0.435822 0.521730 0.540686 0.869178 0.604598 0.508527 0.802543 0.596223 0.464406 0.487022 0.803522 0.993756 0.662788 0.679856 0.742786 0.806593 0.684227 0.721292 0.968398 0.878609 0.808015 0.963441 0.610515 0.719293 0.937092 0.746475 0.828582 0.715359 0.943498 0.843950 0.400214 0.511588 0.320504 0.312967 0.482567 0.458197 0.445231 0.490215 0.395125 0.390064 0.436400 0.357606 0.690543 0.781377 0.443052 0.376993 0.762029 0.681033 0.957024 0.945501 0.808010 0.979195 0.952858 0.800836 0.566055 0.488553 0.358608 0.391305 0.437149 0.331046 0.378167 0.272150 0.747934 0.521785 0.501163 0.379587 0.448647 0.475649 0.437948 0.497869 0.933803 0.894523 0.962187 0.985830 0.813360 0.924747 0.640751 0.785449 0.993854 0.854793 0.970250 0.831459 0.945331 0.745633 0.619813 0.880904 0.809584 0.857785 0.804923 0.987391 0.780967 0.650421
0.360177 0.355973 0.338676 0.429953 0.736771 0.707876 0.913839 0.716927 0.491478 0.556501 0.527439 0.415231 0.449557 0.439204 0.694004 0.645812 0.405255 0.410220 0.429155 0.412820 0.484737 0.934106 0.654029 0.435822 0.000000 0.274398 0.371400 0.893827 0.712117 0.587870 0.798524 0.657212 0.525047 0.582030 0.647261 0.899426 0.475746 0.570765 0.535931 0.718417 0.763007 0.665144 0.902785 0.880857 0.695688 0.878685 0.647609 0.729661 0.904464 0.863722 0.950341 0.940684 0.814252 0.624250 0.532607 0.605485 0.371176 0.335029 0.602426 0.527385 0.612955 0.630095 0.553640 0.486328 0.359899 0.446243 0.777767 0.876921 0.329087 0.417902 0.795242 0.624232 0.938614 0.881864 0.774125 0.955887 0.959587 0.865262 0.665417 0.539029 0.481071 0.433279 0.512057 0.354084 0.455881 0.304020 0.726964 0.710400 0.512024 0.343786 0.371509 0.460128 0.483914 0.485039 0.875143 0.978702 0.961544 0.910791 0.740818 0.875060 0.638664 0.652349 0.923185 0.828109 0.882276 0.819941 0.938674 0.662145 0.757218 0.751780 0.864749 0.816908 0.807939 0.950179 0.713864 0.616761
0.597510 0.586764 0.470419 0.468654 0.827081 0.990976 0.827545 0.676470 0.633976 0.796099 0.830605 0.682647 0.635196 0.591313 0.819164 0.699370 0.660131 0.652307 0.635730 0.669090 0.592298 0.886608 0.688007 0.521730 0.274398 0.000000 0.534610 0.921533 0.899767 0.785928 0.710245 0.657979 0.641393 0.620984 0.636552 0.849830 0.543294 0.599495 0.596364 0.781222 0.955148 0.568526 0.888591 0.728273 0.901622 0.968267 0.657490 0.701651 0.980401 0.767137 0.878385 0.780359 0.946730 0.936696 0.583518 0.582420 0.588102 0.560486 0.642408 0.581989 0.792036 0.698268 0.724983 0.673740 0.630210 0.572034 0.720500 0.769428 0.565648 0.514752 0.996690 0.797167 0.943708 0.935349 0.893277 0.885580 0.869385 0.966693 0.704006 0.629953 0.665091 0.654202 0.719533 0.550906 0.663709 0.469452 0.876766 0.843409 0.549101 0.463217 0.652489 0.745734 0.761498 0.682687 0.986557 0.849573 0.792728 0.915038 0.954670 0.891962 0.751321 0.915804 0.891324 0.760430 0.726804 0.740344 0.810114 0.880745 0.864282 0.766928 0.915139 0.963225 0.983956 0.882247 0.662032 0.797617
0.379601 0.368784 0.466309 0.531453 0.835639 0.683292 0.896627 0.731771 0.546237 0.616227 0.468213 0.382330 0.452734 0.427904 0.638157 0.671961 0.428199 0.427261 0.467389 0.377638 0.589427 0.874901 0.724293 0.540686 0.371400 0.534610 0.000000 0.837377 0.644200 0.546455 0.829883 0.765474 0.610312 0.575400 0.826429 0.807071 0.508293 0.658165 0.665571 0.695957 0.694036 0.823627 0.854512 0.958449 0.706247 0.861146 0.757686 0.819679 0.908520 0.941368 0.956901 0.944815 0.825338 0.613307 0.539867 0.683824 0.398075 0.377596 0.666145 0.562422 0.537781 0.573216 0.529364 0.472277 0.394648 0.453632 0.831220 0.934529 0.440738 0.544160 0.762412 0.649856 0.953206 0.880171 0.633493 0.855073 0.913828 0.823391 0.714487 0.599549 0.528632 0.456147 0.533029 0.431717 0.447429 0.356564 0.716160 0.708220 0.538831 0.460967 0.385356 0.507019 0.462022 0.550790 0.852608 0.990607 0.917661 0.818890 0.702222 0.741213 0.525359 0.688577 0.984864 0.851783 0.963031 0.847826 0.970288 0.704019 0.879036 0.855234 0.778728 0.852857 0.727267 0.915497 0.758400 0.744099
0.816848 0.845631 0.926984 0.948927 0.971478 0.905845 0.994324 0.976528 0.967126 0.807741 0.774314 0.837106 0.800550 0.868940 0.797311 0.922979 0.827810 0.790544 0.929928 0.841043 0.942170 0.869636 0.938965 0.869178 0.893827 0.921533 0.837377 0.000000 0.917749 0.922944 0.757073 0.874695 0.982282 0.972225 0.942367 0.982845 0.961401 0.863740 0.928429 0.987624 0.980908 0.850339 0.874583 0.922153 0.781138 0.788549 0.914725 0.928211 0.825528 0.808128 0.853051 0.863262 0.908669 0.779455 0.945809 0.953228 0.829029 0.803400 0.983258 0.996600 0.840569 0.884228 0.911098 0.882706 0.729915 0.691581 0.858404 0.807789 0.863848 0.872801 0.881465 0.925619 0.978108 0.967991 0.908607 0.888119 0.775492 0.870270 0.927653 0.959280 0.849133 0.767889 0.950325 0.854500 0.806300 0.781849 0.964514 0.903798 0.919175 0.820530 0.858518 0.824456 0.808836 0.925596 0.885062 0.918223 0.800394 0.869808 0.803944 0.862784 0.760767 0.892570 0.955386 0.967236 0.966540 0.892485 0.862802 0.997372 0.957246 0.850160 0.993074 0.831921 0.856522 0.864346 0.981045 0.792874
0.431088 0.425002 0.599274 0.716858 0.982047 0.797812 0.588802 0.618526 0.707907 0.996547 0.396650 0.327671 0.404624 0.392344 0.402373 0.521590 0.266342 0.298171 0.347353 0.367472 0.637049 0.925510 0.529011 0.604598 0.712117 0.899767 0.644200 0.917749 0.000000 0.228221 0.685165 0.621454 0.364645 0.335207 0.880411 0.929755 0.732547 0.722257 0.954795 0.721847 0.671748 0.775357 0.887637 0.715849 0.877990 0.766906 0.544871 0.621162 0.704461 0.637082 0.744887 0.736869 0.896005 0.868776 0.396640 0.473326 0.420728 0.412667 0.603531 0.649437 0.311613 0.402375 0.302716 0.300599 0.457921 0.530265 0.649621 0.699316 0.607566 0.598817 0.976233 0.825528 0.790770 0.827394 0.692827 0.849291 0.983861 0.894351 0.528644 0.482671 0.348920 0.502434 0.353315 0.482591 0.430890 0.526772 0.775548 0.684827 0.653047 0.576908 0.554312 0.595470 0.394583 0.500918 0.982557 0.926742 0.964689 0.855277 0.876180 0.955567 0.868992 0.826869 0.847633 0.815126 0.892463 0.800245 0.889203 0.883552 0.797237 0.794754 0.854548 0.923252 0.964034 0.997745 0.675981 0.725103
0.401959 0.391165 0.584934 0.662778 0.977542 0.726127 0.722689 0.647606 0.633232 0.840847 0.314688 0.247700 0.380551 0.283658 0.407260 0.442729 0.231439 0.255863 0.389586 0.337987 0.609996 0.901526 0.610554 0.508527 0.587870 0.785928 0.546455 0.922944 0.228221 0.000000 0.704444 0.665749 0.426700 0.377085 0.908002 0.793346 0.617212 0.588436 0.774382 0.734717 0.669704 0.814726 0.879841 0.899466 0.906059 0.970253 0.649300 0.740937 0.939251 0.802824 0.930035 0.878078 0.963802 0.749468 0.426606 0.538429 0.397790 0.362848 0.669223 0.683143 0.290602 0.337499 0.321998 0.282147 0.391921 0.398179 0.781605 0.791263 0.538531 0.552011 0.853402 0.777778 0.866471 0.939482 0.697883 0.919103 0.819231 0.968635 0.583133 0.489076 0.361954 0.496177 0.328665 0.404014 0.462400 0.466454 0.641716 0.647895 0.575280 0.552890 0.368450 0.376944 0.288519 0.361403 0.875679 0.997814 0.861879 0.771681 0.642339 0.754087 0.765743 0.660158 0.979046 0.957853 0.963369 0.924796 0.988598 0.696935 0.750376 0.858455 0.916503 0.939943 0.784343 0.837847 0.774101 0.737912
0.804121 0.715116 0.649581 0.538562 0.995933 0.934400 0.385726 0.438519 0.990363 0.561165 0.899347 0.787855 0.865281 0.763756 0.839972 0.678000 0.728537 0.822960 0.565981 0.768664 0.719292 0.814672 0.315381 0.802543 0.798524 0.710245 0.829883 0.757073 0.685165 0.704444 0.000000 0.339002 0.423668 0.341742 0.634804 0.849068 0.558333 0.748608 0.834454 0.788444 0.952679 0.723150 0.441941 0.329126 0.480121 0.360412 0.317281 0.359353 0.435462 0.321345 0.333646 0.298495 0.432144 0.550926 0.564689 0.497238 0.729193 0.738545 0.479450 0.557482 0.654695 0.562393 0.588752 0.553792 0.952944 0.925758 0.378172 0.350717 0.961610 0.673871 0.550211 0.845693 0.516925 0.579314 0.843160 0.604026 0.447404 0.618165 0.445065 0.617422 0.731555 0.958989 0.790297 0.907419 0.843159 0.801305 0.773177 0.952145 0.800851 0.721767 0.877375 0.961456 0.845851 0.746565 0.672411 0.881468 0.697739 0.752571 0.550160 0.530200 0.916392 0.865390 0.589446 0.653435 0.621233 0.437817 0.620702 0.876847 0.809858 0.725203 0.734094 0.566453 0.534313 0.688643 0.422689 0.900642
0.625806 0.581737 0.547717 0.508724 0.973562 0.934765 0.428447 0.484573 0.844889 0.781637 0.889708 0.636861 0.598739 0.565176 0.673001 0.573540 0.594158 0.613107 0.421496 0.657908 0.596059 0.872922 0.294454 0.596223 0.657212 0.657979 0.765474 0.874695 0.621454 0.665749 0.339002 0.000000 0.370878 0.346413 0.703245 0.925737 0.618958 0.750178 0.900645 0.755140 0.920291 0.718627 0.607680 0.460449 0.647536 0.502815 0.345831 0.376308 0.533348 0.397298 0.451074 0.389264 0.553567 0.749270 0.450840 0.434031 0.556295 0.564793 0.409320 0.481625 0.549596 0.550106 0.444963 0.462224 0.788839 0.737931 0.455394 0.411550 0.748135 0.590375 0.826177 0.931422 0.629192 0.731153 0.718555 0.715327 0.653360 0.875247 0.445559 0.428611 0.529053 0.737642 0.551300 0.679491 0.606059 0.580983 0.910063 0.897149 0.763035 0.581050 0.787311 0.838696 0.750785 0.721525 0.747753 0.986864 0.784349 0.822907 0.688774 0.608182 0.987369 0.907144 0.610646 0.593173 0.727616 0.444235 0.738872 0.973603 0.965806 0.760250 0.640400 0.756349 0.644555 0.669499 0.458140 0.929085
0.316480 0.308891 0.447035 0.428051 0.861691 0.786237 0.390753 0.398289 0.643266 0.951862 0.593085 0.378218 0.458674 0.413249 0.591831 0.604953 0.319492 0.351782 0.218594 0.352147 0.481352 0.922358 0.294137 0.464406 0.525047 0.641393 0.610312 0.982282 0.364645 0.426700 0.423668 0.370878 0.000000 0.238675 0.651524 0.999450 0.564518 0.668492 0.877954 0.726192 0.717219 0.647685 0.665778 0.463003 0.761035 0.562459 0.289165 0.367556 0.515045 0.380851 0.486904 0.426869 0.699968 0.985064 0.312273 0.304401 0.280437 0.298038 0.275921 0.301192 0.333269 0.386072 0.230732 0.226223 0.493777 0.558899 0.377748 0.459766 0.484548 0.364746 0.985740 0.765926 0.713708 0.820096 0.768294 0.721195 0.797453 0.857839 0.302770 0.351772 0.308986 0.514405 0.366140 0.397733 0.356216 0.358311 0.985391 0.669360 0.553107 0.363952 0.520465 0.642690 0.490663 0.514433 0.825175 0.876711 0.775973 0.953252 0.871484 0.793179 0.885690 0.913349 0.714412 0.598788 0.625947 0.533376 0.809327 0.961875 0.797971 0.681455 0.709588 0.754288 0.844938 0.778885 0.500107 0.750540
0.419264 0.363045 0.458766 0.437954 0.958728 0.898336 0.353532 0.371718 0.698806 0.873058 0.632801 0.398946 0.454573 0.381625 0.486345 0.483472 0.345927 0.383841 0.287261 0.401892 0.565361 0.879472 0.292116 0.487022 0.582030 0.620984 0.575400 0.972225 0.335207 0.377085 0.341742 0.346413 0.238675 0.000000 0.637388 0.834022 0.519704 0.619577 0.811566 0.771099 0.779888 0.620216 0.631228 0.437690 0.731854 0.572147 0.298573 0.391261 0.548662 0.409301 0.479130 0.427027 0.624289 0.884876 0.344140 0.310453 0.370050 0.384982 0.365556 0.426545 0.325302 0.332821 0.266323 0.243442 0.547388 0.521512 0.416825 0.480950 0.621114 0.455601 0.862237 0.880636 0.634291 0.706676 0.730554 0.691532 0.717934 0.750564 0.326931 0.361800 0.361547 0.588800 0.417272 0.492906 0.454039 0.440165 0.987755 0.734926 0.543632 0.438520 0.569202 0.652766 0.513108 0.517178 0.833914 0.871315 0.836769 0.930874 0.842550 0.754412 0.849540 0.962552 0.740886 0.652233 0.685018 0.547435 0.659303 0.985568 0.907156 0.723929 0.738177 0.742860 0.826799 0.806580 0.419973 0.852690
0.783920 0.746486 0.746404 0.676466 0.877032 0.919518 0.711448 0.695650 0.842124 0.944511 0.987936 0.778188 0.827921 0.817294 0.914663 0.892981 0.777834 0.817734 0.674862 0.845717 0.984293 0.910010 0.603115 0.803522 0.647261 0.636552 0.826429 0.942367 0.880411 0.908002 0.634804 0.703245 0.651524 0.637388 0.000000 0.929111 0.608247 0.890196 0.761496 0.845945 0.765692 0.717416 0.664271 0.560552 0.793337 0.715279 0.563029 0.639858 0.743511 0.606569 0.669349 0.666895 0.741766 0.850057 0.673359 0.550135 0.760159 0.752288 0.659991 0.680430 0.824939 0.777411 0.726113 0.678182 0.836708 0.863151 0.613886 0.649459 0.861595 0.724432 0.845886 0.950529 0.821159 0.791375 0.956910 0.768839 0.686699 0.756768 0.752685 0.752276 0.752526 0.849912 0.870005 0.760465 0.746205 0.711104 0.993819 0.922610 0.597949 0.657038 0.873696 0.922228 0.853239 0.770927 0.823778 0.978856 0.780772 0.929054 0.799332 0.700725 0.988702 0.977870 0.588092 0.658592 0.598381 0.701138 0.795124 0.995961 0.888734 0.692328 0.711271 0.769718 0.821136 0.933660 0.524806 0.935122
0.996180 0.955761 0.987993 0.963148 0.832642 0.957847 0.967780 0.994716 0.792018 0.954257 0.958840 0.957194 0.929644 0.934090 0.870794 0.982162 0.911219 0.906668 0.976290 0.932371 0.988891 0.995696 0.994346 0.993756 0.899426 0.849830 0.807071 0.982845 0.929755 0.793346 0.849068 0.925737 0.999450 0.834022 0.929111 0.000000 0.669657 0.724770 0.808172 0.952168 0.837890 0.902761 0.952302 0.939340 0.993690 0.998013 0.972510 0.889918 0.894766 0.969388 0.939915 0.973095 0.985932 0.942181 0.957208 0.881674 0.991579 0.988400 0.997216 0.940284 0.972670 0.916777 0.991386 0.924663 0.931859 0.971072 0.912449 0.860549 0.931223 0.879898 0.865401 0.765540 0.818693 0.934196 0.928985 0.963949 0.915433 0.903314 0.977264 0.960550 0.997617 0.956959 0.941083 0.959772 0.933787 0.955197 0.939783 0.958828 0.956175 0.916352 0.870479 0.864564 0.927177 0.889476 0.857279 0.739429 0.860683 0.718120 0.938191 0.998201 0.876426 0.995634 0.837255 0.841147 0.967763 0.897081 0.931280 0.851659 0.927978 0.880396 0.990372 0.984432 0.951719 0.965905 0.876555 0.815711
0.582386 0.557466 0.498860 0.466949 0.872628 0.865400 0.675278 0.546201 0.713969 0.922104 0.762765 0.590871 0.722167 0.631441 0.885333 0.725656 0.603808 0.630962 0.569134 0.645818 0.660869 0.856187 0.635998 0.662788 0.475746 0.543294 0.508293 0.961401 0.732547 0.617212 0.558333 0.618958 0.564518 0.519704 0.608247 0.669657 0.000000 0.539477 0.631443 0.642402 0.823013 0.664248 0.933014 0.718028 0.950184 0.911747 0.668487 0.676580 0.961680 0.759033 0.828207 0.770507 0.914532 0.972728 0.594336 0.651230 0.586208 0.558958 0.604241 0.623603 0.631241 0.539644 0.594920 0.527322 0.661922 0.624918 0.632915 0.680105 0.682830 0.560962 0.841214 0.993054 0.755340 0.859806 0.759153 0.972665 0.890355 0.947115 0.719540 0.761630 0.733540 0.814223 0.626043 0.666001 0.713696 0.568107 0.917291 0.911147 0.593313 0.587556 0.547303 0.620284 0.589122 0.575977 0.940901 0.838052 0.960150 0.940437 0.950920 0.960732 0.866284 0.830288 0.765814 0.716616 0.725477 0.685103 0.865412 0.875538 0.938776 0.803095 0.867327 0.967865 0.988041 0.941329 0.626251 0.957656
0.595028 0.577770 0.558858 0.558144 0.845221 0.942402 0.691053 0.552136 0.795408 0.805472 0.722779 0.596395 0.671897 0.665740 0.918228 0.716964 0.660457 0.644274 0.685833 0.633180 0.669596 0.976132 0.742027 0.679856 0.570765 0.599495 0.658165 0.863740 0.722257 0.588436 0.748608 0.750178 0.668492 0.619577 0.890196 0.724770 0.539477 0.000000 0.723984 0.836230 0.783640 0.645943 0.880903 0.941180 0.796963 0.883327 0.869830 0.925065 0.871620 0.978121 0.984790 0.948899 0.977893 0.854389 0.728303 0.821376 0.594138 0.548585 0.754337 0.699108 0.576054 0.493496 0.642980 0.533088 0.622599 0.510319 0.854956 0.829798 0.654464 0.459228 0.899166 0.913764 0.858891 0.927057 0.726316 0.998041 0.906840 0.947092 0.748288 0.784415 0.735417 0.794283 0.626750 0.705304 0.762386 0.613608 0.897053 0.904665 0.597434 0.612800 0.564576 0.537554 0.638752 0.509591 0.853316 0.892398 0.972849 0.954587 0.798289 0.881882 0.935066 0.808691 0.954171 0.998131 0.924464 0.870806 0.880989 0.877215 0.938848 0.810683 0.907780 0.812082 0.782354 0.999222 0.770692 0.707609
