0.000000 0.240768 0.480469 0.530528 0.950590 0.702069 0.505798 0.473317 0.907992 0.683985 0.360657 0.272857 0.311741 0.431688 0.431943 0.405727 0.283273 0.239443 0.353376 0.324028 0.682511 0.837742 0.439366 0.473845 0.623896 0.613630 0.976269 0.879560 0.291005 0.270783 0.415447 0.467676 0.362205 0.317291 0.648973 0.905712 0.569353 0.685213 0.726980 0.751642 0.865082 0.820157 0.491805 0.417418 0.532386 0.414114 0.441896 0.351180 0.684870 0.495645 0.562040 0.594627 0.630816 0.766660 0.625290 0.785328 0.364632 0.336839 0.385836 0.323482 0.274465 0.388531 0.222864 0.266551 0.493911 0.442678 0.506016 0.378163 0.436396 0.331989 0.541460 0.545955 0.426964 0.457136 0.768512 0.646366 0.516849 0.505463 0.410497 0.367970 0.237990 0.267242 0.388834 0.487923 0.448098 0.412982 0.894475 0.898023 0.905714 0.621175 0.906659 0.976120 0.869577 0.982053 0.532061 0.695101 0.569292 0.780252 0.573838 0.568609 0.802192 0.734294 0.571258 0.666775 0.503018 0.574913 0.883830 0.879130 0.846650 0.781806 0.840028 0.627964 0.669146 0.749530 0.729630 0.921317
0.240768 0.000000 0.660404 0.652110 0.844428 0.852246 0.630899 0.510738 0.949038 0.685190 0.458803 0.323562 0.498806 0.519041 0.560981 0.495648 0.209786 0.252205 0.428890 0.369888 0.752242 0.828672 0.546325 0.653916 0.793315 0.774241 0.859188 0.889775 0.292897 0.310861 0.516387 0.614812 0.439493 0.390574 0.749092 0.739950 0.670896 0.613672 0.793723 0.825462 0.898892 0.644477 0.510299 0.462750 0.532233 0.468461 0.505131 0.412790 0.565139 0.497066 0.546969 0.591974 0.687471 0.759377 0.747833 0.887240 0.228894 0.196079 0.376546 0.354657 0.397683 0.414303 0.218983 0.166362 0.685119 0.602240 0.573142 0.423217 0.470985 0.288696 0.534554 0.511190 0.474867 0.517614 0.884235 0.636646 0.555735 0.387576 0.448681 0.533559 0.253561 0.422586 0.421425 0.497757 0.583986 0.609254 0.797389 0.892208 0.968345 0.683016 0.910320 0.955364 0.851656 0.954510 0.527637 0.760704 0.653696 0.606136 0.557633 0.524024 0.847239 0.802880 0.511330 0.611621 0.463007 0.500363 0.762489 0.799445 0.908675 0.800243 0.724361 0.579992 0.723828 0.769701 0.721820 0.920891
0.480469 0.660404 0.000000 0.205280 0.932798 0.591604 0.192381 0.261349 0.481218 0.437776 0.489039 0.531900 0.339330 0.601395 0.484768 0.508019 0.696645 0.586081 0.451924 0.530571 0.753852 0.811271 0.333353 0.364018 0.610759 0.383569 0.919518 0.881246 0.666633 0.569797 0.296392 0.434843 0.347515 0.367417 0.539308 0.818179 0.644721 0.795056 0.580859 0.717796 0.946451 0.993584 0.317789 0.341487 0.316367 0.299608 0.349945 0.385961 0.535773 0.398804 0.437496 0.399806 0.433480 0.590461 0.640533 0.583176 0.835793 0.819745 0.400825 0.405373 0.304753 0.382000 0.578308 0.654144 0.307571 0.273506 0.265149 0.296391 0.872885 0.655632 0.452988 0.468590 0.547748 0.536384 0.796614 0.715394 0.485176 0.696533 0.480654 0.458098 0.599738 0.532597 0.714277 0.804209 0.617941 0.489260 0.877028 0.946653 0.798918 0.653913 0.570208 0.691634 0.612346 0.671763 0.584671 0.679174 0.345929 0.835944 0.405669 0.419752 0.621304 0.557576 0.569572 0.609886 0.403767 0.502889 0.663431 0.679325 0.768545 0.895100 0.688485 0.530659 0.470447 0.714646 0.572318 0.808050
0.530528 0.652110 0.205280 0.000000 0.848154 0.612296 0.232141 0.200574 0.489859 0.411516 0.555148 0.543853 0.372750 0.501994 0.457547 0.449677 0.721922 0.614525 0.433312 0.528186 0.681245 0.788671 0.317048 0.323150 0.737794 0.441903 0.992446 0.894761 0.607605 0.575982 0.325487 0.457738 0.343557 0.357173 0.611789 0.765285 0.674987 0.887455 0.728038 0.812284 0.970470 0.907812 0.313627 0.360103 0.373551 0.353099 0.392128 0.431591 0.553798 0.426975 0.491810 0.417661 0.483304 0.587273 0.713003 0.651755 0.830774 0.815603 0.393375 0.438775 0.373651 0.376165 0.608475 0.658234 0.359133 0.266885 0.306313 0.335905 0.963978 0.678085 0.408204 0.415146 0.596929 0.561591 0.813655 0.666344 0.445664 0.611614 0.505845 0.540113 0.643764 0.562114 0.738441 0.731086 0.657441 0.477436 0.944209 0.950564 0.787250 0.620181 0.488329 0.588514 0.519684 0.600822 0.622281 0.645871 0.405160 0.726177 0.375382 0.356078 0.532694 0.605134 0.563937 0.542806 0.399970 0.541378 0.682312 0.680752 0.794073 0.889852 0.721748 0.480417 0.438682 0.608050 0.563165 0.787274
0.950590 0.844428 0.932798 0.848154 0.000000 0.809512 0.835354 0.781150 0.954688 0.958750 0.987385 0.880823 0.817864 0.992041 0.865119 0.791879 0.893702 0.964290 0.921788 0.979614 0.905606 0.885203 0.743130 0.797733 0.929783 0.997959 0.823506 0.961127 0.885217 0.904378 0.872279 0.978307 0.859867 0.892153 0.874419 0.930707 0.916390 0.961038 0.997139 0.868766 0.990517 0.921608 0.861417 0.874098 0.785015 0.803464 0.891105 0.845024 0.792867 0.737640 0.808804 0.767106 0.827172 0.696994 0.867480 0.828068 0.949185 0.892595 0.799667 0.777409 0.751505 0.736154 0.787717 0.812065 0.882816 0.788820 0.796791 0.807624 0.954872 0.950409 0.707574 0.737982 0.851002 0.896060 0.959187 0.898021 0.844243 0.953290 0.860969 0.978288 0.744419 0.816859 0.854791 0.900487 0.821332 0.832536 0.919476 0.963044 0.928879 0.918890 0.810737 0.854713 0.784277 0.952351 0.833642 0.989556 0.849406 0.723675 0.822369 0.752340 0.903432 0.990402 0.911036 0.838501 0.788563 0.838556 0.732345 0.907914 0.682868 0.916830 0.898304 0.746975 0.795820 0.870002 0.951904 0.972455
0.702069 0.852246 0.591604 0.612296 0.809512 0.000000 0.536536 0.649375 0.603276 0.680441 0.712508 0.630678 0.527277 0.756568 0.649656 0.503706 0.907242 0.854156 0.711488 0.789822 0.816258 0.835857 0.562993 0.600352 0.840314 0.636019 0.855332 0.657555 0.839881 0.814664 0.671488 0.722575 0.643509 0.638528 0.668396 0.970979 0.978855 0.839620 0.945129 0.959049 0.995913 0.887446 0.652180 0.634502 0.692761 0.689219 0.750959 0.677505 0.958847 0.705575 0.735384 0.640542 0.655606 0.685625 0.821625 0.810414 0.932255 0.991235 0.772101 0.703705 0.615146 0.671985 0.769190 0.845925 0.657394 0.596730 0.624973 0.650652 0.871395 0.775157 0.678355 0.611304 0.724603 0.682680 0.769369 0.810612 0.647345 0.831307 0.784011 0.601897 0.710368 0.645114 0.933810 0.873638 0.699693 0.591832 0.911956 0.840877 0.895608 0.746677 0.623730 0.726943 0.641582 0.720399 0.702578 0.658165 0.612323 0.952543 0.667313 0.668963 0.796149 0.702390 0.870424 0.752392 0.573213 0.746747 0.825165 0.871099 0.898166 0.977640 0.949652 0.782519 0.633852 0.794704 0.706327 0.940342
0.505798 0.630899 0.192381 0.232141 0.835354 0.536536 0.000000 0.200708 0.396077 0.294307 0.523282 0.586891 0.420695 0.699255 0.571213 0.532632 0.616992 0.544667 0.398970 0.512031 0.780332 0.752028 0.334066 0.459518 0.752900 0.472527 0.966164 0.934514 0.664281 0.587267 0.332340 0.468344 0.306090 0.295245 0.551995 0.689308 0.701479 0.808496 0.782322 0.751244 0.958120 0.934922 0.188491 0.208044 0.209775 0.193176 0.323112 0.312538 0.416442 0.304100 0.336773 0.305712 0.339923 0.474578 0.685214 0.589791 0.725289 0.732117 0.308428 0.379038 0.348049 0.438952 0.508813 0.602915 0.401669 0.337666 0.174168 0.240514 0.926104 0.656636 0.332056 0.312484 0.626996 0.514078 0.841997 0.641428 0.341937 0.612736 0.438704 0.443913 0.561514 0.557387 0.760722 0.826714 0.677175 0.585321 0.953785 0.967846 0.818627 0.795770 0.385323 0.462130 0.425200 0.472771 0.554007 0.601182 0.320850 0.751127 0.253025 0.275795 0.494197 0.439865 0.471679 0.477120 0.303938 0.388239 0.553620 0.581708 0.715062 0.931809 0.615773 0.426904 0.370609 0.653682 0.482973 0.770510
0.473317 0.510738 0.261349 0.200574 0.781150 0.649375 0.200708 0.000000 0.422981 0.267228 0.497975 0.502341 0.412895 0.586118 0.542931 0.502756 0.553193 0.491765 0.402620 0.417506 0.774653 0.728539 0.360050 0.445811 0.857954 0.573928 0.912346 0.924826 0.584356 0.541271 0.394099 0.496378 0.334889 0.308812 0.653358 0.693726 0.737273 0.786520 0.841641 0.856201 0.985861 0.812686 0.259418 0.300794 0.299552 0.283624 0.411309 0.375048 0.414703 0.330935 0.401376 0.367304 0.452269 0.523279 0.778738 0.704376 0.628636 0.600534 0.259208 0.345001 0.357075 0.341939 0.479571 0.494691 0.464865 0.344072 0.266297 0.298083 0.937998 0.571491 0.360833 0.369594 0.680687 0.597114 0.895592 0.638593 0.430319 0.556392 0.439588 0.575076 0.552197 0.575012 0.728566 0.783825 0.732260 0.596833 0.993195 0.973009 0.837985 0.725655 0.412505 0.484178 0.409794 0.533990 0.512359 0.642370 0.395306 0.630923 0.255843 0.257742 0.469171 0.540099 0.414695 0.433345 0.309473 0.410644 0.583697 0.606939 0.759914 0.845661 0.681576 0.383358 0.392790 0.600559 0.534286 0.770537
0.907992 0.949038 0.481218 0.489859 0.954688 0.603276 0.396077 0.422981 0.000000 0.416965 0.912915 0.975537 0.799387 0.981446 0.906905 0.872457 0.967657 0.994497 0.842707 0.859608 0.909551 0.850559 0.661243 0.741282 0.990808 0.698708 0.958149 0.933817 0.917804 0.959984 0.649126 0.771788 0.707274 0.673368 0.689221 0.650500 0.942202 0.863361 0.984385 0.936733 0.904570 0.947921 0.500928 0.584984 0.477141 0.541196 0.669524 0.693462 0.606166 0.537530 0.516422 0.516605 0.471179 0.536980 0.954877 0.794794 0.949207 0.943718 0.545637 0.676160 0.720551 0.731033 0.896188 0.950183 0.718970 0.641080 0.422222 0.579047 0.818006 0.891336 0.544778 0.555484 0.971390 0.869944 0.957390 0.874372 0.642754 0.775600 0.794940 0.825222 0.949757 0.995314 0.971006 0.886489 0.965427 0.896729 0.828523 0.966742 0.747958 0.914781 0.355811 0.429884 0.370522 0.363914 0.735831 0.826735 0.524532 0.778888 0.465462 0.520785 0.522786 0.504985 0.663480 0.614482 0.568864 0.623262 0.529031 0.560039 0.930778 0.862320 0.718544 0.599848 0.538914 0.859548 0.540330 0.771310
0.683985 0.685190 0.437776 0.411516 0.958750 0.680441 0.294307 0.267228 0.416965 0.000000 0.625883 0.683210 0.670785 0.835923 0.768399 0.715885 0.617181 0.591813 0.507621 0.489814 0.978461 0.827408 0.558472 0.704605 0.940515 0.752121 0.958423 0.889683 0.731418 0.650800 0.590006 0.555287 0.497598 0.435286 0.809542 0.631802 0.901991 0.862337 0.925854 0.954439 0.835998 0.779306 0.334008 0.357834 0.391915 0.413499 0.546485 0.481769 0.414600 0.439035 0.527332 0.497727 0.534176 0.642185 0.868754 0.813240 0.685552 0.723580 0.436121 0.580333 0.654228 0.626104 0.678717 0.673795 0.734034 0.604403 0.426446 0.512635 0.995131 0.688470 0.461497 0.465748 0.882980 0.695917 0.892795 0.691425 0.530820 0.584298 0.571230 0.626048 0.698702 0.742366 0.927863 0.912840 0.970134 0.883268 0.901296 0.952960 0.945158 0.888879 0.399928 0.397605 0.453690 0.490845 0.583788 0.587973 0.439051 0.687521 0.258776 0.268743 0.467932 0.443512 0.458111 0.430580 0.487602 0.460201 0.632480 0.611443 0.886702 0.930541 0.684749 0.464508 0.420741 0.783638 0.610962 0.732296
0.360657 0.458803 0.489039 0.555148 0.987385 0.712508 0.523282 0.497975 0.912915 0.625883 0.000000 0.424836 0.481606 0.582015 0.660937 0.620394 0.498191 0.318553 0.321492 0.274635 0.828881 0.851373 0.707124 0.630163 0.855697 0.709220 0.900448 0.866527 0.446598 0.391742 0.598116 0.572165 0.536453 0.437858 0.893162 0.996700 0.788461 0.862661 0.822466 0.777183 0.958074 0.978104 0.585279 0.525727 0.649866 0.553554 0.606508 0.566600 0.770488 0.675613 0.772005 0.781055 0.809228 0.895864 0.892815 0.926337 0.491834 0.471569 0.598226 0.552441 0.519032 0.617309 0.423487 0.506942 0.724602 0.626916 0.647541 0.522476 0.654673 0.652117 0.735111 0.660956 0.626545 0.592959 0.859518 0.692954 0.577188 0.541268 0.560662 0.446919 0.476538 0.405122 0.686144 0.692357 0.793411 0.704893 0.895614 0.920700 0.957583 0.829901 0.860574 0.893531 0.923635 0.902956 0.697657 0.656516 0.703137 0.994283 0.627259 0.582419 0.768337 0.656071 0.602413 0.612084 0.625903 0.736154 0.909163 0.928555 0.962864 0.916936 0.824032 0.666310 0.673934 0.785596 0.830604 0.942314
0.272857 0.323562 0.531900 0.543853 0.880823 0.630678 0.586891 0.502341 0.975537 0.683210 0.424836 0.000000 0.294564 0.364276 0.341056 0.253592 0.382051 0.304281 0.419560 0.409385 0.660183 0.800714 0.391206 0.411873 0.674723 0.622592 0.938456 0.859153 0.305493 0.273621 0.478916 0.492621 0.387999 0.385730 0.763248 0.991488 0.654207 0.785433 0.759205 0.912995 0.934717 0.864384 0.574260 0.510861 0.634606 0.530377 0.546372 0.410908 0.753824 0.530308 0.644478 0.589345 0.718377 0.728815 0.759006 0.837778 0.507329 0.455035 0.531341 0.416257 0.300941 0.338945 0.310797 0.301156 0.523284 0.421662 0.619337 0.486722 0.599288 0.398089 0.610240 0.573507 0.376291 0.384685 0.721351 0.623216 0.621846 0.452477 0.495801 0.468127 0.343352 0.314366 0.469839 0.529639 0.437065 0.407026 0.820802 0.888918 0.948704 0.588040 0.938847 0.985246 0.902923 0.859736 0.591397 0.673538 0.630704 0.757273 0.661732 0.568628 0.853895 0.790495 0.639762 0.777124 0.474024 0.513732 0.898523 0.982843 0.974200 0.722408 0.919814 0.638847 0.685619 0.731088 0.747144 0.950213
0.311741 0.498806 0.339330 0.372750 0.817864 0.527277 0.420695 0.412895 0.799387 0.670785 0.481606 0.294564 0.000000 0.363942 0.300806 0.279816 0.578335 0.492110 0.427244 0.493744 0.689851 0.849758 0.293441 0.296048 0.595433 0.482522 0.907328 0.963722 0.458736 0.426074 0.443217 0.525822 0.385388 0.440054 0.643107 0.956850 0.652956 0.846060 0.654521 0.840142 0.899775 0.986824 0.478735 0.464986 0.545890 0.456155 0.459566 0.411205 0.781770 0.446355 0.572681 0.515388 0.615579 0.669011 0.578867 0.675370 0.726755 0.649051 0.467295 0.394150 0.225063 0.296875 0.419283 0.488225 0.282949 0.266769 0.479452 0.402793 0.646042 0.507103 0.581764 0.539731 0.394129 0.468393 0.772740 0.603520 0.560967 0.640520 0.514240 0.506534 0.426396 0.313827 0.538267 0.617356 0.371678 0.278514 0.989688 0.770658 0.756329 0.527429 0.797024 0.893975 0.771698 0.959476 0.622620 0.703174 0.539150 0.792448 0.600668 0.551221 0.762426 0.738565 0.696652 0.803627 0.438781 0.572341 0.889493 0.943571 0.719925 0.791356 0.885372 0.603172 0.593810 0.660304 0.687853 0.810211
0.431688 0.519041 0.601395 0.501994 0.992041 0.756568 0.699255 0.586118 0.981446 0.835923 0.582015 0.364276 0.363942 0.000000 0.267567 0.293495 0.654780 0.491249 0.469790 0.518833 0.666243 0.768773 0.431199 0.346496 0.622369 0.584228 0.958487 0.914280 0.406954 0.422938 0.517254 0.577534 0.478127 0.525561 0.868057 0.909133 0.725419 0.930615 0.791688 0.817243 0.982594 0.854241 0.657842 0.646549 0.830255 0.687926 0.585889 0.631115 0.932468 0.772886 0.852810 0.770596 0.857908 0.938359 0.683205 0.898441 0.717374 0.686634 0.655537 0.633266 0.470590 0.483245 0.553449 0.553809 0.480581 0.437587 0.719846 0.642129 0.730141 0.534377 0.711507 0.730024 0.486313 0.587344 0.865700 0.603624 0.662681 0.650169 0.611954 0.570757 0.560422 0.436294 0.487237 0.451352 0.438793 0.336069 0.994663 0.826275 0.902309 0.534280 0.957645 0.949402 0.922490 0.884673 0.660509 0.741464 0.756442 0.735791 0.784646 0.691305 0.831135 0.902972 0.804830 0.904556 0.629304 0.725487 0.939411 0.936551 0.931013 0.776158 0.993185 0.765197 0.749530 0.742119 0.808524 0.965961
0.431943 0.560981 0.484768 0.457547 0.865119 0.649656 0.571213 0.542931 0.906905 0.768399 0.660937 0.341056 0.300806 0.267567 0.000000 0.245822 0.618601 0.535406 0.498650 0.583063 0.700759 0.777208 0.243841 0.290360 0.512520 0.529213 0.937272 0.896873 0.451819 0.428156 0.376075 0.404483 0.362881 0.461289 0.676457 0.945533 0.690706 0.961544 0.732029 0.955387 0.947319 0.985568 0.574223 0.581378 0.692148 0.594427 0.496297 0.535598 0.871979 0.707554 0.804159 0.697038 0.806903 0.896736 0.578807 0.722864 0.802862 0.777285 0.636018 0.626372 0.389303 0.458584 0.539283 0.582335 0.388853 0.395605 0.595349 0.558109 0.693187 0.580582 0.597141 0.672349 0.406368 0.530801 0.772240 0.679202 0.612685 0.654271 0.521216 0.595884 0.471717 0.404674 0.453508 0.520132 0.349245 0.283952 0.978301 0.823818 0.958561 0.589703 0.939131 0.923112 0.932382 0.853314 0.680241 0.750646 0.627709 0.738136 0.741367 0.670701 0.907287 0.905654 0.859255 0.936911 0.510718 0.631318 0.992772 0.937508 0.841585 0.766330 0.943307 0.723097 0.700608 0.799285 0.743839 0.993565
0.405727 0.495648 0.508019 0.449677 0.791879 0.503706 0.532632 0.502756 0.872457 0.715885 0.620394 0.253592 0.279816 0.293495 0.245822 0.000000 0.560562 0.481559 0.439659 0.556264 0.652865 0.711234 0.242266 0.247498 0.560877 0.541345 0.914420 0.827601 0.412252 0.384013 0.442428 0.464501 0.344561 0.429190 0.721124 0.978566 0.733051 0.913300 0.797862 0.941324 0.954597 0.891600 0.483324 0.477094 0.631168 0.526339 0.510684 0.444421 0.803807 0.576967 0.649234 0.550326 0.662021 0.680991 0.650540 0.740559 0.726785 0.684565 0.565625 0.539974 0.349665 0.413559 0.448400 0.470402 0.403851 0.359762 0.545636 0.511419 0.694845 0.476019 0.495487 0.524588 0.371907 0.410468 0.685463 0.618411 0.541689 0.595580 0.517601 0.516501 0.422330 0.362052 0.537634 0.536522 0.352015 0.281034 0.885234 0.875338 0.925476 0.626545 0.785852 0.879387 0.769382 0.988064 0.607679 0.643558 0.578674 0.686270 0.656852 0.563705 0.814470 0.741291 0.741080 0.868041 0.457509 0.553740 0.895341 0.974186 0.890566 0.754859 0.871789 0.632527 0.580067 0.701816 0.699557 0.899193
0.283273 0.209786 0.696645 0.721922 0.893702 0.907242 0.616992 0.553193 0.967657 0.617181 0.498191 0.382051 0.578335 0.654780 0.618601 0.560562 0.000000 0.211299 0.397227 0.384010 0.730214 0.784172 0.578249 0.702963 0.765836 0.798691 0.940223 0.854388 0.312125 0.315100 0.556315 0.511397 0.422647 0.389939 0.836254 0.769616 0.697785 0.675706 0.869012 0.815265 0.878144 0.620044 0.489974 0.445263 0.549218 0.480253 0.521224 0.408882 0.604904 0.555170 0.606185 0.664098 0.739227 0.823993 0.801772 0.919227 0.186725 0.235505 0.397101 0.459095 0.490312 0.570423 0.226388 0.228283 0.750938 0.711346 0.595521 0.497684 0.470075 0.377587 0.560622 0.534013 0.530969 0.528632 0.845204 0.646128 0.539034 0.420038 0.397979 0.520431 0.244171 0.449507 0.483823 0.554948 0.629758 0.695621 0.813245 0.859629 0.938318 0.828932 0.901141 0.936064 0.890815 0.945873 0.612222 0.726668 0.651082 0.644467 0.544096 0.496950 0.911973 0.782366 0.490231 0.558973 0.536582 0.522898 0.828020 0.826062 0.888149 0.726059 0.762355 0.588459 0.705074 0.792709 0.722982 0.920250
0.239443 0.252205 0.586081 0.614525 0.964290 0.854156 0.544667 0.491765 0.994497 0.591813 0.318553 0.304281 0.492110 0.491249 0.535406 0.481559 0.211299 0.000000 0.276038 0.236960 0.756127 0.752133 0.555471 0.609595 0.758354 0.694605 0.977881 0.848519 0.228274 0.206031 0.525313 0.451812 0.381396 0.295917 0.812858 0.947487 0.655316 0.737216 0.790794 0.728215 0.921326 0.718617 0.472476 0.396923 0.590865 0.471917 0.537024 0.411795 0.630184 0.571468 0.656080 0.685481 0.737429 0.845481 0.803659 0.912277 0.232656 0.240115 0.452676 0.470497 0.447372 0.553239 0.215804 0.233390 0.705685 0.634609 0.600299 0.461477 0.520492 0.444384 0.574501 0.565051 0.520366 0.477260 0.832048 0.576937 0.521728 0.411701 0.414328 0.395456 0.277371 0.323697 0.481513 0.536216 0.604069 0.620901 0.791054 0.926406 0.921257 0.758222 0.881156 0.899455 0.895714 0.994500 0.573511 0.687991 0.670853 0.749279 0.523736 0.474949 0.826688 0.715277 0.506204 0.558598 0.512513 0.540871 0.871503 0.871395 0.957120 0.785113 0.816056 0.566095 0.660275 0.762168 0.761745 0.965380
0.353376 0.428890 0.451924 0.433312 0.921788 0.711488 0.398970 0.402620 0.842707 0.507621 0.321492 0.419560 0.427244 0.469790 0.498650 0.439659 0.397227 0.276038 0.000000 0.284351 0.752419 0.678175 0.498639 0.490106 0.719068 0.645259 0.993847 0.885741 0.324389 0.309024 0.474907 0.397567 0.359343 0.299765 0.861895 0.870513 0.681068 0.905905 0.791344 0.767999 0.931530 0.793584 0.362266 0.338554 0.527919 0.433066 0.439432 0.417042 0.602489 0.579382 0.696967 0.681410 0.733150 0.865470 0.860635 0.871320 0.445247 0.488496 0.475461 0.549623 0.496280 0.631648 0.384225 0.493837 0.601686 0.555669 0.526205 0.517035 0.660687 0.548004 0.539042 0.522331 0.596735 0.545133 0.793415 0.550320 0.463551 0.499487 0.513282 0.409114 0.450811 0.428906 0.721909 0.641134 0.691953 0.634526 0.903563 0.969744 0.989390 0.845812 0.741073 0.762049 0.804943 0.814634 0.622975 0.583097 0.607434 0.751260 0.456692 0.398421 0.711316 0.621169 0.544754 0.512489 0.509627 0.614337 0.895009 0.870944 0.857283 0.912526 0.780346 0.515407 0.508825 0.723585 0.688076 0.833441
0.324028 0.369888 0.530571 0.528186 0.979614 0.789822 0.512031 0.417506 0.859608 0.489814 0.274635 0.409385 0.493744 0.518833 0.583063 0.556264 0.384010 0.236960 0.284351 0.000000 0.792500 0.745226 0.598033 0.614540 0.842071 0.732694 0.933890 0.856424 0.342303 0.295075 0.545071 0.435797 0.432092 0.312842 0.784639 0.919687 0.717193 0.812113 0.752462 0.820972 0.999773 0.855965 0.497111 0.426939 0.598689 0.512610 0.535564 0.447518 0.631712 0.602712 0.736741 0.744694 0.765788 0.927441 0.852756 0.894223 0.384215 0.368999 0.498429 0.528298 0.517190 0.577267 0.375181 0.397134 0.721785 0.634298 0.627462 0.538563 0.633900 0.490442 0.689790 0.631992 0.634565 0.609309 0.790235 0.610056 0.581171 0.536989 0.526127 0.447169 0.460678 0.400569 0.623146 0.648155 0.780188 0.702417 0.883389 0.969126 0.997203 0.727829 0.856953 0.867731 0.907367 0.942035 0.601225 0.685397 0.644953 0.779441 0.524513 0.484596 0.712926 0.672224 0.565186 0.525304 0.576904 0.635150 0.910214 0.880953 0.882659 0.866373 0.719052 0.589145 0.645344 0.792169 0.747123 0.889554
0.682511 0.752242 0.753852 0.681245 0.905606 0.816258 0.780332 0.774653 0.909551 0.978461 0.828881 0.660183 0.689851 0.666243 0.700759 0.652865 0.730214 0.756127 0.752419 0.792500 0.000000 0.753281 0.640481 0.652036 0.728066 0.754206 0.866352 0.864600 0.755953 0.735530 0.661681 0.763346 0.673798 0.655659 0.764165 0.911586 0.705408 0.865657 0.809869 0.828205 0.867742 0.980956 0.756664 0.780695 0.779351 0.721595 0.630871 0.705469 0.917382 0.808116 0.838828 0.820899 0.826579 0.927198 0.851344 0.850804 0.822729 0.832323 0.737649 0.686112 0.647680 0.699999 0.651332 0.741185 0.676143 0.651680 0.747535 0.709708 0.918857 0.750564 0.810813 0.772820 0.675319 0.758521 0.756910 0.746789 0.826119 0.769734 0.795791 0.757593 0.733451 0.688209 0.654369 0.661540 0.683278 0.646399 0.960032 0.904890 0.871665 0.754263 0.983524 0.962497 0.910711 0.923841 0.926778 0.746558 0.810383 0.926633 0.906891 0.750868 0.977332 0.984778 0.717103 0.822889 0.807471 0.766246 0.992735 0.939106 0.975076 0.925230 0.967791 0.933894 0.916960 0.815377 0.789376 0.875744
0.837742 0.828672 0.811271 0.788671 0.885203 0.835857 0.752028 0.728539 0.850559 0.827408 0.851373 0.800714 0.849758 0.768773 0.777208 0.711234 0.784172 0.752133 0.678175 0.745226 0.753281 0.000000 0.768035 0.722060 0.931004 0.871926 0.767723 0.766811 0.735650 0.770657 0.747554 0.674776 0.678551 0.684347 0.834487 0.879247 0.965855 0.842401 0.982762 0.924540 0.988177 0.964095 0.742834 0.737866 0.794291 0.771160 0.810521 0.799044 0.881932 0.875749 0.912671 0.867508 0.932981 0.926791 0.990824 0.893604 0.829110 0.825333 0.857843 0.843058 0.844223 0.916522 0.772760 0.808717 0.894820 0.834791 0.761018 0.801277 0.961292 0.844241 0.768988 0.760966 0.828456 0.788360 0.968735 0.951162 0.838381 0.738540 0.921927 0.765448 0.863714 0.850868 0.883634 0.888030 0.944505 0.876383 0.976163 0.972968 0.984728 0.964387 0.796976 0.897367 0.869932 0.900701 0.794877 0.799626 0.898550 0.848773 0.782217 0.693202 0.883480 0.911152 0.822375 0.645067 0.809869 0.792429 0.922037 0.920091 0.987561 0.897371 0.794976 0.855861 0.812361 0.782155 0.914376 0.920240
0.439366 0.546325 0.333353 0.317048 0.743130 0.562993 0.334066 0.360050 0.661243 0.558472 0.707124 0.391206 0.293441 0.431199 0.243841 0.242266 0.578249 0.555471 0.498639 0.598033 0.640481 0.768035 0.000000 0.240738 0.508469 0.443150 0.998829 0.975867 0.524224 0.471097 0.270771 0.400846 0.262641 0.359923 0.512506 0.845402 0.600214 0.869447 0.708715 0.869567 0.971424 0.943480 0.353211 0.376277 0.402644 0.353594 0.365146 0.359136 0.622458 0.455461 0.499352 0.419179 0.501335 0.613200 0.511552 0.604580 0.777390 0.754130 0.417721 0.444158 0.276459 0.343783 0.470476 0.504218 0.285413 0.286130 0.321407 0.340623 0.774164 0.503258 0.357765 0.393292 0.407980 0.444483 0.728668 0.664123 0.414618 0.630377 0.424629 0.534163 0.431994 0.427109 0.480560 0.557596 0.362329 0.304676 0.939908 0.931126 0.799769 0.615809 0.657527 0.798770 0.629842 0.912604 0.538705 0.678360 0.405065 0.640120 0.513235 0.468350 0.759927 0.721057 0.627194 0.768373 0.320107 0.415887 0.712250 0.849402 0.727762 0.781634 0.720021 0.561241 0.546458 0.695235 0.565379 0.842771
0.473845 0.653916 0.364018 0.323150 0.797733 0.600352 0.459518 0.445811 0.741282 0.704605 0.630163 0.411873 0.296048 0.346496 0.290360 0.247498 0.702963 0.609595 0.490106 0.614540 0.652036 0.722060 0.240738 0.000000 0.526997 0.453735 0.994782 0.906224 0.517654 0.472075 0.366141 0.417869 0.403041 0.429728 0.653259 0.986485 0.679607 0.901960 0.719758 0.857126 0.978762 0.983767 0.508994 0.535480 0.606406 0.521529 0.470686 0.510759 0.791638 0.609122 0.676311 0.583697 0.664528 0.713907 0.600333 0.636818 0.896782 0.877730 0.571994 0.584033 0.362976 0.450708 0.575963 0.635802 0.354178 0.305912 0.489055 0.488325 0.821228 0.632485 0.508619 0.566266 0.406426 0.519462 0.792079 0.730907 0.544636 0.682577 0.559772 0.529712 0.502512 0.420268 0.598756 0.599225 0.419848 0.316849 0.912601 0.768616 0.815662 0.638756 0.733376 0.857275 0.750217 0.945222 0.625026 0.805087 0.537693 0.697815 0.675897 0.598217 0.742963 0.808006 0.721591 0.837715 0.524907 0.647457 0.856819 0.921292 0.795140 0.779553 0.822526 0.676423 0.577865 0.697323 0.688708 0.892167
0.623896 0.793315 0.610759 0.737794 0.929783 0.840314 0.752900 0.857954 0.990808 0.940515 0.855697 0.674723 0.595433 0.622369 0.512520 0.560877 0.765836 0.758354 0.719068 0.842071 0.728066 0.931004 0.508469 0.526997 0.000000 0.463019 0.795232 0.946934 0.695201 0.650863 0.449094 0.505361 0.609069 0.710828 0.600795 0.920696 0.588686 0.847896 0.642829 0.829167 0.945995 0.922202 0.718137 0.716209 0.758113 0.712969 0.635962 0.655518 0.959983 0.904653 0.822466 0.806058 0.861481 0.997601 0.668880 0.809916 0.900940 0.921618 0.759715 0.734594 0.585272 0.723674 0.711299 0.776496 0.477258 0.612817 0.654118 0.706180 0.716808 0.695203 0.819385 0.874836 0.453983 0.645502 0.700185 0.965755 0.754394 0.889679 0.713135 0.677880 0.682416 0.689180 0.607715 0.765801 0.504969 0.491488 0.848658 0.971198 0.987929 0.785180 0.824463 0.715833 0.850553 0.765033 0.813314 0.873909 0.701193 0.963753 0.947454 0.974062 0.808244 0.979099 0.958917 0.898934 0.767484 0.819305 0.979785 0.990088 0.873528 0.800318 0.906364 0.875052 0.915847 0.875327 0.696863 0.911460
0.613630 0.774241 0.383569 0.441903 0.997959 0.636019 0.472527 0.573928 0.698708 0.752121 0.709220 0.622592 0.482522 0.584228 0.529213 0.541345 0.798691 0.694605 0.645259 0.732694 0.754206 0.871926 0.443150 0.453735 0.463019 0.000000 0.877672 0.989978 0.718637 0.609665 0.326798 0.482756 0.437620 0.502220 0.576022 0.841212 0.677840 0.905461 0.598153 0.570388 0.996722 0.929437 0.492651 0.452670 0.540735 0.498069 0.538381 0.501501 0.748927 0.583771 0.541514 0.504873 0.535190 0.644071 0.608222 0.649790 0.949237 0.884983 0.581820 0.569531 0.456087 0.552471 0.635159 0.722568 0.388747 0.399177 0.435079 0.445754 0.918039 0.723707 0.632803 0.504015 0.473263 0.457292 0.787919 0.843796 0.567474 0.830610 0.613954 0.507998 0.693404 0.567193 0.645481 0.687475 0.590811 0.451440 0.824294 0.868606 0.746287 0.630415 0.749635 0.917925 0.815349 0.817709 0.696884 0.841752 0.531175 0.822755 0.636253 0.632656 0.803062 0.680282 0.721549 0.763800 0.503347 0.694925 0.734563 0.771683 0.898034 0.790917 0.839171 0.733982 0.580106 0.812209 0.608967 0.845845
0.976269 0.859188 0.919518 0.992446 0.823506 0.855332 0.966164 0.912346 0.958149 0.958423 0.900448 0.938456 0.907328 0.958487 0.937272 0.914420 0.940223 0.977881 0.993847 0.933890 0.866352 0.767723 0.998829 0.994782 0.795232 0.877672 0.000000 0.890108 0.994616 0.951331 0.891470 0.981775 0.987753 0.918611 0.941297 0.768205 0.906934 0.853133 0.967639 0.879804 0.958406 0.978274 0.993054 0.962460 0.921778 0.964516 0.975855 0.991672 0.889975 0.901282 0.905334 0.926241 0.970299 0.902608 0.926230 0.917590 0.844194 0.837017 0.929109 0.927888 0.997306 0.976244 0.938065 0.867340 0.886751 0.891727 0.983504 0.936646 0.989713 0.873143 0.889390 0.916863 0.968378 0.923269 0.839004 0.986777 0.931131 0.884138 0.996762 0.837983 0.962901 0.874292 0.965735 0.952267 0.789390 0.812264 0.939822 0.906836 0.787643 0.930210 0.949942 0.970342 0.972786 0.918855 0.914210 0.924601 0.946974 0.700641 0.903097 0.935342 0.905489 0.842237 0.798029 0.791427 0.972801 0.866861 0.841081 0.897508 0.850186 0.987176 0.816286 0.927391 0.955361 0.876551 0.943632 0.891323
0.879560 0.889775 0.881246 0.894761 0.961127 0.657555 0.934514 0.924826 0.933817 0.889683 0.866527 0.859153 0.963722 0.914280 0.896873 0.827601 0.854388 0.848519 0.885741 0.856424 0.864600 0.766811 0.975867 0.906224 0.946934 0.989978 0.890108 0.000000 0.845799 0.890799 0.957954 0.997948 0.951712 0.960287 0.959760 0.905967 0.873595 0.855832 0.977203 0.964311 0.874186 0.974264 0.978191 0.971364 0.877019 0.942842 0.926353 0.991280 0.858983 0.938599 0.908243 0.947161 0.977482 0.978917 0.888115 0.860343 0.849437 0.840599 0.969016 0.986923 0.982271 0.940043 0.852328 0.865435 0.877313 0.862587 0.911135 0.934872 0.786408 0.978744 0.953398 0.982189 0.969747 0.935305 0.929046 0.967288 0.975621 0.867892 0.970643 0.847267 0.852756 0.877959 0.968996 0.910283 0.978026 0.933539 0.800551 0.993573 0.810292 0.902901 0.961443 0.908343 0.896999 0.953192 0.932320 0.771385 0.975141 0.982762 0.970268 0.972641 0.747334 0.990632 0.989926 0.900513 0.952860 0.993809 0.895183 0.730942 0.871583 0.970652 0.871632 0.956615 0.933870 0.977058 0.952296 0.898159
0.291005 0.292897 0.666633 0.607605 0.885217 0.839881 0.664281 0.584356 0.917804 0.731418 0.446598 0.305493 0.458736 0.406954 0.451819 0.412252 0.312125 0.228274 0.324389 0.342303 0.755953 0.735650 0.524224 0.517654 0.695201 0.718637 0.994616 0.845799 0.000000 0.210772 0.537676 0.488669 0.441823 0.351470 0.809984 0.973216 0.614685 0.791125 0.755528 0.820256 0.879495 0.794785 0.582945 0.511674 0.687044 0.576113 0.565214 0.473205 0.698059 0.647486 0.767858 0.761138 0.846069 0.929714 0.699772 0.827005 0.353557 0.354586 0.576478 0.504576 0.461543 0.539842 0.302524 0.304787 0.665917 0.586636 0.683088 0.568453 0.515909 0.405997 0.624385 0.646425 0.493662 0.519545 0.773509 0.662201 0.534757 0.447319 0.577736 0.470286 0.307784 0.326756 0.489222 0.418016 0.500573 0.521697 0.830332 0.950782 0.976760 0.586606 0.998004 0.985181 0.991687 0.878979 0.618697 0.759024 0.742555 0.757658 0.655145 0.567331 0.899651 0.882538 0.700414 0.676698 0.621644 0.637612 0.983897 0.960309 0.945935 0.750610 0.821226 0.591504 0.734456 0.715109 0.809411 0.970944
0.270783 0.310861 0.569797 0.575982 0.904378 0.814664 0.587267 0.541271 0.959984 0.650800 0.391742 0.273621 0.426074 0.422938 0.428156 0.384013 0.315100 0.206031 0.309024 0.295075 0.735530 0.770657 0.471097 0.472075 0.650863 0.609665 0.951331 0.890799 0.210772 0.000000 0.434641 0.407378 0.368392 0.272526 0.757829 0.904159 0.619305 0.743648 0.679474 0.856003 0.942584 0.849385 0.525080 0.423918 0.633737 0.508658 0.524780 0.421278 0.694337 0.575198 0.710804 0.680555 0.746113 0.846255 0.682024 0.839899 0.393037 0.367259 0.566315 0.517591 0.438056 0.520233 0.295080 0.299744 0.635611 0.564242 0.623124 0.504861 0.481769 0.404619 0.595514 0.594209 0.409588 0.381141 0.764324 0.583832 0.587374 0.466626 0.484842 0.430436 0.314264 0.276500 0.481042 0.410606 0.564246 0.537085 0.895250 0.937258 0.936331 0.662885 0.973432 0.969176 0.982121 0.865693 0.544353 0.747088 0.613259 0.718312 0.617840 0.541060 0.818502 0.752594 0.584879 0.675840 0.577327 0.594242 0.915603 0.962629 0.932001 0.766551 0.795011 0.612866 0.665695 0.818155 0.790908 0.910212
0.415447 0.516387 0.296392 0.325487 0.872279 0.671488 0.332340 0.394099 0.649126 0.590006 0.598116 0.478916 0.443217 0.517254 0.376075 0.442428 0.556315 0.525313 0.474907 0.545071 0.661681 0.747554 0.270771 0.366141 0.449094 0.326798 0.891470 0.957954 0.537676 0.434641 0.000000 0.309175 0.249902 0.304619 0.465957 0.722792 0.557096 0.696907 0.636459 0.796438 0.980931 0.900086 0.336449 0.312134 0.319958 0.291096 0.330105 0.320487 0.536932 0.473461 0.449082 0.423674 0.477586 0.662678 0.575339 0.646663 0.696359 0.685769 0.412332 0.408002 0.322942 0.414080 0.456493 0.510176 0.368158 0.358306 0.271307 0.298235 0.786323 0.506954 0.404600 0.394527 0.381179 0.371874 0.691297 0.731180 0.438575 0.595953 0.429653 0.461217 0.481459 0.521920 0.495175 0.576214 0.565682 0.467963 0.869455 0.996758 0.842931 0.628047 0.755083 0.921580 0.777672 0.912143 0.597535 0.721994 0.373935 0.724009 0.488902 0.504018 0.701402 0.669526 0.576778 0.624141 0.407226 0.487501 0.670331 0.736904 0.785228 0.790176 0.648070 0.623485 0.525343 0.691684 0.467890 0.886010
0.467676 0.614812 0.434843 0.457738 0.978307 0.722575 0.468344 0.496378 0.771788 0.555287 0.572165 0.492621 0.525822 0.577534 0.404483 0.464501 0.511397 0.451812 0.397567 0.435797 0.763346 0.674776 0.400846 0.417869 0.505361 0.482756 0.981775 0.997948 0.488669 0.407378 0.309175 0.000000 0.342381 0.380627 0.654800 0.892428 0.672061 0.878002 0.650203 0.846350 0.982088 0.850767 0.449357 0.432109 0.548960 0.521873 0.518043 0.446369 0.721051 0.738315 0.768271 0.745572 0.798016 0.969428 0.762303 0.793500 0.653369 0.715123 0.616209 0.686004 0.549380 0.692905 0.540943 0.609239 0.586581 0.571499 0.528938 0.561961 0.716368 0.601300 0.617004 0.575737 0.474955 0.501605 0.660596 0.823241 0.601617 0.594855 0.534636 0.515761 0.545621 0.505385 0.668369 0.687734 0.683998 0.589271 0.986414 0.935796 0.985556 0.787245 0.854516 0.972862 0.930273 0.996740 0.702075 0.757287 0.529910 0.812901 0.592882 0.549582 0.794045 0.757944 0.679592 0.627423 0.613694 0.663399 0.915447 0.861818 0.928453 0.817529 0.716181 0.657066 0.573441 0.782339 0.619956 0.854200
0.362205 0.439493 0.347515 0.343557 0.859867 0.643509 0.306090 0.334889 0.707274 0.497598 0.536453 0.387999 0.385388 0.478127 0.362881 0.344561 0.422647 0.381396 0.359343 0.432092 0.673798 0.678551 0.262641 0.403041 0.609069 0.437620 0.987753 0.951712 0.441823 0.368392 0.249902 0.342381 0.000000 0.248070 0.619988 0.738329 0.605886 0.761594 0.739824 0.768932 0.998319 0.799838 0.269109 0.233872 0.337701 0.272994 0.316587 0.299579 0.536896 0.421074 0.438056 0.398724 0.469062 0.606566 0.600914 0.602991 0.573444 0.536971 0.377560 0.384874 0.313414 0.378790 0.351779 0.420538 0.369627 0.341900 0.282129 0.287293 0.773126 0.444079 0.351244 0.341767 0.451390 0.377888 0.768601 0.634829 0.350741 0.541263 0.341335 0.437477 0.403758 0.406408 0.474288 0.564371 0.495739 0.414818 0.986259 0.972507 0.915789 0.684745 0.624703 0.749365 0.645305 0.840879 0.567736 0.634312 0.401972 0.652042 0.390693 0.365332 0.650058 0.582850 0.553651 0.578346 0.306840 0.368335 0.735010 0.686632 0.873005 0.771718 0.651709 0.524516 0.450188 0.700449 0.496278 0.860393
0.317291 0.390574 0.367417 0.357173 0.892153 0.638528 0.295245 0.308812 0.673368 0.435286 0.437858 0.385730 0.440054 0.525561 0.461289 0.429190 0.389939 0.295917 0.299765 0.312842 0.655659 0.684347 0.359923 0.429728 0.710828 0.502220 0.918611 0.960287 0.351470 0.272526 0.304619 0.380627 0.248070 0.000000 0.573596 0.783467 0.586817 0.729928 0.747904 0.767758 0.972130 0.883981 0.294601 0.229166 0.341045 0.275264 0.346734 0.313527 0.474860 0.397828 0.472610 0.441103 0.486836 0.651986 0.617682 0.639915 0.480879 0.480158 0.370114 0.387468 0.332693 0.427674 0.317899 0.372935 0.474957 0.406994 0.331889 0.292921 0.742961 0.443171 0.439674 0.420895 0.522957 0.442732 0.762522 0.593346 0.394295 0.513790 0.396375 0.372408 0.371931 0.365471 0.559628 0.514056 0.574385 0.537062 0.942521 0.926124 0.964982 0.710417 0.670072 0.730377 0.696930 0.796832 0.494928 0.669438 0.478543 0.666840 0.370211 0.350879 0.657361 0.617347 0.489445 0.464108 0.378702 0.432546 0.683090 0.686613 0.844226 0.824397 0.648364 0.446256 0.465922 0.701992 0.501220 0.873907
0.648973 0.749092 0.539308 0.611789 0.874419 0.668396 0.551995 0.653358 0.689221 0.809542 0.893162 0.763248 0.643107 0.868057 0.676457 0.721124 0.836254 0.812858 0.861895 0.784639 0.764165 0.834487 0.512506 0.653259 0.600795 0.576022 0.941297 0.959760 0.809984 0.757829 0.465957 0.654800 0.619988 0.573596 0.000000 0.857555 0.645776 0.714240 0.780735 0.834146 0.988353 0.832727 0.601260 0.606326 0.492750 0.533647 0.670621 0.593986 0.728395 0.561625 0.556462 0.536212 0.562171 0.671006 0.646943 0.702566 0.892817 0.822487 0.595249 0.546161 0.538144 0.631985 0.644144 0.679547 0.627196 0.629254 0.496565 0.494700 0.891301 0.712207 0.584751 0.617696 0.684456 0.654950 0.819991 0.900492 0.717217 0.796069 0.647486 0.708967 0.684121 0.762728 0.732563 0.916571 0.709543 0.684256 0.811312 0.910791 0.806331 0.818706 0.807785 0.944249 0.750004 0.865991 0.609956 0.883959 0.575469 0.845347 0.624728 0.747254 0.866065 0.871541 0.815248 0.791758 0.552166 0.611889 0.744946 0.720608 0.676705 0.859021 0.648986 0.747147 0.815119 0.868732 0.724362 0.786750
0.905712 0.739950 0.818179 0.765285 0.930707 0.970979 0.689308 0.693726 0.650500 0.631802 0.996700 0.991488 0.956850 0.909133 0.945533 0.978566 0.769616 0.947487 0.870513 0.919687 0.911586 0.879247 0.845402 0.986485 0.920696 0.841212 0.768205 0.905967 0.973216 0.904159 0.722792 0.892428 0.738329 0.783467 0.857555 0.000000 0.962412 0.560073 0.994428 0.950091 0.981752 0.859179 0.612857 0.605032 0.520195 0.607246 0.745748 0.671523 0.545226 0.562558 0.586774 0.602366 0.654136 0.658925 0.968804 0.891828 0.807554 0.787956 0.634692 0.717085 0.858275 0.805891 0.821375 0.781093 0.892819 0.860086 0.582809 0.642235 0.982318 0.710583 0.596654 0.483254 0.928714 0.797468 0.998681 0.962307 0.695959 0.705312 0.729881 0.925082 0.862950 0.992429 0.893799 0.884919 0.876166 0.969558 0.909607 0.970466 0.912484 0.982365 0.647449 0.676081 0.687644 0.692772 0.800682 0.822107 0.662917 0.654763 0.614369 0.606626 0.638444 0.544853 0.647331 0.678791 0.700322 0.704358 0.628153 0.739581 0.781276 0.996465 0.551703 0.770095 0.684029 0.774029 0.641006 0.732022
0.569353 0.670896 0.644721 0.674987 0.916390 0.978855 0.701479 0.737273 0.942202 0.901991 0.788461 0.654207 0.652956 0.725419 0.690706 0.733051 0.697785 0.655316 0.681068 0.717193 0.705408 0.965855 0.600214 0.679607 0.588686 0.677840 0.906934 0.873595 0.614685 0.619305 0.557096 0.672061 0.605886 0.586817 0.645776 0.962412 0.000000 0.792093 0.662197 0.783895 0.937569 0.938110 0.699244 0.648862 0.661364 0.630501 0.650358 0.582188 0.789829 0.701010 0.709525 0.745063 0.775610 0.918212 0.830634 0.867333 0.707413 0.730204 0.687191 0.621115 0.588325 0.644271 0.621085 0.645658 0.626597 0.655532 0.672594 0.602602 0.910306 0.672138 0.754843 0.800775 0.647416 0.629092 0.822199 0.849180 0.599490 0.786772 0.690128 0.806177 0.685348 0.748942 0.738861 0.833407 0.698252 0.713478 0.949332 0.808140 0.895664 0.796747 0.965548 0.956414 0.954075 0.916632 0.727389 0.795884 0.768170 0.931405 0.779850 0.755948 0.946087 0.986058 0.715032 0.802747 0.610438 0.717447 0.949441 0.851463 0.862430 0.828886 0.882439 0.700879 0.812014 0.914591 0.724658 0.812961
0.685213 0.613672 0.795056 0.887455 0.961038 0.839620 0.808496 0.786520 0.863361 0.862337 0.862661 0.785433 0.846060 0.930615 0.961544 0.913300 0.675706 0.737216 0.905905 0.812113 0.865657 0.842401 0.869447 0.901960 0.847896 0.905461 0.853133 0.855832 0.791125 0.743648 0.696907 0.878002 0.761594 0.729928 0.714240 0.560073 0.792093 0.000000 0.894218 0.997835 0.830380 0.986044 0.747401 0.702659 0.600531 0.608403 0.742563 0.701801 0.681673 0.597256 0.552017 0.618882 0.668138 0.691771 0.827707 0.820238 0.638254 0.607431 0.668825 0.604186 0.673873 0.685055 0.605044 0.577722 0.816680 0.811248 0.658628 0.604177 0.889069 0.655727 0.706539 0.715218 0.745034 0.703644 0.913831 0.960011 0.901801 0.679636 0.812838 0.918117 0.733293 0.912620 0.753575 0.911919 0.917432 0.925317 0.870243 0.889759 0.968241 0.980515 0.944170 0.937839 0.872580 0.969467 0.811893 0.845638 0.808740 0.796874 0.740601 0.804858 0.785365 0.748551 0.679174 0.833987 0.797477 0.688500 0.770790 0.800035 0.995218 0.851811 0.628590 0.812809 0.899837 0.812547 0.708479 0.824654
