0.000000 0.400767 0.890176 0.795381 0.863017 0.554425 0.534201 0.420822 0.682388 0.639726 0.388529 0.357879 0.544769 0.520076 0.913210 0.614398 0.399877 0.380349 0.422994 0.389533 0.937919 0.903499 0.991301 0.986178 0.858223 0.993708 0.791322 0.979194 0.521489 0.476871 0.804202 0.631245 0.523220 0.474001 0.913372 0.961230 0.825861 0.951663 0.980081 0.914255 0.910470 0.914167 0.486053 0.457015 0.496365 0.487437 0.580786 0.524224 0.659542 0.598126 0.762195 0.777648 0.863793 0.857318 0.983503 0.752720 0.340845 0.506696 0.472576 0.940009 0.501125 0.644561 0.421295 0.455348 0.877025 0.881549 0.620329 0.648749 0.859687 0.729776 0.686475 0.684270 0.866786 0.671244 0.962505 0.719370 0.590594 0.750959 0.842671 0.702125 0.512840 0.558251 0.730649 0.751941 0.968234 0.987081 0.999608 0.876825 0.989607 0.987825 0.551242 0.717072 0.656732 0.815162 0.783699 0.782224 0.723482 0.749510 0.423350 0.422404 0.567253 0.609224 0.521012 0.549205 0.754325 0.750861 0.860359 0.874983 0.981586 0.935912 0.853099 0.673571 0.609757 0.855294 0.843837 0.918779
0.400767 0.000000 0.856446 0.968658 0.954343 0.737156 0.790310 0.621869 0.891396 0.669291 0.690605 0.454908 0.887969 0.757978 0.916984 0.714378 0.332367 0.329524 0.694961 0.607785 0.960794 0.892689 0.813622 0.925771 0.881007 0.936236 0.830076 0.844450 0.563113 0.371101 0.984484 0.769759 0.746902 0.686299 0.761169 0.905555 0.903557 0.985367 0.898057 0.763684 0.899044 0.901396 0.647484 0.591825 0.552011 0.462302 0.804936 0.639889 0.556460 0.567623 0.667797 0.715301 0.896781 0.872414 0.926484 0.771652 0.253635 0.269763 0.720831 0.867646 0.804610 0.607769 0.695521 0.431759 0.683461 0.986446 0.876734 0.845667 0.744803 0.682444 0.878258 0.856235 0.874479 0.771570 0.817495 0.793563 0.772248 0.833183 0.723335 0.541128 0.356612 0.526869 0.711350 0.619251 0.834856 0.932577 0.829663 0.922411 0.920433 0.953062 0.786735 0.954899 0.847318 0.952562 0.687599 0.903810 0.666558 0.835140 0.585509 0.651535 0.772956 0.800200 0.616152 0.710604 0.909657 0.917956 0.873779 0.953458 0.930708 0.881200 0.735575 0.620279 0.725570 0.875492 0.760280 0.819698
0.890176 0.856446 0.000000 0.266690 0.858436 0.906041 0.393934 0.474646 0.751394 0.956092 0.672228 0.936470 0.462112 0.443316 0.501006 0.576964 0.829590 0.965753 0.446485 0.606869 0.929220 0.991890 0.354098 0.442724 0.618605 0.462154 0.872119 0.855916 0.840183 0.995415 0.350381 0.415879 0.453671 0.519228 0.534208 0.692937 0.753528 0.965272 0.720969 0.979520 0.952914 0.721947 0.588295 0.673469 0.906835 0.976318 0.630050 0.636716 0.794391 0.942666 0.993880 0.985259 0.993213 0.928292 0.754294 0.981743 0.877632 0.729936 0.789288 0.925323 0.596812 0.996665 0.788635 0.717366 0.339778 0.372803 0.403799 0.459164 0.728810 0.843429 0.588000 0.595268 0.944352 0.844949 0.980485 0.831410 0.667846 0.699684 0.980930 0.898237 0.813448 0.991619 0.844571 0.780574 0.459257 0.539457 0.731514 0.791380 0.893380 0.861864 0.595486 0.647534 0.702954 0.684347 0.944112 0.868639 0.886624 0.975654 0.810256 0.650032 0.724528 0.652730 0.956201 0.959319 0.733689 0.881869 0.909411 0.789711 0.868655 0.870316 0.922257 0.980878 0.906660 0.971255 0.955220 0.756065
0.795381 0.968658 0.266690 0.000000 0.900443 0.823493 0.391931 0.414589 0.829654 0.995803 0.630092 0.829891 0.443061 0.349955 0.546131 0.551622 0.910910 0.919017 0.377326 0.489111 0.947755 0.992239 0.328020 0.337111 0.562205 0.473017 0.857855 0.746731 0.826392 0.904049 0.320412 0.368791 0.398208 0.481817 0.513437 0.681044 0.764846 0.961830 0.701220 0.965292 0.974607 0.743375 0.557954 0.645979 0.933793 0.993541 0.612455 0.620639 0.715779 0.902978 0.960014 0.960958 0.963605 0.963758 0.755886 0.916018 0.990029 0.799575 0.797783 0.971158 0.637879 0.996813 0.709458 0.785082 0.417323 0.357021 0.364075 0.411359 0.800209 0.850508 0.548747 0.573602 0.870305 0.801647 0.903811 0.832586 0.644038 0.703740 0.861826 0.835780 0.982068 0.835203 0.748740 0.844350 0.445327 0.464528 0.808725 0.763218 0.865103 0.769108 0.578293 0.664356 0.655871 0.704495 0.977174 0.768233 0.930527 0.969435 0.790025 0.619203 0.680418 0.549940 0.912161 0.849850 0.675678 0.837470 0.941095 0.852750 0.836531 0.859059 0.935470 0.927953 0.892162 0.867207 0.965141 0.770101
0.863017 0.954343 0.858436 0.900443 0.000000 0.901639 0.903356 0.892216 0.880469 0.930075 0.927227 0.828460 0.789338 0.797521 0.814622 0.671027 0.946985 0.934728 0.849347 0.804144 0.828174 0.951081 0.771683 0.878212 0.901106 0.916495 0.962456 0.930499 0.994890 0.904936 0.851635 0.794139 0.799837 0.829180 0.803410 0.789258 0.842764 0.914057 0.995070 0.935397 0.922148 0.970960 0.824483 0.846008 0.918690 0.894949 0.881558 0.797095 0.984693 0.954921 0.856093 0.819882 0.790671 0.789042 0.940255 0.993527 0.989155 0.956717 0.851125 0.941477 0.817635 0.967341 0.846716 0.923739 0.797627 0.816214 0.769948 0.786641 0.878810 0.911192 0.875752 0.844518 0.856755 0.892113 0.899549 0.874865 0.908429 0.939268 0.965717 0.919695 0.807031 0.838800 0.843177 0.971347 0.796865 0.850196 0.915879 0.978902 0.873891 0.939689 0.749698 0.794444 0.760981 0.733947 0.947937 0.995226 0.973958 0.960226 0.889414 0.968488 0.984105 0.957595 0.834082 0.826529 0.916806 0.806255 0.808318 0.914830 0.977544 0.968910 0.945084 0.968249 0.918307 0.820304 0.829926 0.972256
0.554425 0.737156 0.906041 0.823493 0.901639 0.000000 0.630526 0.574085 0.593131 0.605049 0.553380 0.546719 0.648803 0.712575 0.851304 0.610077 0.665904 0.595762 0.576748 0.617500 0.956832 0.850625 0.933032 0.907433 0.920497 0.913135 0.878894 0.870666 0.784524 0.649973 0.799528 0.683933 0.676171 0.551355 0.968063 0.943133 0.907801 0.947877 0.864612 0.952583 0.891054 0.949406 0.577266 0.600584 0.653006 0.633721 0.757926 0.677103 0.864581 0.833830 0.931148 0.911606 0.944350 0.849004 0.907190 0.954380 0.606820 0.859514 0.759884 0.962920 0.619984 0.749674 0.656614 0.696828 0.956171 0.837354 0.678040 0.637918 0.974910 0.989495 0.767341 0.712282 0.882661 0.739771 0.967948 0.767666 0.701528 0.712014 0.711821 0.784331 0.759209 0.720801 0.991350 0.934391 0.977292 0.992643 0.958036 0.924791 0.978004 0.925463 0.638833 0.748664 0.671576 0.721716 0.957784 0.981306 0.709973 0.804446 0.544937 0.676991 0.594460 0.632315 0.660669 0.602376 0.939236 0.829312 0.715780 0.904315 0.890924 0.909065 0.996825 0.774111 0.855278 0.849662 0.935283 0.746423
0.534201 0.790310 0.393934 0.391931 0.903356 0.630526 0.000000 0.228450 0.623843 0.532225 0.344973 0.530858 0.344722 0.336196 0.549188 0.448116 0.789580 0.611826 0.264811 0.409308 0.952645 0.865196 0.562937 0.648567 0.989815 0.727418 0.833685 0.998842 0.580400 0.599913 0.493473 0.379992 0.328997 0.279770 0.785792 0.777868 0.740490 0.989797 0.753881 0.998924 0.963106 0.794928 0.394094 0.466422 0.470355 0.556819 0.506866 0.424125 0.859965 0.767625 0.743788 0.748021 0.795915 0.711913 0.857602 0.888232 0.739310 0.956240 0.510133 0.901400 0.313300 0.722705 0.445045 0.795189 0.716180 0.483177 0.312940 0.311924 0.798389 0.969323 0.506666 0.506941 0.926376 0.745059 0.964371 0.746304 0.515616 0.581098 0.840076 0.739109 0.893035 0.772679 0.775675 0.961304 0.644211 0.715352 0.823063 0.884468 0.958363 0.945842 0.383628 0.487079 0.531427 0.596300 0.783315 0.706649 0.836533 0.884558 0.446760 0.394977 0.467595 0.477620 0.701316 0.655579 0.730871 0.694125 0.951826 0.789022 0.883650 0.892769 0.822187 0.760824 0.622524 0.947831 0.952947 0.854762
0.420822 0.621869 0.474646 0.414589 0.892216 0.574085 0.228450 0.000000 0.579725 0.541077 0.325926 0.419249 0.411516 0.323420 0.663139 0.469334 0.635661 0.492958 0.242846 0.325579 0.895128 0.881210 0.656869 0.697814 0.998981 0.720926 0.790185 0.975335 0.485530 0.511691 0.511587 0.377087 0.306573 0.288270 0.836158 0.847725 0.678833 0.980012 0.752152 0.968175 0.992135 0.851148 0.351633 0.425501 0.435897 0.510610 0.499133 0.402976 0.775252 0.673470 0.685996 0.709505 0.759982 0.710934 0.920708 0.842368 0.568286 0.782424 0.493075 0.832566 0.345228 0.608033 0.456021 0.703488 0.789340 0.506965 0.389194 0.347089 0.919652 0.946349 0.543581 0.519976 0.841880 0.676825 0.896063 0.751459 0.477587 0.585852 0.782917 0.667709 0.776203 0.699128 0.765452 0.894292 0.766286 0.794881 0.934158 0.929364 0.984563 0.908018 0.395847 0.541368 0.538516 0.664418 0.760786 0.726597 0.804815 0.816792 0.409529 0.359853 0.474682 0.446443 0.602606 0.589934 0.735936 0.691014 0.939487 0.801781 0.865845 0.903685 0.812652 0.715344 0.615757 0.918152 0.879295 0.888824
0.682388 0.891396 0.751394 0.829654 0.880469 0.593131 0.623843 0.579725 0.000000 0.515382 0.576633 0.688305 0.708376 0.713813 0.784534 0.653462 0.757058 0.714678 0.669895 0.718024 0.792818 0.933468 0.995123 0.905586 0.791231 0.962158 0.880781 0.858759 0.630173 0.736023 0.813631 0.767795 0.701813 0.619782 0.932942 0.773425 0.771242 0.840572 0.876519 0.930453 0.962432 0.995837 0.525967 0.522175 0.548591 0.595643 0.727862 0.571205 0.740887 0.592065 0.697547 0.605431 0.586397 0.575070 0.868592 0.943510 0.775744 0.973303 0.657437 0.813816 0.545001 0.705335 0.802997 0.806044 0.878058 0.820293 0.778513 0.798804 0.881981 0.863119 0.758135 0.725111 0.890522 0.820233 0.999064 0.908971 0.563428 0.770759 0.930891 0.892523 0.947976 0.868214 0.884881 0.870640 0.881659 0.781973 0.991052 0.751160 0.829084 0.801219 0.507223 0.533209 0.670321 0.566265 0.914608 0.993733 0.892754 0.853562 0.511731 0.553993 0.653762 0.624472 0.573429 0.725304 0.946510 0.603649 0.795259 0.722175 0.996544 0.998527 0.931215 0.669732 0.607717 0.800311 0.820849 0.949779
0.639726 0.669291 0.956092 0.995803 0.930075 0.605049 0.532225 0.541077 0.515382 0.000000 0.531083 0.551371 0.754642 0.763388 0.771804 0.668587 0.605970 0.519814 0.680119 0.751824 0.738581 0.838519 0.866430 0.766524 0.528502 0.795681 0.667919 0.914542 0.565485 0.506456 0.993202 0.782155 0.795709 0.564075 0.739676 0.868467 0.874041 0.938972 0.890388 0.910931 0.983630 0.985310 0.547146 0.515441 0.297557 0.319328 0.767371 0.525350 0.466334 0.491994 0.529473 0.538237 0.535770 0.537160 0.791669 0.991036 0.585747 0.730570 0.582622 0.879477 0.462646 0.595303 0.629920 0.518352 0.782404 0.973658 0.778881 0.708839 0.899722 0.938837 0.777923 0.696975 0.964356 0.838804 0.963009 0.857140 0.620830 0.658060 0.759750 0.790554 0.883736 0.971410 0.987566 0.829132 0.786257 0.708254 0.931415 0.876275 0.778715 0.720990 0.501686 0.537100 0.626566 0.630508 0.771641 0.992426 0.692290 0.788008 0.434641 0.494970 0.591727 0.647493 0.563549 0.622203 0.954651 0.642402 0.834236 0.729165 0.974894 0.998221 0.726045 0.478932 0.588877 0.765384 0.871037 0.944580
0.388529 0.690605 0.672228 0.630092 0.927227 0.553380 0.344973 0.325926 0.576633 0.531083 0.000000 0.430260 0.388476 0.443582 0.796812 0.635115 0.596340 0.542648 0.321293 0.404496 0.910749 0.821664 0.877482 0.919167 0.751297 0.924285 0.724624 0.952470 0.507648 0.558778 0.701306 0.576427 0.466998 0.337236 0.888887 0.975552 0.775787 0.949081 0.863181 0.913877 0.949465 0.993087 0.467478 0.487378 0.460759 0.520640 0.488219 0.467453 0.709354 0.674478 0.717564 0.770406 0.779294 0.765308 0.851209 0.799535 0.581280 0.814929 0.428393 0.850832 0.285188 0.642268 0.338619 0.572954 0.995833 0.722463 0.476589 0.464724 0.967059 0.987428 0.601970 0.690324 0.903402 0.739821 0.952820 0.712995 0.596317 0.600260 0.974536 0.832530 0.760731 0.723947 0.915085 0.857536 0.887906 0.945753 0.918178 0.968379 0.939017 0.990634 0.496137 0.583678 0.659624 0.711866 0.811308 0.711063 0.807621 0.811753 0.431267 0.381410 0.464853 0.587123 0.610561 0.546107 0.844562 0.674154 0.932876 0.748177 0.939892 0.931749 0.893702 0.690400 0.547590 0.945671 0.924328 0.869419
0.357879 0.454908 0.936470 0.829891 0.828460 0.546719 0.530858 0.419249 0.688305 0.551371 0.430260 0.000000 0.663751 0.582341 0.981016 0.645417 0.443300 0.361696 0.500321 0.447411 0.950612 0.826208 0.984639 0.969372 0.756008 0.945586 0.706153 0.881670 0.510850 0.413392 0.847332 0.687668 0.535197 0.460662 0.977770 0.987164 0.674344 0.926679 0.883200 0.942724 0.781322 0.932252 0.579622 0.583778 0.440737 0.467516 0.646395 0.505577 0.619913 0.579315 0.709403 0.693600 0.766135 0.724316 0.940124 0.770579 0.416817 0.531133 0.493794 0.793946 0.479782 0.466942 0.468150 0.406370 0.828229 0.817971 0.620193 0.579081 0.840892 0.644749 0.769862 0.715381 0.789221 0.662218 0.952014 0.777270 0.630596 0.736493 0.777510 0.681539 0.513664 0.571747 0.837548 0.666701 0.962991 0.944029 0.898482 0.933061 0.936649 0.979601 0.576898 0.738877 0.670247 0.785491 0.715947 0.774471 0.734288 0.761490 0.488848 0.554995 0.578149 0.596868 0.591962 0.590531 0.880684 0.743682 0.839322 0.879347 0.997266 0.949352 0.826688 0.774187 0.652155 0.881826 0.826614 0.837100
0.544769 0.887969 0.462112 0.443061 0.789338 0.648803 0.344722 0.411516 0.708376 0.754642 0.388476 0.663751 0.000000 0.331954 0.508379 0.491755 0.885513 0.750539 0.342096 0.444837 0.918189 0.948880 0.543134 0.587184 0.923605 0.779547 0.994067 0.884876 0.719833 0.724606 0.576625 0.474404 0.419583 0.368654 0.714325 0.813349 0.893675 0.931088 0.844539 0.972478 0.912611 0.807802 0.462232 0.517850 0.737388 0.779137 0.477083 0.540727 0.931277 0.945601 0.930795 0.943976 0.941950 0.824230 0.748062 0.873263 0.812516 0.943903 0.574971 0.948436 0.403968 0.986775 0.367780 0.860741 0.675933 0.612069 0.372946 0.499205 0.874498 0.929650 0.492850 0.586249 0.951861 0.881794 0.935063 0.641018 0.580581 0.567386 0.984175 0.864572 0.890064 0.797666 0.770936 0.927507 0.575363 0.640652 0.793479 0.842771 0.804178 0.919490 0.506651 0.557925 0.665281 0.607517 0.921958 0.670586 0.907131 0.943702 0.560633 0.495063 0.596409 0.606975 0.717627 0.647534 0.782961 0.778737 0.903565 0.759341 0.873622 0.894070 0.958305 0.900362 0.741742 0.929026 0.994775 0.803940
0.520076 0.757978 0.443316 0.349955 0.797521 0.712575 0.336196 0.323420 0.713813 0.763388 0.443582 0.582341 0.331954 0.000000 0.534727 0.418897 0.826482 0.642625 0.305260 0.316445 0.960720 0.953851 0.529027 0.529986 0.822555 0.691073 0.976032 0.852342 0.635178 0.642552 0.457716 0.382592 0.338586 0.322951 0.696492 0.780480 0.674542 0.936791 0.755837 0.987852 0.942856 0.846101 0.426544 0.502602 0.697338 0.733324 0.500024 0.481994 0.929628 0.889451 0.833887 0.831270 0.864255 0.760920 0.842769 0.882663 0.734229 0.933397 0.607810 0.971249 0.469433 0.868385 0.462095 0.863356 0.624506 0.466167 0.366651 0.424520 0.947158 0.955050 0.524304 0.539420 0.868832 0.739534 0.906764 0.617735 0.516687 0.589612 0.818804 0.764797 0.793610 0.702992 0.701532 0.936474 0.592237 0.585054 0.852730 0.820315 0.826548 0.822926 0.444167 0.588690 0.608366 0.662425 0.869932 0.646200 0.889316 0.925882 0.531572 0.460803 0.545671 0.557033 0.733202 0.724683 0.697098 0.727664 0.949834 0.759592 0.795129 0.915500 0.877478 0.884159 0.728821 0.980995 0.886569 0.887554
0.913210 0.916984 0.501006 0.546131 0.814622 0.851304 0.549188 0.663139 0.784534 0.771804 0.796812 0.981016 0.508379 0.534727 0.000000 0.529076 0.826634 0.976068 0.670030 0.740887 0.976094 0.984854 0.526469 0.606596 0.778946 0.730195 0.777517 0.743413 0.920314 0.974610 0.649263 0.589495 0.680478 0.678989 0.768712 0.817140 0.983598 0.912585 0.867717 0.915203 0.818506 0.755137 0.552982 0.646960 0.863927 0.873308 0.695212 0.711537 0.851306 0.996630 0.951393 0.899074 0.894672 0.778964 0.935517 0.876548 0.931366 0.802493 0.854202 0.849762 0.683980 0.879768 0.805120 0.863041 0.478422 0.620288 0.574941 0.682119 0.644859 0.808293 0.570684 0.642934 0.896311 0.949881 0.886532 0.786525 0.593342 0.690795 0.942417 0.963710 0.813009 0.877043 0.800027 0.800075 0.580566 0.673944 0.718672 0.895315 0.975126 0.953256 0.581304 0.555127 0.706525 0.604477 0.971806 0.871000 0.998594 0.945192 0.716881 0.693172 0.885362 0.727872 0.866077 0.860810 0.759891 0.820136 0.794232 0.738223 0.904742 0.799525 0.901981 0.868364 0.899669 0.930678 0.999668 0.860637
0.614398 0.714378 0.576964 0.551622 0.671027 0.610077 0.448116 0.469334 0.653462 0.668587 0.635115 0.645417 0.491755 0.418897 0.529076 0.000000 0.837642 0.655052 0.513404 0.475602 0.885650 0.861729 0.574691 0.610031 0.825295 0.682243 0.993291 0.895286 0.736882 0.636924 0.560831 0.409823 0.452100 0.455809 0.757477 0.786481 0.720667 0.930471 0.827247 0.973206 0.937492 0.920803 0.495736 0.564334 0.639513 0.631951 0.672742 0.581199 0.947547 0.807956 0.751583 0.749696 0.818687 0.699284 0.950854 0.962982 0.742234 0.836874 0.695849 0.980226 0.568594 0.802288 0.656612 0.849081 0.704084 0.569248 0.477014 0.510818 0.822667 0.929340 0.633241 0.567420 0.858907 0.787777 0.929436 0.698361 0.567543 0.714724 0.754528 0.692836 0.726452 0.653170 0.675035 0.893542 0.613945 0.647076 0.891036 0.909456 0.996473 0.972037 0.469105 0.659186 0.604778 0.629054 0.845772 0.824865 0.735454 0.950749 0.594311 0.627263 0.649435 0.636976 0.741945 0.824534 0.824597 0.885212 0.782464 0.812362 0.926705 0.976550 0.834817 0.814151 0.752387 0.990572 0.942524 0.954071
0.399877 0.332367 0.829590 0.910910 0.946985 0.665904 0.789580 0.635661 0.757058 0.605970 0.596340 0.443300 0.885513 0.826482 0.826634 0.837642 0.000000 0.320108 0.722112 0.701918 0.964673 0.861665 0.727845 0.757648 0.727332 0.771940 0.707198 0.835769 0.494237 0.369105 0.969703 0.868669 0.794787 0.652162 0.743996 0.875081 0.857439 0.842619 0.950720 0.757794 0.861251 0.874196 0.680058 0.588044 0.502895 0.490196 0.818562 0.683409 0.539441 0.510943 0.643456 0.644532 0.800780 0.760418 0.839347 0.750279 0.301426 0.358908 0.695143 0.786793 0.682984 0.506856 0.655235 0.345977 0.626901 0.972047 0.902812 0.838281 0.707679 0.653204 0.928626 0.849258 0.840335 0.747984 0.906671 0.767970 0.761490 0.839436 0.795788 0.641448 0.453581 0.674513 0.932883 0.596809 0.707430 0.789979 0.788525 0.793136 0.759238 0.931034 0.735057 0.881781 0.817121 0.964426 0.657470 0.871746 0.702567 0.788479 0.593352 0.596498 0.754519 0.771576 0.658937 0.695991 0.971589 0.906622 0.799457 0.968274 0.940273 0.922025 0.773880 0.665503 0.653481 0.829299 0.821711 0.828281
0.380349 0.329524 0.965753 0.919017 0.934728 0.595762 0.611826 0.492958 0.714678 0.519814 0.542648 0.361696 0.750539 0.642625 0.976068 0.655052 0.320108 0.000000 0.570523 0.596050 0.967902 0.963840 0.899630 0.919583 0.769259 0.905423 0.712847 0.824136 0.491101 0.318555 0.860078 0.653872 0.624232 0.544401 0.838530 0.951659 0.793708 0.937218 0.954291 0.843538 0.939046 0.937943 0.557921 0.513342 0.412469 0.369866 0.744116 0.525615 0.592063 0.509124 0.645342 0.580183 0.764384 0.712685 0.923494 0.786988 0.283526 0.382360 0.673403 0.876431 0.585481 0.543964 0.563343 0.340003 0.740492 0.912474 0.711297 0.705664 0.800735 0.661340 0.785214 0.710995 0.824476 0.677033 0.896243 0.760628 0.639039 0.694392 0.607612 0.542529 0.414845 0.582807 0.832880 0.616958 0.834031 0.900630 0.830865 0.841428 0.889066 0.964044 0.570200 0.742217 0.644656 0.810903 0.767323 0.795721 0.600028 0.885272 0.494284 0.499686 0.598924 0.653641 0.587331 0.675451 0.853847 0.766176 0.764756 0.975767 0.941966 0.935773 0.812127 0.664080 0.607036 0.844035 0.797236 0.843190
0.422994 0.694961 0.446485 0.377326 0.849347 0.576748 0.264811 0.242846 0.669895 0.680119 0.321293 0.500321 0.342096 0.305260 0.670030 0.513404 0.722112 0.570523 0.000000 0.327036 0.985168 0.882259 0.611634 0.617177 0.916701 0.701374 0.887923 0.902709 0.592260 0.592940 0.477205 0.375924 0.319398 0.297598 0.753639 0.857228 0.747414 0.983018 0.792851 0.965600 0.993404 0.893732 0.421481 0.469185 0.594111 0.644688 0.508753 0.461028 0.940155 0.825038 0.856697 0.887293 0.917375 0.889270 0.826493 0.812694 0.618370 0.871925 0.560748 0.941227 0.390988 0.783408 0.430677 0.785915 0.742819 0.521944 0.346405 0.365915 0.907462 0.994689 0.518550 0.599631 0.879056 0.755091 0.902978 0.733323 0.560703 0.600044 0.803132 0.723030 0.771203 0.663078 0.786756 0.948315 0.672023 0.711193 0.886039 0.860174 0.853692 0.864203 0.458138 0.583371 0.602086 0.700631 0.867212 0.706234 0.869529 0.873961 0.454709 0.400205 0.483129 0.506958 0.657886 0.619411 0.691194 0.736693 0.954246 0.851777 0.930708 0.880924 0.920133 0.753044 0.652225 0.942485 0.941086 0.908055
0.389533 0.607785 0.606869 0.489111 0.804144 0.617500 0.409308 0.325579 0.718024 0.751824 0.404496 0.447411 0.444837 0.316445 0.740887 0.475602 0.701918 0.596050 0.327036 0.000000 0.984875 0.929792 0.713820 0.666454 0.899442 0.745092 0.876660 0.903532 0.578730 0.623551 0.592308 0.444650 0.330759 0.360300 0.786381 0.832856 0.640688 0.927814 0.769921 0.925948 0.933164 0.943300 0.496248 0.540075 0.628658 0.669955 0.520348 0.520055 0.857190 0.750162 0.800130 0.864325 0.854130 0.874497 0.875720 0.801395 0.590506 0.747675 0.514225 0.898537 0.487132 0.700232 0.473806 0.761896 0.817779 0.608443 0.463076 0.462272 0.921810 0.884727 0.601796 0.630062 0.777128 0.678064 0.884874 0.743919 0.581918 0.669574 0.904940 0.710758 0.680145 0.544047 0.661530 0.846725 0.679385 0.707405 0.863984 0.846821 0.922294 0.874218 0.548295 0.750860 0.698916 0.826524 0.805247 0.702953 0.909058 0.831236 0.535615 0.498752 0.605302 0.626896 0.685356 0.665429 0.739622 0.761983 0.895239 0.905737 0.814535 0.963574 0.920845 0.821856 0.692454 0.991859 0.959185 0.982709
0.937919 0.960794 0.929220 0.947755 0.828174 0.956832 0.952645 0.895128 0.792818 0.738581 0.910749 0.950612 0.918189 0.960720 0.976094 0.885650 0.964673 0.967902 0.985168 0.984875 0.000000 0.960516 0.747274 0.753503 0.762933 0.921204 0.963035 0.985606 0.786623 0.995036 0.841695 0.955120 0.853698 0.932789 0.800229 0.735357 0.992460 0.881291 0.936016 0.773724 0.973216 0.921058 0.918120 0.925907 0.829528 0.844095 0.833159 0.899962 0.750353 0.814201 0.870638 0.852219 0.856016 0.972014 0.868011 0.950843 0.866228 0.985496 0.901283 0.949022 0.969788 0.871833 0.987352 0.910528 0.841356 0.858664 0.809741 0.874744 0.971924 0.942710 0.897873 0.921170 0.827850 0.934671 0.886951 0.777991 0.906441 0.998035 0.973364 0.928369 0.767484 0.747942 0.858332 0.850332 0.670810 0.614216 0.987021 0.688279 0.930295 0.947498 0.956609 0.873683 0.986962 0.953351 0.831575 0.988301 0.994646 0.789888 0.885617 0.829460 0.993413 0.923276 0.792263 0.843747 0.994431 0.862722 0.966008 0.789967 0.907488 0.939653 0.811499 0.750753 0.823519 0.893194 0.916330 0.839398
0.903499 0.892689 0.991890 0.992239 0.951081 0.850625 0.865196 0.881210 0.933468 0.838519 0.821664 0.826208 0.948880 0.953851 0.984854 0.861729 0.861665 0.963840 0.882259 0.929792 0.960516 0.000000 0.997128 0.904404 0.838595 0.856395 0.824089 0.882398 0.910142 0.863121 0.902749 0.953795 0.917400 0.922272 0.966759 0.941119 0.882933 0.897886 0.982005 0.899037 0.919097 0.900649 0.892971 0.914271 0.874990 0.895400 0.982396 0.995997 0.863720 0.853732 0.931768 0.980607 0.908900 0.937587 0.993831 0.852272 0.937303 0.923274 0.875373 0.926337 0.870957 0.828138 0.919501 0.918336 0.959585 0.977834 0.924417 0.864756 0.939921 0.986069 0.964811 0.997249 0.841844 0.986767 0.901728 0.924730 0.971009 0.911305 0.907678 0.941444 0.862223 0.978709 0.912425 0.988417 0.998179 0.898836 0.965710 0.954646 0.834067 0.839226 0.958380 0.931349 0.973470 0.917787 0.856814 0.961976 0.954319 0.969756 0.892358 0.978578 0.915251 0.859352 0.880605 0.887648 0.781496 0.976992 0.863444 0.892193 0.974305 0.843195 0.960081 0.846088 0.919566 0.982816 0.915279 0.876541
0.991301 0.813622 0.354098 0.328020 0.771683 0.933032 0.562937 0.656869 0.995123 0.866430 0.877482 0.984639 0.543134 0.529027 0.526469 0.574691 0.727845 0.899630 0.611634 0.713820 0.747274 0.997128 0.000000 0.288843 0.441874 0.500004 0.679617 0.785291 0.896082 0.983052 0.418823 0.467465 0.508499 0.642057 0.449673 0.567566 0.858882 0.930432 0.730830 0.919587 0.992077 0.766628 0.795488 0.887832 0.877621 0.840380 0.775639 0.824737 0.540515 0.738063 0.926583 0.927610 0.934740 0.906490 0.751078 0.995771 0.760787 0.736138 0.988598 0.979272 0.780692 0.873648 0.833963 0.712718 0.350417 0.357745 0.426117 0.476056 0.768157 0.746263 0.593644 0.642604 0.920618 0.946944 0.907639 0.871145 0.786487 0.789836 0.921342 0.835618 0.982470 0.819829 0.725125 0.822846 0.288634 0.319843 0.794233 0.675342 0.770454 0.666919 0.716717 0.779884 0.737048 0.716024 0.941425 0.851855 0.888366 0.919595 0.979408 0.864029 0.919269 0.749701 0.926336 0.998515 0.812217 0.906041 0.935246 0.926077 0.975879 0.869947 0.983977 0.756554 0.879229 0.947421 0.977572 0.826309
0.986178 0.925771 0.442724 0.337111 0.878212 0.907433 0.648567 0.697814 0.905586 0.766524 0.919167 0.969372 0.587184 0.529986 0.606596 0.610031 0.757648 0.919583 0.617177 0.666454 0.753503 0.904404 0.288843 0.000000 0.397620 0.558980 0.676440 0.726361 0.855906 0.969155 0.424554 0.453816 0.549891 0.643546 0.524407 0.663913 0.899884 0.981211 0.674253 0.991137 0.995920 0.750694 0.828811 0.910234 0.831989 0.798582 0.748585 0.868862 0.548276 0.677422 0.855083 0.819469 0.788705 0.916059 0.697626 0.997359 0.867051 0.785721 0.956813 0.921360 0.926536 0.793379 0.873164 0.688189 0.465174 0.461211 0.514287 0.558340 0.893440 0.743016 0.632615 0.716453 0.945543 0.906476 0.867845 0.865185 0.856794 0.825792 0.905331 0.828286 0.974416 0.724530 0.653668 0.904731 0.342130 0.289589 0.830619 0.548278 0.698027 0.670893 0.837615 0.916971 0.851298 0.924837 0.949242 0.844851 0.921673 0.908724 0.970249 0.923875 0.948589 0.842755 0.900222 0.987390 0.768589 0.961108 0.909480 0.989892 0.915661 0.898542 0.983708 0.792304 0.839499 0.890215 0.994444 0.852806
0.858223 0.881007 0.618605 0.562205 0.901106 0.920497 0.989815 0.998981 0.791231 0.528502 0.751297 0.756008 0.923605 0.822555 0.778946 0.825295 0.727332 0.769259 0.916701 0.899442 0.762933 0.838595 0.441874 0.397620 0.000000 0.502573 0.532844 0.807691 0.736750 0.804707 0.556026 0.669666 0.800743 0.987666 0.599410 0.679301 0.974196 0.871356 0.794922 0.959560 0.920623 0.812930 0.980739 0.897523 0.545435 0.585308 0.970068 0.923516 0.476096 0.627666 0.710213 0.671077 0.649060 0.746211 0.916303 0.903533 0.785920 0.842184 0.684254 0.999434 0.794945 0.821336 0.761277 0.545383 0.427856 0.536488 0.834906 0.860297 0.957929 0.809970 0.849385 0.942001 0.995665 0.921094 0.894572 0.920454 0.978867 0.926497 0.998680 0.844183 0.999404 0.863418 0.756571 0.810076 0.467151 0.439269 0.873693 0.774586 0.782079 0.683300 0.866912 0.800686 0.917827 0.866345 0.828056 0.972411 0.821130 0.912660 0.713359 0.837165 0.781872 0.985780 0.750646 0.764263 0.887357 0.796649 0.875959 0.911545 0.962447 0.935308 0.993298 0.719282 0.684833 0.841607 0.997946 0.890862
0.993708 0.936236 0.462154 0.473017 0.916495 0.913135 0.727418 0.720926 0.962158 0.795681 0.924285 0.945586 0.779547 0.691073 0.730195 0.682243 0.771940 0.905423 0.701374 0.745092 0.921204 0.856395 0.500004 0.558980 0.502573 0.000000 0.787001 0.917575 0.998184 0.879444 0.532263 0.628117 0.653803 0.831891 0.673725 0.676407 0.884250 0.859022 0.877654 0.972456 0.963736 0.848308 0.758937 0.912525 0.888314 0.912050 0.849338 0.910077 0.772155 0.880596 0.891860 0.821472 0.859417 0.870301 0.792896 0.941456 0.903344 0.825584 0.952147 0.961432 0.905919 0.983409 0.930621 0.641651 0.440205 0.478268 0.670034 0.703402 0.799318 0.846707 0.856240 0.814986 0.944971 0.955371 0.846833 0.990045 0.884545 0.910696 0.935048 0.879696 0.955127 0.924642 0.854767 0.778530 0.557055 0.599894 0.875306 0.846164 0.892970 0.935614 0.892924 0.993723 0.896574 0.958262 0.864109 0.883097 0.875936 0.951248 0.944243 0.932637 0.896382 0.884968 0.958886 0.855721 0.825758 0.926676 0.963095 0.983265 0.896002 0.960777 0.924898 0.889275 0.938217 0.800827 0.917040 0.915835
0.791322 0.830076 0.872119 0.857855 0.962456 0.878894 0.833685 0.790185 0.880781 0.667919 0.724624 0.706153 0.994067 0.976032 0.777517 0.993291 0.707198 0.712847 0.887923 0.876660 0.963035 0.824089 0.679617 0.676440 0.532844 0.787001 0.000000 0.661290 0.723463 0.709715 0.884511 0.931500 0.858605 0.817526 0.697284 0.939740 0.879010 0.955241 0.903599 0.991939 0.921129 0.934353 0.834369 0.873333 0.591989 0.659533 0.872399 0.899719 0.578453 0.673696 0.764436 0.758121 0.714684 0.850515 0.869230 0.952032 0.772270 0.798493 0.719465 0.954993 0.771294 0.760810 0.757553 0.645846 0.644557 0.799078 0.994654 0.893771 0.963766 0.861164 0.921815 0.838122 0.843861 0.782655 0.978210 0.974591 0.984839 0.917708 0.898723 0.893014 0.918173 0.914867 0.819740 0.626888 0.682026 0.681894 0.856864 0.936229 0.727031 0.785550 0.793635 0.831682 0.788482 0.965000 0.931671 0.847635 0.741692 0.962326 0.724582 0.868024 0.709510 0.863885 0.860226 0.798119 0.933694 0.920963 0.921483 0.928299 0.816149 0.948368 0.966742 0.767826 0.680707 0.972700 0.920033 0.972712
0.979194 0.844450 0.855916 0.746731 0.930499 0.870666 0.998842 0.975335 0.858759 0.914542 0.952470 0.881670 0.884876 0.852342 0.743413 0.895286 0.835769 0.824136 0.902709 0.903532 0.985606 0.882398 0.785291 0.726361 0.807691 0.917575 0.661290 0.000000 0.989167 0.829595 0.742408 0.910611 0.933497 0.991808 0.690709 0.879224 0.980608 0.980974 0.954610 0.882278 0.941330 0.962370 0.922094 0.887072 0.843232 0.871741 0.988860 0.976214 0.737605 0.845726 0.875633 0.835449 0.986424 0.955814 0.995012 0.958629 0.919083 0.752678 0.976626 0.730629 0.861386 0.675288 0.913391 0.684975 0.797649 0.950685 0.897557 0.981537 0.906331 0.952089 0.856166 0.833130 0.860717 0.909038 0.833173 0.984738 0.812974 0.982292 0.872099 0.841034 0.850439 0.896495 0.920549 0.789058 0.813313 0.837210 0.932508 0.895555 0.993216 0.987269 0.869708 0.859202 0.863357 0.777034 0.813341 0.971333 0.916821 0.883770 0.992149 0.958547 0.949682 0.867766 0.886578 0.854677 0.871112 0.988175 0.983615 0.820873 0.967375 0.765749 0.881516 0.806043 0.996066 0.957036 0.889060 0.972605
0.521489 0.563113 0.840183 0.826392 0.994890 0.784524 0.580400 0.485530 0.630173 0.565485 0.507648 0.510850 0.719833 0.635178 0.920314 0.736882 0.494237 0.491101 0.592260 0.578730 0.786623 0.910142 0.896082 0.855906 0.736750 0.998184 0.723463 0.989167 0.000000 0.490408 0.848622 0.767218 0.657660 0.613992 0.940812 0.918292 0.731459 0.948372 0.884708 0.795343 0.899880 0.981792 0.579378 0.557899 0.459731 0.481625 0.723127 0.543953 0.566042 0.494652 0.602625 0.590021 0.654101 0.655276 0.943941 0.767968 0.489176 0.628667 0.514426 0.792423 0.549557 0.559149 0.617256 0.589210 0.891537 0.904027 0.741526 0.753450 0.933887 0.634143 0.853460 0.717047 0.657662 0.668573 0.926768 0.782795 0.599204 0.769329 0.824880 0.773221 0.752104 0.869411 0.933795 0.760913 0.862895 0.845419 0.973367 0.759818 0.777776 0.784635 0.563971 0.758152 0.728157 0.778504 0.726752 0.752375 0.755705 0.899007 0.554785 0.554365 0.662538 0.682118 0.597747 0.751986 0.869012 0.878120 0.808832 0.713095 0.783095 0.964579 0.730276 0.789021 0.592616 0.803990 0.903072 0.884130
0.476871 0.371101 0.995415 0.904049 0.904936 0.649973 0.599913 0.511691 0.736023 0.506456 0.558778 0.413392 0.724606 0.642552 0.974610 0.636924 0.369105 0.318555 0.592940 0.623551 0.995036 0.863121 0.983052 0.969155 0.804707 0.879444 0.709715 0.829595 0.490408 0.000000 0.871564 0.709516 0.626053 0.532290 0.777922 0.940630 0.876283 0.945506 0.858157 0.822272 0.933798 0.977076 0.596780 0.549749 0.462010 0.437226 0.780140 0.557734 0.635037 0.556762 0.565138 0.550871 0.738538 0.622631 0.937872 0.787085 0.389037 0.440379 0.654341 0.751790 0.570855 0.561676 0.521357 0.390699 0.771831 0.863249 0.726959 0.674072 0.803318 0.757943 0.799750 0.764547 0.795387 0.746412 0.902493 0.738628 0.690328 0.741220 0.629863 0.488199 0.431826 0.579929 0.813760 0.613788 0.911830 0.997489 0.857196 0.928236 0.922978 0.987699 0.599306 0.748193 0.669125 0.825960 0.710430 0.823503 0.640237 0.886972 0.516602 0.604175 0.676408 0.636375 0.644429 0.713817 0.940846 0.795605 0.764778 0.930700 0.925903 0.889008 0.708340 0.694227 0.708153 0.793994 0.816373 0.928093
0.804202 0.984484 0.350381 0.320412 0.851635 0.799528 0.493473 0.511587 0.813631 0.993202 0.701306 0.847332 0.576625 0.457716 0.649263 0.560831 0.969703 0.860078 0.477205 0.592308 0.841695 0.902749 0.418823 0.424554 0.556026 0.532263 0.884511 0.742408 0.848622 0.871564 0.000000 0.396190 0.431035 0.554184 0.551229 0.783427 0.749287 0.963500 0.740915 0.976604 0.929466 0.740713 0.637291 0.705434 0.917718 0.945235 0.757720 0.716340 0.789780 0.931355 0.997557 0.950636 0.975360 0.967675 0.869925 0.942673 0.940588 0.907060 0.907137 0.982513 0.720894 0.986369 0.862429 0.813641 0.502338 0.451987 0.501794 0.507053 0.883175 0.954875 0.486413 0.506738 0.816859 0.659428 0.847961 0.706829 0.661717 0.807072 0.787606 0.774131 0.941620 0.823099 0.774519 0.975702 0.518409 0.518452 0.921334 0.804284 0.875229 0.862264 0.638655 0.754546 0.659239 0.787552 0.970746 0.810184 0.891562 0.966200 0.856792 0.706955 0.636428 0.659031 0.938346 0.928199 0.723157 0.947593 0.865053 0.809135 0.926275 0.945503 0.936150 0.865785 0.954245 0.893254 0.987667 0.877651
0.631245 0.769759 0.415879 0.368791 0.794139 0.683933 0.379992 0.377087 0.767795 0.782155 0.576427 0.687668 0.474404 0.382592 0.589495 0.409823 0.868669 0.653872 0.375924 0.444650 0.955120 0.953795 0.467465 0.453816 0.669666 0.628117 0.931500 0.910611 0.767218 0.709516 0.396190 0.000000 0.393495 0.411805 0.651756 0.699798 0.722011 0.915507 0.705843 0.926743 0.992272 0.843389 0.533771 0.577901 0.707379 0.736555 0.562753 0.502687 0.972977 0.854923 0.802592 0.823828 0.920852 0.845200 0.759408 0.969498 0.752330 0.888193 0.705270 0.892222 0.560281 0.827749 0.644484 0.934495 0.616917 0.451324 0.391404 0.393333 0.894516 0.883962 0.559528 0.581945 0.857394 0.715821 0.911950 0.702028 0.583256 0.596478 0.765589 0.614314 0.790228 0.623458 0.634660 0.898345 0.553493 0.541055 0.805216 0.771614 0.889513 0.752908 0.531729 0.670584 0.661055 0.732570 0.843851 0.822588 0.898045 0.917831 0.699022 0.572506 0.667303 0.634025 0.810706 0.755125 0.732661 0.786824 0.984992 0.827838 0.943039 0.964675 0.847970 0.895039 0.871099 0.951903 0.921049 0.917137
0.523220 0.746902 0.453671 0.398208 0.799837 0.676171 0.328997 0.306573 0.701813 0.795709 0.466998 0.535197 0.419583 0.338586 0.680478 0.452100 0.794787 0.624232 0.319398 0.330759 0.853698 0.917400 0.508499 0.549891 0.800743 0.653803 0.858605 0.933497 0.657660 0.626053 0.431035 0.393495 0.000000 0.378048 0.715181 0.754626 0.643691 0.890907 0.729768 0.870713 0.994677 0.819508 0.468322 0.576088 0.641013 0.699890 0.535449 0.566866 0.997853 0.854728 0.814795 0.866232 0.877153 0.812099 0.920710 0.772173 0.743570 0.891536 0.584135 0.865049 0.444283 0.749053 0.519797 0.842128 0.669935 0.436381 0.356917 0.350932 0.935858 0.965888 0.505855 0.522100 0.782341 0.693825 0.868347 0.712643 0.548614 0.706382 0.805995 0.634504 0.722201 0.599157 0.717892 0.917097 0.570549 0.584030 0.903548 0.823992 0.952456 0.860954 0.484099 0.658773 0.610296 0.745628 0.906197 0.730970 0.866607 0.989014 0.582970 0.544291 0.580866 0.548343 0.725812 0.721880 0.758122 0.818879 0.940741 0.901015 0.834991 0.953798 0.981971 0.929272 0.729453 0.903025 0.973995 0.877584
0.474001 0.686299 0.519228 0.481817 0.829180 0.551355 0.279770 0.288270 0.619782 0.564075 0.337236 0.460662 0.368654 0.322951 0.678989 0.455809 0.652162 0.544401 0.297598 0.360300 0.932789 0.922272 0.642057 0.643546 0.987666 0.831891 0.817526 0.991808 0.613992 0.532290 0.554184 0.411805 0.378048 0.000000 0.827492 0.849706 0.715555 0.961506 0.655905 0.993599 0.993427 0.809768 0.464538 0.482647 0.524532 0.592489 0.501379 0.433089 0.855515 0.768473 0.727228 0.730617 0.802272 0.705354 0.907669 0.963130 0.646186 0.859334 0.542764 0.850261 0.353854 0.720633 0.414519 0.695185 0.823331 0.537641 0.382581 0.348778 0.992003 0.985388 0.551597 0.596405 0.851748 0.710831 0.858015 0.647436 0.622290 0.563372 0.859728 0.671509 0.749686 0.621689 0.769259 0.814520 0.685537 0.703130 0.872255 0.822502 0.893264 0.907468 0.455148 0.603577 0.615235 0.679487 0.801087 0.748592 0.860293 0.866056 0.483194 0.451121 0.506221 0.587470 0.727288 0.639413 0.743201 0.739621 0.896585 0.839969 0.882270 0.911574 0.887609 0.750361 0.632475 0.939189 0.872649 0.941422
0.913372 0.761169 0.534208 0.513437 0.803410 0.968063 0.785792 0.836158 0.932942 0.739676 0.888887 0.977770 0.714325 0.696492 0.768712 0.757477 0.743996 0.838530 0.753639 0.786381 0.800229 0.966759 0.449673 0.524407 0.599410 0.673725 0.697284 0.690709 0.940812 0.777922 0.551229 0.651756 0.715181 0.827492 0.000000 0.783815 0.766777 0.934539 0.904765 0.991654 0.913370 0.977431 0.886714 0.891499 0.819551 0.811650 0.826131 0.899414 0.634240 0.815272 0.806010 0.867715 0.927541 0.978418 0.774092 0.996101 0.761828 0.733063 0.884343 0.913919 0.913260 0.821340 0.938646 0.713368 0.501247 0.632725 0.582791 0.669555 0.765910 0.828782 0.726496 0.730126 0.856102 0.790823 0.971262 0.901319 0.814124 0.949514 0.998481 0.981955 0.961388 0.904489 0.866536 0.785437 0.491419 0.590057 0.830347 0.916673 0.786830 0.787478 0.742764 0.820897 0.751615 0.681861 0.890375 0.921423 0.846234 0.973632 0.937415 0.908698 0.928873 0.767344 0.954685 0.959315 0.749356 0.874780 0.895938 0.809220 0.999916 0.926571 0.939049 0.672817 0.925244 0.903848 0.988822 0.884330
0.961230 0.905555 0.692937 0.681044 0.789258 0.943133 0.777868 0.847725 0.773425 0.868467 0.975552 0.987164 0.813349 0.780480 0.817140 0.786481 0.875081 0.951659 0.857228 0.832856 0.735357 0.941119 0.567566 0.663913 0.679301 0.676407 0.939740 0.879224 0.918292 0.940630 0.783427 0.699798 0.754626 0.849706 0.783815 0.000000 0.953326 0.907605 0.995543 0.993035 0.912850 0.884423 0.984894 0.956491 0.978912 0.945123 0.753036 0.923862 0.839833 0.945213 0.931354 0.966294 0.919017 0.952648 0.773852 0.914642 0.810335 0.943411 0.999629 0.933739 0.848361 0.934369 0.844658 0.903157 0.665213 0.594162 0.627705 0.645347 0.949930 0.891474 0.947675 0.819281 0.931681 0.900616 0.856990 0.980984 0.899748 0.933486 0.973132 0.959065 0.937172 0.767015 0.715887 0.980159 0.506943 0.516729 0.905539 0.705323 0.928453 0.798873 0.929466 0.978873 0.874092 0.989877 0.972795 0.863779 0.837710 0.982531 0.878916 0.998319 0.928289 0.925533 0.832044 0.998914 0.886721 0.954934 0.997321 0.879544 0.979938 0.994383 0.988210 0.892101 0.911521 0.873228 0.983149 0.921343
0.825861 0.903557 0.753528 0.764846 0.842764 0.907801 0.740490 0.678833 0.771242 0.874041 0.775787 0.674344 0.893675 0.674542 0.983598 0.720667 0.857439 0.793708 0.747414 0.640688 0.992460 0.882933 0.858882 0.899884 0.974196 0.884250 0.879010 0.980608 0.731459 0.876283 0.749287 0.722011 0.643691 0.715555 0.766777 0.953326 0.000000 0.948790 0.848396 0.795005 0.751463 0.836124 0.801576 0.830055 0.786720 0.870203 0.835210 0.830368 0.909437 0.797881 0.770679 0.802351 0.778632 0.761980 0.973427 0.907995 0.888307 0.890144 0.753129 0.770617 0.768196 0.696517 0.929461 0.933764 0.850475 0.709702 0.747459 0.646297 0.997389 0.859817 0.869637 0.779308 0.765988 0.746753 0.888765 0.737757 0.759538 0.979408 0.901022 0.808251 0.892684 0.879656 0.923622 0.844700 0.915859 0.943150 0.953336 0.981389 0.998911 0.908773 0.754369 0.853750 0.826846 0.868209 0.651082 0.904197 0.947767 0.925316 0.870672 0.860976 0.814790 0.878303 0.905962 0.998979 0.988458 0.916866 0.940306 0.845991 0.758477 0.909179 0.852035 0.969724 0.865929 0.894317 0.995145 0.938361
0.951663 0.985367 0.965272 0.961830 0.914057 0.947877 0.989797 0.980012 0.840572 0.938972 0.949081 0.926679 0.931088 0.936791 0.912585 0.930471 0.842619 0.937218 0.983018 0.927814 0.881291 0.897886 0.930432 0.981211 0.871356 0.859022 0.955241 0.980974 0.948372 0.945506 0.963500 0.915507 0.890907 0.961506 0.934539 0.907605 0.948790 0.000000 0.918298 0.880637 0.928689 0.993994 0.954699 0.959280 0.949612 0.967126 0.998067 0.956942 0.980189 0.943849 0.986951 0.939587 0.938670 0.952736 0.888608 0.873065 0.982622 0.954577 0.992704 0.751564 0.943017 0.778410 0.912283 0.952115 0.904133 0.797888 0.929475 0.913053 0.984459 0.923673 0.946765 0.957689 0.943888 0.971402 0.942897 0.933405 0.918162 0.782177 0.979523 0.937105 0.911555 0.938182 0.995112 0.993657 0.968203 0.993191 0.993902 0.873759 0.808206 0.811872 0.957979 0.970291 0.903865 0.962096 0.912366 0.976902 0.924573 0.964169 0.963803 0.947721 0.954035 0.963311 0.966776 0.925948 0.832908 0.975694 0.813687 0.880849 0.978875 0.977674 0.917569 0.983704 0.864235 0.956298 0.864549 0.941183
