0.000000 0.450508 0.959308 0.900597 0.820353 0.643754 0.578974 0.594680 0.816215 0.574652 0.482981 0.547044 0.504478 0.591008 0.777828 0.879160 0.501836 0.428741 0.562173 0.589486 0.786202 0.930558 0.877555 0.792278 0.770390 0.795570 0.796391 0.849186 0.526131 0.584443 0.834909 0.959595 0.713355 0.625683 0.946463 0.796778 0.892803 0.895871 0.850920 0.882743 0.984504 0.826842 0.814291 0.731705 0.675735 0.627790 0.584212 0.633212 0.642070 0.614696 0.706415 0.636661 0.937993 0.958146 0.781131 0.615127 0.454261 0.418203 0.332458 0.347954 0.387859 0.566747 0.479505 0.473706 0.915343 0.907359 0.853787 0.867413 0.751144 0.720325 0.938098 0.988384 0.947627 0.940524 0.988143 0.943082 0.747150 0.915238 0.665276 0.829690 0.447646 0.593088 0.972739 0.720106 0.871739 0.993362 0.744784 0.823819 0.790441 0.677136 0.833979 0.729278 0.840230 0.898115 0.965744 0.754502 0.643112 0.824156 0.469160 0.472029 0.776565 0.636196 0.675093 0.634305 0.607381 0.652701 0.877415 0.757041 0.841000 0.777697 0.671385 0.711094 0.527700 0.905502 0.680428 0.918585
0.450508 0.000000 0.715647 0.593849 0.935359 0.673299 0.468401 0.527400 0.898983 0.789409 0.693008 0.672364 0.793455 0.598447 0.989307 0.888737 0.625879 0.539371 0.534990 0.476956 0.870929 0.880148 0.903145 0.853779 0.905684 0.876823 0.910944 0.913779 0.724845 0.630121 0.764212 0.630439 0.498227 0.458452 0.827220 0.984979 0.933785 0.861057 0.962630 0.751083 0.944671 0.844201 0.508155 0.481908 0.604195 0.592378 0.525081 0.484160 0.766549 0.574362 0.535624 0.508754 0.776565 0.915274 0.740260 0.545882 0.460906 0.430156 0.480050 0.365808 0.467671 0.524614 0.715185 0.650804 0.897548 0.639420 0.597789 0.562992 0.816429 0.654400 0.675191 0.739124 0.684445 0.680059 0.823714 0.983124 0.705082 0.729062 0.737229 0.743341 0.539698 0.624884 0.813761 0.753993 0.802587 0.683517 0.853343 0.957036 0.790342 0.555187 0.791003 0.905139 0.766638 0.977423 0.994268 0.797551 0.644895 0.925579 0.566020 0.607005 0.777168 0.763800 0.724746 0.792828 0.561520 0.561540 0.861521 0.791886 0.824383 0.731633 0.623646 0.772611 0.624605 0.771408 0.594033 0.996475
0.959308 0.715647 0.000000 0.284868 0.934281 0.839362 0.635550 0.781699 0.942215 0.815916 0.658721 0.839364 0.939787 0.948401 0.985344 0.889737 0.747617 0.785851 0.796570 0.629231 0.476469 0.785407 0.383686 0.420662 0.369649 0.321411 0.878436 0.786457 0.684836 0.763712 0.428803 0.582168 0.571809 0.655687 0.557209 0.708205 0.490949 0.714685 0.647510 0.630903 0.772500 0.943797 0.565199 0.720872 0.944070 0.866750 0.641942 0.667186 0.613717 0.937038 0.971982 0.970628 0.963482 0.956115 0.844157 0.990956 0.981085 0.999770 0.989040 0.786536 0.865453 0.848057 0.611373 0.662223 0.287937 0.305303 0.405411 0.436673 0.778113 0.779782 0.421470 0.484720 0.646632 0.701685 0.828719 0.845607 0.810176 0.618561 0.771726 0.709638 0.883644 0.927423 0.935925 0.835798 0.589644 0.503002 0.924391 0.748418 0.740267 0.868129 0.696946 0.818342 0.635246 0.710952 0.871732 0.737610 0.813210 0.962641 0.909935 0.850994 0.842037 0.904905 0.968795 0.900039 0.744448 0.602880 0.770611 0.895161 0.924372 0.910915 0.720337 0.918481 0.952188 0.873685 0.815791 0.831132
0.900597 0.593849 0.284868 0.000000 0.963055 0.730078 0.519811 0.578352 0.922214 0.954533 0.770887 0.917346 0.935426 0.836669 0.872032 0.819142 0.866054 0.901224 0.701555 0.494555 0.493986 0.840325 0.443064 0.382926 0.452478 0.368929 0.951779 0.839188 0.775980 0.906409 0.387292 0.504539 0.541950 0.537675 0.584496 0.714524 0.602335 0.655312 0.676257 0.704957 0.802947 0.880250 0.514302 0.669391 0.935441 0.965057 0.485221 0.562155 0.678493 0.991389 0.826835 0.888590 0.962942 0.909959 0.846423 0.883015 0.950188 0.979357 0.932173 0.720165 0.781046 0.612452 0.732116 0.816750 0.440924 0.221137 0.350112 0.362421 0.845976 0.779908 0.388381 0.459783 0.555407 0.632460 0.750855 0.732152 0.707940 0.539443 0.790759 0.681312 0.944253 0.837223 0.911506 0.856209 0.682230 0.504670 0.967761 0.841503 0.801834 0.807684 0.607474 0.845700 0.569190 0.765117 0.825881 0.651239 0.685850 0.883242 0.775814 0.777876 0.689306 0.834032 0.943411 0.957999 0.621264 0.624798 0.818867 0.890434 0.821605 0.845643 0.681848 0.863188 0.919583 0.850156 0.726382 0.876343
0.820353 0.935359 0.934281 0.963055 0.000000 0.983078 0.908972 0.910438 0.731619 0.704119 0.826977 0.811526 0.479377 0.779496 0.586147 0.504562 0.799993 0.733998 0.753908 0.891135 0.882364 0.849741 0.779812 0.990283 0.945123 0.864256 0.802108 0.973721 0.685171 0.713874 0.839614 0.852320 0.899564 0.940300 0.984509 0.768256 0.954552 0.820460 0.909898 0.725537 0.826083 0.948605 0.997840 0.955805 0.867448 0.865875 0.942792 0.959682 0.615213 0.930929 0.940677 0.956302 0.982571 0.761840 0.794228 0.932490 0.996412 0.799128 0.907805 0.997465 0.704191 0.913080 0.670187 0.691884 0.844227 0.928818 0.842531 0.800773 0.986136 0.833961 0.943431 0.688940 0.763116 0.876411 0.991761 0.908225 0.885352 0.971989 0.907273 0.838148 0.773540 0.740395 0.899042 0.721299 0.686404 0.967718 0.939334 0.877065 0.728266 0.815543 0.916424 0.903877 0.901853 0.984367 0.958697 0.973304 0.865182 0.887332 0.928892 0.835582 0.852958 0.957597 0.998422 0.984192 0.881732 0.985092 0.954107 0.843684 0.959368 0.849599 0.905419 0.912203 0.767880 0.927279 0.769465 0.955443
0.643754 0.673299 0.839362 0.730078 0.983078 0.000000 0.450075 0.432480 0.572812 0.528852 0.654657 0.599747 0.845382 0.751427 0.924902 0.884900 0.808222 0.750532 0.767064 0.660232 0.901953 0.867015 0.944361 0.847378 0.838639 0.995422 0.573434 0.976155 0.728476 0.767652 0.859458 0.938098 0.583681 0.573026 0.813904 0.906745 0.897855 0.966828 0.876326 0.989882 0.854961 0.944376 0.715749 0.676109 0.683053 0.718492 0.744134 0.732147 0.875715 0.770055 0.653538 0.669203 0.727138 0.741795 0.817043 0.790525 0.914608 0.851905 0.644281 0.490185 0.491534 0.457307 0.777976 0.690868 0.908212 0.728797 0.629596 0.603215 0.935296 0.685290 0.690084 0.752583 0.769021 0.850558 0.907320 0.815394 0.741708 0.779896 0.994709 0.917063 0.869898 0.862608 0.821673 0.951127 0.864323 0.900518 0.811401 0.862940 0.908727 0.982155 0.541977 0.628992 0.547900 0.635247 0.919300 0.742340 0.733203 0.647725 0.481579 0.590833 0.515284 0.604073 0.763590 0.630555 0.652034 0.713933 0.769751 0.786387 0.845587 0.793235 0.614357 0.662729 0.610191 0.825534 0.596167 0.981869
0.578974 0.468401 0.635550 0.519811 0.908972 0.450075 0.000000 0.222986 0.480668 0.477918 0.679813 0.492714 0.770682 0.604638 0.881663 0.841247 0.767627 0.706645 0.635331 0.444543 0.952278 0.938713 0.863671 0.946337 0.946118 0.904100 0.600280 0.863645 0.675011 0.619389 0.697732 0.737255 0.494204 0.331097 0.671618 0.980411 0.955569 0.971231 0.975169 0.930631 0.830383 0.941926 0.404470 0.428428 0.458571 0.513166 0.625137 0.527115 0.824321 0.566523 0.465052 0.450249 0.516528 0.555089 0.753252 0.738249 0.803646 0.736559 0.526403 0.423750 0.325524 0.307791 0.730001 0.605324 0.940729 0.526881 0.349574 0.357867 0.939731 0.716265 0.476742 0.579237 0.615035 0.677634 0.876297 0.791950 0.522053 0.676229 0.892870 0.836223 0.819466 0.889730 0.927529 0.869470 0.937771 0.988005 0.808135 0.672956 0.869519 0.908789 0.355213 0.477172 0.395779 0.582514 0.894106 0.695302 0.513130 0.706371 0.300705 0.393462 0.424269 0.480112 0.587484 0.682207 0.442218 0.486599 0.629190 0.705949 0.696834 0.652550 0.510509 0.591163 0.497661 0.720581 0.523797 0.941767
0.594680 0.527400 0.781699 0.578352 0.910438 0.432480 0.222986 0.000000 0.477119 0.375656 0.621583 0.355619 0.741449 0.496883 0.890086 0.809190 0.763969 0.680296 0.683546 0.465160 0.999026 0.966556 0.957865 0.979297 0.846280 0.981841 0.572287 0.787749 0.596821 0.568397 0.755370 0.758708 0.572794 0.384834 0.777940 0.923127 0.827853 0.959343 0.914641 0.991994 0.891175 0.996817 0.493507 0.534947 0.488788 0.537091 0.646057 0.605048 0.796797 0.615579 0.502474 0.481337 0.562736 0.552946 0.834014 0.708173 0.890344 0.827168 0.574051 0.474442 0.331662 0.205894 0.681548 0.522941 0.919393 0.555628 0.441089 0.450886 0.884038 0.751034 0.570237 0.641668 0.653339 0.685270 0.895188 0.749001 0.538624 0.738303 0.934989 0.914030 0.823899 0.873373 0.894290 0.872360 0.860237 0.920944 0.842456 0.726556 0.877634 0.915407 0.356093 0.537548 0.424019 0.611321 0.856522 0.693594 0.566849 0.672811 0.298291 0.401087 0.372583 0.512040 0.638657 0.708948 0.465250 0.581643 0.640069 0.755908 0.706837 0.677210 0.525263 0.590716 0.484332 0.780736 0.543811 0.999008
0.816215 0.898983 0.942215 0.922214 0.731619 0.572812 0.480668 0.477119 0.000000 0.424314 0.554385 0.562524 0.722266 0.757364 0.976267 0.830922 0.861133 0.788534 0.961231 0.795011 0.838969 0.988316 0.932357 0.742579 0.683797 0.837301 0.661718 0.780097 0.605497 0.684355 0.989567 0.942126 0.806927 0.650147 0.867887 0.908599 0.841242 0.803833 0.878175 0.954465 0.846220 0.973216 0.764171 0.745688 0.664965 0.718645 0.960235 0.999237 0.759109 0.839355 0.780065 0.789074 0.649948 0.732123 0.768481 0.977947 0.929136 0.919638 0.747759 0.816333 0.515702 0.504833 0.709920 0.615658 0.883291 0.881842 0.722029 0.760116 0.895431 0.752489 0.748189 0.870013 0.916370 0.975718 0.972480 0.798429 0.775685 0.988763 0.863770 0.984803 0.923529 0.967177 0.827280 0.950551 0.843596 0.756326 0.865342 0.801672 0.815495 0.849933 0.569694 0.499449 0.608973 0.564756 0.875127 0.918538 0.839335 0.763729 0.510801 0.609183 0.604515 0.639663 0.722793 0.830128 0.731007 0.759916 0.725841 0.763485 0.842792 0.878163 0.701364 0.762060 0.647169 0.811921 0.748638 0.932088
0.574652 0.789409 0.815916 0.954533 0.704119 0.528852 0.477918 0.375656 0.424314 0.000000 0.391890 0.284669 0.496748 0.523835 0.838403 0.713641 0.589110 0.522456 0.716350 0.678760 0.643081 0.872476 0.776117 0.573959 0.469452 0.575420 0.573938 0.769430 0.353876 0.418614 0.780012 0.836786 0.849234 0.634624 0.987647 0.692846 0.585305 0.719268 0.648674 0.938095 0.880788 0.958283 0.863208 0.802429 0.523486 0.530764 0.866708 0.838089 0.531798 0.678887 0.699353 0.630342 0.667098 0.732890 0.894089 0.740790 0.957528 0.809464 0.529577 0.633493 0.365260 0.365625 0.393755 0.305848 0.648928 0.978326 0.864890 0.910281 0.818614 0.837314 0.884247 0.972248 0.984967 0.956227 0.937247 0.880543 0.732438 0.987588 0.834224 0.968160 0.692474 0.824424 0.876625 0.959264 0.755953 0.607023 0.753595 0.758961 0.922595 0.998133 0.575050 0.548868 0.685369 0.694184 0.987206 0.810643 0.793162 0.748101 0.386685 0.468379 0.575226 0.587936 0.633068 0.721265 0.716463 0.809733 0.814834 0.899274 0.823791 0.783967 0.672225 0.693694 0.459445 0.868108 0.778937 0.888765
0.482981 0.693008 0.658721 0.770887 0.826977 0.654657 0.679813 0.621583 0.554385 0.391890 0.000000 0.393258 0.541004 0.556740 0.846977 0.912374 0.454668 0.424200 0.769399 0.803589 0.583881 0.828764 0.546116 0.463962 0.408435 0.489359 0.689377 0.675740 0.370494 0.417765 0.624358 0.765985 0.921369 0.771434 0.808140 0.679814 0.613772 0.802385 0.752826 0.966545 0.886898 0.799337 0.954210 0.811176 0.675183 0.620722 0.909384 0.959253 0.508174 0.711203 0.725856 0.681646 0.829481 0.917374 0.828503 0.762617 0.699408 0.601558 0.464032 0.651627 0.470471 0.553965 0.359223 0.323343 0.559110 0.806479 0.909824 0.964767 0.914759 0.890339 0.934966 0.806256 0.937230 0.917431 0.976584 0.993637 0.799558 0.870958 0.645796 0.961268 0.494901 0.681941 0.992743 0.733023 0.835965 0.696650 0.795674 0.995144 0.935801 0.922879 0.885306 0.761485 0.964048 0.927970 0.987986 0.956357 0.863432 0.878405 0.554955 0.665626 0.796705 0.745959 0.666381 0.724566 0.814026 0.849130 0.966164 0.895042 0.815113 0.829759 0.787974 0.824835 0.539039 0.986987 0.779302 0.784930
0.547044 0.672364 0.839364 0.917346 0.811526 0.599747 0.492714 0.355619 0.562524 0.284669 0.393258 0.000000 0.514366 0.337696 0.902710 0.705444 0.587701 0.466766 0.675074 0.612703 0.768940 0.831209 0.804819 0.746974 0.577073 0.650882 0.666738 0.703371 0.368250 0.352727 0.839847 0.969018 0.794288 0.591140 0.868707 0.748067 0.572269 0.825068 0.758696 0.975553 0.828058 0.954816 0.835071 0.787746 0.602151 0.603180 0.710268 0.794999 0.619858 0.681715 0.667848 0.607387 0.759637 0.772937 0.898537 0.681758 0.837731 0.769818 0.532878 0.648033 0.379605 0.296120 0.401566 0.309013 0.670801 0.881720 0.875240 0.853494 0.759964 0.886590 0.935594 0.965062 0.866381 0.909279 0.954162 0.903397 0.634787 0.900218 0.770363 0.969466 0.610817 0.681245 0.986127 0.823821 0.874661 0.818472 0.888446 0.891357 0.912699 0.929704 0.690018 0.723493 0.782939 0.863103 0.924518 0.744359 0.766306 0.753104 0.444599 0.519613 0.587817 0.681066 0.698490 0.706903 0.624888 0.756811 0.895953 0.966904 0.837291 0.798986 0.756332 0.686014 0.508653 0.950974 0.773539 0.893653
0.504478 0.793455 0.939787 0.935426 0.479377 0.845382 0.770682 0.741449 0.722266 0.496748 0.541004 0.514366 0.000000 0.516993 0.441601 0.487089 0.619253 0.532456 0.636937 0.802980 0.741701 0.816365 0.929719 0.778101 0.705613 0.671587 0.986306 0.929980 0.447541 0.505522 0.683686 0.728300 0.926991 0.860973 0.780926 0.660216 0.851576 0.707556 0.794975 0.839344 0.688718 0.973121 0.994806 0.957925 0.806113 0.803548 0.779298 0.828156 0.565428 0.852959 0.987473 0.922588 0.912167 0.769557 0.881760 0.837353 0.806886 0.658252 0.576267 0.775939 0.476238 0.693063 0.442907 0.456090 0.992215 0.936352 0.862742 0.796148 0.914871 0.795043 0.880462 0.697499 0.779877 0.821846 0.947131 0.899739 0.811979 0.934781 0.801978 0.893220 0.622637 0.639893 0.938809 0.748866 0.808783 0.921612 0.823192 0.735609 0.876707 0.873417 0.984578 0.760702 0.977880 0.954439 0.965123 0.777978 0.975477 0.982056 0.639846 0.568140 0.987438 0.809857 0.841975 0.772909 0.883251 0.790045 0.983188 0.924292 0.929127 0.975470 0.814440 0.819902 0.646594 0.998410 0.962506 0.908942
0.591008 0.598447 0.948401 0.836669 0.779496 0.751427 0.604638 0.496883 0.757364 0.523835 0.556740 0.337696 0.516993 0.000000 0.844404 0.564569 0.596424 0.479818 0.540470 0.605261 0.889228 0.884933 0.946627 0.983580 0.776457 0.800691 0.772493 0.865742 0.439861 0.316697 0.945883 0.801489 0.675229 0.608925 0.856861 0.784553 0.877760 0.956407 0.872844 0.922081 0.800183 0.885523 0.723906 0.709058 0.557351 0.557946 0.590379 0.667168 0.601150 0.577222 0.579041 0.553799 0.781702 0.800173 0.740462 0.641760 0.723443 0.720968 0.581740 0.679968 0.466248 0.440326 0.499440 0.405955 0.798158 0.853323 0.912908 0.851229 0.738371 0.891901 0.996233 0.993955 0.739431 0.794751 0.933606 0.839847 0.672998 0.726959 0.751649 0.808593 0.627195 0.613638 0.752344 0.708125 0.953699 0.938992 0.958203 0.963470 0.947571 0.753865 0.926882 0.990337 0.980316 0.864465 0.925614 0.796428 0.824945 0.961646 0.603934 0.642466 0.727621 0.869965 0.820484 0.796898 0.694506 0.854223 0.976731 0.925527 0.804144 0.822019 0.827499 0.807906 0.669006 0.915479 0.813529 0.797984
0.777828 0.989307 0.985344 0.872032 0.586147 0.924902 0.881663 0.890086 0.976267 0.838403 0.846977 0.902710 0.441601 0.844404 0.000000 0.586969 0.819100 0.745116 0.781854 0.974630 0.919390 0.944042 0.765039 0.943885 0.982780 0.889853 0.715511 0.874181 0.713954 0.811097 0.804156 0.797258 0.947498 0.936925 0.853079 0.855554 0.974395 0.777084 0.838482 0.775364 0.818924 0.854582 0.817730 0.743215 0.924795 0.902541 0.934246 0.956767 0.798929 0.889741 0.759824 0.771452 0.721268 0.564173 0.871528 0.925257 0.892149 0.787246 0.836126 0.993023 0.811160 0.974061 0.780182 0.810048 0.813776 0.886634 0.739415 0.676359 0.878848 0.736257 0.865305 0.683092 0.759344 0.856050 0.904029 0.970903 0.871087 0.897512 0.993929 0.907801 0.798305 0.685483 0.758677 0.754174 0.612779 0.892524 0.923319 0.935765 0.788469 0.837353 0.814331 0.959834 0.758508 0.908474 0.948243 0.766056 0.903232 0.876886 0.982442 0.906076 0.743121 0.994039 0.807016 0.992640 0.911967 0.963915 0.900420 0.795006 0.860831 0.873845 0.970831 0.993047 0.831682 0.946539 0.894467 0.872872
0.879160 0.888737 0.889737 0.819142 0.504562 0.884900 0.841247 0.809190 0.830922 0.713641 0.912374 0.705444 0.487089 0.564569 0.586969 0.000000 0.893122 0.792372 0.683347 0.799204 0.990527 0.872503 0.582241 0.801154 0.998797 0.938883 0.868442 0.904136 0.743960 0.696530 0.997970 0.985964 0.798335 0.891598 0.949085 0.835053 0.874486 0.884165 0.932319 0.760248 0.829576 0.773174 0.889851 0.948478 0.840100 0.884115 0.676941 0.767003 0.712413 0.921691 0.975855 0.925626 0.950112 0.848910 0.823603 0.935214 0.977657 0.922168 0.871942 0.939458 0.708458 0.779963 0.765085 0.729619 0.801448 0.881806 0.964621 0.947744 0.820542 0.830738 0.999420 0.888631 0.933255 0.928260 0.895367 0.885990 0.944892 0.808610 0.919312 0.859655 0.941348 0.764076 0.808805 0.862939 0.704105 0.862548 0.936784 0.970384 0.834563 0.861242 0.981172 0.931882 0.946963 0.986193 0.869591 0.787718 0.926334 0.893568 0.888681 0.730339 0.963028 0.965422 0.939639 0.995584 0.916682 0.935031 0.966323 0.837692 0.923328 0.943100 0.914918 0.815816 0.802811 0.980270 0.906732 0.820059
0.501836 0.625879 0.747617 0.866054 0.799993 0.808222 0.767627 0.763969 0.861133 0.589110 0.454668 0.587701 0.619253 0.596424 0.819100 0.893122 0.000000 0.310851 0.621083 0.744904 0.700599 0.940798 0.711648 0.725856 0.617892 0.584200 0.870724 0.966831 0.473535 0.409628 0.765118 0.878638 0.847426 0.792434 0.923622 0.738077 0.745467 0.821067 0.743378 0.946104 0.932752 0.797364 0.892881 0.771990 0.617447 0.558811 0.766374 0.778355 0.457733 0.556043 0.658575 0.646095 0.822069 0.999785 0.666101 0.573177 0.498508 0.439007 0.488934 0.653459 0.575497 0.735929 0.359524 0.369343 0.697188 0.777377 0.904121 0.967776 0.951544 0.798753 0.917902 0.743342 0.938129 0.958977 0.940545 0.964940 0.937612 0.951252 0.645580 0.761538 0.363553 0.514251 0.761680 0.592401 0.971897 0.894662 0.794254 0.941079 0.927600 0.643698 0.954106 0.969000 0.844048 0.790265 0.968933 0.929233 0.763522 0.976725 0.662214 0.771332 0.977351 0.871884 0.861244 0.735412 0.909382 0.910765 0.917904 0.967105 0.791105 0.803921 0.747124 0.917832 0.681004 0.924385 0.896435 0.836285
0.428741 0.539371 0.785851 0.901224 0.733998 0.750532 0.706645 0.680296 0.788534 0.522456 0.424200 0.466766 0.532456 0.479818 0.745116 0.792372 0.310851 0.000000 0.541071 0.688054 0.727924 0.919690 0.741277 0.742244 0.610836 0.581072 0.865607 0.907240 0.369310 0.353547 0.763150 0.965702 0.728501 0.698991 0.904665 0.661714 0.689917 0.781832 0.727426 0.970333 0.841167 0.796273 0.829875 0.718895 0.576368 0.507364 0.698988 0.743066 0.431379 0.527876 0.616893 0.590770 0.807935 0.997481 0.625229 0.506356 0.468229 0.373811 0.397247 0.577578 0.466463 0.623867 0.302309 0.293834 0.699337 0.837515 0.915731 0.988786 0.977487 0.817572 0.907369 0.765384 0.976638 0.983224 0.972775 0.985579 0.871337 0.961945 0.565024 0.744177 0.331447 0.424100 0.784232 0.477501 0.919944 0.948179 0.832951 0.930082 0.823436 0.640904 0.949013 0.984756 0.868804 0.819713 0.930474 0.769993 0.759674 0.933437 0.582262 0.692150 0.920993 0.809883 0.765659 0.632941 0.790191 0.830310 0.985578 0.998808 0.885769 0.805768 0.798829 0.844473 0.536970 0.877279 0.853712 0.880713
0.562173 0.534990 0.796570 0.701555 0.753908 0.767064 0.635331 0.683546 0.961231 0.716350 0.769399 0.675074 0.636937 0.540470 0.781854 0.683347 0.621083 0.541071 0.000000 0.523387 0.971878 0.958393 0.798657 0.869445 0.981261 0.963884 0.926652 0.921695 0.675348 0.638669 0.896582 0.842072 0.607532 0.590312 0.945346 0.953974 0.934759 0.981125 0.969931 0.759647 0.803739 0.950276 0.818850 0.810076 0.633065 0.647944 0.567909 0.547584 0.700108 0.603068 0.693034 0.722018 0.874733 0.929706 0.724590 0.601575 0.657185 0.526677 0.542626 0.529380 0.557759 0.704511 0.615088 0.642074 0.913665 0.841202 0.822061 0.808962 0.858626 0.850134 0.784317 0.934681 0.839472 0.811509 0.941036 0.894194 0.880311 0.699435 0.938683 0.778145 0.631956 0.571329 0.814157 0.755983 0.808306 0.879715 0.822586 0.868744 0.881771 0.699355 0.889907 0.908655 0.920204 0.998866 0.980411 0.756968 0.669091 0.978851 0.638047 0.667636 0.838172 0.836555 0.769048 0.758267 0.832578 0.771178 0.967645 0.954688 0.734425 0.856043 0.785311 0.814277 0.663116 0.808120 0.898839 0.916757
0.589486 0.476956 0.629231 0.494555 0.891135 0.660232 0.444543 0.465160 0.795011 0.678760 0.803589 0.612703 0.802980 0.605261 0.974630 0.799204 0.744904 0.688054 0.523387 0.000000 0.824547 0.895733 0.749599 0.763927 0.855200 0.843051 0.855422 0.914476 0.741066 0.699559 0.754728 0.688768 0.556654 0.471499 0.765568 0.876101 0.916262 0.943157 0.914369 0.821736 0.821029 0.955387 0.622144 0.646508 0.680323 0.720491 0.546653 0.457282 0.929435 0.670523 0.692516 0.702149 0.840316 0.839981 0.638183 0.581802 0.776586 0.713114 0.661167 0.486625 0.527928 0.480255 0.763493 0.736360 0.828949 0.549702 0.536898 0.537283 0.885707 0.642541 0.653315 0.695658 0.669217 0.647222 0.717213 0.812122 0.693747 0.750763 0.928112 0.835168 0.655200 0.635959 0.822595 0.889599 0.788420 0.774303 0.878328 0.867034 0.808374 0.641268 0.611007 0.803528 0.621980 0.854564 0.928677 0.690692 0.590063 0.796225 0.547707 0.564716 0.724882 0.745836 0.695320 0.892365 0.547315 0.681096 0.824103 0.949770 0.746936 0.676823 0.661479 0.856734 0.638909 0.785446 0.741876 0.867136
0.786202 0.870929 0.476469 0.493986 0.882364 0.901953 0.952278 0.999026 0.838969 0.643081 0.583881 0.768940 0.741701 0.889228 0.919390 0.990527 0.700599 0.727924 0.971878 0.824547 0.000000 0.743940 0.484024 0.426511 0.404819 0.400290 0.749757 0.800930 0.648751 0.744876 0.448597 0.562780 0.740898 0.793996 0.687487 0.681885 0.672740 0.786306 0.799869 0.769332 0.769549 0.702586 0.726490 0.882248 0.815705 0.747759 0.838804 0.838195 0.590059 0.832131 0.941033 0.852287 0.880269 0.930324 0.942802 0.964218 0.932860 0.851426 0.766969 0.908952 0.832491 0.984575 0.508403 0.586937 0.468629 0.494205 0.651847 0.665203 0.872383 0.824180 0.654869 0.633830 0.687170 0.744429 0.802495 0.794321 0.978506 0.805696 0.747301 0.864326 0.758345 0.944749 0.759574 0.885974 0.667561 0.521010 0.618731 0.981855 0.934428 0.903037 0.918281 0.808491 0.912013 0.969918 0.796727 0.830192 0.962775 0.890970 0.849069 0.882170 0.918888 0.986019 0.653911 0.727494 0.812651 0.843202 0.954021 0.933981 0.910395 0.912712 0.977736 0.927951 0.925591 0.985902 0.880788 0.967161
0.930558 0.880148 0.785407 0.840325 0.849741 0.867015 0.938713 0.966556 0.988316 0.872476 0.828764 0.831209 0.816365 0.884933 0.944042 0.872503 0.940798 0.919690 0.958393 0.895733 0.743940 0.000000 0.868971 0.856270 0.862013 0.858571 0.998430 0.835825 0.894742 0.820689 0.810961 0.892363 0.885951 0.965670 0.895370 0.930316 0.875031 0.927476 0.981683 0.842817 0.843722 0.968020 0.879078 0.884494 0.975532 0.980010 0.949884 0.802158 0.902023 0.910301 0.963249 0.974375 0.844694 0.849487 0.936484 0.908074 0.998105 0.990555 0.862260 0.939031 0.914742 0.933408 0.778254 0.852151 0.897341 0.915733 0.789312 0.890412 0.832906 0.853923 0.889395 0.788406 0.982006 0.903459 0.868982 0.781176 0.984992 0.898829 0.983405 0.946833 0.858021 0.973301 0.925488 0.929911 0.977502 0.916127 0.936076 0.968160 0.984880 0.910301 0.817475 0.970891 0.849557 0.842472 0.839193 0.914222 0.874699 0.929044 0.954051 0.976697 0.942267 0.925364 0.937890 0.893492 0.871126 0.775694 0.883482 0.920057 0.949958 0.985844 0.885885 0.942906 0.971226 0.702865 0.803181 0.966978
0.877555 0.903145 0.383686 0.443064 0.779812 0.944361 0.863671 0.957865 0.932357 0.776117 0.546116 0.804819 0.929719 0.946627 0.765039 0.582241 0.711648 0.741277 0.798657 0.749599 0.484024 0.868971 0.000000 0.322876 0.358621 0.418558 0.695077 0.726538 0.764353 0.835916 0.464328 0.606133 0.640135 0.807917 0.708732 0.755607 0.451295 0.757380 0.655200 0.691713 0.879659 0.771195 0.726109 0.915865 0.971884 0.865347 0.681552 0.687304 0.790801 0.922803 0.925625 0.884904 0.886970 0.853852 0.829478 0.990946 0.880949 0.874012 0.830670 0.984993 0.970779 0.995904 0.649807 0.685214 0.314345 0.498075 0.673490 0.722067 0.959310 0.797850 0.688013 0.707210 0.734276 0.734095 0.724079 0.818783 0.966120 0.581701 0.747463 0.756112 0.802357 0.927547 0.778326 0.918192 0.485373 0.466084 0.837752 0.901022 0.839102 0.831021 0.921982 0.978023 0.861387 0.938456 0.836006 0.754839 0.963975 0.919708 0.952781 0.921090 0.946945 0.932657 0.844666 0.796197 0.868654 0.820313 0.933873 0.916034 0.990690 0.940810 0.937942 0.965066 0.924406 0.879510 0.993490 0.974321
0.792278 0.853779 0.420662 0.382926 0.990283 0.847378 0.946337 0.979297 0.742579 0.573959 0.463962 0.746974 0.778101 0.983580 0.943885 0.801154 0.725856 0.742244 0.869445 0.763927 0.426511 0.856270 0.322876 0.000000 0.293910 0.364542 0.669568 0.743575 0.563751 0.760354 0.417655 0.457741 0.693160 0.848732 0.655128 0.661896 0.504025 0.636542 0.566105 0.749711 0.846660 0.803988 0.682592 0.839646 0.883397 0.800737 0.681634 0.724462 0.637115 0.896496 0.994083 0.917888 0.907274 0.922541 0.881794 0.968772 0.981811 0.854807 0.724296 0.925858 0.831152 0.946300 0.550431 0.582454 0.398510 0.466739 0.663416 0.639142 0.921139 0.935819 0.724728 0.678362 0.683872 0.722526 0.754614 0.839720 0.979226 0.639135 0.818364 0.695792 0.796256 0.927715 0.737183 0.959655 0.559506 0.383260 0.776085 0.899647 0.904589 0.742872 0.978415 0.801143 0.969335 0.892592 0.901279 0.877608 0.898199 0.931256 0.799846 0.905811 0.907758 0.809544 0.782804 0.741628 0.939878 0.907411 0.930652 0.929632 0.992702 0.915869 0.995941 0.896372 0.787186 0.993822 0.969716 0.965863
0.770390 0.905684 0.369649 0.452478 0.945123 0.838639 0.946118 0.846280 0.683797 0.469452 0.408435 0.577073 0.705613 0.776457 0.982780 0.998797 0.617892 0.610836 0.981261 0.855200 0.404819 0.862013 0.358621 0.293910 0.000000 0.264543 0.599250 0.735782 0.480997 0.582626 0.425769 0.560798 0.713734 0.895078 0.656908 0.594377 0.459161 0.607483 0.530888 0.709816 0.796262 0.894680 0.823625 0.997213 0.731651 0.642824 0.777036 0.846852 0.514995 0.746353 0.815065 0.728192 0.717583 0.743958 0.927486 0.968463 0.955523 0.857284 0.725642 0.926848 0.779696 0.838012 0.433739 0.428657 0.300714 0.464339 0.701056 0.681301 0.762830 0.880311 0.668717 0.655333 0.729793 0.713250 0.752129 0.891106 0.954241 0.699258 0.686143 0.722656 0.818390 0.960831 0.754430 0.954312 0.458454 0.325724 0.741963 0.945711 0.843510 0.766494 0.933688 0.771154 0.925844 0.917771 0.945738 0.827132 0.992265 0.875295 0.725193 0.790993 0.851814 0.753946 0.747739 0.722731 0.996099 0.909163 0.961801 0.935482 0.888106 0.943404 0.903395 0.790516 0.711943 0.974182 0.966748 0.895741
0.795570 0.876823 0.321411 0.368929 0.864256 0.995422 0.904100 0.981841 0.837301 0.575420 0.489359 0.650882 0.671587 0.800691 0.889853 0.938883 0.584200 0.581072 0.963884 0.843051 0.400290 0.858571 0.418558 0.364542 0.264543 0.000000 0.797544 0.778667 0.511359 0.584420 0.321123 0.500589 0.680855 0.826029 0.613398 0.579950 0.445278 0.565375 0.545625 0.706508 0.734866 0.902004 0.688651 0.882309 0.789971 0.705209 0.742066 0.863297 0.479073 0.749845 0.931341 0.823242 0.848528 0.902870 0.956839 0.920730 0.884406 0.794795 0.762014 0.995098 0.879256 0.992148 0.384669 0.441751 0.340218 0.351579 0.537188 0.538829 0.868440 0.902991 0.501923 0.491786 0.633345 0.638595 0.821886 0.806466 0.956483 0.706111 0.624935 0.722499 0.754399 0.965890 0.887747 0.818704 0.603186 0.427926 0.724601 0.979827 0.844438 0.873505 0.857699 0.943957 0.764277 0.893035 0.911595 0.846724 0.963803 0.957426 0.854461 0.899189 0.935968 0.923948 0.852486 0.713575 0.891516 0.823031 0.833135 0.949760 0.986758 0.995845 0.931536 0.909025 0.811934 0.935491 0.914319 0.828448
0.796391 0.910944 0.878436 0.951779 0.802108 0.573434 0.600280 0.572287 0.661718 0.573938 0.689377 0.666738 0.986306 0.772493 0.715511 0.868442 0.870724 0.865607 0.926652 0.855422 0.749757 0.998430 0.695077 0.669568 0.599250 0.797544 0.000000 0.769544 0.724943 0.712064 0.944213 0.927629 0.898699 0.678138 0.948762 0.929721 0.719428 0.931209 0.809711 0.685956 0.991584 0.964735 0.813343 0.671441 0.586588 0.588376 0.988500 0.918476 0.864852 0.685836 0.609980 0.570934 0.586075 0.461512 0.922953 0.873708 0.947176 0.986558 0.737099 0.700466 0.646105 0.628863 0.797633 0.696599 0.564162 0.983295 0.737378 0.721083 0.744876 0.978423 0.889113 0.801094 0.740393 0.873269 0.813442 0.810317 0.690924 0.927208 0.951970 0.952776 0.993800 0.889270 0.770052 0.814329 0.458285 0.542706 0.821334 0.885578 0.892145 0.771640 0.583201 0.667466 0.642606 0.712139 0.866430 0.919753 0.755473 0.739181 0.589480 0.695725 0.499638 0.610256 0.641688 0.745400 0.823455 0.946466 0.810930 0.693183 0.734368 0.855146 0.799538 0.699462 0.721026 0.754703 0.753224 0.936183
0.849186 0.913779 0.786457 0.839188 0.973721 0.976155 0.863645 0.787749 0.780097 0.769430 0.675740 0.703371 0.929980 0.865742 0.874181 0.904136 0.966831 0.907240 0.921695 0.914476 0.800930 0.835825 0.726538 0.743575 0.735782 0.778667 0.769544 0.000000 0.809379 0.816537 0.862002 0.952826 0.999172 0.885877 0.859696 0.998376 0.707594 0.993189 0.924588 0.792381 0.871992 0.897228 0.975919 0.930144 0.841336 0.832779 0.921738 0.876787 0.822912 0.857703 0.843956 0.790085 0.837015 0.787515 0.934980 0.903076 0.999411 0.962089 0.854614 0.963543 0.776804 0.779072 0.797475 0.714578 0.703828 0.907679 0.983170 0.988071 0.815218 0.867388 0.883425 0.863992 0.983019 0.935906 0.930377 0.984374 0.817666 0.985166 0.763760 0.724771 0.891777 0.902778 0.855896 0.960049 0.783584 0.760182 0.927844 0.961170 0.869633 0.799337 0.825729 0.742757 0.848513 0.862959 0.926179 0.989668 0.993857 0.800801 0.769960 0.848439 0.765348 0.864999 0.806652 0.878234 0.848652 0.812553 0.977575 0.741221 0.903126 0.892550 0.859639 0.862413 0.819420 0.981237 0.810886 0.965118
0.526131 0.724845 0.684836 0.775980 0.685171 0.728476 0.675011 0.596821 0.605497 0.353876 0.370494 0.368250 0.447541 0.439861 0.713954 0.743960 0.473535 0.369310 0.675348 0.741066 0.648751 0.894742 0.764353 0.563751 0.480997 0.511359 0.724943 0.809379 0.000000 0.299835 0.728703 0.860424 0.808277 0.741883 0.848841 0.636289 0.604116 0.702577 0.697188 0.908195 0.851318 0.878046 0.918772 0.823345 0.499108 0.471097 0.847303 0.836868 0.378890 0.563928 0.671274 0.610180 0.740121 0.870004 0.774055 0.577649 0.745739 0.630904 0.507780 0.641052 0.403462 0.554955 0.294757 0.267109 0.612206 0.805324 0.898678 0.930837 0.791944 0.808536 0.889096 0.787857 0.989386 0.911550 0.957723 0.994761 0.763468 0.967608 0.667579 0.960803 0.538027 0.661775 0.862231 0.641031 0.929070 0.764583 0.859901 0.947007 0.937853 0.851686 0.901129 0.833579 0.999361 0.998207 0.987295 0.861810 0.890994 0.892219 0.517719 0.593283 0.807849 0.738683 0.687060 0.722772 0.744620 0.882381 0.905888 0.982314 0.936336 0.800891 0.917479 0.765174 0.533884 0.823910 0.812757 0.819503
0.584443 0.630121 0.763712 0.906409 0.713874 0.767652 0.619389 0.568397 0.684355 0.418614 0.417765 0.352727 0.505522 0.316697 0.811097 0.696530 0.409628 0.353547 0.638669 0.699559 0.744876 0.820689 0.835916 0.760354 0.582626 0.584420 0.712064 0.816537 0.299835 0.000000 0.881493 0.952726 0.737746 0.653026 0.863682 0.669820 0.698067 0.824713 0.755731 0.987100 0.853539 0.932728 0.757033 0.657546 0.446459 0.431629 0.747529 0.782358 0.403968 0.499443 0.543714 0.497826 0.659734 0.807355 0.686452 0.581970 0.655182 0.613691 0.489838 0.711010 0.419268 0.515395 0.313152 0.260941 0.647553 0.891931 0.982284 0.943746 0.729894 0.847247 0.947013 0.840184 0.858163 0.823528 0.969190 0.960691 0.725169 0.885487 0.674381 0.840930 0.474265 0.603698 0.688044 0.633065 0.956819 0.871048 0.897282 0.970965 0.947127 0.770436 0.964437 0.959893 0.915654 0.855059 0.986165 0.892457 0.856133 0.980260 0.576839 0.662239 0.819309 0.837599 0.736449 0.746178 0.771417 0.873745 0.992999 0.940688 0.936519 0.825382 0.867883 0.875867 0.572295 0.902419 0.868351 0.772097
0.834909 0.764212 0.428803 0.387292 0.839614 0.859458 0.697732 0.755370 0.989567 0.780012 0.624358 0.839847 0.683686 0.945883 0.804156 0.997970 0.765118 0.763150 0.896582 0.754728 0.448597 0.810961 0.464328 0.417655 0.425769 0.321123 0.944213 0.862002 0.728703 0.881493 0.000000 0.344780 0.503102 0.618408 0.567433 0.673980 0.536012 0.609100 0.662681 0.896751 0.661377 0.954728 0.461988 0.621322 0.829974 0.933757 0.694967 0.712573 0.727320 0.914276 0.715423 0.816350 0.805934 0.752341 0.763415 0.908965 0.949129 0.867463 0.873664 0.886548 0.939527 0.801410 0.581785 0.703030 0.581444 0.395937 0.435534 0.400307 0.997720 0.842390 0.484248 0.438003 0.435681 0.517118 0.795129 0.665140 0.837755 0.568407 0.754073 0.745996 0.789963 0.981121 0.753134 0.805541 0.790933 0.570769 0.796582 0.925692 0.923059 0.859227 0.758305 0.930317 0.716917 0.935548 0.943008 0.855046 0.815104 0.980437 0.927532 0.987958 0.732706 0.929926 0.965682 0.876055 0.798405 0.795432 0.759998 0.877575 0.923356 0.904064 0.865254 0.981897 0.912017 0.744066 0.784484 0.956193
0.959595 0.630439 0.582168 0.504539 0.852320 0.938098 0.737255 0.758708 0.942126 0.836786 0.765985 0.969018 0.728300 0.801489 0.797258 0.985964 0.878638 0.965702 0.842072 0.688768 0.562780 0.892363 0.606133 0.457741 0.560798 0.500589 0.927629 0.952826 0.860424 0.952726 0.344780 0.000000 0.551642 0.602794 0.671417 0.771889 0.721544 0.607075 0.734712 0.914348 0.806215 0.963075 0.478820 0.551125 0.797591 0.822899 0.608155 0.622392 0.834372 0.818287 0.628973 0.702535 0.787110 0.794020 0.749696 0.720875 0.937999 0.973369 0.984554 0.788269 0.891645 0.771671 0.729896 0.856641 0.727048 0.505908 0.546684 0.453999 0.933568 0.926170 0.611854 0.540571 0.446344 0.443462 0.844554 0.780078 0.802112 0.588023 0.914710 0.743495 0.944477 0.920697 0.748525 0.992999 0.851714 0.570946 0.830903 0.824357 0.917242 0.785871 0.884873 0.862361 0.838583 0.935336 0.948519 0.911419 0.775718 0.995339 0.931743 0.956914 0.784641 0.943735 0.960097 0.872770 0.716263 0.787328 0.883155 0.843354 0.988467 0.941453 0.898408 0.984796 0.948652 0.759425 0.817083 0.996423
0.713355 0.498227 0.571809 0.541950 0.899564 0.583681 0.494204 0.572794 0.806927 0.849234 0.921369 0.794288 0.926991 0.675229 0.947498 0.798335 0.847426 0.728501 0.607532 0.556654 0.740898 0.885951 0.640135 0.693160 0.713734 0.680855 0.898699 0.999172 0.808277 0.737746 0.503102 0.551642 0.000000 0.446640 0.602383 0.880627 0.797220 0.892983 0.834984 0.838479 0.744698 0.910415 0.455482 0.471285 0.574584 0.622448 0.558526 0.589208 0.860903 0.593631 0.546333 0.614457 0.745374 0.832257 0.508984 0.589863 0.683439 0.728787 0.683521 0.531728 0.534948 0.600094 0.916080 0.834091 0.734101 0.564701 0.512985 0.464370 0.964509 0.729735 0.608924 0.620758 0.537718 0.617396 0.748837 0.743743 0.730010 0.594167 0.929848 0.691341 0.746917 0.674796 0.746534 0.823709 0.670547 0.624272 0.980090 0.976298 0.806103 0.718626 0.759487 0.924565 0.724100 0.951611 0.976991 0.610521 0.680182 0.914582 0.622903 0.702952 0.712091 0.817756 0.836331 0.837556 0.598438 0.625067 0.771466 0.867698 0.897286 0.729179 0.773189 0.843444 0.659273 0.731352 0.575454 0.960543
0.625683 0.458452 0.655687 0.537675 0.940300 0.573026 0.331097 0.384834 0.650147 0.634624 0.771434 0.591140 0.860973 0.608925 0.936925 0.891598 0.792434 0.698991 0.590312 0.471499 0.793996 0.965670 0.807917 0.848732 0.895078 0.826029 0.678138 0.885877 0.741883 0.653026 0.618408 0.602794 0.446640 0.000000 0.683625 0.886160 0.960124 0.912772 0.992632 0.832604 0.904161 0.949867 0.481406 0.499161 0.542272 0.589463 0.591289 0.559579 0.861482 0.592881 0.542825 0.563490 0.647440 0.675052 0.675480 0.671265 0.800019 0.743359 0.579554 0.493475 0.442609 0.421310 0.803677 0.697059 0.903493 0.551945 0.439137 0.422795 0.980395 0.739404 0.506612 0.598924 0.567493 0.603733 0.878941 0.805793 0.608617 0.646219 0.883670 0.747026 0.771352 0.754360 0.899737 0.959899 0.931386 0.859686 0.983838 0.930570 0.889541 0.785233 0.571870 0.738139 0.532575 0.773725 0.881521 0.711229 0.600006 0.843886 0.466335 0.569017 0.534262 0.555577 0.751238 0.794821 0.534658 0.593670 0.656540 0.751302 0.804066 0.725668 0.669031 0.799473 0.568992 0.760517 0.602440 0.982073
0.946463 0.827220 0.557209 0.584496 0.984509 0.813904 0.671618 0.777940 0.867887 0.987647 0.808140 0.868707 0.780926 0.856861 0.853079 0.949085 0.923622 0.904665 0.945346 0.765568 0.687487 0.895370 0.708732 0.655128 0.656908 0.613398 0.948762 0.859696 0.848841 0.863682 0.567433 0.671417 0.602383 0.683625 0.000000 0.788665 0.784659 0.823074 0.806709 0.903728 0.673020 0.919063 0.600418 0.660536 0.835987 0.898982 0.865487 0.754641 0.852746 0.926012 0.835204 0.885637 0.770678 0.831867 0.839067 0.898692 0.946520 0.962936 0.983521 0.791221 0.941740 0.889007 0.801747 0.836877 0.652143 0.633419 0.504497 0.500302 0.855618 0.809089 0.499570 0.625961 0.788507 0.706483 0.904349 0.815856 0.789546 0.803946 0.930862 0.782690 0.873777 0.955070 0.982713 0.823850 0.870513 0.748569 0.986542 0.925288 0.957669 0.827001 0.687721 0.864533 0.669350 0.746469 0.866186 0.837920 0.851374 0.947341 0.882997 0.948571 0.854992 0.848310 0.951836 0.860062 0.874851 0.798503 0.943590 0.918586 0.986542 0.852457 0.858973 0.969627 0.966055 0.863799 0.709128 0.971923
0.796778 0.984979 0.708205 0.714524 0.768256 0.906745 0.980411 0.923127 0.908599 0.692846 0.679814 0.748067 0.660216 0.784553 0.855554 0.835053 0.738077 0.661714 0.953974 0.876101 0.681885 0.930316 0.755607 0.661896 0.594377 0.579950 0.929721 0.998376 0.636289 0.669820 0.673980 0.771889 0.880627 0.886160 0.788665 0.000000 0.787193 0.906198 0.723851 0.896918 0.888878 0.841737 0.973488 0.982964 0.857377 0.759885 0.922439 0.979048 0.636739 0.822965 0.906319 0.796710 0.941599 0.990645 0.956608 0.929399 0.857151 0.833626 0.709880 0.919442 0.817941 0.935529 0.629193 0.592100 0.725606 0.723755 0.740024 0.821427 0.919167 0.928618 0.739124 0.716049 0.789770 0.869732 0.882080 0.820449 0.956677 0.963074 0.826436 0.961059 0.833916 0.888592 0.955512 0.857971 0.910484 0.731992 0.795288 0.874797 0.954359 0.977155 0.913702 0.907655 0.771515 0.927346 0.955820 0.886897 0.855491 0.985890 0.840569 0.795471 0.931898 0.974095 0.930972 0.755036 0.931969 0.995606 0.971152 0.988149 0.902047 0.948753 0.972857 0.889247 0.682391 0.963579 0.958263 0.988094
0.892803 0.933785 0.490949 0.602335 0.954552 0.897855 0.955569 0.827853 0.841242 0.585305 0.613772 0.572269 0.851576 0.877760 0.974395 0.874486 0.745467 0.689917 0.934759 0.916262 0.672740 0.875031 0.451295 0.504025 0.459161 0.445278 0.719428 0.707594 0.604116 0.698067 0.536012 0.721544 0.797220 0.960124 0.784659 0.787193 0.000000 0.606498 0.622790 0.645199 0.675094 0.975208 0.807119 0.932282 0.874200 0.807426 0.781833 0.894962 0.746778 0.891648 0.921873 0.885902 0.863793 0.834288 0.797828 0.866921 0.971136 0.946548 0.849455 0.953802 0.864001 0.835970 0.591682 0.581703 0.438267 0.668550 0.772165 0.773765 0.751266 0.864949 0.730414 0.681995 0.776924 0.820454 0.881757 0.886840 0.892962 0.752052 0.832645 0.806136 0.907608 0.981886 0.792855 0.947576 0.555925 0.493040 0.944852 0.944491 0.815100 0.758002 0.878405 0.864792 0.958593 0.930851 0.960569 0.887304 0.857085 0.809788 0.822566 0.887321 0.866122 0.819517 0.921082 0.791984 0.991977 0.909199 0.976544 0.965645 0.897099 0.951017 0.960530 0.893354 0.742391 0.924107 0.980396 0.890506
0.895871 0.861057 0.714685 0.655312 0.820460 0.966828 0.971231 0.959343 0.803833 0.719268 0.802385 0.825068 0.707556 0.956407 0.777084 0.884165 0.821067 0.781832 0.981125 0.943157 0.786306 0.927476 0.757380 0.636542 0.607483 0.565375 0.931209 0.993189 0.702577 0.824713 0.609100 0.607075 0.892983 0.912772 0.823074 0.906198 0.606498 0.000000 0.568624 0.773448 0.864266 0.864864 0.845712 0.865533 0.886586 0.888078 0.695468 0.909939 0.784482 0.914160 0.975929 0.985744 0.918329 0.959658 0.924284 0.961762 0.984280 0.944047 0.902646 0.968969 0.887284 0.998008 0.677325 0.725087 0.700625 0.652160 0.794376 0.728887 0.849013 0.965812 0.773175 0.734020 0.616315 0.695634 0.782643 0.996018 0.910661 0.690880 0.818296 0.821817 0.958489 0.961457 0.821546 0.976597 0.727423 0.542538 0.862052 0.762549 0.865190 0.780813 0.919095 0.827749 0.989798 0.858769 0.899452 0.924234 0.970220 0.981070 0.800680 0.811198 0.985398 0.773259 0.985212 0.762533 0.986331 0.991791 0.999955 0.938432 0.975368 0.907394 0.963805 0.815736 0.864277 0.880100 0.945858 0.971543
