0.000000 0.506384 0.913894 0.869768 0.983281 0.986784 0.816717 0.791010 0.914302 0.904274 0.626006 0.658289 0.987428 0.944883 0.855752 0.953969 0.549742 0.518445 0.557887 0.549917 0.903636 0.901011 0.842062 0.974829 0.865577 0.918586 0.989722 0.819663 0.620020 0.762680 0.898726 0.985159 0.711739 0.557971 0.852617 0.935648 0.943762 0.850718 0.886820 0.971464 0.959811 0.834206 0.615990 0.520150 0.826741 0.724120 0.664955 0.706666 0.763788 0.908741 0.927177 0.955032 0.857857 0.655411 0.874042 0.894209 0.438484 0.543444 0.461087 0.564950 0.784215 0.744751 0.669612 0.710272 0.880591 0.813194 0.619191 0.651862 0.606993 0.638327 0.837462 0.902269 0.596976 0.659176 0.984981 0.962221 0.635237 0.823306 0.791813 0.788892 0.573104 0.592408 0.918291 0.763756 0.838788 0.819523 0.751881 0.995917 0.898432 0.763175 0.852096 0.893935 0.925809 0.964321 0.877357 0.776209 0.659384 0.755565 0.883882 0.763156 0.768381 0.930856 0.743600 0.569462 0.858148 0.922781 0.987194 0.951981 0.875910 0.712084 0.744157 0.958862 0.793030 0.960396 0.833349 0.813711
0.506384 0.000000 0.994854 0.829863 0.991814 0.960034 0.972963 0.755587 0.770951 0.814306 0.861650 0.594052 0.959616 0.870976 0.985379 0.836114 0.569973 0.493972 0.610567 0.568396 0.911707 0.934348 0.964057 0.961851 0.884720 0.945511 0.937208 0.905223 0.632477 0.715137 0.750053 0.901226 0.598238 0.532430 0.874584 0.986348 0.813933 0.763950 0.966869 0.920631 0.925707 0.841406 0.593992 0.509119 0.679093 0.599176 0.562953 0.533234 0.718982 0.747953 0.740903 0.814425 0.924798 0.867963 0.741817 0.889901 0.407768 0.370553 0.562577 0.613388 0.786324 0.686279 0.601237 0.532814 0.900395 0.887997 0.747942 0.701213 0.762269 0.554022 0.559005 0.665521 0.737837 0.723876 0.959269 0.968237 0.602360 0.736348 0.596689 0.678129 0.449770 0.541975 0.808340 0.658301 0.887022 0.841438 0.838380 0.982736 0.870857 0.770625 0.853165 0.803029 0.912284 0.871012 0.750566 0.767302 0.650512 0.718441 0.760021 0.788444 0.821475 0.883867 0.673997 0.676862 0.830704 0.825363 0.915166 0.964237 0.930128 0.731410 0.712707 0.884445 0.827178 0.816097 0.764003 0.895428
0.913894 0.994854 0.000000 0.445828 0.860618 0.972966 0.427656 0.768927 0.733182 0.888754 0.983317 0.817609 0.723013 0.988448 0.848984 0.955606 0.994276 0.903867 0.663394 0.959300 0.721159 0.825023 0.650128 0.646305 0.506858 0.532133 0.800201 0.921732 0.861294 0.823329 0.728754 0.844124 0.688231 0.772542 0.740595 0.889788 0.884318 0.950925 0.902835 0.847474 0.951454 0.931054 0.702729 0.792883 0.940913 0.985728 0.634300 0.752103 0.868041 0.975716 0.731738 0.894340 0.898909 0.985841 0.936952 0.951706 0.936814 0.853977 0.719807 0.975244 0.721281 0.954985 0.946977 0.770598 0.387087 0.537266 0.537327 0.562424 0.916770 0.827248 0.957739 0.998539 0.892693 0.926418 0.961270 0.968396 0.957384 0.936156 0.981056 0.898398 0.889857 0.851281 0.932546 0.871646 0.541342 0.551987 0.765491 0.941608 0.773328 0.766806 0.707795 0.751721 0.768127 0.666554 0.896930 0.826589 0.974458 0.950576 0.950611 0.866882 0.752563 0.868305 0.936743 0.962452 0.726520 0.857285 0.947016 0.953397 0.852862 0.950011 0.925389 0.986787 0.973289 0.807867 0.767588 0.775493
0.869768 0.829863 0.445828 0.000000 0.902700 0.806479 0.467355 0.567528 0.828951 0.941832 0.953133 0.930925 0.748950 0.865434 0.823196 0.854281 0.992333 0.992272 0.679263 0.862616 0.775898 0.915073 0.556560 0.502003 0.715589 0.593215 0.800225 0.880814 0.896901 0.866591 0.779327 0.901519 0.644214 0.694596 0.740010 0.877795 0.935882 0.936108 0.915171 0.984438 0.910843 0.958535 0.736841 0.767321 0.993702 0.967478 0.675949 0.720675 0.875756 0.972793 0.671746 0.798881 0.900037 0.951198 0.930332 0.941095 0.952709 0.988735 0.739231 0.913191 0.658944 0.827010 0.924371 0.994668 0.378750 0.391875 0.516539 0.435759 0.850287 0.855213 0.977395 0.797849 0.782338 0.794001 0.973119 0.915941 0.816009 0.820830 0.921082 0.921713 0.776785 0.803746 0.837541 0.892546 0.491601 0.463880 0.927249 0.918417 0.850527 0.693509 0.626236 0.744465 0.698099 0.713660 0.965813 0.822395 0.827326 0.980181 0.791559 0.713053 0.635497 0.751681 0.984601 0.986684 0.622876 0.762607 0.995967 0.918090 0.832486 0.964024 0.787110 0.969078 0.874708 0.856087 0.739694 0.813359
0.983281 0.991814 0.860618 0.902700 0.000000 0.881011 0.705773 0.780572 0.662908 0.979990 0.764027 0.841238 0.634980 0.860640 0.874023 0.912561 0.973536 0.921593 0.925494 0.908093 0.813088 0.767745 0.802546 0.883525 0.895516 0.966004 0.957139 0.982029 0.969959 0.942380 0.965437 0.891480 0.953104 0.857740 0.929431 0.865927 0.977522 0.882066 0.980815 0.949514 0.947734 0.988572 0.883849 0.942709 0.870566 0.994745 0.871534 0.931763 0.901279 0.768499 0.980960 0.957806 0.962537 0.956352 0.848653 0.858847 0.969113 0.910651 0.961908 0.985709 0.631841 0.771187 0.802394 0.906539 0.865872 0.747756 0.850142 0.815101 0.895006 0.840383 0.980557 0.866035 0.968483 0.991255 0.989286 0.945349 0.955689 0.916423 0.941381 0.965191 0.902849 0.894749 0.890571 0.798875 0.695520 0.668200 0.930119 0.764968 0.873132 0.924235 0.816206 0.996882 0.930702 0.975248 0.970980 0.978751 0.925814 0.979198 0.937726 0.856618 0.840327 0.887495 0.958891 0.875716 0.806091 0.997744 0.995420 0.984187 0.977657 0.960989 0.908638 0.946565 0.919632 0.955100 0.883679 0.963568
0.986784 0.960034 0.972966 0.806479 0.881011 0.000000 0.901382 0.837958 0.879372 0.848500 0.975731 0.933772 0.936568 0.977083 0.951122 0.692478 0.897466 0.924657 0.963347 0.965285 0.972187 0.890319 0.749920 0.816092 0.977783 0.919906 0.952593 0.896955 0.987704 0.938316 0.793116 0.950936 0.942878 0.931985 0.827970 0.905347 0.893981 0.900202 0.948362 0.935972 0.967752 0.872502 0.969912 0.947801 0.834310 0.924181 0.913101 0.856987 0.938460 0.925668 0.932772 0.983043 0.985664 0.976725 0.990898 0.934133 0.980751 0.991115 0.829756 0.888301 0.899988 0.861336 0.991545 0.965484 0.892944 0.822422 0.860062 0.810041 0.850473 0.923642 0.906756 0.873399 0.893058 0.767003 0.899673 0.865022 0.935098 0.792167 0.973307 0.927295 0.968024 0.968773 0.906901 0.966244 0.845326 0.840914 0.877784 0.849084 0.947747 0.997603 0.810736 0.915887 0.737762 0.928695 0.912639 0.937395 0.926915 0.883500 0.861512 0.912597 0.773392 0.931768 0.962212 0.978638 0.795886 0.994871 0.978244 0.911720 0.902596 0.977251 0.922788 0.921109 0.980695 0.913584 0.989831 0.994779
0.816717 0.972963 0.427656 0.467355 0.705773 0.901382 0.000000 0.504587 0.587371 0.934359 0.806220 0.922715 0.552180 0.816805 0.747185 0.898197 0.958411 0.965157 0.705848 0.894501 0.775744 0.990625 0.645729 0.724964 0.813682 0.747558 0.916827 0.957810 0.972654 0.934435 0.917673 0.994684 0.668691 0.674119 0.727099 0.940711 0.939876 0.907398 0.957256 0.993237 0.838149 0.946441 0.763006 0.757883 0.901203 0.912627 0.790306 0.818596 0.877925 0.872912 0.755737 0.924953 0.931177 0.978372 0.860082 0.929459 0.928587 0.838307 0.656335 0.842287 0.458502 0.742718 0.866782 0.966161 0.435335 0.416422 0.439066 0.463865 0.820929 0.758540 0.770101 0.902985 0.912903 0.899847 0.977684 0.998216 0.850899 0.973874 0.946849 0.946923 0.853804 0.888020 0.947606 0.958763 0.464283 0.523589 0.892887 0.899990 0.736529 0.767732 0.624216 0.738871 0.761380 0.639985 0.923169 0.858749 0.978208 0.888371 0.777935 0.641329 0.685313 0.753367 0.911234 0.937588 0.649387 0.894890 0.974651 0.972998 0.777200 0.936519 0.811337 0.909586 0.916891 0.823256 0.770686 0.875516
0.791010 0.755587 0.768927 0.567528 0.780572 0.837958 0.504587 0.000000 0.836429 0.678809 0.844169 0.603810 0.590857 0.645230 0.748629 0.689463 0.892555 0.825411 0.837844 0.750561 0.905903 0.912307 0.738537 0.799783 0.841498 0.924972 0.952959 0.966371 0.776867 0.847792 0.999275 0.968188 0.666767 0.580091 0.797517 0.987662 0.917424 0.980635 0.845404 0.912308 0.790574 0.987000 0.816627 0.741734 0.784857 0.772296 0.834001 0.741897 0.991756 0.999298 0.577999 0.693885 0.818534 0.954151 0.974584 0.924451 0.920718 0.898790 0.650350 0.640489 0.414204 0.401528 0.609385 0.611702 0.631971 0.485019 0.559921 0.486700 0.715767 0.910760 0.947646 0.865911 0.845556 0.802304 0.941085 0.984510 0.673186 0.848431 0.838431 0.965586 0.676559 0.873535 0.878293 0.937013 0.615594 0.668284 0.992177 0.923816 0.895970 0.765710 0.593263 0.813748 0.762210 0.758846 0.835159 0.858500 0.769721 0.950381 0.544524 0.506906 0.592329 0.730154 0.815317 0.877274 0.609121 0.797900 0.973713 0.837269 0.826922 0.883216 0.692666 0.776491 0.771682 0.979213 0.693813 0.939902
0.914302 0.770951 0.733182 0.828951 0.662908 0.879372 0.587371 0.836429 0.000000 0.949494 0.942493 0.849122 0.755293 0.986869 0.841062 0.964731 0.750797 0.721757 0.932488 0.772602 0.895160 0.968726 0.752268 0.918424 0.964032 0.833221 0.951575 0.954831 0.818967 0.693641 0.961948 0.803655 0.980605 0.925153 0.800674 0.855750 0.931296 0.962318 0.935231 0.997880 0.892688 0.828510 0.979375 0.931724 0.822510 0.938279 0.910097 0.962633 0.943686 0.988111 0.929883 0.873569 0.787577 0.765968 0.817207 0.897316 0.732557 0.679884 0.970579 0.937453 0.767399 0.953005 0.822115 0.725232 0.709284 0.752484 0.762601 0.792348 0.814753 0.593751 0.771577 0.638732 0.802012 0.858269 0.979208 0.959072 0.886174 0.880022 0.686661 0.741958 0.785498 0.817692 0.923609 0.915717 0.686638 0.780571 0.914949 0.863616 0.776243 0.922172 0.586298 0.629463 0.649067 0.675288 0.870785 0.883910 0.882048 0.901912 0.837970 0.812671 0.904997 0.859052 0.746340 0.912776 0.878998 0.941581 0.923823 0.971519 0.935888 0.707463 0.837830 0.992180 0.997726 0.916230 0.917434 0.987157
0.904274 0.814306 0.888754 0.941832 0.979990 0.848500 0.934359 0.678809 0.949494 0.000000 0.797177 0.781739 0.915285 0.926584 0.967800 0.946279 0.803642 0.829491 0.970286 0.776289 0.725375 0.927168 0.886078 0.791600 0.823245 0.719243 0.747021 0.926174 0.617167 0.673275 0.880417 0.980454 0.766923 0.770547 0.855234 0.950863 0.955785 0.854648 0.824552 0.948476 0.904054 0.987966 0.775681 0.671494 0.559716 0.559427 0.919838 0.790976 0.609091 0.713483 0.657482 0.796893 0.742746 0.735034 0.898811 0.968393 0.841902 0.833870 0.828705 0.717505 0.830849 0.681028 0.815419 0.757382 0.869201 0.895304 0.951245 0.969515 0.889947 0.917494 0.969463 0.861787 0.916823 0.970101 0.933753 0.919405 0.845719 0.910183 0.986081 0.954257 0.907194 0.893209 0.810253 0.953316 0.819818 0.724479 0.951989 0.942986 0.915403 0.977072 0.958475 0.989644 0.943681 0.993024 0.850884 0.928400 0.904527 0.914733 0.687320 0.772216 0.772799 0.867778 0.720658 0.838155 0.941218 0.962538 0.890806 0.982835 0.983217 0.953668 0.814337 0.797815 0.931137 0.886215 0.951313 0.923904
0.626006 0.861650 0.983317 0.953133 0.764027 0.975731 0.806220 0.844169 0.942493 0.797177 0.000000 0.729984 0.801885 0.985833 0.941041 0.914634 0.592773 0.627035 0.747569 0.653957 0.813397 0.977215 0.770402 0.769196 0.871604 0.949769 0.835699 0.787216 0.586445 0.672591 0.948430 0.895952 0.834582 0.708760 0.961645 0.968806 0.939703 0.920748 0.904513 0.975096 0.956136 0.958607 0.948193 0.802076 0.896012 0.905808 0.998902 0.974127 0.925081 0.866821 0.963390 0.795101 0.824463 0.869174 0.903393 0.896364 0.705603 0.861976 0.755412 0.814154 0.762814 0.849757 0.666456 0.835158 0.873322 0.974672 0.902641 0.898023 0.909632 0.854638 0.950613 0.900815 0.614280 0.733626 0.994722 0.825588 0.859179 0.959518 0.887284 0.932212 0.823772 0.857392 0.881913 0.966465 0.969016 0.948970 0.779031 0.950041 0.867474 0.921713 0.724172 0.760607 0.836441 0.883299 0.957194 0.898803 0.951151 0.959827 0.968679 0.866026 0.934869 0.993290 0.965097 0.833028 0.955602 0.827832 0.866840 0.831749 0.985931 0.944327 0.915020 0.995752 0.934099 0.939848 0.978620 0.970770
0.658289 0.594052 0.817609 0.930925 0.841238 0.933772 0.922715 0.603810 0.849122 0.781739 0.729984 0.000000 0.653648 0.537259 0.694170 0.574080 0.566488 0.493004 0.733097 0.531130 0.915760 0.895142 0.928644 0.934005 0.675502 0.736392 0.842618 0.852225 0.471476 0.520309 0.996712 0.881092 0.690601 0.530823 0.939340 0.994327 0.938938 0.966354 0.805302 0.880899 0.854394 0.985470 0.865428 0.679793 0.713685 0.650786 0.891110 0.777135 0.971769 0.918140 0.856029 0.988027 0.923548 0.867529 0.983527 0.856292 0.610544 0.603178 0.775568 0.704895 0.531959 0.450295 0.427395 0.361092 0.984022 0.808819 0.845195 0.723747 0.970188 0.746935 0.902801 0.760844 0.791433 0.831224 0.934331 0.864198 0.662271 0.761598 0.640056 0.787078 0.541013 0.623653 0.674063 0.808014 0.853449 0.834482 0.837083 0.854756 0.806443 0.978004 0.896174 0.711676 0.794030 0.758524 0.803706 0.828159 0.795938 0.818596 0.813694 0.716803 0.836415 0.840843 0.691980 0.817562 0.858988 0.975518 0.983478 0.985816 0.985635 0.737449 0.663536 0.819819 0.827600 0.781944 0.779034 0.905299
0.987428 0.959616 0.723013 0.748950 0.634980 0.936568 0.552180 0.590857 0.755293 0.915285 0.801885 0.653648 0.000000 0.452433 0.437579 0.551893 0.811919 0.837906 0.768454 0.780767 0.949617 0.906359 0.558259 0.713284 0.908690 0.966847 0.956531 0.947404 0.746905 0.750597 0.863075 0.809365 0.669762 0.693734 0.851101 0.958945 0.979663 0.858593 0.730409 0.971738 0.710299 0.830689 0.974503 0.902699 0.814731 0.834476 0.917453 0.839315 0.807431 0.848730 0.775989 0.947253 0.887055 0.792528 0.861667 0.720845 0.947396 0.953667 0.945928 0.996783 0.365714 0.667403 0.623202 0.734478 0.695783 0.656517 0.800353 0.674068 0.632143 0.873681 0.813506 0.928061 0.900063 0.922226 0.858075 0.883074 0.926827 0.937426 0.789019 0.863040 0.727647 0.759769 0.693552 0.890607 0.547164 0.626582 0.836607 0.710024 0.911777 0.997159 0.859392 0.881745 0.936859 0.975760 0.909819 0.946433 0.912219 0.945300 0.863789 0.819604 0.883955 0.805524 0.948077 0.902856 0.813277 0.971972 0.897872 0.814653 0.958907 0.944412 0.856379 0.844491 0.956892 0.986309 0.734925 0.961864
0.944883 0.870976 0.988448 0.865434 0.860640 0.977083 0.816805 0.645230 0.986869 0.926584 0.985833 0.537259 0.452433 0.000000 0.399417 0.423494 0.782725 0.746029 0.871532 0.760320 0.888888 0.894077 0.658214 0.770898 0.766239 0.767015 0.985096 0.969197 0.676191 0.635518 0.909896 0.742052 0.705703 0.710918 0.982767 0.953754 0.803564 0.907984 0.582787 0.968264 0.656106 0.829722 0.935658 0.896573 0.858644 0.809472 0.982683 0.808471 0.779101 0.889923 0.805125 0.899835 0.923509 0.818750 0.890329 0.655247 0.985629 0.914924 0.976544 0.916450 0.502570 0.641414 0.607518 0.563685 0.861230 0.767526 0.975330 0.826165 0.698080 0.978003 0.840271 0.938877 0.926899 0.947872 0.881286 0.856357 0.922572 0.935528 0.737697 0.775110 0.696963 0.764289 0.626783 0.912534 0.723385 0.754737 0.710376 0.814669 0.976139 0.941253 0.990377 0.733226 0.768103 0.774036 0.915031 0.951077 0.979781 0.982582 0.888077 0.845247 0.991534 0.874430 0.842068 0.927007 0.873782 0.971701 0.859166 0.810158 0.896134 0.893840 0.767343 0.806150 0.998697 0.885954 0.761321 0.945248
0.855752 0.985379 0.848984 0.823196 0.874023 0.951122 0.747185 0.748629 0.841062 0.967800 0.941041 0.694170 0.437579 0.399417 0.000000 0.527191 0.849708 0.853042 0.845830 0.875399 0.944537 0.950151 0.553900 0.750755 0.883474 0.888140 0.908956 0.996088 0.772822 0.746107 0.807073 0.630124 0.668625 0.795501 0.911510 0.945425 0.930263 0.971394 0.700685 0.900788 0.741711 0.848251 0.981463 0.942083 0.792447 0.814838 0.893513 0.753198 0.805720 0.920112 0.833694 0.897987 0.878369 0.763583 0.894392 0.795538 0.911814 0.986588 0.958971 0.944629 0.544999 0.754381 0.750870 0.745168 0.779759 0.770806 0.936219 0.808040 0.707145 0.938212 0.793232 0.992651 0.889689 0.941022 0.859797 0.878919 0.972428 0.960809 0.771323 0.836912 0.808037 0.812803 0.620562 0.921887 0.666743 0.707218 0.683096 0.762645 0.934579 0.981990 0.910033 0.852936 0.882430 0.887284 0.959942 0.901750 0.947757 0.977226 0.880234 0.836499 0.996656 0.824146 0.954906 0.954996 0.839766 0.976220 0.841403 0.819396 0.855167 0.995995 0.864507 0.770235 0.992113 0.973624 0.763588 0.843279
0.953969 0.836114 0.955606 0.854281 0.912561 0.692478 0.898197 0.689463 0.964731 0.946279 0.914634 0.574080 0.551893 0.423494 0.527191 0.000000 0.922825 0.832897 0.864008 0.801043 0.871465 0.867983 0.587532 0.653328 0.799537 0.877499 0.960230 0.947103 0.752042 0.750320 0.826292 0.770028 0.765225 0.736368 0.990533 0.975335 0.958392 0.982992 0.735411 0.995704 0.810968 0.811759 0.942556 0.946833 0.807760 0.778798 0.973137 0.788556 0.845348 0.911248 0.834835 0.918029 0.932944 0.881907 0.943518 0.756321 0.944778 0.907942 0.905392 0.984037 0.594671 0.639064 0.664113 0.573567 0.877305 0.765276 0.945630 0.758190 0.712083 0.936114 0.996491 0.829078 0.837902 0.834665 0.899647 0.893932 0.898169 0.905937 0.735862 0.838939 0.744859 0.776679 0.599713 0.936775 0.727936 0.751933 0.671589 0.737126 0.894768 0.951164 0.923562 0.822881 0.895827 0.835910 0.947132 0.925358 0.991063 0.858806 0.837284 0.862272 0.879405 0.917732 0.844305 0.895376 0.841782 0.908404 0.934144 0.958332 0.976494 0.814560 0.770115 0.781727 0.938679 0.891366 0.782431 0.993833
0.549742 0.569973 0.994276 0.992333 0.973536 0.897466 0.958411 0.892555 0.750797 0.803642 0.592773 0.566488 0.811919 0.782725 0.849708 0.922825 0.000000 0.360147 0.518987 0.434102 0.991318 0.934862 0.872186 0.895807 0.997553 0.894519 0.928231 0.851727 0.437060 0.449815 0.794585 0.738530 0.561935 0.572902 0.963115 0.971705 0.944687 0.966659 0.938387 0.994757 0.960757 0.834356 0.735387 0.561975 0.789468 0.707809 0.667881 0.699269 0.857564 0.914247 0.833570 0.918968 0.926050 0.878156 0.870302 0.899191 0.452183 0.500555 0.621897 0.716964 0.767929 0.820202 0.520104 0.573876 0.950918 0.985723 0.914639 0.836316 0.812619 0.546081 0.811875 0.766739 0.601916 0.607565 0.950657 0.903213 0.748240 0.872571 0.650144 0.629014 0.529975 0.597665 0.838527 0.820533 0.991741 0.987033 0.886056 0.957753 0.764334 0.965729 0.651620 0.598541 0.673307 0.723251 0.865308 0.827026 0.820517 0.909459 0.947489 0.888219 0.911262 0.958578 0.697760 0.729785 0.952788 0.903922 0.941787 0.826618 0.979547 0.717400 0.741505 0.865495 0.979979 0.864963 0.856376 0.975673
0.518445 0.493972 0.903867 0.992272 0.921593 0.924657 0.965157 0.825411 0.721757 0.829491 0.627035 0.493004 0.837906 0.746029 0.853042 0.832897 0.360147 0.000000 0.565531 0.416078 0.976747 0.995412 0.919984 0.916132 0.897449 0.860790 0.934442 0.832523 0.440489 0.434061 0.812368 0.778514 0.602157 0.525505 0.977861 0.973522 0.997113 0.905359 0.982302 0.996271 0.929974 0.849964 0.789095 0.593793 0.806366 0.706243 0.732294 0.697394 0.910296 0.937146 0.889529 0.950895 0.882967 0.853959 0.895500 0.959447 0.417392 0.453519 0.658529 0.661075 0.754660 0.706074 0.462901 0.441590 0.914197 0.990531 0.941385 0.826155 0.775813 0.468971 0.724532 0.721514 0.555068 0.602420 0.886402 0.857955 0.699628 0.789419 0.545076 0.574734 0.436028 0.522822 0.739357 0.708225 0.979971 0.926762 0.930926 0.997962 0.724187 0.911158 0.661479 0.521562 0.626323 0.631204 0.798876 0.834337 0.702318 0.798979 0.904469 0.837427 0.875566 0.985324 0.624335 0.734918 0.905321 0.981410 0.982363 0.856520 0.925282 0.618116 0.672031 0.871917 0.981701 0.840729 0.804500 0.996946
0.557887 0.610567 0.663394 0.679263 0.925494 0.963347 0.705848 0.837844 0.932488 0.970286 0.747569 0.733097 0.768454 0.871532 0.845830 0.864008 0.518987 0.565531 0.000000 0.541152 0.830128 0.850297 0.811090 0.784328 0.730614 0.725111 0.850244 0.991458 0.656951 0.717740 0.655471 0.748241 0.516469 0.540273 0.891535 0.947557 0.925564 0.817192 0.982667 0.972591 0.937277 0.897133 0.606788 0.557780 0.807114 0.783190 0.544500 0.653561 0.938389 0.958323 0.803078 0.934458 0.953961 0.864096 0.896024 0.900351 0.558730 0.698752 0.636308 0.852303 0.723735 0.927776 0.662028 0.810389 0.689158 0.739004 0.627464 0.614986 0.802131 0.675116 0.790348 0.729077 0.758574 0.712251 0.973175 0.866814 0.721502 0.838192 0.738874 0.661083 0.620309 0.587437 0.756793 0.770535 0.749794 0.691369 0.814515 0.945617 0.939598 0.870510 0.907268 0.852093 0.895418 0.965272 0.960703 0.834043 0.796218 0.790846 0.967590 0.787881 0.718573 0.895122 0.788508 0.747724 0.808902 0.896098 0.944783 0.909657 0.895493 0.902564 0.680257 0.940994 0.968671 0.993951 0.842974 0.862712
0.549917 0.568396 0.959300 0.862616 0.908093 0.965285 0.894501 0.750561 0.772602 0.776289 0.653957 0.531130 0.780767 0.760320 0.875399 0.801043 0.434102 0.416078 0.541152 0.000000 0.981369 0.948414 0.962291 0.903669 0.997237 0.907000 0.971699 0.822703 0.487951 0.490717 0.800131 0.756574 0.570393 0.532546 0.925872 0.942803 0.942606 0.835178 0.928503 0.983349 0.952215 0.838427 0.702184 0.590262 0.866919 0.738004 0.744418 0.702655 0.936926 0.920135 0.837850 0.921056 0.848243 0.814218 0.977862 0.899802 0.498074 0.528370 0.671951 0.698420 0.715932 0.724348 0.529693 0.557197 0.978248 0.878938 0.784959 0.721785 0.840214 0.553113 0.765175 0.665484 0.657543 0.713109 0.955716 0.856049 0.671828 0.722953 0.648907 0.642689 0.502949 0.572390 0.847806 0.772544 0.893959 0.867506 0.803125 0.981575 0.696650 0.907709 0.759648 0.662152 0.760081 0.750576 0.859524 0.822027 0.775577 0.841891 0.938678 0.820401 0.708129 0.999867 0.625997 0.724012 0.769938 0.946557 0.905338 0.908548 0.968934 0.714941 0.591276 0.884876 0.987665 0.781372 0.767783 0.979585
0.903636 0.911707 0.721159 0.775898 0.813088 0.972187 0.775744 0.905903 0.895160 0.725375 0.813397 0.915760 0.949617 0.888888 0.944537 0.871465 0.991318 0.976747 0.830128 0.981369 0.000000 0.885815 0.967058 0.904298 0.805893 0.690717 0.864627 0.871998 0.954474 0.959526 0.980551 0.951078 0.958857 0.923906 0.931705 0.901660 0.955194 0.931404 0.733117 0.959685 0.946996 0.933175 0.980602 0.993442 0.789784 0.783386 0.945651 0.891030 0.738253 0.779115 0.828289 0.797029 0.752560 0.816649 0.921841 0.919244 0.985358 0.848441 0.970607 0.814166 0.958996 0.847763 0.995755 0.824938 0.843546 0.811868 0.846918 0.828078 0.917890 0.978525 0.934520 0.904890 0.926877 0.913294 0.882596 0.892129 0.963377 0.974185 0.983223 0.849749 0.999912 0.926453 0.976752 0.971380 0.877559 0.773519 0.859103 0.940538 0.997535 0.862397 0.898316 0.954448 0.998862 0.930585 0.845824 0.983056 0.902109 0.999743 0.731584 0.924479 0.960858 0.918771 0.835177 0.912460 0.972455 0.970266 0.958797 0.929276 0.969543 0.979014 0.981427 0.762583 0.933060 0.932439 0.950356 0.898090
0.901011 0.934348 0.825023 0.915073 0.767745 0.890319 0.990625 0.912307 0.968726 0.927168 0.977215 0.895142 0.906359 0.894077 0.950151 0.867983 0.934862 0.995412 0.850297 0.948414 0.885815 0.000000 0.925401 0.993461 0.813068 0.920388 0.955754 0.870347 0.908582 0.972624 0.863811 0.902858 0.892736 0.907087 0.928119 0.876379 0.796458 0.790004 0.852080 0.792740 0.926877 0.952890 0.785315 0.906487 0.933685 0.971330 0.723846 0.946352 0.990171 0.820531 0.887682 0.933014 0.857569 0.997854 0.963839 0.904743 0.960223 0.945328 0.869094 0.989486 0.845018 0.795666 0.968418 0.917406 0.969070 0.920344 0.943687 0.911245 0.984346 0.966563 0.994713 0.938242 0.960559 0.879097 0.923280 0.847459 0.961075 0.979279 0.981445 0.920784 0.991418 0.998884 0.944470 0.944511 0.889343 0.893096 0.765060 0.831995 0.960573 0.948845 0.904729 0.956391 0.946405 0.920708 0.951928 0.924287 0.905029 0.939070 0.904611 0.927880 0.965810 0.904528 0.932171 0.793772 0.894611 0.775531 0.879351 0.992622 0.960144 0.924059 0.920199 0.943945 0.910110 0.944466 0.940650 0.936346
0.842062 0.964057 0.650128 0.556560 0.802546 0.749920 0.645729 0.738537 0.752268 0.886078 0.770402 0.928644 0.558259 0.658214 0.553900 0.587532 0.872186 0.919984 0.811090 0.962291 0.967058 0.925401 0.000000 0.417194 0.838026 0.711758 0.696813 0.909495 0.843049 0.883875 0.762825 0.769798 0.741809 0.848769 0.818927 0.788045 0.850498 0.949332 0.837300 0.967804 0.781871 0.827484 0.990610 0.968093 0.894543 0.930177 0.890681 0.756290 0.825213 0.948216 0.813558 0.843905 0.831429 0.805775 0.949080 0.957590 0.844036 0.894184 0.895883 0.898305 0.635700 0.857688 0.960518 0.967918 0.499946 0.550307 0.762350 0.627408 0.735167 0.831229 0.952607 0.900202 0.718916 0.724630 0.818969 0.960016 0.919484 0.854733 0.929531 0.920756 0.845816 0.782116 0.571663 0.876908 0.421534 0.458600 0.778915 0.622878 0.869944 0.764252 0.663478 0.893617 0.846371 0.961351 0.898705 0.933872 0.979969 0.978709 0.884272 0.781907 0.766078 0.762416 0.993846 0.814198 0.638019 0.801663 0.852713 0.936519 0.999441 0.991528 0.876730 0.913184 0.969016 0.971375 0.721873 0.937815
0.974829 0.961851 0.646305 0.502003 0.883525 0.816092 0.724964 0.799783 0.918424 0.791600 0.769196 0.934005 0.713284 0.770898 0.750755 0.653328 0.895807 0.916132 0.784328 0.903669 0.904298 0.993461 0.417194 0.000000 0.751575 0.702031 0.653574 0.971023 0.816526 0.851234 0.789404 0.779995 0.824918 0.854258 0.968977 0.783707 0.879542 0.885405 0.943512 0.985198 0.944533 0.917670 0.975447 0.994761 0.930507 0.989095 0.804682 0.810820 0.794417 0.976853 0.828477 0.906162 0.952561 0.972379 0.938149 0.973484 0.974802 0.976151 0.967930 0.936487 0.773027 0.923470 0.986150 0.993532 0.543037 0.562963 0.783192 0.642094 0.888747 0.886749 0.985907 0.825279 0.714088 0.746681 0.916331 0.853195 0.967238 0.894113 0.900487 0.834299 0.823920 0.741856 0.685654 0.871550 0.483466 0.476505 0.837837 0.640282 0.835790 0.776462 0.742453 0.864972 0.810651 0.891853 0.899887 0.955127 0.894963 0.858873 0.967506 0.900325 0.697583 0.867916 0.908615 0.869807 0.701672 0.720123 0.930273 0.987399 0.931869 0.917806 0.867020 0.941415 0.934191 0.926195 0.835424 0.744061
0.865577 0.884720 0.506858 0.715589 0.895516 0.977783 0.813682 0.841498 0.964032 0.823245 0.871604 0.675502 0.908690 0.766239 0.883474 0.799537 0.997553 0.897449 0.730614 0.997237 0.805893 0.813068 0.838026 0.751575 0.000000 0.490224 0.735261 0.965136 0.792685 0.765200 0.675346 0.901947 0.865043 0.922226 0.836486 0.934504 0.755892 0.858217 0.787127 0.801978 0.858173 0.925649 0.666490 0.809346 0.908907 0.977860 0.634058 0.717604 0.920315 0.774195 0.882027 0.963048 0.916803 0.953932 0.795435 0.781870 0.899920 0.953462 0.767594 0.969534 0.906619 0.708102 0.768650 0.677499 0.602801 0.859401 0.738338 0.810212 0.817552 0.933507 0.796372 0.931705 0.975426 0.938049 0.964143 0.920751 0.976416 0.922951 0.995403 0.892260 0.931293 0.833842 0.977285 0.872859 0.775590 0.782643 0.742511 0.992527 0.894650 0.797130 0.977764 0.874799 0.850226 0.871292 0.967085 0.824366 0.992354 0.963270 0.833094 0.842162 0.865330 0.982244 0.985866 0.892134 0.892422 0.939032 0.923111 0.862274 0.950699 0.987912 0.974553 0.875837 0.963997 0.970935 0.941106 0.709526
0.918586 0.945511 0.532133 0.593215 0.966004 0.919906 0.747558 0.924972 0.833221 0.719243 0.949769 0.736392 0.966847 0.767015 0.888140 0.877499 0.894519 0.860790 0.725111 0.907000 0.690717 0.920388 0.711758 0.702031 0.490224 0.000000 0.709702 0.847407 0.710292 0.663063 0.695550 0.952798 0.833677 0.930583 0.909383 0.856065 0.748834 0.897557 0.800064 0.872530 0.871362 0.919667 0.824689 0.927565 0.949639 0.932996 0.722470 0.839639 0.957981 0.955858 0.968344 0.924296 0.969917 0.951401 0.815276 0.800880 0.972603 0.959110 0.916636 0.901475 0.960003 0.749663 0.780316 0.683299 0.547888 0.740238 0.691190 0.718554 0.894527 0.883059 0.813784 0.937052 0.940986 0.987868 0.940411 0.986507 0.871264 0.930773 0.952286 0.928398 0.984821 0.859489 0.915441 0.937899 0.683898 0.630331 0.753179 0.923873 0.862078 0.726651 0.858185 0.767332 0.790973 0.830508 0.883460 0.906380 0.997073 0.995942 0.957028 0.956827 0.884856 0.937905 0.783166 0.953706 0.859711 0.844409 0.882475 0.928609 0.920173 0.931108 0.951597 0.806789 0.898115 0.876181 0.848016 0.803057
0.989722 0.937208 0.800201 0.800225 0.957139 0.952593 0.916827 0.952959 0.951575 0.747021 0.835699 0.842618 0.956531 0.985096 0.908956 0.960230 0.928231 0.934442 0.850244 0.971699 0.864627 0.955754 0.696813 0.653574 0.735261 0.709702 0.000000 0.919930 0.740661 0.877086 0.872594 0.832348 0.958015 0.993487 0.935096 0.914440 0.952754 0.949778 0.899615 0.990162 0.962187 0.959597 0.930283 0.858915 0.869879 0.860608 0.979744 0.963047 0.847684 0.976565 0.927409 0.947463 0.964915 0.943738 0.965528 0.991603 0.967293 0.967683 0.905024 0.870758 0.961765 0.843356 0.887180 0.850299 0.781858 0.853407 0.988238 0.937123 0.994183 0.997545 0.936664 0.942392 0.812562 0.895013 0.964315 0.927262 0.877653 0.947514 0.918490 0.860076 0.983320 0.894379 0.904954 0.955755 0.748311 0.712384 0.962934 0.801404 0.963413 0.933975 0.913381 0.969867 0.953872 0.935353 0.994310 0.939233 0.837965 0.780023 0.886003 0.991581 0.864705 0.914378 0.960006 0.959118 0.825388 0.801424 0.927857 0.844824 0.981659 0.962604 0.982983 0.989052 0.890667 0.931493 0.967952 0.820934
0.819663 0.905223 0.921732 0.880814 0.982029 0.896955 0.957810 0.966371 0.954831 0.926174 0.787216 0.852225 0.947404 0.969197 0.996088 0.947103 0.851727 0.832523 0.991458 0.822703 0.871998 0.870347 0.909495 0.971023 0.965136 0.847407 0.919930 0.000000 0.899019 0.918254 0.916049 0.980434 0.962511 0.898729 0.887891 0.992564 0.898971 0.972978 0.958452 0.838597 0.934152 0.960869 0.903480 0.865278 0.983358 0.931691 0.965481 0.979250 0.979432 0.944956 0.969061 0.862248 0.944986 0.853858 0.892176 0.976617 0.842474 0.918755 0.832543 0.828495 0.898331 0.868067 0.971440 0.889832 0.894504 0.996649 0.980866 0.958944 0.791397 0.900596 0.990344 0.996113 0.823120 0.900257 0.913285 0.980578 0.963838 0.936399 0.927545 0.910273 0.857490 0.849892 0.967920 0.970971 0.960619 0.977270 0.981380 0.932525 0.801210 0.995737 0.911378 0.909590 0.844509 0.979952 0.971336 0.962408 0.975313 0.937750 0.960436 0.887096 0.937345 0.850380 0.934958 0.921535 0.939951 0.997296 0.986133 0.939679 0.966163 0.980787 0.885803 0.924963 0.866565 0.817320 0.990791 0.911753
0.620020 0.632477 0.861294 0.896901 0.969959 0.987704 0.972654 0.776867 0.818967 0.617167 0.586445 0.471476 0.746905 0.676191 0.772822 0.752042 0.437060 0.440489 0.656951 0.487951 0.954474 0.908582 0.843049 0.816526 0.792685 0.710292 0.740661 0.899019 0.000000 0.392695 0.816787 0.798198 0.600138 0.555200 0.995716 0.817912 0.976218 0.938972 0.786497 0.966073 0.867728 0.909851 0.767992 0.578106 0.675346 0.584069 0.788994 0.752651 0.819882 0.895525 0.792101 0.997898 0.973909 0.981724 0.976149 0.848997 0.572754 0.608043 0.717642 0.704166 0.712107 0.696841 0.470115 0.494434 0.833300 0.913397 0.932374 0.884390 0.951022 0.615086 0.951147 0.845189 0.627927 0.644644 0.941579 0.817718 0.691808 0.905955 0.702267 0.749101 0.610503 0.759604 0.895505 0.903311 0.887018 0.861665 0.979571 0.957718 0.771411 0.903875 0.679866 0.614524 0.698352 0.728507 0.837479 0.861376 0.868458 0.856009 0.854176 0.832004 0.881045 0.977290 0.684491 0.742782 0.986295 0.924331 0.950158 0.884636 0.940272 0.749397 0.726209 0.756903 0.945644 0.818214 0.878719 0.917081
0.762680 0.715137 0.823329 0.866591 0.942380 0.938316 0.934435 0.847792 0.693641 0.673275 0.672591 0.520309 0.750597 0.635518 0.746107 0.750320 0.449815 0.434061 0.717740 0.490717 0.959526 0.972624 0.883875 0.851234 0.765200 0.663063 0.877086 0.918254 0.392695 0.000000 0.812872 0.734045 0.653755 0.562519 0.950860 0.835226 0.910984 0.955664 0.873271 0.937110 0.929911 0.955060 0.894733 0.683748 0.815057 0.738757 0.882273 0.840432 0.989679 0.983231 0.914747 0.868938 0.904626 0.988791 0.986094 0.749956 0.631792 0.663451 0.858718 0.805688 0.775764 0.759347 0.504216 0.503878 0.742705 0.844396 0.899448 0.981477 0.957285 0.639331 0.958366 0.792510 0.705334 0.700045 0.992522 0.787328 0.800002 0.867458 0.717008 0.675057 0.631850 0.753657 0.832252 0.874116 0.850763 0.842300 0.984991 0.987827 0.727342 0.826941 0.644120 0.488531 0.580205 0.620702 0.813930 0.878777 0.901545 0.861664 0.923698 0.999633 0.949787 0.929545 0.614037 0.876987 0.986129 0.859717 0.994079 0.814291 0.874303 0.682194 0.712213 0.848563 0.958044 0.848894 0.912834 0.835178
0.898726 0.750053 0.728754 0.779327 0.965437 0.793116 0.917673 0.999275 0.961948 0.880417 0.948430 0.996712 0.863075 0.909896 0.807073 0.826292 0.794585 0.812368 0.655471 0.800131 0.980551 0.863811 0.762825 0.789404 0.675346 0.695550 0.872594 0.916049 0.816787 0.812872 0.000000 0.608827 0.602630 0.735800 0.899215 0.999418 0.756222 0.837798 0.993754 0.877362 0.922594 0.933521 0.711135 0.729211 0.766128 0.754442 0.627114 0.574358 0.843381 0.778215 0.755979 0.902420 0.843697 0.816689 0.721962 0.957698 0.738913 0.760553 0.961186 0.930402 0.951410 0.907154 0.918205 0.952808 0.857454 0.984371 0.933641 0.869355 0.951396 0.820823 0.795642 0.778468 0.917193 0.929453 0.951832 0.819710 0.999357 0.872760 0.851191 0.691555 0.752065 0.742625 0.777615 0.800745 0.875918 0.885789 0.879195 0.802067 0.941915 0.898352 0.891683 0.845394 0.888114 0.855320 0.928561 0.799877 0.905106 0.833854 0.932589 0.989287 0.916887 0.980130 0.912139 0.988485 0.999259 0.953710 0.980085 0.816542 0.862601 0.890950 0.895985 0.944377 0.914795 0.994601 0.881843 0.961167
0.985159 0.901226 0.844124 0.901519 0.891480 0.950936 0.994684 0.968188 0.803655 0.980454 0.895952 0.881092 0.809365 0.742052 0.630124 0.770028 0.738530 0.778514 0.748241 0.756574 0.951078 0.902858 0.769798 0.779995 0.901947 0.952798 0.832348 0.980434 0.798198 0.734045 0.608827 0.000000 0.606300 0.828537 0.959602 0.923372 0.944289 0.875176 0.872107 0.878802 0.943960 0.848578 0.892084 0.839965 0.872590 0.848271 0.752861 0.739238 0.968724 0.913964 0.812299 0.959894 0.934271 0.917908 0.783936 0.947222 0.851928 0.774215 0.932033 0.999429 0.923253 0.966967 0.838249 0.812690 0.950907 0.983838 0.953616 0.924198 0.971553 0.850220 0.921697 0.687223 0.950888 0.924305 0.943291 0.932900 0.976947 0.837783 0.772961 0.605375 0.722827 0.734197 0.687920 0.719172 0.912656 0.877937 0.983035 0.760867 0.883706 0.948713 0.881017 0.821966 0.735429 0.817311 0.943193 0.967142 0.997911 0.780103 0.982572 0.965504 0.990032 0.987304 0.828144 0.921182 0.900155 0.908119 0.886857 0.891001 0.883962 0.852754 0.862528 0.838724 0.858288 0.896024 0.906043 0.996473
0.711739 0.598238 0.688231 0.644214 0.953104 0.942878 0.668691 0.666767 0.980605 0.766923 0.834582 0.690601 0.669762 0.705703 0.668625 0.765225 0.561935 0.602157 0.516469 0.570393 0.958857 0.892736 0.741809 0.824918 0.865043 0.833677 0.958015 0.962511 0.600138 0.653755 0.602630 0.606300 0.000000 0.515585 0.785405 0.988623 0.881733 0.927412 0.901766 0.970233 0.900642 0.822218 0.628664 0.538940 0.674426 0.649423 0.551294 0.537577 0.887359 0.830806 0.619424 0.793648 0.859307 0.922965 0.843197 0.983540 0.636752 0.637590 0.618896 0.685935 0.611629 0.768243 0.611862 0.664573 0.706455 0.752078 0.655974 0.562783 0.998300 0.826298 0.897116 0.724609 0.883693 0.905803 0.998427 0.877385 0.724890 0.812253 0.773714 0.656460 0.540686 0.633183 0.711455 0.765915 0.712759 0.738156 0.855402 0.897239 0.956213 0.737819 0.976294 0.893569 0.929242 0.928207 0.841877 0.839666 0.927231 0.882425 0.694695 0.689625 0.768201 0.809510 0.783152 0.815838 0.702672 0.911277 0.895079 0.924600 0.986825 0.860587 0.751693 0.868048 0.971714 0.965021 0.681170 0.998967
0.557971 0.532430 0.772542 0.694596 0.857740 0.931985 0.674119 0.580091 0.925153 0.770547 0.708760 0.530823 0.693734 0.710918 0.795501 0.736368 0.572902 0.525505 0.540273 0.532546 0.923906 0.907087 0.848769 0.854258 0.922226 0.930583 0.993487 0.898729 0.555200 0.562519 0.735800 0.828537 0.515585 0.000000 0.812833 0.963842 0.876786 0.877216 0.975540 0.984927 0.928868 0.892290 0.609112 0.491659 0.724722 0.637637 0.623530 0.582957 0.918026 0.956654 0.691944 0.950362 0.999579 0.898430 0.933669 0.951331 0.571619 0.652499 0.588947 0.642940 0.584021 0.629721 0.570062 0.590033 0.759020 0.709630 0.639189 0.542066 0.949665 0.765216 0.822273 0.730308 0.768156 0.751667 0.932037 0.885312 0.657567 0.719145 0.714067 0.746076 0.526055 0.627740 0.774805 0.756665 0.750073 0.749484 0.902676 0.908563 0.887513 0.888637 0.977020 0.814915 0.906576 0.941104 0.811811 0.735121 0.783840 0.831296 0.726343 0.698231 0.678390 0.958214 0.688962 0.764110 0.718428 0.909224 0.927073 0.906794 0.878232 0.680887 0.704437 0.791440 0.794321 0.912036 0.704037 0.891064
0.852617 0.874584 0.740595 0.740010 0.929431 0.827970 0.727099 0.797517 0.800674 0.855234 0.961645 0.939340 0.851101 0.982767 0.911510 0.990533 0.963115 0.977861 0.891535 0.925872 0.931705 0.928119 0.818927 0.968977 0.836486 0.909383 0.935096 0.887891 0.995716 0.950860 0.899215 0.959602 0.785405 0.812833 0.000000 0.898708 0.757555 0.968695 0.940904 0.970100 0.920803 0.965755 0.716372 0.714449 0.735573 0.732125 0.863533 0.740233 0.779383 0.747873 0.735327 0.783460 0.777560 0.849639 0.907004 0.893332 0.922353 0.881106 0.779443 0.839502 0.737067 0.779567 0.976896 0.984390 0.701718 0.731565 0.682367 0.702496 0.991623 0.924415 0.940310 0.931337 0.950495 0.947858 0.939954 0.928328 0.754211 0.768519 0.976028 0.919602 0.888628 0.905577 0.893671 0.791084 0.751488 0.791477 0.979280 0.957542 0.918760 0.790304 0.785844 0.830988 0.835406 0.802528 0.984415 0.854886 0.951219 0.975213 0.836236 0.889795 0.897048 0.732495 0.942699 0.814779 0.828714 0.955178 0.859578 0.997918 0.907534 0.978395 0.986120 0.936195 0.829916 0.950984 0.727811 0.915525
0.935648 0.986348 0.889788 0.877795 0.865927 0.905347 0.940711 0.987662 0.855750 0.950863 0.968806 0.994327 0.958945 0.953754 0.945425 0.975335 0.971705 0.973522 0.947557 0.942803 0.901660 0.876379 0.788045 0.783707 0.934504 0.856065 0.914440 0.992564 0.817912 0.835226 0.999418 0.923372 0.988623 0.963842 0.898708 0.000000 0.934460 0.955332 0.990705 0.884287 0.956382 0.969349 0.965637 0.979998 0.901445 0.963223 0.991120 0.949540 0.950628 0.987934 0.973759 0.991774 0.970692 0.990050 0.891364 0.966532 0.982099 0.945835 0.983071 0.994297 0.929533 0.940191 0.871214 0.913934 0.810068 0.888127 0.948188 0.939177 0.907326 0.966746 0.964520 0.937908 0.973877 0.918181 0.950990 0.886031 0.896854 0.908483 0.855105 0.971614 0.997214 0.900726 0.769432 0.922974 0.751205 0.797166 0.905715 0.750508 0.827570 0.777497 0.911618 0.970939 0.878933 0.982541 0.992402 0.943603 0.822193 0.936164 0.957154 0.963271 0.868195 0.896121 0.907481 0.863161 0.903979 0.953961 0.800446 0.966927 0.968502 0.975977 0.971520 0.959101 0.974064 0.970553 0.951959 0.980925
0.943762 0.813933 0.884318 0.935882 0.977522 0.893981 0.939876 0.917424 0.931296 0.955785 0.939703 0.938938 0.979663 0.803564 0.930263 0.958392 0.944687 0.997113 0.925564 0.942606 0.955194 0.796458 0.850498 0.879542 0.755892 0.748834 0.952754 0.898971 0.976218 0.910984 0.756222 0.944289 0.881733 0.876786 0.757555 0.934460 0.000000 0.666122 0.801160 0.919295 0.821680 0.898081 0.797964 0.874838 0.792101 0.731586 0.762545 0.743374 0.745523 0.678181 0.850279 0.818690 0.847324 0.860601 0.745497 0.706029 0.858380 0.825541 0.999822 0.990316 0.920032 0.979136 0.955991 0.988275 0.901927 0.945966 0.904325 0.824344 0.948976 0.922638 0.677010 0.883148 0.989735 0.961577 0.923355 0.967606 0.997236 0.774072 0.929136 0.963157 0.913720 0.887370 0.917859 0.803500 0.947344 0.979455 0.849785 0.865286 0.793236 0.844839 0.991644 0.958494 0.879623 0.946641 0.959544 0.842615 0.946074 0.805644 0.822006 0.990135 0.844180 0.962773 0.921916 0.926439 0.903687 0.816737 0.980303 0.897651 0.898117 0.815827 0.892682 0.975976 0.969558 0.926440 0.784189 0.961634
0.850718 0.763950 0.950925 0.936108 0.882066 0.900202 0.907398 0.980635 0.962318 0.854648 0.920748 0.966354 0.858593 0.907984 0.971394 0.982992 0.966659 0.905359 0.817192 0.835178 0.931404 0.790004 0.949332 0.885405 0.858217 0.897557 0.949778 0.972978 0.938972 0.955664 0.837798 0.875176 0.927412 0.877216 0.968695 0.955332 0.666122 0.000000 0.942770 0.992413 0.977679 0.833208 0.673377 0.776599 0.762206 0.734091 0.689187 0.644863 0.717499 0.672186 0.876877 0.819483 0.837561 0.962850 0.816888 0.787331 0.809698 0.786773 0.911708 0.965397 0.883481 0.954620 0.906559 0.966989 0.926341 0.956588 0.897727 0.938382 0.718252 0.812022 0.742470 0.681301 0.866432 0.834200 0.936868 0.983711 0.983763 0.867259 0.864514 0.879851 0.939841 0.915066 0.976229 0.888878 0.959519 0.965140 0.877256 0.954347 0.837129 0.920477 0.938820 0.943056 0.886231 0.949964 0.968168 0.794038 0.696212 0.725677 0.864206 0.822250 0.762701 0.936552 0.792358 0.697527 0.915698 0.688920 0.879847 0.968864 0.928388 0.921991 0.793257 0.907661 0.938035 0.831221 0.869878 0.818869
