0.000000 0.182735 0.738906 0.689713 0.683391 0.732838 0.796151 0.238813 0.942460 0.357451 0.227304 0.196900 0.328511 0.265034 0.515433 0.570904 0.235701 0.223816 0.267992 0.251678 0.993363 0.896484 0.920403 0.873823 0.631399 0.840450 0.989492 0.951539 0.255325 0.255726 0.620416 0.660719 0.478432 0.343597 0.717175 0.596861 0.937046 0.960753 0.996092 0.906591 0.820770 0.800653 0.628602 0.402883 0.674246 0.355048 0.534788 0.414505 0.191685 0.221891 0.301544 0.290443 0.385048 0.486869 0.660088 0.514188 0.313813 0.286578 0.332247 0.275014 0.524571 0.253521 0.242544 0.199748 0.469286 0.828613 0.858546 0.959782 0.576682 0.466707 0.649790 0.691550 0.455861 0.442854 0.736308 0.917585 0.366887 0.506558 0.530200 0.353383 0.255156 0.289714 0.507970 0.693540 0.800231 0.827448 0.676048 0.905434 0.949178 0.657755 0.820668 0.769453 0.755490 0.534555 0.998232 0.799100 0.835620 0.636200 0.513548 0.595579 0.589715 0.809044 0.445091 0.533480 0.717795 0.780596 0.982310 0.980221 0.730361 0.979797 0.982849 0.727189 0.528272 0.964754 0.745704 0.765687
0.182735 0.000000 0.652379 0.791348 0.654748 0.815950 0.948073 0.311147 0.829108 0.417501 0.294505 0.238567 0.436144 0.328103 0.629191 0.637627 0.245368 0.230386 0.267579 0.224755 0.989470 0.832706 0.916579 0.871525 0.711328 0.821484 0.998858 0.942341 0.262535 0.284598 0.668106 0.702719 0.547833 0.397218 0.693802 0.637426 0.941709 0.949551 0.946626 0.912734 0.761366 0.808398 0.757818 0.488344 0.753974 0.417517 0.583321 0.498618 0.211606 0.241692 0.356551 0.344743 0.433298 0.551202 0.673902 0.547658 0.252446 0.207914 0.446149 0.327573 0.679174 0.326301 0.325118 0.248064 0.379511 0.689594 0.720368 0.843363 0.533742 0.418342 0.730700 0.772110 0.438626 0.488052 0.768839 0.952735 0.403443 0.528389 0.560065 0.335827 0.255869 0.271328 0.574947 0.655417 0.816782 0.838081 0.697649 0.971528 0.867674 0.727936 0.949758 0.665423 0.680464 0.482330 0.960347 0.802329 0.890501 0.583280 0.617380 0.720718 0.674314 0.904492 0.505733 0.613726 0.772065 0.910888 0.998911 0.922596 0.766951 0.994597 0.973036 0.816878 0.560529 0.941840 0.877398 0.787458
0.738906 0.652379 0.000000 0.622528 0.739095 0.905666 0.481626 0.939668 0.731869 0.929022 0.791684 0.604011 0.908816 0.596506 0.910660 0.742430 0.785864 0.794870 0.690266 0.637439 0.856516 0.922922 0.782968 0.925978 0.659798 0.414562 0.817256 0.899960 0.816457 0.773423 0.774381 0.855920 0.806825 0.909721 0.442345 0.629478 0.883257 0.939900 0.755920 0.984909 0.807200 0.905980 0.753381 0.958579 0.674637 0.950835 0.928139 0.918630 0.783254 0.672997 0.835633 0.780730 0.875527 0.942127 0.987095 0.909831 0.756740 0.643312 0.918167 0.705036 0.744747 0.771537 0.800022 0.726858 0.321356 0.682720 0.477519 0.477923 0.681216 0.628242 0.763595 0.892220 0.816811 0.928033 0.991999 0.991501 0.789669 0.964915 0.967767 0.846776 0.831187 0.738127 0.875537 0.981625 0.823106 0.892813 0.781280 0.882966 0.669206 0.954747 0.706087 0.607005 0.432460 0.587707 0.849877 0.854429 0.813130 0.543508 0.858550 0.822151 0.974803 0.746515 0.991738 0.875729 0.789875 0.751569 0.996518 0.852285 0.975703 0.992880 0.763351 0.906142 0.845259 0.918884 0.775209 0.865874
0.689713 0.791348 0.622528 0.000000 0.989170 0.887695 0.614545 0.641119 0.938936 0.754821 0.738031 0.788048 0.761624 0.815490 0.821738 0.904474 0.763105 0.765295 0.809940 0.740496 0.981841 0.923989 0.823112 0.978840 0.946351 0.724854 0.910166 0.968017 0.757284 0.818592 0.790842 0.827940 0.629588 0.755607 0.883657 0.848532 0.968659 0.884912 0.821013 0.841781 0.943592 0.943383 0.773057 0.741148 0.721824 0.690224 0.894133 0.672301 0.726651 0.788547 0.750637 0.785951 0.775376 0.829335 0.757715 0.842157 0.755178 0.807088 0.630632 0.794338 0.647732 0.681020 0.781335 0.781342 0.803813 0.770418 0.792050 0.781732 0.782979 0.815682 0.968518 0.922358 0.903251 0.920291 0.829336 0.963754 0.801277 0.890940 0.772741 0.859196 0.781503 0.756990 0.767320 0.712657 0.691166 0.789826 0.948383 0.924964 0.810791 0.731138 0.800959 0.937160 0.753822 0.952865 0.854131 0.866121 0.743217 0.899171 0.711027 0.793901 0.895553 0.758943 0.837678 0.806743 0.681723 0.747508 0.907521 0.942047 0.909972 0.987599 0.929371 0.950681 0.723391 0.899013 0.947749 0.847316
0.683391 0.654748 0.739095 0.989170 0.000000 0.905621 0.998225 0.751595 0.893524 0.769589 0.721429 0.700040 0.771226 0.736977 0.984068 0.926294 0.640767 0.667928 0.592450 0.662344 0.977969 0.960252 0.859479 0.920281 0.993343 0.808164 0.964033 0.959471 0.750395 0.754095 0.946951 0.814558 0.898397 0.774361 0.900824 0.861045 0.877382 0.943179 0.974570 0.985119 0.909858 0.812061 0.992715 0.880266 0.887936 0.813769 0.957456 0.871705 0.793475 0.784655 0.835082 0.827656 0.845989 0.872009 0.744470 0.722741 0.656826 0.695101 0.846225 0.950611 0.971933 0.832107 0.762044 0.713890 0.664769 0.714322 0.874574 0.791981 0.750990 0.719661 0.699871 0.805894 0.815209 0.743801 0.893220 0.903865 0.632474 0.750133 0.797311 0.767240 0.685187 0.610618 0.769908 0.711965 0.935723 0.953023 0.986185 0.884568 0.816673 0.792861 0.852484 0.725873 0.739535 0.688677 0.992172 0.902027 0.886910 0.840312 0.880678 0.879557 0.963236 0.902804 0.732430 0.764643 0.963052 0.972412 0.908363 0.874126 0.989123 0.910978 0.873083 0.851030 0.862944 0.908724 0.911351 0.657345
0.732838 0.815950 0.905666 0.887695 0.905621 0.000000 0.770990 0.602500 0.741308 0.729851 0.741930 0.704793 0.720151 0.658914 0.756126 0.666757 0.892480 0.844253 0.820602 0.850058 0.873959 0.962520 0.792668 0.935716 0.610399 0.915931 0.872380 0.921053 0.724492 0.724216 0.831645 0.777808 0.719106 0.808978 0.874134 0.770407 0.909750 0.920815 0.981805 0.951895 0.956343 0.886841 0.605179 0.611638 0.826042 0.721065 0.815397 0.771299 0.695424 0.590075 0.545489 0.539571 0.617912 0.512942 0.863208 0.757199 0.987856 0.980691 0.697021 0.632534 0.729103 0.628212 0.709371 0.707686 0.776173 0.779055 0.896774 0.816903 0.815432 0.865786 0.720451 0.804840 0.783933 0.640864 0.791745 0.902539 0.616558 0.741019 0.810691 0.693176 0.777132 0.924313 0.931061 0.914795 0.847095 0.951414 0.902640 0.708859 0.899127 0.967822 0.645802 0.760781 0.820959 0.889724 0.980041 0.871290 0.876526 0.885392 0.690419 0.657568 0.578104 0.697825 0.772510 0.683530 0.757620 0.662756 0.690996 0.733943 0.742680 0.911380 0.923034 0.761123 0.856564 0.946455 0.852957 0.954939
0.796151 0.948073 0.481626 0.614545 0.998225 0.770990 0.000000 0.538312 0.625257 0.531904 0.679973 0.899697 0.609946 0.932849 0.768882 0.965767 0.754499 0.741345 0.793396 0.975817 0.898810 0.869273 0.928507 0.681582 0.899070 0.737067 0.640236 0.964824 0.748518 0.719517 0.583324 0.621169 0.456135 0.609794 0.689698 0.924703 0.878728 0.852569 0.785830 0.995567 0.747020 0.960209 0.293605 0.435131 0.303095 0.514569 0.578114 0.481410 0.755532 0.866571 0.646318 0.714508 0.645674 0.588960 0.686843 0.693685 0.949621 0.911891 0.612865 0.930236 0.296066 0.745926 0.671628 0.733449 0.758376 0.745153 0.350265 0.308945 0.772102 0.868389 0.741352 0.661534 0.715910 0.641188 0.907357 0.848721 0.691920 0.688761 0.573966 0.738080 0.714186 0.918387 0.861124 0.788867 0.984232 0.697341 0.991457 0.634814 0.834885 0.841112 0.436871 0.544593 0.502792 0.705034 0.875723 0.872152 0.551437 0.614578 0.394611 0.338159 0.510405 0.520584 0.516463 0.465227 0.688084 0.548182 0.918293 0.623011 0.729521 0.943132 0.747309 0.513647 0.531246 0.810999 0.595518 0.974298
0.238813 0.311147 0.939668 0.641119 0.751595 0.602500 0.538312 0.000000 0.917788 0.286059 0.269170 0.294442 0.351402 0.337651 0.545022 0.623884 0.327928 0.310916 0.361001 0.378287 0.975890 0.986061 0.916355 0.796112 0.598240 0.949164 0.852060 0.940754 0.310779 0.324930 0.568344 0.609075 0.415535 0.358446 0.846248 0.672975 0.922577 0.897589 0.945817 0.955935 0.790778 0.827864 0.436418 0.328417 0.505867 0.318101 0.504466 0.379325 0.247303 0.285536 0.274891 0.287804 0.361939 0.397748 0.662196 0.535159 0.476346 0.481877 0.312953 0.383659 0.386837 0.266110 0.269433 0.259532 0.616704 0.986855 0.875271 0.808678 0.793188 0.615942 0.562048 0.642964 0.390626 0.373922 0.690391 0.858162 0.330018 0.466649 0.514829 0.399640 0.279019 0.397327 0.585062 0.716933 0.854878 0.993465 0.729120 0.757205 0.967509 0.679502 0.614087 0.935118 0.956545 0.790815 0.886264 0.767758 0.703826 0.827536 0.351947 0.392908 0.458337 0.651230 0.356553 0.390907 0.648092 0.582377 0.890858 0.817098 0.619787 0.957027 0.826357 0.560302 0.471593 0.859573 0.649276 0.848975
0.942460 0.829108 0.731869 0.938936 0.893524 0.741308 0.625257 0.917788 0.000000 0.856684 0.972654 0.899397 0.983973 0.903855 0.946572 0.971283 0.928436 0.877692 0.887816 0.805006 0.911402 0.925366 0.826192 0.790271 0.892117 0.816056 0.841078 0.929691 0.973592 0.992954 0.795071 0.783675 0.895810 0.984916 0.742099 0.877341 0.951819 0.978745 0.960602 0.975202 0.919152 0.951959 0.646545 0.797984 0.713560 0.868518 0.891974 0.760811 0.952813 0.977920 0.755413 0.800003 0.741527 0.685045 0.870965 0.721686 0.728611 0.703330 0.981340 0.960688 0.749179 0.857945 0.956723 0.948756 0.797675 0.627661 0.687427 0.674678 0.770153 0.881802 0.989889 0.857669 0.983301 0.891057 0.959948 0.944034 0.907302 0.844404 0.918993 0.985242 0.980908 0.806338 0.824521 0.787407 0.885347 0.818608 0.682828 0.713487 0.843279 0.938940 0.600062 0.553834 0.651540 0.682658 0.940157 0.994183 0.928026 0.823442 0.681002 0.653738 0.739786 0.738608 0.844388 0.784148 0.783495 0.729474 0.915485 0.654730 0.937543 0.976220 0.984732 0.777167 0.746601 0.974159 0.796475 0.854408
0.357451 0.417501 0.929022 0.754821 0.769589 0.729851 0.531904 0.286059 0.856684 0.000000 0.308052 0.369749 0.393294 0.429998 0.527512 0.649533 0.306738 0.299160 0.400693 0.481349 0.853340 0.946889 0.995147 0.863909 0.675728 0.880239 0.763986 0.963834 0.317689 0.294015 0.489534 0.556461 0.391168 0.388276 0.866311 0.802139 0.785814 0.817110 0.947908 0.904352 0.756925 0.801678 0.428675 0.344246 0.449917 0.324173 0.509590 0.370115 0.340322 0.486027 0.407097 0.473350 0.486990 0.579220 0.654339 0.551035 0.500062 0.568129 0.350138 0.573781 0.383283 0.371514 0.315600 0.270246 0.681347 0.905277 0.832477 0.768280 0.799785 0.709012 0.569256 0.480072 0.468585 0.455413 0.791152 0.922573 0.470618 0.495408 0.465624 0.383768 0.257250 0.390482 0.560260 0.611685 0.822089 0.984161 0.878949 0.853219 0.967853 0.624767 0.746122 0.924522 0.927390 0.729174 0.982233 0.802852 0.627508 0.862024 0.434484 0.399796 0.567235 0.746086 0.401751 0.429138 0.709912 0.713296 0.995341 0.846825 0.626551 0.956255 0.911588 0.561449 0.555254 0.904889 0.733077 0.825351
0.227304 0.294505 0.791684 0.738031 0.721429 0.741930 0.679973 0.269170 0.972654 0.308052 0.000000 0.217767 0.263537 0.272956 0.460837 0.508689 0.233891 0.220154 0.261497 0.332492 0.903601 0.944718 0.911788 0.837618 0.550041 0.800231 0.935150 0.983149 0.249091 0.224512 0.679834 0.721737 0.424447 0.364397 0.731457 0.716458 0.927909 0.927426 0.893705 0.836797 0.760563 0.773718 0.552042 0.406361 0.656357 0.394680 0.551122 0.438467 0.282644 0.329486 0.354698 0.359815 0.436054 0.489528 0.647927 0.559158 0.447132 0.421329 0.302369 0.385648 0.401896 0.287381 0.209784 0.192208 0.519112 0.894909 0.972330 0.912198 0.704656 0.608391 0.657423 0.574362 0.391869 0.393497 0.780340 0.863374 0.407439 0.492887 0.429551 0.411310 0.265740 0.330746 0.579341 0.687018 0.866699 0.906242 0.678977 0.923732 0.925496 0.660076 0.756302 0.834742 0.799599 0.574737 0.948951 0.755099 0.757411 0.716450 0.485578 0.537448 0.555822 0.752085 0.476806 0.472614 0.744452 0.781069 0.982747 0.942983 0.699385 0.891742 0.993001 0.693175 0.576705 0.880541 0.707519 0.763934
0.196900 0.238567 0.604011 0.788048 0.700040 0.704793 0.899697 0.294442 0.899397 0.369749 0.217767 0.000000 0.314480 0.196517 0.473765 0.463907 0.263958 0.246260 0.278556 0.264159 0.930008 0.884029 0.946767 0.981930 0.508969 0.669498 0.995289 0.956183 0.301927 0.279334 0.759320 0.804330 0.564030 0.416809 0.612535 0.566706 0.943655 0.965977 0.862719 0.897993 0.883067 0.862403 0.682163 0.481056 0.796347 0.465055 0.627619 0.515633 0.249607 0.267805 0.360573 0.342729 0.445470 0.537422 0.734418 0.572996 0.405255 0.351807 0.373096 0.308881 0.582090 0.253471 0.241386 0.199138 0.385561 0.864874 0.817708 0.871918 0.608051 0.530706 0.598654 0.614436 0.443249 0.441311 0.755118 0.910105 0.364203 0.512051 0.563906 0.391134 0.295833 0.306351 0.579937 0.758711 0.860472 0.779807 0.697605 0.985472 0.875235 0.675578 0.869670 0.726816 0.667191 0.506966 0.912039 0.717450 0.911503 0.605278 0.558181 0.644102 0.629760 0.851993 0.510234 0.588569 0.786917 0.841002 0.989285 0.996586 0.712683 0.912772 0.929750 0.795654 0.633476 0.978855 0.779020 0.761927
0.328511 0.436144 0.908816 0.761624 0.771226 0.720151 0.609946 0.351402 0.983973 0.393294 0.263537 0.314480 0.000000 0.351162 0.351215 0.432579 0.347754 0.332505 0.375750 0.519123 0.901379 0.989688 0.977314 0.870544 0.588314 0.764982 0.970823 0.994762 0.355982 0.285156 0.634549 0.724916 0.431736 0.423029 0.796612 0.744812 0.951367 0.882663 0.949060 0.987125 0.867558 0.866871 0.476619 0.357308 0.657782 0.424150 0.528211 0.455387 0.400042 0.400150 0.427000 0.411878 0.471408 0.503754 0.737108 0.655535 0.495576 0.516996 0.283454 0.383439 0.371857 0.442252 0.221575 0.252008 0.675266 0.869874 0.819766 0.812194 0.894867 0.750131 0.622212 0.580487 0.551418 0.516141 0.834868 0.860215 0.440144 0.419471 0.453193 0.477522 0.405130 0.472271 0.585524 0.778899 0.973313 0.985885 0.737012 0.864386 0.993445 0.741348 0.722552 0.904062 0.892538 0.649844 0.978117 0.720925 0.707791 0.775294 0.457687 0.505292 0.517735 0.742924 0.397052 0.473782 0.635205 0.645319 0.969588 0.874902 0.651916 0.844430 0.995025 0.706456 0.548350 0.833648 0.573274 0.779024
0.265034 0.328103 0.596506 0.815490 0.736977 0.658914 0.932849 0.337651 0.903855 0.429998 0.272956 0.196517 0.351162 0.000000 0.429122 0.373864 0.350189 0.334082 0.338497 0.350882 0.925186 0.935416 0.974879 0.920613 0.479774 0.621562 0.982325 0.983943 0.327675 0.304081 0.766375 0.812615 0.571662 0.433516 0.652585 0.577192 0.934400 0.990469 0.813352 0.855027 0.934969 0.848960 0.693499 0.526425 0.847658 0.502937 0.689882 0.593487 0.335776 0.316478 0.411013 0.394803 0.524631 0.586147 0.802953 0.682546 0.497963 0.427324 0.393419 0.335148 0.613031 0.294541 0.254627 0.240473 0.418102 0.916950 0.865920 0.872919 0.674021 0.592936 0.605757 0.640580 0.505349 0.481117 0.672860 0.838669 0.444822 0.568167 0.597912 0.484423 0.374225 0.357562 0.615455 0.803929 0.843261 0.708310 0.689000 0.986584 0.832436 0.695221 0.919643 0.719132 0.648434 0.490480 0.999915 0.804980 0.971934 0.563563 0.628843 0.653942 0.669821 0.846660 0.577171 0.584202 0.762268 0.804242 0.952571 0.980424 0.712543 0.949229 0.969073 0.822499 0.706791 0.947072 0.833507 0.778364
0.515433 0.629191 0.910660 0.821738 0.984068 0.756126 0.768882 0.545022 0.946572 0.527512 0.460837 0.473765 0.351215 0.429122 0.000000 0.373586 0.514512 0.511612 0.538020 0.660485 0.972631 0.927763 0.728978 0.910106 0.592540 0.805108 0.963082 0.947782 0.477197 0.393944 0.590078 0.682958 0.497240 0.486220 0.886000 0.775546 0.928100 0.849710 0.966996 0.932871 0.904379 0.926136 0.571120 0.509456 0.751071 0.505533 0.703700 0.572105 0.562950 0.577597 0.651935 0.623224 0.687039 0.751678 0.888615 0.841586 0.638609 0.625105 0.432719 0.507752 0.504791 0.509716 0.310528 0.388960 0.867808 0.998075 0.804596 0.820589 0.993747 0.843298 0.699483 0.686434 0.726962 0.793979 0.899057 0.865353 0.608716 0.650310 0.611056 0.603108 0.525305 0.590122 0.613599 0.837487 0.780173 0.732970 0.870094 0.986519 0.973606 0.679346 0.906038 0.805441 0.784297 0.621441 0.984234 0.826639 0.874850 0.760086 0.670877 0.691800 0.680111 0.843399 0.639261 0.574877 0.788469 0.753867 0.973329 0.950331 0.707366 0.958741 0.907315 0.860493 0.718275 0.894617 0.684766 0.864054
0.570904 0.637627 0.742430 0.904474 0.926294 0.666757 0.965767 0.623884 0.971283 0.649533 0.508689 0.463907 0.432579 0.373864 0.373586 0.000000 0.591825 0.607939 0.552107 0.695327 0.995352 0.923366 0.813509 0.780040 0.533659 0.637066 0.986125 0.995433 0.568449 0.451991 0.734385 0.845911 0.659469 0.635368 0.785081 0.783008 0.958279 0.828237 0.917453 0.957132 0.970879 0.982981 0.693257 0.601671 0.977583 0.697338 0.814747 0.702332 0.622205 0.601239 0.676376 0.664020 0.791380 0.823972 0.936603 0.983487 0.706338 0.680732 0.539413 0.519130 0.715836 0.587575 0.418834 0.438775 0.674603 0.943855 0.982609 0.997311 0.916375 0.771377 0.676786 0.683023 0.804096 0.714204 0.816170 0.885891 0.698736 0.572721 0.717177 0.633778 0.607550 0.617451 0.792199 0.902944 0.862131 0.662161 0.825794 0.980202 0.937809 0.832201 0.943812 0.710414 0.648811 0.576198 0.997077 0.811341 0.951478 0.651151 0.846246 0.851962 0.755892 0.913814 0.707468 0.670378 0.826219 0.724411 0.929758 0.913406 0.774105 0.888368 0.898506 0.979078 0.787001 0.960002 0.789151 0.873147
0.235701 0.245368 0.785864 0.763105 0.640767 0.892480 0.754499 0.327928 0.928436 0.306738 0.233891 0.263958 0.347754 0.350189 0.514512 0.591825 0.000000 0.168736 0.254198 0.283536 0.896761 0.895158 0.983725 0.814718 0.677765 0.760706 0.872780 0.959793 0.255662 0.208316 0.628983 0.645820 0.408186 0.310709 0.774981 0.806472 0.833717 0.897278 0.961023 0.816417 0.739421 0.769841 0.604084 0.400759 0.605722 0.355390 0.495374 0.410837 0.267563 0.411764 0.450220 0.480898 0.528905 0.642095 0.603787 0.549899 0.283119 0.326401 0.388802 0.494681 0.534360 0.394231 0.244702 0.200320 0.497721 0.710329 0.957741 0.969966 0.629015 0.570711 0.669516 0.575876 0.412210 0.455379 0.821631 0.999274 0.427163 0.490050 0.451439 0.346833 0.200873 0.245811 0.511760 0.535684 0.756990 0.858526 0.734565 0.976255 0.897342 0.651021 0.982015 0.668327 0.703828 0.461390 0.930709 0.779331 0.816673 0.710071 0.518971 0.600679 0.706287 0.897655 0.464701 0.516556 0.808906 0.883848 0.879179 0.977724 0.752792 0.875063 0.994548 0.722799 0.519417 0.912986 0.765772 0.758451
0.223816 0.230386 0.794870 0.765295 0.667928 0.844253 0.741345 0.310916 0.877692 0.299160 0.220154 0.246260 0.332505 0.334082 0.511612 0.607939 0.168736 0.000000 0.235937 0.275642 0.929840 0.866292 0.950630 0.836001 0.671327 0.791852 0.837486 0.992910 0.225122 0.206806 0.619653 0.645192 0.394540 0.322781 0.784983 0.745389 0.874455 0.889686 0.948100 0.828840 0.675056 0.793571 0.584498 0.384729 0.612124 0.346780 0.539762 0.392139 0.266121 0.385557 0.426334 0.446314 0.502447 0.588207 0.600669 0.543621 0.289492 0.310634 0.393401 0.461984 0.495469 0.381522 0.234999 0.195359 0.494873 0.730023 0.957804 0.957588 0.648953 0.600269 0.655544 0.577695 0.399344 0.431244 0.815031 0.910185 0.394478 0.463045 0.420776 0.323228 0.210462 0.250949 0.512309 0.585482 0.807557 0.896580 0.711670 0.998964 0.847347 0.708180 0.916562 0.699992 0.701034 0.489002 0.926883 0.746668 0.795400 0.734473 0.512090 0.561110 0.677340 0.843869 0.453623 0.522421 0.729179 0.884226 0.907190 0.998310 0.770356 0.937532 0.958287 0.732064 0.508706 0.904986 0.759506 0.807193
0.267992 0.267579 0.690266 0.809940 0.592450 0.820602 0.793396 0.361001 0.887816 0.400693 0.261497 0.278556 0.375750 0.338497 0.538020 0.552107 0.254198 0.235937 0.000000 0.269873 0.952510 0.950112 0.953500 0.908600 0.639967 0.668307 0.927421 0.983660 0.281939 0.256681 0.686800 0.735785 0.449833 0.378647 0.710919 0.718076 0.963841 0.940006 0.906035 0.932308 0.722133 0.870150 0.692263 0.482638 0.719436 0.465221 0.583525 0.471674 0.343919 0.383524 0.470430 0.472220 0.570498 0.628111 0.584236 0.550591 0.324705 0.348169 0.432581 0.491881 0.612167 0.407209 0.288583 0.263814 0.445270 0.669348 0.885661 0.959605 0.603466 0.520896 0.643630 0.650279 0.461847 0.441280 0.803321 0.918616 0.382570 0.586782 0.425093 0.334951 0.270414 0.283380 0.539197 0.533444 0.862088 0.918536 0.703084 0.915588 0.826500 0.704669 0.969494 0.659472 0.657145 0.489313 0.838223 0.706143 0.830093 0.658675 0.649050 0.692724 0.686246 0.908834 0.520951 0.561751 0.802823 0.848591 0.986912 0.900286 0.753883 0.993443 0.883481 0.801978 0.605877 0.887622 0.898528 0.695862
0.251678 0.224755 0.637439 0.740496 0.662344 0.850058 0.975817 0.378287 0.805006 0.481349 0.332492 0.264159 0.519123 0.350882 0.660485 0.695327 0.283536 0.275642 0.269873 0.000000 0.998698 0.902355 0.982243 0.940406 0.722133 0.775973 0.965809 0.976294 0.315508 0.331865 0.792086 0.769386 0.606086 0.428185 0.657388 0.628030 0.949411 0.846835 0.917569 0.827848 0.750303 0.813197 0.873370 0.628442 0.856199 0.522257 0.707911 0.576290 0.306026 0.336468 0.482090 0.473451 0.570011 0.674387 0.673397 0.578044 0.317559 0.272859 0.521499 0.461179 0.793282 0.364963 0.394678 0.336387 0.395935 0.700468 0.662725 0.771453 0.456543 0.397526 0.751271 0.802774 0.465526 0.518282 0.776339 0.993277 0.415257 0.641288 0.582029 0.405450 0.272158 0.239735 0.472943 0.569076 0.776710 0.784638 0.681781 0.866420 0.762603 0.733863 0.942416 0.610717 0.641760 0.472776 0.884349 0.810830 0.957870 0.628883 0.734591 0.821582 0.821767 0.974824 0.652021 0.764391 0.849392 0.976795 0.983291 0.858546 0.854102 0.964631 0.995025 0.852533 0.671258 0.922220 0.945795 0.719335
0.993363 0.989470 0.856516 0.981841 0.977969 0.873959 0.898810 0.975890 0.911402 0.853340 0.903601 0.930008 0.901379 0.925186 0.972631 0.995352 0.896761 0.929840 0.952510 0.998698 0.000000 0.963668 0.892760 0.974112 0.951522 0.991982 0.849123 0.961062 0.984975 0.980365 0.748420 0.800358 0.912990 0.907002 0.978783 0.833579 0.787942 0.958010 0.794015 0.845156 0.815709 0.980573 0.862593 0.839949 0.822644 0.852881 0.807079 0.854510 0.953573 0.878628 0.917561 0.870813 0.811822 0.799251 0.904133 0.952102 0.891258 0.975139 0.943232 0.877891 0.984791 0.940169 0.989787 0.995771 0.875263 0.931640 0.996216 0.935206 0.998376 0.987775 0.928384 0.926848 0.987493 0.963708 0.859754 0.986696 0.939703 0.950985 0.984571 0.852223 0.859584 0.872320 0.813832 0.824004 0.739255 0.992658 0.941727 0.957570 0.943131 0.979891 0.821700 0.960721 0.976821 0.975401 0.964861 0.943996 0.939804 0.882250 0.943262 0.949247 0.973958 0.912303 0.900027 0.894613 0.933465 0.876256 0.816383 0.909751 0.981611 0.837242 0.912007 0.992135 0.968955 0.955073 0.946890 0.975880
0.896484 0.832706 0.922922 0.923989 0.960252 0.962520 0.869273 0.986061 0.925366 0.946889 0.944718 0.884029 0.989688 0.935416 0.927763 0.923366 0.895158 0.866292 0.950112 0.902355 0.963668 0.000000 0.884798 0.988659 0.959968 0.977220 0.853548 0.839967 0.947725 0.924181 0.932863 0.965393 0.979255 0.956770 0.946225 0.864002 0.961311 0.675693 0.917927 0.967841 0.947230 0.871425 0.997336 0.956731 0.996805 0.963484 0.939866 0.946154 0.832920 0.928427 0.910787 0.942742 0.981287 0.967778 0.987070 0.993454 0.937946 0.891789 0.959559 0.879748 0.974355 0.914390 0.979154 0.906063 0.855973 0.974538 0.877042 0.939645 0.997945 0.986399 0.992771 0.978329 0.939527 0.911228 0.989811 0.915691 0.970863 0.937730 0.849831 0.885041 0.880992 0.860196 0.933228 0.882032 0.922511 0.910639 0.825586 0.993546 0.990145 0.898610 0.944146 0.809580 0.857617 0.898574 0.953369 0.887644 0.931432 0.872675 0.970785 0.960269 0.952838 0.931249 0.944933 0.880752 0.872145 0.972282 0.922918 0.802850 0.932841 0.896910 0.979207 0.959530 0.949107 0.771106 0.932815 0.945246
0.920403 0.916579 0.782968 0.823112 0.859479 0.792668 0.928507 0.916355 0.826192 0.995147 0.911788 0.946767 0.977314 0.974879 0.728978 0.813509 0.983725 0.950630 0.953500 0.982243 0.892760 0.884798 0.000000 0.461720 0.856347 0.993953 0.925015 0.783602 0.977475 0.972587 0.863601 0.997671 0.892825 0.951748 0.950250 0.928443 0.773505 0.772254 0.947146 0.932327 0.964663 0.972072 0.834977 0.795768 0.843612 0.921944 0.952956 0.831206 0.868867 0.812154 0.674518 0.666918 0.611664 0.548931 0.709269 0.659945 0.932648 0.955992 0.965259 0.938949 0.912084 0.872644 0.976472 0.941478 0.713969 0.910362 0.969691 0.861521 0.983249 0.950038 0.897151 0.770078 0.784495 0.719665 0.987722 0.992532 0.750548 0.860719 0.887709 0.914971 0.985049 0.862916 0.769138 0.867001 0.541808 0.519684 0.876546 0.641406 0.979408 0.881299 0.640869 0.640134 0.846822 0.727216 0.979538 0.818001 0.969281 0.885248 0.692445 0.697030 0.652542 0.684770 0.811804 0.842238 0.981530 0.975819 0.819667 0.663798 0.977199 0.909481 0.978097 0.748596 0.818226 0.898449 0.829223 0.895432
0.873823 0.871525 0.925978 0.978840 0.920281 0.935716 0.681582 0.796112 0.790271 0.863909 0.837618 0.981930 0.870544 0.920613 0.910106 0.780040 0.814718 0.836001 0.908600 0.940406 0.974112 0.988659 0.461720 0.000000 0.985773 0.866074 0.973246 0.822510 0.888621 0.898439 0.932178 0.800964 0.837476 0.796433 0.933036 0.877928 0.996297 0.790887 0.786075 0.950362 0.784265 0.933148 0.742531 0.717219 0.688232 0.788482 0.716352 0.752934 0.824995 0.854264 0.722547 0.734203 0.680353 0.643375 0.630140 0.695454 0.855296 0.927484 0.856572 0.970650 0.729626 0.891893 0.894919 0.875589 0.928738 0.999512 0.770954 0.647400 0.957825 0.935770 0.946414 0.859263 0.659426 0.769783 0.889630 0.962978 0.720871 0.713017 0.697206 0.856955 0.843427 0.994075 0.971990 0.971832 0.767198 0.549472 0.926363 0.641803 0.903869 0.991656 0.641534 0.649098 0.698763 0.775166 0.869799 0.914680 0.766285 0.801665 0.565643 0.623935 0.727370 0.710557 0.706113 0.749108 0.920058 0.911753 0.985693 0.652108 0.948974 0.845826 0.830333 0.750141 0.687612 0.822822 0.690326 0.937100
0.631399 0.711328 0.659798 0.946351 0.993343 0.610399 0.899070 0.598240 0.892117 0.675728 0.550041 0.508969 0.588314 0.479774 0.592540 0.533659 0.677765 0.671327 0.639967 0.722133 0.951522 0.959968 0.856347 0.985773 0.000000 0.521059 0.824147 0.977323 0.630901 0.589737 0.979331 0.898522 0.790879 0.700724 0.731746 0.722967 0.810720 0.953317 0.807056 0.937177 0.997228 0.857856 0.672281 0.632682 0.960583 0.793744 0.659690 0.747164 0.627204 0.591307 0.560306 0.565184 0.636642 0.577720 0.702467 0.762328 0.879355 0.851665 0.657694 0.570473 0.694359 0.542131 0.543025 0.550032 0.541344 0.949873 0.961948 0.955159 0.947156 0.914887 0.701837 0.666334 0.595384 0.545597 0.840647 0.841373 0.685541 0.679892 0.755679 0.717210 0.734703 0.832359 0.911678 0.806236 0.856822 0.970148 0.776915 0.757896 0.754363 0.904664 0.764022 0.921985 0.861192 0.839008 0.995722 0.806444 0.895212 0.774471 0.646797 0.678412 0.660344 0.805853 0.736948 0.701956 0.977169 0.872599 0.949594 0.877038 0.841964 0.855918 0.891271 0.804981 0.867111 0.958973 0.745066 0.878096
0.840450 0.821484 0.414562 0.724854 0.808164 0.915931 0.737067 0.949164 0.816056 0.880239 0.800231 0.669498 0.764982 0.621562 0.805108 0.637066 0.760706 0.791852 0.668307 0.775973 0.991982 0.977220 0.993953 0.866074 0.521059 0.000000 0.953084 0.971941 0.856931 0.753454 0.779514 0.832307 0.940094 0.931550 0.557428 0.793628 0.895258 0.863200 0.749434 0.984552 0.896197 0.928953 0.904243 0.981403 0.744528 0.914518 0.864475 0.929894 0.906740 0.866790 0.951476 0.955732 0.963354 0.982614 0.944894 0.929054 0.815998 0.821525 0.852184 0.855220 0.892232 0.937247 0.757286 0.750368 0.508874 0.650029 0.769289 0.703439 0.880741 0.889626 0.813733 0.700187 0.809307 0.865319 0.902158 0.949934 0.852485 0.900318 0.849856 0.905489 0.897496 0.821939 0.858657 0.954519 0.782583 0.963812 0.754570 0.813265 0.698488 0.971290 0.726562 0.692502 0.529095 0.639795 0.826578 0.792160 0.951801 0.647328 0.974414 0.930428 0.930323 0.749457 0.958079 0.956391 0.874567 0.870062 0.877349 0.783018 0.918365 0.905152 0.797892 0.931918 0.881032 0.908325 0.889848 0.795665
0.989492 0.998858 0.817256 0.910166 0.964033 0.872380 0.640236 0.852060 0.841078 0.763986 0.935150 0.995289 0.970823 0.982325 0.963082 0.986125 0.872780 0.837486 0.927421 0.965809 0.849123 0.853548 0.925015 0.973246 0.824147 0.953084 0.000000 0.938919 0.876268 0.889649 0.904637 0.763477 0.801208 0.818234 0.668435 0.915048 0.977543 0.932708 0.839178 0.982088 0.792171 0.994520 0.633823 0.726209 0.680484 0.803274 0.832571 0.722059 0.929595 0.899849 0.866292 0.963765 0.901196 0.846851 0.697843 0.835233 0.948218 0.843425 0.969619 0.885803 0.745229 0.940565 0.867041 0.878694 0.991157 0.930317 0.623602 0.671512 0.805832 0.681829 0.811569 0.757224 0.844267 0.798953 0.967422 0.913537 0.886211 0.943688 0.830672 0.837042 0.864594 0.961046 0.888981 0.886720 0.980036 0.905945 0.966170 0.820611 0.820930 0.981301 0.825741 0.808613 0.801108 0.895791 0.917507 0.971341 0.830001 0.743989 0.685364 0.648735 0.820153 0.752674 0.863882 0.743469 0.878736 0.925823 0.968526 0.768608 0.902675 0.915149 0.911757 0.821323 0.697612 0.947531 0.849055 0.782916
0.951539 0.942341 0.899960 0.968017 0.959471 0.921053 0.964824 0.940754 0.929691 0.963834 0.983149 0.956183 0.994762 0.983943 0.947782 0.995433 0.959793 0.992910 0.983660 0.976294 0.961062 0.839967 0.783602 0.822510 0.977323 0.971941 0.938919 0.000000 0.967558 0.966285 0.993964 0.837993 0.965366 0.942269 0.907054 0.877858 0.820224 0.917888 0.931125 0.929122 0.852880 0.956908 0.958383 0.906026 0.882647 0.982272 0.945884 0.956142 0.904477 0.969555 0.903851 0.942635 0.910736 0.942467 0.999235 0.906546 0.989650 0.993285 0.913012 0.961701 0.898528 0.940369 0.936315 0.931056 0.974767 0.939393 0.885034 0.915749 0.977500 0.972741 0.926461 0.997804 0.972905 0.957008 0.942712 0.993781 0.909311 0.867786 0.995983 0.923689 0.959017 0.989307 0.924931 0.988225 0.917062 0.959100 0.975138 0.947344 0.861571 0.720404 0.971866 0.932366 0.988658 0.904312 0.947545 0.766533 0.987128 0.846286 0.769315 0.903820 0.797596 0.907921 0.906452 0.991778 0.977752 0.976461 0.923498 0.977394 0.909287 0.971417 0.935801 0.918239 0.904281 0.805660 0.928246 0.964618
0.255325 0.262535 0.816457 0.757284 0.750395 0.724492 0.748518 0.310779 0.973592 0.317689 0.249091 0.301927 0.355982 0.327675 0.477197 0.568449 0.255662 0.225122 0.281939 0.315508 0.984975 0.947725 0.977475 0.888621 0.630901 0.856931 0.876268 0.967558 0.000000 0.205469 0.556613 0.541188 0.371224 0.299158 0.817843 0.788295 0.893944 0.868546 0.857989 0.820856 0.713142 0.759410 0.579045 0.398728 0.618709 0.334108 0.559274 0.436838 0.267906 0.332539 0.366635 0.390924 0.450710 0.518179 0.627511 0.504439 0.384715 0.349564 0.381069 0.433209 0.499633 0.327572 0.257288 0.230191 0.501621 0.802915 0.975781 0.941651 0.682692 0.571371 0.698712 0.647170 0.390935 0.422991 0.711391 0.906895 0.445086 0.470230 0.402086 0.323969 0.240154 0.306253 0.488564 0.607820 0.771726 0.871051 0.804410 0.996191 0.843829 0.704553 0.838487 0.735735 0.787446 0.534672 0.920312 0.771566 0.767626 0.698174 0.559248 0.576250 0.661911 0.783056 0.485260 0.514531 0.641715 0.839326 0.981972 0.994142 0.776303 0.965921 0.973403 0.758886 0.548244 0.847133 0.842402 0.766875
0.255726 0.284598 0.773423 0.818592 0.754095 0.724216 0.719517 0.324930 0.992954 0.294015 0.224512 0.279334 0.285156 0.304081 0.393944 0.451991 0.208316 0.206806 0.256681 0.331865 0.980365 0.924181 0.972587 0.898439 0.589737 0.753454 0.889649 0.966285 0.205469 0.000000 0.517591 0.580505 0.367414 0.281290 0.765190 0.772795 0.871790 0.946941 0.914261 0.856455 0.710418 0.802289 0.513188 0.327036 0.602332 0.327832 0.493062 0.393333 0.271495 0.363545 0.408304 0.422829 0.483308 0.561694 0.642784 0.594995 0.352252 0.351321 0.371953 0.426377 0.487558 0.370475 0.213515 0.183487 0.503160 0.749469 0.986876 0.903002 0.735210 0.580744 0.666195 0.570148 0.443710 0.450633 0.840053 0.931062 0.445177 0.453488 0.392846 0.326725 0.222400 0.309221 0.503848 0.588576 0.831728 0.871791 0.739735 0.951156 0.846036 0.739305 0.928977 0.691840 0.689068 0.451904 0.919079 0.769548 0.758249 0.643113 0.576953 0.592226 0.630944 0.825896 0.479068 0.490815 0.729258 0.845439 0.992514 0.992388 0.689453 0.926140 0.987861 0.696889 0.541189 0.821193 0.738713 0.797120
0.620416 0.668106 0.774381 0.790842 0.946951 0.831645 0.583324 0.568344 0.795071 0.489534 0.679834 0.759320 0.634549 0.766375 0.590078 0.734385 0.628983 0.619653 0.686800 0.792086 0.748420 0.932863 0.863601 0.932178 0.979331 0.779514 0.904637 0.993964 0.556613 0.517591 0.000000 0.406308 0.490679 0.521118 0.898277 0.928858 0.794193 0.967740 0.826087 0.940019 0.720711 0.830894 0.431329 0.397849 0.421255 0.352006 0.623198 0.489025 0.572711 0.704050 0.665743 0.677489 0.651507 0.730051 0.808927 0.752196 0.644908 0.704570 0.700928 0.724711 0.557689 0.655400 0.579409 0.581297 0.990674 0.977901 0.809238 0.596671 0.962275 0.884831 0.760619 0.766997 0.844677 0.720112 0.788179 0.971980 0.668148 0.586390 0.640576 0.569491 0.535541 0.700344 0.755744 0.724957 0.751317 0.946806 0.997431 0.762787 0.871446 0.707601 0.843856 0.940452 0.973063 0.825906 0.867621 0.927897 0.759236 0.929063 0.665838 0.621612 0.620957 0.737401 0.559959 0.538883 0.652867 0.739965 0.937893 0.901408 0.758875 0.900392 0.821275 0.713548 0.529766 0.835500 0.745856 0.989053
0.660719 0.702719 0.855920 0.827940 0.814558 0.777808 0.621169 0.609075 0.783675 0.556461 0.721737 0.804330 0.724916 0.812615 0.682958 0.845911 0.645820 0.645192 0.735785 0.769386 0.800358 0.965393 0.997671 0.800964 0.898522 0.832307 0.763477 0.837993 0.541188 0.580505 0.406308 0.000000 0.490671 0.515640 0.819500 0.941647 0.851875 0.830486 0.753213 0.860716 0.710687 0.863203 0.490569 0.478413 0.490014 0.433464 0.632377 0.489299 0.601880 0.715906 0.644404 0.678845 0.679200 0.696999 0.790638 0.637211 0.701732 0.752522 0.756521 0.795712 0.669727 0.672258 0.646186 0.638031 0.916305 0.976412 0.860861 0.684066 0.922148 0.794683 0.672690 0.725977 0.747532 0.742878 0.767605 0.927219 0.664995 0.619554 0.639209 0.546413 0.546504 0.728869 0.752525 0.817190 0.837339 0.983922 0.878528 0.751293 0.945563 0.765401 0.824427 0.969056 0.884900 0.866351 0.957046 0.978033 0.725573 0.977943 0.691402 0.625513 0.760417 0.823612 0.582249 0.617703 0.616404 0.865550 0.948195 0.812162 0.763674 0.852975 0.822050 0.628824 0.624838 0.691771 0.841753 0.998675
0.478432 0.547833 0.806825 0.629588 0.898397 0.719106 0.456135 0.415535 0.895810 0.391168 0.424447 0.564030 0.431736 0.571662 0.497240 0.659469 0.408186 0.394540 0.449833 0.606086 0.912990 0.979255 0.892825 0.837476 0.790879 0.940094 0.801208 0.965366 0.371224 0.367414 0.490679 0.490671 0.000000 0.394324 0.935614 0.971632 0.718894 0.843553 0.924442 0.832752 0.712924 0.861581 0.436548 0.385225 0.431760 0.356807 0.605103 0.407820 0.492384 0.621503 0.576481 0.611061 0.646999 0.661990 0.667951 0.720644 0.533607 0.617071 0.472103 0.680772 0.406467 0.532018 0.386617 0.397666 0.885087 0.964427 0.694103 0.619729 0.916838 0.753198 0.717240 0.611961 0.579167 0.579685 0.820895 0.944197 0.569629 0.538890 0.469328 0.391432 0.373650 0.517818 0.612530 0.572381 0.723884 0.908638 0.971970 0.964936 0.954568 0.681021 0.801136 0.910927 0.975487 0.754938 0.959580 0.904870 0.665260 0.948830 0.553189 0.526575 0.658333 0.728045 0.503519 0.445084 0.627931 0.736595 0.977097 0.888492 0.697931 0.956489 0.875969 0.617409 0.527476 0.771525 0.758312 0.889640
0.343597 0.397218 0.909721 0.755607 0.774361 0.808978 0.609794 0.358446 0.984916 0.388276 0.364397 0.416809 0.423029 0.433516 0.486220 0.635368 0.310709 0.322781 0.378647 0.428185 0.907002 0.956770 0.951748 0.796433 0.700724 0.931550 0.818234 0.942269 0.299158 0.281290 0.521118 0.515640 0.394324 0.000000 0.957667 0.854816 0.900504 0.800755 0.971505 0.884264 0.739184 0.805787 0.480274 0.322965 0.466173 0.309911 0.511808 0.409648 0.341383 0.450120 0.458532 0.478845 0.504543 0.580810 0.695117 0.584253 0.450425 0.451089 0.450533 0.546194 0.476649 0.411653 0.296654 0.300925 0.617699 0.872301 0.876829 0.736295 0.796762 0.691769 0.652306 0.598881 0.503246 0.523119 0.786032 0.965426 0.428896 0.540366 0.414216 0.383596 0.311920 0.430654 0.538313 0.543223 0.799127 0.931302 0.858765 0.858177 0.940796 0.698715 0.885240 0.797074 0.833932 0.641410 0.989038 0.725410 0.811671 0.908376 0.511125 0.551218 0.662576 0.760474 0.477903 0.485151 0.708800 0.844958 0.945018 0.936977 0.718566 0.988631 0.964821 0.660009 0.534983 0.868826 0.744323 0.857292
0.717175 0.693802 0.442345 0.883657 0.900824 0.874134 0.689698 0.846248 0.742099 0.866311 0.731457 0.612535 0.796612 0.652585 0.886000 0.785081 0.774981 0.784983 0.710919 0.657388 0.978783 0.946225 0.950250 0.933036 0.731746 0.557428 0.668435 0.907054 0.817843 0.765190 0.898277 0.819500 0.935614 0.957667 0.000000 0.795397 0.957943 0.921316 0.899784 0.889677 0.877655 0.904941 0.853707 0.949180 0.814533 0.951576 0.984619 0.986021 0.739151 0.683761 0.861039 0.821618 0.913159 0.960240 0.965537 0.988527 0.752772 0.660238 0.861950 0.665828 0.877777 0.787850 0.772200 0.716621 0.536986 0.732080 0.574240 0.631008 0.776390 0.674674 0.684650 0.865844 0.839356 0.966695 0.968440 0.954413 0.871331 0.930089 0.926565 0.860968 0.825847 0.759129 0.772924 0.984579 0.850175 0.960940 0.731881 0.889653 0.853385 0.930694 0.820753 0.709630 0.666973 0.610608 0.899357 0.846014 0.946617 0.569829 0.944904 0.828789 0.975574 0.783258 0.993354 0.909274 0.735465 0.872983 0.890323 0.821757 0.903693 0.982122 0.941795 0.922785 0.793277 0.963716 0.808872 0.799806
0.596861 0.637426 0.629478 0.848532 0.861045 0.770407 0.924703 0.672975 0.877341 0.802139 0.716458 0.566706 0.744812 0.577192 0.775546 0.783008 0.806472 0.745389 0.718076 0.628030 0.833579 0.864002 0.928443 0.877928 0.722967 0.793628 0.915048 0.877858 0.788295 0.772795 0.928858 0.941647 0.971632 0.854816 0.795397 0.000000 0.805514 0.905514 0.981671 0.943459 0.913050 0.910856 0.946542 0.831381 0.940547 0.821683 0.923255 0.806486 0.664817 0.537999 0.619031 0.565055 0.622058 0.684947 0.880889 0.704770 0.740472 0.683921 0.671178 0.540955 0.897149 0.596250 0.716162 0.687783 0.664798 0.994607 0.734122 0.807205 0.768348 0.670428 0.773696 0.891154 0.864240 0.886560 0.903969 0.906969 0.605269 0.914465 0.909049 0.839407 0.812612 0.786669 0.850079 0.953309 0.963295 0.849046 0.665730 0.869322 0.987717 0.903721 0.922509 0.926509 0.780513 0.792506 0.822861 0.969795 0.961471 0.708649 0.830182 0.880367 0.842443 0.976932 0.787265 0.910968 0.871548 0.918270 0.957575 0.948330 0.852715 0.892476 0.951574 0.988409 0.913887 0.906071 0.899653 0.859540
0.937046 0.941709 0.883257 0.968659 0.877382 0.909750 0.878728 0.922577 0.951819 0.785814 0.927909 0.943655 0.951367 0.934400 0.928100 0.958279 0.833717 0.874455 0.963841 0.949411 0.787942 0.961311 0.773505 0.996297 0.810720 0.895258 0.977543 0.820224 0.893944 0.871790 0.794193 0.851875 0.718894 0.900504 0.957943 0.805514 0.000000 0.794545 0.900413 0.705716 0.852311 0.796543 0.931665 0.920046 0.798466 0.883611 0.979995 0.974054 0.964560 0.917456 0.977990 0.915840 0.881795 0.864365 0.970886 0.941725 0.910761 0.953976 0.950198 0.918168 0.929013 0.930400 0.922625 0.883765 0.899579 0.880980 0.950626 0.994089 0.926463 0.931192 0.846220 0.894278 0.974229 0.981268 0.889508 0.938570 0.994556 0.810300 0.934806 0.818030 0.796303 0.738029 0.792265 0.818799 0.660296 0.725772 0.889470 0.884977 0.926628 0.731267 0.890890 0.854885 0.880223 0.877096 0.969812 0.902100 0.812513 0.974495 0.977882 0.930273 0.989191 0.889063 0.920464 0.901258 0.998454 0.906033 0.853523 0.932576 0.797654 0.940830 0.862485 0.790227 0.918871 0.997743 0.924996 0.896657
0.960753 0.949551 0.939900 0.884912 0.943179 0.920815 0.852569 0.897589 0.978745 0.817110 0.927426 0.965977 0.882663 0.990469 0.849710 0.828237 0.897278 0.889686 0.940006 0.846835 0.958010 0.675693 0.772254 0.790887 0.953317 0.863200 0.932708 0.917888 0.868546 0.946941 0.967740 0.830486 0.843553 0.800755 0.921316 0.905514 0.794545 0.000000 0.922935 0.830506 0.797524 0.866347 0.873697 0.917589 0.722024 0.868543 0.991697 0.914194 0.886754 0.992656 0.887496 0.974424 0.922671 0.913171 0.837174 0.812866 0.986060 0.964432 0.989743 0.843846 0.925824 0.823902 0.936362 0.947006 0.932679 0.813134 0.951912 0.826958 0.904626 0.912865 0.927324 0.773096 0.740308 0.803934 0.946120 0.948499 0.860935 0.959205 0.940205 0.841443 0.805169 0.875751 0.912528 0.706047 0.836055 0.986642 0.960785 0.929741 0.974518 0.792816 0.902407 0.987106 0.958049 0.879461 0.968925 0.824815 0.860687 0.870879 0.952067 0.817139 0.992156 0.887156 0.943688 0.993304 0.953305 0.952044 0.989205 0.996999 0.822195 0.937447 0.908359 0.734455 0.980628 0.930842 0.955200 0.848042
