0.000000 0.316847 0.700993 0.676668 0.857309 0.616642 0.354602 0.361080 0.547103 0.550247 0.354659 0.263998 0.379489 0.413252 0.632124 0.671853 0.378871 0.390973 0.386346 0.409835 0.964291 0.888277 0.809903 0.986348 0.823229 0.973118 0.785605 0.858110 0.419934 0.480602 0.891105 0.936640 0.410083 0.337801 0.654386 0.972185 0.859534 0.988918 0.801470 0.979657 0.854440 0.820176 0.599792 0.570828 0.575505 0.549822 0.564821 0.562699 0.856285 0.786299 0.655540 0.587690 0.793983 0.888079 0.776075 0.744248 0.371194 0.331171 0.248904 0.293671 0.254464 0.321494 0.384312 0.341345 0.771219 0.599853 0.474468 0.488153 0.528981 0.629262 0.642934 0.740547 0.827995 0.823721 0.893657 0.877743 0.602134 0.801196 0.556384 0.837147 0.386705 0.611471 0.846669 0.701404 0.663355 0.791018 0.946040 0.825679 0.603149 0.619589 0.650088 0.744392 0.724686 0.739680 0.790952 0.817443 0.539594 0.705762 0.417443 0.405693 0.605624 0.668792 0.531958 0.610781 0.489223 0.498149 0.825392 0.590827 0.667737 0.673506 0.662533 0.647602 0.638909 0.868075 0.615409 0.932623
0.316847 0.000000 0.631486 0.517341 0.989808 0.648053 0.368451 0.318085 0.688990 0.714935 0.599095 0.411122 0.641430 0.520137 0.844437 0.739680 0.475569 0.474068 0.381361 0.295858 0.813561 0.813670 0.741817 0.782135 0.922483 0.787128 0.947917 0.897738 0.565199 0.620689 0.674079 0.721273 0.350691 0.312096 0.566123 0.785553 0.756753 0.836652 0.963643 0.873668 0.685924 0.863874 0.395439 0.385418 0.493759 0.496684 0.488603 0.467401 0.889056 0.707707 0.543648 0.501838 0.735660 0.778851 0.700456 0.700856 0.319746 0.294714 0.417734 0.340080 0.407694 0.300524 0.622166 0.561710 0.683618 0.422419 0.329262 0.335873 0.466440 0.483621 0.551474 0.619849 0.577484 0.602573 0.778401 0.763008 0.618983 0.706454 0.640046 0.780194 0.431257 0.562217 0.751913 0.741385 0.625110 0.567798 0.985405 0.913599 0.644711 0.575190 0.582690 0.828535 0.644087 0.797495 0.732787 0.866573 0.470284 0.709403 0.435646 0.465819 0.597211 0.675080 0.543980 0.742556 0.423126 0.479565 0.901342 0.588395 0.669320 0.649819 0.637292 0.632897 0.700120 0.721514 0.543865 0.969805
0.700993 0.631486 0.000000 0.216952 0.920911 0.870335 0.400903 0.515638 0.612721 0.999579 0.994007 0.814708 0.774205 0.765685 0.714916 0.625906 0.989324 0.998814 0.607153 0.592803 0.498554 0.840331 0.326773 0.436700 0.390253 0.306770 0.878890 0.889120 0.998624 0.953229 0.394026 0.581240 0.498262 0.488806 0.508074 0.785460 0.456971 0.610590 0.846820 0.721317 0.804711 0.975572 0.468799 0.628127 0.805084 0.891123 0.462236 0.530831 0.816838 0.949776 0.752069 0.773592 0.860640 0.824398 0.664381 0.731987 0.961483 0.887468 0.704881 0.728121 0.594554 0.579064 0.953610 0.958666 0.228188 0.351919 0.390494 0.421673 0.596559 0.778687 0.445214 0.464497 0.555842 0.626591 0.801726 0.982411 0.591932 0.514628 0.977013 0.742594 0.823349 0.687146 0.721972 0.852547 0.386485 0.377259 0.864448 0.920066 0.578107 0.584829 0.659464 0.772246 0.659734 0.668791 0.621643 0.812618 0.663717 0.935850 0.751772 0.697822 0.832266 0.973425 0.892645 0.954438 0.620024 0.491871 0.735447 0.824598 0.788948 0.828323 0.739190 0.895644 0.862325 0.910746 0.786721 0.888975
0.676668 0.517341 0.216952 0.000000 0.951304 0.772261 0.376530 0.439523 0.663337 0.991941 0.990106 0.729141 0.860768 0.721954 0.834973 0.683563 0.938401 0.971591 0.578750 0.490498 0.460985 0.809670 0.380022 0.389891 0.402853 0.307876 0.895935 0.914981 0.981266 0.965079 0.404438 0.545709 0.463354 0.451174 0.493278 0.714070 0.509798 0.575120 0.809115 0.684650 0.738350 0.943704 0.410929 0.534121 0.767271 0.868094 0.401325 0.466360 0.808491 0.947868 0.696289 0.738435 0.850815 0.800670 0.704942 0.698995 0.859894 0.831877 0.672795 0.632589 0.597949 0.479942 0.926991 0.949095 0.265027 0.245318 0.303520 0.312900 0.593983 0.729424 0.387398 0.387575 0.485088 0.554628 0.691077 0.827433 0.587175 0.497302 0.993244 0.697283 0.821673 0.713376 0.710352 0.848221 0.420133 0.347309 0.821313 0.992410 0.600983 0.580556 0.583186 0.788452 0.596394 0.676618 0.649336 0.761791 0.573499 0.835739 0.688730 0.665908 0.726801 0.923078 0.840159 0.978341 0.544147 0.487596 0.773013 0.785790 0.724867 0.775313 0.688689 0.847780 0.865239 0.857647 0.676212 0.864943
0.857309 0.989808 0.920911 0.951304 0.000000 0.922344 0.949683 0.986049 0.788893 0.768816 0.876458 0.871239 0.671477 0.846577 0.629035 0.822487 0.782103 0.843007 0.783932 0.977685 0.924116 0.754574 0.854156 0.888802 0.935520 0.842301 0.775949 0.941861 0.840696 0.843966 0.931352 0.785397 0.891646 0.911527 0.870770 0.988145 0.943503 0.931163 0.952689 0.793568 0.875131 0.977912 0.930656 0.904176 0.997144 0.990541 0.975825 0.903899 0.931161 0.832703 0.920786 0.880453 0.915968 0.794999 0.950278 0.950026 0.869179 0.744811 0.759504 0.970518 0.797473 0.994733 0.663968 0.752901 0.854136 0.942597 0.985568 0.976797 0.965559 0.913090 0.974852 0.932180 0.837630 0.756387 0.847617 0.824662 0.974601 0.957508 0.917462 0.939254 0.778264 0.938847 0.892770 0.718623 0.770904 0.986128 0.957509 0.774743 0.705923 0.969812 0.923816 0.935465 0.918286 0.924427 0.932356 0.941155 0.997835 0.909620 0.942060 0.945910 0.854053 0.922845 0.849626 0.980094 0.941374 0.829268 0.925190 0.946814 0.955315 0.982824 0.920592 0.976607 0.962924 0.908781 0.885494 0.981394
0.616642 0.648053 0.870335 0.772261 0.922344 0.000000 0.569266 0.495363 0.638974 0.631226 0.699896 0.627665 0.894066 0.913627 0.946049 0.963399 0.784333 0.773261 0.768828 0.684822 0.976901 0.806161 0.913534 0.886012 0.844804 0.977944 0.656943 0.898808 0.787848 0.942737 0.980586 0.948697 0.720681 0.669538 0.845872 0.979072 0.968457 0.951644 0.849742 0.976587 0.819680 0.949042 0.669249 0.598440 0.709048 0.709244 0.679654 0.732318 0.884791 0.791608 0.703061 0.675182 0.799161 0.803445 0.820481 0.731897 0.763385 0.754234 0.638150 0.533457 0.653991 0.517784 0.888423 0.836343 0.971157 0.683501 0.640249 0.591385 0.734185 0.619494 0.767601 0.753973 0.817064 0.855808 0.871111 0.822551 0.756911 0.848186 0.939970 0.896422 0.832826 0.877389 0.865906 0.976550 0.973102 0.979602 0.935784 0.939166 0.825274 0.925889 0.579374 0.667240 0.601648 0.687981 0.937585 0.854293 0.687177 0.767856 0.545181 0.598814 0.663272 0.708514 0.711318 0.674127 0.740774 0.761361 0.830110 0.711335 0.903560 0.826460 0.685102 0.653046 0.691506 0.847291 0.550561 0.863211
0.354602 0.368451 0.400903 0.376530 0.949683 0.569266 0.000000 0.197410 0.335047 0.521201 0.554804 0.427040 0.610045 0.655375 0.730039 0.703773 0.565531 0.599746 0.460142 0.427636 0.779189 0.797731 0.666701 0.833440 0.857155 0.678278 0.796493 0.864964 0.595951 0.638387 0.642586 0.809324 0.416440 0.308426 0.467616 0.886353 0.741322 0.777833 0.902532 0.833125 0.696467 0.843208 0.366194 0.361269 0.466500 0.501538 0.459743 0.449129 0.861107 0.700003 0.454798 0.433031 0.556279 0.577276 0.624083 0.629919 0.647932 0.563777 0.342828 0.407332 0.355340 0.323529 0.679636 0.609665 0.574023 0.451763 0.255459 0.334698 0.510335 0.615289 0.368875 0.471028 0.573155 0.635297 0.782863 0.944111 0.418485 0.603855 0.710561 0.859000 0.528916 0.688434 0.833073 0.796279 0.648720 0.685561 0.966754 0.826306 0.591227 0.606968 0.352846 0.510817 0.413147 0.456725 0.607848 0.767891 0.348823 0.627702 0.326703 0.358651 0.558578 0.613126 0.554974 0.659190 0.409546 0.346662 0.673229 0.546695 0.630196 0.645310 0.522854 0.626040 0.600113 0.742518 0.516157 0.848546
0.361080 0.318085 0.515638 0.439523 0.986049 0.495363 0.197410 0.000000 0.444961 0.506250 0.539959 0.373576 0.665489 0.617650 0.851038 0.822986 0.593835 0.605725 0.513771 0.413593 0.805457 0.795097 0.787561 0.894170 0.936052 0.731705 0.732257 0.826098 0.590038 0.674728 0.673684 0.792129 0.420694 0.322932 0.494890 0.857401 0.856235 0.834208 0.888676 0.831617 0.656169 0.820345 0.373441 0.371852 0.554435 0.567035 0.502875 0.517785 0.949892 0.764514 0.525601 0.494373 0.654479 0.662133 0.744164 0.650401 0.566848 0.530291 0.362819 0.340713 0.350017 0.235035 0.697144 0.605377 0.672898 0.399311 0.256331 0.283236 0.563586 0.565085 0.404101 0.441980 0.610504 0.601482 0.806627 0.829442 0.516066 0.698264 0.782688 0.864866 0.569222 0.747488 0.891095 0.907951 0.730440 0.732111 0.968393 0.779940 0.623406 0.677670 0.332705 0.575143 0.387498 0.506063 0.666611 0.748036 0.357724 0.571986 0.329234 0.376221 0.451906 0.576992 0.555875 0.681132 0.385570 0.351260 0.650381 0.539986 0.636457 0.586041 0.479050 0.578110 0.564491 0.771522 0.442815 0.867184
0.547103 0.688990 0.612721 0.663337 0.788893 0.638974 0.335047 0.444961 0.000000 0.448620 0.520489 0.571777 0.624899 0.816128 0.689107 0.719211 0.643954 0.684146 0.714635 0.696123 0.924677 0.940086 0.811081 0.933329 0.937511 0.903856 0.764942 0.801353 0.598407 0.680005 0.864186 0.966319 0.627812 0.540380 0.711154 0.960054 0.865383 0.930704 0.798910 0.953992 0.769802 0.772941 0.663517 0.626893 0.606904 0.643006 0.758854 0.785783 0.814924 0.863400 0.625703 0.631314 0.626561 0.693735 0.632758 0.730846 0.906428 0.732138 0.421000 0.597458 0.467789 0.559043 0.666525 0.613107 0.770955 0.788374 0.545420 0.615184 0.725146 0.767548 0.516569 0.660384 0.806073 0.861644 0.899703 0.952814 0.562280 0.755184 0.698537 0.976549 0.655250 0.828847 0.943726 0.778792 0.847179 0.981246 0.919094 0.879304 0.602793 0.823323 0.520623 0.466149 0.529402 0.435392 0.754750 0.988917 0.544738 0.699019 0.461512 0.469530 0.630197 0.676345 0.675115 0.679480 0.594450 0.491974 0.734268 0.598260 0.716393 0.822967 0.653355 0.717006 0.646876 0.786546 0.657664 0.834683
0.550247 0.714935 0.999579 0.991941 0.768816 0.631226 0.521201 0.506250 0.448620 0.000000 0.456291 0.525557 0.698644 0.898999 0.771144 0.909872 0.498027 0.492414 0.720779 0.765358 0.789977 0.941593 0.802933 0.508222 0.599269 0.725741 0.678774 0.813976 0.450008 0.584667 0.823863 0.700363 0.823523 0.674984 0.791406 0.935147 0.848578 0.908411 0.740489 0.987639 0.801700 0.722427 0.795052 0.693470 0.600661 0.583062 0.894420 0.914849 0.693180 0.807295 0.612243 0.601934 0.675381 0.725318 0.919243 0.800992 0.744504 0.642607 0.452528 0.661118 0.627701 0.657583 0.535741 0.458983 0.827382 0.953394 0.689257 0.815276 0.827593 0.798095 0.587300 0.773428 0.958689 0.917735 0.952840 0.954493 0.608203 0.905312 0.811204 0.836016 0.585869 0.906736 0.939544 0.846223 0.853411 0.671659 0.820123 0.653224 0.802398 0.931012 0.456481 0.454423 0.490732 0.445552 0.886030 0.839193 0.554507 0.591290 0.375553 0.471585 0.589384 0.545824 0.443464 0.503249 0.656258 0.644303 0.801110 0.558759 0.803480 0.749583 0.644642 0.655693 0.457938 0.742352 0.708488 0.822486
0.354659 0.599095 0.994007 0.990106 0.876458 0.699896 0.554804 0.539959 0.520489 0.456291 0.000000 0.296267 0.432731 0.510262 0.757049 0.793059 0.402774 0.397535 0.618556 0.631324 0.736885 0.982757 0.875865 0.731325 0.560872 0.702723 0.660801 0.706396 0.341722 0.391161 0.896589 0.893210 0.633574 0.544816 0.897642 0.827918 0.849795 0.851807 0.831079 0.980693 0.991199 0.763051 0.983581 0.816997 0.692585 0.645961 0.903781 0.864410 0.792817 0.875243 0.829449 0.808144 0.858465 0.999908 0.834568 0.872618 0.602303 0.511169 0.408450 0.475782 0.360208 0.453896 0.310043 0.255590 0.905265 0.919293 0.765851 0.788347 0.789523 0.790637 0.891043 0.999788 0.892126 0.933639 0.904598 0.989407 0.839542 0.898572 0.563942 0.939848 0.427674 0.688995 0.999250 0.696205 0.960044 0.892627 0.814600 0.834432 0.768061 0.844716 0.838218 0.848072 0.886255 0.864086 0.897052 0.925241 0.715052 0.749913 0.586327 0.610216 0.667759 0.751117 0.671703 0.702824 0.668665 0.724010 0.852308 0.764313 0.762058 0.753151 0.717304 0.792323 0.742151 0.984994 0.713807 0.886314
0.263998 0.411122 0.814708 0.729141 0.871239 0.627665 0.427040 0.373576 0.571777 0.525557 0.296267 0.000000 0.376984 0.383806 0.692342 0.668316 0.395501 0.387033 0.492022 0.436804 0.979926 0.914412 0.903672 0.973260 0.746904 0.909798 0.806780 0.806744 0.368153 0.396473 0.968944 0.995176 0.463802 0.387606 0.748342 0.976410 0.968696 0.978629 0.856603 0.877810 0.856185 0.866155 0.760141 0.674549 0.664849 0.665629 0.679121 0.665664 0.899436 0.926242 0.796806 0.741041 0.894832 0.994006 0.860351 0.831470 0.450275 0.430084 0.309909 0.361745 0.274792 0.276092 0.378945 0.300108 0.849475 0.594004 0.527164 0.518093 0.748654 0.680255 0.705205 0.798795 0.953665 0.868506 0.812405 0.892072 0.665879 0.887142 0.621737 0.819229 0.406644 0.637771 0.852341 0.711159 0.750390 0.843349 0.940682 0.848923 0.636068 0.726386 0.680622 0.831426 0.759540 0.778940 0.789903 0.855000 0.614145 0.713053 0.475551 0.507198 0.585442 0.725788 0.590730 0.665384 0.529225 0.552314 0.831118 0.722259 0.725115 0.753582 0.673938 0.631768 0.711756 0.963501 0.654984 0.959872
0.379489 0.641430 0.774205 0.860768 0.671477 0.894066 0.610045 0.665489 0.624899 0.698644 0.432731 0.376984 0.000000 0.379437 0.422307 0.455602 0.583648 0.579375 0.537880 0.669481 0.943645 0.921255 0.698293 0.962621 0.761546 0.872138 0.904216 0.874353 0.491650 0.495118 0.997982 0.900801 0.587516 0.609717 0.949313 0.784879 0.969432 0.893148 0.838509 0.969686 0.898352 0.964660 0.925813 0.941661 0.903849 0.845701 0.783724 0.778152 0.999738 0.897616 0.948184 0.945055 0.933947 0.809818 0.930001 0.998011 0.622468 0.533887 0.396881 0.537895 0.316918 0.540773 0.369931 0.407600 0.741001 0.775694 0.821398 0.833113 0.860788 0.845631 0.907933 0.972900 0.876547 0.814676 0.890449 0.906005 0.806256 0.914542 0.680921 0.794873 0.574214 0.728709 0.885470 0.751487 0.630197 0.875388 0.924987 0.795325 0.749613 0.846850 0.960084 0.897627 0.936278 0.911328 0.903140 0.963752 0.852565 0.935074 0.730321 0.642672 0.880212 0.838802 0.797160 0.817024 0.725834 0.566651 0.922528 0.843529 0.860592 0.895134 0.848669 0.751160 0.834096 0.976084 0.816981 0.926201
0.413252 0.520137 0.765685 0.721954 0.846577 0.913627 0.655375 0.617650 0.816128 0.898999 0.510262 0.383806 0.379437 0.000000 0.639718 0.564507 0.626399 0.609656 0.501010 0.592979 0.925818 0.996123 0.622944 0.752629 0.960087 0.981848 0.970924 0.945473 0.589503 0.464679 0.755427 0.819640 0.397540 0.482643 0.762740 0.986108 0.809837 0.887929 0.980247 0.816956 0.929050 0.977442 0.905557 0.899921 0.985410 0.973665 0.808041 0.783209 0.743760 0.784024 0.931175 0.981793 0.849546 0.753487 0.986293 0.970828 0.459311 0.495805 0.447782 0.417020 0.341290 0.437139 0.436848 0.461224 0.740974 0.572303 0.665842 0.585588 0.870476 0.744369 0.869675 0.797334 0.980782 0.941915 0.811911 0.913950 0.911008 0.848900 0.732041 0.727648 0.601256 0.819035 0.684954 0.774331 0.560825 0.651807 0.844564 0.927573 0.695893 0.663478 0.960110 0.804002 0.902637 0.869426 0.919851 0.860942 0.810566 0.915656 0.830700 0.811055 0.765085 0.932625 0.920149 0.982765 0.681229 0.690744 0.955244 0.917862 0.794174 0.754039 0.828695 0.855495 0.988701 0.862117 0.769670 0.963387
0.632124 0.844437 0.714916 0.834973 0.629035 0.946049 0.730039 0.851038 0.689107 0.771144 0.757049 0.692342 0.422307 0.639718 0.000000 0.443418 0.751796 0.759989 0.657226 0.837138 0.805003 0.980444 0.548279 0.908168 0.995268 0.984719 0.927736 0.944357 0.668046 0.698536 0.840803 0.941141 0.656892 0.715380 0.838762 0.925276 0.790579 0.992492 0.871686 0.985671 0.956446 0.967996 0.945838 0.948826 0.870997 0.885860 0.792852 0.793821 0.998354 0.927108 0.938961 0.875438 0.917792 0.979481 0.831868 0.838910 0.840733 0.738392 0.523180 0.743302 0.533315 0.794023 0.586401 0.627549 0.694782 0.911351 0.829821 0.911031 0.851425 0.793280 0.798964 0.862399 0.984614 0.939730 0.869329 0.911402 0.843237 0.897983 0.805841 0.972563 0.786494 0.878435 0.670116 0.755361 0.592118 0.868622 0.756698 0.910873 0.706045 0.789510 0.948178 0.854420 0.943211 0.839887 0.883154 0.929377 0.848816 0.956156 0.793234 0.708474 0.980662 0.944249 0.875592 0.870974 0.790577 0.605599 0.861868 0.757431 0.944376 0.948753 0.828878 0.798342 0.860807 0.888953 0.921440 0.891989
0.671853 0.739680 0.625906 0.683563 0.822487 0.963399 0.703773 0.822986 0.719211 0.909872 0.793059 0.668316 0.455602 0.564507 0.443418 0.000000 0.784909 0.724000 0.557917 0.671813 0.792180 0.967587 0.421707 0.639806 0.862182 0.817506 0.883766 0.973547 0.649216 0.674206 0.729373 0.861267 0.593533 0.649422 0.869133 0.978972 0.643584 0.895012 0.882488 0.876525 0.992643 0.857647 0.822749 0.860247 0.846434 0.834130 0.599635 0.700130 0.994283 0.976210 0.958559 0.874390 0.987513 0.956835 0.720483 0.916440 0.795383 0.731812 0.649527 0.799430 0.588822 0.722531 0.712143 0.732614 0.580521 0.719430 0.826379 0.825333 0.837314 0.859718 0.769947 0.826728 0.937653 0.877557 0.808832 0.887249 0.804886 0.730627 0.688323 0.761019 0.740207 0.703937 0.628113 0.675341 0.483031 0.639120 0.795322 0.911495 0.717949 0.768999 0.980219 0.936621 0.938212 0.917790 0.703357 0.958467 0.829780 0.890369 0.856101 0.739584 0.971125 0.921937 0.909983 0.966581 0.711709 0.712564 0.979183 0.893335 0.903385 0.998051 0.976021 0.803955 0.937545 0.944673 0.930849 0.917399
0.378871 0.475569 0.989324 0.938401 0.782103 0.784333 0.565531 0.593835 0.643954 0.498027 0.402774 0.395501 0.583648 0.626399 0.751796 0.784909 0.000000 0.228571 0.456238 0.479994 0.838141 0.908396 0.958296 0.838725 0.726868 0.793101 0.911041 0.870764 0.317185 0.377379 0.987847 0.928186 0.570043 0.532694 0.734964 0.976537 0.936162 0.985984 0.883125 0.958188 0.788289 0.795425 0.817209 0.678644 0.473007 0.435764 0.790020 0.745078 0.627545 0.658828 0.598845 0.614535 0.689062 0.817050 0.722574 0.771807 0.388173 0.307383 0.437685 0.567734 0.523046 0.583520 0.337930 0.291877 0.946335 0.930950 0.678974 0.722123 0.608773 0.725095 0.758659 0.985290 0.865390 0.833038 0.935724 0.874743 0.766586 0.940358 0.548439 0.895364 0.269447 0.540731 0.738572 0.527482 0.829744 0.966995 0.886928 0.927129 0.739404 0.692532 0.781835 0.850490 0.869502 0.856257 0.788786 0.997172 0.583891 0.712722 0.512678 0.618839 0.726832 0.799660 0.505368 0.548291 0.679476 0.732658 0.999848 0.761886 0.714306 0.747503 0.784707 0.701526 0.768233 0.763978 0.794083 0.964752
0.390973 0.474068 0.998814 0.971591 0.843007 0.773261 0.599746 0.605725 0.684146 0.492414 0.397535 0.387033 0.579375 0.609656 0.759989 0.724000 0.228571 0.000000 0.478874 0.471487 0.898327 0.867006 0.936583 0.806360 0.726326 0.810386 0.921337 0.908010 0.261747 0.302456 0.989900 0.974601 0.566908 0.522151 0.803932 0.960769 0.890601 0.929209 0.841365 0.911417 0.842752 0.764059 0.857167 0.708948 0.496535 0.458621 0.785655 0.790808 0.630631 0.681193 0.617973 0.639956 0.759902 0.861051 0.721750 0.811746 0.375746 0.312808 0.455832 0.607400 0.543242 0.571399 0.345243 0.263812 0.919006 0.930062 0.701112 0.729536 0.588265 0.691123 0.778627 0.966322 0.871440 0.780390 0.981706 0.868752 0.790116 0.911950 0.528251 0.912836 0.233881 0.469828 0.771283 0.542860 0.866048 0.949769 0.858179 0.899354 0.719666 0.762031 0.808971 0.874692 0.877421 0.892830 0.793005 0.948658 0.617866 0.758922 0.523695 0.609818 0.722051 0.834014 0.487665 0.520671 0.626496 0.783067 0.945960 0.797120 0.805447 0.738875 0.775535 0.704893 0.730989 0.800295 0.805964 0.952077
0.386346 0.381361 0.607153 0.578750 0.783932 0.768828 0.460142 0.513771 0.714635 0.720779 0.618556 0.492022 0.537880 0.501010 0.657226 0.557917 0.456238 0.478874 0.000000 0.423873 0.889606 0.895428 0.610756 0.782035 0.948293 0.859264 0.986093 0.985892 0.558276 0.613228 0.741958 0.884888 0.395386 0.394420 0.564335 0.844426 0.722282 0.893954 0.960103 0.900324 0.851588 0.950965 0.585975 0.573611 0.508974 0.501603 0.492931 0.495953 0.774100 0.723706 0.586392 0.583751 0.736053 0.791747 0.655492 0.718689 0.460628 0.374805 0.433624 0.481851 0.440520 0.490738 0.545673 0.563644 0.610088 0.590587 0.523225 0.522071 0.510888 0.647147 0.600579 0.749331 0.783806 0.767095 0.798326 0.832123 0.652763 0.647166 0.703183 0.737569 0.466805 0.589521 0.667734 0.644425 0.510240 0.629718 0.981930 0.939429 0.659925 0.613885 0.699192 0.844905 0.809927 0.802563 0.734636 0.800817 0.551572 0.815566 0.539845 0.556787 0.811368 0.906371 0.624549 0.765976 0.648525 0.557512 0.883055 0.703985 0.654332 0.707782 0.714137 0.674414 0.747111 0.850056 0.811326 0.973065
0.409835 0.295858 0.592803 0.490498 0.977685 0.684822 0.427636 0.413593 0.696123 0.765358 0.631324 0.436804 0.669481 0.592979 0.837138 0.671813 0.479994 0.471487 0.423873 0.000000 0.696145 0.824770 0.694940 0.691315 0.836815 0.735018 0.993485 0.930412 0.559962 0.614536 0.667872 0.634329 0.385122 0.374950 0.627132 0.807356 0.730359 0.820672 0.971004 0.820504 0.703717 0.890183 0.507509 0.495656 0.593136 0.593437 0.514354 0.471390 0.969948 0.759536 0.666005 0.637628 0.839442 0.828448 0.664909 0.665678 0.443269 0.428392 0.511292 0.439503 0.491529 0.372923 0.665851 0.611336 0.638261 0.437411 0.422720 0.400032 0.487131 0.574021 0.564769 0.666460 0.629467 0.568215 0.726819 0.679637 0.697250 0.768785 0.677750 0.736920 0.416569 0.468165 0.680445 0.696965 0.573255 0.552968 0.900443 0.999262 0.701060 0.572953 0.658679 0.873309 0.705397 0.819918 0.668888 0.996244 0.534721 0.763622 0.570446 0.548191 0.678625 0.775513 0.564369 0.812539 0.449914 0.585958 0.818643 0.760032 0.790784 0.782454 0.772440 0.738277 0.734883 0.760381 0.597625 0.943801
0.964291 0.813561 0.498554 0.460985 0.924116 0.976901 0.779189 0.805457 0.924677 0.789977 0.736885 0.979926 0.943645 0.925818 0.805003 0.792180 0.838141 0.898327 0.889606 0.696145 0.000000 0.762079 0.462763 0.454996 0.398534 0.401134 0.702101 0.867703 0.851895 0.971539 0.468352 0.553269 0.666858 0.723108 0.757632 0.800732 0.634496 0.634137 0.849999 0.789022 0.728436 0.784797 0.679802 0.790185 0.982138 0.900286 0.697026 0.799023 0.698130 0.878088 0.949194 0.990743 0.972720 0.924731 0.904404 0.898015 0.977460 0.957523 0.982766 0.940122 0.923522 0.804252 0.765708 0.779284 0.479559 0.513192 0.607658 0.603695 0.799514 0.832648 0.652382 0.570556 0.615357 0.634550 0.700376 0.785781 0.878153 0.691663 0.872746 0.800393 0.960270 0.874867 0.603467 0.996037 0.589529 0.495057 0.614668 0.937685 0.823768 0.761220 0.819245 0.993575 0.866331 0.891941 0.760286 0.936439 0.857755 0.891282 0.982015 0.916632 0.960037 0.940441 0.869752 0.767664 0.700325 0.724365 0.826295 0.997113 0.838073 0.960340 0.977910 0.978589 0.983097 0.904636 0.785780 0.934025
0.888277 0.813670 0.840331 0.809670 0.754574 0.806161 0.797731 0.795097 0.940086 0.941593 0.982757 0.914412 0.921255 0.996123 0.980444 0.967587 0.908396 0.867006 0.895428 0.824770 0.762079 0.000000 0.914253 0.923271 0.851004 0.887942 0.948333 0.923990 0.891796 0.925973 0.816127 0.980531 0.829306 0.812816 0.771082 0.918228 0.867406 0.873743 0.997474 0.933229 0.804884 0.752636 0.871066 0.863999 0.727520 0.864280 0.942081 0.802817 0.917883 0.803511 0.779720 0.794868 0.808850 0.744368 0.934730 0.721257 0.870343 0.927375 0.953878 0.858164 0.908961 0.858208 0.939774 0.895347 0.937308 0.920618 0.742282 0.780501 0.766304 0.851502 0.775064 0.792916 0.878789 0.707188 0.760056 0.941673 0.751731 0.756817 0.854597 0.977395 0.852686 0.866786 0.892573 0.873648 0.982004 0.838195 0.913156 0.950947 0.965646 0.685941 0.768852 0.881001 0.761279 0.913660 0.740579 0.866457 0.846759 0.959189 0.752615 0.835346 0.845230 0.971758 0.804302 0.837713 0.834139 0.825170 0.923567 0.952134 0.963820 0.777690 0.806260 0.853433 0.934579 0.856132 0.809290 0.904461
0.809903 0.741817 0.326773 0.380022 0.854156 0.913534 0.666701 0.787561 0.811081 0.802933 0.875865 0.903672 0.698293 0.622944 0.548279 0.421707 0.958296 0.936583 0.610756 0.694940 0.462763 0.914253 0.000000 0.299482 0.403643 0.421821 0.712812 0.833724 0.962165 0.933562 0.378009 0.527896 0.472093 0.589101 0.631446 0.823249 0.451536 0.664993 0.869375 0.739093 0.874924 0.832451 0.672513 0.854282 0.985555 0.936913 0.581376 0.667400 0.686323 0.802252 0.997719 0.993887 0.929112 0.922405 0.786276 0.869831 0.917209 0.900520 0.788659 0.820914 0.637077 0.721593 0.985453 0.947590 0.263031 0.462272 0.613820 0.605950 0.791902 0.846108 0.647402 0.585712 0.708246 0.749144 0.690621 0.901586 0.810940 0.533524 0.994981 0.699525 0.903868 0.819229 0.556082 0.843811 0.257152 0.331774 0.706158 0.909231 0.656150 0.579415 0.969508 0.942811 0.988293 0.958903 0.706356 0.830698 0.873112 0.958084 0.973469 0.881759 0.951903 0.829635 0.909654 0.765781 0.714667 0.612764 0.939391 0.935063 0.969888 0.977720 0.929123 0.993535 0.948077 0.965219 0.936916 0.859019
0.986348 0.782135 0.436700 0.389891 0.888802 0.886012 0.833440 0.894170 0.933329 0.508222 0.731325 0.973260 0.962621 0.752629 0.908168 0.639806 0.838725 0.806360 0.782035 0.691315 0.454996 0.923271 0.299482 0.000000 0.327709 0.363986 0.660182 0.820028 0.762290 0.902955 0.394978 0.403560 0.618273 0.751495 0.692883 0.767801 0.531896 0.640814 0.775355 0.802522 0.923551 0.790204 0.695746 0.854214 0.932617 0.880569 0.628781 0.653639 0.656482 0.886811 0.963787 0.941026 0.881318 0.920475 0.779568 0.876603 0.959523 0.986810 0.950984 0.946446 0.840798 0.787034 0.799532 0.748971 0.334670 0.428985 0.706765 0.631383 0.807996 0.894634 0.825064 0.724574 0.695542 0.711094 0.730675 0.811938 0.960346 0.690656 0.957928 0.627025 0.981176 0.787127 0.622832 0.920471 0.361829 0.263771 0.684534 0.738198 0.828515 0.572712 0.894736 0.748262 0.876061 0.821886 0.740469 0.935689 0.934094 0.882098 0.822047 0.936218 0.885851 0.709388 0.773837 0.631193 0.856870 0.796642 0.924520 0.871084 0.990282 0.943915 0.971714 0.853963 0.773589 0.958762 0.946259 0.990287
0.823229 0.922483 0.390253 0.402853 0.935520 0.844804 0.857155 0.936052 0.937511 0.599269 0.560872 0.746904 0.761546 0.960087 0.995268 0.862182 0.726868 0.726326 0.948293 0.836815 0.398534 0.851004 0.403643 0.327709 0.000000 0.230347 0.626519 0.767247 0.674441 0.828935 0.311878 0.424872 0.710564 0.802625 0.649249 0.672765 0.415404 0.442530 0.641823 0.697552 0.837416 0.848615 0.687977 0.873334 0.963259 0.835495 0.670251 0.791750 0.688245 0.906531 0.927092 0.929132 0.915773 0.969440 0.803299 0.844102 0.862422 0.827238 0.805692 0.840702 0.928106 0.966104 0.619810 0.603101 0.377311 0.523879 0.662173 0.655930 0.810373 0.948031 0.683024 0.602548 0.521462 0.585893 0.787710 0.904686 0.874169 0.593033 0.808738 0.764806 0.925519 0.810125 0.634493 0.937942 0.481572 0.328426 0.814978 0.859609 0.826594 0.658280 0.993281 0.862621 0.907882 0.956095 0.761752 0.820743 0.924384 0.897408 0.860382 0.886438 0.906532 0.739220 0.851202 0.689565 0.889503 0.889347 0.897839 0.913863 0.959890 0.974394 0.959226 0.793809 0.780224 0.963958 0.989859 0.951046
0.973118 0.787128 0.306770 0.307876 0.842301 0.977944 0.678278 0.731705 0.903856 0.725741 0.702723 0.909798 0.872138 0.981848 0.984719 0.817506 0.793101 0.810386 0.859264 0.735018 0.401134 0.887942 0.421821 0.363986 0.230347 0.000000 0.803616 0.843232 0.777625 0.854402 0.306198 0.409772 0.631756 0.707510 0.679438 0.633603 0.406423 0.465407 0.702637 0.704516 0.772601 0.878306 0.534827 0.725330 0.941289 0.973129 0.538977 0.702057 0.757804 0.983667 0.797881 0.907960 0.975451 0.875284 0.713708 0.826068 0.882412 0.888150 0.939038 0.990200 0.913336 0.757287 0.617970 0.652581 0.337170 0.393212 0.540220 0.532390 0.751469 0.875202 0.563076 0.487365 0.450253 0.517797 0.849318 0.833213 0.782704 0.574071 0.832952 0.739503 0.979998 0.793769 0.712303 0.976553 0.492568 0.336859 0.752439 0.906653 0.733261 0.677024 0.793711 0.963735 0.744185 0.854338 0.732387 0.807151 0.798035 0.987519 0.963289 0.926126 0.888295 0.911206 0.934579 0.787986 0.756517 0.727631 0.781162 0.963714 0.913162 0.926005 0.903633 0.965883 0.957740 0.896188 0.885815 0.960230
0.785605 0.947917 0.878890 0.895935 0.775949 0.656943 0.796493 0.732257 0.764942 0.678774 0.660801 0.806780 0.904216 0.970924 0.927736 0.883766 0.911041 0.921337 0.986093 0.993485 0.702101 0.948333 0.712812 0.660182 0.626519 0.803616 0.000000 0.833529 0.776011 0.899914 0.811955 0.856172 0.945365 0.935997 0.992799 0.802067 0.713043 0.827729 0.777731 0.795774 0.949031 0.888774 0.936198 0.818492 0.887554 0.811700 0.948652 0.891069 0.881967 0.886275 0.901483 0.773132 0.793272 0.855311 0.985343 0.912632 0.978280 0.997477 0.821284 0.725097 0.801596 0.786767 0.909788 0.851523 0.740421 0.960191 0.960546 0.982043 0.961131 0.863006 0.970880 0.994665 0.969894 0.910976 0.864052 0.944518 0.956622 0.889875 0.996049 0.978093 0.992879 0.891759 0.738225 0.972746 0.743400 0.744293 0.889974 0.988726 0.976854 0.865442 0.731825 0.767475 0.797768 0.774149 0.878018 0.977449 0.915850 0.767799 0.840783 0.828640 0.647135 0.695350 0.892144 0.860082 0.926721 0.998592 0.789805 0.761505 0.848539 0.854693 0.864094 0.800342 0.797956 0.959932 0.823327 0.994330
0.858110 0.897738 0.889120 0.914981 0.941861 0.898808 0.864964 0.826098 0.801353 0.813976 0.706396 0.806744 0.874353 0.945473 0.944357 0.973547 0.870764 0.908010 0.985892 0.930412 0.867703 0.923990 0.833724 0.820028 0.767247 0.843232 0.833529 0.000000 0.833651 0.810405 0.868781 0.981581 0.977077 0.882824 0.969598 0.973043 0.809021 0.903817 0.957865 0.849851 0.910810 0.951381 0.976556 0.889334 0.900744 0.909553 0.915068 0.888226 0.872378 0.930215 0.902559 0.869680 0.817419 0.903218 0.886562 0.772473 0.990029 0.946173 0.887360 0.987421 0.863170 0.870815 0.861821 0.754417 0.832463 0.940355 0.964296 0.985342 0.894513 0.858603 0.946459 0.913207 0.841365 0.974343 0.945201 0.959367 0.909538 0.915192 0.762433 0.810657 0.940993 0.913053 0.804914 0.981409 0.827852 0.821212 0.868598 0.820578 0.931222 0.760250 0.812836 0.804067 0.841389 0.824414 0.928610 0.913396 0.942714 0.849273 0.788290 0.840736 0.779522 0.742761 0.926352 0.821836 0.894656 0.842336 0.938764 0.749675 0.875354 0.919375 0.935429 0.876974 0.830226 0.998588 0.779077 0.969786
0.419934 0.565199 0.998624 0.981266 0.840696 0.787848 0.595951 0.590038 0.598407 0.450008 0.341722 0.368153 0.491650 0.589503 0.668046 0.649216 0.317185 0.261747 0.558276 0.559962 0.851895 0.891796 0.962165 0.762290 0.674441 0.777625 0.776011 0.833651 0.000000 0.279163 0.994981 0.907454 0.574054 0.576117 0.836899 0.865536 0.982822 0.968840 0.711738 0.980591 0.880188 0.781806 0.889157 0.769204 0.534928 0.477427 0.842308 0.795145 0.628062 0.722529 0.698559 0.668856 0.770357 0.882371 0.751094 0.718534 0.533816 0.460028 0.465777 0.597063 0.470192 0.544428 0.328069 0.257236 0.911892 0.958246 0.765369 0.807889 0.742268 0.750103 0.820912 0.962520 0.908362 0.800950 0.960895 0.928911 0.778301 0.955193 0.487506 0.999995 0.331652 0.564244 0.753904 0.539439 0.872662 0.989825 0.934183 0.937104 0.694808 0.771724 0.811445 0.869074 0.896374 0.854456 0.824739 0.952602 0.677391 0.786340 0.548639 0.588587 0.704745 0.813692 0.565522 0.631697 0.664023 0.757349 0.872258 0.801738 0.820416 0.705039 0.781069 0.713440 0.707079 0.756908 0.776258 0.970023
0.480602 0.620689 0.953229 0.965079 0.843966 0.942737 0.638387 0.674728 0.680005 0.584667 0.391161 0.396473 0.495118 0.464679 0.698536 0.674206 0.377379 0.302456 0.613228 0.614536 0.971539 0.925973 0.933562 0.902955 0.828935 0.854402 0.899914 0.810405 0.279163 0.000000 0.890687 0.938924 0.539547 0.542791 0.839004 0.879516 0.896098 0.836749 0.880692 0.885186 0.900954 0.877828 0.998400 0.857386 0.688811 0.686136 0.925547 0.883462 0.848071 0.929894 0.818518 0.841897 0.909455 0.979394 0.866314 0.890481 0.532099 0.508964 0.521300 0.683600 0.502741 0.575909 0.306871 0.255527 0.952845 0.918991 0.767179 0.799214 0.808761 0.820804 0.863171 0.994481 0.915187 0.844539 0.943727 0.950703 0.787750 0.882404 0.595232 0.911129 0.323867 0.584573 0.660100 0.535833 0.803705 0.899176 0.877318 0.933414 0.757395 0.752953 0.961643 0.932852 0.988413 0.987319 0.895608 0.906263 0.760780 0.903967 0.695488 0.789701 0.763178 0.979859 0.688045 0.771944 0.697690 0.871432 0.955568 0.912699 0.949980 0.798788 0.917716 0.867535 0.914804 0.908660 0.855518 0.907314
0.891105 0.674079 0.394026 0.404438 0.931352 0.980586 0.642586 0.673684 0.864186 0.823863 0.896589 0.968944 0.997982 0.755427 0.840803 0.729373 0.987847 0.989900 0.741958 0.667872 0.468352 0.816127 0.378009 0.394978 0.311878 0.306198 0.811955 0.868781 0.994981 0.890687 0.000000 0.331253 0.421532 0.572981 0.552479 0.728240 0.441544 0.478949 0.811799 0.764157 0.667021 0.997920 0.597032 0.730736 0.856999 0.935001 0.655137 0.741196 0.722600 0.945904 0.792374 0.897752 0.980651 0.910049 0.719360 0.776032 0.875189 0.876000 0.912425 0.866015 0.724847 0.659780 0.932572 0.942817 0.451376 0.452679 0.509781 0.521672 0.654328 0.701749 0.615871 0.478964 0.454699 0.511665 0.731870 0.784220 0.863319 0.641848 0.976779 0.680863 0.828907 0.726471 0.512586 0.890092 0.428186 0.343533 0.802807 0.837856 0.692685 0.543831 0.892626 0.866770 0.867695 0.983920 0.686651 0.824915 0.733283 0.891091 0.947007 0.937290 0.914807 0.905394 0.974888 0.820379 0.703517 0.683194 0.792723 0.925976 0.929569 0.820202 0.902103 0.955930 0.885478 0.870809 0.801153 0.925681
0.936640 0.721273 0.581240 0.545709 0.785397 0.948697 0.809324 0.792129 0.966319 0.700363 0.893210 0.995176 0.900801 0.819640 0.941141 0.861267 0.928186 0.974601 0.884888 0.634329 0.553269 0.980531 0.527896 0.403560 0.424872 0.409772 0.856172 0.981581 0.907454 0.938924 0.331253 0.000000 0.572279 0.665753 0.724152 0.777083 0.605722 0.577604 0.756274 0.863563 0.822212 0.902676 0.705838 0.745730 0.994584 0.989331 0.707467 0.787394 0.681755 0.901070 0.917105 0.991431 0.919679 0.955072 0.795692 0.920605 0.894207 0.952104 0.947529 0.924676 0.844701 0.713609 0.853538 0.885845 0.586222 0.501971 0.661340 0.607354 0.767748 0.875039 0.796042 0.673124 0.561306 0.532509 0.820823 0.749890 0.997046 0.758099 0.923447 0.760935 0.881573 0.770491 0.662049 0.970805 0.569389 0.403634 0.877812 0.849265 0.844209 0.721644 0.973248 0.745778 0.964115 0.858109 0.716845 0.890566 0.870326 0.945613 0.948820 0.949833 0.929614 0.870471 0.908596 0.706167 0.705440 0.868043 0.931765 0.969112 0.845487 0.986819 0.949512 0.858568 0.876030 0.963165 0.852318 0.938766
0.410083 0.350691 0.498262 0.463354 0.891646 0.720681 0.416440 0.420694 0.627812 0.823523 0.633574 0.463802 0.587516 0.397540 0.656892 0.593533 0.570043 0.566908 0.395386 0.385122 0.666858 0.829306 0.472093 0.618273 0.710564 0.631756 0.945365 0.977077 0.574054 0.539547 0.421532 0.572279 0.000000 0.274070 0.484757 0.810535 0.593307 0.719933 0.997269 0.805686 0.661193 0.938763 0.582229 0.622593 0.670735 0.711513 0.562856 0.607641 0.899003 0.963459 0.733969 0.780601 0.923567 0.986533 0.691299 0.676585 0.482659 0.466931 0.451605 0.421953 0.329665 0.333930 0.575722 0.567994 0.521384 0.405217 0.380516 0.360383 0.566915 0.567324 0.565149 0.537422 0.624183 0.607322 0.737400 0.733735 0.742097 0.633709 0.717970 0.704642 0.467685 0.554979 0.547689 0.654589 0.387650 0.415564 0.853516 0.958890 0.542154 0.480960 0.784631 0.958738 0.807697 0.918414 0.715106 0.758798 0.612584 0.818277 0.614955 0.632076 0.724061 0.932316 0.752457 0.885073 0.514366 0.521150 0.823410 0.785523 0.785645 0.678459 0.752010 0.813923 0.846240 0.891168 0.623661 0.948571
0.337801 0.312096 0.488806 0.451174 0.911527 0.669538 0.308426 0.322932 0.540380 0.674984 0.544816 0.387606 0.609717 0.482643 0.715380 0.649422 0.532694 0.522151 0.394420 0.374950 0.723108 0.812816 0.589101 0.751495 0.802625 0.707510 0.935997 0.882824 0.576117 0.542791 0.572981 0.665753 0.274070 0.000000 0.491842 0.777780 0.709554 0.728642 0.998858 0.758622 0.726102 0.854735 0.494307 0.467604 0.588432 0.628343 0.506422 0.545508 0.976582 0.839755 0.628012 0.628717 0.774738 0.811116 0.664726 0.743796 0.504438 0.463921 0.404762 0.415909 0.340055 0.312482 0.593979 0.539097 0.594151 0.421200 0.301384 0.329487 0.519535 0.563808 0.470111 0.522104 0.642243 0.607207 0.710012 0.794248 0.606586 0.637482 0.696019 0.769108 0.449073 0.584679 0.638510 0.696951 0.517282 0.535663 0.933339 0.999823 0.518761 0.549732 0.597587 0.824391 0.595064 0.724103 0.656565 0.786309 0.507295 0.774824 0.478219 0.528597 0.592208 0.763588 0.637263 0.734329 0.467016 0.494379 0.693675 0.603217 0.706017 0.681273 0.714393 0.760115 0.695946 0.865162 0.611755 0.952489
0.654386 0.566123 0.508074 0.493278 0.870770 0.845872 0.467616 0.494890 0.711154 0.791406 0.897642 0.748342 0.949313 0.762740 0.838762 0.869133 0.734964 0.803932 0.564335 0.627132 0.757632 0.771082 0.631446 0.692883 0.649249 0.679438 0.992799 0.969598 0.836899 0.839004 0.552479 0.724152 0.484757 0.491842 0.000000 0.764336 0.736415 0.745804 0.902714 0.827445 0.641428 0.828122 0.523335 0.586637 0.588188 0.685307 0.642012 0.587854 0.978898 0.797812 0.582910 0.671453 0.653718 0.734071 0.616699 0.608564 0.716508 0.728802 0.652671 0.640574 0.647727 0.624978 0.862754 0.837761 0.582561 0.567473 0.372404 0.452009 0.612092 0.695067 0.488556 0.519506 0.593643 0.570663 0.888996 0.841685 0.638438 0.663953 0.909477 0.874355 0.709940 0.734433 0.669955 0.752322 0.588741 0.563442 0.840221 0.988968 0.735032 0.572379 0.599415 0.822687 0.649128 0.704546 0.623063 0.729378 0.559835 0.768339 0.652865 0.669934 0.814378 0.956014 0.737930 0.923608 0.713835 0.534997 0.968816 0.736600 0.693339 0.654413 0.692635 0.903331 0.869984 0.909629 0.711254 0.948153
0.972185 0.785553 0.785460 0.714070 0.988145 0.979072 0.886353 0.857401 0.960054 0.935147 0.827918 0.976410 0.784879 0.986108 0.925276 0.978972 0.976537 0.960769 0.844426 0.807356 0.800732 0.918228 0.823249 0.767801 0.672765 0.633603 0.802067 0.973043 0.865536 0.879516 0.728240 0.777083 0.810535 0.777780 0.764336 0.000000 0.674651 0.800885 0.803199 0.752365 0.758935 0.926813 0.740917 0.848281 0.876366 0.984832 0.865458 0.900767 0.953307 0.984001 0.792830 0.900535 0.802364 0.856314 0.789516 0.927593 0.955912 0.941796 0.923060 0.958247 0.965042 0.867234 0.837907 0.860157 0.797183 0.739137 0.704324 0.706927 0.938353 0.754253 0.678134 0.723723 0.704177 0.729503 0.945233 0.862460 0.837914 0.915449 0.952368 0.956783 0.923008 0.953551 0.787694 0.938448 0.788551 0.676243 0.784145 0.908702 0.821294 0.785964 0.840917 0.979023 0.722376 0.877589 0.965443 0.917663 0.837980 0.940475 0.901829 0.981870 0.799373 0.939310 0.905434 0.925740 0.891701 0.865142 0.941689 0.896395 0.849895 0.914982 0.896368 0.964746 0.939443 0.995183 0.978604 0.935737
0.859534 0.756753 0.456971 0.509798 0.943503 0.968457 0.741322 0.856235 0.865383 0.848578 0.849795 0.968696 0.969432 0.809837 0.790579 0.643584 0.936162 0.890601 0.722282 0.730359 0.634496 0.867406 0.451536 0.531896 0.415404 0.406423 0.713043 0.809021 0.982822 0.896098 0.441544 0.605722 0.593307 0.709554 0.736415 0.674651 0.000000 0.457888 0.703626 0.715471 0.737420 0.967868 0.706406 0.873753 0.873932 0.972442 0.604399 0.799706 0.864282 0.978321 0.775705 0.865665 0.968928 0.940418 0.738077 0.856599 0.854683 0.863983 0.891137 0.975650 0.862197 0.859776 0.971579 0.961842 0.499192 0.632224 0.649014 0.607533 0.714979 0.803135 0.649877 0.589294 0.574052 0.620389 0.974415 0.952712 0.819319 0.555969 0.844945 0.861347 0.774950 0.752958 0.579575 0.766798 0.477612 0.439683 0.933059 0.990117 0.641585 0.569236 0.972128 0.983166 0.901797 0.964629 0.827664 0.821957 0.852274 0.949051 0.888120 0.866853 0.998561 0.761288 0.866168 0.953146 0.739785 0.816658 0.932997 0.863685 0.856275 0.865426 0.866636 0.950008 0.906626 0.882325 0.993197 0.991196
0.988918 0.836652 0.610590 0.575120 0.931163 0.951644 0.777833 0.834208 0.930704 0.908411 0.851807 0.978629 0.893148 0.887929 0.992492 0.895012 0.985984 0.929209 0.893954 0.820672 0.634137 0.873743 0.664993 0.640814 0.442530 0.465407 0.827729 0.903817 0.968840 0.836749 0.478949 0.577604 0.719933 0.728642 0.745804 0.800885 0.457888 0.000000 0.664196 0.723829 0.799670 0.912296 0.782422 0.837795 0.894177 0.981923 0.699360 0.861948 0.814600 0.972049 0.790986 0.946245 0.997469 0.924785 0.807576 0.946450 0.969450 0.967558 0.933746 0.974484 0.942649 0.875827 0.911056 0.958359 0.666283 0.678763 0.664291 0.635467 0.802677 0.868132 0.661968 0.668279 0.494777 0.563896 0.871838 0.989921 0.846712 0.657738 0.926174 0.780933 0.859630 0.787915 0.657616 0.832574 0.704746 0.564178 0.937495 0.991515 0.787032 0.733749 0.917495 0.964336 0.832124 0.982875 0.777625 0.789515 0.735190 0.820964 0.969449 0.999758 0.895445 0.863232 0.941022 0.936746 0.884149 0.876069 0.841909 0.834422 0.880319 0.928963 0.992070 0.934716 0.907033 0.747504 0.895134 0.878045
