0.000000 0.513871 0.683280 0.632651 0.824325 0.870168 0.657097 0.567701 0.910312 0.747578 0.566981 0.634572 0.824470 0.915338 0.902399 0.861985 0.467316 0.423264 0.590827 0.568368 0.720544 0.997150 0.781458 0.631414 0.930757 0.795804 0.921962 0.847072 0.849983 0.865784 0.944110 0.831691 0.568037 0.577096 0.667352 0.946782 0.779239 0.870200 0.883854 0.853064 0.623329 0.822291 0.751557 0.747499 0.794160 0.632363 0.529931 0.657745 0.722054 0.840419 0.845564 0.951969 0.981234 0.943185 0.645539 0.569180 0.401518 0.518717 0.455766 0.646237 0.558286 0.626568 0.564676 0.519269 0.861034 0.711881 0.610162 0.666027 0.736456 0.646473 0.896789 0.945284 0.981525 0.868076 0.987850 0.951404 0.885142 0.773594 0.607013 0.971592 0.458738 0.505942 0.947729 0.681778 0.842361 0.777591 0.830810 0.806482 0.721924 0.558075 0.845221 0.935795 0.857316 0.991197 0.800110 0.795856 0.682508 0.838095 0.624478 0.714387 0.879577 0.939260 0.606649 0.655838 0.994166 0.696993 0.932496 0.813311 0.879556 0.942898 0.989448 0.734462 0.822981 0.907077 0.990061 0.976412
0.513871 0.000000 0.754975 0.640907 0.742082 0.829147 0.893386 0.718325 0.933156 0.982708 0.817844 0.711362 0.756263 0.690335 0.910437 0.881912 0.657992 0.652596 0.645286 0.648197 0.797740 0.840104 0.904910 0.900036 0.830945 0.705092 0.965573 0.834976 0.984503 0.960542 0.952317 0.927986 0.696355 0.807435 0.759570 0.913554 0.790465 0.871723 0.995562 0.977353 0.734514 0.776422 0.662232 0.624705 0.779141 0.676363 0.679356 0.653570 0.660158 0.698412 0.723346 0.799813 0.789378 0.816628 0.718156 0.816366 0.524245 0.500500 0.606849 0.666343 0.832810 0.801440 0.911772 0.822142 0.779167 0.740371 0.805700 0.738749 0.693969 0.574383 0.729709 0.770764 0.860660 0.989539 0.945468 0.906511 0.732915 0.655137 0.729739 0.901002 0.747705 0.788361 0.889840 0.895967 0.996159 0.833700 0.939039 0.795473 0.845319 0.666880 0.863673 0.922341 0.841780 0.895977 0.831471 0.880708 0.706418 0.890414 0.699031 0.709482 0.930137 0.804634 0.686756 0.659598 0.852238 0.706896 0.901987 0.728828 0.961505 0.831510 0.987658 0.768495 0.725217 0.851774 0.838098 0.934699
0.683280 0.754975 0.000000 0.408391 0.921112 0.911767 0.443743 0.793517 0.617865 0.997470 0.887370 0.897981 0.882064 0.900657 0.963388 0.768308 0.842978 0.719272 0.747858 0.790163 0.766505 0.874900 0.814752 0.970438 0.622775 0.641401 0.774972 0.810049 0.898653 0.822099 0.795695 0.957884 0.551590 0.828969 0.569275 0.893066 0.724201 0.849663 0.821223 0.898211 0.676868 0.697240 0.737067 0.698443 0.720510 0.712770 0.831027 0.771209 0.871201 0.777606 0.756962 0.798080 0.769535 0.674825 0.889646 0.764954 0.654115 0.751366 0.781331 0.999406 0.744848 0.927237 0.880359 0.952671 0.436870 0.891259 0.458195 0.716836 0.751251 0.720842 0.786021 0.787485 0.992104 0.907807 0.896343 0.855853 0.733730 0.817218 0.765836 0.985272 0.697468 0.708799 0.879656 0.754717 0.576096 0.571335 0.984762 0.913525 0.749659 0.728994 0.531153 0.591450 0.469097 0.548884 0.752270 0.727611 0.650292 0.838785 0.660496 0.650049 0.998594 0.836738 0.723870 0.732749 0.751314 0.666849 0.996925 0.724926 0.981225 0.900106 0.805619 0.728673 0.799780 0.953853 0.899456 0.944283
0.632651 0.640907 0.408391 0.000000 0.974728 0.804975 0.512446 0.624095 0.721690 0.958676 0.891734 0.919440 0.812210 0.971203 0.953976 0.872064 0.866366 0.696420 0.733242 0.797478 0.785545 0.853083 0.897625 0.975431 0.677094 0.664005 0.882833 0.833706 0.861222 0.862615 0.835810 0.887305 0.599519 0.790065 0.620613 0.883305 0.823485 0.926095 0.789290 0.839692 0.667749 0.768798 0.611592 0.579609 0.683260 0.655716 0.717284 0.637918 0.819254 0.805698 0.747458 0.833901 0.804812 0.771610 0.877621 0.754590 0.685416 0.741794 0.738847 0.830043 0.693535 0.880342 0.917280 0.930655 0.477679 0.678108 0.491287 0.580394 0.876003 0.709885 0.662382 0.750705 0.936815 0.948655 0.932737 0.904648 0.650788 0.802912 0.803548 0.988878 0.691392 0.730713 0.956776 0.898323 0.726951 0.601854 0.963329 0.774732 0.825366 0.687713 0.550419 0.656690 0.466853 0.589600 0.730291 0.717309 0.599800 0.777866 0.584790 0.626574 0.904958 0.838484 0.707000 0.595521 0.737810 0.660308 0.973300 0.770842 0.929976 0.898732 0.799007 0.736839 0.832859 0.804238 0.848501 0.927833
0.824325 0.742082 0.921112 0.974728 0.000000 0.921441 0.800645 0.943988 0.671540 0.830647 0.927656 0.920953 0.904501 0.974050 0.818950 0.922784 0.975665 0.974300 0.956112 0.952904 0.821078 0.956822 0.612660 0.704184 0.886626 0.846433 0.848083 0.745906 0.884388 0.882999 0.906037 0.804165 0.948265 0.966494 0.934102 0.964203 0.903399 0.702034 0.990111 0.979827 0.814281 0.826044 0.716004 0.706769 0.970322 0.896593 0.787774 0.802717 0.861466 0.874709 0.955671 0.989130 0.898314 0.893263 0.947518 0.964827 0.817324 0.986134 0.812496 0.912904 0.839384 0.967659 0.937983 0.972731 0.800323 0.945325 0.996995 0.901788 0.777753 0.820472 0.988928 0.959806 0.848272 0.751787 0.904223 0.878857 0.998391 0.834011 0.994575 0.985776 0.954242 0.969614 0.721961 0.888076 0.686966 0.766774 0.839431 0.754929 0.992695 0.977813 0.904458 0.947615 0.934712 0.987091 0.996344 0.876522 0.998612 0.776148 0.984144 0.955381 0.945670 0.890602 0.789571 0.836335 0.935432 0.875765 0.979389 0.906834 0.839366 0.945732 0.985168 0.992399 0.918532 0.939139 0.919974 0.898635
0.870168 0.829147 0.911767 0.804975 0.921441 0.000000 0.970561 0.756401 0.972815 0.861403 0.922354 0.731521 0.848827 0.782211 0.959499 0.769263 0.994403 0.922416 0.965216 0.924110 0.955043 0.816504 0.862740 0.886214 0.971034 0.978127 0.949680 0.852285 0.963626 0.950826 0.970533 0.850514 0.991377 0.962218 0.856292 0.981723 0.928089 0.887356 0.888380 0.823720 0.930125 0.849771 0.963636 0.969884 0.911625 0.992266 0.897829 0.952189 0.921346 0.874030 0.920650 0.877747 0.929884 0.857207 0.899470 0.903957 0.974899 0.938469 0.901998 0.754548 0.828200 0.683010 0.997724 0.987614 0.987541 0.631873 0.975565 0.827038 0.848897 0.974354 0.833493 0.857303 0.995800 0.968541 0.981798 0.852720 0.884434 0.889283 0.939854 0.911143 0.934032 0.988088 0.684124 0.867201 0.793125 0.977805 0.905744 0.768221 0.971966 0.957287 0.959883 0.879297 0.944636 0.915766 0.925282 0.992335 0.900430 0.851082 0.933064 0.994406 0.835265 0.996000 0.978941 0.899900 0.883424 0.932536 0.962314 0.919023 0.932976 0.916851 0.882498 0.970423 0.978931 0.882697 0.715835 0.842543
0.657097 0.893386 0.443743 0.512446 0.800645 0.970561 0.000000 0.511746 0.593921 0.593667 0.723113 0.881273 0.856391 0.843440 0.845799 0.726820 0.703049 0.600419 0.655863 0.792530 0.961505 0.982189 0.836496 0.959668 0.986524 0.975270 0.989354 0.926559 0.849763 0.862182 0.802003 0.997110 0.501054 0.549122 0.635321 0.906459 0.997735 0.898930 0.964564 0.968352 0.697062 0.861783 0.867389 0.850931 0.597582 0.590209 0.854150 0.779664 0.864007 0.960777 0.988101 0.904505 0.949461 0.979107 0.817091 0.719222 0.799837 0.951159 0.856692 0.973561 0.436748 0.734060 0.538399 0.629917 0.660859 0.802473 0.470575 0.634428 0.994609 0.895363 0.937948 0.936129 0.988985 0.978996 0.851849 0.874344 0.886099 0.961087 0.771019 0.839065 0.518284 0.544192 0.867223 0.668492 0.530820 0.609060 0.884638 0.980344 0.865943 0.805581 0.515160 0.740702 0.540295 0.765672 0.698843 0.792697 0.711944 0.883828 0.523272 0.637217 0.938911 0.979643 0.756298 0.709539 0.889929 0.786690 0.784799 0.900546 0.882296 0.965848 0.756334 0.683029 0.823754 0.890521 0.875272 0.860091
0.567701 0.718325 0.793517 0.624095 0.943988 0.756401 0.511746 0.000000 0.808674 0.455940 0.513608 0.446927 0.785383 0.906584 0.712485 0.915026 0.576450 0.552572 0.693861 0.745254 0.964112 0.924509 0.840659 0.748091 0.750460 0.837351 0.820102 0.812885 0.729988 0.641502 0.985441 0.899413 0.659832 0.428518 0.805267 0.956596 0.893322 0.734723 0.902639 0.865510 0.747643 0.983813 0.856964 0.839572 0.669290 0.610361 0.758182 0.721236 0.779163 0.877379 0.831979 0.670649 0.729392 0.681414 0.712233 0.742140 0.829701 0.887224 0.726208 0.784196 0.364980 0.386897 0.500433 0.458769 0.967201 0.601660 0.700572 0.564829 0.857489 0.849412 0.899232 0.933339 0.996243 0.979084 0.875341 0.962269 0.839701 0.878789 0.799526 0.808491 0.565150 0.626719 0.884481 0.757462 0.955964 0.834439 0.771523 0.755767 0.943676 0.747200 0.814659 0.891603 0.826104 0.871481 0.719045 0.943682 0.787024 0.858325 0.563377 0.754356 0.750107 0.888965 0.731307 0.740942 0.962288 0.871360 0.751938 0.925072 0.831101 0.963308 0.799971 0.753239 0.861564 0.756081 0.897379 0.841250
0.910312 0.933156 0.617865 0.721690 0.671540 0.972815 0.593921 0.808674 0.000000 0.853315 0.895346 0.961184 0.736861 0.957273 0.810387 0.976547 0.885666 0.809105 0.785329 0.829357 0.932635 0.984934 0.665872 0.792853 0.919079 0.940175 0.841546 0.981019 0.873732 0.931679 0.827661 0.884859 0.754502 0.845745 0.769586 0.930765 0.988200 0.872356 0.932609 0.961343 0.822448 0.981490 0.887573 0.909595 0.931624 0.928234 0.979784 0.943987 0.942271 0.991636 0.981998 0.915073 0.809635 0.726408 0.949836 0.797769 0.921427 0.900356 0.915429 0.945960 0.711163 0.909290 0.826065 0.891744 0.616749 0.851966 0.819536 0.981918 0.927459 0.928398 0.924646 0.889093 0.810229 0.927673 0.999812 0.971087 0.851370 0.964885 0.753663 0.960868 0.801367 0.806972 0.737804 0.796029 0.600238 0.560745 0.959846 0.948952 0.894404 0.838876 0.640093 0.727488 0.719091 0.752110 0.935189 0.827314 0.813180 0.974431 0.822372 0.707328 0.873241 0.888067 0.924388 0.900888 0.756081 0.928250 0.876918 0.967868 0.952404 0.970851 0.784988 0.808705 0.828188 0.945659 0.945654 0.922261
0.747578 0.982708 0.997470 0.958676 0.830647 0.861403 0.593667 0.455940 0.853315 0.000000 0.563921 0.598126 0.972598 0.996092 0.710881 0.870871 0.636185 0.625561 0.721973 0.814609 0.920280 0.841302 0.933385 0.787697 0.549265 0.605913 0.795803 0.649912 0.607961 0.560851 0.981026 0.981482 0.801710 0.507046 0.889869 0.952092 0.741859 0.666007 0.894011 0.990189 0.901735 0.896636 0.835000 0.860072 0.753265 0.734332 0.839521 0.924517 0.847691 0.827431 0.741435 0.641320 0.660833 0.603801 0.776715 0.757149 0.976392 0.936898 0.864207 0.869954 0.448490 0.469686 0.399923 0.404359 0.794351 0.824946 0.792337 0.723340 0.758084 0.980464 0.883666 0.774051 0.946627 0.946169 0.892321 0.928642 0.872834 0.823927 0.834391 0.726032 0.581709 0.624593 0.990968 0.698222 0.870909 0.954473 0.756598 0.977145 0.920592 0.849744 0.871005 0.837753 0.998790 0.752790 0.817071 0.967492 0.983388 0.950052 0.707802 0.800004 0.844917 0.784269 0.810251 0.870405 0.897646 0.943780 0.644025 0.783092 0.926273 0.987782 0.944473 0.800692 0.953783 0.912675 0.763636 0.741348
0.566981 0.817844 0.887370 0.891734 0.927656 0.922354 0.723113 0.513608 0.895346 0.563921 0.000000 0.467129 0.812885 0.991837 0.648018 0.830924 0.536599 0.619036 0.805883 0.745773 0.941806 0.800566 0.604334 0.546263 0.797504 0.886401 0.786170 0.917035 0.777299 0.777935 0.815027 0.770279 0.774043 0.505195 0.795150 0.967989 0.918780 0.906284 0.972205 0.873243 0.736899 0.846544 0.974219 0.960314 0.868846 0.733817 0.763449 0.898355 0.850912 0.866571 0.723051 0.644612 0.620692 0.594240 0.708936 0.675628 0.807189 0.850890 0.693865 0.812430 0.533324 0.522770 0.542649 0.467658 0.812067 0.842519 0.801567 0.798280 0.918102 0.699146 0.832540 0.839560 0.828628 0.888927 0.884291 0.894703 0.947326 0.910544 0.745936 0.873652 0.622304 0.718488 0.897241 0.748469 0.894457 0.920537 0.781033 0.710110 0.915941 0.801154 0.898195 0.778723 0.952624 0.816734 0.832175 0.955031 0.813841 0.843846 0.753774 0.890288 0.821801 0.916588 0.645980 0.830685 0.875146 0.898477 0.751417 0.915172 0.833388 0.936911 0.986894 0.842763 0.884906 0.863763 0.893497 0.996959
0.634572 0.711362 0.897981 0.919440 0.920953 0.731521 0.881273 0.446927 0.961184 0.598126 0.467129 0.000000 0.662406 0.684314 0.800942 0.857509 0.628439 0.672055 0.684410 0.743721 0.935739 0.827083 0.651013 0.726913 0.665269 0.739555 0.830593 0.827951 0.746420 0.667109 0.733978 0.845948 0.921641 0.564003 0.965645 0.992997 0.894833 0.718823 0.940730 0.935890 0.874883 0.945447 0.904763 0.901961 0.881713 0.765369 0.742235 0.848483 0.883012 0.808604 0.772822 0.651807 0.682933 0.613192 0.675771 0.789935 0.873541 0.865580 0.764249 0.776260 0.535325 0.419095 0.593867 0.525057 0.778289 0.683495 0.980940 0.820102 0.949895 0.760722 0.919832 0.870396 0.974066 0.988709 0.869140 0.979169 0.857486 0.793694 0.825111 0.845450 0.719868 0.793335 0.807618 0.897626 0.764715 0.930760 0.764901 0.704916 0.980722 0.886445 0.910492 0.690904 0.900017 0.665969 0.866148 0.855974 0.889511 0.943222 0.791887 0.991950 0.740859 0.822200 0.775930 0.916157 0.853932 0.979976 0.833490 0.887405 0.864164 0.972568 0.999830 0.896374 0.897407 0.856139 0.877070 0.895282
0.824470 0.756263 0.882064 0.812210 0.904501 0.848827 0.856391 0.785383 0.736861 0.972598 0.812885 0.662406 0.000000 0.549731 0.747724 0.594032 0.907624 0.896766 0.719872 0.924012 0.913833 0.957972 0.949037 0.906086 0.919636 0.973032 0.916383 0.894478 0.898841 0.965912 0.943642 0.984280 0.982489 0.840262 0.924849 0.979634 0.930660 0.879996 0.997608 0.920667 0.854643 0.958797 0.907868 0.891854 0.959860 0.876101 0.903242 0.975346 0.932362 0.922719 0.941189 0.917608 0.903384 0.800819 0.852115 0.866617 0.939006 0.909826 0.878925 0.863015 0.728314 0.824962 0.907519 0.918336 0.882747 0.866115 0.997239 0.861635 0.793378 0.818714 0.902137 0.872123 0.884148 0.949631 0.953413 0.867966 0.729381 0.659090 0.877133 0.940161 0.954367 0.956347 0.931344 0.944998 0.990474 0.875193 0.967357 0.873151 0.983979 0.908717 0.821359 0.924648 0.800272 0.921034 0.948150 0.993170 0.848138 0.953015 0.808042 0.954087 0.899832 0.985471 0.837376 0.903107 0.885845 0.994387 0.845503 0.908125 0.989125 0.940260 0.911813 0.917217 0.892521 0.747829 0.985041 0.980301
0.915338 0.690335 0.900657 0.971203 0.974050 0.782211 0.843440 0.906584 0.957273 0.996092 0.991837 0.684314 0.549731 0.000000 0.665039 0.522041 0.981189 0.940116 0.678725 0.806222 0.960927 0.984888 0.970235 0.868340 0.905349 0.975120 0.830796 0.960375 0.847122 0.845964 0.987857 0.809915 0.884588 0.993374 0.997944 0.942928 0.803142 0.818946 0.977253 0.904637 0.896698 0.886539 0.872742 0.854570 0.991698 0.916469 0.845006 0.877285 0.909813 0.991813 0.998209 0.994831 0.812326 0.853105 0.916073 0.900426 0.946688 0.898926 0.905305 0.998967 0.985111 0.907098 0.974902 0.991222 0.970190 0.920321 0.792737 0.850684 0.876309 0.849022 0.820762 0.787264 0.867840 0.907307 0.936403 0.818532 0.629598 0.746256 0.878238 0.966035 0.954149 0.897790 0.960086 0.926267 0.826807 0.995720 0.932298 0.954150 0.896349 0.979317 0.947244 0.964871 0.969596 0.932981 0.950956 0.952778 0.959799 0.913821 0.983960 0.967064 0.905890 0.944468 0.923060 0.961259 0.993900 0.942980 0.875765 0.993588 0.851720 0.905820 0.984558 0.928353 0.901834 0.931758 0.984957 0.961572
0.902399 0.910437 0.963388 0.953976 0.818950 0.959499 0.845799 0.712485 0.810387 0.710881 0.648018 0.800942 0.747724 0.665039 0.000000 0.556588 0.820682 0.948004 0.885644 0.933134 0.983685 0.875189 0.547876 0.597397 0.900922 0.856450 0.636171 0.908787 0.960596 0.961908 0.767551 0.702629 0.949347 0.760254 0.994051 0.925386 0.939626 0.996220 0.952545 0.939820 0.886103 0.923594 0.868445 0.871655 0.821865 0.807148 0.967674 0.927887 0.881257 0.882527 0.850301 0.733034 0.546080 0.514928 0.843876 0.887794 0.977243 0.853068 0.755511 0.815481 0.800795 0.721154 0.810913 0.755482 0.733067 0.883634 0.798142 0.694161 0.848062 0.918112 0.807999 0.737014 0.793987 0.853390 0.877723 0.898866 0.888188 0.885435 0.950497 0.935836 0.873221 0.948921 0.749424 0.974715 0.796074 0.783287 0.771501 0.777471 0.965906 0.994680 0.957039 0.887441 0.945656 0.927578 0.888572 0.967560 0.870793 0.766230 0.878517 0.882629 0.716253 0.930139 0.785178 0.869144 0.867671 0.958204 0.730912 0.973798 0.987378 0.942127 0.814792 0.938001 0.976920 0.797659 0.983027 0.993730
0.861985 0.881912 0.768308 0.872064 0.922784 0.769263 0.726820 0.915026 0.976547 0.870871 0.830924 0.857509 0.594032 0.522041 0.556588 0.000000 0.851495 0.874832 0.949273 0.967229 0.936210 0.912700 0.797117 0.673222 0.914190 0.945000 0.830541 0.975396 0.947748 0.903008 0.940638 0.771210 0.874531 0.910236 0.775836 0.930486 0.918580 0.885236 0.999197 0.928739 0.911363 0.761130 0.926609 0.906806 0.782440 0.799309 0.956463 0.870758 0.789119 0.917789 0.992424 0.978310 0.765472 0.779566 0.941866 0.806745 0.893827 0.954330 0.754442 0.946573 0.931965 0.998843 0.812341 0.818182 0.987993 0.897953 0.744236 0.819418 0.981874 0.972530 0.841883 0.831068 0.747329 0.805038 0.930871 0.772007 0.844022 0.795846 0.984853 0.950547 0.753285 0.744799 0.987723 0.820747 0.875245 0.963965 0.857178 0.917191 0.878906 0.804307 0.857925 0.932904 0.854848 0.901755 0.920011 0.835504 0.874225 0.838849 0.871364 0.813534 0.936398 0.979745 0.845388 0.852306 0.953700 0.832349 0.801189 0.954735 0.931669 0.968066 0.898068 0.864125 0.855542 0.928584 0.890605 0.973956
0.467316 0.657992 0.842978 0.866366 0.975665 0.994403 0.703049 0.576450 0.885666 0.636185 0.536599 0.628439 0.907624 0.981189 0.820682 0.851495 0.000000 0.471763 0.735745 0.607180 0.925444 0.936059 0.834957 0.714853 0.855020 0.978062 0.885655 0.936669 0.739305 0.745640 0.919074 0.914697 0.701455 0.621695 0.749394 0.946184 0.819903 0.936704 0.912236 0.973755 0.848152 0.924919 0.988929 0.929886 0.866320 0.800718 0.736601 0.795695 0.816005 0.986451 0.991562 0.926659 0.845512 0.817393 0.593612 0.663606 0.587111 0.631593 0.539263 0.662780 0.537901 0.559431 0.514841 0.442670 0.965415 0.715479 0.724109 0.738625 0.883485 0.722273 0.960650 0.801032 0.988791 0.963733 0.895995 0.938934 0.991092 0.912236 0.709749 0.949231 0.500216 0.545401 0.999992 0.614851 0.832686 0.852107 0.835974 0.975436 0.795067 0.639486 0.966704 0.802713 0.960819 0.847550 0.828601 0.860206 0.783347 0.943868 0.706477 0.824117 0.921245 0.922381 0.651667 0.763206 0.975424 0.806281 0.838708 0.907621 0.972858 0.931304 0.989002 0.833418 0.873991 0.957334 0.951982 0.943017
0.423264 0.652596 0.719272 0.696420 0.974300 0.922416 0.600419 0.552572 0.809105 0.625561 0.619036 0.672055 0.896766 0.940116 0.948004 0.874832 0.471763 0.000000 0.643961 0.594553 0.823215 0.959004 0.940607 0.739749 0.986647 0.946432 0.940049 0.977964 0.659854 0.640126 0.879339 0.981209 0.601006 0.549141 0.725439 0.817813 0.826361 0.951877 0.919823 0.870909 0.738476 0.861558 0.867489 0.861839 0.786594 0.717297 0.547169 0.666709 0.717893 0.908120 0.919296 0.985865 0.981900 0.902176 0.573559 0.554826 0.487006 0.636592 0.541892 0.682205 0.511979 0.597001 0.439076 0.445038 0.851689 0.738679 0.648488 0.662480 0.941929 0.734745 0.979623 0.871737 0.979472 0.875678 0.938673 0.968712 0.960880 0.933752 0.641465 0.967223 0.352584 0.402853 0.865511 0.494227 0.701521 0.694326 0.909777 0.938791 0.763141 0.551049 0.938909 0.817440 0.985210 0.863724 0.778196 0.827241 0.840829 0.953191 0.688323 0.768477 0.950547 0.874703 0.729398 0.777408 0.915817 0.731157 0.835872 0.972531 0.867211 0.925430 0.992977 0.788170 0.827044 0.960386 0.945705 0.851931
0.590827 0.645286 0.747858 0.733242 0.956112 0.965216 0.655863 0.693861 0.785329 0.721973 0.805883 0.684410 0.719872 0.678725 0.885644 0.949273 0.735745 0.643961 0.000000 0.659917 0.969638 0.966491 0.874721 0.940753 0.934124 0.961902 0.939608 0.988696 0.805394 0.799238 0.886882 0.769748 0.715795 0.694586 0.714651 0.875913 0.917525 0.848037 0.964896 0.850370 0.819954 0.932240 0.923487 0.873498 0.764729 0.694743 0.739877 0.768381 0.801004 0.897412 0.931627 0.974822 0.882468 0.877792 0.708526 0.729345 0.729719 0.759519 0.886855 0.933914 0.637526 0.789751 0.611688 0.666280 0.836760 0.871385 0.866309 0.906124 0.817064 0.806117 0.975331 0.972810 0.823300 0.906090 0.938706 0.987136 0.810624 0.768362 0.722328 0.998968 0.644847 0.656529 0.847409 0.823743 0.708915 0.767193 0.925990 0.938844 0.926647 0.784544 0.791524 0.913569 0.810851 0.933899 0.838794 0.997994 0.786219 0.891131 0.701548 0.670477 0.991561 0.913416 0.769920 0.849766 0.954217 0.762205 0.871526 0.876892 0.984593 0.898954 0.982748 0.763411 0.803961 0.991753 0.856417 0.744044
0.568368 0.648197 0.790163 0.797478 0.952904 0.924110 0.792530 0.745254 0.829357 0.814609 0.745773 0.743721 0.924012 0.806222 0.933134 0.967229 0.607180 0.594553 0.659917 0.000000 0.798837 0.954783 0.982213 0.898209 0.973630 0.917829 0.929671 0.872445 0.845907 0.846823 0.833864 0.966889 0.748831 0.776351 0.718060 0.986320 0.823656 0.947825 0.938744 0.956580 0.869037 0.900905 0.842773 0.852785 0.795263 0.702722 0.668496 0.645559 0.670278 0.702032 0.742372 0.782548 0.824210 0.933661 0.803594 0.696188 0.611711 0.572812 0.593014 0.629385 0.763340 0.777089 0.740503 0.671968 0.882740 0.810951 0.783757 0.785032 0.820965 0.753948 0.896403 0.970411 0.870936 0.968012 0.992635 0.998774 0.853914 0.979529 0.652222 0.997267 0.664414 0.669573 0.802832 0.714786 0.836873 0.803240 0.926277 0.953623 0.805219 0.605685 0.884714 0.994891 0.928245 0.975083 0.923421 0.942199 0.770397 0.854296 0.706276 0.766832 0.820363 0.952888 0.712699 0.780462 0.977248 0.829778 0.929255 0.877660 0.868649 0.980928 0.931487 0.769490 0.780874 0.981924 0.979051 0.921524
0.720544 0.797740 0.766505 0.785545 0.821078 0.955043 0.961505 0.964112 0.932635 0.920280 0.941806 0.935739 0.913833 0.960927 0.983685 0.936210 0.925444 0.823215 0.969638 0.798837 0.000000 0.917217 0.844038 0.764692 0.732896 0.713739 0.974532 0.794188 0.879460 0.787637 0.988064 0.836871 0.763595 0.944281 0.805810 0.969167 0.721863 0.790637 0.826553 0.932411 0.864623 0.937083 0.686165 0.733373 0.974884 0.923460 0.749951 0.840922 0.942205 0.837168 0.762446 0.798704 0.937988 0.921942 0.998908 0.944736 0.616627 0.730358 0.664223 0.819139 0.999174 0.942034 0.956135 0.944073 0.844482 0.888342 0.745102 0.830913 0.760903 0.725519 0.977563 0.882384 0.979411 0.754709 0.924346 0.921577 0.933820 0.961645 0.839854 0.945476 0.898319 0.896433 0.858398 0.934159 0.991106 0.936218 0.965623 0.830009 0.830616 0.732890 0.880955 0.907602 0.919222 0.858902 0.918570 0.713259 0.788479 0.878390 0.997501 0.901462 0.913085 0.961435 0.743368 0.798605 0.968830 0.870648 0.882869 0.828434 0.981231 0.834202 0.922085 0.820587 0.908890 0.943187 0.837510 0.767734
0.997150 0.840104 0.874900 0.853083 0.956822 0.816504 0.982189 0.924509 0.984934 0.841302 0.800566 0.827083 0.957972 0.984888 0.875189 0.912700 0.936059 0.959004 0.966491 0.954783 0.917217 0.000000 0.930786 0.939844 0.903478 0.810173 0.908572 0.718940 0.843489 0.839107 0.881989 0.836358 0.945519 0.907636 0.896448 0.955327 0.810744 0.807158 0.979582 0.919160 0.931785 0.811592 0.940279 0.916668 0.917986 0.949176 0.962914 0.973763 0.950805 0.830225 0.762520 0.744381 0.781276 0.785808 0.919882 0.939344 0.948162 0.869910 0.884730 0.815736 0.899873 0.928494 0.817221 0.824210 0.798210 0.852003 0.891300 0.940023 0.888790 0.975170 0.797843 0.780043 0.925124 0.963637 0.901067 0.945398 0.930929 0.909672 0.998268 0.962576 0.997498 0.945977 0.821933 0.944884 0.977906 0.862220 0.956293 0.995896 0.842973 0.957212 0.902605 0.895821 0.839134 0.796509 0.962234 0.954689 0.998178 0.921293 0.887140 0.851843 0.956019 0.791469 0.950633 0.906411 0.720431 0.799058 0.849161 0.818640 0.971514 0.971146 0.965979 0.889041 0.900147 0.867119 0.759261 0.915447
0.781458 0.904910 0.814752 0.897625 0.612660 0.862740 0.836496 0.840659 0.665872 0.933385 0.604334 0.651013 0.949037 0.970235 0.547876 0.797117 0.834957 0.940607 0.874721 0.982213 0.844038 0.930786 0.000000 0.404584 0.868173 0.936599 0.746330 0.919598 0.995487 0.958144 0.570953 0.546206 0.914036 0.880246 0.879255 0.861367 0.924635 0.951640 0.907116 0.891832 0.903496 0.915144 0.821883 0.808052 0.977319 0.910971 0.845820 0.901790 0.899530 0.887721 0.835555 0.749466 0.607643 0.526556 0.878286 0.901156 0.896049 0.933607 0.655351 0.768953 0.968341 0.762326 0.907778 0.806645 0.566705 0.989725 0.971963 0.960094 0.871886 0.824417 0.785433 0.807206 0.638876 0.703253 0.903825 0.958866 0.969341 0.943887 0.995675 0.939427 0.948918 0.930279 0.616068 0.877288 0.466420 0.604723 0.708349 0.553734 0.948862 0.997882 0.818151 0.676719 0.849334 0.785143 0.956169 0.980591 0.951927 0.716584 0.982035 0.892073 0.730361 0.915901 0.713107 0.856593 0.822680 0.993218 0.951665 0.941730 0.997313 0.941909 0.962818 0.964127 0.975595 0.910494 0.987338 0.848745
0.631414 0.900036 0.970438 0.975431 0.704184 0.886214 0.959668 0.748091 0.792853 0.787697 0.546263 0.726913 0.906086 0.868340 0.597397 0.673222 0.714853 0.739749 0.940753 0.898209 0.764692 0.939844 0.404584 0.000000 0.871176 0.956016 0.706299 0.972253 0.945784 0.971131 0.682043 0.551090 0.965354 0.739796 0.963154 0.934569 0.826137 0.945175 0.913699 0.824239 0.808561 0.904575 0.871910 0.877932 0.922249 0.833530 0.753161 0.821783 0.794076 0.962548 0.870345 0.776082 0.683949 0.568201 0.845268 0.796914 0.780797 0.853548 0.568855 0.787441 0.846974 0.764211 0.728493 0.634485 0.677338 0.932379 0.852189 0.887633 0.841110 0.765089 0.833683 0.867052 0.589146 0.660236 0.996003 0.910482 0.946215 0.979098 0.922215 0.871105 0.737175 0.850188 0.800870 0.870500 0.700098 0.724140 0.746833 0.642231 0.873059 0.850706 0.971028 0.747319 0.952782 0.831776 0.988569 0.873764 0.919093 0.804457 0.847543 0.932782 0.804947 0.976068 0.645415 0.783007 0.867916 0.889571 0.844078 0.918170 0.971077 0.935511 0.963523 0.830529 0.977476 0.953046 0.946542 0.914150
0.930757 0.830945 0.622775 0.677094 0.886626 0.971034 0.986524 0.750460 0.919079 0.549265 0.797504 0.665269 0.919636 0.905349 0.900922 0.914190 0.855020 0.986647 0.934124 0.973630 0.732896 0.903478 0.868173 0.871176 0.000000 0.407484 0.764594 0.607931 0.649383 0.639789 0.807027 0.984263 0.834520 0.768365 0.843192 0.830082 0.687118 0.659249 0.775146 0.850650 0.889356 0.741492 0.625235 0.613919 0.956932 0.949248 0.864330 0.913012 0.939969 0.717525 0.625165 0.606108 0.647179 0.595415 0.996642 0.929068 0.678692 0.800143 0.906320 0.977706 0.732944 0.614287 0.673915 0.615237 0.546581 0.979705 0.751553 0.889779 0.806659 0.811421 0.756974 0.748101 0.946221 0.902571 0.926079 0.938326 0.762991 0.801478 0.850552 0.755780 0.962029 0.956904 0.920740 0.944797 0.820489 0.804099 0.839248 0.979354 0.765331 0.827674 0.828590 0.655515 0.738101 0.566277 0.922967 0.736131 0.794594 0.817960 0.981351 0.874568 0.979313 0.773063 0.991254 0.900954 0.792416 0.815467 0.847521 0.683207 0.936908 0.888947 0.907818 0.980236 0.920423 0.953759 0.693337 0.695423
0.795804 0.705092 0.641401 0.664005 0.846433 0.978127 0.975270 0.837351 0.940175 0.605913 0.886401 0.739555 0.973032 0.975120 0.856450 0.945000 0.978062 0.946432 0.961902 0.917829 0.713739 0.810173 0.936599 0.956016 0.407484 0.000000 0.816296 0.625918 0.696613 0.635494 0.782827 0.953491 0.813875 0.845158 0.834665 0.838123 0.619710 0.629178 0.749897 0.884216 0.848286 0.734243 0.623034 0.630176 0.951834 0.921036 0.877887 0.799862 0.905349 0.687594 0.658805 0.630782 0.710422 0.641004 0.904992 0.897867 0.668972 0.681151 0.841481 0.888670 0.814382 0.746274 0.731901 0.736095 0.571178 0.939397 0.776908 0.898596 0.716721 0.843538 0.771950 0.822732 0.957562 0.855406 0.974557 0.995492 0.733997 0.717746 0.853882 0.707897 0.967917 0.957979 0.933291 0.971644 0.867440 0.799082 0.860537 0.939087 0.653696 0.765892 0.813948 0.731227 0.740515 0.605967 0.877149 0.766692 0.788868 0.757627 0.932116 0.883913 0.972133 0.752456 0.849871 0.795487 0.842034 0.767633 0.796693 0.712294 0.926152 0.933068 0.984634 0.912225 0.872686 0.984452 0.690337 0.756103
0.921962 0.965573 0.774972 0.882833 0.848083 0.949680 0.989354 0.820102 0.841546 0.795803 0.786170 0.830593 0.916383 0.830796 0.636171 0.830541 0.885655 0.940049 0.939608 0.929671 0.974532 0.908572 0.746330 0.706299 0.764594 0.816296 0.000000 0.757061 0.957001 0.979333 0.881133 0.839119 0.993329 0.779285 0.999939 0.871281 0.905740 0.965477 0.946458 0.989742 0.992997 0.934970 0.878760 0.949438 0.827672 0.795247 0.963298 0.905166 0.824718 0.963853 0.917299 0.838059 0.694925 0.707204 0.960492 0.913892 0.965887 0.888918 0.919796 0.895066 0.929403 0.809109 0.920764 0.835273 0.703035 0.961731 0.963957 0.801100 0.961851 0.992608 0.890078 0.827767 0.942984 0.966327 0.927839 0.966399 0.870282 0.959300 0.990245 0.929438 0.984097 0.961208 0.821984 0.928708 0.837999 0.803321 0.842717 0.932276 0.934884 0.943692 0.928989 0.910751 0.978930 0.876027 0.902363 0.987887 0.919288 0.957026 0.900424 0.912256 0.837918 0.980371 0.906245 0.937210 0.702464 0.928538 0.885291 0.913364 0.891517 0.949233 0.894064 0.981302 0.939044 0.855807 0.757181 0.958110
0.847072 0.834976 0.810049 0.833706 0.745906 0.852285 0.926559 0.812885 0.981019 0.649912 0.917035 0.827951 0.894478 0.960375 0.908787 0.975396 0.936669 0.977964 0.988696 0.872445 0.794188 0.718940 0.919598 0.972253 0.607931 0.625918 0.757061 0.000000 0.838024 0.763854 0.970783 0.873794 0.932095 0.868145 0.944215 0.941766 0.701234 0.663041 0.971932 0.934467 0.845126 0.926742 0.873339 0.830243 0.818859 0.856472 0.970824 0.993578 0.874053 0.989486 0.917818 0.884601 0.844212 0.821949 0.987482 0.928568 0.753896 0.892869 0.929483 0.951741 0.841605 0.783687 0.846399 0.775527 0.784939 0.993704 0.931170 0.868011 0.673773 0.878013 0.859983 0.879216 0.898903 0.804766 0.920052 0.957139 0.923281 0.813893 0.876548 0.809462 0.995064 0.896217 0.870510 0.869329 0.971445 0.973324 0.978690 0.835080 0.911008 0.888412 0.957005 0.910014 0.841873 0.773082 0.919163 0.860137 0.849322 0.792858 0.940727 0.993562 0.917658 0.875282 0.805436 0.844422 0.774183 0.834847 0.901410 0.745387 0.901993 0.932300 0.959173 0.947059 0.962980 0.977536 0.711909 0.716783
0.849983 0.984503 0.898653 0.861222 0.884388 0.963626 0.849763 0.729988 0.873732 0.607961 0.777299 0.746420 0.898841 0.847122 0.960596 0.947748 0.739305 0.659854 0.805394 0.845907 0.879460 0.843489 0.995487 0.945784 0.649383 0.696613 0.957001 0.838024 0.000000 0.423018 0.992117 0.793094 0.910701 0.652130 0.900638 0.897281 0.795801 0.699996 0.870551 0.848217 0.984680 0.875823 0.773293 0.784828 0.962480 0.998051 0.849086 0.991324 0.992673 0.732228 0.655893 0.665662 0.823476 0.701905 0.891781 0.780861 0.997701 0.915275 0.982117 0.996876 0.657806 0.626846 0.558836 0.615643 0.849255 0.904485 0.905373 0.962080 0.764665 0.916641 0.776487 0.719864 0.985709 0.810174 0.948852 0.864784 0.937390 0.964022 0.800679 0.943972 0.730046 0.754755 0.794493 0.681514 0.901464 0.913523 0.961699 0.835247 0.970171 0.846891 0.775580 0.589571 0.683707 0.546455 0.938778 0.977273 0.805442 0.873673 0.993479 0.941728 0.961224 0.578051 0.920901 0.913333 0.795855 0.872401 0.862869 0.677959 0.992246 0.987062 0.949863 0.946097 0.941294 0.944646 0.775828 0.681015
0.865784 0.960542 0.822099 0.862615 0.882999 0.950826 0.862182 0.641502 0.931679 0.560851 0.777935 0.667109 0.965912 0.845964 0.961908 0.903008 0.745640 0.640126 0.799238 0.846823 0.787637 0.839107 0.958144 0.971131 0.639789 0.635494 0.979333 0.763854 0.423018 0.000000 0.902635 0.757287 0.843515 0.593801 0.911514 0.835654 0.778882 0.716225 0.926333 0.996846 0.982775 0.839814 0.824701 0.804646 0.920345 0.913506 0.831273 0.949360 0.848113 0.827127 0.778773 0.704304 0.823433 0.695051 0.786515 0.792917 0.943520 0.977984 0.955148 0.901985 0.663724 0.584131 0.542170 0.555443 0.806097 0.865856 0.920743 0.884975 0.689865 0.934315 0.867583 0.827979 0.881685 0.803374 0.999099 0.904915 0.907447 0.929694 0.832832 0.980221 0.734134 0.698053 0.783669 0.674143 0.907033 0.952294 0.999937 0.892464 0.945051 0.848681 0.750430 0.587588 0.703953 0.536344 0.888501 0.859061 0.861766 0.823215 0.939705 0.970322 0.979743 0.668593 0.866263 0.929811 0.880001 0.956587 0.721009 0.735901 0.942241 0.996734 0.988070 0.968797 0.918348 0.983727 0.837920 0.682350
0.944110 0.952317 0.795695 0.835810 0.906037 0.970533 0.802003 0.985441 0.827661 0.981026 0.815027 0.733978 0.943642 0.987857 0.767551 0.940638 0.919074 0.879339 0.886882 0.833864 0.988064 0.881989 0.570953 0.682043 0.807027 0.782827 0.881133 0.970783 0.992117 0.902635 0.000000 0.667929 0.703127 0.967162 0.847633 0.801915 0.994612 0.759841 0.984678 0.932050 0.863907 0.909809 0.952048 0.975960 0.852969 0.850989 0.937232 0.828225 0.803181 0.702890 0.713232 0.700451 0.713729 0.658220 0.967512 0.910694 0.854005 0.864506 0.987773 0.948000 0.986432 0.883876 0.977985 0.967320 0.708196 0.963580 0.814193 0.766053 0.910400 0.829474 0.720750 0.878011 0.807106 0.846089 0.863153 0.961055 0.983431 0.975054 0.857446 0.996770 0.869138 0.827362 0.755455 0.806801 0.582194 0.715942 0.846344 0.740107 0.978522 0.869736 0.846421 0.801928 0.804918 0.799717 0.874617 0.919472 0.930676 0.938580 0.832302 0.825686 0.896605 0.995031 0.855844 0.894794 0.906522 0.871649 0.951861 0.819033 0.950170 0.934128 0.891722 0.989900 0.943219 0.950338 0.892027 0.883306
0.831691 0.927986 0.957884 0.887305 0.804165 0.850514 0.997110 0.899413 0.884859 0.981482 0.770279 0.845948 0.984280 0.809915 0.702629 0.771210 0.914697 0.981209 0.769748 0.966889 0.836871 0.836358 0.546206 0.551090 0.984263 0.953491 0.839119 0.873794 0.793094 0.757287 0.667929 0.000000 0.931668 0.975491 0.964686 0.719789 0.755954 0.857104 0.902265 0.821725 0.806870 0.950666 0.892094 0.910021 0.922881 0.987698 0.940407 0.969331 0.946476 0.943661 0.988006 0.936969 0.747214 0.785515 0.979835 0.957205 0.927143 0.886527 0.667730 0.815292 0.924848 0.871269 0.990031 0.894327 0.917141 0.964487 0.818248 0.993425 0.830022 0.751218 0.869414 0.970625 0.750358 0.662064 0.839598 0.914785 0.929250 0.998413 0.994330 0.877173 0.883455 0.986816 0.679253 0.975735 0.707774 0.868237 0.808658 0.540979 0.783665 0.986252 0.935196 0.952678 0.921280 0.979377 0.940058 0.976041 0.874732 0.723909 0.923290 0.904974 0.877126 0.871792 0.724084 0.812645 0.987385 0.885075 0.953831 0.929894 0.943379 0.828314 0.919931 0.906222 0.934722 0.880640 0.924817 0.805993
0.568037 0.696355 0.551590 0.599519 0.948265 0.991377 0.501054 0.659832 0.754502 0.801710 0.774043 0.921641 0.982489 0.884588 0.949347 0.874531 0.701455 0.601006 0.715795 0.748831 0.763595 0.945519 0.914036 0.965354 0.834520 0.813875 0.993329 0.932095 0.910701 0.843515 0.703127 0.931668 0.000000 0.598878 0.721097 0.846317 0.853734 0.868806 0.922795 0.903613 0.677209 0.790108 0.778876 0.762196 0.700774 0.657080 0.751978 0.718559 0.815434 0.841007 0.844465 0.945293 0.961976 0.916773 0.799652 0.799404 0.575799 0.769396 0.710072 0.846521 0.605614 0.791162 0.709530 0.758819 0.706992 0.731260 0.499591 0.527896 0.909645 0.867195 0.907366 0.976174 0.895277 0.929787 0.988204 0.960651 0.817560 0.923393 0.700254 0.903444 0.570045 0.601685 0.947952 0.741040 0.640666 0.652715 0.863910 0.966206 0.850146 0.736267 0.665325 0.847839 0.686090 0.815746 0.788613 0.733958 0.611850 0.861348 0.656495 0.707083 0.871674 0.989956 0.833928 0.696643 0.940679 0.716179 0.832357 0.767212 0.843750 0.837749 0.903970 0.731247 0.754161 0.889689 0.953250 0.968037
0.577096 0.807435 0.828969 0.790065 0.966494 0.962218 0.549122 0.428518 0.845745 0.507046 0.505195 0.564003 0.840262 0.993374 0.760254 0.910236 0.621695 0.549141 0.694586 0.776351 0.944281 0.907636 0.880246 0.739796 0.768365 0.845158 0.779285 0.868145 0.652130 0.593801 0.967162 0.975491 0.598878 0.000000 0.809226 0.895053 0.972375 0.906675 0.999637 0.911541 0.713187 0.934039 0.901337 0.936818 0.739517 0.657644 0.784583 0.773486 0.779364 0.882850 0.837482 0.699836 0.717044 0.698788 0.672322 0.752667 0.784893 0.912592 0.772306 0.869840 0.442506 0.506086 0.450454 0.456169 0.960387 0.774037 0.708331 0.630966 0.965733 0.834726 0.901109 0.840060 0.981145 0.963789 0.959166 0.973666 0.984638 0.891644 0.789698 0.839277 0.548822 0.590992 0.981791 0.678083 0.831122 0.860603 0.927541 0.946411 0.935952 0.777319 0.850693 0.850434 0.895189 0.821704 0.791844 0.963944 0.839771 0.921292 0.620628 0.735225 0.870279 0.865575 0.799491 0.799736 0.913920 0.830938 0.730761 0.928087 0.837112 0.892538 0.845509 0.716992 0.800229 0.807053 0.799078 0.741141
0.667352 0.759570 0.569275 0.620613 0.934102 0.856292 0.635321 0.805267 0.769586 0.889869 0.795150 0.965645 0.924849 0.997944 0.994051 0.775836 0.749394 0.725439 0.714651 0.718060 0.805810 0.896448 0.879255 0.963154 0.843192 0.834665 0.999939 0.944215 0.900638 0.911514 0.847633 0.964686 0.721097 0.809226 0.000000 0.960579 0.845760 0.898599 0.996953 0.996174 0.703173 0.708958 0.808438 0.841329 0.705856 0.693175 0.852841 0.782490 0.784000 0.748225 0.772298 0.792387 0.825631 0.787549 0.906948 0.722647 0.688883 0.720608 0.789951 0.902551 0.796929 0.987340 0.805836 0.787671 0.712654 0.984363 0.675345 0.811839 0.695500 0.679743 0.776683 0.808863 0.942204 0.918177 0.970769 0.847791 0.937710 0.943894 0.815912 0.932611 0.697271 0.715886 0.881111 0.736731 0.680830 0.767096 0.972310 0.944497 0.972102 0.722707 0.658095 0.666856 0.617726 0.712739 0.841717 0.795463 0.696491 0.799472 0.653818 0.612687 0.991393 0.823198 0.714343 0.725226 0.868451 0.719526 0.971338 0.673068 0.898339 0.933451 0.892520 0.849706 0.912508 0.984187 0.889344 0.989587
0.946782 0.913554 0.893066 0.883305 0.964203 0.981723 0.906459 0.956596 0.930765 0.952092 0.967989 0.992997 0.979634 0.942928 0.925386 0.930486 0.946184 0.817813 0.875913 0.986320 0.969167 0.955327 0.861367 0.934569 0.830082 0.838123 0.871281 0.941766 0.897281 0.835654 0.801915 0.719789 0.846317 0.895053 0.960579 0.000000 0.917377 0.993702 0.989477 0.898836 0.998572 0.994889 0.815823 0.885148 0.852306 0.849099 0.864216 0.726260 0.815515 0.896094 0.927065 0.967125 0.893206 0.903284 0.866241 0.898384 0.875724 0.965223 0.992066 0.968780 0.982684 0.949361 0.917302 0.987363 0.802252 0.942654 0.886655 0.818439 0.846822 0.926380 0.917783 0.955738 0.984582 0.986651 0.980573 0.987493 0.874266 0.843123 0.831681 0.888110 0.896925 0.893916 0.833678 0.870946 0.792928 0.849411 0.976546 0.866263 0.987034 0.894283 0.956127 0.963897 0.971948 0.997320 0.778308 0.984407 0.987506 0.887866 0.853218 0.943684 0.980031 0.901907 0.926606 0.952422 0.935008 0.914718 0.891753 0.925069 0.983889 0.973310 0.980273 0.942443 0.924299 0.992606 0.984412 0.942352
0.779239 0.790465 0.724201 0.823485 0.903399 0.928089 0.997735 0.893322 0.988200 0.741859 0.918780 0.894833 0.930660 0.803142 0.939626 0.918580 0.819903 0.826361 0.917525 0.823656 0.721863 0.810744 0.924635 0.826137 0.687118 0.619710 0.905740 0.701234 0.795801 0.778882 0.994612 0.755954 0.853734 0.972375 0.845760 0.917377 0.000000 0.627946 0.834057 0.777835 0.766523 0.785738 0.896806 0.873961 0.847174 0.877501 0.891477 0.931176 0.987879 0.878856 0.782887 0.742582 0.845239 0.838052 0.842698 0.848521 0.646059 0.613062 0.687534 0.784047 0.920514 0.884255 0.926223 0.971526 0.736382 0.971238 0.775388 0.903213 0.710385 0.776189 0.953304 0.920021 0.976316 0.850482 0.874380 0.813466 0.995683 0.856746 0.739094 0.859274 0.853887 0.897937 0.944641 0.853141 0.919203 0.884379 0.953557 0.828279 0.726452 0.696383 0.934104 0.975591 0.895435 0.812975 0.943444 0.843547 0.757456 0.885143 0.969118 0.970475 0.990263 0.811630 0.747626 0.880023 0.773278 0.714709 0.880515 0.718036 0.966610 0.813344 0.897374 0.970204 0.976485 0.949538 0.701243 0.822399
0.870200 0.871723 0.849663 0.926095 0.702034 0.887356 0.898930 0.734723 0.872356 0.666007 0.906284 0.718823 0.879996 0.818946 0.996220 0.885236 0.936704 0.951877 0.848037 0.947825 0.790637 0.807158 0.951640 0.945175 0.659249 0.629178 0.965477 0.663041 0.699996 0.716225 0.759841 0.857104 0.868806 0.906675 0.898599 0.993702 0.627946 0.000000 0.927030 0.921730 0.792254 0.715621 0.825944 0.838602 0.935651 0.998216 0.946905 0.917669 0.893273 0.697811 0.628266 0.634838 0.818794 0.753584 0.947771 0.969334 0.717451 0.784016 0.790336 0.845347 0.733102 0.726291 0.774828 0.792606 0.904593 0.899195 0.819666 0.903508 0.730747 0.938843 0.858785 0.843242 0.953815 0.921724 0.818608 0.981314 0.902201 0.908436 0.988933 0.913530 0.958636 0.950305 0.939540 0.982445 0.978800 0.994264 0.950540 0.966202 0.805302 0.919320 0.914933 0.810842 0.797335 0.716754 0.977882 0.888503 0.756003 0.841639 0.999414 0.910708 0.996996 0.803576 0.905120 0.784387 0.820651 0.747600 0.771635 0.623775 0.967412 0.837502 0.982942 0.913200 0.978818 0.950761 0.753389 0.780355
