0.000000 0.156120 0.623262 0.528943 0.900904 0.705606 0.547739 0.411827 0.643153 0.880514 0.313652 0.223860 0.303661 0.332522 0.529375 0.608634 0.215812 0.210162 0.236299 0.188242 0.624466 0.870037 0.664450 0.575041 0.698217 0.903398 0.600056 0.821821 0.279885 0.297234 0.787411 0.635915 0.313293 0.330555 0.909836 0.949555 0.714099 0.594801 0.993787 0.691410 0.556313 0.656174 0.977798 0.766622 0.921386 0.835090 0.548574 0.640551 0.716929 0.610427 0.703335 0.668147 0.941441 0.765484 0.339540 0.457478 0.160133 0.157579 0.364660 0.307528 0.274833 0.317108 0.212360 0.191257 0.458488 0.428508 0.761681 0.749014 0.284275 0.321200 0.765144 0.580979 0.879366 0.994491 0.755805 0.921957 0.857178 0.939142 0.449954 0.434951 0.225028 0.261297 0.367799 0.281878 0.211823 0.259310 0.866805 0.599489 0.409649 0.268603 0.403705 0.445747 0.366134 0.377214 0.962746 0.949717 0.975368 0.844119 0.843801 0.921574 0.742409 0.757748 0.978118 0.785922 0.897451 0.885275 0.900357 0.886335 0.762338 0.846516 0.824169 0.928937 0.867045 0.976969 0.752102 0.569179
0.156120 0.000000 0.527931 0.447400 0.887090 0.696270 0.536349 0.402575 0.601507 0.815987 0.390325 0.255970 0.364671 0.384862 0.554939 0.598742 0.206203 0.203897 0.242098 0.216820 0.594542 0.906577 0.597393 0.517974 0.610097 0.816891 0.520282 0.869752 0.327401 0.300525 0.694125 0.580707 0.295346 0.303634 0.815468 0.936482 0.610780 0.517450 0.881440 0.683864 0.562123 0.664434 0.892716 0.691487 0.965198 0.798863 0.471883 0.571055 0.723274 0.570590 0.665926 0.609203 0.873476 0.835519 0.310839 0.407921 0.139236 0.144429 0.347947 0.298591 0.314911 0.336248 0.258431 0.209069 0.402938 0.370611 0.664636 0.673684 0.280528 0.280209 0.824721 0.600583 0.855834 0.996569 0.740452 0.871685 0.938565 0.963094 0.411370 0.381823 0.210487 0.274352 0.331604 0.244041 0.217799 0.229257 0.809920 0.570293 0.456638 0.253918 0.357681 0.397599 0.342861 0.339002 0.996245 0.994908 0.982018 0.887085 0.812028 0.939919 0.673402 0.698745 0.985013 0.855315 0.831872 0.831049 0.852940 0.881494 0.802523 0.796883 0.783765 0.941768 0.898679 0.995820 0.709735 0.593340
0.623262 0.527931 0.000000 0.278189 0.866022 0.881379 0.540755 0.629175 0.870424 0.687199 0.838581 0.742589 0.757379 0.710259 0.690211 0.558286 0.552335 0.563726 0.489700 0.573172 0.529871 0.980499 0.371997 0.346643 0.301654 0.356165 0.445512 0.932092 0.772512 0.665524 0.476094 0.559107 0.477527 0.550303 0.492351 0.690549 0.515897 0.617179 0.628213 0.797251 0.734250 0.689330 0.794251 0.677847 0.912120 0.979467 0.561783 0.603274 0.910851 0.847766 0.878448 0.802431 0.824771 0.991074 0.558821 0.652188 0.518243 0.534993 0.662034 0.656225 0.661799 0.717804 0.730419 0.683749 0.299691 0.362546 0.398154 0.549290 0.603817 0.604971 0.833135 0.925444 0.714597 0.795424 0.621640 0.874630 0.802037 0.745093 0.643614 0.715990 0.662885 0.670370 0.477840 0.546170 0.491597 0.395168 0.768697 0.604710 0.791493 0.567013 0.617807 0.597688 0.689251 0.684719 0.963962 0.915337 0.972136 0.937417 0.859080 0.986363 0.780044 0.828996 0.935285 0.988845 0.666652 0.687028 0.769791 0.950489 0.897115 0.798167 0.796006 0.950788 0.976710 0.998724 0.527768 0.954343
0.528943 0.447400 0.278189 0.000000 0.981487 0.963436 0.361598 0.333812 0.990865 0.983858 0.849548 0.602562 0.628825 0.550020 0.644692 0.419919 0.527888 0.546979 0.428019 0.557778 0.564915 0.961249 0.233980 0.279142 0.445410 0.471357 0.529500 0.987407 0.704604 0.599906 0.309175 0.409089 0.343675 0.440025 0.518141 0.734284 0.527073 0.602712 0.771033 0.791873 0.765986 0.692083 0.630004 0.517818 0.897345 0.793478 0.469154 0.483459 0.855137 0.587737 0.575987 0.506188 0.579382 0.746466 0.497166 0.580737 0.438497 0.450920 0.470776 0.402377 0.519148 0.471658 0.594394 0.503331 0.392386 0.298922 0.339246 0.388935 0.670199 0.485562 0.659575 0.965899 0.578822 0.730424 0.599809 0.805385 0.738865 0.684926 0.461310 0.558670 0.594607 0.694185 0.472929 0.552568 0.460512 0.328476 0.878739 0.646135 0.671394 0.462438 0.706238 0.674270 0.717157 0.663332 0.831424 0.854738 0.871660 0.916244 0.960685 0.844332 0.874948 0.975675 0.989654 0.922658 0.591486 0.547008 0.668561 0.851446 0.958872 0.699663 0.723559 0.801171 0.864554 0.917726 0.451344 0.981117
0.900904 0.887090 0.866022 0.981487 0.000000 0.677457 0.835290 0.785045 0.543265 0.538946 0.938944 0.920292 0.814184 0.784515 0.653440 0.680436 0.965609 0.950152 0.974318 0.933727 0.949879 0.836465 0.828231 0.848097 0.753086 0.912868 0.870514 0.887685 0.882146 0.908541 0.775725 0.814349 0.956853 0.906328 0.929397 0.987191 0.787566 0.735514 0.800740 0.985108 0.795805 0.957911 0.930778 0.972821 0.767552 0.842799 0.955697 0.966154 0.870299 0.927432 0.798241 0.808990 0.744553 0.618932 0.995479 0.949872 0.873575 0.913881 0.952796 0.947998 0.836457 0.750349 0.913159 0.936587 0.817641 0.956205 0.996538 0.964847 0.749407 0.872504 0.838786 0.749617 0.722351 0.642400 0.858707 0.910785 0.870429 0.929341 0.960017 0.920085 0.988094 0.960350 0.984625 0.849951 0.943012 0.924384 0.888144 0.870292 0.911622 0.879962 0.726195 0.770681 0.752882 0.733342 0.813112 0.936797 0.930802 0.993345 0.707496 0.873154 0.685632 0.667377 0.801243 0.880786 0.902854 0.876270 0.949955 0.883395 0.951031 0.948008 0.946379 0.884182 0.757445 0.904594 0.917327 0.801585
0.705606 0.696270 0.881379 0.963436 0.677457 0.000000 0.896178 0.958903 0.507785 0.615507 0.657241 0.775243 0.895920 0.915447 0.946376 0.894747 0.732333 0.725273 0.827008 0.732682 0.872950 0.796340 0.827715 0.924636 0.919563 0.873851 0.769842 0.886068 0.802466 0.759310 0.761055 0.932036 0.846916 0.930044 0.966350 0.957562 0.960076 0.917545 0.961783 0.892211 0.752155 0.907791 0.808634 0.864628 0.687939 0.851068 0.987800 0.947750 0.935100 0.897527 0.855396 0.851184 0.754915 0.563862 0.932396 0.990961 0.694044 0.714358 0.873255 0.831952 0.839395 0.915580 0.842842 0.828760 0.692390 0.866753 0.944457 0.861857 0.624988 0.785516 0.641192 0.604417 0.634747 0.573766 0.906328 0.950362 0.710615 0.744718 0.860148 0.994795 0.835509 0.783546 0.785143 0.689947 0.779910 0.806243 0.933993 0.764023 0.911080 0.854223 0.494351 0.614390 0.575678 0.659888 0.716337 0.851867 0.838755 0.856248 0.639800 0.695171 0.708125 0.717652 0.759300 0.862517 0.823988 0.778718 0.899685 0.733999 0.723758 0.929546 0.794466 0.797868 0.706942 0.892564 0.775966 0.724028
0.547739 0.536349 0.540755 0.361598 0.835290 0.896178 0.000000 0.250795 0.940474 0.637643 0.908574 0.655209 0.587990 0.548060 0.674355 0.549604 0.616471 0.633157 0.428459 0.641070 0.677477 0.907047 0.347593 0.518132 0.821301 0.720416 0.798385 0.991238 0.619712 0.692635 0.294247 0.380689 0.335632 0.331240 0.642659 0.901896 0.729463 0.770640 0.935907 0.841141 0.903976 0.614470 0.522166 0.395014 0.568290 0.464505 0.418069 0.403641 0.494512 0.371983 0.328133 0.306608 0.412735 0.580078 0.462141 0.495854 0.497648 0.522019 0.285192 0.318691 0.435282 0.437600 0.431162 0.447706 0.764442 0.590902 0.339986 0.346283 0.839727 0.482202 0.645856 0.960516 0.467700 0.567442 0.677123 0.686931 0.574810 0.606029 0.413188 0.600492 0.582171 0.754072 0.601680 0.752342 0.549105 0.495728 0.801624 0.893161 0.642817 0.511646 0.971306 0.985299 0.955579 0.904307 0.653850 0.705496 0.677957 0.775440 0.546542 0.491581 0.848124 0.701703 0.633782 0.537137 0.529929 0.447397 0.597723 0.762940 0.918265 0.782783 0.641667 0.547247 0.598339 0.586668 0.429115 0.994990
0.411827 0.402575 0.629175 0.333812 0.785045 0.958903 0.250795 0.000000 0.883170 0.639526 0.725968 0.424584 0.417537 0.376406 0.547430 0.397466 0.495523 0.502853 0.397927 0.514540 0.708180 0.966768 0.356400 0.424627 0.867533 0.853325 0.840239 0.981901 0.486458 0.497642 0.369312 0.427329 0.301518 0.330779 0.723432 0.949896 0.758644 0.712476 0.945804 0.816404 0.804724 0.700848 0.617443 0.483126 0.684399 0.536359 0.467111 0.487702 0.525508 0.390418 0.328747 0.308579 0.454669 0.622151 0.440635 0.518776 0.394446 0.390133 0.316483 0.253835 0.307113 0.214164 0.340204 0.290071 0.694660 0.441821 0.496312 0.411527 0.732930 0.414631 0.736847 0.963505 0.517403 0.651822 0.666159 0.733845 0.725443 0.771397 0.364124 0.504655 0.453425 0.637274 0.551709 0.639768 0.460132 0.393140 0.937684 0.786074 0.561327 0.428620 0.848227 0.808665 0.798159 0.693198 0.736644 0.801075 0.821653 0.928075 0.704127 0.666608 0.907970 0.852597 0.812750 0.704658 0.630711 0.596137 0.700881 0.866125 0.925499 0.765855 0.729233 0.646537 0.732823 0.774200 0.541398 0.908809
0.643153 0.601507 0.870424 0.990865 0.543265 0.507785 0.940474 0.883170 0.000000 0.567295 0.667505 0.778712 0.928353 0.929529 0.994127 0.791249 0.616751 0.608819 0.715052 0.642781 0.861004 0.831852 0.824640 0.923524 0.734591 0.901143 0.695220 0.890454 0.749712 0.762963 0.793288 0.941533 0.772704 0.750487 0.996857 0.974323 0.711949 0.762513 0.859338 0.799394 0.714922 0.964631 0.997584 0.891708 0.910573 0.950798 0.748031 0.812350 0.878181 0.844306 0.961855 0.994145 0.862400 0.624269 0.720284 0.613374 0.592284 0.641023 0.719863 0.765173 0.942907 0.966884 0.781009 0.785760 0.737092 0.925559 0.947857 0.966015 0.515409 0.742048 0.678623 0.518764 0.748267 0.686101 0.936576 0.913193 0.811318 0.812389 0.825469 0.768237 0.646791 0.573570 0.675359 0.470101 0.653247 0.730728 0.862809 0.688210 0.719506 0.649152 0.472646 0.644044 0.483058 0.600955 0.855475 0.944884 0.965876 0.975160 0.717892 0.919531 0.619857 0.676635 0.950842 0.962795 0.909274 0.982921 0.930021 0.875222 0.764006 0.932875 0.852457 0.976655 0.839481 0.986016 0.956812 0.690841
0.880514 0.815987 0.687199 0.983858 0.538946 0.615507 0.637643 0.639526 0.567295 0.000000 0.760442 0.958166 0.916692 0.885770 0.979547 0.859233 0.795324 0.790970 0.935198 0.776252 0.772828 0.861458 0.883590 0.939958 0.507469 0.740627 0.609007 0.820265 0.963605 0.883370 0.737155 0.820012 0.942922 0.893091 0.895996 0.806415 0.745829 0.679703 0.649150 0.997836 0.721231 0.996734 0.672360 0.725345 0.452621 0.498097 0.912168 0.835024 0.507283 0.608683 0.468239 0.529887 0.509025 0.423171 0.988594 0.986671 0.841543 0.835070 0.783925 0.797102 0.888207 0.779334 0.869156 0.937241 0.517126 0.794571 0.890979 0.757429 0.566810 0.942683 0.633069 0.637507 0.692953 0.636333 0.980931 0.829469 0.634891 0.777124 0.883090 0.993915 0.891340 0.738701 0.765266 0.606349 0.796078 0.801562 0.605784 0.663737 0.983420 0.897321 0.480191 0.508638 0.594644 0.677630 0.635451 0.836543 0.748574 0.719510 0.347181 0.486721 0.495557 0.453716 0.661390 0.645136 0.835163 0.765367 0.839959 0.681709 0.873463 0.989028 0.898735 0.574311 0.515298 0.668832 0.821547 0.776972
0.313652 0.390325 0.838581 0.849548 0.938944 0.657241 0.908574 0.725968 0.667505 0.760442 0.000000 0.272749 0.288724 0.351035 0.427407 0.672460 0.295236 0.259707 0.457170 0.273169 0.733207 0.799331 0.977125 0.765596 0.859429 0.909930 0.684876 0.724158 0.287722 0.298589 0.866082 0.932073 0.611414 0.561914 0.849896 0.879421 0.903571 0.770723 0.934782 0.775862 0.509554 0.942836 0.652959 0.809664 0.621849 0.809408 0.945503 0.947206 0.952919 0.998367 0.896369 0.932124 0.729697 0.516694 0.565015 0.721457 0.390526 0.353122 0.769216 0.702998 0.349575 0.471221 0.361405 0.368795 0.515879 0.559055 0.842571 0.858722 0.397087 0.613981 0.514680 0.566054 0.871541 0.809813 0.770236 0.924230 0.619151 0.689189 0.708852 0.662812 0.398804 0.323091 0.530724 0.427175 0.375288 0.479692 0.705324 0.707864 0.593973 0.564608 0.416424 0.423772 0.370173 0.450333 0.757850 0.949646 0.730159 0.555966 0.585962 0.630367 0.655470 0.685041 0.828582 0.965768 0.749105 0.794158 0.751720 0.652219 0.657163 0.909692 0.923142 0.792054 0.600148 0.753481 0.989615 0.483397
0.223860 0.255970 0.742589 0.602562 0.920292 0.775243 0.655209 0.424584 0.778712 0.958166 0.272749 0.000000 0.204410 0.212061 0.350573 0.436331 0.220294 0.208099 0.312993 0.237460 0.663603 0.795901 0.659223 0.530494 0.777369 0.976660 0.665686 0.851643 0.258762 0.214885 0.817879 0.664298 0.389966 0.387546 0.911035 0.925604 0.800671 0.701133 0.992269 0.776225 0.593742 0.821331 0.912430 0.905158 0.856793 0.930191 0.691158 0.769321 0.839609 0.718955 0.770131 0.729327 0.950897 0.832979 0.390210 0.565431 0.261860 0.218997 0.531316 0.446676 0.228018 0.239805 0.230119 0.183127 0.485455 0.375103 0.918862 0.843936 0.369773 0.411620 0.736162 0.711268 0.884785 0.963751 0.700313 0.972566 0.841614 0.838361 0.503056 0.433161 0.250383 0.266810 0.365347 0.335612 0.257268 0.294184 0.752312 0.591341 0.437332 0.392053 0.450300 0.450150 0.395126 0.398199 0.903798 0.988458 0.808058 0.685750 0.769973 0.832093 0.729961 0.819629 0.966200 0.893628 0.971542 0.990452 0.998975 0.765343 0.687271 0.916168 0.878614 0.983747 0.765004 0.841448 0.809918 0.589350
0.303661 0.364671 0.757379 0.628825 0.814184 0.895920 0.587990 0.417537 0.928353 0.916692 0.288724 0.204410 0.000000 0.186679 0.258533 0.405138 0.281026 0.274086 0.321771 0.309049 0.710524 0.893656 0.625318 0.558891 0.872756 0.998934 0.722638 0.852648 0.251471 0.276084 0.763026 0.600975 0.415845 0.367136 0.963021 0.907701 0.868148 0.780822 0.846812 0.781329 0.606554 0.852299 0.940543 0.902975 0.903976 0.926066 0.722819 0.827031 0.853601 0.740320 0.773577 0.732471 0.926346 0.905394 0.413095 0.604633 0.369044 0.324285 0.602831 0.523840 0.182678 0.255979 0.222017 0.230358 0.547551 0.409634 0.927882 0.865124 0.519745 0.498134 0.794977 0.815559 0.760911 0.841054 0.630705 0.964596 0.892673 0.926395 0.537504 0.514975 0.319267 0.335732 0.431248 0.465731 0.306195 0.356756 0.823048 0.690898 0.505826 0.491943 0.622034 0.586937 0.532381 0.538650 0.945228 0.999916 0.872035 0.716983 0.887701 0.936105 0.874886 0.989519 0.980703 0.804808 0.980569 0.944632 0.978382 0.822535 0.692029 0.999369 0.904604 0.982703 0.827647 0.859212 0.754595 0.580773
0.332522 0.384862 0.710259 0.550020 0.784515 0.915447 0.548060 0.376406 0.929529 0.885770 0.351035 0.212061 0.186679 0.000000 0.252185 0.305529 0.284366 0.274783 0.304733 0.315454 0.675352 0.823802 0.518743 0.429483 0.812254 0.909006 0.708799 0.824019 0.295142 0.279986 0.692657 0.562169 0.401912 0.365565 0.888349 0.887680 0.864314 0.820575 0.921500 0.812924 0.683538 0.818028 0.999769 0.851866 0.951146 0.882791 0.678539 0.736692 0.816093 0.691771 0.704699 0.672138 0.814310 0.998012 0.399178 0.579816 0.370316 0.321182 0.573247 0.499769 0.226795 0.235980 0.260608 0.235150 0.549475 0.367766 0.849918 0.788579 0.555418 0.533273 0.902151 0.858725 0.707084 0.739518 0.611236 0.893556 0.940125 0.922142 0.519422 0.501576 0.338834 0.337043 0.415466 0.445352 0.302034 0.324389 0.800799 0.591829 0.512201 0.458092 0.633756 0.616946 0.551928 0.568510 0.982790 0.969107 0.853313 0.757014 0.936338 0.988423 0.891675 0.985698 0.943283 0.786696 0.926880 0.847847 0.971964 0.858473 0.677562 0.978715 0.805852 0.938903 0.896678 0.916747 0.698588 0.684464
0.529375 0.554939 0.690211 0.644692 0.653440 0.946376 0.674355 0.547430 0.994127 0.979547 0.427407 0.350573 0.258533 0.252185 0.000000 0.329126 0.388685 0.379568 0.475958 0.449267 0.663904 0.848179 0.556786 0.475543 0.807655 0.873180 0.780727 0.841625 0.376085 0.359869 0.748517 0.661093 0.544537 0.488100 0.888488 0.935846 0.916162 0.959789 0.931423 0.909705 0.777665 0.936095 0.992857 0.910983 0.919920 0.986948 0.804759 0.847685 0.970936 0.850270 0.846353 0.814500 0.874121 0.976110 0.517215 0.707639 0.552518 0.501403 0.792493 0.731039 0.324470 0.394611 0.428644 0.425521 0.528723 0.396508 0.908247 0.886788 0.692600 0.698836 0.861798 0.912302 0.678195 0.713358 0.571086 0.916009 0.975403 0.987436 0.604112 0.619136 0.456597 0.440114 0.481401 0.552329 0.414169 0.457178 0.800365 0.662756 0.687824 0.655820 0.731620 0.689352 0.644381 0.715729 0.989620 0.992758 0.756770 0.696709 0.888207 0.967009 0.855328 0.963553 0.960918 0.877277 0.957886 0.931724 0.979300 0.798156 0.666207 0.918475 0.865258 0.971611 0.873770 0.847220 0.790925 0.758532
0.608634 0.598742 0.558286 0.419919 0.680436 0.894747 0.549604 0.397466 0.791249 0.859233 0.672460 0.436331 0.405138 0.305529 0.329126 0.000000 0.482111 0.487846 0.512135 0.580511 0.612272 0.892394 0.328437 0.288698 0.650746 0.658657 0.702778 0.944713 0.529892 0.415792 0.460570 0.497083 0.473374 0.487694 0.692114 0.900815 0.812423 0.804278 0.935897 0.840838 0.853493 0.875618 0.866192 0.775907 0.965956 0.901369 0.707439 0.700055 0.937620 0.731430 0.683538 0.632335 0.630812 0.724191 0.509184 0.685264 0.569874 0.522124 0.707151 0.635679 0.394007 0.331767 0.515822 0.445555 0.519360 0.288370 0.669298 0.593179 0.799075 0.652389 0.824022 0.890715 0.589679 0.625980 0.503777 0.804875 0.853227 0.879335 0.576190 0.572323 0.563005 0.604809 0.477253 0.618720 0.497846 0.425425 0.740673 0.682398 0.705227 0.625264 0.787005 0.699640 0.740014 0.699841 0.896699 0.926718 0.821225 0.776148 0.977788 0.946077 0.931162 0.972508 0.983439 0.928906 0.784473 0.806672 0.850271 0.955903 0.834521 0.945221 0.818308 0.923200 0.996842 0.942455 0.588557 0.935114
0.215812 0.206203 0.552335 0.527888 0.965609 0.732333 0.616471 0.495523 0.616751 0.795324 0.295236 0.220294 0.281026 0.284366 0.388685 0.482111 0.000000 0.150164 0.246489 0.226833 0.546936 0.824981 0.603864 0.474946 0.576795 0.770056 0.528845 0.805286 0.238634 0.216517 0.746169 0.600235 0.326699 0.318249 0.817224 0.962487 0.694078 0.618911 0.911736 0.686844 0.541468 0.748835 0.971055 0.784298 0.926025 0.872691 0.527275 0.624603 0.814734 0.648247 0.761816 0.700612 0.902244 0.825235 0.292650 0.397540 0.191456 0.178080 0.472786 0.442530 0.287558 0.352519 0.255348 0.224358 0.367628 0.326433 0.732237 0.718562 0.322157 0.389178 0.772436 0.609629 0.857328 0.956842 0.682307 0.877355 0.915721 0.963841 0.468210 0.377967 0.202397 0.212666 0.279550 0.231663 0.198507 0.234086 0.717050 0.553048 0.465391 0.324201 0.378819 0.402456 0.326663 0.393090 0.955883 0.993419 0.925157 0.766206 0.759567 0.900700 0.664683 0.734385 0.949510 0.829335 0.897089 0.864661 0.974918 0.812208 0.634198 0.867517 0.797568 0.996353 0.826719 0.913986 0.710354 0.552080
0.210162 0.203897 0.563726 0.546979 0.950152 0.725273 0.633157 0.502853 0.608819 0.790970 0.259707 0.208099 0.274086 0.274783 0.379568 0.487846 0.150164 0.000000 0.250130 0.204745 0.549623 0.803670 0.638126 0.488700 0.606752 0.787116 0.542989 0.755344 0.238039 0.212509 0.782806 0.619908 0.349755 0.333871 0.854921 0.981201 0.715657 0.621091 0.914282 0.718982 0.566840 0.773908 0.986907 0.826456 0.875277 0.916542 0.585112 0.665304 0.852032 0.689838 0.799676 0.735122 0.945358 0.781037 0.291717 0.456792 0.192997 0.176386 0.500861 0.465253 0.279493 0.341107 0.255439 0.221607 0.357642 0.321575 0.778731 0.783333 0.324522 0.393266 0.733707 0.594274 0.904786 0.968099 0.710264 0.883019 0.877754 0.895433 0.457469 0.409912 0.206481 0.206514 0.288550 0.237840 0.203346 0.237482 0.672861 0.561467 0.496515 0.333967 0.360294 0.376991 0.319078 0.372372 0.976065 0.964088 0.847985 0.742710 0.727140 0.877453 0.649870 0.709311 0.984773 0.889094 0.920097 0.914814 0.966510 0.785053 0.671269 0.931269 0.826769 0.944281 0.793096 0.933287 0.738730 0.527771
0.236299 0.242098 0.489700 0.428019 0.974318 0.827008 0.428459 0.397927 0.715052 0.935198 0.457170 0.312993 0.321771 0.304733 0.475958 0.512135 0.246489 0.250130 0.000000 0.244970 0.586244 0.963083 0.465866 0.433205 0.595260 0.736874 0.559595 0.876117 0.347369 0.379645 0.615108 0.490575 0.267265 0.296354 0.725772 0.980605 0.648231 0.655643 0.989784 0.675010 0.590606 0.633222 0.862953 0.670935 0.990963 0.799619 0.445215 0.541215 0.749423 0.574906 0.659539 0.609017 0.828737 0.911842 0.274853 0.439581 0.227187 0.224702 0.380810 0.364708 0.317063 0.359264 0.269316 0.249405 0.435651 0.384959 0.592786 0.662609 0.381840 0.358607 0.898486 0.741237 0.692261 0.781900 0.680411 0.841756 0.964119 0.927968 0.457766 0.443047 0.269282 0.291244 0.338978 0.305021 0.214599 0.212379 0.808327 0.553472 0.486215 0.299687 0.532366 0.564616 0.490161 0.525254 0.847679 0.891604 0.886568 0.992749 0.985232 0.902988 0.864959 0.892401 0.851558 0.678590 0.721374 0.692380 0.814075 0.924646 0.739111 0.796502 0.674069 0.859284 0.972624 0.934335 0.569020 0.639007
0.188242 0.216820 0.573172 0.557778 0.933727 0.732682 0.641070 0.514540 0.642781 0.776252 0.273169 0.237460 0.309049 0.315454 0.449267 0.580511 0.226833 0.204745 0.244970 0.000000 0.585805 0.824708 0.661107 0.520612 0.645286 0.855279 0.560189 0.794399 0.325785 0.316650 0.822397 0.709422 0.379420 0.368715 0.881291 0.966214 0.736675 0.645411 0.980175 0.739934 0.544625 0.747955 0.923292 0.886425 0.797768 0.998336 0.640573 0.748332 0.886804 0.766294 0.866838 0.819048 0.943675 0.687376 0.374110 0.529949 0.226869 0.214928 0.517155 0.463906 0.324835 0.380604 0.287356 0.261005 0.402411 0.412018 0.829453 0.854461 0.270243 0.400956 0.708839 0.635225 0.906384 0.985227 0.736752 0.930671 0.833638 0.927623 0.509996 0.498734 0.263321 0.229594 0.376544 0.278780 0.220759 0.270185 0.767071 0.558445 0.483701 0.337608 0.403762 0.435956 0.383309 0.422605 0.943363 0.983934 0.916256 0.772202 0.746559 0.838803 0.688145 0.718318 0.950318 0.861068 0.921962 0.947456 0.979424 0.795948 0.792476 0.931175 0.910307 0.999875 0.785997 0.855693 0.774745 0.574273
0.624466 0.594542 0.529871 0.564915 0.949879 0.872950 0.677477 0.708180 0.861004 0.772828 0.733207 0.663603 0.710524 0.675352 0.663904 0.612272 0.546936 0.549623 0.586244 0.585805 0.000000 0.855930 0.597462 0.555432 0.559944 0.615435 0.642527 0.936708 0.688954 0.621294 0.643089 0.653631 0.495442 0.615679 0.807203 0.920135 0.731236 0.793573 0.943438 0.875085 0.738266 0.830865 0.923401 0.830353 0.972076 0.976154 0.726373 0.689520 0.988539 0.835869 0.898763 0.829209 0.881332 0.978831 0.563852 0.690988 0.583794 0.585667 0.691161 0.742231 0.659570 0.704244 0.663258 0.645507 0.510768 0.535101 0.614150 0.722605 0.621632 0.705124 0.994569 0.816415 0.791708 0.821293 0.702436 0.859093 0.928250 0.957928 0.659729 0.557004 0.612125 0.624991 0.513998 0.569538 0.563187 0.520037 0.822522 0.786333 0.839294 0.657037 0.624660 0.644075 0.690820 0.792836 0.948583 0.836378 0.987071 0.848676 0.848155 0.965856 0.788059 0.922994 0.930082 0.894161 0.756324 0.797051 0.966591 0.873077 0.827681 0.886701 0.805878 0.993898 0.887937 0.933575 0.678565 0.865024
0.870037 0.906577 0.980499 0.961249 0.836465 0.796340 0.907047 0.966768 0.831852 0.861458 0.799331 0.795901 0.893656 0.823802 0.848179 0.892394 0.824981 0.803670 0.963083 0.824708 0.855930 0.000000 0.921580 0.977184 0.959533 0.962690 0.921752 0.776278 0.809212 0.723917 0.885374 0.891719 0.958950 0.986726 0.960787 0.958597 0.899921 0.868408 0.949095 0.874541 0.988798 0.913860 0.791984 0.836558 0.807962 0.885114 0.926292 0.971312 0.871720 0.906148 0.879496 0.898826 0.901425 0.844016 0.906378 0.965305 0.868087 0.851098 0.974906 0.988208 0.891398 0.927048 0.865472 0.890653 0.915088 0.872945 0.825363 0.950117 0.923633 0.853887 0.793299 0.872721 0.900075 0.803102 0.974358 0.994036 0.843534 0.854100 0.917723 0.905122 0.876698 0.853042 0.860840 0.884410 0.909254 0.927650 0.878401 0.910068 0.929612 0.969442 0.779406 0.756045 0.764753 0.741462 0.672184 0.988464 0.838930 0.807025 0.744202 0.827104 0.869302 0.899503 0.753805 0.806026 0.910641 0.716669 0.922633 0.941273 0.807670 0.704716 0.941269 0.857194 0.746544 0.796071 0.795214 0.792131
0.664450 0.597393 0.371997 0.233980 0.828231 0.827715 0.347593 0.356400 0.824640 0.883590 0.977125 0.659223 0.625318 0.518743 0.556786 0.328437 0.603864 0.638126 0.465866 0.661107 0.597462 0.921580 0.000000 0.254900 0.501239 0.461934 0.664004 0.981197 0.749699 0.678816 0.242622 0.388792 0.390747 0.468876 0.460989 0.798238 0.660850 0.760111 0.863211 0.904805 0.914312 0.708222 0.541785 0.457135 0.753499 0.714112 0.450651 0.455668 0.800872 0.558337 0.514843 0.459691 0.487543 0.563275 0.500656 0.589153 0.584348 0.573159 0.558183 0.522808 0.561480 0.495637 0.634418 0.552653 0.523142 0.355250 0.354784 0.393011 0.828102 0.583306 0.562969 0.811733 0.410177 0.482224 0.586615 0.727139 0.610062 0.633002 0.506888 0.569737 0.625644 0.708639 0.523565 0.659108 0.502174 0.385511 0.922320 0.646603 0.741522 0.541244 0.914658 0.859259 0.902939 0.856852 0.748767 0.807583 0.889086 0.896342 0.798079 0.680661 0.999584 0.861747 0.849998 0.835687 0.469463 0.475767 0.660985 0.832027 0.993488 0.772437 0.685636 0.738475 0.764031 0.863268 0.395963 0.898552
0.575041 0.517974 0.346643 0.279142 0.848097 0.924636 0.518132 0.424627 0.923524 0.939958 0.765596 0.530494 0.558891 0.429483 0.475543 0.288698 0.474946 0.488700 0.433205 0.520612 0.555432 0.977184 0.254900 0.000000 0.440464 0.464638 0.601584 0.915106 0.634093 0.487942 0.432686 0.525248 0.415614 0.496875 0.532153 0.828906 0.640559 0.693210 0.776388 0.890440 0.818678 0.726466 0.779748 0.679881 0.977640 0.912173 0.529766 0.577483 0.972449 0.713526 0.699375 0.642384 0.653753 0.774447 0.479047 0.622845 0.496407 0.478646 0.648858 0.601785 0.508762 0.449122 0.601518 0.508145 0.385768 0.255813 0.469100 0.527378 0.654263 0.599379 0.764729 0.869488 0.600272 0.616902 0.637343 0.809467 0.868149 0.811023 0.576950 0.569387 0.545965 0.567816 0.426250 0.510701 0.437604 0.331210 0.733496 0.512649 0.667046 0.512009 0.735768 0.648668 0.728517 0.709209 0.881206 0.868008 0.984024 0.938083 0.957544 0.914421 0.911000 0.935579 0.960227 0.922301 0.654913 0.661963 0.844880 0.977708 0.815747 0.847526 0.775921 0.911737 0.992748 0.980022 0.534837 0.990581
0.698217 0.610097 0.301654 0.445410 0.753086 0.919563 0.821301 0.867533 0.734591 0.507469 0.859429 0.777369 0.872756 0.812254 0.807655 0.650746 0.576795 0.606752 0.595260 0.645286 0.559944 0.959533 0.501239 0.440464 0.000000 0.258377 0.402205 0.890731 0.891333 0.726975 0.659213 0.677734 0.594489 0.677803 0.497981 0.724142 0.451578 0.577850 0.517664 0.795090 0.735241 0.697361 0.897259 0.791459 0.803733 0.843140 0.622791 0.694197 0.784133 0.946719 0.955922 0.956388 0.972860 0.898044 0.655873 0.680048 0.601910 0.601207 0.829468 0.819767 0.858400 0.886192 0.866419 0.773581 0.310013 0.420663 0.564495 0.690064 0.548585 0.723720 0.896182 0.853758 0.886318 0.933065 0.687499 0.940522 0.992052 0.846817 0.764333 0.708404 0.700530 0.635740 0.480743 0.442355 0.523744 0.442234 0.638257 0.506787 0.776228 0.601696 0.511471 0.520213 0.562426 0.612167 0.932501 0.978616 0.924800 0.904847 0.661223 0.842987 0.640729 0.670843 0.909003 0.892438 0.727843 0.737136 0.864706 0.867215 0.974950 0.795772 0.924600 0.884719 0.844729 0.868120 0.605248 0.943234
0.903398 0.816891 0.356165 0.471357 0.912868 0.873851 0.720416 0.853325 0.901143 0.740627 0.909930 0.976660 0.998934 0.909006 0.873180 0.658657 0.770056 0.787116 0.736874 0.855279 0.615435 0.962690 0.461934 0.464638 0.258377 0.000000 0.550651 0.936880 0.978986 0.881274 0.533848 0.663004 0.661159 0.717127 0.434566 0.710710 0.495877 0.652949 0.595948 0.865043 0.925905 0.675959 0.742421 0.683489 0.988538 0.988284 0.614623 0.652311 0.856999 0.888300 0.922463 0.836837 0.790624 0.845707 0.678018 0.681398 0.789086 0.793257 0.868311 0.891679 0.972629 0.957180 0.976212 0.910175 0.491519 0.520254 0.465068 0.575164 0.799827 0.800153 0.692184 0.972766 0.754554 0.750031 0.689063 0.860358 0.826445 0.672427 0.810629 0.836018 0.856102 0.841387 0.592311 0.639201 0.698292 0.579156 0.677057 0.683228 0.846505 0.735602 0.786969 0.764544 0.824205 0.824023 0.949636 0.840735 0.970304 0.977143 0.910905 0.938397 0.876309 0.947733 0.971251 0.988256 0.596965 0.615306 0.777652 0.946182 0.964314 0.827042 0.950934 0.967916 0.980260 0.977937 0.559504 0.909281
0.600056 0.520282 0.445512 0.529500 0.870514 0.769842 0.798385 0.840239 0.695220 0.609007 0.684876 0.665686 0.722638 0.708799 0.780727 0.702778 0.528845 0.542989 0.559595 0.560189 0.642527 0.921752 0.664004 0.601584 0.402205 0.550651 0.000000 0.887531 0.759587 0.643070 0.701495 0.691934 0.608857 0.578187 0.688942 0.660345 0.498899 0.619743 0.688944 0.775042 0.691631 0.719596 0.941957 0.942246 0.738118 0.837436 0.760141 0.857112 0.846470 0.961118 0.958804 0.959264 0.947030 0.753284 0.626580 0.713444 0.531564 0.537743 0.785125 0.750835 0.714814 0.773097 0.721203 0.666803 0.388258 0.511098 0.715679 0.848355 0.512140 0.687955 0.919502 0.723267 0.958522 0.926430 0.658424 0.937449 0.897519 0.974802 0.747037 0.678818 0.685732 0.603352 0.533814 0.496811 0.483081 0.477205 0.706812 0.652727 0.779719 0.625409 0.437878 0.514066 0.516200 0.618693 0.907677 0.883971 0.839246 0.871045 0.638007 0.729437 0.494535 0.727192 0.843776 0.955889 0.920388 0.854982 0.950389 0.767595 0.943748 0.868445 0.853155 0.866888 0.787290 0.829611 0.750554 0.923735
0.821821 0.869752 0.932092 0.987407 0.887685 0.886068 0.991238 0.981901 0.890454 0.820265 0.724158 0.851643 0.852648 0.824019 0.841625 0.944713 0.805286 0.755344 0.876117 0.794399 0.936708 0.776278 0.981197 0.915106 0.890731 0.936880 0.887531 0.000000 0.840427 0.850664 0.873530 0.939091 0.942875 0.937360 0.916678 0.884666 0.975877 0.888551 0.959835 0.893403 0.941970 0.916857 0.884596 0.951862 0.798022 0.869273 0.959117 0.962223 0.915119 0.894759 0.888432 0.888821 0.875496 0.757808 0.938865 0.979722 0.817625 0.791949 0.992619 0.998892 0.862732 0.934606 0.858368 0.858910 0.789540 0.859546 0.905173 0.837024 0.821600 0.933013 0.864128 0.806104 0.932953 0.966810 0.942325 0.942751 0.826067 0.827169 0.881715 0.915816 0.828804 0.752055 0.891537 0.853738 0.774631 0.818152 0.972973 0.961664 0.978653 0.832073 0.782731 0.777026 0.819550 0.902718 0.953302 0.809428 0.847800 0.777009 0.839064 0.867588 0.705029 0.929465 0.908741 0.931352 0.921916 0.820184 0.861185 0.806601 0.950729 0.736148 0.871746 0.824399 0.898469 0.825791 0.961735 0.820211
0.279885 0.327401 0.772512 0.704604 0.882146 0.802466 0.619712 0.486458 0.749712 0.963605 0.287722 0.258762 0.251471 0.295142 0.376085 0.529892 0.238634 0.238039 0.347369 0.325785 0.688954 0.809212 0.749699 0.634093 0.891333 0.978986 0.759587 0.840427 0.000000 0.227975 0.866865 0.706075 0.425687 0.406262 0.997436 0.908162 0.876182 0.757474 0.891840 0.710161 0.629403 0.816715 0.990399 0.833222 0.981099 0.793287 0.650269 0.719602 0.697455 0.631015 0.719881 0.687460 0.890883 0.896234 0.368792 0.495193 0.311497 0.290091 0.519916 0.478802 0.266424 0.340098 0.248094 0.265854 0.579867 0.497015 0.869680 0.810661 0.490253 0.452024 0.765825 0.687901 0.873879 0.932396 0.754278 0.893583 0.935417 0.942808 0.520526 0.484306 0.271696 0.313611 0.415212 0.428828 0.329101 0.416545 0.813720 0.727862 0.531399 0.458106 0.580529 0.593175 0.479105 0.538644 0.977996 0.961541 0.965267 0.743975 0.900194 0.967985 0.848837 0.880237 0.880988 0.757559 0.996332 0.974457 0.973074 0.873995 0.598449 0.972052 0.822185 0.964542 0.908476 0.986303 0.825550 0.583498
0.297234 0.300525 0.665524 0.599906 0.908541 0.759310 0.692635 0.497642 0.762963 0.883370 0.298589 0.214885 0.276084 0.279986 0.359869 0.415792 0.216517 0.212509 0.379645 0.316650 0.621294 0.723917 0.678816 0.487942 0.726975 0.881274 0.643070 0.850664 0.227975 0.000000 0.791847 0.662561 0.443391 0.435817 0.947813 0.967616 0.758010 0.617467 0.934536 0.720554 0.598478 0.842865 0.895056 0.938354 0.867168 0.952097 0.678327 0.767688 0.906172 0.744289 0.819454 0.756069 0.921803 0.866405 0.374776 0.577849 0.287106 0.251093 0.585461 0.521440 0.259041 0.302894 0.293624 0.262081 0.438738 0.336240 0.859591 0.793763 0.445720 0.427404 0.761976 0.709547 0.909656 0.983472 0.698272 0.941441 0.816814 0.843696 0.552539 0.464501 0.288406 0.333784 0.339673 0.371322 0.326269 0.350953 0.678802 0.642558 0.528886 0.459898 0.421274 0.374966 0.366926 0.384484 0.845753 0.949770 0.815352 0.666100 0.695318 0.794276 0.748769 0.713322 0.954090 0.954511 0.958224 0.985828 0.960609 0.752102 0.656028 0.973690 0.843893 0.920255 0.743462 0.910504 0.821008 0.633190
0.787411 0.694125 0.476094 0.309175 0.775725 0.761055 0.294247 0.369312 0.793288 0.737155 0.866082 0.817879 0.763026 0.692657 0.748517 0.460570 0.746169 0.782806 0.615108 0.822397 0.643089 0.885374 0.242622 0.432686 0.659213 0.533848 0.701495 0.873530 0.866865 0.791847 0.000000 0.328365 0.449159 0.457542 0.525474 0.684382 0.684370 0.726443 0.924133 0.881807 0.946960 0.728553 0.468602 0.404396 0.578045 0.559953 0.451425 0.434361 0.683192 0.466646 0.412092 0.353396 0.362536 0.426053 0.545861 0.589297 0.674267 0.690432 0.506474 0.517692 0.645278 0.562277 0.685306 0.641011 0.733815 0.523925 0.300843 0.288275 0.994504 0.613869 0.466952 0.778259 0.386990 0.520834 0.665508 0.662281 0.470616 0.546642 0.489404 0.588822 0.741158 0.907464 0.662685 0.827868 0.694176 0.563904 0.937738 0.851752 0.827101 0.644063 0.982001 0.968989 0.973370 0.951344 0.646185 0.811158 0.782296 0.779523 0.645855 0.558022 0.941923 0.793031 0.776528 0.798088 0.458769 0.426316 0.608635 0.754068 0.880464 0.738213 0.692224 0.656055 0.593901 0.701341 0.423151 0.846774
0.635915 0.580707 0.559107 0.409089 0.814349 0.932036 0.380689 0.427329 0.941533 0.820012 0.932073 0.664298 0.600975 0.562169 0.661093 0.497083 0.600235 0.619908 0.490575 0.709422 0.653631 0.891719 0.388792 0.525248 0.677734 0.663004 0.691934 0.939091 0.706075 0.662561 0.328365 0.000000 0.412641 0.397652 0.655955 0.726925 0.657619 0.714898 0.955790 0.793438 0.896840 0.776626 0.560691 0.460321 0.679038 0.598144 0.426825 0.400635 0.680141 0.459887 0.479692 0.416813 0.442102 0.609070 0.490947 0.565454 0.571311 0.579871 0.468504 0.474418 0.553606 0.516421 0.546002 0.519627 0.693388 0.479906 0.456905 0.409246 0.842372 0.618048 0.673091 0.991992 0.548996 0.618640 0.684195 0.712969 0.702998 0.759914 0.487604 0.485684 0.567082 0.681314 0.484017 0.640687 0.543960 0.467929 0.979860 0.772036 0.667018 0.554332 0.846836 0.843862 0.825846 0.804524 0.749408 0.893095 0.924624 0.813852 0.754934 0.635804 0.978972 0.860114 0.694499 0.774465 0.609520 0.461339 0.656155 0.864605 0.980235 0.809391 0.574785 0.792380 0.698792 0.749759 0.485323 0.971983
0.313293 0.295346 0.477527 0.343675 0.956853 0.846916 0.335632 0.301518 0.772704 0.942922 0.611414 0.389966 0.415845 0.401912 0.544537 0.473374 0.326699 0.349755 0.267265 0.379420 0.495442 0.958950 0.390747 0.415614 0.594489 0.661159 0.608857 0.942875 0.425687 0.443391 0.449159 0.412641 0.000000 0.253562 0.632915 0.887489 0.675826 0.653221 0.982238 0.818114 0.742043 0.705119 0.689149 0.510810 0.805025 0.652700 0.374810 0.428227 0.634241 0.461058 0.493659 0.445597 0.630431 0.858764 0.323906 0.380737 0.265807 0.279772 0.298462 0.280777 0.339491 0.340232 0.308782 0.276122 0.491662 0.376855 0.423270 0.459171 0.499405 0.337792 0.934854 0.858367 0.581617 0.757239 0.647627 0.694314 0.813125 0.851609 0.332740 0.372114 0.331501 0.430079 0.347198 0.394482 0.280979 0.254822 0.999988 0.602404 0.531574 0.336867 0.611172 0.635261 0.601071 0.612060 0.852972 0.835949 0.847584 0.992133 0.897919 0.775313 0.901364 0.980329 0.832459 0.708775 0.578786 0.565917 0.728839 0.928962 0.817156 0.755667 0.694677 0.756816 0.865722 0.815066 0.502515 0.751920
0.330555 0.303634 0.550303 0.440025 0.906328 0.930044 0.331240 0.330779 0.750487 0.893091 0.561914 0.387546 0.367136 0.365565 0.488100 0.487694 0.318249 0.333871 0.296354 0.368715 0.615679 0.986726 0.468876 0.496875 0.677803 0.717127 0.578187 0.937360 0.406262 0.435817 0.457542 0.397652 0.253562 0.000000 0.707058 0.876024 0.644523 0.623204 0.958715 0.751260 0.698904 0.668457 0.711643 0.534793 0.774606 0.608214 0.377389 0.484689 0.595342 0.445315 0.487446 0.435036 0.595270 0.847592 0.316374 0.318479 0.289130 0.307426 0.322985 0.328955 0.321213 0.345611 0.260978 0.260789 0.578532 0.434974 0.515936 0.503346 0.539404 0.375818 0.942195 0.817612 0.607034 0.733561 0.671972 0.738926 0.815163 0.816326 0.367660 0.429902 0.321052 0.417966 0.401425 0.418628 0.324419 0.319959 0.983660 0.660764 0.480593 0.343401 0.620422 0.658806 0.571705 0.582842 0.836172 0.940850 0.893959 0.969267 0.878449 0.748913 0.872501 0.966886 0.746593 0.639969 0.729642 0.616319 0.701334 0.976074 0.857188 0.877658 0.728549 0.762380 0.859318 0.838671 0.555582 0.767934
0.909836 0.815468 0.492351 0.518141 0.929397 0.966350 0.642659 0.723432 0.996857 0.895996 0.849896 0.911035 0.963021 0.888349 0.888488 0.692114 0.817224 0.854921 0.725772 0.881291 0.807203 0.960787 0.460989 0.532153 0.497981 0.434566 0.688942 0.916678 0.997436 0.947813 0.525474 0.655955 0.632915 0.707058 0.000000 0.823574 0.642556 0.786657 0.736552 0.954225 0.898308 0.705080 0.650551 0.601246 0.876348 0.864158 0.593972 0.624205 0.971776 0.780892 0.753750 0.737641 0.712766 0.747254 0.741750 0.724056 0.814300 0.818624 0.787205 0.801542 0.926417 0.847394 0.941658 0.852178 0.633635 0.604844 0.480404 0.581533 0.841350 0.746526 0.750722 0.833258 0.687461 0.716425 0.723182 0.754751 0.614619 0.675447 0.766301 0.819019 0.842287 0.855624 0.705259 0.748565 0.717033 0.606632 0.827846 0.721924 0.802356 0.725307 0.958890 0.926242 0.999393 0.936796 0.822214 0.833435 0.943381 0.979667 0.908469 0.753562 0.951250 0.947155 0.884707 0.884535 0.517330 0.678049 0.682473 0.921055 0.967893 0.758144 0.721818 0.831548 0.854105 0.988140 0.637706 0.903356
0.949555 0.936482 0.690549 0.734284 0.987191 0.957562 0.901896 0.949896 0.974323 0.806415 0.879421 0.925604 0.907701 0.887680 0.935846 0.900815 0.962487 0.981201 0.980605 0.966214 0.920135 0.958597 0.798238 0.828906 0.724142 0.710710 0.660345 0.884666 0.908162 0.967616 0.684382 0.726925 0.887489 0.876024 0.823574 0.000000 0.754978 0.644736 0.782884 0.905119 0.948088 0.983202 0.901758 0.844080 0.960742 0.996138 0.883584 0.850053 0.855192 0.964389 0.970103 0.896365 0.836033 0.862485 0.922998 0.911283 0.916835 0.955975 0.966995 0.949245 0.962449 0.972674 0.919346 0.981060 0.802218 0.773761 0.730879 0.730532 0.933345 0.921668 0.829913 0.850626 0.846551 0.953928 0.880533 0.944897 0.995422 0.823081 0.948851 0.846483 0.990998 0.963083 0.845817 0.943823 0.928112 0.838410 0.986715 0.953925 0.869811 0.917459 0.858111 0.833738 0.902384 0.905569 0.969463 0.849010 0.914008 0.805994 0.930708 0.955636 0.809388 0.875928 0.968321 0.857907 0.951124 0.877089 0.931246 0.994551 0.876382 0.957541 0.991372 0.906173 0.985655 0.999507 0.828067 0.809009
0.714099 0.610780 0.515897 0.527073 0.787566 0.960076 0.729463 0.758644 0.711949 0.745829 0.903571 0.800671 0.868148 0.864314 0.916162 0.812423 0.694078 0.715657 0.648231 0.736675 0.731236 0.899921 0.660850 0.640559 0.451578 0.495877 0.498899 0.975877 0.876182 0.758010 0.684370 0.657619 0.675826 0.644523 0.642556 0.754978 0.000000 0.493547 0.661279 0.696500 0.640824 0.689951 0.869598 0.755979 0.911154 0.997035 0.630372 0.761982 0.948365 0.821872 0.879906 0.794120 0.870407 0.990949 0.666440 0.639651 0.647068 0.643532 0.705076 0.708162 0.842661 0.843916 0.779776 0.742388 0.601822 0.630630 0.639657 0.726162 0.668894 0.634158 0.826243 0.915915 0.897793 0.999272 0.708628 0.913404 0.972145 0.927144 0.797493 0.769645 0.749414 0.801280 0.648648 0.584231 0.657785 0.580362 0.726281 0.772587 0.783807 0.672266 0.572194 0.634545 0.598488 0.604277 0.962516 0.950878 0.953300 0.970544 0.811597 0.947704 0.720993 0.811065 0.998342 0.900847 0.773588 0.718138 0.925601 0.890749 0.974429 0.832135 0.877890 0.974312 0.947039 0.978554 0.768250 0.972562
0.594801 0.517450 0.617179 0.602712 0.735514 0.917545 0.770640 0.712476 0.762513 0.679703 0.770723 0.701133 0.780822 0.820575 0.959789 0.804278 0.618911 0.621091 0.655643 0.645411 0.793573 0.868408 0.760111 0.693210 0.577850 0.652949 0.619743 0.888551 0.757474 0.617467 0.726443 0.714898 0.653221 0.623204 0.786657 0.644736 0.493547 0.000000 0.605179 0.725414 0.641242 0.742752 0.955387 0.880163 0.812312 0.963605 0.710220 0.802501 0.922758 0.862846 0.936506 0.830457 0.943571 0.888131 0.668793 0.675645 0.528689 0.522108 0.694932 0.660069 0.718419 0.717532 0.689671 0.608605 0.605725 0.574944 0.783990 0.753781 0.604765 0.492311 0.977378 0.836290 0.991113 0.856604 0.800205 0.984387 0.896576 0.919743 0.779771 0.739507 0.632865 0.730844 0.613100 0.557900 0.648742 0.545431 0.759815 0.795271 0.687975 0.550805 0.503768 0.470279 0.547479 0.438173 0.868645 0.998316 0.988352 0.860502 0.694013 0.809158 0.770608 0.657422 0.901328 0.875633 0.977288 0.942476 0.890160 0.860366 0.985571 0.954732 0.918353 0.835883 0.813186 0.861466 0.867273 0.753225
