0.000000 0.525588 0.859400 0.909819 0.862110 0.942271 0.664782 0.718071 0.974825 0.872188 0.753353 0.660010 0.665323 0.742089 0.788086 0.801027 0.559043 0.562943 0.522160 0.666065 0.931638 0.916083 0.926412 0.970107 0.956361 0.970541 0.957389 0.998967 0.650928 0.673333 0.873238 0.959750 0.659625 0.599985 0.895525 0.905083 0.946723 0.784304 0.977962 0.931203 0.925126 0.904948 0.853808 0.701060 0.913284 0.826576 0.729280 0.791401 0.896792 0.837152 0.748297 0.845140 0.905699 0.992436 0.853440 0.906900 0.477156 0.533142 0.625640 0.811797 0.524069 0.651621 0.507890 0.557409 0.852623 0.873164 0.892304 0.862939 0.906889 0.755393 0.965364 0.989182 0.854243 0.876803 0.977725 0.972157 0.760889 0.789065 0.824140 0.782951 0.507241 0.567004 0.741961 0.642501 0.657347 0.770592 0.945861 0.845939 0.966966 0.807495 0.964554 0.953342 0.856444 0.959359 0.887710 0.895708 0.877996 0.949850 0.794800 0.747698 0.860335 0.953302 0.761533 0.773343 0.945562 0.984443 0.891750 0.948192 0.843530 0.751440 0.817304 0.968366 0.881271 0.994193 0.858825 0.893249
0.525588 0.000000 0.879219 0.883270 0.802965 0.932508 0.776836 0.692570 0.978884 0.816044 0.792622 0.585677 0.642147 0.646360 0.708248 0.698292 0.552984 0.550405 0.553194 0.638391 0.966981 0.887435 0.855129 0.978805 0.899869 0.971416 0.957710 0.902698 0.590069 0.642666 0.778522 0.916095 0.518623 0.589715 0.910937 0.859400 0.865056 0.976613 0.885635 0.824375 0.983204 0.885770 0.769200 0.588207 0.731041 0.693827 0.648183 0.651741 0.815504 0.741280 0.715254 0.637230 0.807626 0.880086 0.833495 0.903546 0.521899 0.460259 0.664339 0.829802 0.534202 0.630642 0.524560 0.528732 0.835207 0.872526 0.841450 0.787778 0.950705 0.676107 0.862721 0.945203 0.852219 0.841915 0.942398 0.974754 0.777062 0.961409 0.661415 0.780944 0.472512 0.577524 0.725132 0.658920 0.737103 0.762022 0.999435 0.919499 0.960527 0.845024 0.906680 0.863396 0.949293 0.901744 0.859658 0.828055 0.888626 0.908789 0.716695 0.764855 0.844339 0.995562 0.773966 0.820066 0.882595 0.946034 0.900978 0.894610 0.888052 0.827732 0.825408 0.873222 0.976060 0.909312 0.706241 0.951476
0.859400 0.879219 0.000000 0.421049 0.975115 0.924307 0.369237 0.433803 0.735016 0.998559 0.998016 0.848599 0.774745 0.911872 0.920575 0.924508 0.809043 0.821701 0.874794 0.941829 0.835380 0.874606 0.697119 0.739150 0.525003 0.634487 0.944820 0.900309 0.770817 0.707608 0.913582 0.972898 0.752671 0.767502 0.654411 0.853851 0.782340 0.987367 0.852728 0.787562 0.992955 0.813784 0.618323 0.810934 0.862121 0.885043 0.692769 0.778067 0.804313 0.962848 0.754499 0.630993 0.917190 0.889559 0.850322 0.820234 0.970318 0.963064 0.546501 0.649186 0.644833 0.769989 0.897393 0.836529 0.380079 0.497535 0.497627 0.514289 0.820441 0.747392 0.895842 0.832862 0.761582 0.746944 0.904202 0.897382 0.682826 0.822617 0.919496 0.984992 0.942242 0.973644 0.890563 0.991418 0.570710 0.701208 0.757403 0.837290 0.731762 0.600970 0.546291 0.611356 0.541575 0.516432 0.905797 0.804466 0.848142 0.950097 0.587510 0.653835 0.640874 0.790659 0.963797 0.922463 0.549215 0.606074 0.984573 0.770749 0.809816 0.952379 0.903891 0.906854 0.917136 0.835063 0.699679 0.727355
0.909819 0.883270 0.421049 0.000000 0.886148 0.916577 0.566708 0.412224 0.940133 0.769703 0.934741 0.941431 0.999559 0.927141 0.752358 0.929707 0.732541 0.792230 0.994631 0.956438 0.753726 0.850668 0.758016 0.635064 0.535432 0.558091 0.926393 0.771004 0.673301 0.638792 0.990810 0.939703 0.846355 0.756719 0.657607 0.805205 0.772460 0.887839 0.698313 0.710994 0.936608 0.821596 0.719524 0.827551 0.781814 0.796761 0.817139 0.815450 0.702316 0.862076 0.856920 0.700500 0.911310 0.778102 0.964532 0.822652 0.872569 0.911435 0.701707 0.643021 0.846417 0.779284 0.835067 0.816521 0.393207 0.351549 0.409786 0.387334 0.669734 0.738924 0.717587 0.676973 0.702544 0.744673 0.906440 0.831672 0.648609 0.756993 0.975878 0.988886 0.973576 0.984983 0.833432 0.921981 0.686352 0.621991 0.764606 0.725341 0.921429 0.577970 0.623520 0.672124 0.525355 0.564359 0.886606 0.768598 0.841875 0.926596 0.636678 0.747932 0.668781 0.811610 0.955313 0.935929 0.496577 0.574090 0.981297 0.689251 0.823795 0.943134 0.854139 0.957232 0.979810 0.828811 0.729845 0.715234
0.862110 0.802965 0.975115 0.886148 0.000000 0.790115 0.907614 0.972978 0.877606 0.884299 0.778453 0.893321 0.741335 0.905167 0.767738 0.852990 0.703774 0.737733 0.787203 0.818429 0.834691 0.777658 0.806725 0.921464 0.925035 0.927125 0.965352 0.961630 0.882719 0.752557 0.757707 0.934664 0.811568 0.898931 0.977249 0.875863 0.805709 0.910211 0.960258 0.931820 0.863719 0.879753 0.998561 0.946856 0.758192 0.829423 0.904657 0.889784 0.764003 0.797543 0.816923 0.941381 0.830227 0.783464 0.891865 0.966583 0.681535 0.741421 0.950063 0.836245 0.758161 0.896315 0.718036 0.825220 0.993198 0.930798 0.929823 0.965269 0.985622 0.830442 0.806248 0.974631 0.781117 0.905873 0.902971 0.927558 0.955714 0.966060 0.849202 0.817670 0.703668 0.702914 0.756769 0.717367 0.730029 0.720376 0.961655 0.711874 0.898226 0.985403 0.998218 0.890789 0.973704 0.880397 0.799090 0.936978 0.993513 0.947440 0.980737 0.932829 0.847834 0.854457 0.990085 0.933547 0.991939 0.859581 0.939163 0.928195 0.986238 0.951881 0.962181 0.951860 0.993071 0.860724 0.835626 0.896839
0.942271 0.932508 0.924307 0.916577 0.790115 0.000000 0.931281 0.881610 0.899557 0.880734 0.963273 0.848605 0.994102 0.824584 0.993410 0.830988 0.905840 0.855326 0.987505 0.847597 0.766288 0.956421 0.867152 0.832745 0.860188 0.756390 0.816195 0.849012 0.903279 0.911545 0.845602 0.998889 0.931359 0.869533 0.882412 0.889173 0.695947 0.978083 0.891873 0.991005 0.767597 0.967607 0.929837 0.828934 0.955776 0.902226 0.898935 0.978737 0.931233 0.968499 0.864702 0.996590 0.822304 0.810184 0.910342 0.834979 0.994891 0.900419 0.772628 0.756110 0.958573 0.820131 0.911641 0.814907 0.881853 0.982791 0.974135 0.954850 0.847965 0.796252 0.818730 0.918615 0.893393 0.817834 0.911171 0.942682 0.971938 0.884360 0.974334 0.924928 0.944628 0.986779 0.952882 0.951789 0.832455 0.760115 0.913724 0.833614 0.914029 0.998790 0.784018 0.769746 0.726412 0.790430 0.931231 0.861446 0.823637 0.974024 0.953623 0.982085 0.965520 0.919995 0.910182 0.956828 0.913031 0.987185 0.944208 0.990543 0.933272 0.864968 0.905670 0.972138 0.897770 0.992145 0.955775 0.934730
0.664782 0.776836 0.369237 0.566708 0.907614 0.931281 0.000000 0.508447 0.684771 0.895024 0.900032 0.973604 0.618979 0.957669 0.913511 0.968634 0.995790 0.986040 0.712031 0.829177 0.865121 0.953200 0.690556 0.844039 0.626174 0.682470 0.914996 0.983808 0.923356 0.894267 0.881293 0.924619 0.658977 0.688977 0.709435 0.969000 0.819770 0.900111 0.905366 0.893093 0.987051 0.894513 0.653814 0.749656 0.907821 0.996788 0.702552 0.772277 0.900237 0.864182 0.725206 0.653251 0.881178 0.924760 0.862319 0.929865 0.851259 0.866183 0.475448 0.668141 0.472657 0.731385 0.880324 0.991255 0.468720 0.614644 0.608654 0.649824 0.902840 0.863346 0.994044 0.938337 0.868087 0.841842 0.910711 0.995135 0.689339 0.834683 0.970350 0.999047 0.771431 0.807137 0.968959 0.851451 0.468356 0.728809 0.826366 0.993328 0.698218 0.648832 0.652549 0.665641 0.712639 0.676296 0.890599 0.848935 0.882804 0.932498 0.621168 0.617602 0.709638 0.782921 0.998878 0.906520 0.648100 0.720813 0.924536 0.895934 0.725825 0.914981 0.830238 0.922206 0.918205 0.895024 0.718778 0.727974
0.718071 0.692570 0.433803 0.412224 0.972978 0.881610 0.508447 0.000000 0.978890 0.955858 0.875585 0.801985 0.805407 0.911446 0.839664 0.953757 0.970336 0.970947 0.784496 0.682148 0.909012 0.934453 0.813163 0.814899 0.709220 0.805408 0.953941 0.946843 0.943880 0.874601 0.974381 0.958115 0.730785 0.560840 0.709495 0.923478 0.871812 0.979918 0.952020 0.716050 0.934308 0.757920 0.699420 0.731989 0.807335 0.874611 0.743410 0.800593 0.713900 0.921763 0.809410 0.631619 0.907456 0.753466 0.918320 0.998016 0.945975 0.855356 0.472931 0.456864 0.587401 0.478372 0.930890 0.874656 0.519551 0.423201 0.481259 0.423884 0.813588 0.993582 0.780845 0.710755 0.875549 0.917080 0.957353 0.888380 0.570207 0.752865 0.902983 0.899891 0.764541 0.920964 0.860777 0.988687 0.715793 0.770271 0.679972 0.721479 0.889030 0.560310 0.695057 0.808861 0.656864 0.736546 0.875003 0.757830 0.712855 0.979788 0.565766 0.600953 0.637084 0.873362 0.735818 0.861623 0.475933 0.574588 0.978665 0.731396 0.787743 0.817530 0.670376 0.875223 0.994892 0.959677 0.685807 0.749077
0.974825 0.978884 0.735016 0.940133 0.877606 0.899557 0.684771 0.978890 0.000000 0.719525 0.946366 0.786393 0.851093 0.776247 0.910823 0.901450 0.908862 0.808676 0.969926 0.854025 0.970506 0.963732 0.697689 0.996965 0.882044 0.862420 0.876891 0.944986 0.860928 0.835075 0.901636 0.833450 0.898321 0.895201 0.904466 0.999816 0.834176 0.941817 0.906882 0.824421 0.992510 0.952134 0.873230 0.973467 0.859316 0.934478 0.937965 0.968631 0.772691 0.754571 0.806492 0.766521 0.724866 0.834224 0.936875 0.970986 0.896736 0.932751 0.805074 0.984988 0.800622 0.915507 0.972157 0.888566 0.775119 0.935743 0.952722 0.898881 0.850865 0.795550 0.876631 0.734266 0.796341 0.814856 0.999267 0.935110 0.967565 0.980150 0.891505 0.852320 0.931679 0.985075 0.920503 0.897933 0.718962 0.987563 0.840590 0.856503 0.780187 0.823604 0.840356 0.778050 0.758162 0.826012 0.958000 0.998508 0.912739 0.970456 0.876949 0.886667 0.911314 0.866105 0.904998 0.990877 0.946766 0.934178 0.935290 0.912462 0.892897 0.993750 0.888525 0.910565 0.999579 0.928883 0.942715 0.993748
0.872188 0.816044 0.998559 0.769703 0.884299 0.880734 0.895024 0.955858 0.719525 0.000000 0.687517 0.867289 0.844907 0.983364 0.876797 0.926388 0.711312 0.798946 0.677893 0.782974 0.877520 0.983436 0.862379 0.846321 0.853739 0.793034 0.769179 0.774276 0.624542 0.720500 0.748337 0.924933 0.701961 0.768445 0.960831 0.877725 0.930648 0.946798 0.619192 0.893458 0.818505 0.972029 0.873151 0.802944 0.699476 0.665709 0.811313 0.915589 0.639922 0.652856 0.729090 0.792408 0.762165 0.844041 0.856408 0.869682 0.707587 0.718998 0.791307 0.950661 0.761365 0.860300 0.683686 0.687410 0.803318 0.710866 0.935944 0.887201 0.725122 0.803902 0.785743 0.818542 0.811701 0.782922 0.847181 0.946092 0.980065 0.944333 0.982610 0.945696 0.752445 0.859812 0.900335 0.776012 0.965652 0.778825 0.952108 0.762784 0.894181 0.879075 0.905546 0.910883 0.954468 0.819187 0.933825 0.811087 0.757881 0.829105 0.877522 0.871896 0.793568 0.978626 0.700379 0.813925 0.974286 0.936702 0.860122 0.873088 0.944753 0.863972 0.859880 0.920067 0.969161 0.734037 0.996088 0.929813
0.753353 0.792622 0.998016 0.934741 0.778453 0.963273 0.900032 0.875585 0.946366 0.687517 0.000000 0.661894 0.756691 0.874196 0.983110 0.969555 0.601777 0.594263 0.642122 0.617161 0.867703 0.979762 0.973189 0.864053 0.799483 0.928709 0.855234 0.802549 0.634974 0.639761 0.817616 0.952043 0.749302 0.590519 0.993087 0.939848 0.946472 0.841663 0.965896 0.994306 0.912277 0.994543 0.840992 0.924148 0.958927 0.911900 0.958400 0.993165 0.960126 0.956800 0.879789 0.893324 0.976567 0.987370 0.965050 0.904517 0.721115 0.771833 0.888613 0.948180 0.711293 0.803220 0.567680 0.612181 0.819036 0.892356 0.993376 0.935892 0.977991 0.763331 0.970938 0.872234 0.636844 0.807938 0.961296 0.792091 0.876985 0.828092 0.804811 0.782783 0.630634 0.688118 0.868691 0.837273 0.957466 0.956758 0.793717 0.874005 0.891916 0.985451 0.715111 0.652748 0.772242 0.719076 0.952822 0.817337 0.879001 0.933527 0.969862 0.976495 0.960896 0.938156 0.822913 0.974404 0.991486 0.779584 0.961411 0.835715 0.979964 0.796024 0.944996 0.981057 0.915319 0.973824 0.962938 0.946403
0.660010 0.585677 0.848599 0.941431 0.893321 0.848605 0.973604 0.801985 0.786393 0.867289 0.661894 0.000000 0.685686 0.556171 0.771828 0.709181 0.515668 0.471196 0.650005 0.471234 0.935968 0.972614 0.995196 0.949120 0.772400 0.745348 0.929091 0.908947 0.522969 0.501015 0.949080 0.828943 0.693625 0.603646 0.993696 0.919871 0.998690 0.976548 0.804884 0.976547 0.883252 0.840010 0.958656 0.782137 0.912506 0.798429 0.927871 0.859944 0.978835 0.945911 0.875107 0.884464 0.937379 0.994765 0.944965 0.852317 0.611411 0.508660 0.836246 0.827926 0.641515 0.585972 0.481474 0.390974 0.889711 0.998226 0.967421 0.913472 0.992775 0.585909 0.920865 0.825133 0.718204 0.725908 0.960661 0.842131 0.771120 0.808415 0.608691 0.746602 0.499895 0.617048 0.737695 0.744856 0.926782 0.978937 0.974168 0.935024 0.808664 0.967574 0.754341 0.689776 0.755833 0.655391 0.806556 0.902832 0.868131 0.831018 0.904824 0.876922 0.972777 0.990732 0.678365 0.903570 0.900814 0.978067 0.980649 0.904422 0.986282 0.757707 0.768956 0.878919 0.988348 0.790557 0.885490 0.922553
0.665323 0.642147 0.774745 0.999559 0.741335 0.994102 0.618979 0.805407 0.851093 0.844907 0.756691 0.685686 0.000000 0.577227 0.522575 0.599605 0.678978 0.668561 0.647265 0.595101 0.975292 0.920754 0.708026 0.927993 0.948035 0.960659 0.863389 0.906437 0.701531 0.694948 0.786722 0.829151 0.646930 0.705638 0.878009 0.923620 0.832692 0.901325 0.860792 0.959914 0.930652 0.981548 0.921608 0.811259 0.915875 0.805000 0.753601 0.736410 0.992847 0.742451 0.838862 0.775608 0.912429 0.898227 0.817854 0.995379 0.673313 0.609761 0.758231 0.824337 0.405579 0.649197 0.615626 0.653145 0.840484 0.967817 0.949844 0.962338 0.871459 0.846613 0.939126 0.984229 0.900118 0.982116 0.950881 0.782270 0.890823 0.925299 0.729329 0.774805 0.583664 0.582507 0.720973 0.717003 0.572291 0.866012 0.939077 0.768168 0.907829 0.998794 0.928111 0.873894 0.841488 0.858665 0.987102 0.903393 0.994408 0.982509 0.813584 0.849995 0.966018 0.972367 0.935544 0.896335 0.898705 0.965810 0.999122 0.785109 0.970901 0.835239 0.923359 0.840432 0.970133 0.931231 0.745497 0.965605
0.742089 0.646360 0.911872 0.927141 0.905167 0.824584 0.957669 0.911446 0.776247 0.983364 0.874196 0.556171 0.577227 0.000000 0.533116 0.471870 0.642541 0.567699 0.786203 0.608056 0.936696 0.975362 0.941365 0.939696 0.987504 0.816537 0.927895 0.980373 0.616387 0.520650 0.784418 0.667907 0.681744 0.654483 0.924704 0.912849 0.974218 0.914821 0.837517 0.878826 0.913333 0.967697 0.869037 0.654921 0.812964 0.694675 0.755499 0.671757 0.982293 0.842634 0.883835 0.873483 0.992971 0.877336 0.949992 0.993572 0.763042 0.685759 0.938668 0.919597 0.649875 0.667668 0.627250 0.578312 0.980756 0.961195 0.972348 0.946213 0.855998 0.651591 0.994628 0.819385 0.744500 0.731081 0.926827 0.793967 0.976881 0.954178 0.662454 0.629188 0.599299 0.581764 0.634660 0.731826 0.803785 0.828176 0.885920 0.863201 0.874809 0.856111 0.733421 0.688305 0.669648 0.717226 0.903302 0.895274 0.922894 0.999369 0.929378 0.951079 0.939476 0.963218 0.870403 0.984566 0.967338 0.962850 0.932822 0.733452 0.841196 0.798007 0.874337 0.739166 0.972698 0.851727 0.846672 0.966513
0.788086 0.708248 0.920575 0.752358 0.767738 0.993410 0.913511 0.839664 0.910823 0.876797 0.983110 0.771828 0.522575 0.533116 0.000000 0.518136 0.615401 0.591596 0.688948 0.785614 0.986684 0.930786 0.689948 0.921330 0.983049 0.862598 0.897901 0.972446 0.595401 0.537188 0.668212 0.628709 0.637458 0.845308 0.987401 0.826057 0.888425 0.959940 0.821986 0.936724 0.900555 0.969492 0.843951 0.696516 0.634128 0.576986 0.696705 0.639370 0.728717 0.589042 0.830262 0.823800 0.780551 0.684329 0.854479 0.988631 0.590598 0.648588 0.992959 0.835878 0.667872 0.890337 0.601077 0.666152 0.999281 0.848297 0.815915 0.837355 0.954958 0.725707 0.861514 0.978079 0.766990 0.790647 0.958033 0.790485 0.963068 0.886368 0.690372 0.783003 0.615234 0.555613 0.506809 0.579382 0.672285 0.792748 0.611758 0.593564 0.959976 0.877146 0.753696 0.793656 0.672473 0.747776 0.993625 0.968839 0.901530 0.886393 0.967813 0.964974 0.970148 0.888070 0.990141 0.999398 0.877052 0.844761 0.940072 0.689699 0.916561 0.958795 0.947629 0.746470 0.820359 0.799692 0.886001 0.893632
0.801027 0.698292 0.924508 0.929707 0.852990 0.830988 0.968634 0.953757 0.901450 0.926388 0.969555 0.709181 0.599605 0.471870 0.518136 0.000000 0.761099 0.698663 0.784176 0.750727 0.986910 0.963427 0.730747 0.713247 0.949768 0.992385 0.869257 0.938855 0.721660 0.657633 0.686363 0.639880 0.737905 0.792944 0.957656 0.841810 0.829171 0.835080 0.918481 0.932718 0.952382 0.973142 0.944458 0.824962 0.750400 0.679324 0.810596 0.640743 0.878040 0.796006 0.834382 0.914657 0.916185 0.783528 0.939840 0.986952 0.738878 0.707522 0.859856 0.877285 0.757522 0.871940 0.680991 0.703316 0.968831 0.981582 0.941537 0.975406 0.815731 0.733680 0.972385 0.820741 0.862628 0.918246 0.951060 0.890179 0.990919 0.995086 0.688375 0.645644 0.672403 0.579353 0.535835 0.651472 0.665030 0.687645 0.780761 0.683964 0.842916 0.869298 0.833225 0.846330 0.768231 0.841349 0.980560 0.992745 0.808444 0.891235 0.922731 0.990027 0.978739 0.871978 0.983678 0.926840 0.984657 0.976939 0.934782 0.752571 0.927100 0.862827 0.988004 0.770551 0.956651 0.843235 0.871680 0.984251
0.559043 0.552984 0.809043 0.732541 0.703774 0.905840 0.995790 0.970336 0.908862 0.711312 0.601777 0.515668 0.678978 0.642541 0.615401 0.761099 0.000000 0.351971 0.528390 0.580017 0.949355 0.962271 0.977159 0.876310 0.812943 0.778998 0.994172 0.862006 0.399779 0.363668 0.770466 0.807150 0.602197 0.673420 0.953075 0.907628 0.978100 0.919352 0.803069 0.906496 0.899580 0.871391 0.959493 0.657462 0.656378 0.584316 0.752016 0.733807 0.669927 0.681712 0.698362 0.917986 0.791543 0.753123 0.815353 0.887135 0.416749 0.489238 0.879977 0.902310 0.642331 0.747506 0.366796 0.390776 0.815118 0.796540 0.834590 0.899308 0.865271 0.545159 0.979456 0.978216 0.587521 0.635595 0.997397 0.834357 0.911304 0.928681 0.651717 0.688930 0.389012 0.498089 0.601827 0.611178 0.864023 0.910219 0.952747 0.722945 0.920007 0.921381 0.706040 0.666604 0.641891 0.657929 0.862679 0.934763 0.894873 0.900304 0.989224 0.957138 0.987265 0.832226 0.785195 0.854184 0.860893 0.733889 0.962021 0.719775 0.978097 0.727877 0.872345 0.873668 0.885276 0.799911 0.881822 0.892767
0.562943 0.550405 0.821701 0.792230 0.737733 0.855326 0.986040 0.970947 0.808676 0.798946 0.594263 0.471196 0.668561 0.567699 0.591596 0.698663 0.351971 0.000000 0.539306 0.530701 0.995292 0.922179 0.989456 0.899151 0.768906 0.749122 0.955427 0.929669 0.421047 0.345760 0.817547 0.767787 0.604348 0.632007 0.894703 0.910709 0.963084 0.908451 0.878048 0.990359 0.862740 0.912413 0.995659 0.673440 0.758781 0.681652 0.792908 0.806311 0.832448 0.798280 0.825080 0.996217 0.923086 0.849571 0.897167 0.849257 0.409213 0.493006 0.869384 0.966810 0.629459 0.729137 0.361656 0.363070 0.811517 0.856286 0.870604 0.941600 0.881131 0.484902 0.937408 0.948789 0.535910 0.627365 0.977270 0.862002 0.869555 0.944823 0.606228 0.612109 0.394410 0.456364 0.606515 0.613329 0.899783 0.883206 0.892399 0.769385 0.853151 0.931273 0.644880 0.575727 0.578236 0.608810 0.842730 0.950485 0.899103 0.873488 0.970299 0.947275 0.960503 0.793801 0.749013 0.905726 0.922909 0.815441 0.983238 0.739681 0.995886 0.685500 0.826142 0.837154 0.970131 0.832546 0.876844 0.953077
0.522160 0.553194 0.874794 0.994631 0.787203 0.987505 0.712031 0.784496 0.969926 0.677893 0.642122 0.650005 0.647265 0.786203 0.688948 0.784176 0.528390 0.539306 0.000000 0.550913 0.971132 0.936106 0.753954 0.922660 0.983766 0.962726 0.914910 0.988163 0.551239 0.594369 0.694895 0.824006 0.501117 0.555742 0.881598 0.901669 0.790199 0.993864 0.934074 0.995791 0.902679 0.806061 0.820636 0.699690 0.789006 0.666350 0.593104 0.720400 0.777990 0.691749 0.720671 0.756166 0.872849 0.924295 0.769892 0.997315 0.488494 0.549720 0.728379 0.934457 0.578075 0.698060 0.438493 0.547965 0.971327 0.960633 0.853810 0.810908 0.872906 0.716737 0.959457 0.885033 0.799764 0.743661 0.973244 0.977781 0.764994 0.863317 0.739958 0.796030 0.461113 0.534736 0.697068 0.615197 0.705076 0.801897 0.885500 0.762926 0.916055 0.875743 0.987265 0.947068 0.927801 0.857694 0.911844 0.846206 0.799480 0.835640 0.710679 0.741726 0.734885 0.988853 0.737959 0.775830 0.903571 0.958906 0.942853 0.894910 0.835452 0.882484 0.820834 0.854003 0.857362 0.880425 0.820001 0.985380
0.666065 0.638391 0.941829 0.956438 0.818429 0.847597 0.829177 0.682148 0.854025 0.782974 0.617161 0.471234 0.595101 0.608056 0.785614 0.750727 0.580017 0.530701 0.550913 0.000000 0.974733 0.968090 0.865497 0.944771 0.855820 0.773554 0.949268 0.818678 0.604760 0.577067 0.908312 0.840304 0.580810 0.577710 0.956273 0.909325 0.959574 0.904235 0.853204 0.974710 0.958682 0.889842 0.991784 0.788905 0.936534 0.892136 0.899352 0.835378 0.901915 0.916062 0.932831 0.947344 0.839588 0.836740 0.986551 0.902922 0.654874 0.523834 0.734163 0.708975 0.574150 0.519815 0.514275 0.461431 0.931720 0.900258 0.962251 0.831500 0.944671 0.687917 0.934887 0.875590 0.756640 0.836783 0.913546 0.924582 0.739152 0.790917 0.682484 0.637795 0.468150 0.578107 0.806764 0.772343 0.849102 0.959152 0.860049 0.947802 0.891833 0.883311 0.846365 0.716566 0.838886 0.694672 0.860404 0.880722 0.830707 0.937339 0.891008 0.876620 0.820545 0.862206 0.673394 0.927165 0.742409 0.912577 0.916704 0.880656 0.957214 0.700482 0.670280 0.915600 0.926667 0.881447 0.787742 0.984966
0.931638 0.966981 0.835380 0.753726 0.834691 0.766288 0.865121 0.909012 0.970506 0.877520 0.867703 0.935968 0.975292 0.936696 0.986684 0.986910 0.949355 0.995292 0.971132 0.974733 0.000000 0.913961 0.850271 0.814771 0.927446 0.771290 0.991158 0.879114 0.940983 0.931372 0.935119 0.951774 0.891804 0.918621 0.859307 0.954311 0.867375 0.939199 0.853339 0.991545 0.972648 0.896326 0.959442 0.949734 0.886317 0.813006 0.924611 0.953903 0.824305 0.801396 0.943357 0.933724 0.797779 0.858428 0.939334 0.891991 0.977199 0.911495 0.973266 0.927713 0.971701 0.986865 0.981119 0.964144 0.830202 0.770831 0.771456 0.750379 0.863738 0.942692 0.946990 0.932575 0.998694 0.971363 0.976828 0.907349 0.866464 0.831317 0.982126 0.818896 0.965453 0.991130 0.933929 0.915706 0.852692 0.729909 0.872118 0.958619 0.904915 0.958365 0.940585 0.909707 0.974968 0.951841 0.993406 0.882032 0.973174 0.924855 0.976673 0.995850 0.862675 0.916358 0.910111 0.907892 0.767111 0.921698 0.948855 0.974626 0.890302 0.998264 0.925458 0.908522 0.994321 0.947029 0.932532 0.986493
0.916083 0.887435 0.874606 0.850668 0.777658 0.956421 0.953200 0.934453 0.963732 0.983436 0.979762 0.972614 0.920754 0.975362 0.930786 0.963427 0.962271 0.922179 0.936106 0.968090 0.913961 0.000000 0.986439 0.971674 0.845401 0.864522 0.891425 0.840279 0.890885 0.992339 0.961846 0.964083 0.886172 0.901121 0.819871 0.883894 0.867559 0.862617 0.905511 0.973760 0.937289 0.913263 0.722582 0.858909 0.928640 0.941742 0.804828 0.889799 0.908644 0.903997 0.820623 0.865004 0.841898 0.949726 0.935683 0.799794 0.923144 0.963813 0.933673 0.971387 0.989110 0.976537 0.985916 0.995415 0.855252 0.904039 0.842780 0.813894 0.993739 0.962653 0.957001 0.931250 0.875237 0.898978 0.996899 0.894740 0.933113 0.899812 0.986889 0.922366 0.952106 0.971671 0.955990 0.979192 0.989879 0.917809 0.749288 0.878018 0.951787 0.992599 0.919335 0.954624 0.840242 0.815488 0.913185 0.914503 0.883619 0.978676 0.819774 0.935251 0.847159 0.761304 0.918517 0.694221 0.966661 0.872111 0.852243 0.896546 0.976849 0.853474 0.991522 0.890624 0.938824 0.913176 0.949833 0.932058
0.926412 0.855129 0.697119 0.758016 0.806725 0.867152 0.690556 0.813163 0.697689 0.862379 0.973189 0.995196 0.708026 0.941365 0.689948 0.730747 0.977159 0.989456 0.753954 0.865497 0.850271 0.986439 0.000000 0.501993 0.688010 0.755439 0.964166 0.930146 0.988692 0.989909 0.598468 0.774754 0.675376 0.809489 0.825650 0.983452 0.540441 0.801357 0.971552 0.961250 0.921212 0.890711 0.715894 0.817397 0.763815 0.747576 0.678442 0.690218 0.826618 0.658351 0.736949 0.689833 0.852790 0.869865 0.847152 0.858877 0.779681 0.812594 0.907711 0.986927 0.745428 0.912819 0.819491 0.920417 0.667868 0.791589 0.833311 0.789659 0.975032 0.981203 0.986110 0.822364 0.886686 0.879673 0.943047 0.975674 0.916590 0.881241 0.855503 0.919914 0.728509 0.669054 0.656693 0.690365 0.443141 0.582683 0.895062 0.684356 0.873258 0.709199 0.920139 0.905833 0.843279 0.960369 0.998210 0.809250 0.862486 0.839920 0.738848 0.728637 0.669466 0.981574 0.964407 0.982358 0.690722 0.766055 0.927136 0.969476 0.871756 0.914722 0.928793 0.853645 0.960494 0.785120 0.721638 0.952435
0.970107 0.978805 0.739150 0.635064 0.921464 0.832745 0.844039 0.814899 0.996965 0.846321 0.864053 0.949120 0.927993 0.939696 0.921330 0.713247 0.876310 0.899151 0.922660 0.944771 0.814771 0.971674 0.501993 0.000000 0.618828 0.669731 0.716199 0.876464 0.840898 0.866376 0.749018 0.761720 0.881713 0.847910 0.902607 0.838834 0.630054 0.732418 0.859759 0.869175 0.964438 0.832010 0.833706 0.905227 0.960296 0.908026 0.745109 0.755239 0.981949 0.887440 0.813743 0.850734 0.963043 0.982216 0.802984 0.817249 0.998962 0.947157 0.918005 0.970130 0.996159 0.978961 0.989587 0.907119 0.634114 0.622434 0.678606 0.630552 0.805822 0.907047 0.860107 0.709983 0.760382 0.799178 0.983960 0.837063 0.912775 0.889741 0.910498 0.871737 0.870964 0.805858 0.825550 0.885544 0.554316 0.495507 0.975597 0.767655 0.996143 0.782708 0.818840 0.822461 0.782944 0.777346 0.908755 0.926355 0.922483 0.870760 0.885533 0.909432 0.648009 0.932594 0.991400 0.936333 0.680887 0.710781 0.990552 0.891373 0.891586 0.929394 0.942087 0.926139 0.938976 0.929572 0.816626 0.719941
0.956361 0.899869 0.525003 0.535432 0.925035 0.860188 0.626174 0.709220 0.882044 0.853739 0.799483 0.772400 0.948035 0.987504 0.983049 0.949768 0.812943 0.768906 0.983766 0.855820 0.927446 0.845401 0.688010 0.618828 0.000000 0.571758 0.819356 0.805811 0.734223 0.756897 0.752125 0.963167 0.855585 0.878372 0.645133 0.849453 0.717840 0.857421 0.752038 0.809625 0.915786 0.986756 0.515208 0.706718 0.892349 0.878016 0.683525 0.604372 0.954311 0.818026 0.698858 0.674797 0.800519 0.871473 0.913047 0.717037 0.910780 0.889499 0.832322 0.911648 0.880234 0.951774 0.825559 0.704542 0.434271 0.550249 0.548323 0.602423 0.670454 0.793732 0.828794 0.808986 0.791230 0.776112 0.857021 0.903663 0.823531 0.878677 0.983319 0.963137 0.950539 0.912438 0.999676 0.931997 0.580620 0.538525 0.892399 0.979014 0.800591 0.670292 0.638386 0.684309 0.637442 0.569332 0.909479 0.804981 0.943565 0.934521 0.783349 0.864100 0.726487 0.867050 0.949120 0.911432 0.747978 0.790413 0.870518 0.879444 0.919758 0.887251 0.955693 0.987268 0.866832 0.871958 0.806438 0.804789
0.970541 0.971416 0.634487 0.558091 0.927125 0.756390 0.682470 0.805408 0.862420 0.793034 0.928709 0.745348 0.960659 0.816537 0.862598 0.992385 0.778998 0.749122 0.962726 0.773554 0.771290 0.864522 0.755439 0.669731 0.571758 0.000000 0.886840 0.698330 0.732700 0.704697 0.781495 0.950780 0.849748 0.898664 0.819966 0.829579 0.712183 0.936246 0.673651 0.834411 0.861070 0.875302 0.749438 0.910310 0.944938 0.979809 0.775253 0.825951 0.916583 0.981056 0.769699 0.815161 0.832111 0.879047 0.872120 0.774653 0.934391 0.823019 0.993697 0.904405 0.991265 0.871894 0.845036 0.678784 0.548248 0.668178 0.561647 0.644777 0.720123 0.660544 0.694177 0.749359 0.776034 0.825821 0.802095 0.879814 0.910549 0.816777 0.862939 0.890305 0.923004 0.963420 0.983042 0.975795 0.700571 0.562712 0.804378 0.985736 0.923796 0.753902 0.650082 0.590005 0.631023 0.589115 0.993246 0.999424 0.914644 0.859373 0.723436 0.799017 0.800654 0.840139 0.767113 0.953284 0.836482 0.799873 0.988802 0.820206 0.899669 0.912261 0.851206 0.928977 0.957341 0.864459 0.803551 0.859693
0.957389 0.957710 0.944820 0.926393 0.965352 0.816195 0.914996 0.953941 0.876891 0.769179 0.855234 0.929091 0.863389 0.927895 0.897901 0.869257 0.994172 0.955427 0.914910 0.949268 0.991158 0.891425 0.964166 0.716199 0.819356 0.886840 0.000000 0.932720 0.848510 0.934932 0.944470 0.896222 0.892074 0.917945 0.933257 0.863225 0.969120 0.886679 0.742802 0.932510 0.859591 0.914027 0.956543 0.983132 0.999406 0.982933 0.931856 0.926993 0.997011 0.972287 0.994370 0.877029 0.986073 0.990919 0.928895 0.909944 0.959621 0.874875 0.835734 0.859259 0.857880 0.988071 0.902983 0.888077 0.926293 0.848661 0.987001 0.938119 0.940832 0.984286 0.880886 0.834866 0.881083 0.908951 0.960463 0.775316 0.970727 0.975408 0.999266 0.790562 0.958577 0.922365 0.980176 0.966348 0.910580 0.743566 0.949052 0.923076 0.752813 0.929723 0.916529 0.913235 0.967953 0.838982 0.884464 0.838149 0.996151 0.886939 0.997043 0.945820 0.883898 0.866321 0.974551 0.948006 0.925401 0.934071 0.961029 0.979345 0.893634 0.994327 0.915025 0.876655 0.968875 0.993068 0.894167 0.793681
0.998967 0.902698 0.900309 0.771004 0.961630 0.849012 0.983808 0.946843 0.944986 0.774276 0.802549 0.908947 0.906437 0.980373 0.972446 0.938855 0.862006 0.929669 0.988163 0.818678 0.879114 0.840279 0.930146 0.876464 0.805811 0.698330 0.932720 0.000000 0.924333 0.867348 0.937768 0.925797 0.997277 0.982928 0.784622 0.926902 0.870007 0.902314 0.866513 0.898632 0.897895 0.959332 0.756837 0.906183 0.878715 0.964649 0.803521 0.853736 0.958968 0.967731 0.893270 0.863580 0.866033 0.894942 0.915138 0.764766 0.985529 0.967997 0.877350 0.901912 0.902215 0.943833 0.927071 0.876873 0.752742 0.821434 0.720218 0.813426 0.831760 0.964410 0.738753 0.727603 0.986052 0.981348 0.935044 0.973933 0.919871 0.919615 0.952875 0.987034 0.920785 0.973095 0.938172 0.974845 0.922933 0.692185 0.996848 0.888863 0.996200 0.838100 0.863428 0.863561 0.842101 0.835406 0.927779 0.990471 0.938231 0.864967 0.835748 0.991119 0.844185 0.816293 0.934282 0.965856 0.978872 0.885058 0.986754 0.873893 0.919518 0.963838 0.967653 0.939820 0.954061 0.906812 0.934061 0.980812
0.650928 0.590069 0.770817 0.673301 0.882719 0.903279 0.923356 0.943880 0.860928 0.624542 0.634974 0.522969 0.701531 0.616387 0.595401 0.721660 0.399779 0.421047 0.551239 0.604760 0.940983 0.890885 0.988692 0.840898 0.734223 0.732700 0.848510 0.924333 0.000000 0.349990 0.711887 0.742526 0.612549 0.645664 0.910058 0.759994 0.974236 0.992006 0.684637 0.895985 0.884927 0.904302 0.926268 0.658539 0.631550 0.556223 0.732012 0.776959 0.685779 0.724466 0.735486 0.927327 0.786367 0.720800 0.925896 0.885875 0.514620 0.586669 0.936221 0.881598 0.700472 0.774169 0.422730 0.399785 0.715392 0.711158 0.852837 0.905115 0.904598 0.505758 0.932994 0.973948 0.527479 0.557844 0.915825 0.808946 0.941783 0.943757 0.709027 0.726298 0.482983 0.617781 0.669424 0.666174 0.984851 0.953337 0.956057 0.766490 0.823895 0.823280 0.625801 0.616369 0.598833 0.587140 0.945364 0.931946 0.970023 0.839131 0.972393 0.951062 0.977368 0.893538 0.685371 0.834576 0.839367 0.765034 0.881395 0.703183 0.903455 0.729901 0.817899 0.759380 0.868177 0.745076 0.929188 0.839455
0.673333 0.642666 0.707608 0.638792 0.752557 0.911545 0.894267 0.874601 0.835075 0.720500 0.639761 0.501015 0.694948 0.520650 0.537188 0.657633 0.363668 0.345760 0.594369 0.577067 0.931372 0.992339 0.989909 0.866376 0.756897 0.704697 0.934932 0.867348 0.349990 0.000000 0.708475 0.691109 0.617740 0.701996 0.924483 0.849160 0.997224 0.991370 0.771733 0.927586 0.884979 0.936378 0.944112 0.659843 0.639523 0.570271 0.803840 0.773357 0.677772 0.713477 0.777127 0.960024 0.829195 0.712992 0.909895 0.851254 0.491146 0.566338 0.989464 0.823608 0.708602 0.818970 0.390716 0.399885 0.691224 0.690116 0.769576 0.816733 0.881012 0.514684 0.957410 0.959293 0.527972 0.580637 0.972935 0.776095 0.984726 0.933967 0.611846 0.597287 0.432279 0.479928 0.539993 0.561437 0.947465 0.947700 0.864205 0.683513 0.816623 0.809258 0.574704 0.560761 0.518506 0.551612 0.867597 0.990913 0.994643 0.864784 0.958684 0.967364 0.935321 0.846377 0.730079 0.864566 0.801685 0.752486 0.877420 0.635691 0.909425 0.787752 0.852235 0.854972 0.938918 0.728350 0.966205 0.859077
0.873238 0.778522 0.913582 0.990810 0.757707 0.845602 0.881293 0.974381 0.901636 0.748337 0.817616 0.949080 0.786722 0.784418 0.668212 0.686363 0.770466 0.817547 0.694895 0.908312 0.935119 0.961846 0.598468 0.749018 0.752125 0.781495 0.944470 0.937768 0.711887 0.708475 0.000000 0.618964 0.575259 0.730587 0.830487 0.974626 0.661567 0.869822 0.951132 0.920363 0.981023 0.994052 0.676419 0.649557 0.516320 0.556094 0.587527 0.558558 0.601902 0.692570 0.624036 0.794687 0.699249 0.618144 0.802341 0.879990 0.714254 0.810122 0.904075 0.812440 0.798818 0.975852 0.694819 0.836799 0.950299 0.970926 0.868291 0.885578 0.822798 0.813701 0.877573 0.868687 0.835571 0.826915 0.941408 0.892243 0.979653 0.869308 0.869374 0.808643 0.667533 0.658695 0.604539 0.607886 0.680493 0.664754 0.965835 0.618901 0.991114 0.956142 0.920802 0.918070 0.948406 0.897065 0.997601 0.905605 0.969424 0.886596 0.759882 0.948676 0.860111 0.951387 0.923201 0.974725 0.980451 0.912473 0.818215 0.863397 0.986940 0.872567 0.959028 0.767945 0.910280 0.844110 0.931985 0.901817
0.959750 0.916095 0.972898 0.939703 0.934664 0.998889 0.924619 0.958115 0.833450 0.924933 0.952043 0.828943 0.829151 0.667907 0.628709 0.639880 0.807150 0.767787 0.824006 0.840304 0.951774 0.964083 0.774754 0.761720 0.963167 0.950780 0.896222 0.925797 0.742526 0.691109 0.618964 0.000000 0.708217 0.773800 0.959379 0.999025 0.923650 0.771633 0.917014 0.790824 0.962164 0.791703 0.804780 0.742259 0.669938 0.709158 0.676784 0.691006 0.858489 0.871149 0.860030 0.919163 0.922653 0.861348 0.830971 0.905594 0.807867 0.857713 0.813424 0.880022 0.940170 0.963426 0.752296 0.754770 0.964520 0.993021 0.909994 0.874012 0.934082 0.805440 0.973415 0.728021 0.901850 0.816549 0.847613 0.863602 0.993497 0.914367 0.748055 0.640089 0.730145 0.683066 0.641726 0.676360 0.836084 0.756182 0.826365 0.689016 0.823918 0.996714 0.831871 0.830085 0.774293 0.926624 0.940127 0.935300 0.997867 0.735653 0.846693 0.975697 0.826728 0.896184 0.861675 0.935728 0.917410 0.981136 0.884454 0.925413 0.894173 0.897000 0.898243 0.703236 0.937809 0.847868 0.977409 0.918198
0.659625 0.518623 0.752671 0.846355 0.811568 0.931359 0.658977 0.730785 0.898321 0.701961 0.749302 0.693625 0.646930 0.681744 0.637458 0.737905 0.602197 0.604348 0.501117 0.580810 0.891804 0.886172 0.675376 0.881713 0.855585 0.849748 0.892074 0.997277 0.612549 0.617740 0.575259 0.708217 0.000000 0.548102 0.808542 0.909484 0.797784 0.944459 0.956623 0.945323 0.952249 0.803303 0.657811 0.500009 0.671341 0.612914 0.581131 0.550912 0.755434 0.694856 0.659198 0.661120 0.764440 0.838765 0.836910 0.960229 0.533458 0.531489 0.692320 0.896076 0.528590 0.718746 0.512864 0.585573 0.836403 0.907458 0.766370 0.750878 0.996333 0.811346 0.907859 0.850764 0.862809 0.879513 0.866037 0.957967 0.772820 0.823548 0.774187 0.741221 0.467342 0.547267 0.628712 0.586829 0.658041 0.731059 0.947686 0.809215 0.938578 0.815100 0.944066 0.926681 0.962153 0.928672 0.822014 0.816797 0.900355 0.882386 0.668666 0.737556 0.720242 0.973595 0.802015 0.802882 0.796372 0.961568 0.796113 0.883708 0.966398 0.777791 0.801537 0.843698 0.905072 0.849335 0.677413 0.938869
0.599985 0.589715 0.767502 0.756719 0.898931 0.869533 0.688977 0.560840 0.895201 0.768445 0.590519 0.603646 0.705638 0.654483 0.845308 0.792944 0.673420 0.632007 0.555742 0.577710 0.918621 0.901121 0.809489 0.847910 0.878372 0.898664 0.917945 0.982928 0.645664 0.701996 0.730587 0.773800 0.548102 0.000000 0.788541 0.996227 0.825939 0.930264 0.994243 0.780075 0.891472 0.821408 0.732196 0.584986 0.871695 0.753144 0.634488 0.624324 0.961441 0.840340 0.705211 0.713854 0.941696 0.983898 0.948768 0.923080 0.684704 0.660245 0.695228 0.734010 0.607959 0.574338 0.596731 0.578953 0.838803 0.752042 0.647791 0.597768 0.913120 0.745001 0.922755 0.794196 0.782074 0.755637 0.952057 0.955636 0.744919 0.718685 0.765801 0.760619 0.542625 0.642189 0.840606 0.761142 0.743999 0.779847 0.844699 0.984900 0.990624 0.806988 0.963137 0.881268 0.975292 0.963714 0.884880 0.702880 0.807620 0.976524 0.637707 0.697933 0.675070 0.973530 0.676758 0.800330 0.741096 0.934407 0.988651 0.985734 0.873655 0.745348 0.807122 0.778300 0.906680 0.973501 0.678438 0.908292
0.895525 0.910937 0.654411 0.657607 0.977249 0.882412 0.709435 0.709495 0.904466 0.960831 0.993087 0.993696 0.878009 0.924704 0.987401 0.957656 0.953075 0.894703 0.881598 0.956273 0.859307 0.819871 0.825650 0.902607 0.645133 0.819966 0.933257 0.784622 0.910058 0.924483 0.830487 0.959379 0.808542 0.788541 0.000000 0.873092 0.700309 0.898740 0.844718 0.885208 0.976950 0.910992 0.639362 0.757077 0.911932 0.882448 0.741187 0.727911 0.950671 0.794500 0.744184 0.618307 0.849607 0.949154 0.829784 0.714152 0.966416 0.927903 0.789289 0.795802 0.825366 0.780090 0.980555 0.932616 0.676879 0.725368 0.679423 0.678071 0.868511 0.857561 0.830099 0.842317 0.854008 0.909680 0.994146 0.996661 0.778710 0.728047 0.925423 0.985200 0.945330 0.956136 0.979982 0.892071 0.763519 0.815990 0.850077 0.950463 0.867934 0.779691 0.756709 0.836290 0.716778 0.789661 0.831952 0.736000 0.923563 0.877513 0.675737 0.936521 0.915400 0.730937 0.915794 0.872958 0.794984 0.839240 0.867480 0.940454 0.853662 0.994647 0.984390 0.860419 0.879738 0.876815 0.889606 0.915787
0.905083 0.859400 0.853851 0.805205 0.875863 0.889173 0.969000 0.923478 0.999816 0.877725 0.939848 0.919871 0.923620 0.912849 0.826057 0.841810 0.907628 0.910709 0.901669 0.909325 0.954311 0.883894 0.983452 0.838834 0.849453 0.829579 0.863225 0.926902 0.759994 0.849160 0.974626 0.999025 0.909484 0.996227 0.873092 0.000000 0.784037 0.971921 0.898539 0.815006 0.953570 0.925943 0.995029 0.975990 0.980356 0.985215 0.908685 0.997888 0.982915 0.995767 0.939739 0.949303 0.950544 0.914941 0.826429 0.849076 0.952535 0.865555 0.928219 0.995094 0.952296 0.994562 0.847302 0.799752 0.839622 0.891845 0.934933 0.899947 0.876530 0.874524 0.770042 0.947457 0.929910 0.893626 0.809882 0.984742 0.932961 0.879760 0.887717 0.986456 0.911580 0.968380 0.917969 0.930415 0.941966 0.878845 0.985850 0.980101 0.875199 0.772651 0.861412 0.932906 0.809001 0.848632 0.840034 0.887643 0.913357 0.961220 0.941619 0.981711 0.953178 0.831729 0.952478 0.924900 0.924940 0.994751 0.916299 0.973731 0.968497 0.977476 0.897525 0.961884 0.963688 0.928256 0.959027 0.848560
0.946723 0.865056 0.782340 0.772460 0.805709 0.695947 0.819770 0.871812 0.834176 0.930648 0.946472 0.998690 0.832692 0.974218 0.888425 0.829171 0.978100 0.963084 0.790199 0.959574 0.867375 0.867559 0.540441 0.630054 0.717840 0.712183 0.969120 0.870007 0.974236 0.997224 0.661567 0.923650 0.797784 0.825939 0.700309 0.784037 0.000000 0.688362 0.968492 0.981198 0.963153 0.798030 0.686977 0.793531 0.723325 0.727471 0.717496 0.677845 0.750197 0.650762 0.630607 0.627003 0.725532 0.694018 0.784172 0.768640 0.892151 0.890472 0.991875 0.915184 0.852637 0.981854 0.911143 0.992502 0.724822 0.889102 0.792393 0.745819 0.818183 0.937738 0.731753 0.781854 0.863620 0.977359 0.931923 0.971637 0.955190 0.747803 0.925471 0.933143 0.876230 0.846587 0.820701 0.797959 0.696265 0.708516 0.990205 0.832528 0.989382 0.870443 0.822153 0.848154 0.713757 0.881947 0.947491 0.974231 0.906436 0.889665 0.664522 0.767634 0.801067 0.828994 0.869465 0.951227 0.811455 0.809890 0.753910 0.958711 0.914782 0.994393 0.967428 0.828899 0.948696 0.825427 0.683650 0.955060
0.784304 0.976613 0.987367 0.887839 0.910211 0.978083 0.900111 0.979918 0.941817 0.946798 0.841663 0.976548 0.901325 0.914821 0.959940 0.835080 0.919352 0.908451 0.993864 0.904235 0.939199 0.862617 0.801357 0.732418 0.857421 0.936246 0.886679 0.902314 0.992006 0.991370 0.869822 0.771633 0.944459 0.930264 0.898740 0.971921 0.688362 0.000000 0.963968 0.973298 0.933049 0.780771 0.705504 0.748340 0.714436 0.696815 0.722413 0.740599 0.824588 0.794786 0.734535 0.783660 0.786166 0.779027 0.941746 0.901504 0.873927 0.856177 0.829100 0.817206 0.871908 0.962685 0.947700 0.948307 0.887264 0.927082 0.814167 0.795900 0.818750 0.955726 0.898393 0.695168 0.899758 0.898761 0.952112 0.949731 0.965216 0.996094 0.838783 0.966680 0.982147 0.991516 0.879202 0.862431 0.978777 0.849576 0.990169 0.894730 0.826400 0.930053 0.959551 0.909296 0.881369 0.867102 0.833005 0.892551 0.925615 0.839298 0.835547 0.927255 0.831700 0.896935 0.869500 0.824021 0.913310 0.825652 0.849792 0.983880 0.889059 0.968415 0.996652 0.848538 0.966778 0.826413 0.842555 0.864790
