0.000000 0.545281 0.707708 0.569163 0.870116 0.875151 0.700197 0.601605 0.980765 0.801496 0.537158 0.653159 0.830567 0.928163 0.949894 0.898328 0.475970 0.452287 0.566411 0.549350 0.777775 0.925713 0.826158 0.698687 0.891344 0.786355 0.943143 0.879508 0.842669 0.885319 0.928870 0.908650 0.560503 0.562063 0.645245 0.947121 0.780416 0.855663 0.964429 0.905421 0.689629 0.770689 0.811980 0.790461 0.867955 0.679759 0.569400 0.649057 0.763455 0.807401 0.898018 0.934065 0.989450 0.910936 0.619931 0.603913 0.429078 0.538284 0.482643 0.639228 0.605806 0.685701 0.541514 0.513590 0.861826 0.785510 0.639289 0.731118 0.708735 0.671568 0.886827 0.956602 0.953946 0.944397 0.989199 0.949134 0.890128 0.785276 0.662107 0.985862 0.501898 0.506902 0.985008 0.696607 0.812905 0.766115 0.890830 0.843543 0.739176 0.555737 0.816393 0.939294 0.847128 0.985451 0.781707 0.848101 0.713630 0.888651 0.628025 0.697425 0.902229 0.946026 0.604509 0.692862 0.923919 0.671876 0.921625 0.835839 0.927979 0.983808 0.980321 0.750477 0.869294 0.969246 0.948415 0.964737
0.545281 0.000000 0.801369 0.632990 0.749133 0.844654 0.928275 0.745314 0.984646 0.985415 0.764228 0.718231 0.807012 0.735399 0.917907 0.880529 0.653427 0.666966 0.657657 0.666176 0.821484 0.892526 0.905535 0.908348 0.830367 0.723528 0.996231 0.860288 0.994042 0.976812 0.983550 0.961163 0.715372 0.798659 0.766497 0.921160 0.812889 0.846310 0.924184 0.953717 0.787261 0.780108 0.727358 0.662737 0.832013 0.691478 0.706104 0.668319 0.691461 0.680832 0.770509 0.806650 0.775992 0.844630 0.708110 0.844942 0.537990 0.504055 0.624691 0.671579 0.874552 0.844645 0.891945 0.797559 0.818412 0.830776 0.827609 0.783324 0.685731 0.585660 0.759279 0.811474 0.881658 0.979499 0.966786 0.913891 0.748863 0.669609 0.796556 0.948718 0.787541 0.800230 0.925781 0.894452 0.985065 0.886884 0.964848 0.821268 0.852970 0.695214 0.838540 0.904643 0.840886 0.888264 0.914911 0.891231 0.689751 0.908276 0.690524 0.698696 0.971814 0.770429 0.680907 0.689576 0.850563 0.711641 0.890323 0.762460 0.967934 0.856831 0.912420 0.753833 0.734189 0.895121 0.862758 0.963881
0.707708 0.801369 0.000000 0.475752 0.951931 0.826867 0.471617 0.876017 0.627345 0.962488 0.853930 0.867834 0.871697 0.912531 0.925589 0.758235 0.835939 0.725947 0.777194 0.828789 0.763609 0.950842 0.839034 0.998123 0.678486 0.685931 0.812971 0.839049 0.980101 0.824152 0.818567 0.988400 0.587259 0.840830 0.588632 0.964386 0.766410 0.840285 0.870993 0.988475 0.720607 0.727143 0.812375 0.762050 0.743501 0.715488 0.830380 0.860275 0.893122 0.796861 0.814261 0.827739 0.797657 0.690915 0.900540 0.741003 0.670829 0.791573 0.855096 0.918634 0.773623 0.902657 0.853412 0.919183 0.499108 0.996575 0.514429 0.808182 0.719172 0.738381 0.875992 0.860917 0.968762 0.906066 0.929379 0.870565 0.812122 0.829727 0.757652 0.962095 0.704099 0.722542 0.850571 0.735063 0.596254 0.636423 0.998651 0.998875 0.797055 0.784017 0.546620 0.600583 0.514905 0.586880 0.875203 0.687750 0.692806 0.874042 0.721706 0.670478 0.928143 0.851672 0.747627 0.778171 0.814747 0.763000 0.952165 0.757127 0.989846 0.946796 0.888099 0.755896 0.818184 0.978588 0.993672 0.944025
0.569163 0.632990 0.475752 0.000000 0.970815 0.870443 0.556881 0.697590 0.767250 0.920107 0.759142 0.925045 0.762721 0.911232 0.921268 0.890507 0.804252 0.654867 0.613112 0.709806 0.803189 0.985253 0.885887 0.973184 0.703738 0.687302 0.929178 0.897889 0.995266 0.866708 0.825124 0.970704 0.594619 0.750507 0.564433 0.965209 0.891667 0.926187 0.952556 0.959841 0.686527 0.727566 0.714812 0.652836 0.724767 0.623248 0.679586 0.677615 0.814784 0.763685 0.846544 0.847776 0.796172 0.794025 0.838459 0.668324 0.648447 0.737704 0.810514 0.884031 0.715243 0.902718 0.810806 0.827529 0.571254 0.847767 0.573687 0.727140 0.770222 0.680074 0.767875 0.847202 0.923322 0.982702 0.975379 0.922162 0.733441 0.815768 0.787328 0.952290 0.667428 0.679785 0.937803 0.844926 0.685636 0.628730 0.998383 0.923899 0.889770 0.680133 0.510747 0.666770 0.488205 0.637144 0.894971 0.667022 0.642269 0.820488 0.598313 0.591753 0.991604 0.854568 0.678232 0.616972 0.763539 0.696537 0.934853 0.811845 0.956118 0.952874 0.905764 0.686875 0.849454 0.890183 0.941154 0.981981
0.870116 0.749133 0.951931 0.970815 0.000000 0.920713 0.829187 0.962428 0.738763 0.858360 0.945146 0.910676 0.921467 0.951060 0.814355 0.920795 0.958823 0.983331 0.937684 0.955080 0.806338 0.916425 0.616360 0.708486 0.908241 0.827152 0.839200 0.746245 0.875670 0.894291 0.933005 0.796519 0.941350 0.961026 0.917899 0.981235 0.892834 0.709246 0.969237 0.927363 0.800036 0.871162 0.654456 0.687797 0.947941 0.892743 0.781361 0.805816 0.843192 0.905090 0.919993 0.990758 0.881147 0.911564 0.973683 0.967720 0.818589 0.969094 0.810215 0.910454 0.858400 0.988112 0.920159 0.949061 0.793646 0.993980 0.975934 0.838836 0.799826 0.832274 0.974889 0.972901 0.866113 0.766906 0.947375 0.885241 0.975117 0.833779 0.943082 0.976142 0.932548 0.959668 0.715819 0.901841 0.703770 0.775320 0.808091 0.732502 0.926312 0.976151 0.894997 0.945206 0.951161 0.995331 0.954154 0.873360 0.960686 0.763031 0.990615 0.962239 0.877392 0.867996 0.818985 0.800403 0.885448 0.871079 0.988868 0.897250 0.840471 0.929352 0.999711 0.977100 0.890487 0.914661 0.918891 0.907696
0.875151 0.844654 0.826867 0.870443 0.920713 0.000000 0.923528 0.794660 0.955106 0.845946 0.887146 0.740272 0.857446 0.778528 0.988173 0.763346 0.984803 0.927898 0.939651 0.938736 0.972239 0.864022 0.859077 0.882071 0.942971 0.991019 0.977548 0.881251 0.989789 0.942299 0.956827 0.893665 0.985960 0.964679 0.865911 0.976366 0.892479 0.883711 0.951782 0.866459 0.941447 0.862585 0.978731 0.983563 0.882979 0.989645 0.901829 0.993697 0.917933 0.881767 0.876841 0.862826 0.928076 0.836182 0.899312 0.892284 0.984977 0.951610 0.935752 0.775527 0.853204 0.695582 0.978972 0.961158 0.915474 0.689737 0.964492 0.890578 0.875810 0.978504 0.887784 0.906154 0.995294 0.992742 0.947597 0.844563 0.925093 0.908217 0.956683 0.890850 0.945431 0.990648 0.719572 0.878289 0.791441 0.980498 0.915651 0.817904 0.999875 0.978695 0.949293 0.857249 0.986774 0.873352 0.998402 0.998292 0.935431 0.868969 0.964629 0.998723 0.864133 0.992968 0.985604 0.925385 0.911056 0.957711 0.976046 0.905533 0.934735 0.941444 0.830849 0.966564 0.965369 0.912032 0.763099 0.872993
0.700197 0.928275 0.471617 0.556881 0.829187 0.923528 0.000000 0.546516 0.594659 0.558823 0.722703 0.905007 0.879001 0.825230 0.831147 0.712949 0.706809 0.612609 0.742939 0.868962 0.959359 0.962383 0.869872 0.921973 0.959031 0.964869 0.942712 0.910191 0.804408 0.851190 0.842385 0.996978 0.539083 0.566502 0.672630 0.958443 0.961833 0.897120 0.981031 0.966880 0.753622 0.896445 0.922979 0.886732 0.597717 0.593362 0.867418 0.835440 0.874927 0.980467 0.974361 0.872052 0.927528 0.998593 0.841398 0.729091 0.827076 0.991012 0.899897 0.922110 0.455608 0.742536 0.548799 0.618365 0.729381 0.860720 0.505379 0.674340 0.989649 0.919253 0.999525 0.862605 0.970048 0.988189 0.880460 0.884605 0.939598 0.972548 0.790457 0.809666 0.545451 0.580936 0.869067 0.670957 0.587927 0.684815 0.874553 0.976446 0.920851 0.866153 0.541653 0.752529 0.584881 0.800837 0.788370 0.768308 0.743114 0.901692 0.569787 0.659826 0.997319 0.997554 0.783382 0.753015 0.934178 0.874178 0.837386 0.920586 0.867893 0.996290 0.824250 0.722288 0.850998 0.889046 0.788140 0.878580
0.601605 0.745314 0.876017 0.697590 0.962428 0.794660 0.546516 0.000000 0.830741 0.421243 0.462441 0.444087 0.801134 0.905664 0.722814 0.914957 0.564951 0.556275 0.716493 0.770769 0.950924 0.857822 0.816819 0.727929 0.692064 0.772801 0.772811 0.768667 0.653109 0.623464 0.947041 0.941413 0.699052 0.422100 0.827538 0.992668 0.835607 0.725878 0.968410 0.933163 0.785736 0.995473 0.935333 0.900883 0.698147 0.613541 0.764584 0.778583 0.795836 0.871932 0.763209 0.631072 0.710721 0.639802 0.715956 0.738440 0.851075 0.916872 0.774132 0.825553 0.380045 0.392143 0.476579 0.417180 0.891266 0.677957 0.757024 0.618731 0.867492 0.861154 0.983942 0.854614 0.973595 0.975899 0.905218 0.971915 0.902398 0.898995 0.822867 0.771637 0.582483 0.642721 0.905686 0.743311 0.984041 0.908375 0.767833 0.806307 0.988719 0.791616 0.829114 0.868867 0.879765 0.818798 0.826722 0.928944 0.813374 0.880542 0.586158 0.769193 0.788861 0.876367 0.744927 0.776623 0.912803 0.933748 0.775964 0.887225 0.833807 0.993909 0.884130 0.756383 0.869438 0.776897 0.816647 0.820415
0.980765 0.984646 0.627345 0.767250 0.738763 0.955106 0.594659 0.830741 0.000000 0.803345 0.934364 0.944047 0.829019 0.960458 0.943734 0.976615 0.931833 0.852608 0.953403 0.993461 0.963258 0.924559 0.744666 0.862141 0.975411 0.991238 0.904837 0.992864 0.923020 0.944824 0.907197 0.977282 0.821131 0.881256 0.837791 0.916990 0.975226 0.898395 0.881278 0.944152 0.866721 0.956677 0.881702 0.920761 0.916866 0.917144 0.949899 0.884540 0.938154 0.970154 0.959455 0.949786 0.846607 0.743099 0.999122 0.852301 0.981970 0.939784 0.902092 0.918430 0.744805 0.921220 0.903951 0.934139 0.647578 0.855799 0.794607 0.935125 0.994967 0.949978 0.967037 0.942697 0.903534 0.979937 0.974152 0.974645 0.840105 0.970939 0.835888 0.903577 0.855778 0.893560 0.817463 0.830664 0.711917 0.696455 0.991030 0.982486 0.909727 0.946913 0.679191 0.710069 0.744418 0.752604 0.973557 0.815999 0.775198 0.985962 0.851452 0.751105 0.862438 0.856302 0.966166 0.921448 0.830968 0.999281 0.953408 0.954988 0.883852 0.978666 0.871490 0.872601 0.834631 0.903736 0.859538 0.959919
0.801496 0.985415 0.962488 0.920107 0.858360 0.845946 0.558823 0.421243 0.803345 0.000000 0.626122 0.618589 0.996878 0.952365 0.650978 0.848473 0.663170 0.630811 0.844207 0.904616 0.943389 0.916168 0.915533 0.768418 0.555140 0.599196 0.803743 0.689483 0.659329 0.569223 0.992275 0.942396 0.813150 0.534471 0.910954 0.967335 0.759968 0.664941 0.962794 0.962104 0.911421 0.886851 0.873710 0.910831 0.709173 0.722516 0.854252 0.903726 0.832507 0.818577 0.791706 0.646765 0.670055 0.635340 0.810408 0.776827 0.972376 0.935843 0.838142 0.868961 0.438359 0.466068 0.474104 0.455462 0.805258 0.755356 0.734935 0.649531 0.729650 0.973631 0.910340 0.777081 0.909550 0.984397 0.886550 0.936826 0.909241 0.846940 0.855455 0.728382 0.605707 0.668980 0.937322 0.723633 0.912257 0.975255 0.759848 0.973037 0.901062 0.876224 0.888511 0.855804 0.998002 0.765151 0.798723 0.959786 0.962078 0.987239 0.705707 0.818843 0.853098 0.779440 0.827514 0.868748 0.910336 0.960879 0.696706 0.822204 0.872235 0.988444 0.937411 0.836252 0.959390 0.876883 0.740642 0.793144
0.537158 0.764228 0.853930 0.759142 0.945146 0.887146 0.722703 0.462441 0.934364 0.626122 0.000000 0.476624 0.828152 0.994996 0.671695 0.836490 0.530682 0.599461 0.777220 0.715276 0.959069 0.806762 0.645278 0.579611 0.859443 0.910718 0.832138 0.933381 0.785489 0.795575 0.818422 0.777695 0.743895 0.517305 0.780942 0.968932 0.907903 0.908545 0.995027 0.870378 0.723265 0.820729 0.961140 0.930220 0.862467 0.740715 0.754036 0.842818 0.849549 0.906576 0.724743 0.673813 0.678148 0.609972 0.695515 0.687413 0.769839 0.832302 0.651063 0.780144 0.524071 0.532264 0.547644 0.467898 0.860376 0.823542 0.767961 0.791260 0.902288 0.683634 0.887354 0.875150 0.844495 0.914594 0.912943 0.875466 0.937418 0.920826 0.758862 0.882243 0.625592 0.695828 0.907688 0.752216 0.919698 0.982846 0.822357 0.675237 0.912943 0.747978 0.875537 0.794177 0.909638 0.836406 0.785439 0.937352 0.827970 0.846509 0.727805 0.853956 0.831975 0.902343 0.615359 0.814479 0.944214 0.838888 0.737077 0.928229 0.850874 0.922752 0.971048 0.803438 0.895626 0.857513 0.939455 0.976035
0.653159 0.718231 0.867834 0.925045 0.910676 0.740272 0.905007 0.444087 0.944047 0.618589 0.476624 0.000000 0.670002 0.680475 0.819089 0.860003 0.642753 0.681847 0.712540 0.757436 0.932798 0.807484 0.657253 0.733936 0.664397 0.729622 0.840893 0.820504 0.714374 0.674620 0.725393 0.866842 0.935080 0.583852 0.975376 0.976724 0.879842 0.721899 0.953025 0.969249 0.865366 0.941867 0.915938 0.918950 0.895763 0.783961 0.736553 0.877095 0.899483 0.809863 0.754980 0.651520 0.692001 0.606995 0.687733 0.794683 0.880891 0.884219 0.781638 0.792037 0.543781 0.430246 0.602897 0.528365 0.715173 0.689315 0.995831 0.838799 0.951723 0.772488 0.902778 0.871034 0.972246 0.973431 0.874999 0.984080 0.885325 0.813339 0.821884 0.853853 0.722804 0.799162 0.810553 0.899116 0.772380 0.930089 0.757774 0.702994 0.988717 0.891101 0.903951 0.685805 0.884286 0.652563 0.876566 0.878618 0.915547 0.954420 0.809154 0.993123 0.731971 0.811695 0.784855 0.915374 0.843935 0.992325 0.831667 0.882515 0.892002 0.981812 0.997250 0.900796 0.902029 0.840963 0.875806 0.887570
0.830567 0.807012 0.871697 0.762721 0.921467 0.857446 0.879001 0.801134 0.829019 0.996878 0.828152 0.670002 0.000000 0.551237 0.756628 0.605409 0.941608 0.926186 0.737988 0.931756 0.907747 0.999582 0.954440 0.892567 0.931686 0.993575 0.882509 0.911443 0.883713 0.988040 0.952934 0.991307 0.983325 0.848096 0.919707 0.986814 0.943541 0.910156 0.970100 0.855631 0.818315 0.972335 0.899847 0.915853 0.992371 0.918882 0.890589 0.959522 0.891791 0.905093 0.934334 0.927080 0.916966 0.838627 0.846153 0.870941 0.983849 0.955956 0.850266 0.860950 0.743799 0.840404 0.906123 0.929367 0.879249 0.856606 0.996173 0.856169 0.821085 0.847011 0.891310 0.816836 0.864658 0.896494 0.910081 0.885400 0.735329 0.683130 0.882619 0.981394 0.936179 0.963445 0.924119 0.934246 0.983936 0.857303 0.976389 0.855204 0.969149 0.902703 0.828749 0.924891 0.781644 0.917465 0.884510 0.983606 0.874276 0.971313 0.831336 0.947142 0.970073 0.975478 0.855929 0.877205 0.899871 0.996372 0.871862 0.898719 0.937616 0.972398 0.863521 0.970520 0.907242 0.705242 0.949589 0.981992
0.928163 0.735399 0.912531 0.911232 0.951060 0.778528 0.825230 0.905664 0.960458 0.952365 0.994996 0.680475 0.551237 0.000000 0.669085 0.537262 0.951194 0.959967 0.683862 0.798220 0.948760 0.952424 0.966268 0.840493 0.928187 0.998875 0.772618 0.973512 0.840835 0.880873 0.991505 0.788394 0.872124 0.982503 0.996727 0.946301 0.815392 0.844029 0.969991 0.871642 0.976186 0.897681 0.863374 0.880093 0.952069 0.958933 0.833867 0.930765 0.967728 0.970827 0.993393 0.997503 0.829102 0.882303 0.898539 0.890948 0.978804 0.940876 0.881422 0.995898 0.985231 0.917561 0.984587 0.987032 0.994395 0.901093 0.818356 0.858655 0.930855 0.852331 0.805533 0.719461 0.841089 0.861616 0.893062 0.829026 0.646077 0.775122 0.892366 0.929297 0.978571 0.917134 0.933972 0.917740 0.878049 0.956599 0.892523 0.925540 0.912652 0.972332 0.948580 0.976533 0.998791 0.942313 0.996217 0.965782 0.950181 0.914983 0.979991 0.974532 0.839859 0.957172 0.927256 0.923459 0.989781 0.976582 0.912230 0.988881 0.824514 0.927816 0.970144 0.940654 0.886513 0.903088 0.915798 0.988961
0.949894 0.917907 0.925589 0.921268 0.814355 0.988173 0.831147 0.722814 0.943734 0.650978 0.671695 0.819089 0.756628 0.669085 0.000000 0.555210 0.805703 0.931760 0.825738 0.892788 0.961908 0.928111 0.535257 0.560433 0.830866 0.802676 0.580362 0.914695 0.976714 0.913056 0.757964 0.682172 0.975244 0.770962 0.965839 0.920138 0.910737 0.955171 0.953864 0.872042 0.945440 0.967669 0.867568 0.859609 0.753291 0.767836 0.981460 0.910539 0.820733 0.868613 0.864434 0.705842 0.527024 0.551550 0.893838 0.871851 0.999249 0.874123 0.759024 0.849567 0.788716 0.693351 0.836693 0.761876 0.627975 0.877374 0.827905 0.691816 0.867423 0.918724 0.737849 0.640346 0.761001 0.788056 0.925055 0.936387 0.870147 0.900456 0.989733 0.907247 0.886827 0.979203 0.752710 0.990528 0.757233 0.721355 0.802812 0.816927 0.995616 0.973674 0.994334 0.850068 0.977736 0.869820 0.966892 0.967821 0.879473 0.757907 0.903219 0.928043 0.781243 0.888232 0.822411 0.910783 0.821672 0.965008 0.786972 0.970149 0.945206 0.926904 0.878157 0.947847 0.969992 0.826440 0.856561 0.984062
0.898328 0.880529 0.758235 0.890507 0.920795 0.763346 0.712949 0.914957 0.976615 0.848473 0.836490 0.860003 0.605409 0.537262 0.555210 0.000000 0.851466 0.872307 0.925636 0.988620 0.929703 0.933776 0.793309 0.670548 0.941052 0.961012 0.813773 0.978067 0.939567 0.919500 0.935987 0.764877 0.887482 0.908853 0.801228 0.943272 0.925245 0.901317 0.998890 0.886623 0.937806 0.795728 0.922682 0.899780 0.763997 0.787799 0.967607 0.859288 0.772987 0.929294 0.981390 0.968111 0.760309 0.794663 0.958026 0.809879 0.890161 0.965120 0.754180 0.955348 0.926679 0.988899 0.829177 0.826675 0.973047 0.900122 0.730792 0.800766 0.988963 0.968295 0.812095 0.799899 0.742252 0.785117 0.938639 0.787671 0.847504 0.809329 0.989185 0.938924 0.765886 0.767816 0.994456 0.818845 0.895877 0.991113 0.871615 0.923995 0.878997 0.822963 0.875108 0.939854 0.869637 0.915668 0.943846 0.845766 0.858377 0.832413 0.865318 0.835619 0.955601 0.983750 0.862093 0.864593 0.938183 0.856058 0.824238 0.957767 0.904170 0.984271 0.926330 0.873506 0.867073 0.911567 0.849951 0.982549
0.475970 0.653427 0.835939 0.804252 0.958823 0.984803 0.706809 0.564951 0.931833 0.663170 0.530682 0.642753 0.941608 0.951194 0.805703 0.851466 0.000000 0.482280 0.746132 0.630346 0.941468 0.935708 0.850284 0.732647 0.892184 0.988886 0.887358 0.935311 0.754074 0.766147 0.912180 0.916349 0.682798 0.615962 0.737897 0.951258 0.810754 0.960715 0.897085 0.987182 0.861389 0.896888 0.994654 0.926225 0.885824 0.810676 0.750291 0.779812 0.827153 0.958565 0.983169 0.942487 0.881181 0.807661 0.591596 0.698852 0.592014 0.629231 0.523530 0.641486 0.557366 0.590911 0.524663 0.449117 0.954651 0.734479 0.705143 0.735941 0.869084 0.731846 0.979145 0.807066 0.996627 0.983733 0.904689 0.915851 0.973577 0.917000 0.754527 0.935560 0.526232 0.554830 0.978264 0.624053 0.836464 0.851636 0.858789 0.968566 0.781203 0.639110 0.935217 0.824810 0.986441 0.873025 0.810499 0.865869 0.775864 0.948666 0.692729 0.790988 0.924319 0.940716 0.642727 0.765409 0.982378 0.775566 0.839182 0.897232 0.977113 0.956839 0.992188 0.836400 0.895374 0.960990 0.979635 0.938800
0.452287 0.666966 0.725947 0.654867 0.983331 0.927898 0.612609 0.556275 0.852608 0.630811 0.599461 0.681847 0.926186 0.959967 0.931760 0.872307 0.482280 0.000000 0.663484 0.620260 0.844383 0.943697 0.943102 0.750191 0.994740 0.947488 0.950855 0.960410 0.654018 0.651870 0.889403 0.991079 0.597196 0.542329 0.717479 0.830606 0.828253 0.971207 0.951365 0.909779 0.740609 0.847638 0.887395 0.873788 0.813619 0.725968 0.560247 0.679565 0.725865 0.899405 0.931201 0.990257 0.998434 0.884889 0.575156 0.574944 0.502150 0.641132 0.543149 0.672837 0.531954 0.620228 0.446046 0.444756 0.863662 0.769217 0.632847 0.663078 0.933959 0.740352 0.998802 0.859700 0.991548 0.909592 0.942829 0.950812 0.952668 0.945339 0.684551 0.947310 0.372429 0.420771 0.845969 0.493567 0.708827 0.714717 0.913022 0.952305 0.745019 0.567333 0.924241 0.826730 0.978090 0.863323 0.778684 0.827764 0.840847 0.950873 0.682904 0.746823 0.945734 0.889943 0.730514 0.775292 0.910241 0.710697 0.841021 0.990572 0.871330 0.948883 0.980242 0.803239 0.844952 0.967324 0.946794 0.837840
0.566411 0.657657 0.777194 0.613112 0.937684 0.939651 0.742939 0.716493 0.953403 0.844207 0.777220 0.712540 0.737988 0.683862 0.825738 0.925636 0.746132 0.663484 0.000000 0.596241 0.918163 0.868963 0.839372 0.885488 0.980679 0.930427 0.862877 0.989656 0.800161 0.849330 0.882802 0.724377 0.720801 0.722224 0.696183 0.897390 0.930157 0.875478 0.877385 0.796906 0.783495 0.858544 0.962778 0.905529 0.857573 0.761663 0.752759 0.765362 0.854054 0.865833 0.982235 0.945377 0.845268 0.915446 0.680274 0.728534 0.734444 0.787770 0.886733 0.907295 0.686119 0.837013 0.604598 0.665181 0.783357 0.923528 0.872439 0.979770 0.813726 0.792091 0.935793 0.966119 0.803276 0.821256 0.983689 0.976637 0.844756 0.822029 0.795361 0.971738 0.674984 0.639374 0.823385 0.839449 0.677803 0.706166 0.983775 0.925814 0.952040 0.735209 0.787710 0.923050 0.788981 0.949442 0.810090 0.999794 0.866973 0.886815 0.714306 0.667134 0.982669 0.898740 0.744400 0.848580 0.869939 0.690990 0.852400 0.893046 0.949870 0.921296 0.956653 0.742078 0.849861 0.955311 0.964501 0.722413
0.549350 0.666176 0.828789 0.709806 0.955080 0.938736 0.868962 0.770769 0.993461 0.904616 0.715276 0.757436 0.931756 0.798220 0.892788 0.988620 0.630346 0.620260 0.596241 0.000000 0.863971 0.847978 0.985428 0.954984 0.964237 0.905940 0.998457 0.855257 0.819946 0.896322 0.856110 0.898650 0.762029 0.797075 0.707252 0.975229 0.843188 0.919017 0.976135 0.931991 0.833913 0.854331 0.906409 0.901638 0.892683 0.766716 0.677827 0.683450 0.752762 0.696540 0.817593 0.777128 0.793576 0.979119 0.761496 0.710223 0.639629 0.627902 0.628135 0.639078 0.805735 0.829892 0.712909 0.656018 0.876288 0.887963 0.803605 0.866477 0.822722 0.755606 0.875815 0.924634 0.853606 0.885664 0.983817 0.980774 0.900616 0.985668 0.736178 0.985707 0.690206 0.655191 0.788723 0.740017 0.805872 0.769494 0.949477 0.965806 0.834973 0.595492 0.861444 0.991626 0.903997 0.974081 0.932707 0.930694 0.836211 0.836232 0.726251 0.744758 0.834454 0.950484 0.691332 0.786672 0.915354 0.780890 0.912175 0.901632 0.931796 0.965849 0.911916 0.753039 0.815391 0.969451 0.945682 0.877423
0.777775 0.821484 0.763609 0.803189 0.806338 0.972239 0.959359 0.950924 0.963258 0.943389 0.959069 0.932798 0.907747 0.948760 0.961908 0.929703 0.941468 0.844383 0.918163 0.863971 0.000000 0.906765 0.827537 0.754119 0.769301 0.736706 0.948452 0.793943 0.881604 0.792664 0.969708 0.827724 0.793157 0.957883 0.854912 0.964029 0.736336 0.789721 0.809685 0.932369 0.910798 0.982352 0.690404 0.744540 0.979459 0.931288 0.766531 0.867768 0.957928 0.865316 0.770457 0.820816 0.961834 0.926217 0.979032 0.971486 0.641188 0.749487 0.688065 0.847323 0.990955 0.940580 0.938946 0.934284 0.859721 0.891645 0.754772 0.820872 0.786436 0.759089 0.996031 0.903323 0.965511 0.734792 0.939653 0.916772 0.950945 0.959752 0.834281 0.958558 0.916016 0.927837 0.842841 0.944845 0.976110 0.976909 0.989269 0.819344 0.827844 0.775307 0.895492 0.905910 0.936060 0.854824 0.874764 0.710947 0.773757 0.890246 0.986065 0.926034 0.917414 0.950231 0.774995 0.817775 0.992813 0.928371 0.871625 0.856626 0.982684 0.847876 0.959672 0.852040 0.904410 0.928691 0.872689 0.759590
0.925713 0.892526 0.950842 0.985253 0.916425 0.864022 0.962383 0.857822 0.924559 0.916168 0.806762 0.807484 0.999582 0.952424 0.928111 0.933776 0.935708 0.943697 0.868963 0.847978 0.906765 0.000000 0.983111 0.994118 0.986028 0.893322 0.983189 0.728416 0.846989 0.859480 0.948587 0.813705 0.981590 0.891931 0.862767 0.972614 0.854615 0.817035 0.968636 0.930849 0.973438 0.779351 0.988625 0.949880 0.925695 0.970671 0.994691 0.923272 0.952763 0.861357 0.788322 0.793505 0.826550 0.798072 0.889623 0.933430 0.985829 0.902081 0.929943 0.875488 0.868548 0.920060 0.800453 0.830603 0.910170 0.915690 0.940269 0.982342 0.911611 0.961195 0.876011 0.889720 0.858739 0.876217 0.935183 0.904739 0.969041 0.900377 0.944391 0.906271 0.949738 0.889941 0.805125 0.932905 0.945625 0.999058 0.965342 0.962542 0.919585 0.945807 0.939506 0.906264 0.927966 0.839989 0.868336 0.945499 0.998927 0.923414 0.940756 0.912030 0.945112 0.798910 0.988541 0.982436 0.780855 0.919179 0.756080 0.852126 0.949744 0.985516 0.844288 0.924496 0.919367 0.899471 0.902098 0.884486
0.826158 0.905535 0.839034 0.885887 0.616360 0.859077 0.869872 0.816819 0.744666 0.915533 0.645278 0.657253 0.954440 0.966268 0.535257 0.793309 0.850284 0.943102 0.839372 0.985428 0.827537 0.983111 0.000000 0.411671 0.854944 0.939560 0.742503 0.904479 0.974997 0.968895 0.581248 0.529537 0.916164 0.884717 0.866546 0.877047 0.914946 0.962111 0.863061 0.831934 0.916290 0.950828 0.777336 0.780807 0.986304 0.902149 0.850047 0.889525 0.883680 0.874751 0.870978 0.750808 0.606314 0.554375 0.907329 0.913965 0.895085 0.923583 0.646575 0.772703 0.950101 0.749412 0.938559 0.835886 0.531176 0.937640 0.995040 0.907452 0.894215 0.837089 0.784559 0.810403 0.648753 0.688014 0.883192 0.954829 0.945893 0.932434 0.973029 0.945790 0.944212 0.917068 0.602291 0.878443 0.477550 0.605130 0.703640 0.515702 0.923243 0.993475 0.811776 0.682154 0.848680 0.795631 0.979236 0.981647 0.923261 0.712316 0.970954 0.880407 0.703597 0.920915 0.741173 0.846783 0.806998 0.990684 0.953830 0.952632 0.983722 0.927889 0.970279 0.983353 0.990387 0.888274 0.999023 0.835850
0.698687 0.908348 0.998123 0.973184 0.708486 0.882071 0.921973 0.727929 0.862141 0.768418 0.579611 0.733936 0.892567 0.840493 0.560433 0.670548 0.732647 0.750191 0.885488 0.954984 0.754119 0.994118 0.411671 0.000000 0.860187 0.952613 0.692747 0.956501 0.986109 0.966017 0.679207 0.526390 0.968441 0.738837 0.982131 0.965346 0.816078 0.947814 0.877129 0.762125 0.852585 0.935789 0.844777 0.851930 0.895121 0.823204 0.776954 0.802979 0.784757 0.955061 0.904625 0.777173 0.685254 0.592403 0.872091 0.827036 0.789614 0.842838 0.558923 0.787121 0.840047 0.763725 0.769847 0.669391 0.650193 0.965375 0.814249 0.829524 0.869515 0.779399 0.831353 0.856173 0.588357 0.634132 0.975482 0.916771 0.981861 0.959036 0.925093 0.863926 0.756627 0.881506 0.783937 0.879156 0.691704 0.699641 0.753907 0.606171 0.852172 0.878195 0.971562 0.765261 0.957665 0.852713 0.984528 0.890148 0.870889 0.793083 0.827411 0.946874 0.797713 0.995648 0.674364 0.787323 0.863525 0.908319 0.865460 0.930777 0.939068 0.924865 0.948141 0.859354 0.989614 0.946541 0.925430 0.892300
0.891344 0.830367 0.678486 0.703738 0.908241 0.942971 0.959031 0.692064 0.975411 0.555140 0.859443 0.664397 0.931686 0.928187 0.830866 0.941052 0.892184 0.994740 0.980679 0.964237 0.769301 0.986028 0.854944 0.860187 0.000000 0.425131 0.787213 0.643547 0.702704 0.651538 0.803215 0.910191 0.839867 0.782902 0.829336 0.852648 0.718187 0.664149 0.881678 0.900859 0.931164 0.726657 0.694440 0.665048 0.999514 0.959483 0.871471 0.919278 0.948632 0.698038 0.690813 0.615619 0.647007 0.622167 0.977175 0.915215 0.666290 0.799789 0.934832 0.963551 0.702768 0.596038 0.738496 0.670837 0.559429 0.915767 0.821501 0.994809 0.754124 0.816376 0.792625 0.795864 0.934602 0.948788 0.869317 0.948719 0.812754 0.818295 0.859649 0.775555 0.950659 0.982160 0.856094 0.961704 0.811847 0.817069 0.797857 0.940457 0.795514 0.818835 0.826767 0.682924 0.769709 0.602873 0.993444 0.750229 0.841598 0.864044 0.955246 0.870420 0.914134 0.792428 0.976682 0.944695 0.786616 0.828876 0.848117 0.727149 0.918773 0.920334 0.952345 0.952105 0.947058 0.883134 0.718665 0.737852
0.786355 0.723528 0.685931 0.687302 0.827152 0.991019 0.964869 0.772801 0.991238 0.599196 0.910718 0.729622 0.993575 0.998875 0.802676 0.961012 0.988886 0.947488 0.930427 0.905940 0.736706 0.893322 0.939560 0.952613 0.425131 0.000000 0.810714 0.643696 0.745669 0.634072 0.796099 0.989652 0.845968 0.828192 0.841243 0.872266 0.647799 0.627320 0.812045 0.938969 0.874930 0.741474 0.673872 0.673002 0.911039 0.940658 0.876637 0.835773 0.933832 0.696626 0.711927 0.644211 0.722924 0.663345 0.891308 0.875490 0.672689 0.710442 0.885087 0.925950 0.785505 0.731209 0.767780 0.768625 0.583610 0.988424 0.838320 0.990653 0.700398 0.849012 0.797964 0.849569 0.953435 0.879533 0.931933 0.980935 0.795854 0.731602 0.861695 0.709445 0.977899 0.950476 0.914513 0.973735 0.869295 0.817034 0.848737 0.991081 0.696475 0.775917 0.834338 0.754502 0.785859 0.645989 0.947865 0.755787 0.850928 0.798439 0.984451 0.905549 0.911517 0.782179 0.852536 0.833062 0.848875 0.813885 0.770422 0.751635 0.913974 0.952825 0.982114 0.911891 0.897848 0.951766 0.718060 0.771322
0.943143 0.996231 0.812971 0.929178 0.839200 0.977548 0.942712 0.772811 0.904837 0.803743 0.832138 0.840893 0.882509 0.772618 0.580362 0.813773 0.887358 0.950855 0.862877 0.998457 0.948452 0.983189 0.742503 0.692747 0.787213 0.810714 0.000000 0.807311 0.892927 0.987567 0.851363 0.769277 0.991710 0.793869 0.976222 0.909827 0.924342 0.964355 0.996175 0.936490 0.948357 0.919234 0.852684 0.896231 0.782813 0.785173 0.983669 0.843372 0.825060 0.957419 0.948241 0.842068 0.715280 0.736591 0.947251 0.875729 0.980939 0.903705 0.876891 0.884215 0.915699 0.810548 0.963884 0.863174 0.726238 0.912280 0.993826 0.734689 0.939864 0.992967 0.948791 0.828858 0.910064 0.877804 0.928312 0.961913 0.899555 0.988054 0.970588 0.912704 0.956152 0.941836 0.781387 0.904932 0.801316 0.793099 0.869566 0.863319 0.913583 0.937522 0.916302 0.944643 0.998367 0.923944 0.889687 0.985440 0.871065 0.944269 0.879507 0.919485 0.875932 0.971094 0.898544 0.955245 0.753381 0.908819 0.921220 0.911674 0.855349 0.969372 0.908047 0.972892 0.945926 0.835661 0.751245 0.989073
0.879508 0.860288 0.839049 0.897889 0.746245 0.881251 0.910191 0.768667 0.992864 0.689483 0.933381 0.820504 0.911443 0.973512 0.914695 0.978067 0.935311 0.960410 0.989656 0.855257 0.793943 0.728416 0.904479 0.956501 0.643547 0.643696 0.807311 0.000000 0.854570 0.770283 0.960810 0.887212 0.949125 0.871596 0.960401 0.959482 0.716484 0.653206 0.987985 0.960976 0.887086 0.949323 0.902894 0.858203 0.805785 0.857892 0.983167 0.968152 0.871882 0.994911 0.937002 0.900264 0.862281 0.834786 0.973376 0.945334 0.771948 0.900072 0.957841 0.929929 0.816887 0.771813 0.851418 0.782560 0.830020 0.941828 0.969015 0.830134 0.666483 0.901728 0.905776 0.923465 0.888081 0.808463 0.918253 0.956903 0.941070 0.819229 0.878497 0.837916 0.989987 0.878570 0.890590 0.875337 0.950689 0.973019 0.989268 0.862049 0.906287 0.926101 0.962208 0.916304 0.863061 0.781196 0.969253 0.862168 0.841932 0.808355 0.918506 0.998238 0.903956 0.858022 0.828775 0.865361 0.821225 0.876159 0.891746 0.763997 0.905005 0.962340 0.907369 0.932355 0.961329 0.963511 0.755342 0.726388
0.842669 0.994042 0.980101 0.995266 0.875670 0.989789 0.804408 0.653109 0.923020 0.659329 0.785489 0.714374 0.883713 0.840835 0.976714 0.939567 0.754074 0.654018 0.800161 0.819946 0.881604 0.846989 0.974997 0.986109 0.702704 0.745669 0.892927 0.854570 0.000000 0.438706 0.982761 0.802817 0.877099 0.628083 0.912315 0.829474 0.834925 0.710995 0.917941 0.875262 0.949511 0.893955 0.816022 0.807691 0.943154 0.981834 0.837122 0.972778 0.962815 0.742193 0.678252 0.688821 0.838036 0.697235 0.865610 0.799296 0.999157 0.922231 0.986203 0.955507 0.623001 0.622254 0.564182 0.632558 0.953030 0.819479 0.983276 0.958732 0.724001 0.926491 0.840441 0.809635 0.946084 0.792406 0.885246 0.875537 0.987715 0.977290 0.789395 0.985527 0.706746 0.734364 0.821308 0.688464 0.861200 0.835197 0.945869 0.902425 0.972068 0.802442 0.806849 0.614515 0.746369 0.595803 0.808074 0.993581 0.850580 0.882513 0.944132 0.959215 0.961992 0.595903 0.941831 0.961885 0.841532 0.942025 0.810633 0.686015 0.959644 0.981441 0.875029 0.939423 0.910592 0.912754 0.885497 0.689210
0.885319 0.976812 0.824152 0.866708 0.894291 0.942299 0.851190 0.623464 0.944824 0.569223 0.795575 0.674620 0.988040 0.880873 0.913056 0.919500 0.766147 0.651870 0.849330 0.896322 0.792664 0.859480 0.968895 0.966017 0.651538 0.634072 0.987567 0.770283 0.438706 0.000000 0.918854 0.794199 0.842524 0.597294 0.923361 0.832769 0.790571 0.732509 0.959229 0.987974 0.999936 0.855818 0.830155 0.815108 0.923014 0.916782 0.838271 0.961747 0.858269 0.826731 0.794089 0.710100 0.832165 0.687924 0.792463 0.810384 0.966618 0.961814 0.947697 0.892852 0.665159 0.592080 0.572166 0.575981 0.783432 0.842069 0.947545 0.848267 0.672622 0.933571 0.876917 0.843482 0.902905 0.819074 0.979441 0.915170 0.929394 0.932470 0.868324 0.986937 0.743093 0.718062 0.808712 0.688575 0.918907 0.964264 0.980661 0.918153 0.941828 0.868182 0.760989 0.604660 0.705012 0.547952 0.860633 0.861723 0.868671 0.842300 0.940841 0.979482 0.959621 0.676591 0.867560 0.940364 0.896149 0.966830 0.737376 0.768079 0.929989 0.988646 0.973842 0.994727 0.928911 0.986847 0.851699 0.706481
0.928870 0.983550 0.818567 0.825124 0.933005 0.956827 0.842385 0.947041 0.907197 0.992275 0.818422 0.725393 0.952934 0.991505 0.757964 0.935987 0.912180 0.889403 0.882802 0.856110 0.969708 0.948587 0.581248 0.679207 0.803215 0.796099 0.851363 0.960810 0.982761 0.918854 0.000000 0.646847 0.725528 0.984400 0.847112 0.830122 0.981242 0.740424 0.999823 0.999296 0.872465 0.900002 0.997203 0.989662 0.897158 0.881563 0.936797 0.868913 0.850745 0.717794 0.749881 0.705358 0.719833 0.689374 0.988934 0.904130 0.881567 0.913932 0.953726 0.970788 0.991394 0.865500 0.962520 0.982432 0.705746 0.996900 0.838266 0.808607 0.903098 0.824134 0.701336 0.863838 0.810698 0.834537 0.849279 0.950802 0.971314 0.964152 0.893880 0.982798 0.879632 0.826459 0.765457 0.826521 0.591257 0.721265 0.856682 0.718225 0.959507 0.885521 0.853465 0.803744 0.822637 0.814198 0.896386 0.909919 0.984023 0.910572 0.875211 0.834350 0.865282 0.973350 0.861393 0.916213 0.887126 0.899513 0.925897 0.836870 0.969817 0.908352 0.888797 0.991996 0.971868 0.942750 0.878304 0.895159
0.908650 0.961163 0.988400 0.970704 0.796519 0.893665 0.996978 0.941413 0.977282 0.942396 0.777695 0.866842 0.991307 0.788394 0.682172 0.764877 0.916349 0.991079 0.724377 0.898650 0.827724 0.813705 0.529537 0.526390 0.910191 0.989652 0.769277 0.887212 0.802817 0.794199 0.646847 0.000000 0.893847 0.978119 0.938941 0.700787 0.790109 0.878035 0.911674 0.797633 0.880396 0.994973 0.921703 0.927308 0.952752 0.982994 0.968759 0.939040 0.979025 0.925915 0.987524 0.905445 0.724671 0.796629 0.979913 0.960412 0.946132 0.890329 0.700157 0.857180 0.940641 0.869439 0.989445 0.901664 0.798069 0.998659 0.853126 0.989317 0.837043 0.776153 0.781174 0.875001 0.715660 0.626454 0.863861 0.940754 0.915141 0.993108 0.999584 0.839348 0.914002 0.968299 0.691735 0.984151 0.671591 0.770733 0.819079 0.578062 0.805377 0.946207 0.970199 0.934529 0.990176 0.979734 0.955773 0.984636 0.866759 0.726482 0.954262 0.868861 0.927783 0.876989 0.775321 0.859597 0.949615 0.968361 0.899754 0.938940 0.891013 0.843504 0.834977 0.940666 0.932129 0.908289 0.955529 0.799795
0.560503 0.715372 0.587259 0.594619 0.941350 0.985960 0.539083 0.699052 0.821131 0.813150 0.743895 0.935080 0.983325 0.872124 0.975244 0.887482 0.682798 0.597196 0.720801 0.762029 0.793157 0.981590 0.916164 0.968441 0.839867 0.845968 0.991710 0.949125 0.877099 0.842524 0.725528 0.893847 0.000000 0.595889 0.712561 0.868660 0.875224 0.864721 0.985883 0.960771 0.743115 0.769619 0.850294 0.798858 0.738458 0.672896 0.769321 0.725074 0.839880 0.827658 0.898515 0.954238 0.959156 0.947493 0.777604 0.791630 0.581683 0.794863 0.733870 0.866323 0.631875 0.815961 0.680965 0.725326 0.738371 0.800514 0.532621 0.592241 0.884721 0.870670 0.925668 0.935785 0.908485 0.927416 0.959635 0.983232 0.858200 0.925040 0.743545 0.898209 0.599404 0.601865 0.921115 0.749436 0.655038 0.682741 0.906502 0.987462 0.927987 0.751887 0.669855 0.862307 0.723830 0.848487 0.851635 0.747330 0.657783 0.899689 0.691606 0.716219 0.949649 0.978783 0.826196 0.749737 0.904914 0.752486 0.876787 0.795322 0.845058 0.868902 0.940663 0.744502 0.802416 0.935895 0.978102 0.976362
0.562063 0.798659 0.840830 0.750507 0.961026 0.964679 0.566502 0.422100 0.881256 0.534471 0.517305 0.583852 0.848096 0.982503 0.770962 0.908853 0.615962 0.542329 0.722224 0.797075 0.957883 0.891931 0.884717 0.738837 0.782902 0.828192 0.793869 0.871596 0.628083 0.597294 0.984400 0.978119 0.595889 0.000000 0.801851 0.926810 0.964819 0.907925 0.986061 0.951616 0.737384 0.913083 0.923486 0.937607 0.740194 0.669207 0.784109 0.766100 0.787323 0.898197 0.814936 0.702852 0.737905 0.688709 0.670236 0.755095 0.780030 0.930466 0.768418 0.873737 0.448148 0.515250 0.454572 0.448373 0.932942 0.787240 0.723050 0.655758 0.987611 0.839175 0.913630 0.831326 0.993385 0.966688 0.997183 0.974273 0.990040 0.898788 0.808488 0.844609 0.562945 0.591747 0.976191 0.688794 0.844006 0.856781 0.947076 0.952557 0.987415 0.772764 0.854133 0.842001 0.912984 0.803628 0.795881 0.949115 0.889261 0.939879 0.647631 0.726143 0.911155 0.830065 0.790312 0.820674 0.953219 0.845161 0.757653 0.933111 0.845233 0.916456 0.836160 0.733453 0.842774 0.799271 0.797192 0.761336
0.645245 0.766497 0.588632 0.564433 0.917899 0.865911 0.672630 0.827538 0.837791 0.910954 0.780942 0.975376 0.919707 0.996727 0.965839 0.801228 0.737897 0.717479 0.696183 0.707252 0.854912 0.862767 0.866546 0.982131 0.829336 0.841243 0.976222 0.960401 0.912315 0.923361 0.847112 0.938941 0.712561 0.801851 0.000000 0.979887 0.849426 0.910052 0.949038 0.969165 0.719344 0.671198 0.836841 0.847806 0.733981 0.706603 0.862592 0.763270 0.778867 0.743943 0.798502 0.791645 0.815763 0.810579 0.879106 0.703604 0.690035 0.730619 0.786896 0.888311 0.810966 0.984928 0.784333 0.771777 0.692766 0.985418 0.687599 0.862595 0.680274 0.679075 0.769705 0.824810 0.945516 0.966039 0.978725 0.862607 0.933368 0.947131 0.859888 0.943544 0.712732 0.706237 0.850297 0.744852 0.676513 0.758888 0.978968 0.982341 0.976737 0.712523 0.676056 0.701609 0.638200 0.761812 0.831000 0.823277 0.761394 0.820527 0.678138 0.612833 0.966462 0.868224 0.711555 0.751335 0.814945 0.697082 0.950805 0.669363 0.889690 0.924683 0.870101 0.861216 0.966922 0.944443 0.904205 0.977584
0.947121 0.921160 0.964386 0.965209 0.981235 0.976366 0.958443 0.992668 0.916990 0.967335 0.968932 0.976724 0.986814 0.946301 0.920138 0.943272 0.951258 0.830606 0.897390 0.975229 0.964029 0.972614 0.877047 0.965346 0.852648 0.872266 0.909827 0.959482 0.829474 0.832769 0.830122 0.700787 0.868660 0.926810 0.979887 0.000000 0.956637 0.990731 0.959659 0.995933 0.998737 0.984394 0.859402 0.921984 0.859706 0.857979 0.854055 0.782588 0.825069 0.902003 0.971861 0.986574 0.887168 0.921229 0.884612 0.914344 0.892574 0.997416 0.966782 0.926951 0.977920 0.928081 0.916667 0.997796 0.884595 0.973372 0.959479 0.881294 0.869218 0.895890 0.964851 0.993483 0.953214 0.979173 0.986844 0.991720 0.936774 0.874287 0.841152 0.923087 0.913363 0.911665 0.811236 0.864189 0.831318 0.898502 0.998823 0.807423 0.949558 0.930313 0.942043 0.951227 0.982816 0.975455 0.852156 0.962305 0.954465 0.863988 0.912342 0.932688 0.986895 0.885820 0.912371 0.921440 0.888408 0.970262 0.906470 0.909986 0.997480 0.969959 0.924359 0.951348 0.945430 0.966522 0.956544 0.926748
0.780416 0.812889 0.766410 0.891667 0.892834 0.892479 0.961833 0.835607 0.975226 0.759968 0.907903 0.879842 0.943541 0.815392 0.910737 0.925245 0.810754 0.828253 0.930157 0.843188 0.736336 0.854615 0.914946 0.816078 0.718187 0.647799 0.924342 0.716484 0.834925 0.790571 0.981242 0.790109 0.875224 0.964819 0.849426 0.956637 0.000000 0.629870 0.871303 0.805852 0.807625 0.792608 0.944785 0.908971 0.830921 0.873685 0.896001 0.965036 0.982129 0.887720 0.818658 0.758915 0.862363 0.856268 0.845032 0.834891 0.653040 0.632832 0.717775 0.813869 0.898634 0.878082 0.946739 0.993120 0.782956 0.971632 0.830883 0.972651 0.688974 0.791449 0.994212 0.963719 0.967795 0.860085 0.835799 0.828862 0.954024 0.863494 0.737443 0.865880 0.864503 0.902517 0.925025 0.852057 0.932974 0.919076 0.945291 0.871710 0.766550 0.718271 0.956748 0.995058 0.953611 0.856882 0.994865 0.840190 0.807425 0.913909 0.976159 0.951916 0.938437 0.840462 0.762736 0.919327 0.789749 0.768113 0.847376 0.737909 0.968964 0.843860 0.865700 0.990053 0.990708 0.925053 0.745849 0.820709
0.855663 0.846310 0.840285 0.926187 0.709246 0.883711 0.897120 0.725878 0.898395 0.664941 0.908545 0.721899 0.910156 0.844029 0.955171 0.901317 0.960715 0.971207 0.875478 0.919017 0.789721 0.817035 0.962111 0.947814 0.664149 0.627320 0.964355 0.653206 0.710995 0.732509 0.740424 0.878035 0.864721 0.907925 0.910052 0.990731 0.629870 0.000000 0.946979 0.878147 0.839273 0.734552 0.824761 0.834788 0.952980 0.992464 0.944315 0.877125 0.880408 0.698462 0.634792 0.637831 0.827917 0.738052 0.947076 0.958810 0.680162 0.762225 0.782780 0.851105 0.741340 0.737033 0.794431 0.807007 0.877695 0.893874 0.837064 0.923026 0.710083 0.935708 0.844193 0.856105 0.969629 0.909779 0.787363 0.995690 0.875492 0.899226 0.944887 0.902665 0.961759 0.965791 0.952541 0.988904 0.975385 0.986173 0.918253 0.984659 0.812396 0.893679 0.925674 0.829793 0.808458 0.728032 0.987896 0.896706 0.763490 0.862257 0.999913 0.926645 0.955804 0.828082 0.901007 0.803193 0.817639 0.768717 0.772167 0.658298 0.974860 0.823021 0.988423 0.939943 0.980167 0.981251 0.766861 0.778431
