0.000000 0.387762 0.826122 0.865278 0.632297 0.858070 0.886496 0.702818 0.977223 0.681183 0.432010 0.346713 0.454801 0.552880 0.620560 0.718785 0.432847 0.420537 0.361541 0.373052 0.966124 0.975951 0.593416 0.998036 0.700123 0.530092 0.924563 0.978966 0.437265 0.527622 0.958890 0.912127 0.636135 0.779025 0.872117 0.968448 0.743201 0.883383 0.998116 0.987327 0.821289 0.853387 0.863640 0.949894 0.991687 0.892256 0.787093 0.869631 0.601063 0.754576 0.881876 0.959679 0.996008 0.652016 0.744939 0.968894 0.323802 0.302867 0.498299 0.519802 0.714480 0.661338 0.442717 0.375651 0.739282 0.714568 0.826781 0.753170 0.357196 0.431672 0.930083 0.986366 0.963066 0.914262 0.854884 0.888617 0.942001 0.854968 0.818329 0.724349 0.430046 0.435995 0.637322 0.644095 0.539568 0.920035 0.868486 0.811596 0.642434 0.579429 0.827350 0.792127 0.743905 0.623762 0.887776 0.996439 0.991358 0.933342 0.828183 0.835050 0.927952 0.792327 0.901846 0.825750 0.971159 0.873136 0.952719 0.667122 0.914579 0.925397 0.984579 0.844343 0.747316 0.939966 0.941785 0.893459
0.387762 0.000000 0.604470 0.894184 0.693700 0.722296 0.840410 0.710106 0.849319 0.743042 0.689204 0.376526 0.720930 0.482865 0.672564 0.640612 0.354933 0.308584 0.425766 0.381294 0.867042 0.963526 0.725216 0.922978 0.872224 0.580657 0.863784 0.808748 0.395942 0.438190 0.905952 0.915477 0.813930 0.817228 0.742576 0.961377 0.745025 0.999503 0.938697 0.784631 0.901587 0.819696 0.871306 0.749025 0.778385 0.630582 0.634572 0.663827 0.356086 0.489596 0.675991 0.733565 0.875211 0.795298 0.655167 0.754903 0.276503 0.267009 0.791107 0.696377 0.945774 0.699175 0.647695 0.518173 0.748268 0.765358 0.659964 0.745782 0.546062 0.464037 0.844884 0.726818 0.900143 0.898384 0.867071 0.941619 0.864356 0.884276 0.715044 0.632675 0.410526 0.387241 0.451209 0.552439 0.498086 0.831235 0.956202 0.751865 0.833077 0.693513 0.614419 0.633712 0.589437 0.471211 0.819755 0.930808 0.868234 0.898527 0.967404 0.849897 0.760667 0.680031 0.982187 0.997330 0.874186 0.933389 0.973954 0.663126 0.882677 0.956865 0.980758 0.808894 0.702632 0.854616 0.999226 0.854909
0.826122 0.604470 0.000000 0.496243 0.993696 0.586433 0.423317 0.662878 0.834830 0.942671 0.966234 0.845575 0.814820 0.935701 0.977134 0.975008 0.798435 0.700534 0.943814 0.838925 0.789824 0.813975 0.838059 0.856514 0.822872 0.592109 0.851595 0.971435 0.791428 0.847948 0.590475 0.569065 0.616628 0.693804 0.567771 0.800910 0.993802 0.828730 0.961165 0.899111 0.805500 0.910306 0.763611 0.881104 0.798994 0.937297 0.774837 0.828065 0.689011 0.858589 0.862574 0.895480 0.753819 0.655254 0.926950 0.860829 0.733234 0.661544 0.941490 0.965414 0.618530 0.920519 0.841021 0.974372 0.586920 0.630083 0.380841 0.503774 0.767937 0.839764 0.567920 0.615036 0.663379 0.739510 0.899547 0.907872 0.831816 0.759421 0.947942 0.918215 0.892041 0.828826 0.745273 0.805881 0.933389 0.931226 0.950463 0.995266 0.964540 0.946113 0.526362 0.735948 0.559339 0.678974 0.739275 0.953671 0.691014 0.978044 0.750672 0.720472 0.639453 0.717938 0.740538 0.801002 0.642076 0.694174 0.796008 0.779737 0.945853 0.798823 0.744153 0.863506 0.812787 0.859595 0.826260 0.997617
0.865278 0.894184 0.496243 0.000000 0.954392 0.817436 0.689005 0.570048 0.936518 0.906376 0.896711 0.971074 0.982570 0.786050 0.950240 0.825124 0.960095 0.929479 0.991741 0.994369 0.840489 0.822260 0.856735 0.656053 0.570782 0.463493 0.922993 0.880713 0.886525 0.951161 0.707348 0.610304 0.802317 0.809631 0.622524 0.714248 0.950858 0.862369 0.805176 0.879623 0.743084 0.954264 0.637220 0.721850 0.711907 0.758732 0.624936 0.710148 0.911972 0.906017 0.721222 0.683591 0.625021 0.641683 0.854910 0.991121 0.943752 0.876782 0.824342 0.995601 0.978957 0.857970 0.993538 0.839884 0.494473 0.438984 0.503814 0.516355 0.801626 0.831449 0.673088 0.684608 0.753792 0.818933 0.922310 0.961069 0.660587 0.631249 0.944494 0.893887 0.990648 0.939635 0.943778 0.975568 0.848527 0.580504 0.990162 0.878240 0.831918 0.864075 0.664741 0.927918 0.638685 0.856483 0.730463 0.815069 0.802025 0.911278 0.854093 0.745254 0.753971 0.859514 0.912825 0.972738 0.630911 0.672125 0.823673 0.899526 0.941786 0.975536 0.695483 0.820920 0.689621 0.842151 0.907992 0.968085
0.632297 0.693700 0.993696 0.954392 0.000000 0.940167 0.915868 0.787036 0.904251 0.866129 0.770607 0.671548 0.679344 0.661177 0.647412 0.641074 0.658170 0.741618 0.678645 0.648273 0.916656 0.917058 0.610905 0.655581 0.945530 0.765448 0.738797 0.882997 0.747752 0.743756 0.998437 0.878825 0.796990 0.929367 0.979318 0.896963 0.890784 0.951844 0.899425 0.972401 0.988721 0.964869 0.975295 0.985891 0.903730 0.875116 0.874280 0.902833 0.776515 0.763391 0.904788 0.934678 0.939406 0.820603 0.764221 0.970843 0.619254 0.693548 0.828773 0.882438 0.940712 0.691425 0.841373 0.734621 0.971134 0.945123 0.975956 0.833858 0.747306 0.656274 0.889760 0.912721 0.937011 0.980750 0.935910 0.888028 0.885241 0.891956 0.978790 0.976107 0.707875 0.671230 0.708767 0.726020 0.655902 0.807201 0.711714 0.704495 0.805628 0.742160 0.927363 0.892058 0.882132 0.804102 0.882683 0.925064 0.895950 0.970657 0.904204 0.899187 0.936472 0.897613 0.977304 0.903081 0.994705 0.988076 0.994351 0.808946 0.899880 0.731328 0.964553 0.893117 0.821088 0.980049 0.895566 0.892287
0.858070 0.722296 0.586433 0.817436 0.940167 0.000000 0.594160 0.799324 0.721596 0.917868 0.844497 0.907213 0.821923 0.987151 0.963215 0.952559 0.816241 0.774920 0.855803 0.774842 0.696860 0.974465 0.967871 0.983882 0.925079 0.749662 0.896174 0.866130 0.791447 0.815374 0.802588 0.761795 0.855703 0.860176 0.784296 0.908051 0.922345 0.991573 0.845186 0.862915 0.929005 0.975936 0.951909 0.991219 0.997544 0.940674 0.965931 0.953749 0.762430 0.802672 0.971157 0.970463 0.947222 0.842882 0.964711 0.962554 0.700005 0.702385 0.901412 0.885547 0.622326 0.896426 0.862279 0.975596 0.857058 0.760970 0.608193 0.731369 0.709043 0.847571 0.698613 0.734877 0.936262 0.752863 0.705985 0.867039 0.832304 0.847774 0.958374 0.996878 0.946210 0.871513 0.772775 0.795266 0.860284 0.994028 0.864697 0.988732 0.975675 0.974953 0.694012 0.780483 0.762940 0.738574 0.809053 0.995546 0.816418 0.973491 0.905658 0.833759 0.824119 0.885928 0.765422 0.919716 0.715188 0.903065 0.640590 0.879705 0.999745 0.907765 0.868238 0.872905 0.999544 0.961671 0.731714 0.989271
0.886496 0.840410 0.423317 0.689005 0.915868 0.594160 0.000000 0.427451 0.591908 0.549968 0.742079 0.882952 0.555886 0.774140 0.768164 0.850972 0.966896 0.942096 0.791802 0.981474 0.856906 0.788248 0.644199 0.984534 0.828970 0.871135 0.776549 0.922723 0.810901 0.815336 0.363931 0.471034 0.400150 0.421819 0.699121 0.827373 0.924571 0.871450 0.946701 0.807867 0.895845 0.954346 0.752204 0.788505 0.650765 0.781242 0.757103 0.788664 0.973601 0.942098 0.693378 0.720248 0.685542 0.642002 0.909739 0.932922 0.900539 0.922315 0.620445 0.683783 0.385277 0.793102 0.480117 0.620718 0.935823 0.906283 0.482495 0.582761 0.965148 0.848882 0.510066 0.516768 0.542673 0.545424 0.821635 0.867530 0.691627 0.682268 0.811807 0.935364 0.853353 0.968414 0.846069 0.864154 0.943485 0.832044 0.940350 0.966193 0.824817 0.949513 0.514408 0.642914 0.662705 0.845992 0.673791 0.904685 0.704914 0.822530 0.461023 0.548437 0.580438 0.595919 0.524589 0.561364 0.609401 0.604913 0.850284 0.837026 0.975013 0.776427 0.716922 0.715417 0.678062 0.772262 0.901505 0.950471
0.702818 0.710106 0.662878 0.570048 0.787036 0.799324 0.427451 0.000000 0.848603 0.587202 0.727005 0.547416 0.538953 0.458871 0.704853 0.592616 0.673373 0.748816 0.587090 0.685932 0.979378 0.933016 0.618665 0.858981 0.930491 0.952547 0.967779 0.814793 0.577962 0.626467 0.551773 0.479167 0.463090 0.465998 0.757451 0.870682 0.876910 0.882886 0.958239 0.995108 0.806697 0.944642 0.508282 0.514274 0.411757 0.448127 0.456819 0.521047 0.595441 0.535250 0.457909 0.485194 0.589230 0.706750 0.683093 0.855659 0.736003 0.725758 0.641923 0.593067 0.572211 0.510137 0.471011 0.539787 0.876905 0.782308 0.597205 0.591768 0.922250 0.673468 0.652582 0.708396 0.642034 0.655660 0.781929 0.945073 0.561366 0.731713 0.762205 0.801031 0.686016 0.804077 0.803762 0.941877 0.765549 0.838106 0.996061 0.817762 0.850185 0.715129 0.720773 0.868359 0.815363 0.928937 0.765455 0.776636 0.813023 0.746645 0.478913 0.400266 0.641657 0.784821 0.637825 0.720783 0.619150 0.696776 0.844776 0.973356 0.990575 0.851578 0.642511 0.554724 0.468069 0.655788 0.852172 0.891961
0.977223 0.849319 0.834830 0.936518 0.904251 0.721596 0.591908 0.848603 0.000000 0.635298 0.766891 0.952434 0.682689 0.918309 0.759813 0.959384 0.944150 0.867688 0.986716 0.863569 0.941741 0.922764 0.835580 0.813791 0.739610 0.960097 0.925100 0.933279 0.988127 0.986424 0.812645 0.912035 0.790834 0.864700 0.930615 0.886910 0.832917 0.829310 0.794888 0.784049 0.830186 0.876057 0.934569 0.983265 0.950692 0.996512 0.929279 0.994790 0.936155 0.943535 0.919918 0.878486 0.867918 0.848654 0.891823 0.934303 0.829852 0.845400 0.718504 0.838709 0.636093 0.808250 0.822237 0.808805 0.968817 0.896619 0.763629 0.949078 0.979709 0.865837 0.773954 0.702119 0.741778 0.606663 0.813496 0.862129 0.725350 0.929094 0.970769 0.903081 0.952286 0.816725 0.718343 0.751415 0.870467 0.715239 0.932830 0.829282 0.713374 0.929375 0.609773 0.515491 0.658834 0.619834 0.711026 0.949525 0.852797 0.914496 0.668196 0.724136 0.680896 0.748378 0.637836 0.602322 0.915977 0.854725 0.988151 0.776820 0.996902 0.783890 0.858846 0.774307 0.974047 0.876120 0.875213 0.905982
0.681183 0.743042 0.942671 0.906376 0.866129 0.917868 0.549968 0.587202 0.635298 0.000000 0.662351 0.638763 0.585244 0.735825 0.548170 0.713644 0.685199 0.686926 0.556575 0.705042 0.930942 0.898144 0.497233 0.924343 0.552042 0.684137 0.840437 0.997359 0.499088 0.518907 0.611045 0.658853 0.494511 0.562297 0.759736 0.956337 0.915417 0.940621 0.824881 0.691267 0.990691 0.810748 0.920505 0.838951 0.664837 0.708046 0.772854 0.823581 0.573165 0.653126 0.648666 0.669757 0.723993 0.870402 0.918256 0.960910 0.777744 0.704146 0.591456 0.730836 0.694885 0.819934 0.472250 0.437490 0.602300 0.588305 0.979081 0.874661 0.726243 0.534372 0.769116 0.831103 0.669024 0.651973 0.709888 0.890482 0.723762 0.926755 0.684187 0.697940 0.611992 0.819908 0.866839 0.954844 0.931853 0.679716 0.981328 0.960434 0.772151 0.972636 0.915788 0.790218 0.998767 0.852161 0.922505 0.906336 0.873039 0.835874 0.649238 0.665411 0.882134 0.844543 0.706374 0.638391 0.951102 0.890176 0.908018 0.974815 0.921545 0.900217 0.822149 0.835065 0.728258 0.791657 0.959657 0.878852
0.432010 0.689204 0.966234 0.896711 0.770607 0.844497 0.742079 0.727005 0.766891 0.662351 0.000000 0.576524 0.470086 0.800781 0.786916 0.913421 0.611791 0.652072 0.648131 0.617692 0.950682 0.940835 0.785375 0.832091 0.700934 0.801397 0.990181 0.977713 0.644364 0.716509 0.907130 0.903161 0.634014 0.801334 0.930672 0.950293 0.788273 0.875334 0.986675 0.798710 0.808159 0.841058 0.816364 0.914752 0.991063 0.972601 0.913233 0.998806 0.813953 0.865031 0.970694 0.994078 0.980346 0.747575 0.918736 0.927112 0.634148 0.614968 0.446540 0.500660 0.534088 0.676713 0.473046 0.440964 0.841026 0.843635 0.894914 0.958136 0.595182 0.553699 0.804788 0.835613 0.890366 0.973725 0.744753 0.864688 0.853429 0.985932 0.936604 0.733085 0.605933 0.686350 0.926575 0.882362 0.838719 0.772676 0.981151 0.923938 0.648508 0.706581 0.913816 0.960426 0.969998 0.961355 0.966586 0.932821 0.951205 0.998218 0.719644 0.767679 0.907256 0.993507 0.691099 0.689446 0.801566 0.862655 0.904562 0.885532 0.946687 0.800037 0.938304 0.796594 0.783764 0.976617 0.953530 0.927979
0.346713 0.376526 0.845575 0.971074 0.671548 0.907213 0.882952 0.547416 0.952434 0.638763 0.576524 0.000000 0.417086 0.388222 0.510113 0.497863 0.463405 0.482705 0.430633 0.433270 0.933353 0.962181 0.572329 0.851912 0.754473 0.633441 0.939313 0.817316 0.420200 0.523578 0.980413 0.852014 0.703888 0.762866 0.914230 0.896266 0.758948 0.940944 0.976944 0.934379 0.939252 0.927383 0.967441 0.887756 0.814414 0.694995 0.685403 0.741201 0.454505 0.594131 0.767840 0.819755 0.931761 0.749072 0.706768 0.868836 0.421934 0.389475 0.589097 0.587020 0.726380 0.442271 0.514643 0.431438 0.877132 0.908931 0.878308 0.858952 0.518424 0.451179 0.991406 0.936343 0.978961 0.993560 0.801131 0.929825 0.870862 0.861560 0.816794 0.754736 0.485016 0.526483 0.602883 0.677484 0.463082 0.891235 0.750391 0.661815 0.731475 0.565978 0.814842 0.770086 0.755742 0.632221 0.934874 0.931409 0.901146 0.934648 0.866444 0.736331 0.978291 0.767322 0.969220 0.942438 0.932773 0.958751 0.966457 0.712768 0.889643 0.947860 0.895888 0.768758 0.711049 0.878122 0.992507 0.794423
0.454801 0.720930 0.814820 0.982570 0.679344 0.821923 0.555886 0.538953 0.682689 0.585244 0.470086 0.417086 0.000000 0.481534 0.518630 0.571407 0.703999 0.786352 0.512200 0.592244 0.969614 0.869757 0.486691 0.856756 0.729303 0.746939 0.927984 0.946489 0.589963 0.660848 0.709992 0.698095 0.535482 0.666192 0.957585 0.935173 0.789789 0.929712 0.970608 0.878591 0.970348 0.963385 0.986604 0.960669 0.835545 0.829534 0.726917 0.835624 0.741210 0.801522 0.801581 0.868741 0.882792 0.917876 0.722402 0.993030 0.694088 0.673900 0.494007 0.631671 0.457459 0.529973 0.462125 0.453986 0.915591 0.905330 0.893582 0.971641 0.628407 0.583168 0.709923 0.878002 0.743103 0.812195 0.758788 0.940190 0.824051 0.986918 0.927305 0.915095 0.658305 0.738564 0.796669 0.865753 0.640092 0.946702 0.790977 0.778657 0.585484 0.667379 0.877303 0.981278 0.995019 0.860013 0.916847 0.996942 0.917163 0.894028 0.653355 0.700580 0.790643 0.994270 0.719399 0.785252 0.774080 0.822455 0.847432 0.812462 0.947155 0.732704 0.821270 0.735057 0.744057 0.906114 0.890450 0.852591
0.552880 0.482865 0.935701 0.786050 0.661177 0.987151 0.774140 0.458871 0.918309 0.735825 0.800781 0.388222 0.481534 0.000000 0.522124 0.375052 0.602991 0.593741 0.426114 0.446341 0.948560 0.965758 0.476972 0.563554 0.982062 0.811910 0.951109 0.826737 0.542371 0.526360 0.800752 0.575259 0.642674 0.656658 0.983784 0.985070 0.867175 0.993404 0.823916 0.827705 0.858273 0.966735 0.651679 0.650044 0.619912 0.553430 0.484108 0.565945 0.501651 0.562952 0.585746 0.665888 0.709783 0.960375 0.611901 0.889122 0.537639 0.569032 0.883364 0.838801 0.822439 0.571400 0.642393 0.632011 0.973064 0.914677 0.944220 0.976301 0.776328 0.631487 0.969454 0.876384 0.836125 0.940033 0.822575 0.951353 0.781415 0.957909 0.855644 0.760237 0.576442 0.546736 0.502951 0.669214 0.423376 0.625108 0.843826 0.526269 0.944759 0.684049 0.825099 0.660578 0.752482 0.549876 0.915352 0.887600 0.970309 0.890486 0.877762 0.748757 0.951432 0.804927 0.982881 0.990041 0.869747 0.939947 0.784300 0.737788 0.980470 0.862470 0.919522 0.758123 0.637485 0.819505 0.963203 0.805286
0.620560 0.672564 0.977134 0.950240 0.647412 0.963215 0.768164 0.704853 0.759813 0.548170 0.786916 0.510113 0.518630 0.522124 0.000000 0.465123 0.603721 0.635621 0.478908 0.532323 0.881307 0.931539 0.421264 0.780201 0.846774 0.695322 0.878723 0.960359 0.585155 0.531929 0.722504 0.702815 0.625806 0.668893 0.912138 0.912527 0.787192 0.890436 0.927288 0.874611 0.912091 0.987442 0.900802 0.851727 0.771091 0.720005 0.746073 0.700406 0.646930 0.634733 0.679749 0.672118 0.714454 0.924563 0.814759 0.969501 0.667740 0.688049 0.813221 0.883201 0.869628 0.722601 0.689755 0.598188 0.845755 0.788153 0.889581 0.786282 0.599803 0.624903 0.841689 0.985510 0.731398 0.756884 0.746745 0.973483 0.774352 0.947925 0.824244 0.761692 0.629257 0.665254 0.669453 0.810691 0.593009 0.975199 0.713010 0.745356 0.723089 0.835596 0.919160 0.970536 0.852522 0.746801 0.804985 0.861278 0.901590 0.820771 0.851516 0.755121 0.939831 0.828901 0.864279 0.758135 0.920249 0.936549 0.925038 0.824530 0.886437 0.826648 0.886112 0.752366 0.768335 0.754465 0.897514 0.991773
0.718785 0.640612 0.975008 0.825124 0.641074 0.952559 0.850972 0.592616 0.959384 0.713644 0.913421 0.497863 0.571407 0.375052 0.465123 0.000000 0.712622 0.701579 0.577400 0.615807 0.959505 0.959410 0.429165 0.447664 0.957729 0.830744 0.942567 0.806042 0.657542 0.627490 0.876283 0.679544 0.783707 0.848445 0.916902 0.819473 0.965885 0.877987 0.879941 0.986251 0.915727 0.943586 0.819357 0.808128 0.742089 0.661962 0.668382 0.754547 0.571111 0.653092 0.729358 0.738769 0.793585 0.981408 0.718254 0.950536 0.743589 0.718967 0.986234 0.984168 0.979264 0.616972 0.856688 0.810997 0.987061 0.920975 0.880426 0.892894 0.883314 0.757565 0.964658 0.948970 0.896344 0.881081 0.773183 0.936200 0.807263 0.999313 0.911404 0.824435 0.714701 0.694113 0.565150 0.738982 0.507844 0.616740 0.723162 0.564254 0.956209 0.772749 0.794474 0.799612 0.830358 0.640079 0.904683 0.916317 0.986855 0.867142 0.981654 0.857855 0.975268 0.726022 0.846469 0.894852 0.917247 0.991166 0.907979 0.744414 0.852715 0.986734 0.971513 0.835605 0.801637 0.877191 0.969672 0.843158
0.432847 0.354933 0.798435 0.960095 0.658170 0.816241 0.966896 0.673373 0.944150 0.685199 0.611791 0.463405 0.703999 0.602991 0.603721 0.712622 0.000000 0.298118 0.412848 0.387012 0.841923 0.986861 0.665852 0.941228 0.907779 0.650922 0.864658 0.894266 0.390923 0.371755 0.860053 0.802173 0.677126 0.684936 0.861005 0.941309 0.756501 0.958677 0.972214 0.872342 0.850532 0.883218 0.906913 0.818237 0.751922 0.657181 0.666244 0.684740 0.468493 0.526632 0.665456 0.717023 0.823770 0.887319 0.694272 0.833162 0.325807 0.356323 0.755927 0.652443 0.963745 0.781207 0.539867 0.443009 0.768485 0.760689 0.820653 0.811608 0.568141 0.432732 0.898779 0.938187 0.944944 0.992490 0.809475 0.871563 0.834254 0.932191 0.565023 0.561884 0.321417 0.384537 0.563546 0.566733 0.571506 0.931729 0.908461 0.788357 0.704923 0.729569 0.767364 0.766989 0.713783 0.604563 0.880104 0.954293 0.913561 0.969638 0.916031 0.759254 0.924498 0.757085 0.932305 0.784119 0.956875 0.976809 0.955892 0.683014 0.949379 0.954171 0.976456 0.829666 0.657645 0.748868 0.920530 0.890245
0.420537 0.308584 0.700534 0.929479 0.741618 0.774920 0.942096 0.748816 0.867688 0.686926 0.652072 0.482705 0.786352 0.593741 0.635621 0.701579 0.298118 0.000000 0.385527 0.371372 0.873021 0.978185 0.671402 0.934695 0.901910 0.619750 0.863060 0.926063 0.405274 0.357974 0.963708 0.839278 0.714039 0.719229 0.723945 0.972718 0.729104 0.998078 0.976549 0.848831 0.853560 0.876251 0.943046 0.815904 0.783495 0.664599 0.677256 0.718212 0.444217 0.529006 0.685211 0.733802 0.805092 0.851215 0.726617 0.804906 0.289772 0.299813 0.813970 0.697019 0.925996 0.876204 0.584522 0.485560 0.715315 0.710240 0.714191 0.752312 0.514486 0.464782 0.977199 0.899273 0.994973 0.960455 0.878893 0.872282 0.870094 0.953149 0.591549 0.492388 0.322597 0.332306 0.480968 0.510928 0.553770 0.897403 0.945126 0.764834 0.789147 0.745194 0.653615 0.693608 0.646360 0.519883 0.913248 0.975605 0.865142 0.915408 0.989129 0.872717 0.751405 0.717173 0.951081 0.872276 0.930711 0.999923 0.970340 0.657050 0.933082 0.936170 0.997840 0.894983 0.640631 0.782533 0.996182 0.926559
0.361541 0.425766 0.943814 0.991741 0.678645 0.855803 0.791802 0.587090 0.986716 0.556575 0.648131 0.430633 0.512200 0.426114 0.478908 0.577400 0.412848 0.385527 0.000000 0.331193 0.942614 0.916502 0.406329 0.821676 0.796212 0.563093 0.978106 0.982832 0.377115 0.365388 0.751891 0.667017 0.519876 0.615366 0.865355 0.996699 0.712578 0.915652 0.997577 0.981106 0.960007 0.916687 0.868348 0.829675 0.748998 0.680987 0.589959 0.701627 0.500909 0.595864 0.640190 0.732104 0.745982 0.958261 0.711619 0.986534 0.342401 0.381952 0.707727 0.741140 0.862688 0.802869 0.486351 0.432261 0.740532 0.686815 0.825958 0.777252 0.456694 0.449807 0.834543 0.985861 0.740086 0.908919 0.897961 0.946975 0.826671 0.989663 0.732486 0.658509 0.424801 0.425878 0.490534 0.639919 0.525871 0.960618 0.897024 0.735570 0.721459 0.734285 0.857304 0.860931 0.751361 0.607539 0.992336 0.924372 0.982292 0.840682 0.771830 0.736832 0.929058 0.821161 0.872550 0.764990 0.962209 0.854455 0.951384 0.704666 0.904563 0.922361 0.868603 0.778623 0.561812 0.740229 0.975186 0.926162
0.373052 0.381294 0.838925 0.994369 0.648273 0.774842 0.981474 0.685932 0.863569 0.705042 0.617692 0.433270 0.592244 0.446341 0.532323 0.615807 0.387012 0.371372 0.331193 0.000000 0.868570 0.946915 0.505714 0.801986 0.819047 0.603738 0.951022 0.912250 0.437895 0.406262 0.885076 0.812142 0.651465 0.772221 0.845096 0.987566 0.792797 0.877982 0.936752 0.917714 0.983857 0.781094 0.894773 0.860857 0.786938 0.722877 0.664350 0.691406 0.513442 0.547580 0.680898 0.755975 0.770261 0.904711 0.693524 0.972518 0.301995 0.353981 0.743495 0.733688 0.972028 0.792367 0.623323 0.529404 0.734089 0.720129 0.790372 0.758031 0.420216 0.487684 0.932543 0.882716 0.842252 0.944188 0.852574 0.941760 0.823462 0.964108 0.744121 0.726982 0.472378 0.434472 0.542162 0.597076 0.563320 0.942274 0.901176 0.768091 0.770451 0.664304 0.766209 0.759695 0.739601 0.563803 0.972334 0.949781 0.978939 0.844626 0.898864 0.799556 0.898761 0.796071 0.960805 0.829310 0.974199 0.908549 0.971806 0.813037 0.981103 0.926540 0.891407 0.834468 0.665594 0.770399 0.960491 0.955913
0.966124 0.867042 0.789824 0.840489 0.916656 0.696860 0.856906 0.979378 0.941741 0.930942 0.950682 0.933353 0.969614 0.948560 0.881307 0.959505 0.841923 0.873021 0.942614 0.868570 0.000000 0.985518 0.971628 0.857028 0.791164 0.731573 0.950024 0.961543 0.837046 0.818741 0.836374 0.886768 0.982996 0.981590 0.851287 0.937328 0.847095 0.912553 0.779588 0.826683 0.825482 0.909772 0.993170 0.933525 0.876877 0.875678 0.957018 0.873553 0.821705 0.689608 0.944600 0.914187 0.979291 0.955387 0.970115 0.962303 0.849217 0.847947 0.898372 0.974374 0.926517 0.903226 0.988438 0.879186 0.890616 0.795183 0.951208 0.913555 0.888495 0.855630 0.858700 0.935145 0.903740 0.865557 0.941427 0.732598 0.817478 0.954912 0.959698 0.982293 0.972589 0.947109 0.992819 0.998327 0.978310 0.857085 0.853008 0.847604 0.829461 0.924282 0.939155 0.875968 0.981607 0.881036 0.841211 0.968785 0.934480 0.803360 0.899885 0.784398 0.948145 0.901399 0.876938 0.860836 0.971530 0.894163 0.742394 0.908974 0.945815 0.885804 0.964797 0.815235 0.898369 0.790496 0.991074 0.858169
0.975951 0.963526 0.813975 0.822260 0.917058 0.974465 0.788248 0.933016 0.922764 0.898144 0.940835 0.962181 0.869757 0.965758 0.931539 0.959410 0.986861 0.978185 0.916502 0.946915 0.985518 0.000000 0.889497 0.962602 0.960581 0.870669 0.803876 0.958575 0.911721 0.807853 0.693011 0.886827 0.734880 0.760579 0.998197 0.771646 0.768161 0.774094 0.977930 0.941953 0.946291 0.876616 0.942070 0.966440 0.906961 0.960099 0.909181 0.898724 0.900619 0.967827 0.798961 0.846562 0.754586 0.757428 0.936434 0.858846 0.968867 0.980190 0.927190 0.994285 0.954717 0.881095 0.842451 0.913975 0.917465 0.894244 0.874712 0.993555 0.870205 0.936405 0.807787 0.895140 0.914220 0.799316 0.891660 0.995703 0.843551 0.786004 0.789016 0.983826 0.893601 0.923887 0.979210 0.965365 0.934563 0.860095 0.912113 0.894018 0.978581 0.993857 0.828256 0.840737 0.879519 0.934298 0.952814 0.944901 0.849813 0.896144 0.856799 0.927129 0.841225 0.906884 0.697055 0.790730 0.897224 0.798554 0.918816 0.824642 0.891633 0.821654 0.794108 0.967254 0.881505 0.818658 0.939803 0.842917
0.593416 0.725216 0.838059 0.856735 0.610905 0.967871 0.644199 0.618665 0.835580 0.497233 0.785375 0.572329 0.486691 0.476972 0.421264 0.429165 0.665852 0.671402 0.406329 0.505714 0.971628 0.889497 0.000000 0.577978 0.849175 0.736097 0.938744 0.993181 0.552487 0.515995 0.620545 0.588651 0.517108 0.666128 0.902440 0.951036 0.881274 0.993724 0.940938 0.810696 0.928951 0.920479 0.960305 0.954112 0.784224 0.784968 0.751935 0.823632 0.669559 0.720818 0.729946 0.766063 0.714354 0.926760 0.833188 0.818411 0.651223 0.673643 0.871403 0.966940 0.882236 0.823568 0.678785 0.645102 0.840713 0.776950 0.923937 0.802823 0.618119 0.639750 0.692886 0.900042 0.611819 0.755693 0.826648 0.922630 0.800170 0.950544 0.839818 0.794101 0.626813 0.616241 0.640304 0.738927 0.581739 0.933819 0.799790 0.678956 0.823091 0.856783 0.977016 0.991454 0.940031 0.715545 0.849945 0.928521 0.865402 0.925202 0.840289 0.845177 0.962754 0.930604 0.985313 0.780361 0.929885 0.852423 0.991069 0.869484 0.945900 0.902107 0.881796 0.925066 0.678953 0.857078 0.888617 0.886674
0.998036 0.922978 0.856514 0.656053 0.655581 0.983882 0.984534 0.858981 0.813791 0.924343 0.832091 0.851912 0.856756 0.563554 0.780201 0.447664 0.941228 0.934695 0.821676 0.801986 0.857028 0.962602 0.577978 0.000000 0.633607 0.875621 0.807579 0.867641 0.999865 0.905649 0.955013 0.750211 0.971057 0.958476 0.892936 0.901103 0.966157 0.796988 0.726525 0.891965 0.798785 0.754021 0.867768 0.920799 0.883714 0.839220 0.778246 0.908688 0.868369 0.894709 0.918386 0.951688 0.875032 0.956384 0.782496 0.984329 0.914364 0.960618 0.698222 0.716933 0.812624 0.909406 0.838352 0.819201 0.766404 0.774559 0.967351 0.985573 0.931770 0.979748 0.978074 0.884730 0.967691 0.887229 0.940785 0.979868 0.884188 0.957215 0.945428 0.979795 0.944734 0.800190 0.685506 0.668051 0.572130 0.466737 0.774937 0.506547 0.951326 0.861469 0.838035 0.726609 0.882128 0.743129 0.951930 0.934977 0.975045 0.957014 0.834156 0.905338 0.804500 0.789375 0.682673 0.722185 0.966049 0.994740 0.816905 0.852554 0.934332 0.982167 0.987569 0.998200 0.930175 0.956714 0.877408 0.917036
0.700123 0.872224 0.822872 0.570782 0.945530 0.925079 0.828970 0.930491 0.739610 0.552042 0.700934 0.754473 0.729303 0.982062 0.846774 0.957729 0.907779 0.901910 0.796212 0.819047 0.791164 0.960581 0.849175 0.633607 0.000000 0.486248 0.801030 0.959099 0.606619 0.761815 0.921365 0.877964 0.835498 0.889621 0.676147 0.850525 0.850080 0.996988 0.681192 0.680129 0.833440 0.769705 0.774461 0.835459 0.915520 0.893755 0.766283 0.874817 0.827360 0.964117 0.926100 0.904861 0.804735 0.828641 0.817678 0.803681 0.910858 0.768395 0.500306 0.680322 0.665241 0.904232 0.666910 0.578860 0.502432 0.492489 0.833628 0.755910 0.658913 0.628184 0.935796 0.959759 0.902361 0.940992 0.980328 0.991829 0.977232 0.892382 0.893787 0.942601 0.948689 0.933494 0.881037 0.898364 0.793080 0.415673 0.896157 0.810709 0.763833 0.969359 0.999859 0.777311 0.912472 0.980716 0.925085 0.928870 0.971695 0.882001 0.784512 0.900595 0.910057 0.852449 0.783853 0.749386 0.903431 0.981833 0.837856 0.850640 0.899007 0.915938 0.948117 0.936742 0.925194 0.985745 0.892787 0.958201
0.530092 0.580657 0.592109 0.463493 0.765448 0.749662 0.871135 0.952547 0.960097 0.684137 0.801397 0.633441 0.746939 0.811910 0.695322 0.830744 0.650922 0.619750 0.563093 0.603738 0.731573 0.870669 0.736097 0.875621 0.486248 0.000000 0.993113 0.952326 0.540867 0.611648 0.838494 0.864935 0.955812 0.996872 0.517763 0.725573 0.888468 0.914650 0.798839 0.850252 0.817987 0.892118 0.741289 0.833734 0.869180 0.943797 0.873297 0.930609 0.666620 0.843062 0.922471 0.872726 0.813604 0.640180 0.986086 0.915630 0.582527 0.509597 0.720239 0.801186 0.961361 0.918501 0.761420 0.570953 0.446978 0.420475 0.506470 0.468560 0.586624 0.578995 0.837996 0.812474 0.908838 0.865113 0.966846 0.969569 0.861654 0.721285 0.888584 0.966058 0.693416 0.743289 0.784101 0.833563 0.872250 0.710447 0.912808 0.935229 0.807527 0.965052 0.618492 0.853572 0.597530 0.658037 0.719421 0.990715 0.813190 0.993498 0.981859 0.914160 0.837813 0.765240 0.924215 0.942325 0.698699 0.840181 0.813639 0.793233 0.905416 0.935302 0.826688 0.923917 0.957835 0.958216 0.847645 0.945123
0.924563 0.863784 0.851595 0.922993 0.738797 0.896174 0.776549 0.967779 0.925100 0.840437 0.990181 0.939313 0.927984 0.951109 0.878723 0.942567 0.864658 0.863060 0.978106 0.951022 0.950024 0.803876 0.938744 0.807579 0.801030 0.993113 0.000000 0.860600 0.959796 0.938054 0.798168 0.818839 0.857589 0.798683 0.909280 0.977443 0.887035 0.943817 0.904996 0.848959 0.980437 0.950320 0.893006 0.853047 0.913350 0.986414 0.976570 0.893190 0.851795 0.886360 0.938329 0.953856 0.952174 0.818182 0.946640 0.953400 0.805687 0.866486 0.854793 0.934617 0.727600 0.936339 0.828131 0.890412 0.920470 0.935650 0.871172 0.825526 0.980160 0.962930 0.895351 0.848395 0.855886 0.855729 0.961818 0.899826 0.966395 0.811644 0.904378 0.953056 0.942118 0.835456 0.778509 0.797547 0.782543 0.737126 0.855698 0.805542 0.984728 0.914245 0.960154 0.889881 0.981055 0.998212 0.884211 0.840781 0.932849 0.929695 0.860293 0.878624 0.903792 0.897901 0.693190 0.847535 0.971312 0.884816 0.874820 0.858873 0.691658 0.966912 0.916495 0.893854 0.971684 0.780626 0.940674 0.998050
0.978966 0.808748 0.971435 0.880713 0.882997 0.866130 0.922723 0.814793 0.933279 0.997359 0.977713 0.817316 0.946489 0.826737 0.960359 0.806042 0.894266 0.926063 0.982832 0.912250 0.961543 0.958575 0.993181 0.867641 0.959099 0.952326 0.860600 0.000000 0.978362 0.911749 0.920142 0.972831 0.950861 0.953748 0.909264 0.970312 0.986532 0.955069 0.855814 0.996227 0.997342 0.778549 0.844256 0.861978 0.852098 0.838356 0.862650 0.931450 0.807923 0.865501 0.890548 0.909906 0.964651 0.999652 0.963955 0.987919 0.927051 0.935041 0.940107 0.909934 0.939177 0.882384 0.994167 0.953638 0.998421 0.917728 0.979496 0.947376 0.946021 0.936367 0.940314 0.898795 0.988538 0.978685 0.828342 0.962874 0.798016 0.881364 0.960280 0.993848 0.938457 0.993712 0.900380 0.942221 0.958716 0.864331 0.878934 0.999244 0.987702 0.997150 0.998074 0.941862 0.971085 0.956354 0.889344 0.878732 0.929761 0.821731 0.978687 0.875054 0.894918 0.975549 0.882187 0.872205 0.971709 0.871896 0.889907 0.995361 0.947064 0.962348 0.912567 0.795472 0.865713 0.956061 0.849912 0.988355
0.437265 0.395942 0.791428 0.886525 0.747752 0.791447 0.810901 0.577962 0.988127 0.499088 0.644364 0.420200 0.589963 0.542371 0.585155 0.657542 0.390923 0.405274 0.377115 0.437895 0.837046 0.911721 0.552487 0.999865 0.606619 0.540867 0.959796 0.978362 0.000000 0.315114 0.725247 0.735004 0.551516 0.550948 0.774996 0.951609 0.697902 0.952806 0.905508 0.975747 0.923468 0.879730 0.894045 0.752847 0.709047 0.634903 0.731141 0.689893 0.445491 0.541995 0.638915 0.686709 0.810551 0.950140 0.767872 0.856334 0.423568 0.378555 0.614734 0.629348 0.827900 0.738510 0.452727 0.352143 0.603687 0.627483 0.791380 0.829210 0.550396 0.376202 0.933601 0.933720 0.837724 0.870152 0.905378 0.935804 0.831201 0.966709 0.611236 0.645120 0.410023 0.489088 0.583202 0.639754 0.662906 0.903850 0.980776 0.788004 0.769210 0.827081 0.798508 0.850479 0.684266 0.554153 0.977775 0.905998 0.886329 0.868662 0.765458 0.740706 0.943272 0.944208 0.843692 0.750571 0.950554 0.964490 0.939133 0.806542 0.815705 0.996283 0.919642 0.808075 0.631830 0.800362 0.992910 0.798533
0.527622 0.438190 0.847948 0.951161 0.743756 0.815374 0.815336 0.626467 0.986424 0.518907 0.716509 0.523578 0.660848 0.526360 0.531929 0.627490 0.371755 0.357974 0.365388 0.406262 0.818741 0.807853 0.515995 0.905649 0.761815 0.611648 0.938054 0.911749 0.315114 0.000000 0.675814 0.632443 0.540122 0.512453 0.733189 0.998657 0.782485 0.991605 0.934364 0.950697 0.951685 0.873307 0.856121 0.742432 0.673803 0.645915 0.693637 0.693057 0.498586 0.561508 0.599411 0.659534 0.728147 0.935556 0.782546 0.964632 0.461810 0.461243 0.820391 0.792654 0.926829 0.898852 0.499636 0.424192 0.585405 0.623266 0.763712 0.795986 0.639989 0.452237 0.905281 0.941676 0.790419 0.853017 0.876642 0.981092 0.824954 0.907429 0.474249 0.547880 0.365983 0.454559 0.548208 0.626658 0.700141 0.946483 0.984803 0.780925 0.844533 0.943103 0.731440 0.829878 0.634851 0.522094 0.952278 0.950195 0.899211 0.873796 0.855734 0.813130 0.932103 0.876777 0.894358 0.740251 0.922727 0.943703 0.915091 0.829350 0.900267 0.924317 0.959363 0.839168 0.573571 0.701423 0.954200 0.855003
0.958890 0.905952 0.590475 0.707348 0.998437 0.802588 0.363931 0.551773 0.812645 0.611045 0.907130 0.980413 0.709992 0.800752 0.722504 0.876283 0.860053 0.963708 0.751891 0.885076 0.836374 0.693011 0.620545 0.955013 0.921365 0.838494 0.798168 0.920142 0.725247 0.675814 0.000000 0.415752 0.412144 0.364002 0.790656 0.791606 0.950718 0.905905 0.959604 0.924084 0.881870 0.972571 0.638786 0.693993 0.597532 0.707337 0.722814 0.740361 0.950167 0.869459 0.556338 0.557649 0.550667 0.479273 0.907280 0.874116 0.951077 0.934589 0.848294 0.909171 0.695123 0.934540 0.563819 0.723707 0.928205 0.949197 0.712662 0.737270 0.979873 0.906437 0.482503 0.607393 0.427782 0.495752 0.915304 0.860647 0.746520 0.584778 0.705148 0.787625 0.805113 0.938732 0.969812 0.976601 0.957545 0.868627 0.855561 0.937120 0.897680 0.852930 0.627177 0.742364 0.814869 0.963208 0.700164 0.966666 0.751837 0.836390 0.562307 0.644506 0.711532 0.602086 0.576713 0.569070 0.762584 0.668146 0.944729 0.853246 0.979622 0.887782 0.694775 0.785746 0.641282 0.740175 0.824788 0.898981
0.912127 0.915477 0.569065 0.610304 0.878825 0.761795 0.471034 0.479167 0.912035 0.658853 0.903161 0.852014 0.698095 0.575259 0.702815 0.679544 0.802173 0.839278 0.667017 0.812142 0.886768 0.886827 0.588651 0.750211 0.877964 0.864935 0.818839 0.972831 0.735004 0.632443 0.415752 0.000000 0.474036 0.423222 0.816661 0.785727 0.884787 0.980969 0.954511 0.993251 0.860600 0.973399 0.579776 0.580720 0.571070 0.635929 0.522506 0.633703 0.849238 0.793516 0.544794 0.551308 0.529970 0.596411 0.767326 0.985411 0.931931 0.970172 0.965108 0.943779 0.753383 0.885087 0.600129 0.712181 0.946669 0.908686 0.761880 0.732561 0.947091 0.851582 0.599561 0.762797 0.558691 0.581568 0.854217 0.907356 0.779605 0.652813 0.697110 0.710422 0.668134 0.755170 0.791048 0.915859 0.811704 0.836659 0.925200 0.770484 0.976902 0.993660 0.820061 0.961091 0.948867 0.853907 0.786997 0.890841 0.861042 0.901731 0.703133 0.651609 0.854437 0.783792 0.727976 0.725123 0.803036 0.688134 0.799661 0.991294 0.969953 0.826786 0.796182 0.693890 0.540354 0.768479 0.784342 0.817651
0.636135 0.813930 0.616628 0.802317 0.796990 0.855703 0.400150 0.463090 0.790834 0.494511 0.634014 0.703888 0.535482 0.642674 0.625806 0.783707 0.677126 0.714039 0.519876 0.651465 0.982996 0.734880 0.517108 0.971057 0.835498 0.955812 0.857589 0.950861 0.551516 0.540122 0.412144 0.474036 0.000000 0.335452 0.865630 0.769488 0.790187 0.814822 0.999240 0.896347 0.940819 0.899648 0.713342 0.689843 0.564478 0.603475 0.580281 0.633166 0.751083 0.691517 0.506454 0.560016 0.536175 0.694178 0.721958 0.955343 0.747562 0.756686 0.619137 0.717991 0.591696 0.820347 0.396632 0.460317 0.948148 0.877026 0.701625 0.778960 0.750958 0.612729 0.568674 0.716354 0.533018 0.596468 0.807977 0.999161 0.648058 0.730938 0.699368 0.760397 0.593409 0.722992 0.875667 0.902460 0.808837 0.874459 0.934678 0.914696 0.701126 0.853353 0.745527 0.806767 0.894647 0.910618 0.784285 0.964149 0.744643 0.771164 0.503099 0.557919 0.775448 0.723636 0.584944 0.526784 0.705745 0.637672 0.983688 0.928201 0.993995 0.820906 0.710409 0.654250 0.441321 0.680413 0.830925 0.895573
0.779025 0.817228 0.693804 0.809631 0.929367 0.860176 0.421819 0.465998 0.864700 0.562297 0.801334 0.762866 0.666192 0.656658 0.668893 0.848445 0.684936 0.719229 0.615366 0.772221 0.981590 0.760579 0.666128 0.958476 0.889621 0.996872 0.798683 0.953748 0.550948 0.512453 0.364002 0.423222 0.335452 0.000000 0.892310 0.741268 0.789415 0.894971 0.997214 0.943622 0.936894 0.988871 0.594424 0.567743 0.502986 0.534492 0.577077 0.546208 0.742896 0.672300 0.476729 0.510368 0.564652 0.626159 0.738768 0.857279 0.802216 0.800793 0.713356 0.718302 0.615773 0.860577 0.413340 0.498127 0.962068 0.939543 0.745274 0.683096 0.900200 0.704551 0.669695 0.795486 0.639469 0.614146 0.861198 0.901952 0.742514 0.649330 0.619812 0.711163 0.582891 0.732831 0.813549 0.840510 0.838488 0.944903 0.888609 0.800037 0.840248 0.981546 0.831121 0.941474 0.985597 0.827106 0.765426 0.984619 0.919618 0.810794 0.581190 0.601519 0.790535 0.767358 0.589930 0.611940 0.798961 0.676113 0.898467 0.986667 0.950859 0.860497 0.786696 0.679694 0.485814 0.662887 0.733271 0.817298
0.872117 0.742576 0.567771 0.622524 0.979318 0.784296 0.699121 0.757451 0.930615 0.759736 0.930672 0.914230 0.957585 0.983784 0.912138 0.916902 0.861005 0.723945 0.865355 0.845096 0.851287 0.998197 0.902440 0.892936 0.676147 0.517763 0.909280 0.909264 0.774996 0.733189 0.790656 0.816661 0.865630 0.892310 0.000000 0.908316 0.987354 0.826087 0.916058 0.841422 0.914239 0.823127 0.706360 0.810090 0.822819 0.877225 0.783609 0.817401 0.749734 0.921749 0.872501 0.884738 0.824635 0.745047 0.830186 0.964353 0.838131 0.759490 0.943203 0.917095 0.760867 0.882369 0.956321 0.874741 0.542989 0.536870 0.420072 0.449961 0.863700 0.787749 0.733981 0.761456 0.832970 0.911764 0.915415 0.987194 0.777399 0.857081 0.874669 0.810059 0.825494 0.814254 0.799447 0.836669 0.995488 0.794728 0.960594 0.911479 0.911565 0.862232 0.558605 0.794059 0.628108 0.718898 0.687471 0.836747 0.713711 0.829845 0.741730 0.700217 0.652354 0.726721 0.785771 0.864162 0.589083 0.693461 0.900433 0.803097 0.999718 0.999946 0.791253 0.727580 0.914768 0.847902 0.777743 0.898917
0.968448 0.961377 0.800910 0.714248 0.896963 0.908051 0.827373 0.870682 0.886910 0.956337 0.950293 0.896266 0.935173 0.985070 0.912527 0.819473 0.941309 0.972718 0.996699 0.987566 0.937328 0.771646 0.951036 0.901103 0.850525 0.725573 0.977443 0.970312 0.951609 0.998657 0.791606 0.785727 0.769488 0.741268 0.908316 0.000000 0.902902 0.667797 0.836034 0.947369 0.973007 0.881912 0.805359 0.846301 0.833651 0.902993 0.831604 0.906397 0.950078 0.977872 0.836185 0.811583 0.704694 0.743719 0.936823 0.964940 0.998582 0.978455 0.990238 0.959121 0.954517 0.935115 0.909842 0.967084 0.845470 0.845773 0.715871 0.739151 0.990447 0.970415 0.796040 0.896385 0.904949 0.778753 0.964566 0.784778 0.816934 0.651708 0.951917 0.887579 0.954088 0.900370 0.982653 0.874082 0.935054 0.992982 0.863917 0.870394 0.839953 0.958832 0.754742 0.909499 0.797819 0.848905 0.987793 0.988798 0.819959 0.853567 0.767267 0.785765 0.996611 0.725948 0.787820 0.772867 0.754254 0.816338 0.806925 0.867446 0.932373 0.985684 0.857377 0.889314 0.667925 0.833333 0.854948 0.962184
0.743201 0.745025 0.993802 0.950858 0.890784 0.922345 0.924571 0.876910 0.832917 0.915417 0.788273 0.758948 0.789789 0.867175 0.787192 0.965885 0.756501 0.729104 0.712578 0.792797 0.847095 0.768161 0.881274 0.966157 0.850080 0.888468 0.887035 0.986532 0.697902 0.782485 0.950718 0.884787 0.790187 0.789415 0.987354 0.902902 0.000000 0.792566 0.992264 0.867317 0.868169 0.917668 0.920032 0.805744 0.910721 0.818185 0.801783 0.727820 0.859856 0.825627 0.781137 0.784986 0.793700 0.897856 0.827001 0.958444 0.694604 0.756275 0.824975 0.869311 0.927165 0.856844 0.784635 0.774499 0.960243 0.892581 0.982930 0.974893 0.655801 0.650911 0.969651 0.966098 0.998179 0.901199 0.963152 0.848608 0.853980 0.898211 0.869413 0.951333 0.812876 0.775458 0.944976 0.936033 0.768781 0.966099 0.864492 0.925180 0.697796 0.776737 0.951269 0.932463 0.980046 0.968678 0.856214 0.898337 0.941158 0.887127 0.803813 0.788416 0.972233 0.972335 0.717737 0.735981 0.996776 0.779707 0.825274 0.946713 0.798703 0.761761 0.739092 0.669559 0.800564 0.786791 0.730698 0.988040
0.883383 0.999503 0.828730 0.862369 0.951844 0.991573 0.871450 0.882886 0.829310 0.940621 0.875334 0.940944 0.929712 0.993404 0.890436 0.877987 0.958677 0.998078 0.915652 0.877982 0.912553 0.774094 0.993724 0.796988 0.996988 0.914650 0.943817 0.955069 0.952806 0.991605 0.905905 0.980969 0.814822 0.894971 0.826087 0.667797 0.792566 0.000000 0.985353 0.948353 0.973253 0.672131 0.912808 0.938645 0.910896 0.943942 0.943354 0.831301 0.900259 0.927288 0.850678 0.848861 0.788126 0.805920 0.976827 0.909523 0.904799 0.980617 0.924956 0.957533 0.886253 0.893964 0.869765 0.949958 0.882593 0.915837 0.766384 0.851377 0.789999 0.968526 0.767338 0.842834 0.800206 0.789078 0.943055 0.974699 0.902111 0.727709 0.945454 0.906092 0.982847 0.995796 0.783467 0.754785 0.962530 0.865024 0.979694 0.705171 0.888226 0.896130 0.766934 0.752466 0.744304 0.710715 0.925866 0.824138 0.813893 0.805432 0.778162 0.748160 0.686637 0.893070 0.695554 0.672085 0.885657 0.892669 0.951977 0.827329 0.946611 0.920033 0.779026 0.758591 0.736120 0.657404 0.796331 0.905330
