0.000000 0.313133 0.490708 0.442042 0.798176 0.725700 0.471291 0.387897 0.658459 0.669012 0.393349 0.308251 0.357625 0.510858 0.513796 0.576393 0.312066 0.307543 0.343731 0.306104 0.712976 0.778937 0.585178 0.629598 0.818214 0.692898 0.888898 0.929055 0.362601 0.310715 0.454162 0.586241 0.402768 0.361005 0.697540 0.757102 0.674409 0.748799 0.862317 0.893575 0.912925 0.859349 0.451168 0.420314 0.375868 0.321203 0.360080 0.407383 0.639714 0.362731 0.346474 0.394945 0.516222 0.517476 0.556168 0.660128 0.416014 0.360386 0.279463 0.321820 0.278845 0.359006 0.252187 0.286575 0.519083 0.419647 0.391657 0.292819 0.470258 0.400171 0.572952 0.586990 0.483989 0.428483 0.833883 0.748180 0.557115 0.559059 0.397156 0.459915 0.280599 0.295177 0.520964 0.525444 0.458450 0.434005 0.960173 0.701266 0.686983 0.629941 0.720466 0.794540 0.714280 0.880762 0.622258 0.631310 0.582188 0.707288 0.461678 0.470037 0.675636 0.810889 0.545664 0.630278 0.549556 0.641975 0.973047 0.797521 0.718527 0.681953 0.874471 0.534886 0.535453 0.688655 0.682802 0.914038
0.313133 0.000000 0.672591 0.612254 0.785527 0.943116 0.630964 0.484204 0.843362 0.748510 0.495118 0.377682 0.549899 0.561312 0.665578 0.687078 0.267187 0.322088 0.444879 0.407237 0.713648 0.805572 0.743872 0.791747 0.898252 0.843393 0.763774 0.936906 0.315694 0.341151 0.555184 0.705867 0.483185 0.468970 0.870389 0.698031 0.684417 0.724877 0.887453 0.809773 0.996872 0.624647 0.540380 0.518795 0.480755 0.475438 0.519411 0.484753 0.657390 0.548873 0.466341 0.548170 0.746992 0.633134 0.709740 0.783011 0.294501 0.249880 0.363927 0.409865 0.421976 0.455046 0.310094 0.211431 0.714933 0.592032 0.540132 0.398021 0.457121 0.317173 0.669397 0.606249 0.525544 0.513603 0.949232 0.761751 0.643865 0.504046 0.535319 0.624286 0.310370 0.413925 0.529481 0.487612 0.619497 0.585676 0.972373 0.961540 0.797456 0.690228 0.884453 0.902088 0.815904 0.956039 0.594573 0.754815 0.730265 0.542162 0.574425 0.551034 0.781570 0.868212 0.636153 0.586861 0.590167 0.698118 0.967324 0.847263 0.894247 0.712952 0.819638 0.567528 0.722768 0.691431 0.758741 0.872625
0.490708 0.672591 0.000000 0.199080 0.853184 0.655278 0.238056 0.283505 0.392628 0.521982 0.484888 0.465743 0.321523 0.567385 0.456648 0.529300 0.675978 0.501897 0.387518 0.485025 0.703642 0.747567 0.392678 0.383392 0.629266 0.428744 0.935093 0.989832 0.586546 0.521273 0.376358 0.392970 0.370198 0.414042 0.823184 0.929367 0.689148 0.958695 0.633139 0.799940 0.821410 0.947279 0.348693 0.353716 0.394912 0.419022 0.342956 0.445603 0.743621 0.541155 0.525070 0.487301 0.557708 0.535968 0.614493 0.695401 0.818921 0.823251 0.493565 0.581711 0.275932 0.406947 0.628070 0.703588 0.253126 0.224654 0.307855 0.304980 0.719722 0.689183 0.532838 0.634091 0.548193 0.560046 0.933311 0.773078 0.597256 0.667213 0.593307 0.558129 0.569338 0.406046 0.686763 0.692702 0.441579 0.346878 0.904203 0.693812 0.671267 0.566142 0.538789 0.612835 0.578942 0.634318 0.568376 0.663046 0.549027 0.699724 0.495717 0.438698 0.619535 0.637939 0.741466 0.630112 0.492474 0.619423 0.861124 0.817296 0.806680 0.837866 0.882788 0.524077 0.518413 0.803706 0.624939 0.890440
0.442042 0.612254 0.199080 0.000000 0.846911 0.630458 0.239184 0.224513 0.389276 0.515864 0.523228 0.380112 0.327411 0.453026 0.397420 0.422470 0.631960 0.454914 0.345801 0.458731 0.584830 0.681805 0.347264 0.355567 0.675635 0.425243 0.987627 0.961710 0.484874 0.451567 0.321189 0.351012 0.298331 0.307750 0.768099 0.902574 0.700481 0.961907 0.728720 0.879830 0.899493 0.889332 0.298808 0.291702 0.361531 0.377323 0.303596 0.433204 0.742326 0.521330 0.502980 0.417538 0.545353 0.486594 0.608262 0.711450 0.764914 0.767151 0.444036 0.532061 0.265799 0.353284 0.576790 0.613564 0.272357 0.203125 0.275967 0.271558 0.718752 0.639589 0.440619 0.525766 0.497764 0.501719 0.843419 0.737321 0.526541 0.626630 0.541159 0.527176 0.538686 0.361122 0.637982 0.555706 0.400588 0.301777 0.928037 0.741054 0.708709 0.534882 0.450761 0.557781 0.485400 0.576650 0.583075 0.680456 0.542237 0.664244 0.434876 0.382889 0.567807 0.628272 0.704119 0.555022 0.440087 0.595662 0.869787 0.851641 0.888976 0.862620 0.834936 0.448011 0.466117 0.686942 0.581417 0.907354
0.798176 0.785527 0.853184 0.846911 0.000000 0.792481 0.755089 0.759352 0.900341 0.978996 0.871089 0.822515 0.734044 0.902001 0.793485 0.782356 0.777169 0.827655 0.746248 0.911779 0.705745 0.771146 0.761411 0.834884 0.988908 0.955449 0.739811 0.854030 0.760104 0.766191 0.821034 0.977886 0.799580 0.740756 0.987649 0.983764 0.946410 0.860232 0.853345 0.968268 0.910999 0.887054 0.821914 0.814287 0.746200 0.713455 0.663619 0.738606 0.909878 0.817381 0.796733 0.797077 0.895074 0.737165 0.859606 0.778364 0.869659 0.907464 0.777579 0.794997 0.680406 0.741854 0.709978 0.793600 0.798767 0.744719 0.693911 0.756876 0.832088 0.877672 0.650054 0.840216 0.856369 0.917907 0.978587 0.767987 0.841434 0.964339 0.931415 0.933142 0.672228 0.722520 0.711663 0.782245 0.705298 0.741952 0.808441 0.843453 0.964952 0.896908 0.908245 0.864748 0.879381 0.970551 0.888400 0.885615 0.923079 0.869827 0.878053 0.767076 0.975388 0.967211 0.901961 0.884360 0.840623 0.830963 0.929463 0.972503 0.770914 0.943296 0.970123 0.808205 0.768177 0.850955 0.937256 0.954942
0.725700 0.943116 0.655278 0.630458 0.792481 0.000000 0.532687 0.610214 0.594716 0.670985 0.772042 0.784058 0.626502 0.864054 0.767872 0.669309 0.935511 0.843140 0.717050 0.803355 0.773795 0.982756 0.676699 0.716893 0.928841 0.841167 0.879897 0.821137 0.845119 0.897933 0.687801 0.791014 0.697207 0.697450 0.683685 0.962745 0.986902 0.733569 0.957342 0.830108 0.958565 0.938057 0.603474 0.607059 0.588832 0.615088 0.588633 0.605875 0.965961 0.750421 0.786579 0.661880 0.691549 0.659109 0.838932 0.830591 0.897547 0.908070 0.760664 0.746301 0.658931 0.727115 0.819246 0.969744 0.741252 0.622052 0.541110 0.679280 0.877913 0.866208 0.653635 0.625557 0.835669 0.889726 0.831103 0.881668 0.683432 0.896281 0.759140 0.748970 0.755469 0.633467 0.939363 0.806221 0.723004 0.676016 0.958782 0.799366 0.998568 0.829980 0.554962 0.647592 0.543681 0.629727 0.686355 0.746830 0.647231 0.946691 0.692624 0.712411 0.701772 0.665231 0.869104 0.757074 0.613241 0.887976 0.881378 0.991437 0.874910 0.957476 0.841355 0.752181 0.652254 0.739611 0.668587 0.839817
0.471291 0.630964 0.238056 0.239184 0.755089 0.532687 0.000000 0.198502 0.362727 0.381394 0.446625 0.486795 0.355119 0.611456 0.539146 0.570667 0.533240 0.394667 0.280207 0.461686 0.655132 0.666689 0.476427 0.524872 0.828668 0.609990 0.977150 0.982080 0.525093 0.484598 0.454998 0.418437 0.327555 0.303776 0.832531 0.880327 0.789251 0.965051 0.875106 0.840472 0.950380 0.890389 0.246170 0.218743 0.285233 0.327710 0.329758 0.364736 0.780734 0.547483 0.497625 0.472644 0.600394 0.426247 0.652863 0.729999 0.687250 0.751677 0.442789 0.613392 0.316015 0.501674 0.547729 0.665188 0.388812 0.298655 0.196038 0.267193 0.658994 0.675532 0.415912 0.476698 0.558516 0.537390 0.926083 0.708422 0.479475 0.611913 0.571671 0.508776 0.495245 0.346334 0.690229 0.680413 0.488907 0.426508 0.879197 0.745134 0.774131 0.737651 0.370768 0.385810 0.400998 0.407914 0.516209 0.645868 0.512814 0.668155 0.392573 0.344682 0.517251 0.470755 0.633919 0.456778 0.445278 0.561780 0.834675 0.794207 0.806134 0.848861 0.793714 0.435573 0.412804 0.649334 0.637016 0.873981
0.387897 0.484204 0.283505 0.224513 0.759352 0.610214 0.198502 0.000000 0.447081 0.359043 0.457410 0.344439 0.323527 0.465056 0.462682 0.474062 0.476198 0.349799 0.306290 0.379902 0.640894 0.682472 0.459338 0.487100 0.841457 0.624499 0.916401 0.981916 0.429427 0.393569 0.451925 0.438147 0.307055 0.278158 0.841209 0.899772 0.765620 0.947198 0.867073 0.864496 0.970891 0.819768 0.248995 0.229991 0.280478 0.287079 0.327138 0.352152 0.653797 0.448124 0.417426 0.372051 0.535478 0.385128 0.637824 0.731150 0.590757 0.594995 0.336066 0.459996 0.262657 0.330956 0.487237 0.483149 0.389953 0.255241 0.227498 0.251810 0.682517 0.524155 0.435409 0.487903 0.542886 0.516237 0.912918 0.662129 0.510269 0.531207 0.513354 0.563350 0.465657 0.349124 0.668630 0.605402 0.472399 0.383833 0.933809 0.784620 0.777196 0.615809 0.402827 0.444581 0.387814 0.517050 0.460177 0.589474 0.506589 0.607001 0.341607 0.277555 0.463711 0.546264 0.569632 0.465257 0.390358 0.502087 0.901026 0.772744 0.847782 0.762365 0.812338 0.373695 0.400615 0.622079 0.651226 0.812573
0.658459 0.843362 0.392628 0.389276 0.900341 0.594716 0.362727 0.447081 0.000000 0.522968 0.707659 0.620490 0.514889 0.643405 0.585289 0.557383 0.783060 0.699257 0.521634 0.610289 0.724826 0.747589 0.492270 0.482460 0.760202 0.602727 0.854437 0.969480 0.742802 0.668141 0.540437 0.433139 0.541117 0.532560 0.774485 0.987391 0.900547 0.986048 0.815843 0.882082 0.825434 0.874558 0.428837 0.443614 0.478116 0.508057 0.453028 0.533047 0.803395 0.597348 0.539389 0.519418 0.525648 0.469365 0.746302 0.703618 0.941285 0.998043 0.606313 0.764546 0.515288 0.665988 0.756347 0.875317 0.495081 0.460368 0.402916 0.546043 0.761114 0.791618 0.536669 0.662465 0.599414 0.607757 0.927134 0.726129 0.672841 0.691069 0.759171 0.581035 0.735430 0.582162 0.787899 0.841967 0.613446 0.548802 0.700086 0.678633 0.755190 0.747924 0.450294 0.515152 0.442374 0.530965 0.636969 0.773453 0.540782 0.710855 0.480351 0.504882 0.540136 0.584278 0.776307 0.665310 0.594617 0.637759 0.944950 0.745427 0.959926 0.986198 0.767853 0.585085 0.568137 0.944373 0.642712 0.856204
0.669012 0.748510 0.521982 0.515864 0.978996 0.670985 0.381394 0.359043 0.522968 0.000000 0.597123 0.581898 0.595330 0.686975 0.757604 0.739118 0.647035 0.563128 0.529391 0.557344 0.838089 0.850789 0.717211 0.761819 0.930979 0.797527 0.876599 0.910704 0.691184 0.633203 0.719326 0.532932 0.531490 0.506261 0.931702 0.933252 0.989439 0.951403 0.971165 0.948144 0.879398 0.783345 0.427599 0.411185 0.491927 0.509551 0.626460 0.533165 0.742655 0.568581 0.596827 0.530029 0.671777 0.518663 0.852339 0.879132 0.767238 0.824514 0.495423 0.654101 0.602827 0.620165 0.754308 0.765494 0.671117 0.530215 0.465407 0.531958 0.789196 0.675376 0.638237 0.595806 0.769527 0.717581 0.862329 0.747219 0.631897 0.623811 0.710325 0.578091 0.738479 0.624905 0.922507 0.853171 0.811801 0.726471 0.972187 0.862673 0.957527 0.866881 0.456944 0.422435 0.464033 0.481154 0.599161 0.627335 0.551753 0.662511 0.380540 0.418742 0.501891 0.416117 0.620806 0.543949 0.650699 0.584198 0.983975 0.801062 0.965783 0.866404 0.833043 0.537117 0.559873 0.800126 0.746550 0.743702
0.393349 0.495118 0.484888 0.523228 0.871089 0.772042 0.446625 0.457410 0.707659 0.597123 0.000000 0.420054 0.496623 0.636394 0.752073 0.757394 0.421547 0.295470 0.307506 0.308937 0.725280 0.781736 0.825233 0.739361 0.990764 0.789741 0.980259 0.916614 0.477785 0.373946 0.614536 0.622242 0.573904 0.450671 0.956333 0.890183 0.845632 0.848418 0.903719 0.809986 0.962505 0.989007 0.573033 0.504877 0.561663 0.550620 0.546053 0.563187 0.912300 0.622897 0.611263 0.681116 0.736281 0.599716 0.767257 0.982093 0.469607 0.498975 0.547356 0.602635 0.462253 0.613356 0.387700 0.499655 0.688061 0.571302 0.546933 0.405694 0.601175 0.699504 0.690820 0.686965 0.672552 0.574134 0.944450 0.792078 0.669815 0.569347 0.654304 0.532556 0.462511 0.431347 0.635312 0.703492 0.775815 0.690976 0.982224 0.773088 0.923878 0.905290 0.742420 0.739603 0.759971 0.735866 0.715147 0.731038 0.772603 0.921950 0.643254 0.575493 0.689483 0.630448 0.596984 0.557494 0.687952 0.822517 0.875316 0.893329 0.986953 0.851023 0.890395 0.622511 0.642661 0.756391 0.836731 0.988772
0.308251 0.377682 0.465743 0.380112 0.822515 0.784058 0.486795 0.344439 0.620490 0.581898 0.420054 0.000000 0.314545 0.316359 0.365261 0.400106 0.443556 0.384908 0.411854 0.357392 0.603647 0.758813 0.477073 0.504742 0.882420 0.725189 0.989044 0.949613 0.336836 0.327468 0.454570 0.551399 0.432562 0.411972 0.793720 0.876776 0.731338 0.740160 0.836424 0.878287 0.973534 0.904002 0.516566 0.484137 0.416576 0.420718 0.428316 0.424728 0.648396 0.408953 0.396055 0.368929 0.582765 0.485406 0.653300 0.753653 0.560773 0.521570 0.382244 0.388827 0.282105 0.290252 0.376914 0.331542 0.501554 0.380896 0.465185 0.346541 0.672375 0.491871 0.593872 0.632678 0.482317 0.439481 0.830693 0.688576 0.575944 0.489497 0.548173 0.581933 0.479721 0.436595 0.526410 0.612275 0.493488 0.452124 0.965039 0.832225 0.764744 0.579526 0.771580 0.812348 0.708398 0.934036 0.617446 0.688511 0.689893 0.657819 0.517645 0.445623 0.681075 0.815644 0.577531 0.657023 0.515590 0.532811 0.974549 0.832660 0.875415 0.678882 0.844246 0.566624 0.649344 0.638317 0.673699 0.993967
0.357625 0.549899 0.321523 0.327411 0.734044 0.626502 0.355119 0.323527 0.514889 0.595330 0.496623 0.314545 0.000000 0.353611 0.293569 0.324374 0.567931 0.533455 0.391421 0.480319 0.663606 0.782813 0.317462 0.360283 0.797016 0.635858 0.995919 0.969029 0.491641 0.467653 0.405471 0.537471 0.431775 0.445722 0.784227 0.869081 0.726297 0.855029 0.737018 0.819567 0.950477 0.980522 0.399545 0.393940 0.395392 0.386888 0.382545 0.391493 0.769178 0.393794 0.353453 0.345391 0.454403 0.420328 0.578191 0.718693 0.720798 0.702828 0.385109 0.460325 0.221573 0.324006 0.425331 0.505933 0.310903 0.293205 0.343527 0.331171 0.752391 0.633588 0.528657 0.536705 0.515700 0.525170 0.891490 0.638911 0.578449 0.652033 0.597476 0.634313 0.522380 0.449357 0.528167 0.725993 0.388399 0.338239 0.821518 0.697103 0.671040 0.596997 0.638853 0.687379 0.572429 0.776404 0.656329 0.739785 0.664593 0.761285 0.527891 0.481849 0.658820 0.749865 0.630741 0.710784 0.436624 0.571679 0.987205 0.767668 0.688842 0.766775 0.892153 0.567460 0.559685 0.648355 0.614912 0.896868
0.510858 0.561312 0.567385 0.453026 0.902001 0.864054 0.611456 0.465056 0.643405 0.686975 0.636394 0.316359 0.353611 0.000000 0.278082 0.259449 0.658572 0.576009 0.493194 0.564401 0.664515 0.748504 0.402361 0.382911 0.836385 0.694468 0.961530 0.957439 0.444189 0.458336 0.455489 0.588986 0.513092 0.519233 0.855563 0.968676 0.700737 0.761140 0.863357 0.812929 0.987771 0.840732 0.538689 0.535961 0.630215 0.601970 0.605272 0.590087 0.782327 0.552818 0.484990 0.442100 0.610235 0.514061 0.763063 0.939418 0.717096 0.697030 0.497860 0.582134 0.426020 0.450046 0.490571 0.473472 0.485437 0.455109 0.535826 0.500721 0.968260 0.619129 0.585011 0.633174 0.663869 0.542512 0.952223 0.630259 0.557979 0.589527 0.649079 0.737958 0.720918 0.699407 0.549676 0.737792 0.535325 0.456878 0.875646 0.833725 0.815806 0.656389 0.717170 0.766063 0.612039 0.862558 0.675866 0.793252 0.867445 0.657578 0.599026 0.564238 0.670676 0.856242 0.634737 0.834987 0.529970 0.551221 0.958672 0.726418 0.866351 0.747278 0.906192 0.645522 0.687485 0.719957 0.638589 0.989376
0.513796 0.665578 0.456648 0.397420 0.793485 0.767872 0.539146 0.462682 0.585289 0.757604 0.752073 0.365261 0.293569 0.278082 0.000000 0.225163 0.732088 0.699465 0.589026 0.666296 0.667374 0.767138 0.195268 0.291819 0.604123 0.628917 0.950510 0.980006 0.540915 0.547119 0.344328 0.496846 0.456886 0.517359 0.673862 0.977772 0.646443 0.841176 0.802823 0.923018 0.945103 0.970689 0.536603 0.556260 0.529330 0.527100 0.489906 0.543044 0.773188 0.537678 0.503981 0.426467 0.573972 0.554103 0.533075 0.711540 0.894437 0.872785 0.541509 0.580005 0.322692 0.377786 0.559226 0.590700 0.314437 0.352748 0.443409 0.444993 0.924295 0.660543 0.535946 0.682895 0.495191 0.551654 0.861468 0.712174 0.558847 0.694176 0.640604 0.765327 0.642339 0.596426 0.510155 0.724207 0.305509 0.310356 0.803010 0.719586 0.767174 0.569293 0.747223 0.852609 0.652611 0.954630 0.689063 0.789476 0.756298 0.722457 0.639959 0.599557 0.758572 0.938784 0.784804 0.927363 0.455947 0.526448 0.971523 0.764217 0.800704 0.767595 0.900437 0.632855 0.695493 0.801587 0.582060 0.962539
0.576393 0.687078 0.529300 0.422470 0.782356 0.669309 0.570667 0.474062 0.557383 0.739118 0.757394 0.400106 0.324374 0.259449 0.225163 0.000000 0.769408 0.711407 0.574888 0.704613 0.635600 0.772970 0.245328 0.265768 0.709051 0.697845 0.907963 0.908359 0.559944 0.591601 0.431528 0.547196 0.513768 0.568133 0.774301 0.988007 0.819785 0.863231 0.851733 0.935299 0.927709 0.979496 0.515604 0.554851 0.587831 0.551912 0.536030 0.547796 0.882609 0.580523 0.510164 0.431767 0.534908 0.454194 0.695857 0.794106 0.917011 0.906020 0.556823 0.647321 0.395247 0.459682 0.586805 0.608204 0.422117 0.405686 0.480544 0.532343 0.925711 0.728594 0.483383 0.582660 0.588965 0.641523 0.802688 0.709762 0.598960 0.701277 0.688630 0.755304 0.704283 0.639582 0.548827 0.717858 0.415226 0.330061 0.866940 0.805665 0.818854 0.701919 0.649714 0.715551 0.542578 0.840943 0.728455 0.801636 0.812062 0.712961 0.681666 0.618318 0.753072 0.778796 0.786934 0.923646 0.484417 0.604709 0.938364 0.856959 0.884754 0.867143 0.948840 0.683699 0.701062 0.703970 0.618155 0.920243
0.312066 0.267187 0.675978 0.631960 0.777169 0.935511 0.533240 0.476198 0.783060 0.647035 0.421547 0.443556 0.567931 0.658572 0.732088 0.769408 0.000000 0.239297 0.364080 0.410766 0.667712 0.742312 0.782128 0.875716 0.945593 0.901702 0.876977 0.945603 0.330226 0.330043 0.632086 0.622546 0.498250 0.431055 0.936620 0.719566 0.759859 0.755730 0.928971 0.737983 0.802679 0.690110 0.516310 0.454045 0.457438 0.480201 0.525704 0.476264 0.749470 0.577644 0.493275 0.606197 0.746953 0.620734 0.677880 0.851170 0.206778 0.284669 0.385281 0.519269 0.489430 0.611183 0.284349 0.271673 0.746026 0.675084 0.495969 0.388228 0.420635 0.477130 0.580946 0.561940 0.586475 0.520350 0.936467 0.757892 0.557808 0.478517 0.459406 0.564273 0.292426 0.447789 0.546913 0.583218 0.667290 0.682996 0.975495 0.978114 0.876388 0.839421 0.784364 0.770425 0.754712 0.862531 0.664603 0.759043 0.722063 0.604753 0.533759 0.481039 0.856678 0.798949 0.495017 0.460731 0.654284 0.634957 0.972653 0.792087 0.867175 0.624426 0.781043 0.545589 0.660369 0.658377 0.812104 0.951080
0.307543 0.322088 0.501897 0.454914 0.827655 0.843140 0.394667 0.349799 0.699257 0.563128 0.295470 0.384908 0.533455 0.576009 0.699465 0.711407 0.239297 0.000000 0.231447 0.266026 0.681331 0.673157 0.769909 0.792031 0.950292 0.755252 0.896429 0.920651 0.268231 0.260534 0.582920 0.532722 0.397897 0.321017 0.966414 0.847063 0.723508 0.831087 0.936832 0.719921 0.996615 0.719498 0.407375 0.340086 0.418563 0.411535 0.449893 0.440798 0.732592 0.554696 0.484829 0.553473 0.706921 0.537117 0.703972 0.829183 0.279139 0.308377 0.402750 0.521259 0.403534 0.554768 0.274231 0.310835 0.656259 0.524650 0.419964 0.333380 0.507143 0.517457 0.594458 0.607096 0.584404 0.438336 0.900516 0.702485 0.556934 0.489583 0.474848 0.498339 0.344697 0.339455 0.565123 0.526686 0.652324 0.591740 0.987744 0.927074 0.890697 0.776463 0.643668 0.635851 0.649442 0.709057 0.621232 0.626761 0.695368 0.667531 0.435885 0.389457 0.670323 0.662899 0.529653 0.417120 0.565919 0.650106 0.829986 0.799771 0.926014 0.695407 0.878174 0.446610 0.525181 0.626367 0.719230 0.951450
0.343731 0.444879 0.387518 0.345801 0.746248 0.717050 0.280207 0.306290 0.521634 0.529391 0.307506 0.411854 0.391421 0.493194 0.589026 0.574888 0.364080 0.231447 0.000000 0.312435 0.679261 0.632387 0.616390 0.619469 0.900712 0.694899 0.952088 0.943215 0.345493 0.286439 0.502620 0.518472 0.398890 0.282390 0.912369 0.818492 0.724274 0.950214 0.862449 0.714386 0.961324 0.795251 0.333252 0.274453 0.381990 0.377398 0.379790 0.411842 0.749536 0.470371 0.416133 0.452842 0.583088 0.400609 0.672934 0.798522 0.468867 0.509967 0.387740 0.553429 0.341059 0.539044 0.338810 0.450899 0.501108 0.427162 0.335352 0.324585 0.574333 0.560777 0.498688 0.534400 0.596369 0.476736 0.951750 0.590282 0.547143 0.595967 0.553048 0.437217 0.412463 0.355194 0.663150 0.626916 0.555411 0.507232 0.901320 0.813802 0.821809 0.785322 0.528019 0.529195 0.545951 0.575733 0.583102 0.670297 0.698102 0.662089 0.396236 0.390443 0.613495 0.609382 0.534350 0.456290 0.528570 0.648757 0.946862 0.799851 0.816792 0.814191 0.888724 0.417603 0.475062 0.625516 0.656560 0.895697
0.306104 0.407237 0.485025 0.458731 0.911779 0.803355 0.461686 0.379902 0.610289 0.557344 0.308937 0.357392 0.480319 0.564401 0.666296 0.704613 0.410766 0.266026 0.312435 0.000000 0.785510 0.682500 0.743464 0.741676 0.973945 0.721304 0.909712 0.903997 0.355618 0.322942 0.626439 0.551269 0.445571 0.367020 0.886562 0.916740 0.788764 0.851083 0.913368 0.779843 0.883513 0.897918 0.507536 0.427397 0.492841 0.477748 0.480936 0.468255 0.716352 0.497658 0.506155 0.542636 0.637406 0.579488 0.732378 0.804574 0.443221 0.410410 0.433607 0.489447 0.407234 0.490298 0.377448 0.415567 0.629185 0.506234 0.520452 0.408498 0.566945 0.502356 0.720315 0.735953 0.610420 0.505028 0.881995 0.729747 0.648089 0.631509 0.600768 0.509836 0.491171 0.383320 0.664774 0.664796 0.704461 0.627295 0.873599 0.842900 0.773178 0.699015 0.703261 0.726068 0.734465 0.804565 0.631675 0.696115 0.687493 0.753418 0.447472 0.443041 0.563865 0.688128 0.649320 0.539626 0.626313 0.689909 0.904748 0.775016 0.875074 0.783751 0.814719 0.526295 0.574446 0.754437 0.746716 0.857416
0.712976 0.713648 0.703642 0.584830 0.705745 0.773795 0.655132 0.640894 0.724826 0.838089 0.725280 0.603647 0.663606 0.664515 0.667374 0.635600 0.667712 0.681331 0.679261 0.785510 0.000000 0.784297 0.623323 0.626450 0.921068 0.790363 0.866191 0.939460 0.684967 0.732258 0.595177 0.751981 0.647346 0.568323 0.795609 0.974663 0.777800 0.931098 0.990604 0.903568 0.896739 0.909051 0.639640 0.658834 0.697625 0.696737 0.588446 0.701432 0.990062 0.786597 0.813529 0.786684 0.835734 0.759853 0.869410 0.980240 0.796807 0.812335 0.696791 0.732707 0.625367 0.687250 0.660471 0.686927 0.676828 0.591088 0.635728 0.608202 0.879227 0.845187 0.558095 0.624881 0.648119 0.695635 0.835761 0.769154 0.670443 0.591355 0.765707 0.762527 0.679243 0.694015 0.586506 0.650637 0.683940 0.677185 0.896393 0.947029 0.925993 0.837190 0.729555 0.808899 0.660410 0.820856 0.847512 0.866503 0.836141 0.829430 0.779625 0.654520 0.844213 0.802427 0.712566 0.681005 0.675871 0.747723 0.888506 0.754564 0.975003 0.968820 0.949598 0.738596 0.818116 0.772673 0.894770 0.847453
0.778937 0.805572 0.747567 0.681805 0.771146 0.982756 0.666689 0.682472 0.747589 0.850789 0.781736 0.758813 0.782813 0.748504 0.767138 0.772970 0.742312 0.673157 0.632387 0.682500 0.784297 0.000000 0.766148 0.786293 0.975160 0.870009 0.895274 0.807615 0.611398 0.684209 0.779142 0.613975 0.562878 0.660915 0.924572 0.960791 0.965978 0.892050 0.995826 0.807074 0.997200 0.977962 0.704405 0.637985 0.723357 0.724591 0.740410 0.805156 0.875076 0.840478 0.768546 0.785399 0.895998 0.684822 0.789968 0.842310 0.773674 0.790479 0.841201 0.824264 0.696768 0.844133 0.744476 0.768739 0.750604 0.717629 0.636790 0.636831 0.863883 0.845055 0.694381 0.744572 0.832673 0.672646 0.834173 0.992984 0.746302 0.765586 0.975674 0.728083 0.800576 0.727729 0.827218 0.877334 0.781990 0.731715 0.939789 0.925217 0.825151 0.815690 0.697499 0.774631 0.786579 0.798281 0.790454 0.946104 0.934129 0.800394 0.711457 0.680200 0.851765 0.907668 0.886106 0.731290 0.873977 0.645121 0.978568 0.888930 0.968256 0.906534 0.768221 0.741532 0.798990 0.761194 0.858558 0.956578
0.585178 0.743872 0.392678 0.347264 0.761411 0.676699 0.476427 0.459338 0.492270 0.717211 0.825233 0.477073 0.317462 0.402361 0.195268 0.245328 0.782128 0.769909 0.616390 0.743464 0.623323 0.766148 0.000000 0.247093 0.483209 0.539849 0.901708 0.981701 0.628462 0.653022 0.316504 0.472133 0.415105 0.550094 0.626002 0.959590 0.704342 0.954627 0.787628 0.953183 0.945071 0.966190 0.474721 0.542419 0.507960 0.505959 0.434017 0.538275 0.817615 0.597919 0.553975 0.449358 0.555041 0.579305 0.530026 0.680894 0.990761 0.976815 0.542318 0.619242 0.331865 0.398936 0.635776 0.684309 0.256198 0.310078 0.376456 0.440981 0.866038 0.671243 0.471571 0.596859 0.491163 0.610884 0.829496 0.778257 0.528705 0.758643 0.612114 0.754416 0.620133 0.569941 0.518134 0.662828 0.249683 0.244550 0.806298 0.749786 0.709072 0.576326 0.657023 0.784189 0.577613 0.893168 0.656385 0.774006 0.671378 0.699258 0.650768 0.597747 0.819375 0.851644 0.855794 0.917884 0.450248 0.551789 0.978751 0.871603 0.755119 0.831372 0.892348 0.647902 0.687169 0.809995 0.574007 0.968212
0.629598 0.791747 0.383392 0.355567 0.834884 0.716893 0.524872 0.487100 0.482460 0.761819 0.739361 0.504742 0.360283 0.382911 0.291819 0.265768 0.875716 0.792031 0.619469 0.741676 0.626450 0.786293 0.247093 0.000000 0.558027 0.518693 0.954950 0.990914 0.642644 0.664114 0.357410 0.469076 0.544108 0.563003 0.713294 0.964528 0.815648 0.920843 0.768061 0.895222 0.945124 0.945323 0.521099 0.600568 0.607200 0.564029 0.507546 0.611393 0.826261 0.649446 0.573058 0.521176 0.542707 0.555003 0.610818 0.752380 0.964227 0.968778 0.591984 0.694083 0.392829 0.487329 0.665729 0.762837 0.338302 0.344735 0.468846 0.515738 0.982820 0.784746 0.560840 0.699185 0.612494 0.690786 0.915876 0.761466 0.640797 0.742665 0.730167 0.721291 0.683983 0.613723 0.607201 0.698053 0.375113 0.317842 0.756826 0.675517 0.756995 0.622647 0.653820 0.743419 0.609812 0.825603 0.730356 0.883494 0.772897 0.774198 0.745044 0.658090 0.746101 0.868528 0.923167 0.925622 0.572642 0.740918 0.993047 0.843744 0.824998 0.887890 0.972608 0.722216 0.667768 0.838868 0.592400 0.984083
0.818214 0.898252 0.629266 0.675635 0.988908 0.928841 0.828668 0.841457 0.760202 0.930979 0.990764 0.882420 0.797016 0.836385 0.604123 0.709051 0.945593 0.950292 0.900712 0.973945 0.921068 0.975160 0.483209 0.558027 0.000000 0.469576 0.908240 0.859953 0.906533 0.922123 0.531240 0.647387 0.742513 0.860186 0.590443 0.981335 0.645789 0.986235 0.723124 0.990882 0.897152 0.900644 0.778602 0.870026 0.851313 0.827856 0.684999 0.913833 0.911987 0.952821 0.892142 0.844179 0.808169 0.951944 0.559760 0.781533 0.942796 0.981584 0.829107 0.860978 0.685925 0.719358 0.890409 0.889005 0.512029 0.647329 0.730830 0.755962 0.843700 0.807524 0.850527 0.988646 0.643340 0.866237 0.864611 0.960085 0.818161 0.981195 0.739519 0.891243 0.720253 0.803815 0.751078 0.760607 0.459326 0.478205 0.989057 0.871227 0.844288 0.665522 0.988169 0.910392 0.914167 0.908647 0.724648 0.927476 0.847360 0.821942 0.959430 0.927873 0.811888 0.857639 0.840984 0.928625 0.713653 0.912155 0.904547 0.996465 0.863558 0.853251 0.942672 0.830552 0.872598 0.811758 0.698396 0.958717
0.692898 0.843393 0.428744 0.425243 0.955449 0.841167 0.609990 0.624499 0.602727 0.797527 0.789741 0.725189 0.635858 0.694468 0.628917 0.697845 0.901702 0.755252 0.694899 0.721304 0.790363 0.870009 0.539849 0.518693 0.469576 0.000000 0.959956 0.808048 0.734895 0.749809 0.470969 0.552236 0.520345 0.625123 0.777269 0.875528 0.671555 0.999525 0.630217 0.748628 0.865573 0.886420 0.544637 0.545981 0.622250 0.577982 0.478626 0.637100 0.728099 0.662946 0.622923 0.597349 0.584910 0.737090 0.596362 0.656234 0.994818 0.921374 0.633445 0.677522 0.550407 0.564082 0.787817 0.838377 0.390243 0.421832 0.560446 0.534438 0.877989 0.762237 0.756247 0.679908 0.584096 0.620226 0.851832 0.888426 0.575253 0.880038 0.786088 0.649251 0.763669 0.606008 0.774761 0.606021 0.501199 0.435818 0.917657 0.724285 0.659291 0.481822 0.651314 0.798081 0.741494 0.776257 0.700696 0.814515 0.645482 0.724472 0.635197 0.562456 0.779739 0.855032 0.882891 0.754310 0.569946 0.904660 0.868071 0.813004 0.926862 0.916772 0.992924 0.717272 0.602890 0.960455 0.560488 0.970416
0.888898 0.763774 0.935093 0.987627 0.739811 0.879897 0.977150 0.916401 0.854437 0.876599 0.980259 0.989044 0.995919 0.961530 0.950510 0.907963 0.876977 0.896429 0.952088 0.909712 0.866191 0.895274 0.901708 0.954950 0.908240 0.959956 0.000000 0.982388 0.867954 0.850003 0.946014 0.983474 0.941186 0.875868 0.994410 0.907707 0.925182 0.958337 0.893659 0.962337 0.903483 0.980138 0.983638 0.967631 0.891023 0.911719 0.936847 0.928512 0.830112 0.949992 0.876906 0.972006 0.966568 0.931946 0.872664 0.884374 0.761969 0.735808 0.882797 0.859639 0.904880 0.897067 0.852062 0.770289 0.983737 0.992687 0.922778 0.943724 0.946633 0.748096 0.967655 0.931406 0.989618 0.958359 0.925496 0.921811 0.884129 0.963032 0.949205 0.945574 0.833779 0.871129 0.954932 0.828364 0.952750 0.954328 0.805217 0.928866 0.869196 0.816894 0.978058 0.890446 0.934454 0.898012 0.961030 0.898221 0.993943 0.828137 0.957260 0.967032 0.962924 0.838232 0.933139 0.840816 0.967561 0.924740 0.982794 0.900442 0.939768 0.856772 0.957807 0.860823 0.895088 0.994317 0.958055 0.964677
0.929055 0.936906 0.989832 0.961710 0.854030 0.821137 0.982080 0.981916 0.969480 0.910704 0.916614 0.949613 0.969029 0.957439 0.980006 0.908359 0.945603 0.920651 0.943215 0.903997 0.939460 0.807615 0.981701 0.990914 0.859953 0.808048 0.982388 0.000000 0.919001 0.995639 0.969912 0.966536 0.850963 0.957979 0.943137 0.962530 0.998710 0.992976 0.966046 0.925849 0.903366 0.900356 0.986947 0.886557 0.974790 0.997645 0.994522 0.941703 0.906695 0.872419 0.959043 0.919966 0.951048 0.997018 0.923911 0.860177 0.917161 0.902957 0.942710 0.981927 0.958638 0.990792 0.888115 0.884406 0.978662 0.998125 0.977299 0.948931 0.940971 0.985584 0.922595 0.915558 0.911446 0.964565 0.882493 0.877662 0.764794 0.964770 0.917431 0.988911 0.922451 0.935222 0.993541 0.930023 0.984514 0.900720 0.823655 0.891528 0.999397 0.949240 0.904958 0.982701 0.990856 0.928246 0.805460 0.958272 0.912661 0.827237 0.968146 0.928001 0.945223 0.936152 0.936394 0.818316 0.890408 0.935018 0.814354 0.912527 0.862310 0.945372 0.971194 0.973977 0.972786 0.970150 0.835779 0.963271
0.362601 0.315694 0.586546 0.484874 0.760104 0.845119 0.525093 0.429427 0.742802 0.691184 0.477785 0.336836 0.491641 0.444189 0.540915 0.559944 0.330226 0.268231 0.345493 0.355618 0.684967 0.611398 0.628462 0.642644 0.906533 0.734895 0.867954 0.919001 0.000000 0.275529 0.487823 0.585377 0.433466 0.366969 0.833430 0.867990 0.715608 0.812848 0.920964 0.720550 0.949486 0.777915 0.483478 0.430085 0.465491 0.459602 0.476909 0.426799 0.680145 0.513946 0.461715 0.461679 0.647001 0.520844 0.622470 0.723680 0.408697 0.425264 0.429118 0.449232 0.389433 0.495539 0.283668 0.314731 0.623277 0.507500 0.461668 0.379648 0.611520 0.488257 0.618419 0.599813 0.534107 0.443365 0.898812 0.732361 0.505712 0.534111 0.549602 0.540386 0.396947 0.406577 0.549722 0.493022 0.545159 0.540966 0.899500 0.938227 0.840194 0.621374 0.768037 0.780777 0.737355 0.898885 0.585475 0.793226 0.792678 0.628547 0.513091 0.448588 0.738941 0.872214 0.641329 0.544396 0.549982 0.578899 0.991243 0.859680 0.874338 0.655704 0.799312 0.524695 0.608937 0.604252 0.619060 0.895492
0.310715 0.341151 0.521273 0.451567 0.766191 0.897933 0.484598 0.393569 0.668141 0.633203 0.373946 0.327468 0.467653 0.458336 0.547119 0.591601 0.330043 0.260534 0.286439 0.322942 0.732258 0.684209 0.653022 0.664114 0.922123 0.749809 0.850003 0.995639 0.275529 0.000000 0.476848 0.546264 0.432787 0.305258 0.930105 0.842621 0.749029 0.821731 0.840094 0.800782 0.915599 0.886689 0.541094 0.432553 0.457976 0.447896 0.461056 0.474692 0.729937 0.479769 0.456075 0.487475 0.587540 0.480692 0.547155 0.759005 0.437496 0.420018 0.467502 0.527344 0.369177 0.483168 0.327338 0.339494 0.610681 0.505346 0.459865 0.387857 0.509568 0.450725 0.604225 0.649196 0.539518 0.417935 0.822674 0.660859 0.684314 0.602737 0.555582 0.521959 0.397563 0.338021 0.521520 0.468634 0.606656 0.530861 0.811588 0.727190 0.808261 0.673339 0.764181 0.821001 0.784510 0.890147 0.593288 0.792927 0.743493 0.639497 0.525113 0.482404 0.678586 0.760127 0.557633 0.565658 0.660009 0.668557 0.990492 0.869184 0.919631 0.753388 0.864007 0.570788 0.613388 0.722816 0.746020 0.964408
0.454162 0.555184 0.376358 0.321189 0.821034 0.687801 0.454998 0.451925 0.540437 0.719326 0.614536 0.454570 0.405471 0.455489 0.344328 0.431528 0.632086 0.582920 0.502620 0.626439 0.595177 0.779142 0.316504 0.357410 0.531240 0.470969 0.946014 0.969912 0.487823 0.476848 0.000000 0.402655 0.369691 0.416482 0.643138 0.840164 0.578930 0.829261 0.737947 0.999175 0.996984 0.862782 0.466692 0.467005 0.478092 0.472104 0.395099 0.487475 0.783479 0.609146 0.552400 0.507505 0.595139 0.606505 0.486211 0.686344 0.789177 0.760872 0.519462 0.544269 0.303994 0.399992 0.525884 0.557808 0.320929 0.298060 0.364197 0.359003 0.672848 0.530862 0.503465 0.571283 0.449369 0.460856 0.828626 0.872834 0.588357 0.613803 0.586440 0.618952 0.473371 0.425040 0.454973 0.460011 0.331952 0.281063 0.858387 0.638927 0.663787 0.497443 0.732562 0.876994 0.679401 0.884845 0.595585 0.855235 0.613554 0.681144 0.650573 0.611774 0.713792 0.809712 0.794590 0.732040 0.572828 0.683877 0.894982 0.887438 0.886118 0.748707 0.970545 0.627493 0.626920 0.766783 0.546018 0.938126
0.586241 0.705867 0.392970 0.351012 0.977886 0.791014 0.418437 0.438147 0.433139 0.532932 0.622242 0.551399 0.537471 0.588986 0.496846 0.547196 0.622546 0.532722 0.518472 0.551269 0.751981 0.613975 0.472133 0.469076 0.647387 0.552236 0.983474 0.966536 0.585377 0.546264 0.402655 0.000000 0.410458 0.446719 0.776860 0.972469 0.750373 0.888853 0.711473 0.928157 0.957958 0.881764 0.466712 0.438183 0.510072 0.571074 0.540256 0.571404 0.858302 0.701573 0.614056 0.619505 0.652193 0.607356 0.623396 0.807563 0.753131 0.817145 0.616118 0.734435 0.452967 0.607076 0.669224 0.684072 0.442603 0.436548 0.441663 0.433822 0.679919 0.698339 0.612612 0.660175 0.581364 0.556056 0.837442 0.870404 0.625524 0.612067 0.675982 0.551019 0.641205 0.538708 0.670651 0.658114 0.559023 0.452583 0.918978 0.731595 0.822511 0.662090 0.560119 0.694607 0.614048 0.719758 0.703779 0.835807 0.660272 0.732791 0.557047 0.548443 0.704634 0.707316 0.841912 0.599444 0.630256 0.663404 0.827179 0.882849 0.992774 0.861183 0.806428 0.585798 0.626920 0.835177 0.554358 0.926256
0.402768 0.483185 0.370198 0.298331 0.799580 0.697207 0.327555 0.307055 0.541117 0.531490 0.573904 0.432562 0.431775 0.513092 0.456886 0.513768 0.498250 0.397897 0.398890 0.445571 0.647346 0.562878 0.415105 0.544108 0.742513 0.520345 0.941186 0.850963 0.433466 0.432787 0.369691 0.410458 0.000000 0.345484 0.767853 0.763639 0.719023 0.937001 0.872531 0.839072 0.881629 0.817178 0.327666 0.300220 0.358804 0.347514 0.383015 0.434354 0.713697 0.555132 0.488810 0.442978 0.574512 0.501445 0.551368 0.643909 0.621906 0.570438 0.406570 0.488859 0.329301 0.388684 0.472069 0.504145 0.395139 0.320113 0.295296 0.259410 0.615461 0.476594 0.432383 0.484051 0.539173 0.474902 0.927513 0.762457 0.422309 0.602775 0.458042 0.560707 0.425149 0.332202 0.548239 0.468750 0.401444 0.324044 0.931522 0.805993 0.736489 0.570697 0.497528 0.599669 0.529047 0.688672 0.533376 0.654146 0.492490 0.487085 0.414604 0.358432 0.649937 0.654994 0.751520 0.505506 0.473213 0.520561 0.856024 0.794576 0.855099 0.735319 0.827962 0.493042 0.476597 0.672218 0.586138 0.951161
0.361005 0.468970 0.414042 0.307750 0.740756 0.697450 0.303776 0.278158 0.532560 0.506261 0.450671 0.411972 0.445722 0.519233 0.517359 0.568133 0.431055 0.321017 0.282390 0.367020 0.568323 0.660915 0.550094 0.563003 0.860186 0.625123 0.875868 0.957979 0.366969 0.305258 0.416482 0.446719 0.345484 0.000000 0.751748 0.904185 0.662051 0.848032 0.891865 0.855923 0.965376 0.894902 0.374419 0.295737 0.353310 0.351820 0.357032 0.439775 0.753730 0.498581 0.497103 0.456365 0.611337 0.506885 0.635156 0.692388 0.533694 0.546580 0.404930 0.535795 0.324356 0.444159 0.419393 0.459626 0.462127 0.347979 0.315288 0.297563 0.651111 0.546353 0.528831 0.565461 0.541813 0.539416 0.812731 0.708362 0.533187 0.563482 0.549915 0.471167 0.451759 0.328532 0.597493 0.510868 0.474758 0.447964 0.884374 0.757837 0.822684 0.700250 0.569333 0.627182 0.593030 0.627488 0.563710 0.692562 0.649895 0.624703 0.392270 0.386437 0.601270 0.660913 0.608458 0.433910 0.532561 0.672248 0.976378 0.735373 0.888908 0.826911 0.812129 0.393644 0.497796 0.651256 0.591413 0.880680
0.697540 0.870389 0.823184 0.768099 0.987649 0.683685 0.832531 0.841209 0.774485 0.931702 0.956333 0.793720 0.784227 0.855563 0.673862 0.774301 0.936620 0.966414 0.912369 0.886562 0.795609 0.924572 0.626002 0.713294 0.590443 0.777269 0.994410 0.943137 0.833430 0.930105 0.643138 0.776860 0.767853 0.751748 0.000000 0.951114 0.686548 0.922227 0.961774 0.850299 0.975191 0.959835 0.755845 0.831462 0.673383 0.671323 0.659257 0.814897 0.715627 0.680273 0.752514 0.687977 0.752813 0.926296 0.569071 0.644266 0.925509 0.940199 0.713840 0.649949 0.687888 0.719321 0.813634 0.846404 0.659061 0.702441 0.709724 0.739994 0.854532 0.668756 0.898265 0.907594 0.710740 0.813640 0.734482 0.991898 0.783585 0.890615 0.740511 0.789657 0.707730 0.735595 0.855175 0.822759 0.511829 0.623831 0.975180 0.818293 0.783310 0.691771 0.941910 0.897242 0.902499 0.934379 0.729184 0.884749 0.741420 0.858483 0.799220 0.892331 0.962426 0.831502 0.963547 0.979488 0.765774 0.804624 0.939448 0.946291 0.693498 0.980630 0.710399 0.762724 0.915774 0.900666 0.771701 0.939655
0.757102 0.698031 0.929367 0.902574 0.983764 0.962745 0.880327 0.899772 0.987391 0.933252 0.890183 0.876776 0.869081 0.968676 0.977772 0.988007 0.719566 0.847063 0.818492 0.916740 0.974663 0.960791 0.959590 0.964528 0.981335 0.875528 0.907707 0.962530 0.867990 0.842621 0.840164 0.972469 0.763639 0.904185 0.951114 0.000000 0.943614 0.808995 0.984232 0.934020 0.848905 0.834491 0.835524 0.782110 0.808966 0.805149 0.840541 0.758337 0.909431 0.876544 0.812007 0.811550 0.895029 0.826400 0.897808 0.867701 0.796415 0.739181 0.762533 0.790316 0.896375 0.896413 0.772279 0.804231 0.933831 0.925208 0.810471 0.757058 0.738214 0.652098 0.825823 0.593053 0.896683 0.839767 0.927451 0.991812 0.849550 0.851754 0.730074 0.856308 0.729906 0.792876 0.818887 0.737333 0.888986 0.864740 0.921317 0.864585 0.898873 0.867529 0.994407 0.940552 0.976753 0.922376 0.846707 0.974670 0.830365 0.698827 0.916109 0.920629 0.979311 0.830571 0.875363 0.857991 0.967268 0.973224 0.923667 0.995476 0.858598 0.916338 0.789514 0.902826 0.877497 0.891845 0.906328 0.923879
0.674409 0.684417 0.689148 0.700481 0.946410 0.986902 0.789251 0.765620 0.900547 0.989439 0.845632 0.731338 0.726297 0.700737 0.646443 0.819785 0.759859 0.723508 0.724274 0.788764 0.777800 0.965978 0.704342 0.815648 0.645789 0.671555 0.925182 0.998710 0.715608 0.749029 0.578930 0.750373 0.719023 0.662051 0.686548 0.943614 0.000000 0.886700 0.763716 0.843591 0.940007 0.790373 0.749876 0.734859 0.679880 0.747227 0.709351 0.732368 0.739926 0.743821 0.755480 0.742343 0.811247 0.998251 0.802846 0.824752 0.776027 0.687230 0.653604 0.687865 0.631971 0.666833 0.763328 0.683513 0.604688 0.677556 0.748861 0.643045 0.792636 0.742254 0.959741 0.828838 0.711726 0.699969 0.780318 0.942090 0.753352 0.801329 0.677992 0.907939 0.748307 0.779941 0.849217 0.756655 0.593565 0.648587 0.915469 0.931219 0.720857 0.689502 0.994087 0.870510 0.909863 0.946844 0.740117 0.784855 0.858314 0.797747 0.722075 0.787538 0.901022 0.909575 0.765675 0.780281 0.595095 0.768805 0.948554 0.845465 0.811236 0.779716 0.948610 0.619937 0.928174 0.960556 0.843403 0.897929
0.748799 0.724877 0.958695 0.961907 0.860232 0.733569 0.965051 0.947198 0.986048 0.951403 0.848418 0.740160 0.855029 0.761140 0.841176 0.863231 0.755730 0.831087 0.950214 0.851083 0.931098 0.892050 0.954627 0.920843 0.986235 0.999525 0.958337 0.992976 0.812848 0.821731 0.829261 0.888853 0.937001 0.848032 0.922227 0.808995 0.886700 0.000000 0.969613 0.951234 0.755544 0.981150 0.954872 0.949532 0.976051 0.944391 0.998776 0.954273 0.958790 0.894634 0.825798 0.927549 0.932803 0.997177 0.936397 0.988937 0.675115 0.664775 0.869139 0.843909 0.871074 0.838466 0.754647 0.660581 0.881254 0.913053 0.971206 0.848755 0.909686 0.881537 0.965425 0.997462 0.819305 0.864892 0.976628 0.840023 0.962381 0.671339 0.943982 0.996844 0.943320 0.950152 0.801282 0.952802 0.949879 0.950564 0.805066 0.996333 0.946440 0.974055 0.849576 0.900720 0.920568 0.898106 0.983013 0.997308 0.813403 0.857243 0.931418 0.983033 0.947993 0.980857 0.901607 0.980923 0.976303 0.977988 0.930335 0.963619 0.914233 0.731131 0.933448 0.939402 0.891583 0.948411 0.868265 0.876065
