0.000000 0.703025 0.787038 0.856996 0.939799 0.945766 0.896287 0.852187 0.866230 0.871534 0.662212 0.856288 0.899010 0.891382 0.995554 0.968958 0.773803 0.609478 0.879671 0.869929 0.953007 0.946279 0.934486 0.916335 0.953288 0.980853 0.891092 0.821404 0.795337 0.809234 0.928166 0.813251 0.844656 0.721878 0.939174 0.847915 0.924012 0.918840 0.890951 0.902629 0.843052 0.736669 0.791359 0.764403 0.720059 0.647835 0.815435 0.697897 0.687796 0.722044 0.660957 0.637283 0.713746 0.862659 0.916625 0.720782 0.626320 0.691407 0.692666 0.697712 0.807026 0.993391 0.634573 0.614221 0.847309 0.889416 0.799356 0.812677 0.884969 0.780457 0.993277 0.953314 0.995648 0.947831 0.908435 0.990524 0.953855 0.950428 0.705820 0.942171 0.548965 0.738836 0.847164 0.702522 0.995295 0.986615 0.907276 0.964250 0.997373 0.855347 0.971683 0.829947 0.991919 0.815151 0.940383 0.958242 0.887324 0.876768 0.760970 0.935036 0.982225 0.961482 0.742045 0.766522 0.962194 0.891105 0.982583 0.836344 0.941108 0.999545 0.921879 0.999092 0.876232 0.842559 0.867159 0.968793
0.703025 0.000000 0.831279 0.902461 0.845837 0.903306 0.837480 0.934573 0.682966 0.612345 0.992699 0.836003 0.947967 0.937528 0.943381 0.966164 0.785949 0.670805 0.921824 0.946928 0.923954 0.900103 0.866203 0.973726 0.795729 0.713670 0.974490 0.728619 0.991095 0.964019 0.972396 0.965095 0.883735 0.844387 0.821089 0.764661 0.915785 0.998579 0.880200 0.730520 0.761826 0.705330 0.694857 0.697360 0.842573 0.738724 0.598906 0.750303 0.902586 0.834474 0.723093 0.649092 0.866653 0.987260 0.805216 0.754122 0.573730 0.562540 0.681962 0.718964 0.998486 0.814334 0.686258 0.744053 0.986703 0.842622 0.682127 0.651653 0.854225 0.808359 0.981105 0.905672 0.937377 0.955410 0.945686 0.884683 0.897950 0.821078 0.849341 0.796085 0.716982 0.669261 0.767120 0.656750 0.885743 0.696452 0.966843 0.993669 0.937795 0.822970 0.975582 0.870908 0.770091 0.900866 0.885862 0.994262 0.905601 0.987963 0.980195 0.964282 0.930356 0.935490 0.945757 0.896702 0.862071 0.827740 0.981519 0.910246 0.920091 0.951312 0.999580 0.939091 0.904147 0.899912 0.761572 0.974050
0.787038 0.831279 0.000000 0.624360 0.895638 0.975548 0.600775 0.680508 0.722292 0.782688 0.960283 0.853150 0.682595 0.727273 0.778015 0.710330 0.821861 0.842350 0.802239 0.867508 0.786133 0.904510 0.657841 0.630509 0.773190 0.952007 0.899386 0.843314 0.910006 0.953294 0.783892 0.865360 0.821533 0.966345 0.964046 0.962240 0.962075 0.940628 0.819409 0.907679 0.921266 0.992651 0.974233 0.980971 0.927816 0.820645 0.986233 0.981876 0.778890 0.841230 0.755506 0.791324 0.990454 0.984521 0.869452 0.777481 0.837492 0.633438 0.654475 0.697188 0.827084 0.651882 0.681876 0.735058 0.603831 0.797414 0.903669 0.845057 0.927264 0.782716 0.852464 0.808339 0.903768 0.873262 0.955230 0.805565 0.954611 0.960295 0.967219 0.973457 0.739812 0.959856 0.986707 0.907553 0.799867 0.853078 0.877258 0.887699 0.681186 0.895131 0.955878 0.732634 0.988593 0.694665 0.987531 0.875269 0.956452 0.994955 0.967761 0.825408 0.958164 0.929136 0.766402 0.809698 0.953293 0.936454 0.857075 0.990516 0.989375 0.928557 0.882959 0.921032 0.890989 0.834469 0.960823 0.984584
0.856996 0.902461 0.624360 0.000000 0.900054 0.996876 0.808943 0.506462 0.966362 0.951216 0.899327 0.951940 0.990857 0.897418 0.814129 0.980216 0.908328 0.915592 0.964969 0.910608 0.854967 0.917534 0.991838 0.771044 0.750626 0.847167 0.940006 0.985666 0.775886 0.863161 0.981045 0.911426 0.936290 0.917483 0.925585 0.951224 0.959191 0.936523 0.728152 0.897195 0.980121 0.985498 0.985211 0.990389 0.691525 0.752335 0.950666 0.950392 0.692332 0.839559 0.753034 0.839705 0.844320 0.823485 0.919663 0.877671 0.997529 0.867012 0.872247 0.970363 0.892642 0.897867 0.769663 0.751065 0.849976 0.707760 0.996400 0.940158 0.876072 0.930808 0.880588 0.904056 0.986455 0.960140 0.869974 0.902992 0.927273 0.947406 0.989182 0.924902 0.809720 0.909309 0.846071 0.955374 0.987710 0.855583 0.986132 0.983878 0.774662 0.908418 0.928199 0.836524 0.945820 0.780646 0.891558 0.986385 0.986419 0.871935 0.730871 0.931829 0.966775 0.951963 0.817163 0.852107 0.880444 0.923644 0.845368 0.975637 0.882997 0.874516 0.993911 0.733520 0.947483 0.933924 0.964856 0.879912
0.939799 0.845837 0.895638 0.900054 0.000000 0.933410 0.758300 0.930238 0.736318 0.827896 0.987783 0.902989 0.687255 0.799193 0.731634 0.679924 0.982874 0.950123 0.822208 0.990938 0.829959 0.999218 0.648813 0.729925 0.992133 0.808881 0.937634 0.875077 0.918991 0.987819 0.993070 0.960314 0.912640 0.975499 0.919800 0.987859 0.859269 0.956203 0.886088 0.814988 0.940801 0.798866 0.970292 0.817092 0.912132 0.913392 0.911696 0.943645 0.950769 0.904499 0.904265 0.983395 0.968409 0.907353 0.921736 0.988441 0.770766 0.807035 0.883438 0.795652 0.717453 0.801797 0.915627 0.986420 0.687634 0.894225 0.950968 0.843281 0.822121 0.765056 0.901940 0.999084 0.961642 0.972300 0.944169 0.891464 0.887135 0.972603 0.976731 0.949551 0.802572 0.934924 0.837498 0.856527 0.623823 0.891583 0.789218 0.795292 0.933165 0.898919 0.707227 0.704426 0.960340 0.706877 0.898166 0.963645 0.864144 0.752175 0.852084 0.704189 0.906010 0.849865 0.892194 0.896369 0.931227 0.969967 0.989768 0.832991 0.987625 0.794926 0.852721 0.944155 0.927336 0.999041 0.961595 0.855345
0.945766 0.903306 0.975548 0.996876 0.933410 0.000000 0.991595 0.928484 0.883741 0.853458 0.988303 0.935381 0.933433 0.997100 0.888139 0.885765 0.878465 0.824302 0.911513 0.884386 0.870146 0.911517 0.937442 0.860781 0.669453 0.700995 0.985165 0.680221 0.938463 0.843426 0.986351 0.877142 0.821001 0.843825 0.702796 0.900550 0.970153 0.999326 0.890238 0.805105 0.753595 0.970886 0.921744 0.812694 0.904669 0.820777 0.922150 0.835617 0.755971 0.720714 0.932187 0.977242 0.926507 0.789590 0.982971 0.923984 0.919397 0.867813 0.872086 0.959204 0.797539 0.937631 0.849436 0.827414 0.733993 0.689292 0.679846 0.712742 0.784464 0.811150 0.995500 0.784666 0.875019 0.881745 0.824662 0.937231 0.931656 0.880067 0.955612 0.955307 0.988039 0.851387 0.844308 0.891089 0.720314 0.620960 0.826308 0.847559 0.943406 0.940181 0.768972 0.953388 0.742921 0.929438 0.891680 0.887613 0.997642 0.989792 0.944103 0.961491 0.908551 0.932660 0.895439 0.859389 0.858567 0.865727 0.767792 0.888758 0.969782 0.910268 0.989087 0.907406 0.914396 0.939973 0.872330 0.846076
0.896287 0.837480 0.600775 0.808943 0.758300 0.991595 0.000000 0.588048 0.666399 0.557071 0.859627 0.921797 0.544149 0.771050 0.668760 0.706868 0.984684 0.970016 0.500853 0.757088 0.677169 0.915937 0.544594 0.751713 0.987796 0.637024 0.945640 0.815905 0.741256 0.683454 0.798986 0.671886 0.741150 0.894467 0.850088 0.902341 0.793383 0.865422 0.865319 0.694308 0.911903 0.919249 0.839385 0.806579 0.894773 0.778640 0.743877 0.928923 0.801260 0.886237 0.667863 0.742401 0.959107 0.904494 0.892800 0.788226 0.766444 0.669536 0.697397 0.775760 0.699666 0.752464 0.877348 0.945298 0.734487 0.953223 0.865114 0.677691 0.805546 0.708691 0.855749 0.725576 0.782654 0.826124 0.848502 0.902317 0.991517 0.969738 0.871741 0.924475 0.909949 0.985822 0.922217 0.863131 0.736326 0.932662 0.950766 0.731160 0.742544 0.975781 0.681536 0.603243 0.855514 0.665511 0.997265 0.983233 0.941258 0.822494 0.897506 0.739459 0.984359 0.719036 0.820878 0.796879 0.972747 0.877643 0.834972 0.959282 0.950862 0.957135 0.928115 0.992512 0.944098 0.875111 0.839536 0.876662
0.852187 0.934573 0.680508 0.506462 0.930238 0.928484 0.588048 0.000000 0.888132 0.680591 0.902669 0.903403 0.922855 0.991171 0.870760 0.981396 0.964377 0.995026 0.751958 0.829573 0.714746 0.959539 0.966821 0.895108 0.928553 0.910509 0.916715 0.857526 0.984835 0.861283 0.984544 0.745600 0.945809 0.933002 0.762393 0.939778 0.902110 0.927584 0.931205 0.888517 0.967350 0.997571 0.762538 0.842424 0.591794 0.650653 0.816341 0.907101 0.655331 0.826486 0.645428 0.702850 0.844659 0.745867 0.975820 0.845924 0.899945 0.769553 0.852905 0.995271 0.981066 0.850789 0.916638 0.920579 0.988727 0.919683 0.938376 0.895042 0.997498 0.815343 0.914569 0.710513 0.845268 0.948623 0.761981 0.992530 0.973954 0.987749 0.888346 0.894957 0.922274 0.929641 0.690951 0.803736 0.914099 0.884514 0.848500 0.944762 0.861948 0.998291 0.878765 0.813507 0.881926 0.789844 0.997566 0.927239 0.928456 0.952071 0.841688 0.990513 0.909835 0.902695 0.937293 0.806276 0.938583 0.991787 0.833453 0.959774 0.956775 0.966770 0.887352 0.793421 0.833001 0.912313 0.842437 0.903818
0.866230 0.682966 0.722292 0.966362 0.736318 0.883741 0.666399 0.888132 0.000000 0.479399 0.895574 0.989544 0.645394 0.780923 0.655114 0.596276 0.911133 0.789333 0.597616 0.885895 0.871182 0.902085 0.558479 0.710304 0.864062 0.707688 0.875438 0.740752 0.806649 0.749967 0.685022 0.853025 0.969593 0.964381 0.936278 0.863465 0.857875 0.908850 0.782692 0.705295 0.790157 0.871411 0.974737 0.967878 0.868269 0.995009 0.760640 0.866221 0.892920 0.877354 0.874456 0.933005 0.787566 0.690209 0.786932 0.826350 0.685258 0.630933 0.685273 0.701326 0.907561 0.711444 0.732501 0.827701 0.767613 0.806114 0.732358 0.588601 0.796002 0.827555 0.793900 0.852937 0.914259 0.967770 0.802248 0.949337 0.917269 0.995623 0.951970 0.951366 0.849911 0.818309 0.990931 0.742748 0.849377 0.805307 0.910619 0.785746 0.888724 0.898069 0.814985 0.599013 0.822582 0.713252 0.942836 0.954416 0.850710 0.855991 0.844485 0.740071 0.864572 0.740770 0.934790 0.992467 0.807526 0.883938 0.912331 0.969739 0.999752 0.859866 0.969793 0.881882 0.908215 0.966994 0.886999 0.919979
0.871534 0.612345 0.782688 0.951216 0.827896 0.853458 0.557071 0.680591 0.479399 0.000000 0.801004 0.955283 0.735327 0.924151 0.767159 0.762069 0.971278 0.888859 0.553658 0.829136 0.783992 0.969182 0.666238 0.903257 0.778253 0.604961 0.972223 0.702812 0.741466 0.635132 0.764393 0.774951 0.993982 0.942801 0.732205 0.795826 0.811016 0.908380 0.758902 0.641537 0.828304 0.821545 0.763489 0.829874 0.905563 0.844462 0.579028 0.799412 0.993903 0.985606 0.703102 0.748645 0.920168 0.897998 0.866725 0.785529 0.666552 0.599758 0.684764 0.775236 0.928338 0.806729 0.794453 0.898445 0.958678 0.695789 0.673451 0.528703 0.824703 0.787083 0.816121 0.753255 0.797823 0.926510 0.971555 0.988423 0.934607 0.971957 0.907334 0.953423 0.908386 0.835954 0.836838 0.700261 0.969219 0.618100 0.943812 0.835032 0.871121 0.997126 0.781391 0.593007 0.889471 0.686749 0.909825 0.999084 0.902283 0.858034 0.953572 0.843491 0.920811 0.771019 0.977568 0.877178 0.793248 0.793382 0.941663 0.946898 0.970194 0.921546 0.945979 0.994705 0.974530 0.983445 0.751396 0.948920
0.662212 0.992699 0.960283 0.899327 0.987783 0.988303 0.859627 0.902669 0.895574 0.801004 0.000000 0.771178 0.757955 0.847909 0.868274 0.890157 0.757055 0.660373 0.727479 0.805594 0.956105 0.974630 0.945963 0.990451 0.929632 0.889257 0.905972 0.965067 0.656582 0.621465 0.756579 0.789030 0.671472 0.684652 0.885431 0.971026 0.933356 0.963541 0.825531 0.989209 0.972183 0.809836 0.961061 0.903674 0.899579 0.891077 0.859731 0.936200 0.861490 0.872288 0.875214 0.882746 0.786528 0.923863 0.975638 0.783153 0.896165 0.923957 0.881413 0.836801 0.752462 0.781432 0.782447 0.621841 0.894934 0.827782 0.861726 0.996021 0.991932 0.942694 0.896559 0.895108 0.984813 0.961556 0.995667 0.965654 0.990128 0.993278 0.849053 0.922940 0.745547 0.720566 0.976554 0.847415 0.940357 0.867036 0.845975 0.992410 0.957808 0.857783 0.922186 0.904251 0.986945 0.860585 0.883893 0.963570 0.894711 0.936825 0.828205 0.911039 0.872654 0.892314 0.806185 0.913060 0.926828 0.972015 0.987776 0.965161 0.893673 0.964438 0.997197 0.959087 0.980190 0.860164 0.956832 0.948344
0.856288 0.836003 0.853150 0.951940 0.902989 0.935381 0.921797 0.903403 0.989544 0.955283 0.771178 0.000000 0.776289 0.645161 0.938129 0.800469 0.853998 0.841111 0.927905 0.867147 0.828475 0.988948 0.932919 0.818035 0.831895 0.882106 0.916179 0.951195 0.824590 0.972610 0.912547 0.955262 0.658092 0.769758 0.798094 0.821666 0.944390 0.944903 0.980597 0.917693 0.981979 0.912191 0.938554 0.905100 0.914524 0.961412 0.889001 0.984336 0.967580 0.933863 0.826336 0.823106 0.881820 0.920819 0.913691 0.732424 0.899355 0.985826 0.843042 0.952370 0.727685 0.644493 0.865704 0.798897 0.916377 0.789541 0.695179 0.792027 0.984769 0.973582 0.896115 0.909489 0.930543 0.847145 0.928005 0.809323 0.986386 0.948519 0.918340 0.916743 0.986317 0.758907 0.896914 0.856439 0.884373 0.842523 0.933386 0.865849 0.970210 0.768299 0.900269 0.932723 0.843525 0.971877 0.979355 0.957015 0.774787 0.995691 0.882091 0.859790 0.821751 0.896021 0.840958 0.951622 0.972045 0.854519 0.958793 0.980985 0.959795 0.943135 0.919951 0.977577 0.849728 0.958571 0.902915 0.949925
0.899010 0.947967 0.682595 0.990857 0.687255 0.933433 0.544149 0.922855 0.645394 0.735327 0.757955 0.776289 0.000000 0.570426 0.460654 0.455123 0.964886 0.863854 0.516855 0.702069 0.825048 0.953297 0.448919 0.595130 0.913192 0.780115 0.957894 0.903938 0.697910 0.697090 0.721099 0.741030 0.628177 0.801134 0.929020 0.975568 0.893743 0.975683 0.920129 0.859342 0.951228 0.970033 0.877540 0.924805 0.758610 0.934947 0.997816 0.995774 0.946246 0.959330 0.980663 0.940008 0.787832 0.864797 0.841928 0.990518 0.927387 0.804134 0.810253 0.739992 0.564626 0.679519 0.907603 0.966671 0.561018 0.958611 0.977773 0.808103 0.868590 0.811455 0.790702 0.909329 0.843380 0.772765 0.999475 0.831725 0.841472 0.840268 0.926201 0.978554 0.898504 0.953841 0.832421 0.967233 0.574333 0.883315 0.852031 0.685709 0.743262 0.838597 0.768162 0.695887 0.920122 0.775184 0.955194 0.961300 0.908104 0.832851 0.763721 0.604277 0.985908 0.707744 0.890563 0.981593 0.873701 0.970046 0.953419 0.984513 0.948260 0.909144 0.961742 0.891442 0.902229 0.968850 0.906262 0.992849
0.891382 0.937528 0.727273 0.897418 0.799193 0.997100 0.771050 0.991171 0.780923 0.924151 0.847909 0.645161 0.570426 0.000000 0.618827 0.561200 0.868457 0.958901 0.725859 0.729646 0.835392 0.807826 0.555575 0.554453 0.843497 0.974084 0.865189 0.956824 0.787342 0.891926 0.821719 0.803748 0.694983 0.862892 0.750010 0.826015 0.906558 0.905050 0.999825 0.890209 0.906644 0.985948 0.815660 0.843133 0.774593 0.850889 0.978563 0.856463 0.885489 0.800990 0.943932 0.763386 0.813022 0.751217 0.957021 0.976173 0.966072 0.900066 0.998992 0.948467 0.754650 0.668611 0.878880 0.944389 0.599733 0.838178 0.916136 0.974698 0.937003 0.991354 0.965845 0.952483 0.972944 0.815260 0.891518 0.688013 0.814948 0.859151 0.908302 0.949909 0.849809 0.953504 0.714852 0.842086 0.620144 0.750246 0.908666 0.726025 0.779202 0.679241 0.941522 0.891370 0.954859 0.907384 0.987823 0.951780 0.966956 0.817158 0.931940 0.694580 0.972216 0.915150 0.999306 0.956832 0.835752 0.906591 0.929406 0.995164 0.988180 0.935367 0.888920 0.962093 0.965714 0.976915 0.878319 0.864062
0.995554 0.943381 0.778015 0.814129 0.731634 0.888139 0.668760 0.870760 0.655114 0.767159 0.868274 0.938129 0.460654 0.618827 0.000000 0.464570 0.958586 0.926926 0.639362 0.830446 0.901027 0.930564 0.414571 0.677161 0.956387 0.819805 0.842124 0.955435 0.625038 0.704742 0.714034 0.789222 0.669782 0.881064 0.892411 0.958761 0.894312 0.915101 0.829439 0.815288 0.908961 0.954712 0.861626 0.920790 0.692595 0.854708 0.957143 0.992318 0.837296 0.867534 0.961396 0.915727 0.797487 0.765423 0.903149 0.885547 0.868690 0.867055 0.788264 0.726547 0.733129 0.837128 0.873106 0.983420 0.560416 0.889023 0.889281 0.710937 0.732458 0.821498 0.931253 0.995075 0.813534 0.853243 0.867094 0.854317 0.856905 0.866495 0.948488 0.992778 0.913664 0.938473 0.721499 0.964234 0.585566 0.896999 0.793588 0.690489 0.868285 0.866951 0.831729 0.686641 0.995115 0.790908 0.945205 0.986429 0.840889 0.712104 0.792281 0.624991 0.885276 0.828039 0.882451 0.952349 0.933154 0.941414 0.941216 0.987498 0.985346 0.919673 0.987290 0.791421 0.864917 0.979937 0.916089 0.996093
0.968958 0.966164 0.710330 0.980216 0.679924 0.885765 0.706868 0.981396 0.596276 0.762069 0.890157 0.800469 0.455123 0.561200 0.464570 0.000000 0.981082 0.947938 0.672427 0.762437 0.901070 0.958978 0.447120 0.530413 0.838382 0.906758 0.785520 0.971728 0.708105 0.799174 0.720870 0.845876 0.738709 0.947044 0.889163 0.997302 0.988724 0.932341 0.947529 0.877498 0.958060 0.959868 0.832647 0.888944 0.781580 0.920560 0.968020 0.952777 0.915739 0.945729 0.942923 0.953148 0.784732 0.780440 0.853191 0.967377 0.917396 0.828125 0.748360 0.658410 0.782877 0.761510 0.829995 0.923322 0.494879 0.961990 0.883012 0.747003 0.784702 0.816520 0.845424 0.949248 0.888200 0.817439 0.883546 0.777666 0.846414 0.891588 0.900767 0.993556 0.834801 0.953314 0.695360 0.941907 0.550695 0.820219 0.864862 0.636633 0.829443 0.731437 0.842922 0.638881 0.982480 0.674879 0.924395 0.944818 0.819974 0.701699 0.859389 0.655703 0.921832 0.836268 0.820493 0.923512 0.920340 0.936930 0.903152 0.974784 0.999447 0.934323 0.897888 0.857414 0.847213 0.954376 0.864230 0.873021
0.773803 0.785949 0.821861 0.908328 0.982874 0.878465 0.984684 0.964377 0.911133 0.971278 0.757055 0.853998 0.964886 0.868457 0.958586 0.981082 0.000000 0.589035 0.909094 0.943846 0.935590 0.945342 0.854023 0.790108 0.919562 0.995322 0.841855 0.915045 0.861259 0.714095 0.929190 0.929709 0.873751 0.729038 0.980038 0.952937 0.980043 0.997345 0.883158 0.931365 0.915305 0.930405 0.929666 0.929296 0.991155 0.930432 0.964099 0.911509 0.975507 0.993522 0.909223 0.968228 0.997876 0.912554 0.946020 0.755139 0.814151 0.746343 0.854780 0.945871 0.870052 0.923265 0.612622 0.635626 0.803271 0.908025 0.889206 0.891528 0.946361 0.927576 0.894558 0.900757 0.980983 0.971256 0.896015 0.954197 0.969978 0.981383 0.832854 0.840851 0.661837 0.750970 0.975626 0.895932 0.893473 0.929312 0.863745 0.933236 0.994812 0.945924 0.837082 0.982295 0.966322 0.890979 0.999529 0.992622 0.844689 0.904731 0.927341 0.942855 0.993499 0.925412 0.836354 0.849643 0.949522 0.967527 0.962054 0.975189 0.986826 0.964274 0.912372 0.899413 0.950799 0.959756 0.964098 0.995396
0.609478 0.670805 0.842350 0.915592 0.950123 0.824302 0.970016 0.995026 0.789333 0.888859 0.660373 0.841111 0.863854 0.958901 0.926926 0.947938 0.589035 0.000000 0.889424 0.838825 0.999963 0.954459 0.971054 0.911126 0.879570 0.975976 0.897673 0.768869 0.808913 0.735640 0.856143 0.912765 0.741379 0.753767 0.978895 0.878705 0.900849 0.988599 0.930094 0.840364 0.849455 0.784248 0.979012 0.864004 0.930847 0.880675 0.842545 0.891897 0.952416 0.970098 0.853694 0.866045 0.939442 0.894378 0.831590 0.759270 0.652449 0.632061 0.817347 0.821376 0.801335 0.886366 0.590372 0.551703 0.922736 0.932266 0.803807 0.841896 0.901234 0.943303 0.954638 0.972878 0.878397 0.915907 0.975534 0.928064 0.890630 0.896105 0.753868 0.830617 0.623736 0.546175 0.844059 0.675215 0.929181 0.876708 0.993683 0.896655 0.985042 0.914558 0.909616 0.948938 0.858033 0.952817 0.986491 0.956670 0.860056 0.928844 0.882621 0.966735 0.937269 0.919546 0.898164 0.922167 0.906362 0.887840 0.856700 0.941780 0.901045 0.999969 0.982138 0.953223 0.984134 0.856948 0.856791 0.992933
0.879671 0.921824 0.802239 0.964969 0.822208 0.911513 0.500853 0.751958 0.597616 0.553658 0.727479 0.927905 0.516855 0.725859 0.639362 0.672427 0.909094 0.889424 0.000000 0.673165 0.781205 0.922777 0.559771 0.798804 0.826914 0.622642 0.979298 0.803230 0.674859 0.584952 0.725413 0.688703 0.772773 0.734551 0.848172 0.986489 0.764278 0.909605 0.736567 0.709062 0.937487 0.986642 0.973687 0.985513 0.919254 0.990725 0.777119 0.989585 0.932828 0.860273 0.879381 0.998870 0.796866 0.893445 0.860245 0.886439 0.900384 0.804678 0.863783 0.925857 0.686645 0.784520 0.956456 0.922797 0.831344 0.816643 0.908713 0.713490 0.941013 0.824112 0.797857 0.862435 0.808167 0.869130 0.926822 0.971569 0.852930 0.972801 0.992281 0.967018 0.948666 0.965349 0.955949 0.919782 0.771910 0.876975 0.976051 0.674348 0.802467 0.914451 0.694415 0.634002 0.885938 0.757151 0.963857 0.910115 0.992541 0.833828 0.849092 0.719229 0.996287 0.733985 0.956964 0.915818 0.920152 0.918483 0.894442 0.816491 0.959728 0.929696 0.977531 0.876627 0.892283 0.939641 0.954398 0.930567
0.869929 0.946928 0.867508 0.910608 0.990938 0.884386 0.757088 0.829573 0.885895 0.829136 0.805594 0.867147 0.702069 0.729646 0.830446 0.762437 0.943846 0.838825 0.673165 0.000000 0.762596 0.858523 0.781299 0.819764 0.984372 0.885198 0.984886 0.881452 0.804744 0.703996 0.881386 0.753315 0.852685 0.868704 0.866606 0.914932 0.892915 0.873978 0.928494 0.896668 0.957791 0.982976 0.967138 0.863855 0.980030 0.970113 0.922363 0.991403 0.986653 0.949925 0.957199 0.982093 0.992909 0.985324 0.971615 0.857806 0.909884 0.924138 0.940149 0.994332 0.883950 0.904102 0.962712 0.968818 0.885087 0.979605 0.935223 0.840158 0.979996 0.952019 0.800570 0.828590 0.881362 0.821050 0.823340 0.992736 0.807631 0.995300 0.837966 0.981649 0.970907 0.862900 0.897936 0.848605 0.888808 0.981291 0.992704 0.750308 0.779229 0.834305 0.978964 0.887496 0.943756 0.881536 0.963240 0.886146 0.993001 0.997712 0.880104 0.855397 0.987173 0.866696 0.971629 0.977963 0.954163 0.966942 0.908427 0.849885 0.957534 0.931158 0.990834 0.930391 0.996422 0.915644 0.987915 0.992463
0.953007 0.923954 0.786133 0.854967 0.829959 0.870146 0.677169 0.714746 0.871182 0.783992 0.956105 0.828475 0.825048 0.835392 0.901027 0.901070 0.935590 0.999963 0.781205 0.762596 0.000000 0.904822 0.760685 0.876997 0.944412 0.849821 0.963347 0.871859 0.926628 0.873837 0.970708 0.744593 0.928558 0.990468 0.954661 0.998570 0.859243 0.846885 0.901518 0.741702 0.940939 0.883589 0.869539 0.908286 0.873882 0.826251 0.890400 0.971807 0.879488 0.992087 0.835081 0.913415 0.995065 0.980912 0.997200 0.944646 0.832764 0.743250 0.878402 0.953258 0.856126 0.799948 0.876646 0.922685 0.884868 0.934189 0.909448 0.831349 0.940343 0.770332 0.902642 0.865621 0.719220 0.818372 0.902335 0.993627 0.928531 0.981800 0.892712 0.950772 0.843901 0.988044 0.988218 0.873069 0.847088 0.975667 0.985793 0.869173 0.973356 0.954815 0.878110 0.769618 0.980230 0.784001 0.933823 0.868438 0.967909 0.952942 0.929918 0.905189 0.921538 0.755384 0.947261 0.796732 0.988123 0.987691 0.879962 0.912436 0.958405 0.919934 0.990288 0.958770 0.949143 0.964861 0.823482 0.884924
0.946279 0.900103 0.904510 0.917534 0.999218 0.911517 0.915937 0.959539 0.902085 0.969182 0.974630 0.988948 0.953297 0.807826 0.930564 0.958978 0.945342 0.954459 0.922777 0.858523 0.904822 0.000000 0.941802 0.896875 0.923122 0.987008 0.989124 0.940285 0.981706 0.940975 0.938522 0.916213 0.941561 0.991378 0.930961 0.932683 0.874773 0.870844 0.963068 0.960830 0.966370 0.946389 0.982041 0.967627 0.890177 0.951256 0.964608 0.947195 0.926281 0.998120 0.901836 0.977457 0.806807 0.916521 0.979354 0.961502 0.949803 0.961115 0.973569 0.955784 0.915513 0.878727 0.991623 0.911376 0.897719 0.985889 0.980131 0.962256 0.959663 0.993572 0.974774 0.881428 0.979138 0.980031 0.963635 0.915481 0.905991 0.998450 0.949440 0.815596 0.928414 0.909379 0.991148 0.917900 0.886340 0.960079 0.870084 0.923228 0.865564 0.908489 0.978422 0.956356 0.951020 0.910337 0.878636 0.781218 0.987651 0.914474 0.843366 0.938630 0.975321 0.835417 0.953494 0.876045 0.852487 0.882685 0.971559 0.973411 0.874493 0.979716 0.951481 0.946210 0.945796 0.913754 0.952247 0.984997
0.934486 0.866203 0.657841 0.991838 0.648813 0.937442 0.544594 0.966821 0.558479 0.666238 0.945963 0.932919 0.448919 0.555575 0.414571 0.447120 0.854023 0.971054 0.559771 0.781299 0.760685 0.941802 0.000000 0.542620 0.936843 0.724685 0.797712 0.914771 0.727861 0.757431 0.739009 0.766910 0.721110 0.974789 0.907151 0.987262 0.852138 0.940302 0.853676 0.692942 0.916058 0.923190 0.923141 0.999530 0.789304 0.968987 0.890787 0.997641 0.916043 0.897903 0.874937 0.945306 0.808318 0.756937 0.823103 0.839702 0.801506 0.785072 0.765632 0.741156 0.711226 0.749038 0.810836 0.901691 0.488276 0.979054 0.843361 0.676835 0.770696 0.805656 0.914782 0.976407 0.780279 0.822327 0.903191 0.849657 0.837315 0.874574 0.999639 0.952222 0.825986 0.927477 0.713262 0.978930 0.499191 0.859005 0.813130 0.608513 0.815070 0.813918 0.766511 0.570338 0.977480 0.673835 0.974219 0.937726 0.854696 0.728543 0.842656 0.597448 0.924692 0.754987 0.803777 0.890248 0.920169 0.944080 0.987813 0.968059 0.992749 0.950883 0.985947 0.866445 0.857648 0.950210 0.956423 0.969516
0.916335 0.973726 0.630509 0.771044 0.729925 0.860781 0.751713 0.895108 0.710304 0.903257 0.990451 0.818035 0.595130 0.554453 0.677161 0.530413 0.790108 0.911126 0.798804 0.819764 0.876997 0.896875 0.542620 0.000000 0.683006 0.972651 0.757754 0.936081 0.981957 0.985306 0.880329 0.933411 0.847285 0.971322 0.838181 0.962039 0.894347 0.821607 0.893622 0.936850 0.940348 0.994611 0.922174 0.969749 0.971344 0.880916 0.984019 0.996128 0.857487 0.933082 0.887758 0.954654 0.962833 0.900549 0.851260 0.940531 0.867594 0.843358 0.838970 0.816154 0.824742 0.711873 0.800942 0.831109 0.475961 0.702496 0.987722 0.927248 0.865980 0.845818 0.856865 0.966251 0.942839 0.933916 0.919381 0.839395 0.924633 0.814420 0.939325 0.903457 0.701066 0.986327 0.782101 0.972930 0.538765 0.645655 0.774435 0.683908 0.717716 0.786153 0.919599 0.772013 0.981946 0.733011 0.976159 0.885516 0.882045 0.905514 0.988376 0.727253 0.963139 0.931105 0.670949 0.862984 0.814770 0.841192 0.966368 0.982762 0.925017 0.996493 0.939242 0.993934 0.922257 0.923884 0.878231 0.842009
0.953288 0.795729 0.773190 0.750626 0.992133 0.669453 0.987796 0.928553 0.864062 0.778253 0.929632 0.831895 0.913192 0.843497 0.956387 0.838382 0.919562 0.879570 0.826914 0.984372 0.944412 0.923122 0.936843 0.683006 0.000000 0.652686 0.770518 0.827651 0.921871 0.779984 0.975555 0.833035 0.810948 0.959277 0.741712 0.838789 0.867695 0.784443 0.652980 0.772262 0.865708 0.860114 0.920122 0.997304 0.894671 0.883629 0.742479 0.980365 0.750532 0.739855 0.927890 0.986607 0.864160 0.814231 0.935569 0.977245 0.930099 0.924711 0.990563 0.924297 0.929240 0.874081 0.988454 0.991062 0.641023 0.563953 0.760532 0.695974 0.975285 0.893508 0.976579 0.935014 0.927469 0.944035 0.900534 0.964935 0.989023 0.777525 0.984150 0.971004 0.916901 0.867853 0.871738 0.756117 0.763940 0.535634 0.704022 0.988445 0.831684 0.896329 0.941936 0.946534 0.833936 0.912275 0.992889 0.922887 0.979849 0.990112 0.895091 0.945257 0.844850 0.887227 0.783563 0.799812 0.748463 0.775330 0.936708 0.832011 0.987539 0.849439 0.993441 0.912064 0.931375 0.907814 0.845338 0.829782
0.980853 0.713670 0.952007 0.847167 0.808881 0.700995 0.637024 0.910509 0.707688 0.604961 0.889257 0.882106 0.780115 0.974084 0.819805 0.906758 0.995322 0.975976 0.622642 0.885198 0.849821 0.987008 0.724685 0.972651 0.652686 0.000000 0.954718 0.648874 0.836855 0.623915 0.903564 0.857232 0.995415 0.910690 0.732342 0.865825 0.797139 0.891882 0.681048 0.614924 0.877553 0.924944 0.799587 0.880166 0.941541 0.974483 0.682523 0.978031 0.919630 0.894596 0.858741 0.847048 0.938011 0.922870 0.810359 0.822436 0.835576 0.756631 0.769626 0.896221 0.899516 0.990169 0.983004 0.969077 0.915520 0.610024 0.652030 0.547344 0.935860 0.977823 0.929790 0.820446 0.787741 0.934993 0.942419 0.983335 0.971827 0.875628 0.934055 0.905755 0.953206 0.860789 0.891854 0.830812 0.994694 0.637757 0.934891 0.797728 0.967831 0.837896 0.790728 0.783476 0.927097 0.914636 0.830616 0.948479 0.935636 0.814391 0.871203 0.837686 0.959846 0.747256 0.955927 0.981942 0.841523 0.798277 0.882507 0.892110 0.996560 0.928706 0.965380 0.967317 0.987969 0.903980 0.861105 0.808739
0.891092 0.974490 0.899386 0.940006 0.937634 0.985165 0.945640 0.916715 0.875438 0.972223 0.905972 0.916179 0.957894 0.865189 0.842124 0.785520 0.841855 0.897673 0.979298 0.984886 0.963347 0.989124 0.797712 0.757754 0.770518 0.954718 0.000000 0.926397 0.971768 0.905112 0.911240 0.874823 0.979169 0.882031 0.980771 0.831192 0.977565 0.827740 0.871436 0.977335 0.995580 0.988841 0.994390 0.981665 0.993095 0.966404 0.986038 0.992595 0.955715 0.942243 0.911940 0.989289 0.973840 0.898303 0.934891 0.891745 0.878304 0.904323 0.875807 0.844285 0.911465 0.962920 0.802409 0.761010 0.705040 0.872462 0.863231 0.899551 0.994452 0.981600 0.998399 0.918871 0.992990 0.945409 0.981487 0.972546 0.837663 0.987809 0.958240 0.919143 0.869843 0.910189 0.803091 0.993644 0.814278 0.817196 0.814274 0.905011 0.881148 0.914906 0.943932 0.846004 0.957867 0.896535 0.981656 0.917070 0.988790 0.980572 0.948697 0.874696 0.918254 0.937855 0.763965 0.837372 0.957069 0.910309 0.868897 0.981801 0.940662 0.989904 0.949110 0.930324 0.958472 0.937986 0.803594 0.804075
0.821404 0.728619 0.843314 0.985666 0.875077 0.680221 0.815905 0.857526 0.740752 0.702812 0.965067 0.951195 0.903938 0.956824 0.955435 0.971728 0.915045 0.768869 0.803230 0.881452 0.871859 0.940285 0.914771 0.936081 0.827651 0.648874 0.926397 0.000000 0.964174 0.850666 0.964254 0.996548 0.847672 0.953660 0.744446 0.863254 0.904483 0.985820 0.886489 0.803301 0.853309 0.874139 0.831291 0.875029 0.892898 0.904406 0.819125 0.928218 0.933980 0.995281 0.837319 0.801724 0.941317 0.947254 0.847628 0.890426 0.795831 0.666495 0.796245 0.904458 0.961034 0.864830 0.825699 0.770261 0.920239 0.843608 0.743813 0.701245 0.966204 0.964031 0.812731 0.780685 0.885075 0.998611 0.891304 0.981580 0.960750 0.913742 0.855147 0.910828 0.801581 0.860240 0.825560 0.794228 0.881598 0.733874 0.990665 0.915241 0.813937 0.879779 0.968301 0.839843 0.882291 0.979277 0.996467 0.971187 0.998270 0.945567 0.996224 0.931236 0.964988 0.939822 0.907850 0.934875 0.790539 0.847448 0.832284 0.949034 0.965347 0.938926 0.969175 0.955353 0.901336 0.898549 0.898807 0.941670
0.795337 0.991095 0.910006 0.775886 0.918991 0.938463 0.741256 0.984835 0.806649 0.741466 0.656582 0.824590 0.697910 0.787342 0.625038 0.708105 0.861259 0.808913 0.674859 0.804744 0.926628 0.981706 0.727861 0.981957 0.921871 0.836855 0.971768 0.964174 0.000000 0.556470 0.702389 0.750097 0.671272 0.746559 0.914504 0.952702 0.919809 0.911365 0.770994 0.772888 0.942252 0.820914 0.994323 0.951382 0.860462 0.857063 0.799352 0.988234 0.812398 0.840935 0.962437 0.991588 0.796345 0.902813 0.930407 0.924731 0.985042 0.897198 0.860198 0.887060 0.844447 0.934283 0.916365 0.848557 0.941052 0.710934 0.896642 0.752198 0.836913 0.880264 0.988586 0.850968 0.814381 0.868304 0.969791 0.905558 0.979371 0.919126 0.913420 0.970818 0.790439 0.953001 0.866809 0.964564 0.915248 0.841739 0.876928 0.870326 0.996427 0.830595 0.902698 0.895368 0.989430 0.847251 0.927269 0.948085 0.957244 0.718905 0.760837 0.876904 0.986036 0.900911 0.934268 0.971869 0.840747 0.784229 0.947121 0.899995 0.755247 0.810268 0.987199 0.884215 0.995864 0.898214 0.994389 0.890129
0.809234 0.964019 0.953294 0.863161 0.987819 0.843426 0.683454 0.861283 0.749967 0.635132 0.621465 0.972610 0.697090 0.891926 0.704742 0.799174 0.714095 0.735640 0.584952 0.703996 0.873837 0.940975 0.757431 0.985306 0.779984 0.623915 0.905112 0.850666 0.556470 0.000000 0.686248 0.632453 0.776824 0.772852 0.764725 0.966703 0.878660 0.897310 0.678330 0.729600 0.969754 0.841721 0.975958 0.867585 0.851187 0.850118 0.820409 0.965317 0.833454 0.784231 0.995132 0.995399 0.801951 0.875449 0.941626 0.991195 0.959103 0.943718 0.932049 0.976238 0.851981 0.994392 0.877726 0.822293 0.895610 0.601219 0.842435 0.706960 0.960375 0.984132 0.842185 0.783431 0.727795 0.786162 0.980703 0.918785 0.920231 0.976845 0.823234 0.895363 0.783282 0.911184 0.994832 0.970430 0.976900 0.717985 0.859530 0.807205 0.921535 0.959075 0.821451 0.870813 0.916024 0.973871 0.909260 0.971594 0.999481 0.906257 0.714876 0.799462 0.957939 0.711143 0.835877 0.861219 0.878177 0.855270 0.971723 0.897148 0.896217 0.997717 0.897989 0.881008 0.993119 0.978293 0.963767 0.877502
0.928166 0.972396 0.783892 0.981045 0.993070 0.986351 0.798986 0.984544 0.685022 0.764393 0.756579 0.912547 0.721099 0.821719 0.714034 0.720870 0.929190 0.856143 0.725413 0.881386 0.970708 0.938522 0.739009 0.880329 0.975555 0.903564 0.911240 0.964254 0.702389 0.686248 0.000000 0.834130 0.713318 0.781661 0.996231 0.909262 0.876054 0.928323 0.952039 0.987895 0.964906 0.916607 0.877316 0.847408 0.765891 0.812986 0.932944 0.964753 0.822422 0.784604 0.900556 0.902958 0.789112 0.819827 0.976405 0.960512 0.975706 0.933694 0.835404 0.885912 0.940170 0.892712 0.969090 0.972043 0.882004 0.795098 0.981845 0.835775 0.928492 0.949676 0.885656 0.994797 0.920548 0.928227 0.842369 0.937792 0.756740 0.949596 0.892281 0.830837 0.884905 0.973739 0.899528 0.982733 0.911112 0.938178 0.979993 0.891045 0.847566 0.805712 0.994994 0.879658 0.898186 0.835279 0.988895 0.947322 0.969012 0.972687 0.858353 0.783227 0.978828 0.882252 0.969315 0.972495 0.954962 0.958172 0.896539 0.969111 0.863152 0.952165 0.979825 0.994130 0.968836 0.953280 0.896879 0.935664
0.813251 0.965095 0.865360 0.911426 0.960314 0.877142 0.671886 0.745600 0.853025 0.774951 0.789030 0.955262 0.741030 0.803748 0.789222 0.845876 0.929709 0.912765 0.688703 0.753315 0.744593 0.916213 0.766910 0.933411 0.833035 0.857232 0.874823 0.996548 0.750097 0.632453 0.834130 0.000000 0.728634 0.861494 0.956471 0.941822 0.872960 0.895780 0.912707 0.824317 0.935033 0.914000 0.902458 0.862642 0.899177 0.895804 0.927653 0.868795 0.898016 0.747370 0.988274 0.916363 0.796603 0.917110 0.976766 0.960236 0.992157 0.895013 0.999476 0.882985 0.893485 0.951959 0.999562 0.984540 0.979284 0.818405 0.945307 0.833212 0.861135 0.979426 0.974688 0.872621 0.787489 0.808112 0.943435 0.877963 0.941857 0.904845 0.876368 0.863958 0.918485 0.980298 0.953774 0.899591 0.930230 0.862008 0.821261 0.905442 0.930177 0.925316 0.895006 0.874006 0.997040 0.951993 0.978202 0.901010 0.956923 0.983094 0.808358 0.742769 0.895150 0.831988 0.819964 0.919843 0.962011 0.958544 0.901545 0.910944 0.997142 0.974946 0.860913 0.994073 0.930892 0.953583 0.967180 0.849408
0.844656 0.883735 0.821533 0.936290 0.912640 0.821001 0.741150 0.945809 0.969593 0.993982 0.671472 0.658092 0.628177 0.694983 0.669782 0.738709 0.873751 0.741379 0.772773 0.852685 0.928558 0.941561 0.721110 0.847285 0.810948 0.995415 0.979169 0.847672 0.671272 0.776824 0.713318 0.728634 0.000000 0.686900 0.780358 0.819870 0.999271 0.936058 0.911691 0.976355 0.930658 0.861340 0.855106 0.874635 0.779831 0.870174 0.934902 0.924827 0.950048 0.901874 0.857921 0.821196 0.827749 0.938936 0.984738 0.847954 0.916345 0.972969 0.926253 0.957340 0.631887 0.736973 0.843409 0.754244 0.764318 0.929604 0.751639 0.904489 0.869892 0.918842 0.952693 0.968674 0.896712 0.915972 0.992614 0.848991 0.995334 0.867117 0.955675 0.839295 0.889336 0.852186 0.881755 0.834678 0.753498 0.849224 0.992938 0.841349 0.964442 0.815769 0.843971 0.970054 0.792766 0.961893 0.943400 0.998806 0.808173 0.965977 0.792256 0.695631 0.762963 0.856287 0.874368 0.989404 0.858779 0.828032 0.960824 0.944509 0.997073 0.980566 0.843720 0.964380 0.935660 0.997119 0.844236 0.942447
0.721878 0.844387 0.966345 0.917483 0.975499 0.843825 0.894467 0.933002 0.964381 0.942801 0.684652 0.769758 0.801134 0.862892 0.881064 0.947044 0.729038 0.753767 0.734551 0.868704 0.990468 0.991378 0.974789 0.971322 0.959277 0.910690 0.882031 0.953660 0.746559 0.772852 0.781661 0.861494 0.686900 0.000000 0.843121 0.822962 0.948371 0.998590 0.911351 0.969751 0.880395 0.856188 0.875004 0.857487 0.842090 0.834670 0.902259 0.889363 0.914862 0.912191 0.833795 0.830161 0.800314 0.962968 0.842352 0.856281 0.882577 0.939622 0.833009 0.838787 0.679840 0.790694 0.765937 0.724060 0.977307 0.972032 0.729927 0.806941 0.953609 0.896517 0.883119 0.881153 0.957098 0.887371 0.879423 0.937844 0.914559 0.822361 0.936144 0.700824 0.761490 0.862681 0.944779 0.951343 0.984799 0.969086 0.922929 0.992831 0.962399 0.868256 0.788915 0.939926 0.791438 0.926618 0.952163 0.944432 0.902137 0.926897 0.791546 0.863486 0.805378 0.857016 0.765994 0.971219 0.954606 0.856263 0.984770 0.952743 0.932401 0.959734 0.811957 0.809128 0.986094 0.833511 0.900045 0.977884
0.939174 0.821089 0.964046 0.925585 0.919800 0.702796 0.850088 0.762393 0.936278 0.732205 0.885431 0.798094 0.929020 0.750010 0.892411 0.889163 0.980038 0.978895 0.848172 0.866606 0.954661 0.930961 0.907151 0.838181 0.741712 0.732342 0.980771 0.744446 0.914504 0.764725 0.996231 0.956471 0.780358 0.843121 0.000000 0.797067 0.825029 0.943180 0.764304 0.901592 0.919941 0.992065 0.688899 0.828054 0.703629 0.782293 0.701108 0.834166 0.884298 0.868405 0.700770 0.637528 0.812373 0.808438 0.872842 0.822109 0.941542 0.830830 0.769904 0.906073 0.822543 0.863779 0.893993 0.889607 0.755959 0.706623 0.629074 0.634225 0.935584 0.935933 0.904005 0.815283 0.892516 0.999997 0.808632 0.850520 0.935982 0.728757 0.917587 0.846875 0.957446 0.968426 0.849976 0.983525 0.751630 0.645830 0.905153 0.988115 0.964347 0.852768 0.963287 0.849518 0.871355 0.888517 0.925793 0.957918 0.997382 0.939791 0.868100 0.851531 0.983211 0.947159 0.917087 0.914232 0.831537 0.796755 0.884023 0.964841 0.853651 0.998706 0.944183 0.935718 0.896209 0.844860 0.798799 0.891292
0.847915 0.764661 0.962240 0.951224 0.987859 0.900550 0.902341 0.939778 0.863465 0.795826 0.971026 0.821666 0.975568 0.826015 0.958761 0.997302 0.952937 0.878705 0.986489 0.914932 0.998570 0.932683 0.987262 0.962039 0.838789 0.865825 0.831192 0.863254 0.952702 0.966703 0.909262 0.941822 0.819870 0.822962 0.797067 0.000000 0.872958 0.919212 0.876308 0.876911 0.868738 0.880370 0.881464 0.904809 0.897678 0.937542 0.831465 0.866366 0.998131 0.922256 0.829649 0.760188 0.886822 0.991205 0.882726 0.838528 0.846828 0.855018 0.727633 0.777141 0.859663 0.927618 0.834016 0.876440 0.931469 0.805523 0.708093 0.692967 0.995858 0.960538 0.956369 0.780474 0.924844 0.958472 0.905029 0.966186 0.890459 0.975210 0.905538 0.827856 0.974497 0.891339 0.770036 0.848653 0.876117 0.766538 0.975851 0.963421 0.932032 0.935712 0.914327 0.924216 0.778044 0.954491 0.996789 0.927985 0.792026 0.904469 0.939337 0.935925 0.852416 0.958135 0.888600 0.876730 0.804771 0.762771 0.954993 0.972645 0.889829 0.897387 0.941071 0.916921 0.959863 0.945278 0.671913 0.971494
0.924012 0.915785 0.962075 0.959191 0.859269 0.970153 0.793383 0.902110 0.857875 0.811016 0.933356 0.944390 0.893743 0.906558 0.894312 0.988724 0.980043 0.900849 0.764278 0.892915 0.859243 0.874773 0.852138 0.894347 0.867695 0.797139 0.977565 0.904483 0.919809 0.878660 0.876054 0.872960 0.999271 0.948371 0.825029 0.872958 0.000000 0.937288 0.717030 0.781849 0.935576 0.957520 0.802867 0.816691 0.902655 0.873544 0.772277 0.859761 0.911312 0.989606 0.829232 0.938225 0.966208 0.986764 0.818821 0.923020 0.828968 0.854411 0.989973 0.995269 0.846138 0.918920 0.982611 0.973519 0.933872 0.967715 0.899697 0.832363 0.851965 0.898854 0.999269 0.943131 0.934882 0.946464 0.956210 0.942558 0.840866 0.957797 0.851049 0.854203 0.933132 0.908565 0.942985 0.977669 0.900029 0.944551 0.911639 0.879539 0.971747 0.933248 0.829293 0.871665 0.971149 0.962925 0.868987 0.981683 0.955181 0.881636 0.957873 0.985222 0.955040 0.911285 0.931604 0.960587 0.870814 0.973764 0.933738 0.993851 0.954614 0.951585 0.952125 0.914530 0.972003 0.915116 0.836788 0.901609
0.918840 0.998579 0.940628 0.936523 0.956203 0.999326 0.865422 0.927584 0.908850 0.908380 0.963541 0.944903 0.975683 0.905050 0.915101 0.932341 0.997345 0.988599 0.909605 0.873978 0.846885 0.870844 0.940302 0.821607 0.784443 0.891882 0.827740 0.985820 0.911365 0.897310 0.928323 0.895780 0.936058 0.998590 0.943180 0.919212 0.937288 0.000000 0.853889 0.739888 0.928753 0.962991 0.908487 0.938351 0.981533 0.937156 0.857809 0.990848 0.981698 0.930485 0.899838 0.930342 0.995225 0.952756 0.997312 0.903396 0.913906 0.998538 0.963391 0.998189 0.948939 0.955007 0.982568 0.915629 0.903416 0.842337 0.913957 0.914944 0.858182 0.829898 0.872259 0.985389 0.922369 0.970776 0.975010 0.886946 0.898600 0.846883 0.979099 0.869261 0.949528 0.970397 0.873719 0.810265 0.979565 0.864291 0.904329 0.913566 0.716849 0.842469 0.814130 0.926151 0.920551 0.955763 0.970512 0.938304 0.945866 0.863369 0.932123 0.998126 0.834953 0.910276 0.997215 0.917782 0.771671 0.844456 0.977785 0.991633 0.961061 0.908168 0.937739 0.912591 0.989847 0.992150 0.994074 0.859489
