0.000000 0.698955 0.778069 0.841131 0.932779 0.930232 0.913981 0.851327 0.854568 0.897965 0.639674 0.852161 0.891322 0.905745 0.990234 0.961050 0.697752 0.573088 0.865510 0.875821 0.945400 0.958989 0.926499 0.906905 0.930010 0.980677 0.868982 0.838182 0.786935 0.786570 0.922317 0.808621 0.831611 0.697059 0.984187 0.859144 0.912847 0.919545 0.868166 0.926241 0.850218 0.737793 0.813061 0.771263 0.733348 0.649193 0.827077 0.704492 0.682762 0.717814 0.656901 0.623978 0.718429 0.866771 0.906219 0.715567 0.626403 0.680056 0.684421 0.701652 0.768347 0.991273 0.623970 0.597688 0.818386 0.872253 0.801493 0.819880 0.899251 0.794351 0.975898 0.990380 0.988897 0.961007 0.891978 0.993588 0.954587 0.981075 0.695517 0.940413 0.535937 0.687476 0.837885 0.654058 0.997689 0.997368 0.912099 0.990022 0.996101 0.871016 0.990438 0.831508 0.992915 0.809721 0.915341 0.955891 0.881871 0.855758 0.751447 0.936578 0.947589 0.934308 0.727208 0.759249 0.971254 0.897720 0.986615 0.823564 0.936544 0.977637 0.910943 0.972949 0.880860 0.842209 0.862023 0.943650
0.698955 0.000000 0.854397 0.885700 0.838450 0.905613 0.826074 0.942123 0.676358 0.610660 0.993915 0.831872 0.939889 0.953655 0.931210 0.963233 0.781916 0.670390 0.913107 0.944484 0.920865 0.904269 0.852807 0.974425 0.780761 0.712881 0.982587 0.719761 0.969318 0.954923 0.956513 0.981191 0.894995 0.857205 0.812339 0.774318 0.932226 0.985991 0.866177 0.726852 0.763238 0.694810 0.663376 0.685481 0.892114 0.766143 0.603189 0.758036 0.926087 0.851586 0.733693 0.636677 0.898534 0.981882 0.792330 0.749959 0.608062 0.570600 0.683449 0.714322 0.993296 0.815684 0.743506 0.793120 0.999144 0.829743 0.676260 0.644985 0.836704 0.805123 0.942575 0.890701 0.936366 0.963725 0.903792 0.890871 0.903955 0.809726 0.865297 0.802913 0.750090 0.641885 0.794315 0.646320 0.900033 0.685193 0.983036 0.991360 0.951098 0.824646 0.980137 0.872636 0.747225 0.908401 0.885269 0.982572 0.888337 0.982196 0.994010 0.941577 0.926855 0.903602 0.947743 0.917850 0.866145 0.818751 0.983894 0.910778 0.912917 0.928433 0.980746 0.931337 0.927328 0.918336 0.750394 0.986982
0.778069 0.854397 0.000000 0.605567 0.896848 0.959971 0.615186 0.663626 0.728875 0.844599 0.966503 0.863425 0.715351 0.762971 0.804569 0.715064 0.797857 0.828248 0.835845 0.883020 0.785507 0.886857 0.676417 0.632824 0.745467 0.992997 0.899270 0.883722 0.970278 0.993604 0.822800 0.897814 0.842559 0.995890 0.964520 0.949217 0.951372 0.943984 0.796507 0.959425 0.924790 0.986790 0.977451 0.940879 0.866692 0.763059 0.959913 0.978340 0.719884 0.771637 0.719077 0.745203 0.951258 0.921435 0.905714 0.794510 0.802414 0.623506 0.643076 0.680551 0.880338 0.651372 0.660227 0.716325 0.584168 0.765188 0.916919 0.847008 0.951554 0.794264 0.842123 0.824466 0.919846 0.887837 0.969378 0.806489 0.964485 0.974392 0.940107 0.959815 0.733614 0.972817 0.955994 0.925539 0.804509 0.833397 0.886557 0.927262 0.688496 0.886034 0.962431 0.734382 0.997857 0.693443 0.987867 0.830730 0.968780 0.966757 0.985276 0.863722 0.965813 0.971354 0.747962 0.774661 0.967035 0.979960 0.804502 0.962858 0.986320 0.911479 0.900620 0.897840 0.873351 0.812265 0.981559 0.951622
0.841131 0.885700 0.605567 0.000000 0.906366 0.944315 0.846717 0.494504 0.968015 0.973283 0.896655 0.959291 0.968152 0.940223 0.781203 0.985174 0.836092 0.887624 0.988552 0.919450 0.859795 0.930967 0.963027 0.781581 0.702381 0.782559 0.917007 0.964741 0.717688 0.808448 0.928221 0.974437 0.893822 0.857505 0.948949 0.953260 0.950546 0.939002 0.687950 0.834962 0.965020 0.984635 0.999169 0.954075 0.625707 0.676709 0.971249 0.988780 0.617690 0.760308 0.705320 0.790054 0.765910 0.750683 0.941253 0.903619 0.934444 0.846293 0.847970 0.965820 0.815603 0.912924 0.698299 0.686350 0.800782 0.653334 0.980640 0.927884 0.839513 0.956846 0.872087 0.955110 0.994168 0.963279 0.882250 0.924277 0.954561 0.929724 0.927202 0.929688 0.754713 0.903508 0.802619 0.940336 0.992937 0.831100 0.999658 0.957415 0.783329 0.897053 0.900078 0.836899 0.927334 0.772988 0.892499 0.956136 0.960023 0.931966 0.703856 0.880826 0.945950 0.892205 0.784729 0.799470 0.891252 0.883798 0.801103 0.995847 0.876430 0.879501 0.967701 0.697822 0.924269 0.897263 0.973387 0.826888
0.932779 0.838450 0.896848 0.906366 0.000000 0.921738 0.756572 0.932518 0.728905 0.829991 0.988950 0.897178 0.686898 0.792629 0.734417 0.673177 0.979041 0.950286 0.822306 0.993617 0.828509 0.999050 0.643696 0.725306 0.993947 0.823518 0.931279 0.871091 0.924666 0.988486 0.997779 0.971367 0.922431 0.969773 0.913127 0.993121 0.852322 0.953045 0.890601 0.819063 0.944287 0.794993 0.961158 0.794214 0.925822 0.901517 0.910584 0.938159 0.936014 0.882343 0.892694 0.970559 0.979605 0.915929 0.913274 0.989805 0.769817 0.797653 0.875411 0.781410 0.735140 0.799330 0.921338 0.993206 0.689236 0.896311 0.952951 0.843401 0.823850 0.749141 0.875304 0.998334 0.961536 0.976063 0.947968 0.897094 0.876199 0.964671 0.968142 0.937753 0.802518 0.932958 0.841998 0.843297 0.617737 0.891912 0.782006 0.795760 0.926206 0.897834 0.669749 0.686789 0.952268 0.691918 0.887980 0.964137 0.866834 0.748639 0.856692 0.707595 0.898544 0.848024 0.888185 0.897738 0.928248 0.963388 0.997075 0.835150 0.992736 0.788886 0.846870 0.943061 0.928221 0.992341 0.970366 0.856119
0.930232 0.905613 0.959971 0.944315 0.921738 0.000000 0.952493 0.940070 0.901514 0.811053 0.964822 0.934922 0.961631 0.989588 0.919467 0.880474 0.990486 0.870545 0.880670 0.902511 0.877983 0.897185 0.944381 0.860494 0.637065 0.641335 0.940118 0.660473 0.889650 0.793964 0.979974 0.840301 0.881081 0.941320 0.606366 0.874907 0.952735 0.998119 0.839983 0.765076 0.735133 0.983715 0.988427 0.830011 0.865390 0.800270 0.901993 0.855169 0.739562 0.709373 0.913932 0.980362 0.877989 0.772449 0.987657 0.913486 0.882770 0.889832 0.902052 0.980151 0.923096 0.970202 0.970864 0.949655 0.685474 0.652852 0.670390 0.697540 0.829648 0.849876 0.966820 0.718357 0.899017 0.914292 0.866440 0.923202 0.915176 0.817744 0.894846 0.966504 0.916702 0.885185 0.887239 0.962600 0.733092 0.612743 0.836893 0.908412 0.946111 0.905887 0.815364 0.954174 0.751403 0.917833 0.845927 0.882806 0.984798 0.927982 0.915496 0.983299 0.976649 0.888835 0.858804 0.829174 0.846938 0.858113 0.785741 0.877372 0.954866 0.962467 0.956830 0.967964 0.911110 0.955472 0.899847 0.795779
0.913981 0.826074 0.615186 0.846717 0.756572 0.952493 0.000000 0.602718 0.655459 0.537454 0.862127 0.919277 0.519731 0.720260 0.641674 0.693345 0.973552 0.967711 0.481872 0.742126 0.663608 0.894100 0.508635 0.734112 0.958564 0.623197 0.938254 0.796380 0.714244 0.662509 0.764900 0.625335 0.714958 0.868589 0.850598 0.903888 0.780587 0.871186 0.844047 0.668040 0.901203 0.922536 0.843361 0.837209 0.971567 0.843523 0.760887 0.968008 0.853563 0.945440 0.705855 0.769785 0.972566 0.971026 0.884512 0.766382 0.818390 0.678534 0.717862 0.783940 0.681697 0.747628 0.931594 0.986782 0.758103 0.908800 0.848226 0.669099 0.787872 0.696278 0.852312 0.712812 0.760987 0.819120 0.844667 0.877413 0.965890 0.964391 0.915835 0.913490 0.949548 0.959186 0.951535 0.850039 0.714434 0.920732 0.951172 0.714209 0.724661 0.965258 0.664543 0.602212 0.875785 0.669452 0.988630 0.943970 0.916906 0.856863 0.873547 0.698539 0.980978 0.709791 0.845142 0.838700 0.982303 0.857164 0.860038 0.948650 0.957792 0.952853 0.907015 0.993023 0.962717 0.904868 0.841380 0.852735
0.851327 0.942123 0.663626 0.494504 0.932518 0.940070 0.602718 0.000000 0.879724 0.722721 0.911120 0.906548 0.934273 0.980577 0.862300 0.986831 0.971126 0.977163 0.771388 0.820589 0.699644 0.946292 0.962056 0.884354 0.899296 0.955326 0.931817 0.883532 0.984812 0.895387 0.974390 0.747337 0.957316 0.969331 0.787453 0.943895 0.905734 0.930696 0.904221 0.920833 0.972816 0.991400 0.779093 0.850658 0.603778 0.645144 0.820284 0.916602 0.643497 0.827701 0.638701 0.695225 0.838264 0.743642 0.979061 0.845021 0.888941 0.760246 0.848860 0.976059 0.967005 0.860857 0.870620 0.877321 0.976768 0.894244 0.942821 0.901693 0.984087 0.835511 0.936877 0.743729 0.828705 0.940817 0.753890 0.999900 0.978108 0.963149 0.873717 0.881563 0.892597 0.952341 0.677431 0.769122 0.914050 0.898873 0.833190 0.978603 0.859996 0.972572 0.911065 0.819509 0.891232 0.787469 0.989778 0.935938 0.929344 0.973411 0.832405 0.987308 0.934808 0.944806 0.922378 0.790097 0.942423 0.972351 0.811387 0.976560 0.956281 0.977443 0.897746 0.758932 0.832248 0.914677 0.848134 0.935636
0.854568 0.676358 0.728875 0.968015 0.728905 0.901514 0.655459 0.879724 0.000000 0.491333 0.886735 0.988482 0.646636 0.784212 0.656947 0.589719 0.922537 0.793233 0.596847 0.888233 0.872578 0.889763 0.554166 0.709542 0.863003 0.718698 0.877817 0.736976 0.817715 0.752584 0.692222 0.865558 0.975711 0.966595 0.914310 0.864820 0.859797 0.893845 0.781339 0.713705 0.791374 0.862627 0.950599 0.944260 0.886674 0.988145 0.747613 0.844799 0.904507 0.884888 0.856422 0.906494 0.810615 0.712339 0.784773 0.829678 0.685380 0.622770 0.672494 0.676110 0.909068 0.703531 0.765029 0.849528 0.775439 0.821838 0.732117 0.579781 0.791124 0.812993 0.756692 0.836052 0.920138 0.967583 0.813589 0.955787 0.924071 0.994134 0.945501 0.949703 0.858770 0.821501 0.993540 0.743155 0.844903 0.799522 0.897645 0.780931 0.891306 0.898532 0.779197 0.577407 0.824222 0.701979 0.935442 0.949697 0.851192 0.846096 0.845432 0.745048 0.868296 0.726530 0.929078 0.994425 0.800090 0.882623 0.905311 0.967133 0.998319 0.854634 0.967793 0.879584 0.904235 0.958280 0.879091 0.923068
0.897965 0.610660 0.844599 0.973283 0.829991 0.811053 0.537454 0.722721 0.491333 0.000000 0.800601 0.955340 0.705508 0.862828 0.727083 0.759132 0.920678 0.917543 0.531551 0.830300 0.781301 0.993554 0.632634 0.897721 0.719383 0.563753 0.994940 0.675264 0.680317 0.601925 0.710948 0.706772 0.938910 0.887241 0.720545 0.814329 0.834036 0.893596 0.711760 0.604901 0.824326 0.819990 0.759753 0.882257 0.951748 0.964985 0.622300 0.861341 0.887725 0.868410 0.781777 0.812706 0.814692 0.796265 0.850162 0.772800 0.776609 0.654495 0.729789 0.797985 0.863668 0.809714 0.928605 0.982682 0.982687 0.630954 0.662196 0.529045 0.778877 0.784996 0.858480 0.711662 0.791756 0.918085 0.970484 0.972635 0.895824 0.949351 0.982906 0.990113 0.999574 0.817637 0.917194 0.719509 0.987040 0.602193 0.972454 0.788261 0.890077 0.986051 0.776659 0.616377 0.850624 0.721986 0.908104 0.927949 0.857280 0.900326 0.904468 0.773820 0.935587 0.706028 0.986951 0.955694 0.813093 0.767477 0.973155 0.932547 0.951026 0.898262 0.891282 0.987291 0.917693 0.948902 0.751825 0.893036
0.639674 0.993915 0.966503 0.896655 0.988950 0.964822 0.862127 0.911120 0.886735 0.800601 0.000000 0.765950 0.746075 0.815244 0.855676 0.879699 0.765727 0.661619 0.722038 0.790589 0.962553 0.988208 0.928262 0.997772 0.932260 0.892583 0.908535 0.965206 0.664997 0.622750 0.741920 0.761640 0.659488 0.689061 0.898368 0.972623 0.921597 0.947605 0.827794 0.997377 0.978195 0.796985 0.987780 0.858477 0.881269 0.853186 0.867665 0.906264 0.813276 0.813351 0.844515 0.835174 0.764336 0.900863 0.977068 0.789075 0.881674 0.919854 0.865996 0.811541 0.762527 0.777689 0.804961 0.652681 0.900535 0.828608 0.866803 0.996021 0.990510 0.930534 0.892400 0.907201 0.998323 0.958244 0.990624 0.979301 0.973481 0.979117 0.836889 0.916287 0.753610 0.724120 0.979551 0.856616 0.943208 0.866506 0.829579 0.997053 0.946299 0.836763 0.938103 0.889962 0.993915 0.850048 0.889845 0.977989 0.902523 0.920736 0.817974 0.892219 0.879863 0.912112 0.794858 0.906273 0.930679 0.974150 0.977965 0.962757 0.887149 0.961649 0.999766 0.958880 0.974215 0.837285 0.948073 0.950796
0.852161 0.831872 0.863425 0.959291 0.897178 0.934922 0.919277 0.906548 0.988482 0.955340 0.765950 0.000000 0.773249 0.616735 0.932456 0.792935 0.860338 0.836949 0.927357 0.863846 0.821462 0.995298 0.924518 0.812190 0.842980 0.887923 0.912625 0.952302 0.827839 0.974917 0.905943 0.946377 0.656475 0.781353 0.764050 0.812034 0.927100 0.952138 0.984241 0.918044 0.977642 0.911274 0.913360 0.881084 0.902118 0.940816 0.875846 0.968377 0.985664 0.900025 0.808837 0.787733 0.874807 0.909064 0.922056 0.724424 0.890369 0.995854 0.837895 0.940531 0.747418 0.642458 0.873902 0.805677 0.917584 0.812182 0.689258 0.787096 0.977977 0.982646 0.910449 0.907971 0.925688 0.837943 0.953649 0.794967 0.979903 0.945657 0.918440 0.899139 0.990457 0.745213 0.886942 0.853320 0.869071 0.841768 0.939916 0.865764 0.980880 0.741590 0.904137 0.923256 0.845327 0.963485 0.981696 0.968857 0.778195 0.986368 0.874318 0.846065 0.823002 0.886277 0.842915 0.958607 0.966498 0.853521 0.953738 0.977217 0.955012 0.926639 0.928350 0.988400 0.861886 0.942219 0.907715 0.951192
0.891322 0.939889 0.715351 0.968152 0.686898 0.961631 0.519731 0.934273 0.646636 0.705508 0.746075 0.773249 0.000000 0.543147 0.442905 0.450855 0.906743 0.835461 0.497972 0.702001 0.824856 0.950767 0.430348 0.592283 0.963345 0.742023 0.980991 0.876862 0.670927 0.668849 0.697004 0.713192 0.608600 0.769382 0.951344 0.974845 0.897421 0.986428 0.883326 0.827066 0.944533 0.963082 0.885214 0.911391 0.721019 0.893074 0.991049 0.990616 0.911375 0.924772 0.994985 0.919078 0.751613 0.825622 0.836882 0.983652 0.970152 0.823176 0.824527 0.729045 0.536880 0.669346 0.987601 0.900226 0.611327 0.982975 0.967286 0.797350 0.839387 0.789706 0.768089 0.866861 0.845142 0.773561 0.978855 0.817549 0.826966 0.862497 0.893685 0.965100 0.957152 0.937795 0.800088 0.941546 0.551725 0.903037 0.833249 0.654346 0.742588 0.838870 0.725645 0.690660 0.922790 0.782592 0.943236 0.992592 0.890244 0.859499 0.741234 0.577519 0.963337 0.663800 0.912229 0.980707 0.871186 0.949146 0.970617 0.998291 0.956327 0.906576 0.990936 0.868831 0.880436 0.991300 0.913756 0.968234
0.905745 0.953655 0.762971 0.940223 0.792629 0.989588 0.720260 0.980577 0.784212 0.862828 0.815244 0.616735 0.543147 0.000000 0.602231 0.556114 0.987963 0.979769 0.685546 0.728764 0.848427 0.826596 0.551948 0.557577 0.907476 0.904264 0.891594 0.903710 0.742654 0.835381 0.809977 0.816133 0.684250 0.813113 0.818994 0.818089 0.901740 0.929185 0.947223 0.841337 0.903523 0.997621 0.896310 0.890149 0.767119 0.871014 0.996263 0.884646 0.923262 0.838192 0.968927 0.800128 0.816195 0.747162 0.936785 0.968183 0.951638 0.903769 0.990804 0.899555 0.674005 0.632816 0.992056 0.956345 0.662241 0.897245 0.914226 0.960449 0.896659 0.950690 0.894297 0.963494 0.999627 0.815408 0.913002 0.698999 0.830120 0.900642 0.893987 0.961027 0.908288 0.875206 0.677327 0.777977 0.604803 0.774842 0.864146 0.654430 0.766953 0.705392 0.834471 0.851613 0.908935 0.890491 0.964777 0.962984 0.977765 0.830250 0.921169 0.689120 0.977030 0.813028 0.985677 0.992389 0.838155 0.943741 0.956756 0.958558 0.993088 0.932728 0.907209 0.913414 0.967755 0.996276 0.904224 0.917193
0.990234 0.931210 0.804569 0.781203 0.734417 0.919467 0.641674 0.862300 0.656947 0.727083 0.855676 0.932456 0.442905 0.602231 0.000000 0.462573 0.965703 0.893868 0.614474 0.830606 0.905010 0.934065 0.400589 0.676858 0.994083 0.772488 0.864638 0.920222 0.600994 0.668194 0.693120 0.767787 0.651285 0.837407 0.930228 0.954808 0.884441 0.908686 0.792956 0.776696 0.898909 0.948281 0.888095 0.920944 0.670583 0.827114 0.955744 0.993388 0.814095 0.846585 0.975403 0.910418 0.767149 0.738979 0.898810 0.875581 0.907519 0.878318 0.799924 0.704371 0.680605 0.821436 0.963481 0.943795 0.616089 0.843859 0.877238 0.698195 0.706906 0.785766 0.896312 0.956183 0.816838 0.858654 0.868414 0.849286 0.849069 0.891259 0.914588 0.993741 0.972458 0.956303 0.697000 0.934851 0.572974 0.919155 0.777758 0.652838 0.859771 0.883364 0.774958 0.671953 0.999938 0.790470 0.931920 0.988359 0.830826 0.751855 0.773830 0.606424 0.913808 0.780353 0.908624 0.991444 0.934553 0.914465 0.913404 0.991102 0.981126 0.929131 0.964121 0.753684 0.856558 0.989466 0.923009 0.952296
0.961050 0.963233 0.715064 0.985174 0.673177 0.880474 0.693345 0.986831 0.589719 0.759132 0.879699 0.792935 0.450855 0.556114 0.462573 0.000000 0.990272 0.931641 0.667060 0.760206 0.904306 0.968064 0.439346 0.523450 0.852238 0.899791 0.787931 0.963274 0.718639 0.793322 0.725531 0.856340 0.742483 0.940777 0.904790 0.996383 0.988722 0.937677 0.939686 0.874460 0.958380 0.953811 0.839778 0.901977 0.804281 0.936790 0.976132 0.932574 0.932175 0.967437 0.926565 0.972540 0.804081 0.797392 0.852658 0.971154 0.914548 0.822749 0.738030 0.626243 0.776984 0.750215 0.862623 0.945129 0.509388 0.968381 0.882810 0.739051 0.778219 0.793360 0.801069 0.928774 0.893723 0.817621 0.884576 0.779471 0.851346 0.900855 0.905733 0.988710 0.850715 0.927512 0.694735 0.923897 0.539370 0.822964 0.852800 0.626872 0.822466 0.729105 0.799989 0.615239 0.996116 0.659743 0.914379 0.940314 0.821314 0.702147 0.859622 0.660097 0.933226 0.818790 0.819404 0.927093 0.922875 0.931544 0.899098 0.980495 0.997250 0.937123 0.898158 0.844441 0.846695 0.963105 0.868999 0.883072
0.697752 0.781916 0.797857 0.836092 0.979041 0.990486 0.973552 0.971126 0.922537 0.920678 0.765727 0.860338 0.906743 0.987963 0.965703 0.990272 0.000000 0.594106 0.867203 0.919723 0.967186 0.990569 0.932976 0.826349 0.865414 0.929101 0.817896 0.931982 0.776717 0.668206 0.828219 0.775075 0.779554 0.668732 0.939396 0.955132 0.978296 0.972668 0.836427 0.995232 0.943677 0.912821 0.954965 0.757452 0.803901 0.715430 0.897718 0.961226 0.810745 0.750464 0.754572 0.777562 0.811881 0.917460 0.945877 0.794962 0.689416 0.684203 0.774589 0.865178 0.822001 0.914172 0.573754 0.584774 0.776976 0.798307 0.928274 0.900616 0.984647 0.882057 0.994710 0.908916 0.972975 0.958909 0.898054 0.860192 0.874817 0.966505 0.723283 0.773810 0.584900 0.827523 0.956624 0.915062 0.948204 0.914630 0.838961 0.911031 0.994925 0.878764 0.916323 0.920922 0.933930 0.832361 0.987215 0.894034 0.919891 0.827734 0.853549 0.937934 0.986149 0.927973 0.775611 0.772286 0.974940 0.985777 0.927872 0.979661 0.977706 0.954813 0.849759 0.887090 0.877845 0.837655 0.932879 0.946057
0.573088 0.670390 0.828248 0.887624 0.950286 0.870545 0.967711 0.977163 0.793233 0.917543 0.661619 0.836949 0.835461 0.979769 0.893868 0.931641 0.594106 0.000000 0.869658 0.817112 0.985922 0.919690 0.991960 0.927590 0.905507 0.999071 0.895579 0.779518 0.776340 0.718348 0.812838 0.851630 0.709196 0.741317 0.977183 0.868694 0.895503 0.976085 0.913633 0.872566 0.854167 0.767672 0.914308 0.771684 0.851994 0.783746 0.800750 0.818709 0.854705 0.857449 0.784380 0.771480 0.861217 0.974844 0.846782 0.773973 0.604141 0.601317 0.785208 0.776330 0.794134 0.875826 0.598680 0.557482 0.914920 0.889966 0.815758 0.839179 0.916605 0.924087 0.995014 0.983013 0.846138 0.900350 0.987740 0.958218 0.851332 0.871092 0.719048 0.805012 0.615051 0.554268 0.814714 0.686432 0.902728 0.881587 0.988389 0.885788 0.979248 0.881010 0.943058 0.926054 0.893507 0.933851 0.993556 0.906654 0.887788 0.901856 0.853379 0.912761 0.956188 0.916635 0.875619 0.887262 0.886268 0.904571 0.825859 0.935889 0.888015 0.982892 0.959317 0.951286 0.951143 0.801765 0.853732 0.988039
0.865510 0.913107 0.835845 0.988552 0.822306 0.880670 0.481872 0.771388 0.596847 0.531551 0.722038 0.927357 0.497972 0.685546 0.614474 0.667060 0.867203 0.869658 0.000000 0.669589 0.776773 0.909318 0.533947 0.793182 0.788052 0.596806 0.958894 0.779011 0.644385 0.562099 0.692653 0.647343 0.744412 0.707701 0.829427 0.982733 0.767371 0.901342 0.706169 0.680489 0.930008 0.989839 0.972584 0.983560 0.848310 0.923604 0.793800 0.955132 0.870092 0.783511 0.920656 0.960139 0.741442 0.834123 0.851649 0.873978 0.957055 0.829388 0.885955 0.934040 0.656935 0.780242 0.892240 0.861753 0.873412 0.770852 0.895038 0.705018 0.909415 0.812687 0.796474 0.829492 0.801314 0.865743 0.953422 0.949831 0.829034 0.988539 0.948854 0.947832 0.898856 0.967927 0.915080 0.931484 0.746576 0.859102 0.991089 0.647103 0.804440 0.906736 0.666095 0.637067 0.902387 0.770930 0.959706 0.870127 0.966327 0.865045 0.820604 0.679006 0.984008 0.695508 0.981436 0.963139 0.927352 0.896610 0.916111 0.804148 0.970878 0.920532 0.944434 0.859258 0.861128 0.975886 0.950062 0.894112
0.875821 0.944484 0.883020 0.919450 0.993617 0.902511 0.742126 0.820589 0.888233 0.830300 0.790589 0.863846 0.702001 0.728764 0.830606 0.760206 0.919723 0.817112 0.669589 0.000000 0.760529 0.861246 0.781885 0.824037 0.997292 0.881363 0.994904 0.876396 0.809854 0.703704 0.884363 0.761306 0.855462 0.870506 0.834600 0.908375 0.904776 0.888761 0.919094 0.899634 0.950839 0.990777 0.985349 0.870804 0.980748 0.980429 0.915078 0.996977 0.999676 0.960650 0.944672 0.963121 0.983116 0.991444 0.966293 0.843646 0.911526 0.930416 0.932394 0.997085 0.882556 0.901055 0.984129 0.993242 0.897900 0.975805 0.938999 0.834502 0.990597 0.945005 0.775893 0.802684 0.888842 0.816684 0.789257 0.998003 0.808871 0.987277 0.846838 0.971503 0.962743 0.827530 0.888040 0.822700 0.879131 0.975436 0.974442 0.739769 0.784035 0.827714 0.993348 0.878777 0.930281 0.879425 0.951994 0.887756 0.993422 0.987870 0.876530 0.856162 0.998340 0.836869 0.965622 0.975914 0.955403 0.967010 0.897027 0.844732 0.954997 0.941661 0.982037 0.925282 0.994777 0.910592 0.977910 0.986642
0.945400 0.920865 0.785507 0.859795 0.828509 0.877983 0.663608 0.699644 0.872578 0.781301 0.962553 0.821462 0.824856 0.848427 0.905010 0.904306 0.967186 0.985922 0.776773 0.760529 0.000000 0.914246 0.764444 0.880512 0.939762 0.845321 0.955804 0.863594 0.929233 0.866730 0.963956 0.755958 0.931666 0.998976 0.917950 0.993046 0.846832 0.838165 0.895711 0.741271 0.938322 0.875759 0.814196 0.869097 0.867011 0.795931 0.873089 0.993874 0.840564 0.953307 0.811070 0.874668 0.980330 0.997086 0.998386 0.946825 0.827137 0.731449 0.870329 0.933766 0.843966 0.786619 0.902260 0.941131 0.897014 0.939405 0.908992 0.824180 0.937621 0.741483 0.856352 0.843024 0.719071 0.822239 0.910080 0.995055 0.936975 0.996090 0.893592 0.956362 0.859104 0.963408 0.990366 0.885238 0.850021 0.971049 0.981115 0.859525 0.969237 0.970676 0.834619 0.749563 0.961304 0.770273 0.942899 0.879820 0.976961 0.957332 0.933035 0.917107 0.936403 0.745989 0.948533 0.799852 0.980737 0.990640 0.878279 0.903901 0.960123 0.931353 0.992174 0.971445 0.934811 0.947789 0.821065 0.878899
0.958989 0.904269 0.886857 0.930967 0.999050 0.897185 0.894100 0.946292 0.889763 0.993554 0.988208 0.995298 0.950767 0.826596 0.934065 0.968064 0.990569 0.919690 0.909318 0.861246 0.914246 0.000000 0.957111 0.908738 0.947856 0.984184 0.996967 0.961637 0.997292 0.963802 0.931727 0.937430 0.945940 0.987782 0.981788 0.932444 0.865191 0.879411 0.983724 0.978455 0.964049 0.934600 0.911173 0.913928 0.884611 0.913458 0.945193 0.978352 0.873295 0.939347 0.868307 0.923478 0.793313 0.903701 0.973734 0.967599 0.956640 0.961684 0.984227 0.983165 0.957333 0.886709 0.949550 0.955409 0.927331 0.999231 0.976626 0.955082 0.945341 0.960041 0.923283 0.919652 0.997488 0.986382 0.957520 0.933560 0.922355 0.971222 0.948063 0.816222 0.949837 0.946438 0.999104 0.882272 0.890647 0.972943 0.846466 0.892930 0.857014 0.934640 0.965247 0.932357 0.916376 0.895207 0.888590 0.786968 0.972355 0.917042 0.836619 0.952404 0.996077 0.881393 0.955579 0.885440 0.855789 0.895863 0.980819 0.955082 0.864054 0.986008 0.953910 0.920041 0.954972 0.932072 0.937753 0.993811
0.926499 0.852807 0.676417 0.963027 0.643696 0.944381 0.508635 0.962056 0.554166 0.632634 0.928262 0.924518 0.430348 0.551948 0.400589 0.439346 0.932976 0.991960 0.533947 0.781885 0.764444 0.957111 0.000000 0.539802 0.978121 0.687245 0.815280 0.881798 0.706659 0.721667 0.729440 0.766787 0.710467 0.935212 0.961649 0.982425 0.839442 0.926344 0.819869 0.663894 0.909194 0.911125 0.980156 0.962031 0.787135 0.978757 0.873614 0.973772 0.933342 0.920930 0.858813 0.974323 0.806307 0.755800 0.819034 0.835497 0.817926 0.783850 0.759974 0.699949 0.661275 0.725763 0.895188 0.971156 0.532978 0.943994 0.835454 0.658695 0.745444 0.758160 0.856572 0.921829 0.788513 0.827402 0.902697 0.856389 0.841608 0.903294 0.981376 0.941019 0.875402 0.963254 0.693759 0.984837 0.484135 0.876543 0.789108 0.567761 0.803259 0.835352 0.680140 0.534507 0.952817 0.657078 0.955138 0.945029 0.855295 0.749480 0.832002 0.591731 0.958887 0.702109 0.817332 0.916331 0.925596 0.920655 0.968288 0.945661 0.993486 0.961592 0.999757 0.827582 0.857594 0.938193 0.966171 0.993412
0.906905 0.974425 0.632824 0.781581 0.725306 0.860494 0.734112 0.884354 0.709542 0.897721 0.997772 0.812190 0.592283 0.557577 0.676858 0.523450 0.826349 0.927590 0.793182 0.824037 0.880512 0.908738 0.539802 0.000000 0.702554 0.956067 0.765439 0.928097 0.979430 0.996067 0.885963 0.944976 0.846632 0.987265 0.862244 0.968196 0.889483 0.823929 0.906571 0.932875 0.940780 0.997513 0.955314 0.930094 0.985953 0.851372 0.999527 0.967601 0.815237 0.884133 0.864826 0.981656 0.978455 0.919609 0.858953 0.945374 0.863685 0.839293 0.830396 0.786619 0.808023 0.694027 0.841429 0.867137 0.493556 0.727879 0.985533 0.919745 0.857777 0.820381 0.809307 0.992898 0.957180 0.942309 0.915102 0.842493 0.931926 0.832279 0.939669 0.896669 0.731753 0.953436 0.780148 0.942037 0.525677 0.644629 0.759016 0.670596 0.706993 0.791182 0.876282 0.753096 0.961450 0.720620 0.956177 0.874378 0.885772 0.907925 0.987506 0.735438 0.987040 0.909636 0.669407 0.865927 0.818676 0.839472 0.959995 0.986551 0.923045 0.991529 0.941714 0.980045 0.927505 0.907840 0.877322 0.855213
0.930010 0.780761 0.745467 0.702381 0.993947 0.637065 0.958564 0.899296 0.863003 0.719383 0.932260 0.842980 0.963345 0.907476 0.994083 0.852238 0.865414 0.905507 0.788052 0.997292 0.939762 0.947856 0.978121 0.702554 0.000000 0.608388 0.756985 0.785897 0.841531 0.730849 0.959154 0.767607 0.872789 0.972484 0.725752 0.851786 0.864247 0.791764 0.618198 0.715600 0.855798 0.865834 0.922427 0.942278 0.784811 0.779740 0.781734 0.919997 0.651751 0.622296 0.860931 0.948371 0.765685 0.722715 0.913998 0.950263 0.984056 0.955728 0.975113 0.908126 0.981870 0.885379 0.906621 0.914429 0.606922 0.520032 0.743502 0.694112 0.978233 0.911871 0.990221 0.895819 0.912058 0.937142 0.923687 0.994254 0.976041 0.773530 0.916441 0.981307 0.851847 0.845070 0.939058 0.761371 0.795952 0.524024 0.727384 0.953200 0.840689 0.897270 0.932622 0.954964 0.802254 0.898348 0.998747 0.856215 0.944480 0.955000 0.856569 0.983926 0.858391 0.831952 0.751738 0.744066 0.770744 0.738559 0.992807 0.809412 0.976613 0.845288 0.962938 0.878613 0.896916 0.960468 0.843253 0.780000
0.980677 0.712881 0.992997 0.782559 0.823518 0.641335 0.623197 0.955326 0.718698 0.563753 0.892583 0.887923 0.742023 0.904264 0.772488 0.899791 0.929101 0.999071 0.596806 0.881363 0.845321 0.984184 0.687245 0.956067 0.608388 0.000000 0.924678 0.624445 0.758689 0.585122 0.833288 0.767405 0.933026 0.997625 0.721233 0.870388 0.798096 0.903769 0.640641 0.570274 0.860089 0.929210 0.805223 0.951959 0.804750 0.891111 0.729343 0.952428 0.798019 0.761693 0.953600 0.933643 0.807293 0.805906 0.814268 0.797586 0.948648 0.807037 0.830785 0.923488 0.814136 0.998147 0.898568 0.915941 0.860801 0.548896 0.637940 0.552996 0.889097 0.967067 0.958351 0.783331 0.779138 0.936693 0.935509 0.937317 0.975214 0.859603 0.967969 0.933681 0.943071 0.832951 0.968421 0.851492 0.958304 0.628726 0.946259 0.754267 0.964974 0.848883 0.789767 0.811673 0.883642 0.946817 0.833570 0.875737 0.889320 0.898703 0.822964 0.765076 0.981123 0.710561 0.987874 0.904732 0.861988 0.771160 0.934754 0.876447 0.975341 0.933809 0.912794 0.928300 0.968680 0.977071 0.876096 0.754697
0.868982 0.982587 0.899270 0.917007 0.931279 0.940118 0.938254 0.931817 0.877817 0.994940 0.908535 0.912625 0.980991 0.891594 0.864638 0.787931 0.817896 0.895579 0.958894 0.994904 0.955804 0.996967 0.815280 0.765439 0.756985 0.924678 0.000000 0.945119 0.991655 0.879000 0.942403 0.832408 0.951179 0.853056 0.981895 0.822850 0.956553 0.842648 0.854468 0.987438 0.989251 0.995208 0.992281 0.942384 0.942370 0.913421 0.998238 0.962568 0.903428 0.884457 0.871942 0.972753 0.968096 0.950992 0.934773 0.910810 0.846410 0.897218 0.852343 0.825821 0.877223 0.969095 0.787389 0.751935 0.691505 0.842185 0.878537 0.904509 0.994513 0.988150 0.994663 0.911612 0.978647 0.946580 0.992076 0.989733 0.856314 0.991235 0.920908 0.917862 0.845814 0.926393 0.822171 0.987541 0.814865 0.807112 0.799836 0.923291 0.894560 0.909898 0.943563 0.834260 0.975649 0.887922 0.986006 0.890604 0.996016 0.938831 0.930259 0.904012 0.913621 0.939697 0.737664 0.813538 0.961352 0.892501 0.895013 0.970920 0.944944 0.996698 0.936688 0.953032 0.960944 0.957742 0.813428 0.783410
0.838182 0.719761 0.883722 0.964741 0.871091 0.660473 0.796380 0.883532 0.736976 0.675264 0.965206 0.952302 0.876862 0.903710 0.920222 0.963274 0.931982 0.779518 0.779011 0.876396 0.863594 0.961637 0.881798 0.928097 0.785897 0.624445 0.945119 0.000000 0.907170 0.821603 0.917506 0.945954 0.889221 0.991104 0.740570 0.876767 0.922292 0.997798 0.850648 0.771989 0.849780 0.871138 0.838893 0.919567 0.999663 0.995149 0.848853 0.980273 0.984123 0.908732 0.893080 0.850469 0.972603 0.867309 0.830310 0.877100 0.868003 0.698572 0.822228 0.924692 0.997065 0.867763 0.912354 0.859314 0.888239 0.789426 0.730191 0.694498 0.996338 0.968941 0.844550 0.754646 0.872529 0.986268 0.842296 0.950836 0.991366 0.903938 0.908134 0.937000 0.867803 0.833282 0.881661 0.792585 0.914197 0.716817 0.971422 0.882761 0.824254 0.895390 0.983176 0.853782 0.844745 0.998188 0.992817 0.916007 0.965211 0.965950 0.967332 0.873975 0.964808 0.889206 0.930821 0.986670 0.803903 0.825901 0.852465 0.940115 0.979550 0.912566 0.990166 0.950554 0.946488 0.949724 0.890872 0.906718
0.786935 0.969318 0.970278 0.717688 0.924666 0.889650 0.714244 0.984812 0.817715 0.680317 0.664997 0.827839 0.670927 0.742654 0.600994 0.718639 0.776717 0.776340 0.644385 0.809854 0.929233 0.997292 0.706659 0.979430 0.841531 0.758689 0.991655 0.907170 0.000000 0.520432 0.659387 0.696884 0.642508 0.695476 0.881395 0.962576 0.927263 0.903965 0.717983 0.713316 0.931845 0.835719 0.986653 0.909236 0.750400 0.762086 0.835983 0.939467 0.728943 0.747404 0.973101 0.957072 0.708117 0.804086 0.963352 0.906522 0.899720 0.939827 0.900886 0.896620 0.760426 0.925902 0.797751 0.745305 0.980419 0.640821 0.878122 0.749652 0.790549 0.856230 0.972938 0.791816 0.817121 0.870092 0.991051 0.884154 0.988838 0.893716 0.848353 0.954671 0.723146 0.949587 0.805784 0.941215 0.887777 0.813643 0.912313 0.806485 0.993563 0.841439 0.872015 0.903042 0.987607 0.872804 0.926487 0.879134 0.922699 0.794132 0.728304 0.815832 0.986304 0.815381 0.894970 0.946322 0.860354 0.747875 0.898518 0.873381 0.754693 0.810119 0.957881 0.847698 0.962429 0.850607 0.979302 0.825167
0.786570 0.954923 0.993604 0.808448 0.988486 0.793964 0.662509 0.895387 0.752584 0.601925 0.622750 0.974917 0.668849 0.835381 0.668194 0.793322 0.668206 0.718348 0.562099 0.703704 0.866730 0.963802 0.721667 0.996067 0.730849 0.585122 0.879000 0.821603 0.520432 0.000000 0.639281 0.568889 0.732542 0.730708 0.752613 0.970974 0.889008 0.892442 0.641383 0.689671 0.956769 0.846276 0.991890 0.801659 0.749956 0.745258 0.851189 0.907942 0.729522 0.661093 0.934713 0.931576 0.712095 0.785904 0.931107 0.988259 0.882763 0.982291 0.969154 0.953624 0.797279 0.990146 0.802211 0.750034 0.852285 0.554506 0.823583 0.699478 0.917552 0.985766 0.872421 0.748624 0.718622 0.785396 0.986507 0.880838 0.880915 0.996448 0.767733 0.863013 0.725506 0.925203 0.935915 0.985298 0.986878 0.701319 0.877380 0.769872 0.931099 0.944037 0.819612 0.890232 0.877789 0.998990 0.905129 0.910441 0.958150 0.951466 0.677128 0.737725 0.971637 0.669437 0.805919 0.808249 0.891623 0.831812 0.999571 0.886330 0.878889 0.984868 0.852656 0.861955 0.948054 0.917635 0.964135 0.831414
0.922317 0.956513 0.822800 0.928221 0.997779 0.979974 0.764900 0.974390 0.692222 0.710948 0.741920 0.905943 0.697004 0.809977 0.693120 0.725531 0.828219 0.812838 0.692653 0.884363 0.963956 0.931727 0.729440 0.885963 0.959154 0.833288 0.942403 0.917506 0.659387 0.639281 0.000000 0.806751 0.689355 0.730422 0.944243 0.914549 0.880892 0.936563 0.898807 0.928705 0.953114 0.924947 0.920199 0.844774 0.722883 0.777389 0.933048 0.960538 0.794801 0.753630 0.880291 0.897617 0.747790 0.778732 0.966468 0.949353 0.977262 0.951580 0.852202 0.867152 0.854589 0.874862 0.924796 0.879234 0.947489 0.741958 0.966834 0.821786 0.890476 0.909890 0.841010 0.940214 0.929254 0.934948 0.851030 0.934256 0.748750 0.985257 0.851168 0.827000 0.823803 0.943186 0.860008 0.945400 0.901442 0.909634 0.958669 0.834580 0.840644 0.827735 0.939996 0.868045 0.901959 0.838647 0.972777 0.983603 0.980416 0.984249 0.834277 0.758063 0.982409 0.813958 0.998103 0.976181 0.953449 0.922059 0.860927 0.940764 0.858238 0.961097 0.948403 0.948105 0.978676 0.938434 0.908963 0.996557
0.808621 0.981191 0.897814 0.974437 0.971367 0.840301 0.625335 0.747337 0.865558 0.706772 0.761640 0.946377 0.713192 0.816133 0.767787 0.856340 0.775075 0.851630 0.647343 0.761306 0.755958 0.937430 0.766787 0.944976 0.767607 0.767405 0.832408 0.945954 0.696884 0.568889 0.806751 0.000000 0.697425 0.781207 0.847429 0.960348 0.848302 0.888581 0.848589 0.760054 0.955567 0.926401 0.995181 0.895143 0.857925 0.885909 0.906468 0.891311 0.904915 0.755003 0.985514 0.943573 0.763012 0.885194 0.981142 0.970996 0.953189 0.906373 0.985913 0.916275 0.776706 0.918881 0.874901 0.869089 0.940864 0.754591 0.927818 0.810419 0.820527 0.916973 0.897298 0.781199 0.807088 0.829278 0.965116 0.882477 0.941277 0.962874 0.827430 0.869676 0.834706 0.964231 0.995187 0.962534 0.931072 0.828196 0.841241 0.833791 0.916517 0.976159 0.792705 0.850531 0.970444 0.949376 0.986213 0.883560 0.955650 0.923473 0.785115 0.730246 0.961075 0.755347 0.781624 0.872188 0.974827 0.998122 0.939354 0.874949 0.998295 0.940779 0.831608 0.934928 0.939469 0.949873 0.970124 0.782356
0.831611 0.894995 0.842559 0.893822 0.922431 0.881081 0.714958 0.957316 0.975711 0.938910 0.659488 0.656475 0.608600 0.684250 0.651285 0.742483 0.779554 0.709196 0.744412 0.855462 0.931666 0.945940 0.710467 0.846632 0.872789 0.933026 0.951179 0.889221 0.642508 0.732542 0.689355 0.697425 0.000000 0.640374 0.821659 0.838619 0.980088 0.929843 0.868594 0.968418 0.951392 0.866537 0.886893 0.869697 0.746164 0.836217 0.940576 0.922530 0.925814 0.881280 0.834234 0.803347 0.783708 0.898021 0.978655 0.864903 0.879467 0.960984 0.906543 0.968986 0.572632 0.717328 0.776614 0.698821 0.823785 0.998519 0.773064 0.921996 0.843817 0.883348 0.982705 0.916387 0.903027 0.930913 0.982951 0.838747 0.980933 0.900695 0.906196 0.836937 0.829592 0.825788 0.855051 0.795831 0.748237 0.873686 0.998018 0.799878 0.951852 0.837000 0.788244 0.974243 0.785956 0.956419 0.922371 0.977122 0.819453 0.979136 0.771359 0.676975 0.722891 0.819488 0.841571 0.968463 0.865058 0.857994 0.931583 0.966120 0.989253 0.991775 0.821615 0.915674 0.934387 0.983586 0.841132 0.893268
0.697059 0.857205 0.995890 0.857505 0.969773 0.941320 0.868589 0.969331 0.966595 0.887241 0.689061 0.781353 0.769382 0.813113 0.837407 0.940777 0.668732 0.741317 0.707701 0.870506 0.998976 0.987782 0.935212 0.987265 0.972484 0.997625 0.853056 0.991104 0.695476 0.730708 0.730422 0.781207 0.640374 0.000000 0.850746 0.842160 0.944513 0.990897 0.860189 0.964625 0.910186 0.862209 0.855793 0.795679 0.743752 0.730975 0.884715 0.839173 0.813082 0.803814 0.762642 0.747662 0.703916 0.866849 0.848158 0.888529 0.809361 0.906466 0.795729 0.820072 0.626219 0.785110 0.702255 0.661117 0.926505 0.927670 0.769553 0.832793 0.913732 0.889937 0.903120 0.843528 0.966400 0.897662 0.882806 0.895113 0.869815 0.854649 0.858983 0.673805 0.694714 0.878387 0.996119 0.926208 0.953206 0.993329 0.928945 0.946276 0.963308 0.861477 0.784015 0.919287 0.830289 0.900004 0.937199 0.994824 0.948043 0.868010 0.751980 0.802766 0.784843 0.824349 0.731281 0.910425 0.962237 0.888193 0.986657 0.942718 0.957072 0.973554 0.772994 0.779584 0.979935 0.776107 0.890401 0.960614
0.984187 0.812339 0.964520 0.948949 0.913127 0.606366 0.850598 0.787453 0.914310 0.720545 0.898368 0.764050 0.951344 0.818994 0.930228 0.904790 0.939396 0.977183 0.829427 0.834600 0.917950 0.981788 0.961649 0.862244 0.725752 0.721233 0.981895 0.740570 0.881395 0.752613 0.944243 0.847429 0.821659 0.850746 0.000000 0.780753 0.811855 0.965096 0.746899 0.883283 0.895959 0.975011 0.758967 0.935757 0.818597 0.912564 0.724087 0.919760 0.968287 0.966426 0.779727 0.726966 0.928124 0.907366 0.871056 0.772721 0.986618 0.846838 0.802039 0.967527 0.804724 0.834058 0.890245 0.890687 0.758463 0.659797 0.571246 0.600127 0.939193 0.986530 0.999602 0.846842 0.837361 0.986718 0.787479 0.908013 0.998557 0.731411 0.976132 0.875461 0.926714 0.936627 0.870817 0.939384 0.770312 0.623945 0.868559 0.967796 0.964408 0.903155 0.840758 0.889439 0.767433 0.919368 0.937742 0.896130 0.936292 0.969741 0.900363 0.920655 0.940917 0.989871 0.937114 0.943461 0.839067 0.789651 0.875335 0.984551 0.813112 0.984947 0.970465 0.906095 0.938285 0.917632 0.814358 0.881582
0.859144 0.774318 0.949217 0.953260 0.993121 0.874907 0.903888 0.943895 0.864820 0.814329 0.972623 0.812034 0.974845 0.818089 0.954808 0.996383 0.955132 0.868694 0.982733 0.908375 0.993046 0.932444 0.982425 0.968196 0.851786 0.870388 0.822850 0.876767 0.962576 0.970974 0.914549 0.960348 0.838619 0.842160 0.780753 0.000000 0.863200 0.928607 0.880662 0.886188 0.857614 0.878832 0.875399 0.902542 0.906822 0.946096 0.821404 0.858579 0.988568 0.924793 0.838264 0.756096 0.904159 0.990533 0.910791 0.832662 0.856155 0.856530 0.738910 0.775191 0.872096 0.931814 0.844001 0.885695 0.937135 0.819700 0.701510 0.686240 0.991573 0.968304 0.939951 0.782848 0.925266 0.946097 0.931953 0.981451 0.903311 0.963015 0.925132 0.833716 0.991078 0.875936 0.770468 0.858010 0.877194 0.773352 0.961055 0.953591 0.928494 0.938694 0.892186 0.935962 0.759991 0.964146 0.986152 0.938666 0.781441 0.920949 0.945895 0.938665 0.860156 0.934242 0.897114 0.885800 0.797078 0.781874 0.971385 0.985179 0.879498 0.921892 0.938832 0.918572 0.955319 0.953950 0.698650 0.973321
0.912847 0.932226 0.951372 0.950546 0.852322 0.952735 0.780587 0.905734 0.859797 0.834036 0.921597 0.927100 0.897421 0.901740 0.884441 0.988722 0.978296 0.895503 0.767371 0.904776 0.846832 0.865191 0.839442 0.889483 0.864247 0.798096 0.956553 0.922292 0.927263 0.889008 0.880892 0.848302 0.980088 0.944513 0.811855 0.863200 0.000000 0.917659 0.708545 0.799752 0.931566 0.945974 0.787335 0.800260 0.924352 0.890294 0.759024 0.852658 0.930414 0.958684 0.838246 0.958892 0.980824 0.992452 0.837571 0.928145 0.843877 0.872857 0.998928 0.981107 0.858180 0.918389 0.986114 0.954425 0.933811 0.960025 0.896756 0.820244 0.839420 0.918073 0.933792 0.934477 0.919183 0.937644 0.982776 0.965455 0.852262 0.926413 0.866284 0.887824 0.908541 0.901012 0.956028 0.993374 0.870185 0.948176 0.914705 0.886469 0.994595 0.952214 0.835111 0.889210 0.985075 0.987093 0.834554 0.984335 0.974048 0.867796 0.972920 0.971407 0.965812 0.906435 0.927042 0.958611 0.861249 0.998645 0.888578 0.982011 0.971157 0.952507 0.930047 0.930969 0.944565 0.940172 0.849697 0.903011
0.919545 0.985991 0.943984 0.939002 0.953045 0.998119 0.871186 0.930696 0.893845 0.893596 0.947605 0.952138 0.986428 0.929185 0.908686 0.937677 0.972668 0.976085 0.901342 0.888761 0.838165 0.879411 0.926344 0.823929 0.791764 0.903769 0.842648 0.997798 0.903965 0.892442 0.936563 0.888581 0.929843 0.990897 0.965096 0.928607 0.917659 0.000000 0.860578 0.728292 0.928554 0.949883 0.921950 0.964671 0.999140 0.956294 0.872105 0.981354 0.959479 0.893076 0.908152 0.939599 0.978706 0.977423 0.974335 0.887433 0.921515 0.990736 0.961524 0.992662 0.956190 0.947805 0.990284 0.940146 0.910467 0.850100 0.907097 0.919074 0.861353 0.816401 0.866076 0.964999 0.896636 0.983960 0.966466 0.877744 0.895408 0.876102 0.978274 0.883788 0.972030 0.939609 0.872142 0.759398 0.972113 0.858494 0.893584 0.914711 0.724098 0.833514 0.803142 0.916124 0.925617 0.964810 0.936064 0.917767 0.945076 0.872620 0.934262 0.987246 0.801441 0.920917 0.992587 0.928936 0.776244 0.819565 0.987676 0.994365 0.950230 0.894775 0.927955 0.905765 0.991581 0.991190 0.981693 0.861225
