0.000000 0.469825 0.669287 0.740324 0.902410 0.705566 0.802743 0.712177 0.805010 0.729408 0.568103 0.691711 0.903277 0.858359 0.873945 0.926748 0.562183 0.447303 0.885137 0.784114 0.973788 0.993784 0.988939 0.990855 0.809640 0.819147 0.946413 0.782761 0.682192 0.737850 0.953822 0.978044 0.843067 0.785861 0.926993 0.911054 0.939863 0.781823 0.953762 0.902165 0.761979 0.769710 0.849201 0.663869 0.704615 0.568919 0.690647 0.578087 0.565846 0.580863 0.597346 0.583653 0.707885 0.994300 0.692935 0.662267 0.414956 0.467175 0.531353 0.494002 0.706250 0.951916 0.461068 0.436903 0.861577 0.821652 0.970180 0.902019 0.586860 0.551518 0.666182 0.653395 0.956421 0.993525 0.867457 0.955752 0.858571 0.918646 0.644357 0.759302 0.385087 0.462927 0.604484 0.471590 0.657433 0.773697 0.901383 0.743006 0.760994 0.667165 0.548958 0.562731 0.577614 0.540862 0.910614 0.874372 0.907875 0.993170 0.957395 0.846472 0.828196 0.832647 0.998354 0.785915 0.986900 0.991670 0.987558 0.992286 0.893318 0.950287 0.907432 0.941152 0.970827 0.811171 0.882646 0.897994
0.469825 0.000000 0.666938 0.846207 0.829861 0.840852 0.756068 0.754322 0.648536 0.554341 0.756946 0.712956 0.945016 0.900240 0.934562 0.908404 0.601458 0.512016 0.955913 0.914108 0.931540 0.997887 0.918061 0.940899 0.991024 0.985331 0.964866 0.651228 0.817531 0.891407 0.920244 0.919978 0.808718 0.783935 0.839545 0.812285 0.875779 0.906693 0.931258 0.731146 0.679494 0.725493 0.746657 0.593002 0.706835 0.548933 0.569231 0.557822 0.643610 0.604101 0.560751 0.522266 0.712073 0.988974 0.595934 0.660123 0.406415 0.396150 0.455821 0.464692 0.832275 0.906931 0.484237 0.481594 0.905797 0.945692 0.812572 0.721881 0.640752 0.567119 0.701507 0.639308 0.971677 0.992322 0.865850 0.987098 0.897471 0.958698 0.704654 0.661886 0.454077 0.483675 0.595750 0.459978 0.651853 0.607330 0.847927 0.770720 0.935232 0.633562 0.635641 0.599966 0.742840 0.591874 0.856583 0.866967 0.960954 0.940486 0.885030 0.829333 0.950461 0.797877 0.977656 0.889598 0.964012 0.917587 0.976951 0.977650 0.994696 0.923071 0.872114 0.964866 0.981920 0.803343 0.777185 0.885958
0.669287 0.666938 0.000000 0.556054 0.881782 0.810254 0.540406 0.576299 0.671316 0.673370 0.897108 0.971810 0.719423 0.785020 0.889834 0.730448 0.667872 0.662170 0.807552 0.897625 0.909051 0.913642 0.693671 0.687671 0.682965 0.861029 0.999695 0.800939 0.989676 0.979413 0.723159 0.785917 0.789869 0.927636 0.929299 0.934570 0.997382 0.997754 0.849424 0.956784 0.801402 0.965077 0.927591 0.923087 0.961375 0.799491 0.883540 0.938065 0.733636 0.804700 0.764480 0.792639 0.971084 0.893290 0.767342 0.825229 0.650426 0.535354 0.602076 0.653443 0.942332 0.703262 0.574857 0.616858 0.622920 0.780821 0.941030 0.905890 0.740578 0.659849 0.679346 0.644611 0.842966 0.803718 0.927263 0.755521 0.825071 0.817786 0.859246 0.925865 0.621769 0.709992 0.803401 0.715134 0.939024 0.998208 0.932128 0.896809 0.807065 0.984925 0.632317 0.602992 0.694806 0.595241 0.978214 0.781555 0.777286 0.890253 0.728565 0.652923 0.855882 0.749211 0.977724 0.850046 0.928326 0.990092 0.802353 0.885254 0.930631 0.880013 0.832871 0.982615 0.980674 0.785457 0.985379 0.968380
0.740324 0.846207 0.556054 0.000000 0.902395 0.812759 0.734173 0.408237 0.869155 0.794973 0.849741 0.923827 0.940614 0.971632 0.712901 0.982284 0.735259 0.694459 0.965638 0.992976 0.988492 0.949962 0.960167 0.876728 0.667438 0.700743 0.927930 0.963688 0.707631 0.814332 0.924424 0.832675 0.962357 0.998787 0.954203 0.881984 0.984635 0.943312 0.827538 0.862929 0.944478 0.933112 0.975867 0.948404 0.762973 0.777646 0.913661 0.974189 0.693578 0.828907 0.766895 0.846533 0.922839 0.986302 0.786614 0.872030 0.738449 0.687929 0.803918 0.875392 0.801963 0.927419 0.642951 0.641037 0.934609 0.763884 0.860924 0.876726 0.841669 0.779320 0.720088 0.718532 0.962677 0.933927 0.904179 0.865569 0.825138 0.830431 0.894272 0.945967 0.683470 0.757285 0.640795 0.750817 0.722836 0.947022 0.801758 0.745202 0.988385 0.966200 0.674118 0.664209 0.664131 0.661276 0.995769 0.902928 0.734755 0.787803 0.982231 0.865147 0.841114 0.868045 0.846602 0.881170 0.918816 0.845687 0.811586 0.849313 0.798420 0.838239 0.910284 0.828920 0.961520 0.904734 0.970710 0.890825
0.902410 0.829861 0.881782 0.902395 0.000000 0.911506 0.734863 0.969239 0.719625 0.809230 0.989064 0.907012 0.655721 0.801111 0.729818 0.652886 0.960207 0.949641 0.791701 0.978318 0.776204 0.985326 0.638690 0.674859 0.967264 0.842302 0.943317 0.834619 0.922078 0.960618 0.995700 0.908979 0.882586 0.965701 0.927912 0.994965 0.838407 0.917679 0.826549 0.751196 0.924844 0.826525 0.944153 0.770278 0.955810 0.848188 0.893980 0.890643 0.884697 0.849617 0.868449 0.944218 0.978091 0.918623 0.899978 0.991383 0.790059 0.807657 0.852725 0.788084 0.728347 0.782969 0.918748 0.968735 0.644029 0.829554 0.997837 0.847753 0.799121 0.723527 0.848069 0.930135 0.983461 0.968813 0.946803 0.916461 0.885177 0.966586 0.926098 0.911517 0.823206 0.912456 0.890479 0.834370 0.698857 0.910237 0.798971 0.843251 0.938743 0.978586 0.740701 0.747278 0.892329 0.736573 0.896582 0.975732 0.864185 0.790638 0.804600 0.686780 0.927372 0.799450 0.882423 0.906587 0.907914 0.981678 0.974905 0.843434 0.957040 0.790627 0.912450 0.932531 0.958644 0.981017 0.966532 0.822472
0.705566 0.840852 0.810254 0.812759 0.911506 0.000000 0.903127 0.922725 0.956295 0.983427 0.826838 0.905968 0.937198 0.963915 0.994231 0.847960 0.877266 0.852692 0.894604 0.882561 0.831264 0.859647 0.951436 0.844063 0.578619 0.584766 0.997628 0.788256 0.789178 0.726077 0.936894 0.944525 0.900254 0.900375 0.733335 0.835953 0.997302 0.985661 0.797848 0.842061 0.886456 0.914563 0.942022 0.738586 0.808933 0.680674 0.955572 0.700087 0.603114 0.579351 0.782395 0.837575 0.794082 0.838029 0.841363 0.985304 0.663342 0.815365 0.884268 0.723282 0.964557 0.993483 0.813464 0.792236 0.649648 0.536196 0.611952 0.703278 0.635143 0.641807 0.762568 0.965357 0.927122 0.939957 0.934654 0.964615 0.853924 0.795352 0.838939 0.918624 0.702514 0.805542 0.986286 0.862903 0.945426 0.730082 0.915075 0.956931 0.976952 0.922347 0.600794 0.714270 0.555824 0.673275 0.926390 0.815340 0.879358 0.965544 0.942534 0.843535 0.821588 0.972562 0.925604 0.792931 0.811354 0.825510 0.820984 0.978871 0.908625 0.889655 0.953118 0.887828 0.780209 0.953903 0.903378 0.742269
0.802743 0.756068 0.540406 0.734173 0.734863 0.903127 0.000000 0.531597 0.610875 0.490931 0.938745 0.993481 0.533814 0.788281 0.717021 0.684632 0.902768 0.885510 0.508582 0.775086 0.708958 0.898783 0.527543 0.732671 0.962111 0.767245 0.898895 0.793211 0.819229 0.749630 0.762599 0.634520 0.737237 0.888118 0.862505 0.913880 0.767878 0.820398 0.825835 0.714723 0.844584 0.906679 0.856431 0.779381 0.882754 0.740202 0.683138 0.879715 0.747106 0.835210 0.637664 0.713428 0.943351 0.945352 0.815498 0.755459 0.704613 0.648749 0.636054 0.708988 0.782745 0.775357 0.783763 0.826056 0.695467 0.966445 0.899003 0.676050 0.713639 0.656732 0.779395 0.655213 0.738048 0.799797 0.804207 0.861063 0.905406 0.912378 0.824006 0.991593 0.806238 0.852583 0.840220 0.770442 0.865125 0.861730 0.984885 0.870847 0.792351 0.952677 0.627969 0.583950 0.748755 0.630241 0.986556 0.953506 0.956592 0.853614 0.786612 0.675292 0.941845 0.630864 0.857948 0.781348 0.974923 0.912610 0.830378 0.906257 0.905958 0.963045 0.897686 0.970480 0.992770 0.833866 0.820149 0.886907
0.712177 0.754322 0.576299 0.408237 0.969239 0.922725 0.531597 0.000000 0.779647 0.566547 0.954058 0.968915 0.953535 0.979930 0.825008 0.997226 0.831848 0.768095 0.765814 0.893963 0.803300 0.941679 0.951188 0.900567 0.855344 0.948990 0.853000 0.823890 0.906082 0.973031 0.947964 0.729264 0.998475 0.941726 0.791679 0.935513 0.836569 0.840290 0.973693 0.918756 0.864743 0.980747 0.788219 0.792214 0.618785 0.637347 0.718611 0.811483 0.619193 0.784430 0.607363 0.678229 0.849969 0.858420 0.828194 0.775129 0.702547 0.636638 0.701756 0.821486 0.914765 0.880995 0.720597 0.726287 0.996186 0.916452 0.965351 0.876244 0.779653 0.693397 0.781418 0.624662 0.850061 0.950648 0.779086 0.979795 0.925107 0.907448 0.793282 0.956787 0.749639 0.786701 0.575668 0.666737 0.744985 0.759551 0.726007 0.866468 0.996559 0.924280 0.662630 0.659259 0.710561 0.652064 0.926799 0.951498 0.793645 0.934224 0.966682 0.890479 0.830061 0.790162 0.942605 0.786980 0.903022 0.949102 0.841030 0.885549 0.898930 0.960930 0.857708 0.828505 0.906393 0.854436 0.833253 0.892285
0.805010 0.648536 0.671316 0.869155 0.719625 0.956295 0.610875 0.779647 0.000000 0.432487 0.959572 0.996144 0.605708 0.786685 0.723401 0.564692 0.828359 0.744225 0.573034 0.821811 0.885051 0.921097 0.550749 0.672633 0.947004 0.842028 0.858294 0.673114 0.866120 0.798902 0.658414 0.782030 0.960274 0.947982 0.935450 0.943431 0.898486 0.923951 0.784976 0.706456 0.746842 0.885270 0.981762 0.935622 0.916209 0.928018 0.757642 0.821240 0.983043 0.957795 0.847549 0.901861 0.827326 0.655618 0.741540 0.859128 0.675711 0.605630 0.653906 0.685183 0.976327 0.733139 0.690692 0.745892 0.720948 0.866773 0.814807 0.593480 0.779586 0.766728 0.686626 0.707083 0.828659 0.878174 0.870245 0.890876 0.805314 0.916540 0.896792 0.946234 0.762154 0.768992 0.901204 0.665847 0.943600 0.760732 0.999151 0.913395 0.863497 0.971101 0.708131 0.582300 0.924984 0.667848 0.970669 0.939448 0.961561 0.908600 0.715347 0.624782 0.968802 0.641753 0.975270 0.962084 0.875514 0.900853 0.853380 0.915908 0.935048 0.891892 0.948941 0.846249 0.884686 0.947237 0.906941 0.863315
0.729408 0.554341 0.673370 0.794973 0.809230 0.983427 0.490931 0.566547 0.432487 0.000000 0.933298 0.884815 0.716887 0.934721 0.837229 0.725772 0.881409 0.775689 0.557130 0.795007 0.760535 0.968817 0.664743 0.839273 0.870232 0.763479 0.964553 0.639988 0.845400 0.713516 0.758923 0.730201 0.955654 0.978794 0.737225 0.808847 0.804321 0.885722 0.783025 0.627284 0.770952 0.799958 0.757664 0.750070 0.801020 0.708856 0.527932 0.703671 0.847042 0.863929 0.600630 0.649517 0.967821 0.908243 0.756812 0.718431 0.600537 0.541975 0.560024 0.649415 0.982698 0.841456 0.681671 0.731063 0.902870 0.791580 0.699771 0.521442 0.754225 0.686152 0.692421 0.620319 0.711070 0.873518 0.933724 0.968468 0.823020 0.974324 0.832822 0.875498 0.743971 0.747496 0.752067 0.600026 0.867745 0.566010 0.888596 0.943905 0.890518 0.889875 0.690773 0.547631 0.869541 0.595374 0.949498 0.939259 0.973597 0.911303 0.871628 0.772336 0.985083 0.672426 0.968356 0.862026 0.829964 0.835879 0.946830 0.918573 0.995445 0.926856 0.897248 0.991701 0.949789 0.932361 0.732350 0.993709
0.568103 0.756946 0.897108 0.849741 0.989064 0.826838 0.938745 0.954058 0.959572 0.933298 0.000000 0.680557 0.713372 0.787314 0.762223 0.877551 0.588775 0.507885 0.716677 0.708624 0.917650 0.986322 0.911059 0.885830 0.788150 0.745063 0.973467 0.990328 0.576099 0.551153 0.874854 0.891277 0.712969 0.762466 0.909614 0.955404 0.975161 0.852740 0.921874 0.976754 0.942335 0.858184 0.887601 0.864700 0.930573 0.869187 0.954049 0.851294 0.809038 0.815567 0.883242 0.880855 0.863703 0.921811 0.868643 0.776534 0.665688 0.693039 0.809366 0.735551 0.646834 0.746685 0.617228 0.521305 0.944342 0.834267 0.967818 0.921945 0.740184 0.762187 0.835189 0.830671 0.940900 0.999290 0.987386 0.936056 0.862007 0.885084 0.781595 0.815378 0.587537 0.518230 0.768900 0.639104 0.775629 0.949910 0.946771 0.675873 0.766887 0.715787 0.655410 0.680615 0.658510 0.680863 0.939632 0.937721 0.881707 0.986177 0.901789 0.849567 0.901907 0.936507 0.870630 0.928569 0.878860 0.963611 0.919192 0.810010 0.787163 0.974325 0.893217 0.878228 0.939475 0.854382 0.975132 0.967720
0.691711 0.712956 0.971810 0.923827 0.907012 0.905968 0.993481 0.968915 0.996144 0.884815 0.680557 0.000000 0.775182 0.629678 0.847332 0.829904 0.729141 0.710310 0.896492 0.812828 0.817173 0.972205 0.906263 0.791391 0.959275 0.978142 0.984643 0.978859 0.728506 0.890664 0.965558 0.973536 0.657400 0.767734 0.783087 0.841927 0.905057 0.894210 0.997869 0.926954 0.944113 0.890087 0.965016 0.837837 0.840583 0.843430 0.810197 0.891270 0.885134 0.790358 0.750277 0.743989 0.840522 0.946448 0.802900 0.665431 0.725873 0.816461 0.739619 0.809797 0.652023 0.617138 0.713657 0.662959 0.936924 0.859883 0.768897 0.849476 0.867325 0.858849 0.882787 0.887228 0.986768 0.887857 0.827051 0.875972 0.868338 0.971312 0.886747 0.842994 0.763738 0.663250 0.767684 0.703181 0.743218 0.762393 0.983247 0.761914 0.864457 0.666037 0.847645 0.761669 0.864581 0.774467 0.956849 0.969197 0.867048 0.942760 0.987563 0.981298 0.939308 0.997128 0.908131 0.992101 0.963564 0.910627 0.975089 0.891545 0.917685 0.968300 0.836533 0.997272 0.758059 0.924366 0.885573 0.975266
0.903277 0.945016 0.719423 0.940614 0.655721 0.937198 0.533814 0.953535 0.605708 0.716887 0.713372 0.775182 0.000000 0.548149 0.417598 0.425812 0.965791 0.880978 0.477108 0.660006 0.829079 0.951099 0.401009 0.554784 0.939641 0.764912 0.962915 0.890117 0.670833 0.652682 0.708899 0.715837 0.564751 0.771877 0.921375 0.950453 0.862424 0.998885 0.832207 0.840955 0.908881 0.981879 0.902129 0.934081 0.713765 0.910454 0.980612 0.999830 0.917474 0.935338 0.995197 0.926079 0.780039 0.847745 0.863632 0.967075 0.953381 0.871934 0.847590 0.796143 0.538244 0.648063 0.973907 0.937089 0.528783 0.999432 0.991167 0.792771 0.867794 0.853930 0.851861 0.934739 0.818134 0.769069 0.971161 0.845314 0.880345 0.854043 0.950014 0.989297 0.972618 0.953822 0.833555 0.959432 0.607563 0.898712 0.861263 0.712047 0.706984 0.868753 0.829514 0.803201 0.939006 0.869349 0.969099 0.967718 0.935925 0.843505 0.694715 0.605926 0.962671 0.665076 0.915581 0.980335 0.902325 0.984597 0.953777 0.962833 0.967352 0.923722 0.979725 0.852490 0.930664 0.969868 0.913634 0.991037
0.858359 0.900240 0.785020 0.971632 0.801111 0.963915 0.788281 0.979930 0.786685 0.934721 0.787314 0.629678 0.548149 0.000000 0.570114 0.541286 0.931741 0.976394 0.697589 0.718093 0.831255 0.821855 0.524578 0.506459 0.866355 0.937264 0.891696 0.984778 0.737002 0.832407 0.796107 0.796126 0.596121 0.782208 0.736841 0.802099 0.879722 0.930123 0.911266 0.900513 0.918422 0.931983 0.815172 0.825308 0.692684 0.777693 0.977736 0.811582 0.815935 0.738651 0.862658 0.705353 0.722118 0.706566 0.991043 0.933130 0.922529 0.995847 0.912927 0.950857 0.723427 0.623395 0.988847 0.952869 0.592088 0.891851 0.881633 0.993462 0.944816 0.955377 0.989257 0.910102 0.967849 0.828292 0.799005 0.743410 0.886615 0.871454 0.876514 0.944954 0.984616 0.929244 0.728677 0.830746 0.640391 0.750022 0.921360 0.753814 0.785166 0.669586 0.974667 0.975475 0.991027 0.994015 0.956840 0.956252 0.996009 0.819695 0.900512 0.713860 0.985718 0.894564 0.912651 0.985195 0.842923 0.896686 0.932441 0.975457 0.966192 0.940769 0.891399 0.943130 0.994248 0.939501 0.854225 0.919021
0.873945 0.934562 0.889834 0.712901 0.729818 0.994231 0.717021 0.825008 0.723401 0.837229 0.762223 0.847332 0.417598 0.570114 0.000000 0.459074 0.931325 0.797315 0.597520 0.740285 0.859726 0.910347 0.398887 0.641169 0.982605 0.756175 0.788267 0.959915 0.542868 0.614394 0.751010 0.804551 0.593503 0.827066 0.902191 0.994676 0.920641 0.953529 0.812267 0.806325 0.948505 0.993009 0.888186 0.903113 0.669521 0.810540 0.993527 0.933135 0.782314 0.810161 0.956203 0.858027 0.784371 0.801014 0.975681 0.965627 0.936333 0.963867 0.935308 0.911137 0.653535 0.806602 0.932832 0.854551 0.546015 0.854194 0.895363 0.705722 0.887489 0.955088 0.959417 0.917159 0.789967 0.821384 0.888046 0.920021 0.947625 0.920543 0.894780 0.915584 0.896391 0.877136 0.660281 0.865838 0.520825 0.834537 0.772154 0.630990 0.769129 0.814914 0.987062 0.914476 0.892843 0.987860 0.978309 0.949479 0.815371 0.708209 0.823097 0.694127 0.862185 0.861185 0.844438 0.979102 0.912432 0.929250 0.915692 0.923976 0.933124 0.921478 0.982402 0.808748 0.966114 0.956666 0.866245 0.958008
0.926748 0.908404 0.730448 0.982284 0.652886 0.847960 0.684632 0.997226 0.564692 0.725772 0.877551 0.829904 0.425812 0.541286 0.459074 0.000000 0.924676 0.991282 0.651285 0.742251 0.928485 0.956381 0.418002 0.496718 0.808492 0.930956 0.803034 0.953818 0.710899 0.775930 0.681644 0.798498 0.656608 0.908396 0.889998 0.946755 0.949363 0.973537 0.857418 0.877344 0.921227 0.972606 0.832078 0.920851 0.747332 0.919522 0.989091 0.942860 0.923478 0.956892 0.971244 0.945416 0.758431 0.727328 0.843351 0.988562 0.876559 0.820438 0.776804 0.701719 0.792626 0.748346 0.849440 0.916399 0.460804 0.981733 0.950267 0.765388 0.735199 0.803008 0.814162 0.890075 0.838315 0.792949 0.858469 0.790164 0.837187 0.866671 0.927153 0.958627 0.849399 0.962118 0.771680 0.987308 0.652952 0.865985 0.923919 0.736262 0.851538 0.803665 0.776473 0.690941 0.900275 0.725150 0.901585 0.923895 0.909275 0.730516 0.723150 0.593797 0.989356 0.744819 0.921960 0.954276 0.913972 0.970833 0.916098 0.995604 0.999807 0.943962 0.940544 0.801416 0.858459 0.934494 0.849227 0.871554
0.562183 0.601458 0.667872 0.735259 0.960207 0.877266 0.902768 0.831848 0.828359 0.881409 0.588775 0.729141 0.965791 0.931741 0.931325 0.924676 0.000000 0.408545 0.906129 0.854932 0.967436 0.958252 0.885012 0.827461 0.730617 0.759538 0.994202 0.877751 0.707843 0.602548 0.929941 0.946314 0.895130 0.775063 0.976319 0.983535 0.910198 0.887755 0.947827 0.998956 0.835343 0.942353 0.846452 0.858397 0.991997 0.849707 0.888852 0.911679 0.875643 0.866685 0.857853 0.914290 0.960011 0.773085 0.746483 0.739807 0.555275 0.523255 0.674030 0.722885 0.703723 0.991551 0.416813 0.432143 0.765884 0.847199 0.951826 0.946328 0.668680 0.661052 0.733005 0.803722 0.928359 0.977660 0.939272 0.975837 0.841007 0.828870 0.739603 0.708437 0.442924 0.458770 0.728298 0.617797 0.793874 0.891607 0.926631 0.654645 0.810079 0.808926 0.655564 0.632830 0.624555 0.594535 0.828407 0.843023 0.927416 0.998074 0.846351 0.730470 0.825401 0.864760 0.918928 0.871703 0.852933 0.998799 0.866157 0.802060 0.881946 0.979951 0.993069 0.982326 0.918384 0.889499 0.990590 0.962928
0.447303 0.512016 0.662170 0.694459 0.949641 0.852692 0.885510 0.768095 0.744225 0.775689 0.507885 0.710310 0.880978 0.976394 0.797315 0.991282 0.408545 0.000000 0.882751 0.817154 0.900533 0.975908 0.989631 0.937545 0.818175 0.728284 0.969143 0.779952 0.645950 0.606391 0.988900 0.946645 0.790017 0.804309 0.974407 0.970745 0.873417 0.894516 0.963978 0.946269 0.789217 0.851796 0.914053 0.810525 0.906967 0.776442 0.792908 0.752389 0.771942 0.796785 0.792434 0.813775 0.937867 0.786223 0.648677 0.763703 0.429281 0.420983 0.623649 0.602782 0.635057 0.999554 0.370789 0.346871 0.864948 0.815145 0.972266 0.945472 0.634136 0.656990 0.637565 0.679512 0.993850 0.981448 0.948407 0.862880 0.811795 0.863682 0.683096 0.701949 0.386630 0.349943 0.596481 0.467662 0.650861 0.757849 0.820097 0.611948 0.807784 0.754618 0.557253 0.569434 0.585342 0.579116 0.868740 0.820142 0.868246 0.949282 0.816511 0.748275 0.821564 0.830519 0.829856 0.934173 0.959222 0.982698 0.788211 0.827501 0.799103 0.956703 0.914038 0.962803 0.880825 0.804068 0.893324 0.922420
0.885137 0.955913 0.807552 0.965638 0.791701 0.894604 0.508582 0.765814 0.573034 0.557130 0.716677 0.896492 0.477108 0.697589 0.597520 0.651285 0.906129 0.882751 0.000000 0.598998 0.744698 0.875439 0.525959 0.728250 0.786291 0.642092 0.992089 0.776821 0.653055 0.550803 0.754447 0.699068 0.786498 0.728319 0.872402 0.985599 0.753236 0.905184 0.694590 0.689880 0.912343 0.974468 0.928890 0.959851 0.917414 0.993217 0.777805 0.995131 0.932065 0.857397 0.874973 0.991778 0.830373 0.910918 0.879967 0.893485 0.959832 0.879533 0.860364 0.944302 0.661828 0.771487 0.942607 0.922662 0.805846 0.799469 0.873051 0.661989 0.980832 0.872209 0.872808 0.923086 0.793087 0.856861 0.899794 0.999680 0.914966 0.995197 0.981221 0.977580 0.922060 0.937389 0.926951 0.955104 0.755222 0.889049 0.965214 0.655487 0.751212 0.896325 0.835769 0.770026 0.959465 0.854675 0.950590 0.912162 0.982260 0.848313 0.879629 0.766201 0.959780 0.716969 0.881831 0.946323 0.888287 0.910228 0.932365 0.869532 0.997997 0.929106 0.996117 0.886596 0.964172 0.933179 0.969375 0.887382
0.784114 0.914108 0.897625 0.992976 0.978318 0.882561 0.775086 0.893963 0.821811 0.795007 0.708624 0.812828 0.660006 0.718093 0.740285 0.742251 0.854932 0.817154 0.598998 0.000000 0.771938 0.870613 0.738824 0.809952 0.893987 0.856754 0.953362 0.894228 0.702440 0.596531 0.879066 0.737135 0.825118 0.793334 0.934657 0.969931 0.870696 0.914410 0.785958 0.907383 0.942087 0.968414 0.984451 0.832302 0.890505 0.846783 0.921468 0.942231 0.856446 0.823088 0.975768 0.949841 0.890373 0.927439 0.985536 0.800846 0.870149 0.981780 0.993108 0.927587 0.813716 0.885959 0.940111 0.912121 0.935188 0.818731 0.878688 0.773316 0.992498 0.990510 0.934085 0.942466 0.907590 0.822564 0.955255 0.996737 0.942116 0.996298 0.833402 0.974771 0.862448 0.870274 0.886862 0.830086 0.894583 0.934148 0.949454 0.736995 0.823614 0.768091 0.963043 0.979541 0.934992 0.988269 0.990421 0.915441 0.993534 0.974030 0.868048 0.882088 0.934221 0.818456 0.981973 0.859787 0.964712 0.993878 0.931583 0.864787 0.945563 0.964169 0.965044 0.975642 0.951783 0.923178 0.980985 0.868897
0.973788 0.931540 0.909051 0.988492 0.776204 0.831264 0.708958 0.803300 0.885051 0.760535 0.917650 0.817173 0.829079 0.831255 0.859726 0.928485 0.967436 0.900533 0.744698 0.771938 0.000000 0.884924 0.773755 0.973113 0.810325 0.750597 0.911969 0.851247 0.850237 0.768779 0.961114 0.731029 0.905322 0.980810 0.921147 0.984120 0.800038 0.789314 0.798504 0.695315 0.885976 0.864931 0.798396 0.886721 0.903124 0.877557 0.845845 0.958011 0.953475 0.953595 0.875884 0.939523 0.998090 0.975171 0.950365 0.982337 0.960838 0.905444 0.969563 0.961827 0.757365 0.757208 0.950473 0.904346 0.983160 0.952617 0.874789 0.800303 0.942450 0.854927 0.974041 0.957831 0.745661 0.838551 0.906129 0.960372 0.958751 0.949108 0.902307 0.930610 0.980656 0.905727 0.952687 0.943906 0.875347 0.902310 0.983752 0.837785 0.993959 0.950426 0.965525 0.929771 0.924913 0.939441 0.924097 0.853166 0.982994 0.931055 0.938076 0.971345 0.892171 0.774300 0.987621 0.788101 0.906130 0.988225 0.962506 0.979079 0.912385 0.852351 0.984098 0.966166 0.923776 0.992253 0.821086 0.833574
0.993784 0.997887 0.913642 0.949962 0.985326 0.859647 0.898783 0.941679 0.921097 0.968817 0.986322 0.972205 0.951099 0.821855 0.910347 0.956381 0.958252 0.975908 0.875439 0.870613 0.884924 0.000000 0.957566 0.904505 0.955802 0.984735 0.960426 0.970829 0.972322 0.973122 0.946651 0.877768 0.932328 0.951079 0.917314 0.946234 0.835097 0.947761 0.967881 0.960927 0.955866 0.965084 0.909661 0.896681 0.879704 0.923745 0.884537 0.976085 0.900052 0.952273 0.858877 0.924227 0.779327 0.927158 0.922021 0.902313 0.956319 0.973048 0.978112 0.988740 0.949927 0.888758 0.993598 0.931267 0.945480 0.975416 0.957746 0.960757 0.857223 0.922044 0.945823 0.948535 0.952132 0.990583 0.989322 0.958344 0.960797 0.973546 0.912056 0.886230 0.934333 0.892041 0.932658 0.994517 0.997755 0.950641 0.926193 0.975993 0.975132 0.980716 0.933832 0.943084 0.915665 0.910046 0.883914 0.806919 0.974191 0.949993 0.871664 0.933322 0.981953 0.886978 0.996718 0.893192 0.895820 0.845480 0.952062 0.989764 0.920523 0.927788 0.971382 0.924096 0.972244 0.909667 0.958110 0.978830
0.988939 0.918061 0.693671 0.960167 0.638690 0.951436 0.527543 0.951188 0.550749 0.664743 0.911059 0.906263 0.401009 0.524578 0.398887 0.418002 0.885012 0.989631 0.525959 0.738824 0.773755 0.957566 0.000000 0.496241 0.922434 0.766574 0.791856 0.921422 0.705723 0.736665 0.711487 0.733654 0.620978 0.914690 0.891417 0.955131 0.876335 0.948478 0.787121 0.721581 0.926352 0.962003 0.876388 0.962249 0.727150 0.918779 0.912814 0.943589 0.872623 0.847146 0.956224 0.879654 0.728764 0.706329 0.870754 0.909958 0.893916 0.869714 0.859683 0.857828 0.712668 0.737076 0.888675 0.961138 0.438618 0.942110 0.896712 0.683811 0.808496 0.852083 0.920497 0.961458 0.715566 0.773607 0.890875 0.844026 0.826192 0.837059 0.977286 0.988576 0.914781 0.967090 0.741939 0.984129 0.525661 0.851000 0.852927 0.686369 0.784572 0.806636 0.794415 0.682899 0.943733 0.781163 0.976826 0.946407 0.933317 0.738361 0.748757 0.549914 0.991729 0.699215 0.863058 0.918032 0.874915 0.949912 0.968046 0.924861 0.972749 0.975157 0.971138 0.821187 0.862271 0.975580 0.919858 0.994624
0.990855 0.940899 0.687671 0.876728 0.674859 0.844063 0.732671 0.900567 0.672633 0.839273 0.885830 0.791391 0.554784 0.506459 0.641169 0.496718 0.827461 0.937545 0.728250 0.809952 0.973113 0.904505 0.496241 0.000000 0.695796 0.989562 0.791010 0.931016 0.911071 0.929306 0.820223 0.900891 0.721865 0.899311 0.794029 0.858751 0.871709 0.823450 0.980195 0.956954 0.945549 0.935875 0.898140 0.988654 0.836844 0.989522 0.966682 0.945170 0.961883 0.962512 0.991892 0.848005 0.833241 0.773359 0.885930 0.958016 0.903507 0.903097 0.956673 0.945638 0.761711 0.653619 0.906542 0.950723 0.485394 0.776978 0.872844 0.964403 0.791616 0.867411 0.876260 0.978588 0.935415 0.901142 0.856413 0.850419 0.948533 0.759088 0.925180 0.898341 0.858685 0.987562 0.824618 0.992194 0.628644 0.693396 0.890915 0.782120 0.761037 0.761147 0.809784 0.830692 0.924041 0.836202 0.945694 0.847528 0.957353 0.932010 0.867319 0.629247 0.931151 0.847570 0.834679 0.895837 0.816427 0.783681 0.973305 0.981082 0.889725 0.999835 0.927874 0.915823 0.906886 0.963144 0.784506 0.890922
0.809640 0.991024 0.682965 0.667438 0.967264 0.578619 0.962111 0.855344 0.947004 0.870232 0.788150 0.959275 0.939641 0.866355 0.982605 0.808492 0.730617 0.818175 0.786291 0.893987 0.810325 0.955802 0.922434 0.695796 0.000000 0.560087 0.876412 0.827442 0.798163 0.646713 0.891376 0.865078 0.808508 0.942004 0.711126 0.818863 0.943640 0.855718 0.671806 0.650711 0.940648 0.867542 0.823652 0.997579 0.990841 0.924712 0.803338 0.955837 0.768109 0.780271 0.959289 0.956477 0.991986 0.971943 0.938235 0.969185 0.848977 0.860110 0.919269 0.820714 0.934644 0.928431 0.758764 0.776274 0.581822 0.548122 0.673879 0.667382 0.796856 0.792567 0.863005 0.961104 0.888269 0.963767 0.985046 0.902058 0.884303 0.654951 0.927255 0.936949 0.736462 0.800136 0.935032 0.995821 0.945611 0.636862 0.841957 0.821121 0.960069 0.937981 0.758758 0.822123 0.678265 0.752624 0.895881 0.788634 0.802512 0.955300 0.936848 0.790064 0.714560 0.970726 0.959930 0.821706 0.695064 0.770673 0.971491 0.981196 0.868721 0.847885 0.986469 0.983542 0.977098 0.930976 0.826706 0.855619
0.819147 0.985331 0.861029 0.700743 0.842302 0.584766 0.767245 0.948990 0.842028 0.763479 0.745063 0.978142 0.764912 0.937264 0.756175 0.930956 0.759538 0.728284 0.642092 0.856754 0.750597 0.984735 0.766574 0.989562 0.560087 0.000000 0.994076 0.717089 0.722098 0.537631 0.966254 0.906371 0.956983 0.943842 0.692511 0.841937 0.855168 0.947663 0.682255 0.599812 0.983656 0.935927 0.765959 0.940540 0.981400 0.983425 0.812014 0.924059 0.861407 0.853240 0.937013 0.913161 0.956990 0.949339 0.991013 0.868101 0.820170 0.890818 0.991571 0.898021 0.765196 0.947782 0.717364 0.722554 0.861753 0.560545 0.586745 0.563196 0.851278 0.847058 0.842777 0.983328 0.832027 0.991924 0.909197 0.934239 0.814034 0.743704 0.936207 0.947103 0.765549 0.772228 0.921340 0.915295 0.821757 0.753757 0.934384 0.670831 0.838663 0.933561 0.820934 0.886611 0.681579 0.820933 0.885220 0.840112 0.774874 0.756173 0.946523 0.960078 0.850322 0.935172 0.793127 0.998201 0.835649 0.782679 0.984601 0.972088 0.913340 0.861776 0.977441 0.959299 0.898420 0.999465 0.879913 0.804861
0.946413 0.964866 0.999695 0.927930 0.943317 0.997628 0.898895 0.853000 0.858294 0.964553 0.973467 0.984643 0.962915 0.891696 0.788267 0.803034 0.994202 0.969143 0.992089 0.953362 0.911969 0.960426 0.791856 0.791010 0.876412 0.994076 0.000000 0.933851 0.859631 0.977035 0.893063 0.874747 0.955984 0.968398 0.937417 0.819043 0.929061 0.843187 0.962759 0.982958 0.937070 0.928750 0.990016 0.960905 0.900270 0.917422 0.962177 0.932513 0.924188 0.938431 0.991500 0.908350 0.839126 0.843042 0.971847 0.941221 0.987727 0.964610 0.990196 0.987088 0.978653 0.945723 0.998584 0.989968 0.767611 0.999297 0.860044 0.899492 0.996233 0.951364 0.896830 0.868096 0.995848 0.895299 0.856531 0.970554 0.939316 0.990794 0.994805 0.968759 0.947837 0.972999 0.801943 0.948164 0.839718 0.850389 0.872119 0.943601 0.930805 0.895246 0.953454 0.966519 0.894915 0.941928 0.987392 0.909601 0.961880 0.979904 0.988942 0.878259 0.920275 0.952990 0.794682 0.914420 0.996863 0.902635 0.852035 0.982806 0.965595 0.964037 0.937275 0.856034 0.977873 0.881878 0.739236 0.896174
0.782761 0.651228 0.800939 0.963688 0.834619 0.788256 0.793211 0.823890 0.673114 0.639988 0.990328 0.978859 0.890117 0.984778 0.959915 0.953818 0.877751 0.779952 0.776821 0.894228 0.851247 0.970829 0.921422 0.931016 0.827442 0.717089 0.933851 0.000000 0.970455 0.840252 0.961189 0.962910 0.782177 0.953531 0.744876 0.826328 0.883801 0.938706 0.834314 0.721839 0.840877 0.870917 0.773770 0.792622 0.834505 0.824856 0.767688 0.808947 0.855312 0.896733 0.742790 0.717226 0.856360 0.947148 0.754836 0.806104 0.748520 0.652032 0.695552 0.778684 0.957846 0.867875 0.817524 0.770134 0.899355 0.851990 0.727322 0.662595 0.919983 0.873451 0.783692 0.700121 0.865931 0.994307 0.877400 0.983557 0.953766 0.894654 0.784970 0.837251 0.788386 0.809387 0.760473 0.732719 0.780495 0.646030 0.943161 0.989755 0.882736 0.787765 0.868253 0.807441 0.979404 0.901500 0.998921 0.983721 0.987920 0.960210 0.970257 0.900835 0.972967 0.890170 0.892224 0.954118 0.743601 0.871204 0.901673 0.986508 0.983463 0.894981 0.955793 0.951767 0.875809 0.877077 0.891618 0.945504
0.682192 0.817531 0.989676 0.707631 0.922078 0.789178 0.819229 0.906082 0.866120 0.845400 0.576099 0.728506 0.670833 0.737002 0.542868 0.710899 0.707843 0.645950 0.653055 0.702440 0.850237 0.972322 0.705723 0.911071 0.798163 0.722098 0.859631 0.970455 0.000000 0.492687 0.783591 0.837794 0.687157 0.797166 0.921735 0.927826 0.966992 0.993950 0.818552 0.758210 0.944925 0.825188 0.945517 0.913500 0.870676 0.821925 0.882156 0.914841 0.757648 0.775586 0.997490 0.971690 0.851842 0.993407 0.807084 0.967061 0.763584 0.855478 0.967492 0.963188 0.745727 0.898240 0.733323 0.686519 0.919846 0.677023 0.771188 0.684208 0.939652 0.935689 0.786579 0.920691 0.837847 0.909318 0.974259 0.956497 0.862428 0.825665 0.868133 0.880176 0.642613 0.697846 0.683504 0.771313 0.715992 0.968050 0.990099 0.673972 0.827757 0.720854 0.769439 0.861421 0.744629 0.913771 0.931923 0.866081 0.830076 0.666066 0.954649 0.938219 0.823060 0.961077 0.828512 0.965898 0.795389 0.742705 0.895571 0.973096 0.690407 0.811569 0.890576 0.950545 0.911511 0.882552 0.997490 0.847523
0.737850 0.891407 0.979413 0.814332 0.960618 0.726077 0.749630 0.973031 0.798902 0.713516 0.551153 0.890664 0.652682 0.832407 0.614394 0.775930 0.602548 0.606391 0.550803 0.596531 0.768779 0.973122 0.736665 0.929306 0.646713 0.537631 0.977035 0.840252 0.492687 0.000000 0.773129 0.727781 0.845311 0.836083 0.762790 0.932217 0.904211 0.981478 0.756750 0.664486 0.956567 0.904840 0.863028 0.895739 0.908849 0.869857 0.853763 0.956801 0.825504 0.792382 0.956374 0.965157 0.934380 0.995405 0.951419 0.981224 0.787141 0.855830 0.964516 0.925297 0.735160 0.948094 0.722982 0.695119 0.919703 0.587751 0.678085 0.614530 0.868971 0.859893 0.934353 0.996432 0.769723 0.813099 0.966565 0.981941 0.950096 0.891021 0.799325 0.842692 0.666063 0.691907 0.795452 0.844479 0.831116 0.826246 0.987498 0.606193 0.770999 0.851383 0.816344 0.896927 0.680616 0.863664 0.934312 0.907326 0.825868 0.840305 0.954482 0.979969 0.755057 0.873779 0.889208 0.905025 0.816426 0.822555 0.895969 0.928888 0.791247 0.960583 0.975541 0.978133 0.933689 0.974280 0.973675 0.860908
0.953822 0.920244 0.723159 0.924424 0.995700 0.936894 0.762599 0.947964 0.658414 0.758923 0.874854 0.965558 0.708899 0.796107 0.751010 0.681644 0.929941 0.988900 0.754447 0.879066 0.961114 0.946651 0.711487 0.820223 0.891376 0.966254 0.893063 0.961189 0.783591 0.773129 0.000000 0.826996 0.694975 0.759900 0.996204 0.872474 0.892706 0.932595 0.975661 0.962329 0.968713 0.891253 0.850429 0.876923 0.785651 0.862379 0.917780 0.993015 0.892989 0.857837 0.923221 0.936695 0.794221 0.802018 0.922866 0.927913 0.890287 0.848511 0.791261 0.828683 0.986416 0.914700 0.850648 0.885182 0.812063 0.840597 0.979030 0.853094 0.901682 0.915491 0.815979 0.924334 0.891020 0.896321 0.857125 0.926401 0.682636 0.917790 0.897171 0.868574 0.952372 0.916075 0.971544 0.926666 0.940962 0.944362 0.988383 0.967236 0.831229 0.856059 0.904983 0.819370 0.950803 0.777450 0.980374 0.901482 0.912154 0.982790 0.771200 0.720557 0.950495 0.814755 0.984392 0.956881 0.996845 0.992133 0.918888 0.937603 0.885518 0.964379 0.964919 0.992196 0.960278 0.943886 0.901501 0.916179
0.978044 0.919978 0.785917 0.832675 0.908979 0.944525 0.634520 0.729264 0.782030 0.730201 0.891277 0.973536 0.715837 0.796126 0.804551 0.798498 0.946314 0.946645 0.699068 0.737135 0.731029 0.877768 0.733654 0.900891 0.865078 0.906371 0.874747 0.962910 0.837794 0.727781 0.826996 0.000000 0.792564 0.947720 0.946030 0.937477 0.818695 0.873737 0.932941 0.808770 0.971953 0.948173 0.920136 0.929356 0.949636 0.976581 0.892890 0.979310 0.976770 0.845637 0.910321 0.999661 0.894871 0.919291 0.898531 0.998963 0.890948 0.807964 0.864700 0.957613 0.949838 0.978065 0.874272 0.881367 0.904523 0.851877 0.900973 0.774866 0.808088 0.916399 0.919235 0.846254 0.799280 0.778625 0.912923 0.828689 0.894415 0.888732 0.961209 0.922505 0.921422 0.878969 0.919789 0.840845 0.973051 0.833232 0.818489 0.934262 0.909241 0.973361 0.868563 0.812319 0.923585 0.843919 0.972878 0.935343 0.932784 0.980531 0.801412 0.731867 0.870815 0.818494 0.815775 0.936961 0.956676 0.963481 0.894867 0.926774 0.989090 0.961429 0.845223 0.989228 0.893660 0.894634 0.995467 0.913185
0.843067 0.808718 0.789869 0.962357 0.882586 0.900254 0.737237 0.998475 0.960274 0.955654 0.712969 0.657400 0.564751 0.596121 0.593503 0.656608 0.895130 0.790017 0.786498 0.825118 0.905322 0.932328 0.620978 0.721865 0.808508 0.956983 0.955984 0.782177 0.687157 0.845311 0.694975 0.792564 0.000000 0.700065 0.765644 0.831730 0.976649 0.866463 0.964380 0.910814 0.937094 0.919305 0.831433 0.824016 0.732166 0.821345 0.894993 0.866090 0.902228 0.852255 0.837243 0.786669 0.799260 0.951825 0.930813 0.859890 0.854153 0.901236 0.930975 0.964467 0.628569 0.699641 0.876985 0.802551 0.600227 0.892980 0.825822 0.948528 0.954593 0.992387 0.875127 0.893007 0.963416 0.927574 0.991163 0.851263 0.997026 0.887879 0.899347 0.810192 0.865979 0.824340 0.786497 0.763467 0.598674 0.724444 0.889097 0.749091 0.864462 0.694133 0.957434 0.931472 0.995897 0.943061 0.951144 0.998758 0.878448 0.884854 0.886649 0.767896 0.829822 0.932790 0.997358 0.912345 0.839135 0.845309 0.955469 0.906737 0.984753 0.991823 0.923164 0.980794 0.935730 0.995264 0.847816 0.938306
0.785861 0.783935 0.927636 0.998787 0.965701 0.900375 0.888118 0.941726 0.947982 0.978794 0.762466 0.767734 0.771877 0.782208 0.827066 0.908396 0.775063 0.804309 0.728319 0.793334 0.980810 0.951079 0.914690 0.899311 0.942004 0.943842 0.968398 0.953531 0.797166 0.836083 0.759900 0.947720 0.700065 0.000000 0.821258 0.807995 0.934607 0.929704 0.981789 0.925331 0.922695 0.861942 0.874935 0.834363 0.846838 0.836332 0.871550 0.891854 0.937954 0.908860 0.851260 0.835700 0.842254 0.998716 0.826939 0.880698 0.878254 0.916430 0.886988 0.878276 0.688392 0.742761 0.845661 0.820210 0.905294 0.872235 0.776003 0.823553 0.983474 0.940576 0.945705 0.997593 0.914521 0.951899 0.827891 0.955994 0.880747 0.837758 0.938531 0.695503 0.812901 0.832841 0.957721 0.884070 0.847941 0.855246 0.988748 0.914736 0.810386 0.799105 0.972054 0.930641 0.933012 0.934831 0.992676 0.933728 0.934508 0.998504 0.881397 0.949633 0.879165 0.918108 0.925622 0.956442 0.933907 0.832221 0.993118 0.972831 0.922383 0.986229 0.855604 0.850393 0.972606 0.855028 0.921496 0.991876
0.926993 0.839545 0.929299 0.954203 0.927912 0.733335 0.862505 0.791679 0.935450 0.737225 0.909614 0.783087 0.921375 0.736841 0.902191 0.889998 0.976319 0.974407 0.872402 0.934657 0.921147 0.917314 0.891417 0.794029 0.711126 0.692511 0.937417 0.744876 0.921735 0.762790 0.996204 0.946030 0.765644 0.821258 0.000000 0.714165 0.775638 0.878484 0.662105 0.896563 0.935390 0.981464 0.671174 0.813666 0.668383 0.765407 0.699661 0.840316 0.867156 0.851151 0.692103 0.628447 0.819619 0.781484 0.862607 0.769305 0.968532 0.889499 0.790243 0.895304 0.839163 0.864471 0.945573 0.948847 0.702365 0.640228 0.559026 0.607197 0.957041 0.946738 0.944668 0.839093 0.907153 0.943928 0.811641 0.837830 0.893363 0.688671 0.943192 0.841777 0.983945 0.980338 0.839185 0.967852 0.756052 0.600004 0.927596 0.982642 0.981726 0.807986 0.959123 0.900985 0.888377 0.925589 0.873549 0.980030 0.959639 0.909083 0.855471 0.826239 0.979078 0.950804 0.873301 0.910295 0.807616 0.796243 0.922971 0.980183 0.845581 0.922496 0.984457 0.922149 0.880310 0.866165 0.758705 0.869642
0.911054 0.812285 0.934570 0.881984 0.994965 0.835953 0.913880 0.935513 0.943431 0.808847 0.955404 0.841927 0.950453 0.802099 0.994676 0.946755 0.983535 0.970745 0.985599 0.969931 0.984120 0.946234 0.955131 0.858751 0.818863 0.841937 0.819043 0.826328 0.927826 0.932217 0.872474 0.937477 0.831730 0.807995 0.714165 0.000000 0.892675 0.973269 0.892824 0.865663 0.833035 0.876002 0.877702 0.905253 0.847424 0.931216 0.829650 0.907574 0.994807 0.927061 0.875280 0.783583 0.840396 0.964020 0.966183 0.914173 0.950681 0.938800 0.829381 0.898548 0.887846 0.914507 0.948614 0.981601 0.837234 0.760761 0.722100 0.687453 0.911745 0.977325 0.948663 0.754943 0.892834 0.997435 0.716033 0.944683 0.914645 0.967396 0.930545 0.884101 0.965832 0.997087 0.796801 0.898778 0.880488 0.733696 0.943646 0.981525 0.998670 0.935489 0.918474 0.994655 0.856250 0.979580 0.953865 0.853964 0.831094 0.896482 0.959080 0.945385 0.896556 0.922744 0.944046 0.867545 0.809948 0.741265 0.950598 0.990530 0.874749 0.911240 0.942238 0.886680 0.943606 0.986437 0.652830 0.993327
0.939863 0.875779 0.997382 0.984635 0.838407 0.997302 0.767878 0.836569 0.898486 0.804321 0.975161 0.905057 0.862424 0.879722 0.920641 0.949363 0.910198 0.873417 0.753236 0.870696 0.800038 0.835097 0.876335 0.871709 0.943640 0.855168 0.929061 0.883801 0.966992 0.904211 0.892706 0.818695 0.976649 0.934607 0.775638 0.892675 0.000000 0.911022 0.702847 0.768388 0.903583 0.943368 0.807953 0.753904 0.828695 0.787490 0.755214 0.821432 0.816755 0.917358 0.796035 0.895991 0.919173 0.972806 0.815663 0.907791 0.819825 0.822580 0.937991 0.951223 0.879902 0.917284 0.905046 0.923227 0.896886 0.950119 0.947173 0.852481 0.829852 0.820233 0.877269 0.867540 0.952256 0.988541 0.972169 0.912746 0.881191 0.992347 0.843114 0.825288 0.921115 0.858132 0.879117 0.898269 0.968081 0.916112 0.900882 0.903220 0.987067 0.890100 0.818438 0.836067 0.882277 0.871590 0.835490 0.999759 0.926900 0.930014 0.960774 0.964654 0.993444 0.875697 0.943612 0.923310 0.942357 0.967321 0.938763 0.951653 0.979351 0.988937 0.902419 0.939599 0.969002 0.912569 0.854134 0.950990
0.781823 0.906693 0.997754 0.943312 0.917679 0.985661 0.820398 0.840290 0.923951 0.885722 0.852740 0.894210 0.998885 0.930123 0.953529 0.973537 0.887755 0.894516 0.905184 0.914410 0.789314 0.947761 0.948478 0.823450 0.855718 0.947663 0.843187 0.938706 0.993950 0.981478 0.932595 0.873737 0.866463 0.929704 0.878484 0.973269 0.911022 0.000000 0.957083 0.700200 0.845348 0.987662 0.893818 0.846449 0.853582 0.796008 0.828969 0.876443 0.870913 0.929433 0.796497 0.837909 0.859969 0.916415 0.939820 0.847661 0.835942 0.875736 0.911995 0.867876 0.998626 0.938922 0.879429 0.902735 0.970848 0.971775 0.921433 0.896792 0.832228 0.744237 0.983049 0.920936 0.908063 0.987418 0.879869 0.879926 0.994575 0.865720 0.924366 0.909382 0.876616 0.879948 0.832991 0.746219 0.945406 0.850266 0.882439 0.891757 0.733506 0.797688 0.800703 0.835970 0.821671 0.885631 0.961779 0.953947 0.956268 0.838472 0.961731 0.978275 0.824404 0.917382 0.927736 0.817440 0.830616 0.834280 0.997409 0.995443 0.948531 0.885061 0.935961 0.972162 0.967316 0.959013 0.983543 0.929153
