0.000000 0.511199 0.772749 0.858846 0.865996 0.792620 0.868156 0.821364 0.850490 0.765380 0.648102 0.730271 0.902016 0.873037 0.947224 0.944660 0.658112 0.499225 0.897764 0.775866 0.969413 0.964613 0.990753 0.979374 0.977197 0.990375 0.971951 0.755600 0.751012 0.837822 0.988059 0.927530 0.817554 0.755077 0.889360 0.884847 0.908932 0.781172 0.948613 0.840971 0.741277 0.747530 0.721544 0.626669 0.677391 0.572333 0.680473 0.576944 0.595808 0.602637 0.589923 0.562776 0.642196 0.905979 0.761268 0.670271 0.471649 0.530124 0.591463 0.562079 0.810557 0.989946 0.506664 0.468032 0.918495 0.872680 0.874395 0.858914 0.664164 0.637004 0.818241 0.805961 0.971175 0.934728 0.881275 0.985976 0.981925 0.949026 0.647316 0.802271 0.425013 0.532507 0.703910 0.549176 0.739164 0.788619 0.965330 0.893438 0.831704 0.700212 0.686242 0.673069 0.734335 0.635058 0.985634 0.912662 0.992212 0.941228 0.892269 0.990615 0.948687 0.935499 0.874759 0.783642 0.940395 0.964342 0.861995 0.856878 0.974735 0.873635 0.932842 0.983556 0.956184 0.842843 0.875816 0.933557
0.511199 0.000000 0.759307 0.955378 0.824796 0.918727 0.800674 0.826154 0.705148 0.585140 0.842020 0.741285 0.952216 0.915277 0.977216 0.934325 0.663442 0.540659 0.946126 0.915152 0.890138 0.977952 0.940555 0.977063 0.863785 0.822222 0.983454 0.643727 0.882686 0.985173 0.952079 0.955467 0.823571 0.801016 0.793814 0.818126 0.861904 0.913165 0.926223 0.687045 0.698871 0.732994 0.656193 0.579718 0.691402 0.563450 0.559169 0.580326 0.675551 0.625081 0.582185 0.523790 0.685666 0.950179 0.655038 0.673673 0.429113 0.414603 0.533460 0.546253 0.919229 0.869848 0.494449 0.480501 0.967693 0.994590 0.776745 0.723095 0.702111 0.636684 0.798105 0.727508 0.990930 0.940104 0.855588 0.926313 0.995109 0.845348 0.740060 0.698612 0.476071 0.510989 0.663133 0.515419 0.709665 0.618885 0.895131 0.855218 0.984656 0.652246 0.725653 0.673887 0.859838 0.663014 0.889221 0.907690 0.983887 0.982456 0.962967 0.929469 0.990246 0.869999 0.924989 0.877528 0.916188 0.916496 0.932813 0.927755 0.941830 0.872545 0.875277 0.928657 0.967139 0.847736 0.769942 0.911228
0.772749 0.759307 0.000000 0.650041 0.860304 0.920835 0.573335 0.687556 0.682586 0.696035 0.970238 0.915742 0.683865 0.745008 0.765018 0.708276 0.834725 0.828490 0.774568 0.930869 0.818234 0.903501 0.671594 0.683308 0.819499 0.920500 0.985183 0.812204 0.889334 0.885945 0.723623 0.825875 0.789903 0.939514 0.978028 0.968638 0.966907 0.989398 0.879558 0.875870 0.820468 0.995044 0.979100 0.932783 0.960071 0.834156 0.891834 0.980803 0.794806 0.848384 0.756835 0.784046 0.983896 0.968965 0.846287 0.774293 0.802064 0.668922 0.658866 0.710123 0.778895 0.613904 0.717572 0.788852 0.642955 0.869812 0.912249 0.840126 0.809669 0.745316 0.852928 0.813236 0.920296 0.910422 0.993409 0.805477 0.992270 0.962350 0.924583 0.979762 0.773765 0.911788 0.940029 0.866791 0.933962 0.972435 0.939226 0.937751 0.745714 0.955857 0.856229 0.727480 0.966471 0.706557 0.965465 0.828345 0.959227 0.986978 0.906146 0.820093 0.981492 0.894417 0.845279 0.800206 0.976680 0.951270 0.897757 0.996605 0.982794 0.976061 0.828572 0.966328 0.944506 0.809282 0.952280 0.995539
0.858846 0.955378 0.650041 0.000000 0.925782 0.919771 0.794735 0.489704 0.909474 0.836942 0.996102 0.987386 0.953608 0.951632 0.788337 0.970428 0.937524 0.901433 0.946706 0.952297 0.927498 0.930923 0.938166 0.908287 0.840390 0.889936 0.926163 0.963061 0.792702 0.944264 0.972305 0.854218 0.949336 0.974489 0.899623 0.952272 0.951625 0.933276 0.838582 0.917064 0.946448 0.957019 0.910334 0.942798 0.726663 0.792944 0.932529 0.979146 0.736864 0.870527 0.753994 0.831139 0.882069 0.872904 0.870131 0.866196 0.932198 0.865267 0.905164 0.981193 0.939074 0.865751 0.839426 0.848830 0.997556 0.835752 0.988896 0.921191 0.960622 0.905332 0.929414 0.903831 0.950010 0.966795 0.950699 0.897840 0.978429 0.977268 0.948699 0.968099 0.865347 0.993360 0.749812 0.895063 0.822118 0.969253 0.893522 0.914809 0.905173 0.985313 0.914475 0.839891 0.919666 0.819983 0.956189 0.953130 0.880114 0.839339 0.785710 0.925945 0.989154 0.992337 0.989304 0.876471 0.996180 0.876378 0.903589 0.985997 0.864415 0.939123 0.918405 0.768275 0.984626 0.946723 0.946739 0.918741
0.865996 0.824796 0.860304 0.925782 0.000000 0.905272 0.739444 0.959872 0.720196 0.815356 0.957203 0.937959 0.677067 0.795820 0.735895 0.657318 0.924959 0.895560 0.822902 0.986347 0.792017 0.975423 0.645678 0.670881 0.972668 0.810484 0.944530 0.843352 0.962746 0.993126 0.988242 0.941228 0.920327 0.932585 0.931721 0.982019 0.827972 0.921851 0.853887 0.796513 0.904895 0.807856 0.950609 0.780128 0.954076 0.853715 0.893899 0.891865 0.881575 0.853095 0.864639 0.939211 0.983531 0.914221 0.881647 0.966958 0.748262 0.766485 0.830138 0.760664 0.734576 0.797247 0.842857 0.919231 0.632404 0.822847 0.962259 0.843452 0.790336 0.722816 0.840777 0.962706 0.983926 0.940615 0.934541 0.904285 0.889566 0.966696 0.930195 0.901294 0.753217 0.875650 0.885434 0.817905 0.686814 0.905937 0.787693 0.832072 0.929157 0.967663 0.698477 0.670159 0.890855 0.668616 0.907008 0.945601 0.871838 0.763917 0.831738 0.689151 0.912403 0.814189 0.854332 0.891687 0.910207 0.981269 0.982332 0.843263 0.981130 0.781651 0.889828 0.947732 0.938203 0.974199 0.978788 0.838749
0.792620 0.918727 0.920835 0.919771 0.905272 0.000000 0.955042 0.996859 0.893700 0.942564 0.944511 0.966665 0.924157 0.973172 0.947603 0.866605 0.952912 0.961154 0.917524 0.869328 0.880125 0.837509 0.981178 0.877266 0.672720 0.650507 0.989418 0.787387 0.881102 0.839363 0.967542 0.927241 0.876479 0.868149 0.746052 0.863957 0.994079 0.980682 0.811790 0.882402 0.849796 0.921797 0.864672 0.726835 0.801300 0.700186 0.965909 0.727939 0.633978 0.604499 0.808648 0.844076 0.790995 0.766587 0.907075 0.998691 0.760606 0.949045 0.989817 0.826397 0.834318 0.956304 0.994737 0.964128 0.726026 0.576514 0.668153 0.711197 0.697362 0.704756 0.874558 0.929996 0.906521 0.888885 0.930998 0.984512 0.976395 0.877957 0.889130 0.977730 0.815104 0.964615 0.927835 0.951939 0.883182 0.720999 0.880789 0.933229 0.996437 0.946144 0.675516 0.825935 0.639253 0.780434 0.879281 0.846150 0.935544 0.994337 0.971936 0.950925 0.888973 0.961923 0.877281 0.811691 0.842631 0.831494 0.701889 0.890360 0.958863 0.972441 0.953873 0.909489 0.823565 0.994099 0.878240 0.789887
0.868156 0.800674 0.573335 0.794735 0.739444 0.955042 0.000000 0.566951 0.641263 0.511924 0.839047 0.966440 0.533257 0.787418 0.675183 0.702137 0.993725 0.998074 0.482319 0.774034 0.669436 0.901715 0.550442 0.757979 0.958425 0.623046 0.905488 0.797922 0.738792 0.640352 0.780839 0.645272 0.738818 0.884679 0.842923 0.897026 0.771710 0.820491 0.807470 0.668248 0.871451 0.913320 0.803954 0.782345 0.880995 0.759099 0.695356 0.898188 0.780797 0.859648 0.651743 0.721465 0.933352 0.903685 0.861959 0.766662 0.756835 0.690180 0.685836 0.764633 0.682600 0.747782 0.868607 0.925845 0.741596 0.919499 0.869639 0.676499 0.752650 0.692682 0.842778 0.713683 0.765684 0.829869 0.833438 0.890577 0.988649 0.974190 0.844813 0.956924 0.886285 0.944313 0.895820 0.834687 0.821638 0.870557 0.975361 0.776456 0.778250 0.970424 0.671920 0.604484 0.832356 0.666899 0.997452 0.992728 0.973211 0.834299 0.855413 0.729689 0.999496 0.682471 0.830165 0.788354 0.937363 0.897221 0.864964 0.958767 0.953404 0.930155 0.890463 0.983323 0.978022 0.855722 0.816311 0.874209
0.821364 0.826154 0.687556 0.489704 0.959872 0.996859 0.566951 0.000000 0.847652 0.600346 0.866033 0.958660 0.943729 0.967489 0.858232 0.961933 0.984247 0.955576 0.733500 0.901078 0.731024 0.956667 0.997238 0.979990 0.987959 0.875317 0.829947 0.822579 0.974745 0.803857 0.989329 0.700424 0.946757 0.896692 0.734477 0.926809 0.839178 0.828305 0.980388 0.850443 0.918289 0.985236 0.700803 0.790963 0.585753 0.645931 0.735718 0.856627 0.653491 0.811440 0.630357 0.680362 0.839646 0.763269 0.916725 0.818303 0.830399 0.743546 0.837972 0.960773 0.958858 0.841775 0.910201 0.913589 0.897374 0.991981 0.948713 0.893777 0.875923 0.777604 0.908448 0.685340 0.861252 0.983860 0.776955 0.988604 0.928253 0.988761 0.843359 0.946877 0.891853 0.958702 0.624895 0.748421 0.787222 0.754036 0.765401 0.974763 0.957019 0.919932 0.771514 0.788466 0.833232 0.780683 0.950005 0.974271 0.867197 0.941313 0.899291 0.993864 0.868755 0.853479 0.959738 0.815820 0.864344 0.964643 0.885010 0.968929 0.957792 0.973532 0.821284 0.818971 0.848174 0.913340 0.818731 0.875021
0.850490 0.705148 0.682586 0.909474 0.720196 0.893700 0.641263 0.847652 0.000000 0.456882 0.925222 0.994189 0.610118 0.768904 0.658113 0.560791 0.901472 0.783106 0.572044 0.852999 0.848868 0.927872 0.546769 0.655855 0.865469 0.711448 0.847550 0.701058 0.824670 0.751982 0.661227 0.840211 0.987732 0.977126 0.917744 0.875189 0.880267 0.922195 0.786155 0.682846 0.765342 0.846930 0.971065 0.945949 0.908803 0.956940 0.765055 0.835732 0.945945 0.931705 0.841386 0.902240 0.840818 0.684082 0.773012 0.806983 0.724069 0.654362 0.656089 0.687953 0.920298 0.701402 0.708469 0.788291 0.714724 0.821787 0.729677 0.566674 0.795899 0.802072 0.756718 0.821529 0.894331 0.959164 0.825478 0.937148 0.871583 0.992015 0.927866 0.945665 0.827084 0.832354 0.979338 0.744999 0.871668 0.791528 0.923280 0.828478 0.855198 0.923397 0.815793 0.583797 0.899973 0.686531 0.946193 0.952455 0.851030 0.835311 0.848879 0.723895 0.857795 0.740073 0.889387 0.985509 0.820523 0.883114 0.916147 0.963504 0.978357 0.846715 0.967192 0.892270 0.888804 0.946804 0.890496 0.895743
0.765380 0.585140 0.696035 0.836942 0.815356 0.942564 0.511924 0.600346 0.456882 0.000000 0.875693 0.900726 0.716968 0.932161 0.803806 0.733298 0.947724 0.805934 0.554434 0.816696 0.733433 0.983350 0.674783 0.853336 0.801098 0.639755 0.966423 0.659760 0.798424 0.647614 0.764366 0.745335 0.964565 0.978580 0.717079 0.788741 0.803660 0.883451 0.767581 0.604225 0.799862 0.802372 0.724764 0.765005 0.805597 0.729365 0.546512 0.723875 0.876224 0.883452 0.613542 0.660096 0.969579 0.935431 0.787184 0.716484 0.611803 0.543762 0.592951 0.680485 0.972247 0.820991 0.678756 0.743337 0.918524 0.751190 0.681511 0.532280 0.777980 0.712534 0.723347 0.672526 0.748445 0.913200 0.964162 0.986348 0.865259 0.972712 0.857923 0.900025 0.767425 0.767490 0.792239 0.639934 0.908690 0.585963 0.939985 0.884379 0.881331 0.906470 0.732004 0.524962 0.960805 0.592401 0.931532 0.966988 0.905286 0.879687 0.932072 0.823571 0.936109 0.727089 0.922392 0.852059 0.803259 0.824280 0.972861 0.949259 0.966856 0.898385 0.892634 0.981089 0.952571 0.945547 0.717116 0.991803
0.648102 0.842020 0.970238 0.996102 0.957203 0.944511 0.839047 0.866033 0.925222 0.875693 0.000000 0.723512 0.713477 0.799666 0.864928 0.870251 0.727482 0.616031 0.723868 0.682824 0.988719 0.963270 0.900966 0.870411 0.996952 0.930146 0.994348 0.969974 0.641401 0.627585 0.794873 0.821760 0.648871 0.694118 0.925260 0.976140 0.984674 0.848453 0.914035 0.949710 0.901977 0.805997 0.988312 0.830219 0.917834 0.892556 0.936773 0.854131 0.865893 0.861050 0.865211 0.862917 0.785758 0.985268 0.953640 0.765197 0.818199 0.849225 0.861530 0.794086 0.759751 0.777609 0.771738 0.635075 0.983680 0.898433 0.878570 0.995368 0.838075 0.878455 0.922294 0.941208 0.957097 0.901294 0.932178 0.994397 0.923176 0.963783 0.780581 0.856382 0.734870 0.643917 0.916674 0.766643 0.891804 0.979712 0.961943 0.861708 0.844748 0.771655 0.892703 0.855549 0.919266 0.832035 0.972228 0.976195 0.960994 0.915679 0.880810 0.933053 0.908650 0.917334 0.924089 0.930780 0.971765 0.984737 0.948262 0.967544 0.874941 0.875384 0.934378 0.924651 0.984793 0.869353 0.969200 0.909867
0.730271 0.741285 0.915742 0.987386 0.937959 0.966665 0.966440 0.958660 0.994189 0.900726 0.723512 0.000000 0.783854 0.646932 0.902991 0.831335 0.774687 0.748363 0.925030 0.842631 0.846289 0.931663 0.907988 0.801178 0.850571 0.929557 0.952821 0.999591 0.770271 0.954260 0.925801 0.991667 0.633874 0.742328 0.780035 0.837100 0.887504 0.905117 0.983786 0.883102 0.912146 0.874518 0.890161 0.814692 0.837684 0.854272 0.807852 0.881778 0.913671 0.815183 0.742584 0.739149 0.790468 0.903745 0.839305 0.680926 0.767097 0.870408 0.746830 0.835149 0.699314 0.639791 0.739883 0.666001 0.923290 0.832822 0.719702 0.809078 0.915024 0.910405 0.979212 0.991915 0.941977 0.857592 0.854989 0.831068 0.958138 0.961857 0.870357 0.851682 0.832306 0.687552 0.838376 0.761101 0.796442 0.781069 0.955254 0.854844 0.912304 0.710152 0.957107 0.824611 0.983825 0.829195 0.976575 0.989080 0.807094 0.960734 0.907421 0.876449 0.849020 0.941508 0.828268 0.987362 0.982769 0.887258 0.903034 0.979086 0.979515 0.991406 0.869680 0.971795 0.805691 0.926382 0.893213 0.998837
0.902016 0.952216 0.683865 0.953608 0.677067 0.924157 0.533257 0.943729 0.610118 0.716968 0.713477 0.783854 0.000000 0.566691 0.427120 0.441197 0.946943 0.858872 0.489126 0.703117 0.826332 0.969526 0.425398 0.562226 0.930629 0.738382 0.984241 0.905273 0.667811 0.640576 0.696995 0.722793 0.591363 0.780307 0.918784 0.990223 0.875474 0.988570 0.826731 0.851897 0.936823 0.994885 0.884983 0.924214 0.715846 0.908398 0.989002 0.996542 0.918996 0.935737 0.999386 0.929591 0.760562 0.838587 0.847625 0.995813 0.943985 0.852967 0.837991 0.784859 0.521927 0.656349 0.950395 0.926435 0.541514 0.991097 0.979844 0.802841 0.847806 0.830028 0.821836 0.930973 0.827116 0.790642 0.940984 0.836491 0.866589 0.840911 0.936609 0.992228 0.949078 0.957743 0.844839 0.966313 0.619144 0.908254 0.858166 0.714049 0.747060 0.871782 0.788334 0.736123 0.939836 0.830671 0.934003 0.956591 0.922363 0.834811 0.713405 0.587598 0.976067 0.670658 0.910883 0.986318 0.900596 0.978136 0.945356 0.990946 0.948995 0.903545 0.984701 0.853286 0.907107 0.965124 0.918328 0.978754
0.873037 0.915277 0.745008 0.951632 0.795820 0.973172 0.787418 0.967489 0.768904 0.932161 0.799666 0.646932 0.566691 0.000000 0.582699 0.555929 0.888530 0.990274 0.712754 0.730853 0.842050 0.829685 0.535856 0.518854 0.843260 0.936390 0.890709 0.985183 0.758102 0.861266 0.804223 0.803003 0.651356 0.846280 0.736211 0.830889 0.870478 0.930183 0.918860 0.909294 0.891501 0.951397 0.805253 0.830197 0.704946 0.790911 0.973627 0.828469 0.822592 0.748647 0.888023 0.723298 0.750474 0.704306 0.995798 0.937470 0.931187 0.969036 0.949093 0.988801 0.721030 0.642292 0.941061 0.972470 0.583922 0.883915 0.914994 0.973775 0.937616 0.959569 0.991332 0.897961 0.989851 0.831618 0.802648 0.717617 0.863508 0.852711 0.900470 0.954381 0.947718 0.938976 0.720491 0.826814 0.638555 0.751743 0.906370 0.723025 0.778936 0.678707 0.970021 0.947110 0.990405 0.977052 0.955240 0.953679 0.976029 0.823326 0.915301 0.694113 0.972067 0.902111 0.946715 0.983110 0.854380 0.914198 0.903747 0.978298 0.970913 0.925360 0.887813 0.938715 0.991486 0.962293 0.877634 0.892249
0.947224 0.977216 0.765018 0.788337 0.735895 0.947603 0.675183 0.858232 0.658113 0.803806 0.864928 0.902991 0.427120 0.582699 0.000000 0.437424 0.973511 0.899964 0.624476 0.784183 0.883987 0.942865 0.379648 0.601343 0.927061 0.805844 0.806878 0.980943 0.608625 0.705841 0.709946 0.805480 0.649007 0.878791 0.885744 0.955170 0.913610 0.943970 0.814837 0.842600 0.931731 0.956069 0.827603 0.887045 0.663668 0.824986 0.990683 0.960342 0.807635 0.832637 0.995252 0.874611 0.767004 0.753267 0.956802 0.912859 0.971605 0.943787 0.829940 0.798304 0.719977 0.825865 0.911666 0.973549 0.477827 0.877717 0.877744 0.694600 0.807287 0.876364 0.956587 0.954774 0.808801 0.829161 0.842735 0.871391 0.858971 0.853274 0.922995 0.964740 0.987608 0.993674 0.702013 0.916194 0.544510 0.839341 0.759947 0.674726 0.810625 0.820750 0.928197 0.748745 0.939869 0.847389 0.945531 0.988740 0.804031 0.697096 0.815511 0.622336 0.865088 0.845025 0.836556 0.946986 0.903103 0.917101 0.978152 0.996107 0.983765 0.947208 0.977722 0.798912 0.894891 0.989982 0.900555 0.988674
0.944660 0.934325 0.708276 0.970428 0.657318 0.866605 0.702137 0.961933 0.560791 0.733298 0.870251 0.831335 0.441197 0.555929 0.437424 0.000000 0.966061 0.972456 0.656199 0.781547 0.908304 0.962589 0.434076 0.498688 0.839246 0.878089 0.817373 0.963318 0.697469 0.761211 0.688607 0.824745 0.713730 0.946900 0.891100 0.984719 0.938390 0.984084 0.856562 0.867207 0.918705 0.988195 0.849287 0.919207 0.751130 0.912906 0.998860 0.939301 0.909014 0.944488 0.950578 0.956720 0.772290 0.741782 0.843923 0.972695 0.899992 0.838392 0.754075 0.683963 0.764182 0.744220 0.838889 0.935152 0.468063 0.993586 0.885664 0.738986 0.736747 0.806437 0.844685 0.956486 0.885791 0.842529 0.814402 0.794919 0.873981 0.890883 0.927095 0.956077 0.855459 0.994488 0.737627 0.974969 0.628463 0.864884 0.884808 0.677811 0.858278 0.785616 0.816548 0.655084 0.988773 0.701949 0.886433 0.923466 0.838658 0.706575 0.814800 0.640567 0.933275 0.797889 0.844529 0.942466 0.948346 0.943308 0.895165 0.987275 0.989286 0.914865 0.931052 0.822192 0.849569 0.955634 0.870228 0.887004
0.658112 0.663442 0.834725 0.937524 0.924959 0.952912 0.993725 0.984247 0.901472 0.947724 0.727482 0.774687 0.946943 0.888530 0.973511 0.966061 0.000000 0.520100 0.920601 0.871736 0.956040 0.896728 0.907316 0.870058 0.925467 0.996279 0.943062 0.847003 0.809852 0.714117 0.987830 0.982043 0.864622 0.717551 0.956863 0.974899 0.855390 0.897504 0.940327 0.898861 0.796204 0.927712 0.990605 0.813878 0.962861 0.870703 0.870710 0.947306 0.950227 0.913420 0.865327 0.909280 0.946310 0.868445 0.870677 0.744629 0.704622 0.660715 0.782462 0.849723 0.860849 0.921039 0.542507 0.568175 0.845991 0.921126 0.925704 0.893351 0.787003 0.808975 0.981384 0.975994 0.978632 0.927735 0.912298 0.909328 0.945668 0.986181 0.753805 0.749582 0.589074 0.622577 0.899179 0.776404 0.918962 0.920592 0.966622 0.848532 0.915799 0.846727 0.932609 0.869503 0.874076 0.779406 0.913147 0.920120 0.930927 0.925933 0.968895 0.928844 0.968387 0.973453 0.931195 0.838413 0.958631 0.979232 0.982374 0.996975 0.977365 0.950796 0.989329 0.905283 0.972518 0.946310 0.976854 0.991225
0.499225 0.540659 0.828490 0.901433 0.895560 0.961154 0.998074 0.955576 0.783106 0.805934 0.616031 0.748363 0.858872 0.990274 0.899964 0.972456 0.520100 0.000000 0.898686 0.770831 0.996726 0.973080 0.973653 0.983845 0.886094 0.992150 0.994223 0.700762 0.748900 0.742451 0.914444 0.983674 0.727530 0.743208 0.959513 0.903574 0.797712 0.874637 0.973038 0.797120 0.745332 0.791827 0.902478 0.732011 0.859607 0.773575 0.744386 0.743215 0.826044 0.830053 0.765491 0.767783 0.838970 0.882002 0.728819 0.719017 0.537912 0.526386 0.708868 0.694795 0.784110 0.903482 0.488669 0.445564 0.962589 0.902212 0.858404 0.862063 0.726969 0.787895 0.889916 0.905243 0.873163 0.880664 0.960541 0.958461 0.908093 0.902031 0.672543 0.728647 0.506836 0.454700 0.724520 0.564170 0.739151 0.731125 0.908722 0.797313 0.883024 0.773428 0.833260 0.798785 0.892157 0.783291 0.946921 0.874725 0.950905 0.960505 0.949666 0.998075 0.990809 0.992220 0.974242 0.912812 0.904107 0.932427 0.945973 0.960390 0.917933 0.906908 0.915043 0.960423 0.983186 0.837863 0.861319 0.982610
0.897764 0.946126 0.774568 0.946706 0.822902 0.917524 0.482319 0.733500 0.572044 0.554434 0.723868 0.925030 0.489126 0.712754 0.624476 0.656199 0.920601 0.898686 0.000000 0.642083 0.751993 0.928951 0.532943 0.747780 0.822513 0.597738 0.983525 0.811876 0.663145 0.557429 0.720482 0.679889 0.762189 0.721093 0.850752 0.998532 0.766007 0.895585 0.669332 0.707219 0.952037 0.966752 0.973961 0.991866 0.916998 0.992193 0.789768 0.984347 0.935983 0.868928 0.883662 0.998559 0.792446 0.894349 0.865525 0.879278 0.925166 0.836504 0.867337 0.932997 0.673823 0.776632 0.963663 0.935935 0.799800 0.788180 0.901910 0.703499 0.953562 0.843036 0.806323 0.869730 0.783993 0.861201 0.902438 0.973456 0.848401 0.974825 0.990469 0.970708 0.958297 0.970360 0.957225 0.932661 0.769656 0.886284 0.990825 0.683380 0.782293 0.925785 0.754657 0.663413 0.908592 0.783550 0.967208 0.905464 0.977387 0.836539 0.832244 0.704980 0.995499 0.708010 0.935793 0.923506 0.908472 0.919094 0.878117 0.806183 0.965734 0.938178 0.968421 0.866736 0.911314 0.936483 0.936294 0.921441
0.775866 0.915152 0.930869 0.952297 0.986347 0.869328 0.774034 0.901078 0.852999 0.816696 0.682824 0.842631 0.703117 0.730853 0.784183 0.781547 0.871736 0.770831 0.642083 0.000000 0.789021 0.914276 0.758471 0.862397 0.938235 0.808409 0.966606 0.931077 0.711235 0.600199 0.868811 0.744819 0.798949 0.796171 0.883630 0.940545 0.870335 0.909361 0.773419 0.910674 0.925855 0.944194 0.965287 0.810707 0.909013 0.847556 0.917313 0.909598 0.852302 0.836909 0.954449 0.938369 0.892088 0.935326 0.980704 0.806005 0.845900 0.963810 0.955832 0.898439 0.814638 0.884699 0.898345 0.858525 0.956194 0.808161 0.916538 0.827497 0.985145 0.963092 0.916609 0.907264 0.906485 0.830341 0.907704 0.994044 0.882673 0.980109 0.791082 0.959196 0.826572 0.817252 0.878544 0.798059 0.891480 0.945113 0.996096 0.743633 0.816287 0.807150 0.948086 0.991096 0.948564 0.979706 0.931334 0.875521 0.995292 0.994076 0.818740 0.849077 0.994791 0.841464 0.924917 0.914206 0.960399 0.965242 0.902354 0.850207 0.938783 0.925473 0.989554 0.978808 0.973701 0.949976 0.972972 0.928916
0.969413 0.890138 0.818234 0.927498 0.792017 0.880125 0.669436 0.731024 0.848868 0.733433 0.988719 0.846289 0.826332 0.842050 0.883987 0.908304 0.956040 0.996726 0.751993 0.789021 0.000000 0.908751 0.761984 0.946046 0.876401 0.802437 0.900223 0.862634 0.892857 0.819807 0.995707 0.717235 0.908450 0.974342 0.940226 0.996645 0.816314 0.785262 0.798803 0.722928 0.898935 0.867733 0.844029 0.899228 0.915965 0.868576 0.848861 0.974698 0.929124 0.972643 0.865075 0.937551 0.968403 0.932705 0.998908 0.959766 0.861612 0.795617 0.909168 0.974878 0.807531 0.775209 0.926142 0.986771 0.940096 0.976418 0.907873 0.814973 0.879012 0.778539 0.930862 0.887216 0.732871 0.818500 0.933101 0.992439 0.970164 0.990682 0.879484 0.962520 0.904869 0.988601 0.987109 0.874886 0.916078 0.894253 0.962196 0.906303 0.964713 0.965300 0.843455 0.792145 0.988090 0.821509 0.972321 0.882662 0.992975 0.944652 0.890771 0.897617 0.931021 0.728931 0.960830 0.787926 0.936233 0.986238 0.903960 0.905869 0.955455 0.879184 0.977046 0.985944 0.966303 0.979060 0.817617 0.848254
0.964613 0.977952 0.903501 0.930923 0.975423 0.837509 0.901715 0.956667 0.927872 0.983350 0.963270 0.931663 0.969526 0.829685 0.942865 0.962589 0.896728 0.973080 0.928951 0.914276 0.908751 0.000000 0.960317 0.926705 0.942435 0.992508 0.956344 0.962493 0.969120 0.957742 0.943076 0.884635 0.954078 0.997660 0.934815 0.947856 0.819004 0.945232 0.978091 0.991161 0.991146 0.955740 0.931865 0.907070 0.871774 0.914953 0.894024 0.984107 0.889957 0.942127 0.857926 0.920436 0.782944 0.921148 0.910365 0.918115 0.930060 0.943040 0.979150 0.971113 0.908479 0.865780 0.951134 0.854763 0.929027 0.990340 0.969469 0.971865 0.863867 0.939168 0.942217 0.939760 0.983437 0.998721 0.981782 0.912397 0.917075 0.980512 0.911699 0.875811 0.861922 0.829804 0.923464 0.986327 0.992235 0.961224 0.900833 0.978305 0.943867 0.998792 0.912209 0.907375 0.878286 0.866204 0.896848 0.825005 0.962329 0.937358 0.896486 0.917531 0.993831 0.883369 0.993378 0.890481 0.882237 0.848653 0.981948 0.986329 0.887667 0.935592 0.984420 0.915505 0.939661 0.910907 0.923261 0.987092
0.990753 0.940555 0.671594 0.938166 0.645678 0.981178 0.550442 0.997238 0.546769 0.674783 0.900966 0.907988 0.425398 0.535856 0.379648 0.434076 0.907316 0.973653 0.532943 0.758471 0.761984 0.960317 0.000000 0.497744 0.949231 0.686955 0.788364 0.933391 0.692411 0.723965 0.720180 0.773153 0.686919 0.963123 0.899421 0.988376 0.864211 0.949446 0.794092 0.707442 0.912580 0.929758 0.902515 0.961113 0.735220 0.912277 0.918334 0.954486 0.856912 0.840235 0.934466 0.894112 0.762131 0.723106 0.881031 0.878522 0.917793 0.895725 0.829422 0.830943 0.675578 0.728319 0.896961 0.997744 0.444822 0.920496 0.833589 0.659432 0.809867 0.861818 0.966241 0.969557 0.777488 0.822647 0.855555 0.862133 0.857401 0.867347 0.983224 0.977100 0.947037 0.991987 0.694682 0.963699 0.498825 0.844631 0.806707 0.615595 0.785059 0.785115 0.849697 0.654537 0.957709 0.767617 0.961284 0.956991 0.852647 0.710407 0.843896 0.597271 0.912121 0.764723 0.792616 0.892775 0.926281 0.927512 0.989017 0.954090 0.997912 0.965293 0.962162 0.848514 0.860879 0.956029 0.945221 0.992399
0.979374 0.977063 0.683308 0.908287 0.670881 0.877266 0.757979 0.979990 0.655855 0.853336 0.870411 0.801178 0.562226 0.518854 0.601343 0.498688 0.870058 0.983845 0.747780 0.862397 0.946046 0.926705 0.497744 0.000000 0.734991 0.897149 0.800366 0.953354 0.900550 0.932685 0.823945 0.925081 0.778360 0.963818 0.816841 0.951231 0.848681 0.839889 0.999979 0.939935 0.971235 0.986825 0.919623 0.996360 0.840681 0.996745 0.984511 0.942314 0.991953 0.945535 0.980269 0.865045 0.850832 0.802748 0.901444 0.999260 0.961381 0.966218 0.939498 0.919056 0.720374 0.648138 0.951348 0.973165 0.481006 0.821103 0.986956 0.909715 0.810063 0.898956 0.954986 0.879706 0.999325 0.967382 0.803617 0.844599 0.988663 0.802938 0.914878 0.911467 0.890915 0.933113 0.762023 0.922029 0.574488 0.688602 0.808362 0.693177 0.747100 0.743220 0.914235 0.854249 0.931282 0.851376 0.912323 0.865599 0.921683 0.877492 0.974695 0.703623 0.968532 0.932672 0.743857 0.871688 0.871221 0.830918 0.987290 0.981382 0.911625 0.965739 0.921964 0.932000 0.885046 0.948677 0.836745 0.879644
0.977197 0.863785 0.819499 0.840390 0.972668 0.672720 0.958425 0.987959 0.865469 0.801098 0.996952 0.850571 0.930629 0.843260 0.927061 0.839246 0.925467 0.886094 0.822513 0.938235 0.876401 0.942435 0.949231 0.734991 0.000000 0.673528 0.832069 0.807667 0.953359 0.800837 0.937341 0.830182 0.766917 0.906823 0.736881 0.824521 0.943953 0.835489 0.687883 0.751374 0.897640 0.836167 0.931665 0.992104 0.973517 0.959994 0.779528 0.998470 0.830990 0.815552 0.987893 0.935621 0.935988 0.865848 0.919017 0.942392 0.937015 0.909824 0.940192 0.964270 0.873345 0.846961 0.933529 0.908865 0.667332 0.603807 0.736631 0.676397 0.899751 0.907452 0.934927 0.890079 0.849180 0.903370 0.970880 0.995235 0.921729 0.768068 0.980549 0.991915 0.983444 0.929602 0.907494 0.781947 0.839389 0.586560 0.738170 0.985131 0.897587 0.893729 0.995165 0.919223 0.880568 0.959945 0.935927 0.887122 0.934686 0.988214 0.922239 0.939200 0.812109 0.891612 0.884687 0.800312 0.776219 0.768259 0.903087 0.816809 0.997321 0.881448 0.979810 0.938675 0.924388 0.862538 0.812100 0.856451
0.990375 0.822222 0.920500 0.889936 0.810484 0.650507 0.623046 0.875317 0.711448 0.639755 0.930146 0.929557 0.738382 0.936390 0.805844 0.878089 0.996279 0.992150 0.597738 0.808409 0.802437 0.992508 0.686955 0.897149 0.673528 0.000000 0.987376 0.649769 0.844927 0.642822 0.909654 0.871914 0.987888 0.883093 0.716087 0.865309 0.840325 0.944882 0.690722 0.627093 0.909344 0.908161 0.834110 0.915810 0.960737 0.966571 0.755469 0.999058 0.931371 0.892996 0.873904 0.877235 0.941959 0.937722 0.850755 0.827029 0.928789 0.816375 0.773108 0.914678 0.912035 0.990793 0.967262 0.954593 0.977527 0.607166 0.627516 0.511032 0.984280 0.999126 0.918492 0.836343 0.764220 0.893998 0.902886 0.990389 0.996977 0.881666 0.952186 0.937679 0.973208 0.928199 0.925586 0.887883 0.910415 0.697426 0.965034 0.780252 0.879699 0.896518 0.889719 0.801548 0.910275 0.915837 0.839038 0.917562 0.886716 0.783731 0.918417 0.828718 0.935305 0.767600 0.868220 0.996613 0.890181 0.764316 0.836684 0.878787 0.991908 0.957454 0.992314 0.989461 0.953430 0.900914 0.871297 0.810656
0.971951 0.983454 0.985183 0.926163 0.944530 0.989418 0.905488 0.829947 0.847550 0.966423 0.994348 0.952821 0.984241 0.890709 0.806878 0.817373 0.943062 0.994223 0.983525 0.966606 0.900223 0.956344 0.788364 0.800366 0.832069 0.987376 0.000000 0.949117 0.897696 0.964284 0.896921 0.860385 0.987090 0.920898 0.959860 0.833786 0.959609 0.839757 0.957182 0.984209 0.982121 0.949089 0.990279 0.959053 0.913774 0.925966 0.975233 0.942362 0.926494 0.948897 0.992650 0.918295 0.882182 0.847060 0.977929 0.934355 0.991692 0.977100 0.979519 0.952043 0.955712 0.948890 0.962031 0.955797 0.752726 0.993555 0.848558 0.890859 0.995844 0.941695 0.884384 0.856844 0.967630 0.889645 0.884747 0.973286 0.901023 0.984915 0.979572 0.950700 0.954109 0.981550 0.782168 0.928424 0.825787 0.841484 0.835221 0.931511 0.905825 0.899007 0.924321 0.948902 0.876083 0.962273 0.992677 0.928598 0.992383 0.958774 0.980056 0.875139 0.917910 0.923823 0.807147 0.875609 0.971461 0.905362 0.864630 0.969285 0.951894 0.988997 0.941719 0.873455 0.964972 0.903861 0.790233 0.851745
0.755600 0.643727 0.812204 0.963061 0.843352 0.787387 0.797922 0.822579 0.701058 0.659760 0.969974 0.999591 0.905273 0.985183 0.980943 0.963318 0.847003 0.700762 0.811876 0.931077 0.862634 0.962493 0.933391 0.953354 0.807667 0.649769 0.949117 0.000000 0.994510 0.853082 0.959330 0.967719 0.805189 0.956061 0.728755 0.845999 0.881549 0.940274 0.841618 0.760588 0.853829 0.879016 0.783913 0.806469 0.833382 0.828006 0.775792 0.830327 0.852672 0.894414 0.762745 0.727253 0.876257 0.952156 0.753406 0.820225 0.711511 0.593136 0.726071 0.795967 0.939972 0.880329 0.741093 0.671446 0.898350 0.854272 0.758950 0.705433 0.930257 0.889486 0.760951 0.696650 0.881802 0.992321 0.874420 0.966200 0.969526 0.883461 0.806483 0.855144 0.717306 0.755092 0.747757 0.707952 0.787888 0.658727 0.956357 0.976983 0.874881 0.779467 0.838228 0.764533 0.967067 0.886640 0.984438 0.976387 0.990317 0.945087 0.947029 0.890566 0.999186 0.890536 0.921807 0.949774 0.768921 0.884879 0.890698 0.978786 0.959206 0.884038 0.959208 0.949895 0.893063 0.897159 0.879272 0.949547
0.751012 0.882686 0.889334 0.792702 0.962746 0.881102 0.738792 0.974745 0.824670 0.798424 0.641401 0.770271 0.667811 0.758102 0.608625 0.697469 0.809852 0.748900 0.663145 0.711235 0.892857 0.969120 0.692411 0.900550 0.953359 0.844927 0.897696 0.994510 0.000000 0.547099 0.715466 0.775142 0.647925 0.753209 0.936570 0.952584 0.999099 0.992641 0.795082 0.798503 0.985527 0.798573 0.947287 0.882746 0.858194 0.839018 0.881213 0.922026 0.797169 0.810686 0.997154 0.965513 0.785399 0.932278 0.873524 0.955633 0.885145 0.994577 0.906372 0.966764 0.848042 0.930386 0.866533 0.806941 0.878147 0.707544 0.880614 0.742725 0.962057 0.949777 0.950632 0.904371 0.763109 0.842306 0.987439 0.891671 0.991134 0.931372 0.875330 0.912691 0.756477 0.839621 0.791465 0.878176 0.802704 0.941393 0.936409 0.813507 0.904947 0.772100 0.953577 0.961884 0.928259 0.921267 0.973750 0.890462 0.917624 0.701146 0.800417 0.895909 0.952116 0.938722 0.976365 0.961212 0.863705 0.761822 0.992972 0.881524 0.760972 0.870658 0.934791 0.897900 0.985132 0.906645 0.992943 0.889919
0.837822 0.985173 0.885945 0.944264 0.993126 0.839363 0.640352 0.803857 0.751982 0.647614 0.627585 0.954260 0.640576 0.861266 0.705841 0.761211 0.714117 0.742451 0.557429 0.600199 0.819807 0.957742 0.723965 0.932685 0.800837 0.642822 0.964284 0.853082 0.547099 0.000000 0.689143 0.627165 0.782252 0.772861 0.764471 0.976987 0.940064 0.964707 0.723103 0.722528 0.999961 0.856950 0.995171 0.854940 0.896843 0.894516 0.850902 0.960879 0.880748 0.833702 0.960641 0.969773 0.847192 0.915417 0.951540 0.990050 0.952571 0.955476 0.905872 0.994033 0.864735 0.995649 0.913734 0.883886 0.954922 0.617336 0.824357 0.690069 0.967997 0.980921 0.818903 0.768848 0.664242 0.707797 0.935159 0.880222 0.835805 0.959345 0.794359 0.861031 0.847380 0.886911 0.949908 0.993176 0.948376 0.779237 0.905168 0.767679 0.847088 0.927002 0.910567 0.864166 0.923068 0.944375 0.966884 0.944109 0.962262 0.898653 0.731825 0.790791 0.934175 0.713937 0.912109 0.884223 0.916728 0.846299 0.956270 0.894460 0.897312 0.969016 0.925196 0.902069 0.973479 0.996393 0.962432 0.910930
0.988059 0.952079 0.723623 0.972305 0.988242 0.967542 0.780839 0.989329 0.661227 0.764366 0.794873 0.925801 0.696995 0.804223 0.709946 0.688607 0.987830 0.914444 0.720482 0.868811 0.995707 0.943076 0.720180 0.823945 0.937341 0.909654 0.896921 0.959330 0.715466 0.689143 0.000000 0.822470 0.717650 0.780570 0.998623 0.917043 0.894386 0.940707 0.954503 0.984051 0.978566 0.901660 0.881298 0.881323 0.788075 0.854757 0.933302 0.997236 0.867865 0.840844 0.936414 0.940112 0.814757 0.823254 0.946372 0.929435 0.937252 0.886739 0.797167 0.846282 0.959185 0.894971 0.903378 0.948171 0.831590 0.806437 0.981599 0.829949 0.922305 0.927775 0.847909 0.971433 0.906383 0.909500 0.832615 0.941236 0.727182 0.948788 0.901161 0.854251 0.973046 0.966401 0.929654 0.978000 0.917506 0.947943 0.965367 0.900482 0.834925 0.839945 0.973958 0.849957 0.956270 0.799799 0.990969 0.932028 0.990573 0.984020 0.843080 0.758440 0.984236 0.852567 0.937037 0.972632 0.968915 0.962436 0.893348 0.973138 0.844585 0.948146 0.959260 0.990764 0.938657 0.951011 0.902038 0.919580
0.927530 0.955467 0.825875 0.854218 0.941228 0.927241 0.645272 0.700424 0.840211 0.745335 0.821760 0.991667 0.722793 0.803003 0.805480 0.824745 0.982043 0.983674 0.679889 0.744819 0.717235 0.884635 0.773153 0.925081 0.830182 0.871914 0.860385 0.967719 0.775142 0.627165 0.822470 0.000000 0.748395 0.863355 0.940035 0.931368 0.859631 0.870162 0.918013 0.798820 0.954757 0.921246 0.927272 0.925561 0.945897 0.961303 0.894884 0.949395 0.966839 0.839837 0.952724 0.982521 0.859014 0.923845 0.923602 0.998939 0.921440 0.831278 0.938839 0.968066 0.907501 0.958744 0.922504 0.917691 0.967425 0.830812 0.953788 0.831215 0.819010 0.922523 0.916309 0.821643 0.770652 0.784330 0.901861 0.868250 0.908800 0.904277 0.908010 0.900363 0.966224 0.904091 0.913564 0.844999 0.987066 0.824869 0.795735 0.949174 0.948011 0.980799 0.842894 0.818724 0.918796 0.879050 0.979070 0.926433 0.965960 0.978282 0.785031 0.720975 0.905917 0.807591 0.798060 0.928871 0.945550 0.942406 0.929963 0.912952 0.995105 0.997966 0.829930 0.985828 0.915693 0.938658 0.967888 0.866101
0.817554 0.823571 0.789903 0.949336 0.920327 0.876479 0.738818 0.946757 0.987732 0.964565 0.648871 0.633874 0.591363 0.651356 0.649007 0.713730 0.864622 0.727530 0.762189 0.798949 0.908450 0.954078 0.686919 0.778360 0.766917 0.987888 0.987090 0.805189 0.647925 0.782252 0.717650 0.748395 0.000000 0.663158 0.760436 0.809609 0.978082 0.882695 0.942497 0.943645 0.891451 0.869821 0.818267 0.836865 0.753594 0.839617 0.891353 0.871593 0.915544 0.867710 0.827772 0.789581 0.796560 0.944568 0.930680 0.825949 0.859319 0.917344 0.897197 0.918328 0.608114 0.725005 0.828562 0.743515 0.690406 0.896251 0.758794 0.906518 0.951920 0.974875 0.928520 0.987796 0.896656 0.868111 0.976675 0.851917 0.988635 0.848161 0.909315 0.801318 0.855544 0.821399 0.837747 0.795712 0.680044 0.770212 0.957533 0.784209 0.916128 0.749385 0.959671 0.932160 0.900773 0.932841 0.965387 0.974956 0.838492 0.963470 0.819716 0.694114 0.776753 0.874906 0.893973 0.973630 0.819357 0.847062 0.988485 0.940517 0.985923 0.985979 0.888712 0.982819 0.918763 0.982381 0.823155 0.947537
0.755077 0.801016 0.939514 0.974489 0.932585 0.868149 0.884679 0.896692 0.977126 0.978580 0.694118 0.742328 0.780307 0.846280 0.878791 0.946900 0.717551 0.743208 0.721093 0.796171 0.974342 0.997660 0.963123 0.963818 0.906823 0.883093 0.920898 0.956061 0.753209 0.772861 0.780570 0.863355 0.663158 0.000000 0.822582 0.805413 0.993583 0.952463 0.934521 0.962137 0.858681 0.810375 0.847111 0.837660 0.865853 0.858395 0.855369 0.888192 0.948027 0.923866 0.841894 0.836909 0.821547 0.996765 0.834278 0.838627 0.880327 0.928979 0.839222 0.828802 0.682724 0.776983 0.778259 0.761032 0.980466 0.893046 0.709131 0.787146 0.983236 0.907702 0.873190 0.889362 0.993673 0.887906 0.875095 0.929665 0.872469 0.797057 0.939410 0.679480 0.806393 0.843369 0.980035 0.923932 0.929122 0.901386 0.956759 0.969114 0.881574 0.869181 0.875316 0.932107 0.830332 0.919894 0.979737 0.975778 0.902776 0.919367 0.802267 0.870139 0.809606 0.860137 0.810128 0.969322 0.984194 0.848438 0.932119 0.925025 0.915970 0.997876 0.811058 0.807603 0.972520 0.850902 0.906526 0.968562
0.889360 0.793814 0.978028 0.899623 0.931721 0.746052 0.842923 0.734477 0.917744 0.717079 0.925260 0.780035 0.918784 0.736211 0.885744 0.891100 0.956863 0.959513 0.850752 0.883630 0.940226 0.934815 0.899421 0.816841 0.736881 0.716087 0.959860 0.728755 0.936570 0.764471 0.998623 0.940035 0.760436 0.822582 0.000000 0.768791 0.788369 0.890294 0.687751 0.889466 0.913666 0.972883 0.665630 0.797921 0.673828 0.752492 0.690912 0.806744 0.848471 0.838769 0.685121 0.630044 0.797311 0.800742 0.836483 0.791957 0.890397 0.788582 0.737157 0.860472 0.797562 0.854465 0.836196 0.829537 0.728339 0.669524 0.623882 0.623436 0.986071 0.902530 0.866982 0.788946 0.891116 0.988669 0.809408 0.834305 0.918243 0.710506 0.889209 0.807449 0.961184 0.939274 0.804508 0.928522 0.721621 0.603494 0.886033 0.954622 0.991054 0.809469 0.968495 0.817090 0.953681 0.850491 0.900796 0.985199 0.994574 0.949520 0.884845 0.864959 0.999817 0.911597 0.919238 0.922963 0.815500 0.801941 0.891992 0.967016 0.838534 0.977314 0.981437 0.928656 0.864176 0.841053 0.774873 0.884798
0.884847 0.818126 0.968638 0.952272 0.982019 0.863957 0.897026 0.926809 0.875189 0.788741 0.976140 0.837100 0.990223 0.830889 0.955170 0.984719 0.974899 0.903574 0.998532 0.940545 0.996645 0.947856 0.988376 0.951231 0.824521 0.865309 0.833786 0.845999 0.952584 0.976987 0.917043 0.931368 0.809609 0.805413 0.768791 0.000000 0.895059 0.959124 0.901581 0.877750 0.838821 0.834685 0.896232 0.918094 0.887496 0.941008 0.849771 0.882758 0.997560 0.937153 0.844717 0.787959 0.876876 0.995752 0.914835 0.853104 0.912508 0.903925 0.737765 0.808290 0.851910 0.929821 0.853823 0.901683 0.936459 0.776263 0.691374 0.661294 0.972609 0.962381 0.964762 0.798891 0.928572 0.971109 0.853717 0.963523 0.903502 0.988792 0.906929 0.848376 0.992249 0.939890 0.795126 0.886341 0.899689 0.760420 0.963662 0.968941 0.965052 0.978304 0.907371 0.927842 0.797352 0.950982 0.997354 0.909544 0.784267 0.874143 0.893188 0.922834 0.828514 0.914329 0.851936 0.900153 0.814060 0.730175 0.957245 0.957561 0.903459 0.893562 0.975702 0.888842 0.984671 0.936097 0.677033 0.982043
0.908932 0.861904 0.966907 0.951625 0.827972 0.994079 0.771710 0.839178 0.880267 0.803660 0.984674 0.887504 0.875474 0.870478 0.913610 0.938390 0.855390 0.797712 0.766007 0.870335 0.816314 0.819004 0.864211 0.848681 0.943953 0.840325 0.959609 0.881549 0.999099 0.940064 0.894386 0.859631 0.978082 0.993583 0.788369 0.895059 0.000000 0.923867 0.744248 0.788651 0.867254 0.918483 0.798130 0.753589 0.838843 0.792300 0.753561 0.806892 0.817476 0.918469 0.786461 0.890924 0.898180 0.979512 0.803313 0.895086 0.771085 0.771253 0.890193 0.907281 0.887140 0.922439 0.823444 0.851961 0.865318 0.935386 0.914562 0.832959 0.817414 0.814980 0.866846 0.900809 0.925127 0.975557 0.986209 0.910451 0.879776 0.992932 0.818375 0.801828 0.884865 0.799067 0.892206 0.895311 0.951216 0.932337 0.915169 0.880413 0.968846 0.915876 0.793742 0.781559 0.875163 0.821098 0.853568 0.981452 0.944923 0.913434 0.930049 0.978902 0.960484 0.892277 0.901854 0.905698 0.928865 0.963917 0.945968 0.966097 0.983808 0.977518 0.938143 0.959781 0.968545 0.894376 0.851526 0.952397
0.781172 0.913165 0.989398 0.933276 0.921851 0.980682 0.820491 0.828305 0.922195 0.883451 0.848453 0.905117 0.988570 0.930183 0.943970 0.984084 0.897504 0.874637 0.895585 0.909361 0.785262 0.945232 0.949446 0.839889 0.835489 0.944882 0.839757 0.940274 0.992641 0.964707 0.940707 0.870162 0.882695 0.952463 0.890294 0.959124 0.923867 0.000000 0.950891 0.704531 0.871821 0.986857 0.895319 0.853267 0.865541 0.805259 0.840863 0.878112 0.875236 0.934953 0.804134 0.844257 0.881443 0.920279 0.932693 0.849573 0.815809 0.860229 0.910145 0.870196 0.997843 0.944028 0.843583 0.869853 0.972694 0.965648 0.927949 0.900813 0.824620 0.725748 0.978050 0.918879 0.906264 0.988984 0.911324 0.882821 0.980076 0.862346 0.926175 0.909434 0.848800 0.841501 0.822954 0.730736 0.941503 0.850672 0.877910 0.878589 0.729685 0.808929 0.756237 0.796522 0.799527 0.867971 0.968339 0.961110 0.951353 0.845737 0.970459 0.980183 0.826145 0.913286 0.931201 0.837056 0.842019 0.832863 0.998698 0.994212 0.944084 0.873268 0.941503 0.968755 0.964644 0.958009 0.974684 0.915724
