0.000000 0.334074 0.926893 0.768211 0.989892 0.676394 0.654055 0.445237 0.869982 0.559641 0.521766 0.317508 0.433928 0.416920 0.599913 0.583836 0.471832 0.405617 0.480614 0.469043 0.926072 0.941893 0.686388 0.782499 0.635134 0.678443 0.767390 0.913111 0.524146 0.482765 0.558567 0.630673 0.546095 0.565831 0.928597 0.966919 0.723661 0.979731 0.947027 0.952474 0.906631 0.853603 0.592056 0.537659 0.593218 0.549763 0.662538 0.663344 0.469216 0.483415 0.452823 0.552987 0.742150 0.816563 0.732530 0.816232 0.398590 0.358427 0.449589 0.399357 0.473821 0.467529 0.370090 0.313371 0.768694 0.959031 0.788908 0.643013 0.599355 0.503475 0.633145 0.540686 0.589628 0.714331 0.861370 0.895331 0.651730 0.665570 0.692182 0.651036 0.369713 0.433793 0.833913 0.983002 0.573059 0.601678 0.641731 0.845086 0.664401 0.634339 0.513019 0.725378 0.625658 0.862402 0.718556 0.841964 0.780910 0.927625 0.405338 0.471457 0.780160 0.626974 0.458668 0.647711 0.781185 0.920152 0.893988 0.970432 0.889841 0.756877 0.866886 0.674307 0.588893 0.792709 0.913293 0.977953
0.334074 0.000000 0.941129 0.722366 0.850846 0.837662 0.815879 0.572972 0.946450 0.709380 0.649792 0.505261 0.602318 0.615109 0.784668 0.832484 0.475141 0.471237 0.629909 0.542687 0.966330 0.872454 0.905102 0.892472 0.811852 0.690255 0.795903 0.956361 0.592353 0.590041 0.612251 0.743596 0.750985 0.605926 0.923009 0.959562 0.914590 0.905905 0.997079 0.930584 0.812767 0.786649 0.572719 0.566891 0.681924 0.590421 0.684302 0.745030 0.519527 0.435900 0.482475 0.487013 0.713522 0.731266 0.774415 0.785621 0.324542 0.323211 0.462949 0.371486 0.669567 0.644021 0.526816 0.462189 0.758471 0.970070 0.795115 0.659799 0.542674 0.470898 0.753806 0.539368 0.640129 0.778369 0.931796 0.917846 0.716853 0.723440 0.652491 0.675996 0.483281 0.590995 0.887948 0.948664 0.849469 0.789652 0.682933 0.829850 0.803527 0.711769 0.631445 0.737644 0.699051 0.818152 0.839111 0.830675 0.712385 0.795551 0.545160 0.505200 0.883072 0.721647 0.564112 0.633830 0.870843 0.957944 0.832366 0.911880 0.994241 0.714359 0.967602 0.734579 0.622081 0.762031 0.969717 0.964623
0.926893 0.941129 0.000000 0.872179 0.968825 0.963683 0.645823 0.849470 0.788020 0.937652 0.973772 0.926588 0.935013 0.822869 0.926260 0.841375 0.881008 0.988828 0.922735 0.994468 0.921197 0.866583 0.930512 0.906012 0.613146 0.645508 0.904633 0.893704 0.874556 0.942728 0.876041 0.956843 0.994992 0.857798 0.793651 0.987062 0.944376 0.931739 0.667140 0.957790 0.773454 0.929017 0.984654 0.981713 0.837088 0.827581 0.738978 0.992224 0.762045 0.727969 0.722897 0.628294 0.745013 0.729709 0.968932 0.895539 0.944900 0.970286 0.877226 0.918556 0.846919 0.951203 0.897405 0.969289 0.564636 0.601330 0.746785 0.857829 0.943237 0.995850 0.869465 0.881654 0.930883 0.909429 0.972843 0.973620 0.906440 0.808191 0.992970 0.881561 0.986213 0.817189 0.973345 0.940068 0.882469 0.930535 0.897780 0.991186 0.794842 0.771838 0.905649 0.783703 0.872990 0.855729 0.784135 0.944831 0.841109 0.957364 0.870924 0.949127 0.898731 0.989909 0.996555 0.966360 0.925488 0.988786 0.736642 0.945844 0.961956 0.817525 0.957996 0.870285 0.998404 0.951395 0.879071 0.932494
0.768211 0.722366 0.872179 0.000000 0.884944 0.708508 0.828918 0.666474 0.780730 0.739090 0.987384 0.860103 0.982592 0.910879 0.900727 0.770959 0.811093 0.868721 0.746022 0.812033 0.993877 0.928894 0.703096 0.758979 0.821460 0.976779 0.966887 0.916854 0.850989 0.892407 0.781581 0.800425 0.854631 0.823465 0.859020 0.892212 0.962185 0.866715 0.965699 0.840840 0.983021 0.975885 0.888884 0.803704 0.880852 0.893107 0.886296 0.872664 0.862716 0.733641 0.702565 0.669294 0.682833 0.649505 0.838348 0.845307 0.721897 0.624253 0.726321 0.589644 0.864157 0.826331 0.789179 0.799657 0.866741 0.673793 0.643291 0.740209 0.723128 0.734959 0.718719 0.668922 0.764058 0.792803 0.958837 0.998224 0.824450 0.950375 0.953495 0.915202 0.865137 0.805879 0.968949 0.935699 0.757355 0.650341 0.922826 0.985168 0.997024 0.668280 0.537357 0.597519 0.534203 0.591595 0.947130 0.963493 0.882836 0.728399 0.690396 0.679905 0.854112 0.764749 0.802851 0.907588 0.792578 0.964447 0.947915 0.996374 0.937384 0.950746 0.789556 0.829116 0.880210 0.939611 0.720404 0.949607
0.989892 0.850846 0.968825 0.884944 0.000000 0.662600 0.755272 0.738458 0.501182 0.673153 0.977532 0.874870 0.751981 0.811332 0.693142 0.719590 0.956407 0.883043 0.714334 0.859552 0.890916 0.877663 0.608772 0.825691 0.758533 0.856688 0.882482 0.802674 0.850413 0.862687 0.942004 0.894275 0.835284 0.987241 0.884200 0.976773 0.920955 0.932712 0.918590 0.846513 0.831141 0.816300 0.913501 0.940728 0.877179 0.953749 0.895644 0.947005 0.992650 0.915468 0.877444 0.957762 0.789967 0.871689 0.990885 0.964296 0.864601 0.997125 0.980987 0.913666 0.763251 0.641926 0.869988 0.844832 0.947275 0.865460 0.917828 0.962084 0.974182 0.906888 0.669652 0.950387 0.977875 0.936476 0.865010 0.996754 0.782748 0.885844 0.793249 0.999983 0.979052 0.914686 0.823183 0.873203 0.665696 0.847265 0.899069 0.807332 0.794969 0.847407 0.644677 0.622895 0.701691 0.810176 0.991486 0.942555 0.868357 0.865728 0.833338 0.824992 0.763934 0.735112 0.948557 0.897627 0.945745 0.950050 0.772146 0.939988 0.858696 0.835799 0.809355 0.832292 0.955400 0.941085 0.987054 0.886699
0.676394 0.837662 0.963683 0.708508 0.662600 0.000000 0.520309 0.495386 0.648664 0.516921 0.779538 0.675217 0.716149 0.765807 0.683719 0.625574 0.631089 0.719535 0.546885 0.741830 0.761630 0.992874 0.583989 0.703968 0.779241 0.850698 0.868234 0.886447 0.650013 0.683574 0.645207 0.811195 0.587192 0.638494 0.808863 0.959629 0.799562 0.975590 0.954871 0.881656 0.971488 0.970393 0.672509 0.600350 0.452683 0.547821 0.751550 0.592707 0.552285 0.589643 0.504212 0.669866 0.590313 0.682046 0.781682 0.646193 0.843549 0.773887 0.586306 0.625704 0.509968 0.574431 0.598893 0.538792 0.875156 0.840747 0.554114 0.599392 0.944036 0.778743 0.776713 0.831574 0.867981 0.969892 0.995817 0.929295 0.631923 0.778603 0.925719 0.662222 0.574915 0.591823 0.894095 0.952012 0.527658 0.614080 0.927746 0.984181 0.806656 0.846290 0.463659 0.668052 0.510557 0.999230 0.844718 0.953583 0.849295 0.903978 0.491336 0.587974 0.700175 0.688107 0.587601 0.834831 0.833211 0.967053 0.994666 0.984903 0.858145 0.934846 0.866669 0.625536 0.676294 0.872233 0.784483 0.873908
0.654055 0.815879 0.645823 0.828918 0.755272 0.520309 0.000000 0.287214 0.547996 0.309618 0.526691 0.571405 0.503590 0.678639 0.593414 0.829790 0.490265 0.594937 0.371185 0.618030 0.871840 0.933130 0.848197 0.848578 0.666118 0.888574 0.631320 0.938133 0.388436 0.510043 0.505781 0.640954 0.484311 0.447113 0.888871 0.930602 0.827687 0.803924 0.988331 0.978761 0.844751 0.854955 0.536688 0.497955 0.538570 0.538884 0.518268 0.573173 0.661461 0.864165 0.724208 0.964796 0.984042 0.860091 0.792935 0.751017 0.785445 0.850414 0.512507 0.715988 0.253885 0.416735 0.349872 0.434043 0.866567 0.678553 0.684094 0.565054 0.937071 0.811052 0.790679 0.933210 0.767219 0.883652 0.952512 0.919130 0.536224 0.855871 0.725756 0.728086 0.471851 0.441365 0.832210 0.982858 0.606303 0.850460 0.832722 0.851904 0.977852 0.910177 0.588047 0.871481 0.709011 0.835229 0.825251 0.885137 0.762489 0.826566 0.520659 0.594085 0.539093 0.740049 0.583421 0.746887 0.731894 0.960604 0.815122 0.998331 0.780242 0.720898 0.762709 0.769016 0.617970 0.898937 0.932458 0.995116
0.445237 0.572972 0.849470 0.666474 0.738458 0.495386 0.287214 0.000000 0.553814 0.251074 0.463410 0.381941 0.388378 0.452069 0.458252 0.660755 0.467871 0.470067 0.300681 0.449431 0.946614 0.996934 0.686121 0.983807 0.579003 0.740337 0.610108 0.922787 0.340906 0.415837 0.419298 0.577907 0.423778 0.447594 0.970725 0.975265 0.751993 0.886854 0.852137 0.924030 0.924874 0.839174 0.556871 0.489804 0.488565 0.475790 0.595574 0.600870 0.498830 0.681707 0.541714 0.776350 0.809190 0.966587 0.761424 0.784124 0.604351 0.566883 0.466265 0.516779 0.268655 0.282760 0.294783 0.300779 0.706129 0.839564 0.747248 0.581718 0.811795 0.618080 0.572921 0.663853 0.623782 0.710071 0.944195 0.901144 0.512425 0.820815 0.724443 0.601176 0.388715 0.401035 0.849812 0.937815 0.538016 0.760333 0.750989 0.830575 0.802710 0.853976 0.439478 0.644763 0.550070 0.890726 0.792030 0.856364 0.682996 0.847645 0.346174 0.429867 0.492232 0.615264 0.499657 0.600524 0.732076 0.953939 0.833709 0.907643 0.859229 0.761621 0.723755 0.667861 0.602222 0.831298 0.926548 0.988418
0.869982 0.946450 0.788020 0.780730 0.501182 0.648664 0.547996 0.553814 0.000000 0.483805 0.886209 0.779032 0.679869 0.779991 0.747062 0.712483 0.920048 0.991492 0.619340 0.841030 0.874122 0.836194 0.692262 0.953353 0.875694 0.842205 0.999964 0.945410 0.756832 0.790644 0.747377 0.904986 0.802074 0.865621 0.950124 0.982945 0.840836 0.901378 0.913817 0.816821 0.758574 0.929856 0.935696 0.937961 0.830828 0.901991 0.987175 0.919161 0.893603 0.886258 0.891542 0.915953 0.884273 0.919300 0.846426 0.937606 0.997137 0.900104 0.837242 0.914600 0.617395 0.493972 0.781068 0.747313 0.980106 0.761477 0.952655 0.968502 0.888101 0.868688 0.643746 0.955302 0.863581 0.861607 0.991536 0.913647 0.800617 0.920209 0.788755 0.969785 0.893614 0.846829 0.882472 0.870966 0.605293 0.891020 0.839200 0.919498 0.864323 0.962463 0.637949 0.693835 0.785838 0.828413 0.903396 0.919739 0.948599 0.862847 0.738074 0.767924 0.772466 0.798535 0.888377 0.923948 0.871582 0.903206 0.888596 0.812599 0.920944 0.870339 0.770040 0.851896 0.862805 0.989571 0.828263 0.974696
0.559641 0.709380 0.937652 0.739090 0.673153 0.516921 0.309618 0.251074 0.483805 0.000000 0.531478 0.454075 0.404371 0.513079 0.463331 0.699360 0.544109 0.521239 0.335983 0.522055 0.910958 0.971320 0.717825 0.898270 0.533729 0.751563 0.612129 0.967941 0.374006 0.450707 0.420019 0.620579 0.450160 0.462188 0.964219 0.967911 0.736638 0.891468 0.811477 0.910021 0.905051 0.941532 0.530494 0.510282 0.445782 0.437222 0.633302 0.601252 0.489572 0.727279 0.568534 0.829355 0.816351 0.983391 0.742995 0.807537 0.747353 0.701833 0.562534 0.623291 0.299165 0.293928 0.371449 0.369069 0.638198 0.903593 0.806082 0.653492 0.894742 0.672415 0.560904 0.694568 0.743259 0.798699 0.890931 0.976742 0.538161 0.811701 0.794777 0.741885 0.452760 0.550954 0.894371 0.922274 0.637739 0.870186 0.781412 0.771980 0.865852 0.960161 0.450900 0.632576 0.557616 0.925936 0.854919 0.831034 0.808363 0.816382 0.382943 0.462687 0.531672 0.660577 0.514915 0.672432 0.826170 0.928956 0.835657 0.891086 0.848327 0.745516 0.752589 0.668494 0.665622 0.874020 0.909109 0.963904
0.521766 0.649792 0.973772 0.987384 0.977532 0.779538 0.526691 0.463410 0.886209 0.531478 0.000000 0.409950 0.379132 0.460536 0.543557 0.803502 0.531738 0.422156 0.427990 0.539486 0.982935 0.911040 0.947237 0.862533 0.483882 0.687602 0.516156 0.876940 0.434087 0.421090 0.636145 0.651303 0.501565 0.453144 0.876078 0.799993 0.867886 0.798815 0.956093 0.869745 0.948923 0.943222 0.578110 0.446893 0.569444 0.505085 0.610701 0.627563 0.624104 0.807594 0.714824 0.934197 0.946651 0.885751 0.858853 0.891221 0.725654 0.739262 0.621508 0.721795 0.370844 0.474571 0.365340 0.411922 0.638688 0.927158 0.920305 0.681276 0.858759 0.762392 0.779804 0.807310 0.738588 0.854800 0.959255 0.759286 0.670043 0.775902 0.677076 0.586343 0.414155 0.464485 0.830832 0.808616 0.785287 0.894696 0.828328 0.827541 0.862183 0.958577 0.744251 0.996645 0.847722 0.817191 0.824822 0.982837 0.787743 0.899431 0.537683 0.713684 0.574102 0.793039 0.564244 0.674048 0.883767 0.891574 0.985034 0.928594 0.755938 0.804887 0.788957 0.836469 0.685936 0.939375 0.978741 0.891679
0.317508 0.505261 0.926588 0.860103 0.874870 0.675217 0.571405 0.381941 0.779032 0.454075 0.409950 0.000000 0.293436 0.268306 0.389780 0.484769 0.518387 0.355022 0.355807 0.399352 0.976120 0.994890 0.637112 0.807639 0.471546 0.637315 0.668787 0.881637 0.415996 0.343190 0.514622 0.557995 0.423561 0.484946 0.962033 0.872112 0.750441 0.926366 0.904739 0.988303 0.928922 0.879118 0.647478 0.537211 0.516592 0.471173 0.720332 0.708021 0.484355 0.631255 0.582373 0.716089 0.865242 0.995679 0.762696 0.910210 0.591715 0.538481 0.607972 0.628247 0.390663 0.353112 0.372310 0.288927 0.666018 0.971218 0.881348 0.705347 0.746553 0.539820 0.604780 0.537595 0.626524 0.598451 0.955070 0.818636 0.611636 0.779004 0.684186 0.554536 0.340902 0.398572 0.739982 0.898401 0.558377 0.629686 0.818607 0.921448 0.651891 0.727436 0.629596 0.794975 0.731518 0.940857 0.783885 0.915267 0.806955 0.986087 0.414429 0.511768 0.699966 0.638279 0.456028 0.531812 0.842468 0.969633 0.858560 0.973563 0.857007 0.790722 0.817294 0.631775 0.656677 0.829299 0.995938 0.963873
0.433928 0.602318 0.935013 0.982592 0.751981 0.716149 0.503590 0.388378 0.679869 0.404371 0.379132 0.293436 0.000000 0.285182 0.338196 0.557101 0.562915 0.483660 0.357358 0.469364 0.878047 0.998547 0.683133 0.969700 0.400733 0.552963 0.678826 0.928214 0.368389 0.309313 0.524606 0.542700 0.408717 0.508695 0.889023 0.841011 0.862303 0.834511 0.908598 0.929669 0.990377 0.973207 0.628111 0.529755 0.511104 0.459670 0.694112 0.691048 0.532631 0.750481 0.687231 0.847808 0.962737 0.862641 0.867994 0.861237 0.706860 0.623852 0.653353 0.714803 0.309775 0.312462 0.371052 0.304728 0.602972 0.978005 0.998185 0.726113 0.855012 0.574081 0.561631 0.650189 0.668696 0.715824 0.933401 0.839894 0.625555 0.738777 0.780586 0.619537 0.400478 0.481453 0.693534 0.915351 0.621171 0.828760 0.803754 0.895926 0.722857 0.828987 0.718788 0.850730 0.859273 0.932096 0.828058 0.913240 0.749491 0.896679 0.484805 0.577015 0.655320 0.705183 0.535045 0.567292 0.957019 0.947245 0.884187 0.959702 0.792665 0.800001 0.760766 0.722610 0.688638 0.781361 0.999869 0.877405
0.416920 0.615109 0.822869 0.910879 0.811332 0.765807 0.678639 0.452069 0.779991 0.513079 0.460536 0.268306 0.285182 0.000000 0.326845 0.429966 0.629306 0.455704 0.429828 0.376223 0.960606 0.918809 0.583194 0.781974 0.454435 0.635703 0.687795 0.908651 0.451336 0.386097 0.571880 0.542420 0.482827 0.604278 0.920446 0.852155 0.768577 0.869471 0.813561 0.987464 0.999780 0.909895 0.804088 0.676026 0.616530 0.558173 0.771688 0.797009 0.558388 0.739388 0.680154 0.792964 0.939064 0.951533 0.880277 0.989553 0.732477 0.553434 0.773588 0.710409 0.462908 0.348241 0.441727 0.337686 0.622721 0.944013 0.995821 0.824461 0.865773 0.628226 0.544121 0.547676 0.619598 0.599043 0.979568 0.897771 0.707353 0.888072 0.733205 0.603036 0.451612 0.463207 0.696859 0.927218 0.558030 0.709980 0.858592 0.974578 0.632197 0.695492 0.709234 0.792379 0.790693 0.903621 0.785725 0.896074 0.837547 0.962124 0.497139 0.621007 0.685846 0.676912 0.607650 0.593138 0.863977 0.967089 0.963396 0.951857 0.824755 0.850319 0.811305 0.741789 0.714241 0.845166 0.990015 0.985638
0.599913 0.784668 0.926260 0.900727 0.693142 0.683719 0.593414 0.458252 0.747062 0.463331 0.543557 0.389780 0.338196 0.326845 0.000000 0.413047 0.687799 0.526061 0.431003 0.500889 0.971839 0.982700 0.475542 0.765806 0.441444 0.638064 0.715155 0.921521 0.419467 0.376208 0.598357 0.555307 0.427043 0.611503 0.935516 0.937675 0.849954 0.891977 0.835705 0.954770 0.985673 0.992540 0.771379 0.676176 0.513270 0.500106 0.760880 0.746756 0.561434 0.749899 0.718478 0.809140 0.866537 0.975663 0.897901 0.963480 0.922813 0.725299 0.846039 0.830644 0.446548 0.414597 0.491980 0.424047 0.699966 0.969299 0.880330 0.795710 0.989449 0.583678 0.517355 0.569643 0.735849 0.700795 0.872344 0.885731 0.638362 0.951650 0.803299 0.667534 0.506359 0.558004 0.559778 0.848354 0.532695 0.695541 0.994613 0.983629 0.645585 0.778352 0.702857 0.760648 0.735321 0.913492 0.805804 0.964205 0.931636 0.958465 0.480754 0.585556 0.636938 0.677934 0.584134 0.559354 0.880496 0.912046 0.941502 0.954984 0.964878 0.959587 0.773386 0.662291 0.834807 0.800881 0.945413 0.940553
0.583836 0.832484 0.841375 0.770959 0.719590 0.625574 0.829790 0.660755 0.712483 0.699360 0.803502 0.484769 0.557101 0.429966 0.413047 0.000000 0.847560 0.726207 0.589111 0.614000 0.944628 0.812703 0.274329 0.439691 0.693549 0.699902 0.995846 0.863680 0.706193 0.556320 0.762731 0.643425 0.640249 0.825782 0.867427 0.984493 0.834662 0.940502 0.835795 0.991690 0.868904 0.859847 0.977268 0.832101 0.625155 0.697628 0.953040 0.831454 0.634081 0.663030 0.689029 0.675403 0.680302 0.822336 0.840854 0.990029 0.941776 0.700615 0.882753 0.782273 0.653239 0.575868 0.702781 0.566473 0.988169 0.954029 0.787097 0.869183 0.903310 0.688587 0.557700 0.650648 0.743961 0.786762 0.846028 0.996867 0.800960 0.968858 0.963174 0.743456 0.678288 0.631202 0.532669 0.884096 0.344418 0.446720 0.977114 0.702753 0.473031 0.528225 0.675818 0.687512 0.674987 0.782127 0.778241 0.979565 0.980859 0.970989 0.572037 0.634396 0.892536 0.679811 0.643258 0.810393 0.818502 0.913512 0.963487 0.952387 0.985552 0.910694 0.798303 0.662824 0.858368 0.907521 0.803693 0.979833
0.471832 0.475141 0.881008 0.811093 0.956407 0.631089 0.490265 0.467871 0.920048 0.544109 0.531738 0.518387 0.562915 0.629306 0.687799 0.847560 0.000000 0.372676 0.496575 0.606038 0.905138 0.884058 0.887033 0.960917 0.694475 0.759526 0.679038 0.926605 0.390588 0.459674 0.530315 0.705832 0.540043 0.399329 0.923240 0.980700 0.817153 0.930135 0.976619 0.973036 0.968147 0.722755 0.458630 0.385460 0.472411 0.449047 0.400719 0.498547 0.494718 0.567155 0.590908 0.734269 0.813480 0.903874 0.619071 0.626222 0.522640 0.594735 0.445643 0.513740 0.431997 0.563956 0.363000 0.367303 0.785889 0.869256 0.627174 0.511010 0.771926 0.600003 0.829532 0.784632 0.769137 0.922904 0.955163 0.961780 0.474813 0.703215 0.627909 0.659741 0.377859 0.464405 0.867246 0.831725 0.741951 0.792388 0.882237 0.806475 0.926227 0.913726 0.614795 0.904240 0.715385 0.926690 0.831064 0.770002 0.714023 0.886282 0.491817 0.513649 0.669192 0.672525 0.566111 0.701331 0.837247 0.882545 0.909881 0.936051 0.814860 0.642566 0.834250 0.708326 0.540548 0.781165 0.963382 0.833538
0.405617 0.471237 0.988828 0.868721 0.883043 0.719535 0.594937 0.470067 0.991492 0.521239 0.422156 0.355022 0.483660 0.455704 0.526061 0.726207 0.372676 0.000000 0.467084 0.433191 0.975581 0.998430 0.844832 0.959979 0.601590 0.765790 0.583594 0.958304 0.371314 0.348615 0.474686 0.578868 0.484942 0.438427 0.943674 0.965938 0.804890 0.994854 0.967505 0.990224 0.884866 0.808318 0.457930 0.408234 0.485407 0.379726 0.535075 0.542046 0.414282 0.521899 0.519416 0.660677 0.846958 0.860171 0.731651 0.739145 0.556784 0.537414 0.543775 0.561964 0.481188 0.510495 0.371239 0.328108 0.643220 0.971516 0.728359 0.584333 0.749004 0.532365 0.749171 0.627924 0.677392 0.742008 0.984534 0.890528 0.601245 0.770787 0.511238 0.492453 0.288259 0.431034 0.885643 0.819177 0.769322 0.747485 0.846985 0.775605 0.869667 0.866813 0.671995 0.894526 0.708586 0.964461 0.710978 0.867352 0.799081 0.938985 0.445554 0.489682 0.694080 0.698212 0.441567 0.600863 0.812894 0.952186 0.960437 0.970540 0.889342 0.728057 0.809824 0.737600 0.661741 0.786279 0.972653 0.904019
0.480614 0.629909 0.922735 0.746022 0.714334 0.546885 0.371185 0.300681 0.619340 0.335983 0.427990 0.355807 0.357358 0.429828 0.431003 0.589111 0.496575 0.467084 0.000000 0.405850 0.828473 0.983143 0.689391 0.964541 0.542039 0.725792 0.629668 0.970732 0.340958 0.370029 0.487942 0.574032 0.470776 0.403795 0.982034 0.903483 0.786272 0.876211 0.962715 0.974244 0.931289 0.960476 0.543334 0.434499 0.474238 0.452123 0.634341 0.569403 0.541357 0.687293 0.573654 0.774784 0.837000 0.943414 0.774768 0.786617 0.687058 0.654516 0.539044 0.606308 0.307016 0.323848 0.313148 0.310813 0.691435 0.819205 0.729678 0.625461 0.798450 0.699432 0.592311 0.632034 0.660197 0.702597 0.974302 0.894009 0.559091 0.772052 0.749717 0.646431 0.418583 0.406932 0.788075 0.910856 0.548356 0.736717 0.782266 0.932010 0.755126 0.869637 0.493443 0.735788 0.638826 0.990355 0.862431 0.903428 0.753709 0.926718 0.382822 0.509994 0.566605 0.604781 0.478505 0.624255 0.766967 0.933166 0.840229 0.998341 0.806461 0.753630 0.760635 0.609983 0.657236 0.793628 0.874293 0.949490
0.469043 0.542687 0.994468 0.812033 0.859552 0.741830 0.618030 0.449431 0.841030 0.522055 0.539486 0.399352 0.469364 0.376223 0.500889 0.614000 0.606038 0.433191 0.405850 0.000000 0.988173 0.885481 0.730162 0.832824 0.659126 0.831089 0.724801 0.965975 0.453930 0.473789 0.554437 0.558148 0.548116 0.571303 0.985391 0.932547 0.863836 0.937704 0.934841 0.849248 0.958240 0.884563 0.720974 0.604448 0.647317 0.555179 0.709448 0.650082 0.583527 0.692378 0.614457 0.751837 0.907624 0.928622 0.885618 0.907669 0.654047 0.512696 0.619756 0.599820 0.501496 0.446298 0.408596 0.357912 0.687633 0.887658 0.797248 0.652468 0.701385 0.631881 0.668165 0.601626 0.636889 0.625683 0.991611 0.870086 0.644592 0.889645 0.616032 0.576589 0.451296 0.401448 0.760104 0.933102 0.607098 0.702304 0.803098 0.940154 0.728094 0.815594 0.602864 0.769354 0.690001 0.926387 0.745871 0.854064 0.807703 0.853300 0.495855 0.600882 0.736238 0.740955 0.581371 0.577552 0.776529 0.906011 0.926656 0.993988 0.833456 0.818160 0.913095 0.739238 0.758188 0.817245 0.975959 0.928108
0.926072 0.966330 0.921197 0.993877 0.890916 0.761630 0.871840 0.946614 0.874122 0.910958 0.982935 0.976120 0.878047 0.960606 0.971839 0.944628 0.905138 0.975581 0.828473 0.988173 0.000000 0.986962 0.909527 0.918908 0.988379 0.846331 0.853264 0.980690 0.956138 0.954066 0.969137 0.909263 0.993263 0.865899 0.889423 0.990331 0.986161 0.828821 0.755847 0.873097 0.966068 0.985377 0.864827 0.803394 0.840860 0.869583 0.973458 0.833017 0.921206 0.928858 0.895013 0.900060 0.842666 0.874628 0.938449 0.780817 0.927941 0.987644 0.919497 0.886014 0.880774 0.947162 0.937533 0.931788 0.966534 0.960914 0.947690 0.863420 0.985648 0.928463 0.813146 0.924473 0.987608 0.921671 0.989115 0.972396 0.994286 0.854037 0.907269 0.980197 0.976397 0.952081 0.888381 0.880755 0.932478 0.962706 0.990004 0.902439 0.962267 0.961273 0.805417 0.888969 0.926805 0.966100 0.909335 0.945517 0.970028 0.986799 0.925135 0.892155 0.954059 0.949118 0.823088 0.911664 0.959756 0.789543 0.894894 0.980681 0.809183 0.937620 0.969322 0.822109 0.959224 0.863068 0.844697 0.950219
0.941893 0.872454 0.866583 0.928894 0.877663 0.992874 0.933130 0.996934 0.836194 0.971320 0.911040 0.994890 0.998547 0.918809 0.982700 0.812703 0.884058 0.998430 0.983143 0.885481 0.986962 0.000000 0.853610 0.793890 0.916409 0.927517 0.903029 0.977944 0.993393 0.976062 0.972440 0.939545 0.980267 0.913616 0.919302 0.889839 0.958227 0.976454 0.969548 0.853455 0.875756 0.781348 0.926966 0.950929 0.991484 0.976987 0.846681 0.956979 0.930176 0.970595 0.954871 0.894441 0.908774 0.906255 0.841262 0.998767 0.798118 0.958310 0.902958 0.913432 0.944515 0.981323 0.975606 0.989449 0.998552 0.929862 0.983211 0.963663 0.911611 0.949215 0.870818 0.891297 0.984136 0.955869 0.903083 0.998068 0.937131 0.934928 0.915990 0.918252 0.948833 0.989829 0.954469 0.973854 0.885118 0.864416 0.902939 0.847195 0.931535 0.898799 0.907301 0.885290 0.908480 0.861868 0.824972 0.817019 0.973609 0.926337 0.975816 0.942574 0.998925 0.887755 0.975259 0.969534 0.921243 0.925066 0.770851 0.954946 0.973672 0.895189 0.835267 0.907662 0.937492 0.893767 0.843229 0.856068
0.686388 0.905102 0.930512 0.703096 0.608772 0.583989 0.848197 0.686121 0.692262 0.717825 0.947237 0.637112 0.683133 0.583194 0.475542 0.274329 0.887033 0.844832 0.689391 0.730162 0.909527 0.853610 0.000000 0.430106 0.815116 0.753498 0.862103 0.816488 0.749620 0.652663 0.756692 0.661715 0.676295 0.920478 0.828387 0.936525 0.834676 0.984526 0.823254 0.988976 0.969503 0.903113 0.951419 0.923560 0.695530 0.767317 0.994129 0.898239 0.703583 0.685713 0.723633 0.683718 0.621608 0.756403 0.901990 0.924517 0.959041 0.721613 0.915794 0.809885 0.734759 0.677172 0.780710 0.667900 0.918898 0.922811 0.701517 0.864067 0.980900 0.690465 0.513619 0.702473 0.807686 0.882650 0.956756 0.941870 0.770845 0.968902 0.933282 0.817484 0.795520 0.731652 0.575303 0.945905 0.337675 0.428185 0.974906 0.664758 0.532143 0.469206 0.657923 0.612082 0.630612 0.702090 0.862164 0.996755 0.995206 0.976429 0.659549 0.662913 0.842370 0.688456 0.729928 0.860635 0.802969 0.861894 0.890381 0.996486 0.973084 0.834298 0.779330 0.686191 0.980832 0.935441 0.847897 0.990511
0.782499 0.892472 0.906012 0.758979 0.825691 0.703968 0.848578 0.983807 0.953353 0.898270 0.862533 0.807639 0.969700 0.781974 0.765806 0.439691 0.960917 0.959979 0.964541 0.832824 0.918908 0.793890 0.430106 0.000000 0.960310 0.923438 0.742594 0.881994 0.977504 0.917411 0.971479 0.919192 0.915204 0.873689 0.828540 0.868758 0.988052 0.893597 0.950793 0.922781 0.881344 0.910911 0.772010 0.896329 0.913923 0.974686 0.906106 0.985386 0.891898 0.731664 0.799757 0.681298 0.680731 0.659455 0.929224 0.950249 0.984198 0.760899 0.998670 0.871332 0.946240 0.995246 0.979409 0.885445 0.825818 0.935077 0.704872 0.917133 0.939106 0.730171 0.822341 0.777291 0.957944 0.829498 0.815743 0.986825 0.932425 0.942451 0.996583 0.877963 0.912051 0.809131 0.695097 0.933538 0.540893 0.414389 0.861058 0.613139 0.590948 0.576928 0.805071 0.816772 0.740545 0.766825 0.889986 0.995221 0.959024 0.982029 0.806008 0.848914 0.905487 0.799827 0.857855 0.871354 0.820585 0.831452 0.839709 0.833138 0.975623 0.771768 0.925102 0.736201 0.995531 0.829827 0.877067 0.927366
0.635134 0.811852 0.613146 0.821460 0.758533 0.779241 0.666118 0.579003 0.875694 0.533729 0.483882 0.471546 0.400733 0.454435 0.441444 0.693549 0.694475 0.601590 0.542039 0.659126 0.988379 0.916409 0.815116 0.960310 0.000000 0.540915 0.685877 0.996073 0.518870 0.538680 0.707226 0.693355 0.518067 0.652419 0.865691 0.928110 0.806736 0.881174 0.781482 0.910995 0.984704 0.976439 0.658191 0.616960 0.474435 0.458030 0.788630 0.760447 0.537803 0.739485 0.662715 0.799181 0.902135 0.984053 0.840469 0.980642 0.909490 0.915269 0.832345 0.834040 0.493827 0.447672 0.529098 0.472790 0.446140 0.817231 0.931341 0.870438 0.919446 0.748340 0.697431 0.775126 0.849169 0.899473 0.982494 0.877443 0.658425 0.814734 0.769383 0.607769 0.480112 0.675576 0.785183 0.903605 0.801144 0.953218 0.930587 0.868592 0.723338 0.902080 0.719142 0.853707 0.806894 0.901869 0.756521 0.998375 0.917306 0.992324 0.519409 0.670197 0.673471 0.737155 0.617786 0.598077 0.921474 0.939363 0.894780 0.982940 0.850747 0.915281 0.824035 0.766788 0.673264 0.830042 0.851995 0.856373
0.678443 0.690255 0.645508 0.976779 0.856688 0.850698 0.888574 0.740337 0.842205 0.751563 0.687602 0.637315 0.552963 0.635703 0.638064 0.699902 0.759526 0.765790 0.725792 0.831089 0.846331 0.927517 0.753498 0.923438 0.540915 0.000000 0.981074 0.951251 0.790108 0.734043 0.805669 0.798811 0.819744 0.882376 0.811794 0.920266 0.925635 0.978163 0.785942 0.959004 0.891420 0.918524 0.816210 0.782737 0.689335 0.691561 0.997290 0.878673 0.668086 0.745831 0.766644 0.756867 0.793450 0.915990 0.991279 0.986123 0.864971 0.796020 0.957867 0.833461 0.737059 0.613653 0.807758 0.676172 0.703891 0.728124 0.842230 0.968707 0.955524 0.738290 0.692205 0.720767 0.897439 0.988678 0.956623 0.916501 0.841307 0.741910 0.909474 0.734501 0.757717 0.849712 0.700085 0.941737 0.837403 0.933427 0.911706 0.970986 0.722756 0.694374 0.744790 0.719591 0.855491 0.844115 0.939268 0.950554 0.981507 0.916044 0.708102 0.618979 0.903955 0.889609 0.684704 0.730608 0.843013 0.945884 0.901009 0.925916 0.989715 0.972293 0.980121 0.749178 0.883217 0.951132 0.927543 0.834210
0.767390 0.795903 0.904633 0.966887 0.882482 0.868234 0.631320 0.610108 0.999964 0.612129 0.516156 0.668787 0.678826 0.687795 0.715155 0.995846 0.679038 0.583594 0.629668 0.724801 0.853264 0.903029 0.862103 0.742594 0.685877 0.981074 0.000000 0.983350 0.623314 0.640428 0.713368 0.831100 0.696180 0.567202 0.994005 0.841233 0.744465 0.770438 0.961699 0.903432 0.956191 0.958802 0.699426 0.630203 0.699097 0.671551 0.584536 0.699445 0.733164 0.919181 0.898632 0.938224 0.769494 0.864079 0.854792 0.919527 0.916023 0.956233 0.822960 0.875489 0.592938 0.663210 0.619369 0.655509 0.762594 0.961742 0.913485 0.739792 0.933020 0.960212 0.987325 0.796790 0.828823 0.799476 0.940932 0.969719 0.824863 0.917591 0.804756 0.808832 0.595236 0.688190 0.956400 0.959215 0.982738 0.953882 0.769563 0.684722 0.960745 0.855563 0.867601 0.946827 0.866910 0.789750 0.860631 0.970212 0.918587 0.994466 0.647198 0.808649 0.652689 0.913327 0.772969 0.823999 0.882126 0.900842 0.873154 0.927271 0.997459 0.697229 0.924971 0.975212 0.703790 0.811474 0.927722 0.949814
0.913111 0.956361 0.893704 0.916854 0.802674 0.886447 0.938133 0.922787 0.945410 0.967941 0.876940 0.881637 0.928214 0.908651 0.921521 0.863680 0.926605 0.958304 0.970732 0.965975 0.980690 0.977944 0.816488 0.881994 0.996073 0.951251 0.983350 0.000000 0.945568 0.925911 0.987154 0.923120 0.969854 0.994220 0.811957 0.867512 0.876994 0.895686 0.956511 0.967094 0.923060 0.936031 0.934798 0.984776 0.981871 0.939231 0.994586 0.994393 0.972665 0.989829 0.968176 0.966061 0.981142 0.987419 0.857235 0.939312 0.972587 0.954837 0.887571 0.931420 0.895512 0.983771 0.961197 0.951266 0.772250 0.979221 0.989406 0.973861 0.953635 0.890368 0.879708 0.963795 0.961798 0.986719 0.982140 0.832138 0.997712 0.975047 0.973308 0.817378 0.966992 0.853233 0.910612 0.878343 0.750347 0.758572 0.919146 0.970296 0.924820 0.896846 0.970128 0.961687 0.948771 0.928206 0.989438 0.994607 0.901761 0.988852 0.995008 0.948554 0.984217 0.909899 0.894174 0.966728 0.870125 0.764865 0.783312 0.935404 0.979667 0.887495 0.919173 0.965357 0.960315 0.793009 0.903524 0.971898
0.524146 0.592353 0.874556 0.850989 0.850413 0.650013 0.388436 0.340906 0.756832 0.374006 0.434087 0.415996 0.368389 0.451336 0.419467 0.706193 0.390588 0.371314 0.340958 0.453930 0.956138 0.993393 0.749620 0.977504 0.518870 0.790108 0.623314 0.945568 0.000000 0.280000 0.392882 0.513815 0.442786 0.355756 0.965269 0.911083 0.877920 0.920274 0.962822 0.831838 0.985763 0.918016 0.489943 0.414787 0.454661 0.368319 0.483402 0.564338 0.485619 0.630912 0.586510 0.793744 0.879587 0.999334 0.748748 0.710420 0.622189 0.644177 0.543426 0.639769 0.324881 0.429326 0.277187 0.313871 0.634543 0.934909 0.727396 0.579594 0.842100 0.602076 0.613309 0.681909 0.681384 0.770798 0.977781 0.853003 0.504325 0.856178 0.587429 0.560877 0.316946 0.391045 0.827342 0.919028 0.657064 0.822433 0.913497 0.881488 0.883263 0.925117 0.648912 0.889329 0.746567 0.896152 0.862004 0.911518 0.707314 0.891552 0.468753 0.535737 0.533327 0.615978 0.500151 0.549872 0.806016 0.965186 0.909687 0.948993 0.805024 0.743649 0.763203 0.676417 0.624648 0.729155 0.963291 0.934193
0.482765 0.590041 0.942728 0.892407 0.862687 0.683574 0.510043 0.415837 0.790644 0.450707 0.421090 0.343190 0.309313 0.386097 0.376208 0.556320 0.459674 0.348615 0.370029 0.473789 0.954066 0.976062 0.652663 0.917411 0.538680 0.734043 0.640428 0.925911 0.280000 0.000000 0.476128 0.494119 0.414775 0.405810 0.969402 0.873464 0.906582 0.939987 0.981534 0.832458 0.910205 0.995791 0.564553 0.469144 0.459264 0.403975 0.545446 0.611744 0.483162 0.633468 0.626707 0.779103 0.918610 0.959425 0.722034 0.760542 0.624253 0.624872 0.560950 0.658131 0.346570 0.423340 0.338630 0.299228 0.687446 0.935923 0.752124 0.575732 0.776309 0.543546 0.564805 0.719071 0.729192 0.704536 0.983110 0.863474 0.592631 0.754062 0.670097 0.567252 0.344373 0.445630 0.708044 0.845612 0.608266 0.765200 0.883326 0.990671 0.731602 0.842114 0.748381 0.958667 0.825626 0.869258 0.822395 0.897893 0.687755 0.977862 0.467546 0.550677 0.618357 0.685505 0.436139 0.588697 0.876776 0.931995 0.941143 0.998185 0.831197 0.813613 0.749977 0.688894 0.704714 0.736551 0.993904 0.990382
0.558567 0.612251 0.876041 0.781581 0.942004 0.645207 0.505781 0.419298 0.747377 0.420019 0.636145 0.514622 0.524606 0.571880 0.598357 0.762731 0.530315 0.474686 0.487942 0.554437 0.969137 0.972440 0.756692 0.971479 0.707226 0.805669 0.713368 0.987154 0.392882 0.476128 0.000000 0.492293 0.509877 0.450842 0.965880 0.912501 0.828084 0.893161 0.897246 0.954759 0.966527 0.915884 0.585206 0.538196 0.567106 0.509602 0.650432 0.658035 0.532781 0.652275 0.680083 0.815689 0.887668 0.949293 0.790161 0.722476 0.595203 0.646563 0.634450 0.711419 0.483215 0.514974 0.456979 0.414747 0.714740 0.973977 0.781248 0.656373 0.855673 0.683767 0.719166 0.612096 0.756987 0.881529 0.872165 0.909922 0.588547 0.876114 0.703279 0.601313 0.421174 0.516867 0.982672 0.982770 0.672611 0.823321 0.760212 0.740302 0.922265 0.827735 0.697888 0.838574 0.746958 0.980575 0.954632 0.898955 0.882296 0.864236 0.542120 0.467917 0.663289 0.610058 0.518764 0.754408 0.906768 0.917623 0.796119 0.925715 0.886567 0.765271 0.789057 0.781526 0.716630 0.915801 0.926959 0.917453
0.630673 0.743596 0.956843 0.800425 0.894275 0.811195 0.640954 0.577907 0.904986 0.620579 0.651303 0.557995 0.542700 0.542420 0.555307 0.643425 0.705832 0.578868 0.574032 0.558148 0.909263 0.939545 0.661715 0.919192 0.693355 0.798811 0.831100 0.923120 0.513815 0.494119 0.492293 0.000000 0.550980 0.578430 0.927344 0.736380 0.899324 0.919886 0.958851 0.886418 0.967971 0.982980 0.672885 0.609401 0.710534 0.593013 0.680961 0.748756 0.658722 0.733246 0.759804 0.837097 0.976583 0.925313 0.999537 0.813758 0.803014 0.798387 0.778351 0.771275 0.561053 0.619942 0.519987 0.525764 0.883369 0.943072 0.850600 0.725242 0.908660 0.772861 0.701290 0.726999 0.666923 0.850291 0.978877 0.882522 0.754111 0.952353 0.762503 0.631483 0.562401 0.510294 0.744372 0.897091 0.649204 0.711997 0.975279 0.999378 0.814623 0.651784 0.801099 0.910370 0.834586 0.929816 0.937947 0.985010 0.865690 0.822096 0.689281 0.675271 0.845215 0.763245 0.570465 0.780553 0.814107 0.894377 0.930063 0.956061 0.938686 0.959804 0.807148 0.966557 0.824135 0.953238 0.935516 0.902314
0.546095 0.750985 0.994992 0.854631 0.835284 0.587192 0.484311 0.423778 0.802074 0.450160 0.501565 0.423561 0.408717 0.482827 0.427043 0.640249 0.540043 0.484942 0.470776 0.548116 0.993263 0.980267 0.676295 0.915204 0.518067 0.819744 0.696180 0.969854 0.442786 0.414775 0.509877 0.550980 0.000000 0.475767 0.947018 0.958544 0.748910 0.928077 0.880648 0.923142 0.871446 0.945560 0.615871 0.520601 0.434324 0.441482 0.615429 0.583899 0.508322 0.717152 0.668031 0.860832 0.926620 0.916094 0.827380 0.764547 0.721402 0.746368 0.594994 0.737121 0.368127 0.427801 0.384952 0.351154 0.654817 0.902391 0.724651 0.551403 0.864430 0.660573 0.713395 0.764162 0.713293 0.748407 0.962832 0.761673 0.546940 0.777164 0.789009 0.522309 0.388044 0.462259 0.774196 0.783856 0.603377 0.663351 0.908705 0.919022 0.818628 0.911402 0.719735 0.979018 0.795798 0.850594 0.815708 0.942524 0.780326 0.950155 0.433314 0.604371 0.628150 0.755540 0.538576 0.619562 0.818182 0.909043 0.921199 0.987601 0.874256 0.872915 0.768420 0.682093 0.759252 0.824404 0.943967 0.970765
0.565831 0.605926 0.857798 0.823465 0.987241 0.638494 0.447113 0.447594 0.865621 0.462188 0.453144 0.484946 0.508695 0.604278 0.611503 0.825782 0.399329 0.438427 0.403795 0.571303 0.865899 0.913616 0.920478 0.873689 0.652419 0.882376 0.567202 0.994220 0.355756 0.405810 0.450842 0.578430 0.475767 0.000000 0.994762 0.835685 0.724248 0.885412 0.937182 0.863020 0.970755 0.914260 0.482753 0.343305 0.421537 0.378321 0.442608 0.606844 0.499049 0.647063 0.645229 0.848846 0.940513 0.942387 0.663917 0.661726 0.667830 0.782721 0.512601 0.661747 0.387201 0.514820 0.352008 0.389294 0.662595 0.911981 0.674870 0.446212 0.825829 0.731640 0.772324 0.717087 0.774602 0.864603 0.961181 0.866796 0.582639 0.782663 0.672951 0.642479 0.364714 0.413425 0.814579 0.761063 0.749237 0.826599 0.842182 0.861251 0.983016 0.996225 0.686873 0.987698 0.817066 0.794169 0.949100 0.903594 0.864608 0.941697 0.513015 0.586462 0.678847 0.668134 0.467056 0.766896 0.872340 0.958196 0.773778 0.944250 0.720882 0.711885 0.839379 0.753650 0.615706 0.817934 0.948078 0.950504
0.928597 0.923009 0.793651 0.859020 0.884200 0.808863 0.888871 0.970725 0.950124 0.964219 0.876078 0.962033 0.889023 0.920446 0.935516 0.867427 0.923240 0.943674 0.982034 0.985391 0.889423 0.919302 0.828387 0.828540 0.865691 0.811794 0.994005 0.811957 0.965269 0.969402 0.965880 0.927344 0.947018 0.994762 0.000000 0.912862 0.903963 0.944437 0.805274 0.944592 0.911805 0.982458 0.874154 0.881482 0.983267 0.960652 0.915958 0.917053 0.952966 0.949423 0.957936 0.919360 0.968033 0.922203 0.788308 0.925107 0.932657 0.957968 0.962731 0.999369 0.966505 0.925519 0.980948 0.965765 0.736748 0.818261 0.704372 0.889573 0.935980 0.987418 0.835657 0.969775 0.994224 0.982299 0.775897 0.940225 0.852228 0.855781 0.913037 0.895421 0.996077 0.918155 0.872250 0.962505 0.839283 0.728391 0.934595 0.915317 0.965148 0.976963 0.907361 0.961652 0.839736 0.900842 0.956725 0.885678 0.978466 0.911677 0.964627 0.956582 0.950677 0.831176 0.971130 0.997516 0.927028 0.928768 0.875521 0.826438 0.993848 0.896409 0.976590 0.865578 0.922097 0.991194 0.957133 0.947166
0.966919 0.959562 0.987062 0.892212 0.976773 0.959629 0.930602 0.975265 0.982945 0.967911 0.799993 0.872112 0.841011 0.852155 0.937675 0.984493 0.980700 0.965938 0.903483 0.932547 0.990331 0.889839 0.936525 0.868758 0.928110 0.920266 0.841233 0.867512 0.911083 0.873464 0.912501 0.736380 0.958544 0.835685 0.912862 0.000000 0.916436 0.853240 0.900686 0.982565 0.858754 0.992018 0.975121 0.931668 0.955238 0.949456 0.961433 0.984601 0.907605 0.868125 0.836688 0.794728 0.754279 0.778741 0.784217 0.824834 0.835846 0.819107 0.874535 0.775537 0.869526 0.935032 0.947370 0.973294 0.989715 0.973191 0.811551 0.948565 0.932754 0.813868 0.868625 0.989308 0.885270 0.858199 0.872926 0.913056 0.968812 0.995453 0.951687 0.918494 0.945133 0.842053 0.915721 0.880221 0.959297 0.976987 0.846889 0.919911 0.847488 0.943023 0.852803 0.863718 0.837616 0.735977 0.802621 0.920248 0.930783 0.980989 0.881849 0.868528 0.963515 0.983242 0.983811 0.988751 0.894294 0.842144 0.901236 0.863967 0.938523 0.886012 0.927740 0.955325 0.981542 0.820712 0.899447 0.802502
0.723661 0.914590 0.944376 0.962185 0.920955 0.799562 0.827687 0.751993 0.840836 0.736638 0.867886 0.750441 0.862303 0.768577 0.849954 0.834662 0.817153 0.804890 0.786272 0.863836 0.986161 0.958227 0.834676 0.988052 0.806736 0.925635 0.744465 0.876994 0.877920 0.906582 0.828084 0.899324 0.748910 0.724248 0.903963 0.916436 0.000000 0.829994 0.948937 0.962972 0.895998 0.981537 0.915804 0.836138 0.734014 0.760518 0.904344 0.850402 0.711209 0.833257 0.792656 0.917626 0.909157 0.892766 0.845435 0.974314 0.988061 0.995329 0.919425 0.873399 0.806396 0.686500 0.789779 0.763536 0.823393 0.897440 0.824060 0.826100 0.984198 0.917401 0.885753 0.807236 0.815451 0.866425 0.959958 0.919116 0.836879 0.977910 0.954085 0.881390 0.791297 0.751591 0.964000 0.976413 0.802110 0.813337 0.763637 0.930013 0.916696 0.910733 0.684578 0.826157 0.710274 0.919024 0.994081 0.844166 0.930050 0.947410 0.665800 0.841915 0.924568 0.761506 0.788388 0.931648 0.916423 0.968298 0.992766 0.957199 0.854055 0.973552 0.873759 0.858212 0.737847 0.912658 0.998442 0.913813
0.979731 0.905905 0.931739 0.866715 0.932712 0.975590 0.803924 0.886854 0.901378 0.891468 0.798815 0.926366 0.834511 0.869471 0.891977 0.940502 0.930135 0.994854 0.876211 0.937704 0.828821 0.976454 0.984526 0.893597 0.881174 0.978163 0.770438 0.895686 0.920274 0.939987 0.893161 0.919886 0.928077 0.885412 0.944437 0.853240 0.829994 0.000000 0.972198 0.994036 0.887648 0.960191 0.905848 0.987739 0.953346 0.995653 0.868168 0.988064 0.927983 0.879055 0.803346 0.728559 0.758662 0.762302 0.981004 0.876735 0.879189 0.881372 0.969294 0.885995 0.778750 0.857442 0.852565 0.877576 0.966405 0.834488 0.933534 0.889647 0.829145 0.862174 0.868101 0.948315 0.946535 0.986281 0.888906 0.938412 0.817451 0.827570 0.944383 0.920567 0.896655 0.840132 0.910452 0.955410 0.861157 0.962212 0.866331 0.947110 0.872290 0.992656 0.959200 0.942672 0.965791 0.862178 0.954404 0.928518 0.824069 0.970312 0.942083 0.919283 0.812015 0.831954 0.929629 0.990668 0.977778 0.861797 0.870151 0.978903 0.693133 0.885355 0.914359 0.963632 0.816778 0.981172 0.867756 0.957801
