0.000000 0.529840 0.766429 0.766996 0.929581 0.976028 0.765819 0.852288 0.787551 0.985586 0.741919 0.729335 0.922174 0.985632 0.907040 0.972447 0.551259 0.550411 0.462719 0.569089 0.844844 0.836278 0.864334 0.962006 0.708605 0.795473 0.937278 0.967917 0.713432 0.777349 0.826190 0.944752 0.695712 0.538128 0.833172 0.962600 0.883168 0.992025 0.801945 0.844073 0.933582 0.865413 0.662179 0.581653 0.972872 0.889600 0.658424 0.734793 0.982764 0.932477 0.921083 0.877720 0.847861 0.750333 0.777332 0.981916 0.433153 0.522372 0.558427 0.718821 0.753753 0.843768 0.726998 0.784304 0.797181 0.817694 0.701074 0.708912 0.685525 0.621224 0.753586 0.810921 0.666385 0.699682 0.993093 0.909732 0.677161 0.760643 0.886167 0.717793 0.608835 0.582564 0.919333 0.720617 0.829711 0.849111 0.725630 0.931485 0.889484 0.791462 0.829113 0.889100 0.860677 0.977978 0.938224 0.812449 0.785892 0.868800 0.945414 0.861319 0.829367 0.961171 0.749687 0.679749 0.911638 0.932632 0.936323 0.997719 0.869211 0.690603 0.767976 0.995337 0.898355 0.981502 0.843285 0.737120
0.529840 0.000000 0.933980 0.784863 0.948596 0.990124 0.932586 0.735511 0.737670 0.838716 0.879394 0.526921 0.855721 0.782255 0.917432 0.741942 0.566833 0.524329 0.592221 0.588667 0.944936 0.899470 0.994920 0.927876 0.850530 0.964599 0.923710 0.975693 0.643200 0.706703 0.765053 0.877437 0.590935 0.509151 0.880267 0.994502 0.824125 0.832721 0.947249 0.841176 0.944128 0.915105 0.606453 0.522213 0.774040 0.692067 0.579538 0.555206 0.858101 0.826361 0.805706 0.898079 0.994620 0.870170 0.748630 0.989416 0.415727 0.381858 0.624089 0.769698 0.667427 0.627331 0.613158 0.544235 0.853952 0.847707 0.723140 0.670983 0.856368 0.553413 0.589819 0.669934 0.800657 0.782373 0.932917 0.969580 0.621657 0.819872 0.653134 0.710874 0.493415 0.547939 0.793476 0.685543 0.872708 0.861760 0.902932 0.963998 0.820512 0.836951 0.816556 0.782718 0.884070 0.861271 0.821227 0.759712 0.726485 0.786846 0.753144 0.824826 0.802534 0.933881 0.700322 0.763030 0.850729 0.860275 0.889542 0.973655 0.919966 0.734961 0.743580 0.877269 0.877701 0.812310 0.752963 0.944638
0.766429 0.933980 0.000000 0.443350 0.972912 0.966611 0.358929 0.657825 0.671220 0.972794 0.882118 0.790419 0.742260 0.828578 0.917545 0.814489 0.913290 0.854441 0.731362 0.889701 0.719513 0.845108 0.767451 0.805015 0.511002 0.595573 0.986071 0.986834 0.802440 0.704557 0.897545 0.976468 0.761255 0.768392 0.698938 0.937224 0.830972 0.998180 0.851029 0.834372 0.983653 0.830081 0.687144 0.840353 0.797154 0.849282 0.697454 0.860157 0.782791 0.973480 0.920471 0.867338 0.908702 0.776715 0.900543 0.838958 0.983155 0.971082 0.550446 0.680275 0.696544 0.964779 0.872022 0.762354 0.402946 0.530612 0.505799 0.558060 0.938422 0.847286 0.981259 0.980153 0.934979 0.952757 0.952916 0.954361 0.811989 0.896573 0.901648 0.956887 0.971645 0.943218 0.844325 0.988671 0.580984 0.745913 0.660635 0.855030 0.710631 0.654843 0.731380 0.704237 0.642304 0.582676 0.950382 0.758044 0.882781 0.946988 0.822093 0.736870 0.706269 0.896888 0.967982 0.921936 0.637921 0.709558 0.947002 0.861950 0.789384 0.982487 0.927767 0.986024 0.964918 0.799457 0.776657 0.724552
0.766996 0.784863 0.443350 0.000000 0.929368 0.979493 0.464028 0.510230 0.830020 0.980301 0.967657 0.999205 0.836425 0.928179 0.912784 0.977721 0.911861 0.929429 0.789474 0.838222 0.763174 0.896549 0.668913 0.638840 0.664443 0.639339 0.944912 0.934123 0.798556 0.717197 0.918351 0.989871 0.718683 0.674267 0.696224 0.914070 0.785825 0.909856 0.754867 0.883105 0.955668 0.813218 0.712230 0.780524 0.855769 0.921748 0.712972 0.798347 0.802352 0.971976 0.852919 0.752776 0.898275 0.729069 0.874116 0.810880 0.873777 0.871376 0.590184 0.649945 0.697406 0.761104 0.980533 0.985985 0.401599 0.378399 0.448491 0.406642 0.950276 0.908189 0.878821 0.795651 0.805610 0.849385 0.937141 0.922259 0.674761 0.791885 0.999787 0.981989 0.845838 0.849756 0.961467 0.906496 0.547488 0.660360 0.805549 0.880477 0.870630 0.580049 0.743558 0.725702 0.635793 0.669091 0.977016 0.707982 0.757483 0.992769 0.673099 0.680314 0.620824 0.822465 0.944333 0.935678 0.535670 0.644191 0.870254 0.748178 0.783136 0.861762 0.825133 0.972154 0.939616 0.873811 0.720333 0.768658
0.929581 0.948596 0.972912 0.929368 0.000000 0.826142 0.905767 0.997116 0.841366 0.997159 0.799675 0.973138 0.750482 0.910190 0.813579 0.929005 0.876936 0.900920 0.977027 0.975526 0.805850 0.762004 0.847391 0.917071 0.996434 0.908327 0.842560 0.889160 0.995032 0.842667 0.920453 0.985634 0.976625 0.978375 0.945917 0.850288 0.909965 0.902080 0.995802 0.919366 0.890332 0.915104 0.837115 0.882600 0.840256 0.976480 0.998312 0.968815 0.885510 0.958166 0.853889 0.960141 0.835022 0.756123 0.981344 0.969402 0.984714 0.939080 0.824511 0.773446 0.812005 0.997549 0.794106 0.959120 0.983428 0.985858 0.976752 0.969169 0.775223 0.948855 0.930978 0.949329 0.914477 0.984897 0.972496 0.979035 0.838613 0.960304 0.924230 0.828892 0.889225 0.888273 0.845411 0.809980 0.766934 0.692107 0.989438 0.746757 0.956302 0.984086 0.929433 0.989597 0.989362 0.982872 0.911373 0.877109 0.850204 0.970822 0.975310 0.967861 0.948002 0.940849 0.929437 0.857025 0.951952 0.858614 0.969263 0.908967 0.941510 0.871822 0.942794 0.949082 0.898677 0.993222 0.979689 0.962816
0.976028 0.990124 0.966611 0.979493 0.826142 0.000000 0.983933 0.953553 0.931732 0.969509 0.956298 0.962631 0.982572 0.938969 0.948998 0.739181 0.931128 0.933308 0.992431 0.939243 0.904635 0.968052 0.807940 0.847870 0.950056 0.876014 0.897753 0.878498 0.959719 0.982757 0.834108 0.994146 0.948528 0.914331 0.839945 0.910320 0.729145 0.967712 0.936018 0.977399 0.858601 0.975440 0.900951 0.845071 0.901400 0.975455 0.923533 0.926233 0.846624 0.890697 0.855214 0.919563 0.830148 0.827244 0.862368 0.823296 0.966458 0.977286 0.779249 0.788229 0.995157 0.993820 0.998503 0.977706 0.954816 0.980052 0.990549 0.981047 0.877429 0.898222 0.822793 0.881080 0.877505 0.803568 0.968817 0.932745 0.999676 0.860471 0.954857 0.987581 0.992419 0.998335 0.919096 0.922299 0.848408 0.822873 0.907946 0.754983 0.877698 0.975879 0.796981 0.831415 0.776974 0.904534 0.850870 0.975585 0.914989 0.959319 0.913551 0.952710 0.905997 0.989584 0.973546 0.943594 0.934106 0.998991 0.944409 0.993480 0.892146 0.899771 0.939471 0.948680 0.918063 0.937096 0.889587 0.903270
0.765819 0.932586 0.358929 0.464028 0.905767 0.983933 0.000000 0.573044 0.676201 0.978691 0.878854 0.867329 0.628916 0.990753 0.977872 0.929580 0.953187 0.896756 0.755550 0.891201 0.774646 0.922593 0.752586 0.851359 0.630175 0.643016 0.976737 0.996088 0.850974 0.802103 0.953250 0.889047 0.741104 0.755245 0.712300 0.969818 0.861769 0.880436 0.888258 0.876504 0.962050 0.903332 0.787053 0.856840 0.819759 0.884177 0.776613 0.873343 0.781951 0.966866 0.826725 0.784600 0.977564 0.895380 0.956506 0.916920 0.985477 0.966323 0.562055 0.689938 0.543173 0.849514 0.987229 0.868659 0.426286 0.516865 0.553689 0.583349 0.882801 0.811848 0.945462 0.979839 0.890258 0.900292 0.952879 0.998228 0.801831 0.874194 0.897477 0.975337 0.882218 0.913400 0.898621 0.950172 0.511165 0.714614 0.691843 0.928176 0.698736 0.649093 0.670349 0.667852 0.694232 0.619570 0.991605 0.857846 0.993966 0.872907 0.751164 0.666962 0.783063 0.817691 0.945923 0.967734 0.641811 0.750029 0.913254 0.922514 0.713382 0.990272 0.884422 0.957781 0.999611 0.803391 0.794197 0.692379
0.852288 0.735511 0.657825 0.510230 0.997116 0.953553 0.573044 0.000000 0.918875 0.715525 0.954651 0.737348 0.697242 0.801841 0.987456 0.878452 0.998306 0.929134 0.907522 0.773910 0.936648 0.988503 0.715929 0.839807 0.994156 0.970836 0.858682 0.994048 0.956783 0.968193 0.994784 0.956590 0.733103 0.611699 0.806997 0.979593 0.929556 0.975853 0.932847 0.900592 0.872463 0.854020 0.863502 0.850314 0.934653 0.998461 0.805912 0.831081 0.831604 0.951162 0.692343 0.560616 0.917152 0.910580 0.894332 0.967887 0.923366 0.806819 0.572047 0.566140 0.468613 0.411957 0.739603 0.660344 0.623593 0.505546 0.623193 0.511792 0.745901 0.993773 0.914847 0.806023 0.770174 0.783021 0.918980 0.913849 0.630504 0.777015 0.900752 0.993286 0.707697 0.926759 0.978221 0.935085 0.689958 0.850136 0.825396 0.877528 0.898414 0.624516 0.690843 0.823277 0.725638 0.831207 0.813245 0.790279 0.689841 0.956389 0.511688 0.552851 0.632665 0.863939 0.711070 0.950155 0.530810 0.652331 0.935479 0.736928 0.788659 0.758053 0.712564 0.841248 0.915170 0.979117 0.687781 0.882199
0.787551 0.737670 0.671220 0.830020 0.841366 0.931732 0.676201 0.918875 0.000000 0.878899 0.982202 0.632339 0.890189 0.785181 0.930980 0.790592 0.690492 0.580185 0.848690 0.736750 0.880996 0.944254 0.775830 0.991734 0.860672 0.801746 0.916772 0.963456 0.701023 0.647162 0.958658 0.752262 0.951848 0.833433 0.821773 0.922748 0.849216 0.925647 0.938989 0.959581 0.983615 0.932547 0.884091 0.778934 0.986158 0.894047 0.915304 0.877027 0.993392 0.903902 0.896491 0.776238 0.798298 0.835200 0.964413 0.831495 0.670618 0.681493 0.995693 0.984998 0.945802 0.874347 0.730488 0.641612 0.749619 0.923106 0.933998 0.947787 0.832912 0.619572 0.815551 0.677958 0.723459 0.793697 0.996459 0.940895 0.873431 0.922737 0.677857 0.789462 0.702491 0.720808 0.784495 0.832888 0.820682 0.998692 0.910540 0.990663 0.729838 0.930855 0.624001 0.639878 0.564717 0.646006 0.930429 0.945165 0.943901 0.872190 0.890970 0.934594 0.956188 0.928508 0.824980 0.831192 0.893334 0.920937 0.903644 0.875327 0.922339 0.815543 0.736640 0.911441 0.928176 0.860333 0.976449 0.911328
0.985586 0.838716 0.972794 0.980301 0.997159 0.969509 0.978691 0.715525 0.878899 0.000000 0.839896 0.856243 0.980976 0.989109 0.919358 0.960658 0.842001 0.877968 0.919313 0.830905 0.819952 0.950660 0.909359 0.894793 0.904598 0.811135 0.793423 0.947136 0.687428 0.789466 0.770461 0.964515 0.753339 0.789648 0.837670 0.968507 0.856084 0.897411 0.710486 0.954322 0.799777 0.944647 0.882027 0.804316 0.705080 0.709697 0.887067 0.835781 0.676425 0.666693 0.642402 0.669085 0.695547 0.768117 0.825360 0.970964 0.878501 0.835103 0.858775 0.860837 0.858107 0.710616 0.824062 0.732174 0.886072 0.872843 0.970153 0.944891 0.955437 0.890124 0.944719 0.931498 0.966558 0.974361 0.823767 0.975647 0.954885 0.864550 0.991663 0.975415 0.819674 0.957915 0.895879 0.969549 0.861444 0.787676 0.872621 0.967459 0.976242 0.739690 0.971094 0.955357 0.890804 0.914321 0.903497 0.808714 0.776851 0.913887 0.734914 0.850224 0.748240 0.957186 0.616177 0.864335 0.876999 0.960968 0.744077 0.973634 0.984509 0.822855 0.817097 0.868865 0.978718 0.777339 0.939682 0.948292
0.741919 0.879394 0.882118 0.967657 0.799675 0.956298 0.878854 0.954651 0.982202 0.839896 0.000000 0.825701 0.825012 0.973651 0.904570 0.883281 0.603959 0.635201 0.650557 0.650957 0.762166 0.962398 0.923395 0.861291 0.985051 0.911646 0.936211 0.882953 0.683598 0.716931 0.828351 0.991232 0.764140 0.684695 0.991743 0.931812 0.997354 0.864896 0.959545 0.957828 0.980780 0.965653 0.922360 0.899200 0.981035 0.986229 0.982754 0.966703 0.988123 0.897575 0.975503 0.826154 0.903428 0.955400 0.981908 0.857988 0.755623 0.845542 0.844660 0.931105 0.797432 0.998247 0.696823 0.853010 0.923209 0.944576 0.969477 0.908602 0.893571 0.812707 0.970077 0.878170 0.607023 0.760108 0.929233 0.808110 0.949798 0.879757 0.851896 0.761579 0.735172 0.742536 0.992890 0.870403 0.987353 0.989187 0.710874 0.969530 0.897187 0.946368 0.650806 0.656830 0.788032 0.727455 0.960146 0.832165 0.973251 0.928215 0.893796 0.929451 0.974768 0.944948 0.877695 0.925077 0.980569 0.783237 0.927672 0.777816 0.979968 0.836388 0.917919 0.941252 0.798805 0.979975 0.970043 0.990518
0.729335 0.526921 0.790419 0.999205 0.973138 0.962631 0.867329 0.737348 0.632339 0.856243 0.825701 0.000000 0.761644 0.571299 0.783732 0.665185 0.550048 0.472053 0.783864 0.545159 0.873435 0.977102 0.990038 0.983310 0.766899 0.720663 0.902496 0.899872 0.509583 0.514223 0.934917 0.824674 0.711082 0.593519 0.982750 0.942417 0.953299 0.943687 0.875920 0.971215 0.942076 0.892659 0.918769 0.745322 0.869020 0.765107 0.867094 0.759277 0.973266 0.973047 0.830972 0.909446 0.974115 0.958247 0.888485 0.887470 0.572281 0.477560 0.814733 0.829999 0.639479 0.520539 0.455597 0.351842 0.887662 0.974384 0.995139 0.843755 0.994135 0.619695 0.741673 0.677358 0.822982 0.822349 0.931922 0.897852 0.678424 0.756785 0.559904 0.725005 0.467836 0.597677 0.694528 0.728726 0.977506 0.981221 0.939840 0.941630 0.670961 0.995279 0.755648 0.663146 0.752964 0.622105 0.701182 0.863183 0.780968 0.776387 0.831119 0.861664 0.939693 0.963798 0.619132 0.895980 0.875449 0.936726 0.995474 0.953543 0.936758 0.675259 0.722133 0.831251 0.918720 0.720631 0.813007 0.920377
0.922174 0.855721 0.742260 0.836425 0.750482 0.982572 0.628916 0.697242 0.890189 0.980976 0.825012 0.761644 0.000000 0.571622 0.564950 0.662604 0.857321 0.834406 0.882949 0.791861 0.948303 0.956745 0.709485 0.857344 0.956782 0.994426 0.980479 0.998543 0.841322 0.816507 0.916608 0.878067 0.756380 0.799313 0.862923 0.970923 0.837784 0.910597 0.880754 0.951193 0.958606 0.999268 0.976115 0.960955 0.997946 0.940809 0.865033 0.828506 0.837342 0.928111 0.817592 0.784242 0.887715 0.855191 0.952013 0.951444 0.971930 0.872235 0.867421 0.854905 0.422640 0.721438 0.695529 0.783483 0.757523 0.835315 0.953907 0.837575 0.668437 0.944784 0.959081 0.988686 0.948867 0.937019 0.943352 0.899562 0.895345 0.901869 0.751138 0.768400 0.690461 0.732588 0.787436 0.812562 0.580232 0.783718 0.998355 0.812000 0.916056 0.957693 0.948869 0.946024 0.960051 0.986864 0.938679 0.938005 0.899315 0.927190 0.804500 0.853696 0.999819 0.868324 0.978565 0.872014 0.839323 0.849986 0.977960 0.813648 0.971203 0.942086 0.982603 0.847056 0.881837 0.988765 0.755558 0.907602
0.985632 0.782255 0.828578 0.928179 0.910190 0.938969 0.990753 0.801841 0.785181 0.989109 0.973651 0.571299 0.571622 0.000000 0.456732 0.433237 0.769006 0.678671 0.954730 0.822353 0.849694 0.974207 0.875920 0.914468 0.836216 0.713297 0.960718 0.964741 0.664472 0.554801 0.882955 0.728825 0.757326 0.760663 0.985872 0.906462 0.985796 0.931681 0.775949 0.974053 0.922166 0.989141 0.996195 0.833248 0.781229 0.715418 0.882043 0.734236 0.992346 0.899424 0.769969 0.790259 0.851055 0.777631 0.980527 0.895880 0.926336 0.804831 0.967198 0.999531 0.599892 0.646388 0.565560 0.545046 0.972882 0.960774 0.938110 0.966002 0.654780 0.851372 0.990090 0.845962 0.984846 0.968754 0.910925 0.873296 0.916867 0.926920 0.698485 0.717676 0.634070 0.698016 0.559263 0.754508 0.793871 0.820715 0.783635 0.793626 0.845085 0.847238 0.873083 0.762291 0.721482 0.762339 0.788878 0.952960 0.938848 0.990369 0.827519 0.928515 0.943247 0.975829 0.864307 0.951263 0.964411 0.991075 0.916022 0.785881 0.876408 0.823056 0.925258 0.741572 0.962502 0.847600 0.826554 0.964442
0.907040 0.917432 0.917545 0.912784 0.813579 0.948998 0.977872 0.987456 0.930980 0.919358 0.904570 0.783732 0.564950 0.456732 0.000000 0.534155 0.840148 0.786137 0.995069 0.988130 0.995358 0.993969 0.738084 0.831404 0.947396 0.855203 0.944458 0.898027 0.740381 0.646161 0.796001 0.621811 0.766058 0.888911 0.991361 0.904980 0.883718 0.883956 0.866311 0.979163 0.938086 0.986707 0.963611 0.884325 0.708264 0.709394 0.786363 0.700980 0.935514 0.805510 0.780470 0.785459 0.764679 0.660419 0.968779 0.996653 0.994876 0.940633 0.836577 0.816176 0.719783 0.860445 0.709857 0.767909 0.948747 0.991918 0.950634 0.999671 0.655545 0.979006 0.913889 0.921852 0.994708 0.942681 0.900991 0.877806 0.980467 0.915644 0.720151 0.743289 0.736403 0.741549 0.587105 0.737148 0.727533 0.710338 0.666949 0.670714 0.962373 0.870537 0.948467 0.892199 0.794004 0.920041 0.950462 0.978640 0.823081 0.956876 0.843364 0.971115 0.941264 0.985753 0.994721 0.956565 0.992124 0.976292 0.888700 0.752933 0.889753 0.931271 0.975322 0.716818 0.881680 0.896912 0.891469 0.907020
0.972447 0.741942 0.814489 0.977721 0.929005 0.739181 0.929580 0.878452 0.790592 0.960658 0.883281 0.665185 0.662604 0.433237 0.534155 0.000000 0.885242 0.762112 0.997903 0.873405 0.860341 0.961310 0.714456 0.695527 0.926207 0.883520 0.915038 0.906924 0.765206 0.695827 0.786510 0.709084 0.836588 0.815104 0.963572 0.905147 0.842626 0.822864 0.919679 0.922189 0.988636 0.916061 0.988064 0.911191 0.722672 0.673060 0.876739 0.661641 0.895359 0.837910 0.749099 0.822499 0.817119 0.754775 0.954084 0.980374 0.861590 0.796498 0.810542 0.870460 0.738481 0.709980 0.648397 0.613115 0.989680 0.939839 0.976437 0.913837 0.677326 0.830580 0.865301 0.731897 0.939409 0.909331 0.941487 0.951496 0.925964 0.917348 0.677408 0.765804 0.684652 0.688837 0.538714 0.718439 0.732766 0.715768 0.753482 0.702264 0.770906 0.879406 0.960347 0.871841 0.823250 0.867026 0.861425 0.948664 0.888876 0.898213 0.816264 0.949361 0.933969 0.938311 0.932666 0.889195 0.959436 0.913443 0.894179 0.885763 0.919846 0.867355 0.977261 0.747384 0.928885 0.821893 0.848099 0.984885
0.551259 0.566833 0.913290 0.911861 0.876936 0.931128 0.953187 0.998306 0.690492 0.842001 0.603959 0.550048 0.857321 0.769006 0.840148 0.885242 0.000000 0.368186 0.548496 0.546785 0.996726 0.879422 0.845380 0.916822 0.998235 0.919192 0.994833 0.921894 0.432219 0.419425 0.750074 0.748884 0.594872 0.605651 0.964439 0.985553 0.955844 0.939158 0.948308 0.981752 0.983250 0.780491 0.797595 0.593238 0.747453 0.683186 0.670484 0.679760 0.769081 0.817515 0.758567 0.943331 0.935309 0.928497 0.823108 0.927001 0.454805 0.523921 0.806062 0.988002 0.767725 0.847288 0.492752 0.552514 0.889891 0.895243 0.991768 0.935213 0.815331 0.557423 0.791681 0.795020 0.560440 0.586829 0.985254 0.892494 0.808933 0.848438 0.629073 0.558971 0.439141 0.518422 0.696835 0.646915 0.967436 0.894015 0.893319 0.894503 0.747163 0.950020 0.656004 0.648607 0.655357 0.725966 0.887272 0.881309 0.912020 0.912399 0.999533 0.966685 0.967017 0.989975 0.729834 0.723877 0.921256 0.842370 0.914341 0.798328 0.989819 0.730717 0.839730 0.902338 0.930317 0.809759 0.891671 0.981143
0.550411 0.524329 0.854441 0.929429 0.900920 0.933308 0.896756 0.929134 0.580185 0.877968 0.635201 0.472053 0.834406 0.678671 0.786137 0.762112 0.368186 0.000000 0.568125 0.490210 0.970135 0.997588 0.857126 0.928439 0.919934 0.848054 0.965111 0.944117 0.437482 0.388967 0.795378 0.735701 0.620692 0.551632 0.946218 0.995276 0.986713 0.943085 0.983632 0.927570 0.958112 0.878155 0.842184 0.607219 0.819166 0.730801 0.732387 0.717183 0.897906 0.896777 0.877775 0.899558 0.946806 0.983484 0.880382 0.902616 0.424181 0.484530 0.816436 0.935537 0.737793 0.744241 0.455927 0.468385 0.851425 0.939216 0.986643 0.905968 0.854236 0.474081 0.721122 0.731095 0.545626 0.609975 0.976640 0.876991 0.744978 0.842076 0.586193 0.535894 0.428799 0.487484 0.699832 0.658097 0.978793 0.901053 0.985945 0.951061 0.669938 0.993668 0.617136 0.540435 0.576824 0.624821 0.816725 0.887373 0.844779 0.848766 0.992457 0.963992 0.895945 0.898294 0.662107 0.808167 0.985941 0.899490 0.922378 0.822148 0.962039 0.667849 0.743162 0.874841 0.952128 0.798677 0.877948 0.988451
0.462719 0.592221 0.731362 0.789474 0.977027 0.992431 0.755550 0.907522 0.848690 0.919313 0.650557 0.783864 0.882949 0.954730 0.995069 0.997903 0.548496 0.568125 0.000000 0.561333 0.805507 0.839571 0.972144 0.951376 0.718830 0.718503 0.983685 0.955898 0.653660 0.744631 0.722340 0.859834 0.595480 0.569709 0.849373 0.966456 0.779574 0.882107 0.875305 0.921872 0.951094 0.759386 0.653722 0.595717 0.908905 0.832300 0.591401 0.735336 0.888576 0.856512 0.856567 0.915884 0.928763 0.880103 0.813131 0.993179 0.474180 0.624346 0.659061 0.885138 0.772318 0.958137 0.663307 0.829858 0.820601 0.866579 0.643012 0.690870 0.705490 0.654669 0.702069 0.761756 0.648612 0.618463 0.993515 0.922605 0.679061 0.776184 0.806378 0.687182 0.597576 0.590901 0.875535 0.708469 0.842611 0.793747 0.678409 0.999092 0.920093 0.770480 0.860800 0.915447 0.928524 0.976851 0.947057 0.814120 0.837894 0.799538 0.944044 0.804779 0.750053 0.946039 0.787700 0.666654 0.842076 0.918788 0.895005 0.968017 0.825723 0.850086 0.782775 0.913170 0.965624 0.928541 0.853236 0.801189
0.569089 0.588667 0.889701 0.838222 0.975526 0.939243 0.891201 0.773910 0.736750 0.830905 0.650957 0.545159 0.791861 0.822353 0.988130 0.873405 0.546785 0.490210 0.561333 0.000000 0.971083 0.956367 0.985309 0.974705 0.949290 0.910754 0.897037 0.835310 0.615681 0.642060 0.877176 0.831877 0.597419 0.567152 0.921834 0.975254 0.909427 0.944823 0.983717 0.948987 0.925948 0.855424 0.799274 0.670063 0.913606 0.924397 0.824697 0.804392 0.893848 0.944034 0.961524 0.898174 0.774323 0.737014 0.960950 0.875837 0.513815 0.472217 0.635836 0.670959 0.689663 0.707799 0.617516 0.589755 0.999963 0.894735 0.834555 0.763806 0.767341 0.580655 0.723257 0.737843 0.664601 0.772084 0.941657 0.873478 0.666927 0.729997 0.719614 0.634743 0.526593 0.574110 0.919893 0.790636 0.957169 0.992234 0.748594 0.886761 0.740031 0.796888 0.721643 0.693658 0.806817 0.714589 0.843763 0.797727 0.799711 0.873240 0.992803 0.888153 0.769398 0.989052 0.652725 0.784985 0.748099 0.899089 0.930228 0.975225 0.993231 0.650080 0.621289 0.949958 0.907954 0.823412 0.762203 0.878193
0.844844 0.944936 0.719513 0.763174 0.805850 0.904635 0.774646 0.936648 0.880996 0.819952 0.762166 0.873435 0.948303 0.849694 0.995358 0.860341 0.996726 0.970135 0.805507 0.971083 0.000000 0.929056 0.899189 0.883697 0.784898 0.668024 0.954234 0.867143 0.968912 0.940377 0.922786 0.954417 0.875517 0.889074 0.861083 0.911463 0.878616 0.905457 0.792233 0.925824 0.991744 0.909323 0.983496 0.982040 0.860633 0.797106 0.894247 0.921444 0.821024 0.820883 0.855810 0.816696 0.770082 0.830079 0.969939 0.818887 0.965978 0.910361 0.937906 0.937797 0.988274 0.786226 0.969225 0.821983 0.787496 0.804910 0.766184 0.776275 0.893794 0.999267 0.993161 0.995668 0.847209 0.870288 0.914224 0.867596 0.902309 0.914360 0.988146 0.818513 0.993068 0.948251 0.939623 0.975334 0.814967 0.733851 0.874480 0.961092 0.989423 0.987927 0.877375 0.950101 0.966313 0.916885 0.932853 0.946981 0.988044 0.958756 0.876646 0.976492 0.905902 0.873622 0.830246 0.965791 0.885495 0.949670 0.927137 0.961694 0.935199 0.977432 0.991237 0.879868 0.969925 0.941136 0.944864 0.955885
0.836278 0.899470 0.845108 0.896549 0.762004 0.968052 0.922593 0.988503 0.944254 0.950660 0.962398 0.977102 0.956745 0.974207 0.993969 0.961310 0.879422 0.997588 0.839571 0.956367 0.929056 0.000000 0.992743 0.988980 0.874173 0.925860 0.951037 0.870505 0.813416 0.923638 0.886300 0.888785 0.825708 0.879853 0.808791 0.798065 0.879626 0.841896 0.941345 0.953875 0.964798 0.869882 0.744128 0.867175 0.928151 0.873877 0.736220 0.886312 0.870318 0.850792 0.878778 0.902287 0.897448 0.999432 0.946467 0.838623 0.996656 0.945245 0.893539 0.971805 0.991371 0.939979 0.926513 0.977151 0.899869 0.967820 0.874761 0.855377 0.898919 0.994075 0.877640 0.992932 0.947496 0.886182 0.942622 0.915277 0.990990 0.998705 0.918496 0.909552 0.906236 0.877845 0.902671 0.901423 0.987786 0.946212 0.768844 0.925307 0.963776 0.985192 0.996579 0.979442 0.888750 0.874315 0.964702 0.820731 0.863116 0.956439 0.864666 0.992225 0.920298 0.834743 0.927537 0.638603 0.943481 0.906768 0.958749 0.966285 0.982249 0.820345 0.967654 0.948832 0.953489 0.938786 0.907665 0.913646
0.864334 0.994920 0.767451 0.668913 0.847391 0.807940 0.752586 0.715929 0.775830 0.909359 0.923395 0.990038 0.709485 0.875920 0.738084 0.714456 0.845380 0.857126 0.972144 0.985309 0.899189 0.992743 0.000000 0.465304 0.814585 0.815536 0.862056 0.883724 0.894116 0.903360 0.753447 0.785242 0.835589 0.841316 0.842537 0.925588 0.599804 0.777280 0.965224 0.990623 0.918496 0.963915 0.912176 0.997326 0.803047 0.817822 0.777054 0.773443 0.945972 0.797092 0.732512 0.705104 0.821928 0.856851 0.962879 0.756942 0.946396 0.954580 0.933036 0.975698 0.770913 0.831110 0.889365 0.938199 0.667992 0.690363 0.748410 0.657918 0.710817 0.898584 0.998719 0.799322 0.761573 0.794048 0.938174 0.981193 0.946283 0.824292 0.939714 0.957864 0.838069 0.838184 0.756134 0.827872 0.488592 0.582566 0.957156 0.725308 0.965123 0.736195 0.772336 0.838983 0.759682 0.866328 0.963745 0.826290 0.941665 0.906532 0.684431 0.734726 0.663569 0.931974 0.923283 0.906455 0.612272 0.727491 0.906281 0.913241 0.870817 0.979273 0.971582 0.826574 0.934875 0.837851 0.815669 0.910250
0.962006 0.927876 0.805015 0.638840 0.917071 0.847870 0.851359 0.839807 0.991734 0.894793 0.861291 0.983310 0.857344 0.914468 0.831404 0.695527 0.916822 0.928439 0.951376 0.974705 0.883697 0.988980 0.465304 0.000000 0.730906 0.759484 0.771543 0.936575 0.875176 0.901565 0.796567 0.734206 0.869717 0.840989 0.968720 0.883341 0.684777 0.761618 0.891009 0.974646 0.906692 0.895777 0.869204 0.919046 0.909283 0.857857 0.725646 0.771670 0.971572 0.873218 0.798488 0.884702 0.975703 0.984426 0.860985 0.800852 0.929206 0.975562 0.931654 0.918979 0.917633 0.925924 0.926979 0.978441 0.652526 0.638967 0.722805 0.633594 0.873060 0.954660 0.936007 0.744011 0.797107 0.836724 0.986771 0.841509 0.926261 0.881771 0.883896 0.864413 0.800467 0.745416 0.729830 0.785946 0.488006 0.481479 0.885219 0.656756 0.988436 0.759231 0.856902 0.854103 0.830851 0.818253 0.893906 0.903941 0.934216 0.847176 0.889340 0.886846 0.662561 0.996100 0.941889 0.982904 0.717537 0.741588 0.989804 0.913786 0.886238 0.906982 0.988786 0.939233 0.863645 0.833488 0.849530 0.755126
0.708605 0.850530 0.511002 0.664443 0.996434 0.950056 0.630175 0.994156 0.860672 0.904598 0.985051 0.766899 0.956782 0.836216 0.947396 0.926207 0.998235 0.919934 0.718830 0.949290 0.784898 0.874173 0.814585 0.730906 0.000000 0.521093 0.860928 0.954853 0.855270 0.810574 0.698099 0.922093 0.838938 0.810570 0.716873 0.933866 0.747834 0.789869 0.738059 0.818023 0.915276 0.973645 0.517092 0.664297 0.945198 0.860147 0.621265 0.656638 0.918658 0.819673 0.933949 0.967223 0.956732 0.875655 0.860818 0.715745 0.825651 0.966793 0.724689 0.898790 0.940895 0.848586 0.826120 0.693650 0.504882 0.688141 0.540494 0.672596 0.825726 0.955080 0.858952 0.898089 0.899139 0.888794 0.917455 0.978179 0.879965 0.911457 0.977783 0.941393 0.957187 0.801095 0.998761 0.861062 0.629111 0.685522 0.812128 0.996270 0.855071 0.802321 0.946931 0.835654 0.806815 0.725158 0.898884 0.781961 0.983584 0.947808 0.943491 0.984000 0.742659 0.973467 0.955611 0.836369 0.866309 0.878514 0.981926 0.968828 0.900334 0.953997 0.989576 0.941841 0.956404 0.967968 0.906825 0.710286
0.795473 0.964599 0.595573 0.639339 0.908327 0.876014 0.643016 0.970836 0.801746 0.811135 0.911646 0.720663 0.994426 0.713297 0.855203 0.883520 0.919192 0.848054 0.718503 0.910754 0.668024 0.925860 0.815536 0.759484 0.521093 0.000000 0.864629 0.828341 0.791590 0.729449 0.756957 0.963122 0.850805 0.884705 0.870157 0.888194 0.728415 0.905045 0.676497 0.880747 0.875305 0.880452 0.758098 0.872040 0.958203 0.993557 0.738082 0.872236 0.891868 0.991113 0.964014 0.965207 0.988374 0.947832 0.850948 0.774975 0.912376 0.917173 0.932536 0.911258 0.979524 0.752600 0.824626 0.637387 0.577649 0.744568 0.578526 0.707045 0.926028 0.867042 0.794961 0.885911 0.999426 0.939390 0.808475 0.981422 0.981567 0.903074 0.821816 0.936853 0.910431 0.953594 0.944012 0.983148 0.695968 0.642683 0.725439 0.998391 0.891974 0.858732 0.846648 0.682830 0.756317 0.687951 0.828337 0.947302 0.931643 0.952170 0.959983 0.882742 0.819901 0.956896 0.753485 0.987011 0.910712 0.899411 0.890337 0.980490 0.865263 0.912331 0.890004 0.876738 0.985966 0.932345 0.914506 0.826599
0.937278 0.923710 0.986071 0.944912 0.842560 0.897753 0.976737 0.858682 0.916772 0.793423 0.936211 0.902496 0.980479 0.960718 0.944458 0.915038 0.994833 0.965111 0.983685 0.897037 0.954234 0.951037 0.862056 0.771543 0.860928 0.864629 0.000000 0.980910 0.845867 0.953790 0.954668 0.907554 0.870951 0.937930 0.842446 0.889011 0.962438 0.919208 0.822666 0.959850 0.928378 0.992091 0.951471 0.924200 0.941719 0.979904 0.944837 0.991744 0.968854 0.983989 0.971441 0.838451 0.993955 0.996604 0.994269 0.982456 0.979685 0.890479 0.844096 0.814440 0.944280 0.886220 0.980019 0.895256 0.928215 0.944796 0.982856 0.952000 0.944858 0.976230 0.995244 0.996297 0.928351 0.973082 0.943394 0.880841 0.923886 0.971826 0.988798 0.862589 0.975781 0.856596 0.844193 0.883167 0.773738 0.714732 0.980380 0.769580 0.885778 0.950165 0.940823 0.902859 0.999878 0.838222 0.913411 0.812577 0.981164 0.808160 0.950854 0.997281 0.870832 0.828830 0.920216 0.971493 0.958799 0.890718 0.967394 0.899178 0.884273 0.975239 0.883933 0.996769 0.973148 0.976610 0.842462 0.797074
0.967917 0.975693 0.986834 0.934123 0.889160 0.878498 0.996088 0.994048 0.963456 0.947136 0.882953 0.899872 0.998543 0.964741 0.898027 0.906924 0.921894 0.944117 0.955898 0.835310 0.867143 0.870505 0.883724 0.936575 0.954853 0.828341 0.980910 0.000000 0.997973 0.949075 0.921575 0.964507 0.974607 0.954721 0.867562 0.986510 0.939686 0.916449 0.960864 0.897664 0.957188 0.947398 0.940698 0.958584 0.848763 0.901265 0.868321 0.928320 0.870614 0.882039 0.920467 0.819554 0.895965 0.866936 0.898777 0.877776 0.919044 0.950158 0.831364 0.862687 0.933151 0.940298 0.963412 0.931409 0.863469 0.929843 0.833241 0.942903 0.845561 0.929550 0.988628 0.955258 0.940007 0.963904 0.954086 0.988530 0.982978 0.939019 0.907061 0.949809 0.898279 0.916332 0.872236 0.968881 0.903596 0.778313 0.982440 0.966996 0.863037 0.956996 0.875782 0.896979 0.906664 0.947873 0.948106 0.987153 0.968333 0.868119 0.854762 0.960916 0.832134 0.925482 0.863369 0.982742 0.955498 0.973997 0.967870 0.953265 0.968473 0.912992 0.895420 0.978366 0.959893 0.869165 0.992285 0.856055
0.713432 0.643200 0.802440 0.798556 0.995032 0.959719 0.850974 0.956783 0.701023 0.687428 0.683598 0.509583 0.841322 0.664472 0.740381 0.765206 0.432219 0.437482 0.653660 0.615681 0.968912 0.813416 0.894116 0.875176 0.855270 0.791590 0.845867 0.997973 0.000000 0.363096 0.691634 0.725483 0.612996 0.617889 0.988575 0.844129 0.920076 0.905963 0.760632 0.982679 0.898294 0.848092 0.858430 0.653156 0.679421 0.600381 0.748281 0.729214 0.731371 0.802199 0.714411 0.939796 0.846177 0.772548 0.899946 0.855885 0.612327 0.637147 0.928494 0.946463 0.778687 0.800299 0.475848 0.497028 0.765701 0.779263 0.965834 0.977752 0.989909 0.570815 0.894321 0.861673 0.612937 0.633449 0.933681 0.883902 0.835923 0.884033 0.662627 0.681891 0.510318 0.695663 0.741185 0.748660 0.875692 0.958418 0.956010 0.884976 0.710977 0.911833 0.637933 0.594721 0.629826 0.617597 0.841140 0.891976 0.944241 0.858166 0.954811 0.989659 0.959754 0.953101 0.667852 0.774147 0.890003 0.843241 0.818056 0.787986 0.892659 0.728670 0.816714 0.803504 0.960623 0.750096 0.877498 0.884658
0.777349 0.706703 0.704557 0.717197 0.842667 0.982757 0.802103 0.968193 0.647162 0.789466 0.716931 0.514223 0.816507 0.554801 0.646161 0.695827 0.419425 0.388967 0.744631 0.642060 0.940377 0.923638 0.903360 0.901565 0.810574 0.729449 0.953790 0.949075 0.363096 0.000000 0.743704 0.680669 0.656766 0.693065 0.944331 0.942360 0.991627 0.936347 0.844146 0.947860 0.958036 0.893186 0.922393 0.689940 0.674091 0.625733 0.812538 0.757543 0.734829 0.814064 0.750110 0.965939 0.842959 0.755128 0.911176 0.865483 0.634102 0.662918 0.959803 0.856047 0.781037 0.798892 0.444774 0.481216 0.702390 0.742138 0.841614 0.914709 0.970837 0.610069 0.917047 0.827645 0.635268 0.678233 0.994680 0.833650 0.938294 0.898401 0.622809 0.576171 0.475492 0.578360 0.585657 0.642688 0.944989 0.939347 0.929272 0.775287 0.697628 0.874526 0.633783 0.562348 0.542870 0.598445 0.810484 0.965094 0.995778 0.891148 0.994669 0.944978 0.945515 0.929892 0.693087 0.835273 0.874229 0.802471 0.798288 0.723004 0.900695 0.764441 0.850329 0.864588 0.943935 0.747550 0.940765 0.887472
0.826190 0.765053 0.897545 0.918351 0.920453 0.834108 0.953250 0.994784 0.958658 0.770461 0.828351 0.934917 0.916608 0.882955 0.796001 0.786510 0.750074 0.795378 0.722340 0.877176 0.922786 0.886300 0.753447 0.796567 0.698099 0.756957 0.954668 0.921575 0.691634 0.743704 0.000000 0.597695 0.596421 0.701850 0.802087 0.945154 0.680422 0.769351 0.965119 0.900499 0.934097 0.942582 0.644441 0.634328 0.557858 0.593276 0.573325 0.579149 0.634415 0.725627 0.683968 0.932570 0.805859 0.768414 0.753380 0.827353 0.705965 0.796147 0.942087 0.871994 0.911881 0.986554 0.792017 0.897135 0.944405 0.973572 0.796501 0.835594 0.957015 0.756376 0.767631 0.759544 0.791981 0.798005 0.895444 0.834132 0.908878 0.864813 0.899833 0.772687 0.712288 0.693010 0.699672 0.670749 0.811459 0.734334 0.901483 0.702252 0.846825 0.934221 0.858720 0.902434 0.921348 0.924813 0.976994 0.814546 0.941276 0.885493 0.838889 0.976251 0.848439 0.971848 0.899787 0.975562 0.998327 0.911432 0.831030 0.943759 0.945218 0.818719 0.963707 0.785602 0.958242 0.886995 0.926802 0.948987
0.944752 0.877437 0.976468 0.989871 0.985634 0.994146 0.889047 0.956590 0.752262 0.964515 0.991232 0.824674 0.878067 0.728825 0.621811 0.709084 0.748884 0.735701 0.859834 0.831877 0.954417 0.888785 0.785242 0.734206 0.922093 0.963122 0.907554 0.964507 0.725483 0.680669 0.597695 0.000000 0.640753 0.778384 0.945528 0.954089 0.890957 0.742479 0.935102 0.812241 0.969765 0.792744 0.787983 0.723106 0.693165 0.712289 0.675250 0.694014 0.865959 0.858425 0.851477 0.944971 0.960369 0.922303 0.826288 0.935788 0.791344 0.804106 0.885126 0.918585 0.958973 0.969799 0.756940 0.777855 0.973985 0.990454 0.903201 0.832521 0.978104 0.816948 0.966731 0.723865 0.894500 0.826353 0.893718 0.937616 0.977990 0.939366 0.745428 0.637049 0.684070 0.664955 0.610746 0.641552 0.854986 0.745286 0.872023 0.645777 0.786305 0.963347 0.793096 0.797264 0.746445 0.887962 0.975370 0.882892 0.960867 0.756410 0.895245 0.994388 0.843460 0.867913 0.837783 0.921469 0.919113 0.969579 0.904930 0.933078 0.902633 0.837397 0.887039 0.711422 0.984568 0.818714 0.939119 0.911582
0.695712 0.590935 0.761255 0.718683 0.976625 0.948528 0.741104 0.733103 0.951848 0.753339 0.764140 0.711082 0.756380 0.757326 0.766058 0.836588 0.594872 0.620692 0.595480 0.597419 0.875517 0.825708 0.835589 0.869717 0.838938 0.850805 0.870951 0.974607 0.612996 0.656766 0.596421 0.640753 0.000000 0.509968 0.764118 0.996117 0.815500 0.904718 0.982864 0.907579 0.978839 0.764424 0.675234 0.553795 0.732761 0.699336 0.563055 0.571740 0.843238 0.795985 0.685006 0.795135 0.870018 0.933171 0.830137 0.976031 0.596123 0.588134 0.701331 0.844368 0.616979 0.763931 0.585219 0.666082 0.813015 0.838751 0.666188 0.625945 0.989674 0.809521 0.844039 0.770483 0.872724 0.897118 0.897555 0.932333 0.727149 0.803964 0.816224 0.680295 0.532701 0.621936 0.760803 0.687573 0.773157 0.767532 0.812752 0.892273 0.910707 0.740586 0.901945 0.889663 0.920013 0.953809 0.874356 0.800094 0.957772 0.932966 0.733691 0.776439 0.785859 0.891619 0.787149 0.800999 0.769139 0.980120 0.797746 0.953591 0.997916 0.764457 0.864695 0.870129 0.966375 0.910598 0.701059 0.997795
0.538128 0.509151 0.768392 0.674267 0.978375 0.914331 0.755245 0.611699 0.833433 0.789648 0.684695 0.593519 0.799313 0.760663 0.888911 0.815104 0.605651 0.551632 0.569709 0.567152 0.889074 0.879853 0.841316 0.840989 0.810570 0.884705 0.937930 0.954721 0.617889 0.693065 0.701850 0.778384 0.509968 0.000000 0.830770 0.996819 0.803081 0.831967 0.939289 0.880073 0.995698 0.842080 0.638789 0.519528 0.835969 0.730669 0.579902 0.560305 0.934526 0.879813 0.734685 0.886845 0.986953 0.884658 0.887495 0.983376 0.526969 0.539695 0.612325 0.721475 0.619846 0.639553 0.595532 0.596531 0.780543 0.729885 0.608765 0.551720 0.928393 0.679309 0.741142 0.734467 0.742078 0.746660 0.901150 0.934384 0.660643 0.702526 0.751329 0.705603 0.506469 0.578587 0.804803 0.702415 0.768453 0.774009 0.814381 0.980085 0.880862 0.766654 0.832968 0.801992 0.899300 0.900910 0.843352 0.677239 0.756781 0.853143 0.748864 0.740703 0.696827 0.916521 0.645299 0.735387 0.705804 0.907604 0.984744 0.937848 0.828960 0.632690 0.762634 0.780152 0.898477 0.832850 0.672967 0.859544
0.833172 0.880267 0.698938 0.696224 0.945917 0.839945 0.712300 0.806997 0.821773 0.837670 0.991743 0.982750 0.862923 0.985872 0.991361 0.963572 0.964439 0.946218 0.849373 0.921834 0.861083 0.808791 0.842537 0.968720 0.716873 0.870157 0.842446 0.867562 0.988575 0.944331 0.802087 0.945528 0.764118 0.830770 0.000000 0.926838 0.669320 0.921600 0.891566 0.975234 0.983282 0.900806 0.658231 0.729179 0.855718 0.830126 0.762542 0.770738 0.847530 0.656460 0.716788 0.691316 0.792447 0.933647 0.794340 0.726608 0.877993 0.828391 0.744097 0.828870 0.799324 0.833934 0.978991 0.977715 0.684489 0.796982 0.733849 0.731905 0.988754 0.969407 0.869839 0.931209 0.907607 0.927482 0.969350 0.916030 0.761418 0.747911 0.995419 0.951058 0.936153 0.944259 0.973645 0.842953 0.780772 0.900902 0.869158 0.961674 0.877707 0.795002 0.842367 0.848265 0.761540 0.817606 0.885363 0.772628 0.922130 0.918429 0.757835 0.924380 0.905071 0.725207 0.893622 0.862425 0.831830 0.963933 0.909963 0.932403 0.879744 0.962893 0.981616 0.935618 0.827049 0.949911 0.840778 0.994241
0.962600 0.994502 0.937224 0.914070 0.850288 0.910320 0.969818 0.979593 0.922748 0.968507 0.931812 0.942417 0.970923 0.906462 0.904980 0.905147 0.985553 0.995276 0.966456 0.975254 0.911463 0.798065 0.925588 0.883341 0.933866 0.888194 0.889011 0.986510 0.844129 0.942360 0.945154 0.954089 0.996117 0.996819 0.926838 0.000000 0.850440 0.980998 0.892466 0.892808 0.875646 0.988593 0.994321 0.902914 0.908310 0.891351 0.980279 0.985569 0.864679 0.871610 0.960579 0.996636 0.964108 0.976240 0.831251 0.921680 0.880987 0.993544 0.994837 0.983501 0.992991 0.985268 0.959227 0.918709 0.929080 0.994006 0.942162 0.965219 0.958799 0.964481 0.849217 0.978892 0.988467 0.964544 0.936759 0.958692 0.913996 0.849953 0.882515 0.962467 0.992741 0.921966 0.911155 0.854399 0.875394 0.919882 0.937912 0.812706 0.885437 0.808349 0.963264 0.976656 0.932438 0.990163 0.912948 0.908293 0.866388 0.897125 0.958191 0.997290 0.934185 0.878254 0.884369 0.964915 0.956590 0.884525 0.897999 0.947610 0.930661 0.997626 0.942639 0.996487 0.972674 0.915935 0.916918 0.870447
0.883168 0.824125 0.830972 0.785825 0.909965 0.729145 0.861769 0.929556 0.849216 0.856084 0.997354 0.953299 0.837784 0.985796 0.883718 0.842626 0.955844 0.986713 0.779574 0.909427 0.878616 0.879626 0.599804 0.684777 0.747834 0.728415 0.962438 0.939686 0.920076 0.991627 0.680422 0.890957 0.815500 0.803081 0.669320 0.850440 0.000000 0.632985 0.910687 0.963403 0.999633 0.893258 0.721576 0.796116 0.695737 0.667546 0.702100 0.697779 0.697532 0.595847 0.690390 0.774884 0.780450 0.786881 0.730521 0.659743 0.816470 0.830542 0.993694 0.915267 0.891532 0.956769 0.932516 0.987903 0.761110 0.937307 0.813505 0.748142 0.986656 0.935304 0.713288 0.754995 0.973293 0.918423 0.905410 0.881333 0.934299 0.720773 0.913158 0.944390 0.889932 0.833828 0.886183 0.761923 0.765302 0.786942 0.919718 0.804768 0.898108 0.870024 0.897497 0.879373 0.779563 0.946687 0.968039 0.898179 0.883377 0.833999 0.730817 0.796259 0.772883 0.870642 0.842464 0.937275 0.881149 0.866140 0.818980 0.958144 0.978996 0.945789 0.976455 0.836515 0.946888 0.813102 0.775602 0.929054
0.992025 0.832721 0.998180 0.909856 0.902080 0.967712 0.880436 0.975853 0.925647 0.897411 0.864896 0.943687 0.910597 0.931681 0.883956 0.822864 0.939158 0.943085 0.882107 0.944823 0.905457 0.841896 0.777280 0.761618 0.789869 0.905045 0.919208 0.916449 0.905963 0.936347 0.769351 0.742479 0.904718 0.831967 0.921600 0.980998 0.632985 0.000000 0.933108 0.974108 0.914825 0.814023 0.612332 0.682573 0.626551 0.604043 0.666939 0.627273 0.701324 0.665264 0.786399 0.872381 0.830425 0.865400 0.877436 0.831130 0.859026 0.906675 0.933502 0.859311 0.898714 0.965483 0.995155 0.958074 0.853969 0.956126 0.837867 0.827663 0.928072 0.790751 0.778516 0.646141 0.954274 0.853717 0.965241 0.902581 0.972331 0.975391 0.743703 0.957149 0.927301 0.862938 0.840256 0.780315 0.961817 0.833932 0.945930 0.881278 0.779784 0.975797 0.905117 0.973747 0.970364 0.978796 0.959113 0.799355 0.815130 0.777665 0.855635 0.923366 0.768891 0.955137 0.830557 0.795025 0.940186 0.826208 0.866235 0.957576 0.826705 0.878303 0.861027 0.769156 0.948643 0.832955 0.799698 0.878476
