0.000000 0.167829 0.388690 0.472141 0.677490 0.801868 0.285155 0.395304 0.835274 0.662069 0.365729 0.307533 0.227935 0.365121 0.498069 0.584293 0.345910 0.332600 0.233807 0.256931 0.597436 0.938956 0.489882 0.586433 0.617709 0.761987 0.810014 0.852425 0.619212 0.594595 0.769860 0.919771 0.258880 0.270624 0.497676 0.903691 0.417357 0.614132 0.579855 0.723388 0.669549 0.862710 0.751432 0.695192 0.850655 0.771798 0.388999 0.441303 0.766920 0.540025 0.683094 0.580296 0.962426 0.677319 0.346834 0.470675 0.254504 0.181994 0.247831 0.308685 0.197720 0.313220 0.297630 0.323567 0.435439 0.295252 0.280108 0.405459 0.243215 0.260281 0.632890 0.897812 0.634117 0.736282 0.752922 0.876628 0.665675 0.847498 0.496428 0.483236 0.259161 0.234289 0.324710 0.316755 0.244192 0.321793 0.506022 0.576470 0.414574 0.410664 0.689516 0.580205 0.829147 0.718138 0.803554 0.928528 0.373235 0.893231 0.874421 0.958024 0.593928 0.849152 0.859879 0.854954 0.570214 0.487409 0.988034 0.908129 0.842493 0.640087 0.997058 0.747916 0.938722 0.884860 0.694829 0.902029
0.167829 0.000000 0.447611 0.478200 0.717258 0.811817 0.308879 0.323735 0.851871 0.741161 0.371638 0.255658 0.269263 0.334801 0.548801 0.607498 0.303263 0.285904 0.219085 0.217890 0.630288 0.891171 0.498332 0.600298 0.696343 0.868768 0.845427 0.895061 0.520800 0.500041 0.774289 0.831760 0.241208 0.258984 0.560614 0.910233 0.459757 0.588226 0.626595 0.733418 0.691218 0.759782 0.623179 0.594646 0.771644 0.698683 0.326334 0.390450 0.691424 0.482860 0.607832 0.519679 0.990511 0.745218 0.396696 0.497784 0.224520 0.157283 0.253177 0.305969 0.229062 0.316816 0.256601 0.262450 0.536246 0.355126 0.295668 0.386854 0.302762 0.293510 0.555511 0.804433 0.634586 0.720010 0.777592 0.812335 0.553685 0.713052 0.390187 0.435397 0.234667 0.243582 0.354482 0.373141 0.317021 0.378486 0.574906 0.605178 0.479716 0.453408 0.744668 0.668606 0.879822 0.726588 0.788474 0.880222 0.356038 0.857929 0.777887 0.851286 0.681899 0.891732 0.753795 0.772164 0.541041 0.467822 0.969618 0.991891 0.881417 0.622853 0.940245 0.694072 0.868876 0.862225 0.611601 0.856170
0.388690 0.447611 0.000000 0.237164 0.733353 0.877427 0.401877 0.618556 0.703954 0.539033 0.776704 0.668306 0.325251 0.628087 0.460249 0.516411 0.774565 0.763867 0.574869 0.574073 0.515169 0.882123 0.346023 0.330709 0.290703 0.353147 0.614184 0.678481 0.915709 0.906490 0.666702 0.837580 0.506115 0.597586 0.353374 0.877225 0.334100 0.496738 0.380864 0.686886 0.654450 0.906706 0.987654 0.963052 0.936525 0.998872 0.626608 0.616241 0.941485 0.678136 0.892689 0.720191 0.931711 0.714002 0.263653 0.530135 0.650447 0.487859 0.442685 0.409637 0.370889 0.469917 0.737605 0.758113 0.179203 0.211187 0.358158 0.465145 0.295941 0.386710 0.792165 0.992937 0.687666 0.771269 0.820601 0.969012 0.788392 0.896267 0.762353 0.802430 0.676891 0.540377 0.613901 0.486964 0.247156 0.227178 0.549369 0.648193 0.280111 0.315433 0.671891 0.606057 0.929547 0.899820 0.706728 0.974098 0.653297 0.963929 0.762851 0.709959 0.528195 0.732842 0.775433 0.794608 0.663951 0.644867 0.927623 0.919278 0.953467 0.830710 0.929332 0.907202 0.830405 0.879584 0.836797 0.890317
0.472141 0.478200 0.237164 0.000000 0.726027 0.853504 0.437858 0.500938 0.740210 0.632363 0.910766 0.644013 0.386625 0.564670 0.452154 0.455760 0.851553 0.777285 0.614952 0.599803 0.542605 0.984861 0.297967 0.260990 0.311300 0.426645 0.599311 0.712867 0.932008 0.899473 0.680202 0.974114 0.562709 0.609319 0.393890 0.775172 0.414096 0.478323 0.379548 0.669934 0.732595 0.812778 0.892435 0.875608 0.985839 0.896747 0.612033 0.547150 0.995954 0.652269 0.833402 0.702628 0.949758 0.745414 0.342026 0.584121 0.677945 0.516998 0.500734 0.452934 0.454230 0.498989 0.789694 0.770329 0.245292 0.274646 0.396468 0.471653 0.425457 0.464102 0.797903 0.996143 0.842770 0.897865 0.833915 0.956429 0.730742 0.963736 0.754819 0.831251 0.722494 0.629580 0.643123 0.533536 0.317773 0.240574 0.573393 0.666631 0.365002 0.291553 0.802342 0.696519 0.944894 0.969675 0.698566 0.912425 0.679886 0.977683 0.869098 0.833830 0.576957 0.675433 0.826776 0.879838 0.646396 0.565559 0.901488 0.941616 0.859080 0.763408 0.985972 0.965913 0.858857 0.899917 0.852746 0.875795
0.677490 0.717258 0.733353 0.726027 0.000000 0.949546 0.744105 0.774447 0.893094 0.856757 0.838958 0.761128 0.606560 0.783337 0.663053 0.676499 0.805978 0.831311 0.750607 0.766267 0.799973 0.776387 0.636955 0.715597 0.642313 0.745931 0.868826 0.840032 0.915133 0.936168 0.762483 0.999371 0.721626 0.736449 0.774222 0.896944 0.716607 0.793140 0.849664 0.775931 0.967481 0.957035 0.935604 0.940221 0.947617 0.998923 0.806849 0.760833 0.954456 0.924426 0.916139 0.906970 0.957268 0.786875 0.716391 0.860930 0.727241 0.740577 0.728071 0.761337 0.699028 0.727917 0.818269 0.781521 0.700792 0.672321 0.773618 0.788406 0.634466 0.649011 0.936673 0.894731 0.862899 0.967013 0.911512 0.915327 0.970583 0.990946 0.880235 0.791109 0.748114 0.775676 0.721483 0.746978 0.660239 0.667803 0.863463 0.776755 0.733026 0.723586 0.820863 0.834222 0.997474 0.833643 0.775920 0.995907 0.876438 0.915891 0.971153 0.945211 0.803169 0.924243 0.950819 0.943960 0.905982 0.738939 0.950775 0.966504 0.963177 0.994175 0.835827 0.950294 0.999852 0.896428 0.821960 0.999684
0.801868 0.811817 0.877427 0.853504 0.949546 0.000000 0.811539 0.833267 0.924883 0.987912 0.829598 0.815236 0.880560 0.835186 0.889240 0.821076 0.836668 0.750439 0.833036 0.874148 0.700241 0.904881 0.991662 0.904721 0.965080 0.956506 0.965966 0.721566 0.853174 0.873054 0.825261 0.906517 0.876540 0.822422 0.949478 0.689994 0.956693 0.899986 0.893495 0.732070 0.773145 0.846866 0.774381 0.770553 0.813496 0.816473 0.862238 0.970026 0.884890 0.948518 0.952796 0.912315 0.896420 0.749377 0.889606 0.875286 0.771832 0.829605 0.910026 0.930190 0.884336 0.918326 0.958727 0.982413 0.890392 0.788430 0.789684 0.805481 0.879704 0.895433 0.977914 0.950542 0.909609 0.985259 0.757410 0.951849 0.950843 0.994981 0.943003 0.799305 0.850432 0.798830 0.963582 0.865595 0.905702 0.836407 0.810044 0.927497 0.995514 0.861308 0.767536 0.898787 0.746240 0.807817 0.890830 0.931762 0.773292 0.652331 0.763780 0.759767 0.965450 0.995658 0.918237 0.890139 0.970951 0.878144 0.934438 0.962265 0.938770 0.870686 0.871630 0.876848 0.928984 0.993621 0.994248 0.692112
0.285155 0.308879 0.401877 0.437858 0.744105 0.811539 0.000000 0.282781 0.610976 0.958491 0.494223 0.435909 0.303543 0.358325 0.424326 0.529781 0.469468 0.433244 0.299729 0.358543 0.703767 0.988805 0.534734 0.590252 0.698905 0.725533 0.931870 0.908723 0.617725 0.685239 0.618306 0.773201 0.280623 0.257339 0.524981 0.846518 0.464527 0.518690 0.654955 0.796933 0.739916 0.739704 0.518440 0.461187 0.565395 0.505682 0.371214 0.353444 0.631726 0.461458 0.548048 0.497152 0.785183 0.955727 0.385700 0.453718 0.377182 0.328324 0.326521 0.403887 0.264271 0.382294 0.435524 0.434676 0.510214 0.364754 0.243964 0.284210 0.400354 0.424698 0.477508 0.707498 0.626910 0.563634 0.727201 0.824024 0.522790 0.712624 0.507257 0.547540 0.429587 0.434523 0.518465 0.457712 0.401302 0.432484 0.698888 0.688006 0.535678 0.556379 0.951917 0.856003 0.987448 0.946659 0.706148 0.851120 0.430323 0.910711 0.707096 0.754038 0.785292 0.903080 0.789423 0.704510 0.433604 0.506349 0.864548 0.921611 0.903995 0.663878 0.819411 0.660090 0.813508 0.775639 0.674851 0.973203
0.395304 0.323735 0.618556 0.500938 0.774447 0.833267 0.282781 0.000000 0.724517 0.895119 0.577424 0.360398 0.453555 0.330464 0.591982 0.564425 0.531344 0.484165 0.384780 0.414559 0.803012 0.955224 0.620363 0.675185 0.854254 0.910492 0.980748 0.965168 0.545523 0.614622 0.729970 0.697566 0.409756 0.316360 0.653915 0.781954 0.597605 0.598339 0.758116 0.795467 0.903666 0.707762 0.455423 0.436182 0.562234 0.463107 0.323523 0.341275 0.559942 0.426606 0.433918 0.415263 0.689328 0.943510 0.493150 0.537218 0.421652 0.371239 0.365649 0.405729 0.342618 0.322243 0.411819 0.356494 0.741015 0.521732 0.404062 0.386288 0.582281 0.479770 0.557965 0.740485 0.756402 0.703490 0.748218 0.763802 0.500738 0.665533 0.523599 0.552229 0.465277 0.550376 0.552536 0.570698 0.579452 0.562390 0.809631 0.744173 0.682667 0.620122 0.993971 0.864049 0.970753 0.828826 0.829576 0.758956 0.450200 0.853685 0.556283 0.568783 0.958136 0.974116 0.629281 0.641817 0.517801 0.487645 0.873723 0.757019 0.947409 0.668695 0.772253 0.563388 0.725010 0.807748 0.654203 0.883169
0.835274 0.851871 0.703954 0.740210 0.893094 0.924883 0.610976 0.724517 0.000000 0.850410 0.939338 0.969660 0.721481 0.900169 0.820300 0.953506 0.948530 0.993884 0.834691 0.887544 0.964249 0.952040 0.815151 0.788977 0.772576 0.688031 0.925577 0.972684 0.993126 0.914733 0.728766 0.967560 0.753238 0.818216 0.723087 0.949450 0.722434 0.722266 0.858907 0.906821 0.996003 0.812872 0.776552 0.777983 0.655400 0.712581 0.756156 0.707392 0.800371 0.672689 0.694750 0.686918 0.684790 0.768049 0.669064 0.671116 0.922092 0.889702 0.741809 0.844673 0.717085 0.781749 0.939374 0.950357 0.745398 0.756459 0.667418 0.619810 0.739275 0.848387 0.752753 0.793213 0.797986 0.730700 0.783342 0.996702 0.689061 0.956794 0.931220 0.959754 0.982210 0.983244 0.957177 0.883880 0.814045 0.800210 0.964853 0.826192 0.740922 0.835575 0.929990 0.942056 0.992708 0.883194 0.730136 0.920849 0.929253 0.959491 0.876744 0.889314 0.904764 0.917024 0.990803 0.805944 0.775364 0.744620 0.850818 0.932148 0.807025 0.979502 0.882274 0.858985 0.923340 0.978894 0.818035 0.970871
0.662069 0.741161 0.539033 0.632363 0.856757 0.987912 0.958491 0.895119 0.850410 0.000000 0.948118 0.907018 0.641433 0.878891 0.766550 0.789307 0.897713 0.910410 0.828588 0.789895 0.706519 0.996898 0.564699 0.523134 0.461133 0.615041 0.519064 0.713308 0.757710 0.870376 0.909631 0.730726 0.809410 0.977939 0.596976 0.981468 0.612643 0.881039 0.501608 0.837686 0.792165 0.902940 0.571821 0.627859 0.464343 0.502265 0.964911 0.929573 0.549081 0.859350 0.665562 0.829733 0.578390 0.450362 0.615817 0.853236 0.827089 0.715604 0.858840 0.808649 0.798967 0.886734 0.925733 0.972649 0.447869 0.556105 0.830999 0.986092 0.567911 0.704444 0.925898 0.711048 0.884487 0.772001 0.972844 0.803310 0.813522 0.711727 0.913640 0.994784 0.780371 0.606233 0.607374 0.579492 0.426501 0.457737 0.662543 0.652780 0.550144 0.453312 0.452958 0.473178 0.767445 0.720115 0.995272 0.784145 0.956831 0.811900 0.461816 0.408979 0.432593 0.574293 0.521251 0.517368 0.900082 0.999338 0.875885 0.701094 0.924002 0.986683 0.627005 0.713443 0.610304 0.768263 0.877153 0.916648
0.365729 0.371638 0.776704 0.910766 0.838958 0.829598 0.494223 0.577424 0.939338 0.948118 0.000000 0.345096 0.549066 0.499809 0.794796 0.851056 0.368682 0.312924 0.362264 0.356945 0.793460 0.852931 0.928758 0.988604 0.915512 0.821172 0.828606 0.835576 0.476423 0.386391 0.984674 0.775474 0.437539 0.344149 0.832109 0.970742 0.770660 0.846947 0.930084 0.947371 0.752922 0.872463 0.707789 0.685096 0.703144 0.728686 0.584864 0.652269 0.659201 0.699427 0.773923 0.759976 0.928942 0.787039 0.721298 0.715632 0.347922 0.391346 0.515779 0.592394 0.447485 0.571921 0.356583 0.389405 0.882828 0.658564 0.523925 0.532820 0.545619 0.563157 0.707463 0.773974 0.655209 0.590517 0.754735 0.833390 0.759704 0.764655 0.539139 0.470038 0.318923 0.371394 0.586038 0.548411 0.647158 0.749763 0.738835 0.819850 0.785645 0.825523 0.873974 0.816255 0.957861 0.812593 0.903426 0.976245 0.513241 0.873395 0.658656 0.790704 0.895082 0.893410 0.637137 0.706255 0.670005 0.661531 0.828991 0.899981 0.685764 0.735906 0.921539 0.715971 0.816701 0.819775 0.763528 0.890881
0.307533 0.255658 0.668306 0.644013 0.761128 0.815236 0.435909 0.360398 0.969660 0.907018 0.345096 0.000000 0.415555 0.308930 0.587174 0.578572 0.370099 0.290385 0.282491 0.279767 0.713010 0.864955 0.611448 0.712293 0.886016 0.906870 0.943428 0.943806 0.435963 0.399791 0.865860 0.728253 0.371605 0.316879 0.737897 0.862496 0.628504 0.671166 0.864693 0.804860 0.860096 0.818157 0.633333 0.654327 0.772112 0.733713 0.467887 0.535176 0.723124 0.623885 0.683054 0.657870 0.953944 0.745383 0.626863 0.622090 0.285104 0.295443 0.429305 0.479102 0.320522 0.316410 0.300422 0.250385 0.750340 0.516157 0.506443 0.492631 0.498215 0.430218 0.651850 0.785549 0.620878 0.668249 0.799770 0.787129 0.684238 0.635430 0.447782 0.408443 0.289514 0.357513 0.513012 0.497373 0.512429 0.545878 0.700564 0.718260 0.681440 0.622693 0.787881 0.668140 0.867777 0.620856 0.917340 0.781305 0.455703 0.811836 0.693118 0.747417 0.826076 0.951873 0.600357 0.713555 0.558258 0.509894 0.900670 0.933274 0.852262 0.629226 0.873329 0.643767 0.771538 0.799497 0.650194 0.874567
0.227935 0.269263 0.325251 0.386625 0.606560 0.880560 0.303543 0.453555 0.721481 0.641433 0.549066 0.415555 0.000000 0.392508 0.369138 0.412859 0.436889 0.476624 0.324685 0.346771 0.552410 0.952124 0.315161 0.438702 0.508038 0.674056 0.758256 0.759135 0.722446 0.729370 0.587920 0.934976 0.305244 0.351424 0.502796 0.918782 0.364680 0.566214 0.525082 0.701302 0.626866 0.895861 0.776369 0.695901 0.924708 0.798961 0.464426 0.447512 0.876921 0.548010 0.695556 0.573759 0.999074 0.783784 0.386318 0.509880 0.388110 0.289483 0.325563 0.332058 0.225533 0.330846 0.396821 0.397915 0.356436 0.284559 0.352436 0.475624 0.275564 0.301697 0.607607 0.875356 0.589759 0.659716 0.768083 0.840052 0.624730 0.809533 0.552907 0.495349 0.390224 0.350976 0.419770 0.372401 0.242378 0.288109 0.525705 0.550729 0.403614 0.391170 0.621495 0.603644 0.744261 0.736898 0.777235 0.977686 0.490055 0.992760 0.985342 0.952296 0.572376 0.806386 0.937509 0.890469 0.606965 0.465881 0.949594 0.870327 0.955872 0.776582 0.972398 0.838602 0.942698 0.985928 0.694122 0.960149
0.365121 0.334801 0.628087 0.564670 0.783337 0.835186 0.358325 0.330464 0.900169 0.878891 0.499809 0.308930 0.392508 0.000000 0.513234 0.471036 0.426379 0.341635 0.267937 0.321352 0.741129 0.843505 0.518653 0.539138 0.833230 0.953059 0.816149 0.979923 0.464908 0.453412 0.742376 0.620211 0.388127 0.326336 0.605641 0.798950 0.665893 0.541270 0.754741 0.792031 0.909623 0.761002 0.639682 0.595960 0.768964 0.685516 0.496755 0.527482 0.796001 0.704033 0.735416 0.718582 0.969193 0.788974 0.629156 0.619304 0.335948 0.378775 0.515525 0.573122 0.416817 0.439710 0.425362 0.371273 0.697476 0.503275 0.475831 0.536173 0.567015 0.565929 0.574914 0.708072 0.707627 0.753083 0.804161 0.760910 0.690592 0.601681 0.460096 0.444925 0.355936 0.391141 0.461551 0.467149 0.504272 0.494356 0.715139 0.609690 0.687721 0.625593 0.817251 0.736369 0.853899 0.774421 0.949541 0.790493 0.500220 0.871874 0.756497 0.735297 0.769445 0.960857 0.721316 0.708270 0.586290 0.585237 0.990592 0.946791 0.964278 0.672733 0.878483 0.661409 0.806800 0.851413 0.815469 0.916041
0.498069 0.548801 0.460249 0.452154 0.663053 0.889240 0.424326 0.591982 0.820300 0.766550 0.794796 0.587174 0.369138 0.513234 0.000000 0.312756 0.655716 0.615537 0.523627 0.566278 0.647045 0.942572 0.345189 0.399317 0.570793 0.722227 0.762603 0.757250 0.765638 0.812769 0.543986 0.796044 0.491314 0.541954 0.669636 0.899913 0.561363 0.580300 0.670688 0.934115 0.718702 0.797398 0.807097 0.767179 0.912686 0.871540 0.637052 0.602017 0.971467 0.770831 0.908955 0.804701 0.973010 0.770850 0.560853 0.696107 0.557066 0.518585 0.614501 0.612186 0.471255 0.511267 0.617414 0.587750 0.477898 0.455872 0.585970 0.633190 0.517844 0.568662 0.655771 0.904611 0.778926 0.821082 0.943813 0.842607 0.827447 0.803554 0.686672 0.595691 0.552964 0.523078 0.586368 0.488151 0.439900 0.438051 0.593259 0.551355 0.562153 0.499179 0.791875 0.790454 0.878727 0.845522 0.782049 0.994996 0.602304 0.981839 0.968373 0.954647 0.757013 0.929743 0.974789 0.939939 0.697296 0.715396 0.974386 0.949639 0.925177 0.920365 0.922068 0.905940 0.980194 0.933145 0.922856 0.863842
0.584293 0.607498 0.516411 0.455760 0.676499 0.821076 0.529781 0.564425 0.953506 0.789307 0.851056 0.578572 0.412859 0.471036 0.312756 0.000000 0.774517 0.709002 0.602949 0.644269 0.611621 0.967306 0.362459 0.370005 0.535820 0.702850 0.752985 0.787151 0.840395 0.889213 0.577274 0.783796 0.597750 0.568731 0.639504 0.815159 0.571631 0.624294 0.664254 0.739075 0.709113 0.936716 0.821972 0.758057 0.961696 0.916518 0.632270 0.645185 0.926900 0.902836 0.967925 0.886309 0.939917 0.745223 0.642424 0.779102 0.639106 0.605533 0.664871 0.604616 0.520086 0.518866 0.725106 0.656132 0.535961 0.468831 0.667134 0.742410 0.591735 0.567313 0.783553 0.908275 0.805090 0.803507 0.924547 0.739901 0.865986 0.800230 0.768573 0.667468 0.682781 0.632050 0.657368 0.570634 0.526227 0.420896 0.717254 0.672812 0.582342 0.518992 0.766971 0.739264 0.917942 0.822831 0.877926 0.998140 0.726872 0.998505 0.982661 0.987682 0.782686 0.813906 0.954888 0.950874 0.782720 0.653270 0.933021 0.929083 0.852827 0.957664 0.942470 0.888036 0.896668 0.986985 0.887355 0.860785
0.345910 0.303263 0.774565 0.851553 0.805978 0.836668 0.469468 0.531344 0.948530 0.897713 0.368682 0.370099 0.436889 0.426379 0.655716 0.774517 0.000000 0.228425 0.251897 0.276288 0.873640 0.887698 0.709788 0.860654 0.994969 0.852862 0.984581 0.938929 0.351371 0.317646 0.772974 0.643509 0.302225 0.321856 0.860016 0.981449 0.683716 0.804784 0.957928 0.834601 0.720950 0.732927 0.554131 0.511156 0.711688 0.679987 0.468022 0.540212 0.679352 0.653685 0.691408 0.670811 0.975476 0.853372 0.690873 0.640519 0.209627 0.271352 0.485289 0.551531 0.434519 0.524326 0.244162 0.251076 0.850251 0.652870 0.527240 0.574249 0.517901 0.539798 0.489815 0.672772 0.645820 0.710505 0.806632 0.713517 0.616729 0.544559 0.368465 0.345520 0.193297 0.260227 0.405033 0.447476 0.545484 0.673821 0.769442 0.599600 0.742368 0.745678 0.842917 0.857443 0.822678 0.731744 0.964897 0.978918 0.453475 0.873815 0.656605 0.740791 0.860173 0.834496 0.567247 0.580083 0.652151 0.654049 0.949935 0.904615 0.836272 0.680561 0.916864 0.629111 0.794887 0.782260 0.666242 0.875883
0.332600 0.285904 0.763867 0.777285 0.831311 0.750439 0.433244 0.484165 0.993884 0.910410 0.312924 0.290385 0.476624 0.341635 0.615537 0.709002 0.228425 0.000000 0.244855 0.201344 0.777820 0.825429 0.716122 0.784403 0.989078 0.862737 0.943599 0.966127 0.331633 0.281915 0.836993 0.594462 0.304443 0.280861 0.801839 0.881180 0.701648 0.638065 0.904217 0.881285 0.714580 0.680361 0.542752 0.529364 0.671165 0.688898 0.512890 0.575653 0.702655 0.741711 0.811003 0.816701 0.847624 0.681361 0.707573 0.669707 0.167398 0.252300 0.528307 0.636302 0.471988 0.567691 0.307314 0.292935 0.825359 0.614687 0.481697 0.514723 0.499150 0.525271 0.510190 0.614178 0.695230 0.680243 0.838362 0.766280 0.690295 0.530409 0.347778 0.304608 0.193107 0.234799 0.431340 0.471295 0.544638 0.625243 0.729171 0.642839 0.735928 0.719923 0.953047 0.875539 0.982307 0.855923 0.960131 0.818007 0.410701 0.823062 0.624273 0.673880 0.885321 0.887693 0.529459 0.600105 0.550780 0.616403 0.936129 0.894323 0.850554 0.612023 0.837907 0.609724 0.867307 0.765794 0.778232 0.867740
0.233807 0.219085 0.574869 0.614952 0.750607 0.833036 0.299729 0.384780 0.834691 0.828588 0.362264 0.282491 0.324685 0.267937 0.523627 0.602949 0.251897 0.244855 0.000000 0.237017 0.699787 0.856098 0.577653 0.667474 0.859529 0.997233 0.859183 0.954872 0.404010 0.394644 0.720453 0.681859 0.267669 0.236421 0.619640 0.897918 0.601357 0.620878 0.761324 0.741431 0.776680 0.764157 0.586126 0.544927 0.703564 0.657457 0.398717 0.449763 0.692622 0.591456 0.646595 0.602506 0.979282 0.789201 0.518257 0.556670 0.212214 0.242933 0.350840 0.442430 0.305051 0.429029 0.264537 0.280657 0.671284 0.469692 0.339026 0.445280 0.417396 0.456266 0.462586 0.729903 0.634904 0.702303 0.794509 0.750977 0.607111 0.608590 0.408047 0.401357 0.231870 0.274457 0.406789 0.419559 0.430703 0.502696 0.701812 0.600750 0.637921 0.639993 0.789532 0.755504 0.842486 0.739842 0.864131 0.863176 0.378406 0.880926 0.715844 0.744600 0.709269 0.967191 0.692261 0.635548 0.526631 0.511081 0.994369 0.940956 0.860400 0.596324 0.900878 0.627265 0.820797 0.801023 0.629346 0.921032
0.256931 0.217890 0.574073 0.599803 0.766267 0.874148 0.358543 0.414559 0.887544 0.789895 0.356945 0.279767 0.346771 0.321352 0.566278 0.644269 0.276288 0.201344 0.237017 0.000000 0.687879 0.800061 0.562865 0.654896 0.792827 0.935101 0.850344 0.991080 0.462173 0.396656 0.671898 0.699521 0.246733 0.281487 0.639376 0.883835 0.544993 0.526816 0.742803 0.802180 0.723257 0.676813 0.613366 0.589404 0.779614 0.780653 0.481682 0.550700 0.795039 0.654267 0.753988 0.712743 0.888827 0.701416 0.566437 0.616266 0.185757 0.209621 0.433551 0.513220 0.355268 0.443268 0.313717 0.290457 0.636292 0.455722 0.391690 0.463993 0.360378 0.402376 0.452661 0.606389 0.634760 0.651705 0.792416 0.793077 0.569281 0.582457 0.395754 0.360625 0.225820 0.234863 0.401550 0.427190 0.394279 0.470697 0.689722 0.655896 0.599764 0.577157 0.798709 0.749085 0.924566 0.816065 0.916885 0.870199 0.399335 0.937396 0.781106 0.821525 0.734883 0.961948 0.635993 0.721473 0.495177 0.548150 0.957798 0.948743 0.861518 0.662831 0.901927 0.708295 0.949737 0.805637 0.716114 0.851820
0.597436 0.630288 0.515169 0.542605 0.799973 0.700241 0.703767 0.803012 0.964249 0.706519 0.793460 0.713010 0.552410 0.741129 0.647045 0.611621 0.873640 0.777820 0.699787 0.687879 0.000000 0.882985 0.631014 0.559782 0.603014 0.659827 0.744982 0.622595 0.994094 0.985899 0.917849 0.939398 0.741350 0.711640 0.591141 0.713388 0.620726 0.623465 0.610311 0.760846 0.735787 0.977634 0.956028 0.951122 0.941883 0.979021 0.810829 0.918065 0.930154 0.924391 0.972709 0.969230 0.753760 0.641983 0.605828 0.880530 0.725144 0.658305 0.692499 0.682423 0.606186 0.663386 0.884591 0.877378 0.490398 0.449343 0.608304 0.783761 0.534714 0.616399 0.897929 0.976288 0.877018 0.961411 0.948605 0.975493 0.845878 0.967302 0.988228 0.769421 0.791518 0.663238 0.726343 0.729105 0.545778 0.470276 0.721804 0.780840 0.618332 0.597855 0.781935 0.677436 0.996144 0.936216 0.764901 0.904071 0.786646 0.942246 0.878626 0.841890 0.702868 0.770407 0.925245 0.817274 0.941146 0.821127 0.948756 0.819242 0.894376 0.998901 0.929710 0.877805 0.857428 0.912661 0.903807 0.928392
0.938956 0.891171 0.882123 0.984861 0.776387 0.904881 0.988805 0.955224 0.952040 0.996898 0.852931 0.864955 0.952124 0.843505 0.942572 0.967306 0.887698 0.825429 0.856098 0.800061 0.882985 0.000000 0.996579 0.996338 0.975259 0.922782 0.928758 0.937228 0.808208 0.773143 0.904803 0.769898 0.897919 0.894459 0.931835 0.850255 0.990223 0.972365 0.917193 0.806191 0.916672 0.948089 0.779617 0.837446 0.907139 0.973803 0.878828 0.929285 0.976341 0.979324 0.940627 0.954198 0.840672 0.898408 0.884959 0.973962 0.811826 0.904306 0.949541 0.946538 0.995102 0.926415 0.975907 0.943008 0.948127 0.995127 0.941634 0.959553 0.889264 0.913510 0.937588 0.980658 0.999361 0.918307 0.993927 0.980599 0.880706 0.770090 0.890187 0.987026 0.894470 0.937533 0.961407 0.994383 0.983950 0.999202 0.988357 0.916789 0.956499 0.967481 0.966117 0.894282 0.835567 0.871592 0.851880 0.893839 0.997129 0.918458 0.940587 0.894717 0.962090 0.956135 0.848808 0.917160 0.952524 0.838219 0.935212 0.985988 0.831321 0.942848 0.960807 0.962749 0.890562 0.925448 0.939434 0.887499
0.489882 0.498332 0.346023 0.297967 0.636955 0.991662 0.534734 0.620363 0.815151 0.564699 0.928758 0.611448 0.315161 0.518653 0.345189 0.362459 0.709788 0.716122 0.577653 0.562865 0.631014 0.996579 0.000000 0.214150 0.338610 0.539767 0.493515 0.732415 0.927569 0.941763 0.496462 0.946874 0.535963 0.660480 0.561011 0.897686 0.414663 0.518348 0.526542 0.764763 0.758823 0.847601 0.948748 0.919859 0.832077 0.943701 0.653596 0.642032 0.853600 0.756720 0.936517 0.789538 0.868950 0.714698 0.499685 0.711699 0.610477 0.519095 0.608065 0.561860 0.494206 0.502844 0.690281 0.636805 0.327737 0.361123 0.566938 0.677377 0.432260 0.474428 0.714364 0.906096 0.800426 0.915506 0.813600 0.931507 0.828050 0.926327 0.682864 0.712674 0.619194 0.563460 0.542014 0.513853 0.299668 0.268081 0.510568 0.554823 0.406372 0.332950 0.669421 0.647747 0.860882 0.805858 0.789705 0.969437 0.712604 0.969612 0.817255 0.808700 0.521123 0.708156 0.887213 0.936263 0.682796 0.654182 0.966411 0.907035 0.841038 0.842381 0.938212 0.961089 0.892884 0.911236 0.867115 0.968870
0.586433 0.600298 0.330709 0.260990 0.715597 0.904721 0.590252 0.675185 0.788977 0.523134 0.988604 0.712293 0.438702 0.539138 0.399317 0.370005 0.860654 0.784403 0.667474 0.654896 0.559782 0.996338 0.214150 0.000000 0.283971 0.445182 0.458335 0.683034 0.948600 0.937662 0.622864 0.976405 0.646450 0.720868 0.467970 0.752694 0.463002 0.469878 0.465785 0.734849 0.786879 0.835941 0.953135 0.994132 0.811052 0.882674 0.729803 0.744141 0.771727 0.926804 0.882252 0.980115 0.747064 0.583981 0.466754 0.690461 0.696050 0.604229 0.718789 0.689591 0.597619 0.614832 0.889175 0.827284 0.301848 0.350940 0.603851 0.706621 0.496800 0.582789 0.833791 0.959409 0.964935 0.992837 0.895616 0.964228 0.940673 0.999072 0.788376 0.815797 0.735802 0.612318 0.594356 0.507246 0.340291 0.249888 0.584218 0.555025 0.408271 0.317404 0.708521 0.615009 0.972783 0.873284 0.813478 0.941054 0.791326 0.979569 0.772048 0.747013 0.550394 0.667206 0.766986 0.820630 0.762871 0.754324 0.989090 0.822827 0.807889 0.911308 0.898836 0.899360 0.783476 0.820429 0.981913 0.935280
0.617709 0.696343 0.290703 0.311300 0.642313 0.965080 0.698905 0.854254 0.772576 0.461133 0.915512 0.886016 0.508038 0.833230 0.570793 0.535820 0.994969 0.989078 0.859529 0.792827 0.603014 0.975259 0.338610 0.283971 0.000000 0.258342 0.460956 0.611986 0.677790 0.667217 0.672138 0.775597 0.736526 0.872499 0.436448 0.830482 0.397359 0.583008 0.409057 0.674457 0.725132 0.954297 0.784353 0.842700 0.661729 0.738740 0.842033 0.804445 0.661900 0.972517 0.838756 0.996008 0.756718 0.590362 0.409898 0.706137 0.857625 0.710555 0.733995 0.664217 0.639678 0.681063 0.960258 0.988886 0.207689 0.338040 0.659996 0.756396 0.439642 0.492121 0.980128 0.910831 0.915436 0.990374 0.931320 0.859358 0.981524 0.763269 0.959280 0.995971 0.896769 0.724969 0.688724 0.560797 0.329024 0.267486 0.566840 0.671329 0.330814 0.287142 0.716810 0.596575 0.982012 0.907845 0.786195 0.977774 0.909529 0.932227 0.566133 0.541961 0.492840 0.628233 0.591675 0.639344 0.870518 0.817091 0.923747 0.856450 0.904116 0.993110 0.758135 0.731746 0.687956 0.734142 0.977019 0.907792
0.761987 0.868768 0.353147 0.426645 0.745931 0.956506 0.725533 0.910492 0.688031 0.615041 0.821172 0.906870 0.674056 0.953059 0.722227 0.702850 0.852862 0.862737 0.997233 0.935101 0.659827 0.922782 0.539767 0.445182 0.258342 0.000000 0.543712 0.599195 0.589095 0.540257 0.705127 0.795168 0.832020 0.987813 0.518811 0.791412 0.507692 0.620143 0.476835 0.659961 0.828161 0.980639 0.815925 0.854205 0.771775 0.808270 0.881184 0.918117 0.709106 0.969027 0.886929 0.973482 0.895905 0.796073 0.433220 0.721363 0.991466 0.879794 0.797845 0.757315 0.762664 0.833300 0.809605 0.801467 0.297553 0.423177 0.667829 0.756581 0.534521 0.653336 0.953418 0.969997 0.949847 0.953360 0.918482 0.792152 0.988080 0.668374 0.907562 0.873009 0.905096 0.910847 0.859755 0.760203 0.490906 0.388950 0.773024 0.845691 0.429910 0.446522 0.883168 0.770997 0.892145 0.920564 0.707344 0.942416 0.990960 0.935028 0.607975 0.603395 0.636614 0.761235 0.590869 0.584111 0.948886 0.885470 0.869437 0.837661 0.857256 0.978509 0.855967 0.731484 0.695433 0.787565 0.928379 0.771195
0.810014 0.845427 0.614184 0.599311 0.868826 0.965966 0.931870 0.980748 0.925577 0.519064 0.828606 0.943428 0.758256 0.816149 0.762603 0.752985 0.984581 0.943599 0.859183 0.850344 0.744982 0.928758 0.493515 0.458335 0.460956 0.543712 0.000000 0.689568 0.810205 0.846383 0.828212 0.902205 0.857719 0.971979 0.689128 0.835259 0.790121 0.653101 0.714396 0.913321 0.984532 0.897891 0.750714 0.747456 0.596941 0.622726 0.984145 0.906966 0.548804 0.839713 0.728279 0.828679 0.600712 0.593624 0.737588 0.973760 0.894706 0.868976 0.982573 0.935573 0.918953 0.927933 0.932523 0.964509 0.531984 0.615255 0.825616 0.993453 0.673302 0.766293 0.965006 0.997957 0.991615 0.827179 0.881405 0.941937 0.847964 0.812596 0.926709 0.980477 0.931415 0.803686 0.774408 0.796779 0.581723 0.522276 0.770443 0.770678 0.630773 0.553683 0.811039 0.704171 0.938975 0.897094 0.990230 0.995658 0.914211 0.972427 0.666490 0.628233 0.601007 0.728623 0.706946 0.720030 0.928639 0.952130 0.959910 0.748226 0.855047 0.997517 0.848453 0.737485 0.659372 0.807585 0.876114 0.796926
0.852425 0.895061 0.678481 0.712867 0.840032 0.721566 0.908723 0.965168 0.972684 0.713308 0.835576 0.943806 0.759135 0.979923 0.757250 0.787151 0.938929 0.966127 0.954872 0.991080 0.622595 0.937228 0.732415 0.683034 0.611986 0.599195 0.689568 0.000000 0.890957 0.788993 0.827583 0.883342 0.931450 0.978407 0.867483 0.725646 0.730695 0.970721 0.787195 0.767840 0.872331 0.956150 0.991232 0.980865 0.797330 0.913109 0.893567 0.908482 0.849191 0.978287 0.946926 0.986257 0.920685 0.843140 0.743542 0.926445 0.918732 0.879950 0.849323 0.787716 0.886030 0.928158 0.923152 0.919941 0.634574 0.696055 0.856446 0.971634 0.773244 0.723661 0.903042 0.844095 0.924863 0.817749 0.894611 0.971004 0.881271 0.907061 0.980843 0.998806 0.990398 0.895428 0.923119 0.914669 0.733729 0.676747 0.909414 0.984873 0.768844 0.705398 0.874235 0.888180 0.960063 0.992058 0.808509 0.790901 0.920384 0.914553 0.801210 0.766698 0.797263 0.822606 0.766958 0.767735 0.874831 0.945197 0.842142 0.911194 0.862634 0.954744 0.820142 0.808346 0.951115 0.953250 0.910743 0.777361
0.619212 0.520800 0.915709 0.932008 0.915133 0.853174 0.617725 0.545523 0.993126 0.757710 0.476423 0.435963 0.722446 0.464908 0.765638 0.840395 0.351371 0.331633 0.404010 0.462173 0.994094 0.808208 0.927569 0.948600 0.677790 0.589095 0.810205 0.890957 0.000000 0.203307 0.779298 0.406892 0.506882 0.434351 0.913699 0.985425 0.933845 0.920389 0.789335 0.984221 0.947746 0.822191 0.398503 0.407527 0.537491 0.549947 0.598715 0.627800 0.583157 0.708386 0.639285 0.722601 0.831039 0.954883 0.984661 0.825946 0.370225 0.529559 0.659774 0.768811 0.665639 0.692165 0.352990 0.330927 0.781742 0.967740 0.724689 0.700759 0.844351 0.826112 0.502320 0.597001 0.750195 0.700397 0.910627 0.693147 0.651438 0.387067 0.420738 0.367085 0.375246 0.551486 0.664046 0.755167 0.935186 0.996661 0.955612 0.856607 0.942895 0.903667 0.957999 0.900291 0.914625 0.792891 0.901821 0.850580 0.469322 0.913363 0.487202 0.457576 0.829107 0.725463 0.408840 0.403147 0.664572 0.726233 0.970908 0.957145 0.817061 0.689564 0.753595 0.562867 0.632342 0.711053 0.747417 0.899623
0.594595 0.500041 0.906490 0.899473 0.936168 0.873054 0.685239 0.614622 0.914733 0.870376 0.386391 0.399791 0.729370 0.453412 0.812769 0.889213 0.317646 0.281915 0.394644 0.396656 0.985899 0.773143 0.941763 0.937662 0.667217 0.540257 0.846383 0.788993 0.203307 0.000000 0.872839 0.472980 0.513469 0.473423 0.929079 0.994930 0.968514 0.898237 0.788624 0.983418 0.924747 0.804319 0.545536 0.550783 0.659501 0.700094 0.675662 0.736713 0.681633 0.811372 0.777896 0.850171 0.988965 0.894100 0.960829 0.906001 0.338086 0.502385 0.710343 0.809478 0.683253 0.713164 0.351810 0.331565 0.792238 0.955994 0.755745 0.754475 0.816159 0.834367 0.562125 0.631192 0.728472 0.716970 0.857590 0.667781 0.754386 0.434872 0.420464 0.364448 0.329990 0.467155 0.620734 0.703626 0.893109 0.991372 0.904395 0.788604 0.940598 0.936522 0.953117 0.988291 0.884977 0.788864 0.981522 0.909348 0.516808 0.889255 0.569595 0.573267 0.937370 0.776037 0.420354 0.473304 0.675719 0.717932 0.868265 0.941135 0.814249 0.735974 0.790240 0.607601 0.746328 0.741738 0.785060 0.835412
0.769860 0.774289 0.666702 0.680202 0.762483 0.825261 0.618306 0.729970 0.728766 0.909631 0.984674 0.865860 0.587920 0.742376 0.543986 0.577274 0.772974 0.836993 0.720453 0.671898 0.917849 0.904803 0.496462 0.622864 0.672138 0.705127 0.828212 0.827583 0.779298 0.872839 0.000000 0.669246 0.625587 0.759899 0.862584 0.954047 0.534991 0.725947 0.848071 0.857643 0.840232 0.876567 0.746631 0.690457 0.978111 0.935978 0.770847 0.749483 0.906971 0.802934 0.834556 0.789354 0.793288 0.904572 0.748992 0.854363 0.729625 0.749119 0.775465 0.744777 0.707101 0.715827 0.782878 0.719939 0.727082 0.708071 0.802827 0.804423 0.696143 0.742395 0.554018 0.717268 0.677837 0.731836 0.789401 0.785736 0.677670 0.691754 0.740251 0.744035 0.791458 0.807120 0.818976 0.812843 0.694352 0.686594 0.940069 0.918973 0.748949 0.806136 0.809005 0.947972 0.822764 0.885025 0.830409 0.894452 0.797070 0.671210 0.912922 0.994295 0.818514 0.989299 0.872154 0.829794 0.703666 0.855680 0.829468 0.931305 0.913927 0.860808 0.937120 0.947655 0.998814 0.938873 0.948946 0.953749
0.919771 0.831760 0.837580 0.974114 0.999371 0.906517 0.773201 0.697566 0.967560 0.730726 0.775474 0.728253 0.934976 0.620211 0.796044 0.783796 0.643509 0.594462 0.681859 0.699521 0.939398 0.769898 0.946874 0.976405 0.775597 0.795168 0.902205 0.883342 0.406892 0.472980 0.669246 0.000000 0.699093 0.649171 0.826079 0.906444 0.995557 0.898714 0.810672 0.918252 0.996502 0.794056 0.528191 0.478880 0.676222 0.701423 0.800194 0.855334 0.838279 0.945559 0.900544 0.969383 0.926091 0.957232 0.974583 0.979545 0.605846 0.798520 0.984258 0.958753 0.961797 0.958410 0.729056 0.681683 0.758931 0.959565 0.941340 0.868160 0.982015 0.898683 0.690747 0.639386 0.964947 0.877224 0.928597 0.792442 0.816875 0.510846 0.670045 0.666914 0.648033 0.771363 0.861524 0.816255 0.935761 0.964424 0.852722 0.916156 0.902955 0.924324 0.758127 0.792546 0.877150 0.992598 0.887996 0.879404 0.805162 0.893421 0.608041 0.512964 0.778221 0.700225 0.536272 0.544659 0.851835 0.919405 0.989259 0.987552 0.932416 0.826324 0.748095 0.660076 0.777800 0.782905 0.921540 0.957564
0.258880 0.241208 0.506115 0.562709 0.721626 0.876540 0.280623 0.409756 0.753238 0.809410 0.437539 0.371605 0.305244 0.388127 0.491314 0.597750 0.302225 0.304443 0.267669 0.246733 0.741350 0.897919 0.535963 0.646450 0.736526 0.832020 0.857719 0.931450 0.506882 0.513469 0.625587 0.699093 0.000000 0.247903 0.651245 0.956528 0.484734 0.616379 0.719372 0.790405 0.618589 0.753456 0.540815 0.504473 0.712529 0.666389 0.399846 0.453552 0.711194 0.563506 0.659618 0.611742 0.940295 0.815588 0.467940 0.492235 0.238361 0.236152 0.385890 0.460020 0.320684 0.424808 0.295476 0.328234 0.584823 0.431856 0.344882 0.388800 0.361099 0.421955 0.444312 0.707097 0.627823 0.672808 0.703918 0.763251 0.523443 0.670009 0.372840 0.423169 0.264021 0.294530 0.395243 0.402756 0.375773 0.437308 0.696538 0.599801 0.538677 0.575298 0.870726 0.781088 0.956938 0.799949 0.853859 0.940634 0.437147 0.963530 0.764078 0.815445 0.790985 0.930429 0.735411 0.692384 0.542677 0.527196 0.970277 0.936798 0.989810 0.632049 0.871297 0.651290 0.874413 0.756383 0.689126 0.932262
0.270624 0.258984 0.597586 0.609319 0.736449 0.822422 0.257339 0.316360 0.818216 0.977939 0.344149 0.316879 0.351424 0.326336 0.541954 0.568731 0.321856 0.280861 0.236421 0.281487 0.711640 0.894459 0.660480 0.720868 0.872499 0.987813 0.971979 0.978407 0.434351 0.473423 0.759899 0.649171 0.247903 0.000000 0.641520 0.876223 0.575263 0.665705 0.763839 0.758689 0.648522 0.784439 0.508319 0.449837 0.599802 0.530876 0.367420 0.418785 0.573642 0.532520 0.578457 0.572117 0.901007 0.865398 0.504370 0.467353 0.250142 0.252683 0.338428 0.415550 0.279446 0.355187 0.288256 0.284844 0.697847 0.491098 0.349993 0.381507 0.438265 0.434765 0.536046 0.740045 0.639481 0.587471 0.778799 0.763022 0.567508 0.602096 0.441769 0.425892 0.264806 0.323818 0.424443 0.415084 0.475567 0.529468 0.708927 0.668600 0.604994 0.670934 0.884624 0.780883 0.934790 0.801506 0.880722 0.830634 0.349723 0.901494 0.611124 0.687712 0.901310 0.892739 0.643478 0.625014 0.519406 0.528146 0.991870 0.973864 0.867010 0.617852 0.813752 0.546683 0.780499 0.760659 0.653822 0.931769
0.497676 0.560614 0.353374 0.393890 0.774222 0.949478 0.524981 0.653915 0.723087 0.596976 0.832109 0.737897 0.502796 0.605641 0.669636 0.639504 0.860016 0.801839 0.619640 0.639376 0.591141 0.931835 0.561011 0.467970 0.436448 0.518811 0.689128 0.867483 0.913699 0.929079 0.862584 0.826079 0.651245 0.641520 0.000000 0.886245 0.493414 0.478983 0.387587 0.693857 0.800040 0.951777 0.899728 0.992979 0.947142 0.956415 0.756026 0.728313 0.879320 0.887204 0.993748 0.884035 0.822967 0.668120 0.381109 0.541453 0.717826 0.595432 0.583421 0.604343 0.520480 0.614392 0.853667 0.857722 0.328053 0.341102 0.442962 0.531755 0.477684 0.592996 0.864841 0.969144 0.819790 0.885594 0.975029 0.917639 0.911553 0.903706 0.828332 0.847910 0.748371 0.600942 0.604834 0.552768 0.395528 0.361125 0.709345 0.671443 0.410969 0.490308 0.687787 0.619479 0.984218 0.960152 0.808805 0.942207 0.731079 0.995403 0.733530 0.739626 0.488695 0.812794 0.747868 0.817697 0.733472 0.731070 0.953418 0.837528 0.928439 0.899229 0.794944 0.914878 0.756034 0.840685 0.853314 0.877635
0.903691 0.910233 0.877225 0.775172 0.896944 0.689994 0.846518 0.781954 0.949450 0.981468 0.970742 0.862496 0.918782 0.798950 0.899913 0.815159 0.981449 0.881180 0.897918 0.883835 0.713388 0.850255 0.897686 0.752694 0.830482 0.791412 0.835259 0.725646 0.985425 0.994930 0.954047 0.906444 0.956528 0.876223 0.886245 0.000000 0.967527 0.739846 0.830567 0.828315 0.875946 0.848109 0.877014 0.842462 0.972650 0.950961 0.904319 0.939562 0.976158 0.895244 0.915997 0.915408 0.824146 0.791406 0.861690 0.999413 0.891493 0.913054 0.964217 0.940705 0.946648 0.936729 0.868818 0.934941 0.839315 0.780884 0.877756 0.864394 0.916573 0.818377 0.909683 0.949603 0.970662 0.966500 0.860169 0.914859 0.988087 0.979310 0.984029 0.892568 0.985236 0.953488 0.979174 0.972592 0.919906 0.809831 0.998737 0.875030 0.982781 0.862295 0.777323 0.987696 0.818261 0.932053 0.913506 0.927500 0.929564 0.945345 0.948865 0.929048 0.994014 0.983355 0.956790 0.948456 0.868722 0.896312 0.911368 0.939911 0.896730 0.882348 0.904560 0.993967 0.942329 0.842498 0.806076 0.847502
0.417357 0.459757 0.334100 0.414096 0.716607 0.956693 0.464527 0.597605 0.722434 0.612643 0.770660 0.628504 0.364680 0.665893 0.561363 0.571631 0.683716 0.701648 0.601357 0.544993 0.620726 0.990223 0.414663 0.463002 0.397359 0.507692 0.790121 0.730695 0.933845 0.968514 0.534991 0.995557 0.484734 0.575263 0.493414 0.967527 0.000000 0.639737 0.597142 0.731761 0.621446 0.923081 0.909515 0.818529 0.972518 0.953514 0.627530 0.562803 0.961099 0.665117 0.860166 0.724454 0.993468 0.802494 0.363635 0.564289 0.572958 0.456080 0.486193 0.498839 0.405991 0.487960 0.651987 0.645011 0.361556 0.364438 0.506251 0.595253 0.361322 0.384929 0.716052 0.914081 0.689420 0.738399 0.752112 0.975910 0.743055 0.940015 0.679377 0.719749 0.607629 0.518850 0.537950 0.516574 0.335734 0.330870 0.660129 0.657481 0.405249 0.420523 0.615317 0.611989 0.847110 0.848278 0.764186 0.921567 0.681222 0.868766 0.817281 0.784406 0.526626 0.743532 0.959750 0.935713 0.736326 0.729610 0.997106 0.973838 0.969649 0.732781 0.876737 0.979340 0.847412 0.992575 0.788415 0.856551
0.614132 0.588226 0.496738 0.478323 0.793140 0.899986 0.518690 0.598339 0.722266 0.881039 0.846947 0.671166 0.566214 0.541270 0.580300 0.624294 0.804784 0.638065 0.620878 0.526816 0.623465 0.972365 0.518348 0.469878 0.583008 0.620143 0.653101 0.970721 0.920389 0.898237 0.725947 0.898714 0.616379 0.665705 0.478983 0.739846 0.639737 0.000000 0.595616 0.740938 0.836017 0.631955 0.868550 0.824957 0.878103 0.943427 0.785852 0.784171 0.971684 0.903613 0.995518 0.923805 0.739706 0.698247 0.604098 0.762429 0.633259 0.595340 0.773010 0.785579 0.664839 0.708184 0.856851 0.786856 0.504629 0.506412 0.553052 0.583040 0.557002 0.627058 0.628461 0.569294 0.788529 0.807638 0.999231 0.963432 0.738525 0.839149 0.766680 0.696639 0.725962 0.639077 0.790865 0.718860 0.538907 0.498720 0.806560 0.769958 0.583399 0.603037 0.977659 0.892746 0.805707 0.849147 0.967043 0.850624 0.775882 0.871572 0.932505 0.933793 0.728374 0.922269 0.897694 0.969365 0.597686 0.709390 0.804515 0.950507 0.893237 0.904276 0.963318 0.963188 0.808900 0.903097 0.886803 0.971613
