0.000000 0.430312 0.897001 0.999084 0.972757 0.902536 0.832023 0.669052 0.978204 0.673931 0.629253 0.556846 0.994376 0.847763 0.988494 0.831487 0.476420 0.523581 0.661416 0.603572 0.875055 0.984418 0.868153 0.934226 0.759068 0.809899 0.878205 0.821419 0.649685 0.648415 0.952863 0.922704 0.665628 0.662079 0.955032 0.995645 0.851974 0.788569 0.967994 0.896299 0.776245 0.923216 0.824908 0.703635 0.703818 0.712109 0.853698 0.808792 0.638428 0.797989 0.692067 0.833687 0.895184 0.918995 0.943433 0.911376 0.413406 0.433875 0.651530 0.841184 0.752899 0.813452 0.516345 0.474121 0.725663 0.891764 0.887865 0.858893 0.622127 0.666436 0.723455 0.780837 0.856949 0.733086 0.929118 0.957917 0.759738 0.757457 0.857715 0.876766 0.551164 0.599548 0.920637 0.787543 0.930912 0.954838 0.973140 0.908258 0.809835 0.968005 0.742509 0.769545 0.849062 0.955606 0.849262 0.897604 0.745696 0.865699 0.521936 0.629386 0.751711 0.909983 0.690056 0.569961 0.838920 0.956277 0.974929 0.845747 0.991829 0.872844 0.732484 0.744918 0.767526 0.969904 0.997891 0.889113
0.430312 0.000000 0.680502 0.868915 0.930484 0.974127 0.928077 0.767889 0.825256 0.750242 0.738249 0.549745 0.816092 0.880458 0.743342 0.989386 0.506878 0.496553 0.727690 0.540783 0.863759 0.917997 0.750622 0.856212 0.754598 0.687287 0.934353 0.792668 0.691598 0.629418 0.897437 0.929147 0.705560 0.701657 0.927880 0.908938 0.884285 0.754948 0.884565 0.897474 0.800161 0.737162 0.939426 0.767149 0.773257 0.717976 0.997117 0.923433 0.662922 0.799489 0.762254 0.886790 0.915919 0.894817 0.971803 0.843987 0.371308 0.333060 0.804844 0.798404 0.903672 0.772504 0.654819 0.468877 0.609624 0.875450 0.975073 0.904938 0.644271 0.625645 0.696567 0.820115 0.849147 0.699854 0.985433 0.970003 0.806152 0.764719 0.852269 0.876684 0.542414 0.625965 0.897039 0.768089 0.784861 0.921419 0.961047 0.957096 0.644941 0.944861 0.818168 0.834957 0.901823 0.992979 0.843212 0.898541 0.748849 0.827191 0.595071 0.723850 0.660559 0.984423 0.741284 0.603220 0.939197 0.881781 0.983679 0.917768 0.982191 0.873642 0.756027 0.726126 0.747609 0.945922 0.969181 0.901549
0.897001 0.680502 0.000000 0.498758 0.848745 0.982825 0.488375 0.840270 0.559046 0.973312 0.951564 0.671364 0.796288 0.944325 0.693862 0.988414 0.850716 0.765532 0.826835 0.773991 0.936198 0.857284 0.475981 0.698364 0.569322 0.544919 0.915148 0.785069 0.906431 0.737083 0.540167 0.754825 0.700460 0.792253 0.616508 0.981393 0.870355 0.960555 0.675972 0.915073 0.886469 0.864051 0.726265 0.931734 0.903196 0.977269 0.697461 0.793141 0.805113 0.967770 0.923246 0.832004 0.698431 0.690998 0.740455 0.919811 0.735427 0.696361 0.718381 0.952047 0.750391 0.915371 0.996233 0.701052 0.417333 0.618150 0.534915 0.683153 0.947490 0.894895 0.969326 0.958868 0.952830 0.962576 0.823710 0.830469 0.727477 0.817578 0.891331 0.978558 0.796939 0.855758 0.933255 0.755119 0.565229 0.713596 0.982557 0.894171 0.762020 0.844825 0.881113 0.843747 0.790385 0.654544 0.989850 0.929754 0.979262 0.841547 0.924306 0.945400 0.777411 0.825637 0.989553 0.808985 0.817459 0.600237 0.952547 0.845994 0.993378 0.969662 0.986729 0.920298 0.934982 0.932387 0.819918 0.941882
0.999084 0.868915 0.498758 0.000000 0.955112 0.957388 0.635792 0.744493 0.680651 0.923273 0.816224 0.841341 0.994182 0.949486 0.833672 0.865198 0.881606 0.762390 0.812709 0.951975 0.997220 0.991848 0.508930 0.537365 0.553278 0.578360 0.938027 0.822548 0.825031 0.705886 0.552668 0.738472 0.744341 0.909091 0.663968 0.975192 0.681565 0.775703 0.704157 0.943658 0.797613 0.979373 0.841267 0.935327 0.828825 0.774648 0.829722 0.920533 0.692166 0.887553 0.964502 0.976689 0.805222 0.651256 0.722378 0.934918 0.873490 0.855687 0.760323 0.896078 0.885234 0.925195 0.981594 0.845249 0.577693 0.604732 0.688192 0.836153 0.969157 0.931010 0.802563 0.757094 0.747021 0.897877 0.901433 0.863236 0.732945 0.884083 0.802913 0.975876 0.963148 0.949000 0.908179 0.894950 0.688611 0.693081 0.913753 0.880322 0.921758 0.799855 0.830035 0.804450 0.743391 0.669317 0.879713 0.994152 0.951947 0.958974 0.901774 0.982664 0.926575 0.703685 0.942268 0.956220 0.749227 0.715756 0.944394 0.791793 0.939003 0.972359 0.939505 0.961323 0.834752 0.876441 0.919514 0.973641
0.972757 0.930484 0.848745 0.955112 0.000000 0.727329 0.863774 0.995906 0.891250 0.918832 0.798036 0.946277 0.761440 0.998827 0.898776 0.874107 0.941802 0.987513 0.970415 0.920963 0.903461 0.892388 0.911055 0.966283 0.997067 0.937091 0.913943 0.982506 0.910069 0.986324 0.947461 0.901086 0.864520 0.880026 0.807551 0.872885 0.883411 0.861283 0.970652 0.952072 0.966017 0.868135 0.957843 0.898481 0.758075 0.793833 0.949148 0.778986 0.984951 0.875386 0.989540 0.899110 0.932091 0.954120 0.975480 0.877592 0.913380 0.903984 0.849549 0.880982 0.768137 0.948113 0.991244 0.863838 0.859815 0.827621 0.716339 0.650293 0.972202 0.974826 0.912307 0.805055 0.951844 0.935648 0.978371 0.964963 0.853959 0.938605 0.974614 0.875665 0.975941 0.973144 0.939010 0.881834 0.829502 0.871578 0.969709 0.942091 0.878690 0.845147 0.954637 0.928672 0.924101 0.859132 0.968779 0.927413 0.925365 0.986772 0.932744 0.935357 0.977106 0.920280 0.928553 0.786237 0.917415 0.962579 0.940223 0.979850 0.950008 0.949604 0.827372 0.991603 0.974383 0.952501 0.987773 0.742291
0.902536 0.974127 0.982825 0.957388 0.727329 0.000000 0.831100 0.803026 0.891370 0.753440 0.761919 0.778575 0.772901 0.985662 0.990721 0.871328 0.952989 0.973041 0.977777 0.915151 0.964938 0.884207 0.841414 0.817740 0.830953 0.870926 0.829094 0.984052 0.919073 0.932598 0.949110 0.825525 0.948244 0.960057 0.972750 0.841777 0.968702 0.874231 0.990315 0.962827 0.981776 0.879344 0.915396 0.959513 0.797204 0.759195 0.917351 0.914148 0.814763 0.863231 0.881312 0.884382 0.813349 0.936271 0.970557 0.923751 0.983374 0.984188 0.781520 0.909490 0.684446 0.783625 0.863765 0.889105 0.880351 0.985325 0.930247 0.878262 0.942116 0.953821 0.973558 0.921283 0.999603 0.985190 0.934485 0.955124 0.893502 0.990572 0.991208 0.901052 0.929478 0.962026 0.880772 0.933138 0.935032 0.888582 0.997969 0.948020 0.953053 0.873608 0.841453 0.862658 0.836427 0.908617 0.952932 0.998494 0.898134 0.836987 0.782386 0.953865 0.799997 0.875128 0.944834 0.975546 0.944461 0.923848 0.874225 0.975476 0.963026 0.975072 0.871820 0.907714 0.835043 0.928373 0.975418 0.810908
0.832023 0.928077 0.488375 0.635792 0.863774 0.831100 0.000000 0.589948 0.628545 0.638798 0.697244 0.997682 0.694616 0.896127 0.742561 0.840424 0.883469 0.961240 0.587961 0.969042 0.987426 0.902574 0.611686 0.764237 0.936838 0.885841 0.825777 0.988037 0.902383 0.963401 0.637819 0.762022 0.647338 0.611687 0.788121 0.920711 0.972940 0.891758 0.764703 0.965718 0.937068 0.897385 0.651168 0.793524 0.724515 0.831381 0.670149 0.746001 0.992670 0.997643 0.850253 0.941123 0.684431 0.670170 0.853137 0.894253 0.992929 0.925346 0.631743 0.924434 0.690323 0.919952 0.614370 0.973895 0.801207 0.952062 0.513678 0.731636 0.947659 0.968491 0.789341 0.802889 0.741709 0.797625 0.814509 0.737019 0.656247 0.823864 0.786063 0.857879 0.933424 0.849648 0.910406 0.939277 0.645591 0.828812 0.978704 0.919099 0.942493 0.956796 0.625208 0.581833 0.619403 0.637644 0.995161 0.923754 0.846947 0.881157 0.771926 0.692850 0.984621 0.648442 0.781014 0.869075 0.855694 0.705052 0.968039 0.738093 0.973408 0.921651 0.877213 0.901744 0.875380 0.981360 0.946084 0.929613
0.669052 0.767889 0.840270 0.744493 0.995906 0.803026 0.589948 0.000000 0.796959 0.546537 0.687317 0.597673 0.779551 0.738410 0.952854 0.739572 0.808654 0.930360 0.626216 0.833818 0.766707 0.983544 0.970016 0.997868 0.811223 0.915787 0.732798 0.847839 0.842712 0.811814 0.871681 0.943087 0.812028 0.739833 0.976887 0.906881 0.892286 0.977696 0.867927 0.872624 0.949609 0.897670 0.841667 0.810762 0.844375 0.831714 0.902623 0.862346 0.843650 0.990119 0.757211 0.980424 0.773363 0.726678 0.953707 0.993395 0.795011 0.816510 0.664977 0.801026 0.672644 0.670250 0.629388 0.661602 0.863826 0.966200 0.857222 0.911978 0.804776 0.826686 0.620815 0.809997 0.707616 0.737767 0.949607 0.949158 0.757831 0.945257 0.895908 0.984331 0.882318 0.925186 0.834440 0.933296 0.855659 0.755524 0.938191 0.836461 0.878796 0.931406 0.507199 0.515234 0.628903 0.672921 0.884248 0.966288 0.728999 0.846511 0.648012 0.718755 0.682472 0.558222 0.732826 0.629080 0.939566 0.832214 0.972305 0.797957 0.971417 0.890319 0.871110 0.834428 0.769385 0.858209 0.998753 0.985060
0.978204 0.825256 0.559046 0.680651 0.891250 0.891370 0.628545 0.796959 0.000000 0.853716 0.926981 0.873757 0.809100 0.871078 0.781818 0.807945 0.969033 0.879167 0.955190 0.879301 0.969585 0.806029 0.793550 0.908666 0.816832 0.662929 0.925660 0.805252 0.994438 0.830787 0.753135 0.997319 0.946934 0.936607 0.783312 0.856316 0.724562 0.960602 0.781518 0.833425 0.865733 0.980798 0.786791 0.857995 0.840892 0.941689 0.654915 0.770011 0.940906 0.789936 0.712145 0.717002 0.596313 0.690490 0.833042 0.984471 0.872045 0.862713 0.592396 0.730021 0.622860 0.850980 0.988101 0.975056 0.619955 0.705927 0.742635 0.852236 0.906578 0.944029 0.904237 0.953434 0.995972 0.972793 0.831988 0.910089 0.809230 0.967330 0.963444 0.877978 0.914711 0.839976 0.888066 0.996827 0.844952 0.970383 0.887044 0.838378 0.687724 0.777580 0.755721 0.824954 0.734994 0.822925 0.882610 0.932779 0.931467 0.926541 0.904390 0.875949 0.963971 0.955583 0.860154 0.921691 0.858232 0.679124 0.878706 0.786478 0.906258 0.992171 0.933641 0.988507 0.929920 0.976282 0.840722 0.888752
0.673931 0.750242 0.973312 0.923273 0.918832 0.753440 0.638798 0.546537 0.853716 0.000000 0.539765 0.672521 0.751901 0.817557 0.938514 0.821122 0.689235 0.698049 0.661743 0.769748 0.858803 0.974452 0.852351 0.826126 0.590568 0.666790 0.723356 0.793281 0.706268 0.624592 0.999876 0.992781 0.933258 0.706530 0.940418 0.877110 0.963058 0.899474 0.923652 0.841579 0.977673 0.998816 0.697236 0.656885 0.626539 0.622389 0.875745 0.785685 0.637538 0.906243 0.754348 0.991597 0.927400 0.954809 0.873383 0.928885 0.741893 0.802663 0.772991 0.973546 0.788489 0.917926 0.584795 0.636552 0.662791 0.674979 0.896091 0.987383 0.927525 0.877721 0.699169 0.795525 0.839934 0.740335 0.991702 0.852273 0.752410 0.996097 0.938041 0.977506 0.792654 0.808403 0.822919 0.894811 0.828462 0.741942 0.913160 0.893380 0.787131 0.758108 0.502488 0.578845 0.675501 0.874583 0.856268 0.977345 0.776041 0.876681 0.560805 0.618600 0.694505 0.783624 0.603900 0.628132 0.984536 0.998304 0.963936 0.810417 0.999945 0.999168 0.882150 0.702515 0.701668 0.850611 0.961797 0.902325
0.629253 0.738249 0.951564 0.816224 0.798036 0.761919 0.697244 0.687317 0.926981 0.539765 0.000000 0.634806 0.678741 0.781691 0.826215 0.871022 0.600879 0.577776 0.659604 0.672180 0.861020 0.903096 0.833785 0.803600 0.596794 0.641294 0.859610 0.754755 0.552078 0.543282 0.935711 0.991344 0.843318 0.679705 0.857564 0.931197 0.832820 0.757281 0.994689 0.850043 0.947911 0.973364 0.815450 0.715343 0.590784 0.632064 0.893434 0.778684 0.661972 0.819003 0.870957 0.946340 0.898831 0.959008 0.869754 0.966182 0.684797 0.718667 0.787955 0.993336 0.735258 0.956738 0.575256 0.673681 0.741023 0.760482 0.873646 0.891620 0.857022 0.788255 0.882634 0.980961 0.888382 0.810936 0.967107 0.840371 0.882813 0.883347 0.928397 0.815303 0.743446 0.691041 0.971650 0.870291 0.964376 0.812479 0.896264 0.945110 0.880828 0.693180 0.721094 0.727698 0.864966 0.961389 0.937841 0.990124 0.846343 0.998264 0.561686 0.621653 0.842092 0.845432 0.816197 0.786926 0.889407 0.959119 0.924954 0.949127 0.982808 0.870791 0.831072 0.734115 0.721390 0.905040 0.974731 0.969633
0.556846 0.549745 0.671364 0.841341 0.946277 0.778575 0.997682 0.597673 0.873757 0.672521 0.634806 0.000000 0.847993 0.676681 0.885686 0.736367 0.666276 0.681459 0.818743 0.713957 0.750156 0.932992 0.630596 0.728292 0.545968 0.573614 0.720137 0.710127 0.745359 0.623755 0.745583 0.856096 0.956746 0.907009 0.741770 0.955627 0.989300 0.949114 0.890133 0.817880 0.964171 0.835603 0.936157 0.895084 0.875999 0.794826 0.914524 0.927793 0.707038 0.979725 0.857616 0.954815 0.998720 0.998691 0.863845 0.954080 0.584362 0.575626 0.838690 0.804564 0.794854 0.674255 0.594885 0.436313 0.525132 0.743417 0.849062 0.934766 0.740814 0.758921 0.824711 0.981868 0.896562 0.823297 0.990437 0.887414 0.964088 0.990883 0.963464 0.973449 0.729387 0.774874 0.990502 0.711501 0.635431 0.645348 0.975329 0.962975 0.827859 0.801558 0.748288 0.783605 0.910941 0.988634 0.843344 0.992335 0.758526 0.821249 0.639497 0.770316 0.664815 0.833221 0.866463 0.618598 0.970469 0.826694 0.954198 0.986312 0.931561 0.875620 0.800924 0.786620 0.751020 0.877064 0.926938 0.942741
0.994376 0.816092 0.796288 0.994182 0.761440 0.772901 0.694616 0.779551 0.809100 0.751901 0.678741 0.847993 0.000000 0.803848 0.694122 0.776030 0.968930 0.961918 0.971170 0.896695 0.995115 0.974003 0.972270 0.886402 0.813820 0.924727 0.937177 0.929768 0.900780 0.909239 0.976375 0.863315 0.980490 0.917325 0.916462 0.955884 0.907891 0.819710 0.980104 0.949819 0.887791 0.818439 0.898793 0.881431 0.792458 0.826522 0.843798 0.823063 0.918163 0.929829 0.939014 0.971595 0.827786 0.948424 0.892467 0.951711 0.825684 0.822049 0.770886 0.973365 0.663655 0.908582 0.811248 0.976426 0.935618 0.954311 0.880323 0.912820 0.891000 0.929397 0.930716 0.919014 0.959895 0.932530 0.893969 0.827868 0.939401 0.989852 0.945490 0.961327 0.823783 0.898737 0.914018 0.874546 0.949504 0.860001 0.946921 0.899035 0.807001 0.842130 0.810476 0.867513 0.871754 0.883994 0.842307 0.976430 0.975737 0.999800 0.867789 0.933413 0.897270 0.846554 0.976907 0.985955 0.944383 0.968870 0.992665 0.979140 0.900939 0.919551 0.903216 0.920564 0.901695 0.952780 0.938236 0.912879
0.847763 0.880458 0.944325 0.949486 0.998827 0.985662 0.896127 0.738410 0.871078 0.817557 0.781691 0.676681 0.803848 0.000000 0.814320 0.700758 0.766662 0.764760 0.657099 0.714959 0.712543 0.970727 0.946354 0.902544 0.891098 0.793076 0.903584 0.709019 0.709168 0.675808 0.976151 0.882638 0.931469 0.931111 0.738419 0.976738 0.920643 0.938566 0.992278 0.777385 0.913929 0.985016 0.810182 0.863777 0.937564 0.960123 0.999321 0.896364 0.956901 0.745127 0.791217 0.690676 0.821607 0.923177 0.815430 0.899963 0.836556 0.893325 0.862164 0.810377 0.798302 0.905367 0.737955 0.866887 0.817595 0.784310 0.873384 0.793039 0.938012 0.990985 0.868352 0.959851 0.907741 0.811068 0.935670 0.897233 0.964472 0.990514 0.852000 0.824442 0.859226 0.837481 0.914699 0.984685 0.924435 0.863318 0.969389 0.877983 0.783390 0.656351 0.868866 0.902703 0.932202 0.971571 0.950807 0.889431 0.952224 0.954998 0.828024 0.791298 0.878086 0.750492 0.914166 0.776268 0.876325 0.725784 0.980800 0.956907 0.973306 0.849085 0.933018 0.828111 0.889132 0.944891 0.961627 0.838432
0.988494 0.743342 0.693862 0.833672 0.898776 0.990721 0.742561 0.952854 0.781818 0.938514 0.826215 0.885686 0.694122 0.814320 0.000000 0.764125 0.958666 0.953676 0.879513 0.997693 0.932515 0.884184 0.762729 0.803727 0.855038 0.789128 0.897886 0.896032 0.773695 0.969029 0.826924 0.858727 0.917561 0.954623 0.964825 0.893937 0.992927 0.847892 0.732192 0.861265 0.900130 0.820943 0.668478 0.799716 0.877234 0.937192 0.650741 0.636608 0.977740 0.935185 0.991015 0.911617 0.858183 0.977999 0.944304 0.932237 0.873757 0.806235 0.901015 0.850421 0.928156 0.806170 0.920690 0.838597 0.687748 0.876569 0.891995 0.954800 0.992850 0.848700 0.754687 0.871510 0.908797 0.848313 0.983918 0.857944 0.997620 0.940078 0.888047 0.806586 0.976713 0.992947 0.911005 0.961966 0.679438 0.853420 0.956217 0.928615 0.789935 0.998059 0.925273 0.904913 0.944914 0.896743 0.934609 0.998843 0.882457 0.895532 0.991912 0.850220 0.822620 0.971888 0.976176 0.841523 0.993439 0.856381 0.984686 0.881885 0.999011 0.928159 0.948023 0.904539 0.956236 0.998288 0.827201 0.953903
0.831487 0.989386 0.988414 0.865198 0.874107 0.871328 0.840424 0.739572 0.807945 0.821122 0.871022 0.736367 0.776030 0.700758 0.764125 0.000000 0.906523 0.961570 0.848258 0.860951 0.882062 0.886490 0.958111 0.849985 0.940158 0.967836 0.816957 0.941772 0.903714 0.853850 0.963721 0.883550 0.881656 0.939664 0.878565 0.846457 0.846210 0.980879 0.925996 0.900473 0.990040 0.986008 0.918473 0.977845 0.943298 0.950876 0.831805 0.849344 0.891852 0.931115 0.847010 0.973319 0.839728 0.902676 0.965937 0.890213 0.953357 0.941070 0.888493 0.982143 0.924336 0.945504 0.744994 0.803300 0.877380 0.862053 0.810254 0.731646 0.892943 0.970372 0.888513 0.914058 0.863524 0.886076 0.967090 0.931520 0.941735 0.998252 0.988276 0.991619 0.910274 0.891487 0.921174 0.747981 0.997862 0.919615 0.950549 0.855083 0.967783 0.972349 0.879430 0.983117 0.962645 0.930827 0.921527 0.951358 0.913447 0.935895 0.880741 0.897007 0.918964 0.931014 0.917572 0.815942 0.982232 0.905351 0.815691 0.932069 0.986886 0.941733 0.944720 0.949210 0.976827 0.947698 0.948952 0.937261
0.476420 0.506878 0.850716 0.881606 0.941802 0.952989 0.883469 0.808654 0.969033 0.689235 0.600879 0.666276 0.968930 0.766662 0.958666 0.906523 0.000000 0.367780 0.540606 0.512247 0.917300 0.991365 0.913403 0.910523 0.739761 0.703024 0.934665 0.792550 0.489077 0.517793 0.970634 0.848223 0.704656 0.660561 0.838309 0.988614 0.964781 0.960771 0.905754 0.914870 0.882406 0.876719 0.689863 0.663794 0.749587 0.801742 0.893260 0.848875 0.727345 0.893301 0.873712 0.975646 0.898214 0.890554 0.922076 0.952994 0.373970 0.460200 0.889222 0.940390 0.995617 0.907126 0.555408 0.544652 0.697418 0.730471 0.925569 0.964235 0.667962 0.686039 0.744503 0.780716 0.857879 0.764142 0.869143 0.867202 0.858163 0.818049 0.747982 0.719781 0.448499 0.568145 0.797111 0.760943 0.946482 0.939295 0.958649 0.960713 0.705256 0.870361 0.784232 0.807206 0.921295 0.944490 0.871650 0.896626 0.815839 0.963575 0.584078 0.546100 0.773209 0.952652 0.651027 0.653023 0.986654 0.838092 0.958603 0.953505 0.926848 0.848053 0.752471 0.716110 0.682663 0.998223 0.940199 0.930967
0.523581 0.496553 0.765532 0.762390 0.987513 0.973041 0.961240 0.930360 0.879167 0.698049 0.577776 0.681459 0.961918 0.764760 0.953676 0.961570 0.367780 0.000000 0.596326 0.462723 0.867750 0.959863 0.844004 0.883805 0.709942 0.609276 0.985960 0.761293 0.467770 0.457731 0.895309 0.851569 0.759127 0.688357 0.797434 0.986167 0.957793 0.993443 0.813629 0.843981 0.926382 0.915125 0.745228 0.661152 0.718547 0.743466 0.897019 0.803488 0.703785 0.875069 0.938324 0.977314 0.819868 0.780903 0.824819 0.998098 0.394318 0.459055 0.983787 0.874713 0.947282 0.876282 0.600459 0.598817 0.660443 0.717733 0.964580 0.954638 0.697529 0.706757 0.837554 0.898268 0.921270 0.754177 0.973097 0.879353 0.868036 0.774647 0.785501 0.753817 0.458967 0.531894 0.798866 0.787930 0.939836 0.922226 0.932418 0.980832 0.634977 0.812352 0.886894 0.870839 0.989586 0.891425 0.882400 0.875973 0.888676 0.984429 0.621482 0.592194 0.814396 0.942991 0.677924 0.700599 0.917871 0.766680 0.988012 0.940684 0.910234 0.918141 0.756866 0.651518 0.710279 0.960601 0.969292 0.946335
0.661416 0.727690 0.826835 0.812709 0.970415 0.977777 0.587961 0.626216 0.955190 0.661743 0.659604 0.818743 0.971170 0.657099 0.879513 0.848258 0.540606 0.596326 0.000000 0.580713 0.898719 0.982591 0.718653 0.778678 0.981832 0.844361 0.841830 0.840292 0.611956 0.638473 0.807491 0.639443 0.597262 0.599437 0.944766 0.992581 0.982121 0.953708 0.948882 0.863548 0.928709 0.985322 0.624061 0.748118 0.828178 0.897025 0.849154 0.783512 0.984579 0.910826 0.998643 0.859879 0.996595 0.915819 0.969582 0.908755 0.626136 0.714695 0.904232 0.818631 0.969516 0.807749 0.547153 0.794243 0.910777 0.839139 0.713556 0.917401 0.786766 0.863397 0.661575 0.784867 0.632017 0.628969 0.917552 0.763967 0.740810 0.755508 0.663200 0.675105 0.579040 0.582358 0.885189 0.904079 0.784249 0.903846 0.929282 0.943357 0.707143 0.832924 0.679518 0.642264 0.769560 0.851258 0.942014 0.853809 0.799997 0.876167 0.693069 0.567184 0.884553 0.689175 0.660933 0.730678 0.996703 0.987390 0.996296 0.898255 0.872845 0.882761 0.890317 0.818890 0.819306 0.996241 0.983405 0.946923
0.603572 0.540783 0.773991 0.951975 0.920963 0.915151 0.969042 0.833818 0.879301 0.769748 0.672180 0.713957 0.896695 0.714959 0.997693 0.860951 0.512247 0.462723 0.580713 0.000000 0.849263 0.839266 0.926714 0.936886 0.799729 0.699873 0.977331 0.760218 0.599415 0.597801 0.937750 0.756926 0.782827 0.804603 0.844871 0.942726 0.923896 0.956214 0.835625 0.831957 0.874973 0.895882 0.847962 0.834323 0.946361 0.977074 0.968400 0.901928 0.921320 0.937918 0.946025 0.828749 0.816320 0.897907 0.910907 0.928067 0.489759 0.507670 0.975348 0.898146 0.866943 0.930764 0.639660 0.633041 0.669972 0.749172 0.973654 0.868319 0.682763 0.736971 0.701596 0.815105 0.703958 0.641765 0.992637 0.907660 0.865431 0.772927 0.737372 0.763570 0.454054 0.534633 0.771505 0.722521 0.959141 0.945616 0.971958 0.971048 0.645876 0.839108 0.849662 0.802532 0.928580 0.939255 0.917593 0.925145 0.856684 0.993584 0.726626 0.671806 0.885884 0.980603 0.731052 0.656911 0.969390 0.770157 0.987201 0.912993 0.986780 0.941089 0.888325 0.821050 0.914360 0.897099 0.985863 0.810197
0.875055 0.863759 0.936198 0.997220 0.903461 0.964938 0.987426 0.766707 0.969585 0.858803 0.861020 0.750156 0.995115 0.712543 0.932515 0.882062 0.917300 0.867750 0.898719 0.849263 0.000000 0.962103 0.864494 0.913073 0.924243 0.897165 0.892363 0.941296 0.778096 0.810983 0.949376 0.978750 0.998713 0.954206 0.825194 0.855314 0.904279 0.935881 0.991736 0.885721 0.937445 0.962423 0.911135 0.990553 0.998179 0.937796 0.938183 0.989777 0.875042 0.994519 0.954570 0.965710 0.967462 0.955734 0.924713 0.805965 0.908482 0.898905 0.990390 0.966140 0.988269 0.808171 0.985404 0.818749 0.918982 0.978385 0.813728 0.913787 0.891507 0.951709 0.926328 0.977172 0.878460 0.945800 0.897959 0.930449 0.890704 0.962411 0.930789 0.982891 0.998607 0.994649 0.940167 0.885167 0.763734 0.711781 0.938626 0.888900 0.947390 0.971229 0.945114 0.925842 0.969841 0.917441 0.919711 0.947736 0.913661 0.958101 0.818982 0.979244 0.908076 0.946820 0.948861 0.884939 0.937888 0.999696 0.993160 0.996364 0.914749 0.899406 0.967222 0.886656 0.853668 0.869273 0.927356 0.852946
0.984418 0.917997 0.857284 0.991848 0.892388 0.884207 0.902574 0.983544 0.806029 0.974452 0.903096 0.932992 0.974003 0.970727 0.884184 0.886490 0.991365 0.959863 0.982591 0.839266 0.962103 0.000000 0.832344 0.925337 0.819522 0.845391 0.990078 0.842660 0.938052 0.938775 0.877066 0.943443 0.990145 0.993021 0.955971 0.998616 0.981915 0.968072 0.931389 0.965315 0.945894 0.938424 0.851646 0.912634 0.878865 0.881445 0.848897 0.867266 0.937996 0.863727 0.855978 0.795212 0.899188 0.945884 0.959796 0.863975 0.998773 0.948712 0.876754 0.932423 0.943529 0.980912 0.945993 0.893741 0.865477 0.874722 0.886859 0.892498 0.938388 0.997286 0.928152 0.989451 0.816770 0.918842 0.845351 0.975545 0.920224 0.955049 0.882618 0.966592 0.955235 0.903168 0.858349 0.973915 0.907060 0.931175 0.910254 0.996960 0.816957 0.893400 0.935969 0.998239 0.893164 0.975060 0.877299 0.753629 0.908514 0.960050 0.933317 0.962255 0.963455 0.922031 0.997842 0.956372 0.881762 0.979209 0.896258 0.860889 0.945461 0.928024 0.855761 0.965259 0.813639 0.941788 0.834779 0.869763
0.868153 0.750622 0.475981 0.508930 0.911055 0.841414 0.611686 0.970016 0.793550 0.852351 0.833785 0.630596 0.972270 0.946354 0.762729 0.958111 0.913403 0.844004 0.718653 0.926714 0.864494 0.832344 0.000000 0.422620 0.506701 0.640287 0.905802 0.853367 0.903078 0.804403 0.510452 0.620886 0.698813 0.842915 0.668281 0.914275 0.928202 0.966478 0.705864 0.909750 0.917289 0.950032 0.743029 0.971443 0.940059 0.821106 0.795586 0.869555 0.676733 0.853798 0.955146 0.998601 0.860373 0.758005 0.770973 0.895457 0.825228 0.788196 0.948246 0.850988 0.912511 0.721074 0.981055 0.645702 0.550114 0.732947 0.610419 0.835396 0.982487 0.862894 0.862294 0.841645 0.771934 0.844657 0.837209 0.799508 0.801289 0.790575 0.776905 0.816557 0.996621 0.925979 0.914235 0.834989 0.442724 0.488743 0.969175 0.890295 0.918498 0.901752 0.983623 0.915030 0.884785 0.740739 0.835433 0.904138 0.987604 0.745857 0.822751 0.951235 0.747738 0.811726 0.974914 0.860975 0.839647 0.832637 0.889921 0.846800 0.870427 0.886684 0.948621 0.833950 0.880049 0.917512 0.882239 0.936471
0.934226 0.856212 0.698364 0.537365 0.966283 0.817740 0.764237 0.997868 0.908666 0.826126 0.803600 0.728292 0.886402 0.902544 0.803727 0.849985 0.910523 0.883805 0.778678 0.936886 0.913073 0.925337 0.422620 0.000000 0.560365 0.708312 0.933295 0.936364 0.896499 0.817529 0.619628 0.587927 0.797732 0.967141 0.788301 0.973114 0.884671 0.914554 0.692593 0.986321 0.882510 0.990959 0.866764 0.926755 0.796038 0.741708 0.822279 0.937718 0.673385 0.809113 0.901523 0.929550 0.918804 0.768088 0.793656 0.871867 0.900972 0.866182 0.940249 0.780802 0.793709 0.798267 0.994374 0.731319 0.718375 0.826075 0.822756 0.988364 0.970791 0.879074 0.837141 0.749539 0.750397 0.739129 0.939513 0.877153 0.909208 0.848274 0.882008 0.812739 0.939172 0.858491 0.922783 0.937042 0.527657 0.532439 0.988348 0.880861 0.999943 0.922596 0.985743 0.966659 0.986698 0.877653 0.762922 0.948999 0.934124 0.784931 0.779109 0.995209 0.831088 0.875440 0.975912 0.932234 0.851695 0.954941 0.914206 0.794745 0.929139 0.989670 0.921743 0.821090 0.777538 0.826274 0.997910 0.962696
0.759068 0.754598 0.569322 0.553278 0.997067 0.830953 0.936838 0.811223 0.816832 0.590568 0.596794 0.545968 0.813820 0.891098 0.855038 0.940158 0.739761 0.709942 0.981832 0.799729 0.924243 0.819522 0.506701 0.560365 0.000000 0.452695 0.747281 0.680076 0.754243 0.631932 0.588659 0.734981 0.821224 0.997093 0.657753 0.901428 0.780736 0.788571 0.732826 0.812646 0.851430 0.992873 0.933597 0.858141 0.787907 0.740800 0.858984 0.995791 0.661410 0.964759 0.961021 0.849238 0.929199 0.887458 0.786979 0.945262 0.736008 0.760716 0.996937 0.989884 0.907033 0.864738 0.687731 0.558709 0.449510 0.537613 0.822595 0.857360 0.934655 0.861639 0.963392 0.996706 0.998526 0.911720 0.941169 0.986045 0.907350 0.903958 0.928389 0.991325 0.826704 0.834344 0.945455 0.806223 0.584007 0.572527 0.920815 0.958243 0.813947 0.774339 0.788934 0.818232 0.932057 0.927744 0.824619 0.999591 0.816169 0.823209 0.686442 0.817247 0.716646 0.940381 0.807808 0.657667 0.848012 0.799443 0.898609 0.956767 0.960472 0.856827 0.932836 0.762542 0.753793 0.769451 0.876591 0.951839
0.809899 0.687287 0.544919 0.578360 0.937091 0.870926 0.885841 0.915787 0.662929 0.666790 0.641294 0.573614 0.924727 0.793076 0.789128 0.967836 0.703024 0.609276 0.844361 0.699873 0.897165 0.845391 0.640287 0.708312 0.452695 0.000000 0.784410 0.636371 0.705258 0.562988 0.712014 0.887474 0.940722 0.988230 0.722982 0.901452 0.722488 0.858268 0.699192 0.783899 0.864808 0.926993 0.939567 0.950673 0.865824 0.799106 0.750619 0.950882 0.817817 0.965488 0.893044 0.764567 0.816619 0.795629 0.713050 0.976742 0.687297 0.690846 0.844488 0.875772 0.910957 0.971536 0.714160 0.656875 0.448066 0.547370 0.847879 0.865137 0.973016 0.898275 0.886972 0.973780 0.921455 0.777375 0.940050 0.998475 0.961871 0.978760 0.977556 0.927669 0.740915 0.697369 0.993548 0.833808 0.701434 0.735744 0.951900 0.996940 0.744086 0.708550 0.845165 0.830817 0.974683 0.929561 0.954015 0.995961 0.892251 0.926748 0.729317 0.775388 0.756203 0.942489 0.865540 0.717771 0.822306 0.651902 0.922304 0.911105 0.918108 0.942944 0.911836 0.756935 0.784675 0.836602 0.904186 0.996167
0.878205 0.934353 0.915148 0.938027 0.913943 0.829094 0.825777 0.732798 0.925660 0.723356 0.859610 0.720137 0.937177 0.903584 0.897886 0.816957 0.934665 0.985960 0.841830 0.977331 0.892363 0.990078 0.905802 0.933295 0.747281 0.784410 0.000000 0.875983 0.928065 0.858373 0.894877 0.997398 0.969730 0.983211 0.869763 0.856588 0.879622 0.975523 0.902357 0.893686 0.940823 0.960120 0.907669 0.991112 0.998212 0.935242 0.934656 0.977601 0.915956 0.850468 0.976918 0.811419 0.883772 0.979301 0.979360 0.965426 0.939951 0.945022 0.966172 0.877862 0.951872 0.961404 0.754682 0.794139 0.723989 0.700595 0.909195 0.939210 0.997771 0.954579 0.902095 0.896186 0.855182 0.901879 0.979147 0.954994 0.924239 0.974892 0.999163 0.995979 0.948353 0.890854 0.896550 0.843267 0.929466 0.797938 0.974214 0.993518 0.885563 0.947524 0.813013 0.834062 0.865132 0.995592 0.995189 0.906990 0.765004 0.870869 0.728563 0.787880 0.923544 0.787172 0.817419 0.708847 0.973201 0.991498 0.935820 0.921130 0.980304 0.975769 0.991557 0.982672 0.938682 0.941026 0.843755 0.982903
0.821419 0.792668 0.785069 0.822548 0.982506 0.984052 0.988037 0.847839 0.805252 0.793281 0.754755 0.710127 0.929768 0.709019 0.896032 0.941772 0.792550 0.761293 0.840292 0.760218 0.941296 0.842660 0.853367 0.936364 0.680076 0.636371 0.875983 0.000000 0.771748 0.673949 0.782936 0.942250 0.987260 0.901443 0.760157 0.995272 0.911228 0.920333 0.943468 0.814946 0.869752 0.973312 0.986930 0.889607 0.844047 0.867603 0.929996 0.940962 0.882564 0.940402 0.963190 0.825984 0.929994 0.956713 0.880349 0.915075 0.806754 0.810254 0.863452 0.900122 0.938721 0.964732 0.835409 0.870774 0.723064 0.795564 0.926615 0.928117 0.849692 0.913536 0.944032 0.981766 0.835151 0.757106 0.984288 0.995459 0.968025 0.935929 0.978797 0.733266 0.803936 0.743397 0.957323 0.887335 0.949801 0.872409 0.979144 0.878694 0.869787 0.628633 0.889777 0.873072 0.983919 0.968808 0.934004 0.892544 0.967230 0.882113 0.799575 0.758172 0.984138 0.883388 0.878160 0.849537 0.962237 0.795442 0.961241 0.943637 0.994986 0.874422 0.957902 0.858034 0.863100 0.859130 0.927823 0.928775
0.649685 0.691598 0.906431 0.825031 0.910069 0.919073 0.902383 0.842712 0.994438 0.706268 0.552078 0.745359 0.900780 0.709168 0.773695 0.903714 0.489077 0.467770 0.611956 0.599415 0.778096 0.938052 0.903078 0.896499 0.754243 0.705258 0.928065 0.771748 0.000000 0.486687 0.995116 0.932770 0.833139 0.741974 0.807885 0.938566 0.928910 0.920683 0.925700 0.910159 0.937719 0.994536 0.645469 0.620694 0.674340 0.701561 0.831075 0.758198 0.695120 0.809530 0.935761 0.968402 0.960099 0.838531 0.921516 0.953093 0.603677 0.654210 0.990380 0.911056 0.987853 0.945333 0.728267 0.739716 0.807412 0.819578 0.986121 0.993481 0.733192 0.794450 0.941819 0.945553 0.965799 0.840620 0.969710 0.820756 0.914795 0.767169 0.835682 0.734820 0.631606 0.707181 0.837838 0.826437 0.954966 0.853579 0.982817 0.985250 0.821652 0.800867 0.894290 0.892532 0.996732 0.852156 0.909685 0.913868 0.897711 0.979548 0.609252 0.650090 0.812288 0.920087 0.800764 0.846579 0.889147 0.881777 0.933398 0.989969 0.989041 0.938472 0.763016 0.743192 0.680101 0.959931 0.917273 0.987027
0.648415 0.629418 0.737083 0.705886 0.986324 0.932598 0.963401 0.811814 0.830787 0.624592 0.543282 0.623755 0.909239 0.675808 0.969029 0.853850 0.517793 0.457731 0.638473 0.597801 0.810983 0.938775 0.804403 0.817529 0.631932 0.562988 0.858373 0.673949 0.486687 0.000000 0.876351 0.989058 0.900078 0.791527 0.687322 0.931822 0.782400 0.884974 0.864831 0.842429 0.882939 0.971631 0.780897 0.670029 0.737386 0.720172 0.997190 0.818630 0.672350 0.959696 0.992598 0.913220 0.860901 0.790895 0.775132 0.932326 0.571451 0.612788 0.967491 0.864146 0.959747 0.915860 0.626764 0.628620 0.583434 0.611853 0.897626 0.889169 0.800046 0.889550 0.908235 0.958644 0.981696 0.846149 0.998333 0.972643 0.973075 0.910237 0.857380 0.776420 0.584803 0.624276 0.850625 0.843871 0.815935 0.723598 0.949676 0.948136 0.692346 0.679334 0.884210 0.938010 0.906216 0.862813 0.961713 0.992777 0.937108 0.998578 0.704311 0.721451 0.755940 0.922673 0.766751 0.733671 0.791195 0.727011 0.960465 0.907097 0.959571 0.963501 0.900694 0.812791 0.706938 0.953121 0.942748 0.931029
0.952863 0.897437 0.540167 0.552668 0.947461 0.949110 0.637819 0.871681 0.753135 0.999876 0.935711 0.745583 0.976375 0.976151 0.826924 0.963721 0.970634 0.895309 0.807491 0.937750 0.949376 0.877066 0.510452 0.619628 0.588659 0.712014 0.894877 0.782936 0.995116 0.876351 0.000000 0.653440 0.702751 0.765959 0.666670 0.975279 0.840411 0.923768 0.651862 0.870880 0.858319 0.993712 0.753275 0.931851 0.957730 0.969973 0.798630 0.934735 0.860858 0.988592 0.915709 0.847448 0.817733 0.814173 0.744435 0.915460 0.883370 0.886116 0.834778 0.998374 0.962865 0.863126 0.971913 0.803266 0.624463 0.774554 0.713978 0.840404 0.957950 0.904112 0.765574 0.817253 0.938960 0.922341 0.868678 0.808026 0.746089 0.801761 0.879920 0.890427 0.952303 0.985813 0.943696 0.842429 0.661571 0.675124 0.927410 0.998704 0.892478 0.908957 0.949434 0.928576 0.906114 0.781010 0.888659 0.958938 0.965878 0.845275 0.908412 0.998532 0.981092 0.794972 0.961157 0.885230 0.917337 0.775480 0.962031 0.813309 0.963250 0.985050 0.875864 0.963976 0.966495 0.839654 0.917622 0.945406
0.922704 0.929147 0.754825 0.738472 0.901086 0.825525 0.762022 0.943087 0.997319 0.992781 0.991344 0.856096 0.863315 0.882638 0.858727 0.883550 0.848223 0.851569 0.639443 0.756926 0.978750 0.943443 0.620886 0.587927 0.734981 0.887474 0.997398 0.942250 0.932770 0.989058 0.653440 0.000000 0.690893 0.732440 0.861500 0.903653 0.845597 0.972768 0.818726 0.937392 0.859541 0.971541 0.766360 0.980088 0.979296 0.942913 0.822761 0.855819 0.875948 0.920952 0.994281 0.967579 0.976780 0.876983 0.836967 0.920141 0.820461 0.879921 0.985913 0.780543 0.820269 0.718928 0.837120 0.936248 0.883108 0.968881 0.800082 0.957246 0.970802 0.966996 0.740974 0.736341 0.789698 0.716158 0.950288 0.795879 0.862222 0.659214 0.733058 0.803389 0.809608 0.739204 0.777581 0.995756 0.659891 0.685409 0.942730 0.900586 0.787767 0.920716 0.945953 0.901202 0.925844 0.843291 0.962391 0.917510 0.964504 0.932940 0.985916 0.867201 0.893997 0.927720 0.913940 0.882795 0.973355 0.972258 0.959068 0.825390 0.827758 0.968325 0.946679 0.969592 0.949295 0.925617 0.954222 0.927346
0.665628 0.705560 0.700460 0.744341 0.864520 0.948244 0.647338 0.812028 0.946934 0.933258 0.843318 0.956746 0.980490 0.931469 0.917561 0.881656 0.704656 0.759127 0.597262 0.782827 0.998713 0.990145 0.698813 0.797732 0.821224 0.940722 0.969730 0.987260 0.833139 0.900078 0.702751 0.690893 0.000000 0.537187 0.742816 0.831068 0.871698 0.799627 0.846195 0.992128 0.765368 0.974348 0.691289 0.769437 0.740087 0.833406 0.843935 0.802486 0.998614 0.873838 0.902471 0.883112 0.876893 0.932050 0.821046 0.986288 0.705582 0.753377 0.701259 0.909777 0.825834 0.942264 0.683406 0.856391 0.841048 0.880426 0.546059 0.613222 0.831863 0.804141 0.785891 0.847891 0.833451 0.832763 0.885646 0.859280 0.694514 0.687182 0.707013 0.819919 0.751364 0.735101 0.917963 0.949158 0.687973 0.677223 0.992224 0.930407 0.903094 0.984130 0.885236 0.778742 0.827737 0.825668 0.909196 0.813134 0.927233 0.896502 0.856181 0.788857 0.983560 0.811266 0.837049 0.914753 0.775553 0.880456 0.934087 0.930271 0.996089 0.851124 0.784562 0.957122 0.916761 0.996484 0.987197 0.911705
0.662079 0.701657 0.792253 0.909091 0.880026 0.960057 0.611687 0.739833 0.936607 0.706530 0.679705 0.907009 0.917325 0.931111 0.954623 0.939664 0.660561 0.688357 0.599437 0.804603 0.954206 0.993021 0.842915 0.967141 0.997093 0.988230 0.983211 0.901443 0.741974 0.791527 0.765959 0.732440 0.537187 0.000000 0.810700 0.798565 0.910904 0.976297 0.914879 0.903990 0.872558 0.997744 0.690028 0.677385 0.552881 0.634931 0.723793 0.732331 0.769997 0.752056 0.729336 0.770358 0.884936 0.851402 0.844873 0.996486 0.684961 0.749604 0.668830 0.964278 0.774410 0.992840 0.642934 0.796589 0.957788 0.975080 0.561628 0.613424 0.769398 0.762817 0.824727 0.916380 0.800959 0.793000 0.838673 0.780813 0.694139 0.678750 0.777558 0.863361 0.741398 0.766253 0.877383 0.950316 0.762024 0.831115 0.986600 0.967981 0.873213 0.948715 0.749175 0.742420 0.798027 0.806832 0.874090 0.895530 0.832991 0.965987 0.699042 0.702371 0.939219 0.792718 0.803646 0.909771 0.896405 0.885352 0.988753 0.854841 0.885987 0.912460 0.786411 0.734455 0.662747 0.972020 0.956942 0.926928
0.955032 0.927880 0.616508 0.663968 0.807551 0.972750 0.788121 0.976887 0.783312 0.940418 0.857564 0.741770 0.916462 0.738419 0.964825 0.878565 0.838309 0.797434 0.944766 0.844871 0.825194 0.955971 0.668281 0.788301 0.657753 0.722982 0.869763 0.760157 0.807885 0.687322 0.666670 0.861500 0.742816 0.810700 0.000000 0.945916 0.822941 0.895054 0.836761 0.970618 0.823777 0.954034 0.971734 0.947515 0.933473 0.976078 0.903075 0.906034 0.863638 0.885174 0.907964 0.822645 0.872998 0.857138 0.688286 0.984567 0.870526 0.931778 0.734954 0.779711 0.779062 0.967998 0.922387 0.859515 0.599662 0.611482 0.603787 0.598690 0.968198 0.978434 0.871520 0.997629 0.905920 0.994552 0.973421 0.982861 0.821681 0.861818 0.989449 0.944341 0.920653 0.967556 0.920099 0.848137 0.687097 0.628560 0.884287 0.966807 0.872274 0.718847 0.928422 0.856318 0.818477 0.739906 0.998951 0.920018 0.911810 0.919316 0.913485 0.997328 0.827381 0.926178 0.957527 0.777742 0.789589 0.745441 0.994231 0.899368 0.962099 0.961397 0.981241 0.916767 0.803441 0.820477 0.844393 0.933205
0.995645 0.908938 0.981393 0.975192 0.872885 0.841777 0.920711 0.906881 0.856316 0.877110 0.931197 0.955627 0.955884 0.976738 0.893937 0.846457 0.988614 0.986167 0.992581 0.942726 0.855314 0.998616 0.914275 0.973114 0.901428 0.901452 0.856588 0.995272 0.938566 0.931822 0.975279 0.903653 0.831068 0.798565 0.945916 0.000000 0.926085 0.869207 0.938455 0.885587 0.887027 0.994226 0.957728 0.977402 0.976127 0.952662 0.904763 0.956833 0.882321 0.947508 0.959699 0.987615 0.905961 0.974378 0.941424 0.958506 0.919345 0.933213 0.993627 0.930351 0.991837 0.971593 0.981632 0.986209 0.967092 0.900404 0.807383 0.795511 0.960098 0.891501 0.951960 0.962349 0.948677 0.935631 0.856901 0.985825 0.955275 0.890699 0.937695 0.913177 0.915727 0.997491 0.788134 0.991750 0.950318 0.841593 0.977814 0.960263 0.981803 0.907024 0.895467 0.861862 0.950431 0.959527 0.981369 0.844896 0.961014 0.999593 0.909661 0.898663 0.892393 0.929485 0.861171 0.985116 0.851330 0.891241 0.973863 0.960956 0.979779 0.887190 0.891408 0.948444 0.930761 0.962971 0.993742 0.960298
0.851974 0.884285 0.870355 0.681565 0.883411 0.968702 0.972940 0.892286 0.724562 0.963058 0.832820 0.989300 0.907891 0.920643 0.992927 0.846210 0.964781 0.957793 0.982121 0.923896 0.904279 0.981915 0.928202 0.884671 0.780736 0.722488 0.879622 0.911228 0.928910 0.782400 0.840411 0.845597 0.871698 0.910904 0.822941 0.926085 0.000000 0.679620 0.904287 0.882710 0.752291 0.975565 0.943029 0.951100 0.918921 0.894063 0.920220 0.993851 0.943688 0.895384 0.672409 0.783858 0.799392 0.813942 0.808550 0.961650 0.884439 0.850386 0.732680 0.720989 0.857390 0.783968 0.940067 0.878939 0.844874 0.776478 0.981675 0.980545 0.783933 0.832002 0.826638 0.789575 0.819046 0.889543 0.891805 0.981038 0.880900 0.845907 0.872440 0.938011 0.901677 0.999943 0.942954 0.914102 0.992059 0.878229 0.813043 0.918308 0.921433 0.768904 0.944139 0.916357 0.806706 0.895000 0.872965 0.993370 0.892724 0.924626 0.953979 0.986636 0.965760 0.992427 0.936650 0.960822 0.729270 0.832377 0.980185 0.792641 0.874959 0.922447 0.976316 0.953944 0.939615 0.971957 0.977052 0.854814
0.788569 0.754948 0.960555 0.775703 0.861283 0.874231 0.891758 0.977696 0.960602 0.899474 0.757281 0.949114 0.819710 0.938566 0.847892 0.980879 0.960771 0.993443 0.953708 0.956214 0.935881 0.968072 0.966478 0.914554 0.788571 0.858268 0.975523 0.920333 0.920683 0.884974 0.923768 0.972768 0.799627 0.976297 0.895054 0.869207 0.679620 0.000000 0.958930 0.967480 0.745608 0.904758 0.994720 0.985543 0.919572 0.929308 0.995318 0.888862 0.983762 0.913391 0.849852 0.844149 0.931100 0.979241 0.830515 0.937437 0.860301 0.804687 0.860162 0.744714 0.922603 0.781435 0.985636 0.821701 0.926951 0.800430 0.997637 0.944054 0.852366 0.875053 0.877377 0.792805 0.974870 0.994689 0.922471 0.957198 0.849583 0.922929 0.953681 0.897158 0.951069 0.982215 0.914822 0.916426 0.949601 0.864119 0.925530 0.935057 0.985787 0.742776 0.908237 0.866539 0.980865 0.946049 0.953755 0.982168 0.965712 0.923696 0.957587 0.893392 0.985471 0.888405 0.981372 0.926523 0.739647 0.910113 0.944220 0.946316 0.945021 0.971358 0.981540 0.945794 0.958976 0.980755 0.986237 0.810395
