0.000000 0.227805 0.462225 0.534862 0.999336 0.737424 0.484941 0.438628 0.930557 0.635125 0.345148 0.265553 0.310086 0.406687 0.434369 0.430126 0.281852 0.230562 0.334118 0.298446 0.669933 0.918067 0.436461 0.462995 0.652223 0.649979 0.941626 0.956916 0.286683 0.255870 0.408910 0.455049 0.352543 0.309881 0.630159 0.855414 0.532609 0.700637 0.721188 0.793071 0.804964 0.785296 0.492746 0.428915 0.515583 0.417834 0.445546 0.343956 0.687725 0.533852 0.585534 0.621836 0.678431 0.823840 0.627793 0.788767 0.337514 0.318197 0.388326 0.322259 0.268115 0.359005 0.217746 0.250692 0.493729 0.439522 0.485429 0.368231 0.425044 0.319790 0.533287 0.533381 0.427783 0.463973 0.765536 0.658840 0.505289 0.507122 0.416493 0.378429 0.230057 0.247879 0.396696 0.466161 0.464589 0.445839 0.880268 0.997815 0.905714 0.609674 0.889931 0.954807 0.825209 0.988087 0.516460 0.660648 0.541126 0.737699 0.530198 0.547025 0.745825 0.725085 0.546069 0.682502 0.503528 0.552239 0.850185 0.850372 0.821351 0.716706 0.817278 0.602357 0.659733 0.702930 0.729506 0.927152
0.227805 0.000000 0.637730 0.652890 0.876480 0.872472 0.604926 0.487196 0.950614 0.650954 0.437980 0.313541 0.495187 0.502512 0.561460 0.508926 0.205191 0.245691 0.418895 0.355313 0.739290 0.887233 0.542249 0.629639 0.814693 0.786155 0.810283 0.945515 0.285654 0.298229 0.505319 0.601133 0.432271 0.377235 0.733086 0.709708 0.658286 0.637014 0.797674 0.846823 0.845899 0.623286 0.508694 0.466419 0.517325 0.461647 0.505041 0.399570 0.565903 0.521376 0.559985 0.609828 0.706598 0.784794 0.752498 0.870421 0.219682 0.194788 0.376514 0.351321 0.384792 0.402458 0.202188 0.164264 0.680999 0.586948 0.546337 0.407748 0.462482 0.281357 0.520707 0.483946 0.463986 0.506917 0.869351 0.658831 0.537170 0.381463 0.439396 0.510008 0.230417 0.379038 0.400624 0.449380 0.587782 0.617870 0.802634 0.835440 0.944113 0.674803 0.882375 0.928844 0.813300 0.974003 0.508074 0.747277 0.618935 0.577939 0.534735 0.508625 0.790922 0.770042 0.485142 0.632537 0.469305 0.487222 0.739066 0.778928 0.880681 0.761049 0.706551 0.570558 0.706573 0.747652 0.731089 0.936855
0.462225 0.637730 0.000000 0.211725 0.974105 0.621276 0.185300 0.252127 0.495917 0.410249 0.468972 0.518276 0.336858 0.576809 0.485896 0.523011 0.684385 0.571040 0.434667 0.507261 0.737474 0.880150 0.330995 0.352432 0.633608 0.406711 0.983576 0.832166 0.656896 0.548194 0.290211 0.425303 0.339649 0.359697 0.526824 0.773486 0.614475 0.800748 0.580269 0.750717 0.992795 0.975456 0.317034 0.347760 0.303998 0.295786 0.351096 0.372741 0.531618 0.423959 0.452677 0.419615 0.462810 0.627977 0.642934 0.574145 0.796011 0.787857 0.394636 0.395936 0.295160 0.360701 0.564914 0.625340 0.308948 0.269584 0.253524 0.286178 0.841080 0.634760 0.441068 0.450816 0.545011 0.535408 0.795189 0.728785 0.470126 0.693233 0.478450 0.455390 0.581489 0.513719 0.719388 0.778244 0.628236 0.509758 0.879008 0.979748 0.798257 0.645815 0.553146 0.672715 0.581571 0.664496 0.567571 0.646224 0.330456 0.797151 0.381587 0.403149 0.582158 0.529446 0.541819 0.621010 0.406309 0.484969 0.643829 0.661600 0.745468 0.842114 0.671028 0.514058 0.453261 0.673787 0.574693 0.815061
0.534862 0.652890 0.211725 0.000000 0.870199 0.626390 0.240694 0.225411 0.498679 0.411930 0.553768 0.545606 0.370561 0.492454 0.457614 0.455524 0.728204 0.614991 0.427391 0.526121 0.670685 0.825747 0.313007 0.324958 0.742607 0.450284 0.976907 0.881481 0.614236 0.577952 0.323104 0.456593 0.342235 0.360575 0.605845 0.741404 0.651239 0.870325 0.716608 0.832542 0.991114 0.901847 0.308442 0.359860 0.366388 0.345680 0.386978 0.423563 0.540487 0.427512 0.492040 0.417677 0.491212 0.599858 0.705873 0.646669 0.816193 0.801778 0.380582 0.430691 0.372916 0.372977 0.609821 0.652420 0.357659 0.269877 0.311272 0.335138 0.944669 0.670050 0.400609 0.411738 0.603218 0.567311 0.828521 0.661590 0.439940 0.616551 0.505585 0.547833 0.652723 0.566766 0.750478 0.738677 0.664868 0.484782 0.955332 0.995646 0.808897 0.614367 0.482484 0.582923 0.513126 0.602355 0.622134 0.610825 0.413572 0.712345 0.374507 0.350022 0.536948 0.590194 0.551432 0.535320 0.395626 0.534538 0.679669 0.674849 0.784330 0.854131 0.712837 0.469081 0.420448 0.570142 0.552546 0.777679
0.999336 0.876480 0.974105 0.870199 0.000000 0.807031 0.879707 0.835862 0.968829 0.977268 0.976061 0.887590 0.838489 0.983607 0.878629 0.785074 0.914145 0.990160 0.951491 0.938384 0.929906 0.875502 0.771111 0.834595 0.935151 0.994328 0.890249 0.943224 0.918244 0.959660 0.901305 0.944637 0.905571 0.936232 0.921636 0.973031 0.891576 0.997234 0.964186 0.870572 0.972775 0.923493 0.866986 0.883253 0.807171 0.813325 0.932058 0.856170 0.764111 0.736896 0.811787 0.768904 0.829808 0.701127 0.911005 0.863410 0.971855 0.925390 0.804031 0.807570 0.794896 0.772902 0.835917 0.854212 0.898638 0.812190 0.850355 0.853105 0.996556 0.971064 0.748716 0.765545 0.886803 0.914893 0.984499 0.897565 0.878506 0.981935 0.887506 0.946310 0.799774 0.887542 0.898226 0.969860 0.843072 0.855706 0.977811 0.906188 0.961245 0.963107 0.841137 0.861423 0.809414 0.966874 0.857146 0.977498 0.901775 0.731247 0.858167 0.776202 0.941208 0.986483 0.919149 0.830301 0.795470 0.874034 0.780565 0.957857 0.716843 0.866545 0.941896 0.767076 0.794494 0.842093 0.948282 0.954517
0.737424 0.872472 0.621276 0.626390 0.807031 0.000000 0.571761 0.698191 0.603964 0.704237 0.742546 0.640433 0.538666 0.767067 0.655280 0.500620 0.919543 0.869558 0.733490 0.815283 0.835611 0.824300 0.582998 0.624212 0.835191 0.632424 0.830357 0.653541 0.855812 0.848195 0.692042 0.741881 0.675332 0.660709 0.694696 0.993118 0.998584 0.852806 0.960355 0.953662 0.977089 0.886054 0.658775 0.639865 0.714344 0.698365 0.775463 0.689932 0.951940 0.707886 0.738136 0.643513 0.651436 0.681886 0.838340 0.828663 0.916972 0.971576 0.782305 0.729837 0.646832 0.706393 0.795027 0.874742 0.666293 0.611850 0.664473 0.682873 0.905407 0.792730 0.709060 0.629979 0.740282 0.691712 0.780810 0.804393 0.672677 0.844737 0.797620 0.602904 0.742497 0.668530 0.952906 0.910090 0.705995 0.591462 0.878489 0.834822 0.910901 0.763794 0.643539 0.736340 0.668883 0.728834 0.721342 0.670241 0.654868 0.964481 0.702160 0.692570 0.832789 0.695259 0.883615 0.752927 0.574236 0.775930 0.850640 0.898182 0.921897 0.964979 0.976435 0.794855 0.639553 0.787949 0.712115 0.931988
0.484941 0.604926 0.185300 0.240694 0.879707 0.571761 0.000000 0.191231 0.418306 0.269812 0.501918 0.572332 0.415899 0.669529 0.570253 0.551946 0.606180 0.527711 0.379554 0.482069 0.763719 0.829543 0.332370 0.448122 0.775418 0.504700 0.958384 0.874603 0.651088 0.559500 0.326947 0.455834 0.297715 0.287373 0.535251 0.656235 0.660500 0.819368 0.773397 0.788895 0.978741 0.902095 0.194241 0.220729 0.203576 0.197321 0.326290 0.305217 0.420431 0.339747 0.359803 0.333946 0.380491 0.522203 0.683512 0.587063 0.685577 0.698438 0.310071 0.373573 0.337851 0.409927 0.496418 0.572018 0.402369 0.335730 0.167239 0.233782 0.888486 0.634661 0.327436 0.301802 0.623234 0.517994 0.837932 0.652190 0.333446 0.611081 0.441047 0.450598 0.543809 0.538958 0.770150 0.802085 0.688016 0.612273 0.959528 0.868146 0.820192 0.781326 0.375128 0.450918 0.402221 0.472667 0.538708 0.572041 0.306580 0.713690 0.232470 0.265667 0.462481 0.421167 0.449827 0.495408 0.306827 0.374611 0.530986 0.562150 0.694067 0.878962 0.600184 0.407648 0.362105 0.611820 0.488229 0.778787
0.438628 0.487196 0.252127 0.225411 0.835862 0.698191 0.191231 0.000000 0.453299 0.251851 0.465596 0.496745 0.418774 0.565152 0.553304 0.540730 0.544378 0.479236 0.388013 0.391441 0.747159 0.834525 0.363508 0.425559 0.890875 0.613796 0.818034 0.853187 0.571108 0.500937 0.387617 0.483093 0.323733 0.301431 0.623566 0.630576 0.691262 0.820940 0.828558 0.899264 0.926004 0.785407 0.281378 0.328336 0.293815 0.296082 0.410192 0.371202 0.442686 0.385426 0.438909 0.412648 0.504273 0.579495 0.770896 0.681821 0.587685 0.567166 0.275323 0.339131 0.339704 0.319829 0.454819 0.461209 0.474297 0.345263 0.243863 0.282185 0.870662 0.550331 0.345800 0.350107 0.666823 0.596059 0.879940 0.674650 0.411210 0.554123 0.440891 0.570926 0.512608 0.527380 0.718522 0.715644 0.741677 0.624561 0.978778 0.903682 0.819550 0.705304 0.393130 0.473525 0.382769 0.531261 0.493917 0.620272 0.360257 0.594776 0.238797 0.253108 0.419943 0.518711 0.394555 0.476876 0.337063 0.391541 0.551589 0.575485 0.719233 0.806549 0.646719 0.379231 0.389057 0.578646 0.554710 0.800230
0.930557 0.950614 0.495917 0.498679 0.968829 0.603964 0.418306 0.453299 0.000000 0.416062 0.932873 0.973753 0.800296 0.973833 0.905962 0.874564 0.972219 0.995439 0.843600 0.858356 0.927681 0.857598 0.673231 0.763591 0.991708 0.713852 0.956146 0.918384 0.911270 0.945619 0.663651 0.778451 0.725826 0.684875 0.702247 0.703592 0.936800 0.853530 0.976694 0.945302 0.901648 0.932016 0.501511 0.588582 0.492162 0.552280 0.693795 0.704044 0.595710 0.553092 0.523932 0.526158 0.485604 0.556769 0.971078 0.830647 0.951058 0.940243 0.556887 0.701684 0.745035 0.737415 0.923551 0.959210 0.720337 0.652907 0.456135 0.607014 0.795202 0.898097 0.579285 0.576615 0.989851 0.888228 0.963896 0.857796 0.667813 0.787414 0.816117 0.857716 0.979888 0.948455 0.928593 0.831537 0.949596 0.923492 0.866472 0.952650 0.768762 0.924162 0.374148 0.433281 0.386818 0.369523 0.747427 0.823253 0.557599 0.777297 0.476047 0.535111 0.554239 0.504084 0.672195 0.614635 0.554252 0.643290 0.535600 0.574569 0.954447 0.888733 0.745381 0.588182 0.548584 0.832574 0.537053 0.755987
0.635125 0.650954 0.410249 0.411930 0.977268 0.704237 0.269812 0.251851 0.416062 0.000000 0.587708 0.665289 0.656876 0.812149 0.760368 0.729027 0.595583 0.568760 0.488429 0.458601 0.949868 0.886139 0.545635 0.664829 0.923673 0.761890 0.879393 0.841608 0.700945 0.603723 0.568348 0.532329 0.473718 0.404895 0.772285 0.600762 0.871176 0.901532 0.912667 0.971298 0.905873 0.760888 0.339257 0.363500 0.379556 0.407210 0.530396 0.468046 0.434304 0.466722 0.541080 0.518545 0.549736 0.657989 0.850595 0.776299 0.653916 0.692174 0.439167 0.562053 0.618081 0.597278 0.633768 0.635539 0.723755 0.581082 0.388776 0.479467 0.941243 0.664901 0.437087 0.429717 0.849299 0.675608 0.865572 0.713917 0.502422 0.564572 0.550224 0.590044 0.640699 0.666883 0.890830 0.830418 0.957007 0.876824 0.943143 0.939523 0.904354 0.858061 0.368929 0.382731 0.429160 0.474006 0.557117 0.596610 0.399138 0.660859 0.249762 0.261501 0.428752 0.408028 0.437121 0.465589 0.493284 0.441281 0.593755 0.577185 0.846991 0.924918 0.652659 0.453932 0.411460 0.780997 0.626125 0.763068
0.345148 0.437980 0.468972 0.553768 0.976061 0.742546 0.501918 0.465596 0.932873 0.587708 0.000000 0.417558 0.472401 0.556677 0.655549 0.639198 0.491478 0.306434 0.301768 0.248605 0.810895 0.919880 0.692688 0.615057 0.874245 0.741573 0.986703 0.935288 0.435006 0.368187 0.584778 0.553558 0.515111 0.422524 0.861444 0.950486 0.738593 0.877016 0.804758 0.814107 0.905287 0.947176 0.584317 0.532775 0.631222 0.555118 0.597879 0.557503 0.778259 0.704757 0.788269 0.799903 0.850238 0.943941 0.879918 0.926777 0.463228 0.446518 0.596705 0.541640 0.501686 0.577310 0.409575 0.479379 0.716944 0.619580 0.620625 0.505385 0.628924 0.630906 0.718459 0.648842 0.619465 0.597479 0.853261 0.696466 0.563455 0.538845 0.561472 0.456774 0.459948 0.378395 0.690445 0.667902 0.799315 0.728978 0.891008 0.996649 0.959097 0.806857 0.845915 0.880182 0.884071 0.901502 0.680103 0.630190 0.670734 0.964900 0.584306 0.562792 0.724806 0.655148 0.583957 0.626601 0.620059 0.706830 0.870779 0.893142 0.934720 0.873862 0.799044 0.637261 0.669137 0.748529 0.824580 0.946486
0.265553 0.313541 0.518276 0.545606 0.887590 0.640433 0.572332 0.496745 0.973753 0.665289 0.417558 0.000000 0.287966 0.358316 0.335477 0.261589 0.371525 0.294067 0.413285 0.393148 0.660393 0.828471 0.391401 0.397720 0.687210 0.628375 0.989907 0.898061 0.289014 0.263929 0.473626 0.480543 0.385647 0.366526 0.747126 0.982086 0.654886 0.813598 0.757527 0.920027 0.909420 0.847495 0.575161 0.510977 0.631636 0.529437 0.546193 0.407837 0.764245 0.550287 0.653381 0.603572 0.728716 0.739521 0.750348 0.826462 0.499751 0.450660 0.540086 0.423364 0.298102 0.345926 0.290334 0.301159 0.518622 0.410911 0.604726 0.478914 0.597875 0.394785 0.608479 0.556819 0.357484 0.373158 0.703089 0.627071 0.613932 0.439590 0.484782 0.439670 0.319607 0.257070 0.436145 0.487417 0.427741 0.395532 0.829000 0.891402 0.924309 0.569478 0.925396 0.995442 0.885885 0.868855 0.579001 0.690514 0.613332 0.744772 0.650209 0.566628 0.827443 0.779596 0.631491 0.795552 0.469698 0.513195 0.872493 0.961540 0.960704 0.707438 0.907756 0.627587 0.687044 0.729720 0.757128 0.964445
0.310086 0.495187 0.336858 0.370561 0.838489 0.538666 0.415899 0.418774 0.800296 0.656876 0.472401 0.287966 0.000000 0.353723 0.299238 0.280917 0.574226 0.488128 0.423146 0.490701 0.680060 0.884579 0.290724 0.285478 0.604415 0.481285 0.930437 0.986615 0.457561 0.425732 0.435889 0.521340 0.384526 0.435494 0.638718 0.923359 0.645974 0.841560 0.656361 0.852798 0.871846 0.999523 0.471184 0.461233 0.533466 0.443183 0.456910 0.396258 0.769924 0.448586 0.572012 0.517001 0.617483 0.675844 0.579439 0.659331 0.712309 0.640830 0.454754 0.386526 0.221253 0.299441 0.409224 0.484646 0.279713 0.258504 0.470828 0.394756 0.638747 0.498094 0.569278 0.521073 0.388872 0.459324 0.774252 0.610876 0.547781 0.636797 0.504568 0.486788 0.418175 0.286546 0.525244 0.596122 0.370964 0.271382 0.986576 0.768803 0.753467 0.523765 0.781147 0.877944 0.751994 0.950365 0.611552 0.682040 0.530267 0.771821 0.591808 0.539428 0.739809 0.706728 0.674477 0.803845 0.438038 0.563889 0.882946 0.935819 0.706625 0.752785 0.873345 0.597162 0.571512 0.632551 0.686797 0.812368
0.406687 0.502512 0.576809 0.492454 0.983607 0.767067 0.669529 0.565152 0.973833 0.812149 0.556677 0.358316 0.353723 0.000000 0.262587 0.301192 0.640136 0.477178 0.456046 0.497800 0.649920 0.806912 0.418506 0.320246 0.636593 0.583031 0.989488 0.946757 0.390132 0.398845 0.499061 0.558387 0.458328 0.498934 0.838932 0.961978 0.711122 0.951735 0.779485 0.828597 0.980463 0.844745 0.650877 0.640248 0.807958 0.673458 0.565745 0.614652 0.938963 0.777130 0.851669 0.772719 0.858640 0.940340 0.662567 0.866711 0.697214 0.666481 0.646436 0.613775 0.446819 0.472539 0.518787 0.534061 0.472408 0.419336 0.682981 0.611940 0.701225 0.520111 0.681816 0.697924 0.462350 0.569372 0.849950 0.612703 0.635299 0.631627 0.589613 0.535094 0.522320 0.369539 0.443382 0.389404 0.426503 0.315299 0.971044 0.795939 0.877081 0.508924 0.926361 0.968353 0.892058 0.902137 0.639674 0.738868 0.718344 0.717917 0.758933 0.671824 0.791976 0.882551 0.782959 0.912400 0.626762 0.701810 0.973956 0.971394 0.900831 0.770050 0.972941 0.750870 0.733422 0.738462 0.809795 0.951939
0.434369 0.561460 0.485896 0.457614 0.878629 0.655280 0.570253 0.553304 0.905962 0.760368 0.655549 0.335477 0.299238 0.262587 0.000000 0.242665 0.615618 0.534598 0.500405 0.585915 0.696971 0.800960 0.245232 0.283081 0.517673 0.522811 0.946245 0.912108 0.452041 0.435330 0.373389 0.404542 0.369592 0.459706 0.678263 0.968506 0.694981 0.957844 0.738655 0.961006 0.928240 0.975842 0.568416 0.577783 0.684864 0.584200 0.498470 0.524316 0.861570 0.708224 0.803437 0.697642 0.806560 0.902047 0.582085 0.710097 0.795555 0.775041 0.627391 0.622537 0.389569 0.466218 0.533355 0.584909 0.386559 0.388626 0.592671 0.555104 0.694672 0.576300 0.591975 0.658249 0.401186 0.521167 0.772591 0.685846 0.605197 0.651195 0.512057 0.575023 0.467045 0.381500 0.433607 0.500943 0.345445 0.270812 0.981210 0.815336 0.954061 0.590190 0.929183 0.934545 0.918402 0.859154 0.672800 0.739760 0.624905 0.725370 0.738853 0.664544 0.889523 0.882204 0.843223 0.937779 0.510485 0.630152 0.992459 0.938359 0.834135 0.732982 0.938681 0.722562 0.683517 0.781788 0.745640 0.990910
0.430126 0.508926 0.523011 0.455524 0.785074 0.500620 0.551946 0.540730 0.874564 0.729027 0.639198 0.261589 0.280917 0.301192 0.242665 0.000000 0.567958 0.488929 0.452255 0.567291 0.665807 0.708895 0.253043 0.258861 0.557696 0.538062 0.912422 0.828859 0.415663 0.406436 0.453695 0.471548 0.364339 0.434147 0.728872 0.997157 0.747495 0.913463 0.800071 0.938948 0.967743 0.892628 0.486973 0.478103 0.645907 0.531171 0.522550 0.452629 0.804295 0.580853 0.651117 0.553059 0.659467 0.676740 0.646909 0.745774 0.740106 0.697867 0.575118 0.559218 0.370049 0.443716 0.455371 0.494751 0.405167 0.365734 0.569029 0.530060 0.717753 0.488361 0.515324 0.533129 0.371014 0.410931 0.687526 0.606241 0.556354 0.597713 0.519201 0.507547 0.437156 0.348203 0.525404 0.544392 0.345138 0.264078 0.868447 0.867248 0.931309 0.624087 0.797172 0.887498 0.785555 0.979982 0.618604 0.658527 0.604647 0.697222 0.677653 0.580562 0.837979 0.741891 0.751941 0.870690 0.451459 0.575133 0.901131 0.981891 0.903691 0.742463 0.885475 0.633851 0.586020 0.698551 0.702979 0.895817
0.281852 0.205191 0.684385 0.728204 0.914145 0.919543 0.606180 0.544378 0.972219 0.595583 0.491478 0.371525 0.574226 0.640136 0.615618 0.567958 0.000000 0.205867 0.394327 0.373173 0.732280 0.822751 0.581761 0.691388 0.780385 0.810821 0.899380 0.901145 0.302440 0.312370 0.554601 0.505038 0.427731 0.380546 0.828910 0.774868 0.696902 0.697214 0.876203 0.828133 0.846533 0.599096 0.492395 0.449567 0.548536 0.481930 0.532499 0.405528 0.607575 0.581052 0.619983 0.682905 0.759038 0.849445 0.809421 0.920583 0.187281 0.240472 0.407327 0.469351 0.489724 0.565293 0.217941 0.234037 0.748110 0.701987 0.588318 0.496938 0.481133 0.375380 0.567347 0.521480 0.521826 0.521994 0.830097 0.655579 0.537483 0.414787 0.394893 0.502799 0.231947 0.416252 0.467513 0.526572 0.630696 0.703519 0.803092 0.793569 0.957690 0.823433 0.892169 0.922875 0.870624 0.954197 0.600241 0.732289 0.637123 0.627087 0.536041 0.496819 0.877648 0.765490 0.478706 0.581538 0.535908 0.524834 0.811450 0.816952 0.879726 0.688416 0.761374 0.580396 0.704011 0.777985 0.734931 0.932157
0.230562 0.245691 0.571040 0.614991 0.990160 0.869558 0.527711 0.479236 0.995439 0.568760 0.306434 0.294067 0.488128 0.477178 0.534598 0.488929 0.205867 0.000000 0.272461 0.230762 0.745515 0.801865 0.551671 0.590132 0.774832 0.701172 0.978662 0.893465 0.222233 0.202064 0.515446 0.443730 0.378627 0.285484 0.800856 0.911088 0.648581 0.750394 0.795600 0.745270 0.877889 0.698967 0.468791 0.397311 0.576604 0.462530 0.536331 0.397734 0.625321 0.586788 0.662812 0.696400 0.749508 0.864286 0.808957 0.898660 0.225887 0.238853 0.447941 0.464058 0.435991 0.540216 0.199744 0.231728 0.701464 0.620589 0.579262 0.448198 0.514185 0.433847 0.561974 0.539901 0.509818 0.465473 0.821755 0.593366 0.506255 0.404159 0.403322 0.366542 0.257660 0.281964 0.460636 0.495300 0.605403 0.624843 0.789577 0.881324 0.941107 0.752582 0.858569 0.877464 0.863662 0.978778 0.555822 0.677482 0.644129 0.722186 0.509820 0.463374 0.783534 0.679524 0.481793 0.574330 0.515203 0.530003 0.853057 0.855784 0.934198 0.747175 0.800541 0.558664 0.642599 0.741061 0.767870 0.976911
0.334118 0.418895 0.434667 0.427391 0.951491 0.733490 0.379554 0.388013 0.843600 0.488429 0.301768 0.413285 0.423146 0.456046 0.500405 0.452255 0.394327 0.272461 0.000000 0.275922 0.727563 0.743822 0.485997 0.466305 0.738086 0.652680 0.958108 0.928224 0.322313 0.295691 0.457772 0.387367 0.344686 0.288243 0.837116 0.805151 0.655729 0.909761 0.782875 0.792825 0.987945 0.780315 0.356804 0.338847 0.503479 0.417084 0.424496 0.397165 0.596318 0.585557 0.698148 0.685009 0.742080 0.880144 0.853170 0.842852 0.426949 0.471067 0.458274 0.523648 0.471279 0.602515 0.361126 0.473519 0.596741 0.540900 0.493885 0.488611 0.628355 0.529570 0.506880 0.490845 0.586120 0.534442 0.792071 0.569293 0.436328 0.491969 0.497777 0.384585 0.425690 0.388098 0.706784 0.593980 0.694177 0.638166 0.919548 0.938894 0.997924 0.832755 0.707892 0.737519 0.765578 0.797077 0.601985 0.555422 0.572774 0.720017 0.437088 0.378186 0.665772 0.579987 0.513442 0.521262 0.514604 0.586810 0.869532 0.842983 0.822037 0.882960 0.748292 0.505282 0.479728 0.696379 0.686263 0.843779
0.298446 0.355313 0.507261 0.526121 0.938384 0.815283 0.482069 0.391441 0.858356 0.458601 0.248605 0.393148 0.490701 0.497800 0.585915 0.567291 0.373173 0.230762 0.275922 0.000000 0.766358 0.821671 0.586424 0.581793 0.865767 0.739772 0.883720 0.914557 0.337641 0.279649 0.524857 0.425070 0.418222 0.301009 0.766129 0.844012 0.695739 0.821793 0.758736 0.846447 0.927095 0.828952 0.488575 0.427024 0.567613 0.493018 0.526105 0.420673 0.620692 0.615853 0.740970 0.753288 0.778737 0.950036 0.861491 0.864102 0.360547 0.354859 0.480028 0.502423 0.488975 0.546474 0.350184 0.376234 0.716002 0.612437 0.584919 0.506651 0.603297 0.468980 0.653205 0.589195 0.622424 0.591802 0.782685 0.643212 0.547482 0.527489 0.509146 0.413386 0.425701 0.355522 0.605690 0.587935 0.785665 0.712593 0.895710 0.926369 0.971582 0.724037 0.815166 0.830237 0.852114 0.914331 0.571436 0.653831 0.597544 0.734521 0.495254 0.456963 0.646766 0.612840 0.521066 0.541959 0.586661 0.603737 0.884694 0.855742 0.842111 0.818036 0.689673 0.581295 0.608825 0.759255 0.751714 0.906426
0.669933 0.739290 0.737474 0.670685 0.929906 0.835611 0.763719 0.747159 0.927681 0.949868 0.810895 0.660393 0.680060 0.649920 0.696971 0.665807 0.732280 0.745515 0.727563 0.766358 0.000000 0.804972 0.625954 0.645800 0.737899 0.776114 0.919751 0.901449 0.751650 0.714674 0.649744 0.748538 0.651130 0.646432 0.740607 0.968640 0.662529 0.860067 0.784214 0.857312 0.844588 0.970709 0.750977 0.781170 0.760453 0.717626 0.613953 0.696818 0.918263 0.814988 0.843392 0.824338 0.850807 0.955902 0.830105 0.847804 0.796901 0.803549 0.725272 0.667488 0.631761 0.668612 0.642261 0.717620 0.670459 0.651111 0.728739 0.692245 0.884474 0.734692 0.789430 0.768548 0.675113 0.766590 0.768077 0.739259 0.809947 0.769965 0.795528 0.778605 0.729691 0.682633 0.659757 0.657085 0.688484 0.660302 0.960811 0.829628 0.891749 0.734043 0.974100 0.967773 0.886952 0.918947 0.917077 0.708142 0.792090 0.904852 0.866982 0.730638 0.992130 0.999911 0.704901 0.815612 0.799256 0.742108 0.981765 0.911772 0.953076 0.897020 0.996274 0.906821 0.907283 0.781121 0.773958 0.885101
0.918067 0.887233 0.880150 0.825747 0.875502 0.824300 0.829543 0.834525 0.857598 0.886139 0.919880 0.828471 0.884579 0.806912 0.800960 0.708895 0.822751 0.801865 0.743822 0.821671 0.804972 0.000000 0.818263 0.783575 0.917266 0.863572 0.880308 0.728944 0.785234 0.860302 0.801128 0.732873 0.758995 0.748481 0.903336 0.973417 0.906087 0.813582 0.975503 0.904268 0.933889 0.950450 0.765422 0.757071 0.847044 0.797899 0.870474 0.833526 0.865480 0.874607 0.916930 0.871382 0.922387 0.916691 0.961172 0.939622 0.889773 0.891479 0.882912 0.900898 0.914514 0.988183 0.840720 0.887189 0.920850 0.873970 0.849819 0.875783 0.960799 0.891154 0.839922 0.812421 0.872735 0.814682 0.944946 0.957220 0.897740 0.777048 0.955918 0.785858 0.939562 0.930960 0.923070 0.975058 0.964471 0.888739 0.916279 0.970235 0.984454 0.982649 0.849663 0.923211 0.928919 0.923324 0.842731 0.831847 0.982337 0.889964 0.864019 0.753932 0.965114 0.914822 0.859943 0.652701 0.826456 0.863196 0.990427 0.990547 0.957320 0.882499 0.867142 0.898966 0.834412 0.789404 0.928978 0.940024
0.436461 0.542249 0.330995 0.313007 0.771111 0.582998 0.332370 0.363508 0.673231 0.545635 0.692688 0.391401 0.290724 0.418506 0.245232 0.253043 0.581761 0.551671 0.485997 0.586424 0.625954 0.818263 0.000000 0.237556 0.520305 0.456056 0.967766 0.948999 0.527159 0.466412 0.265419 0.396172 0.257604 0.358564 0.501990 0.803460 0.572655 0.857863 0.696284 0.894191 0.939726 0.931800 0.348151 0.377219 0.389977 0.345276 0.357536 0.348208 0.612440 0.460980 0.502592 0.423381 0.515162 0.632542 0.501682 0.593889 0.755208 0.733898 0.403901 0.430883 0.271029 0.333570 0.465097 0.494468 0.284322 0.286193 0.316695 0.332748 0.751663 0.492618 0.344916 0.383723 0.410504 0.447685 0.740812 0.664895 0.403242 0.632339 0.421656 0.539110 0.433699 0.418503 0.480551 0.550246 0.368901 0.311805 0.944871 0.979478 0.815760 0.606812 0.645627 0.788138 0.611680 0.911831 0.533508 0.639320 0.402479 0.620342 0.497147 0.454281 0.739024 0.707272 0.608080 0.761815 0.318005 0.405510 0.701698 0.833720 0.711405 0.737470 0.703725 0.546483 0.526683 0.656611 0.556548 0.837571
0.462995 0.629639 0.352432 0.324958 0.834595 0.624212 0.448122 0.425559 0.763591 0.664829 0.615057 0.397720 0.285478 0.320246 0.283081 0.258861 0.691388 0.590132 0.466305 0.581793 0.645800 0.783575 0.237556 0.000000 0.541527 0.481114 0.943517 0.852633 0.505355 0.454638 0.360560 0.404535 0.393702 0.419182 0.638274 0.958843 0.641520 0.905596 0.710411 0.887312 0.934967 0.983337 0.505622 0.539093 0.594255 0.523541 0.473489 0.502576 0.791436 0.637054 0.692603 0.603129 0.704617 0.762726 0.596474 0.646745 0.858129 0.845936 0.571124 0.580360 0.357832 0.423936 0.570701 0.610488 0.348531 0.303097 0.481269 0.482670 0.804544 0.614812 0.510398 0.562788 0.404016 0.524840 0.790030 0.726637 0.540257 0.682130 0.564855 0.544887 0.496639 0.409420 0.610978 0.595052 0.426387 0.336013 0.933194 0.847652 0.825765 0.624832 0.731673 0.848681 0.725626 0.950221 0.613214 0.773385 0.525894 0.667280 0.637381 0.582972 0.713496 0.813670 0.704065 0.843205 0.513922 0.631245 0.832933 0.902274 0.784392 0.716455 0.812969 0.648232 0.574139 0.650701 0.684028 0.889890
0.652223 0.814693 0.633608 0.742607 0.935151 0.835191 0.775418 0.890875 0.991708 0.923673 0.874245 0.687210 0.604415 0.636593 0.517673 0.557696 0.780385 0.774832 0.738086 0.865767 0.737899 0.917266 0.520305 0.541527 0.000000 0.450093 0.773608 0.927263 0.710960 0.681179 0.463017 0.521678 0.630781 0.726434 0.617978 0.913324 0.617091 0.834464 0.650145 0.823499 0.965546 0.933432 0.720675 0.717268 0.770124 0.713325 0.646079 0.661645 0.952771 0.895616 0.817858 0.800339 0.849187 0.986728 0.671281 0.809523 0.919524 0.938662 0.760281 0.746301 0.605541 0.752264 0.725125 0.802161 0.483498 0.622328 0.679346 0.723927 0.740718 0.709827 0.829982 0.884027 0.461650 0.648240 0.713043 0.963734 0.765902 0.897771 0.715697 0.670355 0.704733 0.698280 0.599914 0.782892 0.504119 0.477589 0.850758 0.952226 0.998969 0.795186 0.814804 0.709325 0.840173 0.758725 0.826809 0.876862 0.730407 0.975809 0.969182 0.984536 0.795496 0.977146 0.966654 0.906342 0.770707 0.836887 0.961728 0.974557 0.885783 0.793221 0.919342 0.886920 0.914665 0.875822 0.698528 0.905102
0.649979 0.786155 0.406711 0.450284 0.994328 0.632424 0.504700 0.613796 0.713852 0.761890 0.741573 0.628375 0.481285 0.583031 0.522811 0.538062 0.810821 0.701172 0.652680 0.739772 0.776114 0.863572 0.456056 0.481114 0.450093 0.000000 0.872755 0.991594 0.726207 0.636969 0.344678 0.491702 0.461837 0.516080 0.590353 0.898495 0.682457 0.893713 0.595598 0.570640 0.980282 0.924235 0.496843 0.455532 0.564300 0.512861 0.561501 0.517496 0.746406 0.595391 0.547743 0.510983 0.546710 0.659553 0.606536 0.681848 0.959908 0.897053 0.597808 0.601085 0.488319 0.574510 0.663297 0.745721 0.387457 0.414358 0.479702 0.481350 0.951763 0.737886 0.673277 0.534157 0.483939 0.471375 0.797642 0.818156 0.599283 0.846461 0.633330 0.529606 0.732254 0.596276 0.666151 0.740342 0.593276 0.454737 0.860547 0.917163 0.774996 0.630521 0.784307 0.940043 0.842158 0.841090 0.718105 0.845291 0.577872 0.834625 0.655284 0.655693 0.846377 0.703794 0.743508 0.761564 0.486613 0.722506 0.747490 0.790674 0.928849 0.756431 0.870530 0.726975 0.598453 0.792655 0.604423 0.827571
0.941626 0.810283 0.983576 0.976907 0.890249 0.830357 0.958384 0.818034 0.956146 0.879393 0.986703 0.989907 0.930437 0.989488 0.946245 0.912422 0.899380 0.978662 0.958108 0.883720 0.919751 0.880308 0.967766 0.943517 0.773608 0.872755 0.000000 0.818752 0.963866 0.886369 0.850889 0.980424 0.938363 0.883830 0.908799 0.675276 0.863313 0.874258 0.972737 0.854283 0.852058 0.932014 0.968654 0.951924 0.863632 0.929821 0.948080 0.938397 0.877176 0.918565 0.911832 0.938199 0.992095 0.940129 0.915650 0.961361 0.781313 0.790032 0.893782 0.873169 0.937568 0.898558 0.888796 0.802646 0.908117 0.940115 0.899679 0.872233 0.919788 0.826401 0.830762 0.850210 0.995782 0.893399 0.869469 0.941357 0.998415 0.863883 0.966696 0.876782 0.889526 0.929857 0.981964 0.860656 0.792444 0.798415 0.915304 0.840591 0.754803 0.942032 0.887715 0.969929 0.887476 0.964424 0.857789 0.986651 0.854534 0.641438 0.828452 0.873611 0.788290 0.914739 0.731029 0.812794 0.980075 0.807764 0.806110 0.860254 0.794305 0.949332 0.771302 0.906651 0.902499 0.926160 0.946744 0.920788
0.956916 0.945515 0.832166 0.881481 0.943224 0.653541 0.874603 0.853187 0.918384 0.841608 0.935288 0.898061 0.986615 0.946757 0.912108 0.828859 0.901145 0.893465 0.928224 0.914557 0.901449 0.728944 0.948999 0.852633 0.927263 0.991594 0.818752 0.000000 0.891463 0.963097 0.920727 0.960115 0.999784 0.989874 0.997145 0.845268 0.853933 0.898999 0.970715 0.977013 0.950161 0.997016 0.963949 0.984541 0.841646 0.919342 0.897517 0.957485 0.868884 0.950852 0.910696 0.954843 0.981584 0.986251 0.876564 0.813216 0.906016 0.892022 0.953186 0.972723 0.927990 0.892952 0.915021 0.931545 0.863305 0.825968 0.843130 0.879329 0.855218 0.982512 0.994353 0.924086 0.929850 0.971498 0.967238 0.939904 0.973079 0.904840 0.936468 0.895755 0.937031 0.961816 0.985253 0.988485 0.993813 0.945961 0.745003 0.997492 0.760140 0.933064 0.908898 0.872842 0.845224 0.918300 0.983200 0.787395 0.896608 0.940345 0.916867 0.983976 0.677591 0.947441 0.945814 0.885362 0.955017 0.957070 0.848490 0.693708 0.827390 0.973355 0.829135 0.937238 0.908681 0.977876 0.961121 0.931152
0.286683 0.285654 0.656896 0.614236 0.918244 0.855812 0.651088 0.571108 0.911270 0.700945 0.435006 0.289014 0.457561 0.390132 0.452041 0.415663 0.302440 0.222233 0.322313 0.337641 0.751650 0.785234 0.527159 0.505355 0.710960 0.726207 0.963866 0.891463 0.000000 0.214416 0.532750 0.485108 0.446931 0.347554 0.810670 0.947156 0.615521 0.795792 0.771925 0.835103 0.836130 0.766805 0.577786 0.511814 0.674290 0.568000 0.575934 0.457859 0.685178 0.665160 0.776589 0.774566 0.864045 0.958170 0.719809 0.824034 0.341510 0.353187 0.571138 0.503769 0.457878 0.530663 0.294973 0.304192 0.664601 0.575939 0.670340 0.562379 0.520989 0.396771 0.621937 0.625963 0.489596 0.509112 0.766354 0.679852 0.525987 0.443358 0.572887 0.447008 0.295406 0.300961 0.479861 0.389201 0.506508 0.531686 0.809661 0.998258 0.990985 0.592007 0.983643 0.992200 0.959928 0.891408 0.601547 0.743533 0.721928 0.727009 0.638326 0.556123 0.855639 0.848863 0.672149 0.689815 0.624629 0.629948 0.992720 0.956787 0.931912 0.691764 0.817512 0.586739 0.716754 0.683507 0.817241 0.979720
0.255870 0.298229 0.548194 0.577952 0.959660 0.848195 0.559500 0.500937 0.945619 0.603723 0.368187 0.263929 0.425732 0.398845 0.435330 0.406436 0.312370 0.202064 0.295691 0.279649 0.714674 0.860302 0.466412 0.454638 0.681179 0.636969 0.886369 0.963097 0.214416 0.000000 0.423684 0.399702 0.359387 0.269672 0.740435 0.833721 0.585970 0.750439 0.683361 0.893318 0.868357 0.814633 0.520716 0.432401 0.604990 0.500620 0.523615 0.402794 0.686262 0.602809 0.725580 0.700064 0.782541 0.894356 0.693793 0.830786 0.363907 0.349380 0.553004 0.499116 0.420222 0.483079 0.285895 0.282369 0.633555 0.553472 0.589804 0.483467 0.462931 0.387038 0.573654 0.568052 0.411905 0.382110 0.764519 0.610443 0.564038 0.468560 0.483623 0.427653 0.299509 0.255919 0.486615 0.377915 0.581841 0.567866 0.886239 0.975434 0.945780 0.660405 0.943136 0.996955 0.957626 0.883987 0.522651 0.700653 0.575203 0.671186 0.572968 0.513450 0.748555 0.717926 0.546133 0.688466 0.584089 0.565632 0.887797 0.934868 0.895367 0.694780 0.768723 0.595848 0.639451 0.767716 0.789958 0.919060
0.408910 0.505319 0.290211 0.323104 0.901305 0.692042 0.326947 0.387617 0.663651 0.568348 0.584778 0.473626 0.435889 0.499061 0.373389 0.453695 0.554601 0.515446 0.457772 0.524857 0.649744 0.801128 0.265419 0.360560 0.463017 0.344678 0.850889 0.920727 0.532750 0.423684 0.000000 0.301107 0.243096 0.297890 0.452150 0.697705 0.528159 0.695852 0.623521 0.823333 0.945386 0.882289 0.333278 0.314567 0.310919 0.287306 0.325529 0.312225 0.532704 0.488130 0.457649 0.434266 0.499671 0.691767 0.564298 0.642406 0.671746 0.663268 0.405357 0.400169 0.316146 0.396483 0.448508 0.495037 0.364743 0.356464 0.266834 0.291671 0.764296 0.494504 0.396457 0.386625 0.379643 0.375192 0.696879 0.729428 0.429418 0.595418 0.428233 0.466403 0.477158 0.510081 0.494943 0.566145 0.571295 0.480598 0.872994 0.924298 0.854259 0.613827 0.746044 0.912223 0.754748 0.913165 0.589181 0.689331 0.369269 0.700639 0.467874 0.490179 0.680075 0.661896 0.560425 0.625730 0.401291 0.474808 0.652808 0.718892 0.769457 0.745220 0.634776 0.602550 0.513445 0.654019 0.463051 0.883171
0.455049 0.601133 0.425303 0.456593 0.944637 0.741881 0.455834 0.483093 0.778451 0.532329 0.553558 0.480543 0.521340 0.558387 0.404542 0.471548 0.505038 0.443730 0.387367 0.425070 0.748538 0.732873 0.396172 0.404535 0.521678 0.491702 0.980424 0.960115 0.485108 0.399702 0.301107 0.000000 0.337800 0.374334 0.645754 0.849506 0.652427 0.875843 0.651267 0.867848 0.936207 0.829934 0.442389 0.431363 0.531197 0.510370 0.514654 0.429242 0.709673 0.748243 0.772997 0.752751 0.814915 0.996575 0.767159 0.782958 0.629655 0.696053 0.602344 0.669048 0.535336 0.667014 0.529232 0.591587 0.583101 0.561811 0.512064 0.546664 0.698598 0.585282 0.600635 0.554977 0.471416 0.495266 0.662620 0.836284 0.584378 0.591498 0.527477 0.503266 0.531889 0.486128 0.666692 0.663768 0.690738 0.600467 0.991026 0.982890 0.982508 0.784346 0.835387 0.952078 0.896027 0.993023 0.684915 0.725591 0.512223 0.781530 0.570753 0.531366 0.755103 0.727393 0.650911 0.632231 0.614363 0.644654 0.900862 0.848200 0.905897 0.767861 0.701588 0.645050 0.549957 0.746983 0.619592 0.858109
0.352543 0.432271 0.339649 0.342235 0.905571 0.675332 0.297715 0.323733 0.725826 0.473718 0.515111 0.385647 0.384526 0.458328 0.369592 0.364339 0.427731 0.378627 0.344686 0.418222 0.651130 0.758995 0.257604 0.393702 0.630781 0.461837 0.938363 0.999784 0.446931 0.359387 0.243096 0.337800 0.000000 0.249201 0.603938 0.677746 0.565519 0.752467 0.727895 0.806895 0.941929 0.782082 0.267003 0.241848 0.319024 0.265644 0.309925 0.285445 0.527045 0.435892 0.448668 0.411356 0.496291 0.641685 0.597857 0.590689 0.544825 0.513626 0.361152 0.365537 0.300753 0.353290 0.345229 0.403058 0.371432 0.341436 0.268904 0.273952 0.736298 0.428306 0.331265 0.327245 0.457108 0.384047 0.781536 0.647106 0.334054 0.545311 0.341106 0.444838 0.400197 0.398694 0.482215 0.548231 0.511485 0.438358 0.979580 0.889128 0.929107 0.677273 0.605091 0.730392 0.611376 0.835308 0.555040 0.581363 0.386603 0.618465 0.366077 0.345122 0.612442 0.556531 0.523704 0.578623 0.312833 0.350088 0.717875 0.667239 0.841388 0.711800 0.627980 0.507832 0.424123 0.650190 0.490884 0.858812
0.309881 0.377235 0.359697 0.360575 0.936232 0.660709 0.287373 0.301431 0.684875 0.404895 0.422524 0.366526 0.435494 0.498934 0.459706 0.434147 0.380546 0.285484 0.288243 0.301009 0.646432 0.748481 0.358564 0.419182 0.726434 0.516080 0.883830 0.989874 0.347554 0.269672 0.297890 0.374334 0.249201 0.000000 0.571557 0.754596 0.568249 0.724022 0.755947 0.792692 0.919143 0.851626 0.286168 0.228415 0.326208 0.264537 0.354222 0.294746 0.455043 0.415755 0.481519 0.454345 0.508952 0.687457 0.633182 0.638284 0.455356 0.465515 0.358524 0.380912 0.326676 0.408096 0.312640 0.361291 0.471760 0.398507 0.324396 0.287345 0.731660 0.426952 0.434643 0.402552 0.523831 0.437719 0.763076 0.604802 0.383601 0.513190 0.393509 0.361838 0.364342 0.354478 0.566817 0.498361 0.585707 0.558315 0.915165 0.824551 0.966042 0.714573 0.656544 0.707777 0.665834 0.787834 0.478483 0.633759 0.464307 0.629679 0.351107 0.335290 0.620197 0.578799 0.457155 0.471250 0.376705 0.421625 0.674975 0.682093 0.828242 0.752414 0.642696 0.432571 0.441596 0.652075 0.502400 0.875318
0.630159 0.733086 0.526824 0.605845 0.921636 0.694696 0.535251 0.623566 0.702247 0.772285 0.861444 0.747126 0.638718 0.838932 0.678263 0.728872 0.828910 0.800856 0.837116 0.766129 0.740607 0.903336 0.501990 0.638274 0.617978 0.590353 0.908799 0.997145 0.810670 0.740435 0.452150 0.645754 0.603938 0.571557 0.000000 0.792311 0.611349 0.697377 0.777495 0.865315 0.932038 0.858920 0.588943 0.604826 0.466178 0.517085 0.660617 0.569143 0.707426 0.568032 0.559840 0.541193 0.580925 0.700923 0.653446 0.690768 0.854172 0.793816 0.569579 0.520816 0.519494 0.596348 0.636265 0.653703 0.623598 0.620795 0.476240 0.475726 0.857224 0.688536 0.559265 0.595782 0.689100 0.653364 0.831525 0.916147 0.692546 0.797684 0.643238 0.713923 0.675350 0.768431 0.747380 0.904691 0.724293 0.708536 0.818189 0.819114 0.817943 0.820364 0.785494 0.918911 0.710893 0.856217 0.592741 0.822019 0.552867 0.803753 0.590806 0.714505 0.815061 0.840797 0.775828 0.784960 0.554351 0.585226 0.735571 0.708475 0.651625 0.791756 0.629327 0.731198 0.781252 0.815000 0.714240 0.784212
0.855414 0.709708 0.773486 0.741404 0.973031 0.993118 0.656235 0.630576 0.703592 0.600762 0.950486 0.982086 0.923359 0.961978 0.968506 0.997157 0.774868 0.911088 0.805151 0.844012 0.968640 0.973417 0.803460 0.958843 0.913324 0.898495 0.675276 0.845268 0.947156 0.833721 0.697705 0.849506 0.677746 0.754596 0.792311 0.000000 0.906749 0.584161 0.929635 0.896587 0.962915 0.850305 0.619037 0.622699 0.503386 0.619140 0.701002 0.669369 0.582123 0.599611 0.616627 0.628482 0.722831 0.730104 0.904566 0.889020 0.753724 0.724509 0.628440 0.678879 0.808204 0.722207 0.794494 0.720026 0.874467 0.855922 0.550637 0.608297 0.926609 0.683338 0.565621 0.499191 0.918242 0.822561 0.993284 0.990137 0.671818 0.710984 0.737465 0.984379 0.842991 0.991749 0.915249 0.873662 0.880942 0.939668 0.923324 0.848599 0.953216 0.954856 0.644546 0.689898 0.658422 0.721568 0.789792 0.750182 0.630990 0.635295 0.551167 0.578451 0.615955 0.602688 0.643908 0.679614 0.689106 0.655348 0.582059 0.680545 0.745357 0.973097 0.516794 0.715017 0.688506 0.725927 0.621049 0.732733
0.532609 0.658286 0.614475 0.651239 0.891576 0.998584 0.660500 0.691262 0.936800 0.871176 0.738593 0.654886 0.645974 0.711122 0.694981 0.747495 0.696902 0.648581 0.655729 0.695739 0.662529 0.906087 0.572655 0.641520 0.617091 0.682457 0.863313 0.853933 0.615521 0.585970 0.528159 0.652427 0.565519 0.568249 0.611349 0.906749 0.000000 0.792294 0.640260 0.817584 0.882332 0.937951 0.684452 0.643450 0.618212 0.601643 0.605053 0.553116 0.783229 0.688458 0.701460 0.734826 0.772139 0.915185 0.801782 0.809821 0.677592 0.694928 0.648569 0.567978 0.542986 0.604637 0.582775 0.610542 0.621757 0.636753 0.613679 0.551025 0.833585 0.645429 0.682913 0.752140 0.635189 0.617735 0.831764 0.871954 0.549999 0.773053 0.663020 0.783715 0.647089 0.700862 0.713032 0.765973 0.699966 0.709756 0.998394 0.800203 0.889465 0.772988 0.974410 0.992977 0.895231 0.945796 0.701364 0.739164 0.709865 0.892722 0.735319 0.709003 0.973933 0.945876 0.673345 0.793426 0.622305 0.667105 0.912535 0.805657 0.804686 0.816294 0.818844 0.687829 0.762831 0.888415 0.712439 0.825150
0.700637 0.637014 0.800748 0.870325 0.997234 0.852806 0.819368 0.820940 0.853530 0.901532 0.877016 0.813598 0.841560 0.951735 0.957844 0.913463 0.697214 0.750394 0.909761 0.821793 0.860067 0.813582 0.857863 0.905596 0.834464 0.893713 0.874258 0.898999 0.795792 0.750439 0.695852 0.875843 0.752467 0.724022 0.697377 0.584161 0.792294 0.000000 0.860109 0.989611 0.878094 0.949849 0.748709 0.697162 0.610627 0.604910 0.715985 0.712308 0.691578 0.571749 0.535396 0.598472 0.637110 0.647845 0.779242 0.796213 0.668376 0.619691 0.666723 0.602141 0.674357 0.709682 0.594916 0.600254 0.812671 0.816945 0.666543 0.603410 0.880528 0.669164 0.694499 0.722215 0.736289 0.705722 0.923764 0.983155 0.899418 0.674734 0.802228 0.917835 0.742064 0.893413 0.721857 0.912926 0.900547 0.894585 0.898471 0.947202 0.982432 0.954482 0.945044 0.957870 0.897302 0.979405 0.829408 0.857067 0.827056 0.830518 0.767783 0.815242 0.833383 0.767709 0.703670 0.819681 0.788857 0.697028 0.765308 0.785868 0.994347 0.904137 0.620102 0.810456 0.906634 0.837469 0.695304 0.815946
