0.000000 0.352027 0.869605 0.944004 0.796542 0.854279 0.986199 0.657891 0.780573 0.670796 0.507215 0.349389 0.490673 0.469858 0.614763 0.643324 0.433912 0.376541 0.379290 0.304263 0.823429 0.949790 0.584707 0.698772 0.947119 0.648413 0.790840 0.836976 0.462050 0.526063 0.907317 0.890939 0.706889 0.829975 0.956649 0.812853 0.685909 0.999348 0.771055 0.812465 0.952128 0.833951 0.850809 0.827703 0.914705 0.721979 0.624099 0.692107 0.534703 0.615018 0.863103 0.929355 0.976840 0.715686 0.759394 0.925702 0.313064 0.414572 0.521011 0.643812 0.877421 0.756296 0.492207 0.410820 0.886055 0.752337 0.853787 0.790373 0.464920 0.537179 0.950657 0.959499 0.885649 0.914975 0.967060 0.934569 0.786451 0.958629 0.865170 0.765345 0.443446 0.404082 0.494367 0.554918 0.423759 0.694853 0.969561 0.638443 0.775149 0.502856 0.822845 0.678019 0.723333 0.598209 0.946091 0.952289 0.801625 0.982255 0.860896 0.877250 0.887921 0.756705 0.908439 0.935740 0.984829 0.827375 0.952853 0.775326 0.774831 0.916669 0.933066 0.847189 0.820306 0.928318 0.989221 0.888956
0.352027 0.000000 0.606130 0.917527 0.860299 0.698478 0.729511 0.763441 0.625008 0.748462 0.789068 0.384666 0.728438 0.489428 0.711365 0.621817 0.383722 0.379736 0.487920 0.340753 0.973813 0.940947 0.654832 0.697248 0.846115 0.589415 0.815575 0.722184 0.478207 0.522443 0.897347 0.971361 0.934954 0.931317 0.742374 0.823776 0.826257 0.757061 0.808494 0.725906 0.999592 0.904721 0.938260 0.830205 0.881963 0.646062 0.661072 0.777611 0.323688 0.494807 0.887688 0.941316 0.917930 0.624788 0.787587 0.962618 0.256157 0.249759 0.857723 0.803097 0.818535 0.790117 0.726754 0.538831 0.676101 0.636014 0.562334 0.627955 0.609352 0.475080 0.771234 0.641670 0.866608 0.721069 0.962755 0.987957 0.936316 0.854757 0.815829 0.742654 0.439252 0.344566 0.408408 0.437422 0.401167 0.639404 0.986104 0.562439 0.987515 0.685677 0.505278 0.454611 0.486048 0.391234 0.881119 0.955625 0.996995 0.933146 0.880456 0.888830 0.694896 0.522723 0.848690 0.819408 0.804926 0.871792 0.900706 0.597555 0.815186 0.953435 0.905976 0.996294 0.814818 0.981493 0.854401 0.832085
0.869605 0.606130 0.000000 0.446157 0.984235 0.502111 0.315757 0.582004 0.747988 0.833033 0.828854 0.900082 0.702474 0.920443 0.849229 0.984577 0.909190 0.863055 0.934184 0.845277 0.803170 0.920827 0.908447 0.993622 0.907444 0.530617 0.754330 0.841720 0.918550 0.972828 0.455897 0.491287 0.476080 0.530243 0.509874 0.821363 0.930694 0.683031 0.898916 0.888065 0.960505 0.915550 0.480627 0.562124 0.574023 0.751990 0.627173 0.568922 0.706755 0.984202 0.584922 0.605647 0.547950 0.409916 0.809489 0.950685 0.745699 0.563095 0.837048 0.973322 0.451769 0.881684 0.694762 0.894006 0.319815 0.510422 0.294866 0.354965 0.732916 0.812553 0.536591 0.494056 0.582124 0.499452 0.859508 0.949730 0.700272 0.596280 0.911759 0.938544 0.973636 0.787318 0.797530 0.827775 0.858358 0.937932 0.971898 0.943989 0.854328 0.939040 0.450877 0.588171 0.558118 0.613976 0.738844 0.905190 0.727211 0.957992 0.553312 0.463600 0.544292 0.538224 0.493859 0.531611 0.537208 0.485764 0.983186 0.704731 0.893252 0.681372 0.660448 0.604134 0.712059 0.703870 0.534999 0.990952
0.944004 0.917527 0.446157 0.000000 0.984405 0.668775 0.467384 0.424850 0.894847 0.711345 0.887369 0.811237 0.714726 0.654995 0.714937 0.735220 0.934968 0.936871 0.784659 0.869112 0.798840 0.882012 0.688048 0.722163 0.807697 0.587213 0.809206 0.990507 0.872862 0.798692 0.399299 0.465160 0.542578 0.547002 0.707909 0.866149 0.838479 0.738674 0.859446 0.913632 0.849958 0.953993 0.447375 0.514593 0.550318 0.617177 0.562753 0.537478 0.994377 0.773520 0.467193 0.452887 0.517637 0.513653 0.806508 0.929550 0.920390 0.799731 0.929017 0.937416 0.650204 0.757276 0.652022 0.821532 0.448155 0.490595 0.549825 0.529173 0.834751 0.903916 0.625679 0.558205 0.567023 0.593031 0.742874 0.923043 0.573094 0.552891 0.775533 0.789396 0.844547 0.940487 0.929167 0.999548 0.837086 0.727953 0.946628 0.892976 0.941912 0.850062 0.657449 0.798808 0.744749 0.873309 0.677223 0.839156 0.799168 0.924130 0.637685 0.572427 0.742639 0.686573 0.611910 0.708633 0.610035 0.483426 0.885086 0.823985 0.881452 0.838434 0.669016 0.663716 0.628869 0.754609 0.732376 0.855846
0.796542 0.860299 0.984235 0.984405 0.000000 0.932483 0.946102 0.906573 0.894466 0.972698 0.872932 0.794713 0.812105 0.762940 0.717337 0.745632 0.907317 0.912857 0.827946 0.812420 0.888225 0.944246 0.724465 0.639803 0.967985 0.839541 0.760767 0.737752 0.881162 0.901179 0.948319 0.958255 0.881887 0.988505 0.998298 0.894610 0.939836 0.814143 0.943106 0.980692 0.959585 0.901429 0.920837 0.899439 0.898924 0.933831 0.973150 0.883289 0.748142 0.796189 0.830545 0.869972 0.842677 0.997163 0.788622 0.958592 0.891381 0.985868 0.943742 0.996581 0.975277 0.704954 0.996724 0.928049 0.932613 0.963089 0.989203 0.909979 0.805891 0.815198 0.963473 0.942806 0.896572 0.924377 0.959403 0.990737 0.929290 0.781542 0.837080 0.977539 0.938838 0.953547 0.847650 0.892194 0.706751 0.779284 0.850994 0.715808 0.769089 0.886388 0.937827 0.945331 0.947993 0.990341 0.866281 0.995048 0.999826 0.980211 0.968956 0.887876 0.939403 0.946206 0.886982 0.992594 0.867605 0.921602 0.857190 0.986065 0.836531 0.807662 0.973534 0.851104 0.977834 0.950682 0.966854 0.827017
0.854279 0.698478 0.502111 0.668775 0.932483 0.000000 0.464899 0.666962 0.696519 0.804113 0.804167 0.908900 0.862065 0.956774 0.868751 0.917535 0.901720 0.902778 0.958200 0.837884 0.717185 0.980816 0.951895 0.985855 0.934009 0.640431 0.796198 0.923415 0.877010 0.984325 0.637693 0.670883 0.657091 0.718862 0.697356 0.991330 0.992604 0.829044 0.815499 0.952536 0.948756 0.890591 0.563690 0.644972 0.685784 0.836032 0.827260 0.746112 0.837460 0.980543 0.669175 0.705713 0.704464 0.565837 0.858580 0.805504 0.706237 0.561468 0.859218 0.903409 0.549458 0.841665 0.764272 0.930780 0.591231 0.506849 0.487433 0.526735 0.651417 0.767997 0.606551 0.568423 0.800252 0.599763 0.729532 0.794181 0.704999 0.742800 0.902791 0.823214 0.982874 0.826188 0.856789 0.809034 0.856909 0.865652 0.806198 0.861388 0.957628 0.921315 0.595600 0.636612 0.680147 0.698941 0.835081 0.922494 0.775192 0.920169 0.668057 0.559999 0.683373 0.676500 0.675049 0.744592 0.696301 0.727065 0.942374 0.812523 0.940292 0.908797 0.832983 0.697731 0.847878 0.910392 0.633373 0.998128
0.986199 0.729511 0.315757 0.467384 0.946102 0.464899 0.000000 0.436125 0.678937 0.615234 0.671034 0.959562 0.531065 0.779682 0.698695 0.777677 0.967164 0.967369 0.767012 0.895235 0.685015 0.938943 0.799466 0.929171 0.946548 0.633209 0.838603 0.946341 0.870817 0.779373 0.329120 0.430500 0.387166 0.415345 0.573435 0.874300 0.924863 0.693534 0.791768 0.896931 0.972302 0.921347 0.337768 0.419636 0.439071 0.605488 0.611172 0.493930 0.882942 0.859685 0.453944 0.481218 0.498272 0.373551 0.830007 0.874332 0.798321 0.621808 0.721258 0.920268 0.334566 0.811132 0.515831 0.705788 0.473202 0.520044 0.260480 0.330547 0.710170 0.826083 0.416982 0.381386 0.455521 0.391354 0.807696 0.809971 0.521083 0.468549 0.740767 0.764525 0.869792 0.861675 0.918566 0.900715 0.905444 0.989914 0.991278 0.956392 0.898833 0.898927 0.430965 0.549364 0.592475 0.654775 0.744689 0.682976 0.672566 0.833741 0.386829 0.331283 0.443264 0.437036 0.427866 0.422547 0.523425 0.440369 0.986386 0.686413 0.811664 0.749890 0.684779 0.539966 0.658623 0.677155 0.585939 0.964877
0.657891 0.763441 0.582004 0.424850 0.906573 0.666962 0.436125 0.000000 0.910741 0.494218 0.672741 0.506983 0.444681 0.400482 0.587933 0.554845 0.726871 0.752467 0.605233 0.700214 0.764421 0.947439 0.618169 0.702059 0.880877 0.815043 0.913654 0.808220 0.641558 0.656674 0.491387 0.465090 0.486630 0.482606 0.715382 0.936694 0.845455 0.817703 0.753775 0.955932 0.806825 0.984738 0.315912 0.361945 0.364541 0.376996 0.422614 0.388037 0.628321 0.461297 0.401342 0.407060 0.599629 0.663573 0.743499 0.939454 0.825361 0.935710 0.602956 0.687746 0.467097 0.441822 0.443467 0.507020 0.542062 0.560736 0.568987 0.555583 0.904786 0.813847 0.632920 0.676773 0.585876 0.626426 0.758075 0.840537 0.488775 0.659332 0.839260 0.763413 0.655429 0.824076 0.785829 0.902929 0.684579 0.659295 0.996918 0.776782 0.918828 0.643986 0.729480 0.886933 0.820333 0.997889 0.695913 0.756512 0.718627 0.875512 0.464128 0.383849 0.622005 0.790195 0.533979 0.680073 0.596285 0.600419 0.874884 0.861209 0.718220 0.794934 0.644735 0.482228 0.589528 0.679924 0.734219 0.825433
0.780573 0.625008 0.747988 0.894847 0.894466 0.696519 0.678937 0.910741 0.000000 0.893273 0.972874 0.810263 0.902577 0.832202 0.903858 0.992979 0.776177 0.700830 0.872621 0.694734 0.915997 0.985345 0.992573 0.912274 0.914680 0.841708 0.940631 0.973913 0.771609 0.825835 0.888859 0.936695 0.890115 0.964101 0.712330 0.943013 0.997026 0.762653 0.878641 0.829192 0.998719 0.968566 0.899657 0.972453 0.894764 0.951398 0.947899 0.967470 0.780173 0.988544 0.866615 0.795811 0.793494 0.692934 0.918447 0.942695 0.634358 0.573968 0.941670 0.964365 0.774156 0.874440 0.909422 0.855883 0.706235 0.751918 0.624261 0.775454 0.807175 0.876188 0.736835 0.597212 0.717107 0.627963 0.878382 0.915963 0.641949 0.877871 0.866867 0.876268 0.737019 0.618043 0.641250 0.633357 0.747598 0.892913 0.837279 0.773591 0.734112 0.923649 0.505174 0.448364 0.470773 0.523278 0.752376 0.828659 0.798482 0.808572 0.640741 0.665882 0.608603 0.696955 0.746362 0.694420 0.830867 0.837596 0.877018 0.677237 0.876336 0.852425 0.911401 0.710722 0.933706 0.877719 0.910764 0.827888
0.670796 0.748462 0.833033 0.711345 0.972698 0.804113 0.615234 0.494218 0.893273 0.000000 0.521263 0.561557 0.535545 0.585652 0.430934 0.450829 0.553294 0.559510 0.550907 0.665615 0.825662 0.917071 0.478742 0.657833 0.997165 0.956334 0.970148 0.949347 0.514526 0.454709 0.572202 0.573261 0.522514 0.569929 0.907363 0.811331 0.802167 0.992729 0.885008 0.869094 0.988868 0.876260 0.611200 0.600805 0.583226 0.509926 0.613905 0.554172 0.611656 0.512618 0.639952 0.637605 0.801698 0.912521 0.966941 0.995948 0.777922 0.875504 0.677220 0.962990 0.751922 0.663048 0.496690 0.447405 0.895457 0.982886 0.813192 0.891521 0.971630 0.790104 0.674734 0.739345 0.686896 0.690497 0.764932 0.871859 0.626688 0.678301 0.738709 0.576625 0.508110 0.691035 0.644883 0.737737 0.685996 0.716584 0.927272 0.871474 0.976872 0.720499 0.982021 0.989763 0.992462 0.865085 0.927347 0.869685 0.727372 0.907192 0.746139 0.627843 0.807680 0.979409 0.721347 0.641312 0.773860 0.716362 0.878150 0.967371 0.589149 0.964940 0.818925 0.744782 0.825116 0.776000 0.898876 0.692041
0.507215 0.789068 0.828854 0.887369 0.872932 0.804167 0.671034 0.672741 0.972874 0.521263 0.000000 0.581396 0.406768 0.655029 0.623729 0.644564 0.578241 0.530854 0.551535 0.639987 0.744440 0.994721 0.709532 0.791253 0.976492 0.962061 0.877856 0.990316 0.556377 0.533371 0.707934 0.782301 0.548957 0.683936 0.987688 0.906986 0.751411 0.981333 0.793353 0.998367 0.899379 0.909611 0.756354 0.742834 0.884566 0.798156 0.716654 0.735985 0.870298 0.806541 0.895151 0.945837 0.981399 0.889508 0.935209 0.993595 0.748501 0.858593 0.405653 0.622730 0.531215 0.782977 0.395011 0.363387 0.899658 0.996961 0.750890 0.877674 0.870554 0.829855 0.764168 0.742867 0.662919 0.795420 0.908882 0.868687 0.696839 0.818946 0.785934 0.677112 0.583290 0.672615 0.760209 0.774099 0.789101 0.781020 0.869873 0.837054 0.778790 0.621637 0.914150 0.934818 0.945590 0.872818 0.923574 0.879926 0.730099 0.854168 0.744112 0.721630 0.839840 0.902448 0.657302 0.694599 0.778453 0.768884 0.958863 0.995862 0.775397 0.778910 0.957541 0.827037 0.933461 0.919500 0.847290 0.930256
0.349389 0.384666 0.900082 0.811237 0.794713 0.908900 0.959562 0.506983 0.810263 0.561557 0.581396 0.000000 0.438776 0.307590 0.475011 0.399878 0.451113 0.458100 0.432187 0.349861 0.948174 0.970652 0.448220 0.482510 0.989742 0.693739 0.804016 0.754058 0.421835 0.494451 0.853018 0.811015 0.734353 0.765737 0.904953 0.699207 0.702700 0.955698 0.870860 0.790480 0.885226 0.890809 0.756406 0.757749 0.782060 0.597289 0.618829 0.640607 0.380451 0.468148 0.748022 0.815210 0.984369 0.748829 0.814441 0.931060 0.457184 0.504516 0.601269 0.673782 0.853952 0.483871 0.524559 0.405282 0.993075 0.987227 0.862971 0.849949 0.632975 0.559046 0.980946 0.990991 0.900321 0.970100 0.918523 0.998744 0.756054 0.966089 0.851811 0.813327 0.497287 0.489651 0.491982 0.633059 0.355621 0.451393 0.840718 0.500768 0.844033 0.533412 0.788926 0.657825 0.706684 0.567065 0.936642 0.864388 0.921785 0.958371 0.887083 0.832681 0.938659 0.737064 0.981506 0.985944 0.942271 0.922106 0.914401 0.795203 0.766372 0.911186 0.864830 0.862999 0.905332 0.990281 0.977826 0.763590
0.490673 0.728438 0.702474 0.714726 0.812105 0.862065 0.531065 0.444681 0.902577 0.535545 0.406768 0.438776 0.000000 0.422840 0.418180 0.475078 0.571311 0.592662 0.427768 0.566188 0.850731 0.961762 0.501871 0.711576 0.970167 0.911785 0.926821 0.966980 0.509027 0.494481 0.551343 0.583663 0.442701 0.557527 0.829002 0.923896 0.745694 0.875856 0.781609 0.981068 0.970788 0.906094 0.492900 0.522369 0.574244 0.544013 0.478569 0.469854 0.686317 0.588447 0.557124 0.613298 0.701745 0.839233 0.663395 0.958664 0.672982 0.822290 0.491838 0.720331 0.498666 0.592405 0.401615 0.378027 0.775730 0.884376 0.666375 0.768335 0.803781 0.813963 0.602764 0.698586 0.565763 0.658242 0.865478 0.908630 0.557315 0.690257 0.744630 0.809753 0.621351 0.736077 0.638082 0.824338 0.655871 0.742490 0.813669 0.715274 0.691023 0.614061 0.817351 0.976165 0.957515 0.885237 0.935742 0.770454 0.702477 0.867237 0.549797 0.487199 0.690590 0.859374 0.558480 0.639895 0.643792 0.670549 0.962369 0.998207 0.799921 0.651166 0.688453 0.594347 0.723362 0.722643 0.697251 0.894716
0.469858 0.489428 0.920443 0.654995 0.762940 0.956774 0.779682 0.400482 0.832202 0.585652 0.655029 0.307590 0.422840 0.000000 0.425305 0.344893 0.532957 0.503671 0.374580 0.397312 0.847575 0.898797 0.371348 0.412377 0.885568 0.791370 0.877741 0.840418 0.409066 0.447666 0.680069 0.537462 0.583867 0.598120 0.990938 0.904078 0.773247 0.943617 0.827040 0.734195 0.807068 0.951754 0.497272 0.526199 0.566239 0.476664 0.469381 0.480960 0.398254 0.425340 0.464094 0.578832 0.728824 0.960165 0.651899 0.960774 0.563831 0.672358 0.784722 0.830921 0.811615 0.526754 0.508699 0.475748 0.905283 0.825348 0.995157 0.974003 0.801683 0.657467 0.837998 0.975040 0.717831 0.834213 0.814252 0.841969 0.728173 0.878464 0.804438 0.700608 0.511428 0.520824 0.465176 0.697601 0.339212 0.358718 0.851219 0.460523 0.973876 0.584611 0.872009 0.691868 0.747043 0.578261 0.954407 0.815540 0.935960 0.964566 0.853600 0.683151 0.984527 0.895649 0.890757 0.922045 0.861523 0.869245 0.834561 0.864838 0.830413 0.871361 0.868198 0.746938 0.738970 0.837410 0.928492 0.754612
0.614763 0.711365 0.849229 0.714937 0.717337 0.868751 0.698695 0.587933 0.903858 0.430934 0.623729 0.475011 0.418180 0.425305 0.000000 0.308525 0.483103 0.503761 0.403068 0.531580 0.881263 0.977257 0.267805 0.460067 0.865188 0.841181 0.893020 0.946605 0.483568 0.411385 0.540874 0.543002 0.461024 0.537662 0.981270 0.885408 0.766841 0.877751 0.923071 0.979143 0.987178 0.860348 0.570889 0.599196 0.603084 0.512288 0.601017 0.495979 0.580194 0.525858 0.524527 0.546062 0.614108 0.831757 0.759439 0.983716 0.679252 0.830579 0.858751 0.900844 0.890899 0.732767 0.540167 0.504716 0.896146 0.979682 0.887674 0.986291 0.778026 0.836803 0.626325 0.755091 0.577741 0.627123 0.827361 0.908924 0.623531 0.740130 0.743847 0.658450 0.527475 0.630460 0.539382 0.744351 0.465658 0.545355 0.732010 0.609735 0.856466 0.724279 0.971279 0.950874 0.895863 0.764104 0.920969 0.872827 0.767601 0.980234 0.819356 0.658104 0.886436 0.966173 0.821125 0.654322 0.797346 0.790746 0.945514 0.939222 0.771461 0.833731 0.824367 0.761913 0.754853 0.749215 0.744656 0.860723
0.643324 0.621817 0.984577 0.735220 0.745632 0.917535 0.777677 0.554845 0.992979 0.450829 0.644564 0.399878 0.475078 0.344893 0.308525 0.000000 0.547197 0.528189 0.433950 0.558676 0.861543 0.905232 0.318695 0.392128 0.987347 0.732752 0.916352 0.853549 0.391732 0.397140 0.659411 0.606916 0.598855 0.659168 0.897048 0.820873 0.844767 0.961823 0.906979 0.877637 0.939918 0.875418 0.580336 0.570287 0.615690 0.503003 0.624536 0.575093 0.439111 0.523857 0.563384 0.623767 0.741934 0.936147 0.747247 0.941981 0.722855 0.786256 0.872320 0.958701 0.899435 0.611387 0.584843 0.530392 0.955010 0.943286 0.995355 0.985087 0.893306 0.797088 0.837169 0.838335 0.714920 0.733534 0.792157 0.881845 0.719242 0.795662 0.703407 0.679672 0.574178 0.660788 0.502044 0.753294 0.481196 0.432687 0.772728 0.523276 0.969331 0.714714 0.821561 0.800258 0.756011 0.624999 0.993515 0.754833 0.885759 0.963321 0.912397 0.747601 0.996399 0.912165 0.982145 0.850804 0.915291 0.957951 0.950186 0.876141 0.743414 0.951716 0.935039 0.881455 0.829109 0.831579 0.961859 0.775544
0.433912 0.383722 0.909190 0.934968 0.907317 0.901720 0.967164 0.726871 0.776177 0.553294 0.578241 0.451113 0.571311 0.532957 0.483103 0.547197 0.000000 0.283080 0.419788 0.387979 0.896551 0.997959 0.547368 0.669626 0.805424 0.718613 0.841363 0.987009 0.357693 0.299610 0.774661 0.724144 0.638460 0.659359 0.919083 0.861012 0.757293 0.850485 0.846448 0.761471 0.878737 0.870684 0.785465 0.710740 0.772755 0.551193 0.627556 0.597988 0.528251 0.540402 0.805410 0.902851 0.958622 0.811052 0.810724 0.969953 0.332222 0.424256 0.814434 0.870550 0.988317 0.896689 0.494298 0.356982 0.836418 0.657668 0.846259 0.834956 0.747039 0.566748 0.958107 0.938037 0.906332 0.937854 0.927756 0.974112 0.832067 0.883951 0.570455 0.604830 0.267486 0.336958 0.446451 0.388312 0.475773 0.659472 0.903082 0.592048 0.991083 0.734120 0.607147 0.555920 0.546143 0.485013 0.932619 0.917483 0.912398 0.770901 0.940079 0.957804 0.846448 0.682042 0.935838 0.835141 0.976139 0.952875 0.895603 0.652302 0.724697 0.946329 0.944008 0.995500 0.783402 0.834416 0.897718 0.800408
0.376541 0.379736 0.863055 0.936871 0.912857 0.902778 0.967369 0.752467 0.700830 0.559510 0.530854 0.458100 0.592662 0.503671 0.503761 0.528189 0.283080 0.000000 0.336082 0.370483 0.811593 0.971687 0.532785 0.638466 0.775747 0.697263 0.806083 0.936070 0.363526 0.273426 0.798173 0.739554 0.657588 0.675384 0.761562 0.868984 0.772159 0.874876 0.781807 0.821020 0.889688 0.840192 0.798641 0.707155 0.822119 0.593786 0.645885 0.612128 0.527063 0.592681 0.823837 0.887977 0.912385 0.829731 0.866063 0.995512 0.339895 0.442814 0.841751 0.922139 0.975990 0.986234 0.470300 0.380229 0.773231 0.647753 0.805420 0.784699 0.717882 0.673798 0.964359 0.991577 0.858694 0.994622 0.989135 0.972583 0.806773 0.875878 0.574552 0.499212 0.261328 0.293544 0.365180 0.410822 0.478279 0.656500 0.993369 0.584234 0.936287 0.752550 0.611874 0.569482 0.518959 0.467890 0.913618 0.856887 0.970921 0.847870 0.938855 0.989323 0.768677 0.706478 0.973367 0.904379 0.967006 0.961201 0.961579 0.702767 0.740808 0.945069 0.930606 0.962150 0.748845 0.844250 0.949193 0.882578
0.379290 0.487920 0.934184 0.784659 0.827946 0.958200 0.767012 0.605233 0.872621 0.550907 0.551535 0.432187 0.427768 0.374580 0.403068 0.433950 0.419788 0.336082 0.000000 0.390104 0.794542 0.962838 0.360644 0.511107 0.858591 0.694166 0.860466 0.975011 0.397861 0.369782 0.692455 0.591579 0.527128 0.628216 0.961959 0.921767 0.684701 0.980894 0.798880 0.845588 0.952087 0.906781 0.610850 0.599982 0.676418 0.539607 0.498150 0.510952 0.511776 0.532429 0.596095 0.706716 0.742921 0.978087 0.715767 0.983670 0.419577 0.585781 0.803734 0.971492 0.887605 0.843516 0.471783 0.435302 0.995115 0.839893 0.990417 0.930572 0.648290 0.679627 0.774714 0.889445 0.716018 0.853174 0.953166 0.852743 0.704499 0.832450 0.679905 0.583799 0.424827 0.443386 0.409902 0.548291 0.398518 0.599930 0.835260 0.555098 0.894709 0.618852 0.865627 0.778036 0.726063 0.664251 0.955125 0.733628 0.862101 0.970615 0.863943 0.749194 0.968609 0.851802 0.858363 0.771474 0.894784 0.733224 0.992623 0.753342 0.751511 0.894492 0.910325 0.801220 0.659216 0.735818 0.925213 0.877768
0.304263 0.340753 0.845277 0.869112 0.812420 0.837884 0.895235 0.700214 0.694734 0.665615 0.639987 0.349861 0.566188 0.397312 0.531580 0.558676 0.387979 0.370483 0.390104 0.000000 0.920230 0.975961 0.450444 0.526318 0.911027 0.694163 0.830785 0.901041 0.426811 0.477166 0.904478 0.855496 0.731093 0.835128 0.860638 0.816210 0.705107 0.990161 0.848237 0.736713 0.978964 0.801318 0.859058 0.825705 0.829759 0.617676 0.623328 0.630744 0.427889 0.445148 0.764382 0.857793 0.934928 0.752123 0.691383 0.886943 0.290576 0.384344 0.768563 0.812608 0.926766 0.725059 0.645686 0.510075 0.886452 0.744639 0.741638 0.731572 0.452151 0.494330 0.991322 0.776131 0.956318 0.846386 0.887358 0.985427 0.841027 0.941466 0.845869 0.779907 0.445530 0.332001 0.396304 0.432034 0.306866 0.567977 0.914060 0.541957 0.890592 0.541834 0.652328 0.547308 0.630570 0.502022 0.976933 0.983868 0.951509 0.926809 0.916935 0.999684 0.795186 0.623352 0.949184 0.957846 0.977920 0.934292 0.940697 0.693925 0.857429 0.971442 0.901648 0.949633 0.812564 0.879457 0.977869 0.829637
0.823429 0.973813 0.803170 0.798840 0.888225 0.717185 0.685015 0.764421 0.915997 0.825662 0.744440 0.948174 0.850731 0.847575 0.881263 0.861543 0.896551 0.811593 0.794542 0.920230 0.000000 0.834205 0.942595 0.920802 0.854753 0.815765 0.974281 0.903571 0.865582 0.870964 0.585156 0.673685 0.738185 0.735111 0.914994 0.941766 0.995835 0.989990 0.772111 0.840462 0.972379 0.900941 0.679171 0.716938 0.872157 0.845165 0.825933 0.804421 0.992716 0.932296 0.770506 0.750607 0.812001 0.744442 0.925814 0.879215 0.980216 0.921696 0.876857 0.916463 0.764384 0.900256 0.631564 0.776501 0.962710 0.883275 0.834703 0.805268 0.917520 0.928817 0.705144 0.785238 0.735691 0.635224 0.844342 0.748790 0.905532 0.799380 0.748223 0.705767 0.784425 0.853103 0.923183 0.978120 0.983184 0.961388 0.752498 0.899616 0.939611 0.804784 0.854713 0.960661 0.969112 0.922524 0.900998 0.819468 0.857486 0.978404 0.773643 0.863479 0.905825 0.838904 0.751979 0.739334 0.844540 0.783667 0.935412 0.873611 0.886212 0.956835 0.982415 0.929075 0.873605 0.939692 0.844555 0.875000
0.949790 0.940947 0.920827 0.882012 0.944246 0.980816 0.938943 0.947439 0.985345 0.917071 0.994721 0.970652 0.961762 0.898797 0.977257 0.905232 0.997959 0.971687 0.962838 0.975961 0.834205 0.000000 0.975242 0.960377 0.949032 0.768556 0.823272 0.949634 0.942487 0.918487 0.921570 0.950024 0.891381 0.859233 0.942263 0.742682 0.885736 0.771827 0.940431 0.950278 0.973184 0.984963 0.997248 0.974308 0.978805 0.964995 0.933378 0.893555 0.863234 0.903808 0.883291 0.942367 0.862348 0.876619 0.894526 0.853216 0.968240 0.948683 0.970491 0.996819 0.986492 0.940431 0.967986 0.996612 0.943584 0.978308 0.889494 0.916880 0.964037 0.898693 0.936676 0.993326 0.987150 0.991215 0.769789 0.972092 0.897350 0.894265 0.944621 0.949936 0.970522 0.981525 0.931628 0.910452 0.980547 0.894507 0.852004 0.989530 0.996306 0.996897 0.935143 0.929907 0.955356 0.949833 0.932630 0.977238 0.930524 0.990906 0.985840 0.974788 0.944793 0.980401 0.920704 0.973220 0.905357 0.764887 0.848904 0.894045 0.998023 0.839273 0.892199 0.955719 0.966386 0.925295 0.805307 0.934019
0.584707 0.654832 0.908447 0.688048 0.724465 0.951895 0.799466 0.618169 0.992573 0.478742 0.709532 0.448220 0.501871 0.371348 0.267805 0.318695 0.547368 0.532785 0.360644 0.450444 0.942595 0.975242 0.000000 0.369346 0.945908 0.751538 0.814546 0.993171 0.480434 0.449636 0.649574 0.619980 0.547269 0.673627 0.924599 0.892023 0.725622 0.888284 0.976952 0.920266 0.933605 0.815542 0.676278 0.696180 0.683290 0.586518 0.614003 0.565015 0.520829 0.482565 0.536623 0.599912 0.669383 0.900324 0.772393 0.856183 0.636773 0.779759 0.929908 0.857673 0.975960 0.713394 0.677687 0.604617 0.923140 0.943619 0.991786 0.889651 0.673902 0.730619 0.730901 0.884644 0.634087 0.733820 0.840658 0.894229 0.694430 0.842994 0.842637 0.748658 0.602800 0.577328 0.489594 0.701730 0.386909 0.486781 0.715681 0.526483 0.897791 0.688005 0.915246 0.876898 0.860034 0.714063 0.915966 0.820365 0.829335 0.944996 0.919343 0.771093 0.996186 0.899864 0.944569 0.745610 0.880702 0.793796 0.956827 0.946939 0.759042 0.941534 0.844880 0.832533 0.807090 0.808321 0.939161 0.827680
0.698772 0.697248 0.993622 0.722163 0.639803 0.985855 0.929171 0.702059 0.912274 0.657833 0.791253 0.482510 0.711576 0.412377 0.460067 0.392128 0.669626 0.638466 0.511107 0.526318 0.920802 0.960377 0.369346 0.000000 0.957223 0.828366 0.924841 0.966856 0.540788 0.577633 0.797207 0.713461 0.727467 0.796451 0.916638 0.784315 0.836961 0.953770 0.947112 0.760730 0.831247 0.988771 0.774881 0.764609 0.774665 0.670773 0.778278 0.686738 0.535032 0.575626 0.644058 0.742009 0.817141 0.993323 0.791702 0.914485 0.762449 0.844533 0.995853 0.924590 0.933171 0.671389 0.759704 0.716639 0.986047 0.952573 0.900723 0.877022 0.823411 0.728752 0.905330 0.999701 0.913180 0.907530 0.826910 0.883887 0.824692 0.973454 0.870550 0.769030 0.653281 0.640718 0.607548 0.693130 0.405474 0.406963 0.763037 0.488934 0.974046 0.655856 0.795559 0.756644 0.714327 0.643022 0.890584 0.865412 0.933230 0.887812 0.932592 0.902045 0.827872 0.845391 0.914262 0.990243 0.970208 0.963010 0.981132 0.898925 0.919714 0.902429 0.992300 0.918270 0.988574 0.965116 0.879903 0.778646
0.947119 0.846115 0.907444 0.807697 0.967985 0.934009 0.946548 0.880877 0.914680 0.997165 0.976492 0.989742 0.970167 0.885568 0.865188 0.987347 0.805424 0.775747 0.858591 0.911027 0.854753 0.949032 0.945908 0.957223 0.000000 0.738985 0.962454 0.924351 0.977233 0.857101 0.798213 0.725901 0.878408 0.785697 0.909144 0.849625 0.924219 0.945539 0.796373 0.891580 0.955813 0.868169 0.810784 0.738378 0.846214 0.798092 0.696145 0.722741 0.985419 0.882432 0.795354 0.674201 0.699764 0.808226 0.883215 0.809605 0.838375 0.913112 0.867490 0.954191 0.932295 0.818887 0.831138 0.886838 0.903571 0.997687 0.999935 0.986199 0.806251 0.999487 0.809568 0.934220 0.930234 0.873287 0.955984 0.865194 0.809288 0.866312 0.827400 0.690047 0.723177 0.687551 0.831529 0.913443 0.850393 0.836360 0.963332 0.875126 0.984541 0.917845 0.932744 0.857254 0.955835 0.849014 0.902568 0.977497 0.983032 0.953293 0.939076 0.970720 0.909554 0.899995 0.849038 0.975218 0.994397 0.985088 0.934199 0.917848 0.948791 0.923503 0.989453 0.856941 0.689917 0.786867 0.819569 0.886832
0.648413 0.589415 0.530617 0.587213 0.839541 0.640431 0.633209 0.815043 0.841708 0.956334 0.962061 0.693739 0.911785 0.791370 0.841181 0.732752 0.718613 0.697263 0.694166 0.694163 0.815765 0.768556 0.751538 0.828366 0.738985 0.000000 0.749130 0.958270 0.697576 0.772446 0.627707 0.775143 0.814120 0.742743 0.618024 0.707209 0.886711 0.783932 0.923943 0.839237 0.923376 0.894343 0.766165 0.811632 0.791705 0.934782 0.885629 0.827751 0.623512 0.855432 0.810618 0.713854 0.748574 0.543451 0.932378 0.963191 0.573729 0.564464 0.990079 0.925790 0.685289 0.953128 0.947985 0.857159 0.515384 0.566228 0.518953 0.471341 0.619932 0.732433 0.701163 0.748825 0.782413 0.708182 0.920401 0.882043 0.808695 0.715181 0.970086 0.922405 0.836110 0.749430 0.667111 0.797082 0.697467 0.818425 0.769170 0.732885 0.964755 0.835170 0.569756 0.655097 0.580056 0.630318 0.693261 0.951887 0.877761 0.868444 0.716224 0.736145 0.717520 0.572901 0.624467 0.826111 0.612486 0.689560 0.992189 0.697896 0.908907 0.929809 0.729992 0.700159 0.862158 0.888771 0.695395 0.920067
0.790840 0.815575 0.754330 0.809206 0.760767 0.796198 0.838603 0.913654 0.940631 0.970148 0.877856 0.804016 0.926821 0.877741 0.893020 0.916352 0.841363 0.806083 0.860466 0.830785 0.974281 0.823272 0.814546 0.924841 0.962454 0.749130 0.000000 0.899287 0.935431 0.911413 0.847035 0.874392 0.887598 0.796922 0.728538 0.911182 0.984939 0.993781 0.958036 0.937272 0.995154 0.922355 0.778597 0.775802 0.777649 0.845546 0.859251 0.814634 0.852382 0.892917 0.869881 0.899105 0.860718 0.776239 0.899066 0.821710 0.799617 0.876083 0.987005 0.972298 0.802503 0.986580 0.933604 0.982371 0.724239 0.781226 0.713275 0.602867 0.775695 0.815447 0.892312 0.880610 0.972244 0.955631 0.930315 0.967846 0.973123 0.847144 0.990098 0.919187 0.882604 0.803005 0.790473 0.912475 0.863248 0.905585 0.910076 0.835034 0.846900 0.997374 0.950000 0.931178 0.866239 0.918981 0.859706 0.965314 0.926993 0.933562 0.873461 0.864649 0.896953 0.926153 0.831285 0.999253 0.830536 0.835906 0.959759 0.889502 0.760892 0.882004 0.903121 0.918839 0.905081 0.763341 0.810007 0.955898
0.836976 0.722184 0.841720 0.990507 0.737752 0.923415 0.946341 0.808220 0.973913 0.949347 0.990316 0.754058 0.966980 0.840418 0.946605 0.853549 0.987009 0.936070 0.975011 0.901041 0.903571 0.949634 0.993171 0.966856 0.924351 0.958270 0.899287 0.000000 0.995714 0.984103 0.882723 0.887222 0.936169 0.948117 0.922339 0.820479 0.967678 0.992118 0.953251 0.987969 0.968719 0.941842 0.926758 0.904884 0.893478 0.874557 0.982039 0.862756 0.715457 0.801811 0.892993 0.831592 0.947601 0.945661 0.901401 0.938094 0.887516 0.876410 0.933565 0.887703 0.955665 0.756432 0.962711 0.963370 0.925668 0.914161 0.904784 0.900992 0.999283 0.877993 0.906533 0.913157 0.975533 0.912952 0.997854 0.953299 0.903143 0.870239 0.963280 0.921821 0.946957 0.984048 0.975409 0.959471 0.831614 0.850607 0.920731 0.966243 0.833462 0.932624 0.996729 0.982201 0.983545 0.988436 0.914416 0.944651 0.945872 0.732872 0.877265 0.894546 0.870955 0.944011 0.892130 0.828914 0.873006 0.845188 0.999962 0.937563 0.979884 0.992193 0.947462 0.866554 0.873658 0.947817 0.953861 0.947479
0.462050 0.478207 0.918550 0.872862 0.881162 0.877010 0.870817 0.641558 0.771609 0.514526 0.556377 0.421835 0.509027 0.409066 0.483568 0.391732 0.357693 0.363526 0.397861 0.426811 0.865582 0.942487 0.480434 0.540788 0.977233 0.697576 0.935431 0.995714 0.000000 0.284835 0.687499 0.648117 0.570639 0.594614 0.884065 0.891621 0.764008 0.873235 0.887865 0.794839 0.950080 0.889946 0.687233 0.616695 0.701639 0.501513 0.659860 0.561030 0.493640 0.554346 0.723539 0.836831 0.917632 0.884658 0.792160 0.926157 0.487662 0.542164 0.737515 0.857267 0.890797 0.755958 0.478862 0.370006 0.861495 0.818814 0.926310 0.936655 0.735505 0.582528 0.943365 0.979757 0.817780 0.934702 0.902887 0.983130 0.825718 0.819263 0.580413 0.645142 0.345396 0.426911 0.433765 0.455796 0.451286 0.612847 0.865293 0.515160 0.896221 0.732794 0.701658 0.604803 0.597686 0.504827 0.941947 0.829740 0.938869 0.861722 0.996095 0.845729 0.905946 0.840251 0.940910 0.890224 0.939928 0.923416 0.975400 0.765821 0.735046 0.987352 0.995445 0.973233 0.808561 0.842056 0.981733 0.731352
0.526063 0.522443 0.972828 0.798692 0.901179 0.984325 0.779373 0.656674 0.825835 0.454709 0.533371 0.494451 0.494481 0.447666 0.411385 0.397140 0.299610 0.273426 0.369782 0.477166 0.870964 0.918487 0.449636 0.577633 0.857101 0.772446 0.911413 0.984103 0.284835 0.000000 0.622888 0.562649 0.479367 0.486528 0.856620 0.973095 0.795973 0.926392 0.865605 0.808196 0.898706 0.880305 0.645389 0.560680 0.642509 0.489598 0.577438 0.497743 0.559096 0.575716 0.657814 0.776299 0.820793 0.993475 0.772242 0.950850 0.504261 0.611444 0.858858 0.984875 0.891447 0.895014 0.420677 0.336874 0.890567 0.801555 0.985162 0.991287 0.876637 0.698696 0.865703 0.899661 0.770694 0.855810 0.934963 0.952115 0.781149 0.712270 0.453226 0.487391 0.277738 0.398526 0.402046 0.436519 0.509256 0.605363 0.863985 0.567252 0.908670 0.817113 0.677584 0.618133 0.565121 0.500800 0.908111 0.846089 0.925068 0.819838 0.988473 0.875357 0.913140 0.827921 0.924303 0.796102 0.946848 0.885750 0.966316 0.766646 0.712012 0.883942 0.966448 0.955775 0.719750 0.762251 0.899158 0.787466
0.907317 0.897347 0.455897 0.399299 0.948319 0.637693 0.329120 0.491387 0.888859 0.572202 0.707934 0.853018 0.551343 0.680069 0.540874 0.659411 0.774661 0.798173 0.692455 0.904478 0.585156 0.921570 0.649574 0.797207 0.798213 0.627707 0.847035 0.882723 0.687499 0.622888 0.000000 0.351424 0.360054 0.324706 0.677306 0.854078 0.912466 0.765172 0.794624 0.967997 0.998065 0.971278 0.337697 0.416897 0.495629 0.534241 0.578287 0.428120 0.965689 0.819667 0.437975 0.426862 0.478310 0.439700 0.823298 0.952959 0.952759 0.809002 0.842704 0.999445 0.555412 0.928522 0.452147 0.626266 0.585870 0.688676 0.479617 0.485571 0.831415 0.845840 0.389286 0.498252 0.440527 0.406294 0.838269 0.823865 0.575865 0.386237 0.586598 0.610778 0.677969 0.879952 0.874447 0.915321 0.892762 0.838721 0.972932 0.873731 0.997033 0.918653 0.655275 0.816111 0.793271 0.951170 0.735618 0.783669 0.689168 0.904670 0.571673 0.491597 0.640532 0.569359 0.447204 0.487320 0.537473 0.516092 0.885675 0.795880 0.807178 0.867416 0.707474 0.696891 0.647074 0.658612 0.591926 0.812127
0.890939 0.971361 0.491287 0.465160 0.958255 0.670883 0.430500 0.465090 0.936695 0.573261 0.782301 0.811015 0.583663 0.537462 0.543002 0.606916 0.724144 0.739554 0.591579 0.855496 0.673685 0.950024 0.619980 0.713461 0.725901 0.775143 0.874392 0.887222 0.648117 0.562649 0.351424 0.000000 0.403856 0.338817 0.681821 0.857253 0.929539 0.872097 0.773441 0.891714 0.949303 0.987259 0.309471 0.357694 0.431437 0.470904 0.471581 0.389547 0.869400 0.710150 0.385814 0.428255 0.458532 0.517607 0.770292 0.811673 0.950450 0.892194 0.979052 0.892290 0.658179 0.844168 0.498504 0.624176 0.653837 0.710026 0.583591 0.588225 0.781631 0.979181 0.521007 0.646652 0.536090 0.517732 0.719310 0.810939 0.636335 0.440998 0.608896 0.586733 0.599267 0.789792 0.714708 0.874185 0.760729 0.706538 0.898651 0.771880 0.862139 0.922957 0.823225 0.952800 0.942328 0.953922 0.800082 0.702749 0.828352 0.979287 0.672836 0.474892 0.789408 0.731967 0.588541 0.593446 0.658649 0.598515 0.898007 0.914647 0.825159 0.847332 0.816184 0.645384 0.583821 0.658802 0.592440 0.715243
0.706889 0.934954 0.476080 0.542578 0.881887 0.657091 0.387166 0.486630 0.890115 0.522514 0.548957 0.734353 0.442701 0.583867 0.461024 0.598855 0.638460 0.657588 0.527128 0.731093 0.738185 0.891381 0.547269 0.727467 0.878408 0.814120 0.887598 0.936169 0.570639 0.479367 0.360054 0.403856 0.000000 0.348841 0.721097 0.834896 0.704489 0.744915 0.741134 0.920826 0.990235 0.938063 0.414150 0.412430 0.452572 0.451283 0.528022 0.377301 0.898901 0.670377 0.430550 0.520617 0.540224 0.609031 0.731088 0.966139 0.852513 0.980370 0.718839 0.982989 0.555631 0.803211 0.416332 0.481220 0.603541 0.830322 0.503970 0.561029 0.976853 0.865951 0.503569 0.572768 0.494490 0.575694 0.826269 0.895903 0.583400 0.480279 0.695642 0.638221 0.565798 0.751485 0.782124 0.746031 0.729587 0.778889 0.966408 0.758829 0.880184 0.759286 0.791646 0.905072 0.935342 0.962794 0.811116 0.806062 0.631424 0.918310 0.610159 0.524454 0.693724 0.722813 0.514168 0.491650 0.623204 0.470613 0.936957 0.920862 0.730315 0.785575 0.713058 0.564339 0.570606 0.681537 0.596103 0.868354
0.829975 0.931317 0.530243 0.547002 0.988505 0.718862 0.415345 0.482606 0.964101 0.569929 0.683936 0.765737 0.557527 0.598120 0.537662 0.659168 0.659359 0.675384 0.628216 0.835128 0.735111 0.859233 0.673627 0.796451 0.785697 0.742743 0.796922 0.948117 0.594614 0.486528 0.324706 0.338817 0.348841 0.000000 0.724041 0.740357 0.866592 0.793909 0.777011 0.903359 0.941062 0.958505 0.373447 0.368856 0.429899 0.435902 0.500161 0.390321 0.896128 0.731386 0.482912 0.539898 0.574965 0.619499 0.770076 0.893977 0.876985 0.991794 0.810459 0.938439 0.552049 0.850281 0.383901 0.490006 0.633841 0.764154 0.547619 0.502759 0.870436 0.999424 0.555853 0.652869 0.579713 0.586372 0.860646 0.869992 0.682526 0.482180 0.570224 0.607180 0.527688 0.734175 0.774688 0.712895 0.768793 0.775115 0.990726 0.737149 0.954336 0.882200 0.875775 0.969302 0.988226 0.901862 0.818409 0.790779 0.744480 0.972041 0.676849 0.579544 0.729933 0.761762 0.569097 0.588349 0.668389 0.597537 0.891332 0.970526 0.742350 0.794943 0.815592 0.696272 0.599959 0.688447 0.553358 0.763769
0.956649 0.742374 0.509874 0.707909 0.998298 0.697356 0.573435 0.715382 0.712330 0.907363 0.987688 0.904953 0.829002 0.990938 0.981270 0.897048 0.919083 0.761562 0.961959 0.860638 0.914994 0.942263 0.924599 0.916638 0.909144 0.618024 0.728538 0.922339 0.884065 0.856620 0.677306 0.681821 0.721097 0.724041 0.000000 0.879717 0.956638 0.750589 0.925266 0.971647 0.965475 0.847811 0.629904 0.730006 0.678525 0.788246 0.720729 0.688334 0.769261 0.972534 0.705320 0.735364 0.694185 0.621569 0.797287 0.877084 0.866905 0.804483 0.800305 0.804423 0.569020 0.848732 0.820244 0.978533 0.510938 0.617252 0.444194 0.467667 0.906118 0.948218 0.743407 0.704270 0.820636 0.783100 0.964402 0.945887 0.757315 0.827102 0.984217 0.853422 0.912712 0.775185 0.747290 0.841057 0.919534 0.927326 0.867752 0.925710 0.784809 0.965632 0.585171 0.695925 0.630978 0.701172 0.685959 0.916543 0.769758 0.718738 0.591296 0.582132 0.637914 0.638419 0.585729 0.671358 0.511691 0.640079 0.961311 0.790522 0.984852 0.895328 0.762501 0.617323 0.823640 0.751497 0.619879 0.824889
0.812853 0.823776 0.821363 0.866149 0.894610 0.991330 0.874300 0.936694 0.943013 0.811331 0.906986 0.699207 0.923896 0.904078 0.885408 0.820873 0.861012 0.868984 0.921767 0.816210 0.941766 0.742682 0.892023 0.784315 0.849625 0.707209 0.911182 0.820479 0.891621 0.973095 0.854078 0.857253 0.834896 0.740357 0.879717 0.000000 0.936228 0.822541 0.974840 0.996682 0.994195 0.925181 0.900059 0.918098 0.898130 0.983280 0.892366 0.999161 0.789159 0.840000 0.953165 0.942008 0.847061 0.801910 0.989733 0.934894 0.897846 0.920582 0.889101 0.929453 0.953586 0.803936 0.966902 0.899811 0.842657 0.923488 0.792516 0.737814 0.920335 0.816810 0.996818 0.926875 0.898710 0.907619 0.906759 0.968036 0.914966 0.721259 0.971961 0.986999 0.902492 0.954048 0.951449 0.983476 0.838239 0.832185 0.871313 0.995177 0.758218 0.869521 0.912760 0.996054 0.909496 0.934550 0.991460 0.925912 0.899329 0.971001 0.966912 0.991761 0.990022 0.810795 0.849028 0.911276 0.864247 0.804623 0.900871 0.977171 0.822401 0.883979 0.998134 0.936414 0.760333 0.870413 0.834689 0.962441
0.685909 0.826257 0.930694 0.838479 0.939836 0.992604 0.924863 0.845455 0.997026 0.802167 0.751411 0.702700 0.745694 0.773247 0.766841 0.844767 0.757293 0.772159 0.684701 0.705107 0.995835 0.885736 0.725622 0.836961 0.924219 0.886711 0.984939 0.967678 0.764008 0.795973 0.912466 0.929539 0.704489 0.866592 0.956638 0.936228 0.000000 0.908961 0.961461 0.869108 0.991874 0.991004 0.985441 0.949578 0.988880 0.893557 0.796864 0.914974 0.971780 0.872265 0.849233 0.949106 0.979067 0.892600 0.860446 0.822219 0.725944 0.815958 0.727327 0.833543 0.943598 0.895970 0.740123 0.707668 0.839066 0.936464 0.972687 0.930048 0.702225 0.753663 0.832216 0.934523 0.939986 0.935552 0.869008 0.979274 0.788356 0.912803 0.913383 0.953555 0.771999 0.693233 0.893507 0.897815 0.713974 0.762935 0.886762 0.831474 0.797694 0.647707 0.995861 0.963947 0.989269 0.931811 0.862895 0.899866 0.689873 0.924536 0.888886 0.894991 0.995887 0.861154 0.809318 0.881359 0.993394 0.665283 0.880665 0.970865 0.784808 0.845423 0.789557 0.745242 0.947627 0.977320 0.977887 0.807030
0.999348 0.757061 0.683031 0.738674 0.814143 0.829044 0.693534 0.817703 0.762653 0.992729 0.981333 0.955698 0.875856 0.943617 0.877751 0.961823 0.850485 0.874876 0.980894 0.990161 0.989990 0.771827 0.888284 0.953770 0.945539 0.783932 0.993781 0.992118 0.873235 0.926392 0.765172 0.872097 0.744915 0.793909 0.750589 0.822541 0.908961 0.000000 0.996640 0.983298 0.948634 0.786403 0.791635 0.891991 0.821049 0.943733 0.905758 0.842713 0.808320 0.975643 0.698445 0.773957 0.679274 0.664664 0.819447 0.916255 0.869006 0.735548 0.909473 0.921487 0.788785 0.894028 0.878059 0.969680 0.678985 0.751933 0.677509 0.740370 0.879717 0.873727 0.641945 0.703927 0.641613 0.699936 0.972298 0.849406 0.867326 0.763066 0.866836 0.837834 0.942105 0.879994 0.793749 0.857720 0.961179 0.933588 0.922097 0.910702 0.804313 0.966584 0.593247 0.673145 0.673844 0.672655 0.792579 0.859323 0.655012 0.751803 0.749017 0.721422 0.655009 0.722930 0.746931 0.823077 0.840184 0.640817 0.946177 0.788090 0.985002 0.825004 0.697256 0.729808 0.857804 0.752090 0.654719 0.940067
