0.000000 0.299606 0.929033 0.769396 0.946952 0.761665 0.973606 0.898339 0.728748 0.748690 0.468960 0.380768 0.555300 0.531081 0.817168 0.719204 0.429907 0.351410 0.460951 0.365177 0.916088 0.729941 0.899892 0.785345 0.769760 0.819827 0.734183 0.931915 0.744503 0.569145 0.722963 0.979814 0.900454 0.805252 0.945592 0.968530 0.820249 0.580571 0.900124 0.671101 0.812072 0.980767 0.928208 0.812046 0.957035 0.851332 0.726070 0.715393 0.790447 0.523868 0.786660 0.625785 0.959835 0.723744 0.669372 0.788733 0.360691 0.330313 0.541746 0.488667 0.889967 0.997969 0.560527 0.508830 0.880409 0.990060 0.971369 0.976547 0.369256 0.432057 0.792973 0.765679 0.800179 0.969449 0.830717 0.763619 0.937043 0.950365 0.772237 0.585579 0.347122 0.315658 0.540611 0.384792 0.624738 0.688323 0.704960 0.723765 0.788966 0.561883 0.820480 0.859231 0.891671 0.992275 0.874781 0.971735 0.908729 0.986190 0.982652 0.923745 0.765933 0.897754 0.893588 0.990064 0.990261 0.948572 0.880132 0.838406 0.963332 0.846293 0.996754 0.895794 0.949090 0.866761 0.888366 0.898902
0.299606 0.000000 0.858044 0.722701 0.979584 0.776457 0.904495 0.871557 0.760116 0.775449 0.531970 0.389419 0.565879 0.546797 0.816076 0.655669 0.397210 0.320736 0.433613 0.363516 0.948532 0.766359 0.790120 0.742934 0.672802 0.896510 0.661321 0.977216 0.679570 0.535423 0.784551 0.979690 0.867949 0.754148 0.895390 0.947777 0.875491 0.551207 0.874177 0.661797 0.888076 0.924568 0.836465 0.719520 0.982372 0.787091 0.660352 0.655923 0.747177 0.467150 0.728150 0.555484 0.932342 0.719299 0.694694 0.795355 0.285754 0.241297 0.494700 0.385384 0.814448 0.940386 0.526753 0.452242 0.806759 0.956878 0.949377 0.961076 0.432875 0.427630 0.785608 0.767329 0.819551 0.965077 0.861674 0.892446 0.963824 0.977228 0.685233 0.611529 0.349398 0.354417 0.488761 0.428359 0.543213 0.613251 0.760773 0.655779 0.796612 0.566787 0.757805 0.775285 0.883192 0.887619 0.814232 0.979550 0.976531 0.948451 0.979966 0.965165 0.782475 0.829568 0.856680 0.993776 0.938179 0.950983 0.959771 0.857791 0.925903 0.770337 0.869176 0.984598 0.969454 0.795445 0.758749 0.869482
0.929033 0.858044 0.000000 0.319590 0.718810 0.797697 0.340412 0.401381 0.542461 0.951807 0.956789 0.891372 0.635095 0.777343 0.748549 0.728931 0.813872 0.894281 0.772547 0.873186 0.798056 0.953677 0.468002 0.539760 0.425788 0.431118 0.920945 0.912888 0.839501 0.853748 0.672856 0.766396 0.576218 0.701970 0.639011 0.767612 0.633495 0.866693 0.788114 0.957475 0.967482 0.895432 0.775709 0.820247 0.793088 0.844727 0.768212 0.834898 0.774010 0.982918 0.948943 0.988088 0.911563 0.977048 0.795723 0.883209 0.935863 0.985437 0.827650 0.864341 0.386970 0.496156 0.869463 0.932726 0.310142 0.302321 0.432895 0.464595 0.883963 0.990023 0.661391 0.700685 0.859083 0.888670 0.974879 0.832750 0.821932 0.861470 0.996923 0.978950 0.870099 0.958411 0.876786 0.959455 0.557494 0.471950 0.794763 0.950012 0.782203 0.780894 0.625346 0.928894 0.526183 0.796754 0.771353 0.999176 0.780542 0.912783 0.787977 0.787777 0.793847 0.930004 0.770652 0.875124 0.577556 0.842832 0.892971 0.832360 0.661517 0.823495 0.782896 0.871478 0.846403 0.960640 0.748297 0.990867
0.769396 0.722701 0.319590 0.000000 0.694238 0.844378 0.468971 0.393152 0.653712 0.913628 0.920138 0.712755 0.499397 0.588319 0.610062 0.514956 0.940772 0.968056 0.622098 0.701110 0.833993 0.833827 0.356934 0.396865 0.440229 0.562880 0.783774 0.895865 0.926906 0.985009 0.792603 0.748647 0.685980 0.754541 0.664763 0.776693 0.625036 0.834876 0.719563 0.909388 0.928104 0.894903 0.794947 0.789324 0.882126 0.839738 0.730931 0.740204 0.853978 0.912192 0.980044 0.861607 0.879601 0.960440 0.740308 0.946017 0.846592 0.834045 0.751383 0.727975 0.464323 0.500795 0.916954 0.926067 0.308567 0.343216 0.505781 0.564842 0.761181 0.912434 0.621276 0.771330 0.957686 0.981017 0.957926 0.850311 0.766216 0.886626 0.901104 0.923115 0.942855 0.873165 0.757065 0.871785 0.467402 0.400865 0.667980 0.851832 0.656071 0.676065 0.681844 0.917952 0.581259 0.780733 0.786792 0.998594 0.688072 0.921170 0.793756 0.759616 0.874967 0.913447 0.805214 0.792734 0.567112 0.710392 0.953890 0.809216 0.636963 0.754104 0.840429 0.844390 0.880809 0.986515 0.726412 0.988846
0.946952 0.979584 0.718810 0.694238 0.000000 0.835080 0.792946 0.811555 0.807838 0.928611 0.905918 0.970339 0.771031 0.946006 0.758683 0.856089 0.824871 0.878231 0.928759 0.971407 0.916330 0.978766 0.610430 0.683138 0.694982 0.717928 0.704122 0.841131 0.864459 0.827596 0.860419 0.990672 0.950772 0.999615 0.977908 0.877663 0.845439 0.963446 0.882404 0.864048 0.975640 0.847586 0.994528 0.950309 0.925268 0.885094 0.958378 0.890232 0.805909 0.888488 0.896259 0.971990 0.897766 0.965039 0.991105 0.968054 0.939220 0.983767 0.906898 0.980439 0.827963 0.861166 0.888732 0.915394 0.653100 0.730271 0.799890 0.876733 0.904619 0.990307 0.755922 0.997369 0.974968 0.996257 0.963932 0.908549 0.911263 0.998486 0.825581 0.962254 0.893604 0.943178 0.916349 0.897070 0.729908 0.702894 0.864652 0.823605 0.925926 0.918512 0.856076 0.921867 0.786496 0.834013 0.956382 0.997886 0.837176 0.829764 0.965063 0.976642 0.993614 0.904330 0.766299 0.794793 0.883725 0.758600 0.923250 0.888325 0.956932 0.925029 0.925263 0.999411 0.944055 0.878592 0.947884 0.817522
0.761665 0.776457 0.797697 0.844378 0.835080 0.000000 0.803034 0.738858 0.745512 0.876553 0.770373 0.882845 0.990465 0.994514 0.917180 0.901554 0.591286 0.639838 0.756067 0.811505 0.832838 0.825728 0.874352 0.867192 0.881614 0.700158 0.811567 0.834183 0.781992 0.869420 0.809856 0.911845 0.873414 0.870884 0.943371 0.942597 0.915677 0.824152 0.972451 0.840176 0.966531 0.903347 0.884076 0.992828 0.825439 0.962958 0.989477 0.960263 0.988834 0.910245 0.916670 0.975138 0.816688 0.813664 0.883661 0.978021 0.618304 0.667800 0.901572 0.966125 0.803668 0.713902 0.744757 0.837963 0.868103 0.683343 0.726191 0.753509 0.840011 0.835955 0.770230 0.872467 0.836228 0.956696 0.979024 0.932042 0.968156 0.964585 0.856664 0.877836 0.732881 0.762447 0.722569 0.795878 0.967171 0.883949 0.980729 0.905550 0.899572 0.777532 0.641908 0.853994 0.669379 0.888314 0.999318 0.919316 0.736400 0.957416 0.865129 0.908194 0.764188 0.942464 0.790077 0.959159 0.816105 0.852849 0.785528 0.932753 0.961644 0.958538 0.924587 0.933299 0.849619 0.983301 0.975067 0.878730
0.973606 0.904495 0.340412 0.468971 0.792946 0.803034 0.000000 0.354921 0.520365 0.847606 0.926065 0.827482 0.781624 0.867769 0.863247 0.829943 0.933528 0.884721 0.800733 0.892087 0.859157 0.991228 0.590420 0.722516 0.600822 0.489614 0.917390 0.920562 0.980598 0.966228 0.526310 0.604774 0.403238 0.519866 0.584175 0.706766 0.703768 0.885992 0.897797 0.964005 0.927651 0.935796 0.559780 0.632239 0.512187 0.592642 0.635141 0.677001 0.941643 0.841141 0.802297 0.828637 0.672638 0.807540 0.847203 0.988634 0.971492 0.985618 0.679882 0.756143 0.305224 0.423853 0.929536 0.864894 0.512267 0.427365 0.328879 0.317955 0.985163 0.931741 0.703259 0.659166 0.665392 0.788425 0.972913 0.768643 0.739677 0.680378 0.950131 0.872065 0.986320 0.931978 0.908727 0.924238 0.716418 0.644005 0.939296 0.991857 0.962944 0.955659 0.652391 0.935297 0.639344 0.907321 0.752889 0.916737 0.713088 0.803627 0.587412 0.618098 0.594811 0.930964 0.995451 0.900891 0.560594 0.745157 0.858955 0.794350 0.690434 0.830794 0.694224 0.817471 0.715070 0.838801 0.632366 0.984255
0.898339 0.871557 0.401381 0.393152 0.811555 0.738858 0.354921 0.000000 0.509211 0.712815 0.871781 0.702941 0.720831 0.753554 0.831554 0.687634 0.929515 0.882971 0.695620 0.783137 0.968699 0.914597 0.612076 0.726432 0.663124 0.546876 0.976035 0.965593 0.999693 0.952326 0.594920 0.596982 0.486468 0.490609 0.717146 0.814798 0.550906 0.799518 0.866079 0.923999 0.916704 0.980349 0.485300 0.512361 0.591371 0.562524 0.502465 0.506951 0.887141 0.731294 0.714046 0.689792 0.691439 0.668635 0.769714 0.986841 0.964749 0.991860 0.648423 0.698905 0.378936 0.301792 0.965493 0.821748 0.581853 0.396309 0.469346 0.381603 0.900468 0.953601 0.593793 0.605377 0.731602 0.862691 0.974387 0.843955 0.683961 0.691739 0.973449 0.837808 0.991304 0.946885 0.937922 0.969540 0.799568 0.684774 0.917126 0.931155 0.925462 0.986421 0.601130 0.877016 0.689406 0.949616 0.824414 0.867882 0.654371 0.860993 0.532726 0.508566 0.554536 0.948431 0.896017 0.864453 0.513452 0.735130 0.945587 0.707336 0.684722 0.745718 0.724802 0.746868 0.679476 0.768584 0.654828 0.971388
0.728748 0.760116 0.542461 0.653712 0.807838 0.745512 0.520365 0.509211 0.000000 0.690160 0.931245 0.800402 0.954271 0.938597 0.916514 0.965611 0.704395 0.615413 0.962050 0.789722 0.985345 0.908482 0.778892 0.926172 0.825222 0.474342 0.837497 0.987233 0.914884 0.807282 0.493194 0.628035 0.562057 0.697920 0.685861 0.884099 0.823436 0.893609 0.927057 0.968662 0.954403 0.892869 0.645500 0.718311 0.640155 0.731540 0.753461 0.833205 0.951349 0.971952 0.873811 0.972708 0.761352 0.680168 0.958515 0.970097 0.761365 0.651050 0.912556 0.941778 0.542713 0.524006 0.817439 0.863885 0.709046 0.561020 0.530466 0.479580 0.827871 0.737498 0.664686 0.638190 0.633322 0.799823 0.987262 0.890731 0.862272 0.797168 0.961052 0.849166 0.644456 0.574084 0.917420 0.649164 0.986790 0.900674 0.932788 0.935745 0.987882 0.979026 0.556512 0.872370 0.678675 0.862986 0.865923 0.960985 0.780066 0.867153 0.602086 0.642082 0.577571 0.985426 0.995974 0.841516 0.652952 0.759024 0.815335 0.701517 0.744915 0.919256 0.731643 0.712303 0.703991 0.850487 0.788992 0.972427
0.748690 0.775449 0.951807 0.913628 0.928611 0.876553 0.847606 0.712815 0.690160 0.000000 0.924794 0.994906 0.637448 0.662313 0.768980 0.786487 0.928562 0.765056 0.893657 0.860651 0.824767 0.898670 0.819779 0.577654 0.723400 0.946690 0.733093 0.897205 0.782363 0.872400 0.632851 0.666546 0.761901 0.649605 0.865798 0.958311 0.834877 0.827675 0.911721 0.989115 0.938819 0.750485 0.499291 0.562068 0.517140 0.511315 0.741739 0.661861 0.588195 0.776726 0.680903 0.883547 0.765690 0.568342 0.909247 0.918824 0.822496 0.739447 0.865582 0.994723 0.858250 0.640546 0.993131 0.837913 0.759413 0.959576 0.886091 0.742854 0.826145 0.869192 0.797172 0.678772 0.562974 0.675201 0.982869 0.883325 0.772842 0.677209 0.957459 0.914646 0.840855 0.627764 0.788082 0.728782 0.583440 0.624621 0.636795 0.743966 0.828942 0.641879 0.858396 0.931470 0.885345 0.776333 0.942596 0.854766 0.855171 0.807765 0.513478 0.519293 0.583322 0.881751 0.627691 0.640741 0.814687 0.833523 0.996498 0.662813 0.907382 0.882317 0.750040 0.639774 0.654743 0.793975 0.899936 0.921204
0.468960 0.531970 0.956789 0.920138 0.905918 0.770373 0.926065 0.871781 0.931245 0.924794 0.000000 0.556252 0.924362 0.868299 0.840831 0.952581 0.511220 0.454807 0.563831 0.528127 0.981541 0.943035 0.862483 0.955364 0.970264 0.840885 0.824286 0.941148 0.631279 0.533020 0.883084 0.920843 0.783966 0.623488 0.835459 0.929191 0.899375 0.596387 0.940511 0.773638 0.814239 0.922251 0.844702 0.726491 0.899839 0.754193 0.759404 0.731532 0.743131 0.588301 0.876427 0.821316 0.907137 0.747750 0.837389 0.875945 0.499463 0.567672 0.596349 0.575762 0.929374 0.974144 0.505837 0.558947 0.949381 0.899454 0.927604 0.905277 0.571345 0.639582 0.821725 0.866967 0.996897 0.891051 0.847380 0.761478 0.904995 0.960497 0.842002 0.728444 0.538932 0.596472 0.733063 0.623829 0.952300 0.996526 0.928446 0.848905 0.908555 0.841829 0.817997 0.878389 0.848468 0.908258 0.819993 0.956780 0.906513 0.776458 0.853878 0.918237 0.999598 0.997897 0.770372 0.723188 0.919054 0.960321 0.784979 0.920898 0.936832 0.840901 0.928475 0.980607 0.864273 0.790065 0.928419 0.991600
0.380768 0.389419 0.891372 0.712755 0.970339 0.882845 0.827482 0.702941 0.800402 0.994906 0.556252 0.000000 0.562477 0.582057 0.796456 0.643223 0.487391 0.452203 0.473553 0.352958 0.983306 0.660050 0.835065 0.796483 0.809650 0.875439 0.748383 0.905055 0.623146 0.452838 0.921776 0.894782 0.800100 0.620420 0.951282 0.965440 0.716531 0.509022 0.871068 0.660262 0.863776 0.972539 0.761907 0.677668 0.855898 0.673175 0.630706 0.535610 0.644679 0.470419 0.662980 0.538915 0.865255 0.937709 0.707470 0.776574 0.475780 0.400503 0.537404 0.420736 0.750823 0.759440 0.533780 0.384341 0.890516 0.914869 0.924469 0.865314 0.496266 0.529565 0.945608 0.915134 0.906737 0.991779 0.964313 0.954668 0.887952 0.911063 0.767688 0.557404 0.351227 0.405362 0.609955 0.475560 0.711379 0.732470 0.723209 0.760404 0.895547 0.754504 0.834470 0.888694 0.853674 0.800514 0.889142 0.889997 0.778331 0.854006 0.889829 0.881950 0.975335 0.945965 0.796793 0.860450 0.824949 0.897351 0.840231 0.916839 0.878572 0.738347 0.874400 0.927530 0.966398 0.754993 0.840125 0.926364
0.555300 0.565879 0.635095 0.499397 0.771031 0.990465 0.781624 0.720831 0.954271 0.637448 0.924362 0.562477 0.000000 0.330977 0.393830 0.382305 0.824436 0.706365 0.550041 0.574200 0.844363 0.633730 0.448996 0.413397 0.623005 0.941406 0.667162 0.966109 0.984859 0.911681 0.868223 0.973118 0.936491 0.996356 0.960330 0.976817 0.857444 0.872652 0.891236 0.874769 0.909888 0.817575 0.998170 0.963760 0.837391 0.955049 0.829915 0.833990 0.847280 0.849417 0.946314 0.685066 0.903693 0.974169 0.828957 0.874604 0.679913 0.594586 0.822003 0.645619 0.695118 0.762982 0.916545 0.793841 0.520633 0.613934 0.916158 0.962723 0.717236 0.710783 0.835747 0.933174 0.855328 0.926614 0.959319 0.969238 0.898567 0.896998 0.893431 0.723575 0.691254 0.558952 0.649902 0.647353 0.402362 0.452557 0.541362 0.668558 0.763829 0.587680 0.854874 0.783475 0.751353 0.808475 0.875523 0.927879 0.758988 0.989602 0.962663 0.944550 0.868770 0.987444 0.804746 0.802585 0.773471 0.932194 0.957587 0.967460 0.785783 0.918669 0.962469 0.996830 0.967809 0.936699 0.841830 0.995101
0.531081 0.546797 0.777343 0.588319 0.946006 0.994514 0.867769 0.753554 0.938597 0.662313 0.868299 0.582057 0.330977 0.000000 0.440238 0.324078 0.716605 0.646368 0.543805 0.588876 0.902051 0.637501 0.549127 0.455058 0.741976 0.994283 0.713274 0.901164 0.909887 0.788071 0.827940 0.924947 0.929823 0.923304 0.961313 0.925432 0.936567 0.885698 0.947990 0.841319 0.989653 0.762911 0.921537 0.843928 0.894776 0.937327 0.707778 0.753974 0.962643 0.741190 0.810875 0.581290 0.812947 0.981206 0.877717 0.882197 0.631680 0.573540 0.725478 0.542419 0.715855 0.781634 0.832409 0.718265 0.663889 0.670992 0.939664 0.959772 0.771138 0.703295 0.979478 0.802873 0.822997 0.858063 0.907191 0.977744 0.927244 0.923846 0.793780 0.627362 0.623923 0.535275 0.560194 0.597565 0.492939 0.492285 0.575457 0.685021 0.757076 0.630780 0.944133 0.875072 0.909296 0.887084 0.904854 0.932238 0.824743 0.980001 0.988390 0.951004 0.887490 0.933421 0.929890 0.969565 0.854578 0.893905 0.979192 0.862744 0.854828 0.884508 0.935699 0.963189 0.988540 0.886835 0.742444 0.982296
0.817168 0.816076 0.748549 0.610062 0.758683 0.917180 0.863247 0.831554 0.916514 0.768980 0.840831 0.796456 0.393830 0.440238 0.000000 0.344413 0.916337 0.891171 0.765012 0.827966 0.899012 0.749014 0.408103 0.455153 0.690386 0.930107 0.697493 0.878530 0.954251 0.993591 0.976359 0.882171 0.979729 0.962326 0.975262 0.995310 0.928771 0.935245 0.932687 0.956295 0.974745 0.798617 0.957071 0.991644 0.906386 0.977169 0.861154 0.903949 0.842251 0.975768 0.938237 0.759138 0.793348 0.897427 0.945009 0.871337 0.847726 0.803140 0.898735 0.800309 0.741197 0.760899 0.989611 0.876374 0.550338 0.658593 0.946445 0.976395 0.900240 0.918631 0.802500 0.902717 0.902916 0.956611 0.898555 0.989550 0.960320 0.926749 0.811627 0.838580 0.877892 0.801369 0.675438 0.779138 0.453887 0.506723 0.622291 0.669252 0.745052 0.680733 0.905625 0.897187 0.882915 0.847047 0.906877 0.928264 0.764357 0.983227 0.998522 0.939326 0.866696 0.889942 0.788346 0.790545 0.714138 0.839780 0.846940 0.947512 0.754141 0.931648 0.936318 0.925403 0.941218 0.946711 0.892134 0.969961
0.719204 0.655669 0.728931 0.514956 0.856089 0.901554 0.829943 0.687634 0.965611 0.786487 0.952581 0.643223 0.382305 0.324078 0.344413 0.000000 0.818728 0.788724 0.664537 0.697079 0.956723 0.688704 0.406668 0.397279 0.682380 0.924678 0.747064 0.851532 0.912881 0.845201 0.976049 0.829376 0.915982 0.904413 0.978150 0.945931 0.899621 0.896158 0.864024 0.953757 0.970629 0.805835 0.810676 0.792172 0.964667 0.864083 0.690960 0.703873 0.964394 0.776010 0.763818 0.582738 0.671290 0.858982 0.900234 0.883590 0.742581 0.675626 0.728318 0.598222 0.674620 0.660032 0.936766 0.733201 0.589853 0.615160 0.882359 0.887421 0.872315 0.819491 0.851231 0.898689 0.829467 0.947082 0.970483 0.929291 0.891647 0.944422 0.724454 0.746311 0.733099 0.702708 0.596065 0.649755 0.474253 0.458707 0.652071 0.716066 0.686208 0.666332 0.915134 0.892929 0.891421 0.977315 0.887859 0.988234 0.773442 0.925767 0.970162 0.843421 0.967495 0.880902 0.903465 0.894582 0.673683 0.767835 0.923400 0.985587 0.743893 0.850322 0.863622 0.902603 0.891837 0.876139 0.689822 0.997675
0.429907 0.397210 0.813872 0.940772 0.824871 0.591286 0.933528 0.929515 0.704395 0.928562 0.511220 0.487391 0.824436 0.716605 0.916337 0.818728 0.000000 0.311687 0.521664 0.461205 0.848139 0.826561 0.949226 0.981336 0.999227 0.617275 0.795760 0.931010 0.491673 0.412676 0.778591 0.982041 0.903631 0.758592 0.994942 0.944834 0.992092 0.606268 0.920350 0.717032 0.938073 0.992837 0.801114 0.667733 0.926872 0.714542 0.700311 0.651437 0.583357 0.458209 0.676901 0.571485 0.911766 0.827419 0.879270 0.695881 0.327918 0.332633 0.538901 0.481035 0.958296 0.869881 0.382193 0.366216 0.840927 0.681856 0.861358 0.897918 0.589957 0.503579 0.645888 0.718352 0.911268 0.929468 0.930427 0.862832 0.970313 0.869350 0.565095 0.583429 0.291786 0.414168 0.522649 0.438043 0.860010 0.977325 0.932876 0.676025 0.971882 0.749530 0.610999 0.781599 0.608467 0.755107 0.811840 0.925008 0.932522 0.787650 0.930445 0.967642 0.827053 0.907850 0.663848 0.823332 0.905923 0.949072 0.863941 0.868036 0.983998 0.860944 0.875758 0.988500 0.940053 0.783388 0.777425 0.831457
0.351410 0.320736 0.894281 0.968056 0.878231 0.639838 0.884721 0.882971 0.615413 0.765056 0.454807 0.452203 0.706365 0.646368 0.891171 0.788724 0.311687 0.000000 0.462072 0.409048 0.944281 0.785419 0.977584 0.861658 0.934751 0.650437 0.716442 0.976015 0.567853 0.456579 0.648585 0.916303 0.965080 0.847032 0.959580 0.974721 0.985875 0.582613 0.965372 0.708553 0.874860 0.978640 0.995288 0.833921 0.896121 0.899888 0.815195 0.785808 0.751922 0.543290 0.861014 0.708188 0.938654 0.630729 0.794343 0.763777 0.286829 0.269371 0.598723 0.505542 0.931981 0.788224 0.405948 0.417410 0.980020 0.750775 0.854188 0.814886 0.491519 0.471091 0.737268 0.645524 0.783726 0.987263 0.829426 0.839012 0.961353 0.974564 0.634148 0.629904 0.320626 0.332212 0.489634 0.367719 0.713840 0.849200 0.783516 0.632326 0.845633 0.640259 0.595484 0.802820 0.697100 0.854550 0.828625 0.974154 0.993144 0.861558 0.909238 0.900413 0.695507 0.852597 0.782592 0.962805 0.927382 0.942073 0.846000 0.761191 0.895079 0.845022 0.972333 0.894707 0.991949 0.808531 0.911556 0.860385
0.460951 0.433613 0.772547 0.622098 0.928759 0.756067 0.800733 0.695620 0.962050 0.893657 0.563831 0.473553 0.550041 0.543805 0.765012 0.664537 0.521664 0.462072 0.000000 0.428514 0.919331 0.661075 0.704291 0.665272 0.765740 0.911413 0.649139 0.900093 0.674356 0.615327 0.878208 0.831212 0.789363 0.709547 0.936346 0.972362 0.775845 0.627501 0.922442 0.782418 0.771616 0.923845 0.808912 0.692617 0.988277 0.807476 0.684349 0.589520 0.863352 0.603523 0.899902 0.692269 0.973376 0.861880 0.877398 0.856568 0.447651 0.459596 0.633337 0.535797 0.766041 0.850634 0.610797 0.547385 0.775520 0.885078 0.920571 0.908967 0.596415 0.701987 0.949804 0.950175 0.954074 0.988826 0.876171 0.988582 0.924073 0.891214 0.700061 0.559581 0.521062 0.526586 0.576228 0.557347 0.682826 0.756487 0.726256 0.700186 0.873905 0.781572 0.879902 0.942428 0.939204 0.975655 0.772629 0.919254 0.803317 0.896461 0.814570 0.794553 0.971422 0.974802 0.783247 0.972336 0.825658 0.911689 0.799181 0.994364 0.943592 0.642395 0.871240 0.923512 0.885187 0.769702 0.811819 0.925211
0.365177 0.363516 0.873186 0.701110 0.971407 0.811505 0.892087 0.783137 0.789722 0.860651 0.528127 0.352958 0.574200 0.588876 0.827966 0.697079 0.461205 0.409048 0.428514 0.000000 0.987396 0.702870 0.839177 0.774922 0.785954 0.891797 0.684376 0.984172 0.702341 0.563081 0.786736 0.990458 0.872949 0.739643 0.980220 0.982364 0.718642 0.502587 0.864082 0.607362 0.856091 0.950605 0.871174 0.776552 0.950665 0.847335 0.666014 0.643329 0.770661 0.492197 0.797494 0.597384 0.947223 0.861451 0.673318 0.777279 0.426976 0.351133 0.611952 0.476321 0.872078 0.906942 0.622736 0.474560 0.858852 0.957985 0.989573 0.986264 0.434127 0.445533 0.941797 0.858537 0.806870 0.946651 0.915609 0.907289 0.879781 0.920043 0.739260 0.684473 0.396317 0.408832 0.585551 0.434720 0.631636 0.726612 0.734357 0.767095 0.846607 0.673153 0.888159 0.919713 0.919970 0.960819 0.870427 0.920288 0.820077 0.926546 0.948367 0.952400 0.941849 0.966792 0.846627 0.961014 0.862608 0.980165 0.869428 0.997135 0.895331 0.704066 0.981119 0.988772 0.971944 0.844778 0.834931 0.811561
0.916088 0.948532 0.798056 0.833993 0.916330 0.832838 0.859157 0.968699 0.985345 0.824767 0.981541 0.983306 0.844363 0.902051 0.899012 0.956723 0.848139 0.944281 0.919331 0.987396 0.000000 0.984626 0.917098 0.828140 0.768078 0.811150 0.971172 0.951032 0.890281 0.912366 0.912034 0.926807 0.840547 0.960518 0.816351 0.788809 0.853433 0.916349 0.878192 0.984399 0.932950 0.980529 0.951037 0.889544 0.891232 0.973596 0.959581 0.835224 0.985896 0.947853 0.986378 0.932194 0.914964 0.819177 0.818286 0.919605 0.923772 0.992010 0.932135 0.999759 0.758921 0.915079 0.979428 0.919581 0.754144 0.739159 0.742293 0.819608 0.995294 0.987164 0.980162 0.893932 0.987039 0.907568 0.901552 0.944136 0.903216 0.858311 0.889695 0.971916 0.965501 0.889178 0.940343 0.954143 0.713578 0.661373 0.822981 0.913737 0.815414 0.791227 0.904306 0.861791 0.792966 0.947148 0.978448 0.929403 0.990834 0.901042 0.915725 0.811420 0.880119 0.988915 0.807147 0.902035 0.969396 0.907888 0.796459 0.972460 0.976475 0.889962 0.893474 0.854980 0.916706 0.862977 0.933861 0.914053
0.729941 0.766359 0.953677 0.833827 0.978766 0.825728 0.991228 0.914597 0.908482 0.898670 0.943035 0.660050 0.633730 0.637501 0.749014 0.688704 0.826561 0.785419 0.661075 0.702870 0.984626 0.000000 0.783419 0.784771 0.930867 0.914191 0.765826 0.864498 0.925871 0.904386 0.920667 0.949959 0.989442 0.956425 0.842504 0.856432 0.884301 0.828825 0.938612 0.725827 0.963232 0.854165 0.930005 0.900669 0.877719 0.973668 0.881616 0.836725 0.996063 0.776992 0.873150 0.726726 0.866364 0.962634 0.933111 0.854446 0.742441 0.731028 0.952450 0.781207 0.897982 0.934827 0.827611 0.772857 0.914188 0.953151 0.863089 0.906507 0.826530 0.800436 0.933088 0.964911 0.961574 0.886285 0.801177 0.954055 0.835564 0.883745 0.897529 0.738767 0.749931 0.696083 0.750502 0.660578 0.799681 0.827170 0.671983 0.787522 0.851966 0.871285 0.959066 0.887816 0.959337 0.971177 0.935942 0.901201 0.784946 0.930851 0.927422 0.915934 0.998789 0.866595 0.954757 0.999311 0.876226 0.939262 0.841797 0.930139 0.856886 0.812753 0.898414 0.865250 0.987889 0.805049 0.804569 0.939627
0.899892 0.790120 0.468002 0.356934 0.610430 0.874352 0.590420 0.612076 0.778892 0.819779 0.862483 0.835065 0.448996 0.549127 0.408103 0.406668 0.949226 0.977584 0.704291 0.839177 0.917098 0.783419 0.000000 0.335860 0.516686 0.689612 0.712239 0.889870 0.962189 0.943568 0.887781 0.841808 0.845598 0.943860 0.814391 0.867460 0.778934 0.943624 0.873034 0.963907 0.965114 0.801360 0.889681 0.910290 0.991191 0.971612 0.889967 0.891141 0.773517 0.974103 0.973631 0.872728 0.750838 0.920341 0.916982 0.998121 0.882874 0.829666 0.926822 0.823670 0.565009 0.637838 0.918737 0.930821 0.322245 0.470658 0.658226 0.762706 0.932592 0.983159 0.665078 0.866060 0.959407 0.984707 0.887181 0.784618 0.860469 0.946524 0.840717 0.943886 0.977076 0.934874 0.719554 0.872268 0.378316 0.398967 0.685590 0.759199 0.699185 0.672884 0.768374 0.885231 0.672582 0.775589 0.781195 0.939351 0.736361 0.960244 0.925870 0.805098 0.962031 0.897261 0.750777 0.670213 0.640155 0.712011 0.911694 0.891296 0.695294 0.785020 0.886164 0.830709 0.871631 0.987605 0.775549 0.976332
0.785345 0.742934 0.539760 0.396865 0.683138 0.867192 0.722516 0.726432 0.926172 0.577654 0.955364 0.796483 0.413397 0.455058 0.455153 0.397279 0.981336 0.861658 0.665272 0.774922 0.828140 0.784771 0.335860 0.000000 0.499560 0.765736 0.636542 0.823268 0.938794 0.974533 0.996932 0.916503 0.898543 0.985058 0.903614 0.814234 0.900626 0.989151 0.729526 0.956399 0.972039 0.773266 0.918711 0.945116 0.824803 0.879853 0.958465 0.967600 0.691137 0.966359 0.860651 0.930959 0.938292 0.868392 0.856458 0.932675 0.840283 0.770512 0.944894 0.789787 0.689711 0.799899 0.967627 0.978124 0.382168 0.512642 0.765004 0.848439 0.829830 0.956706 0.795426 0.871964 0.826848 0.812533 0.961294 0.915298 0.928221 0.946077 0.806082 0.863703 0.888869 0.756240 0.677260 0.748652 0.371892 0.354680 0.564351 0.708829 0.611445 0.616750 0.901678 0.937975 0.728337 0.832826 0.817240 0.873203 0.778779 0.989478 0.892827 0.980661 0.847881 0.909927 0.660013 0.671180 0.724008 0.845338 0.999992 0.996435 0.843491 0.885039 0.988881 0.938362 0.997036 0.958565 0.847044 0.946211
0.769760 0.672802 0.425788 0.440229 0.694982 0.881614 0.600822 0.663124 0.825222 0.723400 0.970264 0.809650 0.623005 0.741976 0.690386 0.682380 0.999227 0.934751 0.765740 0.785954 0.768078 0.930867 0.516686 0.499560 0.000000 0.534858 0.678513 0.836303 0.886607 0.901624 0.808796 0.848124 0.741364 0.824662 0.734936 0.798654 0.681977 0.831835 0.679134 0.983383 0.924309 0.814969 0.945507 0.956793 0.954224 0.967998 0.853222 0.953470 0.803717 0.937883 0.931953 0.964247 0.970871 0.785268 0.732470 0.992828 0.788786 0.786594 0.826840 0.780204 0.611099 0.748681 0.933230 0.989270 0.382167 0.502150 0.606254 0.665118 0.670880 0.835558 0.930786 0.895201 0.910442 0.987653 0.896375 0.994057 0.942643 0.983105 0.822189 0.965377 0.927968 0.818214 0.696946 0.842068 0.417903 0.381972 0.796186 0.776345 0.678621 0.591370 0.918055 0.826598 0.733115 0.919238 0.793087 0.992561 0.931806 0.947249 0.936995 0.919760 0.888389 0.806378 0.705836 0.728412 0.728212 0.937414 0.846768 0.949642 0.746897 0.866162 0.895385 0.932135 0.996407 0.899192 0.795878 0.980424
0.819827 0.896510 0.431118 0.562880 0.717928 0.700158 0.489614 0.546876 0.474342 0.946690 0.840885 0.875439 0.941406 0.994283 0.930107 0.924678 0.617275 0.650437 0.911413 0.891797 0.811150 0.914191 0.689612 0.765736 0.534858 0.000000 0.930613 0.835506 0.710700 0.722264 0.520467 0.752555 0.611268 0.750839 0.717191 0.719213 0.689288 0.951976 0.730473 0.991830 0.967549 0.975911 0.783778 0.877148 0.728649 0.838948 0.803300 0.950884 0.833165 0.925600 0.952308 0.990770 0.847769 0.927150 0.826832 0.858329 0.797557 0.772295 0.952498 0.958763 0.516242 0.561197 0.697164 0.758601 0.523876 0.411278 0.458696 0.452681 0.964036 0.902770 0.747005 0.710649 0.823836 0.932086 0.926013 0.920116 0.936529 0.957630 0.892478 0.807698 0.679488 0.682095 0.976561 0.706473 0.741754 0.633330 0.997801 0.950391 0.864877 0.903011 0.687393 0.932321 0.632324 0.945962 0.859969 0.975147 0.903915 0.975799 0.832211 0.935649 0.760810 0.899964 0.734463 0.880968 0.671800 0.850640 0.841411 0.836463 0.748619 0.892765 0.774131 0.956129 0.994535 0.991998 0.802449 0.985576
0.734183 0.661321 0.920945 0.783774 0.704122 0.811567 0.917390 0.976035 0.837497 0.733093 0.824286 0.748383 0.667162 0.713274 0.697493 0.747064 0.795760 0.716442 0.649139 0.684376 0.971172 0.765826 0.712239 0.636542 0.678513 0.930613 0.000000 0.906004 0.951622 0.976231 0.786483 0.975588 0.815406 0.886486 0.873565 0.972217 0.935046 0.723013 0.849864 0.952659 0.932097 0.855523 0.785441 0.887876 0.648653 0.769023 0.995616 0.929675 0.816750 0.943629 0.810530 0.942062 0.863741 0.826573 0.946208 0.980870 0.701971 0.658548 0.971966 0.856595 0.928623 0.865904 0.893919 0.913791 0.776474 0.967498 0.864562 0.833469 0.687679 0.797056 0.971862 0.798023 0.778836 0.830295 0.948877 0.996347 0.905905 0.819102 0.756708 0.970201 0.782735 0.666505 0.760575 0.758479 0.644850 0.725784 0.730534 0.649973 0.877104 0.666926 0.883223 0.986321 0.986191 0.864253 0.900116 0.956422 0.970389 0.978752 0.798364 0.900024 0.739122 0.970080 0.902013 0.765597 0.967886 0.927510 0.955355 0.972279 0.993256 0.807642 0.915667 0.999931 0.895188 0.902645 0.942317 0.996938
0.931915 0.977216 0.912888 0.895865 0.841131 0.834183 0.920562 0.965593 0.987233 0.897205 0.941148 0.905055 0.966109 0.901164 0.878530 0.851532 0.931010 0.976015 0.900093 0.984172 0.951032 0.864498 0.889870 0.823268 0.836303 0.835506 0.906004 0.000000 0.748975 0.784945 0.999537 0.854122 0.933947 0.936011 0.971382 0.979623 0.854897 0.896138 0.831481 0.965272 0.984488 0.932674 0.955125 0.897613 0.847737 0.895906 0.995764 0.922314 0.838805 0.961116 0.911268 0.940690 0.892421 0.839080 0.889568 0.958488 0.970476 0.990435 0.917706 0.905592 0.923718 0.964163 0.779935 0.839238 0.844812 0.877351 0.948619 0.943290 0.836722 0.793300 0.969681 0.881820 0.785958 0.846500 0.954965 0.980956 0.969945 0.834976 0.934503 0.790373 0.886521 0.932894 0.948755 0.963612 0.844935 0.793757 0.977740 0.998290 0.904396 0.769750 0.978590 0.872185 0.994560 0.986149 0.957258 0.868738 0.860658 0.852556 0.888032 0.825859 0.741313 0.725986 0.793420 0.754239 0.951889 0.886388 0.896946 0.996742 0.831398 0.842777 0.918337 0.920971 0.884251 0.911778 0.897615 0.989575
0.744503 0.679570 0.839501 0.926906 0.864459 0.781992 0.980598 0.999693 0.914884 0.782363 0.631279 0.623146 0.984859 0.909887 0.954251 0.912881 0.491673 0.567853 0.674356 0.702341 0.890281 0.925871 0.962189 0.938794 0.886607 0.710700 0.951622 0.748975 0.000000 0.369673 0.970399 0.716219 0.739275 0.682225 0.989978 0.925592 0.927416 0.727091 0.895584 0.790957 0.991479 0.905352 0.714135 0.643790 0.694379 0.583580 0.709321 0.652340 0.515094 0.548424 0.677189 0.712174 0.827976 0.986421 0.966854 0.745621 0.600788 0.626283 0.631424 0.613070 0.906741 0.999031 0.442005 0.444620 0.815394 0.745141 0.999759 0.989827 0.837817 0.906213 0.794500 0.806276 0.891279 0.774443 0.938266 0.997274 0.969883 0.742542 0.658291 0.692774 0.529618 0.743379 0.716823 0.677438 0.975939 0.903349 0.920354 0.832650 0.952162 0.997102 0.680350 0.731236 0.587441 0.639728 0.830885 0.926123 0.901101 0.894122 0.849047 0.838708 0.985044 0.970373 0.599045 0.678860 0.936319 0.916206 0.880352 0.968713 0.969694 0.871065 0.804269 0.845851 0.806972 0.736814 0.805652 0.962723
0.569145 0.535423 0.853748 0.985009 0.827596 0.869420 0.966228 0.952326 0.807282 0.872400 0.533020 0.452838 0.911681 0.788071 0.993591 0.845201 0.412676 0.456579 0.615327 0.563081 0.912366 0.904386 0.943568 0.974533 0.901624 0.722264 0.976231 0.784945 0.369673 0.000000 0.975922 0.784845 0.776834 0.589101 0.945156 0.958432 0.989547 0.685200 0.943103 0.719174 0.914124 0.964865 0.688237 0.600601 0.687065 0.554403 0.645055 0.563295 0.440193 0.442788 0.597063 0.615817 0.800628 0.909826 0.941209 0.702052 0.535746 0.527022 0.524063 0.472201 0.896904 0.952401 0.404942 0.341417 0.801601 0.773739 0.951916 0.923774 0.743165 0.726175 0.762187 0.792344 0.954393 0.776298 0.915733 0.972921 0.974332 0.697716 0.610654 0.582412 0.377597 0.572754 0.655981 0.561285 0.974530 0.950133 0.966775 0.762101 0.964072 0.963021 0.694081 0.767518 0.639482 0.665106 0.882449 0.996435 0.912885 0.808195 0.847950 0.851074 0.955606 0.952082 0.612861 0.659380 0.953177 0.817856 0.836817 0.844498 0.995133 0.791973 0.835330 0.880328 0.911442 0.722957 0.718282 0.944929
0.722963 0.784551 0.672856 0.792603 0.860419 0.809856 0.526310 0.594920 0.493194 0.632851 0.883084 0.921776 0.868223 0.827940 0.976359 0.976049 0.778591 0.648585 0.878208 0.786736 0.912034 0.920667 0.887781 0.996932 0.808796 0.520467 0.786483 0.999537 0.970399 0.975922 0.000000 0.488731 0.496548 0.615301 0.686954 0.820315 0.818868 0.963988 0.764850 0.879847 0.908615 0.945980 0.506911 0.635210 0.440012 0.509210 0.683787 0.725930 0.805095 0.849172 0.719875 0.883663 0.652548 0.689313 0.968883 0.975115 0.795987 0.696013 0.827173 0.959907 0.541558 0.529925 0.899590 0.998973 0.866944 0.698643 0.560744 0.427035 0.805209 0.732311 0.875437 0.767568 0.716777 0.712903 0.973802 0.820640 0.828013 0.591294 0.976798 0.959207 0.803762 0.645689 0.989330 0.736951 0.938590 0.957882 0.770175 0.922045 0.992462 0.877014 0.869484 0.846442 0.945835 0.776556 0.944659 0.809384 0.880514 0.854913 0.678194 0.715562 0.554888 0.959118 0.940104 0.861042 0.685503 0.754007 0.849127 0.740231 0.790344 0.962896 0.741804 0.833000 0.767097 0.824038 0.713969 0.906124
0.979814 0.979690 0.766396 0.748647 0.990672 0.911845 0.604774 0.596982 0.628035 0.666546 0.920843 0.894782 0.973118 0.924947 0.882171 0.829376 0.982041 0.916303 0.831212 0.990458 0.926807 0.949959 0.841808 0.916503 0.848124 0.752555 0.975588 0.854122 0.716219 0.784845 0.488731 0.000000 0.553771 0.591650 0.727127 0.891243 0.876708 0.910526 0.859320 0.976671 0.956769 0.961565 0.460117 0.501276 0.515889 0.450684 0.547361 0.563298 0.713123 0.659196 0.639449 0.691336 0.665582 0.709263 0.953839 0.898520 0.959462 0.947978 0.615809 0.673266 0.576970 0.614978 0.865986 0.778499 0.897904 0.767969 0.640288 0.551221 0.942942 0.873145 0.902634 0.926327 0.768066 0.730231 0.939361 0.868461 0.773799 0.628029 0.789695 0.757113 0.961139 0.916781 0.809302 0.998248 0.961487 0.916998 0.982946 0.967074 0.918542 0.883941 0.877478 0.849817 0.993899 0.918342 0.953075 0.807387 0.771047 0.895653 0.540218 0.654963 0.626576 0.803454 0.735436 0.791084 0.549504 0.717193 0.846360 0.797352 0.720021 0.806483 0.773897 0.836345 0.613804 0.888415 0.593684 0.988421
0.900454 0.867949 0.576218 0.685980 0.950772 0.873414 0.403238 0.486468 0.562057 0.761901 0.783966 0.800100 0.936491 0.929823 0.979729 0.915982 0.903631 0.965080 0.789363 0.872949 0.840547 0.989442 0.845598 0.898543 0.741364 0.611268 0.815406 0.933947 0.739275 0.776834 0.496548 0.553771 0.000000 0.406314 0.656925 0.700319 0.743235 0.813261 0.887228 0.938228 0.972828 0.825022 0.490005 0.526365 0.396060 0.447949 0.491239 0.631323 0.708303 0.665737 0.642842 0.762853 0.745436 0.919819 0.778567 0.913463 0.871806 0.934547 0.560942 0.706056 0.391575 0.540961 0.733136 0.710546 0.754306 0.648571 0.462070 0.404396 0.935528 0.983006 0.926395 0.865905 0.728335 0.777172 0.855719 0.906481 0.840963 0.698589 0.876838 0.799435 0.860961 0.992886 0.804981 0.959486 0.827174 0.773594 0.938033 0.927962 0.944827 0.963012 0.918906 0.797201 0.994061 0.800585 0.733302 0.929231 0.803358 0.812680 0.632219 0.733100 0.688460 0.999780 0.891082 0.761140 0.698432 0.848597 0.966577 0.961037 0.833555 0.872808 0.691710 0.867685 0.692655 0.705699 0.670655 0.970655
0.805252 0.754148 0.701970 0.754541 0.999615 0.870884 0.519866 0.490609 0.697920 0.649605 0.623488 0.620420 0.996356 0.923304 0.962326 0.904413 0.758592 0.847032 0.709547 0.739643 0.960518 0.956425 0.943860 0.985058 0.824662 0.750839 0.886486 0.936011 0.682225 0.589101 0.615301 0.591650 0.406314 0.000000 0.667817 0.798205 0.721421 0.680420 0.994768 0.931990 0.898489 0.864407 0.427526 0.450229 0.408362 0.384472 0.455049 0.469370 0.604626 0.551315 0.584816 0.698805 0.726207 0.903853 0.842383 0.901109 0.763498 0.841699 0.471482 0.562978 0.475929 0.521669 0.647837 0.562952 0.892514 0.737251 0.528596 0.438796 0.870405 0.862918 0.986733 0.861799 0.756578 0.737353 0.908317 0.983106 0.903284 0.630049 0.815006 0.730018 0.742243 0.940072 0.790555 0.899497 0.962850 0.895301 0.952692 0.963055 0.984813 0.934914 0.966725 0.768862 0.906929 0.684035 0.821020 0.922478 0.789903 0.789112 0.616946 0.696341 0.606446 0.915596 0.749340 0.616174 0.726596 0.720684 0.956429 0.824730 0.942859 0.711855 0.731107 0.870753 0.680067 0.721177 0.693749 0.973011
0.945592 0.895390 0.639011 0.664763 0.977908 0.943371 0.584175 0.717146 0.685861 0.865798 0.835459 0.951282 0.960330 0.961313 0.975262 0.978150 0.994942 0.959580 0.936346 0.980220 0.816351 0.842504 0.814391 0.903614 0.734936 0.717191 0.873565 0.971382 0.989978 0.945156 0.686954 0.727127 0.656925 0.667817 0.000000 0.782259 0.942260 0.868671 0.783359 0.970210 0.895301 0.975795 0.742491 0.781947 0.632792 0.684961 0.789783 0.833670 0.895463 0.875620 0.896347 0.988367 0.869390 0.975437 0.810111 0.972393 0.947859 0.987675 0.714788 0.848115 0.638257 0.683280 0.917178 0.881757 0.690797 0.725467 0.481918 0.535881 0.911142 0.958202 0.832780 0.819502 0.852526 0.848527 0.926807 0.927816 0.860969 0.751889 0.896652 0.977193 0.989136 0.970055 0.820752 0.923083 0.848171 0.779352 0.998641 0.955243 0.766139 0.820614 0.912829 0.865458 0.783354 0.921734 0.800411 0.944263 0.828071 0.605148 0.773546 0.899763 0.857466 0.874139 0.959557 0.964900 0.727347 0.784325 0.668766 0.846396 0.780471 0.793505 0.877619 0.891449 0.664317 0.933350 0.781096 0.987497
0.968530 0.947777 0.767612 0.776693 0.877663 0.942597 0.706766 0.814798 0.884099 0.958311 0.929191 0.965440 0.976817 0.925432 0.995310 0.945931 0.944834 0.974721 0.972362 0.982364 0.788809 0.856432 0.867460 0.814234 0.798654 0.719213 0.972217 0.979623 0.925592 0.958432 0.820315 0.891243 0.700319 0.798205 0.782259 0.000000 0.883949 0.997540 0.920051 0.866182 0.764079 0.952987 0.972232 0.913068 0.815905 0.880082 0.915221 0.886062 0.989844 0.928212 0.967769 0.988042 0.927713 0.987035 0.869614 0.852571 0.991473 0.997851 0.863210 0.963670 0.789339 0.882430 0.956250 0.992412 0.762552 0.774056 0.702477 0.762942 0.979256 0.981141 0.972126 0.883935 0.966564 0.931373 0.931517 0.961177 0.949508 0.859291 0.970153 0.984097 0.965933 0.986626 0.930668 0.933082 0.848729 0.782497 0.894888 0.981774 0.864338 0.937524 0.908016 0.944539 0.974420 0.999678 0.932449 0.858848 0.974210 0.983674 0.959672 0.990586 0.998514 0.949130 0.920916 0.956552 0.924854 0.983156 0.944226 0.927774 0.932504 0.985953 0.861286 0.857472 0.974188 0.941196 0.861478 0.760443
0.820249 0.875491 0.633495 0.625036 0.845439 0.915677 0.703768 0.550906 0.823436 0.834877 0.899375 0.716531 0.857444 0.936567 0.928771 0.899621 0.992092 0.985875 0.775845 0.718642 0.853433 0.884301 0.778934 0.900626 0.681977 0.689288 0.935046 0.854897 0.927416 0.989547 0.818868 0.876708 0.743235 0.721421 0.942260 0.883949 0.000000 0.639664 0.827653 0.889466 0.728025 0.927039 0.744609 0.799343 0.833124 0.818474 0.736232 0.714334 0.947171 0.883116 0.918179 0.908653 0.984132 0.926693 0.683300 0.958118 0.886968 0.898721 0.861533 0.914983 0.709977 0.656371 0.898367 0.866157 0.752618 0.707260 0.788291 0.705190 0.682462 0.788913 0.826084 0.669437 0.879495 0.926784 0.908736 0.998938 0.817481 0.942871 0.996183 0.985678 0.962410 0.966172 0.917861 0.851700 0.852221 0.828321 0.875629 0.999905 0.991980 0.957108 0.909867 0.897785 0.931069 0.979319 0.910372 0.999152 0.730769 0.947300 0.772556 0.820062 0.811416 0.948862 0.959538 0.879672 0.735464 0.911450 0.863776 0.849055 0.729845 0.776380 0.873783 0.937075 0.965096 0.993124 0.999481 0.892729
0.580571 0.551207 0.866693 0.834876 0.963446 0.824152 0.885992 0.799518 0.893609 0.827675 0.596387 0.509022 0.872652 0.885698 0.935245 0.896158 0.606268 0.582613 0.627501 0.502587 0.916349 0.828825 0.943624 0.989151 0.831835 0.951976 0.723013 0.896138 0.727091 0.685200 0.963988 0.910526 0.813261 0.680420 0.868671 0.997540 0.639664 0.000000 0.837148 0.710734 0.918002 0.823272 0.822982 0.785734 0.887276 0.776754 0.689324 0.676678 0.732027 0.576433 0.842423 0.764930 0.992406 0.840533 0.683321 0.792287 0.533320 0.548280 0.694173 0.679289 0.858364 0.869302 0.711020 0.577430 0.915839 0.991905 0.969590 0.927149 0.543248 0.591891 0.997752 0.998486 0.921512 0.986661 0.906665 0.979757 0.847008 0.990675 0.858085 0.891496 0.605012 0.673738 0.729849 0.634142 0.833427 0.886608 0.938477 0.844642 0.923010 0.780008 0.828102 0.729401 0.802792 0.885956 0.931439 0.882672 0.934553 0.848132 0.849236 0.888270 0.951345 0.846629 0.773655 0.992939 0.868605 0.953079 0.911590 0.958412 0.981124 0.669748 0.873721 0.783947 0.984193 0.800793 0.965863 0.950840
