0.000000 0.275120 0.866690 0.722391 0.843823 0.915472 0.784971 0.663286 0.931794 0.977269 0.377829 0.353633 0.761910 0.825349 0.846928 0.704586 0.374860 0.379274 0.559092 0.504069 0.725569 0.929014 0.968633 0.879505 0.863048 0.877148 0.934873 0.800204 0.571069 0.563860 0.819546 0.897238 0.510754 0.511140 0.919544 0.842903 0.691777 0.623807 0.766011 0.688049 0.534533 0.648780 0.681279 0.606068 0.788256 0.653720 0.460244 0.499726 0.596882 0.613131 0.680439 0.723147 0.965091 0.696326 0.578992 0.673698 0.275001 0.343478 0.372528 0.457415 0.464119 0.514428 0.547633 0.441743 0.826803 0.629651 0.602916 0.505715 0.403142 0.498998 0.855877 0.767840 0.616583 0.600928 0.681821 0.891324 0.838046 0.835777 0.523253 0.507944 0.316094 0.375282 0.683608 0.458618 0.607781 0.670120 0.990405 0.901220 0.806800 0.696691 0.935321 0.903887 0.977310 0.818793 0.645943 0.936977 0.773472 0.893121 0.821167 0.858117 0.989436 0.836065 0.824301 0.793864 0.556325 0.691998 0.934583 0.971241 0.920758 0.873886 0.971548 0.646065 0.841952 0.887186 0.815797 0.902380
0.275120 0.000000 0.846450 0.698066 0.764862 0.911680 0.731043 0.618973 0.890577 0.980580 0.405400 0.340054 0.739736 0.743145 0.786678 0.663628 0.394088 0.393552 0.549682 0.459118 0.756822 0.899071 0.920877 0.840945 0.847257 0.883396 0.956803 0.785451 0.461287 0.546834 0.789975 0.819863 0.458370 0.442440 0.920848 0.868359 0.734588 0.714949 0.716520 0.778967 0.592726 0.610783 0.684362 0.611827 0.775610 0.672839 0.513180 0.503036 0.644831 0.607573 0.655682 0.694116 0.900575 0.779271 0.650570 0.767133 0.270288 0.305332 0.381393 0.433233 0.429741 0.518597 0.527183 0.446448 0.823705 0.659946 0.562564 0.501609 0.399970 0.467321 0.803770 0.702613 0.570827 0.581239 0.722228 0.937047 0.805453 0.775766 0.508555 0.483917 0.362381 0.431370 0.658133 0.487885 0.624489 0.697638 0.990441 0.952590 0.853239 0.757411 0.992814 0.969799 0.955734 0.852739 0.642814 0.892472 0.790709 0.926706 0.784142 0.798333 0.945117 0.840839 0.843092 0.862640 0.561588 0.637280 0.980357 0.834947 0.907681 0.896002 0.924716 0.616338 0.855055 0.875336 0.818721 0.855402
0.866690 0.846450 0.000000 0.298027 0.928332 0.950881 0.615644 0.565838 0.629923 0.988383 0.868337 0.794461 0.468422 0.645969 0.698174 0.469492 0.890409 0.922607 0.673324 0.692398 0.675336 0.780691 0.577298 0.558088 0.378685 0.353473 0.804170 0.912358 0.990558 0.965935 0.532106 0.733057 0.655459 0.782346 0.844536 0.921512 0.563991 0.529892 0.526367 0.598731 0.995802 0.922236 0.540711 0.565646 0.741000 0.712522 0.605830 0.697286 0.791718 0.709510 0.592117 0.682517 0.755117 0.817756 0.770590 0.802503 0.933616 0.915218 0.907602 0.936987 0.865808 0.651324 0.636057 0.710501 0.371616 0.397374 0.644313 0.718590 0.730468 0.744207 0.655226 0.637447 0.812365 0.723104 0.878451 0.800832 0.541770 0.672846 0.677124 0.939242 0.910117 0.980673 0.936002 0.965787 0.776685 0.677095 0.990118 0.874964 0.782499 0.725825 0.673940 0.671677 0.603344 0.583735 0.876726 0.823403 0.844868 0.779720 0.775256 0.791116 0.999912 0.816427 0.989671 0.872178 0.693554 0.826795 0.944568 0.800448 0.840011 0.976412 0.981332 0.917504 0.856483 0.920437 0.747195 0.859999
0.722391 0.698066 0.298027 0.000000 0.743092 0.919213 0.631986 0.493736 0.633333 0.993076 0.717142 0.652576 0.482231 0.509673 0.637454 0.443654 0.995341 0.917298 0.640535 0.561950 0.605174 0.783864 0.539944 0.505152 0.385786 0.323258 0.786076 0.828901 0.872820 0.920104 0.526601 0.701347 0.544641 0.668248 0.782576 0.921743 0.488082 0.515545 0.458135 0.626318 0.912690 0.916202 0.521277 0.496431 0.708726 0.662375 0.593943 0.679904 0.689382 0.559892 0.516632 0.601877 0.694785 0.843977 0.741578 0.737000 0.791239 0.914107 0.988155 0.853805 0.814292 0.609641 0.790817 0.872547 0.361395 0.376500 0.615461 0.672089 0.593226 0.518714 0.652623 0.620328 0.847659 0.715924 0.802666 0.801687 0.582342 0.681973 0.549911 0.843678 0.953486 0.849674 0.870084 0.832274 0.668768 0.590433 0.910384 0.893939 0.776571 0.628539 0.748910 0.699467 0.618353 0.632473 0.794951 0.771340 0.889213 0.858241 0.760781 0.811638 0.962203 0.864649 0.959303 0.964022 0.593815 0.720493 0.944299 0.875364 0.883692 0.950652 0.850097 0.943472 0.880403 0.929136 0.708538 0.929878
0.843823 0.764862 0.928332 0.743092 0.000000 0.954293 0.888025 0.771579 0.791156 0.958842 0.890813 0.879462 0.932268 0.776240 0.992524 0.894630 0.879165 0.886193 0.889201 0.838558 0.783269 0.962612 0.889628 0.941464 0.906093 0.808167 0.987088 0.872504 0.828591 0.914916 0.839033 0.819501 0.830783 0.811254 0.842211 0.953371 0.787779 0.885327 0.838077 0.884199 0.963332 0.977339 0.773362 0.696701 0.763815 0.761158 0.829457 0.746373 0.756065 0.744390 0.778297 0.784582 0.919326 0.884406 0.974132 0.800388 0.807667 0.878230 0.863643 0.910329 0.979026 0.902271 0.958661 0.950058 0.862251 0.918569 0.826818 0.741593 0.809390 0.743151 0.810922 0.861919 0.804439 0.870313 0.937376 0.954201 0.788762 0.910071 0.750396 0.891719 0.907652 0.886027 0.813425 0.823306 0.909486 0.916232 0.805808 0.934407 0.980213 0.843916 0.999430 0.918988 0.933832 0.991350 0.851313 0.783667 0.912653 0.938057 0.922112 0.871302 0.731011 0.996671 0.844516 0.800331 0.849807 0.889706 0.988297 0.940497 0.863067 0.810126 0.988239 0.974285 0.967561 0.941914 0.903108 0.822244
0.915472 0.911680 0.950881 0.919213 0.954293 0.000000 0.643105 0.558789 0.810524 0.600670 0.952560 0.766299 0.920154 0.948468 0.794206 0.803923 0.818106 0.934673 0.763565 0.888789 0.868759 0.957429 0.851892 0.799957 0.835838 0.951512 0.511818 0.925250 0.878273 0.813134 0.845716 0.715121 0.758544 0.734150 0.880894 0.883769 0.974492 0.905486 0.970516 0.968079 0.912313 0.931478 0.919277 0.960867 0.932202 0.788648 0.955802 0.780333 0.766509 0.768231 0.925326 0.863309 0.889998 0.964231 0.789888 0.953896 0.959282 0.956503 0.912189 0.992210 0.739815 0.719795 0.983988 0.981075 0.763990 0.829588 0.860034 0.668511 0.907035 0.853169 0.583297 0.588687 0.623371 0.641806 0.945934 0.975504 0.798361 0.787050 0.954494 0.944231 0.961205 0.938987 0.689780 0.796209 0.732974 0.764715 0.726714 0.736588 0.721474 0.626778 0.530441 0.587795 0.590285 0.760330 0.857829 0.946531 0.648941 0.786178 0.576823 0.704387 0.707577 0.829532 0.705018 0.881408 0.850540 0.952567 0.979232 0.842990 0.858784 0.964906 0.932539 0.771078 0.707230 0.936580 0.956108 0.936173
0.784971 0.731043 0.615644 0.631986 0.888025 0.643105 0.000000 0.358414 0.425256 0.574742 0.665266 0.692449 0.702630 0.857117 0.721943 0.424414 0.702245 0.691921 0.368951 0.569673 0.799074 0.832144 0.650270 0.803930 0.918030 0.770220 0.736750 0.885929 0.585139 0.565515 0.332783 0.387841 0.357326 0.373168 0.923683 0.916624 0.842408 0.841676 0.844513 0.922894 0.962081 0.993424 0.487936 0.536488 0.493721 0.663110 0.827056 0.830602 0.846748 0.899202 0.634656 0.773009 0.661653 0.713496 0.935329 0.892854 0.706408 0.999744 0.954914 0.868146 0.592131 0.858791 0.899420 0.875396 0.872183 0.832893 0.387187 0.514974 0.953739 0.941109 0.532361 0.454896 0.489381 0.547081 0.984660 0.840017 0.557809 0.543667 0.673862 0.705641 0.860936 0.867096 0.867435 0.992870 0.931677 0.941778 0.849875 0.867156 0.831075 0.920658 0.536453 0.547735 0.590252 0.676894 0.685380 0.692011 0.731007 0.672926 0.432491 0.493595 0.832446 0.574441 0.723329 0.871870 0.703253 0.934819 0.898489 0.811574 0.822075 0.940901 0.908630 0.672517 0.530133 0.901228 0.751646 0.953836
0.663286 0.618973 0.565838 0.493736 0.771579 0.558789 0.358414 0.000000 0.479334 0.524787 0.586549 0.480288 0.694572 0.691880 0.844960 0.475573 0.687378 0.678155 0.399182 0.447505 0.808944 0.822690 0.815882 0.852378 0.822328 0.667501 0.720594 0.952131 0.624046 0.582556 0.438960 0.498432 0.419888 0.388081 0.956206 0.878968 0.712100 0.731997 0.759441 0.757186 0.811957 0.859806 0.497723 0.547570 0.623778 0.744963 0.761668 0.817730 0.903601 0.867310 0.643576 0.764525 0.788128 0.849055 0.918159 0.828764 0.688692 0.905597 0.856681 0.950018 0.581383 0.542871 0.951337 0.866585 0.855303 0.617452 0.476177 0.503700 0.818664 0.824483 0.402859 0.337637 0.482690 0.479069 0.850195 0.830275 0.489692 0.597933 0.542925 0.723272 0.830969 0.869943 0.961150 0.999492 0.982134 0.981757 0.711069 0.729080 0.878705 0.999923 0.457716 0.491496 0.447289 0.629306 0.727849 0.738000 0.596324 0.700524 0.433594 0.490544 0.700628 0.659496 0.584809 0.802206 0.602996 0.773624 0.935161 0.802672 0.909979 0.990967 0.979317 0.652417 0.603941 0.868804 0.680851 0.923255
0.931794 0.890577 0.629923 0.633333 0.791156 0.810524 0.425256 0.479334 0.000000 0.489828 0.821831 0.765052 0.813495 0.888373 0.857016 0.528390 0.863140 0.859124 0.552650 0.595458 0.747051 0.883046 0.761279 0.930521 0.904614 0.615781 0.847276 0.838786 0.674536 0.750173 0.369523 0.506319 0.563651 0.537468 0.933610 0.950223 0.744964 0.835203 0.765456 0.854779 0.904835 0.933635 0.473890 0.542434 0.512538 0.691918 0.964128 0.911334 0.833577 0.889308 0.687397 0.805598 0.671375 0.591474 0.860483 0.932168 0.838796 0.796863 0.800503 0.672799 0.871483 0.858036 0.887012 0.918522 0.821306 0.900005 0.539750 0.783063 0.955054 0.947573 0.431720 0.435192 0.663660 0.648090 0.998389 0.739892 0.497088 0.508017 0.760934 0.862441 0.945865 0.835309 0.994582 0.848764 0.838086 0.882068 0.725731 0.693398 0.808207 0.895461 0.442678 0.432199 0.459368 0.477611 0.783475 0.710354 0.770387 0.655118 0.474297 0.456905 0.694436 0.523765 0.598019 0.777661 0.774257 0.994328 0.849873 0.750755 0.817487 0.889568 0.895460 0.632853 0.685968 0.946043 0.850372 0.938251
0.977269 0.980580 0.988383 0.993076 0.958842 0.600670 0.574742 0.524787 0.489828 0.000000 0.793995 0.726699 0.954500 0.985176 0.864339 0.759936 0.719191 0.751076 0.628567 0.634452 0.980731 0.945267 0.856564 0.728775 0.718771 0.980919 0.622369 0.696563 0.613841 0.605918 0.640303 0.671166 0.750030 0.597483 0.886451 0.937988 0.977849 0.978680 0.849149 0.975322 0.986889 0.951418 0.761048 0.864209 0.753694 0.971896 0.763301 0.788235 0.887071 0.740786 0.981410 0.866574 0.916871 0.748608 0.704297 0.871129 0.921390 0.837748 0.852137 0.642154 0.803707 0.853870 0.929855 0.903630 0.679421 0.891283 0.763455 0.835034 0.822577 0.759668 0.427009 0.441670 0.548980 0.593487 0.907339 0.834063 0.637699 0.634095 0.855967 0.942890 0.977598 0.801537 0.769876 0.695292 0.487604 0.515844 0.651225 0.622637 0.697509 0.655512 0.390943 0.429766 0.492145 0.569710 0.923432 0.752564 0.709519 0.702591 0.429316 0.516103 0.566514 0.569168 0.428319 0.601830 0.886524 0.970188 0.956840 0.830135 0.767662 0.914153 0.721697 0.604642 0.610425 0.992102 0.938768 0.997310
0.377829 0.405400 0.868337 0.717142 0.890813 0.952560 0.665266 0.586549 0.821831 0.793995 0.000000 0.362960 0.746575 0.787470 0.803390 0.713083 0.356005 0.283297 0.467254 0.461202 0.845738 0.966222 0.986276 0.884361 0.992875 0.967001 0.975159 0.927179 0.399108 0.351560 0.737318 0.822402 0.506144 0.423217 0.988396 0.822568 0.752588 0.729881 0.782966 0.838536 0.656414 0.729869 0.793821 0.726151 0.787629 0.772949 0.642240 0.669354 0.834343 0.856209 0.800631 0.944577 0.976635 0.760252 0.735650 0.816193 0.383081 0.426781 0.581443 0.637346 0.369076 0.559382 0.461722 0.385199 0.953920 0.709201 0.592851 0.609000 0.520179 0.559255 0.795440 0.665661 0.609833 0.607249 0.774495 0.801753 0.840379 0.837049 0.496671 0.520761 0.420326 0.432654 0.728968 0.568368 0.801041 0.805212 0.926953 0.958923 0.893967 0.805291 0.957990 0.987610 0.967367 0.916774 0.664245 0.817331 0.842849 0.848514 0.780533 0.883788 0.982006 0.942957 0.803899 0.716301 0.664002 0.750701 0.788955 0.944355 0.970295 0.873946 0.952219 0.669748 0.792681 0.993924 0.785386 0.905060
0.353633 0.340054 0.794461 0.652576 0.879462 0.766299 0.692449 0.480288 0.765052 0.726699 0.362960 0.000000 0.679034 0.677986 0.816114 0.595608 0.396338 0.419538 0.531912 0.452238 0.774565 0.880762 0.973279 0.907294 0.913265 0.831221 0.971460 0.911328 0.441870 0.489610 0.732303 0.771851 0.484479 0.428381 0.930489 0.829653 0.703342 0.683453 0.747927 0.770477 0.629239 0.675937 0.696702 0.681744 0.798714 0.749106 0.596891 0.682104 0.774117 0.747806 0.709332 0.814110 0.947097 0.846395 0.760704 0.811620 0.421652 0.474792 0.561901 0.590888 0.392107 0.399925 0.602490 0.503449 0.925317 0.602520 0.636878 0.589009 0.505058 0.575408 0.622978 0.530148 0.523698 0.487825 0.668836 0.838420 0.733231 0.743270 0.483127 0.591804 0.450711 0.557257 0.878064 0.656434 0.887027 0.839996 0.802774 0.717373 0.869131 0.874508 0.756542 0.799553 0.724705 0.960802 0.682547 0.826496 0.697282 0.861722 0.692142 0.753174 0.849146 0.937062 0.640438 0.676691 0.544162 0.694650 0.835618 0.864882 0.889736 0.894405 0.974367 0.596348 0.853882 0.923831 0.822862 0.870171
0.761910 0.739736 0.468422 0.482231 0.932268 0.920154 0.702630 0.694572 0.813495 0.954500 0.746575 0.679034 0.000000 0.578099 0.440669 0.411556 0.991609 0.983238 0.725189 0.789630 0.812842 0.832038 0.519680 0.449597 0.563002 0.584031 0.721229 0.827920 0.914842 0.940245 0.730474 0.815994 0.582693 0.726682 0.840808 0.959416 0.671731 0.628709 0.610456 0.737243 0.972297 0.793972 0.716872 0.708041 0.833257 0.766483 0.605723 0.774337 0.720788 0.646186 0.487932 0.607957 0.677840 0.803637 0.824199 0.782500 0.837189 0.857062 0.921637 0.797828 0.623726 0.611749 0.922356 0.947074 0.458252 0.452170 0.771927 0.805255 0.745433 0.633673 0.873827 0.826037 0.951743 0.813312 0.735686 0.791414 0.614095 0.801662 0.740120 0.778631 0.877153 0.773045 0.829412 0.774752 0.631027 0.517941 0.964013 0.946633 0.617727 0.782672 0.813902 0.783524 0.791964 0.778179 0.782148 0.866986 0.939466 0.815048 0.859738 0.903199 0.874974 0.929479 0.983456 0.875749 0.722983 0.817319 0.891384 0.874050 0.922156 0.944908 0.888599 0.843962 0.805575 0.985395 0.700170 0.954430
0.825349 0.743145 0.645969 0.509673 0.776240 0.948468 0.857117 0.691880 0.888373 0.985176 0.787470 0.677986 0.578099 0.000000 0.481301 0.549795 0.949078 0.909542 0.747496 0.688135 0.917053 0.877206 0.545091 0.514009 0.678884 0.641048 0.736118 0.790354 0.790670 0.875926 0.817822 0.754825 0.626768 0.792744 0.791932 0.998075 0.780164 0.703020 0.712738 0.853246 0.917383 0.878797 0.744990 0.695181 0.772411 0.679755 0.755242 0.779410 0.703524 0.527502 0.604552 0.541571 0.708177 0.754554 0.918248 0.963206 0.863842 0.818365 0.909488 0.803939 0.861601 0.749104 0.966151 0.976546 0.596818 0.623566 0.949157 0.919908 0.791398 0.584293 0.913643 0.860055 0.956507 0.838662 0.808719 0.818353 0.682862 0.879144 0.641005 0.913567 0.970877 0.907024 0.780621 0.788277 0.786402 0.681782 0.906582 0.977851 0.868944 0.637108 0.934000 0.877782 0.834102 0.875215 0.963234 0.873774 0.995477 0.993595 0.947573 0.905501 0.955648 0.968013 0.881580 0.994847 0.704784 0.769446 0.864568 0.943376 0.900731 0.912820 0.843617 0.950930 0.950264 0.955490 0.677719 0.867653
0.846928 0.786678 0.698174 0.637454 0.992524 0.794206 0.721943 0.844960 0.857016 0.864339 0.803390 0.816114 0.440669 0.481301 0.000000 0.462035 0.976039 0.883163 0.713574 0.772709 0.881056 0.979877 0.347918 0.408401 0.710282 0.720236 0.612277 0.806327 0.821800 0.822139 0.667187 0.758387 0.583829 0.772651 0.816033 0.983409 0.784446 0.785537 0.700967 0.965059 0.923819 0.954632 0.739814 0.643210 0.655644 0.588951 0.761639 0.745521 0.610533 0.523728 0.483713 0.499511 0.516817 0.656289 0.761041 0.877299 0.770331 0.836445 0.959319 0.938732 0.752531 0.925942 0.900928 0.919853 0.540630 0.792922 0.805228 0.962200 0.840313 0.653846 0.927729 0.994833 0.958085 0.996750 0.856427 0.881616 0.770116 0.822151 0.830630 0.807684 0.824696 0.754652 0.585523 0.706098 0.573797 0.532108 0.873695 0.782839 0.781583 0.705245 0.961697 0.994271 0.974232 0.993609 0.842054 0.858406 0.873059 0.972808 0.974429 0.889384 0.786102 0.894179 0.925210 0.915468 0.802584 0.963564 0.988820 0.977064 0.944303 0.957260 0.893461 0.910819 0.875654 0.992294 0.745299 0.876555
0.704586 0.663628 0.469492 0.443654 0.894630 0.803923 0.424414 0.475573 0.528390 0.759936 0.713083 0.595608 0.411556 0.549795 0.462035 0.000000 0.817281 0.788331 0.490094 0.510811 0.714923 0.797363 0.454812 0.518720 0.628559 0.565513 0.916376 0.929369 0.714804 0.732719 0.404982 0.531853 0.378863 0.478588 0.860826 0.966470 0.667381 0.584856 0.630575 0.768589 0.960042 0.865829 0.436412 0.456970 0.514150 0.555653 0.672490 0.716893 0.634941 0.638360 0.445352 0.564056 0.535078 0.651729 0.892179 0.793560 0.661709 0.909363 0.958129 0.972338 0.618727 0.677230 0.950105 0.988818 0.533353 0.597911 0.550279 0.661543 0.748965 0.744954 0.603588 0.526082 0.695915 0.599298 0.816520 0.732565 0.448899 0.546033 0.625363 0.760633 0.853581 0.863333 0.777871 0.843312 0.774902 0.723465 0.873686 0.831759 0.904492 0.824188 0.615968 0.618904 0.630789 0.667625 0.737194 0.648796 0.866830 0.802905 0.568008 0.562345 0.890302 0.718167 0.748122 0.905967 0.598452 0.835082 0.949085 0.715737 0.869243 0.944056 0.936640 0.667828 0.605150 0.935567 0.672776 0.945421
0.374860 0.394088 0.890409 0.995341 0.879165 0.818106 0.702245 0.687378 0.863140 0.719191 0.356005 0.396338 0.991609 0.949078 0.976039 0.817281 0.000000 0.250386 0.527797 0.504661 0.850496 0.880476 0.790754 0.861581 0.756089 0.827360 0.806037 0.975633 0.372857 0.350087 0.827786 0.849743 0.601211 0.439480 0.899305 0.799850 0.865359 0.883806 0.976642 0.938266 0.622072 0.747673 0.839737 0.782685 0.835128 0.844490 0.766525 0.738179 0.880942 0.983338 0.966649 0.923251 0.860400 0.669531 0.842533 0.860227 0.332556 0.417456 0.502725 0.702883 0.422912 0.678685 0.369605 0.308931 0.781934 0.945280 0.623076 0.598588 0.610786 0.788629 0.766031 0.645196 0.496550 0.566396 0.860368 0.956036 0.932589 0.851905 0.573613 0.565450 0.371695 0.472916 0.768761 0.673889 0.940486 0.966707 0.887344 0.873955 0.966295 0.986659 0.964290 0.961330 0.978665 0.820019 0.685006 0.893091 0.792779 0.816548 0.730916 0.785917 0.890845 0.965318 0.714121 0.605625 0.756112 0.760339 0.909936 0.946963 0.758089 0.942267 0.884231 0.576855 0.839489 0.914897 0.977784 0.913133
0.379274 0.393552 0.922607 0.917298 0.886193 0.934673 0.691921 0.678155 0.859124 0.751076 0.283297 0.419538 0.983238 0.909542 0.883163 0.788331 0.250386 0.000000 0.489840 0.450395 0.890187 0.967643 0.935592 0.989759 0.804993 0.858220 0.928319 0.966353 0.339940 0.295058 0.796239 0.808602 0.544541 0.411117 0.936996 0.827561 0.833916 0.854792 0.940959 0.924406 0.596183 0.745522 0.856622 0.761805 0.788590 0.786767 0.758784 0.693235 0.861579 0.923521 0.910799 0.998654 0.972566 0.701494 0.805892 0.915628 0.307234 0.383992 0.548412 0.705727 0.422156 0.724027 0.334230 0.271716 0.872010 0.930895 0.631843 0.630050 0.595254 0.680561 0.837317 0.704389 0.542475 0.639685 0.910930 0.937116 0.975311 0.832237 0.554967 0.508248 0.374637 0.443308 0.651316 0.592040 0.856274 0.932902 0.916615 0.982641 0.962283 0.898223 0.988034 0.903723 0.935925 0.815461 0.665590 0.851387 0.904354 0.909362 0.776296 0.806394 0.934613 0.993835 0.770340 0.672709 0.741004 0.771141 0.854817 0.941179 0.884991 0.969575 0.942342 0.622366 0.865323 0.948764 0.900028 0.847332
0.559092 0.549682 0.673324 0.640535 0.889201 0.763565 0.368951 0.399182 0.552650 0.628567 0.467254 0.531912 0.725189 0.747496 0.713574 0.490094 0.527797 0.489840 0.000000 0.432058 0.831436 0.934547 0.741410 0.848309 0.991090 0.826127 0.857068 0.948038 0.429941 0.403380 0.486334 0.528519 0.398587 0.333108 0.896976 0.972563 0.830793 0.820863 0.807122 0.939206 0.805642 0.824689 0.601614 0.625768 0.610269 0.681575 0.713862 0.774072 0.806328 0.844957 0.753594 0.822634 0.827748 0.948671 0.879060 0.925921 0.565808 0.758314 0.741496 0.885045 0.464648 0.711458 0.730834 0.688644 0.900564 0.731325 0.452547 0.512347 0.763213 0.795353 0.616019 0.510926 0.523810 0.517089 0.847245 0.875067 0.651235 0.622981 0.561564 0.636169 0.681140 0.699497 0.823482 0.796276 0.893364 0.927535 0.842072 0.926915 0.917547 0.985962 0.704700 0.755601 0.719387 0.846720 0.672925 0.761484 0.741245 0.818607 0.583818 0.588602 0.928366 0.787097 0.745961 0.820720 0.711161 0.895862 0.989296 0.859136 0.839690 0.920574 0.987260 0.642152 0.674694 0.967985 0.706815 0.881682
0.504069 0.459118 0.692398 0.561950 0.838558 0.888789 0.569673 0.447505 0.595458 0.634452 0.461202 0.452238 0.789630 0.688135 0.772709 0.510811 0.504661 0.450395 0.432058 0.000000 0.717347 0.890544 0.822180 0.819426 0.829850 0.745845 0.967974 0.953626 0.454117 0.490096 0.553096 0.640159 0.478305 0.400670 0.908464 0.880269 0.700985 0.661123 0.742267 0.854582 0.748619 0.753427 0.555297 0.529050 0.647520 0.693346 0.743471 0.745563 0.790820 0.769267 0.743264 0.820759 0.828274 0.980888 0.893983 0.877153 0.456949 0.683310 0.805643 0.896817 0.599900 0.645713 0.774203 0.695343 0.834653 0.718071 0.569566 0.641648 0.625663 0.687528 0.529522 0.444935 0.587417 0.528288 0.879451 0.882089 0.639441 0.652654 0.524212 0.691075 0.709571 0.767231 0.836223 0.865439 0.940751 0.975084 0.851449 0.883869 0.942152 0.823056 0.731045 0.757331 0.727729 0.787856 0.697953 0.805278 0.794726 0.801401 0.591280 0.571580 0.821633 0.882191 0.696467 0.747801 0.563524 0.699903 0.956552 0.914549 0.926563 0.963342 0.995883 0.584933 0.712267 0.998917 0.788321 0.915682
0.725569 0.756822 0.675336 0.605174 0.783269 0.868759 0.799074 0.808944 0.747051 0.980731 0.845738 0.774565 0.812842 0.917053 0.881056 0.714923 0.850496 0.890187 0.831436 0.717347 0.000000 0.866967 0.844491 0.898999 0.778502 0.640289 0.861720 0.825327 0.920394 0.931613 0.700684 0.925112 0.764446 0.798377 0.836545 0.905942 0.592793 0.801883 0.651333 0.754685 0.950154 0.889113 0.670704 0.678548 0.806350 0.812120 0.713842 0.736253 0.778825 0.809444 0.812507 0.844151 0.917288 0.986990 0.934324 0.902905 0.800298 0.867943 0.873142 0.906246 0.872439 0.723925 0.905948 0.983577 0.714296 0.724807 0.697535 0.671671 0.727864 0.687683 0.740846 0.770063 0.807554 0.719187 0.911394 0.840373 0.778936 0.747573 0.798519 0.866363 0.868532 0.894435 0.980845 0.933326 0.851253 0.833792 0.934554 0.824158 0.984112 0.907712 0.819981 0.797660 0.814599 0.835920 0.853206 0.887630 0.874205 0.881721 0.793274 0.818049 0.827564 0.965665 0.908000 0.777701 0.659193 0.807720 0.952205 0.966148 0.827826 0.976970 0.959668 0.882177 0.904452 0.994780 0.901051 0.834728
0.929014 0.899071 0.780691 0.783864 0.962612 0.957429 0.832144 0.822690 0.883046 0.945267 0.966222 0.880762 0.832038 0.877206 0.979877 0.797363 0.880476 0.967643 0.934547 0.890544 0.866967 0.000000 0.908377 0.836262 0.741273 0.842256 0.974095 0.997320 0.947721 0.925097 0.807401 0.901575 0.888925 0.838076 0.861920 0.913006 0.666643 0.798517 0.995195 0.803813 0.951418 0.985528 0.774654 0.823957 0.876064 0.929371 0.825315 0.790513 0.997248 0.981454 0.910362 0.999177 0.921564 0.981773 0.877003 0.887088 0.886473 0.991101 0.945681 0.931285 0.958531 0.936399 0.892818 0.963486 0.783672 0.863557 0.779031 0.909784 0.911615 0.996300 0.737750 0.835772 0.967816 0.943788 0.841909 0.958050 0.907952 0.913733 0.925845 0.833722 0.950867 0.890308 0.980796 0.937702 0.847457 0.851208 0.989918 0.943805 0.879521 0.966680 0.882117 0.866197 0.845779 0.852924 0.987101 0.868094 0.936880 0.926546 0.837384 0.890668 0.888591 0.927508 0.940986 0.900115 0.922484 0.965388 0.931901 0.956187 0.839511 0.960821 0.943762 0.952197 0.996188 0.989710 0.980774 0.836237
0.968633 0.920877 0.577298 0.539944 0.889628 0.851892 0.650270 0.815882 0.761279 0.856564 0.986276 0.973279 0.519680 0.545091 0.347918 0.454812 0.790754 0.935592 0.741410 0.822180 0.844491 0.908377 0.000000 0.325980 0.579403 0.592558 0.613984 0.728493 0.978942 0.990649 0.612621 0.689590 0.593341 0.817096 0.751022 0.849971 0.812449 0.804188 0.707124 0.904209 0.867320 0.930121 0.577732 0.526047 0.512641 0.495393 0.746794 0.699452 0.569930 0.482948 0.440263 0.403062 0.373214 0.503185 0.826754 0.818964 0.907989 0.949022 0.898339 0.932849 0.986977 0.896078 0.843063 0.817186 0.418284 0.808956 0.711006 0.885214 0.938775 0.727345 0.968613 0.992463 0.922914 0.949299 0.874521 0.868264 0.653014 0.740657 0.876379 0.903606 0.964322 0.931919 0.656037 0.819719 0.520578 0.490953 0.916496 0.798145 0.803348 0.647898 0.952899 0.903204 0.941873 0.878927 0.930540 0.777610 0.830695 0.957441 0.878308 0.765690 0.848519 0.856893 0.930422 0.842556 0.761366 0.949295 0.917065 0.877243 0.990826 0.967559 0.893552 0.951051 0.751213 0.962097 0.699225 0.973458
0.879505 0.840945 0.558088 0.505152 0.941464 0.799957 0.803930 0.852378 0.930521 0.728775 0.884361 0.907294 0.449597 0.514009 0.408401 0.518720 0.861581 0.989759 0.848309 0.819426 0.898999 0.836262 0.325980 0.000000 0.479331 0.623390 0.584855 0.766361 0.992230 0.997515 0.771367 0.838237 0.698359 0.854157 0.761297 0.949167 0.733329 0.723716 0.647161 0.844907 0.948343 0.957593 0.664365 0.566702 0.625282 0.554260 0.656451 0.609728 0.592110 0.469637 0.450733 0.487498 0.507988 0.689298 0.758030 0.755500 0.854564 0.922252 0.979843 0.898098 0.936090 0.952025 0.866946 0.882716 0.390186 0.669750 0.755060 0.945233 0.840508 0.688893 0.945446 0.974198 0.894186 0.906016 0.812218 0.920635 0.689389 0.819605 0.849404 0.847189 0.915074 0.793209 0.644671 0.686595 0.487391 0.389092 0.917856 0.787161 0.651209 0.521056 0.943547 0.964546 0.966973 0.969673 0.864402 0.815326 0.836724 0.947936 0.981455 0.883213 0.777557 0.999585 0.875643 0.880275 0.762120 0.839247 0.944170 0.937083 0.930817 0.956016 0.839311 0.994781 0.917475 0.982597 0.716753 0.997480
0.863048 0.847257 0.378685 0.385786 0.906093 0.835838 0.918030 0.822328 0.904614 0.718771 0.992875 0.913265 0.563002 0.678884 0.710282 0.628559 0.756089 0.804993 0.991090 0.829850 0.778502 0.741273 0.579403 0.479331 0.000000 0.398696 0.652513 0.796312 0.792767 0.709622 0.727407 0.916373 0.785227 0.965507 0.775498 0.887993 0.575723 0.548211 0.586745 0.576862 0.940586 0.946870 0.586585 0.560897 0.798035 0.687406 0.597617 0.604647 0.637993 0.532892 0.521977 0.564044 0.695806 0.827776 0.647845 0.708365 0.892487 0.992590 0.936873 0.847545 0.929993 0.764520 0.599997 0.692770 0.281498 0.472234 0.802491 0.873270 0.669897 0.650250 0.848664 0.901275 0.916527 0.943368 0.703469 0.888122 0.662837 0.750965 0.826075 0.933249 0.950772 0.955930 0.891827 0.848112 0.581632 0.520185 0.883412 0.954254 0.653788 0.573751 0.930200 0.880712 0.794114 0.727292 0.941790 0.872720 0.981056 0.952919 0.953706 0.960794 0.924985 0.978433 0.886739 0.781151 0.612426 0.801742 0.943907 0.881064 0.775637 0.942802 0.922640 0.899443 0.962359 0.963528 0.826894 0.823972
0.877148 0.883396 0.353473 0.323258 0.808167 0.951512 0.770220 0.667501 0.615781 0.980919 0.967001 0.831221 0.584031 0.641048 0.720236 0.565513 0.827360 0.858220 0.826127 0.745845 0.640289 0.842256 0.592558 0.623390 0.398696 0.000000 0.785523 0.836585 0.951574 0.846727 0.655089 0.792403 0.705184 0.881165 0.657424 0.907374 0.517954 0.650864 0.540228 0.579109 0.941926 0.991362 0.543738 0.593895 0.762650 0.717704 0.683775 0.730866 0.712905 0.597061 0.584002 0.618479 0.737447 0.786932 0.818166 0.807192 0.968296 0.912355 0.844203 0.972217 0.986890 0.704277 0.614399 0.680592 0.378594 0.482814 0.744010 0.810854 0.719466 0.686106 0.691707 0.722894 0.925673 0.823039 0.863526 0.794823 0.561972 0.666357 0.778459 0.938819 0.883217 0.913529 0.964529 0.981283 0.790614 0.703616 0.932917 0.839965 0.871620 0.689988 0.713162 0.666909 0.591913 0.599996 0.819412 0.855428 0.835136 0.806376 0.821274 0.781141 0.941049 0.888007 0.942437 0.952365 0.615336 0.826937 0.858497 0.774217 0.939152 0.914194 0.919811 0.937734 0.885287 0.899411 0.792314 0.878612
0.934873 0.956803 0.804170 0.786076 0.987088 0.511818 0.736750 0.720594 0.847276 0.622369 0.975159 0.971460 0.721229 0.736118 0.612277 0.916376 0.806037 0.928319 0.857068 0.967974 0.861720 0.974095 0.613984 0.584855 0.652513 0.785523 0.000000 0.709304 0.921034 0.866508 0.944061 0.788704 0.949541 0.834828 0.771498 0.870090 0.790573 0.775136 0.821011 0.883368 0.977762 0.925971 0.984642 0.883835 0.930164 0.773643 0.818102 0.729411 0.689300 0.621542 0.781900 0.727906 0.709328 0.879090 0.754937 0.889842 0.957338 0.907497 0.960028 0.871829 0.868327 0.937195 0.911645 0.903432 0.525403 0.873287 0.916864 0.764164 0.794653 0.640323 0.717073 0.681142 0.705637 0.786367 0.782860 0.901962 0.989676 0.958245 0.999913 0.955962 0.943915 0.844018 0.673336 0.693872 0.587829 0.544780 0.764827 0.792011 0.589144 0.616419 0.719234 0.746162 0.766843 0.878776 0.899353 0.994653 0.692137 0.762930 0.716630 0.784287 0.643520 0.782037 0.726189 0.904371 0.942103 0.899394 0.844797 0.905381 0.795528 0.939758 0.904591 0.907495 0.754332 0.917125 0.918122 0.939263
0.800204 0.785451 0.912358 0.828901 0.872504 0.925250 0.885929 0.952131 0.838786 0.696563 0.927179 0.911328 0.827920 0.790354 0.806327 0.929369 0.975633 0.966353 0.948038 0.953626 0.825327 0.997320 0.728493 0.766361 0.796312 0.836585 0.709304 0.000000 0.970006 0.916614 0.889286 0.818944 0.911508 0.921091 0.764066 0.947650 0.900351 0.979760 0.830340 0.758130 0.924235 0.968409 0.910643 0.842818 0.959157 0.864375 0.776909 0.704308 0.740000 0.662164 0.798168 0.699151 0.853956 0.958287 0.757354 0.782659 0.874591 0.734166 0.829431 0.758714 0.968043 0.993865 0.941027 0.916833 0.719703 0.846321 0.973254 0.909285 0.727581 0.688085 0.828246 0.855617 0.864920 0.900837 0.867373 0.845844 0.903698 0.962035 0.837040 0.921084 0.888453 0.760621 0.813367 0.753241 0.584235 0.594137 0.809875 0.797983 0.741109 0.642872 0.758113 0.837749 0.805934 0.869134 0.901815 0.853783 0.775906 0.972235 0.866872 0.902417 0.754903 0.790445 0.761124 0.877022 0.925922 0.902531 0.983021 0.948485 0.942006 0.955521 0.818222 0.945767 0.954517 0.938346 0.893647 0.983676
0.571069 0.461287 0.990558 0.872820 0.828591 0.878273 0.585139 0.624046 0.674536 0.613841 0.399108 0.441870 0.914842 0.790670 0.821800 0.714804 0.372857 0.339940 0.429941 0.454117 0.920394 0.947721 0.978942 0.992230 0.792767 0.951574 0.921034 0.970006 0.000000 0.323644 0.710314 0.713387 0.506432 0.373846 0.984175 0.884435 0.937299 0.964284 0.935531 0.924628 0.748559 0.726170 0.818298 0.783907 0.716466 0.782779 0.867746 0.830045 0.848027 0.914026 0.879457 0.981143 0.913986 0.975559 0.941840 0.997632 0.480404 0.582073 0.699186 0.851954 0.472160 0.798662 0.460124 0.454323 0.860449 0.983999 0.598477 0.695013 0.726586 0.766320 0.730960 0.588180 0.501685 0.619039 0.923455 0.913020 0.845662 0.761205 0.599535 0.615865 0.546157 0.635472 0.727021 0.741195 0.995513 0.964923 0.862778 0.908003 0.921024 0.973741 0.853358 0.885471 0.861450 0.998928 0.737819 0.813450 0.880654 0.850093 0.698453 0.747345 0.944262 0.902068 0.736403 0.659870 0.799158 0.794455 0.879530 0.928378 0.834288 0.984968 0.993321 0.588695 0.809398 0.998511 0.951139 0.778674
0.563860 0.546834 0.965935 0.920104 0.914916 0.813134 0.565515 0.582556 0.750173 0.605918 0.351560 0.489610 0.940245 0.875926 0.822139 0.732719 0.350087 0.295058 0.403380 0.490096 0.931613 0.925097 0.990649 0.997515 0.709622 0.846727 0.866508 0.916614 0.323644 0.000000 0.695856 0.697630 0.548887 0.413004 0.917733 0.888447 0.953387 0.981707 0.998140 0.911843 0.755822 0.745686 0.867893 0.783078 0.726208 0.808092 0.880636 0.872234 0.949535 0.988427 0.946995 0.959551 0.985575 0.892229 0.925562 0.965819 0.497398 0.599375 0.645471 0.851425 0.416269 0.774955 0.408530 0.401494 0.781366 0.988302 0.568702 0.651470 0.788783 0.853418 0.757825 0.650196 0.488420 0.623358 0.942930 0.884451 0.868195 0.742102 0.628732 0.638895 0.532789 0.579737 0.770105 0.735813 0.976303 0.962231 0.803712 0.993322 0.858041 0.983911 0.869869 0.959125 0.947959 0.931292 0.703461 0.779138 0.787234 0.868780 0.676799 0.707746 0.958313 0.863223 0.701653 0.644482 0.817751 0.848669 0.859310 0.934121 0.891078 0.938999 0.984187 0.579769 0.789969 0.991272 0.813133 0.922319
0.819546 0.789975 0.532106 0.526601 0.839033 0.845716 0.332783 0.438960 0.369523 0.640303 0.737318 0.732303 0.730474 0.817822 0.667187 0.404982 0.827786 0.796239 0.486334 0.553096 0.700684 0.807401 0.612621 0.771367 0.727407 0.655089 0.944061 0.889286 0.710314 0.695856 0.000000 0.439024 0.457393 0.488005 0.953370 0.984958 0.708874 0.679856 0.721147 0.807081 0.983421 0.980206 0.425954 0.427688 0.453826 0.594367 0.820019 0.779762 0.751477 0.781530 0.569331 0.706461 0.598749 0.625648 0.858422 0.898670 0.700409 0.919531 0.936579 0.797553 0.759467 0.822583 0.947661 0.987129 0.703606 0.811539 0.436824 0.651352 0.882941 0.875675 0.489060 0.489578 0.617043 0.612495 0.935593 0.757168 0.504118 0.446454 0.671664 0.744913 0.905395 0.969590 0.880572 0.968623 0.949522 0.921333 0.824673 0.705801 0.921761 0.995170 0.554566 0.528727 0.538318 0.565230 0.801757 0.718316 0.820693 0.808782 0.489447 0.513715 0.818816 0.556382 0.695052 0.850545 0.678804 0.948472 0.859457 0.780219 0.824300 0.857341 0.853441 0.776054 0.649233 0.963337 0.813686 0.937427
0.897238 0.819863 0.733057 0.701347 0.819501 0.715121 0.387841 0.498432 0.506319 0.671166 0.822402 0.771851 0.815994 0.754825 0.758387 0.531853 0.849743 0.808602 0.528519 0.640159 0.925112 0.901575 0.689590 0.838237 0.916373 0.792403 0.788704 0.818944 0.713387 0.697630 0.439024 0.000000 0.559324 0.550429 0.965427 0.935724 0.882448 0.908503 0.876935 0.993502 0.947605 0.978607 0.575874 0.619649 0.584957 0.704369 0.869633 0.937427 0.859522 0.822891 0.678260 0.715674 0.711862 0.675652 0.971936 0.984356 0.781380 0.962261 0.999648 0.860514 0.761035 0.982004 0.937363 0.949927 0.899652 0.938001 0.537856 0.646689 0.979331 0.868909 0.622113 0.634894 0.602829 0.690865 0.904066 0.840321 0.649802 0.613910 0.733093 0.751515 0.982601 0.990434 0.906840 0.941366 0.978426 0.988685 0.705125 0.953808 0.775313 0.864340 0.619904 0.576089 0.597824 0.734224 0.734532 0.842742 0.802511 0.864482 0.622892 0.540450 0.843261 0.669263 0.684054 0.840387 0.639914 0.898288 0.939586 0.847000 0.901201 0.954616 0.847969 0.804019 0.682607 0.985141 0.725258 0.949686
0.510754 0.458370 0.655459 0.544641 0.830783 0.758544 0.357326 0.419888 0.563651 0.750030 0.506144 0.484479 0.582693 0.626768 0.583829 0.378863 0.601211 0.544541 0.398587 0.478305 0.764446 0.888925 0.593341 0.698359 0.785227 0.705184 0.949541 0.911508 0.506432 0.548887 0.457393 0.559324 0.000000 0.332164 0.882377 0.925765 0.754154 0.718139 0.767537 0.796995 0.763467 0.827314 0.454193 0.459654 0.505493 0.537136 0.630184 0.612909 0.627337 0.619977 0.500832 0.586787 0.655230 0.840686 0.789425 0.769971 0.470317 0.655972 0.687358 0.788744 0.491090 0.633922 0.762472 0.718900 0.702219 0.640208 0.441595 0.473530 0.663081 0.650162 0.642665 0.558165 0.551250 0.525345 0.803066 0.799885 0.575637 0.558039 0.564185 0.617796 0.634593 0.661070 0.677787 0.719149 0.694690 0.701522 0.916745 0.883268 0.975031 0.798406 0.719411 0.733877 0.713240 0.846366 0.661988 0.655873 0.762975 0.686918 0.513671 0.611615 0.901572 0.793583 0.682151 0.900505 0.543653 0.762848 0.991739 0.816427 0.896652 0.945533 0.982969 0.626667 0.617142 0.933565 0.704867 0.953371
0.511140 0.442440 0.782346 0.668248 0.811254 0.734150 0.373168 0.388081 0.537468 0.597483 0.423217 0.428381 0.726682 0.792744 0.772651 0.478588 0.439480 0.411117 0.333108 0.400670 0.798377 0.838076 0.817096 0.854157 0.965507 0.881165 0.834828 0.921091 0.373846 0.413004 0.488005 0.550429 0.332164 0.000000 0.935179 0.935532 0.766439 0.797044 0.811497 0.875956 0.761989 0.806248 0.546457 0.563558 0.535452 0.637558 0.731073 0.717735 0.765990 0.862856 0.686999 0.827245 0.762917 0.919039 0.937899 0.855485 0.435060 0.658268 0.704460 0.859891 0.439762 0.656886 0.661056 0.602033 0.935135 0.794941 0.430080 0.500023 0.735971 0.763815 0.527223 0.440806 0.428294 0.473813 0.762997 0.872736 0.621530 0.595284 0.547011 0.526297 0.597639 0.686747 0.799154 0.773435 0.911364 0.933171 0.776602 0.832207 0.914598 0.980480 0.669836 0.687254 0.699032 0.827257 0.617117 0.643321 0.732497 0.761048 0.477952 0.530222 0.808991 0.744649 0.615770 0.711526 0.647086 0.749162 0.916878 0.823825 0.824693 0.941912 0.957632 0.551319 0.611648 0.814677 0.730980 0.907670
0.919544 0.920848 0.844536 0.782576 0.842211 0.880894 0.923683 0.956206 0.933610 0.886451 0.988396 0.930489 0.840808 0.791932 0.816033 0.860826 0.899305 0.936996 0.896976 0.908464 0.836545 0.861920 0.751022 0.761297 0.775498 0.657424 0.771498 0.764066 0.984175 0.917733 0.953370 0.965427 0.882377 0.935179 0.000000 0.900330 0.792299 0.822725 0.742693 0.822631 0.911065 0.997262 0.732793 0.726358 0.778838 0.624103 0.770576 0.716013 0.635647 0.615079 0.675655 0.666839 0.776934 0.856949 0.932168 0.827925 0.928598 0.884752 0.916430 0.843298 0.924680 0.956470 0.946693 0.934908 0.730161 0.889884 0.965509 0.948707 0.823292 0.813383 0.902793 0.937351 0.974654 0.912247 0.982053 0.870888 0.835881 0.905314 0.995874 0.931235 0.941513 0.995123 0.887621 0.925869 0.792074 0.756121 0.989130 0.976852 0.813815 0.579593 0.902741 0.890702 0.908172 0.916901 0.814852 0.844205 0.911616 0.839986 0.989960 0.942343 0.929621 0.958206 0.968800 0.914080 0.842051 0.873726 0.992035 0.919251 0.983054 0.809276 0.923020 0.913516 0.879855 0.995851 0.833463 0.905754
0.842903 0.868359 0.921512 0.921743 0.953371 0.883769 0.916624 0.878968 0.950223 0.937988 0.822568 0.829653 0.959416 0.998075 0.983409 0.966470 0.799850 0.827561 0.972563 0.880269 0.905942 0.913006 0.849971 0.949167 0.887993 0.907374 0.870090 0.947650 0.884435 0.888447 0.984958 0.935724 0.925765 0.935532 0.900330 0.000000 0.822801 0.918922 0.968162 0.867566 0.753722 0.962218 0.936749 0.978953 0.827951 0.867496 0.947378 0.969478 0.935118 0.937346 0.975461 0.843882 0.783526 0.788980 0.859429 0.927715 0.847759 0.822600 0.946968 0.875582 0.773035 0.780157 0.903623 0.858272 0.987463 0.768507 0.953391 0.914688 0.759286 0.932542 0.865911 0.778401 0.804571 0.833199 0.987868 0.947605 0.967669 0.962437 0.906730 0.947934 0.878529 0.872218 0.985129 0.953059 0.976083 0.971271 0.873315 0.855478 0.995207 0.961978 0.930281 0.966291 0.938870 0.951926 0.943130 0.950815 0.932829 0.932259 0.958640 0.956067 0.945549 0.843794 0.951730 0.977655 0.818511 0.936459 0.938432 0.885258 0.931114 0.909677 0.882602 0.991044 0.966825 0.902733 0.804042 0.898652
0.691777 0.734588 0.563991 0.488082 0.787779 0.974492 0.842408 0.712100 0.744964 0.977849 0.752588 0.703342 0.671731 0.780164 0.784446 0.667381 0.865359 0.833916 0.830793 0.700985 0.592793 0.666643 0.812449 0.733329 0.575723 0.517954 0.790573 0.900351 0.937299 0.953387 0.708874 0.882448 0.754154 0.766439 0.792299 0.822801 0.000000 0.541072 0.669382 0.521958 0.838189 0.866331 0.595856 0.552376 0.767567 0.707673 0.659620 0.695403 0.694234 0.723170 0.673304 0.744297 0.853103 0.975197 0.788292 0.825278 0.699814 0.811054 0.934333 0.877024 0.869778 0.672341 0.933888 0.954754 0.563028 0.597894 0.699723 0.796673 0.651167 0.653889 0.713085 0.734601 0.849323 0.820560 0.949401 0.867699 0.699845 0.717589 0.722181 0.694413 0.796162 0.820240 0.852212 0.800723 0.788446 0.763952 0.886595 0.786938 0.827430 0.741278 0.830859 0.849244 0.760362 0.775088 0.816409 0.778688 0.947900 0.895166 0.795492 0.850163 0.827087 0.948791 0.908502 0.879686 0.787387 0.771372 0.999644 0.970859 0.960600 0.994662 0.940344 0.929068 0.979282 0.954707 0.838421 0.800377
0.623807 0.714949 0.529892 0.515545 0.885327 0.905486 0.841676 0.731997 0.835203 0.978680 0.729881 0.683453 0.628709 0.703020 0.785537 0.584856 0.883806 0.854792 0.820863 0.661123 0.801883 0.798517 0.804188 0.723716 0.548211 0.650864 0.775136 0.979760 0.964284 0.981707 0.679856 0.908503 0.718139 0.797044 0.822725 0.918922 0.541072 0.000000 0.671132 0.594896 0.824345 0.926056 0.655771 0.593970 0.765916 0.662728 0.683979 0.646797 0.666407 0.676755 0.593710 0.689681 0.816700 0.960760 0.701810 0.777995 0.662305 0.809750 0.871660 0.834305 0.834526 0.665201 0.919830 0.973235 0.551305 0.577817 0.798142 0.857382 0.557277 0.614416 0.799329 0.775445 0.860953 0.669704 0.802984 0.720638 0.708817 0.800296 0.616439 0.839990 0.807469 0.802136 0.762989 0.749197 0.759057 0.716392 0.965178 0.804286 0.685906 0.615198 0.948813 0.905769 0.850550 0.784700 0.884895 0.879605 0.989958 0.886352 0.899833 0.974033 0.925990 0.927537 0.904713 0.966390 0.790476 0.842883 0.881320 0.864978 0.890439 0.935754 0.956508 0.913385 0.895010 0.981140 0.737057 0.935707
