0.000000 0.207001 0.456007 0.656356 0.689267 0.967112 0.499530 0.554003 0.935324 0.778333 0.391884 0.312359 0.297867 0.485608 0.700260 0.697520 0.335176 0.379899 0.289571 0.316351 0.754541 0.960612 0.632069 0.700778 0.756799 0.998093 0.892865 0.980879 0.573484 0.492762 0.888328 0.995933 0.370725 0.370231 0.715041 0.877726 0.482551 0.730991 0.789213 0.787361 0.759964 0.978685 0.863585 0.827147 0.988859 0.864265 0.494453 0.499483 0.747850 0.504389 0.588572 0.514543 0.985672 0.754165 0.410099 0.565118 0.298800 0.225636 0.313984 0.347501 0.264462 0.349563 0.236983 0.248214 0.473711 0.517894 0.558478 0.732240 0.300750 0.258954 0.732401 0.993250 0.528427 0.728452 0.691611 0.787318 0.725722 0.795896 0.502109 0.519749 0.263795 0.282104 0.409297 0.365086 0.264874 0.341156 0.583362 0.670915 0.432223 0.466401 0.628868 0.496854 0.656953 0.513651 0.955326 0.865013 0.423442 0.965831 0.927664 0.983740 0.761401 0.840631 0.782265 0.776002 0.675979 0.578132 0.986456 0.950860 0.863997 0.622333 0.988424 0.758472 0.944451 0.844831 0.647688 0.793155
0.207001 0.000000 0.545501 0.654334 0.735623 0.965752 0.568880 0.521477 0.989241 0.784433 0.439876 0.245396 0.344163 0.452569 0.737439 0.677843 0.301444 0.324840 0.307766 0.276117 0.837516 0.929155 0.619465 0.657785 0.839079 0.919469 0.873939 0.979344 0.530224 0.455158 0.935728 0.987086 0.398214 0.412599 0.762208 0.950442 0.540254 0.699925 0.807257 0.802023 0.785095 0.909724 0.789425 0.779358 0.992481 0.886006 0.454408 0.539618 0.779973 0.549160 0.597614 0.531769 0.925460 0.728795 0.475581 0.599281 0.273832 0.198877 0.370994 0.374648 0.316666 0.347265 0.252947 0.219791 0.542543 0.513767 0.616307 0.753656 0.320796 0.279089 0.678778 0.976112 0.567713 0.733389 0.740407 0.757405 0.653498 0.689137 0.444476 0.453216 0.263855 0.291142 0.432989 0.405921 0.308723 0.364200 0.615867 0.691824 0.477086 0.500669 0.603361 0.511000 0.664163 0.475683 0.974267 0.854668 0.457036 0.946423 0.900306 0.945625 0.737919 0.809386 0.790369 0.779187 0.678643 0.574149 0.989220 0.988079 0.875065 0.602001 0.965219 0.738515 0.899175 0.893569 0.660167 0.813663
0.456007 0.545501 0.000000 0.344851 0.983238 0.889751 0.458966 0.595805 0.936076 0.675418 0.736997 0.693177 0.484664 0.664029 0.835495 0.751106 0.755560 0.839138 0.542105 0.668140 0.603112 0.948823 0.660639 0.518967 0.457908 0.525720 0.862694 0.776656 0.970944 0.971128 0.731171 0.950960 0.505396 0.527811 0.488923 0.944314 0.460688 0.767508 0.639629 0.781906 0.792118 0.949290 0.804150 0.813785 0.971694 0.842278 0.563972 0.490457 0.974411 0.596266 0.565808 0.477100 0.817137 0.961145 0.374271 0.513732 0.770621 0.658332 0.364236 0.417433 0.449313 0.621915 0.606988 0.693603 0.270406 0.439211 0.327681 0.447648 0.552988 0.519668 0.728647 0.902748 0.673972 0.781398 0.716924 0.862460 0.676806 0.982796 0.640630 0.768131 0.703942 0.703414 0.722482 0.657067 0.481413 0.335662 0.796130 0.971325 0.528707 0.603057 0.979599 0.705006 0.951009 0.812894 0.931605 0.837204 0.568358 0.768550 0.972780 0.969562 0.939511 0.914733 0.858248 0.937532 0.661715 0.493774 0.862340 0.800027 0.952927 0.733810 0.947875 0.852060 0.901106 0.872545 0.681966 0.923413
0.656356 0.654334 0.344851 0.000000 0.933546 0.790029 0.497943 0.430940 0.956406 0.712847 0.914081 0.707057 0.626810 0.642393 0.932710 0.705151 0.897900 0.920264 0.687144 0.756251 0.698836 0.978404 0.756000 0.438779 0.464089 0.511537 0.912243 0.784365 0.952665 0.945615 0.714738 0.767845 0.614284 0.579098 0.582274 0.704552 0.532141 0.691262 0.535614 0.672359 0.825747 0.885648 0.586318 0.663714 0.964893 0.773084 0.495112 0.432250 0.953695 0.689555 0.520380 0.496356 0.858239 0.942874 0.520730 0.508604 0.885798 0.788943 0.467973 0.510633 0.599476 0.678861 0.767634 0.805994 0.425501 0.387831 0.323050 0.333077 0.768898 0.692970 0.700246 0.891773 0.902628 0.875297 0.810066 0.872811 0.588883 0.796838 0.689679 0.825842 0.862803 0.882355 0.825266 0.778829 0.672902 0.355714 0.907831 0.877331 0.644809 0.670153 0.790712 0.902302 0.691425 0.978212 0.911474 0.721551 0.546262 0.782054 0.814069 0.856248 0.921928 0.961542 0.789721 0.837114 0.535250 0.411545 0.783931 0.610857 0.956477 0.727851 0.866023 0.797492 0.793157 0.836025 0.704640 0.928430
0.689267 0.735623 0.983238 0.933546 0.000000 0.899194 0.858462 0.921735 0.892163 0.982143 0.732629 0.759973 0.665178 0.776229 0.798352 0.723124 0.698844 0.755690 0.720019 0.815040 0.989994 0.908734 0.798836 0.975959 0.964135 0.863524 0.953784 0.984326 0.700578 0.739841 0.931101 0.976392 0.840953 0.803955 0.922961 0.844988 0.972227 0.975842 0.970413 0.903382 0.944698 0.848586 0.980075 0.968508 0.943691 0.906581 0.793702 0.801488 0.869210 0.858164 0.881099 0.882988 0.995983 0.947312 0.914824 0.992757 0.668931 0.760852 0.792182 0.876885 0.748065 0.820506 0.679366 0.676835 0.912594 0.983586 0.964584 0.904877 0.724545 0.738416 0.970537 0.891015 0.917949 0.906316 0.934549 0.914166 0.953679 0.928646 0.792710 0.849655 0.705245 0.758627 0.718870 0.801901 0.699083 0.857334 0.788019 0.792541 0.809847 0.825225 0.761108 0.906241 0.717477 0.805040 0.838142 0.966728 0.849273 0.781530 0.992955 0.992920 0.791593 0.951677 0.954607 0.816457 0.955372 0.878056 0.970241 0.835423 0.909737 0.954027 0.789983 0.842014 0.851278 0.933139 0.837577 0.946835
0.967112 0.965752 0.889751 0.790029 0.899194 0.000000 0.876622 0.823109 0.898619 0.976067 0.943585 0.900342 0.981665 0.950655 0.856422 0.996387 0.988588 0.970507 0.943892 0.986707 0.803175 0.917422 0.837824 0.952453 0.927484 0.736163 0.807209 0.645171 0.995237 0.984074 0.947314 0.891996 0.956919 0.853876 0.959732 0.852636 0.986725 0.851728 0.926464 0.647919 0.719489 0.901292 0.729443 0.737629 0.921147 0.865977 0.908208 0.810140 0.949562 0.992074 0.916062 0.948974 0.938333 0.895727 0.949999 0.752584 0.962996 0.997144 0.877793 0.920398 0.936084 0.938313 0.989656 0.966246 0.992997 0.748487 0.726939 0.666376 0.999420 0.918303 0.999020 0.969941 0.951465 0.902397 0.994223 0.969979 0.999311 0.885064 0.940059 0.821503 0.992026 0.938487 0.838149 0.930577 0.922531 0.878695 0.951427 0.843429 0.875096 0.924686 0.639600 0.837774 0.687499 0.824926 0.946334 0.671233 0.733024 0.718344 0.777458 0.745521 0.713383 0.900936 0.759834 0.808653 0.974334 0.833070 0.930723 0.848598 0.959529 0.958951 0.864008 0.877754 0.931515 0.982215 0.980342 0.849063
0.499530 0.568880 0.458966 0.497943 0.858462 0.876622 0.000000 0.346931 0.645421 0.846395 0.520216 0.546755 0.323847 0.338488 0.510187 0.479478 0.598352 0.604598 0.348362 0.504107 0.697477 0.998980 0.667222 0.654096 0.865259 0.896387 0.958025 0.999479 0.563162 0.625990 0.648429 0.660954 0.358707 0.292129 0.721555 0.992944 0.645852 0.748620 0.879353 0.822757 0.848022 0.876503 0.518135 0.432415 0.543968 0.429229 0.455064 0.316352 0.628404 0.477270 0.432988 0.486140 0.734916 0.855338 0.585156 0.568179 0.620204 0.632964 0.398022 0.572754 0.325491 0.490223 0.447554 0.526614 0.616953 0.586631 0.420001 0.474558 0.773411 0.624786 0.581029 0.704428 0.576005 0.592878 0.779329 0.697183 0.467862 0.635850 0.573717 0.630264 0.645005 0.711067 0.665330 0.697483 0.589800 0.472890 0.884112 0.949548 0.667432 0.738055 0.810163 0.942471 0.907865 0.972415 0.925999 0.853824 0.510588 0.864455 0.542209 0.592970 0.898769 0.770743 0.591931 0.551514 0.596589 0.603699 0.836691 0.727368 0.909044 0.692979 0.751337 0.544578 0.692020 0.575434 0.645824 0.668997
0.554003 0.521477 0.595805 0.430940 0.921735 0.823109 0.346931 0.000000 0.795693 0.888267 0.561570 0.422463 0.486056 0.369905 0.767152 0.549854 0.664097 0.654066 0.498121 0.558894 0.872738 0.921932 0.899587 0.708701 0.940639 0.931255 0.889175 0.950827 0.608259 0.620266 0.852059 0.755287 0.547580 0.422219 0.928170 0.937260 0.653960 0.671882 0.776097 0.758588 0.934595 0.852636 0.475106 0.480845 0.702171 0.491006 0.377663 0.332097 0.634531 0.537599 0.354016 0.429304 0.798754 0.990064 0.565871 0.557343 0.654994 0.609211 0.426664 0.502516 0.383898 0.340122 0.522147 0.508843 0.745978 0.432773 0.499711 0.492302 0.774215 0.593179 0.779147 0.884032 0.733340 0.733617 0.794829 0.732543 0.510713 0.616331 0.628829 0.670469 0.677509 0.742917 0.675690 0.734397 0.730004 0.466161 0.871781 0.922877 0.723231 0.767973 0.835340 0.973036 0.897316 0.854002 0.932384 0.743848 0.504090 0.810048 0.543000 0.578720 0.765015 0.904961 0.619803 0.593095 0.606064 0.526449 0.787278 0.669831 0.877100 0.690319 0.749130 0.543967 0.640312 0.648095 0.659738 0.682182
0.935324 0.989241 0.936076 0.956406 0.892163 0.898619 0.645421 0.795693 0.000000 0.540213 0.885843 0.971486 0.739575 0.729663 0.587272 0.682785 0.900002 0.960036 0.802467 0.980669 0.958561 0.927027 0.832815 0.996050 0.757551 0.781579 0.902396 0.849134 0.720324 0.819184 0.860377 0.933712 0.852385 0.847453 0.880203 0.748011 0.996686 0.958958 0.810115 0.899731 0.823026 0.913091 0.871359 0.729049 0.538484 0.535258 0.823298 0.809119 0.594208 0.702448 0.722204 0.798567 0.524870 0.585493 0.993025 0.990697 0.959046 0.976553 0.869551 0.979810 0.747375 0.795801 0.808085 0.843100 0.996250 0.863243 0.984801 0.976866 0.839313 0.997679 0.993741 0.934069 0.854163 0.894901 0.878368 0.848056 0.859406 0.886663 0.928277 0.980190 0.999339 0.908579 0.891276 0.932135 0.998304 0.950959 0.986226 0.896621 0.983853 0.922431 0.979352 0.853074 0.758270 0.977606 0.894018 0.984265 0.985759 0.927628 0.751512 0.778130 0.961307 0.818982 0.884898 0.760661 0.951746 0.995295 0.810658 0.931896 0.872611 0.967782 0.856587 0.780961 0.846296 0.774597 0.871694 0.704038
0.778333 0.784433 0.675418 0.712847 0.982143 0.976067 0.846395 0.888267 0.540213 0.000000 0.971075 0.940005 0.972666 0.908681 0.684420 0.746276 0.909909 0.965112 0.959279 0.869351 0.927260 0.970887 0.969822 0.708310 0.487021 0.613889 0.723529 0.716867 0.687160 0.820314 0.885601 0.794770 0.911887 0.961017 0.656115 0.929916 0.809664 0.935120 0.600390 0.697061 0.785942 0.978705 0.775993 0.663231 0.423370 0.470157 0.983285 0.941419 0.462048 0.790745 0.811242 0.954976 0.585036 0.480655 0.711310 0.754725 0.911315 0.840190 0.871681 0.823613 0.983486 0.958602 0.963439 0.976501 0.557820 0.600592 0.735356 0.772913 0.627872 0.822422 0.914347 0.810697 0.885516 0.784696 0.945683 0.845037 0.870688 0.870006 0.915734 0.946989 0.838580 0.706057 0.862797 0.709639 0.652875 0.581900 0.879254 0.873819 0.719667 0.746532 0.789769 0.566650 0.971228 0.713689 0.995473 0.978203 0.839417 0.982736 0.595222 0.523833 0.734553 0.764515 0.742837 0.751788 0.931497 0.831207 0.866283 0.845601 0.877461 0.873583 0.784471 0.776870 0.689782 0.711157 0.977738 0.886372
0.391884 0.439876 0.736997 0.914081 0.732629 0.943585 0.520216 0.561570 0.885843 0.971075 0.000000 0.332927 0.434990 0.529314 0.720594 0.741042 0.392974 0.386634 0.392577 0.364428 0.887091 0.932831 0.924975 0.960033 0.866253 0.773499 0.875851 0.851710 0.472703 0.378749 0.949032 0.985091 0.534830 0.421010 0.955203 0.744038 0.769883 0.834410 0.929027 0.947374 0.826447 0.907098 0.880629 0.844887 0.886361 0.800141 0.705644 0.603742 0.680962 0.688943 0.746106 0.773265 0.842858 0.744915 0.690406 0.702123 0.421723 0.409241 0.550248 0.607700 0.378955 0.416862 0.350911 0.361237 0.835646 0.669698 0.767537 0.819772 0.559681 0.486680 0.837665 0.955369 0.533167 0.620900 0.698504 0.843079 0.787529 0.801112 0.620341 0.532126 0.373345 0.386449 0.594957 0.544096 0.586303 0.638028 0.760057 0.836868 0.717822 0.723506 0.817737 0.729164 0.780393 0.653867 0.838606 0.978273 0.619947 0.944726 0.800685 0.931799 0.995949 0.970360 0.697194 0.712169 0.852491 0.822122 0.860961 0.904854 0.823428 0.748067 0.928992 0.752784 0.930063 0.780811 0.732165 0.740663
0.312359 0.245396 0.693177 0.707057 0.759973 0.900342 0.546755 0.422463 0.971486 0.940005 0.332927 0.000000 0.415228 0.408239 0.771333 0.677823 0.338493 0.323537 0.342354 0.305119 0.941473 0.911712 0.797619 0.807916 0.942672 0.771896 0.998582 0.895070 0.434699 0.353359 0.947739 0.939993 0.495428 0.424246 0.995160 0.872742 0.675287 0.701375 0.942795 0.828469 0.879118 0.875497 0.744046 0.756527 0.921192 0.805750 0.497226 0.550397 0.703361 0.612693 0.604052 0.611032 0.875548 0.713701 0.623145 0.635509 0.309729 0.278774 0.468736 0.485533 0.331312 0.282193 0.288376 0.244079 0.778623 0.524530 0.710222 0.752364 0.457653 0.397150 0.766307 0.995394 0.588954 0.714004 0.750615 0.751770 0.699660 0.649316 0.476948 0.490535 0.306507 0.347893 0.505985 0.490038 0.480431 0.475267 0.671094 0.797280 0.615640 0.630237 0.744062 0.632211 0.742873 0.548833 0.882769 0.805594 0.520990 0.949997 0.799110 0.832030 0.926630 0.935110 0.702358 0.661597 0.699907 0.651352 0.980671 0.917404 0.825832 0.593755 0.841143 0.685248 0.808887 0.809129 0.660170 0.752582
0.297867 0.344163 0.484664 0.626810 0.665178 0.981665 0.323847 0.486056 0.739575 0.972666 0.434990 0.415228 0.000000 0.356249 0.479585 0.456422 0.375865 0.441893 0.267366 0.356071 0.707345 0.993628 0.526513 0.615012 0.853778 0.947957 0.930076 0.987587 0.500376 0.506272 0.771954 0.830703 0.346983 0.336390 0.744864 0.913215 0.616028 0.770531 0.812253 0.832538 0.777914 0.959013 0.738810 0.651156 0.786414 0.659217 0.477541 0.420389 0.717466 0.490319 0.551708 0.534356 0.887959 0.982735 0.545799 0.647022 0.417079 0.399968 0.385844 0.508219 0.269662 0.421083 0.261744 0.340578 0.498596 0.601542 0.586612 0.709052 0.529333 0.441817 0.641189 0.867359 0.552673 0.674086 0.800282 0.743990 0.526866 0.720942 0.519243 0.516965 0.421213 0.468705 0.467277 0.476673 0.342654 0.387657 0.664439 0.677747 0.543636 0.536013 0.807890 0.742710 0.738776 0.654520 0.932761 0.975091 0.545096 0.986475 0.782855 0.800230 0.827850 0.997600 0.780306 0.647852 0.656080 0.621163 0.984982 0.961424 0.954875 0.773310 0.926908 0.656738 0.796185 0.757938 0.638237 0.723052
0.485608 0.452569 0.664029 0.642393 0.776229 0.950655 0.338488 0.369905 0.729663 0.908681 0.529314 0.408239 0.356249 0.000000 0.585178 0.473515 0.466539 0.457038 0.321037 0.387678 0.890210 0.959929 0.626074 0.613103 0.952523 0.893461 0.936618 0.926934 0.424457 0.474200 0.814916 0.681028 0.426916 0.404958 0.858632 0.976040 0.756782 0.679582 0.856404 0.839784 0.970006 0.838528 0.620524 0.541573 0.698665 0.550256 0.446697 0.431555 0.683033 0.573736 0.541296 0.583726 0.901887 0.975880 0.700505 0.710269 0.462251 0.522642 0.548264 0.688607 0.394586 0.434833 0.382809 0.399354 0.738456 0.618231 0.677401 0.704374 0.726921 0.621234 0.654599 0.778029 0.713523 0.706950 0.869711 0.671182 0.565421 0.580112 0.502528 0.567198 0.490210 0.563958 0.509877 0.586379 0.513075 0.466900 0.812491 0.704219 0.681280 0.636419 0.952675 0.936480 0.859689 0.785069 0.966447 0.845895 0.549315 0.983052 0.695700 0.642352 0.936102 0.868452 0.723978 0.634775 0.686643 0.740610 0.966856 0.876461 0.939991 0.652650 0.806138 0.650903 0.716270 0.639899 0.732538 0.683499
0.700260 0.737439 0.835495 0.932710 0.798352 0.856422 0.510187 0.767152 0.587272 0.684420 0.720594 0.771333 0.479585 0.585178 0.000000 0.385201 0.621512 0.634716 0.566802 0.692269 0.825097 0.975485 0.447215 0.726358 0.960489 0.803003 0.856583 0.922180 0.527676 0.608169 0.597257 0.605287 0.530237 0.613536 0.956287 0.864407 0.920436 0.986603 0.820341 0.794994 0.937526 0.889924 0.859175 0.702816 0.719455 0.686224 0.752457 0.727890 0.736091 0.687208 0.861685 0.859398 0.814656 0.828382 0.889589 0.964948 0.704748 0.736015 0.805332 0.948127 0.654479 0.778750 0.543037 0.600982 0.806833 0.879431 0.974426 0.921186 0.969077 0.839423 0.746368 0.786267 0.778353 0.874259 0.899535 0.721338 0.724600 0.782613 0.739340 0.732144 0.697382 0.834999 0.653722 0.701995 0.686634 0.794445 0.794552 0.749733 0.845268 0.782818 0.935663 0.962128 0.759919 0.853575 0.973603 0.929372 0.879700 0.864206 0.719744 0.754149 0.797442 0.882354 0.848210 0.753424 0.916646 0.972515 0.970005 0.899935 0.980391 0.996736 0.991283 0.664671 0.858259 0.682457 0.952990 0.785879
0.697520 0.677843 0.751106 0.705151 0.723124 0.996387 0.479478 0.549854 0.682785 0.746276 0.741042 0.677823 0.456422 0.473515 0.385201 0.000000 0.654638 0.666522 0.554162 0.677860 0.814167 0.866449 0.508457 0.626833 0.932270 0.940605 0.896533 0.953116 0.566669 0.683834 0.615174 0.606785 0.538270 0.584611 0.949652 0.997663 0.838431 0.892414 0.937060 0.975579 0.848939 0.857141 0.579079 0.521375 0.742621 0.595177 0.549854 0.537023 0.760063 0.703196 0.680496 0.703871 0.746695 0.798039 0.890748 0.996617 0.699559 0.733424 0.704376 0.813092 0.621728 0.686397 0.552580 0.591456 0.778826 0.882939 0.831287 0.884515 0.912846 0.732247 0.722748 0.771016 0.849285 0.768131 0.878253 0.610026 0.614485 0.700038 0.666700 0.710908 0.743201 0.875661 0.704689 0.751652 0.746949 0.648668 0.881779 0.904013 0.854099 0.761370 0.935369 0.885714 0.915809 0.924577 0.967907 0.957433 0.783039 0.922312 0.635251 0.613992 0.913100 0.898856 0.744734 0.607942 0.782160 0.758925 0.965587 0.753081 0.998849 0.961526 0.905570 0.612105 0.587277 0.590517 0.755345 0.900604
0.335176 0.301444 0.755560 0.897900 0.698844 0.988588 0.598352 0.664097 0.900002 0.909909 0.392974 0.338493 0.375865 0.466539 0.621512 0.654638 0.000000 0.231511 0.289316 0.276698 0.971186 0.903911 0.652650 0.784054 0.959989 0.738082 0.864132 0.974834 0.379475 0.297469 0.887189 0.851809 0.401748 0.443240 0.937993 0.826248 0.703680 0.790667 0.953066 0.851008 0.795637 0.828842 0.785130 0.761438 0.936219 0.876761 0.621987 0.692818 0.786573 0.708823 0.795283 0.778169 0.852425 0.745680 0.724555 0.773838 0.231022 0.280349 0.589497 0.645404 0.443165 0.486007 0.289064 0.266872 0.732279 0.705418 0.788048 0.897769 0.479866 0.489876 0.655095 0.860524 0.589914 0.753829 0.804577 0.727216 0.759531 0.622044 0.398061 0.394071 0.248210 0.293116 0.439883 0.440433 0.408949 0.537633 0.725092 0.654372 0.634987 0.621537 0.684106 0.723476 0.653354 0.594359 0.915943 0.997497 0.603747 0.998765 0.889914 0.922484 0.752345 0.978941 0.712405 0.669686 0.792232 0.804017 0.910852 0.870683 0.899607 0.743774 0.993892 0.732246 0.955843 0.745752 0.704286 0.814194
0.379899 0.324840 0.839138 0.920264 0.755690 0.970507 0.604598 0.654066 0.960036 0.965112 0.386634 0.323537 0.441893 0.457038 0.634716 0.666522 0.231511 0.000000 0.321250 0.225693 0.899058 0.875850 0.681016 0.784796 0.914279 0.672190 0.854424 0.899861 0.333960 0.267983 0.897936 0.799618 0.404324 0.432498 0.975919 0.912489 0.726716 0.671193 0.946095 0.942119 0.752580 0.756370 0.751580 0.712745 0.895094 0.875900 0.662736 0.704983 0.792170 0.767849 0.858800 0.875489 0.738406 0.670191 0.812465 0.809282 0.232355 0.288971 0.652474 0.716927 0.522211 0.541321 0.314176 0.273414 0.829979 0.758095 0.802640 0.893309 0.491099 0.497853 0.599705 0.766980 0.605437 0.676418 0.862294 0.743194 0.729269 0.537919 0.406714 0.378826 0.250554 0.291552 0.493903 0.500552 0.481435 0.595090 0.735474 0.676411 0.694569 0.711708 0.760557 0.771015 0.748448 0.694992 0.844210 0.906443 0.561122 0.945090 0.781165 0.817778 0.812436 0.956478 0.638178 0.635873 0.694700 0.820786 0.941012 0.873265 0.919980 0.701061 0.904515 0.703630 0.957657 0.745413 0.781675 0.774951
0.289571 0.307766 0.542105 0.687144 0.720019 0.943892 0.348362 0.498121 0.802467 0.959279 0.392577 0.342354 0.267366 0.321037 0.566802 0.554162 0.289316 0.321250 0.000000 0.272517 0.724103 0.889939 0.549205 0.626856 0.904978 0.897466 0.830902 0.982864 0.385853 0.375921 0.730164 0.768803 0.319704 0.292073 0.800475 0.967111 0.634155 0.702739 0.940981 0.796918 0.855142 0.865146 0.685705 0.607938 0.788334 0.696200 0.501418 0.468742 0.709699 0.541674 0.590432 0.583656 0.983176 0.882351 0.585904 0.662280 0.294829 0.336056 0.415233 0.522852 0.315824 0.432402 0.251645 0.284873 0.647114 0.633838 0.574051 0.716072 0.491990 0.450594 0.541896 0.763656 0.534920 0.681546 0.784729 0.741030 0.597627 0.635859 0.426057 0.475865 0.312665 0.370224 0.468227 0.482690 0.388921 0.431856 0.789853 0.718758 0.597685 0.594410 0.848050 0.784762 0.798726 0.659325 0.992003 0.889863 0.481245 0.985340 0.737589 0.754039 0.864105 0.916281 0.673730 0.601264 0.643076 0.679991 0.980694 0.966618 0.907885 0.620735 0.862911 0.635652 0.857580 0.714403 0.624227 0.740061
0.316351 0.276117 0.668140 0.756251 0.815040 0.986707 0.504107 0.558894 0.980669 0.869351 0.364428 0.305119 0.356071 0.387678 0.692269 0.677860 0.276698 0.225693 0.272517 0.000000 0.848666 0.875208 0.652386 0.703676 0.947645 0.840155 0.859636 0.935181 0.433276 0.331188 0.827448 0.825393 0.372518 0.383611 0.861245 0.985951 0.622474 0.592081 0.895109 0.877621 0.784819 0.780795 0.741085 0.706288 0.915984 0.873239 0.602970 0.609886 0.826940 0.697612 0.743206 0.741832 0.794955 0.709685 0.658880 0.708976 0.248238 0.270523 0.522324 0.581951 0.412516 0.481464 0.285650 0.277732 0.686677 0.612934 0.658471 0.757674 0.437076 0.437324 0.518142 0.749534 0.562442 0.650130 0.829210 0.773116 0.587266 0.573152 0.401488 0.386636 0.267160 0.284744 0.476120 0.470812 0.394777 0.472689 0.734857 0.690474 0.613496 0.624379 0.742833 0.701396 0.791186 0.683618 0.901003 0.969158 0.500981 0.956715 0.826165 0.849244 0.820642 0.981523 0.659345 0.688582 0.636099 0.705093 0.959314 0.947640 0.895651 0.637642 0.890940 0.746195 0.942201 0.796026 0.713244 0.765645
0.754541 0.837516 0.603112 0.698836 0.989994 0.803175 0.697477 0.872738 0.958561 0.927260 0.887091 0.941473 0.707345 0.890210 0.825097 0.814167 0.971186 0.899058 0.724103 0.848666 0.000000 0.930216 0.730046 0.760768 0.688886 0.691348 0.880839 0.734113 0.975062 0.976632 0.670814 0.867218 0.698827 0.744550 0.700169 0.715926 0.779040 0.830456 0.785750 0.848608 0.835010 0.979453 0.810887 0.735570 0.834643 0.805897 0.793657 0.704950 0.984236 0.730528 0.765714 0.713522 0.954171 0.919845 0.779700 0.821158 0.904803 0.868527 0.659483 0.740911 0.770871 0.943751 0.809002 0.878426 0.656179 0.832921 0.581021 0.693230 0.816862 0.745281 0.802739 0.784847 0.793997 0.849539 0.918020 0.934869 0.687483 0.855391 0.891789 0.818284 0.906695 0.892687 0.990321 0.962227 0.836092 0.698843 0.942768 0.932321 0.923782 0.841816 0.819808 0.979693 0.818465 0.982827 0.875944 0.908568 0.683086 0.918217 0.810817 0.843129 0.880942 0.984601 0.741820 0.915745 0.788235 0.694360 0.990706 0.969484 0.984481 0.957207 0.935623 0.953336 0.925526 0.949993 0.840319 0.962107
0.960612 0.929155 0.948823 0.978404 0.908734 0.917422 0.998980 0.921932 0.927027 0.970887 0.932831 0.911712 0.993628 0.959929 0.975485 0.866449 0.903911 0.875850 0.889939 0.875208 0.930216 0.000000 0.946870 0.920871 0.918296 0.948053 0.835590 0.842067 0.919161 0.851738 0.791648 0.821620 0.994108 0.946070 0.994408 0.905711 0.939680 0.946900 0.932987 0.783271 0.932290 0.808887 0.768417 0.787533 0.951557 0.992928 0.914684 0.913096 0.972410 0.912850 0.948791 0.976316 0.972444 0.915175 0.885836 0.958924 0.847986 0.888631 0.946024 0.996010 0.978103 0.967058 0.995009 0.932694 0.913420 0.976896 0.989240 0.999306 0.901054 0.880617 0.881814 0.958647 0.942926 0.989708 0.958655 0.924801 0.894300 0.699125 0.944629 0.990863 0.909586 0.935979 0.875682 0.955657 0.884425 0.984548 0.988793 0.848138 0.809864 0.932060 0.933975 0.866980 0.902552 0.922160 0.980490 0.984131 0.879789 0.953448 0.888150 0.849233 0.955162 0.800523 0.828190 0.855068 0.882322 0.819614 0.984013 0.917011 0.814669 0.912951 0.992138 0.965602 0.940824 0.978917 0.956725 0.926270
0.632069 0.619465 0.660639 0.756000 0.798836 0.837824 0.667222 0.899587 0.832815 0.969822 0.924975 0.797619 0.526513 0.626074 0.447215 0.508457 0.652650 0.681016 0.549205 0.652386 0.730046 0.946870 0.000000 0.409798 0.691125 0.999243 0.653046 0.902973 0.674335 0.751072 0.523024 0.726153 0.528924 0.703697 0.701987 0.983332 0.722444 0.910908 0.984667 0.903554 0.949409 0.871635 0.889069 0.772070 0.917601 0.878697 0.694977 0.716540 0.918098 0.662462 0.867641 0.764870 0.829977 0.876696 0.785748 0.982177 0.641206 0.652849 0.738130 0.782346 0.713424 0.879547 0.563536 0.594858 0.616212 0.951543 0.860080 0.984551 0.776415 0.731459 0.646099 0.722499 0.879890 0.951276 0.927424 0.813660 0.738741 0.887453 0.574038 0.702295 0.624765 0.747785 0.633865 0.664579 0.489106 0.603358 0.799881 0.614360 0.708198 0.562219 0.817635 0.852373 0.770596 0.741968 0.884152 0.965345 0.802668 0.909411 0.939211 0.912027 0.615843 0.900455 0.939687 0.869234 0.845285 0.844325 0.960179 0.958065 0.881195 0.867941 0.941707 0.861617 0.928200 0.903631 0.828335 0.932345
0.700778 0.657785 0.518967 0.438779 0.975959 0.952453 0.654096 0.708701 0.996050 0.708310 0.960033 0.807916 0.615012 0.613103 0.726358 0.626833 0.784054 0.784796 0.626856 0.703676 0.760768 0.920871 0.409798 0.000000 0.510769 0.751943 0.671429 0.818937 0.863502 0.907847 0.662196 0.687328 0.616436 0.704603 0.635731 0.783121 0.624693 0.743168 0.702821 0.925416 0.865313 0.856532 0.796936 0.777907 0.954902 0.952876 0.605398 0.634270 0.859055 0.827133 0.833430 0.764086 0.993221 0.901239 0.700140 0.819936 0.760384 0.733582 0.719023 0.780794 0.773078 0.878414 0.713913 0.753810 0.512487 0.710455 0.627466 0.733795 0.763452 0.759510 0.625008 0.778451 0.976877 0.910940 0.927710 0.851254 0.716646 0.808090 0.610333 0.819478 0.734202 0.782647 0.647488 0.649802 0.550454 0.432878 0.773784 0.753960 0.717725 0.642714 0.979906 0.817580 0.959729 0.860853 0.969201 0.819397 0.760116 0.946230 0.935053 0.916778 0.786924 0.949138 0.994555 0.814507 0.653266 0.672377 0.900555 0.844930 0.895907 0.796943 0.948659 0.898295 0.976049 0.965202 0.886866 0.901773
0.756799 0.839079 0.457908 0.464089 0.964135 0.927484 0.865259 0.940639 0.757551 0.487021 0.866253 0.942672 0.853778 0.952523 0.960489 0.932270 0.959989 0.914279 0.904978 0.947645 0.688886 0.918296 0.691125 0.510769 0.000000 0.389778 0.733123 0.611328 0.699071 0.728547 0.669309 0.963369 0.754797 0.865961 0.481549 0.708857 0.563271 0.884461 0.538920 0.798565 0.752583 0.882636 0.931185 0.981017 0.731219 0.815545 0.802352 0.730345 0.675573 0.964663 0.914179 0.787330 0.999620 0.828083 0.584896 0.694995 0.993308 0.905364 0.682032 0.646473 0.912867 0.944249 0.962507 0.971947 0.403670 0.669436 0.514666 0.623520 0.735868 0.715826 0.777763 0.888901 0.979743 0.946332 0.948351 0.989840 0.869404 0.945187 0.885165 0.948822 0.933356 0.905161 0.894092 0.760575 0.681388 0.525487 0.865282 0.994612 0.659998 0.678948 0.949919 0.800011 0.756664 0.958479 0.917450 0.910513 0.742797 0.813639 0.877245 0.847496 0.877942 0.869954 0.958342 0.907013 0.767679 0.618723 0.873271 0.815235 0.978056 0.884997 0.818028 0.919994 0.936930 0.860193 0.923454 0.870110
0.998093 0.919469 0.525720 0.511537 0.863524 0.736163 0.896387 0.931255 0.781579 0.613889 0.773499 0.771896 0.947957 0.893461 0.803003 0.940605 0.738082 0.672190 0.897466 0.840155 0.691348 0.948053 0.999243 0.751943 0.389778 0.000000 0.955526 0.543322 0.575876 0.569366 0.725839 0.887469 0.925290 0.974178 0.534512 0.695608 0.697365 0.960960 0.600370 0.718218 0.807493 0.905191 0.860488 0.930743 0.840095 0.913811 0.872322 0.837020 0.666197 0.979029 0.871264 0.796738 0.892973 0.989284 0.678412 0.701197 0.772478 0.832145 0.764901 0.771232 0.980386 0.847497 0.798193 0.728403 0.540868 0.624831 0.474506 0.535456 0.908000 0.968041 0.872563 0.910453 0.969966 0.976579 0.970185 0.954111 0.917634 0.959822 0.933832 0.968956 0.776106 0.845630 0.843300 0.933862 0.973258 0.688147 0.840648 0.739167 0.890571 0.876473 0.755907 0.958238 0.596702 0.791773 0.829175 0.913632 0.818686 0.808350 0.878495 0.869003 0.924207 0.995174 0.999914 0.811346 0.895623 0.687614 0.812656 0.843898 0.956440 0.971444 0.908804 0.872659 0.997038 0.924087 0.973778 0.756849
0.892865 0.873939 0.862694 0.912243 0.953784 0.807209 0.958025 0.889175 0.902396 0.723529 0.875851 0.998582 0.930076 0.936618 0.856583 0.896533 0.864132 0.854424 0.830902 0.859636 0.880839 0.835590 0.653046 0.671429 0.733123 0.955526 0.000000 0.955235 0.912948 0.929126 0.797598 0.909988 0.850521 0.967738 0.965202 0.756552 0.931944 0.887579 0.940766 0.814680 0.969444 0.877160 0.899616 0.865530 0.696595 0.720259 0.987610 0.913128 0.719161 0.886150 0.855801 0.901138 0.832319 0.873046 0.915617 0.894444 0.889992 0.916312 0.957196 0.999089 0.916496 0.920400 0.902805 0.918376 0.761482 0.968973 0.953731 0.904094 0.846858 0.958855 0.789383 0.883908 0.958759 0.875207 0.899553 0.868727 0.988323 0.976130 0.809372 0.882393 0.822516 0.845430 0.685788 0.833988 0.737180 0.798290 0.873491 0.729241 0.770098 0.870636 0.832203 0.837600 0.890445 0.803180 0.983853 0.906912 0.998701 0.943901 0.846188 0.875746 0.756536 0.873094 0.844622 0.844895 0.919073 0.946665 0.992550 0.898012 0.878797 0.935456 0.804918 0.955482 0.835527 0.951382 0.957020 0.759792
0.980879 0.979344 0.776656 0.784365 0.984326 0.645171 0.999479 0.950827 0.849134 0.716867 0.851710 0.895070 0.987587 0.926934 0.922180 0.953116 0.974834 0.899861 0.982864 0.935181 0.734113 0.842067 0.902973 0.818937 0.611328 0.543322 0.955235 0.000000 0.840116 0.774454 0.905343 0.910738 0.921876 0.988981 0.696998 0.793970 0.961133 0.797498 0.803642 0.689068 0.735859 0.947010 0.803599 0.899357 0.879937 0.948319 0.881902 0.830339 0.779309 0.924349 0.977968 0.906512 0.978285 0.995633 0.850802 0.779410 0.943967 0.950401 0.837295 0.891732 0.978612 0.916457 0.953077 0.881737 0.714136 0.796439 0.721534 0.779036 0.968312 0.873364 0.873601 0.983123 0.883695 0.922190 0.939840 0.936179 0.883028 0.919569 0.895916 0.914786 0.935945 0.964478 0.860691 0.979446 0.972274 0.783082 0.931800 0.835592 0.932307 0.833317 0.855858 0.935769 0.804465 0.900056 0.870608 0.950575 0.926911 0.933864 0.974497 0.943539 0.939807 0.928420 0.995480 0.909419 0.924947 0.787150 0.883222 0.998852 0.982928 0.992663 0.931176 0.824693 0.975198 0.994959 0.963669 0.698456
0.573484 0.530224 0.970944 0.952665 0.700578 0.995237 0.563162 0.608259 0.720324 0.687160 0.472703 0.434699 0.500376 0.424457 0.527676 0.566669 0.379475 0.333960 0.385853 0.433276 0.975062 0.919161 0.674335 0.863502 0.699071 0.575876 0.912948 0.840116 0.000000 0.247732 0.885812 0.705726 0.521887 0.482944 0.855837 0.827407 0.888453 0.844864 0.732797 0.963451 0.939976 0.863546 0.695124 0.611265 0.674650 0.652106 0.687016 0.688012 0.576464 0.687975 0.770365 0.855657 0.996139 0.981151 0.921889 0.908812 0.383378 0.494500 0.737607 0.824462 0.558145 0.532944 0.385463 0.358604 0.943297 0.949213 0.970933 0.976195 0.736459 0.688173 0.709159 0.771680 0.679957 0.763659 0.936673 0.705071 0.733983 0.626305 0.494390 0.515674 0.422800 0.530211 0.552411 0.705252 0.679754 0.776148 0.851496 0.733820 0.825642 0.819476 0.909122 0.982781 0.737586 0.773130 0.945468 0.946371 0.747789 0.899028 0.659015 0.623614 0.965048 0.859347 0.654062 0.531682 0.854089 0.970756 0.968780 0.939255 0.938079 0.760667 0.794286 0.618110 0.823400 0.629776 0.823336 0.781262
0.492762 0.455158 0.971128 0.945615 0.739841 0.984074 0.625990 0.620266 0.819184 0.820314 0.378749 0.353359 0.506272 0.474200 0.608169 0.683834 0.297469 0.267983 0.375921 0.331188 0.976632 0.851738 0.751072 0.907847 0.728547 0.569366 0.929126 0.774454 0.247732 0.000000 0.913458 0.767713 0.512197 0.523930 0.825017 0.801151 0.815140 0.754195 0.740132 0.966583 0.953277 0.789750 0.804114 0.741738 0.838949 0.817924 0.747876 0.773342 0.695497 0.768970 0.858621 0.921683 0.864098 0.780444 0.891608 0.930849 0.293251 0.390126 0.744033 0.794551 0.548768 0.510684 0.374880 0.314051 0.944920 0.874482 0.965955 0.960377 0.625362 0.625538 0.710934 0.817931 0.593130 0.765400 0.818200 0.712345 0.807737 0.608539 0.491433 0.485489 0.327910 0.389995 0.522401 0.607653 0.623652 0.745708 0.786329 0.701016 0.810475 0.805794 0.804522 0.855065 0.690435 0.700996 0.855191 0.976248 0.701270 0.925825 0.772697 0.754472 0.924247 0.875369 0.626776 0.554455 0.816851 0.904220 0.918567 0.881699 0.952987 0.755188 0.826581 0.685365 0.955037 0.700778 0.815796 0.714608
0.888328 0.935728 0.731171 0.714738 0.931101 0.947314 0.648429 0.852059 0.860377 0.885601 0.949032 0.947739 0.771954 0.814916 0.597257 0.615174 0.887189 0.897936 0.730164 0.827448 0.670814 0.791648 0.523024 0.662196 0.669309 0.725839 0.797598 0.905343 0.885812 0.913458 0.000000 0.488132 0.637333 0.728036 0.782472 0.758844 0.686480 0.852807 0.987957 0.973012 0.957840 0.869315 0.618960 0.574549 0.767024 0.779286 0.847349 0.762452 0.974429 0.785877 0.825800 0.818673 0.713539 0.741494 0.887506 0.980276 0.892982 0.945292 0.823860 0.871891 0.906215 0.921706 0.889094 0.902339 0.783971 0.978008 0.707605 0.810881 0.980584 0.957684 0.534539 0.529811 0.858222 0.851258 0.846808 0.811292 0.590539 0.737111 0.737138 0.772003 0.936452 0.938928 0.936130 0.972072 0.912104 0.817271 0.843582 0.875584 0.964638 0.917547 0.816470 0.760598 0.805057 0.837717 0.901762 0.973929 0.869351 0.947543 0.811363 0.758275 0.959156 0.810441 0.676199 0.761485 0.702780 0.822099 0.894486 0.764891 0.966006 0.951151 0.897030 0.762631 0.868056 0.778487 0.892553 0.899074
0.995933 0.987086 0.950960 0.767845 0.976392 0.891996 0.660954 0.755287 0.933712 0.794770 0.985091 0.939993 0.830703 0.681028 0.605287 0.606785 0.851809 0.799618 0.768803 0.825393 0.867218 0.821620 0.726153 0.687328 0.963369 0.887469 0.909988 0.910738 0.705726 0.767713 0.488132 0.000000 0.649683 0.683061 0.984302 0.761872 0.859849 0.849556 0.924465 0.971693 0.885448 0.779206 0.516765 0.485277 0.719001 0.700507 0.792044 0.801839 0.946522 0.902860 0.882102 0.965849 0.918142 0.893512 0.995755 0.930930 0.851034 0.989954 0.973927 0.929447 0.977054 0.916108 0.899389 0.905233 0.943996 0.989944 0.820373 0.786549 0.916647 0.897688 0.625853 0.533059 0.954301 0.874155 0.976873 0.694138 0.688367 0.538871 0.769033 0.818389 0.916643 0.964662 0.950323 0.969416 0.980462 0.889894 0.781485 0.947143 0.891467 0.936351 0.662373 0.606079 0.693067 0.749375 0.934555 0.870870 0.922828 0.923428 0.565863 0.518525 0.847116 0.715673 0.566533 0.646626 0.726226 0.784461 0.780991 0.762262 0.882315 0.886109 0.772734 0.713215 0.848621 0.686659 0.976165 0.995542
0.370725 0.398214 0.505396 0.614284 0.840953 0.956919 0.358707 0.547580 0.852385 0.911887 0.534830 0.495428 0.346983 0.426916 0.530237 0.538270 0.401748 0.404324 0.319704 0.372518 0.698827 0.994108 0.528924 0.616436 0.754797 0.925290 0.850521 0.921876 0.521887 0.512197 0.637333 0.649683 0.000000 0.296342 0.681261 0.972050 0.534487 0.787019 0.874592 0.828974 0.652007 0.810094 0.601226 0.521219 0.788305 0.682504 0.468174 0.500668 0.765325 0.566670 0.620312 0.606218 0.906531 0.902148 0.575656 0.628384 0.387848 0.425945 0.431750 0.522781 0.412983 0.563072 0.333107 0.393540 0.583183 0.640179 0.486601 0.605700 0.550914 0.510598 0.496774 0.684875 0.554381 0.679824 0.769004 0.665517 0.536963 0.607067 0.407143 0.489452 0.407432 0.465450 0.548507 0.543237 0.428438 0.400096 0.875360 0.781137 0.556356 0.636364 0.986774 0.877598 0.968417 0.788359 0.984601 0.931583 0.455555 0.870853 0.693491 0.755196 0.928023 0.902937 0.600741 0.640288 0.656216 0.627899 0.956389 0.931302 0.995188 0.640097 0.824184 0.629687 0.828470 0.653624 0.677347 0.811478
0.370231 0.412599 0.527811 0.579098 0.803955 0.853876 0.292129 0.422219 0.847453 0.961017 0.421010 0.424246 0.336390 0.404958 0.613536 0.584611 0.443240 0.432498 0.292073 0.383611 0.744550 0.946070 0.703697 0.704603 0.865961 0.974178 0.967738 0.988981 0.482944 0.523930 0.728036 0.683061 0.296342 0.000000 0.794035 0.985006 0.588685 0.757946 0.896379 0.768264 0.679884 0.868048 0.542515 0.491169 0.659492 0.519249 0.457728 0.364838 0.586983 0.474480 0.476379 0.528211 0.907966 0.937140 0.541946 0.536374 0.421157 0.424226 0.360336 0.482388 0.320155 0.454736 0.358859 0.388536 0.657305 0.593437 0.449507 0.537420 0.586011 0.475524 0.599921 0.731645 0.594149 0.615581 0.736226 0.740105 0.489726 0.624306 0.474819 0.489437 0.420901 0.499380 0.567610 0.580290 0.507601 0.442385 0.895821 0.881453 0.633269 0.633325 0.958298 0.889705 0.955323 0.832355 0.972314 0.769511 0.465737 0.830761 0.570731 0.649457 0.916321 0.869528 0.568977 0.580320 0.628920 0.590512 0.908329 0.859630 0.987603 0.634504 0.784425 0.522179 0.770096 0.628226 0.647535 0.763656
0.715041 0.762208 0.488923 0.582274 0.922961 0.959732 0.721555 0.928170 0.880203 0.656115 0.955203 0.995160 0.744864 0.858632 0.956287 0.949652 0.937993 0.975919 0.800475 0.861245 0.700169 0.994408 0.701987 0.635731 0.481549 0.534512 0.965202 0.696998 0.855837 0.825017 0.782472 0.984302 0.681261 0.794035 0.000000 0.867669 0.601368 0.834037 0.602179 0.788436 0.757601 0.979761 0.921063 0.884937 0.986079 0.996197 0.771267 0.722974 0.857093 0.843319 0.825781 0.741501 0.865433 0.987552 0.655847 0.660098 0.931574 0.860649 0.658545 0.713983 0.796540 0.995272 0.863694 0.941752 0.421657 0.742724 0.518795 0.591689 0.745165 0.773917 0.673972 0.790152 0.850311 0.787980 0.981343 0.956962 0.789484 0.863228 0.786649 0.888656 0.937056 0.884988 0.913581 0.822348 0.651312 0.616022 0.980500 0.916545 0.680907 0.735285 0.959231 0.882152 0.933299 0.993302 0.760537 0.955518 0.741647 0.986058 0.916030 0.854005 0.688284 0.982687 0.997235 0.988140 0.731536 0.645612 0.833901 0.902232 0.925094 0.908409 0.866773 0.875412 0.946004 0.910559 0.881788 0.900106
0.877726 0.950442 0.944314 0.704552 0.844988 0.852636 0.992944 0.937260 0.748011 0.929916 0.744038 0.872742 0.913215 0.976040 0.864407 0.997663 0.826248 0.912489 0.967111 0.985951 0.715926 0.905711 0.983332 0.783121 0.708857 0.695608 0.756552 0.793970 0.827407 0.801151 0.758844 0.761872 0.972050 0.985006 0.867669 0.000000 0.924622 0.741207 0.764604 0.869477 0.969775 0.859974 0.748933 0.806335 0.962196 0.984958 0.912238 0.907860 0.826640 0.930553 0.959106 0.954897 0.878136 0.985574 0.971188 0.954568 0.860398 0.871882 0.964539 0.950598 0.848107 0.773452 0.805181 0.820205 0.922745 0.904708 0.750467 0.769954 0.931614 0.987214 0.694640 0.744154 0.946191 0.877927 0.740511 0.863720 0.707871 0.754071 0.956252 0.944066 0.825717 0.828584 0.866288 0.783596 0.882265 0.968692 0.813879 0.820655 0.953780 0.996649 0.741088 0.783922 0.607419 0.698500 0.846086 0.974095 0.852741 0.917585 0.884599 0.799418 0.894527 0.978658 0.854890 0.940697 0.755348 0.751150 0.818061 0.821050 0.948182 0.979291 0.942972 0.959967 0.930906 0.928019 0.969060 0.777892
0.482551 0.540254 0.460688 0.532141 0.972227 0.986725 0.645852 0.653960 0.996686 0.809664 0.769883 0.675287 0.616028 0.756782 0.920436 0.838431 0.703680 0.726716 0.634155 0.622474 0.779040 0.939680 0.722444 0.624693 0.563271 0.697365 0.931944 0.961133 0.888453 0.815140 0.686480 0.859849 0.534487 0.588685 0.601368 0.924622 0.000000 0.701951 0.731761 0.909513 0.689250 0.930938 0.744445 0.779941 0.994171 0.911298 0.609907 0.599892 0.944240 0.662987 0.661784 0.612435 0.835955 0.930841 0.506971 0.580145 0.643403 0.564253 0.507786 0.487911 0.588143 0.700843 0.623238 0.626561 0.520039 0.604966 0.494293 0.633149 0.529044 0.538526 0.713531 0.781238 0.659211 0.755414 0.837020 0.819552 0.693253 0.750958 0.618105 0.757542 0.649114 0.652209 0.676396 0.702822 0.578767 0.499200 0.805707 0.905210 0.633491 0.698253 0.823770 0.697042 0.971134 0.870343 0.949306 0.835200 0.620384 0.822640 0.968902 0.947562 0.862529 0.923672 0.742149 0.830307 0.579480 0.582744 0.893048 0.800038 0.991994 0.677472 0.941143 0.929286 0.981389 0.866079 0.701365 0.939044
0.730991 0.699925 0.767508 0.691262 0.975842 0.851728 0.748620 0.671882 0.958958 0.935120 0.834410 0.701375 0.770531 0.679582 0.986603 0.892414 0.790667 0.671193 0.702739 0.592081 0.830456 0.946900 0.910908 0.743168 0.884461 0.960960 0.887579 0.797498 0.844864 0.754195 0.852807 0.849556 0.787019 0.757946 0.834037 0.741207 0.701951 0.000000 0.723207 0.980147 0.920649 0.780866 0.757126 0.783469 0.873588 0.908578 0.774761 0.827149 0.975453 0.932426 0.808101 0.822188 0.844598 0.842768 0.824822 0.851247 0.698363 0.728806 0.816916 0.834353 0.795239 0.828991 0.797336 0.737724 0.827834 0.729305 0.699246 0.727356 0.752857 0.804167 0.655547 0.607286 0.865052 0.781364 0.947631 0.846270 0.779135 0.666585 0.698252 0.692738 0.759650 0.764214 0.825785 0.887589 0.797995 0.746458 0.980113 0.997762 0.744460 0.934860 0.976077 0.967852 0.915084 0.865579 0.912695 0.808011 0.684013 0.894334 0.855818 0.763942 0.966467 0.836887 0.691478 0.870218 0.548759 0.701418 0.777123 0.940480 0.944154 0.901484 0.915568 0.930533 0.885303 0.969341 0.747216 0.897815
