0.000000 0.553175 0.646527 0.726281 0.799986 0.901928 0.555386 0.581544 0.771245 0.754115 0.763972 0.786548 0.719588 0.903725 0.834115 0.974370 0.497671 0.497824 0.551249 0.730411 0.901401 0.995846 0.765695 0.970772 0.760295 0.777223 0.979086 0.979291 0.681788 0.646200 0.828343 0.925568 0.588154 0.564782 0.740680 0.907351 0.983686 0.764489 0.856478 0.896815 0.946390 0.922216 0.775044 0.707245 0.878396 0.748276 0.671303 0.764405 0.854068 0.851293 0.834389 0.902671 0.864973 0.916658 0.831420 0.876470 0.484948 0.636387 0.694191 0.864107 0.492144 0.624948 0.482241 0.476513 0.656529 0.746583 0.770710 0.822001 0.882380 0.866048 0.916274 0.972770 0.838913 0.894100 0.957018 0.991913 0.798706 0.821905 0.806456 0.942873 0.473687 0.533705 0.801798 0.596850 0.563662 0.662002 0.924738 0.843215 0.789757 0.657206 0.783937 0.854354 0.915385 0.892889 0.869226 0.744586 0.861453 0.945085 0.724743 0.652602 0.931778 0.989326 0.865303 0.797919 0.962847 0.888024 0.858369 0.960485 0.754340 0.950446 0.890052 0.974357 0.855955 0.981070 0.993128 0.998453
0.553175 0.000000 0.860202 0.849058 0.861753 0.900053 0.851290 0.709332 0.941056 0.908614 0.920740 0.681532 0.786418 0.776846 0.776953 0.841390 0.544333 0.567784 0.693196 0.786345 0.984580 0.965319 0.888730 0.993778 0.776146 0.902054 0.938145 0.850208 0.693473 0.639113 0.958361 0.912180 0.633703 0.739574 0.811661 0.988198 0.903245 0.875357 0.971496 0.874561 0.972048 0.871022 0.769528 0.673237 0.825396 0.767865 0.767587 0.734809 0.850840 0.855304 0.962096 0.911908 0.811518 0.878994 0.867027 0.973178 0.553433 0.537624 0.752305 0.871631 0.684381 0.631281 0.640299 0.558734 0.793378 0.829439 0.967221 0.913941 0.872241 0.749443 0.880429 0.927026 0.880944 0.861128 0.980293 0.969450 0.887516 0.894582 0.737253 0.860974 0.583438 0.688160 0.831100 0.667170 0.824988 0.802539 0.963442 0.992867 0.836273 0.749136 0.968885 0.871384 0.946589 0.911383 0.786246 0.801494 0.909331 0.978399 0.789681 0.869663 0.913431 0.905984 0.863005 0.888768 0.986301 0.887770 0.996839 0.981237 0.898492 0.968843 0.988355 0.954706 0.957760 0.999357 0.811436 0.959414
0.646527 0.860202 0.000000 0.461857 0.827609 0.884133 0.359687 0.434748 0.727366 0.702451 0.848737 0.878098 0.857004 0.915402 0.978477 0.767240 0.857088 0.698813 0.690435 0.718642 0.840536 0.878660 0.637565 0.887845 0.687936 0.890704 0.927182 0.856681 0.917089 0.868705 0.756028 0.866201 0.560565 0.583146 0.733914 0.879101 0.974069 0.984700 0.868371 0.778101 0.989627 0.849446 0.653302 0.719806 0.929305 0.878621 0.682630 0.711763 0.924803 0.888508 0.690021 0.721774 0.958642 0.941951 0.882654 0.818171 0.775638 0.949712 0.530029 0.692251 0.491404 0.721341 0.706698 0.749933 0.453014 0.586128 0.509349 0.532675 0.903738 0.919830 0.924132 0.886114 0.814845 0.857408 0.939950 0.975035 0.710554 0.964152 0.929166 0.908183 0.604502 0.615842 0.897090 0.728636 0.496715 0.663897 0.835083 0.994781 0.801879 0.656758 0.645492 0.690097 0.653743 0.616243 0.791995 0.711523 0.716234 0.972182 0.561963 0.544577 0.732374 0.866303 0.840480 0.741882 0.675594 0.635972 0.943216 0.783587 0.780617 0.893204 0.690430 0.824283 0.873364 0.956392 0.942577 0.969303
0.726281 0.849058 0.461857 0.000000 0.962966 0.878331 0.545776 0.412170 0.903927 0.895819 0.936154 0.988421 0.939914 0.972883 0.847522 0.814783 0.969660 0.756561 0.847450 0.734418 0.809968 0.883736 0.675236 0.724045 0.604566 0.783578 0.916562 0.979168 0.961937 0.948621 0.813965 0.873669 0.656509 0.556161 0.691028 0.814818 0.956735 0.858703 0.788037 0.705014 0.957044 0.809743 0.669905 0.670533 0.982532 0.912048 0.752956 0.680635 0.880161 0.999459 0.752700 0.790163 0.942898 0.903816 0.964248 0.821797 0.902952 0.982527 0.700710 0.708615 0.702367 0.700151 0.846306 0.839162 0.454980 0.449957 0.467854 0.439938 0.727831 0.948448 0.735347 0.691250 0.867092 0.822278 0.959151 0.917338 0.715259 0.901609 0.878586 0.896408 0.665205 0.683535 0.962639 0.826694 0.625952 0.618828 0.897032 0.880277 0.979366 0.590453 0.739798 0.776837 0.657561 0.675007 0.825892 0.645366 0.726816 0.961662 0.614294 0.671767 0.747108 0.908252 0.840614 0.742404 0.628701 0.633534 0.930678 0.773621 0.755645 0.869224 0.667169 0.877844 0.992350 0.991912 0.921939 0.893580
0.799986 0.861753 0.827609 0.962966 0.000000 0.779432 0.764617 0.916484 0.747505 0.780516 0.852861 0.871264 0.816207 0.966709 0.788961 0.957350 0.705776 0.715192 0.750697 0.910625 0.805809 0.875255 0.664554 0.886842 0.840088 0.839027 0.854909 0.879822 0.857624 0.666396 0.686555 0.895996 0.814132 0.852780 0.965401 0.770479 0.866493 0.861432 0.881295 0.964661 0.931046 0.983713 0.957660 0.978913 0.802748 0.852502 0.821659 0.893293 0.744375 0.857363 0.862720 0.938110 0.824920 0.811150 0.875182 0.868160 0.669970 0.790010 0.967573 0.911076 0.722509 0.881960 0.731362 0.858413 0.833823 0.925203 0.981477 0.966968 0.900613 0.890097 0.870846 0.997902 0.700201 0.898052 0.954983 0.917575 0.963529 0.936645 0.905528 0.858738 0.741297 0.690598 0.748252 0.689766 0.645417 0.677851 0.871734 0.619068 0.759746 0.783850 0.974045 0.974191 0.995225 0.954250 0.880805 0.983883 0.933975 0.973215 0.901701 0.905588 0.891162 0.846357 0.869313 0.969455 0.996973 0.901185 0.942162 0.848012 0.911786 0.940965 0.946041 0.895651 0.945555 0.987364 0.918071 0.904694
0.901928 0.900053 0.884133 0.878331 0.779432 0.000000 0.912297 0.822397 0.925612 0.973122 0.970123 0.938518 0.956414 0.941301 0.821194 0.721203 0.967394 0.982731 0.944460 0.792105 0.833140 0.954947 0.936797 0.957024 0.955605 0.885892 0.773932 0.905202 0.967632 0.866762 0.888644 0.950736 0.902581 0.843708 0.951279 0.877783 0.769721 0.911778 0.894651 0.992423 0.810286 0.916675 0.859916 0.770475 0.970690 0.892102 0.918752 0.969734 0.881337 0.993881 0.962394 0.837902 0.741366 0.735363 0.866017 0.922248 0.984909 0.920589 0.742531 0.709287 0.925008 0.871007 0.913282 0.783473 0.981191 0.898640 0.826199 0.891460 0.844775 0.787210 0.853410 0.877804 0.936686 0.877777 0.953196 0.868070 0.925722 0.909182 0.954429 0.860010 0.944071 0.984713 0.981347 0.967463 0.988979 0.881547 0.840940 0.880955 0.916206 0.963783 0.953725 0.995645 0.956262 0.984014 0.973578 0.833634 0.778600 0.923420 0.935534 0.894396 0.925968 0.922616 0.820398 0.883527 0.997761 0.952332 0.833280 0.741421 0.980983 0.931606 0.818756 0.901263 0.930844 0.905572 0.965101 0.987843
0.555386 0.851290 0.359687 0.545776 0.764617 0.912297 0.000000 0.492581 0.643050 0.630945 0.847291 0.888229 0.776684 0.907909 0.957774 0.769040 0.776048 0.632276 0.600755 0.686171 0.862266 0.962305 0.604302 0.921887 0.763551 0.856341 0.932657 0.795047 0.886295 0.782560 0.744983 0.934577 0.504724 0.574669 0.736372 0.904212 0.959996 0.891293 0.878688 0.891995 0.932653 0.879958 0.705602 0.739258 0.897662 0.811088 0.728379 0.741817 0.989830 0.814903 0.708367 0.745956 0.975284 0.947918 0.870781 0.844739 0.697004 0.867731 0.553173 0.744032 0.382718 0.698296 0.554640 0.647108 0.496762 0.650202 0.551771 0.615586 0.944858 0.946342 0.987970 0.987946 0.841450 0.892088 0.939088 0.951577 0.763578 0.978141 0.899633 0.944400 0.529939 0.533963 0.812295 0.669752 0.409310 0.661822 0.894540 0.881184 0.767558 0.673765 0.609829 0.641990 0.701609 0.689976 0.781080 0.766503 0.748490 0.995577 0.563753 0.550043 0.830021 0.856313 0.921128 0.743174 0.736422 0.712304 0.972842 0.857741 0.705227 0.894983 0.685893 0.867688 0.897121 0.988893 0.982840 0.966949
0.581544 0.709332 0.434748 0.412170 0.916484 0.822397 0.492581 0.000000 0.841090 0.700422 0.837052 0.846919 0.919477 0.966669 0.914283 0.817216 0.822088 0.656189 0.721214 0.623495 0.926483 0.967062 0.691274 0.929690 0.742431 0.941211 0.983479 0.873195 0.832306 0.816250 0.843315 0.899258 0.628122 0.479858 0.704074 0.834516 0.992664 0.933697 0.886454 0.703233 0.928857 0.881761 0.738660 0.738908 0.935851 0.959180 0.715510 0.755806 0.828666 0.942383 0.872491 0.806039 0.905488 0.815647 0.901488 0.878231 0.812772 0.861102 0.530472 0.541932 0.517386 0.457407 0.734235 0.626109 0.506620 0.437331 0.548384 0.485154 0.833109 0.858324 0.811815 0.780632 0.792554 0.777442 0.900892 0.980346 0.641846 0.887479 0.846103 0.916008 0.596307 0.673249 0.984108 0.785533 0.642717 0.724480 0.810530 0.842738 0.850486 0.508285 0.783883 0.880893 0.764842 0.846476 0.815708 0.649715 0.677712 0.946896 0.587186 0.618860 0.788445 0.951033 0.792210 0.809403 0.637266 0.624970 0.971365 0.823452 0.740564 0.835704 0.643506 0.906030 0.977210 0.972205 0.896954 0.949901
0.771245 0.941056 0.727366 0.903927 0.747505 0.925612 0.643050 0.841090 0.000000 0.618001 0.869737 0.915548 0.778914 0.850398 0.872991 0.935982 0.867412 0.806175 0.831014 0.927578 0.972189 0.985434 0.619556 0.997177 0.935568 0.980500 0.944552 0.874893 0.827940 0.852059 0.839604 0.978478 0.763486 0.862256 0.974975 0.998306 0.959747 0.921486 0.984759 0.872832 0.913080 0.996359 0.988061 0.949356 0.888085 0.903039 0.944569 0.965134 0.837564 0.923312 0.904119 0.931265 0.820900 0.889369 0.929394 0.889442 0.713740 0.854848 0.872847 0.999781 0.611882 0.866689 0.642851 0.672323 0.774136 0.999202 0.984226 0.951131 0.829151 0.975122 0.902258 0.780189 0.929568 0.881305 0.890313 0.946601 0.973156 0.998127 0.816588 0.987361 0.762621 0.740752 0.698944 0.738634 0.629876 0.785901 0.826696 0.707617 0.865513 0.751064 0.884329 0.908749 0.847362 0.933647 0.903020 0.939939 0.821560 0.900274 0.884719 0.711991 0.941028 0.999881 0.978311 0.914139 0.863487 0.950773 0.954523 0.980698 0.854162 0.826560 0.876426 0.971795 0.984269 0.852696 0.982701 0.879530
0.754115 0.908614 0.702451 0.895819 0.780516 0.973122 0.630945 0.700422 0.618001 0.000000 0.708676 0.961691 0.996094 0.713945 0.902607 0.700400 0.763591 0.718259 0.618661 0.751732 0.901581 0.995797 0.678160 0.884003 0.878128 0.910577 0.799815 0.796030 0.735079 0.795867 0.743656 0.933708 0.651345 0.686013 0.832741 0.988154 0.989691 0.935559 0.976637 0.982613 0.935344 0.954628 0.919478 0.950321 0.823289 0.832846 0.807758 0.986773 0.793143 0.849536 0.820064 0.814837 0.981197 0.918503 0.802851 0.882526 0.695216 0.805485 0.727474 0.833584 0.649087 0.785352 0.578209 0.552910 0.949647 0.972104 0.760060 0.809301 0.814924 0.881518 0.942153 0.888799 0.873203 0.909326 0.826570 0.991320 0.959529 0.992558 0.972179 0.971275 0.700546 0.717446 0.898933 0.704542 0.722105 0.957841 0.885175 0.806120 0.834002 0.679578 0.789379 0.849964 0.776377 0.996932 0.918924 0.727237 0.644905 0.893025 0.692962 0.715628 0.790628 0.983803 0.765356 0.804299 0.761010 0.867706 0.913118 0.896239 0.802692 0.853043 0.789198 0.990027 0.988087 0.959098 0.899021 0.863782
0.763972 0.920740 0.848737 0.936154 0.852861 0.970123 0.847291 0.837052 0.869737 0.708676 0.000000 0.810087 0.806879 0.972586 0.886325 0.909191 0.722720 0.749074 0.749581 0.708852 0.851941 0.939933 0.966273 0.914808 0.983602 0.905245 0.884963 0.852803 0.778097 0.796769 0.850210 0.991569 0.834202 0.689599 0.842131 0.763003 0.961394 0.819268 0.937457 0.977513 0.998402 0.933210 0.934201 0.933904 0.962652 0.929140 0.964346 0.960235 0.984401 0.949846 0.995429 0.841426 0.980686 0.965061 0.917926 0.923837 0.821520 0.920381 0.928965 0.934267 0.775651 0.804806 0.706379 0.717848 0.928574 0.985940 0.955291 0.923090 0.912477 0.931204 0.933317 0.812847 0.753301 0.959935 0.946316 0.897288 0.874808 0.798878 0.899508 0.898812 0.736313 0.779513 0.943314 0.839438 0.902047 0.992102 0.774590 0.852825 0.935784 0.832312 0.947110 0.808201 0.942439 0.875176 0.968523 0.741002 0.856557 0.899683 0.948256 0.999192 0.931569 0.985622 0.807798 0.991207 0.956671 0.833527 0.979528 0.927294 0.956363 0.921555 0.969113 0.938196 0.914118 0.908391 0.943190 0.956948
0.786548 0.681532 0.878098 0.988421 0.871264 0.938518 0.888229 0.846919 0.915548 0.961691 0.810087 0.000000 0.755063 0.660508 0.893015 0.768930 0.762356 0.790549 0.868072 0.769631 0.825608 0.846377 0.892188 0.916574 0.988953 0.917175 0.973071 0.995620 0.821135 0.776678 0.812350 0.994502 0.990198 0.862149 0.853933 0.868852 0.956622 0.832980 0.996121 0.957070 0.918491 0.979956 0.928617 0.922130 0.823827 0.960438 0.948987 0.993167 0.890898 0.855969 0.811243 0.922847 0.955284 0.943632 0.837834 0.981955 0.855810 0.700517 0.924407 0.823653 0.874624 0.656554 0.867871 0.707703 0.999271 0.906415 0.820444 0.912746 0.884663 0.889437 0.948931 0.904113 0.999204 0.957217 0.934114 0.898712 0.809385 0.778797 0.789775 0.986098 0.835499 0.930314 0.983714 0.901381 0.932860 0.930919 0.953495 0.899126 0.894453 0.883615 0.821508 0.752856 0.812890 0.751330 0.936597 0.883462 0.963140 0.960472 0.967506 0.946201 0.890693 0.977803 0.879224 0.858776 0.946318 0.960753 0.883303 0.904851 0.991675 0.992208 0.929855 0.902514 0.987055 0.979806 0.904866 0.987000
0.719588 0.786418 0.857004 0.939914 0.816207 0.956414 0.776684 0.919477 0.778914 0.996094 0.806879 0.755063 0.000000 0.612652 0.557258 0.676534 0.798294 0.726410 0.799669 0.767133 0.983119 0.824937 0.860836 0.951411 0.952119 0.920082 0.909336 0.942903 0.835828 0.741928 0.989241 0.959624 0.904172 0.913891 0.940526 0.987145 0.977445 0.719598 0.990046 0.938326 0.968533 0.823271 0.905035 0.975121 0.843989 0.978396 0.956000 0.967120 0.833895 0.992170 0.801462 0.899538 0.952768 0.984157 0.904146 0.916043 0.782861 0.748228 0.881655 0.853521 0.591289 0.728347 0.752978 0.746978 0.891792 0.976135 0.756352 0.811999 0.964656 0.932872 0.805144 0.882180 0.908366 0.856246 0.971329 0.726353 0.949129 0.930695 0.831981 0.848916 0.758499 0.737206 0.809992 0.792842 0.734042 0.925781 0.865248 0.822406 0.737281 0.968293 0.920527 0.816816 0.782531 0.815460 0.989835 0.937155 0.933374 0.856072 0.994718 0.942388 0.834255 0.976133 0.935411 0.782001 0.996303 0.992029 0.873379 0.747257 0.940666 0.975953 0.962573 0.985400 0.951797 0.952278 0.871027 0.999869
0.903725 0.776846 0.915402 0.972883 0.966709 0.941301 0.907909 0.966669 0.850398 0.713945 0.972586 0.660508 0.612652 0.000000 0.604170 0.506165 0.936971 0.889782 0.999552 0.869229 0.900435 0.875688 0.946912 0.937415 0.862931 0.983171 0.961996 0.876038 0.938629 0.791474 0.995425 0.798924 0.959072 0.931404 0.862374 0.979151 0.997586 0.979335 0.928623 0.871385 0.995406 0.899636 0.974098 0.863108 0.882395 0.996067 0.855990 0.848159 0.836788 0.872128 0.792222 0.917586 0.970011 0.972285 0.881530 0.886085 0.977551 0.895229 0.926909 0.928793 0.899711 0.758658 0.989214 0.929629 0.933913 0.850993 0.832785 0.910266 0.892900 0.919021 0.985242 0.783809 0.984366 0.990390 0.913611 0.820310 0.977268 0.894250 0.855566 0.800580 0.940176 0.896333 0.812652 0.879572 0.977218 0.888659 0.890147 0.990865 0.894331 0.989875 0.800322 0.748839 0.718426 0.799838 0.957686 0.957776 0.835234 0.827621 0.904507 0.909576 0.860476 0.938318 0.919676 0.780081 0.927760 0.997247 0.885236 0.808553 0.855483 0.994323 0.886584 0.935880 0.985659 0.964607 0.845953 0.921694
0.834115 0.776953 0.978477 0.847522 0.788961 0.821194 0.957774 0.914283 0.872991 0.902607 0.886325 0.893015 0.557258 0.604170 0.000000 0.527026 0.810729 0.722609 0.846128 0.967286 0.986780 0.860053 0.722615 0.840808 0.955502 0.994401 0.968006 0.956543 0.773205 0.627587 0.817625 0.659517 0.856422 0.998890 0.994760 0.949626 0.920590 0.904797 0.940326 0.953325 0.949189 0.896365 0.978250 0.961809 0.919620 0.884644 0.820955 0.827677 0.906189 0.885070 0.872680 0.958785 0.867526 0.841360 0.871640 0.900060 0.729038 0.742618 0.932602 0.876963 0.814229 0.914476 0.786869 0.857429 0.886964 0.982500 0.775158 0.832828 0.987147 0.985166 0.937987 0.979320 0.920704 0.971768 0.964421 0.789183 0.944063 0.993916 0.803533 0.882577 0.819794 0.730671 0.646164 0.645801 0.759871 0.760843 0.640400 0.635206 0.834542 0.958759 0.825517 0.825489 0.719184 0.775574 0.979915 0.949245 0.838836 0.986715 0.933822 0.966524 0.872258 0.821074 0.759813 0.805123 0.913672 0.923269 0.843330 0.741480 0.978089 0.913105 0.895889 0.915053 0.890611 0.963764 0.863218 0.901780
0.974370 0.841390 0.767240 0.814783 0.957350 0.721203 0.769040 0.817216 0.935982 0.700400 0.909191 0.768930 0.676534 0.506165 0.527026 0.000000 0.997513 0.963856 0.929668 0.917165 0.993821 0.896767 0.979544 0.836864 0.910447 0.927376 0.843884 0.773056 0.951422 0.807664 0.990529 0.809809 0.889015 0.914633 0.877564 0.920168 0.846325 0.997938 0.937692 0.985095 0.914114 0.794580 0.877771 0.928319 0.931158 0.973522 0.958223 0.910257 0.971162 0.914633 0.807707 0.783924 0.915627 0.844907 0.960798 0.986933 0.964928 0.872295 0.740603 0.827981 0.926711 0.971694 0.934376 0.920354 0.972746 0.986693 0.686423 0.786651 0.889489 0.964197 0.984785 0.825631 0.999658 0.899839 0.936040 0.876780 0.925300 0.919305 0.909448 0.743093 0.932146 0.978915 0.807503 0.880329 0.999190 0.894920 0.728512 0.898230 0.987072 0.909135 0.732464 0.713180 0.664541 0.736286 0.870447 0.899325 0.683135 0.868320 0.815518 0.756495 0.828494 0.838969 0.776617 0.689126 0.903653 0.957645 0.960092 0.667604 0.865680 0.966468 0.711080 0.954369 0.965222 0.964274 0.830441 0.964365
0.497671 0.544333 0.857088 0.969660 0.705776 0.967394 0.776048 0.822088 0.867412 0.763591 0.722720 0.762356 0.798294 0.936971 0.810729 0.997513 0.000000 0.518744 0.588397 0.716128 0.982846 0.991470 0.826749 0.995818 0.865829 0.894869 0.939773 0.921882 0.674413 0.569951 0.845035 0.901685 0.660530 0.774003 0.800527 0.826276 0.870822 0.802595 0.914919 0.991085 0.990687 0.923760 0.887659 0.731656 0.786163 0.696852 0.763338 0.761063 0.725561 0.756002 0.833969 0.921975 0.780484 0.857857 0.736676 0.871988 0.487621 0.598939 0.821276 0.979570 0.661589 0.737691 0.504862 0.528286 0.855291 0.915404 0.951104 0.946950 0.819430 0.821498 0.919045 0.931927 0.905661 0.893883 0.983545 0.948719 0.898214 0.901716 0.781025 0.890229 0.492881 0.576169 0.720735 0.569544 0.697406 0.761928 0.903228 0.708848 0.827860 0.768009 0.902739 0.990445 0.963984 0.952772 0.847942 0.817225 0.850149 0.968627 0.860123 0.888043 0.986332 0.868672 0.864871 0.923801 0.946248 0.914838 0.941947 0.962463 0.864380 0.971166 0.973629 0.979370 0.892582 0.931831 0.915317 0.969263
0.497824 0.567784 0.698813 0.756561 0.715192 0.982731 0.632276 0.656189 0.806175 0.718259 0.749074 0.790549 0.726410 0.889782 0.722609 0.963856 0.518744 0.000000 0.535696 0.686510 0.940679 0.908115 0.655867 0.878630 0.757021 0.860317 0.921341 0.994817 0.653343 0.503751 0.719179 0.788414 0.531299 0.629303 0.824242 0.756774 0.938941 0.803350 0.787490 0.835214 0.945046 0.977724 0.842765 0.704802 0.815954 0.737058 0.672751 0.722481 0.849322 0.831324 0.913387 0.946062 0.849466 0.879041 0.705236 0.806433 0.467534 0.661833 0.797583 0.911400 0.529471 0.653071 0.443797 0.509668 0.709833 0.761593 0.828989 0.806432 0.976830 0.838258 0.841159 0.967609 0.749712 0.891387 0.978325 0.958736 0.912092 0.925171 0.749114 0.833830 0.407582 0.425668 0.707951 0.518455 0.592443 0.631685 0.943958 0.732665 0.817634 0.623919 0.885432 0.972087 0.986332 0.943509 0.791948 0.774330 0.875203 0.996033 0.816889 0.772372 0.918438 0.879047 0.963326 0.975845 0.857015 0.908285 0.953836 0.900253 0.815121 0.899106 0.937810 0.970251 0.964120 0.993286 0.932607 0.998830
0.551249 0.693196 0.690435 0.847450 0.750697 0.944460 0.600755 0.721214 0.831014 0.618661 0.749581 0.868072 0.799669 0.999552 0.846128 0.929668 0.588397 0.535696 0.000000 0.638184 0.956638 0.992964 0.716897 0.905054 0.930206 0.852789 0.973429 0.953651 0.574598 0.565216 0.759392 0.873911 0.564258 0.638623 0.806368 0.909126 0.946760 0.821236 0.836304 0.998202 0.998468 0.920003 0.879737 0.813982 0.902928 0.773540 0.692030 0.815378 0.873503 0.870038 0.903603 0.909390 0.974646 0.995367 0.750586 0.796749 0.584755 0.713613 0.778204 0.938558 0.585295 0.726620 0.431947 0.564696 0.815634 0.839175 0.776451 0.826044 0.809992 0.869085 0.901153 0.978110 0.795167 0.788763 0.986695 0.925613 0.834229 0.921788 0.848375 0.885333 0.509944 0.555039 0.765868 0.599276 0.637656 0.751396 0.853604 0.804375 0.718855 0.757289 0.838860 0.921832 0.956410 0.958545 0.880199 0.799150 0.825260 0.929178 0.729764 0.776423 0.819311 0.905443 0.841039 0.923611 0.878289 0.848724 0.954489 0.997769 0.844410 0.943511 0.869186 0.969819 0.874804 0.985968 0.972312 0.846716
0.730411 0.786345 0.718642 0.734418 0.910625 0.792105 0.686171 0.623495 0.927578 0.751732 0.708852 0.769631 0.767133 0.869229 0.967286 0.917165 0.716128 0.686510 0.638184 0.000000 0.942034 0.947725 0.792422 0.984471 0.992496 0.882511 0.944306 0.759371 0.840590 0.778887 0.949926 0.995700 0.711713 0.698523 0.749460 0.964512 0.985276 0.821117 0.933304 0.904311 0.902568 0.957883 0.929019 0.826341 0.847512 0.985514 0.920676 0.834751 0.849866 0.948834 0.955833 0.924647 0.781915 0.692351 0.996902 0.884408 0.804334 0.715506 0.658726 0.610034 0.657023 0.609502 0.735156 0.651023 0.885358 0.736129 0.842683 0.789147 0.917186 0.851498 0.988620 0.986355 0.884462 0.886851 0.877542 0.974441 0.746719 0.962701 0.854688 0.873303 0.643289 0.687646 0.889450 0.795437 0.795319 0.955761 0.862341 0.995732 0.869813 0.717477 0.925082 0.980286 0.964701 0.916303 0.928803 0.734645 0.747357 0.877467 0.824224 0.851366 0.839483 0.918505 0.780816 0.928260 0.736000 0.823336 0.967310 0.989548 0.846926 0.924522 0.702168 0.930044 0.955340 0.851580 0.953630 0.937344
0.901401 0.984580 0.840536 0.809968 0.805809 0.833140 0.862266 0.926483 0.972189 0.901581 0.851941 0.825608 0.983119 0.900435 0.986780 0.993821 0.982846 0.940679 0.956638 0.942034 0.000000 0.965444 0.841627 0.839196 0.792213 0.814719 0.996251 0.982991 0.929827 0.977401 0.830350 0.902538 0.863586 0.889279 0.863793 0.933906 0.847636 0.968248 0.914010 0.986534 0.986916 0.900296 0.871181 0.853401 0.924062 0.986135 0.830723 0.952528 0.973247 0.967833 0.889071 0.983091 0.954721 0.992728 0.949550 0.981832 0.920632 0.938349 0.930948 0.892186 0.974617 0.947172 0.975702 0.947838 0.877241 0.896011 0.775067 0.820711 0.941029 0.937858 0.902131 0.947984 0.959956 0.934530 0.937564 0.993783 0.921820 0.966328 0.999688 0.868216 0.934389 0.965479 0.938639 0.982312 0.853894 0.847863 0.986161 0.909003 0.973325 0.898359 0.952079 0.997460 0.916524 0.872963 0.890285 0.797508 0.860867 0.954562 0.897295 0.993316 0.888170 0.915829 0.948323 0.907639 0.799224 0.938298 0.968888 0.997938 0.782567 0.966290 0.895978 0.958089 0.964655 0.950701 0.978303 0.939361
0.995846 0.965319 0.878660 0.883736 0.875255 0.954947 0.962305 0.967062 0.985434 0.995797 0.939933 0.846377 0.824937 0.875688 0.860053 0.896767 0.991470 0.908115 0.992964 0.947725 0.965444 0.000000 0.987552 0.985761 0.899565 0.976823 0.915150 0.876969 0.915124 0.992883 0.973914 0.984247 0.965738 0.925819 0.948593 0.953281 0.972870 0.936746 0.873209 0.919652 0.912398 0.928353 0.816353 0.966898 0.975587 0.980862 0.833993 0.950808 0.942322 0.915821 0.814429 0.857412 0.885849 0.972854 0.856049 0.850897 0.859145 0.928113 0.884225 0.960921 0.932108 0.924254 0.986688 0.919406 0.888264 0.900665 0.848490 0.835803 0.979236 0.972892 0.969017 0.929166 0.876914 0.884760 0.979912 0.891876 0.969010 0.964073 0.965496 0.902305 0.965239 0.990050 0.977019 0.994797 0.982950 0.968383 0.770396 0.851598 0.971893 0.997494 0.922684 0.976458 0.840426 0.819622 0.913642 0.991925 0.925539 0.893553 0.886229 0.918182 0.834563 0.800619 0.948455 0.824777 0.934478 0.911020 0.890746 0.924102 0.971854 0.932886 0.992207 0.926499 0.928166 0.904761 0.994690 0.893171
0.765695 0.888730 0.637565 0.675236 0.664554 0.936797 0.604302 0.691274 0.619556 0.678160 0.966273 0.892188 0.860836 0.946912 0.722615 0.979544 0.826749 0.655867 0.716897 0.792422 0.841627 0.987552 0.000000 0.593459 0.831554 0.867328 0.952251 0.912566 0.857888 0.681501 0.539993 0.710546 0.643675 0.721239 0.815411 0.886267 0.798464 0.958513 0.870398 0.893631 0.986354 0.984701 0.858660 0.921261 0.785237 0.780160 0.685832 0.757976 0.823073 0.797134 0.825156 0.831046 0.976041 0.945011 0.830538 0.733726 0.697318 0.827168 0.879670 0.956752 0.650961 0.833444 0.610941 0.707084 0.619950 0.705815 0.764184 0.717382 0.891871 0.860993 0.890818 0.893511 0.827438 0.896764 0.894394 0.965290 0.942050 0.942152 0.795616 0.908037 0.610476 0.488175 0.616920 0.553874 0.430659 0.532338 0.849629 0.665338 0.828684 0.641849 0.914987 0.924421 0.878067 0.973756 0.888801 0.784757 0.789354 0.958586 0.752333 0.736288 0.850270 0.871362 0.909212 0.989468 0.776924 0.781590 0.979289 0.990931 0.777362 0.937617 0.850486 0.948542 0.953840 0.847648 0.926021 0.836138
0.970772 0.993778 0.887845 0.724045 0.886842 0.957024 0.921887 0.929690 0.997177 0.884003 0.914808 0.916574 0.951411 0.937415 0.840808 0.836864 0.995818 0.878630 0.905054 0.984471 0.839196 0.985761 0.593459 0.000000 0.784639 0.714734 0.730538 0.915223 0.958017 0.887091 0.742465 0.770912 0.928774 0.841489 0.983091 0.897951 0.858540 0.805731 0.848111 0.855785 0.994381 0.909287 0.973693 0.985734 0.951307 0.940535 0.798432 0.801527 0.998345 0.992554 0.919021 0.963901 0.875906 0.979403 0.820750 0.801030 0.983477 0.871584 0.841139 0.859028 0.950332 0.970460 0.900010 0.934047 0.694936 0.683633 0.824874 0.740733 0.796707 0.976008 0.932523 0.809534 0.956976 0.942551 0.924612 0.967211 0.955506 0.961939 0.875296 0.815796 0.833067 0.734981 0.784650 0.855773 0.661367 0.546328 0.864390 0.796296 0.951434 0.931638 0.957797 0.996696 0.991248 0.956564 0.979806 0.934579 0.981590 0.967576 0.987148 0.980415 0.868095 0.791259 0.805689 0.879213 0.896948 0.798953 0.920630 0.993173 0.932959 0.978753 0.872520 0.959073 0.880448 0.925813 0.955204 0.946408
0.760295 0.776146 0.687936 0.604566 0.840088 0.955605 0.763551 0.742431 0.935568 0.878128 0.983602 0.988953 0.952119 0.862931 0.955502 0.910447 0.865829 0.757021 0.930206 0.992496 0.792213 0.899565 0.831554 0.784639 0.000000 0.679839 0.856666 0.865376 0.912604 0.878807 0.744599 0.814655 0.755483 0.747753 0.731586 0.907373 0.946222 0.884284 0.807707 0.853027 0.809854 0.876695 0.539253 0.611053 0.771264 0.746737 0.670473 0.616995 0.900903 0.833393 0.698798 0.888147 0.824590 0.775220 0.980033 0.765161 0.825720 0.996279 0.915747 0.937967 0.812775 0.885469 0.873339 0.961412 0.576156 0.621928 0.675079 0.655307 0.775804 0.797379 0.744878 0.700437 0.864733 0.941219 0.895880 0.986798 0.821715 0.901984 0.739038 0.857206 0.661822 0.696996 0.844272 0.792167 0.664222 0.520100 0.974413 0.971989 0.945070 0.849048 0.773045 0.877600 0.804857 0.684845 0.821394 0.805973 0.946913 0.994686 0.826618 0.821820 0.855908 0.996773 0.972805 0.797953 0.919581 0.827996 0.864172 0.921125 0.930109 0.953289 0.926717 0.895932 0.866389 0.988808 0.902896 0.931073
0.777223 0.902054 0.890704 0.783578 0.839027 0.885892 0.856341 0.941211 0.980500 0.910577 0.905245 0.917175 0.920082 0.983171 0.994401 0.927376 0.894869 0.860317 0.852789 0.882511 0.814719 0.976823 0.867328 0.714734 0.679839 0.000000 0.841991 0.790210 0.983519 0.855933 0.713239 0.916126 0.786677 0.828152 0.914362 0.882619 0.833887 0.949281 0.734104 0.945791 0.854995 0.798744 0.796386 0.791259 0.837755 0.828137 0.815556 0.783524 0.790578 0.999458 0.802083 0.890499 0.830586 0.712731 0.814669 0.836167 0.826594 0.911535 0.869607 0.717350 0.959880 0.932117 0.841293 0.970108 0.756469 0.876444 0.752922 0.844536 0.898014 0.976996 0.780273 0.763681 0.806273 0.892669 0.795356 0.944915 0.886521 0.847433 0.955003 0.930061 0.828513 0.799396 0.817183 0.835925 0.780838 0.582426 0.905471 0.896402 0.956301 0.855948 0.869924 0.840932 0.891245 0.803580 0.877049 0.959812 0.950844 0.902711 0.868850 0.914312 0.921440 0.997320 0.965362 0.921061 0.925770 0.975505 0.913411 0.930443 0.999778 0.962924 0.954594 0.956023 0.946762 0.960405 0.887551 0.949389
0.979086 0.938145 0.927182 0.916562 0.854909 0.773932 0.932657 0.983479 0.944552 0.799815 0.884963 0.973071 0.909336 0.961996 0.968006 0.843884 0.939773 0.921341 0.973429 0.944306 0.996251 0.915150 0.952251 0.730538 0.856666 0.841991 0.000000 0.934237 0.991832 0.877645 0.997977 0.893507 0.933034 0.972335 0.902618 0.882255 0.952417 0.946527 0.694391 0.871711 0.844071 0.993812 0.812629 0.921565 0.923743 0.888462 0.936696 0.921737 0.938638 0.837667 0.926434 0.835815 0.988052 0.975096 0.884194 0.852572 0.947704 0.915178 0.838312 0.873476 0.941022 0.965380 0.952853 0.857410 0.868527 0.796324 0.966671 0.954470 0.782429 0.985586 0.903198 0.864948 0.910516 0.975420 0.957251 0.946563 0.961465 0.952915 0.981101 0.777920 0.938629 0.916310 0.973976 0.978094 0.949871 0.755913 0.999674 0.953933 0.779055 0.959047 0.844111 0.911555 0.890940 0.951956 0.898498 0.808959 0.869593 0.921993 0.886652 0.834889 0.930897 0.759327 0.756707 0.783075 0.917943 0.977837 0.945716 0.907033 0.924055 0.983198 0.839223 0.748517 0.970710 0.976476 0.957812 0.939737
0.979291 0.850208 0.856681 0.979168 0.879822 0.905202 0.795047 0.873195 0.874893 0.796030 0.852803 0.995620 0.942903 0.876038 0.956543 0.773056 0.921882 0.994817 0.953651 0.759371 0.982991 0.876969 0.912566 0.915223 0.865376 0.790210 0.934237 0.000000 0.904832 0.990642 0.928056 0.931870 0.909714 0.950497 0.985313 0.984314 0.924973 0.892740 0.981032 0.943427 0.945776 0.979299 0.867290 0.910847 0.894420 0.956801 0.910192 0.923159 0.939799 0.965039 0.997159 0.932849 0.790519 0.789097 0.998236 0.929264 0.993799 0.935778 0.787489 0.798501 0.782337 0.893246 0.948151 0.876922 0.943195 0.983979 0.998348 0.926188 0.992494 0.934405 0.923030 0.814510 0.912618 0.952674 0.908863 0.943252 0.943077 0.893976 0.970951 0.876525 0.921618 0.921239 0.942094 0.971932 0.909832 0.851495 0.948955 0.935387 0.906946 0.934068 0.928893 0.904916 0.922854 0.989692 0.978383 0.956096 0.774276 0.845887 0.952264 0.964719 0.999920 0.914868 0.961681 0.964569 0.924909 0.960345 0.960021 0.872136 0.798051 0.947206 0.880101 0.999948 0.921459 0.945826 0.885986 0.980051
0.681788 0.693473 0.917089 0.961937 0.857624 0.967632 0.886295 0.832306 0.827940 0.735079 0.778097 0.821135 0.835828 0.938629 0.773205 0.951422 0.674413 0.653343 0.574598 0.840590 0.929827 0.915124 0.857888 0.958017 0.912604 0.983519 0.991832 0.904832 0.000000 0.515897 0.840601 0.824572 0.766812 0.726602 0.911450 0.996769 0.933264 0.804281 0.978144 0.973960 0.916875 0.977853 0.957843 0.921208 0.957724 0.906482 0.822340 0.945109 0.887203 0.922381 0.910880 0.901152 0.812951 0.921751 0.889944 0.798869 0.701112 0.805134 0.965654 0.995133 0.755522 0.665482 0.621231 0.644279 0.975073 0.949625 0.956406 0.994482 0.861293 0.870994 0.884933 0.911794 0.714581 0.769240 0.893927 0.816525 0.943138 0.849850 0.891856 0.949445 0.730984 0.782386 0.768371 0.657627 0.905263 0.888450 0.986208 0.818420 0.889424 0.801000 0.928810 0.812607 0.837551 0.761593 0.993247 0.888309 0.983938 0.950234 0.954533 0.917323 0.994667 0.868476 0.896259 0.979710 0.983434 0.875577 0.893572 0.907329 0.991916 0.990879 0.947948 0.975817 0.805725 0.973267 0.983902 0.810827
0.646200 0.639113 0.868705 0.948621 0.666396 0.866762 0.782560 0.816250 0.852059 0.795867 0.796769 0.776678 0.741928 0.791474 0.627587 0.807664 0.569951 0.503751 0.565216 0.778887 0.977401 0.992883 0.681501 0.887091 0.878807 0.855933 0.877645 0.990642 0.515897 0.000000 0.663687 0.695009 0.636305 0.712369 0.827289 0.801288 0.844657 0.784722 0.815507 0.882192 0.950483 0.924904 0.966498 0.867671 0.879731 0.848956 0.736011 0.792472 0.802940 0.951849 0.986991 0.931130 0.834832 0.860546 0.732975 0.820574 0.610354 0.689251 0.961840 0.964637 0.640855 0.710731 0.522902 0.621396 0.832876 0.856276 0.999754 0.943755 0.974838 0.942635 0.985157 0.924978 0.782417 0.866056 0.959442 0.850972 0.978496 0.862352 0.697497 0.731722 0.576382 0.528084 0.605967 0.478523 0.686022 0.680675 0.896287 0.668396 0.832980 0.733059 0.883545 0.810054 0.783922 0.767290 0.845111 0.940133 0.981151 0.939463 0.889013 0.992803 0.910204 0.874380 0.954550 0.915264 0.983203 0.958463 0.965247 0.767357 0.929626 0.966997 0.974635 0.922148 0.941478 0.969099 0.963490 0.860918
0.828343 0.958361 0.756028 0.813965 0.686555 0.888644 0.744983 0.843315 0.839604 0.743656 0.850210 0.812350 0.989241 0.995425 0.817625 0.990529 0.845035 0.719179 0.759392 0.949926 0.830350 0.973914 0.539993 0.742465 0.744599 0.713239 0.997977 0.928056 0.840601 0.663687 0.000000 0.625123 0.569462 0.728418 0.755961 0.846971 0.858790 0.915839 0.843275 0.840503 0.878772 0.972758 0.744266 0.786950 0.593344 0.636611 0.666895 0.638256 0.645006 0.791268 0.728681 0.893131 0.857841 0.725473 0.829839 0.724990 0.738324 0.929726 0.918349 0.843938 0.802343 0.983119 0.669561 0.827775 0.865452 0.904836 0.749885 0.745392 0.830809 0.875151 0.796828 0.844007 0.779661 0.837030 0.956822 0.927052 0.959347 0.917217 0.898539 0.920133 0.683310 0.597431 0.652448 0.576458 0.617596 0.587377 0.999207 0.666259 0.988022 0.853995 0.860453 0.909186 0.858468 0.974561 0.928498 0.871403 0.872778 0.919564 0.719287 0.818477 0.958074 0.920587 0.952169 0.995449 0.963306 0.989069 0.905566 0.971538 0.901156 0.917878 0.912732 0.837489 0.935147 0.899292 0.940595 0.820902
0.925568 0.912180 0.866201 0.873669 0.895996 0.950736 0.934577 0.899258 0.978478 0.933708 0.991569 0.994502 0.959624 0.798924 0.659517 0.809809 0.901685 0.788414 0.873911 0.995700 0.902538 0.984247 0.710546 0.770912 0.814655 0.916126 0.893507 0.931870 0.824572 0.695009 0.625123 0.000000 0.739012 0.774524 0.855960 0.863743 0.951283 0.921655 0.846042 0.677934 0.951654 0.924521 0.895858 0.866176 0.798196 0.860720 0.719309 0.731622 0.950634 0.932713 0.975944 0.993132 0.940325 0.940876 0.801977 0.726848 0.868887 0.947522 0.847176 0.927573 0.931121 0.942849 0.837566 0.879500 0.835439 0.809077 0.814942 0.783656 0.880245 0.936778 0.988567 0.790457 0.923153 0.816981 0.919377 0.859687 0.984645 0.959964 0.793519 0.827106 0.831256 0.717959 0.703765 0.667127 0.768858 0.672305 0.807650 0.759106 0.952138 0.839311 0.926329 0.906257 0.889891 0.987566 0.889561 0.848735 0.994911 0.881529 0.849550 0.968256 0.954735 0.872184 0.903389 0.915874 0.893649 0.952939 0.991296 0.969240 0.976691 0.912948 0.954145 0.866918 0.900443 0.997659 0.888139 0.779260
0.588154 0.633703 0.560565 0.656509 0.814132 0.902581 0.504724 0.628122 0.763486 0.651345 0.834202 0.990198 0.904172 0.959072 0.856422 0.889015 0.660530 0.531299 0.564258 0.711713 0.863586 0.965738 0.643675 0.928774 0.755483 0.786677 0.933034 0.909714 0.766812 0.636305 0.569462 0.739012 0.000000 0.568232 0.701484 0.926539 0.963396 0.984323 0.861542 0.895027 0.832659 0.860514 0.647089 0.582910 0.661334 0.599378 0.720664 0.602570 0.759162 0.732384 0.754686 0.790073 0.845547 0.906885 0.846304 0.888856 0.552068 0.668592 0.720001 0.913670 0.558169 0.781040 0.484479 0.570918 0.712682 0.822147 0.633626 0.660599 0.945296 0.896342 0.871993 0.974818 0.843608 0.821985 0.922771 0.984147 0.847766 0.957346 0.834207 0.969268 0.484506 0.513399 0.720243 0.553176 0.564327 0.663863 0.918759 0.802874 0.852837 0.743887 0.755481 0.822089 0.777069 0.853983 0.759085 0.746482 0.749557 0.919186 0.542217 0.673327 0.874616 0.980124 0.889813 0.751794 0.859120 0.837237 0.873122 0.873499 0.803979 0.896985 0.781162 0.863131 0.945037 0.998138 0.956037 0.830306
0.564782 0.739574 0.583146 0.556161 0.852780 0.843708 0.574669 0.479858 0.862256 0.686013 0.689599 0.862149 0.913891 0.931404 0.998890 0.914633 0.774003 0.629303 0.638623 0.698523 0.889279 0.925819 0.721239 0.841489 0.747753 0.828152 0.972335 0.950497 0.726602 0.712369 0.728418 0.774524 0.568232 0.000000 0.719796 0.805170 0.960554 0.974043 0.857970 0.708647 0.972803 0.949654 0.762592 0.691124 0.917390 0.787453 0.704484 0.688760 0.988198 0.937284 0.834457 0.799463 0.979072 0.910503 0.925495 0.765925 0.741904 0.796907 0.712004 0.705571 0.617372 0.580350 0.618941 0.575520 0.675788 0.592668 0.558165 0.504664 0.946178 0.807593 0.950732 0.876775 0.720314 0.727697 0.928909 0.983314 0.847416 0.846616 0.857100 0.885183 0.607023 0.627369 0.907369 0.698538 0.628681 0.689205 0.890059 0.945218 0.853561 0.627192 0.839513 0.945251 0.847745 0.911208 0.851045 0.686922 0.726265 0.952190 0.594551 0.663083 0.774588 0.984823 0.795094 0.836321 0.731746 0.844131 0.998262 0.866608 0.813829 0.869864 0.769811 0.889817 0.867571 0.876966 0.940554 0.955549
0.740680 0.811661 0.733914 0.691028 0.965401 0.951279 0.736372 0.704074 0.974975 0.832741 0.842131 0.853933 0.940526 0.862374 0.994760 0.877564 0.800527 0.824242 0.806368 0.749460 0.863793 0.948593 0.815411 0.983091 0.731586 0.914362 0.902618 0.985313 0.911450 0.827289 0.755961 0.855960 0.701484 0.719796 0.000000 0.909526 0.923204 0.890872 0.928253 0.835267 0.999419 0.836308 0.642943 0.688933 0.771377 0.694482 0.804380 0.691858 0.868505 0.801577 0.764555 0.734609 0.880300 0.897727 0.877972 0.724979 0.880202 0.866705 0.847263 0.863914 0.761478 0.763041 0.781162 0.746984 0.791958 0.831023 0.722264 0.722819 0.995665 0.858338 0.778086 0.817384 0.896489 0.871063 0.946622 0.926774 0.839670 0.797776 0.752495 0.974891 0.705749 0.731589 0.817292 0.722136 0.761516 0.783886 0.851512 0.921793 0.930826 0.819713 0.791693 0.846736 0.742446 0.843765 0.786761 0.658208 0.838285 0.965940 0.707145 0.791143 0.960632 0.786868 0.804969 0.740401 0.973362 0.859787 0.934277 0.834598 0.844358 0.987133 0.846623 0.810977 0.920980 0.982115 0.909804 0.935152
0.907351 0.988198 0.879101 0.814818 0.770479 0.877783 0.904212 0.834516 0.998306 0.988154 0.763003 0.868852 0.987145 0.979151 0.949626 0.920168 0.826276 0.756774 0.909126 0.964512 0.933906 0.953281 0.886267 0.897951 0.907373 0.882619 0.882255 0.984314 0.996769 0.801288 0.846971 0.863743 0.926539 0.805170 0.909526 0.000000 0.804615 0.895875 0.878142 0.748922 0.989912 0.991635 0.952707 0.993567 0.921705 0.952092 0.991161 0.915517 0.970863 0.982600 0.911443 0.982377 0.891905 0.840947 0.805880 0.837098 0.907340 0.986883 0.943707 0.988447 0.855885 0.867474 0.867387 0.931863 0.807586 0.855388 0.915929 0.840944 0.781613 0.990849 0.772432 0.928499 0.781737 0.914022 0.861085 0.966100 0.990235 0.874465 0.923514 0.920873 0.850327 0.795999 0.970427 0.915902 0.864061 0.802236 0.978199 0.934069 0.933191 0.811264 0.965150 0.904468 0.963453 0.983571 0.734452 0.993873 0.955805 0.923191 0.869362 0.967552 0.948720 0.864674 0.944120 0.881464 0.997629 0.962007 0.893608 0.907556 0.988683 0.951358 0.966150 0.936508 0.935953 0.926884 0.930288 0.992210
0.983686 0.903245 0.974069 0.956735 0.866493 0.769721 0.959996 0.992664 0.959747 0.989691 0.961394 0.956622 0.977445 0.997586 0.920590 0.846325 0.870822 0.938941 0.946760 0.985276 0.847636 0.972870 0.798464 0.858540 0.946222 0.833887 0.952417 0.924973 0.933264 0.844657 0.858790 0.951283 0.963396 0.960554 0.923204 0.804615 0.000000 0.864524 0.981674 0.988493 0.963786 0.915404 0.897173 0.914196 0.860913 0.913378 0.918409 0.838558 0.846811 0.861817 0.889463 0.904297 0.809671 0.827027 0.887174 0.876980 0.894276 0.912700 0.957163 0.916398 0.969949 0.990921 0.954768 0.973902 0.916279 0.966309 0.996879 0.899727 0.934787 0.927692 0.786884 0.852963 0.975286 0.732018 0.897124 0.988829 0.934880 0.813758 0.835698 0.877167 0.999938 0.961994 0.841940 0.830387 0.947648 0.895648 0.920813 0.946952 0.973788 0.959919 0.992948 0.927328 0.916537 0.953177 0.949485 0.997496 0.867520 0.927731 0.903155 0.945695 0.968451 0.899561 0.883668 0.993068 0.958175 0.936130 0.858060 0.965525 0.976587 0.913488 0.976475 0.924403 0.927541 0.840539 0.792369 0.985134
0.764489 0.875357 0.984700 0.858703 0.861432 0.911778 0.891293 0.933697 0.921486 0.935559 0.819268 0.832980 0.719598 0.979335 0.904797 0.997938 0.802595 0.803350 0.821236 0.821117 0.968248 0.936746 0.958513 0.805731 0.884284 0.949281 0.946527 0.892740 0.804281 0.784722 0.915839 0.921655 0.984323 0.974043 0.890872 0.895875 0.864524 0.000000 0.986735 0.998227 0.945871 0.794015 0.722827 0.753873 0.725314 0.700382 0.821756 0.797490 0.829432 0.825492 0.757646 0.761921 0.925016 0.831194 0.959535 0.890691 0.826054 0.750460 0.862954 0.830178 0.728897 0.812704 0.836138 0.820696 0.973571 0.972230 0.794491 0.761499 0.853694 0.912791 0.815416 0.746268 0.836940 0.909988 0.956982 0.904354 0.936636 0.924695 0.934147 0.919317 0.872182 0.919327 0.966945 0.962087 0.964236 0.913889 0.997379 0.963514 0.774750 0.880930 0.820133 0.803166 0.716191 0.777006 0.889991 0.955084 0.892681 0.813682 0.915539 0.909090 0.876989 0.894493 0.876052 0.793676 0.937396 0.884121 0.948420 0.878819 0.928620 0.912417 0.967317 0.859763 0.939116 0.850214 0.996192 0.921804
