0.000000 0.538651 0.832307 0.629624 0.917105 0.854086 0.669761 0.606744 0.907352 0.705756 0.541659 0.671641 0.983463 0.988238 0.902213 0.867431 0.488599 0.372086 0.535500 0.496108 0.945035 0.895521 0.861484 0.779324 0.925798 0.995907 0.934700 0.964801 0.724860 0.769971 0.948688 0.998172 0.531688 0.553034 0.796890 0.980177 0.680969 0.749584 0.967674 0.909438 0.702940 0.718409 0.838884 0.867988 0.796235 0.629261 0.591322 0.560924 0.619706 0.664009 0.796905 0.803347 0.891051 0.866406 0.567632 0.555402 0.407826 0.488230 0.427177 0.520142 0.641907 0.688804 0.475965 0.444953 0.893234 0.953517 0.702520 0.804499 0.622310 0.621649 0.904594 0.980755 0.968463 0.938815 0.906865 0.905713 0.978554 0.736730 0.790321 0.969581 0.420665 0.375422 0.804986 0.512747 0.656907 0.865191 0.924960 0.989770 0.812017 0.446821 0.800528 0.979323 0.863507 0.928124 0.772537 0.868500 0.657020 0.839201 0.624227 0.641903 0.867636 0.921509 0.476276 0.652613 0.801254 0.651505 0.914516 0.874231 0.960474 0.890716 0.903729 0.741789 0.763709 0.901221 0.919168 0.925700
0.538651 0.000000 0.885819 0.713465 0.836960 0.890703 0.818085 0.735543 0.993321 0.841930 0.779288 0.762467 0.959391 0.884226 0.989157 0.980082 0.601394 0.539258 0.585342 0.531545 0.959833 0.927871 0.953979 0.948690 0.987024 0.945703 0.945151 0.943588 0.873832 0.826590 0.931322 0.923972 0.682987 0.743159 0.898278 0.887648 0.757883 0.749449 0.857885 0.981659 0.760835 0.780076 0.738299 0.730818 0.701530 0.593294 0.713394 0.614167 0.496821 0.509498 0.658165 0.678775 0.710531 0.915584 0.696151 0.756401 0.498541 0.479977 0.569537 0.560218 0.925473 0.851666 0.806656 0.701320 0.962579 0.988274 0.842190 0.780055 0.624907 0.540731 0.721010 0.752745 0.897608 0.991711 0.861058 0.996551 0.866696 0.698360 0.887299 0.874440 0.677320 0.560094 0.854048 0.681613 0.773008 0.935836 0.981096 0.926290 0.904436 0.569229 0.800268 0.805247 0.830946 0.879865 0.834596 0.828320 0.631199 0.902390 0.656173 0.582928 0.909904 0.765483 0.576026 0.592227 0.735567 0.656658 0.948557 0.842431 0.967618 0.760379 0.976149 0.736819 0.675272 0.839069 0.874527 0.989035
0.832307 0.885819 0.000000 0.586788 0.988815 0.722434 0.575202 0.984872 0.624092 0.971541 0.924563 0.799486 0.996842 0.880288 0.978001 0.709132 0.932780 0.882286 0.842916 0.918166 0.883138 0.981299 0.888807 0.980557 0.777909 0.749134 0.799957 0.912258 0.963849 0.766713 0.945394 0.981744 0.796184 0.974197 0.679082 0.997647 0.790881 0.853051 0.964813 0.986702 0.801501 0.789850 0.947574 0.875403 0.900611 0.875296 0.976062 0.989919 0.952368 0.850657 0.867470 0.836656 0.818215 0.702996 0.960948 0.842305 0.830546 0.806617 0.901466 0.948208 0.904864 0.813907 0.979684 0.994177 0.606765 0.851250 0.633328 0.982943 0.711680 0.781433 0.993366 0.799453 0.948574 0.834859 0.837516 0.851117 0.894372 0.837154 0.833772 0.988243 0.861258 0.884057 0.881805 0.783578 0.768397 0.858040 0.970868 0.934912 0.821300 0.847400 0.657964 0.624172 0.560480 0.605551 0.893985 0.825585 0.812778 0.900932 0.866644 0.771387 0.963298 0.887176 0.804566 0.887832 0.831621 0.827616 0.872733 0.813241 0.913607 0.936265 0.985524 0.850438 0.797014 0.961612 0.976755 0.913392
0.629624 0.713465 0.586788 0.000000 0.871551 0.881969 0.633808 0.755022 0.785383 0.891391 0.763964 0.925082 0.945364 0.887698 0.932631 0.873704 0.794513 0.708931 0.560290 0.661018 0.997235 0.928999 0.782403 0.928042 0.836345 0.733817 0.846124 0.943817 0.851504 0.987843 0.850798 0.890781 0.700995 0.790618 0.727664 0.922361 0.878632 0.938287 0.988377 0.964845 0.747764 0.801285 0.834806 0.775735 0.822371 0.728998 0.773418 0.727413 0.817717 0.732245 0.846272 0.739280 0.794748 0.827071 0.815572 0.656593 0.727255 0.738648 0.843479 0.782601 0.824302 0.922944 0.772809 0.791466 0.738643 0.957173 0.656397 0.862533 0.726918 0.726632 0.813606 0.801484 0.852648 0.984174 0.918845 0.919055 0.804303 0.768009 0.939394 0.901675 0.673984 0.632682 0.828604 0.756529 0.621014 0.695868 0.961837 0.886390 0.892750 0.593492 0.520109 0.643544 0.490661 0.668955 0.882233 0.787746 0.669363 0.869129 0.675440 0.558622 0.934392 0.864143 0.559798 0.632378 0.658747 0.655371 0.979562 0.945177 0.929846 0.943959 0.869468 0.679843 0.791369 0.917779 0.893130 0.952597
0.917105 0.836960 0.988815 0.871551 0.000000 0.948818 0.909048 0.959920 0.779552 0.945157 0.960544 0.925267 0.733898 0.879475 0.747553 0.801436 0.954271 0.958688 0.880421 0.910401 0.773324 0.944038 0.671145 0.692851 0.959109 0.879904 0.834042 0.913600 0.962981 0.985518 0.917660 0.921260 0.904139 0.954068 0.931068 0.981123 0.934872 0.732194 0.944775 0.905417 0.911417 0.988599 0.732459 0.710080 0.951596 0.906840 0.743854 0.895093 0.828580 0.929842 0.874353 0.955171 0.960497 0.983319 0.924344 0.945113 0.884621 0.968732 0.810945 0.883993 0.895431 0.985778 0.958245 0.994330 0.811058 0.972901 0.917688 0.755175 0.988188 0.969692 0.902924 0.970210 0.928728 0.827381 0.917637 0.874277 0.882035 0.913819 0.825091 0.995279 0.903177 0.987137 0.794246 0.968343 0.703854 0.781079 0.853384 0.798319 0.972596 0.998386 0.850172 0.931875 0.811276 0.941801 0.963243 0.839199 0.935554 0.868974 0.995868 0.965632 0.977007 0.915008 0.992390 0.873593 0.849591 0.961222 0.972887 0.968675 0.910413 0.879504 0.974013 0.961734 0.867975 0.979836 0.961520 0.992047
0.854086 0.890703 0.722434 0.881969 0.948818 0.000000 0.987349 0.792407 0.914384 0.763638 0.868100 0.802384 0.971251 0.872128 0.872604 0.859458 0.887716 0.899361 0.918351 0.962804 0.964775 0.861831 0.943098 0.934588 0.863600 0.933658 0.995606 0.899482 0.879063 0.822293 0.948855 0.994093 0.888080 0.951021 0.860303 0.937237 0.952016 0.949585 0.939738 0.963388 0.937570 0.901712 0.989620 0.987616 0.990259 0.896970 0.832588 0.912749 0.961384 0.989404 0.958140 0.983896 0.969319 0.844097 0.942925 0.876905 0.972404 0.949327 0.879395 0.725734 0.830540 0.666697 0.857384 0.865571 0.825770 0.698705 0.924168 0.797695 0.868693 0.944081 0.899417 0.963806 0.942397 0.883394 0.984137 0.875558 0.986110 0.927602 0.913586 0.940895 0.824398 0.825023 0.911192 0.936477 0.954225 0.963705 0.927463 0.946422 0.925264 0.939776 0.951887 0.896743 0.982587 0.872157 0.974248 0.928360 0.901878 0.843773 0.896124 0.930917 0.908897 0.949624 0.872893 0.885644 0.885501 0.971955 0.886082 0.940220 0.962508 0.964708 0.969426 0.816307 0.976376 0.935374 0.835242 0.895047
0.669761 0.818085 0.575202 0.633808 0.909048 0.987349 0.000000 0.474237 0.653509 0.492677 0.602815 0.841797 0.890100 0.806965 0.666951 0.675782 0.653261 0.614896 0.667254 0.779523 0.901376 0.892872 0.968625 0.767480 0.722018 0.825549 0.854507 0.764510 0.685862 0.792032 0.897575 0.953416 0.670138 0.526062 0.848793 0.954463 0.966139 0.994898 0.902510 0.967399 0.838261 0.921042 0.923271 0.910129 0.527924 0.532000 0.908484 0.834758 0.760973 0.871583 0.951768 0.999202 0.891563 0.927847 0.935579 0.796542 0.853945 0.837411 0.770733 0.813430 0.485631 0.689823 0.638027 0.591974 0.872987 0.973122 0.595865 0.728227 0.837855 0.721503 0.886507 0.836971 0.986388 0.990243 0.756495 0.975822 0.891635 0.715088 0.831391 0.953546 0.648715 0.677520 0.999956 0.718748 0.923113 0.881488 0.814325 0.840658 0.904153 0.893613 0.503410 0.661603 0.509469 0.785180 0.814149 0.890598 0.772168 0.839236 0.516076 0.558248 0.787431 0.961436 0.627735 0.688676 0.870857 0.844828 0.906808 0.988956 0.976374 0.885452 0.885084 0.712654 0.648327 0.752192 0.827555 0.964629
0.606744 0.735543 0.984872 0.755022 0.959920 0.792407 0.474237 0.000000 0.893230 0.333563 0.410684 0.463791 0.941068 0.997822 0.611197 0.825106 0.538146 0.523364 0.651479 0.674128 0.820771 0.805089 0.775313 0.739200 0.526361 0.662046 0.712440 0.671104 0.526790 0.507715 0.979706 0.966315 0.687955 0.382644 0.978333 0.982100 0.892124 0.815563 0.911937 0.987070 0.810123 0.990588 0.918314 0.927792 0.549134 0.519214 0.810109 0.722742 0.662553 0.951237 0.896582 0.827143 0.854984 0.708290 0.789267 0.761199 0.852316 0.871240 0.701442 0.655038 0.389925 0.373955 0.439817 0.371940 0.560223 0.824256 0.769166 0.597333 0.956388 0.776794 0.935357 0.977887 0.972361 0.906637 0.781007 0.986038 0.974093 0.804881 0.895263 0.902203 0.562714 0.593661 0.923428 0.702453 0.970381 0.875166 0.720024 0.831802 0.892620 0.777115 0.727755 0.984800 0.837754 0.833377 0.798067 0.958083 0.787425 0.863776 0.504880 0.642810 0.663865 0.933874 0.574285 0.656024 0.996347 0.875761 0.843721 0.827666 0.884318 0.887757 0.830567 0.705193 0.741078 0.701547 0.812880 0.820247
0.907352 0.993321 0.624092 0.785383 0.779552 0.914384 0.653509 0.893230 0.000000 0.866482 0.961735 0.909989 0.897201 0.977470 0.982657 0.940127 0.992650 0.995100 0.966972 0.969734 0.983896 0.886263 0.831837 0.921643 0.985581 0.997521 0.903374 0.972875 0.912932 0.932070 0.973595 0.920835 0.888924 0.997664 0.816990 0.821396 0.919691 0.935061 0.923133 0.944746 0.932624 0.951201 0.879848 0.930353 0.870177 0.911262 0.917085 0.839470 0.958835 0.982640 0.889920 0.904024 0.856220 0.697677 0.910110 0.961614 0.952499 0.925854 0.940236 0.931826 0.823708 0.992173 0.957614 0.968560 0.744939 0.947989 0.746490 0.987487 0.954060 0.923738 0.961180 0.890501 0.946371 0.978985 0.892350 0.971324 0.783098 0.999531 0.915630 0.874136 0.989703 0.937394 0.955401 0.931268 0.913697 0.927098 0.930609 0.893657 0.977541 0.931648 0.641293 0.618442 0.648987 0.650026 0.903730 0.913400 0.803673 0.984383 0.857066 0.817005 0.912715 0.832320 0.946379 0.922201 0.876255 0.974663 0.937963 0.870512 0.894347 0.976973 0.954436 0.849846 0.868480 0.858568 0.842494 0.997420
0.705756 0.841930 0.971541 0.891391 0.945157 0.763638 0.492677 0.333563 0.866482 0.000000 0.530186 0.573186 0.870932 0.925027 0.569144 0.810518 0.616577 0.576500 0.736627 0.818748 0.875096 0.922963 0.733236 0.657754 0.419928 0.528645 0.697909 0.642545 0.610695 0.567438 0.964307 0.969750 0.767789 0.494751 0.985313 0.953847 0.889975 0.771661 0.833969 0.911033 0.874713 0.980695 0.962915 0.963347 0.547423 0.571017 0.835684 0.789547 0.691946 0.994336 0.902004 0.799447 0.887481 0.747931 0.871760 0.778252 0.947379 0.878194 0.688126 0.677088 0.437884 0.443352 0.541052 0.462764 0.504476 0.898558 0.769803 0.655893 0.946886 0.742705 0.932824 0.979373 0.931756 0.944971 0.746556 0.994670 0.960933 0.875152 0.846043 0.815639 0.626674 0.708444 0.806948 0.797348 0.867370 0.710693 0.724444 0.786492 0.800635 0.881154 0.779068 0.981831 0.880062 0.834563 0.817136 0.987363 0.867816 0.880839 0.550691 0.688894 0.696403 0.886746 0.651157 0.726372 0.984069 0.854974 0.943199 0.898281 0.949039 0.867758 0.929443 0.753112 0.787854 0.662690 0.821178 0.918628
0.541659 0.779288 0.924563 0.763964 0.960544 0.868100 0.602815 0.410684 0.961735 0.530186 0.000000 0.503511 0.951173 0.915882 0.664141 0.780848 0.475640 0.504523 0.706514 0.638720 0.932929 0.689843 0.744214 0.709476 0.771602 0.814263 0.865589 0.828471 0.568341 0.573204 0.966114 0.971773 0.649856 0.416341 0.845358 0.944299 0.928366 0.946048 0.951853 0.962681 0.721721 0.865856 0.990661 0.973116 0.733659 0.669236 0.818043 0.815378 0.743134 0.981349 0.841093 0.830937 0.784633 0.657362 0.751497 0.723602 0.750918 0.834646 0.644903 0.675952 0.457184 0.469100 0.398954 0.372345 0.701617 0.860232 0.713484 0.676622 0.983317 0.734391 0.953606 0.916758 0.979485 0.983046 0.877952 0.919768 0.897660 0.919738 0.860389 0.986432 0.513455 0.535788 0.949507 0.614267 0.925634 0.997104 0.825415 0.827785 0.990935 0.681111 0.821078 0.842868 0.915881 0.771914 0.710252 0.944630 0.838940 0.885992 0.668186 0.750280 0.748458 0.917885 0.545538 0.742139 0.983562 0.814852 0.727692 0.818191 0.804098 0.842536 0.930578 0.787240 0.824151 0.882682 0.903432 0.859081
0.671641 0.762467 0.799486 0.925082 0.925267 0.802384 0.841797 0.463791 0.909989 0.573186 0.503511 0.000000 0.720551 0.680231 0.935733 0.832835 0.589880 0.597720 0.666124 0.656789 0.858646 0.780549 0.844717 0.951048 0.666987 0.641762 0.872325 0.805658 0.587847 0.512706 0.826177 0.973377 0.835410 0.521645 0.970013 0.975387 0.864601 0.750380 0.945067 0.967286 0.804359 0.950979 0.938552 0.997314 0.822007 0.737331 0.739015 0.833517 0.802022 0.900063 0.819383 0.746995 0.681208 0.544027 0.675141 0.731599 0.811629 0.934272 0.820999 0.803888 0.515120 0.428405 0.437652 0.459435 0.664128 0.694782 0.979308 0.810350 0.929425 0.814434 0.960831 0.778260 0.948357 0.935008 0.857410 0.923887 0.938146 0.909758 0.991785 0.902941 0.580232 0.563075 0.940587 0.708454 0.858400 0.849689 0.826092 0.961616 0.909393 0.747888 0.890169 0.682157 0.852621 0.562364 0.768291 0.940651 0.862112 0.976414 0.825080 0.961590 0.775986 0.838731 0.740716 0.833082 0.915717 0.950064 0.686059 0.850832 0.817575 0.952914 0.856747 0.868060 0.914545 0.906709 0.882682 0.797967
0.983463 0.959391 0.996842 0.945364 0.733898 0.971251 0.890100 0.941068 0.897201 0.870932 0.951173 0.720551 0.000000 0.492774 0.547916 0.520676 0.934090 0.931368 0.930424 0.990154 0.802665 0.977152 0.705714 0.608897 0.994224 0.900216 0.701143 0.819910 0.960861 0.969474 0.794896 0.950888 0.891852 0.965490 0.879394 0.861054 0.860363 0.854988 0.882481 0.921184 0.868025 0.958658 0.881467 0.837180 0.763413 0.828418 0.980214 0.868235 0.818445 0.762205 0.827893 0.826027 0.810188 0.874054 0.738181 0.843132 0.924323 0.858673 0.682470 0.674849 0.868950 0.987481 0.854583 0.987189 0.756584 0.885442 0.850467 0.628864 0.934949 0.920596 0.879944 0.844823 0.988941 0.986318 0.959598 0.889515 0.972320 0.947896 0.814055 0.861822 0.933297 0.920745 0.724586 0.859556 0.539491 0.500444 0.899299 0.660648 0.738016 0.985457 0.851344 0.851020 0.978456 0.832172 0.877387 0.967274 0.932789 0.954455 0.821566 0.762894 0.767333 0.850200 0.961496 0.897433 0.978573 0.869462 0.816575 0.948037 0.995672 0.863891 0.811087 0.905325 0.837798 0.971978 0.965019 0.842580
0.988238 0.884226 0.880288 0.887698 0.879475 0.872128 0.806965 0.997822 0.977470 0.925027 0.915882 0.680231 0.492774 0.000000 0.545633 0.485146 0.947839 0.948023 0.741859 0.794135 0.923569 0.995625 0.695005 0.559055 0.968386 0.987906 0.675439 0.861178 0.817513 0.780751 0.976530 0.754939 0.998209 0.996269 0.890099 0.984122 0.759956 0.864336 0.953960 0.907840 0.906126 0.892334 0.896390 0.947124 0.964877 0.974277 0.851592 0.882160 0.963898 0.987986 0.989196 0.980452 0.990003 0.966762 0.857586 0.807815 0.944686 0.905244 0.770487 0.880556 0.995655 0.965910 0.832960 0.966175 0.864528 0.842266 0.888630 0.871363 0.974995 0.966105 0.900444 0.987191 0.838634 0.841751 0.931539 0.963413 0.851294 0.991834 0.935699 0.944595 0.867998 0.880716 0.781929 0.914289 0.639120 0.553283 0.965741 0.650423 0.891934 0.855158 0.890079 0.908910 0.961620 0.842201 0.928458 0.940165 0.998009 0.829520 0.960639 0.955576 0.999813 0.950951 0.982894 0.925245 0.992806 0.979599 0.792600 0.986619 0.961700 0.885958 0.810677 0.927962 0.968943 0.965795 0.941082 0.865568
0.902213 0.989157 0.978001 0.932631 0.747553 0.872604 0.666951 0.611197 0.982657 0.569144 0.664141 0.935733 0.547916 0.545633 0.000000 0.473344 0.769370 0.838409 0.890158 0.903045 0.955652 0.903963 0.504696 0.463783 0.737474 0.831953 0.562775 0.791028 0.863335 0.815420 0.961210 0.893123 0.879988 0.707295 0.925086 0.949687 0.951701 0.973328 0.887298 0.894299 0.969038 0.939288 0.869516 0.829791 0.643216 0.675979 0.902998 0.906694 0.770783 0.957863 0.982374 0.856118 0.819344 0.822390 0.979366 0.988340 0.999115 0.992866 0.682465 0.713713 0.709466 0.618947 0.855742 0.746794 0.570539 0.868155 0.755802 0.509435 0.770310 0.895044 0.912697 0.877883 0.923343 0.938902 0.898276 0.875593 0.938609 0.891450 0.814242 0.981221 0.881234 0.985961 0.630815 0.985812 0.539293 0.556464 0.769983 0.651790 0.765176 0.940588 0.887520 0.946204 0.991559 0.937780 0.945254 0.990071 0.945339 0.800346 0.789433 0.786690 0.731108 0.972644 0.880261 0.893540 0.888454 0.999280 0.990211 0.942965 0.951763 0.852270 0.995951 0.915039 0.857109 0.770155 0.829583 0.983430
0.867431 0.980082 0.709132 0.873704 0.801436 0.859458 0.675782 0.825106 0.940127 0.810518 0.780848 0.832835 0.520676 0.485146 0.473344 0.000000 0.864444 0.873410 0.946591 0.939513 0.912773 0.948122 0.552109 0.464042 0.963296 0.952851 0.720332 0.895285 0.975747 0.896279 0.965706 0.797410 0.968510 0.874364 0.910623 0.991744 0.891084 0.915141 0.948342 0.898825 0.976475 0.856429 0.919617 0.838387 0.776305 0.792633 0.973058 0.930833 0.810082 0.946387 0.997627 0.966837 0.930836 0.964014 0.949693 0.947400 0.923897 0.918194 0.682042 0.841742 0.911065 0.932820 0.969154 0.873087 0.850036 0.875210 0.764035 0.758464 0.985465 0.882696 0.894042 0.929696 0.807158 0.814326 0.940246 0.968741 0.978825 0.974481 0.868618 0.983464 0.896863 0.981349 0.698248 0.990338 0.674765 0.649980 0.833336 0.555397 0.924888 0.916017 0.830010 0.911124 0.833708 0.868394 0.963819 0.969465 0.928810 0.824297 0.804560 0.779122 0.847285 0.962359 0.866120 0.863997 0.965890 0.844817 0.900512 0.991994 0.993168 0.945061 0.904452 0.925768 0.973285 0.964115 0.876567 0.935936
0.488599 0.601394 0.932780 0.794513 0.954271 0.887716 0.653261 0.538146 0.992650 0.616577 0.475640 0.589880 0.934090 0.947839 0.769370 0.864444 0.000000 0.427386 0.639001 0.566990 0.966157 0.853910 0.813797 0.755952 0.813551 0.893274 0.858782 0.858065 0.652986 0.688097 0.984026 0.992867 0.650905 0.545655 0.835055 0.961624 0.823295 0.932822 0.814492 0.947967 0.715490 0.862035 0.953994 0.928654 0.769397 0.716507 0.771681 0.736635 0.697913 0.807152 0.909382 0.924214 0.987892 0.830720 0.653645 0.678427 0.558671 0.585617 0.500675 0.538910 0.574138 0.568334 0.496739 0.422555 0.791919 0.827067 0.714156 0.708683 0.791334 0.673174 0.875776 0.940324 0.907726 0.997952 0.809770 0.911982 0.987395 0.801289 0.867164 0.923436 0.494316 0.503237 0.967218 0.632907 0.851844 0.962766 0.910959 0.989354 0.828186 0.637311 0.867504 0.916030 0.923444 0.896589 0.744384 0.848819 0.739422 0.904413 0.601414 0.689795 0.796418 0.945197 0.542245 0.645995 0.855295 0.692341 0.917172 0.928686 0.974345 0.787257 0.953881 0.794230 0.787582 0.842978 0.965501 0.982102
0.372086 0.539258 0.882286 0.708931 0.958688 0.899361 0.614896 0.523364 0.995100 0.576500 0.504523 0.597720 0.931368 0.948023 0.838409 0.873410 0.427386 0.000000 0.569635 0.499547 0.960908 0.905820 0.814037 0.736467 0.806810 0.880324 0.938035 0.857858 0.628723 0.608259 0.964623 0.984374 0.566040 0.499784 0.851978 0.905441 0.723104 0.861621 0.929075 0.878387 0.718072 0.735673 0.770131 0.821387 0.644638 0.543750 0.573408 0.555391 0.528727 0.668360 0.791522 0.839431 0.885267 0.883846 0.631744 0.576869 0.429417 0.513776 0.420018 0.509556 0.609789 0.630852 0.450625 0.397604 0.736662 0.982138 0.658379 0.720083 0.699856 0.534566 0.896939 0.991048 0.994121 0.933489 0.827952 0.925055 0.961163 0.779536 0.797333 0.974902 0.346704 0.378093 0.825738 0.462586 0.755576 0.989941 0.891119 0.957681 0.870171 0.532781 0.847606 0.950401 0.883472 0.874477 0.726613 0.832150 0.740721 0.833332 0.550869 0.648071 0.813451 0.964781 0.445202 0.595938 0.835906 0.639249 0.951029 0.955883 0.921901 0.804972 0.929457 0.699974 0.715671 0.839622 0.989964 0.919697
0.535500 0.585342 0.842916 0.560290 0.880421 0.918351 0.667254 0.651479 0.966972 0.736627 0.706514 0.666124 0.930424 0.741859 0.890158 0.946591 0.639001 0.569635 0.000000 0.489742 0.846057 0.793185 0.762451 0.885405 0.915036 0.913245 0.990484 0.861092 0.690531 0.745839 0.828636 0.627702 0.680687 0.621579 0.787292 0.883413 0.983364 0.975791 0.799477 0.858274 0.747396 0.814832 0.883804 0.899068 0.682711 0.605518 0.744329 0.659779 0.644881 0.661060 0.838750 0.792276 0.739788 0.925120 0.720494 0.673910 0.649637 0.694073 0.792804 0.724187 0.736016 0.815120 0.598065 0.604359 0.976526 0.971742 0.884498 0.896241 0.731530 0.659078 0.681950 0.766311 0.781879 0.810467 0.927313 0.953606 0.854985 0.730216 0.928218 0.855742 0.634399 0.519635 0.767628 0.773017 0.600634 0.836714 0.975455 0.828643 0.988450 0.640608 0.678340 0.796888 0.644903 0.922775 0.723620 0.926665 0.771446 0.958091 0.604501 0.528991 0.855902 0.998723 0.592782 0.657822 0.761687 0.618327 0.945267 0.894036 0.983361 0.938378 0.845890 0.731132 0.698301 0.942335 0.962448 0.839262
0.496108 0.531545 0.918166 0.661018 0.910401 0.962804 0.779523 0.674128 0.969734 0.818748 0.638720 0.656789 0.990154 0.794135 0.903045 0.939513 0.566990 0.499547 0.489742 0.000000 0.973540 0.796768 0.886766 0.946225 0.950147 0.985594 0.951519 0.812440 0.617034 0.683882 0.769825 0.789942 0.621681 0.643089 0.839300 0.922729 0.827343 0.849936 0.956666 0.969632 0.679218 0.887290 0.866139 0.934166 0.772209 0.659818 0.692715 0.671409 0.631560 0.598997 0.758128 0.703624 0.769444 0.982810 0.808193 0.717757 0.552508 0.604711 0.639340 0.563559 0.802942 0.751664 0.603103 0.587656 0.936214 0.920456 0.832336 0.791645 0.756835 0.701547 0.727573 0.826708 0.766174 0.805925 0.922624 0.981912 0.936511 0.862497 0.791286 0.790246 0.615202 0.503214 0.731591 0.696810 0.683803 0.821029 0.939801 0.894826 0.922275 0.535157 0.814401 0.936446 0.841557 0.974762 0.821089 0.909850 0.782927 0.876131 0.632516 0.658654 0.750370 0.966317 0.602686 0.624670 0.826159 0.691038 0.938086 0.982961 0.902039 0.864487 0.920662 0.704509 0.727710 0.902561 0.914946 0.839831
0.945035 0.959833 0.883138 0.997235 0.773324 0.964775 0.901376 0.820771 0.983896 0.875096 0.932929 0.858646 0.802665 0.923569 0.955652 0.912773 0.966157 0.960908 0.846057 0.973540 0.000000 0.900325 0.816169 0.791080 0.822921 0.731030 0.951238 0.792977 0.930347 0.812761 0.992103 0.857147 0.905349 0.936505 0.896345 0.963359 0.837085 0.805848 0.859585 0.927130 0.954602 0.871171 0.797522 0.878481 0.814515 0.914078 0.823902 0.998176 0.931393 0.974079 0.828368 0.830026 0.979447 0.943748 0.848494 0.960418 0.810286 0.854662 0.791604 0.893489 0.893600 0.912125 0.909928 0.876536 0.870989 0.871859 0.836855 0.886005 0.932918 0.932153 0.930711 0.954032 0.943207 0.735902 0.994397 0.882601 0.959394 0.964302 0.802765 0.858484 0.960118 0.984767 0.873030 0.967487 0.871038 0.926779 0.999650 0.906881 0.844400 0.874167 0.911568 0.982516 0.872167 0.935966 0.856076 0.792533 0.989733 0.998400 0.830371 0.977690 0.967999 0.965109 0.974597 0.993783 0.906170 0.999547 0.891497 0.927951 0.994440 0.888281 0.949600 0.889113 0.996265 0.994458 0.893520 0.810077
0.895521 0.927871 0.981299 0.928999 0.944038 0.861831 0.892872 0.805089 0.886263 0.922963 0.689843 0.780549 0.977152 0.995625 0.903963 0.948122 0.853910 0.905820 0.793185 0.796768 0.900325 0.000000 0.980253 0.994906 0.991049 0.935084 0.944495 0.743253 0.669869 0.740855 0.874899 0.712025 0.972230 0.746642 0.965694 0.884871 0.827295 0.839592 0.975064 0.885743 0.872191 0.950443 0.945449 0.976903 0.832750 0.913507 0.995067 0.983394 0.990364 0.966529 0.885787 0.914657 0.944865 0.875327 0.973364 0.987231 0.989337 0.926213 0.951996 0.998156 0.838857 0.858956 0.723926 0.781865 0.840367 0.970356 0.979223 0.895886 0.903349 0.990526 0.981995 0.989582 0.827081 0.778687 0.970298 0.882469 0.949279 0.964006 0.950815 0.748754 0.957235 0.859977 0.850052 0.985597 0.927763 0.988689 0.943165 0.964354 0.933463 0.993233 0.956524 0.953029 0.950588 0.927806 0.826431 0.856949 0.998259 0.893003 0.957752 0.895890 0.822779 0.939618 0.956059 0.913708 0.867955 0.977294 0.791014 0.732377 0.993766 0.958923 0.834112 0.977418 0.919773 0.923255 0.884206 0.895635
0.861484 0.953979 0.888807 0.782403 0.671145 0.943098 0.968625 0.775313 0.831837 0.733236 0.744214 0.844717 0.705714 0.695005 0.504696 0.552109 0.813797 0.814037 0.762451 0.886766 0.816169 0.980253 0.000000 0.374319 0.776764 0.833317 0.687443 0.954414 0.948066 0.914677 0.745012 0.616415 0.969705 0.845436 0.866835 0.960322 0.927780 0.988800 0.869284 0.746048 0.968196 0.997131 0.884583 0.875336 0.953973 0.916582 0.806003 0.926313 0.847735 0.828563 0.843494 0.719423 0.612109 0.550995 0.897603 0.876260 0.928607 0.956964 0.618516 0.799994 0.835091 0.706804 0.841479 0.762230 0.579517 0.902440 0.921252 0.745812 0.855895 0.965412 0.713052 0.723576 0.658898 0.659806 0.929078 0.965111 0.906819 0.870928 0.850397 0.873099 0.794736 0.923165 0.659936 0.905229 0.596940 0.705680 0.700882 0.579641 0.955246 0.920797 0.730980 0.600431 0.692258 0.660901 0.986353 0.996639 0.970394 0.786795 0.999374 0.901796 0.813908 0.776784 0.938890 0.945948 0.741130 0.951878 0.909788 0.894688 0.913983 0.984588 0.917034 0.944233 0.922946 0.947569 0.887145 0.967277
0.779324 0.948690 0.980557 0.928042 0.692851 0.934588 0.767480 0.739200 0.921643 0.657754 0.709476 0.951048 0.608897 0.559055 0.463783 0.464042 0.755952 0.736467 0.885405 0.946225 0.791080 0.994906 0.374319 0.000000 0.738549 0.856949 0.641472 0.904734 0.926800 0.943147 0.835276 0.637959 0.960109 0.764187 0.956805 0.987717 0.859404 0.950616 0.982461 0.804070 0.938263 0.945258 0.935476 0.937864 0.815362 0.814497 0.829772 0.870648 0.761480 0.972580 0.956757 0.828226 0.801122 0.723937 0.966145 0.933285 0.882355 0.847682 0.549530 0.774084 0.815827 0.776405 0.796082 0.698107 0.604523 0.885126 0.793373 0.748713 0.980394 0.802759 0.849535 0.871302 0.684286 0.671058 0.883760 0.996961 0.915986 0.982463 0.817365 0.917895 0.757393 0.868759 0.748613 0.837876 0.619126 0.585953 0.770927 0.576619 0.957862 0.956583 0.982320 0.811770 0.900533 0.868160 0.993703 0.974783 0.987170 0.806577 0.826297 0.915806 0.832134 0.934499 0.817103 0.841398 0.857936 0.912842 0.971343 0.916626 0.972277 0.928057 0.800514 0.909715 0.964855 0.912494 0.839340 0.954576
0.925798 0.987024 0.777909 0.836345 0.959109 0.863600 0.722018 0.526361 0.985581 0.419928 0.771602 0.666987 0.994224 0.968386 0.737474 0.963296 0.813551 0.806810 0.915036 0.950147 0.822921 0.991049 0.776764 0.738549 0.000000 0.406102 0.663291 0.624317 0.709636 0.657397 0.874304 0.944117 0.954726 0.667247 0.877343 0.865361 0.816486 0.732246 0.831279 0.988180 0.973448 0.909277 0.817032 0.756958 0.746602 0.806346 0.995865 0.916056 0.872011 0.871152 0.814702 0.703497 0.820510 0.738947 0.970409 0.986125 0.832618 0.950818 0.904278 0.861132 0.552037 0.541819 0.700071 0.612610 0.492736 0.957895 0.939268 0.855974 0.903090 0.944082 0.948543 0.966743 0.936754 0.940038 0.815927 0.959690 0.923782 0.938950 0.997895 0.753906 0.826436 0.864579 0.771010 0.931772 0.809777 0.715713 0.789546 0.802279 0.741656 0.864655 0.969566 0.839153 0.929952 0.717220 0.993690 0.871284 0.991097 0.982463 0.723579 0.953115 0.852331 0.861799 0.883766 0.888826 0.857366 0.964410 0.953544 0.818883 0.907325 0.977608 0.953856 0.967487 0.944781 0.712712 0.723242 0.806670
0.995907 0.945703 0.749134 0.733817 0.879904 0.933658 0.825549 0.662046 0.997521 0.528645 0.814263 0.641762 0.900216 0.987906 0.831953 0.952851 0.893274 0.880324 0.913245 0.985594 0.731030 0.935084 0.833317 0.856949 0.406102 0.000000 0.710246 0.666309 0.811602 0.683516 0.706291 0.941110 0.981746 0.776345 0.858523 0.853457 0.821005 0.677207 0.840857 0.978101 0.981850 0.966048 0.766693 0.749525 0.793159 0.887998 0.990392 0.987370 0.921823 0.796232 0.735782 0.641956 0.808033 0.695929 0.918306 0.969858 0.847865 0.890666 0.995995 0.973316 0.674638 0.701909 0.747466 0.710387 0.554069 0.945153 0.795924 0.962868 0.940584 0.889414 0.891606 0.955081 0.870940 0.982465 0.912063 0.969532 0.968233 0.850846 0.997187 0.727546 0.906190 0.910955 0.889982 0.967186 0.914366 0.764742 0.869930 0.877788 0.782119 0.889568 0.933054 0.811919 0.903593 0.676737 0.979515 0.875893 0.999375 0.982281 0.870905 0.975090 0.921531 0.743441 0.969865 0.956264 0.873471 0.940364 0.851548 0.876141 0.941506 0.982719 0.990726 0.972561 0.993331 0.808080 0.800056 0.855507
0.934700 0.945151 0.799957 0.846124 0.834042 0.995606 0.854507 0.712440 0.903374 0.697909 0.865589 0.872325 0.701143 0.675439 0.562775 0.720332 0.858782 0.938035 0.990484 0.951519 0.951238 0.944495 0.687443 0.641472 0.663291 0.710246 0.000000 0.687912 0.981436 0.880108 0.943640 0.949752 0.999992 0.748352 0.918667 0.980017 0.920370 0.987154 0.984517 0.952494 0.957918 0.963067 0.931665 0.968439 0.742887 0.791934 0.938183 0.844216 0.806129 0.945919 0.948696 0.858725 0.871909 0.844451 0.997057 0.876403 0.998435 0.988172 0.836589 0.801145 0.875407 0.769137 0.978707 0.843361 0.628235 0.985084 0.845136 0.731131 0.918753 0.924626 0.998326 0.987970 0.957491 0.903246 0.944530 0.849143 0.879553 0.884688 0.977515 0.976364 0.983443 0.984961 0.688666 0.900626 0.680349 0.642486 0.916378 0.691540 0.869617 0.931715 0.979045 0.931911 0.946481 0.858172 0.900436 0.895101 0.926363 0.887283 0.835286 0.871771 0.779098 0.994203 0.950267 0.954889 0.807628 0.981424 0.872955 0.953316 0.935342 0.976783 0.951623 0.955263 0.949381 0.747356 0.801133 0.918031
0.964801 0.943588 0.912258 0.943817 0.913600 0.899482 0.764510 0.671104 0.972875 0.642545 0.828471 0.805658 0.819910 0.861178 0.791028 0.895285 0.858065 0.857858 0.861092 0.812440 0.792977 0.743253 0.954414 0.904734 0.624317 0.666309 0.687912 0.000000 0.798042 0.774567 0.937008 0.905782 0.965493 0.750400 0.922026 0.994534 0.805589 0.730033 0.866748 0.937463 0.955268 0.991283 0.987827 0.961155 0.673937 0.738741 0.940121 0.993395 0.825007 0.918737 0.979816 0.956490 0.971908 0.986749 0.881430 0.906660 0.839507 0.996233 0.929732 0.795822 0.768073 0.719665 0.889260 0.790446 0.686699 0.976262 0.977323 0.739225 0.796732 0.910877 0.973954 0.863246 0.896617 0.765603 0.905892 0.909262 0.998919 0.948646 0.978823 0.982073 0.996261 0.958342 0.931080 0.966819 0.792737 0.734571 0.949082 0.860687 0.747074 0.886886 0.921927 0.953537 0.989431 0.933798 0.902023 0.879004 0.799530 0.891385 0.752681 0.812568 0.744734 0.969110 0.973144 0.942488 0.870434 0.999581 0.830878 0.724687 0.985335 0.906022 0.995429 0.872272 0.810622 0.844507 0.776017 0.873126
0.724860 0.873832 0.963849 0.851504 0.962981 0.879063 0.685862 0.526790 0.912932 0.610695 0.568341 0.587847 0.960861 0.817513 0.863335 0.975747 0.652986 0.628723 0.690531 0.617034 0.930347 0.669869 0.948066 0.926800 0.709636 0.811602 0.981436 0.798042 0.000000 0.416554 0.808099 0.750265 0.725209 0.493448 0.967902 0.805587 0.817398 0.864984 0.853591 0.790069 0.869025 0.973895 0.900643 0.999761 0.701011 0.707102 0.801794 0.773096 0.799540 0.958265 0.943595 0.916573 0.951195 0.805664 0.899749 0.840437 0.893826 0.970187 0.866118 0.800731 0.597043 0.569467 0.513612 0.570390 0.663246 0.879705 0.777323 0.719672 0.896817 0.896497 0.874061 0.959021 0.866820 0.748827 0.760750 0.912787 0.939587 0.845113 0.899199 0.963878 0.671495 0.684846 0.963080 0.798485 0.945480 0.982424 0.834353 0.991730 0.910193 0.885269 0.876909 0.894813 0.982079 0.822036 0.706750 0.880464 0.925010 0.980362 0.664096 0.781802 0.678609 0.869712 0.724168 0.708334 0.926064 0.901058 0.859441 0.686606 0.971985 0.839890 0.757421 0.797063 0.756142 0.809923 0.896933 0.864027
0.769971 0.826590 0.766713 0.987843 0.985518 0.822293 0.792032 0.507715 0.932070 0.567438 0.573204 0.512706 0.969474 0.780751 0.815420 0.896279 0.688097 0.608259 0.745839 0.683882 0.812761 0.740855 0.914677 0.943147 0.657397 0.683516 0.880108 0.774567 0.416554 0.000000 0.834657 0.775694 0.696651 0.478697 0.998094 0.872137 0.824446 0.879515 0.887904 0.922285 0.876986 0.978632 0.885315 0.976017 0.619513 0.635912 0.820266 0.745612 0.682560 0.916788 0.994019 0.899645 0.934543 0.763869 0.851121 0.818654 0.859816 0.990848 0.847615 0.750966 0.648443 0.533388 0.524316 0.531950 0.498507 0.888314 0.893513 0.678197 0.853358 0.884453 0.906629 0.986466 0.841039 0.736168 0.905627 0.924406 0.992236 0.859452 0.963366 0.940585 0.692423 0.703276 0.890289 0.822785 0.978700 0.915259 0.906270 0.960938 0.854935 0.918667 0.979176 0.814626 0.930602 0.713614 0.759861 0.978251 0.937004 0.945986 0.692167 0.798823 0.690862 0.930520 0.772328 0.747308 0.988342 0.907228 0.822520 0.798587 0.924693 0.878015 0.832569 0.849105 0.800476 0.863772 0.897471 0.880608
0.948688 0.931322 0.945394 0.850798 0.917660 0.948855 0.897575 0.979706 0.973595 0.964307 0.966114 0.826177 0.794896 0.976530 0.961210 0.965706 0.984026 0.964623 0.828636 0.769825 0.992103 0.874899 0.745012 0.835276 0.874304 0.706291 0.943640 0.937008 0.808099 0.834657 0.000000 0.572234 0.810511 0.881215 0.932080 0.769179 0.948499 0.702919 0.892170 0.801033 0.953435 0.943288 0.873736 0.862900 0.820801 0.807403 0.998709 0.887881 0.892112 0.676165 0.663169 0.582047 0.634979 0.575457 0.712375 0.891196 0.950290 0.933953 0.998715 0.775274 0.959017 0.989922 0.982118 0.979504 0.983341 0.969819 0.794035 0.686768 0.907252 0.914649 0.646375 0.757706 0.647953 0.655425 0.869180 0.759747 0.992068 0.843920 0.819361 0.743474 0.985379 0.985264 0.951018 0.919578 0.954704 0.958065 0.992416 0.965551 0.750537 0.914367 0.719471 0.731532 0.800076 0.707705 0.927826 0.915382 0.933960 0.877494 0.757591 0.697140 0.844033 0.847759 0.909287 0.790054 0.852699 0.916278 0.789058 0.918899 0.994411 0.955577 0.873465 0.927402 0.804289 0.965407 0.925872 0.955615
0.998172 0.923972 0.981744 0.890781 0.921260 0.994093 0.953416 0.966315 0.920835 0.969750 0.971773 0.973377 0.950888 0.754939 0.893123 0.797410 0.992867 0.984374 0.627702 0.789942 0.857147 0.712025 0.616415 0.637959 0.944117 0.941110 0.949752 0.905782 0.750265 0.775694 0.572234 0.000000 0.825385 0.927121 0.899231 0.699745 0.798237 0.996299 0.811003 0.690501 0.944114 0.974388 0.850452 0.868795 0.714917 0.782052 0.999658 0.765738 0.838848 0.711645 0.801260 0.753355 0.650527 0.705354 0.932310 0.914101 0.995215 0.930010 0.812250 0.958684 0.914241 0.934121 0.980565 0.963096 0.990788 0.962013 0.923470 0.857018 0.936115 0.932085 0.622657 0.731883 0.650533 0.567250 0.984982 0.902860 0.829749 0.824087 0.961176 0.683276 0.919854 0.999860 0.859500 0.830874 0.873724 0.988393 0.887762 0.786178 0.745479 0.959524 0.772190 0.770574 0.820315 0.813744 0.897667 0.909376 0.972387 0.801217 0.811556 0.701837 0.839939 0.909196 0.929985 0.885845 0.874122 0.916219 0.984528 0.976019 0.900637 0.973197 0.813761 0.978595 0.750156 0.987542 0.903094 0.945504
0.531688 0.682987 0.796184 0.700995 0.904139 0.888080 0.670138 0.687955 0.888924 0.767789 0.649856 0.835410 0.891852 0.998209 0.879988 0.968510 0.650905 0.566040 0.680687 0.621681 0.905349 0.972230 0.969705 0.960109 0.954726 0.981746 0.999992 0.965493 0.725209 0.696651 0.810511 0.825385 0.000000 0.621665 0.874440 0.912711 0.785931 0.782814 0.924916 0.908729 0.803640 0.843615 0.884990 0.836577 0.779987 0.681504 0.679718 0.678315 0.732288 0.732049 0.819594 0.802651 0.857993 0.944215 0.798643 0.808568 0.588155 0.724989 0.657151 0.631709 0.726670 0.762186 0.676037 0.661985 0.907078 0.902272 0.650024 0.714067 0.785971 0.754268 0.889673 0.915206 0.841025 0.884941 0.924658 0.972471 0.899468 0.763838 0.771139 0.911281 0.609123 0.587535 0.842738 0.681599 0.807012 0.935979 0.912939 0.942308 0.997843 0.666411 0.674997 0.881697 0.814268 0.953152 0.946261 0.801273 0.659461 0.932517 0.709173 0.677174 0.824883 0.993157 0.665180 0.705438 0.772738 0.754914 0.898542 0.874583 0.843036 0.723925 0.930162 0.719374 0.633129 0.859233 0.892892 0.997099
0.553034 0.743159 0.974197 0.790618 0.954068 0.951021 0.526062 0.382644 0.997664 0.494751 0.416341 0.521645 0.965490 0.996269 0.707295 0.874364 0.545655 0.499784 0.621579 0.643089 0.936505 0.746642 0.845436 0.764187 0.667247 0.776345 0.748352 0.750400 0.493448 0.478697 0.881215 0.927121 0.621665 0.000000 0.883576 0.887115 0.983025 0.988806 0.942080 0.953779 0.768952 0.917894 0.842267 0.925720 0.607065 0.568655 0.821751 0.699802 0.679412 0.935872 0.925446 0.876755 0.875720 0.758476 0.751686 0.770775 0.769978 0.898868 0.717517 0.707040 0.454638 0.474708 0.422527 0.405542 0.629502 0.889966 0.730757 0.643159 0.949995 0.769913 0.968356 0.985061 0.938630 0.956982 0.886733 0.952183 0.958311 0.761523 0.932357 0.990865 0.540386 0.546846 0.959613 0.688873 0.932978 0.943536 0.877617 0.904271 0.929476 0.771686 0.761258 0.958389 0.853916 0.829997 0.699606 0.924873 0.893399 0.919524 0.581962 0.622228 0.711938 0.935890 0.584159 0.669674 0.988400 0.786792 0.881862 0.887150 0.894135 0.829066 0.804037 0.696223 0.738691 0.745848 0.846613 0.791562
0.796890 0.898278 0.679082 0.727664 0.931068 0.860303 0.848793 0.978333 0.816990 0.985313 0.845358 0.970013 0.879394 0.890099 0.925086 0.910623 0.835055 0.851978 0.787292 0.839300 0.896345 0.965694 0.866835 0.956805 0.877343 0.858523 0.918667 0.922026 0.967902 0.998094 0.932080 0.899231 0.874440 0.883576 0.000000 0.966651 0.963652 0.943189 0.901246 0.916914 0.675782 0.848813 0.987494 0.965993 0.933089 0.895280 0.969365 0.908975 0.908775 0.877650 0.884222 0.864698 0.938481 0.868237 0.973755 0.822882 0.841312 0.881988 0.938293 0.975641 0.913011 0.944169 0.818510 0.859601 0.737928 0.995785 0.787056 0.995495 0.828529 0.876938 0.948726 0.889638 0.922834 0.976581 0.968774 0.820446 0.917708 0.917444 0.984123 0.916640 0.805881 0.878757 0.873579 0.825734 0.779352 0.789993 0.888153 0.986558 0.987139 0.774059 0.894481 0.881974 0.793124 0.892732 0.899345 0.949980 0.940761 0.950547 0.864180 0.797872 0.923902 0.905537 0.852656 0.928582 0.847435 0.745680 0.920203 0.832176 0.938582 0.887032 0.996758 0.972411 0.990774 0.916783 0.935663 0.919410
0.980177 0.887648 0.997647 0.922361 0.981123 0.937237 0.954463 0.982100 0.821396 0.953847 0.944299 0.975387 0.861054 0.984122 0.949687 0.991744 0.961624 0.905441 0.883413 0.922729 0.963359 0.884871 0.960322 0.987717 0.865361 0.853457 0.980017 0.994534 0.805587 0.872137 0.769179 0.699745 0.912711 0.887115 0.966651 0.000000 0.929256 0.897814 0.881553 0.826655 0.929586 0.971176 0.707843 0.757611 0.722377 0.757588 0.952686 0.725847 0.784652 0.786290 0.862237 0.866771 0.824414 0.847415 0.987583 0.969809 0.901772 0.986349 0.973592 0.934043 0.900358 0.937300 0.991661 0.984812 0.943799 0.906586 0.902484 0.768431 0.905304 0.962480 0.863910 0.900182 0.992796 0.887135 0.980572 0.875200 0.912465 0.828389 0.924018 0.832522 0.958518 0.949819 0.933142 0.974365 0.965366 0.855394 0.912121 0.940205 0.787451 0.998924 0.868021 0.910657 0.884252 0.912975 0.841827 0.992700 0.981275 0.891667 0.832823 0.819840 0.804605 0.971159 0.865369 0.851313 0.954096 0.992360 0.990282 0.930304 0.989684 0.976309 0.967261 0.957615 0.804373 0.980980 0.942874 0.984562
0.680969 0.757883 0.790881 0.878632 0.934872 0.952016 0.966139 0.892124 0.919691 0.889975 0.928366 0.864601 0.860363 0.759956 0.951701 0.891084 0.823295 0.723104 0.983364 0.827343 0.837085 0.827295 0.927780 0.859404 0.816486 0.821005 0.920370 0.805589 0.817398 0.824446 0.948499 0.798237 0.785931 0.983025 0.963652 0.929256 0.000000 0.599509 0.903740 0.764122 0.822822 0.722633 0.929817 0.964304 0.940384 0.966024 0.857496 0.893212 0.869236 0.759296 0.732128 0.699928 0.790364 0.869391 0.761541 0.768977 0.590804 0.537909 0.639296 0.753094 0.900538 0.867263 0.999774 0.924098 0.890220 0.847894 0.838416 0.983292 0.592341 0.712285 0.985449 0.867293 0.944595 0.785133 0.920120 0.807473 0.908005 0.869642 0.787957 0.897368 0.769839 0.768755 0.841989 0.718128 0.779826 0.987711 0.941764 0.924433 0.819464 0.623508 0.887617 0.905601 0.887379 0.869822 0.951968 0.864121 0.757953 0.886343 0.895379 0.958050 0.939958 0.897588 0.691009 0.866500 0.758288 0.728266 0.898707 0.771853 0.942132 0.767592 0.863218 0.952708 0.956124 0.998051 0.742558 0.820520
0.749584 0.749449 0.853051 0.938287 0.732194 0.949585 0.994898 0.815563 0.935061 0.771661 0.946048 0.750380 0.854988 0.864336 0.973328 0.915141 0.932822 0.861621 0.975791 0.849936 0.805848 0.839592 0.988800 0.950616 0.732246 0.677207 0.987154 0.730033 0.864984 0.879515 0.702919 0.996299 0.782814 0.988806 0.943189 0.897814 0.599509 0.000000 0.909508 0.875848 0.827529 0.776305 0.828477 0.846106 0.965267 0.946832 0.866600 0.844816 0.850614 0.682400 0.622297 0.616763 0.736711 0.721183 0.942552 0.875681 0.593692 0.675759 0.754388 0.782267 0.814358 0.816123 0.893636 0.922210 0.872271 0.915730 0.824053 0.935824 0.700625 0.905770 0.857994 0.813531 0.974537 0.949445 0.793616 0.946302 0.897748 0.836699 0.839150 0.785777 0.902187 0.889882 0.925699 0.872909 0.895320 0.965565 0.926181 0.981535 0.847401 0.798533 0.945383 0.829805 0.832407 0.767144 0.982685 0.798125 0.793365 0.887950 0.924668 0.889373 0.934825 0.881235 0.901981 0.809753 0.817750 0.733425 0.771413 0.689339 0.953968 0.746610 0.992616 0.960949 0.943139 0.927600 0.756510 0.864310
