0.000000 0.396565 0.580627 0.623407 0.956392 0.713635 0.693203 0.668233 0.733474 0.735540 0.489733 0.562434 0.910826 0.851388 0.883454 0.875766 0.477669 0.398029 0.862050 0.730017 0.970218 0.967871 0.885850 0.891722 0.664131 0.655389 0.991784 0.824510 0.546974 0.572481 0.839227 0.913945 0.845923 0.698364 0.990271 0.992363 0.987601 0.884962 0.839766 0.960187 0.649629 0.638456 0.946584 0.823895 0.827279 0.647649 0.691636 0.677627 0.606217 0.639160 0.668430 0.687014 0.841426 0.888740 0.707247 0.808990 0.363118 0.391037 0.449984 0.468960 0.623926 0.834399 0.417933 0.391465 0.718380 0.671640 0.841232 0.933887 0.539073 0.525602 0.579676 0.651620 0.956065 0.993883 0.840825 0.902847 0.788820 0.793989 0.635068 0.719555 0.335883 0.408208 0.674671 0.460383 0.761526 0.925524 0.908791 0.708643 0.913019 0.719390 0.490166 0.485471 0.459840 0.457093 0.910411 0.800707 0.977355 0.894119 0.870709 0.812422 0.812158 0.753909 0.989054 0.773571 0.918633 0.966999 0.988953 0.950928 0.884646 0.923698 0.833013 0.984550 0.884926 0.860404 0.897002 0.831454
0.396565 0.000000 0.593155 0.684500 0.896122 0.802869 0.686211 0.697175 0.607074 0.573904 0.645943 0.595429 0.984717 0.883067 0.911634 0.877057 0.517563 0.451268 0.980294 0.852725 0.992573 0.986005 0.863952 0.860548 0.778979 0.752330 0.965195 0.707633 0.603553 0.665717 0.795794 0.853291 0.829913 0.791102 0.938217 0.945574 0.974024 0.975312 0.948035 0.865348 0.634361 0.631704 0.990786 0.782119 0.818432 0.641959 0.604807 0.644169 0.660222 0.646772 0.655391 0.656687 0.822377 0.877785 0.653158 0.835114 0.360023 0.341545 0.408550 0.425003 0.717683 0.945148 0.439293 0.427449 0.743345 0.730198 0.970172 0.791170 0.555785 0.527725 0.614208 0.670912 0.869016 0.958664 0.830456 0.910069 0.826388 0.890221 0.680829 0.645541 0.394507 0.437333 0.637610 0.456524 0.745390 0.835532 0.824728 0.705849 0.965902 0.733770 0.569572 0.529385 0.579391 0.500296 0.868983 0.763704 0.995159 0.804349 0.855865 0.830651 0.905390 0.746745 0.971718 0.860726 0.965843 0.959973 0.965916 0.970666 0.965401 0.866164 0.781390 0.923156 0.900977 0.843858 0.833651 0.749216
0.580627 0.593155 0.000000 0.394014 0.959581 0.801686 0.445622 0.479566 0.586432 0.761387 0.701510 0.819802 0.706640 0.841950 0.852977 0.656530 0.496591 0.493562 0.873289 0.912736 0.997179 0.897933 0.585797 0.545889 0.421873 0.583340 0.919684 0.934366 0.657373 0.652894 0.598716 0.692405 0.802660 0.989110 0.840807 0.834193 0.860630 0.840088 0.647188 0.886172 0.702244 0.883260 0.656520 0.835863 0.892023 0.900836 0.891579 0.999540 0.806564 0.920481 0.943915 0.987194 0.809081 0.712474 0.874343 0.959412 0.605473 0.427698 0.472342 0.511812 0.808258 0.941254 0.442468 0.467506 0.457827 0.532027 0.603164 0.987089 0.702992 0.665989 0.557347 0.603866 0.959844 0.999915 0.941147 0.844025 0.667595 0.636608 0.799549 0.817412 0.506556 0.615719 0.816959 0.671059 0.929221 0.776604 0.978909 0.876454 0.769047 0.945687 0.526348 0.501862 0.491335 0.470258 0.956545 0.724119 0.852487 0.764492 0.684908 0.609020 0.797119 0.642901 0.924610 0.747576 0.748299 0.926212 0.762227 0.883912 0.917121 0.978645 0.800494 0.967100 0.868196 0.836254 0.946988 0.854048
0.623407 0.684500 0.394014 0.000000 0.833220 0.892645 0.493035 0.349857 0.659356 0.782953 0.690458 0.697201 0.896392 0.947701 0.960047 0.751604 0.508908 0.522098 0.942919 0.933226 0.948293 0.997726 0.713016 0.618301 0.439237 0.535368 0.920364 0.988001 0.524213 0.610192 0.655789 0.638570 0.969500 0.887483 0.999315 0.873140 0.820424 0.902135 0.678873 0.844691 0.745995 0.863083 0.694175 0.784690 0.982390 0.898986 0.849544 0.994168 0.853477 0.995668 0.938301 0.967713 0.799420 0.758134 0.904346 0.977543 0.708942 0.514800 0.522566 0.584292 0.616021 0.849639 0.473704 0.473013 0.585616 0.687896 0.684868 0.987180 0.804225 0.782125 0.637954 0.642742 0.914722 0.884078 0.910840 0.921766 0.644390 0.726734 0.818499 0.857932 0.584898 0.681294 0.761899 0.707864 0.981496 0.831437 0.931115 0.868410 0.907337 0.923418 0.574662 0.513460 0.528676 0.507935 0.987965 0.793403 0.885687 0.785296 0.906496 0.754927 0.834697 0.683332 0.969283 0.729056 0.740004 0.901265 0.763708 0.871988 0.863710 0.958656 0.907490 0.809752 0.827709 0.924337 0.965213 0.810130
0.956392 0.896122 0.959581 0.833220 0.000000 0.839851 0.803126 0.941623 0.774424 0.788202 0.945791 0.812754 0.671893 0.794961 0.763846 0.729836 0.979986 0.998213 0.762049 0.909723 0.802076 0.957221 0.720938 0.789534 0.955071 0.804095 0.978360 0.870810 0.925279 0.954377 0.945561 0.996957 0.892313 0.956942 0.934274 0.999942 0.807006 0.832210 0.782279 0.746961 0.998255 0.922168 0.897489 0.742276 0.999067 0.800754 0.861420 0.857000 0.830857 0.798500 0.851819 0.932257 0.919255 0.995185 0.902959 0.957699 0.797402 0.896831 0.955502 0.904896 0.700442 0.718712 0.980236 0.976132 0.819660 0.736365 0.944928 0.847537 0.797382 0.715532 0.855613 0.924824 0.980218 0.960850 0.951029 0.959111 0.890493 0.994093 0.918411 0.909916 0.852813 0.939508 0.947161 0.848673 0.771757 0.960026 0.834273 0.860722 0.953148 0.943026 0.744028 0.814388 0.863611 0.840015 0.960109 0.998042 0.931212 0.812255 0.808258 0.692758 0.990312 0.870626 0.875594 0.905529 0.955701 0.986057 0.990178 0.827800 0.970532 0.804555 0.903593 0.907891 0.995791 0.942343 0.940167 0.873292
0.713635 0.802869 0.801686 0.892645 0.839851 0.000000 0.855654 0.899340 0.974982 0.895377 0.798796 0.930354 0.837642 0.987884 0.936488 0.774893 0.879364 0.824995 0.939645 0.879402 0.854183 0.853794 0.895922 0.863969 0.710713 0.708819 0.957499 0.816426 0.850186 0.779122 0.979117 0.920480 0.907082 0.944025 0.793824 0.908749 0.985220 0.940457 0.819831 0.905297 0.992617 0.969064 0.907987 0.706117 0.755955 0.584249 0.835862 0.605412 0.596998 0.577951 0.687438 0.758909 0.793953 0.826963 0.737306 0.833494 0.625260 0.790393 0.790568 0.729540 0.991617 0.934885 0.786615 0.777566 0.749600 0.542418 0.702222 0.787773 0.653110 0.602007 0.737149 0.869848 0.959124 0.987958 0.954724 0.990119 0.823717 0.843603 0.761055 0.835822 0.665019 0.750576 0.922527 0.765644 0.965419 0.894485 0.859627 0.998042 0.934190 0.824538 0.587281 0.665570 0.596464 0.664430 0.973196 0.866820 0.854743 0.993103 0.857394 0.759132 0.796900 0.997990 0.877113 0.707206 0.741669 0.861536 0.868705 0.992673 0.955806 0.931702 0.987004 0.839844 0.791344 0.915661 0.978936 0.789507
0.693203 0.686211 0.445622 0.493035 0.803126 0.855654 0.000000 0.436806 0.554115 0.608903 0.875414 0.838065 0.539911 0.841660 0.745262 0.614739 0.706279 0.702394 0.602218 0.866152 0.855527 0.961936 0.475334 0.544805 0.584644 0.890823 0.991587 0.857094 0.829438 0.885864 0.657862 0.592197 0.726886 0.895927 0.971981 0.961698 0.906773 0.982298 0.863439 0.911821 0.783329 0.861181 0.882039 0.995844 0.991393 0.821000 0.770977 0.936021 0.756082 0.891348 0.842345 0.942147 0.892481 0.881603 0.881778 0.998384 0.666926 0.543644 0.542056 0.564417 0.975635 0.962460 0.676292 0.682487 0.520985 0.704631 0.715079 0.828929 0.714799 0.661118 0.710094 0.659118 0.983630 0.925567 0.795563 0.863561 0.805190 0.701783 0.791711 0.891415 0.693712 0.776990 0.848320 0.762092 0.776788 0.820262 0.949723 0.941239 0.743363 0.986996 0.517230 0.525066 0.536045 0.538664 0.980654 0.817929 0.916790 0.982007 0.788676 0.657731 0.794818 0.540329 0.757623 0.741782 0.852843 0.900218 0.801839 0.935480 0.820742 0.892454 0.874187 0.939560 0.825205 0.826726 0.966223 0.972731
0.668233 0.697175 0.479566 0.349857 0.941623 0.899340 0.436806 0.000000 0.682304 0.562849 0.816058 0.843025 0.887714 0.972584 0.865691 0.878797 0.685487 0.636497 0.779211 0.870074 0.857162 0.963124 0.821993 0.746692 0.635078 0.755516 0.924348 0.907076 0.699664 0.810149 0.833429 0.639907 0.986598 0.979001 0.850759 0.983842 0.970240 0.963112 0.820189 0.986598 0.767676 0.929862 0.965129 0.989739 0.743161 0.697825 0.708182 0.840867 0.671979 0.869580 0.731078 0.831665 0.983758 0.974867 0.884164 0.894775 0.678093 0.549709 0.581234 0.686625 0.770884 0.999107 0.605898 0.608335 0.774743 0.752742 0.850066 0.836755 0.773045 0.695929 0.672346 0.565655 0.969113 0.915301 0.818403 0.951745 0.784832 0.795170 0.752663 0.863951 0.659900 0.714649 0.594106 0.637421 0.865127 0.937656 0.809854 0.882942 0.961221 0.952121 0.564369 0.562254 0.566055 0.553311 0.933000 0.878328 0.793822 0.852170 0.946841 0.800393 0.772597 0.720516 0.979706 0.689936 0.941491 0.897273 0.783467 0.876861 0.904109 0.969274 0.858288 0.845242 0.952994 0.876584 0.891232 0.972707
0.733474 0.607074 0.586432 0.659356 0.774424 0.974982 0.554115 0.682304 0.000000 0.509798 0.867166 0.901764 0.615111 0.805411 0.763109 0.552597 0.693274 0.603122 0.615075 0.873481 0.923112 0.929693 0.531409 0.596955 0.784243 0.829159 0.854411 0.802261 0.823518 0.887363 0.596728 0.695948 0.933263 0.912759 0.862997 0.879219 0.967526 0.956210 0.997952 0.881350 0.716277 0.807675 0.768966 0.891322 0.789361 0.987320 0.822800 0.891847 0.973983 0.888811 0.949437 0.867922 0.724972 0.544957 0.836979 0.854615 0.611460 0.501974 0.622770 0.589032 0.911160 0.888034 0.611913 0.634804 0.605157 0.846360 0.786081 0.719713 0.757872 0.734035 0.594163 0.711834 0.919538 0.952290 0.844341 0.849650 0.688683 0.711208 0.871143 0.867288 0.659309 0.690386 0.892123 0.650886 0.871701 0.976183 0.962224 0.975589 0.820865 0.901593 0.582325 0.537381 0.672857 0.573723 0.996542 0.831706 0.979752 0.902975 0.670618 0.588359 0.947896 0.551452 0.941724 0.972115 0.977420 0.930403 0.822267 0.857065 0.845901 0.821482 0.886287 0.843204 0.725697 0.878303 0.975915 0.746309
0.735540 0.573904 0.761387 0.782953 0.788202 0.895377 0.608903 0.562849 0.509798 0.000000 0.983792 0.939024 0.812619 0.995182 0.919872 0.884225 0.886362 0.725579 0.608159 0.915748 0.787767 0.972177 0.859434 0.917056 0.952909 0.923856 0.945089 0.651472 0.939146 0.915687 0.896362 0.810058 0.902281 0.951738 0.860134 0.903601 0.775282 0.918310 0.912249 0.756496 0.822008 0.863205 0.800052 0.729471 0.757239 0.650228 0.533921 0.659231 0.739418 0.800425 0.659359 0.730044 0.912827 0.950957 0.719182 0.857422 0.519756 0.550938 0.678750 0.747290 0.999533 0.803877 0.733546 0.748671 0.997869 0.952819 0.915502 0.640597 0.768121 0.639412 0.626686 0.651690 0.844226 0.939774 0.918125 0.938982 0.845969 0.835860 0.776165 0.780579 0.687182 0.675450 0.607790 0.538761 0.747313 0.604390 0.816740 0.888371 0.933036 0.802804 0.604870 0.599085 0.712455 0.634311 0.938368 0.858338 0.823633 0.911795 0.842781 0.777004 0.835235 0.742738 0.914513 0.881822 0.831887 0.970592 0.929951 0.875823 0.903041 0.906932 0.841307 0.984099 0.883936 0.863319 0.731117 0.951362
0.489733 0.645943 0.701510 0.690458 0.945791 0.798796 0.875414 0.816058 0.867166 0.983792 0.000000 0.545542 0.808129 0.827514 0.873817 0.952180 0.491166 0.410848 0.739860 0.756658 0.889136 0.999014 0.896164 0.963962 0.624620 0.590086 0.953004 0.968963 0.481299 0.429047 0.938412 0.999901 0.753104 0.649064 0.898023 0.916861 0.852449 0.931355 0.831801 0.919124 0.753886 0.791155 0.695139 0.953088 0.998408 0.907303 0.980837 0.904265 0.875886 0.887407 0.898263 0.951899 0.982990 0.798322 0.842475 0.865793 0.589949 0.553382 0.621002 0.580092 0.504085 0.672052 0.459091 0.404395 0.723584 0.751058 0.928280 0.995205 0.646988 0.697636 0.673840 0.713195 0.978202 0.951821 0.923706 0.889533 0.697963 0.773262 0.722731 0.786865 0.492108 0.443546 0.790573 0.565313 0.898586 0.968647 0.974285 0.701687 0.890879 0.820555 0.563819 0.519556 0.528582 0.512770 0.909882 0.851284 0.958096 0.885760 0.749671 0.748490 0.876181 0.863308 0.949515 0.833156 0.844161 0.984257 0.856023 0.791724 0.831404 0.882765 0.833324 0.891151 0.838752 0.932372 0.966198 0.949363
0.562434 0.595429 0.819802 0.697201 0.812754 0.930354 0.838065 0.843025 0.901764 0.939024 0.545542 0.000000 0.798617 0.667605 0.882954 0.929884 0.561719 0.547372 0.861461 0.732593 0.813137 0.981335 0.954131 0.977003 0.772676 0.707151 0.913694 0.990968 0.518014 0.631884 0.843279 0.851675 0.730319 0.727420 0.875131 0.945361 0.948994 0.967280 0.894002 0.962708 0.798111 0.724840 0.813968 0.984805 0.967607 0.915418 0.819971 0.950127 0.923476 0.886514 0.866946 0.890319 0.981478 0.905916 0.859919 0.839106 0.650245 0.645305 0.604382 0.651757 0.551081 0.526969 0.577597 0.530853 0.805099 0.980201 0.983950 0.917215 0.781490 0.803122 0.812970 0.862212 0.850390 0.815041 0.815160 0.986324 0.786733 0.851790 0.803257 0.867221 0.657043 0.590776 0.804124 0.648347 0.873909 0.978930 0.967057 0.775550 0.956116 0.797964 0.743993 0.664824 0.673912 0.651050 0.999124 0.854471 0.867785 0.828650 0.934787 0.964007 0.971153 0.909029 0.871722 0.919806 0.954830 0.917813 0.967904 0.839625 0.900648 0.942067 0.779992 0.922236 0.715655 0.913554 0.949899 0.861956
0.910826 0.984717 0.706640 0.896392 0.671893 0.837642 0.539911 0.887714 0.615111 0.812619 0.808129 0.798617 0.000000 0.520248 0.390791 0.389728 0.962731 0.976496 0.482396 0.638535 0.921011 0.970082 0.405406 0.501393 0.761468 0.968593 0.947607 0.964778 0.859165 0.856164 0.709198 0.715293 0.516076 0.665467 0.775528 0.862928 0.898482 0.919259 0.989352 0.972784 0.944028 0.933459 0.798339 0.834046 0.668636 0.870768 0.924566 0.977618 0.915652 0.894787 0.833731 0.766288 0.715487 0.784971 0.928854 0.792821 0.964799 0.858321 0.872371 0.772998 0.612989 0.694475 0.945897 0.992224 0.542658 0.753162 0.715910 0.956853 0.905051 0.877105 0.829707 0.930137 0.988046 0.939621 0.941181 0.873928 0.816509 0.743602 0.948892 0.982426 0.942259 0.961798 0.852525 0.941383 0.574561 0.722050 0.801339 0.735580 0.718670 0.815721 0.758825 0.813402 0.807775 0.857213 0.970336 0.915423 0.963399 0.917928 0.697545 0.579353 0.848386 0.661324 0.886664 0.992408 0.789471 0.829642 0.933164 0.954977 0.887494 0.909425 0.963227 0.855464 0.816988 0.953410 0.809563 0.917974
0.851388 0.883067 0.841950 0.947701 0.794961 0.987884 0.841660 0.972584 0.805411 0.995182 0.827514 0.667605 0.520248 0.000000 0.524926 0.529526 0.912679 0.994996 0.727031 0.695162 0.906663 0.800687 0.544962 0.511321 0.806584 0.983746 0.882162 0.975468 0.841511 0.912424 0.831691 0.829152 0.584246 0.745579 0.663924 0.749609 0.897502 0.845049 0.998777 0.976758 0.948636 0.889830 0.810676 0.802886 0.684044 0.765440 0.927493 0.818604 0.798875 0.728384 0.790915 0.627824 0.731396 0.708116 0.986526 0.870360 0.915547 0.999212 0.900679 0.981502 0.774559 0.663370 0.986152 0.972526 0.669763 0.786678 0.763342 0.883645 0.962520 0.936330 0.995041 0.888610 0.951224 0.913865 0.821535 0.766896 0.863107 0.776454 0.876258 0.985135 0.954957 0.946979 0.749722 0.812876 0.649718 0.715249 0.850320 0.759850 0.810747 0.646870 0.973703 0.997784 0.994351 0.987840 0.962172 0.942849 0.995315 0.846249 0.913019 0.711399 0.918256 0.901495 0.915329 0.996617 0.705996 0.757543 0.911999 0.955711 0.987287 0.930613 0.860055 0.977757 0.982323 0.946385 0.789057 0.880221
0.883454 0.911634 0.852977 0.960047 0.763846 0.936488 0.745262 0.865691 0.763109 0.919872 0.873817 0.882954 0.390791 0.524926 0.000000 0.425790 0.943504 0.919564 0.658072 0.796431 0.974905 0.934230 0.396362 0.520823 0.764759 0.983394 0.737471 0.953091 0.806056 0.898039 0.734822 0.790323 0.526796 0.728751 0.663929 0.835944 0.969915 0.906691 0.913781 0.973202 0.993150 0.999584 0.740420 0.782736 0.538449 0.713162 0.819496 0.849140 0.764206 0.749633 0.699428 0.605074 0.662576 0.703282 0.880494 0.761433 0.930109 0.989122 0.989015 0.861960 0.681584 0.878017 0.947729 0.912485 0.507284 0.830963 0.650086 0.994260 0.924046 0.996206 0.940172 0.831934 0.913077 0.925268 0.854892 0.934105 0.923806 0.778832 0.861753 0.962741 0.926317 0.873092 0.606064 0.809661 0.442937 0.545188 0.690792 0.663549 0.745571 0.741231 0.927070 0.962818 0.930631 0.982907 0.884090 0.957241 0.908651 0.785719 0.845807 0.677850 0.989747 0.803403 0.835616 0.995017 0.742318 0.839139 0.900479 0.912495 0.959261 0.930975 0.971457 0.880166 0.824721 0.993961 0.697455 0.939055
0.875766 0.877057 0.656530 0.751604 0.729836 0.774893 0.614739 0.878797 0.552597 0.884225 0.952180 0.929884 0.389728 0.529526 0.425790 0.000000 0.746891 0.820786 0.705668 0.738079 0.984413 0.939813 0.380463 0.391571 0.574826 0.771845 0.807565 0.960325 0.941960 0.900329 0.612146 0.706730 0.606270 0.844302 0.698000 0.774349 0.986183 0.831587 0.904429 0.937497 0.937465 0.957111 0.658541 0.754746 0.626435 0.849977 0.923180 0.979563 0.899846 0.867211 0.784336 0.705023 0.624924 0.608442 0.966806 0.717619 0.832597 0.703117 0.735440 0.596472 0.906759 0.898782 0.759517 0.788198 0.409108 0.677895 0.594500 0.998255 0.741351 0.800760 0.750050 0.898576 0.874101 0.946675 0.819883 0.828881 0.710629 0.697832 0.959076 0.873041 0.752600 0.895655 0.783774 0.983961 0.585799 0.618703 0.833337 0.774683 0.860477 0.749940 0.646413 0.669518 0.662999 0.658086 0.988575 0.831782 0.982100 0.868315 0.719755 0.550578 0.850529 0.645561 0.923732 0.861501 0.710461 0.831327 0.961396 0.999869 0.888729 0.943985 0.933926 0.840464 0.714899 0.972573 0.737527 0.753173
0.477669 0.517563 0.496591 0.508908 0.979986 0.879364 0.706279 0.685487 0.693274 0.886362 0.491166 0.561719 0.962731 0.912679 0.943504 0.746891 0.000000 0.335298 0.883817 0.863628 0.911969 0.969488 0.681671 0.661943 0.480804 0.509789 0.859598 0.921236 0.511074 0.415792 0.712251 0.783395 0.962424 0.727372 0.914176 0.928666 0.900575 0.947412 0.807261 0.897612 0.689136 0.803366 0.602934 0.885610 0.891225 0.950393 0.888722 0.972704 0.947166 0.973231 0.963734 0.936573 0.796964 0.623807 0.824533 0.928232 0.540754 0.412992 0.491505 0.536016 0.547967 0.830469 0.324952 0.340495 0.522590 0.676975 0.749210 0.936254 0.621268 0.652558 0.610981 0.743292 0.940908 0.965429 0.912881 0.880453 0.713141 0.686115 0.695484 0.712168 0.391316 0.430703 0.806101 0.585857 0.985373 0.875915 0.946722 0.706939 0.963414 0.983938 0.562195 0.482714 0.482184 0.445956 0.868057 0.723169 0.991785 0.904043 0.770908 0.692574 0.819969 0.758990 0.974264 0.769379 0.781836 0.989226 0.819655 0.831277 0.920325 0.919976 0.922876 0.941615 0.800750 0.986894 0.956889 0.797779
0.398029 0.451268 0.493562 0.522098 0.998213 0.824995 0.702394 0.636497 0.603122 0.725579 0.410848 0.547372 0.976496 0.994996 0.919564 0.820786 0.335298 0.000000 0.896998 0.862844 0.860592 0.993888 0.784387 0.776881 0.567591 0.527720 0.927904 0.868795 0.486743 0.430689 0.798760 0.827419 0.838066 0.702352 0.945312 0.966293 0.953811 0.973298 0.841429 0.955955 0.620509 0.760609 0.659978 0.941945 0.990092 0.853240 0.761165 0.836356 0.855246 0.898474 0.862602 0.943139 0.917077 0.655930 0.693435 0.912360 0.408821 0.335520 0.453894 0.475212 0.474834 0.861210 0.266533 0.264479 0.614632 0.677239 0.851232 0.853386 0.573620 0.630633 0.483851 0.583993 0.920954 0.981689 0.899690 0.856248 0.645805 0.718555 0.638479 0.676519 0.325126 0.310441 0.655578 0.434434 0.835891 0.937148 0.886255 0.666090 0.961390 0.883741 0.470495 0.417395 0.446471 0.417082 0.858824 0.744983 0.959979 0.817227 0.681573 0.658974 0.795281 0.764784 0.943456 0.815818 0.865460 0.951862 0.735097 0.822572 0.853153 0.925896 0.847380 0.981448 0.764098 0.930649 0.918495 0.806863
0.862050 0.980294 0.873289 0.942919 0.762049 0.939645 0.602218 0.779211 0.615075 0.608159 0.739860 0.861461 0.482396 0.727031 0.658072 0.705668 0.883817 0.896998 0.000000 0.627702 0.777346 0.885095 0.614194 0.727594 0.913026 0.747892 0.990544 0.828163 0.749712 0.652331 0.839143 0.737755 0.788105 0.630239 0.993470 0.922773 0.741671 0.954101 0.823515 0.766087 0.954485 0.901806 0.964637 0.982900 0.895069 0.966774 0.848884 0.990324 0.952147 0.854580 0.979685 0.884571 0.835938 0.908276 0.894828 0.963244 0.985940 0.931031 0.949350 0.980288 0.657586 0.788251 0.895976 0.898605 0.859874 0.944043 0.943340 0.736105 0.935374 0.895061 0.877671 0.966797 0.904555 0.973681 0.882365 0.997204 0.928978 0.856126 0.993203 0.955427 0.921356 0.926192 0.959688 0.991307 0.764828 0.999721 0.985036 0.723147 0.760501 0.881884 0.830697 0.834241 0.907913 0.905546 0.940890 0.933585 0.935730 0.912293 0.892652 0.786330 0.969054 0.720193 0.879970 0.975569 0.953606 0.888627 0.931725 0.848326 0.917564 0.871659 0.995442 0.900897 0.886432 0.899400 0.959814 0.896469
0.730017 0.852725 0.912736 0.933226 0.909723 0.879402 0.866152 0.870074 0.873481 0.915748 0.756658 0.732593 0.638535 0.695162 0.796431 0.738079 0.863628 0.862844 0.627702 0.000000 0.834327 0.938370 0.814636 0.746678 0.984377 0.920604 0.967700 0.915188 0.818083 0.719282 0.957132 0.794764 0.815558 0.756132 0.977360 0.912199 0.888035 0.809444 0.871676 0.998583 0.902529 0.839373 0.964132 0.816243 0.889704 0.838882 0.998012 0.955661 0.866815 0.789264 0.867008 0.838465 0.870783 0.921992 0.992997 0.722313 0.818158 0.960607 0.962581 0.937925 0.836793 0.871827 0.910199 0.900752 0.948521 0.932009 0.963126 0.806043 0.906570 0.933316 0.985788 0.987092 0.953459 0.992943 0.989173 0.979651 0.995747 0.977816 0.832738 0.968924 0.857070 0.845393 0.928847 0.829331 0.900851 0.961957 0.998483 0.720075 0.890588 0.757932 0.961581 0.963585 0.949566 0.945647 0.988037 0.893568 0.871195 0.979975 0.946722 0.913245 0.983055 0.853672 0.970453 0.871622 0.985257 0.807378 0.926486 0.930796 0.966916 0.955199 0.850365 0.975069 0.986124 0.882762 0.919496 0.910444
0.970218 0.992573 0.997179 0.948293 0.802076 0.854183 0.855527 0.857162 0.923112 0.787767 0.889136 0.813137 0.921011 0.906663 0.974905 0.984413 0.911969 0.860592 0.777346 0.834327 0.000000 0.929935 0.879311 0.992083 0.890776 0.808340 0.952884 0.830249 0.861207 0.783845 0.902059 0.866229 0.941619 0.943139 0.991181 0.990451 0.775140 0.764646 0.845032 0.772508 0.946854 0.935819 0.776734 0.876570 0.865561 0.876129 0.926132 0.947031 0.913841 0.995450 0.911047 0.969606 0.943199 0.991143 0.936379 0.949198 0.990143 0.993514 0.920297 0.874767 0.741584 0.737983 0.861232 0.844503 0.964965 0.947422 0.910882 0.868766 0.999444 0.884854 0.916348 0.983301 0.781640 0.954628 0.916212 0.890677 0.931272 0.981353 0.931721 0.951041 0.931703 0.867579 0.972295 0.971439 0.924923 0.956943 0.950101 0.890133 0.970172 0.978031 0.994578 0.979781 0.906624 0.973233 0.907587 0.876659 0.929366 0.975383 0.998717 0.992688 0.981235 0.855255 0.994160 0.853221 0.888224 0.852417 0.978764 0.941215 0.970638 0.856243 0.935396 0.962103 0.948143 0.991475 0.929404 0.820434
0.967871 0.986005 0.897933 0.997726 0.957221 0.853794 0.961936 0.963124 0.929693 0.972177 0.999014 0.981335 0.970082 0.800687 0.934230 0.939813 0.969488 0.993888 0.885095 0.938370 0.929935 0.000000 0.986225 0.917027 0.976630 0.986141 0.996980 0.955369 0.930166 0.981689 0.926613 0.989900 0.926368 0.978799 0.859197 0.996136 0.842603 0.998461 0.920231 0.959574 0.967556 0.938427 0.851862 0.865870 0.836816 0.882066 0.848851 0.928040 0.895669 0.948305 0.860942 0.925557 0.784764 0.902696 0.825130 0.863511 0.965348 0.996911 0.961960 0.985114 0.952385 0.906998 0.952383 0.955714 0.997352 0.972072 0.997781 0.927582 0.929906 0.930085 0.951520 0.955076 0.967220 0.931368 0.915439 0.907985 0.982701 0.927097 0.867991 0.912133 0.955738 0.895999 0.914339 0.996227 0.954325 0.939100 0.962659 0.978097 0.972201 0.973794 0.944280 0.991005 0.925754 0.979850 0.900416 0.866298 0.863331 0.939638 0.838557 0.944670 0.916056 0.863813 0.928666 0.888931 0.939388 0.768589 0.924043 0.979053 0.890670 0.915305 0.997720 0.938619 0.974391 0.992955 0.999512 0.909432
0.885850 0.863952 0.585797 0.713016 0.720938 0.895922 0.475334 0.821993 0.531409 0.859434 0.896164 0.954131 0.405406 0.544962 0.396362 0.380463 0.681671 0.784387 0.614194 0.814636 0.879311 0.986225 0.000000 0.353247 0.574568 0.861663 0.720549 0.989522 0.901080 0.876663 0.613293 0.656240 0.580729 0.871899 0.667116 0.783576 0.986264 0.867994 0.918991 0.924999 0.916326 0.864983 0.645235 0.761064 0.587512 0.820028 0.971925 0.879330 0.856075 0.762700 0.779734 0.606254 0.576724 0.553149 0.996310 0.780967 0.851219 0.735922 0.795768 0.713628 0.876117 0.917984 0.773586 0.801733 0.339292 0.692692 0.599761 0.939531 0.817863 0.863214 0.850561 0.970958 0.975808 0.931939 0.854671 0.852518 0.725317 0.614866 0.985900 0.892816 0.800546 0.889169 0.737538 0.975727 0.441166 0.534291 0.791371 0.765207 0.753361 0.717784 0.656294 0.643959 0.686684 0.690008 0.956348 0.809384 0.993601 0.878402 0.760086 0.527423 0.866825 0.590920 0.821003 0.850628 0.662044 0.833975 0.932271 0.918191 0.868976 0.931669 0.994728 0.905295 0.698166 0.933552 0.770237 0.840848
0.891722 0.860548 0.545889 0.618301 0.789534 0.863969 0.544805 0.746692 0.596955 0.917056 0.963962 0.977003 0.501393 0.511321 0.520823 0.391571 0.661943 0.776881 0.727594 0.746678 0.992083 0.917027 0.353247 0.000000 0.513892 0.774175 0.720019 0.993563 0.869583 0.838782 0.641729 0.698150 0.683298 0.868458 0.735936 0.774676 0.986876 0.743327 0.819844 0.996929 0.938805 0.919091 0.707211 0.801792 0.718040 0.928083 0.972169 0.899029 0.972029 0.847716 0.828066 0.696786 0.651962 0.629950 0.984026 0.781587 0.882725 0.749464 0.786807 0.736817 0.946723 0.885806 0.752617 0.782931 0.385457 0.625186 0.553037 0.994133 0.807228 0.881445 0.813747 0.944139 0.885595 0.892822 0.824304 0.895972 0.794927 0.697282 0.956648 0.901479 0.789461 0.935917 0.781701 0.984466 0.527811 0.502791 0.833716 0.758930 0.710743 0.682382 0.702650 0.722483 0.736146 0.718934 0.978164 0.801261 0.986333 0.977699 0.856516 0.621722 0.944248 0.691924 0.750109 0.787837 0.697869 0.760338 0.938623 0.991511 0.877357 0.980375 0.917214 0.969635 0.779938 0.951057 0.739471 0.813529
0.664131 0.778979 0.421873 0.439237 0.955071 0.710713 0.584644 0.635078 0.784243 0.952909 0.624620 0.772676 0.761468 0.806584 0.764759 0.574826 0.480804 0.567591 0.913026 0.984377 0.890776 0.976630 0.574568 0.513892 0.000000 0.430722 0.796916 0.826068 0.603506 0.487870 0.607406 0.806868 0.760841 0.942640 0.764503 0.806019 0.780054 0.800128 0.646838 0.708972 0.798458 0.852490 0.584066 0.765256 0.841118 0.997144 0.952438 0.997737 0.900000 0.977247 0.949830 0.845076 0.761860 0.773077 0.973369 0.878711 0.752364 0.584281 0.586572 0.539744 0.708641 0.868101 0.499561 0.525461 0.359220 0.513849 0.486111 0.777803 0.719869 0.753653 0.718281 0.793327 0.840072 0.861979 0.990235 0.952159 0.672169 0.628027 0.826032 0.916243 0.600861 0.689973 0.985013 0.858310 0.752639 0.561977 0.812962 0.967289 0.860131 0.831145 0.607470 0.590123 0.503438 0.532377 0.951289 0.755537 0.934004 0.912055 0.810579 0.662229 0.808165 0.757251 0.840369 0.636759 0.595202 0.902721 0.866968 0.941560 0.939387 0.979860 0.984647 0.947771 0.856055 0.945903 0.851372 0.795298
0.655389 0.752330 0.583340 0.535368 0.804095 0.708819 0.890823 0.755516 0.829159 0.923856 0.590086 0.707151 0.968593 0.983746 0.983394 0.771845 0.509789 0.527720 0.747892 0.920604 0.808340 0.986141 0.861663 0.774175 0.430722 0.000000 0.884596 0.788194 0.602278 0.466546 0.756724 0.875203 0.994581 0.817931 0.769491 0.897780 0.690335 0.866195 0.678694 0.619389 0.754294 0.858033 0.610596 0.784401 0.904529 0.998320 0.950725 0.911011 0.963455 0.975504 0.949812 0.894118 0.862148 0.756819 0.992046 0.908809 0.709921 0.617956 0.627338 0.591008 0.554336 0.795498 0.481675 0.490925 0.569265 0.608384 0.586061 0.757937 0.737216 0.763431 0.721857 0.813210 0.865100 0.901476 0.926393 0.985650 0.621366 0.697280 0.821208 0.833753 0.606443 0.632854 0.949696 0.788085 0.997860 0.739922 0.976001 0.823792 0.924721 0.884899 0.694558 0.635615 0.583836 0.570044 0.876411 0.798078 0.906744 0.755457 0.821331 0.776828 0.879946 0.885778 0.923504 0.793634 0.683534 0.932129 0.895595 0.904369 0.988727 0.958062 0.992584 0.972631 0.821752 0.967497 0.877285 0.763169
0.991784 0.965195 0.919684 0.920364 0.978360 0.957499 0.991587 0.924348 0.854411 0.945089 0.953004 0.913694 0.947607 0.882162 0.737471 0.807565 0.859598 0.927904 0.990544 0.967700 0.952884 0.996980 0.720549 0.720019 0.796916 0.884596 0.000000 0.996418 0.931075 0.881208 0.807843 0.970681 0.922958 0.999676 0.859872 0.701890 0.877218 0.747410 0.898877 0.996809 0.876870 0.874185 0.865155 0.883293 0.769210 0.846470 0.964613 0.899368 0.912177 0.879540 0.873013 0.792604 0.732584 0.748778 0.886545 0.939737 0.959660 0.924221 0.958268 0.910906 0.951941 0.964470 0.921292 0.900241 0.709077 0.877922 0.881764 0.993606 0.959460 0.961122 0.946986 0.830893 0.893458 0.795966 0.801253 0.987958 0.899940 0.918773 0.964261 0.914856 0.970751 0.978073 0.783824 0.971566 0.773202 0.738604 0.835897 0.955184 0.934452 0.843624 0.967125 0.934804 0.973458 0.990174 0.959152 0.869701 0.975571 0.991655 0.991478 0.844118 0.899347 0.904687 0.841546 0.861384 0.844728 0.839867 0.871973 0.975786 0.983685 0.957696 0.984605 0.936363 0.963798 0.923873 0.709632 0.844101
0.824510 0.707633 0.934366 0.988001 0.870810 0.816426 0.857094 0.907076 0.802261 0.651472 0.968963 0.990968 0.964778 0.975468 0.953091 0.960325 0.921236 0.868795 0.828163 0.915188 0.830249 0.955369 0.989522 0.993563 0.826068 0.788194 0.996418 0.000000 0.996727 0.855452 0.971437 0.921549 0.783603 0.996713 0.844208 0.848085 0.895599 0.964986 0.897386 0.710022 0.953247 0.841221 0.803608 0.786149 0.841939 0.858249 0.832017 0.820679 0.835344 0.867059 0.787167 0.730499 0.878675 0.979702 0.793050 0.929126 0.784743 0.749319 0.818469 0.905984 0.930071 0.851937 0.937516 0.877768 0.858079 0.920232 0.791408 0.694536 0.959321 0.899089 0.819560 0.819018 0.916180 0.926253 0.826150 0.847788 0.871265 0.964495 0.823556 0.876554 0.846364 0.854801 0.793390 0.796592 0.757802 0.694744 0.867623 0.924218 0.841953 0.850236 0.890153 0.893499 0.991122 0.976518 0.913953 0.888735 0.988039 0.981300 0.946106 0.947813 0.979344 0.932679 0.955192 0.916423 0.765184 0.906792 0.910618 0.948854 0.941569 0.969461 0.882363 0.949472 0.879571 0.901023 0.902053 0.997813
0.546974 0.603553 0.657373 0.524213 0.925279 0.850186 0.829438 0.699664 0.823518 0.939146 0.481299 0.518014 0.859165 0.841511 0.806056 0.941960 0.511074 0.486743 0.749712 0.818083 0.861207 0.930166 0.901080 0.869583 0.603506 0.602278 0.931075 0.996727 0.000000 0.439614 0.882102 0.924557 0.772733 0.622023 0.989080 0.959014 0.735228 0.906408 0.841693 0.788936 0.802326 0.713403 0.694662 0.866706 0.964136 0.873511 0.977441 0.921815 0.848235 0.875460 0.940089 0.985423 0.946222 0.796947 0.807812 0.996870 0.684540 0.615174 0.664190 0.643339 0.531499 0.778583 0.474086 0.469247 0.694879 0.689552 0.848230 0.939396 0.773101 0.841403 0.612409 0.754548 0.896680 0.996344 0.913105 0.943134 0.696153 0.796724 0.757731 0.867230 0.523968 0.597887 0.753101 0.637192 0.930246 0.899987 0.987669 0.789974 0.963216 0.878717 0.632124 0.554238 0.625998 0.618075 0.898374 0.739325 0.967863 0.682195 0.880419 0.795213 0.882895 0.831223 0.974078 0.823428 0.794436 0.937999 0.807787 0.956892 0.848673 0.942049 0.838488 0.980185 0.835991 0.995286 0.984834 0.721049
0.572481 0.665717 0.652894 0.610192 0.954377 0.779122 0.885864 0.810149 0.887363 0.915687 0.429047 0.631884 0.856164 0.912424 0.898039 0.900329 0.415792 0.430689 0.652331 0.719282 0.783845 0.981689 0.876663 0.838782 0.487870 0.466546 0.881208 0.855452 0.439614 0.000000 0.911491 0.957850 0.897439 0.653100 0.871961 0.964627 0.733816 0.899555 0.758248 0.722403 0.751928 0.741925 0.635209 0.898209 0.994716 0.901938 0.979660 0.975245 0.931240 0.898066 0.971137 0.972351 0.899396 0.793235 0.912000 0.978133 0.667629 0.597107 0.646457 0.606157 0.492038 0.804036 0.430036 0.447949 0.595159 0.630214 0.764145 0.873847 0.700008 0.757758 0.720773 0.786264 0.847580 0.917722 0.944342 0.979173 0.728523 0.828986 0.697654 0.809038 0.503662 0.555124 0.839804 0.682079 0.979035 0.811461 0.922995 0.734282 0.924028 0.986632 0.682454 0.584286 0.575740 0.560678 0.889229 0.848466 0.962904 0.826401 0.857947 0.812902 0.828303 0.946731 0.948548 0.736251 0.753054 0.988035 0.803507 0.923668 0.909113 0.900184 0.976555 0.967301 0.857810 0.905944 0.965568 0.778732
0.839227 0.795794 0.598716 0.655789 0.945561 0.979117 0.657862 0.833429 0.596728 0.896362 0.938412 0.843279 0.709198 0.831691 0.734822 0.612146 0.712251 0.798760 0.839143 0.957132 0.902059 0.926613 0.613293 0.641729 0.607406 0.756724 0.807843 0.971437 0.882102 0.911491 0.000000 0.688068 0.694485 0.811811 0.864641 0.742622 0.769256 0.730411 0.780585 0.832280 0.904056 0.932916 0.643145 0.711174 0.640148 0.764875 0.988666 0.913409 0.863995 0.794118 0.743443 0.739883 0.640360 0.645230 0.976932 0.831201 0.840360 0.690907 0.665925 0.657972 0.841670 0.880917 0.733496 0.734250 0.607459 0.945248 0.597702 0.981562 0.873924 0.914010 0.763059 0.951136 0.874288 0.888696 0.865745 0.897626 0.642869 0.753405 0.926837 0.983717 0.835338 0.844937 0.912508 0.910732 0.818119 0.773449 0.927912 0.984711 0.753968 0.770659 0.795547 0.738976 0.760534 0.658010 0.976947 0.788239 0.970284 0.933093 0.773186 0.719446 0.909750 0.659721 0.953520 0.909521 0.812163 0.916611 0.951863 0.935729 0.922439 0.911411 0.925379 0.891529 0.899086 0.955467 0.816988 0.795505
0.913945 0.853291 0.692405 0.638570 0.996957 0.920480 0.592197 0.639907 0.695948 0.810058 0.999901 0.851675 0.715293 0.829152 0.790323 0.706730 0.783395 0.827419 0.737755 0.794764 0.866229 0.989900 0.656240 0.698150 0.806868 0.875203 0.970681 0.921549 0.924557 0.957850 0.688068 0.000000 0.767321 0.907839 0.982451 0.892596 0.917163 0.993636 0.891638 0.946447 0.972333 0.990570 0.787374 0.794237 0.869956 0.912154 0.979277 0.958919 0.960367 0.788466 0.940127 0.856482 0.780391 0.791085 0.976547 0.897269 0.892218 0.741543 0.768236 0.826670 0.920266 0.903130 0.824074 0.795953 0.727949 0.987251 0.893514 0.818519 0.796238 0.948090 0.951950 0.857243 0.992820 0.911243 0.938454 0.886353 0.850331 0.797406 0.989091 0.970177 0.867897 0.859227 0.930676 0.859990 0.901745 0.909577 0.849356 0.901192 0.918974 0.921261 0.813277 0.783111 0.815736 0.798857 0.899559 0.981194 0.957747 0.969504 0.914498 0.726957 0.981202 0.765194 0.940767 0.988243 0.862272 0.822055 0.883763 0.978340 0.922160 0.993767 0.848405 0.892484 0.816159 0.877028 0.808935 0.958577
0.845923 0.829913 0.802660 0.969500 0.892313 0.907082 0.726886 0.986598 0.933263 0.902281 0.753104 0.730319 0.516076 0.584246 0.526796 0.606270 0.962424 0.838066 0.788105 0.815558 0.941619 0.926368 0.580729 0.683298 0.760841 0.994581 0.922958 0.783603 0.772733 0.897439 0.694485 0.767321 0.000000 0.707604 0.692664 0.806388 0.985368 0.767602 0.931812 0.850120 0.919070 0.919946 0.813768 0.788451 0.695139 0.791953 0.844969 0.857398 0.879897 0.833141 0.759186 0.717087 0.747880 0.908962 0.909810 0.777780 0.840979 0.931732 0.957879 0.991052 0.673952 0.746608 0.895156 0.847074 0.636876 0.817022 0.686966 0.859977 0.985740 0.966827 0.876479 0.878890 0.962510 0.965517 0.993438 0.881368 0.977615 0.826695 0.885650 0.882535 0.879610 0.831911 0.759912 0.733360 0.573228 0.674427 0.831067 0.750139 0.849748 0.678233 0.982128 0.931224 0.975446 0.963267 0.981038 0.949826 0.863236 0.888366 0.881435 0.746998 0.740593 0.892168 0.991625 0.906503 0.688493 0.765815 0.967918 0.889587 0.996337 0.966444 0.930394 0.949853 0.987437 0.982263 0.779781 0.953767
0.698364 0.791102 0.989110 0.887483 0.956942 0.944025 0.895927 0.979001 0.912759 0.951738 0.649064 0.727420 0.665467 0.745579 0.728751 0.844302 0.727372 0.702352 0.630239 0.756132 0.943139 0.978799 0.871899 0.868458 0.942640 0.817931 0.999676 0.996713 0.622023 0.653100 0.811811 0.907839 0.707604 0.000000 0.892020 0.875369 0.935194 0.888956 0.971559 0.918019 0.953438 0.802528 0.985639 0.924635 0.821946 0.837806 0.856669 0.889223 0.909963 0.921227 0.880068 0.890865 0.816492 0.958086 0.861088 0.996564 0.796395 0.854961 0.901195 0.861697 0.606551 0.716650 0.733302 0.722549 0.986117 0.960606 0.882916 0.931463 0.878964 0.998222 0.919422 0.933490 0.992570 0.976811 0.803923 0.968025 0.991459 0.939845 0.847787 0.726626 0.724391 0.735688 0.870559 0.812457 0.829593 0.916772 0.909522 0.806550 0.790212 0.868049 0.921100 0.858710 0.883691 0.841447 0.996654 0.972705 0.996963 0.822238 0.905617 0.989989 0.959070 0.865023 0.952544 0.949211 0.996386 0.862648 0.966446 0.974540 0.963100 0.977946 0.969626 0.918515 0.931670 0.862029 0.922434 0.869452
0.990271 0.938217 0.840807 0.999315 0.934274 0.793824 0.971981 0.850759 0.862997 0.860134 0.898023 0.875131 0.775528 0.663924 0.663929 0.698000 0.914176 0.945312 0.993470 0.977360 0.991181 0.859197 0.667116 0.735936 0.764503 0.769491 0.859872 0.844208 0.989080 0.871961 0.864641 0.982451 0.692664 0.892020 0.000000 0.742867 0.770810 0.872006 0.688177 0.971054 0.947037 0.906762 0.713172 0.779287 0.633595 0.746105 0.753295 0.863384 0.774876 0.767953 0.706194 0.639886 0.754963 0.713227 0.883894 0.818141 0.989297 0.995107 0.970358 0.967673 0.899561 0.911214 0.976658 0.975335 0.658338 0.747586 0.621375 0.721508 0.944482 0.974134 0.949055 0.920644 0.987770 0.953414 0.789016 0.786677 0.801308 0.680558 0.977845 0.871601 0.964584 0.941642 0.774570 0.987049 0.665865 0.652284 0.871270 0.912913 0.945133 0.787746 0.934236 0.993081 0.920065 0.974572 0.857176 0.944444 0.969564 0.960168 0.822161 0.741330 0.992329 0.958054 0.937399 0.958132 0.759154 0.905198 0.947996 0.992233 0.869166 0.896756 0.994976 0.843210 0.859344 0.926288 0.752545 0.877503
0.992363 0.945574 0.834193 0.873140 0.999942 0.908749 0.961698 0.983842 0.879219 0.903601 0.916861 0.945361 0.862928 0.749609 0.835944 0.774349 0.928666 0.966293 0.922773 0.912199 0.990451 0.996136 0.783576 0.774676 0.806019 0.897780 0.701890 0.848085 0.959014 0.964627 0.742622 0.892596 0.806388 0.875369 0.742867 0.000000 0.802238 0.928999 0.839672 0.935042 0.929614 0.917983 0.841720 0.868034 0.794114 0.904386 0.896251 0.899677 0.941586 0.899733 0.922559 0.808975 0.780890 0.883943 0.987079 0.994048 0.991495 0.964754 0.981711 0.922201 0.998366 0.983969 0.954940 0.930526 0.761370 0.833305 0.824854 0.740435 0.835169 0.937691 0.957171 0.787886 0.925841 0.978215 0.817823 0.891234 0.865828 0.991454 0.948130 0.942501 0.910826 0.972337 0.733078 0.948981 0.812376 0.737584 0.884322 0.948459 0.981105 0.864728 0.920893 0.893669 0.884447 0.878458 0.907448 0.833883 0.974640 0.958179 0.938166 0.911747 0.923150 0.806225 0.958429 0.833673 0.797015 0.783977 0.962070 0.958012 0.927513 0.983207 0.943979 0.928062 0.956940 0.982780 0.639003 0.976684
0.987601 0.974024 0.860630 0.820424 0.807006 0.985220 0.906773 0.970240 0.967526 0.775282 0.852449 0.948994 0.898482 0.897502 0.969915 0.986183 0.900575 0.953811 0.741671 0.888035 0.775140 0.842603 0.986264 0.986876 0.780054 0.690335 0.877218 0.895599 0.735228 0.733816 0.769256 0.917163 0.985368 0.935194 0.770810 0.802238 0.000000 0.818612 0.721717 0.638752 0.926801 0.938486 0.677148 0.659998 0.787652 0.768587 0.752638 0.817608 0.815905 0.874699 0.753712 0.824219 0.860623 0.885496 0.757793 0.834993 0.904508 0.999329 0.946119 0.905867 0.769190 0.843850 0.906217 0.900117 0.896594 0.948028 0.766031 0.709990 0.964521 0.879562 0.978657 0.918206 0.972027 0.963666 0.940054 0.929619 0.795715 0.930965 0.939230 0.817163 0.964588 0.965482 0.910147 0.975082 0.962175 0.838793 0.918563 0.940764 0.980421 0.837373 0.954210 0.973150 0.947954 0.961870 0.839144 0.921763 0.927180 0.850130 0.931429 0.967360 0.941846 0.918311 0.950903 0.920785 0.891942 0.985152 0.986699 0.944902 0.968855 0.963436 0.948083 0.954905 0.995753 0.890924 0.814083 0.821162
0.884962 0.975312 0.840088 0.902135 0.832210 0.940457 0.982298 0.963112 0.956210 0.918310 0.931355 0.967280 0.919259 0.845049 0.906691 0.831587 0.947412 0.973298 0.954101 0.809444 0.764646 0.998461 0.867994 0.743327 0.800128 0.866195 0.747410 0.964986 0.906408 0.899555 0.730411 0.993636 0.767602 0.888956 0.872006 0.928999 0.818612 0.000000 0.945398 0.680056 0.930796 0.915169 0.798571 0.743060 0.776712 0.753729 0.900024 0.881614 0.823139 0.853234 0.746382 0.773292 0.738523 0.821355 0.892523 0.802298 0.888774 0.969937 0.920096 0.934617 0.918387 0.969245 0.964927 0.950836 0.815381 0.962166 0.813642 0.919519 0.910172 0.785055 0.983676 0.966392 0.863567 0.953769 0.903389 0.807911 0.902934 0.881961 0.999712 0.923916 0.941058 0.921214 0.787177 0.809014 0.851715 0.764920 0.936356 0.862744 0.706537 0.703325 0.904382 0.954972 0.958031 0.998012 0.944797 0.844909 0.969108 0.836268 0.976863 0.987172 0.806723 0.951919 0.992897 0.967030 0.877312 0.902557 0.991852 0.987454 0.903379 0.898644 0.926246 0.969210 0.967318 0.966605 0.996046 0.897096
