0.000000 0.174037 0.416992 0.515426 0.667847 0.838948 0.330188 0.471751 0.853374 0.683507 0.377208 0.317106 0.244252 0.405432 0.527973 0.628308 0.351474 0.344418 0.244511 0.254688 0.605363 0.949308 0.516977 0.618711 0.638029 0.782038 0.829186 0.873322 0.627512 0.600540 0.781753 0.941784 0.273566 0.286536 0.529531 0.933657 0.445275 0.646925 0.605468 0.691421 0.665461 0.862864 0.774718 0.724764 0.887701 0.811612 0.418935 0.462836 0.774157 0.544121 0.674227 0.581119 0.960870 0.699519 0.378581 0.473327 0.270462 0.189757 0.258868 0.318269 0.211661 0.330287 0.303650 0.321043 0.464231 0.340751 0.301885 0.453588 0.250306 0.256127 0.630426 0.872104 0.635044 0.756191 0.742987 0.872003 0.632939 0.862510 0.517851 0.495461 0.270139 0.252406 0.336464 0.333369 0.253922 0.343807 0.528647 0.610091 0.426471 0.424268 0.690851 0.578754 0.809701 0.700726 0.843807 0.879994 0.412082 0.937327 0.883212 0.961785 0.619238 0.851903 0.848652 0.855453 0.603474 0.494098 0.957232 0.940932 0.876487 0.668557 0.990128 0.763835 0.980285 0.895783 0.690032 0.876482
0.174037 0.000000 0.468028 0.508509 0.712523 0.840273 0.351519 0.410699 0.878333 0.755426 0.389962 0.262705 0.283571 0.366228 0.554668 0.629006 0.311392 0.294999 0.226311 0.220719 0.629551 0.901966 0.504468 0.613685 0.713445 0.885404 0.870804 0.904500 0.536351 0.510593 0.780044 0.854548 0.254350 0.278335 0.575041 0.928604 0.481117 0.607926 0.643726 0.713679 0.689108 0.757826 0.645860 0.623063 0.798008 0.734449 0.357762 0.415971 0.699276 0.495245 0.611073 0.527476 0.991509 0.761917 0.430374 0.506268 0.233172 0.162905 0.263753 0.316807 0.241113 0.339422 0.265121 0.263422 0.558384 0.395872 0.308435 0.428828 0.310566 0.294397 0.548511 0.784578 0.637699 0.739479 0.781738 0.810114 0.525568 0.719822 0.406506 0.437346 0.244754 0.258065 0.371327 0.380570 0.324854 0.395254 0.600506 0.626897 0.487120 0.464810 0.740289 0.667365 0.866567 0.713448 0.816133 0.854477 0.382965 0.882818 0.780837 0.848313 0.697930 0.893604 0.744495 0.779750 0.571253 0.474180 0.952622 0.952121 0.910877 0.635555 0.945442 0.713981 0.905248 0.880868 0.622430 0.843020
0.416992 0.468028 0.000000 0.250714 0.724967 0.932611 0.421315 0.611616 0.667374 0.599407 0.800797 0.699382 0.344951 0.655162 0.490200 0.541695 0.796777 0.802714 0.614917 0.582130 0.525791 0.883360 0.387462 0.353620 0.300465 0.347418 0.618768 0.725753 0.896791 0.877586 0.649258 0.843066 0.518994 0.618704 0.404920 0.913948 0.344978 0.520609 0.381927 0.644041 0.663000 0.923195 0.993264 0.959930 0.894041 0.992582 0.619385 0.621950 0.945269 0.657530 0.834892 0.680273 0.966739 0.767503 0.264242 0.528740 0.709079 0.522964 0.451497 0.412975 0.383595 0.456902 0.769383 0.767818 0.188931 0.225191 0.377696 0.485493 0.315536 0.384884 0.825723 0.937957 0.694290 0.764390 0.807349 0.997939 0.736513 0.887378 0.803715 0.860469 0.724434 0.602763 0.628764 0.532126 0.267904 0.235348 0.567696 0.733353 0.282902 0.329560 0.704581 0.632704 0.927831 0.895567 0.767337 0.943806 0.690205 0.970328 0.754235 0.701056 0.585836 0.739658 0.795568 0.782770 0.676874 0.629633 0.851415 0.970984 0.947544 0.901935 0.925073 0.908018 0.813800 0.927599 0.773862 0.943926
0.515426 0.508509 0.250714 0.000000 0.746091 0.914627 0.450151 0.474784 0.665588 0.721354 0.944517 0.686725 0.419324 0.581560 0.480182 0.474227 0.880435 0.825859 0.668108 0.625797 0.574764 0.988027 0.353125 0.291821 0.332853 0.423649 0.598909 0.781372 0.906908 0.866684 0.653726 0.994577 0.579025 0.635566 0.468486 0.821042 0.419627 0.491730 0.378242 0.618257 0.739433 0.834508 0.869101 0.856648 0.953490 0.880999 0.595222 0.546308 0.982167 0.623173 0.758175 0.647250 0.995698 0.811746 0.338756 0.593787 0.757254 0.571707 0.517808 0.461432 0.474158 0.477107 0.838945 0.788348 0.261805 0.281706 0.419119 0.478349 0.466090 0.478273 0.858009 0.935716 0.855989 0.876880 0.821106 0.998555 0.672332 0.966941 0.801370 0.919612 0.791378 0.721087 0.674137 0.590419 0.356825 0.256157 0.586118 0.776594 0.364288 0.313494 0.861868 0.746318 0.922557 0.986971 0.767034 0.809110 0.714025 0.969013 0.882499 0.848494 0.656916 0.702447 0.856321 0.871683 0.650008 0.545127 0.807806 0.872197 0.865407 0.848107 0.984915 0.986733 0.871244 0.979269 0.770320 0.941135
0.667847 0.712523 0.724967 0.746091 0.000000 0.971252 0.730135 0.794116 0.885048 0.856087 0.799450 0.758484 0.593399 0.789069 0.661732 0.698960 0.801682 0.824078 0.740548 0.762409 0.822498 0.772572 0.642681 0.715402 0.645866 0.757412 0.872188 0.827725 0.888537 0.904693 0.808815 0.995361 0.728403 0.734018 0.806719 0.958251 0.744658 0.813135 0.865203 0.721398 0.916468 0.992186 0.938189 0.948210 0.953789 0.997429 0.820525 0.727436 0.968337 0.913905 0.922028 0.906338 0.928437 0.775228 0.710578 0.862949 0.730698 0.742754 0.724955 0.749546 0.694320 0.731493 0.811489 0.776172 0.701049 0.686232 0.773975 0.784742 0.636104 0.634158 0.948358 0.925934 0.853976 0.964712 0.868882 0.908218 0.953762 0.982124 0.855819 0.814304 0.742596 0.767622 0.750697 0.741801 0.656084 0.673625 0.812799 0.779300 0.731824 0.711456 0.869403 0.853243 0.991648 0.866781 0.822548 0.982875 0.883293 0.904488 0.975724 0.955365 0.819501 0.937785 0.974511 0.910461 0.940408 0.762083 0.964300 0.933845 0.931878 0.979545 0.831616 0.995411 0.996370 0.899164 0.797121 0.998031
0.838948 0.840273 0.932611 0.914627 0.971252 0.000000 0.861164 0.868859 0.895491 0.953803 0.838050 0.839300 0.920972 0.889306 0.986496 0.877842 0.860260 0.778367 0.875186 0.876815 0.697295 0.929174 0.953859 0.973237 0.995374 0.965936 0.917078 0.722234 0.866358 0.885759 0.810695 0.940019 0.913893 0.862767 0.993015 0.722690 0.998152 0.948768 0.920319 0.700722 0.777063 0.868920 0.795353 0.788539 0.847245 0.858896 0.877590 0.987360 0.896752 0.940538 0.967471 0.924810 0.901282 0.783942 0.921040 0.890916 0.800147 0.853669 0.930206 0.945308 0.916773 0.937414 0.973416 0.988935 0.947419 0.845988 0.839468 0.862057 0.894917 0.881200 0.977778 0.973337 0.903762 0.994360 0.763294 0.965577 0.913005 0.985457 0.989483 0.820740 0.874377 0.829303 0.998131 0.909045 0.945058 0.881821 0.842126 0.990495 0.959411 0.888553 0.748185 0.888869 0.770541 0.805991 0.969357 0.900558 0.800920 0.705977 0.773652 0.760377 0.933167 0.996188 0.917211 0.897328 0.973093 0.888600 0.912669 0.997161 0.958674 0.923133 0.871070 0.896982 0.968193 0.973206 0.960985 0.711320
0.330188 0.351519 0.421315 0.450151 0.730135 0.861164 0.000000 0.277795 0.576491 0.962018 0.520170 0.474354 0.321955 0.367997 0.435550 0.533164 0.501512 0.475485 0.345187 0.377898 0.724429 0.999869 0.600482 0.636245 0.731919 0.726805 0.937145 0.957264 0.632396 0.712616 0.595644 0.754740 0.304932 0.284429 0.613449 0.903738 0.486368 0.550705 0.645525 0.750397 0.753212 0.785380 0.502510 0.459451 0.587705 0.499640 0.365380 0.347738 0.614936 0.440720 0.483950 0.453458 0.748416 0.975777 0.383142 0.462799 0.457724 0.385462 0.340008 0.412796 0.281788 0.366401 0.483969 0.452248 0.534531 0.371253 0.260978 0.292166 0.449117 0.436584 0.530586 0.663693 0.650847 0.561426 0.709311 0.779344 0.450693 0.717217 0.542272 0.620661 0.494296 0.517926 0.541231 0.518489 0.441828 0.449625 0.706379 0.804008 0.552583 0.585531 0.988556 0.905217 0.968424 0.958929 0.797262 0.768262 0.470593 0.971109 0.696317 0.735530 0.874564 0.889091 0.762043 0.710958 0.452484 0.489808 0.783642 0.843925 0.906832 0.740886 0.837305 0.629895 0.818785 0.722506 0.599640 0.902883
0.471751 0.410699 0.611616 0.474784 0.794116 0.868859 0.277795 0.000000 0.655639 0.823451 0.640078 0.440507 0.481478 0.322649 0.545035 0.512814 0.596641 0.554661 0.459776 0.490172 0.828280 0.972836 0.677931 0.688667 0.873272 0.885689 0.987119 0.919790 0.602453 0.681926 0.686315 0.658471 0.447812 0.376465 0.737476 0.824224 0.602465 0.611693 0.716240 0.786840 0.929363 0.786113 0.442190 0.436819 0.577490 0.436752 0.331627 0.361233 0.558137 0.436444 0.402730 0.401781 0.650643 0.890503 0.481246 0.577439 0.551159 0.480129 0.408880 0.445958 0.381474 0.332942 0.520178 0.433273 0.729677 0.490459 0.415871 0.366455 0.665576 0.548511 0.673543 0.723621 0.804589 0.690534 0.765385 0.724490 0.481644 0.668853 0.564906 0.665770 0.583078 0.676393 0.602429 0.640254 0.633770 0.564690 0.796850 0.866215 0.693226 0.659153 0.919532 0.950474 0.965034 0.875401 0.896060 0.721315 0.490548 0.872784 0.560352 0.570412 0.953100 0.960218 0.629974 0.685695 0.519479 0.487617 0.801966 0.707696 0.928482 0.744554 0.807015 0.539944 0.692246 0.719158 0.597720 0.827069
0.853374 0.878333 0.667374 0.665588 0.885048 0.895491 0.576491 0.655639 0.000000 0.810435 0.899833 0.980981 0.701803 0.843964 0.711040 0.842343 0.963328 0.977212 0.850506 0.898991 0.938107 0.998629 0.799223 0.744928 0.777485 0.676868 0.918553 0.999951 0.990688 0.878812 0.645925 0.982956 0.748286 0.814996 0.724147 0.967358 0.680211 0.684168 0.787336 0.916978 0.967519 0.822314 0.727862 0.747573 0.645211 0.656412 0.719221 0.703009 0.777246 0.660484 0.640959 0.649251 0.629405 0.732058 0.645869 0.674683 0.959795 0.916002 0.730916 0.839803 0.701560 0.740793 0.975279 0.958912 0.705867 0.693600 0.626366 0.575038 0.775178 0.871508 0.779808 0.759197 0.831611 0.725969 0.815296 0.945223 0.641143 0.906757 0.963279 0.980439 0.947872 0.935440 0.927540 0.897515 0.817353 0.760738 0.975357 0.888018 0.717739 0.841765 0.925193 0.914960 0.945378 0.886978 0.737009 0.911405 0.914074 0.939371 0.842409 0.854681 0.954650 0.920774 0.958222 0.842716 0.724190 0.692185 0.798113 0.831027 0.794194 0.973905 0.904996 0.826654 0.906942 0.898344 0.800586 0.923984
0.683507 0.755426 0.599407 0.721354 0.856087 0.953803 0.962018 0.823451 0.810435 0.000000 0.948310 0.925609 0.685339 0.963079 0.871488 0.894655 0.904543 0.929999 0.854983 0.791010 0.730919 0.998126 0.604605 0.569607 0.488333 0.656594 0.554194 0.725502 0.764053 0.879286 0.960278 0.692142 0.849339 0.995943 0.633331 0.943728 0.669478 0.937097 0.568098 0.811237 0.782228 0.916654 0.533222 0.587040 0.410274 0.446982 0.981974 0.895762 0.530025 0.842831 0.655894 0.808704 0.557480 0.457473 0.677673 0.863980 0.833264 0.723027 0.891235 0.834679 0.840678 0.925136 0.920026 0.973213 0.504608 0.644973 0.896591 0.927901 0.573568 0.701536 0.945730 0.719811 0.891286 0.742049 0.993830 0.786003 0.814144 0.680439 0.949000 0.997300 0.778273 0.608737 0.629564 0.606462 0.449144 0.512598 0.697525 0.663309 0.583412 0.477186 0.448822 0.460749 0.729855 0.702670 0.960189 0.818923 0.985967 0.755377 0.437599 0.387305 0.442630 0.578459 0.519327 0.532947 0.845495 0.966963 0.880361 0.693596 0.898170 0.977011 0.629614 0.686806 0.553222 0.739097 0.866850 0.914782
0.377208 0.389962 0.800797 0.944517 0.799450 0.838050 0.520170 0.640078 0.899833 0.948310 0.000000 0.352898 0.551233 0.528758 0.826130 0.878934 0.382744 0.321941 0.369439 0.353918 0.789822 0.870728 0.956141 0.959238 0.900879 0.812410 0.817670 0.848571 0.474318 0.390148 0.968259 0.807956 0.460982 0.360869 0.865078 0.998957 0.809297 0.890479 0.944662 0.929555 0.754131 0.897147 0.733301 0.718972 0.723800 0.765541 0.616022 0.659281 0.676195 0.709655 0.779984 0.772503 0.912951 0.800031 0.740582 0.715495 0.364900 0.402556 0.524664 0.601011 0.461261 0.593662 0.363353 0.394368 0.907801 0.692844 0.542388 0.570196 0.556545 0.557849 0.699154 0.788084 0.665823 0.623761 0.740380 0.837789 0.735855 0.792018 0.542135 0.470009 0.327378 0.377517 0.591012 0.567718 0.655608 0.766731 0.745586 0.842312 0.813958 0.836819 0.879911 0.816344 0.936991 0.801259 0.949491 0.964031 0.550645 0.916592 0.679379 0.802685 0.914830 0.909403 0.645891 0.702903 0.711153 0.678487 0.836791 0.911221 0.713648 0.751818 0.939974 0.720988 0.862057 0.850267 0.763710 0.877162
0.317106 0.262705 0.699382 0.686725 0.758484 0.839300 0.474354 0.440507 0.980981 0.925609 0.352898 0.000000 0.434228 0.342875 0.617730 0.617294 0.377759 0.299539 0.291709 0.282985 0.725679 0.868553 0.637302 0.745984 0.907232 0.890930 0.960960 0.930991 0.446343 0.402977 0.884166 0.750259 0.387196 0.335031 0.773693 0.892081 0.657790 0.701039 0.891789 0.776654 0.854899 0.825284 0.657151 0.680923 0.797963 0.769920 0.496889 0.551495 0.729193 0.629870 0.683185 0.661854 0.948815 0.762095 0.654115 0.629451 0.300206 0.305871 0.442838 0.489494 0.335659 0.338514 0.308365 0.251646 0.784706 0.559138 0.531805 0.533519 0.507574 0.428505 0.654492 0.770097 0.620725 0.683958 0.790267 0.787497 0.660669 0.652802 0.457024 0.421030 0.301968 0.374601 0.533752 0.513963 0.527635 0.571919 0.716007 0.747101 0.696484 0.636576 0.797820 0.672624 0.853645 0.613544 0.957131 0.741332 0.487569 0.843539 0.698997 0.746423 0.847096 0.958666 0.598635 0.710975 0.594526 0.523376 0.920090 0.908582 0.870951 0.652980 0.876854 0.657352 0.800847 0.819476 0.646812 0.859253
0.244252 0.283571 0.344951 0.419324 0.593399 0.920972 0.321955 0.481478 0.701803 0.685339 0.551233 0.434228 0.000000 0.418927 0.391159 0.448152 0.445873 0.497151 0.343517 0.347780 0.576320 0.965440 0.360101 0.469543 0.528921 0.688235 0.755378 0.798979 0.718855 0.732054 0.598040 0.933559 0.318900 0.359747 0.569585 0.970426 0.393316 0.605508 0.543736 0.650317 0.617549 0.918546 0.781669 0.711459 0.957694 0.815561 0.478121 0.445281 0.871186 0.531476 0.658458 0.554706 0.993125 0.821784 0.394548 0.506049 0.432722 0.315567 0.335186 0.336378 0.236956 0.327962 0.413753 0.399357 0.378327 0.309970 0.374563 0.501561 0.296074 0.300913 0.633039 0.847587 0.594811 0.668216 0.733357 0.823248 0.578194 0.830134 0.566511 0.538437 0.418578 0.391275 0.428333 0.408881 0.258652 0.304674 0.525166 0.612528 0.418091 0.405685 0.656575 0.623625 0.739334 0.732549 0.838413 0.945196 0.537946 0.931469 0.991784 0.950026 0.627396 0.814746 0.923948 0.877974 0.630682 0.467286 0.893154 0.895981 0.943813 0.836002 0.959948 0.822345 0.964667 0.955081 0.653854 0.910871
0.405432 0.366228 0.655162 0.581560 0.789069 0.889306 0.367997 0.322649 0.843964 0.963079 0.528758 0.342875 0.418927 0.000000 0.541141 0.480376 0.452756 0.379058 0.308739 0.341335 0.767740 0.847569 0.579420 0.586635 0.866449 0.951201 0.824565 0.924841 0.489580 0.481728 0.716238 0.601096 0.404711 0.351914 0.687464 0.849587 0.677709 0.560584 0.751275 0.744430 0.922553 0.791133 0.620062 0.584080 0.793433 0.675142 0.483592 0.523479 0.775079 0.678386 0.666012 0.665926 0.981013 0.854587 0.626172 0.629263 0.407531 0.429518 0.529534 0.580865 0.433978 0.421227 0.470429 0.384701 0.729963 0.511559 0.499015 0.544607 0.608530 0.575043 0.626058 0.648222 0.722395 0.738122 0.791476 0.716876 0.624663 0.599419 0.493401 0.516590 0.418540 0.473965 0.493241 0.519795 0.545820 0.515422 0.728560 0.716762 0.696651 0.653396 0.875873 0.785505 0.873870 0.787682 0.967382 0.698589 0.531090 0.923460 0.739568 0.711280 0.849860 0.935224 0.692212 0.715307 0.597781 0.565512 0.925029 0.985534 0.962322 0.749079 0.883119 0.640450 0.801928 0.794241 0.734831 0.852908
0.527973 0.554668 0.490200 0.480182 0.661732 0.986496 0.435550 0.545035 0.711040 0.871488 0.826130 0.617730 0.391159 0.541141 0.000000 0.345510 0.663717 0.654404 0.568469 0.562087 0.680143 0.955580 0.405970 0.464298 0.582073 0.706596 0.747311 0.840156 0.787755 0.838584 0.491957 0.763893 0.481086 0.550905 0.782925 0.969397 0.555466 0.593656 0.685127 0.866385 0.708866 0.795129 0.789574 0.743551 0.977219 0.882855 0.601979 0.590231 0.958077 0.719770 0.808444 0.722428 0.913753 0.849145 0.544753 0.686780 0.626095 0.552315 0.625565 0.607139 0.477573 0.455461 0.643884 0.572856 0.511648 0.463224 0.636886 0.662022 0.526507 0.544974 0.698754 0.786209 0.767942 0.786956 0.916033 0.777980 0.747418 0.799575 0.737699 0.676696 0.604999 0.605593 0.599607 0.540645 0.466932 0.456154 0.603229 0.662039 0.549981 0.506808 0.841078 0.819777 0.865933 0.836641 0.868221 0.840125 0.639881 0.868134 0.966322 0.945139 0.839373 0.970358 0.937338 0.942879 0.701089 0.681459 0.838147 0.980097 0.910626 0.937029 0.924243 0.907593 0.985252 0.857354 0.805379 0.936413
0.628308 0.629006 0.541695 0.474227 0.698960 0.877842 0.533164 0.512814 0.842343 0.894655 0.878934 0.617294 0.448152 0.480376 0.345510 0.000000 0.802732 0.756713 0.656875 0.669441 0.652215 0.998020 0.427785 0.421360 0.550919 0.684117 0.742723 0.864347 0.871416 0.920290 0.554313 0.746308 0.601097 0.593197 0.735437 0.867682 0.575824 0.641529 0.674435 0.676543 0.707054 0.966277 0.796184 0.722456 0.923005 0.902391 0.596622 0.633722 0.944994 0.864924 0.883085 0.816393 0.997312 0.815844 0.625450 0.789428 0.724503 0.662902 0.682567 0.606689 0.536846 0.486607 0.774405 0.669255 0.567455 0.472408 0.708890 0.748631 0.624992 0.569400 0.861377 0.822988 0.806052 0.759127 0.906506 0.684139 0.815146 0.801000 0.804487 0.766183 0.760444 0.733040 0.705005 0.630327 0.573488 0.440258 0.724509 0.788898 0.584706 0.538805 0.844522 0.796690 0.932780 0.842255 0.963461 0.873431 0.754522 0.922621 0.989844 0.978177 0.865644 0.848548 0.932563 0.953152 0.789993 0.632081 0.825338 0.961692 0.886701 0.923444 0.957322 0.875035 0.858329 0.935129 0.768563 0.922179
0.351474 0.311392 0.796777 0.880435 0.801682 0.860260 0.501512 0.596641 0.963328 0.904543 0.382744 0.377759 0.445873 0.452756 0.663717 0.802732 0.000000 0.234617 0.253804 0.281211 0.884839 0.912486 0.729766 0.883577 0.978891 0.837267 0.984818 0.954554 0.361932 0.324878 0.784138 0.663960 0.314324 0.330700 0.885607 0.965050 0.702964 0.826710 0.975251 0.818557 0.718406 0.734573 0.579905 0.546751 0.732991 0.711253 0.501571 0.559765 0.687579 0.661142 0.695513 0.683480 0.984081 0.863488 0.714325 0.641918 0.222893 0.279763 0.498038 0.563843 0.447591 0.540415 0.253536 0.256162 0.872146 0.681044 0.541788 0.607207 0.528450 0.547476 0.490931 0.666240 0.651730 0.734789 0.797333 0.720577 0.602715 0.560028 0.371573 0.349810 0.203277 0.272491 0.408426 0.457867 0.551963 0.690143 0.784231 0.611405 0.753375 0.757607 0.837335 0.849451 0.814332 0.718401 0.979033 0.949688 0.490527 0.893031 0.664553 0.742892 0.875319 0.833090 0.563279 0.580925 0.670571 0.663514 0.968006 0.922503 0.879207 0.689508 0.927976 0.641737 0.826977 0.797482 0.687368 0.860750
0.344418 0.294999 0.802714 0.825859 0.824078 0.778367 0.475485 0.554661 0.977212 0.929999 0.321941 0.299539 0.497151 0.379058 0.654404 0.756713 0.234617 0.000000 0.254392 0.201485 0.790199 0.835468 0.751216 0.827550 0.985047 0.843962 0.962181 0.950960 0.341558 0.285304 0.853038 0.620668 0.320739 0.298116 0.843704 0.911319 0.732281 0.670690 0.931958 0.854631 0.708446 0.687914 0.568925 0.560936 0.699162 0.728680 0.542565 0.594078 0.709767 0.746924 0.805349 0.817875 0.845264 0.699773 0.737101 0.675438 0.181889 0.261902 0.543330 0.648823 0.491039 0.584687 0.314195 0.292591 0.865936 0.659548 0.508981 0.560363 0.509156 0.522521 0.509359 0.594648 0.696697 0.699555 0.826831 0.765152 0.662488 0.547232 0.357231 0.313206 0.204189 0.251282 0.447411 0.490639 0.561464 0.655073 0.750039 0.673394 0.754050 0.737830 0.957320 0.873261 0.999549 0.846311 0.997005 0.774711 0.446997 0.859922 0.630384 0.671980 0.908900 0.880702 0.523181 0.598108 0.586937 0.627268 0.959356 0.917540 0.876826 0.636372 0.844050 0.624679 0.904050 0.786998 0.772037 0.847886
0.244511 0.226311 0.614917 0.668108 0.740548 0.875186 0.345187 0.459776 0.850506 0.854983 0.369439 0.291709 0.343517 0.308739 0.568469 0.656875 0.253804 0.254392 0.000000 0.231459 0.715070 0.871490 0.618880 0.715263 0.889747 0.977845 0.876328 0.980323 0.408032 0.394819 0.734451 0.704656 0.284330 0.249271 0.667659 0.936940 0.633497 0.658138 0.791768 0.700768 0.772772 0.766916 0.610465 0.577939 0.739808 0.700154 0.429347 0.467502 0.696692 0.591678 0.632927 0.599951 0.975239 0.816384 0.549855 0.557850 0.229491 0.252101 0.363481 0.452634 0.322060 0.441395 0.268467 0.274737 0.714722 0.517788 0.366483 0.496211 0.427484 0.450374 0.459266 0.700238 0.634963 0.723651 0.775428 0.744855 0.566095 0.624423 0.426257 0.415816 0.241321 0.293489 0.414784 0.444683 0.447305 0.534099 0.726323 0.641994 0.655505 0.660228 0.793976 0.751883 0.822313 0.722751 0.913626 0.801997 0.422754 0.930038 0.721197 0.741167 0.740725 0.958216 0.677592 0.629397 0.561803 0.517171 0.957940 0.979263 0.897056 0.629304 0.909677 0.637796 0.865005 0.812337 0.620791 0.889093
0.254688 0.220719 0.582130 0.625797 0.762409 0.876815 0.377898 0.490172 0.898991 0.791010 0.353918 0.282985 0.347780 0.341335 0.562087 0.669441 0.281211 0.201485 0.231459 0.000000 0.700972 0.812949 0.571559 0.657514 0.802049 0.949148 0.854228 0.991973 0.462364 0.392064 0.703823 0.717877 0.255714 0.289817 0.658743 0.909917 0.573013 0.552434 0.764341 0.777181 0.703989 0.696616 0.637333 0.619286 0.790251 0.806230 0.513601 0.554883 0.799497 0.660161 0.765462 0.726643 0.873344 0.701093 0.583232 0.619436 0.195592 0.216340 0.442087 0.518995 0.362704 0.464447 0.318425 0.294988 0.647380 0.485246 0.397738 0.487301 0.367937 0.405225 0.460174 0.619605 0.635831 0.670530 0.774606 0.804885 0.560218 0.607874 0.381294 0.368191 0.232068 0.239613 0.419939 0.428717 0.395021 0.481328 0.681343 0.658537 0.610266 0.579929 0.812025 0.752623 0.916912 0.818406 0.940113 0.850608 0.427580 0.955203 0.789517 0.824541 0.747738 0.959450 0.647898 0.710202 0.527968 0.569425 0.959597 0.940404 0.874896 0.671131 0.910417 0.707548 0.968067 0.827693 0.724162 0.847711
0.605363 0.629551 0.525791 0.574764 0.822498 0.697295 0.724429 0.828280 0.938107 0.730919 0.789822 0.725679 0.576320 0.767740 0.680143 0.652215 0.884839 0.790199 0.715070 0.700972 0.000000 0.930204 0.646251 0.576909 0.607588 0.659335 0.766021 0.629834 0.980927 0.985878 0.948798 0.934367 0.748195 0.736493 0.609983 0.740658 0.643828 0.638635 0.638343 0.729924 0.709992 0.962796 0.947312 0.948513 0.928897 0.961230 0.816555 0.919425 0.930707 0.923996 0.973880 0.960103 0.757431 0.649413 0.617529 0.897811 0.740992 0.672074 0.704135 0.685903 0.618229 0.680984 0.895323 0.884213 0.506109 0.484486 0.627499 0.804058 0.536713 0.610130 0.921299 0.962775 0.866192 0.945105 0.953804 0.974664 0.840399 0.950272 0.977708 0.800560 0.811879 0.685588 0.781088 0.737904 0.561624 0.489693 0.716922 0.800418 0.623030 0.601111 0.820352 0.702245 0.998496 0.959690 0.802751 0.926996 0.789178 0.913524 0.875019 0.838401 0.714406 0.788427 0.908508 0.822651 0.977285 0.840037 0.954849 0.788025 0.941745 0.956071 0.948167 0.870983 0.869523 0.907757 0.864931 0.925189
0.949308 0.901966 0.883360 0.988027 0.772572 0.929174 0.999869 0.972836 0.998629 0.998126 0.870728 0.868553 0.965440 0.847569 0.955580 0.998020 0.912486 0.835468 0.871490 0.812949 0.930204 0.000000 0.957249 0.991290 0.980320 0.948870 0.858663 0.992083 0.848663 0.803003 0.904069 0.810662 0.905665 0.938895 0.968482 0.847867 0.984623 0.964282 0.935872 0.831182 0.909069 0.964538 0.790607 0.827366 0.899623 0.982690 0.871166 0.942296 0.986916 0.957007 0.925365 0.962963 0.869344 0.908024 0.878982 0.947863 0.802687 0.904575 0.945734 0.951773 0.996049 0.907257 0.982390 0.948682 0.944630 0.985956 0.940476 0.969443 0.885375 0.897517 0.922553 0.979426 0.996862 0.940500 0.951466 0.969347 0.871259 0.766606 0.907885 0.965462 0.905584 0.939815 0.906484 0.976490 0.975654 0.996076 0.988509 0.916733 0.955447 0.967795 0.960497 0.881581 0.851143 0.860460 0.891176 0.964247 0.946306 0.916252 0.936636 0.889918 0.945470 0.966227 0.869773 0.951950 0.991312 0.844839 0.976007 0.999411 0.778400 0.936393 0.982526 0.995293 0.892392 0.980291 0.969920 0.928074
0.516977 0.504468 0.387462 0.353125 0.642681 0.953859 0.600482 0.677931 0.799223 0.604605 0.956141 0.637302 0.360101 0.579420 0.405970 0.427785 0.729766 0.751216 0.618880 0.571559 0.646251 0.957249 0.000000 0.240568 0.341304 0.536142 0.521969 0.759647 0.964827 0.966217 0.512110 0.976978 0.550997 0.706093 0.600615 0.931425 0.441729 0.549546 0.567740 0.732121 0.761711 0.846735 0.979112 0.932652 0.767614 0.887819 0.666245 0.674557 0.830737 0.759848 0.921860 0.773115 0.880302 0.751536 0.532577 0.729220 0.640971 0.538471 0.633275 0.576203 0.524682 0.524063 0.707667 0.640949 0.368467 0.424240 0.624330 0.745180 0.430472 0.459043 0.728707 0.846633 0.789693 0.909820 0.820626 0.919418 0.806710 0.946669 0.720376 0.749901 0.652540 0.606469 0.592879 0.544426 0.323343 0.300934 0.545554 0.598925 0.417562 0.343531 0.684000 0.655048 0.825799 0.796348 0.846751 0.902370 0.742733 0.890197 0.790171 0.783136 0.535901 0.716220 0.882213 0.920567 0.731985 0.665273 0.923900 0.918209 0.861123 0.910819 0.959061 0.908339 0.867095 0.896392 0.817831 0.983525
0.618711 0.613685 0.353620 0.291821 0.715402 0.973237 0.636245 0.688667 0.744928 0.569607 0.959238 0.745984 0.469543 0.586635 0.464298 0.421360 0.883577 0.827550 0.715263 0.657514 0.576909 0.991290 0.240568 0.000000 0.277254 0.432620 0.451626 0.724575 0.920429 0.909811 0.617134 0.985379 0.669039 0.751115 0.529501 0.800502 0.475460 0.489359 0.480206 0.660425 0.776699 0.839288 0.934065 0.976855 0.732309 0.838528 0.734987 0.755372 0.756279 0.913565 0.925524 0.947731 0.757891 0.618465 0.473623 0.690849 0.748260 0.632641 0.742621 0.698609 0.623828 0.602950 0.920933 0.834015 0.323492 0.382044 0.655923 0.760294 0.501978 0.563553 0.862653 0.893002 0.969133 0.995211 0.869293 0.985414 0.892596 0.975830 0.841798 0.884488 0.777333 0.667059 0.615931 0.546663 0.354587 0.261975 0.597227 0.627287 0.397903 0.312932 0.734311 0.619629 0.958158 0.868744 0.890741 0.828120 0.844255 0.891755 0.748218 0.726601 0.590524 0.673056 0.768480 0.807277 0.797817 0.749299 0.911032 0.855526 0.795290 0.989034 0.896384 0.881401 0.740086 0.844369 0.951532 0.984330
0.638029 0.713445 0.300465 0.332853 0.645866 0.995374 0.731919 0.873272 0.777485 0.488333 0.900879 0.907232 0.528921 0.866449 0.582073 0.550919 0.978891 0.985047 0.889747 0.802049 0.607588 0.980320 0.341304 0.277254 0.000000 0.268909 0.490279 0.625880 0.667582 0.654359 0.676042 0.770381 0.757841 0.897877 0.456043 0.858794 0.415184 0.597730 0.419827 0.642923 0.717015 0.958432 0.781625 0.836706 0.629039 0.726570 0.853499 0.817002 0.661620 0.973891 0.859116 0.982647 0.772907 0.611001 0.433212 0.718761 0.881607 0.729211 0.747984 0.673256 0.656612 0.690247 0.943939 0.982325 0.215997 0.371167 0.683455 0.788808 0.452380 0.491048 0.973025 0.935137 0.918957 0.986414 0.930723 0.871910 0.991110 0.759227 0.998635 0.974855 0.918209 0.754237 0.714957 0.577134 0.342008 0.280374 0.582182 0.709775 0.330469 0.294156 0.733330 0.611916 0.985269 0.911546 0.828001 0.992113 0.930482 0.899333 0.564916 0.541981 0.519184 0.635070 0.599420 0.632588 0.897731 0.818463 0.898947 0.887042 0.904806 0.964685 0.757447 0.730998 0.666897 0.751976 0.996785 0.926757
0.782038 0.885404 0.347418 0.423649 0.757412 0.965936 0.726805 0.885689 0.676868 0.656594 0.812410 0.890930 0.688235 0.951201 0.706596 0.684117 0.837267 0.843962 0.977845 0.949148 0.659335 0.948870 0.536142 0.432620 0.268909 0.000000 0.580863 0.611256 0.583466 0.532006 0.697090 0.813260 0.840194 0.989863 0.531892 0.812373 0.515922 0.619087 0.471239 0.644356 0.826958 0.997842 0.841147 0.881394 0.771951 0.831475 0.865595 0.912706 0.726302 0.962896 0.917260 0.944832 0.929949 0.823143 0.441173 0.741013 0.983737 0.902528 0.801797 0.759113 0.767942 0.830655 0.791378 0.796506 0.295376 0.434199 0.669016 0.753652 0.555735 0.657994 0.934182 0.992735 0.954953 0.974643 0.933545 0.821547 0.983145 0.685618 0.882772 0.843057 0.878128 0.947428 0.898218 0.771872 0.509807 0.392644 0.777935 0.889765 0.429021 0.455791 0.919765 0.810020 0.879010 0.899393 0.750539 0.950637 0.995394 0.922904 0.627986 0.622297 0.669886 0.775243 0.604258 0.580035 0.959905 0.876195 0.852838 0.861583 0.899353 0.945956 0.865544 0.750138 0.716084 0.821876 0.979765 0.788759
0.829186 0.870804 0.618768 0.598909 0.872188 0.917078 0.937145 0.987119 0.918553 0.554194 0.817670 0.960960 0.755378 0.824565 0.747311 0.742723 0.984818 0.962181 0.876328 0.854228 0.766021 0.858663 0.521969 0.451626 0.490279 0.580863 0.000000 0.737477 0.830350 0.845766 0.799048 0.930923 0.881906 0.986757 0.738507 0.866475 0.785768 0.658404 0.702921 0.874535 0.980473 0.892772 0.776448 0.740834 0.578264 0.655974 0.975088 0.916952 0.580474 0.864285 0.787928 0.855828 0.635311 0.620951 0.746927 0.963640 0.928271 0.890762 0.989338 0.940990 0.926451 0.897408 0.919275 0.966053 0.533658 0.611398 0.830807 0.998019 0.708378 0.785702 0.971380 0.982299 0.973316 0.808118 0.851138 0.961245 0.897341 0.828250 0.966534 0.986640 0.944036 0.834686 0.738243 0.828628 0.591365 0.526197 0.773989 0.825632 0.622081 0.569650 0.815694 0.712067 0.965167 0.890855 0.972897 0.946336 0.869687 0.974031 0.692680 0.659203 0.659934 0.742728 0.753747 0.733073 0.909100 0.978743 0.905702 0.823533 0.785954 0.972859 0.817523 0.793871 0.634994 0.880968 0.879054 0.860063
0.873322 0.904500 0.725753 0.781372 0.827725 0.722234 0.957264 0.919790 0.999951 0.725502 0.848571 0.930991 0.798979 0.924841 0.840156 0.864347 0.954554 0.950960 0.980323 0.991973 0.629834 0.992083 0.759647 0.724575 0.625880 0.611256 0.737477 0.000000 0.885379 0.793971 0.881285 0.844603 0.953085 0.943161 0.893301 0.744170 0.785866 0.977507 0.839071 0.762696 0.876511 0.975745 0.973874 0.996678 0.771026 0.864371 0.915283 0.930541 0.826873 0.962547 0.928489 0.997891 0.903114 0.857163 0.779309 0.942255 0.926776 0.889730 0.869523 0.804091 0.915842 0.967304 0.926693 0.916844 0.682830 0.767232 0.906947 0.917059 0.771902 0.712822 0.902500 0.849232 0.935652 0.821375 0.896319 0.962681 0.888104 0.875581 0.991441 0.995567 0.998627 0.902298 0.970520 0.938490 0.761416 0.720724 0.934235 0.999103 0.810895 0.724973 0.891104 0.893950 0.920251 0.993768 0.858186 0.796969 0.936368 0.853416 0.773258 0.739029 0.798476 0.820354 0.746071 0.773649 0.818260 0.913845 0.857696 0.876440 0.917581 0.919861 0.841159 0.773112 0.931558 0.905496 0.943384 0.768508
0.627512 0.536351 0.896791 0.906908 0.888537 0.866358 0.632396 0.602453 0.990688 0.764053 0.474318 0.446343 0.718855 0.489580 0.787755 0.871416 0.361932 0.341558 0.408032 0.462364 0.980927 0.848663 0.964827 0.920429 0.667582 0.583466 0.830350 0.885379 0.000000 0.209183 0.803680 0.439943 0.527783 0.437249 0.868817 0.984388 0.960071 0.956892 0.781122 0.957500 0.942187 0.844779 0.434272 0.457433 0.558650 0.586238 0.633188 0.629848 0.595890 0.709830 0.645892 0.737563 0.861645 0.948999 0.987752 0.816675 0.395829 0.543265 0.669163 0.774815 0.676912 0.699478 0.364060 0.340909 0.762825 0.980151 0.740908 0.724802 0.854848 0.824703 0.512730 0.618318 0.761006 0.733678 0.872927 0.706999 0.635767 0.427499 0.415795 0.382685 0.385572 0.558647 0.651741 0.779006 0.938795 0.984706 0.946317 0.877022 0.925643 0.898052 0.955331 0.914016 0.906240 0.784943 0.931439 0.818089 0.521760 0.945272 0.509324 0.471318 0.811189 0.736932 0.421954 0.399009 0.689843 0.741510 0.987539 0.947873 0.857487 0.706256 0.782752 0.559162 0.674739 0.729494 0.758243 0.876324
0.600540 0.510593 0.877586 0.866684 0.904693 0.885759 0.712616 0.681926 0.878812 0.879286 0.390148 0.402977 0.732054 0.481728 0.838584 0.920290 0.324878 0.285304 0.394819 0.392064 0.985878 0.803003 0.966217 0.909811 0.654359 0.532006 0.845766 0.793971 0.209183 0.000000 0.891786 0.513509 0.530635 0.480343 0.901883 0.991939 0.996042 0.934570 0.773443 0.992040 0.931125 0.815804 0.579937 0.593032 0.680793 0.739753 0.707792 0.750112 0.699687 0.820393 0.788674 0.866888 0.989655 0.900000 0.944972 0.899385 0.346904 0.505819 0.718857 0.818289 0.695878 0.730656 0.353627 0.335043 0.764235 0.982665 0.775397 0.790250 0.819728 0.829919 0.552621 0.643106 0.735817 0.749811 0.841861 0.681705 0.742992 0.464250 0.417394 0.356080 0.331225 0.465132 0.612453 0.719534 0.897671 0.991626 0.916374 0.796134 0.916992 0.925878 0.941295 0.994013 0.863976 0.768681 0.997283 0.893852 0.556711 0.922149 0.591501 0.587829 0.930065 0.790935 0.427986 0.473840 0.704491 0.733047 0.875043 0.949757 0.851149 0.740157 0.809328 0.623968 0.792257 0.776793 0.803779 0.825701
0.781753 0.780044 0.649258 0.653726 0.808815 0.810695 0.595644 0.686315 0.645925 0.960278 0.968259 0.884166 0.598040 0.716238 0.491957 0.554313 0.784138 0.853038 0.734451 0.703823 0.948798 0.904069 0.512110 0.617134 0.676042 0.697090 0.799048 0.881285 0.803680 0.891786 0.000000 0.633345 0.612398 0.761040 0.888355 0.958885 0.519561 0.705993 0.835270 0.847883 0.841798 0.887567 0.721886 0.666241 0.966384 0.891741 0.745883 0.740916 0.936455 0.780589 0.796438 0.759375 0.761954 0.882026 0.725253 0.859381 0.775096 0.781914 0.780741 0.747533 0.706488 0.696152 0.818047 0.739307 0.712748 0.678041 0.790938 0.766067 0.723632 0.771447 0.622259 0.689134 0.689137 0.705791 0.796676 0.768344 0.676445 0.683849 0.735320 0.800683 0.837041 0.862860 0.838036 0.827774 0.710550 0.678260 0.925465 0.958954 0.734347 0.811932 0.856795 0.986642 0.865415 0.910539 0.829785 0.943897 0.794633 0.680460 0.936432 0.988737 0.857932 0.961474 0.860721 0.835431 0.676308 0.839945 0.785141 0.925006 0.932357 0.888664 0.928187 0.923971 0.941435 0.874648 0.907216 0.928733
0.941784 0.854548 0.843066 0.994577 0.995361 0.940019 0.754740 0.658471 0.982956 0.692142 0.807956 0.750259 0.933559 0.601096 0.763893 0.746308 0.663960 0.620668 0.704656 0.717877 0.934367 0.810662 0.976978 0.985379 0.770381 0.813260 0.930923 0.844603 0.439943 0.513509 0.633345 0.000000 0.701124 0.653510 0.789443 0.905772 0.982483 0.891999 0.847674 0.914995 0.968728 0.812333 0.515671 0.479170 0.682423 0.675240 0.778825 0.850148 0.824434 0.921613 0.846240 0.930760 0.884187 0.919529 0.998864 0.988215 0.660807 0.832429 0.982792 0.960068 0.960400 0.923626 0.766126 0.699519 0.766752 0.999763 0.934033 0.843022 0.955380 0.885273 0.733872 0.613666 0.984373 0.869529 0.927678 0.765148 0.788251 0.507513 0.687572 0.709114 0.695382 0.827177 0.846844 0.848576 0.922028 0.977176 0.849963 0.977569 0.908996 0.913123 0.748218 0.777619 0.854847 0.990208 0.903355 0.834784 0.821340 0.881685 0.602768 0.507760 0.737457 0.701442 0.518109 0.569796 0.819988 0.888467 0.949020 0.960512 0.957459 0.853445 0.767633 0.649002 0.767609 0.732446 0.889289 0.993168
0.273566 0.254350 0.518994 0.579025 0.728403 0.913893 0.304932 0.447812 0.748286 0.849339 0.460982 0.387196 0.318900 0.404711 0.481086 0.601097 0.314324 0.320739 0.284330 0.255714 0.748195 0.905665 0.550997 0.669039 0.757841 0.840194 0.881906 0.953085 0.527783 0.530635 0.612398 0.701124 0.000000 0.267877 0.685546 0.993396 0.492599 0.622472 0.719339 0.756976 0.608375 0.759437 0.541425 0.513754 0.731113 0.677539 0.409704 0.463329 0.701391 0.560469 0.633981 0.591662 0.917250 0.848486 0.485240 0.503360 0.263563 0.254337 0.393434 0.465326 0.328624 0.425987 0.316835 0.331051 0.602472 0.453113 0.351030 0.409677 0.379206 0.423305 0.455851 0.669943 0.633517 0.675774 0.707996 0.742254 0.472281 0.663962 0.395361 0.449161 0.290600 0.332060 0.420513 0.416977 0.391284 0.450088 0.714771 0.651194 0.533727 0.588560 0.889955 0.799313 0.964580 0.804026 0.900919 0.900317 0.454296 0.988450 0.748495 0.792902 0.828786 0.912788 0.715609 0.701953 0.562029 0.517115 0.990766 0.994368 0.996998 0.663464 0.875525 0.649262 0.891187 0.749497 0.665583 0.902528
0.286536 0.278335 0.618704 0.635566 0.734018 0.862767 0.284429 0.376465 0.814996 0.995943 0.360869 0.335031 0.359747 0.351914 0.550905 0.593197 0.330700 0.298116 0.249271 0.289817 0.736493 0.938895 0.706093 0.751115 0.897877 0.989863 0.986757 0.943161 0.437249 0.480343 0.761040 0.653510 0.267877 0.000000 0.695035 0.910940 0.595207 0.692426 0.776732 0.720404 0.641370 0.792496 0.524461 0.486712 0.626214 0.554842 0.400792 0.429548 0.571316 0.528108 0.560147 0.571848 0.903420 0.890446 0.523105 0.466678 0.286989 0.276732 0.354251 0.428651 0.294979 0.359000 0.308298 0.292424 0.719908 0.512277 0.365145 0.410200 0.464546 0.448987 0.552429 0.724321 0.652632 0.615600 0.750114 0.758343 0.532643 0.617435 0.458124 0.457480 0.287568 0.356234 0.418078 0.444864 0.489826 0.546660 0.715347 0.715223 0.613841 0.688157 0.894674 0.784697 0.938030 0.793454 0.912924 0.766721 0.405739 0.929908 0.611780 0.679807 0.944322 0.883856 0.626967 0.619082 0.533519 0.531016 0.945837 0.981978 0.923942 0.648629 0.837519 0.536293 0.813898 0.745782 0.658142 0.888637
0.529531 0.575041 0.404920 0.468486 0.806719 0.993015 0.613449 0.737476 0.724147 0.633331 0.865078 0.773693 0.569585 0.687464 0.782925 0.735437 0.885607 0.843704 0.667659 0.658743 0.609983 0.968482 0.600615 0.529501 0.456043 0.531892 0.738507 0.893301 0.868817 0.901883 0.888355 0.789443 0.685546 0.695035 0.000000 0.927565 0.525250 0.502472 0.432355 0.652793 0.792387 0.936129 0.861391 0.980228 0.886094 0.892277 0.788772 0.775237 0.861213 0.904678 0.992456 0.879395 0.831055 0.696958 0.434579 0.566277 0.743254 0.616940 0.616973 0.628215 0.561370 0.648490 0.876175 0.870645 0.379692 0.423088 0.499794 0.612231 0.482826 0.587000 0.872353 0.913891 0.809807 0.890201 0.990278 0.919198 0.892839 0.885711 0.894595 0.888918 0.780355 0.641853 0.665687 0.581020 0.430141 0.414412 0.763363 0.718477 0.415896 0.513577 0.693707 0.620239 0.957971 0.963119 0.861720 0.994319 0.765202 0.948644 0.717094 0.728153 0.498540 0.837090 0.743254 0.797057 0.793130 0.749319 0.922183 0.862334 0.927515 0.966197 0.811447 0.861307 0.715183 0.817960 0.829238 0.868515
0.933657 0.928604 0.913948 0.821042 0.958251 0.722690 0.903738 0.824224 0.967358 0.943728 0.998957 0.892081 0.970426 0.849587 0.969397 0.867682 0.965050 0.911319 0.936940 0.909917 0.740658 0.847867 0.931425 0.800502 0.858794 0.812373 0.866475 0.744170 0.984388 0.991939 0.958885 0.905772 0.993396 0.910940 0.927565 0.000000 0.976456 0.728489 0.852271 0.770144 0.903090 0.826414 0.886288 0.859808 0.995844 0.975531 0.930443 0.917430 0.989542 0.887864 0.925828 0.927915 0.836868 0.804688 0.900994 0.968371 0.910501 0.936086 0.994603 0.957398 0.979431 0.944956 0.841539 0.922934 0.879846 0.827674 0.918253 0.910432 0.936424 0.820624 0.920674 0.909663 0.973623 0.962875 0.858799 0.908789 0.957527 0.973790 0.950816 0.940701 0.989544 0.992842 0.972717 0.945702 0.955120 0.855132 0.974811 0.814819 0.966386 0.877900 0.755832 0.979803 0.799825 0.900786 0.951362 0.880068 0.951347 0.940377 0.920206 0.889414 0.970771 0.970748 0.945784 0.941032 0.900753 0.899923 0.883837 0.991950 0.923803 0.929386 0.895735 0.993809 0.924468 0.852470 0.819855 0.856843
0.445275 0.481117 0.344978 0.419627 0.744658 0.998152 0.486368 0.602465 0.680211 0.669478 0.809297 0.657790 0.393316 0.677709 0.555466 0.575824 0.702964 0.732281 0.633497 0.573013 0.643828 0.984623 0.441729 0.475460 0.415184 0.515922 0.785768 0.785866 0.960071 0.996042 0.519561 0.982483 0.492599 0.595207 0.525250 0.976456 0.000000 0.641573 0.602155 0.720771 0.636296 0.932285 0.898136 0.811766 0.953391 0.942135 0.627024 0.584465 0.972618 0.658538 0.821605 0.702721 0.954347 0.842476 0.378916 0.577431 0.621695 0.493529 0.506045 0.517080 0.424533 0.488656 0.689057 0.663508 0.371599 0.376283 0.520178 0.605578 0.394808 0.416004 0.755550 0.865499 0.702814 0.732857 0.765295 0.951444 0.724364 0.928970 0.708950 0.766969 0.655635 0.581781 0.559473 0.547476 0.362968 0.342885 0.685778 0.713566 0.407323 0.443461 0.642297 0.644330 0.865119 0.850370 0.780364 0.978947 0.705493 0.847906 0.829013 0.793957 0.574275 0.764494 0.985682 0.923849 0.727746 0.718314 0.938803 0.983892 0.953291 0.769572 0.882900 0.979185 0.861418 0.945038 0.767030 0.824744
0.646925 0.607926 0.520609 0.491730 0.813135 0.948768 0.550705 0.611693 0.684168 0.937097 0.890479 0.701039 0.605508 0.560584 0.593656 0.641529 0.826710 0.670690 0.658138 0.552434 0.638635 0.964282 0.549546 0.489359 0.597730 0.619087 0.658404 0.977507 0.956892 0.934570 0.705993 0.891999 0.622472 0.692426 0.502472 0.728489 0.641573 0.000000 0.607259 0.742227 0.869422 0.632271 0.866351 0.816428 0.903760 0.944858 0.778574 0.814030 0.971436 0.897585 0.956278 0.898215 0.789996 0.742604 0.619320 0.773797 0.680188 0.630214 0.794688 0.805954 0.688948 0.710444 0.891191 0.805021 0.525265 0.525419 0.576519 0.604316 0.582231 0.650510 0.664591 0.510996 0.797992 0.797087 0.983104 0.938748 0.725939 0.831433 0.801810 0.736318 0.775216 0.701994 0.810568 0.757735 0.571299 0.516889 0.850070 0.827243 0.594265 0.630275 0.967007 0.913043 0.806505 0.855978 0.983710 0.791059 0.797914 0.902196 0.933459 0.936691 0.764999 0.906665 0.875323 0.991156 0.596292 0.700236 0.747546 0.985816 0.889569 0.947447 0.951131 0.989945 0.818367 0.944570 0.857215 0.942205
