0.000000 0.423954 0.963397 0.887577 0.846569 0.619539 0.645794 0.657127 0.907564 0.676188 0.512987 0.604607 0.526672 0.577748 0.753518 0.856122 0.519827 0.465237 0.519735 0.591685 0.814781 0.936228 0.938722 0.861604 0.823512 0.835417 0.838667 0.901279 0.573659 0.636656 0.886747 0.982158 0.679814 0.659588 0.900085 0.775516 0.938451 0.957258 0.909847 0.914734 0.989143 0.878511 0.874652 0.793764 0.760971 0.694357 0.652094 0.679725 0.697915 0.643722 0.730935 0.679899 0.966800 0.952786 0.739957 0.610649 0.459387 0.391429 0.359386 0.331717 0.454384 0.639936 0.530830 0.522999 0.916360 0.904388 0.918867 0.937172 0.751575 0.665393 0.958616 0.987312 0.878334 0.960874 0.975806 0.982774 0.813459 0.970166 0.691092 0.819653 0.476084 0.578002 0.959179 0.702206 0.871857 0.943942 0.742643 0.861151 0.738390 0.684165 0.895926 0.802200 0.863181 0.961721 0.939028 0.715929 0.679220 0.873948 0.530768 0.565655 0.810633 0.666482 0.716432 0.685184 0.697936 0.716924 0.852478 0.761438 0.835080 0.768874 0.716381 0.719126 0.592642 0.875298 0.694869 0.943316
0.423954 0.000000 0.725904 0.597427 0.919704 0.669160 0.489866 0.535831 0.930075 0.803053 0.680332 0.649121 0.775527 0.584755 0.994206 0.873666 0.617731 0.535361 0.532778 0.484383 0.873444 0.888097 0.899308 0.839998 0.903853 0.882831 0.918960 0.926111 0.721276 0.626885 0.766845 0.621874 0.509322 0.486541 0.860605 0.980728 0.946790 0.849236 0.969546 0.761942 0.954343 0.864722 0.543883 0.520012 0.660478 0.638780 0.550286 0.523991 0.788909 0.588825 0.565154 0.534406 0.794586 0.929325 0.740420 0.544524 0.456925 0.433237 0.478383 0.367578 0.484414 0.537493 0.710402 0.638520 0.909302 0.642802 0.638024 0.621593 0.814580 0.654272 0.693402 0.751489 0.667093 0.702324 0.855100 0.957026 0.692447 0.765911 0.718684 0.722742 0.532747 0.610314 0.827219 0.737563 0.807048 0.676215 0.869031 0.959638 0.766994 0.565248 0.800697 0.914533 0.765562 0.979208 0.993192 0.798896 0.664234 0.935627 0.573294 0.632619 0.776189 0.761580 0.717186 0.795270 0.606121 0.574928 0.858644 0.816013 0.817766 0.731278 0.653080 0.782692 0.627708 0.770421 0.619568 0.978276
0.963397 0.725904 0.000000 0.293376 0.925159 0.844429 0.622882 0.766485 0.924442 0.834164 0.655614 0.841682 0.939035 0.941818 0.980803 0.898085 0.746263 0.793176 0.810973 0.647679 0.479907 0.788499 0.389620 0.438799 0.361484 0.311913 0.885156 0.794717 0.693140 0.772667 0.409546 0.576499 0.566318 0.656401 0.563253 0.709598 0.481318 0.720859 0.647121 0.627733 0.767702 0.951871 0.564308 0.715754 0.963636 0.883632 0.633173 0.668494 0.627374 0.944012 0.965791 0.980759 0.971525 0.957647 0.850524 0.991426 0.980424 0.989282 0.980923 0.794285 0.851540 0.832323 0.610967 0.661628 0.293391 0.311816 0.411324 0.450364 0.777544 0.787090 0.429118 0.488334 0.654453 0.700128 0.834281 0.853420 0.789782 0.619884 0.774094 0.704125 0.891805 0.937046 0.938892 0.831330 0.591593 0.509488 0.924718 0.742593 0.768296 0.864230 0.684317 0.799849 0.634318 0.688011 0.863219 0.752455 0.812157 0.952251 0.893568 0.830178 0.835823 0.899842 0.978715 0.909817 0.728552 0.584767 0.781085 0.904601 0.926062 0.910214 0.713895 0.921432 0.936136 0.874090 0.813633 0.825733
0.887577 0.597427 0.293376 0.000000 0.974231 0.732025 0.524211 0.574369 0.930736 0.953096 0.766667 0.906676 0.940606 0.832301 0.878863 0.817664 0.867689 0.903957 0.705744 0.505413 0.497696 0.845236 0.439411 0.385963 0.442215 0.359574 0.953060 0.835359 0.776268 0.908474 0.365928 0.491337 0.543643 0.550089 0.606217 0.736863 0.599672 0.644673 0.673528 0.708474 0.806277 0.876234 0.531800 0.682990 0.948719 0.957380 0.494827 0.580769 0.675766 0.994907 0.836811 0.894371 0.967510 0.916450 0.847859 0.880749 0.947957 0.977613 0.932426 0.721669 0.783160 0.610342 0.724150 0.813092 0.449466 0.226769 0.377312 0.405854 0.843987 0.781864 0.400965 0.467435 0.547275 0.643155 0.766664 0.732761 0.690105 0.562531 0.794097 0.668038 0.951014 0.831721 0.919058 0.865536 0.685526 0.500718 0.961221 0.840194 0.798600 0.810681 0.604601 0.841825 0.567376 0.752248 0.823020 0.658450 0.693723 0.883509 0.773346 0.782115 0.685048 0.830111 0.936809 0.959238 0.637300 0.622648 0.820279 0.902560 0.819926 0.845816 0.693672 0.869271 0.918940 0.849234 0.736848 0.866114
0.846569 0.919704 0.925159 0.974231 0.000000 0.951562 0.911218 0.918350 0.740608 0.717669 0.829703 0.825500 0.497374 0.792881 0.578779 0.506999 0.813387 0.736378 0.738086 0.918035 0.914442 0.858225 0.758025 0.988150 0.982988 0.886764 0.766379 0.965006 0.681157 0.717961 0.866161 0.876608 0.853223 0.944892 0.977203 0.794274 0.996302 0.811568 0.939261 0.728135 0.857570 0.934951 0.995171 0.959877 0.867515 0.870641 0.944915 0.964040 0.624202 0.922596 0.957555 0.963149 0.990696 0.771020 0.778067 0.920876 0.999233 0.805346 0.902653 0.992482 0.711370 0.926790 0.668923 0.696193 0.835210 0.935489 0.848300 0.826911 0.981563 0.807072 0.932331 0.699734 0.779578 0.890916 0.995546 0.938763 0.851073 0.970883 0.906985 0.832420 0.773628 0.760362 0.881271 0.741991 0.674056 0.945275 0.950254 0.892581 0.770462 0.791633 0.895997 0.925502 0.886010 0.993136 0.974370 0.963981 0.852179 0.883737 0.933513 0.849778 0.833902 0.941251 0.995002 0.973671 0.896364 0.994718 0.962811 0.831184 0.964652 0.876869 0.888280 0.905756 0.771074 0.952094 0.782545 0.943086
0.619539 0.669160 0.844429 0.732025 0.951562 0.000000 0.471227 0.441149 0.612088 0.535230 0.641402 0.573380 0.835869 0.736264 0.946419 0.870871 0.806409 0.742922 0.764121 0.681130 0.911293 0.879478 0.944651 0.868570 0.847242 0.989869 0.590503 0.988848 0.717621 0.760307 0.864721 0.932098 0.593492 0.603438 0.852697 0.882179 0.885010 0.968722 0.864102 0.987880 0.860987 0.967676 0.737104 0.698814 0.731681 0.760202 0.759159 0.771886 0.898031 0.781461 0.680594 0.689222 0.744186 0.762212 0.819047 0.780219 0.907461 0.851453 0.646002 0.494693 0.510690 0.472066 0.772361 0.678441 0.899815 0.729657 0.666231 0.651919 0.925154 0.688954 0.716873 0.765572 0.749240 0.864442 0.952765 0.783090 0.731072 0.812613 0.972270 0.876918 0.851641 0.844496 0.806246 0.969680 0.871321 0.907890 0.831555 0.870573 0.894853 0.986018 0.556235 0.636640 0.555219 0.617937 0.914097 0.759935 0.758574 0.654118 0.489380 0.624715 0.517207 0.604532 0.749081 0.630963 0.691243 0.742193 0.777442 0.829549 0.836733 0.783332 0.639195 0.689579 0.613858 0.815365 0.629011 0.958210
0.645794 0.489866 0.622882 0.524211 0.911218 0.471227 0.000000 0.230675 0.482486 0.484527 0.718725 0.512246 0.825431 0.672355 0.853578 0.880157 0.809134 0.729506 0.671508 0.499395 0.934525 0.943959 0.842698 0.943975 0.987993 0.856245 0.572349 0.880849 0.698898 0.638472 0.621240 0.680509 0.462531 0.326818 0.661325 0.967345 0.992150 0.995087 0.941590 0.929247 0.840851 0.946681 0.398485 0.417376 0.454922 0.503393 0.626489 0.524523 0.829474 0.573999 0.453328 0.449001 0.511939 0.548893 0.734835 0.757231 0.837986 0.761120 0.548778 0.453745 0.334456 0.315735 0.760039 0.631736 0.928199 0.527041 0.348112 0.354574 0.951785 0.700187 0.478520 0.564628 0.587022 0.660275 0.858265 0.810952 0.542201 0.660788 0.944747 0.806875 0.842851 0.926931 0.926742 0.858327 0.938641 0.992875 0.795008 0.698962 0.892800 0.915022 0.368131 0.495935 0.416315 0.608870 0.930180 0.732913 0.518840 0.732570 0.308595 0.404475 0.423233 0.490123 0.607789 0.700005 0.447092 0.508869 0.629826 0.707067 0.714294 0.663271 0.506424 0.627898 0.513407 0.688947 0.519332 0.981082
0.657127 0.535831 0.766485 0.574369 0.918350 0.441149 0.230675 0.000000 0.487355 0.390563 0.660784 0.370134 0.797279 0.555993 0.865645 0.841134 0.805611 0.706193 0.705088 0.509811 0.976579 0.969375 0.926506 0.993450 0.892758 0.928286 0.547200 0.809796 0.623556 0.591235 0.668043 0.689644 0.530861 0.376471 0.769766 0.971393 0.866808 0.997334 0.954943 0.987825 0.899002 0.990746 0.489075 0.525283 0.489170 0.529585 0.653798 0.601829 0.807947 0.622498 0.486871 0.479518 0.556671 0.540804 0.806858 0.722112 0.924478 0.840779 0.598508 0.492515 0.343570 0.214608 0.717223 0.551238 0.931506 0.549325 0.440504 0.447178 0.893722 0.722167 0.568348 0.621758 0.610124 0.667092 0.871003 0.761208 0.566865 0.726744 0.992967 0.885903 0.850932 0.905350 0.895681 0.861995 0.859520 0.948942 0.825855 0.755755 0.889287 0.921189 0.370805 0.566107 0.440652 0.645304 0.893152 0.717457 0.571495 0.701573 0.308861 0.421072 0.369678 0.521697 0.663420 0.733071 0.476664 0.611976 0.631044 0.750739 0.719155 0.681568 0.521284 0.621037 0.505869 0.742201 0.534125 0.955719
0.907564 0.930075 0.924442 0.930736 0.740608 0.612088 0.482486 0.487355 0.000000 0.417051 0.595224 0.585730 0.790248 0.850014 0.982698 0.888584 0.909803 0.809788 0.989829 0.864852 0.863506 0.985452 0.937234 0.735534 0.724261 0.880577 0.640311 0.787180 0.626229 0.700901 0.954165 0.980276 0.780483 0.642621 0.836393 0.991743 0.881828 0.816078 0.902850 0.942785 0.851973 0.962175 0.733765 0.711027 0.629327 0.686518 0.987966 0.970716 0.752920 0.839395 0.756446 0.773879 0.641716 0.727799 0.766970 0.998562 0.895844 0.961597 0.770581 0.858821 0.520723 0.510110 0.730844 0.640863 0.906115 0.885293 0.693438 0.710751 0.911786 0.755146 0.751112 0.854560 0.916126 0.941236 0.947903 0.835931 0.802657 0.960612 0.915634 0.992661 0.944407 0.975497 0.835925 0.923221 0.854898 0.765997 0.850804 0.829703 0.885370 0.859318 0.585402 0.516943 0.643953 0.589989 0.903195 0.971219 0.839421 0.781224 0.517969 0.604648 0.614201 0.660097 0.745503 0.841639 0.702078 0.777957 0.748437 0.772625 0.869363 0.889455 0.681567 0.807365 0.656924 0.789578 0.739816 0.892083
0.676188 0.803053 0.834164 0.953096 0.717669 0.535230 0.484527 0.390563 0.417051 0.000000 0.436043 0.316069 0.572180 0.610886 0.874194 0.760844 0.644077 0.552953 0.745322 0.742712 0.670584 0.869446 0.808823 0.580947 0.519544 0.631792 0.542368 0.793519 0.379777 0.444548 0.869272 0.907906 0.790860 0.614834 0.986652 0.777447 0.638887 0.758036 0.696286 0.934609 0.871392 0.968365 0.841288 0.772802 0.495581 0.499880 0.870384 0.820175 0.532080 0.681532 0.665161 0.617399 0.649275 0.710595 0.857081 0.760156 0.992757 0.832474 0.557760 0.659545 0.375454 0.379725 0.425005 0.336300 0.665307 0.979821 0.842948 0.863334 0.828137 0.797082 0.880217 0.998213 0.975533 0.923103 0.981423 0.898316 0.796297 0.978966 0.913989 0.992753 0.728980 0.880785 0.887104 0.983761 0.755439 0.632933 0.719812 0.800937 0.958110 0.995787 0.602645 0.590899 0.717713 0.751014 0.960923 0.842558 0.796939 0.787144 0.403427 0.489746 0.580297 0.606544 0.670176 0.754277 0.711926 0.858843 0.808058 0.884963 0.844066 0.786674 0.650987 0.735147 0.486333 0.814962 0.758070 0.813346
0.512987 0.680332 0.655614 0.766667 0.829703 0.641402 0.718725 0.660784 0.595224 0.436043 0.000000 0.423116 0.577011 0.580668 0.851693 0.924985 0.476550 0.441350 0.765000 0.833393 0.595517 0.816662 0.571854 0.489259 0.437202 0.515472 0.673918 0.709926 0.392045 0.440176 0.669268 0.820446 0.894171 0.776983 0.788402 0.696367 0.636350 0.858902 0.791746 0.983074 0.861726 0.829299 0.971949 0.821047 0.704522 0.636440 0.944614 0.980120 0.531558 0.729079 0.725415 0.695404 0.838555 0.917469 0.786013 0.765154 0.721439 0.587577 0.488879 0.652294 0.505005 0.594835 0.384944 0.344248 0.550801 0.803050 0.884007 0.949067 0.924745 0.849035 0.921369 0.809963 0.995995 0.916995 0.966538 0.989931 0.860961 0.854815 0.686057 0.998715 0.508438 0.684731 0.992439 0.714347 0.829348 0.732323 0.781503 0.956500 0.905685 0.933943 0.937813 0.827588 0.994550 0.996906 0.960582 0.969651 0.882850 0.937428 0.600175 0.740223 0.806170 0.761521 0.694415 0.761246 0.872004 0.920318 0.947551 0.893177 0.817418 0.827323 0.805864 0.869598 0.584528 0.971218 0.787519 0.732091
0.604607 0.649121 0.841682 0.906676 0.825500 0.573380 0.512246 0.370134 0.585730 0.316069 0.423116 0.000000 0.565333 0.362415 0.917383 0.717982 0.623594 0.485255 0.659890 0.639337 0.790760 0.816287 0.856593 0.778329 0.626570 0.703710 0.633787 0.737890 0.387926 0.367823 0.940740 0.931802 0.725821 0.567777 0.855128 0.785443 0.607645 0.898331 0.820598 0.952289 0.795184 0.912621 0.841695 0.783464 0.603005 0.589181 0.734470 0.793836 0.633512 0.688245 0.638397 0.600684 0.752401 0.748453 0.838962 0.678497 0.876857 0.753592 0.560329 0.642256 0.396196 0.309764 0.433950 0.331617 0.662956 0.870201 0.888321 0.850877 0.754579 0.821594 0.939242 0.983518 0.777636 0.890576 0.910483 0.895871 0.701691 0.899856 0.845567 0.932598 0.635536 0.692570 0.972074 0.812233 0.864734 0.871129 0.858051 0.948219 0.889734 0.939060 0.736224 0.801720 0.812088 0.955518 0.987878 0.739794 0.773527 0.810861 0.477215 0.578974 0.582393 0.695347 0.740972 0.750386 0.660941 0.827985 0.866237 0.949756 0.843089 0.791031 0.757430 0.717197 0.554536 0.889220 0.759313 0.808620
0.526672 0.775527 0.939035 0.940606 0.497374 0.835869 0.825431 0.797279 0.790248 0.572180 0.577011 0.565333 0.000000 0.525533 0.431681 0.481568 0.641936 0.565451 0.610136 0.807856 0.757869 0.814398 0.867029 0.825630 0.749186 0.708692 0.970832 0.978225 0.488071 0.547549 0.732528 0.776694 0.898212 0.875034 0.755791 0.662638 0.895026 0.763851 0.848046 0.862570 0.664901 0.934727 0.955297 0.922364 0.855526 0.835674 0.829391 0.849592 0.599681 0.879395 0.999840 0.953040 0.889117 0.763528 0.838699 0.841924 0.826286 0.631294 0.608384 0.768849 0.522960 0.753043 0.484829 0.497790 0.998235 0.935531 0.821006 0.760943 0.914917 0.741244 0.869011 0.697686 0.832749 0.809959 0.919085 0.911866 0.880915 0.966240 0.851074 0.880698 0.653530 0.634014 0.924747 0.730253 0.808359 0.975923 0.809173 0.767949 0.829027 0.885747 0.955666 0.827311 0.949668 0.968534 0.990736 0.753093 0.997584 0.918033 0.697163 0.640220 0.983903 0.835473 0.890139 0.821413 0.955885 0.848597 0.990918 0.940086 0.932845 0.978999 0.845719 0.836093 0.707436 0.970962 0.971406 0.861954
0.577748 0.584755 0.941818 0.832301 0.792881 0.736264 0.672355 0.555993 0.850014 0.610886 0.580668 0.362415 0.525533 0.000000 0.821731 0.553612 0.610342 0.514347 0.517846 0.608428 0.905959 0.886818 0.904631 0.929257 0.810852 0.821708 0.808886 0.911542 0.482157 0.362370 0.918235 0.765147 0.675958 0.655108 0.813897 0.750814 0.894103 0.993532 0.905651 0.950987 0.794461 0.845254 0.790490 0.776457 0.663077 0.642220 0.660153 0.726485 0.662980 0.616696 0.626125 0.609508 0.819982 0.820136 0.720409 0.643612 0.729478 0.697412 0.616598 0.669977 0.535153 0.510073 0.542994 0.442575 0.796220 0.855210 0.977501 0.931762 0.749265 0.861485 0.976587 0.987316 0.688306 0.829269 0.948819 0.810119 0.714389 0.797614 0.763799 0.794309 0.649404 0.594644 0.758940 0.687480 0.957859 0.895689 0.968655 0.938630 0.882473 0.771843 0.975921 0.928896 0.969614 0.820567 0.945626 0.773716 0.860269 0.993792 0.665729 0.736033 0.754139 0.889943 0.848235 0.838475 0.792119 0.915408 0.954719 0.921238 0.799637 0.820447 0.879419 0.824381 0.729165 0.899762 0.845730 0.798943
0.753518 0.994206 0.980803 0.878863 0.578779 0.946419 0.853578 0.865645 0.982698 0.874194 0.851693 0.917383 0.431681 0.821731 0.000000 0.580352 0.820424 0.751884 0.769606 0.971758 0.915181 0.937758 0.749798 0.973462 0.997258 0.891989 0.707447 0.851481 0.723096 0.822210 0.800193 0.807868 0.957179 0.917998 0.824510 0.827385 0.977810 0.796905 0.840123 0.791766 0.806512 0.830320 0.799701 0.730520 0.884584 0.870283 0.961570 0.991020 0.832030 0.874328 0.741741 0.755316 0.709983 0.557784 0.863590 0.916502 0.890635 0.776756 0.852045 0.982364 0.843188 0.943701 0.793999 0.819707 0.826888 0.892087 0.716653 0.656839 0.874412 0.727960 0.852916 0.681618 0.792114 0.843516 0.934731 0.993234 0.851468 0.868883 0.999394 0.879355 0.796161 0.668288 0.772572 0.735344 0.621561 0.873714 0.911280 0.948463 0.756833 0.846299 0.790072 0.927585 0.757795 0.893920 0.957017 0.767328 0.886085 0.849639 0.984569 0.961471 0.742863 0.991610 0.805755 0.978146 0.861293 0.996931 0.912054 0.783905 0.873856 0.884744 0.944518 0.971262 0.858850 0.958864 0.868476 0.885001
0.856122 0.873666 0.898085 0.817664 0.506999 0.870871 0.880157 0.841134 0.888584 0.760844 0.924985 0.717982 0.481568 0.553612 0.580352 0.000000 0.896581 0.805777 0.669635 0.798303 0.984464 0.869283 0.560313 0.771646 0.982763 0.946481 0.855776 0.876692 0.762141 0.715732 0.992353 0.994756 0.804991 0.916559 0.914653 0.806730 0.870774 0.913872 0.943858 0.781110 0.817317 0.748199 0.926477 0.981560 0.900632 0.930239 0.718519 0.808496 0.751555 0.942879 0.998313 0.953650 0.930359 0.838450 0.811948 0.927921 0.978574 0.902698 0.893336 0.928497 0.748061 0.818417 0.787404 0.746103 0.814087 0.881726 0.926503 0.904000 0.828960 0.816540 0.985432 0.883938 0.970281 0.911495 0.919055 0.860236 0.967285 0.854956 0.920063 0.837364 0.944161 0.743215 0.819066 0.840824 0.712632 0.837897 0.949200 0.985993 0.793593 0.872489 0.989121 0.968327 0.942296 0.964091 0.882401 0.781613 0.907759 0.922361 0.927850 0.790943 0.956058 0.959346 0.930381 0.983062 0.979522 0.977605 0.980814 0.831203 0.915996 0.950288 0.949270 0.833272 0.837936 0.968556 0.881805 0.826883
0.519827 0.617731 0.746263 0.867689 0.813387 0.806409 0.809134 0.805611 0.909803 0.644077 0.476550 0.623594 0.641936 0.610342 0.820424 0.896581 0.000000 0.329295 0.612064 0.754475 0.710909 0.938262 0.743925 0.759200 0.644652 0.606193 0.871029 0.995789 0.503918 0.435776 0.801800 0.920289 0.830981 0.803849 0.906243 0.742894 0.765800 0.869309 0.773576 0.963954 0.915440 0.824025 0.920340 0.797962 0.662932 0.589464 0.803215 0.797964 0.485815 0.574142 0.668974 0.668642 0.837784 0.996578 0.632717 0.578044 0.511035 0.426506 0.512264 0.653514 0.614118 0.780804 0.383316 0.390705 0.696756 0.775830 0.875997 0.940109 0.946901 0.764854 0.910382 0.745170 0.982332 0.966057 0.928274 0.974221 0.992054 0.930253 0.676606 0.740887 0.381863 0.514025 0.754067 0.575467 0.975881 0.931467 0.787822 0.907339 0.890053 0.654438 0.908942 0.905510 0.821453 0.720880 0.928811 0.924143 0.778740 0.925485 0.706527 0.835560 0.993380 0.889738 0.894983 0.769072 0.967531 0.962631 0.936478 0.976129 0.794231 0.808713 0.773973 0.942670 0.727082 0.899757 0.907969 0.802505
0.465237 0.535361 0.793176 0.903957 0.736378 0.742922 0.729506 0.706193 0.809788 0.552953 0.441350 0.485255 0.565451 0.514347 0.751884 0.805777 0.329295 0.000000 0.543305 0.721387 0.748987 0.916799 0.766261 0.766452 0.646179 0.608247 0.865616 0.934814 0.382779 0.366696 0.806453 0.984665 0.693260 0.702793 0.899125 0.691909 0.717965 0.811858 0.756137 0.978321 0.832708 0.816833 0.835957 0.722675 0.595707 0.520295 0.716140 0.753507 0.448041 0.534504 0.611518 0.597463 0.810173 0.995575 0.593915 0.508795 0.481162 0.378296 0.408118 0.583350 0.488494 0.651843 0.312430 0.303151 0.704477 0.839276 0.908980 0.986034 0.967461 0.787020 0.898743 0.773387 0.984867 0.975030 0.983060 0.998393 0.917483 0.964479 0.589978 0.713412 0.341611 0.442909 0.775436 0.475199 0.916094 0.980799 0.822414 0.894341 0.824723 0.638392 0.909537 0.959978 0.842287 0.762957 0.899132 0.779931 0.773852 0.970311 0.608100 0.736558 0.933440 0.825877 0.788000 0.654344 0.816491 0.875217 0.991930 0.995700 0.890829 0.801347 0.803243 0.876334 0.561980 0.842550 0.855902 0.846408
0.519735 0.532778 0.810973 0.705744 0.738086 0.764121 0.671508 0.705088 0.989829 0.745322 0.765000 0.659890 0.610136 0.517846 0.769606 0.669635 0.612064 0.543305 0.000000 0.520897 0.964289 0.970457 0.790314 0.848163 0.983526 0.952796 0.928357 0.899927 0.681426 0.643514 0.908722 0.837826 0.636696 0.623781 0.986290 0.903797 0.959137 0.994016 0.958339 0.777398 0.775935 0.977234 0.857470 0.848508 0.710716 0.708551 0.606835 0.598990 0.736197 0.629719 0.735232 0.756663 0.902155 0.951426 0.723792 0.601241 0.655659 0.518710 0.555149 0.528405 0.589221 0.731140 0.618500 0.637173 0.931531 0.842782 0.870333 0.876649 0.855703 0.851368 0.803066 0.949429 0.812264 0.842249 0.983790 0.869000 0.877836 0.753542 0.925762 0.749105 0.627435 0.544129 0.836772 0.724124 0.818778 0.868564 0.846412 0.873948 0.824324 0.720264 0.907739 0.928146 0.916541 0.992689 0.966262 0.759254 0.692642 0.952412 0.664231 0.717472 0.834737 0.832659 0.765644 0.768132 0.902400 0.802145 0.954292 0.939822 0.728627 0.859797 0.830419 0.833008 0.682641 0.809062 0.937420 0.939204
0.591685 0.484383 0.647679 0.505413 0.918035 0.681130 0.499395 0.509811 0.864852 0.742712 0.833393 0.639337 0.807856 0.608428 0.971758 0.798303 0.754475 0.721387 0.520897 0.000000 0.832734 0.897450 0.717466 0.739966 0.841498 0.825025 0.858318 0.884546 0.785766 0.739872 0.723885 0.661452 0.566327 0.501140 0.797253 0.907885 0.907385 0.890585 0.886250 0.848303 0.843099 0.977577 0.679165 0.702748 0.749316 0.766781 0.603713 0.495113 0.961337 0.702797 0.724485 0.741894 0.869213 0.849706 0.623827 0.601217 0.792010 0.695527 0.693910 0.494541 0.574849 0.527349 0.805094 0.773019 0.836491 0.563663 0.598826 0.621135 0.893820 0.624942 0.663842 0.706102 0.639424 0.679462 0.709414 0.827144 0.723431 0.796746 0.959405 0.844178 0.688498 0.628510 0.823216 0.867723 0.804933 0.746714 0.882210 0.883569 0.753368 0.673238 0.643051 0.839452 0.633626 0.899166 0.963474 0.672961 0.609602 0.833331 0.592369 0.617616 0.741746 0.762238 0.730997 0.927836 0.627121 0.710380 0.801995 0.928961 0.755697 0.701812 0.713015 0.857690 0.683148 0.788000 0.760647 0.850444
0.814781 0.873444 0.479907 0.497696 0.914442 0.911293 0.934525 0.976579 0.863506 0.670584 0.595517 0.790760 0.757869 0.905959 0.915181 0.984464 0.710909 0.748987 0.964289 0.832734 0.000000 0.752342 0.501071 0.443043 0.407355 0.408045 0.755166 0.811779 0.673018 0.769330 0.453701 0.569562 0.753897 0.798621 0.700819 0.705956 0.690055 0.805097 0.825725 0.760789 0.769194 0.708532 0.720499 0.872647 0.828580 0.755273 0.822341 0.847928 0.599030 0.838605 0.936673 0.860930 0.884973 0.922028 0.958142 0.974290 0.944050 0.845600 0.777196 0.910021 0.848610 0.993465 0.519281 0.602109 0.478681 0.494128 0.653887 0.675909 0.866071 0.842911 0.663788 0.641838 0.695738 0.748170 0.837869 0.784985 0.943100 0.809261 0.773715 0.840634 0.784752 0.936095 0.774442 0.891763 0.666540 0.534694 0.606249 0.969528 0.945032 0.897375 0.900210 0.823435 0.901722 0.933246 0.775421 0.850509 0.963568 0.903457 0.865884 0.894678 0.934865 0.997974 0.679612 0.746881 0.801969 0.829852 0.965601 0.910265 0.918648 0.921691 0.971973 0.915899 0.948635 0.989850 0.892978 0.937786
0.936228 0.888097 0.788499 0.845236 0.858225 0.879478 0.943959 0.969375 0.985452 0.869446 0.816662 0.816287 0.814398 0.886818 0.937758 0.869283 0.938262 0.916799 0.970457 0.897450 0.752342 0.000000 0.870351 0.860531 0.863766 0.857749 0.980697 0.830240 0.888555 0.816165 0.805716 0.889830 0.901331 0.967071 0.899357 0.938099 0.884206 0.914716 0.990110 0.844356 0.860296 0.969133 0.882787 0.886778 0.982430 0.977844 0.948132 0.810056 0.898630 0.918120 0.972532 0.979747 0.850954 0.855891 0.938669 0.913777 0.990851 0.989961 0.848011 0.946756 0.909478 0.930316 0.764776 0.843984 0.901982 0.917308 0.798052 0.902826 0.830511 0.860251 0.889501 0.791967 0.979089 0.908910 0.880834 0.792799 0.981236 0.904338 0.977559 0.959854 0.857060 0.979403 0.913327 0.941053 0.972229 0.918059 0.930074 0.968788 0.968564 0.921965 0.815230 0.972283 0.847367 0.839807 0.849934 0.928078 0.874925 0.937743 0.961060 0.985317 0.933804 0.919977 0.937602 0.892833 0.887588 0.776456 0.880133 0.921767 0.952475 0.976992 0.897722 0.955794 0.963724 0.703473 0.814917 0.969099
0.938722 0.899308 0.389620 0.439411 0.758025 0.944651 0.842698 0.926506 0.937234 0.808823 0.571854 0.856593 0.867029 0.904631 0.749798 0.560313 0.743925 0.766261 0.790314 0.717466 0.501071 0.870351 0.000000 0.334157 0.381839 0.442962 0.689031 0.742550 0.793155 0.866716 0.494566 0.637239 0.663344 0.812446 0.721520 0.802517 0.476436 0.781506 0.686030 0.683637 0.879134 0.780531 0.733509 0.925557 0.959592 0.854838 0.669242 0.694428 0.799317 0.929336 0.909683 0.884252 0.882105 0.841936 0.849711 0.997728 0.905228 0.882041 0.854977 0.997896 0.944113 0.964777 0.677243 0.718532 0.320950 0.494403 0.683046 0.752026 0.964406 0.819759 0.685860 0.719226 0.755701 0.749463 0.750716 0.817511 0.907721 0.600492 0.788853 0.759711 0.828249 0.898511 0.786857 0.931627 0.483658 0.481877 0.818023 0.866566 0.826794 0.829078 0.887787 0.974707 0.833319 0.885083 0.801512 0.742359 0.956366 0.948603 0.986310 0.879603 0.962625 0.953838 0.875026 0.821226 0.860938 0.774356 0.937916 0.906516 0.997604 0.941240 0.944343 0.989827 0.962322 0.906881 0.983189 0.930358
0.861604 0.839998 0.438799 0.385963 0.988150 0.868570 0.943975 0.993450 0.735534 0.580947 0.489259 0.778329 0.825630 0.929257 0.973462 0.771646 0.759200 0.766452 0.848163 0.739966 0.443043 0.860531 0.334157 0.000000 0.311031 0.390222 0.653326 0.751141 0.587276 0.783168 0.444779 0.477175 0.715781 0.867318 0.694051 0.728852 0.530425 0.651148 0.588034 0.754005 0.843408 0.800423 0.709904 0.866211 0.855633 0.777377 0.690183 0.753182 0.635482 0.898647 0.972047 0.909650 0.897557 0.909244 0.895988 0.949978 0.989269 0.874731 0.741669 0.948387 0.837403 0.956687 0.567776 0.604486 0.419906 0.470764 0.696826 0.695369 0.923954 0.949591 0.738567 0.697390 0.689673 0.748297 0.794355 0.818867 0.939561 0.680254 0.866724 0.692192 0.826245 0.890739 0.749588 0.980039 0.564442 0.393090 0.757805 0.919676 0.881383 0.741641 0.992221 0.819466 0.950229 0.928163 0.871759 0.862464 0.905206 0.949629 0.811478 0.908340 0.916508 0.825319 0.811081 0.759051 0.956176 0.891686 0.930154 0.910463 0.989666 0.928045 0.981004 0.911429 0.802812 0.976414 0.951772 0.922017
0.823512 0.903853 0.361484 0.442215 0.982988 0.847242 0.987993 0.892758 0.724261 0.519544 0.437202 0.626570 0.749186 0.810852 0.997258 0.982763 0.644652 0.646179 0.983526 0.841498 0.407355 0.863766 0.381839 0.311031 0.000000 0.280790 0.586482 0.763682 0.520712 0.623244 0.456493 0.592600 0.728834 0.892701 0.657999 0.625055 0.480684 0.648477 0.564336 0.685488 0.778156 0.911774 0.803385 0.980842 0.750825 0.649045 0.737232 0.845262 0.529683 0.761558 0.809351 0.741554 0.722702 0.729857 0.958497 0.986222 0.987209 0.846352 0.760332 0.935173 0.819236 0.885413 0.467305 0.462894 0.297563 0.450907 0.684373 0.678217 0.756739 0.913671 0.665652 0.660486 0.761242 0.712089 0.789622 0.876619 0.973432 0.694282 0.740350 0.708674 0.861217 0.943208 0.762948 0.954420 0.442195 0.343953 0.717433 0.980669 0.867750 0.745132 0.976611 0.821286 0.896910 0.989083 0.895208 0.832950 0.983349 0.919963 0.770117 0.841991 0.871938 0.775922 0.793627 0.761693 0.953087 0.855569 0.982182 0.905022 0.900413 0.955835 0.919574 0.798443 0.760930 0.948979 0.960487 0.837141
0.835417 0.882831 0.311913 0.359574 0.886764 0.989869 0.856245 0.928286 0.880577 0.631792 0.515472 0.703710 0.708692 0.821708 0.891989 0.946481 0.606193 0.608247 0.952796 0.825025 0.408045 0.857749 0.442962 0.390222 0.280790 0.000000 0.800742 0.810681 0.543258 0.618853 0.337802 0.529084 0.695003 0.815243 0.601214 0.598726 0.463259 0.598482 0.575847 0.681967 0.718135 0.927919 0.665736 0.863870 0.817465 0.721496 0.700606 0.849884 0.498873 0.764572 0.932127 0.839909 0.857600 0.897157 0.988588 0.928035 0.906513 0.781120 0.795047 0.998171 0.925768 0.934908 0.409727 0.471026 0.333853 0.338236 0.513967 0.532826 0.868959 0.937898 0.487136 0.490195 0.668059 0.633772 0.844085 0.814011 0.880298 0.692510 0.661331 0.723011 0.783969 0.974309 0.896144 0.811918 0.593510 0.452085 0.705229 0.982367 0.869441 0.860965 0.802103 0.989864 0.730303 0.817545 0.868201 0.851051 0.946172 0.993797 0.908113 0.968193 0.909725 0.949589 0.893125 0.749092 0.840547 0.754423 0.847568 0.962857 0.993973 0.998206 0.912196 0.930305 0.867468 0.963928 0.909015 0.778859
0.838667 0.918960 0.885156 0.953060 0.766379 0.590503 0.572349 0.547200 0.640311 0.542368 0.673918 0.633787 0.970832 0.808886 0.707447 0.855776 0.871029 0.865616 0.928357 0.858318 0.755166 0.980697 0.689031 0.653326 0.586482 0.800742 0.000000 0.745677 0.717479 0.705446 0.926342 0.928777 0.861331 0.660129 0.985245 0.974977 0.738223 0.906195 0.820831 0.694319 0.974972 0.939785 0.799307 0.665103 0.559037 0.563626 0.970085 0.881501 0.836829 0.662947 0.578989 0.551544 0.568559 0.438593 0.921618 0.882760 0.947833 0.998102 0.707908 0.703805 0.614915 0.600839 0.778448 0.679845 0.581278 0.980479 0.713189 0.692773 0.732586 0.969769 0.873922 0.788927 0.764534 0.854943 0.868034 0.852646 0.677468 0.897164 0.962753 0.900642 0.978981 0.855556 0.798206 0.779245 0.464998 0.529027 0.796998 0.875551 0.843025 0.787044 0.559016 0.629524 0.642461 0.698690 0.880574 0.940969 0.739240 0.700983 0.543701 0.628804 0.508750 0.616637 0.647304 0.735882 0.764244 0.902606 0.819973 0.671251 0.745375 0.857216 0.768179 0.651254 0.684234 0.761870 0.707579 0.910306
0.901279 0.926111 0.794717 0.835359 0.965006 0.988848 0.880849 0.809796 0.787180 0.793519 0.709926 0.737890 0.978225 0.911542 0.851481 0.876692 0.995789 0.934814 0.899927 0.884546 0.811779 0.830240 0.742550 0.751141 0.763682 0.810681 0.745677 0.000000 0.839540 0.842928 0.907356 0.993313 0.985080 0.880441 0.872928 0.962293 0.727397 0.967226 0.888726 0.787887 0.851746 0.904859 0.983009 0.919464 0.836176 0.823874 0.913096 0.882010 0.832441 0.869698 0.836935 0.792948 0.836232 0.782159 0.951290 0.886587 0.967484 0.972546 0.886612 0.984374 0.796336 0.799904 0.831591 0.745357 0.711481 0.907014 0.977819 0.995884 0.822257 0.879010 0.885445 0.874702 0.957773 0.947934 0.946976 0.996514 0.851886 0.997748 0.807749 0.740682 0.917139 0.880217 0.854092 0.956044 0.780312 0.776734 0.916863 0.988504 0.871795 0.786722 0.847768 0.772122 0.867347 0.902845 0.884224 0.965198 0.990001 0.830691 0.797545 0.879873 0.767598 0.877352 0.832009 0.902128 0.864939 0.843075 0.970553 0.734448 0.916787 0.903410 0.862095 0.895165 0.851422 0.957007 0.810153 0.927536
0.573659 0.721276 0.693140 0.776268 0.681157 0.717621 0.698898 0.623556 0.626229 0.379777 0.392045 0.387926 0.488071 0.482157 0.723096 0.762141 0.503918 0.382779 0.681426 0.785766 0.673018 0.888555 0.793155 0.587276 0.520712 0.543258 0.717479 0.839540 0.000000 0.312169 0.781876 0.916554 0.769292 0.743975 0.843509 0.674153 0.634518 0.734797 0.729617 0.899123 0.839666 0.902513 0.919062 0.818470 0.514585 0.479063 0.864014 0.847588 0.394875 0.570983 0.662038 0.614019 0.739282 0.866049 0.740177 0.579348 0.769407 0.636691 0.528667 0.650044 0.426283 0.584510 0.309480 0.280235 0.616098 0.806877 0.893938 0.942683 0.803243 0.773275 0.877400 0.797781 0.941545 0.898366 0.947453 0.988692 0.811931 0.966456 0.703925 0.921348 0.551536 0.682776 0.856023 0.639406 0.932536 0.796695 0.847559 0.987762 0.940885 0.850587 0.943317 0.891704 0.968847 0.942337 0.977062 0.882571 0.908756 0.936020 0.546607 0.643127 0.817575 0.754775 0.709292 0.750244 0.772075 0.942510 0.898929 0.989861 0.943236 0.793912 0.919674 0.807663 0.565520 0.777494 0.815657 0.776105
0.636656 0.626885 0.772667 0.908474 0.717961 0.760307 0.638472 0.591235 0.700901 0.444548 0.440176 0.367823 0.547549 0.362370 0.822210 0.715732 0.435776 0.366696 0.643514 0.739872 0.769330 0.816165 0.866716 0.783168 0.623244 0.618853 0.705446 0.842928 0.312169 0.000000 0.945144 0.889557 0.692845 0.651132 0.863677 0.711128 0.735439 0.859954 0.792992 0.979440 0.846053 0.952977 0.757609 0.654397 0.458099 0.435236 0.761717 0.786576 0.415462 0.502095 0.529113 0.498099 0.655937 0.798835 0.650681 0.585513 0.675599 0.619226 0.505862 0.720323 0.437979 0.539697 0.326519 0.272105 0.653914 0.893611 0.980045 0.932522 0.736690 0.812468 0.939469 0.851958 0.812003 0.808455 0.949229 0.953088 0.769737 0.881714 0.712362 0.810228 0.489245 0.628321 0.671899 0.635381 0.960388 0.904679 0.882101 0.930590 0.954496 0.767018 0.994981 0.979728 0.884284 0.790846 0.951812 0.907471 0.869555 0.934985 0.603247 0.704923 0.831164 0.857061 0.762445 0.773491 0.791281 0.924054 0.987138 0.940524 0.945037 0.820560 0.866563 0.913064 0.601364 0.861847 0.865541 0.723784
0.886747 0.766845 0.409546 0.365928 0.866161 0.864721 0.621240 0.668043 0.954165 0.869272 0.669268 0.940740 0.732528 0.918235 0.800193 0.992353 0.801800 0.806453 0.908722 0.723885 0.453701 0.805716 0.494566 0.444779 0.456493 0.337802 0.926342 0.907356 0.781876 0.945144 0.000000 0.367915 0.508352 0.591989 0.539723 0.689489 0.567032 0.653927 0.712758 0.867402 0.633484 0.990853 0.418199 0.587972 0.797699 0.912659 0.632646 0.686082 0.756933 0.880990 0.701176 0.782872 0.782397 0.745105 0.794618 0.894580 0.979774 0.846969 0.924325 0.878529 0.867017 0.711426 0.632175 0.767331 0.573949 0.369640 0.390529 0.378000 0.992812 0.885256 0.453724 0.425093 0.466144 0.499281 0.820767 0.670507 0.722988 0.539598 0.808615 0.744394 0.827276 0.991946 0.755685 0.793471 0.780837 0.606928 0.769744 0.972926 0.952654 0.841285 0.675057 0.981828 0.665156 0.838761 0.888414 0.859926 0.783565 0.953175 0.838044 0.885880 0.684403 0.887797 0.974656 0.931503 0.724824 0.699700 0.772629 0.890572 0.910698 0.898675 0.836302 0.946342 0.994936 0.771841 0.769420 0.896329
0.982158 0.621874 0.576499 0.491337 0.876608 0.932098 0.680509 0.689644 0.980276 0.907906 0.820446 0.931802 0.776694 0.765147 0.807868 0.994756 0.920289 0.984665 0.837826 0.661452 0.569562 0.889830 0.637239 0.477175 0.592600 0.529084 0.928777 0.993313 0.916554 0.889557 0.367915 0.000000 0.554286 0.590056 0.664668 0.799089 0.757391 0.649162 0.778600 0.893730 0.782215 0.987041 0.456097 0.536036 0.783762 0.816066 0.561926 0.609055 0.859557 0.786253 0.619413 0.676349 0.770955 0.792257 0.774244 0.697013 0.899344 0.965593 0.928101 0.770452 0.833380 0.701174 0.785403 0.924014 0.729952 0.490732 0.525109 0.452442 0.927150 0.960590 0.599953 0.539204 0.470362 0.434862 0.872400 0.775138 0.705373 0.578593 0.980834 0.744703 0.987489 0.903298 0.748772 0.994909 0.843565 0.598353 0.810162 0.858843 0.941714 0.763041 0.827393 0.926865 0.802340 0.990550 0.893409 0.907623 0.755927 0.935162 0.858435 0.877045 0.753588 0.912022 0.904321 0.918632 0.658541 0.711179 0.899979 0.862184 0.974794 0.929706 0.877300 0.982248 0.870084 0.782814 0.807441 0.943188
0.679814 0.509322 0.566318 0.543643 0.853223 0.593492 0.462531 0.530861 0.780483 0.790860 0.894171 0.725821 0.898212 0.675958 0.957179 0.804991 0.830981 0.693260 0.636696 0.566327 0.753897 0.901331 0.663344 0.715781 0.728834 0.695003 0.861331 0.985080 0.769292 0.692845 0.508352 0.554286 0.000000 0.440104 0.602438 0.892429 0.833091 0.907064 0.875056 0.822266 0.763063 0.899559 0.436360 0.451633 0.574680 0.620787 0.529312 0.593251 0.848715 0.583775 0.551609 0.603126 0.739667 0.843187 0.519046 0.584230 0.674737 0.745245 0.661129 0.539841 0.498470 0.556388 0.879005 0.785451 0.741621 0.557436 0.501759 0.469983 0.952632 0.757529 0.606197 0.623056 0.540238 0.615002 0.792845 0.742282 0.666295 0.588729 0.901223 0.644486 0.712733 0.666417 0.771123 0.807724 0.669103 0.642515 0.960714 0.989208 0.808790 0.720559 0.727678 0.891432 0.704798 0.911914 0.975995 0.648573 0.671381 0.901977 0.582630 0.668714 0.674631 0.788212 0.796579 0.803711 0.586180 0.598745 0.778819 0.892626 0.893638 0.731414 0.770445 0.865668 0.611952 0.732479 0.589583 0.990689
0.659588 0.486541 0.656401 0.550089 0.944892 0.603438 0.326818 0.376471 0.642621 0.614834 0.776983 0.567777 0.875034 0.655108 0.917998 0.916559 0.803849 0.702793 0.623781 0.501140 0.798621 0.967071 0.812446 0.867318 0.892701 0.815243 0.660129 0.880441 0.743975 0.651132 0.591989 0.590056 0.440104 0.000000 0.673462 0.862183 0.964677 0.909937 0.991143 0.829125 0.909973 0.937944 0.482251 0.499385 0.540337 0.583124 0.587149 0.554692 0.851420 0.594016 0.539881 0.562300 0.645440 0.673531 0.679167 0.689902 0.815046 0.765660 0.577873 0.518992 0.433069 0.409349 0.800409 0.691184 0.898666 0.561185 0.439981 0.431244 0.981766 0.745177 0.507967 0.598639 0.577302 0.601263 0.866030 0.837541 0.595886 0.638273 0.901296 0.750388 0.781762 0.783533 0.899305 0.970895 0.934122 0.866139 0.976692 0.932282 0.913489 0.791588 0.564021 0.725719 0.539886 0.773536 0.891777 0.732830 0.598140 0.841760 0.450018 0.543183 0.532825 0.558263 0.756279 0.792740 0.523532 0.578997 0.665777 0.749060 0.817939 0.741676 0.665161 0.804778 0.553395 0.761646 0.596811 0.967180
0.900085 0.860605 0.563253 0.606217 0.977203 0.852697 0.661325 0.769766 0.836393 0.986652 0.788402 0.855128 0.755791 0.813897 0.824510 0.914653 0.906243 0.899125 0.986290 0.797253 0.700819 0.899357 0.721520 0.694051 0.657999 0.601214 0.985245 0.872928 0.843509 0.863677 0.539723 0.664668 0.602438 0.673462 0.000000 0.753000 0.775340 0.821319 0.803769 0.896173 0.686431 0.899085 0.590755 0.646291 0.800811 0.863745 0.848385 0.735011 0.879014 0.922649 0.820523 0.871870 0.763286 0.826056 0.846220 0.922893 0.970186 0.940086 0.976819 0.824835 0.924855 0.872384 0.796516 0.828663 0.652101 0.648536 0.495552 0.493443 0.859252 0.822109 0.501637 0.626818 0.809794 0.698187 0.882130 0.866643 0.786729 0.776953 0.899626 0.792922 0.862241 0.921752 0.981108 0.811937 0.877700 0.764219 0.999464 0.928043 0.928319 0.838177 0.679555 0.853057 0.682245 0.752926 0.885657 0.870693 0.839316 0.947546 0.871806 0.916418 0.850266 0.851000 0.961350 0.864822 0.844265 0.783225 0.950378 0.903097 0.995611 0.875566 0.844564 0.959894 0.957092 0.866963 0.700415 0.997176
0.775516 0.980728 0.709598 0.736863 0.794274 0.882179 0.967345 0.971393 0.991743 0.777447 0.696367 0.785443 0.662638 0.750814 0.827385 0.806730 0.742894 0.691909 0.903797 0.907885 0.705956 0.938099 0.802517 0.728852 0.625055 0.598726 0.974977 0.962293 0.674153 0.711128 0.689489 0.799089 0.892429 0.862183 0.753000 0.000000 0.807355 0.945793 0.759197 0.874438 0.896818 0.887573 0.920383 0.959962 0.939521 0.831554 0.978769 0.981718 0.693218 0.849971 0.936767 0.841122 0.971797 0.999802 0.982689 0.918605 0.852345 0.801870 0.733768 0.893979 0.874338 0.993110 0.667728 0.626921 0.729293 0.736326 0.696737 0.767284 0.918254 0.965693 0.732922 0.719779 0.841159 0.849269 0.884715 0.868615 0.999392 0.979986 0.831664 0.960205 0.851962 0.857545 0.965099 0.839707 0.912970 0.779561 0.807256 0.895896 0.982058 0.982448 0.873332 0.957379 0.770299 0.890834 0.962909 0.844403 0.835719 0.982912 0.892169 0.873799 0.908332 0.956146 0.957082 0.795010 0.991323 0.959290 0.950655 0.987379 0.918755 0.962163 0.986376 0.884018 0.733653 0.953926 0.943387 0.986302
0.938451 0.946790 0.481318 0.599672 0.996302 0.885010 0.992150 0.866808 0.881828 0.638887 0.636350 0.607645 0.895026 0.894103 0.977810 0.870774 0.765800 0.717965 0.959137 0.907385 0.690055 0.884206 0.476436 0.530425 0.480684 0.463259 0.738223 0.727397 0.634518 0.735439 0.567032 0.757391 0.833091 0.964677 0.775340 0.807355 0.000000 0.626439 0.664626 0.616509 0.675842 0.951896 0.780508 0.907855 0.893163 0.817746 0.740601 0.890377 0.763532 0.900032 0.911913 0.897720 0.867459 0.817285 0.824630 0.868983 0.953738 0.929983 0.871669 0.946181 0.901458 0.880028 0.621074 0.614540 0.435427 0.659560 0.749458 0.765010 0.739649 0.905937 0.720496 0.685097 0.807028 0.819475 0.926920 0.887641 0.957295 0.738913 0.872897 0.780448 0.943946 0.967710 0.812754 0.955690 0.546116 0.517285 0.922309 0.974877 0.823637 0.751526 0.917088 0.915085 0.982519 0.989625 0.936428 0.915571 0.867166 0.831973 0.859841 0.935791 0.895415 0.845940 0.966839 0.827826 0.978292 0.863027 0.960334 0.943358 0.888184 0.946363 0.951369 0.885781 0.780794 0.946286 0.963937 0.838508
0.957258 0.849236 0.720859 0.644673 0.811568 0.968722 0.995087 0.997334 0.816078 0.758036 0.858902 0.898331 0.763851 0.993532 0.796905 0.913872 0.869309 0.811858 0.994016 0.890585 0.805097 0.914716 0.781506 0.651148 0.648477 0.598482 0.906195 0.967226 0.734797 0.859954 0.653927 0.649162 0.907064 0.909937 0.821319 0.945793 0.626439 0.000000 0.585162 0.760561 0.832635 0.837174 0.850030 0.879264 0.886987 0.884027 0.671675 0.898531 0.805046 0.934711 0.977770 0.976381 0.919775 0.959595 0.948764 0.975682 0.941209 0.955162 0.954329 0.993498 0.927214 0.950786 0.720046 0.771624 0.701461 0.645979 0.791757 0.746957 0.863117 0.987455 0.760572 0.740487 0.649816 0.703624 0.778738 0.988359 0.835475 0.697165 0.873400 0.866647 0.986131 0.984850 0.807895 0.977937 0.719939 0.560237 0.850098 0.798884 0.871373 0.761740 0.962904 0.889174 0.978064 0.913542 0.839224 0.880623 0.986233 0.917202 0.851375 0.877398 0.977576 0.785038 0.979247 0.791735 0.974649 0.916514 0.991284 0.933633 0.961444 0.910721 0.971235 0.875631 0.922017 0.920773 0.928299 0.927078
