0.000000 0.253876 0.614690 0.764624 0.895424 0.866665 0.496884 0.458074 0.961972 0.578225 0.277570 0.277910 0.419272 0.492989 0.479801 0.516991 0.282159 0.227508 0.335117 0.290574 0.874916 0.830720 0.387874 0.830493 0.913732 0.895139 0.903971 0.941611 0.260349 0.273028 0.423720 0.413485 0.348903 0.324647 0.855640 0.836323 0.541593 0.774497 0.814585 0.774717 0.726528 0.725670 0.548119 0.466692 0.524209 0.459255 0.503136 0.429025 0.568349 0.608796 0.652922 0.685753 0.690146 0.879992 0.665241 0.777392 0.319149 0.296894 0.440420 0.433942 0.341360 0.570238 0.245513 0.268177 0.911390 0.907119 0.666770 0.621380 0.338871 0.316137 0.457973 0.523634 0.492525 0.541888 0.732901 0.847421 0.488805 0.629545 0.463392 0.333285 0.240509 0.331950 0.606504 0.590918 0.733416 0.884970 0.857876 0.767397 0.870490 0.781149 0.902112 0.862917 0.862216 0.995918 0.589309 0.717569 0.540122 0.738133 0.511413 0.526372 0.808754 0.614884 0.511520 0.575378 0.553578 0.537273 0.803024 0.883524 0.975815 0.688792 0.758102 0.652456 0.577708 0.628024 0.780591 0.912952
0.253876 0.000000 0.756708 0.855515 0.949044 0.927126 0.562053 0.497952 0.959223 0.533619 0.352734 0.339929 0.604707 0.653702 0.601344 0.613703 0.194442 0.202532 0.383852 0.310606 0.939193 0.762761 0.451994 0.929265 0.952419 0.981080 0.803112 0.992666 0.280290 0.264296 0.487151 0.477761 0.390515 0.368100 0.894259 0.732542 0.648418 0.711882 0.927743 0.938666 0.876043 0.582977 0.500046 0.426472 0.474930 0.447835 0.553860 0.431670 0.501853 0.600837 0.628039 0.674690 0.679051 0.838042 0.829007 0.886391 0.185599 0.182408 0.472300 0.477829 0.480601 0.676774 0.232192 0.211245 0.931214 0.967971 0.676282 0.645035 0.411717 0.324809 0.388950 0.447860 0.496555 0.513327 0.743179 0.767162 0.485214 0.426333 0.465974 0.408355 0.226650 0.422326 0.576697 0.621351 0.882209 0.959066 0.715712 0.656948 0.995369 0.911985 0.826227 0.807188 0.791122 0.998383 0.574877 0.735566 0.556061 0.601754 0.472916 0.447298 0.757478 0.580873 0.405841 0.476832 0.526180 0.485822 0.724887 0.804585 0.952377 0.781605 0.662103 0.596139 0.590837 0.673401 0.758147 0.951370
0.614690 0.756708 0.000000 0.217060 0.958147 0.593573 0.257060 0.365051 0.652862 0.722209 0.642510 0.697745 0.553480 0.552616 0.649680 0.557309 0.809742 0.684699 0.552807 0.580787 0.646353 0.808279 0.373732 0.399212 0.598076 0.373656 0.870280 0.991827 0.829406 0.727851 0.403167 0.466746 0.410339 0.424015 0.566784 0.636774 0.620922 0.706788 0.514177 0.712683 0.911998 0.885687 0.391766 0.419989 0.474158 0.472524 0.398711 0.395089 0.787843 0.647478 0.605739 0.607871 0.621902 0.788386 0.645669 0.603802 0.872325 0.848183 0.602346 0.595467 0.468104 0.522177 0.760109 0.844425 0.431190 0.419913 0.288943 0.362855 0.814488 0.696756 0.513329 0.482112 0.657997 0.563637 0.754408 0.837300 0.522620 0.834437 0.652824 0.508494 0.735566 0.563210 0.837645 0.816442 0.629142 0.548161 0.847318 0.998149 0.812921 0.648867 0.578075 0.645435 0.525073 0.501595 0.668244 0.697368 0.404842 0.787019 0.565048 0.542947 0.579509 0.622175 0.699322 0.719843 0.482265 0.582349 0.735538 0.649017 0.941312 0.810041 0.844241 0.677355 0.605959 0.699539 0.691928 0.900162
0.764624 0.855515 0.217060 0.000000 0.956567 0.623787 0.344297 0.403510 0.705517 0.775897 0.730270 0.816686 0.676391 0.618335 0.728004 0.609779 0.906676 0.778841 0.619259 0.654316 0.663319 0.825843 0.464834 0.422197 0.607380 0.358985 0.777010 0.912336 0.890830 0.822974 0.520800 0.533728 0.507733 0.521677 0.551616 0.581440 0.626324 0.740630 0.557219 0.799737 0.999796 0.866402 0.473704 0.503012 0.567623 0.577500 0.467762 0.509204 0.832118 0.672548 0.676014 0.676221 0.681667 0.818452 0.700430 0.664567 0.935156 0.933662 0.655410 0.691843 0.652154 0.593298 0.890294 0.979120 0.455862 0.400829 0.325571 0.397528 0.862035 0.812412 0.539008 0.528464 0.741408 0.621670 0.873493 0.869505 0.561648 0.839254 0.732475 0.606336 0.847379 0.619229 0.918228 0.863431 0.680237 0.536379 0.874231 0.893601 0.820079 0.600142 0.547776 0.613223 0.496180 0.435024 0.773471 0.653724 0.496332 0.738177 0.640256 0.567485 0.567009 0.687864 0.775088 0.725347 0.532959 0.672615 0.786942 0.692657 0.927667 0.863813 0.848689 0.702080 0.622540 0.673417 0.763711 0.810691
0.895424 0.949044 0.958147 0.956567 0.000000 0.929602 0.984319 0.936681 0.910280 0.949051 0.969339 0.970062 0.932575 0.818987 0.852020 0.990368 0.903638 0.961527 0.958691 0.854511 0.917768 0.999321 0.986102 0.966815 0.991693 0.984113 0.850641 0.907497 0.977172 0.943969 0.904668 0.888239 0.974139 0.942171 0.958956 0.939857 0.760764 0.973120 0.898182 0.953495 0.900602 0.998555 0.912331 0.974296 0.897683 0.865516 0.946554 0.945180 0.839259 0.847524 0.869702 0.860968 0.873097 0.809721 0.969832 0.851462 0.901821 0.907324 0.930755 0.920026 0.934289 0.851801 0.893518 0.913643 0.918256 0.846940 0.892797 0.855690 0.936762 0.909823 0.870131 0.891932 0.985580 0.977933 0.914770 0.968891 0.980685 0.961769 0.922830 0.940627 0.880642 0.932883 0.829917 0.975897 0.903185 0.912481 0.879931 0.994446 0.968313 0.982167 0.874338 0.940066 0.857285 0.952172 0.994563 0.966314 0.996773 0.803180 0.963623 0.844322 0.915520 0.953086 0.948097 0.922165 0.908317 0.995853 0.843821 0.975206 0.705781 0.960409 0.932408 0.796521 0.805433 0.961950 0.898240 0.934621
0.866665 0.927126 0.593573 0.623787 0.929602 0.000000 0.590755 0.770664 0.760469 0.757716 0.884667 0.752106 0.595898 0.723748 0.655801 0.503469 0.987928 0.886545 0.705018 0.805394 0.796240 0.771614 0.628010 0.607799 0.850105 0.597374 0.850223 0.641653 0.930522 0.856490 0.707949 0.739414 0.673022 0.605455 0.829517 0.917576 0.937980 0.956814 0.733462 0.848695 0.921965 0.980458 0.646820 0.608714 0.824879 0.844285 0.841395 0.708844 0.957428 0.799896 0.829562 0.754818 0.801323 0.818895 0.897493 0.919600 0.943696 0.982263 0.876238 0.906219 0.826341 0.965009 0.914633 0.982843 0.805784 0.825105 0.742938 0.824926 0.958087 0.768762 0.795402 0.739617 0.829928 0.661162 0.792270 0.773741 0.771225 0.834021 0.789367 0.642678 0.885113 0.761394 0.939977 0.985328 0.810050 0.755813 0.847297 0.802238 0.993373 0.955468 0.691723 0.686728 0.736605 0.645823 0.786550 0.742118 0.713993 0.878181 0.787087 0.757597 0.949373 0.801320 0.852990 0.819959 0.737360 0.818172 0.917644 0.813308 0.956238 0.772581 0.939966 0.890107 0.755304 0.890314 0.859458 0.970880
0.496884 0.562053 0.257060 0.344297 0.984319 0.590755 0.000000 0.210511 0.541043 0.406596 0.535856 0.610859 0.490965 0.661884 0.648275 0.586959 0.622168 0.536034 0.385811 0.427522 0.761859 0.789265 0.278391 0.610213 0.895302 0.627648 0.929490 0.921752 0.656670 0.549364 0.319082 0.454487 0.287202 0.247145 0.644743 0.551599 0.637860 0.734560 0.736642 0.807953 0.929972 0.777174 0.211355 0.224678 0.256661 0.273426 0.379718 0.309674 0.501947 0.400307 0.393394 0.386076 0.416966 0.569101 0.739084 0.658517 0.636725 0.605150 0.356783 0.421651 0.394708 0.557585 0.518545 0.583586 0.718218 0.690073 0.290746 0.385597 0.788674 0.554329 0.319953 0.287049 0.663727 0.482477 0.801888 0.739340 0.363676 0.673094 0.477031 0.451322 0.590761 0.597729 0.893500 0.873968 0.860602 0.864246 0.974715 0.818866 0.864043 0.880076 0.369187 0.399466 0.396078 0.409881 0.627478 0.610747 0.323080 0.646725 0.278946 0.284030 0.446088 0.400013 0.440983 0.459683 0.373883 0.394485 0.517930 0.525416 0.815520 0.775628 0.672718 0.510010 0.422591 0.537976 0.614394 0.860917
0.458074 0.497952 0.365051 0.403510 0.936681 0.770664 0.210511 0.000000 0.542724 0.353302 0.425524 0.553905 0.545573 0.666731 0.722477 0.684648 0.538936 0.480427 0.405276 0.365472 0.905921 0.813847 0.374246 0.747439 0.951110 0.780855 0.857560 0.853205 0.549073 0.510052 0.435093 0.461853 0.350596 0.317226 0.751757 0.579161 0.651063 0.785709 0.863488 0.910809 0.870892 0.666223 0.333030 0.362001 0.321395 0.355162 0.494751 0.437946 0.474457 0.450505 0.480193 0.484475 0.510068 0.637670 0.818372 0.703415 0.541583 0.505475 0.345489 0.421552 0.433140 0.502894 0.463929 0.491875 0.855302 0.764442 0.389317 0.471240 0.693398 0.503802 0.313588 0.352262 0.695631 0.591177 0.835967 0.842710 0.404078 0.667039 0.523956 0.512206 0.538696 0.577402 0.906931 0.896944 0.959270 0.983534 0.972258 0.775710 0.817364 0.840599 0.375923 0.418068 0.395878 0.466277 0.606187 0.657360 0.339225 0.558466 0.264409 0.266512 0.398988 0.403282 0.394038 0.411447 0.394245 0.402453 0.523556 0.550581 0.839288 0.747538 0.617015 0.469226 0.368292 0.502913 0.645236 0.883374
0.961972 0.959223 0.652862 0.705517 0.910280 0.760469 0.541043 0.542724 0.000000 0.443204 0.844221 0.918446 0.735273 0.990472 0.995196 0.927677 0.981188 0.958190 0.866447 0.883400 0.980574 0.838310 0.804858 0.998257 0.794081 0.982785 0.807823 0.932813 0.967837 0.998999 0.744296 0.907481 0.836362 0.716360 0.988515 0.780705 0.928473 0.940432 0.975954 0.859276 0.858068 0.906039 0.614633 0.635702 0.617458 0.605895 0.822176 0.795565 0.590358 0.501328 0.496985 0.502230 0.473223 0.495827 0.919541 0.971982 0.923424 0.991919 0.530014 0.672229 0.737098 0.807299 0.873771 0.886881 0.927945 0.993659 0.766155 0.883514 0.908902 0.858046 0.725399 0.717701 0.911233 0.955984 0.969775 0.929074 0.745041 0.820210 0.831348 0.834500 0.924384 0.791020 0.717142 0.725639 0.690031 0.751954 0.927149 0.802033 0.856369 0.952713 0.514898 0.565104 0.639161 0.529054 0.812883 0.918971 0.695278 0.864702 0.555251 0.562386 0.715696 0.595946 0.623046 0.657894 0.778637 0.707979 0.639527 0.544186 0.951148 0.952131 0.799378 0.754112 0.649033 0.826290 0.643770 0.817146
0.578225 0.533619 0.722209 0.775897 0.949051 0.757716 0.406596 0.353302 0.443204 0.000000 0.531634 0.578836 0.514895 0.775899 0.720613 0.747494 0.594040 0.623285 0.453998 0.456267 0.961342 0.785870 0.514126 0.987143 0.598604 0.818258 0.721925 0.867209 0.563188 0.511683 0.583200 0.626698 0.510618 0.444244 0.890489 0.707338 0.860477 0.954205 0.942964 0.917382 0.911107 0.655418 0.452842 0.451693 0.453629 0.470248 0.681248 0.590939 0.334417 0.411430 0.479338 0.477290 0.511121 0.571503 0.975859 0.978675 0.624009 0.549638 0.374236 0.537459 0.630430 0.869138 0.472290 0.476135 0.670452 0.743915 0.798195 0.928497 0.741796 0.493887 0.476261 0.493624 0.811163 0.694858 0.816791 0.733301 0.499340 0.590705 0.492088 0.598372 0.609049 0.844157 0.887663 0.938237 0.693125 0.581830 0.761707 0.638025 0.941517 0.826521 0.473736 0.395443 0.595536 0.646062 0.731428 0.789903 0.503207 0.625993 0.289113 0.317340 0.577864 0.409270 0.349902 0.411345 0.680902 0.511903 0.551841 0.553094 0.859947 0.778149 0.735411 0.629553 0.459425 0.667405 0.748507 0.806042
0.277570 0.352734 0.642510 0.730270 0.969339 0.884667 0.535856 0.425524 0.844221 0.531634 0.000000 0.362399 0.423977 0.523811 0.586313 0.590176 0.417879 0.357974 0.377660 0.323803 0.965146 0.808739 0.505916 0.887995 0.993485 0.945110 0.894978 0.925690 0.376239 0.362271 0.516248 0.530166 0.429015 0.441104 0.955918 0.797186 0.637775 0.861341 0.905391 0.815133 0.757566 0.760439 0.633414 0.565468 0.575271 0.514708 0.639409 0.597049 0.570601 0.641894 0.704346 0.715243 0.705325 0.869389 0.736192 0.769610 0.465985 0.405304 0.473600 0.513721 0.444525 0.619523 0.340352 0.377799 0.988318 0.953261 0.726337 0.708185 0.401176 0.408485 0.489708 0.494931 0.590522 0.641739 0.729250 0.917751 0.471447 0.648727 0.541357 0.419037 0.378588 0.429291 0.766581 0.708042 0.886640 0.985465 0.950676 0.696893 0.835902 0.844902 0.810587 0.819598 0.795051 0.946257 0.708579 0.792722 0.603530 0.792265 0.532816 0.517053 0.780502 0.577991 0.491013 0.582713 0.591534 0.602886 0.837965 0.863232 0.937216 0.758848 0.751403 0.727112 0.574232 0.603829 0.787599 0.975549
0.277910 0.339929 0.697745 0.816686 0.970062 0.752106 0.610859 0.553905 0.918446 0.578836 0.362399 0.000000 0.325931 0.432307 0.418926 0.335554 0.345098 0.306995 0.421771 0.404041 0.899463 0.817597 0.386376 0.743823 0.953156 0.896915 0.967148 0.953480 0.308854 0.294464 0.542271 0.477417 0.429911 0.413870 0.994912 0.970453 0.711142 0.944618 0.872211 0.870398 0.882768 0.783188 0.618527 0.527042 0.680765 0.566818 0.665227 0.504624 0.658809 0.609544 0.669195 0.653790 0.689242 0.745363 0.813174 0.931008 0.471670 0.392431 0.559714 0.553775 0.368154 0.574910 0.263825 0.306067 0.953061 0.911971 0.820869 0.766123 0.492847 0.390674 0.577864 0.572167 0.458063 0.457823 0.621801 0.735556 0.576416 0.572096 0.509584 0.378234 0.334263 0.396923 0.659363 0.641045 0.731968 0.866261 0.816007 0.900059 0.914501 0.820738 0.907997 0.912996 0.931162 0.884636 0.604540 0.791428 0.632213 0.766523 0.627330 0.571046 0.877600 0.646905 0.606643 0.725132 0.558863 0.557364 0.857435 0.933021 0.924224 0.665999 0.865676 0.709334 0.614482 0.738860 0.734347 0.960883
0.419272 0.604707 0.553480 0.676391 0.932575 0.595898 0.490965 0.545573 0.735273 0.514895 0.423977 0.325931 0.000000 0.402247 0.424863 0.335040 0.652366 0.576877 0.442179 0.536640 0.808665 0.886761 0.388828 0.612089 0.943452 0.801807 0.927447 0.982018 0.511849 0.450703 0.559504 0.544846 0.490131 0.458650 0.972114 0.949651 0.720980 0.974756 0.753170 0.737456 0.902093 0.951035 0.604722 0.532258 0.712797 0.573566 0.615623 0.542276 0.673372 0.545771 0.628880 0.592149 0.630722 0.696998 0.745231 0.774390 0.794001 0.659327 0.540166 0.586700 0.372060 0.646174 0.448799 0.545724 0.870439 0.884108 0.830035 0.821592 0.587010 0.519873 0.649332 0.621869 0.573104 0.591114 0.782678 0.757202 0.593972 0.741333 0.545488 0.413103 0.578653 0.512370 0.845342 0.761524 0.769478 0.848770 0.916844 0.981795 0.723791 0.878724 0.851201 0.809090 0.944362 0.910186 0.715824 0.838076 0.624163 0.855427 0.639578 0.616386 0.847010 0.624478 0.663576 0.760030 0.683633 0.667972 0.919470 0.926315 0.904376 0.630184 0.973329 0.839381 0.638179 0.737991 0.778210 0.910246
0.492989 0.653702 0.552616 0.618335 0.818987 0.723748 0.661884 0.666731 0.990472 0.775899 0.523811 0.432307 0.402247 0.000000 0.325810 0.336747 0.718836 0.567052 0.445195 0.454464 0.735382 0.776423 0.449399 0.516316 0.792490 0.712793 0.917186 0.871067 0.500181 0.466811 0.580294 0.471897 0.530656 0.533567 0.965460 0.992262 0.748066 0.986875 0.647824 0.777294 0.917465 0.845752 0.745497 0.716873 0.943096 0.841713 0.650270 0.705172 0.992603 0.955573 0.991293 0.960714 0.928336 0.918753 0.707377 0.902853 0.813517 0.797509 0.839095 0.911830 0.604945 0.751253 0.674854 0.722983 0.757969 0.756450 0.871742 0.858374 0.555795 0.592067 0.783507 0.804942 0.526454 0.654353 0.757163 0.757763 0.673327 0.798242 0.710164 0.491068 0.636847 0.414852 0.680229 0.569805 0.633608 0.650486 0.967622 0.920765 0.894280 0.729436 0.996482 0.961726 0.984373 0.970072 0.703104 0.792878 0.755020 0.798582 0.856621 0.797818 0.853811 0.758745 0.826438 0.868375 0.786941 0.811840 0.911923 0.940286 0.874713 0.717172 0.966231 0.899131 0.786025 0.811253 0.877701 0.989681
0.479801 0.601344 0.649680 0.728004 0.852020 0.655801 0.648275 0.722477 0.995196 0.720613 0.586313 0.418926 0.424863 0.325810 0.000000 0.356822 0.591206 0.486934 0.425377 0.447156 0.795835 0.783093 0.428907 0.587253 0.843142 0.766259 0.937882 0.805079 0.507442 0.386400 0.477651 0.433943 0.495106 0.486302 0.998255 0.990768 0.779803 0.975862 0.724356 0.819801 0.889650 0.937644 0.669765 0.611353 0.860319 0.774223 0.686580 0.621118 0.915071 0.829627 0.919225 0.854100 0.879572 0.981406 0.881425 0.959118 0.754485 0.705627 0.747589 0.824857 0.621048 0.885409 0.602684 0.644590 0.925728 0.924765 0.866321 0.871019 0.531931 0.599138 0.717855 0.708296 0.490063 0.560553 0.719153 0.740325 0.656749 0.684209 0.481488 0.511369 0.589946 0.496651 0.702286 0.597485 0.794514 0.779650 0.911410 0.954863 0.984673 0.932462 0.997136 0.971588 0.923363 0.935078 0.694077 0.797711 0.706376 0.784510 0.775617 0.720254 0.904281 0.792319 0.778013 0.808449 0.775619 0.804179 0.950566 0.930248 0.946292 0.706462 0.982726 0.880425 0.785218 0.819379 0.889853 0.944614
0.516991 0.613703 0.557309 0.609779 0.990368 0.503469 0.586959 0.684648 0.927677 0.747494 0.590176 0.335554 0.335040 0.336747 0.356822 0.000000 0.625781 0.546102 0.437315 0.526168 0.723109 0.757600 0.359893 0.423132 0.713318 0.663133 0.869444 0.757261 0.553197 0.464662 0.557147 0.466692 0.470308 0.434431 0.953516 0.970762 0.750741 0.974651 0.719066 0.799137 0.986982 0.956210 0.595652 0.524825 0.826198 0.691159 0.633563 0.546415 0.899622 0.692842 0.770963 0.701794 0.760817 0.799592 0.716184 0.934472 0.791292 0.715368 0.699086 0.767591 0.516863 0.700943 0.568533 0.648314 0.719184 0.717071 0.780218 0.762730 0.664323 0.555233 0.691573 0.660194 0.517086 0.492756 0.702041 0.687925 0.667639 0.718502 0.584666 0.441960 0.613864 0.468992 0.758853 0.653775 0.613407 0.610760 0.806665 0.903838 0.933314 0.793397 0.930548 0.888270 0.979809 0.994286 0.727186 0.716576 0.692033 0.787944 0.764418 0.682470 0.936384 0.733157 0.788910 0.853830 0.639047 0.672642 0.975183 0.985712 0.874880 0.644493 0.990060 0.803266 0.701722 0.817310 0.836060 0.903933
0.282159 0.194442 0.809742 0.906676 0.903638 0.987928 0.622168 0.538936 0.981188 0.594040 0.417879 0.345098 0.652366 0.718836 0.591206 0.625781 0.000000 0.195017 0.423359 0.346439 0.935402 0.765603 0.492950 0.938869 0.979199 0.969728 0.831831 0.990584 0.323703 0.294546 0.512423 0.478203 0.425216 0.409946 0.935204 0.784151 0.718454 0.747540 0.957960 0.970634 0.833518 0.635331 0.540650 0.497743 0.510386 0.484970 0.572971 0.450373 0.512007 0.623825 0.667912 0.713623 0.751537 0.879137 0.859592 0.939009 0.210695 0.213327 0.471615 0.519742 0.520644 0.707822 0.248008 0.246660 0.941891 0.975214 0.711209 0.695140 0.417374 0.347745 0.464175 0.508452 0.518913 0.541905 0.686910 0.833376 0.538974 0.526224 0.450758 0.485804 0.214102 0.438234 0.545708 0.639327 0.841374 0.977750 0.769397 0.669172 0.984387 0.934604 0.896644 0.881878 0.876279 0.911285 0.657239 0.795857 0.603697 0.659995 0.551341 0.501506 0.807359 0.675245 0.482471 0.546476 0.553601 0.497012 0.779455 0.879884 0.935781 0.778761 0.741908 0.635452 0.630652 0.660452 0.758011 0.967724
0.227508 0.202532 0.684699 0.778841 0.961527 0.886545 0.536034 0.480427 0.958190 0.623285 0.357974 0.306995 0.576877 0.567052 0.486934 0.546102 0.195017 0.000000 0.335927 0.250060 0.879728 0.751822 0.386591 0.809577 0.915930 0.903249 0.902306 0.976389 0.262377 0.232497 0.445697 0.424769 0.362199 0.316541 0.826839 0.835412 0.627143 0.739049 0.853586 0.925118 0.724378 0.675023 0.505774 0.442449 0.514854 0.491163 0.582453 0.415718 0.586392 0.639470 0.708170 0.730251 0.746406 0.884867 0.808128 0.886635 0.222504 0.226113 0.509237 0.517588 0.470582 0.670841 0.253348 0.252125 0.970476 0.943366 0.646788 0.601368 0.435568 0.380310 0.421158 0.466323 0.482938 0.475316 0.749175 0.728298 0.484214 0.507757 0.462508 0.378194 0.223622 0.322976 0.536263 0.568343 0.752111 0.902780 0.835245 0.768530 0.994795 0.850719 0.816626 0.812788 0.773935 0.989545 0.577331 0.778789 0.601573 0.636211 0.521077 0.482835 0.784167 0.621988 0.482833 0.545992 0.494732 0.490220 0.762113 0.901556 0.981847 0.756079 0.763818 0.565514 0.593070 0.597315 0.787801 0.909238
0.335117 0.383852 0.552807 0.619259 0.958691 0.705018 0.385811 0.405276 0.866447 0.453998 0.377660 0.421771 0.442179 0.445195 0.425377 0.437315 0.423359 0.335927 0.000000 0.235149 0.787545 0.674890 0.332262 0.707046 0.926269 0.875878 0.891747 0.966388 0.322910 0.289184 0.366661 0.347257 0.294670 0.260529 0.946647 0.713453 0.643610 0.813249 0.794003 0.937750 0.921297 0.675704 0.423270 0.394152 0.509306 0.486852 0.499116 0.427185 0.561495 0.576362 0.682031 0.669974 0.725012 0.856926 0.890380 0.881415 0.455547 0.452733 0.442887 0.567424 0.555449 0.853789 0.386070 0.460563 0.981048 0.988449 0.652087 0.751201 0.496239 0.374925 0.431508 0.456856 0.542985 0.506235 0.745533 0.739483 0.460574 0.549107 0.472865 0.414546 0.452972 0.469773 0.816541 0.782197 0.936906 0.990003 0.822417 0.795365 0.952599 0.990693 0.710497 0.632073 0.755713 0.822676 0.762512 0.638859 0.541471 0.600578 0.439099 0.398992 0.661729 0.495009 0.442530 0.470984 0.578413 0.564396 0.784596 0.779910 0.946884 0.736790 0.768807 0.640931 0.489526 0.559316 0.834929 0.981470
0.290574 0.310606 0.580787 0.654316 0.854511 0.805394 0.427522 0.365472 0.883400 0.456267 0.323803 0.404041 0.536640 0.454464 0.447156 0.526168 0.346439 0.250060 0.235149 0.000000 0.873330 0.678695 0.366958 0.765411 0.986605 0.911913 0.774621 0.955965 0.305592 0.235081 0.377608 0.328716 0.315667 0.268689 0.895786 0.745172 0.619615 0.747504 0.798210 0.940569 0.767683 0.643470 0.446990 0.412724 0.512509 0.526169 0.549500 0.456523 0.595970 0.662120 0.747489 0.745256 0.757915 0.916036 0.864265 0.935513 0.360939 0.365556 0.475449 0.594322 0.563061 0.787632 0.378790 0.372995 0.949073 0.983787 0.657442 0.689183 0.470984 0.371615 0.420477 0.460294 0.539619 0.533616 0.740305 0.730395 0.416048 0.534177 0.444200 0.432024 0.372238 0.401423 0.774878 0.741956 0.945746 0.974380 0.763416 0.721164 0.997387 0.904640 0.711409 0.625673 0.716545 0.836326 0.629513 0.725863 0.512216 0.559609 0.427304 0.401770 0.649357 0.518008 0.379078 0.433904 0.541982 0.512391 0.740906 0.777668 0.999549 0.742914 0.692972 0.591873 0.530562 0.527787 0.776376 0.969990
0.874916 0.939193 0.646353 0.663319 0.917768 0.796240 0.761859 0.905921 0.980574 0.961342 0.965146 0.899463 0.808665 0.735382 0.795835 0.723109 0.935402 0.879728 0.787545 0.873330 0.000000 0.886323 0.682215 0.603365 0.584535 0.637510 0.772925 0.845191 0.973930 0.897931 0.740493 0.715822 0.799795 0.757821 0.779299 0.881913 0.758580 0.890518 0.533525 0.834075 0.869388 0.962879 0.800190 0.813031 0.887448 0.854011 0.619048 0.705199 0.953608 0.993243 0.985313 0.979971 0.998635 0.861956 0.874032 0.844715 0.892601 0.991396 0.918478 0.941341 0.828667 0.908044 0.905637 0.982163 0.637953 0.721731 0.721114 0.760967 0.945807 0.869328 0.958363 0.935458 0.790291 0.830048 0.821486 0.844845 0.918887 0.997258 0.919030 0.835627 0.930863 0.758358 0.813293 0.712584 0.701333 0.650310 0.946940 0.897584 0.943202 0.845172 0.927976 0.933470 0.972005 0.985654 0.977452 0.715334 0.839048 0.909764 0.940829 0.901963 0.933478 0.938506 0.906619 0.965683 0.989732 0.963533 0.880958 0.940552 0.998281 0.902880 0.902089 0.923864 0.972391 0.976363 0.877781 0.916091
0.830720 0.762761 0.808279 0.825843 0.999321 0.771614 0.789265 0.813847 0.838310 0.785870 0.808739 0.817597 0.886761 0.776423 0.783093 0.757600 0.765603 0.751822 0.674890 0.678695 0.886323 0.000000 0.775533 0.884705 0.938942 0.936421 0.816374 0.797221 0.793385 0.735950 0.700615 0.691408 0.724572 0.723001 0.826502 0.797897 0.860008 0.637693 0.935531 0.995796 0.911646 0.832597 0.742619 0.761856 0.799978 0.838352 0.909961 0.804086 0.889065 0.867144 0.925980 0.884282 0.883760 0.915965 0.950732 0.975788 0.841913 0.856044 0.823799 0.964758 0.985118 0.890032 0.838667 0.867292 0.946951 0.958346 0.867343 0.924465 0.849155 0.758239 0.755134 0.767422 0.761101 0.753495 0.924817 0.875277 0.856478 0.750442 0.890829 0.770218 0.818312 0.863584 0.977400 0.907927 0.914741 0.940963 0.881657 0.819275 0.922556 0.864738 0.798085 0.841401 0.848560 0.871095 0.884499 0.844807 0.904090 0.718504 0.773125 0.774892 0.903178 0.794194 0.678225 0.599753 0.822268 0.865022 0.976826 0.884178 0.904507 0.854724 0.885011 0.850256 0.855665 0.838235 0.991666 0.893117
0.387874 0.451994 0.373732 0.464834 0.986102 0.628010 0.278391 0.374246 0.804858 0.514126 0.505916 0.386376 0.388828 0.449399 0.428907 0.359893 0.492950 0.386591 0.332262 0.366958 0.682215 0.775533 0.000000 0.486956 0.799635 0.610624 0.995829 0.958920 0.493073 0.354022 0.284297 0.303679 0.231670 0.225508 0.755219 0.733379 0.606122 0.811502 0.681073 0.851322 0.919802 0.755157 0.307914 0.283421 0.426368 0.380208 0.404401 0.328774 0.605160 0.523585 0.533677 0.509872 0.559216 0.689427 0.691675 0.781285 0.544469 0.508848 0.487755 0.528056 0.372822 0.630273 0.393970 0.460427 0.749944 0.758463 0.467439 0.495037 0.667548 0.462563 0.403486 0.372484 0.478752 0.328154 0.727033 0.683365 0.395113 0.619271 0.414198 0.397995 0.449691 0.436646 0.666468 0.675549 0.702256 0.759851 0.918622 0.917570 0.970170 0.874572 0.632654 0.638072 0.658122 0.781131 0.618753 0.641030 0.441568 0.667749 0.451309 0.418768 0.690321 0.546589 0.510467 0.576850 0.428705 0.440155 0.631963 0.784209 0.926355 0.665307 0.732925 0.593357 0.487574 0.648905 0.689939 0.914466
0.830493 0.929265 0.399212 0.422197 0.966815 0.607799 0.610213 0.747439 0.998257 0.987143 0.887995 0.743823 0.612089 0.516316 0.587253 0.423132 0.938869 0.809577 0.707046 0.765411 0.603365 0.884705 0.486956 0.000000 0.518049 0.423021 0.791752 0.888796 0.963942 0.770580 0.632076 0.549397 0.622085 0.644589 0.748415 0.899445 0.798578 0.942038 0.490281 0.795285 0.932520 0.928785 0.703668 0.707934 0.901216 0.861254 0.646848 0.641276 0.873608 0.970487 0.976496 0.945449 0.986862 0.976528 0.792246 0.794476 0.963250 0.949364 0.997975 0.996471 0.722795 0.781010 0.974653 0.964199 0.458284 0.469546 0.625184 0.625834 0.933935 0.897454 0.801136 0.752686 0.674667 0.608322 0.888340 0.798956 0.773321 0.927749 0.810509 0.680203 0.881849 0.586183 0.765890 0.654026 0.523861 0.431232 0.868181 0.698336 0.852302 0.740416 0.855125 0.891365 0.851804 0.839432 0.793015 0.848124 0.710570 0.810885 0.936494 0.858644 0.845455 0.951400 0.994837 0.931886 0.800859 0.823501 0.980258 0.996122 0.992648 0.822123 0.951242 0.928067 0.890305 0.934020 0.958489 0.935587
0.913732 0.952419 0.598076 0.607380 0.991693 0.850105 0.895302 0.951110 0.794081 0.598604 0.993485 0.953156 0.943452 0.792490 0.843142 0.713318 0.979199 0.915930 0.926269 0.986605 0.584535 0.938942 0.799635 0.518049 0.000000 0.347307 0.551742 0.776495 0.928477 0.980466 0.726330 0.736872 0.795741 0.889271 0.542897 0.885437 0.804404 0.756868 0.484692 0.732641 0.932646 0.911121 0.919354 0.892701 0.956568 0.914822 0.710647 0.730821 0.766522 0.898456 0.961513 0.929648 0.906097 0.786036 0.724984 0.838215 0.941687 0.900690 0.926889 0.970578 0.837220 0.765363 0.956733 0.841608 0.334426 0.403554 0.617953 0.597447 0.901384 0.984979 0.950338 0.995181 0.701152 0.761705 0.819908 0.861931 0.965389 0.919490 0.987593 0.809738 0.951568 0.690275 0.617144 0.720933 0.401922 0.319583 0.775378 0.708206 0.982218 0.591658 0.756521 0.642322 0.870124 0.904780 0.902242 0.901898 0.912060 0.836494 0.759468 0.844616 0.914589 0.856216 0.745549 0.747123 0.879505 0.977432 0.830348 0.827923 0.887806 0.930194 0.957507 0.859361 0.857080 0.981981 0.929684 0.945537
0.895139 0.981080 0.373656 0.358985 0.984113 0.597374 0.627648 0.780855 0.982785 0.818258 0.945110 0.896915 0.801807 0.712793 0.766259 0.663133 0.969728 0.903249 0.875878 0.911913 0.637510 0.936421 0.610624 0.423021 0.347307 0.000000 0.579963 0.805395 0.934349 0.988510 0.615061 0.640575 0.670235 0.718611 0.489980 0.800668 0.776383 0.792578 0.441127 0.640930 0.925627 0.950127 0.686236 0.682902 0.807717 0.802310 0.609218 0.642013 0.895619 0.917972 0.858551 0.860680 0.871426 0.989682 0.646891 0.659748 0.915243 0.887857 0.939078 0.877451 0.737550 0.690197 0.972348 0.857908 0.282752 0.301390 0.423565 0.440063 0.989431 0.942164 0.829182 0.725891 0.694559 0.633089 0.863002 0.941140 0.832801 0.998683 0.905233 0.710655 0.913773 0.607295 0.725267 0.783787 0.436652 0.294919 0.797891 0.652178 0.897804 0.541684 0.869875 0.983322 0.789674 0.688112 0.852624 0.836240 0.734372 0.991738 0.993993 0.911038 0.862655 0.902360 0.907244 0.947451 0.620434 0.862438 0.968245 0.995907 0.926497 0.924084 0.994870 0.943941 0.879689 0.916168 0.868128 0.941525
0.903971 0.803112 0.870280 0.777010 0.850641 0.850223 0.929490 0.857560 0.807823 0.721925 0.894978 0.967148 0.927447 0.917186 0.937882 0.869444 0.831831 0.902306 0.891747 0.774621 0.772925 0.816374 0.995829 0.791752 0.551742 0.579963 0.000000 0.780688 0.879647 0.777841 0.848057 0.929768 0.965704 0.863790 0.902209 0.877578 0.894431 0.904687 0.790787 0.829985 0.906519 0.855317 0.894480 0.896004 0.845571 0.916007 0.968339 0.998528 0.926857 0.917104 0.920909 0.902979 0.905714 0.843148 0.742433 0.794304 0.790449 0.778135 0.877876 0.949565 0.987438 0.924995 0.861969 0.741797 0.550207 0.601254 0.912282 0.918392 0.944717 0.907162 0.819459 0.835699 0.951520 0.964052 0.911910 0.960885 0.896491 0.776658 0.920593 0.964728 0.923544 0.817700 0.797160 0.828464 0.469769 0.474423 0.798147 0.598904 0.947157 0.616145 0.826676 0.834875 0.948023 0.970629 0.825933 0.988977 0.822378 0.665081 0.704443 0.792780 0.837294 0.866299 0.597112 0.670391 0.973143 0.799706 0.786913 0.698579 0.850731 0.951347 0.668296 0.782528 0.836464 0.881849 0.905950 0.949872
0.941611 0.992666 0.991827 0.912336 0.907497 0.641653 0.921752 0.853205 0.932813 0.867209 0.925690 0.953480 0.982018 0.871067 0.805079 0.757261 0.990584 0.976389 0.966388 0.955965 0.845191 0.797221 0.958920 0.888796 0.776495 0.805395 0.780688 0.000000 0.987359 0.964009 0.980718 0.885456 0.971187 0.946873 0.843633 0.957240 0.993253 0.975495 0.841041 0.952443 0.935997 0.966056 0.987609 0.974589 0.869710 0.921691 0.986750 0.979378 0.867970 0.929157 0.912804 0.945233 0.941582 0.941790 0.965969 0.857347 0.986673 0.980634 0.935603 0.879533 0.880130 0.834273 0.976394 0.915548 0.945796 0.999494 0.982047 0.958467 0.923249 0.949814 0.983164 0.812396 0.970604 0.909230 0.901664 0.968481 0.999303 0.950411 0.989450 0.925960 0.999716 0.919783 0.922027 0.978509 0.883739 0.817397 0.760981 0.888043 0.716842 0.883769 0.860452 0.890991 0.841845 0.928170 0.830733 0.890999 0.903702 0.963181 0.870362 0.916540 0.769565 0.827908 0.872662 0.978484 0.967634 0.925129 0.775147 0.821578 0.844118 0.890667 0.933361 0.896800 0.921494 0.936570 0.967583 0.993213
0.260349 0.280290 0.829406 0.890830 0.977172 0.930522 0.656670 0.549073 0.967837 0.563188 0.376239 0.308854 0.511849 0.500181 0.507442 0.553197 0.323703 0.262377 0.322910 0.305592 0.973930 0.793385 0.493073 0.963942 0.928477 0.934349 0.879647 0.987359 0.000000 0.221382 0.540964 0.473851 0.472586 0.408926 0.991273 0.919677 0.618241 0.827843 0.947041 0.999904 0.793923 0.642527 0.630876 0.564982 0.675510 0.619940 0.717941 0.561422 0.617007 0.675590 0.769532 0.773791 0.793125 0.874838 0.832688 0.903550 0.335353 0.329186 0.568247 0.585641 0.546360 0.774228 0.301200 0.290667 0.829357 0.879754 0.866369 0.856316 0.383266 0.338135 0.515820 0.612396 0.489740 0.555122 0.757273 0.764312 0.550138 0.492901 0.587738 0.457028 0.306753 0.427160 0.674678 0.682810 0.927725 0.945653 0.738170 0.766640 0.990345 0.917645 0.922221 0.826148 0.943868 0.928348 0.655441 0.761988 0.655193 0.689976 0.569792 0.566677 0.822913 0.566468 0.510496 0.567169 0.650266 0.614646 0.880230 0.911714 0.994490 0.647863 0.754734 0.629589 0.592885 0.599056 0.887556 0.901710
0.273028 0.264296 0.727851 0.822974 0.943969 0.856490 0.549364 0.510052 0.998999 0.511683 0.362271 0.294464 0.450703 0.466811 0.386400 0.464662 0.294546 0.232497 0.289184 0.235081 0.897931 0.735950 0.354022 0.770580 0.980466 0.988510 0.777841 0.964009 0.221382 0.000000 0.395792 0.363736 0.341737 0.310906 0.941595 0.854985 0.620025 0.784572 0.806291 0.965927 0.824123 0.674839 0.497085 0.438224 0.586864 0.547615 0.625908 0.477095 0.621440 0.629231 0.722145 0.701993 0.742631 0.840388 0.849832 0.927139 0.348055 0.310292 0.558760 0.578217 0.496934 0.781959 0.287678 0.276877 0.873016 0.917860 0.778135 0.760695 0.388066 0.331425 0.452637 0.510440 0.406694 0.399879 0.774423 0.698241 0.484627 0.472819 0.439384 0.416607 0.308721 0.395950 0.650589 0.637232 0.940810 0.955366 0.769859 0.722460 0.973193 0.982012 0.845169 0.778938 0.900367 0.938469 0.589222 0.749148 0.560635 0.591970 0.506514 0.471804 0.739105 0.555068 0.455507 0.544968 0.634125 0.509237 0.797641 0.834021 0.923062 0.676342 0.739387 0.581691 0.556582 0.571201 0.845787 0.949849
0.423720 0.487151 0.403167 0.520800 0.904668 0.707949 0.319082 0.435093 0.744296 0.583200 0.516248 0.542271 0.559504 0.580294 0.477651 0.557147 0.512423 0.445697 0.366661 0.377608 0.740493 0.700615 0.284297 0.632076 0.726330 0.615061 0.848057 0.980718 0.540964 0.395792 0.000000 0.282517 0.251019 0.264036 0.648703 0.650815 0.574826 0.671561 0.600517 0.772901 0.899160 0.753109 0.296236 0.269901 0.348771 0.357039 0.391474 0.348758 0.592817 0.567009 0.529512 0.537738 0.553313 0.749805 0.770165 0.808132 0.573133 0.572993 0.481934 0.544073 0.463907 0.726721 0.474737 0.522565 0.823464 0.831849 0.435524 0.511191 0.653040 0.481991 0.394761 0.376562 0.416462 0.343276 0.690808 0.793667 0.429885 0.621240 0.464014 0.404617 0.526254 0.579643 0.665765 0.762409 0.897537 0.889570 0.999894 0.778672 0.980847 0.910161 0.687961 0.747621 0.760694 0.809250 0.650313 0.697381 0.422443 0.681305 0.434417 0.462773 0.682456 0.519485 0.499755 0.508085 0.492115 0.511943 0.626918 0.665364 0.882072 0.781828 0.595154 0.631423 0.493594 0.590331 0.600309 0.911160
0.413485 0.477761 0.466746 0.533728 0.888239 0.739414 0.454487 0.461853 0.907481 0.626698 0.530166 0.477417 0.544846 0.471897 0.433943 0.466692 0.478203 0.424769 0.347257 0.328716 0.715822 0.691408 0.303679 0.549397 0.736872 0.640575 0.929768 0.885456 0.473851 0.363736 0.282517 0.000000 0.315508 0.345116 0.721365 0.731582 0.585571 0.790699 0.632024 0.881001 0.929973 0.670105 0.456188 0.452859 0.556860 0.593005 0.494213 0.478294 0.732550 0.787907 0.791369 0.801534 0.847326 0.986480 0.800838 0.893828 0.551560 0.569346 0.623535 0.724127 0.574910 0.808367 0.514261 0.565958 0.841684 0.848359 0.589551 0.662400 0.587790 0.467783 0.532960 0.517982 0.449923 0.435047 0.678835 0.853546 0.551006 0.633206 0.521130 0.504326 0.487518 0.475165 0.688607 0.739542 0.835110 0.829513 0.886903 0.918486 0.961789 0.883781 0.826657 0.827173 0.845091 0.895143 0.724003 0.714502 0.479114 0.652797 0.564549 0.573228 0.739547 0.635943 0.553372 0.552435 0.592873 0.605388 0.803629 0.811533 0.963112 0.678780 0.758316 0.659765 0.601086 0.662151 0.733874 0.885215
0.348903 0.390515 0.410339 0.507733 0.974139 0.673022 0.287202 0.350596 0.836362 0.510618 0.429015 0.429911 0.490131 0.530656 0.495106 0.470308 0.425216 0.362199 0.294670 0.315667 0.799795 0.724572 0.231670 0.622085 0.795741 0.670235 0.965704 0.971187 0.472586 0.341737 0.251019 0.315508 0.000000 0.217740 0.717518 0.621454 0.586015 0.676733 0.720712 0.875452 0.964264 0.710999 0.275074 0.257540 0.324363 0.325773 0.359904 0.340966 0.532014 0.505528 0.503276 0.495659 0.541792 0.725469 0.699249 0.722179 0.481470 0.454187 0.446045 0.480869 0.396847 0.601693 0.361726 0.442663 0.778898 0.771600 0.412775 0.470307 0.614167 0.410187 0.347573 0.360710 0.447993 0.334230 0.747257 0.744086 0.395516 0.627891 0.425622 0.388462 0.416478 0.447059 0.672961 0.754754 0.761257 0.829862 0.901388 0.774576 0.995285 0.874052 0.612239 0.634955 0.622216 0.763365 0.654976 0.645902 0.417073 0.609291 0.379076 0.383153 0.575626 0.468013 0.485922 0.507883 0.369365 0.402646 0.653634 0.666862 0.937406 0.712039 0.633746 0.589359 0.422504 0.605050 0.624132 0.857974
0.324647 0.368100 0.424015 0.521677 0.942171 0.605455 0.247145 0.317226 0.716360 0.444244 0.441104 0.413870 0.458650 0.533567 0.486302 0.434431 0.409946 0.316541 0.260529 0.268689 0.757821 0.723001 0.225508 0.644589 0.889271 0.718611 0.863790 0.946873 0.408926 0.310906 0.264036 0.345116 0.217740 0.000000 0.725647 0.689381 0.559472 0.722205 0.728778 0.878090 0.861348 0.730258 0.272243 0.223668 0.349094 0.335136 0.421628 0.325956 0.514262 0.455316 0.493224 0.496516 0.532481 0.688094 0.743185 0.773461 0.439703 0.427992 0.381199 0.472867 0.410743 0.667469 0.346229 0.401878 0.868308 0.857061 0.450690 0.496589 0.607049 0.372957 0.337979 0.355766 0.531805 0.393409 0.790820 0.685010 0.390165 0.552411 0.398720 0.357207 0.400256 0.450173 0.722868 0.722335 0.836262 0.885499 0.794557 0.754934 0.988770 0.940791 0.586546 0.549205 0.620933 0.712432 0.541880 0.619690 0.433515 0.581284 0.348955 0.338035 0.648863 0.444957 0.407389 0.448386 0.395926 0.377842 0.644539 0.639223 0.902094 0.677624 0.653460 0.521519 0.426218 0.544380 0.668527 0.961727
0.855640 0.894259 0.566784 0.551616 0.958956 0.829517 0.644743 0.751757 0.988515 0.890489 0.955918 0.994912 0.972114 0.965460 0.998255 0.953516 0.935204 0.826839 0.946647 0.895786 0.779299 0.826502 0.755219 0.748415 0.542897 0.489980 0.902209 0.843633 0.991273 0.941595 0.648703 0.721365 0.717518 0.725647 0.000000 0.671091 0.677893 0.656075 0.634784 0.844338 0.902863 0.963567 0.649676 0.670808 0.599750 0.680332 0.699821 0.627149 0.989314 0.842370 0.780029 0.795623 0.839135 0.903024 0.745873 0.756520 0.842997 0.863605 0.859079 0.746982 0.748523 0.654675 0.893623 0.920691 0.560366 0.550936 0.424881 0.372324 0.977632 0.984849 0.691361 0.671219 0.824918 0.690460 0.952836 0.963347 0.803148 0.873045 0.886638 0.827207 0.836934 0.768392 0.838087 0.873625 0.720264 0.645797 0.809638 0.963890 0.968390 0.709195 0.748269 0.960592 0.709403 0.681748 0.780789 0.838930 0.682967 0.906862 0.789564 0.805863 0.782049 0.905453 0.933156 0.841069 0.597252 0.709496 0.815692 0.831526 0.861986 0.964247 0.691494 0.743182 0.886409 0.836742 0.871380 0.855383
0.836323 0.732542 0.636774 0.581440 0.939857 0.917576 0.551599 0.579161 0.780705 0.707338 0.797186 0.970453 0.949651 0.992262 0.990768 0.970762 0.784151 0.835412 0.713453 0.745172 0.881913 0.797897 0.733379 0.899445 0.885437 0.800668 0.877578 0.957240 0.919677 0.854985 0.650815 0.731582 0.621454 0.689381 0.671091 0.000000 0.734353 0.544743 0.877585 0.903220 0.943827 0.858782 0.560064 0.597428 0.472084 0.597167 0.554326 0.637361 0.691581 0.674602 0.700068 0.719902 0.783851 0.895210 0.817033 0.854107 0.751881 0.738413 0.651687 0.687586 0.844320 0.756522 0.811555 0.826560 0.805131 0.771416 0.437336 0.532882 0.887097 0.781909 0.476614 0.524019 0.851178 0.796834 0.889039 0.832251 0.585017 0.706189 0.788094 0.866893 0.763086 0.836760 0.893535 0.941639 0.987041 0.952759 0.862037 0.866519 0.892781 0.870742 0.583542 0.664199 0.549175 0.605452 0.918915 0.651487 0.670821 0.655039 0.565664 0.513710 0.540709 0.657943 0.707355 0.598409 0.632838 0.627066 0.743825 0.644550 0.851990 0.981312 0.679418 0.678448 0.636756 0.680668 0.673794 0.796885
0.541593 0.648418 0.620922 0.626324 0.760764 0.937980 0.637860 0.651063 0.928473 0.860477 0.637775 0.711142 0.720980 0.748066 0.779803 0.750741 0.718454 0.627143 0.643610 0.619615 0.758580 0.860008 0.606122 0.798578 0.804404 0.776383 0.894431 0.993253 0.618241 0.620025 0.574826 0.585571 0.586015 0.559472 0.677893 0.734353 0.000000 0.689712 0.663540 0.864589 0.807511 0.880469 0.685718 0.606362 0.653688 0.644001 0.584006 0.555130 0.870775 0.765535 0.784014 0.818590 0.851158 0.931590 0.791093 0.780469 0.694569 0.706978 0.697862 0.667258 0.628917 0.696414 0.682001 0.725828 0.801258 0.794951 0.627165 0.606226 0.734561 0.684072 0.602784 0.704376 0.705165 0.657280 0.868999 0.942856 0.541631 0.743811 0.753268 0.680151 0.708963 0.655727 0.814358 0.811739 0.869433 0.827782 0.878274 0.788533 0.958223 0.802107 0.922192 0.874055 0.871278 0.877526 0.777807 0.686396 0.729574 0.854409 0.710498 0.713158 0.929789 0.740663 0.630901 0.746009 0.636858 0.721637 0.976296 0.812033 0.917908 0.791805 0.723467 0.675076 0.725505 0.783433 0.753750 0.821077
0.774497 0.711882 0.706788 0.740630 0.973120 0.956814 0.734560 0.785709 0.940432 0.954205 0.861341 0.944618 0.974756 0.986875 0.975862 0.974651 0.747540 0.739049 0.813249 0.747504 0.890518 0.637693 0.811502 0.942038 0.756868 0.792578 0.904687 0.975495 0.827843 0.784572 0.671561 0.790699 0.676733 0.722205 0.656075 0.544743 0.689712 0.000000 0.753133 0.920577 0.964710 0.885847 0.649787 0.621129 0.552077 0.616629 0.625856 0.614282 0.795932 0.678127 0.666324 0.689581 0.707669 0.805867 0.800841 0.762805 0.715834 0.750518 0.750481 0.691492 0.786681 0.799971 0.778311 0.790026 0.793909 0.786295 0.555072 0.558057 0.808034 0.725241 0.596098 0.653216 0.678323 0.686680 0.908213 0.993981 0.781000 0.743557 0.853394 0.849775 0.747802 0.785041 0.850607 0.993087 0.904884 0.866200 0.875229 0.788568 0.980968 0.936280 0.850753 0.866570 0.784293 0.838783 0.865569 0.690414 0.688549 0.739603 0.751073 0.703269 0.757113 0.732312 0.689043 0.716237 0.723920 0.698450 0.809500 0.790284 0.961324 0.939391 0.638426 0.721337 0.827432 0.683285 0.831683 0.856011
