0.000000 0.313408 0.843851 0.686576 0.836606 0.870928 0.986081 0.628019 0.831311 0.865638 0.682898 0.332300 0.679771 0.585669 0.967708 0.769481 0.490488 0.398770 0.525711 0.440497 0.852643 0.970555 0.774126 0.723349 0.688830 0.834894 0.722093 0.970360 0.650777 0.469503 0.800459 0.730433 0.636974 0.699829 0.923709 0.791772 0.714594 0.588050 0.871154 0.771767 0.785701 0.753709 0.937522 0.813872 0.835193 0.980328 0.742649 0.820725 0.869605 0.632648 0.764181 0.679051 0.929152 0.900709 0.709469 0.788926 0.328383 0.311440 0.484801 0.363530 0.831778 0.576541 0.571329 0.320722 0.720653 0.778658 0.897031 0.824021 0.409082 0.533053 0.713888 0.830567 0.948617 0.982597 0.960403 0.992144 0.873369 0.880391 0.895714 0.787376 0.530101 0.527242 0.661968 0.606816 0.497013 0.511645 0.906064 0.866533 0.614585 0.416982 0.759416 0.811513 0.768095 0.795814 0.904211 0.938840 0.941591 0.951347 0.925203 0.902639 0.878873 0.756765 0.913916 0.967553 0.916780 0.873553 0.834668 0.975308 0.883875 0.716867 0.971348 0.952371 0.907117 0.981131 0.913339 0.930419
0.313408 0.000000 0.664741 0.568464 0.809080 0.784290 0.996221 0.614687 0.784585 0.720324 0.835896 0.412999 0.772669 0.692955 0.988533 0.770124 0.393716 0.331326 0.541470 0.468389 0.687197 0.925820 0.731566 0.658857 0.505849 0.682957 0.598041 0.918422 0.673324 0.421794 0.644422 0.665312 0.583310 0.620615 0.796251 0.707825 0.528604 0.502745 0.764927 0.783667 0.766187 0.705563 0.780167 0.674620 0.854830 0.973908 0.613648 0.718953 0.983135 0.620733 0.734829 0.592646 0.834733 0.975171 0.663871 0.731188 0.252648 0.257046 0.505784 0.388176 0.940605 0.613636 0.752518 0.418596 0.572410 0.629161 0.727495 0.679198 0.393675 0.452102 0.684843 0.778330 0.866561 0.981940 0.960127 0.921400 0.997919 0.858361 0.777757 0.640528 0.491573 0.556791 0.541787 0.532102 0.556442 0.468658 0.780239 0.880354 0.751403 0.416930 0.651523 0.719170 0.690830 0.774761 0.910539 0.930697 0.877124 0.914777 0.770718 0.917041 0.799316 0.662649 0.968926 0.971419 0.863016 0.815611 0.792976 0.925038 0.938693 0.659998 0.980109 0.980321 0.908060 0.968247 0.860499 0.913659
0.843851 0.664741 0.000000 0.355310 0.973472 0.910130 0.522972 0.495923 0.813298 0.841607 0.850183 0.889977 0.918775 0.823835 0.751624 0.640275 0.667537 0.670388 0.642227 0.727361 0.578730 0.870910 0.541988 0.541539 0.316973 0.326422 0.615650 0.946250 0.872259 0.644889 0.406657 0.545755 0.521349 0.645974 0.512880 0.653377 0.610411 0.670281 0.633005 0.960209 0.989936 0.750372 0.670497 0.645209 0.724325 0.718493 0.649473 0.745159 0.542285 0.896316 0.987764 0.902798 0.832993 0.811282 0.833270 0.942802 0.632014 0.651379 0.783525 0.748606 0.690196 0.705067 0.980602 0.882085 0.323008 0.369293 0.379952 0.449144 0.791685 0.745020 0.611214 0.712321 0.671553 0.713477 0.744251 0.871864 0.671933 0.717822 0.794105 0.902327 0.976442 0.961789 0.660748 0.910739 0.716895 0.566252 0.882020 0.985036 0.904767 0.811267 0.911931 0.818315 0.986847 0.992282 0.937771 0.838600 0.846242 0.975123 0.826643 0.973349 0.984421 0.883638 0.870401 0.944934 0.672938 0.623604 0.686659 0.801358 0.914103 0.685852 0.907719 0.903402 0.948209 0.960977 0.656780 0.858872
0.686576 0.568464 0.355310 0.000000 0.954618 0.985872 0.655700 0.386734 0.763108 0.899785 0.845942 0.687699 0.735205 0.589516 0.617385 0.418644 0.665696 0.622518 0.521398 0.650815 0.578404 0.944854 0.356448 0.392515 0.328543 0.401133 0.534795 0.993068 0.935921 0.588984 0.375090 0.458748 0.432164 0.709940 0.564871 0.609363 0.610238 0.594389 0.824889 0.991690 0.910992 0.818865 0.580312 0.558242 0.806164 0.780336 0.721695 0.693992 0.630356 0.898455 0.772763 0.624655 0.634349 0.616392 0.830788 0.997084 0.570583 0.528064 0.830330 0.558911 0.724307 0.521221 0.917048 0.734632 0.287209 0.298813 0.423567 0.466609 0.710731 0.681032 0.418236 0.542922 0.592126 0.679777 0.782735 0.853754 0.739037 0.583770 0.773533 0.766073 0.950241 0.952090 0.555818 0.855169 0.580117 0.407379 0.859745 0.917780 0.925895 0.601915 0.961178 0.977000 0.883272 0.859640 0.969257 0.781977 0.881601 0.923190 0.924507 0.888248 0.985097 0.939598 0.861438 0.876713 0.626146 0.575204 0.711177 0.737274 0.888764 0.741819 0.877823 0.995912 0.963149 0.928598 0.570654 0.838350
0.836606 0.809080 0.973472 0.954618 0.000000 0.579008 0.737164 0.782864 0.474096 0.584221 0.823454 0.975479 0.696308 0.845892 0.643834 0.765949 0.838653 0.751537 0.782009 0.961280 0.992924 0.952646 0.742682 0.864719 0.863265 0.935535 0.994089 0.900800 0.948862 0.986275 0.886828 0.850071 0.930501 0.941875 0.916857 0.961107 0.862872 0.856757 0.804844 0.750993 0.785803 0.869201 0.968220 0.933377 0.799784 0.970451 0.864011 0.983726 0.977868 0.912215 0.818694 0.911130 0.743244 0.693998 0.973999 0.879683 0.778763 0.870871 0.899882 0.951193 0.646886 0.656506 0.935937 0.967815 0.943192 0.940893 0.904577 0.959761 0.910085 0.913086 0.717674 0.938280 0.922814 0.815356 0.977529 0.957208 0.782915 0.862278 0.760322 0.985652 0.913175 0.986256 0.914931 0.789200 0.857896 0.984527 0.982817 0.911332 0.900952 0.941578 0.521368 0.559543 0.528582 0.635910 0.879955 0.891902 0.877190 0.784107 0.667772 0.717237 0.700668 0.634246 0.981032 0.924011 0.842229 0.902962 0.859369 0.936033 0.896342 0.880595 0.892728 0.857886 0.820197 0.989042 0.837332 0.927303
0.870928 0.784290 0.910130 0.985872 0.579008 0.000000 0.759861 0.844374 0.559184 0.616946 0.816902 0.948682 0.919096 0.975365 0.781384 0.819327 0.943125 0.817058 0.903100 0.931555 0.809121 0.916550 0.771840 0.837511 0.883145 0.898855 0.877595 0.831248 0.961620 0.881474 0.950652 0.938193 0.984676 0.988919 0.924725 0.998751 0.821675 0.906660 0.811312 0.811602 0.794522 0.943061 0.942000 0.975562 0.595403 0.766397 0.977400 0.856504 0.789641 0.867333 0.759425 0.871732 0.741367 0.692242 0.958954 0.841776 0.790169 0.850902 0.954681 0.929236 0.752947 0.890893 0.941065 0.954295 0.867252 0.967778 0.892243 0.930697 0.803480 0.890447 0.867903 0.908508 0.952726 0.887010 0.892196 0.842158 0.784639 0.871895 0.813976 0.889079 0.999628 0.928480 0.974519 0.819432 0.863797 0.992368 0.978882 0.996055 0.910239 0.936594 0.508030 0.592308 0.557984 0.730671 0.875068 0.986509 0.883175 0.888722 0.583484 0.686188 0.787266 0.763065 0.786379 0.907764 0.879963 0.969403 0.938216 0.887595 0.929608 0.777915 0.974197 0.714078 0.820767 0.996259 0.808152 0.852795
0.986081 0.996221 0.522972 0.655700 0.737164 0.759861 0.000000 0.459453 0.525845 0.620197 0.936305 0.939967 0.859045 0.955909 0.789739 0.875715 0.874337 0.985125 0.624155 0.924940 0.898478 0.831656 0.734966 0.914873 0.757247 0.698452 0.918146 0.955008 0.698970 0.884045 0.619759 0.703037 0.779501 0.722754 0.692638 0.882496 0.950184 0.983480 0.917849 0.933770 0.741416 0.794723 0.799152 0.813697 0.950851 0.910005 0.819977 0.830816 0.787023 0.843875 0.934388 0.938237 0.902708 0.904428 0.911025 0.994515 0.948216 0.961396 0.760330 0.856339 0.362717 0.678941 0.741306 0.896617 0.713314 0.670813 0.672769 0.707256 0.960123 0.995579 0.734472 0.944723 0.792326 0.832487 0.914842 0.981888 0.707158 0.839194 0.963651 0.905940 0.928813 0.950198 0.919924 0.823580 0.807322 0.896824 0.980881 0.846858 0.854690 0.953031 0.695274 0.809871 0.676396 0.824471 0.980065 0.828542 0.803453 0.768781 0.821340 0.800802 0.673056 0.886158 0.956857 0.952024 0.715240 0.812350 0.746297 0.847306 0.963960 0.849821 0.837938 0.991269 0.878236 0.995381 0.755288 0.906545
0.628019 0.614687 0.495923 0.386734 0.782864 0.844374 0.459453 0.000000 0.573439 0.741662 0.998642 0.596223 0.543942 0.522675 0.557132 0.531005 0.685995 0.669398 0.399000 0.580451 0.743113 0.879648 0.448438 0.567637 0.573050 0.620011 0.787697 0.965704 0.665792 0.610186 0.435693 0.482775 0.521733 0.673235 0.673539 0.721596 0.781359 0.727802 0.992508 0.954555 0.934114 0.772128 0.617475 0.613031 0.933041 0.945280 0.734241 0.700371 0.864391 0.880291 0.644717 0.665290 0.646960 0.671671 0.827431 0.961847 0.632344 0.572359 0.708935 0.511237 0.455806 0.335975 0.786220 0.563196 0.530189 0.458605 0.622551 0.604359 0.728899 0.705667 0.434601 0.597578 0.601754 0.653657 0.880821 0.906744 0.719772 0.725085 0.857327 0.803035 0.816568 0.743707 0.695474 0.954520 0.521239 0.520419 0.977093 0.989932 0.846400 0.637450 0.724631 0.770489 0.706058 0.745210 0.930501 0.775954 0.752650 0.830536 0.788392 0.691360 0.757446 0.899980 0.984549 0.934494 0.639928 0.636856 0.679036 0.685554 0.922634 0.792523 0.826723 0.911012 0.911389 0.960459 0.654850 0.891476
0.831311 0.784585 0.813298 0.763108 0.474096 0.559184 0.525845 0.573439 0.000000 0.477874 0.787969 0.950138 0.635520 0.738261 0.553332 0.643742 0.836478 0.784698 0.752022 0.987079 0.946722 0.983353 0.615806 0.768032 0.992782 0.910467 0.957368 0.965703 0.940137 0.972622 0.687999 0.819468 0.919471 0.999402 0.866187 0.985732 0.788516 0.889320 0.838439 0.715758 0.721701 0.939775 0.799980 0.919522 0.834318 0.984028 0.921541 0.934155 0.905198 0.852424 0.802409 0.913800 0.697925 0.603021 0.973361 0.863740 0.776014 0.859819 0.865698 0.935896 0.550812 0.609287 0.997395 0.988922 0.941508 0.793308 0.814527 0.890455 0.856719 0.933151 0.622083 0.725289 0.640518 0.568803 0.950907 0.988769 0.642386 0.739438 0.845006 0.928149 0.837607 0.876352 0.994646 0.653117 0.911064 0.974551 0.852656 0.962623 0.953288 0.929741 0.367930 0.468017 0.395708 0.482813 0.853190 0.801879 0.791876 0.788145 0.529762 0.573523 0.640472 0.620995 0.878548 0.824795 0.718372 0.779184 0.907733 0.686963 0.978599 0.984848 0.859903 0.814765 0.739768 0.986141 0.701523 0.892700
0.865638 0.720324 0.841607 0.899785 0.584221 0.616946 0.620197 0.741662 0.477874 0.000000 0.987875 0.987308 0.681676 0.879468 0.767676 0.981646 0.787251 0.758667 0.872524 0.912720 0.761015 0.956624 0.979321 0.815687 0.638791 0.714254 0.678432 0.955534 0.772509 0.918122 0.957744 0.976099 0.904447 0.998870 0.927110 0.840931 0.613763 0.750036 0.656250 0.791201 0.742489 0.904402 0.987198 0.909891 0.759488 0.817964 0.856168 0.928580 0.802249 0.930801 0.866041 0.949244 0.915913 0.892507 0.934901 0.851850 0.698100 0.754062 0.940167 0.954999 0.553938 0.755764 0.779514 0.954835 0.705083 0.824428 0.809961 0.773756 0.779051 0.848703 0.885175 0.879260 0.965460 0.871641 0.790686 0.804257 0.854298 0.925170 0.818036 0.814277 0.871516 0.927645 0.739283 0.587384 0.931969 0.754240 0.701406 0.761256 0.979549 0.795741 0.410870 0.452408 0.472804 0.599473 0.980270 0.873412 0.872995 0.802776 0.502240 0.606467 0.561339 0.606148 0.790669 0.843432 0.997528 0.979033 0.954706 0.815546 0.965651 0.894564 0.902785 0.819255 0.830547 0.976364 0.925053 0.973982
0.682898 0.835896 0.850183 0.845942 0.823454 0.816902 0.936305 0.998642 0.787969 0.987875 0.000000 0.731153 0.830321 0.891257 0.796581 0.740754 0.830624 0.797962 0.829244 0.737015 0.880351 0.991208 0.682969 0.730300 0.882825 0.799939 0.866075 0.938697 0.736392 0.841961 0.741188 0.819352 0.874417 0.823539 0.748978 0.789811 0.903521 0.981971 0.994631 0.727200 0.765474 0.941252 0.672613 0.822617 0.695724 0.833242 0.862258 0.778387 0.993318 0.845703 0.744488 0.728093 0.587433 0.544683 0.943982 0.916169 0.849505 0.852054 0.755051 0.839643 0.875551 0.987381 0.588199 0.772980 0.843160 0.797662 0.665982 0.768361 0.711819 0.975865 0.877291 0.807271 0.761769 0.713201 0.932778 0.949811 0.658829 0.845524 0.919568 0.904148 0.946333 0.813993 0.879417 0.851597 0.990455 0.873387 0.942803 0.982974 0.863976 0.947588 0.805520 0.846414 0.742907 0.783066 0.755456 0.882536 0.980315 0.948367 0.850253 0.708264 0.912025 0.861739 0.989568 0.959555 0.748050 0.778548 0.868902 0.823109 0.973921 0.949070 0.916869 0.921303 0.869691 0.846301 0.861540 0.763162
0.332300 0.412999 0.889977 0.687699 0.975479 0.948682 0.939967 0.596223 0.950138 0.987308 0.731153 0.000000 0.584760 0.469364 0.791363 0.678300 0.594259 0.443474 0.526200 0.423882 0.791350 0.972285 0.724365 0.681087 0.755450 0.888752 0.810927 0.991172 0.689996 0.475562 0.786680 0.718736 0.639456 0.765966 0.883082 0.903731 0.753775 0.667662 0.962460 0.963860 0.841373 0.774819 0.900405 0.818421 0.876747 0.968750 0.851173 0.851338 0.902254 0.701707 0.725628 0.667444 0.855441 0.956286 0.761739 0.914326 0.460242 0.407756 0.628604 0.459323 0.853553 0.489156 0.677211 0.375748 0.772913 0.768399 0.937390 0.876977 0.425433 0.592770 0.683089 0.710782 0.875567 0.863927 0.998343 0.977996 0.978143 0.914974 0.862716 0.697742 0.569878 0.553764 0.696416 0.663398 0.544248 0.541273 0.942629 0.850614 0.608832 0.515319 0.901736 0.956788 0.892376 0.991550 0.938892 0.916388 0.911679 0.995524 0.974119 0.991103 0.914864 0.923300 0.928074 0.907259 0.856661 0.864585 0.822149 0.906673 0.949432 0.802186 0.953829 0.861023 0.932873 0.925424 0.928476 0.986023
0.679771 0.772669 0.918775 0.735205 0.696308 0.919096 0.859045 0.543942 0.635520 0.681676 0.830321 0.584760 0.000000 0.396458 0.491879 0.649470 0.938823 0.897265 0.592437 0.642064 0.947959 0.917334 0.678912 0.766142 0.967055 0.983975 0.975777 0.970607 0.695953 0.662781 0.726758 0.651829 0.790703 0.859643 0.974629 0.976713 0.897399 0.929752 0.832111 0.959197 0.993726 0.957261 0.889236 0.919330 0.905896 0.944889 0.959677 0.935503 0.961868 0.931038 0.803448 0.774976 0.842728 0.783880 0.982037 0.916075 0.874390 0.764220 0.916588 0.687119 0.587934 0.509204 0.747113 0.626998 0.929117 0.845673 0.959753 0.998835 0.756869 0.802727 0.546884 0.581248 0.670341 0.672213 0.953218 0.957798 0.910132 0.756007 0.938993 0.955008 0.942218 0.925733 0.884596 0.866251 0.820222 0.856240 0.838366 0.955003 0.816027 0.817898 0.654181 0.629212 0.711720 0.621427 0.988549 0.840778 0.668258 0.807397 0.676271 0.753332 0.780323 0.687696 0.915576 0.775897 0.901476 0.792433 0.909671 0.757871 0.943719 0.899916 0.973519 0.846700 0.826741 0.988278 0.827877 0.929307
0.585669 0.692955 0.823835 0.589516 0.845892 0.975365 0.955909 0.522675 0.738261 0.879468 0.891257 0.469364 0.396458 0.000000 0.490533 0.448615 0.849738 0.709220 0.553528 0.497058 0.785291 0.953885 0.517216 0.521809 0.803894 0.816242 0.851352 0.913632 0.808207 0.648746 0.661849 0.633122 0.710746 0.900932 0.843954 0.931765 0.868353 0.840071 0.901774 0.940156 0.929379 0.824478 0.894967 0.890338 0.822601 0.856011 0.990895 0.988753 0.899433 0.899596 0.766724 0.693786 0.786440 0.737811 0.937841 0.874368 0.775051 0.619095 0.977635 0.642935 0.775718 0.462605 0.850165 0.566154 0.765213 0.703709 0.898069 0.923749 0.745423 0.775619 0.492983 0.507062 0.637894 0.576296 0.832897 0.937784 0.915134 0.842302 0.922004 0.875429 0.907292 0.826759 0.789627 0.992416 0.646429 0.619566 0.998168 0.941782 0.713278 0.611879 0.769900 0.739583 0.768958 0.652252 0.901426 0.730688 0.846778 0.931176 0.789863 0.785619 0.864062 0.796149 0.997120 0.784540 0.786702 0.669978 0.907750 0.737755 0.938211 0.876400 0.953022 0.875730 0.922601 0.985270 0.783834 0.906127
0.967708 0.988533 0.751624 0.617385 0.643834 0.781384 0.789739 0.557132 0.553332 0.767676 0.796581 0.791363 0.491879 0.490533 0.000000 0.436242 0.968320 0.993707 0.750414 0.815496 0.770401 0.942291 0.429557 0.557142 0.857226 0.808925 0.962383 0.947247 0.860117 0.801703 0.622799 0.643747 0.719855 0.949135 0.746266 0.805423 0.915531 0.959364 0.821000 0.810271 0.915790 0.936808 0.762702 0.838510 0.953280 0.938593 0.991810 0.961012 0.865448 0.972629 0.799733 0.727304 0.629797 0.509871 0.979629 0.827162 0.925970 0.916249 0.841150 0.888395 0.684764 0.608390 0.970619 0.859309 0.765068 0.702214 0.747138 0.808042 0.991545 0.833363 0.439569 0.464880 0.575301 0.539476 0.731479 0.966323 0.640701 0.723617 0.959525 0.966359 0.932729 0.914141 0.748501 0.806815 0.768620 0.748996 0.927534 0.995084 0.861460 0.908827 0.538754 0.543243 0.541938 0.427602 0.827392 0.856195 0.853486 0.952266 0.609431 0.578718 0.801355 0.599185 0.934524 0.842996 0.689836 0.636676 0.864260 0.762600 0.829355 0.989301 0.921844 0.791876 0.862898 0.976415 0.709165 0.842946
0.769481 0.770124 0.640275 0.418644 0.765949 0.819327 0.875715 0.531005 0.643742 0.981646 0.740754 0.678300 0.649470 0.448615 0.436242 0.000000 0.892695 0.820592 0.631464 0.711874 0.692823 0.933950 0.256407 0.310966 0.601179 0.633328 0.653974 0.951857 0.996153 0.651207 0.537044 0.558246 0.582826 0.920118 0.615659 0.682661 0.825253 0.774482 0.970460 0.952485 0.902556 0.990239 0.692213 0.696867 0.965286 0.934534 0.891825 0.766344 0.864306 0.777995 0.654754 0.527999 0.491294 0.469696 0.843718 0.948475 0.805884 0.672773 0.961275 0.673016 0.773132 0.529357 0.881355 0.735934 0.517934 0.495021 0.508046 0.610063 0.805486 0.738193 0.382119 0.513348 0.582763 0.598497 0.769864 0.864737 0.671921 0.661672 0.922141 0.827155 0.972143 0.967419 0.573644 0.969341 0.524999 0.460906 0.912033 0.749641 0.700139 0.593178 0.722412 0.746902 0.651697 0.623124 0.800833 0.764708 0.896736 0.964398 0.771247 0.681507 0.985161 0.824911 0.969741 0.986001 0.574699 0.581334 0.810607 0.730839 0.888129 0.964405 0.845079 0.762122 0.898332 0.950299 0.599370 0.792452
0.490488 0.393716 0.667537 0.665696 0.838653 0.943125 0.874337 0.685995 0.836478 0.787251 0.830624 0.594259 0.938823 0.849738 0.968320 0.892695 0.000000 0.388160 0.627109 0.591558 0.763967 0.926362 0.803449 0.787185 0.550572 0.722807 0.716046 0.992941 0.552986 0.499344 0.712709 0.760684 0.682023 0.547085 0.751397 0.806975 0.654627 0.613692 0.740837 0.797297 0.905505 0.658679 0.830055 0.695097 0.946795 0.923557 0.564897 0.666116 0.982644 0.734886 0.886692 0.782751 0.920159 0.971851 0.615290 0.597703 0.422370 0.430078 0.575766 0.566749 0.895684 0.771808 0.676686 0.520699 0.637167 0.706836 0.712074 0.678436 0.557546 0.607739 0.800022 0.952955 0.998557 0.910434 0.987220 0.951782 0.910134 0.920956 0.806726 0.714319 0.525060 0.527487 0.643162 0.531914 0.603602 0.583437 0.735368 0.944811 0.875368 0.561608 0.707759 0.719918 0.739726 0.750543 0.841608 0.869446 0.882045 0.900013 0.771271 0.893935 0.906657 0.710476 0.925894 0.935066 0.916735 0.821916 0.867413 0.968546 0.999807 0.645585 0.967433 0.982643 0.923334 0.964387 0.872129 0.951674
0.398770 0.331326 0.670388 0.622518 0.751537 0.817058 0.985125 0.669398 0.784698 0.758667 0.797962 0.443474 0.897265 0.709220 0.993707 0.820592 0.388160 0.000000 0.606337 0.507219 0.697688 0.995005 0.786295 0.707615 0.534678 0.633526 0.690843 0.983724 0.652804 0.433263 0.685529 0.707747 0.592143 0.686490 0.780070 0.743515 0.595450 0.505565 0.755043 0.807567 0.853818 0.638120 0.793085 0.666885 0.854944 0.936199 0.662975 0.667425 0.967309 0.710832 0.792707 0.675614 0.909595 0.998657 0.625594 0.713589 0.334279 0.313858 0.584433 0.507434 0.992834 0.681781 0.765768 0.444811 0.616510 0.659793 0.743806 0.715570 0.451057 0.489252 0.737428 0.868603 0.974733 0.976844 0.980984 0.961836 0.991161 0.907933 0.726542 0.633646 0.486364 0.546995 0.631009 0.491775 0.615004 0.507447 0.760136 0.977972 0.796403 0.507881 0.641251 0.692132 0.702728 0.761704 0.941523 0.848131 0.942423 0.966840 0.772886 0.934000 0.844280 0.676781 0.989151 0.968973 0.844997 0.787107 0.784670 0.931860 0.870049 0.667163 0.925148 0.899722 0.829512 0.987505 0.876180 0.997845
0.525711 0.541470 0.642227 0.521398 0.782009 0.903100 0.624155 0.399000 0.752022 0.872524 0.829244 0.526200 0.592437 0.553528 0.750414 0.631464 0.627109 0.606337 0.000000 0.483465 0.822865 0.914078 0.583166 0.635386 0.642499 0.686135 0.738129 0.937964 0.680648 0.541389 0.594767 0.655422 0.619418 0.676856 0.738295 0.779026 0.686865 0.689805 0.968273 0.835063 0.865313 0.747188 0.865939 0.770146 0.865466 0.887330 0.766947 0.828702 0.852532 0.908263 0.787830 0.748519 0.825092 0.892045 0.684440 0.921189 0.563869 0.500175 0.658825 0.524446 0.573467 0.419064 0.698935 0.494545 0.606531 0.585677 0.694664 0.786535 0.614539 0.667367 0.631013 0.750826 0.763425 0.798841 0.902390 0.962065 0.907726 0.823259 0.989343 0.881353 0.770173 0.699692 0.692997 0.801697 0.509640 0.531488 0.896440 0.926652 0.828716 0.563753 0.907126 0.922181 0.887190 0.923670 0.983011 0.839794 0.748012 0.820649 0.879586 0.932984 0.775959 0.983794 0.948338 0.914068 0.702315 0.741249 0.838092 0.866669 0.973387 0.701813 0.802098 0.901480 0.944743 0.983691 0.709583 0.995409
0.440497 0.468389 0.727361 0.650815 0.961280 0.931555 0.924940 0.580451 0.987079 0.912720 0.737015 0.423882 0.642064 0.497058 0.815496 0.711874 0.591558 0.507219 0.483465 0.000000 0.789063 0.899630 0.723138 0.649485 0.655785 0.742032 0.715918 0.929199 0.697203 0.522471 0.711400 0.742665 0.646072 0.737777 0.820110 0.803013 0.659839 0.678147 0.901973 0.907914 0.850261 0.767172 0.963935 0.937171 0.725699 0.831374 0.832173 0.917671 0.901338 0.925593 0.943166 0.834893 0.996239 0.952519 0.847795 0.890336 0.507197 0.422616 0.702634 0.533477 0.830825 0.532527 0.707343 0.445647 0.704900 0.720243 0.858461 0.816935 0.473341 0.585825 0.707699 0.761283 0.848161 0.916630 0.923417 0.991919 0.991555 0.930217 0.848437 0.744411 0.690284 0.597075 0.683350 0.708101 0.584541 0.606734 0.921883 0.897161 0.697623 0.576658 0.854602 0.910744 0.877079 0.956076 0.930574 0.943688 0.823024 0.987104 0.907316 0.887560 0.981898 0.838074 0.975246 0.889333 0.871094 0.744771 0.917739 0.905327 0.945299 0.744174 0.984143 0.995413 0.921778 0.985542 0.916884 0.979312
0.852643 0.687197 0.578730 0.578404 0.992924 0.809121 0.898478 0.743113 0.946722 0.761015 0.880351 0.791350 0.947959 0.785291 0.770401 0.692823 0.763967 0.697688 0.822865 0.789063 0.000000 0.987567 0.685895 0.668902 0.531463 0.521676 0.755111 0.968190 0.983803 0.746282 0.572343 0.734862 0.684960 0.844210 0.701898 0.795839 0.725688 0.865815 0.837276 0.966666 0.847445 0.834501 0.810853 0.853319 0.758894 0.726818 0.893833 0.865562 0.676437 0.984375 0.996731 0.879485 0.915802 0.855712 0.875160 0.987861 0.720852 0.736224 0.935989 0.903229 0.978142 0.809788 0.917452 0.931611 0.540824 0.592650 0.622596 0.725945 0.777871 0.873490 0.711560 0.761345 0.679155 0.711858 0.734560 0.882012 0.832471 0.842329 0.774837 0.766295 0.915454 0.923525 0.757822 0.897549 0.817696 0.667158 0.857398 0.956083 0.995318 0.823427 0.837058 0.814709 0.902473 0.936804 0.917944 0.874929 0.957546 0.842086 0.790130 0.991897 0.860967 0.886923 0.828522 0.978735 0.779134 0.754885 0.895370 0.999117 0.850443 0.828462 0.944508 0.823834 0.994843 0.979150 0.719601 0.964558
0.970555 0.925820 0.870910 0.944854 0.952646 0.916550 0.831656 0.879648 0.983353 0.956624 0.991208 0.972285 0.917334 0.953885 0.942291 0.933950 0.926362 0.995005 0.914078 0.899630 0.987567 0.000000 0.984398 0.953152 0.878716 0.925402 0.897113 0.992973 0.978738 0.962927 0.892541 0.879672 0.949023 0.713047 0.903688 0.997061 0.998530 0.999963 0.959454 0.860329 0.919797 0.833195 0.884970 0.889815 0.977065 0.983874 0.900153 0.943848 0.970633 0.977692 0.963247 0.963260 0.959952 0.985567 0.955156 0.925356 0.968841 0.994299 0.850872 0.946029 0.779989 0.972679 0.955579 0.986062 0.943923 0.956268 0.893192 0.903051 0.964601 0.936447 0.983689 0.863939 0.935331 0.898875 0.898795 0.971508 0.903491 0.926018 0.950422 0.890671 0.997283 0.974237 0.974061 0.977448 0.947499 0.982325 0.971309 0.832344 0.800930 0.921956 0.947569 0.973182 0.950922 0.996716 0.990616 0.962940 0.986875 0.970804 0.924294 0.921199 0.896281 0.959281 0.889670 0.976068 0.972571 0.961877 0.798566 0.974244 0.957469 0.801267 0.810211 0.931023 0.837227 0.858634 0.730762 0.975587
0.774126 0.731566 0.541988 0.356448 0.742682 0.771840 0.734966 0.448438 0.615806 0.979321 0.682969 0.724365 0.678912 0.517216 0.429557 0.256407 0.803449 0.786295 0.583166 0.723138 0.685895 0.984398 0.000000 0.299359 0.528500 0.565947 0.614298 0.946671 0.912814 0.610192 0.432361 0.492981 0.503107 0.854259 0.580267 0.629714 0.777955 0.719530 0.990958 0.942377 0.962786 0.898226 0.630027 0.646096 0.927471 0.960967 0.794602 0.734560 0.846059 0.753396 0.627665 0.514482 0.464729 0.446460 0.812730 0.991219 0.746205 0.641957 0.916129 0.648466 0.710243 0.523669 0.919862 0.715975 0.460058 0.438153 0.406285 0.516877 0.838629 0.688544 0.335988 0.512135 0.561855 0.601434 0.772562 0.883842 0.618656 0.643111 0.894513 0.782752 0.936744 0.957151 0.527278 0.981078 0.487972 0.423917 0.908019 0.764006 0.791141 0.580523 0.725070 0.763319 0.642808 0.636375 0.859512 0.776261 0.849747 0.937050 0.786141 0.654960 0.931444 0.840916 0.963564 0.978283 0.532318 0.528059 0.836411 0.718933 0.931798 0.906746 0.820988 0.787514 0.943048 0.953593 0.590681 0.800519
0.723349 0.658857 0.541539 0.392515 0.864719 0.837511 0.914873 0.567637 0.768032 0.815687 0.730300 0.681087 0.766142 0.521809 0.557142 0.310966 0.787185 0.707615 0.635386 0.649485 0.668902 0.953152 0.299359 0.000000 0.477356 0.512571 0.565023 0.986471 0.962116 0.648315 0.519310 0.598095 0.511301 0.895821 0.598583 0.652539 0.693945 0.664963 0.872431 0.976552 0.901063 0.879431 0.710103 0.731045 0.955587 0.872164 0.767909 0.733926 0.781240 0.785601 0.688000 0.545605 0.556675 0.521373 0.804277 0.993035 0.682154 0.592045 0.950563 0.708126 0.914601 0.621374 0.844510 0.748930 0.446042 0.434231 0.431507 0.547720 0.795876 0.682915 0.470771 0.535922 0.654096 0.609332 0.738567 0.801910 0.722941 0.671637 0.873971 0.746288 0.881092 0.877184 0.521888 0.854647 0.522039 0.363816 0.789064 0.703192 0.740295 0.568659 0.909139 0.968126 0.822300 0.812919 0.876353 0.835090 0.895763 0.982932 0.932446 0.829715 0.967075 0.973917 0.960496 0.989054 0.580796 0.550546 0.882494 0.819901 0.934579 0.899874 0.932725 0.828496 0.994991 0.926299 0.651931 0.797116
0.688830 0.505849 0.316973 0.328543 0.863265 0.883145 0.757247 0.573050 0.992782 0.638791 0.882825 0.755450 0.967055 0.803894 0.857226 0.601179 0.550572 0.534678 0.642499 0.655785 0.531463 0.878716 0.528500 0.477356 0.000000 0.312574 0.514736 0.970048 0.975133 0.596483 0.458397 0.596172 0.487021 0.679851 0.566686 0.646819 0.516774 0.576800 0.634435 0.885704 0.862038 0.744283 0.665468 0.590047 0.732897 0.748445 0.647094 0.686077 0.615638 0.958190 0.927512 0.782287 0.808880 0.817518 0.802017 0.848111 0.484100 0.490412 0.748782 0.643236 0.889060 0.713955 0.907503 0.784498 0.276313 0.348273 0.402595 0.436234 0.642376 0.713082 0.620185 0.747464 0.723570 0.824982 0.770452 0.865537 0.825785 0.680157 0.763730 0.748964 0.852189 0.845568 0.546678 0.669155 0.627905 0.435370 0.769966 0.880831 0.984509 0.636684 0.732231 0.679237 0.827805 0.859839 0.949332 0.796436 0.888810 0.992206 0.685165 0.895336 0.790118 0.703884 0.807324 0.781388 0.694694 0.631805 0.729616 0.905220 0.985959 0.674498 0.960210 0.913061 0.894274 0.958615 0.615731 0.850508
0.834894 0.682957 0.326422 0.401133 0.935535 0.898855 0.698452 0.620011 0.910467 0.714254 0.799939 0.888752 0.983975 0.816242 0.808925 0.633328 0.722807 0.633526 0.686135 0.742032 0.521676 0.925402 0.565947 0.512571 0.312574 0.000000 0.634520 0.953946 0.997860 0.719618 0.506164 0.640614 0.526695 0.739934 0.523790 0.663877 0.606153 0.651079 0.646742 0.912605 0.957631 0.815624 0.674559 0.667044 0.716144 0.711875 0.684076 0.752620 0.549055 0.923136 0.950017 0.851345 0.878767 0.820047 0.761381 0.890362 0.638272 0.640006 0.866638 0.790974 0.883333 0.775127 0.896723 0.890318 0.333326 0.350484 0.406284 0.465819 0.809138 0.778915 0.674913 0.762701 0.706530 0.749091 0.739737 0.858327 0.783878 0.704592 0.751566 0.870328 0.931662 0.937093 0.610098 0.785484 0.708433 0.495942 0.781053 0.991357 0.954188 0.800556 0.825300 0.721157 0.915931 0.911590 0.958990 0.775400 0.882413 0.944786 0.755431 0.903125 0.889287 0.832728 0.789638 0.874592 0.633721 0.570953 0.731292 0.878401 0.978879 0.695508 0.996437 0.793111 0.980084 0.939370 0.663618 0.890191
0.722093 0.598041 0.615650 0.534795 0.994089 0.877595 0.918146 0.787697 0.957368 0.678432 0.866075 0.810927 0.975777 0.851352 0.962383 0.653974 0.716046 0.690843 0.738129 0.715918 0.755111 0.897113 0.614298 0.565023 0.514736 0.634520 0.000000 0.929399 0.996174 0.680979 0.676414 0.702985 0.585817 0.867590 0.740466 0.692251 0.537096 0.552382 0.788139 0.980331 0.867420 0.741137 0.932296 0.888240 0.785426 0.807581 0.941886 0.964414 0.776863 0.878332 0.920976 0.755474 0.775372 0.943724 0.861938 0.928593 0.567502 0.557914 0.744477 0.663954 0.971556 0.758028 0.935484 0.792680 0.529845 0.632963 0.580463 0.736120 0.685512 0.650083 0.695360 0.898108 0.900647 0.945692 0.763742 0.950313 0.898326 0.827859 0.910193 0.800613 0.997403 0.978783 0.607583 0.746677 0.651137 0.590805 0.718102 0.745931 0.892138 0.633228 0.753512 0.808074 0.851092 0.914416 0.911497 0.911443 0.983427 0.965991 0.704305 0.846749 0.693097 0.819038 0.874811 0.895264 0.792820 0.743970 0.947686 0.988704 0.970816 0.840765 0.962932 0.988715 0.870782 0.964984 0.890459 0.997383
0.970360 0.918422 0.946250 0.993068 0.900800 0.831248 0.955008 0.965704 0.965703 0.955534 0.938697 0.991172 0.970607 0.913632 0.947247 0.951857 0.992941 0.983724 0.937964 0.929199 0.968190 0.992973 0.946671 0.986471 0.970048 0.953946 0.929399 0.000000 0.903735 0.986636 0.965606 0.984523 0.969827 0.936671 0.875850 0.833700 0.865131 0.957468 0.922619 0.892589 0.924369 0.964726 0.993867 0.966713 0.963850 0.983719 0.920568 0.954343 0.956761 0.992182 0.937857 0.974768 0.975421 0.927056 0.839013 0.928784 0.967031 0.989933 0.889860 0.998227 0.889923 0.994397 0.958482 0.977249 0.992314 0.974500 0.955075 0.957541 0.944611 0.866506 0.905915 0.979261 0.912811 0.960853 0.985108 0.798455 0.991772 0.997648 0.982976 0.900056 0.938247 0.972901 0.974516 0.820822 0.938521 0.993449 0.951242 0.968150 0.944198 0.991163 0.901855 0.905521 0.881386 0.883596 0.958846 0.869894 0.937919 0.998521 0.941273 0.920431 0.996626 0.823920 0.923013 0.943726 0.911914 0.787418 0.962802 0.922322 0.958010 0.819141 0.866832 0.956308 0.938784 0.842036 0.980199 0.958606
0.650777 0.673324 0.872259 0.935921 0.948862 0.961620 0.698970 0.665792 0.940137 0.772509 0.736392 0.689996 0.695953 0.808207 0.860117 0.996153 0.552986 0.652804 0.680648 0.697203 0.983803 0.978738 0.912814 0.962116 0.975133 0.997860 0.996174 0.903735 0.000000 0.528443 0.823781 0.823056 0.882377 0.698806 0.869258 0.990240 0.839458 0.863748 0.927772 0.822617 0.920454 0.840641 0.970402 0.902901 0.998845 0.841560 0.796632 0.905857 0.841653 0.807492 0.896013 0.917533 0.968519 0.897699 0.816189 0.755019 0.694827 0.664177 0.621389 0.683151 0.615443 0.777123 0.453491 0.515105 0.965618 0.975154 0.969121 0.929035 0.718274 0.663436 0.808001 0.967386 0.988166 0.924050 0.954942 0.890922 0.886679 0.876890 0.882707 0.921527 0.631378 0.632847 0.886983 0.908079 0.720971 0.891928 0.958022 0.931979 0.884999 0.793801 0.998575 0.952528 0.996451 0.995503 0.828398 0.907088 0.780075 0.818498 0.924129 0.893098 0.835095 0.910329 0.867276 0.812774 0.971111 0.969328 0.905628 0.973051 0.950653 0.831770 0.922951 0.934933 0.929278 0.939101 0.998256 0.908915
0.469503 0.421794 0.644889 0.588984 0.986275 0.881474 0.884045 0.610186 0.972622 0.918122 0.841961 0.475562 0.662781 0.648746 0.801703 0.651207 0.499344 0.433263 0.541389 0.522471 0.746282 0.962927 0.610192 0.648315 0.596483 0.719618 0.680979 0.986636 0.528443 0.000000 0.634333 0.607805 0.566258 0.673369 0.731352 0.781672 0.624128 0.644550 0.755414 0.770887 0.859609 0.873811 0.841474 0.743606 0.917523 0.972818 0.647038 0.762252 0.994449 0.698670 0.794320 0.667389 0.863380 0.914749 0.645339 0.828710 0.411453 0.393428 0.533162 0.454830 0.730270 0.625430 0.686092 0.440227 0.601097 0.648440 0.650738 0.670044 0.428777 0.435145 0.583585 0.809779 0.878458 0.895283 0.975869 0.972973 0.884545 0.867549 0.842687 0.726592 0.591024 0.654619 0.599055 0.696244 0.539689 0.553072 0.928895 0.820424 0.744365 0.517670 0.811903 0.833997 0.877364 0.919611 0.870499 0.921364 0.755698 0.887901 0.921439 0.961630 0.944449 0.852442 0.932640 0.982253 0.837387 0.780727 0.865211 0.920056 0.981261 0.760922 0.797560 0.920675 0.914409 0.963453 0.779738 0.960534
0.800459 0.644422 0.406657 0.375090 0.886828 0.950652 0.619759 0.435693 0.687999 0.957744 0.741188 0.786680 0.726758 0.661849 0.622799 0.537044 0.712709 0.685529 0.594767 0.711400 0.572343 0.892541 0.432361 0.519310 0.458397 0.506164 0.676414 0.965606 0.823781 0.634333 0.000000 0.438339 0.526011 0.668370 0.603473 0.660690 0.778255 0.744984 0.895859 0.933498 0.984249 0.809497 0.607171 0.619861 0.916749 0.903427 0.762624 0.738459 0.743640 0.889190 0.799227 0.686375 0.676753 0.633179 0.824733 0.933426 0.645334 0.631738 0.882213 0.722543 0.733513 0.597882 0.968427 0.771301 0.474271 0.483443 0.460010 0.529330 0.822930 0.708742 0.487008 0.503379 0.573002 0.653874 0.901413 0.961633 0.599780 0.634182 0.757129 0.748973 0.889511 0.963037 0.739069 0.972145 0.731342 0.607184 0.964593 0.879912 0.960362 0.704627 0.862861 0.903744 0.762202 0.708969 0.980047 0.747344 0.828527 0.859844 0.930836 0.691141 0.926998 0.897630 0.963979 0.977960 0.642593 0.598154 0.673625 0.674294 0.915092 0.723044 0.849905 0.985123 0.908587 0.982306 0.625188 0.808720
0.730433 0.665312 0.545755 0.458748 0.850071 0.938193 0.703037 0.482775 0.819468 0.976099 0.819352 0.718736 0.651829 0.633122 0.643747 0.558246 0.760684 0.707747 0.655422 0.742665 0.734862 0.879672 0.492981 0.598095 0.596172 0.640614 0.702985 0.984523 0.823056 0.607805 0.438339 0.000000 0.522801 0.792045 0.699115 0.748378 0.811362 0.760392 0.908965 0.934350 0.969363 0.850891 0.516695 0.543323 0.959856 0.988488 0.710146 0.684090 0.864194 0.761561 0.683356 0.616124 0.641449 0.644371 0.927189 0.969282 0.691228 0.657028 0.762883 0.622384 0.652657 0.567017 0.908688 0.672115 0.517616 0.496050 0.561776 0.543339 0.762843 0.796605 0.483407 0.674472 0.672888 0.706712 0.890143 0.841441 0.751074 0.741038 0.794780 0.731172 0.824874 0.845849 0.656474 0.923585 0.629435 0.572217 0.991516 0.976262 0.890490 0.675220 0.911072 0.940705 0.847743 0.831192 0.997383 0.827797 0.875545 0.758160 0.924519 0.796790 0.947759 0.905252 0.907898 0.921027 0.575018 0.585145 0.734014 0.787012 0.965111 0.793665 0.785452 0.911984 0.874753 0.976360 0.791222 0.906920
0.636974 0.583310 0.521349 0.432164 0.930501 0.984676 0.779501 0.521733 0.919471 0.904447 0.874417 0.639456 0.790703 0.710746 0.719855 0.582826 0.682023 0.592143 0.619418 0.646072 0.684960 0.949023 0.503107 0.511301 0.487021 0.526695 0.585817 0.969827 0.882377 0.566258 0.526011 0.522801 0.000000 0.720833 0.597001 0.631517 0.764410 0.574112 0.825034 0.920527 0.946119 0.864094 0.777733 0.741678 0.873189 0.853983 0.758859 0.764735 0.800471 0.880731 0.814099 0.720482 0.811751 0.800235 0.825651 0.856154 0.555502 0.537487 0.720133 0.591766 0.798254 0.559216 0.933702 0.633571 0.482023 0.493421 0.489734 0.559556 0.614125 0.590523 0.584461 0.682010 0.706354 0.800607 0.853223 0.844962 0.819391 0.788946 0.888164 0.668975 0.796555 0.789597 0.576940 0.758901 0.547172 0.436254 0.907071 0.866127 0.883703 0.636633 0.934759 0.863631 0.992035 0.972440 0.955998 0.890672 0.818127 0.985506 0.982585 0.953690 0.941676 0.900525 0.878748 0.882319 0.668271 0.670187 0.784111 0.879135 0.913105 0.814220 0.904175 0.949165 0.905335 0.998366 0.726715 0.984485
0.699829 0.620615 0.645974 0.709940 0.941875 0.988919 0.722754 0.673235 0.999402 0.998870 0.823539 0.765966 0.859643 0.900932 0.949135 0.920118 0.547085 0.686490 0.676856 0.737777 0.844210 0.713047 0.854259 0.895821 0.679851 0.739934 0.867590 0.936671 0.698806 0.673369 0.668370 0.792045 0.720833 0.000000 0.727805 0.880210 0.882138 0.789753 0.751244 0.784770 0.892588 0.791842 0.839672 0.719012 0.985997 0.934708 0.616369 0.868650 0.978337 0.886667 0.954335 0.917799 0.963927 0.977570 0.729240 0.682373 0.665532 0.730971 0.655281 0.684683 0.739415 0.801206 0.739975 0.721928 0.730160 0.770708 0.689901 0.643806 0.674146 0.744116 0.822129 0.833871 0.911449 0.981923 0.988896 0.917502 0.867785 0.805825 0.889336 0.971747 0.737360 0.736212 0.784351 0.791555 0.802709 0.763509 0.935271 0.914752 0.983022 0.818317 0.976364 0.912602 0.984694 0.965444 0.795756 0.863450 0.887398 0.970365 0.989356 0.948478 0.902968 0.974720 0.917367 0.940436 0.934540 0.860507 0.651128 0.973712 0.917586 0.810190 0.946552 0.998967 0.950677 0.916109 0.858442 0.926047
0.923709 0.796251 0.512880 0.564871 0.916857 0.924725 0.692638 0.673539 0.866187 0.927110 0.748978 0.883082 0.974629 0.843954 0.746266 0.615659 0.751397 0.780070 0.738295 0.820110 0.701898 0.903688 0.580267 0.598583 0.566686 0.523790 0.740466 0.875850 0.869258 0.731352 0.603473 0.699115 0.597001 0.727805 0.000000 0.775187 0.796660 0.787043 0.718917 0.977112 0.946869 0.880242 0.785001 0.795706 0.945081 0.912189 0.726950 0.715012 0.779814 0.938376 0.881995 0.878996 0.808354 0.795324 0.720991 0.903584 0.792210 0.776038 0.872192 0.833429 0.797968 0.762100 0.897567 0.886516 0.513119 0.528324 0.467720 0.572308 0.827526 0.801216 0.793399 0.759338 0.789970 0.806334 0.698391 0.948523 0.701627 0.852183 0.763731 0.933966 0.939915 0.897627 0.596104 0.863879 0.690004 0.550139 0.824729 0.858794 0.983694 0.826556 0.998483 0.918313 0.931181 0.947071 0.983349 0.800511 0.968327 0.970468 0.939858 0.975059 0.974353 0.963714 0.861974 0.921045 0.710653 0.802064 0.700902 0.963413 0.967301 0.756677 0.983502 0.961771 0.889380 0.923948 0.754898 0.851512
0.791772 0.707825 0.653377 0.609363 0.961107 0.998751 0.882496 0.721596 0.985732 0.840931 0.789811 0.903731 0.976713 0.931765 0.805423 0.682661 0.806975 0.743515 0.779026 0.803013 0.795839 0.997061 0.629714 0.652539 0.646819 0.663877 0.692251 0.833700 0.990240 0.781672 0.660690 0.748378 0.631517 0.880210 0.775187 0.000000 0.757263 0.599822 0.936018 0.958194 0.927933 0.947156 0.790972 0.734062 0.952960 0.999854 0.813760 0.757594 0.945054 0.786830 0.792949 0.683074 0.733241 0.772267 0.709388 0.869071 0.690037 0.664515 0.843763 0.678049 0.973612 0.773407 0.912446 0.811681 0.627372 0.648090 0.587110 0.618071 0.867165 0.674132 0.626305 0.786500 0.826978 0.986174 0.858924 0.979793 0.850107 0.819447 0.916196 0.834716 0.882345 0.969793 0.693391 0.832397 0.670444 0.623079 0.935116 0.961415 0.839704 0.704143 0.953049 0.930053 0.966137 0.983354 0.803599 0.995251 0.987839 0.961960 0.997662 0.914970 0.846176 0.821082 0.916400 0.898987 0.797257 0.731405 0.858446 0.818833 0.769885 0.832283 0.910018 0.893642 0.990370 0.866617 0.816556 0.857219
0.714594 0.528604 0.610411 0.610238 0.862872 0.821675 0.950184 0.781359 0.788516 0.613763 0.903521 0.753775 0.897399 0.868353 0.915531 0.825253 0.654627 0.595450 0.686865 0.659839 0.725688 0.998530 0.777955 0.693945 0.516774 0.606153 0.537096 0.865131 0.839458 0.624128 0.778255 0.811362 0.764410 0.882138 0.796660 0.757263 0.000000 0.605075 0.764080 0.810805 0.756417 0.773993 0.858993 0.809955 0.676664 0.759804 0.820865 0.911678 0.703616 0.934724 0.969794 0.825185 0.924196 0.973637 0.881690 0.863017 0.561655 0.539061 0.743226 0.682137 0.998667 0.840471 0.997938 0.794011 0.557634 0.607188 0.727728 0.773635 0.682806 0.676188 0.782320 0.918422 0.936574 0.952408 0.758978 0.987282 0.975853 0.888336 0.793946 0.778780 0.850353 0.886451 0.637254 0.652003 0.740907 0.640021 0.689951 0.868019 0.993771 0.719807 0.638946 0.728064 0.697865 0.771990 0.956356 0.957144 0.924943 0.987439 0.603781 0.811175 0.803800 0.697661 0.786051 0.958095 0.812226 0.739270 0.985769 0.988095 0.956176 0.806284 0.924195 0.896272 0.832992 0.990014 0.907096 0.979004
0.588050 0.502745 0.670281 0.594389 0.856757 0.906660 0.983480 0.727802 0.889320 0.750036 0.981971 0.667662 0.929752 0.840071 0.959364 0.774482 0.613692 0.505565 0.689805 0.678147 0.865815 0.999963 0.719530 0.664963 0.576800 0.651079 0.552382 0.957468 0.863748 0.644550 0.744984 0.760392 0.574112 0.789753 0.787043 0.599822 0.605075 0.000000 0.795119 0.858022 0.829453 0.794993 0.779583 0.705935 0.906634 0.965880 0.774534 0.820793 0.973387 0.781878 0.757236 0.648759 0.792397 0.903844 0.771154 0.770162 0.478858 0.483795 0.746466 0.585067 0.992102 0.725014 0.990417 0.684611 0.596855 0.677458 0.699183 0.731224 0.590276 0.536798 0.671558 0.793557 0.906258 0.992148 0.868204 0.882830 0.997511 0.744755 0.895150 0.761014 0.714963 0.866373 0.717926 0.678144 0.716842 0.550543 0.798507 0.972944 0.807516 0.622704 0.800022 0.816386 0.830278 0.854213 0.970675 0.913079 0.831760 0.994243 0.816911 0.878395 0.736282 0.665799 0.973311 0.989998 0.900890 0.927686 0.806705 0.947786 0.821843 0.769083 0.991481 0.945304 0.863662 0.924346 0.999219 0.902085
