0.000000 0.401806 0.582501 0.643970 0.927980 0.689667 0.698689 0.655322 0.743774 0.704075 0.486915 0.599170 0.918614 0.867590 0.867358 0.890679 0.481461 0.390258 0.883673 0.740664 0.979001 0.967075 0.901534 0.919057 0.718325 0.712573 0.957886 0.820776 0.553691 0.588878 0.867049 0.947328 0.850704 0.682674 0.969142 0.980596 0.999356 0.859704 0.871931 0.933787 0.663387 0.656163 0.967899 0.796399 0.787050 0.608472 0.647236 0.626180 0.583708 0.632522 0.642537 0.664540 0.831607 0.905522 0.688757 0.758948 0.355146 0.393164 0.452567 0.485618 0.634322 0.898667 0.415826 0.391620 0.756358 0.676727 0.888730 0.894297 0.543122 0.522846 0.571004 0.616846 0.996312 0.965645 0.848641 0.923196 0.803315 0.844642 0.590780 0.698260 0.328318 0.392222 0.617072 0.417970 0.724006 0.853418 0.891949 0.687987 0.862544 0.670009 0.460411 0.480196 0.456675 0.464274 0.870038 0.791749 0.940363 0.917799 0.858691 0.787686 0.766565 0.774427 0.996710 0.720458 0.922609 0.948411 0.979927 0.949219 0.911624 0.921454 0.836171 0.985570 0.919974 0.857012 0.858631 0.842251
0.401806 0.000000 0.594880 0.709674 0.864991 0.784530 0.688397 0.683921 0.613251 0.538484 0.645537 0.639357 0.973618 0.903038 0.898160 0.892187 0.522547 0.443574 0.994051 0.865807 0.979238 0.986840 0.877696 0.889046 0.840797 0.817146 0.997910 0.700584 0.614463 0.687055 0.821636 0.886662 0.836910 0.776061 0.913181 0.914394 0.959846 0.993615 0.984550 0.834852 0.648343 0.647163 0.965540 0.750670 0.777092 0.601128 0.555248 0.589302 0.639517 0.642801 0.627112 0.630939 0.812143 0.895198 0.633680 0.775186 0.351432 0.342422 0.409067 0.442077 0.731797 0.977465 0.438918 0.429577 0.786550 0.740483 0.977711 0.751659 0.560267 0.525086 0.610562 0.636046 0.913048 0.999985 0.839748 0.930482 0.844521 0.946187 0.632559 0.623886 0.388965 0.422293 0.576500 0.409994 0.706429 0.753865 0.805384 0.686915 0.982667 0.683922 0.542354 0.525994 0.580498 0.510562 0.826132 0.756485 0.958291 0.833878 0.846358 0.804835 0.865329 0.767952 0.978883 0.802313 0.957739 0.936501 0.956737 0.966618 0.996869 0.860966 0.784722 0.952176 0.942131 0.836559 0.790288 0.761631
0.582501 0.594880 0.000000 0.404667 0.945594 0.795565 0.448572 0.474001 0.588093 0.745627 0.702114 0.843967 0.700868 0.831802 0.856294 0.660994 0.498235 0.491984 0.862274 0.905049 0.988616 0.896622 0.587761 0.554425 0.460148 0.622428 0.938133 0.930604 0.666426 0.665997 0.601396 0.703762 0.797875 0.995252 0.855178 0.850051 0.867863 0.859632 0.677985 0.908300 0.708125 0.892108 0.670938 0.853553 0.905994 0.883817 0.866767 0.977884 0.798710 0.921512 0.931235 0.999306 0.812133 0.719008 0.867143 0.996537 0.603884 0.428132 0.473418 0.514385 0.816163 0.899024 0.443881 0.469616 0.468839 0.547511 0.643964 0.983107 0.706000 0.666311 0.561735 0.586271 0.982779 0.979723 0.946898 0.851644 0.678851 0.679144 0.777087 0.809621 0.506305 0.611112 0.789433 0.650899 0.943223 0.808960 0.987042 0.870178 0.791398 0.963050 0.513674 0.501935 0.494787 0.475441 0.937899 0.722754 0.831578 0.784145 0.682108 0.595598 0.774668 0.649020 0.927558 0.719982 0.758522 0.941208 0.757382 0.881172 0.932344 0.975389 0.803102 0.981040 0.892673 0.832788 0.968922 0.862070
0.643970 0.709674 0.404667 0.000000 0.844351 0.858260 0.523786 0.349494 0.681498 0.790247 0.699473 0.707255 0.900464 0.952817 0.938273 0.763037 0.520408 0.532232 0.960419 0.913717 0.928088 0.989812 0.733413 0.625292 0.447281 0.543539 0.925214 0.995826 0.517716 0.609391 0.674460 0.647567 0.975847 0.886131 0.995602 0.874014 0.817957 0.894605 0.674694 0.834476 0.761324 0.901748 0.692311 0.782278 0.962324 0.887308 0.852818 0.980181 0.841531 0.993199 0.938591 0.961729 0.800786 0.766870 0.897937 0.970868 0.720564 0.531315 0.545067 0.594446 0.620228 0.866681 0.476364 0.478485 0.591393 0.666946 0.687214 0.968463 0.818842 0.790910 0.612213 0.625054 0.919302 0.900139 0.911323 0.940677 0.641190 0.727870 0.816266 0.841862 0.587544 0.679487 0.736753 0.709258 0.966309 0.843362 0.926883 0.849408 0.918047 0.941574 0.557150 0.512968 0.521350 0.512006 0.989828 0.777548 0.857465 0.778200 0.884189 0.746842 0.795273 0.696863 0.976640 0.725752 0.720324 0.888756 0.753815 0.886221 0.869859 0.944265 0.908548 0.823723 0.822892 0.947231 0.966619 0.807491
0.927980 0.864991 0.945594 0.844351 0.000000 0.865479 0.780144 0.940265 0.747945 0.795596 0.954404 0.837953 0.668762 0.795934 0.741332 0.709224 0.996340 0.990218 0.760927 0.925843 0.792301 0.951249 0.692875 0.765801 0.973534 0.823656 0.964392 0.860057 0.923450 0.960464 0.974729 0.973604 0.889042 0.952729 0.931428 0.991276 0.807437 0.835241 0.786657 0.750895 0.977072 0.878857 0.901974 0.747645 0.977431 0.812819 0.875240 0.874933 0.839507 0.804624 0.856894 0.934302 0.922166 0.981243 0.909315 0.971345 0.787193 0.874860 0.934170 0.868266 0.706547 0.741376 0.972913 0.986648 0.785730 0.756187 0.938562 0.857229 0.778260 0.703512 0.875716 0.939285 0.995490 0.934084 0.954217 0.978963 0.892654 0.998659 0.931978 0.922716 0.846308 0.940694 0.919504 0.860822 0.746799 0.926932 0.825012 0.842038 0.974731 0.966344 0.753058 0.809390 0.864929 0.824875 0.932281 0.986124 0.901023 0.813743 0.823910 0.698526 0.956236 0.843930 0.866373 0.923409 0.970752 0.990474 0.998193 0.836199 0.983967 0.794038 0.905300 0.926778 0.999822 0.928533 0.927936 0.869744
0.689667 0.784530 0.795565 0.858260 0.865479 0.000000 0.860859 0.910542 0.966905 0.940369 0.795601 0.858451 0.851221 0.962749 0.928982 0.756359 0.866301 0.830006 0.907108 0.865042 0.834940 0.849674 0.882849 0.829104 0.643988 0.640732 0.998362 0.805863 0.832454 0.750521 0.948264 0.956755 0.918974 0.957439 0.765045 0.874002 0.968751 0.979539 0.780636 0.865399 0.986134 0.945317 0.937572 0.744732 0.784072 0.613143 0.897978 0.644239 0.606477 0.573031 0.715780 0.791289 0.800693 0.844138 0.749452 0.920998 0.630599 0.778572 0.787196 0.674488 0.971908 0.983918 0.777494 0.764747 0.687093 0.533154 0.650823 0.736643 0.639892 0.598192 0.732265 0.895167 0.990389 0.944594 0.967542 0.990243 0.800422 0.786540 0.813678 0.846319 0.661071 0.757600 0.969081 0.819018 0.932881 0.810096 0.840914 0.988363 0.989053 0.858968 0.599673 0.660647 0.586763 0.640856 0.936221 0.866305 0.884607 0.957877 0.858543 0.781599 0.820028 0.970984 0.869962 0.773113 0.728690 0.832474 0.860441 0.983934 0.921014 0.922583 0.993871 0.866683 0.748197 0.932375 0.930930 0.771074
0.698689 0.688397 0.448572 0.523786 0.780144 0.860859 0.000000 0.430530 0.554439 0.575641 0.874803 0.890312 0.530533 0.818559 0.745989 0.625361 0.712267 0.696874 0.579107 0.860020 0.832232 0.968308 0.478341 0.569446 0.659427 0.961825 0.970865 0.843473 0.851373 0.914295 0.669821 0.618271 0.716614 0.909612 0.997284 0.994921 0.891462 0.977872 0.916433 0.869937 0.796005 0.865791 0.912537 0.959824 0.982526 0.791602 0.720021 0.895657 0.747811 0.899685 0.816923 0.912084 0.899939 0.896257 0.870949 0.920597 0.661227 0.546353 0.539828 0.585729 0.959628 0.888411 0.683610 0.690932 0.559921 0.738518 0.788808 0.773466 0.719551 0.662093 0.729961 0.636813 0.969495 0.959243 0.809382 0.875247 0.831170 0.780163 0.746171 0.884725 0.696448 0.771045 0.805574 0.717594 0.801310 0.890736 0.965900 0.944924 0.791761 0.982293 0.505728 0.530987 0.551080 0.555886 0.992447 0.824325 0.890628 0.945404 0.795781 0.638216 0.771772 0.555145 0.762804 0.685846 0.880119 0.938320 0.798653 0.923422 0.851719 0.880515 0.881261 0.962024 0.880296 0.808895 0.921311 0.990942
0.655322 0.683921 0.474001 0.349494 0.940265 0.910542 0.430530 0.000000 0.672412 0.562136 0.812338 0.838444 0.884346 0.978744 0.872240 0.875012 0.679045 0.632763 0.774238 0.874193 0.849072 0.966769 0.813275 0.743769 0.650729 0.770997 0.919814 0.900092 0.707433 0.815594 0.822156 0.632589 0.982327 0.977124 0.845749 0.978782 0.967008 0.954417 0.839008 0.999549 0.760542 0.915105 0.970895 0.982615 0.740327 0.694052 0.704258 0.836462 0.672707 0.874794 0.727765 0.826640 0.984024 0.973343 0.883912 0.885189 0.673974 0.540460 0.572507 0.672498 0.770191 0.996838 0.604371 0.605086 0.771358 0.771094 0.868490 0.831551 0.767361 0.692564 0.687079 0.562338 0.962959 0.913013 0.820331 0.955693 0.791125 0.817747 0.747409 0.866815 0.658465 0.713689 0.584352 0.633955 0.863968 0.929544 0.808368 0.887522 0.965075 0.952466 0.563871 0.562101 0.571066 0.550837 0.934168 0.884118 0.792564 0.865043 0.954830 0.798354 0.773344 0.712415 0.977848 0.684286 0.954006 0.910300 0.785116 0.870967 0.906401 0.962585 0.858881 0.840851 0.965367 0.867964 0.885056 0.969131
0.743774 0.613251 0.588093 0.681498 0.747945 0.966905 0.554439 0.672412 0.000000 0.482850 0.868859 0.951216 0.603998 0.787205 0.767868 0.559887 0.699860 0.598919 0.599610 0.860410 0.909699 0.927329 0.535598 0.615409 0.839076 0.886128 0.885033 0.795695 0.836675 0.908599 0.608271 0.718749 0.924604 0.922688 0.885840 0.905368 0.955129 0.984953 0.969332 0.853756 0.728693 0.821846 0.791218 0.919328 0.811503 0.985978 0.780199 0.853119 0.984625 0.886507 0.970930 0.891395 0.729362 0.554704 0.824553 0.921050 0.607177 0.505062 0.624530 0.607655 0.925818 0.815830 0.615377 0.640472 0.636466 0.859680 0.838486 0.691222 0.764053 0.734543 0.598013 0.685786 0.957989 0.985188 0.833496 0.863625 0.705997 0.769014 0.831762 0.855235 0.659244 0.682411 0.850518 0.613780 0.894696 0.961142 0.975808 0.966470 0.861089 0.930296 0.563109 0.537101 0.677791 0.584855 0.974185 0.829513 0.950988 0.930326 0.665447 0.565750 0.919924 0.563242 0.935810 0.922863 0.967160 0.954435 0.814580 0.851696 0.870960 0.815848 0.890970 0.815214 0.767566 0.869691 0.939446 0.759048
0.704075 0.538484 0.745627 0.790247 0.795596 0.940369 0.575641 0.562136 0.482850 0.000000 0.969660 0.936012 0.803703 0.976283 0.947611 0.872239 0.868558 0.712375 0.586928 0.936548 0.756037 0.985498 0.831782 0.913402 0.925497 0.895210 0.933909 0.632327 0.958858 0.903860 0.866727 0.802445 0.919005 0.958040 0.842512 0.890588 0.769143 0.890511 0.876222 0.727808 0.804402 0.811345 0.787709 0.714503 0.767920 0.651374 0.520770 0.657291 0.751075 0.821652 0.652358 0.714524 0.914208 0.944053 0.724547 0.819059 0.509485 0.528938 0.649847 0.725217 0.998437 0.792894 0.732021 0.742520 0.998376 0.999554 0.880092 0.614808 0.752014 0.631948 0.677623 0.658664 0.829919 0.946145 0.924357 0.920121 0.864892 0.888518 0.760383 0.797512 0.686021 0.677119 0.608044 0.527813 0.753888 0.587100 0.816354 0.909710 0.942684 0.811528 0.618090 0.603721 0.730164 0.634478 0.952360 0.881603 0.840382 0.946632 0.875170 0.776857 0.865038 0.726281 0.923434 0.859928 0.797502 0.993005 0.938798 0.854546 0.909995 0.884443 0.844961 0.973001 0.924344 0.829464 0.716782 0.963895
0.486915 0.645537 0.702114 0.699473 0.954404 0.795601 0.874803 0.812338 0.868859 0.969660 0.000000 0.548741 0.813095 0.837005 0.870894 0.956961 0.491132 0.410143 0.758270 0.758763 0.898724 0.997818 0.898980 0.974179 0.652581 0.620975 0.966455 0.972942 0.490061 0.439868 0.946489 0.987526 0.757712 0.644279 0.908832 0.928538 0.858051 0.920155 0.852276 0.936037 0.757288 0.792223 0.706475 0.965640 0.990402 0.895140 0.961531 0.887403 0.870857 0.888767 0.889167 0.942333 0.980368 0.803022 0.837331 0.847133 0.588969 0.553195 0.621315 0.579137 0.507794 0.684084 0.460078 0.405092 0.734647 0.762020 0.951037 0.982408 0.647977 0.697719 0.678678 0.701247 0.961558 0.936496 0.927924 0.894513 0.706969 0.803593 0.707358 0.781400 0.492000 0.440303 0.769499 0.552919 0.886620 0.994881 0.968340 0.696609 0.870977 0.803304 0.554849 0.519865 0.532021 0.516090 0.895684 0.851220 0.945694 0.899712 0.748842 0.739438 0.862113 0.869650 0.947287 0.813162 0.852393 0.974147 0.853150 0.789836 0.841743 0.880326 0.835359 0.879297 0.859006 0.928244 0.950596 0.955404
0.599170 0.639357 0.843967 0.707255 0.837953 0.858451 0.890312 0.838444 0.951216 0.936012 0.548741 0.000000 0.785618 0.652729 0.832754 0.892823 0.578509 0.551407 0.835854 0.759954 0.772782 0.995562 0.995931 0.939464 0.790350 0.723159 0.931220 0.961073 0.491680 0.624961 0.901088 0.888566 0.710177 0.711076 0.873851 0.932329 0.947386 0.975149 0.877208 0.943460 0.832928 0.798095 0.810619 0.986119 0.917462 0.881776 0.803279 0.907547 0.895514 0.860510 0.855460 0.891779 0.973360 0.929884 0.838787 0.837409 0.660000 0.675422 0.639116 0.690536 0.551419 0.555652 0.574276 0.533104 0.842845 0.931643 0.983840 0.943063 0.807296 0.815561 0.753863 0.823465 0.867085 0.852778 0.812686 0.939584 0.778669 0.849810 0.778180 0.828684 0.653498 0.571480 0.742034 0.623944 0.828920 0.923932 0.953552 0.727109 0.914599 0.733713 0.702435 0.656392 0.651657 0.658856 0.944479 0.818639 0.916932 0.813180 0.887763 0.944238 0.956375 0.952363 0.882972 0.892318 0.911582 0.937144 0.948400 0.860218 0.919934 0.966686 0.775669 0.961902 0.706695 0.951805 0.933392 0.856894
0.918614 0.973618 0.700868 0.900464 0.668762 0.851221 0.530533 0.884346 0.603998 0.803703 0.813095 0.785618 0.000000 0.517016 0.381742 0.383882 0.957309 0.983205 0.482985 0.642297 0.908009 0.974720 0.393401 0.497947 0.780857 0.952952 0.955094 0.955010 0.852947 0.850260 0.694830 0.711362 0.513352 0.669412 0.787981 0.871687 0.894185 0.934505 0.993183 0.956664 0.939196 0.946339 0.808227 0.846943 0.662158 0.873557 0.941112 0.982127 0.913846 0.889230 0.841901 0.779949 0.716728 0.783233 0.928129 0.827510 0.957940 0.849778 0.861608 0.763449 0.611357 0.672201 0.944756 0.994428 0.537470 0.775505 0.745480 0.935215 0.899426 0.873114 0.845842 0.928827 0.998004 0.937033 0.938672 0.868020 0.825039 0.774692 0.960713 0.986114 0.940494 0.963858 0.852796 0.954465 0.570883 0.729164 0.804181 0.729109 0.723717 0.812043 0.759470 0.813441 0.813475 0.857153 0.967961 0.922544 0.965704 0.906570 0.708026 0.576136 0.852070 0.653221 0.884801 0.978910 0.808614 0.848382 0.935164 0.964028 0.892026 0.901365 0.962396 0.854638 0.838246 0.940364 0.822608 0.923744
0.867590 0.903038 0.831802 0.952817 0.795934 0.962749 0.818559 0.978744 0.787205 0.976283 0.837005 0.652729 0.517016 0.000000 0.511361 0.522970 0.902407 0.993670 0.711770 0.706029 0.884528 0.810188 0.528359 0.508763 0.832389 0.960999 0.892760 0.958667 0.831803 0.903561 0.813486 0.825464 0.579481 0.751683 0.684433 0.763622 0.891282 0.870090 0.974419 0.950677 0.939058 0.915393 0.825237 0.822393 0.675907 0.768718 0.951060 0.822017 0.795461 0.720491 0.803543 0.650775 0.733770 0.705243 0.986800 0.912299 0.928597 0.985684 0.921390 0.988309 0.775137 0.641467 0.983478 0.977461 0.668180 0.820456 0.801371 0.932813 0.952202 0.944521 0.980364 0.887704 0.965207 0.913619 0.819190 0.755800 0.875515 0.817068 0.893998 0.992823 0.951724 0.950193 0.747708 0.834046 0.646562 0.726393 0.854350 0.749285 0.819059 0.638342 0.977920 0.998748 0.997863 0.988869 0.967591 0.955498 0.996374 0.829798 0.930986 0.709171 0.933117 0.892703 0.919866 0.984397 0.738400 0.787859 0.916566 0.971023 0.992992 0.946641 0.859984 0.982065 0.993195 0.971266 0.807960 0.889454
0.867358 0.898160 0.856294 0.938273 0.741332 0.928982 0.745989 0.872240 0.767868 0.947611 0.870894 0.832754 0.381742 0.511361 0.000000 0.429979 0.951670 0.921744 0.646671 0.784332 0.963634 0.935561 0.397777 0.534066 0.810577 0.971404 0.762042 0.958899 0.795866 0.880336 0.747383 0.810584 0.519517 0.736142 0.684015 0.857498 0.959805 0.931115 0.942992 0.948736 0.977974 0.982543 0.759008 0.806681 0.550106 0.731689 0.859191 0.876346 0.771188 0.747632 0.716991 0.626524 0.665913 0.712819 0.888863 0.822094 0.932585 0.996853 0.992633 0.886147 0.665803 0.816967 0.942025 0.904060 0.528733 0.842391 0.698893 0.965580 0.930829 0.998142 0.939018 0.847527 0.944721 0.951618 0.846067 0.947042 0.938133 0.825774 0.894660 0.971209 0.924134 0.877613 0.627037 0.843200 0.454056 0.585886 0.700396 0.667748 0.777123 0.760280 0.914568 0.964824 0.935378 0.996040 0.905178 0.955758 0.929332 0.768253 0.842085 0.659762 0.988764 0.817643 0.839192 0.954510 0.754260 0.860700 0.905097 0.916811 0.980890 0.926626 0.966867 0.857275 0.858011 0.998143 0.728584 0.949975
0.890679 0.892187 0.660994 0.763037 0.709224 0.756359 0.625361 0.875012 0.559887 0.872239 0.956961 0.892823 0.383882 0.522970 0.429979 0.000000 0.754385 0.822723 0.706748 0.722011 0.983585 0.937441 0.384202 0.396022 0.602875 0.799998 0.822215 0.957688 0.945267 0.909665 0.620708 0.719198 0.603128 0.848127 0.706991 0.785870 0.991004 0.843268 0.916872 0.947929 0.951712 0.981001 0.667342 0.766780 0.635799 0.863539 0.944163 0.957425 0.907407 0.869675 0.793201 0.714303 0.625490 0.614035 0.959352 0.755306 0.834840 0.711257 0.744422 0.605113 0.895551 0.853889 0.762533 0.793741 0.416286 0.677863 0.624465 0.983399 0.748140 0.803809 0.741568 0.882472 0.892789 0.967721 0.813601 0.840436 0.716710 0.726563 0.977990 0.861229 0.753396 0.892016 0.801282 0.966060 0.593999 0.642577 0.839480 0.782166 0.881957 0.764003 0.630408 0.668877 0.661787 0.664287 0.966568 0.824529 0.996683 0.862167 0.708087 0.534875 0.820578 0.654335 0.928273 0.837695 0.709949 0.839141 0.966826 0.997104 0.902233 0.946592 0.930332 0.818766 0.733786 0.976388 0.754749 0.757302
0.481461 0.522547 0.498235 0.520408 0.996340 0.866301 0.712267 0.679045 0.699860 0.868558 0.491132 0.578509 0.957309 0.902407 0.951670 0.754385 0.000000 0.333116 0.897896 0.872451 0.917966 0.968923 0.688497 0.674059 0.517792 0.549462 0.878947 0.920353 0.517414 0.427011 0.723892 0.800078 0.966187 0.719023 0.927012 0.944813 0.907244 0.963460 0.829872 0.916521 0.697894 0.818037 0.615829 0.902129 0.909233 0.931058 0.862809 0.946904 0.937715 0.971938 0.950508 0.949471 0.799741 0.630536 0.814942 0.897227 0.539629 0.415412 0.495602 0.543691 0.553999 0.866970 0.324335 0.341186 0.537803 0.683110 0.783205 0.915009 0.625547 0.653407 0.607797 0.723282 0.965345 0.989388 0.918577 0.892576 0.722726 0.724388 0.670881 0.699074 0.389121 0.422995 0.772924 0.563808 0.966418 0.914613 0.937026 0.694273 0.933531 0.959929 0.545118 0.480999 0.482303 0.450762 0.841248 0.717536 0.986167 0.919070 0.762806 0.676662 0.790185 0.771031 0.978964 0.738789 0.786082 0.978445 0.812508 0.830757 0.937293 0.919414 0.925943 0.959002 0.825046 0.985503 0.979575 0.804769
0.390258 0.443574 0.491984 0.532232 0.990218 0.830006 0.696874 0.632763 0.598919 0.712375 0.410143 0.551407 0.983205 0.993670 0.921744 0.822723 0.333116 0.000000 0.917680 0.862858 0.877831 0.990581 0.781899 0.784375 0.602051 0.565947 0.943214 0.861884 0.500199 0.445534 0.798319 0.835495 0.845395 0.697864 0.959215 0.980158 0.961063 0.991356 0.868551 0.978332 0.620018 0.752910 0.675292 0.958308 0.998919 0.841089 0.742254 0.818971 0.852158 0.903096 0.851972 0.930216 0.919743 0.659279 0.689213 0.883956 0.407014 0.331460 0.450116 0.468945 0.479716 0.882971 0.268546 0.265398 0.623864 0.698302 0.883465 0.833707 0.572383 0.629633 0.499002 0.573152 0.940442 0.968689 0.904935 0.857861 0.658679 0.758802 0.621809 0.674010 0.326047 0.308925 0.633374 0.421823 0.824857 0.907161 0.880119 0.665446 0.941518 0.870461 0.464387 0.419241 0.453937 0.420962 0.846617 0.749284 0.951173 0.838181 0.686840 0.650438 0.785036 0.767121 0.942759 0.792995 0.880445 0.936999 0.734168 0.817164 0.864791 0.919409 0.850084 0.973403 0.792698 0.920438 0.900410 0.815629
0.883673 0.994051 0.862274 0.960419 0.760927 0.907108 0.579107 0.774238 0.599610 0.586928 0.758270 0.835854 0.482985 0.711770 0.646671 0.706748 0.897896 0.917680 0.000000 0.647412 0.747147 0.900482 0.602131 0.740577 0.867103 0.706969 0.965658 0.806968 0.736524 0.641683 0.826571 0.748249 0.778201 0.650368 0.964895 0.950519 0.734808 0.916622 0.784336 0.730626 0.947832 0.935288 0.940891 0.951269 0.899166 0.981673 0.809092 0.990144 0.951157 0.843057 0.958071 0.919831 0.843379 0.911139 0.893458 0.964227 0.967564 0.913697 0.923054 0.981778 0.660255 0.749124 0.900541 0.904985 0.881179 0.903077 0.997283 0.689543 0.948997 0.887450 0.918767 0.961027 0.874478 0.963625 0.876885 0.994092 0.952866 0.925145 0.969800 0.963988 0.927985 0.934509 0.975772 0.952582 0.775483 0.956950 0.976169 0.716402 0.792741 0.888839 0.835691 0.838374 0.924075 0.911741 0.942443 0.918207 0.938516 0.877344 0.919780 0.780083 0.984523 0.719602 0.879151 0.979004 0.916081 0.935336 0.937311 0.830194 0.936939 0.852158 0.998974 0.900268 0.939760 0.866111 0.996505 0.883420
0.740664 0.865807 0.905049 0.913717 0.925843 0.865042 0.860020 0.874193 0.860410 0.936548 0.758763 0.759954 0.642297 0.706029 0.784332 0.722011 0.872451 0.862858 0.647412 0.000000 0.841303 0.938484 0.798691 0.721492 0.949533 0.957378 0.989097 0.916094 0.824615 0.731936 0.931911 0.765120 0.818770 0.747330 0.990589 0.894555 0.894899 0.795918 0.893085 0.984735 0.916764 0.857074 0.950281 0.800124 0.864221 0.816465 0.969163 0.927804 0.855640 0.786602 0.852630 0.825940 0.865026 0.907987 0.998578 0.699350 0.818029 0.971185 0.970772 0.964744 0.846714 0.913397 0.915012 0.907963 0.914498 0.933834 0.991915 0.846687 0.914979 0.936535 0.990694 0.996262 0.927002 0.980570 0.995751 0.994845 0.993705 0.993172 0.806448 0.978678 0.858426 0.840148 0.897459 0.804542 0.878784 0.916098 0.988633 0.706487 0.857339 0.725220 0.949079 0.965556 0.951871 0.957535 0.963365 0.888454 0.890779 0.965973 0.953520 0.925931 0.957769 0.830667 0.964847 0.838864 0.984003 0.799081 0.931692 0.930807 0.985522 0.955452 0.852964 0.954362 0.992589 0.885079 0.895601 0.918204
0.979001 0.979238 0.988616 0.928088 0.792301 0.834940 0.832232 0.849072 0.909699 0.756037 0.898724 0.772782 0.908009 0.884528 0.963634 0.983585 0.917966 0.877831 0.747147 0.841303 0.000000 0.941002 0.870589 0.976627 0.839657 0.758130 0.924251 0.812900 0.844600 0.765883 0.901456 0.883457 0.927961 0.955106 0.962543 0.962873 0.765473 0.735735 0.805585 0.737813 0.948468 0.918640 0.756974 0.847403 0.853723 0.857849 0.878870 0.974652 0.912978 0.983332 0.889431 0.940241 0.940060 0.985020 0.944616 0.975189 0.994746 0.995996 0.940718 0.859088 0.736520 0.682104 0.863037 0.846861 0.934259 0.985346 0.859222 0.810368 0.993851 0.880485 0.891668 0.971067 0.749032 0.934842 0.928046 0.891952 0.911248 0.957767 0.892784 0.950159 0.935638 0.877256 0.997649 0.985131 0.939890 0.902775 0.939416 0.885636 0.934245 0.993926 0.998777 0.979619 0.897004 0.964958 0.918940 0.867377 0.920876 0.938657 0.982454 0.991883 0.979173 0.861257 0.993342 0.807653 0.860136 0.897039 0.979676 0.924011 0.948886 0.840880 0.941206 0.972499 0.903777 0.977203 0.892809 0.808234
0.967075 0.986840 0.896622 0.989812 0.951249 0.849674 0.968308 0.966769 0.927329 0.985498 0.997818 0.995562 0.974720 0.810188 0.935561 0.937441 0.968923 0.990581 0.900482 0.938484 0.941002 0.000000 0.986868 0.909347 0.958289 0.994052 0.992549 0.961528 0.936763 0.989600 0.927947 0.982104 0.931045 0.982471 0.851675 0.986759 0.847931 0.986514 0.908541 0.975264 0.964520 0.935883 0.861394 0.878239 0.839967 0.888994 0.868591 0.937638 0.897236 0.945604 0.869562 0.935962 0.786524 0.905487 0.827817 0.894294 0.969094 0.997893 0.965428 0.976880 0.948108 0.883407 0.953399 0.954264 0.990471 0.981709 0.984022 0.954881 0.929620 0.931272 0.958128 0.949184 0.980489 0.921116 0.912078 0.904718 0.975849 0.949182 0.883003 0.910669 0.955996 0.898346 0.922919 0.989520 0.960155 0.957788 0.958320 0.977820 0.985325 0.980763 0.946684 0.990534 0.922653 0.975780 0.891746 0.868879 0.865411 0.952404 0.841726 0.950301 0.916515 0.865618 0.928077 0.907175 0.932248 0.763206 0.923220 0.983908 0.881982 0.920793 0.996070 0.943059 0.960449 0.985177 0.987429 0.915087
0.901534 0.877696 0.587761 0.733413 0.692875 0.882849 0.478341 0.813275 0.535598 0.831782 0.898980 0.995931 0.393401 0.528359 0.397777 0.384202 0.688497 0.781899 0.602131 0.798691 0.870589 0.986868 0.000000 0.364545 0.625181 0.912782 0.747058 0.993746 0.911646 0.895399 0.625883 0.676456 0.571692 0.880284 0.686927 0.806460 0.975335 0.893704 0.948728 0.900939 0.933445 0.884722 0.663999 0.785922 0.603170 0.842605 0.987214 0.911309 0.865426 0.760877 0.798093 0.627071 0.578542 0.561674 0.985462 0.843649 0.849055 0.743203 0.800999 0.736828 0.859246 0.850041 0.777842 0.808924 0.358645 0.702906 0.651345 0.902349 0.825576 0.865286 0.848969 0.949167 0.988690 0.963391 0.844242 0.867259 0.739649 0.669282 0.949762 0.879728 0.801255 0.882571 0.766380 0.940327 0.453644 0.579850 0.802238 0.772238 0.789057 0.740008 0.636537 0.643287 0.689274 0.701258 0.984541 0.804538 0.977811 0.857984 0.751957 0.503752 0.833282 0.603021 0.825066 0.805475 0.671680 0.855046 0.924726 0.915038 0.892320 0.928305 0.999774 0.878232 0.735052 0.928131 0.803264 0.851754
0.919057 0.889046 0.554425 0.625292 0.765801 0.829104 0.569446 0.743769 0.615409 0.913402 0.974179 0.939464 0.497947 0.508763 0.534066 0.396022 0.674059 0.784375 0.740577 0.721492 0.976627 0.909347 0.364545 0.000000 0.531155 0.791553 0.729198 0.980592 0.865775 0.842795 0.661240 0.712744 0.684092 0.870156 0.736337 0.780450 0.985295 0.744408 0.819767 0.991368 0.960334 0.960857 0.709091 0.805199 0.733819 0.942862 0.961849 0.918280 0.983922 0.855795 0.831755 0.696721 0.651242 0.637387 0.991801 0.799161 0.892003 0.767450 0.808195 0.758221 0.934369 0.838965 0.756671 0.791244 0.390206 0.607602 0.568836 0.989056 0.821347 0.889700 0.788854 0.926080 0.898787 0.915513 0.818606 0.916243 0.795044 0.710266 0.968917 0.883708 0.791961 0.933479 0.800455 0.974018 0.535482 0.517266 0.838345 0.772872 0.725917 0.697656 0.681992 0.721736 0.729671 0.726673 0.994442 0.784922 0.956030 0.980815 0.833885 0.605377 0.904619 0.707351 0.754810 0.770513 0.681253 0.755764 0.928709 0.996926 0.888976 0.991986 0.913243 0.945794 0.784557 0.968895 0.748891 0.813198
0.718325 0.840797 0.460148 0.447281 0.973534 0.643988 0.659427 0.650729 0.839076 0.925497 0.652581 0.790350 0.780857 0.832389 0.810577 0.602875 0.517792 0.602051 0.867103 0.949533 0.839657 0.958289 0.625181 0.531155 0.000000 0.423107 0.793748 0.790160 0.588943 0.484781 0.655287 0.828929 0.784094 0.947665 0.746419 0.797081 0.772594 0.771207 0.615249 0.672701 0.833446 0.935045 0.575434 0.747597 0.868325 0.989484 0.926118 0.987471 0.883883 0.951800 0.937745 0.822608 0.767437 0.792145 0.979971 0.836511 0.785816 0.632001 0.646167 0.570804 0.720700 0.882114 0.516735 0.548426 0.369086 0.467208 0.469501 0.726903 0.754579 0.778254 0.663266 0.779217 0.831699 0.884580 0.993795 0.987992 0.661817 0.602308 0.846345 0.890788 0.616676 0.697782 0.965903 0.883099 0.771478 0.559979 0.815883 0.933584 0.863430 0.857153 0.591055 0.599750 0.495381 0.548771 0.917221 0.726976 0.894411 0.877400 0.766729 0.663423 0.745716 0.790309 0.856104 0.663487 0.551150 0.861785 0.854203 0.977276 0.941754 0.945027 0.985423 0.974270 0.822622 0.893012 0.837045 0.786483
0.712573 0.817146 0.622428 0.543539 0.823656 0.640732 0.961825 0.770997 0.886128 0.895210 0.620975 0.723159 0.952952 0.960999 0.971404 0.799998 0.549462 0.565947 0.706969 0.957378 0.758130 0.994052 0.912782 0.791553 0.423107 0.000000 0.879274 0.752074 0.587879 0.464619 0.808913 0.897885 0.974576 0.826036 0.750365 0.886068 0.684642 0.832951 0.643536 0.585703 0.791029 0.943906 0.601408 0.765078 0.932550 0.994706 0.921780 0.902039 0.946593 0.949055 0.936565 0.868841 0.866794 0.777088 0.986053 0.860528 0.746577 0.668400 0.689886 0.625120 0.569437 0.806206 0.501331 0.516658 0.582015 0.556838 0.562453 0.704945 0.773793 0.789622 0.665244 0.799968 0.854915 0.924470 0.931670 0.977694 0.612136 0.665081 0.844528 0.808992 0.624089 0.643305 0.931192 0.817878 0.979477 0.737681 0.976424 0.791005 0.923689 0.911742 0.678452 0.646133 0.575221 0.587724 0.909512 0.768431 0.866718 0.724678 0.776264 0.778268 0.817793 0.920217 0.910640 0.820234 0.635107 0.887656 0.882556 0.942820 0.989723 0.922176 0.992332 0.945929 0.787462 0.974222 0.860738 0.754813
0.957886 0.997910 0.938133 0.925214 0.964392 0.998362 0.970865 0.919814 0.885033 0.933909 0.966455 0.931220 0.955094 0.892760 0.762042 0.822215 0.878947 0.943214 0.965658 0.989097 0.924251 0.992549 0.747058 0.729198 0.793748 0.879274 0.000000 0.981628 0.920203 0.877502 0.836380 0.987582 0.932896 0.999357 0.850549 0.699227 0.872696 0.735673 0.878791 0.972187 0.852468 0.921997 0.859083 0.874706 0.784335 0.853166 0.955489 0.908731 0.923017 0.894213 0.868903 0.782755 0.734286 0.758902 0.891299 0.922166 0.976041 0.950492 0.989724 0.936051 0.959154 0.982497 0.928285 0.911403 0.717005 0.845111 0.867808 0.960002 0.978956 0.948518 0.982562 0.840783 0.892643 0.809462 0.801594 0.964879 0.893179 0.901830 0.968511 0.897744 0.976983 0.979151 0.794855 0.965157 0.784135 0.742119 0.837705 0.975673 0.941360 0.860017 0.953765 0.937385 0.965043 0.999492 0.981516 0.850937 0.998821 0.973723 0.981313 0.839338 0.933709 0.925449 0.849746 0.866166 0.816002 0.820999 0.880678 0.995024 0.978834 0.977384 0.983501 0.916517 0.947038 0.895065 0.706620 0.839166
0.820776 0.700584 0.930604 0.995826 0.860057 0.805863 0.843473 0.900092 0.795695 0.632327 0.972942 0.961073 0.955010 0.958667 0.958899 0.957688 0.920353 0.861884 0.806968 0.916094 0.812900 0.961528 0.993746 0.980592 0.790160 0.752074 0.981628 0.000000 0.982958 0.840350 0.966872 0.935103 0.796218 0.995496 0.827035 0.829881 0.886113 0.939298 0.869081 0.690472 0.956470 0.831585 0.788085 0.767043 0.828861 0.842596 0.800799 0.798222 0.832913 0.875736 0.772709 0.714991 0.876135 0.985752 0.788560 0.883285 0.778212 0.745307 0.809876 0.917090 0.922392 0.807473 0.939504 0.880042 0.831461 0.900526 0.761111 0.672175 0.957620 0.896293 0.838792 0.808315 0.889283 0.908495 0.834889 0.849613 0.857733 0.924740 0.796660 0.876203 0.846472 0.851182 0.769847 0.770174 0.744441 0.650050 0.859666 0.926703 0.868904 0.834025 0.885799 0.895089 0.998982 0.984085 0.923786 0.896445 0.978698 0.956145 0.955388 0.936360 0.975894 0.938577 0.955170 0.954287 0.751141 0.884452 0.910475 0.937934 0.958715 0.981938 0.886665 0.958726 0.851461 0.884166 0.875763 0.990504
0.553691 0.614463 0.666426 0.517716 0.923450 0.832454 0.851373 0.707433 0.836675 0.958858 0.490061 0.491680 0.852947 0.831803 0.795866 0.945267 0.517414 0.500199 0.736524 0.824615 0.844600 0.936763 0.911646 0.865775 0.588943 0.587879 0.920203 0.982958 0.000000 0.435036 0.887422 0.921110 0.766820 0.628793 0.997086 0.947845 0.730513 0.889976 0.824066 0.773488 0.805639 0.725263 0.686802 0.853901 0.963739 0.879097 0.999769 0.929128 0.846774 0.868346 0.951003 0.999741 0.945347 0.797191 0.810044 0.964449 0.697065 0.625363 0.680753 0.634017 0.530281 0.754951 0.477640 0.473004 0.681016 0.676263 0.828526 0.908939 0.780070 0.847851 0.599728 0.755852 0.882654 0.992917 0.909641 0.948169 0.689472 0.778827 0.777775 0.862795 0.529024 0.603242 0.755012 0.661644 0.931971 0.879691 0.991746 0.782857 0.975205 0.878159 0.630502 0.557142 0.622557 0.617054 0.895559 0.732061 0.964343 0.671972 0.868526 0.800809 0.870458 0.832528 0.971814 0.846329 0.779582 0.919934 0.806250 0.969143 0.841363 0.930726 0.837944 0.980391 0.819307 0.985642 0.998780 0.715892
0.588878 0.687055 0.665997 0.609391 0.960464 0.750521 0.914295 0.815594 0.908599 0.903860 0.439868 0.624961 0.850260 0.903561 0.880336 0.909665 0.427011 0.445534 0.641683 0.731936 0.765883 0.989600 0.895399 0.842795 0.484781 0.464619 0.877502 0.840350 0.435036 0.000000 0.930074 0.949158 0.889865 0.656567 0.862754 0.958434 0.730110 0.885763 0.745705 0.710676 0.762873 0.769190 0.630552 0.888585 0.995140 0.899610 0.993899 0.972528 0.924637 0.887837 0.977790 0.960701 0.900332 0.798903 0.910033 0.996734 0.682040 0.613799 0.669614 0.608499 0.494461 0.799733 0.435093 0.454661 0.591170 0.612541 0.753746 0.852244 0.712296 0.767097 0.698751 0.779785 0.841952 0.924233 0.942618 0.992923 0.723080 0.815227 0.709686 0.798274 0.509198 0.558323 0.830721 0.697521 0.985253 0.805361 0.922676 0.720117 0.924249 0.976588 0.674075 0.586981 0.571091 0.563957 0.874477 0.835827 0.976737 0.813741 0.839348 0.812830 0.800292 0.958849 0.954042 0.749516 0.734281 0.992084 0.798110 0.938914 0.908394 0.915988 0.976587 0.976654 0.844195 0.884783 0.975067 0.774339
0.867049 0.821636 0.601396 0.674460 0.974729 0.948264 0.669821 0.822156 0.608271 0.866727 0.946489 0.901088 0.694830 0.813486 0.747383 0.620708 0.723892 0.798319 0.826571 0.931911 0.901456 0.927947 0.625883 0.661240 0.655287 0.808913 0.836380 0.966872 0.887422 0.930074 0.000000 0.714637 0.682847 0.817002 0.880259 0.762517 0.773753 0.749516 0.804539 0.853657 0.931068 0.978745 0.655152 0.730279 0.662403 0.789085 0.945613 0.954363 0.877087 0.794288 0.757748 0.753321 0.637442 0.655486 0.990797 0.888059 0.841344 0.703924 0.677161 0.688754 0.856945 0.952899 0.735958 0.741488 0.640636 0.937680 0.640510 0.983428 0.889522 0.920453 0.742332 0.919921 0.911807 0.929225 0.851536 0.923377 0.649292 0.796548 0.965409 0.996864 0.836041 0.834409 0.957633 0.870909 0.845090 0.834573 0.941701 0.963712 0.794277 0.802975 0.766305 0.735501 0.756163 0.668189 0.980510 0.770908 0.924671 0.950614 0.748676 0.687997 0.856438 0.679454 0.962535 0.857007 0.804912 0.928627 0.961916 0.938644 0.888781 0.913621 0.929509 0.922625 0.927764 0.949674 0.849566 0.801816
0.947328 0.886662 0.703762 0.647567 0.973604 0.956755 0.618271 0.632589 0.718749 0.802445 0.987526 0.888566 0.711362 0.825464 0.810584 0.719198 0.800078 0.835495 0.748249 0.765120 0.883457 0.982104 0.676456 0.712744 0.828929 0.897885 0.987582 0.935103 0.921110 0.949158 0.714637 0.000000 0.767175 0.910718 0.985219 0.901906 0.913094 0.994570 0.891076 0.951423 0.999570 0.936197 0.790579 0.798891 0.895838 0.930602 0.963636 0.985818 0.974557 0.795801 0.946852 0.857305 0.780987 0.803774 0.965897 0.914923 0.902198 0.761826 0.791844 0.859350 0.932735 0.947831 0.829642 0.805627 0.751395 0.963654 0.904383 0.831883 0.812162 0.958579 0.923541 0.831929 0.987654 0.940768 0.941998 0.910455 0.851426 0.810163 0.993527 0.988644 0.871519 0.854092 0.893897 0.843793 0.923693 0.946902 0.837007 0.920590 0.945726 0.951216 0.790063 0.782318 0.808711 0.809934 0.929965 0.964651 0.992402 0.968170 0.888507 0.707294 0.974830 0.786779 0.929405 0.988970 0.841656 0.816197 0.870321 0.991062 0.938241 0.980555 0.849062 0.916973 0.821890 0.896314 0.821815 0.960681
0.850704 0.836910 0.797875 0.975847 0.889042 0.918974 0.716614 0.982327 0.924604 0.919005 0.757712 0.710177 0.513352 0.579481 0.519517 0.603128 0.966187 0.845395 0.778201 0.818770 0.927961 0.931045 0.571692 0.684092 0.784094 0.974576 0.932896 0.796218 0.766820 0.889865 0.682847 0.767175 0.000000 0.712319 0.707670 0.817471 0.991022 0.788118 0.953167 0.874599 0.920437 0.929369 0.825036 0.803834 0.691926 0.796658 0.866400 0.863568 0.879250 0.828278 0.769450 0.732922 0.749717 0.909318 0.911632 0.817178 0.848859 0.938066 0.967848 0.992188 0.671221 0.721286 0.895807 0.848175 0.637613 0.837581 0.720657 0.898975 0.981581 0.970637 0.864940 0.880959 0.975444 0.969307 0.990067 0.877544 0.985924 0.856917 0.900969 0.879795 0.881483 0.834853 0.761791 0.752280 0.572086 0.685828 0.835048 0.745136 0.859573 0.674914 0.981938 0.931528 0.980509 0.961353 0.979487 0.956185 0.860443 0.876422 0.890381 0.742440 0.738246 0.889827 0.990331 0.890532 0.709763 0.787353 0.966747 0.899070 0.996796 0.975468 0.931940 0.950440 0.970159 0.968854 0.795811 0.947907
0.682674 0.776061 0.995252 0.886131 0.952729 0.957439 0.909612 0.977124 0.922688 0.958040 0.644279 0.711076 0.669412 0.751683 0.736142 0.848127 0.719023 0.697864 0.650368 0.747330 0.955106 0.982471 0.880284 0.870156 0.947665 0.826036 0.999357 0.995496 0.628793 0.656567 0.817002 0.910718 0.712319 0.000000 0.888583 0.873566 0.937430 0.884407 0.981920 0.930633 0.945867 0.779981 0.988956 0.921026 0.824058 0.838100 0.854256 0.889779 0.912953 0.926418 0.878120 0.887104 0.816836 0.954288 0.862039 0.993671 0.791369 0.845268 0.890611 0.848552 0.602831 0.699297 0.730587 0.717870 0.989224 0.973958 0.879155 0.923148 0.871962 0.997605 0.932238 0.935933 0.990655 0.981126 0.804524 0.960515 0.988335 0.933539 0.845864 0.730199 0.722148 0.735037 0.871500 0.810713 0.831083 0.915546 0.909571 0.812195 0.788437 0.870554 0.924440 0.857815 0.887065 0.838000 0.989831 0.979020 0.989119 0.833207 0.896481 0.989353 0.946038 0.869401 0.949730 0.946329 0.985315 0.857293 0.969219 0.967951 0.963421 0.971214 0.969750 0.911817 0.941122 0.853703 0.919820 0.872136
0.969142 0.913181 0.855178 0.995602 0.931428 0.765045 0.997284 0.845749 0.885840 0.842512 0.908832 0.873851 0.787981 0.684433 0.684015 0.706991 0.927012 0.959215 0.964895 0.990589 0.962543 0.851675 0.686927 0.736337 0.746419 0.750365 0.850549 0.827035 0.997086 0.862754 0.880259 0.985219 0.707670 0.888583 0.000000 0.734136 0.765456 0.852467 0.671563 0.941404 0.958334 0.938574 0.704452 0.766332 0.636031 0.743334 0.736466 0.858305 0.781202 0.783008 0.698934 0.629928 0.756755 0.718179 0.884880 0.792028 0.975242 0.977033 0.946976 0.976599 0.899763 0.916133 0.980294 0.981469 0.650059 0.723531 0.608086 0.700941 0.957293 0.965178 0.978870 0.922196 0.973198 0.950479 0.795173 0.798281 0.792303 0.664151 0.960715 0.881499 0.969163 0.945343 0.770744 0.967825 0.666914 0.633128 0.869151 0.926682 0.935518 0.789712 0.929076 0.994346 0.912107 0.976366 0.863191 0.930619 0.979866 0.937635 0.803419 0.746679 0.971542 0.967679 0.932970 0.979699 0.737123 0.882233 0.953414 0.975168 0.863989 0.880833 0.993935 0.836136 0.837660 0.900746 0.739803 0.870062
0.980596 0.914394 0.850051 0.874014 0.991276 0.874002 0.994921 0.978782 0.905368 0.890588 0.928538 0.932329 0.871687 0.763622 0.857498 0.785870 0.944813 0.980158 0.950519 0.894555 0.962873 0.986759 0.806460 0.780450 0.797081 0.886068 0.699227 0.829881 0.947845 0.958434 0.762517 0.901906 0.817471 0.873566 0.734136 0.000000 0.797659 0.912294 0.820869 0.911729 0.911772 0.873818 0.834351 0.857723 0.804379 0.907319 0.883898 0.903057 0.949898 0.913251 0.916274 0.798302 0.782616 0.892013 0.984143 0.979238 0.976908 0.986755 0.991354 0.939505 0.997279 0.975280 0.960428 0.939396 0.763830 0.805315 0.809808 0.725084 0.850880 0.948489 0.926840 0.793845 0.920102 0.966484 0.820385 0.907852 0.858368 0.967632 0.939699 0.955292 0.916278 0.974261 0.736766 0.938487 0.819434 0.732408 0.884612 0.965233 0.981696 0.875315 0.911204 0.895986 0.876935 0.884154 0.889241 0.818516 0.955127 0.939874 0.915161 0.910858 0.891843 0.820102 0.965301 0.845841 0.772709 0.767160 0.955049 0.941020 0.927864 0.965632 0.943968 0.914254 0.937925 0.955650 0.633832 0.983216
0.999356 0.959846 0.867863 0.817957 0.807437 0.968751 0.891462 0.967008 0.955129 0.769143 0.858051 0.947386 0.894185 0.891282 0.959805 0.991004 0.907244 0.961063 0.734808 0.894899 0.765473 0.847931 0.975335 0.985295 0.772594 0.684642 0.872696 0.886113 0.730513 0.730110 0.773753 0.913094 0.991022 0.937430 0.765456 0.797659 0.000000 0.811034 0.716607 0.636552 0.919126 0.955663 0.673353 0.655986 0.788036 0.766301 0.746488 0.814101 0.818558 0.881771 0.749786 0.817812 0.860753 0.887659 0.758126 0.826000 0.897457 0.990590 0.959140 0.909171 0.769309 0.834622 0.908306 0.903473 0.893920 0.932312 0.759979 0.710549 0.957325 0.874687 0.963405 0.919141 0.965502 0.965321 0.942028 0.936013 0.791290 0.917731 0.931675 0.821876 0.967003 0.964076 0.909062 0.966213 0.963774 0.829558 0.917340 0.933038 0.976565 0.837560 0.957375 0.972451 0.943555 0.963181 0.840884 0.914132 0.932226 0.841613 0.920374 0.968612 0.928104 0.910929 0.948057 0.931199 0.878928 0.972186 0.983775 0.936229 0.971024 0.973044 0.948565 0.958362 0.982495 0.878443 0.807913 0.817610
0.859704 0.993615 0.859632 0.894605 0.835241 0.979539 0.977872 0.954417 0.984953 0.890511 0.920155 0.975149 0.934505 0.870090 0.931115 0.843268 0.963460 0.991356 0.916622 0.795918 0.735735 0.986514 0.893704 0.744408 0.771207 0.832951 0.735673 0.939298 0.889976 0.885763 0.749516 0.994570 0.788118 0.884407 0.852467 0.912294 0.811034 0.000000 0.905691 0.654638 0.918079 0.956114 0.784540 0.725751 0.782153 0.750116 0.868510 0.873149 0.831600 0.872694 0.735852 0.755387 0.742556 0.827664 0.893584 0.762321 0.872692 0.992992 0.952085 0.942954 0.918685 0.951575 0.969455 0.958565 0.806312 0.921113 0.779741 0.864548 0.896114 0.777646 0.946528 0.966687 0.843909 0.953468 0.911595 0.823712 0.888197 0.841870 0.973810 0.913899 0.936924 0.918209 0.781939 0.786130 0.853237 0.738925 0.932095 0.881372 0.692623 0.705882 0.911390 0.954569 0.971150 0.997368 0.936950 0.829623 0.957638 0.809746 0.996350 0.993830 0.780427 0.962883 0.987138 0.936360 0.843632 0.870762 0.986091 0.964968 0.915037 0.877989 0.925811 0.974918 0.992671 0.995526 0.978036 0.886553
