0.000000 0.388580 0.872272 0.705027 0.833460 0.545508 0.568801 0.426193 0.766363 0.734363 0.409065 0.356705 0.528174 0.460532 0.881307 0.525086 0.382426 0.372346 0.418878 0.383774 0.917407 0.929267 0.879785 0.843716 0.987345 0.884793 0.998671 0.917563 0.527568 0.448531 0.679834 0.551664 0.438567 0.444831 0.806169 0.895139 0.701960 0.828827 0.965890 0.844066 0.862642 0.883898 0.523012 0.481789 0.535794 0.563572 0.591394 0.645600 0.797551 0.724604 0.747394 0.805736 0.911783 0.899063 0.945124 0.846769 0.329170 0.489645 0.493353 0.861455 0.493108 0.614638 0.415257 0.452694 0.982941 0.699552 0.533382 0.579488 0.763829 0.674561 0.651493 0.651123 0.778122 0.649561 0.938102 0.712207 0.625403 0.748284 0.707512 0.631246 0.396733 0.462890 0.609342 0.732936 0.808736 0.793676 0.991091 0.906712 0.944458 0.911098 0.562580 0.806469 0.630836 0.839783 0.761570 0.778767 0.747597 0.746659 0.419347 0.468851 0.604014 0.611668 0.507801 0.548868 0.675166 0.800859 0.928156 0.870914 0.958205 0.923350 0.936306 0.629613 0.739209 0.860185 0.807063 0.955512
0.388580 0.000000 0.842482 0.955664 0.989045 0.701557 0.828627 0.604158 0.945667 0.765441 0.709573 0.391654 0.854551 0.693386 0.911015 0.646466 0.283249 0.286652 0.668732 0.525663 0.937975 0.934683 0.868773 0.945877 0.971967 0.966854 0.987821 0.951592 0.494509 0.326119 0.899851 0.729118 0.638267 0.645449 0.849373 0.971119 0.825847 0.867551 0.890048 0.711354 0.800642 0.855472 0.681900 0.606232 0.541699 0.482203 0.793241 0.728617 0.605612 0.652616 0.617123 0.721632 0.928673 0.902968 0.928769 0.854902 0.235077 0.243207 0.732895 0.745976 0.773570 0.477185 0.651323 0.371993 0.739374 0.778864 0.782887 0.733467 0.599367 0.562988 0.864411 0.863323 0.784454 0.726089 0.758823 0.727648 0.796708 0.821169 0.576700 0.516952 0.256660 0.381582 0.616243 0.577491 0.928204 0.852121 0.885172 0.995676 0.990316 0.922110 0.802849 0.936702 0.844727 0.915502 0.668566 0.931121 0.624123 0.852083 0.563134 0.657032 0.798761 0.841872 0.575855 0.726712 0.818123 0.943143 0.970791 0.972180 0.998034 0.869851 0.787150 0.532659 0.864229 0.829245 0.708162 0.877733
0.872272 0.842482 0.000000 0.257539 0.862457 0.836846 0.287094 0.434488 0.685469 0.782925 0.544627 0.921553 0.407359 0.500907 0.510185 0.613531 0.822427 0.955121 0.442331 0.652269 0.885333 0.992459 0.308445 0.426740 0.696139 0.486553 0.987146 0.918758 0.868755 0.992760 0.385309 0.431521 0.530102 0.479585 0.618732 0.765076 0.860677 0.973458 0.814595 0.882348 0.897549 0.721574 0.538803 0.620803 0.721401 0.818570 0.596552 0.572827 0.965330 0.956223 0.907265 0.918721 0.898125 0.822698 0.703408 0.908454 0.847363 0.707457 0.662575 0.982013 0.484571 0.950189 0.716383 0.752249 0.338493 0.525656 0.398010 0.480937 0.752799 0.787684 0.633034 0.580412 0.969316 0.836030 0.961312 0.857327 0.633115 0.670883 0.926856 0.885380 0.767958 0.972366 0.836720 0.812582 0.430759 0.576184 0.693321 0.728718 0.929291 0.940452 0.559852 0.560134 0.663242 0.633291 0.883296 0.913694 0.971865 0.988200 0.702087 0.591493 0.670659 0.596032 0.918924 0.831848 0.795763 0.758101 0.989521 0.791773 0.852402 0.797934 0.928153 0.953366 0.799109 0.988476 0.995887 0.818922
0.705027 0.955664 0.257539 0.000000 0.945852 0.736549 0.252829 0.307853 0.709526 0.792584 0.411442 0.722537 0.363328 0.364782 0.571461 0.559592 0.980476 0.832848 0.325320 0.470517 0.946369 0.973899 0.329906 0.295771 0.661157 0.506617 0.983753 0.809774 0.722069 0.830032 0.319383 0.345001 0.394473 0.362427 0.586475 0.741600 0.814688 0.977615 0.765170 0.943122 0.926346 0.750968 0.467768 0.529694 0.652183 0.753771 0.502093 0.509116 0.971021 0.918350 0.858963 0.902284 0.892540 0.846504 0.695424 0.845747 0.935134 0.875375 0.615509 0.913653 0.426106 0.910953 0.575672 0.930516 0.422018 0.429639 0.327912 0.374348 0.867776 0.870098 0.595401 0.556666 0.863163 0.729551 0.854822 0.807449 0.606829 0.625907 0.882344 0.822791 0.987313 0.766497 0.722806 0.939579 0.409839 0.462157 0.749818 0.681485 0.844723 0.800684 0.520795 0.603601 0.631937 0.691069 0.869411 0.832871 0.954351 0.945085 0.610784 0.468036 0.569583 0.504315 0.805878 0.693530 0.713455 0.734032 0.939779 0.849958 0.784241 0.806114 0.899646 0.897645 0.769260 0.976530 0.984552 0.775461
0.833460 0.989045 0.862457 0.945852 0.000000 0.901309 0.863773 0.873460 0.739734 0.769257 0.879078 0.843602 0.756936 0.807138 0.744963 0.735528 0.985243 0.916574 0.861227 0.877054 0.833794 0.904874 0.818296 0.957005 0.997335 0.958639 0.990358 0.981050 0.933157 0.864469 0.831389 0.884785 0.814614 0.823980 0.854549 0.920578 0.792575 0.837989 0.963378 0.952273 0.873807 0.980895 0.813662 0.844085 0.893333 0.915473 0.906707 0.825795 0.990642 0.956934 0.840702 0.796409 0.802071 0.778102 0.952941 0.938674 0.946708 0.968994 0.689932 0.889535 0.721986 0.976897 0.759034 0.844511 0.855882 0.934274 0.787964 0.852257 0.859548 0.854341 0.861426 0.743469 0.920201 0.926231 0.898425 0.903979 0.923902 0.921723 0.954856 0.949416 0.932662 0.914007 0.889693 0.977675 0.940130 0.960036 0.971586 0.824019 0.821003 0.798723 0.685655 0.717065 0.716604 0.676854 0.965589 0.927021 0.887698 0.977151 0.757287 0.872038 0.922651 0.918528 0.726877 0.777707 0.991512 0.637445 0.771695 0.746047 0.994342 0.971721 0.935280 0.828333 0.847787 0.843063 0.766266 0.923984
0.545508 0.701557 0.836846 0.736549 0.901309 0.000000 0.616252 0.540945 0.616002 0.656993 0.555410 0.544226 0.649680 0.706147 0.875243 0.567244 0.657030 0.594450 0.555361 0.579704 0.810865 0.889168 0.875448 0.806332 0.995853 0.781077 0.981065 0.825573 0.742263 0.653754 0.743147 0.614184 0.631797 0.538420 0.939265 0.945121 0.850892 0.920716 0.921437 0.988249 0.949872 0.974116 0.509774 0.513645 0.601337 0.584073 0.664179 0.625705 0.820287 0.769302 0.861217 0.848259 0.896435 0.811932 0.998854 0.943699 0.620627 0.851939 0.803830 0.910070 0.603045 0.692314 0.747529 0.765425 0.914520 0.683949 0.676436 0.623505 0.914656 0.994921 0.745526 0.759159 0.830087 0.688526 0.984187 0.742319 0.680377 0.674851 0.609731 0.711348 0.695344 0.654233 0.968298 0.940591 0.916040 0.892936 0.939434 0.888938 0.997040 0.972876 0.613502 0.755384 0.691830 0.720409 0.994105 0.946824 0.759150 0.858381 0.490757 0.626132 0.662758 0.618609 0.629890 0.569530 0.930439 0.882508 0.798352 0.928573 0.912825 0.912277 0.984719 0.672991 0.904389 0.812012 0.990618 0.838312
0.568801 0.828627 0.287094 0.252829 0.863773 0.616252 0.000000 0.218265 0.573239 0.556035 0.344809 0.594318 0.326482 0.345230 0.530527 0.430848 0.820040 0.668249 0.276623 0.441180 0.868472 0.888816 0.359305 0.476465 0.847649 0.549812 0.931615 0.933565 0.607662 0.661372 0.371093 0.328283 0.343761 0.298080 0.709592 0.774213 0.734676 0.949352 0.820094 0.993300 0.981369 0.804708 0.354963 0.434953 0.457152 0.562492 0.492330 0.429290 0.892184 0.777119 0.725421 0.706208 0.760709 0.657548 0.770942 0.820710 0.817919 0.998949 0.523372 0.869192 0.318208 0.783607 0.533146 0.908603 0.502575 0.421258 0.290686 0.347024 0.881730 0.970830 0.497315 0.467770 0.846038 0.705896 0.942581 0.749877 0.491636 0.571429 0.801363 0.696401 0.884228 0.735100 0.738626 0.998033 0.495498 0.594082 0.816094 0.817054 0.972765 0.921185 0.375345 0.478199 0.516061 0.554852 0.763417 0.801311 0.842664 0.926120 0.439747 0.373916 0.515338 0.438809 0.709468 0.641186 0.743463 0.651952 0.925683 0.802198 0.863434 0.862844 0.860816 0.760403 0.651854 0.914406 0.896843 0.903387
0.426193 0.604158 0.434488 0.307853 0.873460 0.540945 0.218265 0.000000 0.583144 0.545399 0.299666 0.426449 0.375548 0.305075 0.674002 0.421411 0.616924 0.491782 0.242431 0.315326 0.922132 0.896704 0.486678 0.497706 0.868493 0.583513 0.889766 0.922281 0.472073 0.506526 0.389786 0.316203 0.272489 0.261202 0.764369 0.795823 0.676342 0.924393 0.798110 0.952506 0.950497 0.880096 0.331517 0.395440 0.390430 0.479811 0.485645 0.450708 0.788864 0.717828 0.651948 0.699613 0.759313 0.695028 0.810982 0.805837 0.596347 0.771041 0.505706 0.829614 0.335584 0.628424 0.450563 0.716125 0.670771 0.429137 0.328781 0.319675 0.982938 0.896764 0.520249 0.453151 0.755201 0.587278 0.824048 0.684656 0.480023 0.564606 0.686975 0.624733 0.680312 0.568319 0.660930 0.854905 0.613374 0.613065 0.895457 0.823346 0.960531 0.881000 0.397813 0.588945 0.513970 0.681196 0.745929 0.802306 0.724251 0.881712 0.384688 0.335462 0.479548 0.448315 0.594401 0.557544 0.717636 0.700955 0.951456 0.815293 0.823282 0.912281 0.833890 0.710899 0.651878 0.873124 0.856219 0.949649
0.766363 0.945667 0.685469 0.709526 0.739734 0.616002 0.573239 0.583144 0.000000 0.435750 0.656243 0.759623 0.650228 0.730280 0.699926 0.582611 0.836399 0.797270 0.719696 0.706144 0.878048 0.917964 0.772822 0.945447 0.870533 0.826054 0.959842 0.788280 0.718974 0.771915 0.746642 0.756565 0.708379 0.635053 0.947708 0.873250 0.810263 0.808158 0.983657 0.878469 0.978105 0.902498 0.554958 0.570485 0.603357 0.640065 0.802058 0.704376 0.859452 0.795264 0.726600 0.658920 0.605840 0.544873 0.958599 0.884871 0.910318 0.977037 0.631999 0.919518 0.603394 0.907349 0.767666 0.921984 0.822282 0.855644 0.680820 0.770497 0.934617 0.938091 0.656265 0.562536 0.781166 0.766456 0.967723 0.881682 0.538874 0.710646 0.833073 0.862062 0.962399 0.981063 0.988132 0.873740 0.991682 0.869454 0.873498 0.927025 0.865660 0.814469 0.485727 0.463253 0.572469 0.470888 0.970324 0.833390 0.789366 0.894459 0.548675 0.550808 0.612115 0.559632 0.632718 0.633681 0.846438 0.555385 0.730207 0.757973 0.954403 0.978685 0.942932 0.751626 0.617294 0.718884 0.823529 0.844071
0.734363 0.765441 0.782925 0.792584 0.769257 0.656993 0.556035 0.545399 0.435750 0.000000 0.693597 0.700503 0.687279 0.665046 0.615758 0.515674 0.687169 0.593693 0.679850 0.740093 0.944625 0.889029 0.734035 0.973370 0.794932 0.964479 0.943134 0.910802 0.641371 0.553891 0.715495 0.681681 0.708371 0.606096 0.944877 0.983041 0.750919 0.894693 0.898791 0.962801 0.838289 0.988734 0.547231 0.585266 0.542960 0.571057 0.923278 0.698853 0.872511 0.817480 0.677352 0.625748 0.653060 0.538866 0.784192 0.987455 0.711637 0.803274 0.663010 0.921644 0.610643 0.816576 0.714056 0.700630 0.992039 0.861518 0.674818 0.714412 0.930292 0.909634 0.524969 0.446432 0.822045 0.764058 0.945542 0.827639 0.545702 0.591118 0.682666 0.719754 0.819297 0.978510 0.909240 0.984870 0.954036 0.830425 0.912761 0.876838 0.788499 0.694203 0.411000 0.473888 0.449329 0.477410 0.846590 0.963045 0.652985 0.880504 0.510082 0.523881 0.636760 0.569858 0.565380 0.693698 0.894509 0.583611 0.768570 0.628471 0.987674 0.984921 0.778546 0.664803 0.639526 0.710925 0.733126 0.778533
0.409065 0.709573 0.544627 0.411442 0.879078 0.555410 0.344809 0.299666 0.656243 0.693597 0.000000 0.450016 0.343117 0.320165 0.773380 0.549414 0.641721 0.576303 0.268668 0.378778 0.946206 0.845848 0.612907 0.614119 0.988851 0.689981 0.889494 0.915722 0.544768 0.574381 0.480728 0.435477 0.364120 0.315545 0.694680 0.846732 0.695666 0.958909 0.806257 0.905721 0.905312 0.968536 0.473273 0.513095 0.536594 0.628663 0.499720 0.526047 0.911138 0.788789 0.765881 0.842218 0.829176 0.801232 0.791092 0.794652 0.641454 0.840421 0.548764 0.871404 0.312065 0.679486 0.384574 0.686227 0.724803 0.501796 0.369207 0.382303 0.979993 0.966902 0.548562 0.624801 0.791544 0.688391 0.944998 0.702704 0.581674 0.607643 0.820814 0.733349 0.657468 0.575651 0.826210 0.834901 0.636472 0.643496 0.903930 0.844226 0.879678 0.874987 0.509244 0.676236 0.639780 0.735744 0.828280 0.701799 0.866406 0.889800 0.497096 0.435746 0.503168 0.559638 0.658064 0.581600 0.783000 0.739222 0.956760 0.836373 0.862399 0.940443 0.926512 0.770768 0.658422 0.993357 0.897133 0.862211
0.356705 0.391654 0.921553 0.722537 0.843602 0.544226 0.594318 0.426449 0.759623 0.700503 0.450016 0.000000 0.655645 0.535836 0.996586 0.578693 0.384810 0.319300 0.491205 0.386485 0.857953 0.879764 0.905550 0.842962 0.871471 0.885590 0.939115 0.994323 0.437302 0.372461 0.703338 0.644095 0.440536 0.454169 0.879161 0.861139 0.615757 0.815251 0.855058 0.860219 0.696331 0.870096 0.617515 0.575462 0.433977 0.496380 0.669720 0.589936 0.690716 0.657290 0.667425 0.702743 0.816781 0.765884 0.892429 0.828829 0.384187 0.453519 0.536843 0.659143 0.467912 0.383659 0.479399 0.385259 0.961139 0.579955 0.544117 0.493197 0.707362 0.534713 0.743804 0.708552 0.678460 0.581626 0.888861 0.716597 0.688226 0.772816 0.608009 0.597873 0.355077 0.402926 0.704231 0.603218 0.885788 0.787169 0.997835 0.971694 0.933318 0.891190 0.622309 0.866614 0.693448 0.865722 0.702532 0.880691 0.715528 0.791687 0.491143 0.557519 0.610735 0.645452 0.560437 0.601602 0.801817 0.777405 0.927143 0.900988 0.911168 0.914328 0.868516 0.699919 0.806335 0.880168 0.773070 0.913172
0.528174 0.854551 0.407359 0.363328 0.756936 0.649680 0.326482 0.375548 0.650228 0.687279 0.343117 0.655645 0.000000 0.306570 0.454299 0.448203 0.853861 0.729178 0.324918 0.448850 0.818608 0.959901 0.398689 0.485372 0.843869 0.683884 0.894429 0.831980 0.685327 0.704946 0.483161 0.443504 0.401073 0.355743 0.641689 0.783393 0.831677 0.999156 0.855208 0.984483 0.984457 0.867992 0.439266 0.491311 0.700114 0.780618 0.481403 0.566405 0.870573 0.973619 0.890620 0.892329 0.918265 0.783327 0.747451 0.914942 0.793270 0.994120 0.513531 0.933042 0.339862 0.949218 0.370486 0.845254 0.513008 0.544724 0.342204 0.488318 0.928462 0.975443 0.446635 0.550945 0.917139 0.842646 0.952355 0.680151 0.558738 0.550953 0.989752 0.818789 0.860694 0.802428 0.743835 0.876233 0.485902 0.572248 0.755490 0.865235 0.818484 0.926263 0.475484 0.548965 0.630704 0.589865 0.890365 0.758052 0.908156 0.889540 0.476818 0.456497 0.586162 0.559382 0.657766 0.583037 0.763595 0.677915 0.910788 0.705589 0.815029 0.894450 0.999322 0.769207 0.757065 0.897883 0.941698 0.834298
0.460532 0.693386 0.500907 0.364782 0.807138 0.706147 0.345230 0.305075 0.730280 0.665046 0.320165 0.535836 0.306570 0.000000 0.572211 0.397090 0.738248 0.572594 0.292038 0.351103 0.887231 0.948893 0.481078 0.473418 0.850928 0.724859 0.989873 0.841372 0.575310 0.555206 0.398464 0.362643 0.302707 0.283409 0.640420 0.721891 0.642573 0.977930 0.753450 0.906552 0.994203 0.892123 0.446540 0.507199 0.612524 0.702547 0.561031 0.545073 0.937011 0.912688 0.760842 0.820256 0.879093 0.788110 0.878062 0.933348 0.641482 0.820716 0.518436 0.897422 0.354598 0.808228 0.344098 0.703091 0.630930 0.474061 0.335129 0.385457 0.958785 0.916302 0.516937 0.511630 0.848005 0.700607 0.849167 0.619667 0.569579 0.588961 0.798602 0.755351 0.703212 0.646764 0.622074 0.853952 0.510886 0.493899 0.833753 0.825167 0.786359 0.828581 0.459584 0.661512 0.583404 0.719973 0.831110 0.658354 0.824184 0.861700 0.445374 0.446673 0.468881 0.567761 0.662742 0.676268 0.717418 0.704104 0.998011 0.756528 0.756793 0.933917 0.885009 0.816566 0.721069 0.978393 0.901680 0.879441
0.881307 0.911015 0.510185 0.571461 0.744963 0.875243 0.530527 0.674002 0.699926 0.615758 0.773380 0.996586 0.454299 0.572211 0.000000 0.525034 0.896435 0.985009 0.697559 0.807507 0.840194 0.939035 0.427134 0.665817 0.802444 0.776468 0.780383 0.743716 0.924724 0.919622 0.599707 0.675140 0.699722 0.684359 0.761062 0.837573 0.960608 0.995900 0.914008 0.950279 0.906695 0.800491 0.605444 0.718288 0.849169 0.909700 0.815653 0.785213 0.774985 0.885518 0.935980 0.882033 0.905787 0.747213 0.970881 0.865035 0.974900 0.868482 0.669344 0.941870 0.606490 0.794854 0.696391 0.961714 0.489213 0.769823 0.555020 0.732752 0.727277 0.864632 0.533460 0.514372 0.932044 0.953151 0.978079 0.840484 0.599474 0.675198 0.993812 0.995135 0.836535 0.802293 0.802979 0.768559 0.561188 0.745017 0.690247 0.916846 0.967816 0.953235 0.525735 0.494110 0.623087 0.497003 0.929131 0.914662 0.944829 0.858403 0.646671 0.658330 0.829616 0.642456 0.762202 0.780269 0.796945 0.655900 0.779860 0.651136 0.895176 0.742599 0.939359 0.810179 0.884320 0.880836 0.964220 0.895663
0.525086 0.646466 0.613531 0.559592 0.735528 0.567244 0.430848 0.421411 0.582611 0.515674 0.549414 0.578693 0.448203 0.397090 0.525034 0.000000 0.697992 0.549671 0.487788 0.476874 0.763227 0.915689 0.562106 0.675543 0.899569 0.666844 0.920961 0.874674 0.572762 0.522157 0.539430 0.486608 0.421378 0.433333 0.791741 0.750083 0.677064 0.847568 0.932527 0.894353 0.993131 0.927811 0.447381 0.524037 0.571608 0.610671 0.691945 0.608253 0.944793 0.857667 0.684472 0.701483 0.832992 0.673994 0.959800 0.999890 0.625112 0.757983 0.531592 0.803072 0.436835 0.731186 0.573029 0.715372 0.704880 0.544735 0.467868 0.516125 0.898459 0.865128 0.575203 0.517829 0.855080 0.757743 0.866498 0.708621 0.558429 0.719059 0.730212 0.638614 0.673718 0.747543 0.712976 0.946725 0.632052 0.681219 0.837791 0.992560 0.972016 0.878709 0.412292 0.623806 0.535303 0.586814 0.812041 0.900048 0.683497 0.813370 0.422644 0.537544 0.532586 0.550229 0.604032 0.713270 0.822309 0.774138 0.823817 0.749672 0.867691 0.910525 0.824439 0.622741 0.688469 0.892189 0.860675 0.944143
0.382426 0.283249 0.822427 0.980476 0.985243 0.657030 0.820040 0.616924 0.836399 0.687169 0.641721 0.384810 0.853861 0.738248 0.896435 0.697992 0.000000 0.280262 0.692912 0.576374 0.900485 0.878764 0.862235 0.941912 0.848496 0.883665 0.917784 0.948523 0.459885 0.317499 0.881490 0.766448 0.662249 0.617244 0.873759 0.986764 0.744814 0.758140 0.885453 0.661986 0.741017 0.795498 0.727964 0.617060 0.537301 0.539904 0.832760 0.777471 0.668663 0.682419 0.642130 0.673947 0.867156 0.819148 0.966329 0.831033 0.282026 0.306630 0.715257 0.708728 0.704104 0.463612 0.604637 0.321725 0.676933 0.802296 0.782577 0.705745 0.617993 0.592093 0.821342 0.794460 0.744627 0.662141 0.899180 0.677106 0.800904 0.820701 0.613707 0.592992 0.277353 0.476457 0.764456 0.543917 0.849697 0.958381 0.875344 0.883259 0.914510 0.932274 0.738005 0.962731 0.776649 0.987705 0.661464 0.938742 0.678576 0.766951 0.609525 0.613063 0.762950 0.771478 0.627651 0.653979 0.785753 0.905883 0.871176 0.914915 0.996406 0.844210 0.828097 0.572911 0.801603 0.850614 0.778704 0.833709
0.372346 0.286652 0.955121 0.832848 0.916574 0.594450 0.668249 0.491782 0.797270 0.593693 0.576303 0.319300 0.729178 0.572594 0.985009 0.549671 0.280262 0.000000 0.554832 0.498879 0.871905 0.977068 0.992550 0.929902 0.851182 0.964961 0.937595 0.939946 0.434795 0.273197 0.744561 0.604380 0.514681 0.524592 0.951942 0.888625 0.679772 0.835365 0.931772 0.751070 0.815044 0.869016 0.600680 0.534158 0.448708 0.440979 0.766316 0.646710 0.718313 0.672490 0.637861 0.620806 0.839088 0.785320 0.985618 0.888468 0.265843 0.332503 0.679824 0.748969 0.586134 0.469340 0.532080 0.307858 0.814019 0.686296 0.624584 0.599522 0.700179 0.576020 0.704372 0.690101 0.744008 0.614514 0.879547 0.691822 0.695367 0.701819 0.461091 0.507531 0.265393 0.455067 0.693891 0.603601 0.948194 0.871468 0.927058 0.885722 0.998941 0.946660 0.594915 0.849126 0.639872 0.866067 0.751173 0.882688 0.598384 0.857362 0.480232 0.519519 0.614416 0.674721 0.552386 0.647684 0.735539 0.799637 0.845351 0.936081 0.971195 0.866272 0.865965 0.564192 0.740762 0.853053 0.753418 0.872908
0.418878 0.668732 0.442331 0.325320 0.861227 0.555361 0.276623 0.242431 0.719696 0.679850 0.268668 0.491205 0.324918 0.292038 0.697559 0.487788 0.692912 0.554832 0.000000 0.337034 0.942885 0.896248 0.506504 0.477257 0.854141 0.643442 0.949878 0.890724 0.568611 0.585478 0.393228 0.334868 0.309241 0.271238 0.682584 0.829172 0.755838 0.989211 0.814064 0.963097 0.945098 0.876160 0.392884 0.435715 0.533803 0.596997 0.491095 0.464742 0.934404 0.813251 0.835465 0.857605 0.916952 0.883607 0.767703 0.841419 0.624723 0.844704 0.578545 0.927079 0.377313 0.760139 0.433869 0.761119 0.671751 0.470059 0.339804 0.359441 0.988199 0.927318 0.526710 0.591031 0.851932 0.685523 0.834492 0.662458 0.575284 0.612185 0.756956 0.690576 0.707844 0.563362 0.724159 0.928168 0.565615 0.584344 0.868560 0.824643 0.825817 0.877872 0.476082 0.654833 0.609613 0.753907 0.837254 0.760486 0.816990 0.915137 0.417904 0.394747 0.510717 0.517158 0.645266 0.589364 0.722551 0.758372 0.960074 0.827853 0.893594 0.872049 0.954364 0.694838 0.648021 0.937798 0.935297 0.928031
0.383774 0.525663 0.652269 0.470517 0.877054 0.579704 0.441180 0.315326 0.706144 0.740093 0.378778 0.386485 0.448850 0.351103 0.807507 0.476874 0.576374 0.498879 0.337034 0.000000 0.854449 0.994656 0.683927 0.585767 0.870245 0.713682 0.918014 0.874299 0.457682 0.546890 0.544406 0.443585 0.315336 0.346941 0.793554 0.827123 0.671984 0.968673 0.839224 0.871001 0.886611 0.970333 0.479405 0.488518 0.533263 0.574405 0.516876 0.537473 0.781238 0.728628 0.719401 0.800240 0.833876 0.840883 0.832130 0.828108 0.523502 0.641240 0.526218 0.769147 0.457508 0.584235 0.468101 0.669525 0.781767 0.517688 0.472201 0.449226 0.756064 0.761012 0.612840 0.649172 0.730586 0.605558 0.814955 0.626168 0.595101 0.658313 0.779312 0.678605 0.561849 0.437825 0.619861 0.784860 0.639978 0.600578 0.804766 0.784084 0.889152 0.845186 0.568750 0.802808 0.705670 0.860368 0.763356 0.871291 0.819619 0.840164 0.466711 0.433300 0.590628 0.615804 0.599511 0.596861 0.686666 0.771878 0.954660 0.897517 0.817039 0.996864 0.906031 0.682660 0.713443 0.929290 0.905827 0.971088
0.917407 0.937975 0.885333 0.946369 0.833794 0.810865 0.868472 0.922132 0.878048 0.944625 0.946206 0.857953 0.818608 0.887231 0.840194 0.763227 0.900485 0.871905 0.942885 0.854449 0.000000 0.930334 0.885265 0.918625 0.976911 0.946986 0.922862 0.909985 0.989813 0.910710 0.884149 0.953896 0.816871 0.817182 0.976454 0.831333 0.850491 0.828859 0.963911 0.783865 0.880486 0.989573 0.914637 0.948951 0.951285 0.975427 0.959935 0.913423 0.927418 0.918430 0.963781 0.911950 0.981246 0.842465 0.902087 0.969519 0.998333 0.945760 0.759431 0.754611 0.757473 0.905360 0.921327 0.932542 0.806428 0.789290 0.803136 0.814579 0.917003 0.984151 0.745826 0.930214 0.978401 0.881155 0.927581 0.811630 0.905828 0.832455 0.971461 0.869534 0.863026 0.963491 0.977401 0.965108 0.882771 0.842350 0.872089 0.856711 0.921591 0.916515 0.854568 0.858715 0.891717 0.762220 0.990885 0.862419 0.876432 0.971322 0.766826 0.924346 0.831160 0.955601 0.962675 0.923164 0.911437 0.805341 0.885776 0.946664 0.988580 0.981086 0.838916 0.765392 0.990477 0.998349 0.871635 0.907908
0.929267 0.934683 0.992459 0.973899 0.904874 0.889168 0.888816 0.896704 0.917964 0.889029 0.845848 0.879764 0.959901 0.948893 0.939035 0.915689 0.878764 0.977068 0.896248 0.994656 0.930334 0.000000 0.979273 0.911992 0.874650 0.821322 0.787028 0.858434 0.870827 0.907301 0.946084 0.954691 0.933841 0.954691 0.995655 0.983032 0.911736 0.830653 0.956549 0.876838 0.896295 0.987073 0.862430 0.953998 0.926638 0.907656 0.935486 0.977904 0.872136 0.858087 0.985267 0.998717 0.910907 0.955978 0.981109 0.844152 0.969875 0.988979 0.942466 0.991401 0.940465 0.880688 0.994681 0.998327 0.991452 0.960401 0.946927 0.903688 0.947386 0.955791 0.973351 0.957430 0.821181 0.990341 0.903544 0.999995 0.983746 0.870793 0.926487 0.981263 0.930121 0.996246 0.853291 0.981340 0.968919 0.867387 0.958711 0.948632 0.921098 0.821986 0.978942 0.975704 0.971148 0.928830 0.935701 0.890302 0.998021 0.975091 0.964481 0.985597 0.913501 0.833992 0.940600 0.933132 0.798172 0.984926 0.904767 0.957059 0.985147 0.899085 0.998631 0.894884 0.894421 0.948450 0.904193 0.946802
0.879785 0.868773 0.308445 0.329906 0.818296 0.875448 0.359305 0.486678 0.772822 0.734035 0.612907 0.905550 0.398689 0.481078 0.427134 0.562106 0.862235 0.992550 0.506504 0.683927 0.885265 0.979273 0.000000 0.402300 0.601551 0.619161 0.832313 0.907509 0.937556 0.911164 0.411151 0.457760 0.481901 0.479657 0.562106 0.648831 0.857393 0.982855 0.786399 0.885887 0.979173 0.685994 0.616383 0.728815 0.884408 0.968221 0.660770 0.684638 0.715679 0.836638 0.952098 0.935585 0.977903 0.804021 0.904443 0.945055 0.888239 0.794143 0.661107 0.877533 0.482498 0.967947 0.618880 0.916982 0.366225 0.454906 0.401811 0.447087 0.711590 0.761298 0.555384 0.575844 0.933842 0.963027 0.898665 0.815320 0.677492 0.684603 0.934025 0.877868 0.863289 0.980587 0.758563 0.737421 0.364343 0.510247 0.738807 0.823715 0.802906 0.824997 0.588807 0.600006 0.663481 0.630779 0.925881 0.873187 0.994633 0.901621 0.719436 0.625279 0.706088 0.579712 0.901527 0.783081 0.818912 0.697756 0.967832 0.733201 0.927903 0.754659 0.964182 0.974683 0.884334 0.988784 0.970176 0.815516
0.843716 0.945877 0.426740 0.295771 0.957005 0.806332 0.476465 0.497706 0.945447 0.973370 0.614119 0.842962 0.485372 0.473418 0.665817 0.675543 0.941912 0.929902 0.477257 0.585767 0.918625 0.911992 0.402300 0.000000 0.488190 0.623188 0.864784 0.811276 0.904802 0.879846 0.447076 0.432912 0.489110 0.475454 0.662904 0.765948 0.942457 0.944221 0.707736 0.971789 0.876841 0.665622 0.636889 0.694472 0.865120 0.941038 0.611662 0.663301 0.862747 0.921635 0.967280 0.933168 0.874450 0.980711 0.726797 0.953933 0.962734 0.892990 0.805780 0.908976 0.628326 0.964893 0.697431 0.897097 0.477354 0.445824 0.511181 0.476877 0.893997 0.782236 0.726679 0.788657 0.956428 0.915072 0.843403 0.796828 0.806659 0.775386 0.926238 0.829572 0.976277 0.764660 0.653367 0.971042 0.420925 0.350989 0.759897 0.565715 0.683545 0.694285 0.801145 0.861676 0.882603 0.964329 0.925003 0.864018 0.957112 0.987060 0.740469 0.689078 0.738689 0.750506 0.966626 0.824116 0.828647 0.947189 0.885798 0.986733 0.820458 0.818782 0.894978 0.943957 0.972353 0.946509 0.978340 0.739361
0.987345 0.971967 0.696139 0.661157 0.997335 0.995853 0.847649 0.868493 0.870533 0.794932 0.988851 0.871471 0.843869 0.850928 0.802444 0.899569 0.848496 0.851182 0.854141 0.870245 0.976911 0.874650 0.601551 0.488190 0.000000 0.691473 0.737453 0.991753 0.782819 0.923378 0.671717 0.644328 0.797795 0.838287 0.787817 0.748370 0.936597 0.994912 0.789384 0.992728 0.933339 0.726648 0.967719 0.996672 0.794249 0.805548 0.861003 0.969213 0.816758 0.766008 0.876597 0.703140 0.668623 0.726438 0.964258 0.855955 0.940301 0.949946 0.973923 0.924059 0.905698 0.962289 0.955489 0.815928 0.587874 0.685154 0.831431 0.785811 0.916627 0.716617 0.994381 0.958169 0.807271 0.810976 0.847580 0.907136 0.999273 0.998887 0.821095 0.908635 0.899624 0.885668 0.656664 0.897655 0.517707 0.536841 0.814763 0.781433 0.699225 0.677216 0.839963 0.813708 0.866210 0.769175 0.932030 0.958884 0.968429 0.926422 0.943011 0.999444 0.922161 0.977427 0.836610 0.894204 0.911704 0.878906 0.859135 0.936906 0.909653 0.913785 0.928738 0.979828 0.796343 0.858273 0.892944 0.787427
0.884793 0.966854 0.486553 0.506617 0.958639 0.781077 0.549812 0.583513 0.826054 0.964479 0.689981 0.885590 0.683884 0.724859 0.776468 0.666844 0.883665 0.964961 0.643442 0.713682 0.946986 0.821322 0.619161 0.623188 0.691473 0.000000 0.963569 0.967205 0.872553 0.990196 0.627686 0.621650 0.649853 0.707324 0.829240 0.725319 0.917813 0.897384 0.935958 0.997111 0.873515 0.877349 0.651299 0.809409 0.758841 0.762566 0.690506 0.746069 0.837360 0.882269 0.853994 0.991254 0.938535 0.992820 0.689859 0.951035 0.997231 0.896963 0.801075 0.913397 0.644197 0.869385 0.908378 0.819556 0.520842 0.557222 0.616342 0.610081 0.864964 0.783733 0.861559 0.809737 0.957535 0.901504 0.875797 0.986887 0.843372 0.804206 0.935301 0.879745 0.967438 0.816212 0.821557 0.918602 0.579127 0.656813 0.782988 0.774254 0.863124 0.992958 0.795392 0.875924 0.845929 0.867987 0.982110 0.923188 0.963512 0.951802 0.843105 0.776498 0.741142 0.830312 0.913795 0.932318 0.850569 0.918077 0.954744 0.998421 0.849781 0.925801 0.976826 0.881826 0.920537 0.926923 0.947170 0.830785
0.998671 0.987821 0.987146 0.983753 0.990358 0.981065 0.931615 0.889766 0.959842 0.943134 0.889494 0.939115 0.894429 0.989873 0.780383 0.920961 0.917784 0.937595 0.949878 0.918014 0.922862 0.787028 0.832313 0.864784 0.737453 0.963569 0.000000 0.722749 0.894846 0.949494 0.988296 0.972537 0.930037 0.967106 0.834315 0.867482 0.918738 0.915133 0.996469 0.948495 0.888830 0.985863 0.863700 0.927823 0.814387 0.837255 0.884939 0.871616 0.721591 0.758656 0.966292 0.845704 0.757359 0.916204 0.953597 0.872369 0.960670 0.965490 0.922574 0.861692 0.926430 0.958126 0.926798 0.967672 0.855210 0.869074 0.931483 0.988953 0.970966 0.969154 0.953646 0.902736 0.790350 0.788957 0.882503 0.987498 0.919806 0.866022 0.907664 0.959434 0.977066 0.923972 0.753522 0.719206 0.776023 0.786667 0.803941 0.974910 0.716639 0.891321 0.890976 0.899286 0.891431 0.976276 0.942014 0.895789 0.968642 0.759458 0.999613 0.999364 0.933027 0.916994 0.925015 0.974395 0.948606 0.947647 0.859010 0.836633 0.897388 0.833087 0.948399 0.979818 0.753339 0.886885 0.908478 0.964477
0.917563 0.951592 0.918758 0.809774 0.981050 0.825573 0.933565 0.922281 0.788280 0.910802 0.915722 0.994323 0.831980 0.841372 0.743716 0.874674 0.948523 0.939946 0.890724 0.874299 0.909985 0.858434 0.907509 0.811276 0.991753 0.967205 0.722749 0.000000 0.914686 0.930760 0.789138 0.962159 0.926345 0.929387 0.725205 0.845588 0.958650 0.932160 0.963537 0.871601 0.963148 0.983974 0.884624 0.833189 0.995393 0.991822 0.959964 0.957296 0.883139 0.910016 0.962255 0.879605 0.978750 0.988606 0.968166 0.990791 0.960467 0.871833 0.860177 0.838706 0.990465 0.801210 0.942827 0.866514 0.889878 0.992741 0.876075 0.988462 0.946416 0.991514 0.870406 0.816368 0.881487 0.873060 0.814161 0.988512 0.759262 0.970073 0.897004 0.863564 0.888162 0.892181 0.957980 0.810660 0.886158 0.919465 0.896032 0.903161 0.968217 0.944121 0.826392 0.829188 0.854994 0.774538 0.876559 0.935648 0.980206 0.749795 0.840920 0.859296 0.851636 0.819747 0.778322 0.749516 0.860211 0.922881 0.938611 0.813498 0.939154 0.748500 0.953482 0.943603 0.960013 0.880331 0.879187 0.982698
0.527568 0.494509 0.868755 0.722069 0.933157 0.742263 0.607662 0.472073 0.718974 0.641371 0.544768 0.437302 0.685327 0.575310 0.924724 0.572762 0.459885 0.434795 0.568611 0.457682 0.989813 0.870827 0.937556 0.904802 0.782819 0.872553 0.894846 0.914686 0.000000 0.423024 0.732271 0.700153 0.536643 0.576993 0.941368 0.943501 0.667445 0.884315 0.923071 0.722955 0.831249 0.943372 0.638808 0.600173 0.453817 0.476698 0.760170 0.629888 0.627369 0.608840 0.558969 0.592675 0.670126 0.674883 0.883461 0.747217 0.488066 0.536494 0.544521 0.725460 0.569853 0.528135 0.565762 0.542367 0.938981 0.726640 0.638982 0.618636 0.834306 0.581354 0.768239 0.667230 0.547860 0.541326 0.840990 0.661865 0.677946 0.748016 0.604391 0.708672 0.528730 0.594344 0.733401 0.647282 0.937555 0.865302 0.934452 0.976721 0.966703 0.930986 0.576199 0.856023 0.700731 0.817891 0.701720 0.874479 0.659142 0.953201 0.598323 0.557916 0.662051 0.733129 0.594425 0.699051 0.745901 0.906584 0.838557 0.791809 0.686218 0.946664 0.785580 0.773041 0.717113 0.764600 0.887572 0.976551
0.448531 0.326119 0.992760 0.830032 0.864469 0.653754 0.661372 0.506526 0.771915 0.553891 0.574381 0.372461 0.704946 0.555206 0.919622 0.522157 0.317499 0.273197 0.585478 0.546890 0.910710 0.907301 0.911164 0.879846 0.923378 0.990196 0.949494 0.930760 0.423024 0.000000 0.725003 0.624508 0.516477 0.504564 0.915186 0.917214 0.713931 0.822295 0.802291 0.724073 0.774026 0.893807 0.637660 0.582174 0.511889 0.521914 0.782552 0.670335 0.768672 0.717131 0.562651 0.585353 0.835901 0.713615 0.993509 0.900596 0.335541 0.370375 0.647809 0.641544 0.553563 0.473700 0.481976 0.322005 0.864116 0.654488 0.649949 0.586772 0.731605 0.651585 0.715859 0.721893 0.743627 0.667710 0.885736 0.689778 0.730166 0.715634 0.525808 0.478143 0.310135 0.516372 0.691607 0.596423 0.981092 0.798403 0.917688 0.922186 0.956041 0.909797 0.618448 0.860988 0.664780 0.890940 0.677731 0.867233 0.607398 0.878791 0.502697 0.598059 0.688332 0.704193 0.591914 0.736650 0.832107 0.826803 0.836176 0.861778 0.987954 0.819880 0.745469 0.602950 0.814590 0.787069 0.724156 0.959122
0.679834 0.899851 0.385309 0.319383 0.831389 0.743147 0.371093 0.389786 0.746642 0.715495 0.480728 0.703338 0.483161 0.398464 0.599707 0.539430 0.881490 0.744561 0.393228 0.544406 0.884149 0.946084 0.411151 0.447076 0.671717 0.627686 0.988296 0.789138 0.732271 0.725003 0.000000 0.392643 0.401618 0.395917 0.632093 0.741663 0.745453 0.971910 0.801329 0.949859 0.939727 0.799802 0.606883 0.642212 0.704102 0.800823 0.742763 0.688014 0.938360 0.966129 0.857787 0.966759 0.971151 0.918355 0.926908 0.956977 0.802969 0.948698 0.651802 0.902855 0.471409 0.872689 0.595544 0.931191 0.572380 0.504105 0.440933 0.427827 0.940850 0.975162 0.567196 0.490552 0.843469 0.651029 0.796205 0.715894 0.647229 0.744731 0.802316 0.771212 0.916250 0.816088 0.726204 0.936389 0.524627 0.558092 0.832329 0.800677 0.844254 0.882214 0.601571 0.731533 0.617302 0.795934 0.944102 0.850614 0.787264 0.912935 0.654501 0.564254 0.482944 0.601380 0.824447 0.786702 0.704787 0.825488 0.921310 0.771654 0.875810 0.889786 0.915309 0.889740 0.821099 0.944794 0.971776 0.913224
0.551664 0.729118 0.431521 0.345001 0.884785 0.614184 0.328283 0.316203 0.756565 0.681681 0.435477 0.644095 0.443504 0.362643 0.675140 0.486608 0.766448 0.604380 0.334868 0.443585 0.953896 0.954691 0.457760 0.432912 0.644328 0.621650 0.972537 0.962159 0.700153 0.624508 0.392643 0.000000 0.390563 0.337709 0.707867 0.724798 0.767830 0.893350 0.759738 0.971083 0.920235 0.793520 0.462377 0.459902 0.589230 0.646963 0.537022 0.477933 0.909465 0.830697 0.750878 0.812986 0.919629 0.848508 0.828908 0.995640 0.690359 0.860910 0.649619 0.879248 0.459982 0.778672 0.552812 0.849493 0.606889 0.458509 0.388878 0.395076 0.963547 0.941124 0.655422 0.593756 0.869630 0.726242 0.876315 0.666485 0.580184 0.592173 0.741952 0.605278 0.772464 0.628431 0.617817 0.883301 0.565280 0.525308 0.815203 0.799767 0.910939 0.801750 0.536418 0.699956 0.652437 0.784411 0.812048 0.792681 0.857418 0.881560 0.555055 0.482616 0.601193 0.562239 0.763521 0.691176 0.753271 0.793220 0.957747 0.863784 0.990512 0.972673 0.819441 0.790514 0.812386 0.999672 0.929781 0.912296
0.438567 0.638267 0.530102 0.394473 0.814614 0.631797 0.343761 0.272489 0.708379 0.708371 0.364120 0.440536 0.401073 0.302707 0.699722 0.421378 0.662249 0.514681 0.309241 0.315336 0.816871 0.933841 0.481901 0.489110 0.797795 0.649853 0.930037 0.926345 0.536643 0.516477 0.401618 0.390563 0.000000 0.319167 0.681677 0.692603 0.608536 0.819152 0.746945 0.854488 0.904947 0.898669 0.474725 0.546572 0.543903 0.635818 0.531290 0.598065 0.947953 0.875438 0.731101 0.828309 0.901040 0.833296 0.908714 0.850532 0.611664 0.734742 0.482018 0.749317 0.322601 0.612394 0.387689 0.650593 0.647274 0.365291 0.332438 0.305157 0.965694 0.868708 0.556767 0.532387 0.780425 0.653964 0.840533 0.683026 0.587405 0.694475 0.739955 0.633994 0.617547 0.544009 0.648700 0.845642 0.520344 0.499881 0.859782 0.837229 0.881781 0.857254 0.509482 0.752018 0.614333 0.815978 0.865782 0.783681 0.768517 0.896886 0.464649 0.474816 0.525355 0.569885 0.644481 0.670998 0.724128 0.785041 0.963029 0.857076 0.821060 0.977629 0.966090 0.746533 0.737264 0.877631 0.963348 0.873572
0.444831 0.645449 0.479585 0.362427 0.823980 0.538420 0.298080 0.261202 0.635053 0.606096 0.315545 0.454169 0.355743 0.283409 0.684359 0.433333 0.617244 0.524592 0.271238 0.346941 0.817182 0.954691 0.479657 0.475454 0.838287 0.707324 0.967106 0.929387 0.576993 0.504564 0.395917 0.337709 0.319167 0.000000 0.719757 0.824671 0.658776 0.861254 0.653573 0.937539 0.945478 0.810495 0.432054 0.431068 0.525150 0.612702 0.524232 0.483576 0.935545 0.824960 0.723906 0.731533 0.844326 0.731772 0.857315 0.998741 0.614046 0.802274 0.543605 0.773271 0.339111 0.685644 0.424939 0.697268 0.668880 0.401935 0.347319 0.321323 0.917300 0.925445 0.527757 0.571976 0.796552 0.672270 0.827609 0.590726 0.630669 0.580454 0.762593 0.626815 0.658463 0.550179 0.665020 0.827887 0.561244 0.542255 0.874123 0.835720 0.843281 0.857169 0.471631 0.665616 0.590111 0.713974 0.803922 0.772562 0.825984 0.852041 0.433669 0.431676 0.509086 0.541599 0.691098 0.608109 0.701417 0.720755 0.935708 0.784496 0.856068 0.924580 0.946206 0.695154 0.694932 0.976956 0.839128 0.932100
0.806169 0.849373 0.618732 0.586475 0.854549 0.939265 0.709592 0.764369 0.947708 0.944877 0.694680 0.879161 0.641689 0.640420 0.761062 0.791741 0.873759 0.951942 0.682584 0.793554 0.976454 0.995655 0.562106 0.662904 0.787817 0.829240 0.834315 0.725205 0.941368 0.915186 0.632093 0.707867 0.681677 0.719757 0.000000 0.762146 0.722465 0.922520 0.881541 0.996318 0.885566 0.969535 0.856652 0.863511 0.977198 0.910181 0.775620 0.906443 0.707812 0.841640 0.898332 0.884129 0.957298 0.945286 0.892326 0.904675 0.924900 0.858663 0.673181 0.953432 0.688889 0.959069 0.697633 0.975389 0.593480 0.683940 0.528481 0.597548 0.753643 0.913121 0.795034 0.733529 0.929331 0.861234 0.934422 0.908141 0.831018 0.934877 0.978412 0.951729 0.928000 0.997999 0.881538 0.845087 0.575570 0.684778 0.788678 0.942165 0.795998 0.870868 0.702787 0.842909 0.749625 0.736517 0.957170 0.813724 0.930531 0.870809 0.861530 0.854466 0.799632 0.727713 0.930013 0.840039 0.806090 0.792534 0.841719 0.741848 0.834194 0.880985 0.982840 0.826486 0.968193 0.923371 0.909436 0.758798
0.895139 0.971119 0.765076 0.741600 0.920578 0.945121 0.774213 0.795823 0.873250 0.983041 0.846732 0.861139 0.783393 0.721891 0.837573 0.750083 0.986764 0.888625 0.829172 0.827123 0.831333 0.983032 0.648831 0.765948 0.748370 0.725319 0.867482 0.845588 0.943501 0.917214 0.741663 0.724798 0.692603 0.824671 0.762146 0.000000 0.829916 0.860854 0.925971 0.914242 0.833073 0.917348 0.959511 0.965702 0.941729 0.961413 0.806590 0.935166 0.845188 0.929178 0.897026 0.956972 0.943867 0.981159 0.923683 0.909567 0.998580 0.925983 0.811653 0.755242 0.703459 0.819408 0.747121 0.895412 0.667544 0.586503 0.628126 0.600417 0.901820 0.958932 0.802600 0.777503 0.997914 0.868994 0.910143 0.995852 0.870914 0.958382 0.941221 0.936350 0.879675 0.854178 0.704571 0.952349 0.551574 0.568377 0.918570 0.894410 0.869066 0.889395 0.885358 0.978086 0.799614 0.960883 0.865478 0.795746 0.888648 0.750215 0.969505 0.963650 0.886586 0.818878 0.978892 0.882417 0.808768 0.830469 0.942403 0.995898 0.931155 0.956703 0.994190 0.983229 0.930652 0.834023 0.969593 0.954258
0.701960 0.825847 0.860677 0.814688 0.792575 0.850892 0.734676 0.676342 0.810263 0.750919 0.695666 0.615757 0.831677 0.642573 0.960608 0.677064 0.744814 0.679772 0.755838 0.671984 0.850491 0.911736 0.857393 0.942457 0.936597 0.917813 0.918738 0.958650 0.667445 0.713931 0.745453 0.767830 0.608536 0.658776 0.722465 0.829916 0.000000 0.822535 0.826696 0.766273 0.710742 0.788907 0.855205 0.853065 0.767255 0.874112 0.878501 0.929143 0.938166 0.977720 0.742084 0.856500 0.869916 0.839347 0.886982 0.978984 0.749055 0.779662 0.598629 0.771308 0.654615 0.732090 0.698281 0.732304 0.985164 0.736700 0.654792 0.581482 0.975075 0.882541 0.814172 0.643383 0.755947 0.728974 0.889456 0.749182 0.837089 0.983292 0.852743 0.823943 0.747081 0.866801 0.822361 0.759081 0.882281 0.906752 0.975046 0.932337 0.880409 0.989567 0.718409 0.866945 0.723955 0.840429 0.681961 0.848389 0.833075 0.898771 0.763333 0.818683 0.685065 0.836992 0.824316 0.908397 0.925190 0.848500 0.966231 0.764315 0.839073 0.843173 0.844684 0.955557 0.881314 0.931438 0.993768 0.984095
0.828827 0.867551 0.973458 0.977615 0.837989 0.920716 0.949352 0.924393 0.808158 0.894693 0.958909 0.815251 0.999156 0.977930 0.995900 0.847568 0.758140 0.835365 0.989211 0.968673 0.828859 0.830653 0.982855 0.944221 0.994912 0.897384 0.915133 0.932160 0.884315 0.822295 0.971910 0.893350 0.819152 0.861254 0.922520 0.860854 0.822535 0.000000 0.904910 0.827579 0.862187 0.932901 0.947349 0.999105 0.835563 0.897909 0.987738 0.990337 0.979924 0.993319 0.920574 0.924191 0.957650 0.964110 0.943755 0.974524 0.853705 0.830524 0.771760 0.687375 0.781435 0.750698 0.879039 0.751460 0.977057 0.820379 0.849704 0.817692 0.968186 0.916116 0.952514 0.873233 0.927447 0.953067 0.936924 0.932343 0.909020 0.870262 0.999823 0.914541 0.808190 0.919021 0.873848 0.981433 0.985229 0.978105 0.945498 0.785308 0.956710 0.753285 0.881387 0.968217 0.822979 0.920631 0.956681 0.957275 0.898744 0.879600 0.869626 0.969245 0.946081 0.973203 0.918922 0.941169 0.859394 0.874078 0.882991 0.927874 0.872849 0.931741 0.875005 0.820794 0.836936 0.854853 0.880246 0.962197
