0.000000 0.448794 0.877360 0.997074 0.941859 0.887496 0.851511 0.698580 0.979504 0.716818 0.630044 0.557105 0.992924 0.839111 0.978462 0.861044 0.499305 0.536570 0.666292 0.608976 0.892059 0.983418 0.834579 0.936965 0.771318 0.808383 0.847270 0.780541 0.656257 0.675738 0.924564 0.947247 0.688980 0.699394 0.963529 0.979317 0.874414 0.821533 0.972954 0.936268 0.778594 0.963452 0.831240 0.722584 0.725454 0.704171 0.838998 0.753392 0.651768 0.789874 0.733579 0.849135 0.905003 0.924731 0.951727 0.883398 0.428064 0.452525 0.661235 0.869277 0.767604 0.800152 0.544324 0.492127 0.715268 0.912418 0.903691 0.871983 0.626384 0.680921 0.802311 0.819992 0.828810 0.704357 0.977472 0.972815 0.751146 0.776237 0.886114 0.884258 0.549812 0.595168 0.925286 0.798377 0.935685 0.956350 0.988919 0.876188 0.805946 0.931653 0.743642 0.762500 0.865664 0.978927 0.882568 0.907218 0.750557 0.871405 0.501461 0.597008 0.759828 0.885798 0.618401 0.597598 0.826677 0.980129 0.950776 0.837451 0.982725 0.904269 0.728644 0.762266 0.797797 0.965471 0.997113 0.911178
0.448794 0.000000 0.662843 0.869918 0.953546 0.962243 0.905887 0.800940 0.804428 0.785401 0.756245 0.554245 0.794088 0.884093 0.781865 0.998693 0.522985 0.514893 0.751613 0.542171 0.885929 0.899647 0.729914 0.878922 0.787236 0.698827 0.924669 0.782423 0.696461 0.662290 0.885942 0.952543 0.728299 0.730143 0.929522 0.932590 0.890904 0.786918 0.897946 0.936549 0.802766 0.758378 0.935113 0.769426 0.810537 0.729272 0.993957 0.901818 0.690739 0.813935 0.824311 0.925377 0.901816 0.883122 0.955098 0.838721 0.379038 0.338541 0.830071 0.825701 0.932646 0.774119 0.700587 0.493313 0.614776 0.893413 0.998441 0.919920 0.670527 0.650186 0.724400 0.841333 0.820085 0.680159 0.973294 0.972405 0.814170 0.784423 0.871398 0.876675 0.542064 0.629572 0.907198 0.776910 0.791267 0.933444 0.971900 0.935994 0.641596 0.915246 0.825055 0.834171 0.917189 0.974662 0.878418 0.923529 0.753959 0.831069 0.589657 0.709691 0.670395 0.966082 0.715295 0.623654 0.938076 0.872543 0.925252 0.896176 0.986575 0.907407 0.759129 0.740966 0.761608 0.951863 0.937412 0.907139
0.877360 0.662843 0.000000 0.495461 0.828810 0.947341 0.506806 0.848972 0.579840 0.956395 0.964542 0.662234 0.811066 0.959198 0.689569 0.992405 0.826809 0.734446 0.829622 0.757424 0.947098 0.897087 0.473734 0.677381 0.581751 0.558927 0.955015 0.840072 0.929208 0.736088 0.548803 0.741923 0.699551 0.810241 0.632620 0.986362 0.899701 0.983315 0.657003 0.878484 0.887989 0.841465 0.713206 0.919219 0.913203 0.973338 0.680826 0.771136 0.789132 0.960438 0.959546 0.857130 0.710136 0.716136 0.737123 0.928558 0.706572 0.645496 0.735145 0.955479 0.762058 0.928908 0.979687 0.663343 0.423073 0.599618 0.550192 0.693117 0.910969 0.885577 0.990672 0.977481 0.933687 0.977557 0.866037 0.826230 0.731282 0.837141 0.901803 0.952830 0.800524 0.843626 0.932332 0.753059 0.550899 0.699614 0.973171 0.857340 0.767080 0.857064 0.877258 0.829138 0.818189 0.692445 0.975572 0.956055 0.953461 0.820840 0.938516 0.919809 0.743159 0.786864 0.989644 0.795082 0.816587 0.629036 0.997635 0.818352 0.973898 0.966774 0.968875 0.913162 0.907192 0.939467 0.848928 0.973305
0.997074 0.869918 0.495461 0.000000 0.954617 0.940474 0.649413 0.751957 0.694083 0.914846 0.831878 0.838844 0.985940 0.945922 0.828740 0.876486 0.882831 0.751389 0.822795 0.940915 0.998878 0.999773 0.506247 0.533448 0.563091 0.583818 0.956618 0.849165 0.855729 0.722904 0.546161 0.734671 0.735093 0.917227 0.672613 0.971702 0.696899 0.775318 0.691262 0.914577 0.797123 0.956150 0.823737 0.962438 0.833367 0.774953 0.813259 0.911537 0.690784 0.893782 0.983440 0.987719 0.829338 0.693509 0.722683 0.938601 0.866434 0.834515 0.762192 0.887141 0.885238 0.917125 0.984161 0.836248 0.581604 0.597149 0.696655 0.842609 0.987632 0.920150 0.807352 0.752364 0.728124 0.886066 0.908544 0.840082 0.737719 0.893312 0.804825 0.947036 0.971395 0.942328 0.906856 0.897154 0.683175 0.681049 0.906297 0.862339 0.925557 0.807292 0.827703 0.800373 0.755791 0.699169 0.863679 0.997875 0.956639 0.946110 0.902566 0.968932 0.910238 0.683508 0.949678 0.942508 0.763733 0.745280 0.968994 0.772597 0.917994 0.975146 0.967243 0.943935 0.819670 0.881611 0.943836 0.940102
0.941859 0.953546 0.828810 0.954617 0.000000 0.760903 0.855118 0.985903 0.875675 0.901458 0.789167 0.935176 0.767565 0.977489 0.898878 0.908810 0.959489 0.964788 0.941253 0.957968 0.923128 0.911388 0.899326 0.957748 0.989813 0.940071 0.890189 0.979746 0.919832 0.991014 0.939772 0.937495 0.839355 0.856504 0.812778 0.849493 0.908872 0.861576 0.985843 0.939223 0.957271 0.897473 0.945824 0.876030 0.752296 0.789650 0.945423 0.783375 0.993086 0.873022 0.993645 0.897815 0.937003 0.975004 0.974142 0.879584 0.935982 0.938655 0.839775 0.869432 0.759704 0.950508 0.968246 0.875428 0.856294 0.831694 0.702536 0.665853 0.989995 0.991030 0.943270 0.805097 0.939897 0.944979 0.978181 0.970936 0.830738 0.917260 0.961135 0.869025 0.993790 0.964464 0.968186 0.880308 0.828715 0.888027 0.954508 0.929904 0.901898 0.861833 0.964909 0.925555 0.944181 0.867037 0.992654 0.951223 0.932667 0.996886 0.913506 0.929849 0.994694 0.938089 0.930803 0.831838 0.908073 0.954479 0.931689 0.965755 0.962578 0.885418 0.849221 0.983859 0.953179 0.937960 0.963812 0.732390
0.887496 0.962243 0.947341 0.940474 0.760903 0.000000 0.871269 0.848846 0.915910 0.789661 0.761184 0.774002 0.795835 0.982503 0.971408 0.833992 0.989976 0.996456 0.965282 0.943116 0.981649 0.877765 0.872567 0.867397 0.828759 0.852005 0.832239 0.971288 0.908850 0.929917 0.957524 0.822914 0.929287 0.965683 0.972583 0.806975 0.933225 0.913149 0.996319 0.909358 0.963337 0.921708 0.893854 0.999555 0.835983 0.798312 0.979993 0.959923 0.842572 0.892892 0.950392 0.952559 0.838765 0.962916 0.989108 0.923693 0.983206 0.946374 0.825200 0.948940 0.735880 0.836226 0.870660 0.887838 0.871082 0.937052 0.944755 0.916165 0.974606 0.910643 0.971414 0.951227 0.987139 0.985024 0.862639 0.953476 0.907302 0.966598 0.992183 0.925281 0.928927 0.942147 0.854496 0.969360 0.955236 0.908070 0.941763 0.997005 0.942882 0.889791 0.872569 0.899743 0.819162 0.877907 0.993665 0.981137 0.843245 0.831767 0.780529 0.966377 0.811124 0.884695 0.977636 0.967174 0.981868 0.958927 0.810227 0.966314 0.888929 0.994023 0.893518 0.960467 0.805626 0.926055 0.980780 0.844854
0.851511 0.905887 0.506806 0.649413 0.855118 0.871269 0.000000 0.568040 0.655616 0.625853 0.682228 0.994447 0.704904 0.885561 0.766517 0.891124 0.891602 0.985067 0.574112 0.980894 0.936306 0.951235 0.633483 0.796245 0.986727 0.933279 0.755167 0.905030 0.881898 0.936288 0.692105 0.738253 0.635506 0.607206 0.839437 0.958143 0.994350 0.884080 0.772307 0.981953 0.956097 0.869423 0.668070 0.818031 0.695379 0.811946 0.637360 0.728067 0.977562 0.960699 0.800625 0.884001 0.641904 0.626505 0.852180 0.898349 0.979273 0.890725 0.615238 0.967275 0.666745 0.964723 0.598434 0.960714 0.830977 0.927116 0.525308 0.699330 0.991068 0.981410 0.838060 0.834637 0.752214 0.796384 0.891920 0.755299 0.665668 0.812522 0.787607 0.829626 0.962663 0.861066 0.916439 0.946342 0.670703 0.842765 0.960645 0.903731 0.956242 0.961546 0.605760 0.565024 0.652728 0.683013 0.980835 0.919643 0.888844 0.866197 0.760929 0.670134 0.952155 0.616934 0.776534 0.869449 0.830946 0.703569 0.968856 0.730446 0.964695 0.913653 0.861804 0.875025 0.889281 0.970483 0.958735 0.967117
0.698580 0.800940 0.848972 0.751957 0.985903 0.848846 0.568040 0.000000 0.827322 0.539607 0.674113 0.622070 0.792208 0.729169 0.954928 0.798257 0.818639 0.955617 0.608023 0.844507 0.728968 0.935892 0.980604 0.981853 0.782801 0.875966 0.655240 0.751655 0.822939 0.784563 0.925302 0.906084 0.798066 0.734418 0.978912 0.955387 0.931796 0.984419 0.867355 0.894351 0.970674 0.950585 0.842170 0.836518 0.805184 0.816338 0.863321 0.834985 0.824856 0.973330 0.718837 0.922830 0.723482 0.665757 0.957582 0.987045 0.829192 0.854102 0.653527 0.770396 0.652282 0.645369 0.616652 0.657440 0.848107 0.998231 0.861520 0.862616 0.853120 0.897735 0.671954 0.843926 0.709136 0.733862 0.971659 0.978837 0.766804 0.930128 0.893886 0.940063 0.915559 0.933443 0.847790 0.929434 0.846782 0.767099 0.964652 0.825789 0.861851 0.933675 0.492192 0.500926 0.659592 0.721903 0.870724 0.951384 0.778770 0.876064 0.643442 0.689679 0.735565 0.528660 0.726584 0.639503 0.907692 0.827933 0.971556 0.776931 0.911070 0.879977 0.855939 0.809936 0.797682 0.841291 0.989187 0.940835
0.979504 0.804428 0.579840 0.694083 0.875675 0.915910 0.655616 0.827322 0.000000 0.887136 0.916856 0.874243 0.835794 0.890998 0.821104 0.820709 0.950920 0.871588 0.947896 0.882033 0.967533 0.820674 0.799848 0.895839 0.840682 0.688601 0.951015 0.846104 0.988655 0.818931 0.773949 0.997189 0.961387 0.959365 0.787041 0.850032 0.751947 0.956252 0.780676 0.840452 0.850430 0.985582 0.805813 0.888236 0.851896 0.941501 0.680255 0.752874 0.953732 0.782129 0.755148 0.742385 0.603465 0.714215 0.816294 0.993630 0.859459 0.839887 0.614555 0.753996 0.644621 0.858597 0.978838 0.954939 0.637892 0.716062 0.754270 0.871865 0.895345 0.917759 0.949725 0.978597 0.997805 0.980581 0.846890 0.939830 0.806686 0.994797 0.979000 0.865510 0.913018 0.839259 0.889920 0.991441 0.837502 0.973868 0.901068 0.823329 0.685785 0.780730 0.773144 0.829729 0.756943 0.833833 0.916421 0.945204 0.941537 0.915832 0.884750 0.862577 0.951493 0.939069 0.833267 0.914434 0.856797 0.677041 0.898624 0.788553 0.943748 0.974618 0.940678 0.996315 0.906707 0.984513 0.824886 0.883059
0.716818 0.785401 0.956395 0.914846 0.901458 0.789661 0.625853 0.539607 0.887136 0.000000 0.557064 0.687394 0.789253 0.819464 0.956562 0.860928 0.712498 0.739456 0.652316 0.779605 0.811791 0.905948 0.842200 0.818337 0.568403 0.632629 0.667510 0.741073 0.721100 0.635502 0.939597 0.979923 0.929060 0.692243 0.883910 0.914382 0.948153 0.891772 0.920054 0.839125 0.961623 0.999489 0.736227 0.717259 0.610843 0.618919 0.855441 0.791337 0.628780 0.879716 0.714738 0.932509 0.838907 0.866772 0.878790 0.915855 0.778784 0.834088 0.766857 0.996402 0.776359 0.895527 0.588441 0.634681 0.656857 0.706615 0.903196 0.932071 0.989862 0.936993 0.733094 0.837880 0.866114 0.759459 0.917494 0.902259 0.774014 0.979597 0.934028 0.972818 0.846592 0.824895 0.826722 0.893279 0.812560 0.736381 0.927849 0.901234 0.789103 0.776952 0.500362 0.571053 0.712419 0.893548 0.831357 0.980651 0.832457 0.892640 0.561074 0.617782 0.735040 0.756761 0.620349 0.623355 0.972306 0.979998 0.988880 0.803829 0.931800 0.996525 0.895765 0.661699 0.706855 0.859781 0.942471 0.920828
0.630044 0.756245 0.964542 0.831878 0.789167 0.761184 0.682228 0.674113 0.916856 0.557064 0.000000 0.639430 0.661547 0.774693 0.858826 0.925631 0.607614 0.586280 0.651634 0.689773 0.849415 0.910415 0.807625 0.769264 0.612769 0.643546 0.831841 0.712277 0.559492 0.539549 0.921319 0.999481 0.823343 0.682085 0.863525 0.966029 0.825885 0.743253 0.994379 0.873597 0.947051 0.923491 0.812905 0.727087 0.583686 0.610758 0.871477 0.734013 0.647635 0.796810 0.834298 0.896302 0.877783 0.916768 0.846524 0.970354 0.703378 0.743889 0.759275 0.978243 0.704006 0.917682 0.566543 0.658675 0.737440 0.796306 0.865037 0.867714 0.873618 0.827825 0.940379 0.961739 0.889747 0.808081 0.994497 0.857593 0.877930 0.881779 0.929695 0.820828 0.755300 0.702241 0.952275 0.886402 0.947243 0.808436 0.942548 0.905942 0.873080 0.677905 0.704357 0.710265 0.868615 0.982557 0.929713 0.998647 0.884016 0.979254 0.566704 0.605873 0.844952 0.822142 0.783395 0.810411 0.914080 0.993669 0.957364 0.929785 0.993167 0.875065 0.807937 0.733326 0.738932 0.891092 0.985353 0.988069
0.557105 0.554245 0.662234 0.838844 0.935176 0.774002 0.994447 0.622070 0.874243 0.687394 0.639430 0.000000 0.861832 0.658528 0.886613 0.722318 0.675190 0.676957 0.805152 0.690342 0.763632 0.930255 0.622287 0.734121 0.560908 0.576877 0.710186 0.680626 0.760761 0.637192 0.720562 0.855922 0.977827 0.923972 0.747671 0.958474 0.993868 0.975939 0.885116 0.827140 0.975883 0.850381 0.936349 0.905172 0.884382 0.798434 0.922224 0.897743 0.719734 0.988887 0.879481 0.938926 0.989158 0.996590 0.853125 0.945869 0.584318 0.562413 0.851915 0.830672 0.809994 0.677500 0.609242 0.443672 0.523553 0.754541 0.842002 0.928628 0.717375 0.762104 0.843727 0.991812 0.869358 0.795893 0.983169 0.875686 0.948910 0.993171 0.976317 0.977564 0.726442 0.762223 0.995783 0.714769 0.640744 0.643948 0.996691 0.959017 0.808518 0.783643 0.755991 0.784187 0.918073 0.995822 0.856380 0.988239 0.750118 0.814260 0.621300 0.747106 0.668075 0.837134 0.816233 0.609396 0.984399 0.839300 0.979545 0.989563 0.942121 0.866469 0.823722 0.784501 0.766930 0.858437 0.947700 0.967641
0.992924 0.794088 0.811066 0.985940 0.767565 0.795835 0.704904 0.792208 0.835794 0.789253 0.661547 0.861832 0.000000 0.777597 0.727306 0.805785 0.962440 0.955317 0.966021 0.889910 0.993561 0.963898 0.976167 0.911572 0.822939 0.906862 0.876712 0.846762 0.875247 0.889749 0.959387 0.877886 0.986498 0.943745 0.918197 0.962859 0.851224 0.813111 0.950236 0.962106 0.887331 0.772368 0.887589 0.898999 0.807865 0.839804 0.854180 0.788020 0.939981 0.936394 0.980504 0.999471 0.837295 0.923891 0.888481 0.955495 0.805394 0.780140 0.796753 0.989895 0.679892 0.899869 0.821583 0.998337 0.949154 0.969215 0.896983 0.917334 0.876030 0.917403 0.887424 0.910318 0.998123 0.951784 0.903530 0.838865 0.946826 0.959720 0.934161 0.992631 0.824214 0.898674 0.914524 0.883784 0.935037 0.885236 0.959046 0.877200 0.818097 0.819665 0.803264 0.858959 0.866985 0.904024 0.899929 0.958675 0.984451 0.969996 0.859546 0.901187 0.939067 0.808282 0.989252 0.960395 0.939243 0.982269 0.973509 0.937839 0.919726 0.911067 0.882424 0.954854 0.946513 0.922313 0.936768 0.980629
0.839111 0.884093 0.959198 0.945922 0.977489 0.982503 0.885561 0.729169 0.890998 0.819464 0.774693 0.658528 0.777597 0.000000 0.819320 0.722006 0.766698 0.774806 0.662418 0.732401 0.707176 0.976341 0.975527 0.939930 0.890704 0.796599 0.913947 0.724160 0.708847 0.689869 0.966029 0.894076 0.915711 0.924156 0.745161 0.976100 0.929793 0.922939 0.983032 0.803382 0.906411 0.977850 0.810984 0.849049 0.960279 0.990029 0.974421 0.886829 0.982378 0.785339 0.845701 0.748334 0.848179 0.937289 0.807660 0.915814 0.844506 0.906967 0.895835 0.844630 0.833767 0.929885 0.722546 0.841614 0.819386 0.800977 0.880486 0.814083 0.959733 0.982201 0.903279 0.971250 0.938828 0.818244 0.911986 0.885160 0.961064 0.985423 0.851580 0.851955 0.863619 0.852234 0.911388 0.999170 0.904690 0.852423 0.957716 0.910433 0.793387 0.650712 0.861315 0.890072 0.912152 0.955709 0.990027 0.916182 0.926887 0.954620 0.827692 0.793605 0.855339 0.735558 0.909853 0.787834 0.888447 0.753607 0.948860 0.972805 0.934057 0.858628 0.911036 0.825850 0.860277 0.962155 0.972430 0.873281
0.978462 0.781865 0.689569 0.828740 0.898878 0.971408 0.766517 0.954928 0.821104 0.956562 0.858826 0.886613 0.727306 0.819320 0.000000 0.743986 0.954231 0.967643 0.901528 0.991527 0.936264 0.952680 0.755489 0.783458 0.826075 0.778162 0.875100 0.888664 0.788850 0.975303 0.815957 0.837624 0.898188 0.938336 0.957074 0.913102 0.952628 0.839921 0.731199 0.858239 0.885165 0.850556 0.660424 0.770931 0.908837 0.960507 0.660245 0.670610 0.996903 0.974606 0.953202 0.953308 0.884418 0.985884 0.983020 0.890698 0.884674 0.812225 0.923346 0.865236 0.945144 0.816828 0.953708 0.825546 0.680628 0.867860 0.906109 0.954528 0.955046 0.845889 0.822826 0.895140 0.921653 0.846018 0.962148 0.860731 0.979023 0.948112 0.874724 0.808151 0.991563 0.992673 0.893411 0.954289 0.689910 0.851108 0.955655 0.905502 0.812668 0.999434 0.927484 0.920214 0.939237 0.892485 0.914082 0.953984 0.845858 0.888860 0.997908 0.865106 0.823590 0.980913 0.923828 0.870737 0.994274 0.925388 0.991773 0.830448 0.954957 0.908778 0.955351 0.883911 0.955595 0.998972 0.889170 0.992326
0.861044 0.998693 0.992405 0.876486 0.908810 0.833992 0.891124 0.798257 0.820709 0.860928 0.925631 0.722318 0.805785 0.722006 0.743986 0.000000 0.954309 0.992999 0.906830 0.896950 0.906946 0.920503 0.993540 0.833391 0.980044 0.950290 0.873073 0.986312 0.954020 0.920043 0.958800 0.919802 0.863364 0.922680 0.881279 0.819563 0.801856 0.985197 0.924253 0.904920 0.949028 0.955464 0.943553 0.991649 0.900809 0.948293 0.884490 0.869089 0.915630 0.912942 0.903428 0.955107 0.829774 0.950523 0.999032 0.867433 0.975335 0.979819 0.916394 0.960043 0.956142 0.960492 0.810097 0.823693 0.888721 0.852066 0.782717 0.723566 0.958878 0.974624 0.905380 0.925644 0.892412 0.932501 0.999871 0.998806 0.894123 0.946828 0.998170 0.906331 0.923127 0.925610 0.919347 0.769463 0.983396 0.904035 0.966281 0.891254 0.994278 0.989809 0.907521 0.968424 0.979970 0.940048 0.960913 0.981229 0.972634 0.947915 0.907115 0.946453 0.892504 0.915329 0.958761 0.845673 0.983067 0.902479 0.851338 0.897917 0.998042 0.987023 0.934595 0.969833 0.974170 0.898802 0.998992 0.970378
0.499305 0.522985 0.826809 0.882831 0.959489 0.989976 0.891602 0.818639 0.950920 0.712498 0.607614 0.675190 0.962440 0.766698 0.954231 0.954309 0.000000 0.373993 0.546174 0.522630 0.935006 0.987462 0.880431 0.912355 0.758325 0.700299 0.886076 0.746073 0.479426 0.522326 0.933776 0.876182 0.723659 0.687876 0.834217 0.997536 0.986397 0.988720 0.917242 0.961243 0.894788 0.935205 0.688505 0.681821 0.767514 0.794901 0.861774 0.785031 0.735624 0.897978 0.898144 0.969692 0.898734 0.920699 0.887539 0.948338 0.386971 0.487564 0.899289 0.911695 0.981830 0.928697 0.585967 0.561244 0.683016 0.755712 0.942334 0.971754 0.701282 0.738865 0.812436 0.807753 0.812973 0.740015 0.927665 0.875721 0.864391 0.831418 0.763490 0.701777 0.445418 0.558766 0.801285 0.770118 0.945632 0.946543 0.994981 0.937211 0.695484 0.817017 0.761979 0.789468 0.914205 0.923429 0.908817 0.884509 0.826594 0.944711 0.574527 0.503000 0.790394 0.920448 0.579536 0.690748 0.999862 0.857712 0.974544 0.916880 0.966217 0.910887 0.734118 0.715970 0.718543 0.998622 0.960599 0.912690
0.536570 0.514893 0.734446 0.751389 0.964788 0.996456 0.985067 0.955617 0.871588 0.739456 0.586280 0.676957 0.955317 0.774806 0.967643 0.992999 0.373993 0.000000 0.619444 0.476823 0.885969 0.970289 0.803637 0.879804 0.720342 0.601351 0.995149 0.756594 0.472566 0.486159 0.874601 0.891941 0.782159 0.716558 0.802196 0.985906 0.932234 0.965940 0.815885 0.865912 0.927481 0.939801 0.768293 0.695893 0.741983 0.733665 0.900389 0.772625 0.708483 0.863679 0.959479 0.977834 0.832230 0.805271 0.813627 0.982313 0.402657 0.477492 0.996268 0.850011 0.932245 0.881890 0.627507 0.604941 0.646757 0.720696 0.981495 0.948855 0.722595 0.725315 0.910245 0.925163 0.918800 0.751695 0.996777 0.895732 0.880368 0.799402 0.806042 0.775404 0.468127 0.531470 0.813918 0.793747 0.933462 0.920979 0.914293 0.966895 0.647895 0.778550 0.887572 0.872654 0.982900 0.883794 0.905257 0.882574 0.896543 0.974773 0.619524 0.582028 0.814214 0.963585 0.636561 0.742931 0.918946 0.794583 0.937864 0.937979 0.921983 0.976309 0.746040 0.675527 0.712204 0.978459 0.984335 0.960341
0.666292 0.751613 0.829622 0.822795 0.941253 0.965282 0.574112 0.608023 0.947896 0.652316 0.651634 0.805152 0.966021 0.662418 0.901528 0.906830 0.546174 0.619444 0.000000 0.603151 0.859345 0.994103 0.757038 0.828979 0.941295 0.814045 0.811906 0.817826 0.621689 0.648663 0.836059 0.636567 0.573293 0.583787 0.972768 0.984900 0.975263 0.955647 0.963268 0.870306 0.927916 0.974446 0.654072 0.775764 0.790402 0.855054 0.833199 0.773481 0.943461 0.970369 0.923346 0.950426 0.926441 0.857800 0.967122 0.920231 0.647087 0.740138 0.864462 0.867634 0.983469 0.849537 0.525938 0.761296 0.893767 0.856330 0.706791 0.877962 0.828994 0.894816 0.719243 0.814860 0.675351 0.648555 0.978763 0.794369 0.747651 0.750888 0.662577 0.709120 0.617456 0.603437 0.881038 0.912336 0.817892 0.932124 0.904949 0.974902 0.720200 0.839854 0.664500 0.625370 0.799094 0.870914 0.984917 0.875416 0.850353 0.864867 0.688873 0.568901 0.879299 0.658063 0.655983 0.742066 0.972464 0.969561 0.986823 0.906842 0.928402 0.888574 0.872294 0.792871 0.798958 0.979097 0.991751 0.967574
0.608976 0.542171 0.757424 0.940915 0.957968 0.943116 0.980894 0.844507 0.882033 0.779605 0.689773 0.690342 0.889910 0.732401 0.991527 0.896950 0.522630 0.476823 0.603151 0.000000 0.848474 0.827647 0.874876 0.961508 0.804178 0.694868 0.996733 0.798906 0.619847 0.636237 0.928673 0.787170 0.779207 0.803260 0.837208 0.956322 0.898728 0.972139 0.819999 0.842760 0.859221 0.887133 0.870702 0.846401 0.948497 0.950606 0.971685 0.899486 0.906832 0.962258 0.968127 0.868486 0.856418 0.908414 0.890968 0.930907 0.492601 0.514516 0.988288 0.906361 0.873811 0.942240 0.653578 0.611190 0.661907 0.748837 0.966372 0.880259 0.725069 0.752290 0.741022 0.834835 0.731597 0.658984 0.943549 0.938598 0.882160 0.783053 0.738334 0.831256 0.463399 0.545296 0.770425 0.735984 0.930403 0.921788 0.988048 0.997638 0.665855 0.820673 0.848938 0.795986 0.949658 0.934359 0.896785 0.966729 0.895626 0.989839 0.731001 0.687303 0.856823 0.962446 0.723892 0.676328 0.983690 0.799797 0.945752 0.914158 0.968838 0.991774 0.880137 0.799257 0.894424 0.935379 0.953034 0.860332
0.892059 0.885929 0.947098 0.998878 0.923128 0.981649 0.936306 0.728968 0.967533 0.811791 0.849415 0.763632 0.993561 0.707176 0.936264 0.906946 0.935006 0.885969 0.859345 0.848474 0.000000 0.996497 0.856162 0.881258 0.887323 0.875365 0.839761 0.878473 0.784160 0.796711 0.997475 0.992736 0.991026 0.935907 0.800718 0.902621 0.909268 0.959554 0.993118 0.903849 0.967507 0.990646 0.913003 0.994017 0.944764 0.910330 0.881859 0.976898 0.846663 0.973499 0.963015 0.966936 0.974103 0.963896 0.917807 0.810151 0.935419 0.916052 0.974889 0.934773 0.947371 0.778268 0.955106 0.809416 0.908260 0.990987 0.831313 0.968314 0.911307 0.999729 0.962565 0.943721 0.874547 0.935656 0.828362 0.917085 0.875777 0.924462 0.928005 0.997334 0.981654 0.995897 0.953380 0.894395 0.754963 0.706209 0.974918 0.886651 0.926362 0.973850 0.909727 0.892177 0.982226 0.902010 0.876214 0.965987 0.945197 0.959975 0.803172 0.948734 0.927333 0.933864 0.916385 0.866529 0.984634 0.968778 0.994995 0.997537 0.863557 0.909265 0.968703 0.836914 0.870177 0.855731 0.942084 0.872997
0.983418 0.899647 0.897087 0.999773 0.911388 0.877765 0.951235 0.935892 0.820674 0.905948 0.910415 0.930255 0.963898 0.976341 0.952680 0.920503 0.987462 0.970289 0.994103 0.827647 0.996497 0.000000 0.838561 0.900470 0.825061 0.861866 0.993591 0.864616 0.938124 0.933904 0.880378 0.969624 0.963557 0.947742 0.930019 0.971680 0.928508 0.996915 0.914872 0.983727 0.922120 0.963993 0.883074 0.965266 0.923347 0.904826 0.918098 0.859555 0.968670 0.880781 0.932846 0.854153 0.931412 0.962484 0.941093 0.843967 0.998670 0.929479 0.921547 0.980191 0.983436 0.960395 0.925202 0.872655 0.886887 0.904309 0.909141 0.937389 0.917506 0.965228 0.973303 0.992660 0.837320 0.921960 0.800964 0.944543 0.936403 0.990282 0.907271 0.969142 0.958190 0.910276 0.876791 0.960624 0.895650 0.917135 0.916332 0.999767 0.804021 0.912789 0.961006 0.972003 0.880540 0.964468 0.951798 0.745078 0.884985 0.943642 0.943240 0.965500 0.951173 0.936165 0.982926 0.993882 0.917988 0.972785 0.908160 0.859959 0.864813 0.908915 0.852174 0.896464 0.837837 0.949432 0.821382 0.905875
0.834579 0.729914 0.473734 0.506247 0.899326 0.872567 0.633483 0.980604 0.799848 0.842200 0.807625 0.622287 0.976167 0.975527 0.755489 0.993540 0.880431 0.803637 0.757038 0.874876 0.856162 0.838561 0.000000 0.416756 0.501700 0.629713 0.897764 0.815581 0.894217 0.783176 0.500971 0.647468 0.693917 0.848240 0.673271 0.929690 0.917666 0.970751 0.696821 0.894135 0.905595 0.943674 0.757378 0.980490 0.925308 0.823760 0.795712 0.871542 0.672848 0.853613 0.951203 0.990152 0.852103 0.778895 0.779542 0.883485 0.793340 0.734964 0.945318 0.853706 0.909664 0.728045 0.990287 0.621724 0.542269 0.728567 0.611623 0.830512 0.921742 0.834279 0.880833 0.838798 0.777970 0.869084 0.854564 0.806772 0.826875 0.808537 0.777433 0.847055 0.980224 0.948489 0.927564 0.817651 0.443961 0.487477 0.970636 0.901971 0.885109 0.913228 0.979652 0.916766 0.881053 0.739604 0.817933 0.921087 0.961552 0.729313 0.793113 0.974909 0.744901 0.789035 0.945453 0.819206 0.843562 0.827311 0.909129 0.822065 0.907840 0.939926 0.965896 0.839786 0.869529 0.884114 0.923968 0.951414
0.936965 0.878922 0.677381 0.533448 0.957748 0.867397 0.796245 0.981853 0.895839 0.818337 0.769264 0.734121 0.911572 0.939930 0.783458 0.833391 0.912355 0.879804 0.828979 0.961508 0.881258 0.900470 0.416756 0.000000 0.527396 0.663821 0.853789 0.831664 0.880888 0.799183 0.570952 0.621001 0.783231 0.958532 0.768546 0.994688 0.828402 0.902436 0.695547 0.983904 0.859415 0.968097 0.867565 0.956162 0.771978 0.735820 0.829368 0.967170 0.670335 0.786903 0.889287 0.922165 0.959550 0.853389 0.812631 0.850641 0.911830 0.870748 0.950532 0.787699 0.791904 0.787634 0.970934 0.733113 0.692302 0.837433 0.815528 0.974760 0.954430 0.882572 0.781508 0.711098 0.760506 0.764035 0.897937 0.848858 0.926969 0.853666 0.871414 0.854965 0.928845 0.872766 0.926863 0.919300 0.531881 0.536194 0.967221 0.878695 0.971190 0.923841 0.969832 0.989070 0.969100 0.859790 0.766424 0.970668 0.937347 0.791487 0.737778 0.948743 0.868187 0.896726 0.982270 0.912726 0.877765 0.969948 0.915376 0.785226 0.939269 0.948784 0.930123 0.820234 0.796108 0.790162 0.970170 0.970100
0.771318 0.787236 0.581751 0.563091 0.989813 0.828759 0.986727 0.782801 0.840682 0.568403 0.612769 0.560908 0.822939 0.890704 0.826075 0.980044 0.758325 0.720342 0.941295 0.804178 0.887323 0.825061 0.501700 0.527396 0.000000 0.444874 0.723999 0.662450 0.795202 0.636385 0.553284 0.763421 0.839144 0.968763 0.649778 0.955616 0.794429 0.804371 0.715041 0.784186 0.848567 0.988356 0.904211 0.917920 0.746631 0.714269 0.872149 0.985855 0.631660 0.931239 0.862614 0.951052 0.980814 0.995332 0.790447 0.953333 0.758276 0.766939 0.962963 0.981270 0.868366 0.844293 0.664019 0.534282 0.452500 0.564635 0.851739 0.918194 0.936889 0.896996 0.999218 0.966015 0.966721 0.931707 0.896181 0.930164 0.920777 0.939006 0.939666 0.977752 0.871259 0.837557 0.961881 0.818698 0.567559 0.554543 0.964498 0.973675 0.815480 0.794200 0.774892 0.809240 0.930032 0.944549 0.777260 0.969329 0.853493 0.828344 0.690655 0.821708 0.719254 0.943495 0.780957 0.654048 0.901757 0.878217 0.940987 0.941628 0.957454 0.848823 0.951881 0.718412 0.760351 0.772033 0.923845 0.926615
0.808383 0.698827 0.558927 0.583818 0.940071 0.852005 0.933279 0.875966 0.688601 0.632629 0.643546 0.576877 0.906862 0.796599 0.778162 0.950290 0.700299 0.601351 0.814045 0.694868 0.875365 0.861866 0.629713 0.663821 0.444874 0.000000 0.769647 0.628163 0.726506 0.553333 0.684448 0.897325 0.952573 0.962740 0.715706 0.940528 0.736892 0.854482 0.678804 0.771944 0.844986 0.940378 0.926261 0.972944 0.825220 0.772433 0.782430 0.970534 0.780062 0.990262 0.989646 0.847936 0.872710 0.879423 0.705536 0.981531 0.692295 0.676302 0.889732 0.905998 0.955664 0.998891 0.681970 0.621360 0.446867 0.566389 0.873991 0.910730 0.963626 0.931209 0.898539 0.989238 0.938002 0.780008 0.914071 0.991254 0.943946 0.936754 0.968305 0.936422 0.765864 0.691286 0.997295 0.841928 0.681219 0.713776 0.979085 0.979197 0.736633 0.716916 0.823456 0.819477 0.962414 0.940481 0.896282 0.961742 0.899190 0.917075 0.728701 0.770218 0.745899 0.955237 0.830915 0.704275 0.859258 0.713722 0.950162 0.891895 0.938198 0.941924 0.922508 0.722071 0.778432 0.829767 0.940005 0.974162
0.847270 0.924669 0.955015 0.956618 0.890189 0.832239 0.755167 0.655240 0.951015 0.667510 0.831841 0.710186 0.876712 0.913947 0.875100 0.873073 0.886076 0.995149 0.811906 0.996733 0.839761 0.993591 0.897764 0.853789 0.723999 0.769647 0.000000 0.863403 0.904851 0.792632 0.902579 0.966577 0.953189 0.949376 0.855479 0.929403 0.897648 0.964530 0.892953 0.918245 0.944973 0.932884 0.904240 0.986239 0.919792 0.887230 0.896461 0.976967 0.841758 0.908106 0.873949 0.954671 0.818077 0.880856 0.973789 0.943715 0.926994 0.929010 0.872102 0.983246 0.856696 0.910134 0.672362 0.699814 0.719746 0.726143 0.955932 0.981307 0.991846 0.904049 0.881923 0.867477 0.902395 0.932329 0.984643 0.961050 0.920845 0.924424 0.959109 0.995293 0.972775 0.899653 0.919528 0.842132 0.885040 0.784996 0.968006 0.994978 0.885486 0.978673 0.766027 0.806749 0.840513 0.990633 0.907679 0.954640 0.793076 0.885511 0.752315 0.795969 0.907762 0.778963 0.843769 0.706456 0.995400 0.951020 0.995629 0.928694 0.977804 0.991271 0.944451 0.976280 0.905582 0.936804 0.861238 0.970142
0.780541 0.782423 0.840072 0.849165 0.979746 0.971288 0.905030 0.751655 0.846104 0.741073 0.712277 0.680626 0.846762 0.724160 0.888664 0.986312 0.746073 0.756594 0.817826 0.798906 0.878473 0.864616 0.815581 0.831664 0.662450 0.628163 0.863403 0.000000 0.734880 0.626901 0.812525 0.963172 0.927462 0.838300 0.754807 0.940136 0.928929 0.952699 0.931748 0.839530 0.862876 0.988920 0.961822 0.851652 0.761106 0.797955 0.996291 0.934929 0.794641 0.969157 0.871815 0.991144 0.994418 0.877573 0.875428 0.912345 0.801392 0.808712 0.981744 0.967498 0.940022 0.894535 0.740925 0.765530 0.720781 0.833407 0.972480 0.991553 0.880707 0.968393 0.965785 0.999324 0.904691 0.784714 0.999344 0.979361 0.959419 0.888137 0.944289 0.738802 0.822585 0.767685 0.937438 0.895968 0.896339 0.855272 0.972597 0.922036 0.879880 0.653849 0.834394 0.828885 0.980504 0.946367 0.940964 0.892223 0.987866 0.895250 0.813440 0.760821 0.952829 0.854180 0.905444 0.857728 0.985904 0.846120 0.976270 0.932865 0.908736 0.866971 0.882604 0.834760 0.799598 0.870815 0.919399 0.908928
0.656257 0.696461 0.929208 0.855729 0.919832 0.908850 0.881898 0.822939 0.988655 0.721100 0.559492 0.760761 0.875247 0.708847 0.788850 0.954020 0.479426 0.472566 0.621689 0.619847 0.784160 0.938124 0.894217 0.880888 0.795202 0.726506 0.904851 0.734880 0.000000 0.470061 0.998961 0.920509 0.804241 0.743480 0.822609 0.976386 0.929650 0.920013 0.947877 0.939869 0.929702 0.929367 0.630257 0.620777 0.682478 0.698902 0.808308 0.717477 0.696791 0.817433 0.922516 0.943251 0.963262 0.890522 0.880602 0.975283 0.614691 0.676863 0.970557 0.940296 0.958825 0.985464 0.731668 0.733226 0.815924 0.862078 0.980679 0.978744 0.759733 0.854347 0.962611 0.953645 0.943612 0.837735 0.988232 0.825404 0.922638 0.771322 0.828357 0.713687 0.637737 0.720880 0.817393 0.842206 0.944933 0.869628 0.979631 0.945150 0.809889 0.778522 0.867559 0.872276 0.981495 0.838292 0.924959 0.900204 0.932793 0.990920 0.634081 0.637525 0.826372 0.894061 0.791739 0.879424 0.898631 0.889058 0.959333 0.932044 0.980390 0.954449 0.730075 0.754217 0.709225 0.939537 0.931965 0.945301
0.675738 0.662290 0.736088 0.722904 0.991014 0.929917 0.936288 0.784563 0.818931 0.635502 0.539549 0.637192 0.889749 0.689869 0.975303 0.920043 0.522326 0.486159 0.648663 0.636237 0.796711 0.933904 0.783176 0.799183 0.636385 0.553333 0.792632 0.626901 0.470061 0.000000 0.856501 0.997154 0.896717 0.799180 0.680211 0.942190 0.743746 0.868807 0.883614 0.880515 0.859381 0.972227 0.786340 0.699991 0.726791 0.708841 0.963989 0.790469 0.660647 0.929124 0.950739 0.966828 0.910071 0.886056 0.773174 0.937746 0.604808 0.656436 0.992612 0.898602 0.991069 0.957437 0.623234 0.618111 0.579438 0.653164 0.895182 0.934196 0.856430 0.959050 0.969906 0.945066 0.983001 0.848272 0.956927 0.980659 0.960369 0.910861 0.864145 0.747056 0.621895 0.641537 0.868110 0.845050 0.804344 0.741954 0.944691 0.964449 0.702464 0.668568 0.847974 0.911550 0.913462 0.845548 0.951935 0.984572 0.958104 0.977050 0.714214 0.703600 0.788495 0.879797 0.759546 0.774831 0.810680 0.759028 0.979186 0.929650 0.978139 0.992072 0.862670 0.823831 0.719197 0.954488 0.917793 0.987143
0.924564 0.885942 0.548803 0.546161 0.939772 0.957524 0.692105 0.925302 0.773949 0.939597 0.921319 0.720562 0.959387 0.966029 0.815957 0.958800 0.933776 0.874601 0.836059 0.928673 0.997475 0.880378 0.500971 0.570952 0.553284 0.684448 0.902579 0.812525 0.998961 0.856501 0.000000 0.671558 0.737241 0.822467 0.648535 0.947007 0.859857 0.970201 0.627422 0.820901 0.860524 0.965632 0.736384 0.915565 0.983770 0.936467 0.796504 0.894387 0.806233 0.968501 0.975851 0.940251 0.898046 0.889822 0.764704 0.923045 0.859097 0.844229 0.888748 0.944454 0.986153 0.858126 0.908973 0.727349 0.615212 0.756174 0.743175 0.887210 0.948522 0.905494 0.791802 0.830069 0.871735 0.885701 0.879587 0.782250 0.748069 0.839225 0.907451 0.861921 0.978377 0.986139 0.946939 0.829939 0.627346 0.648133 0.946492 0.966950 0.903689 0.952535 0.966819 0.937409 0.910038 0.808866 0.797104 0.949745 0.972502 0.832696 0.908075 0.977523 0.952659 0.783069 0.994749 0.850792 0.935491 0.813095 0.960352 0.774978 0.956380 0.956488 0.882294 0.924639 0.903127 0.856800 0.935450 0.976324
0.947247 0.952543 0.741923 0.734671 0.937495 0.822914 0.738253 0.906084 0.997189 0.979923 0.999481 0.855922 0.877886 0.894076 0.837624 0.919802 0.876182 0.891941 0.636567 0.787170 0.992736 0.969624 0.647468 0.621001 0.763421 0.897325 0.966577 0.963172 0.920509 0.997154 0.671558 0.000000 0.682350 0.726405 0.886961 0.900117 0.845471 0.979577 0.825636 0.881800 0.888013 0.946216 0.763617 0.962423 0.987390 0.976461 0.750793 0.827562 0.904645 0.967271 0.936894 0.970138 0.937567 0.849704 0.838896 0.933913 0.856605 0.922214 0.975969 0.817782 0.859100 0.762801 0.827678 0.936770 0.886398 0.994620 0.795729 0.921101 0.968528 0.916714 0.797614 0.767535 0.803485 0.709694 0.970239 0.771796 0.857954 0.635269 0.737632 0.804101 0.828663 0.755160 0.783723 0.978668 0.671882 0.696446 0.924979 0.932015 0.791812 0.927705 0.914866 0.868358 0.956004 0.878164 0.991670 0.939445 0.997863 0.930456 0.994780 0.849227 0.885478 0.896749 0.897375 0.895323 0.944018 0.946399 0.909863 0.831197 0.929313 0.994504 0.923501 0.937944 0.944245 0.906257 0.985514 0.945888
0.688980 0.728299 0.699551 0.735093 0.839355 0.929287 0.635506 0.798066 0.961387 0.929060 0.823343 0.977827 0.986498 0.915711 0.898188 0.863364 0.723659 0.782159 0.573293 0.779207 0.991026 0.963557 0.693917 0.783231 0.839144 0.952573 0.953189 0.927462 0.804241 0.896717 0.737241 0.682350 0.000000 0.554424 0.761893 0.832951 0.912007 0.857351 0.833348 0.926391 0.805250 0.975593 0.674928 0.764451 0.736076 0.830551 0.768079 0.742382 0.992956 0.859687 0.911300 0.891768 0.881204 0.908259 0.812362 0.963706 0.735538 0.784854 0.699780 0.919767 0.827247 0.968742 0.689812 0.891403 0.846722 0.838517 0.549027 0.606372 0.852588 0.850028 0.844229 0.888253 0.781284 0.781116 0.959009 0.819132 0.669266 0.666259 0.722897 0.752198 0.752955 0.723126 0.930784 0.944681 0.660379 0.658585 0.973483 0.914332 0.878742 0.990849 0.859557 0.749308 0.848539 0.866672 0.916586 0.806273 0.922850 0.890771 0.823559 0.726992 0.968986 0.777394 0.772078 0.921408 0.752629 0.877857 0.871996 0.924697 0.934417 0.865051 0.777072 0.953389 0.958154 0.983599 0.975506 0.903673
0.699394 0.730143 0.810241 0.917227 0.856504 0.965683 0.607206 0.734418 0.959365 0.692243 0.682085 0.923972 0.943745 0.924156 0.938336 0.922680 0.687876 0.716558 0.583787 0.803260 0.935907 0.947742 0.848240 0.958532 0.968763 0.962740 0.949376 0.838300 0.743480 0.799180 0.822467 0.726405 0.554424 0.000000 0.849874 0.792085 0.934492 0.924599 0.915972 0.928019 0.903159 0.982125 0.704993 0.710000 0.554802 0.631856 0.677283 0.696586 0.772445 0.746594 0.733601 0.768712 0.853170 0.817021 0.843472 0.995481 0.717076 0.778517 0.674739 0.978057 0.782814 0.989832 0.658507 0.823824 0.971241 0.953150 0.569747 0.599859 0.802796 0.812112 0.869106 0.961151 0.773890 0.769983 0.922791 0.781767 0.688736 0.663782 0.790130 0.836145 0.765668 0.762332 0.888179 0.952402 0.754605 0.835763 0.993265 0.969705 0.859627 0.932692 0.731202 0.722563 0.815222 0.827773 0.877727 0.892279 0.846650 0.967619 0.674603 0.666181 0.977058 0.767171 0.763047 0.905612 0.865752 0.874390 0.987444 0.844701 0.943091 0.930558 0.803873 0.707386 0.680221 0.965543 0.970088 0.929510
0.963529 0.929522 0.632620 0.672613 0.812778 0.972583 0.839437 0.978912 0.787041 0.883910 0.863525 0.747671 0.918197 0.745161 0.957074 0.881279 0.834217 0.802196 0.972768 0.837208 0.800718 0.930019 0.673271 0.768546 0.649778 0.715706 0.855479 0.754807 0.822609 0.680211 0.648535 0.886961 0.761893 0.849874 0.000000 0.983416 0.845650 0.895861 0.825785 0.953524 0.811068 0.964605 0.966508 0.959553 0.977045 0.959113 0.932045 0.902783 0.838376 0.900941 0.983401 0.885687 0.933331 0.928861 0.682105 0.991185 0.875275 0.922752 0.768493 0.815930 0.817895 0.987647 0.899015 0.836034 0.606934 0.633246 0.626491 0.664135 0.952553 0.986480 0.890235 0.996094 0.887899 0.994023 0.936297 0.967276 0.827584 0.900359 0.972024 0.943346 0.944132 0.967159 0.912786 0.852069 0.674114 0.622244 0.873687 0.952184 0.864412 0.737977 0.957204 0.882213 0.830272 0.756772 0.954400 0.911077 0.890418 0.915860 0.912261 0.998306 0.830998 0.924458 0.964250 0.752534 0.827218 0.773673 0.967198 0.903064 0.925464 0.971597 0.994093 0.863458 0.791578 0.821615 0.851602 0.943023
0.979317 0.932590 0.986362 0.971702 0.849493 0.806975 0.958143 0.955387 0.850032 0.914382 0.966029 0.958474 0.962859 0.976100 0.913102 0.819563 0.997536 0.985906 0.984900 0.956322 0.902621 0.971680 0.929690 0.994688 0.955616 0.940528 0.929403 0.940136 0.976386 0.942190 0.947007 0.900117 0.832951 0.792085 0.983416 0.000000 0.966323 0.897497 0.936641 0.925511 0.928145 0.990087 0.962395 0.981134 0.934379 0.977785 0.965986 0.967206 0.912615 0.996827 0.982445 0.962210 0.958553 0.965544 0.910444 0.930631 0.946335 0.960102 0.978152 0.895776 0.977806 0.943243 0.987603 0.996111 0.984630 0.879740 0.807966 0.768058 0.998453 0.930444 0.993322 0.930486 0.962299 0.921652 0.921017 0.992049 0.946386 0.865862 0.928472 0.948501 0.938814 0.997456 0.809177 0.998573 0.955387 0.843173 0.961057 0.964474 0.982645 0.914083 0.930445 0.896954 0.918222 0.992348 0.931359 0.851431 0.964667 0.998387 0.937972 0.929683 0.863401 0.962199 0.865226 0.988863 0.830888 0.908782 0.990721 0.988324 0.903264 0.894031 0.873890 0.964858 0.913108 0.969520 0.986246 0.960572
0.874414 0.890904 0.899701 0.696899 0.908872 0.933225 0.994350 0.931796 0.751947 0.948153 0.825885 0.993868 0.851224 0.929793 0.952628 0.801856 0.986397 0.932234 0.975263 0.898728 0.909268 0.928508 0.917666 0.828402 0.794429 0.736892 0.897648 0.928929 0.929650 0.743746 0.859857 0.845471 0.912007 0.934492 0.845650 0.966323 0.000000 0.701898 0.896306 0.866307 0.758178 0.941696 0.949286 0.947723 0.891548 0.866734 0.922435 0.990157 0.980764 0.908270 0.758449 0.855796 0.813729 0.862126 0.779744 0.974485 0.892388 0.851651 0.781520 0.763839 0.910960 0.813294 0.898736 0.924118 0.844910 0.783321 0.985378 0.991736 0.792110 0.813637 0.825149 0.813586 0.792814 0.864517 0.930175 0.975036 0.883721 0.860658 0.890668 0.952394 0.901978 0.996680 0.963907 0.900678 0.965888 0.866820 0.781172 0.924863 0.922421 0.765315 0.966765 0.922472 0.846051 0.909552 0.905385 0.954610 0.880562 0.914550 0.922648 0.998887 0.935106 0.982127 0.935382 0.941598 0.729727 0.870365 0.994624 0.797644 0.862189 0.924181 0.943660 0.958350 0.932909 0.963061 0.948602 0.888974
0.821533 0.786918 0.983315 0.775318 0.861576 0.913149 0.884080 0.984419 0.956252 0.891772 0.743253 0.975939 0.813111 0.922939 0.839921 0.985197 0.988720 0.965940 0.955647 0.972139 0.959554 0.996915 0.970751 0.902436 0.804371 0.854482 0.964530 0.952699 0.920013 0.868807 0.970201 0.979577 0.857351 0.924599 0.895861 0.897497 0.701898 0.000000 0.952068 0.918356 0.790478 0.943650 0.986577 0.951866 0.910613 0.919697 0.944646 0.935616 0.993018 0.913158 0.860098 0.857478 0.952396 0.997146 0.805267 0.900614 0.898166 0.828357 0.863467 0.780149 0.943402 0.769610 0.959219 0.857387 0.935232 0.777523 0.989765 0.949866 0.842450 0.912177 0.944432 0.826401 0.977489 0.967493 0.958592 0.991955 0.820830 0.903090 0.990603 0.930501 0.962461 0.998207 0.865703 0.915640 0.969141 0.850447 0.925529 0.973611 0.985951 0.759612 0.920211 0.863701 0.988698 0.936670 0.959784 0.967957 0.984864 0.899406 0.970026 0.925404 0.981800 0.876405 0.892004 0.950116 0.719066 0.869534 0.986164 0.976623 0.926555 0.957778 0.965187 0.934087 0.901889 0.972579 0.968908 0.837407
