0.000000 0.283873 0.528394 0.538161 0.721924 0.732798 0.384335 0.368547 0.503300 0.427708 0.252518 0.255247 0.274493 0.490716 0.420261 0.497809 0.304189 0.299971 0.308515 0.344410 0.714046 0.935665 0.642931 0.977545 0.945059 0.978081 0.910443 0.737044 0.446984 0.385780 0.492214 0.715800 0.266776 0.307552 0.725254 0.857725 0.542636 0.499986 0.973717 0.781324 0.714565 0.767747 0.427217 0.353898 0.379045 0.391639 0.497577 0.487192 0.850309 0.650545 0.563783 0.552498 0.726104 0.732595 0.693976 0.651521 0.303851 0.268755 0.348622 0.401371 0.269959 0.391439 0.221697 0.238014 0.669575 0.545124 0.498130 0.501389 0.309717 0.370053 0.439178 0.338283 0.503620 0.497635 0.794996 0.696095 0.560371 0.460477 0.440441 0.429596 0.308152 0.400608 0.841112 0.648476 0.526711 0.886463 0.902358 0.631256 0.707092 0.856427 0.526539 0.559700 0.611503 0.556743 0.840129 0.709136 0.538053 0.800432 0.272361 0.372654 0.660268 0.568149 0.416236 0.462717 0.464935 0.491141 0.706315 0.702996 0.697843 0.663600 0.720844 0.518863 0.462654 0.724018 0.599165 0.890700
0.283873 0.000000 0.779033 0.681755 0.747455 0.791674 0.569128 0.439384 0.563565 0.485415 0.340468 0.216561 0.329227 0.324159 0.388664 0.385822 0.262187 0.228203 0.333292 0.287574 0.756674 0.964428 0.628140 0.838140 0.986946 0.883766 0.961992 0.767191 0.371353 0.332842 0.616208 0.712074 0.388785 0.416730 0.891846 0.873384 0.588984 0.547513 0.854911 0.831395 0.701182 0.693378 0.468403 0.395922 0.500140 0.517992 0.629936 0.568853 0.914027 0.809927 0.725650 0.720655 0.897505 0.956152 0.934776 0.893362 0.185362 0.176923 0.559705 0.581613 0.433514 0.460693 0.268027 0.218026 0.874344 0.720388 0.749151 0.682957 0.383472 0.496197 0.353952 0.331836 0.552369 0.575596 0.915392 0.721497 0.488466 0.447885 0.548088 0.397877 0.312085 0.417548 0.711154 0.615503 0.726591 0.892468 0.875882 0.659950 0.924412 0.974563 0.662865 0.632262 0.741351 0.678625 0.840236 0.723358 0.612909 0.805564 0.356082 0.372068 0.691144 0.765428 0.497598 0.426252 0.540030 0.570594 0.785717 0.724212 0.731318 0.691317 0.653803 0.508152 0.566328 0.645534 0.616759 0.867098
0.528394 0.779033 0.000000 0.259553 0.610127 0.623584 0.204700 0.351569 0.480373 0.457417 0.520805 0.646567 0.485585 0.860917 0.620381 0.667831 0.632249 0.606003 0.458185 0.609706 0.602564 0.721669 0.437839 0.832558 0.667602 0.473053 0.858686 0.898227 0.712354 0.524011 0.334287 0.654183 0.356272 0.336038 0.491017 0.754722 0.631839 0.668714 0.650800 0.763651 0.823680 0.872794 0.367904 0.356246 0.472553 0.472547 0.473677 0.416501 0.860188 0.710124 0.820846 0.698951 0.744115 0.684779 0.675662 0.673468 0.779439 0.751878 0.366004 0.509663 0.340613 0.577346 0.531394 0.626119 0.238185 0.252789 0.208009 0.255170 0.604254 0.441609 0.595497 0.612936 0.668499 0.687297 0.497640 0.892199 0.578359 0.690499 0.521120 0.689715 0.554304 0.499487 0.902205 0.693879 0.374256 0.657863 0.935145 0.788226 0.477860 0.733544 0.505478 0.511773 0.530575 0.489673 0.840728 0.643450 0.671474 0.855169 0.532731 0.507488 0.737407 0.469132 0.631720 0.589795 0.523025 0.480989 0.854424 0.816993 0.711106 0.633200 0.693320 0.741531 0.584222 0.779738 0.700765 0.735297
0.538161 0.681755 0.259553 0.000000 0.705919 0.601620 0.219042 0.241588 0.590808 0.309957 0.598655 0.521025 0.523176 0.668650 0.546187 0.503799 0.579273 0.535353 0.400127 0.504758 0.571415 0.768302 0.324297 0.618065 0.708021 0.565484 0.899053 0.856097 0.655760 0.434932 0.307099 0.496464 0.320721 0.320344 0.569276 0.764828 0.498275 0.612817 0.639183 0.718119 0.855171 0.740184 0.322937 0.351465 0.564476 0.562626 0.587409 0.406131 0.783467 0.824309 0.872923 0.795452 0.771332 0.627868 0.729961 0.756416 0.704561 0.678718 0.495008 0.617854 0.445457 0.553531 0.483311 0.522888 0.382465 0.304048 0.315561 0.329752 0.675114 0.450549 0.473255 0.503621 0.605669 0.702053 0.542855 0.854604 0.518400 0.629385 0.473950 0.658814 0.442061 0.378068 0.788285 0.503054 0.431874 0.560994 0.864116 0.812118 0.611163 0.720200 0.470802 0.418842 0.494498 0.479426 0.868010 0.582840 0.688252 0.802751 0.517027 0.392576 0.630235 0.385673 0.558151 0.509517 0.495110 0.483573 0.920030 0.766641 0.666597 0.596407 0.698964 0.617852 0.546837 0.653946 0.777674 0.913972
0.721924 0.747455 0.610127 0.705919 0.000000 0.788303 0.627626 0.697634 0.680915 0.808609 0.717852 0.763799 0.615918 0.858182 0.675058 0.826344 0.807108 0.752848 0.641922 0.816830 0.755345 0.796189 0.722117 0.905480 0.889508 0.929889 0.898784 0.831082 0.724217 0.787288 0.714746 0.982598 0.634155 0.642575 0.776213 0.953443 0.867967 0.910784 0.811959 0.788613 0.934671 0.741551 0.629857 0.576292 0.542859 0.617442 0.707767 0.627564 0.986461 0.810558 0.930337 0.830929 0.922705 0.954703 0.930463 0.875646 0.793256 0.832060 0.607279 0.681031 0.573193 0.722390 0.728152 0.791802 0.565604 0.583129 0.592489 0.568164 0.669143 0.784187 0.784214 0.832199 0.972395 0.933904 0.908410 0.918877 0.736793 0.842441 0.800320 0.868575 0.785877 0.802301 0.922572 0.887766 0.689626 0.721913 0.926126 0.859923 0.780453 0.946713 0.754801 0.753545 0.774858 0.680196 0.944453 0.947431 0.850503 0.967836 0.707832 0.670312 0.907133 0.650225 0.713514 0.865294 0.631538 0.670861 0.851966 0.906277 0.913762 0.995197 0.794208 0.764303 0.851835 0.866208 0.712970 0.659933
0.732798 0.791674 0.623584 0.601620 0.788303 0.000000 0.594807 0.565535 0.606497 0.597124 0.808246 0.745625 0.656507 0.946224 0.802824 0.793330 0.864432 0.825232 0.764469 0.791468 0.724878 0.803172 0.714073 0.988078 0.809195 0.585767 0.958781 0.706107 0.869995 0.854044 0.630249 0.852629 0.666782 0.668285 0.611888 0.984592 0.645369 0.962233 0.789614 0.968933 0.915048 0.825408 0.621516 0.681507 0.589987 0.611030 0.585408 0.715852 0.964381 0.839350 0.846273 0.766592 0.838767 0.960865 0.838046 0.768710 0.915322 0.874039 0.659415 0.739521 0.630149 0.713718 0.764884 0.767563 0.649859 0.594559 0.577423 0.507731 0.908434 0.813940 0.648224 0.725188 0.945132 0.969294 0.887912 0.894526 0.735566 0.823791 0.819292 0.887836 0.721084 0.734353 0.883122 0.915148 0.697314 0.865863 0.840676 0.632225 0.793355 0.849616 0.488749 0.529489 0.418287 0.562639 0.831238 0.844581 0.683869 0.891241 0.596356 0.651544 0.636002 0.601639 0.752735 0.823915 0.717263 0.567244 0.949850 0.705047 0.833202 0.881137 0.834820 0.657906 0.748957 0.904555 0.798969 0.716936
0.384335 0.569128 0.204700 0.219042 0.627626 0.594807 0.000000 0.197673 0.457779 0.302584 0.430837 0.461592 0.384250 0.617955 0.490246 0.520387 0.464309 0.425563 0.279124 0.438720 0.603136 0.833405 0.345432 0.759271 0.784552 0.651116 0.971263 0.745028 0.549389 0.396994 0.297230 0.541202 0.248137 0.249067 0.549513 0.735095 0.549924 0.609714 0.695212 0.770486 0.814419 0.734301 0.242872 0.263859 0.401268 0.404355 0.415172 0.321970 0.856558 0.761457 0.760163 0.691065 0.729882 0.584736 0.654339 0.730813 0.559421 0.562672 0.346178 0.485086 0.278929 0.477772 0.337148 0.419506 0.356448 0.271070 0.223167 0.235533 0.524016 0.430812 0.427932 0.420347 0.540629 0.570655 0.573415 0.839353 0.538899 0.538399 0.434644 0.559789 0.351315 0.347294 0.815134 0.577507 0.338851 0.631001 0.948631 0.737002 0.548107 0.812623 0.407146 0.383162 0.449147 0.439893 0.841976 0.573823 0.519701 0.780820 0.354109 0.320461 0.611332 0.335789 0.486232 0.442591 0.423859 0.425346 0.805857 0.692208 0.600885 0.543153 0.604792 0.556858 0.438625 0.663835 0.626472 0.788564
0.368547 0.439384 0.351569 0.241588 0.697634 0.565535 0.197673 0.000000 0.445277 0.225683 0.470439 0.334681 0.355011 0.456589 0.435817 0.405638 0.403447 0.360378 0.292020 0.353403 0.588458 0.815022 0.364516 0.710631 0.831185 0.739795 0.920251 0.805801 0.465160 0.351837 0.346704 0.514982 0.251225 0.258192 0.568184 0.741305 0.524843 0.591861 0.822288 0.755876 0.789312 0.700061 0.263508 0.280208 0.394382 0.418061 0.501798 0.381426 0.920139 0.783890 0.709020 0.644569 0.699352 0.626578 0.730397 0.819469 0.491147 0.460529 0.417549 0.497718 0.334140 0.387370 0.314079 0.295882 0.535296 0.366480 0.338850 0.332340 0.530869 0.400850 0.384911 0.370612 0.510738 0.594826 0.642162 0.772287 0.459008 0.428073 0.408383 0.547686 0.288450 0.300760 0.731629 0.500378 0.455525 0.668678 0.953328 0.702101 0.678002 0.780875 0.331582 0.314806 0.383738 0.417019 0.776310 0.536095 0.499410 0.740749 0.289779 0.236542 0.480172 0.364234 0.437212 0.392874 0.391607 0.420771 0.777984 0.611062 0.597183 0.540126 0.606963 0.462397 0.422837 0.597524 0.650180 0.831253
0.503300 0.563565 0.480373 0.590808 0.680915 0.606497 0.457779 0.445277 0.000000 0.441977 0.484957 0.512961 0.438582 0.710170 0.586988 0.655676 0.540207 0.554121 0.541896 0.538746 0.796877 0.883615 0.695848 0.958630 0.792758 0.808411 0.898122 0.902507 0.589375 0.575233 0.539858 0.796796 0.480747 0.476068 0.627184 0.902104 0.813253 0.900343 0.891367 0.823752 0.775083 0.906555 0.508244 0.497906 0.412660 0.449256 0.499706 0.584271 0.987297 0.737774 0.806093 0.667453 0.816851 0.880622 0.826872 0.719712 0.648049 0.570785 0.456162 0.468169 0.408067 0.498800 0.568726 0.556026 0.577110 0.499311 0.494347 0.470236 0.539341 0.552077 0.624703 0.610885 0.597840 0.638090 0.845274 0.765222 0.525436 0.608222 0.693971 0.610695 0.566302 0.611507 0.974775 0.871694 0.687630 0.951675 0.831897 0.524790 0.688025 0.946452 0.551194 0.531518 0.570973 0.493311 0.755180 0.690701 0.704614 0.902362 0.416244 0.504755 0.723810 0.643853 0.702727 0.606495 0.564627 0.598500 0.868524 0.739975 0.791122 0.696437 0.612029 0.675476 0.632046 0.720547 0.683468 0.645931
0.427708 0.485415 0.457417 0.309957 0.808609 0.597124 0.302584 0.225683 0.441977 0.000000 0.493435 0.399504 0.442750 0.501489 0.452874 0.446946 0.427341 0.409262 0.347550 0.399273 0.597528 0.848897 0.411610 0.778944 0.814449 0.729509 0.885408 0.827279 0.536996 0.386463 0.380845 0.540541 0.345406 0.353167 0.572188 0.794307 0.549444 0.645673 0.847916 0.745199 0.871260 0.714899 0.373984 0.394123 0.512034 0.539390 0.589913 0.463540 0.856719 0.866014 0.820023 0.757059 0.809784 0.725227 0.807267 0.837793 0.530273 0.528706 0.542991 0.619940 0.441319 0.475779 0.409513 0.383685 0.601956 0.454579 0.456380 0.463101 0.538171 0.541238 0.385658 0.431205 0.454145 0.558559 0.682916 0.629488 0.485078 0.403197 0.494854 0.582405 0.337663 0.354886 0.734474 0.564699 0.557456 0.807239 0.996960 0.664570 0.821338 0.857150 0.411137 0.371795 0.431231 0.446877 0.813095 0.496287 0.558463 0.764177 0.329426 0.310349 0.645892 0.493463 0.530323 0.442365 0.527746 0.491983 0.779307 0.654971 0.677404 0.606693 0.661157 0.555524 0.479298 0.631708 0.682029 0.882355
0.252518 0.340468 0.520805 0.598655 0.717852 0.808246 0.430837 0.470439 0.484957 0.493435 0.000000 0.295710 0.285233 0.501740 0.427668 0.481103 0.286136 0.284266 0.315983 0.320254 0.672874 0.926066 0.646596 0.897054 0.998161 0.948116 0.931041 0.735201 0.409320 0.337074 0.533103 0.661982 0.347350 0.332380 0.791567 0.856495 0.684408 0.636052 0.995105 0.748344 0.714852 0.769901 0.471370 0.395087 0.519868 0.493758 0.519594 0.524975 0.930049 0.774394 0.788822 0.744955 0.858832 0.941385 0.812318 0.657134 0.327359 0.314249 0.426227 0.472098 0.306489 0.466501 0.281103 0.303877 0.659085 0.531632 0.522731 0.532549 0.295150 0.396159 0.485467 0.417100 0.461404 0.474518 0.843498 0.642771 0.543998 0.479738 0.433579 0.343684 0.337497 0.396325 0.821186 0.712238 0.581129 0.957920 0.857754 0.635744 0.713813 0.940449 0.683742 0.711438 0.763266 0.694082 0.961891 0.677004 0.586725 0.832018 0.354801 0.411546 0.738230 0.657744 0.452916 0.492182 0.529998 0.510725 0.755950 0.874941 0.758126 0.684346 0.770131 0.636794 0.591661 0.704467 0.535552 0.768345
0.255247 0.216561 0.646567 0.521025 0.763799 0.745625 0.461592 0.334681 0.512961 0.399504 0.295710 0.000000 0.268584 0.290413 0.282559 0.288241 0.233953 0.200946 0.292293 0.262027 0.693067 0.926860 0.543130 0.765559 0.959057 0.973402 0.950521 0.802041 0.311074 0.254969 0.519585 0.611761 0.276061 0.339694 0.874171 0.889985 0.530512 0.579301 0.937734 0.742200 0.672841 0.711562 0.424939 0.350201 0.494924 0.464689 0.579407 0.516499 0.960032 0.783051 0.711860 0.670591 0.808473 0.839814 0.872726 0.816971 0.251251 0.218015 0.506669 0.515049 0.367944 0.367510 0.230369 0.156625 0.803389 0.588506 0.635353 0.603624 0.406663 0.384938 0.384336 0.290632 0.500952 0.581015 0.860721 0.673198 0.452531 0.364633 0.413687 0.382135 0.252878 0.318052 0.646028 0.516193 0.612485 0.800621 0.944252 0.707176 0.772992 0.932129 0.597778 0.572173 0.675707 0.657643 0.820069 0.603672 0.627472 0.741540 0.310559 0.319481 0.631523 0.595733 0.425186 0.408414 0.457119 0.534843 0.785572 0.725407 0.666583 0.625107 0.733957 0.512483 0.510518 0.644565 0.635918 0.841644
0.274493 0.329227 0.485585 0.523176 0.615918 0.656507 0.384250 0.355011 0.438582 0.442750 0.285233 0.268584 0.000000 0.433706 0.274413 0.378814 0.331518 0.275471 0.356808 0.406465 0.653353 0.888310 0.522616 0.811202 0.919038 0.912749 0.979771 0.870518 0.373148 0.324820 0.465666 0.704029 0.300552 0.339208 0.764189 0.979198 0.565289 0.641327 0.964711 0.773259 0.684790 0.681487 0.394315 0.316843 0.369503 0.366877 0.484641 0.455624 0.966539 0.648381 0.699171 0.569011 0.775671 0.837572 0.838532 0.765407 0.378629 0.307336 0.406721 0.418558 0.258078 0.358709 0.282957 0.271193 0.571885 0.457026 0.517838 0.491448 0.422950 0.405618 0.471512 0.403231 0.546965 0.556776 0.778746 0.641204 0.518755 0.407370 0.410173 0.393713 0.317096 0.376392 0.778808 0.645349 0.504483 0.799506 0.876825 0.657352 0.591997 0.871809 0.596512 0.558787 0.631853 0.603974 0.777111 0.602729 0.552150 0.794611 0.328693 0.389076 0.715245 0.575768 0.477695 0.495795 0.460217 0.474427 0.751573 0.758464 0.671284 0.607268 0.721727 0.536845 0.531795 0.640200 0.624001 0.735316
0.490716 0.324159 0.860917 0.668650 0.858182 0.946224 0.617955 0.456589 0.710170 0.501489 0.501740 0.290413 0.433706 0.000000 0.328312 0.298406 0.345600 0.280711 0.407079 0.366620 0.756678 0.945705 0.518793 0.604120 0.976508 0.848401 0.912827 0.784086 0.350666 0.309929 0.624607 0.530699 0.452863 0.505141 0.997702 0.874849 0.706841 0.685084 0.819968 0.776550 0.852465 0.687804 0.495458 0.474460 0.665392 0.654626 0.702020 0.585802 0.934897 0.991663 0.858741 0.857098 0.864289 0.828130 0.997527 0.986013 0.306014 0.327249 0.730670 0.749657 0.620518 0.563060 0.346074 0.283574 0.953354 0.774639 0.825164 0.801804 0.558096 0.606374 0.481458 0.479709 0.555636 0.655018 0.999313 0.728269 0.517568 0.385938 0.495083 0.455661 0.330974 0.359174 0.474967 0.507025 0.682266 0.750079 0.998782 0.955955 0.892116 0.991058 0.751035 0.673808 0.858259 0.830666 0.882491 0.606071 0.685618 0.771533 0.486779 0.386367 0.742726 0.692887 0.452348 0.420152 0.649390 0.698748 0.828038 0.703640 0.683543 0.663018 0.726405 0.562811 0.651111 0.575010 0.773998 0.965722
0.420261 0.388664 0.620381 0.546187 0.675058 0.802824 0.490246 0.435817 0.586988 0.452874 0.427668 0.282559 0.274413 0.328312 0.000000 0.331276 0.366521 0.297353 0.386465 0.415687 0.569749 0.861926 0.459397 0.667572 0.847402 0.982962 0.915375 0.839695 0.365259 0.286902 0.517470 0.643674 0.385273 0.410848 0.889076 0.997649 0.584554 0.657103 0.963698 0.726112 0.817284 0.721289 0.465685 0.354876 0.540656 0.514226 0.585131 0.459288 0.968960 0.762653 0.854059 0.730236 0.856484 0.789668 0.880408 0.858055 0.399065 0.374411 0.603462 0.623230 0.449147 0.455239 0.365921 0.336177 0.640225 0.545239 0.676873 0.655976 0.531471 0.510483 0.486486 0.455312 0.542196 0.649335 0.892491 0.659050 0.488304 0.382639 0.421420 0.429264 0.345065 0.376126 0.672312 0.571218 0.524892 0.689948 0.897877 0.831871 0.669427 0.923993 0.686215 0.610507 0.760119 0.708763 0.823277 0.455482 0.689220 0.773500 0.426524 0.396521 0.858404 0.632076 0.521783 0.493392 0.540418 0.588045 0.821878 0.762481 0.651467 0.662960 0.725472 0.542933 0.577094 0.587924 0.763871 0.805148
0.497809 0.385822 0.667831 0.503799 0.826344 0.793330 0.520387 0.405638 0.655676 0.446946 0.481103 0.288241 0.378814 0.298406 0.331276 0.000000 0.337018 0.274312 0.377776 0.340800 0.690188 0.867696 0.379615 0.518445 0.873092 0.956853 0.984640 0.827862 0.340155 0.232508 0.548676 0.488051 0.392726 0.431794 0.922107 0.887191 0.553743 0.667442 0.989410 0.721033 0.768952 0.658841 0.422384 0.379971 0.698350 0.640008 0.690801 0.534401 0.820265 0.956778 0.946951 0.896592 0.943500 0.917061 0.923003 0.975822 0.367377 0.350738 0.681749 0.729605 0.523799 0.477445 0.350632 0.286103 0.785057 0.563487 0.725054 0.675026 0.586606 0.553964 0.421321 0.455698 0.590419 0.668437 0.868161 0.672069 0.478292 0.367560 0.471012 0.457007 0.331961 0.333252 0.550952 0.459942 0.640825 0.622777 0.994016 0.996837 0.851436 0.898114 0.741848 0.653169 0.824682 0.786720 0.838544 0.561216 0.766213 0.727216 0.520812 0.388533 0.806801 0.682332 0.459339 0.370374 0.534308 0.597176 0.897666 0.896713 0.700330 0.621309 0.760516 0.620563 0.622670 0.614662 0.737103 0.858789
0.304189 0.262187 0.632249 0.579273 0.807108 0.864432 0.464309 0.403447 0.540207 0.427341 0.286136 0.233953 0.331518 0.345600 0.366521 0.337018 0.000000 0.170468 0.267217 0.253585 0.694322 0.956278 0.524482 0.743704 0.933642 0.968858 0.977945 0.718917 0.283195 0.227223 0.489745 0.546880 0.332428 0.324954 0.873851 0.845201 0.611439 0.585097 0.946108 0.818887 0.661204 0.711221 0.442550 0.360552 0.578782 0.548380 0.587121 0.570221 0.905184 0.884046 0.860404 0.818610 0.953806 0.885929 0.944607 0.871257 0.221408 0.227339 0.570490 0.596913 0.422490 0.465078 0.239355 0.214385 0.774381 0.623114 0.643335 0.635544 0.359510 0.427517 0.395849 0.360673 0.452721 0.483329 0.849489 0.646466 0.510409 0.426219 0.389606 0.315066 0.217891 0.294371 0.634635 0.543716 0.609861 0.823244 0.956296 0.792667 0.813220 0.981620 0.678809 0.623662 0.758714 0.667080 0.807563 0.631422 0.606095 0.769029 0.436381 0.357509 0.781704 0.651974 0.472950 0.395621 0.569361 0.578796 0.735350 0.781515 0.752765 0.623922 0.676413 0.559509 0.556516 0.590924 0.677810 0.763699
0.299971 0.228203 0.606003 0.535353 0.752848 0.825232 0.425563 0.360378 0.554121 0.409262 0.284266 0.200946 0.275471 0.280711 0.297353 0.274312 0.170468 0.000000 0.223017 0.217791 0.693421 0.964111 0.455745 0.691365 0.948196 0.947833 0.979736 0.703058 0.248101 0.181004 0.506239 0.522995 0.285861 0.300716 0.848132 0.854513 0.573516 0.587657 0.943549 0.816981 0.723339 0.655214 0.389079 0.321965 0.546624 0.513112 0.592903 0.488625 0.895418 0.884354 0.855544 0.813742 0.905684 0.869630 0.903820 0.895165 0.189654 0.201035 0.565976 0.607545 0.395197 0.455264 0.198819 0.181166 0.735094 0.593265 0.611970 0.609155 0.358211 0.426348 0.354604 0.310630 0.462328 0.500064 0.792596 0.680093 0.475634 0.369498 0.344189 0.294663 0.174922 0.236403 0.540221 0.462567 0.529069 0.732641 0.992423 0.838753 0.803811 0.962734 0.641731 0.572726 0.721637 0.657026 0.827235 0.584226 0.585553 0.793909 0.382528 0.301569 0.717315 0.618519 0.413040 0.356808 0.515323 0.542611 0.755433 0.825157 0.724030 0.598605 0.682721 0.492023 0.529771 0.585091 0.635693 0.832144
0.308515 0.333292 0.458185 0.400127 0.641922 0.764469 0.279124 0.292020 0.541896 0.347550 0.315983 0.292293 0.356808 0.407079 0.386465 0.377776 0.267217 0.223017 0.000000 0.227780 0.707684 0.939599 0.361039 0.679950 0.923357 0.963204 0.968447 0.577846 0.350345 0.276823 0.433234 0.444526 0.264715 0.262012 0.780030 0.717604 0.574326 0.600629 0.916553 0.803251 0.831143 0.695524 0.305005 0.289164 0.534103 0.550692 0.528058 0.388125 0.807528 0.937550 0.893343 0.877564 0.934131 0.770255 0.878631 0.929813 0.280433 0.343769 0.514572 0.633132 0.372223 0.521828 0.207595 0.273817 0.616172 0.479971 0.458095 0.470585 0.418215 0.433089 0.280525 0.321578 0.508429 0.523442 0.724841 0.728021 0.510986 0.438136 0.395957 0.398669 0.219489 0.271804 0.591891 0.486162 0.446989 0.673178 0.933200 0.786841 0.799516 0.973726 0.551216 0.507448 0.649077 0.587565 0.922089 0.603076 0.535745 0.737563 0.354951 0.249528 0.697559 0.486363 0.401902 0.361912 0.516433 0.512337 0.773463 0.781068 0.660445 0.655321 0.618907 0.502158 0.530572 0.654851 0.584086 0.839054
0.344410 0.287574 0.609706 0.504758 0.816830 0.791468 0.438720 0.353403 0.538746 0.399273 0.320254 0.262027 0.406465 0.366620 0.415687 0.340800 0.253585 0.217791 0.227780 0.000000 0.705078 0.954432 0.468210 0.691680 0.966745 0.949744 0.944211 0.660735 0.355374 0.261440 0.518634 0.441396 0.349709 0.321824 0.887929 0.729303 0.581054 0.618378 0.941785 0.862310 0.719390 0.761997 0.401325 0.371498 0.639883 0.616460 0.642823 0.538968 0.803769 0.998235 0.927448 0.944444 0.984768 0.886936 0.941523 0.927300 0.261377 0.286379 0.623927 0.703918 0.483634 0.529409 0.253063 0.262474 0.789854 0.638467 0.604501 0.620372 0.393587 0.447222 0.312001 0.351163 0.447391 0.484662 0.816847 0.697407 0.521594 0.428317 0.385242 0.378628 0.250237 0.303188 0.637509 0.509229 0.633097 0.796587 0.945567 0.803257 0.943412 0.944927 0.612185 0.581446 0.723362 0.658001 0.861341 0.655016 0.655447 0.833665 0.405720 0.321460 0.677851 0.582232 0.457613 0.376526 0.578639 0.539282 0.817775 0.824789 0.714593 0.656658 0.643693 0.521525 0.597430 0.607480 0.616004 0.894136
0.714046 0.756674 0.602564 0.571415 0.755345 0.724878 0.603136 0.588458 0.796877 0.597528 0.672874 0.693067 0.653353 0.756678 0.569749 0.690188 0.694322 0.693421 0.707684 0.705078 0.000000 0.677294 0.631578 0.788379 0.675753 0.740214 0.916035 0.983308 0.783803 0.600234 0.644442 0.760294 0.629154 0.569343 0.809294 0.998849 0.711799 0.787418 0.989186 0.876255 0.846737 0.792064 0.669244 0.619290 0.771588 0.716520 0.768267 0.683814 0.914278 0.806321 0.888675 0.836331 0.910506 0.843550 0.690575 0.776892 0.816261 0.799325 0.705942 0.773230 0.639002 0.678172 0.695695 0.695109 0.613116 0.613015 0.655000 0.654305 0.736444 0.772817 0.765405 0.742916 0.651639 0.912670 0.830718 0.968680 0.727538 0.647422 0.663441 0.783604 0.650250 0.620124 0.982002 0.750798 0.694349 0.786355 0.969949 0.866006 0.825711 0.900562 0.688275 0.661383 0.669451 0.714339 0.971081 0.533222 0.929146 0.930457 0.729176 0.679809 0.880426 0.787428 0.662699 0.780695 0.715923 0.589082 0.918442 0.900462 0.704277 0.845688 0.785921 0.775676 0.705368 0.796471 0.854084 0.815889
0.935665 0.964428 0.721669 0.768302 0.796189 0.803172 0.833405 0.815022 0.883615 0.848897 0.926066 0.926860 0.888310 0.945705 0.861926 0.867696 0.956278 0.964111 0.939599 0.954432 0.677294 0.000000 0.790678 0.903967 0.744795 0.708663 0.698164 0.944170 0.920108 0.887927 0.738476 0.929096 0.893589 0.834123 0.896212 0.898680 0.904218 0.857254 0.829651 0.784063 0.927627 0.902929 0.794228 0.790904 0.851255 0.936280 0.915008 0.973462 0.990994 0.919580 0.991098 0.870536 0.899034 0.888812 0.851970 0.841303 0.979581 0.976901 0.871016 0.976147 0.929870 0.948702 0.983055 0.968162 0.774545 0.811107 0.786688 0.853633 0.915222 0.858123 0.835590 0.950994 0.983078 0.921954 0.823450 0.873529 0.873214 0.876162 0.851137 0.947258 0.947213 0.928719 0.911831 0.965299 0.867433 0.912808 0.972808 0.970071 0.809584 0.954976 0.855611 0.865717 0.873073 0.845726 0.893535 0.713888 0.954970 0.947849 0.890229 0.866952 0.946654 0.842376 0.884251 0.821830 0.816638 0.772925 0.937743 0.946548 0.952588 0.962310 0.863647 0.988227 0.912559 0.996577 0.914289 0.875157
0.642931 0.628140 0.437839 0.324297 0.722117 0.714073 0.345432 0.364516 0.695848 0.411610 0.646596 0.543130 0.522616 0.518793 0.459397 0.379615 0.524482 0.455745 0.361039 0.468210 0.631578 0.790678 0.000000 0.365206 0.726442 0.763801 0.910341 0.785179 0.558925 0.401181 0.398887 0.410077 0.416129 0.450747 0.800719 0.719437 0.568367 0.710365 0.818194 0.871214 0.947094 0.647648 0.365055 0.423881 0.701338 0.721992 0.703450 0.548083 0.636144 0.975773 0.909627 0.978625 0.954329 0.703828 0.983125 0.948710 0.594685 0.638377 0.768353 0.904272 0.603396 0.718557 0.483537 0.540204 0.468170 0.453037 0.548877 0.579264 0.779920 0.662729 0.344374 0.485722 0.666377 0.704430 0.694104 0.881500 0.523504 0.520360 0.557755 0.606869 0.430555 0.395778 0.613514 0.533801 0.394502 0.442941 0.777132 0.999892 0.750514 0.974272 0.588059 0.476261 0.647362 0.617586 0.937304 0.487677 0.755777 0.804567 0.588068 0.378252 0.830556 0.528579 0.643535 0.492295 0.663253 0.571394 0.961277 0.829393 0.702653 0.665871 0.735608 0.614059 0.599092 0.706305 0.812593 0.828069
0.977545 0.838140 0.832558 0.618065 0.905480 0.988078 0.759271 0.710631 0.958630 0.778944 0.897054 0.765559 0.811202 0.604120 0.667572 0.518445 0.743704 0.691365 0.679950 0.691680 0.788379 0.903967 0.365206 0.000000 0.708408 0.996362 0.979945 0.842852 0.686664 0.579572 0.767655 0.453864 0.756957 0.769594 0.922623 0.803647 0.736348 0.808350 0.966726 0.986780 0.979001 0.832182 0.709048 0.775516 0.893063 0.892787 0.956695 0.853152 0.538206 0.728194 0.701258 0.735850 0.867259 0.909961 0.787216 0.727489 0.752863 0.822664 0.846743 0.782090 0.984256 0.937565 0.751384 0.764602 0.811080 0.775875 0.953037 0.997839 0.998410 0.881537 0.640900 0.796325 0.811215 0.846103 0.907439 0.950158 0.757850 0.760370 0.733659 0.757336 0.685079 0.587263 0.615329 0.610166 0.697396 0.456173 0.815306 0.728469 0.913296 0.981278 0.960911 0.862837 0.985533 0.978828 0.893736 0.645686 0.989271 0.832050 0.948497 0.676258 0.948270 0.825897 0.866220 0.703512 0.826804 0.866020 0.824769 0.965239 0.793268 0.891583 0.873964 0.841478 0.916253 0.740828 0.870866 0.944016
0.945059 0.986946 0.667602 0.708021 0.889508 0.809195 0.784552 0.831185 0.792758 0.814449 0.998161 0.959057 0.919038 0.976508 0.847402 0.873092 0.933642 0.948196 0.923357 0.966745 0.675753 0.744795 0.726442 0.708408 0.000000 0.524933 0.633993 0.861595 0.945381 0.788586 0.710720 0.881707 0.882805 0.793838 0.767209 0.871492 0.847240 0.925534 0.723222 0.982554 0.853517 0.921978 0.814940 0.832758 0.919641 0.916521 0.878875 0.787110 0.798464 0.899060 0.866738 0.932865 0.924504 0.968058 0.993195 0.974367 0.971939 0.998671 0.924299 0.987157 0.897237 0.965997 0.991464 0.996169 0.591573 0.688354 0.793492 0.789653 0.970865 0.863019 0.916629 0.956245 0.817410 0.995688 0.811497 0.973394 0.777948 0.968352 0.921742 0.963081 0.929246 0.868861 0.997434 0.901686 0.904135 0.748724 0.903811 0.897283 0.849194 0.890858 0.925492 0.883110 0.828413 0.837744 0.972984 0.717248 0.909318 0.874431 0.958319 0.902522 0.990609 0.966827 0.892823 0.936256 0.854558 0.808525 0.868313 0.957504 0.842255 0.889341 0.700082 0.977982 0.980868 0.852010 0.968605 0.652042
0.978081 0.883766 0.473053 0.565484 0.929889 0.585767 0.651116 0.739795 0.808411 0.729509 0.948116 0.973402 0.912749 0.848401 0.982962 0.956853 0.968858 0.947833 0.963204 0.949744 0.740214 0.708663 0.763801 0.996362 0.524933 0.000000 0.657708 0.692497 0.915446 0.927702 0.612336 0.905729 0.796906 0.755308 0.498724 0.798379 0.826688 0.992453 0.668531 0.866742 0.944271 0.984998 0.770584 0.776433 0.807984 0.797976 0.676150 0.718699 0.885461 0.807520 0.974547 0.810726 0.843763 0.934091 0.765876 0.714994 0.822044 0.902332 0.680855 0.759263 0.752999 0.866196 0.998787 0.964521 0.456129 0.518879 0.561215 0.518064 0.943766 0.787578 0.981181 0.994659 0.941321 0.981514 0.597937 0.987047 0.850963 0.970698 0.909727 0.974268 0.952014 0.857182 0.913328 0.980516 0.707403 0.755800 0.970356 0.931438 0.688959 0.658512 0.834466 0.838619 0.732136 0.812608 0.872599 0.905002 0.892513 0.986860 0.942094 0.885933 0.980387 0.817134 0.969723 0.941680 0.900855 0.756755 0.997396 0.947105 0.929426 0.849235 0.928133 0.999205 0.928466 0.965533 0.887681 0.710207
0.910443 0.961992 0.858686 0.899053 0.898784 0.958781 0.971263 0.920251 0.898122 0.885408 0.931041 0.950521 0.979771 0.912827 0.915375 0.984640 0.977945 0.979736 0.968447 0.944211 0.916035 0.698164 0.910341 0.979945 0.633993 0.657708 0.000000 0.784605 0.992122 0.935272 0.760729 0.964199 0.998134 0.953721 0.990773 0.980069 0.977933 0.974901 0.874409 0.964683 0.951671 0.905531 0.913658 0.871177 0.985230 0.970486 0.928456 0.944371 0.923290 0.824935 0.938612 0.935831 0.985252 0.953839 0.989136 0.948241 0.951548 0.979367 0.983090 0.992652 0.958747 0.890965 0.921850 0.902121 0.731514 0.912093 0.967348 0.964766 0.965038 0.850617 0.974294 0.985195 0.990178 0.934228 0.820846 0.963115 0.907725 0.802665 0.913330 0.961318 0.929674 0.955894 0.930809 0.975141 0.938225 0.824183 0.884213 0.931103 0.899840 0.893772 0.806731 0.890999 0.848144 0.944160 0.910992 0.974533 0.849416 0.970819 0.822039 0.908015 0.949777 0.950241 0.879509 0.966883 0.869680 0.966763 0.969871 0.851805 0.889730 0.996347 0.967930 0.991652 0.939423 0.954331 0.994388 0.928541
0.737044 0.767191 0.898227 0.856097 0.831082 0.706107 0.745028 0.805801 0.902507 0.827279 0.735201 0.802041 0.870518 0.784086 0.839695 0.827862 0.718917 0.703058 0.577846 0.660735 0.983308 0.944170 0.785179 0.842852 0.861595 0.692497 0.784605 0.000000 0.728852 0.751284 0.939985 0.799423 0.790307 0.776596 0.986680 0.845082 0.931055 0.840448 0.861921 0.906558 0.998754 0.940580 0.757487 0.780274 0.928623 0.946382 0.999639 0.728658 0.782268 0.909060 0.896434 0.862672 0.910535 0.812008 0.962303 0.842274 0.655134 0.756279 0.932416 0.974034 0.820295 0.861485 0.737799 0.804960 0.978091 0.872090 0.871036 0.901658 0.718163 0.850750 0.736088 0.760120 0.621283 0.645431 0.934627 0.926826 0.927865 0.862409 0.782658 0.676472 0.751587 0.828686 0.849079 0.840975 0.840845 0.962081 0.808604 0.982220 0.924694 0.749951 0.932509 0.887981 0.980046 0.923572 0.932398 0.927127 0.928875 0.953154 0.795374 0.727383 0.964501 0.769980 0.805175 0.743253 0.809064 0.990635 0.941307 0.996390 0.952510 0.924950 0.758931 0.821736 0.885485 0.917890 0.870771 0.846639
0.446984 0.371353 0.712354 0.655760 0.724217 0.869995 0.549389 0.465160 0.589375 0.536996 0.409320 0.311074 0.373148 0.350666 0.365259 0.340155 0.283195 0.248101 0.350345 0.355374 0.783803 0.920108 0.558925 0.686664 0.945381 0.915446 0.992122 0.728852 0.000000 0.268636 0.613316 0.573384 0.389124 0.371833 0.870084 0.914711 0.738860 0.772227 0.997115 0.852154 0.785436 0.682033 0.453402 0.388804 0.591590 0.534781 0.571492 0.473678 0.928210 0.833119 0.863873 0.774848 0.839631 0.866380 0.899706 0.925157 0.313385 0.319897 0.624949 0.642646 0.467761 0.450724 0.318116 0.289502 0.786154 0.602698 0.645898 0.655858 0.451063 0.421965 0.544532 0.529312 0.525480 0.569853 0.866591 0.630210 0.558544 0.434885 0.428224 0.386736 0.282268 0.343864 0.563637 0.482702 0.592765 0.724221 0.888215 0.900386 0.827551 0.911175 0.757430 0.675052 0.830519 0.806267 0.786512 0.623267 0.698861 0.764197 0.499155 0.410763 0.745760 0.602964 0.482482 0.419767 0.561466 0.625886 0.836816 0.947169 0.815276 0.654880 0.614442 0.613138 0.653887 0.620170 0.768279 0.821152
0.385780 0.332842 0.524011 0.434932 0.787288 0.854044 0.396994 0.351837 0.575233 0.386463 0.337074 0.254969 0.324820 0.309929 0.286902 0.232508 0.227223 0.181004 0.276823 0.261440 0.600234 0.887927 0.401181 0.579572 0.788586 0.927702 0.935272 0.751284 0.268636 0.000000 0.434777 0.451508 0.306814 0.289617 0.823973 0.854016 0.543235 0.535239 0.995434 0.786399 0.694789 0.721362 0.330878 0.269715 0.592307 0.506687 0.580848 0.413726 0.843107 0.827330 0.858758 0.796593 0.845980 0.791899 0.927412 0.874445 0.281468 0.293171 0.576097 0.642594 0.405150 0.425453 0.266502 0.236150 0.644077 0.489158 0.580221 0.581728 0.435783 0.411883 0.425287 0.396586 0.408722 0.474663 0.735896 0.641552 0.485731 0.375028 0.325432 0.367222 0.239430 0.261319 0.524984 0.450297 0.532618 0.682175 0.970237 0.916751 0.738021 0.918402 0.708850 0.636160 0.807309 0.722776 0.849177 0.539220 0.697620 0.733224 0.467389 0.342374 0.751544 0.618878 0.474387 0.348221 0.499605 0.507536 0.801493 0.842906 0.651384 0.541697 0.652008 0.572626 0.542925 0.588189 0.690011 0.827505
0.492214 0.616208 0.334287 0.307099 0.714746 0.630249 0.297230 0.346704 0.539858 0.380845 0.533103 0.519585 0.465666 0.624607 0.517470 0.548676 0.489745 0.506239 0.433234 0.518634 0.644442 0.738476 0.398887 0.767655 0.710720 0.612336 0.760729 0.939985 0.613316 0.434777 0.000000 0.541676 0.338391 0.328998 0.597063 0.761124 0.574242 0.665920 0.717253 0.798035 0.788868 0.735419 0.333376 0.330869 0.505127 0.512869 0.563338 0.470233 0.845231 0.796547 0.853834 0.762295 0.773415 0.734153 0.771953 0.731263 0.605678 0.614663 0.488594 0.590229 0.416498 0.606857 0.464724 0.501037 0.431953 0.406484 0.379465 0.385745 0.659794 0.521781 0.496954 0.556515 0.600300 0.705419 0.671373 0.782280 0.582551 0.620111 0.548070 0.610427 0.461916 0.466878 0.758708 0.632619 0.513245 0.717436 0.912109 0.724759 0.540654 0.827399 0.587977 0.544334 0.624570 0.530412 0.826891 0.654438 0.569333 0.761841 0.523004 0.491241 0.690947 0.422267 0.640872 0.581484 0.664000 0.495237 0.801897 0.700431 0.765008 0.635296 0.619153 0.649871 0.550732 0.673424 0.712341 0.815896
0.715800 0.712074 0.654183 0.496464 0.982598 0.852629 0.541202 0.514982 0.796796 0.540541 0.661982 0.611761 0.704029 0.530699 0.643674 0.488051 0.546880 0.522995 0.444526 0.441396 0.760294 0.929096 0.410077 0.453864 0.881707 0.905729 0.964199 0.799423 0.573384 0.451508 0.541676 0.000000 0.538817 0.517000 0.955486 0.665372 0.768061 0.864250 0.981199 0.954964 0.988187 0.868515 0.540048 0.613928 0.946942 0.927038 0.855813 0.658948 0.537257 0.741805 0.821756 0.815101 0.943217 0.865747 0.954736 0.898170 0.593738 0.678086 0.902035 0.980333 0.764856 0.831704 0.504709 0.559395 0.803661 0.694736 0.716052 0.731720 0.806173 0.702188 0.545788 0.663356 0.680440 0.692671 0.820934 0.864097 0.746024 0.608236 0.512069 0.639215 0.462232 0.396423 0.606105 0.531572 0.646567 0.601475 0.930533 0.853945 0.924788 0.922953 0.814516 0.734080 0.859808 0.871567 0.965579 0.604004 0.783417 0.826610 0.786689 0.532741 0.809012 0.608155 0.694664 0.489995 0.797200 0.806362 0.907641 0.936067 0.772205 0.727657 0.688261 0.805312 0.867721 0.723934 0.839462 0.921730
0.266776 0.388785 0.356272 0.320721 0.634155 0.666782 0.248137 0.251225 0.480747 0.345406 0.347350 0.276061 0.300552 0.452863 0.385273 0.392726 0.332428 0.285861 0.264715 0.349709 0.629154 0.893589 0.416129 0.756957 0.882805 0.796906 0.998134 0.790307 0.389124 0.306814 0.338391 0.538817 0.000000 0.195953 0.601055 0.774211 0.475640 0.567706 0.847056 0.702964 0.746754 0.662703 0.331559 0.275099 0.411417 0.395467 0.528413 0.408800 0.947602 0.764506 0.750155 0.668342 0.750874 0.723276 0.703657 0.701040 0.392122 0.367620 0.362497 0.422380 0.254161 0.407673 0.241119 0.257254 0.507450 0.374967 0.348619 0.341103 0.428962 0.338780 0.392583 0.345308 0.548924 0.640068 0.680974 0.855209 0.440942 0.395920 0.391903 0.470382 0.259658 0.259359 0.696749 0.453967 0.402489 0.604646 0.975026 0.756008 0.590880 0.825413 0.484980 0.430253 0.527524 0.489805 0.797360 0.658279 0.617183 0.801602 0.341088 0.358921 0.652880 0.406469 0.407588 0.393596 0.407627 0.485556 0.781836 0.719535 0.772749 0.638233 0.643043 0.515891 0.502418 0.648484 0.647025 0.839053
0.307552 0.416730 0.336038 0.320344 0.642575 0.668285 0.249067 0.258192 0.476068 0.353167 0.332380 0.339694 0.339208 0.505141 0.410848 0.431794 0.324954 0.300716 0.262012 0.321824 0.569343 0.834123 0.450747 0.769594 0.793838 0.755308 0.953721 0.776596 0.371833 0.289617 0.328998 0.517000 0.195953 0.000000 0.532557 0.732906 0.526826 0.576319 0.770930 0.688466 0.752516 0.702408 0.323021 0.271586 0.446320 0.443583 0.492650 0.352473 0.876208 0.764315 0.813318 0.719551 0.775042 0.767086 0.698062 0.700109 0.413872 0.400960 0.369197 0.447114 0.274170 0.416697 0.255447 0.296445 0.456900 0.342399 0.301602 0.312463 0.390913 0.325584 0.428186 0.434435 0.504877 0.626337 0.735982 0.755228 0.488899 0.429469 0.330336 0.452458 0.243154 0.248558 0.707272 0.486450 0.426278 0.630333 0.991353 0.696831 0.628844 0.793002 0.482444 0.469296 0.544601 0.496465 0.826483 0.611446 0.570229 0.714746 0.379476 0.341685 0.642726 0.412583 0.417676 0.357312 0.417103 0.427319 0.789964 0.733787 0.759066 0.610525 0.566129 0.495165 0.491403 0.583622 0.599039 0.783841
0.725254 0.891846 0.491017 0.569276 0.776213 0.611888 0.549513 0.568184 0.627184 0.572188 0.791567 0.874171 0.764189 0.997702 0.889076 0.922107 0.873851 0.848132 0.780030 0.887929 0.809294 0.896212 0.800719 0.922623 0.767209 0.498724 0.990773 0.986680 0.870084 0.823973 0.597063 0.955486 0.601055 0.532557 0.000000 0.725289 0.739540 0.797815 0.621734 0.880407 0.962148 0.943788 0.669176 0.640031 0.539791 0.578702 0.758961 0.642141 0.986902 0.734573 0.822320 0.703961 0.665720 0.884780 0.665307 0.681270 0.936580 0.903238 0.506002 0.572132 0.529667 0.632469 0.788791 0.806892 0.476384 0.445498 0.400949 0.412111 0.741923 0.665379 0.878736 0.894115 0.818653 0.940409 0.778128 0.930076 0.712294 0.826268 0.828662 0.901176 0.741975 0.723586 0.962395 0.865758 0.658400 0.788050 0.961408 0.669669 0.712705 0.719273 0.588233 0.635027 0.543631 0.584795 0.901816 0.925587 0.669112 0.804333 0.664375 0.692086 0.716114 0.653670 0.707282 0.818720 0.708213 0.620346 0.838691 0.747691 0.984923 0.848943 0.768094 0.615123 0.755874 0.878046 0.809507 0.872265
0.857725 0.873384 0.754722 0.764828 0.953443 0.984592 0.735095 0.741305 0.902104 0.794307 0.856495 0.889985 0.979198 0.874849 0.997649 0.887191 0.845201 0.854513 0.717604 0.729303 0.998849 0.898680 0.719437 0.803647 0.871492 0.798379 0.980069 0.845082 0.914711 0.854016 0.761124 0.665372 0.774211 0.732906 0.725289 0.000000 0.886646 0.780438 0.816302 0.970083 0.914379 0.958705 0.755400 0.829804 0.891829 0.959344 0.986620 0.875267 0.809654 0.861663 0.990535 0.991948 0.920625 0.904621 0.927750 0.910687 0.818005 0.884188 0.879942 0.945885 0.840287 0.922096 0.805057 0.849343 0.841192 0.791417 0.708093 0.776256 0.816039 0.809383 0.708570 0.870181 0.880187 0.855706 0.899048 0.990245 0.900612 0.856158 0.958287 0.927426 0.808874 0.824207 0.763310 0.841991 0.865364 0.792378 0.838131 0.978561 0.954451 0.992153 0.909203 0.982993 0.946087 0.934430 0.771417 0.855700 0.883544 0.992072 0.863085 0.790729 0.835662 0.869811 0.932590 0.781318 0.912386 0.879875 0.659874 0.877829 0.980010 0.956950 0.739037 0.783743 0.961710 0.866702 0.832735 0.868016
0.542636 0.588984 0.631839 0.498275 0.867967 0.645369 0.549924 0.524843 0.813253 0.549444 0.684408 0.530512 0.565289 0.706841 0.584554 0.553743 0.611439 0.573516 0.574326 0.581054 0.711799 0.904218 0.568367 0.736348 0.847240 0.826688 0.977933 0.931055 0.738860 0.543235 0.574242 0.768061 0.475640 0.526826 0.739540 0.886646 0.000000 0.510496 0.958142 0.885295 0.764474 0.758774 0.582614 0.565511 0.727242 0.708385 0.813569 0.690638 0.968444 0.900798 0.859570 0.868925 0.991436 0.916885 0.928097 0.931698 0.588406 0.585949 0.673360 0.793564 0.578246 0.585708 0.534728 0.528058 0.704907 0.599647 0.691389 0.682726 0.712156 0.638051 0.472683 0.515998 0.714739 0.762878 0.862926 0.885451 0.645403 0.605260 0.597149 0.784014 0.579656 0.576861 0.834307 0.572457 0.672196 0.749621 0.855765 0.856628 0.867512 0.933336 0.687045 0.638969 0.702593 0.658972 0.791342 0.837420 0.715721 0.732967 0.598304 0.615028 0.804861 0.634482 0.681548 0.659176 0.525425 0.618861 0.996877 0.725199 0.684172 0.799390 0.779010 0.525833 0.659409 0.773199 0.773690 0.885037
0.499986 0.547513 0.668714 0.612817 0.910784 0.962233 0.609714 0.591861 0.900343 0.645673 0.636052 0.579301 0.641327 0.685084 0.657103 0.667442 0.585097 0.587657 0.600629 0.618378 0.787418 0.857254 0.710365 0.808350 0.925534 0.992453 0.974901 0.840448 0.772227 0.535239 0.665920 0.864250 0.567706 0.576319 0.797815 0.780438 0.510496 0.000000 0.961260 0.737601 0.792927 0.913544 0.555406 0.530178 0.667858 0.647025 0.836270 0.731824 0.824219 0.729812 0.639151 0.658494 0.714632 0.653793 0.834081 0.909862 0.561888 0.565391 0.616304 0.697294 0.570997 0.588849 0.538072 0.530463 0.752686 0.692124 0.737060 0.761051 0.601447 0.525665 0.579392 0.553184 0.696020 0.616158 0.813290 0.839975 0.681111 0.702038 0.676072 0.691187 0.650697 0.653560 0.784215 0.665012 0.724622 0.795208 0.947513 0.892344 0.794767 0.820323 0.800583 0.813533 0.906661 0.775088 0.977508 0.798477 0.744790 0.752101 0.631850 0.643714 0.820945 0.798127 0.687481 0.576378 0.623658 0.574412 0.736291 0.673907 0.667388 0.751214 0.809189 0.726638 0.589458 0.739456 0.816366 0.849359
