0.000000 0.562161 0.805935 0.861697 0.875408 0.935523 0.684426 0.703185 0.925307 0.911692 0.765302 0.751650 0.743384 0.822436 0.816983 0.881872 0.536292 0.523600 0.619223 0.780028 0.889429 0.958594 0.930281 0.943472 0.894150 0.871524 0.963179 0.997692 0.708078 0.671134 0.945544 0.978980 0.737411 0.642462 0.839131 0.985144 0.963528 0.744376 0.875535 0.875701 0.939967 0.995508 0.870043 0.766379 0.977876 0.894929 0.727585 0.882047 0.900629 0.897995 0.865152 0.924739 0.890408 0.987643 0.917776 0.986558 0.505181 0.587370 0.660105 0.844170 0.612272 0.717437 0.562356 0.541059 0.789969 0.831736 0.916550 0.907156 0.898957 0.851787 0.937283 0.979348 0.886399 0.893198 0.964709 0.994746 0.809393 0.797019 0.887156 0.903405 0.576362 0.641392 0.872597 0.687091 0.707095 0.800158 0.952908 0.928114 0.858818 0.733034 0.968418 0.985866 0.902285 0.995609 0.967615 0.860222 0.931006 0.865009 0.845808 0.774647 0.992054 0.988554 0.918939 0.858523 0.997169 0.991556 0.777540 0.934255 0.779473 0.917491 0.973640 0.954139 0.855372 0.929902 0.881855 0.899413
0.562161 0.000000 0.857131 0.841381 0.858635 0.951983 0.832941 0.703856 0.922316 0.918133 0.841619 0.659091 0.719600 0.708655 0.747169 0.769186 0.566012 0.535950 0.671647 0.798863 0.989919 0.998186 0.913036 0.950155 0.806566 0.875754 0.931222 0.836003 0.666385 0.670376 0.907331 0.994693 0.638478 0.687470 0.808687 0.900882 0.899871 0.929283 0.989945 0.827064 0.981600 0.954893 0.798905 0.670577 0.854850 0.813933 0.705967 0.735975 0.864002 0.862283 0.904616 0.810538 0.789482 0.872489 0.855254 0.967495 0.594346 0.528660 0.741426 0.867457 0.630862 0.651821 0.588337 0.523039 0.761886 0.832381 0.922039 0.876275 0.999090 0.798065 0.858107 0.968633 0.854498 0.951242 0.960532 0.992441 0.831859 0.929851 0.698209 0.905722 0.546610 0.693316 0.875215 0.728027 0.821927 0.787792 0.982539 0.965802 0.864935 0.788729 0.941358 0.851658 0.970866 0.895821 0.865372 0.789115 0.968873 0.850085 0.815303 0.872394 0.998977 0.930758 0.956817 0.930469 0.943346 0.981943 0.965099 0.881352 0.892787 0.965930 0.984429 0.997556 0.947160 0.950859 0.736553 0.971321
0.805935 0.857131 0.000000 0.485632 0.839312 0.956697 0.402112 0.457299 0.835115 0.871465 0.889495 0.950803 0.775206 0.991696 0.986047 0.895417 0.972457 0.892512 0.813092 0.694330 0.787049 0.877928 0.704016 0.827561 0.652723 0.822794 0.842450 0.984707 0.929801 0.933760 0.867587 0.942988 0.623749 0.637107 0.719189 0.920970 0.861865 0.961627 0.922229 0.789120 0.955504 0.781295 0.628893 0.726398 0.989383 0.994868 0.670490 0.750162 0.884727 0.866458 0.658076 0.634912 0.951857 0.916566 0.917740 0.884037 0.868102 0.906980 0.512232 0.649217 0.543833 0.755541 0.883426 0.911749 0.457188 0.581988 0.517719 0.517977 0.857965 0.972387 0.836114 0.780141 0.970974 0.953892 0.932228 0.942415 0.714733 0.872666 0.980899 0.877998 0.734894 0.800986 0.966362 0.876799 0.563726 0.725474 0.782360 0.864360 0.818188 0.697234 0.605407 0.698012 0.618170 0.599826 0.840816 0.818232 0.801418 0.957012 0.606401 0.609576 0.638827 0.864239 0.828298 0.873111 0.557695 0.667137 0.970686 0.807460 0.830128 0.876957 0.767081 0.836715 0.898799 0.937967 0.735870 0.817886
0.861697 0.841381 0.485632 0.000000 0.985722 0.999193 0.638151 0.420506 0.952110 0.872401 0.946010 0.898234 0.999250 0.960236 0.821013 0.937765 0.911150 0.941718 0.977484 0.727777 0.708402 0.905105 0.788201 0.722819 0.633343 0.701412 0.985489 0.866054 0.755837 0.796478 0.980055 0.991036 0.766040 0.638839 0.690110 0.867927 0.856787 0.883949 0.738037 0.708843 0.958000 0.757896 0.742547 0.762179 0.864438 0.866254 0.801146 0.804720 0.758860 0.915083 0.803809 0.755024 0.880054 0.798065 0.992468 0.862790 0.990610 0.985974 0.688751 0.654527 0.785690 0.733301 0.981785 0.984957 0.460647 0.403296 0.470780 0.417870 0.702690 0.938513 0.643517 0.602025 0.878443 0.911447 0.937787 0.861649 0.662268 0.809717 0.914624 0.879956 0.803825 0.874206 0.899442 0.989155 0.718007 0.634956 0.819181 0.701949 0.995895 0.643964 0.694729 0.782462 0.595624 0.661526 0.832634 0.765058 0.804957 0.896912 0.693204 0.735528 0.682807 0.903936 0.852534 0.900036 0.514317 0.645707 0.984564 0.739612 0.811458 0.871669 0.765184 0.931134 0.983009 0.925052 0.739588 0.786368
0.875408 0.858635 0.839312 0.985722 0.000000 0.799866 0.802618 0.964298 0.811823 0.882871 0.832789 0.936929 0.790327 0.980720 0.847135 0.945909 0.756155 0.830786 0.812284 0.875196 0.779273 0.834241 0.719041 0.900519 0.784365 0.770300 0.985735 0.951547 0.963558 0.863667 0.751113 0.975260 0.831112 0.927671 0.939181 0.832550 0.771536 0.936809 0.951314 0.993113 0.936021 0.937740 0.922064 0.945716 0.775146 0.843386 0.837453 0.873650 0.757646 0.788907 0.810827 0.863101 0.802358 0.798469 0.899803 0.901656 0.727470 0.799951 0.986819 0.885387 0.766854 0.951596 0.787343 0.935330 0.863468 0.979847 0.954119 0.957928 0.942445 0.943135 0.800957 0.942446 0.872610 0.990651 0.908777 0.967214 0.943712 0.991411 0.918077 0.907502 0.739921 0.732146 0.810146 0.730649 0.668424 0.705716 0.986448 0.699016 0.811587 0.876266 0.852369 0.943413 0.896211 0.975940 0.849431 0.993796 0.987521 0.979492 0.891705 0.867850 0.837607 0.911828 0.936025 0.946519 0.967813 0.923387 0.970692 0.973662 0.962332 0.861122 0.976671 0.926103 0.976018 0.948206 0.855754 0.978234
0.935523 0.951983 0.956697 0.999193 0.799866 0.000000 0.925464 0.855841 0.927306 0.844878 0.977314 0.956868 0.953865 0.933188 0.923406 0.750081 0.940586 0.937413 0.934673 0.846927 0.795423 0.975190 0.976015 0.928126 0.909830 0.822342 0.835467 0.834219 0.943188 0.961971 0.932508 0.989747 0.893171 0.858654 0.923942 0.916397 0.790844 0.925801 0.909968 0.990668 0.738670 0.962386 0.872612 0.802762 0.995019 0.875683 0.866415 0.972508 0.974708 0.950044 0.982258 0.878202 0.822572 0.814762 0.950796 0.858837 0.975165 0.917200 0.736106 0.728761 0.930973 0.875211 0.907745 0.781329 0.975839 0.965068 0.892876 0.938989 0.906307 0.817324 0.812273 0.884478 0.983702 0.821728 0.958456 0.874815 0.969806 0.865290 0.977651 0.937910 0.956720 0.952899 0.932018 0.998000 0.963086 0.785012 0.883056 0.904386 0.891931 0.932516 0.909383 0.913369 0.817901 0.905626 0.963720 0.850913 0.816837 0.980149 0.922703 0.962378 0.993357 0.973121 0.860696 0.889778 0.957457 0.928723 0.975235 0.908068 0.930150 0.905846 0.872282 0.980143 0.930844 0.948101 0.988479 0.974925
0.684426 0.832941 0.402112 0.638151 0.802618 0.925464 0.000000 0.573783 0.759079 0.778301 0.856447 0.960276 0.696497 0.977539 0.918762 0.901512 0.826471 0.791884 0.683959 0.655117 0.843628 0.942005 0.703078 0.932074 0.753767 0.860925 0.824884 0.874592 0.981629 0.910857 0.850874 0.951921 0.591682 0.614367 0.755021 0.971295 0.908739 0.953377 0.951833 0.896337 0.946890 0.890507 0.655425 0.691916 0.960410 0.902949 0.714349 0.756348 0.991984 0.759957 0.628997 0.631877 0.927114 0.943627 0.934924 0.980079 0.755146 0.803332 0.461228 0.676960 0.438352 0.797880 0.689498 0.791850 0.550486 0.717155 0.596193 0.654032 0.940276 0.963956 0.956693 0.937562 0.974059 0.972347 0.922381 0.996972 0.777673 0.951155 0.992864 0.926471 0.632419 0.685630 0.931578 0.780471 0.476050 0.788423 0.849179 0.978848 0.773963 0.760723 0.656093 0.674251 0.752173 0.711689 0.837206 0.861833 0.843273 0.904318 0.624033 0.602696 0.738388 0.843364 0.896690 0.845987 0.669844 0.777460 0.950824 0.903951 0.737122 0.903654 0.730453 0.879365 0.898576 0.946749 0.803235 0.811560
0.703185 0.703856 0.457299 0.420506 0.964298 0.855841 0.573783 0.000000 0.996666 0.920847 0.837459 0.762550 0.858866 0.895244 0.862466 0.920462 0.958052 0.850920 0.850235 0.607145 0.854390 0.989632 0.840013 0.909861 0.725329 0.867450 0.871194 0.993726 0.940965 0.914072 0.990151 0.966735 0.736832 0.551007 0.701207 0.924166 0.930800 0.995558 0.932089 0.703027 0.935177 0.808516 0.724818 0.734159 0.841110 0.897603 0.747577 0.846370 0.770046 0.943935 0.842084 0.723822 0.909029 0.781486 0.972066 0.977555 0.904695 0.828102 0.515122 0.497334 0.601383 0.502927 0.912396 0.763136 0.540065 0.453270 0.551692 0.483499 0.840658 0.942047 0.724814 0.692588 0.963570 0.991559 0.927113 0.909721 0.631631 0.788947 0.895900 0.911884 0.721350 0.884972 0.813673 0.940901 0.759550 0.803514 0.730659 0.692558 0.880113 0.569193 0.703893 0.856344 0.672747 0.788970 0.871055 0.754248 0.734710 0.916792 0.641454 0.644513 0.724796 0.945907 0.753316 0.907072 0.539845 0.635063 0.924620 0.768224 0.779226 0.856354 0.692129 0.915819 0.982591 0.960908 0.738531 0.800406
0.925307 0.922316 0.835115 0.952110 0.811823 0.927306 0.759079 0.996666 0.000000 0.681295 0.933412 0.959532 0.770325 0.899915 0.801877 0.995677 0.882014 0.959408 0.945137 0.985091 0.950395 0.981624 0.700557 0.948900 0.970221 0.999370 0.857412 0.906653 0.933080 0.935864 0.882680 0.927043 0.787928 0.985802 0.989780 0.925194 0.877466 0.964708 0.812529 0.779994 0.950054 0.962347 0.912593 0.984995 0.795097 0.860869 0.924491 0.933042 0.754084 0.756559 0.783453 0.816368 0.725018 0.792374 0.947394 0.949506 0.724616 0.790643 0.824867 0.963025 0.691568 0.990440 0.769570 0.807329 0.873515 0.845153 0.888180 0.864365 0.789289 0.978227 0.918005 0.811297 0.958961 0.902101 0.977524 0.981723 0.975362 0.984391 0.944710 0.971400 0.875703 0.894764 0.782269 0.836465 0.736804 0.976366 0.805621 0.813718 0.875417 0.907646 0.979150 0.916804 0.881947 0.970725 0.913660 0.984983 0.891028 0.903892 0.923696 0.832920 0.875485 0.909470 0.982562 0.965396 0.941470 0.997812 0.925511 0.973892 0.947404 0.870846 0.965606 0.972588 0.991070 0.775019 0.923998 0.954469
0.911692 0.918133 0.871465 0.872401 0.882871 0.844878 0.778301 0.920847 0.681295 0.000000 0.765541 0.933689 0.949504 0.834945 0.979507 0.769567 0.744677 0.846427 0.716426 0.795352 0.944294 0.985064 0.780201 0.865334 0.919765 0.814071 0.751955 0.755638 0.678805 0.754071 0.733945 0.970568 0.713424 0.779673 0.874752 0.894834 0.933150 0.883969 0.698105 0.950365 0.771127 0.998649 0.788901 0.780906 0.683738 0.672013 0.782537 0.882046 0.630615 0.621286 0.681025 0.706863 0.776887 0.864235 0.866447 0.924344 0.751871 0.790576 0.735309 0.900245 0.780710 0.950200 0.702034 0.677281 0.878009 0.765506 0.911100 0.995617 0.771252 0.839947 0.872098 0.837796 0.853738 0.808455 0.860114 0.995835 0.917232 0.958608 0.917120 0.970883 0.789474 0.854077 0.960022 0.771370 0.879172 0.798323 0.948575 0.756139 0.859575 0.829360 0.929602 0.902154 0.915845 0.948229 0.947929 0.775724 0.751979 0.898786 0.788781 0.821155 0.804241 0.977247 0.719635 0.770961 0.922680 0.989623 0.879017 0.943023 0.902523 0.936594 0.841397 0.945403 0.946103 0.819486 0.934843 0.985061
0.765302 0.841619 0.889495 0.946010 0.832789 0.977314 0.856447 0.837459 0.933412 0.765541 0.000000 0.776347 0.807529 0.981817 0.928990 0.960504 0.722088 0.717524 0.719871 0.735600 0.847006 0.957414 0.982990 0.870102 0.958848 0.913838 0.866949 0.850609 0.759331 0.770993 0.836918 0.967893 0.850158 0.678160 0.866858 0.847497 0.999476 0.795060 0.911817 0.964014 0.955065 0.878561 0.879322 0.973085 0.948011 0.995080 0.960805 0.948637 0.984398 0.921019 0.970990 0.893376 0.993266 0.964903 0.935622 0.989045 0.830312 0.854703 0.906353 0.931104 0.762774 0.844721 0.671518 0.704626 0.923540 0.978362 0.963960 0.912203 0.978603 0.955008 0.971882 0.822908 0.717224 0.933184 0.952190 0.842185 0.872085 0.815445 0.937073 0.929301 0.733320 0.780059 0.991935 0.870233 0.950706 0.955539 0.778728 0.908864 0.985899 0.892183 0.819734 0.747718 0.884171 0.801537 0.990415 0.778636 0.900651 0.805854 0.953703 0.906218 0.993738 0.975725 0.941041 0.927149 0.998485 0.800025 0.912238 0.896546 0.932134 0.901532 0.978608 0.889790 0.903176 0.857916 0.990818 0.994270
0.751650 0.659091 0.950803 0.898234 0.936929 0.956868 0.960276 0.762550 0.959532 0.933689 0.776347 0.000000 0.751002 0.677895 0.900707 0.796618 0.781441 0.759382 0.848618 0.755547 0.905194 0.845191 0.923782 0.905478 0.985387 0.994062 0.937883 0.986943 0.831424 0.817315 0.881741 0.968515 0.935853 0.796422 0.787198 0.929552 0.969428 0.838843 0.980733 0.915590 0.962589 0.982603 0.954060 0.921832 0.843404 0.974571 0.985127 0.960803 0.912184 0.859879 0.849717 0.984503 0.962176 0.943851 0.898987 0.974019 0.861236 0.681157 0.918170 0.814628 0.796915 0.611212 0.808003 0.642293 0.926012 0.850820 0.914174 0.982160 0.995293 0.965089 0.960979 0.901565 0.936394 0.991919 0.981018 0.869298 0.772237 0.764202 0.770910 0.920179 0.773710 0.889652 0.977224 0.914019 0.968853 0.977211 0.970145 0.871348 0.956061 0.867142 0.890578 0.803626 0.915775 0.771058 0.876490 0.826007 0.956711 0.905263 0.963789 0.982479 0.880911 0.981111 0.975172 0.875128 0.941202 0.992864 0.833239 0.951810 0.934407 0.978394 0.972536 0.906207 0.994161 0.967364 0.898223 0.999468
0.743384 0.719600 0.775206 0.999250 0.790327 0.953865 0.696497 0.858866 0.770325 0.949504 0.807529 0.751002 0.000000 0.609201 0.562909 0.659204 0.760942 0.731948 0.777772 0.715141 0.970712 0.843119 0.818974 0.988663 0.884679 0.984845 0.824549 0.958065 0.790052 0.753245 0.908623 0.934646 0.791594 0.845237 0.837159 0.976907 0.881148 0.798902 0.929291 0.959870 0.972854 0.901729 0.963761 0.907007 0.958311 0.919931 0.842254 0.831592 0.946324 0.872399 0.984029 0.925979 0.919591 0.919590 0.870537 0.928380 0.789629 0.693030 0.843082 0.866103 0.489647 0.705865 0.720686 0.731308 0.813087 0.968108 0.872170 0.928066 0.905363 0.999191 0.913808 0.920714 0.913034 0.918057 0.956568 0.738713 0.926180 0.917592 0.807545 0.888993 0.692180 0.724235 0.835869 0.818839 0.690487 0.926668 0.937655 0.873974 0.796340 0.998477 0.930251 0.854244 0.836165 0.839283 0.977334 0.906257 0.925031 0.796038 0.926689 0.970334 0.931618 0.987731 0.906706 0.734726 0.967727 0.981790 0.927078 0.766835 0.961287 0.941371 0.956008 0.956659 0.954615 0.958654 0.775652 0.973094
0.822436 0.708655 0.991696 0.960236 0.980720 0.933188 0.977539 0.895244 0.899915 0.834945 0.981817 0.677895 0.609201 0.000000 0.601935 0.506576 0.856065 0.793052 0.948371 0.836829 0.934843 0.880177 0.982369 0.948710 0.778447 0.953445 0.944503 0.939248 0.847033 0.721811 0.897165 0.783758 0.874914 0.817903 0.775184 0.984134 0.944856 0.993189 0.977277 0.837286 0.967646 0.937416 0.870757 0.769224 0.998328 0.870721 0.793687 0.736418 0.939716 0.991318 0.902348 0.995184 0.957966 0.902022 0.903852 0.863474 0.965211 0.855831 0.979751 0.938255 0.767954 0.701007 0.907176 0.820339 0.863951 0.844734 0.928113 0.988642 0.833079 0.922505 0.995857 0.856168 0.914574 0.958968 0.904560 0.827786 0.982268 0.942602 0.780715 0.835401 0.814906 0.782504 0.767395 0.864621 0.880512 0.840349 0.866210 0.986096 0.937940 0.992369 0.833740 0.779412 0.767304 0.825548 0.989729 0.836273 0.843299 0.787471 0.983608 0.939224 0.845310 0.976058 0.881532 0.837708 0.918922 0.978738 0.979708 0.750409 0.897619 0.956259 0.918213 0.890371 0.992505 0.972787 0.840614 0.874165
0.816983 0.747169 0.986047 0.821013 0.847135 0.923406 0.918762 0.862466 0.801877 0.979507 0.928990 0.900707 0.562909 0.601935 0.000000 0.561127 0.721774 0.679549 0.802278 0.980902 0.994181 0.893305 0.706128 0.921594 0.860880 0.991188 0.908094 0.955770 0.689096 0.594095 0.732965 0.687283 0.735846 0.951744 0.921413 0.911744 0.859725 0.993856 0.919473 0.973140 0.962590 0.930210 0.851783 0.778582 0.753342 0.679370 0.732643 0.701262 0.778839 0.705613 0.968701 0.906040 0.748948 0.692436 0.846882 0.905109 0.679572 0.729596 0.969705 0.828402 0.748130 0.926372 0.720840 0.800036 0.894082 0.916876 0.813065 0.825749 0.974136 0.904236 0.903031 0.948318 0.859549 0.917635 0.953157 0.807191 0.948436 0.941533 0.773767 0.932726 0.721933 0.671228 0.615747 0.656048 0.706283 0.787104 0.629142 0.652346 0.845049 0.971528 0.822381 0.847034 0.742378 0.795169 0.958528 0.951883 0.848382 0.983853 0.998701 0.978719 0.888471 0.896917 0.820610 0.888006 0.854011 0.858789 0.972191 0.717631 0.948593 0.908246 0.904707 0.842186 0.817302 0.903225 0.903004 0.920829
0.881872 0.769186 0.895417 0.937765 0.945909 0.750081 0.901512 0.920462 0.995677 0.769567 0.960504 0.796618 0.659204 0.506576 0.561127 0.000000 0.928632 0.856609 0.987589 0.989685 0.973986 0.830031 0.875814 0.795033 0.829831 0.875044 0.876123 0.835297 0.909074 0.802060 0.876021 0.762822 0.963875 0.982117 0.961650 0.925576 0.870513 0.965293 0.966824 0.942475 0.871460 0.873409 0.975781 0.978435 0.968405 0.882263 0.920027 0.794283 0.982591 0.988928 0.882287 0.852123 0.900954 0.807669 0.961986 0.894713 0.905091 0.855107 0.752275 0.812168 0.931913 0.901363 0.924892 0.948087 0.926672 0.946606 0.799251 0.869650 0.862967 0.957844 0.972622 0.878694 0.936742 0.907411 0.943074 0.866393 0.995589 0.942353 0.787049 0.819699 0.896551 0.803769 0.694723 0.808790 0.844615 0.742875 0.766355 0.847581 0.975426 0.925741 0.833450 0.803193 0.776027 0.828139 0.917782 0.981485 0.715447 0.883662 0.908800 0.843009 0.862223 0.812077 0.765614 0.740591 0.886108 0.964785 0.941890 0.727034 0.950720 0.980211 0.748140 0.951819 0.973545 0.973042 0.877491 0.967278
0.536292 0.566012 0.972457 0.911150 0.756155 0.940586 0.826471 0.958052 0.882014 0.744677 0.722088 0.781441 0.760942 0.856065 0.721774 0.928632 0.000000 0.487480 0.581542 0.803850 0.976316 0.931107 0.895158 0.898428 0.916351 0.972447 0.984828 0.916611 0.545148 0.481792 0.769130 0.951651 0.680717 0.768439 0.842626 0.960625 0.889580 0.883724 0.967745 0.982588 0.902219 0.962070 0.851902 0.668868 0.717451 0.627467 0.691973 0.743532 0.633280 0.663095 0.754253 0.847854 0.704008 0.746156 0.782252 0.964373 0.496382 0.574272 0.820274 0.928538 0.701701 0.846339 0.483294 0.521806 0.963466 0.925545 0.959968 0.959286 0.915790 0.803361 0.968039 0.874165 0.770862 0.764779 0.983137 0.916366 0.951236 0.952730 0.854874 0.893408 0.477949 0.579335 0.762030 0.625091 0.766934 0.889761 0.997101 0.716349 0.867648 0.879825 0.943106 0.896933 0.835476 0.858231 0.918825 0.850369 0.926317 0.910517 0.890613 0.994318 0.916118 0.878982 0.965310 0.915119 0.841843 0.790647 0.951862 0.767207 0.865475 0.939336 0.968320 0.996440 0.840855 0.966475 0.908490 0.990515
0.523600 0.535950 0.892512 0.941718 0.830786 0.937413 0.791884 0.850920 0.959408 0.846427 0.717524 0.759382 0.731948 0.793052 0.679549 0.856609 0.487480 0.000000 0.603806 0.766511 0.955527 0.915544 0.855996 0.957280 0.864091 0.950453 0.966330 0.995827 0.641446 0.526876 0.771148 0.900856 0.626176 0.687182 0.864386 0.929321 0.944975 0.872037 0.915058 0.825692 0.901392 0.903637 0.846438 0.649675 0.793517 0.721422 0.708840 0.763549 0.792432 0.762570 0.857134 0.888987 0.807151 0.831207 0.798642 0.974615 0.457925 0.589510 0.777415 0.963316 0.656045 0.815871 0.492704 0.531774 0.899279 0.958757 0.968965 0.927059 0.964343 0.751692 0.870194 0.973443 0.719316 0.832950 0.984028 0.971303 0.937203 0.977949 0.810284 0.883718 0.458100 0.501400 0.771735 0.623458 0.757680 0.792885 0.901016 0.764732 0.914556 0.804056 0.913439 0.844188 0.826378 0.841966 0.893916 0.851334 0.921992 0.918146 0.906040 0.905609 0.985955 0.871958 0.990060 0.992550 0.964932 0.916509 0.907304 0.800684 0.832193 0.866072 0.995909 0.974844 0.936792 0.894724 0.909799 0.917820
0.619223 0.671647 0.813092 0.977484 0.812284 0.934673 0.683959 0.850235 0.945137 0.716426 0.719871 0.848618 0.777772 0.948371 0.802278 0.987589 0.581542 0.603806 0.000000 0.656722 0.966663 0.989472 0.842146 0.997108 0.976426 0.885353 0.817977 0.983853 0.617053 0.624376 0.783682 0.987613 0.613736 0.686120 0.831422 0.952666 0.836137 0.895999 0.997688 0.991467 0.899600 0.947774 0.811219 0.755253 0.877710 0.742202 0.673097 0.790557 0.805477 0.751671 0.836207 0.820682 0.918068 0.965863 0.836004 0.920284 0.607837 0.654772 0.740546 0.947397 0.687579 0.836998 0.481357 0.623576 0.946870 0.974067 0.852008 0.881225 0.821571 0.846059 0.950606 0.978186 0.788897 0.747203 0.981721 0.976619 0.838583 0.936288 0.892289 0.915460 0.568591 0.655453 0.841966 0.693331 0.770118 0.901826 0.850784 0.852442 0.761782 0.873847 0.889171 0.968748 0.985606 0.905842 0.912023 0.834913 0.850054 0.989910 0.757697 0.863468 0.830494 0.949009 0.832333 0.898202 0.967139 0.990688 0.993470 0.921545 0.835105 0.944392 0.898053 0.960918 0.853522 0.965792 0.905194 0.987502
0.780028 0.798863 0.694330 0.727777 0.875196 0.846927 0.655117 0.607145 0.985091 0.795352 0.735600 0.755547 0.715141 0.836829 0.980902 0.989685 0.803850 0.766511 0.656722 0.000000 0.911215 0.956014 0.791683 0.953037 0.924457 0.957280 0.901020 0.788746 0.930975 0.868903 0.954427 0.976187 0.696719 0.673331 0.751624 0.999382 0.945370 0.883493 0.969528 0.879215 0.927936 0.983466 0.883788 0.817936 0.849380 0.999284 0.884834 0.844571 0.889419 0.905976 0.965147 0.860914 0.838878 0.757638 0.966099 0.929319 0.857511 0.696169 0.668851 0.620486 0.650339 0.638505 0.765683 0.678030 0.877525 0.756405 0.809619 0.757854 0.972569 0.970976 0.935371 0.926882 0.951563 0.973472 0.887602 0.976437 0.811800 0.905420 0.897192 0.871703 0.643249 0.706592 0.994298 0.851060 0.804972 0.994360 0.822091 0.960373 0.905816 0.724795 0.876498 0.990051 0.908687 0.930785 0.928799 0.769852 0.822509 0.824899 0.798066 0.867104 0.842837 0.912015 0.815325 0.991295 0.676753 0.812977 0.963239 0.956036 0.832952 0.874551 0.722035 0.941042 0.915631 0.870275 0.832919 0.856809
0.889429 0.989919 0.787049 0.708402 0.779273 0.795423 0.843628 0.854390 0.950395 0.944294 0.847006 0.905194 0.970712 0.934843 0.994181 0.973986 0.976316 0.955527 0.966663 0.911215 0.000000 0.932428 0.801632 0.832468 0.869337 0.750117 0.983647 0.933973 0.895991 0.907863 0.904380 0.933359 0.890167 0.883698 0.783533 0.958592 0.860950 0.951963 0.822706 0.948536 0.965029 0.874514 0.990791 0.989559 0.928747 0.843142 0.854938 0.984488 0.891783 0.870044 0.985501 0.992135 0.845339 0.877884 0.991265 0.863566 0.976440 0.928641 0.926750 0.957173 0.943707 0.995688 0.986193 0.951667 0.782031 0.737091 0.739996 0.723077 0.833753 0.959652 0.841784 0.884457 0.955573 0.970422 0.989702 0.983685 0.849194 0.912940 0.994090 0.854094 0.946583 0.952828 0.961778 0.971886 0.817078 0.724908 0.922600 0.977937 0.926950 0.878711 0.977991 0.981372 0.913051 0.890400 0.987329 0.835722 0.937996 0.896208 0.922064 0.962497 0.860483 0.925941 0.916639 0.974050 0.775233 0.916857 0.969991 0.961384 0.781655 0.969278 0.921475 0.897173 0.997008 0.942312 0.929318 0.978138
0.958594 0.998186 0.877928 0.905105 0.834241 0.975190 0.942005 0.989632 0.981624 0.985064 0.957414 0.845191 0.843119 0.880177 0.893305 0.830031 0.931107 0.915544 0.989472 0.956014 0.932428 0.000000 0.951703 0.914047 0.921778 0.999754 0.983575 0.909748 0.884533 0.983036 0.990625 0.995553 0.888394 0.925397 0.861193 0.894946 0.961038 0.901173 0.920383 0.954159 0.973611 0.984610 0.748920 0.870377 0.877705 0.901367 0.842586 0.899665 0.877556 0.850127 0.774858 0.839454 0.856254 0.944332 0.842664 0.850228 0.897939 0.950453 0.881674 0.981602 0.945005 0.883262 0.988498 0.952132 0.911505 0.972695 0.829646 0.840875 0.991430 0.972997 0.978779 0.971622 0.899775 0.820045 0.949086 0.926202 0.958429 0.967088 0.944925 0.956273 0.984452 0.990457 0.995699 0.994511 0.979126 0.986423 0.738332 0.864459 0.939431 0.922512 0.893840 0.931372 0.832330 0.787825 0.912004 0.953047 0.891948 0.933204 0.814837 0.898405 0.870949 0.781118 0.933312 0.733755 0.949033 0.919461 0.857030 0.879859 0.987478 0.925189 0.983027 0.876993 0.923180 0.912899 0.974690 0.853091
0.930281 0.913036 0.704016 0.788201 0.719041 0.976015 0.703078 0.840013 0.700557 0.780201 0.982990 0.923782 0.818974 0.982369 0.706128 0.875814 0.895158 0.855996 0.842146 0.791683 0.801632 0.951703 0.000000 0.595257 0.717294 0.868651 0.926594 0.973979 0.983799 0.860965 0.597373 0.780072 0.667899 0.804072 0.804654 0.995047 0.618493 0.808329 0.979566 0.998987 0.931726 0.940533 0.704118 0.778775 0.725645 0.715000 0.701530 0.720182 0.772476 0.636029 0.717582 0.723321 0.891333 0.864229 0.890409 0.836578 0.727912 0.796993 0.864542 0.984332 0.775935 0.980158 0.755824 0.854888 0.721581 0.856367 0.810992 0.795006 0.997815 0.873462 0.891906 0.842970 0.989196 0.991329 0.915414 0.957713 0.992082 0.975556 0.889285 0.945273 0.687920 0.592522 0.682512 0.629875 0.471320 0.641787 0.859896 0.708891 0.866967 0.733870 0.893415 0.908820 0.839224 0.973764 0.949492 0.801394 0.851238 0.936431 0.794288 0.773934 0.762815 0.902937 0.966514 0.957797 0.732142 0.835594 0.965131 0.964880 0.855431 0.971911 0.890805 0.897226 0.947818 0.774939 0.824569 0.965379
0.943472 0.950155 0.827561 0.722819 0.900519 0.928126 0.932074 0.909861 0.948900 0.865334 0.870102 0.905478 0.988663 0.948710 0.921594 0.795033 0.898428 0.957280 0.997108 0.953037 0.832468 0.914047 0.595257 0.000000 0.693722 0.719938 0.772629 0.909080 0.790928 0.914495 0.827027 0.795513 0.923081 0.870691 0.949369 0.881688 0.724688 0.749498 0.892499 0.908444 0.952268 0.798432 0.888807 0.924993 0.975605 0.943700 0.854290 0.808654 0.969749 0.940832 0.895603 0.980218 0.891339 0.982544 0.842498 0.834055 0.976784 0.874394 0.879310 0.916060 0.910920 0.970335 0.984860 0.832082 0.709704 0.708557 0.792802 0.743318 0.891182 0.937917 0.894274 0.767314 0.871285 0.860793 0.967458 0.879262 0.974829 0.952861 0.885910 0.838546 0.889885 0.819760 0.857093 0.919338 0.657449 0.560413 0.932690 0.845579 0.975747 0.884285 0.881419 0.912729 0.851034 0.862519 0.961179 0.951286 0.965021 0.960227 0.969677 0.994965 0.759151 0.809045 0.974092 0.888770 0.741363 0.787481 0.959367 0.938190 0.955406 0.953970 0.882243 0.980800 0.926110 0.902315 0.871458 0.799542
0.894150 0.806566 0.652723 0.633343 0.784365 0.909830 0.753767 0.725329 0.970221 0.919765 0.958848 0.985387 0.884679 0.778447 0.860880 0.829831 0.916351 0.864091 0.976426 0.924457 0.869337 0.921778 0.717294 0.693722 0.000000 0.711270 0.863277 0.871067 0.942218 0.910764 0.733862 0.826469 0.746113 0.730252 0.698905 0.924051 0.788977 0.834680 0.797150 0.831845 0.920278 0.887654 0.551122 0.627336 0.826113 0.792427 0.659273 0.569125 0.920308 0.815931 0.697304 0.788588 0.809758 0.815084 0.958216 0.749963 0.895925 0.973442 0.863757 0.965387 0.795972 0.855069 0.958649 0.933595 0.531303 0.619941 0.665341 0.664680 0.720730 0.912749 0.738109 0.675271 0.910627 0.973316 0.925267 0.992495 0.825163 0.852849 0.791275 0.875738 0.687234 0.728740 0.857247 0.824237 0.632521 0.494490 0.961830 0.964638 0.898559 0.768399 0.806852 0.901402 0.802203 0.750437 0.856385 0.801711 0.962230 0.928274 0.910742 0.848536 0.729792 0.995929 0.958618 0.892140 0.765829 0.905725 0.880030 0.995321 0.964513 0.998083 0.964086 0.949367 0.853336 0.967501 0.767481 0.879501
0.871524 0.875754 0.822794 0.701412 0.770300 0.822342 0.860925 0.867450 0.999370 0.814071 0.913838 0.994062 0.984845 0.953445 0.991188 0.875044 0.972447 0.950453 0.885353 0.957280 0.750117 0.999754 0.868651 0.719938 0.711270 0.000000 0.904325 0.713928 0.954657 0.975152 0.785101 0.943046 0.802770 0.827837 0.880018 0.910758 0.749583 0.981589 0.714935 0.927978 0.848931 0.753824 0.841659 0.862483 0.948198 0.992239 0.809818 0.843070 0.911600 0.928465 0.825039 0.995604 0.879657 0.837014 0.851152 0.827501 0.894329 0.971037 0.907037 0.809293 0.931150 0.976884 0.902221 0.897371 0.684357 0.770724 0.711333 0.756946 0.781992 0.862032 0.698969 0.694471 0.936154 0.972494 0.789474 0.951219 0.850107 0.770158 0.978310 0.908134 0.889112 0.885151 0.869484 0.906469 0.792264 0.554716 0.863450 0.978613 0.950736 0.858238 0.843824 0.842483 0.842929 0.819454 0.867092 0.976285 0.913883 0.853875 0.875783 0.959730 0.848060 0.993458 0.878663 0.926618 0.926783 0.953719 0.998763 0.883177 0.995726 0.963266 0.917025 0.938881 0.976812 0.950368 0.774685 0.945301
0.963179 0.931222 0.842450 0.985489 0.985735 0.835467 0.824884 0.871194 0.857412 0.751955 0.866949 0.937883 0.824549 0.944503 0.908094 0.876123 0.984828 0.966330 0.817977 0.901020 0.983647 0.983575 0.926594 0.772629 0.863277 0.904325 0.000000 0.956864 0.812180 0.945576 0.895706 0.932123 0.848082 0.853945 0.850033 0.859424 0.969695 0.968786 0.782664 0.937624 0.783622 0.933420 0.898776 0.974913 0.956255 0.973318 0.838829 0.978033 0.961724 0.938758 0.899542 0.781729 0.934501 0.997839 0.944923 0.901457 0.915936 0.815331 0.782802 0.815465 0.771916 0.953246 0.826943 0.776569 0.981114 0.922895 0.902204 0.962021 0.987956 0.958258 0.932991 0.893661 0.965767 0.938287 0.962556 0.808687 0.911789 0.981087 0.994528 0.793037 0.995181 0.983330 0.986188 0.971490 0.971946 0.803020 0.983609 0.989406 0.769748 0.998190 0.990210 0.986943 0.968174 0.917484 0.887810 0.801320 0.951792 0.913897 0.860895 0.872811 0.940280 0.794120 0.956894 0.941874 0.982053 0.990334 0.991361 0.986325 0.944988 0.987810 0.877738 0.833162 0.992818 0.965970 0.860132 0.892606
0.997692 0.836003 0.984707 0.866054 0.951547 0.834219 0.874592 0.993726 0.906653 0.755638 0.850609 0.986943 0.958065 0.939248 0.955770 0.835297 0.916611 0.995827 0.983853 0.788746 0.933973 0.909748 0.973979 0.909080 0.871067 0.713928 0.956864 0.000000 0.987541 0.912815 0.980025 0.932271 0.985029 0.978164 0.873504 0.962265 0.940770 0.977567 0.948908 0.935493 0.871984 0.931717 0.872580 0.965552 0.929547 0.999964 0.881317 0.908532 0.991463 0.925987 0.991340 0.981242 0.891362 0.889441 0.948237 0.841622 0.984269 0.981957 0.835774 0.859616 0.878920 0.993889 0.968488 0.888647 0.813495 0.872803 0.894503 0.935445 0.881350 0.986521 0.781843 0.755302 0.933537 0.982491 0.889725 0.946988 0.927221 0.900070 0.989715 0.933198 0.941689 0.933448 0.930430 0.954207 0.980747 0.730447 0.980790 0.847783 0.972652 0.892878 0.981748 0.985186 0.944026 0.945685 0.930071 0.942856 0.875655 0.845755 0.954161 0.952738 0.905399 0.882828 0.902729 0.991103 0.965382 0.942897 0.967065 0.963546 0.892205 0.979058 0.863450 0.972047 0.958237 0.984567 0.906415 0.920486
0.708078 0.666385 0.929801 0.755837 0.963558 0.943188 0.981629 0.940965 0.933080 0.678805 0.759331 0.831424 0.790052 0.847033 0.689096 0.909074 0.545148 0.641446 0.617053 0.930975 0.895991 0.884533 0.983799 0.790928 0.942218 0.954657 0.812180 0.987541 0.000000 0.480034 0.747307 0.908639 0.736278 0.765606 0.887245 0.837450 0.914525 0.969611 0.801887 0.925974 0.892054 0.934989 0.832725 0.691103 0.706217 0.621181 0.715010 0.789339 0.652572 0.742011 0.845569 0.918345 0.663825 0.669487 0.892893 0.966173 0.679195 0.768647 0.937031 0.854711 0.829442 0.892182 0.618721 0.624263 0.857643 0.754721 0.891407 0.877647 0.906898 0.802646 0.865825 0.811098 0.645094 0.686318 0.945551 0.844520 0.987634 0.971852 0.946049 0.983743 0.686012 0.818150 0.878748 0.760122 0.964554 0.896971 0.996304 0.828161 0.978899 0.925986 0.792191 0.795047 0.738931 0.740503 0.970160 0.847983 0.948223 0.916525 0.918676 0.975799 0.890454 0.932082 0.907130 0.926104 0.768430 0.773368 0.964617 0.713972 0.973076 0.958908 0.950812 0.870470 0.797716 0.976623 0.972267 0.899556
0.671134 0.670376 0.933760 0.796478 0.863667 0.961971 0.910857 0.914072 0.935864 0.754071 0.770993 0.817315 0.753245 0.721811 0.594095 0.802060 0.481792 0.526876 0.624376 0.868903 0.907863 0.983036 0.860965 0.914495 0.910764 0.975152 0.945576 0.912815 0.480034 0.000000 0.624373 0.785749 0.645234 0.793988 0.829492 0.995639 0.852555 0.981250 0.930096 0.969783 0.887032 0.873252 0.782251 0.629803 0.651372 0.569200 0.718767 0.713559 0.584042 0.663245 0.818475 0.950429 0.684133 0.631786 0.803433 0.984625 0.596896 0.700653 0.974665 0.814438 0.775124 0.945290 0.533137 0.617477 0.917552 0.787648 0.876283 0.865726 0.944328 0.849119 0.924683 0.925692 0.726143 0.748770 0.980417 0.847457 0.888902 0.939278 0.783624 0.815271 0.534112 0.537200 0.656711 0.540968 0.823745 0.904501 0.879824 0.625300 0.954640 0.982597 0.787299 0.800247 0.693168 0.758064 0.928790 0.896550 0.931978 0.940570 0.913056 0.937968 0.810426 0.923638 0.971768 0.924542 0.755226 0.826914 0.950049 0.651544 0.999284 0.950598 0.934687 0.967087 0.876849 0.950240 0.974742 0.952478
0.945544 0.907331 0.867587 0.980055 0.751113 0.932508 0.850874 0.990151 0.882680 0.733945 0.836918 0.881741 0.908623 0.897165 0.732965 0.876021 0.769130 0.771148 0.783682 0.954427 0.904380 0.990625 0.597373 0.827027 0.733862 0.785101 0.895706 0.980025 0.747307 0.624373 0.000000 0.648945 0.595362 0.737184 0.783429 0.949555 0.702345 0.834021 0.980495 0.886189 0.983777 0.962346 0.658728 0.656911 0.531660 0.577312 0.626702 0.582939 0.589212 0.672189 0.641396 0.784878 0.721577 0.630654 0.834257 0.829930 0.742026 0.877763 0.949726 0.826468 0.866661 0.924995 0.708437 0.889684 0.961728 0.943256 0.835322 0.871747 0.848477 0.808852 0.849716 0.881369 0.765646 0.754024 0.985649 0.932321 0.924736 0.936387 0.920810 0.908967 0.703843 0.663942 0.669649 0.616342 0.696369 0.704352 0.955961 0.672590 0.972822 0.979499 0.990050 0.992830 0.990488 0.931094 0.993312 0.884968 0.949680 0.990813 0.774882 0.921803 0.924414 0.918151 0.992533 0.937575 0.988158 0.893449 0.887395 0.900645 0.979152 0.957118 0.962500 0.800082 0.888244 0.875341 0.990384 0.870289
0.978980 0.994693 0.942988 0.991036 0.975260 0.989747 0.951921 0.966735 0.927043 0.970568 0.967893 0.968515 0.934646 0.783758 0.687283 0.762822 0.951651 0.900856 0.987613 0.976187 0.933359 0.995553 0.780072 0.795513 0.826469 0.943046 0.932123 0.932271 0.908639 0.785749 0.648945 0.000000 0.794432 0.858737 0.871809 0.900184 0.908987 0.808784 0.974358 0.718156 0.956214 0.909330 0.786895 0.793599 0.747256 0.780743 0.704831 0.751761 0.862410 0.907142 0.945137 0.947164 0.909676 0.871272 0.839637 0.790148 0.919552 0.978031 0.821313 0.872778 0.930287 0.934805 0.955535 0.977177 0.966498 0.963678 0.896271 0.875751 0.911187 0.976299 0.974313 0.775737 0.998337 0.848452 0.869037 0.926430 0.934901 0.928695 0.869155 0.796371 0.898926 0.778620 0.773093 0.720587 0.860372 0.774328 0.826155 0.761071 0.946467 0.919692 0.931631 0.917078 0.877675 0.979792 0.876045 0.914479 0.967379 0.857525 0.872917 0.981689 0.923399 0.876981 0.963214 0.940835 0.948854 0.970312 0.971172 0.966593 0.958210 0.935219 0.989849 0.787726 0.931141 0.937429 0.922130 0.898096
0.737411 0.638478 0.623749 0.766040 0.831112 0.893171 0.591682 0.736832 0.787928 0.713424 0.850158 0.935853 0.791594 0.874914 0.735846 0.963875 0.680717 0.626176 0.613736 0.696719 0.890167 0.888394 0.667899 0.923081 0.746113 0.802770 0.848082 0.985029 0.736278 0.645234 0.595362 0.794432 0.000000 0.586998 0.700516 0.972127 0.811713 0.918950 0.942230 0.892695 0.999876 0.913678 0.613994 0.525496 0.684429 0.644999 0.630004 0.585258 0.731188 0.655988 0.673702 0.640675 0.757432 0.846122 0.878361 0.967566 0.605084 0.613790 0.665800 0.880443 0.610762 0.854433 0.568479 0.673257 0.752335 0.889144 0.702541 0.715004 0.993496 0.951390 0.879343 0.930864 0.926254 0.874571 0.872915 0.976229 0.879288 0.896459 0.937238 0.897195 0.537960 0.603432 0.772049 0.622741 0.638514 0.756124 0.925893 0.863647 0.857102 0.800433 0.900793 0.925057 0.885930 0.950360 0.831819 0.816599 0.906288 0.960078 0.638789 0.747116 0.811020 0.968576 0.920614 0.864133 0.795406 0.937521 0.860817 0.948798 0.896822 0.934762 0.875153 0.908723 0.873405 0.955342 0.759387 0.912757
0.642462 0.687470 0.637107 0.638839 0.927671 0.858654 0.614367 0.551007 0.985802 0.779673 0.678160 0.796422 0.845237 0.817903 0.951744 0.982117 0.768439 0.687182 0.686120 0.673331 0.883698 0.925397 0.804072 0.870691 0.730252 0.827837 0.853945 0.978164 0.765606 0.793988 0.737184 0.858737 0.586998 0.000000 0.680045 0.936944 0.838188 0.952953 0.923054 0.705354 0.926714 0.961809 0.672988 0.598550 0.882771 0.777122 0.663091 0.640541 0.938352 0.823956 0.733465 0.701664 0.934870 0.977383 0.974285 0.839743 0.777765 0.746783 0.663742 0.697614 0.678602 0.676361 0.680269 0.639980 0.736841 0.700254 0.582477 0.549035 0.880089 0.861677 0.893249 0.862496 0.797571 0.785038 0.970060 0.989268 0.835212 0.772342 0.926902 0.914458 0.615632 0.703661 0.988541 0.787093 0.719589 0.803649 0.829473 0.958410 0.906494 0.733490 0.886432 0.987070 0.878414 0.935634 0.869108 0.687944 0.833275 0.840440 0.617806 0.725383 0.743253 0.986870 0.788730 0.888029 0.738128 0.921976 0.922760 0.938072 0.834821 0.879111 0.861696 0.861397 0.885512 0.877185 0.777799 0.929027
0.839131 0.808687 0.719189 0.690110 0.939181 0.923942 0.755021 0.701207 0.989780 0.874752 0.866858 0.787198 0.837159 0.775184 0.921413 0.961650 0.842626 0.864386 0.831422 0.751624 0.783533 0.861193 0.804654 0.949369 0.698905 0.880018 0.850033 0.873504 0.887245 0.829492 0.783429 0.871809 0.700516 0.680045 0.000000 0.909885 0.732330 0.908397 0.907357 0.857433 0.964976 0.866233 0.658568 0.701234 0.853437 0.806931 0.698491 0.711827 0.915038 0.807944 0.743397 0.676553 0.878904 0.928978 0.850382 0.724952 0.889511 0.810579 0.787946 0.806491 0.747971 0.724976 0.843166 0.804377 0.743691 0.765349 0.729339 0.691511 0.883909 0.940767 0.760826 0.754086 0.967039 0.950223 0.945591 0.953525 0.806143 0.742723 0.771986 0.908693 0.762944 0.822767 0.885848 0.804538 0.777870 0.810514 0.903337 0.965477 0.899061 0.785416 0.850179 0.950935 0.798563 0.918489 0.817752 0.729808 0.910045 0.898142 0.734122 0.897032 0.910914 0.791876 0.838188 0.854136 0.803825 0.891303 0.878083 0.985667 0.882269 0.923325 0.934350 0.833661 0.886023 0.993117 0.886737 0.978172
0.985144 0.900882 0.920970 0.867927 0.832550 0.916397 0.971295 0.924166 0.925194 0.894834 0.847497 0.929552 0.976907 0.984134 0.911744 0.925576 0.960625 0.929321 0.952666 0.999382 0.958592 0.894946 0.995047 0.881688 0.924051 0.910758 0.859424 0.962265 0.837450 0.995639 0.949555 0.900184 0.972127 0.936944 0.909885 0.000000 0.775766 0.977444 0.916215 0.841318 0.953965 0.910556 0.965370 0.955568 0.957491 0.967954 0.941058 0.996092 0.995196 0.978864 0.931104 0.980822 0.937663 0.887531 0.826016 0.889226 0.942025 0.977773 0.924195 0.985701 0.995260 0.928068 0.954665 0.913076 0.901087 0.928917 0.986841 0.918159 0.893064 0.976463 0.778447 0.892699 0.976653 0.985420 0.840929 0.992460 0.997222 0.814601 0.991238 0.909710 0.983764 0.943500 0.980186 0.995094 0.954370 0.868907 0.979448 0.953139 0.933669 0.814127 0.956625 0.946321 0.892470 0.942244 0.835009 0.885579 0.893232 0.914691 0.965787 0.996586 0.952815 0.874118 0.907003 0.918265 0.950386 0.951578 0.932169 0.986739 0.956007 0.967935 0.948017 0.894902 0.974716 0.993194 0.943555 0.894222
0.963528 0.899871 0.861865 0.856787 0.771536 0.790844 0.908739 0.930800 0.877466 0.933150 0.999476 0.969428 0.881148 0.944856 0.859725 0.870513 0.889580 0.944975 0.836137 0.945370 0.860950 0.961038 0.618493 0.724688 0.788977 0.749583 0.969695 0.940770 0.914525 0.852555 0.702345 0.908987 0.811713 0.838188 0.732330 0.775766 0.000000 0.734615 0.969347 0.972601 0.987458 0.821189 0.753804 0.809513 0.762247 0.745648 0.773716 0.731265 0.758238 0.724321 0.735807 0.765814 0.773316 0.686653 0.808670 0.758876 0.868378 0.870799 0.955280 0.870313 0.899641 0.997571 0.868638 0.963820 0.804137 0.965618 0.890915 0.834665 0.874906 0.978998 0.760572 0.797552 0.985277 0.860010 0.916341 0.993042 0.990435 0.746508 0.870655 0.926545 0.875256 0.831587 0.838694 0.778100 0.787411 0.768737 0.976633 0.893463 0.978902 0.922142 0.899269 0.959658 0.778456 0.989795 0.930785 0.978554 0.926176 0.960703 0.785650 0.850867 0.898987 0.938757 0.907332 0.959884 0.888467 0.895213 0.824695 0.940910 0.957067 0.957488 0.949254 0.840773 0.942133 0.774694 0.731222 0.949910
0.744376 0.929283 0.961627 0.883949 0.936809 0.925801 0.953377 0.995558 0.964708 0.883969 0.795060 0.838843 0.798902 0.993189 0.993856 0.965293 0.883724 0.872037 0.895999 0.883493 0.951963 0.901173 0.808329 0.749498 0.834680 0.981589 0.968786 0.977567 0.969611 0.981250 0.834021 0.808784 0.918950 0.952953 0.908397 0.977444 0.734615 0.000000 0.994328 0.962670 0.982187 0.828428 0.680360 0.726924 0.673106 0.669587 0.759825 0.725744 0.788040 0.781627 0.709146 0.761536 0.829748 0.783056 0.934313 0.884902 0.841407 0.793765 0.902079 0.849956 0.821367 0.877892 0.886949 0.830228 0.898581 0.963546 0.773241 0.764188 0.796420 0.918459 0.864249 0.761132 0.925875 0.840010 0.986089 0.914750 0.873934 0.907724 0.905973 0.971312 0.929238 0.999771 0.928350 0.864768 0.960384 0.890427 0.985265 0.915859 0.854962 0.942284 0.893587 0.842571 0.806845 0.835756 0.876338 0.910250 0.934586 0.872050 0.847287 0.927105 0.858519 0.907838 0.896702 0.845169 0.915026 0.843445 0.850762 0.974431 0.903664 0.910605 0.978086 0.884657 0.965448 0.809131 0.941406 0.956931
