0.000000 0.340789 0.755213 0.807731 0.881233 0.986470 0.959531 0.971983 0.840039 0.787167 0.477297 0.512360 0.950131 0.968850 0.990029 0.998164 0.395365 0.382788 0.695472 0.690441 0.909915 0.903435 0.893559 0.880792 0.784846 0.761528 0.940890 0.869046 0.604448 0.561926 0.986826 0.996127 0.685200 0.582198 0.998241 0.967392 0.933604 0.851713 0.927678 0.874889 0.590164 0.744399 0.835665 0.732642 0.756333 0.630816 0.522743 0.621500 0.627339 0.678694 0.728983 0.728192 0.924256 0.818910 0.583862 0.699896 0.319112 0.409607 0.382642 0.457503 0.560146 0.799123 0.495372 0.440498 0.813102 0.947658 0.789101 0.590073 0.514315 0.619581 0.862781 0.908948 0.698508 0.794813 0.711742 0.872667 0.985248 0.952521 0.644591 0.702898 0.362395 0.396796 0.645668 0.446582 0.682411 0.783924 0.911436 0.887100 0.971212 0.751563 0.674629 0.635995 0.660896 0.533581 0.724702 0.943482 0.849190 0.995848 0.968489 0.969885 0.886674 0.746155 0.859753 0.771412 0.826622 0.893893 0.889071 0.962122 0.934010 0.853138 0.843577 0.803722 0.845317 0.793573 0.794558 0.984862
0.340789 0.000000 0.780983 0.834285 0.867556 0.988238 0.974916 0.978601 0.799608 0.686758 0.566824 0.511738 0.985010 0.947158 0.941167 0.982565 0.463052 0.442917 0.727493 0.739529 0.969823 0.913960 0.936260 0.903308 0.849552 0.767165 0.933302 0.785366 0.570163 0.578403 0.965315 0.987331 0.636640 0.610507 0.942368 0.962602 0.977111 0.947065 0.968709 0.867968 0.590974 0.704660 0.845893 0.749919 0.755730 0.637261 0.526930 0.595943 0.662301 0.656606 0.700483 0.685548 0.875955 0.858235 0.586849 0.735087 0.348849 0.357946 0.358269 0.389130 0.556994 0.821915 0.488618 0.439409 0.841293 0.946247 0.770997 0.601645 0.525540 0.616194 0.862041 0.911263 0.651043 0.792103 0.704912 0.895059 0.964231 0.984025 0.633283 0.642407 0.400280 0.420166 0.611414 0.449338 0.643746 0.752269 0.831251 0.833320 0.932620 0.762834 0.711544 0.673026 0.710786 0.557532 0.734398 0.931985 0.816686 0.907258 0.972142 0.993781 0.935680 0.810530 0.913469 0.829280 0.822243 0.851314 0.922799 0.921817 0.981109 0.824520 0.812155 0.798146 0.916392 0.838930 0.786344 0.902816
0.755213 0.780983 0.000000 0.316255 0.900019 0.833044 0.428959 0.414477 0.498140 0.711494 0.850852 0.918142 0.670490 0.815338 0.910567 0.563143 0.672765 0.663675 0.703431 0.692173 0.889734 0.923994 0.616440 0.558500 0.395077 0.451351 0.987327 0.918844 0.752953 0.778670 0.567652 0.636500 0.755005 0.846585 0.942158 0.970904 0.771065 0.696996 0.655197 0.722025 0.848082 0.906104 0.614404 0.732228 0.897305 0.975798 0.936692 0.897714 0.830883 0.919551 0.950766 0.968692 0.900112 0.874077 0.956352 0.944662 0.780210 0.511044 0.633160 0.663288 0.831578 0.922782 0.475077 0.495846 0.459656 0.451943 0.649251 0.931420 0.864831 0.755434 0.512359 0.503117 0.889642 0.862412 0.909741 0.845467 0.613279 0.645850 0.977743 0.946540 0.615197 0.723690 0.821394 0.774675 0.985675 0.826088 0.980168 0.828979 0.874965 0.907946 0.528182 0.521073 0.495760 0.451174 0.987370 0.755566 0.877420 0.851228 0.751307 0.608412 0.800801 0.665088 0.962735 0.781245 0.807021 0.941185 0.806949 0.884971 0.896092 0.981726 0.900796 0.947105 0.864890 0.895323 0.886860 0.846492
0.807731 0.834285 0.316255 0.000000 0.792622 0.848972 0.425940 0.369539 0.575889 0.772510 0.924696 0.926251 0.752806 0.734627 0.929802 0.615118 0.710174 0.756822 0.692600 0.661108 0.865122 0.976356 0.583947 0.532695 0.398709 0.457599 0.943942 0.983676 0.794317 0.845012 0.603374 0.601883 0.693116 0.818806 0.928430 0.906001 0.742365 0.738423 0.634025 0.792751 0.906426 0.835245 0.690266 0.747319 0.937438 0.966843 0.997873 0.946361 0.855001 0.982502 0.925248 0.983083 0.868064 0.923809 0.993090 0.937989 0.824581 0.603702 0.681481 0.699325 0.788378 0.986562 0.549274 0.568813 0.480468 0.495423 0.630213 0.868736 0.910592 0.897118 0.640925 0.568657 0.983499 0.967614 0.884470 0.922313 0.713435 0.725832 0.952210 0.985575 0.686973 0.811963 0.821771 0.900025 0.917335 0.773982 0.941181 0.929937 0.898367 0.837256 0.633830 0.604314 0.559386 0.531988 0.986327 0.709432 0.926244 0.933314 0.872562 0.708454 0.755891 0.692875 0.953552 0.777569 0.742123 0.880010 0.896870 0.988069 0.924071 0.991048 0.977732 0.824891 0.934385 0.891906 0.906990 0.862976
0.881233 0.867556 0.900019 0.792622 0.000000 0.979690 0.983345 0.819181 0.989219 0.980867 0.914559 0.960894 0.753019 0.988025 0.913626 0.932847 0.970639 0.962364 0.948931 0.980608 0.746661 0.892271 0.914659 0.908075 0.963451 0.802392 0.962655 0.916552 0.867229 0.889348 0.835402 0.816614 0.886547 0.822753 0.976536 0.946773 0.842258 0.834722 0.820495 0.846526 0.885475 0.972715 0.903116 0.800636 0.952145 0.832373 0.894739 0.840847 0.829859 0.770785 0.888396 0.909811 0.875775 0.983453 0.907540 0.923192 0.887857 0.922553 0.871490 0.833800 0.905738 0.982664 0.994475 0.982795 0.956694 0.959308 0.971548 0.784620 0.854748 0.780584 0.992402 0.963870 0.871772 0.938680 0.983098 0.992711 0.927311 0.988742 0.836696 0.957921 0.878296 0.886100 0.971843 0.869547 0.928594 0.984341 0.830402 0.917175 0.971116 0.936555 0.813807 0.898413 0.889691 0.867226 0.934755 0.822194 0.923421 0.940525 0.919941 0.868789 0.882939 0.893765 0.906594 0.894511 0.964624 0.981392 0.965743 0.987660 0.963499 0.740571 0.864994 0.945784 0.988808 0.944058 0.974568 0.970397
0.986470 0.988238 0.833044 0.848972 0.979690 0.000000 0.660858 0.607447 0.849627 0.601187 0.938589 0.833040 0.764978 0.942564 0.875189 0.783183 0.924248 0.928246 0.751263 0.949384 0.822970 0.964856 0.967476 0.940767 0.970236 0.855423 0.513804 0.942454 0.997810 0.931398 0.918808 0.780332 0.791591 0.749101 0.930871 0.892614 0.942733 0.885190 0.936430 0.957310 0.933648 0.912830 0.947974 0.880364 0.857945 0.749680 0.987225 0.766402 0.733393 0.733657 0.850114 0.835923 0.805634 0.858880 0.774055 0.964822 0.796953 0.869288 0.992530 0.967728 0.816634 0.760781 0.874108 0.873043 0.962789 0.650476 0.829930 0.743374 0.809781 0.770752 0.555986 0.564949 0.677877 0.731420 0.953210 0.985640 0.762368 0.856449 0.984593 0.985129 0.895280 0.900377 0.720276 0.812181 0.867362 0.873213 0.824702 0.839411 0.815340 0.656164 0.530983 0.574914 0.549475 0.722921 0.928104 0.951042 0.671740 0.915951 0.636702 0.695858 0.740578 0.858453 0.854918 0.990191 0.834078 0.936475 0.997449 0.886597 0.888655 0.949247 0.973540 0.823186 0.712132 0.995707 0.969903 0.861890
0.959531 0.974916 0.428959 0.425940 0.983345 0.660858 0.000000 0.378984 0.550814 0.708177 0.971037 0.962295 0.606887 0.881214 0.849211 0.527143 0.944205 0.922883 0.510985 0.713667 0.929852 0.920913 0.587950 0.613668 0.530601 0.655398 0.855093 0.908793 0.979172 0.980669 0.564427 0.545426 0.484097 0.625832 0.978348 0.996592 0.973025 0.868937 0.803662 0.865726 0.950703 0.864021 0.695264 0.819036 0.896012 0.958715 0.872474 0.912411 0.828650 0.888996 0.922951 0.943399 0.974867 0.953216 0.900542 0.865962 0.931407 0.683312 0.800387 0.746846 0.891435 0.956518 0.752569 0.738969 0.530044 0.476564 0.470336 0.714677 0.842525 0.756555 0.612634 0.556227 0.816625 0.856433 0.878083 0.922160 0.719125 0.681866 0.967579 0.915010 0.857165 0.982964 0.934080 0.982962 0.768024 0.674214 0.973286 0.956604 0.896849 0.970027 0.555977 0.547269 0.497749 0.573831 0.866136 0.790525 0.812577 0.936970 0.742733 0.656889 0.864679 0.650682 0.889640 0.761839 0.696977 0.873854 0.895284 0.953182 0.827113 0.999230 0.983619 0.991058 0.801761 0.918553 0.909203 0.910537
0.971983 0.978601 0.414477 0.369539 0.819181 0.607447 0.378984 0.000000 0.624285 0.567145 0.961799 0.840397 0.821783 0.912288 0.870960 0.714334 0.931349 0.884386 0.589243 0.690184 0.978293 0.988167 0.850655 0.789119 0.575978 0.600331 0.780833 0.894477 0.916121 0.982817 0.685784 0.578851 0.589722 0.638581 0.888164 0.986554 0.882073 0.850630 0.755665 0.778517 0.943316 0.942123 0.798199 0.898729 0.896658 0.818063 0.949635 0.999832 0.725502 0.827695 0.838674 0.858111 0.935910 0.868729 0.974608 0.959908 0.910340 0.713130 0.884959 0.893432 0.939835 0.734885 0.690494 0.727552 0.706258 0.406873 0.622791 0.725567 0.907096 0.801688 0.560548 0.463713 0.802101 0.829172 0.946497 0.987859 0.747246 0.793999 0.953401 0.946092 0.848176 0.917260 0.697508 0.887002 0.955431 0.935068 0.834666 0.791889 0.966190 0.946464 0.558641 0.584929 0.523015 0.614840 0.898275 0.785808 0.655950 0.845199 0.795763 0.702978 0.709857 0.767617 0.896435 0.768869 0.725511 0.818622 0.905027 0.967296 0.942154 0.964041 0.951841 0.948201 0.913024 0.954709 0.917695 0.940573
0.840039 0.799608 0.498140 0.575889 0.989219 0.849627 0.550814 0.624285 0.000000 0.671564 0.892196 0.966081 0.619923 0.839688 0.846579 0.526976 0.769937 0.700441 0.659057 0.849934 0.853354 0.995751 0.651906 0.725654 0.671795 0.514798 0.958280 0.900173 0.879479 0.883190 0.517488 0.672473 0.697575 0.807928 0.863659 0.870078 0.874126 0.848603 0.801593 0.819917 0.786399 0.877846 0.582987 0.681848 0.716758 0.859337 0.844960 0.995236 0.954112 0.933550 0.841214 0.883609 0.786954 0.675680 0.922398 0.834702 0.798933 0.572330 0.739445 0.646453 0.950252 0.883416 0.602991 0.605364 0.572808 0.610002 0.647660 0.903628 0.922079 0.910366 0.532357 0.559570 0.994154 0.872909 0.888795 0.767488 0.513163 0.644996 0.972805 0.944474 0.732169 0.779371 0.900804 0.863923 0.949720 0.842586 0.944508 0.814000 0.892664 0.975293 0.549794 0.524853 0.560539 0.556859 0.939112 0.788588 0.833653 0.825662 0.657096 0.587832 0.873330 0.575604 0.823522 0.978629 0.824122 0.969445 0.810067 0.905913 0.870780 0.951247 0.964711 0.821495 0.801493 0.852590 0.895233 0.823767
0.787167 0.686758 0.711494 0.772510 0.980867 0.601187 0.708177 0.567145 0.671564 0.000000 0.902877 0.951189 0.915664 0.917904 0.685332 0.902117 0.910848 0.741765 0.831203 0.985740 0.969182 0.887312 0.853591 0.885361 0.942628 0.789318 0.721995 0.715231 0.886344 0.939303 0.944149 0.865552 0.985764 0.913601 0.904464 0.877621 0.960593 0.993720 0.966786 0.947750 0.891441 0.857936 0.960199 0.793986 0.732659 0.643947 0.819911 0.710129 0.674049 0.601518 0.709471 0.645030 0.777524 0.919212 0.741498 0.866999 0.630292 0.592784 0.752136 0.748911 0.956473 0.753978 0.672993 0.669267 0.963581 0.676841 0.926685 0.898002 0.806416 0.642382 0.530486 0.563623 0.832372 0.823601 0.896738 0.884487 0.751980 0.893480 0.849738 0.815647 0.712992 0.713195 0.561922 0.659004 0.565589 0.648682 0.730317 0.600456 0.995903 0.636329 0.525112 0.527586 0.558237 0.623698 0.978366 0.836254 0.698563 0.767178 0.797611 0.848192 0.751840 0.885513 0.734611 0.924055 0.934413 0.981266 0.932908 0.906680 0.867145 0.950941 0.819808 0.980170 0.911299 0.871705 0.880937 0.972298
0.477297 0.566824 0.850852 0.924696 0.914559 0.938589 0.971037 0.961799 0.892196 0.902877 0.000000 0.601979 0.956966 0.964409 0.926499 0.877186 0.444494 0.364246 0.647644 0.756868 0.987355 0.967006 0.815062 0.905496 0.736085 0.697626 0.975535 0.961328 0.553974 0.412144 0.993383 0.976923 0.769066 0.576271 0.877073 0.908803 0.986350 0.879179 0.963931 0.982742 0.699079 0.865110 0.885104 0.997563 0.967445 0.891415 0.750220 0.807130 0.919855 0.960590 0.951101 0.980418 0.907191 0.717598 0.699029 0.881458 0.515471 0.493016 0.573325 0.554419 0.490872 0.801714 0.485242 0.450345 0.763425 0.985359 0.813009 0.690715 0.499453 0.607256 0.841045 0.934576 0.841787 0.882701 0.820363 0.892601 0.855911 0.887421 0.685573 0.742777 0.483528 0.419861 0.739320 0.495080 0.847117 0.853670 0.963048 0.808393 0.973291 0.838367 0.686652 0.631581 0.666272 0.576079 0.723131 0.990285 0.936610 0.980376 0.839178 0.792033 0.834166 0.847989 0.967835 0.836938 0.938299 0.923314 0.736934 0.870936 0.833694 0.810770 0.798532 0.977145 0.960983 0.960698 0.871096 0.992985
0.512360 0.511738 0.918142 0.926251 0.960894 0.833040 0.962295 0.840397 0.966081 0.951189 0.601979 0.000000 0.929466 0.892130 0.897749 0.907769 0.541866 0.583214 0.745639 0.808246 0.922707 0.885783 0.829167 0.920040 0.800216 0.827029 0.818802 0.912414 0.627257 0.626492 0.916239 0.918662 0.744700 0.638540 0.971326 0.992970 0.949857 0.973603 0.911520 0.920455 0.652608 0.748401 0.952097 0.935934 0.915675 0.868033 0.619650 0.862585 0.897021 0.918471 0.822408 0.891593 0.994927 0.900173 0.779553 0.814342 0.592259 0.602080 0.489785 0.546212 0.451735 0.531960 0.634894 0.578891 0.754955 0.837379 0.854041 0.665112 0.654147 0.753056 0.905716 0.855249 0.584257 0.687001 0.677468 0.965892 0.992529 0.952899 0.705805 0.807940 0.584226 0.562924 0.848930 0.613109 0.930264 0.935420 0.946040 0.948568 0.927702 0.980369 0.976807 0.910254 0.895478 0.712172 0.808865 0.974999 0.702623 0.991847 0.940429 0.923232 0.974348 0.999320 0.707597 0.802069 0.864789 0.857121 0.904132 0.960187 0.973346 0.840243 0.798697 0.773128 0.982719 0.866860 0.858934 0.988007
0.950131 0.985010 0.670490 0.752806 0.753019 0.764978 0.606887 0.821783 0.619923 0.915664 0.956966 0.929466 0.000000 0.653624 0.466527 0.381479 0.840502 0.866185 0.698463 0.842884 0.948496 0.939379 0.468945 0.536864 0.660440 0.781781 0.949692 0.983644 0.910021 0.931736 0.754395 0.740989 0.687024 0.838914 0.805909 0.906979 0.926833 0.841716 0.916166 0.877147 0.880569 0.919762 0.696415 0.769225 0.705270 0.858316 0.812782 0.986248 0.949373 0.924590 0.753932 0.746911 0.698039 0.690552 0.952235 0.839128 0.935717 0.810908 0.803140 0.713177 0.841791 0.984857 0.851555 0.818004 0.522296 0.688192 0.720693 0.988219 0.900548 0.947033 0.682845 0.803459 0.957326 0.946020 0.880120 0.866598 0.645889 0.702093 0.975367 0.982774 0.856391 0.947427 0.823370 0.981425 0.651093 0.613019 0.878982 0.851183 0.817372 0.887990 0.547418 0.559685 0.592374 0.637333 0.899451 0.869244 0.988059 0.980594 0.738930 0.636141 0.948691 0.619014 0.958441 0.980521 0.773395 0.917193 0.989428 0.884173 0.934982 0.989132 0.915085 0.804455 0.704768 0.977761 0.703563 0.869753
0.968850 0.947158 0.815338 0.734627 0.988025 0.942564 0.881214 0.912288 0.839688 0.917904 0.964409 0.892130 0.653624 0.000000 0.614390 0.625520 0.772365 0.916621 0.799328 0.764316 0.970720 0.804511 0.556488 0.572327 0.778992 0.847006 0.779362 0.952084 0.979448 0.960307 0.940398 0.780203 0.776448 0.932212 0.836154 0.885631 0.970882 0.846507 0.996361 0.982071 0.984272 0.948719 0.840606 0.814204 0.795857 0.824967 0.947490 0.895504 0.855146 0.731619 0.806857 0.663814 0.743596 0.675045 0.942258 0.958057 0.990645 0.972786 0.979430 0.981150 0.986404 0.976977 0.880641 0.864384 0.669502 0.758631 0.989300 0.964290 0.958597 0.765073 0.924541 0.977404 0.961423 0.918158 0.888935 0.852524 0.776911 0.829705 0.854953 0.931445 0.819118 0.949362 0.754588 0.852427 0.763382 0.715432 0.970523 0.823509 0.996043 0.776353 0.862518 0.843894 0.845709 0.859500 0.913707 0.956154 0.905157 0.807469 0.961798 0.841183 0.987365 0.913067 0.938428 0.965492 0.758715 0.834054 0.986860 0.970276 0.975837 0.924302 0.824927 0.970403 0.985810 0.976276 0.795327 0.974261
0.990029 0.941167 0.910567 0.929802 0.913626 0.875189 0.849211 0.870960 0.846579 0.685332 0.926499 0.897749 0.466527 0.614390 0.000000 0.532873 0.826513 0.980041 0.796676 0.901420 0.953023 0.864083 0.410635 0.551804 0.784860 0.868580 0.670253 0.865682 0.912666 0.998290 0.783337 0.819519 0.771241 0.956417 0.770710 0.888328 0.942343 0.933305 0.893140 0.994348 0.894467 0.931646 0.747739 0.711658 0.596959 0.672086 0.826898 0.843275 0.721562 0.660361 0.670078 0.597573 0.603491 0.627844 0.849089 0.856620 0.940709 0.958878 0.872178 0.798574 0.978201 0.714643 0.961376 0.974581 0.560104 0.951577 0.843851 0.802920 0.964644 0.896424 0.960258 0.844880 0.901933 0.850791 0.899949 0.983739 0.851380 0.809890 0.921802 0.984217 0.993508 0.932542 0.568722 0.818372 0.515204 0.517545 0.767699 0.666140 0.836845 0.768057 0.921683 0.909277 0.903965 0.883656 0.928255 0.990831 0.768523 0.754169 0.998658 0.836493 0.842036 0.774909 0.777887 0.981677 0.918391 0.973760 0.937097 0.994963 0.986444 0.954738 0.865471 0.908003 0.899819 0.961124 0.758745 0.975921
0.998164 0.982565 0.563143 0.615118 0.932847 0.783183 0.527143 0.714334 0.526976 0.902117 0.877186 0.907769 0.381479 0.625520 0.532873 0.000000 0.859121 0.877363 0.635688 0.690821 0.913778 0.955334 0.414597 0.507045 0.563035 0.621340 0.951956 0.966596 0.924287 0.924486 0.592287 0.633088 0.578487 0.763048 0.794467 0.875548 0.888190 0.757234 0.834829 0.763197 0.928060 0.992388 0.512942 0.610634 0.597477 0.745303 0.712022 0.858814 0.860095 0.841735 0.727173 0.717092 0.682651 0.689123 0.958569 0.718797 0.991007 0.754708 0.826978 0.686753 0.916493 0.974018 0.742115 0.741151 0.435501 0.618153 0.623503 0.911734 0.940812 0.900629 0.618482 0.666739 0.873077 0.837816 0.876934 0.819312 0.539056 0.649501 0.838063 0.981116 0.845252 0.938128 0.805160 0.936953 0.651832 0.618146 0.943657 0.976038 0.896823 0.805576 0.557557 0.571413 0.595105 0.602116 0.919458 0.797034 0.940173 0.928419 0.680247 0.532208 0.871117 0.584748 0.963405 0.986378 0.705827 0.840142 0.935537 0.826806 0.834981 0.990066 0.982400 0.798797 0.703419 0.988372 0.722211 0.783596
0.395365 0.463052 0.672765 0.710174 0.970639 0.924248 0.944205 0.931349 0.769937 0.910848 0.444494 0.541866 0.840502 0.772365 0.826513 0.859121 0.000000 0.323320 0.723170 0.779468 0.978616 0.930877 0.681929 0.743694 0.624892 0.588929 0.823777 0.951323 0.533453 0.420815 0.859565 0.890695 0.857526 0.641632 0.884895 0.884134 0.932393 0.982332 0.843370 0.999065 0.638258 0.870427 0.873872 0.975535 0.987767 0.908051 0.718643 0.848989 0.907798 0.995850 0.980514 0.913531 0.760481 0.563445 0.723510 0.807443 0.446559 0.419025 0.441046 0.531111 0.493201 0.815731 0.408063 0.376704 0.640068 0.891802 0.870462 0.666059 0.588306 0.803556 0.842701 0.935577 0.720889 0.857596 0.819763 0.811062 0.821169 0.791611 0.701485 0.719537 0.386024 0.399123 0.750930 0.538902 0.867852 0.979546 0.914841 0.877711 0.976262 0.925963 0.661711 0.576540 0.599805 0.484794 0.733191 0.885296 0.861351 0.991012 0.912949 0.874202 0.846337 0.732594 0.922501 0.755038 0.969243 0.877327 0.825345 0.946643 0.998985 0.877538 0.920107 0.830634 0.966219 0.943703 0.990659 0.969578
0.382788 0.442917 0.663675 0.756822 0.962364 0.928246 0.922883 0.884386 0.700441 0.741765 0.364246 0.583214 0.866185 0.916621 0.980041 0.877363 0.323320 0.000000 0.720668 0.754594 0.948592 0.957903 0.828465 0.863753 0.681733 0.578870 0.976199 0.890635 0.477159 0.386605 0.873727 0.921452 0.784683 0.618873 0.925118 0.912705 0.983143 0.979924 0.876874 0.983449 0.593305 0.836384 0.856764 0.993039 0.949472 0.841237 0.674191 0.747501 0.857135 0.923400 0.963135 0.997518 0.872133 0.606778 0.638536 0.853437 0.400165 0.365104 0.487086 0.502884 0.504205 0.934952 0.352947 0.324900 0.726172 0.865704 0.888867 0.722700 0.563359 0.702794 0.710823 0.810670 0.780972 0.942723 0.840976 0.800655 0.738990 0.814609 0.669258 0.679163 0.383211 0.328403 0.601650 0.425121 0.730944 0.811002 0.897798 0.732810 0.993075 0.805918 0.575888 0.502687 0.561901 0.499086 0.749321 0.937749 0.980870 0.868344 0.816175 0.811442 0.806272 0.725679 0.984276 0.818453 0.993804 0.896776 0.701181 0.844877 0.871677 0.908629 0.832587 0.926809 0.895988 0.936803 0.925078 0.919131
0.695472 0.727493 0.703431 0.692600 0.948931 0.751263 0.510985 0.589243 0.659057 0.831203 0.647644 0.745639 0.698463 0.799328 0.796676 0.635688 0.723170 0.720668 0.000000 0.497091 0.931500 0.879356 0.739011 0.820648 0.885280 0.858369 0.870047 0.976444 0.661616 0.617944 0.699042 0.651264 0.530197 0.455748 0.933316 0.967079 0.954120 0.871580 0.914355 0.910640 0.882943 0.950189 0.776594 0.840129 0.832171 0.896628 0.728495 0.880217 0.977026 0.960590 0.995702 0.952990 0.987914 0.873137 0.862941 0.876959 0.813039 0.966433 0.888426 0.936118 0.652614 0.875459 0.921999 0.926092 0.763536 0.611329 0.550887 0.691281 0.843802 0.974677 0.704387 0.694472 0.749552 0.748088 0.847120 0.963181 0.813293 0.785757 0.748062 0.892236 0.880983 0.787657 0.862464 0.792185 0.748203 0.766500 0.979682 0.907994 0.962043 0.884182 0.796567 0.831536 0.752531 0.874653 0.767435 0.939858 0.839988 0.958946 0.834102 0.754816 0.989015 0.898852 0.983699 0.985265 0.801274 0.890123 0.964595 0.932645 0.935268 0.984157 0.864384 0.885828 0.868411 0.881717 0.812354 0.950488
0.690441 0.739529 0.692173 0.661108 0.980608 0.949384 0.713667 0.690184 0.849934 0.985740 0.756868 0.808246 0.842884 0.764316 0.901420 0.690821 0.779468 0.754594 0.497091 0.000000 0.884106 0.986637 0.752573 0.723674 0.763888 0.801048 0.939062 0.911721 0.823855 0.791156 0.887863 0.809433 0.696194 0.727179 0.925245 0.988381 0.963016 0.737214 0.954846 0.875128 0.784750 0.931034 0.778873 0.792778 0.903685 0.903013 0.787162 0.814984 0.987836 0.922763 0.947922 0.968867 0.974162 0.842152 0.862190 0.889664 0.759893 0.956450 0.941254 0.961386 0.870261 0.932397 0.963828 0.986339 0.714893 0.621071 0.738231 0.825229 0.784289 0.933369 0.834801 0.728894 0.891823 0.865050 0.956494 0.952396 0.875457 0.955900 0.786926 0.954096 0.953411 0.841305 0.841551 0.840088 0.768023 0.788130 0.871634 0.813651 0.964939 0.675381 0.896247 0.976075 0.926726 0.921932 0.800997 0.981926 0.908340 0.981844 0.940395 0.768691 0.967847 0.974444 0.987458 0.979069 0.689699 0.800185 0.950732 0.921492 0.996207 0.965731 0.850375 0.950728 0.935025 0.858504 0.844753 0.938028
0.909915 0.969823 0.889734 0.865122 0.746661 0.822970 0.929852 0.978293 0.853354 0.969182 0.987355 0.922707 0.948496 0.970720 0.953023 0.913778 0.978616 0.948592 0.931500 0.884106 0.000000 0.883621 0.947876 0.991303 0.963693 0.890527 0.933683 0.893092 0.945840 0.970665 0.767063 0.943137 0.955189 0.877927 0.865262 0.960473 0.772382 0.881759 0.831472 0.894974 0.953054 0.956831 0.743888 0.787925 0.788444 0.840871 0.845083 0.937141 0.864161 0.906187 0.914310 0.914574 0.902951 0.940679 0.900359 0.993489 0.987382 0.983353 0.955517 0.976639 0.923627 0.962980 0.889599 0.913724 0.947021 0.971506 0.808931 0.810620 0.933485 0.907756 0.805031 0.907814 0.945827 0.882725 0.890688 0.931214 0.836656 0.890893 0.934124 0.965303 0.979997 0.980971 0.974393 0.971991 0.982058 0.946591 0.967382 0.878781 0.956404 0.980737 0.957545 0.908592 0.936834 0.961299 0.984547 0.894528 0.979233 0.986492 0.865570 0.904827 0.861137 0.961336 0.935255 0.705752 0.908142 0.955063 0.934195 0.983340 0.833023 0.882076 0.945010 0.982878 0.813149 0.929007 0.925581 0.771612
0.903435 0.913960 0.923994 0.976356 0.892271 0.964856 0.920913 0.988167 0.995751 0.887312 0.967006 0.885783 0.939379 0.804511 0.864083 0.955334 0.930877 0.957903 0.879356 0.986637 0.883621 0.000000 0.869510 0.893522 0.995318 0.968312 0.993330 0.995860 0.931193 0.966043 0.875221 0.968514 0.981289 0.949859 0.874966 0.962516 0.656002 0.866774 0.901031 0.762234 0.820458 0.984817 0.844297 0.846510 0.845904 0.826760 0.797399 0.882364 0.889974 0.944492 0.805148 0.925942 0.828649 0.943492 0.781128 0.817642 0.879125 0.949559 0.914297 0.951629 0.981767 0.920604 0.992622 0.925530 0.924862 0.950756 0.983507 0.891033 0.926829 0.875991 0.866797 0.988656 0.971087 0.995175 0.840488 0.961318 0.931798 0.950076 0.845281 0.929626 0.895401 0.842109 0.969639 0.927084 0.996594 0.982431 0.999109 0.984976 0.984945 0.954893 0.922247 0.960932 0.938594 0.928767 0.937929 0.919034 0.932559 0.914822 0.845197 0.936703 0.962139 0.915762 0.863117 0.798058 0.914555 0.908702 0.995061 0.974245 0.906473 0.935911 0.952755 0.960613 0.994491 0.985347 0.945263 0.827303
0.893559 0.936260 0.616440 0.583947 0.914659 0.967476 0.587950 0.850655 0.651906 0.853591 0.815062 0.829167 0.468945 0.556488 0.410635 0.414597 0.681929 0.828465 0.739011 0.752573 0.947876 0.869510 0.000000 0.346475 0.498005 0.627823 0.681091 0.818079 0.883499 0.816986 0.679825 0.729068 0.630437 0.944709 0.697530 0.828171 0.903563 0.856956 0.843181 0.896339 0.855102 0.930707 0.571538 0.597629 0.585070 0.719392 0.853787 0.770792 0.821041 0.716993 0.766280 0.637106 0.589408 0.624551 0.939456 0.809885 0.957423 0.746028 0.717159 0.654780 0.832932 0.721706 0.748529 0.705955 0.313530 0.768345 0.660500 0.936697 0.864547 0.963670 0.869156 0.947532 0.905106 0.886913 0.965813 0.853105 0.689552 0.659744 0.996035 0.967019 0.784661 0.905405 0.711764 0.928303 0.470453 0.429560 0.830974 0.793415 0.775894 0.656991 0.720457 0.694367 0.683344 0.646288 0.988580 0.841748 0.799136 0.851734 0.849718 0.634481 0.975883 0.679297 0.815778 0.870867 0.700882 0.911557 0.878827 0.961202 0.851116 0.934384 0.918717 0.957889 0.799387 0.904091 0.797777 0.895128
0.880792 0.903308 0.558500 0.532695 0.908075 0.940767 0.613668 0.789119 0.725654 0.885361 0.905496 0.920040 0.536864 0.572327 0.551804 0.507045 0.743694 0.863753 0.820648 0.723674 0.991303 0.893522 0.346475 0.000000 0.447652 0.684016 0.686788 0.956263 0.843010 0.868162 0.773440 0.756271 0.760088 0.933246 0.769068 0.881399 0.885381 0.793567 0.834908 0.884136 0.900437 0.957490 0.660311 0.636813 0.683008 0.811205 0.906849 0.764150 0.928632 0.813162 0.846648 0.771361 0.669878 0.727870 0.955100 0.852753 0.998621 0.760601 0.725264 0.703414 0.842973 0.838162 0.746711 0.736361 0.368119 0.706395 0.659864 0.895451 0.877593 0.942957 0.843741 0.919315 0.881764 0.859298 0.981064 0.918669 0.742253 0.699788 0.969481 0.996471 0.832420 0.964732 0.791900 0.891353 0.563253 0.426219 0.873875 0.790135 0.683714 0.638814 0.745480 0.788004 0.766770 0.719630 0.999447 0.825050 0.831273 0.950000 0.903266 0.654991 0.987269 0.741696 0.838386 0.891321 0.705062 0.818555 0.907106 0.981463 0.870295 0.991325 0.934110 0.992136 0.880954 0.940167 0.819720 0.893119
0.784846 0.849552 0.395077 0.398709 0.963451 0.970236 0.530601 0.575978 0.671795 0.942628 0.736085 0.800216 0.660440 0.778992 0.784860 0.563035 0.624892 0.681733 0.885280 0.763888 0.963693 0.995318 0.498005 0.447652 0.000000 0.483841 0.830875 0.963821 0.661771 0.632367 0.661753 0.742499 0.767174 0.961918 0.828706 0.936474 0.795231 0.743447 0.743952 0.725616 0.877869 0.879206 0.581886 0.675443 0.827610 0.928236 0.935540 0.836602 0.937343 0.959965 0.999837 0.920454 0.806413 0.874417 0.991550 0.927208 0.871202 0.590914 0.608817 0.626294 0.657049 0.873185 0.485891 0.516747 0.328493 0.585359 0.654916 0.962544 0.817881 0.781060 0.680385 0.678890 0.917419 0.933370 0.943528 0.903196 0.646439 0.675261 0.896192 0.983977 0.671718 0.719985 0.920790 0.881080 0.780228 0.674969 0.866784 0.973919 0.831516 0.757066 0.611518 0.621872 0.560248 0.507091 0.910847 0.765499 0.987973 0.992913 0.808152 0.621410 0.777571 0.713286 0.905528 0.736024 0.693269 0.922514 0.787233 0.914199 0.931626 0.984067 0.938460 0.935059 0.882690 0.964452 0.923261 0.795285
0.761528 0.767165 0.451351 0.457599 0.802392 0.855423 0.655398 0.600331 0.514798 0.789318 0.697626 0.827029 0.781781 0.847006 0.868580 0.621340 0.588929 0.578870 0.858369 0.801048 0.890527 0.968312 0.627823 0.684016 0.483841 0.000000 0.913377 0.925520 0.758015 0.671629 0.639862 0.657236 0.817963 0.996074 0.779597 0.957608 0.722945 0.805240 0.732092 0.662734 0.781075 0.835675 0.604918 0.708366 0.830558 0.907580 0.979371 0.990108 0.990821 0.877541 0.912036 0.874621 0.787203 0.725405 0.975278 0.916550 0.704877 0.543895 0.624478 0.638831 0.639140 0.913946 0.458397 0.470372 0.535263 0.683376 0.776636 0.985759 0.863300 0.865934 0.625013 0.648819 0.995049 0.997529 0.974330 0.929966 0.526922 0.643839 0.959206 0.964233 0.635400 0.631428 0.851760 0.783993 0.988104 0.904260 0.932732 0.892804 0.991287 0.847080 0.627494 0.566267 0.576920 0.502140 0.918109 0.855053 0.895948 0.874189 0.774748 0.622982 0.785446 0.715966 0.909398 0.883465 0.793379 0.963013 0.790975 0.864936 0.965876 0.970603 0.991989 0.980855 0.841876 0.886404 0.945270 0.832619
0.940890 0.933302 0.987327 0.943942 0.962655 0.513804 0.855093 0.780833 0.958280 0.721995 0.975535 0.818802 0.949692 0.779362 0.670253 0.951956 0.823777 0.976199 0.870047 0.939062 0.933683 0.993330 0.681091 0.686788 0.830875 0.913377 0.000000 0.818794 0.957012 0.941593 0.991247 0.938431 0.942864 0.787053 0.825433 0.841740 0.923978 0.864954 0.945772 0.981897 0.929047 0.977200 0.949322 0.841131 0.817173 0.799125 0.925618 0.817822 0.838752 0.791209 0.903953 0.844038 0.703053 0.750410 0.908796 0.974636 0.977042 0.962517 0.818208 0.824623 0.736413 0.701966 0.971468 0.920242 0.715939 0.820404 0.930733 0.643373 0.990387 0.879316 0.791790 0.688628 0.731476 0.712992 0.947163 0.963697 0.997054 0.955567 0.881516 0.905769 0.964971 0.995659 0.680533 0.826512 0.783417 0.728712 0.909533 0.852990 0.805045 0.671083 0.824041 0.826081 0.841439 0.929409 0.848768 0.886155 0.670636 0.834981 0.804987 0.920221 0.820771 0.997945 0.777062 0.997799 0.904360 0.980761 0.951576 0.915490 0.910286 0.995193 0.943470 0.914736 0.828305 0.900552 0.902340 0.957020
0.869046 0.785366 0.918844 0.983676 0.916552 0.942454 0.908793 0.894477 0.900173 0.715231 0.961328 0.912414 0.983644 0.952084 0.865682 0.966596 0.951323 0.890635 0.976444 0.911721 0.893092 0.995860 0.818079 0.956263 0.963821 0.925520 0.818794 0.000000 0.876109 0.992747 0.981987 0.850369 0.885156 0.928891 0.828870 0.921970 0.968481 0.918638 0.996111 0.879235 0.894384 0.904079 0.905393 0.811568 0.853029 0.821067 0.947427 0.783284 0.781097 0.739039 0.847889 0.751732 0.786911 0.943317 0.802916 0.946795 0.870378 0.791825 0.905932 0.948176 0.838081 0.707080 0.908373 0.885542 0.908804 0.833487 0.989189 0.999576 0.904158 0.877863 0.803829 0.815694 0.932197 0.840216 0.983129 0.766207 0.902595 0.988580 0.904097 0.885210 0.899603 0.871464 0.759318 0.832241 0.715371 0.785855 0.874189 0.795310 0.942064 0.761843 0.813516 0.840584 0.851336 0.950654 0.840994 0.813899 0.757723 0.870506 0.861305 0.946583 0.921164 0.934078 0.830244 0.991931 0.951138 0.987384 0.983529 0.922402 0.921185 0.913198 0.840612 0.980268 0.995211 0.951301 0.927917 0.914865
0.604448 0.570163 0.752953 0.794317 0.867229 0.997810 0.979172 0.916121 0.879479 0.886344 0.553974 0.627257 0.910021 0.979448 0.912666 0.924287 0.533453 0.477159 0.661616 0.823855 0.945840 0.931193 0.883499 0.843010 0.661771 0.758015 0.957012 0.876109 0.000000 0.431982 0.956164 0.975246 0.780999 0.633050 0.937700 0.952322 0.812081 0.809244 0.894355 0.822965 0.730730 0.780789 0.847017 0.916605 0.956446 0.874764 0.858288 0.887322 0.834984 0.870700 0.965542 0.987770 0.960975 0.813178 0.712544 0.967124 0.671467 0.598681 0.651572 0.662827 0.605052 0.949752 0.494020 0.544052 0.726734 0.801942 0.957678 0.847678 0.717207 0.819629 0.775351 0.888197 0.736528 0.959227 0.811335 0.797254 0.862273 0.858684 0.741720 0.891535 0.561805 0.548987 0.643373 0.575546 0.883778 0.917489 0.989771 0.847414 0.932742 0.930586 0.729974 0.709430 0.772657 0.684883 0.803045 0.864638 0.995619 0.819645 0.879634 0.796247 0.737226 0.788908 0.957006 0.863820 0.923972 0.988755 0.732982 0.972798 0.864922 0.952574 0.776398 0.916904 0.921055 0.975184 0.981266 0.767528
0.561926 0.578403 0.778670 0.845012 0.889348 0.931398 0.980669 0.982817 0.883190 0.939303 0.412144 0.626492 0.931736 0.960307 0.998290 0.924486 0.420815 0.386605 0.617944 0.791156 0.970665 0.966043 0.816986 0.868162 0.632367 0.671629 0.941593 0.992747 0.431982 0.000000 0.961793 0.938027 0.794461 0.603468 0.909994 0.994014 0.900409 0.922306 0.901208 0.850256 0.739900 0.790384 0.833419 0.976460 0.929973 0.891002 0.774772 0.918266 0.929215 0.958323 0.996672 0.956254 0.886187 0.743437 0.740267 0.923435 0.622063 0.567695 0.578045 0.607215 0.489768 0.940836 0.447560 0.472574 0.683432 0.881287 0.794691 0.709941 0.664329 0.771030 0.889088 0.908891 0.723282 0.882254 0.836360 0.867197 0.853209 0.956964 0.691458 0.784019 0.514491 0.470814 0.732369 0.549028 0.916655 0.900208 0.952037 0.799342 0.928759 0.976657 0.742821 0.665381 0.724631 0.634131 0.717235 0.986931 0.866122 0.930661 0.902748 0.866119 0.752107 0.865880 0.951956 0.781151 0.968577 0.909036 0.661679 0.970563 0.902428 0.807568 0.786278 0.908306 0.916597 0.928823 0.860596 0.943754
0.986826 0.965315 0.567652 0.603374 0.835402 0.918808 0.564427 0.685784 0.517488 0.944149 0.993383 0.916239 0.754395 0.940398 0.783337 0.592287 0.859565 0.873727 0.699042 0.887863 0.767063 0.875221 0.679825 0.773440 0.661753 0.639862 0.991247 0.981987 0.956164 0.961793 0.000000 0.593075 0.632787 0.733368 0.950840 0.866103 0.811621 0.752138 0.763858 0.789031 0.925205 0.867329 0.569283 0.587651 0.617708 0.711500 0.768325 0.867465 0.841728 0.792774 0.729921 0.779240 0.725099 0.744796 0.775468 0.845000 0.975581 0.754693 0.857117 0.798865 0.971433 0.926796 0.765037 0.773348 0.669223 0.830144 0.549285 0.748676 0.981383 0.999906 0.695252 0.749250 0.913511 0.899874 0.906682 0.900627 0.604298 0.683612 0.778931 0.860778 0.954092 0.961559 0.940119 0.993357 0.883124 0.777983 0.989756 0.824496 0.998685 0.954050 0.777458 0.710282 0.715358 0.698137 0.944550 0.874323 0.868314 0.961576 0.763204 0.726665 0.972483 0.637213 0.929886 0.975999 0.843552 0.936941 0.991740 0.889358 0.953147 0.986031 0.960435 0.901182 0.816216 0.974049 0.833742 0.855227
0.996127 0.987331 0.636500 0.601883 0.816614 0.780332 0.545426 0.578851 0.672473 0.865552 0.976923 0.918662 0.740989 0.780203 0.819519 0.633088 0.890695 0.921452 0.651264 0.809433 0.943137 0.968514 0.729068 0.756271 0.742499 0.657236 0.938431 0.850369 0.975246 0.938027 0.593075 0.000000 0.638952 0.765631 0.962679 0.877995 0.961976 0.884870 0.843193 0.885540 0.934367 0.912996 0.713554 0.777640 0.843327 0.862369 0.803279 0.951465 0.964261 0.815972 0.849552 0.819786 0.855603 0.868007 0.857058 0.911708 0.971216 0.834974 0.946122 0.921228 0.931608 0.984822 0.872367 0.842250 0.733032 0.716485 0.681977 0.762399 0.876940 0.920096 0.818283 0.831658 0.846472 0.884255 0.897959 0.887064 0.780652 0.800963 0.776968 0.888678 0.920680 0.981425 0.998183 0.983527 0.896438 0.790874 0.815854 0.977931 0.964341 0.969630 0.787963 0.693575 0.690299 0.795839 0.815499 0.976093 0.835512 0.970233 0.883700 0.765301 0.978273 0.797506 0.919773 0.951187 0.672824 0.837065 0.954632 0.965110 0.969681 0.945184 0.937264 0.931616 0.843837 0.898869 0.740252 0.996702
0.685200 0.636640 0.755005 0.693116 0.886547 0.791591 0.484097 0.589722 0.697575 0.985764 0.769066 0.744700 0.687024 0.776448 0.771241 0.578487 0.857526 0.784683 0.530197 0.696194 0.955189 0.981289 0.630437 0.760088 0.767174 0.817963 0.942864 0.885156 0.780999 0.794461 0.632787 0.638952 0.000000 0.483296 0.936533 0.935359 0.987146 0.872884 0.975874 0.814289 0.828936 0.943921 0.598126 0.635519 0.655816 0.689508 0.629602 0.679379 0.785518 0.721346 0.744413 0.696693 0.748646 0.913425 0.710215 0.658441 0.702810 0.887873 0.806776 0.859143 0.747318 0.895910 0.931086 0.948408 0.701840 0.699675 0.509718 0.571518 0.866437 0.894743 0.836600 0.794523 0.735762 0.782523 0.819372 0.982760 0.724499 0.688426 0.783559 0.822008 0.801762 0.736989 0.726928 0.695416 0.581336 0.575204 0.950486 0.890420 0.957812 0.713319 0.847150 0.824315 0.804356 0.907989 0.791663 0.790857 0.786078 0.887650 0.746727 0.708769 0.929560 0.823094 0.853474 0.973845 0.593276 0.776939 0.964153 0.939885 0.963328 0.881804 0.907354 0.876207 0.774837 0.958531 0.772059 0.904192
0.582198 0.610507 0.846585 0.818806 0.822753 0.749101 0.625832 0.638581 0.807928 0.913601 0.576271 0.638540 0.838914 0.932212 0.956417 0.763048 0.641632 0.618873 0.455748 0.727179 0.877927 0.949859 0.944709 0.933246 0.961918 0.996074 0.787053 0.928891 0.633050 0.603468 0.733368 0.765631 0.483296 0.000000 0.916807 0.961143 0.972567 0.822413 0.953965 0.876050 0.771833 0.907676 0.774585 0.791708 0.759511 0.774488 0.653746 0.771693 0.864258 0.923467 0.867966 0.919458 0.929476 0.885090 0.756352 0.812758 0.634953 0.781431 0.705310 0.727752 0.603209 0.786640 0.798724 0.779088 0.943666 0.764864 0.546608 0.595527 0.713947 0.890004 0.791957 0.711818 0.611533 0.745831 0.663768 0.919690 0.824848 0.814393 0.710822 0.737860 0.673194 0.651155 0.835378 0.663862 0.795384 0.755237 0.937023 0.994699 0.950562 0.886582 0.919763 0.944052 0.885021 0.964460 0.770036 0.840902 0.780830 0.978591 0.777140 0.856345 0.986438 0.919546 0.832665 0.873296 0.823385 0.836471 0.824128 0.901365 0.966099 0.871809 0.921743 0.816081 0.823469 0.850780 0.820991 0.995508
0.998241 0.942368 0.942158 0.928430 0.976536 0.930871 0.978348 0.888164 0.863659 0.904464 0.877073 0.971326 0.805909 0.836154 0.770710 0.794467 0.884895 0.925118 0.933316 0.925245 0.865262 0.874966 0.697530 0.769068 0.828706 0.779597 0.825433 0.828870 0.937700 0.909994 0.950840 0.962679 0.936533 0.916807 0.000000 0.895458 0.810341 0.951249 0.810157 0.928781 0.877742 0.968885 0.659444 0.689715 0.651210 0.642480 0.775951 0.702412 0.690507 0.701909 0.736816 0.695578 0.756873 0.743294 0.986117 0.829421 0.927725 0.974824 0.976363 0.995692 0.895868 0.879721 0.949575 0.935130 0.749662 0.969496 0.857687 0.991141 0.919762 0.924532 0.949117 0.967938 0.942228 0.932399 0.998351 0.767120 0.766813 0.729235 0.953528 0.965811 0.991707 0.923359 0.876199 0.990304 0.751111 0.755699 0.897422 0.983693 0.857517 0.719478 0.953778 0.995992 0.998935 0.987963 0.882087 0.808999 0.857010 0.929896 0.870359 0.727443 0.927157 0.911742 0.946778 0.800732 0.828760 0.913197 0.985809 0.946899 0.839239 0.833868 0.988189 0.820582 0.803878 0.927523 0.823079 0.801317
0.967392 0.962602 0.970904 0.906001 0.946773 0.892614 0.996592 0.986554 0.870078 0.877621 0.908803 0.992970 0.906979 0.885631 0.888328 0.875548 0.884134 0.912705 0.967079 0.988381 0.960473 0.962516 0.828171 0.881399 0.936474 0.957608 0.841740 0.921970 0.952322 0.994014 0.866103 0.877995 0.935359 0.961143 0.895458 0.000000 0.989669 0.917529 0.850462 0.965190 0.920676 0.873155 0.827077 0.847391 0.764872 0.847943 0.968880 0.940515 0.880541 0.852241 0.897142 0.826909 0.773879 0.866927 0.993348 0.984634 0.989494 0.944252 0.977915 0.901270 0.889653 0.908754 0.932962 0.931164 0.877380 0.940941 0.927284 0.915393 0.826029 0.972862 0.967810 0.843572 0.893222 0.970456 0.924519 0.783532 0.994011 0.952213 0.997006 0.998987 0.949696 0.940526 0.909166 0.976020 0.883169 0.866683 0.963276 0.972249 0.984223 0.915659 0.962893 0.946266 0.903179 0.958776 0.873873 0.826623 0.966775 0.938194 0.956106 0.923235 0.946014 0.730307 0.930629 0.977545 0.948739 0.916771 0.925383 0.939108 0.918985 0.951686 0.905982 0.932327 0.884639 0.965904 0.755497 0.929062
0.933604 0.977111 0.771065 0.742365 0.842258 0.942733 0.973025 0.882073 0.874126 0.960593 0.986350 0.949857 0.926833 0.970882 0.942343 0.888190 0.932393 0.983143 0.954120 0.963016 0.772382 0.656002 0.903563 0.885381 0.795231 0.722945 0.923978 0.968481 0.812081 0.900409 0.811621 0.961976 0.987146 0.972567 0.810341 0.989669 0.000000 0.793761 0.821613 0.663636 0.909697 0.972077 0.686977 0.651747 0.776587 0.768671 0.791632 0.792763 0.804630 0.854055 0.809662 0.837564 0.849406 0.890120 0.861009 0.881763 0.915741 0.985222 0.994196 0.986858 0.896937 0.972345 0.878911 0.962148 0.851663 0.921430 0.850109 0.913346 0.901765 0.917034 0.860768 0.918413 0.936089 0.996534 0.947013 0.987358 0.828434 0.898618 0.859117 0.763548 0.947613 0.935745 0.948293 0.931978 0.957719 0.914284 0.945128 0.847462 0.994738 0.845208 0.993173 0.992530 0.943574 0.918467 0.900118 0.856109 0.909191 0.992560 0.882019 0.896729 0.835980 0.975157 0.908802 0.888399 0.972428 0.997809 0.995180 0.977582 0.982829 0.933589 0.974028 0.874379 0.997791 0.898036 0.841908 0.785197
0.851713 0.947065 0.696996 0.738423 0.834722 0.885190 0.868937 0.850630 0.848603 0.993720 0.879179 0.973603 0.841716 0.846507 0.933305 0.757234 0.982332 0.979924 0.871580 0.737214 0.881759 0.866774 0.856956 0.793567 0.743447 0.805240 0.864954 0.918638 0.809244 0.922306 0.752138 0.884870 0.872884 0.822413 0.951249 0.917529 0.793761 0.000000 0.897899 0.663510 0.950462 0.866398 0.764437 0.726667 0.823105 0.766904 0.848682 0.774388 0.866027 0.875943 0.811929 0.814317 0.827422 0.891273 0.885850 0.880135 0.830805 0.991394 0.992461 0.976025 0.999317 0.922605 0.891843 0.916432 0.759684 0.816154 0.838976 0.941520 0.751407 0.813528 0.856885 0.869863 0.956728 0.816537 0.844156 0.778868 0.792992 0.864547 0.877298 0.997560 0.957770 0.936894 0.833085 0.834229 0.879880 0.819627 0.961087 0.987846 0.763387 0.732149 0.991567 0.965611 0.997744 0.928652 0.935660 0.906779 0.996863 0.902412 0.969206 0.955547 0.844527 0.875443 0.928330 0.942902 0.910964 0.922519 0.973014 0.891695 0.917145 0.864428 0.866678 0.972170 0.858033 0.969778 0.878342 0.807386
