0.000000 0.293524 0.723132 0.703317 0.852858 0.604092 0.394892 0.413521 0.555251 0.520599 0.354433 0.277889 0.374410 0.393804 0.586110 0.692324 0.401367 0.396648 0.395653 0.451860 0.874141 0.985787 0.867695 0.958811 0.765240 0.905307 0.677214 0.819419 0.429215 0.495654 0.998676 0.993442 0.465917 0.408060 0.744345 0.852512 0.952506 0.946956 0.787385 0.998820 0.928502 0.761237 0.555326 0.564760 0.578310 0.533862 0.462616 0.462787 0.730533 0.648975 0.621283 0.501877 0.742361 0.870738 0.670707 0.541486 0.343984 0.309025 0.214358 0.261654 0.235189 0.335457 0.351641 0.323490 0.823760 0.682290 0.605676 0.550785 0.690177 0.688472 0.664973 0.825136 0.881785 0.892033 0.941507 0.999897 0.532877 0.794720 0.537070 0.816604 0.422536 0.623593 0.847190 0.646177 0.682672 0.810995 0.981761 0.945495 0.610143 0.545593 0.735442 0.685489 0.823721 0.801548 0.929621 0.790961 0.626529 0.848473 0.429252 0.391191 0.661211 0.678684 0.561095 0.628875 0.503160 0.453790 0.812924 0.589871 0.661142 0.665522 0.633662 0.641817 0.469705 0.846754 0.628543 0.874783
0.293524 0.000000 0.567349 0.493908 0.957618 0.641332 0.344590 0.344765 0.658014 0.694440 0.543359 0.404277 0.588487 0.395472 0.786366 0.779683 0.530087 0.525521 0.378560 0.347383 0.865223 0.888985 0.710066 0.778662 0.948756 0.840856 0.770867 0.827773 0.608191 0.562550 0.691280 0.669401 0.340505 0.304946 0.650203 0.956045 0.821492 0.876170 0.967436 0.898927 0.842179 0.819152 0.383395 0.403622 0.548109 0.535954 0.426078 0.368100 0.875688 0.643748 0.555306 0.455301 0.686425 0.790152 0.659552 0.525296 0.352277 0.335633 0.327178 0.267344 0.287734 0.278075 0.537386 0.489081 0.701119 0.482801 0.437596 0.367769 0.701502 0.618717 0.560872 0.649542 0.658641 0.722193 0.863898 0.896594 0.572415 0.661369 0.665454 0.766063 0.470549 0.623637 0.723959 0.700407 0.628319 0.590751 0.977448 0.970767 0.648474 0.465790 0.699922 0.845340 0.761019 0.886621 0.910505 0.782663 0.586948 0.877168 0.487734 0.501856 0.616566 0.692957 0.615762 0.759611 0.403368 0.387666 0.832220 0.600914 0.696344 0.650884 0.625184 0.686612 0.568131 0.766596 0.551256 0.970966
0.723132 0.567349 0.000000 0.209538 0.903621 0.804255 0.435652 0.545813 0.671887 0.983918 0.902103 0.886775 0.855630 0.834042 0.797508 0.662241 0.998883 0.991530 0.556000 0.503690 0.458011 0.718802 0.304077 0.420686 0.393956 0.311079 0.938718 0.816211 0.943551 0.977435 0.363688 0.584453 0.424831 0.450934 0.415674 0.702059 0.404679 0.657051 0.807368 0.699049 0.754401 0.990495 0.446941 0.661672 0.847969 0.959574 0.516932 0.516661 0.704444 0.976111 0.796161 0.872153 0.905012 0.867368 0.746830 0.827348 0.892817 0.854932 0.777972 0.714551 0.644215 0.592537 0.907435 0.945340 0.240115 0.288981 0.295901 0.343206 0.643526 0.709219 0.347259 0.443804 0.534138 0.629987 0.865949 0.848279 0.598872 0.501519 0.958365 0.788370 0.903912 0.749440 0.841482 0.977645 0.521305 0.446247 0.997131 0.760350 0.594805 0.700952 0.572237 0.744036 0.569816 0.606595 0.664412 0.697624 0.636722 0.902936 0.712811 0.670227 0.728406 0.876600 0.859811 0.992981 0.601584 0.511184 0.766985 0.761416 0.727019 0.792651 0.606283 0.838615 0.847328 0.840808 0.807713 0.928024
0.703317 0.493908 0.209538 0.000000 0.939175 0.744640 0.399518 0.465359 0.724079 0.985273 0.912563 0.801289 0.939024 0.764197 0.927815 0.718406 0.973018 0.996585 0.545758 0.438347 0.454616 0.761719 0.356939 0.385087 0.426596 0.323256 0.993109 0.873412 0.894097 0.990822 0.376708 0.541527 0.427815 0.422326 0.457287 0.666939 0.480401 0.616502 0.754167 0.757542 0.694008 0.951295 0.375647 0.558801 0.789055 0.902576 0.409990 0.455434 0.720925 0.958344 0.707491 0.771086 0.839523 0.786208 0.749881 0.772240 0.836464 0.837375 0.725422 0.635857 0.631942 0.496510 0.901365 0.948336 0.310159 0.213810 0.250867 0.256466 0.683938 0.735352 0.306375 0.370393 0.477087 0.586463 0.739561 0.784217 0.559030 0.473900 0.905960 0.748407 0.913750 0.803080 0.824925 0.982346 0.563075 0.435233 0.950832 0.831752 0.639181 0.690011 0.519014 0.746120 0.517665 0.640614 0.696361 0.625303 0.546672 0.836353 0.637986 0.635952 0.636761 0.817518 0.813205 0.955039 0.502989 0.496000 0.751549 0.702503 0.681545 0.738120 0.610770 0.790082 0.833205 0.807235 0.684411 0.849621
0.852858 0.957618 0.903621 0.939175 0.000000 0.980314 0.937748 0.966335 0.697332 0.741704 0.830906 0.867026 0.571513 0.823074 0.646669 0.688457 0.824131 0.846175 0.743761 0.998786 0.906140 0.896689 0.820168 0.923339 0.901990 0.874173 0.871497 0.999755 0.785168 0.801234 0.887917 0.789412 0.906453 0.935444 0.913704 0.846348 0.987871 0.842220 0.913847 0.675396 0.849429 0.934369 0.991767 0.978969 0.895726 0.897540 0.990785 0.995249 0.708321 0.975246 0.926767 0.938918 0.971715 0.850283 0.812754 0.990757 0.902039 0.759541 0.850533 0.991231 0.768442 0.933913 0.714490 0.761792 0.788576 0.944187 0.959156 0.908872 0.993915 0.921776 0.996194 0.785719 0.758398 0.795462 0.863068 0.868584 0.985577 0.920884 0.947095 0.899926 0.796870 0.874379 0.926501 0.739005 0.697998 0.984000 0.879268 0.876415 0.784176 0.858645 0.902720 0.931919 0.878432 0.918251 0.947139 0.938752 0.803164 0.833930 0.976338 0.939995 0.805312 0.918019 0.965601 0.923675 0.932279 0.892842 0.945095 0.877557 0.953533 0.828205 0.910258 0.878465 0.855269 0.954285 0.754731 0.892656
0.604092 0.641332 0.804255 0.744640 0.980314 0.000000 0.512681 0.449864 0.611512 0.542307 0.672358 0.598433 0.815030 0.772311 0.984710 0.916386 0.800818 0.789441 0.723087 0.666182 0.921002 0.852836 0.972533 0.890571 0.845784 0.990158 0.549299 0.964086 0.761845 0.849776 0.921814 0.991197 0.623935 0.620522 0.800613 0.989656 0.998650 0.921011 0.870031 0.990582 0.768873 0.934612 0.652742 0.612084 0.700333 0.709027 0.701184 0.714338 0.912885 0.758715 0.691727 0.655349 0.720285 0.753219 0.781270 0.744927 0.791827 0.759216 0.593253 0.477715 0.539798 0.469220 0.783695 0.735533 0.969759 0.698742 0.617375 0.557087 0.882934 0.603656 0.733459 0.703601 0.831898 0.889434 0.839568 0.882304 0.735287 0.767507 0.988405 0.918395 0.867166 0.989623 0.842833 0.984881 0.985303 0.957575 0.902336 0.817136 0.878923 0.908990 0.594419 0.612834 0.586084 0.674883 0.997354 0.741897 0.709243 0.713577 0.524125 0.576854 0.558401 0.641297 0.745242 0.656227 0.622967 0.693792 0.764150 0.712451 0.834488 0.817382 0.618851 0.652242 0.615348 0.826508 0.576039 0.822048
0.394892 0.344590 0.435652 0.399518 0.937748 0.512681 0.000000 0.181652 0.359916 0.445515 0.607770 0.413195 0.664244 0.572786 0.846899 0.742036 0.617946 0.619744 0.424501 0.398233 0.845754 0.780172 0.662828 0.871643 0.942581 0.767306 0.594956 0.882244 0.600284 0.580281 0.622852 0.780972 0.364652 0.256389 0.455732 0.882197 0.771860 0.889032 0.948035 0.909062 0.689893 0.841474 0.279493 0.323718 0.391492 0.450818 0.470881 0.381590 0.810254 0.552663 0.391696 0.388235 0.449138 0.490915 0.620320 0.621073 0.631133 0.579368 0.374607 0.383080 0.322186 0.280325 0.641060 0.537995 0.670730 0.470018 0.231264 0.258679 0.786819 0.670633 0.325760 0.444050 0.541429 0.643469 0.869417 0.914035 0.378587 0.563217 0.764569 0.899549 0.656204 0.811733 0.933414 0.932437 0.819747 0.820871 0.882665 0.696071 0.672278 0.708908 0.329583 0.438413 0.384022 0.474763 0.735413 0.675660 0.368449 0.690030 0.251615 0.297903 0.420397 0.525305 0.482991 0.640848 0.344129 0.346446 0.612105 0.480360 0.572535 0.587241 0.433076 0.554706 0.501390 0.625750 0.532175 0.845660
0.413521 0.344765 0.545813 0.465359 0.966335 0.449864 0.181652 0.000000 0.432333 0.431300 0.596489 0.365331 0.694092 0.527881 0.952605 0.846703 0.683902 0.677465 0.515177 0.408720 0.887870 0.823575 0.772813 0.929980 0.969052 0.821773 0.515691 0.822371 0.609767 0.626338 0.660777 0.755391 0.410131 0.304820 0.539084 0.925185 0.907145 0.919538 0.918605 0.946457 0.670516 0.834389 0.271554 0.306677 0.432087 0.452140 0.480386 0.432000 0.825980 0.548098 0.430156 0.388609 0.481204 0.510116 0.693884 0.605674 0.609802 0.600641 0.391629 0.338016 0.310841 0.205547 0.657843 0.541505 0.767026 0.449962 0.276062 0.261824 0.841732 0.664979 0.413428 0.444845 0.573669 0.640541 0.858293 0.873103 0.454317 0.634361 0.844818 0.898450 0.712254 0.896666 0.991670 0.997628 0.887228 0.873237 0.966885 0.701519 0.719126 0.736532 0.338566 0.493139 0.397869 0.537107 0.787022 0.702692 0.413705 0.660029 0.273822 0.311067 0.382401 0.491736 0.511185 0.679865 0.327182 0.358637 0.556144 0.504002 0.612219 0.570454 0.445293 0.532406 0.462610 0.644105 0.467452 0.831721
0.555251 0.658014 0.671887 0.724079 0.697332 0.611512 0.359916 0.432333 0.000000 0.383482 0.510041 0.525434 0.618269 0.751668 0.747434 0.706026 0.694561 0.687610 0.650557 0.672775 0.949560 0.866536 0.809778 0.872567 0.847499 0.992012 0.674649 0.799526 0.541396 0.634786 0.888976 0.942860 0.597758 0.495553 0.621138 0.959655 0.871401 0.964817 0.860857 0.899133 0.701066 0.876410 0.607931 0.604005 0.552741 0.612855 0.806679 0.737738 0.712345 0.773719 0.652241 0.677247 0.593780 0.705485 0.628050 0.807345 0.862662 0.718863 0.536117 0.645003 0.461955 0.487654 0.642418 0.568705 0.815404 0.773897 0.518918 0.596724 0.830972 0.692291 0.525989 0.685521 0.790314 0.854600 0.904737 0.964571 0.573956 0.820533 0.739511 0.941470 0.743832 0.883604 0.962153 0.854546 0.888933 0.972369 0.874868 0.775275 0.606887 0.909421 0.495745 0.415973 0.521845 0.443033 0.766827 0.885633 0.626607 0.743479 0.393654 0.439922 0.615172 0.684179 0.607473 0.801945 0.603208 0.581200 0.703410 0.535764 0.714331 0.790627 0.591666 0.681958 0.594312 0.716431 0.742648 0.946638
0.520599 0.694440 0.983918 0.985273 0.741704 0.542307 0.445515 0.431300 0.383482 0.000000 0.375409 0.383978 0.616390 0.713427 0.817125 0.869193 0.516492 0.486844 0.658538 0.718862 0.703348 0.969513 0.825420 0.530639 0.542815 0.694353 0.510182 0.770184 0.354883 0.453564 0.854293 0.798225 0.753076 0.608634 0.814047 0.835720 0.802122 0.863129 0.722694 0.987624 0.908575 0.783502 0.685638 0.550793 0.415735 0.402010 0.803342 0.755039 0.431512 0.530479 0.528164 0.500337 0.512382 0.621774 0.752654 0.662405 0.763555 0.680443 0.450662 0.604046 0.487627 0.505699 0.461088 0.359950 0.844751 0.976238 0.695525 0.762594 0.982786 0.849348 0.670213 0.810194 0.911628 0.891751 0.968781 0.925196 0.570846 0.908120 0.778402 0.938724 0.605216 0.896051 0.935304 0.830913 0.857149 0.682815 0.793478 0.728014 0.826825 0.951446 0.522651 0.432933 0.596101 0.555149 0.912227 0.848502 0.641397 0.711028 0.341585 0.415078 0.610789 0.573004 0.458271 0.622735 0.625737 0.660053 0.715398 0.667357 0.801282 0.738488 0.599195 0.640635 0.405849 0.696598 0.708510 0.903999
0.354433 0.543359 0.902103 0.912563 0.830906 0.672358 0.607770 0.596489 0.510041 0.375409 0.000000 0.312871 0.422515 0.514824 0.690894 0.828593 0.393140 0.390252 0.644378 0.673019 0.645743 0.877016 0.767335 0.574218 0.474777 0.588560 0.640848 0.653421 0.319137 0.415414 0.728301 0.771803 0.741549 0.639358 0.984158 0.725595 0.800981 0.840625 0.782151 0.998743 0.994722 0.712726 0.847728 0.704735 0.635257 0.572362 0.747624 0.791030 0.559970 0.678540 0.732832 0.645077 0.797192 0.962434 0.725967 0.700881 0.525697 0.446915 0.360242 0.484316 0.402065 0.504698 0.299542 0.270560 0.822278 0.948881 0.911962 0.882073 0.900140 0.805604 0.901656 0.930416 0.928255 0.929348 0.903171 0.966672 0.738519 0.927143 0.526457 0.961121 0.417899 0.664574 0.892691 0.613488 0.940475 0.874324 0.880837 0.989041 0.786001 0.786919 0.876940 0.714632 0.952117 0.886976 0.997872 0.951462 0.827385 0.897023 0.542159 0.555200 0.766252 0.748954 0.589229 0.698962 0.692417 0.671267 0.901216 0.705173 0.754555 0.745740 0.793998 0.782483 0.513066 0.938557 0.715666 0.874323
0.277889 0.404277 0.886775 0.801289 0.867026 0.598433 0.413195 0.365331 0.525434 0.383978 0.312871 0.000000 0.402373 0.347461 0.726422 0.725990 0.479985 0.449600 0.519997 0.509184 0.817566 0.895741 0.996247 0.836681 0.645165 0.780672 0.616832 0.696293 0.356380 0.407379 0.899581 0.949309 0.561260 0.448725 0.874143 0.855409 0.830307 0.879961 0.812014 0.985838 0.933226 0.839653 0.576550 0.523319 0.537509 0.495486 0.501380 0.559469 0.646684 0.596950 0.616732 0.492855 0.690163 0.823521 0.755282 0.585078 0.458052 0.462420 0.257157 0.353947 0.266049 0.286233 0.340309 0.289183 0.967444 0.729388 0.658890 0.592494 0.978543 0.815138 0.708075 0.827354 0.870113 0.871116 0.850558 0.947115 0.527778 0.831314 0.616920 0.882792 0.480401 0.735767 0.856513 0.650607 0.814648 0.944834 0.925999 0.901763 0.703988 0.717665 0.711777 0.655249 0.784400 0.800755 0.945136 0.798278 0.654131 0.792671 0.397154 0.409406 0.616135 0.669353 0.529295 0.655988 0.476530 0.479095 0.768342 0.670517 0.773695 0.681026 0.732013 0.623875 0.440515 0.836560 0.647214 0.875117
0.374410 0.588487 0.855630 0.939024 0.571513 0.815030 0.664244 0.694092 0.618269 0.616390 0.422515 0.402373 0.000000 0.407524 0.392813 0.470526 0.584912 0.590063 0.547084 0.715221 0.813890 0.883991 0.796069 0.917677 0.682410 0.768875 0.842984 0.858861 0.469548 0.519283 0.832280 0.779495 0.658750 0.688473 0.994127 0.688563 0.995431 0.806915 0.806818 0.899132 0.827784 0.930747 0.797574 0.839490 0.808387 0.749253 0.660756 0.682432 0.747417 0.889856 0.964454 0.827898 0.971998 0.829751 0.796044 0.821523 0.527486 0.475140 0.398826 0.540198 0.340812 0.558405 0.368551 0.411276 0.778606 0.863790 0.908438 0.885029 0.978702 0.805500 0.929025 0.870430 0.861898 0.809403 0.917154 0.904508 0.745660 0.939550 0.684980 0.816064 0.569430 0.704597 0.846106 0.665697 0.617551 0.889299 0.922060 0.857376 0.740754 0.760867 0.993619 0.817051 0.888785 0.956220 0.985850 0.891923 0.981397 0.928006 0.689610 0.582604 0.944385 0.848767 0.767321 0.835811 0.752643 0.555272 0.973450 0.879975 0.862149 0.869207 0.823102 0.768403 0.609551 0.968503 0.843175 0.974464
0.393804 0.395472 0.834042 0.764197 0.823074 0.772311 0.572786 0.527881 0.751668 0.713427 0.514824 0.347461 0.407524 0.000000 0.711829 0.580848 0.585965 0.559691 0.460098 0.550105 0.934894 0.902982 0.763259 0.861325 0.820181 0.905701 0.695423 0.869864 0.500290 0.427050 0.896115 0.813185 0.480567 0.512310 0.901916 0.823704 0.936070 0.983014 0.923565 0.936360 0.989386 0.920207 0.512260 0.486915 0.574757 0.513046 0.429444 0.511070 0.727076 0.583858 0.638569 0.509768 0.739942 0.884578 0.640304 0.627782 0.381361 0.456859 0.353475 0.383292 0.332911 0.412491 0.451412 0.433973 0.866939 0.691277 0.740593 0.608073 0.936027 0.840842 0.858532 0.855409 0.791031 0.827338 0.862569 0.912085 0.695445 0.714139 0.650405 0.676257 0.577172 0.726838 0.627046 0.611738 0.657113 0.718347 0.811878 0.921099 0.775503 0.575519 0.992261 0.991756 0.905202 0.877985 0.959064 0.884925 0.808477 0.957848 0.648290 0.595975 0.755904 0.896740 0.744298 0.863279 0.578592 0.584468 0.908564 0.840049 0.780479 0.692871 0.863529 0.774700 0.660149 0.867015 0.717190 0.977551
0.586110 0.786366 0.797508 0.927815 0.646669 0.984710 0.846899 0.952605 0.747434 0.817125 0.690894 0.726422 0.392813 0.711829 0.000000 0.464071 0.714824 0.711417 0.626923 0.850063 0.861623 0.973217 0.638798 0.949939 0.972153 0.977438 0.874467 0.963329 0.638334 0.709614 0.979255 0.844325 0.667951 0.807351 0.853431 0.896946 0.815915 0.930112 0.802287 0.833073 0.939209 0.941642 0.965017 0.944921 0.934524 0.947872 0.749714 0.767508 0.872290 0.922271 0.940583 0.983744 0.922504 0.757876 0.764955 0.815423 0.695990 0.664053 0.604718 0.781285 0.582805 0.811305 0.633366 0.675164 0.640526 0.915932 0.938437 0.988758 0.798199 0.679215 0.845323 0.921686 0.940606 0.922120 0.859243 0.984441 0.862302 0.994239 0.806374 0.909290 0.698478 0.710815 0.669356 0.687332 0.495953 0.759964 0.822215 0.980536 0.697549 0.724874 0.942973 0.943843 0.820963 0.967022 0.892232 0.757251 0.987310 0.907780 0.872174 0.797921 0.815403 0.975351 0.986112 0.980383 0.912808 0.696805 0.991361 0.971187 0.967221 0.942122 0.834522 0.913230 0.768622 0.974827 0.972071 0.996833
0.692324 0.779683 0.662241 0.718406 0.688457 0.916386 0.742036 0.846703 0.706026 0.869193 0.828593 0.725990 0.470526 0.580848 0.464071 0.000000 0.880789 0.845482 0.615354 0.769882 0.864488 0.997834 0.450076 0.695599 0.920380 0.902608 0.970643 0.921476 0.746729 0.731333 0.837682 0.982767 0.604148 0.719378 0.843781 0.925796 0.623568 0.971586 0.933014 0.803614 0.989599 0.879575 0.779067 0.868668 0.820255 0.857906 0.577077 0.662976 0.906973 0.973724 0.956341 0.901572 0.994336 0.912369 0.714245 0.929298 0.813855 0.805292 0.668377 0.788765 0.584692 0.749548 0.718466 0.742807 0.551217 0.754958 0.796040 0.818366 0.996766 0.829149 0.779898 0.885950 0.961129 0.961226 0.854289 0.912512 0.771221 0.733873 0.790472 0.866564 0.855387 0.795369 0.730348 0.766088 0.529082 0.693408 0.901230 0.996840 0.715641 0.757470 0.992699 0.929840 0.912494 0.947264 0.794748 0.824903 0.977753 0.961280 0.874907 0.740312 0.935590 0.933088 0.958469 0.983917 0.757218 0.754955 0.956455 0.953899 0.857710 0.985209 0.923796 0.868358 0.818444 0.905067 0.985551 0.985245
0.401367 0.530087 0.998883 0.973018 0.824131 0.800818 0.617946 0.683902 0.694561 0.516492 0.393140 0.479985 0.584912 0.585965 0.714824 0.880789 0.000000 0.281679 0.492859 0.618207 0.716846 0.982017 0.881631 0.779822 0.681319 0.731490 0.778331 0.885535 0.399840 0.364789 0.891908 0.883020 0.684858 0.644331 0.883380 0.861507 0.967282 0.944825 0.831581 0.982621 0.950255 0.751508 0.787636 0.656268 0.514809 0.482940 0.671402 0.650417 0.503268 0.540960 0.596859 0.558988 0.686280 0.854937 0.602985 0.538348 0.424244 0.357666 0.392849 0.557491 0.508859 0.649989 0.309804 0.293073 0.896604 0.916692 0.848112 0.820328 0.836861 0.829274 0.839833 0.900445 0.993013 0.916080 0.971553 0.977458 0.707406 0.943196 0.564168 0.827890 0.296228 0.499523 0.698791 0.499436 0.852059 0.994497 0.789709 0.955552 0.800587 0.551918 0.911648 0.865913 0.964996 0.983953 0.981070 0.936416 0.694033 0.980832 0.573415 0.666019 0.855294 0.857685 0.626580 0.628342 0.790476 0.739819 0.981209 0.843972 0.731208 0.774508 0.770961 0.801349 0.636471 0.813018 0.861105 0.919601
0.396648 0.525521 0.991530 0.996585 0.846175 0.789441 0.619744 0.677465 0.687610 0.486844 0.390252 0.449600 0.590063 0.559691 0.711417 0.845482 0.281679 0.000000 0.526048 0.632231 0.746186 0.979287 0.837140 0.727918 0.693520 0.722364 0.771988 0.859040 0.308533 0.318037 0.885478 0.959313 0.659310 0.609717 0.930143 0.758490 0.964724 0.959635 0.819414 0.998952 0.942898 0.688763 0.773418 0.626994 0.503718 0.440533 0.624799 0.637342 0.477977 0.473077 0.553021 0.511633 0.698503 0.839316 0.547286 0.477440 0.429739 0.364921 0.380781 0.572415 0.515222 0.643740 0.302460 0.259128 0.848347 0.886603 0.865633 0.838648 0.822728 0.847239 0.872881 0.916495 0.920819 0.898784 0.904466 0.947790 0.700755 0.875212 0.484813 0.848860 0.259176 0.418844 0.737800 0.405077 0.868015 0.977136 0.775508 0.954215 0.767368 0.613653 0.955679 0.843761 0.982183 0.995915 0.966947 0.793526 0.702877 0.946602 0.549783 0.640409 0.833165 0.816298 0.550744 0.524930 0.674086 0.710260 0.920783 0.826992 0.830438 0.713162 0.791169 0.786659 0.542692 0.749956 0.840553 0.962562
0.395653 0.378560 0.556000 0.545758 0.743761 0.723087 0.424501 0.515177 0.650557 0.658538 0.644378 0.519997 0.547084 0.460098 0.626923 0.615354 0.492859 0.526048 0.000000 0.466646 0.932941 0.920617 0.603005 0.804213 0.962840 0.915289 0.852525 0.975049 0.626717 0.600140 0.755763 0.875463 0.383016 0.394428 0.593173 0.921313 0.745234 0.980177 0.973540 0.903606 0.977352 0.842515 0.525865 0.552158 0.494999 0.515157 0.442388 0.428096 0.723366 0.632241 0.545893 0.543073 0.658405 0.750088 0.605333 0.533545 0.450244 0.385450 0.357424 0.412310 0.369123 0.489857 0.486886 0.531673 0.610271 0.653994 0.515940 0.498769 0.716373 0.756765 0.554526 0.713921 0.766864 0.848812 0.921017 0.916708 0.582982 0.588748 0.766297 0.758177 0.545552 0.683625 0.677665 0.687926 0.594217 0.710226 0.928400 0.918119 0.693487 0.553550 0.733123 0.762551 0.826934 0.797396 0.878432 0.737813 0.596956 0.921324 0.516641 0.518682 0.758180 0.858509 0.610464 0.741743 0.612082 0.459747 0.869753 0.702782 0.639667 0.675138 0.612504 0.696789 0.639332 0.775958 0.818056 0.929414
0.451860 0.347383 0.503690 0.438347 0.998786 0.666182 0.398233 0.408720 0.672775 0.718862 0.673019 0.509184 0.715221 0.550105 0.850063 0.769882 0.618207 0.632231 0.466646 0.000000 0.794490 0.888506 0.663693 0.695013 0.843443 0.740160 0.817770 0.917368 0.685300 0.667255 0.671545 0.620946 0.399430 0.394612 0.602646 0.845923 0.727507 0.837382 0.946492 0.934833 0.712096 0.852398 0.418713 0.467709 0.626845 0.638900 0.437676 0.336848 0.999538 0.669286 0.637731 0.602793 0.757652 0.770309 0.578157 0.529157 0.560418 0.564611 0.507139 0.411030 0.443330 0.374177 0.654394 0.628386 0.636660 0.461485 0.415540 0.369281 0.724849 0.651000 0.551295 0.630841 0.610891 0.668007 0.729012 0.834709 0.632075 0.743056 0.780610 0.817446 0.555819 0.589870 0.772857 0.769482 0.640581 0.619150 0.924487 0.915071 0.752567 0.564416 0.655679 0.835472 0.690538 0.827783 0.830455 0.811466 0.554115 0.833344 0.555476 0.550064 0.657140 0.726178 0.599908 0.866312 0.433553 0.539911 0.728737 0.721985 0.712158 0.683394 0.681423 0.813074 0.606431 0.675394 0.614623 0.949267
0.874141 0.865223 0.458011 0.454616 0.906140 0.921002 0.845754 0.887870 0.949560 0.703348 0.645743 0.817566 0.813890 0.934894 0.861623 0.864488 0.716846 0.746186 0.932941 0.794490 0.000000 0.739362 0.429508 0.417761 0.342222 0.353725 0.758418 0.872695 0.718867 0.839363 0.430863 0.580783 0.687145 0.748228 0.646832 0.713907 0.618653 0.721971 0.760296 0.811184 0.736941 0.702104 0.714723 0.878344 0.902905 0.801531 0.765684 0.801446 0.578438 0.817720 0.968152 0.895372 0.941823 0.989889 0.972412 0.992649 0.912078 0.838638 0.872382 0.983187 0.983633 0.886942 0.629810 0.663244 0.445138 0.484619 0.589700 0.610597 0.856473 0.819288 0.641536 0.604611 0.622163 0.690704 0.781227 0.740128 0.946543 0.760672 0.778578 0.883070 0.820243 0.916579 0.727869 0.894178 0.635155 0.523936 0.724400 0.949803 0.872463 0.867889 0.809240 0.918511 0.832309 0.875830 0.784359 0.760389 0.913883 0.921626 0.949575 0.975142 0.961654 0.961391 0.748631 0.714699 0.733087 0.790706 0.865891 0.997553 0.912632 0.947756 0.922963 0.966181 0.961437 0.962587 0.876267 0.984358
0.985787 0.888985 0.718802 0.761719 0.896689 0.852836 0.780172 0.823575 0.866536 0.969513 0.877016 0.895741 0.883991 0.902982 0.973217 0.997834 0.982017 0.979287 0.920617 0.888506 0.739362 0.000000 0.785200 0.857818 0.797828 0.815252 0.979721 0.824484 0.955152 0.980014 0.746503 0.929911 0.848211 0.853843 0.714613 0.948612 0.769500 0.852004 0.994581 0.852841 0.775884 0.883777 0.798360 0.840854 0.817644 0.916956 0.957273 0.737111 0.998594 0.860488 0.842315 0.867131 0.737211 0.717647 0.887911 0.818076 0.928529 0.934359 0.941006 0.941712 0.984458 0.961617 0.881131 0.969913 0.858549 0.898618 0.693789 0.808881 0.803386 0.824746 0.738654 0.720836 0.888753 0.746201 0.852810 0.782456 0.839675 0.748900 0.924036 0.884780 0.918405 0.988779 0.996485 0.940472 0.987749 0.916642 0.946383 0.910370 0.911343 0.807731 0.678614 0.813789 0.712807 0.729550 0.767234 0.803874 0.732023 0.902317 0.808837 0.860947 0.828296 0.874602 0.934585 0.854832 0.810739 0.797897 0.823473 0.857840 0.868505 0.842949 0.791025 0.899731 0.985810 0.713318 0.838559 0.989129
0.867695 0.710066 0.304077 0.356939 0.820168 0.972533 0.662828 0.772813 0.809778 0.825420 0.767335 0.996247 0.796069 0.763259 0.638798 0.450076 0.881631 0.837140 0.603005 0.663693 0.429508 0.785200 0.000000 0.283221 0.416867 0.397293 0.802304 0.755745 0.879077 0.967884 0.388658 0.592496 0.455114 0.598364 0.538089 0.753268 0.397362 0.731097 0.820508 0.744763 0.804046 0.837970 0.559266 0.788703 0.913348 0.993416 0.565173 0.576920 0.745798 0.901900 0.936603 0.969627 0.977485 0.996130 0.736864 0.894546 0.922229 0.929225 0.883558 0.841800 0.698763 0.735775 0.892941 0.868297 0.226507 0.400637 0.510119 0.522693 0.830616 0.743829 0.563758 0.588028 0.634018 0.732274 0.765090 0.811715 0.772356 0.534442 0.920981 0.757308 0.970035 0.867386 0.702355 0.995513 0.391851 0.387249 0.779459 0.966973 0.681356 0.682443 0.844154 0.998068 0.869603 0.863540 0.703509 0.741732 0.860825 0.952829 0.905986 0.816811 0.993903 0.940825 0.929237 0.785245 0.714842 0.617626 0.944981 0.910965 0.873732 0.937810 0.791344 0.972314 0.996334 0.854497 0.935190 0.945689
0.958811 0.778662 0.420686 0.385087 0.923339 0.890571 0.871643 0.929980 0.872567 0.530639 0.574218 0.836681 0.917677 0.861325 0.949939 0.695599 0.779822 0.727918 0.804213 0.695013 0.417761 0.857818 0.283221 0.000000 0.309211 0.355827 0.695866 0.743096 0.615381 0.797429 0.387394 0.425646 0.622067 0.757827 0.646177 0.677375 0.478317 0.672121 0.698618 0.818925 0.846062 0.789631 0.659166 0.875192 0.894590 0.821155 0.628783 0.660967 0.513470 0.828671 0.965225 0.925674 0.885075 0.933384 0.876654 0.932697 0.943641 0.954810 0.913134 0.955670 0.936079 0.873001 0.713228 0.673693 0.356328 0.415448 0.629046 0.586044 0.846770 0.861498 0.737283 0.664404 0.663329 0.734788 0.797868 0.777415 0.948855 0.666386 0.878523 0.692191 0.873734 0.890095 0.736540 0.948091 0.497593 0.343764 0.782017 0.909240 0.864093 0.681609 0.980664 0.755325 0.989500 0.897846 0.794810 0.856961 0.891058 0.940649 0.854946 0.948644 0.928608 0.834860 0.784013 0.707328 0.832066 0.796360 0.915795 0.988384 0.965816 0.974319 0.961931 0.882543 0.790418 0.978085 0.968500 0.991831
0.765240 0.948756 0.393956 0.426596 0.901990 0.845784 0.942581 0.969052 0.847499 0.542815 0.474777 0.645165 0.682410 0.820181 0.972153 0.920380 0.681319 0.693520 0.962840 0.843443 0.342222 0.797828 0.416867 0.309211 0.000000 0.223528 0.598101 0.716822 0.570827 0.733869 0.346893 0.498225 0.728678 0.838421 0.619771 0.604581 0.424605 0.497370 0.617610 0.702799 0.823043 0.862113 0.802607 0.980855 0.830813 0.696920 0.785983 0.851911 0.510391 0.730787 0.939865 0.790338 0.800902 0.920249 0.909131 0.972264 0.835970 0.792245 0.730792 0.810356 0.833859 0.950676 0.527335 0.527891 0.383270 0.502150 0.666614 0.675007 0.752331 0.883199 0.638965 0.650113 0.579273 0.636114 0.849158 0.854476 0.935809 0.660187 0.736132 0.805637 0.871958 0.831833 0.744595 0.950839 0.566223 0.363303 0.870669 0.936822 0.854162 0.782591 0.969507 0.801429 0.874027 0.994135 0.779308 0.776692 0.938740 0.924344 0.799624 0.806906 0.904572 0.769501 0.792274 0.737642 0.951361 0.932986 0.966644 0.903608 0.962686 0.982861 0.994661 0.800717 0.712202 0.984345 0.952785 0.977401
0.905307 0.840856 0.311079 0.323256 0.874173 0.990158 0.767306 0.821773 0.992012 0.694353 0.588560 0.780672 0.768875 0.905701 0.977438 0.902608 0.731490 0.722364 0.915289 0.740160 0.353725 0.815252 0.397293 0.355827 0.223528 0.000000 0.797214 0.770953 0.649296 0.759130 0.287840 0.458181 0.640085 0.719379 0.611986 0.554641 0.387669 0.513660 0.646310 0.725304 0.738543 0.866053 0.634423 0.875823 0.910956 0.799771 0.688741 0.784093 0.529862 0.779941 0.948133 0.905514 0.899654 0.978919 0.883806 0.980385 0.836067 0.823094 0.839927 0.953955 0.995390 0.838520 0.546222 0.593734 0.355426 0.372545 0.510277 0.531086 0.800183 0.835294 0.517962 0.504323 0.505744 0.572126 0.870504 0.784936 0.837043 0.644726 0.707042 0.808933 0.881552 0.878471 0.849513 0.862093 0.606367 0.417134 0.868790 0.958678 0.771366 0.814579 0.752425 0.999241 0.691202 0.820697 0.765649 0.752544 0.838113 0.969508 0.993759 0.987543 0.866804 0.943839 0.899107 0.769334 0.793749 0.811674 0.827383 0.912899 0.894101 0.942837 0.818098 0.952392 0.891201 0.930439 0.944430 0.945754
0.677214 0.770867 0.938718 0.993109 0.871497 0.549299 0.594956 0.515691 0.674649 0.510182 0.640848 0.616832 0.842984 0.695423 0.874467 0.970643 0.778331 0.771988 0.852525 0.817770 0.758418 0.979721 0.802304 0.695866 0.598101 0.797214 0.000000 0.837774 0.641582 0.674565 0.989198 0.948098 0.833352 0.678455 0.936345 0.881148 0.776052 0.902908 0.761074 0.682989 0.964573 0.832864 0.669441 0.530943 0.552216 0.520651 0.831108 0.787444 0.753281 0.577889 0.592477 0.522399 0.546543 0.569593 0.846880 0.796128 0.880400 0.857258 0.634241 0.546004 0.605654 0.596182 0.727209 0.622431 0.701860 0.970026 0.755493 0.698455 0.842942 0.915776 0.852536 0.813694 0.795002 0.879542 0.910635 0.893701 0.797027 0.936997 0.897875 0.880151 0.935863 0.918935 0.830432 0.917231 0.621921 0.649296 0.896317 0.865477 0.969447 0.903988 0.628925 0.657391 0.673249 0.765602 0.864366 0.921951 0.691091 0.747930 0.559855 0.593898 0.421497 0.546700 0.648357 0.727105 0.767167 0.848312 0.700616 0.564677 0.706704 0.785226 0.768325 0.653969 0.686117 0.687566 0.668727 0.986205
0.819419 0.827773 0.816211 0.873412 0.999755 0.964086 0.882244 0.822371 0.799526 0.770184 0.653421 0.696293 0.858861 0.869864 0.963329 0.921476 0.885535 0.859040 0.975049 0.917368 0.872695 0.824484 0.755745 0.743096 0.716822 0.770953 0.837774 0.000000 0.775548 0.796890 0.825700 0.943837 0.992719 0.877097 0.940449 0.992388 0.723070 0.943474 0.922747 0.828385 0.903645 0.916221 0.953146 0.859086 0.818401 0.815608 0.956198 0.912887 0.747809 0.832334 0.833813 0.794128 0.821898 0.890102 0.903539 0.916966 0.940747 0.868025 0.820099 0.895391 0.819926 0.823235 0.776434 0.682632 0.786642 0.910162 0.999823 0.991006 0.861873 0.841278 0.991834 0.863456 0.946564 0.935450 0.986483 0.922572 0.840019 0.960631 0.706459 0.831674 0.889111 0.933282 0.886684 0.925185 0.836723 0.821401 0.979412 0.991264 0.926163 0.841050 0.891805 0.788544 0.901532 0.877658 0.999288 0.954652 0.937566 0.840539 0.759377 0.839680 0.831238 0.777895 0.829504 0.841547 0.883671 0.808640 0.995988 0.736954 0.836168 0.918445 0.924959 0.835051 0.794816 0.967038 0.762833 0.967787
0.429215 0.608191 0.943551 0.894097 0.785168 0.761845 0.600284 0.609767 0.541396 0.354883 0.319137 0.356380 0.469548 0.500290 0.638334 0.746729 0.399840 0.308533 0.626717 0.685300 0.718867 0.955152 0.879077 0.615381 0.570827 0.649296 0.641582 0.775548 0.000000 0.260915 0.868849 0.852140 0.650373 0.636530 0.943893 0.725421 0.885563 0.872925 0.722215 0.923273 0.970952 0.745384 0.782945 0.650337 0.457759 0.406637 0.724958 0.704395 0.428530 0.507569 0.607312 0.532076 0.660357 0.807198 0.660040 0.521969 0.567304 0.511015 0.419964 0.585773 0.438574 0.569003 0.273227 0.221164 0.824600 0.885763 0.885005 0.886635 0.997320 0.817982 0.890600 0.968259 0.889809 0.853082 0.988209 0.894993 0.655325 0.942682 0.493595 0.980037 0.397053 0.606520 0.764274 0.501605 0.912789 0.912169 0.904176 0.996085 0.779641 0.731273 0.884684 0.786927 0.977779 0.912153 0.981510 0.882364 0.806691 0.918213 0.509199 0.568720 0.826915 0.795657 0.562639 0.717953 0.650701 0.717053 0.803966 0.779492 0.870586 0.649958 0.851355 0.751701 0.534055 0.698299 0.777089 0.931552
0.495654 0.562550 0.977435 0.990822 0.801234 0.849776 0.580281 0.626338 0.634786 0.453564 0.415414 0.407379 0.519283 0.427050 0.709614 0.731333 0.364789 0.318037 0.600140 0.667255 0.839363 0.980014 0.967884 0.797429 0.733869 0.759130 0.674565 0.796890 0.260915 0.000000 0.997204 0.971392 0.633946 0.587531 0.950331 0.765740 0.994372 0.967531 0.815003 0.982509 0.997074 0.823247 0.681965 0.556825 0.414654 0.409747 0.650101 0.662236 0.465683 0.449254 0.536806 0.488083 0.613666 0.776576 0.605318 0.536258 0.528426 0.517616 0.428276 0.638682 0.483275 0.582194 0.318799 0.256241 0.875152 0.945675 0.831754 0.804307 0.959403 0.897418 0.835036 0.992624 0.782926 0.743277 0.992534 0.920463 0.628250 0.822841 0.571354 0.879014 0.363354 0.537813 0.596153 0.470451 0.880350 0.981192 0.888791 0.988658 0.812557 0.667421 0.950963 0.882142 0.967076 0.986142 0.984877 0.943153 0.766885 0.944604 0.573186 0.644583 0.791139 0.877216 0.603286 0.704909 0.656996 0.752866 0.919064 0.862394 0.902128 0.775723 0.916970 0.869254 0.598886 0.743544 0.831373 0.884087
0.998676 0.691280 0.363688 0.376708 0.887917 0.921814 0.622852 0.660777 0.888976 0.854293 0.728301 0.899581 0.832280 0.896115 0.979255 0.837682 0.891908 0.885478 0.755763 0.671545 0.430863 0.746503 0.388658 0.387394 0.346893 0.287840 0.989198 0.825700 0.868849 0.997204 0.000000 0.351978 0.452519 0.562705 0.513330 0.650078 0.442426 0.555978 0.807236 0.889344 0.648222 0.990553 0.451286 0.640741 0.768026 0.868416 0.628917 0.631549 0.743127 0.919142 0.689646 0.806573 0.825290 0.742305 0.710744 0.782889 0.987931 0.992437 0.989783 0.892738 0.811336 0.703483 0.783802 0.846014 0.493352 0.434272 0.426465 0.445323 0.777587 0.735657 0.519539 0.451041 0.374221 0.509562 0.879272 0.713704 0.808585 0.570709 0.883963 0.784442 0.973044 0.840188 0.688119 0.889434 0.677522 0.496689 0.927004 0.977960 0.791871 0.722141 0.720982 0.947307 0.710500 0.884308 0.777565 0.783651 0.685002 0.918279 0.865811 0.870294 0.796645 0.931533 0.971404 0.903325 0.717241 0.689965 0.763464 0.814418 0.821696 0.785814 0.761685 0.966168 0.944635 0.714664 0.824116 0.911659
0.993442 0.669401 0.584453 0.541527 0.789412 0.991197 0.780972 0.755391 0.942860 0.798225 0.771803 0.949309 0.779495 0.813185 0.844325 0.982767 0.883020 0.959313 0.875463 0.620946 0.580783 0.929911 0.592496 0.425646 0.498225 0.458181 0.948098 0.943837 0.852140 0.971392 0.351978 0.000000 0.584369 0.651695 0.729853 0.739121 0.663759 0.623703 0.743825 0.983325 0.793310 0.968795 0.513594 0.584757 0.851702 0.853904 0.609635 0.617806 0.746560 0.871346 0.716678 0.765776 0.890202 0.847944 0.735609 0.746375 0.933522 0.994951 0.993447 0.851596 0.883651 0.746759 0.783931 0.873512 0.693772 0.535101 0.605883 0.525077 0.957184 0.902014 0.724392 0.612358 0.440540 0.482520 0.940830 0.717293 0.905084 0.652054 0.948966 0.752883 0.982079 0.823943 0.747192 0.986611 0.797454 0.538727 0.934897 0.864696 0.906881 0.771779 0.921933 0.796702 0.874390 0.923951 0.891516 0.898459 0.759575 0.948289 0.946266 0.958960 0.790862 0.919797 0.991257 0.846507 0.690195 0.797484 0.892981 0.814913 0.991795 0.925848 0.926696 0.952355 0.978058 0.725351 0.848450 0.922867
0.465917 0.340505 0.424831 0.427815 0.906453 0.623935 0.364652 0.410131 0.597758 0.753076 0.741549 0.561260 0.658750 0.480567 0.667951 0.604148 0.684858 0.659310 0.383016 0.399430 0.687145 0.848211 0.455114 0.622067 0.728678 0.640085 0.833352 0.992719 0.650373 0.633946 0.452519 0.584369 0.000000 0.283084 0.446441 0.840307 0.640548 0.879792 0.984515 0.911290 0.705333 0.908033 0.374268 0.459563 0.530521 0.572922 0.422990 0.422230 0.948617 0.681738 0.568396 0.583303 0.715129 0.782492 0.506720 0.514059 0.548717 0.538389 0.476313 0.413587 0.340774 0.371721 0.666840 0.637651 0.523863 0.449888 0.376310 0.346045 0.738736 0.625798 0.480271 0.560627 0.537188 0.644694 0.808229 0.734604 0.603232 0.561579 0.788949 0.700534 0.616863 0.598265 0.657721 0.736914 0.500988 0.495927 0.924885 0.987150 0.647651 0.548401 0.699667 0.896043 0.729169 0.833979 0.823623 0.628803 0.628162 0.890492 0.533886 0.561423 0.678756 0.756589 0.717300 0.815643 0.467302 0.427614 0.788432 0.712747 0.699517 0.623057 0.690860 0.760297 0.643516 0.711702 0.577455 0.961385
0.408060 0.304946 0.450934 0.422326 0.935444 0.620522 0.256389 0.304820 0.495553 0.608634 0.639358 0.448725 0.688473 0.512310 0.807351 0.719378 0.644331 0.609717 0.394428 0.394612 0.748228 0.853843 0.598364 0.757827 0.838421 0.719379 0.678455 0.877097 0.636530 0.587531 0.562705 0.651695 0.283084 0.000000 0.499562 0.834718 0.799871 0.852319 0.977062 0.883226 0.782481 0.829705 0.334296 0.373233 0.470125 0.510061 0.447645 0.404231 0.863142 0.603346 0.493762 0.478355 0.588996 0.623526 0.599056 0.565580 0.587500 0.545753 0.415130 0.393770 0.330384 0.314937 0.636926 0.563879 0.632750 0.464161 0.302453 0.296382 0.761303 0.687654 0.396270 0.495728 0.561688 0.611515 0.864227 0.832840 0.488168 0.569911 0.709883 0.767064 0.613351 0.686886 0.769784 0.805680 0.692657 0.670499 0.971202 0.987636 0.647357 0.601292 0.535213 0.677947 0.540463 0.678708 0.783882 0.754536 0.509456 0.847837 0.410817 0.439018 0.504431 0.625500 0.587124 0.732709 0.449194 0.405926 0.606117 0.533016 0.666291 0.622387 0.594105 0.720199 0.526700 0.704344 0.606224 0.965760
0.744345 0.650203 0.415674 0.457287 0.913704 0.800613 0.455732 0.539084 0.621138 0.814047 0.984158 0.874143 0.994127 0.901916 0.853431 0.843781 0.883380 0.930143 0.593173 0.602646 0.646832 0.714613 0.538089 0.646177 0.619771 0.611986 0.936345 0.940449 0.943893 0.950331 0.513330 0.729853 0.446441 0.499562 0.000000 0.731564 0.687918 0.790787 0.951480 0.845182 0.663798 0.878295 0.524453 0.620152 0.663775 0.772577 0.726997 0.568408 0.943732 0.855446 0.679058 0.770067 0.670266 0.688735 0.681182 0.684352 0.834349 0.851153 0.774780 0.676861 0.700852 0.681797 0.990687 0.949907 0.516098 0.550500 0.352429 0.451364 0.649786 0.710592 0.415271 0.514894 0.618827 0.656508 0.926392 0.810978 0.590666 0.672562 0.984300 0.869634 0.890744 0.877814 0.868599 0.990108 0.712638 0.657035 0.968638 0.933556 0.813964 0.697525 0.497825 0.714327 0.537301 0.577148 0.615417 0.708174 0.597185 0.767674 0.658689 0.663039 0.775589 0.804682 0.791026 0.955371 0.700534 0.539709 0.875075 0.734824 0.681078 0.673264 0.628436 0.868808 0.878584 0.830445 0.678965 0.997706
0.852512 0.956045 0.702059 0.666939 0.846348 0.989656 0.882197 0.925185 0.959655 0.835720 0.725595 0.855409 0.688563 0.823704 0.896946 0.925796 0.861507 0.758490 0.921313 0.845923 0.713907 0.948612 0.753268 0.677375 0.604581 0.554641 0.881148 0.992388 0.725421 0.765740 0.650078 0.739121 0.840307 0.834718 0.731564 0.000000 0.723689 0.847015 0.821797 0.879369 0.839853 0.841707 0.840130 0.932887 0.991148 0.888497 0.991929 0.937164 0.769465 0.888673 0.920544 0.950129 0.900392 0.838072 0.916845 0.990589 0.820649 0.843419 0.804040 0.897364 0.905490 0.942182 0.722071 0.707587 0.748295 0.721110 0.706364 0.756776 0.933582 0.908935 0.689247 0.697672 0.684792 0.813167 0.920759 0.893259 0.903994 0.972049 0.856547 0.933946 0.893874 0.928040 0.968419 0.863586 0.924043 0.750204 0.909476 0.924445 0.908978 0.968685 0.777091 0.970422 0.702610 0.806096 0.949346 0.973024 0.783729 0.938664 0.995357 0.895339 0.865628 0.935423 0.979520 0.814522 0.990765 0.930331 0.944051 0.931747 0.859031 0.935252 0.849770 0.976336 0.784676 0.994292 0.990434 0.971816
0.952506 0.821492 0.404679 0.480401 0.987871 0.998650 0.771860 0.907145 0.871401 0.802122 0.800981 0.830307 0.995431 0.936070 0.815915 0.623568 0.967282 0.964724 0.745234 0.727507 0.618653 0.769500 0.397362 0.478317 0.424605 0.387669 0.776052 0.723070 0.885563 0.994372 0.442426 0.663759 0.640548 0.799871 0.687918 0.723689 0.000000 0.514109 0.723072 0.704458 0.706548 0.973511 0.689749 0.904977 0.919268 0.966480 0.675512 0.761499 0.845284 0.989547 0.869921 0.961118 0.990750 0.955135 0.670731 0.928717 0.974637 0.983163 0.984328 0.961893 0.915059 0.902730 0.846856 0.859545 0.433343 0.619209 0.641701 0.656568 0.706443 0.770336 0.632590 0.652965 0.611543 0.714934 0.900692 0.835325 0.796964 0.598183 0.999101 0.880586 0.898049 0.753480 0.712802 0.955987 0.524845 0.446657 0.938816 0.991791 0.711794 0.633104 0.928521 0.994062 0.893339 0.928831 0.782098 0.755628 0.920455 0.928203 0.953881 0.940561 0.993239 0.799461 0.913956 0.916443 0.846327 0.859607 0.988255 0.952534 0.750601 0.986625 0.803645 0.942289 0.875945 0.822321 0.983594 0.991700
0.946956 0.876170 0.657051 0.616502 0.842220 0.921011 0.889032 0.919538 0.964817 0.863129 0.840625 0.879961 0.806915 0.983014 0.930112 0.971586 0.944825 0.959635 0.980177 0.837382 0.721971 0.852004 0.731097 0.672121 0.497370 0.513660 0.902908 0.943474 0.872925 0.967531 0.555978 0.623703 0.879792 0.852319 0.790787 0.847015 0.514109 0.000000 0.661390 0.787720 0.866921 0.889556 0.807461 0.895973 0.979495 0.958347 0.687747 0.825975 0.872453 0.986343 0.863300 0.960732 0.983668 0.967311 0.845738 0.923455 0.927255 0.937919 0.937065 0.908848 0.948428 0.922149 0.804519 0.876596 0.698292 0.706268 0.770451 0.763543 0.741948 0.903588 0.718016 0.762024 0.513404 0.627239 0.866357 0.976706 0.838092 0.729645 0.854401 0.868071 0.917652 0.838318 0.733800 0.904956 0.719741 0.539404 0.993577 0.864606 0.814677 0.716052 0.958152 0.920146 0.887386 0.967985 0.725534 0.804998 0.859542 0.841042 0.940729 0.917096 0.931946 0.814670 0.938134 0.889835 0.918210 0.984992 0.876158 0.908340 0.873795 0.976377 0.949672 0.866041 0.865187 0.838293 0.926419 0.892213
