0.000000 0.362825 0.816683 0.820241 0.953200 0.822688 0.865487 0.589224 0.962737 0.689836 0.606907 0.370012 0.581012 0.559193 0.793985 0.724962 0.569441 0.473761 0.623010 0.528609 0.928907 0.988378 0.827758 0.843902 0.724540 0.719838 0.842563 0.892105 0.615631 0.609058 0.802383 0.669286 0.699331 0.669036 0.906394 0.987570 0.746610 0.955609 0.970649 0.983572 0.935803 0.938234 0.699775 0.623810 0.708153 0.623967 0.748440 0.727579 0.518598 0.487249 0.486133 0.538699 0.748916 0.788337 0.818825 0.831014 0.419477 0.380929 0.509844 0.434336 0.623181 0.580505 0.455531 0.374815 0.806466 0.977782 0.898078 0.782770 0.564315 0.604365 0.726216 0.680853 0.810484 0.873414 0.784231 0.951017 0.864131 0.850221 0.769620 0.730605 0.421538 0.470796 0.919067 0.906545 0.616311 0.573001 0.778063 0.955852 0.667063 0.553623 0.658601 0.759629 0.727556 0.915127 0.812125 0.943656 0.910172 0.885890 0.543516 0.632140 0.901663 0.745764 0.598983 0.807298 0.859142 0.988303 0.893991 0.958533 0.972479 0.862674 0.913794 0.724210 0.684068 0.880170 0.939380 0.978179
0.362825 0.000000 0.841860 0.811430 0.828329 0.956937 0.970760 0.678099 0.818374 0.803137 0.703606 0.531525 0.717902 0.715490 0.934397 0.940829 0.527739 0.500664 0.770181 0.609290 0.955826 0.924352 0.992324 0.946596 0.832110 0.711238 0.847851 0.984941 0.633560 0.659790 0.807256 0.769804 0.862021 0.683578 0.916834 0.941201 0.943504 0.867746 0.992496 0.982753 0.848825 0.852276 0.649164 0.623400 0.746626 0.629156 0.713789 0.793443 0.537408 0.453673 0.509140 0.486333 0.726096 0.742002 0.818319 0.787588 0.328547 0.353352 0.502007 0.403032 0.794928 0.734850 0.587033 0.496678 0.748292 0.894009 0.907907 0.771161 0.547168 0.527610 0.828191 0.695583 0.854127 0.925987 0.826628 0.966439 0.862754 0.874599 0.694819 0.716232 0.496137 0.623153 0.953385 0.970409 0.882697 0.799676 0.813861 0.902400 0.809367 0.655500 0.768138 0.790133 0.800652 0.896698 0.902183 0.933645 0.805554 0.800634 0.642461 0.628060 0.942333 0.809761 0.692178 0.782562 0.916441 0.976902 0.869057 0.958675 0.983724 0.828428 0.965710 0.756835 0.678001 0.815085 0.961939 0.959782
0.816683 0.841860 0.000000 0.717243 0.989946 0.919107 0.581244 0.813801 0.701391 0.918478 0.907679 0.851333 0.955472 0.915248 0.942456 0.985089 0.941384 0.939872 0.914047 0.988690 0.960946 0.901939 0.883444 0.908802 0.573574 0.569749 0.993006 0.881142 0.889795 0.926569 0.709597 0.896597 0.961212 0.874161 0.741433 0.937557 0.898925 0.945765 0.771673 0.996272 0.827657 0.911530 0.919580 0.953169 0.819082 0.777165 0.844847 0.852764 0.661183 0.675304 0.705909 0.660806 0.799820 0.884714 0.935251 0.984818 0.937976 0.878602 0.992282 0.830474 0.833146 0.921491 0.940730 0.883733 0.598733 0.630967 0.685499 0.826856 0.895714 0.992971 0.993364 0.939859 0.799035 0.755879 0.899111 0.973301 0.747156 0.918129 0.994504 0.874707 0.857557 0.976428 0.963549 0.667667 0.986928 0.991671 0.824012 0.880244 0.641149 0.774946 0.946446 0.957553 0.937795 0.897287 0.880817 0.986944 0.812980 0.985584 0.957717 0.935161 0.842959 0.914725 0.958241 0.878426 0.854972 0.937034 0.947716 0.886302 0.948202 0.878919 0.950302 0.917203 0.991811 0.928474 0.877541 0.956571
0.820241 0.811430 0.717243 0.000000 0.845889 0.588663 0.624940 0.517849 0.621868 0.626839 0.950361 0.831247 0.788915 0.734699 0.691752 0.639927 0.753020 0.843269 0.645127 0.790011 0.892577 0.999629 0.567888 0.653202 0.846177 0.838493 0.960756 0.920023 0.765262 0.750144 0.555511 0.781753 0.680557 0.759608 0.804738 0.856140 0.995696 0.911886 0.860682 0.832007 0.969759 0.954167 0.876723 0.838643 0.827640 0.927714 0.913285 0.992597 0.982331 0.885530 0.774650 0.753150 0.728846 0.610534 0.778044 0.926133 0.778271 0.701978 0.800998 0.708733 0.673030 0.713400 0.707491 0.732633 0.902799 0.650501 0.583510 0.660359 0.867305 0.724787 0.618703 0.563374 0.626701 0.669276 0.910137 0.935037 0.633430 0.731756 0.876471 0.843917 0.914721 0.953952 0.998166 0.689039 0.840504 0.774804 0.803291 0.833130 0.860701 0.884384 0.463313 0.572127 0.472584 0.512068 0.875296 0.869926 0.711055 0.846142 0.560978 0.545846 0.688505 0.649850 0.706435 0.761768 0.692590 0.877128 0.925233 0.908294 0.965240 0.953699 0.845056 0.771542 0.802288 0.996894 0.702339 0.936426
0.953200 0.828329 0.989946 0.845889 0.000000 0.659903 0.761546 0.730661 0.520354 0.680299 0.995794 0.913645 0.717469 0.798123 0.678561 0.714931 0.922022 0.837864 0.684221 0.843755 0.943151 0.931971 0.627334 0.799589 0.827588 0.928369 0.858011 0.822559 0.874084 0.889611 0.906423 0.909147 0.847463 0.980513 0.897887 0.990733 0.923584 0.967645 0.890443 0.868439 0.879790 0.843324 0.855672 0.885170 0.926681 0.986116 0.817133 0.878303 0.931431 0.870962 0.925403 0.984533 0.816052 0.831735 0.981437 0.945484 0.828594 0.977447 0.959180 0.966525 0.746260 0.619563 0.885492 0.873131 0.970999 0.863762 0.900537 0.940010 0.977219 0.972313 0.669758 0.976318 0.945074 0.885477 0.950503 0.984928 0.815700 0.856747 0.776937 0.972975 0.948584 0.963326 0.870832 0.862399 0.723616 0.860390 0.938681 0.829698 0.860887 0.882674 0.642993 0.613793 0.692145 0.765488 0.973722 0.897941 0.837078 0.865433 0.831101 0.828975 0.744426 0.725159 0.972293 0.857840 0.941981 0.926252 0.763971 0.953340 0.895783 0.861798 0.876560 0.845546 0.971871 0.975728 0.930888 0.898404
0.822688 0.956937 0.919107 0.588663 0.659903 0.000000 0.584576 0.549139 0.647040 0.577838 0.907480 0.809872 0.800556 0.817814 0.701382 0.628011 0.764179 0.840382 0.604162 0.779165 0.864828 0.993180 0.554031 0.626083 0.955458 0.948550 0.976098 0.862288 0.734689 0.784039 0.655566 0.825978 0.655893 0.716089 0.786356 0.967275 0.844649 0.928418 0.903806 0.865279 0.955321 0.938295 0.806251 0.744168 0.565123 0.693632 0.902149 0.782519 0.747440 0.702389 0.601826 0.700457 0.618371 0.557198 0.826901 0.751589 0.970086 0.873622 0.744444 0.740895 0.574331 0.670119 0.692664 0.661170 0.964077 0.817256 0.558408 0.660060 0.990686 0.885441 0.744954 0.763931 0.822636 0.905687 0.921853 0.916910 0.694512 0.785058 0.965254 0.722498 0.753529 0.765440 0.960442 0.903936 0.649004 0.646080 0.962512 0.995143 0.940331 0.895176 0.452416 0.600385 0.471517 0.822032 0.866949 0.964505 0.833469 0.882911 0.540905 0.633287 0.726796 0.701796 0.653303 0.844821 0.816486 0.940053 0.905055 0.982201 0.905634 0.968728 0.955631 0.653926 0.744231 0.929700 0.709854 0.869416
0.865487 0.970760 0.581244 0.624940 0.761546 0.584576 0.000000 0.362227 0.570356 0.383145 0.721530 0.778348 0.664980 0.804583 0.661871 0.853160 0.673594 0.756028 0.444088 0.683738 0.965481 0.970106 0.775577 0.967716 0.893260 0.869730 0.797211 0.895483 0.479367 0.640460 0.533088 0.618615 0.599857 0.541850 0.818403 0.943263 0.877681 0.868167 0.994858 0.916415 0.785573 0.909031 0.675376 0.641747 0.691610 0.700339 0.672939 0.747529 0.886895 0.951454 0.810348 0.960994 0.960070 0.953153 0.843405 0.886561 0.939306 0.977980 0.687093 0.839604 0.325762 0.565340 0.464016 0.615192 0.999141 0.640595 0.633761 0.619460 0.965228 0.940027 0.761873 0.856050 0.734758 0.806193 0.998071 0.961151 0.577682 0.929451 0.786920 0.825847 0.701460 0.658550 0.942560 0.830360 0.730259 0.867237 0.884880 0.851878 0.842615 0.905132 0.555671 0.757755 0.614654 0.938241 0.884214 0.945370 0.816049 0.742121 0.605117 0.657065 0.604756 0.776569 0.688849 0.765899 0.711668 0.982168 0.917950 0.998794 0.867344 0.846761 0.822391 0.809248 0.751256 0.953497 0.871388 0.979966
0.589224 0.678099 0.813801 0.517849 0.730661 0.549139 0.362227 0.000000 0.584550 0.304780 0.589059 0.509386 0.474512 0.520048 0.514433 0.681506 0.602554 0.588474 0.353893 0.468095 0.954301 0.987244 0.651167 0.879556 0.770550 0.934273 0.737372 0.891951 0.409354 0.514212 0.478178 0.566238 0.514507 0.521628 0.931250 0.964522 0.799710 0.964431 0.816043 0.900186 0.908850 0.895649 0.709370 0.637348 0.631370 0.623090 0.769416 0.788341 0.692709 0.771040 0.621683 0.784230 0.807716 0.802665 0.830487 0.868570 0.720001 0.651997 0.621161 0.626501 0.327207 0.358010 0.372651 0.412778 0.789247 0.827021 0.735289 0.664042 0.857890 0.755001 0.546098 0.611731 0.652344 0.693097 0.997052 0.933448 0.598525 0.890429 0.788343 0.680928 0.568787 0.563621 0.962699 0.829206 0.648095 0.765597 0.790300 0.850204 0.939934 0.848639 0.425777 0.547080 0.483524 0.724196 0.844917 0.886308 0.715721 0.797295 0.406743 0.486292 0.523703 0.639812 0.579384 0.619122 0.734145 0.950335 0.931356 0.929019 0.947772 0.874267 0.817122 0.692286 0.703651 0.913336 0.855245 0.978604
0.962737 0.818374 0.701391 0.621868 0.520354 0.647040 0.570356 0.584550 0.000000 0.545377 0.989270 0.930540 0.709197 0.781489 0.694293 0.670005 0.942436 0.881185 0.634666 0.870821 0.981726 0.903088 0.602960 0.812210 0.929851 0.895472 0.903478 0.930385 0.840579 0.882189 0.651214 0.918312 0.849053 0.919299 0.904630 0.981168 0.883399 0.954898 0.840559 0.829610 0.808187 0.968341 0.919965 0.918462 0.957951 0.936397 0.851821 0.874909 0.882516 0.775695 0.996310 0.891092 0.902911 0.912301 0.880871 0.939315 0.870592 0.990293 0.974775 0.948039 0.665509 0.578304 0.874161 0.901572 0.936625 0.752726 0.866777 0.993255 0.995307 0.977339 0.601123 0.803850 0.707118 0.712559 0.884755 0.949222 0.774427 0.852531 0.768250 0.917959 0.890808 0.940754 0.984420 0.677856 0.781051 0.953950 0.819570 0.995363 0.931691 0.961055 0.568111 0.597221 0.661275 0.619731 0.965118 0.889242 0.864250 0.864678 0.741792 0.767658 0.750953 0.750157 0.893557 0.841129 0.810404 0.869852 0.996537 0.795471 0.978651 0.906924 0.865207 0.867649 0.912873 0.964714 0.758133 0.964493
0.689836 0.803137 0.918478 0.626839 0.680299 0.577838 0.383145 0.304780 0.545377 0.000000 0.653300 0.574338 0.491059 0.596399 0.536140 0.740180 0.674728 0.625251 0.392143 0.550282 0.986656 0.955759 0.707548 0.970090 0.681973 0.914741 0.727861 0.983604 0.432404 0.536399 0.502602 0.620283 0.533477 0.534183 0.933274 0.954636 0.776552 0.963226 0.785617 0.881776 0.877148 0.997506 0.642618 0.633555 0.556011 0.554253 0.775544 0.740439 0.647295 0.790980 0.626126 0.826304 0.804412 0.841732 0.802048 0.888432 0.841392 0.773120 0.692604 0.709688 0.350103 0.358383 0.445095 0.466195 0.703237 0.901428 0.807243 0.734625 0.921786 0.792214 0.554815 0.671524 0.776972 0.800515 0.927573 0.935011 0.631420 0.878597 0.845697 0.811076 0.609286 0.690915 0.985575 0.859708 0.731201 0.884671 0.833320 0.797095 0.965690 0.965703 0.463616 0.571995 0.525445 0.802939 0.925918 0.867832 0.851542 0.769487 0.452426 0.531940 0.573502 0.702688 0.600233 0.715554 0.839613 0.945099 0.898505 0.913005 0.924883 0.854819 0.837892 0.692034 0.777284 0.945649 0.856436 0.981640
0.606907 0.703606 0.907679 0.950361 0.995794 0.907480 0.721530 0.589059 0.989270 0.653300 0.000000 0.490458 0.493521 0.577010 0.700123 0.905412 0.638479 0.506974 0.550246 0.557613 0.942281 0.939356 0.977464 0.877130 0.607400 0.768012 0.583755 0.856658 0.525679 0.545922 0.829260 0.680948 0.642967 0.531958 0.867731 0.750976 0.913272 0.869692 0.965079 0.842027 0.940262 0.963969 0.725774 0.564978 0.716693 0.614057 0.757441 0.760720 0.726493 0.842847 0.778209 0.940702 0.916382 0.954462 0.973416 0.893250 0.803251 0.800220 0.727718 0.794625 0.496533 0.589033 0.454625 0.522074 0.675698 0.967299 0.998360 0.829767 0.824727 0.924809 0.825120 0.858904 0.907589 0.957133 0.936924 0.794388 0.867773 0.945719 0.771350 0.681174 0.512909 0.518093 0.945515 0.793569 0.865230 0.878933 0.915080 0.927264 0.885434 0.887156 0.824937 0.970726 0.871366 0.878103 0.919120 0.945993 0.900412 0.862793 0.677640 0.865522 0.659420 0.880122 0.695993 0.773957 0.961197 0.870019 0.965025 0.856206 0.847274 0.908917 0.884496 0.883312 0.785717 0.937511 0.993500 0.878863
0.370012 0.531525 0.851333 0.831247 0.913645 0.809872 0.778348 0.509386 0.930540 0.574338 0.490458 0.000000 0.406529 0.372033 0.546374 0.591865 0.640814 0.416951 0.457730 0.409634 0.987979 0.963443 0.729310 0.814716 0.585017 0.707244 0.775504 0.861769 0.489636 0.436775 0.714717 0.564574 0.554166 0.574674 0.950931 0.818573 0.778122 0.980801 0.915878 0.991848 0.950453 0.973293 0.767953 0.649355 0.650637 0.563200 0.856169 0.794570 0.570416 0.636851 0.609228 0.686278 0.858841 0.911133 0.858207 0.944823 0.625229 0.556996 0.702683 0.674099 0.531622 0.452850 0.454267 0.356327 0.705461 0.920245 0.958564 0.847416 0.690100 0.665822 0.654289 0.603176 0.795526 0.725626 0.931569 0.866488 0.809200 0.938137 0.742831 0.615888 0.428206 0.446743 0.827104 0.849391 0.607797 0.586756 0.926683 0.977841 0.666021 0.657844 0.715083 0.790686 0.769563 0.920432 0.898696 0.996298 0.922087 0.979347 0.545982 0.658128 0.815960 0.738404 0.578611 0.644637 0.919414 0.973204 0.871769 0.946644 0.958159 0.918392 0.911011 0.665268 0.795158 0.931873 0.991790 0.980485
0.581012 0.717902 0.955472 0.788915 0.717469 0.800556 0.664980 0.474512 0.709197 0.491059 0.493521 0.406529 0.000000 0.330127 0.386012 0.572863 0.766823 0.627588 0.413269 0.460246 0.990877 0.996610 0.641392 0.869368 0.592256 0.783273 0.821568 0.880771 0.442080 0.417106 0.589406 0.525457 0.519555 0.595614 0.912025 0.807730 0.900716 0.926429 0.849964 0.920865 0.968991 0.946569 0.830167 0.708806 0.693436 0.623863 0.922966 0.907145 0.739983 0.838380 0.774883 0.841943 0.965206 0.950237 0.978099 0.967245 0.838001 0.704018 0.855290 0.839787 0.424668 0.420057 0.470824 0.446862 0.667384 0.955712 0.985365 0.873430 0.878220 0.741285 0.499587 0.578964 0.676711 0.681540 0.968861 0.847290 0.754544 0.836402 0.885117 0.709194 0.602291 0.637314 0.829447 0.963730 0.748282 0.834432 0.874858 0.946722 0.852246 0.797110 0.678534 0.713578 0.753397 0.847315 0.895857 0.977188 0.781734 0.825662 0.575302 0.687524 0.710074 0.726836 0.646740 0.594773 0.971100 0.963661 0.961864 0.989574 0.911596 0.929179 0.868309 0.737642 0.821838 0.888979 0.929498 0.877045
0.559193 0.715490 0.915248 0.734699 0.798123 0.817814 0.804583 0.520048 0.781489 0.596399 0.577010 0.372033 0.330127 0.000000 0.376939 0.447928 0.778124 0.584287 0.481511 0.388453 0.865018 0.916760 0.563193 0.690446 0.648422 0.848218 0.802386 0.885373 0.548954 0.492585 0.617993 0.555901 0.574298 0.680055 0.961446 0.832258 0.814800 0.940422 0.787199 0.962189 0.997300 0.958222 0.978998 0.840910 0.777942 0.720719 0.975950 0.991459 0.762869 0.837688 0.776483 0.809570 0.945160 0.888375 0.969804 0.925390 0.857691 0.631699 0.947579 0.832733 0.564353 0.427391 0.541232 0.460818 0.712663 0.963092 0.967411 0.924065 0.901505 0.775784 0.514214 0.494135 0.634457 0.583697 0.909714 0.900172 0.788796 0.953729 0.828679 0.701829 0.641409 0.625826 0.816791 0.938594 0.680314 0.710938 0.872442 0.997902 0.778059 0.697059 0.674945 0.676571 0.698096 0.726364 0.837745 0.917232 0.872619 0.911972 0.571062 0.688258 0.743105 0.689263 0.687444 0.603888 0.865422 0.949467 0.964781 0.952924 0.937412 0.924182 0.918351 0.768512 0.802810 0.940593 0.912948 0.995329
0.793985 0.934397 0.942456 0.691752 0.678561 0.701382 0.661871 0.514433 0.694293 0.536140 0.700123 0.546374 0.386012 0.376939 0.000000 0.418455 0.857454 0.687345 0.479785 0.556290 0.908391 0.999594 0.434953 0.653919 0.656237 0.920491 0.841824 0.895259 0.528602 0.487802 0.579112 0.590076 0.500954 0.694663 0.883210 0.953386 0.897212 0.951098 0.787658 0.989223 0.980764 0.978385 0.946003 0.852985 0.665061 0.691195 0.964143 0.976720 0.817902 0.890096 0.841052 0.847191 0.877280 0.800078 0.954444 0.917823 0.920620 0.846689 0.955859 0.974857 0.522305 0.517944 0.608693 0.586559 0.819938 0.986579 0.820632 0.862719 0.923517 0.723011 0.484169 0.497516 0.660110 0.622274 0.783175 0.876274 0.673904 0.946705 0.889033 0.768026 0.742117 0.790354 0.689296 0.906470 0.697829 0.740943 0.989179 0.991397 0.859853 0.839467 0.630452 0.632883 0.617944 0.683417 0.821555 0.963622 0.905450 0.921161 0.531305 0.625124 0.663120 0.666757 0.648425 0.563417 0.838309 0.881510 0.960587 0.986925 0.943780 0.973934 0.874205 0.692973 0.913731 0.874041 0.854648 0.951346
0.724962 0.940829 0.985089 0.639927 0.714931 0.628011 0.853160 0.681506 0.670005 0.740180 0.905412 0.591865 0.572863 0.447928 0.418455 0.000000 0.957207 0.837063 0.605882 0.648083 0.949373 0.860146 0.293333 0.407574 0.853778 0.926293 0.912975 0.859079 0.771530 0.617269 0.705330 0.678591 0.669650 0.871551 0.830401 0.967732 0.879898 0.985371 0.789485 0.983520 0.879927 0.875577 0.913669 0.960054 0.726519 0.840006 0.903890 0.999920 0.835262 0.798134 0.787381 0.724517 0.701488 0.701029 0.878516 0.920230 0.962334 0.785437 0.977461 0.898460 0.690991 0.636111 0.772927 0.669330 0.944434 0.923709 0.744969 0.906631 0.969341 0.794159 0.529970 0.588343 0.680102 0.709231 0.770344 0.970871 0.791556 0.925238 0.992899 0.801780 0.853988 0.816667 0.640520 0.910123 0.493463 0.517920 0.945915 0.769579 0.680523 0.638517 0.625860 0.611500 0.599384 0.635918 0.796539 0.961817 0.961981 0.974568 0.593551 0.651091 0.881000 0.659558 0.676046 0.776238 0.779705 0.889679 0.896939 0.991786 0.958694 0.876812 0.887362 0.678006 0.906188 0.952966 0.751760 0.995921
0.569441 0.527739 0.941384 0.753020 0.922022 0.764179 0.673594 0.602554 0.942436 0.674728 0.638479 0.640814 0.766823 0.778124 0.857454 0.957207 0.000000 0.442394 0.640528 0.639460 0.957316 0.928400 0.952572 0.979864 0.857455 0.868594 0.792323 0.884639 0.456623 0.588050 0.706373 0.708375 0.698834 0.470880 0.903760 0.972691 0.862321 0.982893 0.966982 0.993286 0.986226 0.798929 0.588953 0.481778 0.598786 0.542872 0.502131 0.621442 0.593617 0.586500 0.635576 0.712437 0.807567 0.798226 0.690329 0.639086 0.577282 0.651251 0.540404 0.571105 0.600523 0.738688 0.453720 0.483433 0.833156 0.916305 0.686723 0.631462 0.762507 0.733230 0.866608 0.834262 0.918566 0.997579 0.902563 0.970285 0.634535 0.882267 0.700515 0.751756 0.478730 0.539111 0.996329 0.853402 0.828952 0.773179 0.997873 0.885280 0.991204 0.824360 0.688530 0.865437 0.724506 0.994072 0.923891 0.854952 0.827592 0.836350 0.617586 0.642190 0.759378 0.751078 0.713920 0.798910 0.892022 0.925637 0.988991 0.994144 0.902703 0.762568 0.897779 0.736277 0.635950 0.877214 0.971875 0.809106
0.473761 0.500664 0.939872 0.843269 0.837864 0.840382 0.756028 0.588474 0.881185 0.625251 0.506974 0.416951 0.627588 0.584287 0.687345 0.837063 0.442394 0.000000 0.582283 0.477942 0.960148 0.953573 0.927728 0.981336 0.708752 0.853944 0.657831 0.939035 0.435197 0.428171 0.669592 0.602087 0.593910 0.511124 0.954095 0.947046 0.839441 0.933145 0.998766 0.974509 0.924278 0.887867 0.529570 0.476604 0.573497 0.442999 0.618644 0.606304 0.483599 0.524214 0.543038 0.631680 0.830746 0.786908 0.805460 0.779776 0.581854 0.558966 0.605803 0.597375 0.604386 0.625090 0.442125 0.388499 0.689924 0.941075 0.787637 0.682251 0.723739 0.616871 0.803564 0.708626 0.835509 0.850757 0.930889 0.924633 0.753439 0.922419 0.568137 0.551373 0.345970 0.493914 0.967017 0.812263 0.827023 0.728606 0.943154 0.856961 0.890089 0.816725 0.766462 0.891134 0.756212 0.981518 0.818188 0.962169 0.918324 0.889924 0.565392 0.611209 0.804276 0.793143 0.565183 0.727565 0.864645 0.990513 0.966154 0.936309 0.981422 0.827672 0.862618 0.772924 0.759729 0.861229 0.957218 0.880515
0.623010 0.770181 0.914047 0.645127 0.684221 0.604162 0.444088 0.353893 0.634666 0.392143 0.550246 0.457730 0.413269 0.481511 0.479785 0.605882 0.640528 0.582283 0.000000 0.467096 0.918401 0.994718 0.663379 0.881302 0.667831 0.910704 0.723374 0.922608 0.403645 0.460238 0.542638 0.568902 0.570611 0.478407 0.995997 0.937915 0.801400 0.931251 0.908529 0.944435 0.953256 0.982685 0.713185 0.554085 0.584420 0.575858 0.772762 0.764163 0.714314 0.784064 0.669187 0.796899 0.846970 0.829667 0.817025 0.883552 0.825403 0.766610 0.704464 0.722043 0.356154 0.392872 0.393480 0.411924 0.762250 0.840399 0.736260 0.713619 0.894905 0.808106 0.584736 0.621712 0.658197 0.668456 0.991340 0.927013 0.641547 0.845778 0.828103 0.737880 0.570215 0.580086 0.905470 0.936635 0.657867 0.749855 0.864658 0.946121 0.912312 0.834042 0.490477 0.642987 0.589365 0.822339 0.843652 0.954587 0.769190 0.878959 0.417070 0.572782 0.578606 0.618547 0.539236 0.661082 0.745042 0.949182 0.939714 0.979073 0.864322 0.835889 0.784782 0.638471 0.731548 0.842619 0.835995 0.960090
0.528609 0.609290 0.988690 0.790011 0.843755 0.779165 0.683738 0.468095 0.870821 0.550282 0.557613 0.409634 0.460246 0.388453 0.556290 0.648083 0.639460 0.477942 0.467096 0.000000 0.956202 0.873106 0.767214 0.805473 0.718069 0.921315 0.755538 0.944100 0.487408 0.510118 0.648579 0.586477 0.578255 0.602120 0.999637 0.934020 0.911458 0.964149 0.900755 0.894069 0.988346 0.924804 0.834240 0.695380 0.715733 0.633847 0.809103 0.800525 0.676779 0.769191 0.688977 0.788871 0.948127 0.892954 0.937211 0.901515 0.724157 0.579719 0.703720 0.682436 0.513337 0.446956 0.436955 0.376427 0.699828 0.908124 0.846186 0.733107 0.734040 0.723403 0.676630 0.642848 0.757501 0.713226 0.986720 0.874016 0.731014 0.952799 0.682572 0.635514 0.504790 0.485331 0.842394 0.984659 0.683466 0.722096 0.833975 0.965325 0.803298 0.808743 0.650779 0.738877 0.697628 0.874128 0.771259 0.879718 0.830596 0.871749 0.535297 0.649119 0.732293 0.752057 0.640009 0.631633 0.792670 0.882937 0.995351 0.984733 0.859165 0.877317 0.966467 0.744578 0.761832 0.891391 0.988361 0.947301
0.928907 0.955826 0.960946 0.892577 0.943151 0.864828 0.965481 0.954301 0.981726 0.986656 0.942281 0.987979 0.990877 0.865018 0.908391 0.949373 0.957316 0.960148 0.918401 0.956202 0.000000 0.996540 0.977115 0.976675 0.984455 0.821571 0.815708 0.981186 0.972396 0.999670 0.854182 0.944481 0.914917 0.928780 0.876622 0.980428 0.980339 0.804486 0.762593 0.842816 0.993815 0.963987 0.867954 0.811508 0.857010 0.867752 0.942700 0.790418 0.880517 0.896385 0.875620 0.879597 0.826212 0.918599 0.931665 0.806330 0.975902 0.997869 0.910285 0.866834 0.970294 0.970460 0.979606 0.962478 0.935681 0.881490 0.964285 0.939386 0.977007 0.950100 0.902777 0.945274 0.886528 0.844893 0.890983 0.992659 0.907824 0.947357 0.909766 0.985486 0.971287 0.940114 0.914658 0.815062 0.923333 0.940843 0.891419 0.862364 0.916166 0.938021 0.939120 0.986758 0.962901 0.870683 0.858582 0.974856 0.972983 0.961382 0.994716 0.993427 0.917772 0.974756 0.918712 0.812267 0.929403 0.903931 0.856511 0.943995 0.811218 0.992922 0.947764 0.843035 0.961040 0.875333 0.943677 0.917031
0.988378 0.924352 0.901939 0.999629 0.931971 0.993180 0.970106 0.987244 0.903088 0.955759 0.939356 0.963443 0.996610 0.916760 0.999594 0.860146 0.928400 0.953573 0.994718 0.873106 0.996540 0.000000 0.911824 0.884546 0.849012 0.946977 0.884836 0.937043 0.933252 0.901477 0.977555 0.969219 0.957049 0.934730 0.938606 0.910038 0.950648 0.961519 0.979938 0.833362 0.867928 0.797494 0.971965 0.992374 0.935177 0.936044 0.896537 0.851024 0.986961 0.937987 0.894706 0.861908 0.850317 0.917255 0.823237 0.991006 0.921002 0.957274 0.978669 0.966055 0.979369 0.950936 0.968168 0.941937 0.942474 0.956456 0.982154 0.948684 0.992878 0.929893 0.883538 0.868818 0.962606 0.990620 0.934247 0.967150 0.901332 0.978679 0.867491 0.847499 0.898346 0.959318 0.934811 0.972829 0.851178 0.907137 0.942534 0.864575 0.881033 0.980568 0.963762 0.966501 0.965421 0.964408 0.909534 0.818481 0.986497 0.991735 0.977819 0.955805 0.962701 0.893349 0.984595 0.987125 0.915601 0.993066 0.856206 0.987160 0.963427 0.892493 0.850577 0.946244 0.908058 0.875947 0.772357 0.936296
0.827758 0.992324 0.883444 0.567888 0.627334 0.554031 0.775577 0.651167 0.602960 0.707548 0.977464 0.729310 0.641392 0.563193 0.434953 0.293333 0.952572 0.927728 0.663379 0.767214 0.977115 0.911824 0.000000 0.411338 0.944937 0.996211 0.820357 0.823485 0.786665 0.671431 0.628250 0.700078 0.646466 0.922753 0.787191 0.912309 0.884281 0.984449 0.782951 0.937579 0.982682 0.954183 0.904454 0.992505 0.755250 0.887815 0.911833 0.953407 0.909237 0.841490 0.825426 0.754076 0.667149 0.657782 0.895055 0.958013 0.952069 0.817345 0.968940 0.923102 0.694383 0.696351 0.812031 0.739947 0.862032 0.859935 0.638428 0.836251 0.920631 0.750778 0.490342 0.607126 0.666114 0.735880 0.853798 0.997595 0.688306 0.902168 0.937458 0.847638 0.949925 0.935486 0.667063 0.796994 0.522265 0.550103 0.946610 0.811502 0.786917 0.663499 0.581790 0.550973 0.549083 0.562397 0.842199 0.952660 0.888334 0.975953 0.631082 0.622804 0.797019 0.644286 0.720874 0.786294 0.732476 0.825222 0.830441 0.914359 0.961015 0.852013 0.853942 0.700364 0.969213 0.936753 0.789080 0.990697
0.843902 0.946596 0.908802 0.653202 0.799589 0.626083 0.967716 0.879556 0.812210 0.970090 0.877130 0.814716 0.869368 0.690446 0.653919 0.407574 0.979864 0.981336 0.881302 0.805473 0.976675 0.884546 0.411338 0.000000 0.893152 0.893982 0.741819 0.893728 0.991256 0.870632 0.836081 0.933480 0.811511 0.933954 0.783594 0.843823 0.982718 0.903776 0.971613 0.905126 0.868858 0.970110 0.769314 0.857807 0.912362 0.965280 0.842329 0.885836 0.988672 0.861483 0.861429 0.742007 0.705124 0.602839 0.918306 0.986065 0.994685 0.796270 0.950206 0.946720 0.973202 0.951590 0.982009 0.885190 0.833216 0.888269 0.647368 0.880344 0.990566 0.773196 0.723824 0.671656 0.804000 0.716965 0.746845 0.903213 0.801973 0.915927 0.999292 0.868916 0.986406 0.932319 0.762009 0.849842 0.652801 0.523885 0.995731 0.750889 0.773962 0.747695 0.710225 0.731610 0.643890 0.648790 0.872917 0.940951 0.914372 0.936834 0.728891 0.767020 0.979078 0.703627 0.805860 0.772655 0.741554 0.791054 0.814169 0.944345 0.973400 0.823695 0.980431 0.698687 0.937086 0.850240 0.846772 0.898139
0.724540 0.832110 0.573574 0.846177 0.827588 0.955458 0.893260 0.770550 0.929851 0.681973 0.607400 0.585017 0.592256 0.648422 0.656237 0.853778 0.857455 0.708752 0.667831 0.718069 0.984455 0.849012 0.944937 0.893152 0.000000 0.561025 0.792832 0.993416 0.631048 0.693622 0.947241 0.718646 0.687118 0.770463 0.853601 0.877770 0.816182 0.957066 0.865050 0.956573 0.955483 0.919724 0.719377 0.683224 0.570018 0.508372 0.892203 0.756425 0.586368 0.689873 0.661005 0.740941 0.852189 0.940279 0.945200 0.954166 0.950047 0.938647 0.904131 0.855039 0.672016 0.584861 0.651072 0.585544 0.492603 0.768112 0.870818 0.996226 0.971058 0.856467 0.790300 0.868773 0.999396 0.994847 0.923851 0.930720 0.851058 0.978852 0.856959 0.692778 0.569231 0.718834 0.861182 0.807163 0.840194 0.912462 0.954309 0.991262 0.710570 0.808180 0.846456 0.872400 0.882147 0.877735 0.908071 0.872441 0.881987 0.903111 0.693312 0.846856 0.864603 0.884344 0.773631 0.740892 0.976662 0.957124 0.942091 0.960107 0.999468 0.985072 0.874057 0.836277 0.833955 0.907999 0.823375 0.871701
0.719838 0.711238 0.569749 0.838493 0.928369 0.948550 0.869730 0.934273 0.895472 0.914741 0.768012 0.707244 0.783273 0.848218 0.920491 0.926293 0.868594 0.853944 0.910704 0.921315 0.821571 0.946977 0.996211 0.893982 0.561025 0.000000 0.916482 0.946596 0.887596 0.903625 0.898417 0.905133 0.998749 0.993544 0.809687 0.976104 0.934877 0.955332 0.844586 0.972710 0.925389 0.975022 0.893939 0.833293 0.768815 0.732654 0.955660 0.847063 0.639440 0.710011 0.769553 0.723062 0.750762 0.960383 0.912258 0.975842 0.802554 0.773501 0.963940 0.830321 0.959903 0.763481 0.930567 0.791718 0.681390 0.594733 0.715126 0.776541 0.865124 0.847663 0.827299 0.955035 0.871785 0.844154 0.830075 0.904973 0.957394 0.992459 0.952147 0.825314 0.783043 0.836703 0.852326 0.779269 0.863705 0.951282 0.951532 0.833684 0.685893 0.601006 0.983126 0.813932 0.981821 0.986518 0.916951 0.874727 0.838711 0.908164 0.893320 0.853588 0.983288 0.986026 0.893739 0.946956 0.780908 0.775447 0.974337 0.942778 0.882321 0.910049 0.958843 0.775401 0.999039 0.872902 0.890844 0.889407
0.842563 0.847851 0.993006 0.960756 0.858011 0.976098 0.797211 0.737372 0.903478 0.727861 0.583755 0.775504 0.821568 0.802386 0.841824 0.912975 0.792323 0.657831 0.723374 0.755538 0.815708 0.884836 0.820357 0.741819 0.792832 0.916482 0.000000 0.986754 0.697405 0.753884 0.866109 0.868614 0.837577 0.652876 0.973478 0.805594 0.756209 0.846615 0.945497 0.867203 0.962319 0.902029 0.808357 0.734519 0.828087 0.767667 0.688464 0.780525 0.817066 0.945774 0.941021 0.936066 0.755189 0.920672 0.932512 0.947109 0.965268 0.998488 0.921851 0.926869 0.730175 0.787835 0.708951 0.762170 0.789458 0.982524 0.989979 0.866603 0.972713 0.897045 0.964927 0.856422 0.928991 0.889109 0.946227 0.976727 0.997375 0.982334 0.848680 0.867419 0.694517 0.739807 0.967642 0.963512 0.920139 0.942819 0.865352 0.761418 0.968859 0.882815 0.927862 0.930904 0.909777 0.834168 0.929208 0.990339 0.974597 0.997513 0.765238 0.957506 0.710007 0.996611 0.880608 0.913436 0.946578 0.852322 0.878823 0.987705 0.921554 0.780936 0.989303 0.971675 0.821546 0.891816 0.907675 0.923640
0.892105 0.984941 0.881142 0.920023 0.822559 0.862288 0.895483 0.891951 0.930385 0.983604 0.856658 0.861769 0.880771 0.885373 0.895259 0.859079 0.884639 0.939035 0.922608 0.944100 0.981186 0.937043 0.823485 0.893728 0.993416 0.946596 0.986754 0.000000 0.920459 0.880686 0.952949 0.926112 0.931298 0.973175 0.821331 0.854972 0.879187 0.903948 0.954647 0.942826 0.932433 0.952344 0.975988 0.999047 0.998166 0.945829 0.992075 0.974992 0.971907 0.991985 0.985666 0.972774 0.998838 0.996334 0.866341 0.931665 0.991165 0.921578 0.907157 0.945791 0.827380 0.952027 0.925878 0.906692 0.773448 0.962493 0.981950 0.946049 0.985025 0.894643 0.875949 0.997602 0.931881 0.987469 0.972574 0.816665 0.974751 0.967302 0.998321 0.791597 0.962327 0.857105 0.889665 0.909237 0.744141 0.765207 0.963952 0.954945 0.919774 0.947961 0.953535 0.975519 0.945903 0.939364 0.994809 0.968163 0.933810 0.999291 0.988833 0.969108 0.997591 0.901997 0.924406 0.939533 0.877706 0.776960 0.814776 0.942506 0.980909 0.910422 0.948480 0.973085 0.963589 0.809184 0.926667 0.998969
0.615631 0.633560 0.889795 0.765262 0.874084 0.734689 0.479367 0.409354 0.840579 0.432404 0.525679 0.489636 0.442080 0.548954 0.528602 0.771530 0.456623 0.435197 0.403645 0.487408 0.972396 0.933252 0.786665 0.991256 0.631048 0.887596 0.697405 0.920459 0.000000 0.332507 0.537758 0.503831 0.528221 0.403233 0.945819 0.874818 0.909933 0.964207 0.996638 0.870899 0.978387 0.992974 0.565546 0.477984 0.532924 0.431856 0.573371 0.651744 0.584926 0.645187 0.624531 0.777074 0.872405 0.905970 0.813179 0.760265 0.692157 0.690696 0.620797 0.691068 0.363790 0.500282 0.326128 0.365875 0.712441 0.920131 0.740021 0.635481 0.853919 0.673463 0.645100 0.702284 0.778733 0.823432 0.974971 0.886214 0.617977 0.978174 0.642902 0.632930 0.393102 0.473662 0.890489 0.946562 0.714446 0.788148 0.981292 0.941278 0.939231 0.874186 0.692358 0.844877 0.744955 0.974976 0.940148 0.978216 0.809786 0.804567 0.558551 0.608494 0.628623 0.687409 0.584400 0.628382 0.846119 0.982659 0.939457 0.920344 0.888764 0.820467 0.812890 0.716277 0.698690 0.789030 0.997678 0.935861
0.609058 0.659790 0.926569 0.750144 0.889611 0.784039 0.640460 0.514212 0.882189 0.536399 0.545922 0.436775 0.417106 0.492585 0.487802 0.617269 0.588050 0.428171 0.460238 0.510118 0.999670 0.901477 0.671431 0.870632 0.693622 0.903625 0.753884 0.880686 0.332507 0.000000 0.597828 0.470426 0.507087 0.469756 0.983220 0.850946 0.958069 0.998910 0.987525 0.875287 0.965929 0.897080 0.663450 0.563236 0.562576 0.493498 0.656934 0.716873 0.609128 0.647708 0.663898 0.740821 0.891450 0.898485 0.783826 0.840697 0.700736 0.680236 0.666379 0.721548 0.439783 0.545424 0.418051 0.392937 0.776307 0.924680 0.750342 0.643892 0.795307 0.622601 0.564556 0.719511 0.809922 0.743035 0.995652 0.889337 0.690814 0.889070 0.736328 0.636149 0.463272 0.563784 0.789617 0.929555 0.684989 0.740098 0.969531 0.946404 0.824079 0.795067 0.775884 0.888402 0.787859 0.990531 0.927414 0.998800 0.790302 0.900494 0.570951 0.641209 0.724676 0.753222 0.551015 0.672743 0.898409 0.968804 0.995624 0.991610 0.933863 0.944232 0.799497 0.711077 0.822264 0.799380 0.974398 0.977576
0.802383 0.807256 0.709597 0.555511 0.906423 0.655566 0.533088 0.478178 0.651214 0.502602 0.829260 0.714717 0.589406 0.617993 0.579112 0.705330 0.706373 0.669592 0.542638 0.648579 0.854182 0.977555 0.628250 0.836081 0.947241 0.898417 0.866109 0.952949 0.537758 0.597828 0.000000 0.541543 0.585771 0.558425 0.884427 0.956580 0.898188 0.935878 0.864292 0.893488 0.958738 0.920258 0.772231 0.729699 0.724073 0.728482 0.864099 0.927580 0.847360 0.844940 0.835577 0.875711 0.897395 0.853412 0.833175 0.905831 0.810047 0.813977 0.865982 0.896282 0.550440 0.639326 0.601007 0.610073 0.875345 0.940878 0.689799 0.690801 0.980316 0.799806 0.658455 0.515395 0.625194 0.706936 0.980598 0.940377 0.569036 0.833304 0.798183 0.731317 0.707831 0.829561 0.931118 0.716094 0.859281 0.881838 0.742146 0.709678 0.840768 0.916468 0.604366 0.685554 0.604923 0.694923 0.993895 0.891356 0.847862 0.830408 0.581530 0.483324 0.701962 0.604035 0.577453 0.696825 0.837633 0.868396 0.949500 0.868536 0.964203 0.835730 0.874495 0.819054 0.788933 0.946869 0.831477 0.930914
0.669286 0.769804 0.896597 0.781753 0.909147 0.825978 0.618615 0.566238 0.918312 0.620283 0.680948 0.564574 0.525457 0.555901 0.590076 0.678591 0.708375 0.602087 0.568902 0.586477 0.944481 0.969219 0.700078 0.933480 0.718646 0.905133 0.868614 0.926112 0.503831 0.470426 0.541543 0.000000 0.514606 0.574537 0.973942 0.785540 0.919114 0.898916 0.956601 0.907501 0.959919 0.970598 0.682681 0.626122 0.709830 0.622867 0.720101 0.783347 0.714813 0.772324 0.776892 0.830732 0.933908 0.975556 0.987986 0.879122 0.778147 0.790267 0.796228 0.802128 0.504283 0.611148 0.502732 0.506579 0.889807 0.955136 0.832756 0.744022 0.910838 0.802676 0.696569 0.744875 0.700077 0.827249 0.957092 0.840939 0.736291 0.960752 0.802780 0.647864 0.590026 0.595116 0.809275 0.983930 0.692577 0.750134 0.949881 0.990782 0.879439 0.700803 0.824327 0.885700 0.824601 0.987763 0.981984 0.955291 0.875243 0.829759 0.697375 0.694206 0.830145 0.753596 0.593446 0.796820 0.784055 0.940136 0.888699 0.985675 0.986818 0.959284 0.817703 0.944946 0.837461 0.964264 0.981605 0.950065
0.699331 0.862021 0.961212 0.680557 0.847463 0.655893 0.599857 0.514507 0.849053 0.533477 0.642967 0.554166 0.519555 0.574298 0.500954 0.669650 0.698834 0.593910 0.570611 0.578255 0.914917 0.957049 0.646466 0.811511 0.687118 0.998749 0.837577 0.931298 0.528221 0.507087 0.585771 0.514606 0.000000 0.559000 0.899464 0.923822 0.804476 0.993886 0.873469 0.861855 0.820859 0.958452 0.745914 0.656345 0.558193 0.565622 0.762765 0.737943 0.680917 0.771172 0.731705 0.851948 0.927794 0.920356 0.894605 0.840244 0.856197 0.850162 0.745586 0.834376 0.466733 0.549145 0.481994 0.471141 0.749088 0.869525 0.712416 0.608785 0.915941 0.772122 0.700011 0.718861 0.767591 0.765632 0.995831 0.797563 0.637053 0.866457 0.838513 0.581439 0.553195 0.609912 0.845339 0.923726 0.698172 0.633999 0.983115 0.950894 0.937649 0.895131 0.703394 0.895569 0.726772 0.978422 0.895559 0.994301 0.850734 0.886456 0.519050 0.676314 0.719599 0.815853 0.646758 0.666849 0.837868 0.899468 0.955551 0.953902 0.953315 0.964676 0.856418 0.713030 0.896229 0.898230 0.985030 0.962070
0.669036 0.683578 0.874161 0.759608 0.980513 0.716089 0.541850 0.521628 0.919299 0.534183 0.531958 0.574674 0.595614 0.680055 0.694663 0.871551 0.470880 0.511124 0.478407 0.602120 0.928780 0.934730 0.922753 0.933954 0.770463 0.993544 0.652876 0.973175 0.403233 0.469756 0.558425 0.574537 0.559000 0.000000 0.988050 0.826751 0.768355 0.945794 0.951065 0.854286 0.976947 0.969243 0.599948 0.436501 0.510110 0.468762 0.554280 0.747092 0.624481 0.711541 0.710463 0.861329 0.953044 0.968811 0.720391 0.704764 0.751914 0.860969 0.623108 0.746285 0.449264 0.604305 0.413583 0.466829 0.702258 0.933502 0.708424 0.522814 0.854589 0.845744 0.781880 0.727670 0.844845 0.885425 0.973287 0.905061 0.685501 0.872850 0.725743 0.711801 0.467332 0.523108 0.906498 0.865933 0.832982 0.832800 0.898293 0.896669 0.939790 0.966413 0.717112 0.940733 0.798639 0.913801 0.998277 0.945134 0.920112 0.923043 0.588223 0.663107 0.724278 0.712201 0.539632 0.807513 0.900268 0.969444 0.849005 0.902995 0.767153 0.805840 0.902577 0.782992 0.693779 0.886656 0.925244 0.949478
0.906394 0.916834 0.741433 0.804738 0.897887 0.786356 0.818403 0.931250 0.904630 0.933274 0.867731 0.950931 0.912025 0.961446 0.883210 0.830401 0.903760 0.954095 0.995997 0.999637 0.876622 0.938606 0.787191 0.783594 0.853601 0.809687 0.973478 0.821331 0.945819 0.983220 0.884427 0.973942 0.899464 0.988050 0.000000 0.916930 0.946517 0.936834 0.813401 0.896790 0.926344 0.986135 0.901687 0.882836 0.969912 0.956928 0.918582 0.943226 0.919682 0.976112 0.957926 0.920985 0.963263 0.888142 0.773987 0.944093 0.910502 0.940971 0.976547 0.982794 0.918556 0.935013 0.992575 0.968236 0.733135 0.786388 0.678790 0.836109 0.984058 0.963841 0.895512 0.907714 0.958513 0.935790 0.742068 0.938181 0.778834 0.920964 0.880044 0.917546 0.968620 0.970479 0.857409 0.926086 0.858274 0.747815 0.996509 0.975999 0.914037 0.942820 0.871408 0.937583 0.812396 0.867175 0.959107 0.862520 0.961749 0.924544 0.931937 0.973016 0.936014 0.818093 0.998936 0.936464 0.912407 0.972143 0.947488 0.861786 0.978979 0.921733 0.970980 0.860853 0.920818 0.984191 0.934421 0.953274
0.987570 0.941201 0.937557 0.856140 0.990733 0.967275 0.943263 0.964522 0.981168 0.954636 0.750976 0.818573 0.807730 0.832258 0.953386 0.967732 0.972691 0.947046 0.937915 0.934020 0.980428 0.910038 0.912309 0.843823 0.877770 0.976104 0.805594 0.854972 0.874818 0.850946 0.956580 0.785540 0.923822 0.826751 0.916930 0.000000 0.930953 0.846461 0.967779 0.927503 0.866135 0.985658 0.981943 0.949451 0.961050 0.951134 0.974703 0.976097 0.942349 0.875790 0.854599 0.812060 0.752534 0.774981 0.790866 0.852268 0.871704 0.826342 0.885175 0.799365 0.844303 0.919458 0.919613 0.953186 0.931913 0.932205 0.761684 0.898467 0.962478 0.796267 0.888665 0.943099 0.968094 0.947468 0.948789 0.877180 0.937523 0.992179 0.946147 0.875619 0.906181 0.827712 0.927189 0.871579 0.951851 0.928384 0.803252 0.914562 0.903435 0.903234 0.845172 0.852014 0.838614 0.760026 0.793524 0.960385 0.978668 0.944757 0.876649 0.822914 0.971759 0.970185 0.926015 0.942105 0.927492 0.832739 0.892309 0.883100 0.899068 0.932250 0.918122 0.998614 0.981025 0.805368 0.953620 0.822687
0.746610 0.943504 0.898925 0.995696 0.923584 0.844649 0.877681 0.799710 0.883399 0.776552 0.913272 0.778122 0.900716 0.814800 0.897212 0.879898 0.862321 0.839441 0.801400 0.911458 0.980339 0.950648 0.884281 0.982718 0.816182 0.934877 0.756209 0.879187 0.909933 0.958069 0.898188 0.919114 0.804476 0.768355 0.946517 0.930953 0.000000 0.855547 0.961020 0.999110 0.892017 0.968908 0.955749 0.851994 0.754720 0.781306 0.918369 0.870106 0.743111 0.849428 0.820914 0.925146 0.914463 0.910733 0.861448 0.991834 0.992981 0.982445 0.951354 0.889514 0.832445 0.699468 0.820613 0.775818 0.850307 0.872728 0.866672 0.867364 0.993964 0.903756 0.932945 0.872296 0.840403 0.889427 0.953661 0.899091 0.916297 0.992995 0.937084 0.912665 0.811840 0.789835 0.983116 0.952982 0.819893 0.814573 0.842985 0.961260 0.926922 0.886754 0.749740 0.857491 0.784384 0.941705 0.977094 0.868961 0.930407 0.981693 0.694656 0.897909 0.950277 0.808729 0.802168 0.977542 0.931449 0.931691 0.964325 0.923712 0.877250 0.967874 0.862950 0.898514 0.770108 0.916391 0.995772 0.917124
0.955609 0.867746 0.945765 0.911886 0.967645 0.928418 0.868167 0.964431 0.954898 0.963226 0.869692 0.980801 0.926429 0.940422 0.951098 0.985371 0.982893 0.933145 0.931251 0.964149 0.804486 0.961519 0.984449 0.903776 0.957066 0.955332 0.846615 0.903948 0.964207 0.998910 0.935878 0.898916 0.993886 0.945794 0.936834 0.846461 0.855547 0.000000 0.977853 0.983357 0.865345 0.931143 0.874072 0.944062 0.969812 0.927273 0.921342 0.997527 0.868747 0.874651 0.800965 0.751664 0.786882 0.834925 0.993889 0.834483 0.865060 0.863763 0.977471 0.866428 0.847834 0.947194 0.907294 0.951370 0.994902 0.848919 0.946216 0.935436 0.850115 0.797764 0.867893 0.953552 0.967046 0.999784 0.906609 0.917465 0.874180 0.814410 0.941891 0.911358 0.987901 0.904972 0.933805 0.971123 0.898842 0.987767 0.903724 0.936198 0.870993 0.971393 0.952496 0.933429 0.970575 0.910192 0.977053 0.904931 0.812955 0.977326 0.985801 0.988609 0.846100 0.877858 0.850624 0.954772 0.993435 0.904621 0.861040 0.960107 0.712433 0.959472 0.969767 0.980137 0.903979 0.993721 0.864447 0.915141
