0.000000 0.394842 0.882877 0.907578 0.572528 0.836193 0.842471 0.613062 0.948592 0.605372 0.418414 0.313652 0.409461 0.495203 0.506300 0.655294 0.419569 0.421261 0.336191 0.357471 0.926872 0.998811 0.409746 0.981141 0.720987 0.601962 0.943765 0.931005 0.387518 0.469790 0.921083 0.851880 0.604215 0.720999 0.865332 0.939061 0.754101 0.879731 0.955425 0.959575 0.819829 0.859210 0.893511 0.967000 0.920353 0.803779 0.731131 0.806910 0.556627 0.659683 0.806102 0.882992 0.915153 0.733209 0.733888 0.894346 0.356917 0.320321 0.479409 0.491357 0.671038 0.562410 0.408840 0.362052 0.778777 0.754080 0.867107 0.780106 0.348133 0.378503 0.873554 0.989405 0.895856 0.917519 0.824911 0.879301 0.891594 0.886945 0.801094 0.710010 0.393167 0.435708 0.604355 0.618441 0.574178 0.935473 0.782269 0.770859 0.648030 0.609881 0.820783 0.776798 0.730998 0.614164 0.964333 0.942123 0.988041 0.949344 0.796810 0.783192 0.948517 0.815113 0.886469 0.773206 0.896467 0.861523 0.935752 0.655858 0.891668 0.888011 0.946133 0.815106 0.670240 0.857639 0.955563 0.818704
0.394842 0.000000 0.598121 0.852037 0.638353 0.690613 0.841846 0.679248 0.886208 0.622206 0.688667 0.359194 0.690202 0.483546 0.547889 0.609108 0.327030 0.295834 0.381388 0.341887 0.791783 0.970005 0.529578 0.937773 0.798022 0.560717 0.897913 0.912145 0.364294 0.359261 0.932060 0.885111 0.778252 0.808468 0.702817 0.892457 0.766406 0.999744 0.939358 0.871360 0.915725 0.798533 0.869720 0.747166 0.696654 0.545503 0.650971 0.629967 0.312807 0.397204 0.601776 0.640853 0.753256 0.894454 0.728479 0.770422 0.277502 0.263155 0.815499 0.724649 0.908752 0.686036 0.637166 0.482170 0.693389 0.672434 0.640668 0.672167 0.545052 0.435926 0.927099 0.757924 0.974306 0.948986 0.864592 0.969488 0.783780 0.962431 0.705093 0.647081 0.387792 0.422897 0.430330 0.567266 0.588660 0.986704 0.892657 0.777868 0.841399 0.783020 0.659523 0.670095 0.629242 0.466675 0.907715 0.912465 0.875685 0.900647 0.902658 0.799929 0.797229 0.707440 0.960178 0.883459 0.924333 0.962827 0.902456 0.672195 0.874123 0.964911 0.949862 0.755411 0.616900 0.784480 0.998803 0.842073
0.882877 0.598121 0.000000 0.422247 0.958839 0.587436 0.431104 0.727887 0.828609 0.890159 0.921303 0.778742 0.829794 0.921585 0.928049 0.979973 0.736040 0.676344 0.968804 0.818778 0.652063 0.821054 0.911939 0.771253 0.625135 0.475217 0.982554 0.962567 0.750620 0.745749 0.621426 0.624773 0.644695 0.726779 0.559270 0.698835 0.914566 0.768262 0.735705 0.966051 0.888922 0.911000 0.823043 0.925459 0.943557 0.935665 0.733989 0.874005 0.637034 0.751800 0.964932 0.954036 0.927318 0.845784 0.783307 0.970161 0.659973 0.618975 0.882881 0.928934 0.604849 0.920898 0.905031 0.829959 0.468826 0.472540 0.382921 0.468593 0.910753 0.848089 0.671702 0.668283 0.683701 0.779081 0.913204 0.971092 0.938393 0.925836 0.981609 0.974911 0.872245 0.960069 0.793243 0.849885 0.894852 0.668703 0.914541 0.960039 0.855887 0.751906 0.685626 0.810419 0.659583 0.656481 0.866882 0.939639 0.673092 0.970604 0.899669 0.823600 0.755635 0.799876 0.856997 0.986118 0.720009 0.757707 0.697490 0.855396 0.871647 0.823178 0.876455 0.990848 0.976744 0.905338 0.928470 0.932674
0.907578 0.852037 0.422247 0.000000 0.973618 0.806525 0.628661 0.622021 0.955808 0.808424 0.945530 0.901688 0.962889 0.784267 0.964592 0.774542 0.891759 0.891538 0.969577 0.964645 0.709674 0.785774 0.859263 0.587517 0.467963 0.407522 0.828249 0.833687 0.860797 0.883795 0.684566 0.623273 0.779316 0.783527 0.586933 0.628614 0.851481 0.781415 0.678360 0.783480 0.785478 0.953518 0.693303 0.763145 0.792763 0.834783 0.584049 0.719969 0.857290 0.984922 0.792534 0.819274 0.762973 0.781997 0.736315 0.925856 0.847421 0.801160 0.913575 0.991137 0.927677 0.852462 0.963596 0.742464 0.420807 0.357493 0.465041 0.468558 0.924357 0.858387 0.736587 0.713446 0.719525 0.821525 0.954989 0.921317 0.750347 0.801573 0.902004 0.854362 0.981703 0.855842 0.927552 0.923870 0.731259 0.456017 0.993973 0.817666 0.964403 0.719444 0.785930 0.974187 0.712607 0.813763 0.858518 0.803197 0.784719 0.874210 0.959709 0.824644 0.827486 0.909768 0.994966 0.882896 0.700433 0.742164 0.747943 0.960429 0.878420 0.979601 0.812920 0.939689 0.830690 0.854409 0.981510 0.916485
0.572528 0.638353 0.958839 0.973618 0.000000 0.883931 0.989526 0.804245 0.952256 0.908291 0.720205 0.648350 0.665788 0.623781 0.695969 0.680856 0.656591 0.728875 0.662501 0.615267 0.997251 0.938035 0.630149 0.708892 0.975738 0.789610 0.722363 0.945264 0.729605 0.766332 0.927069 0.985464 0.876978 0.993765 0.932343 0.898085 0.929541 0.981360 0.888139 0.988445 0.908571 0.937558 0.947417 0.980633 0.943588 0.898797 0.863040 0.915785 0.753790 0.790020 0.934572 0.992201 0.964985 0.738004 0.708223 0.972725 0.616477 0.631776 0.782109 0.809649 0.919850 0.660062 0.811436 0.738704 0.970707 0.983605 0.915465 0.820233 0.676481 0.644206 0.991693 0.828752 0.991056 0.907758 0.967941 0.887767 0.992033 0.817268 0.999742 0.955641 0.686000 0.633282 0.656637 0.675558 0.678438 0.843548 0.734973 0.712965 0.772585 0.666346 0.834034 0.714874 0.773152 0.677031 0.816276 0.999169 0.936917 0.969944 0.977315 0.994605 0.989951 0.824836 0.943118 0.977658 0.974129 0.955432 0.940554 0.736660 0.903124 0.762086 0.909212 0.924085 0.876784 0.909955 0.848810 0.891096
0.836193 0.690613 0.587436 0.806525 0.883931 0.000000 0.590264 0.864152 0.738769 0.970070 0.881393 0.838252 0.842826 0.979036 0.993903 0.948524 0.765595 0.752627 0.859069 0.769681 0.651696 0.945163 0.936657 0.923706 0.881361 0.704146 0.938733 0.862472 0.751175 0.770994 0.799820 0.830366 0.829883 0.861930 0.792054 0.857701 0.939723 0.942078 0.787814 0.861210 0.889893 0.938683 0.991529 0.988196 0.961485 0.860643 0.996073 0.950789 0.731878 0.761901 0.910936 0.890590 0.944580 0.946352 0.991908 0.996379 0.677024 0.675878 0.930063 0.940875 0.678563 0.976410 0.931235 0.920449 0.829062 0.752661 0.618037 0.722532 0.743050 0.823825 0.733868 0.748947 0.960851 0.747973 0.736526 0.881349 0.968143 0.886914 0.944150 0.991089 0.890519 0.881605 0.765742 0.819190 0.919919 0.932735 0.841810 0.972298 0.974517 0.932406 0.744719 0.787153 0.774978 0.722305 0.836529 0.991700 0.837420 0.924727 0.981766 0.899102 0.884723 0.924876 0.832700 0.997361 0.730432 0.922184 0.606520 0.890728 0.971809 0.912204 0.932861 0.957003 0.925103 0.898836 0.886027 0.986591
0.842471 0.841846 0.431104 0.628661 0.989526 0.590264 0.000000 0.456385 0.584988 0.682086 0.705834 0.961135 0.591397 0.791651 0.864794 0.883975 0.974398 0.919587 0.788089 0.998455 0.708654 0.805320 0.703496 0.970756 0.986357 0.757703 0.827681 0.953105 0.879254 0.912219 0.375424 0.498686 0.412724 0.436540 0.651994 0.757731 0.885921 0.823196 0.911177 0.913334 0.964274 0.978320 0.776279 0.803115 0.740837 0.883743 0.723842 0.832662 0.906206 0.958578 0.777144 0.840499 0.819310 0.772974 0.846282 0.996083 0.862616 0.896081 0.567736 0.614894 0.361833 0.823463 0.513104 0.742870 0.836650 0.778877 0.466173 0.521524 0.970902 0.883910 0.565231 0.518329 0.545291 0.553274 0.863799 0.897985 0.763530 0.800385 0.787548 0.892905 0.889578 0.959861 0.844099 0.865255 0.983590 0.970269 0.845301 0.983380 0.798476 0.822750 0.570280 0.672892 0.703777 0.822327 0.803461 0.893778 0.692534 0.798256 0.540121 0.597283 0.645972 0.628058 0.576137 0.688529 0.639857 0.638433 0.759542 0.899889 0.919348 0.815399 0.816503 0.819555 0.807544 0.805704 0.996258 0.983302
0.613062 0.679248 0.727887 0.622021 0.804245 0.864152 0.456385 0.000000 0.804576 0.597897 0.657467 0.570443 0.532167 0.482454 0.700925 0.623399 0.648869 0.711720 0.538586 0.647869 0.934537 0.950855 0.547480 0.921607 0.936108 0.952753 0.984765 0.888431 0.567360 0.621988 0.552258 0.514582 0.459331 0.499816 0.806375 0.929681 0.875760 0.848178 0.988266 0.944288 0.889025 0.876672 0.540641 0.546562 0.454040 0.479166 0.489293 0.562697 0.626061 0.553246 0.459665 0.486115 0.565645 0.717529 0.680122 0.817850 0.717854 0.684969 0.622184 0.533318 0.591752 0.544907 0.459268 0.563564 0.918430 0.829790 0.673792 0.647198 0.820205 0.655374 0.614345 0.658587 0.550955 0.609228 0.851761 0.935112 0.530813 0.766102 0.687055 0.772363 0.658110 0.752307 0.784919 0.955443 0.788513 0.883504 0.936617 0.913569 0.805010 0.701078 0.744816 0.855521 0.815392 0.929503 0.764344 0.755203 0.724242 0.734068 0.506001 0.419281 0.659117 0.770052 0.622330 0.751890 0.623880 0.671795 0.853003 0.982937 0.999763 0.884386 0.661367 0.592244 0.474033 0.631789 0.910232 0.904669
0.948592 0.886208 0.828609 0.955808 0.952256 0.738769 0.584988 0.804576 0.000000 0.691329 0.729223 0.908554 0.683530 0.973651 0.909011 0.969188 0.919016 0.844670 0.954725 0.817869 0.943222 0.971958 0.963296 0.744202 0.777445 0.995762 0.852303 0.947504 0.980824 0.929085 0.877182 0.990842 0.883077 0.861888 0.910487 0.912638 0.868455 0.881259 0.866834 0.909281 0.912917 0.938051 0.962390 0.984758 0.940322 0.979138 0.972235 0.954005 0.953801 0.998464 0.953258 0.971636 0.992718 0.934265 0.992138 0.942582 0.802436 0.887183 0.613966 0.683255 0.469175 0.697721 0.727327 0.791414 0.965813 0.953025 0.751755 0.799561 0.987879 0.846650 0.966831 0.787463 0.903049 0.733639 0.892374 0.873002 0.862966 0.947065 0.992693 0.902902 0.962571 0.811003 0.671757 0.790804 0.882441 0.817580 0.981212 0.828969 0.718291 0.958163 0.723832 0.673857 0.793787 0.726656 0.803103 0.965558 0.984398 0.951326 0.750410 0.771452 0.712713 0.809703 0.678814 0.734986 0.917898 0.911236 0.858595 0.790080 0.915579 0.835281 0.926558 0.832889 0.916164 0.912057 0.880481 0.903249
0.605372 0.622206 0.890159 0.808424 0.908291 0.970070 0.682086 0.597897 0.691329 0.000000 0.610645 0.584842 0.611373 0.746032 0.638983 0.832331 0.626903 0.629041 0.593661 0.697420 0.949679 0.985830 0.614106 0.764859 0.535489 0.619107 0.801539 0.981148 0.499911 0.506589 0.741646 0.743353 0.602187 0.647051 0.728615 0.906914 0.993649 0.869891 0.778896 0.757018 0.961951 0.868745 0.921891 0.844611 0.692759 0.718203 0.812922 0.853189 0.537493 0.663259 0.678495 0.703329 0.768247 0.928943 0.966938 0.940926 0.703551 0.596577 0.572940 0.598399 0.680565 0.830081 0.404588 0.391980 0.544602 0.571068 0.851227 0.827700 0.745639 0.570396 0.862617 0.891701 0.755351 0.784588 0.760016 0.870234 0.755785 0.948958 0.626329 0.655054 0.568509 0.819559 0.856595 0.946107 0.968814 0.646928 0.892636 0.868836 0.813797 0.990460 0.980503 0.904928 0.907619 0.746148 0.993562 0.869773 0.962023 0.890415 0.679993 0.677109 0.938037 0.871571 0.717546 0.687079 0.969779 0.939449 0.904867 0.950594 0.868696 0.939791 0.910033 0.851023 0.751218 0.847728 0.980974 0.850836
0.418414 0.688667 0.921303 0.945530 0.720205 0.881393 0.705834 0.657467 0.729223 0.610645 0.000000 0.549204 0.450216 0.740196 0.711567 0.865199 0.605003 0.661301 0.629965 0.600810 0.950935 0.952783 0.681285 0.866328 0.746312 0.829244 0.968748 0.938521 0.606426 0.675212 0.881941 0.867110 0.588097 0.759030 0.922837 0.976365 0.811061 0.852162 0.988922 0.826178 0.798961 0.834230 0.835691 0.941762 0.937843 0.895862 0.897019 0.943452 0.788294 0.811074 0.908224 0.954015 0.942315 0.800698 0.864269 0.847619 0.663947 0.621558 0.447068 0.480087 0.487318 0.588690 0.444210 0.449297 0.891131 0.894554 0.886565 0.989420 0.560981 0.511158 0.779851 0.842827 0.833181 0.968364 0.745643 0.860975 0.836880 0.980486 0.902027 0.734523 0.569607 0.675459 0.928730 0.846264 0.826462 0.834653 0.987786 0.942970 0.633900 0.728124 0.959011 0.986980 0.989218 0.928337 0.978816 0.964861 0.921105 0.976723 0.757429 0.752394 0.876125 0.971260 0.702737 0.677410 0.799662 0.863425 0.910132 0.912469 0.899312 0.797483 0.942610 0.802640 0.763046 0.909652 0.928290 0.930832
0.313652 0.359194 0.778742 0.901688 0.648350 0.838252 0.961135 0.570443 0.908554 0.584842 0.549204 0.000000 0.413415 0.414126 0.439348 0.531151 0.442809 0.477514 0.435907 0.418176 0.898539 0.919911 0.468382 0.939570 0.698975 0.601253 0.947852 0.914560 0.416437 0.501363 0.980045 0.900675 0.744237 0.842826 0.835447 0.824035 0.810652 0.973181 0.923424 0.974294 0.913640 0.922857 0.989082 0.940650 0.850373 0.699987 0.746396 0.784119 0.454221 0.581987 0.748052 0.776272 0.861254 0.803441 0.758242 0.890725 0.430876 0.365879 0.613766 0.563795 0.758162 0.455329 0.505328 0.422577 0.802913 0.820412 0.781120 0.753775 0.476026 0.460657 0.977558 0.938055 0.940309 0.996910 0.818837 0.956815 0.822850 0.905512 0.775562 0.762698 0.470076 0.545046 0.592406 0.702783 0.578629 0.970300 0.735267 0.762984 0.714305 0.643948 0.804066 0.762056 0.749335 0.600566 0.995781 0.955476 0.928418 0.956626 0.863429 0.751890 0.976551 0.777826 0.945330 0.914994 0.953804 0.937975 0.964256 0.708274 0.862031 0.962927 0.883619 0.746811 0.668983 0.879108 0.941770 0.811208
0.409461 0.690202 0.829794 0.962889 0.665788 0.842826 0.591397 0.532167 0.683530 0.611373 0.450216 0.413415 0.000000 0.455195 0.494835 0.569303 0.705724 0.805477 0.548074 0.620035 0.913437 0.934704 0.471079 0.862954 0.793705 0.787996 0.942147 0.952273 0.614890 0.673779 0.769840 0.742683 0.575331 0.699711 0.995068 0.945409 0.827261 0.931600 0.940697 0.984456 0.926435 0.971673 0.996379 0.974802 0.882467 0.835438 0.742885 0.840319 0.752235 0.834922 0.816380 0.911642 0.889442 0.873618 0.690622 0.941641 0.733633 0.667156 0.500213 0.571127 0.415535 0.489036 0.437649 0.500893 0.963993 0.976108 0.948532 0.978165 0.576013 0.593595 0.776583 0.928293 0.771231 0.897357 0.814935 0.946162 0.860968 0.937173 0.857583 0.901135 0.644358 0.712462 0.796167 0.816905 0.647076 0.999745 0.808712 0.775867 0.548107 0.666100 0.981582 0.905921 0.882537 0.797012 0.938607 0.998417 0.930786 0.949153 0.762981 0.749804 0.835309 0.967623 0.790887 0.888894 0.873749 0.857601 0.825598 0.768174 0.879072 0.758837 0.909172 0.821964 0.798467 0.915931 0.878058 0.880485
0.495203 0.483546 0.921585 0.784267 0.623781 0.979036 0.791651 0.482454 0.973651 0.746032 0.740196 0.414126 0.455195 0.000000 0.439568 0.350415 0.608333 0.611395 0.397700 0.446244 0.912888 0.970569 0.352867 0.582201 0.941029 0.859063 0.889615 0.858882 0.566481 0.539635 0.807055 0.604595 0.641967 0.701387 0.974885 0.984931 0.851069 0.974267 0.815796 0.776727 0.893149 0.978275 0.699020 0.708143 0.697966 0.593928 0.509005 0.604437 0.544817 0.615207 0.603041 0.688842 0.695827 0.987036 0.591433 0.876749 0.595295 0.585036 0.875436 0.812976 0.825223 0.579333 0.645019 0.681796 0.945593 0.902630 0.896087 0.952401 0.661340 0.631126 0.976500 0.889134 0.774461 0.936171 0.843037 0.952107 0.749679 0.992943 0.796119 0.739138 0.568858 0.497124 0.469921 0.675082 0.431910 0.666019 0.856026 0.568600 0.851011 0.648770 0.763919 0.620392 0.724851 0.540234 0.909763 0.901651 0.957220 0.884005 0.938785 0.796971 0.933289 0.784591 0.998787 0.923646 0.913227 0.919418 0.789205 0.701145 0.987078 0.880217 0.950914 0.798818 0.675648 0.823963 0.955072 0.880057
0.506300 0.547889 0.928049 0.964592 0.695969 0.993903 0.864794 0.700925 0.909011 0.638983 0.711567 0.439348 0.494835 0.439568 0.000000 0.495390 0.581069 0.607515 0.496641 0.518799 0.993338 0.970746 0.537951 0.843229 0.890002 0.741085 0.881688 0.932954 0.585777 0.547517 0.845463 0.774049 0.743291 0.731500 0.915816 0.945783 0.815165 0.928119 0.999687 0.974822 0.895422 0.902617 0.894617 0.843516 0.822597 0.727268 0.685096 0.679020 0.599203 0.667960 0.714025 0.765603 0.844146 0.937426 0.722746 0.928969 0.655956 0.610954 0.730684 0.718657 0.780301 0.650470 0.610039 0.596076 0.893581 0.913714 0.831862 0.820278 0.541009 0.632246 0.991985 0.880323 0.847450 0.946190 0.802301 0.985964 0.908413 0.930129 0.735470 0.679570 0.566787 0.587260 0.600910 0.716843 0.586488 0.890295 0.742907 0.726492 0.687816 0.730218 0.721416 0.708154 0.637897 0.582949 0.930682 0.805359 0.971980 0.851948 0.956123 0.822455 0.934924 0.712337 0.950571 0.950298 0.984462 0.960907 0.986290 0.678271 0.854052 0.849825 0.975597 0.806930 0.846859 0.816960 0.899021 0.998260
0.655294 0.609108 0.979973 0.774542 0.680856 0.948524 0.883975 0.623399 0.969188 0.832331 0.865199 0.531151 0.569303 0.350415 0.495390 0.000000 0.754767 0.741131 0.588518 0.644337 0.829099 0.908026 0.450560 0.461331 0.853798 0.949580 0.866429 0.740392 0.722252 0.703901 0.933597 0.742404 0.834358 0.903583 0.936004 0.898818 0.948740 0.886368 0.771876 0.892479 0.919546 0.901670 0.843839 0.832666 0.839619 0.725351 0.644236 0.780186 0.613054 0.755226 0.796652 0.852112 0.918679 0.882182 0.640765 0.899961 0.807551 0.738579 0.975069 0.952875 0.937707 0.614300 0.860137 0.898977 0.887037 0.797426 0.874530 0.906004 0.806204 0.787617 0.912474 0.902816 0.949442 0.971435 0.822701 0.960330 0.905438 0.882421 0.871031 0.773053 0.726530 0.637026 0.530622 0.699308 0.473433 0.555643 0.794242 0.551535 0.881356 0.669783 0.669036 0.657292 0.713574 0.576602 0.991507 0.944079 0.958263 0.863132 0.907612 0.946315 0.890639 0.659569 0.769534 0.707414 0.985331 0.959082 0.830430 0.631455 0.868223 0.980967 0.933391 0.916402 0.899415 0.965220 0.925717 0.912640
0.419569 0.327030 0.736040 0.891759 0.656591 0.765595 0.974398 0.648869 0.919016 0.626903 0.605003 0.442809 0.705724 0.608333 0.581069 0.754767 0.000000 0.298252 0.420348 0.364794 0.808136 0.927384 0.585696 0.960385 0.815494 0.623169 0.913719 0.995971 0.368690 0.352230 0.880098 0.822708 0.714081 0.715887 0.814251 0.869636 0.827703 0.998905 0.871065 0.930771 0.839788 0.852784 0.895381 0.822618 0.719753 0.614626 0.687145 0.684534 0.447436 0.478567 0.628671 0.649547 0.751963 0.963645 0.774348 0.835397 0.320092 0.325604 0.757979 0.619313 0.975048 0.763265 0.524666 0.413463 0.706541 0.703075 0.769958 0.763054 0.571607 0.435037 0.871057 0.942014 0.922638 0.999004 0.802163 0.889101 0.787086 0.986982 0.578389 0.568839 0.327681 0.427907 0.564194 0.603077 0.696021 0.928500 0.911863 0.856349 0.751753 0.806192 0.817499 0.761137 0.720746 0.567146 0.943443 0.954312 0.930076 0.992570 0.870656 0.733906 0.950776 0.790265 0.885303 0.713612 0.984552 0.946758 0.898137 0.686110 0.907345 0.947123 0.946191 0.788629 0.609001 0.734902 0.900296 0.817046
0.421261 0.295834 0.676344 0.891538 0.728875 0.752627 0.919587 0.711720 0.844670 0.629041 0.661301 0.477514 0.805477 0.611395 0.607515 0.741131 0.298252 0.000000 0.376117 0.350268 0.846812 0.996904 0.573754 0.974666 0.835970 0.624248 0.917635 0.970433 0.375812 0.343842 0.953227 0.834809 0.725670 0.707419 0.743051 0.971470 0.767234 0.997600 0.915692 0.936219 0.825987 0.822225 0.907685 0.796024 0.718561 0.605777 0.678355 0.684736 0.425723 0.458189 0.635049 0.651471 0.731482 0.945392 0.807650 0.813923 0.283256 0.288840 0.802818 0.669884 0.913240 0.861077 0.575347 0.459559 0.674060 0.666052 0.727679 0.732766 0.546492 0.467074 0.964667 0.938451 0.952544 0.975314 0.861070 0.891046 0.812903 0.974284 0.613470 0.495526 0.321795 0.387030 0.498230 0.554457 0.684329 0.966028 0.946553 0.817752 0.852328 0.823506 0.759731 0.722799 0.694073 0.524400 0.977679 0.948451 0.886738 0.920482 0.905155 0.818098 0.791177 0.771943 0.973925 0.773930 0.979346 0.960570 0.904493 0.668965 0.910949 0.955507 0.953225 0.819231 0.568388 0.747099 0.997976 0.815264
0.336191 0.381388 0.968804 0.969577 0.662501 0.859069 0.788089 0.538586 0.954725 0.593661 0.629965 0.435907 0.548074 0.397700 0.496641 0.588518 0.420348 0.376117 0.000000 0.315663 0.990726 0.908818 0.341347 0.864769 0.880873 0.669767 0.992763 0.984433 0.376073 0.366879 0.753919 0.656372 0.508829 0.566581 0.936436 0.975120 0.737475 0.891730 0.977911 0.943342 0.975532 0.869480 0.828626 0.795210 0.724609 0.651080 0.554478 0.647612 0.502813 0.580649 0.640228 0.735512 0.778381 0.933265 0.711345 0.959335 0.368091 0.383550 0.666078 0.669055 0.832536 0.767972 0.469355 0.464135 0.802540 0.786804 0.877411 0.828241 0.454607 0.452251 0.872520 0.983606 0.731832 0.936679 0.895043 0.981070 0.831501 0.954287 0.721054 0.621838 0.416497 0.397611 0.491283 0.629203 0.561696 0.916252 0.946087 0.705518 0.769655 0.712603 0.867944 0.777129 0.719464 0.570614 0.942522 0.892143 0.973350 0.835435 0.792208 0.729028 0.937561 0.826170 0.880639 0.791159 0.926378 0.864610 0.985907 0.691907 0.883907 0.939601 0.927199 0.805618 0.601316 0.723594 0.947144 0.868569
0.357471 0.341887 0.818778 0.964645 0.615267 0.769681 0.998455 0.647869 0.817869 0.697420 0.600810 0.418176 0.620035 0.446244 0.518799 0.644337 0.364794 0.350268 0.315663 0.000000 0.848008 0.937243 0.435794 0.872455 0.828735 0.644964 0.975143 0.941116 0.426313 0.382859 0.894103 0.808962 0.658568 0.744677 0.859172 0.961374 0.792501 0.902603 0.971294 0.903051 0.999028 0.767278 0.857507 0.839814 0.754041 0.677310 0.654471 0.663578 0.495708 0.525976 0.663931 0.729817 0.751965 0.919502 0.731325 0.991518 0.297133 0.334798 0.727117 0.673580 0.965040 0.771891 0.591205 0.512598 0.743528 0.733012 0.794104 0.748114 0.441474 0.478554 0.928094 0.900703 0.846249 0.912984 0.838394 0.949103 0.799241 0.975347 0.744315 0.703159 0.439627 0.439668 0.526777 0.610732 0.630992 0.991002 0.915026 0.775050 0.827967 0.702457 0.799529 0.731137 0.741037 0.543663 0.972133 0.938086 0.996007 0.855304 0.869834 0.754366 0.902165 0.805094 0.921845 0.810524 0.928262 0.889920 0.959491 0.781210 0.975591 0.904718 0.866915 0.786489 0.640416 0.740118 0.975029 0.902776
0.926872 0.791783 0.652063 0.709674 0.997251 0.651696 0.708654 0.934537 0.943222 0.949679 0.950935 0.898539 0.913437 0.912888 0.993338 0.829099 0.808136 0.846812 0.990726 0.848008 0.000000 0.897285 0.849302 0.702909 0.676318 0.663470 0.875708 0.985797 0.825204 0.832586 0.742181 0.759283 0.871505 0.883309 0.748433 0.934784 0.943974 0.973030 0.730718 0.808494 0.826328 0.888783 0.989784 0.960558 0.928949 0.907558 0.871069 0.951569 0.812383 0.743635 0.977902 0.911174 0.999043 0.953598 0.909468 0.996912 0.783714 0.743622 0.921970 0.918855 0.893811 0.956802 0.983136 0.823330 0.775292 0.712192 0.806540 0.822062 0.891358 0.869429 0.780562 0.901648 0.774635 0.785320 0.902091 0.762490 0.858266 0.943013 0.982212 0.952567 0.978957 0.917009 0.990378 0.952651 0.878642 0.724369 0.943563 0.717597 0.908162 0.881312 0.935092 0.915475 0.935682 0.993184 0.871777 0.879560 0.931956 0.850196 0.910691 0.829384 0.975468 0.923481 0.857714 0.877934 0.979776 0.863492 0.710958 0.903106 0.868757 0.939975 0.937327 0.799353 0.902117 0.864064 0.938515 0.918869
0.998811 0.970005 0.821054 0.785774 0.938035 0.945163 0.805320 0.950855 0.971958 0.985830 0.952783 0.919911 0.934704 0.970569 0.970746 0.908026 0.927384 0.996904 0.908818 0.937243 0.897285 0.000000 0.995202 0.945947 0.915500 0.835096 0.829114 0.968226 0.963068 0.889958 0.709512 0.869771 0.727127 0.785813 0.869232 0.694890 0.767285 0.750273 0.876677 0.952197 0.932867 0.851429 0.899775 0.910346 0.874679 0.969865 0.859867 0.840881 0.899467 0.959972 0.817928 0.887941 0.853534 0.819261 0.916597 0.885094 0.993954 0.942526 0.887426 0.985183 0.944564 0.886688 0.889576 0.971811 0.983133 0.989573 0.802866 0.918216 0.921597 0.998921 0.831804 0.919862 0.923708 0.815156 0.910060 0.989195 0.907710 0.799062 0.845249 0.951472 0.919552 0.926801 0.956803 0.994035 0.943197 0.968408 0.960397 0.869203 0.999246 0.952737 0.750121 0.890636 0.861750 0.911430 0.862600 0.922291 0.939764 0.841051 0.848042 0.897648 0.839229 0.879789 0.688427 0.798806 0.893874 0.846248 0.960040 0.808887 0.997184 0.829050 0.859491 0.911033 0.942841 0.866403 0.978508 0.806558
0.409746 0.529578 0.911939 0.859263 0.630149 0.936657 0.703496 0.547480 0.963296 0.614106 0.681285 0.468382 0.471079 0.352867 0.537951 0.450560 0.585696 0.573754 0.341347 0.435794 0.849302 0.995202 0.000000 0.629146 0.916549 0.789505 0.939825 0.925344 0.511586 0.493860 0.703163 0.589192 0.581420 0.659142 0.930400 0.954095 0.870824 0.918587 0.958742 0.983718 0.955448 0.948360 0.926316 0.930355 0.844653 0.806935 0.651374 0.835145 0.600708 0.782611 0.788233 0.882330 0.878262 0.884220 0.749483 0.914001 0.546576 0.523881 0.758141 0.750143 0.778852 0.778909 0.548814 0.594925 0.874640 0.895790 0.872411 0.824183 0.564940 0.598077 0.833924 0.974384 0.744749 0.939852 0.864145 0.942547 0.912459 0.890912 0.779892 0.673879 0.516101 0.476683 0.524193 0.653088 0.527467 0.824006 0.901400 0.625797 0.876896 0.719382 0.824538 0.756850 0.736496 0.516325 0.980798 0.944301 0.968553 0.961405 0.885581 0.879905 0.881224 0.807885 0.947298 0.968059 0.971569 0.901038 0.888377 0.652816 0.939552 0.920819 0.960580 0.970067 0.713779 0.924377 0.848479 0.830965
0.981141 0.937773 0.771253 0.587517 0.708892 0.923706 0.970756 0.921607 0.744202 0.764859 0.866328 0.939570 0.862954 0.582201 0.843229 0.461331 0.960385 0.974666 0.864769 0.872455 0.702909 0.945947 0.629146 0.000000 0.530038 0.726970 0.687609 0.731103 0.884608 0.967988 0.970663 0.793321 0.980457 0.931042 0.843157 0.955869 0.974291 0.844101 0.579121 0.773283 0.792483 0.726876 0.904408 0.948951 0.989730 0.958755 0.742387 0.963866 0.957247 0.954344 0.976255 0.895778 0.945128 0.871909 0.715706 0.993232 0.977515 0.951150 0.748804 0.736669 0.850840 0.948380 0.792902 0.687005 0.639575 0.625499 0.973431 0.963133 0.996710 0.919436 0.917555 0.854784 0.997974 0.844945 0.952952 0.986512 0.993839 0.814733 0.942408 0.931455 0.981242 0.754170 0.678286 0.646019 0.513956 0.379461 0.861800 0.454380 0.969780 0.745042 0.770523 0.646718 0.815891 0.752085 0.922709 0.953323 0.958136 0.990473 0.739265 0.816310 0.739939 0.748731 0.610938 0.541455 0.963558 0.962629 0.715790 0.761891 0.863250 0.973870 0.885372 0.904395 0.919052 0.830178 0.818865 0.986050
0.720987 0.798022 0.625135 0.467963 0.975738 0.881361 0.986357 0.936108 0.777445 0.535489 0.746312 0.698975 0.793705 0.941029 0.890002 0.853798 0.815494 0.835970 0.880873 0.828735 0.676318 0.915500 0.916549 0.530038 0.000000 0.426669 0.744224 0.868029 0.627424 0.726908 0.955238 0.848386 0.967900 0.997214 0.619126 0.703423 0.974047 0.883018 0.575766 0.641719 0.798777 0.849330 0.818159 0.855753 0.941954 0.939210 0.719453 0.834531 0.778188 0.895405 0.973110 0.985293 0.937112 0.945776 0.720374 0.801957 0.777742 0.675651 0.635141 0.672384 0.767984 0.931464 0.665826 0.513619 0.416834 0.402591 0.703520 0.673635 0.806310 0.694908 0.998675 0.989972 0.974688 0.987890 0.961071 0.944255 0.965688 0.972638 0.917783 0.931041 0.899419 0.876415 0.902710 0.873583 0.668608 0.351854 0.943343 0.721568 0.910881 0.797739 0.958633 0.769872 0.932536 0.935076 0.959025 0.934264 0.949858 0.983712 0.726818 0.844511 0.939368 0.844415 0.750624 0.676976 0.904616 0.977034 0.753349 0.886656 0.856553 0.886170 0.893748 0.827721 0.925112 0.987096 0.959740 0.851967
0.601962 0.560717 0.475217 0.407522 0.789610 0.704146 0.757703 0.952753 0.995762 0.619107 0.829244 0.601253 0.787996 0.859063 0.741085 0.949580 0.623169 0.624248 0.669767 0.644964 0.663470 0.835096 0.789505 0.726970 0.426669 0.000000 0.931860 0.884266 0.580921 0.601764 0.767496 0.829491 0.940691 0.911257 0.518188 0.674203 0.969238 0.799372 0.645492 0.797200 0.919106 0.954707 0.785396 0.839888 0.914408 0.998277 0.825948 0.919608 0.650985 0.806683 0.964836 0.968511 0.920466 0.778480 0.867867 0.857392 0.559054 0.482979 0.806472 0.793137 0.995737 0.934290 0.740999 0.517504 0.387833 0.364760 0.439695 0.436137 0.728151 0.678749 0.840394 0.799428 0.861567 0.796123 0.987237 0.925433 0.952294 0.863389 0.908911 0.984363 0.714469 0.865803 0.808534 0.887854 0.930333 0.543098 0.930497 0.964271 0.920210 0.878394 0.726688 0.844143 0.657601 0.615948 0.787153 0.921551 0.757631 0.940730 0.948233 0.959609 0.902294 0.803105 0.994157 0.840648 0.737548 0.871040 0.745236 0.821998 0.841817 0.975025 0.881846 0.983258 0.959248 0.932597 0.974997 0.910525
0.943765 0.897913 0.982554 0.828249 0.722363 0.938733 0.827681 0.984765 0.852303 0.801539 0.968748 0.947852 0.942147 0.889615 0.881688 0.866429 0.913719 0.917635 0.992763 0.975143 0.875708 0.829114 0.939825 0.687609 0.744224 0.931860 0.000000 0.833604 0.945971 0.924466 0.789418 0.822970 0.856163 0.816500 0.949991 0.946530 0.903217 0.992011 0.816263 0.762645 0.994495 0.885400 0.894347 0.869919 0.933226 0.978864 0.982218 0.948317 0.844196 0.896779 0.939390 0.900430 0.911820 0.772972 0.841948 0.880960 0.902544 0.922416 0.868709 0.927632 0.788505 0.868530 0.833487 0.845132 0.817231 0.808191 0.941678 0.916446 0.956341 0.954285 0.821181 0.786346 0.803996 0.789645 0.998851 0.877983 0.956171 0.758674 0.948712 0.967634 0.939280 0.808361 0.782788 0.727805 0.711870 0.660486 0.809788 0.710781 0.927166 0.833291 0.818214 0.759970 0.887025 0.959513 0.842835 0.859555 0.855720 0.921629 0.761872 0.815423 0.867340 0.844254 0.609293 0.728506 0.909787 0.821562 0.800074 0.876235 0.718791 0.943065 0.848643 0.808723 0.955754 0.805026 0.932846 0.942699
0.931005 0.912145 0.962567 0.833687 0.945264 0.862472 0.953105 0.888431 0.947504 0.981148 0.938521 0.914560 0.952273 0.858882 0.932954 0.740392 0.995971 0.970433 0.984433 0.941116 0.985797 0.968226 0.925344 0.731103 0.868029 0.884266 0.833604 0.000000 0.923930 0.972400 0.958010 0.961770 0.959726 0.906005 0.922039 0.956437 0.953201 0.955117 0.778837 0.945451 0.864606 0.826308 0.907133 0.911703 0.875502 0.892160 0.838860 0.997918 0.840465 0.951514 0.945962 0.994196 0.958149 0.950827 0.942710 0.982063 0.952599 0.958031 0.932219 0.816787 0.900459 0.926645 0.909699 0.845410 0.923516 0.876451 0.941777 0.943035 0.970491 0.979140 0.931033 0.871096 0.989613 0.956320 0.798725 0.968084 0.827692 0.838607 0.999280 0.934075 0.960440 0.995197 0.887274 0.904050 0.892607 0.805662 0.923955 0.993889 0.962417 0.889934 0.975162 0.882781 0.993546 0.910953 0.820520 0.968691 0.963994 0.775842 0.961977 0.922593 0.919107 0.886235 0.856475 0.821866 0.974032 0.843439 0.828919 0.952537 0.959655 0.905777 0.886275 0.858459 0.992876 0.952941 0.897090 0.857761
0.387518 0.364294 0.750620 0.860797 0.729605 0.751175 0.879254 0.567360 0.980824 0.499911 0.606426 0.416437 0.614890 0.566481 0.585777 0.722252 0.368690 0.375812 0.376073 0.426313 0.825204 0.963068 0.511586 0.884608 0.627424 0.580921 0.945971 0.923930 0.000000 0.318338 0.765241 0.769809 0.608266 0.587474 0.772073 0.888199 0.736852 0.950690 0.842694 0.967912 0.832198 0.834693 0.890986 0.773098 0.730782 0.633315 0.752156 0.704802 0.455542 0.515677 0.624412 0.643492 0.763602 0.996553 0.805798 0.827454 0.405654 0.347754 0.605007 0.556831 0.837075 0.732717 0.438428 0.347944 0.603719 0.627419 0.760679 0.780243 0.536008 0.381695 0.902731 0.964743 0.799301 0.896544 0.915063 0.943278 0.781650 0.940947 0.591181 0.621347 0.379437 0.495019 0.579368 0.674248 0.762717 0.857595 0.999993 0.879067 0.796969 0.865174 0.833462 0.845865 0.690422 0.554001 0.974414 0.873763 0.934297 0.889619 0.741684 0.725946 0.937045 0.977609 0.806121 0.728925 0.991772 0.935676 0.888614 0.773824 0.804016 0.984791 0.911280 0.763941 0.573422 0.780926 0.972250 0.723689
0.469790 0.359261 0.745749 0.883795 0.766332 0.770994 0.912219 0.621988 0.929085 0.506589 0.675212 0.501363 0.673779 0.539635 0.547517 0.703901 0.352230 0.343842 0.366879 0.382859 0.832586 0.889958 0.493860 0.967988 0.726908 0.601764 0.924466 0.972400 0.318338 0.000000 0.728046 0.671256 0.597153 0.567792 0.687524 0.946505 0.825399 0.962484 0.900458 0.958916 0.926287 0.854891 0.850051 0.741486 0.689139 0.644593 0.704715 0.731885 0.477746 0.558939 0.594987 0.638107 0.711211 0.930202 0.836777 0.942783 0.421876 0.400763 0.799971 0.715956 0.935757 0.901287 0.475306 0.406329 0.564088 0.602645 0.691268 0.729632 0.617744 0.465454 0.913911 0.922373 0.794760 0.884590 0.878673 0.993921 0.816010 0.899837 0.470547 0.515221 0.358516 0.456647 0.527971 0.653406 0.792272 0.868775 0.961129 0.864995 0.870618 0.976079 0.752880 0.791475 0.598261 0.463037 0.950838 0.967596 0.909310 0.901519 0.831656 0.800216 0.918572 0.893054 0.851953 0.723726 0.925655 0.933561 0.881852 0.777935 0.891580 0.928721 0.965746 0.799852 0.571555 0.720731 0.985675 0.817673
0.921083 0.932060 0.621426 0.684566 0.927069 0.799820 0.375424 0.552258 0.877182 0.741646 0.881941 0.980045 0.769840 0.807055 0.845463 0.933597 0.880098 0.953227 0.753919 0.894103 0.742181 0.709512 0.703163 0.970663 0.955238 0.767496 0.789418 0.958010 0.765241 0.728046 0.000000 0.398664 0.433913 0.345755 0.721648 0.762995 0.917266 0.900414 0.937457 0.969659 0.940935 0.955518 0.611686 0.667000 0.622218 0.747591 0.675621 0.752656 0.975179 0.938231 0.606524 0.644025 0.660357 0.570581 0.858488 0.951467 0.949763 0.942580 0.789293 0.813968 0.656997 0.907103 0.551122 0.776358 0.997875 0.940421 0.685841 0.660755 0.983653 0.926856 0.520842 0.611090 0.463165 0.526165 0.948057 0.886566 0.805087 0.666058 0.675187 0.746918 0.797094 0.883572 0.963255 0.969361 0.993954 0.985386 0.768914 0.959597 0.933872 0.963456 0.672716 0.791854 0.866289 0.950068 0.817545 0.962730 0.799112 0.824505 0.586894 0.652576 0.790497 0.635515 0.599970 0.664683 0.780104 0.705348 0.860943 0.911783 0.927083 0.914356 0.745462 0.829916 0.711819 0.742662 0.877391 0.912231
0.851880 0.885111 0.624773 0.623273 0.985464 0.830366 0.498686 0.514582 0.990842 0.743353 0.867110 0.900675 0.742683 0.604595 0.774049 0.742404 0.822708 0.834809 0.656372 0.808962 0.759283 0.869771 0.589192 0.793321 0.848386 0.829491 0.822970 0.961770 0.769809 0.671256 0.398664 0.000000 0.488341 0.433015 0.819578 0.786889 0.844790 0.975161 0.920102 0.904128 0.834787 0.981495 0.597924 0.589045 0.627389 0.688333 0.505108 0.691806 0.892092 0.890274 0.583465 0.622559 0.599493 0.657326 0.728563 0.942667 0.934264 0.946428 0.925645 0.888902 0.755452 0.949648 0.589333 0.772756 0.924986 0.871981 0.793325 0.725925 0.987943 0.869106 0.630536 0.758067 0.548527 0.557091 0.947073 0.896146 0.836477 0.757376 0.626931 0.676767 0.665896 0.701023 0.774834 0.903091 0.806767 0.816076 0.808842 0.821756 0.979807 0.923691 0.874336 0.979413 0.999504 0.803188 0.900807 0.932251 0.830569 0.892568 0.752064 0.724370 0.912416 0.820622 0.741440 0.833454 0.840705 0.698931 0.739226 0.928501 0.997078 0.891856 0.827100 0.755778 0.625462 0.788144 0.841987 0.893807
0.604215 0.778252 0.644695 0.779316 0.876978 0.829883 0.412724 0.459331 0.883077 0.602187 0.588097 0.744237 0.575331 0.641967 0.743291 0.834358 0.714081 0.725670 0.508829 0.658568 0.871505 0.727127 0.581420 0.980457 0.967900 0.940691 0.856163 0.959726 0.608266 0.597153 0.433913 0.488341 0.000000 0.322576 0.832688 0.722812 0.758138 0.817524 0.859807 0.996543 0.957075 0.907588 0.696976 0.670245 0.594096 0.644086 0.520495 0.656997 0.764636 0.777970 0.572638 0.666371 0.671514 0.825185 0.681632 0.870391 0.767011 0.750314 0.548772 0.609392 0.551129 0.830825 0.379725 0.530864 0.972830 0.998450 0.685919 0.706551 0.729068 0.633366 0.636028 0.747784 0.602077 0.636853 0.818888 0.987720 0.738431 0.827379 0.692640 0.722360 0.606581 0.656542 0.850838 0.913598 0.774951 0.984553 0.854012 0.918455 0.731079 0.730631 0.796070 0.881379 0.949804 0.882294 0.928216 0.995773 0.769317 0.747726 0.541344 0.565862 0.852857 0.783192 0.599263 0.643110 0.691755 0.670766 0.903908 0.990617 0.943274 0.842906 0.767739 0.704902 0.567231 0.687405 0.894319 0.928141
0.720999 0.808468 0.726779 0.783527 0.993765 0.861930 0.436540 0.499816 0.861888 0.647051 0.759030 0.842826 0.699711 0.701387 0.731500 0.903583 0.715887 0.707419 0.566581 0.744677 0.883309 0.785813 0.659142 0.931042 0.997214 0.911257 0.816500 0.906005 0.587474 0.567792 0.345755 0.433015 0.322576 0.000000 0.860427 0.733197 0.744220 0.844581 0.941009 0.924979 0.954059 0.935930 0.615067 0.576727 0.558750 0.613797 0.554986 0.584820 0.787648 0.718786 0.518163 0.564148 0.634766 0.694615 0.728522 0.818385 0.807790 0.801868 0.661107 0.657876 0.634753 0.936360 0.439563 0.577639 0.991153 0.979430 0.737536 0.683541 0.837180 0.719451 0.648633 0.751905 0.599364 0.567450 0.895475 0.914426 0.766354 0.694751 0.591243 0.668549 0.598072 0.672833 0.799342 0.880727 0.828629 0.970313 0.803655 0.881177 0.826436 0.888134 0.822898 0.910567 0.987605 0.863365 0.819998 0.958009 0.914776 0.759228 0.572601 0.618276 0.859531 0.777414 0.572502 0.648849 0.775239 0.666314 0.861217 0.920781 0.967698 0.886805 0.815526 0.715577 0.524246 0.661940 0.850117 0.818773
0.865332 0.702817 0.559270 0.586933 0.932343 0.792054 0.651994 0.806375 0.910487 0.728615 0.922837 0.835447 0.995068 0.974885 0.915816 0.936004 0.814251 0.743051 0.936436 0.859172 0.748433 0.869232 0.930400 0.843157 0.619126 0.518188 0.949991 0.922039 0.772073 0.687524 0.721648 0.819578 0.832688 0.860427 0.000000 0.808367 0.883006 0.766942 0.867582 0.875879 0.881476 0.894899 0.732088 0.829628 0.838824 0.925893 0.743850 0.820003 0.718879 0.888258 0.904684 0.935746 0.895309 0.785655 0.817075 0.978309 0.815953 0.731920 0.905767 0.941195 0.805872 0.939126 0.996272 0.804426 0.554809 0.552283 0.393104 0.427927 0.918753 0.782844 0.720126 0.721903 0.794857 0.847810 0.890562 0.987985 0.791796 0.903064 0.894157 0.837800 0.812897 0.863342 0.805387 0.839710 0.953763 0.756914 0.990453 0.908577 0.906605 0.775579 0.529875 0.730508 0.572693 0.652436 0.787801 0.867329 0.684997 0.770350 0.750586 0.724644 0.676829 0.771009 0.786861 0.892025 0.566984 0.699594 0.875175 0.801875 0.932471 0.973722 0.801610 0.767800 0.980148 0.831522 0.903452 0.887952
0.939061 0.892457 0.698835 0.628614 0.898085 0.857701 0.757731 0.929681 0.912638 0.906914 0.976365 0.824035 0.945409 0.984931 0.945783 0.898818 0.869636 0.971470 0.975120 0.961374 0.934784 0.694890 0.954095 0.955869 0.703423 0.674203 0.946530 0.956437 0.888199 0.946505 0.762995 0.786889 0.722812 0.733197 0.808367 0.000000 0.844953 0.618421 0.759236 0.919992 0.998078 0.951852 0.848481 0.868851 0.852557 0.948197 0.810770 0.862491 0.903556 0.977748 0.884856 0.918761 0.811431 0.844977 0.974198 0.981619 0.888968 0.875672 0.998200 0.987279 0.955100 0.912241 0.972937 0.904364 0.748162 0.753989 0.659078 0.691316 0.958439 0.927770 0.842024 0.899286 0.880836 0.781575 0.985055 0.781643 0.877908 0.740867 0.916947 0.886213 0.991742 0.881980 0.973999 0.927887 0.956255 0.838494 0.866469 0.936678 0.951822 0.857585 0.831258 0.935188 0.813816 0.803667 0.895304 0.997398 0.897806 0.811798 0.866660 0.846558 0.977190 0.795410 0.880091 0.861869 0.836268 0.876236 0.765327 0.876211 0.884370 0.979300 0.954552 0.988031 0.799469 0.859657 0.984450 0.864409
0.754101 0.766406 0.914566 0.851481 0.929541 0.939723 0.885921 0.875760 0.868455 0.993649 0.811061 0.810652 0.827261 0.851069 0.815165 0.948740 0.827703 0.767234 0.737475 0.792501 0.943974 0.767285 0.870824 0.974291 0.974047 0.969238 0.903217 0.953201 0.736852 0.825399 0.917266 0.844790 0.758138 0.744220 0.883006 0.844953 0.000000 0.749847 0.938533 0.831334 0.843528 0.903275 0.914235 0.779034 0.891843 0.822310 0.731793 0.686691 0.872881 0.834882 0.793993 0.834972 0.888880 0.946397 0.768863 0.934139 0.772639 0.823935 0.775537 0.858956 0.898143 0.848535 0.816707 0.861901 0.880521 0.977939 0.868035 0.921018 0.668042 0.670377 0.986998 0.951344 0.997857 0.884690 0.949633 0.803557 0.922916 0.972678 0.865782 0.938342 0.838126 0.749943 0.953142 0.900362 0.737670 0.878702 0.867277 0.876276 0.734389 0.697981 0.971791 0.968919 0.950263 0.964918 0.928325 0.875683 0.980880 0.848055 0.820471 0.813803 0.930616 0.951080 0.777773 0.791629 0.985198 0.831986 0.896708 0.951711 0.850534 0.780894 0.785259 0.719029 0.841163 0.799683 0.813069 0.982427
0.879731 0.999744 0.768262 0.781415 0.981360 0.942078 0.823196 0.848178 0.881259 0.869891 0.852162 0.973181 0.931600 0.974267 0.928119 0.886368 0.998905 0.997600 0.891730 0.902603 0.973030 0.750273 0.918587 0.844101 0.883018 0.799372 0.992011 0.955117 0.950690 0.962484 0.900414 0.975161 0.817524 0.844581 0.766942 0.618421 0.749847 0.000000 0.864892 0.875553 0.942982 0.722890 0.875261 0.900418 0.905298 0.952573 0.860796 0.793086 0.896690 0.932089 0.875411 0.906163 0.879577 0.887610 0.906561 0.977352 0.929573 0.953516 0.865351 0.910187 0.848212 0.853037 0.880064 0.991886 0.791141 0.792577 0.685742 0.747085 0.788073 0.965413 0.789795 0.858222 0.787018 0.808181 0.945846 0.969321 0.992846 0.810789 0.944408 0.973741 0.975439 0.950391 0.811219 0.808287 0.972973 0.957467 0.989197 0.790521 0.886653 0.826659 0.780842 0.804967 0.768602 0.674755 0.989117 0.778643 0.792936 0.788733 0.818775 0.736184 0.726670 0.892326 0.724243 0.761600 0.846645 0.934891 0.958490 0.892326 0.988924 0.872359 0.854952 0.791867 0.817321 0.649116 0.913686 0.968794
