0.000000 0.301165 0.801149 0.750581 0.978738 0.891445 0.710738 0.755656 0.887633 0.762854 0.414025 0.468381 0.504743 0.422690 0.774752 0.750444 0.417061 0.297266 0.402723 0.360316 0.740293 0.804525 0.991667 0.742215 0.858720 0.949274 0.914358 0.966289 0.761502 0.682093 0.704845 0.982914 0.651396 0.642500 0.855358 0.729450 0.858554 0.716729 0.865938 0.785719 0.856962 0.853200 0.820046 0.743719 0.844537 0.797047 0.604239 0.763701 0.795333 0.738404 0.875253 0.791676 0.980407 0.672260 0.527363 0.656501 0.292370 0.317581 0.510226 0.556717 0.715322 0.959613 0.571290 0.624753 0.820708 0.748866 0.720079 0.773787 0.389428 0.531516 0.991148 0.848826 0.790856 0.991647 0.768089 0.798379 0.877186 0.863518 0.787498 0.599052 0.318093 0.272385 0.576685 0.380184 0.531600 0.569622 0.646124 0.687632 0.676921 0.550174 0.782824 0.909291 0.710911 0.842566 0.821236 0.996642 0.720821 0.848930 0.747121 0.843403 0.927150 0.878307 0.847797 0.794756 0.928890 0.934501 0.915731 0.866323 0.945879 0.950455 0.890232 0.922378 0.952906 0.903630 0.978216 0.924604
0.301165 0.000000 0.701099 0.632367 0.893072 0.880774 0.662790 0.720315 0.938389 0.790182 0.559823 0.505131 0.457040 0.399559 0.664731 0.614238 0.427028 0.315374 0.432797 0.339006 0.737135 0.755724 0.811466 0.636793 0.767939 0.876493 0.863180 0.993151 0.732547 0.659951 0.763756 0.955438 0.628727 0.636346 0.834791 0.826219 0.880843 0.684510 0.818129 0.757664 0.869467 0.864392 0.734287 0.680269 0.782242 0.740697 0.545173 0.679952 0.742991 0.645996 0.749684 0.652986 0.877899 0.743294 0.534852 0.679788 0.257239 0.219509 0.465643 0.436829 0.634687 0.863028 0.544486 0.559341 0.725285 0.671996 0.655654 0.712414 0.475749 0.515574 0.974529 0.898168 0.823599 0.917087 0.809971 0.947208 0.846322 0.967638 0.672670 0.635619 0.331940 0.304624 0.513811 0.417987 0.429691 0.477271 0.647245 0.567856 0.643565 0.514077 0.803682 0.914237 0.664317 0.866641 0.739532 0.979512 0.697695 0.858969 0.757104 0.829173 0.929401 0.922317 0.860774 0.822453 0.828865 0.811931 0.987552 0.931800 0.897986 0.911638 0.784188 0.856301 0.933780 0.867484 0.822620 0.968757
0.801149 0.701099 0.000000 0.273454 0.625843 0.778101 0.340329 0.411296 0.552101 0.947983 0.957000 0.789874 0.551110 0.745982 0.607835 0.656133 0.985774 0.999479 0.751370 0.748694 0.694665 0.937827 0.419268 0.498075 0.443533 0.432959 0.848707 0.939392 0.941038 0.871419 0.700838 0.787234 0.550817 0.657075 0.664257 0.774054 0.551815 0.665009 0.805374 0.934555 0.875559 0.845811 0.743951 0.755078 0.717916 0.798464 0.727937 0.825834 0.960480 0.989775 0.954618 0.904946 0.889493 0.964594 0.649160 0.889155 0.822714 0.809530 0.731993 0.822463 0.330308 0.433898 0.930992 0.926826 0.300849 0.267826 0.456842 0.485137 0.751239 0.904527 0.612555 0.600749 0.740794 0.721401 0.931632 0.814488 0.819826 0.702232 0.964873 0.931493 0.941260 0.867745 0.910755 0.885601 0.460163 0.401088 0.812477 0.878367 0.728315 0.672213 0.621792 0.937001 0.567226 0.790394 0.783464 0.926519 0.746310 0.918112 0.773746 0.762144 0.754723 0.951254 0.933303 0.967310 0.589802 0.746810 0.872191 0.882510 0.653799 0.852432 0.809347 0.779690 0.911406 0.931277 0.800973 0.889995
0.750581 0.632367 0.273454 0.000000 0.591487 0.784945 0.390131 0.417672 0.633175 0.975056 0.939426 0.692988 0.525827 0.636792 0.560468 0.584098 0.979141 0.857925 0.626900 0.619005 0.709771 0.896154 0.369727 0.397085 0.499681 0.540520 0.745895 0.951751 0.936076 0.943979 0.834425 0.765165 0.600207 0.678722 0.658887 0.727165 0.659842 0.681870 0.802280 0.896926 0.967228 0.814589 0.751644 0.764591 0.723275 0.781288 0.733150 0.794374 0.973990 0.946509 0.950236 0.898701 0.901386 0.929458 0.647211 0.857769 0.760725 0.725713 0.719458 0.797158 0.409669 0.520368 0.979955 0.879865 0.320113 0.333988 0.424948 0.513142 0.757993 0.947937 0.609887 0.631636 0.809767 0.768319 0.977056 0.817475 0.792062 0.753931 0.876769 0.870783 0.823001 0.787829 0.874694 0.817172 0.407566 0.392557 0.721516 0.798812 0.689080 0.630150 0.566858 0.873336 0.497295 0.710511 0.768943 0.843495 0.680408 0.855055 0.719052 0.695776 0.782525 0.913755 0.976260 0.976763 0.561609 0.637316 0.884892 0.822444 0.646299 0.805929 0.799864 0.721179 0.911299 0.951301 0.781787 0.845692
0.978738 0.893072 0.625843 0.591487 0.000000 0.962907 0.740790 0.764205 0.798099 0.955706 0.928725 0.905739 0.718369 0.953554 0.738007 0.824891 0.893379 0.943960 0.955085 0.910018 0.842655 0.949722 0.542585 0.593668 0.596438 0.628162 0.642517 0.945715 0.882042 0.852635 0.835886 0.954793 0.875142 0.951380 0.878933 0.804949 0.802682 0.879623 0.965593 0.986139 0.992403 0.947235 0.969285 0.988963 0.980814 0.953361 0.976195 0.982862 0.852037 0.895299 0.921269 0.952039 0.921763 0.931272 0.936618 0.964835 0.984275 0.922141 0.958747 0.940462 0.742694 0.783761 0.926649 0.993537 0.573129 0.661346 0.783796 0.794753 0.854641 0.868488 0.799423 0.893501 0.844576 0.934471 0.953965 0.928964 0.956557 0.963894 0.910992 0.906290 0.963728 0.968295 0.876266 0.961049 0.691682 0.669006 0.912573 0.807885 0.986510 0.834298 0.897216 0.988010 0.753573 0.925486 0.888994 0.979395 0.959793 0.913587 0.949804 0.992139 0.917714 0.974564 0.925140 0.853158 0.879669 0.792628 0.911424 0.881962 0.941706 0.931791 0.874074 0.929921 0.912665 0.781608 0.986591 0.914945
0.891445 0.880774 0.778101 0.784945 0.962907 0.000000 0.585546 0.556422 0.837433 0.694871 0.708717 0.748411 0.988911 0.892763 0.989649 0.941648 0.981821 0.936824 0.770720 0.843273 0.872620 0.975998 0.991273 0.960513 0.957431 0.834713 0.848792 0.994599 0.821885 0.762630 0.891909 0.784307 0.679853 0.541967 0.876286 0.757276 0.888924 0.918429 0.903568 0.919501 0.931489 0.807006 0.643123 0.694295 0.623781 0.692723 0.741328 0.747910 0.725175 0.897496 0.867178 0.961022 0.903263 0.897110 0.811955 0.814968 0.904826 0.969419 0.732483 0.753298 0.679917 0.645733 0.950178 0.878076 0.916896 0.681627 0.577934 0.581434 0.997866 0.989793 0.717709 0.810825 0.829192 0.805789 0.881559 0.995501 0.847277 0.803392 0.923835 0.893966 0.861763 0.884382 0.887231 0.926309 0.933667 0.881733 0.941022 0.980647 0.954335 0.926998 0.691453 0.852340 0.704579 0.918024 0.916693 0.858921 0.637740 0.774209 0.577556 0.583526 0.692480 0.810438 0.860446 0.779245 0.719944 0.683458 0.997326 0.792389 0.960257 0.741080 0.814975 0.676478 0.693128 0.873250 0.852272 0.881291
0.710738 0.662790 0.340329 0.390131 0.740790 0.585546 0.000000 0.241317 0.528461 0.673197 0.732651 0.681691 0.614012 0.691598 0.628460 0.700348 0.783608 0.843260 0.530446 0.614630 0.873429 0.920115 0.593524 0.709613 0.749795 0.564917 0.956563 0.956958 0.780097 0.890006 0.666645 0.560713 0.345835 0.401793 0.637255 0.768514 0.566293 0.712943 0.835238 0.976173 0.925643 0.770643 0.405719 0.438541 0.431421 0.481313 0.470813 0.515823 0.712128 0.716914 0.695822 0.669490 0.633954 0.860188 0.548978 0.647538 0.715775 0.748988 0.506749 0.652305 0.310297 0.394730 0.799159 0.681198 0.532574 0.357708 0.292131 0.292954 0.809339 0.925365 0.467101 0.569704 0.707815 0.691324 0.984522 0.780870 0.603526 0.632207 0.737854 0.774760 0.721032 0.752207 0.855156 0.798666 0.574388 0.564149 0.899458 0.881861 0.796467 0.788224 0.431923 0.750953 0.487651 0.757776 0.695343 0.811044 0.502149 0.749322 0.458356 0.422089 0.551344 0.725775 0.749056 0.751417 0.431454 0.582785 0.822690 0.692794 0.617341 0.712728 0.672512 0.560726 0.618133 0.844723 0.719791 0.872633
0.755656 0.720315 0.411296 0.417672 0.764205 0.556422 0.241317 0.000000 0.533269 0.602544 0.735618 0.640826 0.693565 0.683705 0.759251 0.725298 0.868656 0.919990 0.558412 0.611344 0.868511 0.914392 0.714946 0.779910 0.808647 0.590684 0.940185 0.924433 0.808124 0.872568 0.681360 0.534830 0.398170 0.378956 0.704384 0.789449 0.549787 0.736496 0.889664 0.919593 0.932158 0.759465 0.398081 0.438321 0.442915 0.481553 0.441309 0.477580 0.690201 0.710024 0.671941 0.672407 0.685437 0.857275 0.573441 0.708783 0.776234 0.824232 0.523597 0.654271 0.341098 0.332417 0.889151 0.707851 0.660189 0.359488 0.351610 0.299853 0.864705 0.929912 0.541598 0.546208 0.690498 0.707523 0.943222 0.784954 0.642797 0.644816 0.820581 0.738569 0.754464 0.795485 0.922253 0.845576 0.711875 0.656277 0.962016 0.932674 0.885011 0.872689 0.413049 0.751160 0.517967 0.812527 0.799854 0.788470 0.567364 0.800165 0.420205 0.394050 0.459410 0.703273 0.655670 0.691917 0.485781 0.651430 0.897032 0.666856 0.647784 0.782180 0.714391 0.563841 0.671047 0.817579 0.679780 0.916229
0.887633 0.938389 0.552101 0.633175 0.798099 0.837433 0.528461 0.533269 0.000000 0.586584 0.974917 0.907635 0.967919 0.918396 0.874770 0.986617 0.937996 0.747428 0.943845 0.963786 0.971836 0.887172 0.727101 0.922660 0.759426 0.529961 0.927144 0.935383 0.901438 0.926792 0.494492 0.591074 0.511529 0.696664 0.691936 0.999037 0.747834 0.955220 0.957264 0.975477 0.966996 0.756651 0.584672 0.640240 0.555451 0.627294 0.703529 0.710724 0.826311 0.815884 0.702280 0.772338 0.708261 0.708199 0.808246 0.851289 0.912834 0.824985 0.758111 0.967174 0.535170 0.534552 0.992899 0.921412 0.715476 0.629921 0.547370 0.497304 0.990474 0.879969 0.632916 0.597569 0.557243 0.618567 0.956347 0.886083 0.739034 0.653496 0.907808 0.952348 0.854919 0.776463 0.978837 0.832804 0.888019 0.843774 0.914682 0.968964 0.932119 0.919402 0.603500 0.927129 0.741077 0.885360 0.815429 0.923186 0.848395 0.864457 0.623212 0.639691 0.606774 0.945378 0.833962 0.775142 0.634687 0.707339 0.826026 0.717979 0.685954 0.879727 0.728917 0.617667 0.681576 0.839455 0.725133 0.999663
0.762854 0.790182 0.947983 0.975056 0.955706 0.694871 0.673197 0.602544 0.586584 0.000000 0.907628 0.995627 0.664685 0.772965 0.822930 0.813891 0.957578 0.746727 0.972304 0.933492 0.875806 0.891236 0.886989 0.677805 0.820542 0.852492 0.643956 0.869647 0.742175 0.804610 0.542226 0.526433 0.647156 0.568853 0.833381 0.967379 0.839243 0.855837 0.985397 0.984163 0.907504 0.769968 0.433025 0.532718 0.393752 0.429014 0.666664 0.544187 0.479415 0.624603 0.524366 0.724508 0.625351 0.595261 0.930527 0.798878 0.789246 0.701175 0.748781 0.858417 0.732787 0.545728 0.927804 0.758474 0.807483 0.914195 0.674792 0.521949 0.761792 0.824421 0.774839 0.662880 0.514003 0.680769 0.990036 0.823216 0.680842 0.630239 0.921239 0.985881 0.909735 0.725068 0.819281 0.778957 0.703172 0.762429 0.693312 0.821420 0.924792 0.701943 0.700090 0.948811 0.927830 0.901018 0.950095 0.810557 0.761513 0.750950 0.500731 0.534869 0.483239 0.798157 0.575157 0.562123 0.652004 0.747963 0.919365 0.596783 0.817150 0.779380 0.680325 0.616829 0.608793 0.803185 0.726709 0.837074
0.414025 0.559823 0.957000 0.939426 0.928725 0.708717 0.732651 0.735618 0.974917 0.907628 0.000000 0.559430 0.836254 0.642985 0.955331 0.999042 0.536164 0.476133 0.514066 0.498331 0.844096 0.989353 0.775653 0.951359 0.810727 0.914835 0.862836 0.882015 0.641074 0.465959 0.810681 0.799782 0.641687 0.534725 0.851784 0.755096 0.938122 0.876542 0.851493 0.841771 0.859738 0.856016 0.686684 0.649506 0.710965 0.683745 0.605300 0.756119 0.643478 0.707327 0.823887 0.807071 0.983724 0.844466 0.669769 0.698797 0.509350 0.627505 0.539118 0.614920 0.820700 0.967415 0.545852 0.657700 0.901091 0.902139 0.649189 0.686506 0.680898 0.738543 0.984442 0.931202 0.968930 0.919512 0.837850 0.879924 0.818880 0.956180 0.769824 0.637981 0.440255 0.497253 0.790313 0.617874 0.891641 0.905088 0.844544 0.883785 0.858041 0.892842 0.691010 0.763697 0.687069 0.807464 0.775746 0.977214 0.626969 0.716239 0.604183 0.677728 0.843557 0.741501 0.691753 0.648610 0.939164 0.870149 0.849261 0.982647 0.896742 0.824316 0.863400 0.798396 0.804845 0.849540 0.970344 0.895316
0.468381 0.505131 0.789874 0.692988 0.905739 0.748411 0.681691 0.640826 0.907635 0.995627 0.559430 0.000000 0.632832 0.489795 0.770110 0.670124 0.718041 0.482800 0.532349 0.397931 0.749994 0.784444 0.909904 0.696875 0.857571 0.928632 0.908781 0.837679 0.711365 0.603565 0.830842 0.902673 0.692312 0.549697 0.839314 0.696077 0.733449 0.594549 0.884766 0.695349 0.989385 0.896834 0.794658 0.803100 0.775945 0.787306 0.667467 0.746045 0.742820 0.806185 0.912720 0.897179 0.970659 0.683131 0.622170 0.758046 0.513896 0.521216 0.702812 0.688432 0.626560 0.674831 0.739197 0.574040 0.844472 0.670065 0.745080 0.679393 0.641281 0.655511 0.979628 0.962487 0.911891 0.971656 0.941715 0.875029 0.993363 0.983392 0.876647 0.594046 0.458156 0.477690 0.797077 0.575040 0.664088 0.634989 0.664329 0.798554 0.826939 0.735128 0.830917 0.983397 0.760237 0.953187 0.944400 0.798754 0.648444 0.772015 0.737526 0.788589 0.843975 0.889289 0.808038 0.826381 0.800560 0.831475 0.796658 0.933948 0.889574 0.885505 0.830217 0.875603 0.929109 0.839503 0.939794 0.858661
0.504743 0.457040 0.551110 0.525827 0.718369 0.988911 0.614012 0.693565 0.967919 0.664685 0.836254 0.632832 0.000000 0.357689 0.400201 0.392517 0.625531 0.581913 0.481448 0.532483 0.806125 0.735393 0.471188 0.415094 0.668835 0.847785 0.725136 0.982107 0.884263 0.907856 0.891852 0.989301 0.716051 0.822227 0.972521 0.835102 0.811270 0.849878 0.996242 0.963795 0.889906 0.981869 0.893014 0.821152 0.976401 0.945439 0.729196 0.858145 0.937025 0.898307 0.972045 0.740189 0.863363 0.924897 0.781547 0.817451 0.498881 0.441145 0.746552 0.663607 0.582161 0.783039 0.774019 0.716998 0.502685 0.562086 0.779591 0.865711 0.675861 0.711595 0.756387 0.979496 0.929954 0.900276 0.861300 0.860084 0.863710 0.937534 0.833436 0.615629 0.577846 0.513716 0.667149 0.596005 0.382798 0.466082 0.559685 0.624022 0.786202 0.616652 0.763021 0.773773 0.688284 0.774662 0.876859 0.973308 0.798824 0.999881 0.873541 0.827142 0.981849 0.871355 0.975655 0.968808 0.859094 0.884653 0.929166 0.917178 0.858215 0.992308 0.859915 0.875351 0.954326 0.931056 0.930003 0.957287
0.422690 0.399559 0.745982 0.636792 0.953554 0.892763 0.691598 0.683705 0.918396 0.772965 0.642985 0.489795 0.357689 0.000000 0.496242 0.366555 0.540889 0.426888 0.380921 0.467535 0.870869 0.711889 0.707981 0.542665 0.905945 0.992707 0.790146 0.914711 0.714037 0.667133 0.759580 0.869226 0.749456 0.708992 0.946672 0.752368 0.994113 0.845190 0.998376 0.863248 0.932577 0.983652 0.791877 0.716423 0.901609 0.818562 0.613689 0.779546 0.913681 0.805595 0.886018 0.722153 0.904899 0.796253 0.786105 0.735077 0.372726 0.403527 0.627522 0.580249 0.647766 0.812532 0.727849 0.649155 0.732763 0.650081 0.776716 0.833944 0.772017 0.754233 0.988069 0.884522 0.887693 0.936208 0.813722 0.990131 0.926681 0.993006 0.723594 0.518034 0.441870 0.413203 0.591778 0.509668 0.518914 0.536788 0.668678 0.684976 0.780597 0.668707 0.766421 0.810703 0.744516 0.843390 0.871797 0.961397 0.788436 0.819054 0.773543 0.714745 0.989191 0.852855 0.846251 0.862250 0.848666 0.866124 0.991465 0.874285 0.825900 0.916695 0.783781 0.815555 0.905648 0.808481 0.844872 0.929064
0.774752 0.664731 0.607835 0.560468 0.738007 0.989649 0.628460 0.759251 0.874770 0.822930 0.955331 0.770110 0.400201 0.496242 0.000000 0.312207 0.742403 0.717589 0.627564 0.763740 0.850860 0.794825 0.410440 0.430127 0.689628 0.880544 0.779009 0.993869 0.762907 0.914294 0.934282 0.811594 0.747796 0.823392 0.897136 0.822198 0.929901 0.854717 0.996712 0.848249 0.996327 0.970559 0.844073 0.815235 0.878470 0.866513 0.768598 0.859831 0.961853 0.951978 0.945163 0.803270 0.744738 0.973028 0.891647 0.878136 0.616275 0.612945 0.770938 0.755750 0.575298 0.740118 0.793811 0.722598 0.499786 0.615793 0.788840 0.826590 0.923261 0.928345 0.769087 0.987370 0.994928 0.794767 0.902471 0.838747 0.875781 0.762283 0.705512 0.658899 0.720375 0.707309 0.633556 0.700961 0.436729 0.518115 0.715060 0.604613 0.771521 0.666362 0.890945 0.912143 0.846914 0.889109 0.834020 0.968023 0.784841 0.937508 0.890121 0.783933 0.997890 0.933315 0.997606 0.950803 0.732673 0.773632 0.870194 0.910330 0.787922 0.998848 0.826441 0.851067 0.851556 0.929090 0.882083 0.984656
0.750444 0.614238 0.656133 0.584098 0.824891 0.941648 0.700348 0.725298 0.986617 0.813891 0.999042 0.670124 0.392517 0.366555 0.312207 0.000000 0.754968 0.692736 0.636733 0.702926 0.818740 0.719799 0.450605 0.407043 0.726359 0.892655 0.815636 0.994176 0.775931 0.832756 0.968799 0.839582 0.784928 0.803363 0.930746 0.786114 0.931316 0.887720 0.995010 0.966781 0.935548 0.942292 0.841601 0.780808 0.935469 0.873581 0.712893 0.870978 0.951052 0.975807 0.946319 0.835365 0.810588 0.862343 0.926228 0.868785 0.572364 0.566213 0.777789 0.705673 0.556276 0.675116 0.889288 0.698587 0.571237 0.586048 0.859169 0.883784 0.954683 0.869770 0.921356 0.969853 0.982910 0.769661 0.972011 0.748839 0.962524 0.787862 0.743333 0.648128 0.682710 0.659249 0.610157 0.616979 0.443263 0.476152 0.759129 0.666174 0.739717 0.672739 0.898361 0.966246 0.873518 0.984031 0.980695 0.949841 0.855818 0.938876 0.905099 0.798372 0.970358 0.954864 0.965968 0.941106 0.782065 0.779852 0.899867 0.948647 0.783063 0.926888 0.849368 0.824866 0.884439 0.880185 0.780738 0.948337
0.417061 0.427028 0.985774 0.979141 0.893379 0.981821 0.783608 0.868656 0.937996 0.957578 0.536164 0.718041 0.625531 0.540889 0.742403 0.754968 0.000000 0.349265 0.481603 0.498972 0.958315 0.804438 0.938741 0.933186 0.899983 0.883397 0.939578 0.960709 0.557990 0.534671 0.850559 0.858745 0.640869 0.641808 0.970883 0.952321 0.966761 0.866389 0.986112 0.848393 0.805768 0.855208 0.670367 0.546946 0.728377 0.619588 0.537917 0.604660 0.581023 0.552595 0.628738 0.558417 0.716058 0.986619 0.633120 0.545472 0.331537 0.354191 0.474114 0.410032 0.853056 0.949166 0.343693 0.436880 0.918867 0.958335 0.812960 0.840252 0.617528 0.607613 0.988470 0.833612 0.871923 0.924353 0.780511 0.967997 0.739364 0.920900 0.577282 0.654759 0.293684 0.346523 0.473449 0.432380 0.717931 0.842575 0.799403 0.566593 0.757302 0.734635 0.855260 0.816075 0.882573 0.938496 0.737774 0.906863 0.715498 0.781460 0.663227 0.764802 0.963597 0.786232 0.633738 0.630713 0.902058 0.891877 0.993131 0.965599 0.963500 0.911906 0.758352 0.802737 0.775560 0.851308 0.864633 0.943286
0.297266 0.315374 0.999479 0.857925 0.943960 0.936824 0.843260 0.919990 0.747428 0.746727 0.476133 0.482800 0.581913 0.426888 0.717589 0.692736 0.349265 0.000000 0.440465 0.372733 0.870470 0.769751 0.994228 0.743893 0.998552 0.882506 0.940266 0.939784 0.652686 0.549356 0.614165 0.989678 0.751091 0.699555 0.865968 0.782504 0.966291 0.771554 0.866757 0.785862 0.889279 0.858220 0.841550 0.769519 0.885665 0.814774 0.659067 0.765843 0.723834 0.698401 0.854684 0.770539 0.998269 0.677965 0.589727 0.587280 0.265905 0.265121 0.533891 0.508146 0.895724 0.861699 0.452590 0.515330 0.950314 0.982112 0.794686 0.886758 0.542382 0.540115 0.937183 0.777224 0.752082 0.996801 0.770992 0.847421 0.932978 0.897392 0.607482 0.561730 0.253199 0.252227 0.488147 0.360370 0.575857 0.672564 0.649012 0.586985 0.665357 0.577830 0.882855 0.853285 0.771668 0.858720 0.797033 0.911813 0.664728 0.723170 0.796259 0.855150 0.875389 0.916428 0.772253 0.808790 0.912511 0.850642 0.972528 0.858134 0.979315 0.906466 0.875044 0.927226 0.944841 0.895364 0.956070 0.966463
0.402723 0.432797 0.751370 0.626900 0.955085 0.770720 0.530446 0.558412 0.943845 0.972304 0.514066 0.532349 0.481448 0.380921 0.627564 0.636733 0.481603 0.440465 0.000000 0.411230 0.887047 0.736307 0.850437 0.726201 0.983667 0.998334 0.915644 0.801080 0.643480 0.656453 0.854260 0.709407 0.585743 0.576663 0.858006 0.889101 0.874406 0.852646 0.886368 0.837300 0.822245 0.907689 0.619429 0.582239 0.692250 0.661443 0.503562 0.563385 0.710856 0.698962 0.804918 0.661422 0.839200 0.925941 0.628239 0.603301 0.411800 0.460725 0.503823 0.529271 0.627849 0.808635 0.579720 0.631591 0.827059 0.676208 0.566524 0.621314 0.703852 0.872902 0.721863 0.962525 0.971937 0.945717 0.866418 0.970350 0.769339 0.888654 0.712201 0.526184 0.408120 0.399612 0.701503 0.548172 0.609787 0.679788 0.698872 0.658221 0.809627 0.811874 0.597834 0.681873 0.571854 0.715685 0.783292 0.822472 0.499197 0.769908 0.531046 0.521207 0.836802 0.679641 0.669801 0.742943 0.686579 0.699790 0.929366 0.880441 0.784075 0.705796 0.765367 0.686545 0.740353 0.818646 0.830811 0.852460
0.360316 0.339006 0.748694 0.619005 0.910018 0.843273 0.614630 0.611344 0.963786 0.933492 0.498331 0.397931 0.532483 0.467535 0.763740 0.702926 0.498972 0.372733 0.411230 0.000000 0.791106 0.802759 0.903264 0.708385 0.870527 0.907265 0.880782 0.844908 0.707761 0.644308 0.804096 0.932409 0.603347 0.562148 0.874456 0.792105 0.795036 0.619162 0.816881 0.752198 0.882222 0.779365 0.716953 0.680577 0.774389 0.754219 0.538291 0.687272 0.708869 0.651628 0.796887 0.701813 0.885803 0.819111 0.519073 0.615698 0.372926 0.351005 0.516237 0.535520 0.669251 0.824779 0.614758 0.552655 0.819854 0.710416 0.617941 0.677403 0.488826 0.580209 0.846199 0.968275 0.855511 0.954685 0.845721 0.979452 0.755482 0.995911 0.750401 0.637412 0.334765 0.341981 0.646080 0.446920 0.547739 0.609748 0.646084 0.716623 0.700918 0.624881 0.679249 0.788910 0.608262 0.818061 0.830411 0.788462 0.553951 0.778269 0.676416 0.680098 0.808673 0.773015 0.720001 0.795608 0.757962 0.778857 0.895019 0.924341 0.870694 0.826299 0.837516 0.805879 0.952757 0.855633 0.927419 0.925449
0.740293 0.737135 0.694665 0.709771 0.842655 0.872620 0.873429 0.868511 0.971836 0.875806 0.844096 0.749994 0.806125 0.870869 0.850860 0.818740 0.958315 0.870470 0.887047 0.791106 0.000000 0.924806 0.850678 0.704858 0.670115 0.801640 0.900715 0.713590 0.969089 0.993506 0.934487 0.975223 0.824139 0.804646 0.720827 0.763758 0.846873 0.834640 0.759642 0.894657 0.931333 0.901357 0.958803 0.998498 0.955648 0.995042 0.938539 0.865269 0.968564 0.902712 0.890512 0.826327 0.795559 0.638222 0.778890 0.859907 0.790056 0.775902 0.838946 0.891375 0.637209 0.745171 0.980912 0.919102 0.639375 0.639090 0.836803 0.890520 0.723469 0.805084 0.971677 0.934615 0.959505 0.940029 0.861213 0.980388 0.995124 0.965607 0.821241 0.937546 0.839616 0.786617 0.767358 0.819824 0.644974 0.564916 0.779843 0.875019 0.700214 0.692361 0.898726 0.683697 0.989875 0.851736 0.988951 0.954744 0.957094 0.942759 0.946329 0.875277 0.887328 0.909338 0.886016 0.810723 0.885613 0.984109 0.895229 0.998373 0.959120 0.869168 0.907890 0.918656 0.951417 0.927186 0.960366 0.954114
0.804525 0.755724 0.937827 0.896154 0.949722 0.975998 0.920115 0.914392 0.887172 0.891236 0.989353 0.784444 0.735393 0.711889 0.794825 0.719799 0.804438 0.769751 0.736307 0.802759 0.924806 0.000000 0.885200 0.826780 0.955140 0.928404 0.911401 0.886055 0.901187 0.956813 0.917749 0.973075 0.988181 0.999355 0.993896 0.981921 0.950483 0.930899 0.908099 0.850395 0.991739 0.910868 0.907385 0.886212 0.983648 0.941948 0.853750 0.855962 0.919194 0.804741 0.845909 0.743746 0.765457 0.944580 0.826768 0.868480 0.743522 0.681456 0.882480 0.724703 0.873636 0.920906 0.782279 0.710151 0.997712 0.973276 0.923658 0.985322 0.952996 0.927169 0.989002 0.923523 0.963541 0.944752 0.874318 0.942743 0.906695 0.999942 0.966761 0.724703 0.740559 0.680648 0.817111 0.744106 0.853234 0.888035 0.744735 0.755844 0.910865 0.946797 0.942523 0.820334 0.976556 0.921542 0.844599 0.996972 0.696187 0.943391 0.875727 0.882290 0.901245 0.757922 0.956797 0.875057 0.874792 0.990863 0.931390 0.989346 0.883653 0.881368 0.835952 0.919460 0.910977 0.879732 0.724035 0.845429
0.991667 0.811466 0.419268 0.369727 0.542585 0.991273 0.593524 0.714946 0.727101 0.886989 0.775653 0.909904 0.471188 0.707981 0.410440 0.450605 0.938741 0.994228 0.850437 0.903264 0.850678 0.885200 0.000000 0.330196 0.486792 0.635325 0.672648 0.986973 0.964015 0.839618 0.828635 0.933312 0.820542 0.943833 0.788787 0.835675 0.792388 0.850213 0.966788 0.906360 0.971460 0.982300 0.946318 0.967168 0.937972 0.983629 0.952713 0.990434 0.809945 0.881659 0.923122 0.983263 0.850082 0.998351 0.969522 0.977470 0.912931 0.844045 0.996095 0.980236 0.548301 0.644997 0.899064 0.945024 0.300328 0.497762 0.693089 0.790444 0.958358 0.969978 0.679186 0.748725 0.829984 0.763362 0.930606 0.704047 0.929108 0.786085 0.906955 0.980983 0.987154 0.985848 0.816972 0.930573 0.405001 0.442871 0.726503 0.764851 0.728279 0.665765 0.802925 0.947750 0.706611 0.797741 0.859318 0.978954 0.886614 0.941207 0.953410 0.874563 0.990093 0.942838 0.842092 0.747159 0.706259 0.700718 0.826022 0.943924 0.760091 0.941668 0.868961 0.832629 0.949153 0.909611 0.872463 0.938513
0.742215 0.636793 0.498075 0.397085 0.593668 0.960513 0.709613 0.779910 0.922660 0.677805 0.951359 0.696875 0.415094 0.542665 0.430127 0.407043 0.933186 0.743893 0.726201 0.708385 0.704858 0.826780 0.330196 0.000000 0.437499 0.698891 0.547327 0.938331 0.979462 0.930909 0.980773 0.996626 0.840099 0.931203 0.799576 0.731501 0.877140 0.765501 0.831838 0.968238 0.950849 0.945350 0.910910 0.943442 0.915213 0.894283 0.964275 0.936968 0.772244 0.849976 0.768059 0.897233 0.913535 0.695376 0.819793 0.914354 0.702584 0.644733 0.971635 0.917685 0.647430 0.791256 0.961481 0.916057 0.368230 0.547905 0.813613 0.887497 0.736541 0.903492 0.833402 0.953129 0.983145 0.864134 0.972828 0.916975 0.980126 0.887842 0.862505 0.819644 0.795270 0.704219 0.736328 0.673036 0.327758 0.347987 0.653429 0.700948 0.603872 0.515077 0.917718 0.961465 0.731971 0.880505 0.918707 0.987564 0.864337 0.950344 0.986325 0.989141 0.914035 0.946240 0.840701 0.710782 0.795215 0.837812 0.962750 0.902343 0.949736 0.920255 0.963437 0.964648 0.914151 0.882559 0.995601 0.940135
0.858720 0.767939 0.443533 0.499681 0.596438 0.957431 0.749795 0.808647 0.759426 0.820542 0.810727 0.857571 0.668835 0.905945 0.689628 0.726359 0.899983 0.998552 0.983667 0.870527 0.670115 0.955140 0.486792 0.437499 0.000000 0.397997 0.627531 0.882531 0.767669 0.699238 0.795166 0.974880 0.787685 0.936922 0.721480 0.733880 0.619205 0.632844 0.811453 0.904482 0.880555 0.908976 0.877607 0.895456 0.968951 0.885634 0.988820 0.892326 0.767651 0.790909 0.799027 0.817867 0.827631 0.692455 0.730921 0.982275 0.878895 0.826621 0.990090 0.985576 0.612842 0.702534 0.764186 0.947638 0.353585 0.505564 0.814064 0.818213 0.612617 0.735539 0.938347 0.800064 0.949783 0.821378 0.948147 0.975826 0.910360 0.949888 0.988424 0.958023 0.965460 0.911802 0.808548 0.836005 0.423792 0.383956 0.828827 0.826408 0.630811 0.500656 0.992510 0.680681 0.829513 0.931154 0.894363 0.925356 0.935210 0.943475 0.872947 0.808566 0.901084 0.788005 0.772221 0.690818 0.878763 0.906740 0.924744 0.893385 0.886962 0.873786 0.981577 0.896898 0.823992 0.720824 0.957052 0.999712
0.949274 0.876493 0.432959 0.540520 0.628162 0.834713 0.564917 0.590684 0.529961 0.852492 0.914835 0.928632 0.847785 0.992707 0.880544 0.892655 0.883397 0.882506 0.998334 0.907265 0.801640 0.928404 0.635325 0.698891 0.397997 0.000000 0.850439 0.842122 0.822017 0.781236 0.558616 0.789487 0.619927 0.744643 0.728722 0.690251 0.553605 0.717444 0.737552 0.808248 0.985530 0.778321 0.817184 0.847969 0.767651 0.832348 0.802731 0.904215 0.973754 0.988982 0.933583 0.962854 0.918440 0.935239 0.651975 0.899311 0.971519 0.956709 0.855228 0.934620 0.517757 0.558972 0.762984 0.955279 0.483193 0.466168 0.600144 0.574654 0.709607 0.797092 0.824204 0.668568 0.733894 0.731276 0.965311 0.960522 0.972837 0.884023 0.930033 0.910872 0.906776 0.941847 0.875495 0.997408 0.605922 0.508855 0.997383 0.963258 0.719176 0.685716 0.806023 0.785720 0.814463 0.923085 0.861402 0.885358 0.960925 0.985299 0.907839 0.950649 0.843576 0.913073 0.908207 0.884572 0.760639 0.790083 0.914154 0.997185 0.793866 0.884250 0.783615 0.936605 0.925022 0.911686 0.909875 0.931518
0.914358 0.863180 0.848707 0.745895 0.642517 0.848792 0.956563 0.940185 0.927144 0.643956 0.862836 0.908781 0.725136 0.790146 0.779009 0.815636 0.939578 0.940266 0.915644 0.880782 0.900715 0.911401 0.672648 0.547327 0.627531 0.850439 0.000000 0.992332 0.768112 0.742896 0.783705 0.821954 0.801416 0.761483 0.994601 0.896942 0.957754 0.834963 0.912662 0.950924 0.952646 0.842699 0.667768 0.694334 0.649243 0.655007 0.872200 0.728848 0.641948 0.754809 0.667174 0.821450 0.774740 0.771761 0.983523 0.891535 0.914127 0.855340 0.781691 0.923960 0.985225 0.929006 0.872142 0.853556 0.670713 0.844560 0.908869 0.883956 0.841570 0.904068 0.908142 0.846073 0.834761 0.847997 0.981370 0.919594 0.929384 0.753034 0.995359 0.939716 0.963549 0.886738 0.890027 0.973820 0.686940 0.693213 0.728942 0.786167 0.965997 0.731344 0.954023 0.955977 0.872280 0.875745 0.994136 0.955358 0.919170 0.996477 0.812982 0.835305 0.796553 0.931888 0.760716 0.725709 0.958960 0.993076 0.956453 0.906142 0.993916 0.971929 0.912737 0.897860 0.792473 0.751054 0.812858 0.961253
0.966289 0.993151 0.939392 0.951751 0.945715 0.994599 0.956958 0.924433 0.935383 0.869647 0.882015 0.837679 0.982107 0.914711 0.993869 0.994176 0.960709 0.939784 0.801080 0.844908 0.713590 0.886055 0.986973 0.938331 0.882531 0.842122 0.992332 0.000000 0.875941 0.850004 0.908780 0.842046 0.952986 0.881368 0.914699 0.873206 0.926657 0.946347 0.960793 0.897085 0.951892 0.846238 0.926246 0.978292 0.924881 0.979739 0.942571 0.895506 0.919960 0.914541 0.961912 0.895355 0.972392 0.850517 0.973913 0.830553 0.979739 0.960046 0.985147 0.984336 0.999093 0.953101 0.872389 0.887794 0.915175 0.970916 0.899219 0.874651 0.923056 0.808091 0.972360 0.850938 0.878150 0.910694 0.974818 0.982866 0.952874 0.932423 0.834417 0.813812 0.942127 0.964405 0.902849 0.975005 0.917046 0.892472 0.860482 0.947587 0.971095 0.859443 0.822421 0.761257 0.803278 0.742528 0.938203 0.819351 0.807072 0.848991 0.851506 0.778357 0.755671 0.878152 0.797607 0.840519 0.824319 0.754987 0.955982 0.960815 0.874618 0.730836 0.878171 0.889662 0.905408 0.930188 0.844537 0.889523
0.761502 0.732547 0.941038 0.936076 0.882042 0.821885 0.780097 0.808124 0.901438 0.742175 0.641074 0.711365 0.884263 0.714037 0.762907 0.775931 0.557990 0.652686 0.643480 0.707761 0.969089 0.901187 0.964015 0.979462 0.767669 0.822017 0.768112 0.875941 0.000000 0.334369 0.887902 0.543813 0.621189 0.576121 0.936874 0.924656 0.990126 0.983606 0.990337 0.951497 0.986682 0.894599 0.564867 0.529427 0.542295 0.497895 0.596044 0.562509 0.520665 0.558758 0.583051 0.640181 0.646995 0.857338 0.875253 0.719812 0.655291 0.736905 0.564148 0.595853 0.779619 0.867394 0.486652 0.489572 0.837857 0.983964 0.744557 0.751822 0.959357 0.904917 0.953739 0.883955 0.927716 0.789414 0.886630 0.976127 0.817122 0.705737 0.580564 0.654073 0.524106 0.727687 0.732853 0.715226 0.946415 0.957372 0.924569 0.877042 0.929253 0.942649 0.930782 0.932075 0.973485 0.888722 0.739768 0.890464 0.568467 0.911276 0.658441 0.677273 0.803145 0.832515 0.688868 0.580091 0.770719 0.804266 0.936570 0.823293 0.873417 0.873215 0.699893 0.712672 0.671069 0.757656 0.794210 0.937254
0.682093 0.659951 0.871419 0.943979 0.852635 0.762630 0.890006 0.872568 0.926792 0.804610 0.465959 0.603565 0.907856 0.667133 0.914294 0.832756 0.534671 0.549356 0.656453 0.644308 0.993506 0.956813 0.839618 0.930909 0.699238 0.781236 0.742896 0.850004 0.334369 0.000000 0.956690 0.747849 0.711423 0.568561 0.961398 0.888438 0.971528 0.957045 0.990127 0.847969 0.919063 0.943352 0.637305 0.602453 0.615853 0.584155 0.625138 0.637604 0.490907 0.595451 0.640322 0.726282 0.761098 0.976639 0.905023 0.708535 0.611463 0.688745 0.589677 0.539080 0.848579 0.914623 0.483273 0.451178 0.745202 0.913944 0.792961 0.798549 0.931518 0.913933 0.915814 0.838785 0.888343 0.810607 0.881022 0.939708 0.933492 0.798699 0.623646 0.625071 0.458695 0.646961 0.726672 0.672900 0.973252 0.909635 0.895179 0.780584 0.992419 0.931071 0.977711 0.926617 0.960557 0.879098 0.794394 0.910389 0.654077 0.800251 0.694443 0.740058 0.820652 0.901765 0.696506 0.591240 0.948118 0.829436 0.838189 0.943524 0.966996 0.920051 0.771047 0.794375 0.808403 0.776087 0.837134 0.905054
0.704845 0.763756 0.700838 0.834425 0.835886 0.891909 0.666645 0.681360 0.494492 0.542226 0.810681 0.830842 0.891852 0.759580 0.934282 0.968799 0.850559 0.614165 0.854260 0.804096 0.934487 0.917749 0.828635 0.980773 0.795166 0.558616 0.783705 0.908780 0.887902 0.956690 0.000000 0.519524 0.574544 0.733518 0.815621 0.995200 0.664532 0.955616 0.780301 0.939888 0.987938 0.855515 0.610677 0.646255 0.545172 0.585923 0.758960 0.742483 0.772366 0.819469 0.671684 0.811902 0.636492 0.689851 0.930135 0.930651 0.768525 0.717342 0.872779 0.947316 0.595859 0.525851 0.917770 0.887823 0.867284 0.766953 0.765500 0.600557 0.894096 0.819325 0.833342 0.740607 0.564012 0.658159 0.873369 0.802904 0.794176 0.531916 0.966494 0.977708 0.810112 0.673779 0.994065 0.831014 0.971273 0.973768 0.749551 0.883470 0.972955 0.890242 0.992417 0.751953 0.849550 0.705346 0.946900 0.979881 0.942576 0.948767 0.828063 0.850782 0.624897 0.991493 0.917072 0.937161 0.794173 0.840979 0.841941 0.805220 0.796535 0.991341 0.827781 0.845856 0.766249 0.913407 0.850948 0.974493
0.982914 0.955438 0.787234 0.765165 0.954793 0.784307 0.560713 0.534830 0.591074 0.526433 0.799782 0.902673 0.989301 0.869226 0.811594 0.839582 0.858745 0.989678 0.709407 0.932409 0.975223 0.973075 0.933312 0.996626 0.974880 0.789487 0.821954 0.842046 0.543813 0.747849 0.519524 0.000000 0.516550 0.505019 0.776271 0.942857 0.757436 0.959583 0.831895 0.998467 0.962793 0.940371 0.437555 0.418199 0.447751 0.426371 0.526787 0.527973 0.634310 0.677203 0.608298 0.667938 0.655326 0.755656 0.779201 0.780637 0.878480 0.965710 0.564595 0.710627 0.572273 0.600843 0.820186 0.737618 0.969093 0.739693 0.590278 0.536631 0.889855 0.778139 0.817059 0.829938 0.678094 0.665685 0.945978 0.969866 0.759868 0.622816 0.721748 0.693593 0.841169 0.966265 0.847195 0.877243 0.964432 0.951036 0.936111 0.953559 0.893136 0.892187 0.742819 0.998154 0.916641 0.985706 0.860417 0.857692 0.690871 0.960605 0.532408 0.563300 0.537248 0.722539 0.640610 0.700539 0.616303 0.751180 0.913134 0.766090 0.650531 0.812804 0.764957 0.697515 0.570154 0.849054 0.727593 0.967036
0.651396 0.628727 0.550817 0.600207 0.875142 0.679853 0.345835 0.398170 0.511529 0.647156 0.641687 0.692312 0.716051 0.749456 0.747796 0.784928 0.640869 0.751091 0.585743 0.603347 0.824139 0.988181 0.820542 0.840099 0.787685 0.619927 0.801416 0.952986 0.621189 0.711423 0.574544 0.516550 0.000000 0.342945 0.648018 0.819465 0.588990 0.691353 0.811121 0.890048 0.882221 0.654642 0.367423 0.385961 0.346453 0.394402 0.399426 0.465364 0.547154 0.563536 0.549355 0.602983 0.665831 0.891856 0.522542 0.591014 0.644213 0.692740 0.408437 0.578539 0.364066 0.505011 0.628727 0.531068 0.733373 0.553728 0.387459 0.345862 0.711330 0.812301 0.664948 0.755316 0.754610 0.652020 0.825904 0.867412 0.609754 0.666848 0.690857 0.687637 0.613581 0.727343 0.730508 0.691434 0.645955 0.651639 0.970408 0.814768 0.737883 0.803786 0.660684 0.958912 0.737011 0.993450 0.768682 0.900777 0.606653 0.808700 0.506051 0.566812 0.627429 0.763781 0.714507 0.637877 0.571550 0.646137 0.896525 0.859988 0.795440 0.829163 0.718241 0.664774 0.639684 0.776086 0.735297 0.993329
0.642500 0.636346 0.657075 0.678722 0.951380 0.541967 0.401793 0.378956 0.696664 0.568853 0.534725 0.549697 0.822227 0.708992 0.823392 0.803363 0.641808 0.699555 0.576663 0.562148 0.804646 0.999355 0.943833 0.931203 0.936922 0.744643 0.761483 0.881368 0.576121 0.568561 0.733518 0.505019 0.342945 0.000000 0.656781 0.770548 0.653682 0.677146 0.850530 0.906466 0.820722 0.689374 0.400802 0.402603 0.361612 0.401186 0.373921 0.464526 0.514538 0.604183 0.582705 0.669417 0.741214 0.999614 0.521484 0.583255 0.627679 0.694821 0.397471 0.483016 0.414135 0.476633 0.597395 0.470912 0.867806 0.582452 0.420548 0.359349 0.768926 0.823597 0.772051 0.753658 0.766909 0.632963 0.903580 0.957947 0.786891 0.687424 0.769049 0.651032 0.541728 0.668359 0.740971 0.680679 0.749187 0.726524 0.941409 0.876716 0.760779 0.908640 0.688122 0.972407 0.764565 0.955097 0.859153 0.844096 0.546900 0.832886 0.495275 0.555850 0.540293 0.809258 0.594268 0.565636 0.593874 0.626300 0.968226 0.808794 0.830902 0.775224 0.732159 0.658189 0.648436 0.856386 0.808739 0.975630
0.855358 0.834791 0.664257 0.658887 0.878933 0.876286 0.637255 0.704384 0.691936 0.833381 0.851784 0.839314 0.972521 0.946672 0.897136 0.930746 0.970883 0.865968 0.858006 0.874456 0.720827 0.993896 0.788787 0.799576 0.721480 0.728722 0.994601 0.914699 0.936874 0.961398 0.815621 0.776271 0.648018 0.656781 0.000000 0.843102 0.866682 0.738453 0.657958 0.866805 0.948744 0.781824 0.836085 0.833760 0.715494 0.808091 0.821708 0.936168 0.916532 0.963111 0.997864 0.881453 0.958931 0.805945 0.634727 0.721557 0.868965 0.899228 0.733093 0.921434 0.627216 0.710269 0.888083 0.797999 0.658187 0.668148 0.521477 0.599145 0.801474 0.982961 0.820981 0.807628 0.833122 0.888961 0.955950 0.952541 0.937408 0.907148 0.844371 0.968800 0.851910 0.848050 0.746425 0.869605 0.695750 0.627902 0.997621 0.886614 0.657372 0.694880 0.900493 0.806526 0.773360 0.969548 0.842186 0.941797 0.743300 0.683547 0.811371 0.867828 0.913675 0.861342 0.944651 0.984944 0.764380 0.785207 0.864634 0.961249 0.829245 0.947237 0.991458 0.792652 0.874546 0.892265 0.921519 0.976030
0.729450 0.826219 0.774054 0.727165 0.804949 0.757276 0.768514 0.789449 0.999037 0.967379 0.755096 0.696077 0.835102 0.752368 0.822198 0.786114 0.952321 0.782504 0.889101 0.792105 0.763758 0.981921 0.835675 0.731501 0.733880 0.690251 0.896942 0.873206 0.924656 0.888438 0.995200 0.942857 0.819465 0.770548 0.843102 0.000000 0.898285 0.842002 0.975427 0.870973 0.847026 0.900435 0.991989 0.920748 0.984736 0.971728 0.903807 0.863367 0.964705 0.917739 0.887138 0.865664 0.830738 0.687225 0.781111 0.953727 0.812011 0.820103 0.906915 0.865445 0.777341 0.846121 0.892066 0.979904 0.695063 0.712405 0.819088 0.860966 0.744810 0.704860 0.943676 0.952169 0.893783 0.965576 0.995067 0.996085 0.883269 0.886483 0.974865 0.834376 0.805796 0.806920 0.827920 0.859552 0.687800 0.642849 0.969862 0.926283 0.743464 0.795758 0.871969 0.877867 0.961156 0.965830 0.957929 0.979156 0.935455 0.875433 0.996731 0.990159 0.985289 0.958111 0.967715 0.895199 0.918884 0.936945 0.965147 0.908710 0.954820 0.885368 0.936318 0.977620 0.893479 0.830391 0.868344 0.872747
0.858554 0.880843 0.551815 0.659842 0.802682 0.888924 0.566293 0.549787 0.747834 0.839243 0.938122 0.733449 0.811270 0.994113 0.929901 0.931316 0.966761 0.966291 0.874406 0.795036 0.846873 0.950483 0.792388 0.877140 0.619205 0.553605 0.957754 0.926657 0.990126 0.971528 0.664532 0.757436 0.588990 0.653682 0.866682 0.898285 0.000000 0.614004 0.865059 0.915227 0.797149 0.853063 0.766019 0.776711 0.679804 0.763277 0.712360 0.729603 0.864685 0.916964 0.880810 0.918146 0.877534 0.958015 0.562695 0.844565 0.920313 0.909505 0.811463 0.937463 0.548885 0.591271 0.993014 0.817161 0.733059 0.606127 0.671116 0.594024 0.735160 0.830201 0.757098 0.621698 0.849128 0.744012 0.972899 0.894809 0.867056 0.835500 0.966584 0.974540 0.871364 0.880547 0.894694 0.818756 0.764499 0.738449 0.940706 0.892905 0.931332 0.863093 0.832737 0.921882 0.841522 0.963168 0.881462 0.970623 0.789545 0.877769 0.784066 0.857300 0.746328 0.961290 0.896247 0.984671 0.779985 0.876076 0.959665 0.980521 0.807980 0.886314 0.966812 0.898288 0.978937 0.962631 0.952589 0.901713
0.716729 0.684510 0.665009 0.681870 0.879623 0.918429 0.712943 0.736496 0.955220 0.855837 0.876542 0.594549 0.849878 0.845190 0.854717 0.887720 0.866389 0.771554 0.852646 0.619162 0.834640 0.930899 0.850213 0.765501 0.632844 0.717444 0.834963 0.946347 0.983606 0.957045 0.955616 0.959583 0.691353 0.677146 0.738453 0.842002 0.614004 0.000000 0.717595 0.758383 0.864350 0.653236 0.888736 0.936477 0.789671 0.864840 0.757451 0.832766 0.807994 0.859319 0.919063 0.966707 0.923850 0.763255 0.569970 0.711812 0.761654 0.694912 0.818703 0.848725 0.676516 0.723390 0.914386 0.726875 0.752971 0.715656 0.755240 0.671436 0.636113 0.670040 0.913183 0.860192 0.966926 0.904722 0.980870 0.988339 0.829022 0.975439 0.942600 0.923661 0.721164 0.730574 0.887945 0.743926 0.691349 0.668938 0.834400 0.828604 0.763101 0.672551 0.917026 0.825649 0.803702 0.999646 0.880568 0.839093 0.854581 0.829324 0.812517 0.904396 0.872826 0.987571 0.847156 0.931035 0.767821 0.886796 0.934298 0.995034 0.986005 0.887139 0.862140 0.909639 0.831747 0.905188 0.944112 0.935416
