0.000000 0.164140 0.296622 0.317626 0.590524 0.604229 0.261878 0.226663 0.406066 0.339222 0.156134 0.152473 0.141255 0.257789 0.228314 0.273199 0.182433 0.166412 0.177257 0.189876 0.475436 0.908469 0.351122 0.557980 0.598108 0.684876 0.976694 0.874890 0.238933 0.212860 0.262543 0.437277 0.161964 0.175684 0.495608 0.645408 0.320399 0.368972 0.693922 0.686502 0.574954 0.538704 0.272965 0.234305 0.224929 0.219274 0.261216 0.283014 0.701147 0.349189 0.427411 0.350428 0.560978 0.582665 0.485133 0.470966 0.194806 0.164202 0.203203 0.218301 0.127965 0.208630 0.127833 0.137248 0.347020 0.311823 0.288189 0.312121 0.269394 0.216932 0.292382 0.256055 0.455867 0.468030 0.619481 0.605956 0.369608 0.324148 0.251096 0.282238 0.167094 0.223639 0.470295 0.357802 0.255725 0.439212 0.954247 0.762001 0.483174 0.469526 0.538868 0.625765 0.567378 0.690169 0.563823 0.533991 0.366126 0.562019 0.228043 0.267719 0.548891 0.609936 0.252159 0.342338 0.279301 0.272210 0.617125 0.658270 0.633361 0.498561 0.644413 0.425201 0.377004 0.534510 0.441871 0.914569
0.164140 0.000000 0.435476 0.391441 0.578309 0.634224 0.369139 0.271275 0.444958 0.394957 0.214270 0.136026 0.155603 0.176018 0.195737 0.218597 0.164830 0.127670 0.187401 0.167257 0.469200 0.900760 0.324364 0.470802 0.525549 0.742220 0.973970 0.890843 0.193595 0.188605 0.304743 0.425905 0.224396 0.229813 0.597387 0.677502 0.343463 0.413222 0.764797 0.723938 0.572585 0.524527 0.281721 0.238899 0.267163 0.271893 0.299003 0.296628 0.735739 0.436943 0.540481 0.458156 0.675380 0.739047 0.621739 0.630868 0.117525 0.109251 0.301242 0.311468 0.213271 0.252552 0.148319 0.131646 0.457894 0.419853 0.426302 0.411507 0.309917 0.297094 0.241704 0.255795 0.525819 0.561485 0.693319 0.642143 0.311516 0.312648 0.305444 0.251308 0.169027 0.224227 0.381811 0.345415 0.310205 0.418785 0.930614 0.798494 0.577709 0.547193 0.642387 0.693241 0.668765 0.805653 0.567304 0.545745 0.407883 0.557828 0.289500 0.272106 0.615927 0.766245 0.299995 0.329603 0.328367 0.290845 0.699241 0.685073 0.621730 0.513364 0.590251 0.428972 0.460706 0.482319 0.463798 0.849368
0.296622 0.435476 0.000000 0.139099 0.611545 0.550388 0.131842 0.188875 0.418487 0.292983 0.337855 0.342863 0.306795 0.444106 0.369135 0.357010 0.373371 0.351489 0.258881 0.324150 0.466759 0.794345 0.266844 0.498121 0.481901 0.385601 0.901691 0.908126 0.425088 0.295890 0.219614 0.371025 0.205674 0.210589 0.383952 0.526468 0.307022 0.393545 0.583438 0.640220 0.664869 0.649565 0.239717 0.249775 0.391644 0.358307 0.328781 0.287393 0.958821 0.502621 0.584905 0.509965 0.596441 0.481165 0.522183 0.546173 0.461547 0.435249 0.267817 0.349359 0.219803 0.327243 0.278167 0.319593 0.158028 0.170134 0.156326 0.196182 0.465126 0.284609 0.354793 0.390432 0.481544 0.508631 0.452785 0.778527 0.422662 0.458893 0.307920 0.488675 0.303714 0.281727 0.552397 0.374372 0.266241 0.388544 0.914811 0.918313 0.435065 0.442621 0.468945 0.513826 0.485370 0.594115 0.590577 0.524810 0.458883 0.592403 0.379447 0.320288 0.536783 0.439153 0.372903 0.323201 0.310514 0.336131 0.711326 0.704130 0.621724 0.494069 0.625363 0.556005 0.409982 0.576906 0.518609 0.907539
0.317626 0.391441 0.139099 0.000000 0.639210 0.520747 0.158146 0.146777 0.460965 0.239918 0.383166 0.286788 0.282448 0.333461 0.296495 0.269474 0.357598 0.311257 0.231233 0.280342 0.411610 0.782661 0.186477 0.351951 0.412674 0.396160 0.926057 0.947085 0.362098 0.243609 0.193669 0.290494 0.191589 0.203659 0.403956 0.522152 0.271980 0.385509 0.512115 0.635595 0.697063 0.553821 0.218138 0.259954 0.413078 0.382789 0.342410 0.254734 0.985212 0.509189 0.633308 0.538951 0.606795 0.476301 0.524086 0.578132 0.440994 0.403749 0.334551 0.399538 0.262870 0.310725 0.262964 0.276616 0.186553 0.182418 0.201673 0.230043 0.511961 0.287150 0.299025 0.362051 0.508873 0.578029 0.458246 0.727956 0.368641 0.422066 0.287468 0.454623 0.245587 0.212159 0.447590 0.280736 0.234967 0.298837 0.852129 0.944282 0.451256 0.405304 0.467850 0.485479 0.472591 0.620266 0.582942 0.453278 0.465020 0.584633 0.379628 0.264774 0.521255 0.450944 0.335369 0.313403 0.294854 0.301820 0.750604 0.685893 0.602539 0.458055 0.601366 0.511156 0.417580 0.514986 0.566028 0.998593
0.590524 0.578309 0.611545 0.639210 0.000000 0.800298 0.577823 0.590009 0.693910 0.684041 0.637153 0.619929 0.590667 0.685161 0.626077 0.663212 0.655389 0.608998 0.504302 0.617654 0.721756 0.804596 0.644420 0.728720 0.836170 0.946486 0.986819 0.761849 0.620619 0.651195 0.721236 0.788997 0.565353 0.584216 0.750345 0.729853 0.663249 0.636676 0.912684 0.717378 0.904064 0.586513 0.562621 0.547067 0.574586 0.635146 0.702917 0.610435 0.924352 0.765984 0.818800 0.768421 0.888016 0.815511 0.908964 0.916443 0.586731 0.649515 0.623961 0.659373 0.555089 0.618231 0.582323 0.612770 0.619538 0.591547 0.619579 0.582826 0.622380 0.681601 0.602814 0.618661 0.828548 0.861538 0.877028 0.984275 0.701061 0.702494 0.723866 0.783835 0.637010 0.663373 0.744080 0.680907 0.667543 0.648719 0.920230 0.984727 0.843077 0.903919 0.706942 0.705885 0.750341 0.717155 0.895483 0.851744 0.755953 0.842055 0.591911 0.550535 0.805486 0.656664 0.570084 0.613835 0.510201 0.642503 0.719239 0.817596 0.847745 0.912730 0.700625 0.659924 0.703124 0.855048 0.642667 0.811698
0.604229 0.634224 0.550388 0.520747 0.800298 0.000000 0.504592 0.472436 0.533793 0.487938 0.668881 0.589542 0.592407 0.701289 0.657315 0.627252 0.696967 0.659507 0.615139 0.605124 0.691395 0.802061 0.585542 0.808987 0.722866 0.528787 0.969610 0.724838 0.700547 0.686911 0.559077 0.647250 0.571488 0.579892 0.591289 0.757162 0.513546 0.868308 0.798661 0.888493 0.842794 0.680739 0.534124 0.611074 0.565978 0.584971 0.551831 0.624680 0.944895 0.795390 0.744471 0.703913 0.760865 0.805061 0.763687 0.680559 0.716399 0.709489 0.622237 0.682335 0.579536 0.624359 0.600547 0.610310 0.597068 0.551727 0.509029 0.478623 0.791033 0.711886 0.511761 0.598828 0.813333 0.890563 0.841321 0.843806 0.651262 0.660644 0.674167 0.794279 0.559838 0.592002 0.864756 0.672832 0.619390 0.717607 0.900913 0.712599 0.734370 0.738100 0.424186 0.480403 0.376483 0.588446 0.725388 0.747267 0.584984 0.804975 0.488396 0.515392 0.521061 0.547778 0.614695 0.607240 0.619005 0.541730 0.929604 0.642579 0.791849 0.798860 0.735064 0.551221 0.620522 0.825630 0.673890 0.817609
0.261878 0.369139 0.131842 0.158146 0.577823 0.504592 0.000000 0.139255 0.397998 0.222232 0.310143 0.307359 0.285177 0.401899 0.350557 0.345301 0.319925 0.288834 0.188794 0.278235 0.469214 0.858147 0.259173 0.514451 0.556741 0.508380 0.975007 0.799178 0.376942 0.276373 0.237524 0.362561 0.188725 0.184111 0.412111 0.566430 0.331466 0.419082 0.564587 0.665745 0.675213 0.560334 0.182395 0.194797 0.292229 0.284399 0.303290 0.244760 0.970213 0.527470 0.576124 0.503397 0.594468 0.461058 0.509175 0.595941 0.373735 0.374709 0.250529 0.337954 0.185031 0.300940 0.231039 0.277884 0.211239 0.167638 0.147774 0.152884 0.434116 0.301114 0.288224 0.286506 0.436051 0.466863 0.498870 0.743855 0.402781 0.389826 0.310359 0.420913 0.237228 0.243091 0.555316 0.378566 0.278232 0.425530 0.953977 0.817714 0.434474 0.533017 0.416451 0.433741 0.425503 0.550147 0.628255 0.483760 0.381287 0.576394 0.272197 0.228998 0.494691 0.363450 0.328850 0.291104 0.278619 0.299416 0.686110 0.629561 0.549172 0.443202 0.551635 0.446683 0.334474 0.508574 0.493372 0.866588
0.226663 0.271275 0.188875 0.146777 0.590009 0.472436 0.139255 0.000000 0.358377 0.181909 0.304742 0.198972 0.199638 0.252985 0.245423 0.233496 0.259255 0.223248 0.182832 0.211352 0.423618 0.809909 0.212575 0.415226 0.495421 0.504449 0.960060 0.891110 0.269631 0.210658 0.210355 0.323857 0.159501 0.164266 0.381270 0.533301 0.298909 0.391610 0.615098 0.665217 0.622679 0.521744 0.178981 0.205569 0.255204 0.263015 0.291590 0.241717 0.871891 0.455371 0.512297 0.414822 0.538323 0.472507 0.512862 0.594563 0.327891 0.298224 0.274694 0.312443 0.183485 0.206520 0.191874 0.179339 0.262629 0.195677 0.191635 0.212743 0.428866 0.262909 0.260933 0.289774 0.446978 0.524774 0.539690 0.676629 0.319373 0.304538 0.252781 0.378160 0.170811 0.183668 0.433037 0.300026 0.243865 0.353111 0.996078 0.831753 0.467613 0.439604 0.357929 0.398719 0.375297 0.554442 0.516523 0.413445 0.338625 0.540376 0.225708 0.170254 0.399414 0.419279 0.265205 0.257524 0.240361 0.259034 0.656435 0.565586 0.551627 0.429174 0.550105 0.400079 0.341759 0.467046 0.490535 0.908499
0.406066 0.444958 0.418487 0.460965 0.693910 0.533793 0.397998 0.358377 0.000000 0.332037 0.409407 0.394802 0.411280 0.530418 0.487052 0.498185 0.452335 0.452747 0.446000 0.409844 0.706485 0.947518 0.550609 0.775129 0.686181 0.708916 0.861915 0.914661 0.473696 0.462605 0.470445 0.619681 0.391460 0.431485 0.532837 0.719389 0.553108 0.655357 0.876250 0.739309 0.673044 0.827996 0.449402 0.457523 0.409763 0.425234 0.464439 0.503333 0.898721 0.610698 0.632222 0.559071 0.704174 0.691125 0.699750 0.629226 0.497438 0.468595 0.441300 0.436573 0.366151 0.367040 0.454060 0.435731 0.487526 0.423801 0.463366 0.435326 0.461798 0.474544 0.479855 0.511366 0.446590 0.481347 0.809156 0.698065 0.477367 0.459891 0.566091 0.531937 0.452268 0.488944 0.771378 0.650673 0.579124 0.745811 0.888800 0.600989 0.663680 0.720899 0.473437 0.463498 0.495555 0.512772 0.647977 0.648732 0.582107 0.782266 0.340526 0.382468 0.564875 0.546384 0.544323 0.409511 0.437813 0.538173 0.750721 0.671019 0.773367 0.602122 0.534865 0.545618 0.486233 0.632529 0.571368 0.818496
0.339222 0.394957 0.292983 0.239918 0.684041 0.487938 0.222232 0.181909 0.332037 0.000000 0.369124 0.316248 0.340924 0.398715 0.355847 0.355733 0.344642 0.328392 0.286534 0.314510 0.526921 0.806356 0.322704 0.574095 0.601408 0.540640 0.909406 0.869768 0.401996 0.309675 0.324842 0.425030 0.282564 0.279868 0.398986 0.581477 0.397147 0.499198 0.702888 0.679801 0.731779 0.547986 0.301343 0.330688 0.372614 0.401746 0.450696 0.365154 0.995346 0.598987 0.645195 0.546254 0.637154 0.569756 0.620969 0.635012 0.434720 0.442745 0.429952 0.466185 0.307861 0.321508 0.342336 0.326646 0.339440 0.265910 0.301857 0.329305 0.445069 0.405376 0.311706 0.375387 0.366765 0.465477 0.599434 0.561782 0.379369 0.316881 0.393558 0.473750 0.273072 0.293990 0.557140 0.414805 0.422729 0.554205 0.953086 0.718553 0.621481 0.624912 0.359625 0.351211 0.360028 0.465788 0.629086 0.396013 0.440823 0.642161 0.240039 0.235156 0.522853 0.466685 0.409777 0.313954 0.367708 0.388061 0.658993 0.582579 0.676815 0.499503 0.562368 0.461297 0.394257 0.522991 0.559148 0.939241
0.156134 0.214270 0.337855 0.383166 0.637153 0.668881 0.310143 0.304742 0.409407 0.369124 0.000000 0.182893 0.195947 0.301438 0.272408 0.294055 0.184494 0.185966 0.210268 0.201080 0.507661 0.918047 0.398989 0.563384 0.660215 0.699498 0.959570 0.806002 0.257277 0.217840 0.326921 0.419146 0.226699 0.219840 0.578381 0.681126 0.405891 0.453893 0.773897 0.666390 0.558506 0.607566 0.333181 0.285079 0.360409 0.331430 0.332308 0.356493 0.887147 0.497247 0.582298 0.514113 0.667424 0.717322 0.582252 0.487337 0.207321 0.209535 0.279580 0.303382 0.179419 0.265226 0.183515 0.195555 0.403127 0.330455 0.348072 0.374172 0.240335 0.256925 0.336135 0.304533 0.388940 0.412312 0.705774 0.580869 0.386838 0.341857 0.272315 0.238563 0.211266 0.250362 0.525137 0.439652 0.350100 0.532719 0.898814 0.753566 0.534877 0.570029 0.631634 0.702387 0.677494 0.769135 0.682973 0.557379 0.402782 0.603724 0.278487 0.298685 0.603454 0.631436 0.294989 0.341060 0.337341 0.333170 0.674883 0.785308 0.676449 0.548746 0.703004 0.527261 0.470867 0.521804 0.455376 0.838166
0.152473 0.136026 0.342863 0.286788 0.619929 0.589542 0.307359 0.198972 0.394802 0.316248 0.182893 0.000000 0.119812 0.151011 0.140110 0.155581 0.151770 0.118377 0.171139 0.155307 0.452380 0.883851 0.271413 0.416448 0.504551 0.661474 0.997058 0.946410 0.155576 0.136974 0.249406 0.358685 0.154583 0.190830 0.557320 0.663340 0.296592 0.401263 0.718806 0.666039 0.528912 0.525497 0.267943 0.239878 0.300150 0.260668 0.285064 0.283364 0.763916 0.409598 0.513513 0.409550 0.600870 0.628888 0.562923 0.568824 0.178403 0.149481 0.289026 0.281738 0.171732 0.175247 0.129057 0.095076 0.391126 0.309235 0.362151 0.372355 0.322549 0.224436 0.263516 0.245364 0.467912 0.543447 0.655424 0.596343 0.293149 0.266201 0.227565 0.254223 0.137375 0.166340 0.344682 0.276413 0.256121 0.353853 0.992893 0.852672 0.499301 0.476119 0.576090 0.628725 0.602160 0.766568 0.534811 0.462670 0.402257 0.522488 0.256062 0.237931 0.538049 0.630844 0.250022 0.301879 0.254549 0.278570 0.683149 0.674328 0.620571 0.467106 0.651489 0.446803 0.415969 0.474679 0.482480 0.876206
0.141255 0.155603 0.306795 0.282448 0.590667 0.592407 0.285177 0.199638 0.411280 0.340924 0.195947 0.119812 0.000000 0.158025 0.133174 0.163003 0.183108 0.144389 0.186292 0.195411 0.426755 0.887235 0.249840 0.393400 0.493315 0.626630 0.987592 0.943568 0.188682 0.161729 0.228600 0.367809 0.165949 0.202550 0.544137 0.667869 0.272084 0.373652 0.703362 0.671035 0.564226 0.488502 0.247447 0.239882 0.292420 0.260219 0.254461 0.263353 0.763108 0.379842 0.492256 0.381430 0.607247 0.588442 0.566952 0.564873 0.202939 0.160495 0.265163 0.260230 0.156945 0.186970 0.119801 0.109210 0.349073 0.308414 0.349537 0.365475 0.364220 0.269748 0.283517 0.288646 0.492179 0.511317 0.642079 0.602488 0.359167 0.290231 0.216749 0.273001 0.146657 0.182189 0.367961 0.303187 0.212449 0.331566 0.966019 0.895216 0.453994 0.422355 0.587393 0.643101 0.606798 0.783842 0.486199 0.471436 0.363141 0.520401 0.280113 0.266582 0.583720 0.629452 0.248403 0.298327 0.263939 0.273262 0.652047 0.677518 0.586699 0.471063 0.664144 0.462287 0.416352 0.491488 0.451610 0.902345
0.257789 0.176018 0.444106 0.333461 0.685161 0.701289 0.401899 0.252985 0.530418 0.398715 0.301438 0.151011 0.158025 0.000000 0.139156 0.143560 0.216645 0.167632 0.238136 0.223430 0.427035 0.898890 0.239050 0.299786 0.466272 0.679937 0.989435 0.960464 0.168227 0.160254 0.262007 0.324102 0.220150 0.265554 0.582353 0.659984 0.346775 0.421355 0.713965 0.675405 0.627921 0.506226 0.295414 0.303573 0.377231 0.338643 0.312754 0.293746 0.768756 0.455159 0.566102 0.470176 0.608542 0.612280 0.597902 0.646407 0.225979 0.193150 0.374950 0.366169 0.268688 0.232108 0.180866 0.137894 0.442782 0.384299 0.456307 0.462420 0.431961 0.327667 0.325378 0.373521 0.540135 0.636816 0.730961 0.650451 0.325277 0.295773 0.259046 0.282649 0.184825 0.189119 0.255439 0.276684 0.235182 0.275007 0.987772 0.978406 0.541641 0.432451 0.691947 0.726929 0.717566 0.911672 0.521164 0.476273 0.412836 0.501396 0.381065 0.300333 0.623215 0.722770 0.256170 0.339078 0.330781 0.319404 0.697862 0.673928 0.621306 0.486784 0.676929 0.497463 0.512069 0.445875 0.551040 0.972482
0.228314 0.195737 0.369135 0.296495 0.626077 0.657315 0.350557 0.245423 0.487052 0.355847 0.272408 0.140110 0.133174 0.139156 0.000000 0.151103 0.221892 0.173072 0.223447 0.223588 0.378832 0.877343 0.224249 0.335342 0.432404 0.632489 0.922885 0.949296 0.195317 0.156413 0.245048 0.351213 0.212833 0.243941 0.591962 0.693606 0.283636 0.386391 0.706712 0.628699 0.628174 0.503484 0.287477 0.265768 0.374936 0.325363 0.306678 0.261703 0.786444 0.409647 0.572419 0.446925 0.633648 0.571244 0.583590 0.609291 0.242154 0.207844 0.362787 0.355789 0.239042 0.221411 0.175424 0.151550 0.359099 0.332482 0.430663 0.449840 0.437708 0.319674 0.312447 0.336155 0.510006 0.595322 0.717316 0.623026 0.330776 0.287919 0.234528 0.307956 0.180857 0.197869 0.338159 0.280872 0.218662 0.287093 0.909963 0.989655 0.475663 0.418514 0.637028 0.677037 0.671309 0.847936 0.500384 0.399431 0.426021 0.508144 0.337980 0.292723 0.671285 0.681140 0.284064 0.323532 0.300305 0.307376 0.670109 0.687094 0.598680 0.517155 0.677962 0.490842 0.455110 0.460723 0.523378 0.928698
0.273199 0.218597 0.357010 0.269474 0.663212 0.627252 0.345301 0.233496 0.498185 0.355733 0.294055 0.155581 0.163003 0.143560 0.151103 0.000000 0.211965 0.162570 0.220943 0.201537 0.433364 0.850710 0.184470 0.276032 0.442451 0.600362 0.965875 0.947299 0.173115 0.131487 0.250846 0.288582 0.210768 0.239385 0.587004 0.649988 0.289842 0.438979 0.651832 0.640885 0.595565 0.491538 0.257301 0.254325 0.424356 0.362076 0.331353 0.280064 0.890867 0.496331 0.645160 0.540257 0.677739 0.662617 0.683934 0.689873 0.246823 0.214697 0.383063 0.396517 0.256369 0.231503 0.184405 0.150537 0.378788 0.300655 0.411691 0.416854 0.449790 0.330403 0.289118 0.359186 0.542308 0.624782 0.678452 0.618591 0.312267 0.272929 0.252099 0.301194 0.178992 0.178204 0.288895 0.250231 0.250214 0.264324 0.966300 0.926720 0.536066 0.429735 0.663524 0.684298 0.697596 0.863795 0.523392 0.438588 0.472807 0.498185 0.390210 0.285247 0.650295 0.686411 0.263834 0.279179 0.304710 0.306268 0.747611 0.780512 0.620540 0.474457 0.682503 0.522267 0.494194 0.466013 0.527218 0.906467
0.182433 0.164830 0.373371 0.357598 0.655389 0.696967 0.319925 0.259255 0.452335 0.344642 0.184494 0.151770 0.183108 0.216645 0.221892 0.211965 0.000000 0.110894 0.173115 0.166105 0.477403 0.901974 0.315603 0.455706 0.547454 0.717864 0.994061 0.846429 0.168961 0.144202 0.279436 0.351978 0.204163 0.187178 0.590038 0.677205 0.367317 0.430510 0.728201 0.727816 0.535756 0.534849 0.297069 0.237296 0.345057 0.313808 0.315488 0.352102 0.876862 0.505401 0.634396 0.523814 0.718781 0.703082 0.644614 0.632442 0.152219 0.148735 0.321180 0.331018 0.211001 0.244747 0.156982 0.143185 0.418785 0.346545 0.390340 0.392703 0.277502 0.237604 0.282968 0.269129 0.420008 0.460890 0.676510 0.575959 0.339629 0.318007 0.229734 0.200055 0.140748 0.182660 0.392980 0.342854 0.324313 0.427320 0.957910 0.870565 0.558879 0.555606 0.669683 0.684818 0.689294 0.769959 0.563531 0.494615 0.414533 0.524011 0.343224 0.275050 0.676852 0.666497 0.316599 0.310632 0.328497 0.334034 0.669344 0.715420 0.655623 0.473691 0.615071 0.471980 0.475288 0.400397 0.557497 0.778469
0.166412 0.127670 0.351489 0.311257 0.608998 0.659507 0.288834 0.223248 0.452747 0.328392 0.185966 0.118377 0.144389 0.167632 0.173072 0.162570 0.110894 0.000000 0.139477 0.135444 0.453052 0.904125 0.260858 0.405223 0.531812 0.715557 0.994750 0.828520 0.147285 0.113470 0.272572 0.333087 0.168351 0.173264 0.563457 0.671356 0.314623 0.402688 0.717671 0.710092 0.587660 0.487776 0.250788 0.206583 0.318519 0.282273 0.308665 0.280859 0.863216 0.489355 0.607162 0.505747 0.672229 0.671810 0.601047 0.638140 0.118395 0.120635 0.308846 0.327417 0.188184 0.221980 0.120668 0.109476 0.392098 0.329042 0.371741 0.372454 0.280620 0.246633 0.243789 0.230200 0.436535 0.485268 0.633389 0.618993 0.313673 0.274418 0.204814 0.188334 0.108366 0.142499 0.323762 0.281204 0.265037 0.359951 0.992042 0.918734 0.539220 0.521909 0.632612 0.648288 0.653920 0.776974 0.571050 0.478027 0.401907 0.531805 0.300295 0.225142 0.630029 0.648060 0.260100 0.270126 0.277629 0.291411 0.673299 0.741034 0.637081 0.453216 0.624641 0.410153 0.434733 0.415942 0.492214 0.858979
0.177257 0.187401 0.258881 0.231233 0.504302 0.615139 0.188794 0.182832 0.446000 0.286534 0.210268 0.171139 0.186292 0.238136 0.223447 0.220943 0.173115 0.139477 0.000000 0.141147 0.451619 0.889370 0.219036 0.405152 0.525983 0.663822 0.989389 0.718857 0.210492 0.171360 0.244935 0.305023 0.157070 0.150653 0.507143 0.554910 0.313267 0.395869 0.599390 0.685406 0.677462 0.490915 0.193239 0.180587 0.304443 0.300452 0.280332 0.220392 0.919717 0.515425 0.630628 0.548089 0.698055 0.609331 0.593269 0.666809 0.180630 0.204336 0.277641 0.339610 0.169460 0.257007 0.130017 0.159772 0.305688 0.245780 0.267581 0.266440 0.331749 0.253687 0.192754 0.236132 0.461924 0.506411 0.598789 0.658512 0.335277 0.323602 0.247043 0.260684 0.139647 0.170572 0.364165 0.297530 0.239198 0.342232 0.956093 0.854094 0.536624 0.568421 0.570202 0.596156 0.598166 0.718169 0.630319 0.480456 0.377483 0.486616 0.275161 0.188071 0.610068 0.546340 0.253152 0.272598 0.269911 0.276257 0.666338 0.701365 0.594049 0.481493 0.574071 0.398494 0.436396 0.469714 0.434665 0.867559
0.189876 0.167257 0.324150 0.280342 0.617654 0.605124 0.278235 0.211352 0.409844 0.314510 0.201080 0.155307 0.195411 0.223430 0.223588 0.201537 0.166105 0.135444 0.141147 0.000000 0.439987 0.877555 0.261039 0.406994 0.530294 0.689553 0.993667 0.779842 0.204693 0.158320 0.275135 0.303155 0.195940 0.175279 0.562747 0.575334 0.316689 0.417411 0.695709 0.738888 0.573793 0.574611 0.241607 0.218196 0.345199 0.321002 0.325474 0.290888 0.924134 0.530284 0.651128 0.577036 0.716895 0.685437 0.617499 0.637284 0.175031 0.176077 0.331042 0.375127 0.218737 0.248808 0.159097 0.158886 0.385750 0.326475 0.333568 0.345954 0.303547 0.255442 0.214497 0.266769 0.425902 0.481410 0.645181 0.630238 0.331522 0.309565 0.234194 0.227682 0.155779 0.184502 0.400550 0.328143 0.301572 0.389631 0.948175 0.854531 0.600018 0.573708 0.584029 0.623047 0.625613 0.746701 0.586466 0.516919 0.444614 0.570484 0.300583 0.228578 0.597739 0.601884 0.283635 0.288253 0.313319 0.269435 0.707626 0.735537 0.625048 0.485198 0.581022 0.420612 0.476312 0.450464 0.460237 0.888741
0.475436 0.469200 0.466759 0.411610 0.721756 0.691395 0.469214 0.423618 0.706485 0.526921 0.507661 0.452380 0.426755 0.427035 0.378832 0.433364 0.477403 0.453052 0.451619 0.439987 0.000000 0.732181 0.420406 0.496395 0.439832 0.592761 0.964266 0.980379 0.507804 0.411487 0.423158 0.506087 0.423000 0.403149 0.661631 0.767187 0.453187 0.522309 0.719764 0.725588 0.773817 0.646923 0.456194 0.441435 0.586267 0.508404 0.476929 0.445634 0.873596 0.572680 0.696496 0.654750 0.805535 0.710781 0.561618 0.667243 0.521862 0.485072 0.483638 0.540646 0.454550 0.487435 0.416511 0.421462 0.478383 0.517233 0.502332 0.506217 0.632193 0.572221 0.521879 0.537264 0.602004 0.822531 0.746674 0.874151 0.547053 0.460132 0.454191 0.581120 0.421615 0.404170 0.584757 0.495900 0.421853 0.481945 0.998246 0.988968 0.637825 0.559711 0.719742 0.748939 0.695195 0.887873 0.691657 0.432436 0.670810 0.665876 0.594228 0.512598 0.805231 0.788359 0.440432 0.546708 0.520795 0.413436 0.770074 0.825484 0.518737 0.651952 0.712175 0.658217 0.594569 0.642494 0.626630 0.874301
0.908469 0.900760 0.794345 0.782661 0.804596 0.802061 0.858147 0.809909 0.947518 0.806356 0.918047 0.883851 0.887235 0.898890 0.877343 0.850710 0.901974 0.904125 0.889370 0.877555 0.732181 0.000000 0.836407 0.887994 0.844023 0.811482 0.738733 0.890546 0.884215 0.851562 0.805945 0.878389 0.882519 0.821876 0.889077 0.913399 0.832915 0.795595 0.858032 0.757374 0.917535 0.835699 0.799303 0.789968 0.904826 0.946557 0.915330 0.970382 0.967209 0.929904 0.967804 0.891794 0.917735 0.892599 0.884650 0.919010 0.949900 0.939595 0.893840 0.951362 0.935404 0.921432 0.913494 0.893409 0.836460 0.847941 0.854966 0.887626 0.906976 0.823351 0.785377 0.859540 0.872522 0.998000 0.861986 0.786468 0.866955 0.858285 0.828105 0.932220 0.902574 0.877585 0.867694 0.875288 0.919815 0.912953 0.904708 0.993985 0.951086 0.934005 0.909333 0.897430 0.906018 0.858630 0.882195 0.680997 0.947608 0.939689 0.877311 0.858050 0.848945 0.837373 0.848413 0.779119 0.775754 0.804902 0.956390 0.985336 0.960988 0.894786 0.873418 0.912895 0.901237 0.869740 0.905373 0.894091
0.351122 0.324364 0.266844 0.186477 0.644420 0.585542 0.259173 0.212575 0.550609 0.322704 0.398989 0.271413 0.249840 0.239050 0.224249 0.184470 0.315603 0.260858 0.219036 0.261039 0.420406 0.836407 0.000000 0.203430 0.392610 0.509019 0.903032 0.897368 0.299360 0.219554 0.205226 0.236067 0.235705 0.269050 0.546494 0.526352 0.270661 0.430730 0.580877 0.713926 0.723395 0.464039 0.233137 0.294143 0.469147 0.445536 0.380405 0.307408 0.978366 0.576405 0.727124 0.633780 0.692730 0.526086 0.666734 0.750702 0.357926 0.347884 0.462570 0.519303 0.324793 0.361263 0.245005 0.256595 0.247814 0.273111 0.357643 0.397378 0.582726 0.405611 0.231869 0.350513 0.576709 0.625418 0.604254 0.773514 0.349974 0.360951 0.310804 0.413062 0.235194 0.219148 0.339683 0.280483 0.190621 0.212215 0.827479 0.915079 0.532698 0.461956 0.570036 0.573485 0.590420 0.768493 0.585825 0.422297 0.476760 0.526985 0.428081 0.278585 0.652672 0.591044 0.366817 0.327083 0.372010 0.305305 0.763609 0.726693 0.629217 0.523554 0.681619 0.515209 0.466891 0.523723 0.557313 0.929046
0.557980 0.470802 0.498121 0.351951 0.728720 0.808987 0.514451 0.415226 0.775129 0.574095 0.563384 0.416448 0.393400 0.299786 0.335342 0.276032 0.455706 0.405223 0.405152 0.406994 0.496395 0.887994 0.203430 0.000000 0.369537 0.670763 0.944721 0.943210 0.380855 0.325462 0.394400 0.290871 0.422624 0.447670 0.732056 0.590850 0.410533 0.516520 0.663882 0.812821 0.806637 0.599441 0.428797 0.503303 0.733129 0.685770 0.552927 0.477181 0.882310 0.737994 0.902415 0.810759 0.838068 0.687077 0.832883 0.909529 0.485084 0.476557 0.695643 0.717409 0.548712 0.514234 0.405825 0.395612 0.451120 0.471628 0.602436 0.660702 0.742602 0.548980 0.425457 0.581168 0.702109 0.756723 0.743724 0.822348 0.501447 0.532218 0.414650 0.499906 0.389686 0.337126 0.350776 0.364815 0.324572 0.232441 0.831486 0.725404 0.630981 0.490000 0.815858 0.824841 0.839178 0.986400 0.694901 0.490941 0.655626 0.562427 0.673107 0.466528 0.754674 0.780122 0.514789 0.490094 0.491928 0.483359 0.937734 0.868085 0.661819 0.658534 0.768630 0.678227 0.702244 0.556701 0.760183 0.982841
0.598108 0.525549 0.481901 0.412674 0.836170 0.722866 0.556741 0.495421 0.686181 0.601408 0.660215 0.504551 0.493315 0.466272 0.432404 0.442451 0.547454 0.531812 0.525983 0.530294 0.439832 0.844023 0.392610 0.369537 0.000000 0.433080 0.695786 0.892738 0.513835 0.433003 0.386267 0.490234 0.500176 0.479641 0.616894 0.656299 0.417078 0.584643 0.591781 0.834047 0.709989 0.725949 0.501516 0.542419 0.695360 0.638306 0.505514 0.455071 0.960363 0.604534 0.820780 0.695193 0.864702 0.763083 0.751760 0.829842 0.589941 0.533091 0.614880 0.640579 0.576647 0.582836 0.513883 0.492931 0.440289 0.532916 0.575618 0.595631 0.739339 0.573692 0.564583 0.638686 0.641963 0.817968 0.713216 0.892314 0.552904 0.627178 0.514771 0.687163 0.500557 0.468599 0.539382 0.476938 0.452847 0.382971 0.888418 0.948839 0.687229 0.485857 0.832248 0.854592 0.762073 0.948225 0.651984 0.568168 0.727011 0.564032 0.714026 0.607888 0.770772 0.867196 0.655359 0.601397 0.562663 0.507733 0.960157 0.838719 0.635347 0.666199 0.645909 0.718957 0.730904 0.638063 0.734618 0.803264
0.684876 0.742220 0.385601 0.396160 0.946486 0.528787 0.508380 0.504449 0.708916 0.540640 0.699498 0.661474 0.626630 0.679937 0.632489 0.600362 0.717864 0.715557 0.663822 0.689553 0.592761 0.811482 0.509019 0.670763 0.433080 0.000000 0.664715 0.727218 0.731612 0.622831 0.426822 0.584353 0.557967 0.551022 0.436479 0.568348 0.514500 0.711075 0.616271 0.713051 0.779728 0.771147 0.549975 0.600194 0.713840 0.663677 0.524361 0.524862 0.990632 0.658117 0.769546 0.674332 0.729048 0.717069 0.664189 0.606606 0.825222 0.742811 0.571082 0.609620 0.587016 0.630208 0.634938 0.645900 0.376796 0.442742 0.451239 0.456509 0.815686 0.624370 0.700988 0.762425 0.748507 0.849646 0.574288 0.897110 0.661048 0.755757 0.620583 0.819549 0.618129 0.567905 0.713422 0.605813 0.494942 0.526385 0.991528 0.936879 0.611581 0.446424 0.713162 0.756286 0.650858 0.852924 0.628042 0.726553 0.643721 0.764066 0.738592 0.657992 0.738052 0.723650 0.652904 0.635709 0.700860 0.582282 0.826420 0.834230 0.788371 0.721886 0.863991 0.825799 0.731172 0.797889 0.658959 0.845868
0.976694 0.973970 0.901691 0.926057 0.986819 0.969610 0.975007 0.960060 0.861915 0.909406 0.959570 0.997058 0.987592 0.989435 0.922885 0.965875 0.994061 0.994750 0.989389 0.993667 0.964266 0.738733 0.903032 0.944721 0.695786 0.664715 0.000000 0.848170 0.995928 0.939205 0.831413 0.929974 0.995348 0.962605 0.929487 0.973389 0.903325 0.964166 0.966482 0.935327 0.951640 0.922009 0.914936 0.884273 0.996013 0.990482 0.956742 0.944660 0.948431 0.881230 0.971514 0.939703 0.938505 0.914601 0.971172 0.972849 0.972338 0.924780 0.999693 0.989125 0.944651 0.916325 0.982880 0.979062 0.836777 0.984087 0.989201 0.991027 0.957804 0.869318 0.995704 0.956588 0.998733 0.980552 0.853186 0.990872 0.930766 0.872442 0.908553 0.979779 0.978212 0.984943 0.934763 0.943160 0.951884 0.880983 0.881109 0.858398 0.913428 0.841102 0.846309 0.897613 0.855740 0.887465 0.898205 0.920592 0.914869 0.984572 0.857454 0.923759 0.960355 0.979010 0.911312 0.972470 0.873407 0.953277 0.983718 0.861487 0.939958 0.917453 0.961467 0.958197 0.970260 0.983270 0.996199 0.994044
0.874890 0.890843 0.908126 0.947085 0.761849 0.724838 0.799178 0.891110 0.914661 0.869768 0.806002 0.946410 0.943568 0.960464 0.949296 0.947299 0.846429 0.828520 0.718857 0.779842 0.980379 0.890546 0.897368 0.943210 0.892738 0.727218 0.848170 0.000000 0.870127 0.875911 0.985060 0.888140 0.923351 0.858124 0.990531 0.859305 0.986126 0.889883 0.814221 0.927990 0.991400 0.889315 0.815805 0.835749 0.908283 0.939453 0.964655 0.810775 0.771064 0.947720 0.875351 0.896256 0.921020 0.889329 0.969680 0.803236 0.788159 0.874860 0.978210 0.957483 0.867288 0.933028 0.886314 0.941138 0.947863 0.872227 0.877499 0.907338 0.845686 0.900363 0.831006 0.812541 0.671090 0.659901 0.984767 0.926775 0.931338 0.941833 0.895973 0.795299 0.885923 0.943701 0.956826 0.951448 0.952784 0.957178 0.859736 0.933902 0.931657 0.854389 0.930011 0.898043 0.999999 0.895278 0.965925 0.914017 0.954428 0.946235 0.819623 0.826619 0.955994 0.826692 0.895826 0.827696 0.881736 0.977036 0.871852 0.979391 0.984602 0.990930 0.762573 0.908928 0.948769 0.919103 0.852934 0.901530
0.238933 0.193595 0.425088 0.362098 0.620619 0.700547 0.376942 0.269631 0.473696 0.401996 0.257277 0.155576 0.188682 0.168227 0.195317 0.173115 0.168961 0.147285 0.210492 0.204693 0.507804 0.884215 0.299360 0.380855 0.513835 0.731612 0.995928 0.870127 0.000000 0.147845 0.299334 0.340058 0.209901 0.217676 0.589699 0.700471 0.397178 0.502746 0.693680 0.736314 0.619825 0.510689 0.297793 0.266709 0.389425 0.323671 0.294789 0.282284 0.841455 0.472910 0.601344 0.484011 0.628597 0.645507 0.587985 0.654661 0.192063 0.183626 0.350327 0.355564 0.238631 0.212950 0.167190 0.145052 0.447780 0.345727 0.411772 0.424422 0.335665 0.246837 0.354374 0.384674 0.480812 0.537450 0.682367 0.591673 0.373171 0.317668 0.229562 0.251029 0.157534 0.190822 0.319059 0.276605 0.283954 0.332771 0.941071 0.987912 0.605374 0.466826 0.706793 0.726185 0.729907 0.886404 0.539020 0.520358 0.459788 0.509445 0.386833 0.287629 0.628241 0.624847 0.290001 0.303579 0.300151 0.345711 0.737227 0.823925 0.709065 0.498050 0.585192 0.508261 0.511052 0.431302 0.571710 0.897366
0.212860 0.188605 0.295890 0.243609 0.651195 0.686911 0.276373 0.210658 0.462605 0.309675 0.217840 0.136974 0.161729 0.160254 0.156413 0.131487 0.144202 0.113470 0.171360 0.158320 0.411487 0.851562 0.219554 0.325462 0.433003 0.622831 0.939205 0.875911 0.147845 0.000000 0.225613 0.278475 0.171922 0.169817 0.545336 0.641442 0.288303 0.368503 0.699583 0.697578 0.560590 0.536092 0.223089 0.193121 0.377663 0.300001 0.300573 0.243919 0.898647 0.450735 0.600764 0.495206 0.624191 0.592111 0.605286 0.610022 0.185484 0.181843 0.330445 0.357647 0.201433 0.201785 0.150966 0.129818 0.323480 0.261337 0.351939 0.367438 0.333867 0.241696 0.288951 0.307808 0.392057 0.461836 0.591893 0.591130 0.330578 0.278603 0.185001 0.241065 0.137461 0.150307 0.299009 0.256508 0.250914 0.314994 0.946093 0.996567 0.506242 0.483947 0.662690 0.679032 0.704174 0.815126 0.566824 0.443344 0.461735 0.499497 0.359933 0.249870 0.627125 0.634642 0.289225 0.257006 0.269646 0.285826 0.708435 0.747761 0.601686 0.416757 0.600449 0.469287 0.441725 0.427576 0.528982 0.895967
0.262543 0.304743 0.219614 0.193669 0.721236 0.559077 0.237524 0.210355 0.470445 0.324842 0.326921 0.249406 0.228600 0.262007 0.245048 0.250846 0.279436 0.272572 0.244935 0.275135 0.423158 0.805945 0.205226 0.394400 0.386267 0.426822 0.831413 0.985060 0.299334 0.225613 0.000000 0.273357 0.184204 0.205565 0.447998 0.548410 0.274634 0.420464 0.542550 0.681224 0.615185 0.576088 0.236488 0.249327 0.367815 0.343451 0.311435 0.282845 0.890005 0.472123 0.594241 0.502731 0.596308 0.548968 0.526633 0.561296 0.337607 0.314589 0.303402 0.357056 0.234351 0.310368 0.220415 0.226825 0.260365 0.271600 0.263706 0.291177 0.478633 0.304922 0.311290 0.379566 0.527527 0.601036 0.558760 0.695348 0.396706 0.384109 0.291160 0.399112 0.236224 0.236409 0.389582 0.316055 0.234195 0.317465 0.932541 0.916187 0.398286 0.404579 0.609832 0.646955 0.616932 0.765930 0.533242 0.536775 0.350868 0.518466 0.407488 0.350330 0.598898 0.534728 0.370268 0.370292 0.385988 0.286643 0.668668 0.689909 0.646479 0.504772 0.586220 0.560240 0.440274 0.510973 0.558273 0.929971
0.437277 0.425905 0.371025 0.290494 0.788997 0.647250 0.362561 0.323857 0.619681 0.425030 0.419146 0.358685 0.367809 0.324102 0.351213 0.288582 0.351978 0.333087 0.305023 0.303155 0.506087 0.878389 0.236067 0.290871 0.490234 0.584353 0.929974 0.888140 0.340058 0.278475 0.273357 0.000000 0.325219 0.306146 0.645723 0.558669 0.453590 0.651120 0.662864 0.802605 0.737910 0.619294 0.348791 0.392886 0.584237 0.553982 0.497122 0.384489 0.830954 0.745766 0.853230 0.764215 0.756194 0.680953 0.706652 0.763366 0.414265 0.425845 0.527767 0.561024 0.406608 0.446504 0.316831 0.334589 0.410380 0.361959 0.414023 0.443002 0.592798 0.424376 0.402601 0.507015 0.618948 0.682335 0.645067 0.795669 0.475063 0.445537 0.303309 0.419118 0.289682 0.253314 0.392918 0.322444 0.329150 0.318532 0.941004 0.870844 0.584517 0.506694 0.745641 0.759454 0.736533 0.931403 0.714140 0.520187 0.516676 0.568054 0.590895 0.402187 0.683247 0.635292 0.457411 0.412513 0.481577 0.435597 0.777315 0.856065 0.718092 0.583470 0.660813 0.657477 0.694203 0.520093 0.634657 0.889223
0.161964 0.224396 0.205674 0.191589 0.565353 0.571488 0.188725 0.159501 0.391460 0.282564 0.226699 0.154583 0.165949 0.220150 0.212833 0.210768 0.204163 0.168351 0.157070 0.195940 0.423000 0.882519 0.235705 0.422624 0.500176 0.557967 0.995348 0.923351 0.209901 0.171922 0.184204 0.325219 0.000000 0.128842 0.418464 0.577583 0.272057 0.382806 0.617809 0.637617 0.598963 0.515938 0.233477 0.207778 0.292960 0.255744 0.284153 0.258896 0.842070 0.453464 0.549201 0.448228 0.601804 0.557721 0.482407 0.521392 0.249718 0.226060 0.226065 0.259441 0.138221 0.217621 0.135954 0.143348 0.261318 0.219563 0.221140 0.229448 0.341135 0.215379 0.257480 0.275953 0.483060 0.570699 0.552017 0.733263 0.311552 0.279776 0.222243 0.312236 0.145811 0.147489 0.381607 0.267917 0.208353 0.301731 0.946141 0.888623 0.440824 0.450515 0.516889 0.537577 0.521988 0.653781 0.540155 0.509662 0.411125 0.570431 0.289678 0.252984 0.550414 0.468692 0.245223 0.273189 0.244844 0.297934 0.685708 0.673057 0.667690 0.478727 0.586288 0.444596 0.408937 0.475783 0.496843 0.916705
0.175684 0.229813 0.210589 0.203659 0.584216 0.579892 0.184111 0.164266 0.431485 0.279868 0.219840 0.190830 0.202550 0.265554 0.243941 0.239385 0.187178 0.173264 0.150653 0.175279 0.403149 0.821876 0.269050 0.447670 0.479641 0.551022 0.962605 0.858124 0.217676 0.169817 0.205565 0.306146 0.128842 0.000000 0.383129 0.552832 0.296143 0.379478 0.580316 0.618316 0.601334 0.510722 0.221935 0.194548 0.307726 0.289792 0.293433 0.238134 0.908010 0.471188 0.597985 0.486108 0.616975 0.588098 0.496179 0.534274 0.243103 0.230676 0.231366 0.271920 0.153869 0.229421 0.141976 0.161277 0.260353 0.207075 0.191409 0.212058 0.324632 0.203983 0.275224 0.294292 0.445326 0.549413 0.597848 0.663907 0.340646 0.307750 0.200091 0.299098 0.132969 0.143850 0.399805 0.276272 0.240730 0.338313 0.993597 0.840187 0.466524 0.457567 0.516770 0.565874 0.538911 0.666928 0.559394 0.484155 0.387257 0.490247 0.302909 0.246697 0.550453 0.492761 0.247742 0.235631 0.249547 0.260786 0.693173 0.673715 0.651916 0.477535 0.541513 0.422557 0.393495 0.436940 0.481458 0.865416
0.495608 0.597387 0.383952 0.403956 0.750345 0.591289 0.412111 0.381270 0.532837 0.398986 0.578381 0.557320 0.544137 0.582353 0.591962 0.587004 0.590038 0.563457 0.507143 0.562747 0.661631 0.889077 0.546494 0.732056 0.616894 0.436479 0.929487 0.990531 0.589699 0.545336 0.447998 0.645723 0.418464 0.383129 0.000000 0.440947 0.504842 0.527690 0.585669 0.777856 0.851648 0.715738 0.483512 0.509794 0.491677 0.496458 0.573810 0.490712 0.924730 0.625780 0.662661 0.591535 0.601848 0.672988 0.547446 0.571405 0.631116 0.621215 0.426360 0.469912 0.420681 0.473850 0.488166 0.504292 0.381300 0.369852 0.316040 0.356995 0.599944 0.523736 0.607849 0.665270 0.630411 0.749003 0.706197 0.818618 0.563557 0.611437 0.575441 0.709605 0.463676 0.466452 0.603807 0.530266 0.478128 0.544321 0.970401 0.817352 0.652692 0.562391 0.509660 0.582555 0.499206 0.620988 0.682896 0.700638 0.513070 0.637448 0.488494 0.468837 0.553403 0.586427 0.456315 0.501127 0.505630 0.513623 0.713972 0.626073 0.853030 0.666152 0.650653 0.466744 0.580065 0.718987 0.614527 0.989455
0.645408 0.677502 0.526468 0.522152 0.729853 0.757162 0.566430 0.533301 0.719389 0.581477 0.681126 0.663340 0.667869 0.659984 0.693606 0.649988 0.677205 0.671356 0.554910 0.575334 0.767187 0.913399 0.526352 0.590850 0.656299 0.568348 0.973389 0.859305 0.700471 0.641442 0.548410 0.558669 0.577583 0.552832 0.440947 0.000000 0.616404 0.523913 0.625319 0.919623 0.858431 0.857498 0.545918 0.630611 0.655624 0.695776 0.724925 0.632042 0.985505 0.780609 0.772165 0.736658 0.756084 0.715523 0.865134 0.902356 0.684405 0.704854 0.676249 0.707952 0.590316 0.624392 0.617819 0.627694 0.524066 0.534244 0.502153 0.575384 0.761150 0.681187 0.549238 0.737234 0.781050 0.809973 0.813260 0.885101 0.691114 0.744677 0.732344 0.717667 0.628158 0.625532 0.612996 0.695867 0.571779 0.554095 0.810339 0.983144 0.768888 0.647979 0.713507 0.834841 0.742715 0.828466 0.921324 0.708691 0.675032 0.786985 0.689575 0.622111 0.601177 0.745297 0.641365 0.637769 0.701755 0.593315 0.594782 0.721286 0.866874 0.896725 0.736142 0.664900 0.779853 0.737018 0.631046 0.860056
0.320399 0.343463 0.307022 0.271980 0.663249 0.513546 0.331466 0.298909 0.553108 0.397147 0.405891 0.296592 0.272084 0.346775 0.283636 0.289842 0.367317 0.314623 0.313267 0.316689 0.453187 0.832915 0.270661 0.410533 0.417078 0.514500 0.903325 0.986126 0.397178 0.288303 0.274634 0.453590 0.272057 0.296143 0.504842 0.616404 0.000000 0.370970 0.682486 0.750581 0.600817 0.516841 0.332279 0.354121 0.457950 0.424563 0.425082 0.365107 0.880176 0.538529 0.647352 0.572571 0.764072 0.693616 0.648210 0.649584 0.372200 0.358411 0.409624 0.484545 0.312418 0.346219 0.280150 0.286527 0.327342 0.340791 0.373746 0.428661 0.545995 0.418273 0.293068 0.387743 0.647946 0.691060 0.637634 0.763168 0.401583 0.406953 0.334344 0.521970 0.298612 0.305761 0.433204 0.305857 0.279712 0.373927 0.789738 0.958465 0.536817 0.505092 0.570197 0.627550 0.582468 0.723814 0.518806 0.598506 0.466598 0.563264 0.417209 0.390681 0.651758 0.639852 0.382974 0.446200 0.339274 0.315641 0.801364 0.653707 0.609840 0.608947 0.654793 0.453910 0.477565 0.626639 0.483921 0.891227
0.368972 0.413222 0.393545 0.385509 0.636676 0.868308 0.419082 0.391610 0.655357 0.499198 0.453893 0.401263 0.373652 0.421355 0.386391 0.438979 0.430510 0.402688 0.395869 0.417411 0.522309 0.795595 0.430730 0.516520 0.584643 0.711075 0.964166 0.889883 0.502746 0.368503 0.420464 0.651120 0.382806 0.379478 0.527690 0.523913 0.370970 0.000000 0.651908 0.628427 0.682358 0.643575 0.335663 0.368039 0.425898 0.396213 0.495436 0.434861 0.667588 0.406847 0.486483 0.442137 0.590271 0.513988 0.619037 0.634468 0.441122 0.437259 0.430442 0.468914 0.356471 0.401326 0.364175 0.372919 0.371805 0.433569 0.446194 0.516749 0.557885 0.434146 0.426401 0.487541 0.617360 0.605171 0.729021 0.753472 0.472400 0.544601 0.472939 0.526271 0.425442 0.432942 0.478796 0.446398 0.388632 0.471676 0.879856 0.958398 0.475433 0.535568 0.638696 0.703483 0.733024 0.740082 0.649879 0.503954 0.555134 0.598954 0.450752 0.452009 0.651725 0.717147 0.428330 0.398850 0.435604 0.379622 0.592331 0.556380 0.571108 0.548734 0.691626 0.584736 0.487785 0.624378 0.507000 0.873809
