0.000000 0.415522 0.841447 0.743893 0.832505 0.551226 0.553982 0.443803 0.741982 0.709734 0.392625 0.359447 0.550503 0.497880 0.874156 0.599091 0.409624 0.386958 0.423512 0.405854 0.979289 0.924772 0.954065 0.933273 0.914500 0.929039 0.884648 0.979511 0.556337 0.492560 0.736973 0.593902 0.509443 0.479327 0.826601 0.991652 0.764924 0.892550 0.944510 0.908605 0.876740 0.913962 0.506327 0.469957 0.494384 0.498747 0.567123 0.531872 0.694148 0.602601 0.765501 0.769918 0.873092 0.866129 0.940336 0.801412 0.346591 0.524690 0.500016 0.911536 0.498931 0.650622 0.421978 0.449490 0.944974 0.798060 0.599563 0.641999 0.850285 0.725109 0.700206 0.694628 0.847684 0.671079 0.974392 0.771584 0.606534 0.780238 0.841844 0.668542 0.507915 0.567990 0.711991 0.769612 0.906370 0.943917 0.984117 0.867540 0.995348 0.985640 0.569895 0.761047 0.675106 0.832129 0.764818 0.753858 0.795733 0.754530 0.441908 0.460417 0.616864 0.626006 0.530145 0.574135 0.754068 0.775374 0.851431 0.873842 0.986193 0.931767 0.912121 0.679225 0.667883 0.910627 0.804675 0.980096
0.415522 0.000000 0.873703 0.995737 0.949717 0.752078 0.820698 0.634704 0.926663 0.731632 0.701618 0.456547 0.909861 0.745344 0.916791 0.739521 0.326458 0.331739 0.692365 0.604328 0.951268 0.899989 0.829674 0.967285 0.937934 0.970003 0.858031 0.862508 0.573939 0.374996 0.941397 0.730977 0.734058 0.694270 0.788087 0.912023 0.881467 0.968642 0.856792 0.751212 0.884524 0.906037 0.660119 0.593017 0.553338 0.454865 0.807482 0.644554 0.547763 0.557002 0.679207 0.726085 0.915976 0.899038 0.951523 0.797128 0.252869 0.267412 0.782492 0.868997 0.829793 0.590128 0.713311 0.415850 0.672929 0.956025 0.882172 0.845221 0.735412 0.666847 0.909422 0.887804 0.861954 0.772681 0.819226 0.798130 0.793138 0.852609 0.715103 0.546657 0.355197 0.522951 0.701930 0.615319 0.860380 0.979531 0.812944 0.920213 0.935758 0.998722 0.826622 0.993328 0.880529 0.916046 0.693164 0.885570 0.710675 0.872908 0.615589 0.676036 0.814142 0.829921 0.638060 0.754735 0.910865 0.955841 0.878912 0.949029 0.917293 0.863124 0.758165 0.638812 0.757318 0.916870 0.737244 0.852144
0.841447 0.873703 0.000000 0.281215 0.854348 0.871276 0.307560 0.434455 0.723749 0.776892 0.577213 0.883531 0.394668 0.452950 0.489472 0.583411 0.871348 0.996867 0.424198 0.604242 0.908601 0.979528 0.367903 0.502671 0.717497 0.487811 0.943249 0.915012 0.819518 0.946383 0.372156 0.452387 0.455079 0.456226 0.598803 0.708547 0.774290 0.977836 0.783514 0.945511 0.944616 0.712699 0.545635 0.633709 0.771128 0.860959 0.613122 0.622473 0.876356 0.951323 0.944417 0.974914 0.958227 0.882760 0.751394 0.987211 0.903677 0.732339 0.635335 0.938695 0.488830 0.969098 0.635208 0.795283 0.338996 0.441932 0.373164 0.434847 0.732647 0.842396 0.574977 0.544894 0.962663 0.838061 0.956128 0.816050 0.636542 0.659292 0.943279 0.898208 0.802678 0.979803 0.818177 0.783310 0.512869 0.632691 0.680306 0.817298 0.902967 0.969709 0.542584 0.578017 0.649310 0.642290 0.889046 0.877490 0.988784 0.967382 0.686799 0.589916 0.627175 0.583047 0.889139 0.822966 0.737415 0.802865 0.934667 0.730079 0.810869 0.831115 0.933927 0.947639 0.812970 0.985215 0.993632 0.784591
0.743893 0.995737 0.281215 0.000000 0.922260 0.780677 0.308761 0.367833 0.826899 0.842423 0.517632 0.764348 0.379963 0.343549 0.562751 0.564167 0.956429 0.872206 0.341787 0.468308 0.957826 0.962862 0.345573 0.364579 0.638312 0.511986 0.961827 0.796603 0.793547 0.834594 0.340622 0.385828 0.387868 0.414973 0.569179 0.696596 0.803429 0.991790 0.753921 0.936890 0.933698 0.714287 0.508669 0.600621 0.803473 0.875145 0.588469 0.583631 0.797696 0.925578 0.989333 0.984720 0.998912 0.939654 0.771882 0.897199 0.972204 0.802559 0.679160 0.992229 0.536714 0.991704 0.547958 0.867864 0.437350 0.402586 0.338787 0.376804 0.789373 0.839408 0.563938 0.548963 0.894126 0.798663 0.871405 0.796805 0.622937 0.671220 0.878209 0.839326 0.982516 0.825768 0.731756 0.870330 0.486093 0.530927 0.774088 0.766771 0.877513 0.847897 0.543322 0.627082 0.622052 0.694885 0.935258 0.763345 0.985861 0.919119 0.681506 0.564813 0.577822 0.481974 0.860569 0.726159 0.672062 0.803667 0.951276 0.832099 0.785624 0.819882 0.918325 0.981874 0.798127 0.899175 0.967678 0.789943
0.832505 0.949717 0.854348 0.922260 0.000000 0.879717 0.852922 0.883787 0.840922 0.832996 0.894770 0.809566 0.752143 0.813923 0.764438 0.679144 0.966446 0.924566 0.847507 0.816206 0.786577 0.974044 0.777318 0.935977 0.978662 0.917651 0.938319 0.954308 0.989814 0.880187 0.852904 0.840373 0.803197 0.801186 0.839034 0.806836 0.831255 0.883699 0.975704 0.917836 0.867692 0.971812 0.813523 0.817994 0.839093 0.839463 0.878520 0.830334 0.991138 0.971909 0.818735 0.786892 0.755617 0.751229 0.881558 0.976395 0.983685 0.965190 0.733458 0.939628 0.759955 0.983256 0.768692 0.867537 0.833697 0.884629 0.730914 0.782237 0.878640 0.886965 0.831410 0.776451 0.858797 0.877597 0.885945 0.894831 0.892287 0.937738 0.996781 0.897072 0.824686 0.867924 0.797438 0.999692 0.835843 0.903982 0.953731 0.936908 0.858769 0.851000 0.704362 0.729879 0.715335 0.705658 0.991024 0.982318 0.912719 0.988414 0.803124 0.937875 0.940335 0.917942 0.779436 0.727696 0.920830 0.721800 0.767919 0.825770 0.958145 0.961945 0.987930 0.917129 0.899041 0.839263 0.853447 0.975019
0.551226 0.752078 0.871276 0.780677 0.879717 0.000000 0.644875 0.590884 0.663781 0.654284 0.562397 0.554677 0.653886 0.686846 0.834978 0.580428 0.690617 0.601459 0.580945 0.632861 0.927601 0.878325 0.877810 0.847695 0.974660 0.844530 0.951483 0.831992 0.806291 0.661164 0.756303 0.655580 0.669761 0.567397 0.895764 0.991124 0.871500 0.917411 0.857024 0.955644 0.888177 0.941985 0.591737 0.625968 0.671366 0.651929 0.743770 0.661991 0.908516 0.848896 0.945277 0.914142 0.956826 0.856492 0.895951 0.974347 0.619493 0.885103 0.790483 0.997215 0.625397 0.764574 0.675247 0.720772 0.967970 0.759575 0.671027 0.634863 0.967329 0.963147 0.765292 0.723963 0.873472 0.732995 0.988356 0.820656 0.701790 0.730880 0.704200 0.755889 0.748348 0.725775 0.991636 0.955353 0.913866 0.949294 0.972215 0.912646 0.977962 0.940278 0.646070 0.781276 0.682477 0.733175 0.954454 0.973914 0.785320 0.780914 0.571938 0.708857 0.622674 0.631998 0.677715 0.622249 0.931359 0.860284 0.723556 0.934455 0.871403 0.903215 0.991225 0.786062 0.903529 0.869031 0.972711 0.806018
0.553982 0.820698 0.307560 0.308761 0.852922 0.644875 0.000000 0.228250 0.599310 0.525418 0.362634 0.559252 0.339158 0.320008 0.504872 0.430416 0.812986 0.629793 0.272569 0.419324 0.972638 0.877022 0.446460 0.571326 0.917267 0.599223 0.931050 0.956566 0.599399 0.622967 0.408436 0.350314 0.322619 0.293952 0.708787 0.748486 0.677766 0.937406 0.766341 0.996339 0.971664 0.832810 0.397795 0.484180 0.475895 0.575967 0.509887 0.448240 0.926681 0.806527 0.743654 0.728596 0.783047 0.683389 0.811531 0.892249 0.778189 0.981030 0.500128 0.870884 0.313159 0.767421 0.448041 0.837508 0.534876 0.401995 0.298586 0.316386 0.805790 0.966230 0.468834 0.481042 0.897724 0.724453 0.985856 0.802964 0.492952 0.566695 0.858144 0.730367 0.914236 0.816507 0.767118 0.977162 0.598735 0.700899 0.805420 0.900965 0.954771 0.952385 0.375103 0.484833 0.511315 0.574479 0.771351 0.736295 0.847095 0.879131 0.444221 0.396510 0.476461 0.467837 0.692725 0.649618 0.718820 0.658109 0.922925 0.762270 0.870027 0.890317 0.869190 0.766186 0.635314 0.929649 0.890128 0.879603
0.443803 0.634704 0.434455 0.367833 0.883787 0.590884 0.228250 0.000000 0.574463 0.507792 0.319797 0.434178 0.417688 0.322597 0.658376 0.494677 0.639510 0.502160 0.250614 0.327243 0.927191 0.874122 0.599050 0.657058 0.969653 0.652330 0.807851 0.965005 0.490223 0.512318 0.459890 0.366528 0.306389 0.299234 0.811322 0.860815 0.664420 0.961079 0.762136 0.964587 0.968025 0.868016 0.350357 0.426242 0.407723 0.487616 0.515415 0.424305 0.779170 0.694283 0.686537 0.706023 0.752107 0.699101 0.889880 0.841664 0.593946 0.796605 0.499895 0.831555 0.348881 0.640326 0.431480 0.708386 0.702383 0.470987 0.395386 0.356389 0.912676 0.941528 0.538266 0.514507 0.832221 0.659677 0.901174 0.766985 0.471851 0.579231 0.797947 0.682089 0.799553 0.729521 0.761440 0.930303 0.765011 0.808339 0.918281 0.940217 0.991740 0.921493 0.410518 0.558772 0.535251 0.680189 0.762953 0.745755 0.786669 0.830360 0.395033 0.357099 0.460244 0.440362 0.599452 0.570762 0.730082 0.676876 0.923790 0.792038 0.849065 0.916038 0.833793 0.719580 0.604599 0.908448 0.860816 0.926134
0.741982 0.926663 0.723749 0.826899 0.840922 0.663781 0.599310 0.574463 0.000000 0.383158 0.618442 0.745215 0.695487 0.752669 0.744635 0.676394 0.781626 0.748187 0.708929 0.744637 0.898253 0.923792 0.954759 0.869005 0.710433 0.943602 0.894575 0.886065 0.647934 0.751311 0.827385 0.820517 0.743537 0.652282 0.985263 0.776337 0.787591 0.823099 0.965927 0.917391 0.972559 0.940052 0.539254 0.571815 0.550480 0.589561 0.779307 0.639786 0.745603 0.691388 0.704140 0.615608 0.582550 0.545574 0.881059 0.996779 0.851240 0.998367 0.596768 0.831603 0.565279 0.825286 0.774808 0.832955 0.890240 0.911056 0.788168 0.825678 0.900095 0.904764 0.668745 0.661135 0.884618 0.795205 0.987489 0.936134 0.531240 0.705435 0.984010 0.941399 0.902201 0.818365 0.889933 0.798621 0.838647 0.686546 0.906333 0.763381 0.835462 0.730292 0.494962 0.471540 0.618269 0.513394 0.922704 0.897559 0.785769 0.838394 0.486106 0.527211 0.604963 0.593524 0.574095 0.653434 0.937103 0.534337 0.777749 0.674326 0.986538 0.984985 0.935031 0.675882 0.547701 0.700737 0.792799 0.936611
0.709734 0.731632 0.776892 0.842423 0.832996 0.654284 0.525418 0.507792 0.383158 0.000000 0.621225 0.639360 0.750786 0.717690 0.648144 0.606107 0.662655 0.567936 0.680837 0.736538 0.870319 0.851909 0.932991 0.886758 0.671679 0.984774 0.865267 0.981289 0.575484 0.569375 0.832982 0.708533 0.762539 0.600197 0.851880 0.900818 0.749791 0.923522 0.877599 0.936702 0.860863 0.929224 0.535445 0.533259 0.371522 0.397027 0.782535 0.574941 0.601834 0.570452 0.548444 0.505415 0.508030 0.463349 0.881781 0.988816 0.683254 0.774456 0.605046 0.821534 0.511616 0.663708 0.740121 0.646045 0.979081 0.850046 0.736826 0.711715 0.893203 0.937751 0.625993 0.606893 0.892835 0.777498 0.908413 0.939534 0.545224 0.600873 0.775447 0.788197 0.942937 0.937149 0.976337 0.972687 0.854322 0.735200 0.889395 0.857071 0.787513 0.740895 0.452809 0.475554 0.559593 0.546296 0.787470 0.937727 0.698839 0.823197 0.459275 0.465613 0.612611 0.632708 0.557172 0.656980 0.913997 0.542858 0.776448 0.666929 0.972208 0.965401 0.784588 0.512099 0.616190 0.713263 0.712361 0.868250
0.392625 0.701618 0.577213 0.517632 0.894770 0.562397 0.362634 0.319797 0.618442 0.621225 0.000000 0.443109 0.398521 0.383794 0.775595 0.616033 0.622368 0.553970 0.296673 0.385163 0.935067 0.841962 0.755596 0.791118 0.868700 0.790874 0.825430 0.991805 0.520021 0.578296 0.575024 0.494253 0.423503 0.341152 0.737792 0.946322 0.712764 0.999981 0.798674 0.895601 0.901732 0.991283 0.469259 0.487814 0.494258 0.561253 0.473378 0.454328 0.785444 0.695722 0.748698 0.784041 0.804302 0.779359 0.806001 0.835098 0.597785 0.826715 0.511907 0.821916 0.304633 0.640581 0.358367 0.619923 0.801633 0.566827 0.460277 0.444456 0.964487 0.990338 0.596455 0.698322 0.872319 0.708997 0.976196 0.749049 0.587237 0.609410 0.958716 0.807063 0.750369 0.719400 0.916638 0.895851 0.795021 0.852062 0.933917 0.962113 0.908173 0.947720 0.518351 0.652329 0.672537 0.751213 0.836084 0.692182 0.882981 0.834616 0.469007 0.399766 0.505449 0.594974 0.631790 0.595645 0.827848 0.713224 0.946400 0.772933 0.965009 0.955938 0.921752 0.715839 0.603054 0.986602 0.858322 0.841114
0.359447 0.456547 0.883531 0.764348 0.809566 0.554677 0.559252 0.434178 0.745215 0.639360 0.443109 0.000000 0.684741 0.548526 0.996613 0.649321 0.455810 0.368708 0.491461 0.444728 0.965876 0.841064 0.944409 0.949535 0.828966 0.970896 0.791286 0.917512 0.538132 0.423304 0.755468 0.636049 0.506841 0.468423 0.919634 0.969299 0.622774 0.882591 0.816195 0.932089 0.734262 0.931949 0.595885 0.582931 0.449840 0.486642 0.641976 0.510514 0.661586 0.590431 0.734139 0.706310 0.791739 0.749238 0.986392 0.827072 0.421337 0.536090 0.564666 0.777603 0.503110 0.465769 0.486184 0.411968 0.915875 0.707372 0.609533 0.570189 0.837611 0.624968 0.781763 0.730257 0.765877 0.642655 0.963513 0.808809 0.643983 0.769537 0.765851 0.654303 0.501875 0.564952 0.821234 0.687638 0.974247 0.976001 0.878510 0.926035 0.970103 0.973868 0.610011 0.805981 0.694853 0.839197 0.726599 0.737358 0.803325 0.790284 0.519531 0.587921 0.629095 0.615333 0.610140 0.632577 0.875921 0.781085 0.847090 0.883196 0.992414 0.915692 0.873909 0.792069 0.720909 0.949903 0.787057 0.893368
0.550503 0.909861 0.394668 0.379963 0.752143 0.653886 0.339158 0.417688 0.695487 0.750786 0.398521 0.684741 0.000000 0.320042 0.472487 0.477285 0.908699 0.765839 0.350841 0.462098 0.856630 0.958646 0.444435 0.519708 0.836375 0.676035 0.901582 0.853247 0.747065 0.739758 0.505802 0.462737 0.415822 0.378966 0.637883 0.791637 0.844747 0.996460 0.846534 0.970273 0.975101 0.835008 0.469709 0.529275 0.743950 0.802337 0.480439 0.564676 0.856574 0.988271 0.933207 0.928600 0.932255 0.796883 0.701306 0.900736 0.841785 0.920048 0.554852 0.978972 0.397880 0.966426 0.350320 0.891947 0.515860 0.558884 0.355827 0.501532 0.874830 0.930659 0.464527 0.553367 0.932156 0.859208 0.951565 0.702306 0.563825 0.569664 0.968517 0.840310 0.904040 0.832298 0.760365 0.870787 0.534662 0.626582 0.778878 0.863716 0.792403 0.943487 0.490974 0.552107 0.638814 0.592751 0.911564 0.681977 0.918155 0.926544 0.547692 0.501325 0.602486 0.590138 0.704723 0.625896 0.775326 0.735217 0.882947 0.730907 0.853977 0.899570 0.990407 0.893578 0.767859 0.933532 0.964209 0.812224
0.497880 0.745344 0.452950 0.343549 0.813923 0.686846 0.320008 0.322597 0.752669 0.717690 0.383794 0.548526 0.320042 0.000000 0.560501 0.440608 0.799578 0.618555 0.300260 0.316420 0.960928 0.963399 0.532225 0.527695 0.857209 0.691453 0.939822 0.861790 0.628376 0.611169 0.455380 0.384892 0.339049 0.304898 0.708963 0.779155 0.675438 0.924743 0.780571 0.989408 0.927937 0.829281 0.417527 0.489698 0.623227 0.667479 0.488868 0.470940 0.965942 0.862584 0.804402 0.813299 0.846454 0.761805 0.837224 0.878920 0.711355 0.932438 0.573131 0.971003 0.423856 0.862592 0.377807 0.806438 0.593883 0.454971 0.364158 0.418988 0.940143 0.952844 0.566812 0.556331 0.879318 0.747756 0.894258 0.618875 0.530649 0.599751 0.823909 0.757982 0.789398 0.704027 0.690802 0.914125 0.600135 0.596281 0.858450 0.827795 0.835979 0.848112 0.457092 0.619574 0.618077 0.700217 0.836636 0.631122 0.879336 0.908905 0.490260 0.461051 0.515926 0.547797 0.715566 0.682182 0.699472 0.743966 0.933852 0.785445 0.760884 0.903733 0.887239 0.864754 0.704153 0.972531 0.911255 0.885487
0.874156 0.916791 0.489472 0.562751 0.764438 0.834978 0.504872 0.658376 0.744635 0.648144 0.775595 0.996613 0.472487 0.560501 0.000000 0.516482 0.846771 0.996513 0.682272 0.776793 0.931839 0.986174 0.510599 0.659550 0.828965 0.718049 0.727227 0.771888 0.937262 0.949468 0.664181 0.643428 0.703186 0.658027 0.799218 0.801188 0.949669 0.985125 0.927896 0.884922 0.874659 0.802093 0.557650 0.659600 0.796058 0.828084 0.695153 0.734290 0.858407 0.962572 0.905421 0.854866 0.855395 0.730021 0.922819 0.865273 0.934914 0.799916 0.706039 0.884833 0.618487 0.817941 0.723864 0.903840 0.446094 0.684604 0.551325 0.684334 0.691072 0.810617 0.529309 0.580259 0.911307 0.974719 0.889473 0.851772 0.566440 0.668094 0.988888 0.998627 0.817780 0.854246 0.788320 0.764259 0.613312 0.755560 0.679583 0.938278 0.977963 0.939630 0.528670 0.490812 0.646214 0.534422 0.920577 0.903515 0.941657 0.871962 0.635203 0.667334 0.840097 0.672247 0.806933 0.750319 0.774384 0.721302 0.767968 0.664667 0.869107 0.770508 0.963319 0.808331 0.862862 0.890224 0.983510 0.873355
0.599091 0.739521 0.583411 0.564167 0.679144 0.580428 0.430416 0.494677 0.676394 0.606107 0.616033 0.649321 0.477285 0.440608 0.516482 0.000000 0.847722 0.655898 0.544460 0.522289 0.818355 0.871799 0.568466 0.636680 0.879623 0.648698 0.966303 0.890257 0.759301 0.630871 0.586420 0.467066 0.487505 0.479677 0.778540 0.755771 0.707189 0.911364 0.904711 0.978811 0.950285 0.932106 0.511471 0.596828 0.593062 0.597376 0.664116 0.592205 0.938174 0.827316 0.728579 0.724173 0.790094 0.671589 0.960883 0.952340 0.761373 0.892031 0.615772 0.973142 0.529076 0.864830 0.619693 0.833985 0.691411 0.597918 0.467182 0.531163 0.795596 0.977533 0.604403 0.541837 0.872457 0.787599 0.943638 0.778526 0.567125 0.732350 0.782723 0.667566 0.744641 0.707367 0.702300 0.931235 0.615337 0.679217 0.883598 0.912790 0.978350 0.889261 0.441024 0.615506 0.578332 0.584952 0.804984 0.835070 0.757942 0.869193 0.558651 0.642986 0.616137 0.604945 0.718709 0.753593 0.820148 0.831643 0.757709 0.823976 0.886418 0.959141 0.870520 0.794704 0.756825 0.986392 0.935227 0.949090
0.409624 0.326458 0.871348 0.956429 0.966446 0.690617 0.812986 0.639510 0.781626 0.662655 0.622368 0.455810 0.908699 0.799578 0.846771 0.847722 0.000000 0.324299 0.715085 0.696985 0.970057 0.872822 0.775723 0.811310 0.788470 0.817085 0.771606 0.852430 0.509742 0.367669 0.955775 0.828494 0.772710 0.661454 0.807192 0.868198 0.831315 0.809478 0.885654 0.749904 0.813222 0.859769 0.688451 0.582462 0.518512 0.503725 0.828796 0.690156 0.561111 0.534418 0.672177 0.665052 0.829351 0.778425 0.863626 0.801539 0.310169 0.356122 0.767513 0.782064 0.721496 0.518120 0.681330 0.349700 0.642621 0.958610 0.903983 0.834901 0.698090 0.637452 0.917227 0.850017 0.817734 0.715179 0.917978 0.785504 0.756829 0.850641 0.787356 0.632860 0.445795 0.667535 0.930569 0.628088 0.739974 0.836774 0.786614 0.787802 0.793251 0.965855 0.759541 0.921527 0.826113 0.988012 0.687325 0.859774 0.739658 0.818303 0.618874 0.610328 0.792280 0.777576 0.676567 0.729029 0.967713 0.918924 0.817213 0.949844 0.911377 0.883449 0.800136 0.677723 0.696603 0.867946 0.779301 0.858374
0.386958 0.331739 0.996867 0.872206 0.924566 0.601459 0.629793 0.502160 0.748187 0.567936 0.553970 0.368708 0.765839 0.618555 0.996513 0.655898 0.324299 0.000000 0.567463 0.594549 0.986862 0.975116 0.946304 0.972021 0.803204 0.966139 0.770803 0.849314 0.507247 0.318599 0.792770 0.616781 0.605906 0.556371 0.889693 0.963093 0.758515 0.907102 0.916434 0.830199 0.902694 0.933849 0.566802 0.514055 0.407577 0.363046 0.743828 0.530267 0.609884 0.517008 0.660299 0.585547 0.778267 0.725081 0.954679 0.817855 0.291943 0.393900 0.721871 0.860869 0.605373 0.551901 0.578689 0.333868 0.766787 0.842364 0.703887 0.703429 0.807958 0.655080 0.784389 0.717445 0.807793 0.658166 0.906417 0.788654 0.644618 0.715390 0.599582 0.527311 0.412208 0.587661 0.826956 0.640048 0.871260 0.951597 0.819633 0.840316 0.908060 0.990209 0.592294 0.785830 0.658806 0.842294 0.776397 0.776439 0.648496 0.902430 0.513067 0.521785 0.625568 0.662806 0.600127 0.701562 0.845608 0.788237 0.762887 0.975321 0.935460 0.907554 0.843429 0.678868 0.648460 0.884837 0.761268 0.873742
0.423512 0.692365 0.424198 0.341787 0.847507 0.580945 0.272569 0.250614 0.708929 0.680837 0.296673 0.491461 0.350841 0.300260 0.682272 0.544460 0.715085 0.567463 0.000000 0.330471 0.987864 0.879950 0.573591 0.573919 0.876752 0.656741 0.899172 0.898299 0.601980 0.584855 0.429848 0.356556 0.314160 0.293746 0.714029 0.861818 0.736202 0.995333 0.778107 0.966918 0.990428 0.890121 0.425424 0.462391 0.559393 0.618727 0.512454 0.467176 0.942879 0.824562 0.855007 0.887290 0.920265 0.896212 0.798630 0.838377 0.614878 0.869112 0.574227 0.944202 0.382100 0.786407 0.387206 0.767110 0.661997 0.473601 0.352950 0.365374 0.913812 0.977698 0.556807 0.617031 0.875327 0.751745 0.899326 0.740511 0.573785 0.612798 0.808580 0.722255 0.772087 0.665935 0.772741 0.950586 0.659086 0.699318 0.889076 0.874163 0.840458 0.860771 0.488693 0.635905 0.620276 0.749157 0.862113 0.694719 0.875113 0.886468 0.443186 0.411333 0.488020 0.512072 0.657266 0.611029 0.695107 0.755718 0.951810 0.849633 0.920881 0.886419 0.944124 0.748243 0.657017 0.967913 0.943491 0.900480
0.405854 0.604328 0.604242 0.468308 0.816206 0.632861 0.419324 0.327243 0.744637 0.736538 0.385163 0.444728 0.462098 0.316420 0.776793 0.522289 0.696985 0.594549 0.330471 0.000000 0.995080 0.924796 0.694750 0.630985 0.866865 0.729796 0.845582 0.910757 0.573492 0.611889 0.570825 0.431592 0.333075 0.365916 0.766743 0.855914 0.656681 0.910335 0.768987 0.927095 0.938471 0.943794 0.495322 0.538092 0.604017 0.639604 0.536016 0.517546 0.833297 0.750439 0.806500 0.877546 0.861682 0.886002 0.881961 0.804261 0.594806 0.746533 0.554521 0.913215 0.495078 0.704086 0.435164 0.749035 0.774296 0.582592 0.490163 0.468567 0.925362 0.886431 0.638860 0.658031 0.780248 0.671250 0.882459 0.733633 0.589769 0.668634 0.904261 0.733967 0.687357 0.547925 0.675159 0.847121 0.681407 0.715930 0.863398 0.845158 0.917234 0.869584 0.584404 0.790076 0.717236 0.865439 0.821685 0.716411 0.897826 0.847040 0.533670 0.502456 0.595312 0.628691 0.696131 0.661113 0.741729 0.793514 0.905738 0.921454 0.819798 0.953861 0.906682 0.827266 0.674994 0.985782 0.966361 0.998074
0.979289 0.951268 0.908601 0.957826 0.786577 0.927601 0.972638 0.927191 0.898253 0.870319 0.935067 0.965876 0.856630 0.960928 0.931839 0.818355 0.970057 0.986862 0.987864 0.995080 0.000000 0.966520 0.734080 0.804422 0.810559 0.915125 0.923859 0.973500 0.794614 0.981833 0.868701 0.998205 0.870693 0.910984 0.834542 0.714334 0.978370 0.840181 0.986640 0.811356 0.948456 0.959228 0.945492 0.925086 0.877263 0.876533 0.865484 0.909142 0.750537 0.788780 0.918661 0.908074 0.910792 0.953260 0.884121 0.947809 0.863799 0.955577 0.942529 0.986983 0.956616 0.809768 0.950492 0.934069 0.874604 0.922893 0.774080 0.869614 0.970975 0.907728 0.808423 0.833645 0.831936 0.917147 0.904303 0.849482 0.973724 0.953603 0.991410 0.904490 0.792351 0.803737 0.867197 0.908110 0.691424 0.693691 0.958372 0.725439 0.953187 0.947134 0.938012 0.965629 0.899113 0.809869 0.885173 0.952452 0.949026 0.897088 0.970236 0.883335 0.933780 0.998355 0.863576 0.956105 0.997045 0.995231 0.933199 0.903202 0.941432 0.981519 0.799871 0.817845 0.871490 0.969301 0.943684 0.849594
0.924772 0.899989 0.979528 0.962862 0.974044 0.878325 0.877022 0.874122 0.923792 0.851909 0.841962 0.841064 0.958646 0.963399 0.986174 0.871799 0.872822 0.975116 0.879950 0.924796 0.966520 0.000000 0.954443 0.935236 0.867349 0.810478 0.832638 0.887650 0.908420 0.873850 0.925464 0.978089 0.911222 0.928805 0.995885 0.942392 0.873256 0.885859 0.999247 0.899753 0.908691 0.880890 0.892679 0.922146 0.904759 0.918045 0.992529 0.996203 0.882180 0.869984 0.948797 0.993248 0.921760 0.943385 0.999677 0.856279 0.953890 0.919063 0.916837 0.930797 0.895588 0.832015 0.941039 0.948382 0.986083 0.941073 0.937451 0.864577 0.956290 0.983423 0.957232 0.992649 0.826698 0.976022 0.890709 0.926869 0.957577 0.931729 0.905652 0.959119 0.866963 0.979008 0.901600 0.970885 0.984018 0.905349 0.956612 0.959156 0.840692 0.863626 0.970365 0.946754 0.976272 0.926666 0.880411 0.989384 0.953587 0.986839 0.914656 0.974256 0.930837 0.862247 0.895295 0.912350 0.782636 0.973096 0.874706 0.909821 0.996579 0.837854 0.972742 0.858355 0.917582 0.962773 0.941995 0.870803
0.954065 0.829674 0.367903 0.345573 0.777318 0.877810 0.446460 0.599050 0.954759 0.932991 0.755596 0.944409 0.444435 0.532225 0.510599 0.568466 0.775723 0.946304 0.573591 0.694750 0.734080 0.954443 0.000000 0.337725 0.535971 0.555717 0.781705 0.845936 0.921455 0.941329 0.462425 0.497263 0.494785 0.553840 0.533436 0.562336 0.896583 0.969323 0.812255 0.882085 0.953031 0.730552 0.739897 0.842095 0.974490 0.970517 0.744577 0.799844 0.616309 0.756507 0.994215 0.975314 0.995170 0.854977 0.749843 0.967121 0.789607 0.731831 0.802772 0.955366 0.642767 0.850249 0.639302 0.819583 0.394179 0.431749 0.369199 0.425215 0.754627 0.728935 0.583673 0.585680 0.947727 0.960147 0.862909 0.828019 0.756855 0.739148 0.953244 0.835726 0.974609 0.817469 0.679672 0.851166 0.326385 0.396670 0.738896 0.679343 0.786146 0.762893 0.647818 0.686326 0.676370 0.665999 0.987835 0.851153 0.993343 0.978688 0.886755 0.793049 0.799681 0.670889 0.996358 0.842191 0.811479 0.828923 0.971980 0.873243 0.905208 0.808386 0.989016 0.815777 0.988878 0.999599 0.941008 0.857240
0.933273 0.967285 0.502671 0.364579 0.935977 0.847695 0.571326 0.657058 0.869005 0.886758 0.791118 0.949535 0.519708 0.527695 0.659550 0.636680 0.811310 0.972021 0.573919 0.630985 0.804422 0.935236 0.337725 0.000000 0.459520 0.662633 0.833688 0.781453 0.884161 0.953477 0.479414 0.458794 0.533749 0.559530 0.613910 0.673393 0.975094 0.921123 0.720460 0.971554 0.901012 0.676966 0.785162 0.865475 0.962028 0.922988 0.713257 0.823754 0.647131 0.722862 0.908123 0.826474 0.805499 0.905710 0.716252 0.962557 0.926989 0.799051 0.941587 0.873137 0.827087 0.813630 0.696759 0.796946 0.554936 0.519725 0.489757 0.511236 0.879407 0.724619 0.698998 0.730001 0.991076 0.936948 0.807396 0.784045 0.872397 0.808297 0.906008 0.835919 0.957797 0.673801 0.614405 0.993165 0.371302 0.316767 0.816776 0.513384 0.705390 0.710569 0.830509 0.910410 0.853455 0.956606 0.999831 0.813965 0.998772 0.938141 0.939454 0.887903 0.855248 0.806934 0.931243 0.881987 0.768185 0.946512 0.911643 0.966192 0.860753 0.847279 0.973876 0.826805 0.925319 0.901899 0.889621 0.859410
0.914500 0.937934 0.717497 0.638312 0.978662 0.974660 0.917267 0.969653 0.710433 0.671679 0.868700 0.828966 0.836375 0.857209 0.828965 0.879623 0.788470 0.803204 0.876752 0.866865 0.810559 0.867349 0.535971 0.459520 0.000000 0.647908 0.718428 0.930550 0.722363 0.893020 0.643111 0.704696 0.790223 0.913941 0.771118 0.680022 0.870648 0.998161 0.847922 0.999993 0.963362 0.675073 0.973079 0.946296 0.664951 0.714836 0.950372 0.939993 0.597860 0.628684 0.738872 0.610102 0.606870 0.678718 0.973843 0.912209 0.849532 0.862351 0.815195 0.911685 0.897397 0.810707 0.966142 0.668371 0.613321 0.664587 0.806743 0.806868 0.956031 0.777342 0.929064 0.944934 0.916553 0.840412 0.772321 0.766312 0.993941 0.919920 0.967707 0.840401 0.978337 0.773939 0.652581 0.905681 0.511115 0.477061 0.808567 0.735818 0.756861 0.746778 0.846369 0.808488 0.899489 0.811284 0.863054 0.994841 0.962555 0.951734 0.817566 0.861817 0.877224 0.962139 0.765142 0.903149 0.899832 0.772031 0.851374 0.917046 0.969305 0.852905 0.951974 0.755890 0.776833 0.831488 0.785081 0.884547
0.929039 0.970003 0.487811 0.511986 0.917651 0.844530 0.599223 0.652330 0.943602 0.984774 0.790874 0.970896 0.676035 0.691453 0.718049 0.648698 0.817085 0.966139 0.656741 0.729796 0.915125 0.810478 0.555717 0.662633 0.647908 0.000000 0.923146 0.983272 0.959412 0.962206 0.608114 0.671367 0.647872 0.741916 0.800218 0.656867 0.941047 0.903661 0.979531 0.978103 0.881582 0.820770 0.685168 0.874012 0.949687 0.924676 0.810060 0.853699 0.917442 0.904759 0.967661 0.848257 0.903101 0.904865 0.852978 0.964264 0.952946 0.820821 0.853846 0.978931 0.757814 0.992789 0.883170 0.740293 0.536994 0.571944 0.624652 0.652763 0.790765 0.794442 0.840089 0.756377 0.982257 0.961908 0.796741 0.959918 0.838633 0.848652 0.962227 0.874710 0.962158 0.908831 0.846443 0.801191 0.607871 0.704721 0.808179 0.841200 0.922482 0.920411 0.811771 0.892692 0.827086 0.864417 0.913095 0.900917 0.987671 0.941786 0.914574 0.858043 0.754609 0.783374 0.967347 0.982561 0.824498 0.991965 0.972871 0.967674 0.843458 0.882311 0.954661 0.976480 0.927226 0.871479 0.987786 0.925393
0.884648 0.858031 0.943249 0.961827 0.938319 0.951483 0.931050 0.807851 0.894575 0.865267 0.825430 0.791286 0.901582 0.939822 0.727227 0.966303 0.771606 0.770803 0.899172 0.845582 0.923859 0.832638 0.781705 0.833688 0.718428 0.923146 0.000000 0.718481 0.723300 0.776698 0.986922 0.986019 0.822709 0.898206 0.832898 0.910687 0.850058 0.951695 0.996672 0.936775 0.966773 0.914866 0.862907 0.898594 0.735667 0.785581 0.912185 0.926260 0.682522 0.700076 0.862198 0.821846 0.770217 0.900282 0.898246 0.951122 0.836619 0.806858 0.966818 0.949864 0.926172 0.729800 0.934994 0.790785 0.839133 0.954150 0.951711 0.916891 0.996684 0.842592 0.937136 0.899789 0.801703 0.738944 0.941578 0.970671 0.955977 0.870962 0.847403 0.917362 0.934957 0.915852 0.769227 0.656651 0.748273 0.787874 0.799016 0.972228 0.746666 0.920725 0.884404 0.968943 0.851115 0.917910 0.955032 0.842006 0.833021 0.840730 0.868744 0.923738 0.787178 0.936125 0.954382 0.969475 0.953221 0.985493 0.960177 0.841584 0.865070 0.852425 0.941106 0.873845 0.769444 0.976046 0.984191 0.996962
0.979511 0.862508 0.915012 0.796603 0.954308 0.831992 0.956566 0.965005 0.886065 0.981289 0.991805 0.917512 0.853247 0.861790 0.771888 0.890257 0.852430 0.849314 0.898299 0.910757 0.973500 0.887650 0.845936 0.781453 0.930550 0.983272 0.718481 0.000000 0.995841 0.873384 0.804556 0.961550 0.951079 0.967398 0.737096 0.860661 0.921885 0.926274 0.995886 0.850320 0.883275 0.947093 0.901451 0.872493 0.909496 0.943799 0.997377 0.991253 0.799195 0.850748 0.897846 0.834783 0.997628 0.965826 0.937254 0.952834 0.945249 0.742935 0.953319 0.713807 0.909036 0.648282 0.995522 0.723476 0.903031 0.954313 0.899206 0.986187 0.888181 0.916762 0.864531 0.821190 0.888192 0.905268 0.813066 0.971455 0.797791 0.990988 0.875089 0.842487 0.859825 0.908756 0.943802 0.805300 0.851427 0.894573 0.913270 0.882761 0.976002 0.933906 0.841959 0.831679 0.839567 0.765844 0.816717 0.966024 0.957870 0.815778 0.928961 0.937737 0.880196 0.814942 0.856874 0.758559 0.874448 0.978769 0.968928 0.838502 0.957908 0.727349 0.914758 0.841997 0.949208 0.924936 0.827672 0.979464
0.556337 0.573939 0.819518 0.793547 0.989814 0.806291 0.599399 0.490223 0.647934 0.575484 0.520021 0.538132 0.747065 0.628376 0.937262 0.759301 0.509742 0.507247 0.601980 0.573492 0.794614 0.908420 0.921455 0.884161 0.722363 0.959412 0.723300 0.995841 0.000000 0.495330 0.812889 0.755483 0.655793 0.643399 0.964513 0.897474 0.738336 0.961951 0.876534 0.781232 0.882918 0.990040 0.583614 0.565442 0.463660 0.474245 0.744536 0.552270 0.555112 0.511244 0.627071 0.612000 0.667211 0.668199 0.945593 0.763175 0.519699 0.648365 0.586323 0.795289 0.588636 0.578846 0.636085 0.613501 0.921909 0.874649 0.762718 0.766671 0.962221 0.648888 0.847431 0.730580 0.653422 0.648590 0.936357 0.787648 0.602016 0.775394 0.819470 0.791572 0.769393 0.883388 0.955580 0.790454 0.868425 0.854408 0.971976 0.777808 0.785522 0.795611 0.596553 0.794017 0.740141 0.817677 0.760512 0.768070 0.766913 0.921962 0.578052 0.566481 0.659525 0.687638 0.622274 0.772518 0.858651 0.892640 0.816852 0.763816 0.788476 0.994389 0.721186 0.818468 0.598463 0.805817 0.887263 0.920668
0.492560 0.374996 0.946383 0.834594 0.880187 0.661164 0.622967 0.512318 0.751311 0.569375 0.578296 0.423304 0.739758 0.611169 0.949468 0.630871 0.367669 0.318599 0.584855 0.611889 0.981833 0.873850 0.941329 0.953477 0.893020 0.962206 0.776698 0.873384 0.495330 0.000000 0.787756 0.650546 0.599301 0.543031 0.833075 0.964547 0.819767 0.897338 0.820292 0.795711 0.888865 0.964785 0.602306 0.552532 0.476686 0.449789 0.776525 0.562899 0.674475 0.553701 0.570602 0.542481 0.745579 0.630843 0.981126 0.796567 0.398033 0.440843 0.710745 0.728014 0.593997 0.549640 0.550215 0.396376 0.847159 0.758218 0.716024 0.668689 0.796875 0.742456 0.796205 0.775092 0.763453 0.733254 0.915985 0.764673 0.692692 0.750449 0.615720 0.475272 0.427949 0.587658 0.799478 0.630896 0.962527 0.933236 0.839279 0.924858 0.933109 0.932140 0.622426 0.794144 0.686543 0.855288 0.707897 0.813725 0.690764 0.920530 0.548091 0.621772 0.717355 0.657256 0.659244 0.764755 0.929889 0.817216 0.747242 0.940141 0.914943 0.864643 0.738429 0.719458 0.749650 0.823436 0.756390 0.939875
0.736973 0.941397 0.372156 0.340622 0.852904 0.756303 0.408436 0.459890 0.827385 0.832982 0.575024 0.755468 0.505802 0.455380 0.664181 0.586420 0.955775 0.792770 0.429848 0.570825 0.868701 0.925464 0.462425 0.479414 0.643111 0.608114 0.986922 0.804556 0.812889 0.787756 0.000000 0.397480 0.413002 0.460003 0.619157 0.798107 0.778629 0.999284 0.777329 0.987169 0.974068 0.703839 0.585771 0.648498 0.756823 0.796562 0.730927 0.676975 0.908360 0.977490 0.930777 0.982215 0.988335 0.955378 0.888275 0.940626 0.871972 0.942719 0.771718 0.981253 0.600490 0.972237 0.686651 0.939002 0.574810 0.508762 0.474166 0.461652 0.915236 0.969957 0.528311 0.493759 0.831674 0.657816 0.799481 0.645954 0.644875 0.767800 0.803369 0.778733 0.925679 0.793073 0.732439 0.962238 0.571090 0.589820 0.887025 0.824287 0.882442 0.933093 0.612768 0.725677 0.635592 0.788013 0.973966 0.798553 0.790053 0.996632 0.737810 0.645046 0.540857 0.601543 0.878171 0.807952 0.732342 0.918606 0.868716 0.766873 0.885413 0.892479 0.929112 0.933938 0.848055 0.917160 0.934059 0.875228
0.593902 0.730977 0.452387 0.385828 0.840373 0.655580 0.350314 0.366528 0.820517 0.708533 0.494253 0.636049 0.462737 0.384892 0.643428 0.467066 0.828494 0.616781 0.356556 0.431592 0.998205 0.978089 0.497263 0.458794 0.704696 0.671367 0.986019 0.961550 0.755483 0.650546 0.397480 0.000000 0.385866 0.373488 0.681587 0.740677 0.768460 0.857771 0.703228 0.938143 0.963572 0.803135 0.514535 0.534492 0.593485 0.629107 0.557333 0.481908 0.940413 0.822625 0.775532 0.824848 0.915014 0.860495 0.753225 0.990544 0.708722 0.870712 0.674542 0.921501 0.510146 0.818497 0.531679 0.849861 0.646284 0.470580 0.394401 0.376829 0.878688 0.902067 0.622138 0.599969 0.883654 0.712383 0.880537 0.661025 0.601701 0.611634 0.766310 0.613663 0.776799 0.595466 0.615571 0.857368 0.586439 0.565070 0.804757 0.778212 0.876068 0.788841 0.552627 0.711884 0.673703 0.802161 0.828362 0.781608 0.857644 0.911745 0.636243 0.560246 0.615661 0.613096 0.789303 0.686744 0.740389 0.807235 0.993894 0.837233 0.913065 0.975402 0.845199 0.860958 0.839346 0.984958 0.996034 0.906131
0.509443 0.734058 0.455079 0.387868 0.803197 0.669761 0.322619 0.306389 0.743537 0.762539 0.423503 0.506841 0.415822 0.339049 0.703186 0.487505 0.772710 0.605906 0.314160 0.333075 0.870693 0.911222 0.494785 0.533749 0.790223 0.647872 0.822709 0.951079 0.655793 0.599301 0.413002 0.385866 0.000000 0.360383 0.707775 0.762259 0.647477 0.899006 0.734252 0.879367 0.996240 0.811370 0.463377 0.564408 0.577919 0.643976 0.533637 0.558978 0.970093 0.839742 0.796629 0.860484 0.872485 0.821017 0.919942 0.788980 0.724601 0.881278 0.572791 0.875850 0.413572 0.746071 0.447324 0.794372 0.629182 0.410909 0.365737 0.345907 0.946860 0.957287 0.554757 0.546889 0.786874 0.695882 0.857696 0.707624 0.559201 0.708429 0.812562 0.640672 0.717486 0.594628 0.709375 0.900604 0.573980 0.594583 0.901276 0.835695 0.949646 0.873986 0.508302 0.695430 0.625653 0.783167 0.892182 0.724708 0.854323 0.983104 0.552960 0.543035 0.566675 0.542295 0.715665 0.691976 0.765944 0.833466 0.940038 0.897307 0.822517 0.945131 0.988297 0.910259 0.707615 0.912831 0.951961 0.873359
0.479327 0.694270 0.456226 0.414973 0.801186 0.567397 0.293952 0.299234 0.652282 0.600197 0.341152 0.468423 0.378966 0.304898 0.658027 0.479677 0.661454 0.556371 0.293746 0.365916 0.910984 0.928805 0.553840 0.559530 0.913941 0.741916 0.898206 0.967398 0.643399 0.543031 0.460003 0.373488 0.360383 0.000000 0.739926 0.843920 0.670737 0.908089 0.612263 0.994354 0.948515 0.817740 0.476106 0.476670 0.516284 0.603059 0.505636 0.456068 0.906237 0.792031 0.736620 0.731723 0.813102 0.714681 0.843717 0.984761 0.657085 0.860756 0.566390 0.844401 0.359019 0.738282 0.400400 0.703674 0.684494 0.448406 0.372923 0.344643 0.976143 0.953371 0.564286 0.596348 0.830551 0.694678 0.862619 0.678101 0.627856 0.580433 0.868829 0.657852 0.753583 0.631858 0.738654 0.845788 0.642233 0.660936 0.871447 0.850280 0.859056 0.889912 0.480521 0.650024 0.625094 0.721458 0.800642 0.727656 0.884237 0.891861 0.484395 0.466743 0.539523 0.596445 0.726775 0.649679 0.744129 0.738913 0.890855 0.806068 0.871530 0.930791 0.947765 0.749583 0.672158 0.986790 0.845392 0.916380
0.826601 0.788087 0.598803 0.569179 0.839034 0.895764 0.708787 0.811322 0.985263 0.851880 0.737792 0.919634 0.637883 0.708963 0.799218 0.778540 0.807192 0.889693 0.714029 0.766743 0.834542 0.995885 0.533436 0.613910 0.771118 0.800218 0.832898 0.737096 0.964513 0.833075 0.619157 0.681587 0.707775 0.739926 0.000000 0.784120 0.799867 0.998900 0.960692 0.985239 0.986163 0.965724 0.849751 0.833326 0.974742 0.950048 0.780042 0.861454 0.753897 0.888465 0.871035 0.896997 0.967260 0.974940 0.771265 0.989404 0.827675 0.745202 0.727310 0.870133 0.779525 0.847039 0.748912 0.855232 0.618261 0.724223 0.533703 0.619184 0.752608 0.834655 0.796415 0.730717 0.886911 0.814436 0.978444 0.832541 0.831306 0.954809 0.980880 0.983595 0.981142 0.863575 0.812726 0.869918 0.531932 0.637296 0.816591 0.932410 0.795068 0.848689 0.716476 0.806684 0.741276 0.713765 0.965779 0.867205 0.911704 0.926162 0.954383 0.872168 0.842281 0.720869 0.990445 0.832486 0.750280 0.873373 0.910551 0.805275 0.933445 0.868922 0.938174 0.712359 0.989781 0.885034 0.862072 0.856272
0.991652 0.912023 0.708547 0.696596 0.806836 0.991124 0.748486 0.860815 0.776337 0.900818 0.946322 0.969299 0.791637 0.779155 0.801188 0.755771 0.868198 0.963093 0.861818 0.855914 0.714334 0.942392 0.562336 0.673393 0.680022 0.656867 0.910687 0.860661 0.897474 0.964547 0.798107 0.740677 0.762259 0.843920 0.784120 0.000000 0.959789 0.912695 0.984294 0.994044 0.914009 0.870624 0.985812 0.961128 0.976577 0.970880 0.737697 0.915449 0.842557 0.931588 0.917811 0.956741 0.908059 0.935432 0.777377 0.949584 0.821664 0.912815 0.933835 0.911435 0.806143 0.976958 0.795753 0.922358 0.644116 0.604969 0.606773 0.642742 0.913569 0.870729 0.920695 0.785741 0.951134 0.889308 0.857279 0.979941 0.896518 0.964623 0.967531 0.909774 0.925545 0.774359 0.725186 0.995608 0.492745 0.516713 0.905192 0.712237 0.925696 0.872029 0.885839 0.972683 0.844322 0.943316 0.950563 0.830080 0.828085 0.949719 0.922107 0.989730 0.959885 0.885391 0.861137 0.932653 0.885457 0.924820 0.998491 0.907715 0.947760 1.000000 0.984544 0.924838 0.885704 0.850375 0.955577 0.971800
0.764924 0.881467 0.774290 0.803429 0.831255 0.871500 0.677766 0.664420 0.787591 0.749791 0.712764 0.622774 0.844747 0.675438 0.949669 0.707189 0.831315 0.758515 0.736202 0.656681 0.978370 0.873256 0.896583 0.975094 0.870648 0.941047 0.850058 0.921885 0.738336 0.819767 0.778629 0.768460 0.647477 0.670737 0.799867 0.959789 0.000000 0.949311 0.875013 0.832007 0.750187 0.838030 0.782358 0.805866 0.673771 0.780962 0.819796 0.814022 0.831127 0.807387 0.728658 0.781330 0.754022 0.737160 0.951994 0.954681 0.861300 0.896433 0.640851 0.771193 0.689031 0.746855 0.819544 0.855173 0.950062 0.776661 0.718802 0.626082 0.999890 0.873723 0.839715 0.725754 0.780345 0.723461 0.898167 0.754689 0.731945 0.988656 0.926169 0.779835 0.879870 0.874024 0.915269 0.853097 0.950068 0.998448 0.993353 0.961965 0.987855 0.987940 0.702378 0.790134 0.775259 0.811840 0.613363 0.892280 0.899653 0.998771 0.775524 0.832064 0.752390 0.809671 0.853804 0.885442 0.998463 0.856793 0.942070 0.787784 0.722139 0.921999 0.878093 0.961358 0.828798 0.888596 0.954396 0.975267
0.892550 0.968642 0.977836 0.991790 0.883699 0.917411 0.937406 0.961079 0.823099 0.923522 0.999981 0.882591 0.996460 0.924743 0.985125 0.911364 0.809478 0.907102 0.995333 0.910335 0.840181 0.885859 0.969323 0.921123 0.998161 0.903661 0.951695 0.926274 0.961951 0.897338 0.999284 0.857771 0.899006 0.908089 0.998900 0.912695 0.949311 0.000000 0.950389 0.925531 0.903364 0.999236 0.934699 0.989800 0.840824 0.885083 0.982076 0.963010 0.960446 0.960384 0.962150 0.902620 0.902924 0.908299 0.902590 0.925403 0.957455 0.954307 0.848260 0.760055 0.854270 0.839934 0.976631 0.863884 0.975604 0.890705 0.885119 0.895658 0.960959 0.918231 0.994104 0.878145 0.951914 0.987356 0.928705 0.918108 0.956449 0.811447 0.938956 0.910401 0.911298 0.947976 0.957545 0.988454 0.983322 0.931227 0.952179 0.836046 0.824689 0.700004 0.885528 0.920178 0.839538 0.875100 0.962036 0.969107 0.999093 0.899396 0.924190 0.994063 0.988963 0.896563 0.961823 0.944451 0.848409 0.874155 0.793456 0.986580 0.933207 0.952968 0.867896 0.901854 0.819158 0.946770 0.894376 0.970529
