0.000000 0.431960 0.820270 0.637972 0.798598 0.830024 0.805264 0.795766 0.811661 0.931689 0.681691 0.670009 0.529965 0.542888 0.637259 0.723292 0.601488 0.620759 0.614522 0.631727 0.880810 0.971739 0.693131 0.552180 0.766020 0.962244 0.872561 0.956740 0.790760 0.705017 0.961621 0.831179 0.626771 0.767231 0.966307 0.882967 0.952861 0.891209 0.850158 0.891934 0.822022 0.955154 0.832763 0.764845 0.859677 0.757978 0.508966 0.510662 0.714348 0.565395 0.742637 0.660918 0.961428 0.902967 0.628051 0.577781 0.500191 0.383503 0.413280 0.394471 0.550453 0.731303 0.587702 0.587816 0.780863 0.635955 0.893563 0.907770 0.674773 0.655117 0.895999 0.963861 0.926336 0.920497 0.876062 0.935598 0.817644 0.931182 0.656195 0.656343 0.478946 0.478461 0.631442 0.525046 0.588501 0.531388 0.892324 0.789646 0.667716 0.500328 0.923394 0.769998 0.939464 0.805366 0.975113 0.844859 0.755863 0.996663 0.804783 0.814693 0.964188 0.883071 0.950434 0.894095 0.781441 0.742686 0.932473 0.885723 0.935551 0.814994 0.984885 0.855838 0.826821 0.881576 0.684806 0.961592
0.431960 0.000000 0.729445 0.489321 0.881990 0.744456 0.588967 0.608330 0.969061 0.880494 0.565223 0.575479 0.710742 0.505277 0.784574 0.658799 0.538149 0.479977 0.566607 0.452620 0.705445 0.828455 0.686401 0.510654 0.739309 0.807005 0.971470 0.998901 0.577937 0.497485 0.657941 0.514832 0.468839 0.525403 0.896552 0.973222 0.902949 0.842453 0.895498 0.791241 0.862817 0.877600 0.524943 0.496464 0.636458 0.598915 0.559044 0.505766 0.681279 0.551120 0.532733 0.493616 0.734875 0.893431 0.758818 0.562276 0.427318 0.407529 0.542676 0.526641 0.492940 0.611761 0.578535 0.461911 0.875852 0.594185 0.719019 0.656579 0.845524 0.700475 0.785067 0.776017 0.699971 0.660293 0.800946 0.908641 0.679100 0.752793 0.571967 0.593092 0.510708 0.591511 0.596626 0.669240 0.763244 0.549762 0.994579 0.847043 0.813466 0.553001 0.910520 0.917542 0.900201 0.852237 0.937261 0.845795 0.759183 0.964158 0.642498 0.679341 0.870713 0.818173 0.776724 0.820663 0.674562 0.661905 0.892345 0.864484 0.877854 0.857228 0.865612 0.794857 0.710215 0.762468 0.619224 0.958708
0.820270 0.729445 0.000000 0.429382 0.681553 0.798991 0.541237 0.651418 0.646417 0.742372 0.996836 0.920798 0.776242 0.895723 0.765339 0.735648 0.986407 0.858487 0.685514 0.648131 0.512281 0.887432 0.497635 0.651304 0.472849 0.414980 0.906120 0.974506 0.750893 0.795439 0.544114 0.600430 0.548599 0.599728 0.764998 0.983342 0.591108 0.900522 0.725303 0.752367 0.833553 0.983477 0.583880 0.696854 0.778367 0.887526 0.709026 0.755137 0.967841 0.977375 0.897858 0.913566 0.956733 0.999470 0.824909 0.983171 0.847116 0.909184 0.797436 0.852779 0.526225 0.754501 0.931534 0.938676 0.458053 0.508689 0.495181 0.571662 0.994960 0.741743 0.605284 0.671573 0.651319 0.650960 0.922839 0.807242 0.672733 0.651299 0.991506 0.744979 0.999502 0.924766 0.859604 0.964669 0.793107 0.797609 0.948773 0.729944 0.883901 0.914292 0.663107 0.649783 0.666113 0.651986 0.885133 0.626211 0.908025 0.806804 0.660624 0.559107 0.768180 0.701712 0.934841 0.976183 0.686440 0.611489 0.677995 0.812033 0.984989 0.980780 0.685666 0.679421 0.564785 0.757493 0.824293 0.934714
0.637972 0.489321 0.429382 0.000000 0.789902 0.591214 0.430685 0.381714 0.676720 0.605773 0.783808 0.477610 0.688969 0.526235 0.771359 0.552090 0.813607 0.679068 0.567222 0.419008 0.530033 0.910594 0.455354 0.446928 0.607787 0.506797 0.898074 0.996147 0.619484 0.572452 0.460710 0.502784 0.440079 0.447357 0.799455 0.950897 0.788762 0.783453 0.832020 0.837499 0.868795 0.916288 0.514403 0.620066 0.651933 0.753816 0.503027 0.585635 0.910648 0.806471 0.693374 0.690921 0.813242 0.823254 0.746164 0.794196 0.755368 0.771706 0.699286 0.720590 0.391605 0.413023 0.796677 0.602700 0.673766 0.316882 0.475828 0.510437 0.976671 0.675182 0.606466 0.643059 0.610443 0.603296 0.763744 0.650676 0.606408 0.594797 0.867170 0.637211 0.835394 0.707501 0.728896 0.930138 0.804399 0.657046 0.973014 0.937356 0.812184 0.792661 0.615386 0.788425 0.625450 0.802751 0.771959 0.569213 0.752139 0.818767 0.516313 0.508013 0.604516 0.672867 0.798684 0.867161 0.561537 0.627002 0.728641 0.886861 0.856757 0.893437 0.753430 0.659633 0.581300 0.720138 0.637176 0.975266
0.798598 0.881990 0.681553 0.789902 0.000000 0.977239 0.929261 0.935705 0.934131 0.942587 0.975122 0.895735 0.531957 0.796608 0.553039 0.583409 0.916022 0.850607 0.777612 0.958142 0.861757 0.926763 0.546066 0.598168 0.676249 0.870180 0.633206 0.917328 0.895247 0.819228 0.961494 0.998489 0.817577 0.992407 0.961119 0.868767 0.810815 0.965430 0.922982 0.652326 0.995000 0.984982 0.937230 0.997400 0.937602 0.931466 0.797132 0.827211 0.650993 0.883446 0.998952 0.979490 0.983694 0.787689 0.709477 0.890444 0.941723 0.766518 0.889420 0.917721 0.697112 0.895827 0.788664 0.782556 0.501685 0.795880 0.952755 0.938700 0.819839 0.744925 0.898990 0.793935 0.847168 0.943372 0.960632 0.989480 0.839988 0.888048 0.993235 0.705270 0.799438 0.739655 0.783345 0.723606 0.532628 0.668232 0.715410 0.943022 0.653284 0.664885 0.875969 0.897384 0.859560 0.949607 0.951202 0.998935 0.905981 0.913496 0.952676 0.907074 0.785584 0.927135 0.928314 0.914357 0.895135 0.950713 0.894297 0.817210 0.986246 0.894165 0.873720 0.926311 0.876938 0.993554 0.806302 0.956827
0.830024 0.744456 0.798991 0.591214 0.977239 0.000000 0.612609 0.549747 0.718738 0.638400 0.800491 0.661201 0.947485 0.791553 0.962047 0.785181 0.882580 0.839719 0.837186 0.656196 0.826750 0.812972 0.869205 0.834523 0.961771 0.842936 0.722743 0.943836 0.805176 0.797085 0.643559 0.710259 0.592150 0.664973 0.722994 0.983803 0.941816 0.941604 0.936249 0.969145 0.687981 0.967496 0.701897 0.676717 0.786296 0.820021 0.851918 0.751702 0.995684 0.820226 0.716697 0.736655 0.706752 0.738943 0.789462 0.847900 0.927657 0.983451 0.934051 0.735262 0.723587 0.611785 0.960235 0.756200 0.936703 0.661100 0.681737 0.604135 0.962646 0.784487 0.752229 0.727889 0.699165 0.745963 0.949557 0.690673 0.762589 0.730989 0.991433 0.851376 0.992694 0.940937 0.977846 0.954100 0.927146 0.975621 0.968418 0.987068 0.967448 0.978655 0.629629 0.818838 0.626615 0.700430 0.880072 0.872585 0.854228 0.709298 0.642579 0.774420 0.611312 0.726599 0.909299 0.795725 0.771524 0.913241 0.863262 0.893699 0.905488 0.982106 0.815619 0.826033 0.793769 0.805824 0.698571 0.898023
0.805264 0.588967 0.541237 0.430685 0.929261 0.612609 0.000000 0.284000 0.434565 0.336859 0.659249 0.592883 0.988053 0.750171 0.998737 0.713936 0.707209 0.548696 0.524144 0.469859 0.673646 0.857887 0.680332 0.747894 0.934391 0.752288 0.599501 0.827843 0.444980 0.428578 0.332911 0.415274 0.366455 0.288461 0.600879 0.879379 0.895204 0.857911 0.898387 0.934244 0.775740 0.910039 0.305038 0.366218 0.327814 0.453071 0.796341 0.613782 0.828933 0.700999 0.488093 0.522121 0.471377 0.447125 0.891290 0.902874 0.674379 0.867591 0.801010 0.856130 0.381124 0.534412 0.697226 0.513717 0.996537 0.640613 0.266250 0.307530 0.880028 0.793056 0.416205 0.411215 0.444049 0.420148 0.945210 0.649198 0.509771 0.511287 0.778934 0.721734 0.925883 0.944518 0.927916 0.786659 0.815113 0.930976 0.892074 0.797427 0.899561 0.980480 0.368854 0.514472 0.453511 0.596224 0.801947 0.622661 0.556359 0.657164 0.272147 0.310285 0.433932 0.450037 0.567056 0.666543 0.454188 0.636336 0.601493 0.676748 0.718597 0.798778 0.574785 0.506588 0.391792 0.658451 0.559789 0.926332
0.795766 0.608330 0.651418 0.381714 0.935705 0.549747 0.284000 0.000000 0.540802 0.348868 0.684211 0.396783 0.943597 0.600212 0.915631 0.807958 0.851363 0.732937 0.715465 0.532571 0.761468 0.930465 0.769142 0.768966 0.984519 0.775903 0.585544 0.850525 0.556560 0.547903 0.495264 0.529914 0.483717 0.409687 0.623730 0.905834 0.934930 0.933333 0.992939 0.910586 0.803631 0.942625 0.444376 0.510150 0.442837 0.492897 0.702702 0.604283 0.808165 0.650619 0.486509 0.496967 0.513834 0.483982 0.819499 0.758704 0.909071 0.942042 0.751924 0.681870 0.364071 0.276425 0.734763 0.467243 0.945438 0.461302 0.357747 0.331376 0.832501 0.746024 0.624656 0.599936 0.579940 0.576177 0.875236 0.634321 0.586999 0.677046 0.918526 0.867152 0.943972 0.968058 0.965122 0.849383 0.874434 0.992752 0.990898 0.888013 0.963557 0.901194 0.426522 0.710007 0.494994 0.726767 0.830860 0.713906 0.583115 0.683399 0.365165 0.463146 0.395820 0.582973 0.710918 0.804939 0.485167 0.687689 0.632124 0.773320 0.727177 0.730528 0.635321 0.639391 0.502536 0.724905 0.561573 0.877980
0.811661 0.969061 0.646417 0.676720 0.934131 0.718738 0.434565 0.540802 0.000000 0.428627 0.808996 0.826534 0.867805 0.973822 0.931886 0.857203 0.960600 0.811963 0.864080 0.758965 0.732514 0.850321 0.831698 0.965683 0.974052 0.727475 0.689892 0.792800 0.625432 0.719163 0.478968 0.643852 0.639409 0.544715 0.664976 0.791364 0.829798 0.988799 0.876997 0.992901 0.707441 0.945676 0.546946 0.620382 0.601517 0.768767 0.879269 0.994048 0.970912 0.963607 0.789334 0.872458 0.625628 0.612481 0.966509 0.831083 0.951767 0.841209 0.843296 0.805365 0.706582 0.725824 0.977695 0.846635 0.991755 0.834843 0.479026 0.547548 0.869600 0.842219 0.489898 0.561011 0.601945 0.633445 0.930645 0.729671 0.705135 0.712004 0.936281 0.799391 0.801617 0.761348 0.935120 0.740747 0.766407 0.801509 0.949357 0.887104 0.807334 0.756553 0.497734 0.520830 0.575433 0.508322 0.836734 0.844292 0.835260 0.724501 0.547644 0.571159 0.552694 0.615346 0.763354 0.883210 0.749700 0.835792 0.741293 0.699982 0.853585 0.964653 0.726635 0.722587 0.721066 0.775077 0.719829 0.883727
0.931689 0.880494 0.742372 0.605773 0.942587 0.638400 0.336859 0.348868 0.428627 0.000000 0.815233 0.596983 0.902885 0.864948 0.954103 0.799822 0.810621 0.678578 0.674557 0.609057 0.831897 0.906752 0.817426 0.952388 0.923574 0.879690 0.601244 0.894460 0.507611 0.554662 0.455799 0.561927 0.565787 0.448506 0.588619 0.826989 0.993000 0.935563 0.874692 0.911156 0.884780 0.981119 0.528444 0.596520 0.438416 0.572531 0.932639 0.753964 0.889037 0.895565 0.671825 0.723240 0.573884 0.520265 0.965313 0.929718 0.966526 0.848209 0.967936 0.953433 0.582052 0.549607 0.740662 0.577420 0.862390 0.802452 0.431354 0.485279 0.838176 0.855592 0.486338 0.527187 0.579974 0.532460 0.984355 0.695656 0.709804 0.644662 0.968501 0.855870 0.964545 0.858334 0.972400 0.683501 0.727599 0.754780 0.824974 0.821340 0.828086 0.900532 0.405545 0.568398 0.522879 0.610828 0.866230 0.712318 0.659284 0.694609 0.382836 0.453246 0.456907 0.563892 0.679976 0.845583 0.648792 0.872793 0.759164 0.838957 0.772846 0.875019 0.592002 0.657720 0.553430 0.772742 0.769574 0.811468
0.681691 0.565223 0.996836 0.783808 0.975122 0.800491 0.659249 0.684211 0.808996 0.815233 0.000000 0.590853 0.835784 0.591134 0.857112 0.814072 0.550383 0.562791 0.662570 0.694980 0.946724 0.986928 0.945715 0.763788 0.864073 0.927756 0.876277 0.963934 0.580379 0.518990 0.800579 0.758096 0.619103 0.644712 0.878419 0.939072 0.969164 0.825394 0.790576 0.881972 0.849555 0.890236 0.667879 0.622632 0.732422 0.714919 0.775063 0.797797 0.768321 0.760258 0.647843 0.682469 0.785987 0.829729 0.832097 0.747659 0.601485 0.622806 0.729806 0.755612 0.640732 0.689806 0.608208 0.534302 0.861106 0.817051 0.828902 0.743186 0.988672 0.843293 0.902274 0.882106 0.656683 0.778072 0.887831 0.786626 0.693486 0.916890 0.654859 0.703142 0.616410 0.641429 0.746119 0.731731 0.940058 0.800483 0.900565 0.659191 0.910207 0.734100 0.993377 0.829792 0.927322 0.869197 0.910465 0.895936 0.848913 0.933311 0.767640 0.934344 0.897219 0.900951 0.834438 0.943896 0.912818 0.934937 0.959167 0.986476 0.717872 0.819716 0.935119 0.881759 0.746871 0.939472 0.723190 0.732095
0.670009 0.575479 0.920798 0.477610 0.895735 0.661201 0.592883 0.396783 0.826534 0.596983 0.590853 0.000000 0.676755 0.315393 0.833685 0.618996 0.738512 0.635326 0.679223 0.557987 0.845286 0.950628 0.719680 0.573061 0.989046 0.976276 0.845094 0.995498 0.571298 0.484092 0.741287 0.672642 0.583719 0.596995 0.949804 0.984137 0.832476 0.916247 0.980530 0.993624 0.985763 0.822550 0.701965 0.695302 0.678416 0.653475 0.562472 0.612582 0.759089 0.630778 0.595983 0.557173 0.707263 0.717345 0.751981 0.636620 0.827640 0.755673 0.714997 0.668191 0.483057 0.318402 0.549436 0.380753 0.936932 0.481081 0.772659 0.654588 0.855446 0.793726 0.915671 0.873101 0.713491 0.778058 0.815119 0.793924 0.691357 0.795023 0.827977 0.752536 0.709466 0.623288 0.736396 0.755339 0.872589 0.698476 0.879061 0.779543 0.778506 0.735881 0.835619 0.868570 0.914176 0.879894 0.886739 0.785024 0.786883 0.868763 0.683858 0.750978 0.682601 0.864836 0.899848 0.901049 0.673072 0.839037 0.916548 0.942393 0.823249 0.807058 0.936998 0.823974 0.772031 0.888247 0.728451 0.846344
0.529965 0.710742 0.776242 0.688969 0.531957 0.947485 0.988053 0.943597 0.867805 0.902885 0.835784 0.676755 0.000000 0.467704 0.351090 0.463182 0.831642 0.815185 0.687432 0.789019 0.914098 0.893683 0.411747 0.408153 0.746120 0.962873 0.648033 0.746192 0.847986 0.767742 0.887409 0.930186 0.834893 0.984933 0.914685 0.780243 0.822142 0.933711 0.872780 0.747898 0.853216 0.900936 0.971423 0.976625 0.983979 0.952851 0.561718 0.625950 0.673714 0.766059 0.953660 0.885167 0.893332 0.720855 0.729438 0.724477 0.829579 0.562093 0.636024 0.642345 0.627892 0.781412 0.684775 0.700411 0.491150 0.634783 0.848717 0.858126 0.920242 0.700141 0.754229 0.743575 0.829805 0.855136 0.810016 0.963775 0.883459 0.969886 0.865716 0.685668 0.743997 0.498021 0.629611 0.569415 0.441958 0.485831 0.853983 0.837213 0.649341 0.595707 0.755872 0.707236 0.720567 0.717504 0.935328 0.872852 0.945896 0.863034 0.941115 0.926077 0.749672 0.897657 0.813241 0.899655 0.942168 0.851499 0.922765 0.818601 0.984140 0.989098 0.915831 0.991517 0.998749 0.987605 0.931449 0.952242
0.542888 0.505277 0.895723 0.526235 0.796608 0.791553 0.750171 0.600212 0.973822 0.864948 0.591134 0.315393 0.467704 0.000000 0.671882 0.496690 0.662947 0.627248 0.593463 0.582220 0.899505 0.972131 0.573542 0.389393 0.912660 0.981623 0.998729 0.893620 0.622461 0.458053 0.810902 0.677576 0.625104 0.716004 0.910211 0.825309 0.955074 0.864051 0.894640 0.850421 0.915119 0.848499 0.720613 0.710423 0.748399 0.682076 0.494648 0.567701 0.662787 0.554186 0.585786 0.556352 0.787084 0.839718 0.659444 0.599213 0.706470 0.598239 0.617752 0.630207 0.535435 0.503152 0.560394 0.415669 0.916892 0.532829 0.946206 0.822226 0.861811 0.850129 0.956255 0.964875 0.790437 0.851173 0.817316 0.787702 0.709571 0.797304 0.757927 0.635447 0.639165 0.516861 0.602334 0.616972 0.721264 0.542131 0.868308 0.740669 0.721308 0.621215 0.941343 0.725369 0.877608 0.699375 0.838056 0.815353 0.862680 0.974840 0.822901 0.860538 0.875055 0.992324 0.960571 0.936971 0.813816 0.871667 0.976569 0.844231 0.802922 0.848135 0.998782 0.907888 0.874752 0.897380 0.779975 0.900887
0.637259 0.784574 0.765339 0.771359 0.553039 0.962047 0.998737 0.915631 0.931886 0.954103 0.857112 0.833685 0.351090 0.671882 0.000000 0.394676 0.741096 0.676831 0.603068 0.753243 0.710891 0.956443 0.371800 0.437530 0.634997 0.848787 0.551327 0.729604 0.795642 0.746761 0.948756 0.980504 0.742609 0.940795 0.936144 0.907241 0.771122 0.984143 0.931552 0.661927 0.937988 0.928864 0.960337 0.989529 0.941511 0.923065 0.751852 0.766470 0.838641 0.963813 0.909341 0.920358 0.839566 0.687676 0.826092 0.857933 0.695127 0.588548 0.789970 0.897319 0.777295 0.989153 0.785540 0.839817 0.460922 0.750477 0.863915 0.825084 0.721282 0.740933 0.984516 0.949373 0.903205 0.990487 0.839412 0.882013 0.973049 0.941642 0.974973 0.575537 0.687424 0.546086 0.609821 0.630327 0.462046 0.515811 0.805071 0.874637 0.660327 0.726073 0.848406 0.816929 0.771962 0.852296 0.796771 0.757327 0.946916 0.864575 0.995478 0.942088 0.709680 0.989650 0.861635 0.949821 0.941384 0.938122 0.967630 0.727705 0.979680 0.910170 0.926108 0.982180 0.903608 0.977494 0.968441 0.969151
0.723292 0.658799 0.735648 0.552090 0.583409 0.785181 0.713936 0.807958 0.857203 0.799822 0.814072 0.618996 0.463182 0.496690 0.394676 0.000000 0.692900 0.577609 0.485832 0.576326 0.760727 0.949593 0.294666 0.304961 0.754641 0.835191 0.784847 0.852297 0.671117 0.527642 0.656740 0.716505 0.559237 0.714835 0.931870 0.859464 0.707150 0.839757 0.879961 0.758791 0.968442 0.964900 0.675282 0.721349 0.792328 0.855153 0.675172 0.693994 0.771467 0.837920 0.824852 0.803619 0.887878 0.970909 0.880157 0.944413 0.660979 0.694048 0.889367 0.971812 0.665412 0.820835 0.710157 0.653947 0.637787 0.666779 0.932373 0.946368 0.996805 0.872219 0.800210 0.781877 0.858593 0.816616 0.873617 0.803599 0.785063 0.651476 0.823256 0.532823 0.826555 0.715973 0.669317 0.812850 0.693885 0.634095 0.995062 0.914346 0.795889 0.857391 0.913316 0.954463 0.994148 0.985982 0.746188 0.721578 0.993503 0.907141 0.794225 0.675593 0.996278 0.879300 0.919566 0.882872 0.899283 0.934914 0.900849 0.887400 0.837809 0.895099 0.921613 0.744617 0.802759 0.916074 0.892402 0.940058
0.601488 0.538149 0.986407 0.813607 0.916022 0.882580 0.707209 0.851363 0.960600 0.810621 0.550383 0.738512 0.831642 0.662947 0.741096 0.692900 0.000000 0.318114 0.504889 0.574701 0.898323 0.838535 0.840459 0.707217 0.977296 0.904135 0.971649 0.864324 0.514735 0.426868 0.710099 0.681417 0.608363 0.656090 0.974496 0.938536 0.922413 0.863756 0.977949 0.926906 0.902729 0.802575 0.665639 0.623640 0.646219 0.658576 0.755723 0.684600 0.661037 0.665459 0.646600 0.693707 0.785045 0.887303 0.758366 0.703987 0.400278 0.488714 0.761485 0.882314 0.732376 0.943712 0.418205 0.437340 0.886346 0.941689 0.899478 0.879653 0.823656 0.792457 0.780754 0.826384 0.747812 0.656336 0.878313 0.889613 0.858527 0.828596 0.619391 0.516359 0.461348 0.586840 0.610637 0.731279 0.898032 0.827343 0.891414 0.811038 0.929744 0.698944 0.990450 0.886128 0.893993 0.804883 0.939972 0.845550 0.747312 0.975207 0.725183 0.785062 0.991375 0.879337 0.858570 0.738247 0.906825 0.916675 0.992188 0.987312 0.738062 0.878226 0.810037 0.873281 0.791472 0.847207 0.849321 0.918157
0.620759 0.479977 0.858487 0.679068 0.850607 0.839719 0.548696 0.732937 0.811963 0.678578 0.562791 0.635326 0.815185 0.627248 0.676831 0.577609 0.318114 0.000000 0.372804 0.485953 0.740891 0.844555 0.723715 0.580037 0.887069 0.971036 0.954804 0.982993 0.401096 0.321012 0.545365 0.482102 0.414565 0.484363 0.904142 0.957866 0.951072 0.832400 0.929956 0.942095 0.965120 0.777113 0.495918 0.492073 0.549145 0.597839 0.720217 0.640057 0.701074 0.695151 0.593095 0.657315 0.740923 0.829149 0.801005 0.704446 0.338146 0.500777 0.750985 0.939591 0.616322 0.850788 0.405005 0.398500 0.967968 0.926568 0.772555 0.734784 0.893118 0.873570 0.673735 0.695683 0.647902 0.584305 0.936260 0.832788 0.707719 0.622309 0.577800 0.414100 0.472187 0.597619 0.591168 0.717426 0.875131 0.771917 0.950705 0.824064 0.981439 0.747035 0.912644 0.990029 0.979161 0.900364 0.875479 0.661405 0.701092 0.927143 0.578240 0.632572 0.898095 0.742480 0.745195 0.653995 0.761814 0.842572 0.909192 0.958959 0.830121 0.929573 0.820724 0.756937 0.620097 0.815839 0.766739 0.887839
0.614522 0.566607 0.685514 0.567222 0.777612 0.837186 0.524144 0.715465 0.864080 0.674557 0.662570 0.679223 0.687432 0.593463 0.603068 0.485832 0.504889 0.372804 0.000000 0.447829 0.768754 0.851846 0.522972 0.492546 0.810577 0.922820 0.986228 0.975349 0.480935 0.416957 0.552053 0.540328 0.463287 0.475341 0.955986 0.934587 0.838348 0.799087 0.858291 0.878641 0.909342 0.879816 0.604152 0.653880 0.580223 0.674824 0.718183 0.620058 0.761983 0.744017 0.707331 0.753633 0.788385 0.795258 0.913427 0.789954 0.479331 0.577366 0.766760 0.899252 0.577450 0.881934 0.519344 0.538924 0.881923 0.836135 0.712647 0.797783 0.931296 0.927596 0.645626 0.662038 0.603304 0.568297 0.974794 0.759180 0.659459 0.555208 0.763072 0.572285 0.693754 0.694881 0.713733 0.849688 0.911150 0.850686 0.913161 0.977688 0.981699 0.856706 0.802921 0.857475 0.884065 0.916613 0.832433 0.627180 0.733086 0.947654 0.564477 0.563694 0.831934 0.720625 0.741155 0.714850 0.860864 0.845660 0.867686 0.980039 0.770097 0.990113 0.817208 0.616004 0.557534 0.766012 0.848909 0.943994
0.631727 0.452620 0.648131 0.419008 0.958142 0.656196 0.469859 0.532571 0.758965 0.609057 0.694980 0.557987 0.789019 0.582220 0.753243 0.576326 0.574701 0.485953 0.447829 0.000000 0.689290 0.783823 0.564429 0.523445 0.784106 0.739006 0.861176 0.915617 0.478705 0.489808 0.490268 0.477952 0.450080 0.423100 0.874777 0.969475 0.841424 0.831256 0.808677 0.950740 0.799979 0.935759 0.552468 0.598538 0.624573 0.687896 0.709417 0.566658 0.911498 0.735733 0.667134 0.700430 0.761895 0.737965 0.850905 0.736498 0.589545 0.676397 0.827030 0.792042 0.548285 0.643080 0.640193 0.575861 0.912168 0.630111 0.622918 0.658867 0.977712 0.721193 0.574515 0.591999 0.534462 0.525034 0.766029 0.794741 0.618065 0.652259 0.821624 0.655703 0.708651 0.727990 0.690809 0.905583 0.926980 0.790729 0.859597 0.949617 0.969280 0.812999 0.638507 0.796271 0.679054 0.888653 0.859062 0.591120 0.700695 0.787463 0.488601 0.514283 0.713186 0.665784 0.701664 0.805399 0.673840 0.799654 0.794450 0.894297 0.781696 0.883866 0.792366 0.687133 0.623657 0.727430 0.703724 0.821748
0.880810 0.705445 0.512281 0.530033 0.861757 0.826750 0.673646 0.761468 0.732514 0.831897 0.946724 0.845286 0.914098 0.899505 0.710891 0.760727 0.898323 0.740891 0.768754 0.689290 0.000000 0.802579 0.638366 0.724364 0.621056 0.547220 0.948785 0.959489 0.736615 0.747104 0.535044 0.597074 0.659023 0.641295 0.956783 0.943940 0.817931 0.945435 0.990262 0.762067 0.845639 0.851140 0.696964 0.778062 0.915962 0.975812 0.870242 0.909786 0.863273 0.923178 0.970751 0.991901 0.981732 0.996957 0.951925 0.974292 0.755979 0.885001 0.948510 0.942986 0.800747 0.834539 0.942958 0.927504 0.680827 0.645687 0.671851 0.734078 0.882199 0.752827 0.624511 0.692297 0.663765 0.694182 0.955265 0.830729 0.843814 0.727763 0.981453 0.717560 0.921163 0.827603 0.817516 0.983097 0.885407 0.797890 0.768446 0.874876 0.963320 0.975875 0.759611 0.882966 0.795143 0.763669 0.720094 0.721233 0.931452 0.990918 0.754354 0.728814 0.894010 0.669938 0.991635 0.946146 0.635210 0.767935 0.828885 0.964562 0.978421 0.923881 0.798213 0.816238 0.667831 0.945814 0.819244 0.963743
0.971739 0.828455 0.887432 0.910594 0.926763 0.812972 0.857887 0.930465 0.850321 0.906752 0.986928 0.950628 0.893683 0.972131 0.956443 0.949593 0.838535 0.844555 0.851846 0.783823 0.802579 0.000000 0.902152 0.954997 0.986388 0.966886 0.930141 0.899153 0.825589 0.937688 0.796720 0.827419 0.842812 0.853284 0.982960 0.978961 0.966622 0.944664 0.943041 0.848292 0.928917 0.962838 0.851480 0.821820 0.872118 0.932664 0.888016 0.861950 0.993272 0.902837 0.922867 0.965202 0.807546 0.818765 0.997811 0.975247 0.916538 0.969600 0.843574 0.952028 0.950920 0.910990 0.915568 0.961449 0.930000 0.928582 0.844903 0.983879 0.908142 0.927997 0.774690 0.747450 0.933311 0.813219 0.873090 0.756522 0.893095 0.865126 0.929853 0.984917 0.957602 0.985525 0.934467 0.933226 0.883542 0.927332 0.966250 0.870856 0.944098 0.935893 0.755502 0.810669 0.801917 0.799349 0.873427 0.884407 0.872088 0.876979 0.780377 0.864037 0.861527 0.820230 0.889690 0.761080 0.818429 0.810942 0.845186 0.827831 0.917999 0.889485 0.903961 0.952788 0.916552 0.655160 0.836139 0.899057
0.693131 0.686401 0.497635 0.455354 0.546066 0.869205 0.680332 0.769142 0.831698 0.817426 0.945715 0.719680 0.411747 0.573542 0.371800 0.294666 0.840459 0.723715 0.522972 0.564429 0.638366 0.902152 0.000000 0.307103 0.518221 0.588180 0.790550 0.869163 0.662199 0.621176 0.609633 0.691765 0.531134 0.676159 0.963939 0.947793 0.577362 0.829299 0.782526 0.718229 0.994536 0.952507 0.668467 0.777200 0.774234 0.864098 0.628644 0.656961 0.789476 0.848915 0.882438 0.870830 0.950051 0.959376 0.836088 0.906946 0.759578 0.754506 0.834626 0.908544 0.543149 0.781967 0.838679 0.767965 0.406113 0.548047 0.802106 0.864782 0.974289 0.771649 0.756689 0.754657 0.831061 0.728370 0.761667 0.763166 0.767129 0.612916 0.941958 0.591663 0.866814 0.731343 0.674924 0.860024 0.580036 0.576790 0.920560 0.932814 0.778646 0.832650 0.849394 0.846772 0.879259 0.902785 0.735091 0.624942 0.956613 0.949472 0.724947 0.581589 0.965228 0.823562 0.901271 0.929461 0.781700 0.749911 0.805943 0.957595 0.926614 0.931835 0.900321 0.792137 0.710790 0.824900 0.834559 0.965884
0.552180 0.510654 0.651304 0.446928 0.598168 0.834523 0.747894 0.768966 0.965683 0.952388 0.763788 0.573061 0.408153 0.389393 0.437530 0.304961 0.707217 0.580037 0.492546 0.523445 0.724364 0.954997 0.307103 0.000000 0.603152 0.719374 0.775914 0.878565 0.682650 0.534564 0.707191 0.651475 0.533468 0.692779 0.917522 0.831230 0.725300 0.823631 0.730383 0.756636 0.970553 0.973320 0.678140 0.734659 0.826580 0.850423 0.567764 0.688611 0.753513 0.751457 0.763901 0.752542 0.919237 0.970314 0.775675 0.759935 0.614751 0.585025 0.731579 0.801863 0.571634 0.715228 0.692483 0.616951 0.583454 0.520708 0.921618 0.899785 0.977216 0.824632 0.926122 0.867245 0.833621 0.800213 0.785248 0.787893 0.766233 0.721257 0.730590 0.507860 0.701341 0.548201 0.594944 0.644916 0.577098 0.464979 0.901337 0.867793 0.716162 0.654411 0.971783 0.953867 0.938529 0.859667 0.855306 0.721850 0.964319 0.979519 0.817654 0.713625 0.954901 0.932401 0.938237 0.926641 0.870891 0.870221 0.938644 0.910920 0.924220 0.958045 0.973430 0.815823 0.761938 0.919715 0.855198 0.982493
0.766020 0.739309 0.472849 0.607787 0.676249 0.961771 0.934391 0.984519 0.974052 0.923574 0.864073 0.989046 0.746120 0.912660 0.634997 0.754641 0.977296 0.887069 0.810577 0.784106 0.621056 0.986388 0.518221 0.603152 0.000000 0.412599 0.688270 0.982355 0.899593 0.932355 0.754434 0.774128 0.685614 0.822763 0.997266 0.950739 0.624075 0.808354 0.727558 0.680558 0.946733 0.992932 0.909969 0.979721 0.946235 0.843006 0.688016 0.919231 0.950163 0.912313 0.851525 0.846356 0.686021 0.600270 0.845643 0.899976 0.818537 0.836311 0.814319 0.924884 0.733749 0.912283 0.948172 0.951234 0.394042 0.604207 0.902233 0.891827 0.764986 0.751299 0.827264 0.886597 0.894170 0.754777 0.794978 0.907306 0.929188 0.768548 0.960680 0.709161 0.746236 0.718802 0.703082 0.769092 0.452341 0.485688 0.859698 0.942525 0.773306 0.709944 0.948770 0.987966 0.930624 0.997794 0.922574 0.677920 0.911512 0.995158 0.934293 0.862480 0.892719 0.929689 0.968641 0.997885 0.850621 0.814809 0.875318 0.941922 0.829997 0.956220 0.953202 0.958464 0.841440 0.970390 0.976504 0.868740
0.962244 0.807005 0.414980 0.506797 0.870180 0.842936 0.752288 0.775903 0.727475 0.879690 0.927756 0.976276 0.962873 0.981623 0.848787 0.835191 0.904135 0.971036 0.922820 0.739006 0.547220 0.966886 0.588180 0.719374 0.412599 0.000000 0.991843 0.957836 0.846528 0.940654 0.527496 0.618535 0.640962 0.689448 0.832487 0.836498 0.605944 0.781664 0.791241 0.722729 0.794976 0.985601 0.702567 0.836457 0.943011 0.945395 0.770317 0.990491 0.828612 0.853006 0.987662 0.924476 0.907059 0.888333 0.954663 0.948879 0.945288 0.929877 0.949067 0.988385 0.724452 0.776063 0.754345 0.875363 0.530248 0.519766 0.642581 0.660159 0.951790 0.882622 0.583045 0.627724 0.740535 0.600126 0.861191 0.766935 0.841288 0.762142 0.876283 0.769149 0.977100 0.910361 0.826971 0.972519 0.741380 0.720760 0.862532 0.896556 0.909325 0.957839 0.739977 0.732347 0.696497 0.728386 0.843408 0.756625 0.928777 0.923020 0.767655 0.726985 0.812342 0.876899 0.938529 0.906586 0.716346 0.744647 0.731444 0.904724 0.890032 0.949684 0.858065 0.858836 0.730651 0.873229 0.860443 0.876889
0.872561 0.971470 0.906120 0.898074 0.633206 0.722743 0.599501 0.585544 0.689892 0.601244 0.876277 0.845094 0.648033 0.998729 0.551327 0.784847 0.971649 0.954804 0.986228 0.861176 0.948785 0.930141 0.790550 0.775914 0.688270 0.991843 0.000000 0.820398 0.874040 0.873356 0.731348 0.765353 0.845774 0.654154 0.804264 0.836133 0.880436 0.961642 0.951397 0.672896 0.874483 0.968528 0.754239 0.669414 0.625822 0.652305 0.965872 0.919388 0.924439 0.812891 0.664302 0.695123 0.618565 0.432607 0.997030 0.983923 0.868220 0.777250 0.950341 0.912794 0.807655 0.747188 0.988678 0.893606 0.601876 0.956290 0.551064 0.514432 0.656664 0.947644 0.758245 0.695105 0.661975 0.784974 0.858885 0.820153 0.695087 0.819454 0.941661 0.853249 0.782957 0.740017 0.778494 0.682405 0.474994 0.554500 0.843141 0.861431 0.718004 0.754879 0.545376 0.682873 0.592207 0.699598 0.914836 0.963443 0.712211 0.704098 0.631876 0.740800 0.512343 0.676821 0.722574 0.861464 0.769012 0.971676 0.892112 0.674222 0.746869 0.875311 0.801901 0.725423 0.779140 0.797459 0.808618 0.885777
0.956740 0.998901 0.974506 0.996147 0.917328 0.943836 0.827843 0.850525 0.792800 0.894460 0.963934 0.995498 0.746192 0.893620 0.729604 0.852297 0.864324 0.982993 0.975349 0.915617 0.959489 0.899153 0.869163 0.878565 0.982355 0.957836 0.820398 0.000000 0.987077 0.959161 0.819710 0.844074 0.896443 0.878010 0.972894 0.738588 0.934902 0.833946 0.851962 0.781859 0.999139 0.846750 0.940085 0.898832 0.875056 0.924268 0.838022 0.862463 0.923368 0.989933 0.915280 0.899874 0.873435 0.758963 0.886180 0.787714 0.987258 0.885955 0.923721 0.863555 0.952273 0.933655 0.952532 0.966810 0.811382 0.986146 0.776278 0.838271 0.965738 0.856211 0.946851 0.922584 0.808892 0.901951 0.864418 0.904529 0.923660 0.811952 0.853056 0.869946 0.973873 0.800745 0.900109 0.849380 0.792253 0.845204 0.998893 0.994086 0.807113 0.725116 0.777031 0.808596 0.772010 0.803048 0.921402 0.959878 0.973187 0.876772 0.833039 0.907748 0.745729 0.880799 0.824272 0.937123 0.866047 0.866635 0.934656 0.753634 0.906202 0.879175 0.790162 0.864566 0.951610 0.954468 0.831957 0.978187
0.790760 0.577937 0.750893 0.619484 0.895247 0.805176 0.444980 0.556560 0.625432 0.507611 0.580379 0.571298 0.847986 0.622461 0.795642 0.671117 0.514735 0.401096 0.480935 0.478705 0.736615 0.825589 0.662199 0.682650 0.899593 0.846528 0.874040 0.987077 0.000000 0.342701 0.488563 0.471783 0.435001 0.439278 0.834950 0.990139 0.902519 0.885493 0.866856 0.995917 0.923089 0.885125 0.503948 0.533190 0.465000 0.555764 0.748905 0.656490 0.752634 0.735253 0.590790 0.665233 0.672386 0.697501 0.957816 0.682718 0.598109 0.771574 0.874012 0.909136 0.543426 0.728576 0.504011 0.459972 0.978169 0.819822 0.650465 0.627786 0.869757 0.805024 0.591697 0.619417 0.468671 0.443827 0.840203 0.797665 0.579475 0.589772 0.745239 0.571120 0.731770 0.791879 0.719441 0.908251 0.973352 0.881173 0.937600 0.981099 0.917369 0.889739 0.742697 0.862121 0.845635 0.921496 0.832185 0.702790 0.730195 0.791077 0.499376 0.556307 0.718328 0.699282 0.654332 0.767125 0.641761 0.838148 0.832278 0.902865 0.826707 0.836661 0.879342 0.691354 0.614169 0.679473 0.733844 0.870408
0.705017 0.497485 0.795439 0.572452 0.819228 0.797085 0.428578 0.547903 0.719163 0.554662 0.518990 0.484092 0.767742 0.458053 0.746761 0.527642 0.426868 0.321012 0.416957 0.489808 0.747104 0.937688 0.621176 0.534564 0.932355 0.940654 0.873356 0.959161 0.342701 0.000000 0.465839 0.428439 0.409293 0.447231 0.899373 0.976921 0.861233 0.746574 0.927175 0.914645 0.953658 0.864015 0.429863 0.422043 0.419109 0.479472 0.673779 0.611276 0.630113 0.613342 0.475621 0.511564 0.582322 0.654335 0.789448 0.697025 0.465826 0.628662 0.717910 0.921351 0.474486 0.645986 0.409616 0.328462 0.989737 0.773291 0.659406 0.584243 0.905698 0.822603 0.668936 0.644708 0.525212 0.471858 0.897477 0.755651 0.627601 0.561093 0.697227 0.474950 0.558029 0.689960 0.537316 0.819193 0.932397 0.780774 0.993688 0.863352 0.974213 0.778964 0.834009 0.997334 0.976804 0.933041 0.805365 0.747542 0.727557 0.965250 0.561350 0.578300 0.787594 0.777752 0.691216 0.755470 0.680778 0.830172 0.876639 0.982256 0.806076 0.865375 0.791946 0.764141 0.590606 0.809549 0.744769 0.829978
0.961621 0.657941 0.544114 0.460710 0.961494 0.643559 0.332911 0.495264 0.478968 0.455799 0.800579 0.741287 0.887409 0.810902 0.948756 0.656740 0.710099 0.545365 0.552053 0.490268 0.535044 0.796720 0.609633 0.707191 0.754434 0.527496 0.731348 0.819710 0.488563 0.465839 0.000000 0.285514 0.383113 0.347851 0.728519 0.894211 0.696462 0.663802 0.895665 0.969016 0.765135 0.845181 0.350287 0.442791 0.469299 0.640591 0.864034 0.808884 0.976399 0.884548 0.636662 0.725257 0.643598 0.590214 0.953574 0.981909 0.645818 0.979080 0.991863 0.868913 0.601640 0.723021 0.880347 0.686556 0.936064 0.715187 0.412928 0.432985 0.882890 0.953834 0.296008 0.318455 0.394352 0.322936 0.959419 0.657674 0.614930 0.383276 0.910128 0.650341 0.920957 0.965693 0.818258 0.798018 0.860257 0.998197 0.927483 0.781103 0.838986 0.895449 0.479599 0.547354 0.531080 0.612427 0.735402 0.637076 0.753338 0.824255 0.365468 0.424133 0.519990 0.556612 0.594174 0.723693 0.560267 0.766054 0.687658 0.781334 0.798804 0.960903 0.636735 0.631725 0.519025 0.712425 0.700688 0.949754
0.831179 0.514832 0.600430 0.502784 0.998489 0.710259 0.415274 0.529914 0.643852 0.561927 0.758096 0.672642 0.930186 0.677576 0.980504 0.716505 0.681417 0.482102 0.540328 0.477952 0.597074 0.827419 0.691765 0.651475 0.774128 0.618535 0.765353 0.844074 0.471783 0.428439 0.285514 0.000000 0.404063 0.384569 0.795254 0.931237 0.799797 0.692644 0.887654 0.952819 0.871104 0.858607 0.366610 0.414004 0.515645 0.603519 0.764554 0.709212 0.952920 0.810042 0.574899 0.634204 0.665666 0.645501 0.936546 0.826539 0.589091 0.892067 0.889925 0.998329 0.597416 0.703187 0.800045 0.638068 0.997504 0.702220 0.492029 0.472844 0.882300 0.992563 0.416046 0.398294 0.410108 0.350138 0.999259 0.764381 0.611185 0.439255 0.802827 0.624319 0.812715 0.926290 0.780582 0.967485 0.885670 0.880640 0.935977 0.959762 0.873157 0.984354 0.627140 0.720525 0.659789 0.775954 0.808938 0.693042 0.747036 0.883500 0.482842 0.502582 0.583972 0.601731 0.605644 0.751328 0.546175 0.730406 0.784572 0.821560 0.890577 0.949163 0.693347 0.703758 0.521285 0.745159 0.673034 0.998382
0.626771 0.468839 0.548599 0.440079 0.817577 0.592150 0.366455 0.483717 0.639409 0.565787 0.619103 0.583719 0.834893 0.625104 0.742609 0.559237 0.608363 0.414565 0.463287 0.450080 0.659023 0.842812 0.531134 0.533468 0.685614 0.640962 0.845774 0.896443 0.435001 0.409293 0.383113 0.404063 0.000000 0.360149 0.654238 0.906398 0.818183 0.778896 0.825602 0.881285 0.784448 0.840016 0.360821 0.372231 0.435115 0.503670 0.599765 0.598356 0.706150 0.616582 0.501683 0.569029 0.651324 0.729395 0.681027 0.682530 0.507110 0.658744 0.675965 0.768621 0.373311 0.603960 0.641147 0.504362 0.778628 0.599882 0.487494 0.446672 0.992555 0.798707 0.533989 0.523374 0.529040 0.482863 0.796434 0.670137 0.565911 0.525895 0.749437 0.518535 0.630289 0.715789 0.703486 0.843142 0.808198 0.712539 0.997346 0.963139 0.920264 0.825332 0.660344 0.779138 0.698404 0.856508 0.815443 0.551823 0.647926 0.774255 0.421526 0.460616 0.648168 0.643245 0.660224 0.704726 0.537955 0.625848 0.707971 0.804520 0.815552 0.859816 0.786368 0.675472 0.421112 0.680265 0.553565 0.910880
0.767231 0.525403 0.599728 0.447357 0.992407 0.664973 0.288461 0.409687 0.544715 0.448506 0.644712 0.596995 0.984933 0.716004 0.940795 0.714835 0.656090 0.484363 0.475341 0.423100 0.641295 0.853284 0.676159 0.692779 0.822763 0.689448 0.654154 0.878010 0.439278 0.447231 0.347851 0.384569 0.360149 0.000000 0.681235 0.838452 0.916123 0.817565 0.938127 0.956949 0.889205 0.917120 0.387682 0.449550 0.428279 0.538730 0.743139 0.659648 0.859237 0.731700 0.552393 0.624401 0.615769 0.577843 0.946715 0.837747 0.628432 0.811633 0.785671 0.873180 0.457662 0.602326 0.695201 0.555077 0.987364 0.679797 0.410856 0.422104 0.923243 0.845650 0.398966 0.436549 0.435980 0.388706 0.955097 0.723284 0.504398 0.519986 0.756220 0.616875 0.839550 0.910625 0.845916 0.923159 0.898904 0.972419 0.944691 0.931958 0.868963 0.953757 0.535798 0.648429 0.556001 0.719159 0.785331 0.594353 0.655767 0.733777 0.343657 0.412309 0.521930 0.501676 0.656597 0.708264 0.545171 0.700545 0.662323 0.681844 0.774164 0.901643 0.731496 0.619500 0.435418 0.735276 0.622997 0.898808
0.966307 0.896552 0.764998 0.799455 0.961119 0.722994 0.600879 0.623730 0.664976 0.588619 0.878419 0.949804 0.914685 0.910211 0.936144 0.931870 0.974496 0.904142 0.955986 0.874777 0.956783 0.982960 0.963939 0.917522 0.997266 0.832487 0.804264 0.972894 0.834950 0.899373 0.728519 0.795254 0.654238 0.681235 0.000000 0.842410 0.962771 0.924631 0.984950 0.957525 0.842613 0.908756 0.646283 0.683031 0.611521 0.651899 0.924180 0.824513 0.823437 0.861699 0.746189 0.779120 0.675837 0.764621 0.831097 0.884742 0.980063 0.984236 0.859505 0.811732 0.640458 0.737994 0.913970 0.820549 0.896999 0.860739 0.569701 0.531559 0.943698 0.769837 0.637195 0.781866 0.947609 0.788017 0.892195 0.876226 0.769986 0.869696 0.944196 0.924783 0.963744 0.879254 0.927720 0.783081 0.938755 0.942643 0.875924 0.855829 0.937734 0.932134 0.652287 0.670680 0.659572 0.729060 0.845005 0.769539 0.782783 0.863617 0.654734 0.718385 0.712235 0.721615 0.801507 0.992283 0.788188 0.744105 0.868004 0.788365 0.988301 0.886637 0.799936 0.958933 0.674858 0.825810 0.639159 0.886612
0.882967 0.973222 0.983342 0.950897 0.868767 0.983803 0.879379 0.905834 0.791364 0.826989 0.939072 0.984137 0.780243 0.825309 0.907241 0.859464 0.938536 0.957866 0.934587 0.969475 0.943940 0.978961 0.947793 0.831230 0.950739 0.836498 0.836133 0.738588 0.990139 0.976921 0.894211 0.931237 0.906398 0.838452 0.842410 0.000000 0.896606 0.990226 0.945601 0.996049 0.922269 0.908135 0.985598 0.957949 0.864448 0.980216 0.908786 0.910973 0.912758 0.916594 0.986423 0.905064 0.961448 0.949862 0.990611 0.918963 0.909179 0.877202 0.924074 0.895172 0.898407 0.905283 0.958530 0.901598 0.992382 0.997343 0.754179 0.850646 0.893394 0.924786 0.759963 0.823175 0.998162 0.897217 0.890147 0.861558 0.902568 0.972109 0.919245 0.981197 0.974744 0.858531 0.965898 0.839390 0.892921 0.937471 0.971770 0.975700 0.982016 0.803918 0.793702 0.823439 0.691721 0.828902 0.943950 0.961538 0.736693 0.900385 0.856177 0.930573 0.741264 0.816205 0.812317 0.972835 0.868244 0.855808 0.995882 0.901908 0.900093 0.954152 0.892126 0.974615 0.995672 0.972853 0.840780 0.967675
0.952861 0.902949 0.591108 0.788762 0.810815 0.941816 0.895204 0.934930 0.829798 0.993000 0.969164 0.832476 0.822142 0.955074 0.771122 0.707150 0.922413 0.951072 0.838348 0.841424 0.817931 0.966622 0.577362 0.725300 0.624075 0.605944 0.880436 0.934902 0.902519 0.861233 0.696462 0.799797 0.818183 0.916123 0.962771 0.896606 0.000000 0.718969 0.657829 0.629006 0.734362 0.836410 0.784414 0.847052 0.905266 0.989788 0.810492 0.979669 0.941707 0.936766 0.972953 0.967287 0.913983 0.852690 0.875478 0.854086 0.798146 0.967949 0.976844 0.864200 0.875688 0.916992 0.936838 0.945760 0.596671 0.885540 0.863221 0.918926 0.919581 0.967725 0.765182 0.785026 0.814475 0.809760 0.903118 0.928374 0.929052 0.736836 0.997934 0.747036 0.884953 0.945771 0.770715 0.947019 0.747318 0.752554 0.930877 0.926763 0.961982 0.853374 0.962745 0.873386 0.989327 0.977763 0.919014 0.808472 0.799954 0.899118 0.886327 0.815393 0.954577 0.936122 0.875290 0.988820 0.940220 0.890581 0.996524 0.984088 0.916606 0.846739 0.884516 0.932320 0.982205 0.893004 0.974983 0.914184
0.891209 0.842453 0.900522 0.783453 0.965430 0.941604 0.857911 0.933333 0.988799 0.935563 0.825394 0.916247 0.933711 0.864051 0.984143 0.839757 0.863756 0.832400 0.799087 0.831256 0.945435 0.944664 0.829299 0.823631 0.808354 0.781664 0.961642 0.833946 0.885493 0.746574 0.663802 0.692644 0.778896 0.817565 0.924631 0.990226 0.718969 0.000000 0.808025 0.822985 0.876543 0.743174 0.817248 0.810752 0.888157 0.924788 0.820278 0.964973 0.939060 0.981357 0.934587 0.913497 0.986105 0.957717 0.887688 0.943335 0.769892 0.927422 0.961699 0.884212 0.895373 0.935670 0.955802 0.905317 0.896814 0.828033 0.838419 0.846014 0.855501 0.980584 0.795244 0.726228 0.732110 0.666634 0.769866 0.921429 0.850779 0.645927 0.912189 0.841357 0.772945 0.953902 0.700692 0.931377 0.829810 0.720363 0.897035 0.838562 0.871476 0.872081 0.981659 0.989167 0.953677 0.967355 0.775986 0.847400 0.969954 0.964976 0.907647 0.910660 0.937263 0.936324 0.749973 0.984595 0.892183 0.962923 0.881027 0.984626 0.938937 0.919074 0.994269 0.998867 0.853958 0.908102 0.885436 0.950635
