0.000000 0.418659 0.986100 0.836366 0.886498 0.877706 0.813935 0.713429 0.978001 0.684439 0.545088 0.562992 0.918269 0.808916 0.931683 0.844269 0.494424 0.541076 0.580993 0.546962 0.921669 0.832461 0.985937 0.971764 0.976256 0.880942 0.985272 0.841706 0.673827 0.688311 0.830811 0.835884 0.505639 0.561153 0.952264 0.993669 0.733800 0.706867 0.961942 0.901366 0.781572 0.920111 0.743327 0.614099 0.715401 0.731855 0.818931 0.791970 0.793524 0.885059 0.844701 0.952626 0.928620 0.818659 0.881434 0.744764 0.409780 0.411451 0.610516 0.774529 0.741417 0.879276 0.470555 0.531534 0.794727 0.978641 0.743707 0.724109 0.476366 0.585168 0.668939 0.628502 0.720988 0.726239 0.933823 0.864156 0.733051 0.740522 0.731949 0.704563 0.502026 0.517129 0.897971 0.720427 0.994901 0.887152 0.899234 0.867049 0.806653 0.935046 0.746591 0.810891 0.820250 0.908394 0.943008 0.851945 0.710765 0.876604 0.464894 0.659628 0.801620 0.890122 0.618530 0.544925 0.743175 0.932508 0.906157 0.891617 0.945496 0.828394 0.686726 0.775753 0.785270 0.940578 0.930006 0.994325
0.418659 0.000000 0.795769 0.931194 0.949188 0.886363 0.960232 0.601922 0.919508 0.608306 0.619113 0.424534 0.890160 0.612266 0.902792 0.683787 0.400392 0.371555 0.556544 0.405997 0.926281 0.893658 0.979416 0.904638 0.953217 0.731436 0.990925 0.789700 0.541072 0.511013 0.901814 0.770748 0.546052 0.548212 0.976378 0.927739 0.759276 0.704966 0.863014 0.894004 0.803174 0.708454 0.759200 0.579601 0.790310 0.763394 0.956549 0.825265 0.895481 0.984676 0.970113 0.938739 0.732723 0.649890 0.863092 0.911064 0.307702 0.273859 0.867858 0.861888 0.873664 0.798894 0.505874 0.374514 0.678453 0.942881 0.970447 0.850458 0.534930 0.592238 0.521171 0.590238 0.742931 0.754081 0.957358 0.905542 0.662696 0.653797 0.700405 0.617838 0.394593 0.421131 0.791906 0.613133 0.858574 0.861885 0.917004 0.927697 0.682165 0.886884 0.755381 0.727160 0.811818 0.918046 0.902938 0.763301 0.767198 0.809694 0.477996 0.568632 0.711118 0.980074 0.617630 0.505397 0.785563 0.927187 0.949087 0.944991 0.951949 0.829755 0.675768 0.684696 0.756397 0.783937 0.971692 0.972343
0.986100 0.795769 0.000000 0.440419 0.813794 0.961184 0.339830 0.797379 0.628962 0.859002 0.837557 0.823915 0.672334 0.922164 0.714259 0.858452 0.998679 0.944821 0.735224 0.938752 0.836287 0.794517 0.527457 0.716331 0.455089 0.448458 0.863387 0.866337 0.985997 0.938210 0.489552 0.763573 0.686916 0.681806 0.658078 0.996718 0.859787 0.958738 0.622782 0.907676 0.895137 0.886672 0.584264 0.694933 0.796827 0.866311 0.602192 0.666402 0.800027 0.941787 0.975752 0.940947 0.784187 0.831085 0.811253 0.987207 0.876608 0.799383 0.652717 0.974122 0.611400 0.862224 0.818767 0.829243 0.373864 0.578633 0.402009 0.557734 0.976673 0.989825 0.908205 0.911378 0.872678 0.969293 0.703485 0.818089 0.754418 0.942572 0.844783 0.887791 0.940528 0.960095 0.981304 0.915073 0.518337 0.662211 0.887482 0.998411 0.746842 0.895860 0.913591 0.895955 0.886613 0.733790 0.984326 0.911600 0.983398 0.872622 0.972062 0.923596 0.780123 0.806864 0.966397 0.980551 0.824541 0.557046 0.971859 0.952171 0.945351 0.928001 0.921826 0.888297 0.978577 0.986879 0.837925 0.859764
0.836366 0.931194 0.440419 0.000000 0.904828 0.875230 0.340876 0.478237 0.686894 0.582328 0.851632 0.855504 0.670452 0.830898 0.730487 0.589939 0.839789 0.894737 0.587958 0.819181 0.866882 0.885995 0.456372 0.510491 0.606194 0.642914 0.962633 0.994268 0.922685 0.773030 0.478973 0.668334 0.647291 0.647812 0.777514 0.916879 0.627488 0.776115 0.690085 0.910516 0.826260 0.950433 0.530915 0.646237 0.964565 0.962017 0.709574 0.692935 0.738465 0.921607 0.988222 0.906333 0.797619 0.742869 0.915232 0.867360 0.893130 0.968445 0.732923 0.908745 0.673213 0.934884 0.614807 0.859449 0.622255 0.657065 0.569422 0.728976 0.914625 0.931118 0.618669 0.629153 0.640810 0.767124 0.751456 0.813267 0.600237 0.883575 0.746757 0.843723 0.810349 0.759609 0.963204 0.824252 0.655001 0.626137 0.916241 0.986988 0.927516 0.951329 0.691908 0.660489 0.749098 0.702601 0.920340 0.863166 0.882562 0.961800 0.885998 0.734504 0.966728 0.623748 0.755737 0.759562 0.789869 0.612402 0.971475 0.869411 0.857375 0.852067 0.907313 0.923181 0.942622 0.947259 0.976416 0.917587
0.886498 0.949188 0.813794 0.904828 0.000000 0.906422 0.886966 0.975465 0.844656 0.931259 0.819262 0.939612 0.752364 0.974446 0.758449 0.976765 0.967797 0.889380 0.875655 0.980057 0.900714 0.844680 0.899807 0.972408 0.793178 0.867660 0.828250 0.887331 0.863397 0.944524 0.936463 0.913967 0.794203 0.777780 0.924282 0.899879 0.960188 0.935637 0.793412 0.895906 0.873727 0.951376 0.872883 0.769677 0.719492 0.811673 0.879656 0.726062 0.962352 0.902639 0.876758 0.987672 0.895319 0.859633 0.937612 0.896869 0.984345 0.971958 0.869846 0.913207 0.759537 0.995750 0.949606 0.905838 0.720327 0.725263 0.792200 0.677407 0.840832 0.956997 0.968084 0.917248 0.909008 0.773257 0.936109 0.858133 0.922411 0.972751 0.934007 0.984982 0.914872 0.909307 0.958376 0.936333 0.796209 0.755996 0.844461 0.981147 0.882157 0.840163 0.977541 0.961820 0.954282 0.894775 0.929805 0.926787 0.971441 0.953607 0.963776 0.958409 0.908521 0.969300 0.995259 0.867376 0.807125 0.886517 0.975656 0.958278 0.959680 0.948920 0.815900 0.966616 0.995869 0.914042 0.876139 0.682124
0.877706 0.886363 0.961184 0.875230 0.906422 0.000000 0.881472 0.747472 0.877816 0.855471 0.896732 0.819608 0.763177 0.952027 0.946073 0.780664 0.979212 0.966394 0.932991 0.951787 0.882882 0.812493 0.959877 0.969315 0.892541 0.861761 0.941834 0.842266 0.951251 0.937821 0.888079 0.957519 0.910432 0.860159 0.779533 0.820728 0.843341 0.813761 0.898038 0.921660 0.973107 0.969843 0.987637 0.883156 0.914844 0.839846 0.917252 0.952633 0.951660 0.975273 0.938221 0.943588 0.976139 0.769102 0.968919 0.951235 0.932899 0.915949 0.804398 0.914961 0.707119 0.769565 0.850407 0.856920 0.997980 0.799212 0.888359 0.758896 0.965395 0.949643 0.884864 0.964518 0.956523 0.880527 0.924243 0.987243 0.940730 0.947017 0.977037 0.952841 0.868916 0.848588 0.936417 0.998166 0.953220 0.995788 0.964706 0.838395 0.952802 0.964567 0.755619 0.807225 0.711914 0.846799 0.955161 0.935875 0.860079 0.819391 0.827374 0.963868 0.756204 0.789088 0.825562 0.939578 0.957460 0.850770 0.962825 0.986122 0.996233 0.968553 0.824230 0.846670 0.992393 0.913304 0.996798 0.800752
0.813935 0.960232 0.339830 0.340876 0.886966 0.881472 0.000000 0.553170 0.665362 0.610533 0.722485 0.962325 0.684065 0.850548 0.661650 0.680873 0.770082 0.824015 0.506786 0.823746 0.826492 0.835696 0.428742 0.539997 0.531340 0.591405 0.974293 0.995282 0.849083 0.757682 0.428376 0.586448 0.552597 0.524590 0.696074 0.949125 0.764266 0.947793 0.668929 0.969685 0.893127 0.965701 0.485603 0.610281 0.819297 0.872445 0.581929 0.619166 0.748115 0.936597 0.972598 0.925004 0.852891 0.821044 0.902002 0.876340 0.848705 0.959208 0.684721 0.880560 0.659436 0.890011 0.551572 0.921709 0.569936 0.691509 0.423820 0.630061 0.846743 0.901155 0.691224 0.697469 0.643393 0.751940 0.774416 0.761830 0.640552 0.820144 0.661453 0.717215 0.773563 0.694659 0.943955 0.901367 0.514277 0.576783 0.911570 0.965401 0.964562 0.986983 0.725689 0.660465 0.749706 0.653760 0.929012 0.842049 0.879162 0.923086 0.836125 0.688384 0.890420 0.603188 0.790969 0.777776 0.783004 0.606149 0.987326 0.836037 0.930732 0.857200 0.817950 0.917703 0.866177 0.956032 0.884624 0.875968
0.713429 0.601922 0.797379 0.478237 0.975465 0.747472 0.553170 0.000000 0.831089 0.470999 0.802827 0.505730 0.635100 0.541463 0.789060 0.425384 0.653095 0.690301 0.551018 0.615525 0.937241 0.848546 0.639806 0.614137 0.848307 0.876301 0.891281 0.903738 0.692770 0.602747 0.644889 0.651870 0.627240 0.596718 0.857919 0.978415 0.664169 0.859970 0.885224 0.975166 0.874183 0.754580 0.685082 0.635724 0.987901 0.906186 0.844322 0.775883 0.810085 0.802717 0.978665 0.878769 0.951932 0.947734 0.959801 0.841752 0.620267 0.636365 0.781230 0.937780 0.698818 0.667536 0.493108 0.492422 0.954339 0.852543 0.794192 0.820355 0.737751 0.752662 0.496806 0.596604 0.593663 0.726594 0.875536 0.904718 0.608361 0.749035 0.657820 0.721737 0.579538 0.558267 0.827577 0.623391 0.984002 0.793728 0.940634 0.954609 0.872251 0.997913 0.550431 0.519196 0.623980 0.683196 0.878916 0.779094 0.719496 0.837265 0.666950 0.639223 0.699430 0.561106 0.652736 0.506901 0.783042 0.708684 0.965459 0.828766 0.808595 0.806619 0.775646 0.877360 0.834881 0.786067 0.973993 0.927824
0.978001 0.919508 0.628962 0.686894 0.844656 0.877816 0.665362 0.831089 0.000000 0.765057 0.936213 0.934243 0.759700 0.956818 0.740630 0.834433 0.965979 0.944321 0.911950 0.966621 0.892284 0.770857 0.784171 0.901797 0.768206 0.740256 0.990595 0.791987 0.987494 0.932221 0.797728 0.965542 0.936445 0.898708 0.746588 0.860186 0.854736 0.991945 0.811672 0.775924 0.858288 0.957645 0.812411 0.851371 0.786313 0.886029 0.644133 0.815112 0.991567 0.906469 0.865748 0.854643 0.754686 0.853710 0.892164 0.933588 0.927681 0.897048 0.633116 0.806396 0.688242 0.949679 0.897803 0.995819 0.662771 0.732300 0.680090 0.794261 0.883074 0.978405 0.846928 0.821193 0.994709 0.883760 0.949363 0.851505 0.759393 0.947685 0.898556 0.962232 0.978804 0.988743 0.880040 0.994671 0.813278 0.921989 0.821622 0.819390 0.762787 0.839771 0.702038 0.770141 0.721266 0.691445 0.880414 0.859234 0.926364 0.998359 0.897939 0.864574 0.957500 0.958818 0.882694 0.942931 0.803336 0.724954 0.908192 0.814624 0.956060 0.953189 0.857902 0.984681 0.880251 0.920483 0.828833 0.754901
0.684439 0.608306 0.859002 0.582328 0.931259 0.855471 0.610533 0.470999 0.765057 0.000000 0.767949 0.704534 0.862567 0.697630 0.825811 0.623380 0.612142 0.622946 0.524325 0.547102 0.977122 0.988784 0.701444 0.734714 0.914574 0.955794 0.946189 0.943825 0.731268 0.649987 0.639460 0.643433 0.668304 0.583850 0.787531 0.992184 0.617726 0.833859 0.981882 0.992708 0.891841 0.793740 0.589553 0.633905 0.858313 0.841874 0.786888 0.744567 0.996989 0.943607 0.964983 0.896759 0.942490 0.981517 0.931310 0.788700 0.583529 0.661818 0.815401 0.966130 0.851251 0.871486 0.563741 0.586274 0.925491 0.969034 0.784510 0.886536 0.771656 0.890947 0.471542 0.556301 0.661387 0.687154 0.924500 0.763294 0.590300 0.695645 0.674204 0.748692 0.535056 0.582379 0.865146 0.748696 0.971789 0.831499 0.886748 0.940232 0.708870 0.909209 0.516385 0.548354 0.626486 0.747295 0.904942 0.836121 0.765278 0.878984 0.604280 0.610671 0.873372 0.758251 0.565371 0.563577 0.868234 0.838053 0.996456 0.762894 0.846101 0.973984 0.857174 0.723801 0.842491 0.894554 0.988078 0.921332
0.545088 0.619113 0.837557 0.851632 0.819262 0.896732 0.722485 0.802827 0.936213 0.767949 0.000000 0.609716 0.694651 0.771611 0.766523 0.794996 0.530154 0.540865 0.556504 0.526863 0.857141 0.862843 0.952112 0.877290 0.935193 0.974609 0.925324 0.844669 0.618047 0.578011 0.817341 0.754819 0.596083 0.529695 0.921806 0.975858 0.985436 0.987383 0.918508 0.887052 0.915819 0.994885 0.774662 0.643743 0.797831 0.821635 0.762914 0.765956 0.973516 0.977343 0.893080 0.886366 0.842445 0.709984 0.937707 0.870426 0.568465 0.593458 0.769285 0.871866 0.748160 0.983971 0.540707 0.657340 0.934419 0.992391 0.716949 0.720245 0.554540 0.654783 0.766003 0.817347 0.682441 0.744495 0.972101 0.746433 0.828568 0.789771 0.636998 0.527883 0.569047 0.499556 0.916370 0.833946 0.912200 0.955506 0.791086 0.936454 0.914368 0.807275 0.907523 0.951487 0.946857 0.971778 0.896450 0.839245 0.824926 0.996734 0.611724 0.749321 0.972835 0.881198 0.734388 0.737008 0.782382 0.927983 0.885482 0.897247 0.977201 0.834286 0.853765 0.947436 0.934483 0.861494 0.886538 0.810025
0.562992 0.424534 0.823915 0.855504 0.939612 0.819608 0.962325 0.505730 0.934243 0.704534 0.609716 0.000000 0.700269 0.502154 0.824619 0.528409 0.529775 0.524671 0.624331 0.514579 0.968088 0.917187 0.977746 0.856044 0.907174 0.748326 0.900886 0.795513 0.589549 0.510915 0.977031 0.821211 0.654125 0.698302 0.832362 0.992294 0.803163 0.850724 0.900855 0.929890 0.825931 0.756885 0.921919 0.711506 0.947054 0.930266 0.984441 0.869121 0.933798 0.829716 0.913087 0.842940 0.831454 0.778601 0.844582 0.991886 0.463978 0.437841 0.910582 0.823179 0.811147 0.664510 0.494971 0.335966 0.642909 0.935304 0.946284 0.960021 0.601784 0.669471 0.621188 0.694796 0.697581 0.793872 0.990188 0.987359 0.819768 0.759524 0.716156 0.696760 0.491705 0.477182 0.780346 0.538538 0.791446 0.984692 0.863986 0.962504 0.841662 0.850354 0.786757 0.766691 0.847080 0.966403 0.948002 0.791009 0.780534 0.743003 0.623669 0.692328 0.678254 0.832425 0.733962 0.543849 0.790405 0.958367 0.946420 0.973345 0.845405 0.751069 0.796626 0.872869 0.893663 0.814418 0.970832 0.910718
0.918269 0.890160 0.672334 0.670452 0.752364 0.763177 0.684065 0.635100 0.759700 0.862567 0.694651 0.700269 0.000000 0.645918 0.551951 0.553526 0.862812 0.795607 0.783603 0.883111 0.764392 0.883520 0.731673 0.753607 0.778972 0.809147 0.949460 0.963393 0.757938 0.705234 0.763242 0.857572 0.666109 0.701708 0.909185 0.926013 0.854602 0.983745 0.881915 0.852677 0.995633 0.975287 0.822521 0.736730 0.911672 0.977778 0.829329 0.806696 0.747590 0.903201 0.836390 0.921646 0.968052 0.844680 0.974946 0.967511 0.919343 0.918625 0.822816 0.891912 0.614530 0.864746 0.678663 0.743923 0.752905 0.802450 0.775624 0.728731 0.901004 0.996933 0.841044 0.894745 0.909238 0.889518 0.890922 0.811386 0.868847 0.721010 0.783789 0.716363 0.810027 0.695762 0.836671 0.843330 0.802182 0.798441 0.876878 0.963239 0.762931 0.961866 0.899928 0.880386 0.850701 0.855836 0.953950 0.858310 0.895737 0.949596 0.891730 0.951660 0.968857 0.812107 0.870603 0.873868 0.730222 0.716241 0.979126 0.929229 0.865769 0.769121 0.960100 0.989598 0.981135 0.906448 0.946491 0.837457
0.808916 0.612266 0.922164 0.830898 0.974446 0.952027 0.850548 0.541463 0.956818 0.697630 0.771611 0.502154 0.645918 0.000000 0.599102 0.472333 0.581020 0.526653 0.589214 0.584635 0.976374 0.939601 0.739212 0.674332 0.951856 0.833043 0.958337 0.798996 0.566833 0.502616 0.831991 0.641935 0.692777 0.741167 0.818971 0.995870 0.916382 0.938760 0.914580 0.964570 0.973295 0.846940 0.745027 0.737085 0.982735 0.983274 0.949670 0.837352 0.844485 0.724108 0.804854 0.775942 0.888485 0.912941 0.860802 0.831622 0.590542 0.620476 0.881023 0.854021 0.914996 0.978823 0.543494 0.515701 0.810417 0.813262 0.908263 0.917428 0.841577 0.955417 0.693769 0.759731 0.765668 0.847925 0.955974 0.872417 0.784897 0.642882 0.653536 0.617319 0.553317 0.471117 0.607209 0.639033 0.943238 0.821849 0.937468 0.742967 0.860055 0.800449 0.866537 0.780222 0.959614 0.967290 0.986063 0.734843 0.896288 0.874585 0.727509 0.669862 0.820459 0.811855 0.702232 0.618317 0.906843 0.966794 0.983193 0.937609 0.840560 0.765226 0.902727 0.839492 0.923486 0.796967 0.976436 0.953861
0.931683 0.902792 0.714259 0.730487 0.758449 0.946073 0.661650 0.789060 0.740630 0.825811 0.766523 0.824619 0.551951 0.599102 0.000000 0.579559 0.727129 0.687173 0.625155 0.777168 0.722613 0.771895 0.551318 0.645671 0.630600 0.851444 0.853684 0.929588 0.596129 0.631810 0.719740 0.680470 0.654984 0.683474 0.962232 0.933593 0.905049 0.986188 0.859829 0.774233 0.940686 0.960482 0.580025 0.627562 0.779804 0.881456 0.707593 0.573113 0.889267 0.993193 0.882516 0.993132 0.929103 0.991051 0.936260 0.868487 0.825723 0.929977 0.983753 0.833796 0.868436 0.850943 0.663321 0.829522 0.683422 0.846540 0.792079 0.837916 0.915649 0.933244 0.842656 0.883074 0.873576 0.911453 0.964528 0.760164 0.766401 0.603173 0.618477 0.669106 0.716635 0.673299 0.713919 0.794823 0.595162 0.607757 0.968275 0.932885 0.868816 0.926459 0.931865 0.879542 0.945332 0.942730 0.920693 0.742492 0.991659 0.961535 0.803886 0.699013 0.853933 0.937421 0.874441 0.919226 0.776764 0.762232 0.937128 0.931546 0.906469 0.813032 0.845454 0.873925 0.972720 0.866525 0.848688 0.822449
0.844269 0.683787 0.858452 0.589939 0.976765 0.780664 0.680873 0.425384 0.834433 0.623380 0.794996 0.528409 0.553526 0.472333 0.579559 0.000000 0.650715 0.630619 0.584507 0.623258 0.867809 0.805171 0.558347 0.506774 0.781630 0.937831 0.968670 0.941860 0.620975 0.479164 0.739341 0.615481 0.707220 0.710101 0.973810 0.942296 0.742243 0.886493 0.926561 0.912568 0.887811 0.864585 0.716907 0.667632 0.938236 0.984426 0.886410 0.759873 0.764601 0.809515 0.868918 0.825890 0.979924 0.996091 0.823840 0.806508 0.682598 0.696291 0.999019 0.906780 0.834661 0.843558 0.535710 0.536061 0.989391 0.898637 0.975148 0.989821 0.870741 0.928493 0.572104 0.711053 0.721877 0.854432 0.918714 0.862173 0.741935 0.658856 0.715023 0.700134 0.600672 0.543297 0.710337 0.580082 0.870441 0.700600 0.943394 0.781171 0.960170 0.991957 0.774402 0.751386 0.856589 0.903851 0.961464 0.710669 0.879029 0.838704 0.786348 0.695035 0.861205 0.833757 0.767001 0.613878 0.780265 0.872012 0.953403 0.996017 0.862860 0.777915 0.883659 0.980320 0.907239 0.874606 0.981501 0.886469
0.494424 0.400392 0.998679 0.839789 0.967797 0.979212 0.770082 0.653095 0.965979 0.612142 0.530154 0.529775 0.862812 0.581020 0.727129 0.650715 0.000000 0.304534 0.418029 0.389146 0.869501 0.859858 0.797666 0.761558 0.930105 0.808800 0.929357 0.791592 0.426331 0.408421 0.765053 0.588653 0.488200 0.484168 0.976221 0.912296 0.821863 0.836237 0.952198 0.935911 0.751821 0.835529 0.579975 0.502547 0.782843 0.789243 0.821417 0.739838 0.980288 0.960982 0.876293 0.850082 0.751183 0.742499 0.849915 0.980738 0.299254 0.372784 0.905110 0.962800 0.919976 0.963140 0.425037 0.439546 0.819899 0.926306 0.796054 0.831955 0.584521 0.646473 0.556724 0.597852 0.690369 0.692126 0.926918 0.784867 0.687473 0.654372 0.545151 0.495555 0.328946 0.357644 0.679039 0.647594 0.927171 0.750231 0.915142 0.982078 0.795966 0.852693 0.823670 0.787352 0.883574 0.968215 0.905052 0.724919 0.781877 0.899661 0.577419 0.511626 0.841825 0.910038 0.624036 0.538185 0.758063 0.986969 0.923534 0.944830 0.978245 0.764681 0.675731 0.712513 0.725929 0.826619 0.900980 0.898471
0.541076 0.371555 0.944821 0.894737 0.889380 0.966394 0.824015 0.690301 0.944321 0.622946 0.540865 0.524671 0.795607 0.526653 0.687173 0.630619 0.304534 0.000000 0.430973 0.365093 0.894346 0.898866 0.780940 0.738963 0.930867 0.752590 0.862363 0.788519 0.373146 0.351531 0.813276 0.600311 0.488581 0.478939 0.944629 0.917633 0.846972 0.847060 0.880843 0.958632 0.844347 0.796047 0.582144 0.480458 0.751182 0.765483 0.863339 0.691164 0.982353 0.978797 0.832353 0.865698 0.735205 0.669791 0.821012 0.953454 0.301054 0.354650 0.987491 0.920098 0.961247 0.948556 0.436816 0.445422 0.825176 0.941162 0.846327 0.869749 0.610930 0.655234 0.601023 0.669239 0.728400 0.717110 0.956367 0.793450 0.682401 0.597261 0.551780 0.500673 0.301580 0.306074 0.585457 0.593840 0.897802 0.686783 0.985668 0.904542 0.735002 0.836688 0.895598 0.812481 0.938304 0.981690 0.934108 0.701389 0.819311 0.905951 0.581362 0.501409 0.865552 0.963067 0.619937 0.564032 0.786150 0.981722 0.962274 0.994042 0.982581 0.774024 0.680542 0.637610 0.753847 0.807388 0.925402 0.918863
0.580993 0.556544 0.735224 0.587958 0.875655 0.932991 0.506786 0.551018 0.911950 0.524325 0.556504 0.624331 0.783603 0.589214 0.625155 0.584507 0.418029 0.430973 0.000000 0.401809 0.919584 0.872863 0.531620 0.555987 0.733790 0.972397 0.974199 0.774903 0.527714 0.486124 0.607345 0.447044 0.437838 0.444719 0.949668 0.941403 0.769281 0.895588 0.922349 0.971171 0.892774 0.896218 0.526283 0.564114 0.890231 0.935267 0.779753 0.683862 0.760575 0.786961 0.746041 0.688835 0.773933 0.865196 0.895217 0.850366 0.457656 0.573007 0.955911 0.760047 0.927295 0.822404 0.389070 0.607545 0.957699 0.988977 0.681657 0.832151 0.672093 0.788736 0.467301 0.558646 0.603545 0.668688 0.906864 0.780265 0.604104 0.648958 0.532937 0.532894 0.421310 0.373711 0.693739 0.651241 0.699592 0.603227 0.893011 0.901013 0.746420 0.784702 0.720917 0.651438 0.790905 0.807478 0.916832 0.750763 0.799701 0.989843 0.608635 0.476021 0.980582 0.730791 0.638432 0.603262 0.807197 0.824553 0.978346 0.978556 0.991844 0.883381 0.779253 0.760062 0.849159 0.912455 0.922107 0.895114
0.546962 0.405997 0.938752 0.819181 0.980057 0.951787 0.823746 0.615525 0.966621 0.547102 0.526863 0.514579 0.883111 0.584635 0.777168 0.623258 0.389146 0.365093 0.401809 0.000000 0.965917 0.948925 0.815683 0.748002 0.980869 0.749259 0.937986 0.704239 0.471187 0.453253 0.842490 0.597122 0.598617 0.536162 0.883730 0.888509 0.780610 0.838760 0.912635 0.990660 0.888088 0.875097 0.686667 0.584344 0.950657 0.941287 0.942520 0.783842 0.884598 0.821746 0.760597 0.708847 0.692574 0.745061 0.772034 0.898017 0.381152 0.422815 0.964577 0.867030 0.977417 0.989072 0.466469 0.477073 0.757542 0.880291 0.905488 0.942149 0.572424 0.652768 0.480808 0.645844 0.640068 0.666232 0.984036 0.798802 0.675202 0.653500 0.571225 0.582735 0.367067 0.381526 0.705913 0.568156 0.974506 0.840318 0.983570 0.963840 0.644412 0.769384 0.776848 0.737591 0.883719 0.950972 0.913168 0.800249 0.833621 0.904301 0.569759 0.546085 0.864581 0.878286 0.638146 0.526323 0.848904 0.984127 0.990501 0.990765 0.981765 0.890712 0.756733 0.710699 0.893279 0.774114 0.965474 0.958070
0.921669 0.926281 0.836287 0.866882 0.900714 0.882882 0.826492 0.937241 0.892284 0.977122 0.857141 0.968088 0.764392 0.976374 0.722613 0.867809 0.869501 0.894346 0.919584 0.965917 0.000000 0.871989 0.860019 0.884398 0.752398 0.829295 0.776885 0.994104 0.957460 0.865111 0.926491 0.887153 0.818459 0.826564 0.948705 0.993747 0.951976 0.953307 0.904763 0.945468 0.984278 0.964059 0.877860 0.768524 0.878635 0.935120 0.837679 0.769609 0.941716 0.876713 0.929018 0.904989 0.944487 0.960162 0.846880 0.830594 0.896782 0.963911 0.869527 0.975110 0.728706 0.991797 0.825636 0.958742 0.774195 0.771181 0.811842 0.811002 0.984037 0.964170 0.925146 0.959465 0.846740 0.912390 0.883747 0.946926 0.917249 0.858211 0.981338 0.877149 0.895056 0.912674 0.991602 0.999986 0.790217 0.776992 0.939034 0.901344 0.894721 0.990959 0.976550 0.955996 0.917305 0.905093 0.910753 0.741346 0.864847 0.971663 0.928983 0.928294 0.937490 0.926143 0.854305 0.962431 0.889314 0.799849 0.992854 0.916450 0.916281 0.976074 0.728761 0.929908 0.964788 0.984188 0.871519 0.929575
0.832461 0.893658 0.794517 0.885995 0.844680 0.812493 0.835696 0.848546 0.770857 0.988784 0.862843 0.917187 0.883520 0.939601 0.771895 0.805171 0.859858 0.898866 0.872863 0.948925 0.871989 0.000000 0.824115 0.905890 0.757609 0.767773 0.892101 0.821349 0.809972 0.859280 0.839829 0.933257 0.861312 0.828521 0.883642 0.952668 0.950004 0.985531 0.829958 0.844106 0.851234 0.921038 0.795570 0.743315 0.761795 0.823947 0.808152 0.827103 0.895278 0.834599 0.887383 0.807894 0.848920 0.988826 0.874389 0.801679 0.868021 0.886244 0.754756 0.892820 0.814209 0.941057 0.868267 0.916888 0.834878 0.779850 0.802873 0.826626 0.817329 0.849280 0.887402 0.964888 0.929545 0.884387 0.816311 0.975161 0.863264 0.856475 0.788798 0.883496 0.877153 0.918522 0.808852 0.988874 0.902262 0.917202 0.991699 0.903758 0.872127 0.869450 0.903218 0.930106 0.896199 0.899312 0.843257 0.752571 0.884728 0.974929 0.778198 0.823481 0.961472 0.983847 0.827496 0.881850 0.772599 0.844549 0.946630 0.984303 0.920815 0.952507 0.756851 0.975100 0.874276 0.987510 0.845641 0.759778
0.985937 0.979416 0.527457 0.456372 0.899807 0.959877 0.428742 0.639806 0.784171 0.701444 0.952112 0.977746 0.731673 0.739212 0.551318 0.558347 0.797666 0.780940 0.531620 0.815683 0.860019 0.824115 0.000000 0.355032 0.551211 0.731114 0.918699 0.991796 0.807136 0.718079 0.512189 0.498773 0.656452 0.717652 0.919162 0.981068 0.806922 0.978505 0.746434 0.986621 0.970104 0.905176 0.527493 0.702403 0.946280 0.954123 0.784400 0.727497 0.658832 0.820679 0.802285 0.810258 0.966318 0.837935 0.876295 0.699613 0.881290 0.996605 0.914721 0.602561 0.962289 0.764987 0.678412 0.967513 0.583742 0.773349 0.723597 0.910124 0.909465 0.905956 0.594155 0.689358 0.849332 0.889851 0.836152 0.876686 0.639052 0.716998 0.768424 0.761763 0.791811 0.716552 0.747700 0.845910 0.484625 0.427552 0.775131 0.850242 0.975860 0.951099 0.832481 0.685838 0.854970 0.744474 0.895167 0.733426 0.996989 0.915195 0.936015 0.657420 0.830361 0.795296 0.918719 0.871001 0.872977 0.725617 0.984014 0.923290 0.990311 0.886652 0.913653 0.930227 0.892409 0.944516 0.927308 0.897048
0.971764 0.904638 0.716331 0.510491 0.972408 0.969315 0.539997 0.614137 0.901797 0.734714 0.877290 0.856044 0.753607 0.674332 0.645671 0.506774 0.761558 0.738963 0.555987 0.748002 0.884398 0.905890 0.355032 0.000000 0.637679 0.919723 0.951676 0.891016 0.729291 0.648922 0.643456 0.477768 0.722376 0.771214 0.906856 0.951835 0.818247 0.935936 0.778860 0.939556 0.974483 0.960412 0.629357 0.794062 0.907103 0.882622 0.877785 0.803486 0.667298 0.766755 0.809247 0.782864 0.939287 0.808869 0.855656 0.664413 0.828733 0.920282 0.822719 0.559036 0.958639 0.857128 0.656922 0.862198 0.824334 0.911389 0.898985 0.911336 0.925484 0.979565 0.646498 0.669739 0.737690 0.737460 0.924143 0.887106 0.710423 0.764940 0.765612 0.709491 0.734978 0.636737 0.767932 0.781816 0.582210 0.479086 0.855483 0.808821 0.976162 0.930683 0.857185 0.753886 0.943654 0.874008 0.826087 0.765944 0.995914 0.927422 0.931285 0.676514 0.986609 0.730392 0.871541 0.800153 0.829167 0.851690 0.911974 0.932918 0.979705 0.933135 0.964992 0.978773 0.944289 0.963007 0.899226 0.947444
0.976256 0.953217 0.455089 0.606194 0.793178 0.892541 0.531340 0.848307 0.768206 0.914574 0.935193 0.907174 0.778972 0.951856 0.630600 0.781630 0.930105 0.930867 0.733790 0.980869 0.752398 0.757609 0.551211 0.637679 0.000000 0.559958 0.786047 0.870244 0.894468 0.799962 0.565888 0.692824 0.698106 0.674779 0.760497 0.991594 0.874872 0.876101 0.685651 0.863107 0.880838 0.985331 0.617455 0.709280 0.788281 0.803197 0.682814 0.641018 0.891236 0.901031 0.973029 0.851512 0.878890 0.905171 0.909838 0.921911 0.970322 0.896980 0.863053 0.821847 0.747761 0.846487 0.833489 0.906834 0.493317 0.636128 0.650094 0.707428 0.945429 0.978907 0.929994 0.919274 0.927325 0.942364 0.856200 0.923072 0.708636 0.853264 0.818497 0.918568 0.978930 0.896017 0.924811 0.980190 0.530101 0.534236 0.790159 0.925842 0.844435 0.938604 0.966196 0.985825 0.991687 0.899120 0.871128 0.833985 0.875986 0.998601 0.989283 0.860418 0.890474 0.995546 0.995467 0.927370 0.803315 0.656302 0.887623 0.991399 0.983886 0.979172 0.834181 0.936688 0.933963 0.939743 0.896472 0.813785
0.880942 0.731436 0.448458 0.642914 0.867660 0.861761 0.591405 0.876301 0.740256 0.955794 0.974609 0.748326 0.809147 0.833043 0.851444 0.937831 0.808800 0.752590 0.972397 0.749259 0.829295 0.767773 0.731114 0.919723 0.559958 0.000000 0.798042 0.713097 0.797670 0.881018 0.647304 0.928985 0.907877 0.888953 0.636789 0.851701 0.865684 0.972357 0.685485 0.904569 0.879910 0.848837 0.806394 0.825827 0.814613 0.852805 0.688245 0.770304 0.944214 0.853150 0.856634 0.785956 0.746443 0.847007 0.888087 0.957706 0.757707 0.714557 0.697270 0.921999 0.641758 0.978431 0.942790 0.762940 0.484902 0.577086 0.609696 0.603457 0.910176 0.954861 0.980949 0.992847 0.952601 0.854091 0.774853 0.908875 0.946432 0.953779 0.974500 0.897224 0.784260 0.820609 0.918007 0.796897 0.695998 0.809533 0.908558 0.987743 0.758031 0.851177 0.986342 0.955256 0.945291 0.897709 0.990584 0.999186 0.939343 0.984716 0.869586 0.898873 0.812573 0.933744 0.983191 0.814237 0.955148 0.700744 0.882762 0.929507 0.902524 0.956739 0.988581 0.800489 0.993479 0.933198 0.931991 0.811246
0.985272 0.990925 0.863387 0.962633 0.828250 0.941834 0.974293 0.891281 0.990595 0.946189 0.925324 0.900886 0.949460 0.958337 0.853684 0.968670 0.929357 0.862363 0.974199 0.937986 0.776885 0.892101 0.918699 0.951676 0.786047 0.798042 0.000000 0.989523 0.921124 0.833970 0.824479 0.938256 0.953452 0.878121 0.954896 0.864703 0.876623 0.910733 0.911498 0.949307 0.972252 0.952342 0.865517 0.724627 0.799240 0.878767 0.984824 0.805287 0.935931 0.761598 0.952116 0.878823 0.931000 0.948643 0.941569 0.908750 0.935461 0.972979 0.972912 0.982540 0.936726 0.906418 0.967439 0.960251 0.754390 0.763185 0.860276 0.881185 0.988595 0.831085 0.975053 0.952839 0.984841 0.929087 0.860644 0.980360 0.993901 0.888178 0.939874 0.999708 0.959712 0.984003 0.875592 0.973225 0.955940 0.819493 0.933628 0.908721 0.886424 0.942503 0.810745 0.854482 0.788238 0.919626 0.973025 0.932992 0.828372 0.982246 0.846784 0.943892 0.985295 0.843185 0.971003 0.842792 0.995151 0.920075 0.895884 0.970743 0.878082 0.902749 0.932908 0.955894 0.869327 0.992537 0.830133 0.916068
0.841706 0.789700 0.866337 0.994268 0.887331 0.842266 0.995282 0.903738 0.791987 0.943825 0.844669 0.795513 0.963393 0.798996 0.929588 0.941860 0.791592 0.788519 0.774903 0.704239 0.994104 0.821349 0.991796 0.891016 0.870244 0.713097 0.989523 0.000000 0.796054 0.798113 0.883227 0.969943 0.929679 0.858197 0.859826 0.913167 0.943711 0.956684 0.942535 0.864126 0.913437 0.886996 0.982980 0.926041 0.978252 0.980172 0.889605 0.949486 0.946551 0.916316 0.860642 0.800859 0.818573 0.924791 0.994991 0.980926 0.790817 0.776816 0.833040 0.889200 0.881373 0.964219 0.908798 0.937611 0.848310 0.958436 0.934670 0.959212 0.754720 0.915149 0.869375 0.966367 0.708052 0.736480 0.935051 0.934968 0.969829 0.956199 0.939861 0.775864 0.813694 0.753448 0.867487 0.783564 0.945503 0.870901 0.942086 0.719774 0.866387 0.675909 0.992444 0.944875 0.898093 0.986536 0.914963 0.998214 0.929658 0.999299 0.906163 0.826592 0.913719 0.871216 0.993379 0.896768 0.992732 0.838616 0.983891 0.886341 0.996225 0.967286 0.923563 0.902607 0.962378 0.895162 0.988493 0.854952
0.673827 0.541072 0.985997 0.922685 0.863397 0.951251 0.849083 0.692770 0.987494 0.731268 0.618047 0.589549 0.757938 0.566833 0.596129 0.620975 0.426331 0.373146 0.527714 0.471187 0.957460 0.809972 0.807136 0.729291 0.894468 0.797670 0.921124 0.796054 0.000000 0.400774 0.829758 0.655742 0.570787 0.541090 0.979072 0.983701 0.885883 0.951681 0.948510 0.979966 0.807788 0.861209 0.603196 0.528390 0.729332 0.700833 0.814605 0.663686 0.969151 0.924088 0.884865 0.974718 0.891829 0.772384 0.963368 0.940437 0.471451 0.478961 0.987880 0.943934 0.946276 0.980106 0.558281 0.541399 0.869654 0.999099 0.850285 0.861816 0.654999 0.681846 0.762260 0.844590 0.762472 0.776917 0.931547 0.757571 0.735060 0.578079 0.552079 0.530635 0.400539 0.404352 0.573351 0.595608 0.881138 0.743304 0.899081 0.848157 0.825023 0.901024 0.924379 0.871100 0.967202 0.928533 0.892224 0.712428 0.857204 0.893077 0.639685 0.611606 0.813608 0.863843 0.750423 0.676331 0.789761 0.978539 0.994124 0.951823 0.965124 0.803927 0.699611 0.749973 0.781204 0.826299 0.954242 0.887607
0.688311 0.511013 0.938210 0.773030 0.944524 0.937821 0.757682 0.602747 0.932221 0.649987 0.578011 0.510915 0.705234 0.502616 0.631810 0.479164 0.408421 0.351531 0.486124 0.453253 0.865111 0.859280 0.718079 0.648922 0.799962 0.881018 0.833970 0.798113 0.400774 0.000000 0.726202 0.596315 0.572705 0.505780 0.918931 0.973789 0.845344 0.806668 0.993018 0.954608 0.883829 0.834654 0.551756 0.432649 0.848223 0.761859 0.806277 0.597755 0.932953 0.982258 0.842289 0.897841 0.867809 0.827560 0.819001 0.900289 0.432655 0.478757 0.988464 0.916220 0.878346 0.921806 0.511129 0.485865 0.927855 0.926487 0.892066 0.872370 0.700774 0.740590 0.645936 0.773476 0.692158 0.699641 0.917987 0.843146 0.753467 0.647567 0.563920 0.560261 0.423932 0.386442 0.572071 0.604585 0.918960 0.740659 0.963725 0.798118 0.878803 0.842355 0.966336 0.916004 0.907925 0.945916 0.974452 0.739872 0.920002 0.848018 0.739577 0.642153 0.878470 0.912491 0.735585 0.583048 0.789579 0.927652 0.938411 0.925449 0.896513 0.750156 0.765098 0.838117 0.750196 0.823924 0.954481 0.830512
0.830811 0.901814 0.489552 0.478973 0.936463 0.888079 0.428376 0.644889 0.797728 0.639460 0.817341 0.977031 0.763242 0.831991 0.719740 0.739341 0.765053 0.813276 0.607345 0.842490 0.926491 0.839829 0.512189 0.643456 0.565888 0.647304 0.824479 0.883227 0.829758 0.726202 0.000000 0.632359 0.579842 0.547908 0.697051 0.970809 0.783278 0.903558 0.690241 0.904897 0.860942 0.897378 0.513336 0.585668 0.761439 0.794538 0.654567 0.705998 0.890206 0.960344 0.988003 0.982607 0.897095 0.977635 0.911467 0.941173 0.864672 0.930554 0.757581 0.907070 0.739037 0.884255 0.692185 0.900606 0.640545 0.775060 0.582358 0.702068 0.955738 0.960000 0.708501 0.775027 0.869449 0.916626 0.850388 0.834515 0.682489 0.806382 0.764117 0.789892 0.810997 0.767043 0.859557 0.960259 0.669354 0.685401 0.936028 0.978701 0.926703 0.983826 0.833468 0.811338 0.895887 0.766094 0.971698 0.987247 0.883352 0.989920 0.889125 0.827274 0.984777 0.706923 0.870783 0.891098 0.922273 0.746157 0.999137 0.858945 0.994949 0.926632 0.943999 0.893869 0.840198 0.980566 0.907233 0.814471
0.835884 0.770748 0.763573 0.668334 0.913967 0.957519 0.586448 0.651870 0.965542 0.643433 0.754819 0.821211 0.857572 0.641935 0.680470 0.615481 0.588653 0.600311 0.447044 0.597122 0.887153 0.933257 0.498773 0.477768 0.692824 0.928985 0.938256 0.969943 0.655742 0.596315 0.632359 0.000000 0.597566 0.603229 0.986428 0.892920 0.864074 0.968934 0.965061 0.966913 0.954937 0.983137 0.551981 0.707321 0.953605 0.982329 0.843619 0.783697 0.755551 0.762072 0.797298 0.760782 0.916551 0.962999 0.863490 0.751749 0.639721 0.762412 0.879222 0.640146 0.945668 0.739572 0.557427 0.751632 0.915188 0.951489 0.823459 0.950887 0.936821 0.963624 0.615747 0.700930 0.780787 0.790509 0.990075 0.834719 0.684386 0.667575 0.630488 0.674809 0.614614 0.561528 0.704362 0.824081 0.672086 0.603150 0.880148 0.850813 0.792437 0.916545 0.843651 0.759043 0.879870 0.906177 0.915886 0.736141 0.866402 0.931471 0.785654 0.570839 0.976812 0.789290 0.815596 0.717593 0.921369 0.917116 0.963342 0.946048 0.977901 0.926023 0.817794 0.878953 0.929554 0.961697 0.915314 0.880527
0.505639 0.546052 0.686916 0.647291 0.794203 0.910432 0.552597 0.627240 0.936445 0.668304 0.596083 0.654125 0.666109 0.692777 0.654984 0.707220 0.488200 0.488581 0.437838 0.598617 0.818459 0.861312 0.656452 0.722376 0.698106 0.907877 0.953452 0.929679 0.570787 0.572705 0.579842 0.597566 0.000000 0.373452 0.827666 0.949395 0.736020 0.825068 0.917975 0.918482 0.811599 0.831760 0.504609 0.478327 0.683789 0.714623 0.758194 0.644608 0.930599 0.970917 0.902361 0.949738 0.868948 0.733851 0.968057 0.991011 0.513665 0.579463 0.755741 0.991010 0.708732 0.920648 0.439251 0.609507 0.881832 0.909792 0.578403 0.601497 0.713321 0.730018 0.639308 0.642086 0.797865 0.933921 0.906435 0.877576 0.661581 0.642427 0.610040 0.625256 0.522911 0.465436 0.764470 0.697798 0.710092 0.596048 0.987475 0.969145 0.881634 0.890929 0.820489 0.739639 0.796204 0.865687 0.955535 0.769886 0.900903 0.977495 0.640907 0.658270 0.989837 0.821156 0.718057 0.697828 0.727400 0.761641 0.982291 0.980867 0.979811 0.831740 0.695693 0.781145 0.821425 0.882353 0.879413 0.972234
0.561153 0.548212 0.681806 0.647812 0.777780 0.860159 0.524590 0.596718 0.898708 0.583850 0.529695 0.698302 0.701708 0.741167 0.683474 0.710101 0.484168 0.478939 0.444719 0.536162 0.826564 0.828521 0.717652 0.771214 0.674779 0.888953 0.878121 0.858197 0.541090 0.505780 0.547908 0.603229 0.373452 0.000000 0.736119 0.889975 0.691866 0.866945 0.893242 0.891081 0.837350 0.892059 0.484622 0.406462 0.598648 0.648875 0.671244 0.576826 0.964949 0.916428 0.939562 0.972865 0.863931 0.771040 0.974139 0.978903 0.500718 0.582462 0.716851 0.969441 0.680057 0.984105 0.478324 0.640692 0.870167 0.833579 0.523170 0.553034 0.632935 0.655324 0.618807 0.731327 0.676060 0.825666 0.921315 0.779705 0.627513 0.654018 0.545599 0.602933 0.483808 0.482818 0.766370 0.720601 0.751265 0.677822 0.973830 0.925995 0.862974 0.894887 0.760710 0.735691 0.807641 0.789641 0.952093 0.800332 0.842972 0.868940 0.584673 0.618070 0.981584 0.745114 0.716750 0.664321 0.695719 0.719808 0.995615 0.931448 0.982044 0.838509 0.627731 0.716109 0.685891 0.873288 0.885004 0.812732
0.952264 0.976378 0.658078 0.777514 0.924282 0.779533 0.696074 0.857919 0.746588 0.787531 0.921806 0.832362 0.909185 0.818971 0.962232 0.973810 0.976221 0.944629 0.949668 0.883730 0.948705 0.883642 0.919162 0.906856 0.760497 0.636789 0.954896 0.859826 0.979072 0.918931 0.697051 0.986428 0.827666 0.736119 0.000000 0.981032 0.771157 0.930314 0.762613 0.995010 0.914247 0.957535 0.754779 0.772461 0.623230 0.691299 0.775044 0.764985 0.942465 0.753578 0.812971 0.784635 0.804033 0.990972 0.723260 0.895666 0.970242 0.964177 0.567656 0.769333 0.583276 0.883397 0.930924 0.972866 0.653529 0.633029 0.542516 0.545103 0.925412 0.910259 0.994119 0.977295 0.991805 0.891800 0.889481 0.890548 0.882915 0.988034 0.976386 0.997597 0.992519 0.969308 0.995458 0.989772 0.812576 0.804785 0.960499 0.816822 0.915591 0.714156 0.804099 0.835570 0.696600 0.785356 0.843839 0.943083 0.766147 0.994202 0.903875 0.884604 0.921178 0.844841 0.863889 0.956028 0.854609 0.685185 0.943901 0.810965 0.989546 0.973780 0.828458 0.749854 0.992289 0.958299 0.843251 0.904307
0.993669 0.927739 0.996718 0.916879 0.899879 0.820728 0.949125 0.978415 0.860186 0.992184 0.975858 0.992294 0.926013 0.995870 0.933593 0.942296 0.912296 0.917633 0.941403 0.888509 0.993747 0.952668 0.981068 0.951835 0.991594 0.851701 0.864703 0.913167 0.983701 0.973789 0.970809 0.892920 0.949395 0.889975 0.981032 0.000000 0.903074 0.953876 0.990254 0.840306 0.967869 0.916238 0.976350 0.944406 0.984465 0.962401 0.814145 0.969281 0.889517 0.873441 0.903118 0.918433 0.806821 0.896351 0.874881 0.955586 0.887063 0.942701 0.918451 0.991178 0.989110 0.993120 0.961961 0.994995 0.988074 0.969153 0.949776 0.885696 0.958730 0.909673 0.856670 0.979259 0.936298 0.966432 0.928524 0.915399 0.963463 0.975741 0.831054 0.966914 0.927746 0.986343 0.823834 0.992324 0.908459 0.954179 0.868152 0.983363 0.954168 0.863678 0.881134 0.838709 0.910780 0.933565 0.941785 0.870519 0.976572 0.955023 0.961633 0.992518 0.910295 0.907494 0.873184 0.966551 0.980201 0.942883 0.958222 0.965520 0.912363 0.987575 0.905958 0.916386 0.980091 0.910465 0.962461 0.978171
0.733800 0.759276 0.859787 0.627488 0.960188 0.843341 0.764266 0.664169 0.854736 0.617726 0.985436 0.803163 0.854602 0.916382 0.905049 0.742243 0.821863 0.846972 0.769281 0.780610 0.951976 0.950004 0.806922 0.818247 0.874872 0.865684 0.876623 0.943711 0.885883 0.845344 0.783278 0.864074 0.736020 0.691866 0.771157 0.903074 0.000000 0.682973 0.963733 0.952332 0.777583 0.903238 0.748944 0.744132 0.909873 0.916362 0.996698 0.858076 0.919249 0.962114 0.846489 0.976726 0.990194 0.966725 0.970244 0.970341 0.747079 0.776716 0.809286 0.948670 0.762902 0.778232 0.745283 0.706847 0.941644 0.791376 0.842739 0.857429 0.811823 0.876193 0.625586 0.681793 0.777820 0.870028 0.850469 0.908879 0.776469 0.829718 0.811942 0.952773 0.776928 0.842380 0.889792 0.704413 0.985654 0.810450 0.995155 0.909868 0.959504 0.996018 0.764814 0.730646 0.785856 0.848796 0.862131 0.994077 0.847272 0.776151 0.757097 0.792841 0.887612 0.847013 0.853293 0.775601 0.721104 0.778071 0.954395 0.786870 0.862596 0.999106 0.806664 0.692621 0.870075 0.944961 0.994847 0.989818
0.706867 0.704966 0.958738 0.776115 0.935637 0.813761 0.947793 0.859970 0.991945 0.833859 0.987383 0.850724 0.983745 0.938760 0.986188 0.886493 0.836237 0.847060 0.895588 0.838760 0.953307 0.985531 0.978505 0.935936 0.876101 0.972357 0.910733 0.956684 0.951681 0.806668 0.903558 0.968934 0.825068 0.866945 0.930314 0.953876 0.682973 0.000000 0.949258 0.830018 0.894186 0.983108 0.778137 0.764859 0.920832 0.887853 0.949212 0.917179 0.824758 0.805160 0.752533 0.795314 0.878560 0.905093 0.914433 0.909960 0.775651 0.759630 0.814734 0.865574 0.819688 0.755777 0.844447 0.751478 0.952321 0.855232 0.974948 0.955030 0.778760 0.811084 0.774730 0.714451 0.881393 0.817708 0.845307 0.933192 0.828995 0.931814 0.937678 0.984038 0.900616 0.915053 0.952735 0.803908 0.959385 0.866175 0.965246 0.998632 0.932994 0.801733 0.948585 0.941088 0.885806 0.916475 0.990104 0.969502 0.989346 0.934215 0.887286 0.933557 0.896981 0.838510 0.911438 0.749497 0.830499 0.804861 0.890638 0.884440 0.822208 0.890354 0.890040 0.961189 0.897673 0.862660 0.886025 0.794028
