0.000000 0.205502 0.383482 0.294906 0.830608 0.683732 0.319332 0.230814 0.626507 0.473492 0.279834 0.192759 0.220174 0.286410 0.347484 0.350477 0.199971 0.205994 0.208007 0.202962 0.600013 0.703825 0.395425 0.446881 0.716420 0.641794 0.862808 0.904252 0.246890 0.206423 0.328934 0.356740 0.240106 0.238700 0.652871 0.737924 0.564578 0.712732 0.705909 0.798378 0.919683 0.750548 0.346594 0.294432 0.343290 0.260759 0.273676 0.261421 0.683119 0.387382 0.473543 0.423419 0.561550 0.589109 0.502459 0.687861 0.262399 0.245702 0.189294 0.244962 0.214253 0.309842 0.190103 0.208333 0.519420 0.355567 0.308738 0.229194 0.366921 0.292135 0.396557 0.378208 0.437933 0.473059 0.705888 0.664863 0.459963 0.388033 0.245373 0.289427 0.170606 0.204716 0.384487 0.318088 0.357935 0.378073 0.920436 0.739756 0.534892 0.656075 0.867284 0.972336 0.787723 0.924583 0.587063 0.645090 0.525297 0.603908 0.409123 0.369478 0.755816 0.904651 0.482200 0.533548 0.450107 0.466760 0.958212 0.847876 0.720022 0.478468 0.857202 0.428387 0.419727 0.538710 0.607267 0.904903
0.205502 0.000000 0.474557 0.376242 0.832306 0.771418 0.380622 0.255013 0.728022 0.476897 0.327205 0.218914 0.287834 0.291430 0.420945 0.389501 0.195430 0.208599 0.230686 0.233343 0.609749 0.721664 0.486496 0.533715 0.792408 0.742500 0.787917 0.903108 0.224052 0.232353 0.397204 0.432675 0.286507 0.274011 0.741684 0.713336 0.572935 0.710216 0.751738 0.736037 0.972724 0.572751 0.370309 0.307897 0.370896 0.321496 0.357010 0.280175 0.669264 0.454048 0.491711 0.446205 0.663900 0.587163 0.613961 0.745800 0.205076 0.186448 0.207765 0.262623 0.276802 0.344417 0.218131 0.185060 0.622815 0.453758 0.378374 0.275170 0.374040 0.244265 0.447932 0.379175 0.510661 0.547124 0.782479 0.646470 0.485449 0.371585 0.328138 0.370081 0.210993 0.260037 0.409140 0.341696 0.443227 0.457858 0.985453 0.919673 0.636080 0.701764 0.939829 0.990057 0.807819 0.965017 0.554389 0.694741 0.608703 0.463030 0.432031 0.382403 0.788157 0.910631 0.498744 0.474196 0.423488 0.466603 0.991676 0.839527 0.828524 0.509706 0.810575 0.410855 0.517710 0.510954 0.650944 0.820333
0.383482 0.474557 0.000000 0.182824 0.821633 0.670054 0.236683 0.325365 0.508258 0.580379 0.411398 0.443820 0.357772 0.551903 0.470621 0.483356 0.494886 0.432027 0.353531 0.375671 0.564256 0.728908 0.343263 0.340011 0.447590 0.381955 0.988270 0.899309 0.500280 0.441178 0.278724 0.346460 0.309858 0.373841 0.683139 0.902200 0.579988 0.882112 0.542029 0.837843 0.899710 0.883896 0.368998 0.346198 0.428431 0.423901 0.341898 0.414233 0.852709 0.568420 0.666649 0.597615 0.640855 0.629997 0.506623 0.722614 0.611816 0.605710 0.482320 0.512297 0.309151 0.421734 0.531622 0.573105 0.287669 0.235569 0.299739 0.298717 0.436559 0.479558 0.419204 0.485864 0.371388 0.400182 0.789835 0.776048 0.523879 0.541851 0.472183 0.443488 0.398334 0.322475 0.524020 0.451758 0.412692 0.325785 0.878538 0.714748 0.589746 0.619300 0.764515 0.954767 0.757703 0.912071 0.532768 0.726314 0.540670 0.704890 0.606286 0.533994 0.789203 0.772412 0.761268 0.620460 0.521774 0.607869 0.844032 0.930608 0.751521 0.689714 0.863372 0.595215 0.539875 0.744259 0.675251 0.870626
0.294906 0.376242 0.182824 0.000000 0.789420 0.618443 0.199421 0.226297 0.485796 0.497446 0.393408 0.335286 0.287237 0.430807 0.366653 0.375753 0.385631 0.342914 0.282151 0.322393 0.464127 0.645306 0.278385 0.311815 0.504407 0.415647 0.948136 0.899485 0.382806 0.351181 0.239546 0.280984 0.234049 0.251261 0.577138 0.877146 0.516011 0.821234 0.611085 0.873824 0.974469 0.785780 0.277676 0.256710 0.326992 0.326178 0.259735 0.347622 0.771476 0.514028 0.579125 0.487213 0.606489 0.599844 0.484873 0.693185 0.479505 0.489788 0.358838 0.411861 0.232399 0.332593 0.404578 0.426258 0.291436 0.208331 0.230398 0.208426 0.416554 0.419247 0.331074 0.397348 0.345807 0.426688 0.695214 0.737247 0.462920 0.471923 0.384349 0.381871 0.295806 0.252810 0.424801 0.336228 0.322448 0.267360 0.923697 0.731312 0.576598 0.586075 0.704392 0.903274 0.664447 0.873194 0.543260 0.697008 0.530179 0.623493 0.473554 0.415071 0.728082 0.796274 0.628854 0.495552 0.422804 0.496970 0.817202 0.908022 0.819711 0.666889 0.818153 0.452350 0.462750 0.613608 0.595655 0.893993
0.830608 0.832306 0.821633 0.789420 0.000000 0.720461 0.766650 0.766391 0.916847 0.875792 0.919290 0.832352 0.723649 0.866750 0.753322 0.751226 0.908617 0.919809 0.824073 0.920864 0.732406 0.767477 0.744264 0.777116 0.994291 0.956616 0.694634 0.804863 0.842525 0.897056 0.849469 0.989338 0.816292 0.822449 0.872515 0.986121 0.979122 0.950001 0.797272 0.946884 0.892043 0.961248 0.814689 0.810890 0.727505 0.740832 0.685398 0.751387 0.859979 0.736197 0.692053 0.689111 0.804180 0.604663 0.769086 0.745232 0.936233 0.946496 0.845967 0.810035 0.711771 0.720768 0.812611 0.840140 0.756356 0.717719 0.728734 0.777569 0.965569 0.882542 0.662679 0.753166 0.822698 0.910948 0.984008 0.856185 0.880383 0.957451 0.971806 0.916811 0.789440 0.788704 0.726552 0.793201 0.681534 0.696925 0.894594 0.860648 0.862717 0.758510 0.793141 0.817628 0.772840 0.923674 0.941518 0.844901 0.868977 0.857894 0.801966 0.786244 0.865745 0.978704 0.847417 0.848664 0.699539 0.834008 0.939350 0.874202 0.833951 0.999800 0.967690 0.833558 0.801809 0.822726 0.793529 0.952370
0.683732 0.771418 0.670054 0.618443 0.720461 0.000000 0.516386 0.569434 0.636410 0.601095 0.666634 0.683179 0.599715 0.765882 0.675481 0.610652 0.723587 0.701170 0.663168 0.733222 0.677272 0.987008 0.631139 0.650133 0.880758 0.851443 0.906530 0.837700 0.697447 0.713166 0.637765 0.706354 0.650886 0.647779 0.617706 0.999600 0.876938 0.782964 0.990722 0.851528 0.936273 0.981345 0.598794 0.620442 0.567214 0.584750 0.553385 0.585227 0.994514 0.818681 0.842851 0.744730 0.786478 0.774792 0.796519 0.896041 0.862859 0.889103 0.702585 0.732340 0.602099 0.681594 0.679508 0.756166 0.759224 0.599613 0.505015 0.622900 0.732020 0.738106 0.619890 0.560656 0.723336 0.861450 0.750133 0.860230 0.652890 0.687504 0.648369 0.737326 0.604329 0.592644 0.774876 0.629797 0.668636 0.670408 0.879107 0.840380 0.934712 0.849614 0.658388 0.823102 0.599723 0.826733 0.704469 0.821032 0.635297 0.875496 0.728143 0.665890 0.777452 0.697879 0.805763 0.755766 0.618829 0.769634 0.906765 0.897126 0.892789 0.935412 0.828384 0.664271 0.668878 0.687071 0.731650 0.907990
0.319332 0.380622 0.236683 0.199421 0.766650 0.516386 0.000000 0.180917 0.419089 0.359156 0.320475 0.352032 0.303100 0.464576 0.440390 0.436878 0.318664 0.276891 0.237317 0.312686 0.530746 0.629045 0.386318 0.434997 0.683706 0.581437 0.914255 0.860059 0.366376 0.334857 0.330234 0.312208 0.239802 0.239681 0.688153 0.837241 0.632508 0.905997 0.745108 0.834112 0.991510 0.738527 0.251213 0.200808 0.286899 0.306237 0.282291 0.314324 0.832895 0.591008 0.611767 0.579377 0.681195 0.565306 0.554150 0.792069 0.419756 0.478368 0.372692 0.506753 0.260573 0.434943 0.376678 0.426403 0.424767 0.285398 0.174801 0.226687 0.404976 0.431808 0.326581 0.352441 0.419955 0.453256 0.746332 0.675610 0.407944 0.405979 0.396566 0.376100 0.285404 0.253069 0.458765 0.386525 0.416160 0.380780 0.859881 0.766596 0.634299 0.729741 0.583619 0.726269 0.558889 0.698320 0.444111 0.658418 0.464476 0.577031 0.442380 0.361153 0.655715 0.593313 0.583990 0.414220 0.447212 0.493274 0.778897 0.869486 0.780611 0.646963 0.741054 0.435465 0.366677 0.573103 0.613593 0.894259
0.230814 0.255013 0.325365 0.226297 0.766391 0.569434 0.180917 0.000000 0.540065 0.317742 0.314049 0.229931 0.228963 0.323368 0.339381 0.355280 0.238422 0.222974 0.243061 0.266530 0.561156 0.666617 0.374761 0.436498 0.753951 0.660669 0.833294 0.848698 0.276324 0.265471 0.361645 0.334218 0.216205 0.210952 0.665377 0.831406 0.589159 0.799509 0.758973 0.805005 0.965694 0.672869 0.249127 0.211721 0.253339 0.251854 0.262242 0.275066 0.687324 0.504790 0.516767 0.480248 0.632236 0.594586 0.541463 0.751392 0.296249 0.321956 0.249543 0.360082 0.194416 0.283247 0.270963 0.253900 0.452178 0.284440 0.209724 0.195151 0.445855 0.337916 0.357937 0.370983 0.474477 0.542516 0.739990 0.644030 0.448879 0.361969 0.312843 0.402031 0.221277 0.246577 0.412510 0.339170 0.366398 0.355411 0.949927 0.804610 0.590704 0.628744 0.666079 0.809121 0.583678 0.834383 0.429524 0.579347 0.483874 0.495727 0.357155 0.276066 0.611569 0.743386 0.478996 0.392627 0.358210 0.418239 0.782563 0.810181 0.773072 0.538566 0.735394 0.345013 0.364816 0.501364 0.587376 0.867941
0.626507 0.728022 0.508258 0.485796 0.916847 0.636410 0.419089 0.540065 0.000000 0.629687 0.653837 0.662787 0.578202 0.709169 0.651640 0.572447 0.666507 0.661253 0.588331 0.607182 0.732203 0.800562 0.491775 0.576405 0.743372 0.676769 0.818340 0.966184 0.679391 0.676291 0.564911 0.506210 0.559827 0.529248 0.762242 0.918878 0.705610 0.878343 0.838880 0.820125 0.805195 0.874246 0.483416 0.467117 0.484873 0.507250 0.438242 0.537616 0.852337 0.675260 0.623502 0.621508 0.616241 0.632071 0.699084 0.722400 0.756240 0.822631 0.607580 0.748387 0.520732 0.673773 0.665991 0.764424 0.506321 0.503408 0.385737 0.490853 0.632953 0.717372 0.558880 0.677840 0.592760 0.632755 0.821240 0.715788 0.577419 0.662446 0.657456 0.619540 0.615168 0.592141 0.670653 0.701960 0.556056 0.527253 0.793908 0.801694 0.723363 0.805912 0.631428 0.733946 0.581436 0.706369 0.596104 0.612061 0.620308 0.752524 0.573749 0.573960 0.653808 0.660725 0.742844 0.658737 0.626565 0.670959 0.930521 0.868939 0.779868 0.906103 0.772478 0.672781 0.588670 0.892675 0.625513 0.908741
0.473492 0.476897 0.580379 0.497446 0.875792 0.601095 0.359156 0.317742 0.629687 0.000000 0.449355 0.428697 0.473525 0.511869 0.559904 0.591274 0.383737 0.399333 0.458648 0.476033 0.742122 0.803747 0.610274 0.675950 0.996741 0.822082 0.989268 0.911851 0.458495 0.441013 0.592914 0.467865 0.383124 0.387601 0.731673 0.853245 0.756008 0.822796 0.880442 0.866116 0.925585 0.637478 0.411570 0.391629 0.398607 0.423755 0.499694 0.462475 0.713258 0.672168 0.656376 0.655620 0.807773 0.772678 0.722947 0.879785 0.443268 0.532813 0.406951 0.587773 0.444000 0.502682 0.462211 0.443623 0.673639 0.516138 0.396783 0.400808 0.607459 0.489249 0.533865 0.501762 0.692446 0.736652 0.776859 0.723225 0.547430 0.455731 0.474328 0.514072 0.419859 0.486317 0.613312 0.497730 0.620494 0.614623 0.989718 0.863943 0.738908 0.821110 0.654317 0.744996 0.609007 0.782218 0.534874 0.596818 0.526730 0.485413 0.394479 0.371071 0.571351 0.573639 0.520602 0.438441 0.594298 0.513231 0.796030 0.809942 0.864378 0.672823 0.696612 0.468640 0.507506 0.638231 0.634105 0.915296
0.279834 0.327205 0.411398 0.393408 0.919290 0.666634 0.320475 0.314049 0.653837 0.449355 0.000000 0.284907 0.352498 0.421416 0.558927 0.531424 0.261279 0.215162 0.234825 0.225407 0.647759 0.728451 0.618625 0.577881 0.872801 0.686432 0.955546 0.822676 0.314869 0.241019 0.415283 0.398474 0.352482 0.303166 0.906513 0.795568 0.741885 0.839246 0.745608 0.748398 0.966091 0.804167 0.480291 0.375170 0.500626 0.458147 0.428583 0.417518 0.941196 0.647054 0.713862 0.719500 0.781463 0.720367 0.678256 0.980537 0.320053 0.343594 0.401421 0.477418 0.348326 0.495863 0.289899 0.347121 0.670009 0.463557 0.411439 0.327384 0.409233 0.460299 0.519308 0.474817 0.535308 0.499867 0.791540 0.724221 0.542463 0.363074 0.399203 0.352942 0.277354 0.308101 0.457248 0.428796 0.634637 0.593446 0.926380 0.835354 0.728138 0.885705 0.887725 0.998766 0.856650 0.948219 0.592161 0.731376 0.650995 0.755313 0.595377 0.492200 0.772537 0.715298 0.607486 0.491185 0.644929 0.655820 0.876075 0.949397 0.946553 0.609122 0.837431 0.544937 0.506462 0.625188 0.746858 0.980956
0.192759 0.218914 0.443820 0.335286 0.832352 0.683179 0.352032 0.229931 0.662787 0.428697 0.284907 0.000000 0.202942 0.205540 0.282822 0.286609 0.209898 0.217889 0.258590 0.237984 0.559116 0.693807 0.378909 0.431050 0.797397 0.726573 0.902409 0.847391 0.210370 0.189665 0.354893 0.359320 0.256981 0.260952 0.668214 0.798500 0.615030 0.702497 0.712176 0.792196 0.947805 0.729692 0.436507 0.366955 0.371191 0.341739 0.333555 0.303106 0.714717 0.507044 0.564928 0.499870 0.694411 0.700632 0.582091 0.772421 0.286422 0.285520 0.244860 0.303395 0.217029 0.284813 0.195037 0.179800 0.565666 0.387169 0.362243 0.275408 0.443990 0.322921 0.433939 0.431366 0.494098 0.530421 0.721411 0.679802 0.484592 0.355762 0.289280 0.374909 0.217979 0.283964 0.337224 0.353134 0.397559 0.432394 0.938802 0.883625 0.587554 0.680912 0.975608 0.882299 0.851297 0.823589 0.571572 0.685862 0.615663 0.532514 0.475718 0.385635 0.800461 0.967117 0.505653 0.536085 0.469210 0.411476 0.918178 0.865808 0.805100 0.462763 0.785382 0.474007 0.508150 0.515932 0.625905 0.996659
0.220174 0.287834 0.357772 0.287237 0.723649 0.599715 0.303100 0.228963 0.578202 0.473525 0.352498 0.202942 0.000000 0.212116 0.202484 0.207677 0.281109 0.307990 0.287319 0.327174 0.551811 0.689088 0.253749 0.310395 0.706286 0.665488 0.879781 0.894861 0.287216 0.268837 0.315096 0.367009 0.269678 0.296178 0.640579 0.811546 0.559923 0.740126 0.632252 0.813929 0.918664 0.788975 0.371685 0.328416 0.335433 0.314165 0.304314 0.296577 0.742966 0.477183 0.480351 0.450235 0.574562 0.613158 0.484232 0.756703 0.369187 0.383455 0.264776 0.358977 0.163933 0.266367 0.229690 0.246770 0.386246 0.302120 0.284498 0.248994 0.493027 0.382577 0.397082 0.391414 0.474158 0.555265 0.724803 0.628367 0.486697 0.419907 0.347073 0.448662 0.239908 0.297487 0.282868 0.378655 0.292269 0.304760 0.859315 0.736397 0.558405 0.605877 0.869975 0.964762 0.726778 0.900413 0.584427 0.690802 0.571153 0.581226 0.484444 0.405850 0.776344 0.901807 0.496941 0.588884 0.395894 0.420589 0.911220 0.815810 0.710648 0.540996 0.806768 0.478450 0.485428 0.537614 0.563349 0.927029
0.286410 0.291430 0.551903 0.430807 0.866750 0.765882 0.464576 0.323368 0.709169 0.511869 0.421416 0.205540 0.212116 0.000000 0.216289 0.225255 0.295777 0.328719 0.352098 0.382420 0.581136 0.688033 0.342282 0.378198 0.779476 0.762704 0.923836 0.852773 0.269581 0.288796 0.387886 0.419204 0.358770 0.359439 0.654175 0.877639 0.570131 0.668924 0.764886 0.757029 0.933193 0.672899 0.466183 0.424118 0.462222 0.444186 0.432045 0.389570 0.714124 0.576063 0.531013 0.507734 0.705183 0.718019 0.628729 0.864695 0.331790 0.343629 0.279879 0.401711 0.281321 0.371342 0.228799 0.207523 0.539010 0.467572 0.408173 0.348489 0.613456 0.398608 0.466400 0.465477 0.616073 0.637703 0.766963 0.663647 0.485976 0.385157 0.359824 0.514126 0.317724 0.449725 0.289824 0.490400 0.392428 0.430461 0.929333 0.861636 0.624399 0.699788 0.973451 0.915216 0.780443 0.852672 0.653991 0.726237 0.747864 0.515119 0.506594 0.459593 0.792511 0.959809 0.461438 0.646952 0.440233 0.411545 0.896515 0.751770 0.764467 0.509002 0.807807 0.527829 0.614959 0.566426 0.591390 0.985032
0.347484 0.420945 0.470621 0.366653 0.753322 0.675481 0.440390 0.339381 0.651640 0.559904 0.558927 0.282822 0.202484 0.216289 0.000000 0.195131 0.426115 0.469819 0.453132 0.490154 0.586004 0.671243 0.210885 0.279478 0.636573 0.663121 0.946837 0.904770 0.379353 0.388532 0.341944 0.402880 0.350492 0.397130 0.521098 0.943895 0.558493 0.757131 0.706103 0.855309 0.906029 0.847749 0.454767 0.447419 0.404232 0.401443 0.362723 0.375075 0.667230 0.534434 0.505279 0.443904 0.603957 0.672292 0.470469 0.659574 0.530598 0.539500 0.347015 0.433993 0.245421 0.317251 0.345895 0.341414 0.375092 0.351686 0.363269 0.343849 0.669694 0.471999 0.444804 0.511840 0.520807 0.655198 0.708661 0.719911 0.531854 0.506909 0.439492 0.549110 0.362951 0.429763 0.321338 0.510299 0.260468 0.300968 0.835815 0.688574 0.556735 0.548822 0.915379 0.928432 0.750077 0.841062 0.670172 0.768873 0.646485 0.550891 0.521083 0.459655 0.796291 0.958389 0.561189 0.732798 0.403718 0.411389 0.915208 0.738043 0.770108 0.590516 0.827214 0.513238 0.611771 0.640725 0.553551 0.947190
0.350477 0.389501 0.483356 0.375753 0.751226 0.610652 0.436878 0.355280 0.572447 0.591274 0.531424 0.286609 0.207677 0.225255 0.195131 0.000000 0.413721 0.449664 0.413551 0.486294 0.534004 0.741998 0.205637 0.253890 0.629450 0.692986 0.997231 0.857069 0.360711 0.386586 0.323317 0.392317 0.361169 0.406450 0.590535 0.919966 0.613188 0.727015 0.694409 0.833148 0.885819 0.784485 0.425591 0.430117 0.441143 0.413622 0.366812 0.372387 0.791060 0.553572 0.512887 0.461459 0.579298 0.600486 0.555517 0.723460 0.504453 0.518740 0.339880 0.445690 0.264410 0.376852 0.321599 0.326671 0.437991 0.387594 0.352445 0.364575 0.568022 0.474856 0.362755 0.410152 0.484043 0.641471 0.659869 0.720404 0.521250 0.463826 0.420522 0.509324 0.339634 0.427971 0.310848 0.477132 0.301986 0.303656 0.895425 0.783395 0.610452 0.685878 0.883669 0.973899 0.686914 0.884186 0.684210 0.741185 0.725908 0.575840 0.594449 0.527549 0.843995 0.961662 0.590539 0.738596 0.406553 0.443984 0.956550 0.860801 0.769772 0.631941 0.888861 0.576836 0.625365 0.560553 0.562741 0.923549
0.199971 0.195430 0.494886 0.385631 0.908617 0.723587 0.318664 0.238422 0.666507 0.383737 0.261279 0.209898 0.281109 0.295777 0.426115 0.413721 0.000000 0.154298 0.192853 0.225541 0.627664 0.657464 0.501822 0.578868 0.869161 0.753748 0.868088 0.875069 0.191756 0.178588 0.414518 0.342852 0.249402 0.231394 0.790120 0.682348 0.621453 0.747282 0.767380 0.677002 0.864375 0.610002 0.377260 0.275131 0.383067 0.353242 0.379095 0.306139 0.789327 0.546203 0.575227 0.553970 0.697874 0.656280 0.609389 0.848301 0.167931 0.216089 0.234438 0.364463 0.305415 0.431819 0.186661 0.191543 0.662810 0.495726 0.347652 0.278027 0.382401 0.315290 0.404809 0.348714 0.538845 0.530089 0.777625 0.647516 0.436846 0.326627 0.266947 0.310454 0.192896 0.278589 0.416914 0.351935 0.489747 0.522505 0.948837 0.898921 0.624432 0.801798 0.857044 0.958548 0.780137 0.983027 0.557310 0.721708 0.595318 0.486797 0.422838 0.342951 0.817557 0.839778 0.458862 0.406361 0.508955 0.436673 0.917973 0.833791 0.871024 0.452467 0.746422 0.418158 0.456088 0.489283 0.660978 0.924871
0.205994 0.208599 0.432027 0.342914 0.919809 0.701170 0.276891 0.222974 0.661253 0.399333 0.215162 0.217889 0.307990 0.328719 0.469819 0.449664 0.154298 0.000000 0.159886 0.179987 0.616000 0.648582 0.545362 0.583785 0.843196 0.707588 0.829705 0.841022 0.188369 0.171489 0.406120 0.341406 0.243816 0.217500 0.791867 0.779982 0.625852 0.773335 0.774689 0.668915 0.973700 0.603837 0.353111 0.254309 0.382176 0.342556 0.343584 0.306822 0.786204 0.574221 0.602576 0.587160 0.740099 0.670842 0.625385 0.843554 0.179625 0.201510 0.266593 0.377939 0.289373 0.445967 0.183038 0.200572 0.652913 0.462921 0.332878 0.278053 0.369655 0.344811 0.433560 0.380933 0.534411 0.494857 0.742366 0.667694 0.455753 0.325729 0.282222 0.314527 0.197504 0.240565 0.404894 0.329688 0.510700 0.521715 0.962682 0.923051 0.665040 0.794937 0.828081 0.938013 0.768647 0.942888 0.562974 0.649304 0.602892 0.542339 0.418871 0.353796 0.766802 0.818243 0.494388 0.390184 0.481129 0.483697 0.831839 0.865617 0.867285 0.478267 0.812303 0.403327 0.412441 0.498853 0.637919 0.930541
0.208007 0.230686 0.353531 0.282151 0.824073 0.663168 0.237317 0.243061 0.588331 0.458648 0.234825 0.258590 0.287319 0.352098 0.453132 0.413551 0.192853 0.159886 0.000000 0.190717 0.566284 0.636662 0.465409 0.498415 0.710481 0.633765 0.847030 0.850895 0.243938 0.187260 0.331733 0.332635 0.260855 0.213638 0.722662 0.757858 0.600806 0.817266 0.698609 0.715745 0.982988 0.621764 0.331145 0.242960 0.383089 0.349633 0.322725 0.308196 0.822815 0.522134 0.582265 0.561029 0.693772 0.585733 0.575368 0.847968 0.260501 0.283846 0.294729 0.405274 0.279463 0.467345 0.227262 0.266717 0.558238 0.425783 0.302475 0.284406 0.311302 0.331411 0.362822 0.323320 0.440002 0.427155 0.742531 0.609191 0.459516 0.369861 0.336590 0.283313 0.198005 0.225070 0.434989 0.342332 0.463515 0.471389 0.912179 0.853307 0.658293 0.811941 0.803460 0.938560 0.753912 0.917489 0.526920 0.688133 0.617625 0.569682 0.444802 0.416582 0.812749 0.821181 0.523597 0.432355 0.476955 0.501254 0.948360 0.897821 0.804607 0.537475 0.838885 0.425183 0.457193 0.545825 0.640896 0.890423
0.202962 0.233343 0.375671 0.322393 0.920864 0.733222 0.312686 0.266530 0.607182 0.476033 0.225407 0.237984 0.327174 0.382420 0.490154 0.486294 0.225541 0.179987 0.190717 0.000000 0.658140 0.681187 0.516776 0.544894 0.762383 0.621659 0.846819 0.870912 0.243181 0.193702 0.370593 0.329116 0.258261 0.236870 0.744751 0.820247 0.625080 0.798004 0.726616 0.710860 0.938094 0.730933 0.415058 0.318699 0.447133 0.386766 0.364959 0.319133 0.805289 0.528467 0.649666 0.603851 0.728012 0.710837 0.622667 0.821307 0.265703 0.257762 0.305490 0.363306 0.305073 0.421821 0.259154 0.280406 0.608639 0.435196 0.390625 0.303968 0.318674 0.321414 0.475216 0.455910 0.434545 0.436304 0.769027 0.650212 0.500206 0.393924 0.331899 0.326773 0.232469 0.235005 0.473023 0.370672 0.534620 0.533394 0.850631 0.907293 0.604850 0.765663 0.937843 0.924782 0.889275 0.928189 0.564748 0.721582 0.625528 0.644995 0.484276 0.428209 0.754987 0.894301 0.627358 0.488929 0.552415 0.531055 0.941486 0.895932 0.807059 0.516966 0.810611 0.461066 0.497973 0.606971 0.665163 0.888601
0.600013 0.609749 0.564256 0.464127 0.732406 0.677272 0.530746 0.561156 0.732203 0.742122 0.647759 0.559116 0.551811 0.581136 0.586004 0.534004 0.627664 0.616000 0.566284 0.658140 0.000000 0.736375 0.538153 0.511479 0.757468 0.724642 0.953786 0.875558 0.626776 0.652859 0.507341 0.661385 0.547420 0.510628 0.683769 0.956346 0.665308 0.871811 0.833588 0.924281 0.840624 0.823796 0.563331 0.540303 0.612842 0.607271 0.534285 0.587879 0.955312 0.684431 0.765152 0.681504 0.777002 0.662282 0.720552 0.914896 0.692415 0.685498 0.614360 0.609399 0.565524 0.627947 0.606325 0.624298 0.600583 0.537068 0.558385 0.543171 0.737673 0.698754 0.466596 0.486714 0.622207 0.647786 0.739958 0.767091 0.556317 0.520189 0.664914 0.625897 0.589240 0.584236 0.515616 0.555685 0.583868 0.596473 0.959732 0.923799 0.897757 0.818211 0.749951 0.901721 0.635339 0.873737 0.821973 0.852806 0.729778 0.765303 0.722772 0.657859 0.847845 0.867446 0.670808 0.625173 0.540853 0.642967 0.878765 0.768972 0.957234 0.878805 0.894305 0.727132 0.743562 0.675804 0.799076 0.988053
0.703825 0.721664 0.728908 0.645306 0.767477 0.987008 0.629045 0.666617 0.800562 0.803747 0.728451 0.693807 0.689088 0.688033 0.671243 0.741998 0.657464 0.648582 0.636662 0.681187 0.736375 0.000000 0.721531 0.753458 0.966619 0.821827 0.909652 0.781177 0.613145 0.678748 0.769125 0.626544 0.600240 0.651814 0.875086 0.915526 0.801499 0.855067 0.866483 0.751202 0.966634 0.913822 0.670547 0.617232 0.678279 0.681501 0.721231 0.696015 0.824290 0.801479 0.748093 0.770215 0.905767 0.742270 0.753041 0.830815 0.676910 0.713642 0.757280 0.783726 0.644437 0.786529 0.672760 0.689258 0.729940 0.703642 0.649710 0.597515 0.869401 0.839624 0.719300 0.749478 0.786049 0.731673 0.958478 0.865518 0.695754 0.721772 0.861483 0.677791 0.682129 0.679459 0.723663 0.747444 0.704250 0.676969 0.941795 0.863373 0.715231 0.739751 0.795029 0.874121 0.857183 0.858228 0.787722 0.934013 0.947160 0.775856 0.690601 0.633723 0.876320 0.967012 0.781000 0.667135 0.818437 0.645248 0.836313 0.811765 0.921512 0.790318 0.811325 0.721314 0.775558 0.699564 0.655411 0.907975
0.395425 0.486496 0.343263 0.278385 0.744264 0.631139 0.386318 0.374761 0.491775 0.610274 0.618625 0.378909 0.253749 0.342282 0.210885 0.205637 0.501822 0.545362 0.465409 0.516776 0.538153 0.721531 0.000000 0.205223 0.443558 0.508336 0.969193 0.929858 0.450853 0.473924 0.247789 0.346344 0.317256 0.412309 0.494562 0.912456 0.528720 0.811621 0.635484 0.898014 0.989579 0.867987 0.409777 0.431929 0.426553 0.414136 0.336546 0.410220 0.767814 0.545532 0.569609 0.461885 0.545912 0.636139 0.445163 0.632073 0.637463 0.650857 0.388400 0.465203 0.268793 0.350011 0.443623 0.465457 0.273817 0.290058 0.307635 0.339310 0.565335 0.456493 0.353741 0.457250 0.404632 0.563416 0.700793 0.727928 0.491969 0.573665 0.451767 0.503330 0.371841 0.408867 0.371358 0.453535 0.212453 0.212750 0.845891 0.688738 0.510749 0.545598 0.856316 0.949568 0.703793 0.894179 0.600951 0.737172 0.612568 0.598426 0.593176 0.535291 0.868021 0.988513 0.671707 0.751641 0.436197 0.456397 0.923063 0.849184 0.702945 0.667308 0.860299 0.588115 0.616354 0.678939 0.524140 0.946925
0.446881 0.533715 0.340011 0.311815 0.777116 0.650133 0.434997 0.436498 0.576405 0.675950 0.577881 0.431050 0.310395 0.378198 0.279478 0.253890 0.578868 0.583785 0.498415 0.544894 0.511479 0.753458 0.205223 0.000000 0.429507 0.434333 0.976512 0.907692 0.482908 0.490666 0.267661 0.380324 0.405602 0.447036 0.515900 0.998175 0.611329 0.847517 0.623768 0.884838 0.989696 0.894917 0.480199 0.511463 0.527172 0.487607 0.430188 0.494701 0.820890 0.624424 0.620195 0.561398 0.566860 0.659428 0.467524 0.704932 0.716014 0.707150 0.477689 0.560511 0.330156 0.432427 0.483213 0.541293 0.333823 0.312350 0.385363 0.407366 0.634591 0.537300 0.435776 0.518675 0.433374 0.564058 0.757621 0.782741 0.563734 0.590964 0.530640 0.528127 0.411245 0.441632 0.391904 0.451133 0.300643 0.261634 0.766979 0.608670 0.599050 0.622166 0.880038 0.940510 0.757843 0.912961 0.687869 0.867905 0.729903 0.707262 0.740538 0.646842 0.840424 0.991729 0.808645 0.817845 0.522396 0.629801 0.901499 0.870495 0.754230 0.736082 0.955009 0.699640 0.648900 0.731635 0.562579 0.948631
0.716420 0.792408 0.447590 0.504407 0.994291 0.880758 0.683706 0.753951 0.743372 0.996741 0.872801 0.797397 0.706286 0.779476 0.636573 0.629450 0.869161 0.843196 0.710481 0.762383 0.757468 0.966619 0.443558 0.429507 0.000000 0.343832 0.912761 0.920489 0.824816 0.793414 0.436289 0.586141 0.645328 0.748151 0.562997 0.941673 0.642736 0.988894 0.624528 0.950759 0.921185 0.958774 0.671226 0.721294 0.814975 0.748449 0.612553 0.762873 0.937755 0.788380 0.865098 0.736162 0.696703 0.852519 0.519760 0.716655 0.972859 0.916683 0.744547 0.728924 0.677694 0.714521 0.857342 0.874787 0.449703 0.556241 0.656501 0.703769 0.648968 0.705749 0.661048 0.716639 0.508790 0.645183 0.783605 0.982812 0.732512 0.908477 0.720633 0.683599 0.699488 0.662531 0.775663 0.706955 0.503153 0.450366 0.915844 0.794749 0.745892 0.676386 0.997037 0.858518 0.905074 0.897412 0.732562 0.999092 0.808180 0.853056 0.940973 0.908451 0.818245 0.867572 0.917426 0.988462 0.671965 0.840863 0.976621 0.944191 0.824802 0.799190 0.898860 0.828657 0.832557 0.961214 0.776974 0.933924
0.641794 0.742500 0.381955 0.415647 0.956616 0.851443 0.581437 0.660669 0.676769 0.822082 0.686432 0.726573 0.665488 0.762704 0.663121 0.692986 0.753748 0.707588 0.633765 0.621659 0.724642 0.821827 0.508336 0.434333 0.343832 0.000000 0.912522 0.822929 0.687892 0.671565 0.416040 0.471363 0.525877 0.583258 0.610713 0.995115 0.578559 0.999702 0.618474 0.781241 0.912019 0.933014 0.583045 0.579910 0.671263 0.600162 0.532820 0.663278 0.819611 0.693607 0.755941 0.688578 0.638511 0.797957 0.583470 0.664853 0.842240 0.821327 0.644835 0.688817 0.582409 0.633424 0.756992 0.803365 0.405033 0.435384 0.559581 0.539639 0.608575 0.669562 0.642368 0.636118 0.416816 0.508225 0.818295 0.885649 0.613086 0.762320 0.724735 0.584240 0.617559 0.560683 0.747129 0.583990 0.535889 0.458951 0.825187 0.729478 0.591408 0.656748 0.912968 0.902079 0.920068 0.969910 0.736637 0.923666 0.738409 0.811797 0.764532 0.684534 0.950659 0.995833 0.928463 0.762976 0.704918 0.867481 0.945001 0.935353 0.945115 0.851236 0.936472 0.727693 0.712370 0.997422 0.645888 0.977915
0.862808 0.787917 0.988270 0.948136 0.694634 0.906530 0.914255 0.833294 0.818340 0.989268 0.955546 0.902409 0.879781 0.923836 0.946837 0.997231 0.868088 0.829705 0.847030 0.846819 0.953786 0.909652 0.969193 0.976512 0.912761 0.912522 0.000000 0.992226 0.864267 0.841280 0.985864 0.987855 0.947019 0.839119 0.935250 0.951683 0.888896 0.925750 0.866784 0.969408 0.909327 0.926795 0.915275 0.902410 0.865880 0.875524 0.964667 0.847321 0.860866 0.848315 0.856069 0.882615 0.982976 0.851313 0.870602 0.908989 0.784219 0.748741 0.877082 0.820135 0.873845 0.852453 0.817496 0.798173 0.999960 0.959574 0.921839 0.946821 0.989904 0.827622 0.942308 0.901414 0.952282 0.959101 0.955806 0.787917 0.984071 0.967311 0.997279 0.994474 0.880457 0.841205 0.899200 0.804775 0.907399 0.936222 0.833686 0.994125 0.974743 0.853736 0.956638 0.991866 0.983880 0.988156 0.930791 0.996391 0.956696 0.858440 0.881369 0.905379 0.936859 0.887435 0.889060 0.815294 0.820914 0.993672 0.932898 0.981743 0.878899 0.773014 0.923689 0.801507 0.795513 0.954455 0.905829 0.805274
0.904252 0.903108 0.899309 0.899485 0.804863 0.837700 0.860059 0.848698 0.966184 0.911851 0.822676 0.847391 0.894861 0.852773 0.904770 0.857069 0.875069 0.841022 0.850895 0.870912 0.875558 0.781177 0.929858 0.907692 0.920489 0.822929 0.992226 0.000000 0.843343 0.888205 0.931453 0.905888 0.810839 0.925389 0.990888 0.999653 0.914847 0.934057 0.993946 0.776171 0.909218 0.917779 0.879631 0.813726 0.965617 0.924774 0.872359 0.942681 0.976674 0.912786 0.996157 0.956848 0.975833 0.974440 0.936766 0.901291 0.861141 0.854750 0.921224 0.939007 0.880283 0.945120 0.821964 0.825553 0.973218 0.918695 0.889701 0.888649 0.923702 0.979481 0.884102 0.813215 0.884416 0.993589 0.892068 0.872932 0.743247 0.844749 0.960444 0.931958 0.870956 0.896870 0.971841 0.958118 0.952593 0.926193 0.961075 0.859174 0.899640 0.936411 0.837326 0.925739 0.911546 0.899939 0.881975 0.978527 0.933850 0.810710 0.902317 0.807236 0.999674 0.880665 0.982872 0.784258 0.827742 0.993327 0.875638 0.888889 0.912301 0.904508 0.998522 0.837461 0.936185 0.932878 0.842568 0.939186
0.246890 0.224052 0.500280 0.382806 0.842525 0.697447 0.366376 0.276324 0.679391 0.458495 0.314869 0.210370 0.287216 0.269581 0.379353 0.360711 0.191756 0.188369 0.243938 0.243181 0.626776 0.613145 0.450853 0.482908 0.824816 0.687892 0.864267 0.843343 0.000000 0.182884 0.358286 0.350470 0.264179 0.239828 0.701347 0.829955 0.592621 0.792172 0.752793 0.675504 0.950853 0.656777 0.423669 0.320856 0.401073 0.370331 0.355919 0.313234 0.723485 0.566982 0.585491 0.539332 0.694696 0.693377 0.567367 0.745240 0.243134 0.271883 0.264136 0.355973 0.271715 0.407871 0.182005 0.203820 0.621377 0.450470 0.345310 0.292106 0.426399 0.326132 0.450487 0.406817 0.515410 0.531603 0.740514 0.704033 0.446936 0.356272 0.307466 0.337002 0.205636 0.288431 0.381070 0.323031 0.427587 0.474032 0.904510 0.903425 0.612091 0.677864 0.958447 0.929905 0.847881 0.881425 0.573302 0.744589 0.674136 0.527767 0.476523 0.381831 0.794985 0.957057 0.534808 0.474033 0.505579 0.441659 0.897026 0.894967 0.816955 0.500408 0.780156 0.458171 0.484597 0.476788 0.577550 0.909245
0.206423 0.232353 0.441178 0.351181 0.897056 0.713166 0.334857 0.265471 0.676291 0.441013 0.241019 0.189665 0.268837 0.288796 0.388532 0.386586 0.178588 0.171489 0.187260 0.193702 0.652859 0.678748 0.473924 0.490666 0.793414 0.671565 0.841280 0.888205 0.182884 0.000000 0.345093 0.312644 0.274646 0.205600 0.742010 0.812895 0.604575 0.799779 0.695485 0.732258 0.987197 0.734579 0.474797 0.335731 0.428465 0.385954 0.378909 0.339613 0.811530 0.560856 0.631993 0.590355 0.700119 0.688131 0.550070 0.820140 0.260348 0.273015 0.295406 0.405742 0.276557 0.427375 0.201193 0.218942 0.635612 0.472941 0.374878 0.321253 0.359634 0.318350 0.444520 0.409488 0.487969 0.484036 0.656842 0.645147 0.545064 0.383687 0.307819 0.309387 0.196617 0.237097 0.391829 0.312176 0.492989 0.495956 0.839571 0.795225 0.605925 0.775999 0.985976 0.861521 0.924231 0.870163 0.581032 0.779734 0.659533 0.569635 0.511679 0.444204 0.822909 0.909742 0.524335 0.498005 0.578764 0.495335 0.936691 0.930112 0.870474 0.500602 0.838037 0.507143 0.526286 0.563490 0.660973 0.964780
0.328934 0.397204 0.278724 0.239546 0.849469 0.637765 0.330234 0.361645 0.564911 0.592914 0.415283 0.354893 0.315096 0.387886 0.341944 0.323317 0.414518 0.406120 0.331733 0.370593 0.507341 0.769125 0.247789 0.267661 0.436289 0.416040 0.985864 0.931453 0.358286 0.345093 0.000000 0.267573 0.279447 0.300134 0.560055 0.907434 0.497111 0.840538 0.648426 0.928909 0.961180 0.849965 0.426590 0.367513 0.467035 0.419564 0.346759 0.392059 0.858600 0.579305 0.664183 0.557468 0.617117 0.654083 0.459534 0.707458 0.543475 0.535851 0.392692 0.439031 0.282353 0.403604 0.407401 0.451380 0.356517 0.283577 0.305072 0.308506 0.381185 0.370676 0.370166 0.390749 0.330192 0.386236 0.645015 0.805118 0.500666 0.454414 0.403442 0.387442 0.311158 0.298562 0.393075 0.353360 0.326100 0.288229 0.839368 0.707090 0.561301 0.629471 0.955954 0.855134 0.832914 0.890207 0.601956 0.841602 0.610893 0.701152 0.660060 0.585235 0.851839 0.885803 0.727403 0.668591 0.559057 0.567936 0.914809 0.989846 0.808378 0.597990 0.991925 0.585094 0.598903 0.631734 0.635085 0.982449
0.356740 0.432675 0.346460 0.280984 0.989338 0.706354 0.312208 0.334218 0.506210 0.467865 0.398474 0.359320 0.367009 0.419204 0.402880 0.392317 0.342852 0.341406 0.332635 0.329116 0.661385 0.626544 0.346344 0.380324 0.586141 0.471363 0.987855 0.905888 0.350470 0.312644 0.267573 0.000000 0.242934 0.283264 0.669604 0.917263 0.565454 0.861624 0.623729 0.808062 0.968372 0.831763 0.413978 0.335799 0.474667 0.461989 0.414786 0.411176 0.897123 0.686668 0.730462 0.678612 0.702806 0.755908 0.562054 0.790777 0.470243 0.514354 0.399690 0.542622 0.340546 0.506959 0.409213 0.441808 0.470439 0.379592 0.341753 0.320337 0.403487 0.444555 0.433908 0.446679 0.424021 0.466737 0.695673 0.767218 0.513874 0.453068 0.382693 0.325956 0.329769 0.333492 0.496595 0.393824 0.450777 0.387766 0.862895 0.786842 0.571388 0.729630 0.853092 0.941908 0.823770 0.991154 0.627978 0.817691 0.651466 0.680230 0.580383 0.495489 0.826961 0.824130 0.739701 0.554918 0.613016 0.550964 0.813074 0.984692 0.873981 0.621944 0.848291 0.546835 0.554383 0.647071 0.580061 0.981402
0.240106 0.286507 0.309858 0.234049 0.816292 0.650886 0.239802 0.216205 0.559827 0.383124 0.352482 0.256981 0.269678 0.358770 0.350492 0.361169 0.249402 0.243816 0.260855 0.258261 0.547420 0.600240 0.317256 0.405602 0.645328 0.525877 0.947019 0.810839 0.264179 0.274646 0.279447 0.242934 0.000000 0.242367 0.648785 0.810108 0.586631 0.842843 0.703537 0.750172 0.962467 0.727271 0.302404 0.252484 0.335009 0.307568 0.294365 0.319462 0.737614 0.559137 0.581946 0.535994 0.646229 0.651558 0.509043 0.677624 0.333422 0.348310 0.263229 0.380326 0.237214 0.356989 0.277787 0.296607 0.452432 0.320848 0.257416 0.214464 0.371561 0.329138 0.335536 0.338702 0.411002 0.482176 0.715189 0.705704 0.416031 0.364437 0.278397 0.326571 0.199620 0.229809 0.388578 0.317824 0.343604 0.332437 0.898041 0.819293 0.530272 0.621377 0.766337 0.938820 0.715940 0.996137 0.554856 0.664353 0.480631 0.479890 0.412183 0.331990 0.786227 0.812346 0.600336 0.421791 0.472916 0.426492 0.843679 0.831843 0.791488 0.515770 0.820854 0.421217 0.455611 0.526058 0.581498 0.974255
0.238700 0.274011 0.373841 0.251261 0.822449 0.647779 0.239681 0.210952 0.529248 0.387601 0.303166 0.260952 0.296178 0.359439 0.397130 0.406450 0.231394 0.217500 0.213638 0.236870 0.510628 0.651814 0.412309 0.447036 0.748151 0.583258 0.839119 0.925389 0.239828 0.205600 0.300134 0.283264 0.242367 0.000000 0.640178 0.835196 0.509969 0.749848 0.709157 0.767722 0.992938 0.725965 0.341205 0.244268 0.333142 0.309292 0.283065 0.319862 0.779238 0.525144 0.588330 0.533674 0.676440 0.655333 0.560209 0.740826 0.298873 0.328868 0.280824 0.407302 0.242294 0.380553 0.258952 0.277084 0.496066 0.331645 0.261050 0.233235 0.416960 0.350042 0.401562 0.378241 0.415877 0.502883 0.649077 0.660599 0.464540 0.339117 0.346500 0.298006 0.227275 0.235004 0.409678 0.291064 0.392702 0.408409 0.880718 0.755707 0.594092 0.702142 0.803943 0.968407 0.756068 0.920678 0.526211 0.691423 0.601503 0.547839 0.408108 0.360596 0.722305 0.805416 0.518321 0.394099 0.496882 0.501493 0.931604 0.819534 0.854386 0.591874 0.802443 0.382357 0.452473 0.538389 0.554605 0.911908
0.652871 0.741684 0.683139 0.577138 0.872515 0.617706 0.688153 0.665377 0.762242 0.731673 0.906513 0.668214 0.640579 0.654175 0.521098 0.590535 0.790120 0.791867 0.722662 0.744751 0.683769 0.875086 0.494562 0.515900 0.562997 0.610713 0.935250 0.990888 0.701347 0.742010 0.560055 0.669604 0.648785 0.640178 0.000000 0.969977 0.623757 0.977917 0.855734 0.903865 0.995022 0.883459 0.619506 0.692842 0.596646 0.555715 0.563478 0.640392 0.637064 0.564511 0.692248 0.550923 0.646178 0.814463 0.533331 0.616579 0.912229 0.822211 0.610901 0.578700 0.590967 0.601555 0.724389 0.733727 0.565093 0.556334 0.617762 0.630558 0.763053 0.604033 0.721629 0.710224 0.607075 0.770704 0.658987 0.861807 0.700782 0.782668 0.663882 0.697541 0.619325 0.606508 0.739141 0.643960 0.430433 0.498685 0.955651 0.749790 0.669685 0.605594 0.965276 0.882232 0.859378 0.905879 0.752781 0.914068 0.682125 0.749624 0.713383 0.696697 0.928994 0.850015 0.876006 0.935476 0.628741 0.661742 0.983069 0.878233 0.680277 0.910185 0.815277 0.584722 0.819126 0.957851 0.695883 0.946523
0.737924 0.713336 0.902200 0.877146 0.986121 0.999600 0.837241 0.831406 0.918878 0.853245 0.795568 0.798500 0.811546 0.877639 0.943895 0.919966 0.682348 0.779982 0.757858 0.820247 0.956346 0.915526 0.912456 0.998175 0.941673 0.995115 0.951683 0.999653 0.829955 0.812895 0.907434 0.917263 0.810108 0.835196 0.969977 0.000000 0.959304 0.706517 0.973822 0.921841 0.834128 0.835244 0.803692 0.786813 0.811412 0.791265 0.880940 0.777091 0.929129 0.854327 0.845175 0.811318 0.881993 0.829200 0.980551 0.922063 0.714560 0.732851 0.746935 0.783826 0.850476 0.875715 0.736887 0.778580 0.958181 0.932484 0.832559 0.761099 0.788751 0.719030 0.858018 0.738740 0.926434 0.903650 0.919776 0.837513 0.873126 0.850405 0.754452 0.820944 0.740264 0.801106 0.836022 0.773068 0.880923 0.884348 0.928877 0.950362 0.878013 0.970122 0.942054 0.944453 0.930898 0.939871 0.778754 0.895900 0.906050 0.716090 0.843138 0.862636 0.986534 0.861677 0.803267 0.795973 0.989260 0.943082 0.977105 0.933440 0.889215 0.827896 0.789811 0.789564 0.821276 0.908511 0.847937 0.910923
0.564578 0.572935 0.579988 0.516011 0.979122 0.876938 0.632508 0.589159 0.705610 0.756008 0.741885 0.615030 0.559923 0.570131 0.558493 0.613188 0.621453 0.625852 0.600806 0.625080 0.665308 0.801499 0.528720 0.611329 0.642736 0.578559 0.888896 0.914847 0.592621 0.604575 0.497111 0.565454 0.586631 0.509969 0.623757 0.959304 0.000000 0.753788 0.595499 0.858079 0.890403 0.667434 0.600208 0.534310 0.535217 0.559607 0.562471 0.507749 0.618567 0.588193 0.632293 0.549219 0.653923 0.809708 0.693758 0.712920 0.641062 0.595751 0.478580 0.535862 0.518620 0.544806 0.636327 0.597715 0.477930 0.538007 0.571132 0.511912 0.686154 0.584106 0.732363 0.644437 0.677585 0.666079 0.645966 0.788851 0.648181 0.662193 0.630401 0.648416 0.591416 0.604976 0.699252 0.588223 0.479949 0.472480 0.863090 0.771705 0.573070 0.579444 0.988695 0.870721 0.850868 0.954474 0.623221 0.722968 0.722446 0.650954 0.570501 0.599595 0.797501 0.995426 0.539296 0.656475 0.562100 0.550906 0.925905 0.798213 0.894755 0.716751 0.957512 0.592392 0.790242 0.838986 0.746767 0.838528
0.712732 0.710216 0.882112 0.821234 0.950001 0.782964 0.905997 0.799509 0.878343 0.822796 0.839246 0.702497 0.740126 0.668924 0.757131 0.727015 0.747282 0.773335 0.817266 0.798004 0.871811 0.855067 0.811621 0.847517 0.988894 0.999702 0.925750 0.934057 0.792172 0.799779 0.840538 0.861624 0.842843 0.749848 0.977917 0.706517 0.753788 0.000000 0.824929 0.957836 0.857260 0.847315 0.792760 0.803707 0.838337 0.797015 0.866000 0.763486 0.843715 0.755828 0.729164 0.771445 0.999660 0.894107 0.980038 0.947004 0.663190 0.681214 0.759548 0.733230 0.764217 0.736767 0.701081 0.668643 0.784966 0.817237 0.865743 0.742415 0.978191 0.882523 0.908609 0.895081 0.868976 0.907891 0.965744 0.987567 0.824959 0.740368 0.862670 0.895790 0.849750 0.911973 0.745088 0.860046 0.786050 0.808017 0.736730 0.975231 0.897732 0.928350 0.963935 0.996565 0.975342 0.966108 0.900703 0.765418 0.879532 0.793870 0.740945 0.834307 0.873776 0.977361 0.715156 0.838943 0.794679 0.789208 0.962775 0.813994 0.996588 0.654565 0.937991 0.840159 0.937773 0.879097 0.705165 0.897167
