0.000000 0.399771 0.734074 0.493462 0.896456 0.746368 0.613771 0.532879 0.924370 0.646742 0.488678 0.554218 0.995676 0.873366 0.986444 0.997152 0.418822 0.303901 0.450614 0.427178 0.900883 0.993159 0.966395 0.815432 0.911489 0.970075 0.975506 0.984643 0.609867 0.621924 0.757225 0.842509 0.439911 0.465474 0.717181 0.971843 0.550519 0.689623 0.952784 0.909231 0.711417 0.639803 0.868436 0.822979 0.836699 0.718982 0.569955 0.586943 0.740195 0.634819 0.739719 0.655428 0.767818 0.911282 0.516582 0.503456 0.340492 0.346651 0.326447 0.378315 0.561929 0.595894 0.418690 0.358669 0.947726 0.864235 0.609348 0.678492 0.549344 0.505394 0.815513 0.838970 0.777963 0.833185 0.991565 0.970819 0.944918 0.724083 0.763626 0.861066 0.366238 0.334302 0.685480 0.389633 0.585109 0.797754 0.967369 0.975996 0.767524 0.400126 0.755771 0.954901 0.837634 0.906539 0.760230 0.889101 0.659148 0.852501 0.638127 0.593332 0.838457 0.985643 0.414078 0.607545 0.642505 0.564561 0.953076 0.841421 0.966036 0.802760 0.902461 0.671659 0.722557 0.892629 0.820312 0.956425
0.399771 0.000000 0.635521 0.437095 0.872794 0.826008 0.570552 0.499404 0.912249 0.656288 0.622885 0.535633 0.981650 0.768939 0.944295 0.967045 0.502671 0.408515 0.456393 0.395116 0.876060 0.873222 0.901221 0.937612 0.968194 0.959612 0.895479 0.876708 0.660939 0.608644 0.680489 0.785320 0.538485 0.476734 0.788797 0.988133 0.642346 0.678956 0.948047 0.895128 0.722646 0.671210 0.692771 0.600500 0.697877 0.600562 0.583206 0.540497 0.647018 0.587743 0.659946 0.596713 0.686367 0.906704 0.577464 0.587787 0.347239 0.336960 0.411139 0.405780 0.636988 0.629062 0.590921 0.467765 0.966138 0.829338 0.592049 0.559541 0.560549 0.414723 0.716581 0.638266 0.696296 0.756719 0.967773 0.930070 0.742206 0.620404 0.854933 0.797972 0.534062 0.458566 0.676811 0.491536 0.686024 0.827525 0.919142 0.981594 0.773835 0.500171 0.689834 0.844688 0.724285 0.891720 0.774752 0.873569 0.612227 0.822815 0.639072 0.500274 0.738845 0.778441 0.454400 0.570697 0.624529 0.559614 0.875031 0.806595 0.946429 0.703146 0.948960 0.586897 0.641909 0.772505 0.823925 0.991693
0.734074 0.635521 0.000000 0.624507 0.925774 0.915705 0.560067 0.861893 0.710207 0.883455 0.917642 0.997560 0.978229 0.962940 0.869170 0.920057 0.833540 0.727087 0.793329 0.753533 0.894463 0.864681 0.798440 0.977276 0.810184 0.762955 0.862564 0.987548 0.893865 0.910137 0.704125 0.873848 0.642244 0.803236 0.679882 0.953750 0.551963 0.657925 0.927839 0.846009 0.797951 0.691499 0.778680 0.684660 0.733707 0.731263 0.767350 0.750955 0.766466 0.671025 0.589570 0.598883 0.616014 0.550573 0.773810 0.780848 0.627491 0.531050 0.610984 0.771567 0.794342 0.997476 0.832166 0.762355 0.653420 0.875637 0.541628 0.745424 0.702731 0.646153 0.883678 0.634927 0.869906 0.889629 0.886258 0.975072 0.798514 0.755271 0.799362 0.842408 0.800521 0.846913 0.708323 0.620930 0.767704 0.982724 0.866277 0.894370 0.781254 0.814161 0.714082 0.714270 0.646024 0.654046 0.822051 0.931321 0.780066 0.897104 0.738566 0.760327 0.811151 0.773912 0.708867 0.797432 0.691030 0.646429 0.838631 0.675913 0.974874 0.728392 0.943196 0.801420 0.751936 0.967327 0.819546 0.746443
0.493462 0.437095 0.624507 0.000000 0.940773 0.808212 0.613856 0.503266 0.981265 0.680139 0.626614 0.607307 0.987495 0.713093 0.886824 0.886548 0.598931 0.495840 0.459390 0.392776 0.987801 0.949504 0.754352 0.884373 0.927854 0.845969 0.985188 0.912761 0.577804 0.556584 0.639436 0.678834 0.512479 0.514584 0.800914 0.957896 0.644277 0.790063 0.921037 0.876835 0.807126 0.703222 0.763174 0.674345 0.796796 0.753304 0.698630 0.552126 0.795474 0.674109 0.756264 0.654269 0.734262 0.946269 0.640956 0.590053 0.450751 0.454127 0.524623 0.478352 0.715621 0.655891 0.590348 0.535636 0.950238 0.863298 0.642545 0.600159 0.660520 0.525207 0.689006 0.655380 0.763700 0.704928 0.978217 0.972350 0.677594 0.659721 0.993892 0.781687 0.646644 0.598739 0.624701 0.560617 0.656964 0.830184 0.899579 0.841080 0.803988 0.565582 0.628001 0.911050 0.680313 0.970399 0.818454 0.883551 0.664590 0.834296 0.673299 0.581524 0.673676 0.899426 0.496069 0.600065 0.555127 0.509095 0.997931 0.850845 0.939055 0.712066 0.876931 0.590665 0.685300 0.836946 0.764298 0.905330
0.896456 0.872794 0.925774 0.940773 0.000000 0.994872 0.947512 0.913258 0.874300 0.905625 0.897490 0.922443 0.764147 0.900433 0.822265 0.756824 0.975691 0.969332 0.960149 0.988899 0.680736 0.947741 0.707979 0.706069 0.926247 0.829271 0.821311 0.916712 0.979710 0.936085 0.861632 0.942347 0.923759 0.965340 0.981706 0.870164 0.927954 0.706670 0.936960 0.955964 0.900750 0.899678 0.785322 0.776577 0.989166 0.969759 0.778216 0.962138 0.915261 0.884242 0.822244 0.802263 0.911934 0.829147 0.940687 0.963916 0.886840 0.910820 0.822668 0.858138 0.919784 0.961504 0.979709 0.978804 0.953498 0.928663 0.907047 0.834013 0.970546 0.910276 0.928495 0.959492 0.981676 0.915185 0.890239 0.862740 0.872440 0.906484 0.692697 0.907598 0.890148 0.999705 0.832166 0.955246 0.758941 0.895228 0.885149 0.721473 0.993921 0.945944 0.918203 0.962270 0.842559 0.942251 0.889016 0.887769 0.951891 0.974698 0.997625 0.921160 0.991946 0.859536 0.997377 0.881252 0.911660 0.987905 0.884758 0.921446 0.926095 0.913423 0.991712 0.988152 0.871706 0.940385 0.921670 0.932841
0.746368 0.826008 0.915705 0.808212 0.994872 0.000000 0.746633 0.637392 0.960947 0.649252 0.823915 0.731501 0.897379 0.806840 0.833269 0.856095 0.815317 0.779537 0.834401 0.922850 0.949939 0.904847 0.934280 0.848565 0.810670 0.903569 0.952137 0.983526 0.811740 0.818476 0.891627 0.973701 0.754336 0.718319 0.956828 0.994524 0.966378 0.934144 0.984629 0.913803 0.887201 0.977482 0.696198 0.720314 0.712908 0.627447 0.605601 0.730377 0.715437 0.902731 0.685411 0.792728 0.927641 0.913921 0.675388 0.728191 0.861293 0.845918 0.731050 0.662565 0.585210 0.546186 0.669910 0.683911 0.824569 0.638338 0.657132 0.659312 0.882033 0.856057 0.925844 0.993591 0.758724 0.826573 0.896137 0.825644 0.886074 0.847453 0.829525 0.972485 0.653302 0.677127 0.972618 0.793183 0.910783 0.843765 0.917372 0.926316 0.986523 0.870604 0.785642 0.963193 0.868337 0.986581 0.938144 0.929721 0.774661 0.760160 0.659528 0.683662 0.737186 0.964087 0.750329 0.791987 0.733521 0.813166 0.949053 0.901931 0.971787 0.824145 0.907235 0.676332 0.868406 0.736680 0.831988 0.990278
0.613771 0.570552 0.560067 0.613856 0.947512 0.746633 0.000000 0.382160 0.686543 0.361489 0.617995 0.700519 0.965776 0.988080 0.822483 0.920142 0.569664 0.545974 0.568695 0.634042 0.905396 0.929697 0.846899 0.809831 0.655016 0.800877 0.790994 0.656955 0.612168 0.621212 0.621443 0.772528 0.530105 0.438299 0.856594 0.943091 0.761751 0.814432 0.879595 0.943565 0.787130 0.871469 0.755819 0.707580 0.422785 0.443857 0.696460 0.602909 0.610183 0.663545 0.606981 0.676077 0.587786 0.699546 0.771509 0.757090 0.705822 0.599789 0.552086 0.587920 0.409719 0.560646 0.526965 0.448973 0.764156 0.957770 0.464321 0.522513 0.840410 0.619386 0.713995 0.628577 0.754509 0.676622 0.808416 0.889431 0.809745 0.643012 0.788128 0.903217 0.601230 0.638709 0.861487 0.622141 0.881639 0.809654 0.878532 0.835552 0.895330 0.887645 0.419660 0.604065 0.472219 0.723559 0.765188 0.978081 0.686080 0.852547 0.390894 0.466157 0.609284 0.761634 0.518954 0.550611 0.642985 0.641958 0.817155 0.829750 0.908687 0.681898 0.941353 0.616132 0.565063 0.699139 0.971933 0.948633
0.532879 0.499404 0.861893 0.503266 0.913258 0.637392 0.382160 0.000000 0.779835 0.292328 0.423421 0.406824 0.993826 0.804589 0.780408 0.959637 0.494491 0.456067 0.502063 0.493285 0.866639 0.953093 0.941399 0.926468 0.562839 0.727652 0.752474 0.623870 0.461553 0.426750 0.648413 0.722802 0.550882 0.313326 0.857532 0.977594 0.942391 0.983977 0.854258 0.958002 0.779918 0.945022 0.898739 0.814590 0.620628 0.590301 0.717628 0.646824 0.748971 0.836038 0.845069 0.858498 0.894535 0.917929 0.725975 0.723611 0.647337 0.605855 0.579482 0.473216 0.356726 0.298197 0.414218 0.322833 0.618330 0.680598 0.591911 0.484791 0.938845 0.659958 0.727018 0.747356 0.664041 0.551536 0.896422 0.918404 0.859051 0.718441 0.886910 0.962287 0.552915 0.582997 0.908385 0.621219 0.915706 0.973244 0.825601 0.871478 0.962843 0.744877 0.548187 0.913192 0.684545 0.948439 0.714994 0.951690 0.658495 0.885452 0.457288 0.483077 0.558971 0.916925 0.490691 0.578033 0.680488 0.666474 0.970938 0.945654 0.885327 0.692532 0.853455 0.553703 0.619412 0.656936 0.949349 0.858831
0.924370 0.912249 0.710207 0.981265 0.874300 0.960947 0.686543 0.779835 0.000000 0.733397 0.926109 0.957848 0.958512 0.977546 0.905836 0.985692 0.963327 0.924120 0.899448 0.929590 0.985866 0.868076 0.936887 0.942982 0.903604 0.907816 0.922458 0.905175 0.938600 0.958446 0.996442 0.912296 0.852784 0.907797 0.911548 0.937428 0.984333 0.970700 0.962049 0.965755 0.906580 0.967846 0.993449 0.958050 0.763788 0.826215 0.934642 0.959150 0.886186 0.973730 0.826870 0.914339 0.867706 0.744140 0.925568 0.942618 0.956828 0.842671 0.913518 0.991975 0.784375 0.878641 0.989712 0.912711 0.934628 0.944992 0.734765 0.860694 0.974699 0.919313 0.975305 0.894980 0.922326 0.955834 0.829455 0.836637 0.753211 0.902422 0.948078 0.958166 0.967781 0.904525 0.931434 0.852594 0.983138 0.913043 0.964490 0.839952 0.952109 0.941322 0.737342 0.744012 0.778737 0.764103 0.934654 0.894205 0.733430 0.997581 0.824418 0.850368 0.942480 0.853379 0.956038 0.981959 0.906884 0.951226 0.968842 0.827973 0.821893 0.896086 0.979092 0.807468 0.845939 0.804456 0.974453 0.982372
0.646742 0.656288 0.883455 0.680139 0.905625 0.649252 0.361489 0.292328 0.733397 0.000000 0.525320 0.541821 0.943711 0.918892 0.685610 0.938027 0.570034 0.543212 0.585611 0.661647 0.915980 0.953312 0.946663 0.761971 0.416944 0.550735 0.704681 0.602638 0.574419 0.533055 0.812406 0.842690 0.649934 0.459196 0.940412 0.920097 0.979629 0.927528 0.750690 0.999475 0.808687 0.982415 0.973543 0.923629 0.575970 0.588963 0.767100 0.721384 0.719546 0.873705 0.851786 0.931387 0.872570 0.947621 0.812573 0.723197 0.799305 0.719219 0.614397 0.578973 0.402369 0.394206 0.506452 0.441505 0.502699 0.793173 0.625618 0.592506 0.975305 0.667636 0.740157 0.758332 0.818728 0.664685 0.760303 0.913938 0.877710 0.802210 0.858281 0.949116 0.600986 0.673680 0.913427 0.725145 0.989946 0.790318 0.760486 0.804420 0.813265 0.873697 0.585992 0.855559 0.710351 0.984487 0.791632 0.995553 0.734371 0.863177 0.471954 0.522048 0.649503 0.947478 0.578180 0.611877 0.764216 0.690318 0.959180 0.925125 0.948072 0.740721 0.859579 0.627121 0.663428 0.623035 0.989736 0.919053
0.488678 0.622885 0.917642 0.626614 0.897490 0.823915 0.617995 0.423421 0.926109 0.525320 0.000000 0.467539 0.965073 0.907521 0.811439 0.987548 0.419362 0.483046 0.557297 0.465961 0.949717 0.808726 0.967695 0.891902 0.774199 0.822219 0.929321 0.798394 0.517406 0.483970 0.719996 0.827619 0.594339 0.441260 0.808353 0.999548 0.860095 0.945951 0.836840 0.965270 0.764737 0.881747 0.897488 0.936175 0.851179 0.799111 0.858788 0.807353 0.858415 0.874909 0.990130 0.956380 0.975063 0.779067 0.808144 0.733483 0.642914 0.673957 0.598409 0.546277 0.504997 0.452505 0.410245 0.388235 0.698389 0.784086 0.710164 0.649264 0.892049 0.658497 0.905151 0.894352 0.785782 0.745055 0.988994 0.943399 0.950268 0.908336 0.879061 0.939591 0.526332 0.524262 0.846217 0.590880 0.834527 0.945541 0.915030 0.911308 0.991359 0.688303 0.735237 0.876167 0.895159 0.775624 0.712661 0.949849 0.774586 0.999475 0.716220 0.666600 0.722211 0.996754 0.544676 0.685137 0.811774 0.746156 0.773987 0.946012 0.844893 0.730764 0.910203 0.729722 0.736159 0.906227 0.974651 0.871785
0.554218 0.535633 0.997560 0.607307 0.922443 0.731501 0.700519 0.406824 0.957848 0.541821 0.467539 0.000000 0.693941 0.550566 0.879807 0.638201 0.484204 0.483494 0.488163 0.494312 0.938170 0.930144 0.882032 0.892235 0.701846 0.733464 0.989020 0.810991 0.456209 0.418024 0.845082 0.779223 0.628001 0.394850 0.810799 0.886633 0.982354 0.927950 0.924124 0.988945 0.789965 0.964148 0.994196 0.923741 0.885379 0.818293 0.697045 0.785196 0.954990 0.942653 0.955936 0.952794 0.842595 0.679037 0.614309 0.653185 0.604705 0.662321 0.711065 0.605366 0.433845 0.380032 0.382845 0.380259 0.820882 0.562218 0.740230 0.668952 0.902084 0.687962 0.889363 0.985827 0.666897 0.644029 0.970455 0.999204 0.976502 0.848522 0.925810 0.964056 0.497355 0.491096 0.762856 0.603674 0.708259 0.665662 0.950212 0.922442 0.820189 0.675665 0.940056 0.773936 0.998399 0.652831 0.740218 0.985214 0.812074 0.974784 0.784301 0.794023 0.730624 0.967145 0.587679 0.720752 0.833770 0.787741 0.806230 0.966773 0.844762 0.831022 0.838583 0.726564 0.804470 0.891824 0.959000 0.792327
0.995676 0.981650 0.978229 0.987495 0.764147 0.897379 0.965776 0.993826 0.958512 0.943711 0.965073 0.693941 0.000000 0.491181 0.458264 0.398112 0.975262 0.926403 0.934927 0.999615 0.815776 0.869542 0.670090 0.649275 0.971274 0.918844 0.684628 0.845626 0.952341 0.984106 0.762708 0.901860 0.962253 0.988114 0.905895 0.877719 0.986734 0.934608 0.832866 0.910672 0.828129 0.988176 0.923444 0.965927 0.951145 0.933115 0.874505 0.926560 0.955109 0.834351 0.987204 0.875694 0.862216 0.853176 0.657284 0.814449 0.917870 0.896198 0.790338 0.735512 0.782281 0.938107 0.783555 0.915931 0.731822 0.905089 0.991397 0.834150 0.996560 0.935137 0.837213 0.850403 0.989394 0.994829 0.929408 0.876889 0.962355 0.965757 0.871677 0.910867 0.866632 0.859014 0.773330 0.857383 0.519132 0.481448 0.970454 0.659130 0.702415 0.976846 0.897141 0.904965 0.997127 0.860728 0.878982 0.950491 0.936567 0.908637 0.967820 0.785288 0.938757 0.975383 0.938299 0.972533 0.964872 0.916351 0.776222 0.984226 0.980250 0.929609 0.831709 0.955885 0.857967 0.953962 0.945446 0.896952
0.873366 0.768939 0.962940 0.713093 0.900433 0.806840 0.988080 0.804589 0.977546 0.918892 0.907521 0.550566 0.491181 0.000000 0.515413 0.408072 0.928035 0.836301 0.660545 0.681149 0.924961 0.883101 0.646126 0.565477 0.988948 0.982936 0.684585 0.869099 0.672713 0.664869 0.910739 0.740470 0.871227 0.786950 0.843611 0.960612 0.913272 0.923583 0.880508 0.908149 0.863791 0.989202 0.810954 0.817778 0.910933 0.866951 0.747930 0.767219 0.910855 0.973836 0.967239 0.999258 0.953370 0.868843 0.754062 0.676941 0.824423 0.953077 0.941686 0.971201 0.805083 0.791094 0.676247 0.778816 0.849360 0.788353 0.919470 0.899894 0.989819 0.914760 0.959016 0.930648 0.830184 0.831553 0.960166 0.946428 0.748640 0.990246 0.932513 0.903060 0.735564 0.758177 0.730040 0.761108 0.585899 0.513609 0.963992 0.637775 0.814456 0.787328 0.981637 0.864965 0.995458 0.758870 0.882977 0.915273 0.964357 0.848109 0.965454 0.989877 0.840945 0.991732 0.846623 0.899105 0.949369 0.886013 0.708895 0.984793 0.964243 0.978865 0.777192 0.818094 0.976297 0.935822 0.946878 0.864211
0.986444 0.944295 0.869170 0.886824 0.822265 0.833269 0.822483 0.780408 0.905836 0.685610 0.811439 0.879807 0.458264 0.515413 0.000000 0.454914 0.894274 0.980508 0.852560 0.897998 0.984963 0.867848 0.541588 0.559423 0.731146 0.833537 0.559689 0.780124 0.992402 0.937431 0.863997 0.946687 0.984193 0.930337 0.905639 0.975813 0.879236 0.956056 0.682711 0.868674 0.917274 0.806485 0.898201 0.947615 0.917464 0.935798 0.912728 0.875412 0.947568 0.985304 0.972412 0.985766 0.947629 0.986479 0.787979 0.815029 0.917021 0.992501 0.814253 0.742811 0.931404 0.752222 0.932412 0.947981 0.529854 0.863019 0.928762 0.727943 0.770669 0.964979 0.914500 0.966018 0.990394 0.937741 0.951205 0.869959 0.866552 0.981260 0.826256 0.927774 0.917841 0.839849 0.586136 0.817555 0.438781 0.479051 0.797363 0.589197 0.651059 0.854983 0.835210 0.956876 0.997926 0.930774 0.950689 0.957489 0.936145 0.858140 0.851189 0.750228 0.867960 0.968722 0.978542 0.960580 0.984899 0.995961 0.874495 0.949580 0.980805 0.830878 0.894393 0.932758 0.841127 0.773593 0.868241 0.989448
0.997152 0.967045 0.920057 0.886548 0.756824 0.856095 0.920142 0.959637 0.985692 0.938027 0.987548 0.638201 0.398112 0.408072 0.454914 0.000000 0.956718 0.979042 0.869696 0.877726 0.940585 0.969576 0.490347 0.463734 0.941614 0.944514 0.670957 0.846523 0.817194 0.779013 0.955481 0.830941 0.915707 0.888280 0.989027 0.905221 0.879735 0.853077 0.731090 0.933538 0.965057 0.938281 0.963732 0.983611 0.898996 0.937328 0.929069 0.990499 0.825952 0.799226 0.855202 0.843276 0.863119 0.803998 0.825170 0.856580 0.957708 0.939642 0.761230 0.859412 0.843995 0.898513 0.807089 0.937257 0.738611 0.802385 0.945615 0.905578 0.976223 0.977578 0.971823 0.870073 0.867224 0.906534 0.997520 0.996513 0.869608 0.977995 0.852027 0.993575 0.900926 0.838088 0.600038 0.797176 0.517346 0.440930 0.873365 0.500255 0.771264 0.980880 0.868646 0.831405 0.906836 0.734453 0.962713 0.973104 0.950312 0.925211 0.853980 0.756270 0.919022 0.881226 0.990044 0.891069 0.996848 0.876428 0.744513 0.912884 0.974274 0.908904 0.721613 0.990982 0.938283 0.989587 0.922347 0.919154
0.418822 0.502671 0.833540 0.598931 0.975691 0.815317 0.569664 0.494491 0.963327 0.570034 0.419362 0.484204 0.975262 0.928035 0.894274 0.956718 0.000000 0.361321 0.535622 0.481597 0.925572 0.960773 0.912706 0.789602 0.823993 0.919570 0.885226 0.871369 0.569346 0.544508 0.742428 0.852566 0.550437 0.455723 0.778956 0.928768 0.751402 0.882064 0.937066 0.956947 0.736422 0.804631 0.958582 0.869747 0.828403 0.779455 0.728523 0.690353 0.823272 0.787558 0.870447 0.824829 0.944491 0.892408 0.608906 0.586187 0.481805 0.485051 0.430690 0.440300 0.524179 0.538228 0.410632 0.362302 0.827231 0.762636 0.627805 0.640806 0.701214 0.577491 0.817869 0.943687 0.751403 0.863648 0.941603 0.998827 0.993560 0.746991 0.790185 0.869955 0.424247 0.448209 0.805281 0.535729 0.767278 0.893353 0.997453 0.991649 0.778311 0.569819 0.819067 0.896846 0.884608 0.865525 0.774784 0.887864 0.759941 0.912678 0.657856 0.659762 0.757334 0.896061 0.448942 0.557437 0.762808 0.628169 0.972974 0.889243 0.921332 0.745255 0.936111 0.727327 0.802610 0.903830 0.857314 0.959654
0.303901 0.408515 0.727087 0.495840 0.969332 0.779537 0.545974 0.456067 0.924120 0.543212 0.483046 0.483494 0.926403 0.836301 0.980508 0.979042 0.361321 0.000000 0.458337 0.424079 0.898129 0.979028 0.998960 0.827943 0.814608 0.932506 0.987862 0.872466 0.506284 0.451159 0.680294 0.733910 0.418123 0.400966 0.728242 0.980955 0.658070 0.812748 0.979402 0.889457 0.781586 0.680475 0.900351 0.819258 0.832245 0.741733 0.622699 0.603593 0.799227 0.696109 0.800969 0.713103 0.797650 0.986057 0.621543 0.571151 0.328201 0.347699 0.356674 0.368694 0.536162 0.575958 0.401352 0.325901 0.837982 0.855500 0.572782 0.628076 0.569689 0.447472 0.773881 0.820700 0.758920 0.800555 0.959639 0.967512 0.929001 0.690904 0.729357 0.906579 0.341172 0.368079 0.678610 0.380306 0.667036 0.887067 0.981545 0.941090 0.836907 0.488527 0.810483 0.921567 0.826317 0.865395 0.706527 0.827892 0.750097 0.855411 0.615772 0.589160 0.787385 0.991102 0.371032 0.536795 0.712640 0.586282 0.967980 0.881840 0.929295 0.778904 0.919095 0.614632 0.722721 0.892799 0.854790 0.992537
0.450614 0.456393 0.793329 0.459390 0.960149 0.834401 0.568695 0.502063 0.899448 0.585611 0.557297 0.488163 0.934927 0.660545 0.852560 0.869696 0.535622 0.458337 0.000000 0.388115 0.914428 0.917196 0.746460 0.937837 0.847230 0.852713 0.909288 0.782834 0.537812 0.543349 0.703780 0.569517 0.578183 0.453222 0.823098 0.911931 0.847157 0.890213 0.870265 0.995122 0.728981 0.725944 0.811900 0.796025 0.667221 0.606394 0.623677 0.591565 0.645071 0.635137 0.805381 0.756190 0.687643 0.993020 0.615025 0.566209 0.534859 0.564053 0.599751 0.562228 0.612369 0.645184 0.462174 0.457836 0.854656 0.964361 0.744135 0.710129 0.692693 0.520666 0.630507 0.663678 0.726470 0.659170 0.988900 0.947268 0.762535 0.757729 0.938190 0.793190 0.521250 0.445581 0.647661 0.598029 0.585189 0.868529 0.950143 0.876676 0.895031 0.620114 0.667166 0.893880 0.670917 0.950929 0.682904 0.933093 0.781519 0.976585 0.605503 0.545468 0.760033 0.952711 0.491066 0.617591 0.694951 0.548318 0.924522 0.934207 0.964479 0.843365 0.844324 0.631175 0.637462 0.883317 0.918282 0.882651
0.427178 0.395116 0.753533 0.392776 0.988899 0.922850 0.634042 0.493285 0.929590 0.661647 0.465961 0.494312 0.999615 0.681149 0.897998 0.877726 0.481597 0.424079 0.388115 0.000000 0.957897 0.967707 0.821297 0.892666 0.947362 0.998862 0.981512 0.811951 0.457514 0.465724 0.611526 0.647627 0.487338 0.465839 0.817666 0.986635 0.726449 0.786533 0.978169 0.919143 0.703368 0.806294 0.845320 0.821058 0.821082 0.733990 0.670767 0.623143 0.775023 0.679382 0.833159 0.725689 0.792930 0.927144 0.765471 0.640419 0.451968 0.529297 0.524128 0.466368 0.671022 0.582672 0.508077 0.481962 0.897106 0.804824 0.704144 0.631582 0.699549 0.579143 0.681005 0.684025 0.730302 0.679628 0.951472 0.991789 0.835399 0.797440 0.880482 0.736224 0.579589 0.468091 0.634324 0.534493 0.658790 0.822993 0.983419 0.859762 0.897291 0.544326 0.763876 0.961348 0.840338 0.874588 0.742625 0.869661 0.756117 0.958322 0.690142 0.642205 0.686226 0.987041 0.535723 0.602710 0.715591 0.601390 0.903660 0.946143 0.900808 0.759345 0.886591 0.624628 0.645439 0.836136 0.878596 0.905230
0.900883 0.876060 0.894463 0.987801 0.680736 0.949939 0.905396 0.866639 0.985866 0.915980 0.949717 0.938170 0.815776 0.924961 0.984963 0.940585 0.925572 0.898129 0.914428 0.957897 0.000000 0.914904 0.739181 0.737287 0.843638 0.733075 0.969243 0.803813 0.962294 0.983103 0.877231 0.967647 0.844707 0.996524 0.931306 0.996080 0.918442 0.830948 0.760323 0.961018 0.917097 0.920972 0.856934 0.885224 0.885915 0.957970 0.756467 0.962002 0.927916 0.969431 0.858935 0.799025 0.981353 0.921135 0.888101 0.997800 0.748053 0.782121 0.735606 0.805838 0.992593 0.966880 0.971602 0.982148 0.862026 0.844560 0.780213 0.803286 0.874502 0.900373 0.979591 0.994234 0.809410 0.904826 0.884405 0.810131 0.996227 0.992387 0.829632 0.840692 0.877738 0.935414 0.986009 0.896733 0.918726 0.889209 0.939654 0.877392 0.815846 0.915922 0.817742 0.927684 0.757377 0.941028 0.828921 0.786788 0.971432 0.875233 0.864952 0.940632 0.890060 0.982472 0.914731 0.908789 0.882097 0.962593 0.875672 0.953671 0.929696 0.958220 0.989175 0.934275 0.953595 0.948046 0.831874 0.765778
0.993159 0.873222 0.864681 0.949504 0.947741 0.904847 0.929697 0.953093 0.868076 0.953312 0.808726 0.930144 0.869542 0.883101 0.867848 0.969576 0.960773 0.979028 0.917196 0.967707 0.914904 0.000000 0.943227 0.998225 0.991002 0.951374 0.971458 0.794108 0.828548 0.867453 0.918371 0.736618 0.982007 0.886512 0.962488 0.809837 0.788343 0.763317 0.906405 0.724320 0.937338 0.989052 0.826248 0.784583 0.909092 0.859756 0.835095 0.793397 0.862939 0.918702 0.768604 0.827075 0.881976 0.834575 0.879966 0.825071 0.915398 0.903742 0.855929 0.950991 0.983516 0.983218 0.909105 0.931786 0.820326 0.929741 0.848528 0.938413 0.934233 0.925874 0.920749 0.979403 0.924097 0.817190 0.981385 0.895527 0.793376 0.872043 0.932226 0.880402 0.915229 0.992604 0.942914 0.908272 0.988930 0.965344 0.972035 0.906639 0.857816 0.947233 0.950382 0.902356 0.896262 0.911911 0.823483 0.795910 0.904267 0.887830 0.959994 0.970710 0.994632 0.941737 0.974335 0.986740 0.814642 0.948208 0.782513 0.687047 0.981112 0.998912 0.985466 0.945960 0.954488 0.904696 0.866973 0.943274
0.966395 0.901221 0.798440 0.754352 0.707979 0.934280 0.846899 0.941399 0.936887 0.946663 0.967695 0.882032 0.670090 0.646126 0.541588 0.490347 0.912706 0.998960 0.746460 0.821297 0.739181 0.943227 0.000000 0.446600 0.834453 0.929369 0.789388 0.938991 0.796123 0.826752 0.817295 0.588221 0.826773 0.844422 0.921429 0.923805 0.990881 0.977714 0.902025 0.981213 0.983682 0.824747 0.871043 0.903434 0.834950 0.871563 0.964349 0.859725 0.960964 0.894706 0.957535 0.932943 0.762838 0.786179 0.889655 0.994616 0.936596 0.986583 0.784714 0.847666 0.952659 0.913099 0.912467 0.987095 0.708363 0.855833 0.965734 0.946954 0.874164 0.929432 0.787583 0.777750 0.801118 0.707783 0.962866 0.920542 0.771241 0.771369 0.764569 0.818826 0.935312 0.946360 0.532375 0.861184 0.552253 0.764730 0.696024 0.523284 0.975724 0.947049 0.782468 0.770095 0.734688 0.893423 0.902390 0.950356 0.968553 0.890203 0.927396 0.969414 0.978536 0.862647 0.944710 0.952021 0.871648 0.904951 0.926641 0.964646 0.958838 0.960477 0.775793 0.888141 0.881688 0.946272 0.956884 0.983316
0.815432 0.937612 0.977276 0.884373 0.706069 0.848565 0.809831 0.926468 0.942982 0.761971 0.891902 0.892235 0.649275 0.565477 0.559423 0.463734 0.789602 0.827943 0.937837 0.892666 0.737287 0.998225 0.446600 0.000000 0.736535 0.926977 0.721774 0.956305 0.937173 0.913603 0.946757 0.728396 0.965986 0.958913 0.975898 0.989289 0.917461 0.920575 0.810471 0.962731 0.901243 0.970330 0.998650 0.984762 0.865247 0.873339 0.864471 0.943378 0.807598 0.878130 0.808662 0.880629 0.925154 0.949063 0.995029 0.998879 0.946071 0.812973 0.618942 0.788298 0.884964 0.941712 0.888577 0.807165 0.693258 0.866334 0.778672 0.858940 0.947829 0.854637 0.958961 0.945637 0.924742 0.799760 0.864963 0.857828 0.839422 0.983280 0.716661 0.994427 0.789595 0.881829 0.721988 0.917221 0.679486 0.634131 0.823930 0.537906 0.822873 0.975294 0.929384 0.957587 0.985621 0.828442 0.905251 0.981174 0.934253 0.914251 0.784412 0.774279 0.996118 0.881728 0.857799 0.729279 0.987085 0.895385 0.871324 0.972525 0.999834 0.977816 0.817982 0.929257 0.972270 0.991602 0.907429 0.997694
0.911489 0.968194 0.810184 0.927854 0.926247 0.810670 0.655016 0.562839 0.903604 0.416944 0.774199 0.701846 0.971274 0.988948 0.731146 0.941614 0.823993 0.814608 0.847230 0.947362 0.843638 0.991002 0.834453 0.736535 0.000000 0.380044 0.702720 0.616506 0.748119 0.754603 0.908080 0.997155 0.939358 0.728960 0.900669 0.854094 0.754996 0.732711 0.757755 0.895279 0.962135 0.884848 0.803278 0.777505 0.821198 0.848050 0.997160 0.954692 0.935364 0.864194 0.849960 0.724535 0.857768 0.783917 0.993996 0.976748 0.854461 0.950188 0.959787 0.911111 0.580922 0.592054 0.720313 0.682798 0.428106 0.934113 0.996818 0.912548 0.916445 0.970721 0.976510 0.989607 0.965116 0.879044 0.794949 0.976473 0.895609 0.944041 0.965721 0.783524 0.814264 0.841629 0.767152 0.952419 0.839109 0.745481 0.739544 0.769213 0.710370 0.872696 0.862582 0.944663 0.943910 0.799679 0.960649 0.916020 0.945441 0.940462 0.733415 0.869982 0.884607 0.886284 0.856165 0.844766 0.911592 0.970566 0.986360 0.853067 0.936365 0.994202 0.969721 0.897865 0.923177 0.734939 0.784412 0.768834
0.970075 0.959612 0.762955 0.845969 0.829271 0.903569 0.800877 0.727652 0.907816 0.550735 0.822219 0.733464 0.918844 0.982936 0.833537 0.944514 0.919570 0.932506 0.852713 0.998862 0.733075 0.951374 0.929369 0.926977 0.380044 0.000000 0.749930 0.675503 0.863828 0.808834 0.750415 0.991039 0.993150 0.870817 0.847787 0.838285 0.728497 0.657214 0.762076 0.899271 0.994827 0.918874 0.672651 0.689755 0.932195 0.989475 0.921183 0.903336 0.964990 0.768889 0.717670 0.623099 0.828598 0.731592 0.960072 0.988678 0.832060 0.848970 0.893171 0.911014 0.761713 0.781184 0.837643 0.840334 0.525646 0.971085 0.834635 0.874693 0.985560 0.935879 0.965370 0.978360 0.931007 0.948789 0.926713 0.931391 0.921226 0.832947 0.984605 0.668543 0.943876 0.944209 0.855184 0.952029 0.938337 0.798832 0.785742 0.877330 0.722685 0.871123 0.927772 0.950163 0.969391 0.760837 0.905274 0.968393 0.961284 0.989657 0.882165 0.929749 0.988252 0.759031 0.961380 0.981025 0.912390 0.952385 0.889564 0.928678 0.994644 0.974445 0.953705 0.978947 0.963638 0.817729 0.869612 0.803799
0.975506 0.895479 0.862564 0.985188 0.821311 0.952137 0.790994 0.752474 0.922458 0.704681 0.929321 0.989020 0.684628 0.684585 0.559689 0.670957 0.885226 0.987862 0.909288 0.981512 0.969243 0.971458 0.789388 0.721774 0.702720 0.749930 0.000000 0.649699 0.980656 0.978761 0.981347 0.940478 0.980428 0.855183 0.875515 0.967600 0.800101 0.982250 0.789342 0.788723 0.944635 0.914874 0.946267 0.960536 0.771968 0.817254 0.960515 0.906100 0.849976 0.847579 0.932458 0.953292 0.920458 0.936952 0.925431 0.843173 0.962075 0.986786 0.913256 0.836410 0.939033 0.802403 0.929046 0.969322 0.626905 0.908335 0.955740 0.796503 0.913183 0.950155 0.839229 0.856045 0.902855 0.889189 0.970562 0.786903 0.965914 0.843939 0.888741 0.958688 0.918419 0.941425 0.683831 0.813184 0.680212 0.684766 0.853332 0.677411 0.892402 0.879605 0.750479 0.822886 0.893678 0.899787 0.954244 0.964256 0.737458 0.886265 0.748110 0.700519 0.848229 0.882270 0.987317 0.954926 0.958729 0.907897 0.718747 0.915969 0.997543 0.889839 0.951241 0.959866 0.783008 0.757858 0.993982 0.849427
0.984643 0.876708 0.987548 0.912761 0.916712 0.983526 0.656955 0.623870 0.905175 0.602638 0.798394 0.810991 0.845626 0.869099 0.780124 0.846523 0.871369 0.872466 0.782834 0.811951 0.803813 0.794108 0.938991 0.956305 0.616506 0.675503 0.649699 0.000000 0.810386 0.810308 0.902048 0.843429 0.946325 0.729034 0.983965 0.967275 0.791873 0.786391 0.790590 0.882275 0.987007 0.977311 0.977264 0.977798 0.713133 0.735703 0.980363 0.954216 0.842676 0.899305 0.981189 0.982900 0.904649 0.931937 0.868927 0.873523 0.891523 0.993513 0.937943 0.816447 0.739848 0.684102 0.893652 0.807675 0.642782 0.918001 0.934670 0.725462 0.823317 0.915550 0.903722 0.741082 0.836024 0.670227 0.873703 0.892627 0.984812 0.887286 0.972210 0.990907 0.986156 0.950991 0.921759 0.958671 0.814623 0.737870 0.905897 0.834103 0.735890 0.865895 0.796927 0.836546 0.862872 0.977854 0.833897 0.942562 0.923230 0.953246 0.706974 0.719831 0.721563 0.975353 0.959001 0.898818 0.979790 0.940162 0.803436 0.806035 0.971590 0.882847 0.965332 0.750423 0.725723 0.813017 0.827618 0.910743
0.609867 0.660939 0.893865 0.577804 0.979710 0.811740 0.612168 0.461553 0.938600 0.574419 0.517406 0.456209 0.952341 0.672713 0.992402 0.817194 0.569346 0.506284 0.537812 0.457514 0.962294 0.828548 0.796123 0.937173 0.748119 0.863828 0.980656 0.810386 0.000000 0.323165 0.559164 0.545557 0.579252 0.388468 0.871534 0.901623 0.978625 0.956413 0.921036 0.879778 0.946645 0.974494 0.969893 0.943205 0.854467 0.843114 0.810106 0.743183 0.966226 0.964483 0.994558 0.963537 0.970516 0.887062 0.839568 0.807582 0.657337 0.750035 0.741659 0.636227 0.551171 0.522599 0.457434 0.488863 0.742706 0.774314 0.685544 0.640451 0.950436 0.771781 0.772629 0.768068 0.679283 0.569110 0.918069 0.927009 0.934880 0.807952 0.839110 0.845698 0.628507 0.644313 0.811305 0.667584 0.837993 0.898856 0.948157 0.967981 0.945175 0.817930 0.817665 0.868442 0.911411 0.774451 0.702098 0.892692 0.908130 0.939959 0.731475 0.722613 0.609841 0.902582 0.605587 0.696459 0.924720 0.788789 0.918850 0.854820 0.954518 0.766742 0.750422 0.703356 0.751087 0.801474 0.991312 0.911599
0.621924 0.608644 0.910137 0.556584 0.936085 0.818476 0.621212 0.426750 0.958446 0.533055 0.483970 0.418024 0.984106 0.664869 0.937431 0.779013 0.544508 0.451159 0.543349 0.465724 0.983103 0.867453 0.826752 0.913603 0.754603 0.808834 0.978761 0.810308 0.323165 0.000000 0.537449 0.531276 0.509276 0.349991 0.815820 0.976324 0.960650 0.922219 0.975313 0.996405 0.924825 0.931135 0.956521 0.964510 0.902159 0.887393 0.887178 0.795660 0.957920 0.995917 0.918520 0.960146 0.947403 0.835701 0.858473 0.792513 0.603908 0.708115 0.723754 0.562463 0.546041 0.498988 0.455528 0.448462 0.728670 0.729599 0.703767 0.598635 0.912825 0.682634 0.789794 0.794079 0.651079 0.597142 0.943574 0.928724 0.951616 0.780380 0.843693 0.898999 0.604087 0.642912 0.707756 0.660709 0.869002 0.915487 0.996570 0.980362 0.946814 0.815738 0.840256 0.812658 0.925841 0.702877 0.747536 0.872806 0.922917 0.986090 0.790722 0.718199 0.702063 0.914128 0.616956 0.697824 0.872440 0.805403 0.925451 0.890109 0.941150 0.810429 0.814799 0.717008 0.790264 0.897213 0.939992 0.963399
0.757225 0.680489 0.704125 0.639436 0.861632 0.891627 0.621443 0.648413 0.996442 0.812406 0.719996 0.845082 0.762708 0.910739 0.863997 0.955481 0.742428 0.680294 0.703780 0.611526 0.877231 0.918371 0.817295 0.946757 0.908080 0.750415 0.981347 0.902048 0.559164 0.537449 0.000000 0.492680 0.586492 0.492099 0.848352 0.771188 0.853889 0.717367 0.995939 0.959432 0.920608 0.932397 0.743134 0.685908 0.784640 0.755458 0.838633 0.762216 0.917152 0.779793 0.785180 0.664198 0.754976 0.704587 0.985269 0.957146 0.661289 0.709929 0.729173 0.598209 0.732308 0.723281 0.701529 0.659957 0.951540 0.831603 0.595185 0.490281 0.977406 0.833401 0.700292 0.693152 0.617504 0.576032 0.882854 0.790124 0.881765 0.696511 0.799120 0.719836 0.769729 0.843922 0.798253 0.765294 0.949664 0.945189 0.946819 0.961243 0.930193 0.956799 0.668994 0.882093 0.753346 0.889068 0.763078 0.899325 0.995425 0.971499 0.723210 0.634262 0.653665 0.894480 0.711644 0.780966 0.789172 0.770910 0.834485 0.903723 0.940974 0.814561 0.859248 0.710968 0.709957 0.889428 0.876454 0.963918
0.842509 0.785320 0.873848 0.678834 0.942347 0.973701 0.772528 0.722802 0.912296 0.842690 0.827619 0.779223 0.901860 0.740470 0.946687 0.830941 0.852566 0.733910 0.569517 0.647627 0.967647 0.736618 0.588221 0.728396 0.997155 0.991039 0.940478 0.843429 0.545557 0.531276 0.492680 0.000000 0.649786 0.631485 0.826031 0.766353 0.882043 0.997634 0.977175 0.846026 0.931306 0.882103 0.860962 0.811743 0.795937 0.823234 0.940856 0.755909 0.928461 0.805432 0.950030 0.860485 0.765471 0.837386 0.951989 0.982078 0.766785 0.878748 0.972950 0.786144 0.880713 0.858803 0.780674 0.791043 0.933113 0.956107 0.899211 0.726760 0.951640 0.866560 0.587745 0.684641 0.658296 0.524991 0.980251 0.892617 0.802551 0.782002 0.982717 0.700135 0.898615 0.901544 0.744235 0.939103 0.871786 0.979701 0.882905 0.880313 0.839073 0.944957 0.760490 0.935290 0.799277 0.991853 0.846213 0.871277 0.954422 0.923004 0.797986 0.712050 0.732458 0.957678 0.758063 0.856368 0.889830 0.814486 0.977274 0.909372 0.991530 0.938818 0.816534 0.832966 0.730475 0.928139 0.891476 0.997118
0.439911 0.538485 0.642244 0.512479 0.923759 0.754336 0.530105 0.550882 0.852784 0.649934 0.594339 0.628001 0.962253 0.871227 0.984193 0.915707 0.550437 0.418123 0.578183 0.487338 0.844707 0.982007 0.826773 0.965986 0.939358 0.993150 0.980428 0.946325 0.579252 0.509276 0.586492 0.649786 0.000000 0.458190 0.747436 0.966771 0.650682 0.704536 0.902579 0.795550 0.792600 0.740421 0.837273 0.727017 0.749126 0.696119 0.601275 0.617839 0.800714 0.720426 0.706755 0.629215 0.742775 0.848588 0.666031 0.707064 0.423316 0.493337 0.474224 0.452721 0.553460 0.624707 0.507549 0.470138 0.970628 0.804117 0.509624 0.558307 0.709767 0.612556 0.814855 0.781523 0.595195 0.665772 0.967660 0.917741 0.846126 0.737716 0.679061 0.787976 0.490358 0.520622 0.655588 0.519387 0.705975 0.840929 0.990817 0.987066 0.914470 0.600808 0.634637 0.908550 0.763796 0.963618 0.972852 0.845829 0.653221 0.917955 0.637243 0.630140 0.732420 0.918980 0.513357 0.616445 0.626768 0.628000 0.966094 0.830355 0.807576 0.661740 0.873509 0.653916 0.707342 0.841954 0.734648 0.959164
0.465474 0.476734 0.803236 0.514584 0.965340 0.718319 0.438299 0.313326 0.907797 0.459196 0.441260 0.394850 0.988114 0.786950 0.930337 0.888280 0.455723 0.400966 0.453222 0.465839 0.996524 0.886512 0.844422 0.958913 0.728960 0.870817 0.855183 0.729034 0.388468 0.349991 0.492099 0.631485 0.458190 0.000000 0.742059 0.982359 0.875990 0.859849 0.987720 0.964210 0.785286 0.842397 0.867347 0.809226 0.702648 0.666393 0.719517 0.641650 0.830881 0.843865 0.873693 0.825671 0.886217 0.973318 0.684043 0.718694 0.535920 0.555760 0.555007 0.471901 0.387507 0.404312 0.348487 0.312286 0.762199 0.730720 0.542011 0.496396 0.829946 0.623707 0.759056 0.742992 0.596288 0.556100 0.919534 0.882864 0.919126 0.675509 0.848710 0.868204 0.494241 0.520018 0.728055 0.562476 0.816259 0.928326 0.998890 0.910503 0.966856 0.715623 0.638969 0.980831 0.742129 0.892837 0.656530 0.915982 0.793045 0.962540 0.555167 0.522238 0.630817 0.935421 0.453858 0.558898 0.699127 0.633504 0.993350 0.939297 0.908777 0.737552 0.835095 0.572887 0.729604 0.802360 0.877331 0.899478
0.717181 0.788797 0.679882 0.800914 0.981706 0.956828 0.856594 0.857532 0.911548 0.940412 0.808353 0.810799 0.905895 0.843611 0.905639 0.989027 0.778956 0.728242 0.823098 0.817666 0.931306 0.962488 0.921429 0.975898 0.900669 0.847787 0.875515 0.983965 0.871534 0.815820 0.848352 0.826031 0.747436 0.742059 0.000000 0.986455 0.849915 0.843132 0.969330 0.932423 0.733696 0.696696 0.902727 0.820450 0.869380 0.832439 0.831421 0.801100 0.843973 0.850795 0.828299 0.841272 0.945430 0.934076 0.838476 0.810628 0.729596 0.715726 0.750709 0.803861 0.828031 0.918451 0.702424 0.700364 0.803329 0.984969 0.717139 0.799049 0.853498 0.821050 0.969184 0.876198 0.856073 0.864042 0.858709 0.802034 0.986367 0.919501 0.932603 0.870023 0.744940 0.836897 0.760295 0.753170 0.857107 0.874938 0.860317 0.922122 0.857640 0.724905 0.996615 0.965304 0.886104 0.987825 0.813009 0.920934 0.983944 0.945159 0.823462 0.825311 0.854550 0.892915 0.767767 0.891578 0.799224 0.706091 0.955621 0.838419 0.985017 0.989876 0.881919 0.905501 0.976702 0.929891 0.943149 0.934828
0.971843 0.988133 0.953750 0.957896 0.870164 0.994524 0.943091 0.977594 0.937428 0.920097 0.999548 0.886633 0.877719 0.960612 0.975813 0.905221 0.928768 0.980955 0.911931 0.986635 0.996080 0.809837 0.923805 0.989289 0.854094 0.838285 0.967600 0.967275 0.901623 0.976324 0.771188 0.766353 0.966771 0.982359 0.986455 0.000000 0.975321 0.956947 0.855209 0.765788 0.966981 0.915108 0.748672 0.812705 0.762654 0.772572 0.931478 0.838882 0.777803 0.704776 0.801856 0.739010 0.682846 0.686710 0.925978 0.947638 0.997900 0.985598 0.996361 0.947146 0.909687 0.898634 0.972316 0.947152 0.974985 0.882356 0.905446 0.832262 0.868027 0.949319 0.843653 0.862062 0.967525 0.849406 0.964466 0.881444 0.856806 0.902964 0.908051 0.887709 0.925950 0.913012 0.957038 0.936124 0.969182 0.888536 0.904712 0.951392 0.795917 0.970464 0.782007 0.794663 0.796331 0.742390 0.845381 0.974121 0.923193 0.833734 0.804623 0.807387 0.870530 0.984459 0.919318 0.909260 0.978923 0.976202 0.938714 0.898779 0.972958 0.917710 0.922422 0.924543 0.856818 0.974315 0.862255 0.954306
0.550519 0.642346 0.551963 0.644277 0.927954 0.966378 0.761751 0.942391 0.984333 0.979629 0.860095 0.982354 0.986734 0.913272 0.879236 0.879735 0.751402 0.658070 0.847157 0.726449 0.918442 0.788343 0.990881 0.917461 0.754996 0.728497 0.800101 0.791873 0.978625 0.960650 0.853889 0.882043 0.650682 0.875990 0.849915 0.975321 0.000000 0.465665 0.801560 0.685039 0.758193 0.618198 0.715613 0.707773 0.892980 0.822005 0.701183 0.715565 0.768327 0.636882 0.593984 0.505820 0.655955 0.729094 0.672621 0.598316 0.547269 0.496168 0.532788 0.663781 0.928035 0.980493 0.835619 0.788098 0.766295 0.921534 0.663301 0.861242 0.581889 0.618036 0.892992 0.785528 0.965715 0.941142 0.962224 0.892595 0.926737 0.739625 0.769691 0.824784 0.679830 0.620725 0.747735 0.574213 0.653396 0.888963 0.954621 0.969187 0.797934 0.543733 0.747397 0.801008 0.723087 0.766849 0.868378 0.843811 0.695909 0.770751 0.779823 0.810400 0.918688 0.843933 0.612507 0.669634 0.582841 0.648202 0.843489 0.626047 0.902409 0.744651 0.984687 0.887686 0.856913 0.964190 0.772162 0.771259
0.689623 0.678956 0.657925 0.790063 0.706670 0.934144 0.814432 0.983977 0.970700 0.927528 0.945951 0.927950 0.934608 0.923583 0.956056 0.853077 0.882064 0.812748 0.890213 0.786533 0.830948 0.763317 0.977714 0.920575 0.732711 0.657214 0.982250 0.786391 0.956413 0.922219 0.717367 0.997634 0.704536 0.859849 0.843132 0.956947 0.465665 0.000000 0.892540 0.771741 0.763103 0.709914 0.682828 0.674998 0.843647 0.803443 0.736480 0.740843 0.766033 0.677042 0.596903 0.518646 0.653661 0.684065 0.821635 0.803517 0.604889 0.651344 0.654421 0.741461 0.975223 0.982569 0.958849 0.928295 0.791641 0.999465 0.676101 0.803326 0.740159 0.807498 0.857800 0.724588 0.937047 0.922290 0.904356 0.976451 0.978170 0.797045 0.821347 0.684304 0.823892 0.806883 0.916814 0.741263 0.854896 0.893922 0.967260 0.947359 0.807167 0.736507 0.803781 0.766121 0.698846 0.727535 0.906829 0.841454 0.702799 0.846913 0.793345 0.804829 0.898007 0.819913 0.800888 0.798514 0.667603 0.657119 0.725931 0.631486 0.939989 0.662118 0.975130 0.915137 0.885277 0.832481 0.777918 0.887686
