0.000000 0.489421 0.775784 0.728352 0.957048 0.971671 0.758215 0.787689 0.861434 0.999993 0.711940 0.697538 0.932039 0.983985 0.905109 0.966805 0.556082 0.519701 0.464499 0.549370 0.871077 0.924786 0.902687 0.965183 0.729143 0.774646 0.939201 0.885643 0.702059 0.800792 0.818055 0.946101 0.648803 0.496320 0.831770 0.962746 0.869480 0.954882 0.828094 0.849626 0.942408 0.833510 0.612381 0.533264 0.994891 0.853484 0.653830 0.693455 0.959300 0.902416 0.927196 0.957937 0.817918 0.681335 0.775518 0.961618 0.406794 0.486369 0.509072 0.619094 0.748602 0.792285 0.713641 0.746361 0.765996 0.755529 0.642447 0.629591 0.650039 0.621998 0.721271 0.819633 0.654491 0.686072 0.998301 0.845553 0.657339 0.719427 0.827700 0.682986 0.572374 0.567882 0.889842 0.723180 0.792090 0.815653 0.769425 0.968537 0.876493 0.720266 0.858997 0.882875 0.874208 0.986676 0.915336 0.777879 0.735168 0.816595 0.897057 0.773676 0.800682 0.942212 0.753570 0.618263 0.840147 0.883324 0.865017 0.977558 0.861233 0.692949 0.721623 0.959043 0.896053 0.989825 0.773656 0.711980
0.489421 0.000000 0.945366 0.771594 0.967708 0.954111 0.914310 0.692374 0.797917 0.822207 0.845382 0.522371 0.861015 0.794561 0.937564 0.742146 0.539089 0.494472 0.557388 0.561860 0.907426 0.946215 0.999713 0.950832 0.866700 0.939347 0.920977 0.895284 0.607395 0.693077 0.733161 0.903556 0.552675 0.482213 0.880924 0.994198 0.775726 0.804181 0.956464 0.873171 0.940274 0.871213 0.564048 0.489342 0.748283 0.659929 0.573407 0.524277 0.803161 0.768868 0.742629 0.835150 0.966398 0.867007 0.729008 0.937715 0.382334 0.359467 0.584979 0.710707 0.691846 0.624542 0.594255 0.525234 0.846880 0.840385 0.704263 0.638341 0.821776 0.535654 0.530648 0.646802 0.765966 0.747118 0.952618 0.901336 0.588723 0.750841 0.630120 0.683649 0.470354 0.557437 0.784514 0.687380 0.850706 0.862502 0.887718 0.983415 0.810226 0.801425 0.863711 0.805877 0.918825 0.865440 0.783288 0.765557 0.686815 0.729123 0.696311 0.743821 0.795364 0.913061 0.686256 0.723745 0.807472 0.814690 0.972793 0.960808 0.899701 0.737822 0.697448 0.835274 0.847674 0.833634 0.724301 0.895070
0.775784 0.945366 0.000000 0.430001 0.944533 0.974564 0.345393 0.669104 0.685547 0.961661 0.898713 0.804802 0.729041 0.854907 0.936244 0.836154 0.908584 0.853820 0.720564 0.902526 0.708720 0.866347 0.776585 0.799197 0.507144 0.577163 0.988515 0.976614 0.805727 0.703443 0.891695 0.967870 0.764728 0.777764 0.698198 0.929511 0.819924 0.991303 0.851083 0.826955 0.998927 0.831796 0.701755 0.845959 0.807466 0.856133 0.694594 0.867276 0.781456 0.976317 0.890795 0.878868 0.923228 0.779300 0.893828 0.870244 0.989192 0.953603 0.562491 0.693335 0.703654 0.960307 0.878366 0.761509 0.405526 0.544976 0.502942 0.566695 0.944335 0.842489 0.987089 0.982021 0.933099 0.948629 0.926738 0.957280 0.812157 0.889178 0.893450 0.958516 0.973232 0.942888 0.860973 0.976634 0.614992 0.755505 0.655573 0.878365 0.716555 0.714908 0.703637 0.660441 0.639190 0.551424 0.932997 0.771527 0.921016 0.936229 0.860181 0.746576 0.705339 0.888768 0.958864 0.935599 0.649779 0.732046 0.976311 0.861742 0.772783 0.986115 0.941902 0.993509 0.984485 0.818685 0.804660 0.711795
0.728352 0.771594 0.430001 0.000000 0.994258 0.896458 0.421157 0.513188 0.799185 0.980584 0.972027 0.978807 0.801075 0.968071 0.964404 0.955051 0.936646 0.964989 0.755859 0.847326 0.754387 0.915087 0.666355 0.638583 0.664522 0.578954 0.995960 0.897598 0.827543 0.746168 0.890877 0.962666 0.693843 0.680500 0.680907 0.920763 0.754344 0.950898 0.767741 0.886560 0.958399 0.806251 0.707649 0.783899 0.902043 0.958594 0.691672 0.770568 0.868200 0.927787 0.764114 0.747503 0.962662 0.776759 0.839152 0.793517 0.856234 0.874294 0.611414 0.701215 0.670627 0.748258 0.949815 0.999277 0.388515 0.398410 0.439703 0.415056 0.959410 0.892762 0.870728 0.788844 0.829088 0.841987 0.902782 0.915207 0.700182 0.750892 0.997099 0.958051 0.813128 0.827640 0.971231 0.875941 0.530661 0.621224 0.802928 0.955020 0.888879 0.602201 0.653996 0.641503 0.613516 0.608195 0.973681 0.709911 0.802674 0.965817 0.685547 0.632562 0.600550 0.802360 0.992950 0.922370 0.550133 0.652071 0.885463 0.774616 0.757225 0.865278 0.871538 0.997579 0.887806 0.876754 0.741689 0.733814
0.957048 0.967708 0.944533 0.994258 0.000000 0.937409 0.855852 0.916589 0.777010 0.921532 0.798333 0.939437 0.695945 0.834157 0.808490 0.892306 0.941402 0.917448 0.995991 0.988437 0.804779 0.749021 0.751447 0.843258 0.982221 0.899671 0.917790 0.946757 0.961838 0.969982 0.951817 0.998328 0.963185 0.978800 0.965599 0.808128 0.975012 0.943463 0.976284 0.971389 0.985467 0.956726 0.878911 0.939377 0.844264 0.950301 0.971267 0.984760 0.977982 0.939128 0.930957 0.960689 0.910210 0.824783 0.885720 0.913340 0.979071 0.946473 0.869832 0.874496 0.717591 0.871529 0.792646 0.919113 0.907393 0.818189 0.906459 0.894031 0.828502 0.935068 0.956257 0.873333 0.932433 0.986321 0.971970 0.959976 0.899611 0.970073 0.880814 0.873049 0.850121 0.813246 0.810451 0.728971 0.683051 0.619074 0.941221 0.738715 0.871539 0.888513 0.951402 0.955557 0.972336 0.956852 0.944716 0.914686 0.850621 0.998627 0.995955 0.945395 0.941386 0.999986 0.909365 0.883725 0.885422 0.937306 0.984290 0.929413 0.986100 0.918428 0.972563 0.950927 0.830085 0.960452 0.871961 0.971238
0.971671 0.954111 0.974564 0.896458 0.937409 0.000000 0.976362 0.977417 0.975601 0.962362 0.949644 0.959877 0.947241 0.897307 0.982349 0.774110 0.851823 0.916904 0.968450 0.966138 0.924181 0.923983 0.804455 0.845083 0.919764 0.868036 0.924038 0.876799 0.911410 0.883914 0.808715 0.943892 0.972180 0.969311 0.841909 0.930048 0.750427 0.914354 0.869159 0.921203 0.862414 0.980092 0.950368 0.885784 0.943932 0.999746 0.926332 0.900136 0.940202 0.980553 0.980869 0.909225 0.956333 0.961175 0.906307 0.826247 0.967101 0.981773 0.827817 0.910030 0.958412 0.967316 0.941546 0.976957 0.939237 0.911669 0.911136 0.855624 0.874970 0.930362 0.788316 0.871590 0.840151 0.787292 0.969546 0.927609 0.948292 0.845297 0.947140 0.930398 0.977173 0.967008 0.984641 0.986999 0.893289 0.876187 0.912888 0.847129 0.839832 0.974511 0.842736 0.895232 0.767937 0.955891 0.872633 0.948753 0.996299 0.899510 0.895444 0.944392 0.832221 0.990903 0.986252 0.957571 0.815366 0.983067 0.971490 0.967352 0.932579 0.972524 0.967564 0.911361 0.996128 0.996868 0.944996 0.954480
0.758215 0.914310 0.345393 0.421157 0.855852 0.976362 0.000000 0.548371 0.646446 0.945928 0.878891 0.918038 0.609227 0.964768 0.946723 0.971394 0.918420 0.909725 0.775470 0.898636 0.754475 0.963588 0.714301 0.816644 0.639574 0.625462 0.973471 0.997730 0.836963 0.746165 0.975999 0.901902 0.733268 0.739935 0.688133 0.966013 0.909151 0.874389 0.905516 0.816600 0.982042 0.930678 0.780225 0.837177 0.838106 0.904184 0.783861 0.862474 0.746616 0.994848 0.861861 0.791683 0.989093 0.843725 0.988412 0.954271 0.983044 0.970343 0.554158 0.636636 0.522386 0.792404 0.980109 0.896180 0.393047 0.439196 0.491079 0.519849 0.913850 0.788952 0.909588 0.922517 0.884916 0.884502 0.953235 0.999291 0.809139 0.891350 0.931373 0.968973 0.855427 0.863157 0.949856 0.914337 0.495768 0.659691 0.745603 0.975250 0.683111 0.626006 0.661028 0.668671 0.725572 0.600267 0.939448 0.816856 0.985774 0.858305 0.802801 0.666305 0.755604 0.803477 0.899144 0.938354 0.614744 0.745805 0.914305 0.937433 0.727901 0.981619 0.876832 0.975278 0.975878 0.812650 0.762890 0.695210
0.787689 0.692374 0.669104 0.513188 0.916589 0.977417 0.548371 0.000000 0.854875 0.712768 0.925056 0.698099 0.672938 0.777830 0.944911 0.817462 0.970725 0.870263 0.876110 0.765054 0.937980 0.959315 0.702303 0.842728 0.970636 0.989799 0.905398 0.965330 0.912348 0.996769 0.993157 0.930852 0.693546 0.598640 0.796052 0.969937 0.913226 0.962138 0.876847 0.917787 0.880276 0.837229 0.830018 0.830558 0.995637 0.944625 0.792247 0.782976 0.909092 0.884349 0.608173 0.523927 0.850723 0.951696 0.856767 0.976044 0.875752 0.773681 0.565609 0.553851 0.464275 0.401738 0.696009 0.621900 0.604787 0.506237 0.606384 0.496874 0.800959 0.985968 0.904139 0.820772 0.810561 0.795066 0.933156 0.966347 0.650109 0.740941 0.853909 0.949227 0.648352 0.871355 0.940312 0.893972 0.640373 0.773573 0.864134 0.974600 0.916607 0.597118 0.614801 0.777410 0.715736 0.787863 0.808345 0.774444 0.704155 0.949636 0.514609 0.490091 0.611914 0.839397 0.756819 0.889319 0.519458 0.642860 0.892526 0.779030 0.764265 0.784146 0.720232 0.832007 0.871353 0.989832 0.668319 0.833961
0.861434 0.797917 0.685547 0.799185 0.777010 0.975601 0.646446 0.854875 0.000000 0.934702 0.997624 0.747918 0.853198 0.875757 0.964463 0.850338 0.670375 0.645475 0.853020 0.764478 0.912629 0.991890 0.720789 0.957838 0.892627 0.773497 0.953347 0.973341 0.717254 0.582929 0.963813 0.752660 0.999913 0.880491 0.772750 0.892789 0.874580 0.943171 0.942949 0.959471 0.904459 0.922558 0.942696 0.850569 0.973128 0.958403 0.906023 0.923532 0.996444 0.938313 0.921931 0.778573 0.809191 0.847983 0.904583 0.853470 0.728980 0.735581 0.970810 0.923580 0.848829 0.995934 0.763132 0.713897 0.712321 0.793112 0.849819 0.848972 0.886424 0.628287 0.830440 0.663537 0.754240 0.824180 0.999132 0.963290 0.901389 0.970902 0.742972 0.768889 0.794264 0.816818 0.883950 0.940781 0.735187 0.865609 0.966993 0.954335 0.707424 0.826932 0.605833 0.633813 0.604667 0.664407 0.880614 0.958358 0.957116 0.887653 0.889263 0.850062 0.957324 0.889785 0.778538 0.899139 0.852363 0.856891 0.918104 0.903235 0.954250 0.847546 0.775501 0.924304 0.901858 0.901399 0.925326 0.889775
0.999993 0.822207 0.961661 0.980584 0.921532 0.962362 0.945928 0.712768 0.934702 0.000000 0.833072 0.892707 0.923127 0.957174 0.876273 0.919561 0.827589 0.865876 0.908804 0.810439 0.791661 0.968040 0.967387 0.851506 0.919706 0.816240 0.808724 0.939364 0.676854 0.761417 0.738994 0.955510 0.739800 0.772817 0.887405 0.997974 0.829294 0.884161 0.728191 0.996500 0.870453 0.906299 0.856209 0.794065 0.722866 0.727300 0.865810 0.821847 0.651659 0.637847 0.615391 0.662678 0.686815 0.764828 0.800563 0.976573 0.860191 0.806992 0.831895 0.820066 0.941160 0.766850 0.843777 0.748451 0.860286 0.837956 0.976696 0.945928 0.952882 0.851370 0.900099 0.878851 0.953948 0.955786 0.836080 0.993859 0.942277 0.833666 0.995878 0.974210 0.847163 0.912135 0.856981 0.963037 0.818671 0.750139 0.819183 0.974147 0.920529 0.781806 0.974643 0.942983 0.865933 0.895814 0.840423 0.797435 0.725444 0.876759 0.705128 0.845240 0.724635 0.982450 0.589582 0.860457 0.846188 0.967408 0.824605 0.972810 0.988627 0.801199 0.790885 0.840205 0.974996 0.839046 0.952848 0.938858
0.711940 0.845382 0.898713 0.972027 0.798333 0.949644 0.878891 0.925056 0.997624 0.833072 0.000000 0.814200 0.849302 0.981022 0.891377 0.881607 0.588825 0.598348 0.632997 0.631958 0.805390 0.998879 0.911696 0.840005 0.992612 0.882068 0.925522 0.837562 0.653575 0.701054 0.788624 0.996230 0.718851 0.653626 0.998113 0.931288 0.987423 0.870271 0.945263 0.938943 0.971984 0.938424 0.972695 0.856893 0.993504 0.981813 0.970645 0.998283 0.987153 0.902515 0.965270 0.855504 0.899391 0.952217 0.979289 0.887511 0.718750 0.816253 0.822930 0.901556 0.811420 0.978554 0.686118 0.837742 0.918773 0.964741 0.942485 0.877958 0.885076 0.786685 0.911745 0.917521 0.577940 0.728100 0.947288 0.794929 0.931471 0.809324 0.844767 0.759935 0.720257 0.758330 0.984194 0.872770 0.982292 0.971011 0.700490 0.973135 0.865610 0.920483 0.666493 0.652186 0.789815 0.714380 0.928022 0.843909 0.933768 0.954173 0.936355 0.990929 0.967103 0.943032 0.885599 0.891271 0.991412 0.833303 0.914326 0.755171 0.979689 0.807762 0.903326 0.955860 0.802267 0.989496 0.951440 0.985364
0.697538 0.522371 0.804802 0.978807 0.939437 0.959877 0.918038 0.698099 0.747918 0.892707 0.814200 0.000000 0.720965 0.545090 0.748225 0.615160 0.567978 0.473315 0.785405 0.560042 0.903560 0.946727 0.934553 0.938675 0.754640 0.764736 0.918585 0.863867 0.517071 0.551804 0.953580 0.834960 0.698509 0.584303 0.962592 0.956983 0.975663 0.934015 0.833486 0.992578 0.908747 0.902007 0.892105 0.723767 0.829772 0.732473 0.873740 0.734443 0.952565 0.975275 0.831210 0.874254 0.968553 0.946486 0.900554 0.906867 0.579504 0.492517 0.800544 0.796023 0.586151 0.473773 0.440923 0.339159 0.955106 0.870308 0.939609 0.779588 0.949399 0.658849 0.769212 0.756504 0.820016 0.835845 0.941790 0.853470 0.686897 0.764967 0.518681 0.696581 0.438921 0.543721 0.639127 0.685060 0.863346 0.844878 0.863080 0.852744 0.712164 0.914963 0.800304 0.666325 0.747011 0.659371 0.796360 0.826428 0.814401 0.775651 0.860900 0.805573 0.927852 0.913895 0.679510 0.849392 0.843534 0.910757 0.955998 0.935239 0.940186 0.686972 0.703914 0.830983 0.918980 0.734018 0.745991 0.959013
0.932039 0.861015 0.729041 0.801075 0.695945 0.947241 0.609227 0.672938 0.853198 0.923127 0.849302 0.720965 0.000000 0.528345 0.547410 0.629575 0.912293 0.852291 0.907315 0.813477 0.908422 0.900227 0.665602 0.796713 0.968563 0.993528 0.947537 0.977863 0.869416 0.880885 0.954419 0.861416 0.761882 0.788238 0.824248 0.996915 0.888985 0.928375 0.864680 0.874294 0.879825 0.968866 0.981212 0.937100 0.981224 0.929273 0.883128 0.841742 0.781313 0.995182 0.860889 0.801919 0.920965 0.879326 0.997486 0.873234 0.989295 0.899179 0.864294 0.817274 0.401201 0.666306 0.688133 0.769232 0.710217 0.720072 0.883372 0.771586 0.700462 0.918191 0.933465 0.940819 0.920884 0.917865 0.959851 0.886298 0.880743 0.928981 0.721995 0.774583 0.683055 0.688258 0.766176 0.769365 0.560813 0.706204 0.901088 0.769528 0.882281 0.932378 0.958063 0.930739 0.916480 0.994070 0.943468 0.920601 0.859209 0.926401 0.896999 0.857395 0.993811 0.840437 0.995010 0.891041 0.817956 0.845600 0.948037 0.821733 0.963734 0.934448 0.961328 0.877614 0.861119 0.955099 0.728178 0.894896
0.983985 0.794561 0.854907 0.968071 0.834157 0.897307 0.964768 0.777830 0.875757 0.957174 0.981022 0.545090 0.528345 0.000000 0.436587 0.410027 0.801037 0.703810 0.937038 0.838125 0.900845 0.949722 0.798866 0.849002 0.825011 0.719151 0.937256 0.995259 0.696675 0.613691 0.934677 0.726629 0.778551 0.758012 0.952828 0.948044 0.953846 0.914737 0.744346 0.926075 0.864494 0.955509 0.995777 0.824363 0.769717 0.710899 0.907890 0.752994 0.974101 0.928473 0.784695 0.799206 0.863181 0.785163 0.943527 0.859694 0.942608 0.829748 0.976951 0.965969 0.556308 0.609521 0.552079 0.535906 0.959248 0.854005 0.994010 0.902805 0.700480 0.901619 0.938336 0.936598 0.992495 0.991315 0.935453 0.862260 0.911624 0.971168 0.656723 0.700718 0.613048 0.634629 0.534375 0.695876 0.723128 0.743127 0.690666 0.732068 0.918904 0.929869 0.867747 0.742486 0.695420 0.783673 0.904817 0.923363 0.902550 0.981141 0.888206 0.931510 0.940175 0.935865 0.903967 0.976777 0.950210 0.970111 0.899843 0.793166 0.872691 0.837833 0.913256 0.757544 0.984813 0.815654 0.777421 0.983436
0.905109 0.937564 0.936244 0.964404 0.808490 0.982349 0.946723 0.944911 0.964463 0.876273 0.891377 0.748225 0.547410 0.436587 0.000000 0.518907 0.882928 0.816741 0.955837 0.977966 0.981813 0.944965 0.676968 0.792380 0.945481 0.872508 0.957279 0.898719 0.783687 0.709427 0.822887 0.597812 0.792450 0.877069 0.927819 0.930846 0.910049 0.867731 0.868130 0.961675 0.918893 0.989117 0.972685 0.868471 0.712931 0.710219 0.809621 0.713478 0.989663 0.876887 0.838458 0.812417 0.812379 0.674631 0.971490 0.971755 0.972201 0.956007 0.847690 0.843767 0.673090 0.796733 0.719310 0.760684 0.899040 0.886058 0.978645 0.914272 0.675780 0.992847 0.863211 0.997419 0.973296 0.969026 0.924176 0.885432 0.977098 0.877905 0.699312 0.777253 0.737593 0.708263 0.569318 0.717186 0.690078 0.672712 0.608596 0.647595 0.996898 0.947148 0.938181 0.857957 0.771200 0.907786 0.943660 0.926268 0.811758 0.969540 0.900664 0.969991 0.934302 0.936897 0.961407 0.963539 0.971723 0.961632 0.893120 0.764513 0.853908 0.969289 0.998961 0.712722 0.936709 0.897652 0.807358 0.872956
0.966805 0.742146 0.836154 0.955051 0.892306 0.774110 0.971394 0.817462 0.850338 0.919561 0.881607 0.615160 0.629575 0.410027 0.518907 0.000000 0.926294 0.779205 0.982736 0.871110 0.897777 0.873519 0.649563 0.643327 0.918751 0.893533 0.951434 0.970731 0.794509 0.755120 0.818928 0.692285 0.833860 0.781242 0.977741 0.947680 0.843563 0.768341 0.897895 0.906787 0.973984 0.916239 0.972688 0.871579 0.712014 0.662790 0.888585 0.663497 0.935066 0.876301 0.772216 0.801613 0.850701 0.781048 0.985894 0.988888 0.867672 0.797812 0.848965 0.929811 0.677299 0.644323 0.631435 0.587709 0.917938 0.809848 0.943141 0.814409 0.711634 0.852940 0.878354 0.801703 0.905309 0.896792 0.950408 0.892580 0.888559 0.939248 0.620209 0.761331 0.659453 0.634366 0.526226 0.680721 0.679958 0.666068 0.653510 0.657731 0.809702 0.952022 0.954619 0.848273 0.807074 0.877209 0.957693 0.909582 0.886107 0.861998 0.866826 0.923883 0.933673 0.995263 0.918580 0.922058 0.903274 0.906581 0.908778 0.903936 0.922848 0.860520 0.922168 0.727340 0.950251 0.809206 0.757700 0.970032
0.556082 0.539089 0.908584 0.936646 0.941402 0.851823 0.918420 0.970725 0.670375 0.827589 0.588825 0.567978 0.912293 0.801037 0.882928 0.926294 0.000000 0.352624 0.554632 0.515905 0.977164 0.906529 0.824106 0.899597 0.988559 0.912601 0.977987 0.904674 0.424942 0.413568 0.731758 0.698562 0.566810 0.556071 0.992651 0.995742 0.982660 0.910362 0.970854 0.949953 0.982531 0.761102 0.762354 0.546418 0.757984 0.689753 0.648986 0.667694 0.794624 0.840105 0.800365 0.951209 0.997041 0.993895 0.836115 0.924381 0.444079 0.497876 0.758646 0.903086 0.822303 0.850390 0.500554 0.547708 0.885883 0.933734 0.946158 0.876455 0.812461 0.519933 0.762383 0.779015 0.553306 0.567802 0.979532 0.892800 0.778199 0.831468 0.617125 0.541434 0.457043 0.548816 0.746964 0.704365 0.990371 0.942892 0.889248 0.954901 0.711460 0.931848 0.597836 0.570082 0.629656 0.684435 0.878328 0.840477 0.851729 0.883704 0.987055 0.961789 0.927153 0.981979 0.707330 0.701139 0.973700 0.859548 0.953676 0.794667 0.970077 0.672379 0.793641 0.882882 0.961309 0.849446 0.879711 0.995737
0.519701 0.494472 0.853820 0.964989 0.917448 0.916904 0.909725 0.870263 0.645475 0.865876 0.598348 0.473315 0.852291 0.703810 0.816741 0.779205 0.352624 0.000000 0.560127 0.459609 0.990738 0.980228 0.884595 0.916940 0.915496 0.862400 0.954385 0.878567 0.426734 0.401125 0.776638 0.735838 0.590799 0.511315 0.959260 0.997220 0.968661 0.911179 0.978961 0.934469 0.967384 0.851943 0.791361 0.564318 0.812784 0.709886 0.727293 0.683701 0.889655 0.872687 0.876872 0.954297 0.916406 0.934542 0.888498 0.973971 0.401218 0.450308 0.761488 0.841380 0.758894 0.727028 0.453495 0.452239 0.876922 0.990302 0.940611 0.834802 0.822477 0.462833 0.690178 0.725369 0.525788 0.586474 0.959571 0.844293 0.712296 0.799145 0.558989 0.515466 0.414075 0.493859 0.702631 0.668622 0.983644 0.905708 0.972917 0.959696 0.677853 0.907557 0.624828 0.510296 0.596596 0.602604 0.794802 0.856480 0.778815 0.802880 0.917462 0.896939 0.875693 0.913858 0.662802 0.761816 0.951309 0.959761 0.998885 0.814137 0.953853 0.642300 0.690523 0.826401 0.967894 0.830171 0.817599 0.974230
0.464499 0.557388 0.720564 0.755859 0.995991 0.968450 0.775470 0.876110 0.853020 0.908804 0.632997 0.785405 0.907315 0.937038 0.955837 0.982736 0.554632 0.560127 0.000000 0.538455 0.798991 0.868218 0.987167 0.944550 0.711375 0.726480 0.999395 0.987003 0.645860 0.759799 0.725288 0.835693 0.568092 0.531272 0.878181 0.986100 0.800016 0.847185 0.879136 0.885576 0.977659 0.746882 0.620600 0.565138 0.915974 0.839182 0.573038 0.721256 0.909120 0.857113 0.878810 0.956986 0.875341 0.792647 0.799764 0.979590 0.462396 0.602880 0.609756 0.797637 0.810425 0.940728 0.661607 0.815439 0.808617 0.834953 0.600149 0.645942 0.679885 0.631463 0.673219 0.761264 0.644954 0.610210 0.972489 0.883483 0.639366 0.769628 0.782217 0.643058 0.599993 0.599289 0.915973 0.745616 0.870553 0.832628 0.684339 0.969059 0.907189 0.782554 0.831041 0.880034 0.918418 0.978895 0.943155 0.782306 0.804042 0.751184 0.940780 0.809348 0.695290 0.965422 0.746248 0.646419 0.790184 0.888202 0.958996 0.974832 0.810956 0.850037 0.721184 0.907881 0.964771 0.951748 0.860842 0.780184
0.549370 0.561860 0.902526 0.847326 0.988437 0.966138 0.898636 0.765054 0.764478 0.810439 0.631958 0.560042 0.813477 0.838125 0.977966 0.871110 0.515905 0.459609 0.538455 0.000000 0.990778 0.975088 0.964454 0.997551 0.955130 0.924563 0.910749 0.806506 0.581677 0.603258 0.854384 0.835405 0.567625 0.549450 0.946353 0.959323 0.891247 0.941621 0.969619 0.952763 0.922827 0.830811 0.769660 0.650450 0.936212 0.904126 0.807579 0.780302 0.930176 0.898109 0.930339 0.937157 0.774756 0.714056 0.931674 0.915863 0.487465 0.457204 0.617953 0.635943 0.731665 0.726247 0.601182 0.580568 0.993735 0.915424 0.832040 0.761770 0.752855 0.564837 0.682766 0.713603 0.636378 0.752703 0.955214 0.851978 0.660444 0.686734 0.707886 0.589429 0.518533 0.591024 0.917327 0.808710 0.960389 0.998344 0.742915 0.898114 0.713100 0.799387 0.739866 0.691244 0.814770 0.720455 0.805285 0.798539 0.776198 0.854140 0.956735 0.843708 0.745800 0.977635 0.657815 0.755543 0.731483 0.877329 0.967591 0.954281 0.976709 0.648116 0.612420 0.938959 0.932482 0.845644 0.780445 0.849368
0.871077 0.907426 0.708720 0.754387 0.804779 0.924181 0.754475 0.937980 0.912629 0.791661 0.805390 0.903560 0.908422 0.900845 0.981813 0.897777 0.977164 0.990738 0.798991 0.990778 0.000000 0.973417 0.883551 0.853024 0.784376 0.655097 0.969797 0.845533 0.960979 0.928676 0.923682 0.959517 0.903194 0.907069 0.829962 0.925827 0.886964 0.905857 0.775079 0.933672 0.986471 0.920634 0.993356 0.996881 0.854705 0.796955 0.902935 0.909810 0.785122 0.751025 0.840184 0.803018 0.742546 0.833352 0.956020 0.881521 0.994974 0.872847 0.960097 0.887518 0.962389 0.838992 0.970548 0.819529 0.785329 0.779865 0.758634 0.782012 0.906505 0.996098 0.991766 0.984024 0.869155 0.885476 0.861762 0.859504 0.880618 0.930982 0.968522 0.856905 0.986756 0.948530 0.944982 0.996177 0.821870 0.738268 0.860934 0.972952 0.979412 0.929858 0.885132 0.968086 0.971810 0.911087 0.851991 0.964694 0.923695 0.967827 0.816905 0.997200 0.930906 0.919851 0.855184 0.913250 0.898118 0.986760 0.950938 0.990449 0.933422 0.997661 0.984777 0.857236 0.974992 0.970853 0.943192 0.960965
0.924786 0.946215 0.866347 0.915087 0.749021 0.923983 0.963588 0.959315 0.991890 0.968040 0.998879 0.946727 0.900227 0.949722 0.944965 0.873519 0.906529 0.980228 0.868218 0.975088 0.973417 0.000000 0.930791 0.981618 0.870838 0.967859 0.952007 0.906781 0.838916 0.923300 0.880183 0.885752 0.847739 0.900243 0.881986 0.851696 0.851103 0.831676 0.879038 0.870770 0.982551 0.880875 0.787548 0.869307 0.953876 0.911356 0.767236 0.967764 0.911563 0.859833 0.860038 0.971627 0.873789 0.994734 0.985430 0.943340 0.993198 0.994793 0.919656 0.964795 0.919562 0.839009 0.953703 0.967327 0.956526 0.959900 0.923008 0.905059 0.983800 0.986262 0.947833 0.923671 0.926788 0.864150 0.959450 0.858363 0.976250 0.953312 0.980612 0.960135 0.973195 0.972841 0.996143 0.932898 0.891251 0.924079 0.776162 0.835368 0.971889 0.922535 0.945690 0.969357 0.908613 0.900385 0.981327 0.934054 0.863705 0.985836 0.883469 0.948457 0.955129 0.919495 0.921021 0.702674 0.901872 0.890500 0.808619 0.950622 0.973504 0.816425 0.917919 0.981886 0.943991 0.994811 0.975271 0.932620
0.902687 0.999713 0.776585 0.666355 0.751447 0.804455 0.714301 0.702303 0.720789 0.967387 0.911696 0.934553 0.665602 0.798866 0.676968 0.649563 0.824106 0.884595 0.987167 0.964454 0.883551 0.930791 0.000000 0.454688 0.846509 0.776332 0.856402 0.896325 0.895587 0.872484 0.772947 0.795864 0.832556 0.844619 0.788514 0.896423 0.615378 0.793442 0.935611 0.967792 0.872099 0.988353 0.914078 0.976077 0.754411 0.778480 0.801621 0.771150 0.922732 0.826184 0.728775 0.730565 0.799610 0.814332 0.999563 0.806944 0.948646 0.946837 0.915191 0.945340 0.680247 0.754710 0.864736 0.907684 0.635100 0.607506 0.700283 0.616178 0.752080 0.864435 0.969097 0.878568 0.769374 0.788317 0.947806 0.991977 0.970987 0.827368 0.903996 0.966990 0.798562 0.776204 0.678404 0.761541 0.447597 0.499411 0.862227 0.633923 0.944681 0.705714 0.728624 0.813752 0.797059 0.840030 0.878094 0.818624 0.997205 0.947616 0.767405 0.697247 0.683045 0.882150 0.989667 0.944600 0.622533 0.745304 0.881138 0.943851 0.886101 0.972500 0.995697 0.852417 0.938976 0.820385 0.762298 0.898717
0.965183 0.950832 0.799197 0.638583 0.843258 0.845083 0.816644 0.842728 0.957838 0.851506 0.840005 0.938675 0.796713 0.849002 0.792380 0.643327 0.899597 0.916940 0.944550 0.997551 0.853024 0.981618 0.454688 0.000000 0.751633 0.749194 0.790774 0.937876 0.877349 0.882630 0.817616 0.748699 0.885549 0.859683 0.923797 0.855110 0.694955 0.765330 0.907728 0.941586 0.975380 0.924304 0.892804 0.927096 0.886723 0.843959 0.747660 0.791675 0.971906 0.904078 0.767419 0.902594 0.951185 0.978366 0.881515 0.875947 0.951819 0.987543 0.907563 0.870716 0.843312 0.877711 0.903960 0.965677 0.636274 0.604587 0.710582 0.635599 0.889525 0.934548 0.952778 0.801415 0.791088 0.827928 0.950364 0.868009 0.920479 0.898137 0.877530 0.872418 0.792743 0.715459 0.705448 0.736971 0.490680 0.478005 0.835436 0.609519 0.973627 0.804599 0.834497 0.821165 0.854451 0.792664 0.814158 0.925321 0.984927 0.866286 0.964221 0.894935 0.684608 0.960835 0.966404 0.964918 0.743452 0.761527 0.969107 0.909113 0.879719 0.911763 0.989453 0.975127 0.846303 0.791220 0.850052 0.737075
0.729143 0.866700 0.507144 0.664522 0.982221 0.919764 0.639574 0.970636 0.892627 0.919706 0.992612 0.754640 0.968563 0.825011 0.945481 0.918751 0.988559 0.915496 0.711375 0.955130 0.784376 0.870838 0.846509 0.751633 0.000000 0.519246 0.845073 0.934598 0.858382 0.831538 0.684416 0.923189 0.851517 0.823723 0.738351 0.940574 0.712688 0.792705 0.729325 0.844345 0.895368 0.967052 0.542850 0.680039 0.947660 0.870131 0.614718 0.671863 0.895428 0.794198 0.904373 0.961285 0.972141 0.883609 0.839985 0.723855 0.835831 0.977012 0.735214 0.924135 0.972764 0.828459 0.820554 0.682927 0.527597 0.743268 0.563341 0.701822 0.842161 0.950013 0.851352 0.881999 0.897574 0.890288 0.910498 0.986007 0.887570 0.911880 0.960167 0.935704 0.975675 0.830646 0.986152 0.889561 0.698045 0.765908 0.782760 0.995274 0.873543 0.857982 0.941867 0.815055 0.794299 0.712756 0.927852 0.788083 0.991513 0.955323 0.943831 0.999444 0.739907 0.983555 0.966229 0.856484 0.884107 0.906548 0.974311 0.969639 0.888028 0.944022 0.971871 0.936656 0.938928 0.962986 0.942553 0.717119
0.774646 0.939347 0.577163 0.578954 0.899671 0.868036 0.625462 0.989799 0.773497 0.816240 0.882068 0.764736 0.993528 0.719151 0.872508 0.893533 0.912601 0.862400 0.726480 0.924563 0.655097 0.967859 0.776332 0.749194 0.519246 0.000000 0.843333 0.845999 0.777033 0.687685 0.770016 0.969860 0.844392 0.859452 0.844978 0.887371 0.709669 0.886675 0.693994 0.901223 0.866836 0.876011 0.746365 0.852437 0.952181 0.982760 0.735623 0.848262 0.887448 0.984623 0.991777 0.998553 0.953108 0.894381 0.852215 0.745407 0.903404 0.951673 0.899000 0.958220 0.983728 0.816258 0.828564 0.669129 0.539634 0.692205 0.529965 0.639915 0.892210 0.851280 0.822919 0.927132 0.998137 0.948497 0.840260 0.953303 0.975595 0.923026 0.868988 0.959391 0.947982 0.908142 0.983456 0.969005 0.670453 0.651035 0.739894 0.965879 0.882234 0.792767 0.837896 0.687859 0.749372 0.676073 0.831740 0.884413 0.959945 0.968406 0.944729 0.862151 0.794661 0.932746 0.752554 0.969787 0.866732 0.898348 0.841119 0.987738 0.869236 0.900682 0.912520 0.906487 0.989515 0.907857 0.846073 0.835504
0.939201 0.920977 0.988515 0.995960 0.917790 0.924038 0.973471 0.905398 0.953347 0.808724 0.925522 0.918585 0.947537 0.937256 0.957279 0.951434 0.977987 0.954385 0.999395 0.910749 0.969797 0.952007 0.856402 0.790774 0.845073 0.843333 0.000000 0.984316 0.817917 0.932074 0.970691 0.889092 0.876170 0.968397 0.859049 0.876084 0.920880 0.875065 0.794708 0.967775 0.865557 0.948784 0.971021 0.955299 0.956897 0.983977 0.951345 0.977241 0.991837 0.986592 0.924013 0.862157 0.934726 0.953951 0.997169 0.939098 0.979129 0.917415 0.880711 0.848047 0.947937 0.917829 0.960533 0.897036 0.914101 0.901474 0.975785 0.983394 0.955418 0.995672 0.981559 0.994045 0.902417 0.974638 0.957220 0.923432 0.946734 0.982407 0.975859 0.896116 0.988707 0.878739 0.862809 0.923617 0.805409 0.774506 0.986508 0.791390 0.846075 0.979851 0.938222 0.912720 0.974020 0.854701 0.923759 0.840987 0.931350 0.761520 0.967257 0.970423 0.873002 0.862388 0.966452 0.961772 0.896360 0.932163 0.926276 0.916971 0.886320 0.983532 0.926520 0.946161 0.942621 0.933063 0.934664 0.834578
0.885643 0.895284 0.976614 0.897598 0.946757 0.876799 0.997730 0.965330 0.973341 0.939364 0.837562 0.863867 0.977863 0.995259 0.898719 0.970731 0.904674 0.878567 0.987003 0.806506 0.845533 0.906781 0.896325 0.937876 0.934598 0.845999 0.984316 0.000000 0.952540 0.956905 0.933070 0.959150 0.963400 0.929742 0.864066 0.959704 0.857936 0.882682 0.936585 0.817084 0.894909 0.926187 0.995453 0.935847 0.879219 0.943942 0.883531 0.992881 0.894372 0.892791 0.905896 0.859760 0.888505 0.835476 0.902037 0.907434 0.871343 0.899995 0.812734 0.814848 0.906193 0.881889 0.981394 0.885838 0.869328 0.968383 0.862346 0.959799 0.774432 0.913082 0.989772 0.948007 0.874667 0.944248 0.989239 0.986096 0.994192 0.904167 0.883161 0.898413 0.840373 0.871024 0.923525 0.998684 0.977086 0.890412 0.971339 0.990330 0.868249 0.962450 0.899071 0.883618 0.883190 0.949743 0.958501 0.983307 0.950384 0.866611 0.904163 0.904122 0.883799 0.909978 0.916810 0.930167 0.932999 0.942860 0.939980 0.906726 0.989447 0.907140 0.867862 0.998760 0.953686 0.887571 0.994656 0.818610
0.702059 0.607395 0.805727 0.827543 0.961838 0.911410 0.836963 0.912348 0.717254 0.676854 0.653575 0.517071 0.869416 0.696675 0.783687 0.794509 0.424942 0.426734 0.645860 0.581677 0.960979 0.838916 0.895587 0.877349 0.858382 0.777033 0.817917 0.952540 0.000000 0.364963 0.687147 0.696734 0.585455 0.569399 0.974688 0.831010 0.926719 0.861647 0.754150 0.963730 0.895832 0.827685 0.817015 0.610926 0.685613 0.602318 0.733397 0.711747 0.743592 0.793905 0.719989 0.902006 0.880576 0.817356 0.899040 0.873411 0.590336 0.603559 0.870557 0.959799 0.815867 0.793846 0.470313 0.481422 0.783754 0.826943 0.991240 0.917897 0.964801 0.545499 0.867701 0.855439 0.606534 0.615533 0.927218 0.848063 0.792330 0.871507 0.631117 0.647241 0.506960 0.697540 0.779805 0.776483 0.882109 0.945907 0.963564 0.921162 0.706040 0.958144 0.596498 0.531150 0.621721 0.591590 0.831939 0.854856 0.884186 0.803788 0.924762 0.972820 0.922114 0.942279 0.628012 0.742109 0.947838 0.887822 0.885659 0.792587 0.891119 0.708728 0.750399 0.772394 0.975651 0.777204 0.853365 0.896121
0.800792 0.693077 0.703443 0.746168 0.969982 0.883914 0.746165 0.996769 0.582929 0.761417 0.701054 0.551804 0.880885 0.613691 0.709427 0.755120 0.413568 0.401125 0.759799 0.603258 0.928676 0.923300 0.872484 0.882630 0.831538 0.687685 0.932074 0.956905 0.364963 0.000000 0.732736 0.610183 0.653475 0.646581 0.909962 0.902921 0.950867 0.896949 0.875653 0.949638 0.986667 0.879884 0.901012 0.661697 0.721658 0.661489 0.793018 0.754680 0.798888 0.858272 0.815649 0.966275 0.937230 0.841693 0.926132 0.867598 0.645751 0.637469 0.989605 0.949437 0.869902 0.823482 0.466835 0.485728 0.683796 0.765286 0.869861 0.963254 0.964143 0.558666 0.912432 0.812211 0.642448 0.669301 0.994669 0.837745 0.899350 0.920929 0.622553 0.565717 0.519648 0.625429 0.676544 0.732919 0.872513 0.955958 0.971986 0.882984 0.666219 0.879073 0.534598 0.439986 0.516719 0.522811 0.810056 0.901545 0.931472 0.843173 0.979110 0.893511 0.987997 0.895769 0.625029 0.842824 0.934431 0.794960 0.874970 0.742261 0.865229 0.692514 0.768674 0.831980 0.999168 0.803076 0.933291 0.827752
0.818055 0.733161 0.891695 0.890877 0.951817 0.808715 0.975999 0.993157 0.963813 0.738994 0.788624 0.953580 0.954419 0.934677 0.822887 0.818928 0.731758 0.776638 0.725288 0.854384 0.923682 0.880183 0.772947 0.817616 0.684416 0.770016 0.970691 0.933070 0.687147 0.732736 0.000000 0.563281 0.584608 0.673599 0.831677 0.966148 0.649129 0.746387 0.980719 0.912321 0.905490 0.928291 0.629127 0.616989 0.556326 0.601535 0.554567 0.568037 0.603952 0.671343 0.667878 0.903762 0.809765 0.787023 0.729029 0.790782 0.687245 0.760299 0.976332 0.922333 0.962530 0.968935 0.793915 0.889502 0.938707 0.963953 0.783103 0.806844 0.974319 0.751355 0.770100 0.757078 0.782174 0.793955 0.932881 0.828354 0.912977 0.872853 0.873110 0.714942 0.707365 0.698436 0.726484 0.718064 0.845387 0.812593 0.901169 0.721171 0.833095 0.895248 0.829988 0.858166 0.925564 0.918046 0.964196 0.761056 0.882897 0.869299 0.801473 0.975050 0.804620 0.942283 0.885188 0.934498 0.968853 0.928361 0.889803 0.933134 0.945249 0.826952 0.951305 0.753823 0.970223 0.929891 0.920384 0.942432
0.946101 0.903556 0.967870 0.962666 0.998328 0.943892 0.901902 0.930852 0.752660 0.955510 0.996230 0.834960 0.861416 0.726629 0.597812 0.692285 0.698562 0.735838 0.835693 0.835405 0.959517 0.885752 0.795864 0.748699 0.923189 0.969860 0.889092 0.959150 0.696734 0.610183 0.563281 0.000000 0.655311 0.797041 0.937839 0.964063 0.824765 0.740905 0.927671 0.868953 0.934606 0.772853 0.811232 0.737981 0.669061 0.699140 0.668135 0.699757 0.803567 0.807946 0.759871 0.948546 0.891684 0.830767 0.796295 0.908695 0.793463 0.820312 0.854848 0.840455 0.962895 0.996166 0.733563 0.783897 0.956423 0.950383 0.946451 0.875240 0.961380 0.813557 0.953660 0.700601 0.882541 0.816348 0.886440 0.935415 0.987613 0.923922 0.755929 0.613348 0.687759 0.680169 0.603273 0.641079 0.870265 0.793262 0.892111 0.617162 0.778467 0.998883 0.816482 0.822389 0.761558 0.892609 0.999198 0.912080 0.984711 0.763067 0.887857 0.999184 0.871896 0.883540 0.835477 0.942947 0.953628 0.994690 0.884575 0.930209 0.916750 0.838809 0.911040 0.696020 0.950957 0.803859 0.954334 0.918629
0.648803 0.552675 0.764728 0.693843 0.963185 0.972180 0.733268 0.693546 0.999913 0.739800 0.718851 0.698509 0.761882 0.778551 0.792450 0.833860 0.566810 0.590799 0.568092 0.567625 0.903194 0.847739 0.832556 0.885549 0.851517 0.844392 0.876170 0.963400 0.585455 0.653475 0.584608 0.655311 0.000000 0.482728 0.769833 0.993186 0.786880 0.881159 0.998865 0.924348 0.976912 0.741378 0.635941 0.528338 0.718281 0.677657 0.557700 0.541743 0.804097 0.738356 0.630650 0.741928 0.849254 0.940795 0.810272 0.909314 0.559675 0.550439 0.656274 0.770595 0.652600 0.750945 0.568792 0.639641 0.799660 0.827618 0.646105 0.588736 0.960437 0.794547 0.813215 0.762883 0.838745 0.869886 0.900729 0.880577 0.702026 0.766645 0.780111 0.632816 0.504498 0.612099 0.754940 0.690242 0.759809 0.790154 0.794671 0.882572 0.914801 0.702554 0.927101 0.890804 0.944309 0.954614 0.837386 0.778681 0.902393 0.879718 0.678934 0.728505 0.761766 0.882745 0.774256 0.756664 0.726070 0.923377 0.898599 0.941169 0.990009 0.775461 0.816480 0.832838 0.953469 0.931411 0.680719 0.961806
0.496320 0.482213 0.777764 0.680500 0.978800 0.969311 0.739935 0.598640 0.880491 0.772817 0.653626 0.584303 0.788238 0.758012 0.877069 0.781242 0.556071 0.511315 0.531272 0.549450 0.907069 0.900243 0.844619 0.859683 0.823723 0.859452 0.968397 0.929742 0.569399 0.646581 0.673599 0.797041 0.482728 0.000000 0.831825 0.982690 0.765934 0.835455 0.964961 0.904449 0.993886 0.820302 0.615000 0.505514 0.796345 0.694539 0.564452 0.527869 0.859754 0.813358 0.648292 0.846599 0.963074 0.914001 0.852014 0.926069 0.495070 0.517797 0.599734 0.710245 0.636548 0.640863 0.562160 0.572601 0.779583 0.752252 0.608079 0.549546 0.894974 0.669376 0.712505 0.721529 0.699193 0.725998 0.916016 0.901996 0.660612 0.658209 0.729789 0.653566 0.475231 0.568565 0.770427 0.694581 0.751018 0.769485 0.798822 0.935513 0.867012 0.751532 0.880092 0.822300 0.916546 0.916944 0.813353 0.670098 0.750256 0.837753 0.715468 0.689131 0.680319 0.930239 0.664939 0.704026 0.696791 0.881731 0.936853 0.909292 0.808620 0.635422 0.756667 0.763839 0.859414 0.846637 0.676361 0.822324
0.831770 0.880924 0.698198 0.680907 0.965599 0.841909 0.688133 0.796052 0.772750 0.887405 0.998113 0.962592 0.824248 0.952828 0.927819 0.977741 0.992651 0.959260 0.878181 0.946353 0.829962 0.881986 0.788514 0.923797 0.738351 0.844978 0.859049 0.864066 0.974688 0.909962 0.831677 0.937839 0.769833 0.831825 0.000000 0.906791 0.690479 0.933006 0.927875 0.980307 0.970197 0.930838 0.679825 0.722684 0.817562 0.807062 0.780290 0.774219 0.834156 0.674067 0.725748 0.714022 0.781966 0.925018 0.825847 0.781008 0.893298 0.849751 0.762673 0.832347 0.729850 0.777272 0.960618 0.996060 0.646397 0.716384 0.686666 0.687700 0.989445 0.926397 0.917970 0.993730 0.897783 0.903540 0.978676 0.920643 0.793459 0.774334 0.955854 0.958460 0.901249 0.880301 0.899425 0.797484 0.717594 0.785672 0.967350 0.947406 0.861817 0.759682 0.819834 0.843161 0.799315 0.787503 0.976652 0.743282 0.974298 0.881838 0.834225 0.896787 0.902518 0.702379 0.970737 0.836663 0.830679 0.966993 0.885928 0.957311 0.890653 0.967639 0.990919 0.958673 0.836284 0.967180 0.800207 0.999806
0.962746 0.994198 0.929511 0.920763 0.808128 0.930048 0.966013 0.969937 0.892789 0.997974 0.931288 0.956983 0.996915 0.948044 0.930846 0.947680 0.995742 0.997220 0.986100 0.959323 0.925827 0.851696 0.896423 0.855110 0.940574 0.887371 0.876084 0.959704 0.831010 0.902921 0.966148 0.964063 0.993186 0.982690 0.906791 0.000000 0.911482 0.984526 0.890924 0.972726 0.946020 0.955295 0.992725 0.915891 0.901575 0.886083 0.965243 0.989606 0.877709 0.904584 0.997558 0.961315 0.979544 0.987756 0.868065 0.968443 0.906368 0.985477 0.968467 0.975105 0.955782 0.956823 0.954456 0.923541 0.918128 0.961670 0.958807 0.970771 0.942791 0.938472 0.904164 0.927196 0.981700 0.945063 0.936735 0.905943 0.882614 0.879876 0.876574 0.963219 0.984653 0.890923 0.881106 0.826518 0.845302 0.869425 0.919910 0.795297 0.843330 0.796424 0.974872 0.996613 0.971570 0.994262 0.984370 0.925417 0.911112 0.953310 0.993549 0.975393 0.913391 0.885382 0.958435 0.960240 0.973796 0.906483 0.886372 0.929688 0.966529 0.987990 0.920225 0.952432 0.997174 0.900175 0.908774 0.885678
0.869480 0.775726 0.819924 0.754344 0.975012 0.750427 0.909151 0.913226 0.874580 0.829294 0.987423 0.975663 0.888985 0.953846 0.910049 0.843563 0.982660 0.968661 0.800016 0.891247 0.886964 0.851103 0.615378 0.694955 0.712688 0.709669 0.920880 0.857936 0.926719 0.950867 0.649129 0.824765 0.786880 0.765934 0.690479 0.911482 0.000000 0.620447 0.880735 0.970114 0.991275 0.913337 0.679777 0.772627 0.694466 0.664090 0.665234 0.658872 0.702476 0.599692 0.750274 0.784695 0.838262 0.845031 0.738255 0.652010 0.816623 0.794664 0.991512 0.971140 0.942269 0.949914 0.972193 0.990609 0.763440 0.901692 0.754170 0.684412 0.997826 0.913611 0.728083 0.755468 0.983680 0.925453 0.891070 0.938056 0.958696 0.719780 0.921896 0.941497 0.907667 0.850364 0.911419 0.826481 0.808892 0.825373 0.883688 0.861517 0.859894 0.827848 0.933976 0.942294 0.795177 0.979517 0.968333 0.806825 0.829781 0.851768 0.717152 0.817974 0.671272 0.918806 0.878493 0.913356 0.828242 0.856483 0.890658 0.931827 0.960700 0.883325 0.987924 0.838728 0.992019 0.878306 0.785914 0.987810
0.954882 0.804181 0.991303 0.950898 0.943463 0.914354 0.874389 0.962138 0.943171 0.884161 0.870271 0.934015 0.928375 0.914737 0.867731 0.768341 0.910362 0.911179 0.847185 0.941621 0.905857 0.831676 0.793442 0.765330 0.792705 0.886675 0.875065 0.882682 0.861647 0.896949 0.746387 0.740905 0.881159 0.835455 0.933006 0.984526 0.620447 0.000000 0.954569 0.986098 0.901921 0.814598 0.597393 0.685249 0.582701 0.574570 0.642540 0.597948 0.617272 0.606454 0.717496 0.856593 0.761870 0.794165 0.840486 0.823497 0.840111 0.896004 0.913122 0.799939 0.917708 0.953230 0.986262 0.941934 0.863555 0.983640 0.848589 0.859276 0.898718 0.776366 0.767096 0.637598 0.916134 0.845510 0.995213 0.898497 0.948257 0.960767 0.739243 0.916332 0.905194 0.849664 0.817417 0.777315 0.944175 0.819001 0.952697 0.849504 0.763077 0.972487 0.933929 0.993239 0.972712 0.955850 0.971847 0.791990 0.837983 0.783816 0.854837 0.905474 0.734277 0.960838 0.852098 0.786057 0.958266 0.813783 0.906168 0.930476 0.825359 0.887056 0.864520 0.786466 0.911069 0.838690 0.841012 0.848248
