0.000000 0.299094 0.877128 0.710191 0.968356 0.751205 0.949907 0.867657 0.783505 0.722231 0.517220 0.381507 0.474323 0.462934 0.734383 0.648071 0.413729 0.333211 0.474530 0.362564 0.891420 0.713743 0.833086 0.702721 0.739119 0.934257 0.718071 0.901985 0.805063 0.627580 0.756954 0.966467 0.885338 0.819658 0.929843 0.947679 0.803175 0.577740 0.834928 0.655013 0.803119 0.993472 0.960873 0.847213 0.927171 0.876399 0.729821 0.704342 0.826226 0.543966 0.788664 0.619058 0.962872 0.730520 0.622354 0.748836 0.336975 0.319412 0.537881 0.492341 0.845130 0.944886 0.575527 0.507329 0.806655 0.903942 0.990341 0.998611 0.366939 0.431062 0.819976 0.775012 0.796917 0.944972 0.821805 0.738703 0.937757 0.895437 0.808273 0.607996 0.350222 0.314707 0.526101 0.398938 0.563208 0.606990 0.619976 0.708930 0.708169 0.535683 0.842291 0.857609 0.930327 0.996016 0.841748 0.997832 0.884246 0.963684 0.993325 0.880256 0.756569 0.887547 0.948377 0.977509 0.941943 0.987580 0.887956 0.829723 0.960636 0.846413 0.997709 0.872885 0.915052 0.925392 0.898613 0.932394
0.299094 0.000000 0.776349 0.615704 0.919890 0.832674 0.872225 0.813849 0.835694 0.726783 0.610684 0.398703 0.430250 0.420509 0.667312 0.531119 0.411935 0.340265 0.461552 0.352690 0.862610 0.734732 0.688080 0.598847 0.643785 0.981830 0.666758 0.907170 0.757990 0.612014 0.827263 0.960869 0.843954 0.783470 0.878829 0.967119 0.832244 0.576440 0.766271 0.633467 0.853500 0.924574 0.879748 0.769730 0.974534 0.832174 0.663938 0.645161 0.810539 0.490610 0.721741 0.530375 0.895925 0.747225 0.590658 0.757781 0.283523 0.241928 0.507993 0.377654 0.745754 0.849052 0.570623 0.464001 0.703704 0.803273 0.914697 0.924523 0.431294 0.441890 0.825684 0.775174 0.801154 0.987673 0.843559 0.828210 0.917237 0.953323 0.751601 0.645677 0.362414 0.334218 0.460758 0.413696 0.445362 0.486346 0.634728 0.608149 0.664409 0.522106 0.804612 0.793856 0.969863 0.922817 0.764976 0.970211 0.904617 0.988838 0.952129 0.905634 0.763145 0.839817 0.948710 0.954353 0.882198 0.935462 0.967759 0.858663 0.894030 0.804870 0.898136 0.928079 0.997783 0.879117 0.754236 0.907802
0.877128 0.776349 0.000000 0.303732 0.692728 0.918102 0.335815 0.403219 0.527790 0.986068 0.956968 0.864793 0.612647 0.809924 0.755472 0.731516 0.931294 0.953025 0.723756 0.823337 0.797083 0.937477 0.444769 0.497303 0.408453 0.423874 0.848702 0.906207 0.856000 0.860732 0.619569 0.775290 0.527368 0.626666 0.612594 0.765365 0.593583 0.742749 0.738915 0.963587 0.857650 0.961628 0.798045 0.782184 0.785888 0.823231 0.757515 0.823219 0.791850 0.978745 0.947094 0.979329 0.926109 0.943103 0.722710 0.958015 0.842041 0.890943 0.772038 0.805700 0.361421 0.476356 0.922387 0.977003 0.302772 0.276587 0.448081 0.472187 0.777555 0.937699 0.682464 0.673566 0.813098 0.785381 0.997650 0.815120 0.818437 0.737738 0.988695 0.998991 0.939306 0.973460 0.835631 0.951640 0.525230 0.439822 0.793789 0.871664 0.680588 0.714878 0.721322 0.950442 0.595273 0.897011 0.765614 0.983143 0.847292 0.905781 0.847162 0.819522 0.806377 0.951556 0.831029 0.894659 0.574181 0.831866 0.956444 0.879691 0.740963 0.803229 0.767263 0.892974 0.897026 0.958850 0.758983 0.961748
0.710191 0.615704 0.303732 0.000000 0.673255 0.986829 0.447827 0.389178 0.634294 0.950918 0.895575 0.663157 0.487498 0.629878 0.625159 0.529215 0.910572 0.871689 0.558348 0.631048 0.847595 0.834486 0.345237 0.381643 0.410598 0.537975 0.700621 0.910652 0.972172 0.980840 0.741543 0.756347 0.620076 0.665393 0.624156 0.773863 0.585073 0.689701 0.714841 0.841376 0.869522 0.978050 0.789903 0.732186 0.856089 0.798064 0.721606 0.708241 0.885473 0.859541 0.975190 0.857616 0.892768 0.983745 0.699981 0.985393 0.714260 0.718843 0.669514 0.680256 0.428821 0.486747 0.996000 0.819502 0.303287 0.331614 0.503741 0.560757 0.654616 0.832098 0.646526 0.732795 0.897454 0.873911 0.992184 0.822524 0.770116 0.776755 0.873976 0.882036 0.856682 0.815672 0.715853 0.789959 0.447802 0.385957 0.675818 0.789549 0.608220 0.621345 0.783880 0.949733 0.654698 0.895802 0.759285 0.979975 0.791136 0.879044 0.828945 0.778868 0.873187 0.920272 0.892858 0.822391 0.556233 0.708536 0.981927 0.860123 0.716444 0.702758 0.803702 0.836498 0.927870 0.971507 0.725577 0.997640
0.968356 0.919890 0.692728 0.673255 0.000000 0.887133 0.760515 0.781047 0.755324 0.954270 0.931073 0.935479 0.749347 0.952175 0.752674 0.866809 0.888600 0.921125 0.926658 0.901942 0.925090 0.989916 0.590493 0.663001 0.672744 0.671895 0.670406 0.874789 0.913494 0.858763 0.841165 0.961093 0.878948 0.946941 0.936408 0.891998 0.825229 0.936995 0.927665 0.915103 0.919682 0.909265 0.969542 0.980995 0.960250 0.916259 0.949751 0.948929 0.815338 0.909523 0.931629 0.987155 0.864825 0.990320 0.983630 0.996465 0.987580 0.972314 0.961323 0.988213 0.770710 0.823086 0.927333 0.964117 0.639042 0.697424 0.749151 0.840721 0.876484 0.948883 0.758393 0.950663 0.918488 0.989626 0.971097 0.939172 0.928685 0.973691 0.873234 0.994818 0.930618 0.939677 0.872871 0.969891 0.718677 0.689152 0.841572 0.816665 0.935251 0.866284 0.894455 0.998215 0.790325 0.912587 0.852317 0.993041 0.916104 0.885408 0.999022 0.988708 0.962271 0.907981 0.825674 0.832482 0.867962 0.788075 0.991582 0.930059 0.996306 0.872190 0.883218 0.962817 0.909716 0.891576 0.964030 0.893660
0.751205 0.832674 0.918102 0.986829 0.887133 0.000000 0.822291 0.762432 0.822173 0.744053 0.934370 0.933439 0.811448 0.830806 0.867805 0.955764 0.688424 0.728014 0.853897 0.792781 0.961446 0.727343 0.968902 0.926625 0.943908 0.887918 0.787348 0.960939 0.991209 0.944789 0.811722 0.915899 0.849098 0.737202 0.978510 0.866286 0.984185 0.863298 0.928122 0.779931 0.976606 0.993532 0.766386 0.825242 0.681209 0.818954 0.955187 0.922523 0.819374 0.995334 0.860264 0.997112 0.821610 0.807812 0.999480 0.967863 0.700228 0.724391 0.954338 0.976316 0.841719 0.758885 0.901165 0.967687 0.968134 0.840802 0.710613 0.755750 0.774590 0.787577 0.802482 0.893518 0.772111 0.854186 0.918878 0.883693 0.955945 0.730294 0.943055 0.966545 0.829973 0.754466 0.679110 0.762229 0.848156 0.913414 0.792730 0.881525 0.729702 0.650896 0.757712 0.891262 0.804306 0.980040 0.974073 0.929897 0.755185 0.971196 0.810152 0.743949 0.696509 0.944344 0.976873 0.813785 0.900408 0.863318 0.899238 0.918233 0.968532 0.953920 0.873021 0.847965 0.783218 0.852948 0.969556 0.860162
0.949907 0.872225 0.335815 0.447827 0.760515 0.822291 0.000000 0.351704 0.521529 0.839387 0.939296 0.814192 0.747215 0.874986 0.843340 0.813759 0.968459 0.886853 0.782458 0.883243 0.823965 0.972971 0.572806 0.686317 0.594482 0.506870 0.971001 0.937430 0.985256 0.975411 0.489230 0.610054 0.399410 0.491798 0.584732 0.699845 0.679769 0.848796 0.834229 0.989726 0.988512 0.982799 0.574198 0.617314 0.512274 0.581782 0.637122 0.685875 0.945297 0.826752 0.820864 0.838458 0.699396 0.829153 0.799661 0.938016 0.946662 0.983843 0.654112 0.738440 0.301224 0.410787 0.916242 0.833832 0.498379 0.376766 0.333766 0.318104 0.951553 0.962562 0.711290 0.661437 0.651549 0.718451 0.983129 0.748668 0.740663 0.606473 0.955700 0.874761 0.980551 0.983478 0.888954 0.956149 0.688519 0.611356 0.926496 0.927800 0.875597 0.903511 0.663439 0.982388 0.633322 0.944896 0.760190 0.896310 0.734855 0.812632 0.633099 0.634496 0.605255 0.931610 0.994204 0.911566 0.538385 0.749671 0.854152 0.799469 0.699958 0.840864 0.703512 0.838746 0.762261 0.936935 0.646532 0.939663
0.867657 0.813849 0.403219 0.389178 0.781047 0.762432 0.351704 0.000000 0.523225 0.689458 0.850330 0.671868 0.702244 0.768947 0.831537 0.686248 0.998362 0.911390 0.659467 0.753562 0.943884 0.904367 0.612151 0.718316 0.654461 0.578959 0.966265 0.954353 0.967041 0.921394 0.563347 0.588009 0.476527 0.441810 0.714472 0.812626 0.530173 0.750934 0.835234 0.903634 0.873632 0.938291 0.474785 0.464477 0.576976 0.530330 0.502381 0.502065 0.867488 0.691705 0.720490 0.694853 0.714911 0.696816 0.746819 0.937715 0.907828 0.942268 0.598562 0.677379 0.381388 0.298262 0.999149 0.768578 0.588607 0.371672 0.476494 0.384447 0.834711 0.923092 0.610662 0.599102 0.704061 0.780530 0.975720 0.810075 0.686442 0.612511 0.947720 0.816166 0.932692 0.997034 0.916397 0.991089 0.790128 0.679318 0.923160 0.988306 0.876615 0.947758 0.622454 0.932554 0.708688 0.997012 0.829850 0.854580 0.699714 0.866746 0.558543 0.510630 0.552068 0.944817 0.840230 0.855665 0.494325 0.760355 0.950458 0.715845 0.697746 0.735013 0.722653 0.744921 0.720580 0.846595 0.662247 0.962175
0.783505 0.835694 0.527790 0.634294 0.755324 0.822173 0.521529 0.523225 0.000000 0.670317 0.914944 0.844931 0.956850 0.877777 0.937369 0.990895 0.778228 0.648219 0.988171 0.842853 0.996491 0.908655 0.752950 0.892273 0.706166 0.472034 0.941373 0.967189 0.928527 0.810102 0.456616 0.641125 0.525116 0.659691 0.672894 0.899337 0.765783 0.986677 0.932578 0.976716 0.997879 0.840686 0.649353 0.698361 0.632766 0.714672 0.772880 0.820092 0.957556 0.994117 0.895690 0.999588 0.793372 0.758314 0.919289 0.976563 0.822659 0.717745 0.883240 0.961288 0.537104 0.537490 0.842496 0.916552 0.684389 0.565322 0.551909 0.495667 0.953817 0.832924 0.703460 0.621637 0.601394 0.696400 0.996006 0.874267 0.838235 0.707739 0.993930 0.866067 0.688813 0.630392 0.948166 0.737422 0.944125 0.861734 0.924008 0.985510 0.932616 0.919060 0.616720 0.996222 0.725519 0.964583 0.883439 0.938136 0.903837 0.869190 0.649395 0.668634 0.594253 0.966813 0.949392 0.834162 0.661013 0.756597 0.840457 0.730896 0.799399 0.913868 0.734091 0.722095 0.763684 0.911050 0.786293 0.985274
0.722231 0.726783 0.986068 0.950918 0.954270 0.744053 0.839387 0.689458 0.670317 0.000000 0.967575 0.967402 0.673754 0.689415 0.818717 0.819814 0.853145 0.675423 0.836170 0.844256 0.888083 0.922430 0.856881 0.631082 0.796438 0.918497 0.724934 0.936433 0.821560 0.908769 0.623619 0.645125 0.780110 0.669901 0.861550 0.935312 0.824055 0.873998 0.953103 0.992244 0.948990 0.792277 0.505000 0.581038 0.527047 0.521839 0.750825 0.671363 0.613059 0.796000 0.680950 0.890129 0.751111 0.538998 0.949350 0.888612 0.726307 0.668693 0.904999 0.993735 0.851824 0.605049 0.926853 0.882868 0.795956 0.984175 0.876655 0.727626 0.827577 0.856420 0.769708 0.668842 0.562355 0.678690 0.987153 0.881175 0.755272 0.728031 0.932887 0.868346 0.794115 0.618289 0.784112 0.727238 0.631699 0.679151 0.680466 0.751973 0.883652 0.683078 0.772333 0.970312 0.944840 0.816293 0.930028 0.848157 0.817534 0.828619 0.508244 0.545596 0.573769 0.875127 0.647533 0.661218 0.762614 0.859634 0.930575 0.648333 0.862236 0.914202 0.768422 0.643628 0.662882 0.871045 0.905671 0.914817
0.517220 0.610684 0.956968 0.895575 0.931073 0.934370 0.939296 0.850330 0.914944 0.967575 0.000000 0.619826 0.858126 0.750775 0.919270 0.987044 0.601139 0.521060 0.633183 0.585696 0.936879 0.916753 0.876628 0.994687 0.939497 0.834751 0.893706 0.989397 0.679487 0.554930 0.860280 0.882124 0.861499 0.683787 0.868755 0.918324 0.928722 0.759490 0.847774 0.834964 0.841138 0.975202 0.872821 0.776409 0.952918 0.803371 0.774601 0.785506 0.802772 0.633270 0.890200 0.819101 0.903122 0.812574 0.827725 0.878892 0.578269 0.661394 0.652334 0.597306 0.961624 0.985660 0.567409 0.645212 0.950058 0.975184 0.916950 0.894321 0.654645 0.726543 0.843346 0.838184 0.953449 0.966124 0.836332 0.749816 0.916789 0.900856 0.885416 0.764572 0.579291 0.603435 0.748217 0.696006 0.950548 0.980671 0.836156 0.882760 0.873976 0.913966 0.952076 0.982888 0.965876 0.942105 0.824400 0.936045 0.779615 0.843353 0.838972 0.948970 0.999376 0.971779 0.872072 0.771474 0.945968 0.910153 0.870411 0.952468 0.975277 0.908816 0.953517 0.954603 0.866414 0.916640 0.970923 0.962325
0.381507 0.398703 0.864793 0.663157 0.935479 0.933439 0.814192 0.671868 0.844931 0.967402 0.619826 0.000000 0.500272 0.512393 0.715341 0.576109 0.509220 0.459615 0.493357 0.356230 0.958000 0.654761 0.785443 0.727086 0.798395 0.946720 0.756616 0.951798 0.680177 0.503205 0.929801 0.907832 0.797783 0.665956 0.952820 0.980439 0.684966 0.538686 0.838490 0.658402 0.877406 0.993606 0.789025 0.709396 0.881916 0.700117 0.649493 0.525450 0.673171 0.487481 0.666848 0.536417 0.850486 0.943101 0.682897 0.786875 0.470167 0.404825 0.558294 0.457286 0.726116 0.709299 0.562354 0.389733 0.835702 0.825436 0.911498 0.846139 0.504061 0.533090 0.968322 0.918403 0.879373 0.946675 0.950161 0.908519 0.860715 0.949862 0.809378 0.561901 0.371177 0.413889 0.613632 0.489470 0.670279 0.675268 0.650608 0.756568 0.856526 0.732974 0.873290 0.898378 0.901653 0.824744 0.891916 0.885239 0.755266 0.880220 0.901252 0.910326 0.992846 0.933382 0.852227 0.892507 0.810793 0.863981 0.837110 0.922957 0.863458 0.760994 0.899370 0.964276 0.965257 0.765744 0.840132 0.950260
0.474323 0.430250 0.612647 0.487498 0.749347 0.811448 0.747215 0.702244 0.956850 0.673754 0.858126 0.500272 0.000000 0.343868 0.416084 0.399699 0.630088 0.557072 0.439046 0.492845 0.899359 0.635638 0.438963 0.414038 0.602606 0.917502 0.604927 0.980095 0.912091 0.835868 0.897839 0.973652 0.866112 0.902296 0.998979 0.945044 0.804988 0.731988 0.916336 0.819618 0.857836 0.926634 0.978525 0.870152 0.869220 0.990596 0.799467 0.800470 0.902104 0.772664 0.934118 0.657987 0.912039 0.924367 0.821656 0.856658 0.479952 0.437163 0.724207 0.590982 0.661135 0.756075 0.796655 0.654019 0.520224 0.639422 0.914988 0.956147 0.615047 0.632740 0.866363 0.980102 0.906560 0.969960 0.901324 0.982902 0.903511 0.960721 0.864132 0.620585 0.578022 0.496125 0.609827 0.574650 0.406392 0.466019 0.562598 0.640372 0.760773 0.580815 0.969439 0.902073 0.861121 0.887833 0.884314 0.936185 0.848221 0.999600 0.952796 0.929425 0.869828 0.996860 0.924382 0.841501 0.799529 0.907972 0.964296 0.918474 0.868095 0.861957 0.902210 0.980247 0.973324 0.923368 0.834314 0.981436
0.462934 0.420509 0.809924 0.629878 0.952175 0.830806 0.874986 0.768947 0.877777 0.689415 0.750775 0.512393 0.343868 0.000000 0.472158 0.342431 0.514271 0.481067 0.430598 0.527455 0.953356 0.640773 0.595634 0.518854 0.789317 0.947502 0.659142 0.941112 0.778406 0.655295 0.827402 0.916035 0.912155 0.835273 0.957454 0.881900 0.943432 0.807469 0.981100 0.832819 0.988332 0.823808 0.877849 0.736255 0.928142 0.867403 0.679045 0.730864 0.957216 0.651527 0.789489 0.550076 0.837093 0.940771 0.916189 0.862855 0.436094 0.432673 0.608052 0.498126 0.732240 0.822888 0.684977 0.587169 0.723780 0.748092 0.961120 0.981688 0.719427 0.669040 0.919909 0.794158 0.854576 0.940404 0.891644 0.964502 0.964040 0.970941 0.709049 0.519403 0.480205 0.458079 0.523022 0.561969 0.546801 0.562676 0.622414 0.659608 0.798051 0.671010 0.945600 0.936590 0.968116 0.958210 0.904752 0.922485 0.891515 0.952370 0.986279 0.909943 0.892771 0.942624 0.938049 0.977349 0.888109 0.915547 0.969061 0.833235 0.900041 0.825845 0.887979 0.999261 0.999240 0.879418 0.743374 0.963243
0.734383 0.667312 0.755472 0.625159 0.752674 0.867805 0.843340 0.831537 0.937369 0.818717 0.919270 0.715341 0.416084 0.472158 0.000000 0.354051 0.692942 0.724672 0.610467 0.750142 0.982673 0.753104 0.417013 0.488166 0.701516 0.976438 0.634524 0.912992 0.815526 0.893591 0.994411 0.882828 0.911034 0.928333 0.945986 0.988224 0.891581 0.791651 0.991734 0.996548 0.962188 0.907511 0.912486 0.860823 0.964411 0.940340 0.814049 0.862482 0.933766 0.877936 0.913802 0.715988 0.783266 0.938203 0.967252 0.880994 0.621570 0.624891 0.772095 0.745069 0.714784 0.766221 0.825808 0.700464 0.575945 0.728428 0.962029 0.990245 0.815543 0.855900 0.833633 0.922829 0.945383 0.925634 0.908658 0.942621 0.960290 0.855987 0.749923 0.713445 0.745542 0.730814 0.631948 0.698724 0.478641 0.553131 0.700456 0.615509 0.779581 0.689161 0.927311 0.983371 0.942427 0.955569 0.920339 0.896971 0.841638 0.968296 0.993501 0.873380 0.857813 0.903735 0.940474 0.847896 0.758136 0.811634 0.949322 0.976736 0.828857 0.859961 0.890380 0.897292 0.896172 0.966348 0.861900 0.951229
0.648071 0.531119 0.731516 0.529215 0.866809 0.955764 0.813759 0.686248 0.990895 0.819814 0.987044 0.576109 0.399699 0.342431 0.354051 0.000000 0.633830 0.649656 0.544946 0.632546 0.986946 0.680116 0.423639 0.428278 0.689047 0.951918 0.696060 0.861207 0.825145 0.756670 0.957763 0.838232 0.870173 0.813770 0.949872 0.933868 0.867570 0.783725 0.895071 0.915049 0.962372 0.887255 0.779750 0.685200 0.997110 0.796205 0.649257 0.670460 0.963238 0.688021 0.744931 0.552533 0.671765 0.898703 0.912106 0.875220 0.555216 0.528376 0.624902 0.554303 0.661656 0.666996 0.812382 0.592425 0.613456 0.661317 0.899066 0.896952 0.786768 0.759615 0.883534 0.916205 0.860065 0.950565 0.980331 0.868481 0.894448 0.772365 0.676207 0.654783 0.621469 0.638220 0.570670 0.594926 0.493214 0.494368 0.706928 0.681042 0.706584 0.678067 0.965223 0.987895 0.979251 0.937362 0.917355 0.979468 0.843093 0.907120 0.984898 0.806189 0.963923 0.890591 0.977716 0.935766 0.690335 0.746405 0.975589 0.985482 0.800325 0.792076 0.825996 0.883380 0.863788 0.826001 0.665772 0.988873
0.413729 0.411935 0.931294 0.910572 0.888600 0.688424 0.968459 0.998362 0.778228 0.853145 0.601139 0.509220 0.630088 0.514271 0.692942 0.633830 0.000000 0.350142 0.568180 0.439769 0.968895 0.748207 0.904421 0.808992 0.904514 0.778663 0.811876 0.955413 0.592318 0.495191 0.816965 0.943674 0.892146 0.794204 0.975431 0.923866 0.939543 0.656226 0.913611 0.669339 0.858193 0.967985 0.864308 0.738422 0.999550 0.776387 0.680401 0.645242 0.660699 0.479782 0.656761 0.514613 0.860290 0.884085 0.713433 0.607796 0.359099 0.346718 0.575913 0.424199 0.970107 0.973321 0.433064 0.380573 0.979591 0.842891 0.884084 0.935315 0.564327 0.500671 0.681330 0.711440 0.877339 0.995678 0.894407 0.795204 0.912412 0.983806 0.645049 0.625617 0.292230 0.354990 0.461754 0.397436 0.700064 0.786142 0.737673 0.607020 0.760994 0.670798 0.690781 0.835781 0.697845 0.842797 0.765661 0.925863 0.936597 0.837982 0.961579 0.934674 0.793732 0.930496 0.781809 0.895750 0.990171 0.953994 0.920627 0.864074 0.950560 0.933880 0.903584 0.931623 0.971445 0.948515 0.773553 0.887395
0.333211 0.340265 0.953025 0.871689 0.921125 0.728014 0.886853 0.911390 0.648219 0.675423 0.521060 0.459615 0.557072 0.481067 0.724672 0.649656 0.350142 0.000000 0.505336 0.405557 0.981328 0.737565 0.880344 0.717762 0.891976 0.767041 0.717006 0.931934 0.666660 0.532428 0.641987 0.910840 0.991646 0.924609 0.966585 0.964756 0.995216 0.646870 0.850106 0.698363 0.866153 0.958284 0.936787 0.930066 0.806084 0.978931 0.828994 0.796448 0.836142 0.582007 0.875175 0.692056 0.939176 0.639350 0.709259 0.718911 0.300689 0.282319 0.647786 0.501789 0.954724 0.831005 0.460230 0.456410 0.919900 0.867412 0.858515 0.823483 0.487311 0.464802 0.763946 0.608613 0.721592 0.896043 0.800041 0.774458 0.976710 0.816768 0.680947 0.668564 0.337450 0.299230 0.451838 0.370392 0.605085 0.716463 0.611393 0.604579 0.722266 0.591498 0.672203 0.863579 0.795215 0.947169 0.803018 0.993284 0.903994 0.889319 0.874482 0.814528 0.647005 0.833082 0.923494 0.951118 0.980664 0.965075 0.905310 0.757199 0.943443 0.898143 0.999867 0.828559 0.971900 0.921007 0.933631 0.909204
0.474530 0.461552 0.723756 0.558348 0.926658 0.853897 0.782458 0.659467 0.988171 0.836170 0.633183 0.493357 0.439046 0.430598 0.610467 0.544946 0.568180 0.505336 0.000000 0.443272 0.984911 0.597860 0.649658 0.575403 0.780138 0.958493 0.677228 0.958470 0.756111 0.685571 0.900025 0.821878 0.812417 0.747299 0.930589 0.931413 0.759601 0.701390 0.820631 0.779449 0.720421 0.881031 0.855745 0.747490 0.960222 0.858394 0.670566 0.605659 0.933253 0.629018 0.916215 0.683483 0.955013 0.903129 0.802948 0.824345 0.479879 0.490914 0.678401 0.535603 0.739771 0.795880 0.658860 0.585540 0.716863 0.762010 0.917385 0.898896 0.605612 0.740680 0.897086 0.937325 0.920460 0.974935 0.912301 0.979974 0.885115 0.936743 0.764567 0.606421 0.550690 0.502048 0.584115 0.578970 0.610998 0.671197 0.631585 0.661457 0.773454 0.779778 0.960264 0.992803 0.964373 0.941023 0.776363 0.908163 0.692904 0.943032 0.844571 0.833357 0.952088 0.991364 0.886468 0.905325 0.747517 0.911129 0.865721 0.969429 0.876291 0.676197 0.922512 0.973854 0.883049 0.839353 0.802877 0.972205
0.362564 0.352690 0.823337 0.631048 0.901942 0.792781 0.883243 0.753562 0.842853 0.844256 0.585696 0.356230 0.492845 0.527455 0.750142 0.632546 0.439769 0.405557 0.443272 0.000000 0.943125 0.696879 0.770513 0.675917 0.739464 0.986768 0.667610 0.963680 0.743715 0.613154 0.835896 0.999344 0.849894 0.756974 0.985815 0.987172 0.676945 0.505694 0.783599 0.590689 0.824147 0.975245 0.907946 0.807427 0.917033 0.879363 0.686099 0.642762 0.805962 0.505294 0.809421 0.595658 0.943820 0.865122 0.604125 0.752149 0.403031 0.335399 0.620572 0.486421 0.836496 0.856557 0.646449 0.463564 0.789787 0.874576 0.984353 0.974761 0.421497 0.451653 0.956359 0.864960 0.801003 0.938502 0.898824 0.859221 0.850077 0.905588 0.784584 0.699454 0.388629 0.386698 0.566586 0.423707 0.576910 0.645368 0.659414 0.718043 0.741378 0.627344 0.892037 0.898858 0.945019 0.952903 0.854768 0.911811 0.804091 0.970062 0.984471 0.990317 0.924539 0.969911 0.884177 0.926389 0.850961 0.963199 0.833639 0.997070 0.897844 0.732356 0.995692 0.938856 0.926732 0.932656 0.845784 0.854422
0.891420 0.862610 0.797083 0.847595 0.925090 0.961446 0.823965 0.943884 0.996491 0.888083 0.936879 0.958000 0.899359 0.953356 0.982673 0.986946 0.968895 0.981328 0.984911 0.943125 0.000000 0.960445 0.943077 0.863193 0.835962 0.864798 0.997376 0.992976 0.998085 0.999262 0.886614 0.900533 0.755840 0.851266 0.768697 0.806806 0.871705 0.999342 0.910245 0.947850 0.995055 0.888867 0.991108 0.994212 0.803287 0.892904 0.994770 0.864428 0.916897 0.983896 0.938675 0.977196 0.959123 0.827732 0.811717 0.869566 0.962528 0.913282 0.824257 0.949846 0.705164 0.880612 0.843612 0.958454 0.790947 0.763695 0.701000 0.790621 0.999323 0.995037 0.985965 0.932325 0.964056 0.963335 0.914324 0.943857 0.877851 0.957709 0.871480 0.950872 0.886347 0.863747 0.924634 0.985234 0.760603 0.717215 0.916495 0.895439 0.843990 0.840704 0.970883 0.789685 0.897871 0.968908 0.995468 0.980191 0.986346 0.884306 0.936475 0.873304 0.898093 0.930452 0.948982 0.987936 0.905099 0.911051 0.927726 0.989666 0.954801 0.929046 0.911321 0.855001 0.986486 0.981912 0.892904 0.919597
0.713743 0.734732 0.937477 0.834486 0.989916 0.727343 0.972971 0.904367 0.908655 0.922430 0.916753 0.654761 0.635638 0.640773 0.753104 0.680116 0.748207 0.737565 0.597860 0.696879 0.960445 0.000000 0.789670 0.789934 0.945297 0.922458 0.777220 0.835202 0.902757 0.886075 0.946243 0.959628 0.986088 0.986530 0.866298 0.887068 0.883295 0.796148 0.901426 0.713128 0.942176 0.942725 0.934847 0.851045 0.894157 0.946647 0.840327 0.833585 0.961990 0.746597 0.862111 0.702324 0.862723 0.946389 0.907200 0.843799 0.671313 0.675994 0.911138 0.745415 0.876024 0.914614 0.763069 0.706174 0.913809 0.963823 0.859277 0.911841 0.810728 0.805306 0.941355 0.976476 0.979078 0.927979 0.820992 0.922651 0.852632 0.979111 0.926737 0.718934 0.708788 0.670444 0.748411 0.661147 0.800648 0.829647 0.696130 0.774484 0.818169 0.891216 0.990361 0.914158 0.891999 0.991067 0.919491 0.903955 0.755292 0.912752 0.946397 0.899408 0.996835 0.845423 0.901375 0.977695 0.865402 0.921094 0.806129 0.921097 0.880490 0.782651 0.883845 0.869580 0.962725 0.793775 0.802189 0.896916
0.833086 0.688080 0.444769 0.345237 0.590493 0.968902 0.572806 0.612151 0.752950 0.856881 0.876628 0.785443 0.438963 0.595634 0.417013 0.423639 0.904421 0.880344 0.649658 0.770513 0.943077 0.789670 0.000000 0.319562 0.456436 0.634192 0.621116 0.899289 0.994324 0.963549 0.831682 0.857780 0.773993 0.859320 0.776365 0.845739 0.730051 0.783501 0.864651 0.956851 0.960978 0.935545 0.892161 0.867048 0.990618 0.937784 0.881914 0.859189 0.799291 0.979806 0.972532 0.874786 0.777377 0.987265 0.862648 0.930109 0.755744 0.713813 0.857927 0.776240 0.531078 0.628873 0.988914 0.827800 0.310643 0.470396 0.663936 0.760913 0.807147 0.883613 0.696283 0.827960 0.902204 0.908110 0.931502 0.763210 0.866290 0.844460 0.817140 0.905609 0.897057 0.879129 0.678978 0.791535 0.360472 0.377740 0.687089 0.702095 0.641350 0.603778 0.878904 0.968836 0.758959 0.897348 0.761295 0.971751 0.854433 0.915016 0.967707 0.833760 0.960818 0.895045 0.826601 0.694695 0.636100 0.697217 0.975312 0.945449 0.785881 0.737197 0.843924 0.828057 0.929772 0.934603 0.782228 0.979642
0.702721 0.598847 0.497303 0.381643 0.663001 0.926625 0.686317 0.718316 0.892273 0.631082 0.994687 0.727086 0.414038 0.518854 0.488166 0.428278 0.808992 0.717762 0.575403 0.675917 0.863193 0.789934 0.319562 0.000000 0.420930 0.697221 0.535549 0.847780 0.994112 0.972785 0.932030 0.919836 0.795503 0.888410 0.839568 0.806888 0.833792 0.800211 0.744793 0.943971 0.895694 0.942269 0.934486 0.981577 0.865368 0.936945 0.932546 0.917644 0.739039 0.959545 0.872619 0.921892 0.950083 0.795072 0.803711 0.988055 0.656738 0.610811 0.842003 0.721179 0.633861 0.788176 0.911138 0.832171 0.366221 0.535693 0.762826 0.840271 0.683105 0.841390 0.832594 0.935140 0.912993 0.951122 0.988659 0.873269 0.921333 0.908388 0.766595 0.798623 0.774310 0.689533 0.627559 0.645656 0.351190 0.340007 0.586647 0.643003 0.567480 0.549047 0.937411 0.885173 0.861062 0.988324 0.788636 0.900524 0.919856 0.952352 0.860919 0.965901 0.857204 0.917056 0.782402 0.718546 0.720541 0.824778 0.908691 0.931676 0.953850 0.812788 0.927005 0.956705 0.950779 0.934819 0.834521 0.974963
0.739119 0.643785 0.408453 0.410598 0.672744 0.943908 0.594482 0.654461 0.706166 0.796438 0.939497 0.798395 0.602606 0.789317 0.701516 0.689047 0.904514 0.891976 0.780138 0.739464 0.835962 0.945297 0.456436 0.420930 0.000000 0.411213 0.625241 0.846292 0.839843 0.828108 0.744828 0.909401 0.644441 0.787667 0.701316 0.808040 0.630455 0.646483 0.685000 0.853888 0.860633 0.965918 0.988882 0.961290 0.955758 0.967677 0.875193 0.886948 0.813478 0.943720 0.950717 0.956441 0.994607 0.767567 0.647320 0.913920 0.736122 0.719466 0.804241 0.764822 0.539875 0.675215 0.947890 0.920530 0.338319 0.458990 0.622622 0.662142 0.590206 0.730172 0.918350 0.829227 0.989841 0.928449 0.995464 0.953989 0.917657 0.942904 0.899917 0.964068 0.921281 0.830816 0.677668 0.751274 0.384695 0.327695 0.749578 0.738855 0.573375 0.483428 0.970473 0.676389 0.818451 0.925716 0.752374 0.942962 0.953393 0.975903 0.895334 0.870725 0.900037 0.822438 0.773762 0.779687 0.738210 0.840047 0.990301 0.971191 0.907884 0.839160 0.863172 0.914116 0.934996 0.875915 0.819611 0.990285
0.934257 0.981830 0.423874 0.537975 0.671895 0.887918 0.506870 0.578959 0.472034 0.918497 0.834751 0.946720 0.917502 0.947502 0.976438 0.951918 0.778663 0.767041 0.958493 0.986768 0.864798 0.922458 0.634192 0.697221 0.411213 0.000000 0.904994 0.825141 0.717868 0.727330 0.501903 0.810380 0.562376 0.696183 0.699008 0.698088 0.632126 0.829367 0.733159 0.892346 0.949827 0.835863 0.823143 0.862931 0.751208 0.830719 0.830549 0.918437 0.854463 0.968286 0.977256 0.976274 0.909797 0.963057 0.771392 0.966125 0.928566 0.918187 0.899034 0.978691 0.509412 0.582366 0.754029 0.873745 0.485905 0.440966 0.511448 0.492440 0.845576 0.925595 0.809519 0.685492 0.779795 0.811718 0.990408 0.904152 0.945245 0.866077 0.923185 0.861782 0.774827 0.775573 0.908901 0.856816 0.677900 0.574506 0.967724 0.966874 0.763280 0.745215 0.828940 0.751398 0.754673 0.904271 0.872155 0.926161 0.917775 0.978563 0.911832 0.997831 0.800679 0.878791 0.818815 0.896290 0.698663 0.800722 0.920048 0.923675 0.888116 0.858571 0.734984 0.954121 0.910462 0.886978 0.838883 0.974532
0.718071 0.666758 0.848702 0.700621 0.670406 0.787348 0.971001 0.966265 0.941373 0.724934 0.893706 0.756616 0.604927 0.659142 0.634524 0.696060 0.811876 0.717006 0.677228 0.667610 0.997376 0.777220 0.621116 0.535549 0.625241 0.904994 0.000000 0.866732 0.955239 0.934516 0.817556 0.949326 0.878398 0.879038 0.916879 0.984325 0.883375 0.668136 0.825778 0.905494 0.944796 0.900299 0.757707 0.853566 0.627122 0.741088 0.988148 0.963471 0.764827 0.979741 0.812838 0.933319 0.881890 0.820221 0.894235 0.966632 0.695227 0.649166 0.953520 0.853000 0.992052 0.946800 0.948119 0.921012 0.676634 0.858524 0.913512 0.890013 0.659960 0.739607 0.991588 0.852845 0.792624 0.793119 0.970853 0.961839 0.909423 0.758181 0.802961 0.976193 0.827556 0.706987 0.735293 0.741489 0.573565 0.629035 0.632537 0.677491 0.814443 0.606707 0.905747 0.964520 0.974623 0.858492 0.860261 0.934079 0.993882 0.986911 0.798672 0.851360 0.739193 0.947249 0.853112 0.739723 0.939663 0.849971 0.927589 0.936777 0.951133 0.786468 0.962932 0.987771 0.885118 0.882953 0.934276 0.978302
0.901985 0.907170 0.906207 0.910652 0.874789 0.960939 0.937430 0.954353 0.967189 0.936433 0.989397 0.951798 0.980095 0.941112 0.912992 0.861207 0.955413 0.931934 0.958470 0.963680 0.992976 0.835202 0.899289 0.847780 0.846292 0.825141 0.866732 0.000000 0.822002 0.826828 0.974870 0.841795 0.994998 0.979349 0.997299 0.951499 0.873893 0.785878 0.843979 0.999210 0.987498 0.792599 0.998876 0.961857 0.895764 0.956640 0.971253 0.981690 0.892291 0.995030 0.953018 0.971436 0.904922 0.819656 0.879616 0.994547 0.876748 0.912698 0.980409 0.951864 0.972126 0.984605 0.856326 0.918808 0.847355 0.898151 0.976100 0.958954 0.826436 0.771689 0.961860 0.888402 0.824534 0.863604 0.970670 0.971863 0.998923 0.870648 0.978703 0.789755 0.947938 0.936674 0.906642 0.923766 0.848304 0.798957 0.969242 0.975629 0.904629 0.751443 0.916770 0.802073 0.918991 0.862011 0.932846 0.884165 0.821275 0.969828 0.895773 0.850821 0.752824 0.713183 0.872105 0.801235 0.969083 0.884666 0.980412 0.970956 0.764726 0.918645 0.959555 0.966123 0.857847 0.986950 0.914308 0.978399
0.805063 0.757990 0.856000 0.972172 0.913494 0.991209 0.985256 0.967041 0.928527 0.821560 0.679487 0.680177 0.912091 0.778406 0.815526 0.825145 0.592318 0.666660 0.756111 0.743715 0.998085 0.902757 0.994324 0.994112 0.839843 0.717868 0.955239 0.822002 0.000000 0.377948 0.988051 0.646947 0.784942 0.756583 0.961525 0.987605 0.929276 0.888818 0.947431 0.833149 0.959035 0.954833 0.728044 0.691138 0.722993 0.622919 0.727855 0.681126 0.559498 0.580070 0.666360 0.698978 0.774573 0.938868 0.996381 0.767293 0.696971 0.728204 0.705451 0.642220 0.915481 0.965195 0.498198 0.516450 0.828519 0.828755 0.981401 0.975401 0.918023 0.994913 0.816492 0.786265 0.932807 0.854663 0.915731 0.952902 0.977750 0.854850 0.699518 0.716854 0.580879 0.760389 0.733606 0.713483 0.958300 0.933578 0.990569 0.848594 0.976701 0.950755 0.803303 0.854690 0.684178 0.763476 0.830218 0.874838 0.773075 0.976522 0.816866 0.866793 0.987289 0.994140 0.674743 0.716261 0.911188 0.972876 0.953294 0.991990 0.933986 0.965039 0.858842 0.882863 0.770275 0.805172 0.807504 0.969709
0.627580 0.612014 0.860732 0.980840 0.858763 0.944789 0.975411 0.921394 0.810102 0.908769 0.554930 0.503205 0.835868 0.655295 0.893591 0.756670 0.495191 0.532428 0.685571 0.613154 0.999262 0.886075 0.963549 0.972785 0.828108 0.727330 0.934516 0.826828 0.377948 0.000000 0.960975 0.734284 0.831796 0.648711 0.979515 0.976984 0.986553 0.847243 0.975864 0.771219 0.940976 0.936608 0.701249 0.634304 0.713530 0.584246 0.657155 0.588675 0.467449 0.474801 0.579888 0.592746 0.761417 0.991860 0.912321 0.712249 0.626669 0.621298 0.565664 0.494868 0.905471 0.910759 0.448076 0.398580 0.809099 0.854856 0.927233 0.903699 0.845152 0.827083 0.791047 0.761833 0.996306 0.861881 0.912812 0.983600 0.991385 0.804040 0.648983 0.608406 0.407387 0.583674 0.665879 0.617544 0.969104 0.974200 0.880198 0.778273 0.995583 0.979551 0.806467 0.902020 0.735050 0.778425 0.860631 0.973683 0.768574 0.881759 0.823000 0.867834 0.950163 0.984638 0.685382 0.688408 0.922655 0.870344 0.886673 0.879989 0.902055 0.858127 0.878543 0.909398 0.903084 0.802007 0.734665 0.979179
0.756954 0.827263 0.619569 0.741543 0.841165 0.811722 0.489230 0.563347 0.456616 0.623619 0.860280 0.929801 0.897839 0.827402 0.994411 0.957763 0.816965 0.641987 0.900025 0.835896 0.886614 0.946243 0.831682 0.932030 0.744828 0.501903 0.817556 0.974870 0.988051 0.960975 0.000000 0.499467 0.456324 0.570168 0.635879 0.859650 0.766667 0.953960 0.748879 0.946358 0.984619 0.883746 0.524035 0.607949 0.430164 0.497438 0.672553 0.711150 0.805900 0.829526 0.714498 0.872444 0.629346 0.703556 0.961334 0.944351 0.818059 0.734243 0.805601 0.916236 0.494291 0.481250 0.911322 0.955512 0.814380 0.642520 0.539832 0.405150 0.889243 0.794096 0.864374 0.719553 0.687976 0.662612 0.988287 0.808830 0.797928 0.519811 0.992294 0.970303 0.814781 0.675044 0.967941 0.816311 0.992560 0.893851 0.791965 0.958628 0.925320 0.945893 0.897709 0.791683 0.970626 0.744956 0.944569 0.819270 0.904443 0.862332 0.698434 0.747923 0.559386 0.937500 0.898689 0.853315 0.658385 0.751766 0.862790 0.777040 0.826326 0.952990 0.735838 0.848760 0.759929 0.844944 0.702054 0.916676
0.966467 0.960869 0.775290 0.756347 0.961093 0.915899 0.610054 0.588009 0.641125 0.645125 0.882124 0.907832 0.973652 0.916035 0.882828 0.838232 0.943674 0.910840 0.821878 0.999344 0.900533 0.959628 0.857780 0.919836 0.909401 0.810380 0.949326 0.841795 0.646947 0.734284 0.499467 0.000000 0.555850 0.562369 0.731212 0.916562 0.878191 0.923827 0.847105 0.978118 0.977033 0.992330 0.451606 0.448718 0.495442 0.428343 0.559785 0.572591 0.687321 0.640574 0.624748 0.678056 0.644611 0.687617 0.935218 0.908216 0.941043 0.953332 0.578240 0.667799 0.580605 0.602079 0.824364 0.746065 0.927048 0.758729 0.627127 0.549469 0.926359 0.844045 0.906632 0.912644 0.751284 0.713681 0.924395 0.879511 0.768608 0.579972 0.792785 0.730795 0.927952 0.936926 0.805039 0.976162 0.986721 0.943884 0.965186 0.950810 0.913991 0.868384 0.896118 0.862980 0.970989 0.908030 0.923836 0.850980 0.751731 0.936506 0.533426 0.644627 0.616409 0.768282 0.654708 0.761616 0.565711 0.788985 0.890669 0.803429 0.725524 0.812788 0.787179 0.839239 0.609166 0.910156 0.606466 0.999896
0.885338 0.843954 0.527368 0.620076 0.878948 0.849098 0.399410 0.476527 0.525116 0.780110 0.861499 0.797783 0.866112 0.912155 0.911034 0.870173 0.892146 0.991646 0.812417 0.849894 0.755840 0.986088 0.773993 0.795503 0.644441 0.562376 0.878398 0.994998 0.784942 0.831796 0.456324 0.555850 0.000000 0.415903 0.647018 0.756262 0.685486 0.773776 0.827551 0.891612 0.961240 0.807420 0.532401 0.559883 0.424114 0.476131 0.524504 0.639940 0.751614 0.673808 0.669416 0.785521 0.750370 0.948769 0.697396 0.856660 0.873333 0.923319 0.575279 0.705842 0.370138 0.509860 0.753193 0.706223 0.686791 0.566161 0.468950 0.408142 0.855398 0.941962 0.927583 0.850007 0.720569 0.732213 0.848903 0.922704 0.791630 0.678713 0.905761 0.824943 0.857754 0.964343 0.787864 0.902392 0.747374 0.682415 0.998381 0.846743 0.827400 0.864531 0.924813 0.747370 0.992373 0.761851 0.734095 0.913955 0.841484 0.857143 0.690197 0.794907 0.712536 0.999511 0.921706 0.794357 0.670607 0.854632 0.961686 0.972368 0.843724 0.912645 0.731644 0.915600 0.754417 0.819484 0.674404 0.955593
0.819658 0.783470 0.626666 0.665393 0.946941 0.737202 0.491798 0.441810 0.659691 0.669901 0.683787 0.665956 0.902296 0.835273 0.928333 0.813770 0.794204 0.924609 0.747299 0.756974 0.851266 0.986530 0.859320 0.888410 0.787667 0.696183 0.879038 0.979349 0.756583 0.648711 0.570168 0.562369 0.415903 0.000000 0.650887 0.810179 0.685518 0.726075 0.855284 0.910899 0.801953 0.851647 0.475247 0.475053 0.441114 0.413743 0.449011 0.501841 0.659293 0.574803 0.597091 0.690982 0.714254 0.858967 0.733865 0.842851 0.822168 0.882238 0.496038 0.534844 0.440860 0.448107 0.696955 0.586258 0.816097 0.600441 0.507569 0.408305 0.843902 0.882613 0.951651 0.845505 0.757628 0.722033 0.894966 0.973685 0.873687 0.636481 0.894876 0.772623 0.762542 0.905007 0.776881 0.887601 0.872796 0.788010 0.949670 0.914747 0.824910 0.981640 0.968828 0.806639 0.965966 0.740074 0.834844 0.921734 0.703217 0.858164 0.656650 0.756444 0.611645 0.956629 0.811906 0.658880 0.656233 0.743497 0.985568 0.822009 0.904212 0.763503 0.754526 0.923506 0.706655 0.892897 0.714241 0.960231
0.929843 0.878829 0.612594 0.624156 0.936408 0.978510 0.584732 0.714472 0.672894 0.861550 0.868755 0.952820 0.998979 0.957454 0.945986 0.949872 0.975431 0.966585 0.930589 0.985815 0.768697 0.866298 0.776365 0.839568 0.701316 0.699008 0.916879 0.997299 0.961525 0.979515 0.635879 0.731212 0.647018 0.650887 0.000000 0.772414 0.911641 0.842818 0.686320 0.942185 0.992844 0.915730 0.774937 0.789492 0.644719 0.689729 0.789541 0.850524 0.908118 0.875226 0.919862 0.978566 0.894494 0.984747 0.738895 0.923139 0.944387 0.995697 0.703233 0.828106 0.625129 0.660853 0.923031 0.861474 0.654076 0.678300 0.490196 0.538109 0.858718 0.977096 0.831551 0.827016 0.847982 0.791658 0.946550 0.927333 0.849274 0.675779 0.929508 0.998022 0.970266 0.978944 0.801221 0.953146 0.801343 0.720385 0.980321 0.969162 0.653392 0.770617 0.941146 0.828385 0.781603 0.953845 0.810203 0.923822 0.822596 0.611113 0.833621 0.924298 0.877757 0.882065 0.977807 0.986590 0.709530 0.778137 0.659660 0.845209 0.787336 0.815159 0.899702 0.933583 0.708705 0.956751 0.794420 0.941321
0.947679 0.967119 0.765365 0.773863 0.891998 0.866286 0.699845 0.812626 0.899337 0.935312 0.918324 0.980439 0.945044 0.881900 0.988224 0.933868 0.923866 0.964756 0.931413 0.987172 0.806806 0.887068 0.845739 0.806888 0.808040 0.698088 0.984325 0.951499 0.987605 0.976984 0.859650 0.916562 0.756262 0.810179 0.772414 0.000000 0.879609 0.994395 0.939409 0.870174 0.767419 0.990989 0.984975 0.942563 0.857110 0.898522 0.921763 0.874670 0.952622 0.952718 0.983674 0.998794 0.973875 0.969459 0.905388 0.916278 0.972011 0.988287 0.881743 0.945197 0.812398 0.897681 0.996830 0.966863 0.752483 0.744862 0.696930 0.749948 0.978517 0.961524 0.975909 0.905580 0.962598 0.940425 0.868172 0.892861 0.880502 0.990776 0.999467 0.982594 0.980092 0.998390 0.916679 0.911698 0.826166 0.768648 0.984843 0.918490 0.872239 0.931734 0.827004 0.973909 0.928227 0.925394 0.949252 0.903162 0.948472 0.929213 0.972261 0.951661 0.990213 0.924299 0.873671 0.998436 0.865725 0.999150 0.824078 0.898227 0.942770 0.963011 0.790170 0.904691 0.936115 0.939723 0.922105 0.772274
0.803175 0.832244 0.593583 0.585073 0.825229 0.984185 0.679769 0.530173 0.765783 0.824055 0.928722 0.684966 0.804988 0.943432 0.891581 0.867570 0.939543 0.995216 0.759601 0.676945 0.871705 0.883295 0.730051 0.833792 0.630455 0.632126 0.883375 0.873893 0.929276 0.986553 0.766667 0.878191 0.685486 0.685518 0.911641 0.879609 0.000000 0.565070 0.797505 0.837056 0.726266 0.836475 0.749919 0.794153 0.820137 0.806420 0.738758 0.674192 0.949635 0.873802 0.904586 0.900682 0.964490 0.943659 0.623953 0.897278 0.854913 0.858085 0.820274 0.885150 0.646950 0.601964 0.911781 0.817754 0.698294 0.645039 0.765446 0.686333 0.647440 0.765817 0.808883 0.650029 0.845430 0.896179 0.905510 0.966108 0.799798 0.918593 0.992995 0.995468 0.935647 0.943494 0.881885 0.799193 0.790418 0.755439 0.849977 0.930441 0.900347 0.865423 0.960269 0.828648 0.944199 0.887126 0.833731 0.967821 0.763095 0.997927 0.801479 0.843207 0.808643 0.946470 0.976100 0.890243 0.691911 0.901467 0.799531 0.871757 0.762600 0.744486 0.876462 0.944409 0.983962 0.974872 0.978924 0.885075
0.577740 0.576440 0.742749 0.689701 0.936995 0.863298 0.848796 0.750934 0.986677 0.873998 0.759490 0.538686 0.731988 0.807469 0.791651 0.783725 0.656226 0.646870 0.701390 0.505694 0.999342 0.796148 0.783501 0.800211 0.646483 0.829367 0.668136 0.785878 0.888818 0.847243 0.953960 0.923827 0.773776 0.726075 0.842818 0.994395 0.565070 0.000000 0.712815 0.655739 0.847260 0.794418 0.909038 0.891837 0.959298 0.856711 0.725483 0.684100 0.841654 0.642164 0.881021 0.788153 0.992688 0.830721 0.553295 0.715762 0.582490 0.571825 0.762460 0.682423 0.779430 0.776731 0.823717 0.621664 0.745743 0.824388 0.952934 0.895080 0.475728 0.549417 0.959553 0.967447 0.922394 0.992956 0.870534 0.931812 0.804719 0.942432 0.950838 0.965796 0.665286 0.666522 0.702538 0.605103 0.671868 0.685192 0.781525 0.775484 0.717694 0.633786 0.873448 0.690120 0.875015 0.889070 0.928953 0.838461 0.938938 0.876613 0.925917 0.999384 0.921050 0.834635 0.889876 0.910636 0.799164 0.979966 0.934491 0.938959 0.989713 0.719961 0.895511 0.860389 0.930751 0.973455 0.978979 0.982727
