0.000000 0.512488 0.673166 0.663722 0.814175 0.850957 0.654103 0.576701 0.925884 0.734361 0.564421 0.624544 0.819035 0.897147 0.897855 0.869010 0.493198 0.434695 0.592848 0.576386 0.704281 0.991614 0.767863 0.630501 0.929898 0.805481 0.921183 0.849897 0.835654 0.854968 0.934998 0.816792 0.560949 0.581608 0.649781 0.923448 0.778819 0.878272 0.883856 0.861935 0.616948 0.820724 0.740279 0.743860 0.779723 0.622260 0.524948 0.659956 0.732257 0.850161 0.840397 0.948110 0.966618 0.932950 0.639315 0.573500 0.419352 0.536873 0.451645 0.643928 0.543112 0.589130 0.573257 0.523107 0.855842 0.682067 0.644881 0.683583 0.734066 0.635314 0.896447 0.954794 0.982152 0.873039 0.970191 0.963894 0.879304 0.780122 0.565943 0.966549 0.469026 0.505033 0.929928 0.681297 0.843392 0.761372 0.812594 0.805598 0.732364 0.563364 0.845231 0.930733 0.858678 0.993948 0.801556 0.784863 0.683822 0.818040 0.619574 0.701703 0.864816 0.932944 0.613626 0.665973 0.987870 0.697431 0.942040 0.820638 0.906742 0.940593 0.976340 0.700323 0.813674 0.889637 0.997318 0.983176
0.512488 0.000000 0.818367 0.715669 0.719902 0.786610 0.924462 0.722444 0.963708 0.999846 0.821776 0.679352 0.755218 0.683523 0.925625 0.869594 0.614974 0.626596 0.654378 0.647815 0.805745 0.842986 0.866708 0.886379 0.852241 0.737307 0.994145 0.835238 0.938072 0.914906 0.946578 0.885761 0.662714 0.784771 0.801143 0.931787 0.793000 0.869242 0.986613 0.958129 0.747500 0.814726 0.669862 0.609178 0.819151 0.683599 0.666995 0.649012 0.701936 0.727815 0.764002 0.819214 0.849690 0.873426 0.688672 0.790371 0.520893 0.516132 0.596380 0.624770 0.801609 0.704758 0.885304 0.803534 0.832359 0.655623 0.854171 0.736547 0.721855 0.575028 0.775927 0.834912 0.822176 0.971209 0.975005 0.856038 0.774834 0.688774 0.697982 0.922935 0.692708 0.736102 0.858175 0.861524 0.985061 0.804169 0.898756 0.833258 0.826026 0.688410 0.915275 0.998771 0.908382 0.983481 0.842819 0.845336 0.690028 0.864590 0.734023 0.745128 0.903158 0.897153 0.699950 0.682723 0.903315 0.748187 0.894871 0.756206 0.934443 0.798580 0.993489 0.776515 0.732620 0.834631 0.800774 0.939156
0.673166 0.818367 0.000000 0.386769 0.990823 0.996490 0.431579 0.711010 0.769929 0.985972 0.860619 0.938535 0.943049 0.842421 0.864666 0.716622 0.876061 0.752950 0.813453 0.846588 0.750528 0.826941 0.922027 0.999776 0.647544 0.621564 0.834101 0.751130 0.880272 0.790042 0.833106 0.908392 0.572427 0.763898 0.594135 0.838226 0.707166 0.788939 0.763765 0.716945 0.738207 0.732397 0.681965 0.664266 0.807740 0.803896 0.759679 0.746843 0.972557 0.944015 0.784997 0.851636 0.922185 0.792097 0.813829 0.721341 0.724851 0.868088 0.733124 0.863686 0.695913 0.958995 0.920309 0.977786 0.427768 0.682189 0.403612 0.572884 0.848622 0.786196 0.785535 0.798636 0.977213 0.941670 0.921097 0.892147 0.747521 0.802587 0.744663 0.985993 0.720666 0.691572 0.956098 0.824158 0.643401 0.545019 0.930926 0.837976 0.764796 0.718777 0.558936 0.613268 0.466436 0.547651 0.791808 0.711936 0.637016 0.757254 0.652961 0.692838 0.929711 0.790618 0.708967 0.690518 0.761766 0.604371 0.958727 0.703912 0.986012 0.871369 0.772576 0.772028 0.881844 0.906479 0.880473 0.855837
0.663722 0.715669 0.386769 0.000000 0.920413 0.754767 0.516149 0.564833 0.855671 0.960046 0.863202 0.888441 0.898692 0.983156 0.790725 0.837246 0.978688 0.768451 0.824890 0.849743 0.785253 0.801856 0.996404 0.964447 0.702127 0.649792 0.898352 0.785103 0.816504 0.834242 0.889473 0.864791 0.653521 0.727881 0.598452 0.828793 0.840186 0.868820 0.703939 0.648892 0.715155 0.803294 0.582252 0.583183 0.772900 0.756564 0.663707 0.644961 0.974497 0.960490 0.754687 0.880690 0.920628 0.866867 0.845304 0.704829 0.814638 0.893346 0.724639 0.722735 0.706459 0.816993 0.999374 0.986194 0.472819 0.519075 0.423346 0.469832 0.957541 0.755215 0.633926 0.657043 0.904343 0.987498 0.937675 0.936160 0.635310 0.773007 0.768875 0.967221 0.773996 0.768614 0.801927 0.977374 0.830806 0.615206 0.863154 0.679852 0.899054 0.674353 0.563470 0.641586 0.455937 0.550148 0.765670 0.706881 0.626137 0.740562 0.566388 0.663908 0.833717 0.755633 0.706144 0.583050 0.731447 0.596084 0.959258 0.721937 0.950115 0.876795 0.799940 0.741731 0.892699 0.819062 0.875641 0.799209
0.814175 0.719902 0.990823 0.920413 0.000000 0.931826 0.829803 0.983063 0.651853 0.819804 0.917605 0.908636 0.924537 0.943326 0.783906 0.914460 0.901169 0.989083 0.976414 0.944073 0.825065 0.934846 0.595426 0.700553 0.856229 0.775685 0.916114 0.697941 0.826847 0.819196 0.864613 0.818560 0.984302 0.966009 0.995168 0.943370 0.914340 0.695492 0.981815 0.926430 0.821024 0.832527 0.671365 0.684998 0.912848 0.847777 0.759168 0.751316 0.814391 0.836385 0.880536 0.963949 0.948039 0.915058 0.893765 0.921918 0.884115 0.999408 0.793152 0.898008 0.806006 0.922650 0.883185 0.933711 0.865194 0.937331 0.907921 0.868907 0.768046 0.808278 0.896131 0.939932 0.842393 0.787751 0.936387 0.904347 0.922422 0.752084 0.996418 0.935756 0.976691 0.903698 0.699668 0.820895 0.675341 0.742094 0.828197 0.718058 0.934988 0.979394 0.963147 0.960232 0.987016 0.907085 0.989696 0.902535 0.994255 0.815313 0.937088 0.903278 0.959462 0.801988 0.729915 0.771711 0.948235 0.798006 0.965534 0.870584 0.854238 0.951295 0.982891 0.951612 0.922191 0.934229 0.989949 0.864477
0.850957 0.786610 0.996490 0.754767 0.931826 0.000000 0.983740 0.736935 0.975594 0.873243 0.903126 0.734862 0.828421 0.745656 0.973793 0.771658 0.970910 0.937027 0.902317 0.961290 0.984079 0.830464 0.895218 0.911929 0.995898 0.940967 0.910890 0.834870 0.906219 0.985172 0.987309 0.893410 0.999284 0.958238 0.939158 0.967866 0.943875 0.893077 0.871965 0.836789 0.901695 0.916535 0.944964 0.962917 0.975050 0.969635 0.890061 0.924789 0.953750 0.917338 0.962861 0.908544 0.989246 0.907988 0.887055 0.913854 0.979084 0.924098 0.893456 0.770832 0.839984 0.716794 0.970701 0.992295 0.926969 0.663913 0.932850 0.830945 0.898876 0.958183 0.712024 0.748404 0.985335 0.974524 0.992178 0.906455 0.829465 0.843658 0.960902 0.957750 0.980209 0.984705 0.697000 0.838769 0.803852 0.999320 0.937524 0.740041 0.995173 0.951926 0.969553 0.968046 0.840931 0.992347 0.928384 0.943865 0.908926 0.858001 0.848017 0.915379 0.854198 0.882735 0.940411 0.868847 0.814037 0.845726 0.966419 0.935689 0.931759 0.962035 0.859249 0.931003 0.963759 0.896317 0.737583 0.828167
0.654103 0.924462 0.431579 0.516149 0.829803 0.983740 0.000000 0.491229 0.656255 0.585614 0.711977 0.865365 0.884477 0.823579 0.771218 0.705553 0.742236 0.628255 0.687780 0.823170 0.946745 0.988672 0.886732 0.946783 0.996073 0.962867 0.964305 0.959148 0.868622 0.879740 0.821749 0.976888 0.509689 0.539234 0.635366 0.864491 0.988945 0.927605 0.928869 0.870825 0.724852 0.880512 0.835926 0.836845 0.615716 0.625787 0.817667 0.768582 0.934272 0.957519 0.995739 0.878168 0.861630 0.960167 0.781973 0.704911 0.838934 0.991066 0.834608 0.961022 0.416377 0.672931 0.574811 0.652700 0.651172 0.705209 0.475585 0.597055 0.947263 0.921588 0.936726 0.949922 0.980393 0.964585 0.853276 0.893198 0.883010 0.952441 0.746310 0.856175 0.549895 0.548205 0.945949 0.710372 0.566280 0.595094 0.843598 0.931774 0.880680 0.799159 0.509743 0.738608 0.526362 0.754358 0.720907 0.785214 0.704831 0.848626 0.519154 0.643756 0.901098 0.948747 0.753338 0.690789 0.891967 0.758487 0.800177 0.885993 0.889083 0.950966 0.739722 0.687126 0.860339 0.871198 0.885670 0.920081
0.576701 0.722444 0.711010 0.564833 0.983063 0.736935 0.491229 0.000000 0.860239 0.480106 0.512302 0.454118 0.812621 0.876242 0.667921 0.905847 0.680438 0.593871 0.700655 0.741517 0.967210 0.958451 0.810520 0.762056 0.777836 0.886518 0.848460 0.876208 0.779436 0.676874 0.977954 0.907226 0.663751 0.426745 0.741067 0.899770 0.905124 0.787145 0.836986 0.757143 0.755868 0.979149 0.812111 0.815981 0.669021 0.621483 0.709678 0.685046 0.831758 0.836882 0.867381 0.681663 0.685234 0.649996 0.685788 0.701018 0.882952 0.942844 0.710342 0.727370 0.391069 0.371020 0.581109 0.518726 0.913787 0.532759 0.629611 0.521551 0.826544 0.840464 0.834321 0.930012 0.983759 0.954359 0.866627 0.961399 0.784446 0.841567 0.758355 0.863502 0.628362 0.653946 0.832325 0.798624 0.984835 0.824360 0.733941 0.690751 0.996946 0.733886 0.766636 0.948618 0.759117 0.962470 0.740029 0.936346 0.781717 0.859406 0.509789 0.725194 0.720851 0.980020 0.704143 0.706528 0.999997 0.797645 0.752880 0.975890 0.851778 0.955209 0.803462 0.716234 0.852754 0.771276 0.889779 0.948655
0.925884 0.963708 0.769929 0.855671 0.651853 0.975594 0.656255 0.860239 0.000000 0.818327 0.920664 0.956684 0.763151 0.911021 0.884416 0.999141 0.841779 0.864490 0.892080 0.957676 0.979160 0.982065 0.704358 0.838669 0.981359 0.988206 0.916813 0.932571 0.890669 0.971190 0.872903 0.939406 0.830075 0.930274 0.931991 0.901994 0.980771 0.863182 0.989464 0.889307 0.888077 0.936487 0.855367 0.872784 0.990921 0.978838 0.917170 0.860225 0.893962 0.880872 0.950515 0.979311 0.929411 0.794611 0.946520 0.908707 0.944132 0.938699 0.904451 0.922156 0.671156 0.843332 0.807182 0.889440 0.678970 0.818198 0.924447 0.946673 0.986042 0.959435 0.962044 0.855094 0.854524 0.941313 0.963773 0.933713 0.940714 0.926627 0.796492 0.920721 0.813908 0.831353 0.789772 0.842432 0.621348 0.576580 0.950781 0.879545 0.858622 0.856772 0.751928 0.833532 0.841937 0.861202 0.975699 0.847460 0.836220 0.954933 0.952529 0.812777 0.868426 0.967537 0.978414 0.923475 0.824114 0.989888 0.938356 0.982438 0.899263 0.968573 0.748921 0.932753 0.960647 0.864863 0.938135 0.845738
0.734361 0.999846 0.985972 0.960046 0.819804 0.873243 0.585614 0.480106 0.818327 0.000000 0.560708 0.605690 0.970710 0.989529 0.740733 0.873693 0.639309 0.630592 0.686915 0.790934 0.906752 0.823553 0.950109 0.783820 0.543481 0.610664 0.787162 0.652365 0.634737 0.567096 0.973963 0.960620 0.777773 0.550526 0.864467 0.920642 0.748614 0.681956 0.893018 0.968588 0.884145 0.923230 0.826366 0.859707 0.714201 0.707331 0.857930 0.914425 0.810413 0.847822 0.736085 0.636758 0.626975 0.581676 0.766192 0.799757 0.996640 0.959017 0.863034 0.886693 0.449563 0.461299 0.410246 0.400816 0.796700 0.855005 0.839410 0.788005 0.768727 0.980126 0.895708 0.791170 0.940509 0.952484 0.907714 0.897225 0.878697 0.834238 0.840399 0.748330 0.596789 0.627557 0.976069 0.694770 0.861020 0.969039 0.781744 0.975045 0.918278 0.858971 0.842003 0.844612 0.974073 0.767908 0.836795 0.994712 0.977000 0.937700 0.690597 0.770183 0.856676 0.814092 0.797845 0.856025 0.927627 0.936786 0.622735 0.778567 0.900244 0.969835 0.957450 0.810595 0.929221 0.918456 0.756677 0.753218
0.564421 0.821776 0.860619 0.863202 0.917605 0.903126 0.711977 0.512302 0.920664 0.560708 0.000000 0.460427 0.815451 0.992518 0.632853 0.824873 0.581297 0.633695 0.811946 0.755240 0.931059 0.826916 0.576854 0.541354 0.802053 0.901425 0.785465 0.940461 0.788037 0.784396 0.807544 0.760834 0.777676 0.507942 0.774661 0.985794 0.918107 0.912977 0.946371 0.840117 0.744225 0.853794 0.949187 0.950456 0.867030 0.733349 0.741178 0.881866 0.870585 0.834074 0.729017 0.635217 0.546237 0.545595 0.686777 0.660335 0.832386 0.877814 0.684855 0.789069 0.528088 0.486375 0.571140 0.487794 0.834299 0.802234 0.777433 0.776770 0.938320 0.690381 0.835551 0.881238 0.838988 0.899008 0.868361 0.904521 0.927272 0.901215 0.711380 0.882797 0.646088 0.725743 0.868469 0.769788 0.884241 0.933010 0.758344 0.695015 0.933109 0.792319 0.882873 0.777126 0.934937 0.847614 0.831114 0.943623 0.806082 0.840450 0.737448 0.880238 0.801502 0.940400 0.645683 0.818664 0.870451 0.880204 0.748798 0.938704 0.846277 0.924365 0.993346 0.815584 0.891916 0.865000 0.895358 0.971203
0.624544 0.679352 0.938535 0.888441 0.908636 0.734862 0.865365 0.454118 0.956684 0.605690 0.460427 0.000000 0.656659 0.643667 0.818257 0.853785 0.655271 0.662009 0.654517 0.709102 0.925302 0.835629 0.646437 0.727234 0.678745 0.760658 0.847285 0.854106 0.751947 0.658008 0.736833 0.853696 0.886707 0.566520 0.918705 0.988559 0.893079 0.735304 0.912496 0.915730 0.852111 0.951701 0.898505 0.889359 0.864860 0.734166 0.731162 0.819420 0.867418 0.826918 0.783701 0.653756 0.656910 0.589836 0.658816 0.770028 0.871493 0.860753 0.759577 0.765750 0.544410 0.397224 0.613316 0.534401 0.792742 0.676337 0.957259 0.823701 0.962010 0.723970 0.941146 0.946914 0.954204 0.984041 0.871979 0.982111 0.825181 0.780310 0.790687 0.861820 0.722226 0.786023 0.823479 0.884849 0.765264 0.939412 0.754520 0.700058 0.997626 0.877595 0.945299 0.697621 0.931760 0.700963 0.860048 0.870476 0.866352 0.969694 0.759629 0.965712 0.730032 0.843405 0.761766 0.899739 0.877037 0.968192 0.798746 0.910590 0.862917 0.959259 0.989017 0.865515 0.865664 0.888867 0.876669 0.936845
0.819035 0.755218 0.943049 0.898692 0.924537 0.828421 0.884477 0.812621 0.763151 0.970710 0.815451 0.656659 0.000000 0.555438 0.736207 0.592270 0.840669 0.863237 0.719964 0.914741 0.905094 0.970877 0.959271 0.914730 0.896524 0.933400 0.977365 0.908098 0.850156 0.921561 0.962536 0.962691 0.932995 0.837991 0.972953 0.960979 0.940793 0.883365 0.983770 0.913089 0.848885 0.956640 0.936622 0.896088 0.996913 0.899370 0.918435 0.995845 0.896761 0.896059 0.882087 0.891449 0.951196 0.825090 0.858320 0.888895 0.891996 0.901095 0.874081 0.874091 0.700587 0.764664 0.868007 0.887170 0.940262 0.840755 0.933008 0.862610 0.773989 0.820284 0.973835 0.951714 0.868219 0.969763 0.988310 0.832861 0.786844 0.711526 0.874178 0.908382 0.896514 0.987064 0.934350 0.987081 0.989931 0.859622 0.967216 0.918169 0.927992 0.877333 0.860450 0.998804 0.853890 0.993977 0.959139 0.971197 0.830390 0.922385 0.862402 0.988856 0.909210 0.944641 0.874733 0.940345 0.901399 0.939752 0.850900 0.936750 0.977686 0.924908 0.909069 0.958139 0.891257 0.761602 0.958516 0.997696
0.897147 0.683523 0.842421 0.983156 0.943326 0.745656 0.823579 0.876242 0.911021 0.989529 0.992518 0.643667 0.555438 0.000000 0.715559 0.547687 0.938750 0.904316 0.663193 0.794950 0.903848 0.968794 0.983148 0.876925 0.878317 0.971604 0.905901 0.935327 0.822053 0.831251 0.978758 0.824463 0.901541 0.947428 0.970346 0.976160 0.814918 0.840339 0.962650 0.999819 0.865922 0.859327 0.877877 0.830957 0.940617 0.955050 0.824889 0.863835 0.982344 0.931813 0.944370 0.955824 0.894706 0.932750 0.858476 0.868144 0.936928 0.922957 0.920828 0.924984 0.953251 0.801761 0.992112 0.979666 0.925437 0.815588 0.814666 0.938659 0.884350 0.868657 0.833027 0.832646 0.809042 0.886274 0.985498 0.784746 0.683808 0.763707 0.901163 0.969926 0.991041 0.961170 0.893065 0.915788 0.798043 0.983460 0.902370 0.971313 0.950443 0.998346 0.900354 0.880688 0.929260 0.872958 0.944698 0.974869 0.979847 0.932623 0.996063 0.997181 0.881304 0.926419 0.932332 0.967365 0.968533 0.948986 0.865502 0.992168 0.842168 0.930288 0.982321 0.970430 0.925563 0.965577 0.924600 0.929754
0.897855 0.925625 0.864666 0.790725 0.783906 0.973793 0.771218 0.667921 0.884416 0.740733 0.632853 0.818257 0.736207 0.715559 0.000000 0.554122 0.980914 0.996701 0.891818 0.943788 0.957078 0.923826 0.556629 0.629618 0.954245 0.943478 0.723825 0.963611 0.846379 0.967348 0.760095 0.748328 0.982041 0.753377 0.871668 0.982540 0.942376 0.965010 0.949023 0.827752 0.860063 0.868713 0.811288 0.862181 0.764100 0.795552 0.919866 0.893942 0.878331 0.888420 0.948551 0.772103 0.582823 0.561682 0.847058 0.857899 0.908036 0.813103 0.750328 0.809133 0.843665 0.798021 0.909912 0.827896 0.870019 0.880337 0.669391 0.655103 0.869187 0.887433 0.941389 0.969808 0.787836 0.868752 0.823927 0.855291 0.984035 0.978502 0.988450 0.998328 0.984993 0.974633 0.723525 0.909178 0.782934 0.783476 0.759458 0.671179 0.945941 0.932728 0.843621 0.956920 0.797757 0.881120 0.876827 0.981244 0.877948 0.786604 0.766291 0.799347 0.707225 0.889180 0.745275 0.805904 0.961884 0.837282 0.729822 0.947795 0.994232 0.961787 0.832867 0.858965 0.995190 0.829094 0.918222 0.906358
0.869010 0.869594 0.716622 0.837246 0.914460 0.771658 0.705553 0.905847 0.999141 0.873693 0.824873 0.853785 0.592270 0.547687 0.554122 0.000000 0.918879 0.897345 0.923115 0.994583 0.900029 0.954052 0.786447 0.682618 0.891656 0.926943 0.855101 0.984442 0.926182 0.890375 0.933817 0.767581 0.903894 0.889797 0.736322 0.984535 0.921664 0.907871 0.967566 0.891606 0.914364 0.755122 0.893905 0.911844 0.749366 0.801994 0.930119 0.879633 0.796037 0.924844 0.952657 0.991520 0.763780 0.791830 0.957891 0.779755 0.931046 0.924968 0.758294 0.949650 0.936942 0.979380 0.843640 0.845848 0.963996 0.906140 0.713332 0.805868 0.993545 0.948972 0.855195 0.896252 0.738922 0.801963 0.870663 0.782631 0.879413 0.807235 0.980335 0.940226 0.797529 0.778505 0.980399 0.857794 0.882695 0.947636 0.837290 0.873695 0.897717 0.781911 0.825766 0.886049 0.818286 0.843250 0.889091 0.813081 0.880819 0.835966 0.855599 0.781191 0.918918 0.941884 0.861732 0.856518 0.950972 0.817629 0.805855 0.917396 0.966918 0.978536 0.888151 0.795820 0.842448 0.920901 0.889165 0.996053
0.493198 0.614974 0.876061 0.978688 0.901169 0.970910 0.742236 0.680438 0.841779 0.639309 0.581297 0.655271 0.840669 0.938750 0.980914 0.918879 0.000000 0.444399 0.683189 0.574557 0.929228 0.900528 0.906086 0.746798 0.871114 0.931109 0.921526 0.899642 0.642326 0.670300 0.972268 0.927958 0.656486 0.673981 0.753366 0.948306 0.833677 0.872182 0.858155 0.888292 0.826122 0.930129 0.979099 0.948680 0.799101 0.721808 0.774165 0.805603 0.729279 0.869449 0.993070 0.969475 0.937063 0.883484 0.638614 0.683740 0.538527 0.561487 0.583142 0.753268 0.556184 0.583536 0.480665 0.432082 0.991456 0.828153 0.875179 0.886830 0.843573 0.661354 0.914546 0.783665 0.997159 0.950330 0.866398 0.959838 0.996337 0.970771 0.671178 0.901903 0.468202 0.531850 0.882341 0.543304 0.775290 0.831652 0.878357 0.950252 0.778501 0.689949 0.962532 0.779786 0.923103 0.786028 0.811364 0.846938 0.783979 0.996804 0.746087 0.796365 0.954963 0.807639 0.697253 0.834402 0.932003 0.907050 0.810676 0.964103 0.972562 0.929018 0.991283 0.765893 0.805164 0.969717 0.985690 0.868566
0.434695 0.626596 0.752950 0.768451 0.989083 0.937027 0.628255 0.593871 0.864490 0.630592 0.633695 0.662009 0.863237 0.904316 0.996701 0.897345 0.444399 0.000000 0.606638 0.575319 0.871521 0.950407 0.959612 0.759981 0.987026 0.966071 0.942979 0.968112 0.616074 0.613959 0.862837 0.980678 0.586463 0.560284 0.709101 0.830623 0.833740 0.924827 0.947411 0.922392 0.735798 0.869408 0.885072 0.857173 0.759461 0.680088 0.567716 0.665902 0.703197 0.867255 0.933560 0.997866 0.991713 0.899363 0.560405 0.556444 0.489033 0.619486 0.560278 0.696496 0.513543 0.557975 0.437872 0.434935 0.885765 0.746412 0.749021 0.723356 0.928211 0.714063 0.982202 0.867730 0.947722 0.898584 0.939045 0.976816 0.987330 0.955402 0.638932 0.953349 0.338127 0.387962 0.849402 0.486896 0.688290 0.686074 0.912911 0.986396 0.750469 0.589450 0.943629 0.787411 0.993639 0.822557 0.773093 0.817809 0.840727 0.976341 0.696967 0.752641 0.965283 0.828864 0.744134 0.813978 0.954316 0.762214 0.834134 0.966003 0.906327 0.919539 0.994890 0.751164 0.795079 0.981372 0.978788 0.847997
0.592848 0.654378 0.813453 0.824890 0.976414 0.902317 0.687780 0.700655 0.892080 0.686915 0.811946 0.654517 0.719964 0.663193 0.891818 0.923115 0.683189 0.606638 0.000000 0.649065 0.969458 0.951169 0.908584 0.946154 0.897613 0.970975 0.998814 0.996607 0.691354 0.718616 0.849629 0.806491 0.652562 0.667041 0.780851 0.898484 0.930947 0.852823 0.949383 0.908309 0.842625 0.970531 0.922658 0.855554 0.815517 0.713617 0.711006 0.760599 0.878337 0.966022 0.997088 0.998237 0.982164 0.954810 0.691196 0.710892 0.696323 0.773728 0.870352 0.873547 0.582307 0.672801 0.569339 0.637376 0.903106 0.768815 0.908626 0.864486 0.870603 0.816002 0.921832 0.894090 0.796124 0.896839 0.966551 0.950950 0.869722 0.832530 0.671057 0.972613 0.571567 0.575519 0.876464 0.755925 0.710878 0.720431 0.882943 0.922436 0.892754 0.828471 0.861952 0.987340 0.896668 0.948327 0.870605 0.963860 0.775608 0.937909 0.745596 0.713839 0.967818 0.805704 0.788604 0.888243 0.982168 0.807393 0.877941 0.927414 0.927651 0.919776 0.986731 0.779715 0.796219 0.954704 0.926700 0.749882
0.576386 0.647815 0.846588 0.849743 0.944073 0.961290 0.823170 0.741517 0.957676 0.790934 0.755240 0.709102 0.914741 0.794950 0.943788 0.994583 0.574557 0.575319 0.649065 0.000000 0.831677 0.940876 0.953293 0.893816 0.947319 0.953570 0.898487 0.880713 0.759926 0.800114 0.822861 0.998245 0.720251 0.757299 0.752009 0.996383 0.827495 0.939606 0.955796 0.933936 0.895496 0.951246 0.844090 0.827077 0.828149 0.695190 0.649750 0.619885 0.715198 0.730809 0.786540 0.797954 0.888908 0.993849 0.759941 0.672407 0.617200 0.588693 0.581207 0.579949 0.735073 0.679875 0.723637 0.659277 0.935507 0.724191 0.827878 0.762416 0.872293 0.768359 0.932828 0.987807 0.829163 0.929346 0.970733 0.966029 0.889602 0.999685 0.626367 0.995533 0.617093 0.621261 0.830455 0.679494 0.843075 0.779296 0.887952 0.981162 0.810762 0.642839 0.931753 0.927703 0.987585 0.940131 0.950888 0.927567 0.764438 0.863547 0.718532 0.802072 0.800722 0.874687 0.702194 0.792794 0.965250 0.844825 0.938315 0.915951 0.898515 0.999956 0.909329 0.777882 0.775220 0.974983 0.991640 0.930409
0.704281 0.805745 0.750528 0.785253 0.825065 0.984079 0.946745 0.967210 0.979160 0.906752 0.931059 0.925302 0.905094 0.903848 0.957078 0.900029 0.929228 0.871521 0.969458 0.831677 0.000000 0.917078 0.854704 0.761889 0.726444 0.680896 0.962443 0.808282 0.780723 0.704981 0.966481 0.853478 0.825885 0.981342 0.761305 0.951754 0.713990 0.789364 0.846902 0.971398 0.857457 0.884401 0.694776 0.747037 0.990796 0.931172 0.794180 0.871945 0.913895 0.820851 0.732627 0.787976 0.904549 0.884673 0.991830 0.989865 0.648046 0.736954 0.667395 0.861020 0.988868 0.900041 0.929737 0.941496 0.808805 0.928849 0.783562 0.881907 0.691185 0.758139 0.907286 0.898484 0.950827 0.750245 0.928267 0.977717 0.932586 0.922267 0.909866 0.918922 0.958229 0.949077 0.837449 0.988815 0.995177 0.983291 0.922502 0.846827 0.829636 0.724863 0.857381 0.853886 0.872604 0.806315 0.913756 0.766034 0.811273 0.858267 0.978477 0.871092 0.948160 0.866311 0.738279 0.780496 0.940154 0.818107 0.838015 0.819215 0.939500 0.877275 0.933466 0.837610 0.924676 0.949518 0.873271 0.794112
0.991614 0.842986 0.826941 0.801856 0.934846 0.830464 0.988672 0.958451 0.982065 0.823553 0.826916 0.835629 0.970877 0.968794 0.923826 0.954052 0.900528 0.950407 0.951169 0.940876 0.917078 0.000000 0.945882 0.934607 0.879468 0.770672 0.890930 0.704874 0.795057 0.809754 0.912114 0.844259 0.974163 0.955289 0.952954 0.901932 0.823121 0.820116 0.966871 0.863283 0.924148 0.812384 0.919820 0.918109 0.921944 0.936206 0.945365 0.971210 0.964580 0.825961 0.726014 0.741511 0.725811 0.754618 0.922860 0.989794 0.990834 0.909348 0.890594 0.817220 0.888986 0.912446 0.792085 0.812193 0.759882 0.837972 0.843149 0.902791 0.867066 0.999618 0.742086 0.713510 0.941011 0.965899 0.868691 0.944138 0.903819 0.887501 0.994469 0.962570 0.970464 0.924257 0.782344 0.891953 0.997864 0.861239 0.936816 0.950400 0.853922 0.922643 0.858287 0.848700 0.787327 0.732188 0.919577 0.985954 0.991490 0.935619 0.865087 0.816147 0.945482 0.738447 0.962415 0.900454 0.699471 0.777962 0.857027 0.763938 0.963887 0.952729 0.957008 0.838652 0.916967 0.935687 0.774495 0.870338
0.767863 0.866708 0.922027 0.996404 0.595426 0.895218 0.886732 0.810520 0.704358 0.950109 0.576854 0.646437 0.959271 0.983148 0.556629 0.786447 0.906086 0.959612 0.908584 0.953293 0.854704 0.945882 0.000000 0.413643 0.904494 0.986879 0.796429 0.898439 0.927977 0.917744 0.563606 0.565743 0.889969 0.864281 0.988694 0.901817 0.925462 0.950929 0.864280 0.864987 0.864142 0.853993 0.791405 0.795840 0.954908 0.863534 0.826685 0.874634 0.857737 0.930906 0.896327 0.777839 0.634153 0.550067 0.873799 0.875268 0.930926 0.935474 0.647793 0.780363 0.997589 0.809747 0.954389 0.826918 0.640164 0.976357 0.945535 0.928389 0.803507 0.778874 0.882303 0.959904 0.637470 0.709388 0.855715 0.995278 0.890486 0.884251 0.999890 0.978849 0.995674 0.885571 0.613511 0.840722 0.460260 0.582002 0.707738 0.516449 0.995126 0.964344 0.895168 0.767222 0.949981 0.904010 0.982633 0.965684 0.958588 0.733469 0.890128 0.964928 0.733920 0.970649 0.675646 0.822513 0.869031 0.907145 0.943544 0.992705 0.996313 0.963642 0.945297 0.883953 0.976037 0.944428 0.973156 0.808834
0.630501 0.886379 0.999776 0.964447 0.700553 0.911929 0.946783 0.762056 0.838669 0.783820 0.541354 0.727234 0.914730 0.876925 0.629618 0.682618 0.746798 0.759981 0.946154 0.893816 0.761889 0.934607 0.413643 0.000000 0.881942 0.959524 0.728390 0.995124 0.976840 0.989729 0.684563 0.547768 0.984689 0.769079 0.914131 0.925234 0.836857 0.959160 0.921333 0.893972 0.771945 0.872098 0.875074 0.882811 0.872206 0.798523 0.774735 0.834015 0.747330 0.991218 0.892548 0.789461 0.678927 0.576402 0.864318 0.822337 0.799603 0.842752 0.577923 0.827728 0.862039 0.790702 0.746768 0.639266 0.703429 0.883259 0.874209 0.927200 0.791532 0.744532 0.862119 0.908787 0.585578 0.657718 0.974203 0.875931 0.974845 0.954816 0.924012 0.881404 0.766396 0.882954 0.819292 0.876935 0.705485 0.703750 0.756135 0.662170 0.900159 0.838920 0.997156 0.780536 0.980915 0.868726 0.977173 0.884662 0.937485 0.803700 0.818100 0.901768 0.819329 0.995709 0.637281 0.783524 0.873934 0.868704 0.844994 0.930383 0.970826 0.956976 0.958554 0.787586 0.995549 0.953093 0.914166 0.927933
0.929898 0.852241 0.647544 0.702127 0.856229 0.995898 0.996073 0.777836 0.981359 0.543481 0.802053 0.678745 0.896524 0.878317 0.954245 0.891656 0.871114 0.987026 0.897613 0.947319 0.726444 0.879468 0.904494 0.881942 0.000000 0.399477 0.785848 0.594048 0.659338 0.634003 0.824870 0.989975 0.841060 0.806412 0.861129 0.821069 0.687878 0.649484 0.767409 0.828224 0.906858 0.755420 0.621995 0.607184 0.998134 0.987428 0.853395 0.920775 0.992194 0.754370 0.633129 0.618734 0.659262 0.610601 0.984974 0.910166 0.702026 0.837038 0.898719 0.983015 0.743864 0.640122 0.675285 0.613817 0.559764 0.911358 0.768058 0.859544 0.826343 0.826034 0.764102 0.781032 0.924471 0.909535 0.911103 0.962013 0.783894 0.808282 0.843275 0.767747 0.974275 0.971165 0.978282 0.924550 0.844060 0.790720 0.870103 0.974996 0.753282 0.823925 0.849911 0.671055 0.755961 0.591317 0.920265 0.710458 0.783514 0.788027 0.958892 0.900080 0.998479 0.791018 0.995922 0.903707 0.807373 0.822974 0.832319 0.676923 0.932563 0.863449 0.897040 0.998474 0.959772 0.948818 0.678059 0.691726
0.805481 0.737307 0.621564 0.649792 0.775685 0.940967 0.962867 0.886518 0.988206 0.610664 0.901425 0.760658 0.933400 0.971604 0.943478 0.926943 0.931109 0.966071 0.970975 0.953570 0.680896 0.770672 0.986879 0.959524 0.399477 0.000000 0.813997 0.620464 0.688833 0.628704 0.795363 0.917162 0.825819 0.903077 0.819950 0.809499 0.630213 0.618463 0.709325 0.807744 0.846492 0.741933 0.596770 0.619780 0.896045 0.970357 0.843614 0.817086 0.989466 0.758763 0.651977 0.640464 0.739701 0.650122 0.914644 0.858595 0.727117 0.755695 0.833443 0.841574 0.825375 0.775780 0.708517 0.715436 0.552008 0.840648 0.731419 0.817468 0.739698 0.844530 0.770180 0.788397 0.937887 0.863328 0.989535 0.970855 0.720116 0.713108 0.809248 0.719134 0.979328 0.961650 0.974496 0.994862 0.909084 0.774869 0.927843 0.888238 0.677698 0.742286 0.822850 0.716948 0.739619 0.592177 0.864799 0.719276 0.793267 0.702339 0.928670 0.905688 0.979766 0.744839 0.860635 0.799418 0.851836 0.745246 0.776613 0.679548 0.894597 0.908207 0.965102 0.887058 0.899013 0.992898 0.690520 0.715358
0.921183 0.994145 0.834101 0.898352 0.916114 0.910890 0.964305 0.848460 0.916813 0.787162 0.785465 0.847285 0.977365 0.905901 0.723825 0.855101 0.921526 0.942979 0.998814 0.898487 0.962443 0.890930 0.796429 0.728390 0.785848 0.813997 0.000000 0.739067 0.979770 0.962385 0.908551 0.873181 0.993844 0.792314 0.946558 0.954280 0.909727 0.979531 0.925554 0.956686 0.985366 0.955344 0.855950 0.959499 0.694398 0.699273 0.952833 0.879764 0.721043 0.850607 0.975686 0.888356 0.797461 0.780477 0.936434 0.936600 0.983261 0.937298 0.926033 0.953726 0.944419 0.873605 0.912809 0.832376 0.737115 0.933631 0.979977 0.863054 0.996037 0.953228 0.935827 0.895311 0.893930 0.961241 0.993452 0.981045 0.916391 0.959860 0.986654 0.923955 0.956976 0.930799 0.893407 0.938823 0.884662 0.798474 0.879777 0.926472 0.916596 0.939153 0.856269 0.985864 0.961217 0.930103 0.926769 0.963502 0.928562 0.991555 0.850507 0.821047 0.861943 0.958199 0.896584 0.945154 0.681084 0.940045 0.874809 0.900576 0.933751 0.918337 0.887375 0.877929 0.998510 0.850402 0.739280 0.923419
0.849897 0.835238 0.751130 0.785103 0.697941 0.834870 0.959148 0.876208 0.932571 0.652365 0.940461 0.854106 0.908098 0.935327 0.963611 0.984442 0.899642 0.968112 0.996607 0.880713 0.808282 0.704874 0.898439 0.995124 0.594048 0.620464 0.739067 0.000000 0.826005 0.755566 0.985032 0.865259 0.943797 0.937519 0.880869 0.919779 0.698964 0.657175 0.927065 0.847250 0.829860 0.899745 0.837067 0.807777 0.802837 0.838352 0.924281 0.982881 0.801775 0.957298 0.905354 0.875113 0.846127 0.812700 0.986752 0.881231 0.801532 0.941549 0.916008 0.997016 0.851349 0.798605 0.820649 0.768561 0.744657 0.931474 0.855474 0.996615 0.652779 0.869431 0.803624 0.790329 0.924572 0.829747 0.945531 0.960516 0.898519 0.792668 0.856872 0.791948 0.991028 0.898297 0.798668 0.852264 0.949605 0.960126 0.976011 0.789186 0.935282 0.875820 0.940190 0.860997 0.798482 0.730959 0.912361 0.844734 0.868398 0.749197 0.998882 0.973397 0.943117 0.819637 0.788978 0.842730 0.764145 0.755763 0.873979 0.718172 0.852667 0.942229 0.970729 0.995129 0.986744 0.986274 0.712166 0.678807
0.835654 0.938072 0.880272 0.816504 0.826847 0.906219 0.868622 0.779436 0.890669 0.634737 0.788037 0.751947 0.850156 0.822053 0.846379 0.926182 0.642326 0.616074 0.691354 0.759926 0.780723 0.795057 0.927977 0.976840 0.659338 0.688833 0.979770 0.826005 0.000000 0.406668 0.958519 0.755864 0.855555 0.682895 0.942043 0.989762 0.821902 0.696170 0.830096 0.796130 0.951993 0.937604 0.739910 0.801596 0.980570 0.924960 0.887718 0.982624 0.939983 0.838977 0.634210 0.698891 0.866404 0.725345 0.875040 0.816741 0.924101 0.990163 0.974133 0.975675 0.668708 0.624885 0.533809 0.571338 0.811882 0.982766 0.813838 0.904164 0.849118 0.944666 0.800052 0.726450 0.955340 0.806840 0.983328 0.912087 0.896161 0.945941 0.858255 0.955159 0.681024 0.708371 0.716133 0.645575 0.854990 0.930207 0.974842 0.771683 0.976828 0.906440 0.793522 0.571218 0.694759 0.515529 0.948843 0.987193 0.815900 0.834749 0.983967 0.990870 0.906991 0.580130 0.938195 0.890543 0.802755 0.878016 0.847955 0.664983 0.982859 0.954910 0.977949 0.943681 0.851331 0.992246 0.829388 0.668307
0.854968 0.914906 0.790042 0.834242 0.819196 0.985172 0.879740 0.676874 0.971190 0.567096 0.784396 0.658008 0.921561 0.831251 0.967348 0.890375 0.670300 0.613959 0.718616 0.800114 0.704981 0.809754 0.917744 0.989729 0.634003 0.628704 0.962385 0.755566 0.406668 0.000000 0.882787 0.731247 0.830418 0.620447 0.924315 0.879766 0.791193 0.701748 0.885582 0.945853 0.985285 0.850230 0.802060 0.816144 0.874942 0.860143 0.855243 0.928276 0.799873 0.884204 0.757603 0.715648 0.826564 0.683346 0.749184 0.808744 0.907994 0.963794 0.958687 0.916893 0.661491 0.554092 0.524645 0.521904 0.777224 0.905549 0.862418 0.939719 0.711593 0.937481 0.888702 0.805970 0.860936 0.780545 0.979650 0.933233 0.871905 0.924929 0.880545 0.972349 0.702101 0.671531 0.741443 0.664537 0.874634 0.965045 0.960687 0.835040 0.978162 0.886321 0.743799 0.552547 0.694123 0.504800 0.896711 0.831675 0.859454 0.786192 0.926349 0.995514 0.976591 0.660268 0.885338 0.917446 0.859002 0.962059 0.722058 0.723951 0.947287 0.976020 0.999657 0.966922 0.873753 0.964178 0.863549 0.671016
0.934998 0.946578 0.833106 0.889473 0.864613 0.987309 0.821749 0.977954 0.872903 0.973963 0.807544 0.736833 0.962536 0.978758 0.760095 0.933817 0.972268 0.862837 0.849629 0.822861 0.966481 0.912114 0.563606 0.684563 0.824870 0.795363 0.908551 0.985032 0.958519 0.882787 0.000000 0.657349 0.686035 0.975082 0.888317 0.801934 0.987412 0.758679 0.982020 0.960754 0.897552 0.919528 0.959215 0.971469 0.847820 0.839650 0.934949 0.804645 0.794184 0.677489 0.732767 0.700658 0.684691 0.662863 0.991786 0.921904 0.824012 0.844828 0.998691 0.932335 0.967658 0.907571 0.949572 0.987381 0.746274 0.954432 0.873100 0.808213 0.880394 0.803347 0.723108 0.942536 0.815146 0.836560 0.838362 0.954983 0.983414 0.954992 0.871461 0.991224 0.846833 0.798460 0.739475 0.796516 0.567930 0.713656 0.826490 0.728554 0.956326 0.905483 0.864463 0.832592 0.824828 0.853703 0.908827 0.949181 0.920635 0.930597 0.847516 0.828974 0.885596 0.963385 0.867692 0.892711 0.923142 0.890877 0.943398 0.873176 0.946610 0.928559 0.886834 0.972299 0.946237 0.925926 0.870934 0.864650
0.816792 0.885761 0.908392 0.864791 0.818560 0.893410 0.976888 0.907226 0.939406 0.960620 0.760834 0.853696 0.962691 0.824463 0.748328 0.767581 0.927958 0.980678 0.806491 0.998245 0.853478 0.844259 0.565743 0.547768 0.989975 0.917162 0.873181 0.865259 0.755864 0.731247 0.657349 0.000000 0.926524 0.992041 0.965810 0.708144 0.758475 0.861008 0.899488 0.887138 0.763365 0.907430 0.899780 0.911977 0.974307 0.963547 0.958358 0.981916 0.986146 0.977077 0.970618 0.963487 0.793897 0.827670 0.980347 0.965279 0.925127 0.851136 0.670918 0.854108 0.953583 0.923217 0.995591 0.895164 0.944945 0.961936 0.847715 0.965753 0.747385 0.709232 0.926810 0.960685 0.748684 0.651814 0.822222 0.865788 0.965145 0.967964 0.990312 0.895619 0.906492 0.986715 0.722011 0.964895 0.718765 0.843974 0.836237 0.561799 0.799887 0.971915 0.865717 0.984493 0.853242 0.922327 0.920978 0.994715 0.864617 0.756156 0.879284 0.953286 0.904785 0.826122 0.704014 0.793172 0.944495 0.865785 0.973312 0.914261 0.919547 0.838297 0.892409 0.865595 0.968836 0.924324 0.954625 0.813703
0.560949 0.662714 0.572427 0.653521 0.984302 0.999284 0.509689 0.663751 0.830075 0.777773 0.777676 0.886707 0.932995 0.901541 0.982041 0.903894 0.656486 0.586463 0.652562 0.720251 0.825885 0.974163 0.889969 0.984689 0.841060 0.825819 0.993844 0.943797 0.855555 0.830418 0.686035 0.926524 0.000000 0.606922 0.693434 0.846186 0.857143 0.891010 0.967464 0.946285 0.680555 0.801570 0.780690 0.739251 0.638401 0.587129 0.746107 0.683034 0.789150 0.807031 0.845985 0.928381 0.954601 0.914895 0.743531 0.778983 0.585575 0.739191 0.698817 0.831049 0.585348 0.740957 0.695217 0.733114 0.723594 0.714884 0.591763 0.577337 0.915986 0.874153 0.861571 0.957719 0.867175 0.870713 0.993204 0.939886 0.824740 0.908560 0.713348 0.923125 0.546929 0.585308 0.938069 0.730061 0.611850 0.647946 0.864621 0.983126 0.863706 0.755601 0.653222 0.835953 0.683311 0.856541 0.800188 0.757167 0.619268 0.875912 0.619901 0.680236 0.897985 0.976155 0.795174 0.696793 0.992211 0.690263 0.857438 0.801802 0.862324 0.852973 0.888137 0.691176 0.715068 0.855807 0.961078 0.941903
0.581608 0.784771 0.763898 0.727881 0.966009 0.958238 0.539234 0.426745 0.930274 0.550526 0.507942 0.566520 0.837991 0.947428 0.753377 0.889797 0.673981 0.560284 0.667041 0.757299 0.981342 0.955289 0.864281 0.769079 0.806412 0.903077 0.792314 0.937519 0.682895 0.620447 0.975082 0.992041 0.606922 0.000000 0.736817 0.817110 0.987183 0.919087 0.934411 0.796330 0.734017 0.933738 0.862749 0.909882 0.724786 0.653249 0.733180 0.730415 0.817879 0.888771 0.874130 0.722754 0.707952 0.683121 0.630895 0.676596 0.822299 0.942769 0.762695 0.812130 0.468666 0.485875 0.518867 0.498855 0.995619 0.718812 0.664318 0.588603 0.961981 0.804210 0.970157 0.974854 0.943782 0.995221 0.933840 0.983008 0.953298 0.875169 0.768307 0.870716 0.588067 0.598678 0.969768 0.734585 0.849532 0.840903 0.897722 0.890637 0.944399 0.775097 0.795765 0.890564 0.829448 0.900987 0.777625 0.940502 0.822097 0.956023 0.577519 0.683804 0.854577 0.942025 0.791858 0.787928 0.930761 0.780476 0.728102 0.992898 0.884658 0.873502 0.858023 0.652025 0.788862 0.876817 0.840506 0.853691
0.649781 0.801143 0.594135 0.598452 0.995168 0.939158 0.635366 0.741067 0.931991 0.864467 0.774661 0.918705 0.972953 0.970346 0.871668 0.736322 0.753366 0.709101 0.780851 0.752009 0.761305 0.952954 0.988694 0.914131 0.861129 0.819950 0.946558 0.880869 0.942043 0.924315 0.888317 0.965810 0.693434 0.736817 0.000000 0.905583 0.846035 0.847334 0.936186 0.833497 0.743982 0.794235 0.761778 0.799770 0.804560 0.750937 0.776892 0.744300 0.905366 0.871716 0.798988 0.841815 0.982377 0.916735 0.836886 0.633961 0.726609 0.802693 0.742857 0.766210 0.746976 0.880641 0.814688 0.801014 0.731214 0.781181 0.617051 0.683512 0.797304 0.690602 0.827421 0.836236 0.880931 0.942747 0.989970 0.924594 0.960567 0.952784 0.737742 0.919319 0.657214 0.659955 0.996225 0.743270 0.728274 0.704729 0.862395 0.895534 0.978269 0.691586 0.689347 0.726571 0.654533 0.750031 0.845324 0.713107 0.637304 0.745977 0.675286 0.663609 0.907165 0.875172 0.706332 0.688478 0.910153 0.729797 0.969524 0.639537 0.898090 0.987870 0.853762 0.876036 0.994222 0.995272 0.914951 0.928648
0.923448 0.931787 0.838226 0.828793 0.943370 0.967866 0.864491 0.899770 0.901994 0.920642 0.985794 0.988559 0.960979 0.976160 0.982540 0.984535 0.948306 0.830623 0.898484 0.996383 0.951754 0.901932 0.901817 0.925234 0.821069 0.809499 0.954280 0.919779 0.989762 0.879766 0.801934 0.708144 0.846186 0.817110 0.905583 0.000000 0.881083 0.978122 0.936516 0.775862 0.991685 0.911820 0.792974 0.881622 0.877517 0.931316 0.839760 0.760108 0.913671 0.966479 0.937599 0.988331 0.940452 0.926806 0.864496 0.888106 0.893156 0.961350 0.980659 0.982700 0.959363 0.982166 0.947354 0.993370 0.761735 0.855988 0.822994 0.732969 0.877361 0.912982 0.883165 0.900034 0.998179 0.990116 0.967516 0.992764 0.901911 0.849020 0.856576 0.888674 0.920620 0.874751 0.951734 0.949900 0.836150 0.845848 0.995951 0.947099 0.951179 0.889757 0.964307 0.968922 0.918430 0.934581 0.765703 0.995576 0.986940 0.954811 0.834445 0.913898 0.943988 0.965754 0.893691 0.946181 0.980507 0.837894 0.910194 0.996468 0.988200 0.978817 0.966062 0.948336 0.937852 0.936626 0.919778 0.970864
0.778819 0.793000 0.707166 0.840186 0.914340 0.943875 0.988945 0.905124 0.980771 0.748614 0.918107 0.893079 0.940793 0.814918 0.942376 0.921664 0.833677 0.833740 0.930947 0.827495 0.713990 0.823121 0.925462 0.836857 0.687878 0.630213 0.909727 0.698964 0.821902 0.791193 0.987412 0.758475 0.857143 0.987183 0.846035 0.881083 0.000000 0.641197 0.846692 0.805433 0.782036 0.764243 0.880947 0.874681 0.849805 0.873036 0.875320 0.922205 0.971876 0.881997 0.776938 0.730236 0.810143 0.822297 0.834266 0.850318 0.649570 0.627845 0.682826 0.784620 0.934962 0.883043 0.934048 0.973937 0.730081 0.960203 0.786833 0.891297 0.702205 0.779990 0.946139 0.918442 0.958520 0.852348 0.897360 0.812438 0.995749 0.870073 0.724573 0.859931 0.865400 0.893774 0.953166 0.859792 0.910902 0.876185 0.948727 0.825199 0.729381 0.718640 0.934090 0.967678 0.884205 0.812169 0.955706 0.860744 0.765084 0.868511 0.958068 0.981678 0.994201 0.805287 0.754142 0.885611 0.773686 0.706590 0.861076 0.748790 0.996194 0.829381 0.906868 0.957211 0.966359 0.977048 0.692882 0.840566
0.878272 0.869242 0.788939 0.868820 0.695492 0.893077 0.927605 0.787145 0.863182 0.681956 0.912977 0.735304 0.883365 0.840339 0.965010 0.907871 0.872182 0.924827 0.852823 0.939606 0.789364 0.820116 0.950929 0.959160 0.649484 0.618463 0.979531 0.657175 0.696170 0.701748 0.758679 0.861008 0.891010 0.919087 0.847334 0.978122 0.641197 0.000000 0.909842 0.892387 0.784277 0.699180 0.795695 0.820322 0.955197 0.974476 0.916647 0.886237 0.898247 0.696320 0.588386 0.610509 0.773739 0.719125 0.936140 0.948579 0.770682 0.809675 0.777306 0.825289 0.725960 0.700001 0.746818 0.770235 0.861015 0.925575 0.773830 0.858102 0.733075 0.940783 0.787599 0.762564 0.953171 0.956465 0.835315 0.956825 0.961488 0.861557 0.968972 0.870601 0.922549 0.919367 0.921123 0.975697 0.985585 0.991038 0.975455 0.922338 0.881689 0.902301 0.882596 0.730603 0.746527 0.668084 0.994215 0.910721 0.775543 0.833945 0.930507 0.888632 0.996660 0.762746 0.853159 0.752807 0.804078 0.684142 0.750245 0.640325 0.975755 0.860633 0.970177 0.946199 0.952495 0.900007 0.809289 0.767260
