0.000000 0.297767 0.478720 0.436644 0.766941 0.721983 0.443295 0.366881 0.621614 0.643416 0.388827 0.297252 0.331180 0.505107 0.518770 0.564778 0.286212 0.295126 0.325309 0.298846 0.694404 0.794613 0.584964 0.636292 0.821335 0.719411 0.911814 0.955103 0.346732 0.288321 0.459102 0.577638 0.391906 0.347892 0.741117 0.760116 0.692506 0.722675 0.824069 0.862039 0.935485 0.866560 0.407223 0.389399 0.364617 0.304972 0.334647 0.386810 0.639282 0.341751 0.326524 0.374295 0.509136 0.515198 0.566861 0.645101 0.395603 0.358562 0.262137 0.302125 0.267611 0.353850 0.244787 0.270503 0.521362 0.398771 0.370089 0.289263 0.451582 0.406612 0.570355 0.578518 0.479485 0.429745 0.835992 0.730231 0.560449 0.537492 0.385332 0.437495 0.271675 0.296568 0.518086 0.502915 0.471815 0.458428 0.960317 0.728089 0.681481 0.627771 0.695038 0.766555 0.699561 0.882248 0.606866 0.612302 0.584558 0.713141 0.427835 0.437379 0.659736 0.802846 0.539153 0.609241 0.554290 0.622958 0.998669 0.780388 0.704480 0.672682 0.875846 0.510056 0.504034 0.672447 0.697322 0.941383
0.297767 0.000000 0.636700 0.586007 0.765549 0.889187 0.569751 0.443174 0.798085 0.691782 0.490998 0.376760 0.493535 0.552383 0.658500 0.678875 0.268554 0.326460 0.415080 0.399018 0.722716 0.795258 0.738836 0.784691 0.914072 0.831165 0.778233 0.949822 0.313865 0.334126 0.548116 0.701207 0.448180 0.440167 0.863267 0.676318 0.705810 0.718764 0.859807 0.770580 0.984464 0.620591 0.463863 0.447018 0.435128 0.426590 0.477924 0.435386 0.636250 0.487695 0.400597 0.467163 0.689727 0.581982 0.703250 0.722410 0.298880 0.250833 0.322922 0.355926 0.394558 0.426727 0.312045 0.215058 0.683715 0.543161 0.488174 0.370152 0.460805 0.318947 0.651842 0.589382 0.545800 0.520974 0.984407 0.754924 0.631999 0.509592 0.529135 0.582420 0.313103 0.405747 0.538042 0.501259 0.618473 0.584164 0.962204 0.927122 0.769251 0.681879 0.829732 0.834293 0.764758 0.894186 0.563706 0.742374 0.708641 0.517802 0.505063 0.502004 0.722180 0.850408 0.630779 0.539852 0.561382 0.672810 0.958615 0.797394 0.875374 0.721459 0.809975 0.528859 0.656106 0.663242 0.728332 0.866632
0.478720 0.636700 0.000000 0.192438 0.846118 0.660532 0.240865 0.291879 0.407388 0.529590 0.490500 0.460934 0.327840 0.572168 0.441866 0.509383 0.651204 0.504958 0.402820 0.469068 0.672283 0.745482 0.368009 0.369296 0.568081 0.418421 0.924598 0.988051 0.556045 0.509565 0.353994 0.358833 0.359187 0.410515 0.786666 0.939215 0.623266 0.931998 0.616490 0.847650 0.827219 0.944396 0.355689 0.353570 0.389390 0.420115 0.346175 0.451390 0.734391 0.541809 0.520710 0.483178 0.563933 0.537140 0.577573 0.697160 0.797811 0.811179 0.494386 0.591810 0.272041 0.401515 0.630326 0.681009 0.247767 0.220936 0.305640 0.293241 0.683320 0.635567 0.511220 0.616833 0.488916 0.517118 0.897987 0.779647 0.599817 0.633329 0.596942 0.560431 0.524409 0.386025 0.650871 0.620399 0.413506 0.330988 0.940830 0.641168 0.661058 0.546229 0.564633 0.654016 0.594927 0.677061 0.587933 0.663277 0.541335 0.716784 0.508567 0.444361 0.623065 0.644896 0.710612 0.642652 0.482856 0.605658 0.863903 0.835833 0.844494 0.874380 0.885849 0.545737 0.563534 0.807872 0.614095 0.894642
0.436644 0.586007 0.192438 0.000000 0.830335 0.627835 0.238558 0.233412 0.398262 0.515210 0.537035 0.386230 0.330684 0.463197 0.388448 0.407803 0.616924 0.469628 0.363430 0.451685 0.554428 0.681006 0.325546 0.341822 0.619696 0.411522 0.969662 0.971035 0.461696 0.446955 0.302071 0.322980 0.288349 0.306159 0.733010 0.912255 0.633897 0.934285 0.697040 0.919983 0.899660 0.885426 0.296721 0.283995 0.352844 0.374322 0.304552 0.434385 0.724466 0.511399 0.488741 0.400119 0.540631 0.478886 0.572182 0.697752 0.752789 0.764323 0.441893 0.537216 0.263843 0.348594 0.586710 0.602758 0.262358 0.195603 0.269456 0.260585 0.688909 0.592186 0.419983 0.510083 0.444849 0.464568 0.817703 0.741033 0.534333 0.601713 0.551168 0.522460 0.500911 0.346704 0.610142 0.491422 0.374970 0.287752 0.965263 0.677632 0.689558 0.513114 0.467666 0.582044 0.492393 0.603367 0.602447 0.681922 0.536652 0.679383 0.439890 0.382814 0.558401 0.633729 0.672725 0.562480 0.433517 0.577097 0.875093 0.857821 0.923856 0.903263 0.841782 0.466543 0.502071 0.686763 0.570953 0.910881
0.766941 0.765549 0.846118 0.830335 0.000000 0.725294 0.756632 0.768496 0.925478 0.988209 0.872313 0.828623 0.730664 0.921358 0.765225 0.762975 0.786755 0.857845 0.766265 0.886553 0.731472 0.736303 0.722906 0.812603 0.947033 0.971923 0.722186 0.785099 0.746576 0.788089 0.776314 0.964392 0.752902 0.720525 0.877417 0.995413 0.957372 0.885454 0.862609 0.898233 0.877239 0.878966 0.844417 0.800487 0.714685 0.699493 0.669059 0.745891 0.909433 0.806852 0.764594 0.756951 0.880394 0.706386 0.792339 0.756610 0.876524 0.898435 0.770811 0.786462 0.662446 0.722900 0.715739 0.784465 0.762101 0.738076 0.671812 0.713766 0.830807 0.804948 0.605180 0.813777 0.812862 0.881848 0.988539 0.829289 0.826937 0.958895 0.943378 0.922645 0.627617 0.694886 0.682814 0.749889 0.652709 0.686948 0.882305 0.990845 0.950795 0.886097 0.926729 0.918409 0.880756 0.997453 0.899008 0.869080 0.888546 0.880094 0.869654 0.797390 0.968382 0.986010 0.878727 0.884526 0.790786 0.807214 0.943407 0.994480 0.823274 0.996945 0.991982 0.854908 0.810980 0.855971 0.870880 0.984603
0.721983 0.889187 0.660532 0.627835 0.725294 0.000000 0.548362 0.613128 0.609737 0.703576 0.759524 0.750723 0.649161 0.846642 0.753075 0.640126 0.872776 0.797962 0.716909 0.790146 0.669266 0.958937 0.653649 0.695275 0.878898 0.857793 0.871812 0.829054 0.797467 0.851325 0.677013 0.775923 0.725001 0.708167 0.709318 0.997823 0.950436 0.727098 0.967352 0.774437 0.949520 0.941309 0.624516 0.642999 0.607566 0.628263 0.584924 0.606308 0.959925 0.785115 0.837120 0.716735 0.734705 0.692500 0.835812 0.883090 0.940258 0.927175 0.776444 0.778558 0.659346 0.730493 0.802767 0.926479 0.763070 0.633283 0.559970 0.695192 0.806338 0.837563 0.653904 0.613306 0.767438 0.846112 0.747637 0.822184 0.677778 0.841808 0.742451 0.784025 0.705494 0.602390 0.887894 0.696358 0.709033 0.675503 0.928419 0.858048 0.977689 0.806613 0.589629 0.684808 0.567329 0.688366 0.704328 0.760536 0.655194 0.966831 0.749403 0.707425 0.743624 0.652747 0.845392 0.791025 0.627187 0.903484 0.877302 0.937092 0.880131 0.958807 0.857918 0.747938 0.692175 0.742113 0.702471 0.860880
0.443295 0.569751 0.240865 0.238558 0.756632 0.548362 0.000000 0.193679 0.377470 0.394990 0.421259 0.450774 0.364516 0.601224 0.520796 0.545277 0.469640 0.353861 0.275052 0.422416 0.610615 0.669726 0.459999 0.524187 0.773598 0.625966 0.982193 0.959068 0.477145 0.445351 0.440968 0.382542 0.319898 0.296899 0.828580 0.889088 0.744966 0.996375 0.879467 0.883572 0.965935 0.894602 0.252180 0.221899 0.286357 0.333379 0.330972 0.372701 0.800520 0.575914 0.519690 0.502222 0.642106 0.451142 0.631106 0.777770 0.631612 0.712751 0.446762 0.632641 0.306761 0.501134 0.522815 0.607677 0.404516 0.306161 0.198528 0.259849 0.603423 0.624797 0.409022 0.461144 0.501345 0.494414 0.868380 0.704841 0.466089 0.551275 0.552220 0.525496 0.437681 0.317800 0.640935 0.593243 0.474099 0.428665 0.899361 0.745955 0.792535 0.734342 0.389127 0.411838 0.416956 0.443604 0.523783 0.631432 0.503963 0.688613 0.408938 0.346588 0.546355 0.470628 0.611492 0.467367 0.433312 0.563373 0.841014 0.840226 0.837159 0.848687 0.784086 0.443366 0.446818 0.656259 0.638521 0.890640
0.366881 0.443174 0.291879 0.233412 0.768496 0.613128 0.193679 0.000000 0.452159 0.360212 0.441950 0.321290 0.323734 0.460571 0.456729 0.459221 0.434657 0.327306 0.304557 0.352435 0.623631 0.691510 0.459466 0.502163 0.811521 0.650213 0.915953 0.963998 0.400009 0.369750 0.451096 0.417925 0.299726 0.274362 0.846602 0.901062 0.746398 0.911360 0.866196 0.883282 0.977623 0.828988 0.242790 0.223982 0.281663 0.290275 0.327563 0.358104 0.674780 0.462118 0.425151 0.380628 0.561009 0.403910 0.628649 0.760719 0.551881 0.568147 0.336126 0.463145 0.258508 0.331806 0.469294 0.440892 0.409001 0.259929 0.228088 0.250302 0.652075 0.493694 0.437223 0.480511 0.515100 0.497113 0.881511 0.668147 0.505766 0.489755 0.499122 0.567671 0.430794 0.339148 0.642798 0.552478 0.474351 0.403001 0.958984 0.785092 0.791915 0.622748 0.404985 0.451507 0.391821 0.538763 0.460559 0.572529 0.501828 0.625738 0.337426 0.275612 0.476924 0.552302 0.559792 0.466550 0.381616 0.503203 0.917930 0.799457 0.870431 0.758868 0.801731 0.377134 0.412414 0.624927 0.651628 0.830765
0.621614 0.798085 0.407388 0.398262 0.925478 0.609737 0.377470 0.452159 0.000000 0.533473 0.684035 0.587433 0.526140 0.647334 0.584100 0.532243 0.731246 0.672984 0.522316 0.569988 0.720252 0.770169 0.478981 0.501536 0.718497 0.632478 0.844308 0.985949 0.699376 0.642253 0.525503 0.386637 0.516905 0.515280 0.793042 0.988702 0.849800 0.934401 0.793774 0.895970 0.824855 0.895487 0.439305 0.449751 0.483481 0.523495 0.454754 0.555921 0.832168 0.625268 0.553044 0.552211 0.573641 0.508106 0.725815 0.742398 0.888869 0.974773 0.605453 0.776756 0.503394 0.671193 0.713147 0.818301 0.512936 0.474527 0.404096 0.529185 0.724240 0.747201 0.525368 0.645320 0.544008 0.576639 0.892941 0.756637 0.675432 0.631078 0.729371 0.563538 0.678509 0.570838 0.760653 0.778298 0.598617 0.554282 0.745080 0.671871 0.770832 0.751796 0.461861 0.556899 0.462722 0.591963 0.634755 0.714395 0.540629 0.750645 0.473264 0.520291 0.568294 0.600184 0.751290 0.666285 0.595576 0.612797 0.908147 0.782721 0.997005 0.985282 0.752251 0.607940 0.614942 0.946551 0.653532 0.894889
0.643416 0.691782 0.529590 0.515210 0.988209 0.703576 0.394990 0.360212 0.533473 0.000000 0.577362 0.548153 0.615574 0.680812 0.745628 0.712518 0.586571 0.529601 0.532028 0.520561 0.802580 0.862612 0.689752 0.754154 0.988348 0.800181 0.870943 0.917234 0.643476 0.597808 0.697048 0.487988 0.522113 0.497962 0.932046 0.946357 0.924990 0.909957 0.956584 0.990143 0.885889 0.785542 0.443548 0.423537 0.497916 0.521609 0.634024 0.548417 0.755744 0.593235 0.618121 0.561930 0.716606 0.546732 0.826826 0.927086 0.713053 0.791405 0.496881 0.673025 0.595671 0.620914 0.727655 0.710768 0.681986 0.543189 0.473229 0.522461 0.736703 0.621676 0.624690 0.578436 0.698981 0.671193 0.803624 0.746108 0.627643 0.560130 0.691088 0.584068 0.680489 0.601727 0.881799 0.768911 0.784820 0.714150 0.940809 0.852443 0.971336 0.856886 0.481031 0.455391 0.485075 0.532963 0.608495 0.605686 0.546335 0.685964 0.392018 0.422028 0.526488 0.414715 0.591511 0.555363 0.650846 0.574622 0.998960 0.842744 0.994985 0.865903 0.827736 0.550805 0.610836 0.808159 0.758466 0.763650
0.388827 0.490998 0.490500 0.537035 0.872313 0.759524 0.421259 0.441950 0.684035 0.577362 0.000000 0.410399 0.476513 0.632349 0.763161 0.758098 0.405490 0.282435 0.291762 0.304122 0.731371 0.797746 0.843769 0.769491 0.966688 0.837761 0.975803 0.916955 0.477530 0.361899 0.638402 0.636728 0.572205 0.448573 0.915700 0.883914 0.888770 0.828892 0.901696 0.773803 0.974355 0.998505 0.540102 0.482301 0.561086 0.545190 0.533347 0.553852 0.930122 0.620220 0.607341 0.678335 0.742526 0.609096 0.791357 0.990226 0.454870 0.494014 0.540032 0.588354 0.461085 0.617326 0.379042 0.485780 0.708883 0.566379 0.538456 0.416274 0.600845 0.719730 0.707001 0.691467 0.698546 0.597253 0.954352 0.789497 0.669450 0.560220 0.640097 0.526402 0.471078 0.445031 0.645116 0.712974 0.802184 0.729988 0.978692 0.822133 0.935211 0.921994 0.712411 0.698605 0.745526 0.709297 0.696319 0.712452 0.776063 0.927854 0.613695 0.557013 0.685099 0.627834 0.612273 0.539006 0.691423 0.819746 0.902755 0.888376 0.972063 0.820169 0.881645 0.601585 0.602896 0.748710 0.847876 0.967882
0.297252 0.376760 0.460934 0.386230 0.828623 0.750723 0.450774 0.321290 0.587433 0.548153 0.410399 0.000000 0.279684 0.314282 0.375125 0.401714 0.435350 0.378688 0.392334 0.347673 0.619032 0.768867 0.502469 0.537485 0.906225 0.762451 0.980651 0.947615 0.338126 0.320595 0.473743 0.557713 0.416983 0.399508 0.824320 0.862956 0.772508 0.718224 0.829567 0.839378 0.987189 0.917641 0.469905 0.444585 0.401772 0.403054 0.407728 0.405723 0.664765 0.388347 0.371209 0.334010 0.569557 0.478449 0.669389 0.740835 0.552835 0.520348 0.365498 0.360620 0.274015 0.287608 0.367729 0.322363 0.512620 0.363027 0.441866 0.343678 0.679274 0.507515 0.601003 0.630118 0.513554 0.462474 0.847835 0.694062 0.572293 0.483688 0.535204 0.558607 0.484983 0.445855 0.539333 0.627469 0.522611 0.491719 0.974714 0.848505 0.768680 0.600625 0.730152 0.768125 0.680287 0.909998 0.592637 0.663373 0.683920 0.660259 0.468554 0.419994 0.660060 0.811182 0.587895 0.627834 0.506336 0.528833 0.950106 0.815760 0.862452 0.662667 0.830291 0.544598 0.602831 0.624864 0.667007 0.978616
0.331180 0.493535 0.327840 0.330684 0.730664 0.649161 0.364516 0.323734 0.526140 0.615574 0.476513 0.279684 0.000000 0.338706 0.276029 0.298218 0.511743 0.501662 0.389866 0.446914 0.625564 0.793324 0.307932 0.365484 0.750520 0.655423 0.996202 0.981442 0.448146 0.431768 0.396025 0.505168 0.426280 0.441165 0.789467 0.877089 0.692845 0.821732 0.735354 0.850141 0.938576 0.971609 0.410432 0.404122 0.400923 0.394818 0.383663 0.399753 0.787063 0.410773 0.365692 0.363114 0.484759 0.444805 0.561911 0.758497 0.671046 0.668648 0.385980 0.469345 0.212387 0.320651 0.401220 0.449694 0.327773 0.299310 0.349750 0.326766 0.706959 0.590755 0.524059 0.524599 0.466232 0.489499 0.841609 0.631238 0.573023 0.597949 0.579101 0.644319 0.472347 0.429685 0.481958 0.651019 0.380882 0.348540 0.838449 0.703620 0.685474 0.594343 0.668113 0.739436 0.596056 0.848787 0.665031 0.720218 0.664459 0.785560 0.543936 0.488323 0.691186 0.760346 0.610777 0.726807 0.429800 0.569978 0.972944 0.804109 0.709725 0.764427 0.887461 0.579488 0.598936 0.652750 0.620072 0.918338
0.505107 0.552383 0.572168 0.463197 0.921358 0.846642 0.601224 0.460571 0.647334 0.680812 0.632349 0.314282 0.338706 0.000000 0.277184 0.263143 0.654348 0.575273 0.492149 0.556516 0.669616 0.747269 0.426481 0.409757 0.837596 0.717254 0.967124 0.937546 0.444083 0.456879 0.471841 0.596299 0.510762 0.521601 0.850133 0.960764 0.721058 0.761126 0.879791 0.815473 0.994050 0.846178 0.524587 0.521532 0.627303 0.598878 0.606532 0.587749 0.796531 0.548892 0.476429 0.419825 0.604061 0.510636 0.765120 0.947076 0.712134 0.688975 0.497009 0.573651 0.428357 0.450193 0.494742 0.463639 0.499826 0.452965 0.532784 0.504496 0.973046 0.614905 0.595359 0.635393 0.678728 0.551276 0.950177 0.633464 0.551864 0.584283 0.649302 0.742937 0.719878 0.701894 0.545411 0.736373 0.554516 0.485834 0.887250 0.832339 0.824780 0.672148 0.706153 0.754569 0.599020 0.855509 0.672308 0.791369 0.862179 0.659069 0.585567 0.561777 0.665095 0.860335 0.643475 0.832130 0.515831 0.565343 0.956615 0.724941 0.872263 0.753854 0.895859 0.644884 0.674952 0.721078 0.620286 0.988398
0.518770 0.658500 0.441866 0.388448 0.765225 0.753075 0.520796 0.456729 0.584100 0.745628 0.763161 0.375125 0.276029 0.277184 0.000000 0.224707 0.732315 0.710172 0.591774 0.670152 0.641195 0.760676 0.204447 0.290842 0.587973 0.620783 0.940382 0.995129 0.535530 0.544342 0.345754 0.498751 0.455224 0.517224 0.658494 0.971727 0.637010 0.849452 0.786864 0.936040 0.948813 0.979344 0.514913 0.537487 0.516405 0.512215 0.480567 0.526370 0.753482 0.512961 0.481664 0.388117 0.546087 0.531350 0.524399 0.684455 0.898863 0.877936 0.534171 0.571276 0.321681 0.369119 0.577827 0.596403 0.308040 0.333263 0.430477 0.441960 0.914487 0.646482 0.530376 0.675938 0.488163 0.540661 0.855100 0.692881 0.559839 0.692168 0.651670 0.761752 0.634171 0.588161 0.497745 0.700086 0.310862 0.318783 0.806107 0.698496 0.750017 0.556772 0.744039 0.845746 0.639166 0.955358 0.696188 0.805368 0.750534 0.716989 0.634232 0.582731 0.737099 0.933855 0.772288 0.926545 0.446505 0.529038 0.978602 0.746162 0.804514 0.801958 0.908347 0.626602 0.690334 0.796256 0.567917 0.969006
0.564778 0.678875 0.509383 0.407803 0.762975 0.640126 0.545277 0.459221 0.532243 0.712518 0.758098 0.401714 0.298218 0.263143 0.224707 0.000000 0.763014 0.717440 0.567811 0.694968 0.626013 0.774030 0.246423 0.271680 0.693430 0.687815 0.888369 0.923002 0.547065 0.585790 0.421452 0.527296 0.489861 0.549204 0.768516 0.986222 0.792023 0.837431 0.813712 0.928796 0.941947 0.980332 0.480079 0.521246 0.564993 0.531633 0.515608 0.529453 0.865451 0.551544 0.476618 0.390461 0.509855 0.432631 0.678238 0.763055 0.912422 0.910379 0.537435 0.629085 0.381071 0.447576 0.585949 0.604685 0.407483 0.379845 0.452712 0.510897 0.916825 0.709977 0.468448 0.567487 0.568960 0.626511 0.805747 0.708553 0.600440 0.688581 0.684560 0.722341 0.684254 0.629551 0.543581 0.696509 0.410209 0.334903 0.888843 0.768354 0.797005 0.687327 0.627657 0.692727 0.519567 0.834892 0.720604 0.782762 0.802249 0.716283 0.650672 0.597618 0.724779 0.773026 0.766531 0.904958 0.473360 0.581337 0.926530 0.837861 0.891088 0.879624 0.947815 0.677193 0.692032 0.689920 0.605855 0.928253
0.286212 0.268554 0.651204 0.616924 0.786755 0.872776 0.469640 0.434657 0.731246 0.586571 0.405490 0.435350 0.511743 0.654348 0.732315 0.763014 0.000000 0.236805 0.329620 0.392177 0.701744 0.738668 0.787943 0.888483 0.974322 0.908650 0.887851 0.939214 0.330919 0.325453 0.632310 0.617228 0.456179 0.398347 0.942135 0.688256 0.794667 0.728477 0.912298 0.685115 0.816236 0.700086 0.439997 0.378740 0.414810 0.437702 0.487392 0.436162 0.751495 0.529702 0.434361 0.538677 0.705150 0.583916 0.680071 0.808857 0.203282 0.281624 0.346110 0.466984 0.461895 0.590970 0.271933 0.266358 0.728134 0.636957 0.444423 0.360199 0.433030 0.485522 0.571389 0.547349 0.618645 0.539951 0.976261 0.775550 0.542579 0.479174 0.442738 0.516589 0.296724 0.447716 0.565050 0.615298 0.677420 0.694205 0.996658 0.952989 0.862967 0.848979 0.715452 0.690922 0.700717 0.794083 0.623956 0.722275 0.699269 0.592057 0.450364 0.438954 0.810177 0.786057 0.499643 0.404537 0.624845 0.610040 0.995632 0.750075 0.849728 0.613563 0.756887 0.511097 0.586011 0.631335 0.782157 0.954489
0.295126 0.326460 0.504958 0.469628 0.857845 0.797962 0.353861 0.327306 0.672984 0.529601 0.282435 0.378688 0.501662 0.575273 0.710172 0.717440 0.236805 0.000000 0.211747 0.254971 0.719288 0.680283 0.799491 0.830381 0.987514 0.803283 0.894237 0.897498 0.279526 0.260842 0.609837 0.551420 0.384518 0.313892 0.989181 0.823280 0.785940 0.810553 0.950544 0.678390 0.997716 0.737778 0.357641 0.295020 0.405358 0.395467 0.435317 0.425272 0.761288 0.541508 0.463478 0.523269 0.697154 0.532269 0.726761 0.825053 0.274590 0.302888 0.389600 0.492291 0.398716 0.554850 0.267963 0.302944 0.673648 0.514239 0.400046 0.335852 0.524764 0.539986 0.612088 0.611450 0.635452 0.475585 0.924923 0.722229 0.548452 0.491977 0.463762 0.484916 0.362359 0.355892 0.585981 0.560951 0.688658 0.637821 0.999392 0.944394 0.904009 0.808801 0.591056 0.569032 0.614820 0.650965 0.592335 0.605392 0.685899 0.668204 0.380638 0.369217 0.651310 0.660663 0.553975 0.384032 0.550067 0.653482 0.855137 0.785757 0.913513 0.672141 0.855038 0.423698 0.461137 0.616749 0.702540 0.960801
0.325309 0.415080 0.402820 0.363430 0.766265 0.716909 0.275052 0.304557 0.522316 0.532028 0.291762 0.392334 0.389866 0.492149 0.591774 0.567811 0.329620 0.211747 0.000000 0.288742 0.681476 0.645299 0.626955 0.646959 0.890058 0.733333 0.949735 0.918939 0.327292 0.268717 0.513718 0.508510 0.393423 0.281541 0.928440 0.812154 0.732999 0.912361 0.870445 0.716007 0.965963 0.810426 0.325256 0.266409 0.387036 0.383965 0.381946 0.420420 0.780082 0.486337 0.424226 0.463943 0.610161 0.423119 0.676148 0.830228 0.435015 0.486657 0.389703 0.554742 0.340969 0.546202 0.322874 0.414295 0.527773 0.437885 0.338251 0.328668 0.555354 0.546474 0.509573 0.533541 0.590171 0.475881 0.934028 0.601320 0.544019 0.564504 0.538027 0.442266 0.391991 0.356330 0.650684 0.598294 0.570718 0.537909 0.923946 0.827297 0.842703 0.802897 0.523546 0.528563 0.550453 0.587058 0.577855 0.645997 0.697551 0.682087 0.384019 0.393380 0.631126 0.618158 0.537269 0.452256 0.524090 0.650696 0.968832 0.823804 0.831093 0.797008 0.874033 0.419748 0.475874 0.628461 0.656970 0.916297
0.298846 0.399018 0.469068 0.451685 0.886553 0.790146 0.422416 0.352435 0.569988 0.520561 0.304122 0.347673 0.446914 0.556516 0.670152 0.694968 0.392177 0.254971 0.288742 0.000000 0.775858 0.694604 0.743097 0.747303 0.985543 0.747906 0.929641 0.927556 0.345728 0.303084 0.629407 0.552535 0.432495 0.352265 0.923911 0.915815 0.811226 0.827262 0.879079 0.740035 0.860283 0.903889 0.454581 0.386463 0.476107 0.455654 0.451258 0.440823 0.712993 0.469959 0.479868 0.514250 0.621203 0.568417 0.742300 0.783307 0.429177 0.410370 0.411410 0.463448 0.392682 0.481166 0.368522 0.405102 0.626634 0.479802 0.493398 0.401749 0.556814 0.514579 0.715791 0.726899 0.615115 0.512342 0.894099 0.709823 0.647895 0.618412 0.586312 0.484150 0.487813 0.384930 0.668617 0.659246 0.712250 0.644747 0.867807 0.864000 0.764683 0.698090 0.665137 0.673256 0.709421 0.777887 0.610769 0.677510 0.686449 0.752335 0.403542 0.403051 0.535063 0.675902 0.645470 0.511348 0.626585 0.671957 0.931369 0.748036 0.855606 0.767887 0.813762 0.493556 0.526809 0.735496 0.755367 0.879660
0.694404 0.722716 0.672283 0.554428 0.731472 0.669266 0.610615 0.623631 0.720252 0.802580 0.731371 0.619032 0.625564 0.669616 0.641195 0.626013 0.701744 0.719288 0.681476 0.775858 0.000000 0.744037 0.604674 0.606995 0.896697 0.730418 0.865744 0.899226 0.694252 0.763483 0.565576 0.726833 0.599221 0.543046 0.694067 0.998168 0.738072 0.933175 0.996612 0.929191 0.877954 0.903033 0.602219 0.600052 0.648019 0.657691 0.571664 0.676234 0.973508 0.738385 0.753165 0.701249 0.771319 0.696604 0.822200 0.928460 0.830575 0.820554 0.672398 0.695882 0.603920 0.657970 0.682125 0.707148 0.628279 0.551056 0.590752 0.565590 0.906719 0.808179 0.522374 0.599583 0.651651 0.684274 0.850646 0.809359 0.647431 0.605098 0.781531 0.738716 0.672100 0.676559 0.580165 0.661512 0.652304 0.636989 0.948326 0.924059 0.896009 0.826611 0.690778 0.778266 0.606634 0.755093 0.840768 0.868268 0.794314 0.812780 0.734089 0.645539 0.787301 0.796322 0.701312 0.649302 0.614462 0.728313 0.865171 0.717083 0.995090 0.917767 0.928705 0.748158 0.800646 0.761006 0.817538 0.886322
0.794613 0.795258 0.745482 0.681006 0.736303 0.958937 0.669726 0.691510 0.770169 0.862612 0.797746 0.768867 0.793324 0.747269 0.760676 0.774030 0.738668 0.680283 0.645299 0.694604 0.744037 0.000000 0.761820 0.771075 0.998773 0.854696 0.896690 0.816013 0.607956 0.680204 0.777795 0.628043 0.583556 0.677515 0.906850 0.975709 0.998001 0.919747 0.990497 0.836792 0.997554 0.991265 0.710671 0.645360 0.728948 0.726332 0.747387 0.803905 0.858311 0.839206 0.773273 0.783004 0.891496 0.677386 0.783689 0.837953 0.774876 0.790339 0.850217 0.836098 0.707173 0.844298 0.768894 0.774148 0.749470 0.717995 0.646673 0.650235 0.846015 0.833094 0.699315 0.748133 0.816501 0.660638 0.848239 0.985011 0.750329 0.764782 0.990646 0.754789 0.796124 0.721637 0.809064 0.845885 0.776478 0.728294 0.929416 0.917515 0.818707 0.800844 0.714854 0.778098 0.794311 0.800955 0.812184 0.978726 0.938423 0.795349 0.737373 0.675211 0.852662 0.906534 0.878846 0.748470 0.878972 0.666007 0.961002 0.889390 0.976001 0.940160 0.783027 0.742695 0.813664 0.766821 0.860664 0.965864
0.584964 0.738836 0.368009 0.325546 0.722906 0.653649 0.459999 0.459466 0.478981 0.689752 0.843769 0.502469 0.307932 0.426481 0.204447 0.246423 0.787943 0.799491 0.626955 0.743097 0.604674 0.761820 0.000000 0.235142 0.449839 0.499456 0.869648 0.981516 0.614864 0.659401 0.296283 0.442140 0.394118 0.533364 0.594755 0.966160 0.634232 0.925540 0.722371 0.971307 0.928488 0.979518 0.450648 0.512217 0.481614 0.486202 0.421691 0.522797 0.772334 0.556957 0.509922 0.399781 0.518941 0.543895 0.496403 0.624683 0.994912 0.990642 0.525646 0.608561 0.326524 0.389691 0.656953 0.700255 0.230602 0.285052 0.350899 0.415470 0.848577 0.633616 0.440533 0.575496 0.447177 0.576284 0.834457 0.779362 0.546749 0.750596 0.630902 0.712886 0.592965 0.555141 0.513329 0.622174 0.233132 0.228652 0.848273 0.658574 0.666002 0.542733 0.654863 0.786167 0.565683 0.902657 0.669711 0.770933 0.662684 0.706830 0.630675 0.581152 0.774906 0.844605 0.810664 0.901070 0.447263 0.519381 0.977026 0.842189 0.782020 0.888747 0.905626 0.657933 0.707595 0.794211 0.561551 0.965226
0.636292 0.784691 0.369296 0.341822 0.812603 0.695275 0.524187 0.502163 0.501536 0.754154 0.769491 0.537485 0.365484 0.409757 0.290842 0.271680 0.888483 0.830381 0.646959 0.747303 0.606995 0.771075 0.235142 0.000000 0.507483 0.470999 0.935676 0.993247 0.636027 0.681050 0.338057 0.447825 0.530832 0.562380 0.646631 0.959193 0.725220 0.918336 0.733090 0.947748 0.946874 0.963825 0.522430 0.588564 0.587691 0.553607 0.512258 0.606958 0.785442 0.620689 0.541981 0.478151 0.509731 0.522816 0.566783 0.708045 0.952558 0.959235 0.589351 0.695445 0.397714 0.480056 0.702561 0.781730 0.313385 0.332811 0.457837 0.497736 0.965191 0.733465 0.531404 0.680835 0.564275 0.650963 0.905996 0.768530 0.652801 0.743164 0.757858 0.711524 0.658197 0.597312 0.591632 0.652692 0.348447 0.293071 0.801951 0.578349 0.719516 0.590166 0.673555 0.767264 0.609606 0.841021 0.757528 0.897394 0.759486 0.778297 0.749964 0.660392 0.714878 0.868707 0.882208 0.928595 0.560868 0.716898 0.989490 0.830090 0.864368 0.961869 0.983652 0.748138 0.707644 0.836314 0.566489 0.963502
0.821335 0.914072 0.568081 0.619696 0.947033 0.878898 0.773598 0.811521 0.718497 0.988348 0.966688 0.906225 0.750520 0.837596 0.587973 0.693430 0.974322 0.987514 0.890058 0.985543 0.896697 0.998773 0.449839 0.507483 0.000000 0.417333 0.871427 0.915838 0.901746 0.929266 0.495355 0.627807 0.705404 0.827425 0.548170 0.978242 0.604422 0.983970 0.656373 0.986369 0.870838 0.878976 0.714448 0.806466 0.795343 0.773417 0.642632 0.861090 0.836579 0.870189 0.811920 0.748330 0.719105 0.966072 0.526163 0.677324 0.908675 0.948785 0.787408 0.822522 0.657037 0.681609 0.916930 0.929345 0.445416 0.580830 0.671369 0.711395 0.843198 0.786132 0.796338 0.953173 0.615664 0.833921 0.893603 0.983680 0.819616 0.964934 0.760283 0.837358 0.713322 0.779438 0.751391 0.749494 0.425696 0.433372 0.999970 0.772307 0.773668 0.613246 0.953788 0.954719 0.865798 0.956209 0.722664 0.940111 0.825405 0.795266 0.914865 0.877589 0.892746 0.886187 0.889334 0.961890 0.691790 0.859457 0.895332 0.927422 0.857875 0.918603 0.924786 0.807145 0.841241 0.846346 0.665641 0.982081
0.719411 0.831165 0.418421 0.411522 0.971923 0.857793 0.625966 0.650213 0.632478 0.800181 0.837761 0.762451 0.655423 0.717254 0.620783 0.687815 0.908650 0.803283 0.733333 0.747906 0.730418 0.854696 0.499456 0.470999 0.417333 0.000000 0.928995 0.868041 0.721655 0.760346 0.446091 0.534993 0.533980 0.637036 0.713239 0.909377 0.576263 0.993488 0.587147 0.827285 0.865994 0.862625 0.563221 0.557343 0.615293 0.578043 0.495584 0.635547 0.670488 0.635556 0.603117 0.569523 0.558207 0.701507 0.555954 0.611199 0.994398 0.941144 0.640303 0.697651 0.562510 0.562618 0.836402 0.865053 0.366367 0.418149 0.562327 0.531148 0.843511 0.710729 0.712105 0.667671 0.518400 0.573215 0.833541 0.861074 0.609998 0.874726 0.826069 0.659118 0.731687 0.591069 0.745559 0.540038 0.460902 0.396256 0.944020 0.628943 0.618430 0.443836 0.701369 0.840102 0.758543 0.813088 0.753670 0.862386 0.654594 0.732600 0.675145 0.566393 0.751389 0.852310 0.829892 0.780357 0.584823 0.867560 0.852456 0.796961 0.964020 0.986809 0.974075 0.746006 0.669832 0.973365 0.566422 0.951950
0.911814 0.778233 0.924598 0.969662 0.722186 0.871812 0.982193 0.915953 0.844308 0.870943 0.975803 0.980651 0.996202 0.967124 0.940382 0.888369 0.887851 0.894237 0.949735 0.929641 0.865744 0.896690 0.869648 0.935676 0.871427 0.928995 0.000000 0.984516 0.890714 0.853390 0.982846 0.967870 0.972688 0.899388 0.969132 0.909074 0.989447 0.997953 0.930418 0.946400 0.901245 0.976628 0.977108 0.972599 0.904983 0.914747 0.942395 0.922681 0.840705 0.953696 0.889297 0.974582 0.970095 0.934108 0.910893 0.889293 0.773721 0.739518 0.893787 0.859690 0.923414 0.907277 0.870145 0.785615 0.960077 0.999797 0.937396 0.974847 0.959926 0.788529 0.936265 0.954064 0.940226 0.991008 0.915173 0.894348 0.884175 0.985875 0.940972 0.918902 0.871021 0.889101 0.968811 0.857901 0.993412 0.994313 0.764796 0.993158 0.886775 0.840369 0.986388 0.916772 0.939588 0.926229 0.961658 0.872101 0.984117 0.813607 0.966370 0.959100 0.965348 0.842042 0.961742 0.845225 0.977209 0.893181 0.994260 0.904216 0.913257 0.853804 0.952176 0.840043 0.854913 0.999384 0.966798 0.959119
0.955103 0.949822 0.988051 0.971035 0.785099 0.829054 0.959068 0.963998 0.985949 0.917234 0.916955 0.947615 0.981442 0.937546 0.995129 0.923002 0.939214 0.897498 0.918939 0.927556 0.899226 0.816013 0.981516 0.993247 0.915838 0.868041 0.984516 0.000000 0.930359 0.976684 0.990408 0.974507 0.886414 0.973082 0.980178 0.976879 0.918548 0.969560 0.964892 0.871222 0.920878 0.890360 0.952384 0.876476 0.960366 0.996886 0.978223 0.962693 0.912158 0.873820 0.945841 0.908141 0.956081 0.994850 0.869570 0.856550 0.916434 0.908576 0.941983 0.986508 0.967731 0.996088 0.890997 0.893284 0.997345 0.989472 0.982232 0.982470 0.939884 0.953931 0.958860 0.935400 0.960858 0.998401 0.890618 0.937854 0.761987 0.980294 0.918190 0.996043 0.959762 0.950613 0.977372 0.953789 0.968339 0.950998 0.889696 0.781612 0.992869 0.956556 0.874131 0.910068 0.974482 0.871228 0.790290 0.988567 0.887106 0.799206 0.968090 0.884468 0.946297 0.914988 0.913023 0.806830 0.915162 0.908632 0.814611 0.933907 0.912633 0.914146 0.990812 0.922236 0.966096 0.977665 0.869027 0.976464
0.346732 0.313865 0.556045 0.461696 0.746576 0.797467 0.477145 0.400009 0.699376 0.643476 0.477530 0.338126 0.448146 0.444083 0.535530 0.547065 0.330919 0.279526 0.327292 0.345728 0.694252 0.607956 0.614864 0.636027 0.901746 0.721655 0.890714 0.930359 0.000000 0.272587 0.474478 0.565188 0.396575 0.340136 0.823149 0.854780 0.709808 0.786103 0.879665 0.695368 0.967624 0.782096 0.423231 0.369584 0.427488 0.423320 0.443884 0.392594 0.664804 0.466004 0.406918 0.395438 0.604302 0.482306 0.607679 0.672890 0.411898 0.432791 0.397151 0.410542 0.365367 0.474542 0.286639 0.317081 0.593359 0.467266 0.416034 0.350742 0.613482 0.479333 0.594515 0.580121 0.532062 0.441847 0.922020 0.738806 0.500559 0.530275 0.543949 0.497576 0.388573 0.399676 0.554898 0.490970 0.535792 0.533135 0.924276 0.885386 0.812270 0.611983 0.723779 0.732811 0.698443 0.864849 0.563677 0.766283 0.774537 0.623073 0.452732 0.412125 0.690401 0.861298 0.627943 0.506302 0.527109 0.548391 0.992329 0.824331 0.871601 0.672379 0.790599 0.503812 0.566794 0.581165 0.591962 0.898833
0.288321 0.334126 0.509565 0.446955 0.788089 0.851325 0.445351 0.369750 0.642253 0.597808 0.361899 0.320595 0.431768 0.456879 0.544342 0.585790 0.325453 0.260842 0.268717 0.303084 0.763483 0.680204 0.659401 0.681050 0.929266 0.760346 0.853390 0.976684 0.272587 0.000000 0.479584 0.537413 0.401568 0.285583 0.919791 0.819360 0.763372 0.795438 0.839261 0.780255 0.910919 0.898081 0.498858 0.382921 0.430342 0.422723 0.441410 0.454809 0.740412 0.451269 0.417539 0.438181 0.560921 0.457906 0.543711 0.737131 0.432449 0.412609 0.445938 0.495052 0.352750 0.470869 0.320775 0.328617 0.604093 0.483458 0.428177 0.368629 0.515499 0.443799 0.597225 0.638351 0.558263 0.428567 0.836987 0.682807 0.673994 0.597706 0.545573 0.496063 0.393044 0.336726 0.527014 0.476323 0.613462 0.545127 0.838493 0.703663 0.804607 0.686419 0.724936 0.789339 0.755693 0.861333 0.569154 0.763241 0.724608 0.638291 0.470548 0.463826 0.648144 0.757347 0.560587 0.532726 0.634049 0.653586 0.993999 0.855239 0.923523 0.750576 0.842340 0.559448 0.573596 0.710130 0.715408 0.965304
0.459102 0.548116 0.353994 0.302071 0.776314 0.677013 0.440968 0.451096 0.525503 0.697048 0.638402 0.473743 0.396025 0.471841 0.345754 0.421452 0.632310 0.609837 0.513718 0.629407 0.565576 0.777795 0.296283 0.338057 0.495355 0.446091 0.982846 0.990408 0.474478 0.479584 0.000000 0.379574 0.355545 0.407587 0.622696 0.853650 0.528343 0.810973 0.678016 0.985782 0.984334 0.856028 0.444149 0.442818 0.457410 0.455753 0.382773 0.473152 0.742995 0.573976 0.516334 0.468128 0.566540 0.577933 0.459815 0.639130 0.791876 0.776524 0.505017 0.537959 0.299368 0.391219 0.547868 0.570021 0.296543 0.274874 0.342597 0.341774 0.652773 0.501501 0.474400 0.552509 0.406082 0.432892 0.826576 0.865054 0.603309 0.604253 0.601761 0.590591 0.450279 0.415147 0.446098 0.414656 0.311512 0.266298 0.889343 0.576612 0.627497 0.468396 0.734281 0.886877 0.671753 0.902086 0.610657 0.846850 0.610165 0.689205 0.636842 0.593270 0.678596 0.803574 0.754258 0.723971 0.571234 0.646154 0.905008 0.863167 0.906063 0.804182 0.983807 0.633458 0.646504 0.753382 0.541925 0.939176
0.577638 0.701207 0.358833 0.322980 0.964392 0.775923 0.382542 0.417925 0.386637 0.487988 0.636728 0.557713 0.505168 0.596299 0.498751 0.527296 0.617228 0.551420 0.508510 0.552535 0.726833 0.628043 0.442140 0.447825 0.627807 0.534993 0.967870 0.974507 0.565188 0.537413 0.379574 0.000000 0.381246 0.419909 0.783919 0.966433 0.703386 0.845733 0.630014 0.905008 0.921440 0.880283 0.412307 0.391071 0.477390 0.539265 0.502298 0.540271 0.811904 0.649609 0.561324 0.569770 0.615773 0.573427 0.600342 0.744054 0.751771 0.835975 0.581234 0.707483 0.428591 0.585154 0.665564 0.689482 0.407134 0.393495 0.398296 0.403123 0.663452 0.678582 0.573354 0.631902 0.535253 0.531619 0.854570 0.855130 0.639349 0.599150 0.671749 0.497178 0.613387 0.526799 0.668690 0.624469 0.527760 0.431321 0.941260 0.682362 0.772907 0.624383 0.531403 0.658692 0.588089 0.707103 0.694418 0.804012 0.656762 0.737461 0.512892 0.507402 0.653933 0.694690 0.796970 0.571921 0.631073 0.608395 0.861144 0.839026 0.990634 0.881717 0.822337 0.570093 0.614661 0.804548 0.561202 0.946525
0.391906 0.448180 0.359187 0.288349 0.752902 0.725001 0.319898 0.299726 0.516905 0.522113 0.572205 0.416983 0.426280 0.510762 0.455224 0.489861 0.456179 0.384518 0.393423 0.432495 0.599221 0.583556 0.394118 0.530832 0.705404 0.533980 0.972688 0.886414 0.396575 0.401568 0.355545 0.381246 0.000000 0.332782 0.795767 0.781784 0.680165 0.889615 0.809736 0.838777 0.861385 0.820460 0.305628 0.287970 0.354063 0.342500 0.364986 0.426728 0.700786 0.547588 0.480975 0.444835 0.586631 0.509840 0.539356 0.638318 0.586897 0.563623 0.394620 0.488604 0.316724 0.383994 0.458184 0.475124 0.392188 0.306223 0.282820 0.250870 0.572000 0.452397 0.418225 0.468230 0.481679 0.442767 0.905769 0.740821 0.433747 0.559581 0.447133 0.537194 0.385552 0.320462 0.522483 0.397429 0.388894 0.328100 0.944066 0.799045 0.721891 0.548985 0.500612 0.606298 0.535346 0.729365 0.536806 0.633325 0.499903 0.506019 0.406530 0.335454 0.648706 0.652575 0.716658 0.501380 0.485643 0.494741 0.887197 0.794071 0.864554 0.742253 0.839541 0.486320 0.492130 0.660800 0.610566 0.984269
0.347892 0.440167 0.410515 0.306159 0.720525 0.708167 0.296899 0.274362 0.515280 0.497962 0.448573 0.399508 0.441165 0.521601 0.517224 0.549204 0.398347 0.313892 0.281541 0.352265 0.543046 0.677515 0.533364 0.562380 0.827425 0.637036 0.899388 0.973082 0.340136 0.285583 0.407587 0.419909 0.332782 0.000000 0.769583 0.911768 0.637993 0.804437 0.848080 0.857713 0.952828 0.902560 0.358459 0.282536 0.349238 0.349915 0.346582 0.438761 0.753447 0.495909 0.490177 0.456288 0.625482 0.517330 0.622169 0.693269 0.504835 0.538579 0.396951 0.534485 0.315692 0.442559 0.408239 0.432920 0.463676 0.341020 0.305358 0.289406 0.620862 0.522373 0.516480 0.551769 0.501202 0.516187 0.794183 0.706846 0.540551 0.527444 0.538495 0.454598 0.418581 0.322672 0.579127 0.457615 0.466695 0.452550 0.908414 0.746455 0.814839 0.688515 0.569893 0.636618 0.598351 0.655385 0.564116 0.665754 0.651697 0.645460 0.378803 0.375236 0.601264 0.663926 0.587691 0.428430 0.536828 0.646064 0.997304 0.739287 0.904415 0.826529 0.813271 0.393776 0.511823 0.644489 0.602624 0.908716
0.741117 0.863267 0.786666 0.733010 0.877417 0.709318 0.828580 0.846602 0.793042 0.932046 0.915700 0.824320 0.789467 0.850133 0.658494 0.768516 0.942135 0.989181 0.928440 0.923911 0.694067 0.906850 0.594755 0.646631 0.548170 0.713239 0.969132 0.980178 0.823149 0.919791 0.622696 0.783919 0.795767 0.769583 0.000000 0.993068 0.637329 0.983240 0.903994 0.807873 0.987413 0.997478 0.749569 0.836802 0.668246 0.655806 0.651996 0.786682 0.642978 0.640959 0.735334 0.654441 0.705055 0.882324 0.553260 0.589864 0.907980 0.961816 0.714465 0.662018 0.695593 0.704827 0.869002 0.881164 0.621963 0.674653 0.708754 0.746581 0.816450 0.653256 0.872976 0.898171 0.662615 0.769783 0.709976 0.924271 0.799342 0.899817 0.782654 0.812931 0.702417 0.714161 0.822565 0.757088 0.488743 0.585263 0.987216 0.789226 0.735046 0.630491 0.977945 0.884141 0.907194 0.921410 0.773701 0.964771 0.751515 0.833991 0.844850 0.859985 0.931772 0.854277 0.996245 0.955621 0.781518 0.807673 0.901771 0.912463 0.691236 0.940421 0.765605 0.749734 0.938486 0.908830 0.784721 0.920051
0.760116 0.676318 0.939215 0.912255 0.995413 0.997823 0.889088 0.901062 0.988702 0.946357 0.883914 0.862956 0.877089 0.960764 0.971727 0.986222 0.688256 0.823280 0.812154 0.915815 0.998168 0.975709 0.966160 0.959193 0.978242 0.909377 0.909074 0.976879 0.854780 0.819360 0.853650 0.966433 0.781784 0.911768 0.993068 0.000000 0.933671 0.812188 0.980130 0.925916 0.851666 0.834211 0.836799 0.793892 0.824242 0.813775 0.839692 0.757624 0.916743 0.892068 0.832319 0.837157 0.919133 0.847968 0.915952 0.889461 0.770862 0.725271 0.767012 0.798030 0.901524 0.904212 0.762796 0.783771 0.954591 0.935395 0.822967 0.773948 0.712181 0.660000 0.841686 0.599126 0.890920 0.838810 0.940915 0.966417 0.852916 0.832648 0.721053 0.869115 0.723944 0.794018 0.806142 0.707561 0.903814 0.887608 0.941647 0.923282 0.911804 0.870712 0.990689 0.947498 0.957127 0.944319 0.848743 0.974780 0.843620 0.699904 0.933199 0.915393 0.996622 0.827816 0.876571 0.866026 0.988104 0.966108 0.914618 0.981738 0.844946 0.898711 0.795164 0.892231 0.878685 0.893023 0.936344 0.943716
0.692506 0.705810 0.623266 0.633897 0.957372 0.950436 0.744966 0.746398 0.849800 0.924990 0.888770 0.772508 0.692845 0.721058 0.637010 0.792023 0.794667 0.785940 0.732999 0.811226 0.738072 0.998001 0.634232 0.725220 0.604422 0.576263 0.989447 0.918548 0.709808 0.763372 0.528343 0.703386 0.680165 0.637993 0.637329 0.933671 0.000000 0.887563 0.662246 0.865131 0.907452 0.774493 0.696976 0.678363 0.629219 0.697099 0.671295 0.686223 0.654629 0.657632 0.671444 0.647319 0.722290 0.900829 0.738834 0.707912 0.820640 0.744579 0.621630 0.665801 0.609706 0.635037 0.807337 0.741884 0.523965 0.612242 0.687746 0.598288 0.783388 0.707015 0.870601 0.787162 0.643158 0.654493 0.812490 0.910258 0.773376 0.816422 0.718453 0.836367 0.726381 0.749058 0.839870 0.720246 0.533304 0.567785 0.895731 0.782691 0.641599 0.619042 0.970999 0.900678 0.869984 0.975853 0.759348 0.811390 0.839957 0.784891 0.692504 0.738987 0.807904 0.947969 0.713367 0.759745 0.595528 0.705471 0.941681 0.774104 0.829261 0.885117 0.922976 0.621380 0.928674 0.922043 0.821017 0.885685
0.722675 0.718764 0.931998 0.934285 0.885454 0.727098 0.996375 0.911360 0.934401 0.909957 0.828892 0.718224 0.821732 0.761126 0.849452 0.837431 0.728477 0.810553 0.912361 0.827262 0.933175 0.919747 0.925540 0.918336 0.983970 0.993488 0.997953 0.969560 0.786103 0.795438 0.810973 0.845733 0.889615 0.804437 0.983240 0.812188 0.887563 0.000000 0.895286 0.984066 0.803997 0.997862 0.904022 0.908132 0.948293 0.921415 0.954016 0.932760 0.953594 0.871628 0.797221 0.917794 0.931288 0.995408 0.948520 0.988278 0.654012 0.675051 0.832905 0.817642 0.834366 0.826221 0.714513 0.642262 0.864253 0.880663 0.925392 0.813574 0.896620 0.882853 0.997501 0.971637 0.791510 0.854998 0.996751 0.838314 0.964062 0.645643 0.902519 0.922979 0.911348 0.965133 0.811729 0.968946 0.930691 0.938960 0.795297 0.997740 0.928804 0.992432 0.893193 0.922791 0.941526 0.884564 0.976206 0.917107 0.822617 0.874750 0.870012 0.979597 0.926964 0.969201 0.876921 0.937150 0.980931 0.912666 0.880732 0.941043 0.932541 0.703908 0.928721 0.913385 0.912534 0.917704 0.893750 0.926864
