0.000000 0.298308 0.890022 0.716671 0.982642 0.768442 0.983597 0.876112 0.783227 0.714845 0.525726 0.385700 0.478667 0.452277 0.725204 0.634767 0.420041 0.332735 0.483569 0.366769 0.891022 0.707162 0.833704 0.689338 0.747125 0.925973 0.683632 0.894211 0.808546 0.635183 0.741213 0.958936 0.906940 0.821302 0.941550 0.966982 0.812101 0.564540 0.832992 0.650123 0.790621 0.973613 0.983041 0.863753 0.912233 0.894512 0.734408 0.724244 0.834713 0.567598 0.798212 0.641783 0.974122 0.781260 0.631910 0.749233 0.333789 0.318660 0.540328 0.490278 0.858034 0.953867 0.590980 0.515729 0.817940 0.908597 0.973869 0.976236 0.357316 0.436174 0.824392 0.761373 0.742264 0.926164 0.815134 0.748140 0.951852 0.884835 0.803355 0.601648 0.350109 0.313281 0.530320 0.404430 0.564350 0.595580 0.613906 0.698536 0.712383 0.540836 0.871413 0.893787 0.932672 0.980931 0.832609 0.984297 0.881385 0.965250 0.966383 0.886367 0.720512 0.873694 0.931203 0.982523 0.947392 0.997562 0.914642 0.829162 0.984134 0.826348 0.964313 0.869000 0.921208 0.904490 0.925510 0.955313
0.298308 0.000000 0.795350 0.622401 0.907048 0.842081 0.909670 0.823253 0.834137 0.740860 0.618130 0.409339 0.435119 0.412650 0.656803 0.528517 0.417755 0.333445 0.465334 0.348477 0.871980 0.715532 0.692412 0.601297 0.674576 0.998022 0.625021 0.911071 0.750599 0.624523 0.800605 0.971162 0.870881 0.789452 0.895747 0.990785 0.848072 0.548826 0.776480 0.620851 0.841471 0.973886 0.895185 0.786749 0.959592 0.842393 0.669892 0.659629 0.811449 0.503146 0.727697 0.547933 0.885363 0.818021 0.601865 0.749468 0.274923 0.239373 0.517685 0.378760 0.771261 0.867086 0.583058 0.473008 0.723174 0.817592 0.935054 0.955515 0.427334 0.442101 0.842043 0.775349 0.744502 0.981114 0.818614 0.828016 0.918697 0.938667 0.740080 0.665674 0.366672 0.337668 0.472627 0.420830 0.455319 0.487019 0.637258 0.599913 0.668083 0.525458 0.857741 0.862234 0.978129 0.973840 0.752014 0.940799 0.895968 0.986113 0.942663 0.928102 0.714866 0.837385 0.923101 0.962853 0.889154 0.916806 0.994905 0.868307 0.926882 0.777212 0.932506 0.943952 0.984391 0.850795 0.775094 0.945157
0.890022 0.795350 0.000000 0.313738 0.668967 0.930555 0.345356 0.428668 0.534158 0.970782 0.975267 0.884774 0.615742 0.835901 0.737576 0.757573 0.892697 0.951564 0.742811 0.825699 0.813289 0.913146 0.452168 0.512313 0.439688 0.433593 0.803111 0.879963 0.873765 0.827049 0.645160 0.803912 0.555493 0.660630 0.637742 0.823955 0.587345 0.694026 0.759318 0.940700 0.843725 0.933177 0.849233 0.813077 0.842754 0.871951 0.794860 0.858937 0.777301 0.997614 0.912503 0.992501 0.959263 0.949536 0.733096 0.967654 0.845905 0.900407 0.837760 0.872234 0.373342 0.492212 0.887588 0.995198 0.309194 0.276303 0.520391 0.519917 0.756084 0.947605 0.668965 0.668076 0.807251 0.765656 0.957908 0.812696 0.848487 0.766912 0.959861 0.923922 0.897192 0.991491 0.861543 0.949826 0.528675 0.455232 0.808500 0.879445 0.696680 0.721269 0.746403 0.957595 0.664414 0.897380 0.752009 0.950783 0.855123 0.946953 0.884912 0.866017 0.854535 0.936101 0.834497 0.868660 0.606333 0.863557 0.946310 0.899242 0.746760 0.817955 0.811560 0.858020 0.896045 0.983313 0.826255 0.946324
0.716671 0.622401 0.313738 0.000000 0.646815 0.987816 0.468956 0.400389 0.635887 0.987783 0.911018 0.677837 0.492401 0.642446 0.602873 0.558044 0.940261 0.855850 0.561219 0.616990 0.894289 0.796956 0.353110 0.396470 0.468947 0.560285 0.639664 0.914286 0.993274 0.989811 0.790239 0.785751 0.648294 0.701448 0.652211 0.870182 0.588055 0.632120 0.726452 0.808178 0.850184 0.929378 0.822665 0.757028 0.892949 0.830996 0.748429 0.724412 0.890954 0.859568 0.985920 0.858959 0.901490 0.974028 0.697377 0.955835 0.702797 0.714040 0.712129 0.737503 0.458413 0.511134 0.984015 0.825780 0.319496 0.347530 0.561030 0.611434 0.627866 0.857807 0.622143 0.709100 0.893227 0.850802 0.943521 0.815610 0.781377 0.809557 0.889458 0.951284 0.891189 0.827539 0.747563 0.785564 0.448963 0.404753 0.683098 0.778848 0.626390 0.633483 0.769269 0.999029 0.693171 0.860074 0.724092 0.935832 0.780752 0.903496 0.843742 0.795832 0.929965 0.926526 0.909137 0.834716 0.565241 0.723411 0.987246 0.868732 0.717199 0.688000 0.831825 0.783790 0.918062 0.971820 0.783906 0.961777
0.982642 0.907048 0.668967 0.646815 0.000000 0.922645 0.711372 0.774084 0.760746 0.957196 0.945282 0.916223 0.733396 0.955101 0.755160 0.866672 0.909159 0.929966 0.926934 0.889954 0.922885 0.990218 0.580041 0.649246 0.654352 0.658403 0.681078 0.886750 0.927430 0.865579 0.829180 0.952964 0.859269 0.942681 0.926822 0.877001 0.811215 0.925896 0.927662 0.916757 0.908380 0.901592 0.960988 0.992197 0.961835 0.925046 0.948503 0.964128 0.816260 0.910426 0.924634 0.979771 0.885239 0.985474 0.980906 0.999526 0.987587 0.949502 0.972684 0.960145 0.736787 0.811184 0.935674 0.979690 0.614329 0.672483 0.748048 0.823885 0.864724 0.918578 0.761969 0.937533 0.876266 0.962969 0.978733 0.959546 0.938572 0.974181 0.865930 0.993279 0.945336 0.947136 0.859943 0.982046 0.709123 0.669408 0.845005 0.827483 0.944053 0.860703 0.926467 0.976468 0.818709 0.938559 0.861665 0.992630 0.930425 0.875952 0.982868 0.990770 0.949754 0.917691 0.815704 0.820111 0.888227 0.816116 0.993016 0.932087 0.985100 0.925056 0.861442 0.956322 0.904742 0.874221 0.971905 0.923233
0.768442 0.842081 0.930555 0.987816 0.922645 0.000000 0.777853 0.750933 0.829130 0.658094 0.987862 0.936298 0.817661 0.795270 0.846023 0.890153 0.725473 0.751936 0.888320 0.827890 0.987386 0.731920 0.946928 0.826581 0.866009 0.925012 0.730636 0.948480 0.972583 0.927657 0.834401 0.922019 0.820654 0.727394 0.993870 0.887250 0.997350 0.892129 0.886666 0.800995 0.977153 0.909447 0.699899 0.802578 0.635267 0.749596 0.931767 0.876883 0.769515 0.949856 0.829108 0.963608 0.842667 0.780297 0.967491 0.965742 0.732222 0.735395 0.921489 0.997151 0.848239 0.776763 0.945802 0.970432 0.946468 0.869881 0.671150 0.719836 0.767372 0.843150 0.752483 0.832493 0.697453 0.799369 0.930942 0.919617 0.971279 0.731241 0.947696 0.935564 0.842121 0.738716 0.651003 0.749712 0.801639 0.845850 0.775245 0.869522 0.702716 0.649055 0.709588 0.824559 0.760939 0.927600 0.983068 0.917162 0.743139 0.928351 0.695015 0.668956 0.679978 0.987010 0.973218 0.809748 0.899848 0.843388 0.943500 0.856400 0.969244 0.952445 0.797596 0.784644 0.748501 0.868633 0.929617 0.873913
0.983597 0.909670 0.345356 0.468956 0.711372 0.777853 0.000000 0.349027 0.491510 0.726120 0.964672 0.860109 0.763309 0.910700 0.814901 0.871760 0.896301 0.875848 0.777667 0.879155 0.860757 0.926195 0.583282 0.751536 0.690567 0.524985 0.958981 0.938791 0.957022 0.975083 0.522361 0.636378 0.416656 0.509061 0.620728 0.809323 0.691406 0.776772 0.878451 0.973128 0.958359 0.913696 0.595297 0.642334 0.535540 0.597673 0.651593 0.714198 0.929618 0.815355 0.822982 0.830989 0.694436 0.756192 0.814565 0.906508 0.980573 0.969552 0.729117 0.851714 0.329502 0.426429 0.944475 0.866728 0.533437 0.396466 0.363792 0.335360 0.949589 0.914395 0.644691 0.621546 0.649528 0.691276 0.895516 0.713808 0.739980 0.626510 0.969906 0.999880 0.945690 0.936692 0.952049 0.928374 0.714435 0.671021 0.949676 0.918294 0.923099 0.920329 0.593931 0.889682 0.640802 0.850467 0.710114 0.802695 0.694365 0.811490 0.634434 0.630761 0.658157 0.926070 0.940307 0.898391 0.518215 0.721110 0.819955 0.779676 0.729125 0.756639 0.746997 0.755183 0.717697 0.861612 0.707032 0.857425
0.876112 0.823253 0.428668 0.400389 0.774084 0.750933 0.349027 0.000000 0.521135 0.605876 0.854463 0.695055 0.716120 0.780818 0.818176 0.730757 0.974502 0.929199 0.655112 0.737027 0.998334 0.865345 0.634942 0.770782 0.743105 0.607577 0.930095 0.994737 0.928910 0.946013 0.609214 0.603956 0.491598 0.453477 0.745275 0.921372 0.550715 0.701380 0.857460 0.879133 0.858621 0.856514 0.481399 0.477129 0.585956 0.532337 0.510970 0.497783 0.844377 0.669835 0.710536 0.674137 0.700427 0.646573 0.741034 0.898461 0.904885 0.950818 0.617712 0.728626 0.413471 0.324035 0.989359 0.771396 0.629750 0.399182 0.501299 0.388140 0.830563 0.950646 0.580199 0.562743 0.685841 0.746554 0.907516 0.813479 0.669459 0.631294 0.940937 0.879557 0.959070 0.989342 0.952819 0.991445 0.814095 0.727146 0.933207 0.999325 0.899079 0.952133 0.591794 0.860179 0.713182 0.916039 0.790533 0.809128 0.684730 0.870817 0.545770 0.510058 0.584267 0.927243 0.812666 0.844652 0.509596 0.753436 0.937344 0.703424 0.711649 0.707524 0.735396 0.685539 0.697499 0.779295 0.696651 0.909643
0.783227 0.834137 0.534158 0.635887 0.760746 0.829130 0.491510 0.521135 0.000000 0.612468 0.924737 0.834190 0.951909 0.861287 0.936889 0.968394 0.777205 0.664358 0.998040 0.858464 0.957851 0.926750 0.768792 0.935607 0.758291 0.483214 0.941516 0.992271 0.957585 0.802040 0.478733 0.650582 0.513491 0.666185 0.686177 0.957040 0.774589 0.960085 0.944458 0.958596 0.993113 0.801534 0.640982 0.697559 0.629078 0.704902 0.774081 0.805960 0.982495 0.970204 0.884634 0.974007 0.796314 0.746381 0.918740 0.957154 0.834531 0.718567 0.882830 0.935886 0.537694 0.551639 0.864065 0.919989 0.702056 0.579053 0.553858 0.473084 0.959804 0.826620 0.686748 0.591786 0.547088 0.662496 0.961827 0.884290 0.817840 0.718461 0.992323 0.822537 0.675984 0.623077 0.928631 0.740931 0.959063 0.894554 0.918155 0.980324 0.947803 0.926017 0.618479 0.949619 0.732014 0.919393 0.866076 0.921544 0.896654 0.869968 0.623079 0.664339 0.597214 0.996005 0.934014 0.832813 0.671294 0.762255 0.854756 0.720875 0.788984 0.908996 0.716646 0.681955 0.751926 0.883534 0.793573 0.971326
0.714845 0.740860 0.970782 0.987783 0.957196 0.658094 0.726120 0.605876 0.612468 0.000000 0.967416 0.970784 0.660223 0.733697 0.805264 0.851532 0.853108 0.664248 0.873485 0.848132 0.877501 0.912410 0.878475 0.669073 0.817712 0.858791 0.705308 0.884106 0.852099 0.890207 0.580448 0.600645 0.706189 0.573769 0.799754 0.957945 0.860947 0.913312 0.998672 0.981602 0.947971 0.796965 0.428739 0.522220 0.437322 0.450945 0.689958 0.611135 0.577811 0.739945 0.611390 0.821211 0.663134 0.514562 0.977910 0.869894 0.701136 0.647706 0.801133 0.940945 0.768623 0.540554 0.971841 0.866874 0.812291 0.912043 0.709660 0.534240 0.786463 0.809108 0.758258 0.654249 0.540834 0.696969 0.985111 0.850547 0.710176 0.662758 0.988966 0.920721 0.806723 0.619409 0.791762 0.706900 0.637619 0.715344 0.695734 0.782644 0.908517 0.678788 0.725767 0.957655 0.950862 0.880016 0.948161 0.842742 0.771612 0.762424 0.469494 0.515173 0.485240 0.843880 0.634682 0.584396 0.700580 0.780715 0.923421 0.613927 0.848921 0.822784 0.711968 0.654515 0.645686 0.845672 0.798278 0.860446
0.525726 0.618130 0.975267 0.911018 0.945282 0.987862 0.964672 0.854463 0.924737 0.967416 0.000000 0.638465 0.869729 0.747098 0.921773 0.984339 0.614752 0.529278 0.630212 0.594627 0.930610 0.921542 0.871679 0.984164 0.916621 0.822930 0.872457 0.996469 0.696900 0.558835 0.847966 0.890594 0.877703 0.670815 0.885260 0.924749 0.951193 0.763675 0.844372 0.834740 0.821856 0.985069 0.881022 0.791657 0.949773 0.804863 0.763367 0.807571 0.794854 0.644340 0.877206 0.816330 0.924028 0.873668 0.851417 0.888109 0.594941 0.684720 0.651263 0.599072 0.978318 0.974622 0.577448 0.671016 0.927305 0.968314 0.890810 0.877777 0.659824 0.739021 0.861625 0.820612 0.894422 0.997198 0.843024 0.775246 0.918840 0.894791 0.872969 0.769510 0.586451 0.612684 0.760705 0.716883 0.969141 0.992464 0.823004 0.864094 0.891752 0.917529 0.999677 0.936404 0.997911 0.905195 0.820883 0.949869 0.767844 0.817564 0.854017 0.935251 0.982358 0.981252 0.824618 0.760607 0.958172 0.960287 0.896252 0.971089 0.992475 0.848556 0.985073 0.948337 0.849738 0.899649 0.984302 0.935691
0.385700 0.409339 0.884774 0.677837 0.916223 0.936298 0.860109 0.695055 0.834190 0.970784 0.638465 0.000000 0.505578 0.511736 0.704976 0.563473 0.525398 0.464714 0.512348 0.362610 0.946834 0.640521 0.790557 0.722253 0.808141 0.929983 0.711536 0.998450 0.676636 0.513300 0.913832 0.926239 0.832336 0.674445 0.971165 0.998040 0.694902 0.513369 0.856135 0.646590 0.869437 0.996199 0.833054 0.729398 0.928815 0.740980 0.675293 0.556874 0.703952 0.530425 0.705546 0.590002 0.868051 0.944756 0.700637 0.792041 0.477996 0.409600 0.591564 0.466882 0.745891 0.715200 0.600108 0.400862 0.851776 0.835864 0.964183 0.889704 0.497200 0.529613 0.970258 0.897025 0.822610 0.926255 0.935261 0.909882 0.895074 0.965878 0.816231 0.569345 0.381735 0.420484 0.623972 0.495859 0.676872 0.678772 0.661972 0.763741 0.862779 0.738378 0.878685 0.903685 0.877727 0.836831 0.895432 0.855334 0.759994 0.907200 0.951638 0.955800 0.970988 0.907868 0.864415 0.922268 0.830272 0.871268 0.861184 0.907953 0.892296 0.758206 0.952084 0.959501 0.968577 0.765683 0.876849 0.972866
0.478667 0.435119 0.615742 0.492401 0.733396 0.817661 0.763309 0.716120 0.951909 0.660223 0.869729 0.505578 0.000000 0.339361 0.403749 0.375249 0.647047 0.564010 0.464866 0.506559 0.889696 0.635651 0.431560 0.383269 0.593036 0.918219 0.575425 0.952560 0.912838 0.848259 0.897954 0.975037 0.893339 0.913513 0.985796 0.955688 0.791393 0.721381 0.915768 0.822528 0.849447 0.940814 0.981196 0.894204 0.841775 0.979223 0.809939 0.831215 0.888043 0.805371 0.956545 0.697442 0.915419 0.932509 0.821197 0.861048 0.483174 0.440686 0.751644 0.605878 0.655499 0.755777 0.821538 0.661706 0.519135 0.625106 0.954619 0.997661 0.601173 0.637512 0.871910 0.959298 0.871877 0.975769 0.909233 0.967420 0.929673 0.967722 0.868967 0.616513 0.580490 0.492636 0.605256 0.568642 0.401337 0.443985 0.551608 0.637117 0.764824 0.573803 0.988401 0.935367 0.903585 0.910174 0.875953 0.943095 0.866836 0.975631 0.910002 0.962218 0.838628 0.961589 0.941513 0.823574 0.841370 0.916959 0.998678 0.905087 0.879035 0.886029 0.958586 0.989579 0.975146 0.906932 0.887506 0.975805
0.452277 0.412650 0.835901 0.642446 0.955101 0.795270 0.910700 0.780818 0.861287 0.733697 0.747098 0.511736 0.339361 0.000000 0.456708 0.361174 0.503001 0.452890 0.437347 0.508892 0.994541 0.608210 0.608026 0.541020 0.844661 0.908320 0.628917 0.961209 0.727338 0.664962 0.784115 0.925985 0.937656 0.863885 0.926371 0.960892 0.934386 0.760949 0.996862 0.811262 0.984237 0.875864 0.891650 0.748820 0.911038 0.877883 0.693891 0.728109 0.951930 0.653121 0.800164 0.562824 0.841179 0.984398 0.901130 0.835203 0.396780 0.405324 0.620584 0.507375 0.770185 0.854414 0.676909 0.572313 0.747177 0.787993 0.972647 0.940135 0.699487 0.667660 0.930478 0.823646 0.861014 0.980449 0.846428 0.981834 0.954978 0.997270 0.712637 0.531642 0.477475 0.452009 0.534478 0.546202 0.550513 0.583719 0.627738 0.656345 0.807150 0.669429 0.969284 0.918474 0.952559 0.924301 0.876517 0.939073 0.895792 0.979677 0.975951 0.900093 0.844013 0.949342 0.936163 0.994359 0.909913 0.938873 0.977001 0.833952 0.903543 0.850912 0.900189 0.960173 0.990855 0.836459 0.785305 0.978118
0.725204 0.656803 0.737576 0.602873 0.755160 0.846023 0.814901 0.818176 0.936889 0.805264 0.921773 0.704976 0.403749 0.456708 0.000000 0.323116 0.686855 0.722688 0.628579 0.750633 0.974615 0.751153 0.400458 0.445556 0.672136 0.958533 0.630821 0.910872 0.803622 0.894890 0.982853 0.854390 0.907154 0.913441 0.929108 0.984802 0.864059 0.782761 0.982522 0.984887 0.968818 0.915117 0.923128 0.859483 0.962741 0.941518 0.810397 0.857669 0.922814 0.887079 0.925524 0.737407 0.776743 0.945298 0.937301 0.875083 0.607219 0.612858 0.761586 0.730131 0.681838 0.747791 0.828251 0.682922 0.555235 0.697184 0.972911 0.993503 0.806798 0.849884 0.845984 0.925913 0.949206 0.900718 0.903009 0.949397 0.959036 0.840765 0.741365 0.688953 0.725953 0.713744 0.609495 0.678483 0.462731 0.514303 0.690176 0.620877 0.757215 0.666753 0.911512 0.954979 0.925996 0.976007 0.909124 0.873120 0.866016 0.999899 0.980866 0.891774 0.856899 0.878540 0.936605 0.823503 0.807290 0.833586 0.919011 0.986262 0.819874 0.919737 0.913214 0.905497 0.898738 0.953874 0.879620 0.933893
0.634767 0.528517 0.757573 0.558044 0.866672 0.890153 0.871760 0.730757 0.968394 0.851532 0.984339 0.563473 0.375249 0.361174 0.323116 0.000000 0.624471 0.628517 0.576994 0.625922 0.977767 0.658360 0.425434 0.441237 0.708293 0.996889 0.671372 0.831958 0.766039 0.765965 0.982072 0.851910 0.917388 0.868011 0.995398 0.982770 0.817673 0.726016 0.920803 0.891893 0.959732 0.906198 0.846977 0.714064 0.932236 0.851977 0.686408 0.699481 0.997921 0.742199 0.812249 0.621860 0.732854 0.947192 0.910267 0.873768 0.513907 0.495050 0.678118 0.579339 0.691943 0.690402 0.836803 0.577064 0.620895 0.699363 0.957804 0.967086 0.738306 0.727347 0.891110 0.916469 0.876988 0.901596 0.991981 0.884173 0.927714 0.806630 0.713204 0.681251 0.617333 0.626122 0.564022 0.557041 0.483332 0.507089 0.705966 0.695039 0.719006 0.658894 0.913273 0.955499 0.887307 0.912300 0.908588 0.965993 0.888574 0.987390 0.975314 0.871997 0.902767 0.853592 0.999814 0.846910 0.773613 0.822731 0.963399 0.951909 0.783165 0.901362 0.878796 0.855769 0.869176 0.817264 0.764386 0.940175
0.420041 0.417755 0.892697 0.940261 0.909159 0.725473 0.896301 0.974502 0.777205 0.853108 0.614752 0.525398 0.647047 0.503001 0.686855 0.624471 0.000000 0.347194 0.564882 0.441631 0.967943 0.737245 0.916892 0.813636 0.939238 0.748224 0.761315 0.940984 0.597479 0.498141 0.781881 0.971277 0.926626 0.799969 0.997207 0.892261 0.975181 0.644691 0.925223 0.652690 0.834978 0.998480 0.887592 0.756531 0.978995 0.797110 0.685071 0.673390 0.659928 0.495179 0.659225 0.534518 0.851810 0.929638 0.739160 0.608831 0.366087 0.354763 0.589566 0.424362 0.984281 0.947459 0.448929 0.398510 0.942041 0.802839 0.867237 0.897913 0.564492 0.511948 0.690467 0.683111 0.794093 0.957146 0.873855 0.814360 0.932240 0.999389 0.633107 0.632785 0.299048 0.360502 0.477344 0.415518 0.716070 0.800054 0.738038 0.584907 0.778120 0.688697 0.756739 0.904688 0.729264 0.893263 0.758890 0.965028 0.913827 0.819444 0.993733 0.935451 0.742812 0.924975 0.754075 0.868397 0.988164 0.992520 0.940308 0.867980 0.994377 0.852063 0.945470 0.931929 0.961046 0.926870 0.786042 0.939200
0.332735 0.333445 0.951564 0.855850 0.929966 0.751936 0.875848 0.929199 0.664358 0.664248 0.529278 0.464714 0.564010 0.452890 0.722688 0.628517 0.347194 0.000000 0.499135 0.403180 0.985284 0.727586 0.873255 0.690843 0.898967 0.772220 0.689255 0.948063 0.675709 0.535049 0.634812 0.918976 0.992390 0.901440 0.954077 0.977522 0.981052 0.645941 0.842685 0.703114 0.861000 0.987262 0.954273 0.927460 0.827489 0.961922 0.815539 0.790002 0.828244 0.574965 0.852216 0.681816 0.983005 0.732439 0.707161 0.710304 0.296803 0.281686 0.622141 0.474004 0.945579 0.828751 0.459117 0.458119 0.924631 0.869909 0.894838 0.837073 0.501832 0.476991 0.777380 0.612865 0.660123 0.878016 0.786898 0.778995 0.992145 0.825584 0.649858 0.651764 0.330184 0.298696 0.453672 0.385292 0.606841 0.696561 0.609954 0.590727 0.708662 0.596976 0.747902 0.928130 0.849002 0.994154 0.791732 0.984848 0.883128 0.870537 0.883128 0.863738 0.630177 0.843291 0.904040 0.989634 0.996150 0.992704 0.931440 0.778054 0.910685 0.845937 0.992342 0.827356 0.984164 0.896867 0.909510 0.957554
0.483569 0.465334 0.742811 0.561219 0.926934 0.888320 0.777667 0.655112 0.998040 0.873485 0.630212 0.512348 0.464866 0.437347 0.628579 0.576994 0.564882 0.499135 0.000000 0.438931 0.976811 0.595281 0.670758 0.605062 0.844833 0.934287 0.668702 0.906720 0.750050 0.691343 0.863133 0.840969 0.810059 0.747528 0.952377 0.879725 0.801877 0.694769 0.821676 0.767805 0.709233 0.939941 0.829562 0.750278 0.993933 0.833969 0.661194 0.597749 0.893049 0.613062 0.877691 0.661980 0.930457 0.985166 0.822119 0.815505 0.470429 0.493613 0.655187 0.521974 0.755034 0.818941 0.638420 0.600562 0.747224 0.780922 0.880351 0.877635 0.616222 0.761201 0.871086 0.961752 0.906300 0.968155 0.884146 0.991274 0.857705 0.946840 0.755151 0.605546 0.561525 0.520239 0.618340 0.608742 0.640199 0.696908 0.637014 0.643620 0.799361 0.807787 0.959307 0.902245 0.909621 0.868934 0.764008 0.880059 0.670991 0.897088 0.806702 0.791537 0.936179 0.966136 0.843683 0.980327 0.724886 0.869492 0.858598 0.937847 0.885744 0.622193 0.900105 0.947097 0.863030 0.809829 0.786856 0.982895
0.366769 0.348477 0.825699 0.616990 0.889954 0.827890 0.879155 0.737027 0.858464 0.848132 0.594627 0.362610 0.506559 0.508892 0.750633 0.625922 0.441631 0.403180 0.438931 0.000000 0.963051 0.689159 0.771348 0.659620 0.759916 0.988861 0.640126 0.986929 0.747399 0.617667 0.820026 0.999632 0.847255 0.738866 0.985674 0.955672 0.707061 0.501374 0.769397 0.589502 0.814262 0.997657 0.895842 0.806738 0.938393 0.868598 0.675766 0.637343 0.792960 0.503365 0.787229 0.588953 0.906176 0.934818 0.607124 0.740431 0.399530 0.333969 0.594428 0.464018 0.837250 0.857866 0.638634 0.466680 0.800662 0.869008 0.949611 0.950465 0.428479 0.475442 0.968618 0.871136 0.758054 0.922093 0.877945 0.873212 0.841423 0.907633 0.764298 0.686973 0.388570 0.389559 0.578423 0.440279 0.581053 0.632973 0.655825 0.698130 0.743043 0.643328 0.950317 0.967850 0.987548 0.997199 0.836457 0.889836 0.783053 0.943626 0.977794 0.960076 0.915592 0.982601 0.863289 0.979337 0.829459 0.926628 0.850585 0.989417 0.911763 0.685334 0.993425 0.943581 0.939948 0.897432 0.831866 0.903427
0.891022 0.871980 0.813289 0.894289 0.922885 0.987386 0.860757 0.998334 0.957851 0.877501 0.930610 0.946834 0.889696 0.994541 0.974615 0.977767 0.967943 0.985284 0.976811 0.963051 0.000000 0.937183 0.953515 0.875798 0.815921 0.892296 0.985522 0.951186 0.978123 0.997849 0.889189 0.925259 0.784447 0.901482 0.808342 0.789244 0.928691 0.989864 0.908290 0.936839 0.998247 0.939615 0.914553 0.972369 0.875220 0.965064 0.970561 0.814430 0.963001 0.938724 0.987606 0.905029 0.881598 0.751800 0.841820 0.840198 0.950084 0.899092 0.870249 0.970779 0.697358 0.893118 0.878155 0.963801 0.790299 0.781351 0.806939 0.874712 0.949832 0.970457 0.984210 0.896792 0.930831 0.966566 0.875845 0.930567 0.943271 0.993872 0.808866 0.950821 0.888059 0.858265 0.917016 0.962617 0.753281 0.720967 0.903400 0.908312 0.879116 0.844026 0.883196 0.730054 0.995051 0.885148 0.987558 0.975159 0.935606 0.833746 0.875271 0.801343 0.866942 0.981049 0.928553 0.908991 0.848448 0.986997 0.941137 0.962906 0.988330 0.834556 0.864438 0.835039 0.965781 0.952894 0.992910 0.991050
0.707162 0.715532 0.913146 0.796956 0.990218 0.731920 0.926195 0.865345 0.926750 0.912410 0.921542 0.640521 0.635651 0.608210 0.751153 0.658360 0.737245 0.727586 0.595281 0.689159 0.937183 0.000000 0.776210 0.744270 0.930052 0.945999 0.771630 0.824377 0.894595 0.880754 0.955627 0.935052 0.956473 0.957469 0.895370 0.870112 0.884433 0.801374 0.868737 0.723960 0.947622 0.932709 0.909244 0.827931 0.930952 0.925449 0.823503 0.800570 0.952150 0.730796 0.839653 0.687210 0.819141 0.922050 0.867705 0.819444 0.651344 0.655226 0.862777 0.701315 0.839962 0.893390 0.736699 0.678190 0.897708 0.937153 0.899621 0.952670 0.813747 0.833298 0.932924 0.994452 0.995514 0.941382 0.809380 0.919754 0.838675 0.998913 0.904427 0.666275 0.690280 0.653908 0.736165 0.653308 0.777082 0.790733 0.687968 0.758581 0.795519 0.889830 0.997740 0.915906 0.924751 0.985627 0.947717 0.910559 0.748801 0.914222 0.934352 0.886613 0.971947 0.843639 0.920481 0.949383 0.851011 0.915982 0.817381 0.922069 0.857997 0.788278 0.860951 0.872789 0.963753 0.766829 0.769475 0.877899
0.833704 0.692412 0.452168 0.353110 0.580041 0.946928 0.583282 0.634942 0.768792 0.878475 0.871679 0.790557 0.431560 0.608026 0.400458 0.425434 0.916892 0.873255 0.670758 0.771348 0.953515 0.776210 0.000000 0.314021 0.471178 0.647564 0.593682 0.888686 0.979442 0.947811 0.846896 0.866322 0.802441 0.890887 0.800413 0.885685 0.709171 0.749304 0.875998 0.945365 0.954619 0.961277 0.934004 0.893210 0.970760 0.970795 0.903023 0.883196 0.791381 0.999640 0.946645 0.900007 0.802856 0.991206 0.860752 0.924277 0.744750 0.706386 0.902620 0.813210 0.536642 0.642281 0.973212 0.827628 0.311750 0.474221 0.730871 0.821086 0.782189 0.880362 0.696620 0.828833 0.890579 0.884050 0.945727 0.761107 0.885967 0.865612 0.834638 0.942453 0.906088 0.877433 0.681574 0.774536 0.357023 0.374611 0.683697 0.704235 0.650732 0.597095 0.907486 0.958436 0.821585 0.909830 0.749350 0.969313 0.877143 0.957604 0.994751 0.870019 0.917693 0.873217 0.840588 0.674773 0.691357 0.733725 0.957225 0.962370 0.781579 0.791413 0.885954 0.809916 0.928260 0.959058 0.848476 0.994553
0.689338 0.601297 0.512313 0.396470 0.649246 0.826581 0.751536 0.770782 0.935607 0.669073 0.984164 0.722253 0.383269 0.541020 0.445556 0.441237 0.813636 0.690843 0.605062 0.659620 0.875798 0.744270 0.314021 0.000000 0.441495 0.734831 0.475374 0.801498 0.930166 0.998389 0.969753 0.945101 0.851914 0.961540 0.879957 0.874239 0.789916 0.718296 0.784762 0.911414 0.895916 0.970457 0.857707 0.973246 0.768008 0.866752 0.996262 0.955217 0.695111 0.996716 0.799064 0.981346 0.981232 0.777098 0.798978 0.974622 0.617033 0.576498 0.940304 0.784509 0.688138 0.829590 0.950931 0.822712 0.361772 0.576799 0.933207 0.994101 0.633608 0.806362 0.829912 0.946694 0.928482 0.990102 0.944826 0.911326 0.956208 0.958374 0.802148 0.871261 0.788155 0.683846 0.628523 0.603832 0.333353 0.351612 0.602646 0.667118 0.560221 0.524983 0.888628 0.843745 0.973868 0.987164 0.776773 0.913114 0.961230 0.950403 0.817961 0.911509 0.766015 0.881689 0.745357 0.623723 0.797733 0.913300 0.917863 0.892208 0.966945 0.919251 0.984784 0.997720 0.938921 0.944756 0.940530 0.999999
0.747125 0.674576 0.439688 0.468947 0.654352 0.866009 0.690567 0.743105 0.758291 0.817712 0.916621 0.808141 0.593036 0.844661 0.672136 0.708293 0.939238 0.898967 0.844833 0.759916 0.815921 0.930052 0.471178 0.441495 0.000000 0.442782 0.576576 0.751808 0.873741 0.791305 0.765200 0.948700 0.722965 0.873276 0.754943 0.840736 0.579865 0.581798 0.726475 0.826839 0.856469 0.972626 0.887059 0.972392 0.911046 0.919923 0.956259 0.970716 0.745023 0.961487 0.840662 0.936001 0.892649 0.702724 0.673854 0.932867 0.735763 0.719050 0.939757 0.858667 0.591377 0.712397 0.867014 0.939173 0.348127 0.499647 0.827110 0.839726 0.537259 0.694179 0.937649 0.860828 0.986726 0.900425 0.998057 0.931981 0.998160 0.994933 0.968953 0.944894 0.957632 0.840962 0.685284 0.723571 0.383480 0.349122 0.770403 0.779312 0.593703 0.474285 0.874490 0.614921 0.980539 0.855070 0.766594 0.941238 0.890588 0.908800 0.794824 0.764822 0.807322 0.752450 0.738480 0.655878 0.846567 0.947223 0.968018 0.907910 0.921604 0.968188 0.970490 0.927790 0.911839 0.861925 0.972178 0.953584
0.925973 0.998022 0.433593 0.560285 0.658403 0.925012 0.524985 0.607577 0.483214 0.858791 0.822930 0.929983 0.918219 0.908320 0.958533 0.996889 0.748224 0.772220 0.934287 0.988861 0.892296 0.945999 0.647564 0.734831 0.442782 0.000000 0.876420 0.815747 0.750168 0.693868 0.520645 0.830948 0.584127 0.737760 0.729051 0.762624 0.605745 0.772493 0.749750 0.863028 0.943221 0.804224 0.869295 0.892707 0.802580 0.872114 0.866297 0.943451 0.840588 0.948931 0.984998 0.953889 0.947769 0.963374 0.768865 0.982015 0.933538 0.917438 0.965452 0.945985 0.533239 0.605629 0.730000 0.867108 0.496093 0.462830 0.601853 0.553437 0.812346 0.920912 0.802484 0.664689 0.735917 0.763672 0.951326 0.918717 0.964626 0.904049 0.888282 0.774725 0.739297 0.760250 0.927574 0.871625 0.679095 0.600358 0.981465 0.979160 0.779136 0.740488 0.857726 0.772173 0.827014 0.916353 0.853189 0.908856 0.896021 0.968417 0.933059 0.978721 0.846191 0.867066 0.815796 0.851744 0.744570 0.852011 0.914920 0.944511 0.886855 0.911450 0.765868 0.990257 0.908216 0.915842 0.919644 0.982578
0.683632 0.625021 0.803111 0.639664 0.681078 0.730636 0.958981 0.930095 0.941516 0.705308 0.872457 0.711536 0.575425 0.628917 0.630821 0.671372 0.761315 0.689255 0.668702 0.640126 0.985522 0.771630 0.593682 0.475374 0.576576 0.876420 0.000000 0.894779 0.979655 0.952747 0.834323 0.980426 0.918329 0.899316 0.951608 0.969563 0.856348 0.653013 0.791985 0.910018 0.962918 0.868765 0.790455 0.883581 0.656363 0.768145 0.997599 0.988913 0.769880 0.964924 0.826135 0.922460 0.894817 0.821666 0.857059 0.951422 0.633646 0.589201 0.990635 0.772928 0.942231 0.970982 0.912300 0.873094 0.627746 0.817552 0.932602 0.918666 0.637747 0.712319 0.990848 0.880076 0.840028 0.832222 0.975299 0.933505 0.886514 0.769587 0.792244 0.922027 0.782842 0.672779 0.699436 0.710577 0.532831 0.568771 0.621506 0.674984 0.776766 0.594452 0.883572 0.934431 0.979626 0.900395 0.852687 0.964487 0.995011 0.993153 0.835237 0.877122 0.762008 0.962908 0.818947 0.744220 0.946203 0.882163 0.909846 0.931573 0.993627 0.859462 0.987466 0.986135 0.874094 0.879390 0.968212 0.991858
0.894211 0.911071 0.879963 0.914286 0.886750 0.948480 0.938791 0.994737 0.992271 0.884106 0.996469 0.998450 0.952560 0.961209 0.910872 0.831958 0.940984 0.948063 0.906720 0.986929 0.951186 0.824377 0.888686 0.801498 0.751808 0.815747 0.894779 0.000000 0.846346 0.849248 0.929981 0.858583 0.990574 0.998249 0.979322 0.872597 0.811527 0.796653 0.844393 0.991152 0.985938 0.937282 0.921391 0.962435 0.822520 0.881785 0.975777 0.951711 0.815891 0.906009 0.853490 0.862517 0.823721 0.683641 0.885370 0.958244 0.859942 0.882498 0.987401 0.982113 0.984914 0.984313 0.815823 0.949274 0.804479 0.873803 0.860035 0.886153 0.795526 0.735153 0.972813 0.855825 0.879878 0.893801 0.971272 0.948787 0.921748 0.870596 0.919054 0.831737 0.968275 0.961978 0.869388 0.888932 0.813253 0.761481 0.962639 0.975344 0.888339 0.757706 0.761584 0.650046 0.789324 0.709607 0.979738 0.832513 0.764767 0.861892 0.816026 0.732378 0.774361 0.679025 0.770176 0.697019 0.895730 0.772496 0.994858 0.894233 0.823202 0.752293 0.927538 0.926294 0.814823 0.908190 0.862288 0.871943
0.808546 0.750599 0.873765 0.993274 0.927430 0.972583 0.957022 0.928910 0.957585 0.852099 0.696900 0.676636 0.912838 0.727338 0.803622 0.766039 0.597479 0.675709 0.750050 0.747399 0.978123 0.894595 0.979442 0.930166 0.873741 0.750168 0.979655 0.846346 0.000000 0.365732 0.954714 0.606841 0.761954 0.693588 0.995958 0.965251 0.911394 0.907587 0.958601 0.855219 0.953185 0.953375 0.713335 0.667038 0.703351 0.605888 0.706279 0.665556 0.573111 0.572045 0.652025 0.691437 0.716634 0.907971 0.975457 0.753583 0.716799 0.741746 0.666881 0.603529 0.879707 0.930708 0.500129 0.502527 0.838741 0.866165 0.916520 0.904115 0.949514 0.972768 0.812177 0.770756 0.982696 0.874746 0.912345 0.961682 0.973592 0.809871 0.648315 0.674090 0.563992 0.750993 0.712181 0.716047 0.942668 0.974764 0.987582 0.838001 0.986046 0.966547 0.837928 0.882429 0.733104 0.793240 0.819430 0.884425 0.754743 0.989155 0.840664 0.870639 0.964533 0.984306 0.691893 0.713185 0.895174 0.931888 0.999392 0.987818 0.962733 0.919921 0.876559 0.900978 0.765820 0.790021 0.757303 0.981030
0.635183 0.624523 0.827049 0.989811 0.865579 0.927657 0.975083 0.946013 0.802040 0.890207 0.558835 0.513300 0.848259 0.664962 0.894890 0.765965 0.498141 0.535049 0.691343 0.617667 0.997849 0.880754 0.947811 0.998389 0.791305 0.693868 0.952747 0.849248 0.365732 0.000000 0.938660 0.755312 0.856392 0.654608 0.993915 0.994188 0.968221 0.836138 0.998877 0.757852 0.930447 0.963976 0.723729 0.647196 0.739030 0.604622 0.670513 0.611118 0.484478 0.505938 0.604233 0.627778 0.780218 0.996384 0.939984 0.724314 0.633566 0.632061 0.579929 0.492632 0.937911 0.930547 0.468645 0.415699 0.776885 0.815697 0.951246 0.931918 0.849126 0.826459 0.804094 0.751393 0.967990 0.879102 0.902597 0.990189 0.979271 0.816209 0.653028 0.615571 0.416354 0.597990 0.684842 0.635239 0.992036 0.940049 0.890622 0.779309 0.984311 0.969280 0.844992 0.939717 0.752260 0.823098 0.867237 0.999803 0.764739 0.880480 0.842250 0.887133 0.977522 0.982053 0.685401 0.708969 0.924054 0.859476 0.893590 0.885948 0.927134 0.830349 0.905183 0.897058 0.897203 0.805403 0.748871 0.999817
0.741213 0.800605 0.645160 0.790239 0.829180 0.834401 0.522361 0.609214 0.478733 0.580448 0.847966 0.913832 0.897954 0.784115 0.982853 0.982072 0.781881 0.634812 0.863133 0.820026 0.889189 0.955627 0.846896 0.969753 0.765200 0.520645 0.834323 0.929981 0.954714 0.938660 0.000000 0.514447 0.489372 0.610318 0.671098 0.901762 0.729961 0.915894 0.762807 0.961905 0.992923 0.872825 0.601319 0.642340 0.504332 0.562846 0.711675 0.756830 0.844771 0.884394 0.781147 0.928299 0.685773 0.768943 0.967099 0.947692 0.804563 0.717164 0.881606 0.991228 0.511447 0.496133 0.872935 0.964877 0.836411 0.675252 0.652346 0.471840 0.920420 0.790574 0.872061 0.732731 0.656280 0.631651 0.979778 0.804407 0.844732 0.544179 0.949801 0.904842 0.785066 0.664487 0.977425 0.836605 0.998147 0.930578 0.787694 0.944339 0.952360 0.958121 0.953603 0.773910 0.941724 0.739130 0.937137 0.820554 0.942004 0.932907 0.762046 0.828509 0.593588 0.985722 0.914887 0.939519 0.731847 0.812375 0.844045 0.814004 0.822328 0.976534 0.802982 0.831372 0.765206 0.833226 0.805707 0.950760
0.958936 0.971162 0.803912 0.785751 0.952964 0.922019 0.636378 0.603956 0.650582 0.600645 0.890594 0.926239 0.975037 0.925985 0.854390 0.851910 0.971277 0.918976 0.840969 0.999632 0.925259 0.935052 0.866322 0.945101 0.948700 0.830948 0.980426 0.858583 0.606841 0.755312 0.514447 0.000000 0.585141 0.579732 0.755385 0.988557 0.856384 0.886918 0.857180 0.969878 0.986724 0.956609 0.500064 0.473903 0.535827 0.463644 0.576786 0.593162 0.707141 0.661039 0.655005 0.695844 0.647844 0.689024 0.913380 0.884797 0.945413 0.942074 0.613956 0.721530 0.607978 0.622178 0.835499 0.743784 0.955553 0.791326 0.692653 0.592809 0.942857 0.821066 0.902008 0.905988 0.741317 0.680191 0.895426 0.877747 0.781833 0.592762 0.796125 0.770502 0.941495 0.939721 0.811569 0.953633 0.989676 0.972889 0.973474 0.945645 0.925051 0.895164 0.902034 0.892537 0.937978 0.943488 0.890135 0.845487 0.771282 0.977691 0.575030 0.682319 0.650369 0.812003 0.662332 0.818187 0.627424 0.812552 0.851328 0.818939 0.733109 0.849322 0.843778 0.815055 0.602194 0.856418 0.681022 0.992848
0.906940 0.870881 0.555493 0.648294 0.859269 0.820654 0.416656 0.491598 0.513491 0.706189 0.877703 0.832336 0.893339 0.937656 0.907154 0.917388 0.926626 0.992390 0.810059 0.847255 0.784447 0.956473 0.802441 0.851914 0.722965 0.584127 0.918329 0.990574 0.761954 0.856392 0.489372 0.585141 0.000000 0.422149 0.676943 0.832556 0.719919 0.731316 0.861212 0.861505 0.942483 0.740011 0.546361 0.574644 0.445022 0.488687 0.539196 0.658127 0.738146 0.668428 0.671685 0.784599 0.754844 0.895926 0.720915 0.838428 0.893459 0.952341 0.610078 0.765310 0.395507 0.535884 0.766646 0.729676 0.731408 0.598610 0.488453 0.408190 0.861290 0.967510 0.894591 0.835994 0.733717 0.729760 0.786062 0.917659 0.794737 0.700538 0.909097 0.897250 0.901964 0.998064 0.833827 0.926032 0.780309 0.733495 0.970676 0.840828 0.857087 0.887982 0.868044 0.853496 0.983039 0.852229 0.714634 0.844909 0.814951 0.849594 0.693799 0.794363 0.754201 0.983220 0.890156 0.778449 0.658170 0.834398 0.955477 0.960954 0.883184 0.840529 0.754776 0.866126 0.732415 0.779758 0.697573 0.890150
0.821302 0.789452 0.660630 0.701448 0.942681 0.727394 0.509061 0.453477 0.666185 0.573769 0.670815 0.674445 0.913513 0.863885 0.913441 0.868011 0.799969 0.901440 0.747528 0.738866 0.901482 0.957469 0.890887 0.961540 0.873276 0.737760 0.899316 0.998249 0.693588 0.654608 0.610318 0.579732 0.422149 0.000000 0.689435 0.909637 0.678521 0.662997 0.875615 0.875800 0.776817 0.785233 0.493001 0.484199 0.458516 0.424487 0.455334 0.500740 0.644923 0.574197 0.605904 0.689609 0.726749 0.825748 0.734330 0.814944 0.801740 0.877472 0.511053 0.564406 0.467689 0.472605 0.684259 0.576360 0.862570 0.650096 0.562330 0.436688 0.814748 0.894449 0.930918 0.815825 0.718828 0.677176 0.838367 0.976656 0.871358 0.662976 0.913109 0.826329 0.779048 0.914353 0.806238 0.878805 0.894049 0.846544 0.955316 0.904454 0.859636 0.972479 0.935966 0.881298 0.948339 0.815715 0.798837 0.889358 0.696733 0.876860 0.649501 0.755562 0.646439 0.967724 0.789604 0.678264 0.673857 0.757633 0.985261 0.819127 0.910570 0.761812 0.770937 0.869485 0.682847 0.835139 0.777880 0.939804
0.941550 0.895747 0.637742 0.652211 0.926822 0.993870 0.620728 0.745275 0.686177 0.799754 0.885260 0.971165 0.985796 0.926371 0.929108 0.995398 0.997207 0.954077 0.952377 0.985674 0.808342 0.895370 0.800413 0.879957 0.754943 0.729051 0.951608 0.979322 0.995958 0.993915 0.671098 0.755385 0.676943 0.689435 0.000000 0.858013 0.903427 0.792539 0.697865 0.916925 0.987283 0.892564 0.819339 0.814881 0.694011 0.734245 0.829787 0.872077 0.922458 0.890153 0.950721 0.965235 0.916956 0.975294 0.729330 0.895026 0.940946 0.996944 0.752827 0.894194 0.670766 0.691884 0.939306 0.858882 0.680844 0.726268 0.573369 0.600832 0.836710 0.950863 0.828031 0.808726 0.821886 0.752866 0.887999 0.939126 0.872929 0.703340 0.955363 0.925540 0.996019 0.990223 0.826434 0.963563 0.806230 0.757646 0.998254 0.976877 0.665314 0.779889 0.950509 0.853490 0.844009 0.948571 0.783224 0.890070 0.829050 0.673538 0.862423 0.955005 0.929572 0.878732 0.998414 0.986501 0.734695 0.824237 0.653187 0.870921 0.784154 0.841553 0.932672 0.891282 0.708263 0.999335 0.863716 0.920072
0.966982 0.990785 0.823955 0.870182 0.877001 0.887250 0.809323 0.921372 0.957040 0.957945 0.924749 0.998040 0.955688 0.960892 0.984802 0.982770 0.892261 0.977522 0.879725 0.955672 0.789244 0.870112 0.885685 0.874239 0.840736 0.762624 0.969563 0.872597 0.965251 0.994188 0.901762 0.988557 0.832556 0.909637 0.858013 0.000000 0.912767 0.965516 0.893280 0.902105 0.783220 0.986610 0.897158 0.989146 0.975263 0.990026 0.994083 0.775229 0.904414 0.942866 0.915720 0.893878 0.899609 0.865189 0.973654 0.869900 0.959277 0.975657 0.997125 0.967820 0.879152 0.953052 0.934299 0.923082 0.788921 0.816214 0.872389 0.915428 0.927263 0.934948 0.990923 0.855921 0.959311 0.955431 0.889117 0.875630 0.792539 0.930465 0.904624 0.910522 0.975209 0.976353 0.947394 0.911442 0.849919 0.831185 0.972930 0.891974 0.943235 0.955506 0.923911 0.900239 0.943629 0.993440 0.980388 0.897241 0.899730 0.997553 0.883640 0.841120 0.930029 0.881388 0.867647 0.912477 0.936407 0.919785 0.846655 0.846815 0.941788 0.963273 0.872247 0.905844 0.915886 0.903157 0.930339 0.844694
0.812101 0.848072 0.587345 0.588055 0.811215 0.997350 0.691406 0.550715 0.774589 0.860947 0.951193 0.694902 0.791393 0.934386 0.864059 0.817673 0.975181 0.981052 0.801877 0.707061 0.928691 0.884433 0.709171 0.789916 0.579865 0.605745 0.856348 0.811527 0.911394 0.968221 0.729961 0.856384 0.719919 0.678521 0.903427 0.912767 0.000000 0.562391 0.805468 0.859133 0.735309 0.846502 0.819200 0.822046 0.880985 0.856103 0.761802 0.722883 0.995511 0.925011 0.957549 0.954458 0.972246 0.981137 0.629201 0.912840 0.889567 0.885644 0.875742 0.928686 0.630756 0.583647 0.860110 0.829506 0.684279 0.607836 0.820058 0.707761 0.649199 0.757507 0.828605 0.700563 0.889080 0.901900 0.882488 0.968518 0.848292 0.909434 0.998416 0.969663 0.938901 0.936784 0.856336 0.784365 0.779130 0.724001 0.844631 0.949743 0.876638 0.824883 0.979440 0.784052 0.987149 0.854084 0.844547 0.986401 0.809736 0.941204 0.891705 0.921648 0.823805 0.866377 0.964372 0.814879 0.780855 0.926276 0.876938 0.905090 0.792235 0.824453 0.970303 0.972521 0.977071 0.969919 0.960836 0.868006
0.564540 0.548826 0.694026 0.632120 0.925896 0.892129 0.776772 0.701380 0.960085 0.913312 0.763675 0.513369 0.721381 0.760949 0.782761 0.726016 0.644691 0.645941 0.694769 0.501374 0.989864 0.801374 0.749304 0.718296 0.581798 0.772493 0.653013 0.796653 0.907587 0.836138 0.915894 0.886918 0.731316 0.662997 0.792539 0.965516 0.562391 0.000000 0.657287 0.673049 0.847678 0.824117 0.891986 0.868359 0.927300 0.839151 0.695311 0.658404 0.845662 0.639689 0.860382 0.775458 0.954803 0.863040 0.523468 0.707082 0.571207 0.554787 0.699638 0.618350 0.704520 0.726223 0.809274 0.595679 0.705916 0.751738 0.881396 0.803486 0.470284 0.560859 0.973599 0.977446 0.901543 0.993350 0.886269 0.948844 0.801590 0.977286 0.920455 0.913699 0.634889 0.640531 0.669736 0.593598 0.634936 0.606194 0.755843 0.752789 0.680456 0.621998 0.881466 0.722995 0.905610 0.885097 0.914035 0.854619 0.931654 0.872550 0.939554 0.993387 0.953055 0.824861 0.899651 0.939037 0.791903 0.956839 0.961097 0.935636 0.981032 0.718931 0.893515 0.888865 0.927740 0.956329 0.945345 0.970470
