0.000000 0.395820 0.860653 0.696594 0.832031 0.532146 0.570422 0.431589 0.770469 0.763158 0.397995 0.346210 0.528348 0.452642 0.892814 0.544644 0.386927 0.378111 0.415353 0.385634 0.928698 0.949882 0.897255 0.828126 0.976936 0.859701 0.987782 0.925456 0.527658 0.460416 0.673993 0.571644 0.448709 0.460036 0.780645 0.899933 0.711123 0.813789 0.947860 0.894108 0.848794 0.880407 0.516298 0.475058 0.484217 0.494206 0.568926 0.586667 0.744873 0.647674 0.760501 0.811152 0.933870 0.906629 0.911125 0.813604 0.338072 0.505597 0.494897 0.881591 0.485095 0.612209 0.402788 0.453079 0.989696 0.703317 0.538814 0.584240 0.785494 0.662041 0.667863 0.645046 0.798216 0.641757 0.926770 0.722847 0.618763 0.772369 0.713367 0.617050 0.415398 0.453039 0.620555 0.714841 0.823876 0.800033 0.988603 0.907667 0.921823 0.936894 0.571040 0.822200 0.652782 0.854631 0.767378 0.758939 0.723123 0.773285 0.424511 0.458935 0.600255 0.641238 0.522049 0.578676 0.710849 0.817738 0.915789 0.887078 0.936863 0.920254 0.910981 0.679689 0.725497 0.882435 0.803806 0.995617
0.395820 0.000000 0.842208 0.965004 0.958633 0.722881 0.849419 0.618987 0.964463 0.772687 0.712244 0.404254 0.870776 0.683376 0.915243 0.665384 0.293656 0.302110 0.678912 0.549778 0.956815 0.939687 0.862211 0.945021 0.987379 0.963203 0.956538 0.939407 0.507675 0.331239 0.884903 0.733979 0.639624 0.665351 0.878952 0.968242 0.800713 0.853339 0.850634 0.722687 0.794674 0.842103 0.689685 0.611611 0.543428 0.455997 0.822995 0.730760 0.581592 0.632667 0.655088 0.764507 0.995688 0.952217 0.981629 0.860622 0.226330 0.244705 0.743032 0.769503 0.778173 0.493448 0.631293 0.366377 0.736812 0.795162 0.800439 0.742148 0.652474 0.582418 0.860575 0.851559 0.814469 0.732483 0.779715 0.749062 0.813404 0.833250 0.584659 0.518702 0.265473 0.416479 0.617992 0.571152 0.918615 0.871706 0.890570 0.944579 0.967066 0.951417 0.821053 0.916068 0.856686 0.889377 0.705014 0.902053 0.612788 0.869952 0.569944 0.663912 0.784498 0.875836 0.592703 0.762883 0.864553 0.978571 0.987922 0.981326 0.985288 0.835054 0.763108 0.592429 0.850176 0.855382 0.720868 0.911866
0.860653 0.842208 0.000000 0.269005 0.839927 0.860555 0.290992 0.444154 0.691009 0.764175 0.550132 0.935951 0.412265 0.492242 0.492229 0.610769 0.821933 0.950932 0.448910 0.651395 0.900220 0.993386 0.310013 0.444935 0.664539 0.492049 0.962564 0.922961 0.881368 0.995627 0.369547 0.422810 0.522381 0.476291 0.609565 0.734121 0.822088 0.975991 0.798197 0.906755 0.904567 0.723289 0.543310 0.618978 0.740026 0.843027 0.583997 0.577198 0.886476 0.974488 0.946032 0.961553 0.945372 0.860076 0.740010 0.961484 0.863576 0.714429 0.648739 0.983832 0.487872 0.930097 0.684160 0.766058 0.339857 0.535517 0.389255 0.490946 0.706802 0.786088 0.611053 0.554729 0.981165 0.846132 0.970591 0.854778 0.630216 0.660755 0.909161 0.901587 0.780563 0.979986 0.826036 0.778230 0.451773 0.598065 0.709732 0.783431 0.932838 0.957161 0.557770 0.560255 0.656128 0.641279 0.895228 0.896418 0.957417 0.979509 0.701798 0.588699 0.652256 0.584881 0.922719 0.834374 0.743308 0.797720 0.972199 0.762039 0.857424 0.811524 0.934598 0.966155 0.798375 0.996214 0.992561 0.826427
0.696594 0.965004 0.269005 0.000000 0.950478 0.746244 0.260350 0.308534 0.721778 0.765081 0.424711 0.738603 0.374026 0.347477 0.567956 0.564544 0.994862 0.839111 0.317434 0.468509 0.997052 0.983907 0.339799 0.329309 0.637571 0.522827 0.960609 0.816548 0.729856 0.822997 0.317628 0.345747 0.396761 0.374177 0.594147 0.727571 0.792704 0.999278 0.752899 0.933742 0.934574 0.735449 0.461622 0.531703 0.678330 0.776556 0.495247 0.497499 0.886714 0.978835 0.906828 0.939454 0.943794 0.883265 0.747208 0.895942 0.919933 0.871400 0.611079 0.915630 0.436804 0.923662 0.549539 0.937005 0.431924 0.433780 0.339526 0.386430 0.803546 0.855358 0.574192 0.552451 0.917654 0.766311 0.882900 0.809886 0.593424 0.636941 0.896325 0.843219 0.971056 0.828295 0.733560 0.890939 0.465718 0.517992 0.771102 0.766588 0.853380 0.834373 0.523200 0.609510 0.618475 0.698938 0.897354 0.786949 0.960319 0.887499 0.599196 0.472394 0.537166 0.473460 0.810359 0.692193 0.660762 0.751773 0.938902 0.813475 0.799245 0.792150 0.908583 0.906095 0.754517 0.937730 0.986149 0.777323
0.832031 0.958633 0.839927 0.950478 0.000000 0.906126 0.832520 0.853687 0.743907 0.734262 0.871981 0.813357 0.747427 0.808571 0.736979 0.702906 0.982482 0.910993 0.819334 0.825936 0.844776 0.971353 0.806466 0.970124 0.934369 0.973268 0.994628 0.988571 0.936530 0.874834 0.850761 0.874786 0.806390 0.784021 0.899122 0.876458 0.816848 0.890529 0.961876 0.929730 0.870520 0.980893 0.771776 0.795772 0.786662 0.812044 0.851993 0.774696 0.947601 0.936544 0.789051 0.712364 0.699180 0.699637 0.973378 0.933033 0.960055 0.961792 0.686136 0.860445 0.714129 0.993099 0.786293 0.854186 0.847766 0.920598 0.778650 0.833333 0.887165 0.813040 0.836785 0.772094 0.893317 0.883613 0.864257 0.881375 0.869888 0.920165 0.948144 0.913219 0.914631 0.990736 0.877664 0.948708 0.915536 0.976191 0.972197 0.874601 0.854622 0.815350 0.667483 0.693169 0.720654 0.678610 0.978875 0.997908 0.918615 0.971477 0.741516 0.876694 0.925379 0.890468 0.727545 0.701262 0.958894 0.657624 0.777092 0.764465 0.909305 0.973959 0.999984 0.781434 0.810179 0.790385 0.805360 0.989347
0.532146 0.722881 0.860555 0.746244 0.906126 0.000000 0.642340 0.562878 0.616426 0.662756 0.546568 0.542667 0.639666 0.665865 0.864676 0.560325 0.660160 0.591892 0.571465 0.610371 0.847633 0.918101 0.856632 0.795773 0.968796 0.804177 0.970840 0.799668 0.778669 0.638439 0.706253 0.632243 0.625966 0.552028 0.891063 0.990903 0.832929 0.876986 0.874344 0.961320 0.905041 0.916887 0.581732 0.600837 0.631936 0.630352 0.754230 0.680123 0.916467 0.844401 0.919007 0.925149 0.976183 0.855356 0.901165 0.985890 0.599393 0.836808 0.773549 0.935858 0.588326 0.718309 0.671507 0.710237 0.925405 0.714314 0.650581 0.612413 0.977278 0.968053 0.742264 0.707195 0.851366 0.713840 0.954760 0.806614 0.674462 0.706579 0.634711 0.707460 0.696723 0.671587 0.961650 0.935897 0.896243 0.888105 0.955961 0.894431 0.954767 0.986402 0.641524 0.799204 0.668699 0.734169 0.986363 0.979880 0.753583 0.790060 0.526809 0.675577 0.603894 0.621780 0.639859 0.617773 0.899478 0.879981 0.778581 0.959109 0.905886 0.896620 0.987336 0.771237 0.944915 0.855644 0.984805 0.819604
0.570422 0.849419 0.290992 0.260350 0.832520 0.642340 0.000000 0.226665 0.587884 0.534987 0.352195 0.609865 0.333471 0.322144 0.511797 0.425007 0.843809 0.684573 0.276690 0.450862 0.900914 0.880759 0.345337 0.473162 0.820781 0.560858 0.965008 0.934614 0.644058 0.658871 0.360544 0.322347 0.337849 0.301498 0.691779 0.726947 0.690770 0.931446 0.791382 0.988397 0.991964 0.831671 0.392225 0.474120 0.456054 0.573815 0.510530 0.438692 0.968391 0.822785 0.757248 0.740479 0.799972 0.685227 0.815719 0.860467 0.816451 0.999650 0.510725 0.890853 0.312982 0.814086 0.481049 0.887977 0.506451 0.439554 0.279175 0.341749 0.804359 0.959002 0.477576 0.446775 0.878275 0.728037 0.958503 0.794801 0.494281 0.569792 0.819677 0.708767 0.894062 0.772358 0.726739 0.986662 0.505600 0.608344 0.818372 0.851786 0.950262 0.922864 0.379393 0.491809 0.503718 0.565901 0.777494 0.748712 0.853796 0.901924 0.454055 0.393222 0.487732 0.449416 0.723955 0.659001 0.708716 0.676954 0.925197 0.798120 0.853923 0.875694 0.875515 0.796569 0.652007 0.943077 0.905922 0.906507
0.431589 0.618987 0.444154 0.308534 0.853687 0.562878 0.226665 0.000000 0.593812 0.531833 0.309069 0.435338 0.391086 0.289966 0.660914 0.434100 0.637229 0.506781 0.242194 0.318088 0.972802 0.900782 0.487994 0.508369 0.840796 0.592889 0.911389 0.915037 0.495552 0.502390 0.382588 0.317215 0.271832 0.282658 0.758505 0.774086 0.642494 0.906613 0.761650 0.959474 0.941875 0.905021 0.358058 0.426668 0.378965 0.470253 0.509112 0.449620 0.832374 0.737786 0.683278 0.730244 0.798409 0.725164 0.858769 0.823561 0.588107 0.768495 0.497016 0.837559 0.334142 0.643019 0.409912 0.704573 0.674027 0.439864 0.327475 0.319340 0.944584 0.918065 0.507293 0.447941 0.791287 0.626583 0.861155 0.722374 0.483686 0.576506 0.693087 0.635224 0.696796 0.603576 0.661862 0.861246 0.641547 0.641597 0.895613 0.869010 0.947829 0.876956 0.408701 0.601895 0.507966 0.693065 0.774893 0.758498 0.738438 0.843681 0.393380 0.354742 0.446178 0.443457 0.604633 0.566521 0.679879 0.706505 0.959038 0.809369 0.804572 0.918065 0.833808 0.739090 0.652627 0.908410 0.869285 0.941785
0.770469 0.964463 0.691009 0.721778 0.743907 0.616426 0.587884 0.593812 0.000000 0.436283 0.662550 0.781308 0.657191 0.720990 0.716599 0.597402 0.856432 0.809407 0.718428 0.728720 0.905360 0.939314 0.773959 0.956030 0.879126 0.841045 0.986811 0.798312 0.731679 0.774132 0.742332 0.768327 0.714516 0.649257 0.931748 0.878077 0.811555 0.789705 0.983641 0.856080 0.983411 0.913232 0.555381 0.578557 0.606325 0.628772 0.833344 0.701437 0.886142 0.789949 0.761134 0.673737 0.637465 0.555230 0.889561 0.904323 0.915454 0.961431 0.641831 0.944929 0.615130 0.932324 0.757595 0.921016 0.838362 0.877000 0.700405 0.782607 0.880243 0.949060 0.644358 0.555531 0.817281 0.775908 0.950474 0.896168 0.528397 0.728329 0.854904 0.868311 0.979355 0.937611 0.998650 0.844297 0.994628 0.847218 0.881588 0.884532 0.875895 0.781908 0.490099 0.472493 0.560267 0.479107 0.998986 0.866257 0.772125 0.891042 0.551134 0.563384 0.591560 0.563137 0.641070 0.656135 0.871150 0.584048 0.741983 0.743991 0.971080 0.964272 0.945791 0.812547 0.586250 0.742416 0.828043 0.837372
0.763158 0.772687 0.764175 0.765081 0.734262 0.662756 0.534987 0.531833 0.436283 0.000000 0.693742 0.676931 0.702165 0.659702 0.587927 0.518872 0.712097 0.617036 0.671849 0.723011 0.991885 0.856956 0.753846 0.997012 0.782907 0.931483 0.933401 0.898150 0.653398 0.572704 0.735907 0.682849 0.716258 0.616496 0.921017 0.985606 0.734858 0.905960 0.877459 0.935175 0.834841 0.936886 0.555529 0.587291 0.446009 0.474931 0.900023 0.642089 0.802377 0.737314 0.642089 0.574788 0.593143 0.505852 0.807223 0.971919 0.741927 0.814506 0.655245 0.904035 0.586992 0.789904 0.718384 0.716446 0.957324 0.834673 0.665720 0.690839 0.888239 0.907658 0.546109 0.480618 0.834644 0.779072 0.985735 0.865844 0.545910 0.598878 0.654217 0.709003 0.846516 0.999675 0.901259 0.977077 0.948444 0.844905 0.859417 0.917310 0.791486 0.739655 0.416870 0.471303 0.498430 0.487691 0.817857 0.925758 0.687604 0.886621 0.514337 0.520316 0.641404 0.586410 0.585873 0.669192 0.887058 0.573086 0.761928 0.665151 0.885273 0.965136 0.775098 0.605841 0.653170 0.749677 0.747749 0.796975
0.397995 0.712244 0.550132 0.424711 0.871981 0.546568 0.352195 0.309069 0.662550 0.693742 0.000000 0.459978 0.347462 0.320803 0.782023 0.562129 0.637078 0.574705 0.268242 0.374813 0.943948 0.862870 0.614880 0.629324 0.969166 0.696117 0.904228 0.928485 0.552142 0.572130 0.472976 0.436490 0.364534 0.320458 0.678217 0.840469 0.676946 0.948612 0.795319 0.903668 0.905616 0.984698 0.468087 0.503869 0.528201 0.603933 0.476926 0.501117 0.940091 0.786501 0.797202 0.867705 0.869824 0.826334 0.813823 0.816359 0.625787 0.840748 0.550573 0.888600 0.321265 0.696125 0.357304 0.678128 0.738094 0.518044 0.374308 0.400510 0.999870 0.977519 0.534985 0.608308 0.809834 0.693250 0.933874 0.692868 0.580605 0.603284 0.837408 0.743043 0.655462 0.601837 0.830157 0.855579 0.655906 0.666493 0.921145 0.890549 0.872986 0.908638 0.503819 0.680226 0.628497 0.740986 0.854474 0.665384 0.855257 0.888462 0.494228 0.426879 0.495134 0.562536 0.657265 0.595161 0.778069 0.775208 0.969430 0.810691 0.895507 0.946448 0.926981 0.816634 0.637981 0.987622 0.897175 0.855147
0.346210 0.404254 0.935951 0.738603 0.813357 0.542667 0.609865 0.435338 0.781308 0.676931 0.459978 0.000000 0.664188 0.507718 0.999627 0.570718 0.394237 0.322519 0.489896 0.396485 0.895263 0.887947 0.896697 0.848822 0.891480 0.906205 0.970225 0.985839 0.461705 0.362140 0.702808 0.643196 0.439701 0.456218 0.860884 0.832053 0.567729 0.779594 0.833224 0.900742 0.682956 0.859789 0.641059 0.603058 0.441830 0.490374 0.685727 0.599489 0.713740 0.669524 0.708027 0.734612 0.872391 0.804047 0.979922 0.880531 0.366613 0.447009 0.532530 0.686103 0.470356 0.400568 0.428838 0.355469 0.942543 0.597512 0.554153 0.495561 0.758807 0.547542 0.728982 0.691547 0.737083 0.602575 0.908251 0.745691 0.693573 0.774081 0.622430 0.614462 0.368538 0.449845 0.701933 0.614069 0.903538 0.817932 0.986352 0.966132 0.909104 0.930045 0.625477 0.889691 0.679952 0.880426 0.725310 0.809567 0.704007 0.771719 0.490260 0.567175 0.589872 0.663916 0.568514 0.626517 0.803254 0.808923 0.915642 0.878441 0.936455 0.888089 0.878566 0.737682 0.794321 0.928503 0.761287 0.913330
0.528348 0.870776 0.412265 0.374026 0.747427 0.639666 0.333471 0.391086 0.657191 0.702165 0.347462 0.664188 0.000000 0.307103 0.470523 0.460144 0.860883 0.733256 0.331085 0.454268 0.818642 0.975507 0.405001 0.482005 0.833333 0.679564 0.879095 0.841755 0.702768 0.709515 0.485096 0.456497 0.410826 0.363323 0.620321 0.770559 0.826439 0.980954 0.843217 0.985135 0.978056 0.865134 0.457658 0.506969 0.694494 0.774008 0.458544 0.538533 0.820901 0.997792 0.906669 0.907244 0.942119 0.791173 0.714101 0.924999 0.798848 0.998068 0.513883 0.960902 0.343158 0.971421 0.341433 0.834467 0.524309 0.564624 0.341581 0.499858 0.910850 0.980565 0.453245 0.536524 0.932119 0.839959 0.934291 0.693403 0.562607 0.553029 0.993131 0.823416 0.868999 0.814366 0.746759 0.877476 0.502008 0.580694 0.753669 0.870783 0.794632 0.947371 0.475488 0.563244 0.629997 0.595507 0.895499 0.718840 0.889881 0.906668 0.490320 0.455757 0.591064 0.588393 0.664974 0.613090 0.771401 0.704466 0.898983 0.709363 0.840174 0.899532 0.999018 0.819276 0.754539 0.914555 0.929033 0.816062
0.452642 0.683376 0.492242 0.347477 0.808571 0.665865 0.322144 0.289966 0.720990 0.659702 0.320803 0.507718 0.307103 0.000000 0.571055 0.399572 0.725141 0.561032 0.276918 0.305104 0.916500 0.954768 0.511113 0.480975 0.867773 0.696816 0.989463 0.850061 0.559387 0.559427 0.422385 0.368670 0.316395 0.280350 0.669624 0.737286 0.639261 0.982856 0.758900 0.942571 0.989810 0.878284 0.410900 0.464388 0.532485 0.598620 0.460169 0.443513 0.988335 0.842809 0.743322 0.767629 0.841556 0.760640 0.818724 0.924132 0.640271 0.826683 0.508151 0.879188 0.346580 0.774528 0.344103 0.709643 0.617687 0.447893 0.333089 0.390526 0.976263 0.899071 0.531813 0.526926 0.870935 0.707271 0.885769 0.591046 0.547693 0.585869 0.780999 0.753199 0.719040 0.634177 0.632447 0.856094 0.558953 0.521890 0.823923 0.830898 0.805064 0.849995 0.441478 0.649895 0.607870 0.713214 0.806526 0.667471 0.826959 0.849806 0.420646 0.404858 0.482825 0.554133 0.658980 0.649697 0.674847 0.705786 0.973991 0.749127 0.747229 0.933070 0.884102 0.759868 0.715972 0.989592 0.880530 0.866343
0.892814 0.915243 0.492229 0.567956 0.736979 0.864676 0.511797 0.660914 0.716599 0.587927 0.782023 0.999627 0.470523 0.571055 0.000000 0.518626 0.874058 0.999203 0.671314 0.786883 0.889223 0.982342 0.455330 0.669167 0.826064 0.762887 0.770991 0.770946 0.923453 0.938062 0.634139 0.671850 0.711064 0.672640 0.802229 0.839154 0.961641 0.979908 0.948138 0.914086 0.902421 0.782930 0.557358 0.665590 0.798605 0.848327 0.742522 0.721005 0.783394 0.918550 0.923113 0.840528 0.866158 0.721353 0.984461 0.843460 0.951260 0.846576 0.686216 0.949226 0.610642 0.811262 0.727281 0.935935 0.480854 0.749883 0.579571 0.732033 0.688855 0.867898 0.528698 0.553859 0.895362 0.967619 0.947053 0.825128 0.573371 0.674151 0.999465 0.993764 0.817022 0.795162 0.809868 0.737145 0.610643 0.779049 0.670251 0.944705 0.992977 0.920826 0.516015 0.482130 0.655308 0.511116 0.907629 0.948150 0.956332 0.873219 0.620296 0.638166 0.842782 0.642130 0.779307 0.742212 0.802499 0.693616 0.781130 0.638456 0.840537 0.732265 0.964924 0.748903 0.847322 0.898974 0.971824 0.904963
0.544644 0.665384 0.610769 0.564544 0.702906 0.560325 0.425007 0.434100 0.597402 0.518872 0.562129 0.570718 0.460144 0.399572 0.518626 0.000000 0.716222 0.567832 0.494938 0.468495 0.783237 0.889153 0.570872 0.647586 0.917638 0.649087 0.918585 0.884347 0.610238 0.544931 0.573008 0.498372 0.442711 0.431007 0.800761 0.722002 0.657412 0.847341 0.934260 0.960170 0.984943 0.964965 0.484305 0.549632 0.505804 0.540696 0.646006 0.570950 0.908139 0.812519 0.661118 0.663730 0.791281 0.649691 0.998174 0.996173 0.655511 0.766687 0.529468 0.819349 0.430417 0.732833 0.559433 0.711098 0.698161 0.550902 0.461984 0.511105 0.887169 0.847831 0.600090 0.531337 0.872674 0.755136 0.896898 0.748263 0.566586 0.711813 0.730463 0.641692 0.697095 0.724506 0.702770 0.918510 0.637301 0.673420 0.811478 0.946951 0.952193 0.892418 0.415778 0.638889 0.570577 0.599526 0.771565 0.900188 0.700751 0.840154 0.445034 0.539009 0.563620 0.601367 0.627488 0.718994 0.814389 0.790330 0.790702 0.785268 0.833527 0.936310 0.849363 0.605710 0.707307 0.921201 0.849060 0.940471
0.386927 0.293656 0.821933 0.994862 0.982482 0.660160 0.843809 0.637229 0.856432 0.712097 0.637078 0.394237 0.860883 0.725141 0.874058 0.716222 0.000000 0.288375 0.698911 0.611585 0.906658 0.905440 0.852813 0.952192 0.868683 0.882628 0.951480 0.924622 0.469918 0.323943 0.870238 0.788393 0.671927 0.634158 0.916105 0.982320 0.746509 0.731479 0.859795 0.717707 0.724397 0.795841 0.734443 0.626173 0.526089 0.507477 0.865864 0.766299 0.634320 0.636262 0.678700 0.702644 0.928015 0.849080 0.927641 0.823932 0.284261 0.317822 0.732729 0.749112 0.709836 0.480293 0.588233 0.309613 0.661775 0.828086 0.806950 0.717892 0.657779 0.588119 0.827518 0.778062 0.779147 0.648281 0.870903 0.695429 0.805723 0.847566 0.634616 0.583506 0.290308 0.494596 0.775267 0.532536 0.846737 0.971597 0.878879 0.851601 0.948154 0.982588 0.756688 0.993919 0.786702 0.983878 0.687518 0.895502 0.638124 0.805285 0.622968 0.620298 0.754296 0.820897 0.649738 0.710045 0.867750 0.947539 0.868125 0.919189 0.995318 0.830988 0.806012 0.666315 0.773405 0.870770 0.777753 0.865113
0.378111 0.302110 0.950932 0.839111 0.910993 0.591892 0.684573 0.506781 0.809407 0.617036 0.574705 0.322519 0.733256 0.561032 0.999203 0.567832 0.288375 0.000000 0.560514 0.522015 0.884029 0.996766 0.995274 0.917880 0.866416 0.962580 0.959210 0.929878 0.450143 0.275596 0.736736 0.622954 0.523198 0.543560 0.987122 0.881071 0.676093 0.808060 0.905103 0.801140 0.801964 0.859749 0.622596 0.559895 0.422441 0.391730 0.796646 0.627182 0.697784 0.631044 0.662001 0.633835 0.880607 0.803929 0.996312 0.880782 0.266871 0.338697 0.686736 0.782742 0.585772 0.484073 0.504829 0.293207 0.803514 0.707374 0.632986 0.605699 0.731476 0.576209 0.713574 0.675657 0.772055 0.617725 0.864988 0.721466 0.702426 0.722109 0.472107 0.500279 0.282478 0.463051 0.702333 0.583630 0.947914 0.877861 0.933325 0.875965 0.965466 0.970615 0.607482 0.875324 0.642547 0.881482 0.772316 0.833761 0.570130 0.880491 0.496692 0.529327 0.603914 0.712812 0.566234 0.695891 0.775354 0.817277 0.836540 0.949924 0.978602 0.856060 0.849372 0.643578 0.730787 0.877811 0.747111 0.901180
0.415353 0.678912 0.448910 0.317434 0.819334 0.571465 0.276690 0.242194 0.718428 0.671849 0.268242 0.489896 0.331085 0.276918 0.671314 0.494938 0.698911 0.560514 0.000000 0.329141 0.968870 0.897925 0.499858 0.476344 0.815038 0.641206 0.959906 0.871091 0.588969 0.574141 0.374517 0.324883 0.298160 0.284573 0.665493 0.806858 0.706020 0.972153 0.759013 0.946457 0.937877 0.917056 0.432301 0.471937 0.530463 0.603549 0.504087 0.464887 0.997035 0.866536 0.857016 0.897451 0.957071 0.920591 0.792706 0.849858 0.606738 0.830739 0.554454 0.931353 0.361999 0.775515 0.373129 0.739116 0.665955 0.475368 0.314145 0.350509 0.934489 0.946999 0.517557 0.570189 0.862417 0.721632 0.878857 0.699566 0.592610 0.606131 0.752965 0.701834 0.709583 0.587648 0.711421 0.910974 0.577420 0.590623 0.861924 0.845447 0.802783 0.851215 0.478954 0.662197 0.601689 0.755863 0.857020 0.717434 0.834840 0.880581 0.428856 0.401456 0.482180 0.517366 0.645131 0.598225 0.662749 0.752388 0.968568 0.826888 0.883134 0.899457 0.942346 0.715349 0.668831 0.967938 0.940565 0.906396
0.385634 0.549778 0.651395 0.468509 0.825936 0.610371 0.450862 0.318088 0.728720 0.723011 0.374813 0.396485 0.454268 0.305104 0.786883 0.468495 0.611585 0.522015 0.329141 0.000000 0.899103 0.989334 0.664590 0.562709 0.821972 0.717866 0.962761 0.873759 0.493511 0.540969 0.522327 0.433325 0.298173 0.352808 0.753931 0.778863 0.613059 0.998765 0.783081 0.908194 0.869521 0.984996 0.526163 0.542817 0.558376 0.616182 0.561488 0.562846 0.853093 0.783825 0.760115 0.867104 0.901391 0.894083 0.900183 0.856155 0.520631 0.638813 0.513826 0.804656 0.441943 0.616488 0.396820 0.641811 0.782887 0.535798 0.464988 0.429917 0.853915 0.780733 0.592244 0.624572 0.777647 0.625412 0.842258 0.691991 0.607248 0.664429 0.796984 0.687139 0.577902 0.473284 0.602259 0.771816 0.644153 0.610786 0.782917 0.827018 0.839130 0.849538 0.584259 0.834506 0.697683 0.886716 0.788953 0.796107 0.816229 0.831163 0.482371 0.458281 0.549295 0.651899 0.619498 0.634214 0.689280 0.793516 0.949709 0.902633 0.784481 0.964333 0.904015 0.740687 0.706504 0.969466 0.915136 0.993446
0.928698 0.956815 0.900220 0.997052 0.844776 0.847633 0.900914 0.972802 0.905360 0.991885 0.943948 0.895263 0.818642 0.916500 0.889223 0.783237 0.906658 0.884029 0.968870 0.899103 0.000000 0.944962 0.842383 0.880152 0.983262 0.979388 0.884080 0.909015 0.955974 0.927099 0.872194 0.964852 0.822896 0.812731 0.906192 0.778232 0.875293 0.861254 0.981311 0.808139 0.892543 0.995823 0.993147 0.986129 0.961346 0.989503 0.970505 0.983968 0.870025 0.892619 0.960511 0.946137 0.969238 0.842361 0.852845 0.976294 0.985536 0.938019 0.791792 0.839261 0.787325 0.977942 0.898875 0.909672 0.859001 0.878825 0.796565 0.836341 0.878107 0.993611 0.756574 0.890542 0.907482 0.824464 0.926348 0.861776 0.933943 0.828864 0.919110 0.858345 0.830908 0.892412 0.953174 0.938967 0.794130 0.781774 0.890059 0.785268 0.868158 0.940903 0.872064 0.896860 0.866154 0.792023 0.996371 0.890777 0.857755 0.876306 0.848841 0.976473 0.867171 0.959265 0.975079 0.992306 0.972677 0.880426 0.907481 0.998820 0.947788 0.977132 0.815364 0.945502 0.989355 0.904968 0.902753 0.868649
0.949882 0.939687 0.993386 0.983907 0.971353 0.918101 0.880759 0.900782 0.939314 0.856956 0.862870 0.887947 0.975507 0.954768 0.982342 0.889153 0.905440 0.996766 0.897925 0.989334 0.944962 0.000000 0.961601 0.943752 0.876050 0.823419 0.806032 0.856499 0.912522 0.925470 0.932677 0.983684 0.928756 0.933677 0.989617 0.945991 0.864971 0.866440 0.961579 0.879873 0.913160 0.943453 0.888502 0.960454 0.907337 0.901335 0.915251 0.995786 0.859747 0.840015 0.960289 0.994587 0.878111 0.952363 0.979402 0.863045 0.990331 0.985664 0.947268 0.987130 0.934197 0.895027 0.989237 0.998723 0.994674 0.962057 0.941243 0.888388 0.917562 0.944344 0.960499 0.971376 0.827176 0.977493 0.868657 0.966427 0.999204 0.910095 0.922559 0.975494 0.929021 0.993595 0.893203 0.993958 0.946464 0.895914 0.983932 0.969337 0.929638 0.855625 0.975562 0.970170 0.990327 0.943264 0.912345 0.922966 0.965783 0.992132 0.972396 0.979116 0.934878 0.876242 0.960338 0.909813 0.790257 0.957271 0.917676 0.949752 0.948969 0.853152 0.964808 0.848228 0.899358 0.941985 0.888906 0.928300
0.897255 0.862211 0.310013 0.339799 0.806466 0.856632 0.345337 0.487994 0.773959 0.753846 0.614880 0.896697 0.405001 0.511113 0.455330 0.570872 0.852813 0.995274 0.499858 0.664590 0.842383 0.961601 0.000000 0.375064 0.633387 0.608058 0.845221 0.902605 0.960201 0.917418 0.442634 0.461286 0.489583 0.476411 0.569866 0.644566 0.870079 0.998027 0.795767 0.882612 0.961669 0.704904 0.649134 0.748814 0.813347 0.917191 0.629005 0.641932 0.717682 0.870307 0.887130 0.879607 0.901429 0.743972 0.772052 0.993447 0.859908 0.796394 0.672418 0.896730 0.478372 0.961657 0.619859 0.913933 0.382309 0.474069 0.386831 0.441573 0.745587 0.764049 0.571330 0.598800 0.979681 0.935652 0.877815 0.844841 0.692436 0.665446 0.943130 0.858202 0.871725 0.933802 0.750741 0.790819 0.356618 0.478585 0.705587 0.735849 0.778945 0.783042 0.577287 0.599050 0.664179 0.623862 0.904328 0.888477 0.990297 0.972776 0.743248 0.634310 0.742888 0.626137 0.899477 0.778547 0.829238 0.693118 0.986433 0.785302 0.918574 0.749319 0.991330 0.980770 0.887885 0.936926 0.968908 0.822009
0.828126 0.945021 0.444935 0.329309 0.970124 0.795773 0.473162 0.508369 0.956030 0.997012 0.629324 0.848822 0.482005 0.480975 0.669167 0.647586 0.952192 0.917880 0.476344 0.562709 0.880152 0.943752 0.375064 0.000000 0.505277 0.652566 0.853613 0.821539 0.940121 0.870368 0.467696 0.420736 0.486166 0.446636 0.668868 0.716077 0.916103 0.940363 0.731650 0.968829 0.870410 0.669057 0.673975 0.718783 0.858728 0.943340 0.577066 0.679492 0.803031 0.876664 0.949535 0.942734 0.895894 0.996109 0.696441 0.992675 0.951477 0.917485 0.798884 0.927754 0.636141 0.989283 0.662412 0.925947 0.506734 0.474032 0.492670 0.479837 0.932118 0.790537 0.708776 0.775392 0.970980 0.903244 0.823598 0.806288 0.809654 0.736229 0.943203 0.838634 0.999113 0.733199 0.633971 0.963824 0.406640 0.346394 0.784063 0.551654 0.675344 0.690959 0.781250 0.863352 0.850311 0.955043 0.902688 0.840412 0.966731 0.990584 0.752241 0.696798 0.758049 0.765087 0.956617 0.813155 0.763525 0.968248 0.908481 0.986289 0.869929 0.822761 0.956091 0.948331 0.979191 0.971598 0.989254 0.794992
0.976936 0.987379 0.664539 0.637571 0.934369 0.968796 0.820781 0.840796 0.879126 0.782907 0.969166 0.891480 0.833333 0.867773 0.826064 0.917638 0.868683 0.866416 0.815038 0.821972 0.983262 0.876050 0.633387 0.505277 0.000000 0.661574 0.737593 0.979818 0.835299 0.913580 0.666521 0.644762 0.795078 0.828178 0.816010 0.783846 0.869357 0.966403 0.828411 0.992168 0.927416 0.651500 0.861034 0.896567 0.844807 0.879724 0.776047 0.868285 0.879907 0.843213 0.886823 0.727335 0.687863 0.752123 0.879312 0.883717 0.942277 0.935409 0.956304 0.884128 0.911295 0.989090 0.978351 0.772770 0.569857 0.648367 0.846837 0.797247 0.957873 0.737082 0.997926 0.929201 0.825646 0.846658 0.812479 0.817728 0.945498 0.978752 0.823237 0.872631 0.910388 0.829411 0.679464 0.851911 0.557513 0.560922 0.810398 0.796960 0.747233 0.709124 0.846441 0.837867 0.848464 0.763621 0.936445 0.965807 0.976548 0.931614 0.983236 0.963688 0.921107 0.967767 0.841297 0.939094 0.920485 0.869046 0.835639 0.953216 0.940681 0.846356 0.921703 0.997705 0.842096 0.905319 0.867696 0.794197
0.859701 0.963203 0.492049 0.522827 0.973268 0.804177 0.560858 0.592889 0.841045 0.931483 0.696117 0.906205 0.679564 0.696816 0.762887 0.649087 0.882628 0.962580 0.641206 0.717866 0.979388 0.823419 0.608058 0.652566 0.661574 0.000000 0.916409 0.948950 0.883587 0.995500 0.603360 0.615782 0.639918 0.695732 0.820073 0.669538 0.892929 0.881987 0.947426 0.988928 0.891416 0.858308 0.640932 0.811138 0.806030 0.793947 0.695234 0.783132 0.907755 0.953192 0.921605 0.923203 0.985537 0.950607 0.769779 0.948283 0.973442 0.904078 0.786932 0.915475 0.655942 0.886984 0.879559 0.838688 0.527153 0.566127 0.617775 0.622059 0.811889 0.792934 0.826407 0.775501 0.998527 0.913986 0.860840 0.976177 0.817384 0.810390 0.972906 0.897982 0.974886 0.876051 0.817442 0.839543 0.597887 0.695342 0.828927 0.861203 0.875644 0.943345 0.800958 0.889120 0.823011 0.883713 0.969204 0.882327 0.972397 0.878296 0.836842 0.786558 0.699570 0.795303 0.920002 0.939954 0.786062 0.967351 0.945312 0.954568 0.873122 0.910307 0.951985 0.915204 0.907296 0.899545 0.958479 0.867804
0.987782 0.956538 0.962564 0.960609 0.994628 0.970840 0.965008 0.911389 0.986811 0.933401 0.904228 0.970225 0.879095 0.989463 0.770991 0.918585 0.951480 0.959210 0.959906 0.962761 0.884080 0.806032 0.845221 0.853613 0.737593 0.916409 0.000000 0.715682 0.930556 0.948381 0.993804 0.990177 0.936027 0.990211 0.846746 0.903706 0.914755 0.939760 0.986223 0.987500 0.904773 0.993523 0.913056 0.999907 0.867738 0.910379 0.977577 0.939297 0.771724 0.790495 0.984949 0.895954 0.803337 0.951038 0.848786 0.907594 0.952165 0.960034 0.912870 0.829390 0.908304 0.994899 0.947776 0.983788 0.828647 0.831287 0.911546 0.986100 0.892714 0.975495 0.941258 0.894188 0.830508 0.817256 0.900092 0.955115 0.912800 0.825529 0.938695 0.970362 0.955043 0.962776 0.743352 0.730829 0.777682 0.765999 0.775531 0.988902 0.729717 0.886029 0.921551 0.932599 0.870091 0.952975 0.916485 0.829908 0.969029 0.788334 0.967942 0.936275 0.894450 0.921021 0.899320 0.987476 0.936010 0.944309 0.856165 0.821928 0.894763 0.846394 0.965300 0.953981 0.745612 0.868983 0.893271 0.942013
0.925456 0.939407 0.922961 0.816548 0.988571 0.799668 0.934614 0.915037 0.798312 0.898150 0.928485 0.985839 0.841755 0.850061 0.770946 0.884347 0.924622 0.929878 0.871091 0.873759 0.909015 0.856499 0.902605 0.821539 0.979818 0.948950 0.715682 0.000000 0.919522 0.931309 0.811108 0.957525 0.931254 0.933485 0.739211 0.821008 0.944712 0.934901 0.983557 0.870505 0.940486 0.984062 0.869421 0.821081 0.994372 0.988849 0.961163 0.947244 0.859226 0.903470 0.969030 0.885374 0.966789 0.999493 0.955843 0.991117 0.969961 0.855433 0.887318 0.818106 0.991824 0.782573 0.961369 0.846344 0.911330 0.983888 0.902173 0.993918 0.933518 0.970615 0.857154 0.844044 0.906012 0.879859 0.821000 0.989131 0.757616 0.965408 0.895972 0.854273 0.870289 0.879543 0.973517 0.791344 0.908188 0.941374 0.894426 0.927595 0.967693 0.926675 0.814241 0.821430 0.835208 0.767462 0.850781 0.952167 0.995243 0.769338 0.827343 0.863708 0.857870 0.819699 0.771608 0.737112 0.884133 0.922050 0.937876 0.795798 0.969100 0.721584 0.932801 0.939847 0.924168 0.872157 0.883949 0.989535
0.527658 0.507675 0.881368 0.729856 0.936530 0.778669 0.644058 0.495552 0.731679 0.653398 0.552142 0.461705 0.702768 0.559387 0.923453 0.610238 0.469918 0.450143 0.588969 0.493511 0.955974 0.912522 0.960201 0.940121 0.835299 0.883587 0.930556 0.919522 0.000000 0.426629 0.701683 0.721804 0.545492 0.618535 0.911127 0.945676 0.649491 0.853539 0.879141 0.733737 0.810188 0.950349 0.637662 0.610596 0.494347 0.492848 0.817260 0.640847 0.659398 0.632384 0.648037 0.665557 0.781061 0.750959 0.997711 0.776461 0.467843 0.546774 0.544493 0.736137 0.585671 0.546084 0.540684 0.536866 0.935657 0.743000 0.665735 0.646581 0.922509 0.597058 0.761024 0.643611 0.606958 0.582199 0.858624 0.665644 0.678782 0.789652 0.628624 0.727882 0.548767 0.690562 0.755320 0.685252 0.981551 0.920226 0.954864 0.871775 0.970944 0.881615 0.605762 0.880914 0.706229 0.844667 0.762567 0.823193 0.652041 0.904972 0.602817 0.571182 0.617034 0.722305 0.612351 0.744589 0.749718 0.937500 0.870823 0.754932 0.688971 0.940745 0.747301 0.847020 0.705701 0.827867 0.901719 0.938008
0.460416 0.331239 0.995627 0.822997 0.874834 0.638439 0.658871 0.502390 0.774132 0.572704 0.572130 0.362140 0.709515 0.559427 0.938062 0.544931 0.323943 0.275596 0.574141 0.540969 0.927099 0.925470 0.917418 0.870368 0.913580 0.995500 0.948381 0.931309 0.426629 0.000000 0.733088 0.637270 0.525123 0.521163 0.918249 0.929515 0.731325 0.817731 0.790932 0.759338 0.774931 0.892080 0.638101 0.585084 0.443280 0.432304 0.783860 0.618774 0.705586 0.619855 0.548502 0.547416 0.819263 0.690162 0.967196 0.859704 0.343735 0.377336 0.657066 0.649602 0.550828 0.464155 0.479949 0.328643 0.861176 0.657276 0.656146 0.586237 0.730332 0.658957 0.725475 0.738111 0.753455 0.673092 0.882082 0.703745 0.727104 0.732190 0.520120 0.460438 0.329417 0.482870 0.705866 0.572630 0.987726 0.802761 0.934375 0.940817 0.942614 0.906473 0.621237 0.867524 0.669518 0.893937 0.691895 0.856503 0.596144 0.900458 0.507247 0.603492 0.686625 0.716231 0.596216 0.745430 0.858311 0.815495 0.834125 0.882448 0.998878 0.831496 0.741348 0.637780 0.801985 0.792432 0.727080 0.974280
0.673993 0.884903 0.369547 0.317628 0.850761 0.706253 0.360544 0.382588 0.742332 0.735907 0.472976 0.702808 0.485096 0.422385 0.634139 0.573008 0.870238 0.736736 0.374517 0.522327 0.872194 0.932677 0.442634 0.467696 0.666521 0.603360 0.993804 0.811108 0.701683 0.733088 0.000000 0.397828 0.407355 0.400214 0.632536 0.785315 0.770683 0.985396 0.815032 0.969520 0.955301 0.734792 0.535584 0.562887 0.650374 0.714597 0.678144 0.595192 0.980670 0.976876 0.862105 0.951448 0.976305 0.910934 0.886986 0.933879 0.800670 0.967867 0.675231 0.904992 0.484542 0.862323 0.627680 0.960184 0.577020 0.499494 0.462939 0.455299 0.956448 0.984014 0.562387 0.501157 0.842241 0.628705 0.776662 0.654571 0.629593 0.744647 0.802696 0.760271 0.912426 0.812633 0.749912 0.960402 0.567584 0.588258 0.831099 0.838795 0.861289 0.934453 0.583909 0.712854 0.624335 0.795469 0.968220 0.871337 0.760301 0.957138 0.626407 0.523358 0.495894 0.593682 0.817540 0.780436 0.739749 0.859752 0.900817 0.741034 0.895029 0.871245 0.899767 0.912129 0.769611 0.973815 0.974840 0.892767
0.571644 0.733979 0.422810 0.345747 0.874786 0.632243 0.322347 0.317215 0.768327 0.682849 0.436490 0.643196 0.456497 0.368670 0.671850 0.498372 0.788393 0.622954 0.324883 0.433325 0.964852 0.983684 0.461286 0.420736 0.644762 0.615782 0.990177 0.957525 0.721804 0.637270 0.397828 0.000000 0.391983 0.346755 0.710709 0.704357 0.765991 0.877258 0.750066 0.978579 0.919913 0.817114 0.474048 0.465471 0.529258 0.595096 0.529138 0.437981 0.899827 0.778541 0.738725 0.805315 0.903033 0.836855 0.771737 0.989316 0.707827 0.865734 0.656026 0.884485 0.455535 0.782265 0.548639 0.857982 0.602810 0.466612 0.384940 0.389201 0.929318 0.937662 0.650707 0.608758 0.863523 0.723148 0.880652 0.694275 0.577087 0.599663 0.744035 0.589263 0.777709 0.590219 0.615133 0.870045 0.570694 0.525937 0.788802 0.784834 0.901872 0.781174 0.544803 0.703950 0.664266 0.798857 0.812589 0.805839 0.872574 0.901257 0.570317 0.500417 0.595088 0.578041 0.780288 0.684502 0.750714 0.804122 0.967823 0.890124 0.929944 0.966486 0.833211 0.807269 0.803763 0.976979 0.959283 0.916714
0.448709 0.639624 0.522381 0.396761 0.806390 0.625966 0.337849 0.271832 0.714516 0.716258 0.364534 0.439701 0.410826 0.316395 0.711064 0.442711 0.671927 0.523198 0.298160 0.298173 0.822896 0.928756 0.489583 0.486166 0.795078 0.639918 0.936027 0.931254 0.545492 0.525123 0.407355 0.391983 0.000000 0.327216 0.679760 0.695595 0.606665 0.831482 0.740035 0.856085 0.914618 0.894029 0.466447 0.532066 0.484445 0.569280 0.501781 0.551776 0.931527 0.826768 0.722748 0.816997 0.892707 0.823750 0.871839 0.825036 0.620006 0.741900 0.493444 0.759116 0.324439 0.614387 0.385333 0.662488 0.650366 0.373339 0.335864 0.311727 0.977222 0.882997 0.552329 0.543917 0.777952 0.648092 0.839000 0.685905 0.587083 0.693727 0.740860 0.623788 0.621467 0.517556 0.653989 0.838628 0.537646 0.509285 0.843322 0.837841 0.874670 0.859831 0.505675 0.749547 0.618868 0.822004 0.878824 0.787337 0.766216 0.930762 0.466652 0.472632 0.529313 0.584604 0.649575 0.669207 0.736033 0.802100 0.976282 0.862969 0.801538 0.975307 0.969461 0.773201 0.714801 0.861624 0.977153 0.863679
0.460036 0.665351 0.476291 0.374177 0.784021 0.552028 0.301498 0.282658 0.649257 0.616496 0.320458 0.456218 0.363323 0.280350 0.672640 0.431007 0.634158 0.543560 0.284573 0.352808 0.812731 0.933677 0.476411 0.446636 0.828178 0.695732 0.990211 0.933485 0.618535 0.521163 0.400214 0.346755 0.327216 0.000000 0.695439 0.781803 0.629647 0.857551 0.624363 0.977236 0.934607 0.851095 0.480280 0.468350 0.485225 0.585530 0.511855 0.466556 0.950292 0.818694 0.724283 0.738628 0.848260 0.735109 0.824865 0.986558 0.634102 0.805752 0.538107 0.802536 0.330443 0.708097 0.388113 0.682080 0.665574 0.424542 0.332969 0.319540 0.944945 0.912617 0.538553 0.557107 0.800591 0.664277 0.831803 0.637152 0.645768 0.576454 0.776848 0.625519 0.665824 0.534469 0.648731 0.798723 0.549857 0.527997 0.852697 0.808892 0.807066 0.851068 0.480684 0.686701 0.608608 0.730784 0.786256 0.753229 0.830123 0.884449 0.466301 0.444152 0.519671 0.599232 0.714833 0.637989 0.700179 0.754051 0.917759 0.816295 0.825617 0.954421 0.955260 0.732086 0.709283 0.984468 0.842827 0.920059
0.780645 0.878952 0.609565 0.594147 0.899122 0.891063 0.691779 0.758505 0.931748 0.921017 0.678217 0.860884 0.620321 0.669624 0.802229 0.800761 0.916105 0.987122 0.665493 0.753931 0.906192 0.989617 0.569866 0.668868 0.816010 0.820073 0.846746 0.739211 0.911127 0.918249 0.632536 0.710709 0.679760 0.695439 0.000000 0.779004 0.762170 0.947461 0.926079 0.980603 0.896661 0.971916 0.803134 0.797434 0.965455 0.986412 0.693943 0.836631 0.730881 0.906042 0.923374 0.925102 0.992723 0.987082 0.791242 0.919775 0.936673 0.862700 0.678881 0.955747 0.696947 0.974311 0.719205 0.969204 0.607999 0.685855 0.521070 0.618595 0.840809 0.942421 0.792420 0.726287 0.881281 0.811444 0.979251 0.836210 0.802306 0.919601 0.970500 0.975193 0.962608 0.932685 0.889701 0.830106 0.573240 0.672855 0.804625 0.979222 0.813474 0.897674 0.671986 0.822496 0.736939 0.720890 0.971492 0.843801 0.960393 0.911093 0.844432 0.816111 0.826383 0.714048 0.906017 0.823820 0.799868 0.819908 0.842476 0.734182 0.883896 0.842075 0.972824 0.806840 0.937231 0.985838 0.917476 0.779185
0.899933 0.968242 0.734121 0.727571 0.876458 0.990903 0.726947 0.774086 0.878077 0.985606 0.840469 0.832053 0.770559 0.737286 0.839154 0.722002 0.982320 0.881071 0.806858 0.778863 0.778232 0.945991 0.644566 0.716077 0.783846 0.669538 0.903706 0.821008 0.945676 0.929515 0.785315 0.704357 0.695595 0.781803 0.779004 0.000000 0.819190 0.878941 0.954426 0.950267 0.858664 0.909461 0.942221 0.995893 0.835136 0.928810 0.666605 0.842775 0.953237 0.962389 0.806873 0.852585 0.828848 0.905012 0.755650 0.947273 0.966619 0.935624 0.818069 0.764129 0.681650 0.797071 0.760868 0.909222 0.652400 0.563688 0.608038 0.582826 0.970464 0.965020 0.823436 0.799120 0.978920 0.821689 0.926030 0.994011 0.877383 0.902952 0.969432 0.924250 0.881427 0.774971 0.687068 0.997131 0.541458 0.532042 0.873547 0.808338 0.855067 0.886185 0.841106 0.954071 0.821658 0.939409 0.808522 0.827511 0.901674 0.847652 0.954612 0.911915 0.959275 0.874425 0.985209 0.854188 0.828531 0.837730 0.988741 0.979869 0.930815 0.916838 0.981742 0.906029 0.935547 0.863753 0.992169 0.939806
0.711123 0.800713 0.822088 0.792704 0.816848 0.832929 0.690770 0.642494 0.811555 0.734858 0.676946 0.567729 0.826439 0.639261 0.961641 0.657412 0.746509 0.676093 0.706020 0.613059 0.875293 0.864971 0.870079 0.916103 0.869357 0.892929 0.914755 0.944712 0.649491 0.731325 0.770683 0.765991 0.606665 0.629647 0.762170 0.819190 0.000000 0.862942 0.874513 0.820538 0.703137 0.784306 0.795144 0.789010 0.620480 0.734019 0.795853 0.838257 0.804962 0.812073 0.677037 0.762318 0.762229 0.756122 0.997565 0.977519 0.777625 0.791146 0.599897 0.741094 0.634935 0.675188 0.741915 0.758301 0.963413 0.700670 0.651806 0.555704 0.952619 0.844852 0.812500 0.684181 0.744610 0.683940 0.904417 0.721775 0.783793 0.968154 0.836794 0.777779 0.751610 0.765927 0.822822 0.753378 0.884036 0.898577 0.938831 0.984672 0.906563 0.993548 0.703264 0.847416 0.755467 0.847392 0.625962 0.923743 0.844028 0.931815 0.739509 0.802397 0.691583 0.826301 0.836616 0.850598 0.942833 0.853477 0.950263 0.791847 0.726144 0.880887 0.874920 0.890743 0.839460 0.897424 0.980160 0.981502
0.813789 0.853339 0.975991 0.999278 0.890529 0.876986 0.931446 0.906613 0.789705 0.905960 0.948612 0.779594 0.980954 0.982856 0.979908 0.847341 0.731479 0.808060 0.972153 0.998765 0.861254 0.866440 0.998027 0.940363 0.966403 0.881987 0.939760 0.934901 0.853539 0.817731 0.985396 0.877258 0.831482 0.857551 0.947461 0.878941 0.862942 0.000000 0.928149 0.880614 0.848870 0.956084 0.913943 0.976050 0.763190 0.809015 0.936549 0.944895 0.899853 0.928343 0.898950 0.864178 0.911757 0.920117 0.995490 0.946637 0.849240 0.831793 0.757994 0.661937 0.774230 0.705056 0.894671 0.752539 0.983551 0.794840 0.844585 0.819036 0.912482 0.876735 0.973125 0.885294 0.934615 0.953808 0.925684 0.964721 0.944845 0.850924 0.988794 0.897381 0.819996 0.878473 0.893091 0.984823 0.995236 0.972456 0.949359 0.820162 0.934955 0.751301 0.871317 0.963058 0.831643 0.906935 0.989733 0.968338 0.889088 0.847836 0.850989 0.945877 0.948406 0.937190 0.906842 0.920988 0.815510 0.843898 0.852374 0.938776 0.881912 0.975262 0.879254 0.794731 0.837219 0.881019 0.857058 0.969409
