0.000000 0.430298 0.804803 0.666183 0.852117 0.779580 0.745808 0.790363 0.855721 0.968111 0.753403 0.713843 0.596233 0.593766 0.713973 0.763382 0.561881 0.600165 0.584720 0.599659 0.815579 0.978860 0.716148 0.604719 0.767352 0.910381 0.892939 0.968101 0.787719 0.720213 0.828082 0.722402 0.602785 0.724110 0.969940 0.918149 0.901671 0.862646 0.866167 0.900899 0.781297 0.940504 0.790737 0.735731 0.852950 0.794805 0.530821 0.542527 0.841700 0.629332 0.769681 0.701484 0.974671 0.927645 0.684916 0.625707 0.453130 0.419666 0.451059 0.403268 0.591227 0.787191 0.672731 0.679019 0.830404 0.709945 0.830129 0.877056 0.663102 0.683077 0.953715 0.914611 0.804429 0.815173 0.893725 0.930817 0.816784 0.851632 0.688134 0.640060 0.517524 0.520745 0.670201 0.630713 0.635678 0.588997 0.962605 0.862074 0.709168 0.560924 0.990682 0.870388 0.957157 0.909134 0.994489 0.831559 0.736393 0.959903 0.742036 0.762263 0.951324 0.829961 0.883921 0.801878 0.728043 0.723813 0.895974 0.830421 0.935713 0.812303 0.910567 0.807431 0.850128 0.868821 0.702773 0.918345
0.430298 0.000000 0.709435 0.521052 0.923110 0.715596 0.551427 0.597265 0.960218 0.890897 0.637809 0.612497 0.735326 0.537742 0.835190 0.698794 0.559730 0.518375 0.553310 0.441129 0.664828 0.795700 0.679460 0.503309 0.717874 0.767282 0.978497 0.999035 0.663161 0.564627 0.571721 0.458439 0.461418 0.503675 0.876522 0.987936 0.863799 0.803037 0.868583 0.776342 0.849400 0.859862 0.502504 0.487555 0.657611 0.643394 0.544063 0.504706 0.794312 0.588281 0.543761 0.512722 0.749651 0.881429 0.798310 0.567228 0.421385 0.414419 0.533966 0.489985 0.490529 0.606043 0.690514 0.595723 0.846935 0.601096 0.673565 0.636529 0.836828 0.704525 0.696674 0.702440 0.618775 0.596567 0.800447 0.912662 0.667237 0.700438 0.646595 0.574076 0.548558 0.615555 0.651144 0.725533 0.767375 0.540752 0.976365 0.891325 0.822234 0.553463 0.853753 0.971208 0.834893 0.908814 0.939615 0.832204 0.743411 0.949590 0.612814 0.651524 0.837644 0.793484 0.750930 0.793975 0.658031 0.642480 0.867220 0.844410 0.856452 0.849091 0.810381 0.753794 0.726422 0.757797 0.613200 0.989843
0.804803 0.709435 0.000000 0.329977 0.874862 0.701618 0.526300 0.624347 0.776704 0.932476 0.810952 0.987223 0.887384 0.997339 0.947878 0.905820 0.864220 0.954073 0.750592 0.676439 0.517750 0.804567 0.526737 0.560556 0.362451 0.318047 0.916182 0.904670 0.915194 0.947368 0.461424 0.631158 0.597409 0.642781 0.674677 0.847027 0.529930 0.796564 0.638344 0.711095 0.839978 0.990412 0.585424 0.736449 0.913979 0.979757 0.642946 0.708393 0.722562 0.933393 0.919890 0.963816 0.983862 0.995761 0.929793 0.978772 0.899990 0.939819 0.842332 0.759322 0.584823 0.710821 0.716542 0.793458 0.356731 0.365003 0.437171 0.480332 0.857895 0.752592 0.502722 0.602244 0.635690 0.710104 0.864915 0.909100 0.663087 0.634139 0.826338 0.689535 0.927719 0.968668 0.953399 0.853284 0.772802 0.683665 0.988090 0.683371 0.850500 0.898558 0.610045 0.623623 0.570434 0.592955 0.880425 0.651074 0.824963 0.846750 0.695781 0.616096 0.732411 0.718773 0.918157 0.966579 0.709889 0.564134 0.675810 0.795811 0.890266 0.897711 0.623052 0.682924 0.746301 0.839182 0.771408 0.849635
0.666183 0.521052 0.329977 0.000000 0.957813 0.549971 0.417257 0.407083 0.778648 0.796333 0.997618 0.657033 0.813183 0.696238 0.946551 0.755489 0.954085 0.885841 0.635260 0.488978 0.512598 0.825024 0.489443 0.404766 0.459484 0.373896 0.904025 0.920684 0.953315 0.852972 0.372027 0.520286 0.505179 0.498759 0.721036 0.831671 0.676661 0.694881 0.708221 0.775381 0.865751 0.929211 0.514172 0.662088 0.797713 0.912957 0.479574 0.575604 0.809805 0.942651 0.750647 0.784692 0.896887 0.843117 0.881886 0.834048 0.817302 0.840644 0.770463 0.669314 0.468122 0.436665 0.918489 0.956278 0.527997 0.243774 0.399998 0.431656 0.901238 0.704129 0.485883 0.554590 0.560232 0.632623 0.741777 0.750174 0.595601 0.577283 0.929419 0.605910 0.950907 0.803074 0.932754 0.912795 0.796571 0.594486 0.993771 0.846124 0.804576 0.818941 0.549481 0.710168 0.521908 0.697025 0.806516 0.593798 0.697779 0.819173 0.561661 0.552068 0.589149 0.679896 0.796625 0.859401 0.598617 0.562558 0.694582 0.832341 0.778807 0.828291 0.653613 0.642208 0.729952 0.781105 0.625692 0.901350
0.852117 0.923110 0.874862 0.957813 0.000000 0.976236 0.979371 0.992633 0.893055 0.880898 0.990856 0.882210 0.514685 0.782629 0.560079 0.575463 0.852686 0.794294 0.796861 0.969075 0.888870 0.918639 0.610464 0.728829 0.851317 0.969498 0.648094 0.926482 0.788300 0.771246 0.994057 0.987857 0.845860 0.973031 0.992576 0.840128 0.875682 0.958383 0.985328 0.715170 0.991204 0.958252 0.973622 0.989938 0.903808 0.905111 0.859470 0.896707 0.617799 0.877997 0.966238 0.998030 0.978243 0.793413 0.686602 0.913348 0.927722 0.786766 0.940747 0.993625 0.749045 0.977236 0.729145 0.731772 0.690078 0.988219 0.883420 0.860063 0.867127 0.778201 0.898539 0.780480 0.831951 0.967298 0.998237 0.984422 0.791141 0.905625 0.912495 0.770623 0.790839 0.743637 0.768405 0.711452 0.575953 0.762947 0.755651 0.933573 0.667781 0.686063 0.847152 0.896125 0.827199 0.936422 0.954046 0.985187 0.864452 0.907697 0.940763 0.920098 0.784230 0.907801 0.942964 0.942863 0.906233 0.997685 0.952331 0.806900 0.962841 0.860723 0.924779 0.884459 0.869809 0.990386 0.758965 0.977638
0.779580 0.715596 0.701618 0.549971 0.976236 0.000000 0.590530 0.525213 0.772683 0.733267 0.847585 0.687887 0.965530 0.780153 0.924363 0.840791 0.932538 0.920803 0.824520 0.667338 0.835141 0.796216 0.833631 0.761177 0.859414 0.762080 0.723740 0.838148 0.923125 0.898594 0.619997 0.733694 0.589076 0.679226 0.690225 0.984448 0.958709 0.943334 0.991716 0.980902 0.688329 0.954523 0.682459 0.682643 0.828778 0.862871 0.753167 0.716196 0.921033 0.833009 0.707661 0.736737 0.750897 0.754248 0.808888 0.796109 0.946737 0.991370 0.898361 0.598005 0.679630 0.554510 0.960874 0.885276 0.936767 0.566255 0.638199 0.564251 0.946393 0.764727 0.712600 0.689145 0.671274 0.766513 0.908676 0.674030 0.727792 0.738717 0.963614 0.821155 0.985963 0.905022 0.966170 0.914437 0.983090 0.898637 0.987603 0.989280 0.949458 0.936990 0.613169 0.811922 0.598808 0.675558 0.912292 0.840198 0.825409 0.676064 0.656323 0.796113 0.595447 0.736823 0.912825 0.780014 0.756431 0.847803 0.826776 0.888069 0.879247 0.872176 0.765749 0.807791 0.840356 0.825072 0.677545 0.997355
0.745808 0.551427 0.526300 0.417257 0.979371 0.590530 0.000000 0.260636 0.491263 0.436807 0.716510 0.582885 0.981632 0.728976 0.979648 0.767864 0.785876 0.663320 0.549811 0.472594 0.664715 0.849730 0.643866 0.661348 0.826422 0.688729 0.600298 0.907918 0.645027 0.570047 0.306081 0.418686 0.368216 0.300158 0.553182 0.833848 0.863701 0.830554 0.814066 0.978721 0.790700 0.954758 0.301401 0.373718 0.388310 0.504546 0.674595 0.563407 0.912269 0.680650 0.467948 0.502946 0.499546 0.465573 0.871137 0.847417 0.719445 0.829992 0.719686 0.709833 0.307243 0.436434 0.816798 0.664442 0.873083 0.528380 0.270331 0.297564 0.952800 0.758417 0.366187 0.399939 0.446433 0.448322 0.869877 0.694150 0.481000 0.512897 0.860231 0.706023 0.944808 0.965921 0.994236 0.779372 0.873632 0.964723 0.900363 0.801414 0.972876 0.952457 0.362663 0.507711 0.436308 0.595818 0.772704 0.607567 0.524051 0.656405 0.286094 0.325162 0.428332 0.457374 0.575379 0.688672 0.444463 0.578802 0.596234 0.668294 0.680858 0.753288 0.574120 0.522939 0.451946 0.684953 0.530905 0.950520
0.790363 0.597265 0.624347 0.407083 0.992633 0.525213 0.260636 0.000000 0.549587 0.399896 0.767880 0.435817 0.990065 0.638566 0.864767 0.862859 0.892879 0.798651 0.723073 0.527858 0.716134 0.897360 0.755455 0.729483 0.883041 0.710196 0.586376 0.870259 0.697016 0.649072 0.408847 0.482483 0.483550 0.398129 0.604861 0.857517 0.991131 0.875357 0.937082 0.944791 0.799678 0.935772 0.426561 0.508574 0.490671 0.559406 0.662883 0.590277 0.933406 0.691831 0.496927 0.518404 0.542904 0.486264 0.855856 0.767455 0.921078 0.966504 0.754591 0.633225 0.350303 0.244428 0.859275 0.631140 0.970788 0.445490 0.334695 0.331055 0.882369 0.744948 0.525327 0.533119 0.514785 0.538080 0.845688 0.658905 0.570045 0.633767 0.993454 0.839873 0.984617 0.998117 0.975986 0.779384 0.870810 0.958087 0.977189 0.841402 0.963543 0.910622 0.376485 0.644335 0.436434 0.658866 0.822193 0.703443 0.561075 0.671328 0.348010 0.446022 0.375689 0.563587 0.691410 0.789736 0.472974 0.647711 0.613959 0.743575 0.702170 0.721563 0.590833 0.615395 0.547206 0.731181 0.553891 0.906220
0.855721 0.960218 0.776704 0.778648 0.893055 0.772683 0.491263 0.549587 0.000000 0.448503 0.719232 0.748519 0.983690 0.929639 0.988155 0.825438 0.970625 0.829097 0.880552 0.782806 0.801549 0.912155 0.817061 0.948419 0.921540 0.865652 0.688351 0.834073 0.646118 0.716972 0.573586 0.704465 0.649814 0.576748 0.679325 0.835715 0.891459 0.943942 0.888684 0.999652 0.733523 0.983620 0.582311 0.631108 0.591686 0.726074 0.949787 0.990967 0.913511 0.944420 0.745706 0.811536 0.609607 0.627975 0.949872 0.901188 0.987891 0.906227 0.937301 0.894147 0.616157 0.645418 0.910277 0.793729 0.997514 0.837354 0.574961 0.624316 0.870113 0.810074 0.566137 0.643461 0.671246 0.691807 0.968792 0.715036 0.705333 0.781631 0.887149 0.838647 0.839857 0.826154 0.970635 0.831114 0.819029 0.839700 0.985363 0.976699 0.881860 0.825222 0.571571 0.585782 0.669093 0.587204 0.821668 0.848156 0.852036 0.717641 0.582350 0.609819 0.598456 0.651936 0.800860 0.928935 0.761043 0.846969 0.772229 0.741750 0.876381 0.990522 0.804186 0.774497 0.713180 0.782719 0.721300 0.855381
0.968111 0.890897 0.932476 0.796333 0.880898 0.733267 0.436807 0.399896 0.448503 0.000000 0.697097 0.505901 0.965151 0.748372 0.941058 0.751368 0.795864 0.671603 0.696966 0.646778 0.922562 0.990662 0.827723 0.978567 0.818379 0.941598 0.609036 0.913048 0.493584 0.527698 0.595026 0.631761 0.598367 0.500658 0.643023 0.900694 0.910696 0.970495 0.847127 0.882433 0.926780 0.936200 0.596615 0.622628 0.422978 0.518603 0.878555 0.766081 0.733721 0.781505 0.637667 0.659631 0.557260 0.545947 0.933270 0.845457 0.999769 0.915660 0.920606 0.962974 0.506624 0.494192 0.650472 0.508337 0.819276 0.884058 0.585753 0.626327 0.809829 0.838175 0.604346 0.645445 0.673651 0.587966 0.991989 0.685086 0.739317 0.732874 0.941981 0.926212 0.978638 0.933539 0.963872 0.802803 0.765388 0.761688 0.863488 0.926639 0.892315 0.979200 0.516058 0.663549 0.661088 0.733010 0.853926 0.733263 0.710281 0.701011 0.432971 0.507003 0.535244 0.620527 0.725872 0.897578 0.673102 0.916597 0.819656 0.892066 0.825827 0.876920 0.707780 0.731683 0.537100 0.781522 0.798698 0.753396
0.753403 0.637809 0.810952 0.997618 0.990856 0.847585 0.716510 0.767880 0.719232 0.697097 0.000000 0.574184 0.892147 0.607467 0.832750 0.783791 0.487208 0.484054 0.690313 0.708430 0.947006 0.967872 0.970636 0.935046 0.734399 0.785715 0.866915 0.848703 0.491660 0.444865 0.781252 0.685770 0.648582 0.650687 0.972668 0.899230 0.917892 0.864729 0.919029 0.974454 0.849451 0.896078 0.717160 0.634520 0.693789 0.692591 0.895096 0.908866 0.724634 0.759796 0.679704 0.703070 0.756037 0.816512 0.824303 0.831858 0.591044 0.679698 0.780784 0.889058 0.708792 0.780704 0.564835 0.477819 0.687046 0.941711 0.934753 0.887654 0.911103 0.908834 0.861310 0.888425 0.630835 0.707135 0.931899 0.802478 0.774261 0.884653 0.611383 0.788020 0.623845 0.703803 0.691484 0.748025 0.955307 0.958206 0.932495 0.673315 0.974134 0.835353 0.993968 0.865509 0.905145 0.874470 0.889380 0.953567 0.894059 0.947466 0.738639 0.912286 0.883089 0.876747 0.801057 0.909195 0.908917 0.973723 0.932505 0.953176 0.798789 0.949386 0.999852 0.924994 0.750593 0.932304 0.818971 0.597535
0.713843 0.612497 0.987223 0.657033 0.882210 0.687887 0.582885 0.435817 0.748519 0.505901 0.574184 0.000000 0.692581 0.324728 0.825837 0.603974 0.678717 0.569717 0.652366 0.554446 0.820542 0.938599 0.755809 0.660778 0.933554 0.956010 0.835948 0.891847 0.510149 0.425554 0.681492 0.589979 0.584695 0.566771 0.984958 0.958437 0.804687 0.904299 0.973806 0.971225 0.997810 0.855784 0.700750 0.681775 0.644954 0.648061 0.631225 0.669709 0.768121 0.653889 0.604563 0.568239 0.686781 0.690489 0.782240 0.688065 0.798071 0.802368 0.749935 0.752889 0.502497 0.356866 0.557498 0.396925 0.840726 0.659935 0.791647 0.729046 0.796912 0.833842 0.865217 0.827873 0.618761 0.674718 0.854250 0.752976 0.712822 0.741025 0.807651 0.778320 0.723141 0.667922 0.700451 0.800042 0.939519 0.799324 0.889392 0.803813 0.852934 0.812591 0.801775 0.925556 0.896182 0.924809 0.903584 0.801640 0.805921 0.835692 0.635547 0.707306 0.664929 0.829793 0.866342 0.857204 0.663217 0.879650 0.902910 0.979862 0.864829 0.866256 0.917829 0.788044 0.739638 0.851844 0.771150 0.809635
0.596233 0.735326 0.887384 0.813183 0.514685 0.965530 0.981632 0.990065 0.983690 0.965151 0.892147 0.692581 0.000000 0.500706 0.360710 0.418437 0.712841 0.692029 0.647000 0.731135 0.816421 0.931553 0.429647 0.528551 0.836757 0.980093 0.631575 0.822665 0.710395 0.677739 0.968344 0.917793 0.815600 0.934663 0.850239 0.776860 0.829836 0.948068 0.959251 0.790986 0.874641 0.894622 0.950606 0.998105 0.975849 0.969497 0.672517 0.697713 0.742362 0.849265 0.973245 0.961159 0.888951 0.729908 0.776365 0.846287 0.747313 0.637497 0.776585 0.823616 0.724270 0.922138 0.673186 0.678396 0.666484 0.865429 0.850177 0.807295 0.962743 0.746591 0.913017 0.843247 0.938202 0.994644 0.864419 0.979215 0.930688 0.849111 0.831578 0.679282 0.765993 0.558043 0.598797 0.656383 0.523546 0.613540 0.938243 0.937255 0.772917 0.720236 0.819860 0.823394 0.791555 0.821630 0.922264 0.880572 0.925740 0.851664 0.987827 0.840226 0.809679 0.950015 0.882950 0.999228 0.983686 0.884502 0.908762 0.870265 0.978770 0.896916 0.945893 0.964722 0.992920 0.966959 0.999105 0.893633
0.593766 0.537742 0.997339 0.696238 0.782629 0.780153 0.728976 0.638566 0.929639 0.748372 0.607467 0.324728 0.500706 0.000000 0.692867 0.468049 0.579870 0.525460 0.548194 0.551866 0.865177 0.987341 0.616320 0.505903 0.991019 0.942834 0.990394 0.980655 0.524359 0.384447 0.706756 0.566385 0.607339 0.679800 0.853213 0.809482 0.974466 0.862983 0.991400 0.899695 0.945278 0.873139 0.712923 0.688359 0.703592 0.670818 0.595254 0.642656 0.692273 0.582385 0.610300 0.579328 0.764999 0.802860 0.693556 0.667629 0.640864 0.648002 0.683277 0.752810 0.592331 0.580289 0.556051 0.419950 0.939669 0.742134 0.959666 0.886626 0.825995 0.903819 0.955323 0.883847 0.667186 0.714633 0.887786 0.747649 0.752801 0.697282 0.730492 0.642642 0.642947 0.558903 0.565135 0.665876 0.810862 0.658167 0.912983 0.790106 0.822860 0.714024 0.986893 0.788476 0.915221 0.760513 0.841987 0.834517 0.897250 0.972098 0.754316 0.809892 0.840322 0.953045 0.906567 0.866381 0.791986 0.937811 0.976610 0.865410 0.838297 0.915858 0.971857 0.862659 0.859698 0.877052 0.831135 0.846421
0.713973 0.835190 0.947878 0.946551 0.560079 0.924363 0.979648 0.864767 0.988155 0.941058 0.832750 0.825837 0.360710 0.692867 0.000000 0.393838 0.654271 0.602786 0.615319 0.755212 0.687583 0.971194 0.445739 0.594377 0.815278 0.995837 0.571654 0.810871 0.680141 0.673185 0.910231 0.892626 0.763946 0.925040 0.864948 0.883577 0.853898 0.987878 0.993217 0.731982 0.940724 0.914252 0.973338 0.998685 0.986966 0.936979 0.844046 0.855476 0.829690 0.995895 0.872633 0.880619 0.856241 0.707976 0.839908 0.940669 0.673444 0.649966 0.882257 0.954366 0.852022 0.900975 0.742293 0.777055 0.676596 0.974021 0.827669 0.762598 0.807524 0.796711 0.934833 0.985612 0.942464 0.909446 0.871108 0.886537 0.983094 0.920893 0.909670 0.646735 0.707201 0.600502 0.591592 0.683033 0.539836 0.659796 0.855296 0.901335 0.733529 0.823553 0.863993 0.882117 0.785642 0.885892 0.794579 0.779167 0.932801 0.892784 0.979899 0.912011 0.757474 0.964339 0.907261 0.987291 0.970195 0.976448 0.948981 0.789378 0.920416 0.828760 0.898322 0.988921 0.891698 0.999816 0.960241 0.926167
0.763382 0.698794 0.905820 0.755489 0.575463 0.840791 0.767864 0.862859 0.825438 0.751368 0.783791 0.603974 0.418437 0.468049 0.393838 0.000000 0.644197 0.541384 0.500758 0.593842 0.792611 0.965374 0.352351 0.427628 0.904240 0.993258 0.795535 0.861490 0.602351 0.505424 0.689085 0.708384 0.590634 0.738318 0.895589 0.831742 0.779437 0.916076 0.962716 0.810640 0.961437 0.940688 0.717485 0.733425 0.766357 0.831434 0.717417 0.755153 0.725533 0.823993 0.850700 0.813440 0.883914 0.969531 0.856502 0.957895 0.653688 0.700390 0.920588 0.966918 0.701192 0.883208 0.665512 0.625346 0.792799 0.852733 0.994562 0.970841 0.963524 0.896985 0.799799 0.790507 0.859426 0.785994 0.909182 0.801524 0.837569 0.665566 0.761551 0.599107 0.815350 0.711334 0.659281 0.792697 0.730023 0.710632 0.975624 0.896568 0.808155 0.875447 0.946384 0.958917 0.954161 0.964967 0.747402 0.739031 0.951903 0.912079 0.807939 0.691602 0.988446 0.903493 0.911883 0.863621 0.894247 0.980692 0.954517 0.870601 0.889293 0.868247 0.972032 0.774761 0.793892 0.918496 0.940282 0.918246
0.561881 0.559730 0.864220 0.954085 0.852686 0.932538 0.785876 0.892879 0.970625 0.795864 0.487208 0.678717 0.712841 0.579870 0.654271 0.644197 0.000000 0.307410 0.513814 0.600183 0.969843 0.908243 0.855293 0.753037 0.875855 0.796841 0.958695 0.876590 0.512533 0.408938 0.804918 0.733211 0.627452 0.699500 0.989217 0.886159 0.990774 0.931979 0.919477 0.965252 0.923011 0.817595 0.727130 0.650179 0.635417 0.615108 0.741022 0.716663 0.561201 0.567387 0.627524 0.648115 0.764791 0.908497 0.676889 0.646716 0.413189 0.411667 0.646189 0.825162 0.692004 0.921678 0.388598 0.406381 0.840672 0.885651 0.986262 0.977660 0.861719 0.790081 0.882225 0.928236 0.828156 0.693043 0.883245 0.889074 0.899857 0.869681 0.582531 0.572546 0.415851 0.521320 0.557044 0.614825 0.859441 0.830418 0.923131 0.733889 0.894603 0.630959 0.920315 0.785877 0.791822 0.688304 0.918849 0.882231 0.802215 0.934952 0.752589 0.824532 0.953677 0.913195 0.893850 0.780703 0.938082 0.987092 0.950360 0.972923 0.782453 0.911245 0.903813 0.928586 0.790012 0.866143 0.881561 0.826963
0.600165 0.518375 0.954073 0.885841 0.794294 0.920803 0.663320 0.798651 0.829097 0.671603 0.484054 0.569717 0.692029 0.525460 0.602786 0.541384 0.307410 0.000000 0.403190 0.531920 0.843302 0.918615 0.761868 0.668956 0.950510 0.847256 0.950339 0.951349 0.380553 0.315612 0.682517 0.554681 0.461240 0.556631 0.952472 0.891123 0.959352 0.958320 0.980933 0.991862 0.994033 0.820765 0.584086 0.533709 0.537850 0.552266 0.701833 0.692047 0.572080 0.594502 0.590798 0.619719 0.734670 0.857998 0.707164 0.634860 0.366273 0.428856 0.650965 0.884396 0.590870 0.851440 0.351560 0.359659 0.876232 0.954883 0.925460 0.876177 0.923795 0.874898 0.784919 0.806836 0.740755 0.632888 0.943963 0.832294 0.771001 0.700599 0.508491 0.509240 0.429481 0.519640 0.550458 0.596816 0.846159 0.796514 0.961038 0.728122 0.926782 0.676313 0.973507 0.880476 0.853284 0.768838 0.868537 0.697615 0.779289 0.955929 0.635399 0.700292 0.963455 0.806976 0.785149 0.688601 0.786876 0.917332 0.982355 0.979238 0.894254 0.937805 0.941309 0.839672 0.626982 0.843063 0.819917 0.830098
0.584720 0.553310 0.750592 0.635260 0.796861 0.824520 0.549811 0.723073 0.880552 0.696966 0.690313 0.652366 0.647000 0.548194 0.615319 0.500758 0.513814 0.403190 0.000000 0.437823 0.783765 0.847028 0.528816 0.515051 0.833421 0.944114 0.976715 0.899105 0.549782 0.481291 0.539146 0.529772 0.460709 0.491856 0.929025 0.951507 0.844041 0.844711 0.879538 0.891451 0.903898 0.938476 0.617493 0.657091 0.589003 0.677554 0.665588 0.628523 0.779715 0.707798 0.710037 0.745457 0.797415 0.802275 0.875970 0.751976 0.482706 0.535122 0.729256 0.839131 0.560058 0.871256 0.562326 0.596381 0.893220 0.852022 0.753922 0.816406 0.881890 0.922835 0.592716 0.652569 0.608427 0.563946 0.952668 0.796973 0.679334 0.543852 0.763063 0.589385 0.685530 0.657210 0.745795 0.828786 0.899574 0.831221 0.874029 0.987353 0.946230 0.819713 0.819933 0.867362 0.890331 0.937049 0.798176 0.624465 0.740387 0.974302 0.567731 0.579254 0.819662 0.732482 0.727844 0.699853 0.841015 0.844649 0.898560 0.977024 0.768432 0.976641 0.854847 0.651015 0.603561 0.800420 0.860372 0.923423
0.599659 0.441129 0.676439 0.488978 0.969075 0.667338 0.472594 0.527858 0.782806 0.646778 0.708430 0.554446 0.731135 0.551866 0.755212 0.593842 0.600183 0.531920 0.437823 0.000000 0.695723 0.779566 0.542955 0.492496 0.783883 0.763408 0.863678 0.879664 0.564289 0.551222 0.488107 0.482389 0.452906 0.428496 0.854843 0.959535 0.831024 0.836737 0.791771 0.927919 0.808751 0.939502 0.553562 0.600561 0.642193 0.701717 0.651483 0.542872 0.928462 0.718564 0.657761 0.687192 0.773763 0.743740 0.838491 0.685664 0.598794 0.637424 0.777406 0.710807 0.503783 0.600965 0.698636 0.656252 0.870480 0.620678 0.627906 0.664194 0.963677 0.699700 0.564980 0.580856 0.505860 0.508185 0.751510 0.789944 0.607579 0.656337 0.846053 0.650864 0.710089 0.695106 0.722287 0.888211 0.889326 0.741465 0.868472 0.961131 0.923970 0.756172 0.639627 0.802676 0.683715 0.896539 0.858673 0.575336 0.704462 0.780206 0.495642 0.520795 0.730578 0.680835 0.709992 0.816832 0.673105 0.778363 0.800916 0.912813 0.771802 0.849588 0.785149 0.673646 0.625338 0.728898 0.686854 0.848840
0.815579 0.664828 0.517750 0.512598 0.888870 0.835141 0.664715 0.716134 0.801549 0.922562 0.947006 0.820542 0.816421 0.865177 0.687583 0.792611 0.969843 0.843302 0.783765 0.695723 0.000000 0.813425 0.581560 0.605700 0.586460 0.548882 0.941886 0.991539 0.890554 0.839776 0.554497 0.620425 0.662657 0.639109 0.906922 0.914827 0.819255 0.895312 0.871934 0.711659 0.877872 0.828513 0.683613 0.778045 0.954507 0.955199 0.742243 0.824265 0.847084 0.949177 0.929596 0.972749 0.974806 0.982364 0.922781 0.955748 0.804379 0.828318 0.845482 0.925578 0.707795 0.722702 0.883469 0.999936 0.570183 0.523523 0.645997 0.687065 0.882975 0.703002 0.650625 0.723692 0.688863 0.746950 0.878107 0.856251 0.784958 0.762078 0.956254 0.702040 0.928955 0.789159 0.866297 0.947667 0.785510 0.674345 0.708374 0.905510 0.868479 0.926402 0.766682 0.917848 0.799394 0.799415 0.697386 0.697304 0.878323 0.973968 0.783475 0.736716 0.908256 0.683088 0.974981 0.997045 0.643880 0.696937 0.813794 0.988166 0.973661 0.962682 0.799157 0.824204 0.670788 0.939805 0.763897 0.926113
0.978860 0.795700 0.804567 0.825024 0.918639 0.796216 0.849730 0.897360 0.912155 0.990662 0.967872 0.938599 0.931553 0.987341 0.971194 0.965374 0.908243 0.918615 0.847028 0.779566 0.813425 0.000000 0.849212 0.852133 0.910014 0.881818 0.947938 0.827338 0.947533 0.976201 0.814936 0.884304 0.835869 0.867399 0.944777 0.984442 0.912256 0.928314 0.993696 0.801469 0.936473 0.967599 0.846596 0.832068 0.913177 0.953147 0.956756 0.797976 0.962883 0.882994 0.914184 0.950910 0.832130 0.838407 0.983376 0.907174 0.929133 0.914284 0.889278 0.946856 0.994328 0.974910 0.868138 0.956024 0.939028 0.928077 0.819764 0.923144 0.863912 0.881961 0.808972 0.756373 0.958675 0.852439 0.860153 0.766900 0.870605 0.876130 0.987969 0.963904 0.969222 0.966168 0.892631 0.980941 0.951602 0.953923 0.997280 0.880770 0.985960 0.972488 0.764881 0.852842 0.807090 0.813326 0.859748 0.861448 0.871991 0.913211 0.805762 0.886401 0.905475 0.852232 0.922322 0.809927 0.837603 0.785710 0.859961 0.890150 0.868549 0.946572 0.886866 0.933414 0.926091 0.682325 0.784690 0.935865
0.716148 0.679460 0.526737 0.489443 0.610464 0.833631 0.643866 0.755455 0.817061 0.827723 0.970636 0.755809 0.429647 0.616320 0.445739 0.352351 0.855293 0.761868 0.528816 0.542955 0.581560 0.849212 0.000000 0.317921 0.525857 0.593079 0.803892 0.855487 0.743424 0.697257 0.508225 0.623930 0.526547 0.650961 0.926539 0.994605 0.562139 0.792357 0.762021 0.708435 0.983416 0.935324 0.640846 0.762925 0.794116 0.909312 0.619049 0.653629 0.910040 0.905696 0.908181 0.907022 0.966645 0.973378 0.873264 0.940080 0.755424 0.791377 0.893268 0.936657 0.562872 0.797212 0.930320 0.873964 0.431605 0.575686 0.750414 0.821037 0.951218 0.775811 0.632951 0.665006 0.759841 0.664225 0.756687 0.794714 0.759595 0.552606 0.993638 0.577653 0.908137 0.771792 0.750429 0.932205 0.591444 0.571580 0.956781 0.868162 0.792066 0.856393 0.784482 0.764709 0.799445 0.821462 0.714885 0.607792 0.927367 0.945421 0.699120 0.549346 0.920649 0.800767 0.865109 0.897687 0.750874 0.714308 0.802476 0.992764 0.897481 0.927963 0.855720 0.768957 0.736172 0.826938 0.824194 0.934949
0.604719 0.503309 0.560556 0.404766 0.728829 0.761177 0.661348 0.729483 0.948419 0.978567 0.935046 0.660778 0.528551 0.505903 0.594377 0.427628 0.753037 0.668956 0.515051 0.492496 0.605700 0.852133 0.317921 0.000000 0.508562 0.584180 0.805029 0.875699 0.835375 0.680245 0.525082 0.532608 0.529211 0.639608 0.997971 0.952400 0.658797 0.721731 0.660810 0.726007 0.994099 0.964781 0.616341 0.709010 0.870908 0.945916 0.568239 0.669864 0.995316 0.876675 0.809240 0.824992 0.950563 0.998564 0.869080 0.828985 0.618353 0.670653 0.848000 0.853455 0.627173 0.740440 0.895309 0.836418 0.551254 0.501703 0.781617 0.783019 0.939176 0.834518 0.717345 0.708636 0.702094 0.706196 0.771376 0.852782 0.735731 0.627526 0.866525 0.474395 0.795168 0.648018 0.742863 0.800159 0.626340 0.460443 0.958313 0.992080 0.765247 0.709309 0.891767 0.899465 0.891054 0.991643 0.832854 0.692123 0.892434 0.961392 0.771085 0.652623 0.951017 0.877841 0.874113 0.873381 0.820863 0.778985 0.902722 0.995475 0.859210 0.952828 0.868932 0.765350 0.806109 0.914921 0.823110 0.919873
0.767352 0.717874 0.362451 0.459484 0.851317 0.859414 0.826422 0.883041 0.921540 0.818379 0.734399 0.933554 0.836757 0.991019 0.815278 0.904240 0.875855 0.950510 0.833421 0.783883 0.586460 0.910014 0.525857 0.508562 0.000000 0.321841 0.750919 0.912584 0.846088 0.878183 0.644571 0.762122 0.704852 0.801841 0.874328 0.836926 0.561044 0.710792 0.621337 0.640687 0.938308 0.986577 0.833860 0.987678 0.882070 0.772961 0.628557 0.825917 0.728407 0.832592 0.881652 0.840997 0.700646 0.681270 0.951177 0.907520 0.868806 0.879378 0.853775 0.846293 0.742397 0.845956 0.743833 0.735409 0.310177 0.441592 0.729888 0.716807 0.724156 0.752618 0.711688 0.780632 0.821447 0.771793 0.767062 0.961573 0.847486 0.738373 0.801706 0.659702 0.866631 0.798202 0.904141 0.920091 0.472867 0.432335 0.889311 0.863773 0.757733 0.718008 0.919601 0.902114 0.784966 0.888984 0.926897 0.674746 0.964962 0.976925 0.917471 0.843441 0.987019 0.986071 0.997497 0.992249 0.843573 0.707006 0.820385 0.981090 0.975703 0.955052 0.902489 0.961992 0.915663 0.976648 0.921757 0.766535
0.910381 0.767282 0.318047 0.373896 0.969498 0.762080 0.688729 0.710196 0.865652 0.941598 0.785715 0.956010 0.980093 0.942834 0.995837 0.993258 0.796841 0.847256 0.944114 0.763408 0.548882 0.881818 0.593079 0.584180 0.321841 0.000000 0.996771 0.937318 0.827690 0.837732 0.478811 0.656335 0.685448 0.710886 0.737152 0.742568 0.561949 0.689690 0.644390 0.678142 0.831140 0.999553 0.675629 0.845807 0.954283 0.848680 0.664949 0.864970 0.628110 0.801099 0.990231 0.921829 0.882229 0.918696 0.964662 0.981720 0.996827 0.936200 0.951504 0.873641 0.723667 0.705125 0.588596 0.665072 0.391381 0.345082 0.535891 0.535687 0.918400 0.856383 0.518565 0.591119 0.723229 0.690033 0.791949 0.873275 0.767003 0.758307 0.722585 0.718223 0.937464 0.957405 0.973466 0.860439 0.712288 0.610002 0.894048 0.840536 0.852294 0.917955 0.677936 0.703258 0.605771 0.680595 0.860625 0.748918 0.921951 0.905225 0.797860 0.751726 0.771450 0.858234 0.932507 0.928874 0.742909 0.637826 0.705534 0.844564 0.958643 0.942362 0.759700 0.832844 0.860438 0.910602 0.787746 0.777580
0.892939 0.978497 0.916182 0.904025 0.648094 0.723740 0.600298 0.586376 0.688351 0.609036 0.866915 0.835948 0.631575 0.990394 0.571654 0.795535 0.958695 0.950339 0.976715 0.863678 0.941886 0.947938 0.803892 0.805029 0.750919 0.996771 0.000000 0.812292 0.904441 0.877892 0.723923 0.765914 0.838632 0.653614 0.813758 0.846615 0.886166 0.975210 0.965240 0.684103 0.873950 0.976901 0.756082 0.670542 0.633781 0.655103 0.982624 0.911543 0.937602 0.789891 0.644305 0.673659 0.614908 0.433036 0.991801 0.972375 0.862176 0.781966 0.906458 0.871361 0.771616 0.708013 0.986362 0.903661 0.662873 0.927314 0.576582 0.553014 0.682462 0.952748 0.762309 0.697599 0.644509 0.782008 0.872023 0.803245 0.690873 0.806857 0.934280 0.863339 0.789203 0.740261 0.799972 0.682541 0.464146 0.566310 0.858887 0.867325 0.705345 0.746668 0.546245 0.676836 0.604063 0.692210 0.912014 0.958257 0.717172 0.698907 0.619991 0.738653 0.524883 0.670596 0.726559 0.870269 0.776259 0.974676 0.877436 0.686990 0.750625 0.871409 0.798840 0.709538 0.782852 0.796025 0.806464 0.866727
0.968101 0.999035 0.904670 0.920684 0.926482 0.838148 0.907918 0.870259 0.834073 0.913048 0.848703 0.891847 0.822665 0.980655 0.810871 0.861490 0.876590 0.951349 0.899105 0.879664 0.991539 0.827338 0.855487 0.875699 0.912584 0.937318 0.812292 0.000000 0.995032 0.943844 0.955905 0.872068 0.947570 0.902884 0.996388 0.783008 0.818499 0.885043 0.819361 0.769369 0.929934 0.915127 0.979551 0.909818 0.864066 0.892942 0.918775 0.884325 0.957534 0.930884 0.881210 0.850189 0.857524 0.777761 0.982068 0.840531 0.943507 0.920104 0.997823 0.930644 0.893865 0.883706 0.969785 0.882603 0.788468 0.958730 0.870591 0.911567 0.886758 0.877944 0.957583 0.956197 0.916807 0.990744 0.948577 0.957970 0.913169 0.935449 0.800865 0.783250 0.990719 0.829119 0.915951 0.927613 0.819579 0.856502 0.957151 0.895700 0.868348 0.785789 0.862535 0.872729 0.869238 0.927479 0.952089 0.958554 0.953240 0.840635 0.903770 0.941966 0.781336 0.921936 0.856974 0.988528 0.864854 0.834620 0.983681 0.746629 0.943722 0.907456 0.915121 0.981372 0.924962 0.971215 0.848529 0.951883
0.787719 0.663161 0.915194 0.953315 0.788300 0.923125 0.645027 0.697016 0.646118 0.493584 0.491660 0.510149 0.710395 0.524359 0.680141 0.602351 0.512533 0.380553 0.549782 0.564289 0.890554 0.947533 0.743424 0.835375 0.846088 0.827690 0.904441 0.995032 0.000000 0.318846 0.703538 0.602375 0.523895 0.568296 0.930052 0.887083 0.932142 0.959773 0.960986 0.919327 0.961042 0.936909 0.663036 0.618991 0.473133 0.502929 0.798482 0.764317 0.548382 0.607241 0.615688 0.633579 0.664701 0.755826 0.830246 0.640234 0.637799 0.705902 0.767221 0.887294 0.554123 0.759355 0.398966 0.364514 0.818848 0.951192 0.914368 0.877996 0.835272 0.830995 0.792731 0.814794 0.635728 0.535095 0.893257 0.813424 0.719233 0.693127 0.640884 0.709507 0.661997 0.719915 0.630919 0.726393 0.958469 0.942205 0.974667 0.864883 0.941268 0.833536 0.923923 0.978381 0.950379 0.903791 0.812267 0.794856 0.866584 0.888273 0.591562 0.665521 0.854484 0.795724 0.734552 0.846969 0.722119 0.999492 0.955473 0.990400 0.925550 0.920816 0.935884 0.816098 0.636135 0.741926 0.832454 0.722345
0.720213 0.564627 0.947368 0.852972 0.771246 0.898594 0.570047 0.649072 0.716972 0.527698 0.444865 0.425554 0.677739 0.384447 0.673185 0.505424 0.408938 0.315612 0.481291 0.551222 0.839776 0.976201 0.697257 0.680245 0.878183 0.837732 0.877892 0.943844 0.318846 0.000000 0.601623 0.479720 0.480772 0.525807 0.976464 0.905046 0.996720 0.874642 0.972281 0.991373 0.987692 0.920000 0.540183 0.478127 0.417087 0.450977 0.694081 0.700447 0.513505 0.532086 0.494978 0.495988 0.580022 0.688417 0.703436 0.672331 0.510303 0.601735 0.652555 0.917422 0.481704 0.676906 0.356957 0.287505 0.845863 0.972879 0.846036 0.777714 0.860750 0.849035 0.763623 0.763494 0.620036 0.511295 0.905929 0.778794 0.714377 0.641912 0.616176 0.607365 0.535308 0.657305 0.500614 0.725880 0.943292 0.858722 0.997939 0.782896 0.961256 0.757555 0.946992 0.920769 0.900377 0.814297 0.792183 0.803299 0.804920 0.986602 0.619999 0.642775 0.845902 0.830305 0.725160 0.785746 0.709394 0.919401 0.955684 0.959383 0.892836 0.926884 0.936618 0.872661 0.608057 0.832378 0.828125 0.736390
0.828082 0.571721 0.461424 0.372027 0.994057 0.619997 0.306081 0.408847 0.573586 0.595026 0.781252 0.681492 0.968344 0.706756 0.910231 0.689085 0.804918 0.682517 0.539146 0.488107 0.554497 0.814936 0.508225 0.525082 0.644571 0.478811 0.723923 0.955905 0.703538 0.601623 0.000000 0.321183 0.350759 0.346511 0.649949 0.866218 0.647315 0.656513 0.760772 0.891225 0.786445 0.882279 0.313294 0.427556 0.511438 0.655252 0.626907 0.692914 0.997953 0.806674 0.549936 0.644755 0.658875 0.607261 0.894396 0.879965 0.702384 0.869255 0.815751 0.879968 0.424577 0.529470 0.966305 0.802511 0.721238 0.469463 0.374811 0.357550 0.975922 0.878289 0.291955 0.328247 0.417082 0.384691 0.834347 0.648157 0.522358 0.413567 0.972966 0.614193 0.915582 0.935416 0.870065 0.835149 0.987578 0.813783 0.971145 0.844819 0.985863 0.956924 0.491280 0.592500 0.536287 0.668463 0.719485 0.582292 0.681698 0.778671 0.385066 0.446277 0.507772 0.567173 0.622782 0.763566 0.538130 0.653131 0.640653 0.766108 0.744660 0.906887 0.626170 0.643278 0.546455 0.722544 0.622902 0.965330
0.722402 0.458439 0.631158 0.520286 0.987857 0.733694 0.418686 0.482483 0.704465 0.631761 0.685770 0.589979 0.917793 0.566385 0.892626 0.708384 0.733211 0.554681 0.529772 0.482389 0.620425 0.884304 0.623930 0.532608 0.762122 0.656335 0.765914 0.872068 0.602375 0.479720 0.321183 0.000000 0.387020 0.377925 0.776540 0.942068 0.832689 0.681545 0.799764 0.913488 0.906107 0.871778 0.355447 0.400628 0.528407 0.587234 0.592472 0.629911 0.909688 0.713500 0.487518 0.544187 0.650286 0.657504 0.864845 0.707653 0.632360 0.794274 0.706741 0.810112 0.439534 0.545125 0.825410 0.670356 0.881123 0.573234 0.508588 0.470217 0.888933 0.942012 0.462821 0.451003 0.440432 0.387152 0.904153 0.757024 0.547432 0.468545 0.828927 0.623101 0.788377 0.848794 0.771906 0.955334 0.999946 0.756525 0.993223 0.956113 0.984938 0.862443 0.666675 0.783635 0.708752 0.865182 0.786522 0.672348 0.701466 0.850674 0.499039 0.511580 0.598987 0.606258 0.636392 0.805754 0.544056 0.673968 0.757679 0.803072 0.872513 0.900965 0.724388 0.728710 0.508238 0.732905 0.627381 0.993310
0.602785 0.461418 0.597409 0.505179 0.845860 0.589076 0.368216 0.483550 0.649814 0.598367 0.648582 0.584695 0.815600 0.607339 0.763946 0.590634 0.627452 0.461240 0.460709 0.452906 0.662657 0.835869 0.526547 0.529211 0.704852 0.685448 0.838632 0.947570 0.523895 0.480772 0.350759 0.387020 0.000000 0.367188 0.647019 0.893625 0.801024 0.795852 0.819209 0.871919 0.783956 0.853764 0.362559 0.374007 0.455915 0.529028 0.542761 0.595132 0.761589 0.608770 0.498903 0.564886 0.668843 0.732526 0.674195 0.648246 0.516469 0.638144 0.633642 0.698464 0.339655 0.576047 0.706282 0.599413 0.765029 0.607430 0.499613 0.470944 0.956065 0.792075 0.478422 0.487963 0.490416 0.455001 0.777457 0.668237 0.563629 0.512033 0.776119 0.524683 0.644288 0.696144 0.741537 0.858166 0.782150 0.687587 0.983999 0.961892 0.881485 0.800757 0.650447 0.761558 0.684184 0.843681 0.817486 0.541410 0.647980 0.758756 0.418456 0.466098 0.636022 0.646744 0.650964 0.687383 0.521516 0.611728 0.708035 0.806186 0.812019 0.821821 0.775840 0.673121 0.451551 0.691044 0.556976 0.942701
0.724110 0.503675 0.642781 0.498759 0.973031 0.679226 0.300158 0.398129 0.576748 0.500658 0.650687 0.566771 0.934663 0.679800 0.925040 0.738318 0.699500 0.556631 0.491856 0.428496 0.639109 0.867399 0.650961 0.639608 0.801841 0.710886 0.653614 0.902884 0.568296 0.525807 0.346511 0.377925 0.367188 0.000000 0.664337 0.823981 0.929712 0.802850 0.875476 0.934133 0.911981 0.944220 0.391039 0.451171 0.456776 0.558926 0.651058 0.621831 0.881994 0.697002 0.525820 0.595242 0.621053 0.586917 0.915975 0.786116 0.663570 0.773541 0.700439 0.769032 0.385026 0.523873 0.760407 0.636912 0.918413 0.630984 0.432934 0.441709 0.935056 0.818097 0.379252 0.445171 0.434092 0.392219 0.897339 0.750032 0.483227 0.530471 0.799522 0.625319 0.845302 0.889329 0.877378 0.941955 0.942919 0.906790 0.970459 0.954960 0.914118 0.892926 0.543729 0.653085 0.565685 0.741066 0.758494 0.585066 0.634093 0.723222 0.354011 0.416324 0.531822 0.508696 0.667558 0.734983 0.541132 0.663383 0.666663 0.679768 0.758063 0.888277 0.750601 0.637625 0.451244 0.737890 0.604478 0.898132
0.969940 0.876522 0.674677 0.721036 0.992576 0.690225 0.553182 0.604861 0.679325 0.643023 0.972668 0.984958 0.850239 0.853213 0.864948 0.895589 0.989217 0.952472 0.929025 0.854843 0.906922 0.944777 0.926539 0.997971 0.874328 0.737152 0.813758 0.996388 0.930052 0.976464 0.649949 0.776540 0.647019 0.664337 0.000000 0.796650 0.939335 0.868971 0.952317 0.986820 0.830258 0.873993 0.617943 0.680308 0.657616 0.717126 0.913935 0.785472 0.955528 0.925263 0.768370 0.812213 0.714083 0.761527 0.892427 0.888453 0.964468 0.998211 0.889016 0.794850 0.645708 0.731893 0.977299 0.960859 0.812479 0.781477 0.509046 0.500171 0.910541 0.759459 0.565045 0.696886 0.867528 0.736826 0.906312 0.867588 0.746741 0.822518 0.977524 0.862206 0.934309 0.858773 0.867606 0.725869 0.940921 0.998116 0.872352 0.798523 0.931502 0.927445 0.591391 0.611617 0.594184 0.640265 0.860855 0.741304 0.775562 0.861535 0.640281 0.700105 0.715600 0.719137 0.793248 0.981495 0.785987 0.709538 0.847835 0.815912 0.936173 0.845552 0.713522 0.884426 0.686345 0.824687 0.609131 0.966594
0.918149 0.987936 0.847027 0.831671 0.840128 0.984448 0.833848 0.857517 0.835715 0.900694 0.899230 0.958437 0.776860 0.809482 0.883577 0.831742 0.886159 0.891123 0.951507 0.959535 0.914827 0.984442 0.994605 0.952400 0.836926 0.742568 0.846615 0.783008 0.887083 0.905046 0.866218 0.942068 0.893625 0.823981 0.796650 0.000000 0.974435 0.949845 0.955741 0.942037 0.922822 0.925249 0.947500 0.949424 0.903368 0.983055 0.976525 0.987024 0.845290 0.894069 0.996933 0.909612 0.981393 0.952718 0.966091 0.951007 0.898970 0.894355 0.947490 0.958883 0.852379 0.843570 0.876597 0.819581 0.874458 0.851686 0.689210 0.776527 0.871967 0.890619 0.744183 0.792636 0.979396 0.905834 0.862249 0.856578 0.963004 0.975185 0.854301 0.963880 0.995150 0.867953 0.915811 0.821039 0.944093 0.967744 0.945083 0.962471 0.969515 0.844783 0.760628 0.810784 0.657842 0.799835 0.951633 0.998653 0.713760 0.883982 0.859592 0.922267 0.750920 0.817575 0.825734 0.992481 0.871163 0.794601 0.960261 0.904838 0.853785 0.898969 0.833761 0.981877 0.991969 0.982286 0.788448 0.959017
0.901671 0.863799 0.529930 0.676661 0.875682 0.958709 0.863701 0.991131 0.891459 0.910696 0.917892 0.804687 0.829836 0.974466 0.853898 0.779437 0.990774 0.959352 0.844041 0.831024 0.819255 0.912256 0.562139 0.658797 0.561044 0.561949 0.886166 0.818499 0.932142 0.996720 0.647315 0.832689 0.801024 0.929712 0.939335 0.974435 0.000000 0.722320 0.657886 0.612357 0.729455 0.868440 0.772457 0.859034 0.967171 0.944092 0.740130 0.932392 0.938366 0.923733 0.972530 0.960260 0.885572 0.849939 0.897698 0.889980 0.817984 0.942480 0.955951 0.959503 0.860942 0.976975 0.836779 0.823722 0.510727 0.738857 0.809615 0.828781 0.801909 0.939763 0.711105 0.746261 0.813667 0.846612 0.883344 0.963120 0.911206 0.709220 0.916695 0.700853 0.908589 0.921411 0.868868 0.971691 0.694803 0.658204 0.909609 0.898149 0.901086 0.805384 0.998277 0.877116 0.948313 0.946784 0.907757 0.800299 0.852937 0.868194 0.889004 0.841068 0.985942 0.938413 0.880969 0.987443 0.932440 0.855263 0.978961 0.979666 0.857983 0.933903 0.840750 0.916801 0.942402 0.949507 0.975568 0.872738
0.862646 0.803037 0.796564 0.694881 0.958383 0.943334 0.830554 0.875357 0.943942 0.970495 0.864729 0.904299 0.948068 0.862983 0.987878 0.916076 0.931979 0.958320 0.844711 0.836737 0.895312 0.928314 0.792357 0.721731 0.710792 0.689690 0.975210 0.885043 0.959773 0.874642 0.656513 0.681545 0.795852 0.802850 0.868971 0.949845 0.722320 0.000000 0.680415 0.774434 0.914518 0.781938 0.786280 0.804365 0.934304 0.977008 0.691263 0.880984 0.965941 0.996825 0.911420 0.905919 0.994062 0.962728 0.884300 0.986766 0.835377 0.917961 0.925490 0.983275 0.838395 0.853157 0.936937 0.981224 0.776832 0.688956 0.769179 0.763866 0.860926 0.939599 0.758376 0.718577 0.737014 0.704437 0.682869 0.980328 0.783506 0.688133 0.992680 0.838232 0.825359 0.958546 0.809161 0.963945 0.769025 0.628808 0.876873 0.835210 0.787968 0.801964 0.951860 0.973440 0.906276 0.958011 0.760756 0.810322 0.940782 0.915245 0.938018 0.905478 0.906335 0.943729 0.760912 0.962199 0.870227 0.836468 0.861079 0.923344 0.892424 0.964202 0.978554 0.972738 0.870542 0.897505 0.834775 0.974618
