0.000000 0.320056 0.865831 0.702965 0.882270 0.915337 0.986879 0.621232 0.873928 0.893865 0.715867 0.335262 0.666595 0.586953 0.939169 0.758161 0.502747 0.416586 0.534539 0.444190 0.851630 0.968125 0.758488 0.715684 0.719852 0.878584 0.772504 0.939771 0.664135 0.470599 0.781286 0.719569 0.649720 0.675597 0.942459 0.804967 0.767920 0.618984 0.886076 0.773446 0.805210 0.794637 0.868385 0.784947 0.932001 0.893239 0.660250 0.746112 0.805939 0.568152 0.694960 0.628944 0.864637 0.985799 0.711821 0.785062 0.343775 0.320806 0.501642 0.371356 0.821679 0.576571 0.582367 0.332093 0.745973 0.787886 0.885753 0.793149 0.416930 0.520828 0.698071 0.799883 0.900060 0.958376 0.916252 0.968629 0.909717 0.836771 0.861387 0.744761 0.466589 0.486599 0.679826 0.626785 0.508687 0.526376 0.904210 0.866720 0.602330 0.422376 0.818184 0.855727 0.828743 0.846643 0.930446 0.986145 0.878069 0.915693 0.997608 0.967292 0.936367 0.783103 0.871251 0.948823 0.899895 0.880469 0.817476 0.974899 0.929759 0.736526 0.925322 0.903477 0.963513 0.957298 0.905528 0.984905
0.320056 0.000000 0.676431 0.580396 0.843946 0.812266 0.999135 0.610870 0.817207 0.738773 0.871178 0.420391 0.767314 0.698485 0.970570 0.766686 0.399601 0.337682 0.548306 0.470961 0.682947 0.921515 0.724299 0.658457 0.522087 0.709801 0.635710 0.889161 0.680814 0.421124 0.626688 0.652542 0.593619 0.596182 0.820125 0.720655 0.551064 0.520187 0.783565 0.786157 0.783459 0.733298 0.714388 0.647141 0.930900 0.902542 0.534120 0.652544 0.934502 0.573666 0.680803 0.556612 0.783468 0.907951 0.664064 0.725965 0.257216 0.258065 0.518542 0.396515 0.933356 0.614368 0.764419 0.429428 0.589494 0.632822 0.714257 0.650011 0.399049 0.442782 0.674546 0.755951 0.826066 0.930756 0.998082 0.885107 0.965892 0.818803 0.747664 0.602912 0.441262 0.525072 0.551054 0.545879 0.571627 0.481194 0.775527 0.874917 0.747133 0.423040 0.684959 0.746304 0.728432 0.810109 0.930317 0.969848 0.820285 0.886685 0.815579 0.969929 0.837138 0.677975 0.995561 0.980532 0.844301 0.822973 0.778791 0.918793 0.977794 0.671484 0.988030 0.985850 0.957266 0.945125 0.853450 0.962663
0.865831 0.676431 0.000000 0.359134 0.998723 0.928891 0.517714 0.494709 0.780770 0.854945 0.818925 0.905351 0.918320 0.829902 0.739799 0.640148 0.676680 0.683847 0.649332 0.733682 0.577065 0.868401 0.540191 0.544815 0.317104 0.325862 0.633876 0.930042 0.878935 0.649742 0.396052 0.542630 0.526942 0.637098 0.534392 0.661918 0.619627 0.683206 0.647559 0.964511 0.975265 0.766059 0.625067 0.630371 0.738744 0.735988 0.603544 0.705646 0.553925 0.912632 0.964119 0.887698 0.803143 0.764693 0.836692 0.942961 0.644176 0.663973 0.796846 0.762298 0.684875 0.708508 0.970280 0.896949 0.326563 0.369883 0.370609 0.430330 0.802503 0.745431 0.606640 0.699989 0.642926 0.672114 0.768558 0.849774 0.642071 0.693104 0.777704 0.886257 0.958670 0.950058 0.669126 0.927948 0.729282 0.575179 0.881458 0.988378 0.902736 0.823472 0.942272 0.835888 0.957916 0.964402 0.949718 0.857603 0.811274 0.960337 0.851476 0.937632 0.954802 0.896444 0.883825 0.950173 0.663038 0.627531 0.678550 0.799010 0.935234 0.694753 0.886975 0.920639 0.977503 0.947706 0.651681 0.823937
0.702965 0.580396 0.359134 0.000000 0.923219 0.984275 0.653857 0.384625 0.727010 0.914846 0.811823 0.700476 0.731534 0.594567 0.596551 0.411462 0.682547 0.637484 0.533072 0.665396 0.576657 0.944941 0.346991 0.388468 0.330189 0.405320 0.543531 0.994956 0.952931 0.600779 0.362074 0.463618 0.436542 0.710612 0.574133 0.613441 0.626915 0.610111 0.829250 0.985591 0.923424 0.843770 0.526575 0.542503 0.841981 0.805619 0.686038 0.648898 0.642161 0.869787 0.735119 0.597285 0.587626 0.541483 0.838244 0.999044 0.588622 0.536347 0.851830 0.569411 0.722706 0.527873 0.898693 0.756123 0.288316 0.299772 0.414280 0.447629 0.726781 0.681182 0.409254 0.523135 0.555802 0.636010 0.797100 0.830932 0.710271 0.561045 0.753709 0.744365 0.929046 0.943019 0.567795 0.872962 0.588330 0.411728 0.859836 0.926070 0.926888 0.611624 0.913337 0.991257 0.835314 0.816671 0.951386 0.799131 0.848009 0.903358 0.964348 0.843837 0.978749 0.961360 0.881133 0.889260 0.622251 0.575308 0.702863 0.743161 0.912667 0.759504 0.849544 0.970206 0.990424 0.936411 0.564040 0.808433
0.882270 0.843946 0.998723 0.923219 0.000000 0.603045 0.731241 0.768479 0.491010 0.597759 0.862315 0.989943 0.686696 0.823732 0.655306 0.761428 0.860780 0.795904 0.750248 0.944055 0.997013 0.949232 0.741887 0.858728 0.902155 0.981563 0.924711 0.868919 0.932195 0.999471 0.892769 0.853867 0.899838 0.919655 0.894044 0.980943 0.923134 0.901429 0.821171 0.752221 0.804621 0.912037 0.976198 0.911483 0.878238 0.955425 0.792165 0.927477 0.924909 0.869196 0.855798 0.938890 0.780846 0.750834 0.984136 0.878551 0.819490 0.925400 0.932823 0.990618 0.641476 0.632817 0.911106 0.930568 0.978289 0.922255 0.908126 0.936960 0.936255 0.915826 0.712263 0.956204 0.959116 0.858153 0.980063 0.918631 0.811896 0.893434 0.724490 0.986323 0.874818 0.965317 0.882535 0.817059 0.815315 0.976782 0.983600 0.911825 0.895215 0.971110 0.549833 0.585025 0.567721 0.669326 0.901952 0.838372 0.923600 0.804290 0.710525 0.759658 0.738359 0.652035 0.986595 0.935706 0.853748 0.888006 0.845005 0.937500 0.938277 0.901664 0.926338 0.891244 0.867333 0.965846 0.835946 0.867125
0.915337 0.812266 0.928891 0.984275 0.603045 0.000000 0.764363 0.836398 0.584926 0.636498 0.852159 0.976634 0.915188 0.963149 0.784695 0.806895 0.952601 0.858929 0.890883 0.929255 0.809590 0.921396 0.761535 0.819832 0.920412 0.938062 0.948285 0.793340 0.968368 0.879227 0.956350 0.915056 0.990624 0.945919 0.881210 0.973201 0.863342 0.941882 0.848490 0.815139 0.817440 0.976151 0.988203 0.995435 0.623263 0.815257 0.896320 0.896806 0.836421 0.885631 0.782611 0.881500 0.761056 0.715144 0.956296 0.843929 0.816125 0.897654 0.974848 0.961623 0.762470 0.886965 0.933133 0.936823 0.901788 0.979351 0.897529 0.950314 0.814421 0.892818 0.864891 0.915901 0.979910 0.934171 0.953242 0.801920 0.815477 0.914102 0.789926 0.908342 0.971816 0.952952 0.990539 0.846472 0.823434 0.954151 0.977839 0.981182 0.907504 0.961360 0.524645 0.604108 0.571246 0.754073 0.889359 0.968623 0.930735 0.906296 0.607551 0.723078 0.817144 0.771793 0.799988 0.904757 0.907213 0.951198 0.928097 0.906723 0.965842 0.781295 0.949398 0.732257 0.875027 0.964842 0.808350 0.914053
0.986879 0.999135 0.517714 0.653857 0.731241 0.764363 0.000000 0.459017 0.513417 0.616107 0.936148 0.941035 0.860478 0.954024 0.796872 0.882101 0.867319 0.980938 0.618126 0.917964 0.898285 0.830059 0.743372 0.921930 0.750128 0.688196 0.920408 0.958310 0.694391 0.878192 0.620931 0.699869 0.777162 0.719231 0.710552 0.886103 0.940997 0.977825 0.927429 0.934833 0.738764 0.783601 0.793829 0.812291 0.937266 0.902000 0.807983 0.826901 0.784714 0.835445 0.938277 0.930533 0.909331 0.916232 0.907496 0.991531 0.939490 0.957150 0.751522 0.851303 0.361657 0.675278 0.735291 0.888233 0.710487 0.668547 0.672616 0.705654 0.965657 0.995058 0.736848 0.949118 0.792958 0.826639 0.924984 0.981969 0.701942 0.833557 0.965650 0.902885 0.925810 0.947332 0.914599 0.822145 0.805841 0.895346 0.981784 0.859824 0.855283 0.954242 0.684122 0.815942 0.685669 0.827045 0.983596 0.824703 0.796426 0.770126 0.816057 0.792782 0.667655 0.893014 0.962050 0.959101 0.711631 0.815589 0.746271 0.842018 0.960161 0.842779 0.841396 0.986374 0.871041 0.999708 0.755684 0.898643
0.621232 0.610870 0.494709 0.384625 0.768479 0.836398 0.459017 0.000000 0.553679 0.733611 0.991634 0.594462 0.543636 0.522782 0.554727 0.533966 0.688357 0.661482 0.399683 0.584815 0.743312 0.879108 0.451898 0.572194 0.568010 0.615243 0.789427 0.969933 0.671889 0.613340 0.433144 0.487347 0.520668 0.675954 0.685257 0.724474 0.777664 0.725685 0.996363 0.953199 0.929447 0.772121 0.593852 0.608146 0.938810 0.952278 0.718274 0.681584 0.868470 0.873812 0.629495 0.660613 0.632242 0.648370 0.828532 0.961896 0.627885 0.559484 0.709808 0.506116 0.455593 0.337460 0.788653 0.564178 0.528008 0.458412 0.620896 0.598764 0.730558 0.705923 0.433925 0.593964 0.588823 0.633195 0.888769 0.899953 0.708468 0.716986 0.852543 0.797053 0.809103 0.739652 0.696542 0.959004 0.519222 0.516988 0.977159 0.988862 0.846500 0.636921 0.697900 0.760986 0.693753 0.729564 0.926496 0.776811 0.736238 0.824923 0.764219 0.665523 0.740368 0.895858 0.980266 0.933646 0.639335 0.638771 0.676898 0.688162 0.926995 0.795493 0.819140 0.904079 0.899394 0.964176 0.653800 0.880298
0.873928 0.817207 0.780770 0.727010 0.491010 0.584926 0.513417 0.553679 0.000000 0.486222 0.822770 0.982237 0.625812 0.713306 0.565474 0.640073 0.860919 0.829968 0.718732 0.993906 0.940985 0.982115 0.616053 0.764096 0.948041 0.857598 0.984347 0.940142 0.919426 0.989168 0.688268 0.818825 0.890231 0.985788 0.850454 0.967548 0.840780 0.935562 0.850068 0.716653 0.736506 0.986651 0.841233 0.934510 0.915269 0.944662 0.862033 0.982199 0.853399 0.806304 0.838881 0.943916 0.735133 0.657359 0.960421 0.864002 0.817443 0.910672 0.898337 0.972974 0.541808 0.583934 0.977977 0.973747 0.904320 0.770381 0.815091 0.906289 0.882343 0.936668 0.615674 0.737798 0.663091 0.592285 0.914893 0.954436 0.662508 0.761545 0.813712 0.897470 0.797486 0.854951 0.964839 0.673390 0.874285 0.936712 0.850088 0.966168 0.954507 0.957697 0.382701 0.492363 0.433662 0.508358 0.874727 0.747160 0.829171 0.808948 0.558511 0.601580 0.674541 0.641263 0.907720 0.837175 0.723454 0.763415 0.913908 0.680604 0.930915 0.988553 0.892782 0.846329 0.776568 0.995306 0.696518 0.936340
0.893865 0.738773 0.854945 0.914846 0.597759 0.636498 0.616107 0.733611 0.486222 0.000000 0.981812 0.990652 0.678408 0.866713 0.781666 0.978148 0.804077 0.784267 0.853536 0.925661 0.760634 0.956387 0.985361 0.813943 0.653444 0.732919 0.700302 0.939402 0.759308 0.929426 0.963575 0.976639 0.919285 0.990459 0.936524 0.849852 0.632200 0.773501 0.665066 0.794589 0.753316 0.933653 0.950579 0.897077 0.792618 0.850289 0.816447 0.891016 0.824327 0.902510 0.892137 0.926422 0.948132 0.941760 0.942432 0.853160 0.721378 0.778891 0.964069 0.979768 0.550975 0.743136 0.760194 0.928714 0.718977 0.832289 0.803557 0.757101 0.795396 0.850329 0.886856 0.891608 0.990511 0.898747 0.811090 0.776965 0.873849 0.903757 0.797540 0.791857 0.846488 0.915576 0.753780 0.598634 0.951282 0.770337 0.698853 0.766986 0.981012 0.810748 0.415012 0.469144 0.501546 0.619597 0.997671 0.840325 0.899638 0.817530 0.511630 0.621880 0.577632 0.621673 0.808570 0.853787 0.991035 0.984612 0.959879 0.813863 0.933932 0.911819 0.925993 0.840337 0.856759 0.964321 0.926554 0.942042
0.715867 0.871178 0.818925 0.811823 0.862315 0.852159 0.936148 0.991634 0.822770 0.981812 0.000000 0.753322 0.824895 0.903852 0.813396 0.737050 0.852833 0.844402 0.847697 0.748159 0.872536 0.989442 0.682239 0.723026 0.831063 0.739655 0.791580 0.962915 0.749556 0.853249 0.742617 0.821437 0.842844 0.803294 0.728151 0.763735 0.965671 0.966537 0.988050 0.728024 0.782654 0.987333 0.705162 0.834998 0.751469 0.890478 0.915448 0.816527 0.958204 0.877498 0.776747 0.750069 0.616559 0.590659 0.931252 0.916746 0.893871 0.902850 0.781507 0.871898 0.867982 0.999778 0.598992 0.800391 0.800037 0.774854 0.662088 0.780433 0.730673 0.980567 0.877436 0.821003 0.789342 0.747204 0.891811 0.982352 0.680418 0.873957 0.941803 0.928050 0.910833 0.788944 0.846364 0.881522 0.955883 0.829580 0.939653 0.982560 0.862338 0.976379 0.859258 0.885530 0.792728 0.825390 0.772494 0.830896 0.926997 0.974844 0.909202 0.748023 0.848554 0.887930 0.956520 0.944423 0.756122 0.761208 0.874000 0.821492 0.925821 0.972485 0.951045 0.957055 0.917324 0.862794 0.861133 0.803506
0.335262 0.420391 0.905351 0.700476 0.989943 0.976634 0.941035 0.594462 0.982237 0.990652 0.753322 0.000000 0.578396 0.470593 0.773712 0.675206 0.605401 0.451362 0.533514 0.429668 0.790951 0.973493 0.719253 0.681973 0.777635 0.918221 0.849035 0.988872 0.699636 0.479529 0.776488 0.712421 0.649603 0.750990 0.901053 0.917376 0.784761 0.688189 0.977391 0.969752 0.856838 0.799362 0.854938 0.801159 0.935665 0.912706 0.799533 0.805554 0.861796 0.667090 0.682348 0.641194 0.815198 0.900903 0.765243 0.914440 0.472231 0.413360 0.643346 0.468126 0.847640 0.490179 0.687207 0.385702 0.792306 0.775238 0.931661 0.859535 0.432615 0.589964 0.676053 0.692402 0.843993 0.818386 0.967003 0.951867 0.994663 0.886803 0.841647 0.670447 0.533447 0.531169 0.708847 0.678582 0.555708 0.553231 0.942521 0.849083 0.604270 0.523658 0.944406 0.986585 0.929977 0.970369 0.955539 0.945789 0.869232 0.984739 0.920238 0.944346 0.950280 0.942282 0.904055 0.897948 0.843855 0.871282 0.812436 0.903466 0.980324 0.815542 0.926409 0.828902 0.971212 0.940807 0.924620 0.974494
0.666595 0.767314 0.918320 0.731534 0.686696 0.915188 0.860478 0.543636 0.625812 0.678408 0.824895 0.578396 0.000000 0.394872 0.489859 0.649207 0.941358 0.892261 0.593397 0.648086 0.947954 0.918308 0.678558 0.765267 0.965603 0.983103 0.970679 0.968202 0.704873 0.667444 0.726056 0.660078 0.788344 0.867943 0.969904 0.978846 0.892419 0.928584 0.838877 0.958862 0.992687 0.957509 0.885024 0.919834 0.892096 0.940215 0.953395 0.932838 0.958328 0.927948 0.797202 0.771573 0.836316 0.769633 0.980569 0.914860 0.872720 0.751950 0.917646 0.680496 0.590770 0.511536 0.749738 0.627396 0.926568 0.845487 0.959427 0.999501 0.757369 0.802708 0.546173 0.578734 0.663319 0.662053 0.948157 0.956157 0.909399 0.757180 0.938951 0.954168 0.941206 0.927356 0.885344 0.864010 0.816370 0.852630 0.837953 0.951478 0.816118 0.815676 0.631712 0.620385 0.701946 0.606961 0.987366 0.835492 0.658743 0.804684 0.654030 0.740891 0.770372 0.683837 0.912938 0.774470 0.905377 0.790947 0.909756 0.764612 0.942387 0.903146 0.971398 0.842684 0.823591 0.990820 0.827775 0.923688
0.586953 0.698485 0.829902 0.594567 0.823732 0.963149 0.954024 0.522782 0.713306 0.866713 0.903852 0.470593 0.394872 0.000000 0.484450 0.451993 0.855474 0.714275 0.556752 0.501699 0.785792 0.955171 0.519778 0.527952 0.813515 0.826372 0.870368 0.923861 0.811993 0.651760 0.657441 0.631484 0.716183 0.891396 0.858791 0.940062 0.882125 0.850437 0.892847 0.937064 0.938172 0.833826 0.871818 0.882575 0.831939 0.870860 0.965396 0.970478 0.915133 0.887473 0.746345 0.684684 0.766910 0.705669 0.939869 0.874491 0.783030 0.619697 0.987399 0.647424 0.772417 0.463989 0.854805 0.570800 0.774062 0.706633 0.895252 0.915722 0.750664 0.776378 0.490982 0.499354 0.618129 0.541106 0.851881 0.924128 0.899626 0.826299 0.913193 0.865003 0.894906 0.817722 0.795194 0.979833 0.652733 0.624837 0.998068 0.938482 0.712848 0.615796 0.733000 0.722392 0.749169 0.623873 0.892787 0.738962 0.822367 0.921713 0.752264 0.751880 0.841171 0.787073 0.988127 0.783274 0.779873 0.674262 0.904056 0.736374 0.951431 0.881511 0.941386 0.861321 0.898318 0.994699 0.781741 0.882324
0.939169 0.970570 0.739799 0.596551 0.655306 0.784695 0.796872 0.554727 0.565474 0.781666 0.813396 0.773712 0.489859 0.484450 0.000000 0.429654 0.967898 0.966617 0.749124 0.824925 0.768819 0.947428 0.424267 0.546869 0.831221 0.780594 0.913173 0.924899 0.874740 0.809528 0.625254 0.668195 0.704117 0.983031 0.718955 0.786737 0.885393 0.940591 0.851763 0.812974 0.931242 0.920360 0.778740 0.850022 0.993650 0.898049 0.939725 0.984320 0.828788 0.978628 0.808440 0.726851 0.630546 0.499020 0.977525 0.822564 0.937116 0.882863 0.845743 0.868684 0.696045 0.611869 0.968844 0.856373 0.739190 0.696146 0.751366 0.819225 0.988177 0.831611 0.438025 0.465361 0.580287 0.553263 0.691063 0.985698 0.655580 0.750927 0.968120 0.976288 0.918307 0.897317 0.742025 0.820518 0.744600 0.723529 0.926421 0.974181 0.861240 0.894632 0.535355 0.542389 0.537717 0.423029 0.832548 0.827279 0.878874 0.960224 0.611090 0.587479 0.811191 0.599073 0.939538 0.836992 0.713400 0.624929 0.869226 0.783310 0.805596 0.986064 0.929123 0.799536 0.896124 0.997617 0.710931 0.881966
0.758161 0.766686 0.640148 0.411462 0.761428 0.806895 0.882101 0.533966 0.640073 0.978148 0.737050 0.675206 0.649207 0.451993 0.429654 0.000000 0.904132 0.812405 0.641222 0.729540 0.694651 0.930370 0.254933 0.308668 0.590068 0.622313 0.623548 0.941759 0.986097 0.667102 0.538069 0.582655 0.579503 0.945038 0.603842 0.674755 0.820080 0.772671 0.990000 0.951661 0.897688 0.995522 0.683722 0.701459 0.960815 0.925551 0.914722 0.761721 0.849902 0.767662 0.643071 0.518012 0.471567 0.429330 0.851027 0.943130 0.809631 0.655797 0.969368 0.667742 0.782818 0.540333 0.871739 0.747597 0.506768 0.497751 0.512163 0.613691 0.813710 0.740102 0.382671 0.508742 0.574085 0.593706 0.749078 0.868354 0.672611 0.674799 0.920435 0.825290 0.971631 0.975557 0.579691 0.967675 0.515195 0.449707 0.914203 0.775869 0.702596 0.590525 0.701981 0.732183 0.627112 0.604089 0.796310 0.754252 0.901586 0.967561 0.754144 0.670126 0.978334 0.814449 0.962237 0.998159 0.594436 0.577114 0.812607 0.751444 0.886017 0.977217 0.836936 0.754476 0.908572 0.961910 0.601726 0.807782
0.502747 0.399601 0.676680 0.682547 0.860780 0.952601 0.867319 0.688357 0.860919 0.804077 0.852833 0.605401 0.941358 0.855474 0.967898 0.904132 0.000000 0.389647 0.628579 0.587593 0.765577 0.920959 0.814464 0.804026 0.565039 0.741770 0.758994 0.981986 0.548117 0.495987 0.708411 0.743118 0.694640 0.521097 0.793108 0.827436 0.665199 0.622857 0.774508 0.800351 0.923402 0.668009 0.792152 0.679330 0.997254 0.874192 0.496425 0.623442 0.943569 0.721193 0.865890 0.779273 0.904837 0.986346 0.613703 0.592735 0.422347 0.436060 0.579729 0.578333 0.885011 0.770182 0.676463 0.522157 0.657268 0.712293 0.706548 0.662054 0.560095 0.609186 0.801805 0.949958 0.985422 0.942095 0.965382 0.974461 0.883066 0.887292 0.793465 0.698068 0.500668 0.506793 0.647508 0.543440 0.621922 0.600406 0.733803 0.924300 0.875666 0.571607 0.720563 0.725088 0.743254 0.760499 0.848912 0.896015 0.842322 0.887770 0.789881 0.925122 0.925628 0.712638 0.933668 0.929252 0.894439 0.835442 0.861046 0.950958 0.975923 0.644686 0.955003 0.997235 0.964408 0.987979 0.869876 0.902438
0.416586 0.337682 0.683847 0.637484 0.795904 0.858929 0.980938 0.661482 0.829968 0.784267 0.844402 0.451362 0.892261 0.714275 0.966617 0.812405 0.389647 0.000000 0.614703 0.505256 0.687799 0.991831 0.771891 0.701020 0.557823 0.666707 0.751093 0.946199 0.658672 0.425017 0.657347 0.686892 0.602714 0.648015 0.805303 0.758126 0.640615 0.530912 0.773658 0.809539 0.880367 0.672243 0.701376 0.623882 0.969964 0.831127 0.554771 0.568888 0.898580 0.644814 0.718267 0.621531 0.839593 0.904847 0.620035 0.702170 0.347303 0.325480 0.604147 0.524497 0.999770 0.681584 0.781346 0.456749 0.639351 0.662075 0.722215 0.672683 0.456074 0.470298 0.720340 0.837519 0.923116 0.904564 0.962907 0.912965 0.939623 0.854946 0.678067 0.575853 0.410121 0.496634 0.645170 0.505195 0.635771 0.523571 0.749558 0.973074 0.789195 0.517032 0.692148 0.728595 0.757830 0.812061 0.971101 0.896343 0.868170 0.928630 0.840386 0.988839 0.903306 0.696719 0.970952 0.983141 0.817324 0.792437 0.761391 0.924045 0.920119 0.680538 0.872767 0.942931 0.890794 0.983044 0.864988 0.924899
0.534539 0.548306 0.649332 0.533072 0.750248 0.890883 0.618126 0.399683 0.718732 0.853536 0.847697 0.533514 0.593397 0.556752 0.749124 0.641222 0.628579 0.614703 0.000000 0.482010 0.824173 0.909676 0.592494 0.649656 0.655580 0.700039 0.773029 0.916548 0.677048 0.539402 0.589957 0.642988 0.628793 0.654697 0.773014 0.795578 0.695804 0.699104 0.993161 0.837750 0.879882 0.757228 0.833231 0.756692 0.896452 0.917415 0.712561 0.795810 0.880963 0.897086 0.765690 0.743559 0.807515 0.870911 0.683465 0.917421 0.566696 0.504731 0.663384 0.531959 0.564849 0.417723 0.699632 0.495999 0.621782 0.589415 0.689512 0.772736 0.617379 0.668378 0.631530 0.746363 0.743885 0.761185 0.941757 0.981534 0.884050 0.793998 0.999435 0.868284 0.751392 0.682515 0.697334 0.815714 0.522328 0.543382 0.895378 0.911246 0.828756 0.571386 0.873271 0.910490 0.875420 0.903765 0.974628 0.861123 0.708417 0.808259 0.841053 0.897088 0.746203 0.988282 0.939261 0.918367 0.685268 0.751970 0.832299 0.854048 0.993660 0.702167 0.787392 0.885720 0.979812 0.996825 0.706918 0.964448
0.444190 0.470961 0.733682 0.665396 0.944055 0.929255 0.917964 0.584815 0.993906 0.925661 0.748159 0.429668 0.648086 0.501699 0.824925 0.729540 0.587593 0.505256 0.482010 0.000000 0.791746 0.906236 0.740975 0.672735 0.666716 0.753436 0.750295 0.908406 0.685760 0.517704 0.712289 0.725769 0.655906 0.710230 0.862038 0.822676 0.656845 0.679676 0.934154 0.909791 0.863851 0.769444 0.981068 0.926914 0.719801 0.848902 0.780457 0.897144 0.929165 0.926012 0.936202 0.842650 0.995483 0.944054 0.844072 0.884609 0.500627 0.419891 0.701009 0.539482 0.821278 0.530676 0.702565 0.441185 0.722002 0.724456 0.855828 0.807323 0.471842 0.589792 0.713693 0.765751 0.840376 0.890382 0.967432 0.975483 0.974198 0.902586 0.843203 0.737622 0.679214 0.583308 0.683191 0.717556 0.599828 0.620189 0.920743 0.874677 0.699720 0.583754 0.860313 0.906921 0.865729 0.958523 0.932421 0.963558 0.793521 0.983217 0.918199 0.905261 0.989444 0.833180 0.974786 0.902643 0.850705 0.759517 0.914227 0.886626 0.931188 0.737401 0.985806 0.990578 0.953116 0.964672 0.916391 0.939502
0.851630 0.682947 0.577065 0.576657 0.997013 0.809590 0.898285 0.743312 0.940985 0.760634 0.872536 0.790951 0.947954 0.785792 0.768819 0.694651 0.765577 0.687799 0.824173 0.791746 0.000000 0.987786 0.687756 0.672094 0.522799 0.511247 0.751100 0.965532 0.985097 0.748592 0.570738 0.737439 0.684130 0.845450 0.710932 0.797405 0.714891 0.865711 0.841460 0.965824 0.848402 0.833862 0.798389 0.850945 0.732220 0.714255 0.885859 0.856026 0.672316 0.987266 0.999498 0.876748 0.909741 0.843505 0.875985 0.987747 0.716655 0.728233 0.938156 0.904599 0.978715 0.810862 0.915711 0.933929 0.536672 0.592360 0.621500 0.722503 0.778701 0.873786 0.711228 0.759135 0.669847 0.696875 0.740205 0.877029 0.825823 0.837816 0.770728 0.761496 0.911364 0.921499 0.758202 0.898855 0.818061 0.664306 0.857373 0.957397 0.995512 0.823756 0.833122 0.815396 0.905680 0.930164 0.915132 0.875662 0.951465 0.842851 0.782538 0.985882 0.860438 0.888823 0.829431 0.979807 0.779140 0.755993 0.894348 0.998678 0.850196 0.830630 0.946770 0.823885 0.999771 0.981197 0.718964 0.958839
0.968125 0.921515 0.868401 0.944941 0.949232 0.921396 0.830059 0.879108 0.982115 0.956387 0.989442 0.973493 0.918308 0.955171 0.947428 0.930370 0.920959 0.991831 0.909676 0.906236 0.987786 0.000000 0.979958 0.949020 0.874555 0.921736 0.889371 0.995353 0.986332 0.968160 0.893398 0.875829 0.948018 0.712258 0.913517 0.999597 0.993417 0.995861 0.954031 0.859368 0.919557 0.824148 0.882559 0.888882 0.978948 0.984612 0.892198 0.940079 0.967997 0.982555 0.966640 0.957363 0.952348 0.996965 0.958011 0.923271 0.962256 0.996119 0.844332 0.943076 0.778097 0.969370 0.950707 0.979971 0.943802 0.954904 0.892975 0.902403 0.959989 0.936855 0.982221 0.867122 0.937485 0.895549 0.906318 0.971131 0.901565 0.922270 0.948230 0.887825 0.998976 0.972218 0.977628 0.978395 0.946226 0.981983 0.971979 0.843046 0.801316 0.922480 0.949940 0.979556 0.960920 0.997186 0.993408 0.962041 0.986221 0.973128 0.924361 0.919088 0.897562 0.953664 0.892976 0.981284 0.977182 0.963993 0.798450 0.980126 0.953936 0.796085 0.803189 0.933579 0.829688 0.861773 0.730942 0.970936
0.758488 0.724299 0.540191 0.346991 0.741887 0.761535 0.743372 0.451898 0.616053 0.985361 0.682239 0.719253 0.678558 0.519778 0.424267 0.254933 0.814464 0.771891 0.592494 0.740975 0.687756 0.979958 0.000000 0.296506 0.512586 0.549794 0.575962 0.933546 0.932954 0.626972 0.435097 0.521155 0.497759 0.884974 0.566043 0.619960 0.765345 0.712858 0.968956 0.942285 0.955562 0.898303 0.624391 0.652995 0.926482 0.947383 0.823508 0.733648 0.826450 0.745259 0.618944 0.506241 0.447938 0.409770 0.820206 0.985193 0.745460 0.618824 0.922021 0.639973 0.721885 0.534885 0.910795 0.726313 0.445421 0.440487 0.412202 0.522999 0.845546 0.690666 0.337449 0.508906 0.556056 0.601952 0.746466 0.890959 0.622559 0.660620 0.894686 0.782994 0.938579 0.967675 0.532180 0.976533 0.475114 0.409430 0.910358 0.792004 0.793135 0.575777 0.710120 0.751345 0.621178 0.621461 0.856802 0.762127 0.858331 0.935538 0.775502 0.648074 0.926869 0.831886 0.957880 0.990662 0.555579 0.523112 0.839274 0.741702 0.927066 0.919483 0.815098 0.782959 0.960308 0.968021 0.593796 0.822162
0.715684 0.658457 0.544815 0.388468 0.858728 0.819832 0.921930 0.572194 0.764096 0.813943 0.723026 0.681973 0.765267 0.527952 0.546869 0.308668 0.804026 0.701020 0.649656 0.672735 0.672094 0.949020 0.296506 0.000000 0.468751 0.504011 0.535570 0.977071 0.940875 0.668475 0.520542 0.624905 0.511104 0.923732 0.586151 0.645860 0.689758 0.666655 0.854912 0.974628 0.898077 0.888100 0.698127 0.735203 0.959110 0.865631 0.788193 0.724548 0.768312 0.770833 0.672538 0.531878 0.532499 0.473051 0.814415 0.986122 0.690117 0.577953 0.963497 0.707778 0.924127 0.635070 0.831688 0.766473 0.437805 0.440252 0.437129 0.551233 0.808682 0.686508 0.471121 0.529443 0.642905 0.602116 0.718483 0.803078 0.722232 0.684719 0.869911 0.742028 0.877082 0.885596 0.532801 0.855222 0.515547 0.355757 0.792928 0.734693 0.743502 0.569784 0.891479 0.949183 0.790565 0.792433 0.869087 0.829533 0.897348 0.989368 0.917558 0.820201 0.978851 0.958487 0.972128 0.973928 0.602570 0.547474 0.883764 0.841679 0.937944 0.917877 0.920819 0.817570 0.995030 0.938199 0.654507 0.811285
0.719852 0.522087 0.317104 0.330189 0.902155 0.920412 0.750128 0.568010 0.948041 0.653444 0.831063 0.777635 0.965603 0.813515 0.831221 0.590068 0.565039 0.557823 0.655580 0.666716 0.522799 0.874555 0.512586 0.468751 0.000000 0.318516 0.541376 0.945235 0.992409 0.603546 0.434301 0.587813 0.493441 0.662967 0.581833 0.654695 0.541416 0.601320 0.644857 0.891455 0.881507 0.777406 0.590581 0.560457 0.790183 0.793395 0.575824 0.616399 0.640251 0.919435 0.879565 0.745857 0.750221 0.728778 0.808004 0.847685 0.505818 0.509714 0.774583 0.664256 0.883221 0.719928 0.882526 0.812195 0.278992 0.344072 0.380519 0.399479 0.659109 0.710495 0.606392 0.720838 0.673831 0.764771 0.800996 0.827476 0.782087 0.638273 0.731499 0.713520 0.814876 0.823931 0.558854 0.689202 0.644298 0.445122 0.765369 0.882424 0.981696 0.651667 0.776678 0.710401 0.880725 0.905228 0.972751 0.827663 0.833700 0.980849 0.725476 0.947231 0.831274 0.725073 0.831873 0.791569 0.677374 0.631925 0.713525 0.904285 0.970852 0.691342 0.922157 0.946964 0.939456 0.976330 0.601823 0.795329
0.878584 0.709801 0.325862 0.405320 0.981563 0.938062 0.688196 0.615243 0.857598 0.732919 0.739655 0.918221 0.983103 0.826372 0.780594 0.622313 0.741770 0.666707 0.700039 0.753436 0.511247 0.921736 0.549794 0.504011 0.318516 0.000000 0.673345 0.926021 0.980825 0.728084 0.481136 0.629871 0.534557 0.719256 0.540303 0.672982 0.641037 0.681529 0.658695 0.919244 0.982262 0.854465 0.595592 0.637162 0.775895 0.756965 0.607713 0.682886 0.572370 0.958441 0.900765 0.815556 0.821082 0.728053 0.765580 0.890263 0.669932 0.673562 0.897970 0.820782 0.876027 0.781962 0.870632 0.922222 0.338662 0.344816 0.381645 0.426567 0.831653 0.777588 0.661443 0.735035 0.652937 0.679486 0.773149 0.816956 0.734780 0.659261 0.716632 0.837297 0.895411 0.916021 0.624129 0.812264 0.729595 0.509201 0.775896 0.990810 0.950307 0.823097 0.881082 0.754734 0.974142 0.962200 0.931123 0.807870 0.822727 0.971221 0.805380 0.959360 0.939325 0.858107 0.814072 0.885984 0.611916 0.569208 0.713629 0.875284 0.975657 0.712140 0.958210 0.822820 0.965053 0.916516 0.649542 0.831812
0.772504 0.635710 0.633876 0.543531 0.924711 0.948285 0.920408 0.789427 0.984347 0.700302 0.791580 0.849035 0.970679 0.870368 0.913173 0.623548 0.758994 0.751093 0.773029 0.750295 0.751100 0.889371 0.575962 0.535570 0.541376 0.673345 0.000000 0.903365 0.946841 0.708307 0.647528 0.710664 0.599919 0.870833 0.730557 0.693562 0.596369 0.599772 0.780355 0.994325 0.891529 0.801441 0.849994 0.862671 0.901558 0.884257 0.887766 0.889566 0.814398 0.804350 0.842034 0.684222 0.671899 0.795212 0.881170 0.938288 0.624592 0.602493 0.795250 0.700014 0.975526 0.778034 0.885402 0.850510 0.544629 0.641466 0.556163 0.699838 0.724223 0.644081 0.672703 0.855882 0.833659 0.992789 0.777748 0.904926 0.844473 0.790298 0.867572 0.749277 0.949768 0.993502 0.638614 0.782598 0.671678 0.613059 0.711066 0.769510 0.892218 0.657566 0.837863 0.880700 0.960932 0.998707 0.950723 0.960955 0.954772 0.919020 0.782174 0.918935 0.759522 0.870571 0.925579 0.929110 0.786605 0.739008 0.933941 0.991312 0.964620 0.887985 0.897091 0.924704 0.921976 0.977323 0.880596 0.948849
0.939771 0.889161 0.930042 0.994956 0.868919 0.793340 0.958310 0.969933 0.940142 0.939402 0.962915 0.988872 0.968202 0.923861 0.924899 0.941759 0.981986 0.946199 0.916548 0.908406 0.965532 0.995353 0.933546 0.977071 0.945235 0.926021 0.903365 0.000000 0.929083 0.994897 0.972063 0.974714 0.955442 0.930464 0.870609 0.829061 0.811015 0.921471 0.918152 0.885561 0.911715 0.929933 0.975029 0.958771 0.892892 0.942961 0.934003 0.923151 0.936313 0.978055 0.904298 0.946794 0.935273 0.859244 0.826748 0.922119 0.927567 0.975835 0.859571 0.978317 0.893465 0.980534 0.980278 0.992449 0.976592 0.963840 0.957441 0.947816 0.920093 0.862226 0.900359 0.996279 0.884672 0.933587 0.988841 0.777816 0.972865 0.988503 0.966584 0.881230 0.956777 0.968027 0.952154 0.795959 0.952427 0.988616 0.948828 0.952722 0.941914 0.972865 0.848765 0.866295 0.825229 0.838655 0.939395 0.887528 0.959920 0.982047 0.890873 0.880683 0.964540 0.795318 0.947154 0.925679 0.908814 0.785982 0.967117 0.911164 0.929036 0.793907 0.836325 0.982629 0.914023 0.844440 0.977863 0.941602
0.664135 0.680814 0.878935 0.952931 0.932195 0.968368 0.694391 0.671889 0.919426 0.759308 0.749556 0.699636 0.704873 0.811993 0.874740 0.986097 0.548117 0.658672 0.677048 0.685760 0.985097 0.986332 0.932954 0.940875 0.992409 0.980825 0.946841 0.929083 0.000000 0.522562 0.825999 0.800025 0.893747 0.666616 0.918979 0.968853 0.844187 0.868411 0.966679 0.825850 0.906110 0.842628 0.951898 0.892426 0.970636 0.805151 0.738128 0.885964 0.807064 0.812980 0.892091 0.930546 0.962246 0.878350 0.811622 0.750254 0.690678 0.674139 0.618577 0.693030 0.608352 0.771767 0.450724 0.509265 0.986799 0.977653 0.965564 0.918896 0.714923 0.669212 0.816089 0.973830 0.984108 0.948049 0.904924 0.908464 0.868083 0.909937 0.879497 0.916734 0.623625 0.619131 0.884621 0.920028 0.740938 0.910225 0.956295 0.967181 0.886301 0.802983 0.991675 0.961253 0.983998 0.994246 0.829500 0.928410 0.749439 0.817550 0.907159 0.866648 0.827013 0.921619 0.871961 0.833383 0.944490 0.984877 0.902718 0.947409 0.962089 0.820232 0.924629 0.932673 0.890796 0.915255 0.997255 0.953798
0.470599 0.421124 0.649742 0.600779 0.999471 0.879227 0.878192 0.613340 0.989168 0.929426 0.853249 0.479529 0.667444 0.651760 0.809528 0.667102 0.495987 0.425017 0.539402 0.517704 0.748592 0.968160 0.626972 0.668475 0.603546 0.728084 0.708307 0.994897 0.522562 0.000000 0.634934 0.595810 0.573862 0.651590 0.770773 0.798725 0.617110 0.643661 0.786459 0.773062 0.871316 0.877516 0.819691 0.734695 0.935171 0.946316 0.598201 0.738720 0.979550 0.696809 0.784770 0.674067 0.861169 0.916956 0.643326 0.824113 0.401361 0.385779 0.530216 0.457307 0.722643 0.622852 0.681990 0.435570 0.614274 0.651941 0.649203 0.661198 0.426682 0.438835 0.589121 0.812917 0.871138 0.870895 0.986310 0.958177 0.867692 0.843008 0.837530 0.719704 0.579276 0.641708 0.598367 0.703599 0.551587 0.563011 0.927789 0.803195 0.745583 0.522484 0.813885 0.830107 0.867767 0.921111 0.872106 0.938322 0.726747 0.883816 0.931523 0.939551 0.950267 0.848221 0.932408 0.972434 0.820006 0.793094 0.862181 0.903639 0.992611 0.754960 0.793848 0.915163 0.941440 0.945277 0.779861 0.994660
0.781286 0.626688 0.396052 0.362074 0.892769 0.956350 0.620931 0.433144 0.688268 0.963575 0.742617 0.776488 0.726056 0.657441 0.625254 0.538069 0.708411 0.657347 0.589957 0.712289 0.570738 0.893398 0.435097 0.520542 0.434301 0.481136 0.647528 0.972063 0.825999 0.634934 0.000000 0.448551 0.515495 0.682609 0.604802 0.654595 0.751679 0.726848 0.890841 0.934922 0.978342 0.795336 0.601860 0.621889 0.882827 0.881740 0.772814 0.739090 0.725436 0.893472 0.801949 0.689109 0.676840 0.629054 0.823517 0.933817 0.625299 0.600274 0.874998 0.708463 0.735894 0.596501 0.971047 0.764609 0.457458 0.478115 0.460280 0.530542 0.817360 0.707180 0.486594 0.504340 0.571463 0.652383 0.890586 0.968398 0.599770 0.639647 0.759369 0.751215 0.894030 0.967837 0.732418 0.978873 0.719664 0.591589 0.964545 0.879210 0.960657 0.694564 0.867088 0.908862 0.766330 0.708369 0.975594 0.731008 0.833691 0.863194 0.939583 0.687219 0.934027 0.901182 0.968582 0.977327 0.649606 0.594635 0.674644 0.680889 0.903808 0.720664 0.853600 0.991544 0.918112 0.988133 0.625209 0.817346
0.719569 0.652542 0.542630 0.463618 0.853867 0.915056 0.699869 0.487347 0.818825 0.976639 0.821437 0.712421 0.660078 0.631484 0.668195 0.582655 0.743118 0.686892 0.642988 0.725769 0.737439 0.875829 0.521155 0.624905 0.587813 0.629871 0.710664 0.974714 0.800025 0.595810 0.448551 0.000000 0.523000 0.770354 0.739892 0.761758 0.784198 0.740625 0.935444 0.931991 0.967420 0.832280 0.511320 0.545056 0.935739 0.993702 0.683654 0.682956 0.870837 0.781129 0.695784 0.642560 0.663642 0.680286 0.917421 0.961020 0.664910 0.637434 0.744973 0.613008 0.647958 0.560322 0.891092 0.651446 0.520102 0.496451 0.566374 0.545881 0.747784 0.797611 0.496110 0.691062 0.683533 0.700113 0.919572 0.840290 0.749663 0.729239 0.802468 0.738727 0.830889 0.839452 0.644368 0.918669 0.631939 0.570836 0.994193 0.949455 0.890529 0.670267 0.927221 0.966285 0.888372 0.851380 0.986687 0.826469 0.871243 0.768682 0.938744 0.795526 0.965552 0.927037 0.924483 0.903011 0.566216 0.599215 0.737245 0.770884 0.956171 0.774754 0.801630 0.897660 0.863233 0.989123 0.794522 0.888968
0.649720 0.593619 0.526942 0.436542 0.899838 0.990624 0.777162 0.520668 0.890231 0.919285 0.842844 0.649603 0.788344 0.716183 0.704117 0.579503 0.694640 0.602714 0.628793 0.655906 0.684130 0.948018 0.497759 0.511104 0.493441 0.534557 0.599919 0.955442 0.893747 0.573862 0.515495 0.523000 0.000000 0.715486 0.611919 0.637871 0.787665 0.585468 0.834282 0.914383 0.930846 0.886941 0.735760 0.728136 0.915066 0.883350 0.719718 0.724558 0.819745 0.856011 0.781546 0.699161 0.776446 0.744720 0.830749 0.857072 0.568168 0.544446 0.735196 0.601690 0.795092 0.563443 0.946609 0.648427 0.488555 0.495901 0.481054 0.541939 0.624978 0.589423 0.578287 0.666739 0.676087 0.762629 0.873154 0.822019 0.793205 0.767239 0.871964 0.646991 0.773231 0.777085 0.586158 0.772819 0.554975 0.441303 0.907087 0.869285 0.883985 0.645842 0.970491 0.886815 0.955893 0.939447 0.970169 0.911495 0.781807 0.969094 0.977510 0.915227 0.971373 0.917181 0.895160 0.890715 0.660955 0.672827 0.776707 0.879992 0.935824 0.827640 0.880249 0.925380 0.931494 0.987409 0.721867 0.955964
0.675597 0.596182 0.637098 0.710612 0.919655 0.945919 0.719231 0.675954 0.985788 0.990459 0.803294 0.750990 0.867943 0.891396 0.983031 0.945038 0.521097 0.648015 0.654697 0.710230 0.845450 0.712258 0.884974 0.923732 0.662967 0.719256 0.870833 0.930464 0.666616 0.651590 0.682609 0.770354 0.715486 0.000000 0.776943 0.892271 0.834330 0.753348 0.789471 0.782542 0.890431 0.755371 0.861013 0.725342 0.961657 0.958428 0.598051 0.888490 0.977697 0.924516 0.988033 0.958257 0.987800 0.893938 0.717585 0.676980 0.620070 0.698084 0.624198 0.665999 0.732673 0.784502 0.713805 0.685403 0.727963 0.764660 0.696944 0.653406 0.648679 0.746107 0.835087 0.860328 0.938677 0.968913 0.961032 0.910557 0.877763 0.798664 0.906504 0.988293 0.756420 0.734941 0.760674 0.776852 0.799740 0.755982 0.932749 0.957107 0.980863 0.805091 0.929222 0.865729 0.912006 0.918638 0.777280 0.852846 0.896647 0.991322 0.945274 0.972223 0.942524 0.987881 0.949282 0.911248 0.915430 0.872614 0.660810 0.944605 0.940625 0.777712 0.979397 0.971653 0.951677 0.930106 0.863369 0.915245
0.942459 0.820125 0.534392 0.574133 0.894044 0.881210 0.710552 0.685257 0.850454 0.936524 0.728151 0.901053 0.969904 0.858791 0.718955 0.603842 0.793108 0.805303 0.773014 0.862038 0.710932 0.913517 0.566043 0.586151 0.581833 0.540303 0.730557 0.870609 0.918979 0.770773 0.604802 0.739892 0.611919 0.776943 0.000000 0.770422 0.833869 0.820232 0.699510 0.970735 0.951350 0.915962 0.757155 0.798431 0.993646 0.935570 0.747578 0.689635 0.779896 0.901395 0.847361 0.841739 0.759187 0.706673 0.746045 0.919268 0.835015 0.796454 0.909253 0.853417 0.816802 0.789855 0.867132 0.930415 0.521331 0.548450 0.479434 0.576520 0.862050 0.809358 0.789118 0.740794 0.763693 0.791234 0.678520 0.941302 0.693527 0.864982 0.751442 0.918311 0.923216 0.906604 0.630284 0.880683 0.697643 0.561565 0.832870 0.904805 0.981478 0.843845 0.954202 0.967667 0.857080 0.899028 0.961566 0.810639 0.957446 0.949810 0.982109 0.948580 0.984023 0.926553 0.895561 0.955075 0.741174 0.797652 0.705061 0.995601 0.943206 0.801079 0.950438 0.931919 0.886776 0.938258 0.758640 0.863174
0.804967 0.720655 0.661918 0.613441 0.980943 0.973201 0.886103 0.724474 0.967548 0.849852 0.763735 0.917376 0.978846 0.940062 0.786737 0.674755 0.827436 0.758126 0.795578 0.822676 0.797405 0.999597 0.619960 0.645860 0.654695 0.672982 0.693562 0.829061 0.968853 0.798725 0.654595 0.761758 0.637871 0.892271 0.770422 0.000000 0.777345 0.612931 0.929600 0.963109 0.935247 0.972076 0.758925 0.727555 0.896377 0.970706 0.802254 0.726739 0.956003 0.759642 0.762632 0.658819 0.694982 0.709935 0.719164 0.875024 0.710849 0.673168 0.864743 0.688592 0.977866 0.785234 0.893898 0.835484 0.631813 0.654653 0.584604 0.609139 0.885773 0.676326 0.621505 0.771631 0.803164 0.967351 0.858396 0.991166 0.833765 0.813354 0.902882 0.819524 0.865539 0.967546 0.708667 0.844709 0.675775 0.628731 0.933105 0.977691 0.841103 0.713827 0.986503 0.959350 0.921117 0.950300 0.786804 0.989544 0.970259 0.946224 0.966741 0.884300 0.870901 0.842632 0.895070 0.915366 0.803496 0.730458 0.854834 0.832682 0.784238 0.853518 0.886227 0.913229 0.995320 0.866041 0.814578 0.845154
0.767920 0.551064 0.619627 0.626915 0.923134 0.863342 0.940997 0.777664 0.840780 0.632200 0.965671 0.784761 0.892419 0.882125 0.885393 0.820080 0.665199 0.640615 0.695804 0.656845 0.714891 0.993417 0.765345 0.689758 0.541416 0.641037 0.596369 0.811015 0.844187 0.617110 0.751679 0.784198 0.787665 0.834330 0.833869 0.777345 0.000000 0.640360 0.791889 0.811815 0.780646 0.821237 0.762732 0.768154 0.767520 0.838140 0.701793 0.824750 0.756395 0.880658 0.904127 0.778052 0.852293 0.873016 0.886256 0.855137 0.592504 0.579245 0.771699 0.714589 0.989965 0.844820 0.976474 0.823456 0.580268 0.604252 0.700843 0.727063 0.698051 0.663875 0.766240 0.889225 0.877601 0.971064 0.820011 0.959961 0.915115 0.821689 0.744193 0.723856 0.791379 0.846097 0.649111 0.678792 0.774942 0.669265 0.672003 0.849774 0.996506 0.744000 0.693545 0.765037 0.748636 0.824555 0.988193 0.884068 0.837140 0.947632 0.655882 0.884295 0.862572 0.715004 0.812856 0.967884 0.772691 0.744398 0.998929 0.999790 0.980651 0.822071 0.968333 0.941661 0.907110 0.972152 0.895912 0.933597
0.618984 0.520187 0.683206 0.610111 0.901429 0.941882 0.977825 0.725685 0.935562 0.773501 0.966537 0.688189 0.928584 0.850437 0.940591 0.772671 0.622857 0.530912 0.699104 0.679676 0.865711 0.995861 0.712858 0.666655 0.601320 0.681529 0.599772 0.921471 0.868411 0.643661 0.726848 0.740625 0.585468 0.753348 0.820232 0.612931 0.640360 0.000000 0.821635 0.862420 0.853146 0.831633 0.702726 0.672808 0.991478 0.880324 0.682919 0.750257 0.968855 0.736330 0.697075 0.610775 0.733503 0.826585 0.771714 0.762491 0.497214 0.508502 0.769004 0.605668 0.998948 0.725691 0.991947 0.702863 0.619545 0.681957 0.681340 0.697225 0.600240 0.526639 0.658935 0.769151 0.861991 0.931060 0.921601 0.836965 0.953547 0.689475 0.864772 0.721861 0.666197 0.836361 0.732859 0.701840 0.743469 0.570506 0.792302 0.960999 0.803288 0.638427 0.853877 0.848884 0.874523 0.898312 0.994747 0.959626 0.760170 0.965605 0.874515 0.938223 0.774570 0.679543 0.941953 0.997451 0.875151 0.941351 0.789545 0.935913 0.860318 0.780725 0.954932 0.981568 0.922214 0.951292 0.995136 0.964222
