0.000000 0.282749 0.748325 0.622541 0.739669 0.817576 0.886653 0.974595 0.522018 0.560114 0.481269 0.428201 0.608053 0.478587 0.832922 0.956371 0.432141 0.328696 0.474554 0.325159 0.601556 0.875398 0.787803 0.607026 0.584645 0.656821 0.699086 0.996096 0.908442 0.764570 0.977565 0.810802 0.591766 0.674872 0.868471 0.926831 0.783960 0.858716 0.623553 0.891353 0.931270 0.754437 0.935561 0.806439 0.827488 0.995614 0.727478 0.644045 0.942472 0.874412 0.901948 0.992665 0.664489 0.530491 0.614362 0.650228 0.263243 0.284115 0.511198 0.480474 0.976006 0.794697 0.583027 0.537318 0.699261 0.965403 0.819991 0.986439 0.333051 0.473705 0.705164 0.662552 0.743581 0.675846 0.955788 0.850703 0.846863 0.814394 0.615693 0.494672 0.369967 0.354605 0.558793 0.343783 0.423272 0.392951 0.906545 0.663886 0.821140 0.399222 0.535220 0.583934 0.766937 0.640839 0.979579 0.916691 0.939723 0.889354 0.879300 0.870694 0.772153 0.717409 0.953251 0.722216 0.828977 0.721395 0.939647 0.874183 0.826754 0.655357 0.939514 0.853817 0.899727 0.829631 0.920543 0.765993
0.282749 0.000000 0.652531 0.503898 0.717258 0.844863 0.903767 0.901814 0.626968 0.615024 0.591910 0.486631 0.698637 0.520990 0.772105 0.861181 0.467061 0.410591 0.470100 0.333412 0.620522 0.915093 0.766489 0.609344 0.508487 0.555004 0.657598 0.945271 0.875816 0.759685 0.850317 0.790134 0.623460 0.627361 0.831436 0.938478 0.687943 0.778034 0.536157 0.929946 0.971051 0.702591 0.953259 0.753630 0.782248 0.980604 0.696926 0.647896 0.982367 0.905344 0.896674 0.981000 0.656747 0.533929 0.703912 0.684950 0.262288 0.239909 0.563647 0.543141 0.914049 0.856425 0.701042 0.593632 0.601046 0.944660 0.894911 0.963376 0.319153 0.433324 0.848881 0.715351 0.820812 0.724027 0.953877 0.849051 0.757294 0.855605 0.593114 0.522973 0.388698 0.406000 0.618174 0.385560 0.524980 0.448433 0.986729 0.782549 0.834006 0.431996 0.476399 0.568494 0.683248 0.632798 0.951633 0.964252 0.921079 0.904215 0.822463 0.872742 0.638021 0.669591 0.965770 0.781497 0.904687 0.724422 0.899357 0.916279 0.908206 0.636499 0.961014 0.869036 0.906642 0.850447 0.927781 0.760715
0.748325 0.652531 0.000000 0.438947 0.827517 0.900049 0.825423 0.725075 0.859770 0.840041 0.991382 0.785741 0.617545 0.832232 0.648277 0.656305 0.972336 0.974925 0.741531 0.739167 0.679506 0.958425 0.662422 0.692024 0.456548 0.490798 0.702617 0.948226 0.932342 0.992770 0.646550 0.662329 0.856844 0.819900 0.726534 0.855662 0.591918 0.838858 0.791169 0.826436 0.869189 0.768740 0.767417 0.791322 0.819145 0.896060 0.837126 0.901497 0.849659 0.942136 0.882932 0.983558 0.743729 0.769264 0.852130 0.999349 0.729292 0.711906 0.839576 0.728212 0.888931 0.743838 0.850782 0.952176 0.405502 0.587401 0.945009 0.972247 0.661572 0.775419 0.793091 0.817126 0.854707 0.915992 0.916358 0.918964 0.661175 0.867430 0.869410 0.746276 0.937268 0.799732 0.966348 0.851823 0.864493 0.693491 0.847102 0.804812 0.816536 0.750698 0.813096 0.956279 0.950102 0.907940 0.890426 0.871340 0.723396 0.789006 0.928545 0.842633 0.601384 0.998500 0.860043 0.932848 0.870206 0.810345 0.732640 0.973235 0.880221 0.869624 0.958843 0.914707 0.923562 0.890992 0.653862 0.956373
0.622541 0.503898 0.438947 0.000000 0.888531 0.990547 0.857734 0.497698 0.979692 0.868400 0.824470 0.555556 0.668911 0.590630 0.729588 0.581634 0.825586 0.726963 0.700489 0.687607 0.657515 0.904935 0.742687 0.484255 0.465251 0.461473 0.635963 0.977126 0.949479 0.882012 0.748652 0.714099 0.804316 0.741430 0.824271 0.893094 0.538726 0.680019 0.562928 0.807190 0.906045 0.684397 0.978547 0.874064 0.690045 0.824471 0.957655 0.938841 0.783750 0.898355 0.794766 0.907672 0.693097 0.683732 0.873891 0.915909 0.536399 0.499385 0.830777 0.740431 0.932815 0.753280 0.958743 0.800326 0.492885 0.614414 0.991931 0.957050 0.525927 0.621132 0.934839 0.971004 0.971951 0.949511 0.958453 0.976426 0.715101 0.965591 0.757725 0.804970 0.860800 0.802783 0.803529 0.737657 0.887114 0.582604 0.978713 0.909786 0.802997 0.644617 0.635670 0.626010 0.807362 0.732388 0.913969 0.822786 0.911781 0.804901 0.856772 0.976123 0.608982 0.773194 0.817706 0.978364 0.842050 0.770168 0.810436 0.980152 0.975281 0.849982 0.978451 0.769740 0.928689 0.825510 0.765623 0.842333
0.739669 0.717258 0.827517 0.888531 0.000000 0.876562 0.613280 0.778699 0.801108 0.672162 0.987377 0.952960 0.843677 0.997249 0.905991 0.847809 0.852869 0.888408 0.977277 0.746914 0.797674 0.902202 0.794549 0.976301 0.739789 0.771873 0.845226 0.921705 0.836706 0.924205 0.833922 0.995869 0.994637 0.879642 0.912286 0.759306 0.874327 0.867523 0.896672 0.928106 0.923818 0.779484 0.914033 0.920705 0.724175 0.788698 0.977665 0.998088 0.838782 0.845246 0.783674 0.827151 0.618026 0.602570 0.900835 0.967135 0.615363 0.703191 0.982454 0.852207 0.658256 0.739686 0.874697 0.956141 0.894504 0.899795 0.775937 0.633885 0.679479 0.661264 0.691299 0.676800 0.802941 0.762705 0.910280 0.967281 0.930881 0.802929 0.813843 0.875721 0.748954 0.714331 0.990368 0.799844 0.960713 0.900342 0.913305 0.963567 0.858012 0.885322 0.652134 0.734224 0.838463 0.778456 0.941757 0.935922 0.968920 0.984082 0.781198 0.640971 0.624321 0.613595 0.775551 0.998302 0.837908 0.837253 0.986304 0.959766 0.905367 0.924146 0.790105 0.814329 0.904405 0.931876 0.819439 0.821157
0.817576 0.844863 0.900049 0.990547 0.876562 0.000000 0.827539 0.831516 0.651382 0.783893 0.873693 0.944598 0.943262 0.863659 0.826138 0.792154 0.783189 0.781654 0.796778 0.842387 0.891016 0.846018 0.986767 0.936552 0.993529 0.913598 0.909780 0.722116 0.974127 0.961961 0.819489 0.915609 0.885633 0.992750 0.873609 0.957282 0.891612 0.870741 0.969070 0.768745 0.753129 0.802098 0.872459 0.912224 0.978370 0.941172 0.915757 0.914355 0.921264 0.875031 0.954158 0.969104 0.900279 0.928930 0.991304 0.830819 0.768356 0.800536 0.836778 0.944589 0.887889 0.704417 0.832158 0.890745 0.989583 0.787655 0.874413 0.997702 0.855744 0.919773 0.731832 0.663673 0.678037 0.816932 0.918738 0.855502 0.907096 0.722953 0.967080 0.960921 0.783613 0.799600 0.852730 0.763308 0.768749 0.806369 0.717969 0.922618 0.956490 0.773601 0.834213 0.887396 0.998482 0.819328 0.893995 0.953469 0.836788 0.937136 0.937522 0.910258 0.923361 0.891012 0.928233 0.876384 0.948978 0.922299 0.974598 0.794511 0.900162 0.878918 0.937745 0.958634 0.953784 0.935486 0.852858 0.760368
0.886653 0.903767 0.825423 0.857734 0.613280 0.827539 0.000000 0.368668 0.690723 0.457702 0.990816 0.734545 0.591897 0.837174 0.586465 0.737774 0.955137 0.978436 0.773723 0.963522 0.958807 0.949777 0.532201 0.979198 0.741857 0.854916 0.901492 0.778926 0.569522 0.631911 0.555871 0.760924 0.671225 0.534266 0.841558 0.927336 0.951806 0.925904 0.889406 0.999834 0.855428 0.972455 0.561735 0.549432 0.478988 0.494478 0.710271 0.689255 0.561180 0.516868 0.496688 0.507657 0.533206 0.504292 0.766951 0.755139 0.858399 0.943245 0.764283 0.940960 0.326599 0.424406 0.640099 0.610949 0.944690 0.911301 0.485117 0.458205 0.837532 0.838161 0.494399 0.599392 0.700442 0.578518 0.856672 0.800782 0.586099 0.689658 0.857802 0.892608 0.911935 0.719710 0.887662 0.775956 0.991011 0.898836 0.995293 0.847706 0.875730 0.937063 0.591874 0.640856 0.751916 0.871229 0.701887 0.833839 0.746335 0.889316 0.457788 0.440872 0.753813 0.628913 0.721007 0.812613 0.755325 0.679707 0.828739 0.862171 0.806001 0.827642 0.705615 0.712539 0.509961 0.747306 0.530243 0.801392
0.974595 0.901814 0.725075 0.497698 0.778699 0.831516 0.368668 0.000000 0.776370 0.595488 0.977325 0.597133 0.583662 0.670302 0.636096 0.520369 0.924205 0.894276 0.794952 0.959485 0.905275 0.859721 0.616381 0.739087 0.992483 0.905874 0.917364 0.879998 0.755905 0.712161 0.610312 0.758466 0.749761 0.582336 0.879552 0.989382 0.867799 0.821544 0.839033 0.920157 0.805410 0.879587 0.770323 0.681911 0.797759 0.765608 0.865484 0.844555 0.846150 0.763449 0.760679 0.734783 0.771810 0.751382 0.901699 0.873350 0.925994 0.859395 0.805769 0.919055 0.448150 0.390522 0.737563 0.618147 0.770338 0.683790 0.666103 0.638414 0.998280 0.923283 0.601510 0.691290 0.809021 0.741442 0.891689 0.927237 0.643010 0.758313 0.826525 0.907728 0.911386 0.802804 0.849846 0.878991 0.957498 0.914201 0.940790 0.785923 0.745446 0.965397 0.888746 0.969432 0.965906 0.918588 0.814777 0.919869 0.822963 0.879120 0.760169 0.669928 0.997027 0.914202 0.962193 0.886512 0.790742 0.786967 0.805982 0.880764 0.880724 0.827439 0.804373 0.994714 0.626146 0.725883 0.594414 0.946523
0.522018 0.626968 0.859770 0.979692 0.801108 0.651382 0.690723 0.776370 0.000000 0.555060 0.664051 0.741254 0.995278 0.601114 0.746041 0.782611 0.499588 0.494474 0.741896 0.591749 0.934061 0.795811 0.892834 0.773398 0.846365 0.932656 0.807963 0.974122 0.990561 0.844808 0.729967 0.928413 0.886669 0.909584 0.915167 0.826430 0.936930 0.924034 0.816187 0.960215 0.887952 0.968915 0.794916 0.992934 0.880321 0.990702 0.894181 0.815444 0.949637 0.937511 0.916727 0.938648 0.758074 0.712644 0.735811 0.706035 0.552054 0.571841 0.696984 0.782611 0.766744 0.629533 0.717119 0.696110 0.912337 0.818856 0.923069 0.933130 0.635662 0.587324 0.513983 0.519422 0.702482 0.708668 0.908191 0.907102 0.875501 0.643043 0.808683 0.796669 0.524396 0.548771 0.671085 0.492792 0.656332 0.588496 0.736130 0.621983 0.860350 0.589357 0.589146 0.669393 0.808397 0.737883 0.983724 0.801150 0.935499 0.845395 0.771116 0.741612 0.953017 0.778554 0.941798 0.723881 0.993485 0.966105 0.809200 0.847770 0.862675 0.812400 0.985391 0.939080 0.733305 0.911313 0.735633 0.703525
0.560114 0.615024 0.840041 0.868400 0.672162 0.783893 0.457702 0.595488 0.555060 0.000000 0.814723 0.930383 0.980568 0.801009 0.803832 0.833103 0.824507 0.710764 0.872965 0.646656 0.794938 0.898448 0.826342 0.727668 0.540693 0.668600 0.710595 0.844082 0.688349 0.859631 0.618081 0.800972 0.875822 0.776863 0.991452 0.992607 0.751488 0.808427 0.752836 0.940389 0.939643 0.937230 0.647853 0.725693 0.482044 0.541190 0.846046 0.909726 0.596814 0.643598 0.526176 0.569162 0.452922 0.442093 0.963232 0.996706 0.612640 0.640314 0.973617 0.766122 0.529803 0.532653 0.870626 0.856622 0.788782 0.850936 0.758674 0.672345 0.540972 0.616951 0.532626 0.590035 0.745390 0.615149 0.923882 0.798926 0.745261 0.678045 0.959502 0.845734 0.648934 0.391797 0.816449 0.476232 0.643009 0.520900 0.814982 0.609128 0.868828 0.601777 0.604338 0.671602 0.905902 0.891300 0.900207 0.984592 0.902548 0.993794 0.552732 0.629750 0.732632 0.708115 0.785954 0.975278 0.937557 0.945472 0.981980 0.912440 0.778111 0.981651 0.821971 0.788849 0.561085 0.914399 0.771101 0.746904
0.481269 0.591910 0.991382 0.824470 0.987377 0.873693 0.990816 0.977325 0.664051 0.814723 0.000000 0.553515 0.701214 0.591044 0.980542 0.925001 0.563306 0.455959 0.704983 0.524679 0.752362 0.982069 0.956636 0.924440 0.903801 0.888324 0.876715 0.952211 0.868427 0.757313 0.971405 0.965901 0.746084 0.800627 0.961862 0.957071 0.945814 0.975994 0.831116 0.998917 0.839140 0.888707 0.861427 0.951292 0.863645 0.960599 0.972009 0.874284 0.956624 0.935992 0.850161 0.873614 0.724932 0.659021 0.739747 0.799975 0.580910 0.554996 0.809761 0.812459 0.966666 0.860379 0.612889 0.575497 0.989025 0.903799 0.985486 0.943552 0.559174 0.689906 0.787345 0.887395 0.913185 0.917459 0.988272 0.957091 0.961769 0.985756 0.773880 0.709444 0.564298 0.588264 0.659171 0.553600 0.694205 0.746854 0.839570 0.781261 0.964011 0.680767 0.808370 0.765388 0.924103 0.899645 0.940032 0.889613 0.976034 0.960945 0.783022 0.846845 0.947154 0.942455 0.920009 0.849860 0.804817 0.735672 0.955096 0.968046 0.865929 0.793084 0.894559 0.950182 0.922002 0.924663 0.969034 0.840237
0.428201 0.486631 0.785741 0.555556 0.952960 0.944598 0.734545 0.597133 0.741254 0.930383 0.553515 0.000000 0.477300 0.391817 0.625167 0.655396 0.504806 0.373249 0.446373 0.442566 0.708082 0.871543 0.560552 0.627223 0.789049 0.825591 0.733225 0.899903 0.641886 0.555818 0.734678 0.679863 0.536674 0.495709 0.908090 0.961948 0.784760 0.804362 0.729479 0.906784 0.985457 0.889375 0.915587 0.680841 0.962098 0.822912 0.703995 0.605819 0.799911 0.774736 0.930025 0.865321 0.879953 0.773383 0.567499 0.640138 0.493925 0.456502 0.559364 0.639383 0.695983 0.826246 0.472741 0.388492 0.730854 0.860185 0.707346 0.771205 0.533130 0.678930 0.983829 0.962895 0.961926 0.974037 0.868898 0.980626 0.728289 0.969718 0.571171 0.575966 0.516419 0.604766 0.503496 0.552603 0.554795 0.555770 0.914179 0.806171 0.780439 0.566349 0.727855 0.661141 0.772162 0.630804 0.824155 0.890211 0.966454 0.938474 0.996426 0.952109 0.921714 0.848749 0.916005 0.736943 0.689193 0.627413 0.995120 0.993302 0.994213 0.654205 0.887310 0.987255 0.885684 0.795506 0.728840 0.805388
0.608053 0.698637 0.617545 0.668911 0.843677 0.943262 0.591897 0.583662 0.995278 0.980568 0.701214 0.477300 0.000000 0.537835 0.514851 0.574389 0.830360 0.672448 0.560239 0.705216 0.784982 0.911447 0.499555 0.649055 0.826368 0.832322 0.847134 0.745921 0.774750 0.731274 0.668619 0.654968 0.649780 0.575502 0.772149 0.998021 0.952304 0.958725 0.828311 0.943737 0.818935 0.986357 0.824360 0.733767 0.863422 0.783515 0.704618 0.655186 0.795569 0.717788 0.801043 0.714795 0.927437 0.989660 0.651158 0.721979 0.707562 0.667739 0.499483 0.523705 0.470937 0.666167 0.595792 0.627516 0.656477 0.700182 0.579517 0.560008 0.790699 0.819813 0.850896 0.869148 0.976430 0.985891 0.951095 0.904824 0.734577 0.900278 0.771329 0.567224 0.768501 0.779526 0.723858 0.759603 0.601459 0.585245 0.838879 0.903335 0.724093 0.642282 0.938451 0.983305 0.997951 0.835678 0.863104 0.922941 0.715548 0.940754 0.767949 0.735203 0.966602 0.841805 0.838370 0.869615 0.756436 0.713603 0.966648 0.906987 0.950584 0.768152 0.737545 0.974888 0.789895 0.751524 0.611046 0.939799
0.478587 0.520990 0.832232 0.590630 0.997249 0.863659 0.837174 0.670302 0.601114 0.801009 0.591044 0.391817 0.537835 0.000000 0.726625 0.665032 0.527303 0.390273 0.498087 0.493619 0.823389 0.992125 0.683895 0.540666 0.796975 0.794534 0.838015 0.774364 0.762991 0.499810 0.874964 0.786097 0.617491 0.570890 0.871218 0.867328 0.787060 0.799709 0.643736 0.862173 0.921077 0.910927 0.956512 0.838107 0.972548 0.921369 0.834085 0.723074 0.909951 0.850895 0.981191 0.915974 0.835750 0.820944 0.586713 0.593529 0.518290 0.483176 0.612209 0.684795 0.752058 0.822084 0.531089 0.496826 0.807454 0.768534 0.736154 0.804900 0.618049 0.619791 0.889821 0.836418 0.939077 0.914051 0.981165 0.913057 0.832595 0.923057 0.707059 0.585365 0.495663 0.560483 0.447844 0.449287 0.582059 0.455819 0.720257 0.658938 0.625420 0.547934 0.673362 0.610593 0.797683 0.600132 0.870511 0.914444 0.943020 0.964976 0.885580 0.945285 0.828985 0.853866 0.897784 0.796045 0.856837 0.791688 0.987902 0.938876 0.970142 0.862122 0.940144 0.959627 0.962956 0.882664 0.892397 0.801489
0.832922 0.772105 0.648277 0.729588 0.905991 0.826138 0.586465 0.636096 0.746041 0.803832 0.980542 0.625167 0.514851 0.726625 0.000000 0.493311 0.916362 0.857906 0.608968 0.811518 0.830946 0.948038 0.429203 0.762283 0.920782 0.908280 0.943164 0.793152 0.607816 0.617322 0.461929 0.626006 0.573855 0.541167 0.674425 0.927554 0.812376 0.957363 0.884143 0.891836 0.861987 0.926316 0.577727 0.563043 0.715145 0.679981 0.616049 0.535366 0.700285 0.696041 0.687139 0.597514 0.803848 0.876558 0.688649 0.685885 0.861677 0.843021 0.641621 0.738344 0.473506 0.601544 0.739418 0.707313 0.668400 0.743548 0.646397 0.616882 0.962377 0.966691 0.672115 0.687750 0.786967 0.918665 0.960685 0.867284 0.613263 0.733361 0.690191 0.621874 0.784048 0.913110 0.814529 0.915532 0.712697 0.808034 0.979300 0.975636 0.854659 0.875159 0.963738 0.995108 0.866558 0.812674 0.822098 0.926005 0.854306 0.967726 0.677290 0.635368 0.868410 0.908973 0.857101 0.869423 0.797906 0.623879 0.810413 0.996289 0.833574 0.823552 0.835268 0.913120 0.783666 0.743606 0.502765 0.889378
0.956371 0.861181 0.656305 0.581634 0.847809 0.792154 0.737774 0.520369 0.782611 0.833103 0.925001 0.655396 0.574389 0.665032 0.493311 0.000000 0.972841 0.968562 0.840591 0.948928 0.901699 0.972147 0.587121 0.623287 0.822863 0.855407 0.955638 0.812220 0.826353 0.726415 0.599774 0.677960 0.872852 0.724522 0.920572 0.987174 0.754026 0.803837 0.704322 0.868383 0.722204 0.962630 0.890870 0.887447 0.969044 0.988405 0.939298 0.909051 0.942761 0.954852 0.978905 0.884370 0.973458 0.978258 0.933873 0.967758 0.932719 0.907425 0.814781 0.948127 0.586883 0.527145 0.971333 0.889643 0.652012 0.525758 0.895322 0.759464 0.981805 0.918353 0.700872 0.747237 0.786731 0.997720 0.985573 0.999262 0.830160 0.883074 0.880580 0.760336 0.991002 0.960158 0.766935 0.993703 0.974202 0.784671 0.982935 0.852294 0.829760 0.931939 0.828734 0.724430 0.700490 0.660910 0.965981 0.858825 0.965314 0.963135 0.977373 0.893430 0.767528 0.989927 0.815733 0.840555 0.992948 0.888497 0.861618 0.973359 0.849149 0.964005 0.957770 0.870177 0.923730 0.911751 0.694904 0.973215
0.432141 0.467061 0.972336 0.825586 0.852869 0.783189 0.955137 0.924205 0.499588 0.824507 0.563306 0.504806 0.830360 0.527303 0.916362 0.972841 0.000000 0.309020 0.541080 0.420287 0.771537 0.857699 0.872827 0.886475 0.963045 0.992321 0.851800 0.982132 0.602971 0.475682 0.923988 0.909729 0.522280 0.561129 0.993543 0.951835 0.805385 0.889314 0.797685 0.862396 0.880611 0.809514 0.983283 0.663656 0.905471 0.731158 0.663499 0.561287 0.673727 0.630431 0.816194 0.768863 0.945759 0.850755 0.613673 0.525602 0.426404 0.410406 0.605800 0.768185 0.960127 0.812401 0.434595 0.382635 0.965111 0.751484 0.722190 0.911073 0.549860 0.596760 0.823601 0.693400 0.843828 0.870368 0.881787 0.997343 0.830214 0.902181 0.554764 0.631121 0.349834 0.555186 0.523164 0.536840 0.578192 0.643646 0.919515 0.665133 0.935604 0.589708 0.733932 0.718293 0.780886 0.656059 0.863758 0.773078 0.982086 0.942829 0.986911 0.967115 0.938005 0.752635 0.867238 0.638532 0.808067 0.779306 0.982472 0.988092 0.955273 0.714111 0.967116 0.795672 0.985688 0.962923 0.958684 0.837252
0.328696 0.410591 0.974925 0.726963 0.888408 0.781654 0.978436 0.894276 0.494474 0.710764 0.455959 0.373249 0.672448 0.390273 0.857906 0.968562 0.309020 0.000000 0.440765 0.350990 0.775386 0.899232 0.801071 0.712441 0.862626 0.904612 0.823412 0.995105 0.684792 0.550872 0.992028 0.876218 0.533118 0.551188 0.962215 0.961990 0.835882 0.866606 0.714728 0.854931 0.918056 0.801623 0.957154 0.757337 0.997909 0.851237 0.755007 0.633530 0.784502 0.759524 0.977568 0.927452 0.797654 0.706282 0.585664 0.521326 0.373736 0.360216 0.563991 0.675504 0.952084 0.856722 0.423767 0.391587 0.891798 0.927206 0.747700 0.879976 0.460110 0.531700 0.782474 0.693591 0.849358 0.854393 0.894177 0.940902 0.928064 0.878708 0.538372 0.560809 0.311719 0.410914 0.497214 0.371130 0.462622 0.505033 0.814707 0.570479 0.882936 0.490762 0.661441 0.618478 0.764697 0.611368 0.833625 0.859365 0.977077 0.904511 0.897494 0.916353 0.863479 0.756666 0.944469 0.691452 0.767927 0.691957 0.932602 0.957850 0.839467 0.717845 0.982070 0.928401 0.954024 0.868812 0.971197 0.820907
0.474554 0.470100 0.741531 0.700489 0.977277 0.796778 0.773723 0.794952 0.741896 0.872965 0.704983 0.446373 0.560239 0.498087 0.608968 0.840591 0.541080 0.440765 0.000000 0.394548 0.740631 0.875059 0.429611 0.675856 0.775155 0.866844 0.741663 0.867829 0.618824 0.613308 0.631785 0.655942 0.414409 0.444030 0.793662 0.928318 0.775233 0.985121 0.743417 0.986690 0.910260 0.886672 0.630996 0.499523 0.763786 0.602628 0.462322 0.396406 0.609894 0.573412 0.745326 0.664182 0.987015 0.883057 0.565546 0.484763 0.513479 0.502056 0.440444 0.529578 0.707077 0.917474 0.502062 0.478735 0.630549 0.917207 0.569573 0.622603 0.597509 0.718341 0.984088 0.858715 0.937799 0.973474 0.900189 0.977864 0.750617 0.999466 0.542811 0.556896 0.485610 0.557919 0.542735 0.507376 0.385788 0.477240 0.800091 0.709353 0.805706 0.468935 0.796181 0.867810 0.846493 0.662985 0.721971 0.799164 0.895000 0.817675 0.794112 0.743055 0.855301 0.876904 0.840793 0.663253 0.689922 0.542720 0.935435 0.907715 0.955044 0.691712 0.832059 0.804294 0.838140 0.761437 0.764276 0.904694
0.325159 0.333412 0.739167 0.687607 0.746914 0.842387 0.963522 0.959485 0.591749 0.646656 0.524679 0.442566 0.705216 0.493619 0.811518 0.948928 0.420287 0.350990 0.394548 0.000000 0.678389 0.843399 0.698654 0.670189 0.650032 0.713277 0.638385 0.976542 0.770135 0.677068 0.834015 0.827820 0.566624 0.620899 0.870534 0.986499 0.708650 0.789586 0.662802 0.910658 0.931193 0.747031 0.901706 0.713791 0.909904 0.926179 0.673785 0.614472 0.885619 0.844539 0.932510 0.989976 0.674539 0.546817 0.619838 0.642303 0.358004 0.349321 0.592447 0.581454 0.965506 0.895618 0.627279 0.544637 0.660939 0.951056 0.817874 0.930775 0.390647 0.504631 0.814061 0.708169 0.985572 0.883433 0.903013 0.946345 0.808810 0.899172 0.582200 0.579363 0.373808 0.362294 0.575464 0.360918 0.439655 0.460714 0.972189 0.680442 0.869969 0.432669 0.605501 0.657084 0.765079 0.627183 0.857038 0.837643 0.971799 0.882634 0.890286 0.936831 0.719428 0.718421 0.993676 0.737743 0.758600 0.682865 0.993407 0.944135 0.986578 0.685639 0.920164 0.995377 0.926335 0.914758 0.968567 0.781009
0.601556 0.620522 0.679506 0.657515 0.797674 0.891016 0.958807 0.905275 0.934061 0.794938 0.752362 0.708082 0.784982 0.823389 0.830946 0.901699 0.771537 0.775386 0.740631 0.678389 0.000000 0.911492 0.808629 0.854640 0.603182 0.696055 0.826070 0.901659 0.930356 0.985157 0.858386 0.714912 0.716087 0.765687 0.945536 0.878675 0.800875 0.799437 0.739335 0.842332 0.981578 0.723081 0.901842 0.754529 0.926003 0.994931 0.822703 0.745421 0.988839 0.937121 0.964918 0.987283 0.877693 0.738919 0.771591 0.915945 0.580234 0.624674 0.799744 0.673562 0.988160 0.990281 0.870971 0.822312 0.632579 0.864271 0.956220 0.891213 0.588954 0.760486 0.877895 0.877699 0.907105 0.877858 0.943893 0.969433 0.801220 0.861890 0.783603 0.709955 0.730296 0.721455 0.753971 0.769102 0.752751 0.692465 0.892160 0.950109 0.886656 0.730369 0.808367 0.802358 0.975339 0.840850 0.910082 0.992792 0.922821 0.905003 0.965936 0.956709 0.774994 0.775776 0.996079 0.864826 0.840121 0.758876 0.873347 0.971879 0.946423 0.793461 0.987260 0.800831 0.949271 0.668004 0.721577 0.758416
0.875398 0.915093 0.958425 0.904935 0.902202 0.846018 0.949777 0.859721 0.795811 0.898448 0.982069 0.871543 0.911447 0.992125 0.948038 0.972147 0.857699 0.899232 0.875059 0.843399 0.911492 0.000000 0.874806 0.942733 0.888606 0.891504 0.928612 0.919308 0.815001 0.954082 0.983582 0.956280 0.956353 0.834532 0.905147 0.861715 0.997130 0.999894 0.984121 0.861090 0.876574 0.978933 0.911439 0.927521 0.988992 0.934468 0.799521 0.844226 0.935976 0.975777 0.997528 0.984491 0.937317 0.865103 0.881965 0.919384 0.942919 0.961675 0.906337 0.896226 0.931846 0.933390 0.988304 0.972035 0.935153 0.977168 0.910744 0.986233 0.868773 0.984252 0.971748 0.945393 0.985608 0.903624 0.978752 0.925673 0.913852 0.844453 0.914579 0.846078 0.838992 0.880796 0.913773 0.942807 0.924583 0.915139 0.948319 0.872507 0.983216 0.870527 0.892284 0.917118 0.973565 0.937622 0.989465 0.901452 0.996137 0.951324 0.937998 0.882816 0.972029 0.895247 0.957630 0.981230 0.949470 0.955532 0.961970 0.917461 0.978253 0.862696 0.994899 0.955813 0.906271 0.949607 0.955430 0.977950
0.787803 0.766489 0.662422 0.742687 0.794549 0.986767 0.532201 0.616381 0.892834 0.826342 0.956636 0.560552 0.499555 0.683895 0.429203 0.587121 0.872827 0.801071 0.429611 0.698654 0.808629 0.874806 0.000000 0.665592 0.845437 0.896174 0.868082 0.737152 0.600868 0.685601 0.411459 0.481309 0.531164 0.519008 0.776726 0.965380 0.868693 0.958370 0.853969 0.976593 0.806230 0.972941 0.512300 0.483716 0.649793 0.553964 0.455218 0.466575 0.614130 0.616986 0.679989 0.600329 0.828079 0.903184 0.637403 0.646142 0.874624 0.835263 0.542416 0.654009 0.481827 0.611881 0.700380 0.658589 0.554814 0.742703 0.508362 0.488028 0.874503 0.970754 0.680726 0.813681 0.739595 0.852270 0.948308 0.879254 0.606992 0.838809 0.716952 0.655115 0.826705 0.878832 0.677332 0.835551 0.542393 0.650779 0.934261 0.871151 0.836505 0.649448 0.976494 0.975643 0.922064 0.806034 0.722278 0.960332 0.836311 0.852260 0.626587 0.550476 0.991591 0.869806 0.807105 0.822656 0.740318 0.571043 0.931448 0.994462 0.896128 0.798762 0.771670 0.833969 0.683326 0.793886 0.504668 0.979878
0.607026 0.609344 0.692024 0.484255 0.976301 0.936552 0.979198 0.739087 0.773398 0.727668 0.924440 0.627223 0.649055 0.540666 0.762283 0.623287 0.886475 0.712441 0.675856 0.670189 0.854640 0.942733 0.665592 0.000000 0.562232 0.613210 0.678092 0.919673 0.933948 0.932194 0.902248 0.731770 0.875615 0.831693 0.848502 0.977145 0.767605 0.777754 0.583808 0.856319 0.863959 0.820513 0.863215 0.983697 0.733709 0.839077 0.924597 0.890885 0.802479 0.867584 0.797295 0.898632 0.692246 0.664486 0.862727 0.855181 0.632854 0.629559 0.674639 0.603604 0.941713 0.864834 0.912572 0.884405 0.585842 0.553616 0.862974 0.854428 0.652855 0.661700 0.870082 0.855460 0.829833 0.755404 0.976110 0.828798 0.925191 0.836098 0.865204 0.832236 0.825101 0.686567 0.673920 0.634054 0.655461 0.384493 0.828990 0.759625 0.690001 0.505443 0.623156 0.558130 0.771723 0.658044 0.957241 0.901269 0.985817 0.845985 0.852091 0.922096 0.675036 0.771148 0.811537 0.970674 0.939777 0.891349 0.870556 0.843975 0.958258 0.872798 0.904718 0.761598 0.894693 0.975899 0.865704 0.809645
0.584645 0.508487 0.456548 0.465251 0.739789 0.993529 0.741857 0.992483 0.846365 0.540693 0.903801 0.789049 0.826368 0.796975 0.920782 0.822863 0.963045 0.862626 0.775155 0.650032 0.603182 0.888606 0.845437 0.562232 0.000000 0.302295 0.570725 0.878374 0.686651 0.793208 0.873173 0.778184 0.964734 0.986097 0.837014 0.892338 0.652355 0.748984 0.574707 0.871109 0.862751 0.737980 0.994847 0.961482 0.547267 0.665711 0.940556 0.957599 0.640039 0.723901 0.610712 0.715654 0.511168 0.446273 0.921863 0.989490 0.579252 0.592624 0.865809 0.597725 0.736834 0.970413 0.732350 0.859566 0.386384 0.606980 0.863497 0.784994 0.499270 0.661862 0.901165 0.851309 0.929928 0.843346 0.928193 0.948420 0.832025 0.923356 0.875726 0.787218 0.867476 0.632497 0.927407 0.646593 0.786417 0.482003 0.919598 0.967901 0.840069 0.539690 0.499472 0.680475 0.833068 0.824268 0.986628 0.887988 0.896399 0.909215 0.760597 0.859700 0.557485 0.719771 0.823943 0.959203 0.914431 0.828069 0.852600 0.896873 0.976754 0.837260 0.980990 0.667381 0.865312 0.978726 0.889933 0.826570
0.656821 0.555004 0.490798 0.461473 0.771873 0.913598 0.854916 0.905874 0.932656 0.668600 0.888324 0.825591 0.832322 0.794534 0.908280 0.855407 0.992321 0.904612 0.866844 0.713277 0.696055 0.891504 0.896174 0.613210 0.302295 0.000000 0.618357 0.860917 0.736476 0.839706 0.853287 0.834674 0.994664 0.973329 0.867772 0.867445 0.668158 0.673128 0.567778 0.982217 0.993952 0.614257 0.985877 0.997268 0.559785 0.648365 0.978653 0.960699 0.655455 0.725839 0.631977 0.715713 0.576325 0.529746 0.918907 0.979358 0.664750 0.620738 0.999942 0.688267 0.774533 0.930415 0.763379 0.876236 0.472436 0.632247 0.804425 0.753410 0.523796 0.658172 0.972098 0.927361 0.980942 0.923511 0.888682 0.978086 0.791165 0.975989 0.889362 0.807832 0.904077 0.717409 0.995019 0.695769 0.885939 0.604431 0.887353 0.964408 0.757504 0.636412 0.609477 0.776378 0.923546 0.917403 0.961724 0.900508 0.794592 0.955484 0.855529 0.829601 0.627964 0.823039 0.807788 0.957686 0.848979 0.848707 0.831026 0.984586 0.998873 0.839742 0.922536 0.723684 0.944513 0.889211 0.905661 0.873174
0.699086 0.657598 0.702617 0.635963 0.845226 0.909780 0.901492 0.917364 0.807963 0.710595 0.876715 0.733225 0.847134 0.838015 0.943164 0.955638 0.851800 0.823412 0.741663 0.638385 0.826070 0.928612 0.868082 0.678092 0.570725 0.618357 0.000000 0.768193 0.904768 0.982038 0.908216 0.924143 0.998712 0.916172 0.966889 0.951607 0.627852 0.804215 0.764333 0.852359 0.940015 0.859045 0.991116 0.878136 0.755710 0.857488 0.870827 0.868963 0.864621 0.919665 0.783575 0.885477 0.696661 0.673872 0.821721 0.877124 0.681448 0.681362 0.856161 0.708310 0.885754 0.976432 0.981511 0.909602 0.725095 0.803692 0.994093 0.926087 0.699430 0.718844 0.931476 0.979536 0.945540 0.971707 0.908198 0.957432 0.850288 0.992947 0.908573 0.955825 0.925943 0.731459 0.882900 0.663450 0.824345 0.621720 0.923370 0.846901 0.857305 0.578220 0.731852 0.855602 0.879391 0.952460 0.931425 0.853329 0.871529 0.804465 0.905030 0.958234 0.791457 0.848810 0.984739 0.913919 0.777756 0.822789 0.970189 0.940941 0.902677 0.796220 0.847964 0.852968 0.993706 0.905984 0.922916 0.935382
0.996096 0.945271 0.948226 0.977126 0.921705 0.722116 0.778926 0.879998 0.974122 0.844082 0.952211 0.899903 0.745921 0.774364 0.793152 0.812220 0.982132 0.995105 0.867829 0.976542 0.901659 0.919308 0.737152 0.919673 0.878374 0.860917 0.768193 0.000000 0.879717 0.854546 0.839502 0.809443 0.766148 0.841419 0.923242 0.990174 0.843336 0.822835 0.904997 0.794514 0.950043 0.736419 0.945491 0.951121 0.809512 0.785795 0.830342 0.836111 0.798390 0.755802 0.755240 0.735533 0.894001 0.849727 0.841329 0.867334 0.982583 0.970852 0.763310 0.855484 0.684410 0.876803 0.770342 0.887553 0.971647 0.966740 0.716072 0.752283 0.920781 0.812747 0.967186 0.946476 0.914657 0.899528 0.948436 0.987832 0.881561 0.987256 0.951708 0.881138 0.965370 0.912680 0.778014 0.986454 0.891946 0.957741 0.880965 0.927720 0.959596 0.947470 0.984081 0.981538 0.934392 0.840533 0.991093 0.936487 0.992334 0.904679 0.850511 0.858204 0.977940 0.884382 0.901736 0.947579 0.908345 0.977015 0.999668 0.864337 0.902762 0.958278 0.990689 0.957303 0.926364 0.964470 0.972669 0.939818
0.908442 0.875816 0.932342 0.949479 0.836706 0.974127 0.569522 0.755905 0.990561 0.688349 0.868427 0.641886 0.774750 0.762991 0.607816 0.826353 0.602971 0.684792 0.618824 0.770135 0.930356 0.815001 0.600868 0.933948 0.686651 0.736476 0.904768 0.879717 0.000000 0.359529 0.639683 0.731194 0.517225 0.408972 0.938962 0.917785 0.970783 0.955441 0.965378 0.984948 0.984767 0.993917 0.611739 0.507759 0.509792 0.463660 0.590403 0.503871 0.443984 0.485038 0.473781 0.501151 0.625732 0.667577 0.672015 0.630511 0.898641 0.889238 0.731847 0.998174 0.574482 0.757455 0.490417 0.466911 0.886357 0.838275 0.611272 0.630795 0.974947 0.998670 0.712746 0.850561 0.792984 0.746190 0.887533 0.886250 0.728085 0.793791 0.630462 0.751272 0.673354 0.999952 0.663632 0.992115 0.820608 0.958015 0.954957 0.899032 0.963405 0.952238 0.863896 0.898374 0.930182 0.859623 0.783162 0.820152 0.958065 0.948593 0.656832 0.690997 0.801796 0.879324 0.732754 0.807490 0.726573 0.622182 0.872834 0.896098 0.896861 0.810254 0.939285 0.614161 0.685085 0.760618 0.782936 0.938692
0.764570 0.759685 0.992770 0.882012 0.924205 0.961961 0.631911 0.712161 0.844808 0.859631 0.757313 0.555818 0.731274 0.499810 0.617322 0.726415 0.475682 0.550872 0.613308 0.677068 0.985157 0.954082 0.685601 0.932194 0.793208 0.839706 0.982038 0.854546 0.359529 0.000000 0.724098 0.807133 0.517373 0.436125 0.919940 0.830342 0.812471 0.890247 0.897764 0.907545 0.958786 0.939310 0.836517 0.622573 0.716149 0.629414 0.688674 0.585288 0.606320 0.608641 0.640367 0.613485 0.800744 0.808258 0.601641 0.558444 0.777575 0.731281 0.708103 0.961590 0.594915 0.762099 0.485344 0.418254 0.880365 0.952157 0.679214 0.717223 0.890174 0.874739 0.899880 0.957563 0.845700 0.849459 0.915532 0.887429 0.747965 0.908276 0.605635 0.645807 0.557901 0.867338 0.579453 0.773901 0.819182 0.893027 0.860877 0.804131 0.885157 0.863092 0.964923 0.906373 0.842577 0.737141 0.841448 0.862051 0.970650 0.931979 0.871785 0.850236 0.896240 0.984308 0.889211 0.821623 0.774616 0.705457 0.865148 0.920081 0.956984 0.849683 0.956555 0.659512 0.840264 0.872633 0.866614 0.945240
0.977565 0.850317 0.646550 0.748652 0.833922 0.819489 0.555871 0.610312 0.729967 0.618081 0.971405 0.734678 0.668619 0.874964 0.461929 0.599774 0.923988 0.992028 0.631785 0.834015 0.858386 0.983582 0.411459 0.902248 0.873173 0.853287 0.908216 0.839502 0.639683 0.724098 0.000000 0.526485 0.548187 0.521497 0.802080 0.973895 0.834769 0.963800 0.901039 0.987782 0.833857 0.904573 0.456822 0.459173 0.679354 0.590480 0.514432 0.528205 0.668000 0.655865 0.630097 0.582238 0.754481 0.812794 0.739632 0.744162 0.968665 0.931990 0.723099 0.812297 0.559030 0.538701 0.841269 0.751494 0.657396 0.831060 0.651308 0.599307 0.980853 0.935569 0.578974 0.680122 0.704178 0.746821 0.998748 0.778523 0.541122 0.654538 0.692124 0.775620 0.961537 0.881683 0.884939 0.941534 0.857356 0.899642 0.820057 0.872572 0.902737 0.881698 0.982797 0.884112 0.917407 0.889794 0.751433 0.897821 0.756901 0.932241 0.592128 0.558921 0.960742 0.864916 0.811365 0.935585 0.827991 0.657055 0.749714 0.870695 0.777011 0.877713 0.767546 0.780714 0.656338 0.850271 0.547726 0.815346
0.810802 0.790134 0.662329 0.714099 0.995869 0.915609 0.760924 0.758466 0.928413 0.800972 0.965901 0.679863 0.654968 0.786097 0.626006 0.677960 0.909729 0.876218 0.655942 0.827820 0.714912 0.956280 0.481309 0.731770 0.778184 0.834674 0.924143 0.809443 0.731194 0.807133 0.526485 0.000000 0.583451 0.635706 0.941937 0.916875 0.949822 0.932940 0.873503 0.904498 0.848047 0.854972 0.721202 0.627461 0.806732 0.700909 0.529217 0.622508 0.720810 0.761815 0.753064 0.688699 0.931345 0.997416 0.710043 0.707410 0.779276 0.800852 0.631703 0.692986 0.700410 0.716636 0.801204 0.785202 0.713198 0.877817 0.755051 0.732740 0.820554 0.944135 0.866239 0.818826 0.933599 0.957208 0.939430 0.990395 0.676434 0.876236 0.723431 0.715985 0.849338 0.964897 0.708613 0.918211 0.797290 0.794478 0.843915 0.936515 0.959141 0.739545 0.859802 0.875473 0.833910 0.771674 0.887447 0.954581 0.809916 0.827128 0.764951 0.798508 0.896449 0.998075 0.901935 0.900621 0.909686 0.679958 0.953560 0.989881 0.955293 0.888361 0.904476 0.987483 0.728813 0.836355 0.655896 0.980546
0.591766 0.623460 0.856844 0.804316 0.994637 0.885633 0.671225 0.749761 0.886669 0.875822 0.746084 0.536674 0.649780 0.617491 0.573855 0.872852 0.522280 0.533118 0.414409 0.566624 0.716087 0.956353 0.531164 0.875615 0.964734 0.994664 0.998712 0.766148 0.517225 0.517373 0.548187 0.583451 0.000000 0.402200 0.751557 0.994278 0.973182 0.965779 0.901745 0.944191 0.909669 0.867966 0.641306 0.446452 0.614500 0.482697 0.474483 0.396690 0.482748 0.455027 0.540443 0.502570 0.797825 0.893523 0.603845 0.481302 0.599391 0.603868 0.500916 0.674462 0.597509 0.850828 0.447996 0.441098 0.819072 0.911517 0.512378 0.648114 0.737022 0.834222 0.937241 0.954694 0.995678 0.930080 0.880683 0.964171 0.699098 0.840993 0.511915 0.579207 0.541630 0.774773 0.602672 0.692163 0.596238 0.723929 0.996426 0.857486 0.917633 0.681379 0.884879 0.974349 0.902887 0.730474 0.762727 0.852194 0.896664 0.897972 0.664519 0.681150 0.951608 0.891220 0.762206 0.652026 0.716947 0.597828 0.986363 0.982699 0.986682 0.748447 0.821753 0.780968 0.752805 0.670522 0.719138 0.948219
0.674872 0.627361 0.819900 0.741430 0.879642 0.992750 0.534266 0.582336 0.909584 0.776863 0.800627 0.495709 0.575502 0.570890 0.541167 0.724522 0.561129 0.551188 0.444030 0.620899 0.765687 0.834532 0.519008 0.831693 0.986097 0.973329 0.916172 0.841419 0.408972 0.436125 0.521497 0.635706 0.402200 0.000000 0.854903 0.841385 0.841810 0.947877 0.808346 0.958882 0.880751 0.820235 0.575639 0.393103 0.600719 0.494777 0.476334 0.401514 0.520411 0.503299 0.545004 0.497840 0.742705 0.811306 0.566413 0.491150 0.691584 0.670650 0.490441 0.730564 0.509203 0.654004 0.451655 0.407523 0.823900 0.969666 0.493153 0.556418 0.832574 0.855305 0.797560 0.902189 0.890940 0.801461 0.923778 0.908046 0.604005 0.718838 0.530365 0.595355 0.643914 0.911787 0.639556 0.790146 0.735380 0.766158 0.973673 0.924851 0.823383 0.725873 0.919286 0.957774 0.893583 0.717803 0.766517 0.762308 0.830689 0.817343 0.623328 0.612349 0.984575 0.940074 0.781701 0.713398 0.750859 0.552643 0.816213 0.982541 0.947954 0.715121 0.872132 0.766784 0.766737 0.688725 0.603023 0.903445
0.868471 0.831436 0.726534 0.824271 0.912286 0.873609 0.841558 0.879552 0.915167 0.991452 0.961862 0.908090 0.772149 0.871218 0.674425 0.920572 0.993543 0.962215 0.793662 0.870534 0.945536 0.905147 0.776726 0.848502 0.837014 0.867772 0.966889 0.923242 0.938962 0.919940 0.802080 0.941937 0.751557 0.854903 0.000000 0.973982 0.994610 0.811505 0.948036 0.848475 0.765002 0.965454 0.730841 0.752362 0.848804 0.835805 0.762359 0.746748 0.897235 0.792619 0.814454 0.816650 0.919635 0.973145 0.883915 0.793155 0.863922 0.872312 0.780304 0.768956 0.787142 0.822785 0.923339 0.933326 0.739176 0.899205 0.764871 0.841419 0.962395 0.950573 0.860126 0.936573 0.994759 0.909059 0.902974 0.991912 0.665313 0.896187 0.887329 0.877287 0.927284 0.933856 0.941925 0.914194 0.832537 0.837476 0.901035 0.928535 0.883594 0.823802 0.898046 0.995273 0.973182 0.815760 0.955619 0.908833 0.866112 0.983790 0.830006 0.777931 0.760046 0.952447 0.904288 0.814839 0.850098 0.943267 0.919698 0.893241 0.988483 0.892187 0.888416 0.844610 0.788781 0.874879 0.775334 0.983656
0.926831 0.938478 0.855662 0.893094 0.759306 0.957282 0.927336 0.989382 0.826430 0.992607 0.957071 0.961948 0.998021 0.867328 0.927554 0.987174 0.951835 0.961990 0.928318 0.986499 0.878675 0.861715 0.965380 0.977145 0.892338 0.867445 0.951607 0.990174 0.917785 0.830342 0.973895 0.916875 0.994278 0.841385 0.973982 0.000000 0.922756 0.994233 0.931452 0.958112 0.745995 0.933873 0.976132 0.932770 0.826225 0.879728 0.931671 0.856691 0.930593 0.888309 0.846533 0.877239 0.816330 0.774824 0.893473 0.825374 0.873928 0.919995 0.893710 0.914992 0.888275 0.942455 0.879447 0.924571 0.901072 0.974780 0.821484 0.756221 0.837297 0.962451 0.958652 0.957587 0.951009 0.994339 0.850919 0.930463 0.945356 0.995861 0.985663 0.985186 0.951421 0.915425 0.920421 0.952064 0.957328 0.884626 0.826198 0.813292 0.974532 0.865802 0.939222 0.918554 0.907057 0.962521 0.979113 0.831755 0.920895 0.747362 0.908251 0.794428 0.866905 0.922813 0.893109 0.771134 0.956931 0.944679 0.984007 0.997905 0.931371 0.957988 0.939858 0.773420 0.953325 0.996359 0.958407 0.855625
0.783960 0.687943 0.591918 0.538726 0.874327 0.891612 0.951806 0.867799 0.936930 0.751488 0.945814 0.784760 0.952304 0.787060 0.812376 0.754026 0.805385 0.835882 0.775233 0.708650 0.800875 0.997130 0.868693 0.767605 0.652355 0.668158 0.627852 0.843336 0.970783 0.812471 0.834769 0.949822 0.973182 0.841810 0.994610 0.922756 0.000000 0.724442 0.659941 0.817319 0.992715 0.833388 0.942975 0.879135 0.747642 0.825152 0.960843 0.911446 0.792039 0.841904 0.773357 0.874175 0.726227 0.738270 0.826926 0.946730 0.757722 0.743468 0.941081 0.995331 0.889632 0.947764 0.880326 0.955262 0.634129 0.717058 0.848387 0.880521 0.705402 0.796486 0.967144 0.868715 0.829886 0.976546 0.908257 0.848665 0.851206 0.960712 0.809597 0.892059 0.854707 0.820078 0.887899 0.790128 0.898836 0.714922 0.955475 0.953828 0.820922 0.777875 0.724563 0.762704 0.696919 0.802730 0.974274 0.896716 0.992447 0.873173 0.834438 0.973058 0.697696 0.820703 0.881044 0.940591 0.772316 0.806000 0.807666 0.943872 0.829725 0.993658 0.804173 0.978475 0.915571 0.989495 0.856284 0.907206
0.858716 0.778034 0.838858 0.680019 0.867523 0.870741 0.925904 0.821544 0.924034 0.808427 0.975994 0.804362 0.958725 0.799709 0.957363 0.803837 0.889314 0.866606 0.985121 0.789586 0.799437 0.999894 0.958370 0.777754 0.748984 0.673128 0.804215 0.822835 0.955441 0.890247 0.963800 0.932940 0.965779 0.947877 0.811505 0.994233 0.724442 0.000000 0.719048 0.988193 0.890286 0.639441 0.878318 0.941833 0.708345 0.715210 0.830876 0.793624 0.755667 0.717491 0.760666 0.718200 0.801548 0.777434 0.957195 0.928538 0.780266 0.772000 0.811656 0.930680 0.846381 0.862043 0.913508 0.952325 0.834202 0.723905 0.740263 0.753637 0.692058 0.681866 0.971740 0.958631 0.856433 0.931956 0.907821 0.888124 0.995473 0.936972 0.776094 0.916450 0.891516 0.779178 0.806673 0.846604 0.952490 0.866756 0.813270 0.957284 0.791027 0.849861 0.825688 0.706440 0.911198 0.875241 0.939530 0.926411 0.923154 0.895139 0.797262 0.792449 0.846826 0.811919 0.754202 0.974557 0.963691 0.922703 0.890290 0.746146 0.886013 0.934642 0.823857 0.730422 0.826399 0.857483 0.913966 0.787081
