0.000000 0.245265 0.667144 0.705319 0.595886 0.647341 0.831434 0.869930 0.495556 0.465662 0.418529 0.382983 0.559264 0.535010 0.778262 0.937880 0.383031 0.317205 0.416557 0.284745 0.627909 0.924378 0.884033 0.584990 0.589682 0.815851 0.675521 0.913608 0.742901 0.725522 0.881263 0.902979 0.577920 0.724848 0.868804 0.892626 0.902774 0.976488 0.773870 0.923075 0.904665 0.845839 0.974825 0.881185 0.837421 0.982575 0.692159 0.663003 0.893026 0.900396 0.894529 0.937368 0.612343 0.412795 0.638500 0.617967 0.224070 0.244701 0.450184 0.384093 0.881219 0.846683 0.561309 0.558659 0.435427 0.771621 0.771909 0.975239 0.321182 0.523499 0.598416 0.592405 0.703048 0.616872 0.977519 0.841815 0.970112 0.835548 0.590686 0.484202 0.321171 0.291741 0.546573 0.317465 0.323110 0.285338 0.903876 0.598335 0.748591 0.379913 0.490509 0.579253 0.644073 0.671376 0.917552 0.881064 0.784802 0.971848 0.873803 0.915835 0.595463 0.665086 0.964073 0.754532 0.900814 0.935858 0.942159 0.936377 0.729004 0.770931 0.855037 0.914881 0.856048 0.850408 0.933489 0.718926
0.245265 0.000000 0.571553 0.555455 0.585352 0.715935 0.845508 0.958326 0.590030 0.535277 0.524722 0.434016 0.643504 0.557317 0.728030 0.952635 0.418600 0.377735 0.416470 0.282195 0.638738 0.949156 0.832144 0.587295 0.503101 0.691299 0.619681 0.903483 0.735404 0.719767 0.970768 0.854111 0.603047 0.664738 0.825544 0.888499 0.810453 0.877150 0.646215 0.966370 0.950176 0.785530 0.919382 0.811805 0.791200 0.994394 0.658548 0.665091 0.932534 0.912997 0.885688 0.960090 0.609053 0.436715 0.697692 0.658199 0.239013 0.213046 0.494422 0.451518 0.956012 0.892861 0.677607 0.597246 0.409820 0.778552 0.850145 0.984544 0.309393 0.482542 0.754311 0.646964 0.796024 0.680087 0.998978 0.856331 0.888842 0.878142 0.562793 0.494678 0.338718 0.337636 0.612124 0.348380 0.437870 0.361666 0.982720 0.714481 0.778807 0.427110 0.427472 0.540809 0.572003 0.650268 0.962180 0.938184 0.792737 0.955629 0.824035 0.923236 0.497826 0.629993 0.911898 0.830394 0.950767 0.880337 0.906471 0.963502 0.815200 0.727703 0.905297 0.899901 0.893379 0.861291 0.929951 0.729970
0.667144 0.571553 0.000000 0.327830 0.769976 0.960597 0.790355 0.703863 0.955645 0.849420 0.887057 0.691091 0.602484 0.781747 0.634176 0.731423 0.890982 0.838399 0.654817 0.692588 0.640269 0.950025 0.669790 0.672843 0.434055 0.495910 0.687436 0.997377 0.911318 0.924440 0.671093 0.651307 0.741106 0.742055 0.739182 0.837185 0.603342 0.847952 0.810739 0.828751 0.935484 0.783955 0.735391 0.746523 0.869484 0.976819 0.768221 0.796604 0.929595 0.957723 0.936223 0.971839 0.799393 0.778290 0.776200 0.872432 0.631655 0.601836 0.776153 0.671066 0.859508 0.768691 0.959984 0.948045 0.431060 0.544661 0.849563 0.929586 0.579953 0.714734 0.812392 0.814558 0.879443 0.913811 0.938178 0.855468 0.668016 0.805304 0.769980 0.660498 0.814233 0.730935 0.895668 0.810271 0.819463 0.660478 0.842685 0.832170 0.775232 0.750937 0.805960 0.976454 0.889306 0.962864 0.876160 0.973398 0.646305 0.773985 0.850385 0.776794 0.632950 0.995307 0.995770 0.947608 0.855018 0.769040 0.699942 0.913649 0.945838 0.812793 0.824007 0.951078 0.833449 0.749949 0.585319 0.982212
0.705319 0.555455 0.327830 0.000000 0.734488 0.973766 0.910837 0.592005 0.989338 0.878915 0.986363 0.736782 0.734706 0.673897 0.723010 0.636376 0.870633 0.823729 0.714672 0.767913 0.688969 0.930265 0.790424 0.537342 0.435920 0.466849 0.686866 0.976150 0.960778 0.918514 0.725832 0.693027 0.801169 0.750296 0.693971 0.898494 0.541234 0.754524 0.627675 0.750466 0.881176 0.736198 0.823208 0.791240 0.818957 0.938725 0.855511 0.859320 0.864202 0.984574 0.952194 0.945070 0.853909 0.849123 0.853942 0.875734 0.611607 0.583387 0.779045 0.697801 0.951567 0.765057 0.962550 0.912387 0.558806 0.543760 0.914111 0.966179 0.634875 0.627324 0.870015 0.965373 0.957322 0.992728 0.975344 0.973940 0.739556 0.888265 0.718939 0.724534 0.831473 0.800285 0.934546 0.785616 0.944540 0.642698 0.894637 0.828771 0.769446 0.761420 0.696304 0.758049 0.796578 0.818116 0.959331 0.937848 0.799437 0.725260 0.963220 0.878134 0.529985 0.841836 0.908110 0.919001 0.975946 0.834349 0.701519 0.931937 0.997229 0.816759 0.940354 0.861423 0.861963 0.752675 0.706616 0.923717
0.595886 0.585352 0.769976 0.734488 0.000000 0.808154 0.660603 0.834372 0.683844 0.633543 0.776206 0.828496 0.957976 0.858354 0.943533 0.861007 0.732387 0.715778 0.854556 0.597412 0.742608 0.975652 0.844537 0.835413 0.670626 0.743920 0.835286 0.897489 0.945856 0.969121 0.861418 0.985382 0.943267 0.954736 0.958349 0.714110 0.844586 0.817553 0.843017 0.978262 0.888159 0.750568 0.899774 0.948765 0.667725 0.782185 0.949335 0.959753 0.808660 0.833839 0.688724 0.715300 0.551717 0.470885 0.939486 0.946010 0.511868 0.560883 0.885116 0.729322 0.780961 0.793203 0.985174 0.911373 0.697394 0.974265 0.884621 0.736951 0.520569 0.563616 0.711793 0.653933 0.821329 0.761720 0.925919 0.961802 0.962415 0.811812 0.787500 0.808837 0.645718 0.625958 0.837355 0.684932 0.833163 0.747379 0.980931 0.926618 0.992094 0.750685 0.578670 0.577374 0.724992 0.721424 0.986686 0.933935 0.897317 0.989246 0.723619 0.752070 0.607121 0.615423 0.801952 0.993939 0.872634 0.882984 0.966672 0.916746 0.821320 0.899638 0.935808 0.757190 0.883390 0.927538 0.880989 0.787150
0.647341 0.715935 0.960597 0.973766 0.808154 0.000000 0.797869 0.768713 0.609402 0.690284 0.649907 0.732072 0.901147 0.775278 0.945586 0.833972 0.650003 0.652136 0.719497 0.712905 0.892215 0.959380 0.956637 0.844103 0.946621 0.865832 0.986820 0.825786 0.838418 0.918797 0.758868 0.885800 0.849226 0.977473 0.912758 0.954255 0.804775 0.826587 0.995143 0.769844 0.732667 0.800498 0.836108 0.866817 0.940464 0.982241 0.919153 0.904660 0.909750 0.930284 0.976581 0.920715 0.799794 0.721176 0.900863 0.795514 0.620016 0.654163 0.730247 0.797446 0.963896 0.768718 0.745435 0.799776 0.751389 0.961116 0.870999 0.982244 0.757342 0.892179 0.683077 0.590359 0.645728 0.727560 0.917705 0.868219 0.797046 0.730146 0.908845 0.937514 0.700786 0.673292 0.746338 0.658912 0.632050 0.665857 0.766721 0.832155 0.950728 0.742277 0.694847 0.787395 0.859732 0.801876 0.998877 0.990250 0.943136 0.978760 0.868359 0.872833 0.850344 0.821353 0.913320 0.943301 0.964651 0.906654 0.909673 0.811663 0.727033 0.815654 0.935076 0.979373 0.921365 0.882346 0.848645 0.734450
0.831434 0.845508 0.790355 0.910837 0.660603 0.797869 0.000000 0.347685 0.641018 0.476575 0.916233 0.808981 0.615270 0.916214 0.518488 0.698453 0.954084 0.956333 0.762973 0.907653 0.938738 0.965491 0.458468 0.986977 0.762018 0.840007 0.905118 0.829173 0.563831 0.670406 0.541234 0.729407 0.688099 0.548258 0.818557 0.909556 0.972728 0.902012 0.855730 0.993447 0.823079 0.920203 0.453499 0.536807 0.384717 0.447356 0.663317 0.696504 0.489852 0.478000 0.391944 0.432448 0.474846 0.478991 0.811956 0.750726 0.831039 0.843307 0.782537 0.945892 0.333582 0.333219 0.695145 0.677128 0.870983 0.767925 0.486040 0.443156 0.715712 0.748017 0.499650 0.572435 0.647282 0.592699 0.886687 0.748589 0.651392 0.598092 0.837576 0.916604 0.862262 0.728713 0.964400 0.754482 0.985161 0.900432 0.979734 0.848223 0.865455 0.886018 0.567358 0.534853 0.812712 0.852070 0.685953 0.776965 0.725977 0.860477 0.362005 0.416990 0.787687 0.596387 0.731595 0.858592 0.713983 0.711294 0.838901 0.869593 0.777673 0.870734 0.721487 0.658263 0.437835 0.730681 0.479902 0.735614
0.869930 0.958326 0.703863 0.592005 0.834372 0.768713 0.347685 0.000000 0.662791 0.551690 0.816629 0.786120 0.624095 0.800131 0.567595 0.480022 0.921966 0.937731 0.871010 0.876583 0.993465 0.869379 0.594187 0.825792 0.928377 0.994419 0.988900 0.874214 0.789689 0.790054 0.613626 0.785819 0.805630 0.617548 0.799357 0.964416 0.947817 0.936763 0.910095 0.912517 0.730805 0.996188 0.614508 0.657705 0.632772 0.675883 0.836260 0.878379 0.746044 0.682698 0.540244 0.540346 0.593760 0.557415 0.959534 0.904912 0.937807 0.947773 0.844459 0.965927 0.428508 0.308736 0.816642 0.735955 0.831574 0.570570 0.658912 0.611376 0.762071 0.929169 0.585674 0.679689 0.744563 0.732105 0.850116 0.886874 0.682057 0.666607 0.819102 0.942574 0.819241 0.727412 0.950305 0.767235 0.877156 0.977550 0.949737 0.724633 0.788395 0.856528 0.775395 0.849998 0.940668 0.956633 0.855556 0.879810 0.820637 0.858403 0.593300 0.600480 0.930759 0.835695 0.973339 0.967958 0.866786 0.918809 0.752263 0.873835 0.828704 0.876143 0.901119 0.924925 0.567670 0.737977 0.552425 0.883500
0.495556 0.590030 0.955645 0.989338 0.683844 0.609402 0.641018 0.662791 0.000000 0.529860 0.635009 0.677792 0.982879 0.589901 0.823805 0.791465 0.459335 0.426725 0.648014 0.520615 0.826989 0.871756 0.869659 0.665827 0.730429 0.882051 0.797354 0.934035 0.890590 0.776186 0.752339 0.985995 0.799802 0.854772 0.959160 0.867750 0.927239 0.893730 0.814332 0.972091 0.910719 0.996980 0.873308 0.949719 0.897110 0.974809 0.790763 0.734971 0.918023 0.915466 0.878040 0.880139 0.767976 0.632751 0.702755 0.623049 0.501929 0.523451 0.589698 0.683764 0.836414 0.673851 0.706423 0.676471 0.901093 0.941613 0.857606 0.992721 0.582351 0.603043 0.583536 0.571973 0.741121 0.757761 0.999146 0.938120 0.851980 0.693737 0.757881 0.739589 0.485654 0.479766 0.592718 0.410198 0.620000 0.515139 0.780425 0.568980 0.776033 0.496885 0.517354 0.609229 0.689668 0.718428 0.971352 0.796072 0.924507 0.841142 0.800670 0.906066 0.889233 0.739447 0.892989 0.703686 0.947068 0.931568 0.860823 0.915991 0.727964 0.858401 0.917339 0.932308 0.754570 0.979713 0.801555 0.703611
0.465662 0.535277 0.849420 0.878915 0.633543 0.690284 0.476575 0.551690 0.529860 0.000000 0.606083 0.820837 0.928130 0.826680 0.856046 0.710766 0.722958 0.627611 0.847671 0.566380 0.779070 0.941090 0.726993 0.686691 0.631179 0.807159 0.724405 0.790658 0.804097 0.928175 0.532810 0.729021 0.924209 0.776591 0.928678 0.940051 0.935547 0.847600 0.834017 0.973846 0.838917 0.946394 0.561607 0.679314 0.424602 0.522056 0.834898 0.895660 0.609385 0.617802 0.442470 0.472217 0.375541 0.325541 0.934134 0.960322 0.541896 0.534435 0.906744 0.759574 0.702913 0.513486 0.961888 0.926047 0.664541 0.815252 0.794512 0.627561 0.444326 0.616628 0.470386 0.532983 0.644466 0.561814 0.882080 0.768375 0.661848 0.601852 0.975396 0.817832 0.583252 0.389809 0.757458 0.456849 0.579638 0.473447 0.836510 0.570668 0.816912 0.553129 0.573491 0.616080 0.908944 0.922300 0.806458 0.948222 0.936336 0.918812 0.499996 0.594546 0.713582 0.616923 0.764998 0.953880 0.883836 0.899013 0.921286 0.894507 0.640090 0.964767 0.914377 0.762824 0.510288 0.896394 0.734677 0.728779
0.418529 0.524722 0.887057 0.986363 0.776206 0.649907 0.916233 0.816629 0.635009 0.606083 0.000000 0.559444 0.617364 0.655671 0.889146 0.854909 0.529507 0.446309 0.603554 0.489935 0.784685 0.966984 0.939792 0.867374 0.901341 0.916457 0.884730 0.872318 0.719100 0.753332 0.765573 0.913613 0.768924 0.910850 0.947434 0.943685 0.903699 0.866796 0.988878 0.943674 0.830268 0.943636 0.891218 0.935637 0.857339 0.945471 0.926039 0.871153 0.935786 0.999140 0.845965 0.803275 0.666453 0.487923 0.812377 0.777815 0.452708 0.495759 0.694430 0.660920 0.831983 0.950630 0.637145 0.662478 0.569620 0.818944 0.937468 0.941432 0.566958 0.796732 0.601473 0.739582 0.797503 0.692839 0.928537 0.949904 0.782668 0.938054 0.714496 0.694370 0.523425 0.484653 0.675509 0.506015 0.502360 0.555815 0.749205 0.666842 0.858788 0.668194 0.720513 0.767175 0.747185 0.912934 0.945383 0.810101 0.877318 0.944261 0.797782 0.882643 0.758070 0.867410 0.908896 0.937998 0.934853 0.964512 0.886775 0.928396 0.745718 0.990922 0.879816 0.977985 0.856452 0.955081 0.940116 0.771021
0.382983 0.434016 0.691091 0.736782 0.828496 0.732072 0.808981 0.786120 0.677792 0.820837 0.559444 0.000000 0.421127 0.371655 0.492815 0.682421 0.390494 0.351990 0.369203 0.404813 0.717094 0.978140 0.620862 0.647931 0.803852 0.986167 0.774962 0.945337 0.507152 0.474567 0.833261 0.750709 0.458767 0.517438 0.802471 0.985528 0.973909 0.981397 0.867143 0.872640 0.968478 0.960686 0.779430 0.699927 0.817170 0.696924 0.590745 0.540828 0.621075 0.649756 0.727048 0.725541 0.992731 0.779639 0.513160 0.539152 0.411791 0.409973 0.408572 0.500155 0.560577 0.784185 0.378711 0.342711 0.560530 0.687599 0.604961 0.692295 0.607062 0.719020 0.888955 0.835974 0.901118 0.841142 0.817907 0.962780 0.859728 0.997753 0.479501 0.430831 0.391596 0.478197 0.502914 0.498508 0.417265 0.447934 0.889352 0.715490 0.676498 0.608964 0.685635 0.754508 0.644304 0.640546 0.907012 0.846179 0.790372 0.992390 0.881049 0.884774 0.707869 0.779313 0.926807 0.721571 0.787042 0.859147 0.977673 0.977559 0.843992 0.737093 0.756268 0.863758 0.911430 0.853792 0.695845 0.792345
0.559264 0.643504 0.602484 0.734706 0.957976 0.901147 0.615270 0.624095 0.982879 0.928130 0.617364 0.421127 0.000000 0.542908 0.461115 0.622703 0.750880 0.645093 0.557564 0.689694 0.831191 0.997206 0.567905 0.655918 0.912717 0.994306 0.841377 0.822124 0.696102 0.714562 0.834834 0.791121 0.655722 0.658321 0.827977 0.991020 0.888215 0.805336 0.950646 0.958309 0.890744 0.905754 0.872120 0.860709 0.860885 0.799602 0.751995 0.751074 0.744641 0.726908 0.735525 0.701156 0.954279 0.931460 0.661147 0.719034 0.626696 0.624749 0.522814 0.514968 0.385779 0.628180 0.512317 0.591321 0.527061 0.548431 0.609911 0.645649 0.814680 0.879348 0.948496 0.991274 0.899384 0.824335 0.995610 0.911501 0.885398 0.938595 0.742289 0.575900 0.712543 0.720551 0.746900 0.745345 0.515382 0.501723 0.763934 0.824818 0.724993 0.701720 0.901710 0.988049 0.918050 0.838469 0.939647 0.894224 0.694477 0.971030 0.776596 0.832316 0.801291 0.908042 0.970453 0.931024 0.852461 0.987977 0.999457 0.927682 0.991385 0.866402 0.715540 0.965401 0.838309 0.842427 0.675986 0.996352
0.535010 0.557317 0.781747 0.673897 0.858354 0.775278 0.916214 0.800131 0.589901 0.826680 0.655671 0.371655 0.542908 0.000000 0.633303 0.586505 0.456593 0.377374 0.465515 0.527362 0.785303 0.930225 0.718812 0.511717 0.771653 0.842190 0.825687 0.792955 0.678165 0.438287 0.879866 0.707979 0.553486 0.535981 0.822572 0.881889 0.868662 0.925556 0.717708 0.818132 0.882165 0.949066 0.919590 0.818464 0.900691 0.804914 0.723098 0.645738 0.776952 0.730603 0.821995 0.793772 0.972865 0.898482 0.558247 0.518916 0.516063 0.515425 0.535192 0.612877 0.707481 0.763555 0.476299 0.457891 0.787358 0.614729 0.682581 0.702128 0.719723 0.727976 0.911675 0.828970 0.972584 0.916658 0.890106 0.986127 0.881051 0.984467 0.607698 0.502781 0.455446 0.520295 0.494756 0.440958 0.603704 0.458156 0.747750 0.649640 0.632603 0.657058 0.639502 0.665338 0.673560 0.615932 0.864262 0.911211 0.841412 0.925503 0.961300 0.898582 0.716102 0.830104 0.994808 0.742357 0.913461 0.872953 0.966569 0.966000 0.874581 0.936312 0.802118 0.859052 0.992110 0.867191 0.826104 0.846684
0.778262 0.728030 0.634176 0.723010 0.943533 0.945586 0.518488 0.567595 0.823805 0.856046 0.889146 0.492815 0.461115 0.633303 0.000000 0.504187 0.796900 0.781972 0.602677 0.759262 0.876686 0.867831 0.434438 0.727687 0.991299 0.998954 0.953650 0.782195 0.595530 0.571003 0.568799 0.711661 0.564497 0.538779 0.718177 0.905772 0.929841 0.874396 0.914442 0.940376 0.935014 0.851534 0.641580 0.664007 0.703657 0.671961 0.656316 0.638112 0.629146 0.649729 0.604678 0.550698 0.797826 0.909479 0.641679 0.662287 0.783274 0.769995 0.636934 0.723854 0.413970 0.537101 0.608556 0.571580 0.669627 0.662190 0.652364 0.652266 0.976394 0.949248 0.833176 0.802249 0.838642 0.971048 0.884465 0.852534 0.667622 0.751831 0.684386 0.621749 0.728800 0.872871 0.796305 0.858437 0.677126 0.760325 0.930207 0.969671 0.842089 0.909674 0.994938 0.985514 0.826767 0.790758 0.839635 0.971612 0.866147 0.959963 0.674598 0.712884 0.803199 0.955838 0.924004 0.886539 0.880364 0.833743 0.812441 0.976900 0.870250 0.876210 0.774270 0.854269 0.818747 0.826257 0.548634 0.986316
0.937880 0.952635 0.731423 0.636376 0.861007 0.833972 0.698453 0.480022 0.791465 0.710766 0.854909 0.682421 0.622703 0.586505 0.504187 0.000000 0.942994 0.974157 0.908548 0.936361 0.937723 0.922913 0.640871 0.736663 0.963791 0.904032 0.972112 0.739382 0.853169 0.692001 0.616852 0.675020 0.830045 0.688260 0.896153 0.980532 0.866446 0.951157 0.797449 0.801038 0.726214 0.902037 0.847249 0.884437 0.866197 0.849256 0.926268 0.879673 0.907403 0.849309 0.713632 0.625598 0.699226 0.719764 0.894991 0.967604 0.983685 0.964232 0.851591 0.986552 0.632002 0.528338 0.843244 0.786310 0.976560 0.629810 0.867281 0.705918 0.843876 0.995959 0.709081 0.755533 0.796480 0.968859 0.804381 0.903019 0.751452 0.851874 0.820291 0.736468 0.991228 0.911882 0.866300 0.920267 0.905307 0.938647 0.943798 0.791702 0.924109 0.855245 0.930010 0.881112 0.789121 0.721983 0.916299 0.896598 0.950109 0.987156 0.839191 0.837759 0.793985 0.925932 0.937670 0.982803 0.896181 0.991397 0.817666 0.969623 0.843388 0.952627 0.966082 0.984119 0.855110 0.897883 0.697625 0.958073
0.383031 0.418600 0.890982 0.870633 0.732387 0.650003 0.954084 0.921966 0.459335 0.722958 0.529507 0.390494 0.750880 0.456593 0.796900 0.942994 0.000000 0.256455 0.403338 0.337170 0.746554 0.898817 0.833371 0.728910 0.779277 0.981377 0.792178 0.952299 0.511356 0.448505 0.946874 0.846839 0.490223 0.540476 0.914936 0.974707 0.854753 0.969758 0.801910 0.878943 0.992278 0.923388 0.868739 0.683230 0.897761 0.716961 0.567964 0.504454 0.660038 0.672634 0.842976 0.847660 0.915440 0.694853 0.623020 0.486979 0.363725 0.375690 0.457006 0.555991 0.860385 0.954043 0.453793 0.388608 0.695405 0.927151 0.674016 0.789970 0.554630 0.649565 0.805455 0.667516 0.904867 0.825259 0.911431 0.934393 0.925310 0.988171 0.468634 0.517056 0.321752 0.424037 0.465915 0.429572 0.449709 0.453242 0.908055 0.574958 0.831003 0.535771 0.572712 0.639379 0.560587 0.620947 0.882750 0.806827 0.863515 0.941227 0.983009 0.927929 0.746567 0.729846 0.884427 0.663908 0.853381 0.830799 0.966919 0.989343 0.830972 0.844164 0.878976 0.778199 0.984317 0.947442 0.956305 0.826836
0.317205 0.377735 0.838399 0.823729 0.715778 0.652136 0.956333 0.937731 0.426725 0.627611 0.446309 0.351990 0.645093 0.377374 0.781972 0.974157 0.256455 0.000000 0.343618 0.289374 0.734584 0.972322 0.834853 0.632615 0.771300 0.960789 0.838503 0.953488 0.568588 0.506759 0.942712 0.862542 0.494210 0.568119 0.915318 0.955549 0.911014 0.968709 0.782178 0.863615 0.955708 0.926021 0.936241 0.774719 0.948658 0.801150 0.653534 0.579513 0.720727 0.722038 0.947277 0.945133 0.830974 0.626838 0.565441 0.473313 0.317911 0.324737 0.437263 0.532850 0.845826 0.940737 0.417140 0.388411 0.644118 0.856647 0.674212 0.794101 0.484199 0.589794 0.740218 0.644771 0.864539 0.788413 0.930690 0.997030 0.979727 0.906972 0.478989 0.478914 0.258339 0.319921 0.473579 0.304836 0.381429 0.387043 0.792626 0.506932 0.786584 0.483432 0.583712 0.607293 0.594712 0.618864 0.860294 0.816911 0.846025 0.890797 0.959521 0.937838 0.694447 0.712498 0.963261 0.716979 0.829668 0.839984 0.965084 0.981542 0.733812 0.821596 0.873783 0.857962 0.951610 0.855155 0.918680 0.787256
0.416557 0.416470 0.654817 0.714672 0.854556 0.719497 0.762973 0.871010 0.648014 0.847671 0.603554 0.369203 0.557564 0.465515 0.602677 0.908548 0.403338 0.343618 0.000000 0.344917 0.720932 0.918475 0.494885 0.682982 0.724046 0.893795 0.743894 0.903024 0.489196 0.521168 0.713889 0.662984 0.330531 0.415727 0.753082 0.939861 0.828489 0.927103 0.802039 0.969557 0.956116 0.947097 0.608945 0.523137 0.714629 0.548161 0.414639 0.374623 0.513130 0.477293 0.682545 0.650170 0.973624 0.844230 0.507277 0.407272 0.422171 0.407729 0.368735 0.458840 0.664288 0.902476 0.395618 0.363497 0.588672 0.880235 0.494888 0.608407 0.566478 0.709846 0.989394 0.852342 0.952582 0.952109 0.906489 0.929075 0.770641 0.948766 0.482933 0.482860 0.388215 0.478107 0.505210 0.449937 0.381360 0.447831 0.845246 0.691163 0.776998 0.509877 0.752137 0.892874 0.726691 0.718485 0.755254 0.738898 0.750712 0.796105 0.729509 0.679792 0.840389 0.860057 0.765099 0.613424 0.695171 0.599573 0.886083 0.960470 0.916540 0.700948 0.715964 0.759020 0.774751 0.689040 0.727994 0.900402
0.284745 0.282195 0.692588 0.767913 0.597412 0.712905 0.907653 0.876583 0.520615 0.566380 0.489935 0.404813 0.689694 0.527362 0.759262 0.936361 0.337170 0.289374 0.344917 0.000000 0.650222 0.889286 0.780646 0.678468 0.640398 0.802390 0.674329 0.946874 0.628738 0.621974 0.947754 0.876305 0.495406 0.613281 0.848150 0.995000 0.823681 0.870566 0.744428 0.961730 0.887550 0.838101 0.850838 0.725393 0.971999 0.861705 0.603775 0.573583 0.783243 0.775076 0.994865 0.985675 0.713755 0.521348 0.597824 0.541210 0.296947 0.280847 0.506847 0.499769 0.950122 0.856754 0.543422 0.490607 0.542920 0.900592 0.754015 0.922936 0.352307 0.514733 0.738527 0.668746 0.920678 0.828320 0.954598 0.976289 0.901255 0.909679 0.511190 0.508138 0.281939 0.302809 0.546493 0.324523 0.378538 0.402279 0.939619 0.602515 0.805544 0.410955 0.577905 0.683944 0.676480 0.671121 0.907489 0.777277 0.833087 0.920765 0.953069 0.974175 0.634289 0.689102 0.949157 0.723327 0.808628 0.781103 0.940023 0.996736 0.876337 0.733007 0.836646 0.935817 0.942532 0.841583 0.938474 0.767959
0.627909 0.638738 0.640269 0.688969 0.742608 0.892215 0.938738 0.993465 0.826989 0.779070 0.784685 0.717094 0.831191 0.785303 0.876686 0.937723 0.746554 0.734584 0.720932 0.650222 0.000000 0.940092 0.871984 0.852298 0.602899 0.649812 0.857948 0.883495 0.861928 0.926634 0.865160 0.663844 0.687277 0.765624 0.989754 0.848746 0.832041 0.775637 0.786251 0.819280 0.980645 0.808633 0.845729 0.757955 0.996169 0.934163 0.809138 0.692436 0.931862 0.860317 0.993586 0.964977 0.934718 0.761547 0.681605 0.844474 0.587161 0.623701 0.723388 0.618315 0.989297 0.984295 0.858357 0.833144 0.685785 0.851541 0.881864 0.995901 0.602983 0.754337 0.889619 0.861111 0.964834 0.956460 0.932550 0.947215 0.822635 0.913425 0.775754 0.633815 0.706802 0.675239 0.686926 0.743806 0.763278 0.686884 0.834784 0.925917 0.801405 0.708993 0.790470 0.845952 0.980063 0.938919 0.930492 0.894774 0.821529 0.926849 0.909688 0.880553 0.803158 0.889862 0.892278 0.758335 0.882835 0.757499 0.829147 0.967064 0.805557 0.778752 0.895486 0.904785 0.980943 0.576335 0.737035 0.744352
0.924378 0.949156 0.950025 0.930265 0.975652 0.959380 0.965491 0.869379 0.871756 0.941090 0.966984 0.978140 0.997206 0.930225 0.867831 0.922913 0.898817 0.972322 0.918475 0.889286 0.940092 0.000000 0.847139 0.991612 0.875094 0.874329 0.883539 0.957861 0.855160 0.980142 0.944585 0.950045 0.983212 0.906452 0.899988 0.958496 0.885766 0.931537 0.986129 0.912974 0.845051 0.893152 0.912568 0.906907 0.986412 0.942672 0.816747 0.855058 0.966919 0.953774 0.985200 0.976548 0.926629 0.926382 0.952122 0.988501 0.998303 0.997006 0.986158 0.995465 0.891908 0.892697 0.956142 0.979773 0.998386 0.859912 0.917539 0.935277 0.865625 0.966383 0.901885 0.985358 0.958131 0.934087 0.984031 0.921888 0.860550 0.800320 0.944360 0.878189 0.861965 0.940837 0.938505 0.999877 0.945635 0.938650 0.976432 0.911167 0.977554 0.909151 0.933863 0.913340 0.993861 0.992868 0.945630 0.836687 0.974801 0.986303 0.910822 0.885802 0.913159 0.940719 0.960304 0.961879 0.884082 0.851957 0.994421 0.924810 0.879640 0.800652 0.883097 0.954176 0.986654 0.975872 0.968058 0.921868
0.884033 0.832144 0.669790 0.790424 0.844537 0.956637 0.458468 0.594187 0.869659 0.726993 0.939792 0.620862 0.567905 0.718812 0.434438 0.640871 0.833371 0.834853 0.494885 0.780646 0.871984 0.847139 0.000000 0.786108 0.931445 0.939105 0.935865 0.678527 0.592772 0.656320 0.399702 0.510539 0.476018 0.474389 0.667549 0.948445 0.895966 0.865208 0.921828 0.999036 0.830803 0.981956 0.415193 0.431191 0.475714 0.407390 0.407040 0.451445 0.430076 0.394227 0.425322 0.356985 0.625193 0.682946 0.605386 0.575976 0.937477 0.880362 0.577433 0.716821 0.531794 0.656370 0.594119 0.565631 0.820652 0.919666 0.454128 0.471892 0.975702 0.985661 0.629527 0.753922 0.731698 0.795991 0.875173 0.844330 0.513008 0.790346 0.682091 0.649318 0.799165 0.936787 0.790792 0.928507 0.661070 0.794297 0.970502 0.954707 0.886460 0.796337 0.891386 0.798653 0.970860 0.875489 0.704814 0.890746 0.832427 0.804622 0.459475 0.502519 0.918985 0.818619 0.690810 0.747214 0.726324 0.576574 0.864152 0.973658 0.893492 0.721250 0.760917 0.743510 0.565925 0.730911 0.463084 0.928157
0.584990 0.587295 0.672843 0.537342 0.835413 0.844103 0.986977 0.825792 0.665827 0.686691 0.867374 0.647931 0.655918 0.511717 0.727687 0.736663 0.728910 0.632615 0.682982 0.678468 0.852298 0.991612 0.786108 0.000000 0.662580 0.716127 0.773746 0.900222 0.994902 0.828462 0.988029 0.784342 0.786735 0.796197 0.781100 0.977001 0.914921 0.861741 0.661074 0.872212 0.941223 0.933125 0.871210 0.995478 0.842687 0.955277 0.853285 0.827882 0.960382 0.932023 0.990551 0.913966 0.866345 0.805217 0.770665 0.731603 0.569133 0.553428 0.576623 0.600477 0.887358 0.952306 0.756336 0.765214 0.758572 0.648619 0.773754 0.867472 0.663275 0.674757 0.812997 0.787996 0.737465 0.694624 0.956573 0.844892 0.915629 0.765446 0.802949 0.748585 0.697978 0.655644 0.689588 0.583597 0.691543 0.437836 0.802549 0.732996 0.683008 0.577309 0.656070 0.646334 0.786382 0.712399 0.993969 0.957190 0.933099 0.802291 0.999508 0.994501 0.661401 0.756842 0.919816 0.899850 0.928538 0.973157 0.927458 0.832526 0.801961 0.860351 0.884621 0.857750 0.921651 0.931014 0.892212 0.788340
0.589682 0.503101 0.434055 0.435920 0.670626 0.946621 0.762018 0.928377 0.730429 0.631179 0.901341 0.803852 0.912717 0.771653 0.991299 0.963791 0.779277 0.771300 0.724046 0.640398 0.602899 0.875094 0.931445 0.662580 0.000000 0.287603 0.567683 0.885697 0.859729 0.931613 0.861794 0.740127 0.815034 0.893768 0.738361 0.896565 0.575800 0.723872 0.588263 0.827703 0.900708 0.698475 0.886624 0.829508 0.684366 0.850690 0.777075 0.770087 0.802435 0.954043 0.751177 0.855965 0.695540 0.612598 0.849102 0.849256 0.549704 0.508903 0.773786 0.581832 0.716083 0.876785 0.827714 0.975710 0.608262 0.756530 0.976101 0.888874 0.440590 0.594186 0.989809 0.898675 0.919556 0.941942 0.957159 0.984563 0.753805 0.994505 0.774876 0.713903 0.732604 0.610173 0.879073 0.603069 0.846708 0.578179 0.809038 0.994586 0.829310 0.577854 0.548118 0.763218 0.803252 0.905878 0.982436 0.979611 0.752222 0.810348 0.921284 0.948199 0.663195 0.749106 0.949860 0.831919 0.853228 0.721605 0.769931 0.968762 0.916830 0.737625 0.904913 0.788607 0.985533 0.802371 0.837686 0.866610
0.815851 0.691299 0.495910 0.466849 0.743920 0.865832 0.840007 0.994419 0.882051 0.807159 0.916457 0.986167 0.994306 0.842190 0.998954 0.904032 0.981377 0.960789 0.893795 0.802390 0.649812 0.874329 0.939105 0.716127 0.287603 0.000000 0.667310 0.907739 0.790606 0.912232 0.771932 0.749168 0.929682 0.893617 0.733850 0.954955 0.508649 0.629668 0.582634 0.876026 0.952751 0.603603 0.839029 0.835507 0.736620 0.835968 0.827599 0.847074 0.774506 0.926621 0.789877 0.901303 0.836813 0.800691 0.871617 0.895104 0.781209 0.703878 0.950200 0.724208 0.672762 0.987331 0.727482 0.857371 0.764068 0.759150 0.938534 0.898835 0.569788 0.650296 0.846113 0.963807 0.951694 0.922294 0.909945 0.980291 0.704117 0.932817 0.837287 0.778072 0.869826 0.782299 0.984817 0.725987 0.970827 0.757735 0.814102 0.940066 0.801780 0.691151 0.726665 0.908834 0.949954 0.977159 0.960048 0.964715 0.715255 0.812268 0.956603 0.913159 0.717473 0.909052 0.973365 0.871644 0.785113 0.750042 0.755216 0.936679 0.980590 0.749539 0.947083 0.861924 0.973542 0.771571 0.838719 0.952689
0.675521 0.619681 0.687436 0.686866 0.835286 0.986820 0.905118 0.988900 0.797354 0.724405 0.884730 0.774962 0.841377 0.825687 0.953650 0.972112 0.792178 0.838503 0.743894 0.674329 0.857948 0.883539 0.935865 0.773746 0.567683 0.667310 0.000000 0.759183 0.963368 0.992090 0.929243 0.969152 0.959378 0.904681 0.886359 0.906823 0.750928 0.958045 0.838991 0.776514 0.986473 0.890096 0.914327 0.861330 0.837610 0.947272 0.843310 0.783292 0.927705 0.997685 0.880177 0.977274 0.787754 0.744391 0.814645 0.850115 0.677307 0.646465 0.793803 0.634049 0.910380 0.929692 0.978945 0.882396 0.752564 0.821460 0.912884 0.991968 0.695442 0.692322 0.959484 0.912203 0.934745 0.963872 0.785471 0.998356 0.825572 0.974069 0.858072 0.794713 0.848894 0.703225 0.885328 0.715957 0.795074 0.631714 0.936876 0.874583 0.854410 0.658100 0.738991 0.991626 0.919444 0.925353 0.994082 0.878812 0.755514 0.853113 0.994368 0.977213 0.787356 0.917634 0.901384 0.822100 0.926460 0.809416 0.969509 0.968076 0.955797 0.777792 0.680737 0.927803 0.975431 0.998743 0.858432 0.977893
0.913608 0.903483 0.997377 0.976150 0.897489 0.825786 0.829173 0.874214 0.934035 0.790658 0.872318 0.945337 0.822124 0.792955 0.782195 0.739382 0.952299 0.953488 0.903024 0.946874 0.883495 0.957861 0.678527 0.900222 0.885697 0.907739 0.759183 0.000000 0.898939 0.893823 0.759483 0.730365 0.775581 0.825905 0.978729 0.995898 0.853533 0.841976 0.994846 0.777379 0.938635 0.748589 0.910829 0.917728 0.754224 0.760628 0.842221 0.871242 0.767392 0.719866 0.693586 0.667801 0.803443 0.751605 0.842728 0.865414 0.910178 0.891057 0.864546 0.942202 0.778340 0.915047 0.780896 0.910028 0.897495 0.932321 0.780724 0.757445 0.822189 0.802816 0.993019 0.979544 0.986035 0.998499 0.974660 0.937218 0.858566 0.953122 0.938305 0.885105 0.994342 0.870520 0.818134 0.938321 0.966649 0.981828 0.938965 0.926554 0.980867 0.910607 0.967674 0.964016 0.932028 0.842990 0.949206 0.852426 0.979326 0.913534 0.820658 0.838657 0.921858 0.906314 0.990591 0.975951 0.895393 0.956256 0.927462 0.956489 0.868875 0.988110 0.929621 0.970414 0.875133 0.993334 0.918376 0.981902
0.742901 0.735404 0.911318 0.960778 0.945856 0.838418 0.563831 0.789689 0.890590 0.804097 0.719100 0.507152 0.696102 0.678165 0.595530 0.853169 0.511356 0.568588 0.489196 0.628738 0.861928 0.855160 0.592772 0.994902 0.859729 0.790606 0.963368 0.898939 0.000000 0.337897 0.701596 0.728326 0.440543 0.394190 0.897106 0.936106 0.990465 0.993119 0.941752 0.975197 0.995158 0.975867 0.601948 0.556345 0.545347 0.486709 0.539530 0.491869 0.434561 0.521183 0.530762 0.604810 0.749407 0.888930 0.629350 0.586551 0.729232 0.740929 0.593727 0.788352 0.531285 0.668496 0.443826 0.402540 0.833492 0.964209 0.559023 0.596275 0.936181 0.944830 0.827315 0.893503 0.793419 0.819478 0.912910 0.874422 0.757833 0.737906 0.575770 0.637249 0.592453 0.816438 0.560143 0.836917 0.693745 0.874093 0.945787 0.829278 0.878373 0.869629 0.994773 0.942063 0.776555 0.850498 0.812102 0.802775 0.809308 0.939376 0.689609 0.692214 0.906098 0.935772 0.777636 0.780864 0.735471 0.729229 0.835682 0.883533 0.989281 0.841798 0.771420 0.629912 0.710520 0.768577 0.721161 0.979361
0.725522 0.719767 0.924440 0.918514 0.969121 0.918797 0.670406 0.790054 0.776186 0.928175 0.753332 0.474567 0.714562 0.438287 0.571003 0.692001 0.448505 0.506759 0.521168 0.621974 0.926634 0.980142 0.656320 0.828462 0.931613 0.912232 0.992090 0.893823 0.337897 0.000000 0.711396 0.727939 0.477585 0.399686 0.894022 0.846065 0.849045 0.915716 0.911293 0.929296 0.881363 0.988675 0.725625 0.621331 0.662670 0.579231 0.598602 0.523888 0.557133 0.600200 0.616469 0.631542 0.780083 0.906437 0.590547 0.494460 0.718851 0.706714 0.583242 0.788366 0.580769 0.648079 0.474882 0.394837 0.905858 0.806986 0.621676 0.596661 0.905655 0.881127 0.917821 0.967349 0.798268 0.847980 0.888979 0.815825 0.807957 0.833987 0.543691 0.519518 0.527843 0.752269 0.508036 0.695579 0.741096 0.773591 0.884493 0.747546 0.754537 0.812476 0.862238 0.894064 0.705969 0.752802 0.821074 0.838065 0.845176 0.914322 0.818507 0.774415 0.989595 0.999347 0.858292 0.757900 0.833104 0.743535 0.841322 0.891406 0.940377 0.919120 0.815170 0.604005 0.832798 0.841183 0.772843 0.902671
0.881263 0.970768 0.671093 0.725832 0.861418 0.758868 0.541234 0.613626 0.752339 0.532810 0.765573 0.833261 0.834834 0.879866 0.568799 0.616852 0.946874 0.942712 0.713889 0.947754 0.865160 0.944585 0.399702 0.988029 0.861794 0.771932 0.929243 0.759483 0.701596 0.711396 0.000000 0.462195 0.547094 0.471040 0.687808 0.926705 0.698811 0.996197 0.886973 0.921422 0.772505 0.909167 0.354880 0.388823 0.530845 0.472853 0.469430 0.496140 0.572125 0.488903 0.452267 0.402180 0.557167 0.586565 0.729152 0.709486 0.926831 0.971354 0.763870 0.859146 0.740771 0.589911 0.838588 0.731960 0.983164 0.999342 0.619552 0.544623 0.893022 0.941954 0.483707 0.592696 0.619662 0.606320 0.941867 0.742305 0.427836 0.576503 0.684691 0.786459 0.981947 0.827688 0.954925 0.885310 0.971662 0.941598 0.772267 0.780796 0.961621 0.965084 0.915102 0.754781 0.944198 0.938340 0.662527 0.913454 0.756493 0.822613 0.463825 0.460892 0.942081 0.744060 0.655420 0.787857 0.787643 0.565780 0.669666 0.814123 0.747871 0.775110 0.781743 0.714850 0.550495 0.745747 0.502148 0.756617
0.902979 0.854111 0.651307 0.693027 0.985382 0.885800 0.729407 0.785819 0.985995 0.729021 0.913613 0.750709 0.791121 0.707979 0.711661 0.675020 0.846839 0.862542 0.662984 0.876305 0.663844 0.950045 0.510539 0.784342 0.740127 0.749168 0.969152 0.730365 0.728326 0.727939 0.462195 0.000000 0.537424 0.567707 0.842859 0.993428 0.826291 0.938568 0.895713 0.759522 0.763296 0.899080 0.605563 0.550139 0.656118 0.565398 0.483986 0.503779 0.634103 0.570000 0.610120 0.550590 0.716331 0.813899 0.650400 0.659548 0.833145 0.839953 0.617540 0.692221 0.837049 0.736968 0.766951 0.725690 0.966175 0.992332 0.652218 0.609465 0.888159 0.917383 0.722054 0.765870 0.788958 0.806975 0.952991 0.885360 0.572448 0.822258 0.700849 0.618015 0.798722 0.953587 0.707497 0.940994 0.916973 0.898436 0.774345 0.846020 0.977247 0.838337 0.914359 0.990565 0.844772 0.865875 0.790511 0.986473 0.719802 0.735704 0.610684 0.629854 0.997033 0.887212 0.682942 0.670521 0.962887 0.570694 0.915403 0.908147 0.985839 0.779035 0.753727 0.876370 0.614096 0.671899 0.589597 0.938975
0.577920 0.603047 0.741106 0.801169 0.943267 0.849226 0.688099 0.805630 0.799802 0.924209 0.768924 0.458767 0.655722 0.553486 0.564497 0.830045 0.490223 0.494210 0.330531 0.495406 0.687277 0.983212 0.476018 0.786735 0.815034 0.929682 0.959378 0.775581 0.440543 0.477585 0.547094 0.537424 0.000000 0.372647 0.695057 0.989127 0.887907 0.973262 0.895405 0.891308 0.840074 0.919919 0.537871 0.437165 0.577698 0.444133 0.407877 0.349767 0.439942 0.424293 0.525548 0.518030 0.812025 0.961974 0.565902 0.446173 0.561782 0.572285 0.432196 0.538406 0.623879 0.760871 0.447747 0.407178 0.688431 0.918615 0.471859 0.552467 0.733174 0.812265 0.926059 0.965293 0.913037 0.921468 0.922326 0.879288 0.722444 0.752503 0.455649 0.511844 0.509397 0.679969 0.521158 0.608227 0.546271 0.616677 0.973151 0.833560 0.849912 0.637652 0.796811 0.945562 0.757203 0.719024 0.739727 0.818067 0.754759 0.865033 0.623173 0.592695 0.895349 0.931177 0.734569 0.626444 0.704212 0.642009 0.901086 0.956444 0.958770 0.759370 0.747186 0.706575 0.687408 0.614966 0.674424 0.998399
0.724848 0.664738 0.742055 0.750296 0.954736 0.977473 0.548258 0.617548 0.854772 0.776591 0.910850 0.517438 0.658321 0.535981 0.538779 0.688260 0.540476 0.568119 0.415727 0.613281 0.765624 0.906452 0.474389 0.796197 0.893768 0.893617 0.904681 0.825905 0.394190 0.399686 0.471040 0.567707 0.372647 0.000000 0.753645 0.791953 0.755166 0.935603 0.758617 0.904820 0.813727 0.829915 0.441627 0.358753 0.503160 0.408422 0.383289 0.364556 0.437452 0.390815 0.442991 0.425049 0.646986 0.764458 0.552258 0.449398 0.709674 0.702821 0.460775 0.690184 0.573798 0.592671 0.454939 0.360964 0.828177 0.882029 0.448755 0.477158 0.899404 0.852868 0.741023 0.887003 0.795503 0.786005 0.915886 0.841943 0.586183 0.661538 0.512594 0.562278 0.625700 0.863050 0.617991 0.745782 0.741543 0.743675 0.950226 0.903146 0.769481 0.734959 0.874674 0.975488 0.771154 0.694738 0.695625 0.764724 0.703771 0.752800 0.529224 0.509496 0.961163 0.925237 0.713827 0.666334 0.711334 0.557840 0.737294 0.961841 0.955460 0.707087 0.813817 0.678886 0.680985 0.654735 0.561640 0.884391
0.868804 0.825544 0.739182 0.693971 0.958349 0.912758 0.818557 0.799357 0.959160 0.928678 0.947434 0.802471 0.827977 0.822572 0.718177 0.896153 0.914936 0.915318 0.753082 0.848150 0.989754 0.899988 0.667549 0.781100 0.738361 0.733850 0.886359 0.978729 0.897106 0.894022 0.687808 0.842859 0.695057 0.753645 0.000000 0.951171 0.817241 0.937473 0.799713 0.893712 0.852718 0.847809 0.650082 0.648378 0.800761 0.751692 0.678392 0.692157 0.825320 0.708935 0.749696 0.763770 0.843414 0.909421 0.813024 0.685508 0.863423 0.833902 0.801354 0.771883 0.852201 0.828836 0.859203 0.815343 0.824190 0.900025 0.702463 0.763431 0.939665 0.933510 0.774574 0.981138 0.959072 0.829404 0.951877 0.946991 0.666641 0.728204 0.844540 0.865578 0.884165 0.939920 0.983839 0.869242 0.850535 0.813366 0.978224 0.933155 0.796947 0.782630 0.899495 0.956813 0.907596 0.830736 0.869446 0.981813 0.844940 0.840414 0.747304 0.710388 0.895935 0.956118 0.742842 0.723545 0.726828 0.835377 0.892897 0.980838 0.939244 0.808444 0.729307 0.791312 0.693361 0.820986 0.687923 0.924002
0.892626 0.888499 0.837185 0.898494 0.714110 0.954255 0.909556 0.964416 0.867750 0.940051 0.943685 0.985528 0.991020 0.881889 0.905772 0.980532 0.974707 0.955549 0.939861 0.995000 0.848746 0.958496 0.948445 0.977001 0.896565 0.954955 0.906823 0.995898 0.936106 0.846065 0.926705 0.993428 0.989127 0.791953 0.951171 0.000000 0.890316 0.953083 0.961320 0.950252 0.742462 0.901286 0.949039 0.890874 0.803085 0.859220 0.924801 0.820160 0.912001 0.860500 0.827138 0.858749 0.795213 0.727332 0.891220 0.797945 0.836633 0.880151 0.909731 0.922572 0.948940 0.936491 0.859256 0.914735 0.780282 0.953262 0.815837 0.734431 0.787091 0.963749 0.944165 0.910124 0.878631 0.884139 0.848248 0.977553 0.999343 0.903987 0.999538 0.992465 0.910274 0.895273 0.957074 0.990637 0.958821 0.948625 0.932827 0.914649 0.999240 0.915814 0.906438 0.878894 0.864727 0.963092 0.966038 0.703475 0.870118 0.716577 0.847629 0.807526 0.722541 0.832402 0.773410 0.692154 0.935920 0.810525 0.993371 0.943003 0.975219 0.901881 0.889185 0.774246 0.937871 0.920372 0.953595 0.794004
0.902774 0.810453 0.603342 0.541234 0.844586 0.804775 0.972728 0.947817 0.927239 0.935547 0.903699 0.973909 0.888215 0.868662 0.929841 0.866446 0.854753 0.911014 0.828489 0.823681 0.832041 0.885766 0.895966 0.914921 0.575800 0.508649 0.750928 0.853533 0.990465 0.849045 0.698811 0.826291 0.887907 0.755166 0.817241 0.890316 0.000000 0.713979 0.670991 0.764570 0.983396 0.796397 0.720531 0.695747 0.940997 0.987417 0.811631 0.737356 0.887588 0.986028 0.922582 0.983897 0.977064 0.987949 0.802867 0.834449 0.900348 0.864069 0.972713 0.976293 0.784993 0.992115 0.846004 0.997762 0.894677 0.852799 0.950421 0.947398 0.788155 0.748465 0.762339 0.694684 0.687903 0.746219 0.992319 0.823319 0.734356 0.817905 0.805240 0.801284 0.851007 0.868894 0.940729 0.856268 0.952191 0.879736 0.809298 0.936741 0.792559 0.862614 0.859666 0.948190 0.785956 0.955122 0.919493 0.950121 0.896638 0.731837 0.920420 0.821392 0.905082 0.996134 0.810832 0.709298 0.775067 0.604856 0.702266 0.823855 0.889784 0.861226 0.988915 0.958281 0.956032 0.825053 0.732511 0.860085
0.976488 0.877150 0.847952 0.754524 0.817553 0.826587 0.902012 0.936763 0.893730 0.847600 0.866796 0.981397 0.805336 0.925556 0.874396 0.951157 0.969758 0.968709 0.927103 0.870566 0.775637 0.931537 0.865208 0.861741 0.723872 0.629668 0.958045 0.841976 0.993119 0.915716 0.996197 0.938568 0.973262 0.935603 0.937473 0.953083 0.713979 0.000000 0.731385 0.962408 0.981590 0.625798 0.991215 0.959988 0.813775 0.806414 0.907903 0.919456 0.784665 0.799644 0.815367 0.782859 0.938713 0.916029 0.940851 0.961070 0.904497 0.864654 0.867453 0.920484 0.738320 0.952277 0.810728 0.940850 0.980884 0.805425 0.826692 0.830942 0.727606 0.676783 0.895223 0.991892 0.824744 0.818000 0.958954 0.878499 0.941188 0.956732 0.811252 0.882049 0.904141 0.832044 0.861964 0.906699 0.851919 0.999484 0.746429 0.964194 0.774836 0.864140 0.918137 0.824498 0.989066 0.963594 0.916721 0.904372 0.996459 0.856568 0.893615 0.944546 0.926924 0.883040 0.907036 0.927282 0.998981 0.810868 0.819881 0.735134 0.973561 0.894770 0.826344 0.773644 0.822039 0.754337 0.958056 0.864533
