0.000000 0.423644 0.887376 0.997959 0.981180 0.752518 0.533247 0.510876 0.741175 0.576386 0.601345 0.430887 0.563836 0.582762 0.772563 0.805406 0.429178 0.449661 0.542140 0.666518 0.824376 0.847285 0.777287 0.966712 0.707986 0.709176 0.884805 0.830363 0.611873 0.617882 0.812291 0.947527 0.576564 0.613747 0.957226 0.855139 0.793904 0.954350 0.921754 0.965152 0.944447 0.921622 0.481271 0.483159 0.540065 0.537937 0.556602 0.592066 0.493580 0.547089 0.545087 0.672475 0.679443 0.853332 0.603402 0.674647 0.519652 0.450577 0.474824 0.504274 0.504918 0.583197 0.528669 0.437295 0.846183 0.981022 0.732298 0.796537 0.678498 0.577250 0.879748 0.781226 0.987650 0.879569 0.916975 0.993353 0.632229 0.733464 0.678231 0.759498 0.412100 0.522730 0.751063 0.759176 0.535735 0.833206 0.801195 0.890670 0.659770 0.840289 0.637009 0.835723 0.786208 0.927993 0.830574 0.848547 0.724293 0.952779 0.493147 0.534699 0.797131 0.628477 0.573541 0.798651 0.757234 0.844502 0.897628 0.880896 0.883011 0.756873 0.835707 0.774283 0.716569 0.797115 0.811941 0.857849
0.423644 0.000000 0.883690 0.868992 0.968834 0.798930 0.742688 0.680189 0.804856 0.740483 0.820805 0.665732 0.787693 0.736311 0.825845 0.871109 0.538781 0.614344 0.757794 0.651336 0.962082 0.813789 0.794854 0.862439 0.979176 0.904851 0.977061 0.784279 0.730780 0.719547 0.838401 0.999277 0.773413 0.725397 0.973699 0.841363 0.920581 0.957778 0.853916 0.875254 0.917111 0.870475 0.541972 0.605076 0.666163 0.645700 0.632516 0.712249 0.548079 0.515475 0.555592 0.599215 0.666752 0.720647 0.684846 0.672660 0.456508 0.390002 0.639913 0.511230 0.726662 0.685123 0.728156 0.637675 0.964714 0.918650 0.689291 0.813274 0.555191 0.488525 0.890256 0.652725 0.931589 0.912977 0.972669 0.991908 0.708014 0.763556 0.725348 0.751994 0.612707 0.666610 0.717116 0.902502 0.622882 0.775358 0.843474 0.979220 0.779219 0.827139 0.635273 0.818843 0.717599 0.905943 0.932348 0.776695 0.666857 0.837928 0.573583 0.518349 0.885663 0.719460 0.663906 0.851494 0.684582 0.889002 0.876022 0.918434 0.965918 0.748894 0.954215 0.780704 0.774540 0.707417 0.814954 0.845809
0.887376 0.883690 0.000000 0.665322 0.784992 0.950299 0.660834 0.657144 0.928859 0.938338 0.850532 0.849446 0.965321 0.895196 0.887119 0.767773 0.821728 0.786297 0.812731 0.758002 0.958948 0.899169 0.850933 0.994954 0.699660 0.808877 0.874933 0.968230 0.838451 0.840483 0.760113 0.726441 0.767921 0.619855 0.806561 0.954757 0.820255 0.951348 0.816875 0.914445 0.920247 0.812404 0.924021 0.919449 0.828440 0.925341 0.681311 0.974508 0.836348 0.930203 0.997171 0.807199 0.829771 0.741906 0.850753 0.858106 0.640279 0.818060 0.663052 0.871888 0.802482 0.980357 0.743226 0.819667 0.735850 0.677089 0.622624 0.623849 0.993751 0.792890 0.959572 0.915056 0.944116 0.960109 0.879318 0.875294 0.882867 0.779403 0.727437 0.896805 0.794756 0.656639 0.901845 0.787944 0.997610 0.777464 0.706386 0.992694 0.888073 0.945308 0.742701 0.709740 0.711088 0.769398 0.942290 0.973766 0.915517 0.880029 0.866217 0.906637 0.953704 0.912235 0.958717 0.843214 0.871965 0.993211 0.851064 0.863572 0.992008 0.879799 0.946458 0.854419 0.831466 0.986910 0.894386 0.959869
0.997959 0.868992 0.665322 0.000000 0.767842 0.813688 0.968986 0.795680 0.992648 0.954610 0.856611 0.901540 0.716436 0.717815 0.753796 0.939240 0.969653 0.954146 0.920880 0.812440 0.929957 0.881944 0.903937 0.672120 0.624187 0.728502 0.882814 0.883872 0.925046 0.960583 0.898095 0.771841 0.897429 0.804231 0.855989 0.859286 0.906795 0.685597 0.921639 0.983939 0.894570 0.966420 0.908407 0.873322 0.950539 0.980459 0.869646 0.979639 0.958161 0.757879 0.761308 0.736742 0.816158 0.819385 0.831237 0.854664 0.719479 0.797311 0.764415 0.630410 0.945569 0.964031 0.998162 0.996422 0.732283 0.562683 0.492167 0.539595 0.922744 0.760805 0.848074 0.809795 0.811662 0.875628 0.869653 0.838499 0.860547 0.984278 0.917643 0.926198 0.986156 0.931956 0.836909 0.974979 0.865132 0.662969 0.858522 0.928038 0.874849 0.803082 0.864587 0.795376 0.791844 0.801317 0.927167 0.981000 0.993643 0.981392 0.984724 0.948530 0.864294 0.950573 0.944510 0.952369 0.777976 0.880018 0.869725 0.884013 0.938840 0.976417 0.906283 0.938742 0.877432 0.928984 0.983098 0.958443
0.981180 0.968834 0.784992 0.767842 0.000000 0.688296 0.866869 0.954395 0.762784 0.819251 0.773204 0.799384 0.647992 0.717738 0.535529 0.670946 0.886481 0.903438 0.888510 0.947806 0.896205 0.963252 0.700305 0.888021 0.636278 0.689410 0.973899 0.744044 0.758552 0.728312 0.992970 0.970291 0.875739 0.957744 0.937836 0.948863 0.971880 0.831141 0.977626 0.957866 0.952006 0.933284 0.892957 0.856549 0.684438 0.720940 0.963600 0.887202 0.746651 0.922481 0.793647 0.859250 0.716153 0.799528 0.916091 0.906157 0.796557 0.976559 0.948956 0.971186 0.780330 0.767740 0.830912 0.778869 0.740240 0.768191 0.924378 0.880595 0.952632 0.984445 0.777467 0.835828 0.934464 0.942906 0.932090 0.865246 0.819027 0.785577 0.897641 0.846790 0.819012 0.960565 0.759797 0.767315 0.700925 0.931568 0.804667 0.804179 0.886461 0.977825 0.772586 0.855310 0.848900 0.977850 0.997367 0.925660 0.893948 0.845957 0.812185 0.830123 0.794648 0.964867 0.867132 0.953761 0.919196 0.930808 0.850330 0.893912 0.780366 0.848755 0.852479 0.720133 0.890882 0.925579 0.993205 0.954855
0.752518 0.798930 0.950299 0.813688 0.688296 0.000000 0.587431 0.563632 0.652467 0.537912 0.797815 0.735152 0.782628 0.827021 0.665764 0.672815 0.644795 0.682128 0.700679 0.782957 0.840742 0.963015 0.617365 0.786819 0.796020 0.976018 0.916392 0.937008 0.627295 0.680981 0.713085 0.886036 0.659069 0.635255 0.882551 0.986152 0.904821 0.995968 0.910403 0.885352 0.979672 0.827363 0.593180 0.596151 0.489531 0.494541 0.709706 0.594414 0.555545 0.570049 0.520048 0.678362 0.563037 0.698629 0.777435 0.639612 0.905458 0.854314 0.762124 0.666138 0.576980 0.580850 0.702819 0.615415 0.936039 0.832393 0.637432 0.656022 0.982014 0.778126 0.764576 0.891372 0.865405 0.974231 0.884771 0.974669 0.570522 0.750000 0.755372 0.551596 0.570174 0.664478 0.861353 0.824457 0.568850 0.633456 0.950643 0.982458 0.872959 0.964000 0.538106 0.675440 0.564159 0.957890 0.805069 0.897765 0.843819 0.901368 0.558554 0.620486 0.656041 0.699359 0.637895 0.927022 0.790581 0.932226 0.983276 0.955150 0.835240 0.937485 0.871556 0.743375 0.845339 0.864928 0.907550 0.890837
0.533247 0.742688 0.660834 0.968986 0.866869 0.587431 0.000000 0.280519 0.687393 0.348571 0.384983 0.425949 0.426251 0.583475 0.600995 0.874887 0.423539 0.428905 0.451989 0.575356 0.881848 0.898951 0.963152 0.784224 0.573449 0.769859 0.554143 0.947373 0.388548 0.394750 0.603915 0.710930 0.332890 0.342800 0.996032 0.962907 0.899175 0.764706 0.885763 0.950037 0.871488 0.973806 0.440583 0.397427 0.496598 0.419349 0.447750 0.479192 0.580611 0.752644 0.592800 0.973768 0.908256 0.882273 0.743013 0.651525 0.703779 0.794094 0.457849 0.703119 0.234854 0.473296 0.300384 0.302161 0.749748 0.902650 0.631862 0.557928 0.935268 0.753573 0.942812 0.978182 0.957721 0.971170 0.929535 0.991574 0.549664 0.919882 0.524649 0.544546 0.314539 0.394664 0.835858 0.714555 0.606251 0.847839 0.830320 0.838244 0.925893 0.843560 0.791504 0.917525 0.939111 0.595471 0.860885 0.924442 0.772856 0.993318 0.557437 0.645005 0.610480 0.804149 0.543827 0.745267 0.670667 0.900149 0.882245 0.865929 0.774813 0.771600 0.802330 0.829928 0.797916 0.833270 0.940986 0.905581
0.510876 0.680189 0.657144 0.795680 0.954395 0.563632 0.280519 0.000000 0.650340 0.334522 0.477031 0.423669 0.498915 0.573051 0.687883 0.894968 0.496745 0.449044 0.398245 0.519533 0.873323 0.927071 0.878008 0.927407 0.682314 0.810934 0.634574 0.804477 0.453714 0.457692 0.611821 0.748013 0.315971 0.360136 0.932560 0.919934 0.896277 0.956861 0.954398 0.969064 0.885106 0.975492 0.458573 0.378537 0.472542 0.396953 0.464654 0.513732 0.511348 0.625940 0.524166 0.801793 0.781302 0.987390 0.639830 0.596423 0.610830 0.669708 0.416185 0.566060 0.313494 0.433278 0.385381 0.330603 0.722437 0.866551 0.565537 0.496799 0.993861 0.638114 0.835629 0.841317 0.968665 0.911399 0.839950 0.896424 0.552072 0.934665 0.623511 0.550431 0.349889 0.450437 0.869361 0.699757 0.671970 0.862902 0.807802 0.877797 0.811726 0.976510 0.765259 0.913114 0.864300 0.712759 0.849062 0.965488 0.715662 0.985910 0.503495 0.668043 0.673308 0.730441 0.586001 0.625016 0.666934 0.910781 0.962501 0.864969 0.846068 0.795538 0.763036 0.822200 0.825166 0.797983 0.969662 0.883975
0.741175 0.804856 0.928859 0.992648 0.762784 0.652467 0.687393 0.650340 0.000000 0.584114 0.680483 0.614702 0.568293 0.638887 0.643201 0.605331 0.876130 0.796285 0.767414 0.849371 0.672415 0.927956 0.706066 0.890601 0.795382 0.919785 0.890971 0.944169 0.684924 0.623502 0.784182 0.954240 0.690209 0.740991 0.996728 0.929105 0.999760 0.860246 0.845435 0.967576 0.869589 0.973709 0.759591 0.762460 0.652366 0.658638 0.827735 0.784251 0.663334 0.930325 0.824853 0.954204 0.805175 0.998766 0.749066 0.841299 0.908489 0.827569 0.912758 0.919310 0.608683 0.442843 0.778135 0.641435 0.905560 0.829240 0.962513 0.931479 0.823089 0.677302 0.665908 0.781921 0.946136 0.952361 0.836802 0.979060 0.770197 0.841604 0.963610 0.718811 0.657236 0.849912 0.702637 0.805713 0.566849 0.802216 0.856057 0.918230 0.792831 0.888337 0.816575 0.905970 0.920952 0.985464 0.950888 0.988275 0.927796 0.922936 0.697768 0.815512 0.780854 0.757499 0.796573 0.908258 0.815518 0.925511 0.913667 0.850581 0.875581 0.846633 0.858505 0.990393 0.926849 0.896861 0.835070 0.997950
0.576386 0.740483 0.938338 0.954610 0.819251 0.537912 0.348571 0.334522 0.584114 0.000000 0.516797 0.433074 0.429426 0.461071 0.512101 0.717589 0.575149 0.469487 0.451564 0.530409 0.834561 0.992292 0.755798 0.853969 0.538062 0.809182 0.648952 0.821461 0.412283 0.423162 0.551398 0.818850 0.350733 0.430804 0.984760 0.967490 0.796644 0.892542 0.998815 0.926144 0.902320 0.898291 0.425885 0.361632 0.317618 0.290303 0.505182 0.497122 0.376135 0.576265 0.520655 0.781157 0.747483 0.929029 0.735356 0.666255 0.810857 0.793872 0.609727 0.698230 0.333996 0.361374 0.474188 0.374378 0.598891 0.999996 0.727030 0.631075 0.996255 0.691685 0.738889 0.827998 0.974853 0.941225 0.925762 0.933268 0.548310 0.921328 0.711653 0.557778 0.405577 0.582050 0.785096 0.783429 0.598158 0.926427 0.890082 0.865763 0.858565 0.961905 0.627651 0.835855 0.723300 0.809009 0.850497 0.867870 0.802559 0.902626 0.414346 0.539211 0.623547 0.686028 0.534149 0.704290 0.729843 0.925192 0.914387 0.977146 0.779968 0.774586 0.709442 0.708565 0.773447 0.767487 0.905281 0.887210
0.601345 0.820805 0.850532 0.856611 0.773204 0.797815 0.384983 0.477031 0.680483 0.516797 0.000000 0.414182 0.384052 0.496759 0.625965 0.857364 0.521867 0.531554 0.501651 0.693433 0.896328 0.889827 0.998296 0.718477 0.520316 0.618476 0.662809 0.993873 0.497339 0.470064 0.831500 0.828087 0.463556 0.488801 0.932465 0.884929 0.855402 0.760638 0.867084 0.909538 0.829289 0.983111 0.577147 0.522292 0.611511 0.547621 0.599116 0.589783 0.668046 0.932053 0.735222 0.916083 0.991951 0.840902 0.797021 0.795089 0.833692 0.872698 0.583717 0.865809 0.338334 0.538952 0.374592 0.412705 0.648723 0.954965 0.893913 0.846680 0.987403 0.830468 0.951778 0.943341 0.902104 0.830924 0.895415 0.935922 0.724540 0.835041 0.705161 0.690013 0.441104 0.486921 0.737895 0.670201 0.659021 0.990639 0.869417 0.865612 0.760540 0.885454 0.891197 0.818567 0.959598 0.577498 0.947949 0.942354 0.791351 0.956811 0.671830 0.865291 0.645637 0.891066 0.677859 0.789753 0.821971 0.975007 0.989499 0.818428 0.761793 0.825481 0.877907 0.959675 0.810713 0.883743 0.965633 0.953670
0.430887 0.665732 0.849446 0.901540 0.799384 0.735152 0.425949 0.423669 0.614702 0.433074 0.414182 0.000000 0.336338 0.356426 0.532954 0.625892 0.483781 0.449036 0.428223 0.626194 0.742251 0.882239 0.743978 0.932709 0.521647 0.653485 0.789052 0.996227 0.461475 0.426219 0.654911 0.776282 0.427151 0.490075 0.959663 0.967607 0.824649 0.914431 0.913915 0.991779 0.843511 0.984203 0.560391 0.473711 0.458201 0.451518 0.620040 0.642931 0.485390 0.738390 0.722267 0.915829 0.812549 0.905004 0.732505 0.738457 0.729648 0.733106 0.633466 0.805678 0.368340 0.424543 0.470992 0.369623 0.667844 0.925175 0.856061 0.846714 0.880073 0.634448 0.800146 0.809318 0.941601 0.899275 0.937812 0.947161 0.653037 0.844580 0.727734 0.633669 0.372539 0.485870 0.616768 0.688789 0.500231 0.886118 0.837187 0.955381 0.675662 0.958007 0.787676 0.988347 0.947109 0.820439 0.973479 0.901515 0.826990 0.970391 0.537000 0.620521 0.688852 0.693058 0.555525 0.693619 0.821018 0.960017 0.896321 0.958184 0.820078 0.794435 0.811992 0.765065 0.780062 0.731751 0.926247 0.932123
0.563836 0.787693 0.965321 0.716436 0.647992 0.782628 0.426251 0.498915 0.568293 0.429426 0.384052 0.336338 0.000000 0.307297 0.410424 0.647974 0.578371 0.566858 0.511127 0.690480 0.774647 0.922554 0.776064 0.798323 0.431965 0.544508 0.736429 0.975024 0.425903 0.378151 0.723147 0.858836 0.426846 0.548146 0.874233 0.907997 0.891333 0.765302 0.906957 0.946071 0.839376 0.949710 0.602575 0.538716 0.484121 0.454847 0.674227 0.614884 0.537171 0.875666 0.765252 0.974699 0.901953 0.829893 0.868223 0.775195 0.908463 0.830970 0.700023 0.938097 0.323568 0.415824 0.466214 0.368978 0.586952 0.829517 0.988521 0.923343 0.985245 0.752537 0.811751 0.913520 0.929537 0.885592 0.951576 0.927347 0.672572 0.861275 0.792043 0.699970 0.432441 0.583592 0.583605 0.668675 0.533635 0.995493 0.923364 0.997932 0.732342 0.953386 0.916068 0.924594 0.905212 0.680084 0.977766 0.905583 0.776837 0.946987 0.614324 0.712732 0.639814 0.823084 0.635252 0.744288 0.949475 0.921634 0.910625 0.954116 0.748179 0.839197 0.788489 0.807117 0.809286 0.796107 0.932730 0.981181
0.582762 0.736311 0.895196 0.717815 0.717738 0.827021 0.583475 0.573051 0.638887 0.461071 0.496759 0.356426 0.307297 0.000000 0.435883 0.595130 0.676040 0.598646 0.552438 0.644752 0.861800 0.930744 0.703862 0.879878 0.462331 0.641823 0.758999 0.892689 0.534545 0.489881 0.799676 0.929475 0.554986 0.629461 0.806016 0.950638 0.801942 0.846548 0.984723 0.988686 0.865107 0.849223 0.631608 0.530180 0.463064 0.464442 0.693082 0.701485 0.458045 0.809794 0.783271 0.907293 0.835339 0.939099 0.852457 0.829661 0.940035 0.798649 0.876965 0.933817 0.471906 0.417403 0.628112 0.501531 0.614299 0.813027 0.932074 0.992112 0.947847 0.706277 0.794505 0.795759 0.834398 0.858561 0.975802 0.958113 0.718184 0.898566 0.860527 0.683727 0.539774 0.654845 0.551820 0.773313 0.520315 0.959344 0.982179 0.997768 0.659646 0.945553 0.825810 0.918043 0.954636 0.869944 0.946627 0.945272 0.766927 0.958175 0.543866 0.674350 0.637444 0.703986 0.655097 0.775472 0.941444 0.930360 0.958803 0.959037 0.772167 0.858285 0.766400 0.807012 0.798506 0.738450 0.938178 0.904218
0.772563 0.825845 0.887119 0.753796 0.535529 0.665764 0.600995 0.687883 0.643201 0.512101 0.625965 0.532954 0.410424 0.435883 0.000000 0.460743 0.741403 0.695355 0.765742 0.807017 0.903356 0.901941 0.538391 0.960341 0.501374 0.697981 0.848122 0.919604 0.492917 0.473245 0.762199 0.880645 0.573270 0.677431 0.907324 0.990402 0.893838 0.778765 0.998900 0.939779 0.994714 0.988757 0.671550 0.661511 0.449128 0.460184 0.779309 0.686451 0.478648 0.776431 0.742215 0.901463 0.725637 0.958504 0.968655 0.886490 0.892635 0.944644 0.992654 0.933625 0.516917 0.536147 0.638327 0.557176 0.721911 0.808014 0.981775 0.993556 0.875167 0.782849 0.729288 0.796444 0.954535 0.939352 0.966315 0.873762 0.678417 0.904594 0.867591 0.723684 0.606956 0.785494 0.516425 0.716734 0.441171 0.792983 0.909094 0.872407 0.836511 0.968430 0.793722 0.906064 0.884566 0.928077 0.984649 0.990212 0.927196 0.929515 0.582766 0.626685 0.612409 0.865648 0.593526 0.880731 0.884961 0.982520 0.853658 0.989636 0.921408 0.996277 0.831137 0.691922 0.945573 0.837215 0.910134 0.980284
0.805406 0.871109 0.767773 0.939240 0.670946 0.672815 0.874887 0.894968 0.605331 0.717589 0.857364 0.625892 0.647974 0.595130 0.460743 0.000000 0.878578 0.831149 0.890610 0.974369 0.793850 0.955338 0.374930 0.676591 0.733454 0.811072 0.888937 0.897028 0.758293 0.640167 0.822401 0.827062 0.837129 0.867881 0.937083 0.965084 0.910001 0.920574 0.873641 0.982988 0.831973 0.935815 0.842347 0.791111 0.595136 0.645429 0.980268 0.796671 0.611001 0.755354 0.802782 0.783149 0.620093 0.838956 0.949487 0.927363 0.821913 0.998288 0.859842 0.964488 0.754326 0.680230 0.880389 0.755272 0.968848 0.908500 0.998125 0.906935 0.958357 0.830546 0.662615 0.744298 0.836073 0.993185 0.961972 0.984549 0.859955 0.848501 0.982275 0.809945 0.797418 0.943562 0.457106 0.869112 0.429987 0.603357 0.986341 0.773866 0.741760 0.775975 0.718148 0.720404 0.742477 0.814694 0.934806 0.880769 0.940058 0.968299 0.690036 0.660985 0.844532 0.848251 0.671508 0.810424 0.853623 0.939690 0.939735 0.924460 0.994765 0.933514 0.859711 0.785618 0.923774 0.897422 0.825118 0.888728
0.429178 0.538781 0.821728 0.969653 0.886481 0.644795 0.423539 0.496745 0.876130 0.575149 0.521867 0.483781 0.578371 0.676040 0.741403 0.878578 0.000000 0.361643 0.504705 0.647440 0.915776 0.832912 0.951371 0.903073 0.649236 0.664581 0.699520 0.972580 0.455924 0.467312 0.693613 0.765788 0.499753 0.452052 0.960214 0.992873 0.882138 0.823675 0.965122 0.975190 0.986142 0.770957 0.520787 0.508783 0.585745 0.528164 0.498454 0.551845 0.633999 0.700929 0.588880 0.883048 0.859853 0.997262 0.659992 0.636511 0.562489 0.634636 0.449161 0.595032 0.430716 0.664239 0.359042 0.358144 0.758497 0.997569 0.591597 0.642205 0.876729 0.719150 0.998510 0.905530 0.909657 0.969104 0.913096 0.981100 0.592496 0.714864 0.484059 0.758131 0.362692 0.431700 0.791316 0.768835 0.688922 0.850686 0.855303 0.901986 0.879479 0.895667 0.689612 0.936186 0.871538 0.764320 0.991976 0.881931 0.740825 0.925563 0.552770 0.566396 0.645230 0.732408 0.534157 0.807174 0.740245 0.776260 0.950581 0.907808 0.826812 0.691009 0.941232 0.737878 0.698509 0.739319 0.879516 0.814934
0.449661 0.614344 0.786297 0.954146 0.903438 0.682128 0.428905 0.449044 0.796285 0.469487 0.531554 0.449036 0.566858 0.598646 0.695355 0.831149 0.361643 0.000000 0.426973 0.520045 0.891621 0.926394 0.841229 0.925428 0.662150 0.754470 0.694403 0.852936 0.444369 0.418711 0.647482 0.642897 0.480521 0.484769 0.957559 0.924711 0.854450 0.897168 0.981539 0.977861 0.995558 0.875559 0.462689 0.489169 0.556490 0.454078 0.499603 0.539926 0.540431 0.641593 0.540772 0.829810 0.850480 0.964980 0.700961 0.623643 0.613313 0.646439 0.516884 0.623790 0.461592 0.653983 0.393994 0.390715 0.722177 0.952669 0.602318 0.646054 0.869316 0.676869 0.884281 0.827349 0.897666 0.989983 0.917807 0.995563 0.754687 0.834496 0.511528 0.664877 0.348353 0.454017 0.760742 0.734957 0.655995 0.890080 0.832282 0.922077 0.860611 0.995497 0.709559 0.979546 0.801486 0.772385 0.884521 0.942487 0.795776 0.911788 0.507092 0.547886 0.738588 0.719511 0.449548 0.774467 0.782293 0.826420 0.992692 0.821886 0.869925 0.792397 0.814471 0.760249 0.717803 0.785469 0.909403 0.828654
0.542140 0.757794 0.812731 0.920880 0.888510 0.700679 0.451989 0.398245 0.767414 0.451564 0.501651 0.428223 0.511127 0.552438 0.765742 0.890610 0.504705 0.426973 0.000000 0.420019 0.746529 0.945771 0.887855 0.873817 0.631092 0.709733 0.688076 0.752182 0.502719 0.520426 0.718164 0.726127 0.467382 0.462348 0.989898 0.991774 0.825015 0.986627 0.996526 0.952972 0.983366 0.935526 0.483239 0.392372 0.509656 0.459089 0.567497 0.585284 0.602795 0.689741 0.638960 0.850692 0.894053 0.963059 0.732712 0.660013 0.699161 0.736558 0.512225 0.672518 0.451593 0.530924 0.490108 0.445726 0.670943 0.962434 0.680185 0.659782 0.855479 0.753703 0.820340 0.822022 0.963641 0.989731 0.900896 0.944305 0.709325 0.884748 0.681606 0.652455 0.452011 0.442029 0.801504 0.644376 0.738044 0.965803 0.852950 0.979210 0.695187 0.990487 0.744793 0.985855 0.888849 0.746736 0.910436 0.980560 0.833175 0.955025 0.568560 0.702720 0.825375 0.732411 0.582050 0.652945 0.883166 0.953136 0.975555 0.821090 0.765792 0.799950 0.861520 0.771582 0.751697 0.758540 0.881431 0.826110
0.666518 0.651336 0.758002 0.812440 0.947806 0.782957 0.575356 0.519533 0.849371 0.530409 0.693433 0.626194 0.690480 0.644752 0.807017 0.974369 0.647440 0.520045 0.420019 0.000000 0.976345 0.933896 0.894465 0.956507 0.819737 0.905864 0.788547 0.746132 0.622416 0.627610 0.738300 0.770251 0.571406 0.554707 0.951483 0.930150 0.993048 0.944107 0.929563 0.893706 0.948962 0.940633 0.600770 0.534045 0.621500 0.559896 0.550115 0.696683 0.637602 0.685569 0.619155 0.805879 0.911327 0.992678 0.693044 0.633460 0.683904 0.663153 0.619632 0.689305 0.614679 0.652872 0.613049 0.560394 0.801341 0.908547 0.652973 0.660113 0.777849 0.687541 0.882498 0.780227 0.942349 0.920213 0.940276 0.834748 0.776343 0.978040 0.673449 0.617649 0.606732 0.572767 0.878838 0.709439 0.777532 0.966259 0.842712 0.996808 0.784850 0.993981 0.794613 0.976266 0.888185 0.842522 0.866825 0.931105 0.856743 0.882299 0.659860 0.690632 0.942581 0.874990 0.746853 0.633299 0.846609 0.971361 0.987652 0.838700 0.842950 0.843540 0.894676 0.761617 0.959253 0.861146 0.992733 0.861004
0.824376 0.962082 0.958948 0.929957 0.896205 0.840742 0.881848 0.873323 0.672415 0.834561 0.896328 0.742251 0.774647 0.861800 0.903356 0.793850 0.915776 0.891621 0.746529 0.976345 0.000000 0.937986 0.859694 0.913726 0.819548 0.854483 0.826978 0.949501 0.910990 0.897452 0.982616 0.982266 0.972806 0.895109 0.981440 0.955174 0.935645 0.913459 0.716444 0.972308 0.968221 0.929913 0.916522 0.881044 0.831899 0.839992 0.964068 0.751327 0.870840 0.896625 0.856978 0.878641 0.827701 0.858111 0.891472 0.934549 0.966908 0.996855 0.947849 0.869862 0.850875 0.784807 0.936715 0.870779 0.933781 0.987482 0.983142 0.960257 0.905290 0.769795 0.824923 0.805403 0.981956 0.963130 0.832657 0.962851 0.993270 0.916681 0.950830 0.898356 0.887325 0.871729 0.788409 0.890835 0.828413 0.965702 0.975196 0.874549 0.799034 0.811535 0.786886 0.870655 0.900854 0.978721 0.918453 0.919608 0.989812 0.837045 0.891808 0.811642 0.945687 0.776265 0.860468 0.895888 0.984585 0.840010 0.949242 0.964288 0.889866 0.903405 0.940922 0.916709 0.906427 0.790445 0.777424 0.942696
0.847285 0.813789 0.899169 0.881944 0.963252 0.963015 0.898951 0.927071 0.927956 0.992292 0.889827 0.882239 0.922554 0.930744 0.901941 0.955338 0.832912 0.926394 0.945771 0.933896 0.937986 0.000000 0.949128 0.831772 0.996503 0.994030 0.990508 0.983372 0.870802 0.913074 0.979720 0.998263 0.830512 0.921078 0.892300 0.784842 0.922633 0.958381 0.806709 0.846900 0.940283 0.845847 0.927049 0.926643 0.982682 0.985862 0.813757 0.884537 0.917836 0.990192 0.999138 0.949958 0.979884 0.942437 0.926615 0.934711 0.767183 0.874738 0.921917 0.890076 0.911208 0.886351 0.925359 0.922144 0.995058 0.993122 0.966494 0.933348 0.964901 0.926365 0.853892 0.990136 0.910455 0.984686 0.959474 0.888225 0.994151 0.956967 0.965827 0.946370 0.963237 0.906486 0.918924 0.912074 0.963033 0.951800 0.910861 0.847119 0.859345 0.889006 0.891541 0.808498 0.887522 0.854310 0.916999 0.961781 0.828005 0.842770 0.993788 0.979923 0.926511 0.926447 0.996363 0.992053 0.935555 0.980477 0.876391 0.999971 0.892615 0.947728 0.947340 0.943312 0.964737 0.991539 0.953571 0.903308
0.777287 0.794854 0.850933 0.903937 0.700305 0.617365 0.963152 0.878008 0.706066 0.755798 0.998296 0.743978 0.776064 0.703862 0.538391 0.374930 0.951371 0.841229 0.887855 0.894465 0.859694 0.949128 0.000000 0.527822 0.843243 0.857001 0.774266 0.986902 0.849111 0.755049 0.887917 0.844362 0.827571 0.949242 0.999401 0.971042 0.882659 0.941396 0.774207 0.989558 0.844102 0.970989 0.820714 0.809236 0.602730 0.648956 0.983502 0.863035 0.578833 0.604190 0.734379 0.630836 0.529889 0.698267 0.955048 0.874270 0.915772 0.861227 0.861984 0.958290 0.880419 0.784426 0.971265 0.889368 0.920445 0.931424 0.926236 0.978032 0.991755 0.703761 0.603060 0.647674 0.877345 0.921482 0.985550 0.978989 0.820789 0.870232 0.911603 0.743357 0.857910 0.966100 0.551389 0.837096 0.494402 0.569949 0.894987 0.698392 0.693628 0.579941 0.678537 0.561385 0.642583 0.680559 0.895879 0.979127 0.992375 0.982507 0.700615 0.643336 0.937449 0.815576 0.710799 0.958545 0.974433 0.994169 0.986866 0.999661 0.944438 0.804459 0.826942 0.728093 0.957346 0.940975 0.881930 0.966365
0.966712 0.862439 0.994954 0.672120 0.888021 0.786819 0.784224 0.927407 0.890601 0.853969 0.718477 0.932709 0.798323 0.879878 0.960341 0.676591 0.903073 0.925428 0.873817 0.956507 0.913726 0.831772 0.527822 0.000000 0.802855 0.914454 0.611096 0.972117 0.851769 0.896788 0.933649 0.891375 0.844210 0.875989 0.893324 0.816127 0.915630 0.823604 0.856438 0.964738 0.824291 0.899692 0.880634 0.896179 0.981278 0.979311 0.867055 0.858117 0.969512 0.780308 0.920093 0.734853 0.674050 0.711565 0.961322 0.901308 0.972681 0.926731 0.834263 0.905874 0.780280 0.909940 0.760131 0.850716 0.681516 0.801440 0.759636 0.937170 0.968395 0.707340 0.791984 0.737118 0.953510 0.858527 0.826780 0.858210 0.992215 0.951558 0.918065 0.944963 0.921492 0.910626 0.824151 0.975403 0.809896 0.537746 0.856481 0.668772 0.835481 0.652488 0.756995 0.647920 0.702585 0.555175 0.907680 0.978411 0.882205 0.982175 0.958427 0.826802 0.859997 0.893439 0.965630 0.939077 0.955667 0.959177 0.820060 0.944683 0.964971 0.792964 0.979721 0.907593 0.882518 0.982576 0.913250 0.879383
0.707986 0.979176 0.699660 0.624187 0.636278 0.796020 0.573449 0.682314 0.795382 0.538062 0.520316 0.521647 0.431965 0.462331 0.501374 0.733454 0.649236 0.662150 0.631092 0.819737 0.819548 0.996503 0.843243 0.802855 0.000000 0.527472 0.679443 0.966536 0.625773 0.609688 0.901852 0.929436 0.607707 0.770400 0.778570 0.928493 0.781009 0.705824 0.886636 0.920342 0.839089 0.874911 0.710786 0.650769 0.463704 0.491768 0.803722 0.707459 0.564821 0.897746 0.799359 0.986047 0.880107 0.948116 0.906269 0.904768 0.913033 0.955331 0.886153 0.986995 0.495797 0.601939 0.612478 0.547776 0.488636 0.725588 0.912649 0.967660 0.863156 0.911466 0.883833 0.989760 0.865872 0.904342 0.919301 0.927290 0.708916 0.831175 0.857132 0.741427 0.561858 0.756830 0.743197 0.833481 0.677672 0.849925 0.955690 0.843640 0.750526 0.932782 0.710557 0.925377 0.849946 0.823720 0.968365 0.992602 0.919351 0.990487 0.516737 0.677220 0.667602 0.749905 0.598957 0.815237 0.944224 0.900605 0.993124 0.996565 0.791775 0.963426 0.754327 0.730671 0.703089 0.790648 0.919090 0.864267
0.709176 0.904851 0.808877 0.728502 0.689410 0.976018 0.769859 0.810934 0.919785 0.809182 0.618476 0.653485 0.544508 0.641823 0.697981 0.811072 0.664581 0.754470 0.709733 0.905864 0.854483 0.994030 0.857001 0.914454 0.527472 0.000000 0.876963 0.979583 0.839111 0.741187 0.928763 0.989029 0.793571 0.887660 0.822706 0.822128 0.863340 0.830673 0.916461 0.964167 0.953648 0.929009 0.886890 0.829804 0.758772 0.758280 0.990395 0.887338 0.765124 0.909079 0.846799 0.917505 0.896157 0.981827 0.975156 0.872543 0.983364 0.859286 0.843972 0.998376 0.705268 0.855293 0.685292 0.659311 0.596415 0.563509 0.865175 0.866659 0.993031 0.956393 0.915648 0.996460 0.790979 0.808991 0.922749 0.904251 0.934820 0.885320 0.928495 0.964456 0.764947 0.834961 0.739381 0.805527 0.788446 0.865463 0.984511 0.975064 0.697932 0.919702 0.920130 0.934966 0.955236 0.822729 0.829623 0.988306 0.977352 0.911302 0.776338 0.786801 0.919751 0.915294 0.819407 0.836056 0.927457 0.926353 0.997960 0.956356 0.989789 0.953700 0.993951 0.836845 0.931669 0.966502 0.805826 0.869149
0.884805 0.977061 0.874933 0.882814 0.973899 0.916392 0.554143 0.634574 0.890971 0.648952 0.662809 0.789052 0.736429 0.758999 0.848122 0.888937 0.699520 0.694403 0.688076 0.788547 0.826978 0.990508 0.774266 0.611096 0.679443 0.876963 0.000000 0.946702 0.670339 0.728762 0.813826 0.862676 0.703385 0.648220 0.935439 0.836879 0.841294 0.744361 0.925128 0.949435 0.932338 0.926719 0.721159 0.681142 0.729117 0.699522 0.601528 0.775660 0.801326 0.922003 0.897522 0.862708 0.823913 0.801673 0.911733 0.973053 0.995743 0.917320 0.738699 0.945551 0.600932 0.771792 0.623901 0.667799 0.718666 0.933188 0.846329 0.719573 0.671694 0.874786 0.890811 0.937796 0.945166 0.969520 0.916676 0.967167 0.842595 0.952954 0.764128 0.815453 0.658709 0.716641 0.984092 0.991675 0.993810 0.820910 0.928649 0.747730 0.938001 0.683380 0.979778 0.852306 0.962541 0.647204 0.883280 0.921774 0.933705 0.993419 0.777171 0.885830 0.823678 0.979471 0.793974 0.894512 0.840186 0.950020 0.882211 0.997025 0.925183 0.813652 0.924978 0.999853 0.796633 0.901679 0.906694 0.868615
0.830363 0.784279 0.968230 0.883872 0.744044 0.937008 0.947373 0.804477 0.944169 0.821461 0.993873 0.996227 0.975024 0.892689 0.919604 0.897028 0.972580 0.852936 0.752182 0.746132 0.949501 0.983372 0.986902 0.972117 0.966536 0.979583 0.946702 0.000000 0.987667 0.946119 0.950839 0.946937 0.888987 0.908545 0.975624 0.897429 0.947070 0.881275 0.937655 0.921802 0.847349 0.853296 0.803348 0.820997 0.935969 0.855492 0.862866 0.858036 0.901845 0.852867 0.832859 0.826855 0.950561 0.934464 0.773632 0.862763 0.777312 0.751289 0.791769 0.717256 0.973173 0.922396 0.922681 0.937479 0.903992 0.943202 0.882577 0.845188 0.851447 0.729638 0.929938 0.735582 0.983771 0.954171 0.986997 0.817839 0.996352 0.860951 0.891264 0.939834 0.949823 0.979650 0.980366 0.880548 0.914162 0.792759 0.902634 0.980090 0.878632 0.909613 0.929575 0.920175 0.915580 0.998867 0.949384 0.986622 0.876682 0.938330 0.812413 0.859912 0.919756 0.861570 0.845084 0.922753 0.882008 0.871146 0.835027 0.852872 0.912161 0.957940 0.909012 0.984415 0.901882 0.802297 0.818920 0.869264
0.611873 0.730780 0.838451 0.925046 0.758552 0.627295 0.388548 0.453714 0.684924 0.412283 0.497339 0.461475 0.425903 0.534545 0.492917 0.758293 0.455924 0.444369 0.502719 0.622416 0.910990 0.870802 0.849111 0.851769 0.625773 0.839111 0.670339 0.987667 0.000000 0.347785 0.484923 0.688368 0.414683 0.404098 0.936301 0.980549 0.934107 0.846035 0.879242 0.855431 0.964397 0.929873 0.515956 0.472533 0.477749 0.388043 0.507493 0.501078 0.539549 0.709696 0.632649 0.961300 0.863726 0.932021 0.762794 0.653396 0.761312 0.828444 0.606217 0.818013 0.380107 0.501209 0.389389 0.365147 0.611539 0.964414 0.714756 0.702832 0.985196 0.820836 0.848532 0.891418 0.873060 0.985839 0.966625 0.874453 0.577322 0.866166 0.547236 0.605130 0.330831 0.451187 0.752177 0.695164 0.631967 0.864031 0.958756 0.952750 0.984516 0.847375 0.802369 0.864996 0.965705 0.656929 0.989782 0.920221 0.725671 0.902040 0.603001 0.673101 0.526175 0.775491 0.555319 0.739038 0.747556 0.908326 0.940062 0.868048 0.719942 0.768003 0.825333 0.717066 0.767485 0.734199 0.974291 0.897290
0.617882 0.719547 0.840483 0.960583 0.728312 0.680981 0.394750 0.457692 0.623502 0.423162 0.470064 0.426219 0.378151 0.489881 0.473245 0.640167 0.467312 0.418711 0.520426 0.627610 0.897452 0.913074 0.755049 0.896788 0.609688 0.741187 0.728762 0.946119 0.347785 0.000000 0.590061 0.643799 0.387847 0.378488 0.962306 0.929834 0.873598 0.901994 0.914675 0.878190 0.989930 0.973451 0.513905 0.504576 0.519595 0.418154 0.579877 0.590124 0.564272 0.786456 0.636466 0.967432 0.917454 0.861592 0.743417 0.611780 0.773423 0.836974 0.596299 0.815845 0.353902 0.510213 0.375346 0.334948 0.671333 0.941240 0.753029 0.698040 0.999191 0.750089 0.790644 0.920644 0.885393 0.898516 0.958046 0.966799 0.691353 0.844854 0.628337 0.644081 0.410820 0.546491 0.634174 0.660637 0.592005 0.839600 0.908443 0.927374 0.846356 0.873484 0.885357 0.840442 0.973696 0.661853 0.987367 0.857387 0.736534 0.970483 0.620667 0.680290 0.654428 0.911393 0.536265 0.872714 0.776202 0.793695 0.937171 0.957913 0.825374 0.757596 0.835692 0.762987 0.794148 0.758745 0.997981 0.941864
0.812291 0.838401 0.760113 0.898095 0.992970 0.713085 0.603915 0.611821 0.784182 0.551398 0.831500 0.654911 0.723147 0.799676 0.762199 0.822401 0.693613 0.647482 0.718164 0.738300 0.982616 0.979720 0.887917 0.933649 0.901852 0.928763 0.813826 0.950839 0.484923 0.590061 0.000000 0.669760 0.569191 0.597118 0.890251 0.886528 0.937171 0.993378 0.955486 0.948341 0.891409 0.997832 0.696873 0.664060 0.681549 0.636177 0.711652 0.686206 0.715330 0.759579 0.820350 0.969508 0.920884 0.877833 0.781363 0.784816 0.749125 0.892261 0.727142 0.888954 0.620109 0.644948 0.660734 0.576011 0.828511 0.945842 0.707110 0.715262 0.901742 0.841213 0.912620 0.829050 0.892053 0.925946 0.889168 0.809095 0.625371 0.997530 0.722665 0.730024 0.570031 0.683537 0.916859 0.883433 0.772859 0.818797 0.777832 0.903994 0.894912 0.944824 0.952148 0.866345 0.961489 0.814267 0.925448 0.830808 0.997815 0.987997 0.822999 0.699899 0.704221 0.880192 0.658360 0.866852 0.786689 0.815921 0.947654 0.956177 0.903219 0.804471 0.784982 0.870916 0.868838 0.740820 0.999550 0.972239
0.947527 0.999277 0.726441 0.771841 0.970291 0.886036 0.710930 0.748013 0.954240 0.818850 0.828087 0.776282 0.858836 0.929475 0.880645 0.827062 0.765788 0.642897 0.726127 0.770251 0.982266 0.998263 0.844362 0.891375 0.929436 0.989029 0.862676 0.946937 0.688368 0.643799 0.669760 0.000000 0.672652 0.683610 0.961497 0.874384 0.851263 0.991514 0.900500 0.768657 0.951398 0.928344 0.819005 0.785197 0.931422 0.773756 0.804711 0.777002 0.956718 0.938954 0.919248 0.883527 0.940901 0.786168 0.967985 0.902511 0.897845 0.903096 0.858751 0.969107 0.771725 0.909964 0.771167 0.783473 0.951444 0.779471 0.655114 0.657569 0.889322 0.971455 0.908653 0.920320 0.670421 0.890213 0.956422 0.962163 0.904085 0.915482 0.731636 0.782940 0.733669 0.695910 0.826167 0.757992 0.905443 0.734788 0.993993 0.792922 0.954835 0.824696 0.992285 0.866455 0.995861 0.852003 0.977826 0.886416 0.996613 0.950317 0.932100 0.851511 0.996829 0.932401 0.641989 0.975740 0.839398 0.875997 0.921511 0.854550 0.951250 0.916739 0.922881 0.978819 0.944870 0.975675 0.794468 0.965887
0.576564 0.773413 0.767921 0.897429 0.875739 0.659069 0.332890 0.315971 0.690209 0.350733 0.463556 0.427151 0.426846 0.554986 0.573270 0.837129 0.499753 0.480521 0.467382 0.571406 0.972806 0.830512 0.827571 0.844210 0.607707 0.793571 0.703385 0.888987 0.414683 0.387847 0.569191 0.672652 0.000000 0.409794 0.963736 0.959877 0.934892 0.932937 0.970532 0.983625 0.848119 0.995372 0.506217 0.433914 0.469275 0.402354 0.521361 0.526171 0.548456 0.752566 0.653686 0.940899 0.896222 0.832396 0.723396 0.698585 0.703436 0.766386 0.501150 0.736439 0.322070 0.479784 0.404427 0.347793 0.679737 0.941688 0.685375 0.568688 0.988825 0.671264 0.847447 0.918379 0.932768 0.993771 0.930065 0.947123 0.581676 0.880424 0.697833 0.607386 0.396876 0.519015 0.801051 0.666013 0.676641 0.896226 0.930052 0.874756 0.823261 0.864676 0.872638 0.936162 0.968362 0.680022 0.918312 0.980874 0.764835 0.991717 0.572798 0.681965 0.636668 0.890198 0.590240 0.641321 0.791389 0.863597 0.896089 0.940777 0.891016 0.836890 0.750401 0.792802 0.875749 0.881323 0.990123 0.972668
0.613747 0.725397 0.619855 0.804231 0.957744 0.635255 0.342800 0.360136 0.740991 0.430804 0.488801 0.490075 0.548146 0.629461 0.677431 0.867881 0.452052 0.484769 0.462348 0.554707 0.895109 0.921078 0.949242 0.875989 0.770400 0.887660 0.648220 0.908545 0.404098 0.378488 0.597118 0.683610 0.409794 0.000000 0.988251 0.923364 0.845008 0.959834 0.863591 0.898078 0.908387 0.996247 0.522438 0.416490 0.569526 0.459819 0.449803 0.573668 0.624481 0.734295 0.593386 0.929503 0.906389 0.900985 0.668962 0.637256 0.692053 0.826994 0.463943 0.689435 0.364895 0.555502 0.355445 0.373871 0.775108 0.889142 0.611157 0.518025 0.963871 0.750030 0.865110 0.897865 0.996812 0.984458 0.854694 0.958829 0.605883 0.954777 0.614624 0.655156 0.420754 0.425374 0.880916 0.641483 0.679250 0.795931 0.846883 0.931882 0.933277 0.815854 0.858254 0.870760 0.977863 0.609933 0.969507 0.936612 0.807593 0.949678 0.662846 0.739932 0.706719 0.863425 0.618213 0.806246 0.710109 0.850741 0.833473 0.804798 0.803697 0.743922 0.836014 0.866549 0.884303 0.812955 0.931518 0.913669
0.957226 0.973699 0.806561 0.855989 0.937836 0.882551 0.996032 0.932560 0.996728 0.984760 0.932465 0.959663 0.874233 0.806016 0.907324 0.937083 0.960214 0.957559 0.989898 0.951483 0.981440 0.892300 0.999401 0.893324 0.778570 0.822706 0.935439 0.975624 0.936301 0.962306 0.890251 0.961497 0.963736 0.988251 0.000000 0.848125 0.873295 0.984902 0.881690 0.936680 0.820792 0.739222 0.963290 0.933805 0.967081 0.982964 0.968983 0.933329 0.935861 0.911303 0.931963 0.934802 0.999517 0.999733 0.757264 0.958977 0.885234 0.908645 0.885149 0.862006 0.997321 0.985097 0.988799 0.984818 0.854929 0.793092 0.742778 0.860849 0.984649 0.956398 0.931653 0.877169 0.897013 0.963806 0.933820 0.844326 0.822635 0.922957 0.769207 0.855654 0.958341 0.934408 0.956118 0.999546 0.885758 0.844674 0.955083 0.954334 0.860332 0.939888 0.995150 0.987080 0.943373 0.961761 0.966198 0.999534 0.913735 0.931494 0.934169 0.823127 0.977810 0.895608 0.958902 0.957202 0.999024 0.921589 0.978490 0.999461 0.927365 0.827746 0.799858 0.968739 0.984886 0.964074 0.951771 0.895795
0.855139 0.841363 0.954757 0.859286 0.948863 0.986152 0.962907 0.919934 0.929105 0.967490 0.884929 0.967607 0.907997 0.950638 0.990402 0.965084 0.992873 0.924711 0.991774 0.930150 0.955174 0.784842 0.971042 0.816127 0.928493 0.822128 0.836879 0.897429 0.980549 0.929834 0.886528 0.874384 0.959877 0.923364 0.848125 0.000000 0.857740 0.842870 0.974196 0.927946 0.819622 0.977251 0.988966 0.995976 0.951290 0.998512 0.909660 0.961742 0.900052 0.846362 0.862397 0.809695 0.799065 0.868998 0.765651 0.861622 0.745810 0.692990 0.889247 0.749342 0.926201 0.934224 0.975673 0.938757 0.994082 0.899423 0.828715 0.945109 0.904600 0.702673 0.888247 0.843781 0.986281 0.985187 0.882315 0.879073 0.936321 0.926606 0.978237 0.898860 0.929607 0.925138 0.940212 0.953027 0.997324 0.934970 0.804336 0.893636 0.895489 0.926518 0.891622 0.870894 0.839241 0.805814 0.790170 0.951744 0.975692 0.884973 0.902951 0.847471 0.938803 0.931114 0.943616 0.900363 0.769802 0.857559 0.837884 0.912658 0.961980 0.982041 0.764318 0.969376 0.999137 0.842293 0.958247 0.943257
0.793904 0.920581 0.820255 0.906795 0.971880 0.904821 0.899175 0.896277 0.999760 0.796644 0.855402 0.824649 0.891333 0.801942 0.893838 0.910001 0.882138 0.854450 0.825015 0.993048 0.935645 0.922633 0.882659 0.915630 0.781009 0.863340 0.841294 0.947070 0.934107 0.873598 0.937171 0.851263 0.934892 0.845008 0.873295 0.857740 0.000000 0.916427 0.859841 0.932904 0.964903 0.813701 0.787125 0.774475 0.713322 0.737167 0.932785 0.904055 0.706241 0.773160 0.840450 0.781449 0.899685 0.797382 0.991379 0.983532 0.892294 0.924183 0.978406 0.928358 0.878184 0.862383 0.915444 0.881056 0.754875 0.755097 0.996024 0.986880 0.890928 0.978400 0.993997 0.962054 0.947962 0.938789 0.978296 0.970556 0.842116 0.962201 0.944707 0.882298 0.889697 0.900897 0.973866 0.990521 0.893777 0.921761 0.992568 0.819674 0.855880 0.944351 0.773338 0.843807 0.785882 0.995392 0.984951 0.998516 0.906151 0.986748 0.735474 0.896633 0.905374 0.889817 0.874805 0.961705 0.952742 0.954074 0.968063 0.875632 0.914292 0.833560 0.859403 0.846894 0.640744 0.830442 0.988245 0.857641
0.954350 0.957778 0.951348 0.685597 0.831141 0.995968 0.764706 0.956861 0.860246 0.892542 0.760638 0.914431 0.765302 0.846548 0.778765 0.920574 0.823675 0.897168 0.986627 0.944107 0.913459 0.958381 0.941396 0.823604 0.705824 0.830673 0.744361 0.881275 0.846035 0.901994 0.993378 0.991514 0.932937 0.959834 0.984902 0.842870 0.916427 0.000000 0.998413 0.954253 0.912872 0.977259 0.920165 0.928600 0.890006 0.896383 0.928639 0.941385 0.965290 0.868745 0.877557 0.737703 0.875946 0.846807 0.910407 0.788796 0.830665 0.863722 0.965458 0.805856 0.744948 0.911188 0.771881 0.833120 0.915070 0.958785 0.969759 0.974404 0.797077 0.818268 0.883860 0.974954 0.971057 0.974831 0.825252 0.933188 0.852603 0.976301 0.866891 0.980496 0.772763 0.912411 0.979689 0.946041 0.841888 0.999459 0.978626 0.886939 0.802398 0.851351 0.909655 0.967611 0.988083 0.889374 0.993159 0.881621 0.892637 0.893516 0.857274 0.888266 0.909151 0.907209 0.915019 0.893794 0.988450 0.969165 0.974124 0.974415 0.814381 0.970296 0.912695 0.970711 0.825441 0.986668 0.881907 0.967391
