0.000000 0.418595 0.972845 0.879125 0.894876 0.896757 0.854195 0.731996 0.984578 0.773083 0.637806 0.569528 0.997167 0.840870 0.998468 0.911470 0.512247 0.548610 0.619454 0.575013 0.943441 0.928116 0.993838 0.961395 0.936428 0.894194 0.964732 0.887905 0.723886 0.742398 0.894009 0.868320 0.547123 0.631018 0.950554 0.938436 0.815826 0.771611 0.947556 0.995622 0.768488 0.950134 0.889057 0.749219 0.799206 0.853584 0.891180 0.897738 0.850232 0.954187 0.887124 0.995223 0.868018 0.870555 0.923665 0.837123 0.423216 0.434289 0.674836 0.829039 0.805513 0.922867 0.497048 0.500304 0.797783 0.953738 0.793732 0.762830 0.538899 0.643997 0.630659 0.656096 0.791292 0.776286 0.942541 0.934420 0.735762 0.735208 0.817793 0.768614 0.502369 0.503399 0.991622 0.801597 0.991765 0.873902 0.920316 0.824212 0.785901 0.956798 0.742541 0.745259 0.787552 0.858612 0.977017 0.893821 0.758625 0.969886 0.547917 0.697204 0.840896 0.933194 0.669013 0.627723 0.827264 0.994499 0.941579 0.891261 0.935325 0.890958 0.763116 0.854994 0.853446 0.976595 0.980319 0.987687
0.418595 0.000000 0.784954 0.995341 0.976813 0.951432 0.969698 0.775556 0.837852 0.801130 0.693799 0.527970 0.882905 0.841217 0.795897 0.983382 0.505110 0.488740 0.663451 0.523469 0.981708 0.975036 0.887772 0.940576 0.862357 0.773925 0.999189 0.828492 0.747168 0.662154 0.974533 0.877447 0.619315 0.649106 0.982791 0.857096 0.827168 0.736572 0.884840 0.988235 0.792171 0.773111 0.951587 0.762463 0.827048 0.818664 0.985658 0.968583 0.819466 0.923480 0.952971 0.968597 0.737319 0.753983 0.960739 0.815802 0.379406 0.340054 0.811704 0.810486 0.898396 0.840976 0.613813 0.460867 0.700241 0.951769 0.909658 0.819283 0.564250 0.606921 0.619280 0.708599 0.822504 0.748043 0.996971 0.971089 0.773293 0.753621 0.848354 0.786219 0.521869 0.549536 0.962504 0.776323 0.844317 0.959871 0.966024 0.877146 0.659199 0.909340 0.829636 0.815498 0.865425 0.914537 0.918926 0.924484 0.769600 0.916277 0.602169 0.741608 0.768033 0.995436 0.722495 0.652659 0.913017 0.961498 0.963809 0.948352 0.988297 0.908405 0.783774 0.782444 0.797812 0.950406 0.982324 0.999423
0.972845 0.784954 0.000000 0.487567 0.791980 0.941871 0.417701 0.812390 0.584531 0.901390 0.929462 0.730303 0.736807 0.889274 0.668635 0.924968 0.924743 0.843559 0.755975 0.899642 0.863054 0.862562 0.451244 0.676687 0.549635 0.559747 0.934440 0.856869 0.896996 0.859206 0.550736 0.740772 0.684574 0.704036 0.653639 0.935395 0.858174 0.991429 0.663045 0.907375 0.891424 0.894612 0.712413 0.852938 0.808577 0.961038 0.692542 0.770552 0.790285 0.987315 0.988274 0.932068 0.793037 0.796212 0.809817 0.935419 0.819378 0.738563 0.700636 0.952696 0.668742 0.874930 0.853401 0.760661 0.422902 0.637381 0.489717 0.646609 0.966031 0.854495 0.860167 0.902053 0.947406 0.965299 0.767132 0.815989 0.727971 0.804996 0.874923 0.976878 0.878137 0.962751 0.969607 0.824769 0.524976 0.608425 0.894559 0.926401 0.792928 0.941440 0.852314 0.810152 0.768794 0.643187 0.997225 0.931286 0.984353 0.838526 0.994388 0.918403 0.775737 0.824155 0.990642 0.878996 0.808613 0.581657 0.960867 0.891894 0.987562 0.980699 0.934613 0.931056 0.978175 0.950097 0.861786 0.877467
0.879125 0.995341 0.487567 0.000000 0.900746 0.941468 0.478533 0.625094 0.668382 0.824137 0.992887 0.959549 0.897056 0.979269 0.831154 0.756785 0.980704 0.897990 0.702492 0.920907 0.898212 0.994114 0.488936 0.529335 0.647955 0.645985 0.981666 0.957820 0.839704 0.894312 0.575341 0.697444 0.705243 0.735569 0.732142 0.979451 0.625311 0.793469 0.677424 0.912178 0.808121 0.980989 0.768190 0.924485 0.999414 0.912886 0.776148 0.845367 0.772482 0.938960 0.930502 0.990891 0.782713 0.676991 0.786028 0.896366 0.997842 0.933483 0.707131 0.977935 0.720636 0.912653 0.749525 0.990159 0.618818 0.662641 0.623359 0.788330 0.912267 0.927822 0.687451 0.696206 0.700860 0.822983 0.776680 0.861501 0.689471 0.805513 0.831831 0.989077 0.957492 0.922069 0.942071 0.965227 0.654820 0.605968 0.908396 0.949957 0.957114 0.918473 0.754727 0.738318 0.703760 0.659027 0.937056 0.978803 0.916736 0.927137 0.971671 0.884996 0.950685 0.705063 0.886441 0.932298 0.781171 0.649498 0.969410 0.808549 0.952831 0.958243 0.983241 0.959330 0.965175 0.947838 0.970356 0.972057
0.894876 0.976813 0.791980 0.900746 0.000000 0.762952 0.815169 0.972659 0.834419 0.913920 0.713473 0.897175 0.712927 0.987794 0.828800 0.903746 0.979692 0.922673 0.885846 0.987755 0.975682 0.851497 0.889156 0.977544 0.953876 0.988147 0.837300 0.951265 0.882307 0.949911 0.895145 0.867419 0.822924 0.787376 0.892150 0.892018 0.972392 0.886772 0.926706 0.995107 0.913179 0.871490 0.953175 0.838847 0.728057 0.841717 0.927825 0.793828 0.908484 0.889672 0.888016 0.992364 0.957793 0.999848 0.905928 0.923481 0.980783 0.945821 0.856012 0.927212 0.715689 0.938682 0.973296 0.879861 0.778506 0.757149 0.731374 0.664624 0.930761 0.938977 0.953168 0.915650 0.935885 0.922058 0.943029 0.971082 0.853975 0.947049 0.959939 0.914008 0.977181 0.983416 0.925761 0.903135 0.845220 0.865965 0.913257 0.849153 0.865776 0.790926 0.920186 0.886245 0.902307 0.822319 0.963437 0.939905 0.923781 0.953888 0.862394 0.913128 0.961233 0.911377 0.961992 0.803831 0.859481 0.944902 0.936072 0.994114 0.913441 0.993872 0.846566 0.971524 0.932432 0.973307 0.961476 0.720498
0.896757 0.951432 0.941871 0.941468 0.762952 0.000000 0.841035 0.762124 0.866089 0.821311 0.824519 0.821625 0.790778 0.987041 0.973645 0.875017 0.991337 0.973987 0.965497 0.994567 0.945757 0.837890 0.953237 0.897880 0.974576 0.998038 0.874797 0.948950 0.927254 0.993370 0.897139 0.933822 0.937618 0.894848 0.844848 0.886671 0.948079 0.819696 0.958006 0.884899 0.994395 0.898633 0.935014 0.925825 0.868721 0.832449 0.952161 0.974861 0.999675 0.991328 0.963257 0.986632 0.981015 0.896815 0.963674 0.984268 0.995184 0.975305 0.792368 0.903932 0.681712 0.798940 0.893539 0.927946 0.966074 0.897696 0.884497 0.787023 0.984830 0.920242 0.920449 0.906171 0.972716 0.940640 0.951668 0.996655 0.887702 0.986105 0.997936 0.957597 0.992641 0.922113 0.821012 0.928077 0.940095 0.948578 0.998411 0.841892 0.997447 0.911954 0.788860 0.819234 0.725300 0.839143 0.909114 0.974630 0.913124 0.911126 0.821475 0.968576 0.828654 0.799867 0.896847 0.966014 0.988804 0.922762 0.948616 0.987853 0.964239 0.892630 0.811711 0.900815 0.933122 0.971323 0.995536 0.838163
0.854195 0.969698 0.417701 0.478533 0.815169 0.841035 0.000000 0.573555 0.646756 0.626405 0.728966 0.960996 0.719720 0.883221 0.698048 0.813729 0.851082 0.935280 0.555550 0.884605 0.921577 0.897212 0.455361 0.600563 0.769891 0.789997 0.902345 0.983623 0.929973 0.919998 0.526895 0.682394 0.613993 0.593444 0.740064 0.998071 0.872427 0.980064 0.761423 0.990869 0.933177 0.950436 0.621139 0.740175 0.775093 0.910492 0.689250 0.752954 0.822752 0.921349 0.993994 0.935800 0.846876 0.789184 0.951448 0.864761 0.955062 0.931181 0.718048 0.862424 0.702135 0.888577 0.609152 0.978775 0.671423 0.828502 0.506426 0.719144 0.929718 0.996250 0.676320 0.762664 0.718967 0.800086 0.798268 0.766469 0.651291 0.811428 0.760188 0.856863 0.904608 0.835615 0.939470 0.938460 0.576398 0.676655 0.906085 0.909373 0.967500 0.921204 0.658392 0.587385 0.672219 0.614842 0.969345 0.947272 0.884580 0.849168 0.796700 0.687041 0.899396 0.651079 0.846631 0.900591 0.862034 0.708089 0.956173 0.767404 0.996101 0.982465 0.828212 0.915511 0.890117 0.974536 0.905885 0.889506
0.731996 0.775556 0.812390 0.625094 0.972659 0.762124 0.573555 0.000000 0.890519 0.532236 0.784421 0.650839 0.784205 0.730690 0.919860 0.718145 0.833058 0.952146 0.657510 0.799744 0.923135 0.978418 0.802219 0.813153 0.878096 0.983256 0.758175 0.851996 0.924225 0.843414 0.762515 0.865346 0.757298 0.707579 0.880931 0.974695 0.835145 0.953857 0.868525 0.843871 0.936190 0.885738 0.836798 0.807245 0.900437 0.875399 0.937333 0.933454 0.981856 0.848981 0.891260 0.909791 0.914597 0.857082 0.973612 0.953439 0.814674 0.844741 0.717658 0.911159 0.712495 0.706220 0.577630 0.677665 0.895942 0.967049 0.757159 0.831779 0.796958 0.853173 0.587254 0.741454 0.660703 0.697522 0.840169 0.918806 0.750439 0.930670 0.856489 0.959863 0.824923 0.835250 0.884473 0.883892 0.955466 0.972663 0.993468 0.908499 0.843385 0.901696 0.527720 0.524986 0.615540 0.677668 0.886516 0.953775 0.731062 0.949657 0.724103 0.745080 0.708600 0.551998 0.752231 0.656672 0.954847 0.862008 0.953207 0.785719 0.895601 0.921646 0.813002 0.904732 0.825622 0.874672 0.957777 0.943159
0.984578 0.837852 0.584531 0.668382 0.834419 0.866089 0.646756 0.890519 0.000000 0.859815 0.936839 0.843989 0.815781 0.829000 0.836980 0.839007 0.966206 0.854449 0.945751 0.903939 0.909890 0.815600 0.722332 0.839942 0.756271 0.703195 0.994620 0.793968 0.916362 0.802060 0.783102 0.947301 0.946310 0.964152 0.785402 0.948174 0.853576 0.987501 0.835027 0.836214 0.886993 0.988600 0.837236 0.914948 0.862826 0.960500 0.673816 0.866794 0.952882 0.916429 0.855146 0.868271 0.743235 0.845692 0.903986 0.959750 0.856828 0.847546 0.618460 0.791197 0.672166 0.968137 0.967957 0.931422 0.635744 0.728139 0.698868 0.815153 0.936996 0.975928 0.885300 0.882063 0.992736 0.946073 0.882381 0.911848 0.789133 0.988513 0.953341 0.981945 0.964081 0.934250 0.830450 0.949324 0.781085 0.851291 0.866858 0.907879 0.706242 0.838437 0.785409 0.840595 0.737646 0.775115 0.969533 0.904904 0.930757 0.911709 0.965765 0.915060 0.934912 0.966586 0.941049 0.947160 0.831349 0.750094 0.898755 0.879235 0.911930 0.969941 0.922663 0.893197 0.848033 0.996541 0.889827 0.789204
0.773083 0.801130 0.901390 0.824137 0.913920 0.821311 0.626405 0.532236 0.859815 0.000000 0.689166 0.789687 0.815524 0.747733 0.992585 0.812195 0.724428 0.748333 0.630275 0.730991 0.931930 0.990806 0.867411 0.926731 0.779428 0.808923 0.847616 0.846065 0.755458 0.666354 0.787977 0.894933 0.833926 0.703275 0.941744 0.969243 0.899561 0.985472 0.916150 0.827615 0.959894 0.986150 0.644509 0.635872 0.767679 0.760191 0.905269 0.814970 0.861955 0.972945 0.913192 0.903135 0.913277 0.984654 0.827712 0.882909 0.778936 0.859270 0.865240 0.926945 0.887725 0.946917 0.659927 0.757728 0.827008 0.842566 0.839583 0.949252 0.921728 0.952101 0.579711 0.724347 0.764846 0.703174 0.907809 0.819171 0.702702 0.964317 0.869087 0.918082 0.785962 0.830060 0.871455 0.933392 0.943671 0.912605 0.925605 0.875799 0.775678 0.786778 0.518907 0.548798 0.699329 0.815425 0.904604 0.967465 0.849046 0.958652 0.642237 0.625679 0.823948 0.790332 0.673394 0.694098 0.969164 0.993790 0.999485 0.780102 0.891366 0.942526 0.837467 0.744671 0.775318 0.854353 0.990425 0.893149
0.637806 0.693799 0.929462 0.992887 0.713473 0.824519 0.728966 0.784421 0.936839 0.689166 0.000000 0.678258 0.678801 0.722804 0.784025 0.940886 0.627862 0.607969 0.605163 0.645273 0.955190 0.961272 0.974814 0.972372 0.836672 0.779670 0.995875 0.841566 0.650026 0.634762 0.859508 0.896341 0.687978 0.632605 0.931311 0.987091 0.890902 0.832573 0.973260 0.985843 0.975412 0.974180 0.874210 0.768821 0.739742 0.849675 0.916476 0.886071 0.968208 0.981080 0.875134 0.855161 0.805201 0.808730 0.849036 0.941093 0.682831 0.714778 0.844982 0.960887 0.825085 0.897779 0.612352 0.768505 0.887769 0.871709 0.809201 0.797670 0.741361 0.798706 0.708658 0.827256 0.831445 0.861847 0.996270 0.822585 0.801482 0.818660 0.830641 0.679619 0.697573 0.611829 0.927869 0.979862 0.933480 0.954340 0.794515 0.833377 0.901233 0.681056 0.740413 0.718470 0.821847 0.821676 0.868351 0.985700 0.843570 0.898292 0.593778 0.690834 0.977854 0.877985 0.804358 0.852911 0.980975 0.962276 0.889238 0.997666 0.977131 0.929425 0.852975 0.881742 0.871955 0.917731 0.930718 0.821444
0.569528 0.527970 0.730303 0.959549 0.897175 0.821625 0.960996 0.650839 0.843989 0.789687 0.678258 0.000000 0.890847 0.664191 0.872308 0.802763 0.694122 0.717117 0.783304 0.689391 0.908358 0.978890 0.788322 0.847761 0.657777 0.643988 0.800804 0.774079 0.827091 0.713269 0.871964 0.909016 0.825109 0.877191 0.822905 0.974560 0.954948 0.902274 0.861493 0.911945 0.926521 0.868175 0.870613 0.917426 0.988965 0.944476 0.862947 0.971018 0.915738 0.872230 0.992278 0.854289 0.803722 0.866143 0.890303 0.902178 0.602994 0.561548 0.876426 0.775268 0.863275 0.739004 0.616037 0.467710 0.578066 0.807732 0.933370 0.973683 0.658768 0.765732 0.719955 0.835111 0.815551 0.820834 0.971795 0.897495 0.937564 0.955050 0.948799 0.924838 0.682566 0.678570 0.938482 0.720500 0.709672 0.780108 0.915878 0.914124 0.815937 0.797643 0.751711 0.759142 0.852124 0.904052 0.990015 0.970896 0.815472 0.922886 0.695103 0.830308 0.736103 0.886507 0.836275 0.666569 0.982292 0.872431 0.912010 0.979080 0.884962 0.853585 0.840753 0.903855 0.856510 0.907759 0.954636 0.961566
0.997167 0.882905 0.736807 0.897056 0.712927 0.790778 0.719720 0.784205 0.815781 0.815524 0.678801 0.890847 0.000000 0.779728 0.707990 0.809189 0.961065 0.970253 0.933326 0.948458 0.921260 0.987342 0.941181 0.971709 0.911678 0.983018 0.971759 0.977076 0.949045 0.953821 0.915916 0.910692 0.883484 0.897220 0.987283 0.944121 0.945676 0.840370 0.969116 0.935963 0.945103 0.872738 0.931826 0.886712 0.849408 0.929231 0.888408 0.871089 0.896460 0.957623 0.922874 0.927975 0.983445 0.899453 0.911408 0.993442 0.841850 0.850476 0.813424 0.928795 0.685461 0.969678 0.840360 0.963636 0.862166 0.986250 0.833701 0.847127 0.944208 0.892928 0.946871 0.994265 0.990295 0.923763 0.916654 0.851143 0.944178 0.965796 0.998142 0.942099 0.889818 0.983349 0.865711 0.838456 0.903781 0.936985 0.897936 0.857434 0.819342 0.835141 0.809026 0.838676 0.814562 0.833724 0.925460 0.989701 0.953221 0.917940 0.888769 0.971378 0.950839 0.848782 0.988299 0.982472 0.984325 0.942701 0.994919 0.980787 0.925903 0.868103 0.926715 0.989931 0.960113 0.969900 0.987420 0.833953
0.840870 0.841217 0.889274 0.979269 0.987794 0.987041 0.883221 0.730690 0.829000 0.747733 0.722804 0.664191 0.779728 0.000000 0.871822 0.746821 0.734211 0.723644 0.712328 0.773618 0.850559 0.952251 0.974876 0.927809 0.765407 0.737195 0.848704 0.722581 0.736475 0.630242 0.961609 0.849421 0.899368 0.912715 0.731068 0.975396 0.907041 0.954848 0.929197 0.921365 0.866609 0.991052 0.826639 0.863284 0.963041 0.958534 0.998383 0.930807 0.968436 0.781375 0.934561 0.788743 0.898354 0.960196 0.908073 0.974947 0.789901 0.834734 0.911308 0.848086 0.836892 0.890813 0.646537 0.771095 0.730088 0.659415 0.911469 0.852274 0.916722 0.926971 0.878869 0.921214 0.833970 0.764793 0.991555 0.871923 0.995266 0.930785 0.850392 0.805647 0.802647 0.712714 0.833934 0.893311 0.973612 0.897782 0.990243 0.808467 0.821350 0.702823 0.907409 0.909451 0.957281 0.950208 0.926326 0.898833 0.950235 0.993330 0.802645 0.790851 0.828505 0.804796 0.817522 0.752223 0.841911 0.744125 0.971424 0.937266 0.936797 0.818300 0.947219 0.850502 0.883331 0.876036 0.968743 0.915525
0.998468 0.795897 0.668635 0.831154 0.828800 0.973645 0.698048 0.919860 0.836980 0.992585 0.784025 0.872308 0.707990 0.871822 0.000000 0.817457 0.928608 0.938207 0.795810 0.959774 0.830565 0.915397 0.673671 0.767442 0.809634 0.827946 0.905928 0.928660 0.805868 0.888948 0.775577 0.834086 0.836086 0.897634 0.955262 0.928367 0.990288 0.899554 0.785986 0.795181 0.960285 0.822037 0.659621 0.764115 0.843277 0.939250 0.676571 0.628030 0.992064 0.959679 0.966626 0.997061 0.921129 0.999759 0.996993 0.945998 0.918089 0.815119 0.942554 0.794868 0.933871 0.677685 0.837604 0.819580 0.673279 0.938339 0.842744 0.940929 0.996604 0.812369 0.948510 0.981755 0.991987 0.877673 0.960493 0.826092 0.976305 0.858006 0.847099 0.825016 0.965848 0.916229 0.897893 0.974941 0.600345 0.744536 0.920028 0.975745 0.813929 0.934458 0.954195 0.930851 0.963279 0.959367 0.831480 0.965380 0.895131 0.874565 0.967661 0.851816 0.792708 0.983684 0.977697 0.861016 0.972113 0.876295 0.999524 0.924205 0.986657 0.936089 0.936817 0.983939 0.968710 0.969588 0.870601 0.880666
0.911470 0.983382 0.924968 0.756785 0.903746 0.875017 0.813729 0.718145 0.839007 0.812195 0.940886 0.802763 0.809189 0.746821 0.817457 0.000000 0.894507 0.964110 0.800746 0.818336 0.989302 0.882536 0.789130 0.731768 0.980337 0.895835 0.810569 0.930768 0.938827 0.811930 0.894845 0.828413 0.983939 0.984865 0.914475 0.913909 0.784903 0.963973 0.912495 0.866676 0.986687 0.967102 0.895410 0.919620 0.845254 0.862385 0.919087 0.911060 0.918864 0.824172 0.992137 0.853847 0.948925 0.986545 0.936903 0.879703 0.963208 0.963585 0.988257 0.917135 0.969799 0.990907 0.764186 0.871397 0.928425 0.916969 0.868591 0.805820 0.896469 0.878133 0.765872 0.875975 0.815010 0.897224 0.881399 0.963397 0.950347 0.945884 0.964511 0.972539 0.882129 0.851110 0.939614 0.755054 0.943845 0.953048 0.977993 0.808719 0.941629 0.971551 0.873750 0.981512 0.910221 0.976436 0.973718 0.962575 0.974766 0.943066 0.941585 0.930619 0.997485 0.935054 0.947954 0.800863 0.975625 0.908897 0.849392 0.961501 0.985917 0.995039 0.990795 0.882082 0.992818 0.965674 0.931742 0.988729
0.512247 0.505110 0.924743 0.980704 0.979692 0.991337 0.851082 0.833058 0.966206 0.724428 0.627862 0.694122 0.961065 0.734211 0.928608 0.894507 0.000000 0.379683 0.518325 0.511664 0.970712 0.987127 0.891321 0.910804 0.862888 0.775280 0.990275 0.828064 0.563215 0.532984 0.853565 0.714271 0.612372 0.645217 0.957996 0.908479 0.920824 0.932420 0.928446 0.986132 0.839136 0.886014 0.704651 0.652908 0.816119 0.881514 0.906819 0.924370 0.928137 0.949843 0.925806 0.823558 0.703235 0.781215 0.864437 0.939593 0.387893 0.482423 0.945936 0.911215 0.960108 0.813911 0.537407 0.576479 0.788296 0.797689 0.865002 0.924948 0.674944 0.768250 0.612317 0.677665 0.839903 0.767119 0.927696 0.885217 0.840141 0.786041 0.753090 0.667682 0.414493 0.471167 0.818125 0.809092 0.956110 0.867800 0.984620 0.947578 0.774690 0.821682 0.815314 0.789075 0.882682 0.959555 0.979657 0.934098 0.806297 0.916337 0.661181 0.600101 0.903754 0.970156 0.694565 0.692346 0.981539 0.864230 0.917851 0.911625 0.930018 0.877310 0.744032 0.785158 0.783988 0.987640 0.913227 0.957254
0.548610 0.488740 0.843559 0.897990 0.922673 0.973987 0.935280 0.952146 0.854449 0.748333 0.607969 0.717117 0.970253 0.723644 0.938207 0.964110 0.379683 0.000000 0.566135 0.466534 0.970718 0.970715 0.974734 0.972511 0.816565 0.688441 0.923154 0.789063 0.534844 0.477517 0.947238 0.783326 0.663997 0.664002 0.894832 0.916251 0.970206 0.944754 0.817233 0.947248 0.911964 0.904904 0.762312 0.663232 0.791474 0.848476 0.944018 0.869448 0.893946 0.981996 0.882602 0.835686 0.649308 0.698111 0.808492 0.981104 0.396821 0.463069 0.977649 0.875080 0.899068 0.784715 0.582116 0.624854 0.746229 0.780134 0.906407 0.951829 0.660111 0.751560 0.698499 0.779761 0.876745 0.752622 0.959391 0.878576 0.854342 0.763652 0.754803 0.672376 0.425349 0.447577 0.801062 0.806881 0.967347 0.906607 0.947325 0.967086 0.670870 0.789892 0.916490 0.854183 0.980561 0.975593 0.958068 0.923483 0.864542 0.902655 0.665961 0.621558 0.930100 0.934423 0.707705 0.724307 0.947990 0.799194 0.961809 0.954275 0.941056 0.926325 0.769053 0.705724 0.778672 0.953278 0.950682 0.971982
0.619454 0.663451 0.755975 0.702492 0.885846 0.965497 0.555550 0.657510 0.945751 0.630275 0.605163 0.783304 0.933326 0.712328 0.795810 0.800746 0.518325 0.566135 0.000000 0.513013 0.989700 0.952632 0.585275 0.665720 0.912707 0.926052 0.969341 0.812277 0.684535 0.603392 0.685217 0.603201 0.546113 0.520991 0.935854 0.908913 0.890090 0.971374 0.922144 0.943081 0.911411 0.985384 0.652768 0.677581 0.853836 0.961910 0.844818 0.807723 0.870003 0.835474 0.825960 0.730954 0.797612 0.959264 0.954363 0.917828 0.583295 0.709408 0.924958 0.780100 0.984928 0.770819 0.492498 0.770960 0.973889 0.922009 0.688243 0.835744 0.738841 0.884154 0.500980 0.665759 0.660078 0.668645 0.894167 0.795167 0.717485 0.752510 0.705308 0.689116 0.576658 0.543623 0.885934 0.875152 0.733355 0.749189 0.854620 0.991666 0.751425 0.753631 0.706821 0.644507 0.792261 0.787719 0.911599 0.885146 0.837736 0.854705 0.676111 0.586320 0.974908 0.767878 0.726240 0.759367 0.963015 0.930114 0.964592 0.940721 0.916199 0.987876 0.854913 0.816093 0.857933 0.990927 0.966131 0.962330
0.575013 0.523469 0.899642 0.920907 0.987755 0.994567 0.884605 0.799744 0.903939 0.730991 0.645273 0.689391 0.948458 0.773618 0.959774 0.818336 0.511664 0.466534 0.513013 0.000000 0.974039 0.922712 0.901028 0.846041 0.878131 0.772392 0.969467 0.740619 0.638587 0.586676 0.936713 0.709189 0.694037 0.696606 0.881259 0.859902 0.828461 0.921896 0.899619 0.890036 0.888339 0.888325 0.833975 0.755490 0.979955 0.960944 0.989605 0.905791 0.930041 0.846065 0.794239 0.707316 0.680946 0.801086 0.860426 0.914330 0.482786 0.526887 0.972440 0.866577 0.915367 0.885694 0.582482 0.627187 0.775867 0.837985 0.949761 0.996633 0.636029 0.752926 0.557633 0.735149 0.721303 0.701770 0.973983 0.937098 0.804377 0.780543 0.769436 0.768502 0.470862 0.498290 0.855875 0.702928 0.995069 0.932618 0.920728 0.958413 0.636082 0.774999 0.818284 0.766910 0.875182 0.955689 0.947899 0.934299 0.922250 0.939339 0.701300 0.668470 0.968983 0.963041 0.758883 0.677515 0.979864 0.889737 0.960873 0.967105 0.991248 0.942310 0.836523 0.806917 0.934313 0.896838 0.992204 0.882448
0.943441 0.981708 0.863054 0.898212 0.975682 0.945757 0.921577 0.923135 0.909890 0.931930 0.955190 0.908358 0.921260 0.850559 0.830565 0.989302 0.970712 0.970718 0.989700 0.974039 0.000000 0.904502 0.931840 0.945292 0.837724 0.750261 0.768706 0.924815 0.882622 0.909849 0.969087 0.910011 0.908433 0.906447 0.894090 0.942857 0.953962 0.954336 0.918647 0.921171 0.953185 0.976385 0.967562 0.859902 0.923470 0.993286 0.849997 0.822708 0.935398 0.884288 0.901591 0.868601 0.976991 0.988624 0.860773 0.753073 0.976469 0.955022 0.874307 0.967857 0.798282 0.966083 0.941031 0.921052 0.784385 0.808745 0.821127 0.861214 0.998433 0.985070 0.964287 0.969172 0.963983 0.861608 0.935163 0.956349 0.989433 0.922562 0.891238 0.977802 0.996023 0.953399 0.984782 0.918502 0.825681 0.838613 0.909924 0.842201 0.891353 0.938988 0.999006 0.960872 0.960578 0.934581 0.877872 0.862615 0.906923 0.978395 0.996592 0.981871 0.936429 0.894642 0.901835 0.846125 0.963060 0.813219 0.978970 0.852326 0.978576 0.966000 0.821342 0.937834 0.902339 0.893429 0.796764 0.952368
0.928116 0.975036 0.862562 0.994114 0.851497 0.837890 0.897212 0.978418 0.815600 0.990806 0.961272 0.978890 0.987342 0.952251 0.915397 0.882536 0.987127 0.970715 0.952632 0.922712 0.904502 0.000000 0.881687 0.998948 0.850536 0.808846 0.943424 0.865850 0.928150 0.992637 0.931676 0.963960 0.985646 0.972676 0.970534 0.984037 0.992102 0.901705 0.981853 0.945678 0.977857 0.944393 0.868425 0.841070 0.822035 0.864434 0.919237 0.869100 0.874268 0.841182 0.880081 0.834773 0.906576 0.998674 0.926896 0.805375 0.982944 0.994545 0.827151 0.910013 0.905487 0.979650 0.993113 0.937052 0.890441 0.897654 0.890220 0.901428 0.914152 0.948743 0.976281 0.961546 0.857677 0.880775 0.801368 0.960668 0.903691 0.961900 0.854607 0.994026 0.970666 0.921125 0.902869 0.972334 0.946282 0.973585 0.951910 0.966317 0.901753 0.918253 0.921417 0.982020 0.880214 0.968279 0.863002 0.769470 0.899612 0.963394 0.840324 0.892827 0.999983 0.942212 0.929260 0.971048 0.876492 0.976824 0.866772 0.992523 0.929450 0.934814 0.869260 0.964726 0.850447 0.934970 0.794586 0.754249
0.993838 0.887772 0.451244 0.488936 0.889156 0.953237 0.455361 0.802219 0.722332 0.867411 0.974814 0.788322 0.941181 0.974876 0.673671 0.789130 0.891321 0.974734 0.585275 0.901028 0.931840 0.881687 0.000000 0.445936 0.605230 0.697414 0.958022 0.988883 0.983285 0.920857 0.540663 0.604423 0.706094 0.714013 0.821921 0.892703 0.820678 0.926544 0.652789 0.917851 0.930562 0.995962 0.605373 0.763649 0.883287 0.971978 0.729899 0.746850 0.794598 0.951276 0.943500 0.954973 0.834820 0.739131 0.916218 0.826031 0.992146 0.864939 0.921446 0.732892 0.910305 0.784197 0.791231 0.800956 0.537738 0.743975 0.638520 0.852292 0.991884 0.890744 0.710667 0.836194 0.816945 0.828113 0.799507 0.846180 0.755356 0.793591 0.829371 0.891382 0.974340 0.917027 0.869956 0.953785 0.495115 0.500965 0.743119 0.900506 0.954375 0.956023 0.931270 0.854756 0.917802 0.758359 0.959125 0.898532 0.981828 0.787596 0.988175 0.814430 0.750192 0.794899 0.969657 0.978207 0.867082 0.740547 0.913860 0.878050 0.871820 0.988544 0.932347 0.993497 0.952154 0.976537 0.910409 0.964323
0.961395 0.940576 0.676687 0.529335 0.977544 0.897880 0.600563 0.813153 0.839942 0.926731 0.972372 0.847761 0.971709 0.927809 0.767442 0.731768 0.910804 0.972511 0.665720 0.846041 0.945292 0.998948 0.445936 0.000000 0.692002 0.780730 0.935475 0.932274 0.976914 0.929053 0.691860 0.586455 0.817093 0.868459 0.969313 0.999669 0.831740 0.901927 0.669663 0.961264 0.930980 0.958595 0.711629 0.902608 0.950904 0.865574 0.776758 0.825137 0.798469 0.905622 0.947410 0.921249 0.802697 0.710634 0.914213 0.799677 0.971442 0.927842 0.966635 0.672948 0.939256 0.841081 0.818589 0.866036 0.752901 0.894697 0.855009 0.933574 0.983363 0.934911 0.808356 0.787519 0.735054 0.714457 0.899647 0.922117 0.889526 0.840839 0.899503 0.886762 0.923032 0.859791 0.915436 0.980219 0.573823 0.578473 0.808580 0.862892 0.946857 0.979537 0.960198 0.912455 0.999903 0.886535 0.857583 0.945030 0.948135 0.798226 0.923071 0.876788 0.885121 0.787701 0.975993 0.954840 0.892439 0.890361 0.947576 0.818965 0.907513 0.912931 0.988868 0.926307 0.977673 0.888529 0.960739 0.959336
0.936428 0.862357 0.549635 0.647955 0.953876 0.974576 0.769891 0.878096 0.756271 0.779428 0.836672 0.657777 0.911678 0.765407 0.809634 0.980337 0.862888 0.816565 0.912707 0.878131 0.837724 0.850536 0.605230 0.692002 0.000000 0.464122 0.814627 0.747427 0.782080 0.792448 0.642745 0.752648 0.794724 0.834063 0.707136 0.919632 0.761784 0.856132 0.675368 0.758052 0.847742 0.979953 0.861773 0.995074 0.948264 0.958324 0.748811 0.865461 0.900020 0.868592 0.897241 0.769153 0.792774 0.863813 0.718901 0.977165 0.841894 0.822519 0.823820 0.954188 0.856953 0.860008 0.918951 0.713978 0.485553 0.631447 0.752506 0.810091 0.950574 0.913342 0.959809 0.984056 0.989108 0.889483 0.883168 0.984079 0.897279 0.834640 0.959263 0.911663 0.886392 0.918322 0.896766 0.893840 0.562028 0.549926 0.782599 0.931916 0.808893 0.855356 0.840372 0.832565 0.979511 0.940771 0.879088 0.994992 0.896181 0.861881 0.851716 0.882910 0.756304 0.941571 0.876207 0.702914 0.843550 0.690863 0.863741 0.997920 0.874921 0.813542 0.964805 0.816741 0.869913 0.763020 0.924953 0.999121
0.894194 0.773925 0.559747 0.645985 0.988147 0.998038 0.789997 0.983256 0.703195 0.808923 0.779670 0.643988 0.983018 0.737195 0.827946 0.895835 0.775280 0.688441 0.926052 0.772392 0.750261 0.808846 0.697414 0.780730 0.464122 0.000000 0.857364 0.700643 0.684355 0.681670 0.725073 0.849604 0.901241 0.909939 0.679386 0.891442 0.717544 0.931818 0.658163 0.770519 0.875638 0.951549 0.905160 0.974999 0.984784 0.937086 0.734993 0.896523 0.919474 0.928047 0.856935 0.794014 0.787525 0.884628 0.735459 0.985574 0.767654 0.737261 0.774909 0.936832 0.775905 0.997098 0.883111 0.759467 0.514696 0.622338 0.791432 0.797047 0.976702 0.886017 0.956668 0.973643 0.936533 0.762701 0.905175 0.988818 0.967720 0.945442 0.994731 0.879013 0.838353 0.823950 0.963367 0.901788 0.693135 0.687867 0.884689 0.938543 0.763366 0.784886 0.900401 0.860808 0.948429 0.915074 0.998380 0.970769 0.995392 0.940872 0.800802 0.802428 0.793876 0.989649 0.961021 0.783937 0.834411 0.671883 0.942934 0.935309 0.978206 0.900626 0.968810 0.756317 0.826134 0.872940 0.940298 0.932624
0.964732 0.999189 0.934440 0.981666 0.837300 0.874797 0.902345 0.758175 0.994620 0.847616 0.995875 0.800804 0.971759 0.848704 0.905928 0.810569 0.990275 0.923154 0.969341 0.969467 0.768706 0.943424 0.958022 0.935475 0.814627 0.857364 0.000000 0.965960 0.959910 0.995468 0.944741 0.947463 0.977827 0.924275 0.930085 0.830828 0.881572 0.946916 0.908918 0.924159 0.974507 0.974277 0.935522 0.937899 0.881920 0.988582 0.899309 0.938368 0.952214 0.772635 0.920421 0.844729 0.945168 0.985186 0.999151 0.929481 0.974378 0.989601 0.990529 0.973678 0.988770 0.926752 0.895429 0.883532 0.788310 0.786076 0.901125 0.960962 0.982904 0.893088 0.955033 0.950480 0.931705 0.902737 0.932549 0.995719 0.944262 0.980516 0.956145 0.909965 0.971628 0.919584 0.856116 0.921934 0.955880 0.798477 0.907677 0.966212 0.950730 0.967007 0.839053 0.846920 0.857260 0.988734 0.990926 0.921041 0.842364 0.922430 0.845982 0.865006 0.957287 0.841048 0.897990 0.745401 0.984750 0.987256 0.929087 0.973890 0.985802 0.958529 0.991773 0.920789 0.985302 0.952262 0.893418 0.962660
0.887905 0.828492 0.856869 0.957820 0.951265 0.948950 0.983623 0.851996 0.793968 0.846065 0.841566 0.774079 0.977076 0.722581 0.928660 0.930768 0.828064 0.789063 0.812277 0.740619 0.924815 0.865850 0.988883 0.932274 0.747427 0.700643 0.965960 0.000000 0.790133 0.700258 0.871575 0.992645 0.980067 0.920823 0.794987 0.934367 0.995075 0.997444 0.980862 0.848589 0.884725 0.951405 0.971982 0.885857 0.938201 0.976821 0.865349 0.964792 0.968801 0.878402 0.863011 0.765753 0.855903 0.966162 0.847316 0.942441 0.827206 0.841803 0.792583 0.859606 0.861623 0.978066 0.901338 0.959627 0.819416 0.900844 0.940833 0.942909 0.864214 0.962210 0.854507 0.985017 0.807542 0.756744 0.960172 0.997423 0.970331 0.964385 0.941444 0.756373 0.830737 0.774520 0.917088 0.890105 0.991574 0.985394 0.931369 0.875595 0.849625 0.642616 0.925075 0.868794 0.950912 0.994783 0.923317 0.926275 0.983106 0.915838 0.860258 0.762587 0.929574 0.885323 0.944915 0.883118 0.988171 0.823167 0.971587 0.919225 0.958792 0.911023 0.952041 0.866724 0.888025 0.878789 0.944940 0.936991
0.723886 0.747168 0.896996 0.839704 0.882307 0.927254 0.929973 0.924225 0.916362 0.755458 0.650026 0.827091 0.949045 0.736475 0.805868 0.938827 0.563215 0.534844 0.684535 0.638587 0.882622 0.928150 0.983285 0.976914 0.782080 0.684355 0.959910 0.790133 0.000000 0.553283 0.930426 0.869303 0.801123 0.764415 0.894294 0.990442 0.920743 0.890727 0.903489 0.885443 0.940567 0.988224 0.687180 0.670867 0.700414 0.731658 0.882264 0.811355 0.780326 0.899831 0.984404 0.955742 0.864339 0.807238 0.924520 0.967763 0.663059 0.696401 0.950391 0.869681 0.898586 0.843786 0.742040 0.804883 0.794418 0.798996 0.926499 0.963374 0.761683 0.846748 0.909981 0.985469 0.923271 0.797612 0.916147 0.769836 0.932621 0.748878 0.793127 0.742238 0.600023 0.634502 0.808593 0.848114 0.950758 0.989091 0.951259 0.942978 0.817607 0.803488 0.894998 0.892504 0.970471 0.877453 0.950731 0.904235 0.902477 0.969289 0.690654 0.699476 0.844324 0.914876 0.843160 0.876761 0.892989 0.814484 0.944872 0.974731 0.986804 0.903911 0.769134 0.841377 0.750328 0.983615 0.948404 0.931644
0.742398 0.662154 0.859206 0.894312 0.949911 0.993370 0.919998 0.843414 0.802060 0.666354 0.634762 0.713269 0.953821 0.630242 0.888948 0.811930 0.532984 0.477517 0.603392 0.586676 0.909849 0.992637 0.920857 0.929053 0.792448 0.681670 0.995468 0.700258 0.553283 0.000000 0.915772 0.818654 0.792438 0.749204 0.790966 0.957946 0.951613 0.967512 0.883976 0.922903 0.949455 0.932542 0.744173 0.648127 0.837601 0.835549 0.993431 0.841869 0.862563 0.964648 0.881202 0.833877 0.744060 0.828016 0.725271 0.917528 0.588271 0.657454 0.848154 0.788903 0.876821 0.862241 0.685506 0.716589 0.747520 0.748497 0.955063 0.945067 0.802330 0.986845 0.706646 0.907368 0.940002 0.778418 0.930209 0.954842 0.980996 0.793982 0.814995 0.784459 0.595441 0.610702 0.771671 0.876059 0.966361 0.943917 0.919793 0.902160 0.755726 0.658854 0.930836 0.940427 0.870110 0.916143 0.964623 0.980514 0.964006 0.905301 0.811446 0.740731 0.953841 0.986647 0.821400 0.809774 0.831624 0.727679 0.875885 0.966594 0.999030 0.990205 0.885042 0.884972 0.766795 0.964918 0.968490 0.840377
0.894009 0.974533 0.550736 0.575341 0.895145 0.897139 0.526895 0.762515 0.783102 0.787977 0.859508 0.871964 0.915916 0.961609 0.775577 0.894845 0.853565 0.947238 0.685217 0.936713 0.969087 0.931676 0.540663 0.691860 0.642745 0.725073 0.944741 0.871575 0.930426 0.915772 0.000000 0.674802 0.668084 0.606816 0.686498 0.965588 0.809411 0.956154 0.668680 0.910477 0.891220 0.936253 0.690380 0.775765 0.813077 0.903758 0.749196 0.874759 0.931358 0.973160 0.955119 0.934534 0.887556 0.923497 0.808695 0.935112 0.962279 0.975769 0.766213 0.928563 0.789528 0.871752 0.800108 0.974708 0.667739 0.821978 0.672346 0.778649 0.968878 0.919073 0.743114 0.826475 0.922677 0.959280 0.830776 0.837481 0.768385 0.770437 0.859785 0.898029 0.917373 0.873406 0.914037 0.923990 0.681238 0.665970 0.948754 0.969651 0.915795 0.980852 0.895362 0.888843 0.852260 0.774443 0.909893 0.894895 0.924283 0.881317 0.936030 0.930527 0.954972 0.756663 0.997000 0.941064 0.978752 0.788162 0.924900 0.859764 0.903775 0.906680 0.989322 0.916347 0.918080 0.934023 0.912782 0.881662
0.868320 0.877447 0.740772 0.697444 0.867419 0.933822 0.682394 0.865346 0.947301 0.894933 0.896341 0.909016 0.910692 0.849421 0.834086 0.828413 0.714271 0.783326 0.603201 0.709189 0.910011 0.963960 0.604423 0.586455 0.752648 0.849604 0.947463 0.992645 0.869303 0.818654 0.674802 0.000000 0.711251 0.683441 0.989439 0.872903 0.850916 0.998296 0.866303 0.972019 0.905205 0.967148 0.677383 0.825589 0.974173 0.988166 0.800200 0.867348 0.868494 0.899535 0.927996 0.891396 0.998792 0.919884 0.945895 0.903347 0.758605 0.857080 0.997495 0.750201 0.890383 0.717086 0.734568 0.996240 0.868072 0.963513 0.821952 0.965489 0.961534 0.991775 0.739482 0.758264 0.823041 0.769944 0.920957 0.855975 0.818610 0.715756 0.738182 0.806735 0.799668 0.759961 0.831422 0.959925 0.705883 0.724943 0.888398 0.944751 0.784577 0.989759 0.935005 0.890114 0.918592 0.850228 0.970184 0.874604 0.961170 0.941392 0.910288 0.796628 0.920501 0.887385 0.932064 0.848257 0.988516 0.960794 0.969049 0.890330 0.853391 0.930253 0.845620 0.907758 0.931941 0.974915 0.962264 0.991310
0.547123 0.619315 0.684574 0.705243 0.822924 0.937618 0.613993 0.757298 0.946310 0.833926 0.687978 0.825109 0.883484 0.899368 0.836086 0.983939 0.612372 0.663997 0.546113 0.694037 0.908433 0.985646 0.706094 0.817093 0.794724 0.901241 0.977827 0.980067 0.801123 0.792438 0.668084 0.711251 0.000000 0.439598 0.756342 0.803281 0.827427 0.817245 0.852520 0.966033 0.745520 0.934736 0.699740 0.669378 0.686138 0.803111 0.789957 0.766444 0.973936 0.918689 0.979924 0.993325 0.952665 0.890338 0.875386 0.953195 0.624096 0.698158 0.672618 0.914800 0.695642 0.949589 0.550363 0.731570 0.835188 0.856775 0.521714 0.561922 0.753979 0.797854 0.703287 0.791728 0.859743 0.900596 0.903712 0.889164 0.707131 0.656357 0.745980 0.797471 0.663607 0.628554 0.951365 0.976992 0.710853 0.653327 0.960898 0.831085 0.895620 0.912082 0.838420 0.752208 0.775314 0.787921 0.957009 0.862817 0.916760 0.913372 0.750220 0.793030 0.962533 0.843266 0.817878 0.877877 0.807039 0.828511 0.985140 0.931331 0.950920 0.907670 0.761653 0.904487 0.901040 0.990970 0.951256 0.978873
0.631018 0.649106 0.704036 0.735569 0.787376 0.894848 0.593444 0.707579 0.964152 0.703275 0.632605 0.877191 0.897220 0.912715 0.897634 0.984865 0.645217 0.664002 0.520991 0.696606 0.906447 0.972676 0.714013 0.868459 0.834063 0.909939 0.924275 0.920823 0.764415 0.749204 0.606816 0.683441 0.439598 0.000000 0.733112 0.795995 0.819956 0.981634 0.889009 0.999892 0.838669 0.947401 0.680337 0.614758 0.610735 0.737095 0.794558 0.739288 0.970676 0.895891 0.999232 0.997268 0.869354 0.899029 0.924732 0.964799 0.645380 0.742790 0.728770 0.978185 0.761172 0.917467 0.599314 0.810947 0.864986 0.884096 0.520957 0.560667 0.754502 0.783364 0.643580 0.833356 0.794999 0.869014 0.895254 0.808426 0.693019 0.660411 0.717753 0.816825 0.667100 0.682383 0.926829 0.966188 0.753414 0.710664 0.980507 0.856521 0.835466 0.869142 0.727285 0.695951 0.746172 0.724813 0.966799 0.920078 0.848027 0.986026 0.671047 0.745961 0.971113 0.745547 0.823301 0.898075 0.867327 0.841746 0.985081 0.890318 0.884093 0.933322 0.755821 0.787257 0.727192 0.975157 0.900188 0.855680
0.950554 0.982791 0.653639 0.732142 0.892150 0.844848 0.740064 0.880931 0.785402 0.941744 0.931311 0.822905 0.987283 0.731068 0.955262 0.914475 0.957996 0.894832 0.935854 0.881259 0.894090 0.970534 0.821921 0.969313 0.707136 0.679386 0.930085 0.794987 0.894294 0.790966 0.686498 0.989439 0.756342 0.733112 0.000000 0.964257 0.787492 0.975236 0.787387 0.923563 0.845058 0.990588 0.951074 0.981922 0.793307 0.893939 0.868388 0.919284 0.944829 0.818361 0.861081 0.812594 0.829560 0.909088 0.699357 0.979133 0.953083 0.976410 0.619401 0.810192 0.601654 0.875967 0.961599 0.991104 0.655859 0.618137 0.587422 0.571476 0.914654 0.903953 0.964772 0.927578 0.952133 0.896963 0.895594 0.965526 0.898870 0.930080 0.982678 0.917505 0.975778 0.970518 0.986611 0.976606 0.772750 0.688531 0.971081 0.903654 0.872290 0.730010 0.885991 0.827504 0.744979 0.789519 0.858046 0.871069 0.802361 0.900430 0.983048 0.990339 0.920720 0.842554 0.940269 0.807557 0.859769 0.744812 0.987359 0.894190 0.995777 0.937318 0.961477 0.939288 0.877473 0.856735 0.928607 0.992054
0.938436 0.857096 0.935395 0.979451 0.892018 0.886671 0.998071 0.974695 0.948174 0.969243 0.987091 0.974560 0.944121 0.975396 0.928367 0.913909 0.908479 0.916251 0.908913 0.859902 0.942857 0.984037 0.892703 0.999669 0.919632 0.891442 0.830828 0.934367 0.990442 0.957946 0.965588 0.872903 0.803281 0.795995 0.964257 0.000000 0.847715 0.866407 0.974968 0.908417 0.893661 0.980684 0.953304 0.899403 0.899516 0.991810 0.882032 0.986591 0.919527 0.986636 0.942928 0.975000 0.934610 0.977073 0.983831 0.989311 0.853937 0.904364 0.985558 0.944951 0.928285 0.924557 0.985465 0.965986 0.917952 0.867837 0.843278 0.807351 0.993419 0.857392 0.829974 0.955057 0.994918 0.923904 0.888194 0.946851 0.909012 0.919395 0.884415 0.910859 0.925094 0.972026 0.780548 0.986502 0.983603 0.892265 0.896904 0.974380 0.988799 0.871884 0.923073 0.924908 0.964926 0.940223 0.914752 0.823105 0.989078 0.967437 0.983317 0.969402 0.908355 0.978472 0.905031 0.965565 0.866823 0.990216 0.987963 0.932865 0.943568 0.909711 0.848157 0.942115 0.902500 0.946471 0.959378 0.956434
0.815826 0.827168 0.858174 0.625311 0.972392 0.948079 0.872427 0.835145 0.853576 0.899561 0.890902 0.954948 0.945676 0.907041 0.990288 0.784903 0.920824 0.970206 0.890090 0.828461 0.953962 0.992102 0.820678 0.831740 0.761784 0.717544 0.881572 0.995075 0.920743 0.951613 0.809411 0.850916 0.827427 0.819956 0.787492 0.847715 0.000000 0.674623 0.874503 0.913776 0.754600 0.915241 0.878195 0.915259 0.937394 0.920529 0.983103 0.948564 0.972156 0.958983 0.814513 0.934329 0.916053 0.924879 0.909370 0.921272 0.822796 0.840294 0.788567 0.889552 0.812937 0.829855 0.908264 0.820608 0.855941 0.761753 0.910940 0.916044 0.800905 0.880848 0.725962 0.755794 0.785102 0.874413 0.810526 0.975344 0.877927 0.831538 0.829756 0.908197 0.822049 0.889429 0.892599 0.823132 0.954994 0.732534 0.973186 0.980811 0.995181 0.904668 0.927918 0.903824 0.797537 0.901436 0.911211 0.965624 0.890503 0.921270 0.902000 0.976032 0.956962 0.924596 0.951261 0.906292 0.782899 0.829655 0.995740 0.837975 0.901818 0.878897 0.924150 0.913408 0.983611 0.948643 0.944330 0.911956
0.771611 0.736572 0.991429 0.793469 0.886772 0.819696 0.980064 0.953857 0.987501 0.985472 0.832573 0.902274 0.840370 0.954848 0.899554 0.963973 0.932420 0.944754 0.971374 0.921896 0.954336 0.901705 0.926544 0.901927 0.856132 0.931818 0.946916 0.997444 0.890727 0.967512 0.956154 0.998296 0.817245 0.981634 0.975236 0.866407 0.674623 0.000000 0.932652 0.882552 0.810543 0.917941 0.938176 0.954293 0.995170 0.998031 0.995307 0.964659 0.863422 0.844228 0.787349 0.822874 0.904728 0.897303 0.854598 0.951173 0.818012 0.794624 0.873302 0.870053 0.886194 0.783350 0.898882 0.748142 0.941576 0.848446 0.996097 0.977330 0.856582 0.929722 0.821505 0.738761 0.953239 0.890914 0.806239 0.992555 0.847141 0.864184 0.975147 0.921687 0.944451 0.967147 0.959090 0.819196 0.989234 0.793362 0.932560 0.968226 0.985750 0.789338 0.876903 0.873560 0.917642 0.912075 0.996508 0.984238 0.978627 0.944936 0.985866 0.949599 0.990480 0.821998 0.971621 0.885550 0.807911 0.834453 0.897872 0.918939 0.857964 0.935857 0.990562 0.959852 0.925195 0.953591 0.920585 0.814651
