0.000000 0.229979 0.803707 0.555708 0.767393 0.687261 0.687642 0.535705 0.828550 0.762899 0.317547 0.286093 0.420202 0.517871 0.563175 0.461941 0.285435 0.342292 0.394926 0.341971 0.717099 0.937687 0.763973 0.701360 0.875568 0.996994 0.898085 0.911488 0.446796 0.447010 0.918144 0.934803 0.471723 0.474079 0.873923 0.717681 0.705850 0.736356 0.769699 0.674274 0.690899 0.729685 0.725350 0.701968 0.753200 0.625987 0.387549 0.374454 0.464943 0.459693 0.730762 0.675894 0.993906 0.652727 0.498077 0.501698 0.273067 0.264639 0.294234 0.381388 0.304022 0.388617 0.391000 0.328323 0.641076 0.438748 0.746584 0.785387 0.393721 0.444219 0.780828 0.792519 0.719504 0.687004 0.680304 0.815817 0.717607 0.780620 0.464459 0.499120 0.280138 0.286153 0.625045 0.385267 0.491539 0.541979 0.933557 0.963313 0.647398 0.521499 0.906875 0.964247 0.874340 0.932831 0.629543 0.791086 0.745504 0.764144 0.645105 0.682287 0.971830 0.996177 0.745721 0.711873 0.609285 0.594317 0.913339 0.971736 0.822004 0.933868 0.987093 0.535230 0.764323 0.941691 0.751645 0.986965
0.229979 0.000000 0.753710 0.486387 0.856610 0.632188 0.637688 0.472238 0.716387 0.703993 0.300815 0.235955 0.431154 0.475093 0.566014 0.392026 0.271010 0.322550 0.392569 0.297029 0.666081 0.964464 0.755495 0.649307 0.890281 0.941553 0.902464 0.861395 0.338056 0.400921 0.814883 0.814745 0.410524 0.382775 0.936056 0.666232 0.670520 0.735152 0.747289 0.667900 0.713996 0.691168 0.634499 0.599130 0.701283 0.573460 0.390649 0.387372 0.432912 0.432636 0.603412 0.603334 0.870978 0.777558 0.570852 0.557364 0.250651 0.243133 0.341056 0.406516 0.296787 0.350525 0.405013 0.330224 0.640676 0.428432 0.710381 0.707360 0.388648 0.425392 0.672846 0.666785 0.628075 0.611138 0.694255 0.852493 0.644405 0.705608 0.435697 0.434054 0.318851 0.338823 0.614217 0.423378 0.561099 0.573995 0.994325 0.977896 0.664446 0.582299 0.844672 0.962063 0.835255 0.958803 0.589360 0.757554 0.804818 0.772996 0.610139 0.631386 0.923637 0.977013 0.751459 0.739906 0.601748 0.563971 0.915072 0.968418 0.801707 0.982530 0.970703 0.523585 0.770785 0.907406 0.791394 0.945480
0.803707 0.753710 0.000000 0.376007 0.991807 0.763906 0.523292 0.580101 0.631787 0.849397 0.814611 0.767908 0.660937 0.766081 0.775039 0.645274 0.974085 0.962770 0.626228 0.761635 0.637566 0.938348 0.697318 0.795030 0.463398 0.463105 0.975571 0.948396 0.835989 0.918353 0.606366 0.661707 0.618433 0.668495 0.958570 0.873397 0.613204 0.647329 0.583646 0.715927 0.898613 0.922192 0.669934 0.725989 0.841691 0.801162 0.648836 0.805832 0.896285 0.759318 0.658332 0.678098 0.872162 0.914306 0.818785 0.921525 0.873471 0.878428 0.819047 0.764148 0.630957 0.670563 0.941275 0.978737 0.470370 0.472207 0.633988 0.597238 0.738088 0.604183 0.702997 0.645388 0.682590 0.627501 0.976148 0.839397 0.610294 0.768420 0.600430 0.860036 0.940323 0.884510 0.999939 0.941610 0.802772 0.801903 0.884906 0.862628 0.976358 0.932113 0.612140 0.595574 0.560331 0.640454 0.869838 0.916180 0.767973 0.808027 0.816660 0.788982 0.932409 0.775013 0.996790 0.924725 0.657402 0.840666 0.964513 0.787452 0.948825 0.925125 0.976945 0.868345 0.745116 0.926817 0.754033 0.905092
0.555708 0.486387 0.376007 0.000000 0.920988 0.633777 0.486629 0.364701 0.591534 0.723538 0.536386 0.444334 0.453403 0.422730 0.565294 0.434415 0.732028 0.675761 0.476489 0.491945 0.575860 0.993209 0.560414 0.563676 0.590674 0.531210 0.903871 0.883815 0.589415 0.640924 0.640480 0.649415 0.448175 0.514690 0.918400 0.797278 0.603760 0.647270 0.595874 0.692978 0.888669 0.935774 0.611465 0.609706 0.725645 0.664538 0.543894 0.678359 0.621939 0.483846 0.518367 0.511477 0.723202 0.948316 0.674232 0.687410 0.660038 0.635439 0.700183 0.649455 0.445205 0.450639 0.762699 0.697746 0.411055 0.341785 0.675015 0.666828 0.566964 0.354935 0.644464 0.658066 0.801620 0.696451 0.816840 0.779830 0.655935 0.729579 0.434354 0.646420 0.703912 0.612111 0.812000 0.695994 0.602152 0.574682 0.901357 0.969683 0.791356 0.663798 0.654006 0.676354 0.576416 0.694508 0.667980 0.777667 0.784704 0.844035 0.699303 0.723199 0.870084 0.778788 0.888853 0.953810 0.600336 0.681370 0.912273 0.969451 0.943880 0.968494 0.925377 0.805977 0.726529 0.969358 0.666744 0.846679
0.767393 0.856610 0.991807 0.920988 0.000000 0.989758 0.906126 0.797683 0.986169 0.831702 0.823210 0.693178 0.588341 0.716804 0.631705 0.721831 0.867398 0.852051 0.891506 0.883510 0.980153 0.777475 0.749703 0.708692 0.941491 0.772651 0.704068 0.982563 0.903195 0.799425 0.884757 0.829570 0.863749 0.978723 0.926875 0.988025 0.891555 0.990890 0.907246 0.912180 0.982825 0.922111 0.924649 0.934672 0.838331 0.757909 0.750895 0.791901 0.654543 0.751046 0.853194 0.745104 0.799355 0.937409 0.759182 0.797742 0.893430 0.811934 0.803458 0.813233 0.700966 0.661770 0.769497 0.711037 0.798850 0.800722 0.972428 0.922314 0.943489 0.826491 0.796099 0.754907 0.755341 0.894260 0.871760 0.870884 0.969135 0.915551 0.988614 0.756983 0.767217 0.788294 0.816461 0.765334 0.673135 0.710757 0.614754 0.819256 0.666619 0.628920 0.979639 0.811538 0.888219 0.879558 0.947220 0.980966 0.954862 0.922548 0.895392 0.860689 0.882012 0.943508 0.974083 0.984330 0.944443 0.946029 0.913132 0.890434 0.890400 0.977824 0.918053 0.855709 0.754310 0.967258 0.970479 0.810311
0.687261 0.632188 0.763906 0.633777 0.989758 0.000000 0.630733 0.536894 0.678283 0.690923 0.846272 0.631452 0.773793 0.736271 0.950121 0.610054 0.768563 0.855827 0.682344 0.734862 0.701821 0.890203 0.897219 0.903539 0.887990 0.788627 0.731758 0.911366 0.802294 0.822581 0.763891 0.739203 0.598020 0.665476 0.939045 0.751477 0.860111 0.965430 0.900481 0.647091 0.826169 0.867890 0.548172 0.667369 0.811496 0.820079 0.762785 0.833363 0.766567 0.775661 0.730279 0.702741 0.801309 0.943876 0.930135 0.745541 0.788961 0.886065 0.736946 0.827182 0.766528 0.620871 0.956025 0.898795 0.902142 0.631631 0.851313 0.677106 0.884246 0.938071 0.519977 0.607778 0.652491 0.673753 0.932567 0.911272 0.599670 0.690874 0.764112 0.732098 0.860192 0.889359 0.900626 0.937929 0.945682 0.924776 0.903928 0.732256 0.946220 0.979461 0.568153 0.645022 0.613525 0.724950 0.805925 0.844713 0.761320 0.789012 0.503220 0.641310 0.696461 0.901998 0.731288 0.902679 0.748361 0.897454 0.902048 0.888610 0.818436 0.995304 0.917490 0.700093 0.691294 0.836137 0.884501 0.951772
0.687642 0.637688 0.523292 0.486629 0.906126 0.630733 0.000000 0.327930 0.336727 0.440783 0.622505 0.612158 0.685813 0.733251 0.657598 0.435668 0.622201 0.588753 0.358155 0.552017 0.688020 0.952468 0.532804 0.712139 0.885339 0.815066 0.800222 0.873792 0.509590 0.465954 0.337017 0.374940 0.291118 0.311271 0.935832 0.975881 0.854440 0.782652 0.863291 0.873856 0.973729 0.966449 0.304936 0.350860 0.303383 0.369799 0.670009 0.644845 0.566399 0.670783 0.497730 0.531514 0.548046 0.653880 0.811454 0.771973 0.603169 0.862895 0.782300 0.988093 0.470781 0.696781 0.714355 0.688663 0.715516 0.750994 0.340158 0.435504 0.848436 0.741072 0.508600 0.492377 0.536245 0.514341 0.905559 0.784838 0.507489 0.478768 0.570664 0.606334 0.725965 0.781639 0.749225 0.893934 0.794677 0.840517 0.916026 0.925916 0.954769 0.897269 0.485768 0.548913 0.588018 0.682137 0.658207 0.608572 0.638499 0.603369 0.395660 0.379113 0.752800 0.508559 0.629583 0.764320 0.571015 0.809540 0.812070 0.818328 0.725225 0.943932 0.796608 0.626544 0.407988 0.886124 0.675703 0.949980
0.535705 0.472238 0.580101 0.364701 0.797683 0.536894 0.327930 0.000000 0.426318 0.346288 0.506041 0.351745 0.532323 0.495127 0.669230 0.438603 0.556541 0.543036 0.416839 0.426933 0.741005 0.967689 0.668814 0.726598 0.860500 0.844376 0.872061 0.988552 0.475800 0.467320 0.596042 0.627928 0.377774 0.368515 0.925808 0.841111 0.795718 0.801082 0.868929 0.713370 0.907523 0.933013 0.390539 0.467057 0.437936 0.429949 0.564458 0.541427 0.477229 0.562217 0.492142 0.507252 0.679543 0.896701 0.710869 0.574129 0.597741 0.696738 0.632540 0.756263 0.367148 0.341498 0.649220 0.535499 0.671872 0.510341 0.560147 0.541796 0.739898 0.567025 0.513813 0.567865 0.668942 0.614559 0.728553 0.780505 0.506505 0.609244 0.499547 0.578417 0.625975 0.662307 0.823868 0.789739 0.742033 0.783199 0.892797 0.850530 0.875223 0.674301 0.495800 0.623685 0.546324 0.754616 0.689087 0.652582 0.586127 0.613082 0.395004 0.395612 0.677296 0.683685 0.643637 0.745222 0.571700 0.676466 0.886881 0.904450 0.735928 0.945677 0.813756 0.597167 0.470387 0.875509 0.685167 0.900919
0.828550 0.716387 0.631787 0.591534 0.986169 0.678283 0.336727 0.426318 0.000000 0.392811 0.709223 0.648921 0.787589 0.797365 0.793831 0.550577 0.710512 0.657623 0.555118 0.607756 0.736431 0.982404 0.706921 0.891496 0.974519 0.736478 0.788891 0.890088 0.543149 0.579082 0.385349 0.453434 0.435932 0.448018 0.928138 0.978947 0.808371 0.894587 0.787681 0.803942 0.990202 0.863690 0.362438 0.389240 0.399514 0.493546 0.841203 0.736501 0.670282 0.720686 0.515655 0.557638 0.549465 0.617688 0.997834 0.866010 0.676991 0.967541 0.971754 0.848701 0.646634 0.718363 0.795199 0.748852 0.807477 0.859168 0.541874 0.603193 0.911985 0.790967 0.462049 0.493109 0.618090 0.608842 0.995100 0.754248 0.473036 0.467096 0.618853 0.641948 0.851197 0.972886 0.818522 0.988019 0.992067 0.996454 0.760688 0.832034 0.810947 0.993764 0.444426 0.487511 0.551827 0.563413 0.738855 0.733987 0.745972 0.618149 0.479940 0.419043 0.640024 0.488629 0.640255 0.751473 0.674477 0.907336 0.847353 0.785958 0.826718 0.942061 0.800223 0.622532 0.584470 0.947689 0.752443 0.944707
0.762899 0.703993 0.849397 0.723538 0.831702 0.690923 0.440783 0.346288 0.392811 0.000000 0.692819 0.563946 0.805468 0.759712 0.871920 0.620151 0.621249 0.589881 0.594652 0.538280 0.881078 0.885165 0.845471 0.979103 0.910555 0.996669 0.813827 0.862558 0.510036 0.532612 0.598846 0.687941 0.539853 0.477596 0.841842 0.991080 0.850135 0.894821 0.886655 0.779206 0.990643 0.905013 0.413859 0.501981 0.385267 0.450083 0.849891 0.704409 0.599998 0.813753 0.655320 0.684359 0.672217 0.747921 0.992511 0.787979 0.706529 0.912018 0.880384 0.900600 0.618654 0.595639 0.715864 0.628188 0.999894 0.900792 0.621154 0.657438 0.959417 0.870606 0.453407 0.546989 0.682561 0.609533 0.921842 0.781151 0.540726 0.503345 0.662908 0.702649 0.777714 0.963598 0.938371 0.947148 0.923635 0.864311 0.804002 0.698815 0.948063 0.861792 0.404930 0.528122 0.542713 0.647782 0.874333 0.628004 0.701271 0.621860 0.313319 0.336682 0.553491 0.584296 0.489361 0.617737 0.675510 0.791898 0.832969 0.869054 0.687352 0.972225 0.620726 0.563474 0.488580 0.933531 0.811627 0.927145
0.317547 0.300815 0.814611 0.536386 0.823210 0.846272 0.622505 0.506041 0.709223 0.692819 0.000000 0.312924 0.566462 0.516433 0.616948 0.524925 0.292489 0.239542 0.365392 0.354413 0.739409 0.939655 0.803613 0.656500 0.972780 0.968482 0.890296 0.933888 0.324033 0.299418 0.758041 0.784415 0.430753 0.389096 0.946888 0.694738 0.730086 0.708423 0.754790 0.718675 0.692206 0.759811 0.653678 0.603524 0.674719 0.555348 0.507632 0.505952 0.533137 0.568950 0.661009 0.711043 0.890779 0.806347 0.607169 0.634697 0.281632 0.301521 0.451813 0.530409 0.349668 0.477966 0.319728 0.264948 0.787356 0.558783 0.700496 0.710022 0.480325 0.476061 0.792815 0.726570 0.632962 0.663697 0.705694 0.771632 0.735307 0.759893 0.411255 0.443045 0.334835 0.328167 0.632643 0.448816 0.653659 0.641359 0.966908 0.961615 0.727468 0.546882 0.941523 0.951597 0.971682 0.932570 0.626801 0.800738 0.830746 0.781153 0.703006 0.751779 0.990560 0.914085 0.744721 0.677644 0.671962 0.713780 0.807564 0.868622 0.858257 0.940039 0.991596 0.613491 0.713071 0.971914 0.730974 0.857221
0.286093 0.235955 0.767908 0.444334 0.693178 0.631452 0.612158 0.351745 0.648921 0.563946 0.312924 0.000000 0.366471 0.339497 0.521749 0.361134 0.317714 0.357158 0.441732 0.334075 0.708124 0.993469 0.727023 0.612790 0.934319 0.979310 0.895624 0.884903 0.365388 0.392677 0.843253 0.847213 0.415247 0.432951 0.971345 0.709022 0.722695 0.759043 0.825377 0.616939 0.793014 0.802181 0.578069 0.564002 0.622258 0.468206 0.409591 0.379589 0.354815 0.374845 0.523925 0.505074 0.770619 0.858051 0.528689 0.506054 0.363451 0.332764 0.438800 0.486334 0.286854 0.253014 0.406562 0.297266 0.648286 0.413429 0.802246 0.755092 0.501561 0.428995 0.697165 0.739946 0.739152 0.707929 0.619434 0.801077 0.619275 0.697839 0.439785 0.458229 0.345835 0.366340 0.622630 0.446111 0.564326 0.547508 0.964482 0.930611 0.599838 0.493512 0.764004 0.915575 0.793875 0.997283 0.679576 0.741328 0.766128 0.752509 0.587296 0.603295 0.867200 0.907687 0.736243 0.696445 0.612244 0.612459 0.881049 0.994200 0.753008 0.975321 0.909987 0.556693 0.707139 0.949942 0.753491 0.888307
0.420202 0.431154 0.660937 0.453403 0.588341 0.773793 0.685813 0.532323 0.787589 0.805468 0.566462 0.366471 0.000000 0.314940 0.287985 0.311713 0.656457 0.695706 0.552271 0.516904 0.826595 0.931263 0.404737 0.383026 0.696867 0.897556 0.670544 0.819984 0.625305 0.692147 0.981758 0.975603 0.534620 0.638413 0.966725 0.766896 0.742899 0.806678 0.771598 0.689638 0.999160 0.863019 0.742594 0.731947 0.711289 0.553278 0.421156 0.453175 0.335146 0.306467 0.484512 0.381236 0.677790 0.983261 0.592363 0.483640 0.593495 0.512193 0.563428 0.517169 0.365841 0.393011 0.635462 0.582555 0.337801 0.394574 0.932543 0.969814 0.628227 0.430581 0.965645 0.994507 0.938456 0.953426 0.682647 0.800566 0.643806 0.795841 0.609235 0.582497 0.554652 0.462423 0.560923 0.442586 0.332534 0.340112 0.833690 0.852504 0.489358 0.441802 0.861761 0.930565 0.865152 0.942144 0.799778 0.812353 0.891806 0.811314 0.726767 0.711801 0.949436 0.895212 0.962083 0.976407 0.758659 0.724787 0.934390 0.992658 0.864308 0.977403 0.957550 0.717077 0.727007 0.960769 0.693753 0.944927
0.517871 0.475093 0.766081 0.422730 0.716804 0.736271 0.733251 0.495127 0.797365 0.759712 0.516433 0.339497 0.314940 0.000000 0.357806 0.346363 0.646678 0.615546 0.543270 0.461608 0.825978 0.928020 0.490041 0.392242 0.890481 0.926308 0.741624 0.821015 0.551736 0.595352 0.965760 0.902419 0.543255 0.677899 0.894563 0.676229 0.769905 0.787769 0.858187 0.694269 0.921434 0.996130 0.779102 0.718320 0.767622 0.623242 0.591991 0.610014 0.461593 0.371841 0.537733 0.455009 0.674693 0.945060 0.634978 0.603577 0.648312 0.536195 0.722610 0.647552 0.491073 0.441879 0.644943 0.561528 0.528002 0.444596 0.913408 0.945972 0.698217 0.495788 0.919186 0.926364 0.966884 0.983373 0.789965 0.804980 0.713037 0.888859 0.560031 0.617097 0.625587 0.511861 0.585492 0.502991 0.526637 0.456392 0.897197 0.838409 0.571921 0.445923 0.889758 0.989581 0.881835 0.974125 0.809883 0.817814 0.961419 0.886639 0.793174 0.817675 0.995685 0.946431 0.917771 0.924385 0.840941 0.774643 0.893384 0.857669 0.859909 0.975663 0.917535 0.824798 0.820025 0.952410 0.727987 0.879175
0.563175 0.566014 0.775039 0.565294 0.631705 0.950121 0.657598 0.669230 0.793831 0.871920 0.616948 0.521749 0.287985 0.357806 0.000000 0.298131 0.697765 0.651837 0.537907 0.558305 0.843112 0.929015 0.266863 0.306522 0.781436 0.912734 0.586292 0.859900 0.607115 0.591685 0.813295 0.852630 0.515532 0.676784 0.967859 0.834495 0.769606 0.827885 0.794006 0.881121 0.981109 0.932152 0.755527 0.649665 0.622526 0.505297 0.590062 0.560235 0.386015 0.328321 0.482517 0.386398 0.526388 0.807168 0.595510 0.639213 0.589935 0.590244 0.722321 0.749850 0.462362 0.634140 0.586103 0.583640 0.406713 0.611991 0.903722 0.985993 0.703411 0.563137 0.955106 0.993977 0.899260 0.981276 0.837968 0.827252 0.770606 0.773764 0.719245 0.597913 0.556932 0.508755 0.442157 0.486324 0.364735 0.365420 0.801868 0.708300 0.577320 0.504373 0.958619 0.961903 0.989217 0.971502 0.772995 0.815536 0.991075 0.921111 0.794692 0.755921 0.881181 0.805282 0.957084 0.929085 0.813460 0.878060 0.975484 0.922417 0.877849 0.968092 0.932160 0.826541 0.766779 0.974779 0.724102 0.963137
0.461941 0.392026 0.645274 0.434415 0.721831 0.610054 0.435668 0.438603 0.550577 0.620151 0.524925 0.361134 0.311713 0.346363 0.298131 0.000000 0.525930 0.532959 0.397150 0.395063 0.695737 0.950571 0.354402 0.397781 0.815560 0.830130 0.848105 0.916095 0.502606 0.492337 0.614763 0.630720 0.330316 0.444572 0.965915 0.781769 0.680450 0.692024 0.765780 0.672388 0.893370 0.839458 0.452316 0.413852 0.483507 0.387988 0.505208 0.476022 0.355058 0.354520 0.348637 0.296402 0.461429 0.764550 0.634544 0.597375 0.450693 0.553207 0.644076 0.763826 0.375157 0.473550 0.617020 0.538680 0.463186 0.508976 0.753245 0.769634 0.639963 0.582482 0.691469 0.680886 0.806138 0.714775 0.810446 0.741970 0.545395 0.597730 0.515513 0.464481 0.519550 0.543861 0.513754 0.548025 0.501218 0.484142 0.948435 0.956027 0.669247 0.616043 0.661154 0.774430 0.741108 0.846519 0.647880 0.673838 0.866646 0.802008 0.550794 0.532658 0.889982 0.704858 0.755839 0.834418 0.667261 0.742076 0.910535 0.935478 0.729503 0.959266 0.925113 0.595890 0.578419 0.903341 0.631567 0.994746
0.285435 0.271010 0.974085 0.732028 0.867398 0.768563 0.622201 0.556541 0.710512 0.621249 0.292489 0.317714 0.656457 0.646678 0.697765 0.525930 0.000000 0.196846 0.402372 0.353195 0.759478 0.973232 0.908598 0.818344 0.839483 0.846651 0.966426 0.982083 0.297549 0.280836 0.780236 0.805087 0.455353 0.382443 0.920685 0.730255 0.796274 0.806173 0.931946 0.774931 0.689460 0.683500 0.596679 0.551090 0.600388 0.521598 0.529029 0.419010 0.486857 0.592276 0.730648 0.748306 0.921185 0.772099 0.619207 0.638816 0.211416 0.303773 0.397829 0.602007 0.382891 0.519580 0.284958 0.232315 0.934357 0.695972 0.653571 0.700365 0.505123 0.640714 0.676416 0.648897 0.549594 0.578646 0.738328 0.864963 0.720435 0.693820 0.454643 0.444776 0.286712 0.382193 0.582491 0.505701 0.719645 0.762938 0.975765 0.938769 0.778662 0.670388 0.877526 0.964888 0.944971 0.883840 0.635162 0.733264 0.789808 0.697420 0.584260 0.590984 0.883032 0.950726 0.655397 0.538735 0.648942 0.597678 0.977913 0.971523 0.709157 0.968267 0.834852 0.496212 0.739631 0.887238 0.837150 0.999316
0.342292 0.322550 0.962770 0.675761 0.852051 0.855827 0.588753 0.543036 0.657623 0.589881 0.239542 0.357158 0.695706 0.615546 0.651837 0.532959 0.196846 0.000000 0.374579 0.343040 0.741923 0.948082 0.833787 0.762173 0.821778 0.880880 0.934337 0.981350 0.260792 0.210433 0.729784 0.738678 0.423442 0.354954 0.997610 0.782522 0.776707 0.785474 0.914427 0.824287 0.675214 0.705476 0.614654 0.540917 0.560043 0.488071 0.574302 0.473110 0.516588 0.611528 0.716711 0.746163 0.846485 0.812670 0.662421 0.708790 0.233702 0.314391 0.480802 0.669770 0.376764 0.555654 0.241692 0.208315 0.899666 0.716069 0.633649 0.678140 0.513837 0.581890 0.726371 0.667259 0.604443 0.620784 0.798697 0.833743 0.797280 0.679526 0.465191 0.424421 0.312236 0.398312 0.536465 0.499854 0.715441 0.754444 0.983094 0.958570 0.843152 0.637368 0.899891 0.932387 0.988976 0.886241 0.592631 0.720646 0.843950 0.770762 0.619697 0.626632 0.903634 0.908577 0.683862 0.560252 0.647175 0.663160 0.918155 0.918531 0.802809 0.976081 0.862059 0.543925 0.741902 0.966684 0.768714 0.906999
0.394926 0.392569 0.626228 0.476489 0.891506 0.682344 0.358155 0.416839 0.555118 0.594652 0.365392 0.441732 0.552271 0.543270 0.537907 0.397150 0.402372 0.374579 0.000000 0.366636 0.735306 0.997910 0.565200 0.649264 0.966176 0.909200 0.963691 0.982072 0.363771 0.358939 0.558974 0.576677 0.334421 0.308504 0.884136 0.818502 0.790679 0.743577 0.755407 0.784702 0.830161 0.870753 0.537152 0.548478 0.518324 0.485721 0.550100 0.494862 0.536008 0.580741 0.654949 0.630690 0.781056 0.972597 0.711134 0.699701 0.412673 0.529425 0.539269 0.703246 0.380864 0.599746 0.532465 0.487959 0.704549 0.594328 0.534762 0.635718 0.631676 0.597289 0.627700 0.565650 0.590689 0.540722 0.836984 0.810507 0.563082 0.576877 0.431097 0.527924 0.498453 0.482886 0.687031 0.592072 0.652689 0.714260 0.974158 0.983777 0.875295 0.751654 0.713582 0.841681 0.752904 0.867460 0.610501 0.680905 0.756845 0.789613 0.532948 0.513012 0.926178 0.746164 0.727069 0.767474 0.669909 0.739052 0.969169 0.993816 0.762199 0.892246 0.944412 0.594404 0.578953 0.950110 0.683031 0.905269
0.341971 0.297029 0.761635 0.491945 0.883510 0.734862 0.552017 0.426933 0.607756 0.538280 0.354413 0.334075 0.516904 0.461608 0.558305 0.395063 0.353195 0.343040 0.366636 0.000000 0.716276 0.968646 0.670135 0.696771 0.933729 0.967874 0.997526 0.931149 0.356320 0.404300 0.723833 0.765137 0.441905 0.371972 0.904141 0.709421 0.687715 0.759617 0.789673 0.759216 0.778600 0.810686 0.593265 0.561291 0.622013 0.565240 0.600720 0.513212 0.545039 0.542089 0.676920 0.648179 0.811476 0.940621 0.716097 0.665022 0.345764 0.430715 0.584617 0.691526 0.407667 0.473267 0.487029 0.409976 0.710431 0.587241 0.745061 0.808289 0.571197 0.508152 0.584022 0.583756 0.683514 0.643423 0.842638 0.869355 0.612068 0.696679 0.465058 0.564058 0.507559 0.530749 0.655875 0.630789 0.703456 0.773196 0.972153 0.946765 0.835207 0.631082 0.722068 0.825680 0.742934 0.872904 0.714949 0.698993 0.819171 0.773405 0.534422 0.508791 0.837317 0.852603 0.747506 0.731597 0.626067 0.624021 0.982305 0.967510 0.777554 0.925721 0.957706 0.489919 0.638736 0.969006 0.782061 0.888247
0.717099 0.666081 0.637566 0.575860 0.980153 0.701821 0.688020 0.741005 0.736431 0.881078 0.739409 0.708124 0.826595 0.825978 0.843112 0.695737 0.759478 0.741923 0.735306 0.716276 0.000000 0.929532 0.843557 0.850810 0.869132 0.767251 0.987045 0.882986 0.777740 0.717748 0.662455 0.787617 0.658357 0.699752 0.996543 0.910866 0.661938 0.834796 0.689628 0.721022 0.909206 0.796219 0.691770 0.656535 0.833077 0.859526 0.712512 0.776315 0.853018 0.825387 0.832002 0.794513 0.869666 0.991045 0.878128 0.978546 0.708084 0.751258 0.771285 0.842589 0.718001 0.735991 0.897069 0.820521 0.776389 0.699872 0.683376 0.602949 0.715718 0.682258 0.723678 0.735582 0.641230 0.662276 0.823379 0.815315 0.819102 0.692423 0.704775 0.701095 0.770350 0.787108 0.933041 0.867627 0.875449 0.800501 0.957768 0.911071 0.937335 0.992565 0.771490 0.805002 0.805899 0.816939 0.775568 0.938957 0.811948 0.909549 0.785196 0.777879 0.794015 0.859632 0.838744 0.796911 0.628341 0.783960 0.986531 0.955026 0.789919 0.963165 0.987704 0.859564 0.794501 0.892064 0.860229 0.922307
0.937687 0.964464 0.938348 0.993209 0.777475 0.890203 0.952468 0.967689 0.982404 0.885165 0.939655 0.993469 0.931263 0.928020 0.929015 0.950571 0.973232 0.948082 0.997910 0.968646 0.929532 0.000000 0.979588 0.979989 0.913305 0.895751 0.865466 0.903657 0.932313 0.910638 0.843039 0.713589 0.934853 0.903954 0.783944 0.956978 0.818395 0.850789 0.878558 0.953611 0.968755 0.942449 0.870695 0.932215 0.978613 0.972333 0.992169 0.934067 0.882895 0.976894 0.978492 0.982539 0.948334 0.855824 0.948808 0.838302 0.949526 0.967187 0.967414 0.888809 0.901432 0.863441 0.857643 0.879826 0.983940 0.937881 0.890883 0.928192 0.929199 0.917712 0.773076 0.849831 0.808376 0.872591 0.900630 0.994419 0.908744 0.960291 0.945273 0.894442 0.976115 0.960554 0.938139 0.968329 0.942119 0.977152 0.905781 0.940659 0.889397 0.675898 0.891899 0.826958 0.847230 0.900853 0.949180 0.958227 0.931075 0.994636 0.964186 0.937209 0.860703 0.995730 0.898952 0.790696 0.890991 0.935257 0.979461 0.956860 0.821215 0.870842 0.905457 0.959854 0.962485 0.785598 0.971513 0.932214
0.763973 0.755495 0.697318 0.560414 0.749703 0.897219 0.532804 0.668814 0.706921 0.845471 0.803613 0.727023 0.404737 0.490041 0.266863 0.354402 0.908598 0.833787 0.565200 0.670135 0.843557 0.979588 0.000000 0.335114 0.772684 0.827410 0.682752 0.833708 0.721648 0.728587 0.723359 0.726717 0.519401 0.681230 0.993885 0.991578 0.899615 0.947729 0.831959 0.972149 0.877423 0.904622 0.698727 0.651649 0.531335 0.505004 0.702255 0.685252 0.505372 0.446624 0.495400 0.381209 0.434563 0.597799 0.736338 0.720326 0.792858 0.852355 0.924578 0.952314 0.586947 0.806898 0.797151 0.828100 0.397886 0.726573 0.786016 0.924289 0.877407 0.658580 0.995296 0.960004 0.877391 0.948646 0.872450 0.855461 0.741616 0.752747 0.810936 0.737705 0.797161 0.724610 0.555006 0.674468 0.421409 0.440693 0.895170 0.720453 0.729194 0.666928 0.823668 0.856594 0.870290 0.902772 0.835249 0.735717 0.990857 0.896874 0.743637 0.672488 0.936824 0.694115 0.952261 0.988922 0.775208 0.916114 0.921248 0.962580 0.859800 0.927860 0.937414 0.847344 0.637834 0.976383 0.671647 0.981380
0.701360 0.649307 0.795030 0.563676 0.708692 0.903539 0.712139 0.726598 0.891496 0.979103 0.656500 0.612790 0.383026 0.392242 0.306522 0.397781 0.818344 0.762173 0.649264 0.696771 0.850810 0.979989 0.335114 0.000000 0.811974 0.934255 0.686780 0.839294 0.725649 0.682483 0.908913 0.822578 0.603220 0.720879 0.927041 0.816926 0.839136 0.921594 0.801521 0.965187 0.992638 0.986138 0.782197 0.665338 0.709240 0.586534 0.656881 0.715429 0.520807 0.410402 0.462045 0.398081 0.510144 0.733871 0.693254 0.705385 0.721751 0.669775 0.830245 0.791264 0.597227 0.720223 0.708624 0.714729 0.492335 0.627868 0.916307 0.991871 0.835568 0.626708 0.893303 0.942457 0.912624 0.853147 0.835503 0.937775 0.806823 0.906770 0.755921 0.614630 0.660197 0.558099 0.524439 0.495905 0.431901 0.345558 0.846412 0.626026 0.626685 0.582753 0.972445 0.936178 0.939178 0.902339 0.785808 0.847336 0.932883 0.984355 0.930804 0.888812 0.792495 0.871812 0.945682 0.951421 0.880136 0.933193 0.898150 0.886399 0.871847 0.978157 0.819469 0.904090 0.783693 0.969137 0.723643 0.891469
0.875568 0.890281 0.463398 0.590674 0.941491 0.887990 0.885339 0.860500 0.974519 0.910555 0.972780 0.934319 0.696867 0.890481 0.781436 0.815560 0.839483 0.821778 0.966176 0.933729 0.869132 0.913305 0.772684 0.811974 0.000000 0.479500 0.881306 0.984448 0.927809 0.792686 0.895219 0.896218 0.850235 0.929590 0.968539 0.909741 0.640676 0.795168 0.692121 0.896269 0.864688 0.970110 0.926790 0.965891 0.931216 0.937720 0.765349 0.913289 0.965185 0.773877 0.810078 0.822955 0.989200 0.985549 0.807062 0.913587 0.985967 0.952300 0.916541 0.758789 0.802535 0.792696 0.819481 0.835366 0.447855 0.555693 0.872301 0.869424 0.712772 0.662049 0.871834 0.876229 0.957283 0.885731 0.795614 0.886851 0.813197 0.898570 0.932493 0.952385 0.982919 0.968194 0.923466 0.945103 0.703367 0.744842 0.927455 0.908273 0.878360 0.941997 0.776260 0.710955 0.611948 0.681807 0.920775 0.997037 0.801984 0.976985 0.944390 0.989585 0.994327 0.959687 0.964422 0.887449 0.620756 0.860698 0.993190 0.857091 0.858877 0.868344 0.900830 0.896564 0.921408 0.888960 0.860942 0.941902
0.996994 0.941553 0.463105 0.531210 0.772651 0.788627 0.815066 0.844376 0.736478 0.996669 0.968482 0.979310 0.897556 0.926308 0.912734 0.830130 0.846651 0.880880 0.909200 0.967874 0.767251 0.895751 0.827410 0.934255 0.479500 0.000000 0.994645 0.888937 0.989135 0.876231 0.710447 0.730596 0.785993 0.905671 0.845088 0.953605 0.616051 0.818116 0.627175 0.756948 0.936071 0.921230 0.810614 0.873719 0.962221 0.936411 0.877993 0.980349 0.897885 0.877962 0.757505 0.820657 0.916335 0.921204 0.983156 0.886989 0.962990 0.949694 0.929254 0.965647 0.924071 0.873192 0.784942 0.786978 0.608047 0.654250 0.835876 0.765315 0.800697 0.769210 0.685056 0.673292 0.869484 0.779617 0.980390 0.887459 0.767157 0.848287 0.848067 0.971972 0.894783 0.907225 0.861629 0.909807 0.964427 0.934027 0.720063 0.835805 0.844615 0.930581 0.637672 0.584927 0.551522 0.608863 0.837124 0.956393 0.785951 0.958900 0.927309 0.958484 0.875382 0.907222 0.943322 0.904743 0.679114 0.918572 0.962761 0.740252 0.858777 0.955265 0.871400 0.987456 0.969204 0.994263 0.802777 0.970444
0.898085 0.902464 0.975571 0.903871 0.704068 0.731758 0.800222 0.872061 0.788891 0.813827 0.890296 0.895624 0.670544 0.741624 0.586292 0.848105 0.966426 0.934337 0.963691 0.997526 0.987045 0.865466 0.682752 0.686780 0.881306 0.994645 0.000000 0.694189 0.939928 0.969755 0.825272 0.782919 0.962920 0.858756 0.871969 0.965367 0.930595 0.981251 0.995335 0.988483 0.979488 0.917092 0.822145 0.865527 0.931063 0.962721 0.877509 0.873723 0.774821 0.730869 0.871993 0.795524 0.743080 0.979690 0.749273 0.941379 0.941210 0.770352 0.946995 0.792155 0.866406 0.928595 0.815525 0.840321 0.625604 0.870375 0.800543 0.753279 0.870720 0.708561 0.661843 0.638454 0.635317 0.729189 0.913790 0.936355 0.830204 0.875595 0.979337 0.814280 0.830372 0.745184 0.678195 0.710792 0.578015 0.564854 0.796422 0.677714 0.591922 0.719603 0.758632 0.754449 0.776971 0.839690 0.965684 0.934516 0.729646 0.737224 0.740008 0.757466 0.700542 0.822520 0.768381 0.921175 0.935652 0.916759 0.873258 0.815014 0.783071 0.957327 0.914815 0.854728 0.760855 0.968178 0.906473 0.904584
0.911488 0.861395 0.948396 0.883815 0.982563 0.911366 0.873792 0.988552 0.890088 0.862558 0.933888 0.884903 0.819984 0.821015 0.859900 0.916095 0.982083 0.981350 0.982072 0.931149 0.882986 0.903657 0.833708 0.839294 0.984448 0.888937 0.694189 0.000000 0.951701 0.965372 0.825828 0.811879 0.969763 0.909702 0.859819 0.823864 0.998579 0.811977 0.912059 0.889519 0.832297 0.974735 0.940625 0.945674 0.885031 0.911582 0.889798 0.927083 0.924703 0.844314 0.978970 0.880648 0.981395 0.927486 0.894982 0.838766 0.971502 0.873555 0.957685 0.850903 0.986506 0.935897 0.956363 0.963311 0.808199 0.841096 0.833056 0.935691 0.850437 0.855966 0.908435 0.907193 0.863549 0.867437 0.891928 0.804547 0.938425 0.879453 0.900080 0.976643 0.976229 0.844225 0.966785 0.890717 0.790473 0.736287 0.924984 0.889137 0.823307 0.767000 0.863426 0.955440 0.901892 0.953948 0.877116 0.808518 0.777236 0.920969 0.905095 0.897703 0.709907 0.800559 0.741939 0.832909 0.934529 0.983209 0.886025 0.894405 0.945704 0.923231 0.851226 0.979842 0.860518 0.964147 0.838344 0.944638
0.446796 0.338056 0.835989 0.589415 0.903195 0.802294 0.509590 0.475800 0.543149 0.510036 0.324033 0.365388 0.625305 0.551736 0.607115 0.502606 0.297549 0.260792 0.363771 0.356320 0.777740 0.932313 0.721648 0.725649 0.927809 0.989135 0.939928 0.951701 0.000000 0.281453 0.672931 0.719237 0.378904 0.320294 0.977628 0.824593 0.809068 0.873816 0.891248 0.851454 0.803888 0.768470 0.607893 0.568340 0.494251 0.466886 0.601595 0.515232 0.466618 0.569615 0.640513 0.708854 0.767271 0.979541 0.726039 0.710957 0.351802 0.437270 0.566005 0.720353 0.387883 0.573935 0.330536 0.315567 0.836597 0.727358 0.615035 0.709581 0.600378 0.570166 0.688445 0.627342 0.601966 0.657199 0.795417 0.839705 0.667914 0.618308 0.473563 0.485061 0.420309 0.472870 0.559135 0.567216 0.716515 0.756999 0.978569 0.973393 0.839207 0.648386 0.826022 0.925327 0.851163 0.979374 0.698846 0.708630 0.857082 0.704360 0.569145 0.590629 0.896281 0.824402 0.675518 0.590463 0.691916 0.673337 0.898918 0.981068 0.772751 0.997861 0.920343 0.573458 0.710684 0.987972 0.867812 0.851451
0.447010 0.400921 0.918353 0.640924 0.799425 0.822581 0.465954 0.467320 0.579082 0.532612 0.299418 0.392677 0.692147 0.595352 0.591685 0.492337 0.280836 0.210433 0.358939 0.404300 0.717748 0.910638 0.728587 0.682483 0.792686 0.876231 0.969755 0.965372 0.281453 0.000000 0.614654 0.668342 0.382925 0.361679 0.985517 0.827851 0.827211 0.825073 0.949999 0.824668 0.768849 0.776965 0.544658 0.426374 0.429646 0.371461 0.613695 0.526561 0.470209 0.585885 0.602042 0.637963 0.694460 0.993789 0.619511 0.693685 0.328991 0.436743 0.518423 0.758388 0.374871 0.575998 0.277399 0.256009 0.920922 0.757074 0.544261 0.620609 0.629507 0.638467 0.729241 0.668933 0.598483 0.652275 0.824508 0.798088 0.737914 0.617118 0.476134 0.421637 0.360699 0.438820 0.538096 0.540751 0.730037 0.727693 0.989136 0.897538 0.849216 0.654129 0.866127 0.969712 0.975904 0.912943 0.603272 0.686350 0.782074 0.743086 0.583903 0.560173 0.920465 0.791766 0.640546 0.568149 0.676798 0.707086 0.991561 0.976621 0.797328 0.960974 0.882750 0.568565 0.649264 0.976976 0.719623 0.951127
0.918144 0.814883 0.606366 0.640480 0.884757 0.763891 0.337017 0.596042 0.385349 0.598846 0.758041 0.843253 0.981758 0.965760 0.813295 0.614763 0.780236 0.729784 0.558974 0.723833 0.662455 0.843039 0.723359 0.908913 0.895219 0.710447 0.825272 0.825828 0.672931 0.614654 0.000000 0.313717 0.459373 0.485909 0.952480 0.935039 0.785936 0.660054 0.806791 0.896679 0.915133 0.895953 0.403988 0.377213 0.455139 0.570899 0.925971 0.912305 0.821766 0.851462 0.569800 0.673573 0.572921 0.550709 0.905144 0.961097 0.678851 0.977005 0.992698 0.777331 0.746997 0.925858 0.893487 0.861535 0.871007 0.950270 0.441735 0.514322 0.903033 0.929285 0.458156 0.424727 0.544188 0.505591 0.994239 0.767911 0.618457 0.432003 0.661952 0.681598 0.849101 0.993144 0.894717 0.911152 0.935235 0.972343 0.783181 0.790344 0.766628 0.799347 0.538174 0.504885 0.576050 0.607914 0.701501 0.807555 0.727162 0.837621 0.565872 0.587097 0.746753 0.448101 0.623144 0.783927 0.654632 0.982677 0.827892 0.810609 0.839404 0.882056 0.838862 0.830182 0.602542 0.903000 0.773287 0.965937
0.934803 0.814745 0.661707 0.649415 0.829570 0.739203 0.374940 0.627928 0.453434 0.687941 0.784415 0.847213 0.975603 0.902419 0.852630 0.630720 0.805087 0.738678 0.576677 0.765137 0.787617 0.713589 0.726717 0.822578 0.896218 0.730596 0.782919 0.811879 0.719237 0.668342 0.313717 0.000000 0.534129 0.530952 0.999917 0.967965 0.825797 0.740004 0.884400 0.895611 0.900271 0.995961 0.443626 0.438774 0.520109 0.605488 0.866745 0.927855 0.828005 0.837541 0.575303 0.654932 0.593346 0.589575 0.893650 0.991442 0.714989 0.987105 0.967985 0.778263 0.799589 0.997164 0.895978 0.888453 0.877053 0.953313 0.486350 0.553070 0.934766 0.872450 0.515396 0.536888 0.596040 0.625420 0.918370 0.865795 0.671417 0.576091 0.681986 0.671802 0.913066 0.945265 0.875635 0.995440 0.973763 0.988187 0.787725 0.975594 0.785720 0.813775 0.622428 0.593179 0.649805 0.718208 0.670027 0.821456 0.815291 0.905403 0.664246 0.649209 0.789926 0.569568 0.693205 0.848584 0.629639 0.968480 0.915066 0.909427 0.913452 0.921084 0.841536 0.850823 0.644610 0.914692 0.771717 0.953811
0.471723 0.410524 0.618433 0.448175 0.863749 0.598020 0.291118 0.377774 0.435932 0.539853 0.430753 0.415247 0.534620 0.543255 0.515532 0.330316 0.455353 0.423442 0.334421 0.441905 0.658357 0.934853 0.519401 0.603220 0.850235 0.785993 0.962920 0.969763 0.378904 0.382925 0.459373 0.534129 0.000000 0.281403 0.952373 0.881678 0.783098 0.686165 0.837973 0.774259 0.775028 0.812010 0.363689 0.371581 0.407321 0.390598 0.562348 0.538943 0.447561 0.466825 0.417388 0.465533 0.573972 0.806938 0.663882 0.657210 0.401786 0.559960 0.594637 0.764100 0.349648 0.520156 0.565229 0.524612 0.603990 0.537298 0.489967 0.505816 0.608340 0.597600 0.565548 0.512209 0.584249 0.511736 0.740141 0.734725 0.532360 0.502109 0.530019 0.503866 0.495978 0.555938 0.597214 0.628945 0.618313 0.621280 0.984156 0.959984 0.835486 0.724435 0.598313 0.710720 0.668172 0.824063 0.564904 0.600262 0.647460 0.577033 0.426874 0.521587 0.810196 0.682631 0.608600 0.740321 0.501372 0.717887 0.947871 0.867760 0.773393 0.964163 0.921974 0.586103 0.500974 0.923035 0.637773 0.910781
0.474079 0.382775 0.668495 0.514690 0.978723 0.665476 0.311271 0.368515 0.448018 0.477596 0.389096 0.432951 0.638413 0.677899 0.676784 0.444572 0.382443 0.354954 0.308504 0.371972 0.699752 0.903954 0.681230 0.720879 0.929590 0.905671 0.858756 0.909702 0.320294 0.361679 0.485909 0.530952 0.281403 0.000000 0.978858 0.901657 0.734297 0.748347 0.796761 0.787335 0.804883 0.802228 0.419544 0.448706 0.388847 0.412891 0.598737 0.523655 0.541239 0.658540 0.576928 0.654801 0.705719 0.894215 0.829797 0.702470 0.370181 0.544150 0.576421 0.765807 0.373249 0.571338 0.519045 0.472833 0.765225 0.678645 0.429185 0.510218 0.669476 0.629092 0.470822 0.452420 0.461799 0.439336 0.703272 0.842905 0.525753 0.489738 0.476507 0.494134 0.513050 0.606940 0.725024 0.691765 0.777264 0.813745 0.809156 0.866544 0.974400 0.834549 0.604542 0.675236 0.669329 0.805234 0.594123 0.570386 0.688599 0.654306 0.403295 0.407837 0.792245 0.666623 0.592851 0.644468 0.557238 0.660555 0.942330 0.847727 0.745907 0.966168 0.875118 0.499741 0.509616 0.804415 0.679118 0.879296
0.873923 0.936056 0.958570 0.918400 0.926875 0.939045 0.935832 0.925808 0.928138 0.841842 0.946888 0.971345 0.966725 0.894563 0.967859 0.965915 0.920685 0.997610 0.884136 0.904141 0.996543 0.783944 0.993885 0.927041 0.968539 0.845088 0.871969 0.859819 0.977628 0.985517 0.952480 0.999917 0.952373 0.978858 0.000000 0.836162 0.990523 0.917742 0.998757 0.994504 0.851088 0.901306 0.846784 0.917014 0.842289 0.832310 0.930983 0.961669 0.954470 0.916651 0.870354 0.967569 0.859324 0.933819 0.935565 0.958694 0.930324 0.996584 0.994836 0.995139 0.901845 0.921318 0.931230 0.963518 0.937914 0.996662 0.834313 0.760814 0.949380 0.981978 0.909399 0.914798 0.922060 0.983848 0.990271 0.997651 0.990122 0.914218 0.979039 0.881346 0.959420 0.931482 0.969046 0.851301 0.949974 0.974632 0.910244 0.886995 0.993719 0.880118 0.918997 0.930882 0.977900 0.994893 0.891631 0.772292 0.905098 0.975255 0.946752 0.954304 0.740782 0.906941 0.947918 0.964647 0.871901 0.921485 0.985148 0.845538 0.904185 0.876550 0.943450 0.961629 0.874123 0.984727 0.840799 0.950463
0.717681 0.666232 0.873397 0.797278 0.988025 0.751477 0.975881 0.841111 0.978947 0.991080 0.694738 0.709022 0.766896 0.676229 0.834495 0.781769 0.730255 0.782522 0.818502 0.709421 0.910866 0.956978 0.991578 0.816926 0.909741 0.953605 0.965367 0.823864 0.824593 0.827851 0.935039 0.967965 0.881678 0.901657 0.836162 0.000000 0.777929 0.991181 0.966997 0.827964 0.728800 0.888653 0.961904 0.915443 0.827998 0.952766 0.822370 0.868663 0.885522 0.813742 0.944428 0.900525 0.952996 0.815938 0.798345 0.821508 0.709743 0.668117 0.798555 0.692940 0.826165 0.752330 0.824967 0.768546 0.886521 0.685142 0.874358 0.971437 0.778292 0.879187 0.918141 0.946236 0.751162 0.924864 0.982034 0.922296 0.780804 0.948946 0.774964 0.838580 0.841318 0.722983 0.844349 0.712461 0.897622 0.857402 0.988353 0.987090 0.895838 0.741459 0.981205 0.969024 0.985422 0.964897 0.937592 0.949877 0.925023 0.964957 0.987524 0.979581 0.873019 0.767703 0.881222 0.889321 0.967326 0.933197 0.950105 0.912740 0.993383 0.806024 0.966426 0.876731 0.944669 0.985259 0.898695 0.953621
0.705850 0.670520 0.613204 0.603760 0.891555 0.860111 0.854440 0.795718 0.808371 0.850135 0.730086 0.722695 0.742899 0.769905 0.769606 0.680450 0.796274 0.776707 0.790679 0.687715 0.661938 0.818395 0.899615 0.839136 0.640676 0.616051 0.930595 0.998579 0.809068 0.827211 0.785936 0.825797 0.783098 0.734297 0.990523 0.777929 0.000000 0.629428 0.710526 0.597714 0.737308 0.731639 0.782586 0.734680 0.907162 0.880114 0.755351 0.832613 0.869835 0.822397 0.804604 0.795563 0.957862 0.966330 0.903123 0.959917 0.666335 0.700527 0.774383 0.789300 0.717007 0.724577 0.867489 0.811410 0.674199 0.652236 0.807902 0.838448 0.662511 0.692795 0.615275 0.698313 0.733001 0.717977 0.985042 0.911259 0.854759 0.749430 0.716735 0.720865 0.727355 0.823299 0.926721 0.816014 0.925479 0.889839 0.671523 0.774543 0.987395 0.913872 0.732237 0.739513 0.672050 0.721982 0.824978 0.834092 0.983827 0.914247 0.809559 0.858554 0.815963 0.897212 0.788239 0.827480 0.808158 0.858047 0.871785 0.969458 0.954195 0.996406 0.931468 0.845594 0.960283 0.886007 0.816486 0.857472
0.736356 0.735152 0.647329 0.647270 0.990890 0.965430 0.782652 0.801082 0.894587 0.894821 0.708423 0.759043 0.806678 0.787769 0.827885 0.692024 0.806173 0.785474 0.743577 0.759617 0.834796 0.850789 0.947729 0.921594 0.795168 0.818116 0.981251 0.811977 0.873816 0.825073 0.660054 0.740004 0.686165 0.748347 0.917742 0.991181 0.629428 0.000000 0.814630 0.743429 0.836089 0.803289 0.793972 0.756306 0.901666 0.845248 0.841912 0.874405 0.922534 0.860676 0.739976 0.805481 0.948347 0.959949 0.805372 0.998596 0.677964 0.737164 0.809084 0.862192 0.742497 0.773290 0.903080 0.854302 0.751818 0.675753 0.810408 0.853846 0.588195 0.703456 0.731611 0.661865 0.801136 0.566049 0.882628 0.723453 0.867349 0.823831 0.621087 0.816810 0.779384 0.832266 0.870689 0.868855 0.948739 0.881305 0.994302 0.827536 0.852742 0.933743 0.826090 0.836459 0.750604 0.760505 0.787630 0.921071 0.890654 0.980646 0.891359 0.985550 0.880004 0.798649 0.822326 0.947107 0.822870 0.821450 0.852784 0.919368 0.941704 0.981567 0.979732 0.889769 0.840318 0.930827 0.624423 0.990821
