0.000000 0.385163 0.554045 0.485986 0.764428 0.683658 0.387461 0.316328 0.605830 0.700496 0.358804 0.255232 0.354355 0.401802 0.618386 0.551620 0.387801 0.416156 0.401096 0.344241 0.912723 0.986383 0.588124 0.729741 0.988711 0.847065 0.937006 0.997791 0.362965 0.451997 0.708397 0.757596 0.333445 0.305404 0.518016 0.829637 0.693249 0.915882 0.892336 0.984742 0.818077 0.913863 0.580517 0.613773 0.606123 0.625214 0.434948 0.513872 0.896582 0.860132 0.805499 0.802513 0.926900 0.971078 0.713849 0.685965 0.410957 0.475247 0.287797 0.412032 0.301907 0.350351 0.294763 0.365298 0.541688 0.427230 0.403621 0.426440 0.643749 0.702600 0.539859 0.645225 0.829422 0.691973 0.852298 0.832687 0.551292 0.702263 0.652156 0.804086 0.389369 0.519467 0.607464 0.630269 0.416920 0.597767 0.849521 0.972871 0.671742 0.611940 0.662396 0.818348 0.716184 0.795470 0.729202 0.749824 0.648931 0.686973 0.452898 0.448031 0.604396 0.684063 0.566307 0.657265 0.478535 0.566198 0.966239 0.639436 0.650394 0.822204 0.836805 0.753483 0.694188 0.989291 0.773992 0.975453
0.385163 0.000000 0.800068 0.702708 0.936747 0.869852 0.674479 0.503487 0.832971 0.821451 0.721400 0.460334 0.711574 0.668048 0.864219 0.686186 0.323020 0.395577 0.616806 0.460188 0.946111 0.929213 0.784750 0.775605 0.930762 0.830939 0.988216 0.900068 0.451863 0.527775 0.784247 0.825286 0.486697 0.519080 0.740081 0.810560 0.754836 0.940705 0.962768 0.959565 0.747991 0.893693 0.638046 0.637856 0.546336 0.488237 0.550326 0.584143 0.689691 0.698290 0.620018 0.670464 0.899872 0.992750 0.639814 0.683362 0.280882 0.208744 0.512434 0.410367 0.556256 0.347180 0.555797 0.470178 0.720021 0.508845 0.608264 0.566136 0.464549 0.542166 0.743241 0.818474 0.765384 0.739083 0.711483 0.799002 0.731897 0.777633 0.616344 0.658396 0.353605 0.443994 0.548246 0.528771 0.598032 0.596068 0.926580 0.928967 0.782973 0.590972 0.856704 0.969651 0.881645 0.948984 0.620082 0.918623 0.531135 0.690593 0.564933 0.553046 0.842939 0.936152 0.655019 0.843598 0.576836 0.678297 0.901329 0.697222 0.647872 0.722323 0.703030 0.596049 0.801191 0.837227 0.679316 0.950311
0.554045 0.800068 0.000000 0.210135 0.808111 0.768839 0.232552 0.350446 0.456340 0.782642 0.542645 0.718686 0.405341 0.484317 0.414997 0.407591 0.854108 0.796095 0.359730 0.532454 0.706498 0.957244 0.279890 0.410995 0.521215 0.392740 0.933554 0.845777 0.656713 0.735088 0.321701 0.453626 0.377038 0.321764 0.425563 0.725432 0.479299 0.812360 0.888324 0.889099 0.835516 0.964025 0.458123 0.533473 0.554089 0.638847 0.544676 0.444663 0.964582 0.845493 0.673411 0.751959 0.691516 0.694934 0.549900 0.666539 0.935779 0.952135 0.561515 0.826075 0.431845 0.708480 0.616437 0.853557 0.250454 0.426813 0.330485 0.385426 0.775319 0.972098 0.464575 0.468581 0.704611 0.667582 0.856964 0.903822 0.533121 0.582274 0.787714 0.841150 0.786312 0.692212 0.600779 0.791162 0.349390 0.429312 0.770539 0.782840 0.665926 0.651050 0.540012 0.654207 0.632838 0.646358 0.656075 0.848142 0.699653 0.860876 0.615350 0.545515 0.668739 0.705068 0.720524 0.778507 0.602049 0.594210 0.885027 0.666479 0.701727 0.961074 0.844598 0.898238 0.810242 0.873541 0.859582 0.922497
0.485986 0.702708 0.210135 0.000000 0.864620 0.676779 0.199130 0.264281 0.481853 0.776721 0.462117 0.599063 0.381509 0.401093 0.462908 0.434033 0.762517 0.683489 0.276170 0.411460 0.772552 0.976329 0.291507 0.342147 0.560377 0.448762 0.943562 0.814074 0.610126 0.680428 0.334700 0.434215 0.295069 0.266283 0.419083 0.671532 0.553605 0.859463 0.873550 0.861030 0.802513 0.908244 0.432333 0.491026 0.530393 0.614229 0.472961 0.428702 0.960583 0.853735 0.667947 0.766580 0.700048 0.748947 0.580458 0.660117 0.816009 0.880242 0.515476 0.746053 0.407907 0.631529 0.554116 0.791482 0.293962 0.337314 0.278743 0.293452 0.785153 0.934420 0.426308 0.446343 0.674248 0.646134 0.723058 0.888653 0.521448 0.577030 0.730943 0.824193 0.724040 0.637903 0.560506 0.775423 0.335613 0.396275 0.772546 0.724002 0.623323 0.596109 0.518414 0.671241 0.622109 0.680636 0.694075 0.772967 0.679396 0.787998 0.547455 0.448701 0.605474 0.614048 0.683049 0.683906 0.563721 0.573066 0.943820 0.696320 0.669638 0.956759 0.787705 0.816978 0.773428 0.925075 0.813408 0.892296
0.764428 0.936747 0.808111 0.864620 0.000000 0.874504 0.779530 0.773715 0.675631 0.669621 0.827172 0.819082 0.713935 0.776640 0.672769 0.852650 0.846620 0.928578 0.822838 0.901850 0.946080 0.997478 0.783923 0.951454 0.977336 0.931109 0.933038 0.882012 0.838213 0.866081 0.902880 0.965907 0.801422 0.766380 0.681604 0.920539 0.858633 0.892236 0.942851 0.910249 0.939868 0.944392 0.802256 0.818757 0.894637 0.943843 0.893590 0.872655 0.963161 0.918221 0.880972 0.826994 0.875843 0.866832 0.967325 0.884452 0.919570 0.871088 0.647110 0.733615 0.689463 0.849511 0.652325 0.763653 0.753174 0.840805 0.730615 0.762451 0.912093 0.967500 0.772030 0.732134 0.944348 0.996344 0.941567 0.960754 0.836502 0.908832 0.967538 0.967826 0.862054 0.921932 0.884974 0.904393 0.776819 0.959333 0.998008 0.740963 0.708155 0.953144 0.728092 0.723958 0.754879 0.685080 0.992654 0.963875 0.809337 0.902878 0.717333 0.818592 0.956922 0.885521 0.705422 0.842358 0.848701 0.632417 0.892288 0.660956 0.814641 0.910436 0.868908 0.907619 0.792389 0.943662 0.899954 0.913165
0.683658 0.869852 0.768839 0.676779 0.874504 0.000000 0.625523 0.628352 0.759711 0.856588 0.680174 0.716087 0.737169 0.790704 0.865468 0.804293 0.847179 0.788197 0.599966 0.649624 0.809126 0.925082 0.812594 0.817355 0.979599 0.819731 0.995794 0.735089 0.819169 0.924569 0.861675 0.830966 0.700129 0.660862 0.767331 0.835297 0.820357 0.973550 0.932139 0.970587 0.886402 0.967058 0.603042 0.683514 0.695806 0.709711 0.660199 0.719060 0.925923 0.856835 0.851850 0.858209 0.878678 0.872496 0.783470 0.865699 0.788790 0.945638 0.737216 0.827327 0.709093 0.731106 0.811519 0.914710 0.759712 0.623163 0.634633 0.566176 0.950029 0.940982 0.776341 0.808776 0.845165 0.682573 0.982149 0.956740 0.716120 0.712647 0.800172 0.980350 0.820594 0.872323 0.975902 0.973625 0.775659 0.818822 0.877039 0.896709 0.855121 0.825402 0.679474 0.759823 0.757177 0.770716 0.902070 0.899088 0.836239 0.969456 0.671096 0.706942 0.815085 0.776356 0.695566 0.703312 0.830617 0.875553 0.993833 0.882269 0.992153 0.930142 0.960847 0.865162 0.900122 0.944273 0.938903 0.944680
0.387461 0.674479 0.232552 0.199130 0.779530 0.625523 0.000000 0.189889 0.418172 0.578059 0.391680 0.500309 0.332245 0.385117 0.438760 0.441373 0.693148 0.615648 0.254843 0.373734 0.776447 0.991245 0.364594 0.524767 0.751862 0.555830 0.963703 0.859517 0.499234 0.631402 0.447916 0.540736 0.309767 0.256074 0.397962 0.678289 0.574368 0.898605 0.981337 0.898946 0.779932 0.998877 0.343254 0.412043 0.435479 0.517435 0.430904 0.383587 0.865039 0.774057 0.608132 0.671539 0.624985 0.669144 0.581056 0.648082 0.763657 0.840046 0.385005 0.711319 0.376385 0.596915 0.484779 0.707109 0.329625 0.382738 0.236231 0.293126 0.802620 0.906577 0.343474 0.378700 0.624475 0.549325 0.815520 0.857853 0.393063 0.524057 0.685417 0.904307 0.677818 0.687252 0.613718 0.803026 0.376834 0.520956 0.771976 0.863207 0.707693 0.678518 0.385142 0.508956 0.489369 0.526617 0.693086 0.713506 0.602959 0.709722 0.391315 0.333140 0.509472 0.511847 0.540443 0.589786 0.485830 0.486116 0.907436 0.589206 0.634602 0.878124 0.802268 0.763845 0.681096 0.887732 0.804792 0.984981
0.316328 0.503487 0.350446 0.264281 0.773715 0.628352 0.189889 0.000000 0.510116 0.558020 0.364572 0.370678 0.355480 0.351701 0.550279 0.513389 0.545724 0.496103 0.241861 0.298945 0.891007 0.995749 0.452842 0.558320 0.851142 0.672628 0.911068 0.913548 0.391845 0.554178 0.505898 0.588345 0.278322 0.248501 0.426288 0.696099 0.645022 0.970463 0.981917 0.947843 0.741673 0.964423 0.354442 0.416411 0.443486 0.492164 0.407179 0.410629 0.801870 0.757786 0.632860 0.695181 0.696221 0.793272 0.611197 0.617487 0.564085 0.645435 0.351812 0.598571 0.351440 0.454480 0.399322 0.577387 0.424067 0.361195 0.277670 0.278047 0.734674 0.788873 0.405345 0.419412 0.646587 0.509000 0.776302 0.807563 0.437606 0.562822 0.644230 0.848016 0.567569 0.609297 0.566362 0.756710 0.400419 0.548824 0.760334 0.884683 0.699977 0.614946 0.457685 0.611675 0.540492 0.656271 0.708927 0.713699 0.532107 0.642787 0.371233 0.300794 0.518333 0.538499 0.493596 0.570992 0.454791 0.474866 0.961611 0.614548 0.601763 0.776589 0.702580 0.707217 0.643212 0.931322 0.780898 0.970126
0.605830 0.832971 0.456340 0.481853 0.675631 0.759711 0.418172 0.510116 0.000000 0.487299 0.639121 0.657421 0.582134 0.746358 0.544211 0.583149 0.738543 0.761647 0.660802 0.686530 0.757428 0.995609 0.583728 0.848752 0.865877 0.690501 0.970647 0.893318 0.591092 0.659032 0.727635 0.921753 0.616109 0.557628 0.573478 0.952223 0.653576 0.784235 0.858107 0.946661 0.894626 0.808516 0.591685 0.604075 0.580548 0.634489 0.701549 0.618493 0.896928 0.857681 0.650779 0.625807 0.581799 0.600291 0.678720 0.677878 0.982756 0.928803 0.460253 0.695610 0.508800 0.678236 0.632765 0.698969 0.477316 0.691490 0.496071 0.599897 0.838657 0.958899 0.433269 0.518373 0.682151 0.730220 0.917089 0.908042 0.433371 0.590057 0.719018 0.981871 0.720223 0.909747 0.834053 0.810165 0.666321 0.850947 0.922412 0.867849 0.725989 0.766478 0.464513 0.460356 0.506492 0.436397 0.792515 0.985639 0.576415 0.800769 0.503551 0.486753 0.702855 0.666549 0.610786 0.723204 0.557154 0.464431 0.716918 0.592045 0.708841 0.858640 0.803244 0.826440 0.653372 0.808181 0.793452 0.842247
0.700496 0.821451 0.782642 0.776721 0.669621 0.856588 0.578059 0.558020 0.487299 0.000000 0.683166 0.655091 0.779172 0.827567 0.703425 0.816422 0.646829 0.656083 0.734155 0.742522 0.963999 0.998978 0.925884 0.776987 0.755070 0.876117 0.876488 0.952253 0.570833 0.684153 0.980706 0.863530 0.851350 0.693631 0.693073 0.887871 0.901492 0.955952 0.893610 0.994556 0.781644 0.786271 0.604581 0.608157 0.580041 0.616112 0.838312 0.787305 0.762269 0.785318 0.614676 0.606127 0.616544 0.632737 0.983000 0.844385 0.853070 0.833990 0.540359 0.833562 0.752801 0.792328 0.672130 0.643387 0.887240 0.936959 0.627504 0.728603 0.923434 0.936365 0.435077 0.511819 0.736294 0.640367 0.994155 0.985398 0.440140 0.635232 0.739956 0.822756 0.761732 0.958510 0.964492 0.899238 0.949711 0.815135 0.935874 0.690391 0.998892 0.911496 0.394728 0.381915 0.403896 0.410284 0.862743 0.910550 0.585630 0.680368 0.407180 0.454984 0.613513 0.594325 0.386236 0.623842 0.602270 0.548725 0.858929 0.486412 0.721728 0.771108 0.755455 0.755992 0.551481 0.872656 0.824663 0.745726
0.358804 0.721400 0.542645 0.462117 0.827172 0.680174 0.391680 0.364572 0.639121 0.683166 0.000000 0.317943 0.287091 0.342421 0.682141 0.647814 0.596411 0.598439 0.349990 0.394991 0.989441 0.805132 0.632327 0.707156 0.901976 0.924108 0.890430 0.992818 0.462578 0.510176 0.742265 0.711538 0.430999 0.361700 0.596144 0.935748 0.869867 0.897017 0.920829 0.998519 0.898216 0.963107 0.712770 0.705802 0.777250 0.810558 0.578308 0.633700 0.962193 0.988205 0.988976 0.930863 0.970051 0.888175 0.770727 0.812427 0.705793 0.806099 0.448454 0.594500 0.353990 0.495965 0.298751 0.493862 0.584254 0.494598 0.486081 0.473941 0.923761 0.971805 0.633990 0.740084 0.974197 0.804871 0.856967 0.803753 0.663329 0.813483 0.769333 0.871189 0.569572 0.620286 0.849605 0.795331 0.508524 0.698958 0.822382 0.943791 0.746983 0.739921 0.753727 0.818907 0.827018 0.823472 0.872548 0.763689 0.873338 0.837084 0.609865 0.566205 0.562154 0.671597 0.669585 0.716130 0.595460 0.678760 0.998211 0.823733 0.754562 0.933023 0.944372 0.949974 0.795279 0.761540 0.906624 0.868838
0.255232 0.460334 0.718686 0.599063 0.819082 0.716087 0.500309 0.370678 0.657421 0.655091 0.317943 0.000000 0.403704 0.410436 0.718921 0.656301 0.357456 0.371530 0.491093 0.390163 0.967697 0.982109 0.744064 0.830234 0.776396 0.974318 0.908456 0.932348 0.329433 0.365337 0.867266 0.892847 0.435178 0.411113 0.660646 0.909668 0.868685 0.978626 0.902099 0.943870 0.822148 0.877581 0.725921 0.713122 0.657773 0.684538 0.601934 0.606088 0.899432 0.907003 0.921570 0.891603 0.969686 0.920936 0.797287 0.761271 0.451063 0.506029 0.354045 0.421673 0.330978 0.286858 0.267674 0.268883 0.688841 0.480392 0.518038 0.491282 0.760288 0.722577 0.674064 0.723257 0.929497 0.740332 0.831528 0.847842 0.631200 0.776451 0.619195 0.816234 0.387993 0.569941 0.731003 0.661486 0.586258 0.740791 0.832297 0.978346 0.749657 0.653514 0.726573 0.863283 0.791046 0.833075 0.821290 0.842889 0.710752 0.740060 0.503175 0.492759 0.642446 0.735434 0.583626 0.670017 0.543315 0.602731 0.998321 0.760644 0.649466 0.821389 0.793327 0.735215 0.767150 0.881575 0.797872 0.970225
0.354355 0.711574 0.405341 0.381509 0.713935 0.737169 0.332245 0.355480 0.582134 0.779172 0.287091 0.403704 0.000000 0.250488 0.427781 0.460686 0.693707 0.669865 0.352372 0.396916 0.731963 0.924137 0.374600 0.516993 0.917206 0.779534 0.956686 0.929160 0.523290 0.538829 0.583927 0.603187 0.321253 0.296546 0.525797 0.818373 0.760563 0.948575 0.960240 0.984357 0.838376 0.927789 0.627424 0.676001 0.827106 0.885001 0.557950 0.567988 0.789487 0.884146 0.993939 0.992952 0.993766 0.994833 0.732488 0.836351 0.728086 0.819014 0.378757 0.533454 0.244427 0.506693 0.276091 0.534280 0.394212 0.368995 0.415549 0.421710 0.872694 0.938349 0.570299 0.661629 0.914337 0.857401 0.823129 0.736040 0.672571 0.723839 0.846669 0.816354 0.624909 0.689694 0.660878 0.896761 0.321270 0.502188 0.691055 0.939639 0.646870 0.695854 0.724062 0.823712 0.863393 0.770443 0.859386 0.774350 0.865437 0.844299 0.626294 0.601504 0.607298 0.691025 0.730464 0.742431 0.587754 0.556994 0.936387 0.742567 0.716563 0.936652 0.994451 0.892437 0.837011 0.921752 0.840273 0.907701
0.401802 0.668048 0.484317 0.401093 0.776640 0.790704 0.385117 0.351701 0.746358 0.827567 0.342421 0.410436 0.250488 0.000000 0.480597 0.478235 0.744566 0.635953 0.339876 0.402275 0.841712 0.968577 0.388388 0.487110 0.920399 0.823364 0.978466 0.906328 0.575647 0.533808 0.541710 0.536096 0.271399 0.305075 0.555342 0.710315 0.720760 0.964646 0.843133 0.997253 0.859136 0.893666 0.690386 0.757664 0.858603 0.910256 0.649935 0.643583 0.768435 0.834235 0.983276 0.947374 0.968486 0.902780 0.895321 0.918416 0.642120 0.737810 0.439635 0.539890 0.294027 0.499675 0.311520 0.554612 0.459047 0.318989 0.429313 0.348455 0.996066 0.900107 0.645149 0.605201 0.999557 0.850778 0.730880 0.738837 0.759819 0.779543 0.807520 0.751987 0.662755 0.733628 0.582792 0.872700 0.332749 0.460117 0.694954 0.834932 0.629127 0.656805 0.763631 0.941473 0.853487 0.907513 0.901036 0.742854 0.884161 0.875138 0.672983 0.634569 0.560815 0.720689 0.796620 0.859625 0.610668 0.632098 0.922208 0.822759 0.727304 0.907143 0.871224 0.884120 0.913026 0.834952 0.859954 0.908557
0.618386 0.864219 0.414997 0.462908 0.672769 0.865468 0.438760 0.550279 0.544211 0.703425 0.682141 0.718921 0.427781 0.480597 0.000000 0.395550 0.876514 0.808543 0.610161 0.672404 0.616575 0.912963 0.333041 0.608498 0.730468 0.675332 0.858740 0.828656 0.719053 0.706288 0.515518 0.691318 0.468037 0.473603 0.541729 0.725297 0.542288 0.810700 0.887626 0.973700 0.786292 0.934369 0.667335 0.799759 0.749430 0.845372 0.751880 0.655635 0.804936 0.950901 0.785554 0.759655 0.733234 0.709199 0.841388 0.856008 0.917267 0.922594 0.491189 0.681995 0.407244 0.721899 0.547293 0.703699 0.375300 0.519167 0.451336 0.497770 0.893996 0.887472 0.498971 0.474418 0.838223 0.882641 0.878439 0.887309 0.672077 0.713784 0.793756 0.922542 0.823728 0.957874 0.582601 0.845986 0.391968 0.549651 0.642596 0.933887 0.733393 0.752131 0.616681 0.684923 0.713772 0.619733 0.767775 0.839392 0.807295 0.839883 0.639107 0.679830 0.790748 0.818696 0.738517 0.839933 0.621678 0.513267 0.736803 0.605671 0.702469 0.957494 0.833856 0.802866 0.934304 0.824488 0.783040 0.982632
0.551620 0.686186 0.407591 0.434033 0.852650 0.804293 0.441373 0.513389 0.583149 0.816422 0.647814 0.656301 0.460686 0.478235 0.395550 0.000000 0.744458 0.579955 0.549863 0.542040 0.579052 0.998551 0.345320 0.495355 0.607080 0.470631 0.874401 0.922765 0.556474 0.502886 0.409883 0.492821 0.383332 0.436780 0.554016 0.600135 0.434464 0.735255 0.992194 0.970297 0.850389 0.968953 0.684402 0.741888 0.695754 0.718096 0.670155 0.653930 0.895840 0.931751 0.743033 0.753370 0.784757 0.772299 0.726197 0.857767 0.775460 0.759790 0.605973 0.753462 0.444459 0.589302 0.573001 0.670626 0.403901 0.428412 0.475049 0.495764 0.828353 0.862518 0.548086 0.545717 0.804785 0.726616 0.735980 0.912480 0.698771 0.753103 0.645922 0.655593 0.557932 0.673967 0.578547 0.762980 0.377027 0.429540 0.794592 0.905655 0.734775 0.732589 0.621289 0.839333 0.702153 0.717522 0.677297 0.849958 0.675717 0.840731 0.669207 0.713483 0.736164 0.817464 0.804557 0.924965 0.614220 0.707456 0.867503 0.761949 0.766556 0.889479 0.846519 0.821949 0.919342 0.939195 0.834468 0.936350
0.387801 0.323020 0.854108 0.762517 0.846620 0.847179 0.693148 0.545724 0.738543 0.646829 0.596411 0.357456 0.693707 0.744566 0.876514 0.744458 0.000000 0.297340 0.683093 0.510882 0.967920 0.999890 0.887736 0.960866 0.900964 0.994223 0.961007 0.827396 0.367406 0.401302 0.910160 0.966292 0.601242 0.561881 0.761864 0.879234 0.792806 0.886864 0.959836 0.843809 0.723435 0.838585 0.747175 0.682389 0.594616 0.565439 0.667103 0.717682 0.737005 0.763295 0.733844 0.744738 0.905498 0.995226 0.761887 0.706955 0.371640 0.305078 0.528955 0.515385 0.581145 0.382925 0.475700 0.328488 0.833161 0.646218 0.633619 0.620525 0.583652 0.715990 0.698158 0.813668 0.867730 0.715925 0.862823 0.830541 0.693469 0.795506 0.641512 0.887681 0.296239 0.507961 0.747849 0.487592 0.732236 0.813291 0.964411 0.896365 0.861707 0.699302 0.776470 0.878427 0.781059 0.875988 0.598297 0.973209 0.577235 0.587734 0.562487 0.546586 0.759124 0.857021 0.570621 0.672923 0.537912 0.691883 0.986504 0.666057 0.748766 0.837608 0.793474 0.657856 0.746198 0.927803 0.738181 0.926714
0.416156 0.395577 0.796095 0.683489 0.928578 0.788197 0.615648 0.496103 0.761647 0.656083 0.598439 0.371530 0.669865 0.635953 0.808543 0.579955 0.297340 0.000000 0.614846 0.467658 0.907815 0.890602 0.802391 0.850716 0.987143 0.842717 0.999472 0.925849 0.360992 0.333654 0.777302 0.778118 0.521977 0.530507 0.705247 0.709602 0.665642 0.799040 0.956014 0.892030 0.800222 0.830977 0.729496 0.687764 0.559855 0.557978 0.679664 0.711643 0.845433 0.800314 0.730706 0.747532 0.870587 0.930546 0.751941 0.831684 0.364836 0.364277 0.604391 0.666030 0.598057 0.441935 0.494625 0.347368 0.787996 0.572264 0.554446 0.556111 0.609192 0.711327 0.639357 0.684240 0.798406 0.629348 0.888255 0.848831 0.680771 0.736017 0.512186 0.721343 0.254344 0.460076 0.614862 0.564469 0.708365 0.707866 0.933894 0.907676 0.837819 0.739602 0.666473 0.848398 0.647922 0.841881 0.737071 0.893460 0.549415 0.707147 0.544454 0.550232 0.648149 0.794494 0.541916 0.694104 0.505828 0.724121 0.965896 0.746452 0.736398 0.818273 0.844081 0.718967 0.827634 0.959463 0.800932 0.983900
0.401096 0.616806 0.359730 0.276170 0.822838 0.599966 0.254843 0.241861 0.660802 0.734155 0.349990 0.491093 0.352372 0.339876 0.610161 0.549863 0.683093 0.614846 0.000000 0.328083 0.908637 0.899395 0.421105 0.489526 0.818897 0.654294 0.966845 0.838151 0.529738 0.659549 0.471896 0.509724 0.275209 0.248562 0.443205 0.702521 0.660686 0.996580 0.869953 0.894368 0.769995 0.937580 0.445645 0.492594 0.569284 0.621987 0.449151 0.470592 0.935267 0.883076 0.776815 0.858711 0.833738 0.917091 0.642679 0.733867 0.623626 0.757639 0.478879 0.684598 0.427630 0.591274 0.461464 0.720208 0.456265 0.371401 0.323474 0.302551 0.824862 0.867605 0.493854 0.551175 0.756082 0.651151 0.738652 0.765494 0.573925 0.623561 0.775415 0.821214 0.670474 0.628468 0.644731 0.856424 0.398290 0.500236 0.779499 0.789555 0.660014 0.706517 0.568122 0.735310 0.677009 0.769763 0.809670 0.722471 0.732703 0.804844 0.481726 0.440652 0.549462 0.598301 0.629728 0.652932 0.572377 0.626205 0.968227 0.660926 0.702718 0.960943 0.874144 0.740156 0.704400 0.973902 0.920564 0.907561
0.344241 0.460188 0.532454 0.411460 0.901850 0.649624 0.373734 0.298945 0.686530 0.742522 0.394991 0.390163 0.396916 0.402275 0.672404 0.542040 0.510882 0.467658 0.328083 0.000000 0.862755 0.938335 0.590668 0.580844 0.883207 0.743038 0.940365 0.894901 0.387748 0.555619 0.621769 0.563346 0.317014 0.337890 0.652434 0.763249 0.728319 0.938592 0.915611 0.907199 0.812681 0.928118 0.524154 0.553757 0.588780 0.590997 0.472349 0.499109 0.846425 0.785209 0.765756 0.827098 0.903415 0.961722 0.683236 0.696106 0.502343 0.567634 0.468784 0.604263 0.453980 0.462539 0.442230 0.591241 0.557401 0.410635 0.467247 0.428610 0.654986 0.760055 0.573417 0.706064 0.754913 0.640121 0.755365 0.664710 0.595927 0.713521 0.713843 0.772900 0.494211 0.436668 0.577989 0.736279 0.443324 0.526882 0.748696 0.788059 0.776978 0.693933 0.685524 0.856283 0.777727 0.879457 0.728846 0.961414 0.708311 0.749101 0.528142 0.458372 0.633412 0.634775 0.567131 0.672185 0.510604 0.674126 0.997374 0.770618 0.726175 0.914756 0.880565 0.700327 0.712861 0.973235 0.794284 0.952288
0.912723 0.946111 0.706498 0.772552 0.946080 0.809126 0.776447 0.891007 0.757428 0.963999 0.989441 0.967697 0.731963 0.841712 0.616575 0.579052 0.967920 0.907815 0.908637 0.862755 0.000000 0.899608 0.639761 0.735285 0.699959 0.657314 0.814514 0.980803 0.971564 0.876290 0.730254 0.855375 0.745565 0.797200 0.877755 0.813719 0.631604 0.650037 0.968691 0.882342 0.801864 0.964809 0.876637 0.962552 0.900030 0.938844 0.850285 0.913579 0.863359 0.953084 0.905959 0.918920 0.896951 0.761102 0.871731 0.914840 0.994048 0.944471 0.817737 0.857705 0.737808 0.862856 0.875847 0.947728 0.619742 0.724389 0.734179 0.771329 0.817191 0.987208 0.731836 0.808817 0.967640 0.975739 0.940741 0.940389 0.906240 0.763897 0.971327 0.807013 0.868989 0.948535 0.751988 0.919046 0.700301 0.691056 0.694608 0.752214 0.844913 0.889139 0.845937 0.892036 0.938634 0.787985 0.825891 0.934840 0.899476 0.980181 0.872220 0.937424 0.981752 0.951750 0.990670 0.995978 0.887196 0.781272 0.879938 0.903280 0.965694 0.967789 0.923749 0.821518 0.895264 0.871177 0.807988 0.949775
0.986383 0.929213 0.957244 0.976329 0.997478 0.925082 0.991245 0.995749 0.995609 0.998978 0.805132 0.982109 0.924137 0.968577 0.912963 0.998551 0.999890 0.890602 0.899395 0.938335 0.899608 0.000000 0.953294 0.941536 0.862854 0.965324 0.778542 0.914949 0.966605 0.956628 0.936873 0.923379 0.970745 0.984282 0.947919 0.979617 0.915770 0.968904 0.980842 0.905470 0.829217 0.946598 0.957017 0.985807 0.894541 0.970255 0.964647 0.985083 0.979137 0.978419 0.802312 0.825118 0.912772 0.831102 0.958647 0.980278 0.902679 0.922425 0.987530 0.938727 0.986247 0.968537 0.961689 0.917552 0.983924 0.964743 0.988030 0.987379 0.805131 0.846776 0.910220 0.933757 0.906349 0.925952 0.905985 0.908266 0.906932 0.786628 0.908121 0.931261 0.950485 0.978013 0.733478 0.960680 0.998356 0.871132 0.964019 0.982804 0.852545 0.806511 0.949801 0.945471 0.927131 0.977877 0.839404 0.919275 0.898420 0.955439 0.928179 0.906063 0.977284 0.843250 0.896549 0.989370 0.809644 0.915698 0.918235 0.999481 0.960918 0.952414 0.812162 0.933184 0.958007 0.968564 0.826040 0.927287
0.588124 0.784750 0.279890 0.291507 0.783923 0.812594 0.364594 0.452842 0.583728 0.925884 0.632327 0.744064 0.374600 0.388388 0.333041 0.345320 0.887736 0.802391 0.421105 0.590668 0.639761 0.953294 0.000000 0.302547 0.491574 0.473012 0.843452 0.838050 0.782580 0.693712 0.279029 0.388524 0.315569 0.337049 0.465555 0.672214 0.509852 0.836423 0.883802 0.913364 0.848591 0.859014 0.605179 0.693235 0.798947 0.844651 0.640318 0.586599 0.724833 0.885605 0.849139 0.847011 0.837148 0.800022 0.712950 0.829436 0.882898 0.884241 0.609343 0.743001 0.384599 0.680336 0.550511 0.790859 0.260215 0.350451 0.402169 0.391665 0.836345 0.924062 0.530513 0.501994 0.851936 0.841859 0.751912 0.848273 0.737513 0.606947 0.850115 0.758300 0.767505 0.805885 0.543196 0.895585 0.272343 0.334294 0.776218 0.790544 0.589818 0.540298 0.681514 0.826963 0.772523 0.767021 0.742082 0.760261 0.794469 0.889043 0.716022 0.675432 0.747429 0.772113 0.907682 0.879060 0.664010 0.576498 0.930464 0.713509 0.846278 0.961350 0.865159 0.932498 0.964998 0.921541 0.825007 0.968132
0.729741 0.775605 0.410995 0.342147 0.951454 0.817355 0.524767 0.558320 0.848752 0.776987 0.707156 0.830234 0.516993 0.487110 0.608498 0.495355 0.960866 0.850716 0.489526 0.580844 0.735285 0.941536 0.302547 0.000000 0.421040 0.444462 0.815424 0.795049 0.874976 0.790419 0.322808 0.310910 0.405253 0.467693 0.654571 0.722806 0.655830 0.851695 0.816149 0.917366 0.967053 0.769568 0.717802 0.793278 0.872522 0.905751 0.681607 0.663463 0.776299 0.909884 0.944201 0.969123 0.976771 0.982073 0.676229 0.855878 0.854511 0.916236 0.844218 0.875824 0.554689 0.714904 0.720047 0.935230 0.404331 0.355716 0.574363 0.478931 0.833033 0.991500 0.778398 0.773591 0.939861 0.916016 0.698488 0.862395 0.959146 0.783082 0.846313 0.658524 0.806892 0.639671 0.523583 0.882003 0.357155 0.268169 0.795052 0.547092 0.624632 0.552225 0.940179 0.891891 0.964382 0.902545 0.749112 0.830396 0.913537 0.999880 0.940440 0.838331 0.890466 0.947683 0.907567 0.993710 0.788690 0.833505 0.915025 0.932427 0.910025 0.897017 0.924913 0.972173 0.919366 0.998422 0.858244 0.837473
0.988711 0.930762 0.521215 0.560377 0.977336 0.979599 0.751862 0.851142 0.865877 0.755070 0.901976 0.776396 0.917206 0.920399 0.730468 0.607080 0.900964 0.987143 0.818897 0.883207 0.699959 0.862854 0.491574 0.421040 0.000000 0.321880 0.732412 0.904450 0.888476 0.956454 0.369785 0.485314 0.696713 0.754901 0.731928 0.692469 0.507147 0.651743 0.764514 0.985292 0.957268 0.865955 0.860940 0.935348 0.889364 0.929596 0.838472 0.852230 0.894299 0.982337 0.775983 0.946584 0.922724 0.842289 0.688511 0.866780 0.942739 0.977903 0.867222 0.856769 0.907135 0.990445 0.941546 0.854058 0.518164 0.664021 0.752361 0.745552 0.717255 0.943653 0.798931 0.836594 0.904925 0.980351 0.869762 0.961936 0.949175 0.795214 0.966809 0.797337 0.895872 0.716408 0.582508 0.826963 0.586177 0.422376 0.995604 0.686357 0.712386 0.621570 0.970529 0.901466 0.951395 0.912494 0.733720 0.891634 0.790538 0.980991 0.951809 0.992017 0.874664 0.891960 0.864695 0.847464 0.940941 0.993371 0.930389 0.990494 0.981241 0.982035 0.880045 0.953515 0.819643 0.893275 0.926707 0.768673
0.847065 0.830939 0.392740 0.448762 0.931109 0.819731 0.555830 0.672628 0.690501 0.876117 0.924108 0.974318 0.779534 0.823364 0.675332 0.470631 0.994223 0.842717 0.654294 0.743038 0.657314 0.965324 0.473012 0.444462 0.321880 0.000000 0.856640 0.884933 0.880666 0.869695 0.364057 0.436944 0.586859 0.658135 0.710476 0.612595 0.432254 0.661282 0.929849 0.971686 0.911762 0.954167 0.633523 0.723662 0.649706 0.658505 0.685424 0.649721 0.899290 0.780599 0.639986 0.766748 0.728963 0.706549 0.505581 0.813032 0.992129 0.956579 0.928751 0.938247 0.767994 0.890431 0.987108 0.897848 0.435658 0.586745 0.606590 0.629851 0.728730 0.998937 0.721148 0.713256 0.689706 0.780860 0.940016 0.968772 0.774273 0.716313 0.808260 0.766722 0.824688 0.669038 0.619147 0.803406 0.548452 0.444426 0.922665 0.744157 0.746380 0.712183 0.754007 0.902501 0.781768 0.853669 0.693390 0.871308 0.698370 0.921797 0.851624 0.847728 0.917285 0.939105 0.982120 0.978845 0.824924 0.867787 0.866969 0.886592 0.887332 0.963215 0.903185 0.938198 0.967759 0.808672 0.921134 0.877375
0.937006 0.988216 0.933554 0.943562 0.933038 0.995794 0.963703 0.911068 0.970647 0.876488 0.890430 0.908456 0.956686 0.978466 0.858740 0.874401 0.961007 0.999472 0.966845 0.940365 0.814514 0.778542 0.843452 0.815424 0.732412 0.856640 0.000000 0.828781 0.850076 0.989621 0.857202 0.923134 0.930584 0.974781 0.985476 0.840578 0.843780 0.849929 0.854735 0.930397 0.764516 0.991226 0.904226 0.913753 0.900903 0.827068 0.896119 0.833483 0.740726 0.834624 0.947668 0.932019 0.839273 0.951416 0.995962 0.915901 0.959355 0.975797 0.969579 0.986876 0.975969 0.950227 0.957582 0.986233 0.875876 0.844240 0.915855 0.882110 0.937655 0.945493 0.986518 0.982195 0.809838 0.845816 0.950997 0.906772 0.972007 0.883608 0.966896 0.954016 0.920913 0.989251 0.837505 0.817518 0.874345 0.779962 0.973584 0.987967 0.785511 0.847365 0.939525 0.900646 0.948443 0.969134 0.783382 0.988291 0.968046 0.868390 0.979071 0.960970 0.835665 0.841196 0.979954 0.963853 0.997245 0.955858 0.974656 0.945064 0.928753 0.825300 0.916768 0.968943 0.813910 0.836126 0.835935 0.889031
0.997791 0.900068 0.845777 0.814074 0.882012 0.735089 0.859517 0.913548 0.893318 0.952253 0.992818 0.932348 0.929160 0.906328 0.828656 0.922765 0.827396 0.925849 0.838151 0.894901 0.980803 0.914949 0.838050 0.795049 0.904450 0.884933 0.828781 0.000000 0.914005 0.852725 0.778431 0.878524 0.852740 0.937783 0.858927 0.977521 0.884800 0.956348 0.910845 0.953754 0.993699 0.853275 0.900179 0.905556 0.980705 0.966982 0.945031 0.986933 0.850542 0.913865 0.997162 0.966313 0.992352 0.949767 0.972829 0.905120 0.950408 0.819371 0.947547 0.905985 0.973353 0.869076 0.960201 0.807610 0.877663 0.867593 0.830874 0.815389 0.924128 0.898022 0.951010 0.857807 0.920143 0.953853 0.980230 0.857781 0.982414 0.990741 0.964325 0.945098 0.893843 0.953770 0.993553 0.797794 0.880194 0.828596 0.976010 0.926355 0.977758 0.916192 0.836041 0.853918 0.884103 0.909486 0.905551 0.873288 0.936451 0.989419 0.971848 0.957071 0.961009 0.855842 0.951296 0.917765 0.921184 0.984533 0.960262 0.998064 0.924375 0.740467 0.960255 0.935596 0.995176 0.872659 0.870717 0.918890
0.362965 0.451863 0.656713 0.610126 0.838213 0.819169 0.499234 0.391845 0.591092 0.570833 0.462578 0.329433 0.523290 0.575647 0.719053 0.556474 0.367406 0.360992 0.529738 0.387748 0.971564 0.966605 0.782580 0.874976 0.888476 0.880666 0.850076 0.914005 0.000000 0.395972 0.815242 0.873005 0.485786 0.495095 0.647462 0.956326 0.743919 0.954506 0.907052 0.910770 0.794087 0.856653 0.639102 0.606859 0.536584 0.506590 0.627207 0.569931 0.704910 0.678473 0.733461 0.721780 0.799172 0.904858 0.704779 0.624859 0.492457 0.504777 0.426839 0.570006 0.466651 0.399117 0.421815 0.401063 0.703313 0.606231 0.562597 0.588159 0.711140 0.701479 0.619093 0.669269 0.693015 0.581433 0.863987 0.768106 0.600073 0.772223 0.529733 0.827397 0.408523 0.523116 0.696525 0.607366 0.625072 0.794122 0.745215 0.943120 0.845045 0.815259 0.637905 0.791552 0.731204 0.768118 0.717816 0.936268 0.543205 0.781782 0.500932 0.496162 0.606535 0.780534 0.498253 0.701423 0.473984 0.650652 0.855077 0.703511 0.536285 0.728540 0.760724 0.753138 0.674315 0.869656 0.842469 0.942546
0.451997 0.527775 0.735088 0.680428 0.866081 0.924569 0.631402 0.554178 0.659032 0.684153 0.510176 0.365337 0.538829 0.533808 0.706288 0.502886 0.401302 0.333654 0.659549 0.555619 0.876290 0.956628 0.693712 0.790419 0.956454 0.869695 0.989621 0.852725 0.395972 0.000000 0.795460 0.836858 0.544633 0.523319 0.747531 0.881466 0.704400 0.812900 0.986824 0.821127 0.872523 0.869850 0.922822 0.858041 0.778331 0.792312 0.832978 0.800526 0.963796 0.996154 0.899126 0.913690 0.990553 0.952822 0.847333 0.892867 0.536928 0.505368 0.601472 0.614357 0.484171 0.393976 0.364875 0.281976 0.709329 0.561644 0.649426 0.606413 0.760316 0.907554 0.710516 0.807569 0.991773 0.857841 0.852287 0.963823 0.745120 0.785002 0.584531 0.695113 0.301508 0.534010 0.643692 0.545126 0.617614 0.679707 0.974695 0.943333 0.763628 0.654095 0.788104 0.970525 0.804557 0.892849 0.757501 0.899417 0.691497 0.825764 0.678840 0.709400 0.729488 0.939095 0.721310 0.919705 0.602692 0.756840 0.961547 0.847563 0.828026 0.835912 0.846777 0.788718 0.979494 0.943706 0.803769 0.999199
0.708397 0.784247 0.321701 0.334700 0.902880 0.861675 0.447916 0.505898 0.727635 0.980706 0.742265 0.867266 0.583927 0.541710 0.515518 0.409883 0.910160 0.777302 0.471896 0.621769 0.730254 0.936873 0.279029 0.322808 0.369785 0.364057 0.857202 0.778431 0.815242 0.795460 0.000000 0.318310 0.383328 0.469799 0.514974 0.691946 0.482226 0.771958 0.918899 0.893119 0.829478 0.953387 0.634069 0.705087 0.728243 0.765192 0.719867 0.682361 0.861659 0.993792 0.826467 0.913274 0.869434 0.873149 0.708302 0.822952 0.819837 0.831431 0.793925 0.924848 0.556469 0.753036 0.743652 0.926663 0.371399 0.445454 0.499997 0.484522 0.753186 0.867996 0.628773 0.528421 0.752077 0.732260 0.772638 0.884432 0.836990 0.751175 0.788599 0.676926 0.801623 0.703927 0.562232 0.849718 0.392776 0.377180 0.802507 0.763094 0.702545 0.607027 0.738663 0.918791 0.786642 0.905792 0.684112 0.834679 0.693334 0.849165 0.848749 0.736415 0.804526 0.777870 0.964710 0.978434 0.673048 0.708658 0.967493 0.811724 0.880527 0.983657 0.873763 0.992983 0.999741 0.952600 0.881387 0.881131
0.757596 0.825286 0.453626 0.434215 0.965907 0.830966 0.540736 0.588345 0.921753 0.863530 0.711538 0.892847 0.603187 0.536096 0.691318 0.492821 0.966292 0.778118 0.509724 0.563346 0.855375 0.923379 0.388524 0.310910 0.485314 0.436944 0.923134 0.878524 0.873005 0.836858 0.318310 0.000000 0.456903 0.515488 0.695125 0.669983 0.651139 0.960394 0.776974 0.863668 0.952791 0.801991 0.699890 0.705566 0.846852 0.838321 0.729635 0.703328 0.847748 0.963686 0.918505 0.984222 0.991301 0.998827 0.742460 0.963694 0.826118 0.895653 0.912529 0.972922 0.669278 0.826589 0.793225 0.995011 0.497617 0.469106 0.608031 0.539225 0.873888 0.969375 0.817015 0.731999 0.795360 0.770819 0.820334 0.791837 0.986341 0.777926 0.848547 0.649178 0.820023 0.667336 0.635543 0.936878 0.471551 0.384194 0.832710 0.702600 0.854150 0.770047 0.868883 0.943579 0.912625 0.974719 0.772471 0.834538 0.935081 0.972171 0.926042 0.847973 0.769872 0.786418 0.992065 0.961783 0.806912 0.912128 0.922401 0.989624 0.914048 0.932030 0.985370 0.960513 0.941523 0.955257 0.883354 0.833085
0.333445 0.486697 0.377038 0.295069 0.801422 0.700129 0.309767 0.278322 0.616109 0.851350 0.430999 0.435178 0.321253 0.271399 0.468037 0.383332 0.601242 0.521977 0.275209 0.317014 0.745565 0.970745 0.315569 0.405253 0.696713 0.586859 0.930584 0.852740 0.485786 0.544633 0.383328 0.456903 0.000000 0.258017 0.457397 0.657581 0.521910 0.857057 0.877476 0.999581 0.781055 0.934691 0.538926 0.606567 0.631424 0.675652 0.501149 0.523958 0.927115 0.982603 0.827099 0.873838 0.916717 0.976962 0.719948 0.710360 0.538347 0.579926 0.429647 0.539770 0.284857 0.432493 0.358634 0.552634 0.320864 0.254381 0.319740 0.280064 0.756203 0.760980 0.532035 0.517962 0.795480 0.716652 0.704077 0.772636 0.623224 0.658184 0.655371 0.713932 0.521989 0.562574 0.501695 0.738992 0.265386 0.347881 0.775110 0.802054 0.632205 0.541126 0.656853 0.886715 0.744750 0.853571 0.754759 0.732225 0.687018 0.751570 0.546475 0.501852 0.666970 0.682628 0.704979 0.783529 0.509907 0.561401 0.941632 0.710101 0.690349 0.901046 0.836769 0.771620 0.815924 0.952438 0.860873 0.892200
0.305404 0.519080 0.321764 0.266283 0.766380 0.660862 0.256074 0.248501 0.557628 0.693631 0.361700 0.411113 0.296546 0.305075 0.473603 0.436780 0.561881 0.530507 0.248562 0.337890 0.797200 0.984282 0.337049 0.467693 0.754901 0.658135 0.974781 0.937783 0.495095 0.523319 0.469799 0.515488 0.258017 0.000000 0.417377 0.714738 0.575469 0.900327 0.838237 0.922064 0.798430 0.966401 0.465597 0.498105 0.575508 0.623428 0.442799 0.455929 0.981686 0.896468 0.732290 0.764813 0.814793 0.856175 0.647340 0.771327 0.587045 0.651254 0.402458 0.550896 0.309086 0.476411 0.367866 0.548230 0.364505 0.290406 0.283085 0.252155 0.685576 0.849839 0.433426 0.504753 0.807377 0.674558 0.744976 0.739264 0.579247 0.560594 0.702958 0.772211 0.537659 0.574889 0.501101 0.721336 0.320549 0.416001 0.765178 0.824681 0.541772 0.583947 0.567566 0.737092 0.645635 0.730791 0.734351 0.792658 0.683034 0.810763 0.454378 0.432535 0.589692 0.638762 0.585980 0.632238 0.488297 0.540237 0.972506 0.600977 0.651607 0.878782 0.804365 0.716148 0.753181 0.992743 0.771197 0.905200
0.518016 0.740081 0.425563 0.419083 0.681604 0.767331 0.397962 0.426288 0.573478 0.693073 0.596144 0.660646 0.525797 0.555342 0.541729 0.554016 0.761864 0.705247 0.443205 0.652434 0.877755 0.947919 0.465555 0.654571 0.731928 0.710476 0.985476 0.858927 0.647462 0.747531 0.514974 0.695125 0.457397 0.417377 0.000000 0.785510 0.621262 0.795093 0.927277 0.967993 0.799326 0.798306 0.530712 0.593902 0.586119 0.665295 0.538361 0.568270 0.995592 0.874971 0.686792 0.731325 0.683028 0.755190 0.649567 0.684895 0.807587 0.842154 0.519135 0.752499 0.494418 0.714503 0.597787 0.717671 0.420028 0.507443 0.324881 0.427299 0.832023 0.898857 0.447429 0.513351 0.729778 0.700060 0.984734 0.896329 0.610671 0.583766 0.752662 0.899637 0.702268 0.748821 0.694119 0.840805 0.485921 0.582522 0.803085 0.994074 0.667289 0.696357 0.459843 0.640837 0.559052 0.567516 0.708101 0.686612 0.620606 0.684830 0.523476 0.530106 0.651977 0.675730 0.624970 0.706490 0.631308 0.495341 0.962109 0.568994 0.606091 0.796261 0.734645 0.856073 0.780618 0.869830 0.876910 0.887482
0.829637 0.810560 0.725432 0.671532 0.920539 0.835297 0.678289 0.696099 0.952223 0.887871 0.935748 0.909668 0.818373 0.710315 0.725297 0.600135 0.879234 0.709602 0.702521 0.763249 0.813719 0.979617 0.672214 0.722806 0.692469 0.612595 0.840578 0.977521 0.956326 0.881466 0.691946 0.669983 0.657581 0.714738 0.785510 0.000000 0.551193 0.777194 0.870906 0.974779 0.777635 0.933423 0.694650 0.818205 0.730200 0.796204 0.759603 0.781268 0.993996 0.906147 0.658395 0.744922 0.760192 0.729897 0.849665 0.950843 0.843152 0.846054 0.863999 0.971088 0.847413 0.900162 0.866313 0.933313 0.704909 0.649642 0.593215 0.583538 0.963855 0.866033 0.653069 0.648423 0.852459 0.837535 0.941183 0.970756 0.694431 0.837361 0.999529 0.975113 0.782098 0.869518 0.670930 0.976363 0.664350 0.609667 0.979177 0.956018 0.848550 0.851787 0.686511 0.824457 0.650151 0.793134 0.856333 0.676820 0.823008 0.696621 0.722432 0.816655 0.755257 0.793626 0.795488 0.813824 0.804134 0.890831 0.988120 0.779111 0.883752 0.997574 0.802231 0.765591 0.931879 0.973202 0.954510 0.958915
0.693249 0.754836 0.479299 0.553605 0.858633 0.820357 0.574368 0.645022 0.653576 0.901492 0.869867 0.868685 0.760563 0.720760 0.542288 0.434464 0.792806 0.665642 0.660686 0.728319 0.631604 0.915770 0.509852 0.655830 0.507147 0.432254 0.843780 0.884800 0.743919 0.704400 0.482226 0.651139 0.521910 0.575469 0.621262 0.551193 0.000000 0.559840 0.807125 0.928680 0.711690 0.946627 0.717882 0.786834 0.685427 0.719249 0.680383 0.724629 0.976594 0.845956 0.666391 0.722877 0.741955 0.730536 0.750120 0.758946 0.820185 0.766797 0.736347 0.909929 0.677265 0.810678 0.755675 0.822413 0.505980 0.610783 0.518175 0.512225 0.816022 0.883315 0.589864 0.553259 0.760563 0.771084 0.990877 0.984892 0.714921 0.757463 0.702822 0.839644 0.674218 0.773417 0.589979 0.735953 0.551836 0.542599 0.963593 0.962465 0.712166 0.645212 0.639120 0.770598 0.604918 0.752875 0.707706 0.878369 0.648351 0.818958 0.665409 0.732263 0.836473 0.893797 0.781141 0.907782 0.576119 0.761550 0.816553 0.620639 0.863531 0.941880 0.784991 0.751195 0.937972 0.815526 0.912108 0.908122
0.915882 0.940705 0.812360 0.859463 0.892236 0.973550 0.898605 0.970463 0.784235 0.955952 0.897017 0.978626 0.948575 0.964646 0.810700 0.735255 0.886864 0.799040 0.996580 0.938592 0.650037 0.968904 0.836423 0.851695 0.651743 0.661282 0.849929 0.956348 0.954506 0.812900 0.771958 0.960394 0.857057 0.900327 0.795093 0.777194 0.559840 0.000000 0.985842 0.857368 0.917690 0.887268 0.944854 0.982869 0.848288 0.914227 0.962999 0.984590 0.902303 0.988597 0.924293 0.932995 0.912617 0.894650 0.816537 0.943141 0.959493 0.900400 0.963166 0.948754 0.930625 0.979472 0.946990 0.878273 0.816147 0.890367 0.781741 0.854048 0.936265 0.952078 0.800436 0.830978 0.904677 0.980104 0.912078 0.812947 0.977888 0.982739 0.963664 0.948027 0.819848 0.883606 0.774278 0.820198 0.889867 0.837846 0.994130 0.896397 0.897166 0.980977 0.793707 0.903839 0.744664 0.833884 0.920515 0.947368 0.742008 0.910872 0.942974 0.997776 0.911487 0.983040 0.978680 0.981564 0.884024 0.936907 0.762059 0.856946 0.853458 0.967772 0.952002 0.900298 0.990059 0.721025 0.881266 0.858189
