0.000000 0.447834 0.865289 0.977126 0.944126 0.966555 0.829489 0.990866 0.754695 0.831172 0.690109 0.601026 0.947942 0.875006 0.829370 0.931705 0.698907 0.641293 0.653608 0.530753 0.918406 0.922341 0.779714 0.988531 0.986411 0.877808 0.945628 0.924477 0.695493 0.918769 0.776919 0.749335 0.937592 0.786752 0.973801 0.973153 0.979859 0.911745 0.960935 0.884400 0.772777 0.791121 0.973455 0.897404 0.882848 0.926955 0.822569 0.876370 0.564803 0.614384 0.630386 0.711261 0.802507 0.935071 0.709319 0.627586 0.579388 0.481073 0.417977 0.418111 0.834400 0.672770 0.782487 0.698273 0.931086 0.992432 0.962871 0.964713 0.523700 0.590436 0.888439 0.851880 0.649933 0.685893 0.952455 0.890459 0.691420 0.979689 0.969365 0.891102 0.616445 0.639171 0.910682 0.806542 0.845981 0.932769 0.817059 0.927871 0.998664 0.679094 0.663344 0.593999 0.683809 0.658296 0.997731 0.956385 0.849515 0.948242 0.969736 0.998496 0.997823 0.829107 0.797214 0.741728 0.960626 0.926602 0.948756 0.943445 0.998210 0.837707 0.957487 0.923446 0.868898 0.980300 0.967204 0.897709
0.447834 0.000000 0.898345 0.842837 0.954133 0.935598 0.845636 0.856945 0.687441 0.998418 0.833594 0.530756 0.934287 0.797330 0.957866 0.878370 0.631660 0.551560 0.633502 0.512056 0.963009 0.969197 0.908242 0.924895 0.971677 0.945567 0.888191 0.930638 0.656877 0.812800 0.996515 0.930008 0.739090 0.617080 0.931210 0.970003 0.876384 0.829493 0.916317 0.995819 0.827425 0.809418 0.851818 0.734799 0.923376 0.750355 0.657937 0.636958 0.606786 0.618592 0.593602 0.672364 0.771227 0.974385 0.646706 0.689687 0.452659 0.350682 0.482459 0.527370 0.793988 0.614598 0.665011 0.527880 0.984631 0.941768 0.966963 0.884124 0.669569 0.510805 0.791234 0.860047 0.723163 0.744574 0.948365 0.881000 0.590358 0.828758 0.742821 0.748785 0.451585 0.554575 0.816090 0.671734 0.857021 0.887278 0.843285 0.997072 0.899577 0.715492 0.734451 0.640669 0.750171 0.683585 0.837137 0.851119 0.746948 0.815027 0.859065 0.926774 0.914414 0.938270 0.708130 0.740780 0.867809 0.939953 0.985593 0.898388 0.985850 0.782783 0.851281 0.983007 0.792844 0.858568 0.895658 0.934234
0.865289 0.898345 0.000000 0.518473 0.738782 0.985136 0.479042 0.848637 0.632922 0.961344 0.982845 0.789683 0.611852 0.956513 0.696566 0.956979 0.971577 0.918483 0.746458 0.919675 0.799540 0.874447 0.574252 0.715829 0.568562 0.535712 0.805815 0.919369 0.899950 0.892729 0.634719 0.745846 0.660589 0.785017 0.695275 0.814243 0.744571 0.916049 0.969955 0.913355 0.863199 0.993796 0.703142 0.772722 0.796686 0.851285 0.663792 0.729786 0.894063 0.958395 0.964870 0.973557 0.918758 0.755027 0.984282 0.893783 0.868823 0.800207 0.985057 0.819044 0.723427 0.891839 0.983373 0.781917 0.420903 0.625940 0.569205 0.605247 0.833584 0.777996 0.919120 0.980894 0.944105 0.923075 0.955123 0.960733 0.903237 0.937918 0.915224 0.922591 0.948641 0.839694 0.832007 0.813596 0.602744 0.585734 0.876860 0.759611 0.799819 0.887757 0.752668 0.819378 0.781906 0.759282 0.897725 0.880653 0.946836 0.982415 0.921488 0.909764 0.846148 0.779864 0.956439 0.954738 0.792266 0.929579 0.829231 0.834390 0.972255 0.870765 0.981251 0.960118 0.836395 0.909399 0.710152 0.936393
0.977126 0.842837 0.518473 0.000000 0.779042 0.769451 0.576685 0.622419 0.785685 0.939029 0.918898 0.871723 0.581829 0.718144 0.620169 0.716987 0.999061 0.970923 0.761100 0.933881 0.874593 0.966040 0.485211 0.546501 0.851781 0.702718 0.890488 0.876939 0.973421 0.942661 0.727895 0.803969 0.608099 0.728105 0.687651 0.821128 0.844460 0.925145 0.988138 0.968895 0.866316 0.967202 0.828982 0.811200 0.758701 0.798962 0.703735 0.656585 0.993803 0.896533 0.753669 0.736880 0.741977 0.692035 0.961697 0.974461 0.990808 0.945257 0.920012 0.997503 0.582744 0.783208 0.836982 0.876826 0.467997 0.462418 0.658727 0.518423 0.795792 0.856049 0.962749 0.890459 0.822160 0.771107 0.914866 0.968807 0.928749 0.842859 0.825950 0.878375 0.750887 0.753052 0.680731 0.768343 0.521484 0.498780 0.892916 0.690556 0.847741 0.764159 0.670636 0.885942 0.804406 0.887643 0.959207 0.870048 0.927203 0.958628 0.729068 0.748231 0.769767 0.691040 0.975593 0.901453 0.686861 0.870252 0.855452 0.958478 0.987071 0.962392 0.858350 0.915855 0.948506 0.930357 0.726132 0.979655
0.944126 0.954133 0.738782 0.779042 0.000000 0.838720 0.599281 0.716553 0.659320 0.931501 0.799541 0.896505 0.658217 0.894295 0.867298 0.899592 0.987493 0.947029 0.883225 0.930888 0.824102 0.826037 0.779103 0.872605 0.936007 0.898415 0.995471 0.966948 0.989109 0.931593 0.952939 0.977161 0.867662 0.770172 0.835440 0.854534 0.967374 0.899630 0.976577 0.922675 0.899655 0.976282 0.941595 0.937432 0.810810 0.982787 0.925268 0.990278 0.849622 0.736134 0.915304 0.895312 0.887681 0.956770 0.827881 0.857758 0.948477 0.855046 0.918154 0.928378 0.651082 0.833252 0.813683 0.952879 0.760849 0.627429 0.680518 0.671101 0.886431 0.834540 0.969146 0.946575 0.989179 0.987404 0.998921 0.909089 0.957025 0.902164 0.951805 0.971131 0.931705 0.932675 0.817189 0.730345 0.700000 0.632342 0.942245 0.764838 0.881316 0.993202 0.727115 0.864258 0.817182 0.849581 0.966526 0.993233 0.944173 0.897103 0.868882 0.797991 0.762490 0.775470 0.990271 0.953068 0.740480 0.923800 0.984486 0.939348 0.948876 0.911328 0.873034 0.997430 0.969862 0.985815 0.883638 0.879860
0.966555 0.935598 0.985136 0.769451 0.838720 0.000000 0.888822 0.803736 0.863835 0.783410 0.973420 0.908628 0.939272 0.983017 0.956726 0.708374 0.932197 0.951157 0.946778 0.989044 0.966032 0.834063 0.783328 0.860073 0.939602 0.895058 0.936676 0.844424 0.991820 0.969193 0.814345 0.938374 0.887917 0.897783 0.826038 0.825356 0.834730 0.900507 0.912716 0.919297 0.968030 0.904993 0.986143 0.977778 0.736699 0.847960 0.919151 0.855172 0.868267 0.946011 0.977438 0.973854 0.983735 0.946662 0.997558 0.996458 0.935017 0.997726 0.819135 0.892683 0.887254 0.846269 0.956127 0.926131 0.901745 0.817579 0.812719 0.778482 0.863256 0.924300 0.823226 0.817499 0.888310 0.758352 0.885631 0.903715 0.929850 0.800392 0.983143 0.901150 0.949918 0.955106 0.918264 0.954467 0.893575 0.848962 0.873453 0.820291 0.925852 0.997111 0.777077 0.868260 0.709872 0.916770 0.838951 0.937302 0.884753 0.855103 0.765366 0.856002 0.753088 0.882295 0.928909 0.970252 0.797826 0.972711 0.942691 0.833188 0.870153 0.935532 0.927164 0.907729 0.964740 0.959184 0.960197 0.932078
0.829489 0.845636 0.479042 0.576685 0.599281 0.888822 0.000000 0.524964 0.490111 0.712583 0.814346 0.991142 0.517120 0.834163 0.636279 0.814714 0.962715 0.991426 0.842154 0.924998 0.946354 0.965460 0.631259 0.882862 0.939474 0.814157 0.979614 0.893633 0.906372 0.919851 0.742878 0.800718 0.637976 0.668291 0.749698 0.852091 0.956842 0.931287 0.908372 0.946536 0.673975 0.862083 0.679160 0.674664 0.551135 0.691918 0.839577 0.760273 0.836299 0.733488 0.883853 0.867391 0.924846 0.924224 0.698301 0.749123 0.868394 0.728112 0.993899 0.799125 0.488552 0.859268 0.807893 0.981938 0.541942 0.509243 0.432329 0.471719 0.685655 0.714652 0.938930 0.945374 0.941410 0.906099 0.854519 0.983442 0.974952 0.958358 0.916521 0.984197 0.955458 0.969006 0.879364 0.921617 0.641600 0.645664 0.949179 0.746886 0.854102 0.940424 0.615522 0.702707 0.720463 0.612801 0.986892 0.855379 0.953172 0.974462 0.694421 0.638448 0.781617 0.600900 0.941035 0.958477 0.753991 0.962194 0.861415 0.966421 0.877882 0.930243 0.817249 0.775014 0.931789 0.981509 0.758403 0.939519
0.990866 0.856945 0.848637 0.622419 0.716553 0.803736 0.524964 0.000000 0.772525 0.575264 0.815679 0.623477 0.554157 0.626412 0.712188 0.647012 0.886674 0.801291 0.929459 0.851606 0.803623 0.898652 0.768638 0.915578 0.702875 0.810126 0.872286 0.895797 0.714006 0.731393 0.936251 0.918452 0.672947 0.589158 0.880326 0.961065 0.966643 0.999595 0.846806 0.882710 0.724802 0.971268 0.817465 0.729728 0.574589 0.614370 0.866498 0.693456 0.983915 0.943979 0.838046 0.852129 0.897453 0.871874 0.881974 0.895078 0.961220 0.950825 0.831550 0.916159 0.403518 0.454861 0.545360 0.568354 0.758187 0.545511 0.618572 0.523802 0.662492 0.917297 0.994752 0.893469 0.857839 0.817708 0.812665 0.983384 0.783584 0.882987 0.782713 0.987507 0.729573 0.939106 0.846395 0.900266 0.754643 0.790517 0.871147 0.832289 0.994789 0.996689 0.605965 0.826059 0.775951 0.757812 0.804055 0.858364 0.806187 0.837606 0.489163 0.540511 0.663761 0.658765 0.810126 0.864613 0.686722 0.866181 0.949403 0.887765 0.910317 0.862991 0.733467 0.683947 0.712047 0.903043 0.740418 0.928862
0.754695 0.687441 0.632922 0.785685 0.659320 0.863835 0.490111 0.772525 0.000000 0.823402 0.958920 0.785035 0.793780 0.898967 0.823407 0.976479 0.757022 0.743946 0.938122 0.714096 0.902099 0.983447 0.757733 0.988117 0.957358 0.809899 0.990019 0.906899 0.871410 0.828386 0.885985 0.997692 0.914509 0.973883 0.755042 0.880830 0.889462 0.985335 0.960752 0.997272 0.820059 0.826539 0.833424 0.945321 0.679858 0.851345 0.950526 0.989654 0.929204 0.832077 0.859901 0.937170 0.979326 0.848557 0.712670 0.929485 0.736815 0.627509 0.848705 0.777021 0.786238 0.980983 0.864814 0.717268 0.659384 0.700298 0.617411 0.686057 0.756467 0.580700 0.926896 0.787587 0.825827 0.856060 0.979195 0.969427 0.888340 0.938827 0.778579 0.741137 0.753327 0.785790 0.937547 0.965020 0.775065 0.802715 0.902652 0.833444 0.838050 0.955785 0.555897 0.537885 0.555500 0.558701 0.971575 0.953705 0.928527 0.993741 0.793810 0.808387 0.829456 0.738297 0.765273 0.973251 0.851010 0.895914 0.871995 0.965689 0.907092 0.699529 0.943948 0.943505 0.955742 0.949464 0.911116 0.905425
0.831172 0.998418 0.961344 0.939029 0.931501 0.783410 0.712583 0.575264 0.823402 0.000000 0.807464 0.893183 0.931409 0.999614 0.956913 0.901933 0.816076 0.861778 0.986119 0.910607 0.723313 0.980334 0.948565 0.803071 0.826941 0.806000 0.762775 0.827045 0.666696 0.640067 0.751180 0.790262 0.723554 0.709319 0.951927 0.960349 0.916742 0.849616 0.954337 0.965075 0.783058 0.993471 0.621354 0.564817 0.453438 0.505617 0.864037 0.716965 0.847368 0.976524 0.970983 0.891307 0.939206 0.940606 0.938687 0.865620 0.895576 0.953814 0.984150 0.879216 0.820666 0.821052 0.818264 0.847155 0.956174 0.994691 0.772513 0.793405 0.767108 0.983524 0.838681 0.733544 0.950832 0.985267 0.863519 0.964000 0.908212 0.891714 0.968610 0.987193 0.992566 0.802420 0.880446 0.910447 0.788650 0.769051 0.988644 0.973612 0.797159 0.751581 0.808170 0.791907 0.787918 0.727478 0.819705 0.868765 0.864939 0.752995 0.600842 0.698087 0.727510 0.736740 0.797338 0.802485 0.968216 0.991125 0.841136 0.932468 0.953392 0.920972 0.779934 0.686574 0.796231 0.793416 0.960419 0.904940
0.690109 0.833594 0.982845 0.918898 0.799541 0.973420 0.814346 0.815679 0.958920 0.807464 0.000000 0.729673 0.840701 0.994962 0.879147 0.875167 0.566913 0.617142 0.705238 0.680171 0.897762 0.957700 0.702988 0.711337 0.779208 0.846613 0.798787 0.798850 0.557222 0.647451 0.984739 0.923106 0.826617 0.709051 0.892997 0.941653 0.911843 0.924550 0.944087 0.982805 0.952854 0.919692 0.925422 0.788521 0.826259 0.835357 0.951125 0.972174 0.838992 0.959742 0.991104 0.855087 0.879959 0.844268 0.914954 0.987113 0.681031 0.828904 0.719997 0.849231 0.765456 0.871005 0.640376 0.813040 0.782970 0.898922 0.921306 0.915280 0.884667 0.818799 0.897783 0.893957 0.678832 0.690109 0.946584 0.894996 0.905839 0.994925 0.908039 0.876838 0.842841 0.918130 0.857988 0.953638 0.871148 0.855730 0.810390 0.869260 0.863256 0.831461 0.755831 0.805663 0.861442 0.931934 0.915023 0.894978 0.969222 0.966451 0.921758 0.845962 0.953856 0.959510 0.944162 0.764423 0.914399 0.804218 0.868503 0.873524 0.977014 0.891673 0.955719 0.974485 0.961969 0.921249 0.955664 0.950657
0.601026 0.530756 0.789683 0.871723 0.896505 0.908628 0.991142 0.623477 0.785035 0.893183 0.729673 0.000000 0.664546 0.500511 0.799711 0.643232 0.578945 0.522241 0.693568 0.501452 0.941547 0.967430 0.984475 0.916914 0.647099 0.657880 0.802119 0.848386 0.501630 0.590708 0.851008 0.992044 0.760679 0.573181 0.942534 0.918968 0.888916 0.964548 0.891019 0.884719 0.986729 0.921616 0.985118 0.801294 0.862177 0.733294 0.878354 0.797960 0.868911 0.920507 0.728802 0.873263 0.962890 0.859119 0.938982 0.930016 0.618172 0.564681 0.642395 0.657985 0.522102 0.412566 0.454682 0.352844 0.939731 0.777576 0.942672 0.791400 0.874127 0.697359 0.986957 0.846994 0.819129 0.832909 0.905299 0.835854 0.620421 0.857207 0.754279 0.789803 0.533848 0.636807 0.726954 0.834894 0.854843 0.881956 0.868647 0.926396 0.830888 0.950581 0.877385 0.658513 0.730805 0.721391 0.851817 0.874125 0.859513 0.820072 0.829426 0.785689 0.863426 0.958000 0.726064 0.798056 0.890585 0.995181 0.964917 0.974746 0.992805 0.751268 0.729164 0.832061 0.754837 0.805794 0.882328 0.924695
0.947942 0.934287 0.611852 0.581829 0.658217 0.939272 0.517120 0.554157 0.793780 0.931409 0.840701 0.664546 0.000000 0.455169 0.495138 0.595081 0.808287 0.845297 0.682721 0.797997 0.946405 0.986043 0.601760 0.681682 0.958506 0.970183 0.940124 0.984614 0.750401 0.805428 0.902512 0.843640 0.650246 0.615871 0.855603 0.979795 0.978872 0.878041 0.802482 0.934639 0.778952 0.910758 0.939603 0.849253 0.817714 0.851670 0.837824 0.816834 0.866233 0.890722 0.783103 0.916550 0.887164 0.822962 0.893059 0.802935 0.967918 0.955949 0.878006 0.969297 0.367649 0.680304 0.629916 0.751191 0.571791 0.507143 0.670191 0.564777 0.715855 0.887402 0.875310 0.979165 0.889228 0.926088 0.879231 0.904974 0.862201 0.927636 0.835008 0.939328 0.749393 0.781591 0.688283 0.898628 0.536118 0.596484 0.849541 0.771715 0.887851 0.967720 0.788906 0.936643 0.996333 0.985689 0.916391 0.997280 0.946666 0.994408 0.816336 0.789522 0.835939 0.796386 0.918042 0.943193 0.780354 0.937822 0.937629 0.917424 0.960464 0.986198 0.826249 0.843854 0.947088 0.994696 0.735814 0.956446
0.875006 0.797330 0.956513 0.718144 0.894295 0.983017 0.834163 0.626412 0.898967 0.999614 0.994962 0.500511 0.455169 0.000000 0.500646 0.499408 0.762537 0.734544 0.778555 0.694864 0.943271 0.974719 0.704843 0.698906 0.834002 0.788650 0.944759 0.982233 0.691012 0.733943 0.959254 0.909662 0.750602 0.672621 0.991824 0.923571 0.768499 0.876569 0.677418 0.949395 0.776299 0.884339 0.919035 0.925777 0.991564 0.894286 0.955782 0.830208 0.860884 0.999046 0.706362 0.825964 0.872968 0.855668 0.933070 0.836181 0.969752 0.860086 0.803118 0.800176 0.491064 0.600363 0.603509 0.555317 0.773144 0.613126 0.936040 0.788132 0.805777 0.920354 0.829272 0.951491 0.927602 0.939885 0.860499 0.880953 0.801608 0.908209 0.771719 0.827498 0.662410 0.744831 0.669363 0.957771 0.665791 0.718683 0.765293 0.911269 0.946540 0.958194 0.959331 0.716782 0.764654 0.758186 0.975462 0.987791 0.996432 0.977112 0.928528 0.831134 0.962179 0.939597 0.826116 0.947457 0.848380 0.946331 0.928442 0.869951 0.960980 0.906664 0.765509 0.859897 0.936187 0.935874 0.780825 0.981831
0.829370 0.957866 0.696566 0.620169 0.867298 0.956726 0.636279 0.712188 0.823407 0.956913 0.879147 0.799711 0.495138 0.500646 0.000000 0.516445 0.879013 0.883670 0.785388 0.896506 0.971829 0.978032 0.485661 0.654206 0.920629 0.909898 0.807719 0.936018 0.845436 0.864825 0.777297 0.651503 0.611047 0.725101 0.823404 0.986005 0.983007 0.963316 0.788566 0.877029 0.711223 0.867364 0.865206 0.839936 0.807374 0.855409 0.852646 0.770792 0.724327 0.802446 0.982638 0.974548 0.946533 0.897749 0.837157 0.734256 0.921870 0.913111 0.930119 0.844210 0.609173 0.841146 0.824261 0.855760 0.557015 0.543182 0.688384 0.616514 0.707010 0.885375 0.967254 0.829099 0.887047 0.893142 0.880997 0.977411 0.896027 0.949526 0.738015 0.900503 0.881436 0.842609 0.671490 0.936210 0.602708 0.593065 0.794590 0.790613 0.919915 0.979980 0.780847 0.980975 0.945975 0.942877 0.976696 0.924940 0.953250 0.984181 0.853439 0.727723 0.852874 0.797227 0.987236 0.950572 0.799621 0.886780 0.862228 0.909891 0.942810 0.960282 0.836865 0.786363 0.975290 0.971033 0.686437 0.879261
0.931705 0.878370 0.956979 0.716987 0.899592 0.708374 0.814714 0.647012 0.976479 0.901933 0.875167 0.643232 0.595081 0.499408 0.516445 0.000000 0.914401 0.822608 0.793412 0.809327 0.936452 0.886723 0.551438 0.617531 0.943580 0.989998 0.927866 0.979675 0.762039 0.818098 0.801927 0.752511 0.705815 0.667493 0.911294 0.990420 0.916175 0.993318 0.802904 0.991651 0.789112 0.828813 0.931247 0.860458 0.788428 0.794790 0.940063 0.795113 0.812306 0.840013 0.921846 0.988593 0.976907 0.963473 0.896949 0.708719 0.910318 0.959567 0.909199 0.933406 0.621823 0.679073 0.675870 0.616007 0.728785 0.592008 0.750602 0.598039 0.725759 0.966787 0.889422 0.743412 0.864691 0.802436 0.919155 0.916293 0.804367 0.847784 0.688887 0.888314 0.755882 0.775564 0.619156 0.987342 0.691260 0.684147 0.741804 0.717964 0.924614 0.983462 0.836024 0.943479 0.999119 0.948437 0.929035 0.930166 0.960733 0.838739 0.814755 0.778575 0.756747 0.894285 0.868333 0.909129 0.786997 0.837583 0.967691 0.973662 0.954666 0.868554 0.698681 0.762996 0.933798 0.900330 0.746944 0.982966
0.698907 0.631660 0.971577 0.999061 0.987493 0.932197 0.962715 0.886674 0.757022 0.816076 0.566913 0.578945 0.808287 0.762537 0.879013 0.914401 0.000000 0.365245 0.511438 0.462644 0.973762 0.900694 0.843174 0.863514 0.921048 0.844663 0.838821 0.805156 0.409606 0.443604 0.836767 0.753018 0.591668 0.556009 0.947767 0.939863 0.943226 0.941522 0.987769 0.914502 0.944283 0.800596 0.748160 0.599414 0.789335 0.700085 0.662139 0.681086 0.874573 0.955520 0.909636 0.883085 0.871012 0.833966 0.926281 0.954669 0.471304 0.560468 0.666456 0.862729 0.757465 0.831606 0.525766 0.573352 0.895234 0.948196 0.959005 0.852935 0.822974 0.543914 0.849401 0.801444 0.586216 0.589245 0.887425 0.841212 0.764079 0.903690 0.658880 0.610961 0.555994 0.642073 0.833363 0.831369 0.947618 0.956486 0.923342 0.936576 0.703301 0.927122 0.619511 0.589477 0.654814 0.722484 0.874965 0.843050 0.864383 0.866930 0.931327 0.924205 0.935140 0.952614 0.701842 0.677385 0.998184 0.860136 0.928423 0.762252 0.937802 0.729511 0.760006 0.825345 0.910688 0.803872 0.937009 0.915612
0.641293 0.551560 0.918483 0.970923 0.947029 0.951157 0.991426 0.801291 0.743946 0.861778 0.617142 0.522241 0.845297 0.734544 0.883670 0.822608 0.365245 0.000000 0.534098 0.433697 0.990275 0.937659 0.904264 0.909247 0.855469 0.821466 0.869962 0.774288 0.425879 0.450000 0.863797 0.753704 0.619634 0.508177 0.903765 0.954319 0.995895 0.905062 0.981565 0.967226 0.945166 0.791309 0.776585 0.610360 0.805101 0.705043 0.701401 0.672825 0.927251 0.967973 0.932249 0.923290 0.834940 0.760057 0.920036 0.969430 0.426955 0.518118 0.677546 0.799633 0.748721 0.733254 0.475385 0.457865 0.911306 0.976317 0.935245 0.808867 0.775795 0.459284 0.783319 0.748138 0.544260 0.591107 0.879322 0.832185 0.699203 0.813184 0.557608 0.576528 0.454550 0.561100 0.725195 0.725802 0.990922 0.961294 0.958281 0.958896 0.706236 0.978846 0.653025 0.551424 0.638509 0.671934 0.800709 0.854757 0.724818 0.745745 0.887899 0.859906 0.869156 0.985012 0.666233 0.689714 0.924845 0.993998 0.997289 0.838673 0.915491 0.626112 0.665962 0.836172 0.876453 0.813926 0.868975 0.953242
0.653608 0.633502 0.746458 0.761100 0.883225 0.946778 0.842154 0.929459 0.938122 0.986119 0.705238 0.693568 0.682721 0.778555 0.785388 0.793412 0.511438 0.534098 0.000000 0.541622 0.860658 0.932162 0.820547 0.819750 0.852320 0.827572 0.920491 0.930486 0.604629 0.681539 0.723193 0.753836 0.555561 0.570655 0.949453 0.936815 0.905778 0.823031 0.999590 0.957097 0.935523 0.915795 0.748368 0.665496 0.792861 0.750554 0.597533 0.652701 0.878135 0.899858 0.837587 0.989370 0.979128 0.995073 0.880365 0.976766 0.565061 0.677311 0.718498 0.882441 0.708610 0.906361 0.653203 0.757594 0.794939 0.852988 0.810487 0.760922 0.790674 0.633573 0.875894 0.851012 0.693780 0.674984 0.938452 0.788301 0.808381 0.878105 0.742463 0.634557 0.603141 0.553837 0.723099 0.734845 0.775402 0.751085 0.888250 0.869576 0.910275 0.925040 0.755232 0.688505 0.749390 0.792130 0.966572 0.876418 0.875798 0.812295 0.997658 0.909722 0.824194 0.954466 0.790741 0.794036 0.885284 0.967889 0.914150 0.777828 0.949428 0.902375 0.747575 0.961050 0.999223 0.963933 0.899594 0.974530
0.530753 0.512056 0.919675 0.933881 0.930888 0.989044 0.924998 0.851606 0.714096 0.910607 0.680171 0.501452 0.797997 0.694864 0.896506 0.809327 0.462644 0.433697 0.541622 0.000000 0.981205 0.977753 0.970580 0.920461 0.927005 0.823911 0.894812 0.852061 0.486538 0.592769 0.981644 0.840840 0.635165 0.604196 0.967211 0.927834 0.953035 0.896562 0.949170 0.962172 0.974731 0.776460 0.870456 0.730124 0.934331 0.783540 0.786859 0.746800 0.747113 0.760395 0.712685 0.885373 0.958952 0.942622 0.870668 0.893146 0.504488 0.472527 0.615389 0.635757 0.750070 0.697526 0.577867 0.535104 0.918802 0.985967 0.946386 0.863025 0.727232 0.495280 0.908441 0.813265 0.637070 0.689809 0.967493 0.839096 0.702617 0.817196 0.736932 0.672696 0.517375 0.605356 0.835027 0.783628 0.926087 0.945983 0.823663 0.965694 0.767881 0.881424 0.678112 0.567624 0.653985 0.614097 0.873429 0.937509 0.871626 0.863011 0.954596 0.893909 0.776039 0.869213 0.661876 0.784020 0.831193 0.939286 0.950164 0.903295 0.878574 0.765471 0.722244 0.920151 0.953664 0.805678 0.856307 0.919701
0.918406 0.963009 0.799540 0.874593 0.824102 0.966032 0.946354 0.803623 0.902099 0.723313 0.897762 0.941547 0.946405 0.943271 0.971829 0.936452 0.973762 0.990275 0.860658 0.981205 0.000000 0.943783 0.976322 0.967151 0.858197 0.740930 0.951126 0.877307 0.993669 0.959566 0.996032 0.998028 0.968062 0.993865 0.885525 0.881313 0.903898 0.959006 0.814151 0.938395 0.881098 0.912581 0.891702 0.929423 0.846631 0.817270 0.996457 0.857422 0.870287 0.921212 0.944860 0.965798 0.930168 0.961986 0.990339 0.916760 0.980094 0.947906 0.990445 0.937361 0.990403 0.882381 0.974797 0.876590 0.908834 0.926404 0.965378 0.937804 0.844728 0.991145 0.924098 0.878498 0.846315 0.893065 0.818563 0.840570 0.999340 0.999027 0.967575 0.909263 0.994784 0.893291 0.974266 0.956651 0.909506 0.822915 0.897058 0.987426 0.911579 0.986043 0.802160 0.858788 0.911799 0.927577 0.898420 0.882342 0.842306 0.947491 0.751633 0.844415 0.978452 0.867053 0.805036 0.865873 0.981348 0.868412 0.997277 0.892125 0.958316 0.918800 0.913274 0.754752 0.847298 0.883752 0.970196 0.946611
0.922341 0.969197 0.874447 0.966040 0.826037 0.834063 0.965460 0.898652 0.983447 0.980334 0.957700 0.967430 0.986043 0.974719 0.978032 0.886723 0.900694 0.937659 0.932162 0.977753 0.943783 0.000000 0.906947 0.995311 0.911948 0.999160 0.967437 0.983787 0.884850 0.931663 0.908499 0.954180 0.967318 0.923471 0.907652 0.971650 0.901179 0.793079 0.945957 0.757371 0.927998 0.915971 0.936575 0.965715 0.966914 0.944219 0.791516 0.976739 0.989258 0.869636 0.912950 0.935601 0.848724 0.931020 0.963121 0.982963 0.971081 0.967407 0.908280 0.996158 0.905073 0.866334 0.983400 0.977367 0.960048 0.843235 0.936934 0.990085 0.964187 0.998730 0.987701 0.974352 0.957549 0.879758 0.858739 0.851535 0.997956 0.999336 0.987556 0.934458 0.975141 0.967416 0.989611 0.998567 0.890591 0.852196 0.845099 0.910887 0.929290 0.951215 0.835377 0.926058 0.938428 0.956251 0.971021 0.927734 0.930255 0.972132 0.906882 0.886231 0.918795 0.840863 0.952922 0.911910 0.824377 0.861780 0.914370 0.935881 0.975291 0.906219 0.978770 0.958651 0.996936 0.931865 0.939798 0.978861
0.779714 0.908242 0.574252 0.485211 0.779103 0.783328 0.631259 0.768638 0.757733 0.948565 0.702988 0.984475 0.601760 0.704843 0.485661 0.551438 0.843174 0.904264 0.820547 0.970580 0.976322 0.906947 0.000000 0.435532 0.741518 0.630261 0.708276 0.899806 0.825134 0.848052 0.710191 0.702765 0.684724 0.826731 0.741556 0.766126 0.818984 0.959940 0.848435 0.958155 0.745138 0.826983 0.910153 0.968499 0.820107 0.927093 0.885375 0.765700 0.803379 0.863689 0.954977 0.930241 0.913363 0.777828 0.905917 0.838220 0.827987 0.833615 0.816451 0.832857 0.700984 0.925386 0.986819 0.978138 0.400678 0.454719 0.635478 0.544976 0.736703 0.791160 0.932953 0.839071 0.756080 0.715385 0.874322 0.978401 0.916358 0.854227 0.872455 0.951817 0.905446 0.814425 0.588978 0.918694 0.431374 0.442357 0.825482 0.566487 0.844230 0.811842 0.614497 0.824885 0.779570 0.897508 0.943395 0.966649 0.977418 0.951831 0.848346 0.740004 0.724169 0.769023 0.975763 0.787721 0.644260 0.769267 0.839973 0.973013 0.994848 0.942864 0.833197 0.844950 0.919376 0.997739 0.694636 0.993056
0.988531 0.924895 0.715829 0.546501 0.872605 0.860073 0.882862 0.915578 0.988117 0.803071 0.711337 0.916914 0.681682 0.698906 0.654206 0.617531 0.863514 0.909247 0.819750 0.920461 0.967151 0.995311 0.435532 0.000000 0.738346 0.751222 0.680800 0.880598 0.843115 0.801535 0.854839 0.829885 0.839495 0.904394 0.870226 0.761630 0.893008 0.907956 0.853949 0.993988 0.960646 0.901017 0.951755 0.930197 0.943348 0.965634 0.861319 0.851984 0.922192 0.916355 0.786212 0.784761 0.790158 0.815095 0.909092 0.974686 0.953887 0.963927 0.955582 0.943613 0.808299 0.888494 0.993251 0.957124 0.578160 0.604663 0.878268 0.754325 0.933825 0.896142 0.971331 0.879537 0.767348 0.747168 0.968087 0.884891 0.967469 0.921565 0.888585 0.862518 0.820474 0.707830 0.628506 0.842430 0.479666 0.494268 0.833215 0.549935 0.767340 0.709944 0.781844 0.976688 0.907278 0.955389 0.888095 0.995401 0.971629 0.891817 0.939714 0.912226 0.794215 0.920632 0.876342 0.782658 0.749855 0.756130 0.880838 0.970974 0.986378 0.977047 0.901763 0.990050 0.962090 0.936462 0.818534 0.841763
0.986411 0.971677 0.568562 0.851781 0.936007 0.939602 0.939474 0.702875 0.957358 0.826941 0.779208 0.647099 0.958506 0.834002 0.920629 0.943580 0.921048 0.855469 0.852320 0.927005 0.858197 0.911948 0.741518 0.738346 0.000000 0.467372 0.682364 0.906026 0.764277 0.712790 0.663897 0.870103 0.868001 0.987436 0.738015 0.861277 0.694122 0.864588 0.935252 0.870842 0.920266 0.991710 0.742544 0.863493 0.971092 0.993047 0.739970 0.809310 0.949100 0.888438 0.983592 0.975331 0.934534 0.879121 0.810472 0.995305 0.980035 0.976025 0.996271 0.932963 0.829385 0.677665 0.694796 0.647615 0.604818 0.946526 0.788442 0.906858 0.889918 0.984303 0.743336 0.923204 0.927684 0.974159 0.890342 0.942410 0.908805 0.932780 0.952922 0.974034 0.983058 0.833225 0.943794 0.933692 0.748390 0.755650 0.764210 0.869883 0.853336 0.819739 0.962141 0.958842 0.895203 0.990046 0.967627 0.911889 0.989883 0.942374 0.823987 0.845028 0.963345 0.964224 0.955944 0.935999 0.974436 0.979887 0.857217 0.782678 0.962510 0.888593 0.931096 0.916862 0.761497 0.979909 0.854674 0.809295
0.877808 0.945567 0.535712 0.702718 0.898415 0.895058 0.814157 0.810126 0.809899 0.806000 0.846613 0.657880 0.970183 0.788650 0.909898 0.989998 0.844663 0.821466 0.827572 0.823911 0.740930 0.999160 0.630261 0.751222 0.467372 0.000000 0.753684 0.841836 0.712457 0.675501 0.580268 0.819363 0.811526 0.984742 0.755754 0.863776 0.651403 0.904241 0.822676 0.926166 0.942613 0.953342 0.804230 0.943030 0.960826 0.940260 0.753116 0.851173 0.970867 0.959443 0.893597 0.986053 0.979392 0.879158 0.902344 0.983023 0.949587 0.890556 0.829200 0.798262 0.908883 0.690562 0.739255 0.666178 0.562593 0.800254 0.723891 0.752773 0.987076 0.846093 0.747372 0.947050 0.981313 0.954292 0.962143 0.875441 0.806861 0.917547 0.955117 0.925695 0.988261 0.827343 0.829765 0.872574 0.690703 0.605936 0.838334 0.784651 0.858919 0.783701 0.890848 0.804585 0.819400 0.888389 0.899679 0.945696 0.933941 0.977239 0.941119 0.986391 0.964114 0.898565 0.809375 0.866967 0.906196 0.837620 0.965425 0.845173 0.992689 0.825565 0.916323 0.916927 0.761385 0.914856 0.827153 0.942161
0.945628 0.888191 0.805815 0.890488 0.995471 0.936676 0.979614 0.872286 0.990019 0.762775 0.798787 0.802119 0.940124 0.944759 0.807719 0.927866 0.838821 0.869962 0.920491 0.894812 0.951126 0.967437 0.708276 0.680800 0.682364 0.753684 0.000000 0.878252 0.734530 0.862163 0.857598 0.846794 0.947663 0.982693 0.982928 0.929736 0.972653 0.915805 0.945800 0.974397 0.983803 0.947349 0.960746 0.861142 0.902179 0.845656 0.917418 0.997529 0.849186 0.967528 0.912665 0.972373 0.982388 0.967341 0.979872 0.892171 0.909538 0.924100 0.831958 0.902377 0.907600 0.833508 0.811393 0.808194 0.800046 0.919365 0.958280 0.969260 0.963739 0.909990 0.938164 0.922238 0.810377 0.885651 0.978200 0.913227 0.842247 0.925700 0.900094 0.936670 0.924752 0.937346 0.919008 0.976097 0.768086 0.735042 0.953803 0.774682 0.926937 0.964768 0.935699 0.986718 0.965021 0.976786 0.977923 0.954002 0.828034 0.846222 0.869831 0.976186 0.974794 0.923963 0.968471 0.932759 0.888171 0.826216 0.970237 0.807343 0.933464 0.956907 0.972783 0.967603 0.803748 0.953852 0.911459 0.852312
0.924477 0.930638 0.919369 0.876939 0.966948 0.844424 0.893633 0.895797 0.906899 0.827045 0.798850 0.848386 0.984614 0.982233 0.936018 0.979675 0.805156 0.774288 0.930486 0.852061 0.877307 0.983787 0.899806 0.880598 0.906026 0.841836 0.878252 0.000000 0.832095 0.829185 0.954050 0.917430 0.912606 0.848150 0.886669 0.993877 0.963620 0.982636 0.922909 0.832265 0.927592 0.995828 0.762626 0.760802 0.788888 0.791735 0.993745 0.939466 0.986962 0.908464 0.882740 0.811031 0.868489 0.726927 0.835919 0.961314 0.802717 0.907804 0.870802 0.972927 0.890777 0.907344 0.884379 0.857057 0.902234 0.977264 0.911506 0.887166 0.788936 0.895623 0.918936 0.949987 0.809945 0.871718 0.948011 0.968544 0.962788 0.901158 0.904650 0.954654 0.873977 0.867091 0.999293 0.954908 0.946049 0.907545 0.961054 0.973218 0.814331 0.937134 0.926202 0.965160 0.930107 0.966958 0.955776 0.964140 0.998778 0.888445 0.961125 0.870281 0.991550 0.988136 0.929198 0.803044 0.949369 0.971186 0.974911 0.957656 0.890185 0.998811 0.806226 0.899287 0.790137 0.783116 0.978433 0.974673
0.695493 0.656877 0.899950 0.973421 0.989109 0.991820 0.906372 0.714006 0.871410 0.666696 0.557222 0.501630 0.750401 0.691012 0.845436 0.762039 0.409606 0.425879 0.604629 0.486538 0.993669 0.884850 0.825134 0.843115 0.764277 0.712457 0.734530 0.832095 0.000000 0.414368 0.889998 0.818774 0.611579 0.531860 0.892168 0.799163 0.948937 0.928049 0.879070 0.963206 0.879497 0.865912 0.775260 0.601627 0.727035 0.596029 0.734944 0.727069 0.875151 0.940929 0.866751 0.953587 0.907308 0.906375 0.995264 0.953999 0.551615 0.655480 0.687444 0.814986 0.683595 0.703744 0.464517 0.503588 0.854214 0.973183 0.902023 0.833887 0.955458 0.600859 0.963104 0.829841 0.637048 0.639910 0.956652 0.854170 0.651882 0.952713 0.732628 0.727987 0.597973 0.772028 0.922753 0.946209 0.888366 0.868435 0.963411 0.892855 0.731411 0.842682 0.711110 0.675336 0.739086 0.815697 0.847975 0.860742 0.857237 0.810572 0.843089 0.839790 0.815117 0.999997 0.728669 0.695674 0.998132 0.936171 0.964248 0.897979 0.957292 0.709895 0.720830 0.773189 0.854852 0.824429 0.913129 0.932319
0.918769 0.812800 0.892729 0.942661 0.931593 0.969193 0.919851 0.731393 0.828386 0.640067 0.647451 0.590708 0.805428 0.733943 0.864825 0.818098 0.443604 0.450000 0.681539 0.592769 0.959566 0.931663 0.848052 0.801535 0.712790 0.675501 0.862163 0.829185 0.414368 0.000000 0.830428 0.718001 0.667820 0.537967 0.829153 0.826865 0.907536 0.999368 0.964595 0.945213 0.892516 0.904355 0.805640 0.645220 0.719652 0.660085 0.822892 0.799502 0.938658 0.882629 0.945279 0.764641 0.766256 0.805741 0.922526 0.788430 0.622175 0.763233 0.872741 0.989581 0.747531 0.809083 0.480501 0.541481 0.759702 0.891600 0.999888 0.881228 0.926023 0.684751 0.906604 0.758572 0.752005 0.720725 0.918396 0.856407 0.801572 0.883079 0.741972 0.699877 0.691681 0.839290 0.920443 0.912617 0.775270 0.804549 0.965075 0.938640 0.664259 0.694983 0.740648 0.669363 0.712232 0.829640 0.779587 0.845756 0.854175 0.758528 0.857289 0.966038 0.865601 0.981770 0.682644 0.762936 0.984833 0.870964 0.999478 0.866402 0.917140 0.653780 0.678184 0.827912 0.809821 0.813712 0.963186 0.836866
0.776919 0.996515 0.634719 0.727895 0.952939 0.814345 0.742878 0.936251 0.885985 0.751180 0.984739 0.851008 0.902512 0.959254 0.777297 0.801927 0.836767 0.863797 0.723193 0.981644 0.996032 0.908499 0.710191 0.854839 0.663897 0.580268 0.857598 0.954050 0.889998 0.830428 0.000000 0.557133 0.587114 0.709303 0.866835 0.936645 0.689072 0.834170 0.943910 0.945952 0.895236 0.882147 0.545912 0.628262 0.629317 0.716812 0.621717 0.608647 0.930049 0.876690 0.835201 0.805559 0.850875 0.953552 0.972154 0.759310 0.800392 0.997500 0.787761 0.713492 0.986431 0.789260 0.938626 0.957142 0.760811 0.925452 0.714298 0.687423 0.807766 0.977216 0.625699 0.674546 0.954269 0.985872 0.899212 0.879661 0.972394 0.815353 0.771401 0.744350 0.863584 0.813673 0.841868 0.887568 0.933884 0.840552 0.932314 0.780976 0.884243 0.945876 0.964260 0.918304 0.900088 0.910788 0.889656 0.804087 0.855304 0.791682 0.859893 0.908699 0.835165 0.803882 0.932786 0.989961 0.988551 0.858898 0.891728 0.884334 0.935693 0.945859 0.824870 0.866379 0.875957 0.928825 0.830654 0.987918
0.749335 0.930008 0.745846 0.803969 0.977161 0.938374 0.800718 0.918452 0.997692 0.790262 0.923106 0.992044 0.843640 0.909662 0.651503 0.752511 0.753018 0.753704 0.753836 0.840840 0.998028 0.954180 0.702765 0.829885 0.870103 0.819363 0.846794 0.917430 0.818774 0.718001 0.557133 0.000000 0.554909 0.766882 0.945311 0.990468 0.821409 0.901850 0.998922 0.948548 0.839817 0.900827 0.705275 0.715552 0.720224 0.774929 0.749946 0.735806 0.781475 0.810365 0.821893 0.752404 0.752613 0.914474 0.982124 0.780254 0.860690 0.973839 0.760119 0.702749 0.933122 0.874937 0.820181 0.886247 0.840434 0.907950 0.829468 0.745565 0.883193 0.924219 0.735148 0.590814 0.943514 0.970815 0.926433 0.983043 0.973091 0.804673 0.652117 0.634394 0.774807 0.771179 0.739312 0.813953 0.949736 0.838552 0.990120 0.742150 0.817919 0.888109 0.978817 0.974429 0.961792 0.963571 0.895396 0.936562 0.957621 0.745926 0.929697 0.904304 0.845015 0.860898 0.872652 0.873131 0.864104 0.819036 0.870799 0.903802 0.893789 0.864075 0.766693 0.842005 0.825002 0.848839 0.856678 0.891025
0.937592 0.739090 0.660589 0.608099 0.867662 0.887917 0.637976 0.672947 0.914509 0.723554 0.826617 0.760679 0.650246 0.750602 0.611047 0.705815 0.591668 0.619634 0.555561 0.635165 0.968062 0.967318 0.684724 0.839495 0.868001 0.811526 0.947663 0.912606 0.611579 0.667820 0.587114 0.554909 0.000000 0.511944 0.774141 0.936444 0.795004 0.960078 0.993006 0.948005 0.798231 0.866712 0.611680 0.543350 0.611809 0.618813 0.579137 0.549107 0.983181 0.989078 0.875276 0.969151 0.974421 0.916927 0.953332 0.912370 0.677866 0.776034 0.802121 0.960433 0.632034 0.834238 0.629573 0.710516 0.686890 0.711066 0.616425 0.525005 0.918393 0.843872 0.814271 0.727894 0.857901 0.950693 0.910605 0.841347 0.755036 0.808616 0.694163 0.664631 0.595438 0.678092 0.710193 0.799688 0.732940 0.735496 0.882842 0.808450 0.875943 0.920223 0.975233 0.941786 0.965928 0.982451 0.840168 0.848141 0.930974 0.834532 0.696316 0.693266 0.761640 0.796116 0.834924 0.842993 0.727027 0.931890 0.857411 0.857905 0.906488 0.872336 0.779935 0.823326 0.975235 0.872134 0.709549 0.900412
0.786752 0.617080 0.785017 0.728105 0.770172 0.897783 0.668291 0.589158 0.973883 0.709319 0.709051 0.573181 0.615871 0.672621 0.725101 0.667493 0.556009 0.508177 0.570655 0.604196 0.993865 0.923471 0.826731 0.904394 0.987436 0.984742 0.982693 0.848150 0.531860 0.537967 0.709303 0.766882 0.511944 0.000000 0.859928 0.991608 0.821850 0.876357 0.996992 0.966912 0.874795 0.923293 0.613450 0.504779 0.609072 0.563274 0.604505 0.559965 0.952187 0.980457 0.887033 0.965599 0.935101 0.945744 0.980768 0.900316 0.596694 0.730611 0.751494 0.879475 0.557265 0.660834 0.526451 0.562773 0.809619 0.719591 0.664142 0.555505 0.970082 0.760343 0.763344 0.745025 0.750709 0.763904 0.861786 0.846779 0.681048 0.751558 0.647084 0.710926 0.533622 0.627423 0.739383 0.756463 0.793908 0.775241 0.985717 0.843051 0.821181 0.952727 0.966266 0.805113 0.886633 0.931982 0.811599 0.739012 0.819988 0.752885 0.693683 0.699161 0.744074 0.915904 0.702478 0.795470 0.781840 0.926590 0.962178 0.839692 0.912996 0.699891 0.712501 0.669697 0.804670 0.819006 0.713986 0.984138
0.973801 0.931210 0.695275 0.687651 0.835440 0.826038 0.749698 0.880326 0.755042 0.951927 0.892997 0.942534 0.855603 0.991824 0.823404 0.911294 0.947767 0.903765 0.949453 0.967211 0.885525 0.907652 0.741556 0.870226 0.738015 0.755754 0.982928 0.886669 0.892168 0.829153 0.866835 0.945311 0.774141 0.859928 0.000000 0.859719 0.696233 0.960355 0.896239 0.900892 0.866473 0.987410 0.780684 0.777384 0.830828 0.819336 0.881774 0.795610 0.877128 0.880710 0.900646 0.868261 0.874264 0.772768 0.902849 0.972422 0.977640 0.990210 0.910381 0.981083 0.809284 0.851214 0.882559 0.910104 0.614955 0.647498 0.648563 0.668232 0.952491 0.869841 0.869049 0.984342 0.940874 0.926322 0.965918 0.985865 0.778632 0.842574 0.971321 0.918153 0.954468 0.921362 0.940753 0.905502 0.681230 0.688292 0.920883 0.908735 0.924249 0.821184 0.775084 0.800129 0.789205 0.790269 0.969824 0.937989 0.977916 0.910142 0.854617 0.892759 0.839199 0.853310 0.970931 0.939554 0.801266 0.961527 0.828714 0.994697 0.972340 0.945001 0.897641 0.982996 0.947218 0.967152 0.680643 0.938368
0.973153 0.970003 0.814243 0.821128 0.854534 0.825356 0.852091 0.961065 0.880830 0.960349 0.941653 0.918968 0.979795 0.923571 0.986005 0.990420 0.939863 0.954319 0.936815 0.927834 0.881313 0.971650 0.766126 0.761630 0.861277 0.863776 0.929736 0.993877 0.799163 0.826865 0.936645 0.990468 0.936444 0.991608 0.859719 0.000000 0.914015 0.988510 0.991092 0.926365 0.899030 0.941096 0.910136 0.894825 0.858741 0.971134 0.924225 0.892429 0.986540 0.930794 0.910675 0.916290 0.949743 0.976085 0.995493 0.991598 0.989904 0.867350 0.960664 0.898445 0.953945 0.992556 0.832934 0.854645 0.771345 0.814976 0.829840 0.831817 0.974002 0.939171 0.940814 0.965928 0.970036 0.909896 0.877576 0.862437 0.882939 0.855710 0.987522 0.872109 0.953099 0.940218 0.775053 0.964735 0.773826 0.779995 0.898068 0.744539 0.836966 0.921740 0.787376 0.857652 0.770362 0.838937 0.988057 0.952874 0.830966 0.839979 0.941143 0.854517 0.843304 0.877834 0.883448 0.876932 0.897120 0.960230 0.749065 0.897066 0.931197 0.979773 0.968943 0.921741 0.960738 0.940049 0.983740 0.933856
0.979859 0.876384 0.744571 0.844460 0.967374 0.834730 0.956842 0.966643 0.889462 0.916742 0.911843 0.888916 0.978872 0.768499 0.983007 0.916175 0.943226 0.995895 0.905778 0.953035 0.903898 0.901179 0.818984 0.893008 0.694122 0.651403 0.972653 0.963620 0.948937 0.907536 0.689072 0.821409 0.795004 0.821850 0.696233 0.914015 0.000000 0.738009 0.680158 0.904863 0.917428 0.892501 0.713593 0.805499 0.805936 0.785850 0.720661 0.743149 0.825382 0.837054 0.944250 0.910155 0.945624 0.893134 0.799395 0.852494 0.843854 0.917351 0.931658 0.930490 0.931715 0.969120 0.925484 0.955603 0.797035 0.957465 0.771419 0.693003 0.979888 0.969236 0.636905 0.806442 0.994973 0.983449 0.937362 0.951918 0.975913 0.738844 0.923878 0.963355 0.916849 0.880039 0.936556 0.833132 0.908638 0.893886 0.846382 0.809422 0.817858 0.849780 0.951779 0.847181 0.815524 0.944772 0.889379 0.842965 0.944610 0.781536 0.766418 0.948266 0.756041 0.979787 0.935062 0.944396 0.856560 0.800511 0.988993 0.990702 0.902341 0.894250 0.945229 0.942083 0.961308 0.947638 0.797462 0.983861
0.911745 0.829493 0.916049 0.925145 0.899630 0.900507 0.931287 0.999595 0.985335 0.849616 0.924550 0.964548 0.878041 0.876569 0.963316 0.993318 0.941522 0.905062 0.823031 0.896562 0.959006 0.793079 0.959940 0.907956 0.864588 0.904241 0.915805 0.982636 0.928049 0.999368 0.834170 0.901850 0.960078 0.876357 0.960355 0.988510 0.738009 0.000000 0.944888 0.986909 0.988990 0.860317 0.696140 0.810713 0.768268 0.725627 0.684599 0.654244 0.788858 0.781530 0.938617 0.878010 0.863695 0.995093 0.859994 0.874361 0.786077 0.801839 0.923692 0.991403 0.917326 0.933494 0.939218 0.950009 0.904465 0.979657 0.891138 0.936331 0.769167 0.862165 0.735650 0.692024 0.840206 0.870485 0.926003 0.983090 0.969038 0.865056 0.897419 0.943292 0.938114 0.885077 0.959239 0.865223 0.970605 0.952106 0.887071 0.921611 0.822156 0.910368 0.961026 0.943557 0.899549 0.913861 0.963690 0.758157 0.655952 0.716534 0.883986 0.862313 0.749856 0.912145 0.822103 0.674444 0.924664 0.698645 0.837958 0.951006 0.942273 0.931918 0.770074 0.914297 0.913868 0.867663 0.876334 0.808843
