0.000000 0.455490 0.967478 0.904326 0.833387 0.659726 0.611466 0.621452 0.860256 0.614089 0.496403 0.562917 0.505993 0.587797 0.781460 0.878103 0.506686 0.449912 0.562813 0.583607 0.779478 0.926999 0.895046 0.809148 0.772971 0.802041 0.785151 0.869097 0.554830 0.609606 0.842431 0.969501 0.735380 0.638870 0.933421 0.781513 0.888373 0.930670 0.860472 0.898124 0.958569 0.840347 0.844895 0.763912 0.719527 0.656853 0.619217 0.650226 0.664028 0.637317 0.730923 0.663929 0.957047 0.950813 0.774231 0.626579 0.464680 0.412859 0.348258 0.353820 0.414361 0.593687 0.501541 0.493152 0.910731 0.911603 0.884005 0.910709 0.755903 0.717177 0.938142 0.993180 0.927940 0.958038 0.989117 0.937602 0.764627 0.940015 0.682486 0.826691 0.469242 0.583427 0.979398 0.701120 0.884049 0.992586 0.752475 0.832536 0.746295 0.702417 0.851161 0.747784 0.843062 0.926033 0.935513 0.750217 0.650373 0.849791 0.493517 0.491507 0.781262 0.643791 0.696676 0.656161 0.657981 0.665673 0.860284 0.746459 0.845197 0.796052 0.708735 0.713594 0.552134 0.908558 0.697755 0.926885
0.455490 0.000000 0.719263 0.596639 0.937671 0.678839 0.478358 0.534280 0.913122 0.802014 0.695842 0.673832 0.795862 0.602185 0.987265 0.890246 0.627955 0.545378 0.537939 0.485755 0.874182 0.882699 0.897413 0.849254 0.902636 0.872378 0.904756 0.921037 0.733610 0.637748 0.756913 0.620670 0.507542 0.464070 0.832572 0.990040 0.935012 0.844193 0.959186 0.757013 0.953996 0.849085 0.525301 0.500201 0.623485 0.604119 0.539114 0.490294 0.773647 0.581267 0.545629 0.519627 0.783940 0.918416 0.737404 0.550213 0.462498 0.434063 0.479346 0.368752 0.473646 0.531462 0.721083 0.655161 0.899650 0.641936 0.612218 0.588906 0.816636 0.653904 0.676866 0.741496 0.672767 0.688176 0.825726 0.984472 0.709719 0.739766 0.741711 0.736185 0.546805 0.625560 0.817077 0.747913 0.807083 0.677964 0.855704 0.961453 0.779843 0.563892 0.796646 0.913032 0.768930 0.965932 0.982202 0.799902 0.647929 0.935574 0.568538 0.605503 0.778438 0.766276 0.731900 0.799913 0.575832 0.557651 0.856568 0.790752 0.826426 0.738201 0.637867 0.774032 0.628435 0.770669 0.598873 0.999844
0.967478 0.719263 0.000000 0.289287 0.928762 0.836507 0.626858 0.773628 0.929084 0.827817 0.655258 0.839281 0.934498 0.941029 0.983601 0.894379 0.744336 0.790865 0.803196 0.649575 0.477168 0.786719 0.391281 0.429157 0.366813 0.319317 0.877524 0.790239 0.691989 0.770437 0.423585 0.577997 0.569445 0.655128 0.556201 0.704573 0.491761 0.718405 0.650625 0.629184 0.764169 0.946838 0.564214 0.716704 0.958959 0.877700 0.636766 0.664831 0.620070 0.942883 0.964946 0.978807 0.970478 0.958453 0.846890 0.992847 0.980547 0.991553 0.983600 0.790017 0.857353 0.840103 0.611621 0.662970 0.291211 0.308994 0.405902 0.441959 0.776679 0.783368 0.426613 0.486382 0.647216 0.698669 0.831546 0.843542 0.805299 0.615960 0.771803 0.701711 0.889416 0.936855 0.935880 0.829752 0.589072 0.507531 0.926531 0.748232 0.766281 0.861734 0.692252 0.810951 0.638793 0.700294 0.862724 0.748443 0.814039 0.955904 0.899863 0.836464 0.841508 0.904605 0.974619 0.905579 0.727346 0.589050 0.779607 0.903979 0.924883 0.906284 0.712849 0.921710 0.943566 0.869959 0.811804 0.830854
0.904326 0.596639 0.289287 0.000000 0.964859 0.732374 0.522498 0.579253 0.925887 0.950676 0.760881 0.920606 0.931438 0.841254 0.870195 0.822084 0.861854 0.898260 0.705548 0.508374 0.497578 0.842273 0.442139 0.383861 0.448332 0.363431 0.954883 0.834868 0.771236 0.903231 0.377777 0.495147 0.546379 0.540635 0.587939 0.719507 0.603886 0.642382 0.675128 0.707666 0.804557 0.878265 0.524504 0.676617 0.938292 0.964837 0.492654 0.564824 0.675704 0.994067 0.829503 0.890987 0.964320 0.911313 0.845321 0.884688 0.953278 0.980183 0.935712 0.722917 0.783039 0.613505 0.722294 0.809441 0.443897 0.224808 0.361524 0.385331 0.845082 0.780380 0.391666 0.462350 0.546565 0.636729 0.753295 0.733261 0.708563 0.547058 0.782621 0.672845 0.942657 0.839804 0.913562 0.858811 0.684643 0.502306 0.967411 0.843887 0.803955 0.810401 0.608006 0.847218 0.572035 0.765936 0.826872 0.657468 0.688003 0.885557 0.775697 0.775038 0.690264 0.835334 0.945638 0.955145 0.623608 0.618583 0.818975 0.892273 0.823191 0.847741 0.687461 0.866327 0.922961 0.847932 0.728071 0.878439
0.833387 0.937671 0.928762 0.964859 0.000000 0.975196 0.890019 0.894080 0.712657 0.681337 0.813671 0.792937 0.486739 0.794054 0.590186 0.513571 0.801266 0.723474 0.762414 0.910450 0.891994 0.852196 0.791838 0.980775 0.947957 0.863603 0.797506 0.985102 0.667796 0.700245 0.837645 0.848678 0.888343 0.934728 0.994210 0.791655 0.960580 0.796000 0.906069 0.719295 0.839724 0.956028 0.978635 0.976210 0.846634 0.852522 0.924557 0.951321 0.604836 0.918410 0.955503 0.972070 0.995352 0.768742 0.800830 0.928407 0.999096 0.816708 0.891895 0.995582 0.686906 0.896530 0.649681 0.675265 0.841898 0.932132 0.865258 0.836686 0.982804 0.839675 0.942901 0.696404 0.751589 0.891076 0.990481 0.914643 0.894604 0.955706 0.895559 0.833201 0.764861 0.759336 0.897086 0.738981 0.682509 0.976004 0.943237 0.874370 0.772053 0.802453 0.925704 0.890450 0.901745 0.967474 0.974260 0.983826 0.868098 0.900845 0.907851 0.807537 0.856899 0.960317 0.986366 0.996654 0.914375 0.974822 0.967526 0.834593 0.960714 0.861754 0.885336 0.909104 0.745012 0.932676 0.779205 0.959215
0.659726 0.678839 0.836507 0.732374 0.975196 0.000000 0.451876 0.433426 0.578181 0.530437 0.658444 0.599834 0.859101 0.766992 0.918380 0.894041 0.818805 0.753818 0.778760 0.683160 0.907526 0.871785 0.946364 0.848651 0.849559 0.995306 0.561483 0.981609 0.730995 0.770431 0.846492 0.926013 0.585405 0.574469 0.813743 0.918950 0.903654 0.973924 0.879829 0.991581 0.860026 0.947828 0.714689 0.674536 0.684934 0.718093 0.744870 0.734624 0.878580 0.772960 0.654891 0.670583 0.727686 0.744094 0.814939 0.793496 0.922841 0.860954 0.646271 0.498860 0.492470 0.458323 0.782119 0.694238 0.909840 0.728904 0.631200 0.608536 0.929399 0.686699 0.693700 0.751308 0.758640 0.847386 0.913493 0.812786 0.746792 0.778145 0.995616 0.898541 0.871517 0.870837 0.816592 0.951388 0.865731 0.904052 0.812479 0.870799 0.915092 0.980717 0.545273 0.631576 0.554935 0.636840 0.927215 0.760619 0.737074 0.648820 0.477751 0.585522 0.515094 0.606752 0.765840 0.633354 0.652668 0.719413 0.772753 0.795210 0.848672 0.794308 0.616915 0.674954 0.609891 0.816010 0.599722 0.986970
0.611466 0.478358 0.626858 0.522498 0.890019 0.451876 0.000000 0.228271 0.481851 0.484285 0.702271 0.509017 0.804554 0.638431 0.864041 0.862949 0.794943 0.716412 0.661750 0.491461 0.941365 0.950406 0.856492 0.942877 0.974362 0.878870 0.571302 0.878576 0.684836 0.627589 0.662616 0.702756 0.493943 0.329923 0.670026 0.995626 0.968073 0.994505 0.965732 0.928148 0.847820 0.951781 0.398827 0.418103 0.458302 0.508971 0.625068 0.531975 0.833041 0.574181 0.465285 0.451061 0.515770 0.558652 0.745049 0.744629 0.824980 0.754656 0.541483 0.441603 0.332192 0.314053 0.747859 0.620705 0.938400 0.523896 0.348521 0.359486 0.955208 0.715258 0.481865 0.573085 0.586540 0.668987 0.891144 0.783217 0.536465 0.668912 0.917708 0.788327 0.824052 0.904727 0.913242 0.871953 0.938265 0.998591 0.809122 0.692273 0.876580 0.914810 0.365694 0.493560 0.409236 0.595501 0.919495 0.737317 0.520230 0.727485 0.306154 0.399921 0.417703 0.482539 0.592835 0.691319 0.449050 0.507260 0.631152 0.722112 0.703029 0.654345 0.512724 0.631367 0.509402 0.694525 0.534664 0.955340
0.621452 0.534280 0.773628 0.579253 0.894080 0.433426 0.228271 0.000000 0.483138 0.384130 0.642272 0.366080 0.771390 0.524953 0.872714 0.828061 0.788857 0.690835 0.706009 0.503636 0.990402 0.978120 0.948326 0.984938 0.871479 0.957745 0.540401 0.803143 0.607898 0.577463 0.720421 0.723510 0.573544 0.382226 0.777647 0.942446 0.837810 0.986935 0.924116 0.991940 0.912374 0.991539 0.489469 0.525999 0.492177 0.534792 0.649168 0.610220 0.807227 0.624633 0.503809 0.483441 0.563007 0.555328 0.824173 0.713982 0.912634 0.839560 0.591111 0.488700 0.338865 0.210755 0.700058 0.536912 0.920160 0.551173 0.441551 0.454877 0.897486 0.747787 0.572811 0.634929 0.621726 0.678595 0.908722 0.740710 0.552801 0.733776 0.962363 0.869451 0.830229 0.883851 0.879070 0.877923 0.858084 0.932524 0.843497 0.745048 0.874677 0.924614 0.365161 0.555360 0.433929 0.626590 0.883383 0.730090 0.572074 0.694290 0.304332 0.409313 0.363649 0.512549 0.645300 0.719654 0.477763 0.605051 0.636825 0.766956 0.711608 0.680080 0.530673 0.626731 0.497071 0.755754 0.554521 0.986639
0.860256 0.913122 0.929084 0.925887 0.712657 0.578181 0.481851 0.483138 0.000000 0.422440 0.573911 0.578501 0.765946 0.805024 0.993982 0.859890 0.892467 0.793250 0.993242 0.854772 0.861478 0.978426 0.930683 0.743170 0.719462 0.862359 0.647519 0.788416 0.607958 0.687181 0.982395 0.968800 0.799516 0.652257 0.860749 0.950727 0.862421 0.806541 0.885593 0.944236 0.853256 0.976852 0.741836 0.719254 0.647241 0.705678 0.981396 0.997237 0.761759 0.840703 0.772289 0.780472 0.646355 0.738387 0.771218 0.980918 0.911582 0.949900 0.760948 0.841175 0.521290 0.510337 0.718684 0.627626 0.892216 0.879842 0.706575 0.730864 0.916035 0.761620 0.760802 0.863815 0.905661 0.954720 0.988801 0.790390 0.789939 0.985055 0.880335 0.967925 0.920209 0.994418 0.820056 0.940677 0.854962 0.763887 0.866758 0.823707 0.860550 0.860777 0.584487 0.517382 0.633270 0.572257 0.886748 0.969935 0.849348 0.776778 0.515991 0.614786 0.606337 0.649302 0.724308 0.832732 0.717512 0.786369 0.746473 0.795650 0.852075 0.873349 0.690185 0.812444 0.653959 0.787756 0.758795 0.923515
0.614089 0.802014 0.827817 0.950676 0.681337 0.530437 0.484285 0.384130 0.422440 0.000000 0.411867 0.299184 0.536270 0.565262 0.858560 0.739879 0.620684 0.532197 0.748725 0.730856 0.657946 0.857794 0.782520 0.576522 0.500325 0.600715 0.539927 0.785660 0.361373 0.426192 0.813748 0.870365 0.847046 0.632597 0.990794 0.727593 0.601063 0.738724 0.658162 0.942057 0.855022 0.969724 0.845889 0.779362 0.517981 0.523377 0.863223 0.844478 0.539608 0.688405 0.697652 0.629313 0.664536 0.737212 0.885137 0.748184 0.985321 0.831129 0.549236 0.656244 0.374127 0.374017 0.406974 0.318441 0.651849 0.981833 0.855090 0.889764 0.837385 0.836506 0.890919 0.980033 0.989466 0.942597 0.918693 0.869440 0.753967 0.998111 0.862425 0.977367 0.696842 0.843907 0.859401 0.957393 0.757063 0.616866 0.754432 0.783468 0.932130 0.991660 0.591172 0.572789 0.702749 0.712559 0.980029 0.861896 0.802388 0.775572 0.398376 0.484050 0.567122 0.590809 0.638933 0.731970 0.727054 0.850177 0.817642 0.917906 0.831438 0.785338 0.671680 0.747518 0.473819 0.836764 0.794722 0.871672
0.496403 0.695842 0.655258 0.760881 0.813671 0.658444 0.702271 0.642272 0.573911 0.411867 0.000000 0.410447 0.560829 0.572153 0.860688 0.929248 0.468536 0.433039 0.786548 0.825613 0.579701 0.810595 0.553499 0.466149 0.419885 0.501195 0.648669 0.695177 0.383847 0.428910 0.645627 0.792897 0.932207 0.772229 0.796225 0.685306 0.613627 0.841855 0.761672 0.973676 0.844456 0.812721 0.959016 0.809240 0.690519 0.624602 0.926471 0.974471 0.518826 0.728508 0.735003 0.691785 0.838000 0.925235 0.811141 0.769694 0.719672 0.599169 0.483603 0.662432 0.487203 0.572721 0.373898 0.334882 0.548027 0.802578 0.896632 0.953493 0.925765 0.882834 0.928813 0.804649 0.969656 0.914174 0.990785 0.997303 0.826472 0.862755 0.671041 0.996286 0.500193 0.678309 0.989727 0.709005 0.825084 0.708820 0.796068 0.977759 0.902543 0.943561 0.911409 0.796045 0.978447 0.966361 0.964365 0.989124 0.870942 0.922031 0.581800 0.704471 0.788260 0.746170 0.678685 0.742525 0.858370 0.893922 0.952967 0.895818 0.819190 0.839719 0.807788 0.869911 0.564384 0.991286 0.799413 0.760658
0.562917 0.673832 0.839281 0.920606 0.792937 0.599834 0.509017 0.366080 0.578501 0.299184 0.410447 0.000000 0.536026 0.349567 0.920436 0.719265 0.607991 0.475384 0.692348 0.637084 0.767573 0.808921 0.818936 0.754598 0.595090 0.669527 0.616740 0.725403 0.379945 0.359598 0.873849 0.990200 0.801655 0.584732 0.856380 0.755115 0.569556 0.870888 0.767809 0.966824 0.776115 0.931948 0.836285 0.781045 0.613692 0.602851 0.722915 0.806486 0.633096 0.698587 0.673856 0.613740 0.765336 0.776777 0.879907 0.685894 0.866531 0.769421 0.558574 0.659561 0.392152 0.304340 0.419048 0.319615 0.659163 0.877586 0.885144 0.863868 0.768420 0.877459 0.939458 0.967365 0.819794 0.908054 0.970512 0.895377 0.657666 0.904370 0.805547 0.914978 0.617146 0.676506 0.993477 0.798308 0.862904 0.835110 0.890328 0.919260 0.876650 0.952459 0.711429 0.761203 0.794205 0.903487 0.975603 0.778538 0.771311 0.795425 0.467769 0.552990 0.570039 0.677760 0.711265 0.725123 0.665064 0.803121 0.879678 0.970338 0.841860 0.807750 0.775169 0.732036 0.534966 0.922398 0.795457 0.868006
0.505993 0.795862 0.934498 0.931438 0.486739 0.859101 0.804554 0.771390 0.765946 0.536270 0.560829 0.536026 0.000000 0.518395 0.446715 0.490374 0.628775 0.552833 0.640508 0.799407 0.735347 0.807742 0.909766 0.794595 0.713846 0.682314 0.994925 0.955474 0.475850 0.530243 0.696924 0.743788 0.946294 0.870200 0.767101 0.650602 0.849335 0.745613 0.805989 0.853596 0.649202 0.956642 0.971931 0.939029 0.843391 0.826110 0.809719 0.844490 0.587102 0.877523 0.990830 0.946481 0.893435 0.759520 0.869847 0.847788 0.823504 0.647812 0.601391 0.782121 0.503436 0.722712 0.467270 0.477860 0.987001 0.933663 0.837751 0.766885 0.917115 0.788136 0.879274 0.694355 0.803560 0.808593 0.952493 0.895922 0.835567 0.956730 0.828058 0.875400 0.641025 0.628276 0.949628 0.724459 0.820198 0.939324 0.828749 0.748787 0.826245 0.899140 0.991495 0.788116 0.971609 0.990893 0.995723 0.783031 0.982265 0.940733 0.673427 0.599656 0.987998 0.814746 0.863882 0.796526 0.940675 0.817870 0.997162 0.936485 0.933881 0.993125 0.849365 0.838365 0.679156 0.996281 0.984882 0.895875
0.587797 0.602185 0.941029 0.841254 0.794054 0.766992 0.638431 0.524953 0.805024 0.565262 0.572153 0.349567 0.518395 0.000000 0.847513 0.566519 0.601277 0.501890 0.541251 0.598141 0.880640 0.881857 0.929997 0.968380 0.778887 0.807234 0.761360 0.886329 0.470052 0.344192 0.937868 0.790685 0.698780 0.623039 0.844506 0.768694 0.873236 0.993288 0.882549 0.937610 0.772478 0.873572 0.758353 0.743433 0.606401 0.589714 0.626780 0.684681 0.624339 0.601068 0.606463 0.583479 0.803775 0.810199 0.733917 0.653552 0.734594 0.708923 0.602643 0.683405 0.494270 0.468588 0.522987 0.425930 0.794776 0.858449 0.943074 0.897020 0.738805 0.886857 0.996969 0.989099 0.718468 0.815793 0.934935 0.848462 0.690834 0.757047 0.770494 0.806243 0.648149 0.603061 0.760693 0.688740 0.965562 0.924985 0.963922 0.955043 0.896362 0.779564 0.944647 0.966380 0.979147 0.833583 0.954619 0.790979 0.830802 0.990983 0.632125 0.669692 0.733281 0.875472 0.841799 0.818995 0.747325 0.873008 0.957586 0.942664 0.808888 0.840663 0.863684 0.811825 0.697154 0.918971 0.831292 0.791419
0.781460 0.987265 0.983601 0.870195 0.590186 0.918380 0.864041 0.872714 0.993982 0.858560 0.860688 0.920436 0.446715 0.847513 0.000000 0.591086 0.826273 0.756001 0.786133 0.974818 0.922301 0.939419 0.755224 0.952071 0.989656 0.897409 0.723356 0.859556 0.728709 0.824366 0.812523 0.806124 0.956587 0.932881 0.847290 0.853066 0.974665 0.794891 0.844549 0.782691 0.798904 0.845907 0.811472 0.741071 0.911261 0.894380 0.948240 0.965104 0.810387 0.876558 0.751034 0.761631 0.714014 0.559860 0.865587 0.930882 0.901770 0.784689 0.851387 0.997796 0.826324 0.957229 0.795015 0.823918 0.816519 0.885880 0.731244 0.671721 0.876839 0.733629 0.864666 0.683055 0.770449 0.851501 0.907757 0.969871 0.855273 0.889741 0.977526 0.895741 0.807800 0.683348 0.764416 0.743344 0.619193 0.882967 0.920701 0.944393 0.769220 0.849939 0.799955 0.940346 0.754483 0.887769 0.967686 0.772312 0.899485 0.851917 0.995349 0.929058 0.743934 0.991413 0.795835 0.979913 0.882575 0.982368 0.909940 0.801393 0.858220 0.865760 0.955280 0.977966 0.849236 0.950938 0.881964 0.865671
0.878103 0.890246 0.894379 0.822084 0.513571 0.894041 0.862949 0.828061 0.859890 0.739879 0.929248 0.719265 0.490374 0.566519 0.591086 0.000000 0.899383 0.806407 0.685558 0.796948 0.995704 0.868307 0.570638 0.791279 0.996281 0.945989 0.878086 0.887664 0.763542 0.713226 0.992460 0.996733 0.811925 0.898070 0.940357 0.827578 0.877433 0.909525 0.939374 0.770829 0.807010 0.763315 0.907508 0.963366 0.865781 0.899428 0.699027 0.777777 0.727007 0.937199 0.989857 0.941268 0.938337 0.843529 0.817014 0.941884 0.966700 0.913786 0.890912 0.942868 0.726893 0.798798 0.783303 0.745098 0.805794 0.884148 0.947904 0.926128 0.821833 0.827201 0.999771 0.886845 0.948616 0.919323 0.898232 0.889619 0.959960 0.825632 0.935773 0.850499 0.953526 0.757117 0.815065 0.848261 0.712833 0.851481 0.940624 0.979038 0.804901 0.877723 0.995302 0.950326 0.943994 0.963428 0.890214 0.789623 0.922633 0.914686 0.912649 0.749949 0.962462 0.962434 0.925766 0.988935 0.952682 0.953384 0.979094 0.847824 0.926290 0.932216 0.937400 0.823499 0.823822 0.978402 0.892681 0.812765
0.506686 0.627955 0.744336 0.861854 0.801266 0.818805 0.794943 0.788857 0.892467 0.620684 0.468536 0.607991 0.628775 0.601277 0.826273 0.899383 0.000000 0.324189 0.626770 0.748719 0.696583 0.932231 0.726346 0.738466 0.626607 0.593744 0.849908 0.989809 0.495472 0.427558 0.779893 0.896781 0.862256 0.798916 0.912620 0.733166 0.744936 0.855939 0.752403 0.956768 0.901301 0.810209 0.910125 0.787840 0.648343 0.576316 0.789801 0.791336 0.473521 0.573455 0.675270 0.664523 0.836602 0.991513 0.653663 0.580329 0.509323 0.433973 0.506742 0.659716 0.598073 0.760643 0.375769 0.384050 0.692323 0.774850 0.885076 0.943310 0.947080 0.792482 0.915857 0.741008 0.962070 0.968846 0.946914 0.963148 0.961026 0.936322 0.664879 0.737195 0.376069 0.507406 0.770714 0.571287 0.980832 0.909796 0.798136 0.924169 0.887404 0.663096 0.931362 0.935673 0.835800 0.752038 0.931521 0.939441 0.768896 0.938758 0.690338 0.806892 0.976745 0.875879 0.879231 0.754468 0.956923 0.941800 0.933187 0.974328 0.794976 0.817504 0.774567 0.942030 0.708810 0.915811 0.915545 0.822733
0.449912 0.545378 0.790865 0.898260 0.723474 0.753818 0.716412 0.690835 0.793250 0.532197 0.433039 0.475384 0.552833 0.501890 0.756001 0.806407 0.324189 0.000000 0.557671 0.715603 0.734158 0.910422 0.747630 0.746547 0.627548 0.594511 0.845320 0.920997 0.375971 0.359602 0.781989 0.987703 0.731154 0.699422 0.903515 0.679205 0.697335 0.798649 0.733992 0.971091 0.819290 0.804196 0.826784 0.713829 0.582831 0.509091 0.703886 0.748821 0.437512 0.535088 0.620323 0.594927 0.810167 0.998132 0.616904 0.510684 0.479144 0.386336 0.403897 0.589329 0.474410 0.633755 0.306390 0.298652 0.699451 0.838519 0.917116 0.984088 0.967188 0.815547 0.903448 0.768508 0.994905 0.978960 0.962116 0.990572 0.887696 0.959158 0.577098 0.708341 0.335437 0.434800 0.793626 0.471020 0.921480 0.957670 0.834295 0.912249 0.820658 0.647710 0.932479 0.989712 0.857555 0.795490 0.903296 0.797203 0.765179 0.957634 0.593498 0.708601 0.916959 0.812219 0.772682 0.641291 0.806158 0.855263 0.988146 0.991847 0.890508 0.809673 0.805174 0.876773 0.546890 0.859810 0.865833 0.868962
0.562813 0.537939 0.803196 0.705548 0.762414 0.778760 0.661750 0.706009 0.993242 0.748725 0.786548 0.692348 0.640508 0.541251 0.786133 0.685558 0.626770 0.557671 0.000000 0.524340 0.965415 0.963481 0.784311 0.857084 0.976176 0.971981 0.913816 0.902287 0.699221 0.659172 0.884927 0.827998 0.625562 0.599937 0.956926 0.940632 0.938365 0.985592 0.978272 0.772619 0.776938 0.962039 0.842207 0.832244 0.669131 0.670008 0.595899 0.561241 0.718057 0.621444 0.712505 0.742857 0.890719 0.937003 0.717011 0.610451 0.667196 0.521290 0.558518 0.533635 0.579575 0.727288 0.635138 0.660192 0.918452 0.844357 0.846527 0.845134 0.859088 0.845663 0.785535 0.938141 0.818549 0.826135 0.943916 0.898866 0.897612 0.721999 0.958756 0.768091 0.647764 0.564384 0.821520 0.738466 0.818400 0.866561 0.827791 0.878218 0.842828 0.719873 0.906108 0.930181 0.923655 0.971796 0.951412 0.757891 0.674635 0.949594 0.661307 0.690815 0.840091 0.840977 0.786397 0.776458 0.876109 0.787606 0.952352 0.965927 0.738554 0.870407 0.814332 0.823032 0.686085 0.807264 0.914586 0.908392
0.583607 0.485755 0.649575 0.508374 0.910450 0.683160 0.491461 0.503636 0.854772 0.730856 0.825613 0.637084 0.799407 0.598141 0.974818 0.796948 0.748719 0.715603 0.524340 0.000000 0.843380 0.901127 0.734048 0.750232 0.860123 0.841379 0.846609 0.892227 0.778849 0.732940 0.751450 0.682770 0.591328 0.495261 0.789177 0.911660 0.927704 0.899612 0.906590 0.844429 0.851956 0.970611 0.672046 0.695744 0.739336 0.758751 0.596031 0.485008 0.955067 0.701115 0.726922 0.738584 0.868153 0.852591 0.635236 0.599561 0.789411 0.697473 0.689523 0.494323 0.565751 0.518773 0.796400 0.764820 0.840312 0.564293 0.588500 0.613044 0.893574 0.642611 0.659146 0.709601 0.649782 0.680453 0.721525 0.825965 0.716384 0.790366 0.950823 0.840845 0.683017 0.622028 0.831863 0.863902 0.807351 0.761731 0.887337 0.876031 0.750071 0.676588 0.634508 0.827347 0.628889 0.888703 0.961807 0.681716 0.602326 0.827277 0.584567 0.598493 0.734969 0.755906 0.724747 0.918694 0.615830 0.698549 0.803942 0.929571 0.754603 0.704312 0.712301 0.857129 0.674876 0.796824 0.764515 0.861563
0.779478 0.874182 0.477168 0.497578 0.891994 0.907526 0.941365 0.990402 0.861478 0.657946 0.579701 0.767573 0.735347 0.880640 0.922301 0.995704 0.696583 0.734158 0.965415 0.843380 0.000000 0.746027 0.492737 0.436640 0.401532 0.398391 0.748888 0.805729 0.657731 0.753157 0.443414 0.558390 0.735829 0.791889 0.684606 0.676708 0.671345 0.793255 0.802774 0.765471 0.760550 0.707186 0.719557 0.871272 0.837046 0.762884 0.828998 0.834478 0.598012 0.839346 0.950575 0.863529 0.889676 0.933276 0.945408 0.966569 0.932822 0.843970 0.768611 0.906078 0.840561 0.993248 0.508629 0.587958 0.470681 0.496772 0.645861 0.658829 0.869577 0.828079 0.659092 0.634135 0.688916 0.739444 0.806351 0.792127 0.974682 0.797779 0.747645 0.855832 0.766126 0.955889 0.760565 0.878190 0.665984 0.526657 0.623857 0.982556 0.958721 0.895240 0.914228 0.808514 0.914834 0.961525 0.785495 0.842866 0.962873 0.894955 0.855374 0.887182 0.921774 0.987227 0.662610 0.734431 0.793044 0.837002 0.962671 0.926058 0.910939 0.919843 0.964514 0.919851 0.932939 0.980235 0.876561 0.966631
0.926999 0.882699 0.786719 0.842273 0.852196 0.871785 0.950406 0.978120 0.978426 0.857794 0.810595 0.808921 0.807742 0.881857 0.939419 0.868307 0.932231 0.910422 0.963481 0.901127 0.746027 0.000000 0.862123 0.851021 0.854382 0.850189 0.989382 0.824225 0.881809 0.809731 0.799183 0.880762 0.892070 0.968372 0.899724 0.932802 0.874505 0.908547 0.976828 0.847376 0.854351 0.974265 0.886058 0.889885 0.984755 0.975099 0.941955 0.808113 0.893073 0.919110 0.969764 0.981515 0.850904 0.853166 0.932009 0.912376 0.989021 0.992451 0.843880 0.943937 0.901473 0.920866 0.758824 0.836170 0.898872 0.916359 0.798973 0.902026 0.830398 0.852174 0.890759 0.789158 0.970477 0.907139 0.872860 0.781972 0.995893 0.905023 0.970107 0.957406 0.851653 0.976008 0.920077 0.937721 0.974232 0.909001 0.934345 0.975879 0.970051 0.918983 0.825605 0.984900 0.853608 0.853901 0.850892 0.921956 0.878019 0.943426 0.969818 0.996513 0.941703 0.927486 0.930167 0.902224 0.889424 0.784264 0.878417 0.919387 0.952441 0.980338 0.896921 0.955868 0.953954 0.697956 0.810849 0.961202
0.895046 0.897413 0.391281 0.442139 0.791838 0.946364 0.856492 0.948326 0.930683 0.782520 0.553499 0.818936 0.909766 0.929997 0.755224 0.570638 0.726346 0.747630 0.784311 0.734048 0.492737 0.862123 0.000000 0.326469 0.372132 0.428865 0.678308 0.734254 0.771256 0.842445 0.475750 0.618317 0.641660 0.808724 0.710401 0.772497 0.460176 0.766512 0.660537 0.693885 0.865206 0.776951 0.738191 0.928150 0.968620 0.863348 0.684275 0.683077 0.796529 0.929417 0.926422 0.886281 0.887381 0.856808 0.834025 0.995290 0.893578 0.883481 0.843435 0.996147 0.960508 0.986578 0.657292 0.693851 0.317254 0.500701 0.681170 0.739006 0.967941 0.799005 0.685586 0.711353 0.743871 0.741780 0.715714 0.824171 0.952439 0.592108 0.758665 0.778402 0.806038 0.921407 0.769846 0.916013 0.486679 0.471224 0.838966 0.887350 0.843021 0.826392 0.910150 0.996193 0.852866 0.923886 0.814263 0.732786 0.959234 0.935826 0.967816 0.895432 0.943682 0.934662 0.849273 0.802623 0.857127 0.790514 0.934376 0.924036 0.994557 0.942799 0.937198 0.993443 0.938641 0.893639 0.997085 0.966163
0.809148 0.849254 0.429157 0.383861 0.980775 0.848651 0.942877 0.984938 0.743170 0.576522 0.466149 0.754598 0.794595 0.968380 0.952071 0.791279 0.738466 0.746547 0.857084 0.750232 0.436640 0.851021 0.326469 0.000000 0.306164 0.373347 0.656097 0.748956 0.566523 0.764116 0.426581 0.465810 0.696491 0.850385 0.658705 0.681081 0.513172 0.638466 0.570798 0.753085 0.835849 0.808350 0.697054 0.854217 0.880080 0.798653 0.687160 0.722494 0.640625 0.900594 0.992895 0.917426 0.906393 0.924576 0.885254 0.965764 0.992586 0.864950 0.730490 0.935420 0.836159 0.951788 0.552364 0.586103 0.402689 0.470579 0.673520 0.661245 0.928933 0.936237 0.723190 0.683134 0.690021 0.731388 0.748040 0.845144 0.969130 0.650564 0.827370 0.714083 0.798550 0.921376 0.730836 0.959487 0.562358 0.387404 0.777365 0.909578 0.903186 0.741154 0.986401 0.810552 0.962227 0.900159 0.886310 0.858150 0.894718 0.942904 0.806170 0.917468 0.905097 0.811571 0.785644 0.745676 0.934615 0.886005 0.932420 0.937745 0.995813 0.916591 0.994602 0.918359 0.793404 0.981668 0.976359 0.959535
0.772971 0.902636 0.366813 0.448332 0.947957 0.849559 0.974362 0.871479 0.719462 0.500325 0.419885 0.595090 0.713846 0.778887 0.989656 0.996281 0.626607 0.627548 0.976176 0.860123 0.401532 0.854382 0.372132 0.306164 0.000000 0.270179 0.577416 0.754493 0.503286 0.602644 0.433552 0.571416 0.699084 0.887812 0.646250 0.590601 0.458543 0.634643 0.538953 0.699234 0.764388 0.907712 0.809203 0.983212 0.762342 0.661562 0.755351 0.832523 0.531816 0.765455 0.832443 0.747419 0.732884 0.751251 0.936856 0.977489 0.971695 0.849010 0.749091 0.933525 0.804833 0.863365 0.451495 0.444372 0.296340 0.461982 0.683859 0.664017 0.765465 0.885505 0.667078 0.653230 0.748369 0.704406 0.745992 0.888726 0.976105 0.686189 0.704987 0.734134 0.833538 0.971771 0.743377 0.934928 0.449252 0.336727 0.746260 0.959274 0.888409 0.744536 0.953170 0.793797 0.919642 0.947066 0.910338 0.820341 0.986262 0.905415 0.753795 0.824894 0.851694 0.757845 0.764965 0.741365 0.948525 0.874482 0.977258 0.927671 0.892206 0.957437 0.930660 0.806748 0.739180 0.968138 0.985456 0.884260
0.802041 0.872378 0.319317 0.363431 0.863603 0.995306 0.878870 0.957745 0.862359 0.600715 0.501195 0.669527 0.682314 0.807234 0.897409 0.945989 0.593744 0.594511 0.971981 0.841379 0.398391 0.850189 0.428865 0.373347 0.270179 0.000000 0.777432 0.795598 0.529359 0.600584 0.327404 0.510258 0.668759 0.819988 0.604429 0.581240 0.445602 0.586492 0.552211 0.697879 0.703685 0.913719 0.681324 0.876203 0.812457 0.718367 0.724945 0.850501 0.492039 0.765887 0.944786 0.838075 0.860013 0.909403 0.965451 0.928712 0.899755 0.790979 0.784111 0.996238 0.902279 0.967931 0.397292 0.454587 0.335579 0.348516 0.526006 0.532772 0.872758 0.907053 0.498360 0.489902 0.648275 0.633206 0.814280 0.805591 0.934101 0.697219 0.640564 0.737250 0.766477 0.959810 0.876929 0.802348 0.595051 0.436930 0.727527 0.994397 0.879985 0.854906 0.836420 0.970664 0.755852 0.862271 0.877250 0.834437 0.957561 0.988140 0.883389 0.935016 0.936746 0.927571 0.867237 0.729126 0.849629 0.784572 0.845151 0.954357 0.991210 0.992595 0.910371 0.932138 0.838656 0.943921 0.895575 0.816212
0.785151 0.904756 0.877524 0.954883 0.797506 0.561483 0.571302 0.540401 0.647519 0.539927 0.648669 0.616740 0.994925 0.761360 0.723356 0.878086 0.849908 0.845320 0.913816 0.846609 0.748888 0.989382 0.678308 0.656097 0.577416 0.777432 0.000000 0.744048 0.695480 0.687332 0.964841 0.948794 0.887656 0.671287 0.955851 0.930292 0.714738 0.893288 0.797542 0.691650 0.981514 0.951147 0.807413 0.671996 0.575475 0.580006 0.972512 0.905618 0.845461 0.662965 0.596375 0.555856 0.574270 0.450129 0.931671 0.863629 0.966078 0.988487 0.696325 0.686017 0.613671 0.597611 0.760454 0.660139 0.563553 0.983678 0.726393 0.713875 0.735953 0.982420 0.885655 0.800438 0.758506 0.869049 0.820662 0.810434 0.660310 0.919233 0.922782 0.925539 0.993211 0.886350 0.779139 0.798244 0.461423 0.522872 0.816336 0.866141 0.864838 0.786929 0.554670 0.623917 0.630153 0.674615 0.895389 0.937776 0.746409 0.693951 0.539088 0.634830 0.498369 0.603288 0.622596 0.722948 0.780855 0.908352 0.820993 0.694914 0.726990 0.843264 0.779972 0.655921 0.676561 0.765188 0.730325 0.947859
0.869097 0.921037 0.790239 0.834868 0.985102 0.981609 0.878576 0.803143 0.788416 0.785660 0.695177 0.725403 0.955474 0.886329 0.859556 0.887664 0.989809 0.920997 0.902287 0.892227 0.805729 0.824225 0.734254 0.748956 0.754493 0.795598 0.744048 0.000000 0.825089 0.829834 0.884831 0.977639 0.996058 0.887168 0.856362 0.987088 0.713916 0.977716 0.914288 0.789233 0.845593 0.907611 0.979338 0.922938 0.846637 0.833986 0.914801 0.866649 0.834442 0.870443 0.849104 0.796010 0.840769 0.791653 0.942712 0.894405 0.978088 0.968742 0.879186 0.978488 0.792898 0.794483 0.818632 0.732387 0.702206 0.908203 0.985590 0.989671 0.825033 0.869030 0.878701 0.866496 0.960069 0.938919 0.918189 0.979516 0.836142 0.986136 0.784047 0.753700 0.899876 0.898079 0.841967 0.968524 0.779443 0.769853 0.929828 0.980142 0.884308 0.785834 0.841852 0.764801 0.859128 0.884585 0.892961 0.960490 0.986383 0.825323 0.792186 0.879479 0.759980 0.867636 0.815986 0.891651 0.872265 0.841439 0.972637 0.747613 0.908300 0.898349 0.869217 0.898975 0.843077 0.962720 0.824909 0.951909
0.554830 0.733610 0.691989 0.771236 0.667796 0.730995 0.684836 0.607898 0.607958 0.361373 0.383847 0.379945 0.475850 0.470052 0.728709 0.763542 0.495472 0.375971 0.699221 0.778849 0.657731 0.881809 0.771256 0.566523 0.503286 0.529359 0.695480 0.825089 0.000000 0.305393 0.754690 0.888432 0.809101 0.740831 0.848466 0.660933 0.614216 0.721388 0.704993 0.908603 0.824506 0.888457 0.908671 0.808779 0.500881 0.468126 0.849097 0.843709 0.384640 0.572215 0.672408 0.611947 0.740239 0.874494 0.763969 0.582676 0.766121 0.645710 0.523017 0.657776 0.411872 0.565462 0.302171 0.274783 0.611970 0.806645 0.903549 0.944458 0.805707 0.805990 0.883166 0.792398 0.965026 0.903501 0.972324 0.997381 0.782721 0.960489 0.687971 0.915525 0.542059 0.674610 0.875412 0.634064 0.927793 0.774487 0.860979 0.969402 0.936264 0.859759 0.919808 0.862002 0.984343 0.973080 0.981329 0.901092 0.898830 0.922155 0.531449 0.612060 0.801112 0.740755 0.693822 0.733446 0.760765 0.919610 0.904368 0.994131 0.942844 0.804000 0.921450 0.809018 0.548331 0.798275 0.827548 0.803167
0.609606 0.637748 0.770437 0.903231 0.700245 0.770431 0.627589 0.577463 0.687181 0.426192 0.428910 0.359598 0.530243 0.344192 0.824366 0.713226 0.427558 0.359602 0.659172 0.732940 0.753157 0.809731 0.842445 0.764116 0.602644 0.600584 0.687332 0.829834 0.305393 0.000000 0.905566 0.926135 0.738984 0.652624 0.863716 0.691630 0.707467 0.843337 0.763050 0.987633 0.831057 0.941959 0.751313 0.649198 0.451409 0.431313 0.750003 0.788130 0.409759 0.506336 0.545671 0.500477 0.660609 0.811171 0.678035 0.586951 0.670984 0.627525 0.500949 0.725908 0.426610 0.523829 0.318647 0.266349 0.648258 0.893607 0.985922 0.935502 0.741672 0.845599 0.942427 0.844508 0.835440 0.817577 0.981498 0.954114 0.740490 0.880450 0.691113 0.801102 0.478274 0.616056 0.698171 0.628002 0.955931 0.880393 0.898568 0.951298 0.945885 0.777086 0.980946 0.987106 0.902767 0.830833 0.959129 0.925570 0.862755 0.951174 0.588927 0.679107 0.814128 0.840122 0.742886 0.755605 0.785391 0.904034 0.991887 0.931223 0.942080 0.828478 0.871707 0.915223 0.584405 0.881648 0.881466 0.758377
0.842431 0.756913 0.423585 0.377777 0.837645 0.846492 0.662616 0.720421 0.982395 0.813748 0.645627 0.873849 0.696924 0.937868 0.812523 0.992460 0.779893 0.781989 0.884927 0.751450 0.443414 0.799183 0.475750 0.426581 0.433552 0.327404 0.964841 0.884831 0.754690 0.905566 0.000000 0.353374 0.485226 0.608403 0.553986 0.671486 0.534514 0.638602 0.670792 0.885679 0.619942 0.969963 0.452093 0.615664 0.807482 0.919315 0.671812 0.694213 0.745656 0.889655 0.696921 0.796657 0.790361 0.741138 0.772086 0.897315 0.969953 0.861386 0.906439 0.874011 0.906656 0.766971 0.605327 0.727587 0.574589 0.389591 0.418510 0.390420 0.991469 0.846559 0.477350 0.432957 0.449779 0.508084 0.784359 0.662262 0.806380 0.555618 0.778504 0.765584 0.804609 0.973434 0.737233 0.784002 0.780348 0.582374 0.799702 0.943334 0.965044 0.835110 0.729044 0.964017 0.704678 0.897853 0.900869 0.838305 0.805478 0.979377 0.882024 0.935102 0.731799 0.924327 0.985111 0.897542 0.743433 0.746093 0.773810 0.882766 0.916859 0.888676 0.838074 0.947810 0.950256 0.752840 0.758186 0.941743
0.969501 0.620670 0.577997 0.495147 0.848678 0.926013 0.702756 0.723510 0.968800 0.870365 0.792897 0.990200 0.743788 0.790685 0.806124 0.996733 0.896781 0.987703 0.827998 0.682770 0.558390 0.880762 0.618317 0.465810 0.571416 0.510258 0.948794 0.977639 0.888432 0.926135 0.353374 0.000000 0.533995 0.592371 0.658688 0.770247 0.721741 0.635960 0.743456 0.903866 0.767940 0.978513 0.469658 0.547507 0.776823 0.809387 0.585252 0.602518 0.853801 0.792031 0.610122 0.682511 0.771801 0.782883 0.757925 0.706617 0.913758 0.968594 0.945966 0.773125 0.857623 0.736354 0.758174 0.885965 0.721227 0.499912 0.529956 0.444331 0.925676 0.930776 0.605070 0.536055 0.460360 0.434570 0.833192 0.778345 0.768896 0.575891 0.944764 0.765113 0.960329 0.926941 0.731558 0.987686 0.841753 0.581958 0.833931 0.840891 0.957187 0.760986 0.857521 0.894306 0.826554 0.969434 0.905869 0.892283 0.764980 0.953379 0.885924 0.901456 0.784243 0.938126 0.939995 0.893952 0.660028 0.735683 0.896782 0.846929 0.982277 0.926712 0.872253 0.979640 0.904743 0.769483 0.790736 0.981971
0.735380 0.507542 0.569445 0.546379 0.888343 0.585405 0.493943 0.573544 0.799516 0.847046 0.932207 0.801655 0.946294 0.698780 0.956587 0.811925 0.862256 0.731154 0.625562 0.591328 0.735829 0.892070 0.641660 0.696491 0.699084 0.668759 0.887656 0.996058 0.809101 0.738984 0.485226 0.533995 0.000000 0.448709 0.602233 0.866534 0.791226 0.885518 0.832451 0.835794 0.747903 0.913598 0.455022 0.469072 0.573112 0.619652 0.557717 0.591829 0.862318 0.595580 0.546317 0.613661 0.743289 0.834092 0.509341 0.594227 0.692579 0.745425 0.687093 0.544419 0.535347 0.600866 0.921953 0.839662 0.733847 0.565926 0.512285 0.467329 0.955966 0.732576 0.614930 0.619631 0.526033 0.613819 0.758245 0.740018 0.735944 0.591194 0.939188 0.665203 0.747644 0.691514 0.753553 0.828351 0.670763 0.622416 0.980659 0.965862 0.824633 0.718736 0.764865 0.935238 0.733446 0.956746 0.967221 0.637958 0.685663 0.922991 0.621947 0.702325 0.710467 0.819863 0.836827 0.839631 0.593568 0.631012 0.778321 0.880376 0.901011 0.729031 0.769455 0.866662 0.659656 0.718831 0.579667 0.954804
0.638870 0.464070 0.655128 0.540635 0.934728 0.574469 0.329923 0.382226 0.652257 0.632597 0.772229 0.584732 0.870200 0.623039 0.932881 0.898070 0.798916 0.699422 0.599937 0.495261 0.791889 0.968372 0.808724 0.850385 0.887812 0.819988 0.671287 0.887168 0.740831 0.652624 0.608403 0.592371 0.448709 0.000000 0.683883 0.880123 0.964336 0.909060 0.991237 0.831603 0.905280 0.951085 0.485777 0.503247 0.546541 0.590614 0.592345 0.561013 0.861666 0.592939 0.544084 0.564527 0.647834 0.676773 0.675701 0.673325 0.803632 0.753432 0.574800 0.499948 0.439598 0.418750 0.803106 0.695838 0.902832 0.553513 0.443418 0.434443 0.984792 0.741397 0.510879 0.599392 0.559732 0.604062 0.883240 0.804173 0.608315 0.646618 0.886368 0.733260 0.771580 0.763842 0.902734 0.962141 0.930404 0.858711 0.983623 0.935166 0.899799 0.784837 0.572063 0.737627 0.538004 0.772643 0.882604 0.724978 0.603310 0.844234 0.456621 0.555450 0.535130 0.558219 0.751411 0.795121 0.529175 0.588628 0.661976 0.760060 0.806418 0.725888 0.669000 0.807609 0.562209 0.754662 0.603097 0.979427
0.933421 0.832572 0.556201 0.587939 0.994210 0.813743 0.670026 0.777647 0.860749 0.990794 0.796225 0.856380 0.767101 0.844506 0.847290 0.940357 0.912620 0.903515 0.956926 0.789177 0.684606 0.899724 0.710401 0.658705 0.646250 0.604429 0.955851 0.856362 0.848466 0.863716 0.553986 0.658688 0.602233 0.683883 0.000000 0.780519 0.780566 0.816957 0.805378 0.900989 0.672819 0.920929 0.598945 0.656593 0.829794 0.893272 0.861167 0.755602 0.852894 0.926328 0.832593 0.882399 0.768797 0.833111 0.838507 0.900431 0.953509 0.954201 0.977113 0.799699 0.942357 0.889129 0.794279 0.829968 0.652767 0.634340 0.505332 0.504857 0.850085 0.811215 0.505240 0.625544 0.781591 0.703295 0.910619 0.812770 0.792946 0.798966 0.923065 0.763622 0.875600 0.946984 0.987014 0.822020 0.869273 0.747508 0.987127 0.932386 0.947698 0.825978 0.690249 0.869697 0.676596 0.746235 0.868871 0.857006 0.854623 0.952601 0.884376 0.953340 0.853125 0.849735 0.951144 0.859379 0.870120 0.804032 0.948118 0.928103 0.988747 0.851284 0.854659 0.950016 0.969548 0.854141 0.711425 0.975969
0.781513 0.990040 0.704573 0.719507 0.791655 0.918950 0.995626 0.942446 0.950727 0.727593 0.685306 0.755115 0.650602 0.768694 0.853066 0.827578 0.733166 0.679205 0.940632 0.911660 0.676708 0.932802 0.772497 0.681081 0.590601 0.581240 0.930292 0.987088 0.660933 0.691630 0.671486 0.770247 0.866534 0.880123 0.780519 0.000000 0.781978 0.928901 0.732898 0.885807 0.874466 0.851625 0.945264 0.985906 0.898195 0.790292 0.950797 0.989560 0.656954 0.840341 0.927607 0.822153 0.960232 0.996035 0.962262 0.935331 0.858990 0.817085 0.721146 0.913716 0.838335 0.954877 0.644756 0.605402 0.725810 0.725809 0.720964 0.789324 0.912615 0.935313 0.747604 0.715768 0.799625 0.854268 0.889838 0.815473 0.964830 0.989340 0.834338 0.944939 0.850347 0.870356 0.956126 0.842267 0.902497 0.744870 0.803839 0.874871 0.995959 0.995534 0.906460 0.915237 0.780863 0.910281 0.970571 0.866026 0.858086 0.999753 0.859584 0.810918 0.928759 0.972306 0.946762 0.772578 0.973165 0.999200 0.954454 0.992262 0.904404 0.936259 0.997399 0.874248 0.699356 0.976666 0.949899 0.986891
0.888373 0.935012 0.491761 0.603886 0.960580 0.903654 0.968073 0.837810 0.862421 0.601063 0.613627 0.569556 0.849335 0.873236 0.974665 0.877433 0.744936 0.697335 0.938365 0.927704 0.671345 0.874505 0.460176 0.513172 0.458543 0.445602 0.714738 0.713916 0.614216 0.707467 0.534514 0.721741 0.791226 0.964336 0.780566 0.781978 0.000000 0.612835 0.627286 0.642312 0.661838 0.970556 0.799690 0.922439 0.892642 0.820235 0.772648 0.889797 0.755158 0.900041 0.931471 0.896597 0.872995 0.838278 0.802011 0.870646 0.967612 0.939243 0.856176 0.953231 0.874141 0.846030 0.595746 0.585152 0.439862 0.669329 0.764300 0.764909 0.751071 0.868390 0.732781 0.682070 0.781917 0.815291 0.882857 0.884643 0.898734 0.746032 0.837502 0.802926 0.914934 0.990563 0.791452 0.938692 0.554601 0.499349 0.947313 0.946666 0.842416 0.749695 0.884154 0.869982 0.958544 0.940989 0.948724 0.893725 0.859099 0.815729 0.831661 0.897307 0.868415 0.822172 0.929155 0.800058 0.987015 0.899287 0.968701 0.958939 0.896945 0.958066 0.947382 0.891286 0.749321 0.922080 0.986655 0.888209
0.930670 0.844193 0.718405 0.642382 0.796000 0.973924 0.994505 0.986935 0.806541 0.738724 0.841855 0.870888 0.745613 0.993288 0.794891 0.909525 0.855939 0.798649 0.985592 0.899612 0.793255 0.908547 0.766512 0.638466 0.634643 0.586492 0.893288 0.977716 0.721388 0.843337 0.638602 0.635960 0.885518 0.909060 0.816957 0.928901 0.612835 0.000000 0.573409 0.767151 0.822137 0.843291 0.854574 0.883359 0.886566 0.884460 0.683156 0.894103 0.799125 0.933757 0.968928 0.977604 0.921339 0.967399 0.935553 0.973317 0.948245 0.957513 0.945023 0.994772 0.914407 0.968677 0.705516 0.753903 0.695207 0.647068 0.792569 0.739754 0.865250 0.968396 0.761121 0.734842 0.638152 0.699024 0.757294 0.986570 0.871038 0.692893 0.854035 0.875613 0.970474 0.972653 0.796163 0.987778 0.718219 0.549602 0.862479 0.788018 0.879124 0.758531 0.947235 0.869489 0.989930 0.892335 0.845472 0.870576 0.981865 0.928381 0.838101 0.860307 0.992454 0.773747 0.998807 0.778656 0.976158 0.929946 0.994540 0.924725 0.964996 0.914092 0.974877 0.877480 0.904481 0.909808 0.917267 0.949588
