0.000000 0.389177 0.863354 0.747830 0.984930 0.842336 0.812815 0.788068 0.895675 0.919168 0.443903 0.420830 0.649682 0.562163 0.848092 0.800191 0.431639 0.384353 0.545279 0.416774 0.908972 0.905787 0.887778 0.980643 0.883870 0.935764 0.989462 0.867520 0.534066 0.511591 0.893374 0.884873 0.564099 0.630642 0.929062 0.957694 0.757644 0.713888 0.844307 0.826438 0.774959 0.692343 0.974149 0.841717 0.981378 0.918985 0.745126 0.772058 0.869295 0.815018 0.978774 0.940046 0.944648 0.891559 0.785959 0.829136 0.407519 0.374366 0.710375 0.730171 0.718667 0.864162 0.617347 0.528725 0.999397 0.936114 0.851189 0.910756 0.391884 0.522427 0.799361 0.863667 0.644954 0.602196 0.754300 0.910083 0.813324 0.892031 0.608584 0.676614 0.385842 0.426526 0.493171 0.505383 0.565453 0.735944 0.858700 0.873053 0.974475 0.693156 0.888990 0.846155 0.854889 0.843884 0.993307 0.925550 0.998122 0.845931 0.876464 0.943967 0.923779 0.907723 0.805658 0.720306 0.908898 0.730235 0.962583 0.906542 0.969181 0.905062 0.981981 0.904902 0.929052 0.862258 0.899674 0.912420
0.389177 0.000000 0.768812 0.670002 0.881997 0.743803 0.717614 0.674795 0.946885 0.859971 0.520061 0.443240 0.825030 0.662896 0.969401 0.881079 0.496309 0.428515 0.478289 0.443766 0.975260 0.947127 0.933900 0.969999 0.873733 0.911372 0.985069 0.784841 0.569207 0.640917 0.858307 0.856810 0.604679 0.604778 0.932964 0.948628 0.702421 0.608876 0.836986 0.907785 0.837784 0.734187 0.789489 0.659795 0.845263 0.766006 0.705057 0.734740 0.745425 0.675484 0.884363 0.851037 0.893873 0.965369 0.854429 0.812084 0.292564 0.275636 0.762823 0.784953 0.778480 0.819556 0.704917 0.576878 0.992197 0.886230 0.888871 0.898131 0.511168 0.517459 0.806615 0.778769 0.747233 0.718855 0.931250 0.857016 0.715090 0.871023 0.529381 0.655664 0.396675 0.464650 0.602570 0.493745 0.660268 0.875905 0.953835 0.985199 0.986611 0.732243 0.974644 0.998993 0.969572 0.962823 0.872130 0.956235 0.998813 0.828902 0.822782 0.821318 0.972978 0.889989 0.728488 0.772482 0.911195 0.858484 0.908998 0.758734 0.942667 0.764736 0.760115 0.800542 0.788674 0.692467 0.924715 0.959650
0.863354 0.768812 0.000000 0.562716 0.954776 0.849050 0.748219 0.739934 0.569126 0.995731 0.822549 0.738791 0.701227 0.801052 0.732341 0.644363 0.996061 0.950967 0.790943 0.722299 0.934747 0.993034 0.552521 0.701510 0.594451 0.624925 0.935257 0.898355 0.814925 0.757706 0.555885 0.600574 0.775273 0.820508 0.702528 0.955696 0.738567 0.826947 0.869408 0.853986 0.939874 0.947522 0.820473 0.869222 0.945567 0.980497 0.777972 0.800219 0.822721 0.996636 0.878907 0.976239 0.976941 0.923135 0.941186 0.902321 0.919073 0.879523 0.987107 0.821101 0.719070 0.568653 0.944798 0.942496 0.497474 0.554181 0.998313 0.791732 0.804124 0.858762 0.681668 0.716019 0.697392 0.756372 0.940086 0.925779 0.716923 0.820912 0.967751 0.751600 0.902514 0.816200 0.771800 0.810752 0.780853 0.732883 0.923549 0.816601 0.829291 0.886552 0.974747 0.914511 0.925636 0.913015 0.812275 0.927413 0.875426 0.922422 0.915488 0.919276 0.878534 0.902996 0.981211 0.896669 0.835545 0.919823 0.863837 0.947543 0.815756 0.910050 0.926676 0.996271 0.899063 0.938830 0.630180 0.970800
0.747830 0.670002 0.562716 0.000000 0.918272 0.927144 0.773722 0.535540 0.753075 0.978839 0.809973 0.534306 0.767465 0.614281 0.787823 0.614309 0.893366 0.811253 0.740370 0.698957 0.798873 0.991658 0.555249 0.590734 0.625584 0.573382 0.924157 0.933198 0.893930 0.793959 0.628332 0.628504 0.748103 0.842320 0.906930 0.946063 0.691878 0.772998 0.763130 0.953155 0.918827 0.829739 0.973185 0.919959 0.751070 0.803013 0.961765 0.949706 0.698014 0.810037 0.773575 0.780142 0.872903 0.792492 0.993574 0.924757 0.821801 0.758366 0.963559 0.905950 0.841486 0.622922 0.951711 0.775602 0.640683 0.624917 0.949751 0.919130 0.676763 0.749180 0.714774 0.663662 0.771966 0.890860 0.988709 0.933173 0.747955 0.936005 0.780874 0.914212 0.782801 0.723322 0.713365 0.718939 0.830283 0.738380 0.968723 0.964653 0.860887 0.690688 0.985626 0.811650 0.974957 0.972016 0.887562 0.883474 0.997982 0.966477 0.967448 0.962894 0.981122 0.926085 0.893570 0.983736 0.732371 0.777323 0.881645 0.839063 0.935349 0.950444 0.889673 0.857075 0.939422 0.986981 0.766738 0.885072
0.984930 0.881997 0.954776 0.918272 0.000000 0.922001 0.814661 0.931964 0.997216 0.825767 0.958641 0.967643 0.796874 0.924022 0.845692 0.978325 0.996440 0.989181 0.856853 0.846146 0.984795 0.928462 0.787554 0.873483 0.989649 0.832984 0.940134 0.907015 0.966205 0.950158 0.756130 0.933701 0.955936 0.848572 0.771990 0.846748 0.936267 0.761314 0.970006 0.794891 0.865588 0.754829 0.866961 0.882369 0.929722 0.955607 0.862537 0.900295 0.932020 0.991271 0.950795 0.892155 0.969960 0.963915 0.932373 0.907349 0.879213 0.905565 0.754075 0.853995 0.781176 0.952650 0.822525 0.891122 0.974513 0.970930 0.780689 0.791775 0.981969 0.796568 0.927464 0.978642 0.987127 0.927227 0.995064 0.910865 0.990264 0.805202 0.986540 0.991006 0.920691 0.809104 0.966173 0.872292 0.925530 0.971285 0.979506 0.961286 0.900723 0.881530 0.949626 0.965716 0.900026 0.936220 0.902704 0.900602 0.900815 0.953722 0.916080 0.848877 0.967391 0.879862 0.867620 0.853975 0.926472 0.655503 0.909358 0.990463 0.804510 0.986959 0.996242 0.997639 0.936080 0.861812 0.774366 0.912413
0.842336 0.743803 0.849050 0.927144 0.922001 0.000000 0.890254 0.961628 0.796630 0.959438 0.720612 0.879918 0.847793 0.952096 0.666763 0.699283 0.669752 0.653096 0.694650 0.840561 0.917251 0.902477 0.843787 0.744884 0.842214 0.725388 0.879938 0.714555 0.702133 0.838549 0.928685 0.972953 0.801050 0.717770 0.971609 0.865962 0.863298 0.772141 0.921321 0.964598 0.891238 0.999135 0.982048 0.849190 0.838787 0.777898 0.904515 0.798757 0.828297 0.834093 0.907860 0.965674 0.932790 0.989025 0.815619 0.980875 0.572274 0.686075 0.804609 0.904001 0.979367 0.804927 0.719119 0.769505 0.816408 0.729823 0.888772 0.933679 0.953673 0.928750 0.741431 0.852818 0.827781 0.944858 0.921003 0.889929 0.961769 0.940870 0.812583 0.980682 0.735524 0.884068 0.801200 0.742765 0.906368 0.901896 0.956309 0.921634 0.952581 0.985271 0.824888 0.842821 0.850784 0.760763 0.996107 0.989062 0.708052 0.868371 0.973924 0.902971 0.975425 0.926951 0.936060 0.839453 0.987863 0.931265 0.807335 0.982199 0.774990 0.941359 0.978426 0.918313 0.942269 0.876217 0.985381 0.881156
0.812815 0.717614 0.748219 0.773722 0.814661 0.890254 0.000000 0.329492 0.792690 0.491048 0.736775 0.653078 0.760148 0.950775 0.971776 0.938612 0.675086 0.727120 0.603319 0.908230 0.831073 0.980470 0.806543 0.709455 0.724190 0.835061 0.707568 0.539935 0.685496 0.700014 0.577057 0.776945 0.487956 0.402823 0.803976 0.768628 0.843054 0.791028 0.751267 0.795681 0.804179 0.927648 0.465946 0.457752 0.485960 0.454026 0.522453 0.465357 0.591566 0.533761 0.548102 0.522165 0.651173 0.687707 0.978767 0.856908 0.748657 0.705543 0.387834 0.430864 0.347701 0.665731 0.468433 0.462278 0.854012 0.986416 0.342180 0.370813 0.975531 0.994846 0.769699 0.744938 0.956536 0.918924 0.963587 0.827088 0.589715 0.829806 0.657900 0.815693 0.777076 0.913744 0.934679 0.990219 0.938577 0.772666 0.970518 0.731756 0.936202 0.909132 0.749736 0.757977 0.733006 0.825100 0.815552 0.893705 0.857053 0.628365 0.434713 0.492162 0.570960 0.625767 0.603742 0.580777 0.728567 0.726310 0.840403 0.658170 0.832896 0.796675 0.527152 0.640755 0.549442 0.725164 0.536394 0.920702
0.788068 0.674795 0.739934 0.535540 0.931964 0.961628 0.329492 0.000000 0.727670 0.490871 0.721503 0.507173 0.733454 0.742020 0.944084 0.840118 0.684778 0.682890 0.573638 0.806542 0.890661 0.946062 0.693233 0.945620 0.829362 0.981595 0.796753 0.694337 0.709227 0.709160 0.549918 0.741418 0.498322 0.472549 0.890531 0.829579 0.996401 0.910115 0.948951 0.796501 0.935817 0.960296 0.577179 0.519672 0.702857 0.658538 0.598162 0.599997 0.803057 0.714094 0.718160 0.721620 0.724127 0.770280 0.965370 0.867913 0.763619 0.694704 0.541542 0.553658 0.413875 0.516187 0.537118 0.444440 0.980823 0.852270 0.510349 0.479951 0.943499 0.882472 0.630760 0.620391 0.850294 0.949821 0.971660 0.885165 0.618365 0.922851 0.549979 0.871252 0.763810 0.972202 0.835281 0.933005 0.988101 0.889548 0.931667 0.750111 0.971778 0.945844 0.754069 0.868193 0.726621 0.883632 0.806898 0.909300 0.816293 0.684613 0.559252 0.596751 0.612393 0.796545 0.720014 0.626604 0.649302 0.753868 0.838198 0.583407 0.910671 0.798904 0.596312 0.769319 0.563381 0.799287 0.646074 0.909752
0.895675 0.946885 0.569126 0.753075 0.997216 0.796630 0.792690 0.727670 0.000000 0.726163 0.937476 0.885354 0.793209 0.926320 0.691363 0.703079 0.795550 0.788319 0.901972 0.989758 0.974587 0.936373 0.643957 0.858119 0.795631 0.662455 0.989445 0.913365 0.977406 0.926379 0.603591 0.822692 0.844564 0.926316 0.770931 0.996411 0.798121 0.928931 0.984241 0.906663 0.949108 0.992436 0.584636 0.715416 0.856827 0.889411 0.718747 0.835233 0.965243 0.896909 0.847700 0.825759 0.772554 0.752119 0.947218 0.948134 0.904284 0.916224 0.924146 0.913382 0.754953 0.502964 0.814914 0.937653 0.678477 0.633661 0.964076 0.867378 0.866392 0.806751 0.552454 0.560629 0.765199 0.862091 0.934255 0.927182 0.674571 0.762861 0.957276 0.949026 0.828916 0.875653 0.813991 0.862901 0.931871 0.989453 0.811118 0.732259 0.920094 0.968171 0.653646 0.695119 0.731753 0.781191 0.894611 0.896924 0.786643 0.909911 0.682733 0.670792 0.879059 0.837240 0.868617 0.971411 0.817268 0.875340 0.756947 0.809494 0.856209 0.782565 0.830817 0.982987 0.790487 0.819697 0.821904 0.659821
0.919168 0.859971 0.995731 0.978839 0.825767 0.959438 0.491048 0.490871 0.726163 0.000000 0.794039 0.781792 0.822229 0.990962 0.987790 0.921385 0.799134 0.842233 0.729093 0.985260 0.802485 0.906134 0.936743 0.664393 0.634990 0.804809 0.756844 0.670567 0.774775 0.910603 0.713925 0.892087 0.635324 0.666585 0.999846 0.800295 0.930498 0.887284 0.781589 0.874952 0.992707 0.930431 0.513754 0.490177 0.570353 0.542983 0.625636 0.655255 0.591115 0.589696 0.579663 0.579974 0.578560 0.604065 0.946995 0.871839 0.824987 0.812719 0.617363 0.678245 0.566112 0.716224 0.638170 0.602275 0.751534 0.828139 0.590619 0.698816 0.892319 0.950839 0.624600 0.590738 0.949911 0.866866 0.965424 0.900654 0.600026 0.864992 0.710489 0.990204 0.947482 0.737823 0.885051 0.782122 0.843781 0.592619 0.822052 0.654617 0.943641 0.905809 0.610236 0.608408 0.638024 0.687424 0.888157 0.852811 0.755360 0.762876 0.415080 0.499784 0.609063 0.627376 0.514109 0.625456 0.747352 0.882909 0.975099 0.626897 0.932537 0.716700 0.544196 0.674546 0.607934 0.814137 0.851365 0.909510
0.443903 0.520061 0.822549 0.809973 0.958641 0.720612 0.736775 0.721503 0.937476 0.794039 0.000000 0.485369 0.771675 0.739840 0.979189 0.927842 0.394159 0.361668 0.521878 0.429672 0.994665 0.942205 0.959319 0.881538 0.964631 0.968947 0.988863 0.806838 0.406274 0.413931 0.732091 0.740459 0.529000 0.495198 0.988175 0.965568 0.963972 0.802427 0.922723 0.893712 0.822177 0.682044 0.944174 0.841843 0.979239 0.943627 0.807122 0.766136 0.971987 0.926136 0.895667 0.952059 0.832997 0.801827 0.940198 0.937575 0.458755 0.470791 0.712469 0.658728 0.695857 0.899552 0.473840 0.419580 0.867743 0.870413 0.852908 0.847444 0.465867 0.607180 0.916228 0.979895 0.726055 0.657187 0.858758 0.956365 0.812023 0.733854 0.619502 0.837927 0.548954 0.746703 0.576028 0.625322 0.918264 0.957609 0.904267 0.884208 0.849782 0.987984 0.710499 0.666281 0.666839 0.665822 0.968530 0.882437 0.876945 0.769345 0.956782 0.978359 0.998082 0.944381 0.764610 0.650820 0.902542 0.736231 0.921989 0.962594 0.988819 0.796117 0.926943 0.958927 0.860875 0.863773 0.878376 0.814406
0.420830 0.443240 0.738791 0.534306 0.967643 0.879918 0.653078 0.507173 0.885354 0.781792 0.485369 0.000000 0.539054 0.432404 0.746296 0.604386 0.462747 0.397741 0.435314 0.442859 0.903661 0.930717 0.643526 0.871375 0.860206 0.912974 0.984404 0.756515 0.517311 0.457980 0.610822 0.609440 0.446024 0.524300 0.977093 0.979349 0.738187 0.752069 0.875610 0.969911 0.794471 0.745491 0.838961 0.700297 0.964474 0.907667 0.681196 0.741871 0.962246 0.921771 0.977829 0.959557 0.993349 0.995333 0.871644 0.841773 0.522177 0.472321 0.710505 0.741818 0.560851 0.613077 0.542000 0.408864 0.983184 0.913351 0.787585 0.771936 0.519371 0.646112 0.642418 0.623031 0.584634 0.654686 0.858662 0.890741 0.725745 0.810118 0.459704 0.768830 0.451465 0.555194 0.517467 0.560711 0.690820 0.792045 0.991911 0.930703 0.920245 0.748409 0.982218 0.848114 0.956447 0.858573 0.905046 0.870303 0.972738 0.734411 0.811164 0.831432 0.914973 0.881358 0.814602 0.647018 0.721425 0.684193 0.973029 0.755126 0.928150 0.802308 0.908746 0.948649 0.832828 0.841052 0.757262 0.884114
0.649682 0.825030 0.701227 0.767465 0.796874 0.847793 0.760148 0.733454 0.793209 0.822229 0.771675 0.539054 0.000000 0.533487 0.407791 0.511600 0.796843 0.756058 0.699390 0.696257 0.783906 0.971894 0.452074 0.825744 0.872919 0.920661 0.979701 0.795839 0.715752 0.676475 0.593976 0.706456 0.609987 0.760744 0.888215 0.946571 0.853164 0.969826 0.974186 0.949159 0.987470 0.861608 0.799013 0.834322 0.935325 0.926619 0.683607 0.742040 0.977015 0.959452 0.918190 0.819472 0.911951 0.870052 0.803501 0.814589 0.945797 0.849704 0.801381 0.838010 0.544489 0.604994 0.753024 0.715009 0.803163 0.767936 0.817879 0.793727 0.707529 0.826857 0.543389 0.625109 0.538434 0.678600 0.883288 0.998213 0.756752 0.868395 0.777864 0.816840 0.742545 0.711536 0.752386 0.782773 0.546381 0.680233 0.835337 0.918776 0.751266 0.730524 0.909618 0.963419 0.986171 0.999251 0.913488 0.763440 0.717184 0.851485 0.781735 0.805311 0.964267 0.749540 0.918494 0.763899 0.790982 0.704042 0.929247 0.898074 0.729837 0.990379 0.962739 0.911301 0.877611 0.910491 0.671330 0.974041
0.562163 0.662896 0.801052 0.614281 0.924022 0.952096 0.950775 0.742020 0.926320 0.990962 0.739840 0.432404 0.533487 0.000000 0.577263 0.405405 0.649532 0.608503 0.657801 0.532781 0.820756 0.970790 0.582919 0.663579 0.759115 0.778551 0.888214 0.995380 0.705561 0.589341 0.731400 0.639503 0.598824 0.835617 0.996586 0.993357 0.648789 0.749826 0.761236 0.824986 0.818088 0.753062 0.987908 0.944251 0.907601 0.900288 0.849792 0.958233 0.881824 0.876555 0.982305 0.967738 0.931102 0.931602 0.870013 0.921700 0.777490 0.720913 0.995022 0.950121 0.752521 0.569608 0.807192 0.655725 0.878786 0.774465 0.999149 0.952797 0.616017 0.662440 0.580276 0.651059 0.556301 0.843087 0.835034 0.916924 0.873360 0.948235 0.661788 0.818896 0.520539 0.537782 0.519411 0.594977 0.561696 0.589691 0.782082 0.947323 0.809111 0.699179 0.976959 0.856384 0.944865 0.884688 0.980911 0.888729 0.881655 0.903935 0.970976 0.936393 0.952390 0.959345 0.951377 0.718162 0.913574 0.759925 0.928936 0.861898 0.906503 0.937456 0.936260 0.991288 0.999454 0.911004 0.949013 0.928628
0.848092 0.969401 0.732341 0.787823 0.845692 0.666763 0.971776 0.944084 0.691363 0.987790 0.979189 0.746296 0.407791 0.577263 0.000000 0.408148 0.977966 0.985772 0.881790 0.825787 0.777591 0.928744 0.453352 0.658052 0.738222 0.814323 0.938603 0.981119 0.866989 0.775406 0.652866 0.744985 0.772200 0.991918 0.900113 0.906314 0.709575 0.985222 0.929725 0.846972 0.964285 0.968439 0.943086 0.986726 0.873585 0.857229 0.820047 0.881024 0.841516 0.835836 0.954048 0.951020 0.975403 0.951815 0.856133 0.957632 0.865795 0.931916 0.920981 0.938443 0.768240 0.699227 0.999616 0.952743 0.709280 0.685089 0.953700 0.997589 0.787918 0.981121 0.530346 0.678803 0.585826 0.829659 0.915948 0.918169 0.867521 0.873767 0.932127 0.853296 0.903711 0.852110 0.832905 0.929368 0.575965 0.624790 0.914584 0.988325 0.760652 0.865219 0.993755 0.973279 0.869583 0.946007 0.971011 0.958401 0.817685 0.933164 0.982478 0.984938 0.831951 0.924657 0.912385 0.938913 0.883195 0.735544 0.904982 0.973169 0.720822 0.966213 0.888521 0.912657 0.876844 0.955916 0.801050 0.924950
0.800191 0.881079 0.644363 0.614309 0.978325 0.699283 0.938612 0.840118 0.703079 0.921385 0.927842 0.604386 0.511600 0.405405 0.408148 0.000000 0.980451 0.928546 0.826955 0.701838 0.764882 0.993872 0.406103 0.450364 0.590228 0.631244 0.951781 0.949735 0.888295 0.741893 0.599829 0.597900 0.785301 0.992097 0.866092 0.914452 0.655532 0.865564 0.692591 0.858336 0.951536 0.855511 0.953577 0.993549 0.825218 0.813008 0.826796 0.992406 0.733649 0.742109 0.869875 0.914439 0.985860 0.992918 0.842148 0.999735 0.926201 0.968577 0.864889 0.919602 0.788088 0.497928 0.911590 0.938008 0.602116 0.481238 0.918400 0.921081 0.817688 0.835929 0.502406 0.657305 0.491290 0.805966 0.957220 0.936704 0.961998 0.900138 0.822788 0.832854 0.816825 0.680672 0.658421 0.781413 0.553412 0.462283 0.903314 0.963385 0.793057 0.708886 0.998783 0.863212 0.907732 0.862560 0.969559 0.946523 0.829385 0.986964 0.938088 0.953074 0.831012 0.999467 0.849832 0.981982 0.922857 0.790977 0.919885 0.946135 0.835815 0.973092 0.912813 0.808941 0.882889 0.904969 0.831542 0.918889
0.431639 0.496309 0.996061 0.893366 0.996440 0.669752 0.675086 0.684778 0.795550 0.799134 0.394159 0.462747 0.796843 0.649532 0.977966 0.980451 0.000000 0.280254 0.465658 0.464097 0.930649 0.907050 0.985132 0.776442 0.855026 0.738409 0.898902 0.767117 0.380049 0.363481 0.845910 0.833593 0.443936 0.466775 0.886288 0.920504 0.916843 0.878961 0.980891 0.966628 0.802797 0.775457 0.922232 0.698536 0.825309 0.755963 0.698792 0.690097 0.744825 0.722548 0.868732 0.814942 0.947425 0.980421 0.945046 0.852404 0.403398 0.386621 0.584508 0.707170 0.638017 0.970186 0.351411 0.303439 0.664352 0.686330 0.686434 0.805934 0.536366 0.602391 0.931136 0.938932 0.781956 0.764430 0.841745 0.990189 0.818978 0.869367 0.452122 0.743912 0.364691 0.686084 0.576437 0.608221 0.866099 0.976383 0.993196 0.957665 0.905535 0.970667 0.827773 0.774775 0.781784 0.750057 0.899315 0.826742 0.916075 0.683257 0.812558 0.880637 0.876086 0.957358 0.750730 0.511495 0.888511 0.783558 0.923362 0.828763 0.977931 0.771214 0.930626 0.851251 0.817122 0.851896 0.863401 0.762264
0.384353 0.428515 0.950967 0.811253 0.989181 0.653096 0.727120 0.682890 0.788319 0.842233 0.361668 0.397741 0.756058 0.608503 0.985772 0.928546 0.280254 0.000000 0.372524 0.392128 0.947558 0.861984 0.925613 0.884786 0.925666 0.824248 0.948707 0.792481 0.370786 0.377253 0.855228 0.790344 0.455299 0.447063 0.900194 0.947432 0.895831 0.768437 0.958593 0.914734 0.822957 0.711094 0.984109 0.736544 0.916781 0.828746 0.768941 0.697249 0.840479 0.820439 0.975631 0.936296 0.956880 0.930656 0.968681 0.894283 0.345173 0.347150 0.617157 0.732837 0.682846 0.955661 0.380305 0.330354 0.769284 0.760922 0.769055 0.834725 0.470676 0.559612 0.903900 0.947935 0.779301 0.748318 0.812998 0.960283 0.909835 0.868414 0.464577 0.798460 0.387761 0.590898 0.497245 0.480424 0.808485 0.928493 0.947512 0.993293 0.916674 0.890659 0.797778 0.716928 0.748796 0.705891 0.911763 0.887787 0.848710 0.729615 0.883889 0.907609 0.975412 0.957963 0.746019 0.569225 0.834849 0.768967 0.894845 0.856550 0.939843 0.810501 0.909102 0.861324 0.839445 0.775263 0.894448 0.783531
0.545279 0.478289 0.790943 0.740370 0.856853 0.694650 0.603319 0.573638 0.901972 0.729093 0.521878 0.435314 0.699390 0.657801 0.881790 0.826955 0.465658 0.372524 0.000000 0.486646 0.903714 0.909585 0.674117 0.950115 0.994672 0.866281 0.930074 0.700331 0.434543 0.490758 0.694183 0.718365 0.435547 0.431167 0.937738 0.814398 0.789340 0.810337 0.988253 0.980837 0.971189 0.840010 0.667308 0.556807 0.768651 0.694055 0.592543 0.574589 0.768257 0.736472 0.855799 0.803202 0.936092 0.918376 0.983352 0.955697 0.439335 0.451388 0.595431 0.670343 0.572456 0.797909 0.490192 0.428079 0.921329 0.935569 0.679933 0.667633 0.680036 0.745671 0.752702 0.784272 0.801260 0.732119 0.887666 0.938820 0.808306 0.795595 0.531851 0.822511 0.556223 0.721439 0.643093 0.559181 0.760323 0.902034 0.981629 0.957669 0.956927 0.886268 0.937744 0.874297 0.851649 0.802297 0.868487 0.926376 0.892750 0.714499 0.726895 0.673774 0.967161 0.824777 0.711663 0.576366 0.843808 0.773899 0.957053 0.857221 0.995406 0.731015 0.818359 0.778180 0.714985 0.670262 0.741471 0.946829
0.416774 0.443766 0.722299 0.698957 0.846146 0.840561 0.908230 0.806542 0.989758 0.985260 0.429672 0.442859 0.696257 0.532781 0.825787 0.701838 0.464097 0.392128 0.486646 0.000000 0.948071 0.933152 0.780695 0.825138 0.793037 0.856130 0.869003 0.888982 0.522739 0.499610 0.818264 0.802707 0.625171 0.671376 0.988168 0.960652 0.669907 0.601356 0.818980 0.795779 0.799218 0.612170 0.949006 0.932486 0.864312 0.925725 0.842600 0.864653 0.922563 0.988346 0.818439 0.873930 0.833250 0.793193 0.931874 0.984543 0.461134 0.436300 0.917186 0.878042 0.831371 0.803313 0.716117 0.596159 0.913240 0.973222 0.964561 0.995523 0.412691 0.449354 0.820399 0.912397 0.605004 0.664119 0.771925 0.954987 0.841465 0.906933 0.631885 0.775858 0.523366 0.492808 0.534233 0.392776 0.637508 0.704375 0.994613 0.989227 0.961944 0.744023 0.806243 0.686784 0.722982 0.724004 0.871802 0.955024 0.894290 0.805857 0.962103 0.954555 0.852782 0.961677 0.998707 0.845846 0.920728 0.864329 0.902302 0.925222 0.975158 0.815597 0.978710 0.974583 0.994935 0.875751 0.970730 0.804948
0.908972 0.975260 0.934747 0.798873 0.984795 0.917251 0.831073 0.890661 0.974587 0.802485 0.994665 0.903661 0.783906 0.820756 0.777591 0.764882 0.930649 0.947558 0.903714 0.948071 0.000000 0.943721 0.808417 0.752149 0.764085 0.876725 0.950656 0.928975 0.957815 0.966855 0.883725 0.761875 0.960975 0.902627 0.919009 0.958968 0.915119 0.974295 0.950527 0.920782 0.849647 0.917302 0.793330 0.858645 0.793149 0.797909 0.866963 0.832440 0.765562 0.764312 0.840477 0.801731 0.880925 0.873498 0.894141 0.931917 0.887370 0.928586 0.791959 0.827493 0.898484 0.974177 0.890532 0.917115 0.912503 0.844643 0.832485 0.837213 0.843407 0.954905 0.966416 0.943582 0.967344 0.896397 0.959555 0.995246 0.921278 0.938522 0.948085 0.947451 0.981368 0.864658 0.926439 0.999691 0.889883 0.763186 0.998573 0.998826 0.900523 0.806307 0.970058 0.876768 0.945277 0.985048 0.913292 0.920582 0.988746 0.948669 0.802252 0.822359 0.860138 0.940575 0.868612 0.915187 0.905288 0.925929 0.860933 0.973488 0.987817 0.892175 0.800040 0.791428 0.728392 0.908866 0.900299 0.958158
0.905787 0.947127 0.993034 0.991658 0.928462 0.902477 0.980470 0.946062 0.936373 0.906134 0.942205 0.930717 0.971894 0.970790 0.928744 0.993872 0.907050 0.861984 0.909585 0.933152 0.943721 0.000000 0.959278 0.912461 0.878869 0.989115 0.837296 0.911889 0.900214 0.938458 0.929664 0.982389 0.954520 0.875081 0.924841 0.878308 0.992554 0.900678 0.972143 0.842341 0.898618 0.965927 0.982876 0.951574 0.996678 0.995510 0.948051 0.992032 0.998538 0.943164 0.933473 0.978354 0.909840 0.894473 0.959083 0.921149 0.933450 0.923025 0.879479 0.882089 0.943548 0.933130 0.970131 0.917956 0.975481 0.894102 0.871162 0.892810 0.925349 0.957844 0.965090 0.895844 0.922864 0.783925 0.857151 0.993017 0.978457 0.943248 0.987652 0.940280 0.929350 0.919921 0.945123 0.933986 0.994823 0.860582 0.952058 0.874845 0.967928 0.929954 0.885329 0.892015 0.896704 0.924191 0.980578 0.912508 0.796117 0.993578 0.982795 0.986690 0.949182 0.900943 0.942550 0.912149 0.914921 0.994919 0.846124 0.811082 0.986510 0.998418 0.963795 0.801841 0.995584 0.968853 0.854808 0.927554
0.887778 0.933900 0.552521 0.555249 0.787554 0.843787 0.806543 0.693233 0.643957 0.936743 0.959319 0.643526 0.452074 0.582919 0.453352 0.406103 0.985132 0.925613 0.674117 0.780695 0.808417 0.959278 0.000000 0.544225 0.648200 0.742495 0.976116 0.916221 0.846366 0.771893 0.486754 0.526786 0.711859 0.853435 0.872200 0.978786 0.757977 0.926390 0.922521 0.980569 0.943034 0.966655 0.785540 0.830165 0.934438 0.927684 0.758437 0.836754 0.786567 0.806401 0.925394 0.985578 0.986186 0.994916 0.992260 0.944737 0.961389 0.986273 0.966327 0.934095 0.659872 0.556881 0.963393 0.879464 0.590624 0.517729 0.892363 0.773944 0.892546 0.957730 0.553045 0.613150 0.574830 0.825042 0.951727 0.997743 0.845024 0.816646 0.879502 0.868982 0.960338 0.854649 0.730243 0.810891 0.629035 0.569769 0.959589 0.956740 0.729287 0.708225 0.999282 0.897594 0.913724 0.966075 0.874870 0.979106 0.892578 0.939492 0.896770 0.829014 0.921775 0.881602 0.935370 0.937522 0.824954 0.746265 0.936710 0.896894 0.768625 0.980201 0.910969 0.924699 0.921994 0.978865 0.578654 0.965409
0.980643 0.969999 0.701510 0.590734 0.873483 0.744884 0.709455 0.945620 0.858119 0.664393 0.881538 0.871375 0.825744 0.663579 0.658052 0.450364 0.776442 0.884786 0.950115 0.825138 0.752149 0.912461 0.544225 0.000000 0.429247 0.495613 0.789252 0.754877 0.867887 0.992594 0.817606 0.749793 0.869587 0.762702 0.864330 0.845294 0.689466 0.789720 0.632858 0.778895 0.914799 0.894432 0.806588 0.754280 0.578058 0.558759 0.865081 0.804347 0.479219 0.510562 0.590499 0.591902 0.772027 0.698367 0.942085 0.854040 0.828589 0.857773 0.648676 0.800042 0.863733 0.713770 0.649417 0.770894 0.479831 0.452897 0.689084 0.883689 0.841371 0.906817 0.816720 0.872981 0.716063 0.878145 0.932885 0.987061 0.902306 0.986997 0.919354 0.933363 0.961271 0.727602 0.784381 0.845040 0.698906 0.435707 0.898805 0.823053 0.748642 0.649273 0.831682 0.695867 0.819310 0.836269 0.991495 0.861364 0.999618 0.834381 0.657138 0.725776 0.706234 0.785870 0.671619 0.772134 0.987704 0.942757 0.961784 0.877095 0.934999 0.854117 0.815761 0.636540 0.723292 0.860645 0.930848 0.960460
0.883870 0.873733 0.594451 0.625584 0.989649 0.842214 0.724190 0.829362 0.795631 0.634990 0.964631 0.860206 0.872919 0.759115 0.738222 0.590228 0.855026 0.925666 0.994672 0.793037 0.764085 0.878869 0.648200 0.429247 0.000000 0.439740 0.715210 0.696582 0.942529 0.970205 0.781012 0.694218 0.892996 0.821885 0.899043 0.811740 0.654385 0.623785 0.625449 0.748878 0.941562 0.867901 0.815406 0.755930 0.552661 0.548787 0.866050 0.777158 0.495014 0.576114 0.526403 0.550194 0.683920 0.615558 0.979437 0.839272 0.995297 0.974382 0.646121 0.870619 0.830116 0.830211 0.638168 0.779683 0.446157 0.559560 0.623554 0.810210 0.685648 0.869687 0.895079 0.876510 0.636545 0.728560 0.986972 0.989886 0.969056 0.867265 0.922615 0.893428 0.946710 0.698560 0.778388 0.778422 0.699686 0.461124 0.978936 0.861794 0.752171 0.692694 0.722817 0.665315 0.713464 0.788081 0.964955 0.871519 0.893815 0.860534 0.658772 0.676029 0.688925 0.799036 0.735701 0.760102 0.909492 0.932433 0.910687 0.806083 0.941885 0.965058 0.801293 0.585608 0.764909 0.828140 0.894451 0.994943
0.935764 0.911372 0.624925 0.573382 0.832984 0.725388 0.835061 0.981595 0.662455 0.804809 0.968947 0.912974 0.920661 0.778551 0.814323 0.631244 0.738409 0.824248 0.866281 0.856130 0.876725 0.989115 0.742495 0.495613 0.439740 0.000000 0.837651 0.748253 0.863780 0.881165 0.843354 0.842518 0.860876 0.797545 0.821383 0.726870 0.740806 0.665089 0.618947 0.873279 0.901803 0.812978 0.888058 0.759098 0.645506 0.627136 0.854627 0.802951 0.606113 0.671399 0.679940 0.675216 0.843959 0.761982 0.995364 0.876772 0.887425 0.930558 0.633315 0.846023 0.865680 0.704542 0.614236 0.754694 0.484285 0.547426 0.669470 0.825528 0.809871 0.887381 0.791399 0.788632 0.743874 0.888513 0.980936 0.999698 0.937658 0.983437 0.878267 0.919438 0.976054 0.793468 0.909905 0.879437 0.797968 0.637814 0.981370 0.925751 0.779307 0.713481 0.970790 0.901299 0.992594 0.951403 0.913491 0.880695 0.914675 0.871801 0.816271 0.745643 0.861432 0.941527 0.828403 0.798566 0.971433 0.897874 0.891545 0.965960 0.946612 0.975528 0.931589 0.701991 0.867359 0.993900 0.974304 0.928846
0.989462 0.985069 0.935257 0.924157 0.940134 0.879938 0.707568 0.796753 0.989445 0.756844 0.988863 0.984404 0.979701 0.888214 0.938603 0.951781 0.898902 0.948707 0.930074 0.869003 0.950656 0.837296 0.976116 0.789252 0.715210 0.837651 0.000000 0.714514 0.883439 0.892755 0.901436 0.900195 0.773731 0.825791 0.980743 0.853052 0.837734 0.727796 0.944465 0.795049 0.827278 0.813517 0.774927 0.832154 0.660580 0.686950 0.883636 0.816120 0.770431 0.804969 0.662127 0.705439 0.671623 0.653260 0.972426 0.969763 0.995875 0.981996 0.767081 0.813318 0.707391 0.817215 0.788875 0.799582 0.825480 0.991314 0.663323 0.676206 0.810299 0.867512 0.884539 0.931442 0.976306 0.992859 0.942533 0.974534 0.847553 0.999063 0.926572 0.932178 0.880885 0.845375 0.909968 0.805126 0.912039 0.828744 0.908037 0.663366 0.953815 0.716462 0.804057 0.863269 0.794758 0.961164 0.838123 0.965467 0.973501 0.972023 0.710193 0.818570 0.722755 0.800311 0.893591 0.760479 0.937517 0.991326 0.872478 0.841808 0.925189 0.919241 0.786512 0.831627 0.844207 0.833182 0.899669 0.899814
0.867520 0.784841 0.898355 0.933198 0.907015 0.714555 0.539935 0.694337 0.913365 0.670567 0.806838 0.756515 0.795839 0.995380 0.981119 0.949735 0.767117 0.792481 0.700331 0.888982 0.928975 0.911889 0.916221 0.754877 0.696582 0.748253 0.714514 0.000000 0.714638 0.798944 0.844890 0.934036 0.673048 0.646352 0.753508 0.848406 0.862240 0.877735 0.738891 0.869168 0.903462 0.908300 0.639949 0.625983 0.579389 0.568671 0.606159 0.586334 0.608694 0.635553 0.622520 0.607313 0.781666 0.768337 0.879809 0.818622 0.779395 0.770077 0.528372 0.594052 0.530270 0.792135 0.620383 0.683886 0.871713 0.960148 0.542717 0.597051 0.888920 0.922267 0.897574 0.906435 0.922126 0.935790 0.930643 0.946718 0.730991 0.844659 0.854881 0.777876 0.797575 0.979117 0.969405 0.948476 0.931132 0.897359 0.993231 0.851258 0.931599 0.876675 0.869495 0.859270 0.865738 0.975436 0.970076 0.987468 0.921390 0.711327 0.640309 0.578216 0.892591 0.726180 0.728345 0.730236 0.826741 0.939238 0.937131 0.844392 0.837412 0.940274 0.781464 0.759274 0.757340 0.786385 0.811752 0.919957
0.534066 0.569207 0.814925 0.893930 0.966205 0.702133 0.685496 0.709227 0.977406 0.774775 0.406274 0.517311 0.715752 0.705561 0.866989 0.888295 0.380049 0.370786 0.434543 0.522739 0.957815 0.900214 0.846366 0.867887 0.942529 0.863780 0.883439 0.714638 0.000000 0.320495 0.682447 0.702391 0.435007 0.434935 0.986871 0.946574 0.960764 0.817066 0.991069 0.941100 0.944641 0.849802 0.879880 0.715811 0.804094 0.744761 0.670684 0.579415 0.822066 0.764454 0.871587 0.786670 0.950497 0.950615 0.987587 0.977466 0.494943 0.502366 0.622577 0.622525 0.561430 0.835069 0.421560 0.389332 0.842408 0.894502 0.727749 0.724460 0.584885 0.751388 0.824375 0.948270 0.684838 0.665598 0.871929 0.979624 0.857112 0.792406 0.557914 0.834997 0.502408 0.773125 0.566516 0.677213 0.862943 0.964901 0.986491 0.898274 0.956591 0.992594 0.766577 0.749289 0.711827 0.688653 0.882873 0.873716 0.921759 0.708192 0.809581 0.823761 0.939699 0.922261 0.679996 0.578103 0.846537 0.750603 0.929572 0.866527 0.943487 0.816535 0.939668 0.880945 0.747698 0.761871 0.810045 0.817163
0.511591 0.640917 0.757706 0.793959 0.950158 0.838549 0.700014 0.709160 0.926379 0.910603 0.413931 0.457980 0.676475 0.589341 0.775406 0.741893 0.363481 0.377253 0.490758 0.499610 0.966855 0.938458 0.771893 0.992594 0.970205 0.881165 0.892755 0.798944 0.320495 0.000000 0.607960 0.587375 0.430591 0.465437 0.949684 0.913041 0.939938 0.903375 0.967325 0.866353 0.929975 0.842197 0.994016 0.814779 0.947237 0.882745 0.697462 0.683066 0.977421 0.915818 0.987183 0.911684 0.957840 0.935477 0.914813 0.982633 0.595124 0.588603 0.655111 0.667700 0.544548 0.809190 0.412160 0.363238 0.863389 0.969128 0.722829 0.700732 0.536826 0.728830 0.832660 0.981700 0.670986 0.641603 0.736636 0.990846 0.880602 0.745951 0.575619 0.784258 0.464327 0.736996 0.496110 0.650365 0.866517 0.867140 0.997660 0.932325 0.893094 0.962673 0.696142 0.624039 0.618522 0.601131 0.998035 0.838894 0.893234 0.718078 0.944827 0.959663 0.982429 0.997459 0.808235 0.579625 0.825290 0.670220 0.941996 0.950858 0.873049 0.832589 0.970945 0.953482 0.911944 0.928779 0.740679 0.782024
0.893374 0.858307 0.555885 0.628332 0.756130 0.928685 0.577057 0.549918 0.603591 0.713925 0.732091 0.610822 0.593976 0.731400 0.652866 0.599829 0.845910 0.855228 0.694183 0.818264 0.883725 0.929664 0.486754 0.817606 0.781012 0.843354 0.901436 0.844890 0.682447 0.607960 0.000000 0.426158 0.545920 0.601426 0.922987 0.822637 0.965331 0.992618 0.959249 0.981439 0.891531 0.923668 0.688587 0.695678 0.872526 0.848422 0.693971 0.672609 0.943547 0.985858 0.908326 0.881920 0.847260 0.878846 0.935931 0.924112 0.972633 0.963268 0.796093 0.718245 0.487686 0.510724 0.757449 0.654250 0.837455 0.657693 0.706294 0.577742 0.914032 0.985104 0.604639 0.648059 0.660909 0.737533 0.884327 0.873813 0.732324 0.584492 0.724597 0.891047 0.832612 0.988164 0.765965 0.986782 0.916152 0.863475 0.876524 0.738811 0.857499 0.996508 0.962826 0.934700 0.945006 0.922809 0.879677 0.813770 0.899303 0.722178 0.798052 0.767057 0.805987 0.824738 0.869690 0.757089 0.732178 0.663974 0.795092 0.742659 0.770510 0.882450 0.770087 0.997023 0.891739 0.940812 0.542267 0.978229
0.884873 0.856810 0.600574 0.628504 0.933701 0.972953 0.776945 0.741418 0.822692 0.892087 0.740459 0.609440 0.706456 0.639503 0.744985 0.597900 0.833593 0.790344 0.718365 0.802707 0.761875 0.982389 0.526786 0.749793 0.694218 0.842518 0.900195 0.934036 0.702391 0.587375 0.426158 0.000000 0.596976 0.745291 0.973291 0.948240 0.903672 0.797532 0.963274 0.876825 0.962313 0.897847 0.863740 0.802243 0.989489 0.982027 0.773917 0.902438 0.859104 0.852171 0.966686 0.947650 0.970211 0.979616 0.886275 0.895761 0.875554 0.969207 0.956562 0.931814 0.703446 0.662813 0.818981 0.723431 0.886134 0.743483 0.900666 0.784616 0.856087 0.971363 0.745811 0.675055 0.753918 0.743495 0.964884 0.987051 0.797688 0.632831 0.804586 0.941166 0.804890 0.953641 0.679643 0.843731 0.962437 0.816979 0.845929 0.763557 0.931823 0.958660 0.915582 0.795407 0.836312 0.876201 0.982243 0.858393 0.947147 0.808804 0.942959 0.992300 0.922957 0.854416 0.897705 0.799032 0.865634 0.751688 0.997811 0.833356 0.891131 0.967755 0.853034 0.929053 0.956992 0.915388 0.581932 0.890530
0.564099 0.604679 0.775273 0.748103 0.955936 0.801050 0.487956 0.498322 0.844564 0.635324 0.529000 0.446024 0.609987 0.598824 0.772200 0.785301 0.443936 0.455299 0.435547 0.625171 0.960975 0.954520 0.711859 0.869587 0.892996 0.860876 0.773731 0.673048 0.435007 0.430591 0.545920 0.596976 0.000000 0.408326 0.862263 0.850330 0.927385 0.943232 0.878961 0.981281 0.962159 0.842663 0.695511 0.539546 0.655625 0.614658 0.572809 0.526603 0.722531 0.675073 0.678593 0.644317 0.725245 0.746268 0.962560 0.877207 0.581163 0.568874 0.555892 0.660179 0.398849 0.661984 0.408365 0.350952 0.867830 0.954068 0.543396 0.574428 0.733527 0.801611 0.671995 0.671101 0.719914 0.790870 0.817134 0.992850 0.776521 0.687719 0.489756 0.716522 0.473776 0.766978 0.588426 0.704268 0.824349 0.986847 0.972727 0.794014 0.991059 0.987396 0.925999 0.983101 0.998862 0.902725 0.888241 0.825744 0.999345 0.601884 0.587752 0.677063 0.815033 0.785992 0.683239 0.452584 0.786376 0.710499 0.985777 0.693159 0.886814 0.830173 0.697521 0.773053 0.720123 0.679520 0.604072 0.931752
0.630642 0.604778 0.820508 0.842320 0.848572 0.717770 0.402823 0.472549 0.926316 0.666585 0.495198 0.524300 0.760744 0.835617 0.991918 0.992097 0.466775 0.447063 0.431167 0.671376 0.902627 0.875081 0.853435 0.762702 0.821885 0.797545 0.825791 0.646352 0.434935 0.465437 0.601426 0.745291 0.408326 0.000000 0.949966 0.777608 0.894010 0.949848 0.875640 0.882236 0.899568 0.977342 0.694362 0.550945 0.616730 0.555633 0.556497 0.440777 0.690941 0.655843 0.731922 0.680488 0.829407 0.867849 0.981188 0.909377 0.592061 0.574193 0.412541 0.451635 0.391423 0.762498 0.357963 0.359854 0.829698 0.946474 0.454413 0.437617 0.800983 0.869587 0.903752 0.905753 0.874192 0.808434 0.893350 0.906762 0.776164 0.734665 0.497029 0.771340 0.593854 0.895901 0.727975 0.764353 0.993539 0.912218 0.944075 0.823103 0.927442 0.929062 0.939416 0.933440 0.918475 0.819937 0.862535 0.912933 0.934545 0.565850 0.651689 0.641871 0.702623 0.824906 0.611659 0.513015 0.780382 0.677102 0.983869 0.804101 0.953747 0.833765 0.720799 0.803367 0.737770 0.720434 0.585428 0.870443
0.929062 0.932964 0.702528 0.906930 0.771990 0.971609 0.803976 0.890531 0.770931 0.999846 0.988175 0.977093 0.888215 0.996586 0.900113 0.866092 0.886288 0.900194 0.937738 0.988168 0.919009 0.924841 0.872200 0.864330 0.899043 0.821383 0.980743 0.753508 0.986871 0.949684 0.922987 0.973291 0.862263 0.949966 0.000000 0.998014 0.936694 0.991401 0.893773 0.893854 0.771503 0.993148 0.816027 0.906441 0.845598 0.835774 0.786145 0.758265 0.919882 0.800282 0.856046 0.819580 0.907414 0.914029 0.904854 0.863583 0.981327 0.982044 0.910324 0.765738 0.772810 0.769535 0.974088 0.959798 0.769900 0.796291 0.819682 0.753452 0.917336 0.993760 0.843375 0.958274 0.943843 0.902006 0.955567 0.924732 0.840724 0.946778 0.973069 0.874536 0.970558 0.890486 0.958808 0.954678 0.848672 0.867811 0.893595 0.993155 0.992624 0.899672 0.895442 0.885584 0.896342 0.988327 0.977825 0.954970 0.931795 0.950312 0.842047 0.847507 0.833374 0.848475 0.895971 0.979407 0.949044 0.981622 0.946614 0.941883 0.990712 0.959703 0.944593 0.932910 0.833635 0.860534 0.851469 0.961322
0.957694 0.948628 0.955696 0.946063 0.846748 0.865962 0.768628 0.829579 0.996411 0.800295 0.965568 0.979349 0.946571 0.993357 0.906314 0.914452 0.920504 0.947432 0.814398 0.960652 0.958968 0.878308 0.978786 0.845294 0.811740 0.726870 0.853052 0.848406 0.946574 0.913041 0.822637 0.948240 0.850330 0.777608 0.998014 0.000000 0.967900 0.850910 0.967560 0.960214 0.807840 0.955618 0.725496 0.728842 0.667433 0.678574 0.774583 0.725140 0.733358 0.718093 0.713815 0.741650 0.700506 0.746627 0.978044 0.985641 0.953214 0.915568 0.681410 0.825434 0.765587 0.870796 0.814918 0.820476 0.859156 0.940714 0.708602 0.694126 0.866874 0.998344 0.933474 0.991898 0.862876 0.977209 0.940063 0.971939 0.816592 0.822292 0.892573 0.905445 0.926017 0.889070 0.941424 0.904489 0.936078 0.918265 0.946283 0.937801 0.941857 0.990024 0.896081 0.807667 0.883732 0.985228 0.924488 0.921448 0.904943 0.866937 0.743326 0.643685 0.819059 0.945114 0.778444 0.813661 0.913812 0.897741 0.943430 0.852128 0.891933 0.859816 0.792681 0.683774 0.958168 0.910154 0.924457 0.983732
0.757644 0.702421 0.738567 0.691878 0.936267 0.863298 0.843054 0.996401 0.798121 0.930498 0.963972 0.738187 0.853164 0.648789 0.709575 0.655532 0.916843 0.895831 0.789340 0.669907 0.915119 0.992554 0.757977 0.689466 0.654385 0.740806 0.837734 0.862240 0.960764 0.939938 0.965331 0.903672 0.927385 0.894010 0.936694 0.967900 0.000000 0.699627 0.765592 0.805139 0.740717 0.887889 0.944621 0.959257 0.795899 0.839172 0.950544 0.936187 0.874721 0.888826 0.830043 0.884862 0.981005 0.962917 0.882927 0.904592 0.781022 0.735311 0.749087 0.803877 0.898348 0.812060 0.787438 0.980248 0.723768 0.868225 0.701116 0.793830 0.664655 0.708552 0.781444 0.681976 0.723935 0.837526 0.957113 0.994694 0.867920 0.975091 0.873864 0.819609 0.785117 0.675686 0.821381 0.721610 0.646381 0.699463 0.948752 0.977581 0.782462 0.730225 0.951148 0.981100 0.930920 0.967347 0.987995 0.733360 0.955571 0.929267 0.960401 0.995431 0.761863 0.912121 0.898819 0.961500 0.978625 0.924185 0.986134 0.940758 0.840261 0.910568 0.880621 0.970199 0.899744 0.998167 0.919313 0.991170
0.713888 0.608876 0.826947 0.772998 0.761314 0.772141 0.791028 0.910115 0.928931 0.887284 0.802427 0.752069 0.969826 0.749826 0.985222 0.865564 0.878961 0.768437 0.810337 0.601356 0.974295 0.900678 0.926390 0.789720 0.623785 0.665089 0.727796 0.877735 0.817066 0.903375 0.992618 0.797532 0.943232 0.949848 0.991401 0.850910 0.699627 0.000000 0.744679 0.670199 0.724653 0.679817 0.868661 0.946942 0.762276 0.796734 0.997917 0.942397 0.845004 0.878917 0.786447 0.748903 0.866573 0.814730 0.997734 0.992846 0.589369 0.675113 0.731473 0.831062 0.788883 0.958718 0.880075 0.987027 0.753932 0.968108 0.640171 0.697951 0.650606 0.687412 0.950076 0.846194 0.789757 0.841474 0.892078 0.988574 0.932239 0.963542 0.860661 0.983131 0.735792 0.616086 0.660059 0.514203 0.744133 0.790685 0.939658 0.844166 0.870766 0.706017 0.896995 0.824639 0.849762 0.933424 0.897180 0.996782 0.933588 0.946340 0.840811 0.795327 0.803676 0.873867 0.997908 0.891210 0.958467 0.983097 0.961639 0.925261 0.821907 0.909036 0.933722 0.944919 0.901844 0.867593 0.885076 0.912728
