0.000000 0.319156 0.709898 0.700537 0.845808 0.638954 0.377083 0.387654 0.509890 0.523348 0.348276 0.249841 0.376709 0.385264 0.569661 0.688811 0.399912 0.394578 0.400089 0.447065 0.901982 0.971292 0.836518 0.989773 0.784412 0.925713 0.705406 0.824520 0.397817 0.488708 0.962073 0.966789 0.465236 0.404785 0.748068 0.841671 0.949903 0.934374 0.806848 0.978900 0.926492 0.794143 0.600653 0.588446 0.573964 0.518153 0.512013 0.498114 0.782830 0.687987 0.664318 0.538159 0.750461 0.891135 0.688435 0.577167 0.365014 0.322745 0.222138 0.270735 0.235965 0.318269 0.348944 0.318245 0.800912 0.674211 0.611755 0.557333 0.683415 0.715933 0.679039 0.817645 0.890442 0.888888 0.915710 0.982201 0.577199 0.825364 0.539953 0.812435 0.420826 0.585095 0.830801 0.623992 0.651678 0.792137 0.993202 0.939849 0.592134 0.554997 0.771390 0.738634 0.857411 0.810782 0.899459 0.807783 0.629411 0.845487 0.457399 0.426594 0.685194 0.723942 0.604271 0.664641 0.503568 0.459635 0.786012 0.633119 0.688236 0.681461 0.673506 0.723786 0.544245 0.874756 0.633930 0.881956
0.319156 0.000000 0.581094 0.509763 0.934918 0.659903 0.349221 0.324828 0.639532 0.689689 0.573709 0.416676 0.632354 0.442943 0.774985 0.809988 0.538101 0.542412 0.407126 0.369682 0.863342 0.880923 0.736661 0.802074 0.937828 0.837461 0.817551 0.842932 0.602949 0.616653 0.713582 0.715642 0.391414 0.325910 0.651987 0.942852 0.817043 0.891308 0.994737 0.898463 0.820376 0.829062 0.383694 0.393393 0.509658 0.492369 0.434037 0.380508 0.881463 0.621540 0.550283 0.437624 0.655960 0.772254 0.666189 0.520622 0.360371 0.336877 0.345957 0.281990 0.340356 0.295098 0.573128 0.521975 0.703650 0.499322 0.442734 0.369401 0.689284 0.620426 0.560001 0.639483 0.641290 0.698516 0.862070 0.891474 0.592274 0.705248 0.658115 0.792504 0.488636 0.600912 0.710989 0.670643 0.625717 0.590494 0.991623 0.958507 0.619273 0.479767 0.704620 0.827048 0.758399 0.863173 0.891866 0.818494 0.578889 0.856229 0.475911 0.497615 0.640462 0.717483 0.612771 0.765699 0.401454 0.396006 0.821329 0.584127 0.694678 0.645084 0.641307 0.720589 0.590360 0.766850 0.555591 0.999526
0.709898 0.581094 0.000000 0.215066 0.889176 0.827866 0.398599 0.489615 0.627330 0.977143 0.961346 0.828740 0.812264 0.771395 0.783632 0.631007 0.980670 0.966588 0.540312 0.484537 0.464308 0.729369 0.299938 0.419330 0.393161 0.313606 0.940852 0.837978 0.997250 0.910826 0.350917 0.560257 0.408682 0.417225 0.421647 0.729080 0.414757 0.653473 0.803024 0.688427 0.759966 0.954835 0.473372 0.658186 0.822746 0.942161 0.553193 0.534641 0.678759 0.964529 0.807759 0.883422 0.875467 0.841916 0.744796 0.847661 0.903364 0.853185 0.770672 0.704994 0.599938 0.541858 0.966665 0.997661 0.245621 0.288017 0.296381 0.330080 0.653834 0.747891 0.376706 0.429934 0.545104 0.623085 0.844191 0.851326 0.628234 0.510272 0.975804 0.774509 0.886489 0.741016 0.836617 0.987025 0.510129 0.440980 0.973613 0.748094 0.594804 0.699712 0.606805 0.801552 0.596648 0.635563 0.653194 0.710800 0.643566 0.895846 0.714451 0.684145 0.718272 0.902370 0.877496 0.970108 0.582031 0.520285 0.724851 0.799894 0.750154 0.794800 0.620184 0.881587 0.895793 0.852489 0.796650 0.919081
0.700537 0.509763 0.215066 0.000000 0.952947 0.764345 0.377822 0.430316 0.689504 0.998178 0.950145 0.774375 0.910317 0.740243 0.911560 0.709673 0.959967 0.987567 0.543415 0.432433 0.449174 0.756599 0.363766 0.387887 0.412654 0.320057 0.972679 0.867857 0.929068 0.954789 0.380549 0.542065 0.429794 0.412520 0.464720 0.688879 0.487230 0.618701 0.752941 0.737142 0.695185 0.926297 0.405520 0.565149 0.784555 0.913315 0.447487 0.475731 0.676160 0.990389 0.729385 0.796085 0.835274 0.777727 0.758547 0.797834 0.848471 0.840449 0.726357 0.637408 0.615839 0.474411 0.930774 0.967099 0.306129 0.218913 0.255090 0.252901 0.681576 0.758522 0.326787 0.362078 0.488274 0.586331 0.727475 0.772736 0.589402 0.486687 0.918581 0.744293 0.903769 0.780356 0.816443 0.998436 0.547127 0.421890 0.932619 0.825603 0.633132 0.693085 0.549857 0.789803 0.545588 0.656194 0.690073 0.635372 0.554808 0.836164 0.654070 0.657783 0.639646 0.844362 0.839569 0.974786 0.500773 0.504638 0.728277 0.738317 0.704160 0.750706 0.636371 0.844740 0.873697 0.821940 0.688148 0.849227
0.845808 0.934918 0.889176 0.952947 0.000000 0.986754 0.954994 0.993814 0.711611 0.764754 0.853665 0.908249 0.619341 0.874225 0.621512 0.721871 0.790571 0.827823 0.762650 0.991412 0.924402 0.915333 0.837439 0.930411 0.944025 0.899544 0.770058 0.967181 0.796483 0.868212 0.904969 0.804721 0.913832 0.953022 0.890233 0.852330 0.957518 0.853221 0.953570 0.665910 0.882207 0.943425 0.980126 0.972435 0.913376 0.912703 0.978534 0.992798 0.727404 0.965081 0.909594 0.902579 0.997698 0.799642 0.783810 0.984865 0.883577 0.727291 0.860502 0.992343 0.804644 0.964356 0.751411 0.794673 0.767592 0.951931 0.968223 0.915891 0.953936 0.927167 0.981669 0.791342 0.778304 0.815371 0.892132 0.897844 0.997991 0.964398 0.919906 0.890555 0.780126 0.816778 0.905216 0.696312 0.666829 0.952533 0.864006 0.869635 0.747001 0.837671 0.889461 0.916013 0.880272 0.920007 0.987560 0.930579 0.851573 0.883588 0.969587 0.950662 0.751293 0.904612 0.959016 0.952906 0.944925 0.858733 0.933076 0.922879 0.964545 0.835419 0.917593 0.846339 0.855214 0.951289 0.817069 0.916813
0.638954 0.659903 0.827866 0.764345 0.986754 0.000000 0.559639 0.489168 0.617507 0.559166 0.740123 0.673094 0.883037 0.884914 0.995968 0.976506 0.819743 0.817331 0.781799 0.714909 0.947581 0.813945 0.972457 0.868299 0.864806 0.982804 0.609914 0.918652 0.804017 0.951939 0.974903 0.933708 0.705365 0.694216 0.808705 0.996794 0.977867 0.922317 0.878223 0.990890 0.770246 0.893182 0.656561 0.631610 0.733987 0.748336 0.710647 0.735316 0.950443 0.803730 0.721426 0.697350 0.772593 0.781477 0.810144 0.738945 0.807200 0.763202 0.629198 0.517111 0.639834 0.548473 0.864124 0.820533 0.966479 0.727325 0.637001 0.598923 0.844151 0.592523 0.728579 0.730387 0.812277 0.893959 0.843166 0.865179 0.732375 0.809985 0.989450 0.957974 0.893383 0.956707 0.852678 0.991214 0.989729 0.959177 0.902972 0.839770 0.838954 0.944026 0.590286 0.587801 0.589392 0.638136 0.997146 0.746896 0.706522 0.712315 0.547441 0.590991 0.609620 0.659892 0.758433 0.667206 0.669346 0.688913 0.787492 0.687831 0.826323 0.820949 0.668995 0.696992 0.619533 0.835422 0.577642 0.848726
0.377083 0.349221 0.398599 0.377822 0.954994 0.559639 0.000000 0.188880 0.361410 0.498097 0.603900 0.436909 0.656849 0.606295 0.789348 0.751036 0.581736 0.584011 0.426135 0.401037 0.799580 0.730770 0.649906 0.826349 0.874733 0.718939 0.677812 0.913689 0.604048 0.609890 0.614424 0.767607 0.367400 0.270194 0.440486 0.901764 0.751936 0.865616 0.974380 0.860336 0.717577 0.839132 0.347298 0.368025 0.442974 0.493821 0.491251 0.406270 0.921065 0.659272 0.467202 0.464456 0.512079 0.555871 0.621239 0.642060 0.624696 0.559902 0.379555 0.385529 0.343932 0.299535 0.655627 0.558533 0.617186 0.456173 0.241457 0.276498 0.710799 0.681735 0.343330 0.464171 0.587386 0.673670 0.838304 0.885441 0.412195 0.594267 0.758431 0.852097 0.615605 0.717205 0.894643 0.883380 0.740627 0.744904 0.865479 0.718083 0.627747 0.669863 0.387004 0.527258 0.438219 0.498608 0.710215 0.624080 0.373242 0.695005 0.304858 0.362735 0.463127 0.572332 0.554496 0.659371 0.366020 0.341502 0.624135 0.529209 0.586092 0.597703 0.467371 0.636103 0.588849 0.695947 0.516559 0.876524
0.387654 0.324828 0.489615 0.430316 0.993814 0.489168 0.188880 0.000000 0.438567 0.495645 0.594221 0.401284 0.696622 0.586164 0.873003 0.859599 0.633913 0.632504 0.513927 0.410056 0.832843 0.750661 0.764125 0.885909 0.947740 0.759854 0.619027 0.877795 0.623074 0.673690 0.661258 0.760310 0.412109 0.322469 0.511448 0.927320 0.873630 0.913153 0.954509 0.870447 0.682316 0.823928 0.337976 0.353439 0.516282 0.535922 0.479993 0.449109 0.964352 0.681310 0.516949 0.479180 0.575818 0.606995 0.696365 0.613276 0.585550 0.564434 0.389959 0.329667 0.343386 0.228491 0.692453 0.584802 0.698867 0.423363 0.273968 0.268058 0.742781 0.640950 0.407667 0.452272 0.624333 0.666346 0.830913 0.828025 0.490168 0.679073 0.825192 0.848404 0.662268 0.775386 0.938724 0.931188 0.791510 0.776856 0.944445 0.719750 0.654144 0.687977 0.378275 0.560212 0.438177 0.533603 0.761054 0.636732 0.396461 0.655879 0.319735 0.372820 0.427464 0.535828 0.586138 0.682872 0.335449 0.338637 0.574248 0.523392 0.608496 0.572363 0.462883 0.603472 0.542704 0.727097 0.455612 0.889797
0.509890 0.639532 0.627330 0.689504 0.711611 0.617507 0.361410 0.438567 0.000000 0.411386 0.514601 0.555258 0.608657 0.778697 0.697963 0.713132 0.636635 0.636308 0.637121 0.655453 0.991831 0.823947 0.794600 0.927029 0.909281 0.950078 0.737880 0.826674 0.564800 0.670036 0.870318 0.986577 0.577771 0.497977 0.592781 0.993965 0.845192 0.995208 0.869008 0.851134 0.724863 0.854015 0.644234 0.629878 0.594165 0.635461 0.797213 0.736773 0.789264 0.859567 0.705538 0.734645 0.658067 0.785458 0.596347 0.819893 0.831572 0.685485 0.511915 0.620537 0.464378 0.501129 0.650349 0.571506 0.755558 0.753023 0.514679 0.600791 0.735960 0.704511 0.527042 0.713280 0.835626 0.900269 0.872279 0.922660 0.577693 0.818156 0.733828 0.990945 0.684619 0.788147 0.987405 0.817987 0.810350 0.949461 0.836306 0.799908 0.575693 0.837142 0.544501 0.499674 0.566205 0.484823 0.734163 0.811116 0.621212 0.746269 0.434249 0.483580 0.637229 0.687205 0.654476 0.783751 0.626791 0.555907 0.736515 0.590470 0.723713 0.806951 0.608945 0.741321 0.634072 0.761169 0.693461 0.945422
0.523348 0.689689 0.977143 0.998178 0.764754 0.559166 0.498097 0.495645 0.411386 0.000000 0.417170 0.463147 0.670325 0.834117 0.758494 0.932236 0.479732 0.463391 0.690554 0.763515 0.719783 0.910431 0.780028 0.520270 0.576050 0.706067 0.603104 0.837883 0.397625 0.557501 0.797767 0.737339 0.809532 0.678902 0.811647 0.841417 0.811288 0.838976 0.738746 0.931847 0.919595 0.744266 0.745450 0.603203 0.474895 0.455259 0.797433 0.778941 0.485265 0.616331 0.587506 0.564848 0.595969 0.718875 0.763413 0.655068 0.743987 0.655954 0.459205 0.624880 0.577409 0.590523 0.534706 0.432868 0.867694 0.950244 0.725223 0.813124 0.900596 0.808389 0.663484 0.850269 0.965108 0.931710 0.961380 0.955977 0.587817 0.967846 0.766542 0.947802 0.577023 0.797551 0.970596 0.760879 0.902520 0.719890 0.752303 0.752393 0.778982 0.933652 0.540791 0.451303 0.620414 0.528580 0.917403 0.803774 0.634997 0.711891 0.374364 0.453349 0.673829 0.592586 0.496690 0.596717 0.667251 0.660937 0.774086 0.657163 0.792240 0.750201 0.617425 0.677738 0.432411 0.754074 0.724669 0.970279
0.348276 0.573709 0.961346 0.950145 0.853665 0.740123 0.603900 0.594221 0.514601 0.417170 0.000000 0.294844 0.402172 0.480330 0.653388 0.771309 0.387888 0.374154 0.625558 0.657727 0.695256 0.896391 0.865046 0.676795 0.533846 0.649435 0.673286 0.642552 0.310587 0.396778 0.825132 0.877391 0.692719 0.617381 0.999394 0.711557 0.834300 0.870344 0.814294 0.961454 0.956957 0.756496 0.930125 0.759296 0.683572 0.590766 0.792251 0.828461 0.653171 0.772355 0.816429 0.722545 0.851727 0.962766 0.728803 0.746819 0.544737 0.462117 0.374486 0.488383 0.378890 0.481569 0.288115 0.252949 0.880159 0.988176 0.920938 0.891199 0.871906 0.853421 0.936899 0.923656 0.876894 0.906854 0.867910 0.972914 0.793182 0.918962 0.542111 0.892818 0.395543 0.619246 0.870415 0.609888 0.870798 0.939201 0.876245 0.998581 0.779370 0.751234 0.948528 0.843132 0.986504 0.945727 0.960529 0.909888 0.845608 0.909860 0.607277 0.638117 0.791392 0.808123 0.677141 0.747542 0.699890 0.685154 0.887483 0.794169 0.792512 0.763903 0.817374 0.854927 0.645684 0.989211 0.709205 0.875692
0.249841 0.416676 0.828740 0.774375 0.908249 0.673094 0.436909 0.401284 0.555258 0.463147 0.294844 0.000000 0.378542 0.356101 0.642445 0.692352 0.433046 0.397033 0.504329 0.508763 0.865541 0.940550 0.942644 0.917993 0.717886 0.836864 0.702351 0.718477 0.359339 0.410397 0.943402 0.992169 0.534125 0.455658 0.865655 0.830708 0.863732 0.894096 0.842469 0.934829 0.987202 0.854903 0.701663 0.613062 0.653508 0.587922 0.536484 0.601979 0.789019 0.762309 0.746291 0.615737 0.825965 0.982191 0.760619 0.627494 0.445335 0.446736 0.257020 0.351128 0.267491 0.296254 0.338868 0.290615 0.901153 0.706861 0.690554 0.627959 0.903244 0.831428 0.748249 0.867387 0.970065 0.931808 0.817307 0.971924 0.591866 0.865591 0.606310 0.796837 0.418122 0.623268 0.806423 0.596666 0.710980 0.842971 0.959810 0.937757 0.672868 0.651147 0.805118 0.793884 0.875275 0.859408 0.919359 0.719740 0.677156 0.817859 0.488822 0.518473 0.672194 0.740480 0.644237 0.685734 0.505340 0.493053 0.798069 0.755283 0.803026 0.706248 0.764871 0.710966 0.577185 0.955218 0.652663 0.916608
0.376709 0.632354 0.812264 0.910317 0.619341 0.883037 0.656849 0.696622 0.608657 0.670325 0.402172 0.378542 0.000000 0.376715 0.383847 0.455468 0.577091 0.567607 0.538352 0.697823 0.864427 0.907971 0.733384 0.997878 0.737713 0.825083 0.875928 0.847339 0.449736 0.481052 0.929149 0.891796 0.615500 0.667810 0.984297 0.674529 0.981041 0.834126 0.834348 0.860267 0.800054 0.971574 0.895952 0.904655 0.878798 0.802091 0.732933 0.738158 0.857181 0.988685 0.937488 0.933620 0.951244 0.739039 0.810331 0.877512 0.562843 0.503834 0.421373 0.554218 0.320636 0.533310 0.352532 0.390290 0.742281 0.834472 0.920301 0.900007 0.958935 0.861323 0.966253 0.869090 0.815086 0.792776 0.877514 0.919766 0.812312 0.953078 0.699590 0.761572 0.546873 0.661119 0.828371 0.665725 0.568293 0.835324 0.931483 0.875435 0.740861 0.741163 0.924967 0.943862 0.828543 0.988659 0.946106 0.859138 0.991968 0.923272 0.766322 0.680598 0.974314 0.916762 0.863272 0.893797 0.763036 0.582856 0.950299 0.966806 0.905361 0.893234 0.861942 0.863997 0.750170 0.956614 0.839043 0.974020
0.385264 0.442943 0.771395 0.740243 0.874225 0.884914 0.606295 0.586164 0.778697 0.834117 0.480330 0.356101 0.376715 0.000000 0.628783 0.544055 0.555266 0.514304 0.453786 0.558158 0.991318 0.950183 0.699566 0.773995 0.905606 0.975872 0.794389 0.883467 0.490547 0.410772 0.836782 0.748125 0.453269 0.521215 0.897054 0.800610 0.906657 0.993624 0.963871 0.856544 0.921800 0.955748 0.679017 0.608655 0.723240 0.639218 0.506630 0.587757 0.904462 0.791380 0.807105 0.680248 0.897410 0.940226 0.664820 0.693355 0.404065 0.463797 0.385387 0.409111 0.331366 0.424675 0.441044 0.434628 0.799735 0.669333 0.785576 0.661621 0.998897 0.878161 0.918542 0.897632 0.905609 0.890242 0.821761 0.901242 0.792215 0.764765 0.651413 0.591940 0.524633 0.625069 0.581912 0.571065 0.553452 0.616533 0.843692 0.888032 0.747204 0.527637 0.898341 0.860446 0.801735 0.816002 0.999042 0.815554 0.841973 0.935738 0.769313 0.745278 0.835288 0.993532 0.892679 0.929558 0.614251 0.614207 0.922119 0.939363 0.825508 0.725293 0.908189 0.884294 0.843699 0.988294 0.734534 0.931058
0.569661 0.774985 0.783632 0.911560 0.621512 0.995968 0.789348 0.873003 0.697963 0.758494 0.653388 0.642445 0.383847 0.628783 0.000000 0.422764 0.706431 0.697214 0.596133 0.809492 0.882342 0.993237 0.608187 0.937769 0.957066 0.980947 0.905120 0.981903 0.570818 0.652276 0.954938 0.915374 0.628719 0.738085 0.835793 0.898911 0.801588 0.935621 0.832643 0.845283 0.955709 0.901309 0.941855 0.984111 0.849739 0.850962 0.747235 0.758626 0.827719 0.989883 0.977682 0.966200 0.988460 0.809425 0.734637 0.803405 0.696769 0.653275 0.586943 0.751938 0.525680 0.729053 0.576782 0.603825 0.649942 0.891010 0.910837 0.941904 0.825933 0.718762 0.850815 0.963967 0.964144 0.966901 0.842113 0.958342 0.868988 0.993339 0.782339 0.895440 0.688090 0.732720 0.673395 0.691872 0.503012 0.771449 0.787890 0.980550 0.695061 0.716805 0.941333 0.963176 0.839261 0.979791 0.855452 0.784962 0.993243 0.941922 0.818924 0.765952 0.843338 0.969313 0.983642 0.973119 0.851503 0.693200 0.944701 0.965294 0.970091 0.913081 0.802721 0.905574 0.798568 0.957645 0.936995 0.993040
0.688811 0.809988 0.631007 0.709673 0.721871 0.976506 0.751036 0.859599 0.713132 0.932236 0.771309 0.692352 0.455468 0.544055 0.422764 0.000000 0.856193 0.803965 0.608806 0.766262 0.853631 0.989349 0.426044 0.657534 0.876504 0.857615 0.907655 0.961075 0.693758 0.680863 0.773241 0.904195 0.577051 0.694644 0.834462 0.921990 0.616185 0.947873 0.994131 0.775741 0.945145 0.840275 0.890148 0.940899 0.896877 0.925960 0.638082 0.729135 0.994972 0.909339 0.941073 0.988800 0.940878 0.827984 0.723030 0.946351 0.836914 0.794590 0.705090 0.805982 0.564207 0.721485 0.678382 0.708907 0.541487 0.737114 0.824053 0.839374 0.972811 0.880231 0.843276 0.895846 0.976435 0.959720 0.822010 0.945905 0.852953 0.798852 0.776363 0.805231 0.813451 0.753849 0.703530 0.740157 0.481429 0.645699 0.899405 0.997061 0.692501 0.740151 0.916747 0.954431 0.858920 0.995179 0.766273 0.806782 0.986714 0.956938 0.921049 0.834675 0.887907 0.840718 0.960183 0.925302 0.746071 0.778218 0.996094 0.997038 0.882951 0.998582 0.927241 0.926879 0.975273 0.990649 0.970935 0.938782
0.399912 0.538101 0.980670 0.959967 0.790571 0.819743 0.581736 0.633913 0.636635 0.479732 0.387888 0.433046 0.577091 0.555266 0.706431 0.856193 0.000000 0.286320 0.491369 0.596649 0.734780 0.987240 0.931047 0.806165 0.687080 0.749504 0.791962 0.864068 0.351431 0.367523 0.951476 0.925866 0.666195 0.616444 0.869798 0.855332 0.975948 0.947926 0.859561 0.994305 0.931854 0.784292 0.782489 0.638407 0.440240 0.385817 0.691950 0.666406 0.497508 0.496794 0.589113 0.542213 0.620336 0.810409 0.595807 0.547070 0.440656 0.358301 0.394631 0.554640 0.487269 0.609560 0.297731 0.268685 0.915774 0.940366 0.831254 0.800699 0.844316 0.863857 0.837978 0.928971 0.963164 0.881968 0.939531 0.979501 0.729229 0.969653 0.560171 0.832078 0.302725 0.486032 0.694125 0.488674 0.832796 0.995494 0.835415 0.983171 0.775356 0.563829 0.924375 0.875899 0.965186 0.981829 0.925147 0.973009 0.677907 0.947475 0.554903 0.663181 0.865061 0.884793 0.624796 0.652914 0.758462 0.718081 0.967793 0.843107 0.743430 0.765288 0.785833 0.853331 0.676459 0.806336 0.824780 0.927053
0.394578 0.542412 0.966588 0.987567 0.827823 0.817331 0.584011 0.632504 0.636308 0.463391 0.374154 0.397033 0.567607 0.514304 0.697214 0.803965 0.286320 0.000000 0.515835 0.609389 0.767003 0.982982 0.903854 0.773163 0.704039 0.744527 0.775797 0.839823 0.266038 0.303295 0.952595 0.986978 0.631113 0.578623 0.922387 0.752062 0.975538 0.956962 0.842495 0.992723 0.952459 0.734832 0.796977 0.627533 0.451047 0.361705 0.662342 0.661860 0.494998 0.455613 0.565405 0.510653 0.653069 0.815226 0.551513 0.508303 0.450104 0.376983 0.381623 0.569317 0.481223 0.597398 0.282206 0.229351 0.874441 0.915296 0.856429 0.824365 0.833757 0.882795 0.881362 0.940514 0.918237 0.881922 0.939709 0.953292 0.736820 0.893446 0.486968 0.838229 0.262772 0.403984 0.731658 0.402714 0.841567 0.967828 0.811516 0.975345 0.756751 0.619174 0.981500 0.887463 0.964869 0.991304 0.985281 0.816066 0.701232 0.931495 0.554283 0.658680 0.837761 0.850418 0.575435 0.560392 0.651831 0.704520 0.875688 0.855656 0.852009 0.717664 0.808505 0.845378 0.610729 0.763241 0.825206 0.969969
0.400089 0.407126 0.540312 0.543415 0.762650 0.781799 0.426135 0.513927 0.637121 0.690554 0.625558 0.504329 0.538352 0.453786 0.596133 0.608806 0.491369 0.515835 0.000000 0.473930 0.910480 0.903680 0.585925 0.774092 0.931890 0.887437 0.894674 0.976051 0.602217 0.587983 0.732962 0.850604 0.387368 0.393529 0.597869 0.933943 0.741109 0.976177 0.996847 0.875549 0.998162 0.869435 0.597452 0.594946 0.513688 0.522512 0.488578 0.466590 0.792750 0.702675 0.607899 0.600435 0.685213 0.788678 0.623254 0.565627 0.469071 0.396093 0.373943 0.425881 0.372674 0.482255 0.481756 0.526587 0.590448 0.646677 0.535801 0.518445 0.696143 0.781420 0.590526 0.723055 0.805200 0.861500 0.898594 0.917661 0.630439 0.620805 0.765066 0.733454 0.533006 0.642396 0.656000 0.666586 0.554989 0.673593 0.933627 0.926439 0.673427 0.544959 0.783690 0.838697 0.872890 0.820226 0.863069 0.725167 0.617019 0.927326 0.559641 0.575713 0.792050 0.918805 0.673690 0.785826 0.619345 0.481532 0.854939 0.749975 0.663524 0.682889 0.641479 0.758874 0.736509 0.835952 0.826592 0.954629
0.447065 0.369682 0.484537 0.432433 0.991412 0.714909 0.401037 0.410056 0.655453 0.763515 0.657727 0.508763 0.697823 0.558158 0.809492 0.766262 0.596649 0.609389 0.473930 0.000000 0.761878 0.862006 0.645040 0.666635 0.798068 0.708393 0.891383 0.901421 0.663473 0.671526 0.649483 0.610972 0.401891 0.402512 0.598222 0.872090 0.720482 0.822603 0.923137 0.908152 0.730124 0.870778 0.479424 0.506740 0.666879 0.670983 0.478489 0.375504 0.911782 0.746283 0.707812 0.678983 0.812596 0.822881 0.585349 0.560005 0.572703 0.558776 0.521878 0.423447 0.449025 0.377823 0.651328 0.630895 0.602194 0.456409 0.429631 0.387024 0.684430 0.685045 0.574168 0.641686 0.639009 0.681398 0.699917 0.815882 0.679799 0.782830 0.775552 0.789995 0.534784 0.523885 0.747290 0.733482 0.585768 0.573239 0.936124 0.921396 0.719245 0.551214 0.711806 0.892360 0.740526 0.850679 0.791466 0.802064 0.558671 0.827476 0.601238 0.610712 0.704691 0.781882 0.659537 0.896708 0.447062 0.535078 0.717930 0.761778 0.736434 0.697481 0.723469 0.899831 0.690491 0.726818 0.598628 0.934654
0.901982 0.863342 0.464308 0.449174 0.924402 0.947581 0.799580 0.832843 0.991831 0.719783 0.695256 0.865541 0.864427 0.991318 0.882342 0.853631 0.734780 0.767003 0.910480 0.761878 0.000000 0.748479 0.436015 0.424621 0.352328 0.364802 0.790687 0.890669 0.755360 0.897147 0.429848 0.567073 0.664233 0.713618 0.646097 0.748047 0.637689 0.705173 0.787737 0.819486 0.736454 0.699439 0.693029 0.846557 0.936632 0.825315 0.780656 0.789877 0.579002 0.833351 0.988630 0.911353 0.972630 0.948191 0.962827 0.993819 0.912185 0.840951 0.900026 0.992671 0.960353 0.838373 0.685552 0.714674 0.448746 0.478560 0.569592 0.585290 0.869276 0.847883 0.641781 0.590113 0.606386 0.688345 0.769899 0.731248 0.932362 0.727353 0.779619 0.879073 0.834231 0.924510 0.744149 0.877521 0.643110 0.530850 0.719133 0.940101 0.884980 0.863386 0.808184 0.919069 0.832762 0.890579 0.779466 0.760141 0.907590 0.928162 0.959449 0.990769 0.929482 0.981732 0.762377 0.716376 0.723110 0.776376 0.836228 0.973906 0.902070 0.953048 0.931679 0.947490 0.977436 0.934038 0.850442 0.968379
0.971292 0.880923 0.729369 0.756599 0.915333 0.813945 0.730770 0.750661 0.823947 0.910431 0.896391 0.940550 0.907971 0.950183 0.993237 0.989349 0.987240 0.982982 0.903680 0.862006 0.748479 0.000000 0.785215 0.866209 0.824824 0.831207 0.954570 0.846790 0.931142 0.984246 0.741038 0.914284 0.832560 0.817866 0.711923 0.961218 0.786298 0.840993 0.982007 0.875505 0.763860 0.885643 0.748163 0.783264 0.716884 0.816024 0.954696 0.707634 0.949744 0.773777 0.778404 0.788182 0.626306 0.605349 0.877301 0.816948 0.928065 0.929105 0.966919 0.915856 0.943396 0.914613 0.915559 0.988524 0.871174 0.890794 0.665642 0.775288 0.827027 0.839902 0.728156 0.695777 0.852829 0.727364 0.851997 0.783531 0.805102 0.706081 0.933096 0.872284 0.912307 0.975505 0.973993 0.910778 0.960847 0.945322 0.956501 0.894548 0.928824 0.808438 0.653280 0.805600 0.688416 0.728222 0.776317 0.812766 0.729261 0.899026 0.770006 0.812234 0.771177 0.834310 0.895252 0.846989 0.791704 0.788620 0.788773 0.866519 0.869351 0.834155 0.782465 0.886774 0.948358 0.659819 0.819409 0.965947
0.836518 0.736661 0.299938 0.363766 0.837439 0.972457 0.649906 0.764125 0.794600 0.780028 0.865046 0.942644 0.733384 0.699566 0.608187 0.426044 0.931047 0.903854 0.585925 0.645040 0.436015 0.785215 0.000000 0.273143 0.402654 0.392275 0.773502 0.782595 0.944319 0.940628 0.370229 0.544312 0.428042 0.573237 0.550376 0.803124 0.415032 0.717656 0.813215 0.712744 0.847783 0.807976 0.655037 0.840316 0.969010 0.939320 0.628752 0.627257 0.664056 0.803485 0.983674 0.943649 0.969735 0.940953 0.741861 0.934492 0.930585 0.919209 0.880622 0.836001 0.645412 0.695285 0.971707 0.936447 0.229612 0.401941 0.536922 0.541492 0.815606 0.802379 0.621665 0.608026 0.703247 0.764327 0.738089 0.816586 0.833595 0.564542 0.945262 0.705363 0.974687 0.822339 0.692652 0.973072 0.359928 0.357650 0.790996 0.970068 0.683621 0.658446 0.918533 0.904437 0.934664 0.924012 0.687916 0.719935 0.874595 0.954738 0.955346 0.892222 0.984807 0.887928 0.864723 0.758826 0.714996 0.636907 0.919134 0.982826 0.910113 0.950720 0.817366 0.960700 0.907851 0.925176 0.917291 0.948877
0.989773 0.802074 0.419330 0.387887 0.930411 0.868299 0.826349 0.885909 0.927029 0.520270 0.676795 0.917993 0.997878 0.773995 0.937769 0.657534 0.806165 0.773163 0.774092 0.666635 0.424621 0.866209 0.273143 0.000000 0.320788 0.362433 0.717504 0.782144 0.698437 0.913296 0.366929 0.400131 0.581822 0.711893 0.654967 0.723934 0.504288 0.662366 0.715973 0.811302 0.871913 0.761274 0.705463 0.887706 0.885012 0.804805 0.686689 0.688983 0.473065 0.782076 0.930659 0.885473 0.879257 0.930551 0.882898 0.967661 0.961593 0.953496 0.930082 0.942621 0.855339 0.806128 0.805328 0.756434 0.362210 0.410570 0.630936 0.582855 0.866800 0.908572 0.769098 0.659474 0.689191 0.744376 0.775153 0.787800 0.976027 0.662817 0.887693 0.672866 0.905786 0.885722 0.741189 0.944299 0.489378 0.343434 0.777855 0.920340 0.870034 0.682083 0.950297 0.716358 0.959111 0.871584 0.784209 0.853767 0.901120 0.940226 0.838769 0.919160 0.938714 0.807395 0.755004 0.676338 0.816492 0.798971 0.965439 0.936528 0.993200 0.969409 0.977608 0.842958 0.744467 0.998898 0.955883 0.966737
0.784412 0.937828 0.393161 0.412654 0.944025 0.864806 0.874733 0.947740 0.909281 0.576050 0.533846 0.717886 0.737713 0.905606 0.957066 0.876504 0.687080 0.704039 0.931890 0.798068 0.352328 0.824824 0.402654 0.320788 0.000000 0.227412 0.631487 0.750344 0.634609 0.812626 0.323112 0.476035 0.691144 0.774632 0.605954 0.617200 0.427355 0.476484 0.622568 0.718809 0.796891 0.832356 0.751279 0.963558 0.908276 0.752167 0.785696 0.832131 0.541255 0.795831 0.994635 0.836819 0.881117 0.990381 0.886830 0.965953 0.828876 0.797394 0.750431 0.833103 0.907265 0.972385 0.595438 0.591706 0.390179 0.482364 0.626756 0.619749 0.785769 0.910876 0.627324 0.600322 0.529396 0.589370 0.833579 0.863042 0.921657 0.631299 0.750611 0.813873 0.873137 0.862703 0.756306 0.934578 0.581688 0.378932 0.831300 0.972656 0.858332 0.788233 0.951198 0.825565 0.847555 0.995448 0.757335 0.808474 0.918757 0.949791 0.847820 0.847747 0.945257 0.780058 0.832996 0.731857 0.900935 0.910914 0.903419 0.912604 0.960115 0.999017 0.989035 0.804315 0.737642 0.967222 0.985384 0.984348
0.925713 0.837461 0.313606 0.320057 0.899544 0.982804 0.718939 0.759854 0.950078 0.706067 0.649435 0.836864 0.825083 0.975872 0.980947 0.857615 0.749504 0.744527 0.887437 0.708393 0.364802 0.831207 0.392275 0.362433 0.227412 0.000000 0.820944 0.786991 0.698575 0.833933 0.284382 0.444322 0.612892 0.675258 0.610312 0.577684 0.392967 0.507937 0.656252 0.716230 0.729279 0.837170 0.625481 0.850270 0.945516 0.817036 0.703117 0.779074 0.527074 0.795825 0.927618 0.921071 0.939481 0.933868 0.872752 0.991816 0.834389 0.827744 0.859293 0.974513 0.945213 0.780659 0.609869 0.647810 0.360108 0.365262 0.492357 0.497813 0.820148 0.859034 0.524014 0.476596 0.498737 0.557719 0.858998 0.783210 0.843749 0.626934 0.727214 0.802198 0.895002 0.886732 0.854632 0.858304 0.608676 0.419143 0.848607 0.937430 0.781623 0.809603 0.759675 0.984451 0.693819 0.836304 0.757253 0.765877 0.833598 0.961675 0.988992 0.975493 0.833287 0.946748 0.907892 0.766595 0.764954 0.806550 0.788982 0.934501 0.907196 0.944052 0.813298 0.939359 0.890418 0.913394 0.932550 0.921249
0.705406 0.817551 0.940852 0.972679 0.770058 0.609914 0.677812 0.619027 0.737880 0.603104 0.673286 0.702351 0.875928 0.794389 0.905120 0.907655 0.791962 0.775797 0.894674 0.891383 0.790687 0.954570 0.773502 0.717504 0.631487 0.820944 0.000000 0.891728 0.705874 0.734951 0.953256 0.999178 0.891321 0.762474 0.969986 0.882559 0.755608 0.886649 0.755895 0.721447 0.959289 0.800496 0.805864 0.638939 0.706007 0.672788 0.884571 0.846209 0.897884 0.775146 0.725469 0.655509 0.703769 0.709724 0.917684 0.839720 0.902050 0.885483 0.674467 0.588184 0.693014 0.690054 0.799152 0.707689 0.714010 0.995569 0.823258 0.788962 0.887863 0.882352 0.901232 0.885177 0.895225 0.962520 0.892102 0.876278 0.846197 0.981521 0.929870 0.850777 0.935174 0.983176 0.857283 0.939275 0.654162 0.692684 0.826184 0.935033 0.980666 0.894249 0.675562 0.743446 0.742811 0.767551 0.800551 0.987446 0.742327 0.807956 0.676147 0.703534 0.465199 0.600473 0.769941 0.768936 0.855534 0.903553 0.763324 0.619571 0.714772 0.816124 0.821148 0.694222 0.792534 0.803097 0.747170 0.938948
0.824520 0.842932 0.837978 0.867857 0.967181 0.918652 0.913689 0.877795 0.826674 0.837883 0.642552 0.718477 0.847339 0.883467 0.981903 0.961075 0.864068 0.839823 0.976051 0.901421 0.890669 0.846790 0.782595 0.782144 0.750344 0.786991 0.891728 0.000000 0.796357 0.792251 0.829418 0.959230 0.999284 0.903394 0.920849 0.991031 0.744904 0.900349 0.910090 0.905934 0.888033 0.946879 0.941904 0.940516 0.916253 0.926399 0.915582 0.863352 0.837379 0.949076 0.922527 0.883764 0.909773 0.999860 0.871538 0.862897 0.941762 0.878408 0.830994 0.913014 0.832055 0.851175 0.789203 0.705998 0.814428 0.907954 0.962243 0.955619 0.878359 0.852905 0.986151 0.836788 0.860968 0.885653 0.989152 0.954619 0.909746 0.930416 0.688077 0.865191 0.865342 0.991521 0.913699 0.886407 0.883828 0.867868 0.996708 0.988489 0.914496 0.851612 0.949462 0.873890 0.963556 0.906895 0.985925 0.976403 0.913757 0.872414 0.833523 0.922587 0.865807 0.818983 0.914279 0.848710 0.909861 0.841288 0.957833 0.797363 0.864191 0.965101 0.949153 0.890307 0.868993 0.955424 0.822908 0.991755
0.397817 0.602949 0.997250 0.929068 0.796483 0.804017 0.604048 0.623074 0.564800 0.397625 0.310587 0.359339 0.449736 0.490547 0.570818 0.693758 0.351431 0.266038 0.602217 0.663473 0.755360 0.931142 0.944319 0.698437 0.634609 0.698575 0.705874 0.796357 0.000000 0.276669 0.929310 0.934567 0.609928 0.623477 0.923394 0.706940 0.933251 0.887639 0.757015 0.990380 0.991399 0.772632 0.858365 0.699537 0.496405 0.410216 0.736105 0.724959 0.511112 0.578809 0.678313 0.591199 0.717714 0.898954 0.637858 0.556058 0.546385 0.491151 0.409602 0.567724 0.421935 0.561687 0.269331 0.209954 0.887995 0.918503 0.893656 0.889791 0.940953 0.842078 0.907721 0.952868 0.959215 0.890848 0.953421 0.927134 0.708405 0.959880 0.477567 0.898861 0.343718 0.516750 0.730697 0.463057 0.826838 0.993927 0.888089 0.993577 0.765084 0.658705 0.959660 0.892592 0.959744 0.973098 0.967831 0.829927 0.809300 0.920815 0.563893 0.641996 0.860953 0.834107 0.634932 0.718537 0.655941 0.713370 0.824296 0.845316 0.895419 0.673049 0.860863 0.821602 0.626842 0.769381 0.756970 0.915478
0.488708 0.616653 0.910826 0.954789 0.868212 0.951939 0.609890 0.673690 0.670036 0.557501 0.396778 0.410397 0.481052 0.410772 0.652276 0.680863 0.367523 0.303295 0.587983 0.671526 0.897147 0.984246 0.940628 0.913296 0.812626 0.833933 0.734951 0.792251 0.276669 0.000000 0.924261 0.879803 0.594222 0.587078 0.945314 0.745394 0.971977 0.931708 0.849113 0.915622 0.922680 0.862261 0.841434 0.673531 0.538810 0.503019 0.728176 0.732298 0.633201 0.641609 0.694669 0.639895 0.743473 0.921623 0.638279 0.618370 0.560080 0.542617 0.460847 0.657687 0.466043 0.581014 0.315673 0.257555 0.947419 0.987901 0.872175 0.851663 0.988283 0.941714 0.905125 0.954101 0.902670 0.820154 0.948909 0.926057 0.714639 0.847755 0.599004 0.785610 0.336376 0.474614 0.576483 0.474581 0.786233 0.885902 0.855409 0.951992 0.805310 0.621638 0.946127 0.949139 0.869567 0.912302 0.989779 0.860441 0.818315 0.914913 0.697883 0.788130 0.845686 0.969975 0.755769 0.784058 0.697812 0.785270 0.927158 0.978055 0.945546 0.807473 0.950748 0.954630 0.789288 0.885994 0.845830 0.864966
0.962073 0.713582 0.350917 0.380549 0.904969 0.974903 0.614424 0.661258 0.870318 0.797767 0.825132 0.943402 0.929149 0.836782 0.954938 0.773241 0.951476 0.952595 0.732962 0.649483 0.429848 0.741038 0.370229 0.366929 0.323112 0.284382 0.953256 0.829418 0.929310 0.924261 0.000000 0.331519 0.427044 0.547899 0.523479 0.707705 0.448148 0.554524 0.795214 0.842206 0.686560 0.967089 0.550504 0.698830 0.824900 0.924390 0.685495 0.682465 0.650283 0.981910 0.777419 0.900815 0.879747 0.802293 0.712959 0.831388 0.988936 0.971896 0.996469 0.887141 0.756609 0.675246 0.860716 0.902205 0.468940 0.432558 0.455069 0.465157 0.752693 0.791439 0.569399 0.474042 0.453795 0.550854 0.839794 0.705850 0.878212 0.609173 0.918996 0.731915 0.968420 0.776950 0.672938 0.933843 0.616156 0.454390 0.922755 0.981652 0.781543 0.695498 0.806800 0.864451 0.787109 0.941196 0.739764 0.768399 0.700772 0.917840 0.920454 0.949078 0.833759 0.991020 0.958075 0.880505 0.717034 0.692982 0.751136 0.889548 0.863332 0.814043 0.796933 0.946539 0.861539 0.788402 0.807861 0.912872
0.966789 0.715642 0.560257 0.542065 0.804721 0.933708 0.767607 0.760310 0.986577 0.737339 0.877391 0.992169 0.891796 0.748125 0.915374 0.904195 0.925866 0.986978 0.850604 0.610972 0.567073 0.914284 0.544312 0.400131 0.476035 0.444322 0.999178 0.959230 0.934567 0.879803 0.331519 0.000000 0.549112 0.634400 0.737541 0.789506 0.669517 0.625473 0.734781 0.941730 0.836471 0.919608 0.635036 0.662955 0.928542 0.929386 0.696477 0.692330 0.636882 0.999882 0.829360 0.888867 0.959315 0.917392 0.760327 0.808121 0.960273 0.997288 0.996874 0.866249 0.819857 0.712093 0.870004 0.931831 0.662021 0.528046 0.636002 0.557871 0.947111 0.953750 0.776268 0.629730 0.519508 0.522977 0.893948 0.724319 0.984579 0.701965 0.970111 0.713403 0.937302 0.771851 0.727375 0.978406 0.731324 0.503831 0.922967 0.871997 0.885177 0.772435 0.999908 0.720499 0.950451 0.887192 0.849462 0.890245 0.780510 0.952540 0.989180 0.948923 0.839671 0.991796 0.919773 0.792655 0.694653 0.802566 0.857060 0.896922 0.955577 0.945834 0.967548 0.858626 0.898973 0.816135 0.848395 0.915133
0.465236 0.391414 0.408682 0.429794 0.913832 0.705365 0.367400 0.412109 0.577771 0.809532 0.692719 0.534125 0.615500 0.453269 0.628719 0.577051 0.666195 0.631113 0.387368 0.401891 0.664233 0.832560 0.428042 0.581822 0.691144 0.612892 0.891321 0.999284 0.609928 0.594222 0.427044 0.549112 0.000000 0.284527 0.462556 0.879710 0.642254 0.869177 0.958994 0.872695 0.748314 0.952845 0.485145 0.528374 0.582849 0.614131 0.502532 0.489987 0.943471 0.793839 0.669855 0.687629 0.772571 0.848373 0.533165 0.577522 0.581754 0.552236 0.500754 0.436616 0.327440 0.358185 0.633730 0.613835 0.498607 0.446450 0.410739 0.379227 0.720411 0.686556 0.537859 0.579776 0.602666 0.674530 0.772592 0.734185 0.681664 0.608042 0.785501 0.661878 0.591905 0.546666 0.639950 0.714116 0.450566 0.455477 0.917926 0.984612 0.634251 0.542478 0.783661 0.996477 0.805592 0.882303 0.788188 0.620643 0.652328 0.896016 0.606397 0.655304 0.726004 0.838037 0.809065 0.874051 0.484294 0.453477 0.765187 0.793664 0.746068 0.651219 0.738978 0.864713 0.777484 0.794226 0.584450 0.950693
0.404785 0.325910 0.417225 0.412520 0.953022 0.694216 0.270194 0.322469 0.497977 0.678902 0.617381 0.455658 0.667810 0.521215 0.738085 0.694644 0.616444 0.578623 0.393529 0.402512 0.713618 0.817866 0.573237 0.711893 0.774632 0.675258 0.762474 0.903394 0.623477 0.587078 0.547899 0.634400 0.284527 0.000000 0.498555 0.848159 0.774197 0.851953 0.986301 0.818207 0.810817 0.859929 0.436269 0.440151 0.538860 0.576750 0.490722 0.451222 0.983510 0.724923 0.591784 0.577282 0.662045 0.706911 0.613421 0.602885 0.594521 0.539691 0.433990 0.408371 0.342764 0.324288 0.636986 0.575677 0.587768 0.454484 0.328811 0.320971 0.710236 0.703699 0.432306 0.511266 0.628037 0.639379 0.837864 0.813879 0.558659 0.617385 0.694786 0.719471 0.578750 0.600922 0.726056 0.753136 0.616261 0.597565 0.973562 0.996201 0.614279 0.571536 0.610820 0.780501 0.610223 0.712047 0.763576 0.725484 0.526763 0.857585 0.478071 0.526541 0.554976 0.701026 0.678864 0.769787 0.464126 0.424833 0.608702 0.595080 0.692944 0.641636 0.628410 0.805950 0.648177 0.794431 0.623362 0.986730
0.748068 0.651987 0.421647 0.464720 0.890233 0.808705 0.440486 0.511448 0.592781 0.811647 0.999394 0.865655 0.984297 0.897054 0.835793 0.834462 0.869798 0.922387 0.597869 0.598222 0.646097 0.711923 0.550376 0.654967 0.605954 0.610312 0.969986 0.920849 0.923394 0.945314 0.523479 0.737541 0.462556 0.498555 0.000000 0.738872 0.680114 0.807761 0.936131 0.825303 0.643618 0.904041 0.532895 0.615796 0.630513 0.753366 0.740119 0.580455 0.925751 0.848646 0.679061 0.774116 0.628584 0.657242 0.681166 0.696831 0.837648 0.845949 0.778255 0.678888 0.702683 0.674380 0.984339 0.950595 0.512407 0.554653 0.351587 0.440321 0.642505 0.721617 0.418321 0.498299 0.615304 0.642914 0.916474 0.793580 0.618781 0.696234 0.963599 0.875469 0.887202 0.854476 0.858220 0.982794 0.700274 0.650179 0.940523 0.917065 0.802532 0.701304 0.517653 0.732583 0.549228 0.581101 0.609221 0.735038 0.591291 0.756845 0.656052 0.667732 0.786829 0.821634 0.796278 0.954653 0.688466 0.542309 0.861683 0.742038 0.694221 0.682483 0.643619 0.911191 0.891933 0.829426 0.680875 0.989365
0.841671 0.942852 0.729080 0.688879 0.852330 0.996794 0.901764 0.927320 0.993965 0.841417 0.711557 0.830708 0.674529 0.800610 0.898911 0.921990 0.855332 0.752062 0.933943 0.872090 0.748047 0.961218 0.803124 0.723934 0.617200 0.577684 0.882559 0.991031 0.706940 0.745394 0.707705 0.789506 0.879710 0.848159 0.738872 0.000000 0.723230 0.852962 0.818985 0.884645 0.837728 0.855629 0.819753 0.913241 0.987473 0.896804 0.958211 0.917680 0.807449 0.928638 0.882711 0.994135 0.860315 0.802587 0.908526 0.962879 0.836132 0.853355 0.800282 0.898544 0.875259 0.962478 0.707541 0.691979 0.778078 0.746608 0.715464 0.754534 0.932708 0.889263 0.696685 0.701936 0.689370 0.808517 0.947901 0.913351 0.888554 0.974855 0.869975 0.925155 0.884630 0.907782 0.971862 0.865594 0.949802 0.764188 0.916573 0.929190 0.914934 0.961031 0.764995 0.946852 0.685932 0.799574 0.973698 0.976026 0.795779 0.938466 0.966626 0.923511 0.850506 0.917347 0.990894 0.841824 0.994770 0.949716 0.961436 0.903031 0.842534 0.919367 0.820921 0.968641 0.822878 0.994838 0.996864 0.994404
0.949903 0.817043 0.414757 0.487230 0.957518 0.977867 0.751936 0.873630 0.845192 0.811288 0.834300 0.863732 0.981041 0.906657 0.801588 0.616185 0.975948 0.975538 0.741109 0.720482 0.637689 0.786298 0.415032 0.504288 0.427355 0.392967 0.755608 0.744904 0.933251 0.971977 0.448148 0.669517 0.642254 0.774197 0.680114 0.723230 0.000000 0.507129 0.701329 0.713515 0.699565 0.997169 0.680539 0.886633 0.876932 0.996706 0.673785 0.765002 0.861373 0.975022 0.851478 0.943430 0.941816 0.913347 0.657237 0.909420 0.977822 0.965208 0.979083 0.964435 0.897265 0.872497 0.878835 0.887094 0.448707 0.619596 0.634526 0.637346 0.712895 0.789798 0.642697 0.631438 0.597657 0.682387 0.890514 0.857328 0.809476 0.624707 0.976621 0.884094 0.895344 0.758314 0.707956 0.939994 0.529356 0.453674 0.972166 0.982733 0.693379 0.636424 0.932211 0.988563 0.883424 0.924269 0.762550 0.784954 0.905307 0.960369 0.918830 0.925501 0.996470 0.778187 0.895937 0.909397 0.810906 0.853118 0.949823 0.928076 0.747759 0.962049 0.789218 0.945945 0.866021 0.819002 0.993296 0.976677
0.934374 0.891308 0.653473 0.618701 0.853221 0.922317 0.865616 0.913153 0.995208 0.838976 0.870344 0.894096 0.834126 0.993624 0.935621 0.947873 0.947926 0.956962 0.976177 0.822603 0.705173 0.840993 0.717656 0.662366 0.476484 0.507937 0.886649 0.900349 0.887639 0.931708 0.554524 0.625473 0.869177 0.851953 0.807761 0.852962 0.507129 0.000000 0.667861 0.733190 0.833173 0.930626 0.836040 0.916218 0.993054 0.908368 0.729708 0.849930 0.827117 0.953332 0.882208 0.997283 0.971800 0.974293 0.872613 0.972010 0.906274 0.913244 0.933255 0.892060 0.968924 0.908888 0.815369 0.871748 0.683765 0.701641 0.768558 0.754033 0.757099 0.901814 0.707073 0.734289 0.510114 0.618227 0.864249 0.983255 0.882664 0.728603 0.864017 0.881904 0.923962 0.816136 0.723364 0.888311 0.709654 0.526086 0.979061 0.874497 0.827289 0.730416 0.971972 0.909605 0.907446 0.968575 0.732363 0.836816 0.857116 0.849663 0.907008 0.885539 0.936040 0.786341 0.966262 0.877758 0.915355 0.991308 0.864590 0.939927 0.903884 0.978836 0.983675 0.800216 0.854088 0.831679 0.970714 0.895939
