0.000000 0.242153 0.813325 0.591454 0.917337 0.838111 0.764764 0.597230 0.899758 0.944993 0.343034 0.293858 0.496085 0.584271 0.607764 0.530084 0.321978 0.368131 0.449486 0.384811 0.685987 0.919953 0.777862 0.705563 0.815665 0.937333 0.854816 0.873138 0.518776 0.536734 0.919467 0.971478 0.506195 0.517788 0.863027 0.733857 0.637411 0.659061 0.707464 0.641669 0.618693 0.701545 0.739063 0.678493 0.792059 0.652529 0.401791 0.413309 0.502283 0.502717 0.733656 0.693454 0.983338 0.670519 0.502948 0.518811 0.280836 0.283027 0.306637 0.390863 0.384256 0.421859 0.434973 0.344219 0.659780 0.493515 0.751115 0.804168 0.378309 0.459156 0.853180 0.817061 0.720373 0.702281 0.714477 0.856655 0.759665 0.811864 0.491286 0.515151 0.286775 0.310314 0.628660 0.386864 0.517372 0.547133 0.893464 0.991032 0.627344 0.561511 0.990261 0.892289 0.967360 0.878004 0.650497 0.852464 0.825114 0.838759 0.739002 0.767679 0.976175 0.915745 0.799372 0.744661 0.625032 0.607717 0.959863 0.967167 0.829455 0.891186 0.928339 0.582461 0.838351 0.920923 0.785347 0.982603
0.242153 0.000000 0.747579 0.524113 0.941973 0.828579 0.729934 0.571263 0.814852 0.940146 0.345694 0.288523 0.526523 0.562170 0.610848 0.477063 0.329636 0.363801 0.470619 0.358375 0.639186 0.829108 0.757182 0.644323 0.767548 0.852167 0.855086 0.794213 0.430494 0.525111 0.806850 0.870202 0.444464 0.440792 0.943605 0.704541 0.603334 0.638708 0.650912 0.626316 0.626836 0.654282 0.655689 0.582071 0.730834 0.602355 0.412078 0.405114 0.477769 0.473277 0.612188 0.625067 0.859740 0.780112 0.551698 0.588654 0.243465 0.254049 0.338890 0.401221 0.399677 0.414859 0.469250 0.370769 0.617266 0.489640 0.698478 0.719817 0.356775 0.435331 0.751272 0.701078 0.644811 0.632630 0.721051 0.904849 0.688435 0.717238 0.444806 0.462291 0.327306 0.367811 0.602875 0.415529 0.553670 0.558292 0.953049 0.995127 0.667206 0.591620 0.992177 0.954426 0.941766 0.905882 0.627785 0.824228 0.879841 0.848721 0.724099 0.740332 0.975035 0.910946 0.792326 0.786808 0.597745 0.598743 0.950881 0.929048 0.861904 0.954374 0.913132 0.589992 0.867404 0.881556 0.816549 0.999534
0.813325 0.747579 0.000000 0.356510 0.958902 0.831271 0.539343 0.523511 0.669387 0.928674 0.801475 0.779026 0.675344 0.760811 0.785945 0.662862 0.987749 0.986499 0.630214 0.767576 0.630119 0.929578 0.688989 0.750686 0.480919 0.424287 0.987408 0.893668 0.868622 0.968217 0.618218 0.667247 0.619394 0.697171 0.888037 0.885087 0.627190 0.621467 0.534069 0.684945 0.910035 0.927300 0.657264 0.720449 0.823566 0.777930 0.653761 0.793128 0.856025 0.747758 0.660993 0.673563 0.859642 0.895881 0.821150 0.899261 0.873039 0.884610 0.843426 0.761878 0.687380 0.673853 0.878763 0.928656 0.489128 0.476449 0.634210 0.609613 0.743232 0.628985 0.753191 0.682189 0.674956 0.621137 0.992509 0.850712 0.621044 0.725116 0.637991 0.855615 0.946226 0.901661 0.983698 0.927119 0.795036 0.789085 0.939990 0.911473 0.980355 0.874586 0.703141 0.661903 0.626913 0.665980 0.857838 0.964187 0.784526 0.820622 0.838684 0.811063 0.971322 0.795358 0.990539 0.894702 0.676939 0.878351 0.929300 0.809786 0.926549 0.915279 0.969969 0.895538 0.733496 0.953290 0.771255 0.910567
0.591454 0.524113 0.356510 0.000000 0.872300 0.785224 0.561338 0.438144 0.679249 0.952373 0.586859 0.546518 0.549988 0.492631 0.606650 0.504448 0.817593 0.747112 0.527693 0.552754 0.553817 0.893635 0.564865 0.561737 0.513344 0.432185 0.889929 0.834310 0.697740 0.776161 0.615885 0.652236 0.476939 0.574567 0.888151 0.828715 0.532806 0.565326 0.482047 0.654729 0.822478 0.894367 0.628802 0.612584 0.768145 0.706257 0.588738 0.699835 0.680257 0.524949 0.559211 0.555528 0.733307 0.919536 0.695041 0.754404 0.655970 0.654529 0.724626 0.660798 0.592330 0.572371 0.891661 0.822153 0.414638 0.388770 0.655647 0.679902 0.550377 0.398639 0.712351 0.648821 0.782561 0.674632 0.903836 0.810832 0.663105 0.717199 0.460197 0.678752 0.736623 0.678148 0.831584 0.712862 0.629222 0.587729 0.933297 0.982425 0.833578 0.701028 0.779904 0.738565 0.648540 0.709291 0.692394 0.847704 0.859997 0.923775 0.788045 0.813274 0.930154 0.829740 0.921488 0.992636 0.595973 0.691826 0.953856 0.957078 0.985162 0.961274 0.814369 0.889621 0.787284 0.924731 0.685180 0.910706
0.917337 0.941973 0.958902 0.872300 0.000000 0.983638 0.973025 0.923213 0.892061 0.960694 0.949433 0.882168 0.698805 0.862199 0.697515 0.815975 0.990839 0.995999 0.945719 0.997931 0.966728 0.798320 0.860640 0.842936 0.993294 0.778021 0.828209 0.869959 0.967912 0.891308 0.885891 0.869739 0.986153 0.910627 0.761979 0.934786 0.846206 0.941746 0.916902 0.953732 0.988444 0.861168 0.889727 0.880078 0.968443 0.964972 0.959215 0.932554 0.981620 0.989571 0.921758 0.984945 0.946627 0.994623 0.939715 0.969645 0.984153 0.981750 0.967443 0.964029 0.851432 0.878458 0.957436 0.943736 0.970471 0.930364 0.918146 0.801345 0.949696 0.941830 0.829033 0.848822 0.800674 0.939740 0.995657 0.903119 0.915568 0.943122 0.857086 0.918272 0.935217 0.994137 0.997669 0.932075 0.935945 0.902844 0.721516 0.864339 0.818087 0.942709 0.981881 0.894968 0.947448 0.982455 0.884442 0.910226 0.974777 0.986439 0.985004 0.959944 0.826814 0.896609 0.926754 0.977773 0.990997 0.971793 0.953908 0.914759 0.969270 0.960445 0.991051 0.924359 0.860268 0.976795 0.981302 0.898094
0.838111 0.828579 0.831271 0.785224 0.983638 0.000000 0.665768 0.550039 0.704500 0.611152 0.890543 0.696653 0.796053 0.823924 0.986914 0.674238 0.819972 0.935731 0.698434 0.791072 0.799890 0.987258 0.975919 0.948234 0.912738 0.869678 0.646284 0.898410 0.811758 0.801049 0.814471 0.721045 0.721741 0.722944 0.853072 0.793071 0.987249 0.932312 0.936376 0.913940 0.925390 0.869086 0.796580 0.932132 0.986589 0.890417 0.973294 0.884335 0.922772 0.918127 0.987790 0.979310 0.999020 0.944949 0.873225 0.933370 0.970558 0.941738 0.923308 0.979183 0.771705 0.658403 0.887737 0.968812 0.890674 0.710785 0.923067 0.787626 0.972303 0.859212 0.502664 0.554164 0.613243 0.654740 0.965556 0.892483 0.646912 0.716350 0.885114 0.885501 0.973873 0.952359 0.776834 0.897446 0.798765 0.876314 0.791834 0.724683 0.811969 0.752787 0.525398 0.568699 0.551621 0.643802 0.809014 0.863636 0.710035 0.785866 0.522287 0.684139 0.714155 0.808746 0.704350 0.859324 0.834754 0.954862 0.995593 0.879677 0.859792 0.965503 0.929403 0.712841 0.724278 0.918987 0.907748 0.882557
0.764764 0.729934 0.539343 0.561338 0.973025 0.665768 0.000000 0.325619 0.372819 0.517999 0.661731 0.704406 0.767860 0.825583 0.708642 0.477816 0.681258 0.651166 0.372699 0.601468 0.702656 0.914983 0.591368 0.774655 0.910122 0.783853 0.745148 0.840173 0.561397 0.513445 0.320682 0.353899 0.329484 0.340315 0.991307 0.996746 0.854114 0.779999 0.808176 0.929128 0.958713 0.942298 0.411315 0.470765 0.390918 0.541599 0.785996 0.789358 0.738713 0.820811 0.635494 0.692569 0.631145 0.628020 0.909585 0.897606 0.670374 0.938883 0.864884 0.913136 0.540334 0.823939 0.817007 0.807468 0.811493 0.824600 0.350515 0.473534 0.891623 0.864183 0.517203 0.439745 0.478431 0.477980 0.997420 0.799735 0.521884 0.472960 0.629009 0.678018 0.810134 0.880652 0.831368 0.971352 0.922319 0.933523 0.885273 0.919730 0.867473 0.954351 0.528169 0.542030 0.590420 0.642927 0.668478 0.641754 0.649195 0.641173 0.424513 0.423947 0.780469 0.503349 0.614113 0.766280 0.596052 0.843251 0.824801 0.801935 0.765477 0.962976 0.852359 0.660931 0.436733 0.888335 0.694357 0.988853
0.597230 0.571263 0.523511 0.438144 0.923213 0.550039 0.325619 0.000000 0.430104 0.468775 0.540476 0.466599 0.667214 0.625681 0.730401 0.475844 0.617714 0.616561 0.364819 0.440637 0.714967 0.910688 0.727866 0.816978 0.829645 0.718122 0.727868 0.882497 0.538987 0.521784 0.473645 0.511261 0.380683 0.349113 0.936801 0.877688 0.721022 0.723650 0.714300 0.767413 0.804377 0.831706 0.476568 0.550567 0.543106 0.647304 0.723652 0.746310 0.767887 0.760431 0.654631 0.701148 0.781146 0.811191 0.853669 0.770541 0.621374 0.803035 0.724292 0.863981 0.470283 0.495846 0.831441 0.741960 0.784823 0.585029 0.492527 0.554963 0.755413 0.745369 0.406409 0.347157 0.496074 0.451779 0.848426 0.791430 0.461678 0.545215 0.525537 0.671444 0.722799 0.827739 0.977427 0.914256 0.950146 0.934460 0.765864 0.775734 0.960415 0.951767 0.457483 0.505795 0.445742 0.612981 0.671219 0.685905 0.541247 0.642542 0.395518 0.420824 0.671210 0.604086 0.516672 0.671735 0.530083 0.710232 0.879505 0.826317 0.801282 0.969050 0.945448 0.606850 0.517730 0.834651 0.644426 0.970488
0.899758 0.814852 0.669387 0.679249 0.892061 0.704500 0.372819 0.430104 0.000000 0.438716 0.752520 0.716163 0.860511 0.887989 0.837720 0.596287 0.772926 0.725159 0.557501 0.651494 0.758971 0.968747 0.766592 0.960983 0.986672 0.717804 0.747535 0.831594 0.581079 0.626954 0.383861 0.431068 0.495756 0.482055 0.966353 0.961150 0.814145 0.905989 0.756294 0.878927 0.996464 0.814231 0.471579 0.525190 0.488230 0.656758 0.937441 0.894438 0.828936 0.866388 0.658782 0.714866 0.636324 0.586210 0.882724 0.982615 0.754367 0.939109 0.940088 0.773153 0.725369 0.827546 0.900972 0.872806 0.914118 0.936665 0.563335 0.668390 0.963768 0.926925 0.467375 0.441017 0.571126 0.568124 0.922066 0.774002 0.509805 0.457078 0.705816 0.714616 0.938727 0.916280 0.927829 0.927134 0.886417 0.899138 0.698255 0.805078 0.733258 0.853691 0.461143 0.472130 0.538865 0.523531 0.754870 0.781925 0.748807 0.670348 0.497664 0.445906 0.660868 0.475969 0.608997 0.739321 0.716682 0.970817 0.849321 0.787311 0.850118 0.925099 0.861856 0.654930 0.636858 0.964741 0.766953 0.975558
0.944993 0.940146 0.928674 0.952373 0.960694 0.611152 0.517999 0.468775 0.438716 0.000000 0.780425 0.720220 0.959421 0.934937 0.997796 0.722523 0.712829 0.718081 0.616500 0.625838 0.936686 0.904610 0.974479 0.792781 0.739747 0.968230 0.627614 0.653622 0.578230 0.555049 0.605024 0.629524 0.679859 0.556033 0.920748 0.960560 0.953996 0.974340 0.906689 0.998620 0.974965 0.879807 0.695247 0.784031 0.645556 0.862496 0.851557 0.904207 0.941689 0.822156 0.984656 0.944270 0.901566 0.699317 0.753836 0.921032 0.888986 0.872505 0.893895 0.687770 0.734425 0.794232 0.886183 0.864031 0.717677 0.938972 0.708567 0.794849 0.892896 0.822102 0.388867 0.409794 0.555764 0.540659 0.938096 0.796372 0.607128 0.539570 0.823357 0.901660 0.981751 0.815994 0.842135 0.744335 0.593238 0.609518 0.660446 0.656449 0.750452 0.718075 0.353619 0.424363 0.468080 0.527526 0.885403 0.689939 0.660021 0.658493 0.367471 0.430086 0.575580 0.509931 0.408459 0.558250 0.772867 0.915586 0.936929 0.848223 0.739345 0.958878 0.688245 0.573363 0.582511 0.980255 0.837464 0.988486
0.343034 0.345694 0.801475 0.586859 0.949433 0.890543 0.661731 0.540476 0.752520 0.780425 0.000000 0.330827 0.610429 0.594076 0.655267 0.570954 0.306253 0.259102 0.400490 0.377537 0.750758 0.997340 0.842981 0.721449 0.986567 0.984860 0.884588 0.953279 0.350155 0.336071 0.757065 0.812704 0.468297 0.409026 0.915588 0.717803 0.707146 0.690521 0.701393 0.779624 0.646986 0.704550 0.735710 0.673788 0.739464 0.681681 0.569840 0.593758 0.667935 0.690904 0.756205 0.824176 0.943556 0.789093 0.649130 0.710564 0.320876 0.346226 0.472165 0.551215 0.352010 0.497625 0.346257 0.281952 0.824347 0.596682 0.696689 0.732178 0.486291 0.530419 0.787556 0.692437 0.616744 0.642310 0.772409 0.783298 0.741747 0.770563 0.415611 0.490365 0.377400 0.390114 0.666930 0.500116 0.736703 0.694721 0.993104 0.971834 0.770371 0.661006 0.972238 0.967229 0.972540 0.947203 0.629810 0.807215 0.862502 0.791574 0.751831 0.807600 0.999794 0.917175 0.740439 0.655882 0.660854 0.698990 0.814724 0.926910 0.913701 0.892276 0.945162 0.628323 0.784120 0.998246 0.738420 0.937191
0.293858 0.288523 0.779026 0.546518 0.882168 0.696653 0.704406 0.466599 0.716163 0.720220 0.330827 0.000000 0.424370 0.435541 0.545905 0.399525 0.334572 0.392102 0.438443 0.349579 0.707833 0.904533 0.789269 0.696450 0.904485 0.900183 0.915443 0.956559 0.404347 0.449825 0.817769 0.840648 0.469766 0.457232 0.865608 0.718627 0.652444 0.709940 0.711222 0.682433 0.675875 0.670669 0.702750 0.668009 0.750879 0.667106 0.490434 0.543808 0.576701 0.560381 0.676742 0.684403 0.867379 0.859394 0.633759 0.648259 0.370983 0.389228 0.472366 0.518830 0.333556 0.312374 0.486240 0.387152 0.741615 0.469899 0.805214 0.827590 0.486164 0.554176 0.651968 0.627832 0.668034 0.621920 0.684917 0.836437 0.655389 0.695370 0.472958 0.522769 0.388439 0.468154 0.724489 0.510407 0.723991 0.648484 0.927472 0.879707 0.660658 0.690917 0.779031 0.872808 0.766344 0.946713 0.683119 0.791680 0.787649 0.822868 0.649844 0.685851 0.894113 0.895460 0.655241 0.634015 0.609701 0.647636 0.873234 0.950660 0.820826 0.953964 0.945847 0.565136 0.856738 0.937560 0.749571 0.981561
0.496085 0.526523 0.675344 0.549988 0.698805 0.796053 0.767860 0.667214 0.860511 0.959421 0.610429 0.424370 0.000000 0.351509 0.310658 0.333177 0.727324 0.782983 0.567788 0.560324 0.832878 0.975021 0.464787 0.438397 0.744636 0.865443 0.740260 0.911673 0.711195 0.759420 0.979596 0.950329 0.595542 0.701438 0.807994 0.780059 0.744206 0.796324 0.689639 0.749215 0.963448 0.824009 0.873375 0.841007 0.866587 0.759211 0.551042 0.652063 0.561810 0.505832 0.630893 0.566421 0.763638 0.934033 0.705606 0.615746 0.659076 0.606021 0.665283 0.602611 0.443999 0.478032 0.760255 0.728157 0.476925 0.449953 0.983192 0.941293 0.676439 0.569993 0.962865 0.941087 0.997944 0.913800 0.780026 0.820709 0.676168 0.838329 0.686980 0.669873 0.642359 0.578362 0.667090 0.528280 0.533290 0.462941 0.879093 0.839960 0.549227 0.670562 0.870845 0.905456 0.860873 0.889881 0.806521 0.873082 0.937077 0.861861 0.814572 0.809809 0.880783 0.903886 0.948335 0.961259 0.805833 0.761559 0.917073 0.994317 0.913330 0.989343 0.864365 0.743621 0.812604 0.971934 0.701043 0.995565
0.584271 0.562170 0.760811 0.492631 0.862199 0.823924 0.825583 0.625681 0.887989 0.934937 0.594076 0.435541 0.351509 0.000000 0.353258 0.371831 0.746999 0.708245 0.581156 0.518311 0.870065 0.960414 0.504083 0.440468 0.817152 0.843576 0.752916 0.843735 0.644093 0.711735 0.943194 0.892890 0.597366 0.748633 0.856556 0.687241 0.735786 0.775149 0.777843 0.734710 0.867365 0.927228 0.864253 0.809786 0.858556 0.764811 0.678329 0.725757 0.618344 0.511585 0.649244 0.580110 0.729025 0.914769 0.724886 0.735939 0.687835 0.610329 0.777544 0.688544 0.596961 0.547822 0.785579 0.709694 0.559409 0.490611 0.898653 0.881973 0.720710 0.603205 0.916690 0.867708 0.960484 0.949272 0.903408 0.844537 0.733099 0.903127 0.594533 0.691337 0.714600 0.648908 0.676169 0.587709 0.648434 0.537021 0.964250 0.863109 0.647443 0.579627 0.925555 0.960000 0.863452 0.907191 0.860846 0.852138 0.969864 0.961607 0.862602 0.901653 0.968772 0.942445 0.883097 0.925117 0.849812 0.788848 0.914228 0.888531 0.970050 0.966792 0.809019 0.910000 0.936612 0.990835 0.725665 0.985525
0.607764 0.610848 0.785945 0.606650 0.697515 0.986914 0.708642 0.730401 0.837720 0.997796 0.655267 0.545905 0.310658 0.353258 0.000000 0.315478 0.754005 0.699029 0.572237 0.591071 0.833599 0.995757 0.299589 0.332502 0.776884 0.895063 0.624995 0.883543 0.665781 0.645160 0.802629 0.850600 0.538553 0.719443 0.894836 0.855696 0.775256 0.818170 0.755211 0.872602 0.982221 0.926015 0.796783 0.686962 0.672700 0.588042 0.643198 0.651320 0.474124 0.431283 0.530259 0.471949 0.549606 0.773035 0.631611 0.689833 0.618526 0.639596 0.769250 0.792427 0.517817 0.687658 0.656784 0.644874 0.475652 0.653965 0.919072 0.947420 0.727627 0.613615 0.933348 0.984065 0.914596 0.981947 0.875613 0.853063 0.803692 0.805483 0.755284 0.636735 0.601590 0.582339 0.500018 0.532795 0.476953 0.433276 0.811203 0.704899 0.607671 0.603490 0.996806 0.944803 0.980649 0.969342 0.799947 0.848585 0.958809 0.957417 0.863948 0.813135 0.841581 0.837591 0.960481 0.928741 0.821283 0.903185 0.960145 0.920574 0.909116 0.958741 0.888822 0.863974 0.828537 0.960508 0.726470 0.980216
0.530084 0.477063 0.662862 0.504448 0.815975 0.674238 0.477816 0.475844 0.596287 0.722523 0.570954 0.399525 0.333177 0.371831 0.315478 0.000000 0.590442 0.595726 0.416671 0.438966 0.705967 0.915405 0.399498 0.452926 0.826321 0.811559 0.907959 0.965900 0.553666 0.549688 0.592858 0.608880 0.360191 0.476983 0.905093 0.804297 0.710442 0.700156 0.719069 0.737424 0.874455 0.798283 0.547123 0.526710 0.561188 0.543251 0.600390 0.631970 0.511522 0.519375 0.471894 0.458757 0.536026 0.731387 0.722040 0.700228 0.512230 0.641608 0.721757 0.831652 0.427014 0.527319 0.720530 0.644381 0.549039 0.556611 0.763069 0.815012 0.690193 0.687635 0.694237 0.629768 0.769961 0.688418 0.871286 0.769646 0.562286 0.585178 0.560194 0.537957 0.607958 0.660861 0.604134 0.630503 0.648664 0.584625 0.986625 0.978822 0.754431 0.770303 0.697667 0.758250 0.738508 0.804477 0.684570 0.703476 0.881464 0.852560 0.591681 0.581398 0.918689 0.690876 0.734278 0.834422 0.670191 0.783590 0.935846 0.906836 0.777289 0.910799 0.987883 0.644745 0.628892 0.886354 0.629089 0.931027
0.321978 0.329636 0.987749 0.817593 0.990839 0.819972 0.681258 0.617714 0.772926 0.712829 0.306253 0.334572 0.727324 0.746999 0.754005 0.590442 0.000000 0.217349 0.444324 0.399512 0.769025 0.897292 0.968204 0.883123 0.845402 0.868101 0.975574 0.990110 0.330205 0.314911 0.794097 0.847247 0.518986 0.416995 0.839047 0.747234 0.776238 0.781663 0.872105 0.838222 0.633849 0.653989 0.712735 0.638177 0.709687 0.682353 0.614147 0.552931 0.654738 0.761974 0.844560 0.892838 0.988979 0.747915 0.692126 0.738308 0.270751 0.363712 0.437119 0.644536 0.403612 0.555477 0.296729 0.241596 0.986625 0.766267 0.687728 0.738351 0.525455 0.719983 0.695701 0.638358 0.533915 0.589006 0.785555 0.894925 0.782997 0.745950 0.494966 0.499367 0.332060 0.420583 0.628398 0.552430 0.814269 0.829105 0.992856 0.947536 0.802839 0.804352 0.929040 0.952396 0.979859 0.878767 0.643168 0.782610 0.809066 0.758902 0.652819 0.685214 0.906538 0.979050 0.657891 0.558825 0.701272 0.642309 0.949084 0.958198 0.736843 0.953411 0.914008 0.502784 0.822279 0.926921 0.879404 0.968894
0.368131 0.363801 0.986499 0.747112 0.995999 0.935731 0.651166 0.616561 0.725159 0.718081 0.259102 0.392102 0.782983 0.708245 0.699029 0.595726 0.217349 0.000000 0.424138 0.389232 0.743173 0.960591 0.876444 0.811923 0.874472 0.913255 0.921007 0.985999 0.302685 0.260292 0.729522 0.780513 0.468032 0.386070 0.933259 0.802464 0.742310 0.747162 0.850138 0.849247 0.606649 0.666248 0.697720 0.598118 0.641031 0.610987 0.638144 0.560515 0.645399 0.729332 0.795668 0.848110 0.890895 0.794364 0.700768 0.797516 0.263366 0.349187 0.495562 0.693705 0.415065 0.616741 0.260496 0.214662 0.940777 0.784289 0.648010 0.702702 0.513816 0.634165 0.756893 0.659657 0.596190 0.630815 0.849169 0.870144 0.844426 0.722705 0.482354 0.465730 0.341199 0.431977 0.567429 0.529652 0.774565 0.794196 0.983741 0.954022 0.863738 0.740289 0.972771 0.905214 0.964206 0.870281 0.614548 0.760355 0.887185 0.835287 0.695621 0.717508 0.930951 0.951806 0.694318 0.580265 0.668910 0.683273 0.907666 0.939087 0.843683 0.963460 0.937314 0.569394 0.826519 0.965435 0.801082 0.947847
0.449486 0.470619 0.630214 0.527693 0.945719 0.698434 0.372699 0.364819 0.557501 0.616500 0.400490 0.438443 0.567788 0.581156 0.572237 0.416671 0.444324 0.424138 0.000000 0.377495 0.750884 0.976099 0.617685 0.717930 0.988389 0.893347 0.924867 0.916827 0.377439 0.372427 0.569127 0.581837 0.381049 0.334020 0.823785 0.852759 0.817369 0.782831 0.739004 0.868780 0.824567 0.847396 0.637729 0.657174 0.583014 0.635961 0.627594 0.655155 0.686161 0.722730 0.759744 0.759925 0.846093 0.952379 0.793033 0.772058 0.499129 0.629754 0.619784 0.766061 0.368451 0.607458 0.592448 0.550293 0.793900 0.627569 0.554664 0.701355 0.690645 0.688891 0.612475 0.531528 0.563786 0.520704 0.879832 0.807279 0.589491 0.587520 0.486933 0.592311 0.580937 0.597353 0.767146 0.682550 0.796938 0.807238 0.891221 0.992771 0.938680 0.883599 0.700885 0.801060 0.726636 0.834611 0.613195 0.682963 0.757329 0.771733 0.555085 0.525048 0.925342 0.716629 0.689182 0.718826 0.676693 0.768358 0.981343 0.950866 0.796712 0.919630 0.978619 0.593536 0.645705 0.964369 0.669968 0.950741
0.384811 0.358375 0.767576 0.552754 0.997931 0.791072 0.601468 0.440637 0.651494 0.625838 0.377537 0.349579 0.560324 0.518311 0.591071 0.438966 0.399512 0.389232 0.377495 0.000000 0.720951 0.985812 0.711221 0.744024 0.920429 0.907112 0.979523 0.963474 0.388311 0.458089 0.724220 0.766613 0.489225 0.403315 0.884268 0.729222 0.690033 0.741126 0.739249 0.807506 0.754002 0.759443 0.675502 0.648992 0.688867 0.690293 0.670268 0.638518 0.675004 0.669707 0.776202 0.760321 0.870513 0.958518 0.791114 0.736076 0.405064 0.512751 0.647359 0.736281 0.454432 0.515519 0.568113 0.483582 0.775407 0.639975 0.751516 0.857656 0.599039 0.603900 0.586034 0.551265 0.651926 0.606660 0.886791 0.896633 0.643463 0.675241 0.520826 0.629029 0.574586 0.625457 0.728121 0.691972 0.806686 0.839101 0.930701 0.941101 0.890834 0.744179 0.755191 0.814632 0.747564 0.844849 0.724343 0.739057 0.828527 0.805369 0.574845 0.551546 0.862725 0.840896 0.727403 0.722027 0.640953 0.676443 0.971588 0.993126 0.815900 0.940086 0.952459 0.515406 0.706140 0.983165 0.789988 0.937169
0.685987 0.639186 0.630119 0.553817 0.966728 0.799890 0.702656 0.714967 0.758971 0.936686 0.750758 0.707833 0.832878 0.870065 0.833599 0.705967 0.769025 0.743173 0.750884 0.720951 0.000000 0.909764 0.813134 0.846586 0.794525 0.709209 0.889206 0.831117 0.798298 0.772190 0.671087 0.835734 0.672868 0.709517 0.909856 0.910142 0.608165 0.798512 0.649351 0.707401 0.860168 0.736744 0.674195 0.650211 0.799199 0.820732 0.653263 0.721099 0.798956 0.804795 0.812149 0.771147 0.836821 0.983235 0.866765 0.960849 0.688175 0.730171 0.720399 0.791626 0.721557 0.715044 0.894994 0.806340 0.731457 0.700213 0.660350 0.600461 0.677420 0.664386 0.753304 0.764054 0.687344 0.662179 0.802776 0.838689 0.841192 0.686046 0.702785 0.674703 0.744423 0.776625 0.910735 0.847732 0.823984 0.769585 0.968932 0.914732 0.979337 0.909371 0.827636 0.841753 0.837581 0.844605 0.778647 0.949051 0.852730 0.938443 0.788644 0.779709 0.790405 0.891097 0.839970 0.813776 0.626094 0.769981 0.931798 0.968456 0.811455 0.955978 0.961664 0.873868 0.842723 0.863909 0.877298 0.906905
0.919953 0.829108 0.929578 0.893635 0.798320 0.987258 0.914983 0.910688 0.968747 0.904610 0.997340 0.904533 0.975021 0.960414 0.995757 0.915405 0.897292 0.960591 0.976099 0.985812 0.909764 0.000000 0.927052 0.897917 0.813128 0.873211 0.969556 0.962347 0.999707 0.923754 0.848515 0.808688 0.884585 0.846344 0.926388 0.970956 0.765554 0.791011 0.911098 0.890056 0.901992 0.906216 0.788282 0.833187 0.848682 0.866321 0.835462 0.757581 0.917500 0.910749 0.856159 0.862067 0.869429 0.942109 0.938464 0.971352 0.836560 0.911115 0.875743 0.971129 0.988699 0.981362 0.999931 0.965002 0.870993 0.998354 0.837343 0.868702 0.947884 0.936625 0.790526 0.930008 0.897143 0.911902 0.752275 0.978967 0.943983 0.916225 0.970964 0.796751 0.892856 0.888998 0.935244 0.901980 0.867788 0.882897 0.949242 0.952024 0.993917 0.931297 0.969637 0.899007 0.911008 0.981646 0.942459 0.949550 0.970540 0.982117 0.928909 0.909974 0.820108 0.995937 0.879516 0.835738 0.862183 0.976771 0.999232 0.922505 0.812334 0.920543 0.957235 0.920017 0.979438 0.822290 0.964528 0.962877
0.777862 0.757182 0.688989 0.564865 0.860640 0.975919 0.591368 0.727866 0.766592 0.974479 0.842981 0.789269 0.464787 0.504083 0.299589 0.399498 0.968204 0.876444 0.617685 0.711221 0.813134 0.927052 0.000000 0.324265 0.699030 0.757706 0.677168 0.783985 0.805735 0.830082 0.715420 0.739566 0.528294 0.728751 0.960962 0.969972 0.825049 0.870653 0.776812 0.876679 0.934892 0.911055 0.668754 0.617111 0.528229 0.494050 0.700434 0.667151 0.482982 0.439384 0.480433 0.386173 0.421043 0.576851 0.714733 0.718967 0.769744 0.837256 0.921458 0.941902 0.706705 0.919724 0.881894 0.892864 0.401197 0.766702 0.774556 0.925909 0.847544 0.653641 0.923189 0.983087 0.882918 0.948764 0.913817 0.878059 0.748197 0.758164 0.825471 0.735660 0.796463 0.755264 0.566210 0.669256 0.443985 0.445496 0.845625 0.712472 0.733973 0.650585 0.933755 0.938971 0.950914 0.950063 0.861840 0.785258 0.929372 0.951248 0.815412 0.723039 0.885180 0.775069 0.999323 0.958976 0.765944 0.910088 0.865386 0.976621 0.883122 0.936084 0.889280 0.915496 0.670817 0.972463 0.687863 0.996171
0.705563 0.644323 0.750686 0.561737 0.842936 0.948234 0.774655 0.816978 0.960983 0.792781 0.721449 0.696450 0.438397 0.440468 0.332502 0.452926 0.883123 0.811923 0.717930 0.744024 0.846586 0.897917 0.324265 0.000000 0.667065 0.811759 0.629225 0.750590 0.822503 0.818398 0.897562 0.862426 0.621411 0.774292 0.962828 0.846355 0.744654 0.835171 0.743240 0.870720 0.948123 0.938484 0.735687 0.628636 0.674823 0.551817 0.629185 0.641841 0.477219 0.394916 0.446489 0.388219 0.480810 0.736066 0.656534 0.694251 0.692105 0.651245 0.793247 0.751287 0.710082 0.822767 0.792117 0.772660 0.432535 0.663057 0.874465 0.972805 0.777486 0.609842 0.845641 0.919084 0.877686 0.869312 0.896435 0.967568 0.799227 0.887541 0.750175 0.617709 0.661313 0.601449 0.523589 0.502293 0.417781 0.336209 0.818403 0.629797 0.628718 0.531119 0.877563 0.885203 0.887758 0.880356 0.818753 0.872290 0.839927 0.979232 0.993245 0.929193 0.764346 0.934580 0.903764 0.926789 0.847037 0.896554 0.994775 0.925851 0.931660 0.954155 0.756827 0.980148 0.840429 0.936416 0.740723 0.954596
0.815665 0.767548 0.480919 0.513344 0.993294 0.912738 0.910122 0.829645 0.986672 0.739747 0.986567 0.904485 0.744636 0.817152 0.776884 0.826321 0.845402 0.874472 0.988389 0.920429 0.794525 0.813128 0.699030 0.667065 0.000000 0.478268 0.826586 0.792765 0.889718 0.743259 0.883950 0.929364 0.777729 0.939706 0.916920 0.918660 0.625341 0.693303 0.665521 0.680677 0.844581 0.985224 0.752464 0.761622 0.918218 0.792694 0.659021 0.696777 0.700115 0.554767 0.611357 0.598477 0.844836 0.977150 0.654306 0.758405 0.857450 0.825877 0.835883 0.689750 0.906699 0.786770 0.829299 0.899803 0.371487 0.563305 0.837977 0.821344 0.654336 0.546175 0.987006 0.999966 0.933641 0.938657 0.759937 0.926091 0.814917 0.872460 0.878283 0.857000 0.871017 0.863271 0.925776 0.802805 0.538954 0.606761 0.877406 0.992298 0.790216 0.693448 0.981754 0.918685 0.828649 0.849308 0.938427 0.959549 0.910051 0.999996 0.992707 0.973218 0.944412 0.925029 0.879871 0.824782 0.609474 0.851574 0.905154 0.912647 0.888109 0.869108 0.887225 0.860187 0.888591 0.854208 0.875117 0.998772
0.937333 0.852167 0.424287 0.432185 0.778021 0.869678 0.783853 0.718122 0.717804 0.968230 0.984860 0.900183 0.865443 0.843576 0.895063 0.811559 0.868101 0.913255 0.893347 0.907112 0.709209 0.873211 0.757706 0.811759 0.478268 0.000000 0.959101 0.803797 0.996340 0.873980 0.735104 0.738254 0.727928 0.893390 0.699206 0.970954 0.603575 0.754275 0.631548 0.667635 0.963648 0.961184 0.685595 0.748348 0.895397 0.857460 0.782233 0.861853 0.871511 0.686236 0.637414 0.661310 0.819763 0.884564 0.896257 0.947257 0.974186 0.976669 0.972477 0.900269 0.949708 0.814008 0.785101 0.825917 0.538557 0.609892 0.796642 0.745954 0.771407 0.674015 0.787868 0.755264 0.865245 0.785145 0.954194 0.841017 0.699801 0.770004 0.829061 0.889370 0.969768 0.969420 0.979867 0.993025 0.825469 0.815509 0.838701 0.895921 0.908151 0.865599 0.746551 0.702308 0.654736 0.711697 0.800057 0.958842 0.825355 0.895297 0.912136 0.894019 0.908292 0.936569 0.991207 0.916386 0.638878 0.871958 0.875000 0.767160 0.907932 0.902939 0.890608 0.990153 0.879250 0.968275 0.783018 0.957909
0.854816 0.855086 0.987408 0.889929 0.828209 0.646284 0.745148 0.727868 0.747535 0.627614 0.884588 0.915443 0.740260 0.752916 0.624995 0.907959 0.975574 0.921007 0.924867 0.979523 0.889206 0.969556 0.677168 0.629225 0.826586 0.959101 0.000000 0.665778 0.992423 0.977817 0.841590 0.775099 0.981466 0.840602 0.898273 0.990352 0.834485 0.852348 0.938742 0.898926 0.933717 0.950741 0.891446 0.990913 0.941456 0.881356 0.856866 0.808104 0.723295 0.655977 0.794062 0.734030 0.706131 0.999628 0.671141 0.903020 0.861554 0.710601 0.913100 0.774792 0.971541 0.974739 0.821126 0.829556 0.617288 0.902251 0.818863 0.778407 0.801857 0.640839 0.592569 0.617333 0.672805 0.709613 0.883215 0.939401 0.839809 0.862242 0.956059 0.784547 0.764665 0.683324 0.618438 0.636243 0.537735 0.518897 0.702647 0.654066 0.560427 0.688892 0.655699 0.656096 0.670098 0.739446 0.975014 0.866196 0.680786 0.691594 0.641309 0.679238 0.643971 0.739786 0.695161 0.893893 0.950098 0.931345 0.876854 0.793048 0.817453 0.967600 0.858708 0.836886 0.754083 0.969013 0.913161 0.879154
0.873138 0.794213 0.893668 0.834310 0.869959 0.898410 0.840173 0.882497 0.831594 0.653622 0.953279 0.956559 0.911673 0.843735 0.883543 0.965900 0.990110 0.985999 0.916827 0.963474 0.831117 0.962347 0.783985 0.750590 0.792765 0.803797 0.665778 0.000000 0.960443 0.865031 0.873179 0.798318 0.982849 0.887024 0.800097 0.870425 0.883037 0.987081 0.830648 0.738116 0.928688 0.999722 0.932796 0.878460 0.976703 0.908490 0.836393 0.752179 0.782937 0.690335 0.830808 0.735905 0.878357 0.940243 0.757026 0.780991 0.910388 0.773833 0.876424 0.788684 0.887507 0.967203 0.984268 0.958355 0.683231 0.862712 0.900634 0.994565 0.766531 0.751854 0.817242 0.844652 0.848739 0.846627 0.902547 0.813484 0.918686 0.900738 0.843493 0.961013 0.932906 0.782748 0.845699 0.791850 0.647174 0.634239 0.789714 0.842612 0.790563 0.633444 0.715809 0.828674 0.782725 0.861090 0.881247 0.788640 0.709678 0.898878 0.825725 0.842134 0.690255 0.729770 0.687878 0.785638 0.990596 0.977364 0.958170 0.918970 0.912948 0.950543 0.818822 0.958439 0.873061 0.967426 0.849202 0.976314
0.518776 0.430494 0.868622 0.697740 0.967912 0.811758 0.561397 0.538987 0.581079 0.578230 0.350155 0.404347 0.711195 0.644093 0.665781 0.553666 0.330205 0.302685 0.377439 0.388311 0.798298 0.999707 0.805735 0.822503 0.889718 0.996340 0.992423 0.960443 0.000000 0.301458 0.672145 0.713313 0.443226 0.350357 0.902794 0.842637 0.815463 0.882239 0.850013 0.934775 0.767691 0.719568 0.742677 0.694880 0.621691 0.675798 0.727579 0.704291 0.691466 0.769294 0.796904 0.889321 0.860617 0.996049 0.843293 0.853565 0.431623 0.535722 0.652410 0.805862 0.428655 0.668655 0.394248 0.387692 0.970817 0.816262 0.647715 0.777621 0.651669 0.709592 0.670991 0.563085 0.541920 0.618478 0.885806 0.862604 0.715099 0.653543 0.542024 0.566774 0.503217 0.579044 0.664401 0.662632 0.888240 0.880192 0.908847 0.963504 0.908642 0.859140 0.821882 0.892370 0.838207 0.937329 0.701475 0.741739 0.883928 0.738500 0.622572 0.658839 0.922983 0.824219 0.644092 0.555793 0.736888 0.704767 0.888186 0.966321 0.805027 0.982126 0.987126 0.580024 0.800297 0.993129 0.894723 0.886939
0.536734 0.525111 0.968217 0.776161 0.891308 0.801049 0.513445 0.521784 0.626954 0.555049 0.336071 0.449825 0.759420 0.711735 0.645160 0.549688 0.314911 0.260292 0.372427 0.458089 0.772190 0.923754 0.830082 0.818398 0.743259 0.873980 0.977817 0.865031 0.301458 0.000000 0.624808 0.671716 0.467789 0.393181 0.920741 0.837515 0.867705 0.863944 0.934949 0.966396 0.759684 0.707934 0.720665 0.623912 0.576644 0.637210 0.757588 0.748690 0.735556 0.847024 0.816580 0.884236 0.829618 0.996647 0.776983 0.858978 0.442016 0.562537 0.613500 0.850374 0.385828 0.654403 0.337909 0.330159 0.934855 0.845823 0.581481 0.686641 0.700186 0.810571 0.683387 0.594749 0.558143 0.611371 0.915762 0.835904 0.788605 0.632989 0.551119 0.534858 0.476587 0.566845 0.673431 0.666887 0.932284 0.882175 0.917334 0.927575 0.941444 0.897854 0.836577 0.957983 0.925482 0.990857 0.624350 0.709669 0.772825 0.790496 0.614297 0.622141 0.930195 0.760853 0.600415 0.548118 0.728241 0.755155 0.948609 0.992088 0.841862 0.961872 0.951842 0.585134 0.732644 0.996010 0.751784 0.978089
0.919467 0.806850 0.618218 0.615885 0.885891 0.814471 0.320682 0.473645 0.383861 0.605024 0.757065 0.817769 0.979596 0.943194 0.802629 0.592858 0.794097 0.729522 0.569127 0.724220 0.671087 0.848515 0.715420 0.897562 0.883950 0.735104 0.841590 0.873179 0.672145 0.624808 0.000000 0.339714 0.442435 0.479434 0.932226 0.942351 0.801551 0.692263 0.811983 0.877071 0.919531 0.895527 0.410680 0.422293 0.435289 0.572308 0.903159 0.889073 0.781201 0.833326 0.569283 0.675676 0.566473 0.558416 0.894230 0.973715 0.692504 0.993179 0.977576 0.798128 0.735521 0.899300 0.899415 0.847248 0.852618 0.939253 0.446921 0.517085 0.908779 0.907224 0.515879 0.458381 0.566261 0.533910 0.991902 0.778206 0.619408 0.441679 0.657200 0.667956 0.850532 0.990796 0.892565 0.924800 0.974613 0.993818 0.813964 0.795808 0.782967 0.853022 0.596418 0.559032 0.616313 0.640675 0.727892 0.795800 0.755875 0.851135 0.554185 0.568370 0.749891 0.492907 0.644291 0.805043 0.640216 0.949070 0.810413 0.821919 0.838841 0.875786 0.816568 0.853562 0.590267 0.866049 0.778159 0.957835
0.971478 0.870202 0.667247 0.652236 0.869739 0.721045 0.353899 0.511261 0.431068 0.629524 0.812704 0.840648 0.950329 0.892890 0.850600 0.608880 0.847247 0.780513 0.581837 0.766613 0.835734 0.808688 0.739566 0.862426 0.929364 0.738254 0.775099 0.798318 0.713313 0.671716 0.339714 0.000000 0.556535 0.542180 0.956543 0.956486 0.855235 0.829481 0.903873 0.958377 0.942501 0.980706 0.496489 0.553786 0.525460 0.675256 0.886954 0.988533 0.856045 0.891053 0.654290 0.729671 0.643646 0.589742 0.965747 0.958827 0.796544 0.925857 0.928769 0.763270 0.777465 0.988742 0.943657 0.934837 0.901980 0.942307 0.501367 0.593173 0.999413 0.918108 0.535120 0.527212 0.607356 0.621530 0.978124 0.832490 0.655470 0.578259 0.721136 0.689459 0.979248 0.965597 0.934960 0.923914 0.918856 0.961920 0.724886 0.975242 0.738646 0.804363 0.600363 0.568876 0.605925 0.682053 0.687319 0.795506 0.814615 0.882603 0.614515 0.594121 0.769989 0.546740 0.667696 0.821904 0.627797 0.934626 0.890556 0.906704 0.938869 0.921752 0.804339 0.864725 0.637166 0.888106 0.759179 0.918431
0.506195 0.444464 0.619394 0.476939 0.986153 0.721741 0.329484 0.380683 0.495756 0.679859 0.468297 0.469766 0.595542 0.597366 0.538553 0.360191 0.518986 0.468032 0.381049 0.489225 0.672868 0.884585 0.528294 0.621411 0.777729 0.727928 0.981466 0.982849 0.443226 0.467789 0.442435 0.556535 0.000000 0.317520 0.947874 0.905891 0.740130 0.661264 0.762511 0.760117 0.725214 0.773428 0.403336 0.418943 0.434761 0.460678 0.597313 0.579960 0.507139 0.544492 0.468076 0.532562 0.588935 0.803265 0.693834 0.719996 0.422089 0.586811 0.606720 0.772290 0.409231 0.570138 0.637768 0.583532 0.610169 0.577347 0.482404 0.518398 0.611991 0.639448 0.615455 0.516014 0.591669 0.513310 0.811571 0.767581 0.559532 0.517566 0.547793 0.524730 0.532974 0.615493 0.626405 0.661438 0.658598 0.648861 0.990210 0.964982 0.865657 0.756535 0.696414 0.754482 0.718629 0.829015 0.597830 0.626402 0.706414 0.630667 0.472660 0.577378 0.836575 0.723636 0.609482 0.772636 0.501451 0.718359 0.909595 0.847733 0.841525 0.954232 0.983228 0.640912 0.558700 0.885945 0.658316 0.961839
0.517788 0.440792 0.697171 0.574567 0.910627 0.722944 0.340315 0.349113 0.482055 0.556033 0.409026 0.457232 0.701438 0.748633 0.719443 0.476983 0.416995 0.386070 0.334020 0.403315 0.709517 0.846344 0.728751 0.774292 0.939706 0.893390 0.840602 0.887024 0.350357 0.393181 0.479434 0.542180 0.317520 0.000000 0.943003 0.923080 0.727817 0.750037 0.741739 0.830824 0.758966 0.775556 0.510529 0.532733 0.465479 0.551765 0.674045 0.645570 0.679308 0.785459 0.673568 0.774150 0.760213 0.888909 0.897283 0.798463 0.420660 0.602826 0.623063 0.813906 0.397557 0.612778 0.564628 0.518996 0.843623 0.735484 0.448091 0.550483 0.699267 0.707543 0.495312 0.428032 0.431886 0.434856 0.762195 0.861106 0.568446 0.528615 0.516245 0.534809 0.562936 0.670239 0.780800 0.746572 0.871853 0.882372 0.782270 0.860762 0.983455 0.948688 0.653183 0.691421 0.695150 0.802415 0.607315 0.594396 0.716662 0.698240 0.442518 0.457799 0.810964 0.689240 0.575305 0.643624 0.583156 0.680685 0.938064 0.837305 0.779222 0.964821 0.923976 0.514030 0.571374 0.808623 0.697751 0.902355
0.863027 0.943605 0.888037 0.888151 0.761979 0.853072 0.991307 0.936801 0.966353 0.920748 0.915588 0.865608 0.807994 0.856556 0.894836 0.905093 0.839047 0.933259 0.823785 0.884268 0.909856 0.926388 0.960962 0.962828 0.916920 0.699206 0.898273 0.800097 0.902794 0.920741 0.932226 0.956543 0.947874 0.943003 0.000000 0.766711 0.864262 0.806930 0.879102 0.851958 0.909658 0.978645 0.765790 0.775436 0.826777 0.748009 0.959332 0.908985 0.895137 0.909698 0.779005 0.838099 0.797154 0.841632 0.996296 0.964145 0.967670 0.975623 0.949858 0.987275 0.883953 0.893485 0.938384 0.924193 0.893666 0.946623 0.829974 0.781070 0.929648 0.950765 0.957704 0.945190 0.993635 0.983441 0.921951 0.930415 0.962753 0.947050 0.946911 0.930571 0.974828 0.917875 0.968611 0.896718 0.975131 0.957151 0.999855 0.945925 0.990240 0.827403 0.959455 0.958065 0.920612 0.922416 0.846768 0.849938 0.985390 0.971067 0.947264 0.986490 0.826580 0.994779 0.981132 0.962833 0.871089 0.892497 0.923165 0.897389 0.885531 0.858281 0.968259 0.999208 0.860020 0.993997 0.830487 0.952138
0.733857 0.704541 0.885087 0.828715 0.934786 0.793071 0.996746 0.877688 0.961150 0.960560 0.717803 0.718627 0.780059 0.687241 0.855696 0.804297 0.747234 0.802464 0.852759 0.729222 0.910142 0.970956 0.969972 0.846355 0.918660 0.970954 0.990352 0.870425 0.842637 0.837515 0.942351 0.956486 0.905891 0.923080 0.766711 0.000000 0.804618 0.999801 0.938741 0.881382 0.701531 0.890731 0.984822 0.946459 0.782319 0.894989 0.870798 0.936144 0.975875 0.890833 0.986736 0.965765 0.915344 0.811418 0.823741 0.874909 0.733253 0.708931 0.822320 0.722844 0.827268 0.742311 0.833266 0.788494 0.918703 0.696212 0.865133 0.946921 0.803340 0.902345 0.916375 0.931850 0.743964 0.942436 0.982888 0.927045 0.803630 0.981178 0.777001 0.867391 0.867528 0.762386 0.861323 0.747866 0.949152 0.895595 0.955459 0.964342 0.938260 0.819820 0.967793 0.976963 0.983421 0.969584 0.925047 0.935774 0.931248 0.958686 0.972750 0.935602 0.875285 0.787306 0.907556 0.905684 0.964848 0.895486 0.987944 0.948650 0.949960 0.829963 0.987234 0.875694 0.889654 0.965730 0.910483 0.909379
0.637411 0.603334 0.627190 0.532806 0.846206 0.987249 0.854114 0.721022 0.814145 0.953996 0.707146 0.652444 0.744206 0.735786 0.775256 0.710442 0.776238 0.742310 0.817369 0.690033 0.608165 0.765554 0.825049 0.744654 0.625341 0.603575 0.834485 0.883037 0.815463 0.867705 0.801551 0.855235 0.740130 0.727817 0.864262 0.804618 0.000000 0.566831 0.694720 0.544681 0.709190 0.773984 0.666618 0.601342 0.802521 0.695290 0.651562 0.687396 0.656370 0.648275 0.683242 0.659152 0.858494 0.976670 0.794804 0.835952 0.617314 0.635190 0.712343 0.725692 0.765132 0.679604 0.833688 0.739063 0.602516 0.638947 0.776969 0.794465 0.625904 0.568005 0.795443 0.790279 0.763908 0.785073 0.985464 0.868474 0.801139 0.748068 0.688315 0.631433 0.654040 0.732868 0.803962 0.721621 0.754198 0.760653 0.828449 0.810530 0.908565 0.742482 0.892848 0.903460 0.823206 0.885627 0.819048 0.878281 0.966011 0.963150 0.828196 0.846044 0.866223 0.997151 0.909681 0.884520 0.780694 0.800125 0.932210 0.979330 0.969598 0.986754 0.939770 0.881795 0.957152 0.850414 0.828940 0.905074
0.659061 0.638708 0.621467 0.565326 0.941746 0.932312 0.779999 0.723650 0.905989 0.974340 0.690521 0.709940 0.796324 0.775149 0.818170 0.700156 0.781663 0.747162 0.782831 0.741126 0.798512 0.791011 0.870653 0.835171 0.693303 0.754275 0.852348 0.987081 0.882239 0.863944 0.692263 0.829481 0.661264 0.750037 0.806930 0.999801 0.566831 0.000000 0.766717 0.660947 0.787260 0.817774 0.704626 0.643208 0.800339 0.699079 0.730218 0.696667 0.744866 0.721492 0.630323 0.684011 0.846786 0.999029 0.691847 0.879216 0.614789 0.645310 0.709081 0.763636 0.734429 0.701154 0.840200 0.759550 0.646148 0.651280 0.779354 0.807140 0.528040 0.586173 0.826452 0.768808 0.863051 0.634198 0.858881 0.736201 0.857564 0.826605 0.581032 0.733368 0.686176 0.725776 0.748521 0.764435 0.771609 0.750214 0.911368 0.890655 0.763057 0.738092 0.953556 0.953441 0.870187 0.886410 0.771635 0.924420 0.948975 0.967685 0.914920 0.987981 0.891252 0.886166 0.887758 0.979592 0.798993 0.780614 0.951479 0.906956 0.948837 0.920391 0.993330 0.884218 0.844744 0.913509 0.655694 0.978395
