0.000000 0.318440 0.590977 0.575998 0.810172 0.621245 0.370381 0.310118 0.598431 0.667406 0.363909 0.284360 0.306897 0.398864 0.595303 0.563619 0.354552 0.367527 0.405679 0.384029 0.947275 0.891360 0.684383 0.838317 0.992799 0.874467 0.918559 0.890075 0.429410 0.461447 0.730338 0.833326 0.358457 0.300889 0.636024 0.876223 0.638127 0.821299 0.893459 0.858858 0.821209 0.828852 0.630147 0.657817 0.611167 0.624362 0.498204 0.580336 0.904968 0.857004 0.746716 0.770176 0.931059 0.964607 0.746107 0.691506 0.357910 0.331266 0.292076 0.349700 0.257486 0.254590 0.347787 0.372420 0.617434 0.495479 0.447548 0.461304 0.533099 0.669522 0.570772 0.680646 0.842166 0.769753 0.903198 0.874125 0.589776 0.702882 0.621508 0.795446 0.315251 0.490663 0.730174 0.612162 0.487812 0.635722 0.999236 0.922888 0.596449 0.605755 0.718547 0.861993 0.754894 0.849193 0.741811 0.751977 0.561031 0.715947 0.468260 0.448079 0.619046 0.753958 0.563192 0.665975 0.441965 0.594416 0.864155 0.640100 0.597661 0.674918 0.700833 0.677289 0.728845 0.945271 0.753313 0.974909
0.318440 0.000000 0.665579 0.602271 0.909060 0.687791 0.483394 0.342683 0.748185 0.736439 0.605181 0.432170 0.553843 0.549914 0.778160 0.663889 0.368514 0.427447 0.434374 0.352110 0.972319 0.893577 0.753181 0.786674 0.950050 0.815222 0.968824 0.930055 0.510743 0.614363 0.740642 0.810337 0.423126 0.384798 0.722324 0.843850 0.719650 0.958791 0.999859 0.886220 0.740467 0.892985 0.506328 0.510604 0.517157 0.478341 0.463370 0.516161 0.720719 0.678705 0.580526 0.642979 0.858633 0.968484 0.651718 0.706546 0.275045 0.211909 0.410244 0.368600 0.459590 0.314638 0.555044 0.557846 0.666721 0.486793 0.509532 0.464862 0.458579 0.540656 0.659017 0.737337 0.700803 0.666156 0.770039 0.747676 0.679764 0.714488 0.639505 0.684571 0.392997 0.436849 0.664104 0.579746 0.545566 0.585239 0.958076 0.957228 0.713013 0.621800 0.771650 0.932075 0.817476 0.972728 0.651268 0.897135 0.500267 0.717867 0.507185 0.454138 0.740623 0.825789 0.575894 0.730757 0.484534 0.619148 0.962275 0.680869 0.583789 0.649299 0.633158 0.565662 0.704913 0.807559 0.645582 0.990632
0.590977 0.665579 0.000000 0.204850 0.890287 0.771299 0.276958 0.399955 0.561423 0.986701 0.837463 0.800968 0.562920 0.602189 0.577748 0.413100 0.899725 0.831921 0.419071 0.544262 0.608802 0.873533 0.298329 0.397205 0.369839 0.316203 0.840140 0.792706 0.928709 0.897739 0.351215 0.530925 0.430719 0.393271 0.398237 0.665549 0.371653 0.647603 0.854085 0.856927 0.829243 0.982026 0.491972 0.592313 0.695483 0.766461 0.528927 0.464562 0.868920 0.884587 0.758039 0.791648 0.778462 0.752029 0.626267 0.689471 0.873525 0.820092 0.693682 0.773285 0.556948 0.649821 0.848242 0.978857 0.225043 0.360806 0.329095 0.373527 0.622645 0.886181 0.444138 0.431089 0.736625 0.761634 0.874629 0.988862 0.616976 0.542325 0.824667 0.675465 0.737184 0.631088 0.682819 0.807787 0.354527 0.372847 0.868083 0.887834 0.660768 0.580001 0.537481 0.728726 0.579696 0.659442 0.633310 0.864673 0.612139 0.942554 0.692176 0.639002 0.778653 0.826177 0.819289 0.940730 0.592936 0.601230 0.886520 0.808737 0.663658 0.866591 0.734379 0.912767 0.900980 0.938379 0.820006 0.991648
0.575998 0.602271 0.204850 0.000000 0.965749 0.706290 0.285119 0.361533 0.631939 0.972484 0.834733 0.737332 0.592622 0.543639 0.639028 0.439362 0.868838 0.803258 0.359789 0.452625 0.630122 0.915708 0.313756 0.324098 0.372896 0.321542 0.804139 0.760899 0.958979 0.913147 0.384319 0.518600 0.401287 0.393576 0.405521 0.614415 0.429137 0.671977 0.803094 0.830963 0.799646 0.942467 0.478626 0.575304 0.712728 0.776970 0.469339 0.466829 0.848349 0.904773 0.758937 0.827393 0.819514 0.812467 0.699910 0.708857 0.784513 0.788093 0.690350 0.702163 0.570244 0.598243 0.864795 0.998072 0.227447 0.259894 0.299400 0.291383 0.639458 0.893955 0.421262 0.425004 0.741068 0.772402 0.792212 0.910006 0.624240 0.533569 0.835439 0.659289 0.740455 0.621790 0.658913 0.822758 0.335126 0.328687 0.815444 0.819469 0.642688 0.561497 0.522818 0.770427 0.582816 0.699462 0.657860 0.810779 0.616514 0.871494 0.670797 0.602264 0.745265 0.780604 0.819760 0.945967 0.567401 0.607600 0.945967 0.822598 0.636057 0.866034 0.677525 0.851965 0.916836 0.969407 0.780738 0.984316
0.810172 0.909060 0.890287 0.965749 0.000000 0.930826 0.832343 0.842711 0.683482 0.691814 0.870326 0.828102 0.731764 0.858065 0.693893 0.882982 0.753529 0.848929 0.901206 0.995540 0.982314 0.967931 0.846377 0.897658 0.965519 0.889042 0.875287 0.935247 0.801929 0.793811 0.944928 0.910368 0.812456 0.801381 0.731479 0.969093 0.914775 0.829431 0.965959 0.798672 0.937964 0.868168 0.881360 0.836192 0.901135 0.940109 0.990034 0.950432 0.966658 0.910818 0.920442 0.869088 0.900952 0.925215 0.959643 0.888203 0.877985 0.798930 0.695080 0.813059 0.728458 0.858403 0.655493 0.715060 0.858117 0.941495 0.774478 0.854457 0.918529 0.926647 0.847271 0.810283 0.940659 0.959771 0.929300 0.902518 0.876778 0.899489 0.949987 0.952796 0.766820 0.959858 0.925506 0.808189 0.832202 0.993582 0.958958 0.666066 0.791354 0.983171 0.803860 0.785624 0.819155 0.748993 0.994178 0.980727 0.794477 0.979968 0.766255 0.877091 0.999536 0.965922 0.708695 0.836698 0.880070 0.700642 0.888036 0.740863 0.896634 0.933414 0.894782 0.999015 0.845644 0.920600 0.957435 0.901931
0.621245 0.687791 0.771299 0.706290 0.930826 0.000000 0.609502 0.570233 0.758518 0.834992 0.737661 0.696997 0.748879 0.830704 0.975251 0.847673 0.773443 0.710243 0.664917 0.688125 0.866851 0.985860 0.907895 0.930484 0.993052 0.823065 0.945978 0.800904 0.871007 0.904707 0.934833 0.972314 0.706432 0.701878 0.840443 0.873113 0.753515 0.906882 0.905056 0.760058 0.935171 0.862648 0.666479 0.747928 0.753550 0.734144 0.607102 0.747520 0.968425 0.845294 0.794825 0.812442 0.906421 0.889237 0.851761 0.769987 0.716613 0.731272 0.681190 0.663672 0.664754 0.582799 0.820900 0.850793 0.770368 0.606134 0.628727 0.581195 0.742764 0.835283 0.765991 0.814670 0.882459 0.870418 0.981121 0.959389 0.768260 0.719064 0.873465 0.863717 0.666910 0.776566 0.845595 0.977331 0.838373 0.813445 0.878213 0.934599 0.773301 0.821404 0.693673 0.765648 0.727286 0.780901 0.984173 0.783248 0.755250 0.925949 0.604184 0.683446 0.789018 0.820254 0.711216 0.662109 0.817439 0.823393 0.916260 0.865257 0.875373 0.824948 0.705305 0.714736 0.875718 0.933582 0.811732 0.849642
0.370381 0.483394 0.276958 0.285119 0.832343 0.609502 0.000000 0.201894 0.408091 0.648800 0.564166 0.500694 0.420765 0.488760 0.525237 0.411598 0.587257 0.500520 0.319757 0.419291 0.747894 0.898362 0.438888 0.612462 0.653481 0.521966 0.989393 0.961044 0.603521 0.598796 0.476200 0.652987 0.328341 0.281379 0.418422 0.698426 0.444180 0.650822 0.970398 0.784847 0.773920 0.860360 0.413182 0.479474 0.464912 0.518424 0.464384 0.435780 0.921300 0.765042 0.584491 0.648310 0.660663 0.711801 0.623527 0.635358 0.634548 0.578006 0.428956 0.623847 0.387152 0.434050 0.577134 0.650005 0.355200 0.388598 0.238495 0.309677 0.616460 0.798084 0.346875 0.409800 0.649204 0.651543 0.859738 0.981902 0.440407 0.473013 0.631679 0.765208 0.465997 0.555182 0.683518 0.682848 0.415183 0.502744 0.971492 0.982009 0.641714 0.600606 0.398234 0.584043 0.443794 0.557866 0.605807 0.706136 0.426030 0.754461 0.390211 0.381109 0.604411 0.640161 0.569985 0.692811 0.406519 0.480722 0.838333 0.666917 0.587345 0.713900 0.591508 0.701659 0.761914 0.837300 0.743178 0.896409
0.310118 0.342683 0.399955 0.361533 0.842711 0.570233 0.201894 0.000000 0.509881 0.602718 0.511381 0.384567 0.429644 0.445035 0.641142 0.521917 0.472745 0.423447 0.312677 0.356467 0.889295 0.889714 0.566991 0.681695 0.788349 0.653165 0.937816 0.994116 0.512597 0.571425 0.568265 0.730434 0.322925 0.297571 0.492112 0.750721 0.557889 0.762231 0.994931 0.736552 0.762396 0.839494 0.428532 0.492227 0.490330 0.505697 0.444942 0.479201 0.853565 0.759050 0.606360 0.681103 0.751103 0.842474 0.697670 0.612843 0.451412 0.411411 0.380911 0.497734 0.351333 0.303736 0.501598 0.559212 0.460753 0.380260 0.301258 0.306096 0.558263 0.696029 0.434058 0.472668 0.697177 0.635525 0.838610 0.932305 0.500292 0.533642 0.641349 0.742130 0.406256 0.511975 0.696990 0.684308 0.467370 0.554071 0.958109 0.978233 0.643802 0.591675 0.486794 0.689449 0.519184 0.696153 0.642253 0.693747 0.397848 0.685491 0.378380 0.347583 0.592607 0.667794 0.528846 0.659905 0.390822 0.483089 0.875376 0.675084 0.549417 0.591715 0.482910 0.613356 0.699983 0.869740 0.705991 0.868031
0.598431 0.748185 0.561423 0.631939 0.683482 0.758518 0.408091 0.509881 0.000000 0.481302 0.602986 0.631075 0.575332 0.808611 0.606350 0.638370 0.640597 0.652626 0.717491 0.718763 0.863368 0.967060 0.707860 0.985871 0.956310 0.845732 0.943691 0.981505 0.588109 0.606399 0.815742 0.992537 0.646092 0.551414 0.670248 0.971740 0.697059 0.732635 0.846401 0.891105 0.883048 0.705318 0.664370 0.618602 0.598294 0.622262 0.732609 0.674818 0.864595 0.829749 0.640796 0.624771 0.582500 0.653731 0.673019 0.669472 0.949536 0.767429 0.427523 0.659338 0.501329 0.621929 0.594653 0.609983 0.622956 0.796123 0.540473 0.650791 0.790032 0.864251 0.514103 0.628129 0.691290 0.807419 0.899131 0.785820 0.496999 0.655721 0.668290 0.971261 0.582400 0.810422 0.936462 0.758679 0.750449 0.922903 0.847461 0.797406 0.676380 0.779695 0.540321 0.478456 0.552978 0.487496 0.710019 0.995919 0.512267 0.797073 0.490226 0.477178 0.721393 0.686259 0.609622 0.672585 0.535072 0.472690 0.693445 0.632963 0.750867 0.763865 0.692543 0.760298 0.622164 0.755688 0.807548 0.867739
0.667406 0.736439 0.986701 0.972484 0.691814 0.834992 0.648800 0.602718 0.481302 0.000000 0.591232 0.594519 0.781915 0.916058 0.775167 0.928748 0.500059 0.493900 0.855100 0.866251 0.786643 0.951858 0.858937 0.572374 0.606411 0.719913 0.787162 0.774042 0.461139 0.529532 0.840864 0.711727 0.895865 0.748070 0.861898 0.898670 0.982965 0.958647 0.827747 0.885030 0.877522 0.649113 0.778772 0.704931 0.575230 0.563432 0.931836 0.922049 0.673698 0.753967 0.593474 0.601891 0.645429 0.720660 0.996512 0.830330 0.770243 0.647762 0.472585 0.790028 0.708367 0.708640 0.559016 0.465297 0.894683 0.881960 0.754433 0.887801 0.870154 0.842935 0.606623 0.728677 0.782842 0.751591 0.916773 0.838306 0.557775 0.738167 0.709323 0.829424 0.565328 0.932600 0.933009 0.789182 0.882992 0.695666 0.783711 0.592079 0.954396 0.889017 0.541933 0.458018 0.528317 0.525402 0.841897 0.852959 0.579260 0.690034 0.400077 0.482903 0.646101 0.623748 0.398327 0.501621 0.609908 0.598914 0.804329 0.551709 0.766266 0.666571 0.639153 0.690583 0.513492 0.752606 0.778404 0.770214
0.363909 0.605181 0.837463 0.834733 0.870326 0.737661 0.564166 0.511381 0.602986 0.591232 0.000000 0.293974 0.360100 0.469388 0.736668 0.723389 0.406859 0.374729 0.554931 0.567292 0.883689 0.936768 0.918352 0.963355 0.763958 0.875414 0.829442 0.750805 0.375992 0.323798 0.901174 0.929432 0.530972 0.478005 0.829522 0.890981 0.918296 0.928428 0.949362 0.825054 0.987988 0.756070 0.973967 0.911862 0.748504 0.733566 0.796015 0.851978 0.918470 0.988642 0.958080 0.973852 0.945411 0.800722 0.817510 0.826986 0.578174 0.524096 0.463943 0.554944 0.348893 0.363448 0.263280 0.269234 0.878068 0.771111 0.691979 0.709693 0.800373 0.903130 0.825584 0.952867 0.891999 0.987661 0.931721 0.961723 0.807855 0.920034 0.625557 0.938110 0.321160 0.543034 0.918888 0.627576 0.738326 0.885782 0.864339 0.909061 0.698526 0.754048 0.944583 0.993625 0.955409 0.985009 0.865497 0.774457 0.763772 0.829057 0.644722 0.624131 0.691818 0.874155 0.720881 0.788606 0.590058 0.776408 0.898331 0.860898 0.800835 0.733825 0.785634 0.859899 0.811152 0.894791 0.872647 0.896691
0.284360 0.432170 0.800968 0.737332 0.828102 0.696997 0.500694 0.384567 0.631075 0.594519 0.293974 0.000000 0.335198 0.410142 0.693030 0.680848 0.304234 0.328369 0.525448 0.452239 0.979253 0.957270 0.859148 0.962930 0.759721 0.908592 0.913424 0.798940 0.352168 0.346526 0.933146 0.982190 0.467476 0.420585 0.777139 0.997563 0.903502 0.952160 0.915922 0.804180 0.850145 0.820216 0.803091 0.761382 0.649233 0.660023 0.684268 0.687729 0.865034 0.903136 0.873150 0.880325 0.976013 0.896101 0.841886 0.787380 0.415929 0.403005 0.336255 0.415024 0.295640 0.241696 0.283397 0.265978 0.786086 0.601592 0.577198 0.570278 0.723141 0.725961 0.741267 0.828211 0.977533 0.835774 0.870197 0.911415 0.668304 0.779124 0.618305 0.836804 0.313858 0.547950 0.803960 0.618132 0.667054 0.799146 0.952713 0.917805 0.721234 0.707744 0.799758 0.920840 0.854124 0.898224 0.807432 0.835578 0.671023 0.772959 0.509612 0.519982 0.669714 0.819989 0.590162 0.667603 0.519282 0.637790 0.926474 0.785976 0.664077 0.711577 0.702110 0.675553 0.789773 0.958064 0.783780 0.954647
0.306897 0.553843 0.562920 0.592622 0.731764 0.748879 0.420765 0.429644 0.575332 0.781915 0.360100 0.335198 0.000000 0.299776 0.476586 0.446353 0.503938 0.483651 0.460417 0.484776 0.795616 0.994037 0.509855 0.721150 0.918897 0.827392 0.968655 0.916091 0.503699 0.376310 0.614790 0.758590 0.331134 0.337525 0.620448 0.889929 0.694172 0.761317 0.975109 0.810603 0.866334 0.886380 0.812155 0.849043 0.852000 0.867651 0.716674 0.699609 0.790177 0.850973 0.967502 0.998354 0.927944 0.886384 0.796700 0.867403 0.567405 0.532773 0.430401 0.498044 0.219635 0.333377 0.271607 0.374636 0.545608 0.490832 0.502489 0.543203 0.750334 0.798865 0.660100 0.770764 0.991240 0.991600 0.891213 0.941127 0.757638 0.742775 0.738480 0.730596 0.364459 0.570704 0.716721 0.701317 0.409205 0.571766 0.891999 0.933774 0.626661 0.622491 0.825220 0.992784 0.893295 0.877666 0.862092 0.794497 0.725909 0.905915 0.656304 0.686919 0.707116 0.832937 0.761765 0.848937 0.582343 0.599785 0.875181 0.822568 0.757509 0.806508 0.859546 0.879924 0.951354 0.968422 0.805810 0.965684
0.398864 0.549914 0.602189 0.543639 0.858065 0.830704 0.488760 0.445035 0.808611 0.916058 0.469388 0.410142 0.299776 0.000000 0.510430 0.463335 0.654962 0.533244 0.393318 0.477210 0.834720 0.954752 0.470256 0.579934 0.866116 0.808287 0.919639 0.977962 0.622764 0.484906 0.550457 0.615411 0.275846 0.357537 0.608313 0.747083 0.649744 0.861095 0.861284 0.809106 0.875775 0.989154 0.842217 0.901564 0.907431 0.939095 0.798139 0.770818 0.712099 0.780416 0.926312 0.903820 0.867300 0.791273 0.960729 0.965313 0.507875 0.541880 0.531442 0.533761 0.321188 0.400545 0.390558 0.505932 0.561504 0.411283 0.503781 0.431601 0.887016 0.819354 0.722563 0.661019 0.920326 0.940327 0.808649 0.862071 0.864684 0.770070 0.708568 0.664844 0.519186 0.670221 0.595538 0.764370 0.389224 0.486746 0.774374 0.907973 0.641884 0.581120 0.860835 0.864562 0.911587 0.973489 0.928323 0.752556 0.799576 0.938786 0.763545 0.742141 0.646520 0.892009 0.856841 0.985987 0.591830 0.713650 0.974913 0.906652 0.740078 0.846719 0.805769 0.940429 0.926777 0.852107 0.860564 0.953299
0.595303 0.778160 0.577748 0.639028 0.693893 0.975251 0.525237 0.641142 0.606350 0.775167 0.736668 0.693030 0.476586 0.510430 0.000000 0.422580 0.759992 0.685579 0.662040 0.752608 0.676602 0.900758 0.423933 0.732617 0.793733 0.768902 0.888944 0.904214 0.708867 0.601241 0.525562 0.758367 0.475643 0.505560 0.585174 0.782715 0.511593 0.680587 0.986115 0.979871 0.776443 0.926305 0.792391 0.891529 0.758627 0.845503 0.836073 0.751851 0.810106 0.952737 0.817448 0.749312 0.745908 0.754810 0.830701 0.814484 0.834485 0.776316 0.541548 0.718086 0.464381 0.703000 0.561380 0.613864 0.574688 0.699315 0.538296 0.620633 0.830553 0.790204 0.554087 0.511677 0.825924 0.878347 0.910068 0.985778 0.751136 0.776552 0.683880 0.880493 0.703696 0.905784 0.558704 0.747791 0.496275 0.658654 0.798379 0.996900 0.759552 0.656391 0.688609 0.751785 0.749367 0.680890 0.794150 0.851108 0.735584 0.837666 0.682891 0.715791 0.842232 0.853567 0.760654 0.825746 0.642352 0.542085 0.731326 0.616441 0.764026 0.957536 0.830636 0.898406 0.981463 0.819174 0.797084 0.982895
0.563619 0.663889 0.413100 0.439362 0.882982 0.847673 0.411598 0.521917 0.638370 0.928748 0.723389 0.680848 0.446353 0.463335 0.422580 0.000000 0.768834 0.625714 0.469504 0.514014 0.573401 0.996099 0.335565 0.480430 0.600279 0.486664 0.808889 0.897611 0.681009 0.608082 0.398105 0.479734 0.387087 0.412564 0.506745 0.604112 0.423938 0.655880 0.959874 0.877160 0.820446 0.985782 0.661314 0.702046 0.736902 0.765183 0.641972 0.645231 0.844651 0.945673 0.804605 0.788622 0.808531 0.800969 0.716320 0.864339 0.756477 0.753723 0.653287 0.792418 0.513457 0.634416 0.673714 0.771870 0.436824 0.480724 0.462310 0.494608 0.831505 0.851241 0.538674 0.528258 0.776320 0.668771 0.762705 0.919779 0.722420 0.749442 0.646608 0.609103 0.588528 0.660411 0.570607 0.775470 0.370600 0.442513 0.804579 0.903160 0.756577 0.685950 0.606898 0.850323 0.692745 0.707437 0.667844 0.874288 0.657496 0.860116 0.718704 0.738028 0.758039 0.802186 0.824489 0.959577 0.584923 0.703303 0.875623 0.811136 0.775017 0.916387 0.888691 0.900474 0.974534 0.936059 0.855905 0.936324
0.354552 0.368514 0.899725 0.868838 0.753529 0.773443 0.587257 0.472745 0.640597 0.500059 0.406859 0.304234 0.503938 0.654962 0.759992 0.768834 0.000000 0.279797 0.600211 0.483120 0.916865 0.959002 0.970248 0.904609 0.751760 0.858084 0.915002 0.734401 0.306990 0.363528 0.965884 0.989256 0.577238 0.477632 0.840088 0.985040 0.896216 0.926748 0.969492 0.825555 0.777261 0.837023 0.725292 0.636251 0.528135 0.499797 0.660071 0.740067 0.646778 0.725683 0.657383 0.705278 0.843498 0.975492 0.766858 0.759149 0.386029 0.303905 0.386719 0.522015 0.481613 0.386425 0.375190 0.310716 0.927684 0.783249 0.644848 0.670422 0.668073 0.739621 0.735105 0.904450 0.871474 0.720956 0.914581 0.848789 0.675494 0.802779 0.653620 0.975383 0.281502 0.511378 0.770415 0.504765 0.767712 0.895686 0.953619 0.891516 0.786525 0.793085 0.791324 0.831311 0.819836 0.873894 0.631272 0.959261 0.603353 0.614024 0.488352 0.485559 0.711536 0.783592 0.505574 0.516833 0.490219 0.659079 0.942713 0.680524 0.758550 0.747037 0.761410 0.594530 0.626523 0.819147 0.713829 0.965319
0.367527 0.427447 0.831921 0.803258 0.848929 0.710243 0.500520 0.423447 0.652626 0.493900 0.374729 0.328369 0.483651 0.533244 0.685579 0.625714 0.279797 0.000000 0.516332 0.455446 0.947990 0.905511 0.907471 0.962479 0.805178 0.992572 0.922063 0.798226 0.289211 0.304915 0.847681 0.842740 0.506989 0.446866 0.805785 0.880680 0.733558 0.808623 0.949307 0.811536 0.842839 0.781994 0.718571 0.638912 0.494490 0.481536 0.667474 0.738035 0.723123 0.729128 0.625509 0.691633 0.800085 0.907329 0.743612 0.847916 0.388050 0.341138 0.435915 0.618189 0.476805 0.426471 0.375382 0.313994 0.895495 0.736712 0.567046 0.598773 0.675896 0.708610 0.688275 0.784415 0.788666 0.635515 0.994277 0.840718 0.674981 0.769577 0.531205 0.860377 0.241185 0.462058 0.724884 0.556805 0.748362 0.821229 0.943901 0.905567 0.744038 0.828537 0.692425 0.788993 0.703498 0.833903 0.738998 0.865101 0.566751 0.689150 0.470124 0.482828 0.580502 0.710439 0.452028 0.538762 0.459897 0.701582 0.893591 0.690315 0.716419 0.730801 0.744183 0.651665 0.690665 0.814335 0.770463 0.985882
0.405679 0.434374 0.419071 0.359789 0.901206 0.664917 0.319757 0.312677 0.717491 0.855100 0.554931 0.525448 0.460417 0.393318 0.662040 0.469504 0.600211 0.516332 0.000000 0.356245 0.796138 0.983146 0.460372 0.521152 0.670361 0.580257 0.952797 0.944860 0.652775 0.642165 0.456327 0.566570 0.272016 0.279196 0.456425 0.640374 0.507884 0.726735 0.835852 0.818381 0.777509 0.971082 0.527786 0.595808 0.599151 0.629525 0.490671 0.530334 0.991641 0.893042 0.756087 0.855301 0.899049 0.980090 0.684352 0.747247 0.486934 0.507751 0.580914 0.621206 0.459650 0.442954 0.587019 0.689700 0.458118 0.362718 0.344440 0.329647 0.662605 0.771332 0.510230 0.585926 0.843817 0.779851 0.776917 0.831757 0.641250 0.595712 0.722888 0.720323 0.496137 0.524680 0.624468 0.723635 0.386902 0.433564 0.866586 0.822763 0.619751 0.623935 0.626643 0.907405 0.696110 0.872040 0.768036 0.723232 0.577427 0.856305 0.547077 0.529768 0.682198 0.803648 0.719164 0.881331 0.532341 0.679870 0.995278 0.721424 0.650163 0.840148 0.728846 0.718351 0.807486 0.945413 0.898603 0.969378
0.384029 0.352110 0.544262 0.452625 0.995540 0.688125 0.419291 0.356467 0.718763 0.866251 0.567292 0.452239 0.484776 0.477210 0.752608 0.514014 0.483120 0.455446 0.356245 0.000000 0.779819 0.999169 0.613370 0.578196 0.751420 0.676907 0.971020 0.939913 0.555386 0.624233 0.621984 0.606999 0.349927 0.359268 0.670352 0.725945 0.617404 0.876503 0.898004 0.827316 0.789804 0.994188 0.569060 0.587061 0.640973 0.636349 0.532059 0.547566 0.928642 0.804273 0.802449 0.855280 0.958623 0.983984 0.690547 0.683983 0.416425 0.414843 0.583427 0.578835 0.512129 0.403080 0.590111 0.646577 0.558001 0.423435 0.494661 0.438156 0.549129 0.696561 0.602580 0.716474 0.792011 0.686583 0.767570 0.713068 0.669443 0.714767 0.647368 0.712339 0.422781 0.371804 0.626748 0.651536 0.459265 0.495951 0.840537 0.835528 0.754915 0.626557 0.736869 0.966407 0.791233 0.945762 0.675343 0.989933 0.598845 0.812233 0.620806 0.523978 0.746470 0.778066 0.629451 0.834874 0.453779 0.730737 0.970303 0.833987 0.693677 0.845406 0.792315 0.725472 0.823461 0.964164 0.795394 0.976967
0.947275 0.972319 0.608802 0.630122 0.982314 0.866851 0.747894 0.889295 0.863368 0.786643 0.883689 0.979253 0.795616 0.834720 0.676602 0.573401 0.916865 0.947990 0.796138 0.779819 0.000000 0.934055 0.521856 0.569896 0.578827 0.569284 0.697336 0.799615 0.855846 0.943377 0.652194 0.758639 0.735786 0.773131 0.737914 0.745675 0.628910 0.679893 0.944343 0.937529 0.744928 0.943557 0.781416 0.868475 0.965661 0.966051 0.808532 0.840954 0.739320 0.920421 0.960830 0.998347 0.939622 0.789945 0.853211 0.912037 0.990176 0.937786 0.935139 0.950644 0.869222 0.970549 0.947859 0.840952 0.549615 0.659448 0.681575 0.701623 0.841155 0.992091 0.681264 0.671455 0.909802 0.885084 0.918936 0.885596 0.914466 0.737736 0.976857 0.766829 0.964838 0.982041 0.704495 0.997561 0.633846 0.629148 0.591765 0.754289 0.946135 0.798717 0.780476 0.874000 0.888961 0.747694 0.838141 0.889940 0.928286 0.977652 0.977613 0.944046 0.986789 0.997446 0.941329 0.914131 0.892683 0.787527 0.969964 0.956271 0.977245 0.881667 0.813259 0.982064 0.815004 0.957980 0.853494 0.968620
0.891360 0.893577 0.873533 0.915708 0.967931 0.985860 0.898362 0.889714 0.967060 0.951858 0.936768 0.957270 0.994037 0.954752 0.900758 0.996099 0.959002 0.905511 0.983146 0.999169 0.934055 0.000000 0.935600 0.976690 0.932305 0.977754 0.845430 0.890545 0.950230 0.977431 0.921713 0.908955 0.974317 0.944436 0.893407 0.999967 0.889296 0.910472 0.977081 0.929317 0.759373 0.872320 0.987008 0.942443 0.865299 0.927907 0.948899 0.887220 0.945911 0.940627 0.761178 0.806160 0.897450 0.786567 0.976930 0.842376 0.881849 0.903815 0.890015 0.878326 0.906136 0.949122 0.956770 0.920639 0.955099 0.940660 0.894201 0.901823 0.820823 0.772710 0.891930 0.887301 0.945885 0.903467 0.915079 0.939727 0.841153 0.836997 0.929846 0.954469 0.958939 0.939484 0.855052 0.956403 0.979622 0.867684 0.976397 0.985977 0.886873 0.746338 0.887730 0.864263 0.885278 0.946000 0.734791 0.986716 0.915874 0.994131 0.868483 0.787480 0.920433 0.910083 0.834375 0.909318 0.817606 0.854586 0.931114 0.893048 0.931098 0.965611 0.755175 0.865319 0.989507 0.933077 0.772780 0.936273
0.684383 0.753181 0.298329 0.313756 0.846377 0.907895 0.438888 0.566991 0.707860 0.858937 0.918352 0.859148 0.509855 0.470256 0.423933 0.335565 0.970248 0.907471 0.460372 0.613370 0.521856 0.935600 0.000000 0.277648 0.364573 0.403381 0.704659 0.784074 0.977835 0.870684 0.291525 0.414719 0.380767 0.412011 0.429428 0.599303 0.452426 0.711103 0.833261 0.901694 0.823687 0.858706 0.627886 0.742774 0.913679 0.958734 0.662036 0.610959 0.621166 0.850782 0.944052 0.917225 0.915449 0.850440 0.755026 0.879549 0.877755 0.867392 0.783942 0.795356 0.548903 0.724293 0.798533 0.969399 0.254207 0.355259 0.424619 0.415178 0.803561 0.911344 0.549399 0.502368 0.899279 0.896414 0.772517 0.870724 0.803282 0.594931 0.873770 0.681393 0.811524 0.804247 0.547924 0.894357 0.256412 0.298360 0.735833 0.803486 0.645935 0.506358 0.702640 0.926625 0.765282 0.800887 0.728913 0.831276 0.769517 0.987087 0.845339 0.808558 0.885454 0.911074 0.983432 0.891558 0.688727 0.632662 0.968992 0.845472 0.863185 0.945912 0.883730 0.969141 0.901992 0.977007 0.860961 0.988337
0.838317 0.786674 0.397205 0.324098 0.897658 0.930484 0.612462 0.681695 0.985871 0.572374 0.963355 0.962930 0.721150 0.579934 0.732617 0.480430 0.904609 0.962479 0.521152 0.578196 0.569896 0.976690 0.277648 0.000000 0.287822 0.349516 0.677023 0.696902 0.828235 0.959143 0.342777 0.336926 0.503291 0.580073 0.582532 0.607241 0.581252 0.784983 0.761414 0.952781 0.907370 0.762839 0.712454 0.833835 0.990242 0.956181 0.666669 0.645827 0.652598 0.879589 0.957021 0.905100 0.902943 0.960147 0.758173 0.902145 0.886000 0.959839 0.964108 0.929904 0.759685 0.800661 0.981128 0.818569 0.336549 0.335619 0.575989 0.474878 0.828668 0.998840 0.753805 0.708762 0.971795 0.930526 0.741589 0.819977 0.983345 0.758188 0.935977 0.612796 0.941750 0.701668 0.566659 0.925614 0.324821 0.243834 0.677411 0.576235 0.745892 0.535566 0.903805 0.826205 0.972484 0.929160 0.731490 0.919864 0.901407 0.936250 0.928748 0.968445 0.993129 0.930993 0.796842 0.715511 0.851488 0.876944 0.852135 0.874977 0.945325 0.843762 0.959368 0.907017 0.791297 0.919556 0.913727 0.905688
0.992799 0.950050 0.369839 0.372896 0.965519 0.993052 0.653481 0.788349 0.956310 0.606411 0.763958 0.759721 0.918897 0.866116 0.793733 0.600279 0.751760 0.805178 0.670361 0.751420 0.578827 0.932305 0.364573 0.287822 0.000000 0.264090 0.633740 0.666516 0.682257 0.779326 0.353137 0.454317 0.672879 0.714724 0.564741 0.586829 0.512099 0.704223 0.722796 0.970854 0.888547 0.780152 0.690939 0.812147 0.990690 0.938200 0.694927 0.723870 0.731688 0.968120 0.924718 0.972228 0.975832 0.851059 0.730247 0.869033 0.915416 0.876004 0.820473 0.869080 0.996677 0.915552 0.774197 0.616056 0.382760 0.514065 0.625416 0.609837 0.782895 0.916541 0.694495 0.673349 0.873103 0.934630 0.827229 0.922215 0.900301 0.733336 0.945525 0.724716 0.908869 0.789236 0.607168 0.980558 0.470509 0.356540 0.797992 0.707993 0.799102 0.626576 0.831591 0.983102 0.832536 0.962350 0.758848 0.922784 0.865719 0.946676 0.926633 0.998945 0.917970 0.967212 0.851441 0.783190 0.925516 0.932413 0.983658 0.953496 0.982014 0.904812 0.988397 0.857897 0.789429 0.966875 0.936734 0.845074
0.874467 0.815222 0.316203 0.321542 0.889042 0.823065 0.521966 0.653165 0.845732 0.719913 0.875414 0.908592 0.827392 0.808287 0.768902 0.486664 0.858084 0.992572 0.580257 0.676907 0.569284 0.977754 0.403381 0.349516 0.264090 0.000000 0.796141 0.739382 0.845010 0.879217 0.358115 0.444522 0.608139 0.677389 0.619613 0.514172 0.403393 0.657603 0.851368 0.964185 0.886249 0.873376 0.553850 0.696920 0.804940 0.841568 0.582562 0.585953 0.895719 0.864873 0.760584 0.835821 0.811222 0.727766 0.616436 0.840507 0.982972 0.988602 0.978169 0.976659 0.869325 0.916023 0.822819 0.700452 0.353471 0.463550 0.546653 0.553324 0.713207 0.988468 0.621497 0.586201 0.684652 0.775315 0.919442 0.939317 0.770689 0.674385 0.951697 0.647281 0.955321 0.731526 0.681506 0.944955 0.485090 0.380634 0.822639 0.768176 0.793557 0.690466 0.681773 0.876455 0.711534 0.803530 0.769432 0.873614 0.730149 0.986011 0.909386 0.883670 0.914160 0.907030 0.968427 0.939574 0.849750 0.833561 0.928953 0.965403 0.811579 0.978054 0.931031 0.994919 0.921200 0.970407 0.916708 0.951748
0.918559 0.968824 0.840140 0.804139 0.875287 0.945978 0.989393 0.937816 0.943691 0.787162 0.829442 0.913424 0.968655 0.919639 0.888944 0.808889 0.915002 0.922063 0.952797 0.971020 0.697336 0.845430 0.704659 0.677023 0.633740 0.796141 0.000000 0.779535 0.738695 0.903010 0.770855 0.829096 0.887711 0.888755 0.838456 0.726159 0.802970 0.858338 0.792156 0.970996 0.703548 0.932105 0.987388 0.988989 0.856798 0.778172 0.993014 0.918863 0.688466 0.825720 0.971635 0.898572 0.852953 0.941999 0.982020 0.874685 0.997554 0.944980 0.910524 0.926454 0.957445 0.878730 0.962030 0.890695 0.773491 0.775319 0.829185 0.794703 0.983223 0.917267 0.903775 0.883860 0.823399 0.924540 0.864838 0.992454 0.998970 0.875356 0.980581 0.909000 0.992034 0.979373 0.764621 0.851368 0.759628 0.705009 0.895536 0.953530 0.844411 0.802459 0.989033 0.936672 0.968506 0.981024 0.793208 0.940598 0.989045 0.942723 0.981367 0.934680 0.831127 0.905198 0.936062 0.937206 0.996657 0.922657 0.840545 0.998873 0.895839 0.715995 0.864459 0.868733 0.819473 0.978140 0.872916 0.854366
0.890075 0.930055 0.792706 0.760899 0.935247 0.800904 0.961044 0.994116 0.981505 0.774042 0.750805 0.798940 0.916091 0.977962 0.904214 0.897611 0.734401 0.798226 0.944860 0.939913 0.799615 0.890545 0.784074 0.696902 0.666516 0.739382 0.779535 0.000000 0.700307 0.729310 0.746466 0.885243 0.902474 0.986184 0.841453 0.836676 0.734573 0.889056 0.827914 0.920459 0.904898 0.882097 0.942847 0.993229 0.890713 0.836854 0.969665 0.989085 0.717669 0.869380 0.969880 0.927354 0.925823 0.939635 0.979537 0.901260 0.909706 0.837452 0.878111 0.956330 0.944120 0.889662 0.773121 0.687354 0.763191 0.742891 0.840830 0.772383 0.970851 0.952383 0.935340 0.833207 0.975188 0.894430 0.959144 0.917265 0.962371 0.966572 0.954942 0.819360 0.842427 0.953299 0.960284 0.768251 0.848264 0.715330 0.990788 0.882611 0.996242 0.838271 0.873175 0.939992 0.876838 0.959939 0.939843 0.812167 0.965667 0.879514 0.933074 0.904481 0.919279 0.963496 0.942135 0.893637 0.980391 0.962365 0.982333 0.943762 0.972154 0.746378 0.952992 0.953382 0.824166 0.974792 0.879197 0.955306
0.429410 0.510743 0.928709 0.958979 0.801929 0.871007 0.603521 0.512597 0.588109 0.461139 0.375992 0.352168 0.503699 0.622764 0.708867 0.681009 0.306990 0.289211 0.652775 0.555386 0.855846 0.950230 0.977835 0.828235 0.682257 0.845010 0.738695 0.700307 0.000000 0.296796 0.938656 0.963988 0.588235 0.559283 0.878360 0.891894 0.885056 0.923182 0.826230 0.923803 0.918448 0.767860 0.812292 0.737249 0.517603 0.473069 0.807636 0.752706 0.585778 0.681817 0.687840 0.698332 0.771883 0.929668 0.757239 0.686704 0.513597 0.429614 0.434611 0.637676 0.474002 0.434551 0.361264 0.291928 0.981175 0.933520 0.761063 0.830435 0.790949 0.685802 0.804226 0.889199 0.781958 0.676048 0.921473 0.920170 0.706622 0.928771 0.523081 0.969074 0.342832 0.563869 0.765930 0.528358 0.845652 0.997222 0.982809 0.899628 0.814546 0.885349 0.807872 0.861685 0.864795 0.894515 0.806699 0.949459 0.573336 0.809635 0.541581 0.536659 0.688346 0.816180 0.544958 0.638168 0.556502 0.731481 0.830626 0.750600 0.652511 0.648367 0.735833 0.706262 0.628658 0.785923 0.829811 0.978459
0.461447 0.614363 0.897739 0.913147 0.793811 0.904707 0.598796 0.571425 0.606399 0.529532 0.323798 0.346526 0.376310 0.484906 0.601241 0.608082 0.363528 0.304915 0.642165 0.624233 0.943377 0.977431 0.870684 0.959143 0.779326 0.879217 0.903010 0.729310 0.296796 0.000000 0.892113 0.928482 0.557275 0.498890 0.883541 0.948035 0.890215 0.847795 0.963609 0.847136 0.958571 0.852464 0.962315 0.849870 0.697667 0.699563 0.887503 0.889302 0.859133 0.935730 0.831389 0.876447 0.923760 0.958554 0.854061 0.954669 0.583164 0.529383 0.500815 0.698007 0.449060 0.479119 0.275457 0.249009 0.951769 0.854146 0.732766 0.769616 0.891255 0.907189 0.815616 0.969752 0.980359 0.875943 0.922746 0.974246 0.758154 0.854305 0.583463 0.888048 0.308273 0.571627 0.695383 0.536282 0.733780 0.876238 0.934007 0.925976 0.783577 0.821815 0.872075 0.959624 0.903830 0.938712 0.851232 0.878812 0.749528 0.854453 0.644382 0.694110 0.690826 0.872293 0.658468 0.726463 0.626600 0.799173 0.907920 0.860140 0.891646 0.824923 0.870653 0.794567 0.847455 0.942454 0.838205 0.943637
0.730338 0.740642 0.351215 0.384319 0.944928 0.934833 0.476200 0.568265 0.815742 0.840864 0.901174 0.933146 0.614790 0.550457 0.525562 0.398105 0.965884 0.847681 0.456327 0.621984 0.652194 0.921713 0.291525 0.342777 0.353137 0.358115 0.770855 0.746466 0.938656 0.892113 0.000000 0.346492 0.390303 0.508288 0.495447 0.646163 0.442569 0.678861 0.878565 0.962416 0.814832 0.952537 0.636587 0.746836 0.796569 0.835349 0.695356 0.704574 0.798132 0.977419 0.850558 0.938236 0.920926 0.890054 0.736466 0.838256 0.815709 0.806918 0.866670 0.920774 0.631045 0.766205 0.869933 0.987731 0.385328 0.459614 0.505466 0.514430 0.732461 0.853638 0.644474 0.548128 0.790335 0.819602 0.795558 0.873826 0.875796 0.748174 0.818611 0.621044 0.818340 0.695353 0.514739 0.912679 0.364858 0.361225 0.766826 0.736937 0.720516 0.581009 0.758819 0.997115 0.802861 0.931820 0.682567 0.860761 0.700096 0.902601 0.904866 0.809570 0.869971 0.848951 0.977802 0.909198 0.692397 0.723067 0.913067 0.875777 0.866226 0.956996 0.890639 0.981556 0.899689 0.958370 0.879700 0.881789
0.833326 0.810337 0.530925 0.518600 0.910368 0.972314 0.652987 0.730434 0.992537 0.711727 0.929432 0.982190 0.758590 0.615411 0.758367 0.479734 0.989256 0.842740 0.566570 0.606999 0.758639 0.908955 0.414719 0.336926 0.454317 0.444522 0.829096 0.885243 0.963988 0.928482 0.346492 0.000000 0.535961 0.604407 0.693054 0.648238 0.602419 0.794398 0.778958 0.990442 0.959748 0.801345 0.759495 0.772683 0.920819 0.907386 0.740394 0.756169 0.800550 0.944860 0.967755 0.951054 0.937590 0.951706 0.756775 0.932761 0.823981 0.867377 0.957525 0.958751 0.800805 0.864544 0.958197 0.929954 0.527860 0.537345 0.672398 0.586295 0.854948 0.970335 0.855795 0.773944 0.862481 0.790245 0.828284 0.785959 0.935553 0.804765 0.835074 0.642317 0.846174 0.677198 0.597820 0.916412 0.482096 0.404972 0.832534 0.695082 0.849529 0.754793 0.919143 0.833026 0.931429 0.923822 0.733484 0.907390 0.892607 0.960364 0.971999 0.973239 0.900286 0.932566 0.895557 0.806462 0.795491 0.976463 0.893594 0.990146 0.905625 0.886839 0.984513 0.891001 0.832846 0.946218 0.949861 0.882366
0.358457 0.423126 0.430719 0.401287 0.812456 0.706432 0.328341 0.322925 0.646092 0.895865 0.530972 0.467476 0.331134 0.275846 0.475643 0.387087 0.577238 0.506989 0.272016 0.349927 0.735786 0.974317 0.380767 0.503291 0.672879 0.608139 0.887711 0.902474 0.588235 0.557275 0.390303 0.535961 0.000000 0.261901 0.504763 0.691187 0.475854 0.739797 0.883476 0.839378 0.784496 0.997168 0.590393 0.661975 0.663449 0.704617 0.572900 0.600180 0.894181 0.989283 0.841771 0.887084 0.950866 0.982824 0.754375 0.742922 0.481481 0.468193 0.498809 0.542524 0.316076 0.390881 0.455235 0.579974 0.404888 0.344439 0.359493 0.338183 0.685146 0.727533 0.574045 0.558999 0.829967 0.776104 0.749690 0.841340 0.687710 0.643539 0.620978 0.675232 0.459322 0.524525 0.538150 0.677995 0.303070 0.374532 0.862376 0.858723 0.610382 0.515871 0.710846 0.978749 0.763003 0.919812 0.779550 0.768303 0.629069 0.850304 0.598628 0.568193 0.744963 0.770376 0.739149 0.860447 0.497356 0.608997 0.911645 0.793992 0.703732 0.822130 0.763510 0.804737 0.896679 0.950481 0.839538 0.937875
0.300889 0.384798 0.393271 0.393576 0.801381 0.701878 0.281379 0.297571 0.551414 0.748070 0.478005 0.420585 0.337525 0.357537 0.505560 0.412564 0.477632 0.446866 0.279196 0.359268 0.773131 0.944436 0.412011 0.580073 0.714724 0.677389 0.888755 0.986184 0.559283 0.498890 0.508288 0.604407 0.261901 0.000000 0.462845 0.737494 0.529813 0.751164 0.846513 0.835092 0.805181 0.900995 0.539527 0.551088 0.596825 0.623365 0.509302 0.513607 0.993931 0.886675 0.730758 0.766188 0.848642 0.912104 0.659134 0.783056 0.475841 0.448011 0.444858 0.528716 0.331871 0.383509 0.437984 0.520490 0.431793 0.368249 0.308657 0.312274 0.583977 0.729104 0.493640 0.561205 0.853447 0.773539 0.792558 0.875231 0.646272 0.551000 0.623114 0.743243 0.383979 0.482420 0.539571 0.616987 0.347233 0.424611 0.886701 0.910967 0.530317 0.531553 0.629933 0.852576 0.677374 0.797863 0.671884 0.806340 0.584049 0.873531 0.497926 0.470675 0.684884 0.770397 0.632760 0.746444 0.469726 0.570083 0.918812 0.684761 0.679400 0.754347 0.703138 0.725879 0.808612 0.922246 0.750206 0.930028
0.636024 0.722324 0.398237 0.405521 0.731479 0.840443 0.418422 0.492112 0.670248 0.861898 0.829522 0.777139 0.620448 0.608313 0.585174 0.506745 0.840088 0.805785 0.456425 0.670352 0.737914 0.893407 0.429428 0.582532 0.564741 0.619613 0.838456 0.841453 0.878360 0.883541 0.495447 0.693054 0.504763 0.462845 0.000000 0.700126 0.578418 0.705610 0.853187 0.829863 0.778089 0.803334 0.534878 0.619901 0.682734 0.767830 0.585446 0.565142 0.884891 0.925947 0.745066 0.792534 0.738843 0.776041 0.696701 0.710800 0.809692 0.824623 0.670931 0.788079 0.594860 0.720606 0.805074 0.889070 0.368452 0.463936 0.331985 0.431189 0.788083 0.910267 0.461430 0.494830 0.757620 0.746096 0.974156 0.905052 0.651454 0.559623 0.811996 0.830253 0.745749 0.768442 0.717029 0.826157 0.456197 0.490364 0.759038 0.984423 0.712895 0.651854 0.481755 0.709393 0.577691 0.606761 0.674502 0.729179 0.601544 0.797635 0.650867 0.620000 0.767443 0.795948 0.755583 0.939742 0.671703 0.533720 0.994965 0.684184 0.642730 0.768883 0.738126 0.909616 0.899328 0.908097 0.882066 0.924002
0.876223 0.843850 0.665549 0.614415 0.969093 0.873113 0.698426 0.750721 0.971740 0.898670 0.890981 0.997563 0.889929 0.747083 0.782715 0.604112 0.985040 0.880680 0.640374 0.725945 0.745675 0.999967 0.599303 0.607241 0.586829 0.514172 0.726159 0.836676 0.891894 0.948035 0.646163 0.648238 0.691187 0.737494 0.700126 0.000000 0.501299 0.778295 0.819334 0.879002 0.725617 0.915918 0.633216 0.799563 0.813080 0.903390 0.776810 0.760977 0.880042 0.956735 0.778498 0.826572 0.823029 0.758543 0.833723 0.991568 0.859920 0.925810 0.998123 0.921297 0.956749 0.970676 0.963242 0.877421 0.643516 0.614758 0.586881 0.570163 0.949307 0.871074 0.666145 0.602476 0.826034 0.779591 0.978873 0.983389 0.711288 0.823644 0.975624 0.941504 0.904083 0.908839 0.655352 0.961235 0.615194 0.575558 0.883645 0.873975 0.873907 0.770418 0.659863 0.851560 0.634502 0.774857 0.884060 0.787907 0.856597 0.815292 0.825925 0.870012 0.837114 0.792720 0.830242 0.930241 0.812556 0.901255 0.973512 0.889494 0.872729 0.939767 0.938304 0.895901 0.940018 0.992603 0.931530 0.977925
0.638127 0.719650 0.371653 0.429137 0.914775 0.753515 0.444180 0.557889 0.697059 0.982965 0.918296 0.903502 0.694172 0.649744 0.511593 0.423938 0.896216 0.733558 0.507884 0.617404 0.628910 0.889296 0.452426 0.581252 0.512099 0.403393 0.802970 0.734573 0.885056 0.890215 0.442569 0.602419 0.475854 0.529813 0.578418 0.501299 0.000000 0.542250 0.817377 0.875546 0.729226 0.977137 0.592829 0.694762 0.720255 0.785562 0.569667 0.638879 0.883588 0.860089 0.696491 0.724139 0.746676 0.715582 0.727379 0.757665 0.817453 0.785583 0.721747 0.867813 0.688916 0.800440 0.856695 0.966486 0.455331 0.539077 0.437621 0.444469 0.754039 0.820407 0.512662 0.433245 0.688019 0.695752 0.977879 0.959869 0.675139 0.701056 0.721058 0.816586 0.738028 0.788686 0.660765 0.856826 0.478151 0.497021 0.904018 0.972783 0.689202 0.640180 0.565618 0.697891 0.568310 0.686548 0.784084 0.833649 0.650970 0.833291 0.669781 0.654278 0.768051 0.792202 0.754680 0.879965 0.559923 0.715696 0.798458 0.663856 0.753251 0.904050 0.832040 0.811803 0.872268 0.852883 0.921171 0.968274
0.821299 0.958791 0.647603 0.671977 0.829431 0.906882 0.650822 0.762231 0.732635 0.958647 0.928428 0.952160 0.761317 0.861095 0.680587 0.655880 0.926748 0.808623 0.726735 0.876503 0.679893 0.910472 0.711103 0.784983 0.704223 0.657603 0.858338 0.889056 0.923182 0.847795 0.678861 0.794398 0.739797 0.751164 0.705610 0.778295 0.542250 0.000000 0.916039 0.958858 0.823586 0.916614 0.787226 0.818316 0.793695 0.881058 0.775504 0.803990 0.887863 0.969045 0.855076 0.880578 0.838271 0.820244 0.760371 0.908582 0.974630 0.955021 0.798129 0.985782 0.824229 0.963702 0.877878 0.938484 0.701050 0.803464 0.614256 0.681776 0.921663 0.962998 0.643903 0.680791 0.711361 0.843070 0.857594 0.895377 0.848711 0.904461 0.965263 0.918544 0.867211 0.870122 0.839579 0.906035 0.779011 0.765836 0.920341 0.927198 0.869372 0.984422 0.638550 0.728259 0.664128 0.695673 0.874649 0.876667 0.727336 0.807148 0.831059 0.843381 0.923662 0.799969 0.877800 0.870045 0.850501 0.811560 0.780731 0.750851 0.823686 0.987708 0.949916 0.876382 0.856419 0.683935 0.887559 0.788401
