0.000000 0.331434 0.978174 0.801114 0.987663 0.882848 0.834129 0.763109 0.933687 0.701208 0.480177 0.385715 0.551016 0.557290 0.752105 0.646541 0.398053 0.408757 0.416668 0.369282 0.936165 0.891385 0.787308 0.977324 0.899188 0.889187 0.882227 0.858380 0.474395 0.462443 0.786995 0.746042 0.633893 0.624178 0.992041 0.991342 0.734924 0.608267 0.900048 0.720899 0.879506 0.764377 0.720496 0.606317 0.814715 0.679758 0.540029 0.568703 0.635876 0.578113 0.742672 0.620254 0.859470 0.956398 0.825295 0.744070 0.399791 0.341638 0.524516 0.529883 0.681109 0.748370 0.566282 0.452480 0.876279 0.903527 0.898790 0.894024 0.366227 0.476721 0.817511 0.866066 0.652359 0.605870 0.826198 0.969361 0.684589 0.704734 0.574719 0.595379 0.351775 0.374234 0.514639 0.498209 0.695341 0.850460 0.976832 0.970289 0.984825 0.703384 0.890662 0.849110 0.801412 0.822032 0.982392 0.850615 0.881595 0.818305 0.722038 0.753605 0.987758 0.940095 0.559574 0.682331 0.888174 0.757026 0.976805 0.874206 0.848831 0.748505 0.834777 0.859247 0.929535 0.767862 0.761218 0.916078
0.331434 0.000000 0.967293 0.866458 0.935453 0.781856 0.750003 0.747050 0.960390 0.668827 0.527298 0.422485 0.699541 0.658369 0.945884 0.753629 0.400553 0.375883 0.409121 0.408057 0.836691 0.930801 0.883341 0.921890 0.991959 0.793733 0.914499 0.730842 0.489203 0.561860 0.846927 0.769039 0.667411 0.583309 0.974312 0.886399 0.852194 0.574967 0.976802 0.828574 0.959289 0.849420 0.566319 0.466488 0.636719 0.513176 0.537775 0.565074 0.475816 0.423101 0.578328 0.500274 0.698669 0.810328 0.877273 0.716448 0.269430 0.249924 0.507286 0.500069 0.721944 0.797639 0.571664 0.454256 0.810800 0.802005 0.873229 0.891253 0.560208 0.473502 0.928476 0.898670 0.839204 0.725065 0.918541 0.911976 0.618952 0.721946 0.524022 0.573329 0.349881 0.408501 0.641154 0.480096 0.768386 0.975529 0.919790 0.987413 0.946605 0.813683 0.976646 0.987498 0.940632 0.891744 0.904020 0.905542 0.936413 0.755270 0.706753 0.633891 0.903768 0.872831 0.484615 0.702190 0.905008 0.878365 0.878276 0.810202 0.987981 0.693433 0.671532 0.764528 0.757097 0.611040 0.794760 0.939435
0.978174 0.967293 0.000000 0.465717 0.902779 0.795464 0.503030 0.546865 0.472874 0.845469 0.895673 0.995835 0.804151 0.857370 0.956119 0.884372 0.859490 0.829399 0.834804 0.965056 0.905777 0.963146 0.692342 0.744051 0.671935 0.507868 0.875900 0.934396 0.946871 0.933740 0.605230 0.693966 0.633029 0.687953 0.758498 0.836359 0.775860 0.991978 0.930797 0.953979 0.977552 0.987826 0.712390 0.741661 0.748269 0.788090 0.664052 0.751177 0.857833 0.985002 0.985961 0.967794 0.901045 0.918966 0.967481 0.844055 0.972416 0.834364 0.896774 0.910417 0.495529 0.508145 0.918911 0.910039 0.407157 0.349632 0.562563 0.493293 0.988277 0.877188 0.727879 0.744471 0.723684 0.782146 0.899134 0.875689 0.782188 0.773237 0.883870 0.926937 0.806374 0.833048 0.981467 0.799814 0.826305 0.686836 0.973434 0.879734 0.919490 0.951013 0.685471 0.877178 0.768121 0.888992 0.856560 0.984004 0.856751 0.957396 0.689348 0.697445 0.699954 0.910156 0.996851 0.822477 0.727559 0.883003 0.884858 0.807771 0.747456 0.946919 0.832663 0.841031 0.780054 0.872930 0.773438 0.980566
0.801114 0.866458 0.465717 0.000000 0.848939 0.837299 0.488091 0.365219 0.530714 0.600898 0.830805 0.715830 0.658403 0.648229 0.802426 0.619533 0.981641 0.987329 0.644087 0.831694 0.932063 0.909005 0.422837 0.601427 0.704569 0.582554 0.917439 0.974063 0.984441 0.952311 0.499385 0.526236 0.571203 0.617838 0.796448 0.829069 0.753108 0.968402 0.861776 0.996059 0.979452 0.870418 0.584356 0.551934 0.796344 0.727833 0.580310 0.634876 0.962723 0.912174 0.881757 0.883224 0.882621 0.918060 0.950506 0.952784 0.903460 0.990247 0.695999 0.755483 0.485735 0.427532 0.923411 0.839609 0.528959 0.429845 0.531222 0.508743 0.854751 0.985286 0.661085 0.636483 0.736843 0.813540 0.922982 0.867893 0.626348 0.757595 0.881753 0.921977 0.990786 0.968768 0.844690 0.996510 0.793808 0.653117 0.920834 0.924021 0.760343 0.813749 0.702052 0.945465 0.774434 0.907236 0.844701 0.982969 0.780404 0.832214 0.617724 0.568829 0.600544 0.927074 0.944751 0.735472 0.554685 0.641729 0.922574 0.662267 0.676424 0.839805 0.697574 0.871011 0.699329 0.825316 0.621703 0.954118
0.987663 0.935453 0.902779 0.848939 0.000000 0.877001 0.914405 0.928668 0.992633 0.992272 0.849200 0.912408 0.860775 0.934933 0.870739 0.984814 0.994934 0.963035 0.918710 0.965286 0.887815 0.876664 0.786376 0.873806 0.786987 0.927399 0.871454 0.923443 0.992617 0.950377 0.782815 0.848230 0.905866 0.909109 0.832090 0.901872 0.970335 0.882988 0.887912 0.926162 0.907929 0.922008 0.869811 0.914138 0.755981 0.794970 0.957061 0.886402 0.753952 0.752493 0.728681 0.788173 0.796046 0.769554 0.947404 0.791333 0.942896 0.936336 0.926123 0.929700 0.871818 0.989763 0.875020 0.934230 0.850017 0.829207 0.900793 0.923269 0.818632 0.981107 0.973634 0.868812 0.958324 0.906177 0.950952 0.988397 0.944469 0.857195 0.890296 0.903243 0.981403 0.982489 0.938294 0.911540 0.922136 0.771814 0.920079 0.932810 0.871268 0.970234 0.864374 0.821606 0.855306 0.946641 0.904506 0.999680 0.993185 0.967882 0.887123 0.907023 0.948714 0.927818 0.871706 0.871471 0.986510 0.762473 0.967682 0.925297 0.887892 0.907582 0.975958 0.994548 0.987721 0.824180 0.946442 0.981469
0.882848 0.781856 0.795464 0.837299 0.877001 0.000000 0.984538 0.881445 0.818615 0.969544 0.727986 0.890468 0.865755 0.865944 0.804299 0.732600 0.676268 0.659107 0.759802 0.890281 0.839794 0.925637 0.838375 0.655183 0.755374 0.602463 0.900364 0.681909 0.719393 0.808327 0.965356 0.966449 0.953757 0.933451 0.895503 0.971518 0.842618 0.846871 0.781525 0.944711 0.998392 0.976929 0.951913 0.926627 0.995236 0.910519 0.943504 0.993292 0.942048 0.969978 0.968076 0.965831 0.843078 0.948592 0.716670 0.881085 0.631386 0.703226 0.857713 0.963668 0.890037 0.730984 0.703313 0.785061 0.740328 0.607840 0.869416 0.857490 0.971698 0.947556 0.769643 0.926379 0.824032 0.916953 0.834951 0.989819 0.979735 0.903273 0.821215 0.985375 0.793907 0.944240 0.847469 0.861118 0.738675 0.662302 0.862095 0.930631 0.934451 0.926859 0.751205 0.832024 0.766753 0.859019 0.979813 0.885642 0.674607 0.860974 0.930843 0.973409 0.927969 0.964537 0.811851 0.998145 0.906588 0.926381 0.809584 0.974240 0.942489 0.918356 0.926428 0.997807 0.897610 0.984037 0.997580 0.931481
0.834129 0.750003 0.503030 0.488091 0.914405 0.984538 0.000000 0.315810 0.592908 0.562328 0.727872 0.669662 0.826823 0.832693 0.871516 0.973035 0.817900 0.860948 0.645919 0.845979 0.981225 0.941650 0.772544 0.969108 0.971865 0.803556 0.682077 0.657830 0.852028 0.860309 0.486133 0.666857 0.429600 0.400446 0.815238 0.709979 0.939909 0.942787 0.921725 0.896586 0.899924 0.985470 0.507003 0.526637 0.481765 0.514269 0.591811 0.594641 0.807511 0.737396 0.682079 0.722153 0.685899 0.752157 0.996824 0.966918 0.826863 0.850169 0.497977 0.588473 0.320565 0.475843 0.644825 0.644440 0.799898 0.631082 0.294720 0.331684 0.997668 0.969759 0.727764 0.659838 0.821453 0.902900 0.923582 0.800864 0.613352 0.709514 0.829581 0.781504 0.841918 0.975465 0.984588 0.930792 0.974911 0.988829 0.967822 0.743221 0.907969 0.902271 0.673420 0.824177 0.675265 0.866018 0.746955 0.917823 0.867251 0.675349 0.469639 0.543814 0.462090 0.742739 0.721648 0.566080 0.692972 0.795695 0.838287 0.629955 0.799198 0.837012 0.572024 0.742558 0.626987 0.721561 0.577367 0.911438
0.763109 0.747050 0.546865 0.365219 0.928668 0.881445 0.315810 0.000000 0.555927 0.374948 0.707601 0.543257 0.714595 0.705611 0.992100 0.761365 0.816471 0.862155 0.577472 0.765638 0.914677 0.946141 0.676398 0.956116 0.974921 0.813065 0.786171 0.813390 0.850028 0.825361 0.483213 0.645067 0.460049 0.389810 0.891040 0.812771 0.757127 0.944133 0.987789 0.928389 0.939383 0.876976 0.449039 0.441569 0.567256 0.532156 0.487470 0.502976 0.812894 0.720203 0.671648 0.684122 0.724638 0.711277 0.925996 0.989735 0.852123 0.859116 0.508211 0.594231 0.348749 0.319228 0.698688 0.603999 0.826111 0.567944 0.419450 0.386124 0.896849 0.873503 0.585857 0.556618 0.779343 0.900368 0.921237 0.853258 0.598152 0.714231 0.782274 0.819993 0.858530 0.969295 0.969352 0.954086 0.950994 0.971630 0.964337 0.703762 0.969799 0.948950 0.654300 0.845231 0.718677 0.952624 0.789265 0.856874 0.751329 0.694418 0.459269 0.435837 0.436184 0.826111 0.708133 0.548913 0.575753 0.756195 0.907178 0.560747 0.736948 0.740953 0.603932 0.699039 0.576260 0.714743 0.630527 0.939787
0.933687 0.960390 0.472874 0.530714 0.992633 0.818615 0.592908 0.555927 0.000000 0.683340 0.987363 0.976688 0.907908 0.793047 0.858220 0.801545 0.882495 0.810890 0.853136 0.984271 0.930393 0.967478 0.712988 0.808421 0.832756 0.539157 0.874917 0.953275 0.935855 0.831459 0.670481 0.760324 0.658125 0.736750 0.676560 0.871408 0.755832 0.962588 0.878943 0.950596 0.846617 0.859266 0.571244 0.658063 0.617065 0.685515 0.640297 0.776629 0.946046 0.865055 0.762368 0.811275 0.726353 0.626056 0.946544 0.984930 0.980822 0.838415 0.883348 0.954393 0.577626 0.488546 0.888673 0.949484 0.579178 0.513459 0.524680 0.590204 0.884121 0.833513 0.610043 0.605418 0.744448 0.886647 0.991061 0.948287 0.715695 0.894160 0.969145 0.969154 0.806551 0.822027 0.952009 0.810469 0.818918 0.795810 0.999596 0.907480 0.821472 0.911603 0.486067 0.628453 0.583376 0.703329 0.783235 0.945627 0.666978 0.801772 0.507840 0.543844 0.651804 0.852770 0.875636 0.738147 0.665845 0.772416 0.828140 0.603731 0.845695 0.803890 0.818369 0.786866 0.621309 0.793728 0.900373 0.874491
0.701208 0.668827 0.845469 0.600898 0.992272 0.969544 0.562328 0.374948 0.683340 0.000000 0.640205 0.505719 0.843202 0.812272 0.956792 0.873442 0.732634 0.734271 0.595359 0.689861 0.733452 0.916486 0.899116 0.814125 0.771480 0.979640 0.788334 0.814114 0.770487 0.778701 0.652482 0.790453 0.595258 0.504531 0.894231 0.907193 0.699825 0.774986 0.953615 0.888213 0.858340 0.757669 0.480034 0.462570 0.602140 0.494440 0.622367 0.524874 0.636328 0.606298 0.614731 0.633272 0.671363 0.612888 0.913472 0.904174 0.751113 0.725744 0.581065 0.664291 0.602537 0.468584 0.708707 0.550675 0.893840 0.912959 0.668471 0.646581 0.802726 0.721859 0.538902 0.558307 0.865981 0.840032 0.931242 0.961201 0.615176 0.798838 0.725770 0.883923 0.742519 0.938980 0.987028 0.928981 0.836931 0.781066 0.925195 0.679685 0.959770 0.971441 0.718348 0.797822 0.792558 0.966967 0.866781 0.825172 0.704800 0.644164 0.467476 0.460200 0.561637 0.753153 0.570568 0.575533 0.684340 0.830563 0.998041 0.522832 0.866141 0.644183 0.686297 0.630834 0.590210 0.726367 0.838343 0.998982
0.480177 0.527298 0.895673 0.830805 0.849200 0.727986 0.727872 0.707601 0.987363 0.640205 0.000000 0.446342 0.757824 0.742461 0.918156 0.826196 0.381738 0.351452 0.435717 0.414693 0.888495 0.927138 0.841156 0.882237 0.966752 0.847954 0.944496 0.763902 0.386173 0.368843 0.578298 0.645603 0.542409 0.435894 0.975152 0.963517 0.905146 0.732396 0.957990 0.844662 0.940439 0.754066 0.875683 0.712835 0.920140 0.791357 0.688415 0.672119 0.884308 0.838597 0.995573 0.895267 0.940167 0.905322 0.988126 0.967697 0.489556 0.516029 0.563897 0.551092 0.623634 0.795007 0.387944 0.383677 0.845427 0.927256 0.786122 0.769360 0.463856 0.607660 0.834753 0.960807 0.667092 0.598083 0.836584 0.948907 0.763663 0.646628 0.671149 0.786466 0.540219 0.734276 0.612808 0.671270 0.991107 0.999745 0.837617 0.859047 0.846155 0.956458 0.698622 0.639518 0.611596 0.604268 0.979529 0.882060 0.917538 0.667658 0.855331 0.833610 0.936966 0.960695 0.645720 0.539217 0.963178 0.718447 0.916879 0.913124 0.891014 0.779534 0.844273 0.974899 0.816091 0.830241 0.741476 0.878190
0.385715 0.422485 0.995835 0.715830 0.912408 0.890468 0.669662 0.543257 0.976688 0.505719 0.446342 0.000000 0.539573 0.531184 0.833599 0.635251 0.384390 0.398534 0.396120 0.372627 0.926387 0.878878 0.741407 0.941442 0.988130 0.845030 0.990860 0.688371 0.473385 0.395906 0.581653 0.646707 0.511683 0.484950 0.914415 0.939658 0.720778 0.649250 0.944673 0.824492 0.799678 0.722928 0.626564 0.535289 0.759349 0.647089 0.553798 0.572503 0.657721 0.653145 0.700297 0.654425 0.832620 0.836587 0.879683 0.811654 0.530997 0.438130 0.517567 0.534303 0.554200 0.592392 0.415842 0.302043 0.739648 0.941206 0.772643 0.758626 0.511972 0.507515 0.716842 0.708565 0.682354 0.737613 0.911149 0.909742 0.648647 0.699511 0.526338 0.711266 0.384967 0.529995 0.656750 0.597242 0.922263 0.995894 0.922256 0.847372 0.914558 0.883380 0.964732 0.851478 0.877636 0.751933 0.944090 0.726535 0.868921 0.645336 0.679924 0.651779 0.774350 0.867097 0.562471 0.502339 0.736748 0.739509 0.949152 0.791620 0.813155 0.669495 0.798710 0.820997 0.819077 0.745734 0.762801 0.898101
0.551016 0.699541 0.804151 0.658403 0.860775 0.865755 0.826823 0.714595 0.907908 0.843202 0.757824 0.539573 0.000000 0.346417 0.432989 0.441206 0.686574 0.705171 0.634927 0.603530 0.798035 0.910440 0.502967 0.688275 0.801919 0.907472 0.900976 0.893554 0.700451 0.665895 0.674570 0.678389 0.605454 0.802675 0.863085 0.950311 0.825901 0.905558 0.962319 0.924516 0.866093 0.834112 0.801931 0.743195 0.947477 0.874456 0.614472 0.748957 0.981566 0.885250 0.845728 0.732805 0.870586 0.873167 0.935226 0.867652 0.797810 0.739321 0.763949 0.766796 0.572640 0.610211 0.736295 0.664635 0.820275 0.761851 0.895100 0.895517 0.613379 0.709699 0.709264 0.784155 0.590718 0.705732 0.782057 0.994537 0.732226 0.866026 0.766120 0.718892 0.652720 0.636271 0.647963 0.749749 0.595090 0.647040 0.874967 0.981692 0.854078 0.758448 0.899180 0.972558 0.983605 0.978349 0.966756 0.716276 0.796383 0.872117 0.823249 0.815531 0.937593 0.873636 0.919234 0.643089 0.777261 0.770942 0.928637 0.847114 0.730852 0.928248 0.866802 0.915698 0.983293 0.813631 0.722749 0.904206
0.557290 0.658369 0.857370 0.648229 0.934933 0.865944 0.832693 0.705611 0.793047 0.812272 0.742461 0.531184 0.346417 0.000000 0.426292 0.324151 0.622604 0.657640 0.580892 0.582230 0.886735 0.921541 0.429578 0.611135 0.768770 0.861461 0.974617 0.983885 0.674288 0.633627 0.651465 0.575360 0.556889 0.777785 0.895358 0.899301 0.759774 0.809267 0.910684 0.889292 0.840818 0.822901 0.715151 0.659189 0.880909 0.845712 0.575711 0.785662 0.901592 0.859161 0.756651 0.703891 0.719420 0.764281 0.935800 0.845957 0.725914 0.711884 0.816504 0.819464 0.597378 0.580712 0.740006 0.629510 0.886065 0.788683 0.861361 0.879223 0.660170 0.741847 0.639304 0.688083 0.593124 0.779066 0.801967 0.985768 0.731290 0.808060 0.627675 0.781129 0.610755 0.673263 0.566394 0.705444 0.579554 0.621246 0.860846 0.943764 0.821363 0.713746 0.844063 0.998145 0.990910 0.989493 0.963375 0.831777 0.787302 0.866010 0.769260 0.768408 0.917166 0.858849 0.840043 0.594752 0.828090 0.693145 0.855979 0.809697 0.827551 0.795247 0.842985 0.917060 0.921456 0.773305 0.752083 0.988195
0.752105 0.945884 0.956119 0.802426 0.870739 0.804299 0.871516 0.992100 0.858220 0.956792 0.918156 0.833599 0.432989 0.426292 0.000000 0.379472 0.801314 0.874454 0.844673 0.776884 0.870685 0.912631 0.505042 0.571273 0.691791 0.888480 0.773526 0.838387 0.846269 0.806532 0.830898 0.681126 0.822704 0.943463 0.969339 0.996997 0.859729 0.958951 0.865479 0.890758 0.806404 0.907145 0.975349 0.943174 0.817635 0.880091 0.741931 0.931019 0.857846 0.940944 0.990977 0.880205 0.957881 0.964141 0.908609 0.871576 0.932231 0.930126 0.973588 0.949056 0.857209 0.828495 0.929015 0.882814 0.787548 0.834410 0.904208 0.898875 0.684340 0.867453 0.755326 0.914435 0.745570 0.810748 0.881281 0.808814 0.877160 0.959753 0.818716 0.873859 0.858856 0.810673 0.632784 0.808149 0.550787 0.558760 0.916027 0.831895 0.716980 0.736873 0.994445 0.911258 0.872305 0.986324 0.961109 0.853397 0.823285 0.984648 0.986280 0.966565 0.857609 0.989722 0.939712 0.834251 0.813182 0.718055 0.864244 0.951991 0.789151 0.890458 0.938639 0.963814 0.900063 0.967298 0.862449 0.936413
0.646541 0.753629 0.884372 0.619533 0.984814 0.732600 0.973035 0.761365 0.801545 0.873442 0.826196 0.635251 0.441206 0.324151 0.379472 0.000000 0.753541 0.790172 0.706826 0.667225 0.960290 0.865563 0.410625 0.499986 0.720624 0.833434 0.881240 0.891030 0.759716 0.680019 0.685329 0.564797 0.690484 0.841949 0.980441 0.960794 0.811749 0.834240 0.813541 0.924395 0.881716 0.836753 0.746406 0.689952 0.961916 0.865653 0.561238 0.747644 0.947941 0.860850 0.780027 0.698711 0.787117 0.837657 0.827132 0.803494 0.830544 0.830086 0.825683 0.770817 0.704740 0.607921 0.884353 0.744409 0.808740 0.728691 0.920878 0.892431 0.730366 0.782997 0.709874 0.857945 0.694791 0.773470 0.853329 0.908462 0.830559 0.835614 0.665076 0.826753 0.730258 0.735818 0.570167 0.672081 0.579852 0.536853 0.938399 0.924532 0.751440 0.725316 0.910421 0.943832 0.950332 0.917238 0.971218 0.829682 0.782197 0.870341 0.882211 0.782228 0.962321 0.998060 0.937353 0.743781 0.773754 0.685613 0.867522 0.888710 0.788796 0.814066 0.913294 0.957738 0.941579 0.834010 0.729380 0.968656
0.398053 0.400553 0.859490 0.981641 0.994934 0.676268 0.817900 0.816471 0.882495 0.732634 0.381738 0.384390 0.686574 0.622604 0.801314 0.753541 0.000000 0.254610 0.415621 0.380818 0.819098 0.972224 0.864425 0.823368 0.948209 0.641610 0.976960 0.764357 0.310314 0.312169 0.741993 0.725893 0.599364 0.542348 0.870639 0.921542 0.931772 0.725176 0.935971 0.881924 0.929197 0.809751 0.781864 0.649841 0.853810 0.746059 0.665267 0.700550 0.700445 0.684959 0.799764 0.702989 0.902518 0.951378 0.988559 0.874667 0.403025 0.335069 0.515878 0.558232 0.719415 0.898443 0.324625 0.287228 0.654273 0.675791 0.911356 0.948275 0.478819 0.504538 0.892888 0.911720 0.741002 0.709464 0.879942 0.958739 0.727132 0.670034 0.448740 0.675531 0.321012 0.554423 0.562984 0.525095 0.951766 0.897622 0.849961 0.891622 0.894943 0.945057 0.713949 0.698563 0.649278 0.659261 0.874905 0.833182 0.921446 0.676418 0.836901 0.855187 0.979400 0.969743 0.578018 0.591523 0.954268 0.799823 0.979790 0.892507 0.898730 0.697431 0.852540 0.925816 0.865135 0.798413 0.728710 0.788933
0.408757 0.375883 0.829399 0.987329 0.963035 0.659107 0.860948 0.862155 0.810890 0.734271 0.351452 0.398534 0.705171 0.657640 0.874454 0.790172 0.254610 0.000000 0.397017 0.392312 0.851592 0.977161 0.833092 0.869871 0.912593 0.646180 0.932385 0.750714 0.316782 0.335859 0.766944 0.737404 0.627673 0.582732 0.862292 0.922091 0.978425 0.690302 0.922704 0.859044 0.927562 0.753837 0.868158 0.686926 0.945589 0.813732 0.760379 0.745130 0.763397 0.740312 0.877945 0.802660 0.951265 0.973067 0.941736 0.912955 0.356114 0.308548 0.563792 0.598191 0.790133 0.981219 0.318174 0.291775 0.650466 0.631961 0.975348 0.975198 0.461717 0.496459 0.892264 0.965197 0.772591 0.728981 0.855155 0.982906 0.795533 0.719011 0.476842 0.780336 0.361724 0.544453 0.529224 0.477090 0.937147 0.899126 0.876419 0.933129 0.885197 0.900326 0.697449 0.682975 0.638910 0.685103 0.921916 0.874375 0.900016 0.678010 0.894950 0.881363 0.945423 0.956311 0.567778 0.617290 0.921215 0.800037 0.940336 0.910350 0.982372 0.757648 0.822183 0.956490 0.858092 0.757202 0.799623 0.812625
0.416668 0.409121 0.834804 0.644087 0.918710 0.759802 0.645919 0.577472 0.853136 0.595359 0.435717 0.396120 0.634927 0.580892 0.844673 0.706826 0.415621 0.397017 0.000000 0.391711 0.940317 0.943891 0.657251 0.941663 0.898567 0.921371 0.933459 0.734274 0.466875 0.526422 0.626985 0.555796 0.482937 0.482693 0.964736 0.949602 0.705737 0.645027 0.998776 0.909311 0.834070 0.772489 0.583065 0.468160 0.768556 0.632951 0.516354 0.558255 0.739836 0.664977 0.801320 0.728028 0.923857 0.931290 0.965640 0.988292 0.371226 0.420941 0.538307 0.592008 0.592043 0.678124 0.500048 0.416625 0.940128 0.998626 0.782365 0.764115 0.531613 0.630696 0.766582 0.773750 0.750488 0.739174 0.950005 0.957956 0.655303 0.655335 0.579929 0.706448 0.519932 0.644379 0.574359 0.567116 0.847626 0.924118 0.889182 0.872339 0.989803 0.887936 0.927209 0.797192 0.836300 0.795024 0.823120 0.867413 0.948075 0.731768 0.658884 0.652764 0.873475 0.811288 0.572301 0.635357 0.797501 0.798087 0.902321 0.717881 0.930967 0.587681 0.727118 0.864973 0.742889 0.623333 0.727617 0.880699
0.369282 0.408057 0.965056 0.831694 0.965286 0.890281 0.845979 0.765638 0.984271 0.689861 0.414693 0.372627 0.603530 0.582230 0.776884 0.667225 0.380818 0.392312 0.391711 0.000000 0.940572 0.963938 0.775898 0.982899 0.889660 0.920390 0.877460 0.804971 0.424325 0.422938 0.733787 0.696291 0.609260 0.551445 0.942622 0.962245 0.686054 0.542928 0.940808 0.686312 0.826599 0.713581 0.725016 0.645653 0.859744 0.731262 0.573111 0.589690 0.691404 0.672191 0.832169 0.724462 0.936436 0.993063 0.904288 0.851691 0.456020 0.413164 0.679844 0.606519 0.726526 0.725932 0.574050 0.455612 0.835570 0.926443 0.958199 0.917784 0.408916 0.446620 0.828534 0.890256 0.681056 0.669737 0.873497 0.994448 0.719607 0.761751 0.613392 0.710068 0.455619 0.510063 0.599854 0.474723 0.775287 0.887731 0.872242 0.917864 0.993570 0.852756 0.840033 0.720630 0.695922 0.689165 0.879457 0.806493 0.910125 0.744357 0.817539 0.779602 0.962283 0.899868 0.642979 0.675421 0.892998 0.810232 0.916840 0.860608 0.873092 0.638344 0.895317 0.931742 0.912465 0.750088 0.830954 0.823148
0.936165 0.836691 0.905777 0.932063 0.887815 0.839794 0.981225 0.914677 0.930393 0.733452 0.888495 0.926387 0.798035 0.886735 0.870685 0.960290 0.819098 0.851592 0.940317 0.940572 0.000000 0.946829 0.815877 0.748919 0.799983 0.841189 0.949313 0.954447 0.883818 0.900465 0.916995 0.841389 0.979258 0.856930 0.947082 0.908012 0.897551 0.740809 0.954345 0.953504 0.956666 0.928679 0.844783 0.828506 0.893810 0.844249 0.859714 0.781456 0.812434 0.758708 0.853555 0.809465 0.886582 0.869747 0.924045 0.865032 0.765658 0.820194 0.810444 0.817681 0.977679 0.946860 0.923464 0.849725 0.878034 0.830692 0.916221 0.980588 0.914288 0.819695 0.962624 0.965440 0.962262 0.911133 0.987727 0.895027 0.946445 0.910096 0.801335 0.924440 0.875074 0.973414 0.943854 0.812786 0.807346 0.726622 0.949230 0.955569 0.968575 0.891292 0.937940 0.974445 0.910682 0.868487 0.921757 0.889433 0.927122 0.809921 0.872197 0.815091 0.958995 0.787336 0.822204 0.963256 0.993699 0.959068 0.837358 0.953148 0.994493 0.947408 0.805853 0.760421 0.843897 0.848378 0.960131 0.873011
0.891385 0.930801 0.963146 0.909005 0.876664 0.925637 0.941650 0.946141 0.967478 0.916486 0.927138 0.878878 0.910440 0.921541 0.912631 0.865563 0.972224 0.977161 0.943891 0.963938 0.946829 0.000000 0.925099 0.867055 0.905130 0.954115 0.772936 0.984722 0.983505 0.991762 0.977544 0.934224 0.971534 0.899794 0.975965 0.911110 0.899713 0.849924 0.872458 0.795080 0.967659 0.937101 0.904819 0.870388 0.972417 0.888711 0.902040 0.903841 0.929790 0.857513 0.852528 0.878112 0.903960 0.942530 0.929006 0.809948 0.952148 0.968822 0.918439 0.998049 0.985623 0.982176 0.969670 0.975377 0.986615 0.976649 0.840868 0.922748 0.973617 0.983587 0.882521 0.974109 0.879104 0.745979 0.868270 0.917704 0.896685 0.792833 0.956908 0.915529 0.937236 0.926173 0.889337 0.871021 0.946665 0.967935 0.883047 0.870161 0.931031 0.978205 0.942028 0.956732 0.975956 0.983037 0.979175 0.956800 0.764959 0.993698 0.989631 0.993272 0.960444 0.945055 0.977388 0.839223 0.864865 0.983570 0.897679 0.983344 0.976176 0.939302 0.962179 0.794433 0.926616 0.892814 0.968209 0.935373
0.787308 0.883341 0.692342 0.422837 0.786376 0.838375 0.772544 0.676398 0.712988 0.899116 0.841156 0.741407 0.502967 0.429578 0.505042 0.410625 0.864425 0.833092 0.657251 0.775898 0.815877 0.925099 0.000000 0.443640 0.681049 0.740486 0.926235 0.955509 0.856007 0.812588 0.622965 0.484561 0.637897 0.824766 0.992522 0.917350 0.855980 0.973553 0.956095 0.981166 0.940235 0.851038 0.784042 0.707895 0.931260 0.983705 0.703086 0.861090 0.801682 0.907671 0.992533 0.966600 0.927289 0.996758 0.989979 0.986418 0.865334 0.922214 0.849405 0.863648 0.639619 0.674826 0.833419 0.785262 0.596770 0.625237 0.773552 0.836176 0.798224 0.939447 0.728164 0.754715 0.638068 0.826908 0.860942 0.961085 0.777094 0.825680 0.765010 0.926825 0.910952 0.943508 0.633842 0.804596 0.608015 0.521041 0.970371 0.912646 0.734311 0.720725 0.865107 0.886560 0.994478 0.928000 0.849487 0.992731 0.878021 0.880935 0.834664 0.762965 0.891427 0.987525 0.960428 0.741117 0.688643 0.611323 0.910680 0.861262 0.763351 0.862926 0.903621 0.951020 0.866360 0.862572 0.648873 0.863932
0.977324 0.921890 0.744051 0.601427 0.873806 0.655183 0.969108 0.956116 0.808421 0.814125 0.882237 0.941442 0.688275 0.611135 0.571273 0.499986 0.823368 0.869871 0.941663 0.982899 0.748919 0.867055 0.443640 0.000000 0.503353 0.522813 0.786716 0.843774 0.890576 0.932768 0.806071 0.678489 0.876629 0.910084 0.914393 0.927562 0.893707 0.962921 0.712157 0.957789 0.956594 0.946416 0.975757 0.938879 0.847968 0.871869 0.818771 0.975560 0.776680 0.866382 0.893096 0.924937 0.989380 0.839872 0.914605 0.958451 0.927798 0.877225 0.871065 0.970286 0.886750 0.827701 0.798701 0.825969 0.513538 0.575299 0.955483 0.922185 0.917026 0.874267 0.939595 0.995749 0.800919 0.895608 0.849949 0.978252 0.917259 0.998746 0.969751 0.931399 0.885969 0.920866 0.711523 0.884659 0.496465 0.375853 0.848256 0.659168 0.599207 0.652271 0.942898 0.887528 0.996496 0.983796 0.931949 0.912248 0.807746 0.868031 0.928871 0.986881 0.919587 0.962119 0.744398 0.975869 0.827118 0.772064 0.955378 0.964169 0.911420 0.920852 0.987523 0.814693 0.926505 0.959832 0.838592 0.917381
0.899188 0.991959 0.671935 0.704569 0.786987 0.755374 0.971865 0.974921 0.832756 0.771480 0.966752 0.988130 0.801919 0.768770 0.691791 0.720624 0.948209 0.912593 0.898567 0.889660 0.799983 0.905130 0.681049 0.503353 0.000000 0.513951 0.755190 0.794876 0.952072 0.960904 0.772468 0.683274 0.861439 0.966113 0.873979 0.931079 0.780072 0.798513 0.668126 0.830960 0.875277 0.917348 0.965166 0.958730 0.836193 0.831656 0.856028 0.953358 0.790253 0.865493 0.770182 0.825209 0.821803 0.720695 0.844427 0.911843 0.939394 0.930040 0.894970 0.997785 0.916713 0.911350 0.829069 0.827001 0.564184 0.640116 0.953223 0.882452 0.711974 0.987747 0.979647 0.981800 0.710780 0.746400 0.966319 0.959047 0.948719 0.854446 0.993914 0.914981 0.990013 0.805811 0.746693 0.843126 0.544303 0.411481 0.857700 0.706108 0.730313 0.721890 0.910697 0.761556 0.864957 0.864274 0.996514 0.994932 0.981829 0.853888 0.897500 0.898171 0.856528 0.823681 0.857050 0.980117 0.925475 0.818815 0.913733 0.902206 0.926656 0.967738 0.934281 0.788821 0.938571 0.888131 0.885777 0.968262
0.889187 0.793733 0.507868 0.582554 0.927399 0.602463 0.803556 0.813065 0.539157 0.979640 0.847954 0.845030 0.907472 0.861461 0.888480 0.833434 0.641610 0.646180 0.921371 0.920390 0.841189 0.954115 0.740486 0.522813 0.513951 0.000000 0.991288 0.833756 0.692256 0.704686 0.788070 0.868800 0.841081 0.967151 0.674216 0.960261 0.794144 0.971847 0.668566 0.880114 0.954307 0.881607 0.902812 0.990462 0.931904 0.984913 0.850679 0.928307 0.825202 0.874014 0.930743 0.889778 0.941009 0.969780 0.850721 0.969168 0.784416 0.665999 0.858819 0.884283 0.768790 0.671692 0.659371 0.670187 0.437645 0.401496 0.709749 0.680815 0.961685 0.811885 0.796511 0.792961 0.749359 0.893086 0.928389 0.961005 0.899958 0.957054 0.820394 0.966223 0.726847 0.918485 0.962913 0.829488 0.668455 0.518586 0.787521 0.781459 0.769104 0.764803 0.715525 0.867527 0.730540 0.837291 0.854737 0.973995 0.748823 0.967517 0.841166 0.894098 0.888177 0.986780 0.840088 0.958429 0.829464 0.842138 0.903866 0.920988 0.933184 0.930790 0.935739 0.899316 0.980669 0.984733 0.978102 0.875949
0.882227 0.914499 0.875900 0.917439 0.871454 0.900364 0.682077 0.786171 0.874917 0.788334 0.944496 0.990860 0.900976 0.974617 0.773526 0.881240 0.976960 0.932385 0.933459 0.877460 0.949313 0.772936 0.926235 0.786716 0.755190 0.991288 0.000000 0.867359 0.971005 0.962827 0.864915 0.999195 0.805645 0.858118 0.949925 0.822726 0.968306 0.758948 0.847904 0.916209 0.938959 0.952210 0.834104 0.909881 0.694734 0.790174 0.988702 0.946851 0.884000 0.966287 0.804427 0.912630 0.752864 0.695790 0.996138 0.930051 0.851957 0.860465 0.885505 0.993145 0.785342 0.792251 0.943199 0.909829 0.912634 0.921194 0.646744 0.752465 0.810221 0.895811 0.758792 0.760608 0.926999 0.872556 0.945006 0.909990 0.943438 0.872371 0.961439 0.961976 0.993319 0.763740 0.746050 0.818370 0.776606 0.778860 0.982361 0.569948 0.894125 0.674716 0.738795 0.782276 0.748532 0.850068 0.887966 0.966692 0.956043 0.914502 0.753629 0.884949 0.698204 0.855458 0.940903 0.819816 0.942540 0.935847 0.901307 0.827485 0.956705 0.964706 0.867758 0.953261 0.861865 0.940907 0.864555 0.990493
0.858380 0.730842 0.934396 0.974063 0.923443 0.681909 0.657830 0.813390 0.953275 0.814114 0.763902 0.688371 0.893554 0.983885 0.838387 0.891030 0.764357 0.750714 0.734274 0.804971 0.954447 0.984722 0.955509 0.843774 0.794876 0.833756 0.867359 0.000000 0.709336 0.792115 0.856138 0.885304 0.776416 0.755887 0.884394 0.875057 0.918458 0.971545 0.877030 0.989876 0.991453 0.936796 0.784208 0.776477 0.705994 0.691624 0.828957 0.795218 0.742056 0.795643 0.771602 0.793602 0.887345 0.849005 0.989259 0.980984 0.773980 0.716939 0.656509 0.695942 0.709872 0.842477 0.637649 0.689123 0.863139 0.931618 0.721678 0.772572 0.998265 0.942070 0.940925 0.911039 0.955287 0.929464 0.854705 0.910710 0.805964 0.890499 0.812232 0.770875 0.734948 0.797160 0.961256 0.916686 0.964085 0.853693 0.915599 0.812570 0.947860 0.919614 0.963638 0.963031 0.926142 0.989022 0.878250 0.974695 0.869310 0.722096 0.789099 0.796439 0.860185 0.678248 0.709287 0.721150 0.862381 0.954569 0.945336 0.839101 0.883953 0.832858 0.898186 0.903029 0.817320 0.813720 0.912707 0.942505
0.474395 0.489203 0.946871 0.984441 0.992617 0.719393 0.852028 0.850028 0.935855 0.770487 0.386173 0.473385 0.700451 0.674288 0.846269 0.759716 0.310314 0.316782 0.466875 0.424325 0.883818 0.983505 0.856007 0.890576 0.952072 0.692256 0.971005 0.709336 0.000000 0.293470 0.728892 0.670664 0.596825 0.564901 0.863939 0.881702 0.980187 0.745622 0.924432 0.782830 0.959045 0.829286 0.849324 0.708732 0.860432 0.746972 0.700025 0.709553 0.735493 0.693363 0.819132 0.704911 0.938020 0.959727 0.929636 0.957055 0.483768 0.427927 0.558275 0.522130 0.707610 0.886022 0.383830 0.350019 0.722031 0.770567 0.915976 0.945629 0.542813 0.611097 0.933205 0.951988 0.722092 0.687559 0.883332 0.956443 0.855226 0.732293 0.556977 0.769455 0.406550 0.622126 0.581924 0.567740 0.943855 0.935255 0.838802 0.870069 0.876319 0.997683 0.707704 0.659313 0.582422 0.617720 0.923727 0.879927 0.950967 0.722243 0.877990 0.885906 0.985548 0.957218 0.598454 0.593733 0.928401 0.858395 0.977506 0.947746 0.954881 0.772006 0.967484 0.976231 0.828055 0.799040 0.767820 0.826634
0.462443 0.561860 0.933740 0.952311 0.950377 0.808327 0.860309 0.825361 0.831459 0.778701 0.368843 0.395906 0.665895 0.633627 0.806532 0.680019 0.312169 0.335859 0.526422 0.422938 0.900465 0.991762 0.812588 0.932768 0.960904 0.704686 0.962827 0.792115 0.293470 0.000000 0.630160 0.639578 0.598803 0.546111 0.897818 0.918974 0.971557 0.780206 0.975406 0.790409 0.965336 0.821404 0.903814 0.755919 0.944471 0.822392 0.701343 0.723884 0.819538 0.789827 0.890026 0.780868 0.972295 0.982020 0.972038 0.962671 0.591266 0.512137 0.574242 0.552969 0.683461 0.838169 0.352707 0.309856 0.680369 0.804940 0.902744 0.880209 0.496541 0.579400 0.897727 0.979972 0.714157 0.640483 0.801740 0.996453 0.872687 0.632407 0.555278 0.749965 0.393290 0.655688 0.576816 0.593746 0.979788 0.951125 0.816635 0.864264 0.831191 0.927894 0.644214 0.572114 0.518949 0.521644 0.947381 0.792840 0.922733 0.706141 0.955477 0.930696 0.987279 0.997650 0.650612 0.555437 0.896363 0.727532 0.938574 0.982441 0.870277 0.757023 0.991416 0.988576 0.964524 0.874877 0.692385 0.764805
0.786995 0.846927 0.605230 0.499385 0.782815 0.965356 0.486133 0.483213 0.670481 0.652482 0.578298 0.581653 0.674570 0.651465 0.830898 0.685329 0.741993 0.766944 0.626985 0.733787 0.916995 0.977544 0.622965 0.806071 0.772468 0.788070 0.864915 0.856138 0.728892 0.630160 0.000000 0.421905 0.437888 0.431444 0.892898 0.774638 0.860996 0.924471 0.852214 0.966826 0.904469 0.855362 0.697568 0.682630 0.763334 0.736082 0.634821 0.632483 0.982642 0.937414 0.877598 0.888269 0.839672 0.869905 0.965957 0.937870 0.885415 0.958623 0.666700 0.689020 0.411130 0.493487 0.637110 0.597897 0.885594 0.649446 0.515843 0.473106 0.770185 0.949781 0.693084 0.736094 0.704635 0.705092 0.798788 0.930523 0.711663 0.582639 0.764892 0.906073 0.792952 0.994427 0.758473 0.951316 0.982477 0.859249 0.971588 0.835709 0.934908 0.963292 0.928514 0.874608 0.992425 0.848749 0.932958 0.734904 0.896379 0.652198 0.713423 0.751874 0.578325 0.866446 0.908337 0.524185 0.647035 0.633245 0.857261 0.706907 0.752598 0.863775 0.804948 0.947412 0.802338 0.871084 0.636456 0.919911
0.746042 0.769039 0.693966 0.526236 0.848230 0.966449 0.666857 0.645067 0.760324 0.790453 0.645603 0.646707 0.678389 0.575360 0.681126 0.564797 0.725893 0.737404 0.555796 0.696291 0.841389 0.934224 0.484561 0.678489 0.683274 0.868800 0.999195 0.885304 0.670664 0.639578 0.421905 0.000000 0.510188 0.628504 0.924150 0.919048 0.857239 0.814220 0.884950 0.848058 0.926691 0.903059 0.666419 0.625759 0.840884 0.748322 0.635907 0.701519 0.965935 0.901177 0.845022 0.813806 0.871018 0.881260 0.999933 0.960918 0.745976 0.861671 0.736851 0.748567 0.611338 0.659063 0.706188 0.660196 0.858641 0.746966 0.731775 0.653755 0.747106 0.900126 0.796052 0.856699 0.819215 0.816104 0.896724 0.965354 0.770242 0.633334 0.724590 0.817882 0.764492 0.913073 0.627109 0.749269 0.826595 0.721848 0.982413 0.897111 0.890476 0.994101 0.984463 0.787077 0.887763 0.905049 0.975807 0.817599 0.924092 0.833424 0.766509 0.832957 0.784783 0.789173 0.831922 0.704891 0.697967 0.669732 0.896759 0.746590 0.776215 0.758331 0.856633 0.964794 0.766506 0.864217 0.577907 0.902512
0.633893 0.667411 0.633029 0.571203 0.905866 0.953757 0.429600 0.460049 0.658125 0.595258 0.542409 0.511683 0.605454 0.556889 0.822704 0.690484 0.599364 0.627673 0.482937 0.609260 0.979258 0.971534 0.637897 0.876629 0.861439 0.841081 0.805645 0.776416 0.596825 0.598803 0.437888 0.510188 0.000000 0.410455 0.874776 0.767601 0.784389 0.876121 0.988882 0.912007 0.870453 0.748518 0.568895 0.523456 0.574895 0.581129 0.502783 0.600458 0.788301 0.731360 0.691276 0.688590 0.703098 0.755343 0.923118 0.988118 0.686665 0.706886 0.573956 0.656790 0.370769 0.501187 0.532992 0.500038 0.896975 0.772139 0.476836 0.524114 0.708530 0.774035 0.616208 0.655391 0.611549 0.758141 0.790047 0.964439 0.705660 0.620087 0.676992 0.715823 0.604801 0.771083 0.689315 0.805694 0.809271 0.832154 0.990988 0.827981 0.950565 0.987268 0.847534 0.994415 0.950217 0.926296 0.764678 0.809426 0.835139 0.635252 0.524987 0.650124 0.681207 0.722141 0.686418 0.406396 0.738887 0.714687 0.996317 0.705699 0.861848 0.715522 0.636885 0.826946 0.689095 0.658476 0.551819 0.985683
0.624178 0.583309 0.687953 0.617838 0.909109 0.933451 0.400446 0.389810 0.736750 0.504531 0.435894 0.484950 0.802675 0.777785 0.943463 0.841949 0.542348 0.582732 0.482693 0.551445 0.856930 0.899794 0.824766 0.910084 0.966113 0.967151 0.858118 0.755887 0.564901 0.546111 0.431444 0.628504 0.410455 0.000000 0.911764 0.798139 0.866544 0.811412 0.972785 0.960681 0.937844 0.838357 0.568420 0.496718 0.598137 0.528286 0.497466 0.450464 0.749431 0.677437 0.742605 0.716624 0.834294 0.874429 0.968402 0.998977 0.636958 0.651648 0.417258 0.450999 0.402914 0.520353 0.478335 0.430075 0.976432 0.807601 0.461081 0.441302 0.707232 0.730287 0.779996 0.816545 0.762812 0.771917 0.866471 0.914088 0.673530 0.591739 0.620811 0.731932 0.623670 0.876967 0.781968 0.845107 0.921047 0.967323 0.824285 0.747184 0.896533 0.881686 0.989421 0.881323 0.936279 0.748490 0.827354 0.826154 0.919092 0.555199 0.608637 0.585664 0.551603 0.900716 0.585039 0.477734 0.729891 0.704157 0.970753 0.650866 0.890098 0.674634 0.674402 0.813078 0.682340 0.725373 0.593434 0.860968
0.992041 0.974312 0.758498 0.796448 0.832090 0.895503 0.815238 0.891040 0.676560 0.894231 0.975152 0.914415 0.863085 0.895358 0.969339 0.980441 0.870639 0.862292 0.964736 0.942622 0.947082 0.975965 0.992522 0.914393 0.873979 0.674216 0.949925 0.884394 0.863939 0.897818 0.892898 0.924150 0.874776 0.911764 0.000000 0.998269 0.996623 0.975064 0.855883 0.883932 0.964845 0.948697 0.822344 0.903267 0.781441 0.788509 0.794811 0.808513 0.913851 0.833328 0.890518 0.908917 0.821646 0.863647 0.790151 0.864133 0.963404 0.892000 0.947352 0.923569 0.860600 0.794485 0.910518 0.914746 0.743771 0.823346 0.698402 0.666589 0.972817 0.936196 0.898872 0.892568 0.933923 0.830614 0.863174 0.934284 0.911355 0.914063 0.950954 0.973916 0.944406 0.966316 0.962343 0.924808 0.885366 0.871477 0.990007 0.957785 0.769938 0.901255 0.810238 0.827681 0.806157 0.832138 0.905856 0.988940 0.743032 0.764490 0.782278 0.870217 0.973256 0.902098 0.842853 0.916646 0.896491 0.844684 0.818243 0.851260 0.929856 0.937723 0.927453 0.956646 0.723746 0.941932 0.871724 0.946244
0.991342 0.886399 0.836359 0.829069 0.901872 0.971518 0.709979 0.812771 0.871408 0.907193 0.963517 0.939658 0.950311 0.899301 0.996997 0.960794 0.921542 0.922091 0.949602 0.962245 0.908012 0.911110 0.917350 0.927562 0.931079 0.960261 0.822726 0.875057 0.881702 0.918974 0.774638 0.919048 0.767601 0.798139 0.998269 0.000000 0.930159 0.823640 0.881662 0.945505 0.885598 0.989944 0.803020 0.755799 0.744983 0.777451 0.846460 0.950435 0.843825 0.837647 0.838728 0.865186 0.747182 0.852314 0.987742 0.906735 0.941412 0.910275 0.772930 0.873232 0.745419 0.840694 0.887213 0.877666 0.916414 0.892223 0.694469 0.761141 0.901504 0.922331 0.865865 0.977596 0.970706 0.913705 0.906284 0.838089 0.837048 0.702998 0.913744 0.919155 0.891879 0.995365 0.984316 0.869361 0.979974 0.982334 0.827181 0.882458 0.856148 0.925588 0.850497 0.790929 0.868143 0.902294 0.912948 0.898491 0.991459 0.916184 0.852314 0.731622 0.783183 0.877412 0.879682 0.819569 0.886092 0.947111 0.901008 0.912901 0.986108 0.976811 0.797362 0.860238 0.932960 0.889468 0.801028 0.880333
0.734924 0.852194 0.775860 0.753108 0.970335 0.842618 0.939909 0.757127 0.755832 0.699825 0.905146 0.720778 0.825901 0.759774 0.859729 0.811749 0.931772 0.978425 0.705737 0.686054 0.897551 0.899713 0.855980 0.893707 0.780072 0.794144 0.968306 0.918458 0.980187 0.971557 0.860996 0.857239 0.784389 0.866544 0.996623 0.930159 0.000000 0.657718 0.826103 0.779786 0.602454 0.799686 0.664077 0.740934 0.869671 0.829509 0.682976 0.725792 0.831975 0.877647 0.890657 0.897430 0.914724 0.843720 0.744407 0.918722 0.829159 0.875087 0.997551 0.988495 0.862188 0.639347 0.874388 0.953551 0.913370 0.794696 0.984436 0.830722 0.700131 0.731895 0.720483 0.647544 0.723676 0.864036 0.887528 0.999407 0.741715 0.860173 0.922346 0.905250 0.905303 0.804169 0.890497 0.868550 0.801753 0.830552 0.864942 0.943112 0.866800 0.849342 0.847713 0.929770 0.959798 0.995856 0.965809 0.970343 0.753298 0.999142 0.712178 0.711064 0.921073 0.813104 0.902915 0.911290 0.881725 0.991453 0.841752 0.745111 0.798631 0.794377 0.963563 0.837592 0.956267 0.925720 0.911284 0.975653
0.608267 0.574967 0.991978 0.968402 0.882988 0.846871 0.942787 0.944133 0.962588 0.774986 0.732396 0.649250 0.905558 0.809267 0.958951 0.834240 0.725176 0.690302 0.645027 0.542928 0.740809 0.849924 0.973553 0.962921 0.798513 0.971847 0.758948 0.971545 0.745622 0.780206 0.924471 0.814220 0.876121 0.811412 0.975064 0.823640 0.657718 0.000000 0.812103 0.564314 0.771732 0.777599 0.783165 0.768106 0.916895 0.820860 0.667531 0.635095 0.720356 0.703289 0.843201 0.804664 0.920307 0.983266 0.808426 0.723219 0.538761 0.613284 0.948581 0.830997 0.966003 0.887771 0.920358 0.809844 0.895733 0.898377 0.813676 0.955920 0.627311 0.634817 0.972711 0.861949 0.928616 0.925061 0.926128 0.989972 0.962300 0.909244 0.810011 0.936002 0.646137 0.608954 0.740506 0.513482 0.844216 0.954749 0.986318 0.891578 0.947702 0.830578 0.916969 0.874455 0.807503 0.811462 0.915442 0.821010 0.923080 0.861659 0.897437 0.887794 0.952281 0.963035 0.683646 0.948423 0.966791 0.975574 0.931000 0.985232 0.907405 0.747874 0.908676 0.820139 0.986290 0.748499 0.978370 0.993152
