0.000000 0.413608 0.955199 0.838071 0.833730 0.585589 0.496876 0.531632 0.695585 0.529608 0.410445 0.459945 0.472168 0.530289 0.730956 0.832567 0.440821 0.393647 0.492382 0.584733 0.799416 0.908009 0.861240 0.756724 0.660330 0.750242 0.746196 0.784525 0.497448 0.549481 0.758517 0.906991 0.642403 0.536800 0.916471 0.756950 0.854026 0.833998 0.890301 0.952246 0.953832 0.800042 0.672016 0.588177 0.597699 0.561157 0.533751 0.617044 0.578903 0.602502 0.602292 0.523531 0.775902 0.929225 0.779893 0.635394 0.405598 0.417098 0.279098 0.315147 0.337931 0.497923 0.430153 0.412587 0.943724 0.848082 0.764375 0.728276 0.838072 0.777068 0.766781 0.922322 0.989286 0.963141 0.904918 0.979716 0.599264 0.857115 0.562416 0.786622 0.456711 0.653625 0.949806 0.676963 0.877167 0.985283 0.891033 0.932040 0.740942 0.706323 0.771537 0.643847 0.823048 0.814124 0.943799 0.740804 0.685872 0.875536 0.397582 0.447173 0.685143 0.617994 0.617539 0.593631 0.599055 0.585223 0.824124 0.671905 0.782873 0.727238 0.616558 0.673547 0.477167 0.895938 0.642849 0.798129
0.413608 0.000000 0.711104 0.570653 0.920025 0.639789 0.421315 0.486447 0.827760 0.745175 0.638607 0.618291 0.742252 0.559308 0.956793 0.852363 0.581538 0.508577 0.494219 0.449863 0.882764 0.901888 0.893986 0.879930 0.970118 0.920766 0.874741 0.859298 0.692062 0.604396 0.833228 0.684274 0.452023 0.422355 0.771502 0.982835 0.970517 0.930086 0.938579 0.796840 0.910466 0.824400 0.410981 0.390596 0.555993 0.547960 0.502040 0.465711 0.721091 0.562074 0.476687 0.451229 0.698599 0.871157 0.720554 0.546037 0.428867 0.412747 0.444337 0.346243 0.423172 0.481677 0.672309 0.605142 0.877792 0.609635 0.556627 0.494207 0.849057 0.671699 0.614182 0.709061 0.708377 0.689918 0.775047 0.962468 0.637353 0.699438 0.691865 0.717475 0.518694 0.651461 0.797602 0.724776 0.779670 0.692962 0.925268 0.997367 0.729809 0.558466 0.743295 0.835056 0.738261 0.962071 0.975052 0.768364 0.616493 0.930008 0.510650 0.559074 0.724486 0.747432 0.695278 0.749743 0.539611 0.524269 0.826714 0.733741 0.770549 0.669000 0.598614 0.743224 0.573860 0.785686 0.567973 0.938832
0.955199 0.711104 0.000000 0.277807 0.939915 0.830705 0.639289 0.779233 0.933482 0.821617 0.682195 0.859651 0.936199 0.953932 0.983706 0.887476 0.759081 0.794965 0.799169 0.624308 0.469030 0.781647 0.366877 0.418530 0.389672 0.323492 0.877790 0.787668 0.689173 0.763897 0.443940 0.579736 0.561131 0.659811 0.517179 0.720613 0.497629 0.733332 0.639263 0.625328 0.761065 0.964836 0.513380 0.685194 0.955326 0.875074 0.636598 0.664916 0.620074 0.937422 0.954826 0.986032 0.976433 0.968485 0.837602 0.996258 0.968802 0.995875 0.980655 0.797827 0.865327 0.845823 0.627092 0.679846 0.277050 0.297830 0.401123 0.418225 0.775548 0.775252 0.415786 0.470147 0.652143 0.697293 0.827654 0.837078 0.805332 0.608522 0.790881 0.691123 0.882587 0.927670 0.935688 0.837640 0.580877 0.495247 0.916066 0.766858 0.732435 0.870033 0.695783 0.820261 0.628840 0.714732 0.855759 0.737604 0.809489 0.972836 0.907618 0.848245 0.839612 0.900082 0.980175 0.901861 0.745729 0.601107 0.767743 0.884665 0.919780 0.901429 0.714931 0.922132 0.950696 0.861052 0.804862 0.827338
0.838071 0.570653 0.277807 0.000000 0.980431 0.707532 0.487840 0.548680 0.876918 0.992445 0.828332 0.864997 0.991049 0.795318 0.919915 0.788856 0.912650 0.932415 0.658330 0.459858 0.499733 0.850857 0.415348 0.401712 0.503332 0.404751 0.982511 0.885616 0.812490 0.936278 0.455816 0.547702 0.509788 0.514873 0.553480 0.733800 0.629988 0.712157 0.658061 0.725316 0.781627 0.883988 0.447380 0.617317 0.900139 0.995893 0.468348 0.540570 0.716574 0.976428 0.798484 0.853656 0.922520 0.888272 0.833276 0.874547 0.921365 0.956244 0.873158 0.679770 0.730919 0.581082 0.784932 0.868511 0.425740 0.204064 0.333344 0.320082 0.863526 0.782513 0.367425 0.446440 0.570207 0.635727 0.717494 0.718541 0.669021 0.521892 0.816052 0.667524 0.965519 0.849121 0.899435 0.886100 0.653484 0.507202 0.926232 0.854236 0.756239 0.803818 0.573954 0.797036 0.539684 0.729203 0.828313 0.623750 0.652031 0.878939 0.724764 0.731924 0.654173 0.819823 0.915268 0.991308 0.598474 0.597869 0.801680 0.851069 0.778179 0.802822 0.665478 0.835543 0.875772 0.859562 0.708436 0.844563
0.833730 0.920025 0.939915 0.980431 0.000000 0.964378 0.892910 0.896819 0.698069 0.697287 0.803708 0.798267 0.487890 0.765376 0.599352 0.501386 0.785677 0.726939 0.758893 0.922087 0.893338 0.844980 0.793908 0.976181 0.902176 0.854338 0.818187 0.984304 0.684679 0.698983 0.832068 0.845812 0.887936 0.931726 0.963574 0.742511 0.934534 0.825119 0.898673 0.709502 0.827601 0.953462 0.959287 0.999057 0.845516 0.844928 0.931244 0.973951 0.596799 0.931471 0.974158 0.989451 0.958064 0.784783 0.788869 0.956065 0.990886 0.794709 0.888366 0.982215 0.709000 0.894071 0.664324 0.684430 0.846972 0.937890 0.857300 0.831381 0.968961 0.865242 0.988429 0.692822 0.746718 0.856798 0.992845 0.898342 0.927770 0.962094 0.876635 0.811293 0.782177 0.751761 0.901413 0.706521 0.698840 0.974339 0.913263 0.904485 0.724779 0.818586 0.918148 0.896412 0.879971 0.971971 0.969324 0.987542 0.819157 0.859014 0.930387 0.845411 0.882763 0.961151 0.997271 0.969798 0.879871 0.971550 0.980467 0.848842 0.952121 0.837123 0.902415 0.920021 0.763174 0.927895 0.773370 0.986773
0.585589 0.639789 0.830705 0.707532 0.964378 0.000000 0.422708 0.409366 0.554094 0.497190 0.630129 0.569959 0.784273 0.717372 0.984423 0.843556 0.773207 0.725452 0.704509 0.598779 0.894565 0.876013 0.963009 0.832922 0.810063 0.966670 0.547120 0.944603 0.694989 0.745135 0.918326 0.972857 0.564148 0.542366 0.801417 0.905005 0.898475 0.934857 0.891027 0.978991 0.842837 0.964103 0.686161 0.641377 0.660772 0.694856 0.706522 0.694784 0.851016 0.755644 0.637019 0.641186 0.703066 0.724737 0.818020 0.769783 0.890167 0.823717 0.612018 0.469756 0.464490 0.435467 0.735702 0.656817 0.923629 0.709068 0.604807 0.571049 0.935226 0.659718 0.656549 0.742133 0.781589 0.848091 0.878321 0.800367 0.708779 0.763634 0.960801 0.925037 0.845995 0.860685 0.833340 0.981061 0.884852 0.900606 0.846794 0.857899 0.879818 0.990394 0.511192 0.587190 0.510857 0.603340 0.951423 0.712589 0.718392 0.646919 0.449089 0.542556 0.498245 0.583219 0.730700 0.594199 0.632547 0.685363 0.752360 0.757331 0.794738 0.757002 0.587992 0.621797 0.574594 0.822752 0.586436 0.944305
0.496876 0.421315 0.639289 0.487840 0.892910 0.422708 0.000000 0.205996 0.440397 0.449391 0.622577 0.440333 0.686522 0.541698 0.963309 0.794018 0.715165 0.675160 0.534941 0.407015 0.953243 0.934672 0.846806 0.983677 0.875775 0.947750 0.569034 0.811441 0.626479 0.595959 0.796000 0.797679 0.465242 0.307625 0.635524 0.965689 0.929769 0.924094 0.960796 0.937340 0.829488 0.961673 0.361588 0.382904 0.433334 0.492556 0.576679 0.498294 0.779532 0.555721 0.434560 0.416135 0.462239 0.529499 0.768429 0.736993 0.754871 0.698073 0.467239 0.370100 0.291353 0.283853 0.672557 0.561424 0.923886 0.504562 0.336948 0.324260 0.918051 0.726454 0.422381 0.573213 0.667073 0.703579 0.822329 0.772366 0.457704 0.638704 0.845704 0.827666 0.797559 0.889812 0.931246 0.930574 0.954514 0.987631 0.881550 0.703760 0.841527 0.912776 0.330662 0.435498 0.375643 0.533414 0.879936 0.682610 0.516731 0.728151 0.271348 0.350927 0.372437 0.461241 0.542882 0.625694 0.424939 0.443983 0.647052 0.666973 0.654616 0.645646 0.494838 0.554840 0.466973 0.684864 0.507136 0.878943
0.531632 0.486447 0.779233 0.548680 0.896819 0.409366 0.205996 0.000000 0.445964 0.351661 0.582017 0.331143 0.675794 0.459594 0.952913 0.768968 0.720867 0.654382 0.605864 0.424257 0.998241 0.967914 0.945028 0.952490 0.793320 0.984247 0.543213 0.751529 0.561424 0.547922 0.833283 0.806124 0.548517 0.364265 0.744087 0.913158 0.817149 0.925421 0.927266 0.987405 0.884697 0.984085 0.446826 0.484956 0.464856 0.513997 0.602860 0.576097 0.762731 0.604045 0.471318 0.445937 0.512365 0.525847 0.843810 0.704374 0.851583 0.793625 0.528460 0.436355 0.310199 0.190607 0.635835 0.491077 0.935085 0.535444 0.423495 0.413434 0.868075 0.750519 0.519645 0.633757 0.687154 0.700584 0.853718 0.735884 0.492648 0.710683 0.889442 0.909749 0.805678 0.874955 0.900609 0.919660 0.871802 0.920738 0.897639 0.743019 0.854617 0.914764 0.333456 0.498390 0.401393 0.571418 0.858532 0.677771 0.566477 0.689383 0.279775 0.364620 0.338008 0.492094 0.602275 0.668483 0.448774 0.546109 0.650370 0.723570 0.666409 0.658139 0.506262 0.552601 0.456000 0.757229 0.529641 0.942609
0.695585 0.827760 0.933482 0.876918 0.698069 0.554094 0.440397 0.445964 0.000000 0.389664 0.513306 0.506034 0.618274 0.676529 0.887176 0.769443 0.810272 0.766979 0.814513 0.729577 0.840489 0.986342 0.975168 0.722317 0.636407 0.795285 0.614216 0.726711 0.563043 0.658560 0.903880 0.884279 0.775147 0.595086 0.850968 0.896725 0.821368 0.756010 0.892434 0.947358 0.857414 0.979585 0.768176 0.733883 0.639045 0.697840 0.974998 0.949052 0.729887 0.831744 0.781637 0.767277 0.621380 0.730817 0.783635 0.967035 0.966109 0.868755 0.661716 0.702530 0.452812 0.468398 0.651860 0.578098 0.910748 0.848342 0.688550 0.732596 0.880347 0.744166 0.700604 0.865193 0.955637 0.988910 0.909784 0.785888 0.716520 0.965343 0.837042 0.979737 0.899124 0.971480 0.830467 0.993564 0.871320 0.757603 0.918975 0.793866 0.773918 0.859896 0.527185 0.441445 0.569815 0.507330 0.885070 0.893087 0.843714 0.779078 0.459319 0.527947 0.559457 0.616500 0.686760 0.788690 0.701596 0.703570 0.763513 0.738742 0.770158 0.853381 0.684605 0.699467 0.603586 0.813000 0.746585 0.984548
0.529608 0.745175 0.821617 0.992445 0.697287 0.497190 0.449391 0.351661 0.389664 0.000000 0.363328 0.269880 0.457291 0.488502 0.792949 0.686405 0.555438 0.498032 0.652357 0.652149 0.644984 0.873785 0.776249 0.553007 0.431513 0.557061 0.552276 0.734132 0.326474 0.403477 0.739753 0.810565 0.810751 0.599482 0.973755 0.685769 0.572829 0.699766 0.663388 0.923710 0.890776 0.959829 0.820399 0.755377 0.493576 0.504457 0.823921 0.809831 0.499568 0.660294 0.656300 0.586286 0.605906 0.695852 0.897061 0.739208 0.911254 0.781912 0.495156 0.589176 0.345978 0.341591 0.370104 0.286429 0.664288 0.989540 0.830735 0.860796 0.800529 0.848780 0.816730 0.995440 0.960643 0.968654 0.982804 0.862152 0.665064 0.974194 0.793601 0.984579 0.675741 0.825615 0.881182 0.922079 0.760546 0.609277 0.812981 0.787541 0.900883 0.994694 0.547433 0.518425 0.665540 0.656163 0.975263 0.797140 0.794491 0.757898 0.364598 0.441453 0.524160 0.567404 0.596363 0.673176 0.693993 0.763094 0.806805 0.857103 0.795177 0.773825 0.649412 0.667465 0.433859 0.835733 0.752112 0.947125
0.410445 0.638607 0.682195 0.828332 0.803708 0.630129 0.622577 0.582017 0.513306 0.363328 0.000000 0.358095 0.470649 0.504380 0.772934 0.854307 0.427219 0.414486 0.656772 0.748887 0.590055 0.819409 0.582553 0.458290 0.374290 0.462877 0.650414 0.632561 0.348461 0.411952 0.572951 0.725141 0.872909 0.696952 0.856102 0.666207 0.601748 0.747256 0.778982 0.983544 0.895494 0.820610 0.931382 0.774384 0.638960 0.592920 0.851742 0.913778 0.486352 0.708409 0.705394 0.644302 0.781072 0.895151 0.833653 0.756772 0.669447 0.568612 0.416831 0.570156 0.416221 0.514865 0.330856 0.305392 0.602106 0.857830 0.978884 0.978909 0.901847 0.887699 0.979245 0.842144 0.904539 0.911715 0.913733 0.982899 0.728835 0.927320 0.607969 0.973062 0.484079 0.702543 0.986478 0.697249 0.861927 0.702622 0.865955 0.986544 0.882576 0.921078 0.830165 0.687569 0.922287 0.853653 0.991796 0.930381 0.870319 0.899878 0.498279 0.590570 0.747037 0.723567 0.633863 0.686548 0.789495 0.784467 0.962779 0.850501 0.744599 0.788742 0.758421 0.772454 0.500561 0.976757 0.769685 0.855373
0.459945 0.618291 0.859651 0.864997 0.798267 0.569959 0.440333 0.331143 0.506034 0.269880 0.358095 0.000000 0.447710 0.306756 0.818071 0.660363 0.537348 0.449061 0.571471 0.571023 0.778749 0.824349 0.830227 0.724271 0.522236 0.620599 0.626370 0.651801 0.349052 0.347491 0.757402 0.905678 0.742198 0.528400 0.935412 0.740710 0.573971 0.775286 0.799591 0.944550 0.864699 0.945511 0.773784 0.720332 0.562428 0.569565 0.657457 0.753364 0.580645 0.671355 0.629181 0.553025 0.679785 0.731460 0.902842 0.689235 0.784069 0.734339 0.461953 0.560716 0.333922 0.273079 0.366717 0.285548 0.718709 0.837906 0.812292 0.771808 0.742111 0.900910 0.825603 0.996346 0.909229 0.928632 0.881217 0.882645 0.548388 0.855382 0.712865 0.954556 0.600592 0.716110 0.969335 0.773981 0.906249 0.825152 0.985662 0.929805 0.858455 0.930456 0.640779 0.641890 0.750529 0.782923 0.952669 0.720688 0.780269 0.784201 0.385589 0.468076 0.533170 0.662300 0.651049 0.659155 0.607208 0.692951 0.871699 0.894173 0.768660 0.760961 0.715640 0.638120 0.466286 0.949104 0.754392 0.995789
0.472168 0.742252 0.936199 0.991049 0.487890 0.784273 0.686522 0.675794 0.618274 0.457291 0.470649 0.447710 0.000000 0.464315 0.427567 0.469314 0.552354 0.492303 0.592666 0.811623 0.756177 0.797599 0.961278 0.739164 0.605547 0.633802 0.950459 0.865921 0.424218 0.457761 0.627489 0.686874 0.865056 0.785887 0.888256 0.625087 0.811819 0.685659 0.810252 0.879009 0.740768 0.986413 0.882289 0.910148 0.731980 0.734334 0.732018 0.817662 0.506526 0.828123 0.889959 0.813654 0.934809 0.860990 0.871340 0.860814 0.751350 0.641796 0.503603 0.700932 0.430728 0.618883 0.398509 0.402052 0.998707 0.984444 0.935417 0.923771 0.828910 0.857339 0.978804 0.743980 0.762146 0.799025 0.882026 0.908313 0.688744 0.900845 0.719081 0.851599 0.619663 0.687110 0.921628 0.701983 0.820433 0.908674 0.930111 0.805441 0.834415 0.881389 0.931484 0.691112 0.982071 0.886261 0.979028 0.763313 0.990292 0.951150 0.577071 0.549807 0.890081 0.786638 0.801872 0.748180 0.854276 0.735232 0.993121 0.997463 0.891085 0.932476 0.771329 0.772852 0.590373 0.995149 0.921087 0.978618
0.530289 0.559308 0.953932 0.795318 0.765376 0.717372 0.541698 0.459594 0.676529 0.488502 0.504380 0.306756 0.464315 0.000000 0.794756 0.534067 0.550388 0.468571 0.481686 0.592805 0.896182 0.864451 0.940592 0.981115 0.696608 0.754931 0.718192 0.802439 0.428977 0.304850 0.963996 0.877807 0.637408 0.558589 0.936576 0.752665 0.841544 0.897359 0.891807 0.952293 0.834791 0.879832 0.648494 0.619552 0.515345 0.518992 0.560804 0.657524 0.566532 0.585612 0.532742 0.497703 0.682348 0.757491 0.740498 0.669266 0.696234 0.696541 0.515316 0.600602 0.417891 0.399340 0.461669 0.378728 0.827179 0.817126 0.853158 0.767783 0.691720 0.926290 0.901572 0.979186 0.781692 0.823346 0.865121 0.840549 0.600440 0.704442 0.699718 0.791741 0.626725 0.667778 0.748678 0.670556 0.945213 0.955333 0.958641 0.932346 0.885878 0.760960 0.868934 0.908753 0.993557 0.957194 0.957758 0.777664 0.842370 0.987323 0.547698 0.589517 0.668323 0.849634 0.795551 0.781419 0.675768 0.796382 0.979436 0.985422 0.741759 0.762820 0.798371 0.751092 0.616589 0.950638 0.800507 0.894402
0.730956 0.956793 0.983706 0.919915 0.599352 0.984423 0.963309 0.952913 0.887176 0.792949 0.772934 0.818071 0.427567 0.794756 0.000000 0.563214 0.753299 0.693094 0.738016 0.972970 0.908324 0.926058 0.799309 0.908149 0.886780 0.856845 0.762664 0.908682 0.682343 0.764068 0.757560 0.775331 0.898399 0.977842 0.958669 0.817436 0.994202 0.763120 0.845552 0.798203 0.859949 0.880204 0.915512 0.847028 0.992487 0.966923 0.874202 0.939127 0.743187 0.916267 0.842328 0.875847 0.839954 0.645844 0.867611 0.926157 0.833184 0.766363 0.758641 0.929097 0.759535 0.956287 0.722138 0.741427 0.810394 0.925103 0.810451 0.782346 0.936473 0.764365 0.998053 0.726666 0.738752 0.840272 0.865386 0.981753 0.996269 0.929875 0.900433 0.869994 0.791167 0.705234 0.740325 0.716447 0.624436 0.898571 0.846402 0.990524 0.771074 0.842769 0.851072 0.977066 0.753764 0.959423 0.967453 0.757179 0.838680 0.826663 0.908480 0.887811 0.810880 0.975597 0.869200 0.989767 0.923800 0.908526 0.942551 0.856189 0.887823 0.893232 0.965758 0.967673 0.785663 0.964117 0.930227 0.972638
0.832567 0.852363 0.887476 0.788856 0.501386 0.843556 0.794018 0.768968 0.769443 0.686405 0.854307 0.660363 0.469314 0.534067 0.563214 0.000000 0.847694 0.757878 0.647985 0.796529 0.990413 0.865444 0.583441 0.826608 0.939450 0.915118 0.896464 0.945036 0.715391 0.671914 0.961881 0.963717 0.752651 0.841286 0.990626 0.809798 0.907208 0.854399 0.944557 0.783100 0.850250 0.799483 0.816404 0.881749 0.793530 0.843988 0.648681 0.752939 0.670533 0.900898 0.917470 0.864690 0.972615 0.896659 0.812000 0.936785 0.973804 0.902303 0.811970 0.882316 0.668683 0.736573 0.731640 0.689864 0.792293 0.851661 0.991711 0.987792 0.790516 0.858338 0.921526 0.921070 0.912671 0.915262 0.857287 0.869460 0.860548 0.775680 0.870623 0.825065 0.928291 0.775645 0.801294 0.834308 0.698449 0.865601 0.995585 0.978675 0.805486 0.868125 0.948213 0.888839 0.955176 0.971305 0.843658 0.777544 0.910888 0.904901 0.834629 0.708252 0.974270 0.984779 0.983523 0.958462 0.896882 0.887109 0.992092 0.889500 0.902303 0.954739 0.885605 0.800331 0.768132 0.962300 0.938995 0.879408
0.440821 0.581538 0.759081 0.912650 0.785677 0.773207 0.715165 0.720867 0.810272 0.555438 0.427219 0.537348 0.552354 0.550388 0.753299 0.847694 0.000000 0.296592 0.546901 0.691664 0.705633 0.939951 0.725351 0.703203 0.577135 0.563393 0.827899 0.919495 0.438035 0.391958 0.707437 0.838903 0.814905 0.735168 0.946759 0.743553 0.743962 0.798877 0.763269 0.951886 0.943214 0.830295 0.865871 0.734163 0.591444 0.536887 0.716091 0.738382 0.432414 0.541314 0.632690 0.608045 0.775238 0.968942 0.679461 0.571929 0.472269 0.417122 0.449786 0.594349 0.530417 0.690680 0.329030 0.342946 0.718446 0.818513 0.951955 0.980057 0.974215 0.795679 0.998819 0.768702 0.917502 0.969102 0.895925 0.986233 0.852772 0.987113 0.608784 0.766670 0.350688 0.518611 0.756490 0.561767 0.952955 0.896372 0.856330 0.934331 0.904590 0.646292 0.994944 0.954977 0.881204 0.867582 0.950877 0.902981 0.767806 0.963833 0.602101 0.718578 0.916204 0.841643 0.806091 0.686781 0.879321 0.856778 0.944825 0.986201 0.747799 0.790875 0.714020 0.865824 0.640690 0.899628 0.877255 0.908564
0.393647 0.508577 0.794965 0.932415 0.726939 0.725452 0.675160 0.654382 0.766979 0.498032 0.414486 0.449061 0.492303 0.468571 0.693094 0.757878 0.296592 0.000000 0.499185 0.628450 0.725486 0.916412 0.745434 0.726265 0.588497 0.567312 0.839706 0.887721 0.342043 0.345554 0.724432 0.942802 0.711104 0.661340 0.916767 0.673633 0.705937 0.773720 0.742591 0.973525 0.848663 0.815597 0.806243 0.687127 0.560305 0.489637 0.655081 0.703203 0.414769 0.510728 0.593948 0.558832 0.784490 0.971869 0.635077 0.488075 0.444795 0.354330 0.394011 0.559689 0.453500 0.601611 0.282434 0.278022 0.712501 0.863509 0.954087 0.953727 0.972094 0.791566 0.971191 0.786685 0.964425 0.981132 0.997502 0.993373 0.819340 0.940965 0.522601 0.753375 0.312351 0.410652 0.774003 0.461133 0.903301 0.952874 0.869885 0.924186 0.817058 0.637111 0.983013 0.934999 0.899090 0.868912 0.898298 0.748066 0.763521 0.947389 0.546631 0.657065 0.893105 0.782966 0.717992 0.590344 0.774684 0.796559 0.975676 0.966429 0.849843 0.794902 0.758596 0.807234 0.513342 0.844584 0.839557 0.932471
0.492382 0.494219 0.799169 0.658330 0.758893 0.704509 0.534941 0.605864 0.814513 0.652357 0.656772 0.571471 0.592666 0.481686 0.738016 0.647985 0.546901 0.499185 0.000000 0.532662 0.965197 0.994997 0.818585 0.921934 0.883825 0.893084 0.862258 0.981083 0.644559 0.601069 0.997530 0.918445 0.530258 0.497768 0.796133 0.875192 0.989903 0.878247 0.994953 0.855668 0.881100 0.892545 0.659650 0.649255 0.544964 0.567422 0.531590 0.547191 0.630911 0.604002 0.583478 0.599158 0.704518 0.829969 0.703724 0.627215 0.597694 0.514659 0.451939 0.458562 0.468747 0.614081 0.554998 0.565265 0.887075 0.782434 0.722175 0.664963 0.940902 0.910410 0.637326 0.864916 0.889031 0.840448 0.849404 0.873874 0.725810 0.654319 0.822368 0.721168 0.626915 0.655940 0.797958 0.712617 0.809275 0.902190 0.964957 0.981785 0.786445 0.723213 0.813981 0.791304 0.895520 0.902367 0.948233 0.737651 0.689461 0.942093 0.539632 0.604936 0.746513 0.813025 0.725564 0.725263 0.807719 0.687657 0.914196 0.932508 0.661979 0.757897 0.730278 0.770427 0.588408 0.854122 0.852129 0.959203
0.584733 0.449863 0.624308 0.459858 0.922087 0.598779 0.407015 0.424257 0.729577 0.652149 0.748887 0.571023 0.811623 0.592805 0.972970 0.796529 0.691664 0.628450 0.532662 0.000000 0.817718 0.896720 0.793164 0.792057 0.921708 0.852489 0.844110 0.930930 0.706984 0.663576 0.782677 0.688713 0.505912 0.443014 0.672162 0.892431 0.924116 0.945114 0.897086 0.857613 0.763003 0.900500 0.470821 0.511050 0.623051 0.663480 0.504069 0.436103 0.872826 0.624934 0.578499 0.599709 0.724247 0.741117 0.619034 0.568452 0.706394 0.703305 0.629254 0.504282 0.519302 0.440407 0.725609 0.678800 0.830405 0.517181 0.497024 0.434689 0.916706 0.661945 0.547586 0.647031 0.672410 0.648163 0.700943 0.786650 0.596695 0.724568 0.836771 0.790962 0.635491 0.628799 0.800321 0.865021 0.798690 0.768137 0.946545 0.947648 0.808197 0.646008 0.590364 0.781925 0.618636 0.836063 0.913853 0.677575 0.588769 0.812866 0.513513 0.582079 0.664189 0.716477 0.634833 0.842839 0.529566 0.644899 0.745157 0.881540 0.753774 0.659624 0.603451 0.853202 0.606819 0.711993 0.681731 0.951080
0.799416 0.882764 0.469030 0.499733 0.893338 0.894565 0.953243 0.998241 0.840489 0.644984 0.590055 0.778749 0.756177 0.896182 0.908324 0.990413 0.705633 0.725486 0.965197 0.817718 0.000000 0.738233 0.452768 0.418448 0.398241 0.398740 0.752878 0.815501 0.650583 0.752347 0.465792 0.576206 0.740664 0.816720 0.705013 0.672006 0.676803 0.794435 0.792060 0.766710 0.758500 0.687020 0.708250 0.883297 0.811485 0.740697 0.854541 0.837915 0.590517 0.833063 0.926685 0.836890 0.866396 0.914931 0.931984 0.959579 0.924182 0.846227 0.782672 0.917114 0.845754 0.985917 0.517114 0.595110 0.460138 0.495155 0.668928 0.666218 0.878790 0.824339 0.687802 0.642254 0.674411 0.740340 0.799719 0.795820 0.988748 0.814621 0.715352 0.867888 0.760306 0.948576 0.749227 0.886558 0.638371 0.514868 0.621852 0.959893 0.917262 0.896358 0.912107 0.818193 0.903217 0.968875 0.782516 0.812656 0.928139 0.910092 0.862089 0.887726 0.923483 0.979012 0.649196 0.725644 0.799331 0.855027 0.953221 0.934682 0.913608 0.918496 0.990032 0.928433 0.934705 0.995055 0.880533 0.975903
0.908009 0.901888 0.781647 0.850857 0.844980 0.876013 0.934672 0.967914 0.986342 0.873785 0.819409 0.824349 0.797599 0.864451 0.926058 0.865444 0.939951 0.916412 0.994997 0.896720 0.738233 0.000000 0.871738 0.845142 0.856406 0.860995 0.995477 0.829796 0.874880 0.825388 0.810535 0.895518 0.892591 0.976186 0.886662 0.935241 0.864751 0.924766 0.979470 0.852918 0.812035 0.964474 0.836483 0.841953 0.973193 0.989797 0.934268 0.810455 0.895666 0.915996 0.955530 0.964288 0.824512 0.837721 0.918921 0.908993 0.979164 0.974863 0.853043 0.972410 0.905019 0.932553 0.775351 0.851826 0.897237 0.921948 0.789172 0.870636 0.841688 0.848665 0.899983 0.787392 0.960399 0.892768 0.876947 0.791036 0.991695 0.923935 0.987971 0.939537 0.849397 0.949341 0.939841 0.919278 0.978354 0.919822 0.936796 0.959469 0.968784 0.899025 0.817847 0.969523 0.849373 0.856594 0.877951 0.899109 0.855583 0.921463 0.964049 0.986691 0.967648 0.935152 0.911239 0.921477 0.874967 0.801424 0.867206 0.920838 0.939868 0.970550 0.884051 0.935909 0.979312 0.734657 0.807545 0.969633
0.861240 0.893986 0.366877 0.415348 0.793908 0.963009 0.846806 0.945028 0.975168 0.776249 0.582553 0.830227 0.961278 0.940592 0.799309 0.583441 0.725351 0.745434 0.818585 0.793164 0.452768 0.871738 0.000000 0.311871 0.400969 0.413056 0.696096 0.725053 0.746902 0.839388 0.461717 0.592612 0.612200 0.798209 0.604487 0.795225 0.468577 0.768800 0.649102 0.689871 0.853126 0.809563 0.628674 0.832397 0.997175 0.890474 0.672199 0.706655 0.801745 0.912074 0.979077 0.931341 0.958604 0.892479 0.811081 0.967301 0.895530 0.866402 0.858209 0.989591 0.967561 0.978025 0.654934 0.698607 0.294935 0.474359 0.644953 0.664433 0.999548 0.832935 0.633173 0.676472 0.741207 0.738389 0.710431 0.819697 0.930640 0.559754 0.788105 0.702857 0.775699 0.955391 0.773636 0.920648 0.492433 0.455191 0.805113 0.961054 0.826589 0.837414 0.923695 0.981586 0.883982 0.935495 0.803354 0.768800 0.998565 0.881011 0.948788 0.937399 0.965856 0.929811 0.839362 0.760594 0.876372 0.806195 0.948091 0.927926 0.982408 0.952167 0.930839 0.956563 0.923461 0.878708 0.991735 0.945696
0.756724 0.879930 0.418530 0.401712 0.976181 0.832922 0.983677 0.952490 0.722317 0.553007 0.458290 0.724271 0.739164 0.981115 0.908149 0.826608 0.703203 0.726265 0.921934 0.792057 0.418448 0.845142 0.311871 0.000000 0.282878 0.347662 0.646752 0.720644 0.544523 0.738143 0.398850 0.436215 0.710649 0.891317 0.648353 0.664331 0.505058 0.632627 0.570405 0.734239 0.853435 0.824972 0.672409 0.846618 0.866114 0.782754 0.710232 0.747677 0.619015 0.883954 0.986968 0.896941 0.882683 0.909589 0.878346 0.975366 0.967768 0.839724 0.704507 0.888643 0.802024 0.917626 0.531594 0.565316 0.402349 0.483079 0.689354 0.664496 0.907385 0.937547 0.761658 0.683021 0.680627 0.718241 0.783294 0.843741 0.984038 0.650119 0.802004 0.685008 0.780786 0.921940 0.745027 0.937965 0.561828 0.375996 0.804403 0.889846 0.923114 0.746471 0.952820 0.769704 0.987429 0.865515 0.867283 0.897368 0.893689 0.928778 0.768029 0.875741 0.884164 0.796794 0.768329 0.718996 0.957260 0.931512 0.919764 0.909794 0.963015 0.893233 0.975770 0.864551 0.758375 0.998854 0.964401 0.997207
0.660330 0.970118 0.389672 0.503332 0.902176 0.810063 0.875775 0.793320 0.636407 0.431513 0.374290 0.522236 0.605547 0.696608 0.886780 0.939450 0.577135 0.588497 0.883825 0.921708 0.398241 0.856406 0.400969 0.282878 0.000000 0.237642 0.561583 0.670243 0.437215 0.558046 0.378404 0.512729 0.773830 0.984387 0.655436 0.594764 0.439112 0.557460 0.559981 0.685940 0.796911 0.923969 0.814670 0.998729 0.697628 0.619854 0.830219 0.901261 0.482844 0.730520 0.809856 0.708646 0.687966 0.741871 0.931848 0.954979 0.917687 0.813545 0.646719 0.808158 0.687416 0.780583 0.396857 0.399154 0.340334 0.516410 0.757902 0.722658 0.756002 0.882380 0.731992 0.678905 0.707630 0.708319 0.830732 0.917777 0.877313 0.754099 0.683481 0.726743 0.783386 0.954967 0.764474 0.906406 0.499140 0.331353 0.804463 0.937484 0.910793 0.775642 0.869807 0.695369 0.979163 0.842178 0.939222 0.868898 0.976892 0.862112 0.642818 0.701468 0.786362 0.732598 0.710993 0.658159 0.957907 0.982551 0.971548 0.887625 0.816425 0.908608 0.882221 0.742265 0.654753 0.985407 0.950499 0.940725
0.750242 0.920766 0.323492 0.404751 0.854338 0.966670 0.947750 0.984247 0.795285 0.557061 0.462877 0.620599 0.633802 0.754931 0.856845 0.915118 0.563393 0.567312 0.893084 0.852489 0.398740 0.860995 0.413056 0.347662 0.237642 0.000000 0.774791 0.746980 0.489115 0.572365 0.310974 0.484719 0.718340 0.884687 0.639520 0.566696 0.424624 0.548989 0.550133 0.692704 0.729581 0.902874 0.683757 0.896013 0.762199 0.684603 0.778788 0.882326 0.455913 0.740732 0.905655 0.793834 0.802642 0.881671 0.953650 0.924616 0.853785 0.770645 0.719436 0.924984 0.831281 0.968927 0.372459 0.429565 0.351788 0.383525 0.580472 0.570751 0.848007 0.884496 0.571440 0.512910 0.609243 0.624644 0.865024 0.820406 0.977722 0.745962 0.602160 0.738253 0.743652 0.970678 0.882998 0.792045 0.596973 0.424169 0.768326 0.997317 0.865473 0.867853 0.889247 0.904831 0.776004 0.939939 0.928912 0.849768 0.951904 0.967658 0.815705 0.862738 0.989055 0.906766 0.825024 0.678596 0.911196 0.875347 0.830356 0.978483 0.961938 0.995245 0.949018 0.887754 0.787943 0.948878 0.931885 0.866989
0.746196 0.874741 0.877790 0.982511 0.818187 0.547120 0.569034 0.543213 0.614216 0.552276 0.650414 0.626370 0.950459 0.718192 0.762664 0.896464 0.827899 0.839706 0.862258 0.844110 0.752878 0.995477 0.696096 0.646752 0.561583 0.774791 0.000000 0.722595 0.692238 0.680658 0.998219 0.970816 0.863564 0.659485 0.968107 0.921458 0.694227 0.906814 0.819997 0.666786 0.996861 0.980358 0.769764 0.620246 0.559466 0.565812 0.960214 0.900129 0.824651 0.668910 0.570904 0.538682 0.520543 0.433456 0.919686 0.886391 0.983787 0.963610 0.686906 0.651399 0.608065 0.593346 0.761414 0.664397 0.576071 0.990187 0.725023 0.678376 0.707603 0.990753 0.843747 0.796907 0.761452 0.893041 0.867837 0.803838 0.635503 0.901908 0.938632 0.966970 0.989633 0.878607 0.775548 0.858316 0.462961 0.540040 0.877821 0.896779 0.922957 0.770841 0.555207 0.633064 0.627387 0.674413 0.875358 0.938416 0.734643 0.730970 0.558950 0.667978 0.441778 0.598434 0.624556 0.702780 0.791705 0.905273 0.819660 0.662497 0.713966 0.844114 0.790922 0.673564 0.685512 0.736418 0.729514 0.986337
0.784525 0.859298 0.787668 0.885616 0.984304 0.944603 0.811441 0.751529 0.726711 0.734132 0.632561 0.651801 0.865921 0.802439 0.908682 0.945036 0.919495 0.887721 0.981083 0.930930 0.815501 0.829796 0.725053 0.720644 0.670243 0.746980 0.722595 0.000000 0.784069 0.783727 0.806086 0.913184 0.974656 0.834175 0.915175 0.973335 0.691464 0.966695 0.928825 0.800174 0.873596 0.929596 0.998425 0.878922 0.807199 0.801769 0.974476 0.896252 0.795362 0.857070 0.814343 0.745962 0.767732 0.757599 0.921290 0.892726 0.975648 0.931337 0.782557 0.876533 0.727420 0.735103 0.749908 0.680426 0.715147 0.937234 0.943986 0.961390 0.770118 0.848668 0.965452 0.874629 0.987513 0.916531 0.978988 0.986215 0.760374 0.986950 0.716664 0.734585 0.892227 0.883171 0.855194 0.995984 0.771833 0.752945 0.977095 0.976162 0.889752 0.801154 0.796542 0.693460 0.840539 0.812105 0.905076 0.993129 0.946935 0.833977 0.732731 0.804659 0.721021 0.843608 0.787293 0.877021 0.833480 0.773944 0.986011 0.728600 0.862049 0.872839 0.838848 0.808476 0.787157 0.986095 0.805621 0.974846
0.497448 0.692062 0.689173 0.812490 0.684679 0.694989 0.626479 0.561424 0.563043 0.326474 0.348461 0.349052 0.424218 0.428977 0.682343 0.715391 0.438035 0.342043 0.644559 0.706984 0.650583 0.874880 0.746902 0.544523 0.437215 0.489115 0.692238 0.784069 0.000000 0.277952 0.686589 0.832878 0.779464 0.695205 0.898700 0.627900 0.609678 0.695498 0.711419 0.882826 0.884063 0.881724 0.847186 0.740488 0.464625 0.431320 0.802045 0.810304 0.350400 0.547322 0.615385 0.545226 0.663400 0.815988 0.772072 0.573081 0.712856 0.615553 0.483932 0.619894 0.391637 0.519438 0.269311 0.240634 0.622431 0.836163 0.949532 0.994904 0.768707 0.810551 0.979380 0.816185 0.997036 0.915861 0.927067 0.995285 0.701527 0.952690 0.601721 0.953278 0.524949 0.674986 0.842292 0.616559 0.931304 0.762059 0.917818 0.974871 0.916626 0.848187 0.867466 0.782221 0.984148 0.958620 0.966251 0.838621 0.911239 0.913548 0.483774 0.572083 0.773156 0.716893 0.655127 0.700506 0.730614 0.847583 0.867402 0.936844 0.897997 0.760665 0.867515 0.724027 0.497618 0.817404 0.793079 0.896950
0.549481 0.604396 0.763897 0.936278 0.698983 0.745135 0.595959 0.547922 0.658560 0.403477 0.411952 0.347491 0.457761 0.304850 0.764068 0.671914 0.391958 0.345554 0.601069 0.663576 0.752347 0.825388 0.839388 0.738143 0.558046 0.572365 0.680658 0.783727 0.277952 0.000000 0.829499 0.994365 0.728803 0.644442 0.855738 0.690676 0.703801 0.830692 0.763248 0.994918 0.858956 0.980877 0.734597 0.624650 0.440318 0.423002 0.717591 0.756153 0.385927 0.483749 0.525304 0.478710 0.622161 0.788917 0.698455 0.591264 0.639205 0.598565 0.476280 0.673911 0.415093 0.495330 0.297723 0.253668 0.653555 0.911936 0.994865 0.911975 0.706289 0.851623 0.992345 0.838675 0.868595 0.838260 0.938483 0.956208 0.683630 0.878471 0.663183 0.854900 0.462308 0.601014 0.682107 0.605606 0.970646 0.869977 0.936634 0.987816 0.941575 0.766433 0.933033 0.913070 0.936518 0.907053 0.972745 0.869356 0.854120 0.981249 0.552382 0.641730 0.771928 0.817755 0.709264 0.710009 0.744228 0.849521 0.986904 0.966876 0.914041 0.827117 0.847368 0.832301 0.547137 0.876945 0.856179 0.832184
0.758517 0.833228 0.443940 0.455816 0.832068 0.918326 0.796000 0.833283 0.903880 0.739753 0.572951 0.757402 0.627489 0.963996 0.757560 0.961881 0.707437 0.724432 0.997530 0.782677 0.465792 0.810535 0.461717 0.398850 0.378404 0.310974 0.998219 0.806086 0.686589 0.829499 0.000000 0.326136 0.576212 0.727400 0.619046 0.671277 0.524702 0.602895 0.685489 0.874242 0.692361 0.967277 0.507018 0.678870 0.893298 0.983554 0.761334 0.755685 0.677321 0.951944 0.771111 0.891261 0.900303 0.810880 0.768238 0.908652 0.896137 0.841586 0.782411 0.998299 0.967427 0.887314 0.540552 0.649562 0.602555 0.458020 0.512006 0.497810 0.945790 0.811654 0.610696 0.482120 0.434156 0.510915 0.864919 0.690977 0.967867 0.623252 0.713466 0.771601 0.773822 0.995298 0.771638 0.762295 0.801417 0.576044 0.881272 0.957034 0.958012 0.860682 0.820492 0.861753 0.743475 0.993994 0.943016 0.883373 0.800737 0.988909 0.971849 0.965357 0.834900 0.961565 0.911412 0.826194 0.843392 0.870156 0.798493 0.941254 0.961785 0.916126 0.913786 0.970770 0.855439 0.762093 0.824818 0.961443
0.906991 0.684274 0.579736 0.547702 0.845812 0.972857 0.797679 0.806124 0.884279 0.810565 0.725141 0.905678 0.686874 0.877807 0.775331 0.963717 0.838903 0.942802 0.918445 0.688713 0.576206 0.895518 0.592612 0.436215 0.512729 0.484719 0.970816 0.913184 0.832878 0.994365 0.326136 0.000000 0.586853 0.673392 0.706214 0.760961 0.702233 0.611899 0.734209 0.916682 0.811857 0.986819 0.479645 0.572323 0.835417 0.852462 0.653980 0.640125 0.801336 0.835715 0.653670 0.747154 0.852227 0.825535 0.740206 0.707979 0.968443 0.952987 0.940948 0.881055 0.953488 0.829142 0.697227 0.820140 0.730305 0.537929 0.586419 0.506489 0.991116 0.892286 0.691911 0.553593 0.433156 0.425090 0.890368 0.782303 0.890007 0.620260 0.885700 0.756516 0.941628 0.906942 0.748994 0.968185 0.842422 0.565609 0.882806 0.839195 0.929360 0.783502 0.915837 0.823479 0.841330 0.892370 0.955149 0.916344 0.738762 0.979512 0.985487 0.983874 0.853810 0.962853 0.989513 0.854594 0.742248 0.835312 0.867798 0.870637 0.993745 0.937163 0.919186 0.947498 0.982781 0.765482 0.834418 0.949214
0.642403 0.452023 0.561131 0.509788 0.887936 0.564148 0.465242 0.548517 0.775147 0.810751 0.872909 0.742198 0.865056 0.637408 0.898399 0.752651 0.814905 0.711104 0.530258 0.505912 0.740664 0.892591 0.612200 0.710649 0.773830 0.718340 0.863564 0.974656 0.779464 0.728803 0.576212 0.586853 0.000000 0.409873 0.546703 0.908708 0.811299 0.943830 0.827899 0.830890 0.746355 0.919470 0.418883 0.423599 0.549843 0.598057 0.511948 0.560034 0.843020 0.597809 0.524300 0.581906 0.715257 0.814640 0.516196 0.576676 0.660580 0.691828 0.637507 0.491348 0.499693 0.574200 0.866299 0.797822 0.715191 0.541588 0.475723 0.435738 0.962157 0.705689 0.556748 0.603470 0.574923 0.620874 0.720371 0.728359 0.694272 0.563364 0.872173 0.685269 0.735714 0.676111 0.748149 0.796501 0.659715 0.624991 0.949147 0.956002 0.782134 0.716113 0.729496 0.866532 0.696160 0.901001 0.951473 0.603295 0.700667 0.951448 0.588617 0.641660 0.695744 0.791616 0.799165 0.821048 0.592977 0.584849 0.788707 0.846436 0.838858 0.695652 0.742237 0.799160 0.634803 0.721672 0.571297 0.999547
0.536800 0.422355 0.659811 0.514873 0.931726 0.542366 0.307625 0.364265 0.595086 0.599482 0.696952 0.528400 0.785887 0.558589 0.977842 0.841286 0.735168 0.661340 0.497768 0.443014 0.816720 0.976186 0.798209 0.891317 0.984387 0.884687 0.659485 0.834175 0.695205 0.644442 0.727400 0.673392 0.409873 0.000000 0.620529 0.930486 0.925904 0.999235 0.963981 0.878622 0.888459 0.922841 0.421784 0.445022 0.505519 0.559306 0.549072 0.534802 0.809316 0.590352 0.500424 0.513138 0.585713 0.637123 0.686130 0.664664 0.737784 0.707286 0.514876 0.441295 0.394339 0.396583 0.742183 0.642804 0.878628 0.528605 0.406001 0.379864 0.976337 0.751684 0.437600 0.572986 0.638989 0.634099 0.821504 0.774967 0.528401 0.602057 0.810732 0.726167 0.749123 0.771284 0.897267 0.912366 0.914074 0.866237 0.936593 0.996912 0.840469 0.802634 0.538814 0.672670 0.513956 0.713721 0.874695 0.702932 0.613453 0.876245 0.413034 0.514196 0.492010 0.543379 0.688264 0.729700 0.532122 0.535856 0.643883 0.690604 0.746482 0.699960 0.634751 0.771489 0.536253 0.740410 0.582754 0.944741
0.916471 0.771502 0.517179 0.553480 0.963574 0.801417 0.635524 0.744087 0.850968 0.973755 0.856102 0.935412 0.888256 0.936576 0.958669 0.990626 0.946759 0.916767 0.796133 0.672162 0.705013 0.886662 0.604487 0.648353 0.655436 0.639520 0.968107 0.915175 0.898700 0.855738 0.619046 0.706214 0.546703 0.620529 0.000000 0.794815 0.817742 0.925246 0.770676 0.913703 0.690965 0.918961 0.628502 0.706037 0.815153 0.895691 0.832697 0.692256 0.866454 0.921509 0.869204 0.909609 0.812100 0.870515 0.826457 0.858098 0.917641 0.982300 0.937142 0.685482 0.840117 0.857445 0.842803 0.866034 0.596833 0.592829 0.463288 0.510376 0.799364 0.759785 0.507208 0.597803 0.824057 0.690660 0.847757 0.767094 0.765563 0.736283 0.905153 0.773739 0.913142 0.969120 0.991986 0.848483 0.801760 0.733067 0.971174 0.907870 0.969729 0.816551 0.625757 0.797841 0.586742 0.680965 0.822960 0.802239 0.781300 0.924364 0.800985 0.825343 0.820390 0.824504 0.907094 0.931362 0.838074 0.728111 0.946844 0.883128 0.901540 0.815722 0.853328 0.992068 0.923992 0.864920 0.694358 0.992809
0.756950 0.982835 0.720613 0.733800 0.742511 0.905005 0.965689 0.913158 0.896725 0.685769 0.666207 0.740710 0.625087 0.752665 0.817436 0.809798 0.743553 0.673633 0.875192 0.892431 0.672006 0.935241 0.795225 0.664331 0.594764 0.566696 0.921458 0.973335 0.627900 0.690676 0.671277 0.760961 0.908708 0.930486 0.794815 0.000000 0.754507 0.850328 0.730043 0.894880 0.858076 0.835042 0.931300 0.979899 0.848619 0.762459 0.912301 0.965523 0.639278 0.837904 0.923437 0.813712 0.958406 0.982591 0.957505 0.926422 0.849551 0.805268 0.697636 0.858548 0.779419 0.924017 0.632877 0.606954 0.750771 0.745920 0.772439 0.804518 0.937285 0.932216 0.750860 0.731738 0.756858 0.865100 0.919447 0.838765 0.946559 0.920252 0.840030 0.975750 0.824630 0.889616 0.937394 0.847890 0.924913 0.732319 0.806637 0.880231 0.992965 0.980999 0.939076 0.882062 0.794403 0.965694 0.913720 0.889554 0.859443 0.988191 0.824990 0.738737 0.953184 0.980352 0.924054 0.729727 0.921849 0.954259 0.988300 0.994885 0.942473 0.955714 0.985470 0.884641 0.678683 0.973577 0.956754 0.969938
0.854026 0.970517 0.497629 0.629988 0.934534 0.898475 0.929769 0.817149 0.821368 0.572829 0.601748 0.573971 0.811819 0.841544 0.994202 0.907208 0.743962 0.705937 0.989903 0.924116 0.676803 0.864751 0.468577 0.505058 0.439112 0.424624 0.694227 0.691464 0.609678 0.703801 0.524702 0.702233 0.811299 0.925904 0.817742 0.754507 0.000000 0.577950 0.616905 0.650823 0.650625 0.957712 0.772306 0.928015 0.861271 0.798591 0.807307 0.898044 0.751502 0.917917 0.932135 0.884661 0.849182 0.846693 0.789770 0.880255 0.965922 0.921919 0.818984 0.891966 0.828530 0.820286 0.586764 0.592150 0.457484 0.688560 0.808869 0.778418 0.740296 0.861024 0.762647 0.688831 0.749285 0.811048 0.918076 0.882778 0.891615 0.781863 0.820430 0.812370 0.914943 0.958794 0.779801 0.930525 0.544587 0.485575 0.957460 0.944536 0.847045 0.759280 0.861167 0.830691 0.949015 0.896339 0.948265 0.879858 0.874670 0.833109 0.817483 0.835431 0.860662 0.815543 0.932638 0.813486 0.990731 0.943049 0.958557 0.974423 0.945994 0.918861 0.956360 0.860848 0.734177 0.878315 0.996929 0.898216
0.833998 0.930086 0.733332 0.712157 0.825119 0.934857 0.924094 0.925421 0.756010 0.699766 0.747256 0.775286 0.685659 0.897359 0.763120 0.854399 0.798877 0.773720 0.878247 0.945114 0.794435 0.924766 0.768800 0.632627 0.557460 0.548989 0.906814 0.966695 0.695498 0.830692 0.602895 0.611899 0.943830 0.999235 0.925246 0.850328 0.577950 0.000000 0.581495 0.766780 0.856778 0.903997 0.862967 0.899490 0.844745 0.857337 0.758297 0.924995 0.769191 0.928521 0.986874 0.966684 0.860833 0.931187 0.921248 0.963074 0.975811 0.907278 0.835026 0.882637 0.827054 0.959504 0.659069 0.709088 0.732390 0.702606 0.871933 0.777252 0.843804 0.952778 0.874011 0.784529 0.575999 0.690367 0.840595 0.976783 0.987276 0.766843 0.757372 0.868480 0.961676 0.980034 0.808522 0.994940 0.710915 0.550477 0.911320 0.833269 0.900734 0.772937 0.893418 0.788835 0.981495 0.815927 0.922582 0.906215 0.979257 0.928526 0.773128 0.759704 0.974688 0.758449 0.952020 0.758175 0.986862 0.937471 0.965342 0.968278 0.977192 0.886840 0.942214 0.800888 0.850307 0.880870 0.961160 0.994667
