0.000000 0.335482 0.764275 0.619388 0.960932 0.882346 0.830082 0.711096 0.874602 0.951447 0.424655 0.377169 0.583664 0.489559 0.781626 0.715887 0.401700 0.341640 0.482369 0.349529 0.830724 0.967932 0.847310 0.817707 0.773911 0.864995 0.938308 0.865281 0.527382 0.504490 0.859044 0.818539 0.503461 0.562855 0.864049 0.947673 0.690788 0.626557 0.721289 0.745427 0.840174 0.631740 0.975489 0.764437 0.988585 0.882566 0.744960 0.734080 0.873979 0.778991 0.998881 0.907083 0.934863 0.842170 0.734091 0.765943 0.344633 0.320648 0.695791 0.681911 0.707010 0.813339 0.585760 0.495352 0.895678 0.985644 0.830334 0.890906 0.353585 0.473679 0.848370 0.900338 0.726523 0.689162 0.737188 0.972885 0.769600 0.891604 0.563552 0.614986 0.361106 0.389940 0.436293 0.441553 0.517075 0.613263 0.961590 0.912012 0.834195 0.606717 0.816313 0.729988 0.794378 0.723358 0.993653 0.946114 0.979897 0.848675 0.919124 0.949995 0.821746 0.997157 0.830265 0.681745 0.939117 0.735881 0.968411 0.949380 0.935386 0.814308 0.977929 0.986734 0.961953 0.787432 0.896202 0.870428
0.335482 0.000000 0.705182 0.567479 0.879510 0.801876 0.731503 0.622728 0.982717 0.910928 0.524781 0.405477 0.736291 0.574152 0.936649 0.785269 0.464578 0.403699 0.444287 0.380594 0.925473 0.940285 0.895437 0.862556 0.771844 0.839568 0.937370 0.786936 0.588251 0.635123 0.818425 0.803715 0.542026 0.545006 0.860852 0.968315 0.653181 0.560197 0.733930 0.814576 0.909824 0.678833 0.797408 0.609884 0.841679 0.733449 0.694131 0.695828 0.736086 0.648090 0.847168 0.800972 0.898974 0.990770 0.808715 0.745673 0.260758 0.249603 0.735120 0.738262 0.754466 0.770184 0.677399 0.553609 0.904648 0.971177 0.842984 0.872201 0.475960 0.481008 0.860058 0.832916 0.826065 0.798263 0.886626 0.906513 0.682736 0.862725 0.513811 0.612189 0.370035 0.424046 0.546093 0.439991 0.591209 0.715736 0.971243 0.999920 0.863342 0.640188 0.964269 0.894454 0.976971 0.862104 0.887281 0.953851 0.985548 0.812300 0.866119 0.837005 0.919827 0.972410 0.775572 0.726550 0.946323 0.830596 0.898157 0.827287 0.989054 0.701066 0.772196 0.882540 0.853833 0.635433 0.906642 0.934210
0.764275 0.705182 0.000000 0.524629 0.967606 0.795998 0.735792 0.716472 0.598702 0.937382 0.838822 0.690578 0.618779 0.717573 0.663858 0.583211 0.966246 0.932617 0.775330 0.666435 0.833427 0.936542 0.533179 0.624931 0.538480 0.581024 0.902084 0.873415 0.846135 0.753363 0.526993 0.571339 0.722869 0.776020 0.637082 0.930633 0.707834 0.800309 0.808332 0.789634 0.879202 0.887841 0.812190 0.824715 0.977120 0.973952 0.751722 0.772961 0.864755 0.958475 0.939475 0.952738 0.995599 0.912259 0.900816 0.978797 0.864632 0.821303 0.976638 0.788756 0.684007 0.534760 0.963975 0.926078 0.477505 0.515906 0.932009 0.767959 0.765558 0.826953 0.723013 0.745333 0.739410 0.795233 0.893024 0.954113 0.673921 0.794028 0.970244 0.703359 0.838330 0.741163 0.724623 0.753641 0.698629 0.626239 0.906288 0.818842 0.757708 0.803279 0.956896 0.869433 0.905420 0.868839 0.821169 0.940310 0.858600 0.873006 0.939795 0.929223 0.813208 0.931793 0.968469 0.952927 0.865995 0.852980 0.822423 0.982939 0.746974 0.874223 0.936011 0.957555 0.952015 0.877059 0.604279 0.989382
0.619388 0.567479 0.524629 0.000000 0.916733 0.882099 0.791420 0.501621 0.819087 0.967473 0.809674 0.486244 0.666826 0.522747 0.709992 0.546851 0.826850 0.758591 0.692209 0.599665 0.677991 0.868839 0.554409 0.485749 0.538323 0.538056 0.870922 0.962625 0.911174 0.790123 0.615568 0.598498 0.663090 0.756036 0.817954 0.913099 0.650688 0.713828 0.664976 0.834310 0.992158 0.748178 0.965347 0.830338 0.795015 0.888527 0.935010 0.893114 0.756729 0.894975 0.851482 0.878275 0.887275 0.773737 0.937386 0.964217 0.713224 0.658411 0.979971 0.845132 0.808127 0.595343 0.904202 0.742520 0.594757 0.591112 0.972552 0.893131 0.622617 0.691124 0.795469 0.735372 0.857229 0.966161 0.926638 0.988906 0.697124 0.923577 0.767152 0.827121 0.703293 0.636896 0.637148 0.633316 0.730374 0.580118 0.943964 0.942348 0.735008 0.602406 0.917160 0.715085 0.965076 0.855384 0.899057 0.893522 0.991250 0.922135 0.927615 0.960240 0.884591 0.855532 0.846404 0.907497 0.802114 0.754516 0.854093 0.914161 0.868683 0.859745 0.906149 0.794410 0.995902 0.874563 0.760446 0.882805
0.960932 0.879510 0.967606 0.916733 0.000000 0.934382 0.817866 0.928972 0.988543 0.797270 0.939439 0.973745 0.815027 0.911040 0.868687 0.964366 0.991549 0.995027 0.843477 0.836586 0.962774 0.920430 0.782662 0.871737 0.983486 0.818938 0.935148 0.899302 0.942914 0.946955 0.771329 0.927002 0.971152 0.859369 0.758646 0.844316 0.924010 0.768359 0.968802 0.794553 0.875010 0.752467 0.876548 0.889242 0.944220 0.968185 0.870581 0.908397 0.948000 0.983318 0.972906 0.911143 0.978194 0.969304 0.926706 0.880492 0.880637 0.903697 0.759668 0.858314 0.786845 0.941893 0.819373 0.888684 0.973775 0.984024 0.795394 0.801149 0.978545 0.800246 0.908240 0.961630 0.976670 0.908867 0.972296 0.905641 0.992568 0.805744 0.988316 0.994549 0.904124 0.798246 0.970807 0.861326 0.955976 0.988910 0.984084 0.939427 0.907733 0.865305 0.939213 0.973897 0.890551 0.948723 0.892409 0.896037 0.894855 0.933260 0.915202 0.842926 0.964136 0.882799 0.835972 0.872016 0.907008 0.657543 0.922822 0.998843 0.837963 0.989151 0.996323 0.997011 0.901693 0.842666 0.784679 0.915770
0.882346 0.801876 0.795998 0.882099 0.934382 0.000000 0.879736 0.996375 0.778560 0.975141 0.756404 0.917807 0.848031 0.925467 0.655304 0.688830 0.708454 0.699062 0.745657 0.912605 0.946206 0.862277 0.824314 0.731442 0.808105 0.702114 0.851641 0.671161 0.729161 0.863140 0.916806 0.989926 0.847927 0.768638 0.977625 0.838603 0.808021 0.837405 0.876492 0.939568 0.890068 0.993440 0.976755 0.876827 0.806225 0.771399 0.902564 0.819285 0.790353 0.832534 0.872598 0.942118 0.956754 0.974515 0.808848 0.970648 0.643878 0.751636 0.793303 0.923966 0.978722 0.795373 0.742319 0.803045 0.773670 0.718542 0.863542 0.926001 0.999674 0.969387 0.743025 0.844217 0.824629 0.965170 0.925148 0.924576 0.944186 0.917122 0.870273 0.949317 0.763098 0.908765 0.852796 0.807689 0.901732 0.890096 0.994560 0.912172 0.913863 0.989699 0.874662 0.914877 0.900035 0.834244 0.989483 0.944780 0.732337 0.858155 0.962003 0.888318 0.951596 0.973053 0.917370 0.850948 0.992434 0.969982 0.829402 0.987863 0.779040 0.906663 0.969313 0.880292 0.943446 0.884707 0.982525 0.913886
0.830082 0.731503 0.735792 0.791420 0.817866 0.879736 0.000000 0.325453 0.789025 0.468369 0.712461 0.661101 0.760915 0.954806 0.967927 0.937056 0.667998 0.718103 0.583665 0.911957 0.826453 0.986806 0.801997 0.743235 0.744793 0.832137 0.707444 0.508837 0.656107 0.696951 0.577509 0.775638 0.496500 0.400216 0.801390 0.769527 0.848000 0.802439 0.771958 0.805807 0.810687 0.936312 0.460017 0.454890 0.475230 0.447812 0.519280 0.462625 0.582477 0.529296 0.535367 0.516104 0.648680 0.688033 0.973962 0.859963 0.750507 0.712463 0.381042 0.427733 0.339382 0.665908 0.459508 0.452626 0.860459 0.982278 0.322883 0.364317 0.982072 0.991098 0.763046 0.732690 0.948221 0.918699 0.962610 0.834178 0.570654 0.831254 0.645588 0.815448 0.778064 0.919542 0.932751 0.989464 0.935953 0.797320 0.953592 0.731469 0.950844 0.911650 0.754203 0.772764 0.731793 0.843149 0.807420 0.893922 0.854611 0.611460 0.429794 0.478466 0.592723 0.628195 0.574889 0.580574 0.719894 0.726990 0.832629 0.654623 0.840375 0.793626 0.512796 0.644055 0.509501 0.713838 0.529963 0.914874
0.711096 0.622728 0.716472 0.501621 0.928972 0.996375 0.325453 0.000000 0.758711 0.529685 0.736805 0.480974 0.662861 0.678428 0.883395 0.778831 0.660118 0.671707 0.559179 0.756432 0.991643 0.887838 0.674809 0.941357 0.919826 0.969908 0.829804 0.663420 0.733840 0.716606 0.526433 0.711949 0.465053 0.442135 0.825172 0.853173 0.980563 0.937626 0.985022 0.883664 0.880742 0.904054 0.570228 0.486848 0.672729 0.619453 0.576755 0.574008 0.763979 0.678672 0.657870 0.657021 0.707659 0.778679 0.931333 0.812730 0.720196 0.655349 0.509567 0.532254 0.388385 0.485339 0.528975 0.439505 0.981544 0.810748 0.446244 0.462178 0.908553 0.848696 0.659881 0.652047 0.892734 0.985131 0.927309 0.911705 0.578402 0.903322 0.565599 0.837781 0.718508 0.904979 0.792902 0.880775 0.915949 0.966730 0.898229 0.747809 0.901733 0.875566 0.772985 0.914872 0.735840 0.928048 0.806414 0.887338 0.802178 0.639555 0.588378 0.598365 0.708404 0.831922 0.749402 0.596338 0.668600 0.703887 0.792829 0.639733 0.853875 0.759999 0.595705 0.810036 0.594841 0.736916 0.625026 0.923208
0.874602 0.982717 0.598702 0.819087 0.988543 0.778560 0.789025 0.758711 0.000000 0.723569 0.904240 0.917088 0.796145 0.957645 0.707108 0.728970 0.756546 0.748812 0.940125 0.953698 0.999544 0.964947 0.650379 0.898396 0.824698 0.685401 0.997646 0.882340 0.996720 0.899203 0.616982 0.833972 0.883504 0.967709 0.763780 0.995774 0.841993 0.979189 0.978805 0.893487 0.944408 0.989162 0.579340 0.736035 0.838632 0.889184 0.721748 0.858626 0.948584 0.900280 0.824597 0.810011 0.751761 0.723673 0.947246 0.945772 0.865685 0.880696 0.921192 0.931313 0.753601 0.512173 0.790588 0.907028 0.714073 0.648220 0.950589 0.869719 0.838165 0.777018 0.528550 0.544655 0.751999 0.841101 0.933129 0.910916 0.669331 0.746029 0.991786 0.970375 0.811297 0.861725 0.791279 0.823151 0.948738 0.984645 0.835991 0.731434 0.946019 0.999433 0.610031 0.653666 0.688190 0.742401 0.900298 0.920677 0.746810 0.898569 0.676193 0.657320 0.873282 0.804533 0.851910 0.958387 0.800581 0.850892 0.721877 0.809609 0.859337 0.810021 0.824394 0.997620 0.764848 0.824259 0.820636 0.614225
0.951447 0.910928 0.937382 0.967473 0.797270 0.975141 0.468369 0.529685 0.723569 0.000000 0.843221 0.827059 0.826251 0.963215 0.994491 0.903677 0.833323 0.903184 0.782175 0.924240 0.826480 0.938475 0.951656 0.669226 0.627154 0.787075 0.740676 0.632007 0.814334 0.952596 0.717591 0.913888 0.676942 0.706187 0.989761 0.809607 0.876786 0.813864 0.738584 0.869090 0.963448 0.940765 0.493637 0.517644 0.522537 0.526739 0.610132 0.666708 0.539811 0.586366 0.520304 0.532982 0.536990 0.555500 0.965367 0.885175 0.887752 0.874532 0.604705 0.703488 0.553702 0.724853 0.669137 0.642711 0.703458 0.810935 0.539600 0.693467 0.844917 0.909789 0.611037 0.583926 0.946762 0.853985 0.973620 0.879548 0.592083 0.847846 0.777253 0.950971 0.972351 0.719695 0.843856 0.736277 0.833442 0.618611 0.856363 0.657318 0.907195 0.874194 0.552560 0.547709 0.579728 0.623379 0.876471 0.810326 0.711861 0.717228 0.401213 0.483928 0.604405 0.585176 0.503316 0.638884 0.738782 0.840868 0.929830 0.639624 0.910520 0.752490 0.530684 0.648852 0.596395 0.820382 0.836089 0.852039
0.424655 0.524781 0.838822 0.809674 0.939439 0.756404 0.712461 0.736805 0.904240 0.843221 0.000000 0.473617 0.711916 0.706724 0.934631 0.888326 0.376533 0.357736 0.531965 0.436857 0.925960 0.957191 0.958780 0.927089 0.957800 0.986195 0.984801 0.768658 0.410857 0.392756 0.709998 0.728654 0.524386 0.494887 0.974756 0.990917 0.959665 0.801029 0.905522 0.884985 0.832857 0.641740 0.947242 0.833178 0.988830 0.918652 0.786921 0.763920 0.922180 0.905158 0.943437 0.999949 0.853421 0.804598 0.907623 0.987568 0.473243 0.478024 0.678179 0.639359 0.666338 0.877139 0.458888 0.408883 0.860904 0.894470 0.796503 0.818019 0.463595 0.609887 0.933304 0.996578 0.740012 0.655358 0.819595 0.980380 0.802549 0.686398 0.622142 0.807974 0.515936 0.694944 0.578441 0.614470 0.849385 0.887421 0.939411 0.916792 0.881873 0.948976 0.732252 0.686002 0.675099 0.685162 0.999124 0.842073 0.902606 0.740198 0.952468 0.976783 0.987544 0.920750 0.753795 0.608797 0.892778 0.629183 0.946298 0.970978 0.957477 0.802131 0.921918 0.966969 0.899697 0.833290 0.860918 0.827156
0.377169 0.405477 0.690578 0.486244 0.973745 0.917807 0.661101 0.480974 0.917088 0.827059 0.473617 0.000000 0.480572 0.389391 0.691277 0.552909 0.431720 0.370749 0.400967 0.397749 0.826849 0.979801 0.626892 0.767018 0.782516 0.861818 0.977050 0.743924 0.518773 0.452145 0.597129 0.579422 0.411226 0.483337 0.917308 0.995124 0.692730 0.695902 0.788296 0.895861 0.852140 0.688556 0.845146 0.656527 0.955796 0.873703 0.673274 0.717317 0.941324 0.886187 0.943480 0.914742 0.992342 0.969922 0.823524 0.782967 0.474966 0.429949 0.689682 0.705617 0.547475 0.588413 0.522745 0.392173 0.923485 0.867423 0.748837 0.759405 0.481093 0.606886 0.688199 0.659416 0.640881 0.707792 0.828122 0.930512 0.690956 0.800073 0.438902 0.708704 0.416244 0.504515 0.476271 0.511762 0.626482 0.685356 0.962482 0.924514 0.822829 0.673189 0.938103 0.773765 0.914770 0.780616 0.923472 0.873472 0.976556 0.716028 0.843199 0.843963 0.998942 0.937878 0.841463 0.610909 0.747565 0.649154 0.962572 0.793341 0.887506 0.754363 0.913508 0.998662 0.871339 0.785394 0.752218 0.872282
0.583664 0.736291 0.618779 0.666826 0.815027 0.848031 0.760915 0.662861 0.796145 0.826251 0.711916 0.480572 0.000000 0.480919 0.377222 0.468545 0.723099 0.674554 0.608987 0.587843 0.777785 0.939332 0.426340 0.737673 0.794913 0.861880 0.977278 0.820706 0.665556 0.631745 0.567951 0.664030 0.539335 0.671921 0.863443 0.928355 0.770539 0.918880 0.865999 0.878631 0.961463 0.827992 0.805089 0.779735 0.953879 0.906709 0.662193 0.690307 0.992183 0.932173 0.926746 0.811866 0.931836 0.928506 0.776045 0.798388 0.834367 0.750562 0.785616 0.790417 0.532537 0.576365 0.704134 0.654780 0.727143 0.727725 0.814728 0.784896 0.632728 0.749979 0.568493 0.647347 0.583442 0.728314 0.874888 0.957814 0.729519 0.875493 0.689293 0.758065 0.690855 0.661916 0.670826 0.687389 0.514400 0.619892 0.909613 0.908159 0.678407 0.665359 0.986687 0.919188 0.910497 0.883122 0.913763 0.800132 0.757425 0.849288 0.803943 0.818519 0.902859 0.837023 0.940951 0.730862 0.804055 0.709130 0.962973 0.916930 0.713483 0.932478 0.959868 0.975145 0.908319 0.881459 0.669326 0.970923
0.489559 0.574152 0.717573 0.522747 0.911040 0.925467 0.954806 0.678428 0.957645 0.963215 0.706724 0.389391 0.480919 0.000000 0.539003 0.370383 0.603056 0.550411 0.591953 0.456062 0.752935 0.918692 0.568929 0.569132 0.672713 0.727329 0.945247 0.996211 0.692584 0.574102 0.714602 0.598594 0.539852 0.754703 0.929670 0.977263 0.598073 0.665838 0.658948 0.748471 0.880942 0.690296 0.992165 0.865547 0.909216 0.948448 0.839365 0.908706 0.894860 0.934414 0.996160 0.991648 0.944729 0.991057 0.812680 0.857276 0.674780 0.626707 0.968288 0.977438 0.736813 0.549229 0.762364 0.614887 0.797937 0.729558 0.966737 0.933055 0.553094 0.603326 0.639169 0.698733 0.637975 0.900743 0.814590 0.863689 0.828370 0.941476 0.616608 0.741165 0.482241 0.487919 0.460397 0.524906 0.514876 0.505739 0.874734 0.928251 0.700532 0.618191 0.949245 0.747068 0.882087 0.768195 0.998770 0.906799 0.904106 0.898873 0.996268 0.935057 0.856329 0.957947 0.933240 0.681764 0.940566 0.753708 0.937537 0.903422 0.879195 0.852699 0.943787 0.923438 0.968240 0.844958 0.942431 0.893730
0.781626 0.936649 0.663858 0.709992 0.868687 0.655304 0.967927 0.883395 0.707108 0.994491 0.934631 0.691277 0.377222 0.539003 0.000000 0.380461 0.928951 0.916247 0.815875 0.747000 0.737014 0.868759 0.433166 0.611612 0.688922 0.777216 0.912239 0.982495 0.832574 0.741912 0.635123 0.708145 0.717816 0.944730 0.868511 0.909394 0.659673 0.931777 0.847732 0.803366 0.971950 0.919960 0.945957 0.931206 0.861336 0.879470 0.812901 0.848980 0.831420 0.868010 0.951364 0.942564 0.989544 0.991839 0.816829 0.910616 0.963558 0.975430 0.941730 0.986695 0.754510 0.669238 0.955970 0.901245 0.651491 0.651150 0.957681 0.981462 0.730678 0.920700 0.540456 0.694184 0.617624 0.860400 0.898602 0.883146 0.838781 0.872346 0.874593 0.801548 0.853171 0.794310 0.770030 0.850955 0.545303 0.583357 0.974427 0.980479 0.699448 0.799575 0.956170 0.894345 0.825331 0.864060 0.979575 0.973053 0.833819 0.922245 0.997569 0.982071 0.780808 0.978671 0.914048 0.903555 0.886698 0.734775 0.916324 0.988009 0.710515 0.905773 0.894523 0.874416 0.866544 0.991192 0.800495 0.966396
0.715887 0.785269 0.583211 0.546851 0.964366 0.688830 0.937056 0.778831 0.728970 0.903677 0.888326 0.552909 0.468545 0.370383 0.380461 0.000000 0.915596 0.861316 0.757603 0.617922 0.710952 0.916344 0.393800 0.409073 0.528620 0.594877 0.908120 0.952526 0.864694 0.719330 0.585330 0.567682 0.714724 0.910157 0.822421 0.887235 0.601120 0.788837 0.621197 0.791584 0.993795 0.800137 0.955555 0.937550 0.823687 0.851888 0.817792 0.950390 0.737692 0.786845 0.884138 0.942958 0.999687 0.962594 0.804414 0.949247 0.962405 0.923977 0.892917 0.974512 0.769909 0.480520 0.960935 0.887268 0.552869 0.461301 0.945580 0.909777 0.749272 0.774984 0.546948 0.683079 0.540522 0.856034 0.929932 0.870252 0.913248 0.903047 0.771097 0.769640 0.756451 0.627846 0.597325 0.703301 0.516037 0.420346 0.977170 0.945404 0.707509 0.650215 0.932477 0.764713 0.846107 0.761601 0.968949 0.968824 0.853791 0.993638 0.910903 0.944721 0.759869 0.933821 0.817755 0.932839 0.959290 0.792135 0.921110 0.970845 0.812895 0.904675 0.905951 0.755501 0.862705 0.975806 0.825434 0.948764
0.401700 0.464578 0.966246 0.826850 0.991549 0.708454 0.667998 0.660118 0.756546 0.833323 0.376533 0.431720 0.723099 0.603056 0.928951 0.915596 0.000000 0.250906 0.445436 0.448104 0.978944 0.947787 0.995061 0.879030 0.904454 0.775855 0.903556 0.723091 0.369714 0.343235 0.823124 0.797989 0.426228 0.453807 0.941293 0.880302 0.896944 0.840874 0.954258 0.930936 0.806397 0.713790 0.918365 0.661670 0.805337 0.726689 0.687423 0.676847 0.710345 0.685823 0.827904 0.772640 0.932467 0.990288 0.888273 0.763883 0.385233 0.367643 0.548092 0.670658 0.613111 0.926209 0.326086 0.278528 0.712705 0.739969 0.647033 0.772633 0.514711 0.578269 0.934103 0.962129 0.813801 0.778260 0.803339 0.995630 0.797697 0.837309 0.439831 0.704927 0.333948 0.625019 0.553843 0.577923 0.794629 0.913725 0.978706 0.972526 0.975367 0.885888 0.830077 0.761510 0.788211 0.732908 0.930958 0.789105 0.937858 0.684531 0.815906 0.861324 0.930812 0.966733 0.713439 0.476372 0.868612 0.723166 0.943979 0.853207 0.940715 0.738146 0.911257 0.859260 0.831767 0.789394 0.855125 0.744820
0.341640 0.403699 0.932617 0.758591 0.995027 0.699062 0.718103 0.671707 0.748812 0.903184 0.357736 0.370749 0.674554 0.550411 0.916247 0.861316 0.250906 0.000000 0.359169 0.366348 0.961250 0.928047 0.910125 0.991849 0.989753 0.870847 0.970968 0.759852 0.379595 0.365888 0.827391 0.765413 0.426420 0.422570 0.960628 0.942092 0.855465 0.733674 0.892178 0.869862 0.857676 0.652917 0.978110 0.699711 0.888281 0.791861 0.753959 0.684025 0.794121 0.788047 0.919303 0.878367 0.971853 0.917464 0.920983 0.802871 0.331617 0.328793 0.586181 0.700556 0.654435 0.919125 0.363695 0.315367 0.806608 0.809246 0.707720 0.807051 0.448794 0.543821 0.944761 0.976278 0.812783 0.783143 0.763934 0.976432 0.877137 0.840603 0.451486 0.740640 0.341441 0.522196 0.476974 0.445244 0.719041 0.805664 0.956192 0.974395 0.998136 0.799666 0.789373 0.689606 0.734574 0.676649 0.932689 0.870256 0.860279 0.695572 0.898879 0.911495 0.967603 0.972179 0.762016 0.518215 0.854048 0.692409 0.924125 0.878626 0.996995 0.787936 0.916001 0.887541 0.883731 0.711837 0.875507 0.787548
0.482369 0.444287 0.775330 0.692209 0.843477 0.745657 0.583665 0.559179 0.940125 0.782175 0.531965 0.400967 0.608987 0.591953 0.815875 0.757603 0.445436 0.359169 0.000000 0.465353 0.987294 0.961242 0.652694 0.949495 0.947746 0.907311 0.944738 0.647774 0.450890 0.480416 0.666498 0.681765 0.409172 0.411583 0.867094 0.801925 0.776154 0.793067 0.950626 0.962897 0.930124 0.773019 0.656712 0.522165 0.725643 0.648760 0.564149 0.555440 0.707051 0.694432 0.782547 0.726688 0.906063 0.918255 0.963554 0.868311 0.422153 0.428771 0.549043 0.637324 0.533185 0.756040 0.471050 0.413352 0.946088 0.982942 0.603068 0.632781 0.653519 0.723607 0.772621 0.810346 0.840038 0.750573 0.840282 0.933075 0.774775 0.752723 0.540771 0.774196 0.508272 0.649747 0.610944 0.531191 0.675939 0.783565 0.979473 0.961108 0.887633 0.802949 0.945879 0.859033 0.856416 0.785776 0.895841 0.884116 0.922660 0.676359 0.736779 0.663207 0.972877 0.831122 0.711232 0.529043 0.843782 0.679498 0.997317 0.889493 0.943902 0.704434 0.807336 0.793878 0.749421 0.612054 0.718689 0.965449
0.349529 0.380594 0.666435 0.599665 0.836586 0.912605 0.911957 0.756432 0.953698 0.924240 0.436857 0.397749 0.587843 0.456062 0.747000 0.617922 0.448104 0.366348 0.465353 0.000000 0.801416 0.966023 0.755867 0.697685 0.711479 0.800313 0.843153 0.844134 0.549087 0.498610 0.788113 0.750662 0.573164 0.631444 0.894684 0.981342 0.633981 0.553785 0.717291 0.731233 0.844682 0.529336 0.957434 0.850617 0.892370 0.984888 0.837701 0.839781 0.964153 0.949429 0.882837 0.946517 0.850403 0.774114 0.847866 0.873601 0.413704 0.387125 0.870286 0.816427 0.799041 0.747921 0.683888 0.569656 0.840653 0.896940 0.973092 0.960526 0.386286 0.427012 0.863470 0.952626 0.680963 0.728060 0.720346 0.924641 0.793625 0.878036 0.623930 0.697345 0.466579 0.413848 0.490066 0.354143 0.543050 0.560114 0.942076 0.986415 0.832872 0.630851 0.785292 0.636722 0.714183 0.664096 0.911644 0.931678 0.916628 0.802519 0.938832 0.968410 0.759751 0.921950 0.998876 0.777899 0.939387 0.808909 0.943318 0.969385 0.912936 0.755013 0.986751 0.932279 0.959009 0.766787 0.954551 0.795758
0.830724 0.925473 0.833427 0.677991 0.962774 0.946206 0.826453 0.991643 0.999544 0.826480 0.925960 0.826849 0.777785 0.752935 0.737014 0.710952 0.978944 0.961250 0.987294 0.801416 0.000000 0.863044 0.761528 0.677166 0.682341 0.805494 0.899474 0.853565 0.979751 0.917959 0.831163 0.714275 0.934010 0.976236 0.917858 0.916536 0.819028 0.870838 0.859779 0.842582 0.880321 0.921249 0.793656 0.913414 0.749723 0.803883 0.899610 0.912770 0.707013 0.776388 0.792793 0.778404 0.841165 0.811130 0.878043 0.903119 0.987458 0.960657 0.794519 0.867638 0.908210 0.935607 0.939474 0.985692 0.816196 0.796744 0.801062 0.836257 0.761152 0.858188 0.950343 0.959215 0.997176 0.945846 0.953295 0.944724 0.896128 0.963962 0.946970 0.976948 0.936360 0.840509 0.836206 0.889562 0.872774 0.712241 0.901291 0.976104 0.843840 0.757592 0.866038 0.745231 0.847283 0.867124 0.952991 0.983223 0.906872 0.948792 0.776736 0.800161 0.807994 0.832960 0.811983 0.930488 0.920480 0.980849 0.902106 0.944297 0.973358 0.978881 0.790134 0.713026 0.672635 0.915902 0.882005 0.969214
0.967932 0.940285 0.936542 0.868839 0.920430 0.862277 0.986806 0.887838 0.964947 0.938475 0.957191 0.979801 0.939332 0.918692 0.868759 0.916344 0.947787 0.928047 0.961242 0.966023 0.863044 0.000000 0.997152 0.955579 0.967132 0.954585 0.818089 0.928710 0.898302 0.975557 0.901604 0.951931 0.974677 0.937277 0.865094 0.867707 0.951735 0.834607 0.874613 0.781825 0.873641 0.898417 0.985114 0.895658 0.988481 0.960528 0.972061 0.968628 0.978464 0.900464 0.902382 0.933211 0.901115 0.927556 0.897116 0.856627 0.972646 0.978939 0.923182 0.940429 0.976529 0.989160 0.986233 0.966647 0.956816 0.960097 0.905989 0.924113 0.997894 0.894710 0.954053 0.924623 0.874931 0.767823 0.835405 0.991621 0.949554 0.970043 0.981545 0.985712 0.996330 0.980790 0.961664 0.972401 0.911923 0.986739 0.918148 0.900812 0.933369 0.956363 0.913692 0.962577 0.918871 0.997033 0.948301 0.894123 0.786510 0.998493 0.968051 0.980215 0.974952 0.951905 0.936640 0.960800 0.903680 0.963433 0.844489 0.851488 0.979640 0.932855 0.985656 0.845585 0.969452 0.920022 0.865977 0.952429
0.847310 0.895437 0.533179 0.554409 0.782662 0.824314 0.801997 0.674809 0.650379 0.951656 0.958780 0.626892 0.426340 0.568929 0.433166 0.393800 0.995061 0.910125 0.652694 0.755867 0.761528 0.997152 0.000000 0.538894 0.622803 0.721885 0.956759 0.905680 0.847160 0.768021 0.475936 0.510926 0.689785 0.827043 0.842468 0.959016 0.744440 0.908595 0.889753 0.941546 0.910987 0.937981 0.783594 0.808079 0.941361 0.946974 0.744553 0.819573 0.793228 0.824699 0.943695 0.987576 0.989563 0.994965 0.988405 0.966824 0.999454 0.976074 0.950970 0.916990 0.643626 0.542451 0.951386 0.867628 0.577219 0.503148 0.864275 0.766332 0.868011 0.933648 0.560561 0.620226 0.593082 0.841366 0.937005 0.974272 0.820932 0.806718 0.874860 0.847234 0.933091 0.830007 0.708493 0.790348 0.610717 0.562419 0.979404 0.942292 0.703852 0.694433 0.980695 0.863993 0.893726 0.931655 0.875773 0.981423 0.887841 0.918197 0.910907 0.832087 0.885917 0.905563 0.910191 0.918650 0.833049 0.717668 0.923394 0.915444 0.746138 0.992736 0.911484 0.900158 0.936432 0.953907 0.567225 0.960941
0.817707 0.862556 0.624931 0.485749 0.871737 0.731442 0.743235 0.941357 0.898396 0.669226 0.927089 0.767018 0.737673 0.569132 0.611612 0.409073 0.879030 0.991849 0.949495 0.697685 0.677166 0.955579 0.538894 0.000000 0.381171 0.471231 0.755231 0.779882 0.892651 0.949883 0.790229 0.691112 0.992856 0.903133 0.796037 0.831162 0.650582 0.710427 0.548559 0.687604 0.998875 0.817966 0.828664 0.880645 0.620924 0.660007 0.914401 0.898198 0.537800 0.626523 0.657665 0.689547 0.791553 0.678338 0.981418 0.941285 0.997578 0.973759 0.735689 0.898737 0.922689 0.677675 0.752100 0.867648 0.443258 0.440605 0.763355 0.924135 0.751054 0.811667 0.867065 0.918071 0.814180 0.942655 0.905498 0.959733 0.973136 0.996505 0.985076 0.847762 0.940144 0.658377 0.681319 0.737326 0.640542 0.372867 0.996042 0.894059 0.646346 0.577736 0.767887 0.600396 0.767515 0.722889 0.994782 0.868280 0.985951 0.867526 0.656816 0.748853 0.628434 0.715294 0.662008 0.861227 0.965781 0.925893 0.967481 0.841067 0.897146 0.984008 0.844041 0.598547 0.700350 0.953867 0.921344 0.928825
0.773911 0.771844 0.538480 0.538323 0.983486 0.808105 0.744793 0.919826 0.824698 0.627154 0.957800 0.782516 0.794913 0.672713 0.688922 0.528620 0.904454 0.989753 0.947746 0.711479 0.682341 0.967132 0.622803 0.381171 0.000000 0.409979 0.695448 0.710896 0.938519 0.944516 0.755791 0.640141 0.982792 0.905437 0.833408 0.809253 0.642376 0.591713 0.566554 0.676336 0.992532 0.809416 0.827386 0.838888 0.578881 0.615173 0.907782 0.846692 0.527713 0.651223 0.572842 0.623881 0.707230 0.606464 0.963579 0.900968 0.903808 0.923939 0.710318 0.932878 0.875863 0.780360 0.700044 0.836958 0.411451 0.519848 0.675861 0.846514 0.636521 0.799378 0.907919 0.912397 0.717929 0.771582 0.989083 0.998171 0.934224 0.847741 0.946788 0.846372 0.891952 0.653999 0.701500 0.716791 0.651784 0.410944 0.969361 0.915108 0.683250 0.632190 0.691447 0.608816 0.692346 0.725689 0.986527 0.893577 0.901752 0.871662 0.652329 0.694413 0.628915 0.745524 0.724979 0.812638 0.915414 0.897065 0.905685 0.767370 0.906928 0.947277 0.831872 0.559534 0.727297 0.885905 0.886186 0.984989
0.864995 0.839568 0.581024 0.538056 0.818938 0.702114 0.832137 0.969908 0.685401 0.787075 0.986195 0.861818 0.861880 0.727329 0.777216 0.594877 0.775855 0.870847 0.907311 0.800313 0.805494 0.954585 0.721885 0.471231 0.409979 0.000000 0.813259 0.761224 0.865457 0.897901 0.824024 0.809501 0.922381 0.849796 0.778478 0.717605 0.711931 0.634414 0.583262 0.826454 0.928604 0.762006 0.892473 0.819637 0.647187 0.659690 0.860945 0.831019 0.608576 0.708073 0.693749 0.701171 0.838772 0.742880 0.965530 0.937204 0.962747 0.995600 0.660285 0.887273 0.887960 0.676172 0.649997 0.791375 0.451976 0.521041 0.691233 0.844045 0.770469 0.846949 0.808002 0.803647 0.770923 0.916123 0.951685 0.963716 0.900190 0.989889 0.898537 0.875208 0.971990 0.746622 0.858665 0.827698 0.754172 0.589406 0.969574 0.942893 0.723939 0.674016 0.935339 0.846215 0.967021 0.986140 0.916517 0.879763 0.915689 0.879395 0.797903 0.749779 0.802581 0.905905 0.814752 0.840134 0.989467 0.889678 0.873775 0.942882 0.923560 0.973437 0.931005 0.672545 0.856922 0.930592 0.983841 0.942482
0.938308 0.937370 0.902084 0.870922 0.935148 0.851641 0.707444 0.829804 0.997646 0.740676 0.984801 0.977050 0.977278 0.945247 0.912239 0.908120 0.903556 0.970968 0.944738 0.843153 0.899474 0.818089 0.956759 0.755231 0.695448 0.813259 0.000000 0.715142 0.869326 0.903671 0.914986 0.937955 0.806213 0.845803 0.983818 0.861969 0.837778 0.715081 0.906261 0.766552 0.851658 0.779772 0.773114 0.860158 0.659597 0.703590 0.896701 0.835832 0.775550 0.830082 0.668811 0.727055 0.675424 0.643705 0.994987 0.942379 0.960039 0.946632 0.789800 0.838230 0.721798 0.847374 0.805074 0.815545 0.798055 0.975310 0.671210 0.689142 0.787724 0.837852 0.888492 0.916239 0.992948 0.996205 0.933157 0.955800 0.855455 0.981979 0.923097 0.956510 0.904440 0.820160 0.874450 0.788029 0.881513 0.789464 0.895775 0.692470 0.918665 0.693439 0.796071 0.845954 0.791904 0.942553 0.857382 0.939715 0.988236 0.978643 0.701729 0.825337 0.696763 0.780858 0.900348 0.775288 0.953846 0.982306 0.874412 0.818419 0.937657 0.884978 0.801054 0.820216 0.822098 0.853469 0.901009 0.904371
0.865281 0.786936 0.873415 0.962625 0.899302 0.671161 0.508837 0.663420 0.882340 0.632007 0.768658 0.743924 0.820706 0.996211 0.982495 0.952526 0.723091 0.759852 0.647774 0.844134 0.853565 0.928710 0.905680 0.779882 0.710896 0.761224 0.715142 0.000000 0.662546 0.769622 0.825357 0.929358 0.644572 0.595620 0.769184 0.857554 0.894359 0.912120 0.765482 0.884337 0.892573 0.871770 0.623696 0.620239 0.569923 0.558097 0.563943 0.538041 0.602683 0.628954 0.620014 0.600717 0.779989 0.779408 0.900628 0.861834 0.753742 0.753000 0.513535 0.578948 0.512491 0.785498 0.593563 0.651814 0.890150 0.962108 0.532667 0.585589 0.910108 0.947710 0.894921 0.906274 0.928329 0.948801 0.908665 0.944818 0.729791 0.851201 0.796234 0.783043 0.795982 0.991610 0.947548 0.918229 0.943187 0.896978 0.975974 0.848200 0.930654 0.885064 0.894582 0.895009 0.896235 0.942833 0.951010 0.974262 0.956167 0.689829 0.621127 0.570236 0.880891 0.752778 0.730126 0.729290 0.814234 0.955567 0.892598 0.838376 0.829071 0.922794 0.766532 0.770952 0.764771 0.819938 0.800619 0.885357
0.527382 0.588251 0.846135 0.911174 0.942914 0.729161 0.656107 0.733840 0.996720 0.814334 0.410857 0.518773 0.665556 0.692584 0.832574 0.864694 0.369714 0.379595 0.450890 0.549087 0.979751 0.898302 0.847160 0.892651 0.938519 0.865457 0.869326 0.662546 0.000000 0.303406 0.663237 0.696836 0.441505 0.443415 0.981786 0.924178 0.976245 0.840336 0.995348 0.940520 0.958343 0.821864 0.868401 0.714712 0.755264 0.714220 0.644100 0.575378 0.759993 0.742336 0.806434 0.724693 0.915670 0.926775 0.967348 0.919975 0.524997 0.525858 0.585403 0.610783 0.526120 0.818960 0.411231 0.386054 0.815844 0.905267 0.660933 0.693300 0.596158 0.768185 0.829797 0.964774 0.685953 0.652325 0.836386 0.994034 0.850144 0.747667 0.574783 0.822271 0.479867 0.740660 0.583571 0.687615 0.812389 0.918220 0.967741 0.923407 0.964342 0.971174 0.797685 0.785506 0.729772 0.723863 0.902413 0.825084 0.955119 0.665522 0.797162 0.812851 0.941081 0.885602 0.660320 0.542449 0.831773 0.646443 0.961934 0.871688 0.892827 0.833599 0.937300 0.859284 0.766653 0.736131 0.788031 0.841992
0.504490 0.635123 0.753363 0.790123 0.946955 0.863140 0.696951 0.716606 0.899203 0.952596 0.392756 0.452145 0.631745 0.574102 0.741912 0.719330 0.343235 0.365888 0.480416 0.498610 0.917959 0.975557 0.768021 0.949883 0.944516 0.897901 0.903671 0.769622 0.303406 0.000000 0.601553 0.583416 0.428571 0.460824 0.922215 0.905261 0.907777 0.872634 0.928467 0.858917 0.934224 0.801706 0.990920 0.796330 0.935311 0.866913 0.699080 0.690695 0.953785 0.903797 0.986538 0.887324 0.959979 0.921992 0.880424 0.917252 0.592341 0.580594 0.644051 0.651660 0.531264 0.798947 0.399903 0.352183 0.877124 0.985130 0.687550 0.688147 0.525051 0.727476 0.862057 0.990149 0.675833 0.657948 0.707163 0.988446 0.859373 0.728373 0.555105 0.738925 0.436319 0.688013 0.497649 0.630648 0.810181 0.814852 0.994979 0.956614 0.952884 0.974289 0.686521 0.608777 0.598261 0.581009 0.977763 0.831625 0.899736 0.695977 0.953071 0.966569 0.990847 0.996427 0.809627 0.543796 0.838629 0.614975 0.954131 0.944540 0.842840 0.832621 0.955746 0.965694 0.926966 0.886538 0.733637 0.782436
0.859044 0.818425 0.526993 0.615568 0.771329 0.916806 0.577509 0.526433 0.616982 0.717591 0.709998 0.597129 0.567951 0.714602 0.635123 0.585330 0.823124 0.827391 0.666498 0.788113 0.831163 0.901604 0.475936 0.790229 0.755791 0.824024 0.914986 0.825357 0.663237 0.601553 0.000000 0.422103 0.527132 0.578071 0.896647 0.815135 0.938469 0.962779 0.924690 0.954872 0.899046 0.891822 0.680274 0.666143 0.867990 0.831193 0.690930 0.657994 0.943466 0.964972 0.895995 0.869341 0.851735 0.889745 0.956089 0.976350 0.930697 0.921955 0.781085 0.697157 0.476187 0.490504 0.739590 0.633460 0.805237 0.635586 0.688836 0.561198 0.893833 0.961142 0.605403 0.657557 0.671481 0.759680 0.856348 0.890297 0.706672 0.576872 0.707017 0.871805 0.803530 0.948011 0.753712 0.947030 0.885142 0.817577 0.835906 0.756335 0.829028 0.955101 0.982967 0.906210 0.932882 0.893632 0.870305 0.809296 0.903659 0.711928 0.806987 0.755055 0.855131 0.844899 0.861429 0.735848 0.734030 0.654307 0.773135 0.763096 0.748675 0.854176 0.765992 0.980286 0.887352 0.883026 0.531263 0.994516
0.818539 0.803715 0.571339 0.598498 0.927002 0.989926 0.775638 0.711949 0.833972 0.913888 0.728654 0.579422 0.664030 0.598594 0.708145 0.567682 0.797989 0.765413 0.681765 0.750662 0.714275 0.951931 0.510926 0.691112 0.640141 0.809501 0.937955 0.929358 0.696836 0.583416 0.422103 0.000000 0.563935 0.701583 0.932487 0.993940 0.871438 0.767240 0.900217 0.819225 0.973536 0.857606 0.869262 0.771082 0.983211 0.956051 0.758631 0.876747 0.871735 0.876993 0.990581 0.984037 0.969670 0.995679 0.916960 0.914953 0.822713 0.909801 0.939693 0.907181 0.685670 0.650221 0.801392 0.706809 0.857800 0.727580 0.864043 0.785394 0.809455 0.928930 0.779699 0.687300 0.784149 0.773560 0.951853 0.963329 0.761275 0.627570 0.788729 0.892896 0.769598 0.906280 0.635591 0.800372 0.917090 0.755744 0.816080 0.741714 0.860856 0.907474 0.870340 0.729212 0.789841 0.807282 0.985140 0.862106 0.940903 0.770697 0.970703 0.989560 0.986838 0.903065 0.939325 0.775448 0.895458 0.726981 0.995909 0.857251 0.869953 0.927406 0.861740 0.882074 0.982006 0.892443 0.575815 0.895535
0.503461 0.542026 0.722869 0.663090 0.971152 0.847927 0.496500 0.465053 0.883504 0.676942 0.524386 0.411226 0.539335 0.539852 0.717816 0.714724 0.426228 0.426420 0.409172 0.573164 0.934010 0.974677 0.689785 0.992856 0.982792 0.922381 0.806213 0.644572 0.441505 0.428571 0.527132 0.563935 0.000000 0.382280 0.798293 0.842118 0.890586 0.887080 0.982131 0.944786 0.991100 0.775813 0.697603 0.500055 0.644662 0.586372 0.564199 0.507090 0.699438 0.638895 0.638834 0.600256 0.720816 0.775296 0.906131 0.795994 0.532475 0.521236 0.527439 0.623691 0.385203 0.620033 0.393216 0.335498 0.939399 0.981382 0.506269 0.554090 0.692194 0.755504 0.693341 0.709704 0.774040 0.830216 0.778677 0.977002 0.743396 0.669283 0.484686 0.677240 0.439859 0.696129 0.550530 0.650210 0.749701 0.845584 0.979569 0.803465 0.900873 0.885001 0.951591 0.928132 0.985211 0.849728 0.907708 0.805736 0.989739 0.596954 0.617800 0.672381 0.909254 0.833678 0.679919 0.428885 0.789826 0.669217 0.959804 0.746451 0.842220 0.774596 0.687744 0.815823 0.750620 0.615256 0.599641 0.915362
0.562855 0.545006 0.776020 0.756036 0.859369 0.768638 0.400216 0.442135 0.967709 0.706187 0.494887 0.483337 0.671921 0.754703 0.944730 0.910157 0.453807 0.422570 0.411583 0.631444 0.976236 0.937277 0.827043 0.903133 0.905437 0.849796 0.845803 0.595620 0.443415 0.460824 0.578071 0.701583 0.382280 0.000000 0.875476 0.760712 0.917746 0.992942 0.963718 0.955816 0.876366 0.899849 0.690272 0.507811 0.590230 0.518698 0.542232 0.423208 0.651680 0.612417 0.675700 0.620926 0.811567 0.879000 0.919261 0.818620 0.551611 0.533008 0.373630 0.418971 0.364468 0.713335 0.339691 0.342649 0.886543 0.992885 0.398748 0.408593 0.763532 0.829706 0.915895 0.934776 0.919226 0.834276 0.847764 0.907474 0.739440 0.702321 0.504815 0.729279 0.550531 0.814104 0.684016 0.718026 0.919674 0.937438 0.912162 0.825217 0.982787 0.967898 0.931356 0.900319 0.921767 0.787285 0.887192 0.874186 0.959622 0.550537 0.671272 0.626089 0.796185 0.852263 0.591353 0.479559 0.772877 0.614810 0.944921 0.849943 0.906589 0.784009 0.702184 0.830558 0.758050 0.646849 0.573359 0.866627
0.864049 0.860852 0.637082 0.817954 0.758646 0.977625 0.801390 0.825172 0.763780 0.989761 0.974756 0.917308 0.863443 0.929670 0.868511 0.822421 0.941293 0.960628 0.867094 0.894684 0.917858 0.865094 0.842468 0.796037 0.833408 0.778478 0.983818 0.769184 0.981786 0.922215 0.896647 0.932487 0.798293 0.875476 0.000000 0.967621 0.991527 0.925212 0.975854 0.834959 0.743533 0.971674 0.815148 0.863169 0.856180 0.818793 0.761767 0.709440 0.932675 0.779739 0.859834 0.808549 0.920551 0.950759 0.891614 0.871826 0.897133 0.904570 0.895185 0.734804 0.757406 0.742973 0.989964 0.995348 0.713969 0.766676 0.813311 0.748286 0.982512 0.928730 0.854789 0.969533 0.973454 0.934005 0.952807 0.880604 0.813793 0.955426 0.972939 0.844619 0.933004 0.862008 0.888368 0.884685 0.827763 0.813921 0.956844 0.976738 0.943674 0.856980 0.957649 0.976569 0.951670 0.925838 0.991352 0.925215 0.964510 0.940532 0.860314 0.854306 0.786987 0.917482 0.917966 0.960552 0.929337 0.956663 0.965545 0.919909 0.999551 0.976100 0.939920 0.984165 0.848284 0.844789 0.843694 0.996100
0.947673 0.968315 0.930633 0.913099 0.844316 0.838603 0.769527 0.853173 0.995774 0.809607 0.990917 0.995124 0.928355 0.977263 0.909394 0.887235 0.880302 0.942092 0.801925 0.981342 0.916536 0.867707 0.959016 0.831162 0.809253 0.717605 0.861969 0.857554 0.924178 0.905261 0.815135 0.993940 0.842118 0.760712 0.967621 0.000000 0.973553 0.878027 0.961013 0.929824 0.845906 0.973344 0.713389 0.729992 0.662359 0.681472 0.788361 0.736353 0.730789 0.735756 0.712978 0.760773 0.716278 0.754890 0.994961 0.987683 0.957219 0.917201 0.700814 0.829585 0.772473 0.891968 0.811084 0.810812 0.850334 0.917345 0.703174 0.693811 0.864643 0.975171 0.977932 0.997368 0.897229 0.946248 0.915456 0.970122 0.802361 0.843183 0.840636 0.886976 0.900185 0.913370 0.968736 0.936346 0.951249 0.921779 0.934146 0.996881 0.947039 0.986931 0.913908 0.822930 0.913011 0.997103 0.887710 0.975225 0.941545 0.835497 0.738479 0.653552 0.804826 0.935204 0.803192 0.783443 0.971096 0.918525 0.939198 0.815710 0.869717 0.892353 0.832742 0.686800 0.956804 0.877234 0.913436 0.991771
0.690788 0.653181 0.707834 0.650688 0.924010 0.808021 0.848000 0.980563 0.841993 0.876786 0.959665 0.692730 0.770539 0.598073 0.659673 0.601120 0.896944 0.855465 0.776154 0.633981 0.819028 0.951735 0.744440 0.650582 0.642376 0.711931 0.837778 0.894359 0.976245 0.907777 0.938469 0.871438 0.890586 0.917746 0.991527 0.973553 0.000000 0.655234 0.712395 0.789481 0.731635 0.822821 0.942248 0.915767 0.812100 0.870475 0.945536 0.946070 0.905038 0.928453 0.866766 0.923188 0.995503 0.948246 0.819467 0.967912 0.743506 0.692386 0.786754 0.855216 0.923834 0.769048 0.824687 0.984864 0.687553 0.814565 0.731119 0.835487 0.638044 0.689506 0.791007 0.712746 0.759275 0.857882 0.994722 0.981759 0.853733 0.940321 0.851332 0.762506 0.730501 0.596191 0.786778 0.670222 0.566882 0.619025 0.953858 0.983306 0.730083 0.645468 0.936536 0.968561 0.944340 0.989268 0.968659 0.754475 0.929911 0.909100 0.961915 0.977958 0.730516 0.915688 0.925865 0.979968 0.961645 0.985621 0.995856 0.954911 0.792436 0.880949 0.894703 0.968325 0.866169 0.924407 0.927233 0.988753
0.626557 0.560197 0.800309 0.713828 0.768359 0.837405 0.802439 0.937626 0.979189 0.813864 0.801029 0.695902 0.918880 0.665838 0.931777 0.788837 0.840874 0.733674 0.793067 0.553785 0.870838 0.834607 0.908595 0.710427 0.591713 0.634414 0.715081 0.912120 0.840336 0.872634 0.962779 0.767240 0.887080 0.992942 0.925212 0.878027 0.655234 0.000000 0.675837 0.648303 0.757339 0.611830 0.872871 0.995123 0.790144 0.843727 0.993620 0.956279 0.891462 0.923070 0.843741 0.810989 0.883080 0.795035 0.930172 0.866524 0.557367 0.624490 0.775866 0.890412 0.828515 0.916310 0.921763 0.975483 0.723235 0.915045 0.702315 0.742367 0.612090 0.669268 0.997416 0.880646 0.832715 0.881390 0.840354 0.997035 0.969120 0.931172 0.832852 0.916270 0.665801 0.524242 0.621549 0.466664 0.639422 0.667825 0.935454 0.826098 0.779282 0.608019 0.892663 0.788173 0.838039 0.882616 0.942508 0.988729 0.954099 0.933272 0.832197 0.797359 0.755503 0.863842 0.990966 0.974086 0.938788 0.938880 0.984905 0.938982 0.890757 0.879551 0.929104 0.920630 0.852302 0.793864 0.902445 0.909529
