0.000000 0.259497 0.707889 0.455204 0.762667 0.776528 0.771267 0.677610 0.950354 0.881749 0.354863 0.355345 0.307908 0.385742 0.506365 0.457340 0.322352 0.372635 0.435110 0.429380 0.683333 0.935942 0.719877 0.637727 0.722396 0.899661 0.764188 0.880779 0.483098 0.536441 0.962302 0.954801 0.527065 0.595194 0.938128 0.673053 0.583092 0.667183 0.609575 0.675115 0.780332 0.729385 0.751333 0.687038 0.787336 0.663957 0.405333 0.420398 0.405138 0.400056 0.637697 0.560776 0.901552 0.852321 0.505011 0.504001 0.290203 0.214816 0.299553 0.301769 0.364033 0.461785 0.313426 0.323508 0.544352 0.341433 0.884791 0.868533 0.414627 0.394266 0.871919 0.920470 0.854414 0.729629 0.700704 0.830725 0.657822 0.733067 0.411582 0.524059 0.289458 0.331490 0.552245 0.393628 0.465451 0.457888 0.931961 0.977669 0.522186 0.459064 0.985425 0.993803 0.904289 0.995006 0.794863 0.803384 0.789263 0.923792 0.682154 0.763289 0.978568 0.964688 0.864678 0.852866 0.584544 0.616734 0.891236 0.977157 0.877144 0.899332 0.930931 0.618539 0.812032 0.954543 0.778154 0.967347
0.259497 0.000000 0.687534 0.384676 0.842639 0.681922 0.615208 0.563903 0.823611 0.785686 0.342493 0.343608 0.412308 0.350570 0.588309 0.407336 0.276551 0.298753 0.390129 0.319575 0.607174 0.880949 0.672682 0.541798 0.736679 0.826093 0.845473 0.867674 0.355812 0.394143 0.734535 0.671827 0.411183 0.442873 0.995490 0.731759 0.574036 0.661962 0.656351 0.678888 0.803938 0.643996 0.539222 0.502636 0.602550 0.524957 0.418402 0.397754 0.370430 0.364394 0.469397 0.431780 0.710733 0.985499 0.591875 0.449346 0.251984 0.232858 0.375443 0.370778 0.338350 0.431632 0.292519 0.282377 0.626766 0.377861 0.747266 0.680891 0.524475 0.444228 0.693380 0.728755 0.682267 0.554796 0.721566 0.835416 0.582450 0.606662 0.425005 0.458520 0.303916 0.401626 0.467042 0.448824 0.557130 0.463076 0.968443 0.922248 0.623114 0.477811 0.902354 0.936035 0.824625 0.979128 0.782777 0.787723 0.820469 0.913263 0.583167 0.635079 0.922455 0.968200 0.738131 0.815298 0.545880 0.575491 0.914857 0.941226 0.812946 0.940767 0.884295 0.593228 0.728249 0.836227 0.754554 0.936702
0.707889 0.687534 0.000000 0.491160 0.531445 0.781149 0.509260 0.699210 0.651305 0.734635 0.829300 0.840349 0.617287 0.822773 0.621030 0.607443 0.767105 0.694069 0.483438 0.624809 0.557968 0.831876 0.435972 0.628301 0.536533 0.548681 0.995395 0.954629 0.621092 0.681540 0.624054 0.704249 0.491153 0.573119 0.716085 0.901721 0.563094 0.914961 0.660746 0.823838 0.770909 0.804588 0.610892 0.676666 0.629287 0.676004 0.686237 0.695894 0.697880 0.756261 0.781343 0.790255 0.762115 0.961149 0.711336 0.817743 0.739162 0.699575 0.736522 0.714396 0.482286 0.794169 0.742059 0.739176 0.476513 0.638022 0.550341 0.638349 0.865337 0.620646 0.718521 0.789463 0.735158 0.696846 0.969729 0.824895 0.643968 0.658505 0.832145 0.689227 0.771233 0.742240 0.819411 0.863796 0.699179 0.791598 0.994068 0.894982 0.841018 0.741297 0.729494 0.732210 0.732393 0.756293 0.902612 0.632448 0.898780 0.807212 0.656282 0.567561 0.869668 0.761563 0.828316 0.879255 0.743105 0.658754 0.849747 0.757364 0.943563 0.946152 0.790289 0.690537 0.537925 0.754425 0.847795 0.947883
0.455204 0.384676 0.491160 0.000000 0.717515 0.509463 0.392101 0.324497 0.621365 0.543458 0.540834 0.374706 0.508702 0.385873 0.668925 0.417337 0.479974 0.442314 0.363159 0.317921 0.570849 0.874203 0.491420 0.447402 0.704819 0.647882 0.949446 0.957131 0.421205 0.411704 0.530253 0.596334 0.355810 0.377561 0.782772 0.850155 0.671676 0.741679 0.689916 0.851237 0.796872 0.826088 0.492433 0.550403 0.488280 0.539698 0.477613 0.494751 0.542371 0.518042 0.532743 0.529026 0.628660 0.787539 0.592358 0.573183 0.539374 0.501820 0.581798 0.527113 0.295171 0.353240 0.380246 0.343367 0.677870 0.300324 0.495784 0.537461 0.748287 0.506565 0.613616 0.688885 0.675358 0.582408 0.723226 0.602053 0.525823 0.544775 0.619428 0.550912 0.556022 0.511623 0.672708 0.733106 0.726184 0.639798 0.913567 0.957458 0.750549 0.601640 0.601858 0.767963 0.570080 0.810266 0.732261 0.573499 0.697417 0.776833 0.441928 0.478976 0.627406 0.705685 0.624854 0.731749 0.517863 0.598351 0.922959 0.847648 0.712002 0.908811 0.779122 0.601373 0.581335 0.733327 0.627894 0.887849
0.762667 0.842639 0.531445 0.717515 0.000000 0.814793 0.841209 0.865130 0.917631 0.928022 0.928603 0.874911 0.570029 0.820885 0.553874 0.604947 0.918031 0.863793 0.768247 0.916349 0.787699 0.971984 0.532622 0.627745 0.644562 0.805824 0.663497 0.881908 0.872159 0.845593 0.974096 0.963159 0.747586 0.930767 0.845237 0.820265 0.848191 0.936717 0.931991 0.674121 0.804861 0.898331 0.877682 0.918054 0.922036 0.863928 0.738402 0.785571 0.643690 0.813961 0.947141 0.908339 0.911925 0.804747 0.681613 0.836359 0.937555 0.773977 0.800503 0.741324 0.652710 0.807502 0.830171 0.813186 0.478726 0.651141 0.969245 0.965529 0.784256 0.659291 0.899087 0.814794 0.817998 0.980376 0.892621 0.973545 0.875751 0.913226 0.954575 0.738533 0.808081 0.723305 0.810202 0.738155 0.529520 0.675153 0.636754 0.895885 0.622944 0.660362 0.966722 0.924465 0.958311 0.973554 0.895177 0.997118 0.984725 0.965631 0.984899 0.888946 0.804415 0.999422 0.935180 0.920842 0.998774 0.882194 0.807057 0.937082 0.969068 0.886684 0.873305 0.966871 0.712154 0.958922 0.943828 0.965864
0.776528 0.681922 0.781149 0.509463 0.814793 0.000000 0.593988 0.528305 0.724650 0.663287 0.784919 0.610423 0.849158 0.612704 0.907263 0.597729 0.758479 0.700889 0.695890 0.606745 0.733162 0.887881 0.752346 0.699698 0.883097 0.855170 0.867427 0.965643 0.710697 0.660127 0.590953 0.665795 0.547783 0.647630 0.802377 0.779044 0.891149 0.900003 0.937033 0.935985 0.778443 0.964071 0.663992 0.682818 0.712676 0.751194 0.804606 0.757081 0.804480 0.702484 0.655649 0.667720 0.660556 0.722784 0.780308 0.826414 0.787715 0.844615 0.892523 0.762165 0.668476 0.609370 0.741688 0.606487 0.965678 0.590662 0.756483 0.641435 0.972674 0.787107 0.747516 0.785512 0.729104 0.742518 0.963062 0.676313 0.759886 0.633605 0.879667 0.786915 0.869961 0.825722 0.917168 0.973528 0.968469 0.892034 0.928386 0.890215 0.964374 0.873738 0.662683 0.849774 0.709497 0.781686 0.824698 0.827168 0.955095 0.748339 0.619302 0.784550 0.684929 0.820204 0.883267 0.765402 0.780554 0.963265 0.963805 0.983991 0.844564 0.964672 0.778223 0.814873 0.837026 0.847185 0.790548 0.829272
0.771267 0.615208 0.509260 0.392101 0.841209 0.593988 0.000000 0.285918 0.420753 0.364798 0.668317 0.597108 0.853002 0.633055 0.884703 0.593470 0.616559 0.502098 0.413098 0.486071 0.642380 0.846764 0.585258 0.663640 0.956164 0.790473 0.668249 0.841636 0.414125 0.342963 0.310841 0.396191 0.342953 0.277984 0.607551 0.975921 0.817741 0.824219 0.803581 0.950667 0.821566 0.858786 0.282935 0.352063 0.248037 0.368331 0.752289 0.578184 0.674171 0.609328 0.441803 0.476326 0.383102 0.434990 0.872930 0.854967 0.645914 0.768389 0.780703 0.824296 0.404935 0.568372 0.522010 0.476046 0.951452 0.642457 0.233494 0.289697 0.960123 0.774748 0.466977 0.418374 0.421783 0.390832 0.953286 0.650967 0.487253 0.447777 0.720623 0.688656 0.820827 0.945832 0.846282 0.896161 0.914691 0.984131 0.847962 0.826030 0.908050 0.925211 0.360444 0.541431 0.469073 0.663705 0.752996 0.585341 0.577004 0.655951 0.271809 0.294122 0.453238 0.481014 0.525218 0.635797 0.454271 0.662277 0.658455 0.681259 0.665978 0.824746 0.602722 0.496500 0.363877 0.671567 0.583016 0.875454
0.677610 0.563903 0.699210 0.324497 0.865130 0.528305 0.285918 0.000000 0.509458 0.296507 0.579247 0.363134 0.767842 0.442459 0.965585 0.671193 0.628935 0.564020 0.563321 0.463253 0.767849 0.941691 0.747918 0.725598 0.973058 0.881552 0.665651 0.890929 0.442834 0.390829 0.501150 0.559260 0.459189 0.373005 0.666452 0.944225 0.931783 0.853424 0.884298 0.971614 0.843802 0.950939 0.433944 0.486055 0.346541 0.390613 0.665445 0.538391 0.582896 0.509397 0.412814 0.432393 0.428865 0.489383 0.729375 0.619431 0.734224 0.744856 0.691417 0.637795 0.363899 0.277733 0.438717 0.326003 0.975930 0.441749 0.372068 0.339394 0.990994 0.660231 0.622942 0.616181 0.556615 0.527650 0.801386 0.623131 0.497099 0.578969 0.736481 0.763571 0.736204 0.801700 0.885140 0.987076 0.968263 0.936690 0.911750 0.883503 0.910837 0.759718 0.435904 0.702856 0.487000 0.763415 0.798170 0.696930 0.591462 0.702679 0.338616 0.432500 0.410558 0.617686 0.619458 0.708291 0.466965 0.682051 0.758681 0.847573 0.670048 0.752375 0.650551 0.598858 0.509028 0.739517 0.628318 0.843403
0.950354 0.823611 0.651305 0.621365 0.917631 0.724650 0.420753 0.509458 0.000000 0.399116 0.737249 0.699289 0.941724 0.903314 0.948605 0.721393 0.761012 0.637444 0.715263 0.660676 0.609262 0.786780 0.787615 0.931323 0.964160 0.720952 0.756182 0.872134 0.499174 0.578955 0.457460 0.626534 0.586470 0.492266 0.713915 0.987417 0.715221 0.920809 0.775784 0.929262 0.769632 0.863057 0.505315 0.586749 0.525070 0.694865 0.951926 0.866852 0.821883 0.872823 0.739457 0.797886 0.595405 0.629077 0.963238 0.941701 0.763137 0.934184 0.952604 0.876238 0.660117 0.689792 0.717494 0.668670 0.921746 0.802642 0.458551 0.555913 0.959025 0.786824 0.460421 0.515347 0.531030 0.537863 0.977570 0.712005 0.628201 0.592725 0.819720 0.712274 0.991685 0.911482 0.956811 0.859642 0.867329 0.849816 0.844276 0.792197 0.808986 0.886922 0.444331 0.471712 0.553826 0.484470 0.682953 0.755529 0.849988 0.700530 0.495583 0.496772 0.560454 0.626754 0.681906 0.805747 0.672938 0.847498 0.760942 0.766661 0.814790 0.986000 0.709878 0.678862 0.694024 0.750568 0.788444 0.845748
0.881749 0.785686 0.734635 0.543458 0.928022 0.663287 0.364798 0.296507 0.399116 0.000000 0.700540 0.556973 0.966597 0.773094 0.965715 0.766996 0.717005 0.603720 0.645984 0.577415 0.799289 0.965319 0.874125 0.986585 0.913504 0.890702 0.655820 0.857140 0.484327 0.480676 0.450861 0.592847 0.583569 0.429907 0.624812 0.895058 0.877825 0.834646 0.955452 0.983945 0.922132 0.916880 0.503592 0.566305 0.427392 0.560978 0.944549 0.755506 0.787155 0.816585 0.652222 0.693514 0.573985 0.547510 0.975722 0.874558 0.834754 0.964755 0.936604 0.982116 0.591528 0.503294 0.607984 0.499945 0.895466 0.712810 0.406608 0.456924 0.981704 0.782377 0.465852 0.479688 0.585181 0.488363 0.930900 0.692764 0.601483 0.570906 0.807066 0.796493 0.887988 0.970369 0.934162 0.778215 0.759005 0.794531 0.786903 0.716108 0.915169 0.997624 0.336643 0.485376 0.420897 0.518881 0.831836 0.742802 0.670222 0.671367 0.354791 0.449533 0.429262 0.508316 0.604097 0.759511 0.594777 0.809274 0.837328 0.860609 0.753443 0.884517 0.555636 0.608337 0.554269 0.833793 0.768112 0.801562
0.354863 0.342493 0.829300 0.540834 0.928603 0.784919 0.668317 0.579247 0.737249 0.700540 0.000000 0.321781 0.497213 0.400697 0.654382 0.544139 0.331207 0.341475 0.473400 0.459343 0.676480 0.932206 0.885638 0.761354 0.970259 0.957013 0.923608 0.930864 0.374743 0.389229 0.819141 0.846224 0.513489 0.514398 0.986513 0.672233 0.625731 0.627308 0.607281 0.656004 0.826958 0.731694 0.611652 0.577632 0.708231 0.639142 0.581875 0.596006 0.477319 0.538883 0.578861 0.574359 0.806284 0.962322 0.663766 0.601978 0.349716 0.357556 0.477762 0.539792 0.430148 0.432735 0.338934 0.301240 0.787088 0.447098 0.825267 0.726700 0.640763 0.550587 0.754471 0.785568 0.642619 0.612164 0.712027 0.729923 0.554746 0.725401 0.414665 0.552720 0.374749 0.429286 0.648448 0.549544 0.704382 0.624058 0.936918 0.914348 0.696205 0.584447 0.910500 0.960060 0.923918 0.942578 0.731811 0.812326 0.839015 0.901725 0.650427 0.818619 0.926733 0.941461 0.764808 0.870060 0.626621 0.744297 0.837406 0.912704 0.769762 0.858420 0.888823 0.657385 0.679960 0.999802 0.762940 0.778065
0.355345 0.343608 0.840349 0.374706 0.874911 0.610423 0.597108 0.363134 0.699289 0.556973 0.321781 0.000000 0.451874 0.267533 0.695165 0.469801 0.407037 0.393304 0.507850 0.399858 0.704941 0.953799 0.806471 0.678581 0.976245 0.977798 0.970191 0.939637 0.385510 0.409191 0.816299 0.827712 0.496427 0.493185 0.975795 0.773351 0.819118 0.746348 0.738626 0.825736 0.877167 0.862637 0.649812 0.617938 0.634540 0.559868 0.487253 0.486753 0.450202 0.411444 0.506767 0.463411 0.671772 0.830288 0.586501 0.513224 0.479589 0.413038 0.480916 0.440698 0.337002 0.205724 0.287152 0.218258 0.814967 0.264969 0.753175 0.640458 0.678748 0.481731 0.782138 0.805205 0.727777 0.656867 0.689524 0.732783 0.582021 0.700862 0.520315 0.619575 0.422509 0.437339 0.663826 0.563248 0.707302 0.624297 0.948441 0.957222 0.617652 0.601933 0.758708 0.922989 0.752004 0.936625 0.771141 0.784564 0.759075 0.794226 0.576161 0.698934 0.727179 0.889637 0.787901 0.817715 0.509292 0.673863 0.922740 0.964866 0.766051 0.865502 0.870048 0.627115 0.746896 0.939181 0.741864 0.834482
0.307908 0.412308 0.617287 0.508702 0.570029 0.849158 0.853002 0.767842 0.941724 0.966597 0.497213 0.451874 0.000000 0.413386 0.298123 0.351703 0.530725 0.569454 0.514975 0.569541 0.707157 0.953629 0.481184 0.504554 0.764781 0.932007 0.642011 0.701576 0.590501 0.677626 0.878961 0.856216 0.632132 0.752594 0.999189 0.703201 0.647449 0.905766 0.726315 0.697581 0.904355 0.839420 0.842205 0.847082 0.883522 0.751365 0.420216 0.464617 0.406827 0.502465 0.746712 0.665237 0.932225 0.769226 0.566110 0.582193 0.538119 0.317892 0.392542 0.336442 0.386685 0.499362 0.474560 0.488471 0.345979 0.320665 0.996440 0.980070 0.559381 0.379299 0.930936 0.872430 0.887039 0.966169 0.714026 0.862107 0.769790 0.897044 0.625229 0.596836 0.486227 0.351662 0.566846 0.427488 0.359275 0.434341 0.853784 0.892561 0.474748 0.517090 0.938550 0.902920 0.956382 0.922959 0.804347 0.830415 0.937832 0.974615 0.837376 0.839730 0.820886 0.936890 0.937219 0.958246 0.792902 0.658733 0.858704 0.965048 0.914425 0.989119 0.983186 0.736137 0.853603 0.976803 0.805917 0.892724
0.385742 0.350570 0.822773 0.385873 0.820885 0.612704 0.633055 0.442459 0.903314 0.773094 0.400697 0.267533 0.413386 0.000000 0.615128 0.458763 0.454200 0.474567 0.490733 0.450773 0.766291 0.965579 0.660200 0.451848 0.983605 0.968737 0.980561 0.859755 0.484664 0.408391 0.847832 0.757067 0.487001 0.577053 0.976585 0.753696 0.883481 0.812592 0.822997 0.835722 0.859718 0.948371 0.628051 0.568094 0.634891 0.516899 0.445939 0.442602 0.455290 0.345806 0.425491 0.390087 0.635571 0.794416 0.511402 0.441373 0.533994 0.391195 0.428985 0.359149 0.376083 0.310424 0.368174 0.300656 0.822471 0.285112 0.806452 0.682074 0.780114 0.561628 0.964596 0.907406 0.804313 0.778620 0.725342 0.714974 0.628520 0.805552 0.569048 0.596715 0.454284 0.384564 0.580422 0.503192 0.671378 0.508702 0.913287 0.805584 0.574461 0.500700 0.898216 0.855215 0.913140 0.848099 0.795808 0.804441 0.727886 0.892179 0.647075 0.812814 0.810631 0.896737 0.838798 0.860091 0.630785 0.711729 0.979173 0.990046 0.736496 0.841563 0.946121 0.755404 0.744640 0.888162 0.619369 0.868052
0.506365 0.588309 0.621030 0.668925 0.553874 0.907263 0.884703 0.965585 0.948605 0.965715 0.654382 0.695165 0.298123 0.615128 0.000000 0.320029 0.618055 0.597370 0.522994 0.660530 0.595505 0.919359 0.354586 0.446382 0.647946 0.793423 0.555013 0.716839 0.686641 0.711551 0.981376 0.969128 0.622785 0.812336 0.991601 0.838119 0.676715 0.932465 0.796294 0.673444 0.856877 0.870976 0.877454 0.887961 0.982184 0.934103 0.667573 0.678213 0.660476 0.762388 0.951588 0.903213 0.966804 0.707196 0.708070 0.790559 0.585916 0.459086 0.622909 0.617700 0.591786 0.789523 0.676054 0.718437 0.355586 0.527622 0.964433 0.927363 0.548251 0.527802 0.980878 0.997849 0.878860 0.922471 0.805177 0.814885 0.885453 0.925230 0.805302 0.576845 0.574571 0.469702 0.580456 0.546482 0.400213 0.459885 0.818292 0.844372 0.562920 0.659639 0.953741 0.921411 0.930679 0.946928 0.734914 0.776517 0.997286 0.998126 0.881025 0.881068 0.742032 0.981078 0.929815 0.960655 0.884222 0.805796 0.948639 0.931792 0.961561 0.850776 0.932163 0.825861 0.813572 0.962946 0.824005 0.927526
0.457340 0.407336 0.607443 0.417337 0.604947 0.597729 0.593470 0.671193 0.721393 0.766996 0.544139 0.469801 0.351703 0.458763 0.320029 0.000000 0.463169 0.430768 0.367189 0.435592 0.584202 0.867281 0.343494 0.359265 0.788260 0.826322 0.766791 0.815369 0.502439 0.494015 0.712152 0.802183 0.418121 0.562658 0.959905 0.765668 0.602920 0.790363 0.726712 0.764745 0.797646 0.796876 0.590212 0.596389 0.683433 0.674763 0.562605 0.529997 0.499148 0.563065 0.646422 0.604549 0.723125 0.950065 0.710808 0.791991 0.462833 0.420811 0.623696 0.615436 0.441177 0.581452 0.499632 0.487496 0.481745 0.410547 0.783158 0.815680 0.633042 0.544920 0.745348 0.726613 0.871247 0.730663 0.799982 0.743057 0.708994 0.649201 0.640220 0.510837 0.577301 0.539313 0.604365 0.640059 0.577102 0.574759 0.972032 0.957897 0.639562 0.733994 0.757857 0.816831 0.793661 0.864851 0.671866 0.690768 0.915688 0.785479 0.634039 0.614512 0.964660 0.845474 0.838840 0.856718 0.684492 0.747521 0.960561 0.916398 0.790831 0.872146 0.876763 0.580013 0.671074 0.917116 0.760914 0.905814
0.322352 0.276551 0.767105 0.479974 0.918031 0.758479 0.616559 0.628935 0.761012 0.717005 0.331207 0.407037 0.530725 0.454200 0.618055 0.463169 0.000000 0.213702 0.414570 0.378548 0.583278 0.902540 0.789571 0.666768 0.854471 0.837802 0.915114 0.861738 0.353310 0.327048 0.670125 0.673900 0.451462 0.443778 0.974158 0.729231 0.587101 0.647856 0.765063 0.708186 0.810175 0.636552 0.512521 0.488943 0.652967 0.633593 0.555078 0.500437 0.498307 0.505721 0.568108 0.568992 0.812867 0.996232 0.647987 0.622283 0.233099 0.315171 0.498983 0.603220 0.458679 0.558252 0.301749 0.293052 0.752318 0.540832 0.742489 0.720543 0.530913 0.508646 0.590841 0.622961 0.627117 0.457213 0.708805 0.780569 0.615989 0.617244 0.411702 0.412032 0.327361 0.443597 0.523340 0.590129 0.703493 0.623547 0.902679 0.963879 0.726020 0.614597 0.816372 0.845445 0.831995 0.909406 0.715800 0.751232 0.741323 0.897031 0.565967 0.636244 0.896155 0.845175 0.799672 0.721435 0.543635 0.651951 0.979092 0.935290 0.735976 0.899988 0.730534 0.620826 0.692165 0.926394 0.763596 0.911612
0.372635 0.298753 0.694069 0.442314 0.863793 0.700889 0.502098 0.564020 0.637444 0.603720 0.341475 0.393304 0.569454 0.474567 0.597370 0.430768 0.213702 0.000000 0.321631 0.354551 0.530611 0.899143 0.740977 0.613841 0.822040 0.806813 0.915552 0.937593 0.299146 0.269882 0.557377 0.550261 0.335465 0.353879 0.937376 0.803315 0.658764 0.670581 0.707205 0.746812 0.848453 0.598514 0.411520 0.404109 0.551905 0.561110 0.568752 0.499854 0.518845 0.524637 0.519960 0.549030 0.735840 0.924276 0.658491 0.604019 0.234694 0.345103 0.524403 0.657013 0.413543 0.538996 0.272499 0.279615 0.766772 0.533060 0.658482 0.612401 0.592329 0.575012 0.544609 0.559188 0.576041 0.438636 0.786766 0.726478 0.550547 0.497785 0.393684 0.349646 0.345890 0.471489 0.532142 0.581270 0.723656 0.636196 0.959323 0.991742 0.780806 0.656277 0.761600 0.788903 0.789801 0.869874 0.715750 0.654343 0.673889 0.797448 0.458035 0.546877 0.824321 0.732768 0.690918 0.646384 0.508152 0.638163 0.972296 0.915111 0.780854 0.929874 0.740122 0.538628 0.583618 0.869350 0.707575 0.891822
0.435110 0.390129 0.483438 0.363159 0.768247 0.695890 0.413098 0.563321 0.715263 0.645984 0.473400 0.507850 0.514975 0.490733 0.522994 0.367189 0.414570 0.321631 0.000000 0.373668 0.562919 0.858559 0.493166 0.470105 0.759453 0.782717 0.979101 0.987455 0.404947 0.381898 0.541767 0.566426 0.346610 0.327451 0.911747 0.857732 0.670753 0.710087 0.710251 0.819381 0.909196 0.688145 0.487597 0.525109 0.541650 0.572810 0.580210 0.500646 0.589422 0.572930 0.589277 0.604102 0.698212 0.818601 0.766190 0.719234 0.391508 0.424235 0.565270 0.619865 0.395831 0.622936 0.436962 0.454345 0.676207 0.506440 0.551502 0.634429 0.688802 0.637415 0.593018 0.545172 0.578885 0.480102 0.907370 0.685711 0.532815 0.496368 0.590800 0.510724 0.531525 0.556079 0.670866 0.710117 0.759861 0.723620 0.948836 0.958306 0.795610 0.770261 0.647555 0.715446 0.666707 0.751668 0.731718 0.603000 0.669786 0.825481 0.454559 0.480829 0.779992 0.683035 0.697787 0.695000 0.611865 0.647393 0.903623 0.843206 0.719157 0.956707 0.783453 0.462262 0.433643 0.827855 0.685382 0.893895
0.429380 0.319575 0.624809 0.317921 0.916349 0.606745 0.486071 0.463253 0.660676 0.577415 0.459343 0.399858 0.569541 0.450773 0.660530 0.435592 0.378548 0.354551 0.373668 0.000000 0.636402 0.854569 0.623387 0.565351 0.760655 0.748194 0.938672 0.909539 0.357530 0.391010 0.545667 0.579380 0.416770 0.343076 0.941112 0.863063 0.619568 0.705582 0.629979 0.836502 0.712742 0.719310 0.528140 0.536186 0.596694 0.615701 0.625886 0.514461 0.626341 0.559643 0.581343 0.604496 0.712662 0.811264 0.680074 0.596209 0.411111 0.450741 0.627612 0.591686 0.421990 0.481819 0.398089 0.392989 0.777984 0.447207 0.618144 0.646092 0.685952 0.515282 0.502173 0.551645 0.548274 0.473334 0.676628 0.760925 0.499460 0.548883 0.586375 0.553531 0.496960 0.558124 0.641260 0.707025 0.792126 0.707157 0.825086 0.917802 0.773905 0.701786 0.629208 0.707422 0.570579 0.774400 0.809692 0.623699 0.724494 0.770732 0.456236 0.517421 0.735014 0.736028 0.653062 0.764212 0.546349 0.673497 0.936653 0.886771 0.745274 0.947285 0.814165 0.555492 0.640584 0.795037 0.745175 0.816280
0.683333 0.607174 0.557968 0.570849 0.787699 0.733162 0.642380 0.767849 0.609262 0.799289 0.676480 0.704941 0.707157 0.766291 0.595505 0.584202 0.583278 0.530611 0.562919 0.636402 0.000000 0.764532 0.615455 0.722356 0.752450 0.641034 0.880565 0.962299 0.567744 0.586701 0.571267 0.658208 0.588006 0.590322 0.995499 0.934182 0.652886 0.929859 0.809978 0.734448 0.757084 0.915297 0.691759 0.730427 0.781744 0.846715 0.837846 0.858761 0.805887 0.826716 0.847574 0.879246 0.855546 0.988857 0.791176 0.877024 0.585168 0.663695 0.877077 0.897981 0.678675 0.805756 0.692279 0.672650 0.680777 0.729068 0.749655 0.791457 0.709276 0.582811 0.657118 0.738351 0.680185 0.666615 0.991083 0.749145 0.788124 0.656466 0.743434 0.599222 0.680616 0.666699 0.731777 0.780458 0.786234 0.766581 0.774683 0.984452 0.944679 0.883950 0.797731 0.883592 0.819250 0.827886 0.653507 0.806075 0.926150 0.931489 0.708121 0.676037 0.946884 0.738832 0.860587 0.842678 0.641543 0.786208 0.927586 0.989431 0.836596 0.854152 0.813541 0.740458 0.772019 0.985574 0.833513 0.963807
0.935942 0.880949 0.831876 0.874203 0.971984 0.887881 0.846764 0.941691 0.786780 0.965319 0.932206 0.953799 0.953629 0.965579 0.919359 0.867281 0.902540 0.899143 0.858559 0.854569 0.764532 0.000000 0.774424 0.781998 0.951449 0.822369 0.941587 0.989611 0.884121 0.946465 0.719809 0.711579 0.835557 0.858904 0.916539 0.993782 0.880599 0.959653 0.981436 0.898906 0.996086 0.998555 0.816765 0.841687 0.900802 0.970041 0.925958 0.864245 0.940319 0.968541 0.941640 0.998333 0.829832 0.839675 0.970329 0.922336 0.939776 0.990863 0.817713 0.866396 0.954456 0.885420 0.847249 0.966064 0.989046 0.935020 0.817570 0.992944 0.987205 0.982470 0.764051 0.658451 0.895705 0.809859 0.949593 0.749152 0.902171 0.823284 0.971940 0.961801 0.949174 0.961558 0.983745 0.955707 0.960547 0.999576 0.965037 0.901609 0.952776 0.885803 0.783541 0.814784 0.823484 0.813021 0.877522 0.831184 0.925839 0.936852 0.854911 0.802338 0.857706 0.924516 0.916851 0.790863 0.809169 0.784044 0.846771 0.852065 0.771134 0.820892 0.915920 0.956323 0.982808 0.718564 0.875822 0.895128
0.719877 0.672682 0.435972 0.491420 0.532622 0.752346 0.585258 0.747918 0.787615 0.874125 0.885638 0.806471 0.481184 0.660200 0.354586 0.343494 0.789571 0.740977 0.493166 0.623387 0.615455 0.774424 0.000000 0.309282 0.622051 0.626753 0.799453 0.852501 0.683847 0.687390 0.668553 0.763950 0.492187 0.658759 0.815381 0.980755 0.681878 0.961772 0.791730 0.874970 0.799692 0.919853 0.660528 0.720079 0.662225 0.706263 0.672545 0.643500 0.667410 0.706311 0.776751 0.746707 0.745837 0.937511 0.771583 0.857781 0.782218 0.685605 0.799389 0.724395 0.515321 0.779840 0.779033 0.789245 0.425709 0.552208 0.690160 0.787789 0.842048 0.647863 0.857679 0.803176 0.958099 0.810123 0.812131 0.746078 0.818780 0.722593 0.913475 0.668174 0.810825 0.715537 0.724217 0.816190 0.589511 0.614601 0.958837 0.937017 0.745017 0.795675 0.739664 0.839560 0.767764 0.892861 0.765566 0.669030 0.880228 0.853057 0.658342 0.579522 0.970873 0.781197 0.835906 0.922915 0.764014 0.717580 0.811733 0.751283 0.848256 0.877638 0.935258 0.762978 0.632325 0.803096 0.670710 0.991018
0.637727 0.541798 0.628301 0.447402 0.627745 0.699698 0.663640 0.725598 0.931323 0.986585 0.761354 0.678581 0.504554 0.451848 0.446382 0.359265 0.666768 0.613841 0.470105 0.565351 0.722356 0.781998 0.309282 0.000000 0.701238 0.773206 0.836747 0.857277 0.682681 0.598857 0.751491 0.699575 0.492408 0.658496 0.990554 0.866096 0.830854 0.917611 0.757198 0.909369 0.874713 0.888084 0.657228 0.655942 0.735610 0.724564 0.587719 0.637148 0.678031 0.632372 0.670882 0.648696 0.758204 0.933709 0.734968 0.692653 0.670989 0.582838 0.709339 0.640790 0.558933 0.706129 0.659050 0.674749 0.618461 0.491575 0.814633 0.816344 0.856250 0.726201 0.972687 0.870727 0.904131 0.846350 0.820480 0.757905 0.793682 0.796473 0.749474 0.545729 0.681700 0.562666 0.603404 0.609697 0.598407 0.496103 0.938169 0.758928 0.675563 0.634778 0.937064 0.950178 0.963514 0.866459 0.853673 0.739041 0.868823 0.862236 0.758584 0.713989 0.982359 0.899930 0.877269 0.912609 0.859442 0.856006 0.900695 0.869261 0.798303 0.943105 0.989389 0.763421 0.694775 0.873419 0.725266 0.986466
0.722396 0.736679 0.536533 0.704819 0.644562 0.883097 0.956164 0.973058 0.964160 0.913504 0.970259 0.976245 0.764781 0.983605 0.647946 0.788260 0.854471 0.822040 0.759453 0.760655 0.752450 0.951449 0.622051 0.701238 0.000000 0.456177 0.698154 0.978915 0.829900 0.944734 0.858773 0.899864 0.672715 0.821878 0.934049 0.982879 0.658198 0.879374 0.688268 0.780563 0.778482 0.789436 0.969807 0.988297 0.992486 0.945939 0.742432 0.923876 0.874486 0.943837 0.914334 0.897021 0.786758 0.594614 0.713305 0.743424 0.777455 0.746361 0.801751 0.784557 0.711445 0.932285 0.870795 0.939415 0.483365 0.710910 0.956149 0.943253 0.627807 0.675669 0.849069 0.972053 0.980004 0.823594 0.780760 0.887595 0.959733 0.827191 0.962389 0.723261 0.652696 0.664950 0.734372 0.674921 0.460949 0.542835 0.897734 0.974234 0.751336 0.654606 0.898868 0.975357 0.894933 0.995762 0.995808 0.718799 0.979215 0.996601 0.950433 0.923540 0.830302 0.875037 0.960218 0.949099 0.880827 0.813187 0.993068 0.965461 0.880596 0.958615 0.871380 0.915753 0.858846 0.971134 0.985229 0.893686
0.899661 0.826093 0.548681 0.647882 0.805824 0.855170 0.790473 0.881552 0.720952 0.890702 0.957013 0.977798 0.932007 0.968737 0.793423 0.826322 0.837802 0.806813 0.782717 0.748194 0.641034 0.822369 0.626753 0.773206 0.456177 0.000000 0.949681 0.999031 0.747049 0.866846 0.592996 0.720858 0.626670 0.711987 0.787546 0.903641 0.618126 0.870280 0.713886 0.798364 0.763810 0.817518 0.774618 0.859956 0.803424 0.914541 0.880125 0.977955 0.901644 0.972578 0.963694 0.964287 0.948964 0.896610 0.898776 0.898207 0.855478 0.906272 0.975875 0.997677 0.750347 0.906811 0.899620 0.919711 0.637138 0.797713 0.746683 0.792952 0.897298 0.829675 0.644941 0.766462 0.836942 0.652393 0.824162 0.750563 0.861387 0.800288 0.994711 0.755757 0.787704 0.797066 0.816659 0.924700 0.735761 0.778825 0.992422 0.965993 0.984502 0.810015 0.798737 0.783072 0.742075 0.833009 0.866858 0.789145 0.929066 0.970663 0.772601 0.758199 0.882053 0.908960 0.786375 0.961516 0.832913 0.864878 0.882747 0.867473 0.963123 0.932501 0.921982 0.981032 0.824666 0.853957 0.930191 0.934966
0.764188 0.845473 0.995395 0.949446 0.663497 0.867427 0.668249 0.665651 0.756182 0.655820 0.923608 0.970191 0.642011 0.980561 0.555013 0.766791 0.915114 0.915552 0.979101 0.938672 0.880565 0.941587 0.799453 0.836747 0.698154 0.949681 0.000000 0.719220 0.951242 0.855584 0.690025 0.693509 0.926247 0.760387 0.861895 0.863157 0.855383 0.947127 0.958081 0.658792 0.908757 0.804663 0.805067 0.756998 0.644815 0.742722 0.858568 0.992344 0.850481 0.934767 0.750463 0.811124 0.689745 0.433027 0.891650 0.926291 0.834339 0.740455 0.901757 0.848397 0.976934 0.919253 0.996057 0.946469 0.544856 0.883540 0.587759 0.597342 0.600014 0.747666 0.782477 0.743552 0.626230 0.822056 0.803535 0.899692 0.740990 0.800784 0.865091 0.798971 0.739529 0.708572 0.807731 0.632696 0.439947 0.520058 0.727784 0.734399 0.596423 0.750458 0.626270 0.744094 0.686963 0.791739 0.838891 0.989564 0.800612 0.842060 0.730106 0.792346 0.516825 0.682085 0.743798 0.857704 0.896199 0.917773 0.897025 0.807190 0.762966 0.866938 0.805299 0.864682 0.847618 0.830707 0.971208 0.916340
0.880779 0.867674 0.954629 0.957131 0.881908 0.965643 0.841636 0.890929 0.872134 0.857140 0.930864 0.939637 0.701576 0.859755 0.716839 0.815369 0.861738 0.937593 0.987455 0.909539 0.962299 0.989611 0.852501 0.857277 0.978915 0.999031 0.719220 0.000000 0.997378 0.982738 0.777482 0.836064 0.898830 0.906713 0.958628 0.775230 0.835029 0.798343 0.969533 0.683916 0.976594 0.822002 0.977817 0.916114 0.875742 0.921380 0.855270 0.911769 0.873386 0.947564 0.943096 0.954685 0.896754 0.727375 0.857923 0.815449 0.922455 0.815219 0.883483 0.817986 0.953470 0.978366 0.914188 0.958155 0.717598 0.866956 0.771171 0.856796 0.886966 0.763539 0.959480 0.894527 0.738637 0.882719 0.827632 0.906556 0.958281 0.797264 0.991877 0.870222 0.935919 0.798558 0.963616 0.847081 0.785082 0.773191 0.964083 0.934304 0.764574 0.715691 0.780959 0.901059 0.793412 0.825773 0.911600 0.953532 0.918744 0.862377 0.898940 0.937097 0.720319 0.890100 0.827366 0.923157 0.914220 0.951247 0.866691 0.830173 0.897711 0.822847 0.869488 0.938308 0.870677 0.975853 0.862557 0.937033
0.483098 0.355812 0.621092 0.421205 0.872159 0.710697 0.414125 0.442834 0.499174 0.484327 0.374743 0.385510 0.590501 0.484664 0.686641 0.502439 0.353310 0.299146 0.404947 0.357530 0.567744 0.884121 0.683847 0.682681 0.829900 0.747049 0.951242 0.997378 0.000000 0.305659 0.518475 0.558441 0.346911 0.323246 0.848260 0.871942 0.640905 0.713866 0.685335 0.853783 0.778590 0.668584 0.432898 0.456727 0.459192 0.503898 0.617522 0.554464 0.524079 0.547498 0.496530 0.548011 0.644507 0.772099 0.768758 0.597264 0.403461 0.486833 0.612454 0.645133 0.369397 0.478045 0.351151 0.330356 0.776128 0.481737 0.561188 0.539402 0.753473 0.522103 0.505611 0.536608 0.482935 0.383668 0.735466 0.749672 0.472316 0.506401 0.524473 0.480078 0.505782 0.591872 0.652468 0.705477 0.797393 0.736608 0.938434 0.904735 0.830420 0.759782 0.651073 0.709342 0.659589 0.735393 0.755378 0.670428 0.736490 0.719031 0.412740 0.527757 0.711018 0.705184 0.627511 0.749033 0.462687 0.632753 0.959295 0.821572 0.780309 0.905111 0.827720 0.540701 0.573268 0.789798 0.688169 0.848839
0.536441 0.394143 0.681540 0.411704 0.845593 0.660127 0.342963 0.390829 0.578955 0.480676 0.389229 0.409191 0.677626 0.408391 0.711551 0.494015 0.327048 0.269882 0.381898 0.391010 0.586701 0.946465 0.687390 0.598857 0.944734 0.866846 0.855584 0.982738 0.305659 0.000000 0.433207 0.446040 0.337216 0.343514 0.838321 0.900231 0.741155 0.685420 0.799859 0.820632 0.771700 0.695973 0.334761 0.303179 0.370284 0.406566 0.623917 0.531825 0.521018 0.487508 0.386650 0.417603 0.513908 0.668607 0.660881 0.587846 0.394207 0.490004 0.557172 0.692629 0.369685 0.456116 0.294941 0.277241 0.901227 0.526668 0.494528 0.417687 0.814526 0.604988 0.567362 0.522281 0.472635 0.361691 0.801023 0.666610 0.530241 0.512260 0.541197 0.445195 0.460355 0.594902 0.522212 0.736232 0.880852 0.739973 0.952470 0.958178 0.833254 0.696281 0.662332 0.829632 0.759687 0.893171 0.756284 0.766360 0.629895 0.840626 0.421911 0.513097 0.701926 0.697252 0.600131 0.704381 0.490882 0.676268 0.870126 0.911302 0.767397 0.857189 0.710136 0.588531 0.480263 0.789794 0.640905 0.851961
0.962302 0.734535 0.624054 0.530253 0.974096 0.590953 0.310841 0.501150 0.457460 0.450861 0.819141 0.816299 0.878961 0.847832 0.981376 0.712152 0.670125 0.557377 0.541767 0.545667 0.571267 0.719809 0.668553 0.751491 0.858773 0.592996 0.690025 0.777482 0.518475 0.433207 0.000000 0.256056 0.414102 0.358809 0.664391 0.889110 0.770905 0.726028 0.906786 0.937346 0.742474 0.760351 0.347145 0.408240 0.375836 0.563925 0.982893 0.841784 0.885423 0.826470 0.598641 0.699826 0.510807 0.505934 0.956872 0.957336 0.699072 0.935263 0.964802 0.879393 0.680887 0.807642 0.742700 0.673368 0.935014 0.877229 0.354724 0.409317 0.949883 0.965130 0.328563 0.300685 0.396669 0.333477 0.997177 0.675522 0.598324 0.369388 0.862884 0.691856 0.884315 0.970572 0.872723 0.809621 0.783737 0.907548 0.817950 0.802554 0.788873 0.932205 0.422454 0.532831 0.461499 0.593405 0.766453 0.671665 0.729885 0.838597 0.347030 0.424545 0.477453 0.483562 0.490087 0.635038 0.595578 0.809408 0.718829 0.688098 0.758098 0.949293 0.654123 0.672129 0.509396 0.695758 0.686344 0.936529
0.954801 0.671827 0.704249 0.596334 0.963159 0.665795 0.396191 0.559260 0.626534 0.592847 0.846224 0.827712 0.856216 0.757067 0.969128 0.802183 0.673900 0.550261 0.566426 0.579380 0.658208 0.711579 0.763950 0.699575 0.899864 0.720858 0.693509 0.836064 0.558441 0.446040 0.256056 0.000000 0.471376 0.420696 0.754845 0.881261 0.908815 0.795550 0.906705 0.949713 0.856987 0.794390 0.384307 0.396419 0.433759 0.553660 0.873021 0.756252 0.909060 0.787401 0.557134 0.634013 0.553637 0.557573 0.957690 0.777731 0.711871 0.916492 0.977163 0.972463 0.714394 0.832331 0.724282 0.696789 0.841050 0.905551 0.435430 0.440622 0.918748 0.994595 0.452349 0.415122 0.400372 0.396141 0.968298 0.785411 0.656153 0.457286 0.845151 0.671890 0.846394 0.969073 0.804881 0.954711 0.798792 0.992352 0.829717 0.962799 0.814947 0.988167 0.598784 0.758007 0.650803 0.838808 0.870542 0.744231 0.713307 0.868798 0.477505 0.538249 0.551269 0.554593 0.551792 0.699307 0.655768 0.814994 0.764453 0.732400 0.823654 0.957672 0.695630 0.745623 0.549987 0.657428 0.699594 0.982603
0.527065 0.411183 0.491153 0.355810 0.747586 0.547783 0.342953 0.459189 0.586470 0.583569 0.513489 0.496427 0.632132 0.487001 0.622785 0.418121 0.451462 0.335465 0.346610 0.416770 0.588006 0.835557 0.492187 0.492408 0.672715 0.626670 0.926247 0.898830 0.346911 0.337216 0.414102 0.471376 0.000000 0.318961 0.677419 0.968546 0.666551 0.683519 0.677821 0.814933 0.750465 0.695116 0.340260 0.340785 0.372533 0.417144 0.544672 0.539724 0.497390 0.467376 0.433599 0.481855 0.585789 0.754115 0.611391 0.625235 0.430051 0.492803 0.580938 0.636240 0.321238 0.527012 0.424278 0.390205 0.664406 0.470510 0.472513 0.435802 0.786227 0.651092 0.546596 0.540514 0.552097 0.455764 0.726735 0.658625 0.521633 0.467384 0.589167 0.489714 0.495963 0.575498 0.618003 0.698193 0.695728 0.621067 0.955905 0.991001 0.837117 0.696071 0.651444 0.757962 0.658488 0.861033 0.758164 0.528426 0.672507 0.729812 0.383800 0.485210 0.675294 0.683027 0.616662 0.683798 0.494713 0.589532 0.818721 0.755170 0.746931 0.908632 0.803240 0.611133 0.417133 0.747735 0.553950 0.851206
0.595194 0.442873 0.573119 0.377561 0.930767 0.647630 0.277984 0.373005 0.492266 0.429907 0.514398 0.493185 0.752594 0.577053 0.812336 0.562658 0.443778 0.353879 0.327451 0.343076 0.590322 0.858904 0.658759 0.658496 0.821878 0.711987 0.760387 0.906713 0.323246 0.343514 0.358809 0.420696 0.318961 0.000000 0.714155 0.987617 0.729846 0.740178 0.747162 0.886293 0.889435 0.736265 0.354321 0.418075 0.348863 0.431061 0.648313 0.572996 0.602037 0.541224 0.457099 0.532564 0.531336 0.603329 0.824990 0.716879 0.485303 0.604052 0.658526 0.736497 0.384870 0.528664 0.434834 0.405722 0.870681 0.591024 0.400375 0.405389 0.855570 0.705026 0.384003 0.416705 0.436815 0.324908 0.910484 0.689371 0.457062 0.440718 0.606034 0.518576 0.632589 0.739770 0.747372 0.890193 0.951904 0.900030 0.900514 0.887687 0.983011 0.836665 0.522112 0.603607 0.523581 0.712088 0.712815 0.568479 0.659783 0.729619 0.311547 0.379717 0.558305 0.563075 0.594053 0.669127 0.490933 0.632442 0.790911 0.720983 0.685187 0.922570 0.702149 0.521831 0.415603 0.752845 0.667466 0.864689
0.938128 0.995490 0.716085 0.782772 0.845237 0.802377 0.607551 0.666452 0.713915 0.624812 0.986513 0.975795 0.999189 0.976585 0.991601 0.959905 0.974158 0.937376 0.911747 0.941112 0.995499 0.916539 0.815381 0.990554 0.934049 0.787546 0.861895 0.958628 0.848260 0.838321 0.664391 0.754845 0.677419 0.714155 0.000000 0.875020 0.989478 0.837245 0.994573 0.981276 0.994447 0.991314 0.654646 0.714214 0.591186 0.657662 0.908092 0.882517 0.831026 0.921430 0.794997 0.818373 0.702687 0.772685 0.894079 0.954982 0.967469 0.976764 0.930695 0.927493 0.728385 0.833965 0.894484 0.848602 0.880210 0.899294 0.604590 0.544080 0.906961 0.898346 0.678819 0.821937 0.947402 0.784199 0.876893 0.915475 0.758434 0.787656 0.948671 0.927494 0.926185 0.889953 0.975762 0.780183 0.982769 0.997481 0.862843 0.892025 0.895365 0.889664 0.732009 0.768771 0.770054 0.867005 0.823397 0.730649 0.884062 0.904706 0.714534 0.778380 0.738590 0.793129 0.826638 0.966922 0.884498 0.854180 0.862129 0.876575 0.998612 0.928238 0.887955 0.995839 0.701151 0.845079 0.704729 0.828136
0.673053 0.731759 0.901721 0.850155 0.820265 0.779044 0.975921 0.944225 0.987417 0.895058 0.672233 0.773351 0.703201 0.753696 0.838119 0.765668 0.729231 0.803315 0.857732 0.863063 0.934182 0.993782 0.980755 0.866096 0.982879 0.903641 0.863157 0.775230 0.871942 0.900231 0.889110 0.881261 0.968546 0.987617 0.875020 0.000000 0.779132 0.992633 0.791889 0.878356 0.752922 0.909487 0.932717 0.915287 0.893397 0.980629 0.843123 0.775119 0.802004 0.829773 0.889986 0.818050 0.958704 0.901823 0.774261 0.829875 0.710920 0.660725 0.784061 0.707158 0.871463 0.849766 0.783816 0.718288 0.869288 0.750817 0.867316 0.941638 0.818760 0.828903 0.937532 0.860799 0.904497 0.961560 0.967069 0.966279 0.810680 0.925692 0.746090 0.926855 0.850614 0.738948 0.911165 0.706895 0.830794 0.844486 0.955167 0.931600 0.820094 0.763267 0.885559 0.961707 0.859833 0.982520 0.906524 0.977984 0.845581 0.896820 0.972854 0.954736 0.835931 0.874302 0.822007 0.973234 0.963800 0.971404 0.963659 0.981755 0.947583 0.993145 0.974724 0.789843 0.977659 0.997936 0.906707 0.883965
0.583092 0.574036 0.563094 0.671676 0.848191 0.891149 0.817741 0.931783 0.715221 0.877825 0.625731 0.819118 0.647449 0.883481 0.676715 0.602920 0.587101 0.658764 0.670753 0.619568 0.652886 0.880599 0.681878 0.830854 0.658198 0.618126 0.855383 0.835029 0.640905 0.741155 0.770905 0.908815 0.666551 0.729846 0.989478 0.779132 0.000000 0.679741 0.601411 0.589682 0.571387 0.643389 0.716104 0.712612 0.789503 0.840475 0.707105 0.751629 0.614336 0.766341 0.856436 0.835258 0.944434 0.864819 0.723134 0.884547 0.521430 0.602669 0.721454 0.805806 0.636417 0.816207 0.709997 0.719535 0.500753 0.696264 0.763623 0.851180 0.536185 0.642259 0.653279 0.727981 0.795139 0.721723 0.775058 0.862701 0.811493 0.678744 0.737380 0.644125 0.594925 0.724829 0.722502 0.744350 0.669300 0.704005 0.875649 0.849421 0.790446 0.710183 0.900237 0.741998 0.824804 0.779909 0.787876 0.759084 0.924305 0.977379 0.712196 0.758931 0.987409 0.862406 0.762097 0.917874 0.733585 0.743443 0.905554 0.932954 0.873770 0.913188 0.848877 0.771378 0.910693 0.880270 0.950087 0.951528
0.667183 0.661962 0.914961 0.741679 0.936717 0.900003 0.824219 0.853424 0.920809 0.834646 0.627308 0.746348 0.905766 0.812592 0.932465 0.790363 0.647856 0.670581 0.710087 0.705582 0.929859 0.959653 0.961772 0.917611 0.879374 0.870280 0.947127 0.798343 0.713866 0.685420 0.726028 0.795550 0.683519 0.740178 0.837245 0.992633 0.679741 0.000000 0.820616 0.817606 0.765158 0.584618 0.791597 0.737425 0.804646 0.794172 0.826716 0.894986 0.707473 0.804699 0.807793 0.792105 0.875791 0.925818 0.766880 0.914643 0.620401 0.661946 0.764876 0.893602 0.751115 0.777109 0.721307 0.696340 0.865748 0.715450 0.793720 0.837375 0.610466 0.783763 0.740163 0.693750 0.789219 0.637521 0.775413 0.923613 0.800642 0.668229 0.701733 0.794948 0.589738 0.786916 0.712241 0.797372 0.815407 0.704906 0.947464 0.912031 0.704948 0.730561 0.930070 0.921899 0.827866 0.890958 0.803547 0.861441 0.977161 0.939561 0.805644 0.946733 0.914990 0.983294 0.630319 0.945854 0.829431 0.867601 0.990390 0.945095 0.873489 0.929758 0.995498 0.901868 0.813802 0.971368 0.839434 0.917135
