0.000000 0.122452 0.196792 0.204271 0.588466 0.487011 0.160675 0.139594 0.351282 0.267439 0.145832 0.108975 0.117394 0.203046 0.198693 0.192632 0.113404 0.104615 0.111841 0.117565 0.425072 0.781621 0.185310 0.387401 0.631849 0.553472 0.870341 0.928818 0.155910 0.123555 0.214471 0.309183 0.129264 0.135984 0.430323 0.578835 0.330419 0.402369 0.651950 0.612164 0.664515 0.474232 0.183433 0.165194 0.212433 0.162808 0.184537 0.170232 0.606136 0.285760 0.327283 0.243692 0.388641 0.389352 0.412782 0.454308 0.138161 0.127039 0.118790 0.138668 0.104418 0.154986 0.110946 0.113165 0.296273 0.202243 0.177629 0.156309 0.270926 0.175657 0.188785 0.212098 0.346283 0.335902 0.551696 0.547675 0.306492 0.241790 0.147910 0.170289 0.094991 0.134320 0.399287 0.267546 0.196066 0.348279 0.938372 0.962461 0.363382 0.470979 0.477277 0.555755 0.481631 0.647007 0.412435 0.435772 0.275323 0.472641 0.220553 0.208566 0.477829 0.520122 0.252798 0.264740 0.270874 0.267449 0.717420 0.499984 0.537640 0.325479 0.635537 0.337329 0.279998 0.409101 0.416798 0.930053
0.122452 0.000000 0.245489 0.236926 0.606202 0.512807 0.196397 0.156771 0.398590 0.289822 0.182984 0.123201 0.142400 0.192335 0.222245 0.217885 0.126679 0.103820 0.127063 0.130732 0.418754 0.768458 0.214691 0.396257 0.627145 0.565296 0.895594 0.974012 0.138228 0.137102 0.223347 0.310000 0.139744 0.156763 0.474277 0.565247 0.333962 0.451467 0.678903 0.606858 0.753624 0.397002 0.169833 0.154551 0.203555 0.166803 0.191301 0.154129 0.551856 0.310467 0.343072 0.270817 0.431675 0.412141 0.429814 0.464805 0.107170 0.088743 0.123843 0.151535 0.138435 0.190178 0.131151 0.115388 0.358834 0.269850 0.203678 0.178946 0.277375 0.163799 0.217700 0.234235 0.415709 0.405280 0.578600 0.564020 0.309562 0.280256 0.204022 0.200182 0.114432 0.140571 0.376449 0.236285 0.214980 0.343594 0.990305 0.926267 0.404240 0.459187 0.540719 0.599265 0.523118 0.697315 0.328630 0.476511 0.284153 0.383428 0.247653 0.220095 0.493627 0.555319 0.289653 0.214052 0.273294 0.268312 0.795499 0.545940 0.575365 0.343802 0.622695 0.335340 0.336177 0.364137 0.406121 0.886869
0.196792 0.245489 0.000000 0.110617 0.624851 0.488063 0.135075 0.162197 0.310602 0.319147 0.225814 0.218225 0.214570 0.315850 0.281828 0.275055 0.262969 0.203919 0.173441 0.169450 0.361030 0.768980 0.181673 0.322236 0.472882 0.364756 0.898977 0.991696 0.284003 0.210485 0.165544 0.262022 0.155765 0.182913 0.458017 0.634438 0.306725 0.453447 0.593705 0.629251 0.746619 0.565482 0.206581 0.188148 0.302539 0.284618 0.268860 0.244919 0.737964 0.396286 0.439392 0.370302 0.455491 0.383003 0.420951 0.539360 0.304580 0.289249 0.282975 0.290119 0.181398 0.232464 0.264561 0.264935 0.180865 0.139821 0.175467 0.179787 0.323156 0.234268 0.203076 0.268022 0.335982 0.304431 0.609531 0.606522 0.304326 0.267851 0.247018 0.283280 0.212214 0.190601 0.438546 0.286888 0.254306 0.312315 0.860689 0.983023 0.411242 0.449121 0.416490 0.501100 0.437582 0.549545 0.408041 0.535611 0.349991 0.546375 0.320311 0.289822 0.455772 0.445600 0.387853 0.280943 0.299018 0.356856 0.786319 0.518950 0.572284 0.434738 0.680227 0.436969 0.326751 0.517243 0.450463 0.968431
0.204271 0.236926 0.110617 0.000000 0.682660 0.442116 0.138824 0.129925 0.326868 0.269700 0.272551 0.197225 0.212274 0.276255 0.253977 0.243909 0.251801 0.199810 0.181136 0.173395 0.338705 0.725105 0.162810 0.300273 0.458631 0.342071 0.892870 0.928980 0.265666 0.191385 0.161752 0.225619 0.141502 0.153876 0.398059 0.601163 0.286801 0.457108 0.546876 0.652856 0.730939 0.527064 0.180380 0.174595 0.260975 0.252359 0.230556 0.213329 0.661042 0.345871 0.410243 0.331597 0.458777 0.383802 0.387001 0.504616 0.297839 0.266687 0.262980 0.273878 0.196666 0.217353 0.260805 0.237119 0.209929 0.150083 0.157657 0.144160 0.359961 0.233021 0.192920 0.276783 0.370940 0.402733 0.559976 0.600344 0.279448 0.283009 0.221999 0.286022 0.185428 0.151559 0.391266 0.223902 0.227002 0.266132 0.864440 0.989546 0.406535 0.398418 0.391055 0.480385 0.396857 0.528093 0.373784 0.492848 0.310539 0.502900 0.290501 0.241812 0.445959 0.445685 0.345409 0.259719 0.262559 0.325766 0.836339 0.536034 0.590399 0.419045 0.607278 0.373526 0.307490 0.434266 0.462092 0.981271
0.588466 0.606202 0.624851 0.682660 0.000000 0.792235 0.602037 0.617834 0.748701 0.672130 0.628823 0.647587 0.568219 0.670452 0.651191 0.637633 0.640288 0.619841 0.584044 0.656061 0.748740 0.806527 0.656552 0.753136 0.990480 0.948133 0.795459 0.922117 0.624367 0.648249 0.759600 0.842757 0.614511 0.632892 0.814134 0.815519 0.823232 0.729532 0.867475 0.786085 0.799582 0.677290 0.584758 0.602574 0.612791 0.596721 0.584260 0.624795 0.756813 0.660077 0.555462 0.590331 0.689055 0.601281 0.754499 0.686046 0.578982 0.642291 0.611866 0.677447 0.554305 0.589950 0.573853 0.584399 0.643919 0.622402 0.594996 0.624746 0.765976 0.669939 0.510442 0.616978 0.800618 0.749427 0.994735 0.731303 0.738672 0.736378 0.730788 0.671145 0.633756 0.649475 0.584763 0.647454 0.579690 0.650927 0.865538 0.895349 0.784515 0.701916 0.673676 0.668110 0.740093 0.735995 0.922703 0.804839 0.722222 0.730861 0.612290 0.608524 0.675849 0.737776 0.572912 0.630930 0.598129 0.679051 0.824832 0.566586 0.758507 0.866935 0.781799 0.708170 0.640167 0.746014 0.647415 0.959771
0.487011 0.512807 0.488063 0.442116 0.792235 0.000000 0.403550 0.388846 0.533391 0.427635 0.547625 0.511578 0.516411 0.636925 0.614556 0.559400 0.550421 0.491425 0.508337 0.516768 0.647677 0.996295 0.557718 0.700840 0.799835 0.604420 0.963424 0.905801 0.546499 0.536870 0.528184 0.629455 0.499677 0.478657 0.550494 0.780218 0.611652 0.856858 0.864098 0.945549 0.738886 0.580740 0.370860 0.462352 0.412110 0.423278 0.402942 0.449124 0.724183 0.553723 0.540484 0.482219 0.586350 0.540861 0.626118 0.659942 0.581150 0.562950 0.520467 0.554101 0.513911 0.556410 0.516098 0.538353 0.615760 0.502384 0.366751 0.403290 0.649823 0.494280 0.400214 0.422665 0.642558 0.673195 0.574722 0.726958 0.530546 0.523111 0.436044 0.620852 0.446606 0.463927 0.735220 0.493198 0.545044 0.653715 0.925258 0.951765 0.773991 0.698809 0.357815 0.428828 0.322122 0.487943 0.578318 0.697015 0.434129 0.742602 0.427085 0.449064 0.463823 0.431382 0.562127 0.486644 0.472362 0.587005 0.963767 0.651327 0.770253 0.650756 0.705009 0.538777 0.426948 0.601382 0.614878 0.857984
0.160675 0.196397 0.135075 0.138824 0.602037 0.403550 0.000000 0.100143 0.306090 0.200529 0.183998 0.181720 0.194035 0.304707 0.289138 0.283339 0.186886 0.145634 0.129648 0.159480 0.375978 0.757522 0.237839 0.440794 0.679000 0.535721 0.811743 0.953975 0.245422 0.189391 0.223699 0.312855 0.142927 0.132055 0.481991 0.631569 0.361418 0.467265 0.649401 0.643369 0.665046 0.468122 0.151297 0.115255 0.189887 0.193529 0.234678 0.198318 0.690232 0.386921 0.378485 0.326901 0.467706 0.349100 0.411909 0.576487 0.206737 0.222247 0.201160 0.263131 0.144530 0.227974 0.202659 0.208511 0.273493 0.170554 0.110540 0.117154 0.315751 0.220455 0.158776 0.177927 0.348972 0.339211 0.562624 0.560469 0.274391 0.221938 0.233650 0.269082 0.163679 0.171889 0.444876 0.287149 0.285082 0.398982 0.891012 0.895094 0.432176 0.540906 0.343004 0.399007 0.352123 0.445273 0.376681 0.481433 0.281931 0.478243 0.223276 0.203635 0.393187 0.334213 0.309192 0.213796 0.260824 0.296286 0.844434 0.485069 0.545851 0.384286 0.572143 0.322291 0.225213 0.378301 0.429285 0.928921
0.139594 0.156771 0.162197 0.129925 0.617834 0.388846 0.100143 0.000000 0.331887 0.174333 0.211679 0.139069 0.162404 0.239831 0.235196 0.236707 0.162645 0.134188 0.152779 0.152647 0.388722 0.771020 0.206671 0.402999 0.662247 0.514820 0.820198 0.986980 0.206833 0.163767 0.234095 0.305326 0.124086 0.119507 0.407974 0.566506 0.323851 0.419989 0.659858 0.629102 0.638335 0.442523 0.134709 0.135642 0.160320 0.165587 0.205638 0.176695 0.571595 0.312070 0.317779 0.263687 0.408187 0.354067 0.389193 0.488647 0.185964 0.175040 0.169832 0.209119 0.133436 0.156915 0.174470 0.144290 0.268488 0.173481 0.111153 0.111175 0.364314 0.185236 0.185557 0.222069 0.398327 0.417744 0.563108 0.552186 0.262546 0.226489 0.176543 0.275051 0.132077 0.148862 0.416536 0.246059 0.219236 0.344176 0.959356 0.908714 0.402643 0.418036 0.312968 0.378034 0.312828 0.456439 0.320294 0.396228 0.224066 0.406326 0.175752 0.146222 0.337892 0.386823 0.254638 0.181947 0.202429 0.258644 0.815437 0.434563 0.544158 0.348679 0.529251 0.287318 0.219467 0.346790 0.411155 0.941669
0.351282 0.398590 0.310602 0.326868 0.748701 0.533391 0.306090 0.331887 0.000000 0.347825 0.345497 0.338210 0.345590 0.445440 0.422986 0.379535 0.399718 0.366043 0.367894 0.336900 0.590551 0.876412 0.354298 0.535578 0.699448 0.570776 0.949632 0.911060 0.404235 0.367018 0.358685 0.466191 0.336427 0.349773 0.557114 0.694437 0.442574 0.503015 0.776782 0.708502 0.871762 0.684414 0.349859 0.333210 0.379026 0.378731 0.365482 0.385268 0.769231 0.487466 0.454985 0.410378 0.524650 0.480092 0.576369 0.598078 0.398943 0.418563 0.381525 0.417898 0.308795 0.355054 0.392030 0.413524 0.326671 0.313329 0.329942 0.328017 0.396520 0.404611 0.336167 0.454503 0.355453 0.329216 0.632421 0.546437 0.404236 0.369493 0.437635 0.387361 0.384756 0.397994 0.568234 0.500714 0.431870 0.525672 0.922798 0.884813 0.564452 0.631004 0.493961 0.495874 0.482844 0.520832 0.549338 0.497723 0.514544 0.742983 0.340612 0.373346 0.483543 0.430983 0.468798 0.358578 0.445102 0.477968 0.800431 0.549715 0.689890 0.571969 0.589082 0.540678 0.401599 0.611552 0.507271 0.900638
0.267439 0.289822 0.319147 0.269700 0.672130 0.427635 0.200529 0.174333 0.347825 0.000000 0.277602 0.245473 0.290492 0.354231 0.351944 0.356072 0.255960 0.252103 0.283444 0.304247 0.530712 0.802933 0.364261 0.550337 0.845139 0.633396 0.864526 0.990028 0.315297 0.273912 0.380298 0.420579 0.236347 0.234447 0.437614 0.661042 0.447584 0.489668 0.756326 0.707754 0.750700 0.455941 0.255170 0.265878 0.267714 0.291042 0.383055 0.317692 0.662066 0.442049 0.420986 0.358020 0.544951 0.444910 0.521427 0.592201 0.302338 0.316913 0.269704 0.326207 0.254133 0.259322 0.297835 0.266353 0.391790 0.264780 0.239349 0.244799 0.422298 0.257224 0.303427 0.309391 0.396691 0.440788 0.559020 0.494062 0.321741 0.266563 0.319564 0.366033 0.244199 0.290841 0.553758 0.352938 0.403586 0.540663 0.989231 0.810441 0.527906 0.596491 0.352664 0.369095 0.338846 0.424604 0.447563 0.406766 0.329182 0.470420 0.205673 0.215138 0.373445 0.344278 0.340378 0.247435 0.319964 0.350023 0.849094 0.471431 0.647276 0.481659 0.557020 0.364546 0.276172 0.365112 0.488576 0.953257
0.145832 0.182984 0.225814 0.272551 0.628823 0.547625 0.183998 0.211679 0.345497 0.277602 0.000000 0.134221 0.139658 0.220158 0.230642 0.210800 0.124895 0.121613 0.122607 0.147663 0.439059 0.814696 0.231117 0.397958 0.693487 0.596498 0.950124 0.909701 0.165144 0.129656 0.223529 0.286523 0.178245 0.166320 0.544809 0.614008 0.417051 0.462139 0.712143 0.585679 0.649273 0.505204 0.260949 0.212635 0.335997 0.297002 0.297452 0.258022 0.838076 0.477659 0.498385 0.422291 0.522551 0.495044 0.497861 0.646166 0.158642 0.199634 0.206049 0.258073 0.133805 0.227082 0.139755 0.171157 0.321001 0.220483 0.243245 0.244964 0.246328 0.234950 0.241104 0.256543 0.355740 0.339206 0.628643 0.575686 0.336394 0.236500 0.232941 0.193856 0.157420 0.210452 0.369591 0.319834 0.318584 0.454818 0.877095 0.899842 0.467989 0.644831 0.596545 0.654276 0.605862 0.716672 0.446395 0.563201 0.397634 0.539636 0.352252 0.306126 0.583752 0.497761 0.328553 0.262970 0.395866 0.340720 0.778132 0.601956 0.634591 0.392645 0.660826 0.417311 0.352639 0.442559 0.459927 0.990464
0.108975 0.123201 0.218225 0.197225 0.647587 0.511578 0.181720 0.139069 0.338210 0.245473 0.134221 0.000000 0.099113 0.128331 0.145313 0.134704 0.103239 0.086724 0.114910 0.114125 0.434301 0.766285 0.163437 0.344347 0.647752 0.550611 0.926931 0.993673 0.110697 0.086479 0.211305 0.259568 0.120303 0.139343 0.451077 0.572298 0.331706 0.392873 0.641349 0.569287 0.678805 0.437631 0.203422 0.182817 0.252452 0.208476 0.222683 0.184575 0.626893 0.354577 0.384197 0.314404 0.471183 0.454966 0.436745 0.516339 0.124207 0.125219 0.138126 0.171472 0.101998 0.138315 0.094238 0.085654 0.297866 0.202467 0.206618 0.180700 0.297925 0.175102 0.223200 0.251341 0.404827 0.413524 0.577738 0.559686 0.285328 0.228232 0.155379 0.193133 0.110663 0.155769 0.327360 0.236783 0.208335 0.340132 0.899831 0.939464 0.379297 0.476976 0.543484 0.610704 0.544117 0.717789 0.363019 0.462211 0.331900 0.437371 0.257248 0.214030 0.505116 0.538831 0.259101 0.221674 0.280981 0.266147 0.775989 0.537593 0.574254 0.303131 0.582508 0.356205 0.313424 0.375838 0.403996 0.981168
0.117394 0.142400 0.214570 0.212274 0.568219 0.516411 0.194035 0.162404 0.345590 0.290492 0.139658 0.099113 0.000000 0.117367 0.104825 0.112160 0.133234 0.118614 0.128907 0.145477 0.381708 0.781676 0.127792 0.281910 0.615000 0.561491 0.933780 0.956460 0.130666 0.106220 0.194057 0.271057 0.154563 0.163709 0.490850 0.604191 0.304327 0.367153 0.643607 0.590422 0.663531 0.453367 0.209444 0.186584 0.277212 0.234836 0.219271 0.182377 0.666683 0.371885 0.379602 0.314130 0.471479 0.454009 0.449537 0.540379 0.142799 0.153959 0.170255 0.216305 0.098581 0.156304 0.095087 0.101205 0.260522 0.214940 0.219522 0.209458 0.362508 0.247521 0.220570 0.273674 0.429168 0.413211 0.609360 0.542012 0.353071 0.251590 0.191310 0.222377 0.131356 0.181369 0.291420 0.270379 0.176279 0.298633 0.895797 0.981618 0.385943 0.434218 0.563222 0.631990 0.569650 0.730891 0.401514 0.481723 0.348729 0.470172 0.295516 0.253497 0.518326 0.552867 0.258296 0.253651 0.295934 0.250558 0.740344 0.509114 0.561785 0.345518 0.628809 0.403618 0.367331 0.424386 0.396716 0.988670
0.203046 0.192335 0.315850 0.276255 0.670452 0.636925 0.304707 0.239831 0.445440 0.354231 0.220158 0.128331 0.117367 0.000000 0.104440 0.109618 0.190816 0.179199 0.203022 0.218745 0.420991 0.771689 0.148506 0.239126 0.633394 0.604748 0.960347 0.936862 0.149284 0.142285 0.238877 0.266882 0.203207 0.223986 0.481967 0.610932 0.334784 0.372063 0.647855 0.579952 0.723738 0.464060 0.287460 0.266770 0.356974 0.315645 0.285164 0.233354 0.629025 0.421365 0.429373 0.391099 0.530153 0.548089 0.509171 0.593056 0.192384 0.200324 0.208351 0.269353 0.168128 0.207774 0.139355 0.127867 0.315740 0.282398 0.290535 0.272200 0.448309 0.302971 0.309222 0.383599 0.563275 0.571769 0.647970 0.621122 0.353234 0.286159 0.231604 0.294914 0.204787 0.248470 0.242680 0.311636 0.202765 0.279545 0.887210 0.916126 0.430682 0.438895 0.672127 0.748596 0.676718 0.856698 0.413926 0.511093 0.429677 0.419497 0.371376 0.313428 0.560562 0.647393 0.268955 0.319598 0.332780 0.293818 0.831923 0.576722 0.579016 0.385511 0.609353 0.461568 0.464771 0.466940 0.429385 0.951423
0.198693 0.222245 0.281828 0.253977 0.651191 0.614556 0.289138 0.235196 0.422986 0.351944 0.230642 0.145313 0.104825 0.104440 0.000000 0.113414 0.218143 0.198599 0.216385 0.226812 0.399212 0.776807 0.124998 0.258301 0.595771 0.554367 0.998989 0.992485 0.186856 0.153141 0.227918 0.277499 0.214522 0.234603 0.480564 0.672924 0.304924 0.395031 0.650011 0.559990 0.706598 0.511790 0.287743 0.263112 0.357776 0.308158 0.295345 0.221837 0.647480 0.396257 0.412221 0.348261 0.490963 0.490192 0.449396 0.538499 0.230584 0.223763 0.235593 0.267712 0.155795 0.185823 0.156645 0.146844 0.263624 0.256247 0.300545 0.283646 0.471557 0.315585 0.312552 0.364134 0.492295 0.524244 0.625865 0.602028 0.393256 0.301394 0.246044 0.294741 0.206946 0.242350 0.291319 0.322711 0.180915 0.279795 0.820065 0.871387 0.372595 0.370947 0.644730 0.712683 0.648863 0.832796 0.422683 0.499239 0.416838 0.504846 0.355748 0.301821 0.563658 0.633252 0.282472 0.319842 0.319102 0.282308 0.727650 0.525488 0.613005 0.424294 0.660350 0.458961 0.444839 0.493060 0.430763 0.925194
0.192632 0.217885 0.275055 0.243909 0.637633 0.559400 0.283339 0.236707 0.379535 0.356072 0.210800 0.134704 0.112160 0.109618 0.113414 0.000000 0.197365 0.176388 0.189315 0.213820 0.407308 0.827844 0.116537 0.225127 0.572885 0.543075 0.976294 0.979336 0.153669 0.134975 0.192591 0.251061 0.196787 0.212161 0.491454 0.643846 0.320923 0.384843 0.604360 0.525777 0.695893 0.467060 0.269985 0.251774 0.357769 0.296056 0.266923 0.223107 0.682637 0.398643 0.423893 0.368730 0.482829 0.477376 0.491588 0.554613 0.224844 0.222278 0.225665 0.269744 0.151806 0.203281 0.142653 0.138705 0.288188 0.241400 0.270275 0.273333 0.398909 0.287092 0.262140 0.324476 0.497457 0.535697 0.605672 0.590035 0.357968 0.270820 0.219430 0.249795 0.184007 0.212244 0.236182 0.259299 0.190887 0.245494 0.839553 0.864773 0.413478 0.421400 0.631248 0.707759 0.640474 0.811381 0.437686 0.498218 0.424250 0.486402 0.381406 0.330802 0.572532 0.572364 0.269745 0.316831 0.326962 0.301102 0.735408 0.608631 0.605779 0.439382 0.714332 0.498030 0.452082 0.461147 0.435709 0.980782
0.113404 0.126679 0.262969 0.251801 0.640288 0.550421 0.186886 0.162645 0.399718 0.255960 0.124895 0.103239 0.133234 0.190816 0.218143 0.197365 0.000000 0.082031 0.116341 0.126157 0.448074 0.703444 0.237298 0.422384 0.723694 0.626113 0.910048 0.942586 0.116470 0.100162 0.242222 0.270587 0.144699 0.126637 0.520612 0.578392 0.393286 0.465670 0.673824 0.586961 0.667360 0.443083 0.220234 0.171820 0.253867 0.224263 0.247268 0.220285 0.683094 0.381396 0.429312 0.338961 0.505817 0.449823 0.471048 0.562155 0.112443 0.118205 0.153183 0.190495 0.134746 0.187809 0.121145 0.115927 0.367417 0.235749 0.215878 0.195699 0.262743 0.174590 0.245266 0.247972 0.371942 0.370649 0.596043 0.512649 0.313747 0.230376 0.167977 0.165930 0.104200 0.154863 0.355543 0.266216 0.277304 0.397841 0.944474 0.940034 0.427468 0.554878 0.575950 0.626530 0.581765 0.692464 0.365606 0.477502 0.328449 0.427313 0.292460 0.226707 0.563785 0.529609 0.275517 0.224928 0.329936 0.263743 0.815872 0.574989 0.617117 0.328251 0.615341 0.336072 0.340544 0.326155 0.477544 0.935494
0.104615 0.103820 0.203919 0.199810 0.619841 0.491425 0.145634 0.134188 0.366043 0.252103 0.121613 0.086724 0.118614 0.179199 0.198599 0.176388 0.082031 0.000000 0.087920 0.097754 0.399939 0.739428 0.203836 0.396379 0.666162 0.573658 0.884209 0.989208 0.105722 0.087383 0.207005 0.262280 0.114921 0.113759 0.496574 0.604404 0.357563 0.448476 0.655865 0.559944 0.704843 0.425952 0.175224 0.133043 0.227617 0.187529 0.197047 0.168821 0.662346 0.362465 0.400183 0.318198 0.481839 0.420553 0.435835 0.534856 0.102477 0.106868 0.142086 0.178950 0.106282 0.164279 0.103873 0.098252 0.320674 0.200271 0.176696 0.168126 0.243973 0.166783 0.216211 0.217981 0.381725 0.374199 0.572095 0.550914 0.286114 0.209424 0.159380 0.178889 0.100122 0.133872 0.341699 0.232526 0.240265 0.361983 0.899578 0.904168 0.430732 0.517023 0.528390 0.589586 0.525830 0.670459 0.338102 0.464187 0.317902 0.415823 0.263869 0.212298 0.533865 0.507224 0.269482 0.204199 0.271477 0.263034 0.800782 0.582114 0.590204 0.304064 0.639565 0.313015 0.285544 0.339310 0.406459 0.944740
0.111841 0.127063 0.173441 0.181136 0.584044 0.508337 0.129648 0.152779 0.367894 0.283444 0.122607 0.114910 0.128907 0.203022 0.216385 0.189315 0.116341 0.087920 0.000000 0.107352 0.385158 0.732176 0.192439 0.373625 0.613001 0.554086 0.870515 0.926177 0.153372 0.110669 0.182059 0.267351 0.134764 0.123438 0.470971 0.586838 0.351798 0.427876 0.593165 0.583349 0.705445 0.428657 0.179560 0.138341 0.246813 0.214552 0.209127 0.171758 0.692736 0.354307 0.400161 0.329670 0.486556 0.412947 0.426967 0.579660 0.140378 0.149593 0.163839 0.201765 0.111976 0.205196 0.121227 0.133674 0.297815 0.198933 0.176285 0.166612 0.255063 0.185023 0.173398 0.199593 0.370716 0.355027 0.565234 0.528885 0.314134 0.239487 0.201612 0.176346 0.120291 0.143007 0.339061 0.255871 0.238427 0.354965 0.888672 0.932769 0.428727 0.535070 0.538835 0.618067 0.549337 0.679811 0.402681 0.496278 0.337864 0.446139 0.285709 0.248715 0.538187 0.518102 0.295420 0.246852 0.303538 0.280629 0.746909 0.560914 0.544558 0.344792 0.638614 0.333342 0.318711 0.398687 0.413536 0.992306
0.117565 0.130732 0.169450 0.173395 0.656061 0.516768 0.159480 0.152647 0.336900 0.304247 0.147663 0.114125 0.145477 0.218745 0.226812 0.213820 0.126157 0.097754 0.107352 0.000000 0.383099 0.733107 0.192594 0.357140 0.578257 0.479822 0.925555 0.997946 0.147579 0.106490 0.180322 0.227611 0.122473 0.120941 0.489527 0.620407 0.342196 0.455981 0.679098 0.599650 0.711249 0.505657 0.188843 0.161391 0.263939 0.213668 0.203359 0.203017 0.689401 0.353552 0.427663 0.349850 0.497654 0.451927 0.432597 0.528136 0.150837 0.146338 0.161057 0.184584 0.136355 0.186706 0.142560 0.146236 0.302425 0.206447 0.192751 0.168594 0.240461 0.178854 0.207865 0.242337 0.332289 0.331918 0.584324 0.565884 0.297414 0.238358 0.176574 0.172754 0.122574 0.130608 0.392996 0.254413 0.250517 0.365849 0.855755 0.926054 0.379265 0.521008 0.555810 0.631907 0.557065 0.710230 0.353387 0.519457 0.335527 0.484433 0.294651 0.248990 0.538794 0.548510 0.329030 0.252248 0.313756 0.283827 0.746613 0.576224 0.534645 0.310155 0.622871 0.351824 0.336310 0.402249 0.411284 0.923420
0.425072 0.418754 0.361030 0.338705 0.748740 0.647677 0.375978 0.388722 0.590551 0.530712 0.439059 0.434301 0.381708 0.420991 0.399212 0.407308 0.448074 0.399939 0.385158 0.383099 0.000000 0.804360 0.358595 0.401327 0.547085 0.536307 0.961366 0.939327 0.468217 0.416634 0.345761 0.445102 0.407754 0.349248 0.579665 0.704019 0.447562 0.487705 0.628051 0.692898 0.683117 0.633305 0.359236 0.340638 0.478127 0.439661 0.404548 0.380795 0.778330 0.484035 0.579388 0.529614 0.659359 0.505177 0.502661 0.672126 0.462655 0.424461 0.419722 0.450367 0.414774 0.470442 0.418411 0.419519 0.409990 0.432626 0.396240 0.408738 0.566077 0.468382 0.373003 0.436076 0.593499 0.619783 0.731234 0.755500 0.468413 0.407133 0.428057 0.431514 0.407077 0.367664 0.437152 0.429760 0.393542 0.446536 0.976259 0.933001 0.584507 0.538529 0.599601 0.678254 0.616739 0.733663 0.492396 0.574427 0.442865 0.629935 0.571836 0.479011 0.671142 0.546376 0.433274 0.418700 0.454195 0.435443 0.878666 0.634750 0.532510 0.609309 0.722890 0.588666 0.494902 0.587975 0.555223 0.886140
0.781621 0.768458 0.768980 0.725105 0.806527 0.996295 0.757522 0.771020 0.876412 0.802933 0.814696 0.766285 0.781676 0.771689 0.776807 0.827844 0.703444 0.739428 0.732176 0.733107 0.804360 0.000000 0.781688 0.868182 0.976816 0.809995 0.897307 0.814384 0.704161 0.719815 0.816399 0.697632 0.719377 0.709844 0.916839 0.793545 0.810603 0.891759 0.783757 0.798616 0.885615 0.855930 0.749747 0.724204 0.777632 0.812342 0.768952 0.800640 0.803306 0.807256 0.803068 0.794831 0.922893 0.771374 0.747405 0.874281 0.740975 0.777622 0.800397 0.853291 0.758947 0.782785 0.787583 0.770523 0.730216 0.728738 0.746841 0.706614 0.798833 0.770527 0.788868 0.841168 0.785627 0.784465 0.970361 0.660154 0.831425 0.802719 0.864431 0.735843 0.769589 0.745933 0.719645 0.759640 0.777181 0.708713 0.925068 0.885109 0.751716 0.758131 0.888411 0.929144 0.943889 0.903541 0.774757 0.865903 0.869435 0.716385 0.766685 0.722646 0.933368 0.886273 0.776538 0.685560 0.839994 0.722670 0.954402 0.800319 0.923856 0.798265 0.776974 0.770998 0.801757 0.817284 0.770475 0.917812
0.185310 0.214691 0.181673 0.162810 0.656552 0.557718 0.237839 0.206671 0.354298 0.364261 0.231117 0.163437 0.127792 0.148506 0.124998 0.116537 0.237298 0.203836 0.192439 0.192594 0.358595 0.781688 0.000000 0.175966 0.448987 0.398260 0.989202 0.992971 0.193460 0.161927 0.137951 0.202497 0.168566 0.187398 0.428825 0.601524 0.254790 0.370968 0.554755 0.574606 0.758159 0.496128 0.237717 0.228565 0.339499 0.282390 0.234530 0.205952 0.657559 0.359518 0.408027 0.340937 0.429936 0.442509 0.410170 0.503505 0.255837 0.242931 0.233342 0.254543 0.149189 0.187036 0.171126 0.174914 0.189915 0.182774 0.220661 0.218906 0.405506 0.273760 0.231783 0.336986 0.429985 0.473232 0.627456 0.608009 0.343331 0.288604 0.220125 0.262396 0.173100 0.178613 0.268665 0.231952 0.124087 0.171100 0.877033 0.822067 0.342469 0.330307 0.576363 0.682848 0.590046 0.778707 0.390031 0.493618 0.368024 0.487554 0.360737 0.311369 0.523046 0.587132 0.299643 0.307729 0.320407 0.277014 0.750700 0.546580 0.575052 0.465076 0.695275 0.480124 0.411688 0.528184 0.382465 0.987006
0.387401 0.396257 0.322236 0.300273 0.753136 0.700840 0.440794 0.402999 0.535578 0.550337 0.397958 0.344347 0.281910 0.239126 0.258301 0.225127 0.422384 0.396379 0.373625 0.357140 0.401327 0.868182 0.175966 0.000000 0.369628 0.373518 0.999923 0.875571 0.339135 0.301713 0.225232 0.249318 0.336191 0.362763 0.491657 0.661631 0.411209 0.531049 0.575472 0.667304 0.844213 0.643756 0.423099 0.428981 0.554505 0.497039 0.403844 0.375335 0.790318 0.530334 0.591447 0.561008 0.562211 0.604436 0.541761 0.640134 0.469362 0.451547 0.441787 0.476462 0.354392 0.391882 0.343224 0.366361 0.326522 0.332514 0.401228 0.423114 0.574690 0.464876 0.396382 0.537839 0.560786 0.597942 0.727065 0.684878 0.495314 0.425473 0.384130 0.403735 0.341923 0.318732 0.267890 0.332707 0.264596 0.199553 0.762976 0.657367 0.471267 0.438192 0.770450 0.886935 0.786121 0.956131 0.518836 0.662335 0.560008 0.567250 0.631746 0.543789 0.658904 0.756092 0.524335 0.516304 0.511389 0.491957 0.846609 0.693049 0.651034 0.610289 0.784338 0.691596 0.637912 0.715338 0.557126 0.924697
0.631849 0.627145 0.472882 0.458631 0.990480 0.799835 0.679000 0.662247 0.699448 0.845139 0.693487 0.647752 0.615000 0.633394 0.595771 0.572885 0.723694 0.666162 0.613001 0.578257 0.547085 0.976816 0.448987 0.369628 0.000000 0.251467 0.844918 0.818062 0.662148 0.612074 0.378218 0.515646 0.585967 0.636309 0.572481 0.817508 0.543286 0.786161 0.504904 0.855248 0.917539 0.867014 0.635436 0.664301 0.762772 0.699897 0.556709 0.611878 0.878794 0.614678 0.800699 0.691934 0.704022 0.772633 0.556013 0.683378 0.774363 0.651116 0.715764 0.617922 0.656165 0.636202 0.704837 0.691211 0.467683 0.551309 0.666061 0.638446 0.640941 0.649383 0.645189 0.696112 0.558657 0.641128 0.734349 0.856778 0.701798 0.742366 0.636640 0.580684 0.605812 0.538744 0.672457 0.582031 0.495634 0.404575 0.939839 0.858872 0.689331 0.495143 0.908492 0.990516 0.853531 0.982006 0.652564 0.834559 0.719547 0.844122 0.831211 0.803222 0.923410 0.945916 0.878694 0.750004 0.691574 0.729547 0.867247 0.949570 0.816059 0.738444 0.979439 0.847126 0.801605 0.905535 0.719219 0.964476
0.553472 0.565296 0.364756 0.342071 0.948133 0.604420 0.535721 0.514820 0.570776 0.633396 0.596498 0.550611 0.561491 0.604748 0.554367 0.543075 0.626113 0.573658 0.554086 0.479822 0.536307 0.809995 0.398260 0.373518 0.251467 0.000000 0.839498 0.721133 0.575873 0.536390 0.340375 0.399041 0.462924 0.483501 0.479767 0.741022 0.477167 0.763838 0.537812 0.733754 0.918348 0.785868 0.472948 0.517127 0.593589 0.546517 0.443366 0.506951 0.725727 0.521572 0.645219 0.553580 0.544638 0.616307 0.547648 0.533427 0.691410 0.608994 0.593778 0.551679 0.546784 0.517349 0.629886 0.617612 0.354673 0.362139 0.490752 0.466199 0.576760 0.535008 0.529581 0.585544 0.439118 0.547909 0.725596 0.793377 0.512234 0.585623 0.561533 0.513943 0.507334 0.449709 0.641553 0.470464 0.442879 0.376505 0.936344 0.867797 0.520344 0.467954 0.683619 0.777991 0.659008 0.831913 0.527409 0.749754 0.591870 0.721802 0.633861 0.561718 0.705795 0.759040 0.750257 0.562687 0.603838 0.658235 0.858857 0.752556 0.790812 0.729238 0.945161 0.681148 0.610886 0.808230 0.561096 0.998270
0.870341 0.895594 0.898977 0.892870 0.795459 0.963424 0.811743 0.820198 0.949632 0.864526 0.950124 0.926931 0.933780 0.960347 0.998989 0.976294 0.910048 0.884209 0.870515 0.925555 0.961366 0.897307 0.989202 0.999923 0.844918 0.839498 0.000000 0.995257 0.947418 0.915914 0.940709 0.936586 0.866338 0.873904 0.932016 0.895726 0.936177 0.826090 0.847620 0.901693 0.897983 0.928658 0.914969 0.909621 0.857708 0.865010 0.946353 0.909911 0.872051 0.921917 0.812380 0.889359 0.949609 0.813226 0.841894 0.881967 0.883206 0.925094 0.886480 0.906423 0.876154 0.859199 0.869340 0.869305 0.934092 0.887787 0.837846 0.871701 0.967815 0.931912 0.943788 0.897525 0.984279 0.986027 0.994653 0.800130 0.963068 0.861440 0.938808 0.988124 0.897650 0.839935 0.950050 0.905423 0.903698 0.924445 0.899686 0.986107 0.980726 0.981192 0.777547 0.787523 0.823436 0.765985 0.970015 0.860872 0.903416 0.835016 0.828449 0.847285 0.903469 0.895964 0.829295 0.877730 0.711965 0.994725 0.910091 0.907447 0.873208 0.748794 0.909851 0.785064 0.776303 0.886606 0.958065 0.949218
0.928818 0.974012 0.991696 0.928980 0.922117 0.905801 0.953975 0.986980 0.911060 0.990028 0.909701 0.993673 0.956460 0.936862 0.992485 0.979336 0.942586 0.989208 0.926177 0.997946 0.939327 0.814384 0.992971 0.875571 0.818062 0.721133 0.995257 0.000000 0.964525 0.986092 0.989115 0.919459 0.954266 0.990927 0.964364 0.961831 0.892534 0.913266 0.925605 0.931955 0.968870 0.908392 0.984239 0.999286 0.929899 0.967450 0.928787 0.946048 0.982615 0.911996 0.954481 0.902163 0.870468 0.923888 0.991985 0.977397 0.941151 0.975977 0.935616 0.911155 0.947672 0.976124 0.991120 0.984117 0.981253 0.971643 0.995718 0.968952 0.965439 0.992488 0.949258 0.917940 0.999043 0.907817 0.853361 0.880368 0.933719 0.961934 0.997652 0.913993 0.981761 0.979405 0.945096 0.942883 0.998040 0.905807 0.997564 0.990969 0.973017 0.948673 0.969452 0.990300 0.967320 0.984435 0.957108 0.827911 0.865559 0.852974 0.937840 0.957913 0.937536 0.992058 0.867648 0.967888 0.968513 0.898458 0.766006 0.920619 0.955968 0.943838 0.993021 0.950799 0.984694 0.978562 0.885377 0.940602
0.155910 0.138228 0.284003 0.265666 0.624367 0.546499 0.245422 0.206833 0.404235 0.315297 0.165144 0.110697 0.130666 0.149284 0.186856 0.153669 0.116470 0.105722 0.153372 0.147579 0.468217 0.704161 0.193460 0.339135 0.662148 0.575873 0.947418 0.964525 0.000000 0.101025 0.221657 0.264946 0.145829 0.169501 0.508188 0.630458 0.374048 0.497770 0.648810 0.544101 0.749320 0.416860 0.247454 0.208142 0.306276 0.254984 0.225301 0.202552 0.634610 0.398263 0.438863 0.358299 0.502897 0.486954 0.470897 0.514905 0.139329 0.153005 0.184752 0.222929 0.144212 0.190515 0.120803 0.119844 0.347124 0.241809 0.237304 0.231743 0.282380 0.212425 0.270133 0.311371 0.418761 0.436122 0.649187 0.557065 0.329085 0.244140 0.187825 0.202394 0.131315 0.170797 0.313967 0.247837 0.233664 0.326259 0.877630 0.997494 0.454612 0.469393 0.636023 0.701489 0.631815 0.807393 0.366804 0.526252 0.382046 0.442916 0.341020 0.261310 0.566733 0.590192 0.292284 0.252021 0.331612 0.272398 0.813699 0.638847 0.641334 0.371427 0.631394 0.398258 0.375072 0.372364 0.429333 0.950686
0.123555 0.137102 0.210485 0.191385 0.648249 0.536870 0.189391 0.163767 0.367018 0.273912 0.129656 0.086479 0.106220 0.142285 0.153141 0.134975 0.100162 0.087383 0.110669 0.106490 0.416634 0.719815 0.161927 0.301713 0.612074 0.536390 0.915914 0.986092 0.101025 0.000000 0.181510 0.211728 0.125043 0.125683 0.478889 0.619884 0.341355 0.463151 0.646624 0.566720 0.720211 0.489429 0.238155 0.187925 0.299087 0.240998 0.239009 0.202476 0.717347 0.376590 0.435114 0.350934 0.484501 0.436918 0.421090 0.526055 0.152287 0.148524 0.181152 0.208846 0.118994 0.170491 0.109602 0.106870 0.305806 0.205185 0.212309 0.203765 0.265441 0.177501 0.235488 0.268511 0.378127 0.386379 0.545768 0.536998 0.321315 0.223359 0.155102 0.166406 0.102387 0.122435 0.304957 0.220105 0.229972 0.308357 0.806509 0.962517 0.395866 0.500467 0.589611 0.664461 0.600361 0.749704 0.363044 0.516706 0.376585 0.461898 0.329794 0.258489 0.576026 0.552854 0.294528 0.256728 0.330073 0.276404 0.761428 0.618410 0.616443 0.337151 0.648712 0.387874 0.361538 0.369075 0.449523 0.990113
0.214471 0.223347 0.165544 0.161752 0.759600 0.528184 0.223699 0.234095 0.358685 0.380298 0.223529 0.211305 0.194057 0.238877 0.227918 0.192591 0.242222 0.207005 0.182059 0.180322 0.345761 0.816399 0.137951 0.225232 0.378218 0.340375 0.940709 0.989115 0.221657 0.181510 0.000000 0.178756 0.176082 0.189529 0.452629 0.635838 0.295759 0.506894 0.543749 0.670339 0.731620 0.558946 0.239029 0.216375 0.352638 0.305900 0.255623 0.238057 0.739364 0.402851 0.491933 0.410320 0.486033 0.467763 0.419133 0.565389 0.287149 0.259675 0.270289 0.290701 0.204878 0.265659 0.237574 0.248072 0.250557 0.193961 0.228394 0.231339 0.297624 0.263977 0.247156 0.295396 0.337445 0.365366 0.574145 0.646211 0.349492 0.276384 0.241094 0.226254 0.185855 0.166671 0.335850 0.233644 0.217490 0.238263 0.858368 0.889829 0.389936 0.448369 0.613378 0.707492 0.601497 0.755339 0.413127 0.570974 0.359431 0.579498 0.427557 0.384072 0.574288 0.539021 0.421470 0.356480 0.386133 0.371074 0.764644 0.676052 0.630321 0.458472 0.734817 0.498209 0.438182 0.473293 0.487684 0.993664
0.309183 0.310000 0.262022 0.225619 0.842757 0.629455 0.312855 0.305326 0.466191 0.420579 0.286523 0.259568 0.271057 0.266882 0.277499 0.251061 0.270587 0.262280 0.267351 0.227611 0.445102 0.697632 0.202497 0.249318 0.515646 0.399041 0.936586 0.919459 0.264946 0.211728 0.178756 0.000000 0.245790 0.226803 0.579416 0.712338 0.374767 0.599610 0.586267 0.636168 0.849216 0.631111 0.334471 0.289739 0.460568 0.432957 0.365916 0.332221 0.860490 0.537087 0.626031 0.550981 0.611034 0.587029 0.548264 0.690538 0.339203 0.342248 0.351306 0.393287 0.296766 0.350658 0.299576 0.308740 0.356881 0.264916 0.317961 0.314045 0.406300 0.341993 0.352821 0.410788 0.454800 0.487048 0.600314 0.623753 0.415636 0.327231 0.273800 0.271162 0.255311 0.246721 0.357267 0.271487 0.332359 0.300117 0.861859 0.862793 0.424649 0.536247 0.723423 0.855989 0.741147 0.874059 0.439773 0.612265 0.482277 0.560485 0.524104 0.434279 0.700499 0.676082 0.498255 0.394211 0.484516 0.410063 0.866066 0.781949 0.696777 0.514068 0.732229 0.512189 0.560656 0.537818 0.559007 0.971227
0.129264 0.139744 0.155765 0.141502 0.614511 0.499677 0.142927 0.124086 0.336427 0.236347 0.178245 0.120303 0.154563 0.203207 0.214522 0.196787 0.144699 0.114921 0.134764 0.122473 0.407754 0.719377 0.168566 0.336191 0.585967 0.462924 0.866338 0.954266 0.145829 0.125043 0.176082 0.245790 0.000000 0.123679 0.424486 0.568582 0.336474 0.441939 0.627622 0.566277 0.767534 0.490040 0.172630 0.149664 0.229846 0.191162 0.208951 0.205201 0.609195 0.360623 0.385379 0.323431 0.460476 0.411170 0.407704 0.472784 0.163599 0.154849 0.154488 0.198932 0.120375 0.157090 0.155540 0.139702 0.259065 0.157727 0.157560 0.129636 0.262096 0.163723 0.190704 0.229310 0.339560 0.380331 0.597936 0.598773 0.249159 0.193397 0.170954 0.199426 0.114049 0.126625 0.365465 0.226054 0.209355 0.292367 0.895924 0.963777 0.376801 0.434908 0.469100 0.530730 0.478205 0.617065 0.340238 0.471998 0.288319 0.419784 0.241781 0.198078 0.487684 0.449935 0.288559 0.190025 0.269214 0.292989 0.791665 0.524230 0.568412 0.342630 0.619364 0.333602 0.307556 0.369719 0.427225 0.989200
0.135984 0.156763 0.182913 0.153876 0.632892 0.478657 0.132055 0.119507 0.349773 0.234447 0.166320 0.139343 0.163709 0.223986 0.234603 0.212161 0.126637 0.113759 0.123438 0.120941 0.349248 0.709844 0.187398 0.362763 0.636309 0.483501 0.873904 0.990927 0.169501 0.125683 0.189529 0.226803 0.123679 0.000000 0.424320 0.585463 0.314673 0.436898 0.597459 0.577243 0.706691 0.441393 0.173347 0.138488 0.223476 0.201250 0.206155 0.206160 0.673110 0.343518 0.394483 0.322635 0.455605 0.399198 0.438740 0.523587 0.164606 0.159550 0.169308 0.222557 0.132616 0.183388 0.155207 0.143924 0.264906 0.157025 0.129104 0.133685 0.297764 0.178807 0.198637 0.216808 0.336823 0.401625 0.568736 0.545155 0.260040 0.189490 0.178158 0.187137 0.120166 0.123458 0.345808 0.233121 0.220143 0.312651 0.901921 0.994553 0.397763 0.480538 0.448454 0.542978 0.465635 0.586353 0.356725 0.437973 0.314748 0.425414 0.252912 0.197527 0.459647 0.449505 0.258541 0.200680 0.288374 0.275719 0.783705 0.501265 0.611825 0.412949 0.625735 0.287698 0.291033 0.351522 0.414820 0.918414
0.430323 0.474277 0.458017 0.398059 0.814134 0.550494 0.481991 0.407974 0.557114 0.437614 0.544809 0.451077 0.490850 0.481967 0.480564 0.491454 0.520612 0.496574 0.470971 0.489527 0.579665 0.916839 0.428825 0.491657 0.572481 0.479767 0.932016 0.964364 0.508188 0.478889 0.452629 0.579416 0.424486 0.424320 0.000000 0.577744 0.484497 0.588000 0.727242 0.863772 0.733038 0.585183 0.441165 0.493426 0.451052 0.426111 0.485723 0.481258 0.572843 0.411700 0.479296 0.409661 0.453491 0.547314 0.488181 0.530953 0.575404 0.497872 0.450755 0.408432 0.451997 0.424352 0.492562 0.465686 0.415439 0.414761 0.420471 0.434943 0.543401 0.411911 0.485546 0.521249 0.485809 0.592758 0.617698 0.702482 0.436789 0.471285 0.468397 0.527487 0.420370 0.397657 0.636477 0.477681 0.374105 0.451560 0.942790 0.976629 0.610413 0.498108 0.539649 0.632491 0.539085 0.650903 0.632815 0.634938 0.473447 0.597507 0.427047 0.425845 0.519476 0.726822 0.506278 0.534873 0.447777 0.527591 0.824079 0.562684 0.728203 0.765555 0.683850 0.438531 0.532859 0.708590 0.573515 0.963606
0.578835 0.565247 0.634438 0.601163 0.815519 0.780218 0.631569 0.566506 0.694437 0.661042 0.614008 0.572298 0.604191 0.610932 0.672924 0.643846 0.578392 0.604404 0.586838 0.620407 0.704019 0.793545 0.601524 0.661631 0.817508 0.741022 0.895726 0.961831 0.630458 0.619884 0.635838 0.712338 0.568582 0.585463 0.577744 0.000000 0.637180 0.545842 0.898500 0.747486 0.753336 0.670660 0.578651 0.631665 0.623538 0.635628 0.668838 0.595069 0.773805 0.658800 0.655866 0.608949 0.688281 0.686139 0.794758 0.758891 0.589799 0.576747 0.574136 0.582814 0.622711 0.636075 0.557017 0.576382 0.702595 0.667487 0.565252 0.573707 0.765773 0.582922 0.598940 0.662928 0.779679 0.787361 0.916763 0.713352 0.616080 0.640042 0.585912 0.664607 0.543670 0.579088 0.590984 0.563041 0.579747 0.626151 0.900078 0.976926 0.700692 0.658273 0.712010 0.732420 0.745602 0.736592 0.653450 0.652691 0.607274 0.512105 0.630339 0.626469 0.711422 0.753793 0.567275 0.564862 0.709076 0.674189 0.882934 0.626091 0.744761 0.720555 0.682381 0.649719 0.626349 0.744539 0.642642 0.913348
0.330419 0.333962 0.306725 0.286801 0.823232 0.611652 0.361418 0.323851 0.442574 0.447584 0.417051 0.331706 0.304327 0.334784 0.304924 0.320923 0.393286 0.357563 0.351798 0.342196 0.447562 0.810603 0.254790 0.411209 0.543286 0.477167 0.936177 0.892534 0.374048 0.341355 0.295759 0.374767 0.336474 0.314673 0.484497 0.637180 0.000000 0.373969 0.513170 0.642440 0.762225 0.479418 0.342321 0.328113 0.373221 0.357658 0.364630 0.294326 0.564514 0.397947 0.423009 0.360319 0.500530 0.535426 0.546760 0.511334 0.385108 0.345404 0.306513 0.317420 0.293665 0.273987 0.360195 0.320559 0.263697 0.306456 0.340618 0.306073 0.511898 0.376869 0.423172 0.416945 0.584062 0.572166 0.598981 0.654415 0.447136 0.365689 0.351601 0.428038 0.354670 0.344837 0.515420 0.365361 0.259404 0.301510 0.911228 0.865045 0.395412 0.352626 0.618259 0.696650 0.579830 0.739598 0.429035 0.518026 0.430400 0.540255 0.385858 0.403334 0.506420 0.606282 0.310533 0.392348 0.344377 0.345891 0.743015 0.556787 0.641632 0.525575 0.776985 0.492581 0.534842 0.591489 0.481817 0.895588
0.402369 0.451467 0.453447 0.457108 0.729532 0.856858 0.467265 0.419989 0.503015 0.489668 0.462139 0.392873 0.367153 0.372063 0.395031 0.384843 0.465670 0.448476 0.427876 0.455981 0.487705 0.891759 0.370968 0.531049 0.786161 0.763838 0.826090 0.913266 0.497770 0.463151 0.506894 0.599610 0.441939 0.436898 0.588000 0.545842 0.373969 0.000000 0.683779 0.665313 0.724866 0.577075 0.439904 0.467076 0.510631 0.483833 0.539692 0.446699 0.669646 0.512259 0.476265 0.484036 0.687210 0.618793 0.704481 0.698259 0.431948 0.454061 0.404003 0.421164 0.360448 0.364272 0.377765 0.357254 0.397189 0.448649 0.479191 0.459600 0.669073 0.540275 0.516235 0.576407 0.683540 0.689330 0.819598 0.756622 0.489854 0.496837 0.495791 0.527231 0.481008 0.518637 0.532093 0.550397 0.386791 0.507652 0.846413 0.927965 0.529394 0.585488 0.610696 0.649090 0.666307 0.748715 0.563697 0.474726 0.568023 0.546570 0.433148 0.470840 0.608952 0.635622 0.348471 0.442265 0.435531 0.423150 0.705390 0.567760 0.566205 0.486446 0.776728 0.629886 0.579710 0.657394 0.404904 0.999516
