0.000000 0.661697 0.868880 0.943083 0.915101 0.981519 0.963979 0.993528 0.817464 0.890839 0.628818 0.826482 0.904007 0.959644 0.974442 0.915246 0.740413 0.642624 0.858111 0.898077 0.870994 0.988737 0.889366 0.895958 0.994359 0.920659 0.852590 0.821918 0.849767 0.788378 0.908933 0.778775 0.851428 0.673467 0.999056 0.835548 0.974882 0.935254 0.917252 0.931521 0.870346 0.726137 0.773893 0.770048 0.792625 0.681143 0.818351 0.671899 0.696956 0.734749 0.663241 0.629179 0.822827 0.964487 0.837135 0.697738 0.623632 0.608258 0.660355 0.640463 0.740390 0.927111 0.657261 0.595760 0.862923 0.976294 0.744779 0.793306 0.839092 0.747204 0.983930 0.971163 0.992612 0.996082 0.897518 0.989361 0.951671 0.970286 0.760022 0.935333 0.492496 0.658335 0.828282 0.703312 0.972604 0.926338 0.906206 0.976350 0.966557 0.854131 0.939791 0.838847 0.893592 0.870268 0.872325 0.898595 0.887691 0.779714 0.748214 0.938146 0.898431 0.934041 0.773721 0.751978 0.964736 0.838770 0.978245 0.797257 0.971310 0.968342 0.950986 0.945839 0.886530 0.883998 0.912221 0.973110
0.661697 0.000000 0.912734 0.868398 0.821195 0.871907 0.815909 0.979335 0.680623 0.614298 0.988252 0.791725 0.931735 0.964190 0.896963 0.962446 0.762141 0.731862 0.881638 0.963471 0.824699 0.996956 0.791070 0.954851 0.787140 0.657669 0.967458 0.705346 0.914408 0.916025 0.990168 0.978603 0.945501 0.872178 0.808344 0.806114 0.813228 0.932777 0.845810 0.701241 0.751766 0.783563 0.616513 0.680596 0.932958 0.773978 0.625554 0.783545 0.904597 0.886706 0.696181 0.667077 0.974857 0.931451 0.724663 0.683934 0.638541 0.540211 0.724980 0.744811 0.997296 0.881346 0.843318 0.828731 0.983196 0.801409 0.678501 0.652858 0.777096 0.727406 0.936380 0.909734 0.948922 0.943074 0.906000 0.874820 0.897461 0.808196 0.868419 0.830050 0.721934 0.664621 0.813341 0.648744 0.934474 0.701011 0.999022 0.930506 0.977171 0.844657 0.946783 0.847520 0.775456 0.924695 0.930885 0.956770 0.938327 0.881420 0.992504 0.905459 0.942325 0.920330 0.958859 0.831188 0.877281 0.782316 0.984585 0.902369 0.886857 0.930088 0.975793 0.957269 0.974743 0.931725 0.828794 0.941970
0.868880 0.912734 0.000000 0.500386 0.920839 0.812189 0.572768 0.511950 0.794031 0.869284 0.999605 0.778695 0.796957 0.831534 0.974172 0.791759 0.752932 0.739448 0.803786 0.857925 0.831685 0.884693 0.775864 0.621326 0.645609 0.847023 0.950558 0.891786 0.916885 0.993428 0.885937 0.961805 0.919712 0.915470 0.946339 0.913038 0.830797 0.846137 0.733524 0.932806 0.925364 0.928765 0.917810 0.904645 0.759578 0.705770 0.966404 0.980196 0.660697 0.710292 0.725182 0.766934 0.818683 0.715091 0.966882 0.867588 0.864154 0.725760 0.706960 0.871991 0.831243 0.598743 0.589132 0.680343 0.560220 0.619004 0.924109 0.945699 0.936923 0.903430 0.917775 0.826881 0.885725 0.931409 0.943198 0.866120 0.961187 0.966840 0.897703 0.984405 0.832944 0.820169 0.927956 0.876388 0.786288 0.696729 0.884327 0.947733 0.653842 0.859679 0.766875 0.672735 0.757238 0.574902 0.909937 0.736783 0.960867 0.938792 0.957380 0.883971 0.867043 0.943074 0.723891 0.731115 0.923934 0.912328 0.799740 0.976266 0.987710 0.856506 0.831317 0.890554 0.911212 0.790037 0.972532 0.915454
0.943083 0.868398 0.500386 0.000000 0.892159 0.840822 0.797655 0.413822 0.999064 0.967545 0.956204 0.818325 0.922503 0.986900 0.675808 0.971054 0.762614 0.772132 0.979061 0.897568 0.894709 0.983291 0.899573 0.765500 0.601177 0.661166 0.937719 0.999865 0.659004 0.821003 0.931205 0.916701 0.838978 0.952252 0.850597 0.963711 0.807079 0.796398 0.642963 0.743492 0.993071 0.934379 0.912199 0.924731 0.569322 0.644467 0.929486 0.955924 0.606189 0.705856 0.732818 0.814543 0.663826 0.592365 0.922939 0.990937 0.969016 0.899918 0.848892 0.897531 0.892439 0.785204 0.544579 0.613612 0.738135 0.528259 0.846753 0.884729 0.721754 0.929474 0.913357 0.925592 0.948493 0.972566 0.994260 0.952850 0.986104 0.993832 0.914719 0.953533 0.844948 0.729568 0.797107 0.908597 0.993921 0.705777 0.965098 0.793811 0.731661 0.885486 0.891358 0.763244 0.715307 0.628216 0.987077 0.802711 0.902589 0.837973 0.697259 0.885072 0.878001 0.981663 0.771175 0.811043 0.847585 0.801306 0.813632 0.982609 0.874946 0.860596 0.937452 0.721466 0.962404 0.895680 0.979460 0.777654
0.915101 0.821195 0.920839 0.892159 0.000000 0.958889 0.782235 0.886844 0.675378 0.827633 0.965048 0.918418 0.653734 0.684743 0.691031 0.605581 0.985776 0.937644 0.815946 0.992889 0.829373 0.987408 0.592565 0.691704 0.951553 0.810172 0.894922 0.863747 0.897043 0.957405 0.968564 0.946107 0.899523 0.957503 0.888366 0.988400 0.818678 0.938044 0.885862 0.787957 0.923551 0.813863 0.991625 0.859745 0.845275 0.974459 0.913530 0.957143 0.990009 0.955410 0.932120 0.977862 0.924873 0.798975 0.848352 0.993126 0.758725 0.758565 0.872922 0.743743 0.760925 0.801470 0.913926 0.979955 0.688780 0.956056 0.908079 0.808633 0.827842 0.763157 0.845477 0.987096 0.966802 0.967971 0.926507 0.886134 0.914784 0.935850 0.997796 0.922608 0.754820 0.888863 0.828709 0.845773 0.608699 0.937594 0.788303 0.789545 0.955937 0.847265 0.738601 0.717724 0.967595 0.765222 0.876116 0.959011 0.858178 0.721002 0.819445 0.665546 0.893375 0.829275 0.922680 0.925379 0.922385 0.940354 0.989155 0.830208 0.959815 0.813661 0.824850 0.918652 0.960692 0.984441 0.955124 0.824712
0.981519 0.871907 0.812189 0.840822 0.958889 0.000000 0.972790 0.942669 0.948728 0.838348 0.949719 0.833301 0.944729 0.899717 0.944589 0.854621 0.866540 0.994783 0.935923 0.954190 0.834662 0.940854 0.955283 0.832106 0.605460 0.549731 0.899830 0.701896 0.887848 0.804269 0.961228 0.817771 0.896250 0.856351 0.686051 0.882120 0.856453 0.903595 0.780423 0.715485 0.814722 0.962984 0.848345 0.949351 0.935626 0.901750 0.859899 0.961753 0.843545 0.778967 0.984519 0.930290 0.882518 0.812253 0.916756 0.833270 0.922975 0.928053 0.924123 0.984942 0.898776 0.831881 0.855131 0.922544 0.617985 0.610205 0.635117 0.703867 0.993507 0.986522 0.996400 0.756629 0.973666 0.982185 0.748420 0.940249 0.998994 0.826018 0.885068 0.977024 0.931416 0.787233 0.840723 0.925792 0.738900 0.580744 0.768359 0.989793 0.911065 0.796237 0.775812 0.883214 0.665136 0.816756 0.919328 0.727826 0.932317 0.966232 0.980690 0.908131 0.833951 0.974678 0.899043 0.868595 0.811036 0.813105 0.826347 0.893835 0.976637 0.944851 0.998030 0.932990 0.906541 0.977965 0.925185 0.740080
0.963979 0.815909 0.572768 0.797655 0.782235 0.972790 0.000000 0.603063 0.599922 0.505841 0.818240 0.878762 0.502589 0.617418 0.678299 0.664687 0.974253 0.952479 0.434320 0.667988 0.685635 0.890515 0.501264 0.705184 0.985711 0.715116 0.945068 0.770296 0.716428 0.633826 0.755715 0.640558 0.713111 0.799588 0.819384 0.887992 0.851524 0.952955 0.882231 0.709717 0.853722 0.899197 0.943871 0.924925 0.970472 0.928282 0.847415 0.953452 0.938274 0.969912 0.754522 0.827437 0.960761 0.992337 0.934923 0.826758 0.849415 0.644411 0.727120 0.816358 0.652597 0.675220 0.861413 0.914964 0.733693 0.974647 0.898193 0.688784 0.870811 0.776926 0.847437 0.650979 0.740519 0.773370 0.917870 0.835516 0.910354 0.996018 0.908163 0.952661 0.959803 0.962556 0.961065 0.844829 0.702070 0.954448 0.975648 0.741071 0.684196 0.853813 0.639249 0.546320 0.815576 0.623369 0.970583 0.980269 0.980233 0.883288 0.833269 0.633320 0.930723 0.681680 0.867963 0.852101 0.987351 0.875318 0.815651 0.914187 0.996658 0.993856 0.830251 0.981923 0.992209 0.865237 0.882762 0.878820
0.993528 0.979335 0.511950 0.413822 0.886844 0.942669 0.603063 0.000000 0.883678 0.753760 0.847829 0.758550 0.960579 0.968822 0.772449 0.980780 0.849240 0.799137 0.758608 0.778281 0.810755 0.990317 0.980198 0.842231 0.766657 0.836529 0.958099 0.861777 0.898439 0.896111 0.989448 0.852273 0.982883 0.871604 0.717844 0.893156 0.886226 0.877506 0.807501 0.956797 0.906079 0.924614 0.970768 0.939070 0.635908 0.718430 0.942470 0.968503 0.731584 0.869800 0.742101 0.791325 0.760391 0.674988 0.869030 0.987254 0.951563 0.810265 0.861027 0.857247 0.967122 0.692782 0.657438 0.738746 0.869133 0.707823 0.913344 0.955464 0.788279 0.957352 0.962524 0.722939 0.791876 0.906278 0.936280 0.966669 0.985647 0.980036 0.871558 0.939299 0.965012 0.748815 0.727058 0.776314 0.939556 0.934743 0.858376 0.877767 0.781155 0.856100 0.776131 0.747336 0.709665 0.647053 0.879734 0.851806 0.861073 0.851227 0.861368 0.962755 0.760914 0.870181 0.930381 0.859116 0.988781 0.866944 0.805477 0.951783 0.985528 0.919259 0.815908 0.806310 0.898997 0.873210 0.910934 0.959564
0.817464 0.680623 0.794031 0.999064 0.675378 0.948728 0.599922 0.883678 0.000000 0.473869 0.886599 0.959280 0.635056 0.750713 0.654642 0.587507 0.949676 0.870516 0.581537 0.910808 0.811969 0.958958 0.517352 0.651058 0.865771 0.687557 0.916346 0.754069 0.803498 0.732257 0.755020 0.825014 0.939147 0.962029 0.931026 0.861442 0.788433 0.817860 0.785459 0.699759 0.857722 0.900407 0.846040 0.880840 0.922609 0.933363 0.779457 0.846853 0.987194 0.913486 0.816576 0.889854 0.798548 0.753180 0.763918 0.772822 0.688681 0.645422 0.715982 0.719162 0.867405 0.780723 0.895154 0.950112 0.794710 0.827343 0.753595 0.598188 0.684204 0.746305 0.789405 0.850652 0.892901 0.999733 0.853268 0.984467 0.992686 0.985712 0.916976 0.961583 0.881821 0.872420 0.975164 0.716681 0.783447 0.833725 0.886623 0.738025 0.902750 0.932055 0.734387 0.583159 0.859176 0.736708 0.995731 0.996359 0.851592 0.792299 0.863565 0.735813 0.866083 0.765773 0.890002 0.890775 0.783443 0.882344 0.899456 0.992779 0.983899 0.869323 0.959538 0.888966 0.918575 0.988487 0.898072 0.967229
0.890839 0.614298 0.869284 0.967545 0.827633 0.838348 0.505841 0.753760 0.473869 0.000000 0.773379 0.927905 0.679418 0.790266 0.699571 0.755871 0.935568 0.931059 0.518414 0.837166 0.782162 0.966057 0.597562 0.864285 0.736251 0.595760 0.988567 0.680570 0.665442 0.558197 0.714553 0.639440 0.889506 0.862229 0.738093 0.834018 0.824823 0.833528 0.739616 0.579420 0.827602 0.854830 0.737456 0.916808 0.919016 0.995282 0.674933 0.924199 0.883186 0.810289 0.792726 0.840835 0.799495 0.768081 0.850922 0.753598 0.794617 0.669391 0.772175 0.838667 0.837792 0.826595 0.999818 0.941178 0.983682 0.668320 0.686201 0.528827 0.753882 0.794224 0.878590 0.724517 0.762286 0.907725 0.962942 0.979201 0.867415 0.967883 0.962543 0.997767 0.985470 0.864075 0.929647 0.692063 0.948307 0.634848 0.964859 0.744746 0.892761 0.951014 0.781529 0.640594 0.869221 0.769695 0.945475 0.936480 0.865194 0.887638 0.870800 0.726098 0.955217 0.723211 0.989544 0.911031 0.811134 0.781556 0.964699 0.928866 0.913497 0.921888 0.913981 0.959263 0.930238 0.957257 0.759172 0.875273
0.628818 0.988252 0.999605 0.956204 0.965048 0.949719 0.818240 0.847829 0.886599 0.773379 0.000000 0.790900 0.745501 0.798205 0.899332 0.897777 0.758856 0.687301 0.660106 0.748273 0.929732 0.989829 0.948291 0.989504 0.943528 0.947263 0.842383 0.971910 0.697877 0.620920 0.769700 0.726339 0.667415 0.645910 0.884492 0.949647 0.943648 0.950779 0.839639 0.967821 0.979055 0.797699 0.997436 0.841190 0.898467 0.844292 0.899019 0.896993 0.802801 0.796771 0.839916 0.816070 0.787547 0.963010 0.985886 0.783234 0.839743 0.886625 0.811348 0.766174 0.721573 0.780207 0.778830 0.625042 0.908372 0.888974 0.825098 0.958891 0.986113 0.935237 0.926489 0.911915 0.989542 0.999286 0.961312 0.926005 0.987193 0.988758 0.875655 0.926730 0.715390 0.687565 0.971849 0.881199 0.965579 0.906143 0.798301 0.973339 0.925983 0.801669 0.867073 0.950016 0.909419 0.916095 0.892067 0.991068 0.879491 0.900134 0.817247 0.867804 0.820273 0.933051 0.770169 0.938985 0.923900 0.949959 0.995185 0.989175 0.881053 0.938148 0.964814 0.956491 0.975761 0.879868 0.961219 0.983855
0.826482 0.791725 0.778695 0.818325 0.918418 0.833301 0.878762 0.758550 0.959280 0.927905 0.790900 0.000000 0.835229 0.711228 0.975405 0.837064 0.901843 0.923942 0.923287 0.873681 0.870272 0.952104 0.979958 0.797960 0.736536 0.773860 0.901629 0.963546 0.948140 0.989744 0.912207 0.971402 0.735822 0.784049 0.819659 0.810536 0.801918 0.906211 0.930304 0.875300 0.989931 0.966207 0.886295 0.954421 0.954611 0.943642 0.877823 0.982204 0.886365 0.997724 0.865429 0.831581 0.969852 0.901086 0.846275 0.718041 0.896015 0.926580 0.840794 0.840974 0.752841 0.593055 0.975505 0.853021 0.856197 0.695327 0.619248 0.749092 0.936718 0.958793 0.962251 0.938625 0.935137 0.895698 0.925876 0.837391 0.964919 0.950715 0.957109 0.901716 0.968170 0.686384 0.900427 0.914853 0.854890 0.735752 0.960939 0.976083 0.936606 0.773147 0.812006 0.960916 0.714467 0.928288 0.897001 0.902890 0.777446 0.924740 0.952927 0.888554 0.785408 0.870878 0.903390 0.940326 0.928576 0.759287 0.954471 0.997232 0.960641 0.959367 0.930784 0.994852 0.873061 0.991649 0.897531 0.908139
0.904007 0.931735 0.796957 0.922503 0.653734 0.944729 0.502589 0.960579 0.635056 0.679418 0.745501 0.835229 0.000000 0.504599 0.445983 0.446530 0.884273 0.805406 0.471995 0.695776 0.819843 0.923558 0.419420 0.610920 0.992850 0.732938 0.984770 0.890378 0.644867 0.669305 0.723281 0.692266 0.601696 0.751084 0.937653 0.956227 0.865633 0.960995 0.856242 0.801135 0.956172 0.980200 0.909007 0.917934 0.704620 0.878770 0.979271 0.972685 0.901288 0.918956 0.995235 0.927651 0.734126 0.812389 0.832694 0.962379 0.971108 0.815825 0.844536 0.709971 0.507630 0.710201 0.908795 0.834426 0.651280 0.943243 0.966344 0.815996 0.807746 0.742430 0.778265 0.849957 0.850589 0.782677 0.934094 0.833796 0.832543 0.881348 0.945798 0.961601 0.978827 0.962284 0.795187 0.968559 0.522267 0.930327 0.849154 0.622812 0.758771 0.828912 0.736621 0.688867 0.910501 0.810843 0.974247 0.967029 0.890820 0.829682 0.702666 0.562762 0.967643 0.689183 0.883319 0.968530 0.909393 0.907162 0.953746 0.987914 0.963765 0.887268 0.993350 0.857128 0.859922 0.992375 0.957684 0.925090
0.959644 0.964190 0.831534 0.986900 0.684743 0.899717 0.617418 0.968822 0.750713 0.790266 0.798205 0.711228 0.504599 0.000000 0.651894 0.585420 0.957031 0.962821 0.627219 0.735745 0.841461 0.798079 0.568069 0.595262 0.983369 0.872365 0.978212 0.915914 0.714850 0.902782 0.898266 0.828325 0.679321 0.756308 0.786363 0.875435 0.872168 0.992748 0.916244 0.835025 0.934168 0.932345 0.992641 0.998704 0.794677 0.906441 0.982025 0.898547 0.964562 0.922974 0.998222 0.868852 0.847354 0.819290 0.938597 0.981964 0.992400 0.879674 0.993771 0.842733 0.554290 0.665015 0.873701 0.841020 0.707653 0.927551 0.887812 0.985910 0.792625 0.826612 0.910485 0.904332 0.969495 0.853191 0.995384 0.763602 0.932683 0.980564 0.999778 0.981456 0.950036 0.881085 0.749284 0.878498 0.542419 0.801844 0.916068 0.611791 0.745332 0.740174 0.748193 0.796666 0.823817 0.864291 0.940881 0.968685 0.943133 0.817747 0.870339 0.711136 0.968312 0.847177 0.933280 0.871827 0.921961 0.962557 0.919729 0.984273 0.986134 0.975266 0.949567 0.955193 0.934891 0.954677 0.986387 0.948827
0.974442 0.896963 0.974172 0.675808 0.691031 0.944589 0.678299 0.772449 0.654642 0.699571 0.899332 0.975405 0.445983 0.651894 0.000000 0.455459 0.876001 0.808047 0.656097 0.882813 0.898328 0.926397 0.404722 0.735129 0.908298 0.702845 0.898976 0.954735 0.566314 0.684693 0.719895 0.747181 0.654790 0.888444 0.873623 0.965152 0.821567 0.808409 0.727995 0.706167 0.959537 0.945542 0.993756 0.998328 0.685653 0.865979 0.911377 0.919537 0.832504 0.897391 0.932227 0.992088 0.732307 0.718808 0.836158 0.827088 0.862434 0.869954 0.790664 0.614773 0.686025 0.924122 0.873828 0.819007 0.704200 0.757747 0.825890 0.683578 0.624087 0.703089 0.901726 0.951573 0.858723 0.885412 0.985219 0.862001 0.882527 0.890347 0.961979 0.992557 0.992362 0.857608 0.708337 0.950326 0.577891 0.981030 0.810425 0.619321 0.921338 0.958587 0.885149 0.749236 0.898206 0.902585 0.972918 0.880544 0.771594 0.710977 0.753574 0.660993 0.823622 0.845712 0.857664 0.949344 0.990561 0.815611 0.898311 0.990598 0.994028 0.877190 0.974681 0.769036 0.854018 0.969052 0.974315 0.904678
0.915246 0.962446 0.791759 0.971054 0.605581 0.854621 0.664687 0.980780 0.587507 0.755871 0.897777 0.837064 0.446530 0.585420 0.455459 0.000000 0.967523 0.881256 0.668379 0.806789 0.877536 0.964710 0.423308 0.514278 0.868675 0.892443 0.812193 0.982343 0.720098 0.817625 0.747351 0.858374 0.751663 0.962279 0.886509 0.988958 0.972346 0.990677 0.917824 0.862244 0.986804 0.935822 0.914464 0.991411 0.869366 0.978283 0.995046 0.897240 0.979630 0.927566 0.860293 0.957660 0.846594 0.862242 0.855224 0.907537 0.871213 0.829828 0.702503 0.601371 0.763864 0.795918 0.933599 0.989913 0.518323 0.984020 0.885690 0.738310 0.721255 0.713600 0.805401 0.955123 0.905999 0.852517 0.947293 0.835719 0.924174 0.889621 0.940840 0.979213 0.855306 0.965352 0.695792 0.965365 0.499888 0.821033 0.794084 0.656667 0.841134 0.819543 0.788632 0.627655 0.971895 0.682096 0.961771 0.985310 0.773242 0.662641 0.879232 0.688485 0.904833 0.821988 0.742876 0.841055 0.940202 0.923239 0.889885 0.942409 0.956289 0.889576 0.853008 0.850787 0.870763 0.927752 0.916402 0.906201
0.740413 0.762141 0.752932 0.762614 0.985776 0.866540 0.974253 0.849240 0.949676 0.935568 0.758856 0.901843 0.884273 0.957031 0.876001 0.967523 0.000000 0.529786 0.881532 0.947446 0.994893 0.992283 0.974824 0.803945 0.802724 0.870380 0.857764 0.939487 0.712838 0.650267 0.793626 0.764619 0.761207 0.728587 0.909140 0.924778 0.965828 0.974646 0.787733 0.969080 0.959575 0.855961 0.960485 0.717928 0.739503 0.656794 0.929000 0.947367 0.751343 0.692594 0.736293 0.749474 0.755129 0.782143 0.965072 0.839817 0.716875 0.717864 0.815577 0.936887 0.876225 0.879943 0.564938 0.561680 0.752081 0.725399 0.987061 0.947245 0.989688 0.922967 0.950098 0.929185 0.986546 0.925847 0.931527 0.845788 0.849820 0.915294 0.670041 0.729995 0.646162 0.975832 0.919572 0.867582 0.914703 0.841865 0.900919 0.896200 0.940734 0.929494 0.988878 0.874069 0.845057 0.763575 0.929326 0.858167 0.954433 0.900987 0.838191 0.922921 0.903966 0.889294 0.731420 0.729259 0.969765 0.992109 0.932118 0.998557 0.973220 0.915648 0.908290 0.867523 0.929043 0.794152 0.934576 0.924202
0.642624 0.731862 0.739448 0.772132 0.937644 0.994783 0.952479 0.799137 0.870516 0.931059 0.687301 0.923942 0.805406 0.962821 0.808047 0.881256 0.529786 0.000000 0.891890 0.823385 0.984205 0.955975 0.958369 0.850875 0.956931 0.912859 0.924880 0.777628 0.710672 0.710200 0.762444 0.838954 0.689159 0.807048 0.894180 0.844075 0.914504 0.970244 0.833190 0.955873 0.891325 0.734976 0.882875 0.709359 0.760062 0.695361 0.844250 0.866144 0.742497 0.786360 0.758492 0.775223 0.799867 0.859424 0.940251 0.780610 0.680000 0.659303 0.838214 0.928370 0.864187 0.849511 0.587262 0.558537 0.863050 0.765923 0.931584 0.895389 0.955339 0.966669 0.934416 0.970726 0.942716 0.873774 0.965381 0.989722 0.796773 0.833082 0.671787 0.830682 0.700033 0.818503 0.818882 0.683944 0.958980 0.963305 0.954195 0.821084 0.964533 0.904516 0.897769 0.869437 0.926794 0.825960 0.962474 0.834984 0.946076 0.933840 0.801997 0.928783 0.897789 0.911619 0.844923 0.791550 0.945367 0.987116 0.833905 0.927823 0.915962 0.957153 0.977493 0.948837 0.958326 0.793407 0.875616 0.981736
0.858111 0.881638 0.803786 0.979061 0.815946 0.935923 0.434320 0.758608 0.581537 0.518414 0.660106 0.923287 0.471995 0.627219 0.656097 0.668379 0.881532 0.891890 0.000000 0.648346 0.797448 0.917880 0.534806 0.766407 0.804592 0.650960 0.938322 0.774270 0.662407 0.553547 0.695804 0.657826 0.763076 0.685411 0.805255 0.959558 0.779116 0.942794 0.746079 0.717353 0.923528 0.994779 0.986201 0.959067 0.824446 0.885722 0.844026 0.872321 0.837692 0.741018 0.968903 0.940992 0.772364 0.823211 0.890370 0.919410 0.960610 0.816374 0.892495 0.950732 0.606020 0.741038 0.911282 0.869278 0.872795 0.835064 0.915107 0.717607 0.922067 0.830450 0.801225 0.787087 0.765163 0.809459 0.963098 0.942373 0.823035 0.969084 0.974959 0.955631 0.881918 0.909008 0.948499 0.876119 0.722549 0.888489 0.924450 0.678485 0.761940 0.842078 0.632719 0.627668 0.867188 0.769082 0.984027 0.907005 0.979268 0.907641 0.793761 0.637244 0.925990 0.674943 0.970063 0.960206 0.925336 0.905103 0.918375 0.823259 0.982233 0.931327 0.881335 0.850757 0.878984 0.973430 0.939678 0.914466
0.898077 0.963471 0.857925 0.897568 0.992889 0.954190 0.667988 0.778281 0.910808 0.837166 0.748273 0.873681 0.695776 0.735745 0.882813 0.806789 0.947446 0.823385 0.648346 0.000000 0.744721 0.843069 0.795083 0.828888 0.972067 0.906248 0.973603 0.870731 0.826441 0.712964 0.909318 0.809327 0.872655 0.837430 0.804819 0.964235 0.914702 0.882822 0.945341 0.927668 0.967051 0.982273 0.992937 0.901983 0.950633 0.992066 0.943378 0.937097 0.956408 0.999102 0.935761 0.941945 0.909200 0.942230 0.997867 0.825259 0.923980 0.932973 0.931954 0.967755 0.829098 0.869627 0.988171 0.999022 0.894867 0.973454 0.984720 0.867130 0.994467 0.905227 0.774134 0.770909 0.883135 0.810274 0.756839 0.976343 0.848140 0.947912 0.891399 0.950260 0.947038 0.797719 0.932722 0.899775 0.846384 0.975371 0.997316 0.774098 0.740035 0.820330 0.903920 0.843472 0.828371 0.838118 0.991405 0.921277 0.993360 0.984091 0.860352 0.854862 0.950300 0.812580 0.900085 0.979168 0.959490 0.966325 0.893497 0.888417 0.956172 0.964111 0.943344 0.928648 0.967844 0.922644 0.974770 0.997182
0.870994 0.824699 0.831685 0.894709 0.829373 0.834662 0.685635 0.810755 0.811969 0.782162 0.929732 0.870272 0.819843 0.841461 0.898328 0.877536 0.994893 0.984205 0.797448 0.744721 0.000000 0.939244 0.740195 0.886951 0.892486 0.826119 0.949874 0.847036 0.944670 0.869540 0.973227 0.776634 0.927083 0.954335 0.964806 0.951070 0.870223 0.847942 0.884820 0.739984 0.902110 0.801843 0.818263 0.859163 0.879463 0.799752 0.863390 0.953911 0.835146 0.959925 0.812490 0.851244 0.964270 0.957726 0.932757 0.956331 0.757958 0.677336 0.832150 0.877317 0.897060 0.791614 0.848965 0.877305 0.907885 0.974028 0.872954 0.799034 0.891903 0.718384 0.816953 0.837747 0.790665 0.803411 0.917441 0.996652 0.934219 0.993955 0.950968 0.995874 0.780310 0.938212 0.945409 0.817113 0.874793 0.922118 0.976065 0.859108 0.956902 0.993828 0.888570 0.759741 0.956997 0.816287 0.909965 0.840694 0.951583 0.983823 0.958762 0.936335 0.870427 0.732381 0.967788 0.842891 0.968529 0.989028 0.881965 0.934404 0.986166 0.941900 0.984862 0.936939 0.920279 0.921117 0.881346 0.924836
0.988737 0.996956 0.884693 0.983291 0.987408 0.940854 0.890515 0.990317 0.958958 0.966057 0.989829 0.952104 0.923558 0.798079 0.926397 0.964710 0.992283 0.955975 0.917880 0.843069 0.939244 0.000000 0.951323 0.945028 0.989336 0.945299 0.983903 0.985296 0.957629 0.950913 0.930702 0.966622 0.907000 0.960992 0.949718 0.991017 0.909470 0.861077 0.990485 0.994270 0.993500 0.885541 0.944604 0.954584 0.959622 0.986495 0.985254 0.963870 0.951225 0.986791 0.903883 0.922701 0.823429 0.974300 0.952892 0.989512 0.996552 0.977496 0.998022 0.953029 0.970131 0.913439 0.963987 0.924831 0.958310 0.961749 0.989442 0.948549 0.917404 0.956550 0.883794 0.996162 0.937872 0.979465 0.951195 0.884826 0.877930 0.931947 0.951091 0.867784 0.924630 0.904586 0.953638 0.917812 0.905832 0.967548 0.894410 0.843801 0.820975 0.907406 0.997231 0.907895 0.966047 0.906388 0.861178 0.792617 0.963055 0.935710 0.899313 0.940469 0.964672 0.865262 0.950977 0.922428 0.908338 0.970095 0.941962 0.976038 0.893853 0.963558 0.991575 0.943033 0.882880 0.924440 0.951540 0.962084
0.889366 0.791070 0.775864 0.899573 0.592565 0.955283 0.501264 0.980198 0.517352 0.597562 0.948291 0.979958 0.419420 0.568069 0.404722 0.423308 0.974824 0.958369 0.534806 0.795083 0.740195 0.951323 0.000000 0.565373 0.969853 0.660097 0.843182 0.884104 0.682763 0.739918 0.748587 0.796038 0.719834 0.949004 0.940416 0.946036 0.814595 0.892580 0.777536 0.644719 0.921231 0.868081 0.955557 0.881391 0.797661 0.991046 0.857157 0.932945 0.942765 0.969302 0.821182 0.964844 0.801755 0.747927 0.789859 0.806784 0.766463 0.743768 0.724430 0.631110 0.648243 0.766827 0.960764 0.980126 0.576704 0.904235 0.818016 0.650666 0.691901 0.683457 0.842059 0.890397 0.822576 0.840361 0.965012 0.870093 0.878945 0.929359 0.987221 0.933533 0.874995 0.908280 0.717768 0.969094 0.470733 0.930120 0.797213 0.580437 0.812657 0.884565 0.712924 0.536804 0.974295 0.691709 0.991691 0.997649 0.826255 0.723369 0.819433 0.615231 0.918150 0.711976 0.764684 0.877862 0.974607 0.848685 0.969956 0.967834 0.986321 0.912546 0.995896 0.847014 0.835804 0.966609 0.987573 0.973208
0.895958 0.954851 0.621326 0.765500 0.691704 0.832106 0.705184 0.842231 0.651058 0.864285 0.989504 0.797960 0.610920 0.595262 0.735129 0.514278 0.803945 0.850875 0.766407 0.828888 0.886951 0.945028 0.565373 0.000000 0.692762 0.974512 0.788320 0.918615 0.995144 0.950067 0.915149 0.998943 0.880277 0.986619 0.865223 0.999937 0.985069 0.807427 0.902381 0.951407 0.945427 0.931581 0.939887 0.842563 0.937088 0.780945 0.987931 0.919994 0.766103 0.774430 0.808143 0.959434 0.951875 0.988769 0.888073 0.942172 0.802997 0.814638 0.774431 0.765083 0.789126 0.653725 0.782229 0.833927 0.465905 0.696492 0.940743 0.940562 0.899961 0.819986 0.799676 0.979012 0.989181 0.983160 0.900525 0.861256 0.992793 0.848802 0.981000 0.856098 0.729500 0.960237 0.810559 0.993136 0.513404 0.636737 0.696547 0.757584 0.706343 0.842162 0.824612 0.705941 0.868193 0.653117 0.928819 0.836732 0.870404 0.922220 0.981505 0.779972 0.998086 0.882559 0.584266 0.807765 0.844462 0.839581 0.911595 0.970471 0.873550 0.991542 0.941236 0.979962 0.916506 0.912098 0.917592 0.813027
0.994359 0.787140 0.645609 0.601177 0.951553 0.605460 0.985711 0.766657 0.865771 0.736251 0.943528 0.736536 0.992850 0.983369 0.908298 0.868675 0.802724 0.956931 0.804592 0.972067 0.892486 0.989336 0.969853 0.692762 0.000000 0.530760 0.753324 0.830715 0.762973 0.741611 0.999357 0.724015 0.941624 0.995220 0.818205 0.902112 0.713153 0.681664 0.587086 0.670485 0.918385 0.964704 0.832741 0.931045 0.719678 0.738627 0.797541 0.922577 0.641859 0.578270 0.859943 0.936802 0.675140 0.608176 0.830633 0.886508 0.987643 0.936304 0.938520 0.991040 0.981270 0.768084 0.718575 0.797543 0.565468 0.459483 0.682875 0.701876 0.844678 0.961796 0.986474 0.925913 0.919942 0.925395 0.982348 0.983758 0.985082 0.811650 0.924405 0.993130 0.894345 0.754182 0.950020 0.789900 0.822395 0.480316 0.701561 0.826028 0.778519 0.889035 0.980905 0.980852 0.711062 0.778104 0.882660 0.751099 0.915624 0.930386 0.818715 0.969857 0.798402 0.895816 0.742396 0.805536 0.742257 0.680092 0.996582 0.841245 0.934753 0.839623 0.993610 0.871563 0.939395 0.996813 0.834348 0.708812
0.920659 0.657669 0.847023 0.661166 0.810172 0.549731 0.715116 0.836529 0.687557 0.595760 0.947263 0.773860 0.732938 0.872365 0.702845 0.892443 0.870380 0.912859 0.650960 0.906248 0.826119 0.945299 0.660097 0.974512 0.530760 0.000000 0.932603 0.658402 0.692194 0.628918 0.853787 0.776597 0.891735 0.958024 0.833717 0.895202 0.726976 0.821123 0.587738 0.549082 0.857042 0.960756 0.762958 0.949195 0.733361 0.838346 0.745113 0.981382 0.752604 0.723650 0.953770 0.922357 0.740306 0.662906 0.742762 0.749731 0.893255 0.750106 0.820997 0.803724 0.877205 0.906369 0.783943 0.871933 0.792581 0.479776 0.585559 0.563091 0.780616 0.847121 0.917370 0.797065 0.888282 0.957558 0.858787 0.924316 0.961253 0.886445 0.943067 0.943864 0.974219 0.666939 0.963205 0.836300 0.986102 0.545004 0.930640 0.670048 0.985135 0.821819 0.942076 0.871201 0.760626 0.928831 0.957847 0.760973 0.865278 0.817784 0.801425 0.785053 0.845444 0.766384 0.971364 0.897554 0.812873 0.699350 0.930371 0.903074 0.985024 0.882205 0.951613 0.934922 0.953670 0.997062 0.901300 0.727072
0.852590 0.967458 0.950558 0.937719 0.894922 0.899830 0.945068 0.958099 0.916346 0.988567 0.842383 0.901629 0.984770 0.978212 0.898976 0.812193 0.857764 0.924880 0.938322 0.973603 0.949874 0.983903 0.843182 0.788320 0.753324 0.932603 0.000000 0.964442 0.949550 0.824167 0.968048 0.808833 0.904511 0.826837 0.976921 0.812771 0.937562 0.853357 0.885132 0.984908 0.954488 0.931600 0.894044 0.779746 0.824700 0.780778 0.962511 0.888667 0.784292 0.737686 0.783200 0.863323 0.889320 0.923937 0.952963 0.863780 0.799349 0.923010 0.821219 0.812394 0.882102 0.999886 0.837527 0.783377 0.705904 0.844883 0.897276 0.923295 0.969779 0.927958 0.963952 0.896520 0.929347 0.854384 0.921710 0.988922 0.921228 0.990378 0.875564 0.926242 0.870773 0.914136 0.831812 0.954511 0.803736 0.795478 0.778944 0.935924 0.881942 0.993261 0.960694 0.836086 0.991423 0.875148 0.998796 0.954304 0.974404 0.956777 0.872258 0.967038 0.886157 0.904106 0.647583 0.750993 0.980525 0.886532 0.879416 0.980105 0.970868 0.951300 0.925883 0.978325 0.946271 0.955434 0.845503 0.788981
0.821918 0.705346 0.891786 0.999865 0.863747 0.701896 0.770296 0.861777 0.754069 0.680570 0.971910 0.963546 0.890378 0.915914 0.954735 0.982343 0.939487 0.777628 0.774270 0.870731 0.847036 0.985296 0.884104 0.918615 0.830715 0.658402 0.964442 0.000000 0.932596 0.806815 0.941444 0.960839 0.890045 0.996281 0.736160 0.862436 0.908211 0.992510 0.869249 0.779816 0.853934 0.880873 0.810775 0.892733 0.968271 0.959421 0.858537 0.969352 0.967447 0.922056 0.868142 0.838291 0.994198 0.916847 0.799598 0.870918 0.879455 0.712777 0.851030 0.967573 0.986735 0.884614 0.939033 0.871100 0.892456 0.847482 0.770369 0.715386 0.973547 0.945015 0.857778 0.760240 0.871909 0.990157 0.845132 0.984750 0.959873 0.890474 0.892098 0.937212 0.877376 0.885873 0.849468 0.742201 0.935761 0.761127 0.999084 0.895263 0.813444 0.899457 0.932616 0.842036 0.895579 0.984898 0.988331 0.916689 0.980651 0.974909 0.984162 0.884498 0.991471 0.907166 0.903826 0.950472 0.806680 0.816043 0.867170 0.952450 0.967976 0.925700 0.983546 0.951937 0.967297 0.943574 0.920731 0.895377
0.849767 0.914408 0.916885 0.659004 0.897043 0.887848 0.716428 0.898439 0.803498 0.665442 0.697877 0.948140 0.644867 0.714850 0.566314 0.720098 0.712838 0.710672 0.662407 0.826441 0.944670 0.957629 0.682763 0.995144 0.762973 0.692194 0.949550 0.932596 0.000000 0.522743 0.692865 0.636370 0.603173 0.724554 0.953750 0.973359 0.876056 0.822023 0.691003 0.671033 0.963336 0.810750 0.912840 0.913041 0.714375 0.735138 0.856492 0.946008 0.714557 0.711713 0.966493 0.976593 0.678786 0.756571 0.991668 0.874476 0.918558 0.942245 0.939103 0.851998 0.752714 0.992275 0.657645 0.654396 0.918062 0.598479 0.844375 0.755762 0.676372 0.789179 0.957603 0.791379 0.867195 0.895863 0.914424 0.885724 0.983632 0.887897 0.864362 0.969695 0.733663 0.970612 0.823621 0.974971 0.870173 0.763210 0.843249 0.689978 0.989113 0.856565 0.940876 0.940870 0.905804 0.970332 0.989230 0.778174 0.898247 0.773274 0.710214 0.806427 0.930640 0.890515 0.898158 0.965830 0.809802 0.702678 0.908608 0.874014 0.750749 0.795784 0.963229 0.855994 0.954812 0.856319 0.967801 0.787888
0.788378 0.916025 0.993428 0.821003 0.957405 0.804269 0.633826 0.896111 0.732257 0.558197 0.620920 0.989744 0.669305 0.902782 0.684693 0.817625 0.650267 0.710200 0.553547 0.712964 0.869540 0.950913 0.739918 0.950067 0.741611 0.628918 0.824167 0.806815 0.522743 0.000000 0.634905 0.580128 0.746052 0.726213 0.741268 0.932424 0.932933 0.878218 0.627071 0.698790 0.951137 0.893868 0.942984 0.856115 0.786722 0.776202 0.840196 0.933567 0.722060 0.695080 0.961444 0.989112 0.746223 0.833843 0.974544 0.969629 0.904594 0.975661 0.938691 0.969198 0.776219 0.991295 0.793474 0.709186 0.834844 0.617009 0.843858 0.692292 0.905009 0.988606 0.867200 0.717120 0.729564 0.809298 0.956523 0.912365 0.909522 0.979632 0.792166 0.851473 0.689024 0.928804 0.955676 0.935204 0.995840 0.698325 0.886028 0.803349 0.910210 0.994761 0.813694 0.869332 0.925942 0.967651 0.919055 0.891302 0.935797 0.968855 0.681096 0.751764 0.970766 0.655464 0.823759 0.801149 0.857320 0.814547 0.982252 0.900814 0.899858 0.929397 0.847763 0.881430 0.932710 0.900732 0.909381 0.804138
0.908933 0.990168 0.885937 0.931205 0.968564 0.961228 0.755715 0.989448 0.755020 0.714553 0.769700 0.912207 0.723281 0.898266 0.719895 0.747351 0.793626 0.762444 0.695804 0.909318 0.973227 0.930702 0.748587 0.915149 0.999357 0.853787 0.968048 0.941444 0.692865 0.634905 0.000000 0.813907 0.728697 0.755749 0.926961 0.877462 0.917345 0.980724 0.877302 0.918116 0.982274 0.904528 0.996715 0.932586 0.803483 0.871420 0.879025 0.987884 0.870230 0.826600 0.946427 0.956515 0.781875 0.872159 0.964510 0.902028 0.960589 0.999977 0.858460 0.886919 0.843990 0.917427 0.843363 0.797537 0.958122 0.790704 0.991809 0.838109 0.882419 0.854098 0.867183 0.977158 0.921365 0.993517 0.901557 0.999899 0.780035 0.984190 0.905880 0.771603 0.765272 0.923905 0.840715 0.968747 0.878250 0.941083 0.953844 0.871719 0.854297 0.874829 0.919595 0.878497 0.955980 0.835780 0.947793 0.977151 0.997472 0.983229 0.863002 0.796157 0.966429 0.838337 0.947478 0.969454 0.951403 0.907509 0.817309 0.924029 0.914214 0.912413 0.996852 0.934062 0.997279 0.930912 0.971021 0.944786
0.778775 0.978603 0.961805 0.916701 0.946107 0.817771 0.640558 0.852273 0.825014 0.639440 0.726339 0.971402 0.692266 0.828325 0.747181 0.858374 0.764619 0.838954 0.657826 0.809327 0.776634 0.966622 0.796038 0.998943 0.724015 0.776597 0.808833 0.960839 0.636370 0.580128 0.813907 0.000000 0.706113 0.769871 0.867040 0.962088 0.860017 0.826466 0.818864 0.704460 0.912584 0.925638 0.950059 0.906498 0.831018 0.856971 0.915468 0.879554 0.844103 0.757448 0.973880 0.988466 0.724842 0.834982 0.986942 0.969341 0.988365 0.869774 0.980833 0.992843 0.730075 0.929429 0.799369 0.784227 0.899004 0.725261 0.893955 0.781020 0.842443 0.929852 0.895073 0.725544 0.777061 0.786360 0.893308 0.854207 0.943993 0.967071 0.911506 0.881594 0.785576 0.993692 0.992334 0.974793 0.949233 0.749660 0.824377 0.824302 0.978286 0.995661 0.879794 0.904189 0.982349 0.996871 0.991574 0.888635 0.903678 0.948746 0.696567 0.744478 0.938853 0.764004 0.816785 0.898183 0.943906 0.929716 0.910159 0.865461 0.959211 0.978008 0.887055 0.931300 0.948644 0.992517 0.854070 0.762352
0.851428 0.945501 0.919712 0.838978 0.899523 0.896250 0.713111 0.982883 0.939147 0.889506 0.667415 0.735822 0.601696 0.679321 0.654790 0.751663 0.761207 0.689159 0.763076 0.872655 0.927083 0.907000 0.719834 0.880277 0.941624 0.891735 0.904511 0.890045 0.603173 0.746052 0.728697 0.706113 0.000000 0.642859 0.795306 0.867578 0.975433 0.967510 0.859116 0.944087 0.926211 0.866526 0.926490 0.868876 0.719206 0.812619 0.923052 0.941320 0.890924 0.879713 0.826697 0.822147 0.742723 0.876798 0.988881 0.859833 0.895437 0.987597 0.894392 0.983527 0.558415 0.765184 0.715015 0.629518 0.875989 0.947283 0.794021 0.918655 0.787955 0.859144 0.988882 0.862026 0.928138 0.944723 0.980164 0.833679 0.986984 0.934861 0.938295 0.868867 0.810768 0.866445 0.881783 0.787830 0.748535 0.932989 0.971864 0.765578 0.953881 0.865533 0.838784 0.980669 0.837420 0.943356 0.971591 0.947500 0.832600 0.996316 0.735190 0.686098 0.805925 0.865295 0.857005 0.995389 0.928563 0.937608 0.968078 0.943924 0.955303 0.978041 0.810117 0.948552 0.992321 0.944623 0.895331 0.877690
0.673467 0.872178 0.915470 0.952252 0.957503 0.856351 0.799588 0.871604 0.962029 0.862229 0.645910 0.784049 0.751084 0.756308 0.888444 0.962279 0.728587 0.807048 0.685411 0.837430 0.954335 0.960992 0.949004 0.986619 0.995220 0.958024 0.826837 0.996281 0.724554 0.726213 0.755749 0.769871 0.642859 0.000000 0.889847 0.875502 0.996951 0.948775 0.929183 0.991980 0.926101 0.860779 0.801151 0.715755 0.719077 0.677377 0.818393 0.746305 0.761490 0.739881 0.710504 0.703153 0.738833 0.885419 0.791781 0.825464 0.773571 0.890992 0.744669 0.768431 0.569731 0.736242 0.731746 0.675797 0.950728 0.998394 0.729673 0.802273 0.948920 0.953920 0.933760 0.794114 0.992539 0.875119 0.867508 0.880864 0.832710 0.912968 0.914906 0.714756 0.659045 0.773559 0.992406 0.960307 0.912331 0.936235 0.861315 0.913528 0.895411 0.760955 0.731095 0.977884 0.763528 0.970358 0.937466 0.941152 0.902332 0.814526 0.716436 0.746582 0.728347 0.843341 0.744131 0.917711 0.959580 0.877416 0.981310 0.931915 0.976382 0.995682 0.712568 0.776252 0.938349 0.806883 0.902065 0.984210
0.999056 0.808344 0.946339 0.850597 0.888366 0.686051 0.819384 0.717844 0.931026 0.738093 0.884492 0.819659 0.937653 0.786363 0.873623 0.886509 0.909140 0.894180 0.805255 0.804819 0.964806 0.949718 0.940416 0.865223 0.818205 0.833717 0.976921 0.736160 0.953750 0.741268 0.926961 0.867040 0.795306 0.889847 0.000000 0.763698 0.886008 0.988012 0.799945 0.921709 0.849356 0.988685 0.814354 0.951776 0.788282 0.899944 0.754715 0.948086 0.979788 0.961546 0.780567 0.732166 0.853253 0.834596 0.891458 0.805319 0.970916 0.873314 0.812696 0.970609 0.823083 0.906480 0.819043 0.819607 0.812351 0.805660 0.651972 0.627123 0.875008 0.972828 0.982669 0.859843 0.835125 0.993510 0.842643 0.883056 0.993273 0.722395 0.961705 0.867415 0.919184 0.986957 0.848860 0.870367 0.782818 0.711721 0.823588 0.927239 0.924114 0.962878 0.934324 0.855743 0.880040 0.861231 0.893237 0.957630 0.962355 0.960045 0.891875 0.926462 0.967452 0.968843 0.926048 0.959660 0.870858 0.836017 0.889497 0.972048 0.841727 0.981519 0.987702 0.924124 0.945279 0.857809 0.849386 0.915423
0.835548 0.806114 0.913038 0.963711 0.988400 0.882120 0.887992 0.893156 0.861442 0.834018 0.949647 0.810536 0.956227 0.875435 0.965152 0.988958 0.924778 0.844075 0.959558 0.964235 0.951070 0.991017 0.946036 0.999937 0.902112 0.895202 0.812771 0.862436 0.973359 0.932424 0.877462 0.962088 0.867578 0.875502 0.763698 0.000000 0.843433 0.927129 0.894746 0.906361 0.815763 0.944973 0.939281 0.959710 0.911812 0.966319 0.864237 0.866678 0.991507 0.976522 0.809430 0.815713 0.919711 0.978364 0.874230 0.795761 0.909770 0.874166 0.786745 0.854921 0.845739 0.915295 0.835763 0.839353 0.970048 0.875781 0.748039 0.714272 0.987388 0.958747 0.917405 0.810315 0.924570 0.898148 0.982883 0.952638 0.897722 0.969562 0.954168 0.821998 0.960239 0.919023 0.774533 0.863280 0.902401 0.837744 0.986821 0.976097 0.924751 0.988678 0.978207 0.866783 0.852704 0.910145 0.980007 0.951174 0.847525 0.868808 0.916363 0.969204 0.926570 0.924081 0.929886 0.907753 0.830646 0.811606 0.993548 0.959279 0.882214 0.984652 0.913079 0.928637 0.979717 0.898987 0.829863 0.941019
0.974882 0.813228 0.830797 0.807079 0.818678 0.856453 0.851524 0.886226 0.788433 0.824823 0.943648 0.801918 0.865633 0.872168 0.821567 0.972346 0.965828 0.914504 0.779116 0.914702 0.870223 0.909470 0.814595 0.985069 0.713153 0.726976 0.937562 0.908211 0.876056 0.932933 0.917345 0.860017 0.975433 0.996951 0.886008 0.843433 0.000000 0.855584 0.647611 0.779706 0.867496 0.912139 0.780549 0.820665 0.955045 0.990756 0.718035 0.831957 0.988703 0.898631 0.876782 0.952172 0.950877 0.837044 0.748381 0.894445 0.784176 0.770254 0.947827 0.855554 0.923654 0.987627 0.969914 0.979735 0.990672 0.810092 0.786106 0.774489 0.776290 0.815834 0.990982 0.948141 0.852525 0.951698 0.979856 0.907670 0.890143 0.938125 0.907913 0.894718 0.990722 0.721520 0.914574 0.940041 0.929684 0.797072 0.882599 0.838949 0.955514 0.928070 0.969152 0.917386 0.872721 0.911453 0.960487 0.873340 0.961181 0.831052 0.969872 0.967772 0.890605 0.902707 0.990506 0.976337 0.814284 0.898254 0.911142 0.935729 0.989288 0.972926 0.969251 0.930678 0.983506 0.930586 0.818849 0.877444
0.935254 0.932777 0.846137 0.796398 0.938044 0.903595 0.952955 0.877506 0.817860 0.833528 0.950779 0.906211 0.960995 0.992748 0.808409 0.990677 0.974646 0.970244 0.942794 0.882822 0.847942 0.861077 0.892580 0.807427 0.681664 0.821123 0.853357 0.992510 0.822023 0.878218 0.980724 0.826466 0.967510 0.948775 0.988012 0.927129 0.855584 0.000000 0.811568 0.682858 0.955518 0.984811 0.874850 0.968856 0.878614 0.941107 0.840038 0.983052 0.838462 0.799460 0.971786 0.943744 0.836673 0.840226 0.931664 0.894417 0.911915 0.914183 0.994492 0.870176 0.983407 0.895897 0.942909 0.906766 0.851998 0.725405 0.794677 0.832647 0.816340 0.836042 0.909661 0.996022 0.882967 0.941486 0.994604 0.926924 0.985149 0.891559 0.979433 0.906485 0.985131 0.856464 0.900993 0.840528 0.922960 0.719058 0.866408 0.986965 0.688545 0.834361 0.994416 0.988773 0.851624 0.846612 0.905115 0.846917 0.891699 0.834843 0.883243 0.955317 0.738981 0.945611 0.911581 0.995738 0.729601 0.740387 0.979067 0.984379 0.970209 0.855364 0.911422 0.915577 0.975649 0.982661 0.894128 0.834434
