0.000000 0.211573 0.493332 0.725291 0.686284 0.994567 0.503461 0.569974 0.912419 0.830326 0.393521 0.315996 0.298406 0.490834 0.698954 0.726532 0.337014 0.368442 0.302806 0.311439 0.815341 0.994354 0.632439 0.750055 0.851614 0.969579 0.942203 0.997354 0.584468 0.500462 0.918164 0.991650 0.376830 0.379538 0.764366 0.868766 0.542582 0.757207 0.853354 0.857981 0.810179 0.995173 0.908667 0.864787 0.980687 0.866205 0.530065 0.514329 0.740491 0.504293 0.590751 0.519433 0.984118 0.774471 0.419057 0.578710 0.298572 0.224379 0.320506 0.351757 0.266057 0.351061 0.246337 0.253943 0.544074 0.596084 0.597311 0.796773 0.311280 0.267311 0.747276 0.982826 0.534207 0.723168 0.703253 0.807670 0.738942 0.819152 0.499059 0.530486 0.262132 0.287742 0.398575 0.367814 0.267557 0.421617 0.600680 0.662447 0.437393 0.498114 0.600362 0.476973 0.603736 0.528681 0.950634 0.869960 0.433803 0.971290 0.913036 0.982854 0.750737 0.839231 0.769489 0.785694 0.688752 0.632694 0.986382 0.933896 0.887938 0.602767 0.992380 0.755308 0.950887 0.848021 0.681302 0.775531
0.211573 0.000000 0.540238 0.691148 0.757008 0.954440 0.587415 0.527298 0.968090 0.795646 0.450625 0.256904 0.349486 0.461887 0.758068 0.704097 0.314685 0.339225 0.334542 0.289534 0.851806 0.961922 0.650621 0.686634 0.880675 0.957465 0.893826 0.965544 0.575799 0.502298 0.967114 0.977723 0.417859 0.427507 0.789181 0.937144 0.575166 0.718353 0.825099 0.819788 0.832741 0.968318 0.836578 0.823032 0.964503 0.903646 0.474800 0.555771 0.804006 0.557573 0.595634 0.521486 0.940578 0.755558 0.461723 0.607317 0.284455 0.203046 0.370237 0.375387 0.322641 0.344496 0.276211 0.252044 0.564792 0.541899 0.636624 0.792561 0.325742 0.281126 0.712111 0.971244 0.579934 0.763554 0.745011 0.787332 0.671925 0.726972 0.461210 0.474972 0.284256 0.301739 0.443126 0.414485 0.311814 0.406103 0.619895 0.699912 0.494027 0.514869 0.555040 0.487577 0.597940 0.503072 0.974134 0.863550 0.469768 0.956507 0.948156 0.979759 0.725595 0.791727 0.832579 0.808650 0.703714 0.606093 0.995808 0.974020 0.878614 0.597023 0.961678 0.762719 0.897563 0.885241 0.660822 0.842491
0.493332 0.540238 0.000000 0.315328 0.961371 0.803259 0.518061 0.583578 0.980547 0.618457 0.776421 0.711654 0.538797 0.703987 0.894988 0.718145 0.774683 0.846108 0.608598 0.689008 0.556465 0.963954 0.711721 0.472060 0.422133 0.493298 0.785233 0.727872 0.962544 0.952895 0.699406 0.998731 0.487162 0.502269 0.447535 0.903473 0.437187 0.707274 0.581202 0.695747 0.723215 0.986773 0.726068 0.740265 0.984369 0.854603 0.511239 0.476443 0.958894 0.663556 0.582727 0.489629 0.883157 0.922043 0.382145 0.515920 0.769867 0.645214 0.392118 0.438300 0.520001 0.680565 0.657516 0.749942 0.269284 0.416253 0.304198 0.400639 0.564416 0.510520 0.705243 0.874192 0.716547 0.814853 0.703200 0.844207 0.639827 0.919161 0.642728 0.750856 0.735286 0.703700 0.751089 0.664284 0.494818 0.309528 0.795145 0.972870 0.550774 0.574921 0.983125 0.762621 0.867533 0.905949 0.933532 0.819558 0.571182 0.739824 0.976911 0.937646 0.977999 0.870610 0.890633 0.938469 0.608134 0.434777 0.863459 0.803686 0.903705 0.750835 0.933001 0.883673 0.876014 0.847160 0.640466 0.996638
0.725291 0.691148 0.315328 0.000000 0.861333 0.665006 0.624148 0.454319 0.928620 0.610518 0.976638 0.807829 0.716116 0.736918 0.971843 0.691746 0.961799 0.991090 0.813337 0.838543 0.593878 0.991135 0.882795 0.402933 0.379798 0.391106 0.796105 0.671769 0.814837 0.803583 0.711492 0.924589 0.667526 0.612376 0.522980 0.686921 0.509941 0.632572 0.448062 0.547975 0.753222 0.933298 0.546963 0.627503 0.929096 0.825501 0.444129 0.459099 0.834090 0.806136 0.566213 0.515862 0.933056 0.946201 0.516018 0.535868 0.934983 0.825529 0.516547 0.556769 0.705185 0.764537 0.873675 0.939730 0.359227 0.326149 0.316609 0.307059 0.794452 0.702522 0.702089 0.919788 0.962069 0.973851 0.776693 0.877134 0.576661 0.782818 0.739797 0.854193 0.967170 0.924027 0.887903 0.806776 0.717802 0.317122 0.884156 0.813646 0.692551 0.651809 0.793010 0.973825 0.652284 0.903134 0.902722 0.769299 0.610140 0.746801 0.975303 0.964225 0.873809 0.902417 0.933340 0.887237 0.547248 0.380320 0.816133 0.700621 0.879143 0.807009 0.881609 0.899607 0.763894 0.798783 0.643524 0.904607
0.686284 0.757008 0.961371 0.861333 0.000000 0.836973 0.828940 0.949603 0.857874 0.899102 0.735196 0.751330 0.647412 0.768486 0.798135 0.818180 0.699720 0.759817 0.693100 0.808952 0.905345 0.901888 0.774667 0.944702 0.841544 0.774321 0.866072 0.892640 0.677010 0.692711 0.901243 0.969531 0.881683 0.832984 0.969733 0.771327 0.936147 0.955308 0.869398 0.995533 0.852503 0.834552 0.958828 0.964509 0.910921 0.896470 0.891484 0.826396 0.824831 0.812412 0.875634 0.881833 0.951139 0.989888 0.945632 0.984131 0.684562 0.778553 0.782811 0.877704 0.722077 0.783697 0.671746 0.650294 0.996043 0.944820 0.913133 0.832447 0.727790 0.769334 0.999517 0.836792 0.931063 0.888577 0.999668 0.965606 0.908909 0.944637 0.815462 0.936417 0.692523 0.774970 0.740910 0.810718 0.700047 0.950260 0.803202 0.777271 0.799401 0.858963 0.728946 0.864022 0.628635 0.758681 0.805361 0.977989 0.874296 0.729733 0.958241 0.949677 0.756549 0.984954 0.928471 0.797121 0.963402 0.925230 0.969452 0.837591 0.980173 0.982236 0.830466 0.808084 0.883844 0.919636 0.897752 0.889090
0.994567 0.954440 0.803259 0.665006 0.836973 0.000000 0.953447 0.798890 0.872666 0.839829 0.996811 0.980000 0.972445 0.983986 0.801076 0.949149 0.974178 0.988439 0.960072 0.991197 0.683806 0.997517 0.779867 0.908119 0.716861 0.574602 0.960651 0.547186 0.871358 0.869223 0.989570 0.997066 0.965367 0.855749 0.820068 0.786710 0.875623 0.987238 0.773540 0.534229 0.630274 0.896272 0.638122 0.647892 0.995579 0.890854 0.800875 0.783763 0.842517 0.912870 0.919758 0.925469 0.889461 0.876075 0.895084 0.737657 0.977027 0.983257 0.878869 0.914414 0.996918 0.994195 0.919244 0.883020 0.817055 0.631434 0.655801 0.568618 0.992745 0.896997 0.894947 0.999861 0.991389 0.955990 0.931548 0.984955 0.892959 0.791736 0.971265 0.813145 0.940697 0.955352 0.854977 0.965148 0.935865 0.757706 0.992956 0.797441 0.916764 0.872045 0.627009 0.781412 0.608909 0.716958 0.936122 0.736607 0.785858 0.652614 0.881307 0.837413 0.669431 0.988604 0.833234 0.837582 0.956384 0.714474 0.931100 0.904195 0.878812 0.991134 0.845418 0.944017 0.887224 0.944858 0.943635 0.756633
0.503461 0.587415 0.518061 0.624148 0.828940 0.953447 0.000000 0.376939 0.604942 0.799277 0.519677 0.555729 0.319836 0.342978 0.505058 0.518825 0.600924 0.612773 0.343652 0.509475 0.799484 0.971517 0.663110 0.736900 0.980076 0.981866 0.889936 0.964593 0.562279 0.614089 0.676271 0.665051 0.362457 0.305213 0.797817 0.961154 0.731658 0.814185 0.969576 0.927901 0.886304 0.946608 0.576937 0.491790 0.534064 0.436049 0.508326 0.341581 0.611192 0.467138 0.441812 0.504364 0.695521 0.804635 0.600006 0.617082 0.633678 0.656690 0.412497 0.575784 0.320968 0.475067 0.445756 0.523835 0.709054 0.687360 0.491004 0.597918 0.791560 0.639818 0.635756 0.725815 0.568981 0.592508 0.780453 0.693816 0.505206 0.684054 0.589759 0.646819 0.647631 0.727010 0.661578 0.715105 0.604420 0.574601 0.885449 0.913311 0.683125 0.778410 0.845621 0.975716 0.982668 0.932759 0.916406 0.896586 0.532432 0.895977 0.535854 0.587739 0.921818 0.739666 0.577172 0.577425 0.642297 0.702019 0.846054 0.737677 0.940349 0.698968 0.754269 0.545933 0.723223 0.603243 0.702585 0.660837
0.569974 0.527298 0.583578 0.454319 0.949603 0.798890 0.376939 0.000000 0.799543 0.932835 0.583822 0.437549 0.506528 0.391471 0.801534 0.549961 0.681692 0.677192 0.530100 0.582761 0.851051 0.932616 0.934851 0.706513 0.909251 0.884201 0.925501 0.988458 0.666106 0.685517 0.848898 0.800782 0.550250 0.414260 0.916704 0.940349 0.665236 0.675882 0.760405 0.743186 0.921333 0.883460 0.460220 0.471677 0.739069 0.505922 0.368547 0.330405 0.683329 0.567952 0.360582 0.429674 0.815933 0.977120 0.560655 0.569160 0.669621 0.619498 0.434967 0.508660 0.413450 0.361796 0.552802 0.551576 0.734404 0.446884 0.502513 0.509417 0.783264 0.591385 0.798970 0.905416 0.749385 0.768123 0.787417 0.728090 0.514521 0.611794 0.649849 0.685936 0.707666 0.755675 0.704740 0.748964 0.741442 0.473747 0.863016 0.902101 0.742670 0.761844 0.840529 0.985355 0.898751 0.888352 0.940924 0.744223 0.513039 0.814859 0.594044 0.611514 0.761317 0.909232 0.657212 0.612754 0.600803 0.532172 0.798607 0.683362 0.862594 0.699243 0.739104 0.572237 0.634372 0.636902 0.642160 0.746520
0.912419 0.968090 0.980547 0.928620 0.857874 0.872666 0.604942 0.799543 0.000000 0.525385 0.860274 0.917680 0.719242 0.699836 0.562539 0.673567 0.864237 0.901647 0.745105 0.945584 0.988362 0.921441 0.779054 0.972776 0.740456 0.726484 0.871408 0.805859 0.667292 0.776874 0.846577 0.872974 0.804558 0.799151 0.921655 0.738390 0.957681 0.938990 0.782883 0.858040 0.852689 0.886331 0.850814 0.713058 0.494269 0.510207 0.834825 0.792418 0.554475 0.679503 0.722347 0.818570 0.532954 0.589444 0.973787 0.984797 0.927306 0.956738 0.869372 0.984803 0.730470 0.779857 0.765493 0.790714 0.939726 0.817515 0.965501 0.951707 0.833138 0.994226 0.994879 0.902044 0.829020 0.850327 0.890071 0.832819 0.874886 0.863630 0.911618 0.996567 0.949307 0.933801 0.890199 0.930108 0.991933 0.918978 0.996673 0.881716 0.977413 0.919620 0.960050 0.853627 0.762887 0.955839 0.891778 0.979256 0.988803 0.901441 0.682674 0.719907 0.941937 0.758121 0.815738 0.734997 0.990748 0.974302 0.794571 0.878157 0.859885 0.926773 0.852919 0.738583 0.853409 0.786707 0.890682 0.683117
0.830326 0.795646 0.618457 0.610518 0.899102 0.839829 0.799277 0.932835 0.525385 0.000000 0.926111 0.973959 0.967635 0.874612 0.642130 0.798737 0.961664 0.998693 0.953875 0.913436 0.796833 0.975374 0.957408 0.623896 0.427186 0.523541 0.648891 0.667568 0.620766 0.727315 0.908813 0.733051 0.929491 0.974547 0.586131 0.867533 0.731840 0.827770 0.519626 0.598541 0.765205 0.975388 0.851128 0.746709 0.407090 0.491951 0.908863 0.957363 0.430183 0.749964 0.827328 0.978935 0.546529 0.459939 0.695569 0.735947 0.934307 0.843087 0.888520 0.850967 0.925430 0.909291 0.969416 0.898904 0.498865 0.535168 0.680675 0.667253 0.654564 0.831081 0.885827 0.838544 0.836870 0.749092 0.943035 0.823618 0.923116 0.922386 0.926124 0.933713 0.900981 0.737740 0.905321 0.733915 0.680396 0.525095 0.891087 0.965021 0.757605 0.719157 0.836298 0.638017 0.878789 0.849638 0.966435 0.936851 0.837462 0.922009 0.547156 0.496920 0.819202 0.694629 0.689984 0.752299 0.888371 0.719686 0.885308 0.835311 0.819487 0.916727 0.807492 0.742123 0.752450 0.761055 0.897086 0.813225
0.393521 0.450625 0.776421 0.976638 0.735196 0.996811 0.519677 0.583822 0.860274 0.926111 0.000000 0.328867 0.429577 0.526279 0.708964 0.772910 0.389983 0.367377 0.400657 0.355130 0.956666 0.956786 0.911378 0.911682 0.804932 0.751761 0.836270 0.836299 0.471417 0.374589 0.918289 0.949826 0.544319 0.441825 0.913228 0.733431 0.809923 0.878427 0.876072 0.984137 0.905331 0.919478 0.936943 0.888153 0.871183 0.803711 0.762350 0.626108 0.669077 0.675793 0.750683 0.780439 0.885689 0.761307 0.707050 0.718955 0.420862 0.409554 0.559882 0.615544 0.375198 0.417354 0.353126 0.354979 0.892423 0.755403 0.810531 0.894914 0.566523 0.503597 0.857280 0.977042 0.531499 0.608516 0.717934 0.865294 0.803194 0.827890 0.619274 0.542121 0.365070 0.389722 0.576374 0.546199 0.589121 0.715177 0.790715 0.814872 0.723991 0.759333 0.789328 0.700108 0.723984 0.640544 0.830907 0.988722 0.632458 0.929408 0.770709 0.927726 0.968201 0.978187 0.665506 0.720258 0.878941 0.875290 0.853748 0.896316 0.863079 0.719606 0.907971 0.739511 0.945142 0.790757 0.777157 0.692218
0.315996 0.256904 0.711654 0.807829 0.751330 0.980000 0.555729 0.437549 0.917680 0.973959 0.328867 0.000000 0.402127 0.403930 0.766210 0.704285 0.331292 0.340028 0.352027 0.319578 0.995658 0.907838 0.818714 0.880053 0.873489 0.777144 0.962132 0.883065 0.448897 0.364502 0.916462 0.978049 0.502873 0.454623 0.957206 0.830662 0.720743 0.789192 0.996732 0.909494 0.957944 0.954506 0.825685 0.831382 0.934697 0.826032 0.540547 0.580795 0.705361 0.597748 0.602356 0.606538 0.927330 0.761275 0.631797 0.686899 0.312543 0.287735 0.474528 0.483752 0.317142 0.261211 0.285114 0.249336 0.828667 0.595288 0.762360 0.845615 0.453622 0.395626 0.847558 0.930037 0.569562 0.742575 0.735740 0.714732 0.737114 0.720430 0.502059 0.494539 0.313807 0.352467 0.490016 0.507266 0.491678 0.547140 0.705429 0.765354 0.645249 0.663812 0.674187 0.585811 0.638701 0.512932 0.886389 0.874595 0.535100 0.986682 0.843376 0.866412 0.893984 0.935209 0.738808 0.695064 0.802420 0.736069 0.946011 0.959538 0.857560 0.631479 0.852922 0.704627 0.840422 0.841465 0.697322 0.736835
0.298406 0.349486 0.538797 0.716116 0.647412 0.972445 0.319836 0.506528 0.719242 0.967635 0.429577 0.402127 0.000000 0.354799 0.474306 0.487283 0.373632 0.417116 0.265492 0.345813 0.793424 0.981798 0.512119 0.679142 0.961297 0.886640 0.996049 0.966885 0.491686 0.498166 0.805469 0.803765 0.343631 0.333247 0.808894 0.903466 0.685687 0.802750 0.894921 0.928083 0.830510 0.975356 0.788040 0.693751 0.760722 0.655194 0.522047 0.439676 0.687726 0.480832 0.556231 0.549592 0.862401 0.999924 0.561024 0.665608 0.414340 0.402350 0.398485 0.517248 0.267304 0.416236 0.258875 0.330553 0.597599 0.700432 0.638576 0.790045 0.545571 0.457684 0.671198 0.870626 0.553237 0.654650 0.823742 0.764041 0.555744 0.747635 0.515433 0.516770 0.405618 0.473391 0.459503 0.485943 0.347752 0.486687 0.681327 0.663330 0.553841 0.575345 0.787016 0.713718 0.689408 0.647734 0.949333 0.965022 0.542467 0.998892 0.738272 0.781690 0.818705 0.980285 0.744825 0.656535 0.666357 0.692672 0.994295 0.957797 0.981530 0.756773 0.928921 0.643020 0.812855 0.782138 0.681352 0.694245
0.490834 0.461887 0.703987 0.736918 0.768486 0.983986 0.342978 0.391471 0.699836 0.874612 0.526279 0.403930 0.354799 0.000000 0.574622 0.487667 0.459939 0.443740 0.326838 0.385609 0.957396 0.974488 0.619720 0.682650 0.886504 0.855949 0.984897 0.908726 0.425849 0.471794 0.832641 0.676507 0.413125 0.415526 0.900926 0.965015 0.795359 0.739875 0.932456 0.929754 0.979743 0.872382 0.668750 0.580439 0.687911 0.558505 0.488608 0.453561 0.671860 0.565527 0.550119 0.601061 0.868295 0.952822 0.715269 0.753746 0.458532 0.527327 0.566144 0.694215 0.393784 0.434009 0.378342 0.393844 0.807214 0.709039 0.725774 0.789351 0.736388 0.629728 0.702512 0.782437 0.697130 0.702939 0.865156 0.644535 0.586291 0.610651 0.506439 0.550606 0.482946 0.565251 0.488916 0.598977 0.523045 0.551984 0.839736 0.679875 0.702712 0.671948 0.924806 0.906964 0.810378 0.759106 0.957514 0.891611 0.555228 0.964795 0.682394 0.647146 0.913832 0.865322 0.703210 0.658044 0.734467 0.812861 0.978755 0.879788 0.964092 0.664288 0.807110 0.649384 0.746121 0.676339 0.777885 0.652182
0.698954 0.758068 0.894988 0.971843 0.798135 0.801076 0.505058 0.801534 0.562539 0.642130 0.708964 0.766210 0.474306 0.574622 0.000000 0.426343 0.620894 0.619401 0.559081 0.681876 0.948557 0.978666 0.432169 0.826942 0.838404 0.735784 0.950812 0.897448 0.506797 0.574938 0.636027 0.563009 0.540102 0.653025 0.977876 0.856280 0.967307 0.923539 0.745882 0.728536 0.982599 0.937607 0.938349 0.769128 0.698745 0.698683 0.835046 0.762738 0.709696 0.669024 0.875139 0.885285 0.769199 0.802589 0.906933 0.933845 0.712531 0.752683 0.825059 0.954308 0.642270 0.766013 0.538284 0.585927 0.903402 0.804292 0.967668 0.830667 0.985485 0.866410 0.786230 0.805344 0.754314 0.853546 0.911199 0.747870 0.755486 0.843181 0.745819 0.738861 0.687560 0.841212 0.630803 0.713907 0.700655 0.895120 0.825246 0.712930 0.863433 0.837548 0.904163 0.996836 0.694008 0.812984 0.965665 0.880914 0.901586 0.838393 0.684179 0.745528 0.752141 0.882339 0.802797 0.781444 0.957327 0.937812 0.986447 0.892718 0.942804 0.969094 0.979092 0.650876 0.887064 0.712156 0.986445 0.721693
0.726532 0.704097 0.718145 0.691746 0.818180 0.949149 0.518825 0.549961 0.673567 0.798737 0.772910 0.704285 0.487283 0.487667 0.426343 0.000000 0.699309 0.698349 0.618098 0.705838 0.812849 0.927927 0.552526 0.629371 0.932491 0.988191 0.887403 0.900542 0.632971 0.747013 0.633103 0.631794 0.569385 0.626150 0.924320 0.967484 0.796742 0.877265 0.912996 0.930530 0.931485 0.894125 0.613806 0.536368 0.783406 0.623224 0.582368 0.564001 0.818200 0.726416 0.690905 0.706739 0.749589 0.792828 0.865064 0.999740 0.734395 0.754767 0.728763 0.836509 0.654933 0.712062 0.604071 0.652516 0.754415 0.863286 0.828314 0.882645 0.933226 0.764453 0.742921 0.791155 0.874345 0.807825 0.887634 0.662488 0.606681 0.733014 0.691838 0.721063 0.792600 0.905202 0.713410 0.766454 0.762302 0.657579 0.909742 0.928050 0.896752 0.771545 0.954672 0.901306 0.900773 0.955404 0.994995 0.982337 0.807703 0.929796 0.684899 0.672515 0.903480 0.988117 0.767966 0.661827 0.795506 0.745165 0.989632 0.766659 0.978899 0.955806 0.853347 0.643122 0.586219 0.577429 0.746625 0.905696
0.337014 0.314685 0.774683 0.961799 0.699720 0.974178 0.600924 0.681692 0.864237 0.961664 0.389983 0.331292 0.373632 0.459939 0.620894 0.699309 0.000000 0.223751 0.298099 0.280383 0.980621 0.929977 0.660879 0.841731 0.874762 0.732110 0.927689 0.937865 0.388709 0.311777 0.939379 0.853011 0.424923 0.464926 0.996924 0.803546 0.757695 0.832828 0.906939 0.928531 0.901601 0.869849 0.873660 0.839099 0.932390 0.887510 0.681468 0.731946 0.770122 0.691084 0.795487 0.777918 0.885269 0.771802 0.725274 0.787955 0.236643 0.289457 0.596922 0.659243 0.431769 0.468214 0.293782 0.272941 0.791929 0.772175 0.837251 0.971076 0.489535 0.514877 0.712843 0.898813 0.594787 0.763420 0.837853 0.769238 0.807819 0.680780 0.411592 0.407658 0.246076 0.303145 0.439779 0.454466 0.413698 0.617898 0.749676 0.642619 0.659835 0.659724 0.627703 0.671244 0.560411 0.575942 0.890261 0.991258 0.605585 0.974497 0.890590 0.936038 0.732351 0.976231 0.715281 0.696186 0.843263 0.866171 0.902242 0.841119 0.927833 0.739399 0.994941 0.737279 0.972700 0.767169 0.731062 0.790527
0.368442 0.339225 0.846108 0.991090 0.759817 0.988439 0.612773 0.677192 0.901647 0.998693 0.367377 0.340028 0.417116 0.443740 0.619401 0.698349 0.223751 0.000000 0.327795 0.227289 0.962677 0.929471 0.704904 0.867497 0.829219 0.698194 0.909449 0.916063 0.348812 0.276818 0.952325 0.822980 0.433875 0.481686 0.962905 0.874407 0.771915 0.744791 0.896300 0.998870 0.854084 0.862558 0.862311 0.805921 0.920940 0.905792 0.723683 0.746185 0.798994 0.758185 0.865325 0.870613 0.791923 0.726870 0.804252 0.842230 0.237667 0.303802 0.652609 0.721545 0.497236 0.512706 0.316058 0.286528 0.861309 0.805276 0.858927 0.998978 0.492031 0.509253 0.660250 0.840783 0.580531 0.705653 0.858651 0.769862 0.768417 0.625766 0.422345 0.396310 0.262658 0.297503 0.473046 0.504538 0.487682 0.664343 0.749801 0.639117 0.719902 0.756897 0.668957 0.720215 0.606423 0.659243 0.838298 0.981936 0.590990 0.909057 0.830807 0.862930 0.757762 0.957946 0.679764 0.677605 0.784745 0.920518 0.897249 0.797488 0.948072 0.700623 0.911561 0.726291 0.967845 0.744458 0.808687 0.769075
0.302806 0.334542 0.608598 0.813337 0.693100 0.960072 0.343652 0.530100 0.745105 0.953875 0.400657 0.352027 0.265492 0.326838 0.559081 0.618098 0.298099 0.327795 0.000000 0.279228 0.845617 0.933726 0.544202 0.726526 0.952925 0.819911 0.945064 0.922248 0.389628 0.364666 0.770809 0.765828 0.335282 0.319808 0.889106 0.928126 0.735423 0.781139 0.945952 0.934165 0.930928 0.938176 0.771689 0.693048 0.762657 0.698960 0.580418 0.507569 0.676081 0.515006 0.594671 0.601378 0.955506 0.938721 0.603969 0.714276 0.311688 0.361623 0.432853 0.528836 0.307649 0.410806 0.254001 0.281538 0.756107 0.749794 0.653531 0.837931 0.515825 0.477338 0.610133 0.791700 0.537998 0.677345 0.799588 0.752562 0.642734 0.692630 0.446971 0.498193 0.314565 0.392310 0.461653 0.507871 0.406883 0.561070 0.807643 0.682356 0.617359 0.648078 0.802153 0.735092 0.703207 0.628765 0.985492 0.932303 0.508956 0.979044 0.722834 0.740390 0.844033 0.899024 0.647973 0.631819 0.705538 0.780070 0.987666 0.978993 0.952684 0.628655 0.854557 0.631169 0.902514 0.749195 0.704262 0.700867
0.311439 0.289534 0.689008 0.838543 0.808952 0.991197 0.509475 0.582761 0.945584 0.913436 0.355130 0.319578 0.345813 0.385609 0.681876 0.705838 0.280383 0.227289 0.279228 0.000000 0.908571 0.936253 0.665987 0.773969 0.969748 0.841539 0.915661 0.944037 0.451954 0.353523 0.871546 0.835018 0.394740 0.409927 0.918957 0.962243 0.685415 0.645904 0.947954 0.938934 0.843870 0.863210 0.818759 0.775780 0.928413 0.890625 0.647482 0.636519 0.824947 0.696385 0.749627 0.743522 0.833847 0.757007 0.654669 0.732035 0.258492 0.288545 0.525604 0.586815 0.401541 0.468228 0.295015 0.295616 0.734890 0.678510 0.708859 0.850377 0.453452 0.450242 0.562194 0.797168 0.549716 0.664962 0.831388 0.809903 0.620893 0.639019 0.414027 0.407169 0.279766 0.296993 0.473303 0.480301 0.404972 0.548996 0.734214 0.670612 0.630990 0.665013 0.685199 0.673281 0.694917 0.676280 0.898849 0.987970 0.523708 0.933942 0.849723 0.870671 0.787157 0.960475 0.682182 0.720869 0.680688 0.796135 0.938483 0.904088 0.916436 0.624352 0.904816 0.762134 0.941876 0.796668 0.736918 0.777883
0.815341 0.851806 0.556465 0.593878 0.905345 0.683806 0.799484 0.851051 0.988362 0.796833 0.956666 0.995658 0.793424 0.957396 0.948557 0.812849 0.980621 0.962677 0.845617 0.908571 0.000000 0.917666 0.844632 0.673334 0.558965 0.557243 0.764462 0.676301 0.851920 0.850734 0.663985 0.978349 0.743969 0.755490 0.635144 0.713940 0.717429 0.746752 0.656274 0.684616 0.794632 0.975287 0.735834 0.672649 0.936394 0.844293 0.732448 0.707987 0.901645 0.832429 0.784958 0.709169 0.969597 0.961777 0.770038 0.783536 0.937071 0.876721 0.686882 0.773103 0.860446 0.996706 0.904997 0.982460 0.567828 0.698205 0.540614 0.590616 0.820713 0.756424 0.781751 0.796454 0.885779 0.930966 0.920390 0.943393 0.665063 0.783516 0.917282 0.860153 0.982674 0.921030 0.955220 0.963816 0.853084 0.611845 0.963107 0.847637 0.929713 0.795488 0.804301 0.961938 0.747669 0.881188 0.875069 0.861658 0.719448 0.875485 0.932164 0.930912 0.833279 0.939103 0.855038 0.922928 0.747686 0.581556 0.991857 0.989705 0.948986 0.984611 0.907291 0.985566 0.888966 0.894981 0.764700 0.916522
0.994354 0.961922 0.963954 0.991135 0.901888 0.997517 0.971517 0.932616 0.921441 0.975374 0.956786 0.907838 0.981798 0.974488 0.978666 0.927927 0.929977 0.929471 0.933726 0.936253 0.917666 0.000000 0.987865 0.940067 0.965330 0.971598 0.885429 0.970583 0.931732 0.889015 0.828540 0.896731 0.975293 0.964502 0.970353 0.972677 0.956044 0.999169 0.951411 0.860178 0.928528 0.754050 0.848073 0.858984 0.961484 0.996462 0.948963 0.966839 0.988969 0.941835 0.966780 0.995774 0.978174 0.913915 0.862266 0.968924 0.878035 0.911998 0.957041 0.974639 0.981414 0.981055 0.999533 0.945005 0.900918 0.985516 0.988116 0.998992 0.879475 0.911586 0.992695 0.981516 0.981539 0.952826 0.895382 0.970405 0.978768 0.752823 0.997384 0.965703 0.922969 0.961171 0.849243 0.996521 0.884837 0.977412 0.910284 0.845276 0.794525 0.931330 0.975594 0.936809 0.949325 0.989529 0.944568 0.887283 0.840290 0.929370 0.911868 0.897810 0.931847 0.804002 0.903895 0.861481 0.992633 0.829689 0.993590 0.950114 0.873766 0.987443 0.976294 0.989284 0.986744 0.902865 0.948216 0.905783
0.632439 0.650621 0.711721 0.882795 0.774667 0.779867 0.663110 0.934851 0.779054 0.957408 0.911378 0.818714 0.512119 0.619720 0.432169 0.552526 0.660879 0.704904 0.544202 0.665987 0.844632 0.987865 0.000000 0.529293 0.866575 0.924112 0.757948 0.942557 0.661398 0.726829 0.565940 0.723411 0.558607 0.754731 0.796436 0.975844 0.805448 0.994123 0.923793 0.820046 0.961192 0.961790 0.996231 0.867941 0.909275 0.892733 0.768666 0.758098 0.888252 0.644086 0.875275 0.775652 0.769007 0.810136 0.798223 0.944648 0.666158 0.689801 0.748661 0.790658 0.690301 0.851188 0.562221 0.596137 0.714783 0.885066 0.932172 0.873061 0.796097 0.758895 0.714030 0.770243 0.858581 0.960033 0.935603 0.836610 0.791035 0.991704 0.597852 0.734463 0.636302 0.773610 0.624438 0.683918 0.507779 0.711472 0.816918 0.577552 0.731407 0.621943 0.755726 0.808059 0.655598 0.699870 0.880508 0.905501 0.833701 0.871950 0.945402 0.919602 0.573596 0.927924 0.957676 0.903490 0.929348 0.961654 0.938490 0.990023 0.844509 0.872558 0.960802 0.867430 0.951679 0.927930 0.882978 0.902404
0.750055 0.686634 0.472060 0.402933 0.944702 0.908119 0.736900 0.706513 0.972776 0.623896 0.911682 0.880053 0.679142 0.682650 0.826942 0.629371 0.841731 0.867497 0.726526 0.773969 0.673334 0.940067 0.529293 0.000000 0.451393 0.615526 0.606004 0.727975 0.995051 0.960744 0.652024 0.812163 0.659788 0.728650 0.592315 0.778544 0.600389 0.705958 0.612501 0.775776 0.817602 0.902499 0.758127 0.748014 0.865691 0.987520 0.569200 0.640151 0.762340 0.902203 0.845790 0.752918 0.946966 0.912599 0.681715 0.810328 0.809334 0.766627 0.732901 0.797430 0.840618 0.924493 0.803090 0.866016 0.451259 0.612682 0.593899 0.668368 0.779553 0.764229 0.641007 0.818365 0.933042 0.831397 0.905362 0.865243 0.703288 0.797436 0.662851 0.866543 0.826929 0.821416 0.718334 0.680284 0.587434 0.391846 0.764157 0.839449 0.751403 0.622096 0.982320 0.874521 0.927804 0.962667 0.944129 0.837223 0.803020 0.925080 0.922671 0.998085 0.823985 0.899870 0.881561 0.853432 0.649194 0.613971 0.928690 0.903010 0.961570 0.836121 0.939895 0.972848 0.939425 0.911605 0.818560 0.959647
0.851614 0.880675 0.422133 0.379798 0.841544 0.716861 0.980076 0.909251 0.740456 0.427186 0.804932 0.873489 0.961297 0.886504 0.838404 0.932491 0.874762 0.829219 0.952925 0.969748 0.558965 0.965330 0.866575 0.451393 0.000000 0.292922 0.644550 0.554324 0.578343 0.596127 0.704353 0.894419 0.852121 0.892302 0.450526 0.693646 0.543607 0.752107 0.435715 0.600844 0.741080 0.893892 0.863177 0.913855 0.662378 0.812950 0.746423 0.759147 0.590022 0.937610 0.925867 0.784577 0.905368 0.822439 0.588265 0.679486 0.933293 0.942919 0.733769 0.721374 0.984252 0.887583 0.913797 0.831934 0.346377 0.539333 0.493231 0.521018 0.787327 0.768512 0.767932 0.918640 0.914545 0.855895 0.958527 0.911365 0.841410 0.997367 0.940000 0.995500 0.945524 0.967538 0.996054 0.811663 0.745428 0.468410 0.858323 0.871397 0.734434 0.665052 0.927056 0.892112 0.698949 0.879109 0.933896 0.859558 0.803366 0.774420 0.743660 0.772090 0.980848 0.781930 0.829919 0.887582 0.729153 0.509887 0.889657 0.894266 0.884656 0.930480 0.881112 0.844099 0.991500 0.961601 0.814250 0.723276
0.969579 0.957465 0.493298 0.391106 0.774321 0.574602 0.981866 0.884201 0.726484 0.523541 0.751761 0.777144 0.886640 0.855949 0.735784 0.988191 0.732110 0.698194 0.819911 0.841539 0.557243 0.971598 0.924112 0.615526 0.292922 0.000000 0.795791 0.505916 0.522493 0.505473 0.715048 0.984616 0.930024 0.928381 0.460903 0.650245 0.617505 0.780828 0.475058 0.543795 0.720979 0.987617 0.726298 0.792996 0.788227 0.920706 0.763151 0.810741 0.605169 0.893362 0.887657 0.802561 0.970273 0.922157 0.676961 0.670697 0.800727 0.886511 0.798306 0.813190 0.900759 0.796009 0.751599 0.679673 0.457997 0.519876 0.434877 0.416203 0.914933 0.951233 0.790109 0.862717 0.894783 0.934890 0.961641 0.931475 0.836302 0.897862 0.961790 0.993368 0.755647 0.867470 0.820724 0.962485 0.966063 0.576980 0.901970 0.667121 0.897454 0.807936 0.712764 0.880042 0.484669 0.673477 0.870140 0.839751 0.830096 0.745291 0.822175 0.832369 0.844852 0.899995 0.947594 0.849819 0.771012 0.534159 0.816423 0.868212 0.859448 0.976133 0.966511 0.844919 0.932623 0.987320 0.853099 0.669867
0.942203 0.893826 0.785233 0.796105 0.866072 0.960651 0.889936 0.925501 0.871408 0.648891 0.836270 0.962132 0.996049 0.984897 0.950812 0.887403 0.927689 0.909449 0.945064 0.915661 0.764462 0.885429 0.757948 0.606004 0.644550 0.795791 0.000000 0.888059 0.976766 0.951103 0.808751 0.995568 0.893590 0.954294 0.873087 0.720814 0.834825 0.802700 0.807996 0.996586 0.929797 0.824110 0.930655 0.912179 0.653285 0.714513 0.961283 0.909639 0.659650 0.840323 0.867822 0.935892 0.788148 0.831290 0.890815 0.951944 0.925112 0.923729 0.951266 0.973247 0.867304 0.874333 0.981084 0.991128 0.677103 0.851272 0.889807 0.962304 0.848670 0.974946 0.795109 0.878065 0.897953 0.823891 0.888453 0.899372 0.982977 0.997668 0.835536 0.887569 0.892773 0.879307 0.737166 0.852153 0.760777 0.725626 0.916410 0.831975 0.811453 0.846014 0.855919 0.865640 0.963120 0.900528 0.971717 0.968852 0.985220 0.995368 0.784961 0.803762 0.832387 0.781950 0.772454 0.834592 0.910244 0.924491 0.986143 0.868583 0.943172 0.981690 0.830323 0.903877 0.877685 0.942488 0.960539 0.725250
0.997354 0.965544 0.727872 0.671769 0.892640 0.547186 0.964593 0.988458 0.805859 0.667568 0.836299 0.883065 0.966885 0.908726 0.897448 0.900542 0.937865 0.916063 0.922248 0.944037 0.676301 0.970583 0.942557 0.727975 0.554324 0.505916 0.888059 0.000000 0.784797 0.719276 0.906960 0.929050 0.927687 0.973030 0.617190 0.696496 0.861227 0.965132 0.715349 0.616181 0.697985 0.914777 0.741421 0.822110 0.854992 0.946955 0.822908 0.817284 0.733934 0.873262 0.986108 0.915675 0.912107 0.932799 0.805338 0.755119 0.941867 0.970175 0.861934 0.908706 0.928421 0.866564 0.903106 0.830270 0.641756 0.738939 0.670961 0.692149 0.991530 0.884262 0.787194 0.963299 0.854321 0.921397 0.961581 0.984746 0.813648 0.860160 0.868229 0.873080 0.907023 0.963402 0.872696 0.998733 0.968422 0.723409 0.963192 0.793710 0.939144 0.812239 0.809936 0.894337 0.703296 0.790925 0.923270 0.968346 0.930287 0.853705 0.966334 0.915610 0.995908 0.832122 0.978955 0.892205 0.965992 0.703658 0.869661 0.988055 0.935639 0.975515 0.975107 0.814103 0.924447 0.946519 0.971148 0.674676
0.584468 0.575799 0.962544 0.814837 0.677010 0.871358 0.562279 0.666106 0.667292 0.620766 0.471417 0.448897 0.491686 0.425849 0.506797 0.632971 0.388709 0.348812 0.389628 0.451954 0.851920 0.931732 0.661398 0.995051 0.578343 0.522493 0.976766 0.784797 0.000000 0.235191 0.938048 0.681794 0.553866 0.549575 0.766305 0.782130 0.971865 0.973606 0.637573 0.820682 0.929299 0.932688 0.827415 0.729873 0.656627 0.675054 0.800012 0.749261 0.546941 0.657302 0.786609 0.876708 0.913691 0.960826 0.956590 0.966235 0.410760 0.535675 0.761865 0.840123 0.539349 0.519090 0.384822 0.352893 0.844297 0.928910 0.938894 0.834647 0.755608 0.727444 0.806354 0.823240 0.656014 0.760992 0.957616 0.706837 0.805113 0.732049 0.531127 0.547453 0.427466 0.557494 0.538812 0.733902 0.705930 0.911765 0.902851 0.681895 0.856185 0.894541 0.845785 0.949801 0.619372 0.693282 0.942210 0.993088 0.775334 0.848194 0.638188 0.632426 0.905830 0.833245 0.640438 0.574624 0.966148 0.895239 0.993833 0.923341 0.875337 0.770047 0.807437 0.616765 0.876856 0.696478 0.911397 0.703872
0.500462 0.502298 0.952895 0.803583 0.692711 0.869223 0.614089 0.685517 0.776874 0.727315 0.374589 0.364502 0.498166 0.471794 0.574938 0.747013 0.311777 0.276818 0.364666 0.353523 0.850734 0.889015 0.726829 0.960744 0.596127 0.505473 0.951103 0.719276 0.235191 0.000000 0.976609 0.730340 0.550247 0.575558 0.721914 0.755595 0.935740 0.882737 0.647538 0.816304 0.943065 0.867087 0.933696 0.864800 0.806925 0.829037 0.853437 0.828310 0.643229 0.737519 0.874187 0.944415 0.941354 0.847899 0.928280 0.975850 0.326594 0.442694 0.765798 0.814690 0.528544 0.496772 0.373019 0.311029 0.833697 0.982704 0.936617 0.813516 0.663589 0.670376 0.804340 0.872549 0.572380 0.754989 0.854330 0.742389 0.897266 0.725713 0.530051 0.531350 0.332162 0.425532 0.531589 0.645285 0.655757 0.893984 0.815374 0.657233 0.838396 0.887053 0.751198 0.805181 0.574047 0.639435 0.852071 0.997110 0.723789 0.871146 0.734552 0.740580 0.869012 0.801395 0.614500 0.592158 0.904320 0.934901 0.909911 0.874819 0.979198 0.747484 0.865804 0.678934 0.984892 0.761239 0.894113 0.672270
0.918164 0.967114 0.699406 0.711492 0.901243 0.989570 0.676271 0.848898 0.846577 0.908813 0.918289 0.916462 0.805469 0.832641 0.636027 0.633103 0.939379 0.952325 0.770809 0.871546 0.663985 0.828540 0.565940 0.652024 0.704353 0.715048 0.808751 0.906960 0.938048 0.976609 0.000000 0.546866 0.669325 0.739435 0.784308 0.745507 0.700447 0.831728 0.977012 0.950793 0.988561 0.911430 0.652928 0.606356 0.790358 0.792242 0.855125 0.791324 0.997235 0.797837 0.823684 0.811966 0.724455 0.715397 0.861666 0.976773 0.937741 0.986142 0.837828 0.893264 0.927743 0.917674 0.929827 0.958902 0.774340 0.989759 0.713742 0.810447 0.955535 0.991424 0.583902 0.519389 0.894301 0.893168 0.864596 0.857630 0.618098 0.783363 0.771651 0.785461 0.984253 0.893278 0.978713 0.936122 0.933965 0.821323 0.840922 0.848201 0.994174 0.926417 0.831850 0.779439 0.820894 0.826901 0.931329 0.991575 0.867912 0.942585 0.857654 0.793849 0.989708 0.822204 0.712244 0.805097 0.724923 0.820724 0.888222 0.780692 0.988232 0.997693 0.900037 0.800289 0.870219 0.796012 0.870406 0.947470
0.991650 0.977723 0.998731 0.924589 0.969531 0.997066 0.665051 0.800782 0.872974 0.733051 0.949826 0.978049 0.803765 0.676507 0.563009 0.631794 0.853011 0.822980 0.765828 0.835018 0.978349 0.896731 0.723411 0.812163 0.894419 0.984616 0.995568 0.929050 0.681794 0.730340 0.546866 0.000000 0.686033 0.748703 0.907526 0.796511 0.928796 0.941365 0.837125 0.901559 0.983982 0.870118 0.633439 0.580362 0.712026 0.718994 0.853365 0.846446 0.908995 0.889454 0.893825 0.973175 0.835667 0.821424 0.984802 0.892293 0.874644 0.966525 0.980162 0.923916 0.937496 0.943348 0.888803 0.898679 0.888548 0.904369 0.903649 0.942291 0.904123 0.871740 0.682947 0.570384 0.909100 0.873207 0.990459 0.683987 0.732120 0.641812 0.774636 0.832233 0.929980 0.936242 0.906071 0.966331 0.961292 0.988634 0.768340 0.980624 0.885462 0.989403 0.728911 0.653940 0.815307 0.839781 0.944292 0.970197 0.956753 0.940927 0.545006 0.541858 0.892950 0.676228 0.571235 0.682403 0.837366 0.946244 0.800359 0.813896 0.840552 0.905520 0.820750 0.722540 0.864200 0.728337 0.964745 0.957156
0.376830 0.417859 0.487162 0.667526 0.881683 0.965367 0.362457 0.550250 0.804558 0.929491 0.544319 0.502873 0.343631 0.413125 0.540102 0.569385 0.424923 0.433875 0.335282 0.394740 0.743969 0.975293 0.558607 0.659788 0.852121 0.930024 0.893590 0.927687 0.553866 0.550247 0.669325 0.686033 0.000000 0.313165 0.723872 0.952092 0.566785 0.830591 0.908000 0.865336 0.745590 0.905087 0.687195 0.594135 0.812157 0.702344 0.518008 0.535376 0.781456 0.549997 0.614083 0.595798 0.877999 0.947936 0.548323 0.655275 0.412248 0.451110 0.435658 0.529841 0.405568 0.539055 0.348168 0.427095 0.616413 0.670692 0.520583 0.675825 0.564568 0.533778 0.574382 0.731982 0.556046 0.721744 0.783060 0.713689 0.577095 0.695013 0.442342 0.509510 0.433259 0.485617 0.565772 0.569341 0.435255 0.453729 0.892818 0.777847 0.602891 0.660096 0.925483 0.824411 0.875735 0.771341 0.998847 0.957952 0.458322 0.903021 0.752999 0.797642 0.903492 0.923465 0.635325 0.696534 0.717710 0.677398 0.985393 0.966080 0.998090 0.645966 0.799060 0.655853 0.843019 0.658651 0.680334 0.824090
0.379538 0.427507 0.502269 0.612376 0.832984 0.855749 0.305213 0.414260 0.799151 0.974547 0.441825 0.454623 0.333247 0.415526 0.653025 0.626150 0.464926 0.481686 0.319808 0.409927 0.755490 0.964502 0.754731 0.728650 0.892302 0.928381 0.954294 0.973030 0.549575 0.575558 0.739435 0.748703 0.313165 0.000000 0.817706 0.978392 0.620418 0.787831 0.904316 0.770383 0.723731 0.956637 0.576492 0.526063 0.694266 0.527784 0.478867 0.370666 0.626229 0.469905 0.457770 0.499432 0.877532 0.995569 0.515991 0.547963 0.446354 0.442516 0.344479 0.470976 0.318562 0.434092 0.386573 0.430316 0.652556 0.584800 0.460452 0.577823 0.583694 0.477159 0.647471 0.786018 0.615106 0.662416 0.730788 0.753105 0.495796 0.654999 0.507759 0.532074 0.460212 0.522759 0.587696 0.594858 0.512246 0.464665 0.897223 0.889888 0.650323 0.635246 0.993828 0.863018 0.970837 0.835763 0.998644 0.794267 0.491635 0.850314 0.647010 0.689075 0.918383 0.892421 0.621556 0.609552 0.672887 0.599813 0.934244 0.909365 0.991973 0.646890 0.744058 0.548698 0.779682 0.602404 0.647878 0.804050
0.764366 0.789181 0.447535 0.522980 0.969733 0.820068 0.797817 0.916704 0.921655 0.586131 0.913228 0.957206 0.808894 0.900926 0.977876 0.924320 0.996924 0.962905 0.889106 0.918957 0.635144 0.970353 0.796436 0.592315 0.450526 0.460903 0.873087 0.617190 0.766305 0.721914 0.784308 0.907526 0.723872 0.817706 0.000000 0.827581 0.564998 0.778552 0.531737 0.673830 0.738354 0.982104 0.896763 0.860192 0.929936 0.967947 0.742387 0.736375 0.767986 0.917596 0.847667 0.747803 0.931993 0.999091 0.635885 0.665794 0.976213 0.890439 0.692823 0.748235 0.867615 0.949527 0.944812 0.956238 0.385457 0.662993 0.499859 0.550234 0.778764 0.793400 0.687701 0.818063 0.897002 0.869551 0.968565 0.981341 0.780406 0.876229 0.831065 0.913603 0.984063 0.917979 0.970559 0.848530 0.687583 0.568007 0.999538 0.991682 0.736916 0.720126 0.968598 0.928897 0.889243 0.903326 0.777873 0.959869 0.773540 0.959291 0.800764 0.782018 0.722688 0.950763 0.905772 0.942085 0.711925 0.600869 0.862569 0.936857 0.865118 0.923831 0.880255 0.816571 0.993214 0.962061 0.811133 0.979941
0.868766 0.937144 0.903473 0.686921 0.771327 0.786710 0.961154 0.940349 0.738390 0.867533 0.733431 0.830662 0.903466 0.965015 0.856280 0.967484 0.803546 0.874407 0.928126 0.962243 0.713940 0.972677 0.975844 0.778544 0.693646 0.650245 0.720814 0.696496 0.782130 0.755595 0.745507 0.796511 0.952092 0.978392 0.827581 0.000000 0.872491 0.744149 0.732627 0.799595 0.941554 0.926754 0.735922 0.787515 0.899714 0.951268 0.904061 0.906111 0.759263 0.890095 0.978699 0.959854 0.867104 0.974988 0.947115 0.965298 0.834867 0.852307 0.977079 0.956497 0.823495 0.751264 0.767696 0.764518 0.860649 0.856746 0.735658 0.766724 0.916373 0.986205 0.690106 0.774165 0.955375 0.925566 0.782329 0.889553 0.680945 0.768878 0.935713 0.958432 0.773301 0.817191 0.857621 0.786985 0.869275 0.923105 0.838609 0.808349 0.932289 0.985872 0.747477 0.751409 0.597199 0.671867 0.827665 0.947621 0.898981 0.914229 0.977744 0.863896 0.928250 0.967830 0.911870 0.901303 0.746148 0.752060 0.863592 0.846714 0.914436 0.998643 0.958706 0.921430 0.899870 0.982767 0.995604 0.727167
0.542582 0.575166 0.437187 0.509941 0.936147 0.875623 0.731658 0.665236 0.957681 0.731840 0.809923 0.720743 0.685687 0.795359 0.967307 0.796742 0.757695 0.771915 0.735423 0.685415 0.717429 0.956044 0.805448 0.600389 0.543607 0.617505 0.834825 0.861227 0.971865 0.935740 0.700447 0.928796 0.566785 0.620418 0.564998 0.872491 0.000000 0.678108 0.652410 0.807247 0.709834 0.927091 0.746540 0.764708 0.932546 0.954872 0.591812 0.630263 0.965807 0.751105 0.699480 0.633947 0.898603 0.903656 0.515685 0.602609 0.682485 0.594729 0.562832 0.545890 0.668011 0.775067 0.703919 0.731078 0.493385 0.575758 0.493389 0.609330 0.569047 0.567405 0.742783 0.797234 0.695941 0.828764 0.830057 0.849627 0.698881 0.784810 0.658512 0.752390 0.722560 0.684068 0.719895 0.733939 0.620762 0.480061 0.836164 0.966828 0.703565 0.702500 0.833645 0.745218 0.982243 0.946470 0.991242 0.849350 0.635225 0.801947 0.944143 0.962351 0.881461 0.867552 0.832513 0.883877 0.597370 0.576198 0.919258 0.837574 0.937931 0.720106 0.957492 0.992266 0.941302 0.864725 0.649926 0.981923
0.757207 0.718353 0.707274 0.632572 0.955308 0.987238 0.814185 0.675882 0.938990 0.827770 0.878427 0.789192 0.802750 0.739875 0.923539 0.877265 0.832828 0.744791 0.781139 0.645904 0.746752 0.999169 0.994123 0.705958 0.752107 0.780828 0.802700 0.965132 0.973606 0.882737 0.831728 0.941365 0.830591 0.787831 0.778552 0.744149 0.678108 0.000000 0.635619 0.818072 0.997457 0.850896 0.704060 0.739914 0.975596 0.943454 0.726396 0.807948 0.909889 0.992882 0.822401 0.803488 0.821574 0.874720 0.795073 0.829544 0.740823 0.758007 0.809285 0.832734 0.847996 0.874399 0.876874 0.842878 0.715321 0.627675 0.657197 0.678719 0.765741 0.795158 0.626546 0.656767 0.898495 0.860573 0.992176 0.862587 0.740014 0.638679 0.728894 0.757695 0.850312 0.797177 0.873607 0.885858 0.816598 0.670933 0.929138 0.948036 0.746693 0.901021 0.977270 0.962012 0.899444 0.782753 0.972254 0.856171 0.753445 0.873324 0.998278 0.846716 0.964439 0.874986 0.810963 0.893016 0.518679 0.658239 0.815809 0.991084 0.896241 0.894851 0.902676 0.995572 0.832338 0.875983 0.692133 0.953537
