0.000000 0.561128 0.638614 0.662156 0.963421 0.967476 0.534943 0.496895 0.863910 0.627006 0.647801 0.644160 0.724210 0.928379 0.974277 0.919344 0.514967 0.491944 0.536551 0.722559 0.849158 0.942921 0.976165 0.847698 0.799021 0.757016 0.890986 0.970733 0.729641 0.674514 0.889633 0.984628 0.552588 0.521460 0.801772 0.838356 0.986926 0.866635 0.749535 0.801241 0.896674 0.838029 0.610904 0.600094 0.720925 0.607474 0.574448 0.664626 0.666832 0.918614 0.907810 0.858810 0.922543 0.861019 0.746758 0.803444 0.461067 0.697965 0.629342 0.862430 0.458534 0.519584 0.454526 0.466362 0.742104 0.683319 0.692241 0.735484 0.865722 0.793715 0.937360 0.939605 0.998625 0.996945 0.985207 0.970843 0.709532 0.729704 0.821982 0.957852 0.536607 0.574447 0.927636 0.681566 0.738817 0.794185 0.895235 0.991155 0.792642 0.664226 0.769895 0.869756 0.828659 0.924191 0.849458 0.766953 0.816041 0.907400 0.665922 0.657706 0.719820 0.963952 0.831230 0.746975 0.931035 0.814893 0.902565 0.924745 0.724703 0.937872 0.794767 0.865888 0.824474 0.858100 0.989758 0.883978
0.561128 0.000000 0.923481 0.851100 0.915657 0.987683 0.896658 0.716123 0.964543 0.885459 0.899097 0.619228 0.786191 0.742280 0.852450 0.787204 0.546504 0.565194 0.704752 0.800249 0.993649 0.992481 0.957410 0.975183 0.825867 0.859295 0.961636 0.790876 0.709620 0.613077 0.929839 0.924325 0.587405 0.720161 0.859267 0.871080 0.912868 0.943960 0.927307 0.866254 0.954745 0.913254 0.712197 0.643972 0.745627 0.693746 0.749002 0.695751 0.708396 0.847652 0.973073 0.953267 0.935011 0.996996 0.824107 0.984249 0.519079 0.559001 0.764776 0.854567 0.711741 0.619409 0.645371 0.559406 0.879282 0.805754 0.923735 0.881365 0.855478 0.697711 0.887621 0.891191 0.952097 0.926580 0.993831 0.942059 0.856846 0.804052 0.805129 0.901319 0.602622 0.690520 0.879826 0.702405 0.906111 0.894381 0.951972 0.964487 0.901690 0.803399 0.968608 0.886788 0.949836 0.843427 0.824779 0.814758 0.905961 0.905262 0.822019 0.862531 0.859485 0.933391 0.877654 0.846967 0.950251 0.827294 0.977600 0.943826 0.903284 0.882201 0.983728 0.898523 0.902155 0.967214 0.813396 0.943081
0.638614 0.923481 0.000000 0.445730 0.890660 0.967509 0.337256 0.463268 0.716705 0.560951 0.760013 0.992943 0.942088 0.801924 0.812585 0.671773 0.833135 0.717709 0.695366 0.808773 0.828500 0.957221 0.847584 0.987482 0.717106 0.821644 0.934707 0.916769 0.944701 0.951312 0.814242 0.953371 0.567741 0.579002 0.751093 0.840163 0.953918 0.938389 0.821011 0.754393 0.877081 0.776956 0.651923 0.727739 0.745879 0.746150 0.659610 0.721585 0.912226 0.963636 0.860323 0.968542 0.890927 0.803366 0.781476 0.702119 0.757957 0.993068 0.611931 0.796718 0.475564 0.707416 0.652664 0.728016 0.505709 0.587386 0.483646 0.542678 0.934000 0.899071 0.958775 0.897492 0.950070 0.995927 0.899869 0.944479 0.716422 0.916639 0.950107 0.958872 0.633618 0.583876 0.944062 0.731066 0.580496 0.711401 0.847706 0.970378 0.781269 0.678553 0.557917 0.615217 0.510186 0.616935 0.796006 0.712103 0.700168 0.811068 0.544446 0.546548 0.723542 0.920859 0.826992 0.742127 0.793443 0.580522 0.887719 0.816873 0.781976 0.930046 0.710212 0.769232 0.788725 0.908368 0.998010 0.951998
0.662156 0.851100 0.445730 0.000000 0.992191 0.940374 0.505306 0.403713 0.918721 0.707861 0.714690 0.876810 0.922297 0.885231 0.688973 0.721124 0.924155 0.721271 0.811733 0.816831 0.797289 0.930266 0.915121 0.948989 0.615291 0.678164 0.979559 0.962998 0.968574 0.943182 0.799940 0.971925 0.622323 0.512001 0.703099 0.733834 0.883026 0.882763 0.698493 0.661496 0.843706 0.771331 0.601100 0.613937 0.748652 0.707106 0.626348 0.620326 0.880372 0.958169 0.868216 0.906113 0.811326 0.783671 0.855944 0.704495 0.853369 0.950524 0.698741 0.785948 0.622322 0.635761 0.742965 0.781444 0.526807 0.444517 0.409612 0.424544 0.720897 0.878642 0.772543 0.715834 0.972064 0.943101 0.941022 0.958761 0.725006 0.844793 0.889926 0.915841 0.667738 0.634538 0.988352 0.800300 0.733323 0.693816 0.831123 0.826088 0.945979 0.598895 0.697099 0.784569 0.578798 0.735520 0.783830 0.667336 0.708634 0.867411 0.555952 0.719859 0.704415 0.933956 0.784256 0.726325 0.783283 0.646026 0.869489 0.859543 0.719424 0.895481 0.709288 0.831097 0.972433 0.883328 0.966205 0.870881
0.963421 0.915657 0.890660 0.992191 0.000000 0.983520 0.870948 0.905316 0.769567 0.984997 0.770475 0.777911 0.929631 0.965110 0.655294 0.914832 0.873169 0.875333 0.802380 0.860372 0.866717 0.908582 0.546665 0.670324 0.848527 0.997270 0.893666 0.865177 0.872088 0.835397 0.767924 0.794445 0.994726 0.964314 0.919366 0.973226 0.928232 0.818294 0.932228 0.931774 0.993222 0.898862 0.802430 0.789825 0.975043 0.916846 0.979780 0.898069 0.967750 0.866159 0.865988 0.721423 0.762255 0.751127 0.953277 0.943116 0.846232 0.790085 0.903583 0.922113 0.894163 0.912506 0.845383 0.989846 0.680109 0.926566 0.918614 0.892554 0.893206 0.980267 0.989035 0.940207 0.683749 0.848982 0.978604 0.994890 0.936333 0.844906 0.881388 0.917682 0.838194 0.762634 0.640300 0.715461 0.588840 0.617241 0.739712 0.637947 0.773948 0.767602 0.936856 0.907956 0.968338 0.945902 0.966656 0.978674 0.965196 0.774199 0.950271 0.866767 0.947469 0.849565 0.735860 0.902714 0.926042 0.945411 0.936574 0.933872 0.896621 0.864563 0.970890 0.956749 0.941915 0.952948 0.960203 0.848840
0.967476 0.987683 0.967509 0.940374 0.983520 0.000000 0.997215 0.939451 0.990113 0.908985 0.981656 0.925886 0.867440 0.949209 0.893023 0.802760 0.884108 0.979740 0.953164 0.827117 0.834451 0.847656 0.909167 0.951012 0.810829 0.810714 0.865749 0.818164 0.941915 0.972167 0.997653 0.900487 0.941242 0.904322 0.848751 0.937758 0.891173 0.872979 0.851723 0.891197 0.859898 0.939453 0.997773 0.928148 0.859218 0.834044 0.960117 0.989387 0.946457 0.906689 0.917594 0.760014 0.950326 0.975870 0.940335 0.944057 0.965882 0.857527 0.952810 0.853365 0.999486 0.996108 0.859801 0.769430 0.879720 0.919669 0.953606 0.979143 0.855570 0.777324 0.836547 0.760541 0.944949 0.894878 0.981450 0.858190 0.899116 0.860591 0.956055 0.887489 0.949286 0.927514 0.840696 0.902091 0.923827 0.938218 0.998802 0.839720 0.975422 0.996162 0.963964 0.982182 0.908752 0.938686 0.976115 0.826337 0.885347 0.970634 0.986701 0.912846 0.956855 0.865631 0.911849 0.961578 0.965971 0.886741 0.852028 0.807191 0.941548 0.945920 0.808719 0.963429 0.945875 0.988669 0.896298 0.780565
0.534943 0.896658 0.337256 0.505306 0.870948 0.997215 0.000000 0.494452 0.660089 0.539971 0.766371 0.960564 0.813763 0.839915 0.891354 0.691154 0.749327 0.615094 0.597993 0.725485 0.873095 0.974164 0.829479 0.969742 0.780169 0.832830 0.905402 0.838853 0.913894 0.847313 0.834355 0.984382 0.520260 0.563244 0.765950 0.844915 0.982780 0.888572 0.813817 0.852676 0.863250 0.822454 0.675467 0.727641 0.777433 0.700068 0.696460 0.731246 0.871528 0.886628 0.850968 0.985534 0.865604 0.802710 0.779743 0.725982 0.671841 0.906052 0.587849 0.795388 0.368506 0.664749 0.508339 0.628088 0.524994 0.623357 0.539360 0.615155 0.980488 0.938432 0.982751 0.988559 0.965379 0.993883 0.913749 0.971355 0.731439 0.942354 0.897680 0.980793 0.551337 0.507619 0.871972 0.682834 0.510980 0.724079 0.906796 0.963626 0.747071 0.690860 0.541428 0.590156 0.572218 0.677062 0.779691 0.763337 0.708319 0.860011 0.549895 0.550417 0.772313 0.890021 0.867904 0.727550 0.837455 0.649967 0.936733 0.866538 0.728114 0.915587 0.681750 0.815603 0.828852 0.922721 0.971701 0.915153
0.496895 0.716123 0.463268 0.403713 0.905316 0.939451 0.494452 0.000000 0.924037 0.542843 0.579485 0.623685 0.908679 0.958222 0.700333 0.749252 0.783544 0.633222 0.703627 0.687852 0.882351 0.967085 0.926619 0.819482 0.803674 0.835853 0.912356 0.928483 0.864850 0.813835 0.899647 0.952448 0.587241 0.435293 0.791837 0.746368 0.943011 0.963243 0.655374 0.626834 0.938488 0.776360 0.554358 0.599104 0.818294 0.713094 0.596076 0.629361 0.902534 0.895897 0.981515 0.783947 0.681920 0.587248 0.762233 0.726303 0.730440 0.890719 0.504820 0.614793 0.483443 0.397479 0.655435 0.588289 0.687334 0.453164 0.504361 0.449402 0.898184 0.797520 0.837663 0.817918 0.933757 0.950528 0.973994 0.994419 0.570800 0.743854 0.868783 0.935486 0.673256 0.683652 0.872080 0.833547 0.865048 0.886070 0.766918 0.730884 0.859525 0.607836 0.786065 0.928555 0.688615 0.937507 0.797661 0.719656 0.667514 0.796563 0.527700 0.712750 0.625728 0.981153 0.723982 0.756275 0.864388 0.646736 0.926005 0.890712 0.735561 0.899810 0.653297 0.909900 0.915786 0.875464 0.973726 0.888564
0.863910 0.964543 0.716705 0.918721 0.769567 0.990113 0.660089 0.924037 0.000000 0.686711 0.974801 0.860672 0.813148 0.859728 0.846584 0.898946 0.909589 0.884467 0.879372 0.931167 0.959700 0.980284 0.652914 0.954126 0.947715 0.975186 0.922278 0.896061 0.829713 0.927788 0.889889 0.960903 0.839754 0.966257 0.953474 0.896959 0.983391 0.823334 0.892447 0.807924 0.917024 0.979444 0.883558 0.838348 0.980962 0.959533 0.949958 0.872916 0.953929 0.974623 0.973299 0.929637 0.856789 0.905596 0.983432 0.938362 0.802231 0.877848 0.948524 0.991507 0.652438 0.938836 0.674517 0.740301 0.695287 0.986254 0.933659 0.862296 0.827107 0.864159 0.870468 0.783938 0.993914 0.866215 0.877327 0.950475 0.960396 0.972809 0.816742 0.942448 0.759615 0.745304 0.665724 0.732056 0.603661 0.756493 0.821438 0.741300 0.836288 0.751868 0.852327 0.828555 0.846225 0.879522 0.956694 0.915325 0.859411 0.996308 0.950572 0.713340 0.928206 0.954310 0.942863 0.921216 0.838230 0.921505 0.980078 0.973559 0.888627 0.910746 0.874269 0.979140 0.994386 0.900755 0.937688 0.851355
0.627006 0.885459 0.560951 0.707861 0.984997 0.908985 0.539971 0.542843 0.686711 0.000000 0.643211 0.854181 0.957326 0.763524 0.814123 0.681772 0.788022 0.695713 0.607834 0.639289 0.847750 0.991009 0.884600 0.829254 0.957900 0.942885 0.756206 0.770752 0.794257 0.899514 0.878601 0.987530 0.615561 0.589248 0.825751 0.958488 0.937944 0.862299 0.908700 0.907490 0.941198 0.861759 0.814890 0.841092 0.921788 0.860096 0.758230 0.942470 0.915339 0.969744 0.975726 0.992032 0.796948 0.675547 0.806836 0.875915 0.714248 0.805896 0.544127 0.629682 0.555549 0.644378 0.580658 0.518064 0.855063 0.779281 0.651895 0.690533 0.781821 0.890537 0.910633 0.930844 0.957270 0.978380 0.845829 0.940171 0.758612 0.901849 0.925785 0.971903 0.683975 0.717785 0.952679 0.816156 0.784641 0.994808 0.807037 0.965805 0.795208 0.631874 0.720484 0.834124 0.699118 0.931390 0.887809 0.642531 0.573610 0.868308 0.646897 0.671937 0.716849 0.984144 0.668346 0.742227 0.728171 0.697548 0.992827 0.836935 0.729628 0.829325 0.736009 0.955774 0.928509 0.928427 0.906033 0.950203
0.647801 0.899097 0.760013 0.714690 0.770475 0.981656 0.766371 0.579485 0.974801 0.643211 0.000000 0.586784 0.849459 0.982378 0.665445 0.787894 0.821550 0.805666 0.789350 0.734441 0.825293 0.941510 0.686958 0.691827 0.982182 0.855311 0.796537 0.976454 0.894007 0.994469 0.848025 0.820584 0.835318 0.582277 0.891588 0.823693 0.954750 0.915988 0.790712 0.857041 0.882491 0.827064 0.731501 0.721377 0.976118 0.792899 0.752376 0.896482 0.947451 0.824023 0.803508 0.599970 0.654922 0.578995 0.847806 0.739977 0.880480 0.984874 0.761238 0.855044 0.735763 0.596327 0.761077 0.694887 0.950544 0.811316 0.759785 0.749948 0.828771 0.836453 0.919215 0.931164 0.865156 0.899428 0.997263 0.989880 0.653488 0.724440 0.895697 0.967780 0.839648 0.894064 0.802063 0.984475 0.888831 0.886930 0.709918 0.754559 0.895295 0.792125 0.876041 0.905837 0.808715 0.977104 0.921777 0.738701 0.748124 0.806938 0.785531 0.937323 0.714539 0.969199 0.707228 0.813198 0.961599 0.916056 0.988721 0.993339 0.864956 0.941521 0.864249 0.950997 0.920399 0.906177 0.942021 0.795373
0.644160 0.619228 0.992943 0.876810 0.777911 0.925886 0.960564 0.623685 0.860672 0.854181 0.586784 0.000000 0.701686 0.695785 0.878675 0.909134 0.759355 0.709288 0.787919 0.757060 0.956527 0.802961 0.687452 0.720412 0.983806 0.977267 0.945026 0.983378 0.851976 0.750829 0.825346 0.894678 0.880205 0.720341 0.930377 0.806623 0.986956 0.909256 0.788157 0.811885 0.991241 0.911235 0.708801 0.671666 0.963114 0.810264 0.817754 0.807707 0.900390 0.842787 0.836855 0.724047 0.765734 0.720960 0.755433 0.902165 0.749881 0.763996 0.729674 0.804395 0.734742 0.522229 0.756519 0.644560 0.926442 0.818479 0.976654 0.891716 0.886599 0.727736 0.976022 0.919248 0.903548 0.902034 0.962727 0.872956 0.677133 0.706051 0.833212 0.960341 0.832062 0.917999 0.886399 0.924697 0.816043 0.857037 0.917591 0.765437 0.894472 0.870707 0.859707 0.727168 0.911134 0.708896 0.898051 0.951605 0.884424 0.825065 0.874253 0.972535 0.794425 0.907580 0.843829 0.978028 0.924504 0.920126 0.961377 0.974266 0.908184 0.997349 0.905520 0.975079 0.979482 0.908587 0.936599 0.858456
0.724210 0.786191 0.942088 0.922297 0.929631 0.867440 0.813763 0.908679 0.813148 0.957326 0.849459 0.701686 0.000000 0.601472 0.660761 0.697758 0.835315 0.738342 0.778547 0.817178 0.979079 0.814430 0.968560 0.915717 0.967151 0.888961 0.872597 0.996995 0.832151 0.723904 0.966156 0.996396 0.923164 0.909019 0.974697 0.989318 0.998555 0.820072 0.964689 0.962407 0.912250 0.881783 0.938546 0.964226 0.958222 0.888940 0.839983 0.907019 0.994902 0.936912 0.845675 0.887677 0.913919 0.916975 0.848993 0.818812 0.744970 0.729504 0.883971 0.897189 0.623542 0.714343 0.727407 0.719431 0.975537 0.999582 0.791193 0.846915 0.903686 0.891614 0.808961 0.897652 0.999253 0.836045 0.989461 0.695751 0.925852 0.946504 0.865608 0.869209 0.824617 0.756829 0.816457 0.787824 0.819418 0.991712 0.789732 0.881387 0.755791 0.995818 0.921593 0.836819 0.842150 0.764021 0.989523 0.983021 0.950693 0.982938 0.964423 0.943564 0.948040 0.946401 0.901556 0.843777 0.951801 0.929311 0.912985 0.806932 0.983348 0.965243 0.984951 0.983800 0.996036 0.928063 0.917758 0.990810
0.928379 0.742280 0.801924 0.885231 0.965110 0.949209 0.839915 0.958222 0.859728 0.763524 0.982378 0.695785 0.601472 0.000000 0.611865 0.482920 0.885892 0.825913 0.942125 0.880233 0.901835 0.852082 0.993970 0.902578 0.931956 0.948182 0.932714 0.887407 0.897076 0.667384 0.866063 0.754694 0.994864 0.971819 0.910621 0.900581 0.991524 0.935893 0.906839 0.895056 0.983513 0.844960 0.939404 0.874090 0.980477 0.890884 0.833444 0.815881 0.981453 0.983205 0.899484 0.952160 0.962133 0.910483 0.849907 0.851977 0.905889 0.836945 0.849661 0.974484 0.950713 0.837344 0.944330 0.905248 0.948007 0.951470 0.801242 0.881425 0.899885 0.852405 0.956089 0.777175 0.958577 0.978005 0.839801 0.750770 0.945196 0.886192 0.860367 0.780614 0.932530 0.845508 0.733061 0.776299 0.997260 0.898614 0.843589 0.852782 0.972357 0.950688 0.740362 0.719975 0.675935 0.681179 0.940037 0.953591 0.812521 0.899963 0.894570 0.869261 0.950557 0.903733 0.848749 0.770647 0.858496 0.914280 0.895965 0.845638 0.846072 0.984604 0.875246 0.970954 0.950861 0.962720 0.886974 0.933290
0.974277 0.852450 0.812585 0.688973 0.655294 0.893023 0.891354 0.700333 0.846584 0.814123 0.665445 0.878675 0.660761 0.611865 0.000000 0.505490 0.852315 0.827601 0.928317 0.972726 0.928587 0.897833 0.595983 0.691400 0.997702 0.936383 0.904350 0.979604 0.795117 0.667648 0.723481 0.646249 0.964978 0.816448 0.958375 0.895374 0.981288 0.904233 0.835662 0.907035 0.971980 0.759906 0.743342 0.820336 0.981446 0.965422 0.992323 0.986715 0.936126 0.790126 0.990547 0.784311 0.681454 0.640606 0.982867 0.959150 0.815340 0.730017 0.786959 0.844945 0.984329 0.874291 0.894248 0.975151 0.890924 0.897570 0.665132 0.707212 0.982452 0.938192 0.993636 0.982476 0.808048 0.916298 0.989792 0.786958 0.795531 0.882135 0.837909 0.925923 0.868372 0.784725 0.570481 0.662935 0.711707 0.743041 0.599611 0.531681 0.893697 0.989312 0.810084 0.875430 0.652093 0.788523 0.920070 0.888297 0.775706 0.853088 0.798359 0.941718 0.754481 0.885313 0.650794 0.757226 0.948562 0.860800 0.806273 0.806366 0.951685 0.950069 0.780159 0.949791 0.941353 0.945716 0.885592 0.887588
0.919344 0.787204 0.671773 0.721124 0.914832 0.802760 0.691154 0.749252 0.898946 0.681772 0.787894 0.909134 0.697758 0.482920 0.505490 0.000000 0.969544 0.959090 0.944830 0.945166 0.968045 0.955096 0.879619 0.770224 0.967348 0.967621 0.868969 0.829634 0.941647 0.731712 0.852404 0.726835 0.932810 0.858758 0.849467 0.973890 0.904909 0.909731 0.956205 0.951629 0.975740 0.773373 0.856143 0.906984 0.893779 0.918140 0.989161 0.907520 0.986803 0.950043 0.998741 0.963745 0.792760 0.744406 0.949225 0.906358 0.945516 0.813172 0.761144 0.881302 0.851903 0.927901 0.894399 0.899789 0.953010 0.958724 0.675586 0.780596 0.892327 0.982249 0.939170 0.821530 0.855731 0.986642 0.968689 0.764707 0.873147 0.922919 0.900510 0.781330 0.917601 0.986469 0.746565 0.883402 0.976052 0.913776 0.702585 0.763945 0.936488 0.880414 0.686070 0.702529 0.573397 0.725269 0.858851 0.844854 0.698211 0.796921 0.779701 0.784521 0.862139 0.884921 0.721213 0.738918 0.913783 0.916954 0.887553 0.753690 0.871549 0.962550 0.676287 0.901940 0.949863 0.995276 0.842458 0.974438
0.514967 0.546504 0.833135 0.924155 0.873169 0.884108 0.749327 0.783544 0.909589 0.788022 0.821550 0.759355 0.835315 0.885892 0.852315 0.969544 0.000000 0.521606 0.577494 0.685031 0.969146 0.991061 0.876547 0.982099 0.880883 0.910577 0.943859 0.965380 0.650194 0.622223 0.922429 0.877001 0.642971 0.745393 0.802857 0.853570 0.893912 0.829727 0.978771 0.985791 0.991057 0.897238 0.821795 0.719824 0.775526 0.697832 0.748435 0.779172 0.706580 0.797242 0.878155 0.965848 0.873308 0.959737 0.738271 0.860719 0.503573 0.624730 0.803157 0.988758 0.651943 0.697231 0.495796 0.517254 0.809655 0.817046 0.896329 0.914730 0.775713 0.737496 0.957550 0.975651 0.981204 0.918929 0.986195 0.992408 0.809680 0.915332 0.821946 0.904402 0.479673 0.571148 0.758563 0.594112 0.719381 0.778248 0.919857 0.774967 0.824425 0.755943 0.840520 0.931292 0.988261 0.985321 0.869028 0.782199 0.845309 0.942873 0.851958 0.778162 0.945857 0.859173 0.905803 0.881317 0.960865 0.956066 0.940115 0.938033 0.845984 0.935132 0.852163 0.909541 0.752095 0.984713 0.893917 0.961442
0.491944 0.565194 0.717709 0.721271 0.875333 0.979740 0.615094 0.633222 0.884467 0.695713 0.805666 0.709288 0.738342 0.825913 0.827601 0.959090 0.521606 0.000000 0.563802 0.664181 0.917486 0.879030 0.813858 0.976747 0.760205 0.872058 0.943668 0.962036 0.651357 0.517899 0.806388 0.847213 0.542311 0.584846 0.771738 0.761212 0.914982 0.853178 0.849859 0.817302 0.884026 0.941367 0.719043 0.652260 0.726547 0.654694 0.609788 0.686450 0.738485 0.848296 0.918498 0.998573 0.959592 0.986091 0.628800 0.761972 0.462200 0.659517 0.736139 0.868717 0.501824 0.563833 0.422427 0.471806 0.695017 0.665186 0.748470 0.770824 0.961198 0.779140 0.886156 0.942014 0.853775 0.949316 0.991586 0.970856 0.849691 0.904869 0.763430 0.860002 0.405538 0.434676 0.759710 0.550436 0.650902 0.682189 0.930688 0.835562 0.767142 0.608816 0.847275 0.980061 0.945193 0.954347 0.801561 0.750672 0.885189 0.945936 0.781835 0.728175 0.880720 0.881503 0.967595 0.880484 0.848720 0.777965 0.935424 0.925694 0.744496 0.863346 0.849124 0.883787 0.826146 0.904488 0.896369 0.964785
0.536551 0.704752 0.695366 0.811733 0.802380 0.953164 0.597993 0.703627 0.879372 0.607834 0.789350 0.787919 0.778547 0.942125 0.928317 0.944830 0.577494 0.563802 0.000000 0.629276 0.921585 0.919849 0.803241 0.897538 0.906662 0.880478 0.973849 0.992017 0.641945 0.645577 0.824471 0.868376 0.590580 0.632939 0.746060 0.862041 0.989266 0.768541 0.907170 0.974896 0.982769 0.953029 0.868958 0.807149 0.941714 0.793671 0.757263 0.822995 0.910113 0.943309 0.969187 0.982995 0.933094 0.911872 0.714090 0.804030 0.587197 0.726754 0.779493 0.896844 0.557477 0.685802 0.452387 0.566027 0.779162 0.742767 0.793706 0.821774 0.809798 0.858881 0.842864 0.990905 0.852127 0.888540 0.996267 0.961160 0.846584 0.789784 0.849970 0.881979 0.530667 0.568852 0.827217 0.661372 0.644119 0.770034 0.906854 0.831936 0.753681 0.725730 0.810942 0.896204 0.905705 0.958547 0.895613 0.801489 0.777427 0.905315 0.794164 0.722634 0.817954 0.849152 0.864628 0.954974 0.910248 0.778418 0.983638 0.882349 0.830063 0.972905 0.827180 0.922852 0.820343 0.926953 0.994428 0.957051
0.722559 0.800249 0.808773 0.816831 0.860372 0.827117 0.725485 0.687852 0.931167 0.639289 0.734441 0.757060 0.817178 0.880233 0.972726 0.945166 0.685031 0.664181 0.629276 0.000000 0.929375 0.902350 0.895473 0.922347 0.938961 0.871518 0.903436 0.727801 0.829934 0.763131 0.915106 0.946238 0.734363 0.712820 0.815991 0.958521 0.922175 0.895770 0.901913 0.882156 0.918383 0.947989 0.877415 0.827825 0.977786 0.859223 0.862482 0.781714 0.962332 0.879511 0.963228 0.940455 0.823671 0.747305 0.935086 0.835704 0.747242 0.670458 0.642449 0.629436 0.677418 0.645822 0.681078 0.633965 0.970862 0.772916 0.837443 0.791248 0.895535 0.776353 0.953055 0.983153 0.925187 0.855370 0.843076 0.991231 0.791643 0.979780 0.833388 0.910568 0.688934 0.706452 0.876129 0.816722 0.862068 0.993830 0.874915 0.996503 0.816480 0.761056 0.918956 0.977541 0.948420 0.876728 0.951781 0.812981 0.759244 0.905240 0.814584 0.871224 0.742633 0.882978 0.821731 0.921946 0.877460 0.857359 0.994351 0.982926 0.807541 0.902958 0.730870 0.989684 0.995643 0.929904 0.942879 0.893742
0.849158 0.993649 0.828500 0.797289 0.866717 0.834451 0.873095 0.882351 0.959700 0.847750 0.825293 0.956527 0.979079 0.901835 0.928587 0.968045 0.969146 0.917486 0.921585 0.929375 0.000000 0.995972 0.959238 0.919413 0.765498 0.814366 0.902821 0.985474 0.886046 0.893642 0.892437 0.986461 0.892095 0.880349 0.921850 0.990191 0.804917 0.952641 0.940181 0.979887 0.971556 0.921349 0.837458 0.837226 0.899168 0.944239 0.782286 0.939725 0.929274 0.987401 0.938707 0.884735 0.854018 0.921122 0.894281 0.988501 0.911742 0.917028 0.918613 0.888153 0.964535 0.986921 0.961611 0.965065 0.880127 0.855372 0.749379 0.811757 0.924347 0.943231 0.942706 0.938305 0.959717 0.981411 0.943002 0.992427 0.897272 0.892626 0.938698 0.913929 0.948378 0.971063 0.882879 0.952057 0.917036 0.897660 0.971487 0.943544 0.962228 0.871471 0.876430 0.960223 0.844372 0.852964 0.928211 0.774258 0.823503 0.942650 0.942822 0.974258 0.792320 0.890815 0.907744 0.917703 0.890114 0.918858 0.973072 0.977979 0.792654 0.949927 0.947410 0.879666 0.899873 0.924584 0.988035 0.840655
0.942921 0.992481 0.957221 0.930266 0.908582 0.847656 0.974164 0.967085 0.980284 0.991009 0.941510 0.802961 0.814430 0.852082 0.897833 0.955096 0.991061 0.879030 0.919849 0.902350 0.995972 0.000000 0.971191 0.993554 0.917102 0.980506 0.890107 0.866807 0.993452 0.975140 0.957541 0.945245 0.990369 0.986812 0.978776 0.968994 0.998544 0.954128 0.967566 0.933937 0.936744 0.820945 0.995558 0.911014 0.954685 0.882365 0.942113 0.952995 0.973472 0.928837 0.863111 0.927421 0.896220 0.990004 0.811128 0.954520 0.860537 0.904082 0.975442 0.945537 0.882876 0.915988 0.904906 0.881030 0.928905 0.918102 0.918010 0.904404 0.970452 0.916360 0.954203 0.882913 0.849485 0.949944 0.992492 0.906724 0.953498 0.997013 0.952339 0.917607 0.997511 0.972731 0.914593 0.924744 0.995415 0.979844 0.755907 0.926382 0.961044 0.996291 0.923804 0.974629 0.866470 0.836381 0.978432 0.993555 0.986066 0.864963 0.972041 0.966167 0.921044 0.777056 0.986183 0.889268 0.955975 0.881823 0.910191 0.922890 0.976234 0.846391 0.948820 0.926520 0.991987 0.857027 0.991070 0.966290
0.976165 0.957410 0.847584 0.915121 0.546665 0.909167 0.829479 0.926619 0.652914 0.884600 0.686958 0.687452 0.968560 0.993970 0.595983 0.879619 0.876547 0.813858 0.803241 0.895473 0.959238 0.971191 0.000000 0.477257 0.857818 0.987998 0.890598 0.949758 0.910697 0.785939 0.566460 0.651748 0.821166 0.994254 0.798535 0.977601 0.876824 0.965665 0.809372 0.906596 0.922785 0.869788 0.809031 0.817532 0.956605 0.993591 0.927827 0.997629 0.945354 0.756780 0.761573 0.584188 0.744481 0.678896 0.948829 0.946078 0.836103 0.827402 0.927081 0.976596 0.874548 0.892998 0.783765 0.884584 0.595102 0.850471 0.972783 0.970266 0.893738 0.988065 0.918391 0.893002 0.692955 0.816931 0.887788 0.988237 0.840195 0.846451 0.816167 0.967989 0.708593 0.609070 0.554241 0.598706 0.425952 0.540099 0.752316 0.535301 0.890296 0.733206 0.955061 0.863223 0.976860 0.977715 0.984952 0.873570 0.867554 0.834110 0.984149 0.780889 0.876122 0.929692 0.793442 0.910674 0.726748 0.847636 0.960156 0.931614 0.869145 0.962996 0.996929 0.966251 0.986330 0.988065 0.918071 0.806289
0.847698 0.975183 0.987482 0.948989 0.670324 0.951012 0.969742 0.819482 0.954126 0.829254 0.691827 0.720412 0.915717 0.902578 0.691400 0.770224 0.982099 0.976747 0.897538 0.922347 0.919413 0.993554 0.477257 0.000000 0.827890 0.828034 0.719607 0.905541 0.996074 0.849066 0.631445 0.650203 0.981159 0.953869 0.908589 0.955088 0.950125 0.818729 0.891484 0.953392 0.937338 0.977621 0.826707 0.860019 0.991920 0.936040 0.949015 0.943247 0.965245 0.903744 0.781174 0.737372 0.836900 0.705296 0.904609 0.965558 0.967659 0.917458 0.734931 0.786912 0.870210 0.791346 0.946952 0.866824 0.670431 0.812266 0.972670 0.934347 0.753205 0.953434 0.941972 0.840768 0.734364 0.841141 0.941574 0.919176 0.778269 0.891253 0.907171 0.852065 0.882849 0.778210 0.653819 0.793730 0.589032 0.523423 0.787356 0.594313 0.911648 0.957902 0.882216 0.981653 0.864414 0.976343 0.922297 0.987644 0.984350 0.806054 0.865439 0.981436 0.880640 0.832877 0.670137 0.844188 0.843589 0.929407 0.913920 0.985953 0.988781 0.963707 0.861710 0.912352 0.997822 0.944960 0.939431 0.959216
0.799021 0.825867 0.717106 0.615291 0.848527 0.810829 0.780169 0.803674 0.947715 0.957900 0.982182 0.983806 0.967151 0.931956 0.997702 0.967348 0.880883 0.760205 0.906662 0.938961 0.765498 0.917102 0.857818 0.827890 0.000000 0.647204 0.837989 0.777925 0.918507 0.905614 0.730290 0.850939 0.757437 0.784519 0.739055 0.873651 0.876516 0.829234 0.858416 0.857555 0.765705 0.883492 0.591094 0.643553 0.570112 0.622272 0.642827 0.634414 0.709529 0.837835 0.754585 0.989260 0.864947 0.811143 0.962667 0.701694 0.810217 0.951860 0.957470 0.762935 0.852090 0.924478 0.827914 0.965801 0.609688 0.653663 0.669023 0.696183 0.771770 0.714925 0.806783 0.666970 0.924696 0.999870 0.841341 0.953310 0.877790 0.908671 0.762563 0.891792 0.672687 0.660597 0.814887 0.735561 0.710979 0.534925 0.978620 0.973837 0.950460 0.838851 0.715827 0.815852 0.715526 0.694404 0.810611 0.799711 0.922528 0.915722 0.842502 0.810116 0.831336 0.977318 0.999333 0.816584 0.969747 0.805420 0.807462 0.896203 0.931503 0.950829 0.949895 0.752371 0.837258 0.962027 0.908077 0.902645
0.757016 0.859295 0.821644 0.678164 0.997270 0.810714 0.832830 0.835853 0.975186 0.942885 0.855311 0.977267 0.888961 0.948182 0.936383 0.967621 0.910577 0.872058 0.880478 0.871518 0.814366 0.980506 0.987998 0.828034 0.647204 0.000000 0.901367 0.712007 0.994983 0.965105 0.810312 0.971692 0.804453 0.792637 0.883769 0.774817 0.810759 0.905769 0.821556 0.894753 0.851426 0.757589 0.763662 0.744018 0.847758 0.815584 0.802913 0.784158 0.782514 0.956624 0.885528 0.825036 0.945301 0.840603 0.817572 0.830986 0.899979 0.822232 0.888551 0.737907 0.941938 0.943732 0.899611 0.957921 0.661384 0.759914 0.707589 0.809155 0.871560 0.965257 0.795147 0.707931 0.905679 0.961503 0.776704 0.937223 0.820383 0.737680 0.924102 0.989015 0.817568 0.842594 0.919022 0.863428 0.849269 0.626613 0.871433 0.992898 0.969169 0.811134 0.757232 0.778451 0.765437 0.730964 0.793898 0.868670 0.996817 0.986347 0.857495 0.849852 0.849436 0.903190 0.940420 0.834758 0.900772 0.865521 0.914509 0.936888 0.979267 0.893191 0.952314 0.865674 0.831457 0.999805 0.907791 0.803118
0.890986 0.961636 0.934707 0.979559 0.893666 0.865749 0.905402 0.912356 0.922278 0.756206 0.796537 0.945026 0.872597 0.932714 0.904350 0.868969 0.943859 0.943668 0.973849 0.903436 0.902821 0.890107 0.890598 0.719607 0.837989 0.901367 0.000000 0.875830 0.879912 0.841548 0.982399 0.859012 0.911961 0.891563 0.869204 0.915866 0.882863 0.921080 0.934665 0.999416 0.876381 0.966972 0.854254 0.926804 0.867883 0.849371 0.962192 0.990868 0.885785 0.872897 0.972084 0.948705 0.937253 0.900999 0.904193 0.897159 0.876955 0.867103 0.778725 0.830528 0.900943 0.970166 0.964325 0.825678 0.837020 0.817400 0.968457 0.960593 0.713334 0.983736 0.976073 0.863638 0.852102 0.908862 0.930608 0.959753 0.976122 0.998611 0.926817 0.808861 0.931080 0.881856 0.880188 0.910712 0.940030 0.741552 0.989677 0.953228 0.852466 0.958984 0.874460 0.963829 0.845936 0.968678 0.937689 0.884222 0.877762 0.836562 0.839387 0.877523 0.922796 0.843439 0.698624 0.845477 0.835112 0.973671 0.944384 0.878261 0.973288 0.967333 0.845760 0.883410 0.898956 0.898264 0.989223 0.931450
0.970733 0.790876 0.916769 0.962998 0.865177 0.818164 0.838853 0.928483 0.896061 0.770752 0.976454 0.983378 0.996995 0.887407 0.979604 0.829634 0.965380 0.962036 0.992017 0.727801 0.985474 0.866807 0.949758 0.905541 0.777925 0.712007 0.875830 0.000000 0.941528 0.996117 0.909432 0.966207 0.962493 0.987939 0.980957 0.925774 0.952866 0.964444 0.975648 0.945261 0.975347 0.911496 0.947014 0.926892 0.925874 0.960066 0.939755 0.953997 0.997182 0.909172 0.916611 0.859073 0.871287 0.840384 0.978945 0.964262 0.964587 0.912518 0.771408 0.784277 0.839697 0.949256 0.958940 0.899685 0.931198 0.983038 0.992090 0.951060 0.990794 0.993268 0.936491 0.808739 0.916888 0.921475 0.862877 0.952525 0.948502 0.845141 0.954463 0.831973 0.992785 0.996404 0.996304 0.982235 0.946766 0.846168 0.986858 0.951338 0.893772 0.917273 0.939867 0.904127 0.965816 0.992896 0.969416 0.991347 0.796925 0.899881 0.925286 0.962188 0.986427 0.920785 0.965766 0.984818 0.979635 0.944826 0.911040 0.917687 0.772907 0.969358 0.843995 0.971930 0.969060 0.992586 0.885642 0.969417
0.729641 0.709620 0.944701 0.968574 0.872088 0.941915 0.913894 0.864850 0.829713 0.794257 0.894007 0.851976 0.832151 0.897076 0.795117 0.941647 0.650194 0.651357 0.641945 0.829934 0.886046 0.993452 0.910697 0.996074 0.918507 0.994983 0.879912 0.941528 0.000000 0.546997 0.934421 0.814317 0.810170 0.786434 0.968944 0.947296 0.966722 0.756734 0.966113 0.947567 0.915125 0.915179 0.939789 0.968782 0.941829 0.990157 0.866232 0.986721 0.970721 0.892234 0.866780 0.939800 0.860257 0.988287 0.874481 0.801096 0.712778 0.796744 0.973046 0.939813 0.791423 0.655333 0.666200 0.659512 0.953347 0.885667 0.936917 0.961750 0.877467 0.902874 0.916791 0.946403 0.800540 0.778285 0.943678 0.898817 0.867740 0.871606 0.887381 0.933486 0.723789 0.785707 0.810606 0.714870 0.909531 0.876589 0.986008 0.864605 0.875197 0.792679 0.960466 0.845070 0.854458 0.798209 0.979521 0.857726 0.996414 0.973253 0.982317 0.894771 0.954531 0.831625 0.956354 0.984973 0.900127 0.955238 0.837284 0.955708 0.943269 0.945609 0.877437 0.996689 0.750958 0.997908 0.952288 0.842721
0.674514 0.613077 0.951312 0.943182 0.835397 0.972167 0.847313 0.813835 0.927788 0.899514 0.994469 0.750829 0.723904 0.667384 0.667648 0.731712 0.622223 0.517899 0.645577 0.763131 0.893642 0.975140 0.785939 0.849066 0.905614 0.965105 0.841548 0.996117 0.546997 0.000000 0.760432 0.713132 0.697666 0.731007 0.899915 0.839712 0.958566 0.930052 0.932447 0.898599 0.995134 0.961718 0.893280 0.852070 0.943425 0.869206 0.694596 0.772988 0.792605 0.894805 0.895375 0.919042 0.856922 0.927350 0.718497 0.803582 0.614022 0.677615 0.880109 0.911190 0.707950 0.652162 0.607497 0.630572 0.809491 0.729814 0.991347 0.911596 0.980930 0.948836 0.949608 0.846149 0.810975 0.800803 0.955900 0.901090 0.934066 0.893709 0.752096 0.716435 0.635590 0.588477 0.670133 0.593541 0.740672 0.746070 0.804260 0.797608 0.819740 0.767932 0.878026 0.832830 0.796308 0.811491 0.873077 0.968644 0.999992 0.958029 0.893758 0.944805 0.964079 0.879333 0.891404 0.979477 0.900137 0.842304 0.931384 0.950197 0.920811 0.952938 0.901639 0.961696 0.830750 0.985324 0.912809 0.983926
0.889633 0.929839 0.814242 0.799940 0.767924 0.997653 0.834355 0.899647 0.889889 0.878601 0.848025 0.825346 0.966156 0.866063 0.723481 0.852404 0.922429 0.806388 0.824471 0.915106 0.892437 0.957541 0.566460 0.631445 0.730290 0.810312 0.982399 0.909432 0.934421 0.760432 0.000000 0.599684 0.636599 0.808344 0.700942 0.924073 0.932985 0.780092 0.959721 0.848811 0.951519 0.925916 0.859636 0.867268 0.695103 0.744702 0.720374 0.656618 0.697530 0.711107 0.662661 0.666603 0.805864 0.723164 0.906450 0.811851 0.810416 0.881458 0.977772 0.978277 0.905282 0.990665 0.824751 0.883941 0.720545 0.775295 0.769880 0.735067 0.820501 0.956549 0.709687 0.728257 0.777762 0.753807 0.981653 0.973719 0.987779 0.922413 0.843215 0.988495 0.752992 0.705615 0.697529 0.680465 0.603062 0.587775 0.901412 0.733011 0.976496 0.880524 0.846816 0.845439 0.847876 0.866588 0.983881 0.870787 0.839309 0.980540 0.768377 0.773364 0.995150 0.940513 0.908873 0.910544 0.882784 0.825891 0.977785 0.844665 0.850281 0.913799 0.895703 0.856567 0.882792 0.911289 0.960407 0.870684
0.984628 0.924325 0.953371 0.971925 0.794445 0.900487 0.984382 0.952448 0.960903 0.987530 0.820584 0.894678 0.996396 0.754694 0.646249 0.726835 0.877001 0.847213 0.868376 0.946238 0.986461 0.945245 0.651748 0.650203 0.850939 0.971692 0.859012 0.966207 0.814317 0.713132 0.599684 0.000000 0.815733 0.868808 0.844803 0.861227 0.985599 0.912320 0.916253 0.849227 0.991547 0.949773 0.958918 0.989287 0.847176 0.944282 0.832887 0.817188 0.988953 0.996934 0.901220 0.781297 0.782979 0.764034 0.825276 0.835818 0.902250 0.928678 0.794217 0.925807 0.974109 0.963978 0.887544 0.918852 0.806365 0.821473 0.930145 0.877204 0.842509 0.990697 0.999766 0.839653 0.774592 0.744674 0.948106 0.846953 0.906170 0.983781 0.840470 0.823242 0.893312 0.739295 0.655139 0.702817 0.702099 0.666106 0.711743 0.641509 0.943347 0.893667 0.893743 0.930592 0.821744 0.991774 0.894003 0.887768 0.984789 0.983056 0.979693 0.900263 0.922782 0.851268 0.802163 0.867140 0.864437 0.992842 0.980797 0.871485 0.897215 0.954984 0.950110 0.878118 0.869173 0.956048 0.919022 0.799093
0.552588 0.587405 0.567741 0.622323 0.994726 0.941242 0.520260 0.587241 0.839754 0.615561 0.835318 0.880205 0.923164 0.994864 0.964978 0.932810 0.642971 0.542311 0.590580 0.734363 0.892095 0.990369 0.821166 0.981159 0.757437 0.804453 0.911961 0.962493 0.810170 0.697666 0.636599 0.815733 0.000000 0.534596 0.727629 0.826100 0.986209 0.974792 0.957507 0.874951 0.815813 0.868171 0.645295 0.571661 0.616256 0.552890 0.706903 0.584187 0.677453 0.765087 0.818072 0.926534 0.972523 0.968099 0.785893 0.893658 0.561479 0.696790 0.684729 0.830262 0.540274 0.674772 0.523476 0.563064 0.707752 0.703690 0.610264 0.618232 0.949479 0.899212 0.881352 0.947791 0.966960 0.877641 0.920648 0.984185 0.792279 0.836846 0.852053 0.995804 0.514871 0.530056 0.826295 0.657920 0.640187 0.749027 0.942741 0.880128 0.835387 0.752734 0.694815 0.778024 0.701250 0.826574 0.715760 0.703618 0.718472 0.871131 0.574518 0.605098 0.802675 0.965851 0.862563 0.695526 0.898080 0.708462 0.903421 0.781153 0.803805 0.795794 0.769850 0.725672 0.767278 0.930817 0.955766 0.992919
0.521460 0.720161 0.579002 0.512001 0.964314 0.904322 0.563244 0.435293 0.966257 0.589248 0.582277 0.720341 0.909019 0.971819 0.816448 0.858758 0.745393 0.584846 0.632939 0.712820 0.880349 0.986812 0.994254 0.953869 0.784519 0.792637 0.891563 0.987939 0.786434 0.731007 0.808344 0.868808 0.534596 0.000000 0.789945 0.703024 0.919588 0.943668 0.764827 0.663945 0.896219 0.826811 0.623225 0.613880 0.784878 0.667770 0.597350 0.609428 0.836272 0.981390 0.932590 0.903482 0.768246 0.711291 0.764985 0.687369 0.684811 0.842625 0.664740 0.691128 0.580892 0.485701 0.589689 0.541846 0.768724 0.529474 0.506125 0.470901 0.978038 0.784143 0.961671 0.841848 0.919493 0.882195 0.977296 0.975497 0.760700 0.760871 0.859269 0.898004 0.635835 0.637086 0.974774 0.781866 0.780526 0.811224 0.878618 0.944850 0.842869 0.641340 0.808133 0.943739 0.757253 0.923739 0.845383 0.702525 0.692878 0.897278 0.551992 0.661247 0.663082 0.937095 0.746263 0.782138 0.830920 0.743486 0.973635 0.857412 0.831647 0.835466 0.693291 0.846138 0.805220 0.982818 0.959021 0.965376
0.801772 0.859267 0.751093 0.703099 0.919366 0.848751 0.765950 0.791837 0.953474 0.825751 0.891588 0.930377 0.974697 0.910621 0.958375 0.849467 0.802857 0.771738 0.746060 0.815991 0.921850 0.978776 0.798535 0.908589 0.739055 0.883769 0.869204 0.980957 0.968944 0.899915 0.700942 0.844803 0.727629 0.789945 0.000000 0.895636 0.903881 0.878896 0.980214 0.865708 0.995093 0.882868 0.760335 0.811675 0.689173 0.685624 0.772267 0.762885 0.796255 0.841154 0.830363 0.834425 0.920281 0.890951 0.870938 0.658472 0.844272 0.892985 0.956776 0.940308 0.786521 0.869562 0.744020 0.742809 0.785840 0.859090 0.756359 0.781630 0.982456 0.806765 0.784490 0.757586 0.909385 0.948263 0.979332 0.994345 0.919092 0.894599 0.741916 0.995114 0.669895 0.661268 0.798337 0.667594 0.734356 0.746100 0.903741 0.862871 0.977899 0.804255 0.738369 0.790839 0.692141 0.850884 0.857817 0.739283 0.798394 0.881385 0.751520 0.754840 0.989439 0.870188 0.861366 0.849110 0.963169 0.796287 0.887859 0.711369 0.871292 0.968500 0.838329 0.843187 0.976377 0.956898 0.839875 0.926145
0.838356 0.871080 0.840163 0.733834 0.973226 0.937758 0.844915 0.746368 0.896959 0.958488 0.823693 0.806623 0.989318 0.900581 0.895374 0.973890 0.853570 0.761212 0.862041 0.958521 0.990191 0.968994 0.977601 0.955088 0.873651 0.774817 0.915866 0.925774 0.947296 0.839712 0.924073 0.861227 0.826100 0.703024 0.895636 0.000000 0.802606 0.957482 0.928273 0.741298 0.934439 0.932578 0.865440 0.872931 0.900079 0.904014 0.873931 0.840652 0.974342 0.927329 0.962715 0.939346 0.959929 0.992558 0.756326 0.839647 0.890344 0.996572 0.942591 0.941884 0.800412 0.780083 0.868230 0.888521 0.756212 0.710794 0.770861 0.728556 0.852996 0.957436 0.797368 0.846570 0.879997 0.935072 0.815171 0.956225 0.898774 0.866839 0.957206 0.933519 0.848548 0.806760 0.925099 0.999347 0.905582 0.845323 0.966444 0.955497 0.913161 0.795242 0.988904 0.970397 0.910081 0.989814 0.751595 0.984601 0.950851 0.996492 0.805551 0.872909 0.951713 0.877222 0.957409 0.960753 0.981291 0.881327 0.889895 0.982847 0.916196 0.921634 0.954865 0.874386 0.908165 0.988215 0.860329 0.944085
0.986926 0.912868 0.953918 0.883026 0.928232 0.891173 0.982780 0.943011 0.983391 0.937944 0.954750 0.986956 0.998555 0.991524 0.981288 0.904909 0.893912 0.914982 0.989266 0.922175 0.804917 0.998544 0.876824 0.950125 0.876516 0.810759 0.882863 0.952866 0.966722 0.958566 0.932985 0.985599 0.986209 0.919588 0.903881 0.802606 0.000000 0.907761 0.988117 0.964839 0.970373 0.882850 0.968375 0.964846 0.979076 0.967521 0.951615 0.896741 0.994201 0.987660 0.987364 0.990866 0.960951 0.931795 0.874881 0.970262 0.930616 0.954640 0.998348 0.995621 0.971697 0.944767 0.994219 0.985999 0.845841 0.878183 0.957042 0.890088 0.940952 0.969236 0.850847 0.822315 0.933525 0.862003 0.843812 0.930349 0.952730 0.873269 0.793970 0.894237 0.925640 0.977705 0.944585 0.939511 0.925817 0.903933 0.978368 0.978999 0.962045 0.897377 0.934785 0.948979 0.872590 0.976949 0.998026 0.935146 0.892528 0.974789 0.930540 0.917750 0.977430 0.916284 0.817708 0.927723 0.927211 0.815076 0.904456 0.948409 0.992503 0.968138 0.983196 0.867549 0.933529 0.799872 0.732560 0.972359
0.866635 0.943960 0.938389 0.882763 0.818294 0.872979 0.888572 0.963243 0.823334 0.862299 0.915988 0.909256 0.820072 0.935893 0.904233 0.909731 0.829727 0.853178 0.768541 0.895770 0.952641 0.954128 0.965665 0.818729 0.829234 0.905769 0.921080 0.964444 0.756734 0.930052 0.780092 0.912320 0.974792 0.943668 0.878896 0.957482 0.907761 0.000000 0.987601 0.998968 0.968395 0.883741 0.804458 0.783175 0.741399 0.716408 0.858561 0.780564 0.788727 0.813004 0.691786 0.800715 0.958599 0.861422 0.967414 0.968071 0.915816 0.824129 0.935807 0.962397 0.762966 0.872881 0.839912 0.864692 0.968752 0.945971 0.813529 0.734713 0.833414 0.998837 0.795868 0.768544 0.904258 0.890651 0.950745 0.996537 0.939993 0.989241 0.960665 0.991973 0.935842 0.962527 0.951598 0.985589 0.989469 0.947933 0.965972 0.959668 0.820279 0.851277 0.940447 0.900170 0.847070 0.827488 0.862461 0.986049 0.971745 0.951375 0.946498 0.951770 0.900080 0.874322 0.850436 0.824654 0.939042 0.890676 0.994155 0.850399 0.963290 0.996016 0.989580 0.949096 0.923234 0.835602 0.998704 0.900241
