0.000000 0.262762 0.643665 0.903998 0.803263 0.794181 0.773247 0.695169 0.776946 0.858536 0.487273 0.345786 0.778081 0.615814 0.895437 0.809339 0.409231 0.390189 0.504453 0.322416 0.798379 0.925044 0.641849 0.925131 0.802162 0.812137 0.967191 0.898682 0.463501 0.588002 0.862884 0.809780 0.847864 0.588906 0.832758 0.745074 0.851166 0.937264 0.975413 0.897865 0.863411 0.912863 0.889252 0.607070 0.943693 0.610757 0.673768 0.599640 0.295079 0.357231 0.356293 0.382530 0.512705 0.720433 0.639650 0.458413 0.343287 0.318553 0.285906 0.267725 0.773690 0.382528 0.514346 0.357096 0.743714 0.993115 0.756449 0.882079 0.464795 0.423589 0.973371 0.934887 0.621145 0.603263 0.898572 0.803876 0.564565 0.816760 0.840773 0.721665 0.393940 0.475279 0.819355 0.819503 0.885405 0.954095 0.702720 0.775935 0.997145 0.715733 0.742018 0.469344 0.617677 0.521877 0.958752 0.813514 0.780076 0.933425 0.845487 0.881428 0.709317 0.957326 0.650618 0.688275 0.878793 0.913064 0.860460 0.861004 0.965353 0.985626 0.865741 0.941719 0.649244 0.984059 0.918716 0.888424
0.262762 0.000000 0.613872 0.896910 0.769999 0.736926 0.701018 0.669803 0.709671 0.786249 0.547569 0.327431 0.846142 0.599527 0.911457 0.737369 0.383023 0.334639 0.448314 0.295065 0.760665 0.932138 0.682346 0.947777 0.820044 0.843585 0.973954 0.908724 0.459885 0.513033 0.954166 0.910347 0.791018 0.566349 0.811415 0.701173 0.878645 0.922693 0.983454 0.936641 0.909437 0.962692 0.876989 0.571941 0.918059 0.601348 0.627845 0.548985 0.319188 0.314202 0.352270 0.361230 0.533990 0.692386 0.580302 0.468971 0.276222 0.248162 0.356011 0.275544 0.861565 0.407825 0.490861 0.304661 0.708274 0.967790 0.684613 0.864202 0.477058 0.370115 0.871628 0.774681 0.591776 0.589189 0.799841 0.817103 0.522795 0.732958 0.781729 0.585969 0.303325 0.405907 0.808763 0.752784 0.949944 0.949217 0.667438 0.824608 0.892665 0.773928 0.709202 0.464659 0.562212 0.515672 0.892621 0.807047 0.779281 0.948461 0.868171 0.913285 0.664564 0.961861 0.630046 0.724764 0.859996 0.830709 0.861920 0.969881 0.952426 0.912511 0.851099 0.904835 0.697740 0.912980 0.975554 0.884833
0.643665 0.613872 0.000000 0.611899 0.663061 0.859191 0.459926 0.936224 0.681002 0.841866 0.720526 0.622019 0.791785 0.886186 0.601941 0.944466 0.764976 0.798735 0.834976 0.604637 0.790253 0.972542 0.499974 0.751233 0.593731 0.425423 0.892370 0.947103 0.663895 0.736114 0.592630 0.597092 0.714528 0.947752 0.613512 0.670836 0.795906 0.925366 0.931533 0.867689 0.988658 0.981453 0.670492 0.972539 0.677116 0.974502 0.986437 0.925931 0.622297 0.575706 0.711376 0.706338 0.795817 0.954047 0.739989 0.681553 0.599221 0.593556 0.646433 0.585485 0.752059 0.720513 0.868703 0.678495 0.352701 0.541541 0.496704 0.499635 0.677150 0.532978 0.970480 0.932861 0.834285 0.852364 0.988302 0.971125 0.746914 0.949071 0.886802 0.966258 0.829189 0.896988 0.875132 0.893237 0.588677 0.601490 0.786830 0.792222 0.745794 0.913875 0.566163 0.638408 0.571532 0.667944 0.952441 0.972476 0.938960 0.689306 0.953681 0.799034 0.981847 0.653247 0.893871 0.992735 0.865671 0.836571 0.880509 0.944737 0.990423 0.788156 0.806382 0.958776 0.942911 0.957937 0.722811 0.902694
0.903998 0.896910 0.611899 0.000000 0.799962 0.924393 0.664376 0.739490 0.926194 0.963988 0.994443 0.847211 0.633174 0.657918 0.628743 0.760913 0.850306 0.854258 0.849036 0.878604 0.977784 0.935049 0.641145 0.637384 0.882414 0.713320 0.868792 0.932356 0.968195 0.959010 0.868601 0.817802 0.674210 0.753855 0.901946 0.966390 0.881110 0.880211 0.926103 0.992678 0.865190 0.947529 0.908177 0.825956 0.804936 0.799923 0.905790 0.656558 0.943143 0.950721 0.817742 0.844340 0.798345 0.825239 0.926844 0.938520 0.934451 0.905108 0.893044 0.926999 0.595637 0.798844 0.900115 0.824861 0.535416 0.458898 0.841476 0.692015 0.951954 0.965590 0.894653 0.902444 0.901235 0.816226 0.850569 0.893820 0.841286 0.991826 0.748003 0.809717 0.807587 0.771082 0.624238 0.715762 0.517373 0.484319 0.804052 0.747701 0.655471 0.726892 0.807625 0.961873 0.949968 0.971164 0.987010 0.973577 0.882072 0.857897 0.887796 0.733577 0.943170 0.664042 0.943564 0.987489 0.807148 0.868505 0.846464 0.948695 0.997516 0.956811 0.789015 0.975998 0.952793 0.909997 0.853600 0.884068
0.803263 0.769999 0.663061 0.799962 0.000000 0.958781 0.629733 0.922868 0.670817 0.894689 0.885097 0.838546 0.811459 0.984120 0.728692 0.940212 0.726190 0.841942 0.823321 0.803912 0.792966 0.919757 0.654800 0.833324 0.973305 0.847047 0.923210 0.894669 0.913313 0.938951 0.920248 0.859223 0.889584 0.861923 0.841314 0.831029 0.900214 0.993266 0.917474 0.950419 0.916065 0.966475 0.885840 0.990459 0.788117 0.954391 0.995581 0.923287 0.804426 0.799306 0.834705 0.858992 0.870400 0.965768 0.633069 0.732953 0.783234 0.772499 0.788389 0.880345 0.763899 0.969370 0.972383 0.854142 0.666356 0.618168 0.729251 0.726531 0.792104 0.732696 0.828151 0.764266 0.937610 0.891330 0.996820 0.914366 0.828186 0.990604 0.929293 0.992003 0.867625 0.824384 0.897651 0.973158 0.675099 0.639709 0.722186 0.781350 0.797415 0.975852 0.663367 0.666082 0.740111 0.688667 0.913014 0.942737 0.919491 0.858666 0.952204 0.865879 0.977654 0.740616 0.866220 0.976202 0.748738 0.867389 0.973906 0.934840 0.891972 0.840749 0.877419 0.979382 0.892235 0.932963 0.950205 0.885185
0.794181 0.736926 0.859191 0.924393 0.958781 0.000000 0.979128 0.575560 0.902577 0.676725 0.833806 0.679729 0.780576 0.631018 0.796193 0.625605 0.899253 0.786551 0.817513 0.772985 0.809303 0.986019 0.953119 0.966205 0.717821 0.956703 0.986516 0.961329 0.629532 0.688449 0.853866 0.879573 0.796787 0.753978 0.907727 0.929697 0.881834 0.951208 0.930664 0.948148 0.853954 0.788231 0.871778 0.704213 0.929182 0.721564 0.884816 0.817764 0.716846 0.722155 0.739736 0.661597 0.873695 0.684565 0.953711 0.910900 0.861658 0.821158 0.895485 0.714781 0.820554 0.634936 0.744118 0.672385 0.948758 0.820015 0.977654 0.935667 0.894764 0.918944 0.946223 0.890744 0.916562 0.998840 0.782087 0.790488 0.782608 0.739177 0.981992 0.913316 0.830183 0.863939 0.892931 0.836965 0.946723 0.913745 0.962084 0.897912 0.848327 0.930284 0.854847 0.950202 0.958467 0.955021 0.840808 0.906911 0.835599 0.903757 0.791688 0.802427 0.656435 0.886489 0.875536 0.885409 0.840541 0.907871 0.967073 0.813182 0.882917 0.810758 0.877564 0.909229 0.986589 0.922482 0.949713 0.904336
0.773247 0.701018 0.459926 0.664376 0.629733 0.979128 0.000000 0.577184 0.403055 0.747046 0.864707 0.944651 0.578003 0.958435 0.601068 0.960568 0.994179 0.985516 0.946877 0.774377 0.931216 0.852928 0.680634 0.993407 0.915811 0.795456 0.858661 0.856940 0.999666 0.961135 0.788454 0.691635 0.658387 0.726550 0.728281 0.751765 0.929146 0.887968 0.904842 0.926015 0.743665 0.873925 0.602945 0.744430 0.406103 0.738045 0.985099 0.863782 0.768067 0.642050 0.799200 0.759521 0.778725 0.976920 0.608718 0.719424 0.724300 0.628494 0.818961 0.732633 0.430728 0.902842 0.800180 0.956841 0.531178 0.414044 0.399626 0.362154 0.619105 0.505706 0.915404 0.950021 0.894609 0.854478 0.908527 0.987578 0.907752 0.934976 0.865938 0.863905 0.908362 0.887866 0.888799 0.995439 0.666681 0.729047 0.757554 0.864995 0.831613 0.905014 0.389724 0.512473 0.525181 0.503684 0.983415 0.974834 0.982225 0.724232 0.648261 0.527552 0.775608 0.525378 0.958076 0.906809 0.803953 0.859919 0.858402 0.778632 0.867281 0.861259 0.716844 0.696139 0.835118 0.949448 0.743123 0.980489
0.695169 0.669803 0.936224 0.739490 0.922868 0.575560 0.577184 0.000000 0.655587 0.395804 0.474612 0.467918 0.536276 0.579197 0.772105 0.676763 0.553265 0.544250 0.716588 0.650198 0.647616 0.903146 0.943511 0.813228 0.502182 0.805163 0.809302 0.877726 0.459778 0.406252 0.904380 0.865566 0.640849 0.467200 0.950297 0.851658 0.731421 0.910700 0.847076 0.832153 0.734983 0.857972 0.693482 0.503015 0.550792 0.433331 0.816520 0.607445 0.637411 0.728593 0.634059 0.639844 0.790760 0.667416 0.972322 0.854325 0.740300 0.775928 0.718062 0.653431 0.426098 0.367287 0.392329 0.428901 0.985256 0.618415 0.862425 0.656449 0.888907 0.980356 0.954296 0.862868 0.910230 0.946556 0.740365 0.864846 0.707872 0.856776 0.806384 0.921334 0.637942 0.803517 0.858892 0.955485 0.886664 0.936352 0.991761 0.890655 0.947991 0.916323 0.665492 0.932689 0.896592 0.890477 0.870868 0.825994 0.799760 0.902346 0.497217 0.531920 0.459084 0.637449 0.717235 0.754656 0.749501 0.790150 0.949035 0.762672 0.850378 0.968230 0.636626 0.587553 0.619104 0.975582 0.800399 0.813716
0.776946 0.709671 0.681002 0.926194 0.670817 0.902577 0.403055 0.655587 0.000000 0.789361 0.920838 0.909478 0.711769 0.973375 0.659452 0.952354 0.929039 0.908072 0.880357 0.778410 0.988399 0.869482 0.775306 0.873027 0.839497 0.876081 0.903803 0.793219 0.988176 0.960848 0.736174 0.745688 0.811271 0.861493 0.818246 0.916648 0.996097 0.893725 0.834341 0.942747 0.710152 0.809718 0.714322 0.825058 0.538588 0.763978 0.901973 0.990873 0.799390 0.744352 0.863117 0.872370 0.875498 0.941819 0.537727 0.802436 0.786053 0.694230 0.772282 0.814351 0.613978 0.935735 0.858237 0.937406 0.692724 0.585502 0.547587 0.531728 0.654024 0.568382 0.935499 0.887306 0.789313 0.822262 0.961683 0.974366 0.986897 0.984448 0.967097 0.735166 0.845322 0.814954 0.961191 0.840671 0.796062 0.835909 0.748483 0.929547 0.952892 0.928743 0.524084 0.528790 0.613366 0.545519 0.937569 0.936235 0.959238 0.943080 0.721861 0.650004 0.790402 0.742033 0.828021 0.873326 0.756288 0.793893 0.858559 0.827948 0.960612 0.777160 0.877521 0.810171 0.898304 0.901777 0.765706 0.995643
0.858536 0.786249 0.841866 0.963988 0.894689 0.676725 0.747046 0.395804 0.789361 0.000000 0.533960 0.628762 0.858344 0.895210 0.970259 0.965874 0.626770 0.634954 0.961521 0.782080 0.564818 0.983255 0.698050 0.592511 0.569053 0.745753 0.655831 0.923285 0.504932 0.490886 0.927865 0.893192 0.740893 0.671649 0.948227 0.842865 0.877103 0.985800 0.889853 0.927806 0.855352 0.956263 0.733145 0.576587 0.591510 0.503125 0.913764 0.749696 0.718395 0.822452 0.736194 0.774082 0.872013 0.747858 0.942058 0.785315 0.791916 0.847014 0.785335 0.790698 0.676290 0.557747 0.536011 0.545663 0.816135 0.912913 0.869057 0.782435 0.884865 0.975897 0.929087 0.652940 0.900409 0.998395 0.801256 0.927041 0.727436 0.848381 0.895945 0.996890 0.794242 0.975084 0.962602 0.925343 0.742282 0.717402 0.888108 0.793250 0.785128 0.873035 0.760011 0.888751 0.893062 0.821558 0.827384 0.873189 0.777109 0.804048 0.471714 0.542293 0.573792 0.708179 0.754693 0.722994 0.896520 0.934393 0.967891 0.670510 0.812052 0.960291 0.781727 0.597396 0.711216 0.999487 0.942316 0.766396
0.487273 0.547569 0.720526 0.994443 0.885097 0.833806 0.864707 0.474612 0.920838 0.533960 0.000000 0.416914 0.688992 0.725760 0.928118 0.934919 0.351786 0.433670 0.624091 0.479294 0.608411 0.981363 0.510658 0.605346 0.516240 0.645223 0.729562 0.801201 0.336320 0.421510 0.859306 0.940793 0.748837 0.586935 0.829396 0.718375 0.735984 0.924707 0.894607 0.967161 0.955449 0.988767 0.801179 0.597891 0.807626 0.530906 0.784194 0.706188 0.515341 0.607899 0.575991 0.642550 0.749964 0.774440 0.831622 0.708192 0.500370 0.596287 0.444581 0.539630 0.612765 0.430607 0.338949 0.406472 0.638700 0.979837 0.917316 0.926019 0.800432 0.753284 0.820376 0.920810 0.689978 0.669771 0.783585 0.956777 0.671968 0.869768 0.789674 0.817446 0.554377 0.711123 0.887875 0.949247 0.895334 0.800249 0.724495 0.719427 0.904030 0.987648 0.953631 0.765702 0.832360 0.823050 0.946081 0.818189 0.816406 0.995665 0.628124 0.724886 0.625411 0.805781 0.759433 0.608532 0.996789 0.957250 0.841235 0.798824 0.899146 0.968122 0.817880 0.831179 0.652347 0.927636 0.949693 0.838200
0.345786 0.327431 0.622019 0.847211 0.838546 0.679729 0.944651 0.467918 0.909478 0.628762 0.416914 0.000000 0.565609 0.410561 0.944107 0.613663 0.351197 0.369231 0.455616 0.315509 0.725282 0.980334 0.723981 0.909760 0.580296 0.667399 0.871448 0.882230 0.368283 0.416832 0.796925 0.852201 0.796300 0.532873 0.768719 0.710467 0.734010 0.955994 0.874759 0.916674 0.955863 0.851457 0.940833 0.600645 0.989381 0.569982 0.738650 0.641150 0.429468 0.434481 0.391495 0.449889 0.602101 0.710954 0.725865 0.588065 0.397802 0.418537 0.388976 0.361084 0.603965 0.278608 0.365856 0.257521 0.725798 0.879876 0.777142 0.962737 0.633245 0.551104 0.948327 0.827563 0.693915 0.742828 0.774571 0.776535 0.552449 0.783370 0.828655 0.696754 0.394092 0.462121 0.790167 0.882242 0.917898 0.965508 0.831503 0.911545 0.889094 0.909196 0.861782 0.529433 0.609960 0.622174 0.976811 0.764142 0.865283 0.951615 0.737807 0.824506 0.638947 0.940406 0.690682 0.796036 0.910015 0.932912 0.903083 0.878069 0.865279 0.925819 0.825554 0.834997 0.640433 0.959880 0.929629 0.801325
0.778081 0.846142 0.791785 0.633174 0.811459 0.780576 0.578003 0.536276 0.711769 0.858344 0.688992 0.565609 0.000000 0.383098 0.506686 0.565507 0.698829 0.786932 0.631319 0.747925 0.912954 0.939556 0.744709 0.808347 0.779912 0.976066 0.907788 0.976106 0.709660 0.703584 0.989668 0.952716 0.729280 0.668435 0.927617 0.961358 0.728597 0.722617 0.808851 0.906161 0.766246 0.664400 0.950470 0.824655 0.874006 0.786034 0.934231 0.849750 0.905017 0.855567 0.707077 0.760695 0.781922 0.710028 0.850987 0.964654 0.933517 0.958981 0.844843 0.788566 0.404391 0.595772 0.577321 0.683934 0.753534 0.510132 0.908584 0.743754 0.896952 0.945250 0.771140 0.933831 0.965855 0.969522 0.824968 0.823959 0.869425 0.943628 0.931608 0.935023 0.769855 0.749946 0.733930 0.979145 0.579671 0.678789 0.844511 0.917558 0.822474 0.986379 0.735331 0.844798 0.976223 0.892419 0.820132 0.985048 0.927103 0.962612 0.819777 0.814246 0.730360 0.776938 0.891945 0.924717 0.878100 0.917522 0.975227 0.927252 0.908853 0.783599 0.825834 0.847609 0.804641 0.927930 0.849094 0.813640
0.615814 0.599527 0.886186 0.657918 0.984120 0.631018 0.958435 0.579197 0.973375 0.895210 0.725760 0.410561 0.383098 0.000000 0.607161 0.398095 0.618188 0.644313 0.511959 0.532259 0.865192 0.988508 0.856801 0.756306 0.738096 0.837406 0.850278 0.924979 0.630204 0.625673 0.899142 0.958237 0.794922 0.684316 0.821450 0.825936 0.644743 0.832607 0.778879 0.953515 0.826382 0.679646 0.876115 0.864813 0.863296 0.827212 0.902425 0.784319 0.724101 0.605338 0.512710 0.555719 0.642882 0.625784 0.890431 0.907760 0.732383 0.695753 0.704657 0.581850 0.611132 0.527863 0.587582 0.518799 0.983021 0.703038 0.765953 0.946148 0.923584 0.777430 0.796044 0.987348 0.993424 0.984678 0.792624 0.740039 0.801208 0.836555 0.850849 0.729712 0.598960 0.594760 0.702785 0.981401 0.681952 0.706140 0.959679 0.951887 0.934675 0.985756 0.966333 0.590020 0.652064 0.630495 0.863912 0.946425 0.956991 0.804605 0.937260 0.912885 0.819903 0.939791 0.848930 0.922842 0.883426 0.935162 0.954032 0.960955 0.958420 0.935736 0.886790 0.933186 0.887486 0.938906 0.908835 0.846199
0.895437 0.911457 0.601941 0.628743 0.728692 0.796193 0.601068 0.772105 0.659452 0.970259 0.928118 0.944107 0.506686 0.607161 0.000000 0.560436 0.978230 0.969369 0.895281 0.966147 0.935615 0.859934 0.454087 0.667988 0.923247 0.725394 0.754537 0.937025 0.963793 0.985598 0.736975 0.659130 0.661739 0.869050 0.809586 0.922840 0.943500 0.787947 0.845233 0.869558 0.761496 0.602534 0.897378 0.922867 0.872247 0.923061 0.994732 0.876534 0.856481 0.930898 0.955159 0.943129 0.990803 0.806113 0.761119 0.794961 0.840128 0.884240 0.814146 0.958324 0.652098 0.904940 0.920604 0.993177 0.512573 0.447628 0.740380 0.651228 0.737388 0.735521 0.860634 0.969666 0.839645 0.746480 0.862886 0.891344 0.944344 0.996312 0.855263 0.967030 0.983355 0.933994 0.719841 0.812716 0.517554 0.509391 0.806469 0.818459 0.762551 0.986425 0.623002 0.870343 0.851675 0.877522 0.967056 0.935766 0.891905 0.911094 0.935078 0.731409 0.910834 0.820206 0.816884 0.851201 0.808717 0.881062 0.953943 0.998426 0.976812 0.777798 0.961804 0.868833 0.896698 0.933739 0.730956 0.951638
0.809339 0.737369 0.944466 0.760913 0.940212 0.625605 0.960568 0.676763 0.952354 0.965874 0.934919 0.613663 0.565507 0.398095 0.560436 0.000000 0.847054 0.789699 0.650377 0.680599 0.949997 0.967444 0.706650 0.721929 0.923786 0.953972 0.851014 0.977871 0.815962 0.801947 0.943533 0.930150 0.828316 0.811085 0.988073 0.872908 0.909995 0.899433 0.900228 0.995649 0.836925 0.690676 0.924227 0.874568 0.887965 0.923140 0.971244 0.833966 0.883246 0.754972 0.725064 0.704605 0.848333 0.795381 0.922102 0.945434 0.805854 0.847786 0.979355 0.753430 0.801847 0.675206 0.795544 0.685706 0.866298 0.665002 0.883926 0.967435 0.957538 0.833281 0.991326 0.957177 0.993778 0.942443 0.871857 0.722809 0.863623 0.781297 0.848474 0.771945 0.704488 0.652949 0.662365 0.964950 0.643824 0.596737 0.953716 0.843307 0.937573 0.972500 0.975043 0.825571 0.806314 0.831997 0.957785 0.918785 0.919635 0.832138 0.980552 0.939994 0.789985 0.946744 0.932640 0.882818 0.875799 0.823785 0.858272 0.984497 0.966005 0.954377 0.925656 0.969649 0.932053 0.989947 0.827762 0.895113
0.409231 0.383023 0.764976 0.850306 0.726190 0.899253 0.994179 0.553265 0.929039 0.626770 0.351786 0.351197 0.698829 0.618188 0.978230 0.847054 0.000000 0.313112 0.480966 0.361673 0.634458 0.971070 0.625547 0.744277 0.701650 0.802591 0.814267 0.931267 0.400840 0.444124 0.919485 0.984862 0.675155 0.537008 0.859625 0.745972 0.868997 0.999262 0.947324 0.963898 0.972045 0.988179 0.800372 0.568656 0.909705 0.551550 0.644610 0.581120 0.447697 0.480687 0.430633 0.508547 0.630113 0.702167 0.678355 0.556022 0.396851 0.424027 0.368539 0.463322 0.669842 0.427427 0.335501 0.316703 0.751947 0.954779 0.854137 0.948231 0.642359 0.561480 0.984269 0.807864 0.637771 0.635546 0.712269 0.878684 0.632000 0.831994 0.743520 0.684314 0.358767 0.452182 0.874383 0.768941 0.958015 0.947447 0.690866 0.813540 0.849358 0.800067 0.845782 0.592375 0.655603 0.628558 0.985675 0.807722 0.865331 0.975939 0.639373 0.774653 0.634200 0.855209 0.633890 0.687023 0.909151 0.868388 0.965236 0.888262 0.928136 0.893725 0.787999 0.783989 0.656618 0.962769 0.905607 0.755970
0.390189 0.334639 0.798735 0.854258 0.841942 0.786551 0.985516 0.544250 0.908072 0.634954 0.433670 0.369231 0.786932 0.644313 0.969369 0.789699 0.313112 0.000000 0.441978 0.363811 0.655976 0.918899 0.718699 0.808270 0.750444 0.876473 0.797501 0.777589 0.399753 0.464429 0.990886 0.921271 0.596625 0.491900 0.935328 0.804319 0.941640 0.870217 0.959063 0.994272 0.923687 0.944334 0.691945 0.502536 0.821652 0.487346 0.606137 0.439882 0.431130 0.511402 0.492683 0.529360 0.706147 0.788230 0.626303 0.533401 0.358141 0.382958 0.388264 0.442466 0.680588 0.409181 0.371433 0.292093 0.831908 0.909284 0.923532 0.866236 0.613198 0.551204 0.875353 0.739576 0.529352 0.554063 0.745542 0.777829 0.600012 0.714728 0.622553 0.579271 0.279421 0.427264 0.788230 0.726348 0.905594 0.964809 0.716890 0.882335 0.846491 0.780529 0.892774 0.622416 0.701932 0.649755 0.933276 0.733645 0.776393 0.853192 0.637248 0.720951 0.610465 0.809561 0.634106 0.584104 0.786127 0.746085 0.846336 0.907721 0.938597 0.887705 0.673039 0.808293 0.627022 0.917857 0.823324 0.859324
0.504453 0.448314 0.834976 0.849036 0.823321 0.817513 0.946877 0.716588 0.880357 0.961521 0.624091 0.455616 0.631319 0.511959 0.895281 0.650377 0.480966 0.441978 0.000000 0.447663 0.872380 0.944920 0.923056 0.918398 0.844089 0.899755 0.995178 0.851733 0.581498 0.629960 0.959134 0.985716 0.693262 0.647043 0.854688 0.859354 0.774540 0.930559 0.825414 0.825306 0.984316 0.849987 0.927562 0.746817 0.916201 0.842493 0.709294 0.656875 0.664501 0.579009 0.596224 0.606890 0.768550 0.804442 0.708338 0.805837 0.508133 0.544518 0.554171 0.561422 0.782998 0.591338 0.530047 0.512701 0.886674 0.899645 0.787469 0.959907 0.638746 0.629831 0.954222 0.872848 0.692582 0.662977 0.835023 0.852420 0.672587 0.848259 0.771772 0.599035 0.460061 0.483777 0.800025 0.762247 0.809928 0.841492 0.788134 0.997037 0.929848 0.929249 0.857446 0.539600 0.614014 0.577036 0.888900 0.859903 0.992872 0.860508 0.991758 0.981937 0.759012 0.989156 0.752677 0.902541 0.897960 0.843410 0.893829 0.944154 0.916764 0.880537 0.864153 0.938564 0.842137 0.946318 0.980789 0.883000
0.322416 0.295065 0.604637 0.878604 0.803912 0.772985 0.774377 0.650198 0.778410 0.782080 0.479294 0.315509 0.747925 0.532259 0.966147 0.680599 0.361673 0.363811 0.447663 0.000000 0.758922 0.946164 0.722150 0.942490 0.751204 0.723675 0.934720 0.862855 0.455668 0.530969 0.822139 0.926070 0.832074 0.637188 0.838829 0.636314 0.822342 0.999660 0.947747 0.976218 0.988674 0.944218 0.991987 0.692536 0.842333 0.705070 0.755228 0.643342 0.379066 0.368134 0.395731 0.425244 0.587581 0.699652 0.666850 0.550089 0.353559 0.337112 0.403986 0.343941 0.839687 0.448233 0.515372 0.376977 0.679729 0.967784 0.649857 0.855483 0.536720 0.405334 0.990376 0.852818 0.635071 0.674624 0.808999 0.813171 0.568960 0.738905 0.820130 0.630560 0.394547 0.464707 0.843414 0.848349 0.942570 0.962182 0.635921 0.853476 0.877632 0.863822 0.699249 0.488973 0.542458 0.518868 0.990905 0.830100 0.906294 0.857380 0.860460 0.955304 0.699023 0.963982 0.655947 0.814048 0.859762 0.964330 0.859104 0.971260 0.973411 0.955329 0.836928 0.950501 0.745651 0.945751 0.902666 0.782968
0.798379 0.760665 0.790253 0.977784 0.792966 0.809303 0.931216 0.647616 0.988399 0.564818 0.608411 0.725282 0.912954 0.865192 0.935615 0.949997 0.634458 0.655976 0.872380 0.758922 0.000000 0.928941 0.778727 0.660340 0.755356 0.851717 0.924324 0.914386 0.671316 0.685975 0.981656 0.954784 0.760876 0.763082 0.876651 0.908457 0.748388 0.924174 0.808224 0.937128 0.808860 0.929481 0.855966 0.760573 0.803002 0.679936 0.940101 0.752401 0.746807 0.762830 0.767978 0.763990 0.793171 0.772300 0.909880 0.879457 0.759537 0.762529 0.706337 0.756548 0.828308 0.693291 0.670794 0.643506 0.837299 0.981259 0.978008 0.885831 0.941777 0.853000 0.936469 0.755385 0.903481 0.978369 0.807615 0.915165 0.833403 0.940373 0.869685 0.996778 0.795810 0.964417 0.936738 0.953729 0.838649 0.782637 0.797405 0.681743 0.797178 0.990832 0.844031 0.950435 0.992399 0.916508 0.829776 0.939522 0.798404 0.996698 0.614548 0.773388 0.787077 0.845791 0.782388 0.861546 0.877460 0.995235 0.994049 0.861332 0.920841 0.811834 0.813205 0.632167 0.853365 0.956953 0.933061 0.889242
0.925044 0.932138 0.972542 0.935049 0.919757 0.986019 0.852928 0.903146 0.869482 0.983255 0.981363 0.980334 0.939556 0.988508 0.859934 0.967444 0.971070 0.918899 0.944920 0.946164 0.928941 0.000000 0.867661 0.981389 0.908603 0.907510 0.927148 0.960411 0.959506 0.961814 0.963109 0.958056 0.910828 0.958539 0.926940 0.969055 0.916098 0.727835 0.969387 0.726910 0.823551 0.940585 0.981704 0.956363 0.864169 0.972176 0.976809 0.928914 0.944272 0.909256 0.894953 0.938366 0.921380 0.993324 0.932466 0.948484 0.968846 0.916502 0.985036 0.928921 0.833504 0.896504 0.987709 0.987357 0.863571 0.768282 0.855102 0.859524 0.977014 0.970442 0.998002 0.991897 0.969735 0.900041 0.984235 0.890702 0.980263 0.915934 0.895463 0.890061 0.961500 0.905764 0.976667 0.919429 0.900711 0.868054 0.812449 0.947504 0.988583 0.991092 0.879056 0.865509 0.923491 0.930909 0.995335 0.900785 0.908409 0.997847 0.985560 0.897545 0.983053 0.875370 0.988747 0.941597 0.842282 0.847278 0.990161 0.949288 0.975876 0.890881 0.962142 0.885598 0.982368 0.996400 0.974886 0.978502
0.641849 0.682346 0.499974 0.641145 0.654800 0.953119 0.680634 0.943511 0.775306 0.698050 0.510658 0.723981 0.744709 0.856801 0.454087 0.706650 0.625547 0.718699 0.923056 0.722150 0.778727 0.867661 0.000000 0.428790 0.678720 0.577313 0.705042 0.914231 0.576856 0.639390 0.756132 0.745218 0.857268 0.911532 0.747025 0.665496 0.899960 0.904275 0.895944 0.962027 0.787224 0.751377 0.979899 0.834160 0.928406 0.808882 0.886056 0.963875 0.615399 0.685575 0.750950 0.811081 0.866508 0.993742 0.698010 0.678306 0.593887 0.652461 0.572845 0.698507 0.875153 0.781093 0.681372 0.664694 0.354752 0.486216 0.710175 0.687364 0.692796 0.676578 0.986365 0.897746 0.779440 0.705762 0.938051 0.939377 0.704207 0.998117 0.973844 0.961635 0.793048 0.901584 0.674266 0.938341 0.463733 0.447471 0.655599 0.603781 0.777673 0.921993 0.661355 0.761346 0.744244 0.831940 0.881522 0.886296 0.866948 0.986124 0.870630 0.942505 0.945347 0.863006 0.863599 0.643701 0.818929 0.893320 0.884546 0.801599 0.946654 0.909067 0.891970 0.979706 0.799867 0.949968 0.812690 0.938266
0.925131 0.947777 0.751233 0.637384 0.833324 0.966205 0.993407 0.813228 0.873027 0.592511 0.605346 0.909760 0.808347 0.756306 0.667988 0.721929 0.744277 0.808270 0.918398 0.942490 0.660340 0.981389 0.428790 0.000000 0.661721 0.741185 0.671299 0.876654 0.663481 0.663705 0.958263 0.957633 0.931634 0.851295 0.928857 0.839902 0.963044 0.999720 0.912977 0.946872 0.937480 0.858675 0.789250 0.769315 0.765294 0.715956 0.985463 0.974165 0.812307 0.921851 0.963716 0.997799 0.912633 0.984411 0.967838 0.893744 0.831960 0.898759 0.834723 0.926446 0.991963 0.862839 0.683379 0.794955 0.601268 0.697369 0.964723 0.950570 0.993027 0.961053 0.907838 0.909720 0.850202 0.852614 0.955498 0.918406 0.771799 0.903076 0.934969 0.854911 0.959539 0.880554 0.669443 0.906750 0.533493 0.461255 0.763111 0.591830 0.713608 0.880528 0.970797 0.892027 0.929416 0.888578 0.819741 0.999159 0.940406 0.950602 0.639674 0.905188 0.808799 0.981812 0.988116 0.703440 0.972646 0.955315 0.963862 0.702493 0.915074 0.926616 0.980016 0.806464 0.866203 0.967904 0.968433 0.901935
0.802162 0.820044 0.593731 0.882414 0.973305 0.717821 0.915811 0.502182 0.839497 0.569053 0.516240 0.580296 0.779912 0.738096 0.923247 0.923786 0.701650 0.750444 0.844089 0.751204 0.755356 0.908603 0.678720 0.661721 0.000000 0.447832 0.637152 0.882546 0.511979 0.463887 0.763348 0.870652 0.956339 0.807794 0.792096 0.789402 0.700018 0.790776 0.898988 0.816139 0.855964 0.878503 0.941775 0.854867 0.873296 0.743737 0.977209 0.970470 0.736197 0.778552 0.764774 0.787507 0.857367 0.813912 0.985719 0.891208 0.851561 0.855568 0.746911 0.715387 0.703984 0.562116 0.533261 0.601444 0.569673 0.941507 0.828019 0.935126 0.928638 0.951685 0.701968 0.833810 0.914437 0.917317 0.850898 0.891610 0.795175 0.968577 0.865743 0.996603 0.828765 0.996031 0.897196 0.876257 0.749045 0.712341 0.962324 0.787410 0.804490 0.810522 0.970916 0.950898 0.878604 0.973095 0.973625 0.957002 0.942682 0.938095 0.710169 0.859946 0.808058 0.918134 0.879113 0.856961 0.997884 0.921181 0.892577 0.821935 0.867963 0.885916 0.957871 0.881388 0.725356 0.960234 0.865362 0.857637
0.812137 0.843585 0.425423 0.713320 0.847047 0.956703 0.795456 0.805163 0.876081 0.745753 0.645223 0.667399 0.976066 0.837406 0.725394 0.953972 0.802591 0.876473 0.899755 0.723675 0.851717 0.907510 0.577313 0.741185 0.447832 0.000000 0.818000 0.904017 0.668109 0.681558 0.433026 0.610068 0.746292 0.952622 0.650706 0.751974 0.674995 0.907718 0.814681 0.908851 0.950459 0.993815 0.618836 0.849709 0.853989 0.944619 0.869988 0.780691 0.811133 0.821067 0.850303 0.938831 0.965737 0.947137 0.954508 0.860490 0.838103 0.834033 0.742321 0.790963 0.974765 0.747504 0.800001 0.773471 0.453662 0.668814 0.646102 0.625554 0.890163 0.803558 0.730852 0.938879 0.887182 0.905911 0.950118 0.938018 0.821060 0.904738 0.859812 0.899682 0.996275 0.969866 0.848911 0.899887 0.633300 0.571637 0.887963 0.890730 0.814739 0.725980 0.711371 0.765923 0.669106 0.860769 0.892013 0.993653 0.965126 0.765993 0.978507 0.872407 0.941058 0.743627 0.961635 0.982403 0.882097 0.750006 0.913442 0.958102 0.956913 0.853870 0.911180 0.985802 0.978048 0.989242 0.729402 0.795872
0.967191 0.973954 0.892370 0.868792 0.923210 0.986516 0.858661 0.809302 0.903803 0.655831 0.729562 0.871448 0.907788 0.850278 0.754537 0.851014 0.814267 0.797501 0.995178 0.934720 0.924324 0.927148 0.705042 0.671299 0.637152 0.818000 0.000000 0.738601 0.724965 0.849378 0.873364 0.969145 0.847018 0.888268 0.746477 0.991484 0.988058 0.987294 0.967844 0.994074 0.963092 0.900980 0.741955 0.792627 0.733942 0.769919 0.938914 0.953284 0.884179 0.930580 0.972289 0.930850 0.933939 0.952673 0.851554 0.925319 0.964207 0.955109 0.854035 0.970030 0.806841 0.810489 0.769067 0.826255 0.816421 0.963447 0.816384 0.799617 0.987389 0.923746 0.950603 0.997460 0.719861 0.770379 0.996307 0.956357 0.804869 0.926845 0.900048 0.931638 0.885812 0.996772 0.853754 0.981802 0.794922 0.706850 0.991883 0.791230 0.769837 0.939162 0.934533 0.865417 0.919821 0.890416 0.931667 0.973016 0.945631 0.857263 0.697740 0.791647 0.766522 0.811731 0.877104 0.767049 0.916423 0.967396 0.979743 0.682469 0.846051 0.860132 0.904570 0.931869 0.765774 0.929883 0.959309 0.964285
0.898682 0.908724 0.947103 0.932356 0.894669 0.961329 0.856940 0.877726 0.793219 0.923285 0.801201 0.882230 0.976106 0.924979 0.937025 0.977871 0.931267 0.777589 0.851733 0.862855 0.914386 0.960411 0.914231 0.876654 0.882546 0.904017 0.738601 0.000000 0.839520 0.907319 0.908144 0.885672 0.931219 0.952012 0.965528 0.822945 0.801090 0.999194 0.989916 0.994526 0.899656 0.996837 0.791585 0.852244 0.824145 0.831777 0.888324 0.904215 0.891148 0.934366 0.993356 0.993691 0.976115 0.867093 0.961568 0.983073 0.824381 0.886647 0.884087 0.914104 0.860109 0.847446 0.869296 0.885028 0.951090 0.939170 0.930917 0.855041 0.853695 0.902899 0.888834 0.994999 0.702517 0.855980 0.919459 0.983967 0.862540 0.978927 0.928459 0.962461 0.877615 0.940077 0.993976 0.989465 0.977399 0.978267 0.904915 0.947931 0.883227 0.847881 0.910738 0.924316 0.941690 0.965032 0.996650 0.901624 0.940217 0.958935 0.977304 0.964411 0.968254 0.962669 0.987670 0.760214 0.945124 0.989596 0.938760 0.951047 0.732864 0.945944 0.862917 0.979432 0.875114 0.812027 0.955824 0.909705
0.463501 0.459885 0.663895 0.968195 0.913313 0.629532 0.999666 0.459778 0.988176 0.504932 0.336320 0.368283 0.709660 0.630204 0.963793 0.815962 0.400840 0.399753 0.581498 0.455668 0.671316 0.959506 0.576856 0.663481 0.511979 0.668109 0.724965 0.839520 0.000000 0.355806 0.935821 0.971620 0.670350 0.560639 0.796156 0.707599 0.763503 0.940548 0.890535 0.992646 0.990955 0.987659 0.775927 0.563041 0.847902 0.475460 0.709311 0.658092 0.444853 0.480047 0.453293 0.497386 0.642639 0.623373 0.738052 0.644330 0.505783 0.513273 0.446916 0.426887 0.646503 0.381722 0.331850 0.340317 0.661758 0.994435 0.850125 0.971514 0.828254 0.705578 0.905930 0.905339 0.643488 0.717982 0.832392 0.835759 0.544592 0.875934 0.785798 0.758466 0.512185 0.699658 0.986485 0.996489 0.884414 0.795615 0.740964 0.713966 0.857005 0.988293 0.991979 0.722054 0.821676 0.778962 0.997186 0.812461 0.840171 0.965655 0.637700 0.791698 0.536831 0.837190 0.709847 0.651453 0.928975 0.945735 0.874406 0.791855 0.833283 0.925229 0.813874 0.806293 0.670856 0.963142 0.986815 0.842717
0.588002 0.513033 0.736114 0.959010 0.938951 0.688449 0.961135 0.406252 0.960848 0.490886 0.421510 0.416832 0.703584 0.625673 0.985598 0.801947 0.444124 0.464429 0.629960 0.530969 0.685975 0.961814 0.639390 0.663705 0.463887 0.681558 0.849378 0.907319 0.355806 0.000000 0.963391 0.917138 0.756614 0.504441 0.751571 0.650955 0.799978 0.892030 0.942739 0.991862 0.990260 0.984344 0.826435 0.595044 0.833884 0.487462 0.700956 0.692071 0.528107 0.499186 0.487147 0.502058 0.650442 0.581378 0.832597 0.764706 0.580307 0.573972 0.598278 0.514092 0.685323 0.437858 0.325783 0.352201 0.618291 0.968758 0.745972 0.986130 0.983189 0.769788 0.930392 0.913536 0.829707 0.800918 0.783760 0.855742 0.675060 0.811266 0.836257 0.746563 0.537890 0.744002 0.997631 0.988583 0.823677 0.793485 0.808370 0.756548 0.801098 0.860195 0.977964 0.768380 0.826295 0.817346 0.938717 0.780183 0.898016 0.989801 0.641343 0.881721 0.566579 0.816242 0.678307 0.728939 0.897716 0.942552 0.789823 0.845081 0.846661 0.891070 0.780525 0.776189 0.591274 0.973184 0.959954 0.770001
0.862884 0.954166 0.592630 0.868601 0.920248 0.853866 0.788454 0.904380 0.736174 0.927865 0.859306 0.796925 0.989668 0.899142 0.736975 0.943533 0.919485 0.990886 0.959134 0.822139 0.981656 0.963109 0.756132 0.958263 0.763348 0.433026 0.873364 0.908144 0.935821 0.963391 0.000000 0.479766 0.682826 0.818713 0.803334 0.903860 0.776302 0.974956 0.924244 0.977560 0.990240 0.987280 0.534697 0.686186 0.725487 0.732358 0.801754 0.688504 0.964841 0.991804 0.996110 0.872354 0.951122 0.716288 0.935561 0.845173 0.938334 0.950889 0.727317 0.943989 0.994219 0.895348 0.960449 0.952368 0.721259 0.803508 0.811543 0.657417 0.723284 0.770373 0.751210 0.919722 0.846241 0.937099 0.881218 0.954748 0.994536 0.797533 0.851193 0.843456 0.963179 0.939668 0.960735 0.917897 0.932200 0.834249 0.967469 0.889832 0.978683 0.915624 0.670811 0.722754 0.697975 0.826411 0.857226 0.956319 0.955427 0.901068 0.846436 0.803916 0.752827 0.699880 0.943298 0.886184 0.886050 0.640226 0.982745 0.906444 0.944319 0.810299 0.832232 0.880739 0.994801 0.999637 0.707458 0.832139
0.809780 0.910347 0.597092 0.817802 0.859223 0.879573 0.691635 0.865566 0.745688 0.893192 0.940793 0.852201 0.952716 0.958237 0.659130 0.930150 0.984862 0.921271 0.985716 0.926070 0.954784 0.958056 0.745218 0.957633 0.870652 0.610068 0.969145 0.885672 0.971620 0.917138 0.479766 0.000000 0.584639 0.797114 0.811026 0.961826 0.904345 0.906092 0.892450 0.853966 0.926327 0.869939 0.593298 0.723652 0.717568 0.739771 0.806143 0.691648 0.909196 0.965811 0.976651 0.966337 0.947437 0.800926 0.985890 0.865131 0.907540 0.939599 0.774802 0.923487 0.904207 0.914921 0.904024 0.955896 0.709639 0.775981 0.815455 0.623851 0.744814 0.840889 0.806374 0.921163 0.996848 0.879247 0.932555 0.997146 0.990123 0.875748 0.758036 0.847942 0.968259 0.944316 0.897967 0.943836 0.924828 0.838159 0.941860 0.869537 0.956311 0.913463 0.701321 0.707979 0.781632 0.857212 0.842302 0.923631 0.885703 0.924184 0.866833 0.920510 0.806920 0.703276 0.995599 0.916157 0.884529 0.820267 0.959772 0.957171 0.968432 0.835009 0.811871 0.911161 0.927895 0.954384 0.781778 0.883336
0.847864 0.791018 0.714528 0.674210 0.889584 0.796787 0.658387 0.640849 0.811271 0.740893 0.748837 0.796300 0.729280 0.794922 0.661739 0.828316 0.675155 0.596625 0.693262 0.832074 0.760876 0.910828 0.857268 0.931634 0.956339 0.746292 0.847018 0.931219 0.670350 0.756614 0.682826 0.584639 0.000000 0.559489 0.733799 0.893810 0.916496 0.942186 0.994687 0.957870 0.930309 0.962985 0.553509 0.598873 0.634202 0.599631 0.728210 0.604412 0.845738 0.871423 0.795062 0.767022 0.890370 0.730767 0.873589 0.944849 0.808629 0.821854 0.813343 0.789698 0.619434 0.722562 0.616586 0.699464 0.728487 0.627490 0.723392 0.535773 0.944261 0.952631 0.964266 0.924022 0.818020 0.929853 0.766427 0.846788 0.795104 0.876131 0.686207 0.748550 0.677999 0.821459 0.876255 0.914375 0.719207 0.773339 0.948154 0.987604 0.980451 0.813035 0.669006 0.935837 0.876609 0.990602 0.915304 0.979783 0.997050 0.794265 0.604431 0.621501 0.718188 0.613569 0.856462 0.796487 0.772466 0.785785 0.974356 0.813070 0.980739 0.888469 0.802787 0.827132 0.844522 0.994650 0.793869 0.938746
0.588906 0.566349 0.947752 0.753855 0.861923 0.753978 0.726550 0.467200 0.861493 0.671649 0.586935 0.532873 0.668435 0.684316 0.869050 0.811085 0.537008 0.491900 0.647043 0.637188 0.763082 0.958539 0.911532 0.851295 0.807794 0.952622 0.888268 0.952012 0.560639 0.504441 0.818713 0.797114 0.559489 0.000000 0.913470 0.929889 0.991166 0.991813 0.998836 0.967937 0.950274 0.982610 0.527598 0.416384 0.623368 0.478865 0.579618 0.532408 0.625262 0.707440 0.615743 0.643580 0.827240 0.737760 0.906681 0.814472 0.634519 0.679049 0.649785 0.595504 0.558567 0.475972 0.436184 0.479296 0.968085 0.686511 0.862105 0.617897 0.933866 0.912242 0.884575 0.788878 0.767873 0.795578 0.810668 0.840562 0.604352 0.770791 0.697873 0.815860 0.548679 0.693214 0.796464 0.886219 0.805771 0.843043 0.947168 0.901272 0.935667 0.966401 0.777248 0.909591 0.975796 0.931284 0.906913 0.797315 0.848999 0.775367 0.548880 0.706014 0.606956 0.756312 0.652223 0.824281 0.777005 0.750084 0.954648 0.816665 0.851409 0.969019 0.687365 0.654572 0.622615 0.975713 0.760024 0.999140
0.832758 0.811415 0.613512 0.901946 0.841314 0.907727 0.728281 0.950297 0.818246 0.948227 0.829396 0.768719 0.927617 0.821450 0.809586 0.988073 0.859625 0.935328 0.854688 0.838829 0.876651 0.926940 0.747025 0.928857 0.792096 0.650706 0.746477 0.965528 0.796156 0.751571 0.803334 0.811026 0.733799 0.913470 0.000000 0.726643 0.668209 0.900995 0.987795 0.983710 0.969732 0.917979 0.697191 0.902935 0.763431 0.966611 0.915862 0.972165 0.825597 0.676315 0.788432 0.769105 0.798494 0.906321 0.962591 0.847540 0.795971 0.753403 0.836135 0.776317 0.849708 0.914420 0.850123 0.810184 0.621236 0.660423 0.527625 0.572172 0.880530 0.685972 0.992631 0.977765 0.993298 0.943490 0.949951 0.985739 0.899691 0.987561 0.999559 0.860930 0.952348 0.954964 0.965877 0.972191 0.712702 0.726112 0.953470 0.964261 0.964971 0.863221 0.728061 0.680224 0.743537 0.685193 0.948166 0.914260 0.944289 0.774679 0.905493 0.700647 0.927225 0.725287 0.958587 0.896300 0.888208 0.971532 0.925554 0.822673 0.893241 0.979240 0.960469 0.917209 0.915672 0.972266 0.580919 0.885917
0.745074 0.701173 0.670836 0.966390 0.831029 0.929697 0.751765 0.851658 0.916648 0.842865 0.718375 0.710467 0.961358 0.825936 0.922840 0.872908 0.745972 0.804319 0.859354 0.636314 0.908457 0.969055 0.665496 0.839902 0.789402 0.751974 0.991484 0.822945 0.707599 0.650955 0.903860 0.961826 0.893810 0.929889 0.726643 0.000000 0.737964 0.977852 0.903187 0.998689 0.963772 0.943959 0.876093 0.980806 0.815532 0.827027 0.993878 0.901847 0.667456 0.586791 0.627480 0.640918 0.723135 0.716775 0.742071 0.837319 0.672328 0.642527 0.774308 0.663455 0.953949 0.745640 0.760691 0.690927 0.632923 0.780959 0.558001 0.706227 0.828772 0.669398 0.994159 0.972648 0.941263 0.995147 0.942789 0.875108 0.778859 0.970753 0.919632 0.959383 0.799704 0.857737 0.944937 0.966502 0.760639 0.863738 0.700430 0.751372 0.954004 0.897729 0.697813 0.688294 0.640805 0.704550 0.855737 0.997299 0.979974 0.750634 0.929565 0.816086 0.979129 0.881848 0.920552 0.826087 0.901260 0.956750 0.796387 0.884202 0.886435 0.939722 0.929770 0.883752 0.965370 0.989046 0.988188 0.921377
0.851166 0.878645 0.795906 0.881110 0.900214 0.881834 0.929146 0.731421 0.996097 0.877103 0.735984 0.734010 0.728597 0.644743 0.943500 0.909995 0.868997 0.941640 0.774540 0.822342 0.748388 0.916098 0.899960 0.963044 0.700018 0.674995 0.988058 0.801090 0.763503 0.799978 0.776302 0.904345 0.916496 0.991166 0.668209 0.737964 0.000000 0.812579 0.683355 0.801277 0.856369 0.758288 0.845893 0.961192 0.932135 0.931832 0.945572 0.961871 0.887973 0.812816 0.790120 0.826628 0.802127 0.804159 0.984246 0.947545 0.944123 0.892028 0.802055 0.818616 0.786493 0.767205 0.789211 0.815169 0.856320 0.963070 0.799844 0.847259 0.947156 0.929698 0.726563 0.938682 0.978046 0.897779 0.952372 0.917823 0.870028 0.815412 0.967964 0.952671 0.955719 0.989825 0.926424 0.893445 0.947820 0.932985 0.968276 0.843212 0.847382 0.770585 0.983330 0.833654 0.916849 0.895320 0.968184 0.825183 0.975301 0.731360 0.917843 0.990064 0.970315 0.955347 0.999451 0.937599 0.970918 0.811766 0.923388 0.996376 0.854799 0.885756 0.913025 0.969019 0.975814 0.950301 0.891436 0.985837
0.937264 0.922693 0.925366 0.880211 0.993266 0.951208 0.887968 0.910700 0.893725 0.985800 0.924707 0.955994 0.722617 0.832607 0.787947 0.899433 0.999262 0.870217 0.930559 0.999660 0.924174 0.727835 0.904275 0.999720 0.790776 0.907718 0.987294 0.999194 0.940548 0.892030 0.974956 0.906092 0.942186 0.991813 0.900995 0.977852 0.812579 0.000000 0.882272 0.862361 0.763989 0.792827 0.933718 0.977641 0.897239 0.941716 0.901579 0.819172 0.952224 0.916295 0.942849 0.949103 0.935017 0.788738 0.834181 0.826108 0.865468 0.843554 0.852424 0.963923 0.938473 0.977648 0.869780 0.936495 0.910933 0.984416 0.899245 0.961234 0.742853 0.874935 0.812927 0.770545 0.811563 0.907590 0.982802 0.946017 0.990778 0.937211 0.872176 0.924076 0.930361 0.818955 0.929192 0.730489 0.946605 0.895154 0.816759 0.837015 0.990705 0.785906 0.839293 0.958471 0.962917 0.980970 0.835094 0.777518 0.633330 0.691599 0.993605 0.885381 0.980088 0.911108 0.917381 0.703107 0.919704 0.742532 0.858074 0.964634 0.976986 0.992494 0.805688 0.918649 0.970950 0.960903 0.952643 0.988753
