0.000000 0.226001 0.366785 0.420610 0.845314 0.672058 0.395421 0.389982 0.757644 0.691658 0.343123 0.239242 0.274401 0.456410 0.452381 0.403906 0.258594 0.218853 0.319395 0.295340 0.581208 0.739706 0.432529 0.481321 0.520845 0.484856 0.940186 0.837645 0.270490 0.243549 0.331745 0.480564 0.311751 0.293449 0.602830 0.816135 0.544174 0.651670 0.733714 0.764905 0.941164 0.817163 0.442039 0.368985 0.405888 0.334441 0.364911 0.316758 0.689994 0.444882 0.426919 0.485613 0.535136 0.606827 0.575722 0.743620 0.341016 0.318399 0.321935 0.284405 0.200401 0.316905 0.204082 0.250985 0.351939 0.321982 0.364754 0.276126 0.394654 0.308504 0.496721 0.492362 0.344118 0.365805 0.717567 0.648941 0.538517 0.503049 0.405153 0.367140 0.222692 0.227606 0.362195 0.434157 0.367241 0.310859 0.984321 0.840389 0.762130 0.585878 0.813708 0.915089 0.791576 0.901786 0.515955 0.641882 0.500625 0.723713 0.538689 0.535101 0.725169 0.640025 0.583797 0.610395 0.494546 0.570098 0.943219 0.830565 0.801599 0.716988 0.856973 0.598670 0.603544 0.660713 0.578530 0.877440
0.226001 0.000000 0.509405 0.517785 0.729105 0.812908 0.495041 0.415600 0.783138 0.715215 0.435504 0.291454 0.447808 0.554940 0.588402 0.501153 0.193671 0.238507 0.392525 0.361994 0.616266 0.744781 0.539208 0.651314 0.656819 0.621128 0.793873 0.877835 0.283181 0.297479 0.420101 0.604928 0.384078 0.368089 0.689422 0.649947 0.616040 0.577155 0.772679 0.813063 0.983311 0.620366 0.452953 0.407521 0.392978 0.379597 0.406102 0.364418 0.570815 0.435773 0.393821 0.461812 0.571220 0.578464 0.671639 0.832157 0.224042 0.189002 0.304014 0.302187 0.289602 0.327019 0.199825 0.153160 0.501209 0.441053 0.410279 0.307452 0.437753 0.256610 0.490319 0.459375 0.403045 0.407910 0.838779 0.655032 0.601020 0.404687 0.427038 0.529177 0.237106 0.367389 0.374416 0.432387 0.491285 0.467992 0.933019 0.954140 0.826795 0.634972 0.815205 0.903498 0.760288 0.920555 0.506191 0.663706 0.558464 0.586378 0.524353 0.500354 0.760553 0.711968 0.542008 0.566308 0.436581 0.513966 0.831614 0.736146 0.856137 0.726421 0.720088 0.524768 0.639465 0.688982 0.562205 0.871429
0.366785 0.509405 0.000000 0.166719 0.827005 0.535889 0.160643 0.218444 0.424542 0.395431 0.374333 0.360361 0.263880 0.544391 0.428726 0.398691 0.519220 0.378541 0.302361 0.374767 0.663720 0.688203 0.311603 0.340556 0.571560 0.322601 0.991906 0.977346 0.484228 0.381988 0.293971 0.371770 0.265965 0.276015 0.625837 0.828361 0.605160 0.845291 0.570483 0.727886 0.823781 0.942947 0.280065 0.276193 0.287107 0.290725 0.284158 0.325527 0.562647 0.401721 0.420087 0.392626 0.449814 0.528358 0.574514 0.587541 0.667745 0.670545 0.373940 0.415317 0.241497 0.334526 0.487931 0.535322 0.222611 0.198033 0.247106 0.248527 0.616403 0.540613 0.403834 0.454972 0.445083 0.413257 0.770120 0.651977 0.469661 0.581157 0.443484 0.361010 0.430575 0.335348 0.615214 0.615287 0.464859 0.344411 0.946992 0.870411 0.720774 0.577226 0.531266 0.634830 0.585226 0.626882 0.473456 0.566145 0.306504 0.670147 0.379669 0.344525 0.608806 0.481121 0.569156 0.511921 0.382083 0.473707 0.831497 0.754157 0.791830 0.812534 0.762165 0.461387 0.410651 0.693693 0.526437 0.825572
0.420610 0.517785 0.166719 0.000000 0.765794 0.561215 0.195076 0.171363 0.414501 0.385071 0.445092 0.385624 0.308020 0.479407 0.425863 0.366167 0.554393 0.419746 0.299882 0.390899 0.592932 0.691552 0.310833 0.325675 0.687822 0.380239 0.946807 0.973535 0.448460 0.412163 0.324356 0.398752 0.266326 0.272105 0.693842 0.776309 0.617880 0.915384 0.705504 0.827588 0.840018 0.853600 0.278050 0.298836 0.328360 0.335779 0.316805 0.373080 0.585855 0.430466 0.463650 0.408418 0.506878 0.526310 0.656600 0.636494 0.672918 0.675846 0.368146 0.442823 0.299962 0.333089 0.522546 0.552431 0.267800 0.197467 0.273261 0.291318 0.719700 0.559364 0.369527 0.416002 0.514424 0.445343 0.767286 0.626196 0.436326 0.520581 0.468478 0.455535 0.491583 0.382388 0.643183 0.569770 0.512959 0.347125 0.989087 0.873556 0.715134 0.555139 0.454151 0.541995 0.495181 0.558263 0.532857 0.550120 0.362657 0.599670 0.345466 0.297409 0.539971 0.529306 0.555970 0.460445 0.385045 0.513746 0.851729 0.744883 0.826099 0.831849 0.805200 0.414281 0.386105 0.582166 0.491796 0.793461
0.845314 0.729105 0.827005 0.765794 0.000000 0.757744 0.704764 0.651456 0.787683 0.873718 0.890927 0.827335 0.774942 0.937505 0.879805 0.820590 0.777395 0.825051 0.785047 0.907898 0.839325 0.847664 0.745804 0.836704 0.936726 0.986601 0.757880 0.884589 0.788245 0.825072 0.822209 0.993939 0.777162 0.776508 0.855111 0.840948 0.979107 0.971575 0.981363 0.794973 0.994469 0.988575 0.772537 0.780183 0.662932 0.698832 0.789069 0.756476 0.682190 0.663426 0.728309 0.723459 0.785697 0.636970 0.859362 0.780505 0.843570 0.789856 0.694809 0.711566 0.662302 0.674214 0.693792 0.731368 0.813685 0.725032 0.668911 0.711660 0.867699 0.824243 0.622820 0.686561 0.869424 0.843391 0.950891 0.841614 0.810391 0.868647 0.844343 0.997671 0.641915 0.717839 0.816070 0.822099 0.781526 0.781052 0.900094 0.971601 0.888461 0.856744 0.726190 0.747886 0.697529 0.830207 0.782535 0.880390 0.783926 0.700944 0.747302 0.668132 0.820361 0.858903 0.843424 0.777323 0.729259 0.786470 0.802804 0.842140 0.672040 0.951506 0.911551 0.655143 0.701081 0.811602 0.913118 0.962864
0.672058 0.812908 0.535889 0.561215 0.757744 0.000000 0.482228 0.562572 0.465322 0.625830 0.693879 0.653671 0.555399 0.822559 0.685846 0.554396 0.874848 0.806437 0.673822 0.758881 0.791977 0.850710 0.566655 0.651167 0.824618 0.614569 0.920420 0.695422 0.837675 0.812919 0.602499 0.738526 0.627554 0.580136 0.535526 0.898583 0.935780 0.839606 0.943711 0.989777 0.977748 0.927882 0.605857 0.599398 0.576996 0.598396 0.680792 0.640641 0.901753 0.641231 0.660185 0.582643 0.587423 0.624565 0.796754 0.746907 0.959774 0.967483 0.703216 0.643836 0.577713 0.622929 0.739107 0.813685 0.630999 0.569318 0.515179 0.580196 0.840430 0.721244 0.620274 0.544133 0.709442 0.689174 0.740073 0.755052 0.649156 0.817112 0.739912 0.589833 0.679727 0.628910 0.923371 0.817278 0.683616 0.588779 0.996121 0.823996 0.923057 0.718920 0.541205 0.676204 0.544998 0.616952 0.627455 0.641840 0.568112 0.933972 0.591669 0.616383 0.728124 0.634191 0.804438 0.661635 0.554224 0.739336 0.814851 0.785324 0.833261 0.996026 0.911929 0.737875 0.595535 0.737089 0.600747 0.916376
0.395421 0.495041 0.160643 0.195076 0.704764 0.482228 0.000000 0.160826 0.348858 0.302633 0.420544 0.440959 0.357197 0.687927 0.553036 0.471300 0.460878 0.354002 0.272753 0.389788 0.690591 0.664230 0.348144 0.468725 0.691710 0.413386 0.946881 0.941002 0.501333 0.422140 0.340863 0.441769 0.247148 0.229665 0.627404 0.703311 0.658098 0.865856 0.780175 0.773434 0.861724 0.847120 0.183816 0.182657 0.187805 0.199718 0.265747 0.274016 0.471036 0.330929 0.332142 0.314126 0.388535 0.418619 0.600514 0.581881 0.582846 0.596098 0.302926 0.400597 0.268887 0.375270 0.432278 0.498197 0.299992 0.240648 0.147115 0.204991 0.674105 0.521414 0.309683 0.322855 0.511907 0.389586 0.792996 0.602293 0.374586 0.538683 0.416041 0.391083 0.397425 0.342613 0.661932 0.620661 0.504328 0.416558 0.958628 0.905287 0.746645 0.681210 0.362223 0.432262 0.407875 0.436444 0.448539 0.509848 0.288801 0.608612 0.255960 0.234463 0.479422 0.387400 0.488346 0.399059 0.317000 0.402204 0.758314 0.660725 0.744924 0.829502 0.719708 0.360802 0.304689 0.604162 0.432829 0.784827
0.389982 0.415600 0.218444 0.171363 0.651456 0.562572 0.160826 0.000000 0.381433 0.262854 0.423633 0.368337 0.346638 0.568426 0.510054 0.424320 0.430775 0.350319 0.293445 0.338214 0.667450 0.648149 0.359375 0.445866 0.776350 0.485739 0.855219 0.947582 0.458521 0.414882 0.387925 0.472313 0.268239 0.256523 0.716104 0.706323 0.704531 0.850585 0.841473 0.872822 0.861969 0.746119 0.228963 0.252382 0.260257 0.265905 0.328180 0.321934 0.458114 0.332357 0.369640 0.331568 0.453830 0.431804 0.677387 0.688701 0.527960 0.511665 0.249545 0.355301 0.273046 0.284122 0.420620 0.428196 0.326309 0.225642 0.215246 0.245854 0.726063 0.459695 0.340508 0.357878 0.557478 0.445517 0.825709 0.584128 0.452831 0.479520 0.407692 0.514307 0.413599 0.390505 0.656225 0.604302 0.549158 0.414407 0.978186 0.906290 0.767935 0.622227 0.382319 0.451321 0.389780 0.485064 0.436909 0.484359 0.343332 0.511994 0.256166 0.213390 0.442545 0.463824 0.455373 0.394318 0.317120 0.394554 0.761005 0.670246 0.766303 0.766095 0.758807 0.320170 0.307487 0.599272 0.473451 0.748105
0.757644 0.783138 0.424542 0.414501 0.787683 0.465322 0.348858 0.381433 0.000000 0.360407 0.773782 0.746001 0.646680 0.858899 0.771696 0.646727 0.784957 0.763448 0.649241 0.714489 0.835444 0.763042 0.547909 0.612007 0.984115 0.617332 0.937921 0.980763 0.890193 0.816059 0.617380 0.637535 0.588571 0.542591 0.734463 0.714587 0.951788 0.961500 0.947684 0.865783 0.740380 0.851935 0.413049 0.477741 0.451020 0.503416 0.551837 0.586641 0.656477 0.510826 0.496081 0.463723 0.473329 0.466094 0.794104 0.710194 0.904928 0.923951 0.522426 0.663216 0.596371 0.648236 0.768061 0.800670 0.597841 0.499283 0.402071 0.537804 0.923320 0.742601 0.467214 0.501228 0.800251 0.685690 0.899466 0.776844 0.629593 0.679767 0.683175 0.649143 0.723114 0.704937 0.880206 0.863271 0.797927 0.673378 0.837142 0.819796 0.722320 0.812272 0.300069 0.391847 0.326515 0.367492 0.577613 0.720697 0.449525 0.628995 0.388855 0.409662 0.504515 0.480307 0.652171 0.517491 0.512035 0.589421 0.635973 0.653179 0.956864 0.964688 0.787578 0.466420 0.442310 0.838418 0.574272 0.776728
0.691658 0.715215 0.395431 0.385071 0.873718 0.625830 0.302633 0.262854 0.360407 0.000000 0.657996 0.651110 0.643168 0.840477 0.770177 0.688585 0.632657 0.623075 0.538677 0.527373 0.887080 0.799474 0.547898 0.696397 0.966039 0.643985 0.979327 0.911898 0.766600 0.671180 0.567096 0.558065 0.469656 0.450863 0.789767 0.616991 0.870525 0.850579 0.945529 0.969265 0.750618 0.743784 0.309646 0.344230 0.347943 0.392256 0.508339 0.475759 0.434051 0.414826 0.471240 0.414015 0.492222 0.545810 0.854129 0.822419 0.714835 0.743587 0.412927 0.559028 0.601371 0.556293 0.700271 0.693085 0.593059 0.488511 0.356521 0.459540 0.992155 0.647294 0.462925 0.434624 0.809583 0.601461 0.810785 0.705216 0.527493 0.566577 0.522208 0.652968 0.711198 0.722617 0.933442 0.876654 0.881708 0.765565 0.901073 0.980551 0.894624 0.823638 0.357455 0.379470 0.413107 0.431487 0.561317 0.458673 0.385815 0.629517 0.238662 0.253521 0.422776 0.405105 0.469791 0.436344 0.502130 0.430286 0.666681 0.571403 0.835725 0.866452 0.669439 0.417381 0.355672 0.778931 0.524581 0.637205
0.343123 0.435504 0.374333 0.445092 0.890927 0.693879 0.420544 0.423633 0.773782 0.657996 0.000000 0.384685 0.437809 0.612730 0.671252 0.628158 0.435501 0.278988 0.284527 0.255449 0.708325 0.737791 0.688933 0.627187 0.727727 0.571650 0.950463 0.834267 0.424477 0.334819 0.511115 0.541167 0.464453 0.423515 0.857248 0.910741 0.766931 0.866106 0.781256 0.757373 0.965248 0.983615 0.548642 0.484395 0.534965 0.496029 0.518518 0.527221 0.810082 0.616020 0.649688 0.680125 0.694948 0.727930 0.720593 0.895464 0.477323 0.456770 0.552118 0.527089 0.414333 0.540428 0.398886 0.491750 0.572492 0.500852 0.521204 0.410469 0.546514 0.602102 0.685480 0.611725 0.542392 0.493745 0.813971 0.703314 0.621068 0.563486 0.535673 0.422738 0.413033 0.349029 0.619468 0.618006 0.697729 0.565243 0.968963 0.858179 0.911741 0.779184 0.784014 0.854998 0.843472 0.818724 0.636929 0.630550 0.610225 0.914807 0.624285 0.552995 0.750243 0.603008 0.645331 0.545496 0.607676 0.753351 0.978843 0.909204 0.927227 0.835965 0.855302 0.651926 0.618757 0.729959 0.724027 0.971801
0.239242 0.291454 0.360361 0.385624 0.827335 0.653671 0.440959 0.368337 0.746001 0.651110 0.384685 0.000000 0.262426 0.371683 0.339027 0.272716 0.361245 0.287042 0.397188 0.356664 0.569783 0.714106 0.351028 0.394977 0.567577 0.467639 0.973624 0.893249 0.295118 0.263277 0.325187 0.462256 0.320044 0.337950 0.651953 0.876136 0.576178 0.688827 0.722141 0.883790 0.984252 0.889596 0.508468 0.445922 0.454645 0.405799 0.450190 0.361139 0.695055 0.438117 0.464360 0.449889 0.546074 0.560244 0.716990 0.802797 0.486907 0.427607 0.412482 0.321945 0.213237 0.241660 0.290470 0.271056 0.388856 0.311289 0.433458 0.322855 0.555855 0.409912 0.520612 0.481169 0.311822 0.333946 0.703710 0.635705 0.599317 0.438719 0.460262 0.451659 0.349689 0.338531 0.430591 0.513608 0.422785 0.346866 0.949329 0.902638 0.811960 0.566993 0.820318 0.953717 0.781847 0.987750 0.540234 0.654884 0.509157 0.716888 0.585044 0.521293 0.754988 0.678519 0.605350 0.658834 0.408001 0.492636 0.885217 0.851768 0.888389 0.660700 0.860641 0.627433 0.648223 0.634769 0.569324 0.938014
0.274401 0.447808 0.263880 0.308020 0.774942 0.555399 0.357197 0.346638 0.646680 0.643168 0.437809 0.262426 0.000000 0.372758 0.290736 0.274962 0.521685 0.437270 0.385090 0.424912 0.646867 0.784456 0.280704 0.296807 0.555837 0.418903 0.989889 0.953925 0.404140 0.384216 0.364416 0.513358 0.351196 0.408339 0.603709 0.889496 0.622668 0.819962 0.638375 0.826020 0.957536 0.980873 0.440411 0.425395 0.440628 0.386855 0.402918 0.378893 0.736897 0.403524 0.462612 0.444625 0.518402 0.567991 0.547392 0.637507 0.672921 0.606609 0.397612 0.345656 0.197281 0.265374 0.389883 0.457370 0.232923 0.238341 0.382799 0.330099 0.574174 0.501742 0.519030 0.491506 0.377932 0.431721 0.756920 0.593919 0.562987 0.631712 0.512403 0.478376 0.397117 0.308004 0.504551 0.579786 0.350179 0.253651 0.897733 0.767475 0.669105 0.523382 0.721817 0.838406 0.693651 0.864994 0.588852 0.716154 0.475742 0.766778 0.561549 0.519570 0.706238 0.668594 0.682000 0.726658 0.409068 0.556672 0.936045 0.878320 0.684589 0.770282 0.894487 0.604298 0.578509 0.614029 0.578033 0.828726
0.456410 0.554940 0.544391 0.479407 0.937505 0.822559 0.687927 0.568426 0.858899 0.840477 0.612730 0.371683 0.372758 0.000000 0.262827 0.296521 0.684730 0.550884 0.531761 0.526682 0.602302 0.751756 0.429116 0.345022 0.558422 0.524135 0.935989 0.928465 0.429960 0.468919 0.461070 0.573472 0.479870 0.554932 0.827805 0.956399 0.659505 0.847664 0.771181 0.825677 0.943565 0.899132 0.647997 0.648879 0.762177 0.657503 0.578111 0.645932 0.912717 0.748712 0.773335 0.718421 0.792876 0.885779 0.740073 0.900863 0.740768 0.717089 0.604083 0.582729 0.480684 0.469516 0.585908 0.586237 0.438662 0.441550 0.656588 0.606261 0.794600 0.566657 0.698853 0.718396 0.543691 0.602074 0.831294 0.655197 0.644377 0.676851 0.615865 0.606000 0.645648 0.555914 0.507487 0.536987 0.484086 0.367064 0.936612 0.877656 0.830116 0.558080 0.923736 0.964979 0.878398 0.935641 0.693429 0.768983 0.721489 0.778920 0.765994 0.707249 0.820704 0.881495 0.789473 0.905121 0.619487 0.701584 0.927431 0.977984 0.901522 0.797778 0.995221 0.794731 0.775096 0.721783 0.681209 0.983531
0.452381 0.588402 0.428726 0.425863 0.879805 0.685846 0.553036 0.510054 0.771696 0.770177 0.671252 0.339027 0.290736 0.262827 0.000000 0.216988 0.644165 0.578439 0.543939 0.582739 0.638553 0.747932 0.219289 0.258208 0.405417 0.442161 0.958799 0.924026 0.465379 0.455448 0.299708 0.405434 0.373487 0.476390 0.593376 0.999904 0.639985 0.886058 0.703269 0.944100 0.960428 0.973848 0.555623 0.574633 0.611155 0.553193 0.489973 0.524421 0.847592 0.673583 0.707290 0.627666 0.734101 0.819944 0.612736 0.707735 0.830452 0.805717 0.578599 0.565135 0.390862 0.428913 0.553145 0.602060 0.331856 0.376711 0.517449 0.512910 0.754333 0.610548 0.579507 0.648774 0.403385 0.526068 0.728126 0.711672 0.588911 0.683999 0.518939 0.605285 0.533487 0.475971 0.457083 0.575713 0.358157 0.290222 0.879319 0.846067 0.877790 0.599378 0.905722 0.945237 0.885087 0.909997 0.685563 0.792129 0.594421 0.769246 0.733553 0.679307 0.890899 0.865034 0.841726 0.907770 0.478870 0.600610 0.975078 0.993853 0.812635 0.747630 0.923769 0.746136 0.701697 0.732621 0.580650 0.962084
0.403906 0.501153 0.398691 0.366167 0.820590 0.554396 0.471300 0.424320 0.646727 0.688585 0.628158 0.272716 0.274962 0.296521 0.216988 0.000000 0.578561 0.520104 0.470362 0.541903 0.597051 0.697515 0.187540 0.218738 0.480695 0.453370 0.963602 0.890605 0.429940 0.424050 0.300181 0.450023 0.328355 0.413587 0.580205 0.879943 0.662118 0.807927 0.757676 0.933299 0.969584 0.947085 0.433708 0.445638 0.484376 0.420281 0.456051 0.413979 0.714317 0.485643 0.486721 0.426306 0.491106 0.560506 0.668361 0.687829 0.747896 0.705248 0.458058 0.433524 0.321602 0.363146 0.445439 0.475261 0.350368 0.341165 0.406398 0.418812 0.745216 0.521625 0.417892 0.446413 0.382306 0.419152 0.644423 0.625417 0.508225 0.620390 0.497374 0.515392 0.484935 0.474935 0.529576 0.597349 0.395539 0.304682 0.966055 0.943505 0.863929 0.653238 0.698953 0.839038 0.657383 0.905428 0.604826 0.699191 0.500418 0.736704 0.601532 0.548516 0.764425 0.667979 0.689524 0.808100 0.385257 0.520108 0.839002 0.818557 0.826276 0.782813 0.826259 0.662880 0.594616 0.628911 0.504836 0.887421
0.258594 0.193671 0.519220 0.554393 0.777395 0.874848 0.460878 0.430775 0.784957 0.632657 0.435501 0.361245 0.521685 0.684730 0.644165 0.578561 0.000000 0.193660 0.351720 0.359979 0.633086 0.688622 0.556262 0.687470 0.609066 0.619882 0.864053 0.858186 0.294666 0.288015 0.431152 0.499378 0.351936 0.364877 0.783055 0.667691 0.666025 0.636911 0.853625 0.774445 0.935225 0.623378 0.434769 0.390517 0.395765 0.379928 0.419776 0.358971 0.603163 0.491169 0.437711 0.527309 0.598843 0.628650 0.688848 0.874922 0.179603 0.221036 0.320257 0.401288 0.366553 0.460389 0.207249 0.212849 0.559409 0.532571 0.413083 0.347499 0.412517 0.362552 0.494779 0.464705 0.419576 0.419889 0.800257 0.665554 0.548294 0.430340 0.378107 0.507898 0.220379 0.393045 0.433393 0.493668 0.539378 0.552224 0.957253 0.937585 0.892711 0.767245 0.797681 0.877784 0.791420 0.915934 0.571928 0.688399 0.538092 0.596227 0.511025 0.467259 0.820836 0.683046 0.501776 0.474781 0.502798 0.527900 0.860605 0.766553 0.838974 0.623050 0.740335 0.561756 0.615054 0.676781 0.552952 0.893100
0.218853 0.238507 0.378541 0.419746 0.825051 0.806437 0.354002 0.350319 0.763448 0.623075 0.278988 0.287042 0.437270 0.550884 0.578439 0.520104 0.193660 0.000000 0.227826 0.228265 0.615085 0.657437 0.543579 0.617302 0.584421 0.489870 0.922455 0.844849 0.236177 0.199429 0.390586 0.440741 0.292861 0.258023 0.754787 0.838017 0.597340 0.690540 0.767307 0.706796 0.965560 0.705920 0.398990 0.326146 0.396515 0.349326 0.392324 0.346609 0.647574 0.494151 0.457112 0.519359 0.585124 0.607195 0.688345 0.840717 0.235642 0.235279 0.361990 0.409260 0.288147 0.423111 0.196869 0.234981 0.468082 0.416010 0.375081 0.291628 0.449289 0.415960 0.508631 0.494242 0.403922 0.345617 0.765428 0.599177 0.555700 0.438733 0.386166 0.388862 0.254315 0.262642 0.419279 0.450018 0.493009 0.444736 0.972462 0.980520 0.892073 0.692286 0.749207 0.828329 0.769286 0.821046 0.549805 0.595174 0.535629 0.692129 0.471552 0.434677 0.722318 0.588826 0.540520 0.466392 0.465298 0.553818 0.942752 0.806072 0.903924 0.702107 0.820312 0.509656 0.551535 0.637347 0.555852 0.907250
0.319395 0.392525 0.302361 0.299882 0.785047 0.673822 0.272753 0.293445 0.649241 0.538677 0.284527 0.397188 0.385090 0.531761 0.543939 0.470362 0.351720 0.227826 0.000000 0.254892 0.625830 0.580257 0.490890 0.499482 0.594616 0.495573 0.920795 0.888683 0.310714 0.264645 0.368639 0.395646 0.305210 0.264115 0.768456 0.755704 0.635346 0.881467 0.756293 0.760297 0.866844 0.778760 0.321149 0.294301 0.370048 0.341738 0.347036 0.372735 0.626962 0.510314 0.544461 0.562360 0.619365 0.679138 0.714791 0.798525 0.427884 0.458303 0.404480 0.502508 0.362251 0.521043 0.347675 0.458609 0.439459 0.402988 0.353038 0.371879 0.564087 0.486130 0.476962 0.457579 0.501496 0.449608 0.758831 0.571128 0.519030 0.535814 0.480297 0.394973 0.387077 0.337776 0.637248 0.541613 0.591911 0.490139 0.942385 0.954855 0.862827 0.781956 0.627699 0.705273 0.689831 0.684299 0.544578 0.563726 0.505978 0.691251 0.420376 0.369556 0.642695 0.543054 0.554702 0.416765 0.486572 0.651205 0.982832 0.809893 0.792560 0.810438 0.789171 0.472990 0.449518 0.601922 0.540570 0.835708
0.295340 0.361994 0.374767 0.390899 0.907898 0.758881 0.389788 0.338214 0.714489 0.527373 0.255449 0.356664 0.424912 0.526682 0.582739 0.541903 0.359979 0.228265 0.254892 0.000000 0.661860 0.663492 0.574437 0.599387 0.692737 0.554944 0.890390 0.823215 0.337464 0.274912 0.437696 0.413773 0.346468 0.296804 0.760870 0.854333 0.679826 0.766194 0.738021 0.787763 0.877250 0.846062 0.434806 0.366966 0.458800 0.419492 0.416519 0.398347 0.667097 0.543386 0.574747 0.597338 0.645338 0.731081 0.758166 0.844464 0.381252 0.363570 0.429557 0.475598 0.381573 0.468927 0.349358 0.397340 0.509573 0.447066 0.457629 0.409016 0.579967 0.460980 0.649556 0.576955 0.525464 0.462825 0.697659 0.638020 0.608537 0.558088 0.488505 0.440980 0.441297 0.352596 0.561568 0.580322 0.667843 0.534579 0.968760 0.944718 0.837508 0.675312 0.768542 0.835098 0.832470 0.839554 0.612254 0.598158 0.537737 0.735317 0.484844 0.458820 0.640925 0.595006 0.611823 0.488445 0.554204 0.634210 0.985921 0.836877 0.842119 0.794693 0.739883 0.544529 0.562934 0.713850 0.595875 0.832505
0.581208 0.616266 0.663720 0.592932 0.839325 0.791977 0.690591 0.667450 0.835444 0.887080 0.708325 0.569783 0.646867 0.602302 0.638553 0.597051 0.633086 0.615085 0.625830 0.661860 0.000000 0.747562 0.582730 0.603379 0.722502 0.720739 0.900004 0.893764 0.600540 0.628845 0.585485 0.680272 0.602259 0.563396 0.759181 0.878164 0.659723 0.908254 0.773033 0.783633 0.940181 0.916692 0.690379 0.709841 0.699197 0.642542 0.536368 0.634925 0.842303 0.795865 0.790010 0.795148 0.781185 0.907436 0.815167 0.785564 0.706603 0.720010 0.669010 0.629715 0.591041 0.636499 0.593470 0.641845 0.630050 0.594909 0.677387 0.638568 0.758569 0.698670 0.698777 0.713026 0.652823 0.727635 0.759151 0.679347 0.768205 0.682024 0.744609 0.658891 0.630959 0.592205 0.588677 0.539188 0.614107 0.593128 0.912162 0.931686 0.852099 0.692266 0.911709 0.984568 0.831239 0.996557 0.828631 0.730719 0.715591 0.879108 0.799614 0.675241 0.940276 0.935982 0.638386 0.703356 0.736123 0.716152 0.996816 0.927006 0.961583 0.910652 0.964220 0.869405 0.860721 0.796551 0.778189 0.837635
0.739706 0.744781 0.688203 0.691552 0.847664 0.850710 0.664230 0.648149 0.763042 0.799474 0.737791 0.714106 0.784456 0.751756 0.747932 0.697515 0.688622 0.657437 0.580257 0.663492 0.747562 0.000000 0.748673 0.717213 0.900783 0.816873 0.811279 0.709022 0.636627 0.687014 0.692764 0.620778 0.578831 0.648224 0.904032 0.856245 0.991641 0.852408 0.986006 0.912148 0.914477 0.991274 0.694255 0.683796 0.714814 0.708458 0.713081 0.763941 0.861556 0.868537 0.836297 0.828161 0.893829 0.864152 0.919339 0.857803 0.747532 0.749423 0.801217 0.812196 0.741505 0.843446 0.722238 0.759841 0.790439 0.745890 0.672892 0.716830 0.822377 0.770882 0.683002 0.729109 0.843356 0.710694 0.993761 0.917139 0.802423 0.700625 0.905229 0.750954 0.779767 0.783300 0.820890 0.820252 0.879421 0.790707 0.965696 0.973763 0.856202 0.910293 0.736009 0.847560 0.818206 0.846294 0.785994 0.810786 0.802209 0.817044 0.715893 0.659916 0.831183 0.885943 0.810972 0.623762 0.805384 0.760133 0.991037 0.890791 0.999303 0.883243 0.808514 0.818850 0.763265 0.759438 0.875612 0.866266
0.432529 0.539208 0.311603 0.310833 0.745804 0.566655 0.348144 0.359375 0.547909 0.547898 0.688933 0.351028 0.280704 0.429116 0.219289 0.187540 0.556262 0.543579 0.490890 0.574437 0.582730 0.748673 0.000000 0.231050 0.443590 0.390158 0.986689 0.998082 0.495276 0.451786 0.229487 0.397304 0.267654 0.359161 0.488847 0.812186 0.566508 0.837572 0.698825 0.877600 0.974098 0.960478 0.336753 0.364863 0.353733 0.328455 0.341877 0.349703 0.604896 0.425595 0.428297 0.362524 0.439073 0.541802 0.536277 0.590649 0.758291 0.743326 0.386408 0.411554 0.285188 0.334567 0.465118 0.496591 0.244340 0.277948 0.280422 0.323443 0.751468 0.505338 0.338301 0.381429 0.393510 0.411728 0.679047 0.661816 0.400147 0.613147 0.418388 0.521140 0.443541 0.447324 0.475938 0.565922 0.337779 0.288366 0.903544 0.918648 0.759413 0.613163 0.629168 0.775620 0.595985 0.867548 0.539277 0.670567 0.385676 0.638623 0.505030 0.461696 0.766306 0.674481 0.611313 0.745193 0.317464 0.396783 0.733329 0.824092 0.730411 0.789883 0.742846 0.567234 0.539483 0.667064 0.435410 0.820627
0.481321 0.651314 0.340556 0.325675 0.836704 0.651167 0.468725 0.445866 0.612007 0.696397 0.627187 0.394977 0.296807 0.345022 0.258208 0.218738 0.687470 0.617302 0.499482 0.599387 0.603379 0.717213 0.231050 0.000000 0.485335 0.422341 0.979989 0.902658 0.499988 0.482166 0.319116 0.410030 0.409600 0.447243 0.641354 0.961373 0.643642 0.868989 0.688531 0.849451 0.954713 0.945528 0.495521 0.529120 0.554356 0.495149 0.446630 0.500816 0.751081 0.578791 0.597719 0.530055 0.577737 0.647041 0.615958 0.619486 0.895012 0.893679 0.531116 0.544041 0.375886 0.456432 0.580983 0.660337 0.334180 0.327859 0.452939 0.477050 0.815605 0.668358 0.489556 0.560046 0.449171 0.511974 0.760019 0.734687 0.547955 0.690244 0.572555 0.516611 0.533457 0.494271 0.594974 0.634024 0.439449 0.333209 0.840208 0.797002 0.778352 0.664038 0.711598 0.838781 0.709913 0.903813 0.654750 0.807742 0.508936 0.738026 0.680140 0.604067 0.749463 0.770928 0.731002 0.835305 0.493867 0.622057 0.893530 0.868856 0.797387 0.830776 0.849673 0.708030 0.599926 0.718812 0.577292 0.896985
0.520845 0.656819 0.571560 0.687822 0.936726 0.824618 0.691710 0.776350 0.984115 0.966039 0.727727 0.567577 0.555837 0.558422 0.405417 0.480695 0.609066 0.584421 0.594616 0.692737 0.722502 0.900783 0.443590 0.485335 0.000000 0.462022 0.840783 0.919971 0.512390 0.489568 0.393268 0.418186 0.550951 0.614896 0.565198 0.903584 0.559183 0.901922 0.576035 0.798694 0.994636 0.912266 0.667745 0.654374 0.710673 0.669358 0.576003 0.587679 0.900604 0.861870 0.813896 0.805534 0.816983 0.997645 0.577178 0.785444 0.758899 0.804071 0.709386 0.691038 0.556850 0.695317 0.633780 0.667579 0.496127 0.620859 0.637290 0.656514 0.533471 0.634471 0.739244 0.819725 0.412383 0.618200 0.685815 0.860860 0.706004 0.800313 0.644346 0.542715 0.540618 0.595098 0.552836 0.668139 0.449170 0.464226 0.892615 0.985735 0.962198 0.745528 0.864556 0.752475 0.900242 0.786411 0.661306 0.856333 0.633172 0.875216 0.892454 0.876558 0.824385 0.935075 0.909963 0.971878 0.686823 0.766054 0.906446 0.974954 0.863261 0.786516 0.921498 0.851001 0.888911 0.913612 0.701025 0.998567
0.484856 0.621128 0.322601 0.380239 0.986601 0.614569 0.413386 0.485739 0.617332 0.643985 0.571650 0.467639 0.418903 0.524135 0.442161 0.453370 0.619882 0.489870 0.495573 0.554944 0.720739 0.816873 0.390158 0.422341 0.462022 0.000000 0.899191 0.906888 0.525251 0.432773 0.296462 0.379775 0.347085 0.388532 0.621317 0.861961 0.602549 0.929778 0.555311 0.570848 0.907738 0.895763 0.429045 0.377168 0.484014 0.458040 0.456924 0.433152 0.702139 0.556907 0.524290 0.501745 0.525893 0.630156 0.581889 0.634473 0.775094 0.734531 0.522302 0.533422 0.407560 0.503864 0.553360 0.599462 0.354829 0.370140 0.404858 0.393107 0.698280 0.627885 0.544166 0.469075 0.441954 0.396289 0.756711 0.774893 0.485706 0.708242 0.543301 0.393899 0.549289 0.446030 0.579825 0.578292 0.509947 0.389152 0.903056 0.851737 0.744695 0.571425 0.689245 0.844749 0.755346 0.765082 0.565552 0.774435 0.453312 0.702010 0.551585 0.523623 0.785859 0.611424 0.647860 0.632708 0.436567 0.620529 0.841261 0.784628 0.919144 0.773797 0.879054 0.664104 0.533668 0.812444 0.564632 0.893709
0.940186 0.793873 0.991906 0.946807 0.757880 0.920420 0.946881 0.855219 0.937921 0.979327 0.950463 0.973624 0.989889 0.935989 0.958799 0.963602 0.864053 0.922455 0.920795 0.890390 0.900004 0.811279 0.986689 0.979989 0.840783 0.899191 0.000000 0.936126 0.894943 0.878184 0.899963 0.993157 0.930581 0.866017 0.991876 0.798082 0.858482 0.859088 0.993451 0.921605 0.940659 0.876736 0.937819 0.911303 0.883035 0.924492 0.908012 0.917181 0.887114 0.892481 0.876327 0.896229 0.989249 0.858966 0.975696 0.986222 0.788781 0.782127 0.902171 0.906450 0.912747 0.916753 0.864969 0.812793 0.979375 0.995842 0.905384 0.917902 0.945475 0.788095 0.865018 0.916508 0.971078 0.799976 0.903526 0.988860 0.940974 0.879613 0.970505 0.851272 0.867390 0.962737 0.974754 0.870063 0.912237 0.940715 0.849047 0.968392 0.789223 0.983047 0.916767 0.976818 0.940399 0.955924 0.898458 0.989478 0.893761 0.704074 0.879512 0.890695 0.851244 0.884382 0.793582 0.785757 0.913320 0.852241 0.936372 0.939015 0.921136 0.970108 0.926776 0.815533 0.831320 0.967338 0.887973 0.860728
0.837645 0.877835 0.977346 0.973535 0.884589 0.695422 0.941002 0.947582 0.980763 0.911898 0.834267 0.893249 0.953925 0.928465 0.924026 0.890605 0.858186 0.844849 0.888683 0.823215 0.893764 0.709022 0.998082 0.902658 0.919971 0.906888 0.936126 0.000000 0.857211 0.904383 0.949381 0.988565 0.883060 0.930364 0.867398 0.959279 0.883120 0.902478 0.968617 0.988702 0.856477 0.977888 0.987216 0.939822 0.992444 0.973169 0.966882 0.995945 0.884670 0.950727 0.994053 0.998780 0.965424 0.963389 0.924023 0.889502 0.834597 0.813512 0.955849 0.932797 0.942507 0.972845 0.849460 0.841879 0.942705 0.946655 0.957847 0.944989 0.772643 0.984237 0.872470 0.936824 0.996085 0.931781 0.919525 0.977617 0.928202 0.897369 0.992217 0.865479 0.859848 0.884472 0.956670 0.901350 0.984875 0.918730 0.948961 0.999657 0.932678 0.876949 0.939152 0.957025 0.985078 0.947914 0.867770 0.869676 0.930289 0.976391 0.936080 0.937264 0.874187 0.989406 0.955152 0.788501 0.926429 0.971417 0.937749 0.813636 0.955204 0.877252 0.938789 0.957188 0.957618 0.865889 0.979453 0.885930
0.270490 0.283181 0.484228 0.448460 0.788245 0.837675 0.501333 0.458521 0.890193 0.766600 0.424477 0.295118 0.404140 0.429960 0.465379 0.429940 0.294666 0.236177 0.310714 0.337464 0.600540 0.636627 0.495276 0.499988 0.512390 0.525251 0.894943 0.857211 0.000000 0.209929 0.376867 0.483058 0.368353 0.323372 0.685783 0.843147 0.549362 0.694137 0.719002 0.785679 0.933820 0.809049 0.509018 0.442378 0.494308 0.442423 0.450753 0.402255 0.675075 0.538682 0.554751 0.581406 0.665099 0.705599 0.604071 0.772538 0.357662 0.355203 0.459391 0.396181 0.320898 0.417379 0.259991 0.298499 0.466301 0.413954 0.467108 0.398477 0.515576 0.389784 0.570908 0.555724 0.384489 0.402573 0.694626 0.675208 0.557234 0.474702 0.543630 0.461324 0.304804 0.320369 0.431753 0.382894 0.425853 0.391509 0.977170 0.923285 0.866768 0.545858 0.901763 0.976706 0.890118 0.991004 0.611621 0.694377 0.629285 0.745347 0.619837 0.536360 0.804886 0.778322 0.732613 0.608974 0.559917 0.625141 0.944737 0.849407 0.865271 0.669747 0.801069 0.566963 0.662610 0.603297 0.592927 0.908080
0.243549 0.297479 0.381988 0.412163 0.825072 0.812919 0.422140 0.414882 0.816059 0.671180 0.334819 0.263277 0.384216 0.468919 0.455448 0.424050 0.288015 0.199429 0.264645 0.274912 0.628845 0.687014 0.451786 0.482166 0.489568 0.432773 0.878184 0.904383 0.209929 0.000000 0.272741 0.398041 0.286085 0.246056 0.671948 0.768873 0.578617 0.672998 0.655288 0.839746 0.970233 0.879109 0.453987 0.358700 0.436330 0.371982 0.393481 0.361817 0.674813 0.480816 0.493291 0.511784 0.561213 0.622863 0.580049 0.770164 0.387836 0.358871 0.461874 0.426632 0.302450 0.412541 0.257776 0.299720 0.450421 0.409054 0.408414 0.343236 0.441597 0.391946 0.521604 0.511207 0.330853 0.279827 0.683402 0.597016 0.605368 0.494076 0.465023 0.419106 0.304835 0.276568 0.424465 0.377134 0.503407 0.426174 0.897591 0.887486 0.891214 0.635843 0.864128 0.980597 0.909818 0.997031 0.549786 0.732907 0.499950 0.713443 0.570244 0.513844 0.744863 0.646739 0.591444 0.601813 0.538644 0.586356 0.945934 0.868993 0.884408 0.732942 0.786825 0.608945 0.600816 0.707105 0.572083 0.878530
0.331745 0.420101 0.293971 0.324356 0.822209 0.602499 0.340863 0.387925 0.617380 0.567096 0.511115 0.325187 0.364416 0.461070 0.299708 0.300181 0.431152 0.390586 0.368639 0.437696 0.585485 0.692764 0.229487 0.319116 0.393268 0.296462 0.899963 0.949381 0.376867 0.272741 0.000000 0.268533 0.223119 0.254212 0.485639 0.716519 0.537300 0.735634 0.618826 0.806468 0.960489 0.867518 0.301521 0.270387 0.304186 0.277596 0.285373 0.277454 0.546227 0.445480 0.423702 0.397329 0.468136 0.615364 0.517564 0.616755 0.587466 0.591166 0.397014 0.391680 0.294973 0.391922 0.377811 0.411836 0.318120 0.323761 0.264501 0.291763 0.646561 0.408649 0.366833 0.380332 0.315779 0.276641 0.635687 0.675490 0.428280 0.518012 0.390631 0.377190 0.360855 0.384447 0.433462 0.480486 0.443490 0.369581 0.908367 0.925270 0.820726 0.576751 0.736996 0.893477 0.767431 0.912695 0.527906 0.675909 0.360090 0.661323 0.477912 0.456405 0.730997 0.636590 0.553025 0.592296 0.407663 0.471823 0.769177 0.791770 0.822547 0.750592 0.713716 0.571309 0.479563 0.666901 0.398018 0.907372
0.480564 0.604928 0.371770 0.398752 0.993939 0.738526 0.441769 0.472313 0.637535 0.558065 0.541167 0.462256 0.513358 0.573472 0.405434 0.450023 0.499378 0.440741 0.395646 0.413773 0.680272 0.620778 0.397304 0.410030 0.418186 0.379775 0.993157 0.988565 0.483058 0.398041 0.268533 0.000000 0.329092 0.383533 0.665056 0.872066 0.623954 0.846664 0.601816 0.821501 0.894945 0.878977 0.440126 0.417904 0.492555 0.507298 0.472361 0.441071 0.743334 0.719015 0.690507 0.685163 0.723167 0.867128 0.751615 0.803546 0.640226 0.707210 0.587265 0.670507 0.510746 0.651248 0.559788 0.618820 0.488338 0.503629 0.482509 0.502345 0.647122 0.627515 0.599429 0.576842 0.456695 0.468726 0.646788 0.842527 0.598864 0.581538 0.522770 0.485144 0.561415 0.523219 0.636095 0.664921 0.658663 0.530305 0.990488 0.937247 0.893368 0.779349 0.814147 0.948918 0.884764 0.931204 0.688719 0.696879 0.482493 0.769193 0.583862 0.544185 0.804307 0.699050 0.703530 0.576351 0.584152 0.658785 0.958826 0.851025 0.918736 0.800612 0.705667 0.657776 0.578012 0.778932 0.511679 0.838213
0.311751 0.384078 0.265965 0.266326 0.777162 0.627554 0.247148 0.268239 0.588571 0.469656 0.464453 0.320044 0.351196 0.479870 0.373487 0.328355 0.351936 0.292861 0.305210 0.346468 0.602259 0.578831 0.267654 0.409600 0.550951 0.347085 0.930581 0.883060 0.368353 0.286085 0.223119 0.329092 0.000000 0.213789 0.630149 0.701940 0.565431 0.753846 0.732750 0.779062 0.918599 0.795325 0.255652 0.212100 0.271749 0.253002 0.282410 0.288494 0.554811 0.414549 0.385032 0.368971 0.446517 0.523842 0.576393 0.617991 0.493111 0.466443 0.340384 0.382723 0.265401 0.325984 0.338388 0.369816 0.279227 0.264942 0.219899 0.214648 0.621495 0.404737 0.316299 0.324394 0.380547 0.320842 0.746021 0.637180 0.343621 0.492165 0.332221 0.412488 0.348306 0.328507 0.450907 0.490453 0.422717 0.332209 0.991218 0.980706 0.793545 0.630716 0.556012 0.687577 0.588952 0.741187 0.482933 0.590374 0.348518 0.539514 0.359650 0.324882 0.610082 0.510210 0.537725 0.477149 0.319023 0.369249 0.833183 0.677233 0.840115 0.686173 0.679341 0.496320 0.418189 0.637764 0.405946 0.859016
0.293449 0.368089 0.276015 0.272105 0.776508 0.580136 0.229665 0.256523 0.542591 0.450863 0.423515 0.337950 0.408339 0.554932 0.476390 0.413587 0.364877 0.258023 0.264115 0.296804 0.563396 0.648224 0.359161 0.447243 0.614896 0.388532 0.866017 0.930364 0.323372 0.246056 0.254212 0.383533 0.213789 0.000000 0.558697 0.752372 0.548232 0.722650 0.750487 0.784629 0.904997 0.838981 0.258934 0.199297 0.246771 0.221841 0.262378 0.286174 0.511034 0.373535 0.377540 0.353339 0.436106 0.518131 0.597024 0.592825 0.454503 0.451355 0.335743 0.371137 0.258243 0.355804 0.310158 0.355056 0.330772 0.278573 0.221009 0.224670 0.648545 0.405583 0.407002 0.393107 0.427261 0.346716 0.696607 0.589074 0.419423 0.500111 0.367063 0.365196 0.345863 0.295267 0.521869 0.428164 0.460705 0.406442 0.966643 0.972459 0.871454 0.650434 0.585729 0.687392 0.623970 0.690353 0.469909 0.569273 0.412664 0.604679 0.325509 0.322155 0.602429 0.535979 0.502315 0.407846 0.379063 0.448123 0.755915 0.674701 0.821800 0.773842 0.683624 0.391192 0.399363 0.624831 0.370864 0.811381
0.602830 0.689422 0.625837 0.693842 0.855111 0.535526 0.627404 0.716104 0.734463 0.789767 0.857248 0.651953 0.603709 0.827805 0.593376 0.580205 0.783055 0.754787 0.768456 0.760870 0.759181 0.904032 0.488847 0.641354 0.565198 0.621317 0.991876 0.867398 0.685783 0.671948 0.485639 0.665056 0.630149 0.558697 0.000000 0.901439 0.660715 0.805482 0.835114 0.907040 0.976032 0.889545 0.576033 0.587859 0.533252 0.527318 0.618777 0.562815 0.713883 0.543883 0.568094 0.515913 0.559536 0.665071 0.645122 0.662585 0.850969 0.774414 0.622531 0.540870 0.558946 0.649948 0.589241 0.626575 0.615736 0.631418 0.529573 0.554376 0.828977 0.618605 0.566946 0.629307 0.666377 0.577739 0.754706 0.807168 0.716484 0.683642 0.635312 0.665608 0.597819 0.677471 0.720482 0.840049 0.592006 0.620671 0.884974 0.970386 0.890168 0.761577 0.846676 0.961384 0.790516 0.912664 0.628327 0.769439 0.607026 0.862809 0.633899 0.738757 0.914000 0.861008 0.828680 0.884582 0.595781 0.584131 0.756227 0.805907 0.742775 0.934789 0.665214 0.694844 0.749269 0.933093 0.702914 0.755784
0.816135 0.649947 0.828361 0.776309 0.840948 0.898583 0.703311 0.706323 0.714587 0.616991 0.910741 0.876136 0.889496 0.956399 0.999904 0.879943 0.667691 0.838017 0.755704 0.854333 0.878164 0.856245 0.812186 0.961373 0.903584 0.861961 0.798082 0.959279 0.843147 0.768873 0.716519 0.872066 0.701940 0.752372 0.901439 0.000000 0.895173 0.645079 0.971395 0.939725 0.941916 0.813261 0.590742 0.580118 0.533039 0.590105 0.699212 0.643619 0.545721 0.561068 0.581979 0.592762 0.664088 0.644569 0.853538 0.832856 0.717923 0.706086 0.644944 0.714660 0.812562 0.789528 0.739979 0.692938 0.871171 0.828880 0.594202 0.657826 0.889717 0.605804 0.551697 0.454030 0.877397 0.714196 0.953921 0.985217 0.709844 0.649002 0.709357 0.864715 0.727828 0.856842 0.832664 0.767034 0.998740 0.940187 0.921503 0.919537 0.898781 0.967548 0.647831 0.677505 0.699033 0.741349 0.762829 0.846384 0.666996 0.634451 0.602693 0.585805 0.650544 0.576111 0.630118 0.697942 0.748056 0.699651 0.677335 0.797731 0.805038 0.978691 0.585380 0.743205 0.650183 0.767857 0.672768 0.775204
0.544174 0.616040 0.605160 0.617880 0.979107 0.935780 0.658098 0.704531 0.951788 0.870525 0.766931 0.576178 0.622668 0.659505 0.639985 0.662118 0.666025 0.597340 0.635346 0.679826 0.659723 0.991641 0.566508 0.643642 0.559183 0.602549 0.858482 0.883120 0.549362 0.578617 0.537300 0.623954 0.565431 0.548232 0.660715 0.895173 0.000000 0.827829 0.630134 0.762080 0.886759 0.890632 0.663039 0.606372 0.635031 0.612127 0.588005 0.549091 0.812381 0.714834 0.684871 0.704615 0.762964 0.866438 0.824998 0.843169 0.653518 0.691747 0.668959 0.617135 0.550361 0.597548 0.621809 0.614979 0.534666 0.562720 0.652260 0.573718 0.796306 0.662086 0.733083 0.779998 0.574030 0.562244 0.799474 0.801645 0.604450 0.736051 0.646117 0.738611 0.649746 0.673574 0.700920 0.709517 0.595576 0.612044 0.953761 0.831521 0.855084 0.755883 0.993395 0.970937 0.925222 0.957674 0.678775 0.663447 0.715612 0.846298 0.722416 0.712633 0.981412 0.942272 0.743631 0.752455 0.581644 0.681852 0.990038 0.881233 0.820713 0.777366 0.859304 0.650725 0.777394 0.958581 0.737175 0.749313
0.651670 0.577155 0.845291 0.915384 0.971575 0.839606 0.865856 0.850585 0.961500 0.850579 0.866106 0.688827 0.819962 0.847664 0.886058 0.807927 0.636911 0.690540 0.881467 0.766194 0.908254 0.852408 0.837572 0.868989 0.901922 0.929778 0.859088 0.902478 0.694137 0.672998 0.735634 0.846664 0.753846 0.722650 0.805482 0.645079 0.827829 0.000000 0.898866 0.973867 0.915228 0.990210 0.754961 0.705385 0.668388 0.650261 0.750116 0.710491 0.702974 0.642686 0.594258 0.642600 0.722561 0.730388 0.866972 0.814025 0.555829 0.557925 0.706145 0.631333 0.716735 0.712711 0.601596 0.527671 0.836122 0.826737 0.738872 0.674356 0.817012 0.671851 0.711440 0.739178 0.700794 0.669062 0.884173 0.979654 0.876135 0.616756 0.803958 0.875414 0.713712 0.870175 0.740929 0.868251 0.861165 0.905382 0.817110 0.910211 0.972085 0.981899 0.971309 0.959370 0.918875 0.967418 0.820835 0.853923 0.831993 0.749904 0.729247 0.796396 0.812852 0.778803 0.670504 0.843978 0.813576 0.657980 0.785226 0.865655 0.954058 0.840717 0.684840 0.818504 0.923303 0.849801 0.771614 0.817578
