0.000000 0.527924 0.648946 0.638987 0.948150 0.864657 0.535780 0.459460 0.798594 0.554054 0.569300 0.521437 0.584479 0.758937 0.930446 0.988883 0.514380 0.506904 0.525278 0.628504 0.934899 0.997549 0.888970 0.667225 0.863641 0.961350 0.853100 0.940470 0.772408 0.703925 0.995282 0.841342 0.567703 0.508078 0.769926 0.955012 0.979159 0.777948 0.834111 0.878385 0.791848 0.964819 0.712545 0.713271 0.774777 0.635504 0.629441 0.703521 0.836501 0.945412 0.960683 0.768398 0.829471 0.820534 0.741270 0.725162 0.554083 0.659669 0.603153 0.762461 0.417420 0.448762 0.433860 0.394820 0.874687 0.671321 0.739276 0.784643 0.786032 0.725024 0.919406 0.965781 0.980133 0.947434 0.994465 0.963582 0.711771 0.742929 0.720205 0.896731 0.516205 0.563778 0.912143 0.783213 0.850516 0.893055 0.822447 0.815855 0.829439 0.733853 0.726448 0.970513 0.766700 0.996795 0.792915 0.815011 0.742795 0.896820 0.569071 0.681309 0.817592 0.989438 0.697185 0.676472 0.953279 0.777906 0.938075 0.891485 0.862147 0.964396 0.864491 0.722121 0.891489 0.784901 0.902364 0.999408
0.527924 0.000000 0.898559 0.788867 0.896008 0.857736 0.842660 0.636651 0.959194 0.782946 0.794755 0.577826 0.689917 0.652305 0.875222 0.758868 0.554169 0.561126 0.663828 0.765229 0.992278 0.978450 0.968161 0.871592 0.942032 0.987549 0.992861 0.949443 0.767901 0.606418 0.953647 0.958429 0.628012 0.669803 0.882980 0.976416 0.953686 0.877708 0.931511 0.937800 0.860993 0.947907 0.741193 0.676402 0.749214 0.669799 0.717975 0.666339 0.733581 0.911449 0.990354 0.907375 0.966836 0.968253 0.801872 0.935240 0.585458 0.566880 0.707917 0.813279 0.656912 0.584196 0.613954 0.525327 0.932670 0.765290 0.929190 0.871904 0.817825 0.645724 0.915105 0.904659 0.911892 0.992236 0.972994 0.941496 0.860969 0.795259 0.760826 0.987587 0.596221 0.669823 0.983770 0.744116 0.945705 0.902889 0.998257 0.910775 0.921394 0.861028 0.965871 0.873274 0.972926 0.837872 0.829267 0.847122 0.819130 0.896344 0.733589 0.801346 0.889689 0.913003 0.796757 0.730690 0.997149 0.816312 0.973954 0.919050 0.981442 0.913138 0.976311 0.794031 0.839114 0.855088 0.880798 0.995347
0.648946 0.898559 0.000000 0.439218 0.916906 0.979605 0.342360 0.488055 0.695180 0.530670 0.690436 0.874963 0.879822 0.829653 0.711643 0.631334 0.843470 0.709266 0.718367 0.746387 0.868328 0.955134 0.916952 0.853720 0.947821 0.999244 0.887300 0.912897 0.932114 0.996911 0.950464 0.931451 0.559754 0.578113 0.667969 0.867760 0.980924 0.879082 0.892122 0.795444 0.862376 0.825684 0.723240 0.768430 0.750777 0.756227 0.751385 0.790794 0.990595 0.953157 0.964729 0.917667 0.827986 0.787923 0.795152 0.735895 0.797630 0.950257 0.597625 0.701548 0.500926 0.675159 0.655645 0.692639 0.553523 0.631713 0.488556 0.549895 0.982023 0.856123 0.925587 0.943375 0.952173 0.990835 0.923360 0.954261 0.683889 0.937466 0.903782 0.905659 0.647686 0.610882 0.911430 0.802736 0.663875 0.800171 0.814199 0.861147 0.795637 0.669595 0.578193 0.683890 0.478079 0.700642 0.763246 0.720022 0.635929 0.800135 0.545965 0.561741 0.753370 0.884671 0.739890 0.749282 0.762877 0.557039 0.876845 0.816202 0.863917 0.902871 0.703830 0.740542 0.865969 0.851239 0.977655 0.980067
0.638987 0.788867 0.439218 0.000000 0.974723 0.850673 0.491280 0.386667 0.860904 0.610080 0.640615 0.725549 0.930121 0.980997 0.633927 0.762257 0.909494 0.706735 0.781420 0.772202 0.867346 0.899475 0.995149 0.893750 0.925433 0.921753 0.971586 0.961658 0.956222 0.963870 0.887975 0.895212 0.622489 0.498161 0.613034 0.837344 0.947498 0.995990 0.752026 0.676942 0.782609 0.839815 0.664811 0.661016 0.738783 0.703769 0.657154 0.631153 0.975192 0.882810 0.944153 0.876622 0.768030 0.775116 0.855968 0.682592 0.927421 0.977221 0.668524 0.668125 0.571349 0.560280 0.709409 0.676772 0.595004 0.443236 0.404459 0.419976 0.824193 0.793090 0.743961 0.753857 0.986736 0.938052 0.973903 0.935947 0.695156 0.865774 0.824873 0.954585 0.654680 0.651679 0.839146 0.853600 0.843150 0.767899 0.774669 0.686450 0.959529 0.630082 0.648692 0.812943 0.527084 0.751474 0.714649 0.675072 0.637602 0.779725 0.495592 0.693282 0.745243 0.897424 0.664260 0.660710 0.736804 0.629278 0.822019 0.816428 0.801981 0.890735 0.714855 0.720309 0.984578 0.802714 0.980042 0.955943
0.948150 0.896008 0.916906 0.974723 0.000000 0.961818 0.904819 0.925763 0.744824 0.966553 0.812191 0.858042 0.948714 0.971463 0.682923 0.921855 0.886304 0.925585 0.870083 0.852644 0.953980 0.927091 0.578221 0.696086 0.928140 0.899489 0.921145 0.839467 0.854959 0.833921 0.829787 0.805542 0.991481 0.928875 0.870551 0.971110 0.984220 0.836687 0.886186 0.917603 0.976640 0.879025 0.750100 0.755975 0.956281 0.881504 0.897038 0.852343 0.955691 0.923000 0.921670 0.768981 0.750445 0.754157 0.887786 0.980925 0.910586 0.775148 0.855388 0.946453 0.913833 0.964513 0.898485 0.997411 0.709593 0.940430 0.870700 0.866816 0.931095 0.995359 0.980878 0.963354 0.743866 0.824296 0.968150 0.976425 0.921228 0.776203 0.857863 0.944638 0.861739 0.823606 0.757282 0.757129 0.634924 0.649036 0.816864 0.730165 0.797899 0.768966 0.957631 0.930844 0.994528 0.971216 0.902666 0.978841 0.932013 0.849791 0.944270 0.926196 0.940276 0.879761 0.786129 0.879688 0.905296 0.918940 0.938011 0.946998 0.859532 0.931864 0.945560 0.921694 0.976839 0.943838 0.945825 0.829730
0.864657 0.857736 0.979605 0.850673 0.961818 0.000000 0.953338 0.798120 0.947213 0.900325 0.857971 0.724145 0.766776 0.849446 0.983342 0.758771 0.972426 0.964067 0.920979 0.932981 0.982499 0.835853 0.865214 0.870633 0.913755 0.995853 0.839248 0.818868 0.956948 0.962451 0.931462 0.842705 0.975094 0.970589 0.910917 0.947012 0.984948 0.812404 0.955928 0.897526 0.817995 0.931546 0.919824 0.898977 0.874662 0.878402 0.978109 0.955587 0.867336 0.838486 0.881248 0.777693 0.963829 0.988758 0.899235 0.912395 0.945997 0.967893 0.970471 0.976765 0.843341 0.779872 0.992842 0.994356 0.920405 0.801993 0.983639 0.948040 0.924010 0.858833 0.756927 0.771137 0.995453 0.999887 0.976047 0.929644 0.857075 0.901950 0.991872 0.958376 0.978585 0.955629 0.736382 0.830917 0.833392 0.997711 0.856200 0.731136 0.946672 0.990735 0.880459 0.955466 0.805315 0.939489 0.847398 0.867399 0.979824 0.997956 0.856372 0.997616 0.947356 0.819510 0.943146 0.942129 0.885396 0.870782 0.835018 0.921588 0.953753 0.970368 0.871644 0.971813 0.948167 0.928642 0.845810 0.836688
0.535780 0.842660 0.342360 0.491280 0.904819 0.953338 0.000000 0.466656 0.608630 0.470374 0.672439 0.774976 0.690672 0.928746 0.804400 0.706133 0.748855 0.612239 0.601780 0.654213 0.964526 0.998307 0.925498 0.787694 0.920584 0.901151 0.837268 0.800663 0.932128 0.881781 0.976817 0.852998 0.514532 0.550914 0.661165 0.914668 0.972861 0.810907 0.903344 0.886264 0.802484 0.916801 0.763506 0.801318 0.785953 0.708582 0.801411 0.799178 0.989895 0.998313 0.978702 0.924371 0.797226 0.777648 0.786752 0.728989 0.745228 0.831432 0.567503 0.657049 0.361162 0.572803 0.489358 0.555342 0.614738 0.631600 0.559018 0.640212 0.919502 0.861470 0.973040 0.935008 0.969114 0.990932 0.931353 0.968107 0.717370 0.970577 0.818903 0.858940 0.553794 0.529379 0.939199 0.767259 0.623570 0.839944 0.829833 0.861614 0.769476 0.720437 0.522545 0.652465 0.508545 0.751282 0.708569 0.786508 0.622692 0.811409 0.491324 0.550060 0.830607 0.830001 0.744199 0.702229 0.781063 0.623996 0.883682 0.822682 0.810394 0.900974 0.684902 0.730666 0.895772 0.845023 0.932944 0.973877
0.459460 0.636651 0.488055 0.386667 0.925763 0.798120 0.466656 0.000000 0.837081 0.456718 0.495452 0.473812 0.683477 0.882451 0.682778 0.859326 0.736246 0.622397 0.644129 0.621777 0.930007 0.974062 0.837620 0.686701 0.805663 0.878915 0.871678 0.854684 0.919889 0.838892 0.952685 0.790076 0.624430 0.417658 0.716142 0.930344 0.996437 0.832124 0.742768 0.677702 0.838174 0.913732 0.680169 0.704573 0.857934 0.742683 0.652442 0.664270 0.947839 0.800648 0.887851 0.731259 0.614958 0.581083 0.738002 0.707732 0.835293 0.801281 0.491287 0.512045 0.415562 0.344044 0.592316 0.477871 0.786199 0.416098 0.527246 0.485440 0.970083 0.676440 0.832823 0.855842 0.944162 0.962880 0.988645 0.987289 0.576455 0.792902 0.810267 0.898331 0.634235 0.678118 0.707429 0.908617 0.978357 0.948873 0.692420 0.566377 0.888738 0.676101 0.717930 0.952622 0.624781 0.958166 0.762396 0.762200 0.571448 0.756286 0.447393 0.679724 0.669300 0.952613 0.595488 0.674640 0.770877 0.619962 0.902806 0.838958 0.803568 0.899095 0.705485 0.782546 0.931991 0.757912 0.976227 0.975496
0.798594 0.959194 0.695180 0.860904 0.744824 0.947213 0.608630 0.837081 0.000000 0.641828 0.894296 0.991319 0.736593 0.893504 0.857707 0.943330 0.850666 0.834960 0.832808 0.888388 0.980458 0.998863 0.695767 0.999038 0.881411 0.916136 0.905312 0.907295 0.833358 0.919758 0.939245 0.991338 0.818138 0.897274 0.869367 0.871048 0.969587 0.781291 0.901581 0.819096 0.894104 0.940991 0.896563 0.846167 0.997158 0.981656 0.953302 0.892790 0.995869 0.999152 0.993526 0.941154 0.884085 0.936461 0.966885 0.934587 0.786617 0.791889 0.901719 0.907334 0.631561 0.840353 0.621185 0.706092 0.653740 0.935006 0.965514 0.880627 0.790967 0.939467 0.900269 0.821388 0.982374 0.904964 0.869893 0.911079 0.932622 0.975293 0.791779 0.911534 0.720936 0.716401 0.767577 0.728948 0.593681 0.745911 0.880710 0.851146 0.844547 0.722028 0.808716 0.792180 0.806251 0.855060 0.903285 0.887650 0.814105 0.976709 0.879048 0.660068 0.950256 0.889491 0.960420 0.849455 0.789155 0.893960 0.990286 0.977645 0.862723 0.919421 0.833222 0.987192 0.968782 0.845260 0.959191 0.811761
0.554054 0.782946 0.530670 0.610080 0.966553 0.900325 0.470374 0.456718 0.641828 0.000000 0.561500 0.669959 0.692834 0.978128 0.807730 0.833761 0.758537 0.676496 0.549514 0.578544 0.878783 0.983524 0.945110 0.771711 0.677830 0.745643 0.767394 0.737474 0.886371 0.936600 0.979056 0.870481 0.633087 0.557272 0.784929 0.868443 0.914604 0.764940 0.969026 0.906463 0.958067 0.956518 0.926025 0.927497 0.964746 0.869218 0.755281 0.940241 0.896581 0.903638 0.908918 0.916774 0.684738 0.642902 0.747249 0.810443 0.817644 0.754735 0.534621 0.523878 0.452438 0.510058 0.536696 0.467987 0.889158 0.644392 0.632833 0.686589 0.763281 0.776413 0.978500 0.962867 0.988160 0.938085 0.881078 0.946678 0.742555 0.924619 0.892354 0.848447 0.649198 0.684532 0.788391 0.909957 0.830289 0.985262 0.732190 0.794854 0.823168 0.693766 0.664298 0.854878 0.632377 0.951583 0.850064 0.667205 0.500136 0.871402 0.528610 0.620752 0.729570 0.981746 0.601524 0.703003 0.653375 0.651534 0.952349 0.816816 0.792942 0.835571 0.771853 0.841602 0.946088 0.800983 0.928708 0.894716
0.569300 0.794755 0.690436 0.640615 0.812191 0.857971 0.672439 0.495452 0.894296 0.561500 0.000000 0.494999 0.642605 0.881928 0.680821 0.901764 0.743066 0.755013 0.728486 0.681546 0.804934 0.972655 0.648254 0.597278 0.808695 0.921661 0.751741 0.949514 0.919295 0.994114 0.780514 0.761053 0.784027 0.504431 0.771976 0.963404 0.987119 0.804814 0.821299 0.805282 0.821705 0.953011 0.754759 0.759230 0.973634 0.797133 0.712224 0.851928 0.919591 0.768997 0.719822 0.572654 0.602069 0.547973 0.795990 0.706399 0.919356 0.917906 0.702257 0.718269 0.606266 0.512137 0.689458 0.599845 0.931857 0.692687 0.717022 0.726821 0.762303 0.708486 0.940579 0.980224 0.854851 0.930095 0.975362 0.972232 0.639377 0.749838 0.851765 0.970887 0.773258 0.840375 0.702914 0.964587 0.836629 0.860820 0.683924 0.625484 0.876090 0.813137 0.786853 0.926491 0.739648 0.997988 0.854169 0.730503 0.704975 0.752319 0.665967 0.852073 0.711076 0.954344 0.608210 0.737988 0.964812 0.844924 0.933022 0.933934 0.863107 0.924354 0.845806 0.809987 0.889326 0.814964 0.929534 0.856239
0.521437 0.577826 0.874963 0.725549 0.858042 0.724145 0.774976 0.473812 0.991319 0.669959 0.494999 0.000000 0.482013 0.580852 0.893677 0.803768 0.682730 0.666538 0.667718 0.682442 0.985748 0.900004 0.680660 0.677299 0.734452 0.794527 0.928517 0.925002 0.908294 0.753936 0.771474 0.771247 0.836508 0.589168 0.854778 0.976293 0.970255 0.776794 0.811153 0.796084 0.888877 0.967785 0.775885 0.767961 0.992971 0.829205 0.750467 0.774152 0.929438 0.753745 0.789664 0.654662 0.668786 0.650110 0.696567 0.787382 0.822724 0.736132 0.644339 0.689967 0.533596 0.402717 0.638479 0.529964 0.958429 0.596180 0.865424 0.826120 0.829836 0.607695 0.999865 0.904326 0.921111 0.936723 0.920623 0.898225 0.653913 0.743268 0.773648 0.909486 0.720585 0.817623 0.747156 0.955905 0.830710 0.912267 0.817114 0.623959 0.904027 0.914909 0.951997 0.815051 0.928079 0.809372 0.854164 0.940582 0.764770 0.776426 0.690486 0.907060 0.761661 0.963145 0.709854 0.853421 0.940130 0.821913 0.980482 0.930919 0.890846 0.985165 0.908146 0.868023 0.939233 0.784358 0.986083 0.899869
0.584479 0.689917 0.879822 0.930121 0.948714 0.766776 0.690672 0.683477 0.736593 0.692834 0.642605 0.482013 0.000000 0.589156 0.811485 0.733680 0.687512 0.665094 0.637548 0.705418 0.897801 0.939207 0.902894 0.761662 0.691683 0.662602 0.882578 0.907393 0.765689 0.665152 0.824982 0.818932 0.846665 0.745428 0.895981 0.870919 0.873768 0.714652 0.986718 0.969300 0.841016 0.861381 0.963292 0.969558 0.971109 0.854757 0.826618 0.945143 0.957052 0.950107 0.836172 0.822476 0.860445 0.804896 0.786565 0.770577 0.738088 0.667684 0.720646 0.748291 0.480896 0.508233 0.571824 0.550276 0.998617 0.785112 0.927048 0.941612 0.771361 0.755686 0.870351 0.895436 0.991792 0.867892 0.949666 0.809903 0.827120 0.953416 0.798294 0.885686 0.700876 0.724734 0.949855 0.854979 0.911837 0.959970 0.995492 0.901725 0.789198 0.994402 0.929636 0.892863 0.976449 0.794948 0.887364 0.994115 0.862225 0.864930 0.792702 0.859338 0.980851 0.999840 0.893273 0.968435 0.890839 0.887203 0.885407 0.976136 0.929800 0.966565 0.937658 0.956191 0.915143 0.841128 0.966053 0.975816
0.758937 0.652305 0.829653 0.980997 0.971463 0.849446 0.928746 0.882451 0.893504 0.978128 0.881928 0.580852 0.589156 0.000000 0.682521 0.514236 0.738495 0.715887 0.761410 0.757511 0.865451 0.946971 0.951661 0.970091 0.932278 0.958259 0.861210 0.930552 0.806427 0.586492 0.930274 0.894128 0.964946 0.874901 0.864298 0.991522 0.942368 0.973019 0.878546 0.928362 0.957321 0.836235 0.925791 0.865848 0.974602 0.845898 0.747333 0.802937 0.951275 0.946142 0.945786 0.911182 0.991367 0.989208 0.846573 0.742072 0.824606 0.755063 0.992280 0.948600 0.809999 0.698029 0.767365 0.745670 0.959571 0.784388 0.904163 0.952541 0.976825 0.730333 0.903305 0.799043 0.912363 0.984725 0.873757 0.855867 0.909270 0.849059 0.755617 0.919661 0.797257 0.762170 0.858397 0.767755 0.992960 0.863278 0.983610 0.971059 0.982450 0.988955 0.842919 0.737063 0.783508 0.706994 0.982446 0.965044 0.937894 0.956967 0.979868 0.927600 0.972176 0.902416 0.976345 0.943409 0.934465 0.962800 0.900636 0.915980 0.882820 0.998724 0.893503 0.974601 0.988443 0.977389 0.905519 0.930832
0.930446 0.875222 0.711643 0.633927 0.682923 0.983342 0.804400 0.682778 0.857707 0.807730 0.680821 0.893677 0.811485 0.682521 0.000000 0.555801 0.830013 0.829254 0.944433 0.999015 0.855595 0.909579 0.576664 0.674798 0.961572 0.976180 0.833853 0.955677 0.720587 0.640123 0.764238 0.683316 0.979562 0.763910 0.935391 0.954203 0.996023 0.923052 0.814042 0.808498 0.938622 0.779971 0.713482 0.798474 0.957414 0.950709 0.920473 0.893048 0.878256 0.772506 0.958330 0.755659 0.611899 0.620070 0.956080 0.930787 0.753229 0.703428 0.780403 0.792936 0.945170 0.862046 0.891023 0.998163 0.897449 0.846929 0.595018 0.640243 0.990418 0.912377 0.980041 0.937058 0.791797 0.959220 0.957357 0.882323 0.814616 0.876856 0.808373 0.976499 0.853289 0.803902 0.577090 0.663063 0.695936 0.742898 0.624091 0.539458 0.936961 0.983346 0.770280 0.835869 0.631700 0.726527 0.944237 0.867395 0.774473 0.826720 0.736785 0.876792 0.699321 0.896162 0.663733 0.768333 0.921282 0.811364 0.811665 0.795014 0.963108 0.945927 0.760776 0.950858 0.983907 0.897925 0.893891 0.864366
0.988883 0.758868 0.631334 0.762257 0.921855 0.758771 0.706133 0.859326 0.943330 0.833761 0.901764 0.803768 0.733680 0.514236 0.555801 0.000000 0.893837 0.922181 0.966986 0.996525 0.891517 0.990253 0.897587 0.784874 0.984014 0.967492 0.787885 0.818815 0.873957 0.683262 0.894567 0.774876 0.950838 0.902724 0.872580 0.976360 0.974337 0.953595 0.941184 0.930697 0.948740 0.791829 0.837302 0.891130 0.896632 0.933814 0.992057 0.986221 0.990081 0.988613 0.961407 0.962250 0.753320 0.777190 0.953486 0.941950 0.897311 0.766786 0.827090 0.926098 0.949061 0.942916 0.995506 0.981878 0.953041 0.931590 0.728717 0.805418 0.926012 0.953595 0.871535 0.859181 0.816088 0.949283 0.995400 0.829076 0.941399 0.917958 0.823995 0.900915 0.979128 0.994984 0.818798 0.899534 0.993581 0.929681 0.808387 0.820917 0.878216 0.881248 0.754733 0.741022 0.657889 0.745778 0.942742 0.854576 0.785386 0.854642 0.828142 0.809424 0.890122 0.906478 0.810142 0.837872 0.991872 0.910614 0.883810 0.840344 0.919905 0.960243 0.715762 0.824919 0.888751 0.990120 0.837663 0.963020
0.514380 0.554169 0.843470 0.909494 0.886304 0.972426 0.748855 0.736246 0.850666 0.758537 0.743066 0.682730 0.687512 0.738495 0.830013 0.893837 0.000000 0.529220 0.610329 0.616412 0.935628 0.960711 0.929866 0.912226 0.891541 0.916501 0.997077 0.897085 0.693133 0.657118 0.980684 0.994752 0.687232 0.725207 0.772559 0.950487 0.888869 0.745787 0.948136 0.845449 0.950050 0.991950 0.904667 0.821838 0.825665 0.729336 0.825603 0.770610 0.861941 0.916469 0.987372 0.918989 0.997543 0.983219 0.774063 0.817070 0.588275 0.607860 0.798603 0.942798 0.606471 0.636358 0.507389 0.498244 0.895393 0.822105 0.982006 0.996297 0.707175 0.691030 0.981150 0.915097 0.930528 0.970381 0.993207 0.958878 0.822830 0.927600 0.741830 0.986292 0.499045 0.556116 0.890975 0.662219 0.760826 0.822347 0.900211 0.927900 0.848230 0.803634 0.846452 0.953457 0.965934 0.882750 0.874864 0.812306 0.809686 0.999516 0.797317 0.798327 0.974420 0.849041 0.810335 0.823589 0.904538 0.962501 0.975278 0.978863 0.989452 0.971812 0.928188 0.794704 0.810753 0.926476 0.992597 0.940808
0.506904 0.561126 0.709266 0.706735 0.925585 0.964067 0.612239 0.622397 0.834960 0.676496 0.755013 0.666538 0.665094 0.715887 0.829254 0.922181 0.529220 0.000000 0.574115 0.614177 0.957368 0.897169 0.860181 0.920651 0.979630 0.982760 0.964612 0.935277 0.686163 0.526612 0.862799 0.935798 0.550677 0.589505 0.767571 0.817179 0.930512 0.793529 0.871586 0.888635 0.816775 0.999080 0.772807 0.709875 0.756243 0.662880 0.629326 0.692447 0.817412 0.922350 0.991070 0.944391 0.969248 0.967053 0.615832 0.701079 0.512557 0.655649 0.727698 0.840336 0.513736 0.575099 0.428300 0.472972 0.749092 0.678134 0.795551 0.806928 0.913713 0.726875 0.885990 0.984822 0.836404 0.979779 0.981122 0.959663 0.852591 0.907822 0.707746 0.945187 0.384151 0.418499 0.864067 0.598151 0.675794 0.695476 0.958949 0.964420 0.787958 0.650019 0.822863 0.949310 0.915568 0.899856 0.772209 0.778803 0.843410 0.933436 0.731471 0.742656 0.967899 0.877190 0.897499 0.829713 0.872957 0.761952 0.957798 0.915962 0.842638 0.882211 0.913233 0.772587 0.854652 0.836334 0.963468 0.958763
0.525278 0.663828 0.718367 0.781420 0.870083 0.920979 0.601780 0.644129 0.832808 0.549514 0.728486 0.667718 0.637548 0.761410 0.944433 0.966986 0.610329 0.574115 0.000000 0.588269 0.974762 0.936254 0.876568 0.965394 0.803870 0.904119 0.932330 0.916134 0.700820 0.671399 0.886733 0.970780 0.620601 0.625992 0.741480 0.940570 0.978672 0.715729 0.997531 0.966703 0.899808 0.975639 0.975617 0.906451 0.975517 0.801836 0.807942 0.857929 0.966736 0.951350 0.927677 0.975336 0.861642 0.904065 0.682677 0.732701 0.682729 0.687761 0.768829 0.790296 0.521690 0.590050 0.448951 0.508150 0.897053 0.739779 0.835009 0.866403 0.770124 0.827959 0.894131 0.940551 0.804116 0.900720 0.989778 0.998723 0.872325 0.800812 0.796444 0.983886 0.536588 0.571615 0.978012 0.745690 0.729088 0.844443 0.845422 0.987529 0.783411 0.791343 0.764463 0.961732 0.841160 0.895790 0.840696 0.839193 0.721768 0.912149 0.668290 0.712719 0.913532 0.859073 0.757767 0.888800 0.861924 0.762353 0.894006 0.851416 0.990457 0.931292 0.880254 0.800461 0.854098 0.835392 0.969284 0.821068
0.628504 0.765229 0.746387 0.772202 0.852644 0.932981 0.654213 0.621777 0.888388 0.578544 0.681546 0.682442 0.705418 0.757511 0.999015 0.996525 0.616412 0.614177 0.588269 0.000000 0.918967 0.870614 0.964556 0.817778 0.785714 0.761632 0.854965 0.661636 0.822414 0.751576 0.929952 0.914712 0.714092 0.630360 0.771451 0.962422 0.966012 0.802042 0.914807 0.892282 0.955195 0.913378 0.884674 0.847033 0.984761 0.829734 0.816212 0.699989 0.996522 0.942499 0.988106 0.958955 0.774041 0.724543 0.888863 0.782109 0.749518 0.610005 0.572873 0.552708 0.605935 0.598163 0.622119 0.569843 0.989045 0.727252 0.801909 0.780977 0.824898 0.715062 0.975863 0.977373 0.840983 0.865581 0.870455 0.999178 0.787012 0.981305 0.818656 0.979506 0.675716 0.675720 0.956098 0.814341 0.874142 0.965067 0.862954 0.905219 0.788666 0.764460 0.856488 0.980175 0.921451 0.877295 0.912538 0.810122 0.729599 0.920640 0.692553 0.802507 0.743799 0.890116 0.741482 0.840261 0.907411 0.870152 0.979902 0.934154 0.864768 0.942083 0.732179 0.865519 0.928818 0.999059 0.991262 0.968265
0.934899 0.992278 0.868328 0.867346 0.953980 0.982499 0.964526 0.930007 0.980458 0.878783 0.804934 0.985748 0.897801 0.865451 0.855595 0.891517 0.935628 0.957368 0.974762 0.918967 0.000000 0.999128 0.942225 0.927927 0.885300 0.936766 0.847156 0.943216 0.941084 0.862619 0.997139 0.981936 0.870813 0.889724 0.867277 0.998584 0.865916 0.981627 0.992885 0.952432 0.950735 0.969189 0.824993 0.809063 0.871135 0.942328 0.847327 0.980484 0.895204 0.992780 0.977871 0.913705 0.888957 0.924333 0.906981 0.920878 0.927456 0.922235 0.898389 0.904054 0.980606 0.967510 0.992244 0.999384 0.969974 0.998107 0.815715 0.873195 0.947824 0.907362 0.981486 0.990110 0.927826 0.905073 0.958777 0.972785 0.935654 0.926901 0.973451 0.961763 0.999748 0.952378 0.871850 0.875821 0.962125 0.958415 0.967253 0.979854 0.957364 0.879285 0.921539 0.974448 0.886848 0.931208 0.985658 0.781414 0.862764 0.941399 0.980181 0.992866 0.888578 0.961107 0.849702 0.908858 0.993589 0.990038 0.974624 0.942388 0.854182 0.911848 0.925103 0.832319 0.903739 0.926383 0.945597 0.894263
0.997549 0.978450 0.955134 0.899475 0.927091 0.835853 0.998307 0.974062 0.998863 0.983524 0.972655 0.900004 0.939207 0.946971 0.909579 0.990253 0.960711 0.897169 0.936254 0.870614 0.999128 0.000000 0.999261 0.963197 0.932369 0.994207 0.946706 0.816375 0.942095 0.953745 0.990825 0.879844 0.987922 0.959793 0.961465 0.958128 0.960217 0.970965 0.992881 0.887170 0.932577 0.829942 0.952388 0.887272 0.961640 0.894849 0.947547 0.937579 0.995653 0.965889 0.899076 0.931765 0.958566 0.990160 0.907863 0.946156 0.833334 0.904666 0.956111 0.872514 0.959120 0.987706 0.920972 0.947460 0.932017 0.912118 0.906463 0.907631 0.979204 0.939084 0.932765 0.853723 0.886753 0.933598 0.923482 0.948019 0.921891 0.973292 0.899015 0.995326 0.971170 0.970144 0.869560 0.913335 0.975577 0.971865 0.765562 0.925275 0.980178 0.987315 0.922551 0.997097 0.865659 0.894893 0.986120 0.980094 0.955038 0.804763 0.875092 0.921450 0.923378 0.783442 0.993988 0.949931 0.913066 0.877554 0.991267 0.918780 0.925966 0.876630 0.921036 0.874389 0.980857 0.943303 0.960551 0.905870
0.888970 0.968161 0.916952 0.995149 0.578221 0.865214 0.925498 0.837620 0.695767 0.945110 0.648254 0.680660 0.902894 0.951661 0.576664 0.897587 0.929866 0.860181 0.876568 0.964556 0.942225 0.999261 0.000000 0.458119 0.796730 0.953731 0.861600 0.969507 0.869651 0.789215 0.529253 0.568529 0.831555 0.910453 0.819254 0.905752 0.911246 0.922129 0.771447 0.869759 0.871411 0.931876 0.786113 0.797487 0.935172 0.979828 0.995647 0.936101 0.915613 0.750292 0.726207 0.529343 0.646428 0.617556 0.990082 0.982506 0.821398 0.839811 0.857197 0.930846 0.996716 0.839893 0.859677 0.992919 0.588764 0.955184 0.983902 0.983663 0.876004 0.884438 0.888002 0.952029 0.661972 0.790677 0.850160 0.960436 0.809173 0.828218 0.812292 0.968944 0.767670 0.682337 0.559026 0.590736 0.407234 0.550836 0.748608 0.502902 0.924982 0.735528 0.989570 0.862231 0.984919 0.980888 0.934685 0.879578 0.929641 0.864195 0.953701 0.855840 0.816904 0.913034 0.780240 0.878746 0.777247 0.922235 0.973630 0.932237 0.903642 0.994462 0.989788 0.972604 0.967543 0.952004 0.894758 0.762942
0.667225 0.871592 0.853720 0.893750 0.696086 0.870633 0.787694 0.686701 0.999038 0.771711 0.597278 0.677299 0.761662 0.970091 0.674798 0.784874 0.912226 0.920651 0.965394 0.817778 0.927927 0.963197 0.458119 0.000000 0.754328 0.877944 0.705333 0.847851 0.947812 0.876775 0.591922 0.514961 0.981198 0.797513 0.873287 0.891126 0.988482 0.774379 0.806554 0.897943 0.853949 0.995527 0.763754 0.792990 0.983383 0.891983 0.896051 0.959763 0.954909 0.894724 0.786259 0.655546 0.691409 0.589681 0.950894 0.960882 0.918343 0.904849 0.608222 0.756989 0.744573 0.729537 0.920321 0.767238 0.739045 0.983524 0.923860 0.967461 0.748752 0.831096 0.891147 0.910903 0.692945 0.780194 0.982838 0.960579 0.717986 0.832141 0.874399 0.849896 0.990428 0.915617 0.665675 0.821236 0.656023 0.600789 0.771948 0.556877 0.865327 0.996153 0.814383 0.969455 0.822907 0.984661 0.998864 0.999532 0.883820 0.868055 0.762272 0.867216 0.767462 0.822841 0.652757 0.778093 0.922157 0.958392 0.959362 0.987699 0.910591 0.946772 0.853479 0.846278 0.930845 0.842660 0.893630 0.865549
0.863641 0.942032 0.947821 0.925433 0.928140 0.913755 0.920584 0.805663 0.881411 0.677830 0.808695 0.734452 0.691683 0.932278 0.961572 0.984014 0.891541 0.979630 0.803870 0.785714 0.885300 0.932369 0.796730 0.754328 0.000000 0.524138 0.845627 0.729935 0.896599 0.987590 0.696016 0.683574 0.897735 0.923745 0.894788 0.663924 0.857516 0.710282 0.907180 0.953349 0.940929 0.809489 0.697224 0.722923 0.651784 0.759749 0.866807 0.845343 0.713046 0.790366 0.781413 0.883205 0.743030 0.691805 0.916935 0.933106 0.883499 0.837927 0.729899 0.623731 0.766718 0.698003 0.877760 0.707810 0.716083 0.944918 0.917018 0.898375 0.713601 0.981168 0.867230 0.815198 0.938771 0.991585 0.898068 0.978496 0.941450 0.976160 0.897069 0.785427 0.947064 0.902546 0.668751 0.804656 0.773850 0.678924 0.821164 0.773342 0.969093 0.911500 0.965124 0.906690 0.957787 0.826608 0.871443 0.878005 0.881004 0.992091 0.879688 0.983024 0.993199 0.963086 0.810170 0.930654 0.884206 0.996983 0.821971 0.981836 0.985911 0.981046 0.994972 0.951667 0.971488 0.916872 0.891579 0.905585
0.961350 0.987549 0.999244 0.921753 0.899489 0.995853 0.901151 0.878915 0.916136 0.745643 0.921661 0.794527 0.662602 0.958259 0.976180 0.967492 0.916501 0.982760 0.904119 0.761632 0.936766 0.994207 0.953731 0.877944 0.524138 0.000000 0.931103 0.730712 0.982710 0.963802 0.720937 0.853481 0.907581 0.956648 0.901342 0.691863 0.776486 0.799044 0.840731 0.965734 0.885318 0.755390 0.767935 0.761365 0.833359 0.860979 0.952738 0.830655 0.712554 0.935803 0.862994 0.967609 0.784824 0.678640 0.978116 0.928201 0.961767 0.806504 0.706623 0.631402 0.763768 0.766500 0.889338 0.798877 0.813839 0.885216 0.926137 0.951737 0.835226 0.883535 0.819644 0.852814 0.937015 0.966903 0.902678 0.890847 0.927621 0.776417 0.911434 0.849384 0.969551 0.987345 0.782933 0.835805 0.947779 0.751447 0.988421 0.893839 0.930981 0.861871 0.891619 0.868523 0.910852 0.762928 0.805821 0.912074 0.856547 0.966678 0.943093 0.987383 0.952478 0.903225 0.982149 0.938626 0.774182 0.954806 0.773935 0.980527 0.886405 0.971254 0.872346 0.855739 0.958156 0.886265 0.907064 0.861423
0.853100 0.992861 0.887300 0.971586 0.921145 0.839248 0.837268 0.871678 0.905312 0.767394 0.751741 0.928517 0.882578 0.861210 0.833853 0.787885 0.997077 0.964612 0.932330 0.854965 0.847156 0.946706 0.861600 0.705333 0.845627 0.931103 0.000000 0.835530 0.847144 0.844643 0.958544 0.743632 0.911169 0.850494 0.855221 0.907666 0.851027 0.927834 0.994241 0.975169 0.929999 0.977690 0.799991 0.876506 0.860976 0.818614 0.922890 0.978158 0.821612 0.854684 0.935585 0.984029 0.880067 0.836911 0.941119 0.891450 0.840559 0.865497 0.713006 0.840065 0.894089 0.970073 0.903293 0.818864 0.865737 0.880239 0.932562 0.909328 0.693605 0.874144 0.935573 0.891088 0.800589 0.819619 0.957617 0.961811 0.943023 0.980316 0.935323 0.782755 0.977210 0.920215 0.879508 0.920960 0.967367 0.769512 0.958819 0.907315 0.837916 0.977721 0.869447 0.942297 0.831248 0.962648 0.999375 0.903257 0.801315 0.829121 0.854236 0.831266 0.860054 0.816813 0.746424 0.845139 0.874405 0.928481 0.999716 0.862055 0.867956 0.986714 0.843200 0.882103 0.930072 0.878804 0.938870 0.881618
0.940470 0.949443 0.912897 0.961658 0.839467 0.818868 0.800663 0.854684 0.907295 0.737474 0.949514 0.925002 0.907393 0.930552 0.955677 0.818815 0.897085 0.935277 0.916134 0.661636 0.943216 0.816375 0.969507 0.847851 0.729935 0.730712 0.835530 0.000000 0.924882 0.995821 0.961357 0.900213 0.937687 0.941766 0.931979 0.934828 0.982266 0.905143 0.984775 0.950590 0.946078 0.916300 0.960893 0.982069 0.946363 0.994709 0.954571 0.993768 0.972733 0.855988 0.932026 0.802485 0.829693 0.835690 0.937458 0.950336 0.984473 0.739246 0.705825 0.662777 0.811882 0.885593 0.899040 0.807519 0.924627 0.989684 0.980223 0.933126 0.958280 0.910341 0.987430 0.897138 0.907613 0.891873 0.820890 0.977757 0.886372 0.863358 0.980234 0.830511 0.942450 0.951392 0.936570 0.983013 0.955669 0.814250 0.974533 0.976076 0.834267 0.991322 0.919744 0.892633 0.933161 0.973038 0.990354 0.927299 0.780897 0.970190 0.853244 0.852289 0.975400 0.997357 0.947026 0.929450 0.928856 0.994973 0.832954 0.935015 0.784754 0.954305 0.787104 0.998005 0.925450 0.915798 0.998492 0.898848
0.772408 0.767901 0.932114 0.956222 0.854959 0.956948 0.932128 0.919889 0.833358 0.886371 0.919295 0.908294 0.765689 0.806427 0.720587 0.873957 0.693133 0.686163 0.700820 0.822414 0.941084 0.942095 0.869651 0.947812 0.896599 0.982710 0.847144 0.924882 0.000000 0.586111 0.965654 0.826663 0.841337 0.842904 0.985856 0.933339 0.994110 0.730986 0.958465 0.870638 0.934316 0.950286 0.848637 0.936769 0.844725 0.940723 0.896662 0.962992 0.890235 0.824541 0.747395 0.855679 0.945103 0.997517 0.898036 0.774498 0.767256 0.864209 0.968824 0.983234 0.816168 0.755656 0.737785 0.768027 0.949815 0.891636 0.860294 0.884547 0.904279 0.897122 0.908523 0.917461 0.767088 0.796916 0.948979 0.899495 0.872670 0.883148 0.894499 0.930011 0.763722 0.791292 0.853334 0.776360 0.866982 0.835381 0.945270 0.884096 0.884749 0.834504 0.908097 0.746866 0.813082 0.704744 0.922015 0.869199 0.954394 0.946745 0.979264 0.948956 0.903049 0.781460 0.991962 0.951407 0.995795 0.936667 0.904418 0.855001 0.871799 0.945993 0.952604 0.977106 0.809199 0.982033 0.978332 0.814280
0.703925 0.606418 0.996911 0.963870 0.833921 0.962451 0.881781 0.838892 0.919758 0.936600 0.994114 0.753936 0.665152 0.586492 0.640123 0.683262 0.657118 0.526612 0.671399 0.751576 0.862619 0.953745 0.789215 0.876775 0.987590 0.963802 0.844643 0.995821 0.586111 0.000000 0.804064 0.781818 0.748492 0.777722 0.891807 0.822852 0.924685 0.909823 0.947329 0.940001 0.975647 0.912713 0.952256 0.924646 0.978066 0.884321 0.725324 0.828573 0.856435 0.932010 0.963861 0.939666 0.907387 0.926471 0.716163 0.770708 0.639663 0.660572 0.900162 0.888003 0.739287 0.708839 0.627482 0.681176 0.835275 0.760466 0.930847 0.980811 0.981183 0.895124 0.918494 0.866199 0.759805 0.846155 0.928801 0.900222 0.951307 0.882065 0.716704 0.769003 0.672152 0.591492 0.741390 0.633213 0.745398 0.738013 0.807927 0.862500 0.838030 0.809392 0.852558 0.747126 0.793636 0.709312 0.888128 0.989220 0.993385 0.909328 0.890809 0.948175 0.878537 0.881424 0.873551 0.993043 0.925517 0.842308 0.977656 0.923643 0.989628 0.983703 0.966443 0.997305 0.855360 0.970467 0.955119 0.892472
0.995282 0.953647 0.950464 0.887975 0.829787 0.931462 0.976817 0.952685 0.939245 0.979056 0.780514 0.771474 0.824982 0.930274 0.764238 0.894567 0.980684 0.862799 0.886733 0.929952 0.997139 0.990825 0.529253 0.591922 0.696016 0.720937 0.958544 0.961357 0.965654 0.804064 0.000000 0.588736 0.710119 0.967562 0.754407 0.798199 0.909288 0.710991 0.991010 0.941135 0.982662 0.882403 0.902037 0.890506 0.706093 0.758804 0.799370 0.763480 0.665710 0.675399 0.632620 0.599131 0.736562 0.640677 0.991598 0.858126 0.818486 0.871481 0.887007 0.920364 0.926573 0.885367 0.906433 0.999492 0.757556 0.933081 0.854698 0.795924 0.763380 0.937628 0.662615 0.771183 0.748176 0.763695 0.923428 0.983275 0.955958 0.935942 0.846696 0.961761 0.823270 0.764945 0.670948 0.721667 0.607145 0.605139 0.907993 0.703907 0.916060 0.867504 0.926636 0.885115 0.892624 0.906627 0.978583 0.885796 0.888243 0.930701 0.889283 0.841717 0.927837 0.947209 0.871460 0.949386 0.894798 0.866680 0.987020 0.898599 0.925659 0.963858 0.917587 0.972139 0.984655 0.978191 0.946028 0.824502
0.841342 0.958429 0.931451 0.895212 0.805542 0.842705 0.852998 0.790076 0.991338 0.870481 0.761053 0.771247 0.818932 0.894128 0.683316 0.774876 0.994752 0.935798 0.970780 0.914712 0.981936 0.879844 0.568529 0.514961 0.683574 0.853481 0.743632 0.900213 0.826663 0.781818 0.588736 0.000000 0.894591 0.953159 0.931518 0.726862 0.991395 0.835298 0.945089 0.986036 0.888308 0.961154 0.910973 0.969473 0.909804 0.997988 0.938205 0.951255 0.979628 0.961581 0.880366 0.762188 0.738787 0.696977 0.990332 0.896682 0.923875 0.987703 0.682405 0.790205 0.848668 0.806540 0.985222 0.868052 0.780267 0.929608 0.999088 0.940378 0.757774 0.869279 0.935886 0.883612 0.757329 0.725250 0.952232 0.908185 0.914485 0.991532 0.856388 0.793617 0.982669 0.829209 0.630063 0.775444 0.659822 0.646056 0.723050 0.584966 0.855557 0.886509 0.804105 0.907164 0.785703 0.966246 0.890942 0.884917 0.912293 0.898016 0.834972 0.984796 0.899516 0.823578 0.732049 0.829855 0.925814 0.920096 0.995302 0.981557 0.876140 0.941167 0.961050 0.904992 0.974752 0.885357 0.952288 0.832962
0.567703 0.628012 0.559754 0.622489 0.991481 0.975094 0.514532 0.624430 0.818138 0.633087 0.784027 0.836508 0.846665 0.964946 0.979562 0.950838 0.687232 0.550677 0.620601 0.714092 0.870813 0.987922 0.831555 0.981198 0.897735 0.907581 0.911169 0.937687 0.841337 0.748492 0.710119 0.894591 0.000000 0.554157 0.697513 0.852245 0.982728 0.971698 0.962166 0.932893 0.794191 0.889714 0.710987 0.630547 0.636265 0.571157 0.768043 0.641664 0.780372 0.847385 0.894573 0.994838 0.943685 0.951553 0.802387 0.874238 0.587803 0.714454 0.701309 0.815233 0.566255 0.693742 0.547082 0.631356 0.724574 0.700121 0.621079 0.636538 0.926617 0.854954 0.840507 0.986583 0.932827 0.897373 0.948393 0.978907 0.756502 0.825461 0.791940 0.869366 0.533874 0.548305 0.931104 0.707269 0.642475 0.753782 0.943601 0.940951 0.877876 0.804483 0.707345 0.830563 0.694242 0.887782 0.725249 0.723947 0.676404 0.852324 0.609434 0.635451 0.832505 0.986262 0.852988 0.718485 0.907251 0.704884 0.867548 0.816814 0.864690 0.801178 0.817843 0.688887 0.788612 0.859151 0.991516 0.956877
0.508078 0.669803 0.578113 0.498161 0.928875 0.970589 0.550914 0.417658 0.897274 0.557272 0.504431 0.589168 0.745428 0.874901 0.763910 0.902724 0.725207 0.589505 0.625992 0.630360 0.889724 0.959793 0.910453 0.797513 0.923745 0.956648 0.850494 0.941766 0.842904 0.777722 0.967562 0.953159 0.554157 0.000000 0.703132 0.811942 0.914480 0.939843 0.801227 0.681269 0.792525 0.966599 0.683136 0.696084 0.828569 0.692850 0.638184 0.667190 0.971490 0.889413 0.948993 0.827011 0.675756 0.654345 0.734633 0.645183 0.754364 0.793763 0.622095 0.601044 0.533134 0.461954 0.552182 0.486666 0.850609 0.515045 0.531804 0.500644 0.925108 0.634037 0.947535 0.907851 0.933921 0.986547 0.973261 0.997086 0.739185 0.752100 0.778310 0.961205 0.609267 0.627044 0.840272 0.857134 0.872837 0.877367 0.842086 0.765121 0.872326 0.704054 0.768633 0.986286 0.717671 0.988857 0.824389 0.749564 0.624251 0.862991 0.511271 0.655184 0.734871 0.991405 0.656746 0.738534 0.813363 0.688559 0.850990 0.819386 0.883946 0.849285 0.750269 0.711290 0.829421 0.881562 0.931151 0.937546
0.769926 0.882980 0.667969 0.613034 0.870551 0.910917 0.661165 0.716142 0.869367 0.784929 0.771976 0.854778 0.895981 0.864298 0.935391 0.872580 0.772559 0.767571 0.741480 0.771451 0.867277 0.961465 0.819254 0.873287 0.894788 0.901342 0.855221 0.931979 0.985856 0.891807 0.754407 0.931518 0.697513 0.703132 0.000000 0.915008 0.928254 0.923949 0.933592 0.886112 0.969555 0.868705 0.764902 0.805009 0.701642 0.685148 0.761603 0.734230 0.857382 0.925185 0.839431 0.935802 0.978663 0.961237 0.819730 0.669873 0.898625 0.959655 0.928476 0.952060 0.724027 0.802566 0.716365 0.744920 0.707018 0.750297 0.702265 0.722129 0.958831 0.787805 0.836769 0.752499 0.928021 0.972859 0.933497 0.998535 0.920837 0.922530 0.737770 0.937687 0.626931 0.626208 0.868479 0.673594 0.666124 0.657226 0.861119 0.943682 0.942632 0.801458 0.715457 0.750899 0.660150 0.828935 0.853680 0.737376 0.697342 0.866117 0.701181 0.738381 0.951916 0.868499 0.832552 0.820176 0.994451 0.785486 0.933441 0.699927 0.801130 0.999665 0.820699 0.839141 0.991644 0.866946 0.797176 0.988390
0.955012 0.976416 0.867760 0.837344 0.971110 0.947012 0.914668 0.930344 0.871048 0.868443 0.963404 0.976293 0.870919 0.991522 0.954203 0.976360 0.950487 0.817179 0.940570 0.962422 0.998584 0.958128 0.905752 0.891126 0.663924 0.691863 0.907666 0.934828 0.933339 0.822852 0.798199 0.726862 0.852245 0.811942 0.915008 0.000000 0.768051 0.943875 0.863774 0.729111 0.948420 0.930164 0.813296 0.876451 0.894575 0.934065 0.856515 0.826527 0.934618 0.997206 0.909961 0.983226 0.953204 0.921095 0.864206 0.832307 0.890996 0.952394 0.950331 0.942384 0.974764 0.993317 0.970154 0.943160 0.726114 0.819416 0.807340 0.735966 0.764123 0.931282 0.810687 0.865687 0.900236 0.935031 0.903947 0.923975 0.936088 0.856671 0.896417 0.793264 0.897677 0.832927 0.948496 0.938099 0.862808 0.812981 0.968705 0.932737 0.930389 0.818853 0.982450 0.982317 0.959986 0.917384 0.770550 0.976155 0.942106 0.955155 0.954039 0.956641 0.980748 0.914168 0.889589 0.948730 0.964932 0.885791 0.808049 0.976367 0.932648 0.971709 0.976701 0.901703 0.902990 0.921977 0.852384 0.914857
0.979159 0.953686 0.980924 0.947498 0.984220 0.984948 0.972861 0.996437 0.969587 0.914604 0.987119 0.970255 0.873768 0.942368 0.996023 0.974337 0.888869 0.930512 0.978672 0.966012 0.865916 0.960217 0.911246 0.988482 0.857516 0.776486 0.851027 0.982266 0.994110 0.924685 0.909288 0.991395 0.982728 0.914480 0.928254 0.768051 0.000000 0.868112 0.995024 0.958652 0.979185 0.843934 0.904482 0.926646 0.935122 0.990561 0.967172 0.898697 0.878821 0.964930 0.914194 0.952391 0.886427 0.917236 0.853189 0.978725 0.882843 0.968538 0.987430 0.960793 0.952334 0.977938 0.997069 0.985799 0.852238 0.971966 0.974702 0.896579 0.968636 0.995624 0.896159 0.887414 0.924546 0.956389 0.869169 0.865289 0.993977 0.854966 0.792837 0.893570 0.930110 0.999132 0.874510 0.882237 0.941459 0.925730 0.959634 0.986688 0.962041 0.886987 0.935881 0.955758 0.914257 0.965329 0.982237 0.973948 0.916555 0.984457 0.936810 0.951338 0.978340 0.907564 0.842415 0.931659 0.973432 0.843946 0.885376 0.999629 0.994730 0.987229 0.976889 0.846849 0.883924 0.851054 0.849034 0.993501
0.777948 0.877708 0.879082 0.995990 0.836687 0.812404 0.810907 0.832124 0.781291 0.764940 0.804814 0.776794 0.714652 0.973019 0.923052 0.953595 0.745787 0.793529 0.715729 0.802042 0.981627 0.970965 0.922129 0.774379 0.710282 0.799044 0.927834 0.905143 0.730986 0.909823 0.710991 0.835298 0.971698 0.939843 0.923949 0.943875 0.868112 0.000000 0.970814 0.972896 0.999742 0.836252 0.788863 0.793096 0.716745 0.735318 0.888008 0.833683 0.729194 0.763562 0.647845 0.743017 0.876851 0.805557 0.978499 0.999380 0.929572 0.790888 0.859364 0.891519 0.675170 0.750727 0.778633 0.763901 0.969499 0.935734 0.865128 0.780456 0.772344 0.921245 0.804710 0.794148 0.927571 0.904433 0.930334 0.995238 0.883372 0.992081 0.982417 0.940237 0.853445 0.906710 0.856145 0.977328 0.973376 0.941063 0.997876 0.856472 0.822845 0.839987 0.998215 0.896184 0.923474 0.822784 0.836342 0.980079 0.954605 0.952342 0.959743 0.997754 0.930538 0.903860 0.996478 0.945943 0.992363 0.945112 0.980235 0.874251 0.989051 0.951544 0.983987 0.999903 0.925873 0.944004 0.999975 0.921352
