0.000000 0.268629 0.874876 0.744676 0.938863 0.954248 0.788248 0.781794 0.805635 0.753208 0.438531 0.403606 0.464158 0.408323 0.729592 0.655849 0.359830 0.275863 0.394022 0.321363 0.793503 0.766033 0.927056 0.725075 0.843261 0.952439 0.836381 0.944219 0.681253 0.592089 0.706042 0.953545 0.706987 0.686077 0.915921 0.846035 0.829992 0.637528 0.825966 0.741451 0.849294 0.920833 0.823315 0.714330 0.902597 0.778024 0.616019 0.676399 0.719341 0.614923 0.741860 0.630872 0.918513 0.764408 0.504326 0.627729 0.279344 0.282220 0.467070 0.478548 0.763472 0.976219 0.497469 0.512917 0.841667 0.847571 0.799252 0.863903 0.341374 0.465501 0.965686 0.786488 0.754127 0.946530 0.840880 0.715835 0.830192 0.847776 0.716104 0.534397 0.278929 0.256170 0.515569 0.339657 0.499626 0.553344 0.659050 0.668590 0.697757 0.544141 0.924924 0.985854 0.868829 0.925755 0.762295 0.976761 0.761743 0.935090 0.851920 0.899653 0.857217 0.955772 0.857673 0.844029 0.937768 0.949182 0.923074 0.852142 0.925858 0.852398 0.985050 0.957430 0.961563 0.859439 0.960381 0.984652
0.268629 0.000000 0.797735 0.643824 0.946252 0.926778 0.753651 0.754652 0.835369 0.773161 0.574031 0.426532 0.425614 0.379589 0.629430 0.532678 0.359977 0.297445 0.424498 0.311869 0.790481 0.730289 0.764294 0.631643 0.771134 0.989698 0.776539 0.946148 0.655932 0.570615 0.753226 0.924200 0.704271 0.692995 0.922536 0.937624 0.861893 0.610808 0.803948 0.709333 0.872826 0.948146 0.749406 0.665122 0.857043 0.728774 0.568448 0.608646 0.666846 0.528861 0.624835 0.508276 0.765444 0.848829 0.520703 0.659868 0.253220 0.206696 0.439487 0.378515 0.698736 0.888370 0.481792 0.455187 0.763946 0.789419 0.755650 0.829116 0.422136 0.449404 0.984941 0.809802 0.766457 0.986250 0.868058 0.836607 0.802015 0.934592 0.627519 0.590564 0.292017 0.290869 0.472806 0.373805 0.414950 0.474738 0.669394 0.564078 0.689872 0.510114 0.952570 0.994585 0.849451 0.955089 0.666999 0.934246 0.771872 0.948548 0.870165 0.888940 0.850596 0.986935 0.865358 0.877836 0.859782 0.850488 0.990986 0.906428 0.869526 0.804706 0.887039 0.914434 0.923602 0.800169 0.774036 0.971196
0.874876 0.797735 0.000000 0.285940 0.656640 0.782636 0.334786 0.415799 0.531385 0.920783 0.989612 0.895437 0.606399 0.803853 0.657500 0.735591 0.951990 0.922779 0.787484 0.842970 0.742262 0.971793 0.471369 0.552048 0.481105 0.418326 0.927595 0.925505 0.899551 0.842166 0.649203 0.805026 0.542771 0.665118 0.649121 0.792652 0.571076 0.755580 0.830419 0.975148 0.867976 0.877249 0.745501 0.750528 0.704736 0.795912 0.740293 0.836679 0.923257 0.984211 0.953331 0.917139 0.847178 0.945135 0.704343 0.953907 0.887671 0.916362 0.757402 0.895960 0.331983 0.431005 0.904147 0.997485 0.310969 0.262735 0.454654 0.482668 0.816382 0.982950 0.582733 0.595928 0.709742 0.718584 0.965513 0.784752 0.814994 0.684087 0.991015 0.994280 0.981207 0.939077 0.967173 0.968057 0.538600 0.461068 0.841789 0.908673 0.767958 0.730775 0.626059 0.906829 0.566993 0.810315 0.757667 0.947647 0.764077 0.917125 0.790569 0.760594 0.734403 0.936822 0.859254 0.990321 0.591990 0.774136 0.887480 0.863468 0.660640 0.858841 0.768962 0.792008 0.896833 0.974753 0.817620 0.861594
0.744676 0.643824 0.285940 0.000000 0.633401 0.834228 0.410690 0.411017 0.645802 0.960596 0.951483 0.722920 0.508071 0.651592 0.572010 0.584922 0.925121 0.893255 0.619385 0.642763 0.768315 0.903345 0.385428 0.430064 0.516813 0.548601 0.773546 0.983858 0.935789 0.997205 0.786457 0.774591 0.604080 0.706768 0.658561 0.801086 0.651159 0.733776 0.804672 0.896530 0.935387 0.891749 0.745960 0.728920 0.731251 0.753976 0.723061 0.738276 0.961167 0.890553 0.865895 0.805458 0.790941 0.905499 0.669559 0.907051 0.772589 0.748971 0.682080 0.782203 0.409400 0.501907 0.992364 0.852891 0.322008 0.351094 0.445101 0.545411 0.733628 0.940553 0.592927 0.666313 0.789044 0.799941 0.997612 0.805627 0.748655 0.743218 0.874248 0.877363 0.830610 0.800310 0.857577 0.820670 0.449266 0.417424 0.756297 0.792253 0.725086 0.672938 0.635501 0.879278 0.573838 0.779631 0.677359 0.876634 0.725536 0.875101 0.789937 0.712123 0.803611 0.941108 0.935532 0.976604 0.577468 0.665793 0.920435 0.831000 0.617823 0.756158 0.807782 0.750907 0.893957 0.965147 0.781115 0.863874
0.938863 0.946252 0.656640 0.633401 0.000000 0.959793 0.767190 0.811812 0.803042 0.954583 0.880874 0.952192 0.762779 0.993539 0.774079 0.889975 0.870766 0.890088 0.973385 0.968449 0.909562 0.973095 0.576916 0.646105 0.628281 0.654146 0.694186 0.943349 0.900451 0.840095 0.822124 0.950661 0.907020 0.998416 0.938824 0.869904 0.828656 0.927603 0.963048 0.992582 0.933394 0.909539 0.996005 0.968969 0.964084 0.932835 0.905753 0.960241 0.829611 0.904948 0.930365 0.973435 0.900215 0.989224 0.973144 0.997783 0.955699 0.980750 0.943922 0.984268 0.768343 0.824846 0.927893 0.962833 0.603173 0.700114 0.808192 0.839999 0.906653 0.928963 0.824489 0.942368 0.815537 0.974476 0.995363 0.943902 0.903716 0.974454 0.863432 0.964773 0.932057 0.922184 0.923128 0.932765 0.754725 0.712315 0.927495 0.831351 0.870109 0.900768 0.924485 0.978130 0.818956 0.954126 0.902009 0.999653 0.968080 0.834385 0.995472 0.991057 0.980560 0.941790 0.861239 0.834207 0.895924 0.831810 0.967534 0.927285 0.995872 0.918343 0.861318 0.973153 0.876044 0.823879 0.990652 0.935531
0.954248 0.926778 0.782636 0.834228 0.959793 0.000000 0.573973 0.556720 0.783548 0.687396 0.749514 0.893381 0.979653 0.971452 0.982082 0.974898 0.983084 0.997265 0.805908 0.915892 0.954561 0.959180 0.984200 0.945585 0.931204 0.827996 0.786302 0.944283 0.829782 0.805195 0.811954 0.799314 0.617255 0.528973 0.853769 0.786304 0.886732 0.945698 0.925049 0.985298 0.922440 0.813552 0.612343 0.656251 0.597340 0.681156 0.730843 0.735809 0.766567 0.897145 0.834128 0.916127 0.803234 0.991395 0.833294 0.817264 0.937336 0.986521 0.719046 0.771927 0.662323 0.668101 0.901683 0.914384 0.930571 0.687561 0.554922 0.586946 0.988489 0.956729 0.679074 0.795057 0.773589 0.806229 0.950118 0.871236 0.824975 0.761293 0.932029 0.906571 0.907345 0.936574 0.892066 0.973241 0.992682 0.942727 0.926532 0.991913 0.878868 0.845673 0.698981 0.828992 0.721065 0.943944 0.864473 0.937917 0.608320 0.795721 0.572636 0.585693 0.676781 0.852023 0.918458 0.752657 0.766674 0.734891 0.992131 0.827519 0.967911 0.805577 0.767204 0.630313 0.714134 0.848841 0.854342 0.874901
0.788248 0.753651 0.334786 0.410690 0.767190 0.573973 0.000000 0.249222 0.506143 0.654224 0.749249 0.786464 0.671496 0.736524 0.678576 0.770879 0.836623 0.914509 0.565552 0.712127 0.915349 0.951988 0.640211 0.759961 0.783002 0.538049 0.897343 0.966657 0.830386 0.933767 0.624448 0.575053 0.334813 0.405493 0.620600 0.772216 0.586494 0.789215 0.851924 0.997118 0.925327 0.790982 0.409133 0.445165 0.420952 0.490211 0.480961 0.553598 0.762054 0.774537 0.722200 0.707678 0.601372 0.767079 0.586498 0.692474 0.769239 0.857082 0.527540 0.733771 0.305794 0.396645 0.832556 0.795727 0.544220 0.346053 0.287854 0.282513 0.861814 0.998481 0.457046 0.573645 0.659464 0.683716 0.953686 0.746605 0.616902 0.622575 0.783532 0.834012 0.819363 0.817069 0.904390 0.875045 0.640917 0.608532 0.925725 0.901866 0.823755 0.842483 0.433285 0.732673 0.477584 0.774792 0.678766 0.832602 0.489854 0.727017 0.454959 0.417911 0.547871 0.740297 0.805068 0.745695 0.430907 0.609013 0.845010 0.700637 0.640873 0.726010 0.645965 0.556700 0.609380 0.814891 0.740782 0.838694
0.781794 0.754652 0.415799 0.411017 0.811812 0.556720 0.249222 0.000000 0.540201 0.586429 0.757347 0.685799 0.705226 0.713136 0.786234 0.742699 0.870498 0.958655 0.564136 0.663984 0.934594 0.918957 0.737299 0.835009 0.843395 0.598081 0.896771 0.941338 0.828403 0.878763 0.637936 0.544537 0.397482 0.379195 0.695082 0.836631 0.548110 0.771625 0.878312 0.931212 0.911485 0.803076 0.395559 0.417203 0.441972 0.466326 0.440212 0.462806 0.705888 0.704112 0.637170 0.640316 0.619672 0.717034 0.597396 0.741814 0.808526 0.870331 0.515833 0.693724 0.345068 0.324188 0.889302 0.754980 0.674535 0.372056 0.363438 0.309215 0.867930 0.963651 0.526302 0.556456 0.671837 0.714613 0.932441 0.808358 0.630567 0.635536 0.838613 0.767495 0.793497 0.829583 0.946305 0.877758 0.766047 0.701286 0.987036 0.949225 0.932132 0.924732 0.453368 0.745835 0.549558 0.856794 0.748716 0.767668 0.571214 0.807541 0.452412 0.400872 0.468407 0.737575 0.715109 0.687317 0.469008 0.677440 0.913080 0.663033 0.646807 0.741424 0.696525 0.576975 0.659829 0.749914 0.681227 0.909932
0.805635 0.835369 0.531385 0.645802 0.803042 0.783548 0.506143 0.540201 0.000000 0.574239 0.939516 0.816471 0.960785 0.863000 0.938597 0.926804 0.847368 0.672164 0.986858 0.857401 0.996047 0.863169 0.792317 0.983847 0.805720 0.498347 0.837399 0.946550 0.988461 0.830053 0.472241 0.632900 0.509336 0.689748 0.680895 0.965632 0.783154 0.961842 0.983544 0.971957 0.959555 0.748190 0.604253 0.673317 0.540269 0.654088 0.731738 0.789322 0.909573 0.925225 0.793296 0.889770 0.740750 0.680495 0.878523 0.911836 0.837938 0.717844 0.832088 0.915443 0.536585 0.536909 0.913887 0.924970 0.727832 0.599942 0.530423 0.475774 0.911473 0.775946 0.616604 0.563709 0.539469 0.602255 0.913121 0.871762 0.783965 0.646661 0.995757 0.858738 0.759243 0.703417 0.884179 0.741688 0.973332 0.910580 0.894289 0.980970 0.975101 0.971770 0.552749 0.872494 0.673496 0.864846 0.845853 0.903495 0.840177 0.828921 0.595973 0.622770 0.573856 0.922354 0.872042 0.754778 0.626301 0.733165 0.839900 0.706420 0.719713 0.921202 0.658619 0.616994 0.683808 0.821791 0.771221 0.929644
0.753208 0.773161 0.920783 0.960596 0.954583 0.687396 0.654224 0.586429 0.574239 0.000000 0.919278 0.972680 0.672891 0.750050 0.806403 0.806589 0.926763 0.719768 0.962114 0.904895 0.868028 0.881741 0.868362 0.637012 0.801136 0.825098 0.623425 0.862543 0.801375 0.853634 0.524541 0.554483 0.636742 0.554780 0.806330 0.978420 0.838433 0.903142 0.987691 0.957845 0.933721 0.765453 0.436186 0.536935 0.387483 0.435688 0.663457 0.579538 0.532708 0.696642 0.575872 0.781360 0.635276 0.537902 0.963452 0.853864 0.765970 0.689942 0.778367 0.916585 0.723369 0.528056 0.968906 0.849147 0.812964 0.886532 0.659142 0.497074 0.752903 0.799027 0.744770 0.623742 0.504609 0.654295 0.967723 0.805165 0.676545 0.610054 0.948774 0.963011 0.874177 0.706326 0.796707 0.756329 0.670267 0.731540 0.678090 0.802111 0.920865 0.675710 0.677979 0.919295 0.886201 0.906722 0.956645 0.792255 0.756664 0.714103 0.488496 0.523768 0.455117 0.781118 0.581717 0.539689 0.629065 0.741470 0.917663 0.577580 0.801062 0.793019 0.672838 0.638214 0.608931 0.799240 0.755111 0.834137
0.438531 0.574031 0.989612 0.951483 0.880874 0.749514 0.749249 0.757347 0.939516 0.919278 0.000000 0.600138 0.824647 0.652196 0.969691 0.989394 0.525442 0.479502 0.519383 0.512236 0.862390 0.992016 0.783105 0.913034 0.768726 0.858702 0.882134 0.882464 0.602772 0.466157 0.818054 0.773231 0.644066 0.539766 0.871463 0.806583 0.937409 0.867750 0.852977 0.843212 0.865243 0.883568 0.677843 0.624860 0.727700 0.675219 0.618263 0.725470 0.634090 0.671321 0.770308 0.731302 0.920653 0.911942 0.661790 0.700091 0.516992 0.630187 0.521293 0.610142 0.843387 0.997406 0.491013 0.651825 0.877556 0.949729 0.670120 0.718908 0.681547 0.734522 0.967696 0.886699 0.952325 0.946677 0.868229 0.858287 0.776514 0.944823 0.738477 0.620203 0.455799 0.505375 0.786350 0.631947 0.894139 0.931635 0.823689 0.880363 0.887003 0.913811 0.752635 0.787195 0.750511 0.826901 0.751687 0.993372 0.624895 0.774618 0.643314 0.702203 0.873025 0.719209 0.703316 0.630661 0.943982 0.880518 0.858047 0.995046 0.901929 0.795880 0.899793 0.823846 0.810096 0.857362 0.984568 0.928337
0.403606 0.426532 0.895437 0.722920 0.952192 0.893381 0.786464 0.685799 0.816471 0.972680 0.600138 0.000000 0.542532 0.501439 0.722054 0.581145 0.569139 0.463945 0.512502 0.342069 0.847667 0.727103 0.866924 0.744886 0.861655 0.938187 0.837377 0.891823 0.619167 0.479032 0.844294 0.905111 0.749076 0.632960 0.928706 0.898025 0.701644 0.559127 0.848314 0.675106 0.949963 0.998948 0.796865 0.740591 0.855121 0.754493 0.683500 0.623170 0.663760 0.628153 0.717197 0.651853 0.863722 0.878988 0.629376 0.744326 0.488228 0.426542 0.629271 0.556844 0.697396 0.726536 0.605165 0.430029 0.880281 0.813272 0.841620 0.824484 0.533562 0.535980 0.978409 0.890736 0.855951 0.935959 0.994266 0.854269 0.893547 0.956269 0.782699 0.499312 0.374021 0.438070 0.667244 0.486912 0.654517 0.650253 0.705837 0.764849 0.901890 0.758746 0.986973 0.942705 0.989723 0.840576 0.847976 0.835878 0.738202 0.912994 0.912662 0.867900 0.949381 0.962421 0.846804 0.846007 0.857064 0.872652 0.785818 0.897675 0.868389 0.799631 0.960792 0.931557 0.972570 0.777577 0.894663 0.967826
0.464158 0.425614 0.606399 0.508071 0.762779 0.979653 0.671496 0.705226 0.960785 0.672891 0.824647 0.542532 0.000000 0.333666 0.394464 0.372989 0.574579 0.545130 0.455717 0.486548 0.839953 0.703770 0.458896 0.384707 0.658746 0.914421 0.695319 0.981314 0.830772 0.817015 0.874869 0.995297 0.763240 0.844173 0.942395 0.914109 0.789043 0.793959 0.951799 0.906380 0.875084 0.932988 0.898650 0.798726 0.990512 0.918912 0.728956 0.787529 0.984111 0.798449 0.873773 0.645149 0.818690 0.988701 0.754261 0.791997 0.476661 0.423649 0.699733 0.613418 0.619038 0.787090 0.730622 0.643349 0.523012 0.629900 0.832839 0.916668 0.613917 0.655570 0.790484 0.972518 0.894875 0.941060 0.920561 0.957361 0.841101 0.968897 0.789720 0.570705 0.531660 0.480866 0.622539 0.546876 0.365877 0.444823 0.581549 0.622152 0.789088 0.600887 0.859860 0.834595 0.789650 0.840998 0.838563 0.984088 0.824219 0.959010 0.947347 0.859682 0.927984 0.932392 0.967874 0.940727 0.846440 0.886533 0.945780 0.910491 0.829613 0.908582 0.931746 0.907291 0.956393 0.878161 0.904649 0.974859
0.408323 0.379589 0.803853 0.651592 0.993539 0.971452 0.736524 0.713136 0.863000 0.750050 0.652196 0.501439 0.333666 0.000000 0.466047 0.362354 0.477727 0.407329 0.373418 0.443579 0.911406 0.693684 0.681391 0.542219 0.914187 0.925900 0.758168 0.933184 0.640337 0.604066 0.765658 0.846850 0.758957 0.735709 0.983970 0.846288 0.989428 0.804798 0.988213 0.849407 0.938312 0.930896 0.782189 0.677008 0.935534 0.801985 0.620107 0.712478 0.866425 0.710098 0.780602 0.587937 0.798751 0.901320 0.761312 0.709591 0.353072 0.378173 0.575858 0.520433 0.676067 0.854792 0.625713 0.577292 0.750113 0.724826 0.820503 0.902588 0.714682 0.694342 0.988737 0.819054 0.865497 0.987347 0.847254 0.981861 0.870996 0.988590 0.662143 0.458591 0.407335 0.392051 0.533550 0.480673 0.496792 0.534107 0.653154 0.655576 0.811752 0.676593 0.872307 0.860244 0.866984 0.897855 0.817957 0.998502 0.808304 0.908734 0.851971 0.759879 0.951197 0.878084 0.870271 0.865752 0.876617 0.890642 0.991345 0.853629 0.840759 0.877804 0.858016 0.837654 0.928005 0.800948 0.793952 0.998235
0.729592 0.629430 0.657500 0.572010 0.774079 0.982082 0.678576 0.786234 0.938597 0.806403 0.969691 0.722054 0.394464 0.466047 0.000000 0.319632 0.691658 0.684929 0.608746 0.727239 0.870309 0.780087 0.402135 0.399485 0.684616 0.930169 0.742911 0.977984 0.720000 0.845081 0.957535 0.794991 0.783146 0.855469 0.938700 0.877429 0.928699 0.825085 0.981696 0.897329 0.989875 0.982230 0.853496 0.809114 0.914363 0.862949 0.776348 0.823586 0.988889 0.877900 0.879381 0.724285 0.689066 0.959746 0.862435 0.847253 0.590571 0.587814 0.730675 0.709351 0.602290 0.765644 0.747915 0.677150 0.517050 0.669697 0.836482 0.880298 0.866461 0.873700 0.809621 0.937666 0.991085 0.842812 0.869439 0.883877 0.867914 0.803323 0.678929 0.634974 0.681350 0.674163 0.602286 0.659465 0.418940 0.495851 0.716435 0.586805 0.779902 0.657432 0.969984 0.959867 0.942435 0.937498 0.793376 0.962045 0.805589 0.978561 0.946314 0.815825 0.934951 0.979260 0.978252 0.915383 0.747778 0.793043 0.892112 0.948741 0.790608 0.939350 0.885781 0.868063 0.851981 0.896005 0.856297 0.957581
0.655849 0.532678 0.735591 0.584922 0.889975 0.974898 0.770879 0.742699 0.926804 0.806589 0.989394 0.581145 0.372989 0.362354 0.319632 0.000000 0.647877 0.637693 0.602877 0.630603 0.885775 0.700206 0.438282 0.417025 0.731902 0.987747 0.769002 0.951251 0.706052 0.734394 0.979986 0.822755 0.824510 0.827335 0.976146 0.896985 0.899370 0.789501 0.952127 0.913824 0.968368 0.874497 0.836799 0.739661 0.975248 0.836272 0.704954 0.758057 0.943581 0.804823 0.787474 0.660078 0.696091 0.992417 0.868924 0.826648 0.538420 0.495999 0.704659 0.611514 0.611997 0.705928 0.790724 0.578879 0.612943 0.693204 0.923460 0.963414 0.828637 0.768719 0.950793 0.896703 0.931887 0.855194 0.946014 0.859516 0.909337 0.823409 0.692196 0.605196 0.585639 0.609572 0.567254 0.552938 0.436724 0.483309 0.769593 0.655025 0.780599 0.673364 0.974191 0.975304 0.978508 0.907104 0.866563 0.998149 0.900630 0.986867 0.994996 0.853031 0.960573 0.964593 0.988266 0.910978 0.799341 0.822186 0.903645 0.932731 0.774653 0.948399 0.911586 0.869458 0.876864 0.797976 0.738026 0.911689
0.359830 0.359977 0.951990 0.925121 0.870766 0.983084 0.836623 0.870498 0.847368 0.926763 0.525442 0.569139 0.574579 0.477727 0.691658 0.647877 0.000000 0.287364 0.445927 0.423629 0.961866 0.761236 0.973356 0.854864 0.951351 0.818598 0.949567 0.949676 0.507020 0.483190 0.810231 0.826999 0.695934 0.657872 0.988673 0.997328 0.929357 0.735152 0.920700 0.775311 0.811614 0.890575 0.685523 0.548588 0.787726 0.620144 0.541551 0.556620 0.523655 0.477019 0.560774 0.472930 0.685964 0.993346 0.569126 0.496923 0.291149 0.304552 0.435556 0.362223 0.876385 0.953234 0.317071 0.380121 0.930708 0.909120 0.869822 0.893304 0.536056 0.533176 0.964348 0.779756 0.823687 0.971902 0.861082 0.893082 0.731719 0.961564 0.529505 0.589216 0.251314 0.300810 0.434391 0.371498 0.636068 0.770630 0.782235 0.555882 0.731850 0.677347 0.955551 0.899950 0.977091 0.984332 0.710703 0.991657 0.722023 0.830145 0.725830 0.808498 0.895162 0.880064 0.615507 0.709579 0.877425 0.888970 0.992024 0.945854 0.937531 0.805144 0.858672 0.834648 0.782919 0.819344 0.814827 0.902682
0.275863 0.297445 0.922779 0.893255 0.890088 0.997265 0.914509 0.958655 0.672164 0.719768 0.479502 0.463945 0.545130 0.407329 0.684929 0.637693 0.287364 0.000000 0.435802 0.355467 0.901147 0.757984 0.973511 0.760553 0.981407 0.794536 0.860662 0.995052 0.581340 0.476605 0.608616 0.977964 0.800617 0.756111 0.943765 0.888044 0.972091 0.732940 0.876074 0.746247 0.901936 0.939172 0.846104 0.748423 0.944090 0.804753 0.677712 0.703535 0.668439 0.595057 0.736166 0.620979 0.872637 0.783013 0.574075 0.582808 0.253377 0.250975 0.495224 0.446166 0.940174 0.832769 0.375742 0.443806 0.986082 0.925313 0.871507 0.988537 0.496867 0.482299 0.906366 0.672504 0.710529 0.904355 0.810928 0.790409 0.881717 0.860570 0.565306 0.529533 0.238842 0.240968 0.445535 0.336352 0.561447 0.673463 0.653242 0.564519 0.711868 0.580409 0.984683 0.925798 0.943256 0.934607 0.717368 0.929028 0.731416 0.818090 0.899688 0.911971 0.792136 0.943286 0.792841 0.840084 0.962819 0.890598 0.959582 0.828071 0.996349 0.835534 0.957398 0.974971 0.939882 0.852191 0.897865 0.983391
0.394022 0.424498 0.787484 0.619385 0.973385 0.805908 0.565552 0.564136 0.986858 0.962114 0.519383 0.512502 0.455717 0.373418 0.608746 0.602877 0.445927 0.435802 0.000000 0.402640 0.929323 0.714310 0.828121 0.729227 0.985593 0.949942 0.890687 0.836428 0.614392 0.613729 0.862868 0.712709 0.600095 0.591529 0.889943 0.959809 0.851310 0.814704 0.865389 0.820092 0.807904 0.950015 0.615239 0.553963 0.720312 0.642863 0.499159 0.521337 0.678213 0.635555 0.723697 0.575594 0.761293 0.991002 0.621985 0.600632 0.398933 0.458633 0.475951 0.499690 0.644419 0.813749 0.530329 0.591766 0.835412 0.725077 0.602446 0.672640 0.657016 0.813850 0.726756 0.992537 0.943648 0.985620 0.877612 0.995569 0.731350 0.897830 0.681888 0.487651 0.402956 0.390511 0.652368 0.527376 0.597613 0.672508 0.710871 0.644284 0.833085 0.810012 0.675847 0.720566 0.654480 0.770242 0.736943 0.808890 0.515663 0.811491 0.591555 0.550712 0.875641 0.725345 0.677468 0.752208 0.697997 0.719719 0.921747 0.903086 0.775743 0.666457 0.811641 0.712599 0.752927 0.772328 0.812001 0.911574
0.321363 0.311869 0.842970 0.642763 0.968449 0.915892 0.712127 0.663984 0.857401 0.904895 0.512236 0.342069 0.486548 0.443579 0.727239 0.630603 0.423629 0.355467 0.402640 0.000000 0.835904 0.765316 0.869006 0.717713 0.883081 0.983216 0.800415 0.890135 0.635897 0.547807 0.782509 0.911276 0.687675 0.637034 0.965295 0.923076 0.788719 0.588135 0.800831 0.698285 0.888322 0.873313 0.740914 0.669525 0.852061 0.745726 0.575631 0.624193 0.644462 0.544842 0.676669 0.556503 0.786809 0.935800 0.520979 0.612513 0.363611 0.319897 0.486391 0.471757 0.734424 0.858063 0.547482 0.464401 0.858519 0.824529 0.720532 0.797879 0.440701 0.509340 0.893499 0.926401 0.800624 0.952928 0.917501 0.879672 0.719539 0.942218 0.702294 0.592647 0.303373 0.323093 0.589843 0.400652 0.537175 0.606705 0.671993 0.703242 0.752504 0.626568 0.839262 0.879509 0.801214 0.912635 0.766963 0.775122 0.635757 0.878584 0.811095 0.750737 0.923179 0.828764 0.740896 0.839449 0.792565 0.811684 0.876107 0.965749 0.842349 0.729753 0.946427 0.870948 0.956969 0.799892 0.879727 0.982506
0.793503 0.790481 0.742262 0.768315 0.909562 0.954561 0.915349 0.934594 0.996047 0.868028 0.862390 0.847667 0.839953 0.911406 0.870309 0.885775 0.961866 0.901147 0.929323 0.835904 0.000000 0.958593 0.881932 0.741989 0.716978 0.846556 0.903479 0.749342 0.999196 0.990411 0.932680 0.949831 0.853983 0.855623 0.742729 0.816589 0.881091 0.899139 0.789584 0.902097 0.959830 0.940816 0.937393 0.984249 0.984905 0.979257 0.993585 0.864153 0.955252 0.915054 0.906660 0.877610 0.823837 0.681058 0.795780 0.837440 0.833810 0.812784 0.842990 0.912165 0.680958 0.807128 0.951379 0.931362 0.673635 0.691686 0.877233 0.932274 0.769418 0.842179 0.969635 0.858923 0.979495 0.914263 0.808144 0.999134 0.980821 0.933763 0.837022 0.959260 0.873928 0.822812 0.799993 0.862079 0.681626 0.608563 0.765154 0.885011 0.717766 0.739874 0.830161 0.661645 0.925178 0.830620 0.989844 0.866439 0.985671 0.864260 0.885139 0.831923 0.841907 0.956325 0.823038 0.813375 0.853440 0.999907 0.885178 0.994828 0.982682 0.875172 0.858661 0.886551 0.938959 0.872793 0.993471 0.934485
0.766033 0.730289 0.971793 0.903345 0.973095 0.959180 0.951988 0.918957 0.863169 0.881741 0.992016 0.727103 0.703770 0.693684 0.780087 0.700206 0.761236 0.757984 0.714310 0.765316 0.958593 0.000000 0.876343 0.827680 0.972594 0.895334 0.883887 0.915348 0.869434 0.895234 0.902315 0.989474 0.967235 0.975506 0.937115 0.921596 0.931550 0.905066 0.885511 0.822421 0.993031 0.888332 0.912951 0.876431 0.960271 0.931515 0.861185 0.835029 0.885953 0.765530 0.805888 0.704938 0.738320 0.906187 0.836743 0.840121 0.724797 0.670772 0.865661 0.695727 0.885901 0.926044 0.753765 0.689510 0.990853 0.990964 0.901756 0.936111 0.902767 0.864642 0.964144 0.911286 0.934849 0.987973 0.890690 0.947031 0.901586 0.968051 0.952781 0.688841 0.714240 0.660041 0.757371 0.703914 0.841320 0.865064 0.775311 0.745756 0.944453 0.935834 0.979632 0.853996 0.955764 0.963569 0.867884 0.998712 0.717813 0.975063 0.928904 0.894725 0.949830 0.810258 0.940375 0.888892 0.900285 0.979225 0.893501 0.960286 0.884916 0.863988 0.883250 0.913711 0.944745 0.835932 0.741777 0.928399
0.927056 0.764294 0.471369 0.385428 0.576916 0.984200 0.640211 0.737299 0.792317 0.868362 0.783105 0.866924 0.458896 0.681391 0.402135 0.438282 0.973356 0.973511 0.828121 0.869006 0.881932 0.876343 0.000000 0.314302 0.486931 0.685895 0.648026 0.963835 0.984368 0.926810 0.839086 0.918569 0.849769 0.978838 0.835575 0.895363 0.796419 0.830824 0.971852 0.943138 0.968439 0.918658 0.948568 0.950504 0.969795 0.970194 0.951450 0.956086 0.864622 0.980345 0.985977 0.877009 0.757898 0.893959 0.949619 0.960732 0.881999 0.793159 0.956789 0.910220 0.571114 0.666231 0.957607 0.860608 0.317491 0.552117 0.740992 0.853633 0.901711 0.969296 0.712330 0.831993 0.847314 0.826348 0.926933 0.727726 0.909091 0.815381 0.883665 0.967999 0.944742 0.948343 0.784762 0.876139 0.400217 0.433012 0.734725 0.741572 0.756082 0.666292 0.886373 0.986349 0.811898 0.854885 0.783049 0.968340 0.932808 0.984123 0.984449 0.904951 0.948257 0.903747 0.805104 0.716731 0.738506 0.735663 0.848315 0.982450 0.756681 0.886077 0.902806 0.856997 0.932657 0.976280 0.845331 0.949239
0.725075 0.631643 0.552048 0.430064 0.646105 0.945585 0.759961 0.835009 0.983847 0.637012 0.913034 0.744886 0.384707 0.542219 0.399485 0.417025 0.854864 0.760553 0.729227 0.717713 0.741989 0.827680 0.314302 0.000000 0.463634 0.768153 0.521015 0.890434 0.912614 0.995868 0.995699 0.981633 0.876401 0.990131 0.861121 0.842175 0.899356 0.805556 0.865123 0.960560 0.975773 0.953398 0.890193 0.956597 0.860638 0.889142 0.985394 0.984975 0.787996 0.946341 0.872686 0.954999 0.949749 0.847723 0.837301 0.936476 0.714128 0.629894 0.942432 0.872992 0.681735 0.838478 0.957856 0.845993 0.378337 0.618251 0.875270 0.991333 0.721882 0.878742 0.829000 0.924789 0.967342 0.951406 0.998039 0.905361 0.975534 0.927666 0.838934 0.827707 0.770337 0.706898 0.719178 0.666209 0.336113 0.364812 0.638538 0.676131 0.673728 0.545227 0.957322 0.917086 0.898102 0.950757 0.826831 0.930995 0.945054 0.925469 0.855502 0.950834 0.823125 0.964174 0.734453 0.689355 0.850040 0.887991 0.997585 0.871537 0.956521 0.962434 0.992872 0.988673 0.906977 0.920681 0.945170 0.973701
0.843261 0.771134 0.481105 0.516813 0.628281 0.931204 0.783002 0.843395 0.805720 0.801136 0.768726 0.861655 0.658746 0.914187 0.684616 0.731902 0.951351 0.981407 0.985593 0.883081 0.716978 0.972594 0.486931 0.463634 0.000000 0.443984 0.626520 0.829237 0.815029 0.747056 0.783120 0.988842 0.821636 0.989441 0.791391 0.815528 0.625442 0.651283 0.822660 0.884122 0.914000 0.976904 0.859346 0.900807 0.935142 0.888060 0.966725 0.925084 0.787153 0.875094 0.881440 0.922136 0.911992 0.779994 0.748837 0.978450 0.901563 0.824794 0.999480 0.991924 0.635946 0.726924 0.802984 0.998602 0.364270 0.556897 0.857863 0.894280 0.621775 0.736879 0.955130 0.877417 0.972819 0.895009 0.921465 0.920483 0.914876 0.998666 0.974874 0.920771 0.993364 0.923027 0.819164 0.833480 0.444896 0.397154 0.835608 0.828504 0.710873 0.516457 0.915607 0.649696 0.953023 0.871269 0.833328 0.924631 0.861700 0.843250 0.774037 0.768645 0.830164 0.778363 0.699053 0.669690 0.910303 0.953852 0.960657 0.864557 0.893277 0.924828 0.982482 0.879635 0.818831 0.792983 0.990189 0.984592
0.952439 0.989698 0.418326 0.548601 0.654146 0.827996 0.538049 0.598081 0.498347 0.825098 0.858702 0.938187 0.914421 0.925900 0.930169 0.987747 0.818598 0.794536 0.949942 0.983216 0.846556 0.895334 0.685895 0.768153 0.443984 0.000000 0.953407 0.846985 0.785117 0.713184 0.504540 0.798888 0.599206 0.737539 0.706778 0.693445 0.578538 0.806414 0.765740 0.875636 0.991246 0.780499 0.815137 0.845431 0.742445 0.836139 0.830552 0.930145 0.915086 0.940485 0.959025 0.998643 0.900134 0.995897 0.715395 0.958597 0.940301 0.926974 0.901652 0.967716 0.520467 0.568466 0.735164 0.860523 0.493409 0.456896 0.581091 0.556519 0.818762 0.920376 0.770946 0.640305 0.705344 0.711017 0.944534 0.929656 0.972803 0.858963 0.879904 0.834510 0.824183 0.852824 0.967633 0.893394 0.690120 0.588362 0.989474 0.989519 0.766272 0.751100 0.781604 0.838416 0.786430 0.934405 0.869285 0.890406 0.958160 0.996114 0.905149 0.942296 0.801530 0.960560 0.844216 0.927536 0.745754 0.809934 0.905562 0.955294 0.819708 0.912334 0.727892 0.933110 0.930946 0.922080 0.912307 0.895298
0.836381 0.776539 0.927595 0.773546 0.694186 0.786302 0.897343 0.896771 0.837399 0.623425 0.882134 0.837377 0.695319 0.758168 0.742911 0.769002 0.949567 0.860662 0.890687 0.800415 0.903479 0.883887 0.648026 0.521015 0.626520 0.953407 0.000000 0.993609 0.898483 0.880686 0.751488 0.875518 0.771546 0.730981 0.944235 0.980470 0.967261 0.775550 0.899300 0.990768 0.935207 0.807195 0.679336 0.727335 0.618766 0.678761 0.861021 0.815295 0.745370 0.902032 0.793211 0.979010 0.844280 0.821355 0.958558 0.966196 0.862075 0.742945 0.860645 0.953523 0.944810 0.877544 0.985230 0.970159 0.704784 0.936825 0.853838 0.814343 0.776236 0.812506 0.875387 0.753694 0.808607 0.793943 0.942768 0.878896 0.963754 0.714619 0.926113 0.986542 0.907417 0.820165 0.828948 0.872518 0.644125 0.671108 0.710006 0.759267 0.979482 0.719505 0.846548 0.885308 0.990995 0.923057 0.974130 0.979432 0.898810 0.908489 0.746115 0.792426 0.716260 0.911240 0.769219 0.704355 0.936922 0.984336 0.957309 0.875417 0.994945 0.968709 0.976497 0.882887 0.786390 0.755282 0.887565 0.963526
0.944219 0.946148 0.925505 0.983858 0.943349 0.944283 0.966657 0.941338 0.946550 0.862543 0.882464 0.891823 0.981314 0.933184 0.977984 0.951251 0.949676 0.995052 0.836428 0.890135 0.749342 0.915348 0.963835 0.890434 0.829237 0.846985 0.993609 0.000000 0.918488 0.855617 0.899134 0.868932 0.988666 0.923213 0.946712 0.853276 0.901146 0.944733 0.904487 0.910818 0.954639 0.815027 0.946652 0.997392 0.943651 0.994392 0.976451 0.940810 0.946058 0.966920 0.998238 0.947432 0.982938 0.822918 0.896311 0.937840 0.935784 0.913882 0.957511 0.967543 0.977045 0.947382 0.918711 0.946292 0.896387 0.966750 0.914790 0.896596 0.876885 0.807507 0.995726 0.853606 0.903510 0.930194 0.970968 0.987725 0.979260 0.946118 0.871064 0.846739 0.994559 0.998466 0.884623 0.977321 0.867937 0.849951 0.895251 0.975255 0.995049 0.835343 0.822623 0.754362 0.815943 0.742280 0.917815 0.851268 0.876772 0.845497 0.888993 0.778461 0.749039 0.767243 0.788649 0.795252 0.847903 0.741660 0.928474 0.932121 0.818716 0.754882 0.916199 0.961634 0.902560 0.950708 0.874456 0.917862
0.681253 0.655932 0.899551 0.935789 0.900451 0.829782 0.830386 0.828403 0.988461 0.801375 0.602772 0.619167 0.830772 0.640337 0.720000 0.706052 0.507020 0.581340 0.614392 0.635897 0.999196 0.869434 0.984368 0.912614 0.815029 0.785117 0.898483 0.918488 0.000000 0.309451 0.959700 0.544679 0.665263 0.607173 0.999396 0.940002 0.978880 0.926924 0.996543 0.883266 0.974836 0.911346 0.584106 0.551934 0.607422 0.522475 0.597933 0.571635 0.487486 0.531482 0.568950 0.602715 0.626862 0.869711 0.822410 0.672283 0.586796 0.649854 0.543586 0.535216 0.798847 0.893185 0.455969 0.456694 0.842218 0.944748 0.793760 0.811854 0.871271 0.964949 0.983575 0.819153 0.974322 0.852052 0.911195 0.980976 0.814963 0.763261 0.551376 0.602365 0.480008 0.654337 0.660426 0.631154 0.866784 0.963907 0.914292 0.830657 0.903473 0.990678 0.989509 0.993840 0.901600 0.867817 0.727717 0.902776 0.587939 0.928643 0.691128 0.710417 0.886720 0.884509 0.635960 0.641136 0.803650 0.813348 0.927638 0.895284 0.868182 0.841346 0.800440 0.740604 0.685510 0.757550 0.778642 0.974862
0.592089 0.570615 0.842166 0.997205 0.840095 0.805195 0.933767 0.878763 0.830053 0.853634 0.466157 0.479032 0.817015 0.604066 0.845081 0.734394 0.483190 0.476605 0.613729 0.547807 0.990411 0.895234 0.926810 0.995868 0.747056 0.713184 0.880686 0.855617 0.309451 0.000000 0.899699 0.731367 0.770408 0.598092 0.984390 0.954329 0.986546 0.842855 0.952418 0.782796 0.914811 0.972179 0.658734 0.602146 0.690554 0.590679 0.637797 0.594792 0.447818 0.523746 0.581476 0.629302 0.743117 0.987171 0.844982 0.671811 0.560221 0.581369 0.561607 0.483121 0.880956 0.925106 0.448284 0.397118 0.766376 0.862647 0.852113 0.859568 0.824127 0.792832 0.896775 0.797796 0.969020 0.864014 0.970891 0.941070 0.894973 0.854579 0.571358 0.554435 0.395243 0.575007 0.664456 0.585853 0.930887 0.983448 0.874395 0.764640 0.970299 0.999952 0.934610 0.997037 0.872320 0.853120 0.791215 0.983824 0.678389 0.863803 0.771089 0.785635 0.900369 0.935339 0.661922 0.645665 0.918684 0.813968 0.862407 0.945846 0.921499 0.822436 0.893132 0.850682 0.826953 0.778230 0.792995 0.998857
0.706042 0.753226 0.649203 0.786457 0.822124 0.811954 0.624448 0.637936 0.472241 0.524541 0.818054 0.844294 0.874869 0.765658 0.957535 0.979986 0.810231 0.608616 0.862868 0.782509 0.932680 0.902315 0.839086 0.995699 0.783120 0.504540 0.751488 0.899134 0.959700 0.899699 0.000000 0.541485 0.554188 0.688504 0.771924 0.925672 0.666342 0.967288 0.774996 0.926449 0.966705 0.830741 0.605819 0.655619 0.517533 0.583847 0.729248 0.775642 0.808047 0.887142 0.734029 0.900501 0.671094 0.705645 0.939305 0.960757 0.761597 0.692737 0.898497 0.991408 0.564790 0.482549 0.848756 0.978445 0.843942 0.706448 0.729906 0.542878 0.872403 0.779004 0.822704 0.687084 0.552858 0.618424 0.921167 0.834980 0.819465 0.502704 0.988698 0.932844 0.779699 0.662783 0.945293 0.801395 0.956757 0.971744 0.738108 0.863400 0.943365 0.899157 0.938628 0.803507 0.941201 0.731408 0.943428 0.908270 0.920288 0.971706 0.766406 0.813495 0.574680 0.998918 0.913043 0.934860 0.750590 0.830949 0.829096 0.777664 0.776547 0.996181 0.762953 0.839766 0.730356 0.875610 0.881879 0.900851
0.953545 0.924200 0.805026 0.774591 0.950661 0.799314 0.575053 0.544537 0.632900 0.554483 0.773231 0.905111 0.995297 0.846850 0.794991 0.822755 0.826999 0.977964 0.712709 0.911276 0.949831 0.989474 0.918569 0.981633 0.988842 0.798888 0.875518 0.868932 0.544679 0.731367 0.541485 0.000000 0.511735 0.505146 0.783453 0.929616 0.761364 0.940344 0.852806 0.992325 0.968239 0.946830 0.431933 0.422090 0.467274 0.437483 0.511296 0.545584 0.630870 0.685724 0.614556 0.664136 0.617338 0.721547 0.756804 0.785759 0.843944 0.983276 0.555633 0.691153 0.572292 0.620477 0.793597 0.730554 0.967649 0.749265 0.602569 0.549733 0.930210 0.839757 0.828930 0.864254 0.681075 0.681342 0.924287 0.940791 0.737359 0.622500 0.698718 0.671538 0.826414 0.937512 0.814772 0.855151 0.934567 0.927015 0.945961 0.923416 0.860425 0.910196 0.770453 0.983419 0.937426 0.979770 0.832735 0.880804 0.693426 0.955152 0.523363 0.576292 0.561594 0.723947 0.613805 0.710798 0.638803 0.756563 0.902176 0.790542 0.653062 0.825973 0.808050 0.723251 0.561170 0.868277 0.717941 0.956893
0.706987 0.704271 0.542771 0.604080 0.907020 0.617255 0.334813 0.397482 0.509336 0.636742 0.644066 0.749076 0.763240 0.758957 0.783146 0.824510 0.695934 0.800617 0.600095 0.687675 0.853983 0.967235 0.849769 0.876401 0.821636 0.599206 0.771546 0.988666 0.665263 0.770408 0.554188 0.511735 0.000000 0.333763 0.653709 0.805255 0.613492 0.734519 0.827455 0.892729 0.901871 0.668193 0.368339 0.396882 0.337495 0.398276 0.405694 0.505920 0.584725 0.616465 0.576604 0.644153 0.635000 0.833957 0.542451 0.614837 0.684225 0.790928 0.431978 0.659763 0.356544 0.497084 0.671632 0.656037 0.747806 0.541824 0.384648 0.337372 0.768234 0.886725 0.676157 0.777550 0.735095 0.662724 0.798433 0.913352 0.635740 0.672195 0.746297 0.764292 0.703180 0.778502 0.798798 0.762398 0.693257 0.679735 0.986290 0.836419 0.767786 0.831465 0.651216 0.941172 0.731973 0.996737 0.735776 0.863479 0.602245 0.786147 0.489342 0.553641 0.632783 0.775260 0.744227 0.643698 0.558740 0.672656 0.912932 0.862671 0.803175 0.808100 0.668020 0.659119 0.604385 0.716719 0.736980 0.931475
0.686077 0.692995 0.665118 0.706768 0.998416 0.528973 0.405493 0.379195 0.689748 0.554780 0.539766 0.632960 0.844173 0.735709 0.855469 0.827335 0.657872 0.756111 0.591529 0.637034 0.855623 0.975506 0.978838 0.990131 0.989441 0.737539 0.730981 0.923213 0.607173 0.598092 0.688504 0.505146 0.333763 0.000000 0.654309 0.797724 0.667957 0.733282 0.873024 0.921084 0.815913 0.732595 0.391742 0.386887 0.355164 0.389782 0.369001 0.466560 0.541447 0.619649 0.561990 0.649096 0.656927 0.879755 0.546522 0.626984 0.662357 0.770319 0.395091 0.538575 0.411340 0.469793 0.602452 0.563852 0.894943 0.589617 0.427624 0.369478 0.794519 0.872504 0.768661 0.784620 0.740094 0.652145 0.864880 0.969091 0.778285 0.677068 0.799497 0.700977 0.619475 0.715215 0.775493 0.738251 0.812580 0.778185 0.968319 0.886072 0.806455 0.966802 0.716795 0.961065 0.806681 0.911725 0.787454 0.852212 0.561790 0.834023 0.513216 0.557391 0.547873 0.823761 0.646076 0.555931 0.606468 0.662893 0.991377 0.814354 0.831262 0.753489 0.700594 0.668737 0.617902 0.787405 0.808252 0.932012
0.915921 0.922536 0.649121 0.658561 0.938824 0.853769 0.620600 0.695082 0.680895 0.806330 0.871463 0.928706 0.942395 0.983970 0.938700 0.976146 0.988673 0.943765 0.889943 0.965295 0.742729 0.937115 0.835575 0.861121 0.791391 0.706778 0.944235 0.946712 0.999396 0.984390 0.771924 0.783453 0.653709 0.654309 0.000000 0.833235 0.895929 0.830760 0.707409 0.906666 0.966541 0.822483 0.836397 0.832483 0.702234 0.799673 0.822635 0.939214 0.953776 0.940604 0.994628 0.872813 0.997679 0.858554 0.692897 0.832510 0.934565 0.999422 0.773702 0.998585 0.633057 0.682493 0.946984 0.902087 0.675422 0.653475 0.524599 0.588956 0.877811 0.902352 0.786214 0.811072 0.832877 0.892314 0.998372 0.998358 0.921155 0.874719 0.902246 0.939590 0.947536 0.925460 0.846168 0.971776 0.776531 0.702769 0.981119 0.930459 0.683759 0.739945 0.893137 0.855766 0.761142 0.976610 0.789601 0.909809 0.786941 0.655717 0.815566 0.859020 0.868710 0.924757 0.993036 0.955915 0.752372 0.805253 0.856142 0.895907 0.787707 0.920162 0.932789 0.848848 0.812893 0.954070 0.923125 0.933073
0.846035 0.937624 0.792652 0.801086 0.869904 0.786304 0.772216 0.836631 0.965632 0.978420 0.806583 0.898025 0.914109 0.846288 0.877429 0.896985 0.997328 0.888044 0.959809 0.923076 0.816589 0.921596 0.895363 0.842175 0.815528 0.693445 0.980470 0.853276 0.940002 0.954329 0.925672 0.929616 0.805255 0.797724 0.833235 0.000000 0.944303 0.943578 0.962562 0.932316 0.813365 0.941421 0.997772 0.920146 0.977442 0.988099 0.952752 0.848356 0.902619 0.895388 0.896722 0.890242 0.902776 0.791895 0.828273 0.995201 0.904661 0.936885 0.928680 0.944054 0.797612 0.892188 0.899872 0.938285 0.731979 0.736294 0.826025 0.884458 0.840181 0.822952 0.969432 0.903279 0.837310 0.985973 0.976603 0.940599 0.881369 0.888596 0.984391 0.923055 0.912252 0.909345 0.915772 0.975837 0.787290 0.745917 0.971020 0.893467 0.823155 0.901187 0.901518 0.895514 0.981074 0.945399 0.917236 0.886341 0.959210 0.936485 0.958614 0.963073 0.979231 0.994684 0.855959 0.916907 0.960309 0.994722 0.971554 0.919439 0.986865 0.915548 0.890452 0.977878 0.894227 0.826864 0.887416 0.826864
0.829992 0.861893 0.571076 0.651159 0.828656 0.886732 0.586494 0.548110 0.783154 0.838433 0.937409 0.701644 0.789043 0.989428 0.928699 0.899370 0.929357 0.972091 0.851310 0.788719 0.881091 0.931550 0.796419 0.899356 0.625442 0.578538 0.967261 0.901146 0.978880 0.986546 0.666342 0.761364 0.613492 0.667957 0.895929 0.944303 0.000000 0.626593 0.852852 0.890403 0.793246 0.895937 0.770447 0.764706 0.696820 0.747946 0.712846 0.706411 0.843898 0.872816 0.832626 0.866478 0.831407 0.882056 0.575276 0.854214 0.916530 0.898174 0.796734 0.918879 0.558890 0.580999 0.998577 0.805599 0.744757 0.629384 0.696835 0.624667 0.723568 0.821954 0.769952 0.652054 0.867408 0.776625 0.966256 0.955384 0.858772 0.853574 0.962786 0.979687 0.857383 0.871791 0.888308 0.807072 0.780699 0.743874 0.963703 0.896513 0.969774 0.872031 0.873109 0.913397 0.897693 0.920282 0.838831 0.938869 0.819782 0.855485 0.828509 0.864287 0.776749 0.985509 0.918417 0.974057 0.777186 0.891647 0.932509 0.988132 0.782985 0.829404 0.965872 0.916582 0.964657 0.961783 0.949641 0.897697
0.637528 0.610808 0.755580 0.733776 0.927603 0.945698 0.789215 0.771625 0.961842 0.903142 0.867750 0.559127 0.793959 0.804798 0.825085 0.789501 0.735152 0.732940 0.814704 0.588135 0.899139 0.905066 0.830824 0.805556 0.651283 0.806414 0.775550 0.944733 0.926924 0.842855 0.967288 0.940344 0.734519 0.733282 0.830760 0.943578 0.626593 0.000000 0.737391 0.716601 0.879913 0.749519 0.886074 0.903313 0.845029 0.843464 0.755682 0.758246 0.744496 0.724501 0.777347 0.788551 0.913363 0.902174 0.555124 0.686591 0.712050 0.618684 0.752885 0.737144 0.715338 0.761240 0.813594 0.616071 0.798113 0.811735 0.831756 0.789225 0.570833 0.598589 0.970972 0.987689 0.992175 0.978750 0.996918 0.934102 0.797020 0.939127 0.905096 0.898475 0.642016 0.684344 0.821912 0.668090 0.690682 0.672759 0.851465 0.785468 0.842084 0.683275 0.959182 0.779259 0.984417 0.909573 0.968765 0.846673 0.933607 0.905616 0.909278 0.951450 0.975009 0.916273 0.881039 0.975456 0.845866 0.957740 0.970401 0.930591 0.982878 0.816911 0.899796 0.933574 0.862705 0.972736 0.992663 0.950867
