0.000000 0.438450 0.888393 0.773397 0.871433 0.758403 0.729064 0.775091 0.905027 0.936248 0.671964 0.690310 0.603390 0.591211 0.693503 0.748005 0.530956 0.513710 0.513378 0.569979 0.864035 0.969800 0.798083 0.754607 0.903295 0.992168 0.984002 0.978463 0.698660 0.680590 0.849376 0.736037 0.599502 0.685185 0.969143 0.870719 0.951260 0.910598 0.913516 0.968031 0.811955 0.894567 0.784087 0.732880 0.803980 0.761927 0.572381 0.586781 0.798520 0.640179 0.750223 0.680215 0.964188 0.959289 0.706574 0.612351 0.405008 0.420171 0.432608 0.379899 0.556234 0.770416 0.635621 0.639612 0.936664 0.800116 0.875367 0.914018 0.688598 0.681833 0.952941 0.910115 0.791862 0.814282 0.909966 0.946107 0.795621 0.878771 0.655292 0.653968 0.548916 0.558648 0.702926 0.651332 0.745855 0.709678 0.970295 0.855353 0.754203 0.572780 0.969271 0.921126 0.954662 0.938035 0.979508 0.778340 0.740583 0.905054 0.682479 0.665474 0.908260 0.752909 0.886535 0.772118 0.743629 0.728011 0.868824 0.782749 0.949480 0.819332 0.877997 0.716410 0.788219 0.877733 0.681640 0.927313
0.438450 0.000000 0.710783 0.553724 0.904050 0.726726 0.564351 0.611542 0.981693 0.955272 0.735328 0.655083 0.786193 0.561885 0.887538 0.739121 0.606158 0.543657 0.547309 0.446063 0.659051 0.823638 0.719151 0.566328 0.732642 0.782206 0.958858 0.988653 0.764887 0.629592 0.589307 0.465606 0.479565 0.508117 0.869969 0.990549 0.859647 0.798633 0.872380 0.756779 0.822925 0.844542 0.512890 0.494483 0.697662 0.673375 0.524221 0.491238 0.822476 0.578134 0.564423 0.521803 0.774184 0.916643 0.706140 0.547021 0.433983 0.426156 0.503431 0.399969 0.534373 0.591089 0.761821 0.670412 0.822725 0.587103 0.683454 0.636377 0.794368 0.691075 0.714281 0.719010 0.632216 0.630076 0.811893 0.927360 0.714388 0.711203 0.691403 0.609309 0.555377 0.597296 0.654559 0.695874 0.732811 0.526053 0.990631 0.860258 0.767421 0.496709 0.866337 0.907443 0.843961 0.896582 0.956899 0.868835 0.732071 0.957965 0.660787 0.693788 0.847477 0.804460 0.808539 0.847086 0.658020 0.631422 0.878680 0.860611 0.878624 0.804883 0.760149 0.806691 0.767249 0.777124 0.633527 0.972368
0.888393 0.710783 0.000000 0.291107 0.898732 0.793142 0.544682 0.686767 0.843098 0.878384 0.646072 0.883147 0.977573 0.941436 0.957676 0.948316 0.786256 0.844977 0.765255 0.650452 0.468683 0.827529 0.470051 0.457253 0.317016 0.292660 0.932314 0.846407 0.707269 0.817186 0.417862 0.586915 0.596018 0.619780 0.590057 0.769970 0.479596 0.719943 0.611870 0.629207 0.797685 0.956449 0.588416 0.734565 0.986882 0.906325 0.610264 0.677493 0.634202 0.940775 0.968896 0.984085 0.962435 0.949038 0.868096 0.994116 0.954216 0.964618 0.874382 0.721319 0.741531 0.767232 0.602921 0.668309 0.298198 0.321625 0.416029 0.448274 0.797702 0.761556 0.423695 0.540485 0.628614 0.688009 0.877318 0.876418 0.736167 0.620352 0.784187 0.720587 0.924390 0.917862 0.976171 0.872341 0.644138 0.565459 0.936541 0.708496 0.779930 0.870723 0.654407 0.718329 0.609599 0.630909 0.860290 0.713205 0.800593 0.888679 0.817655 0.756795 0.803675 0.851642 0.968231 0.929270 0.692491 0.571889 0.774266 0.858385 0.882301 0.878749 0.642887 0.851982 0.833621 0.851329 0.827814 0.849641
0.773397 0.553724 0.291107 0.000000 0.970757 0.662304 0.434703 0.491512 0.835268 0.979533 0.798400 0.817233 0.977500 0.799324 0.949129 0.811589 0.943881 0.993250 0.635309 0.474299 0.453638 0.859304 0.453878 0.355051 0.399146 0.346355 0.966667 0.882485 0.823867 0.998729 0.328328 0.471990 0.516284 0.482090 0.634750 0.769684 0.590433 0.636086 0.666204 0.692121 0.809085 0.921183 0.519567 0.660665 0.897215 0.996289 0.472605 0.568557 0.710610 0.958115 0.816826 0.855961 0.934391 0.902302 0.809663 0.876874 0.875112 0.885395 0.811960 0.652093 0.641565 0.525312 0.772222 0.873341 0.443696 0.227544 0.379490 0.400688 0.826670 0.726985 0.396415 0.484133 0.538900 0.623655 0.780023 0.745346 0.667757 0.546647 0.865415 0.659565 0.975556 0.785280 0.935492 0.925916 0.692098 0.512443 0.968776 0.862708 0.752871 0.801620 0.578158 0.785074 0.553468 0.712732 0.786124 0.630876 0.677152 0.850142 0.680193 0.683421 0.655703 0.772478 0.868072 0.982771 0.591570 0.583587 0.784673 0.885819 0.789594 0.807884 0.627013 0.800927 0.811161 0.819517 0.709269 0.871070
0.871433 0.904050 0.898732 0.970757 0.000000 0.962072 0.942295 0.982774 0.807815 0.826901 0.954609 0.877551 0.510545 0.776234 0.527083 0.501465 0.806832 0.711606 0.717677 0.916419 0.894840 0.926669 0.596432 0.758083 0.891744 0.975229 0.676651 0.946870 0.703251 0.701048 0.947212 0.958328 0.784588 0.961078 0.984224 0.863835 0.880018 0.930136 0.995447 0.736091 0.973570 0.966572 0.930945 0.986073 0.853335 0.882215 0.890303 0.917091 0.631047 0.891900 0.984440 0.992237 0.957162 0.813631 0.729686 0.932256 0.889258 0.776988 0.962795 0.960130 0.732074 0.986843 0.697636 0.718944 0.753004 0.981130 0.893230 0.852258 0.921329 0.766023 0.934965 0.768381 0.855783 0.995351 0.987400 0.982576 0.816774 0.892348 0.863074 0.722504 0.792413 0.760310 0.754119 0.718894 0.614016 0.805321 0.775174 0.913612 0.717815 0.720075 0.854057 0.923896 0.829502 0.945926 0.940140 0.977899 0.868841 0.917422 0.979090 0.862507 0.803020 0.937876 0.982060 0.966000 0.887585 0.991052 0.945544 0.816225 0.961294 0.834882 0.967285 0.920860 0.825972 0.995829 0.782532 0.994602
0.758403 0.726726 0.793142 0.662304 0.962072 0.000000 0.584287 0.523390 0.712356 0.678741 0.793101 0.678000 0.992881 0.780626 0.929822 0.856934 0.932820 0.902256 0.826328 0.660103 0.882882 0.801015 0.910747 0.883961 0.964254 0.848327 0.675858 0.882965 0.867989 0.888665 0.645539 0.760171 0.597887 0.658973 0.770302 0.974811 0.992299 0.993418 0.963904 0.969275 0.712592 0.989180 0.689506 0.695839 0.803686 0.845213 0.774067 0.748797 0.971920 0.836486 0.698505 0.719318 0.750265 0.739183 0.815797 0.770602 0.941807 0.983216 0.857911 0.554778 0.655541 0.542949 0.993608 0.844617 0.986637 0.656082 0.695627 0.624659 0.946583 0.753372 0.710670 0.686814 0.665197 0.776641 0.921884 0.705442 0.720519 0.773421 0.994110 0.830963 0.968614 0.926464 0.951176 0.912397 0.914040 0.974928 0.973074 0.992535 0.970009 0.941896 0.606972 0.773948 0.606921 0.670635 0.914685 0.820718 0.829560 0.650549 0.615483 0.739029 0.567726 0.693189 0.918921 0.763394 0.780449 0.843329 0.819739 0.854353 0.901580 0.884180 0.755423 0.755766 0.809095 0.845368 0.667762 0.994344
0.729064 0.564351 0.544682 0.434703 0.942295 0.584287 0.000000 0.249913 0.537911 0.553518 0.868428 0.614223 0.996510 0.750678 0.874530 0.884625 0.895835 0.803428 0.652453 0.536439 0.667929 0.904932 0.702060 0.714186 0.812939 0.696941 0.656921 0.901032 0.817847 0.685634 0.353258 0.483082 0.413807 0.323066 0.541964 0.809734 0.901892 0.843276 0.836747 0.963088 0.750737 0.965232 0.334055 0.408485 0.449117 0.540962 0.615968 0.511366 0.934678 0.632872 0.486121 0.490108 0.510570 0.508917 0.719761 0.794479 0.820688 0.848370 0.636706 0.524479 0.340789 0.362942 0.910518 0.745675 0.814365 0.467800 0.278630 0.296768 0.994477 0.701025 0.424337 0.463488 0.512873 0.521617 0.868293 0.712869 0.567858 0.568777 0.930284 0.743299 0.949322 0.997636 0.973826 0.820394 0.974373 0.881417 0.987487 0.849328 0.909856 0.869544 0.383389 0.596538 0.441853 0.627825 0.836780 0.712714 0.504223 0.701827 0.353226 0.406986 0.435730 0.515606 0.635994 0.757824 0.447736 0.511581 0.610920 0.708640 0.707980 0.684534 0.561879 0.640334 0.534530 0.688796 0.531674 0.988384
0.775091 0.611542 0.686767 0.491512 0.982774 0.523390 0.249913 0.000000 0.538200 0.420899 0.798625 0.451405 0.986736 0.646297 0.835511 0.905775 0.928828 0.832579 0.750405 0.540370 0.750090 0.916172 0.815541 0.809430 0.926577 0.765277 0.595998 0.852820 0.736696 0.682677 0.423436 0.515616 0.501831 0.372171 0.651112 0.879827 0.959076 0.897697 0.967354 0.945819 0.800307 0.947607 0.432703 0.527647 0.499703 0.571845 0.659870 0.593318 0.922861 0.680715 0.506797 0.518034 0.554693 0.495400 0.805295 0.741730 0.957744 0.972095 0.716901 0.554132 0.369595 0.225989 0.879641 0.659398 0.981222 0.480733 0.383052 0.382617 0.911161 0.728186 0.530348 0.530448 0.526667 0.554829 0.850716 0.676462 0.590158 0.669625 0.984533 0.868902 0.993109 0.995836 0.974997 0.794202 0.878951 0.962309 0.997632 0.860671 0.930701 0.878592 0.377265 0.654973 0.447384 0.670258 0.845862 0.720816 0.568440 0.678558 0.336443 0.442859 0.372206 0.558607 0.725045 0.809906 0.491367 0.635171 0.620997 0.749022 0.720797 0.703338 0.572712 0.631882 0.554073 0.740977 0.558038 0.918190
0.905027 0.981693 0.843098 0.835268 0.807815 0.712356 0.537911 0.538200 0.000000 0.508815 0.776155 0.714482 0.999940 0.917890 0.970260 0.898812 0.942806 0.954744 0.957499 0.920405 0.869344 0.946696 0.909131 0.970766 0.898237 0.932488 0.705071 0.847206 0.765396 0.801040 0.681252 0.825680 0.736338 0.685002 0.709757 0.882859 0.978405 0.934539 0.973011 0.996907 0.701778 0.988343 0.656281 0.695416 0.648187 0.748145 0.987166 0.963836 0.882585 0.891118 0.769456 0.798833 0.619042 0.671052 0.784385 0.957658 0.897037 0.881675 0.992215 0.974570 0.617527 0.567362 0.961189 0.810481 0.990087 0.808365 0.631542 0.651625 0.932984 0.782903 0.699031 0.744887 0.791490 0.791336 0.992563 0.717940 0.801775 0.858026 0.963297 0.908194 0.840727 0.858307 0.955002 0.870251 0.882998 0.885482 0.900432 0.976656 0.965279 0.908165 0.603234 0.647374 0.686902 0.613759 0.895411 0.978455 0.888228 0.755532 0.632781 0.693142 0.627356 0.722112 0.873211 0.962304 0.758116 0.840879 0.769370 0.758983 0.893514 0.961429 0.765977 0.863286 0.786801 0.772170 0.739242 0.885278
0.936248 0.955272 0.878384 0.979533 0.826901 0.678741 0.553518 0.420899 0.508815 0.000000 0.657211 0.442357 0.851727 0.713384 0.942535 0.839395 0.830095 0.745471 0.861026 0.812600 0.922196 0.965934 0.975015 0.800818 0.675524 0.784465 0.578420 0.872769 0.494003 0.557805 0.810763 0.854530 0.743885 0.641954 0.794926 0.992784 0.726741 0.867487 0.722221 0.826530 0.975729 0.943234 0.741286 0.754794 0.462022 0.519915 0.896663 0.790640 0.634340 0.736773 0.661129 0.632186 0.587661 0.597054 0.852025 0.763517 0.899519 0.917395 0.816265 0.814615 0.476994 0.424168 0.614871 0.458201 0.726472 0.965530 0.751847 0.776497 0.813097 0.804609 0.851974 0.863981 0.868727 0.754534 0.982174 0.747088 0.860303 0.917465 0.971520 0.995637 0.968433 0.949292 0.955815 0.858095 0.756343 0.719445 0.943280 0.978263 0.969910 0.946860 0.602227 0.750220 0.734987 0.808793 0.974948 0.865033 0.783416 0.750994 0.482467 0.549638 0.568066 0.670196 0.795985 0.885066 0.756042 0.906977 0.801442 0.904183 0.886860 0.844831 0.761715 0.760497 0.602526 0.783096 0.787770 0.749122
0.671964 0.735328 0.646072 0.798400 0.954609 0.793101 0.868428 0.798625 0.776155 0.657211 0.000000 0.535501 0.798619 0.608323 0.839748 0.897236 0.544675 0.542405 0.852523 0.898686 0.894181 0.924109 0.736347 0.770529 0.567246 0.618863 0.769035 0.774241 0.476543 0.499172 0.955725 0.923716 0.840805 0.847290 0.862718 0.785047 0.739307 0.993912 0.928382 0.918105 0.911780 0.853494 0.892467 0.787880 0.736479 0.695694 0.934984 0.965831 0.618721 0.749229 0.714315 0.680270 0.804145 0.862845 0.770516 0.751501 0.673231 0.700809 0.677959 0.760677 0.668038 0.721357 0.534655 0.435534 0.579276 0.829535 0.893586 0.966311 0.925069 0.888607 0.860042 0.852065 0.827252 0.920764 0.947773 0.897904 0.903019 0.924866 0.646069 0.883843 0.664007 0.742068 0.736754 0.721629 0.864897 0.910948 0.915414 0.633836 0.990514 0.787920 0.920619 0.808259 0.848194 0.836415 0.994386 0.934868 0.957833 0.948272 0.808822 0.921581 0.889005 0.877284 0.892614 0.887934 0.994526 0.973943 0.979064 0.926119 0.887538 0.919832 0.993723 0.894946 0.805660 0.965094 0.815412 0.642443
0.690310 0.655083 0.883147 0.817233 0.877551 0.678000 0.614223 0.451405 0.714482 0.442357 0.535501 0.000000 0.654140 0.331494 0.817909 0.625435 0.676106 0.535483 0.669678 0.599427 0.910630 0.913329 0.887985 0.866175 0.812656 0.854877 0.764210 0.824487 0.444036 0.398833 0.763025 0.675693 0.635973 0.585720 0.894146 0.902687 0.729641 0.997020 0.918818 0.911204 0.967685 0.901545 0.748623 0.730752 0.623227 0.633093 0.689488 0.725522 0.706916 0.663588 0.607955 0.556826 0.698642 0.686229 0.780091 0.664729 0.809841 0.808296 0.715398 0.723196 0.482591 0.347949 0.522367 0.378810 0.751965 0.774576 0.881343 0.827966 0.782772 0.825487 0.957802 0.916917 0.655703 0.741748 0.877635 0.808859 0.724641 0.815075 0.796308 0.806461 0.741864 0.707241 0.716963 0.788281 0.973257 0.912486 0.901463 0.759846 0.886734 0.814901 0.817005 0.923184 0.919464 0.913180 0.946717 0.802718 0.834171 0.830910 0.615748 0.664909 0.643776 0.773741 0.888510 0.836803 0.728727 0.885280 0.878285 0.998989 0.911291 0.865494 0.927528 0.740914 0.734463 0.877049 0.761132 0.818304
0.603390 0.786193 0.977573 0.977500 0.510545 0.992881 0.996510 0.986736 0.999940 0.851727 0.798619 0.654140 0.000000 0.493391 0.338633 0.390223 0.671215 0.624910 0.616531 0.778612 0.930922 0.915975 0.566800 0.753534 0.996734 0.874331 0.757411 0.894736 0.592650 0.597764 0.988061 0.989780 0.836184 0.965512 0.766524 0.734182 0.937066 0.865109 0.996537 0.890043 0.843432 0.926626 0.971604 0.969936 0.926360 0.927547 0.769633 0.768497 0.674377 0.863815 0.990073 0.938961 0.899543 0.763565 0.799592 0.848304 0.735530 0.661363 0.797811 0.880138 0.690432 0.913090 0.605173 0.617918 0.855448 0.979023 0.790770 0.731916 0.955835 0.774806 0.832272 0.764082 0.911259 0.937535 0.882563 0.976435 0.892075 0.881763 0.828369 0.700681 0.767706 0.625280 0.626386 0.660719 0.657116 0.765234 0.944404 0.915751 0.841300 0.754474 0.830096 0.850975 0.795456 0.814520 0.974162 0.841910 0.891995 0.852283 0.932046 0.785929 0.844801 0.953836 0.900607 0.947098 0.927878 0.923051 0.961010 0.875194 0.951115 0.900390 0.935895 0.892883 0.989326 0.978991 0.989912 0.900818
0.591211 0.561885 0.941436 0.799324 0.776234 0.780626 0.750678 0.646297 0.917890 0.713384 0.608323 0.331494 0.493391 0.000000 0.695553 0.463818 0.576298 0.489387 0.529075 0.566761 0.914164 0.961184 0.703673 0.661984 0.915697 0.887095 0.946567 0.968252 0.489941 0.359809 0.749529 0.612237 0.630533 0.687365 0.810555 0.790146 0.970945 0.928168 0.981694 0.933437 0.930354 0.902064 0.738270 0.715644 0.691125 0.663814 0.633942 0.676508 0.667441 0.587148 0.612259 0.572622 0.771946 0.802209 0.672470 0.653601 0.643136 0.655886 0.663324 0.725858 0.585430 0.566363 0.545599 0.426665 0.884373 0.807125 0.991564 0.942528 0.812040 0.892702 0.971793 0.952709 0.681273 0.758961 0.907390 0.784775 0.760570 0.739856 0.725818 0.655478 0.653798 0.579535 0.568548 0.648617 0.859521 0.731495 0.907501 0.742524 0.843056 0.710308 0.970198 0.757272 0.896949 0.746741 0.873890 0.838589 0.910018 0.971733 0.754237 0.794514 0.824146 0.921704 0.926384 0.864253 0.836929 0.935996 0.961840 0.870478 0.872923 0.907267 0.984838 0.845825 0.871562 0.895272 0.823877 0.851723
0.693503 0.887538 0.957676 0.949129 0.527083 0.929822 0.874530 0.835511 0.970260 0.942535 0.839748 0.817909 0.338633 0.695553 0.000000 0.425152 0.686942 0.632389 0.681697 0.854608 0.770391 0.977187 0.574194 0.779179 0.935259 0.917466 0.618990 0.863219 0.685419 0.699238 0.944977 0.982424 0.859611 0.942725 0.798581 0.848258 0.948511 0.902374 0.938151 0.773141 0.925882 0.936392 0.913660 0.905589 0.941840 0.925286 0.869231 0.887534 0.781479 0.998176 0.845779 0.891890 0.824803 0.655128 0.784237 0.901182 0.718752 0.661148 0.831984 0.985881 0.847347 0.932050 0.730794 0.760439 0.778327 0.970821 0.747591 0.700698 0.828117 0.773108 0.898900 0.794470 0.812643 0.949646 0.889088 0.947921 0.888002 0.979035 0.927188 0.676737 0.712668 0.606474 0.586746 0.637019 0.569572 0.721053 0.805620 0.832535 0.703709 0.796398 0.800645 0.802769 0.738503 0.840672 0.860856 0.834472 0.905176 0.866514 0.940157 0.956482 0.742746 0.975752 0.851155 0.998358 0.903433 0.972799 0.953706 0.775311 0.856806 0.848302 0.862849 0.957501 0.956036 0.964586 0.953971 0.949283
0.748005 0.739121 0.948316 0.811589 0.501465 0.856934 0.884625 0.905775 0.898812 0.839395 0.897236 0.625435 0.390223 0.463818 0.425152 0.000000 0.723973 0.631059 0.584324 0.692796 0.813475 0.953611 0.428452 0.551239 0.940647 0.964490 0.755280 0.895929 0.708206 0.580528 0.829068 0.832153 0.690127 0.884956 0.865111 0.826305 0.835058 0.980773 0.990954 0.768218 0.970272 0.950625 0.834276 0.824352 0.855078 0.876698 0.693409 0.747375 0.710182 0.803282 0.897708 0.811288 0.928413 0.942466 0.729658 0.914165 0.736754 0.710485 0.850953 0.917820 0.734748 0.839543 0.713002 0.670439 0.789751 0.841981 0.925683 0.922752 0.981190 0.849397 0.984317 0.992830 0.987525 0.967134 0.933468 0.851650 0.986428 0.756912 0.807093 0.621883 0.817185 0.673505 0.607270 0.707508 0.655078 0.674854 0.923224 0.780749 0.719889 0.805616 0.967267 0.891474 0.886185 0.896261 0.815469 0.852358 0.930878 0.964865 0.968923 0.796583 0.947627 0.974525 0.990176 0.935760 0.960608 0.953588 0.974578 0.808227 0.960537 0.914044 0.987701 0.882187 0.922552 0.956683 0.960136 0.952265
0.530956 0.606158 0.786256 0.943881 0.806832 0.932820 0.895835 0.928828 0.942806 0.830095 0.544675 0.676106 0.671215 0.576298 0.686942 0.723973 0.000000 0.322709 0.589760 0.713444 0.964282 0.973534 0.994888 0.923549 0.803779 0.719652 0.973978 0.928117 0.553042 0.439396 0.968354 0.876487 0.734519 0.832025 0.920793 0.851970 0.895902 0.983152 0.866916 0.973483 0.928239 0.788677 0.840417 0.734993 0.679995 0.627333 0.753322 0.732537 0.518774 0.538440 0.649654 0.633090 0.795505 0.966343 0.557434 0.590276 0.453674 0.411701 0.576611 0.720410 0.700681 0.880657 0.398401 0.417594 0.803263 0.853132 0.895546 0.944791 0.867398 0.755462 0.911664 0.848886 0.965993 0.846799 0.902356 0.953676 0.977069 0.987895 0.609849 0.608643 0.396999 0.500588 0.527583 0.536772 0.850452 0.856570 0.998102 0.630908 0.847139 0.561452 0.837709 0.641887 0.724207 0.612010 0.990352 0.993663 0.826802 0.884481 0.851887 0.907216 0.926263 0.941495 0.971716 0.813255 0.987128 0.980799 0.949991 0.933335 0.843604 0.864701 0.927801 0.998587 0.885531 0.897240 0.892381 0.851977
0.513710 0.543657 0.844977 0.993250 0.711606 0.902256 0.803428 0.832579 0.954744 0.745471 0.542405 0.535483 0.624910 0.489387 0.632389 0.631059 0.322709 0.000000 0.505957 0.670550 0.924198 0.995804 0.925835 0.848021 0.862655 0.737469 0.933943 0.987809 0.449325 0.357104 0.902261 0.722385 0.576779 0.717643 0.973163 0.837193 0.821851 0.956328 0.886565 0.989624 0.998549 0.790826 0.721504 0.630237 0.600255 0.556057 0.662629 0.668741 0.497685 0.513893 0.604752 0.577034 0.767348 0.949971 0.507186 0.516750 0.408552 0.388546 0.507956 0.684306 0.584040 0.772956 0.348875 0.345738 0.846255 0.934952 0.954080 0.957356 0.884427 0.817948 0.930890 0.908335 0.940825 0.825328 0.951834 0.894037 0.944694 0.848173 0.520378 0.536552 0.367629 0.432154 0.487626 0.462355 0.778537 0.772447 0.915178 0.591878 0.796963 0.536813 0.838529 0.663584 0.744496 0.646804 0.983798 0.843996 0.802224 0.977320 0.769755 0.818277 0.980112 0.892652 0.885162 0.719461 0.849830 0.887133 0.995686 0.929645 0.972062 0.868489 0.979936 0.953899 0.735492 0.864292 0.824947 0.851999
0.513378 0.547309 0.765255 0.635309 0.717677 0.826328 0.652453 0.750405 0.957499 0.861026 0.852523 0.669678 0.616531 0.529075 0.681697 0.584324 0.589760 0.505957 0.000000 0.513085 0.782349 0.911434 0.589996 0.575738 0.822798 0.964487 0.933727 0.897822 0.731078 0.599775 0.680624 0.648516 0.550159 0.601116 0.923494 0.964761 0.901973 0.867441 0.907697 0.800149 0.910881 0.934327 0.746028 0.755211 0.695096 0.722790 0.572980 0.551091 0.776074 0.630336 0.750600 0.731427 0.841176 0.907785 0.681471 0.653079 0.555018 0.497758 0.588922 0.592104 0.586792 0.799632 0.636713 0.662078 0.817307 0.777376 0.798747 0.832671 0.803970 0.851543 0.771742 0.861852 0.761808 0.720165 0.965423 0.822322 0.860820 0.641969 0.831162 0.608463 0.649788 0.544966 0.669013 0.713069 0.743771 0.713260 0.988062 0.903226 0.790607 0.675042 0.926706 0.922210 0.965019 0.981260 0.883445 0.780528 0.723456 0.941185 0.744235 0.723867 0.872051 0.857125 0.833664 0.777492 0.886909 0.767943 0.927848 0.902945 0.814973 0.886713 0.890123 0.802125 0.740462 0.798406 0.868818 0.948859
0.569979 0.446063 0.650452 0.474299 0.916419 0.660103 0.536439 0.540370 0.920405 0.812600 0.898686 0.599427 0.778612 0.566761 0.854608 0.692796 0.713444 0.670550 0.513085 0.000000 0.671482 0.835964 0.586823 0.525423 0.737030 0.753833 0.941451 0.854256 0.791844 0.703516 0.577538 0.538207 0.527417 0.515962 0.825147 0.949686 0.838510 0.818833 0.809633 0.855824 0.740454 0.946846 0.642532 0.665134 0.760928 0.769351 0.561018 0.466916 0.971458 0.667101 0.701947 0.690161 0.823089 0.832343 0.625852 0.606605 0.692469 0.643205 0.686601 0.500736 0.564656 0.534537 0.826165 0.768389 0.775404 0.528153 0.638034 0.636600 0.862336 0.641661 0.677986 0.691064 0.582213 0.603225 0.734353 0.814730 0.741809 0.704276 0.946923 0.704890 0.692808 0.612664 0.697013 0.806886 0.752406 0.622035 0.982294 0.986475 0.749933 0.624466 0.686405 0.955301 0.702286 0.951977 0.922607 0.671505 0.683263 0.827300 0.623014 0.655853 0.773170 0.779510 0.810341 0.920101 0.666325 0.739192 0.836234 0.967685 0.804152 0.766437 0.736602 0.830163 0.745293 0.750301 0.722509 0.909965
0.864035 0.659051 0.468683 0.453638 0.894840 0.882882 0.667929 0.750090 0.869344 0.922196 0.894181 0.910630 0.930922 0.914164 0.770391 0.813475 0.964282 0.924198 0.782349 0.671482 0.000000 0.820306 0.528063 0.515957 0.514215 0.501170 0.832426 0.949479 0.921453 0.954147 0.505393 0.587007 0.654433 0.609880 0.806079 0.853868 0.748060 0.809805 0.824995 0.640059 0.841031 0.813349 0.675898 0.769209 0.963657 0.899968 0.696674 0.777575 0.766271 0.961754 0.967774 0.988911 0.955454 0.935845 0.857680 0.974696 0.845735 0.850990 0.860374 0.871842 0.812503 0.754074 0.768371 0.874279 0.484620 0.455278 0.605456 0.633543 0.821724 0.708919 0.583226 0.661493 0.685025 0.729215 0.879616 0.819687 0.844141 0.746411 0.896102 0.731842 0.937830 0.749275 0.860433 0.944963 0.667031 0.569304 0.671909 0.901250 0.797297 0.881765 0.785858 0.991158 0.812181 0.807638 0.690989 0.740387 0.855118 0.994204 0.880512 0.839476 0.956314 0.780362 0.926603 0.916272 0.620937 0.686872 0.866255 0.963589 0.955754 0.989143 0.784421 0.943987 0.733474 0.925752 0.799646 0.925367
0.969800 0.823638 0.827529 0.859304 0.926669 0.801015 0.904932 0.916172 0.946696 0.965934 0.924109 0.913329 0.915975 0.961184 0.977187 0.953611 0.973534 0.995804 0.911434 0.835964 0.820306 0.000000 0.916940 0.924384 0.937427 0.914535 0.946709 0.853768 0.975899 0.891614 0.891132 0.943521 0.911457 0.952250 0.959352 0.998300 0.932234 0.950069 0.988341 0.798711 0.921008 0.943500 0.910043 0.875268 0.962675 0.978716 0.970655 0.799489 0.968808 0.879070 0.939063 0.951350 0.856063 0.867706 0.921415 0.878128 0.983615 0.930008 0.933734 0.875106 0.972871 0.995167 0.835383 0.931000 0.938082 0.926062 0.848110 0.930622 0.830869 0.864252 0.871542 0.813661 0.966389 0.941339 0.876991 0.791733 0.948063 0.923429 0.971131 0.988536 0.950134 0.964652 0.889272 0.995535 0.961116 0.954497 0.977581 0.915386 0.954130 0.936366 0.778978 0.893328 0.821562 0.821636 0.882394 0.907461 0.865658 0.915342 0.874190 0.933278 0.908761 0.860727 0.984571 0.851326 0.853854 0.771931 0.866358 0.896016 0.901983 0.984425 0.855833 0.976664 0.980684 0.703916 0.795912 0.967192
0.798083 0.719151 0.470051 0.453878 0.596432 0.910747 0.702060 0.815541 0.909131 0.975015 0.736347 0.887985 0.566800 0.703673 0.574194 0.428452 0.994888 0.925835 0.589996 0.586823 0.528063 0.916940 0.000000 0.316181 0.458564 0.536573 0.696521 0.835810 0.996059 0.863399 0.521028 0.632833 0.572575 0.717741 0.842669 0.916439 0.517103 0.766475 0.720246 0.616638 0.918823 0.915097 0.695395 0.806998 0.921927 0.992802 0.586277 0.630120 0.978428 0.917661 0.978674 0.962267 0.981110 0.884763 0.751622 0.951972 0.860244 0.844794 0.900647 0.871494 0.704888 0.818691 0.909139 0.953830 0.357096 0.499684 0.718812 0.773409 0.894671 0.763820 0.654346 0.715683 0.804309 0.733364 0.783428 0.818864 0.870607 0.550209 0.911763 0.617816 0.925682 0.743495 0.738731 0.890337 0.467250 0.468350 0.852308 0.923145 0.700751 0.814704 0.832551 0.891201 0.821982 0.860938 0.748558 0.686437 0.905112 0.989224 0.858098 0.715599 0.974312 0.904634 0.947664 0.972183 0.766826 0.698913 0.872891 0.914867 0.933802 0.975646 0.854092 0.958264 0.874712 0.874154 0.891211 0.873212
0.754607 0.566328 0.457253 0.355051 0.758083 0.883961 0.714186 0.809430 0.970766 0.800818 0.770529 0.866175 0.753534 0.661984 0.779179 0.551239 0.923549 0.848021 0.575738 0.525423 0.515957 0.924384 0.316181 0.000000 0.410743 0.499167 0.687542 0.854411 0.860542 0.893654 0.520420 0.508639 0.581992 0.688178 0.856377 0.928011 0.564434 0.680082 0.608775 0.619678 0.914861 0.950349 0.663195 0.737483 0.988589 0.940719 0.552563 0.658999 0.848673 0.911774 0.896793 0.909896 0.996801 0.921990 0.765732 0.877759 0.736061 0.757995 0.887090 0.815760 0.823035 0.803280 0.891010 0.926242 0.435991 0.430199 0.711522 0.698080 0.862249 0.837926 0.690513 0.722136 0.712230 0.758650 0.825863 0.867132 0.854264 0.610112 0.973891 0.549884 0.844284 0.649486 0.756328 0.792354 0.511970 0.375041 0.881459 0.946016 0.705522 0.702569 0.924228 0.975054 0.901783 0.997487 0.837129 0.778529 0.847360 0.991159 0.956878 0.849918 0.998870 0.990790 0.964525 0.960454 0.818061 0.774684 0.991461 0.924873 0.892814 0.993723 0.847727 0.983555 0.950448 0.971399 0.910465 0.859473
0.903295 0.732642 0.317016 0.399146 0.891744 0.964254 0.812939 0.926577 0.898237 0.675524 0.567246 0.812656 0.996734 0.915697 0.935259 0.940647 0.803779 0.862655 0.822798 0.737030 0.514215 0.937427 0.458564 0.410743 0.000000 0.290740 0.656446 0.867398 0.662381 0.775440 0.563050 0.671723 0.680023 0.757920 0.745777 0.744622 0.483549 0.659651 0.576415 0.574226 0.874641 0.979649 0.806076 0.946026 0.817999 0.728457 0.627788 0.800090 0.628814 0.834251 0.858588 0.807367 0.722483 0.678434 0.909998 0.971418 0.916854 0.927511 0.927470 0.867104 0.903282 0.915951 0.632376 0.612366 0.278286 0.407195 0.652540 0.644914 0.715927 0.782054 0.597817 0.700383 0.765611 0.728910 0.812427 0.933109 0.886629 0.680274 0.775012 0.688576 0.900705 0.792968 0.901174 0.931433 0.414301 0.379532 0.860726 0.887881 0.742123 0.750784 0.922566 0.969399 0.793819 0.892922 0.891314 0.708600 0.913062 0.993763 0.984086 0.969665 0.957884 0.904570 0.975836 0.899498 0.821534 0.722284 0.914516 0.964508 0.995025 0.945772 0.899400 0.893096 0.989910 0.995205 0.977808 0.767828
0.992168 0.782206 0.292660 0.346355 0.975229 0.848327 0.696941 0.765277 0.932488 0.784465 0.618863 0.854877 0.874331 0.887095 0.917466 0.964490 0.719652 0.737469 0.964487 0.753833 0.501170 0.914535 0.536573 0.499167 0.290740 0.000000 0.880565 0.889757 0.639846 0.728047 0.422544 0.608461 0.679263 0.702458 0.656373 0.685336 0.503849 0.641014 0.607481 0.609044 0.784643 0.966789 0.672928 0.838532 0.869639 0.788384 0.646741 0.829624 0.563046 0.807942 0.964857 0.878349 0.864298 0.872707 0.961574 0.950381 0.949365 0.909729 0.991500 0.865693 0.860817 0.765367 0.499817 0.563146 0.340414 0.312471 0.501912 0.506412 0.871662 0.868570 0.441135 0.529420 0.700969 0.675959 0.815269 0.861739 0.817762 0.713357 0.670828 0.747045 0.937039 0.925348 0.990551 0.884232 0.606801 0.519167 0.837355 0.856935 0.794887 0.899893 0.703374 0.784582 0.627852 0.711996 0.855676 0.789122 0.893810 0.953706 0.900670 0.885141 0.829285 0.946683 0.976184 0.837216 0.734122 0.654401 0.789875 0.918845 0.954042 0.919546 0.753547 0.984673 0.946959 0.932262 0.856373 0.757688
0.984002 0.958858 0.932314 0.966667 0.676651 0.675858 0.656921 0.595998 0.705071 0.578420 0.769035 0.764210 0.757411 0.946567 0.618990 0.755280 0.973978 0.933943 0.933727 0.941451 0.832426 0.946709 0.696521 0.687542 0.656446 0.880565 0.000000 0.800830 0.841811 0.863688 0.846908 0.894718 0.913369 0.704718 0.932977 0.935857 0.761910 0.913393 0.862719 0.638773 0.927691 0.983803 0.828086 0.741671 0.633447 0.642980 0.972204 0.933340 0.961801 0.763406 0.648397 0.654223 0.630368 0.452264 0.981642 0.914089 0.837327 0.812970 0.837425 0.784864 0.723157 0.671871 0.939090 0.816919 0.607045 0.991222 0.709619 0.681596 0.703993 0.972291 0.894828 0.787582 0.737236 0.848430 0.896193 0.837899 0.723203 0.921460 0.956693 0.839153 0.806402 0.756732 0.802087 0.709105 0.448076 0.538542 0.871661 0.873486 0.744588 0.786759 0.598983 0.686499 0.655910 0.735544 0.858707 0.886921 0.778390 0.715528 0.603254 0.718130 0.547979 0.693084 0.747512 0.826351 0.822916 0.970984 0.859939 0.678027 0.777408 0.881233 0.839738 0.677503 0.782392 0.790265 0.788689 0.849218
0.978463 0.988653 0.846407 0.882485 0.946870 0.882965 0.901032 0.852820 0.847206 0.872769 0.774241 0.824487 0.894736 0.968252 0.863219 0.895929 0.928117 0.987809 0.897822 0.854256 0.949479 0.853768 0.835810 0.854411 0.867398 0.889757 0.800830 0.000000 0.927469 0.887842 0.963847 0.915408 0.938140 0.882463 0.958814 0.827631 0.764758 0.890178 0.858601 0.754142 0.892832 0.922895 0.976215 0.910788 0.835291 0.861016 0.907437 0.889509 0.903816 0.903543 0.864793 0.833426 0.845238 0.760268 0.968407 0.853152 0.960588 0.942151 0.988711 0.937032 0.849712 0.861837 0.917949 0.826215 0.766762 0.940676 0.911801 0.962309 0.868259 0.874701 0.913772 0.948336 0.943442 0.993606 0.972946 0.934740 0.888899 0.971083 0.795322 0.773782 0.985306 0.841695 0.928963 0.926656 0.816375 0.846046 0.948124 0.916500 0.865858 0.805155 0.861990 0.856099 0.880289 0.934694 0.930340 0.946949 0.986338 0.847888 0.863117 0.908784 0.787960 0.911066 0.847747 0.943189 0.866427 0.836152 0.947649 0.741534 0.926104 0.893710 0.930449 0.937451 0.898065 0.979064 0.816441 0.907147
0.698660 0.764887 0.707269 0.823867 0.703251 0.867989 0.817847 0.736696 0.765396 0.494003 0.476543 0.444036 0.592650 0.489941 0.685419 0.708206 0.553042 0.449325 0.731078 0.791844 0.921453 0.975899 0.996059 0.860542 0.662381 0.639846 0.841811 0.927469 0.000000 0.346906 0.982496 0.874707 0.709826 0.796014 0.901320 0.776572 0.718089 0.822097 0.820083 0.846050 0.990979 0.920882 0.857476 0.785376 0.530307 0.509153 0.842450 0.807572 0.431234 0.566230 0.653268 0.607928 0.713692 0.828055 0.704751 0.554394 0.743906 0.721707 0.667638 0.747534 0.528954 0.684643 0.366253 0.315324 0.691626 0.855421 0.895314 0.948212 0.819561 0.809649 0.853275 0.865508 0.863642 0.766701 0.894234 0.909475 0.860287 0.889867 0.697408 0.802640 0.646315 0.716733 0.627614 0.642166 0.988775 0.975426 0.910926 0.784413 0.979386 0.748685 0.962163 0.834691 0.861964 0.802896 0.971954 0.951108 0.956408 0.961363 0.682441 0.749496 0.896480 0.831043 0.829550 0.842760 0.835620 0.985696 0.925872 0.953534 0.984450 0.871489 0.884576 0.862291 0.745262 0.767225 0.842945 0.749643
0.680590 0.629592 0.817186 0.998729 0.701048 0.888665 0.685634 0.682677 0.801040 0.557805 0.499172 0.398833 0.597764 0.359809 0.699238 0.580528 0.439396 0.357104 0.599775 0.703516 0.954147 0.891614 0.863399 0.893654 0.775440 0.728047 0.863688 0.887842 0.346906 0.000000 0.779216 0.651061 0.594003 0.664851 0.924380 0.858349 0.854563 0.984465 0.892159 0.987419 0.990851 0.911995 0.662163 0.581022 0.455804 0.459367 0.717388 0.721472 0.448105 0.491950 0.517958 0.475621 0.607422 0.746546 0.572632 0.607547 0.586135 0.613051 0.579073 0.808313 0.483075 0.618902 0.351174 0.283268 0.782061 0.974874 0.970767 0.898407 0.835938 0.816847 0.981196 0.989471 0.770063 0.669185 0.916411 0.855196 0.825420 0.773453 0.651773 0.650756 0.509207 0.638473 0.463122 0.637200 0.927906 0.887518 0.882739 0.675889 0.895080 0.688092 0.950559 0.761237 0.820321 0.713496 0.916103 0.939815 0.857964 0.932515 0.713035 0.735635 0.881049 0.877750 0.792131 0.809713 0.802936 0.914409 0.954052 0.897978 0.972114 0.886923 0.998348 0.960449 0.712320 0.860977 0.842598 0.755218
0.849376 0.589307 0.417862 0.328328 0.947212 0.645539 0.353258 0.423436 0.681252 0.810763 0.955725 0.763025 0.988061 0.749529 0.944977 0.829068 0.968354 0.902261 0.680624 0.577538 0.505393 0.891132 0.521028 0.520420 0.563050 0.422544 0.846908 0.963847 0.982496 0.779216 0.000000 0.368628 0.402022 0.406813 0.584202 0.790304 0.637587 0.635507 0.735560 0.761305 0.716869 0.900393 0.359464 0.475836 0.638870 0.738891 0.541767 0.626962 0.927354 0.769644 0.596968 0.660918 0.698093 0.698947 0.698794 0.841748 0.847070 0.911506 0.749225 0.697599 0.508167 0.459904 0.867173 0.955151 0.588003 0.336901 0.349718 0.322607 0.965038 0.820785 0.342379 0.398175 0.493035 0.475155 0.835270 0.656951 0.658291 0.449444 0.896361 0.641722 0.915608 0.871141 0.811257 0.900077 0.796922 0.648892 0.844281 0.927028 0.833837 0.856065 0.542387 0.762186 0.553150 0.722480 0.794896 0.732087 0.660369 0.872549 0.544503 0.628438 0.540424 0.685668 0.712869 0.891772 0.548936 0.570778 0.673664 0.857158 0.787261 0.819774 0.634035 0.861444 0.712787 0.729727 0.642554 0.903519
0.736037 0.465606 0.586915 0.471990 0.958328 0.760171 0.483082 0.515616 0.825680 0.854530 0.923716 0.675693 0.989780 0.612237 0.982424 0.832153 0.876487 0.722385 0.648516 0.538207 0.587007 0.943521 0.632833 0.508639 0.671723 0.608461 0.894718 0.915408 0.874707 0.651061 0.368628 0.000000 0.438506 0.433650 0.715731 0.891901 0.820858 0.642213 0.811736 0.817889 0.847164 0.907601 0.409458 0.445691 0.658526 0.676210 0.498887 0.564011 0.998861 0.674610 0.536373 0.568132 0.693587 0.755833 0.687849 0.658585 0.743519 0.819098 0.639333 0.623165 0.540182 0.510276 0.989518 0.825933 0.746081 0.470009 0.504930 0.432301 0.990104 0.904948 0.532948 0.518116 0.505159 0.425683 0.895732 0.772748 0.677120 0.498961 0.908610 0.656900 0.786896 0.772387 0.754477 0.893179 0.830614 0.602153 0.855159 0.906230 0.836810 0.764537 0.747101 0.952132 0.745530 0.927315 0.836690 0.819802 0.688470 0.921438 0.650075 0.685029 0.661208 0.768690 0.715616 0.920994 0.536037 0.620289 0.827769 0.864921 0.905389 0.856766 0.728858 0.934616 0.631748 0.756641 0.673899 0.933284
0.599502 0.479565 0.596018 0.516284 0.784588 0.597887 0.413807 0.501831 0.736338 0.743885 0.840805 0.635973 0.836184 0.630533 0.859611 0.690127 0.734519 0.576779 0.550159 0.527417 0.654433 0.911457 0.572575 0.581992 0.680023 0.679263 0.913369 0.938140 0.709826 0.594003 0.402022 0.438506 0.000000 0.424325 0.628478 0.860572 0.821541 0.813003 0.826517 0.798456 0.727971 0.857854 0.410182 0.409992 0.534939 0.577839 0.479413 0.547628 0.792326 0.561550 0.527214 0.564002 0.702698 0.815736 0.467890 0.586224 0.599927 0.653225 0.559585 0.529034 0.392363 0.520719 0.810713 0.699785 0.698803 0.540326 0.510666 0.469290 0.907917 0.743606 0.572672 0.590969 0.557092 0.542379 0.774458 0.699167 0.667588 0.546555 0.852470 0.541625 0.619249 0.633059 0.700200 0.769665 0.648639 0.585201 0.872852 0.871953 0.742770 0.707435 0.708162 0.910634 0.709526 0.908459 0.896692 0.629904 0.633934 0.829194 0.522649 0.595951 0.665047 0.727848 0.721851 0.772276 0.539140 0.554762 0.737880 0.879278 0.863386 0.756812 0.782733 0.834567 0.554850 0.714773 0.578647 0.995113
0.685185 0.508117 0.619780 0.482090 0.961078 0.658973 0.323066 0.372171 0.685002 0.641954 0.847290 0.585720 0.965512 0.687365 0.942725 0.884956 0.832025 0.717643 0.601116 0.515962 0.609880 0.952250 0.717741 0.688178 0.757920 0.702458 0.704718 0.882463 0.796014 0.664851 0.406813 0.433650 0.424325 0.000000 0.623657 0.793855 0.966832 0.794353 0.893121 0.846039 0.850788 0.948776 0.447481 0.490828 0.538609 0.594313 0.549360 0.533466 0.900163 0.619437 0.540721 0.567592 0.642471 0.649734 0.679811 0.698022 0.785515 0.792313 0.577625 0.535772 0.408316 0.408134 0.882227 0.731286 0.823379 0.514620 0.415852 0.399731 0.989557 0.756634 0.467430 0.545888 0.508168 0.486923 0.897567 0.771971 0.593324 0.565488 0.914733 0.671029 0.826819 0.820464 0.839074 0.976229 0.917397 0.784147 0.855719 0.964551 0.933641 0.753493 0.569474 0.801562 0.559152 0.787786 0.836567 0.701937 0.597399 0.780576 0.454760 0.541432 0.532834 0.552673 0.769025 0.831075 0.521421 0.587886 0.664195 0.727946 0.795902 0.776458 0.700497 0.804134 0.553949 0.745934 0.611109 0.965246
0.969143 0.869969 0.590057 0.634750 0.984224 0.770302 0.541964 0.651112 0.709757 0.794926 0.862718 0.894146 0.766524 0.810555 0.798581 0.865111 0.920793 0.973163 0.923494 0.825147 0.806079 0.959352 0.842669 0.856377 0.745777 0.656373 0.932977 0.958814 0.901320 0.924380 0.584202 0.715731 0.628478 0.623657 0.000000 0.739774 0.835004 0.803080 0.879112 0.886636 0.790621 0.899118 0.596502 0.663443 0.729969 0.794462 0.870935 0.759623 0.932136 0.940085 0.815052 0.867581 0.750139 0.805248 0.843813 0.926465 0.998612 0.976033 0.921880 0.785523 0.764714 0.778302 0.857329 0.903530 0.697882 0.698052 0.472522 0.469848 0.864210 0.770512 0.461507 0.619688 0.836971 0.710709 0.923401 0.847049 0.782872 0.779099 0.924654 0.876863 0.926610 0.896533 0.892658 0.745525 0.945272 0.884878 0.910860 0.814149 0.971250 0.911290 0.600850 0.660530 0.607535 0.652662 0.838583 0.757368 0.751008 0.886899 0.717073 0.790362 0.755785 0.780000 0.839451 0.932543 0.764442 0.709250 0.901493 0.865992 0.929691 0.826783 0.697005 0.992874 0.743455 0.841585 0.668198 0.989695
0.870719 0.990549 0.769970 0.769684 0.863835 0.974811 0.809734 0.879827 0.882859 0.992784 0.785047 0.902687 0.734182 0.790146 0.848258 0.826305 0.851970 0.837193 0.964761 0.949686 0.853868 0.998300 0.916439 0.928011 0.744622 0.685336 0.935857 0.827631 0.776572 0.858349 0.790304 0.891901 0.860572 0.793855 0.739774 0.000000 0.941770 0.890900 0.890394 0.873181 0.965490 0.901003 0.920309 0.924090 0.943772 0.944028 0.997741 0.981237 0.791017 0.889687 0.976891 0.876476 0.996661 0.975404 0.985491 0.915324 0.873782 0.872663 0.898748 0.923636 0.929546 0.880028 0.803826 0.745145 0.788512 0.781336 0.645567 0.743996 0.866953 0.912207 0.662398 0.711152 0.946246 0.882247 0.867177 0.838863 0.956878 0.961064 0.792283 0.971554 0.985422 0.889571 0.934623 0.834816 0.964691 0.879743 0.894531 0.955249 0.941820 0.859610 0.747901 0.841940 0.650473 0.809083 0.947608 0.993506 0.711419 0.928182 0.893355 0.998039 0.783016 0.834609 0.844922 0.952000 0.853345 0.811550 0.983573 0.964723 0.842306 0.877291 0.807764 0.935322 0.960640 0.983274 0.834413 0.935515
0.951260 0.859647 0.479596 0.590433 0.880018 0.992299 0.901892 0.959076 0.978405 0.726741 0.739307 0.729641 0.937066 0.970945 0.948511 0.835058 0.895902 0.821851 0.901973 0.838510 0.748060 0.932234 0.517103 0.564434 0.483549 0.503849 0.761910 0.764758 0.718089 0.854563 0.637587 0.820858 0.821541 0.966832 0.835004 0.941770 0.000000 0.665202 0.638821 0.539349 0.696707 0.914301 0.798340 0.876308 0.922237 0.869258 0.687733 0.879122 0.834934 0.936543 0.925408 0.919266 0.859397 0.781969 0.815888 0.887215 0.888716 0.964706 0.955186 0.960799 0.968661 0.966842 0.708899 0.701883 0.421989 0.640134 0.764755 0.764750 0.747010 0.921849 0.695339 0.742942 0.845514 0.863144 0.884094 0.938965 0.993743 0.715717 0.856893 0.726294 0.919325 0.867334 0.857190 0.953746 0.559169 0.535240 0.988472 0.912119 0.802306 0.762476 0.953465 0.986943 0.968293 0.969013 0.910607 0.890308 0.886912 0.835367 0.974240 0.985329 0.926551 0.920128 0.939754 0.891195 0.907420 0.826629 0.961993 0.936958 0.859183 0.972584 0.857104 0.924798 0.838884 0.949873 0.991231 0.863036
0.910598 0.798633 0.719943 0.636086 0.930136 0.993418 0.843276 0.897697 0.934539 0.867487 0.993912 0.997020 0.865109 0.928168 0.902374 0.980773 0.983152 0.956328 0.867441 0.818833 0.809805 0.950069 0.766475 0.680082 0.659651 0.641014 0.913393 0.890178 0.822097 0.984465 0.635507 0.642213 0.813003 0.794353 0.803080 0.890900 0.665202 0.000000 0.653272 0.715458 0.873708 0.777419 0.794044 0.803037 0.996281 0.971915 0.658657 0.862119 0.886180 0.990231 0.941759 0.932887 0.974403 0.997554 0.845122 0.983512 0.873642 0.937432 0.910966 0.959996 0.911267 0.864900 0.840304 0.878631 0.700333 0.641767 0.727588 0.708056 0.808789 0.914797 0.702338 0.690594 0.721190 0.702110 0.713904 0.975958 0.842523 0.683216 0.981168 0.851454 0.861797 0.943507 0.809222 0.961093 0.711729 0.581502 0.868335 0.799773 0.761060 0.787264 0.962679 0.977147 0.910577 0.971049 0.737132 0.840390 0.895826 0.908387 0.961907 0.969135 0.913891 0.883458 0.808089 0.882462 0.856533 0.802465 0.906697 0.932072 0.908260 0.992088 0.963389 0.890452 0.919114 0.922388 0.852768 0.954609
