0.000000 0.243725 0.630838 0.764526 0.887968 0.833457 0.490084 0.435072 0.959317 0.558265 0.263103 0.266424 0.403316 0.462123 0.467446 0.510399 0.266451 0.222946 0.317226 0.282227 0.907570 0.853834 0.377943 0.843966 0.965592 0.936546 0.974266 0.987938 0.244694 0.259333 0.412932 0.412092 0.334178 0.313371 0.868429 0.851174 0.541818 0.788201 0.842984 0.813414 0.691390 0.707886 0.555991 0.476850 0.521540 0.452854 0.494724 0.438214 0.525322 0.590002 0.649230 0.674572 0.703555 0.901824 0.697718 0.758756 0.312642 0.284814 0.419705 0.418126 0.342739 0.560322 0.234581 0.255500 0.947026 0.946369 0.679382 0.642209 0.346761 0.301732 0.464725 0.529810 0.505109 0.565760 0.699692 0.895465 0.453827 0.613525 0.451622 0.324565 0.231748 0.316493 0.596923 0.580667 0.737009 0.926948 0.834528 0.775695 0.849656 0.789151 0.897173 0.841762 0.866193 0.995374 0.613893 0.686179 0.545969 0.717161 0.498058 0.508877 0.794905 0.627524 0.491192 0.549164 0.542955 0.525954 0.808846 0.888326 0.974037 0.728123 0.750371 0.607273 0.553564 0.637861 0.752595 0.888923
0.243725 0.000000 0.764480 0.852907 0.958995 0.897427 0.552308 0.475940 0.955445 0.516521 0.337215 0.326920 0.583734 0.627363 0.590220 0.605656 0.185714 0.197515 0.366906 0.301209 0.964632 0.780584 0.440580 0.936993 0.914078 0.949260 0.861344 0.957882 0.267749 0.252888 0.474451 0.471261 0.375906 0.355860 0.901986 0.745772 0.646486 0.720589 0.947831 0.966198 0.838787 0.570607 0.505822 0.433499 0.470657 0.440341 0.543062 0.435830 0.470643 0.584127 0.622954 0.664211 0.689320 0.855464 0.851693 0.866235 0.180161 0.176409 0.451379 0.461178 0.475118 0.665254 0.223365 0.203018 0.905476 0.937579 0.684461 0.660273 0.410920 0.311441 0.393002 0.451915 0.504449 0.531673 0.715255 0.810407 0.458056 0.409265 0.454897 0.397043 0.215965 0.405007 0.568646 0.612642 0.882055 0.926213 0.697815 0.663982 0.972773 0.916776 0.823164 0.790085 0.794699 0.994427 0.594140 0.708794 0.555090 0.586289 0.459775 0.434446 0.747158 0.591059 0.387725 0.455059 0.516922 0.476019 0.725211 0.808723 0.957073 0.808805 0.654223 0.563491 0.570535 0.679611 0.736070 0.929751
0.630838 0.764480 0.000000 0.214027 0.958375 0.599404 0.260714 0.383102 0.651497 0.727211 0.655443 0.705458 0.560375 0.540205 0.636412 0.552162 0.819447 0.688841 0.562810 0.587787 0.645611 0.807260 0.374119 0.397488 0.601507 0.373756 0.873191 0.990402 0.837846 0.734107 0.409013 0.468915 0.409110 0.432498 0.564825 0.635650 0.613822 0.704507 0.513307 0.711469 0.916095 0.887731 0.387980 0.415889 0.475344 0.476033 0.402664 0.394495 0.802441 0.652170 0.606258 0.609614 0.619711 0.787627 0.642957 0.606614 0.875266 0.853809 0.612268 0.603484 0.469780 0.521052 0.767633 0.851742 0.431210 0.418737 0.286878 0.359800 0.814674 0.706796 0.513173 0.481620 0.656631 0.561437 0.759972 0.836003 0.535783 0.834645 0.653405 0.512930 0.741458 0.574466 0.835049 0.805885 0.626208 0.544520 0.845354 0.998482 0.814014 0.644627 0.577556 0.647941 0.523788 0.500910 0.665637 0.703350 0.399397 0.789901 0.569401 0.548443 0.579376 0.615538 0.703339 0.725489 0.475634 0.585928 0.731433 0.647944 0.939575 0.809458 0.844810 0.694916 0.605521 0.696932 0.694319 0.899148
0.764526 0.852907 0.214027 0.000000 0.956558 0.623863 0.343237 0.409591 0.698716 0.771509 0.732717 0.816125 0.677706 0.616184 0.729199 0.610038 0.899131 0.778766 0.623822 0.654949 0.669605 0.822093 0.465701 0.420544 0.621531 0.370401 0.781734 0.911114 0.889898 0.823831 0.521704 0.529370 0.508744 0.524649 0.546384 0.579780 0.626872 0.732776 0.561095 0.806999 0.988254 0.861980 0.473272 0.502837 0.562761 0.575611 0.466122 0.506340 0.825735 0.671146 0.671467 0.674056 0.683022 0.817228 0.706102 0.660305 0.927939 0.928839 0.651795 0.690160 0.651016 0.593680 0.888407 0.971572 0.464615 0.411228 0.322976 0.398243 0.854755 0.809567 0.536279 0.525769 0.741736 0.623303 0.871927 0.879668 0.570770 0.824858 0.733556 0.607573 0.839571 0.622809 0.922704 0.870544 0.681528 0.547074 0.881854 0.895221 0.809489 0.601759 0.544954 0.609463 0.492685 0.432021 0.777167 0.655150 0.482917 0.732697 0.634730 0.568788 0.566676 0.690890 0.765022 0.716805 0.532066 0.670769 0.773385 0.688895 0.933144 0.862970 0.840702 0.706694 0.624174 0.674945 0.764617 0.815094
0.887968 0.958995 0.958375 0.956558 0.000000 0.924247 0.988697 0.948219 0.907156 0.942030 0.960814 0.962992 0.927343 0.814083 0.850483 0.990379 0.919197 0.967263 0.952324 0.849932 0.923899 0.999917 0.989053 0.965736 0.982387 0.975563 0.858944 0.902644 0.968115 0.938082 0.900262 0.883606 0.971251 0.936795 0.959049 0.938791 0.759254 0.974369 0.902648 0.960323 0.890782 0.992979 0.911175 0.973226 0.902095 0.870955 0.941920 0.947042 0.862731 0.854970 0.873227 0.865128 0.870857 0.807805 0.964149 0.857524 0.910041 0.918210 0.942229 0.929077 0.937785 0.853310 0.904230 0.926739 0.911526 0.838841 0.892428 0.852725 0.932046 0.902333 0.872176 0.893623 0.985321 0.980370 0.909177 0.978214 0.973295 0.952856 0.925830 0.936307 0.891748 0.942350 0.827288 0.980375 0.901392 0.902523 0.873193 0.993493 0.975374 0.984913 0.875725 0.945451 0.857651 0.953641 0.998147 0.960141 0.999203 0.810856 0.971021 0.851296 0.917505 0.956495 0.938710 0.933267 0.907267 0.990833 0.844569 0.976059 0.699636 0.957612 0.937001 0.817838 0.808121 0.960014 0.894570 0.939882
0.833457 0.897427 0.599404 0.623863 0.924247 0.000000 0.581380 0.744733 0.757592 0.738281 0.853242 0.729975 0.580728 0.704549 0.646453 0.496654 0.947573 0.866447 0.683557 0.785047 0.817609 0.781754 0.615950 0.616350 0.884736 0.629521 0.819204 0.625500 0.894524 0.831217 0.692995 0.727810 0.657749 0.590071 0.834055 0.923398 0.936299 0.955432 0.750970 0.871027 0.891554 0.962429 0.647648 0.609826 0.813875 0.829703 0.826627 0.705467 0.909475 0.782241 0.820841 0.744463 0.806471 0.830221 0.913652 0.903254 0.968029 0.985339 0.847342 0.881379 0.815160 0.953024 0.885390 0.946796 0.830382 0.852293 0.746282 0.832897 0.948355 0.743186 0.790189 0.736127 0.829986 0.670847 0.770670 0.805918 0.743343 0.814242 0.775617 0.628673 0.858246 0.738077 0.947427 0.988059 0.810772 0.785582 0.829700 0.804843 0.988114 0.959661 0.689816 0.674842 0.738143 0.644381 0.797144 0.722508 0.707502 0.859608 0.768814 0.740459 0.939032 0.807202 0.827945 0.793345 0.728476 0.803011 0.913777 0.814388 0.951738 0.790457 0.952265 0.852222 0.738297 0.892320 0.841702 0.988465
0.490084 0.552308 0.260714 0.343237 0.988697 0.581380 0.000000 0.210892 0.538303 0.399389 0.527187 0.599829 0.482598 0.643019 0.635681 0.578809 0.609142 0.527240 0.379392 0.420746 0.776112 0.795661 0.270540 0.614703 0.918002 0.648193 0.955557 0.940494 0.643354 0.539005 0.313854 0.448303 0.276037 0.243232 0.647687 0.556762 0.632344 0.735241 0.747748 0.822908 0.909719 0.767054 0.210127 0.223047 0.252274 0.269121 0.374250 0.308122 0.494644 0.394116 0.389181 0.381366 0.420135 0.577580 0.749815 0.649815 0.625518 0.594149 0.350044 0.414870 0.389835 0.550038 0.509927 0.572809 0.735201 0.708877 0.293598 0.391253 0.782296 0.544559 0.317936 0.285715 0.663314 0.488072 0.787126 0.761322 0.357069 0.657937 0.468404 0.443594 0.578199 0.586905 0.886824 0.869628 0.859735 0.882503 0.961890 0.818984 0.852127 0.881882 0.368090 0.393520 0.397265 0.408601 0.633708 0.600184 0.315454 0.636622 0.272320 0.279216 0.440957 0.398751 0.428392 0.447678 0.363048 0.388734 0.509651 0.526257 0.817241 0.787625 0.665102 0.504352 0.410529 0.538235 0.604234 0.873900
0.435072 0.475940 0.383102 0.409591 0.948219 0.744733 0.210892 0.000000 0.550333 0.343640 0.403696 0.529226 0.524113 0.631047 0.703842 0.670592 0.511284 0.463770 0.383731 0.352613 0.931701 0.834889 0.361145 0.760404 0.913363 0.817833 0.923179 0.897353 0.517051 0.484770 0.422536 0.457218 0.331851 0.304683 0.765514 0.597836 0.643859 0.798031 0.885205 0.937913 0.836525 0.652085 0.340482 0.368343 0.322921 0.350543 0.485697 0.442802 0.446933 0.438373 0.480357 0.479059 0.523079 0.662907 0.839353 0.689232 0.527242 0.483928 0.331747 0.407097 0.428168 0.491949 0.441883 0.468652 0.886062 0.800060 0.405164 0.489781 0.690817 0.481254 0.320366 0.359464 0.698295 0.607340 0.801592 0.882133 0.374971 0.653435 0.507784 0.494931 0.518834 0.550471 0.889031 0.883816 0.954693 0.986033 0.949891 0.782205 0.802096 0.843121 0.384239 0.412951 0.410086 0.472122 0.623442 0.631156 0.346760 0.545882 0.259904 0.258131 0.395437 0.411748 0.380186 0.395242 0.381720 0.395010 0.532148 0.562549 0.841870 0.779772 0.613718 0.443514 0.347732 0.510295 0.622860 0.910408
0.959317 0.955445 0.651497 0.698716 0.907156 0.757592 0.538303 0.550333 0.000000 0.447221 0.840904 0.912851 0.729928 0.967521 0.984320 0.913937 0.981426 0.965541 0.858010 0.878948 0.982599 0.845646 0.793432 0.999683 0.798052 0.977381 0.829707 0.940964 0.978614 0.990850 0.739733 0.908550 0.821308 0.711323 0.994555 0.782031 0.913509 0.949533 0.976761 0.855666 0.852781 0.906442 0.604604 0.624988 0.617895 0.604091 0.820497 0.794064 0.611189 0.500899 0.496458 0.499332 0.465130 0.498630 0.924515 0.972945 0.920576 0.988620 0.538648 0.673829 0.732652 0.796635 0.868962 0.887513 0.931393 0.999823 0.764993 0.879297 0.901153 0.858397 0.723357 0.715615 0.914084 0.952678 0.963598 0.925202 0.734902 0.829634 0.820587 0.827101 0.921441 0.801795 0.726137 0.735287 0.693902 0.759882 0.931875 0.804102 0.863530 0.960680 0.512075 0.565282 0.638724 0.526033 0.806386 0.913205 0.700571 0.866989 0.558655 0.558298 0.707988 0.577563 0.630031 0.665556 0.761215 0.705901 0.645475 0.544481 0.941030 0.943736 0.804495 0.758825 0.632426 0.817787 0.634659 0.817966
0.558265 0.516521 0.727211 0.771509 0.942030 0.738281 0.399389 0.343640 0.447221 0.000000 0.512129 0.559266 0.497993 0.742443 0.698208 0.731690 0.574345 0.605330 0.434970 0.442549 0.946368 0.801520 0.497077 0.982197 0.582486 0.801593 0.775641 0.899194 0.540079 0.491332 0.568195 0.618576 0.488338 0.429229 0.884126 0.716956 0.849150 0.962745 0.931423 0.902397 0.938996 0.644355 0.450700 0.448992 0.449574 0.461755 0.669083 0.589030 0.329014 0.401472 0.476786 0.470523 0.515862 0.588939 0.965808 0.963159 0.611396 0.532704 0.364102 0.523039 0.620225 0.852302 0.455559 0.461586 0.658372 0.729248 0.801167 0.932699 0.738958 0.478801 0.474771 0.492916 0.809042 0.701695 0.791625 0.761666 0.472899 0.580744 0.476113 0.580991 0.593357 0.814991 0.904330 0.949630 0.700600 0.567925 0.749978 0.643143 0.930627 0.829473 0.474539 0.389591 0.599959 0.644750 0.738449 0.766013 0.504474 0.614661 0.283191 0.306734 0.568153 0.406597 0.339915 0.399758 0.662876 0.501697 0.555822 0.559237 0.858033 0.800795 0.731082 0.605471 0.436628 0.666073 0.727320 0.825880
0.263103 0.337215 0.655443 0.732717 0.960814 0.853242 0.527187 0.403696 0.840904 0.512129 0.000000 0.347934 0.410016 0.503523 0.583250 0.587079 0.391095 0.349082 0.361232 0.314407 0.994761 0.826429 0.495794 0.898016 0.946283 0.986619 0.952767 0.967441 0.356166 0.347372 0.502791 0.521747 0.417241 0.426426 0.961721 0.810754 0.641923 0.866344 0.930061 0.852792 0.717147 0.740374 0.640548 0.574550 0.567970 0.505328 0.625181 0.598809 0.525228 0.622169 0.696565 0.703070 0.718966 0.887542 0.767699 0.750090 0.449600 0.387021 0.448328 0.493398 0.441863 0.611753 0.325714 0.357401 0.977814 0.993340 0.735381 0.726461 0.400635 0.388120 0.493433 0.500135 0.599883 0.662058 0.699378 0.963919 0.444639 0.623852 0.530707 0.408877 0.358991 0.410475 0.760056 0.710405 0.889027 0.943495 0.921345 0.704047 0.810980 0.855134 0.808010 0.799476 0.799170 0.939583 0.730478 0.761028 0.600383 0.767392 0.515394 0.501927 0.770459 0.595673 0.465891 0.551754 0.586105 0.588869 0.834092 0.865906 0.946227 0.789360 0.738949 0.678928 0.556882 0.616262 0.764205 0.996954
0.266424 0.326920 0.705458 0.816125 0.962992 0.729975 0.599829 0.529226 0.912851 0.559266 0.347934 0.000000 0.316422 0.412719 0.412211 0.334246 0.326551 0.299429 0.405981 0.391896 0.926017 0.830220 0.378973 0.754245 0.994987 0.933403 0.989197 0.923423 0.297053 0.284045 0.528890 0.469086 0.418267 0.401442 0.998208 0.977109 0.712826 0.945811 0.893314 0.900224 0.843292 0.764608 0.623219 0.533327 0.669936 0.555622 0.651173 0.505761 0.615469 0.592906 0.661548 0.643817 0.699687 0.761755 0.837318 0.909418 0.455143 0.376947 0.533683 0.534094 0.365362 0.568062 0.254613 0.292320 0.982751 0.947108 0.825103 0.779119 0.486499 0.373921 0.576507 0.572288 0.466346 0.476572 0.600592 0.779930 0.550134 0.547690 0.500022 0.369312 0.316837 0.382237 0.654572 0.640253 0.736380 0.905627 0.793537 0.900299 0.890363 0.829536 0.902880 0.892884 0.930715 0.893810 0.623563 0.764940 0.625390 0.745119 0.607834 0.555585 0.866674 0.659285 0.579508 0.692568 0.553178 0.545361 0.851152 0.932822 0.917628 0.691546 0.851113 0.671103 0.598300 0.745504 0.716148 0.984177
0.403316 0.583734 0.560375 0.677706 0.927343 0.580728 0.482598 0.524113 0.729928 0.497993 0.410016 0.316422 0.000000 0.385902 0.419171 0.333251 0.621475 0.563467 0.429066 0.522127 0.833671 0.894144 0.382259 0.621349 0.980751 0.836590 0.896945 0.956606 0.494049 0.437637 0.547221 0.534001 0.479972 0.446756 0.971069 0.954965 0.723957 0.976834 0.773231 0.766287 0.865076 0.930668 0.608651 0.537071 0.700997 0.562490 0.603428 0.540658 0.634354 0.532141 0.620758 0.583511 0.639993 0.709507 0.767727 0.757722 0.770286 0.636109 0.516546 0.567860 0.367933 0.639642 0.434606 0.523504 0.898694 0.916602 0.832732 0.832107 0.576402 0.500070 0.645470 0.619540 0.577389 0.604246 0.759972 0.795853 0.573412 0.714127 0.536949 0.404332 0.554195 0.496155 0.842178 0.766626 0.773398 0.885225 0.893591 0.984217 0.701761 0.887246 0.846990 0.792812 0.942999 0.905295 0.730691 0.814578 0.613690 0.833533 0.620219 0.601973 0.838823 0.636009 0.635526 0.728361 0.679143 0.654263 0.909715 0.924968 0.913641 0.649732 0.957205 0.799905 0.625450 0.744149 0.762718 0.931290
0.462123 0.627363 0.540205 0.616184 0.814083 0.704549 0.643019 0.631047 0.967521 0.742443 0.503523 0.412719 0.385902 0.000000 0.339632 0.338464 0.672169 0.553205 0.434265 0.433392 0.756879 0.755976 0.445038 0.504817 0.831105 0.751756 0.930068 0.860588 0.485839 0.455696 0.563789 0.438362 0.533918 0.518411 0.977401 0.990678 0.772813 0.961334 0.658449 0.805657 0.861229 0.819957 0.753280 0.725622 0.920885 0.823661 0.627603 0.690699 0.939976 0.936902 0.990831 0.948690 0.941051 0.920805 0.732373 0.877255 0.774369 0.768673 0.793917 0.883881 0.590454 0.755386 0.655766 0.686605 0.787772 0.797031 0.868172 0.871118 0.511836 0.558985 0.770700 0.793714 0.521020 0.660608 0.740317 0.797901 0.671908 0.732673 0.711169 0.478885 0.587628 0.395566 0.696846 0.606416 0.640846 0.698489 0.930076 0.929141 0.845995 0.748465 0.997266 0.939613 0.990749 0.974862 0.718548 0.777350 0.711136 0.764265 0.820410 0.785699 0.854237 0.787300 0.771625 0.814709 0.806072 0.793425 0.951975 0.949636 0.839302 0.705744 0.998612 0.863317 0.796373 0.825259 0.877043 0.971368
0.467446 0.590220 0.636412 0.729199 0.850483 0.646453 0.635681 0.703842 0.984320 0.698208 0.583250 0.412211 0.419171 0.339632 0.000000 0.359948 0.565395 0.481213 0.427961 0.436438 0.807347 0.756078 0.430021 0.572192 0.864498 0.791191 0.971155 0.806700 0.511929 0.387418 0.467732 0.403903 0.505082 0.481408 0.983068 0.986165 0.806077 0.948198 0.727275 0.837088 0.849491 0.923273 0.674430 0.615507 0.842278 0.762885 0.672161 0.605470 0.876919 0.820169 0.904256 0.846540 0.888497 0.971128 0.902357 0.971958 0.725097 0.692252 0.717905 0.810093 0.612054 0.899816 0.599001 0.626484 0.946916 0.955440 0.861247 0.879992 0.488891 0.582212 0.705584 0.696057 0.481113 0.557867 0.715590 0.763649 0.673978 0.621724 0.483142 0.508225 0.553339 0.491825 0.722704 0.633052 0.806026 0.815268 0.882361 0.963708 0.948495 0.956206 0.999499 0.958729 0.927092 0.935554 0.702656 0.795892 0.661772 0.759614 0.748292 0.717840 0.911775 0.818201 0.735271 0.768978 0.798790 0.794589 0.904617 0.938756 0.914813 0.683931 0.990512 0.868814 0.805865 0.832141 0.900465 0.951768
0.510399 0.605656 0.552162 0.610038 0.990379 0.496654 0.578809 0.670592 0.913937 0.731690 0.587079 0.334246 0.333251 0.338464 0.359948 0.000000 0.608559 0.543060 0.439665 0.520699 0.736330 0.746188 0.360179 0.417605 0.737187 0.686220 0.879031 0.753948 0.555130 0.466135 0.552161 0.451395 0.474118 0.432070 0.945458 0.969494 0.764500 0.959914 0.727153 0.816085 0.956903 0.943785 0.598830 0.527827 0.813420 0.682100 0.623826 0.538235 0.867314 0.683620 0.758917 0.694100 0.766095 0.794904 0.731150 0.921402 0.771353 0.704164 0.678077 0.754682 0.510969 0.704195 0.565260 0.635351 0.736850 0.740554 0.777707 0.769171 0.642540 0.544744 0.684732 0.653508 0.515801 0.495631 0.696773 0.711894 0.673285 0.680039 0.586359 0.439948 0.590904 0.466896 0.770146 0.672842 0.618196 0.638322 0.785045 0.908653 0.907453 0.805559 0.926416 0.876214 0.975763 0.997198 0.736982 0.711548 0.666308 0.770675 0.745517 0.678379 0.938504 0.748441 0.759888 0.825756 0.647241 0.663928 0.949614 0.979313 0.855091 0.638479 0.991569 0.790470 0.708326 0.825788 0.837163 0.913172
0.266451 0.185714 0.819447 0.899131 0.919197 0.947573 0.609142 0.511284 0.981426 0.574345 0.391095 0.326551 0.621475 0.672169 0.565395 0.608559 0.000000 0.187777 0.395257 0.332548 0.963361 0.795359 0.472961 0.949171 0.974941 0.938463 0.915843 0.944214 0.298952 0.274248 0.494846 0.475273 0.399655 0.390638 0.948933 0.801868 0.706430 0.767595 0.979647 0.998411 0.798727 0.621967 0.544330 0.502072 0.509450 0.476552 0.560998 0.458232 0.477421 0.603251 0.665044 0.700534 0.760026 0.903738 0.881113 0.915418 0.210866 0.204654 0.451554 0.499248 0.512917 0.687828 0.233359 0.235093 0.915348 0.945612 0.722110 0.710713 0.426807 0.330893 0.470042 0.514549 0.527952 0.563008 0.653185 0.877787 0.493103 0.520723 0.433465 0.466170 0.209386 0.413377 0.528994 0.614567 0.837226 0.947649 0.753130 0.682488 0.966212 0.932808 0.892069 0.861020 0.880917 0.922681 0.675665 0.757688 0.613787 0.644238 0.538571 0.481797 0.790072 0.678855 0.468336 0.526127 0.534424 0.486165 0.794562 0.886988 0.933837 0.818684 0.739311 0.590341 0.596470 0.664694 0.725971 0.941887
0.222946 0.197515 0.688841 0.778766 0.967263 0.866447 0.527240 0.463770 0.965541 0.605330 0.349082 0.299429 0.563467 0.553205 0.481213 0.543060 0.187777 0.000000 0.327817 0.243920 0.901101 0.758702 0.380132 0.815296 0.950386 0.933036 0.932898 0.953933 0.259010 0.227299 0.436630 0.415784 0.353791 0.309226 0.828900 0.841030 0.629116 0.737291 0.870088 0.948261 0.694469 0.660884 0.509326 0.446516 0.505898 0.482017 0.571576 0.414653 0.557164 0.625038 0.699255 0.720079 0.753317 0.893494 0.827629 0.869582 0.210659 0.219541 0.488751 0.502364 0.464777 0.664467 0.247748 0.244256 0.994437 0.971981 0.650481 0.612437 0.425517 0.367872 0.419361 0.465048 0.486821 0.487451 0.729847 0.763731 0.470480 0.481132 0.455460 0.370677 0.209414 0.314992 0.533114 0.565963 0.755526 0.935279 0.814883 0.768151 0.972343 0.858564 0.812862 0.797755 0.773936 0.984225 0.591371 0.759357 0.590604 0.619704 0.505050 0.472557 0.777439 0.631761 0.459548 0.521431 0.490324 0.480581 0.750897 0.900198 0.990294 0.771227 0.750001 0.545703 0.581972 0.603292 0.773834 0.893161
0.317226 0.366906 0.562810 0.623822 0.952324 0.683557 0.379392 0.383731 0.858010 0.434970 0.361232 0.405981 0.429066 0.434265 0.427961 0.439665 0.395257 0.327817 0.000000 0.227925 0.819861 0.686551 0.328707 0.717866 0.973447 0.918445 0.932404 0.936503 0.309916 0.279870 0.358182 0.339139 0.289604 0.253344 0.948187 0.724222 0.651739 0.811389 0.818828 0.969963 0.873733 0.657336 0.433652 0.405346 0.499424 0.476344 0.487861 0.428942 0.517238 0.559278 0.671731 0.658723 0.736972 0.869502 0.917439 0.858404 0.434950 0.432232 0.416231 0.544677 0.548295 0.844623 0.370765 0.435550 0.948810 0.949816 0.659240 0.766702 0.485128 0.355697 0.432193 0.458456 0.550961 0.526024 0.719467 0.788895 0.442100 0.516245 0.466653 0.405526 0.426069 0.451361 0.815952 0.796094 0.941440 0.965539 0.794996 0.795581 0.921557 0.998104 0.708414 0.616410 0.757289 0.818597 0.782102 0.617532 0.529822 0.579782 0.420419 0.388817 0.656691 0.514425 0.412703 0.439594 0.577820 0.550981 0.770871 0.780434 0.959941 0.758534 0.750818 0.604166 0.479993 0.571811 0.816077 0.994090
0.282227 0.301209 0.587787 0.654949 0.849932 0.785047 0.420746 0.352613 0.878948 0.442549 0.314407 0.391896 0.522127 0.433392 0.436438 0.520699 0.332548 0.243920 0.227925 0.000000 0.895759 0.690371 0.358927 0.773111 0.953430 0.941804 0.817156 0.930378 0.297505 0.227854 0.369247 0.322959 0.304975 0.261490 0.899794 0.753669 0.618901 0.749727 0.816729 0.963890 0.737608 0.630163 0.450965 0.416980 0.505173 0.516602 0.539241 0.456596 0.565381 0.646280 0.739063 0.734397 0.764684 0.926897 0.883063 0.917207 0.348577 0.353851 0.456515 0.576375 0.555696 0.777520 0.367175 0.359797 0.926266 0.956607 0.662482 0.700089 0.464177 0.358968 0.420229 0.460572 0.543654 0.546516 0.718582 0.767197 0.400127 0.512005 0.435452 0.422037 0.356180 0.389099 0.768408 0.739759 0.946252 0.944333 0.745101 0.723218 0.976355 0.910408 0.709414 0.613883 0.718640 0.832666 0.643625 0.705231 0.505648 0.545381 0.414455 0.392117 0.642809 0.526411 0.360110 0.413635 0.534659 0.502323 0.734695 0.779184 0.993646 0.762526 0.682097 0.567842 0.516330 0.533989 0.759401 0.989293
0.907570 0.964632 0.645611 0.669605 0.923899 0.817609 0.776112 0.931701 0.982599 0.946368 0.994761 0.926017 0.833671 0.756879 0.807347 0.736330 0.963361 0.901101 0.819861 0.895759 0.000000 0.874441 0.702582 0.600748 0.575168 0.629315 0.814216 0.869335 0.942780 0.926511 0.761322 0.726514 0.822719 0.783616 0.772746 0.877117 0.767273 0.881505 0.528414 0.825498 0.886946 0.951950 0.806248 0.819273 0.894973 0.867848 0.635205 0.710758 0.926329 0.977217 0.990616 0.969758 0.997734 0.872567 0.869061 0.856417 0.906150 0.985738 0.939376 0.961270 0.841491 0.923210 0.934029 0.957987 0.630464 0.713221 0.721148 0.760065 0.946841 0.896668 0.963784 0.940129 0.794350 0.828735 0.847446 0.832954 0.955698 0.999827 0.937595 0.856902 0.948025 0.789923 0.827075 0.716785 0.706735 0.641804 0.938656 0.899982 0.948265 0.848627 0.924928 0.923742 0.971197 0.989250 0.975787 0.742648 0.834969 0.899279 0.929553 0.922438 0.922060 0.933150 0.919560 0.951251 0.973273 0.977540 0.888402 0.943137 0.993978 0.887800 0.899967 0.895817 0.949073 0.972002 0.898978 0.928232
0.853834 0.780584 0.807260 0.822093 0.999917 0.781754 0.795661 0.834889 0.845646 0.801520 0.826429 0.830220 0.894144 0.755976 0.756078 0.746188 0.795359 0.758702 0.686551 0.690371 0.874441 0.000000 0.773573 0.883202 0.921598 0.917456 0.819229 0.805175 0.811788 0.745833 0.708099 0.700782 0.719457 0.732109 0.829580 0.796856 0.844832 0.642192 0.927031 0.989892 0.888616 0.843256 0.735181 0.753642 0.808572 0.846054 0.917910 0.806518 0.924320 0.877041 0.933510 0.889875 0.877247 0.916063 0.964142 0.965217 0.858139 0.872694 0.846310 0.978181 0.988733 0.891986 0.852387 0.888637 0.962065 0.977799 0.866621 0.917249 0.860052 0.779611 0.757700 0.769411 0.757087 0.745683 0.934312 0.856934 0.864207 0.769426 0.889542 0.774873 0.839749 0.876200 0.967478 0.928285 0.920634 0.964494 0.897067 0.822082 0.903391 0.873834 0.800054 0.851175 0.850313 0.873136 0.874023 0.854579 0.916366 0.732556 0.788513 0.782266 0.902561 0.776416 0.700535 0.624894 0.810925 0.872963 0.992686 0.887521 0.915104 0.854449 0.897523 0.875358 0.851370 0.829441 0.993367 0.884731
0.377943 0.440580 0.374119 0.465701 0.989053 0.615950 0.270540 0.361145 0.793432 0.497077 0.495794 0.378973 0.382259 0.445038 0.430021 0.360179 0.472961 0.380132 0.328707 0.358927 0.702582 0.773573 0.000000 0.489491 0.832646 0.641850 0.984826 0.944434 0.485781 0.349715 0.277964 0.291003 0.228592 0.221200 0.751197 0.735171 0.613178 0.801350 0.695654 0.873913 0.884917 0.739567 0.310646 0.286463 0.413618 0.370599 0.394254 0.323476 0.575892 0.511792 0.522342 0.501199 0.565586 0.692394 0.711027 0.765341 0.523826 0.494805 0.466026 0.512949 0.366763 0.628379 0.386777 0.445449 0.774565 0.788387 0.467517 0.503725 0.650071 0.448265 0.397741 0.367499 0.480311 0.336499 0.713395 0.716131 0.393317 0.583710 0.410865 0.392297 0.426637 0.428366 0.670165 0.688260 0.707749 0.794165 0.895762 0.913097 0.944393 0.886188 0.627868 0.624065 0.654798 0.776594 0.631104 0.629376 0.420032 0.648881 0.432484 0.411425 0.687096 0.558472 0.481287 0.547951 0.428998 0.430197 0.607078 0.779424 0.939644 0.671378 0.713735 0.577271 0.484412 0.655531 0.683274 0.929838
0.843966 0.936993 0.397488 0.420544 0.965736 0.616350 0.614703 0.760404 0.999683 0.982197 0.898016 0.754245 0.621349 0.504817 0.572192 0.417605 0.949171 0.815296 0.717866 0.773111 0.600748 0.883202 0.489491 0.000000 0.519304 0.420148 0.799634 0.894525 0.972311 0.779615 0.638762 0.553433 0.623726 0.653475 0.747129 0.898455 0.794552 0.941997 0.488000 0.791576 0.940249 0.925368 0.701941 0.705921 0.904073 0.865204 0.651905 0.642059 0.869270 0.974947 0.978801 0.948230 0.985804 0.977903 0.788229 0.798844 0.958532 0.944322 0.991251 0.991156 0.725774 0.782145 0.981139 0.957984 0.455888 0.465550 0.624146 0.623101 0.936126 0.906655 0.802386 0.753559 0.673651 0.605660 0.895086 0.794817 0.784807 0.931719 0.813055 0.686044 0.889572 0.600756 0.763225 0.635591 0.520443 0.424429 0.863919 0.696820 0.855904 0.736601 0.855914 0.895176 0.851770 0.840185 0.789994 0.855127 0.709611 0.816174 0.941545 0.863963 0.846990 0.948597 0.999014 0.925896 0.799198 0.828024 0.981736 0.995668 0.990860 0.819911 0.947966 0.939732 0.892835 0.932795 0.961994 0.932466
0.965592 0.914078 0.601507 0.621531 0.982387 0.884736 0.918002 0.913363 0.798052 0.582486 0.946283 0.994987 0.980751 0.831105 0.864498 0.737187 0.974941 0.950386 0.973447 0.953430 0.575168 0.921598 0.832646 0.519304 0.000000 0.339519 0.624142 0.818374 0.878837 0.938182 0.762130 0.757678 0.833699 0.928043 0.539131 0.879030 0.820299 0.747043 0.480006 0.719652 0.963714 0.893179 0.928988 0.902943 0.970077 0.937851 0.738292 0.742920 0.728675 0.873824 0.952339 0.913512 0.907066 0.805457 0.718123 0.860107 0.920480 0.865929 0.895479 0.996201 0.859539 0.792116 0.915528 0.806079 0.328780 0.394974 0.622634 0.599817 0.906597 0.945271 0.942139 0.997123 0.710785 0.761311 0.862835 0.891432 0.977587 0.911214 0.959233 0.845720 0.982135 0.744162 0.641373 0.733668 0.416625 0.310560 0.762886 0.715129 0.970805 0.599658 0.754595 0.631609 0.872937 0.900148 0.908110 0.941108 0.910285 0.819514 0.743307 0.817392 0.897498 0.851915 0.727754 0.726005 0.904574 0.954899 0.841485 0.833521 0.884112 0.956273 0.952173 0.813889 0.822844 0.987666 0.963288 0.927027
0.936546 0.949260 0.373756 0.370401 0.975563 0.629521 0.648193 0.817833 0.977381 0.801593 0.986619 0.933403 0.836590 0.751756 0.791191 0.686220 0.938463 0.933036 0.918445 0.941804 0.629315 0.917456 0.641850 0.420148 0.339519 0.000000 0.644538 0.839842 0.891618 0.973116 0.645415 0.654209 0.706379 0.754786 0.479812 0.793817 0.794701 0.776730 0.435602 0.633223 0.944005 0.964946 0.697290 0.694415 0.817066 0.821302 0.630320 0.649768 0.864471 0.941173 0.865185 0.876039 0.874680 0.974351 0.644003 0.676021 0.901884 0.860549 0.964000 0.904926 0.756365 0.714662 0.937049 0.830265 0.278115 0.296981 0.424924 0.441757 0.987818 0.975104 0.837117 0.733200 0.701822 0.633628 0.897377 0.958101 0.888654 0.996404 0.933516 0.742723 0.934239 0.653575 0.749091 0.805886 0.447328 0.290208 0.790594 0.657690 0.900665 0.549619 0.874669 0.996436 0.788471 0.694267 0.853036 0.870415 0.724876 0.994558 0.980018 0.939655 0.881150 0.912843 0.895846 0.931708 0.645554 0.882666 0.949471 0.991064 0.916614 0.901034 0.995382 0.989777 0.916507 0.924707 0.899338 0.927261
0.974266 0.861344 0.873191 0.781734 0.858944 0.819204 0.955557 0.923179 0.829707 0.775641 0.952767 0.989197 0.896945 0.930068 0.971155 0.879031 0.915843 0.932898 0.932404 0.817156 0.814216 0.819229 0.984826 0.799634 0.624142 0.644538 0.000000 0.754624 0.939667 0.820248 0.879663 0.961715 0.974256 0.900067 0.897438 0.874949 0.871645 0.920933 0.821156 0.876277 0.980011 0.892604 0.886725 0.886497 0.875852 0.945650 0.939969 0.986955 0.970293 0.954059 0.945486 0.926678 0.893057 0.838486 0.783689 0.763529 0.843365 0.838266 0.945911 0.997932 0.994340 0.920698 0.913097 0.816566 0.604310 0.664829 0.913941 0.937258 0.976510 0.968938 0.834669 0.848663 0.948410 0.947129 0.876079 0.903345 0.938656 0.836698 0.933190 0.941455 0.987101 0.779562 0.809605 0.872944 0.486312 0.548317 0.846849 0.611349 0.897477 0.641793 0.838611 0.869869 0.954432 0.961688 0.802237 0.974059 0.854505 0.713804 0.756256 0.827033 0.847842 0.834164 0.668324 0.745515 0.964032 0.833014 0.819437 0.710064 0.825149 0.940100 0.706392 0.866708 0.847542 0.867824 0.927362 0.920722
0.987938 0.957882 0.990402 0.911114 0.902644 0.625500 0.940494 0.897353 0.940964 0.899194 0.967441 0.923423 0.956606 0.860588 0.806700 0.753948 0.944214 0.953933 0.936503 0.930378 0.869335 0.805175 0.944434 0.894525 0.818374 0.839842 0.754624 0.000000 0.971002 0.935356 0.959374 0.869194 0.955689 0.922336 0.846306 0.953141 0.989695 0.977713 0.859541 0.929116 0.976749 0.945580 0.987309 0.975748 0.887443 0.942057 0.967691 0.987095 0.934778 0.954731 0.926951 0.961333 0.936794 0.934083 0.946988 0.880362 0.985325 0.983729 0.975722 0.913499 0.896180 0.846597 0.988733 0.960212 0.972469 0.970154 0.981600 0.950430 0.909777 0.913763 0.991798 0.821852 0.971359 0.918634 0.875749 0.997940 0.965256 0.923143 0.974706 0.906558 0.964430 0.889535 0.918974 0.965104 0.886767 0.854041 0.740145 0.891481 0.743619 0.892291 0.868155 0.912350 0.845634 0.935002 0.820510 0.866313 0.915852 0.988360 0.899230 0.941612 0.782601 0.816782 0.909076 0.983829 0.972766 0.946710 0.783203 0.825613 0.835800 0.878505 0.950229 0.951069 0.939205 0.932995 0.948771 0.987462
0.244694 0.267749 0.837846 0.889898 0.968115 0.894524 0.643354 0.517051 0.978614 0.540079 0.356166 0.297053 0.494049 0.485839 0.511929 0.555130 0.298952 0.259010 0.309916 0.297505 0.942780 0.811788 0.485781 0.972311 0.878837 0.891618 0.939667 0.971002 0.000000 0.214635 0.526632 0.466985 0.462624 0.396136 0.987979 0.930244 0.627988 0.832204 0.973324 0.964328 0.745682 0.625186 0.641372 0.577932 0.663868 0.606204 0.699688 0.565470 0.560197 0.653038 0.758537 0.758850 0.807043 0.893694 0.866389 0.876443 0.322399 0.313549 0.534203 0.559773 0.541235 0.763393 0.288348 0.273036 0.798143 0.840038 0.872066 0.873131 0.382879 0.319630 0.520102 0.615096 0.505283 0.582187 0.724136 0.823810 0.518816 0.466695 0.577461 0.446535 0.287629 0.407643 0.673884 0.693233 0.931174 0.897989 0.712301 0.771998 0.974628 0.929585 0.915788 0.803567 0.943276 0.940010 0.683478 0.729896 0.648977 0.666174 0.548594 0.549452 0.812183 0.590673 0.480531 0.532146 0.647490 0.599569 0.872079 0.912400 0.994440 0.684303 0.739519 0.584037 0.577378 0.615707 0.859956 0.876238
0.259333 0.252888 0.734107 0.823831 0.938082 0.831217 0.539005 0.484770 0.990850 0.491332 0.347372 0.284045 0.437637 0.455696 0.387418 0.466135 0.274248 0.227299 0.279870 0.227854 0.926511 0.745833 0.349715 0.779615 0.938182 0.973116 0.820248 0.935356 0.214635 0.000000 0.386512 0.354985 0.335555 0.302161 0.943006 0.862637 0.627605 0.782675 0.829813 0.996370 0.780984 0.656893 0.505518 0.447845 0.575359 0.535689 0.611696 0.477353 0.575115 0.611068 0.711151 0.690214 0.753660 0.852585 0.876570 0.903809 0.330475 0.296220 0.528618 0.555782 0.490939 0.774293 0.277034 0.261498 0.844356 0.882043 0.782574 0.775281 0.378103 0.314787 0.452377 0.510514 0.416133 0.420226 0.748296 0.746928 0.465981 0.440682 0.433709 0.407578 0.286933 0.381176 0.651030 0.646657 0.945161 0.913356 0.744236 0.723541 0.995688 0.993018 0.840551 0.760248 0.899248 0.946703 0.610543 0.724868 0.548491 0.571793 0.486400 0.459678 0.732608 0.572888 0.425913 0.512196 0.632766 0.497387 0.783844 0.833400 0.935938 0.698143 0.722064 0.550284 0.545944 0.582686 0.827361 0.974121
0.412932 0.474451 0.409013 0.521704 0.900262 0.692995 0.313854 0.422536 0.739733 0.568195 0.502791 0.528890 0.547221 0.563789 0.467732 0.552161 0.494846 0.436630 0.358182 0.369247 0.761322 0.708099 0.277964 0.638762 0.762130 0.645415 0.879663 0.959374 0.526632 0.386512 0.000000 0.276261 0.242122 0.258323 0.652236 0.657627 0.573842 0.671044 0.618080 0.795281 0.869686 0.739367 0.299228 0.272897 0.342564 0.350600 0.384339 0.348128 0.568327 0.555225 0.523263 0.530643 0.560064 0.759437 0.787223 0.793959 0.557545 0.557262 0.465267 0.530044 0.458236 0.719162 0.463078 0.506812 0.846676 0.858251 0.440342 0.521144 0.643584 0.468323 0.393122 0.375926 0.419695 0.354515 0.674329 0.824036 0.418413 0.598622 0.456207 0.396653 0.508054 0.564808 0.660774 0.761985 0.898923 0.917743 0.980389 0.778621 0.961798 0.915861 0.685545 0.735016 0.760958 0.805879 0.661633 0.681217 0.413199 0.666149 0.421845 0.453410 0.676403 0.525869 0.479560 0.487791 0.485596 0.502760 0.616867 0.666094 0.888397 0.796292 0.584157 0.611108 0.482277 0.594532 0.589302 0.928261
0.412092 0.471261 0.468915 0.529370 0.883606 0.727810 0.448303 0.457218 0.908550 0.618576 0.521747 0.469086 0.534001 0.438362 0.403903 0.451395 0.475273 0.415784 0.339139 0.322959 0.726514 0.700782 0.291003 0.553433 0.757678 0.654209 0.961715 0.869194 0.466985 0.354985 0.276261 0.000000 0.298098 0.337616 0.726465 0.736313 0.571886 0.796136 0.640898 0.890691 0.917018 0.663029 0.450671 0.446737 0.552524 0.585814 0.487924 0.475686 0.720379 0.776891 0.787268 0.793909 0.846863 0.994847 0.806159 0.885543 0.545120 0.560866 0.615077 0.713152 0.567598 0.796388 0.505325 0.558644 0.852584 0.859130 0.590715 0.664102 0.585440 0.462742 0.529723 0.515304 0.447402 0.437312 0.666277 0.867864 0.534790 0.626161 0.508201 0.493612 0.481553 0.467051 0.673684 0.716776 0.830334 0.839328 0.879585 0.920172 0.956627 0.880394 0.824151 0.819450 0.845849 0.892298 0.725811 0.701336 0.477344 0.645789 0.558126 0.562822 0.730655 0.629140 0.545971 0.545094 0.576527 0.597544 0.807247 0.813446 0.965861 0.693124 0.755488 0.648985 0.582638 0.658145 0.719644 0.895932
0.334178 0.375906 0.409110 0.508744 0.971251 0.657749 0.276037 0.331851 0.821308 0.488338 0.417241 0.418267 0.479972 0.533918 0.505082 0.474118 0.399655 0.353791 0.289604 0.304975 0.822719 0.719457 0.228592 0.623726 0.833699 0.706379 0.974256 0.955689 0.462624 0.335555 0.242122 0.298098 0.000000 0.210667 0.710635 0.621941 0.597044 0.660899 0.736965 0.902146 0.921131 0.691940 0.278190 0.261224 0.307264 0.312936 0.346425 0.333075 0.496260 0.490463 0.488204 0.484388 0.549100 0.726860 0.722448 0.702694 0.455141 0.436502 0.417815 0.461773 0.388602 0.600688 0.351639 0.421977 0.807524 0.807239 0.411279 0.479972 0.591104 0.391534 0.339270 0.353294 0.449282 0.343085 0.731016 0.781555 0.392809 0.583174 0.422374 0.381250 0.386302 0.435170 0.680385 0.780372 0.769180 0.871651 0.873215 0.767731 0.972671 0.889492 0.605619 0.617195 0.616883 0.757502 0.669920 0.631839 0.388636 0.585704 0.354652 0.373784 0.572317 0.483190 0.448444 0.471416 0.371727 0.389619 0.621638 0.659378 0.955220 0.716177 0.608446 0.567732 0.420737 0.613441 0.617700 0.875671
0.313371 0.355860 0.432498 0.524649 0.936795 0.590071 0.243232 0.304683 0.711323 0.429229 0.426426 0.401442 0.446756 0.518411 0.481408 0.432070 0.390638 0.309226 0.253344 0.261490 0.783616 0.732109 0.221200 0.653475 0.928043 0.754786 0.900067 0.922336 0.396136 0.302161 0.258323 0.337616 0.210667 0.000000 0.729779 0.697939 0.562014 0.721820 0.749161 0.904354 0.825585 0.714125 0.279147 0.231016 0.342724 0.328622 0.413188 0.327183 0.485337 0.443851 0.487024 0.489501 0.542729 0.700800 0.765559 0.756906 0.423417 0.413088 0.362875 0.457422 0.405995 0.660577 0.335825 0.385898 0.896465 0.889817 0.457948 0.510702 0.596456 0.358945 0.338290 0.356909 0.536518 0.408769 0.767865 0.725145 0.377243 0.525598 0.392240 0.349593 0.380705 0.436174 0.719693 0.725801 0.839509 0.921199 0.773347 0.755462 0.964629 0.948791 0.585685 0.537610 0.623376 0.710054 0.558445 0.602433 0.423947 0.564800 0.335548 0.330186 0.643278 0.456471 0.384355 0.424436 0.392024 0.369985 0.633490 0.641062 0.911181 0.696574 0.640262 0.500651 0.415935 0.552032 0.655067 0.981776
0.868429 0.901986 0.564825 0.546384 0.959049 0.834055 0.647687 0.765514 0.994555 0.884126 0.961721 0.998208 0.971069 0.977401 0.983068 0.945458 0.948933 0.828900 0.948187 0.899794 0.772746 0.829580 0.751197 0.747129 0.539131 0.479812 0.897438 0.846306 0.987979 0.943006 0.652236 0.726465 0.710635 0.729779 0.000000 0.670199 0.662012 0.659042 0.629713 0.836140 0.917462 0.958199 0.642518 0.663033 0.603989 0.684281 0.704023 0.627228 0.993934 0.847312 0.783778 0.797957 0.834134 0.904284 0.736148 0.762471 0.852424 0.872512 0.871993 0.756302 0.749243 0.649183 0.899356 0.931448 0.552397 0.539422 0.422060 0.364377 0.985481 0.992809 0.691871 0.671278 0.821683 0.684694 0.950721 0.974478 0.805910 0.886122 0.883279 0.827863 0.849580 0.776136 0.827134 0.848746 0.712596 0.629923 0.800007 0.960733 0.956408 0.698196 0.748655 0.965732 0.709690 0.681635 0.773068 0.843267 0.688177 0.914561 0.798488 0.808580 0.779546 0.893622 0.946274 0.855175 0.583397 0.713645 0.823656 0.833547 0.851728 0.966288 0.697650 0.762352 0.880347 0.829810 0.870154 0.851408
0.851174 0.745772 0.635650 0.579780 0.938791 0.923398 0.556762 0.597836 0.782031 0.716956 0.810754 0.977109 0.954965 0.990678 0.986165 0.969494 0.801868 0.841030 0.724222 0.753669 0.877117 0.796856 0.735171 0.898455 0.879030 0.793817 0.874949 0.953141 0.930244 0.862637 0.657627 0.736313 0.621941 0.697939 0.670199 0.000000 0.727282 0.542317 0.873959 0.909452 0.934660 0.864207 0.556657 0.593724 0.476028 0.602936 0.560478 0.638423 0.720013 0.682480 0.702979 0.723626 0.781201 0.893980 0.811384 0.859380 0.760098 0.751376 0.666809 0.698781 0.847211 0.756811 0.822405 0.840430 0.799606 0.764272 0.435811 0.528954 0.890606 0.795429 0.477777 0.524782 0.850267 0.793892 0.896276 0.841714 0.600644 0.710022 0.789980 0.871354 0.774425 0.846609 0.890797 0.932599 0.988488 0.943611 0.868384 0.867081 0.898942 0.866526 0.584082 0.669748 0.548623 0.605998 0.915152 0.661750 0.671313 0.662549 0.574404 0.522467 0.541550 0.649074 0.717286 0.611513 0.627525 0.633306 0.742903 0.644286 0.847053 0.983186 0.682237 0.702824 0.637583 0.676743 0.678350 0.793495
0.541818 0.646486 0.613822 0.626872 0.759254 0.936299 0.632344 0.643859 0.913509 0.849150 0.641923 0.712826 0.723957 0.772813 0.806077 0.764500 0.706430 0.629116 0.651739 0.618901 0.767273 0.844832 0.613178 0.794552 0.820299 0.794701 0.871645 0.989695 0.627988 0.627605 0.573842 0.571886 0.597044 0.562014 0.662012 0.727282 0.000000 0.664930 0.666614 0.877756 0.782133 0.871068 0.690718 0.610818 0.640030 0.637273 0.576272 0.546234 0.849369 0.760750 0.772736 0.814341 0.857150 0.924185 0.804003 0.769094 0.677068 0.702382 0.681924 0.659885 0.625937 0.703430 0.684642 0.718624 0.814493 0.814147 0.620717 0.608310 0.712609 0.678133 0.594817 0.698118 0.705855 0.659654 0.869788 0.961625 0.559296 0.705187 0.761601 0.683711 0.689652 0.658399 0.831475 0.844435 0.879438 0.853192 0.859470 0.778018 0.934106 0.814941 0.918708 0.864862 0.864962 0.873884 0.786553 0.687690 0.701816 0.840559 0.694037 0.714353 0.935712 0.756637 0.603351 0.721872 0.649087 0.716416 0.947069 0.801555 0.935073 0.780171 0.700039 0.676582 0.739413 0.791907 0.760473 0.824982
0.788201 0.720589 0.704507 0.732776 0.974369 0.955432 0.735241 0.798031 0.949533 0.962745 0.866344 0.945811 0.976834 0.961334 0.948198 0.959914 0.767595 0.737291 0.811389 0.749727 0.881505 0.642192 0.801350 0.941997 0.747043 0.776730 0.920933 0.977713 0.832204 0.782675 0.671044 0.796136 0.660899 0.721820 0.659042 0.542317 0.664930 0.000000 0.745977 0.909221 0.983410 0.891866 0.637332 0.607125 0.555572 0.618353 0.628050 0.612450 0.824052 0.681754 0.669557 0.689766 0.698018 0.808552 0.786719 0.768826 0.726947 0.759680 0.766287 0.699959 0.784715 0.789443 0.782527 0.803407 0.781797 0.769246 0.550877 0.546835 0.817717 0.737507 0.594203 0.651445 0.670745 0.677404 0.909107 0.991662 0.776008 0.761098 0.844176 0.845968 0.763247 0.788650 0.831628 0.960681 0.894422 0.844236 0.887287 0.791206 0.963457 0.922569 0.851086 0.872051 0.785104 0.838622 0.854596 0.692330 0.698124 0.748450 0.761270 0.702486 0.750206 0.709762 0.706005 0.734260 0.703041 0.700427 0.824825 0.793167 0.974625 0.932808 0.646807 0.738863 0.812865 0.669596 0.825191 0.851108
