0.000000 0.244205 0.784478 0.500991 0.772195 0.530998 0.636725 0.487495 0.771971 0.671049 0.337935 0.312601 0.363258 0.472435 0.573091 0.395845 0.293062 0.344515 0.376659 0.339787 0.714546 0.929242 0.720163 0.717022 0.898927 0.998222 0.946155 0.973977 0.456035 0.465266 0.887248 0.942611 0.457841 0.458814 0.841922 0.698940 0.710399 0.752218 0.797064 0.656987 0.728697 0.788599 0.666755 0.680519 0.734051 0.651123 0.385917 0.363473 0.463521 0.465060 0.708130 0.626116 0.976598 0.726781 0.514298 0.468551 0.280043 0.254433 0.296534 0.358270 0.330218 0.407818 0.381274 0.342077 0.655704 0.415364 0.750171 0.808680 0.416927 0.465912 0.695085 0.742599 0.677839 0.639318 0.702018 0.771002 0.616988 0.719259 0.468820 0.526869 0.262784 0.288209 0.662412 0.397713 0.516229 0.596515 0.997999 0.881428 0.631659 0.545488 0.761585 0.908590 0.741220 0.959270 0.691975 0.720524 0.703276 0.712168 0.495802 0.580239 0.881409 0.932081 0.719498 0.751336 0.587000 0.608051 0.971012 0.954528 0.777070 0.920715 0.918690 0.498808 0.701970 0.922340 0.752670 0.972987
0.244205 0.000000 0.725899 0.458232 0.839994 0.519810 0.607371 0.486302 0.693749 0.681086 0.340700 0.325329 0.400512 0.470071 0.581303 0.340577 0.275705 0.316549 0.385157 0.307034 0.666529 0.943365 0.707704 0.647435 0.862518 0.901870 0.919062 0.878650 0.367337 0.423577 0.781610 0.785777 0.396661 0.400733 0.926690 0.684828 0.654948 0.747700 0.765884 0.640736 0.761190 0.699306 0.558051 0.560729 0.698352 0.613575 0.409538 0.386011 0.439211 0.442957 0.579434 0.563654 0.886273 0.789546 0.597911 0.512981 0.237164 0.197244 0.342311 0.386399 0.332159 0.427575 0.395640 0.360355 0.623731 0.427028 0.718785 0.723311 0.417212 0.441827 0.594104 0.618448 0.594179 0.545742 0.683253 0.842253 0.571922 0.649288 0.442877 0.452702 0.313702 0.356164 0.646131 0.438654 0.572153 0.595135 0.935884 0.916317 0.666627 0.597857 0.749401 0.853596 0.715599 0.966401 0.644011 0.741735 0.761440 0.717521 0.505716 0.536791 0.917849 0.966198 0.716323 0.765843 0.610195 0.580821 0.982021 0.905262 0.779728 0.982527 0.913225 0.487773 0.716572 0.866438 0.793445 0.977628
0.784478 0.725899 0.000000 0.390155 0.930625 0.845374 0.595005 0.769690 0.772057 0.993651 0.850003 0.906807 0.723706 0.881496 0.768708 0.684366 0.950107 0.889516 0.630173 0.776861 0.616559 0.877761 0.685613 0.733886 0.429850 0.407223 0.920389 0.963755 0.846915 0.919891 0.612717 0.645861 0.598487 0.698606 0.885648 0.899999 0.566685 0.613745 0.523243 0.705844 0.778202 0.759569 0.715407 0.758285 0.942445 0.897626 0.614667 0.815038 0.950779 0.830717 0.745619 0.817471 0.993436 0.859586 0.779548 0.928315 0.801499 0.737172 0.769141 0.677249 0.641323 0.842255 0.992124 0.975454 0.435220 0.512921 0.693639 0.625131 0.607491 0.600460 0.734943 0.676209 0.682632 0.582394 0.958565 0.861165 0.687976 0.788517 0.591380 0.788939 0.884571 0.811540 0.913247 0.867419 0.731874 0.729621 0.871501 0.872627 0.916894 0.868798 0.693765 0.596549 0.623510 0.694143 0.863288 0.904386 0.756182 0.809239 0.901122 0.837653 0.973444 0.879819 0.976457 0.976783 0.709034 0.794179 0.946384 0.755522 0.874888 0.900677 0.975351 0.888098 0.808022 0.929669 0.781629 0.900217
0.500991 0.458232 0.390155 0.000000 0.897660 0.663487 0.545934 0.466872 0.664276 0.790805 0.489509 0.497588 0.491102 0.478853 0.611208 0.469556 0.661668 0.562469 0.470078 0.491325 0.572708 0.961445 0.623606 0.602905 0.651844 0.549765 0.885963 0.903470 0.567073 0.602145 0.673089 0.696007 0.462275 0.523604 0.878248 0.808820 0.572859 0.596645 0.563556 0.697940 0.814156 0.835965 0.672412 0.677208 0.816486 0.753221 0.485243 0.646296 0.690435 0.574691 0.630055 0.625307 0.888861 0.869439 0.631093 0.715935 0.596886 0.478202 0.606309 0.534304 0.434676 0.529044 0.647103 0.624108 0.445322 0.329104 0.708810 0.663134 0.483124 0.332335 0.664609 0.695410 0.766034 0.629305 0.819547 0.746882 0.693794 0.751867 0.403354 0.621709 0.616832 0.501321 0.762310 0.623594 0.584955 0.576040 0.874256 0.958851 0.752559 0.626661 0.707776 0.704037 0.598090 0.710651 0.691634 0.770718 0.806589 0.814127 0.744941 0.780578 0.919956 0.882416 0.872691 0.947608 0.642860 0.659324 0.863056 0.970527 0.996523 0.950332 0.923076 0.784323 0.809197 0.993997 0.709861 0.787789
0.772195 0.839994 0.930625 0.897660 0.000000 0.974269 0.886052 0.862990 0.949144 0.895155 0.859452 0.794736 0.600054 0.769458 0.618273 0.699204 0.880557 0.841221 0.871651 0.899725 0.994520 0.766216 0.652274 0.632447 0.868357 0.851514 0.661900 0.962267 0.894997 0.796396 0.937365 0.883371 0.797465 0.971667 0.992858 0.991672 0.933658 0.976593 0.968596 0.900253 0.931887 0.869830 0.885902 0.869622 0.830786 0.754990 0.728891 0.779040 0.627821 0.703380 0.795514 0.711620 0.787894 0.911653 0.724408 0.740697 0.855597 0.760268 0.808634 0.761057 0.684928 0.774071 0.719277 0.718574 0.732594 0.816260 0.985037 0.948523 0.870536 0.817316 0.792716 0.781116 0.793525 0.940795 0.831560 0.917032 0.917274 0.879795 0.999606 0.744723 0.735552 0.776585 0.756144 0.721555 0.613048 0.670691 0.670359 0.819240 0.624122 0.617878 0.973399 0.806017 0.855319 0.836080 0.966006 0.983129 0.937696 0.927334 0.893560 0.822674 0.889983 0.932696 0.956077 0.994542 0.928502 0.892589 0.835778 0.976387 0.941626 0.953433 0.901409 0.862333 0.714786 0.986941 0.961356 0.851820
0.530998 0.519810 0.845374 0.663487 0.974269 0.000000 0.708782 0.617021 0.797675 0.809242 0.626574 0.589452 0.839997 0.783895 0.986485 0.661874 0.571279 0.605551 0.623735 0.702739 0.729109 0.911558 0.955092 0.943704 0.990098 0.905512 0.827484 0.939177 0.710590 0.657356 0.826050 0.808643 0.600200 0.621497 0.960685 0.711330 0.773193 0.909594 0.873052 0.661583 0.624646 0.847303 0.652662 0.735240 0.899627 0.860385 0.663998 0.762649 0.791689 0.803508 0.827662 0.819969 0.976426 0.789827 0.782563 0.753620 0.579988 0.602019 0.522367 0.594628 0.656070 0.613325 0.774777 0.653037 0.962133 0.579015 0.820574 0.631774 0.699026 0.837872 0.600755 0.672704 0.583064 0.641402 0.904365 0.956719 0.806134 0.777524 0.702432 0.662918 0.587107 0.604427 0.966987 0.737231 0.876955 0.890847 0.865034 0.763346 0.994202 0.899858 0.753833 0.901757 0.808186 0.967293 0.701208 0.858352 0.842812 0.835488 0.630167 0.802347 0.795621 0.904405 0.816530 0.888473 0.749124 0.901736 0.912842 0.998534 0.956773 0.992861 0.904685 0.735474 0.853336 0.842127 0.901457 0.960543
0.636725 0.607371 0.595005 0.545934 0.886052 0.708782 0.000000 0.366825 0.346165 0.470186 0.515242 0.606192 0.766602 0.783495 0.758592 0.494542 0.545382 0.452769 0.356702 0.551549 0.723986 0.978472 0.621562 0.809678 0.988759 0.885265 0.778924 0.806947 0.433325 0.358063 0.363161 0.426493 0.316713 0.285499 0.883631 0.987875 0.824606 0.735945 0.840146 0.919629 0.854385 0.887380 0.329630 0.377019 0.316808 0.383113 0.625511 0.594674 0.556894 0.667281 0.511432 0.558300 0.582473 0.713973 0.754447 0.796399 0.519543 0.715158 0.657772 0.896681 0.384768 0.692360 0.508524 0.538648 0.791872 0.743934 0.309028 0.359184 0.829550 0.727192 0.523254 0.520810 0.455028 0.416932 0.904384 0.775206 0.552753 0.489379 0.551758 0.620893 0.637396 0.716564 0.688023 0.828466 0.832178 0.898698 0.943510 0.923304 0.969857 0.892847 0.497357 0.568293 0.623065 0.724105 0.632051 0.657138 0.677383 0.583757 0.406292 0.393912 0.766095 0.600750 0.574299 0.735187 0.567133 0.775702 0.825759 0.850211 0.782892 0.896441 0.813864 0.590290 0.444253 0.869271 0.728008 0.934305
0.487495 0.486302 0.769690 0.466872 0.862990 0.617021 0.366825 0.000000 0.414972 0.319253 0.344295 0.289193 0.623484 0.511223 0.832949 0.544384 0.497234 0.423219 0.473927 0.460544 0.836668 0.870411 0.858413 0.928225 0.858908 0.971902 0.757365 0.833809 0.399122 0.364462 0.690602 0.770787 0.475502 0.368535 0.888827 0.836019 0.818489 0.753240 0.875775 0.838630 0.830133 0.932488 0.489147 0.538038 0.437299 0.409807 0.531357 0.509484 0.458477 0.553173 0.503313 0.508398 0.646143 0.853320 0.650950 0.607107 0.548380 0.563100 0.501128 0.633842 0.279578 0.286822 0.393162 0.311565 0.859733 0.507956 0.517152 0.473898 0.755548 0.571475 0.609354 0.660089 0.619029 0.588440 0.771926 0.723357 0.567644 0.680197 0.518429 0.672116 0.519132 0.589845 0.801832 0.721389 0.845701 0.927869 0.955574 0.863388 0.857949 0.697427 0.521122 0.734122 0.610498 0.835476 0.671495 0.713795 0.686592 0.634292 0.423036 0.464292 0.607222 0.807921 0.610227 0.761726 0.555986 0.682088 0.938021 0.992034 0.771097 0.837692 0.825177 0.566362 0.547418 0.903020 0.747636 0.903221
0.771971 0.693749 0.772057 0.664276 0.949144 0.797675 0.346165 0.414972 0.000000 0.391648 0.536504 0.579954 0.880397 0.812658 0.903396 0.643246 0.636333 0.502152 0.574254 0.597208 0.756918 0.967427 0.868443 0.973370 0.828975 0.872226 0.737394 0.776886 0.442006 0.448569 0.441132 0.547465 0.506511 0.390752 0.920898 0.980296 0.773092 0.861480 0.793955 0.891588 0.872337 0.843192 0.430835 0.452426 0.395989 0.480997 0.812319 0.707385 0.657620 0.716769 0.521455 0.601567 0.530966 0.626932 0.939316 0.935599 0.590948 0.811868 0.837243 0.969638 0.531372 0.646849 0.550941 0.539850 0.943440 0.844710 0.481876 0.502543 0.898968 0.765869 0.500312 0.548850 0.538753 0.557727 0.950951 0.748393 0.550068 0.526871 0.613756 0.657784 0.746299 0.900285 0.755404 0.906877 0.921984 0.895300 0.814496 0.857089 0.816933 0.996545 0.469249 0.552333 0.629312 0.635835 0.672900 0.804918 0.817976 0.668225 0.518043 0.483975 0.621976 0.576234 0.617372 0.702793 0.641333 0.893865 0.908319 0.894673 0.865070 0.993196 0.867061 0.648962 0.684508 0.932567 0.781409 0.916984
0.671049 0.681086 0.993651 0.790805 0.895155 0.809242 0.470186 0.319253 0.391648 0.000000 0.479066 0.458469 0.864849 0.754291 0.965963 0.697616 0.522630 0.418561 0.615917 0.530478 0.957740 0.810493 0.991202 0.850903 0.698910 0.818949 0.759030 0.759450 0.412792 0.406167 0.682656 0.796261 0.616725 0.442038 0.834696 0.964822 0.851194 0.839619 0.880624 0.910559 0.921556 0.914220 0.512191 0.555420 0.391715 0.437729 0.789535 0.653753 0.571987 0.782820 0.653456 0.682077 0.649926 0.729704 0.882766 0.812309 0.598050 0.751618 0.737844 0.984289 0.505440 0.507379 0.418127 0.357764 0.864424 0.877163 0.548604 0.603464 0.907963 0.820726 0.564419 0.639279 0.660551 0.641964 0.931287 0.779515 0.633866 0.610180 0.647273 0.738857 0.606274 0.816900 0.863280 0.941399 0.886752 0.794832 0.883217 0.768562 0.981972 0.845361 0.454659 0.667599 0.649102 0.768731 0.811606 0.699648 0.810401 0.676510 0.360955 0.423191 0.536984 0.656029 0.533768 0.629808 0.640502 0.789718 0.927039 0.998678 0.738148 0.901533 0.656015 0.546195 0.559469 0.952512 0.829542 0.909632
0.337935 0.340700 0.850003 0.489509 0.859452 0.626574 0.515242 0.344295 0.536504 0.479066 0.000000 0.259758 0.487814 0.396124 0.654648 0.434044 0.323084 0.280940 0.358151 0.335597 0.749380 0.881142 0.798459 0.748778 0.872968 0.934929 0.935225 0.998945 0.323880 0.306340 0.739740 0.809904 0.445259 0.370814 0.889643 0.683965 0.751669 0.752334 0.799243 0.694716 0.812105 0.855448 0.559632 0.574213 0.599882 0.549938 0.546409 0.511309 0.494183 0.542121 0.578058 0.574941 0.772625 0.962455 0.684430 0.617486 0.347265 0.384950 0.481694 0.586402 0.365712 0.393819 0.339569 0.276797 0.862972 0.521526 0.690283 0.701366 0.641962 0.522507 0.653930 0.654291 0.594459 0.604737 0.780999 0.653160 0.535130 0.665040 0.430283 0.531280 0.389030 0.409170 0.753514 0.535596 0.772130 0.783983 0.984483 0.949991 0.779415 0.608400 0.691794 0.850673 0.760285 0.844968 0.677418 0.750316 0.786844 0.677743 0.480892 0.600882 0.803004 0.811874 0.661402 0.716614 0.625868 0.740935 0.867258 0.892297 0.757808 0.932798 0.931774 0.540902 0.583522 0.988070 0.747972 0.879299
0.312601 0.325329 0.906807 0.497588 0.794736 0.589452 0.606192 0.289193 0.579954 0.458469 0.259758 0.000000 0.403652 0.323102 0.640945 0.405074 0.353881 0.359511 0.505819 0.385587 0.805667 0.906797 0.837317 0.783264 0.862414 0.906746 0.942617 0.968600 0.380962 0.385265 0.898591 0.944568 0.517011 0.461565 0.958145 0.705494 0.751222 0.772814 0.878146 0.703871 0.829279 0.903583 0.627076 0.618925 0.607357 0.495405 0.452079 0.426540 0.382169 0.407072 0.514951 0.463000 0.699853 0.973060 0.530943 0.546019 0.405056 0.345450 0.425496 0.483885 0.294664 0.225713 0.308522 0.218374 0.804995 0.425868 0.763997 0.730308 0.609903 0.482239 0.716087 0.781743 0.729994 0.730537 0.703633 0.734424 0.594060 0.720605 0.504330 0.592240 0.331726 0.377494 0.688220 0.468586 0.691555 0.728458 0.958210 0.928577 0.647098 0.561929 0.675785 0.917876 0.755493 0.968146 0.697064 0.742161 0.814834 0.742461 0.531735 0.604011 0.723211 0.932459 0.716728 0.760545 0.590240 0.666121 0.882258 0.956169 0.747846 0.917347 0.885901 0.548678 0.715970 0.965087 0.785215 0.908752
0.363258 0.400512 0.723706 0.491102 0.600054 0.839997 0.766602 0.623484 0.880397 0.864849 0.487814 0.403652 0.000000 0.334202 0.312494 0.334086 0.568140 0.582596 0.553945 0.530705 0.814078 0.941965 0.461566 0.433878 0.791992 0.978208 0.635157 0.830855 0.601395 0.639578 0.952501 0.942964 0.580834 0.643725 0.941343 0.754526 0.710958 0.808716 0.815182 0.673411 0.921468 0.864069 0.822898 0.824259 0.806751 0.658955 0.378451 0.420153 0.400953 0.395733 0.594731 0.500220 0.854773 0.828008 0.559198 0.514612 0.526685 0.340751 0.460389 0.377869 0.354227 0.447793 0.491975 0.488322 0.393616 0.388945 0.976989 0.979891 0.553052 0.394920 0.970689 0.932054 0.974555 0.915298 0.683197 0.782887 0.733088 0.843469 0.600615 0.559698 0.440831 0.329259 0.498471 0.328118 0.322479 0.356550 0.872228 0.850245 0.451887 0.406720 0.989273 0.927964 0.975372 0.941825 0.810429 0.811824 0.929841 0.849897 0.780975 0.789867 0.887030 0.992890 0.998463 0.970049 0.790778 0.742127 0.863702 0.977795 0.889547 0.960534 0.976307 0.741798 0.828998 0.986015 0.729480 0.897285
0.472435 0.470071 0.881496 0.478853 0.769458 0.783895 0.783495 0.511223 0.812658 0.754291 0.396124 0.323102 0.334202 0.000000 0.431207 0.382110 0.573504 0.512438 0.564975 0.480408 0.869148 0.897440 0.585407 0.509237 0.946317 0.942254 0.792662 0.862604 0.515843 0.524744 0.964468 0.988554 0.614775 0.683383 0.873744 0.664092 0.767006 0.791332 0.916469 0.730415 0.879860 0.942819 0.848554 0.781487 0.798357 0.657376 0.568664 0.584621 0.487095 0.414264 0.587048 0.493930 0.751420 0.996478 0.587129 0.626009 0.597499 0.410256 0.634018 0.553491 0.460456 0.429400 0.475155 0.419970 0.634207 0.441942 0.925077 0.972094 0.677572 0.467821 0.993161 0.985834 0.995781 0.980751 0.797947 0.774875 0.782064 0.946393 0.565315 0.650897 0.527702 0.407109 0.554070 0.414876 0.566760 0.532470 0.891181 0.813474 0.565280 0.452544 0.981152 0.853496 0.966329 0.926492 0.803974 0.849547 0.972324 0.923382 0.835091 0.890301 0.995045 0.965457 0.941138 0.941554 0.841778 0.810163 0.833932 0.798687 0.872784 0.990295 0.945561 0.821223 0.894810 0.903245 0.766789 0.865289
0.573091 0.581303 0.768708 0.611208 0.618273 0.986485 0.758592 0.832949 0.903396 0.965963 0.654648 0.640945 0.312494 0.431207 0.000000 0.322755 0.662961 0.594067 0.554561 0.598844 0.769548 0.945711 0.288691 0.336368 0.768151 0.910050 0.522031 0.774371 0.647891 0.619619 0.860764 0.885190 0.577845 0.721763 0.905702 0.825565 0.751076 0.881213 0.874945 0.786341 0.965222 0.901823 0.829547 0.782127 0.798414 0.736796 0.594642 0.591505 0.559153 0.536821 0.688139 0.616988 0.795945 0.938615 0.627708 0.727066 0.584612 0.497401 0.690815 0.692032 0.544453 0.764996 0.573938 0.629283 0.431293 0.639997 0.988098 0.933882 0.644018 0.587414 0.954961 0.977058 0.910722 0.978889 0.861394 0.780035 0.839823 0.799446 0.741793 0.541456 0.543438 0.453948 0.413588 0.433249 0.369141 0.360563 0.851718 0.733890 0.561964 0.496934 0.927297 0.898707 0.920303 0.912256 0.841974 0.792531 0.997280 0.963334 0.837644 0.816951 0.795756 0.839986 0.991553 0.877951 0.891491 0.913941 0.997757 0.941326 0.872012 0.911680 0.915170 0.846844 0.850035 0.934794 0.789550 0.927739
0.395845 0.340577 0.684366 0.469556 0.699204 0.661874 0.494542 0.544384 0.643246 0.697616 0.434044 0.405074 0.334086 0.382110 0.322755 0.000000 0.410995 0.378602 0.376940 0.395572 0.692585 0.913338 0.397147 0.429487 0.873357 0.897713 0.777753 0.927026 0.467403 0.414252 0.654507 0.676447 0.347063 0.442691 0.942672 0.762675 0.617521 0.678337 0.794799 0.638236 0.791826 0.811326 0.504241 0.481860 0.583228 0.506641 0.450013 0.424279 0.420821 0.441941 0.458794 0.407289 0.662112 0.975948 0.596661 0.635632 0.344019 0.357754 0.528832 0.620461 0.346366 0.533195 0.455681 0.430354 0.500873 0.496567 0.782080 0.761565 0.562853 0.547682 0.714060 0.716992 0.742604 0.633005 0.800821 0.724376 0.651721 0.619332 0.484816 0.420664 0.387426 0.407917 0.428232 0.434002 0.483471 0.483509 0.983558 0.959842 0.630979 0.583115 0.753760 0.870360 0.834312 0.948360 0.662705 0.674844 0.916188 0.828025 0.598994 0.589379 0.966361 0.805390 0.782912 0.804754 0.704624 0.746885 0.968881 0.959903 0.784178 0.948901 0.897161 0.607137 0.660662 0.923167 0.680189 0.950409
0.293062 0.275705 0.950107 0.661668 0.880557 0.571279 0.545382 0.497234 0.636333 0.522630 0.323084 0.353881 0.568140 0.573504 0.662961 0.410995 0.000000 0.201515 0.380552 0.333085 0.733755 0.967917 0.830190 0.801439 0.893138 0.877624 0.944049 0.997492 0.321195 0.304391 0.733194 0.753637 0.438313 0.368592 0.864055 0.700889 0.786996 0.848412 0.980332 0.727378 0.779167 0.758790 0.495428 0.510410 0.593926 0.582511 0.545063 0.427525 0.483161 0.589045 0.676954 0.672106 0.895837 0.862790 0.653213 0.591155 0.211269 0.332481 0.435796 0.647077 0.426213 0.537387 0.299744 0.273390 0.914434 0.682304 0.667991 0.750752 0.551281 0.646594 0.541611 0.573137 0.527837 0.543747 0.739619 0.828148 0.574844 0.600977 0.461890 0.442224 0.291452 0.407287 0.634125 0.547883 0.742506 0.793265 0.960769 0.878658 0.809464 0.701500 0.692639 0.879464 0.789271 0.992911 0.636564 0.651409 0.723704 0.636633 0.403003 0.449980 0.811294 0.842373 0.640150 0.569483 0.607570 0.620788 0.951976 0.922672 0.623067 0.957367 0.761965 0.462157 0.627967 0.861788 0.813691 0.961794
0.344515 0.316549 0.889516 0.562469 0.841221 0.605551 0.452769 0.423219 0.502152 0.418561 0.280940 0.359511 0.582596 0.512438 0.594067 0.378602 0.201515 0.000000 0.308920 0.278503 0.688691 0.976589 0.716970 0.729440 0.891181 0.951351 0.987120 0.974082 0.262389 0.225047 0.640425 0.663750 0.364060 0.305925 0.938746 0.768536 0.767754 0.818771 0.948520 0.755431 0.788329 0.753685 0.448296 0.452879 0.501856 0.521188 0.594605 0.466696 0.487709 0.589435 0.631958 0.629546 0.773578 0.967333 0.712283 0.648117 0.237683 0.361756 0.526908 0.743852 0.410208 0.543494 0.275501 0.260011 0.860766 0.673712 0.623198 0.700675 0.588596 0.601507 0.524729 0.536509 0.564550 0.550329 0.827981 0.758747 0.573904 0.537668 0.454091 0.407270 0.339742 0.452097 0.588834 0.565335 0.738773 0.789436 0.934017 0.962378 0.861042 0.656073 0.625151 0.811275 0.749587 0.892201 0.636180 0.616793 0.751361 0.640898 0.351912 0.410809 0.784661 0.752276 0.608281 0.569878 0.597821 0.672345 0.978303 0.997872 0.697354 0.985712 0.791824 0.454967 0.577708 0.914987 0.739191 0.937963
0.376659 0.385157 0.630173 0.470078 0.871651 0.623735 0.356702 0.473927 0.574254 0.615917 0.358151 0.505819 0.553945 0.564975 0.554561 0.376940 0.380552 0.308920 0.000000 0.370537 0.705873 0.938070 0.555665 0.661408 0.954230 0.902003 0.974546 0.968374 0.371154 0.357985 0.560171 0.563202 0.344028 0.312693 0.858995 0.808896 0.767524 0.751082 0.778857 0.753163 0.790170 0.830145 0.526443 0.564648 0.578033 0.586332 0.529438 0.499554 0.579179 0.636741 0.701058 0.687098 0.843836 0.955347 0.709864 0.712160 0.369480 0.445766 0.496178 0.659458 0.394611 0.662300 0.470922 0.471475 0.711302 0.597583 0.558932 0.650577 0.597149 0.600555 0.588549 0.550086 0.565235 0.493667 0.844160 0.781532 0.544722 0.567248 0.424760 0.500367 0.464358 0.438433 0.679053 0.552061 0.656830 0.726378 0.963171 0.991367 0.859773 0.753443 0.681596 0.793503 0.728611 0.841190 0.630432 0.677114 0.740023 0.788646 0.479319 0.474666 0.927497 0.759535 0.713035 0.749000 0.672517 0.737697 0.980333 0.971454 0.754410 0.900767 0.955711 0.572623 0.555288 0.953152 0.715758 0.932596
0.339787 0.307034 0.776861 0.491325 0.899725 0.702739 0.551549 0.460544 0.597208 0.530478 0.335597 0.385587 0.530705 0.480408 0.598844 0.395572 0.333085 0.278503 0.370537 0.000000 0.718353 0.979924 0.689854 0.749717 0.968979 0.980465 0.959185 0.975609 0.353550 0.382826 0.726338 0.797010 0.463248 0.374533 0.921904 0.730239 0.688836 0.761492 0.787420 0.768030 0.751332 0.823193 0.602204 0.597899 0.655340 0.631724 0.596948 0.518287 0.585608 0.586585 0.712949 0.688540 0.851161 0.915672 0.705244 0.674877 0.314829 0.353142 0.545518 0.646863 0.412798 0.522437 0.400131 0.376738 0.744274 0.582967 0.758461 0.791295 0.564891 0.501031 0.544740 0.577054 0.653332 0.594684 0.869362 0.806436 0.574221 0.666162 0.471060 0.570535 0.474487 0.501065 0.629617 0.614231 0.728510 0.818541 0.963173 0.898826 0.820877 0.638277 0.668165 0.786568 0.697203 0.839295 0.749891 0.659964 0.822686 0.728818 0.486007 0.486060 0.814918 0.880138 0.710022 0.753151 0.630883 0.658105 0.982693 0.977033 0.788150 0.950442 0.935629 0.473841 0.659081 0.964200 0.833344 0.871233
0.714546 0.666529 0.616559 0.572708 0.994520 0.729109 0.723986 0.836668 0.756918 0.957740 0.749380 0.805667 0.814078 0.869148 0.769548 0.692585 0.733755 0.688691 0.705873 0.718353 0.000000 0.883899 0.790950 0.817763 0.820650 0.720080 0.897102 0.770985 0.798346 0.708549 0.648516 0.763725 0.695967 0.713134 0.987333 0.933363 0.613449 0.870170 0.724242 0.694615 0.873448 0.826794 0.685503 0.680651 0.891046 0.925353 0.739252 0.802683 0.892334 0.850250 0.844481 0.857780 0.955364 0.911363 0.798254 0.948240 0.649931 0.678750 0.765456 0.832642 0.756264 0.845211 0.861576 0.833249 0.703320 0.719290 0.728419 0.692514 0.601903 0.640118 0.717330 0.735211 0.676920 0.701044 0.856091 0.876746 0.839817 0.707781 0.743024 0.656743 0.712472 0.712638 0.861114 0.802534 0.796576 0.735313 0.929281 0.911530 0.968423 0.955696 0.832873 0.848040 0.835378 0.854787 0.706495 0.904072 0.795255 0.914810 0.807078 0.805957 0.925821 0.822094 0.902437 0.828356 0.643167 0.827204 0.967643 0.983375 0.804203 0.890387 0.978477 0.852343 0.834439 0.935578 0.816728 0.930767
0.929242 0.943365 0.877761 0.961445 0.766216 0.911558 0.978472 0.870411 0.967427 0.810493 0.881142 0.906797 0.941965 0.897440 0.945711 0.913338 0.967917 0.976589 0.938070 0.979924 0.883899 0.000000 0.940229 0.850367 0.816877 0.805939 0.963917 0.938531 0.919509 0.900642 0.809418 0.688622 0.896142 0.920586 0.846997 0.901336 0.805202 0.851117 0.965912 0.919030 0.950560 0.892716 0.892039 0.938829 0.964115 0.908297 0.955689 0.974502 0.867199 0.955827 0.978171 0.954899 0.982982 0.954790 0.941512 0.858413 0.902615 0.994406 0.936396 0.868921 0.881667 0.778751 0.844672 0.830749 0.947267 0.917718 0.941437 0.997281 0.966656 0.917948 0.781495 0.843668 0.873968 0.899070 0.934003 0.988221 0.945460 0.985705 0.952478 0.869629 0.960160 0.972263 0.968333 0.980524 0.963187 0.916163 0.903453 0.917995 0.946275 0.768034 0.936295 0.820025 0.872179 0.930405 0.919522 0.870508 0.975850 0.995881 0.990590 0.955323 0.929726 0.961089 0.943830 0.792391 0.935590 0.923991 0.911887 0.933303 0.838986 0.811340 0.944442 0.980730 0.978583 0.824226 0.917934 0.976806
0.720163 0.707704 0.685613 0.623606 0.652274 0.955092 0.621562 0.858413 0.868443 0.991202 0.798459 0.837317 0.461566 0.585407 0.288691 0.397147 0.830190 0.716970 0.555665 0.689854 0.790950 0.940229 0.000000 0.327605 0.760537 0.825221 0.575966 0.793621 0.702771 0.686176 0.759724 0.759189 0.516948 0.697295 0.984950 0.965434 0.830623 0.916629 0.828786 0.923757 0.982875 0.950691 0.748404 0.718463 0.650505 0.626805 0.640936 0.627720 0.575309 0.546575 0.648197 0.548442 0.683866 0.901714 0.731638 0.775325 0.723499 0.666227 0.826350 0.816163 0.580505 0.931875 0.692904 0.795198 0.388977 0.745483 0.854078 0.898172 0.802485 0.653291 0.942691 0.989839 0.942387 0.928424 0.864981 0.888011 0.884244 0.781779 0.791649 0.667981 0.734051 0.639156 0.459203 0.575707 0.374100 0.400783 0.937430 0.694440 0.678941 0.616954 0.991564 0.967207 0.987073 0.968568 0.880241 0.784650 0.970710 0.910885 0.831293 0.738429 0.784120 0.854316 0.947990 0.951266 0.852702 0.875889 0.927372 0.952538 0.941987 0.896559 0.914772 0.873526 0.740289 0.966662 0.739707 0.941108
0.717022 0.647435 0.733886 0.602905 0.632447 0.943704 0.809678 0.928225 0.973370 0.850903 0.748778 0.783264 0.433878 0.509237 0.336368 0.429487 0.801439 0.729440 0.661408 0.749717 0.817763 0.850367 0.327605 0.000000 0.721567 0.853728 0.608838 0.805175 0.794699 0.727806 0.930187 0.821756 0.592499 0.800560 0.935292 0.832272 0.791255 0.916048 0.821634 0.846189 0.944000 0.873364 0.807857 0.729579 0.867745 0.776788 0.634772 0.724858 0.655717 0.578547 0.652350 0.588317 0.799070 0.970711 0.744501 0.740760 0.713017 0.575247 0.803490 0.716456 0.675056 0.889414 0.732382 0.799795 0.467765 0.651120 0.983675 0.990731 0.797485 0.672578 0.896565 0.929917 0.949018 0.958922 0.837544 0.892643 0.883840 0.885847 0.763152 0.565512 0.668002 0.541510 0.508080 0.461651 0.405342 0.320799 0.951094 0.657655 0.587658 0.561987 0.856135 0.909710 0.872128 0.859475 0.907573 0.820455 0.942940 0.938750 0.977723 0.912399 0.705462 0.984943 0.985029 0.985512 0.982270 0.933025 0.944205 0.980855 0.929891 0.934910 0.851941 0.897458 0.844021 0.934249 0.809098 0.886743
0.898927 0.862518 0.429850 0.651844 0.868357 0.990098 0.988759 0.858908 0.828975 0.698910 0.872968 0.862414 0.791992 0.946317 0.768151 0.873357 0.893138 0.891181 0.954230 0.968979 0.820650 0.816877 0.760537 0.721567 0.000000 0.437260 0.722413 0.895270 0.895652 0.779596 0.898275 0.875203 0.824207 0.997820 0.957402 0.979139 0.665144 0.802191 0.650765 0.839664 0.792436 0.799132 0.997406 0.969379 0.781904 0.797257 0.777183 0.930395 0.906787 0.946883 0.994897 0.934686 0.723753 0.626923 0.850936 0.952053 0.937122 0.834095 0.908503 0.712213 0.891760 0.945069 0.801415 0.758002 0.431210 0.660990 0.998248 0.944428 0.599101 0.698035 0.915613 0.906842 0.953352 0.831566 0.778050 0.911088 0.938106 0.922615 0.903720 0.868661 0.953172 0.910758 0.982214 0.898925 0.632887 0.635828 0.866535 0.866614 0.840637 0.882308 0.944161 0.757068 0.716864 0.771084 0.996665 0.982333 0.790920 0.982206 0.913716 0.913388 0.810436 0.932465 0.951369 0.943081 0.785178 0.855114 0.964898 0.812970 0.793029 0.910775 0.890336 0.871174 0.981254 0.936012 0.927828 0.989840
0.998222 0.901870 0.407223 0.549765 0.851514 0.905512 0.885265 0.971902 0.872226 0.818949 0.934929 0.906746 0.978208 0.942254 0.910050 0.897713 0.877624 0.951351 0.902003 0.980465 0.720080 0.805939 0.825221 0.853728 0.437260 0.000000 0.900545 0.850378 0.991896 0.867508 0.697333 0.712452 0.765817 0.919136 0.779795 0.980627 0.635157 0.764789 0.535708 0.812477 0.877460 0.766284 0.844661 0.897986 0.900559 0.902016 0.855418 0.984771 0.856295 0.947687 0.851603 0.961314 0.953557 0.860172 0.998366 0.891238 0.974782 0.906651 0.973863 0.875307 0.929295 0.969839 0.817829 0.785591 0.567629 0.688900 0.871093 0.767125 0.673148 0.753136 0.731715 0.704453 0.864211 0.718702 0.950945 0.915382 0.856529 0.887127 0.824087 0.884121 0.935696 0.965764 0.985709 0.961385 0.881983 0.819942 0.744876 0.821564 0.942917 0.990357 0.750035 0.587877 0.605018 0.674725 0.900520 0.916126 0.830269 0.966248 0.951069 0.959780 0.970025 0.985859 0.954934 0.980048 0.774074 0.900582 0.998563 0.754911 0.786963 0.969114 0.817154 0.977248 0.937486 0.956695 0.846166 0.935470
0.946155 0.919062 0.920389 0.885963 0.661900 0.827484 0.778924 0.757365 0.737394 0.759030 0.935225 0.942617 0.635157 0.792662 0.522031 0.777753 0.944049 0.987120 0.974546 0.959185 0.897102 0.963917 0.575966 0.608838 0.722413 0.900545 0.000000 0.592442 0.970756 0.913800 0.865019 0.888273 0.998772 0.806690 0.933097 0.947212 0.906401 0.964704 0.967627 0.862721 0.925728 0.858206 0.890681 0.887026 0.830264 0.889286 0.901286 0.905712 0.857025 0.844991 0.955889 0.885449 0.951848 0.819724 0.870509 0.923200 0.992766 0.848313 0.949959 0.877016 0.993235 0.905302 0.998890 0.963310 0.557592 0.929494 0.688663 0.662238 0.840192 0.764801 0.745936 0.708953 0.627401 0.784240 0.914117 0.948270 0.845356 0.919858 0.998630 0.767758 0.920523 0.810222 0.733708 0.767093 0.551337 0.517631 0.882617 0.728838 0.626375 0.744357 0.745220 0.836869 0.801015 0.913548 0.936869 0.986127 0.802774 0.757037 0.789108 0.821585 0.662008 0.904110 0.740139 0.965174 0.885418 0.905548 0.969244 0.921343 0.845615 0.956784 0.952149 0.875389 0.844637 0.917146 0.921443 0.955909
0.973977 0.878650 0.963755 0.903470 0.962267 0.939177 0.806947 0.833809 0.776886 0.759450 0.998945 0.968600 0.830855 0.862604 0.774371 0.927026 0.997492 0.974082 0.968374 0.975609 0.770985 0.938531 0.793621 0.805175 0.895270 0.850378 0.592442 0.000000 0.991916 0.928075 0.819519 0.837432 0.938359 0.868534 0.896034 0.830455 0.942451 0.735023 0.953614 0.790204 0.868066 0.937525 0.910964 0.870224 0.771290 0.782808 0.951903 0.983069 0.996267 0.938480 0.939644 0.947300 0.892383 0.741005 0.959437 0.846421 0.961121 0.853690 0.997023 0.841472 0.952225 0.937437 0.987674 0.931476 0.774989 0.892574 0.730502 0.877812 0.770302 0.832590 0.919817 0.896092 0.839309 0.889686 0.956399 0.850182 0.945182 0.881770 0.973721 0.939398 0.942085 0.849589 0.932235 0.872944 0.777715 0.703678 0.968347 0.918565 0.804801 0.726474 0.732432 0.875791 0.788362 0.855288 0.947507 0.903106 0.784988 0.842099 0.849656 0.830618 0.661288 0.763806 0.690214 0.914583 0.917872 0.912039 0.877404 0.862289 0.982361 0.921188 0.838141 0.864516 0.773066 0.920929 0.836419 0.977815
0.456035 0.367337 0.846915 0.567073 0.894997 0.710590 0.433325 0.399122 0.442006 0.412792 0.323880 0.380962 0.601395 0.515843 0.647891 0.467403 0.321195 0.262389 0.371154 0.353550 0.798346 0.919509 0.702771 0.794699 0.895652 0.991896 0.970756 0.991916 0.000000 0.279102 0.648802 0.702735 0.399667 0.305309 0.984855 0.802258 0.767255 0.872464 0.927781 0.852728 0.841589 0.794008 0.511489 0.525495 0.446012 0.459340 0.610456 0.513683 0.432120 0.526589 0.557313 0.604130 0.668761 0.870789 0.713008 0.667055 0.364892 0.443195 0.565866 0.727104 0.381602 0.555077 0.279962 0.299582 0.848198 0.702437 0.587998 0.668971 0.679502 0.589863 0.577582 0.583714 0.551411 0.596164 0.802996 0.828584 0.541294 0.536803 0.520246 0.515542 0.448936 0.529394 0.605088 0.605534 0.776110 0.844722 0.980538 0.949663 0.862415 0.691515 0.667779 0.791686 0.716263 0.858976 0.675809 0.687843 0.847706 0.621973 0.412149 0.476519 0.798370 0.789616 0.601142 0.599261 0.639270 0.668335 0.995033 0.946911 0.735545 0.988667 0.885536 0.513127 0.635530 0.935047 0.855763 0.910771
0.465266 0.423577 0.919891 0.602145 0.796396 0.657356 0.358063 0.364462 0.448569 0.406167 0.306340 0.385265 0.639578 0.524744 0.619619 0.414252 0.304391 0.225047 0.357985 0.382826 0.708549 0.900642 0.686176 0.727806 0.779596 0.867508 0.913800 0.928075 0.279102 0.000000 0.575414 0.646245 0.384269 0.336272 0.971322 0.828943 0.823514 0.852212 0.978505 0.821347 0.838583 0.831280 0.427682 0.368061 0.366917 0.381771 0.632129 0.515080 0.422623 0.534818 0.505663 0.509292 0.593525 0.813866 0.644745 0.660466 0.354007 0.481308 0.532937 0.804759 0.382817 0.545510 0.257963 0.259551 0.937126 0.736299 0.524590 0.597625 0.745003 0.649781 0.600991 0.595693 0.553768 0.584348 0.860461 0.747840 0.586452 0.522282 0.491634 0.449980 0.400894 0.502223 0.588720 0.601129 0.796973 0.817381 0.973317 0.928230 0.882133 0.713056 0.671100 0.874127 0.817370 0.941737 0.625714 0.680971 0.757932 0.651929 0.395295 0.417017 0.810265 0.710210 0.574977 0.589450 0.627253 0.729012 0.912803 0.989356 0.742788 0.957059 0.841924 0.527853 0.536809 0.897079 0.753116 0.996482
0.887248 0.781610 0.612717 0.673089 0.937365 0.826050 0.363161 0.690602 0.441132 0.682656 0.739740 0.898591 0.952501 0.964468 0.860764 0.654507 0.733194 0.640425 0.560171 0.726338 0.648516 0.809418 0.759724 0.930187 0.898275 0.697333 0.865019 0.819519 0.648802 0.575414 0.000000 0.311865 0.463068 0.484935 0.904768 0.908113 0.744450 0.617589 0.775322 0.908709 0.825762 0.764716 0.401747 0.386799 0.508697 0.617971 0.887255 0.881364 0.830907 0.868856 0.602877 0.734522 0.671857 0.676758 0.874190 0.947494 0.607628 0.915671 0.926094 0.833338 0.724151 0.982553 0.802098 0.810422 0.874731 0.962239 0.459029 0.498615 0.850784 0.933132 0.449425 0.432173 0.497211 0.423275 0.978012 0.799750 0.642624 0.437918 0.645874 0.651948 0.799920 0.966186 0.850326 0.941734 0.939224 0.982254 0.797120 0.777471 0.788165 0.817367 0.564060 0.468816 0.583347 0.608415 0.687204 0.856089 0.724658 0.822241 0.580018 0.596564 0.828820 0.508462 0.592272 0.767712 0.677869 0.939277 0.805959 0.800384 0.885402 0.899550 0.861735 0.810521 0.637052 0.886628 0.796343 0.962694
0.942611 0.785777 0.645861 0.696007 0.883371 0.808643 0.426493 0.770787 0.547465 0.796261 0.809904 0.944568 0.942964 0.988554 0.885190 0.676447 0.753637 0.663750 0.563202 0.797010 0.763725 0.688622 0.759189 0.821756 0.875203 0.712452 0.888273 0.837432 0.702735 0.646245 0.311865 0.000000 0.540476 0.554925 0.957999 0.933176 0.811640 0.721932 0.854113 0.878313 0.857818 0.887330 0.459137 0.485736 0.609082 0.693735 0.872182 0.904004 0.880840 0.914332 0.660838 0.766271 0.768072 0.778221 0.939805 0.962392 0.680629 0.925742 0.995848 0.834072 0.810759 0.913772 0.856856 0.894575 0.891814 0.981980 0.543075 0.567252 0.905686 0.903465 0.493649 0.547745 0.546153 0.514950 0.904697 0.887244 0.731790 0.580015 0.674590 0.657824 0.895906 0.945287 0.843376 0.999978 0.963143 0.957694 0.726596 0.967430 0.799005 0.834708 0.671837 0.558319 0.663952 0.735858 0.694963 0.836688 0.818370 0.914911 0.714164 0.675035 0.906294 0.610627 0.687186 0.798166 0.708167 0.934337 0.955069 0.895840 0.945322 0.899301 0.844834 0.853697 0.692407 0.930359 0.785981 0.999265
0.457841 0.396661 0.598487 0.462275 0.797465 0.600200 0.316713 0.475502 0.506511 0.616725 0.445259 0.517011 0.580834 0.614775 0.577845 0.347063 0.438313 0.364060 0.344028 0.463248 0.695967 0.896142 0.516948 0.592499 0.824207 0.765817 0.998772 0.938359 0.399667 0.384269 0.463068 0.540476 0.000000 0.313735 0.930362 0.899389 0.754654 0.658018 0.816392 0.774640 0.710853 0.716896 0.365127 0.372436 0.469431 0.478934 0.538056 0.518760 0.491893 0.510701 0.464560 0.501602 0.681634 0.912412 0.650211 0.668967 0.349719 0.452580 0.547571 0.689248 0.364080 0.624580 0.491329 0.505608 0.602382 0.550471 0.501410 0.515445 0.590808 0.618624 0.560427 0.512155 0.543704 0.450472 0.711633 0.777162 0.568325 0.506462 0.504848 0.516633 0.444116 0.515996 0.575331 0.596395 0.602418 0.623318 0.925516 0.950568 0.814316 0.720533 0.581788 0.652332 0.646432 0.819508 0.646893 0.645257 0.637406 0.548395 0.422734 0.503137 0.863750 0.764947 0.595122 0.757939 0.546856 0.688673 0.909283 0.813098 0.855327 0.962388 0.909404 0.572812 0.503744 0.868752 0.686469 0.906290
0.458814 0.400733 0.698606 0.523604 0.971667 0.621497 0.285499 0.368535 0.390752 0.442038 0.370814 0.461565 0.643725 0.683383 0.721763 0.442691 0.368592 0.305925 0.312693 0.374533 0.713134 0.920586 0.697295 0.800560 0.997820 0.919136 0.806690 0.868534 0.305309 0.336272 0.484935 0.554925 0.313735 0.000000 0.947982 0.909134 0.701881 0.731161 0.797130 0.805575 0.780618 0.786483 0.376519 0.440354 0.391070 0.438567 0.582521 0.505842 0.513961 0.629186 0.541519 0.619102 0.688186 0.850552 0.799581 0.667271 0.341618 0.492669 0.536755 0.739674 0.364952 0.588805 0.422585 0.421244 0.789831 0.670337 0.439359 0.502088 0.672752 0.633553 0.415781 0.440409 0.428974 0.378204 0.727718 0.822460 0.453744 0.454067 0.510116 0.513725 0.485205 0.602161 0.714397 0.681484 0.802809 0.878845 0.851192 0.838706 0.953404 0.850474 0.523811 0.602381 0.603743 0.738084 0.568962 0.551352 0.696378 0.572411 0.299433 0.350303 0.750500 0.662025 0.549063 0.674455 0.533759 0.660154 0.999671 0.824952 0.751879 0.974422 0.846828 0.437137 0.488047 0.786618 0.705494 0.909539
0.841922 0.926690 0.885648 0.878248 0.992858 0.960685 0.883631 0.888827 0.920898 0.834696 0.889643 0.958145 0.941343 0.873744 0.905702 0.942672 0.864055 0.938746 0.858995 0.921904 0.987333 0.846997 0.984950 0.935292 0.957402 0.779795 0.933097 0.896034 0.984855 0.971322 0.904768 0.957999 0.930362 0.947982 0.000000 0.821657 0.987740 0.869940 0.968464 0.934691 0.809857 0.836160 0.767565 0.882791 0.797596 0.806270 0.923189 0.939272 0.960682 0.927183 0.852133 0.925610 0.809457 0.858891 0.925998 0.956627 0.874380 0.973058 0.981981 0.996337 0.907777 0.936355 0.994839 0.979959 0.911179 0.979702 0.796703 0.692250 0.955987 0.991644 0.814573 0.878827 0.991640 0.935334 0.959049 0.956023 0.897344 0.833519 0.975748 0.913305 0.856117 0.821065 0.923620 0.744303 0.911876 0.953888 0.892738 0.868161 0.983754 0.917827 0.789404 0.767188 0.853524 0.914912 0.950206 0.805350 0.902429 0.898856 0.882411 0.892466 0.737483 0.923703 0.853180 0.993644 0.870742 0.898830 0.944761 0.830900 0.894684 0.847173 0.952398 0.974894 0.856667 0.879075 0.848742 0.946098
0.698940 0.684828 0.899999 0.808820 0.991672 0.711330 0.987875 0.836019 0.980296 0.964822 0.683965 0.705494 0.754526 0.664092 0.825565 0.762675 0.700889 0.768536 0.808896 0.730239 0.933363 0.901336 0.965434 0.832272 0.979139 0.980627 0.947212 0.830455 0.802258 0.828943 0.908113 0.933176 0.899389 0.909134 0.821657 0.000000 0.771938 0.982608 0.960949 0.835070 0.762419 0.873257 0.981008 0.934218 0.832027 0.959521 0.814593 0.835627 0.873366 0.827508 0.961101 0.883543 0.938890 0.826411 0.820392 0.819792 0.714799 0.658370 0.806334 0.678835 0.836200 0.758422 0.798604 0.736513 0.929682 0.694068 0.853560 0.943754 0.774783 0.901699 0.920548 0.967705 0.763703 0.915065 0.948981 0.917786 0.797505 0.974004 0.788645 0.870412 0.812579 0.682348 0.844675 0.698689 0.906598 0.877901 0.971158 0.988304 0.885618 0.747523 0.967709 0.947995 0.949481 0.949063 0.946349 0.961541 0.873289 0.960547 0.981705 0.964279 0.923870 0.802445 0.835412 0.925714 0.982467 0.977552 0.981347 0.894682 0.989457 0.857596 0.954041 0.849092 0.960414 0.948706 0.902744 0.969745
0.710399 0.654948 0.566685 0.572859 0.933658 0.773193 0.824606 0.818489 0.773092 0.851194 0.751669 0.751222 0.710958 0.767006 0.751076 0.617521 0.786996 0.767754 0.767524 0.688836 0.613449 0.805202 0.830623 0.791255 0.665144 0.635157 0.906401 0.942451 0.767255 0.823514 0.744450 0.811640 0.754654 0.701881 0.987740 0.771938 0.000000 0.664390 0.680965 0.577855 0.679959 0.693870 0.756648 0.711177 0.890388 0.879690 0.739983 0.796312 0.849238 0.805682 0.767530 0.780082 0.936376 0.974464 0.938376 0.964217 0.652481 0.671937 0.780042 0.773738 0.720596 0.783161 0.866747 0.829386 0.651813 0.667676 0.838313 0.878019 0.588604 0.680643 0.558216 0.640895 0.711219 0.680127 0.994509 0.898507 0.819956 0.730865 0.674397 0.716376 0.716910 0.826172 0.894253 0.787375 0.912646 0.859237 0.687443 0.663600 0.953052 0.945764 0.644653 0.594424 0.586770 0.608764 0.863939 0.827767 0.973213 0.961089 0.759254 0.812191 0.819107 0.746210 0.804586 0.822481 0.804848 0.836929 0.897097 0.903905 0.989132 0.998864 0.936398 0.801165 0.994382 0.909439 0.859891 0.849043
0.752218 0.747700 0.613745 0.596645 0.976593 0.909594 0.735945 0.753240 0.861480 0.839619 0.752334 0.772814 0.808716 0.791332 0.881213 0.678337 0.848412 0.818771 0.751082 0.761492 0.870170 0.851117 0.916629 0.916048 0.802191 0.764789 0.964704 0.735023 0.872464 0.852212 0.617589 0.721932 0.658018 0.731161 0.869940 0.982608 0.664390 0.000000 0.792157 0.804455 0.878015 0.756110 0.741139 0.718629 0.851625 0.798962 0.820856 0.858411 0.910420 0.846585 0.698762 0.738780 0.885105 0.861946 0.798204 0.969770 0.708177 0.750564 0.824989 0.859550 0.743138 0.779767 0.936903 0.876989 0.756795 0.660562 0.774891 0.826010 0.630362 0.755295 0.673924 0.636838 0.755733 0.533784 0.843650 0.733158 0.735167 0.761193 0.619735 0.846236 0.816340 0.901688 0.913700 0.925402 0.974677 0.906100 0.951549 0.773436 0.853952 0.956545 0.665234 0.657994 0.595413 0.615191 0.848124 0.886484 0.850781 0.925495 0.803925 0.930174 0.824673 0.756218 0.737401 0.975874 0.814303 0.784015 0.928095 0.829956 0.969139 0.946139 0.947717 0.829663 0.787364 0.893962 0.595278 0.991190
