0.000000 0.374419 0.628484 0.528565 0.852160 0.647444 0.515788 0.397674 0.697280 0.915089 0.413985 0.306612 0.418157 0.431621 0.668002 0.541816 0.409545 0.434437 0.435765 0.353917 0.856758 0.965173 0.599334 0.604650 0.785620 0.722792 0.962014 0.784467 0.417055 0.491942 0.549772 0.602647 0.357845 0.370131 0.521376 0.782161 0.562152 0.830288 0.862940 0.978523 0.804042 0.839578 0.578847 0.594253 0.667429 0.679650 0.490795 0.575138 0.998336 0.869471 0.831670 0.854688 0.946066 0.954892 0.665515 0.708781 0.378129 0.456328 0.355276 0.561049 0.391769 0.453110 0.326701 0.399194 0.595790 0.520462 0.461548 0.491869 0.574037 0.608847 0.613400 0.654734 0.707511 0.637253 0.903602 0.808508 0.663399 0.746877 0.704390 0.808241 0.396906 0.491326 0.518565 0.665450 0.450590 0.502635 0.888161 0.993651 0.694414 0.556471 0.713434 0.915432 0.756500 0.901686 0.684838 0.778279 0.667783 0.670245 0.536513 0.522931 0.690229 0.723481 0.625081 0.693243 0.496496 0.645420 0.990813 0.708464 0.755142 0.845624 0.950501 0.796416 0.842125 0.913459 0.822963 0.962995
0.374419 0.000000 0.874164 0.757314 0.980531 0.866296 0.772514 0.563535 0.908799 0.917537 0.780783 0.424163 0.770873 0.710081 0.920540 0.712223 0.301506 0.369516 0.666418 0.482563 0.906197 0.930070 0.842001 0.735740 0.821346 0.813201 0.965643 0.995587 0.459028 0.488227 0.741801 0.773508 0.544451 0.578928 0.759252 0.794691 0.725267 0.897010 0.939094 0.906965 0.717106 0.839161 0.652909 0.623962 0.606686 0.542886 0.608235 0.626636 0.746762 0.704837 0.666403 0.706991 0.930953 0.967387 0.633507 0.696129 0.276503 0.213816 0.549185 0.488178 0.630551 0.394863 0.563935 0.413609 0.791705 0.600056 0.658221 0.628981 0.413793 0.505333 0.798797 0.855753 0.703605 0.690034 0.806271 0.791727 0.787707 0.833173 0.603495 0.652653 0.310908 0.403046 0.508711 0.528420 0.649626 0.571784 0.939084 0.930686 0.780732 0.575907 0.891458 0.918671 0.899461 0.892187 0.598707 0.967876 0.556763 0.672210 0.594057 0.619885 0.885624 0.929040 0.658069 0.831108 0.582164 0.711799 0.911569 0.790797 0.763104 0.730371 0.788175 0.613420 0.887640 0.827781 0.734552 0.991805
0.628484 0.874164 0.000000 0.216651 0.751781 0.805820 0.214149 0.328268 0.434106 0.702461 0.476639 0.697576 0.399933 0.513151 0.414201 0.431753 0.942068 0.854393 0.372838 0.561267 0.728071 0.952811 0.263003 0.386904 0.472202 0.333932 0.939597 0.875327 0.646505 0.746550 0.287629 0.438376 0.381102 0.317766 0.454426 0.728190 0.509169 0.785020 0.892525 0.867381 0.890085 0.892172 0.476108 0.582640 0.558723 0.638357 0.549567 0.454190 0.950855 0.861115 0.680243 0.757779 0.702329 0.700651 0.571518 0.694073 0.978505 0.989860 0.543819 0.795518 0.412987 0.693445 0.610218 0.875417 0.248746 0.422479 0.334271 0.384152 0.833401 0.984573 0.477420 0.498367 0.777298 0.760764 0.840023 0.941838 0.510403 0.598837 0.832435 0.833602 0.855041 0.744817 0.664055 0.840596 0.352978 0.432140 0.780300 0.776348 0.703731 0.695944 0.551331 0.647874 0.656509 0.634262 0.676740 0.868048 0.721073 0.865395 0.611128 0.551896 0.672459 0.722629 0.747778 0.829002 0.646387 0.597123 0.906452 0.677089 0.743221 0.972625 0.837821 0.923797 0.803931 0.890445 0.857125 0.865959
0.528565 0.757314 0.216651 0.000000 0.817209 0.701848 0.201031 0.243877 0.471829 0.733148 0.389201 0.563974 0.377703 0.420615 0.470397 0.441270 0.826491 0.714360 0.284651 0.417518 0.784977 0.971550 0.286995 0.286668 0.465250 0.375790 0.928644 0.779903 0.594802 0.679255 0.265554 0.381651 0.302595 0.259135 0.430222 0.674399 0.556873 0.823174 0.889185 0.857501 0.856929 0.883763 0.431626 0.512720 0.542730 0.623248 0.482021 0.440429 0.974089 0.869220 0.679492 0.783913 0.720935 0.757920 0.583041 0.674363 0.871184 0.923270 0.511128 0.773457 0.405229 0.636786 0.535950 0.800619 0.299564 0.355417 0.280705 0.304664 0.790770 0.952824 0.442780 0.461151 0.701164 0.691909 0.739969 0.905895 0.509808 0.595014 0.750119 0.817098 0.753652 0.648147 0.596677 0.812743 0.343849 0.376012 0.789947 0.708672 0.648204 0.620280 0.523068 0.674805 0.633428 0.684154 0.701294 0.799904 0.692679 0.783835 0.542435 0.457143 0.611897 0.619379 0.684570 0.711162 0.592528 0.582249 0.951283 0.718171 0.714560 0.981243 0.811793 0.867753 0.795967 0.928089 0.829063 0.846313
0.852160 0.980531 0.751781 0.817209 0.000000 0.865195 0.787921 0.782200 0.721130 0.765215 0.941802 0.904027 0.737878 0.778304 0.601642 0.811635 0.970840 0.985090 0.818811 0.909451 0.844637 0.877413 0.690403 0.916854 0.888844 0.936094 0.853044 0.812956 0.922342 0.958929 0.769143 0.928943 0.741189 0.753260 0.676019 0.874384 0.769837 0.826196 0.897233 0.994842 0.896973 0.997141 0.739937 0.838206 0.892881 0.949896 0.841820 0.809879 0.933560 0.926583 0.856613 0.789619 0.831141 0.814188 0.945582 0.896998 0.956237 0.930105 0.651001 0.732729 0.698152 0.906086 0.708505 0.861370 0.661628 0.809370 0.697753 0.732187 0.927342 0.902188 0.804436 0.694036 0.921881 0.980156 0.939590 0.961551 0.880524 0.868987 0.921499 0.934375 0.988878 0.869504 0.828717 0.985989 0.723890 0.865528 0.977879 0.831447 0.746898 0.925064 0.724751 0.736461 0.766821 0.685503 0.972016 0.982656 0.860110 0.877049 0.712570 0.855344 0.988194 0.918416 0.752677 0.833788 0.842308 0.574090 0.868654 0.635062 0.867846 0.977824 0.864376 0.862604 0.843872 0.838771 0.867392 0.889543
0.647444 0.866296 0.805820 0.701848 0.865195 0.000000 0.658020 0.625029 0.755137 0.833955 0.634505 0.642395 0.722614 0.780424 0.881163 0.810790 0.825079 0.761045 0.609523 0.635483 0.854188 0.950694 0.844073 0.804299 0.997787 0.838892 0.978464 0.703053 0.793693 0.885769 0.869412 0.808584 0.721047 0.672488 0.754904 0.872305 0.812146 0.960531 0.891955 0.948695 0.875925 0.906566 0.605409 0.669380 0.716761 0.726235 0.655942 0.740272 0.937025 0.851622 0.868416 0.876031 0.877801 0.889384 0.815653 0.890875 0.761652 0.928198 0.714179 0.855182 0.714957 0.731965 0.765566 0.873631 0.797793 0.682109 0.634840 0.593617 0.934315 0.937056 0.796637 0.821621 0.821444 0.691086 0.999521 0.939761 0.698181 0.732636 0.782756 0.988072 0.796185 0.844008 0.990599 0.963469 0.796507 0.831427 0.861279 0.926467 0.844185 0.802683 0.687223 0.767604 0.773885 0.779860 0.950489 0.923309 0.843314 0.912624 0.660457 0.708755 0.827150 0.777208 0.656578 0.670051 0.828939 0.888306 0.985464 0.895765 0.999313 0.947947 0.976421 0.914212 0.965274 0.900557 0.993643 0.901314
0.515788 0.772514 0.214149 0.201031 0.787921 0.658020 0.000000 0.206792 0.453025 0.588087 0.413819 0.565844 0.375667 0.458353 0.439123 0.451236 0.852609 0.724151 0.280841 0.435454 0.763050 0.977054 0.292990 0.423820 0.595600 0.408786 0.992462 0.827323 0.570979 0.736116 0.325526 0.435091 0.320312 0.281342 0.419591 0.631895 0.550377 0.829790 0.989468 0.849117 0.814803 0.937115 0.361642 0.470026 0.455186 0.530471 0.454373 0.404656 0.896803 0.790074 0.622030 0.676350 0.638608 0.660934 0.576647 0.673617 0.880885 0.914942 0.441428 0.756029 0.400137 0.636605 0.566316 0.833257 0.299400 0.362767 0.240604 0.294472 0.841703 0.913738 0.376315 0.404389 0.678172 0.654952 0.844317 0.898782 0.426567 0.546813 0.767000 0.850512 0.806016 0.748041 0.648929 0.903062 0.355317 0.463260 0.773511 0.803363 0.752213 0.695357 0.423122 0.544008 0.533737 0.553031 0.690824 0.771249 0.644518 0.730410 0.451845 0.374707 0.579430 0.545222 0.642149 0.686213 0.574279 0.520776 0.935834 0.639087 0.742226 0.966816 0.823586 0.797794 0.730427 0.873346 0.810516 0.941665
0.397674 0.563535 0.328268 0.243877 0.782200 0.625029 0.206792 0.000000 0.540877 0.617449 0.381499 0.414506 0.384975 0.380475 0.540260 0.491530 0.679399 0.583758 0.238131 0.322069 0.862114 0.996269 0.372277 0.420509 0.664400 0.500584 0.944524 0.811139 0.442046 0.651304 0.342955 0.443143 0.258765 0.245521 0.421809 0.650069 0.576508 0.896655 0.982548 0.897434 0.782960 0.996338 0.336646 0.434280 0.450657 0.495819 0.416207 0.422638 0.851381 0.773709 0.635033 0.702199 0.691157 0.778174 0.581501 0.646452 0.643477 0.696071 0.393074 0.651118 0.371716 0.502941 0.456451 0.681365 0.384788 0.348083 0.271200 0.271594 0.738518 0.751356 0.434168 0.410852 0.634211 0.564392 0.766398 0.819244 0.483393 0.564159 0.717911 0.807723 0.672766 0.648440 0.567338 0.825348 0.374115 0.454357 0.757520 0.802845 0.723672 0.608686 0.481289 0.655705 0.572831 0.701234 0.711103 0.744752 0.567781 0.665601 0.414069 0.333365 0.560983 0.567087 0.562769 0.642994 0.519512 0.513795 0.993944 0.637913 0.668700 0.873813 0.752366 0.759907 0.725468 0.880914 0.795154 0.953681
0.697280 0.908799 0.434106 0.471829 0.721130 0.755137 0.453025 0.540877 0.000000 0.531598 0.734946 0.778058 0.616666 0.786402 0.515275 0.546691 0.872310 0.849056 0.696281 0.708468 0.724955 0.952462 0.516481 0.716017 0.670323 0.516204 0.957269 0.748480 0.653526 0.761178 0.576869 0.797275 0.614587 0.587393 0.577736 0.923266 0.534776 0.697816 0.823717 0.882708 0.906961 0.815448 0.559041 0.624078 0.599409 0.653539 0.701497 0.626283 0.961478 0.856913 0.640849 0.616905 0.557963 0.549620 0.665964 0.680393 0.937501 0.991504 0.517456 0.815482 0.549341 0.758157 0.710028 0.814189 0.446384 0.699835 0.496435 0.613974 0.813827 0.913042 0.462170 0.496749 0.636537 0.753572 0.947478 0.907072 0.464181 0.581475 0.762221 0.984659 0.832593 0.949795 0.808412 0.893011 0.644499 0.774894 0.910168 0.931359 0.764544 0.754534 0.471941 0.486011 0.521236 0.456150 0.778809 0.967223 0.591682 0.804312 0.545068 0.515361 0.769785 0.701444 0.666920 0.767986 0.631059 0.489274 0.698741 0.590925 0.763453 0.954342 0.831587 0.851058 0.724074 0.707821 0.799203 0.897259
0.915089 0.917537 0.702461 0.733148 0.765215 0.833955 0.588087 0.617449 0.531598 0.000000 0.965718 0.957849 0.890185 0.919630 0.620242 0.752862 0.892960 0.830679 0.764433 0.840943 0.911319 0.958187 0.729761 0.960765 0.988688 0.868852 0.955592 0.893459 0.769761 0.922175 0.770065 0.935397 0.822886 0.747251 0.673642 0.756762 0.711949 0.918477 0.896895 0.852135 0.703110 0.841050 0.527413 0.607911 0.548044 0.580324 0.855632 0.771923 0.830100 0.768298 0.536889 0.513062 0.495731 0.484289 0.935807 0.866811 0.968765 0.910635 0.644743 0.966902 0.841992 0.943057 0.917488 0.956619 0.794955 0.888834 0.589776 0.694957 0.946372 0.850251 0.408910 0.423796 0.637975 0.666533 0.968297 0.987189 0.495217 0.567756 0.889451 0.889249 0.972807 0.795120 0.897847 0.935831 0.895495 0.926190 0.857793 0.813329 0.939508 0.897524 0.359891 0.361885 0.377765 0.380403 0.830497 0.988875 0.573494 0.710338 0.476638 0.481677 0.697214 0.612415 0.518039 0.732900 0.725370 0.559459 0.912451 0.434807 0.838936 0.850909 0.748846 0.684272 0.619102 0.679128 0.781085 0.798430
0.413985 0.780783 0.476639 0.389201 0.941802 0.634505 0.413819 0.381499 0.734946 0.965718 0.000000 0.429438 0.271352 0.308901 0.627980 0.562663 0.752747 0.704793 0.310753 0.383048 0.880321 0.820810 0.471975 0.433604 0.827615 0.651437 0.943671 0.776629 0.559155 0.643343 0.453636 0.438633 0.361508 0.340948 0.574416 0.838953 0.680271 0.981698 0.919451 0.907483 0.898562 0.992559 0.647626 0.698729 0.815136 0.852471 0.558871 0.632461 0.810012 0.956128 0.960933 0.888431 0.976546 0.903408 0.700774 0.827515 0.737490 0.863872 0.544476 0.739732 0.365494 0.583146 0.355908 0.657490 0.500756 0.435038 0.457399 0.427291 0.893679 0.956659 0.679628 0.704944 0.857914 0.797196 0.895628 0.770054 0.782186 0.799592 0.873141 0.800640 0.711603 0.647370 0.773283 0.870639 0.414267 0.491843 0.769444 0.761026 0.753730 0.692269 0.788791 0.919014 0.872982 0.913188 0.876524 0.776676 0.910446 0.892583 0.723803 0.630225 0.589276 0.706882 0.810008 0.785142 0.687200 0.750008 0.932822 0.845086 0.836231 0.942676 0.994932 0.966349 0.910729 0.891176 0.909013 0.772499
0.306612 0.424163 0.697576 0.563974 0.904027 0.642395 0.565844 0.414506 0.778058 0.957849 0.429438 0.000000 0.459686 0.425229 0.715210 0.578216 0.472984 0.409628 0.482552 0.378772 0.852963 0.967922 0.603489 0.566656 0.918707 0.778632 0.999982 0.869648 0.443557 0.440101 0.604306 0.630040 0.359876 0.412277 0.646417 0.798637 0.711429 0.876254 0.914908 0.987921 0.788308 0.889607 0.683253 0.697506 0.688970 0.692924 0.620505 0.575504 0.972305 0.928053 0.964642 0.917340 0.981194 0.909077 0.697647 0.787855 0.447319 0.470281 0.426462 0.487494 0.356626 0.317521 0.347024 0.353704 0.625488 0.415137 0.511772 0.465982 0.686225 0.548034 0.760588 0.728746 0.818328 0.711355 0.854448 0.839147 0.798875 0.828856 0.698769 0.681536 0.436626 0.518793 0.616079 0.725232 0.508463 0.529302 0.779117 0.883316 0.737357 0.549262 0.799101 0.998117 0.864227 0.972165 0.810176 0.925458 0.742743 0.768938 0.640435 0.611286 0.742706 0.743958 0.720140 0.779885 0.592149 0.675784 0.987637 0.841732 0.792539 0.910780 0.906355 0.793750 0.964598 0.976279 0.804322 0.961923
0.418157 0.770873 0.399933 0.377703 0.737878 0.722614 0.375667 0.384975 0.616666 0.890185 0.271352 0.459686 0.000000 0.264335 0.411013 0.431831 0.815714 0.750393 0.361803 0.406007 0.721553 0.956462 0.312277 0.377027 0.744811 0.642986 0.889587 0.778139 0.572515 0.620190 0.431765 0.452124 0.299650 0.303223 0.525358 0.808108 0.663226 0.900617 0.962103 0.941063 0.877087 0.933878 0.610764 0.694791 0.857935 0.908296 0.561187 0.583301 0.716429 0.858512 0.994483 0.981167 0.993776 0.987964 0.709315 0.847978 0.773551 0.862766 0.408526 0.598614 0.262180 0.576871 0.286802 0.604994 0.379732 0.389632 0.419499 0.441564 0.849999 0.899426 0.607576 0.641035 0.865907 0.876495 0.823177 0.715315 0.738186 0.722863 0.926100 0.796967 0.721539 0.730983 0.638557 0.973432 0.313607 0.416284 0.684950 0.857924 0.673322 0.698914 0.753236 0.874779 0.901376 0.821248 0.858080 0.808000 0.883002 0.875495 0.694125 0.641987 0.668902 0.733541 0.792255 0.803839 0.671382 0.607299 0.971106 0.730410 0.750359 0.999318 0.958374 0.957161 0.935556 0.966505 0.862383 0.828967
0.431621 0.710081 0.513151 0.420615 0.778304 0.780424 0.458353 0.380475 0.786402 0.919630 0.308901 0.425229 0.264335 0.000000 0.490832 0.457096 0.818988 0.674345 0.363691 0.387850 0.848028 0.993323 0.397415 0.387108 0.789906 0.727974 0.938710 0.732320 0.588599 0.570287 0.426871 0.427388 0.279476 0.316215 0.571011 0.723496 0.638611 0.994094 0.854693 0.984575 0.928768 0.918474 0.664882 0.758738 0.896508 0.943018 0.667353 0.672138 0.698356 0.813075 0.977036 0.908284 0.941795 0.908863 0.881137 0.930866 0.658672 0.774396 0.474895 0.651723 0.335614 0.574754 0.291532 0.569006 0.488908 0.387118 0.462637 0.397440 0.950723 0.854763 0.696496 0.592081 0.917934 0.828649 0.745740 0.712610 0.823138 0.795173 0.838985 0.779255 0.700302 0.733924 0.574668 0.907386 0.364575 0.403596 0.718989 0.783984 0.661297 0.668330 0.779524 0.988994 0.870366 0.965620 0.933969 0.753083 0.892336 0.900593 0.710374 0.679569 0.584816 0.750845 0.796438 0.887272 0.664399 0.695791 0.915453 0.810953 0.729357 0.988198 0.925821 0.975482 0.999090 0.928195 0.888628 0.840558
0.668002 0.920540 0.414201 0.470397 0.601642 0.881163 0.439123 0.540260 0.515275 0.620242 0.627980 0.715210 0.411013 0.490832 0.000000 0.397681 0.947794 0.848421 0.623128 0.679458 0.660950 0.924517 0.323604 0.565843 0.655524 0.625898 0.831135 0.781726 0.717932 0.707512 0.453609 0.643675 0.476535 0.480774 0.542977 0.747366 0.548725 0.785372 0.915208 0.988046 0.861652 0.928371 0.671834 0.816225 0.765799 0.854480 0.763530 0.681365 0.781313 0.921717 0.796895 0.791816 0.759381 0.726863 0.842240 0.883875 0.972686 0.959122 0.479740 0.701569 0.397291 0.731373 0.517008 0.696452 0.382758 0.538930 0.459740 0.519557 0.915336 0.920089 0.517247 0.487093 0.860662 0.928116 0.893516 0.905794 0.675633 0.741879 0.834474 0.909081 0.855295 0.967342 0.627665 0.884828 0.402030 0.544282 0.665023 0.950952 0.756583 0.767696 0.624835 0.688602 0.734937 0.623364 0.760562 0.876254 0.810041 0.830063 0.667256 0.694322 0.818362 0.829598 0.750655 0.899399 0.655845 0.536667 0.764609 0.624771 0.731608 0.995044 0.879814 0.889712 0.976979 0.840561 0.818090 0.947311
0.541816 0.712223 0.431753 0.441270 0.811635 0.810790 0.451236 0.491530 0.546691 0.752862 0.562663 0.578216 0.431831 0.457096 0.397681 0.000000 0.763030 0.579747 0.553588 0.527368 0.620005 0.982947 0.365788 0.470389 0.572665 0.443821 0.892260 0.884387 0.490095 0.449224 0.386576 0.481731 0.382187 0.415764 0.553844 0.652026 0.426945 0.735896 0.990868 0.966954 0.902071 0.961826 0.675713 0.742544 0.701625 0.722919 0.679366 0.667655 0.885153 0.950218 0.747622 0.774554 0.790845 0.776041 0.742770 0.880369 0.794300 0.785383 0.561833 0.757303 0.424722 0.578901 0.502431 0.594878 0.435214 0.467196 0.479357 0.515305 0.835009 0.878904 0.556802 0.556013 0.792167 0.746414 0.743644 0.911143 0.678093 0.762940 0.632984 0.676995 0.555248 0.679404 0.609902 0.742030 0.405084 0.431470 0.790724 0.912728 0.731860 0.761571 0.613217 0.831026 0.707284 0.714292 0.705843 0.864695 0.669982 0.849358 0.633226 0.704320 0.704906 0.820467 0.765055 0.934414 0.646221 0.727066 0.881264 0.746735 0.732096 0.929300 0.877587 0.869432 0.934806 0.930901 0.853632 0.899949
0.409545 0.301506 0.942068 0.826491 0.970840 0.825079 0.852609 0.679399 0.872310 0.892960 0.752747 0.472984 0.815714 0.818988 0.947794 0.763030 0.000000 0.316379 0.740837 0.564036 0.882239 0.992994 0.904775 0.861410 0.874112 0.901324 0.943706 0.973924 0.461212 0.474028 0.764625 0.817086 0.658150 0.656124 0.774248 0.811343 0.685427 0.797873 0.949505 0.807113 0.690666 0.746196 0.769886 0.667222 0.662606 0.628362 0.744612 0.795297 0.845886 0.778831 0.770484 0.786100 0.922998 0.985553 0.701032 0.710444 0.341113 0.275654 0.661987 0.676350 0.711676 0.510645 0.586029 0.388814 0.893533 0.735075 0.700738 0.697503 0.485737 0.614508 0.770306 0.821189 0.752433 0.652888 0.951060 0.794627 0.835679 0.825634 0.696489 0.840684 0.303587 0.489813 0.660156 0.509509 0.782095 0.721207 0.997581 0.968455 0.866994 0.656363 0.847695 0.993084 0.820017 0.994112 0.554706 0.969648 0.617051 0.615340 0.681095 0.646867 0.869480 0.898908 0.658323 0.705050 0.580081 0.772934 0.959438 0.769264 0.889118 0.823644 0.890176 0.672466 0.897449 0.860855 0.789737 0.903018
0.434437 0.369516 0.854393 0.714360 0.985090 0.761045 0.724151 0.583758 0.849056 0.830679 0.704793 0.409628 0.750393 0.674345 0.848421 0.579747 0.316379 0.000000 0.646217 0.507142 0.824598 0.880054 0.787548 0.744373 0.794072 0.744381 0.937246 0.942466 0.423798 0.346873 0.651326 0.645243 0.533369 0.583830 0.703219 0.666670 0.572743 0.728387 0.968475 0.870746 0.757985 0.786254 0.738247 0.670162 0.603003 0.592682 0.734144 0.746823 0.925831 0.818831 0.754155 0.774000 0.872229 0.937826 0.698947 0.854747 0.352969 0.340195 0.671266 0.751748 0.679254 0.522456 0.563529 0.367568 0.821155 0.628361 0.587308 0.600013 0.553244 0.636466 0.691164 0.696620 0.705364 0.589347 0.927601 0.828729 0.781645 0.760788 0.551255 0.664945 0.261878 0.451382 0.532594 0.573168 0.736691 0.621046 0.926426 0.970799 0.819062 0.706465 0.717349 0.925999 0.684819 0.923649 0.704199 0.960979 0.575133 0.733313 0.617305 0.628937 0.709602 0.818553 0.606171 0.729168 0.541973 0.779295 0.999337 0.819561 0.844142 0.804725 0.931224 0.727657 0.962323 0.892163 0.841553 0.965493
0.435765 0.666418 0.372838 0.284651 0.818811 0.609523 0.280841 0.238131 0.696281 0.764433 0.310753 0.482552 0.361803 0.363691 0.623128 0.553588 0.740837 0.646217 0.000000 0.333384 0.902831 0.912444 0.411716 0.408268 0.696405 0.559248 0.996443 0.757525 0.532425 0.681883 0.373465 0.417974 0.294283 0.261122 0.451650 0.668533 0.625044 0.936064 0.902641 0.890991 0.793868 0.934857 0.435344 0.498962 0.594378 0.645930 0.456525 0.496810 0.973527 0.884163 0.795825 0.879501 0.843468 0.927089 0.642870 0.755009 0.661276 0.792583 0.513164 0.766320 0.453830 0.623744 0.459214 0.753097 0.464413 0.400575 0.332977 0.313845 0.817620 0.856565 0.526203 0.564448 0.742813 0.678138 0.772255 0.775354 0.592843 0.645909 0.807072 0.818206 0.709213 0.627641 0.648712 0.904675 0.397275 0.452940 0.797538 0.769678 0.689722 0.692912 0.582288 0.768368 0.695865 0.800597 0.789805 0.740131 0.756513 0.774767 0.501138 0.467182 0.575287 0.612216 0.654418 0.667977 0.592932 0.653553 0.945332 0.703922 0.780450 0.971957 0.925427 0.775764 0.758485 0.944548 0.956949 0.892057
0.353917 0.482563 0.561267 0.417518 0.909451 0.635483 0.435454 0.322069 0.708468 0.840943 0.383048 0.378772 0.406007 0.387850 0.679458 0.527368 0.564036 0.507142 0.333384 0.000000 0.843695 0.989535 0.574184 0.482002 0.758914 0.653273 0.952687 0.775060 0.393660 0.581333 0.520686 0.460904 0.314472 0.345135 0.644089 0.779275 0.671608 0.971281 0.930014 0.893722 0.844556 0.945875 0.505843 0.542952 0.611971 0.615559 0.484766 0.534894 0.902095 0.808648 0.777852 0.855747 0.882421 0.966457 0.676313 0.751406 0.517349 0.586461 0.480359 0.656248 0.482885 0.514518 0.443295 0.621548 0.568938 0.462199 0.480862 0.457984 0.644308 0.728937 0.617546 0.703211 0.692322 0.640903 0.730234 0.653509 0.636929 0.712543 0.758719 0.773431 0.542917 0.458614 0.564242 0.742699 0.462067 0.467995 0.740541 0.734172 0.771792 0.681596 0.704140 0.901099 0.810303 0.925542 0.711345 0.972454 0.736938 0.750627 0.556820 0.488609 0.638557 0.669449 0.588263 0.690312 0.545971 0.718011 0.934649 0.781885 0.744394 0.965837 0.971033 0.754078 0.818201 0.903098 0.849009 0.934256
0.856758 0.906197 0.728071 0.784977 0.844637 0.854188 0.763050 0.862114 0.724955 0.911319 0.880321 0.852963 0.721553 0.848028 0.660950 0.620005 0.882239 0.824598 0.902831 0.843695 0.000000 0.949638 0.712881 0.791298 0.748182 0.728908 0.840311 0.988021 0.898277 0.753142 0.757533 0.902712 0.759440 0.769312 0.879243 0.833807 0.728963 0.652669 0.959572 0.803287 0.849959 0.979559 0.883873 0.938265 0.899941 0.935580 0.870618 0.891992 0.883658 0.923889 0.923374 0.937893 0.962092 0.808932 0.824239 0.852063 0.988995 0.920375 0.753391 0.809017 0.713736 0.818475 0.802561 0.827788 0.659202 0.740643 0.729430 0.786692 0.746276 0.971739 0.697909 0.810929 0.991164 0.960779 0.993393 0.934235 0.853984 0.769328 0.973010 0.765484 0.735210 0.879108 0.777346 0.888243 0.745681 0.727648 0.754325 0.766470 0.818853 0.937348 0.821017 0.849663 0.886315 0.750553 0.856695 0.894905 0.869124 0.987718 0.795025 0.923656 0.930841 0.980941 0.902814 0.953372 0.838204 0.721725 0.815541 0.949535 0.996752 0.981668 0.966530 0.827811 0.961643 0.981038 0.795246 0.951116
0.965173 0.930070 0.952811 0.971550 0.877413 0.950694 0.977054 0.996269 0.952462 0.958187 0.820810 0.967922 0.956462 0.993323 0.924517 0.982947 0.992994 0.880054 0.912444 0.989535 0.949638 0.000000 0.976639 0.937038 0.825421 0.966818 0.803035 0.810342 0.991993 0.931400 0.911264 0.961280 0.981260 0.996413 0.953631 0.944107 0.915427 0.983268 0.991179 0.930777 0.958452 0.933205 0.990504 0.978852 0.894481 0.957911 0.991834 0.977991 0.983331 0.993998 0.797797 0.857953 0.941653 0.848357 0.992813 0.974546 0.906667 0.920784 0.976640 0.959965 0.991906 0.994707 0.989024 0.890950 0.995323 0.995454 0.998309 0.987812 0.760912 0.844211 0.907556 0.898105 0.951013 0.907693 0.859139 0.953258 0.897785 0.782606 0.940635 0.930867 0.914636 0.951015 0.764919 0.938808 0.972300 0.871240 0.994027 0.984725 0.854481 0.835804 0.939202 0.941690 0.915318 0.964118 0.893792 0.921814 0.895117 0.918093 0.922174 0.924507 0.994240 0.855046 0.818154 0.991352 0.812127 0.952301 0.932798 0.948716 0.909474 0.988635 0.839675 0.923048 0.904649 0.920215 0.872593 0.997709
0.599334 0.842001 0.263003 0.286995 0.690403 0.844073 0.292990 0.372277 0.516481 0.729761 0.471975 0.603489 0.312277 0.397415 0.323604 0.365788 0.904775 0.787548 0.411716 0.574184 0.712881 0.976639 0.000000 0.313644 0.496161 0.485114 0.841684 0.911938 0.693206 0.601642 0.293193 0.405638 0.312213 0.301424 0.473052 0.691310 0.561835 0.843762 0.911134 0.929003 0.882689 0.826086 0.615203 0.719317 0.790203 0.824983 0.619630 0.567788 0.768651 0.891461 0.848516 0.846935 0.871060 0.811715 0.744959 0.817811 0.947853 0.922682 0.527407 0.668473 0.313347 0.596807 0.433690 0.670303 0.265436 0.341443 0.375222 0.371084 0.881291 0.994804 0.504539 0.528672 0.936828 0.916304 0.783973 0.882093 0.656600 0.633570 0.835457 0.753244 0.752253 0.802761 0.607189 0.920970 0.263857 0.369613 0.779980 0.848657 0.612602 0.578177 0.664211 0.780796 0.768071 0.717239 0.733763 0.794903 0.774322 0.842404 0.662900 0.634785 0.739626 0.746812 0.869634 0.889322 0.672229 0.542903 0.921903 0.714216 0.867154 0.944210 0.834015 0.961220 0.915962 0.958907 0.829610 0.939512
0.604650 0.735740 0.386904 0.286668 0.916854 0.804299 0.423820 0.420509 0.716017 0.960765 0.433604 0.566656 0.377027 0.387108 0.565843 0.470389 0.861410 0.744373 0.408268 0.482002 0.791298 0.937038 0.313644 0.000000 0.468968 0.500593 0.874575 0.861089 0.690100 0.584811 0.358558 0.339191 0.332061 0.341149 0.615110 0.781468 0.694505 0.898349 0.796629 0.958951 0.997461 0.757347 0.686451 0.750601 0.827192 0.855798 0.625915 0.598805 0.833609 0.907832 0.921383 0.970526 0.964316 0.970716 0.677194 0.825889 0.832671 0.891394 0.659679 0.723943 0.419171 0.581022 0.496437 0.710046 0.401341 0.339947 0.504251 0.422918 0.831226 0.933337 0.701725 0.753537 0.958948 0.904184 0.656005 0.844617 0.831448 0.764424 0.766653 0.666273 0.680425 0.583782 0.539042 0.794047 0.342477 0.281832 0.772578 0.581013 0.568121 0.579532 0.880403 0.969797 0.993509 0.969932 0.763984 0.828275 0.857400 0.977119 0.794925 0.747681 0.778690 0.887773 0.949614 0.924906 0.731020 0.766003 0.934731 0.997866 0.818438 0.935678 0.883678 0.996690 0.981564 0.978404 0.855175 0.838355
0.785620 0.821346 0.472202 0.465250 0.888844 0.997787 0.595600 0.664400 0.670323 0.988688 0.827615 0.918707 0.744811 0.789906 0.655524 0.572665 0.874112 0.794072 0.696405 0.758914 0.748182 0.825421 0.496161 0.468968 0.000000 0.408096 0.765497 0.926447 0.879058 0.657086 0.438586 0.547694 0.606466 0.587857 0.614163 0.739465 0.545044 0.709565 0.744951 0.937672 0.900116 0.917780 0.826483 0.855675 0.803067 0.857680 0.729550 0.772133 0.999466 0.944212 0.723468 0.907767 0.874426 0.850821 0.697488 0.823305 0.959235 0.885973 0.903054 0.938367 0.727106 0.819379 0.785439 0.832125 0.474536 0.624885 0.611904 0.644345 0.685808 0.860162 0.651444 0.794053 0.950526 0.983577 0.792044 0.979525 0.719707 0.719924 0.810960 0.809337 0.675051 0.598241 0.550207 0.659359 0.531973 0.435720 0.976046 0.767714 0.584061 0.567252 0.878629 0.987110 0.874705 0.972710 0.616787 0.847893 0.715439 0.852985 0.836227 0.852700 0.997035 0.961714 0.945529 0.998265 0.785321 0.843997 0.896932 0.933748 0.921221 0.895281 0.829696 0.985245 0.896663 0.943867 0.951022 0.882034
0.722792 0.813201 0.333932 0.375790 0.936094 0.838892 0.408786 0.500584 0.516204 0.868852 0.651437 0.778632 0.642986 0.727974 0.625898 0.443821 0.901324 0.744381 0.559248 0.653273 0.728908 0.966818 0.485114 0.500593 0.408096 0.000000 0.917492 0.987405 0.661207 0.703680 0.410582 0.513755 0.531554 0.521676 0.641499 0.667263 0.507091 0.706522 0.962791 0.996819 0.963275 0.947917 0.599267 0.694873 0.557784 0.588472 0.614298 0.612307 0.804979 0.760611 0.598887 0.735570 0.689904 0.710909 0.526509 0.804228 0.985643 0.950768 0.765360 0.929488 0.616246 0.736265 0.794309 0.899305 0.387182 0.540782 0.508281 0.556803 0.750902 0.912408 0.625384 0.676296 0.777704 0.806068 0.875700 0.947953 0.587537 0.649109 0.680244 0.813388 0.713168 0.625084 0.695312 0.713565 0.515375 0.482703 0.945012 0.818103 0.706137 0.722847 0.657360 0.796032 0.710040 0.737837 0.653692 0.797671 0.657054 0.844086 0.665867 0.695818 0.788257 0.895017 0.836861 0.895638 0.724144 0.758624 0.858042 0.831507 0.765557 0.966317 0.868363 0.935193 0.909536 0.930325 0.909484 0.876982
0.962014 0.965643 0.939597 0.928644 0.853044 0.978464 0.992462 0.944524 0.957269 0.955592 0.943671 0.999982 0.889587 0.938710 0.831135 0.892260 0.943706 0.937246 0.996443 0.952687 0.840311 0.803035 0.841684 0.874575 0.765497 0.917492 0.000000 0.903941 0.906025 0.910407 0.926046 0.962114 0.925642 0.927831 0.969186 0.823798 0.876622 0.839569 0.841708 0.895440 0.757209 0.994861 0.895044 0.958046 0.920458 0.847357 0.927250 0.834186 0.770027 0.833912 0.945948 0.945350 0.860566 0.964718 0.994318 0.914555 0.933981 0.924296 0.947968 0.887762 0.910554 0.983184 0.863933 0.863903 0.885459 0.822864 0.873021 0.831130 0.955034 0.902927 0.947349 0.977162 0.803870 0.836573 0.947592 0.923168 0.943275 0.855519 0.962940 0.892973 0.846778 0.972322 0.853282 0.911820 0.862502 0.790255 0.932443 0.947423 0.697843 0.851863 0.951604 0.925104 0.963363 0.994208 0.785590 0.958748 0.974473 0.870577 0.916290 0.982060 0.899284 0.866013 0.961436 0.983117 0.982180 0.934851 0.981258 0.925258 0.950506 0.896445 0.930902 0.958201 0.823012 0.819613 0.875518 0.969461
0.784467 0.995587 0.875327 0.779903 0.812956 0.703053 0.827323 0.811139 0.748480 0.893459 0.776629 0.869648 0.778139 0.732320 0.781726 0.884387 0.973924 0.942466 0.757525 0.775060 0.988021 0.810342 0.911938 0.861089 0.926447 0.987405 0.903941 0.000000 0.872726 0.961223 0.849904 0.960946 0.785951 0.833978 0.797137 0.911343 0.860198 0.953095 0.926231 0.996299 0.993441 0.791052 0.845171 0.823698 0.923780 0.999551 0.875852 0.964666 0.893676 0.920470 0.947524 0.967686 0.923182 0.939524 0.980610 0.888072 0.905880 0.894713 0.738818 0.999285 0.871802 0.934879 0.806199 0.983600 0.917014 0.930422 0.776697 0.796155 0.964755 0.919293 0.870005 0.777701 0.837512 0.853456 0.912189 0.940142 0.838460 0.894214 0.867085 0.940247 0.973615 0.981378 0.966187 0.941594 0.918518 0.878159 0.983449 0.971965 0.964089 0.932858 0.739749 0.762604 0.810780 0.825898 0.922467 0.975684 0.987103 0.970774 0.763581 0.804315 0.792727 0.845904 0.743080 0.754734 0.830647 0.907445 0.986421 0.859112 0.862397 0.840994 0.995716 0.986283 0.931941 0.830791 0.867007 0.963921
0.417055 0.459028 0.646505 0.594802 0.922342 0.793693 0.570979 0.442046 0.653526 0.769761 0.559155 0.443557 0.572515 0.588599 0.717932 0.490095 0.461212 0.423798 0.532425 0.393660 0.898277 0.991993 0.693206 0.690100 0.879058 0.661207 0.906025 0.872726 0.000000 0.499327 0.583112 0.668226 0.448680 0.522650 0.625174 0.913578 0.585353 0.853048 0.882772 0.945626 0.813191 0.835560 0.602209 0.591065 0.539147 0.503295 0.647584 0.598797 0.789876 0.682823 0.721253 0.731690 0.766404 0.883185 0.624930 0.633005 0.499991 0.501410 0.508581 0.688554 0.519144 0.481213 0.513066 0.518735 0.672112 0.608952 0.573531 0.606133 0.655329 0.592945 0.670048 0.628878 0.575958 0.561580 0.871798 0.733571 0.712922 0.756961 0.595970 0.764495 0.496844 0.543247 0.625515 0.644114 0.601832 0.655126 0.728922 0.936628 0.863449 0.785053 0.666196 0.883781 0.770226 0.854273 0.678846 0.977116 0.543973 0.829877 0.597729 0.539666 0.666558 0.843427 0.590950 0.788493 0.537414 0.726858 0.927123 0.719436 0.579625 0.789731 0.831440 0.781732 0.797546 0.756382 0.862080 0.973838
0.491942 0.488227 0.746550 0.679255 0.958929 0.885769 0.736116 0.651304 0.761178 0.922175 0.643343 0.440101 0.620190 0.570287 0.707512 0.449224 0.474028 0.346873 0.681883 0.581333 0.753142 0.931400 0.601642 0.584811 0.657086 0.703680 0.910407 0.961223 0.499327 0.000000 0.579525 0.609251 0.496399 0.541239 0.727802 0.839432 0.553961 0.725729 0.927386 0.837980 0.825625 0.812627 0.910135 0.847021 0.825419 0.819417 0.866663 0.781937 0.845918 0.961299 0.912057 0.931798 0.973490 0.961835 0.750380 0.873184 0.516064 0.469635 0.673607 0.688080 0.545384 0.481361 0.444805 0.329972 0.688041 0.566848 0.645759 0.633335 0.629821 0.793565 0.759042 0.781878 0.891699 0.784696 0.887857 0.911809 0.880528 0.782453 0.626196 0.557644 0.315650 0.510720 0.510052 0.580519 0.607664 0.519008 0.931711 0.892721 0.721413 0.619832 0.847198 0.929554 0.841852 0.991264 0.726552 0.984750 0.706351 0.909554 0.788486 0.820446 0.828290 0.960634 0.813302 0.990678 0.679504 0.802292 0.951571 0.894806 0.946118 0.822366 0.900131 0.818020 0.833664 0.908851 0.820130 0.977503
0.549772 0.741801 0.287629 0.265554 0.769143 0.869412 0.325526 0.342955 0.576869 0.770065 0.453636 0.604306 0.431765 0.426871 0.453609 0.386576 0.764625 0.651326 0.373465 0.520686 0.757533 0.911264 0.293193 0.358558 0.438586 0.410582 0.926046 0.849904 0.583112 0.579525 0.000000 0.359641 0.310939 0.331554 0.456545 0.723237 0.511341 0.798052 0.929572 0.937250 0.852400 0.944112 0.592440 0.651883 0.659880 0.711302 0.650840 0.629695 0.926945 0.997657 0.790709 0.895146 0.838674 0.878106 0.706755 0.775911 0.781307 0.802951 0.598149 0.780200 0.405280 0.610398 0.504958 0.672539 0.355225 0.422955 0.409868 0.408139 0.740070 0.928553 0.516500 0.472945 0.778361 0.712105 0.728707 0.865131 0.664339 0.690176 0.682831 0.703701 0.666370 0.658087 0.576691 0.747785 0.370533 0.394032 0.807458 0.814739 0.654419 0.630868 0.644245 0.816735 0.704975 0.801573 0.670110 0.789126 0.629839 0.799312 0.653398 0.597596 0.654936 0.717728 0.800843 0.867396 0.577227 0.592011 0.952826 0.740817 0.787106 0.947039 0.799130 0.956258 0.884332 0.996025 0.863541 0.905367
0.602647 0.773508 0.438376 0.381651 0.928943 0.808584 0.435091 0.443143 0.797275 0.935397 0.438633 0.630040 0.452124 0.427388 0.643675 0.481731 0.817086 0.645243 0.417974 0.460904 0.902712 0.961280 0.405638 0.339191 0.547694 0.513755 0.962114 0.960946 0.668226 0.609251 0.359641 0.000000 0.387681 0.403489 0.643949 0.703870 0.677576 0.981458 0.778120 0.915125 0.974728 0.827373 0.667271 0.646715 0.796122 0.788047 0.645083 0.642694 0.922531 0.990361 0.887754 0.998838 0.979350 0.988197 0.756809 0.987722 0.768377 0.847867 0.719684 0.882875 0.535294 0.691842 0.559464 0.771481 0.495264 0.467197 0.522186 0.470838 0.879413 0.906850 0.731617 0.700169 0.817823 0.755032 0.761858 0.765209 0.836418 0.737953 0.764796 0.675061 0.690813 0.616575 0.620483 0.861414 0.450912 0.409418 0.812065 0.770715 0.815609 0.763403 0.799342 0.970958 0.862412 0.936370 0.704013 0.808911 0.885821 0.875979 0.768532 0.732892 0.658859 0.730199 0.863583 0.841107 0.706613 0.812760 0.904407 0.928679 0.971150 0.992435 0.971534 0.989467 0.997277 0.965873 0.902920 0.904340
0.357845 0.544451 0.381102 0.302595 0.741189 0.721047 0.320312 0.258765 0.614587 0.822886 0.361508 0.359876 0.299650 0.279476 0.476535 0.382187 0.658150 0.533369 0.294283 0.314472 0.759440 0.981260 0.312213 0.332061 0.606466 0.531554 0.925642 0.785951 0.448680 0.496399 0.310939 0.387681 0.000000 0.259566 0.473819 0.672293 0.506991 0.811728 0.909417 0.988780 0.834531 0.913812 0.522685 0.609540 0.658473 0.690512 0.503089 0.526971 0.900375 0.995967 0.843397 0.901627 0.949380 0.990168 0.720356 0.717570 0.594482 0.625429 0.409584 0.563641 0.280422 0.429220 0.301719 0.498735 0.343135 0.284254 0.323370 0.297206 0.746633 0.785798 0.556928 0.537285 0.780033 0.742769 0.765465 0.776772 0.614242 0.690206 0.672925 0.679504 0.533357 0.558943 0.519538 0.757724 0.276519 0.323100 0.760506 0.788426 0.639424 0.572371 0.661666 0.896022 0.757962 0.861805 0.766035 0.801101 0.677437 0.750288 0.548948 0.526460 0.668125 0.675881 0.695262 0.808010 0.563973 0.584693 0.957723 0.729552 0.740715 0.954552 0.865267 0.832636 0.857101 0.909138 0.899281 0.856767
0.370131 0.578928 0.317766 0.259135 0.753260 0.672488 0.281342 0.245521 0.587393 0.747251 0.340948 0.412277 0.303223 0.316215 0.480774 0.415764 0.656124 0.583830 0.261122 0.345135 0.769312 0.996413 0.301424 0.341149 0.587857 0.521676 0.927831 0.833978 0.522650 0.541239 0.331554 0.403489 0.259566 0.000000 0.427055 0.683846 0.519276 0.814617 0.863062 0.916873 0.839538 0.925687 0.441204 0.505022 0.605111 0.649765 0.463097 0.477389 0.958213 0.913975 0.750358 0.795042 0.829041 0.861266 0.632253 0.817809 0.645180 0.703855 0.439845 0.636191 0.333490 0.511047 0.371761 0.582904 0.358626 0.308408 0.300998 0.261634 0.693710 0.843515 0.483393 0.527482 0.775943 0.700276 0.769747 0.765747 0.627779 0.595175 0.751046 0.769550 0.593306 0.577479 0.496336 0.775000 0.308891 0.341519 0.778075 0.798750 0.569241 0.569292 0.582208 0.776905 0.674263 0.770326 0.725328 0.812697 0.697065 0.790876 0.493000 0.475600 0.613503 0.656692 0.632779 0.686592 0.514770 0.581460 0.979145 0.647184 0.727712 0.982362 0.879031 0.760835 0.819752 0.977431 0.791638 0.841898
0.521376 0.759252 0.454426 0.430222 0.676019 0.754904 0.419591 0.421809 0.577736 0.673642 0.574416 0.646417 0.525358 0.571011 0.542977 0.553844 0.774248 0.703219 0.451650 0.644089 0.879243 0.953631 0.473052 0.615110 0.614163 0.641499 0.969186 0.797137 0.625174 0.727802 0.456545 0.643949 0.473819 0.427055 0.000000 0.734274 0.555788 0.718907 0.936531 0.946350 0.804384 0.816548 0.526368 0.586755 0.604599 0.676148 0.552643 0.581336 0.982220 0.855245 0.694479 0.740318 0.685046 0.745992 0.646881 0.690120 0.818511 0.854026 0.518738 0.813513 0.511811 0.733645 0.571263 0.690424 0.451252 0.542809 0.341886 0.431162 0.833220 0.877629 0.453120 0.533635 0.697697 0.714579 0.978367 0.900839 0.612744 0.623221 0.770836 0.916000 0.697650 0.727861 0.676401 0.844005 0.487560 0.545908 0.814709 0.966048 0.691406 0.682389 0.466006 0.657362 0.565529 0.587382 0.724280 0.695747 0.624095 0.659450 0.507810 0.558181 0.661351 0.676239 0.607089 0.710452 0.638519 0.525215 0.929511 0.590745 0.664075 0.844338 0.762801 0.883727 0.818567 0.836408 0.896027 0.885359
0.782161 0.794691 0.728190 0.674399 0.874384 0.872305 0.631895 0.650069 0.923266 0.756762 0.838953 0.798637 0.808108 0.723496 0.747366 0.652026 0.811343 0.666670 0.668533 0.779275 0.833807 0.944107 0.691310 0.781468 0.739465 0.667263 0.823798 0.911343 0.913578 0.839432 0.723237 0.703870 0.672293 0.683846 0.734274 0.000000 0.665395 0.815845 0.898084 0.939187 0.767260 0.990064 0.731883 0.823307 0.703831 0.786119 0.753076 0.802960 0.970185 0.915391 0.673015 0.736086 0.757013 0.778997 0.857577 0.945767 0.848547 0.819203 0.817774 0.946279 0.795344 0.832991 0.816551 0.849290 0.689313 0.633597 0.539102 0.562386 0.961306 0.913060 0.608194 0.644462 0.959776 0.866752 0.943257 0.950000 0.616134 0.802806 0.961960 0.989056 0.727904 0.858474 0.728883 0.983034 0.667984 0.643697 0.936902 0.992607 0.821354 0.843505 0.671106 0.793006 0.629032 0.743366 0.762537 0.694837 0.846861 0.637429 0.668027 0.750086 0.747443 0.773525 0.780157 0.776261 0.742498 0.805411 0.970170 0.843036 0.930849 0.944436 0.806569 0.736248 0.885947 0.904391 0.933690 0.986424
0.562152 0.725267 0.509169 0.556873 0.769837 0.812146 0.550377 0.576508 0.534776 0.711949 0.680271 0.711429 0.663226 0.638611 0.548725 0.426945 0.685427 0.572743 0.625044 0.671608 0.728963 0.915427 0.561835 0.694505 0.545044 0.507091 0.876622 0.860198 0.585353 0.553961 0.511341 0.677576 0.506991 0.519276 0.555788 0.665395 0.000000 0.622371 0.860795 0.859661 0.762031 0.847964 0.715200 0.743553 0.663169 0.701477 0.660362 0.752763 0.990536 0.870906 0.654002 0.750463 0.730178 0.759062 0.770076 0.752713 0.764123 0.723815 0.607732 0.869176 0.604308 0.752342 0.579749 0.634906 0.558819 0.662591 0.471845 0.523534 0.792846 0.943630 0.536366 0.521186 0.747166 0.759696 0.975309 0.943907 0.606128 0.726185 0.635215 0.833710 0.565507 0.741405 0.617911 0.636034 0.593882 0.594988 0.955142 0.976163 0.644333 0.671986 0.589746 0.713025 0.570143 0.699089 0.664163 0.918157 0.589259 0.792305 0.562435 0.628656 0.773250 0.874443 0.652186 0.858250 0.575616 0.743689 0.888510 0.576825 0.760399 0.862218 0.809965 0.800013 0.933831 0.824260 0.978664 0.913933
0.830288 0.897010 0.785020 0.823174 0.826196 0.960531 0.829790 0.896655 0.697816 0.918477 0.981698 0.876254 0.900617 0.994094 0.785372 0.735896 0.797873 0.728387 0.936064 0.971281 0.652669 0.983268 0.843762 0.898349 0.709565 0.706522 0.839569 0.953095 0.853048 0.725729 0.798052 0.981458 0.811728 0.814617 0.718907 0.815845 0.622371 0.000000 0.976346 0.840855 0.908905 0.842101 0.939104 0.973120 0.789597 0.879161 0.922491 0.956554 0.946452 0.982309 0.905310 0.909540 0.895844 0.911364 0.809628 0.919701 0.931936 0.868306 0.854101 0.930079 0.841886 0.899984 0.844432 0.721641 0.769448 0.859086 0.698575 0.813667 0.913447 0.971822 0.730573 0.781818 0.979331 0.999793 0.988823 0.812040 0.892486 0.951630 0.880765 0.966186 0.741243 0.864557 0.800183 0.794912 0.880586 0.863731 0.961649 0.867979 0.864348 0.983379 0.736914 0.838282 0.689025 0.756996 0.855342 0.899954 0.740852 0.863193 0.828908 0.899198 0.954383 0.990851 0.902413 0.949043 0.790732 0.817589 0.736619 0.837910 0.805536 0.928008 0.979680 0.860431 0.921193 0.819481 0.858398 0.879766
