0.000000 0.208992 0.489712 0.709224 0.675365 0.978935 0.501989 0.569553 0.931672 0.812365 0.389873 0.313138 0.297183 0.487843 0.692222 0.698831 0.334546 0.364900 0.298853 0.308645 0.805885 0.991615 0.626864 0.739914 0.827133 0.977756 0.918890 0.975545 0.578770 0.497976 0.903857 0.981694 0.371421 0.376464 0.742944 0.876350 0.510350 0.751787 0.832469 0.839293 0.784556 0.994777 0.885861 0.842517 0.983721 0.866071 0.517831 0.507119 0.741146 0.514325 0.596884 0.526258 0.999230 0.762374 0.422332 0.579446 0.295889 0.221410 0.321208 0.351957 0.266264 0.357646 0.243704 0.248697 0.529542 0.588998 0.587409 0.784494 0.312082 0.264225 0.736303 0.995389 0.524979 0.718548 0.687143 0.794576 0.728818 0.809770 0.493453 0.511306 0.259608 0.283653 0.396787 0.365535 0.267977 0.403085 0.594539 0.664985 0.434803 0.492932 0.617350 0.505440 0.629516 0.532516 0.951338 0.873092 0.430167 0.967586 0.908959 0.980491 0.744717 0.855815 0.767505 0.778673 0.675225 0.635693 0.983981 0.944132 0.876582 0.597738 0.976143 0.753041 0.936917 0.844003 0.668234 0.790847
0.208992 0.000000 0.546055 0.684856 0.734165 0.948084 0.582632 0.530479 0.986310 0.785833 0.444060 0.253771 0.346141 0.459947 0.749528 0.681796 0.309400 0.334999 0.325035 0.286611 0.847587 0.948508 0.640707 0.682907 0.864005 0.953249 0.875605 0.955570 0.564278 0.493740 0.951677 0.992136 0.411016 0.420282 0.779172 0.936656 0.557785 0.719496 0.811637 0.810768 0.802796 0.951667 0.814758 0.802661 0.967243 0.899623 0.465145 0.547183 0.797407 0.565473 0.601267 0.528320 0.928651 0.746648 0.472638 0.606418 0.280887 0.201328 0.368938 0.375567 0.320168 0.349058 0.269690 0.241257 0.561256 0.542337 0.631801 0.786081 0.325399 0.277716 0.703259 0.984698 0.569946 0.754369 0.733709 0.767419 0.667269 0.714977 0.455641 0.461769 0.277512 0.297872 0.444028 0.412572 0.312499 0.394730 0.613079 0.700733 0.486974 0.512231 0.574158 0.517431 0.621153 0.501081 0.979144 0.856513 0.464304 0.956334 0.935121 0.969135 0.721079 0.824914 0.828614 0.792884 0.690368 0.615628 0.997334 0.984521 0.874359 0.592408 0.984960 0.756139 0.885278 0.883479 0.651641 0.856171
0.489712 0.546055 0.000000 0.320020 0.991814 0.831752 0.504127 0.583966 0.962225 0.637434 0.776068 0.712230 0.527582 0.704421 0.898565 0.754816 0.776902 0.857982 0.597285 0.689607 0.566739 0.983816 0.706103 0.481134 0.442565 0.503332 0.814519 0.758757 0.970941 0.971774 0.711915 0.999314 0.510875 0.512316 0.459384 0.932541 0.446245 0.718116 0.602287 0.718384 0.768914 0.992890 0.750896 0.766996 0.999916 0.843493 0.533565 0.484840 0.982077 0.638714 0.567984 0.474013 0.861404 0.938354 0.383503 0.503348 0.776878 0.650389 0.372946 0.429409 0.496938 0.656116 0.648951 0.733491 0.271647 0.421829 0.310217 0.410241 0.550973 0.517979 0.716907 0.883881 0.729697 0.807292 0.722406 0.845106 0.651931 0.919400 0.646518 0.774959 0.729334 0.713058 0.753904 0.663832 0.487201 0.321896 0.799058 0.980536 0.531450 0.579427 0.995678 0.742349 0.898480 0.876758 0.923809 0.783146 0.569216 0.747033 0.993704 0.952732 0.985460 0.889350 0.887129 0.923570 0.625121 0.436063 0.850432 0.810455 0.925744 0.753714 0.930949 0.873124 0.890760 0.853719 0.655371 0.978942
0.709224 0.684856 0.320020 0.000000 0.912565 0.696726 0.596325 0.446953 0.942247 0.633932 0.966203 0.796348 0.693321 0.729846 0.973227 0.723696 0.948542 0.992621 0.784007 0.829554 0.604501 0.968730 0.864266 0.409046 0.396374 0.405754 0.825468 0.712570 0.834605 0.829669 0.714748 0.913980 0.673720 0.601784 0.544787 0.717551 0.533078 0.645256 0.464812 0.571470 0.778474 0.910509 0.558362 0.643934 0.952558 0.803430 0.452024 0.451097 0.866036 0.775890 0.541716 0.490692 0.909347 0.962873 0.522231 0.510386 0.929758 0.822196 0.483445 0.537206 0.671247 0.731562 0.850922 0.908182 0.368702 0.328823 0.316209 0.310055 0.773783 0.696677 0.707369 0.924368 0.967351 0.956398 0.796664 0.856726 0.586609 0.767777 0.732780 0.879807 0.946954 0.924598 0.890763 0.800103 0.703376 0.323860 0.880880 0.820899 0.658218 0.651131 0.798148 0.956983 0.677041 0.936265 0.883149 0.709315 0.593696 0.755280 0.939317 0.930939 0.863999 0.951419 0.924254 0.850919 0.551583 0.380466 0.792864 0.698739 0.908482 0.803285 0.892559 0.877524 0.772347 0.803964 0.654027 0.919999
0.675365 0.734165 0.991814 0.912565 0.000000 0.900745 0.836547 0.937152 0.893766 0.957521 0.723859 0.738102 0.644980 0.753024 0.781316 0.732279 0.686765 0.731694 0.696590 0.796259 0.938665 0.935342 0.772398 0.983342 0.909159 0.827168 0.928915 0.983739 0.680221 0.715790 0.927914 0.964633 0.842374 0.814814 0.960157 0.821518 0.989476 0.985924 0.931156 0.932254 0.925213 0.820784 0.995839 0.982076 0.938063 0.909495 0.846167 0.802180 0.862450 0.843810 0.890279 0.896601 0.992122 0.953358 0.925447 0.995715 0.661692 0.756552 0.793592 0.877847 0.737894 0.811691 0.670325 0.659329 0.952852 0.977429 0.944715 0.869231 0.731844 0.745895 0.969551 0.854982 0.900727 0.893911 0.950886 0.961549 0.942854 0.939057 0.797173 0.876330 0.689792 0.747696 0.719844 0.797899 0.692748 0.894312 0.784798 0.784450 0.813637 0.835051 0.748378 0.905083 0.683389 0.798350 0.814263 0.966247 0.866871 0.740852 0.987854 0.977542 0.731501 0.951798 0.929477 0.813640 0.926440 0.906442 0.946824 0.850688 0.929852 0.970224 0.817992 0.816944 0.846615 0.899391 0.853935 0.922646
0.978935 0.948084 0.831752 0.696726 0.900745 0.000000 0.929419 0.800679 0.882032 0.879347 0.980773 0.966342 0.991619 0.985991 0.800437 0.985883 0.994538 0.996650 0.993172 0.999025 0.697971 0.945715 0.795757 0.937116 0.749867 0.608645 0.921592 0.583157 0.900191 0.904707 0.983542 0.982350 0.966050 0.837640 0.866139 0.830059 0.933960 0.982235 0.808009 0.560643 0.648604 0.863055 0.640594 0.658009 0.973012 0.865328 0.806961 0.774329 0.881956 0.935547 0.903255 0.910093 0.907871 0.890094 0.917804 0.712233 0.965969 0.979162 0.851287 0.900913 0.974051 0.977804 0.944262 0.917653 0.855438 0.647556 0.665440 0.580654 0.973875 0.888272 0.902781 0.996271 0.989371 0.931406 0.957436 0.984496 0.915972 0.768247 0.976346 0.836977 0.966894 0.951624 0.843608 0.968374 0.943079 0.780837 0.996893 0.804923 0.944793 0.875674 0.623207 0.790029 0.629628 0.745044 0.912491 0.662229 0.766365 0.657829 0.830660 0.789131 0.651904 0.942525 0.817065 0.787496 0.962750 0.727144 0.907062 0.904355 0.912489 0.989432 0.862942 0.916958 0.896305 0.955034 0.962515 0.765887
0.501989 0.582632 0.504127 0.596325 0.836547 0.929419 0.000000 0.371748 0.621777 0.813628 0.518185 0.553428 0.319321 0.339081 0.501190 0.493015 0.600115 0.608867 0.345022 0.506738 0.786119 0.962629 0.662558 0.721257 0.955369 0.961859 0.911795 0.992503 0.563224 0.617575 0.667028 0.662698 0.361070 0.308621 0.769476 0.978554 0.696403 0.803132 0.947354 0.904045 0.866834 0.946120 0.569539 0.480050 0.537157 0.436930 0.498855 0.338381 0.615123 0.474963 0.445447 0.508490 0.708789 0.816267 0.594202 0.618310 0.629862 0.651325 0.413539 0.575117 0.321702 0.481071 0.446253 0.524914 0.688004 0.673737 0.476153 0.579470 0.793858 0.634782 0.625379 0.717818 0.561819 0.592550 0.762759 0.693972 0.488808 0.681933 0.585428 0.625802 0.647699 0.720079 0.656725 0.711751 0.603553 0.552638 0.880096 0.917147 0.685525 0.771399 0.835808 0.959769 0.959626 0.946810 0.919705 0.908757 0.530335 0.889125 0.536928 0.589636 0.927672 0.743566 0.576253 0.578956 0.632173 0.697411 0.850798 0.730879 0.924771 0.694227 0.764705 0.546845 0.711734 0.596327 0.688204 0.673141
0.569553 0.530479 0.583966 0.446953 0.937152 0.800679 0.371748 0.000000 0.798313 0.923640 0.584353 0.439169 0.502844 0.391409 0.801808 0.558588 0.683542 0.683317 0.526550 0.583346 0.854001 0.924378 0.932205 0.707896 0.915290 0.889239 0.918753 0.975392 0.661946 0.674574 0.851380 0.800099 0.561605 0.423343 0.922742 0.947023 0.660286 0.677012 0.762850 0.743145 0.929019 0.880094 0.475863 0.483796 0.731772 0.500582 0.380082 0.336551 0.669496 0.560417 0.356205 0.425839 0.811611 0.973902 0.562215 0.565537 0.672916 0.621481 0.428604 0.506438 0.404025 0.351421 0.550150 0.544131 0.735420 0.445182 0.502882 0.508902 0.779809 0.594970 0.801409 0.906867 0.753073 0.765049 0.790830 0.730030 0.514448 0.612618 0.651296 0.689759 0.705638 0.758225 0.705187 0.748715 0.739812 0.473655 0.863324 0.903947 0.736625 0.763041 0.842735 0.982641 0.904506 0.879503 0.943600 0.728311 0.513179 0.816717 0.583377 0.601749 0.760012 0.900312 0.655396 0.605104 0.606954 0.533473 0.794333 0.684757 0.866307 0.699727 0.745367 0.567080 0.637619 0.637615 0.644834 0.743225
0.931672 0.986310 0.962225 0.942247 0.893766 0.882032 0.621777 0.798313 0.000000 0.525754 0.882941 0.937951 0.736233 0.711145 0.582132 0.694621 0.895511 0.932127 0.776483 0.962579 0.992194 0.950203 0.803735 0.979529 0.735950 0.740834 0.863329 0.811094 0.697255 0.794133 0.864212 0.893989 0.837562 0.833665 0.907490 0.748545 0.973938 0.949571 0.782284 0.867358 0.820685 0.914770 0.883460 0.742049 0.506186 0.523620 0.859440 0.815337 0.568187 0.680613 0.724772 0.819603 0.529821 0.586633 0.990524 0.976684 0.952530 0.972885 0.880876 0.976697 0.742673 0.783830 0.792259 0.818714 0.955845 0.828452 0.966473 0.954564 0.823995 0.985724 0.995659 0.915986 0.851563 0.870581 0.894841 0.874592 0.871958 0.888787 0.929033 0.988945 0.976597 0.916147 0.892908 0.940457 0.999884 0.917475 0.989556 0.887915 0.996012 0.915521 0.972222 0.873333 0.753607 0.965219 0.903732 0.999569 0.994212 0.907162 0.709365 0.742982 0.948125 0.813879 0.825888 0.766951 0.972639 0.989186 0.803238 0.889292 0.867155 0.937504 0.827034 0.755775 0.865632 0.787048 0.897551 0.678316
0.812365 0.785833 0.637434 0.633932 0.957521 0.879347 0.813628 0.923640 0.525754 0.000000 0.940560 0.960358 0.984775 0.875276 0.642192 0.768838 0.940648 0.990284 0.984008 0.901499 0.812641 0.981203 0.977731 0.637563 0.440165 0.548076 0.666152 0.703519 0.642580 0.752340 0.905631 0.742967 0.925926 0.991402 0.609519 0.907210 0.768854 0.847713 0.535323 0.623001 0.773250 0.947505 0.852252 0.736715 0.414171 0.496530 0.912393 0.963083 0.445455 0.762807 0.833349 0.987970 0.551609 0.460316 0.710792 0.716169 0.921694 0.835176 0.866310 0.838168 0.947418 0.928685 0.993963 0.930726 0.516440 0.546867 0.689991 0.681138 0.629810 0.820997 0.890583 0.834871 0.836959 0.764324 0.962608 0.853107 0.899086 0.938758 0.917688 0.954483 0.873554 0.729399 0.907388 0.723280 0.664328 0.535524 0.883636 0.951487 0.723580 0.718211 0.829334 0.625818 0.900962 0.808253 0.983590 0.886304 0.821886 0.935422 0.571333 0.515733 0.818681 0.750376 0.691998 0.784249 0.889755 0.733059 0.899678 0.831134 0.844365 0.912281 0.785912 0.757098 0.739736 0.745544 0.909586 0.821401
0.389873 0.444060 0.776068 0.966203 0.723859 0.980773 0.518185 0.584353 0.882941 0.940560 0.000000 0.325384 0.427936 0.523168 0.701170 0.741717 0.384943 0.361971 0.394805 0.351631 0.947290 0.951744 0.901444 0.920120 0.827349 0.752245 0.862340 0.849968 0.465351 0.371439 0.937067 0.938414 0.531605 0.435280 0.926249 0.737939 0.788550 0.874153 0.894694 0.998688 0.867244 0.907946 0.909569 0.862187 0.873545 0.803409 0.742830 0.615713 0.668641 0.687765 0.757394 0.787522 0.869631 0.748386 0.711920 0.719456 0.414533 0.403980 0.560881 0.614822 0.376656 0.426040 0.348970 0.348969 0.884633 0.750157 0.800525 0.882645 0.567166 0.495634 0.844179 0.963122 0.520820 0.603780 0.700894 0.847229 0.793142 0.816404 0.611306 0.521890 0.360394 0.383098 0.574413 0.542733 0.588361 0.697264 0.781616 0.817361 0.720903 0.752547 0.806867 0.728588 0.752716 0.647064 0.832942 0.993856 0.626093 0.933318 0.764494 0.923651 0.960148 0.958542 0.663992 0.711484 0.859836 0.879246 0.852004 0.908493 0.851453 0.713140 0.929763 0.736690 0.929508 0.787083 0.762727 0.710343
0.313138 0.253771 0.712230 0.796348 0.738102 0.966342 0.553428 0.439169 0.937951 0.960358 0.325384 0.000000 0.400133 0.402000 0.758107 0.676949 0.327611 0.336196 0.346024 0.316622 0.987740 0.900954 0.809606 0.872296 0.893722 0.775745 0.985349 0.895368 0.442377 0.359675 0.934130 0.966419 0.492777 0.448219 0.968608 0.835014 0.699046 0.785912 0.985775 0.894845 0.918570 0.942214 0.803754 0.808839 0.935989 0.824965 0.527622 0.571853 0.703529 0.608186 0.608957 0.613697 0.912647 0.749673 0.637534 0.687026 0.308919 0.284243 0.474910 0.483610 0.317360 0.268145 0.281153 0.242670 0.821841 0.590717 0.753708 0.834859 0.454089 0.390112 0.835656 0.944201 0.559157 0.736372 0.720479 0.701019 0.728399 0.710715 0.496050 0.476565 0.309426 0.347183 0.488933 0.504275 0.491334 0.530794 0.697738 0.767409 0.641369 0.658352 0.691944 0.614534 0.665239 0.515856 0.888809 0.875121 0.529889 0.983845 0.836120 0.861036 0.887106 0.956956 0.736600 0.685392 0.786102 0.741151 0.944833 0.949483 0.847723 0.626200 0.875632 0.701273 0.827139 0.838153 0.684815 0.753137
0.297183 0.346141 0.527582 0.693321 0.644980 0.991619 0.319321 0.502844 0.736233 0.984775 0.427936 0.400133 0.000000 0.351352 0.470436 0.462364 0.374612 0.416222 0.265782 0.343469 0.781138 0.975769 0.510970 0.664311 0.937282 0.898590 0.973816 0.992350 0.491238 0.498586 0.795095 0.799828 0.342256 0.335285 0.783191 0.916907 0.651250 0.793104 0.872416 0.906359 0.812861 0.972770 0.774439 0.678531 0.765333 0.656732 0.512250 0.435398 0.691751 0.488892 0.560646 0.554262 0.876243 0.987883 0.557092 0.666750 0.412499 0.398126 0.399233 0.516478 0.267307 0.421642 0.258817 0.329258 0.576443 0.688750 0.625962 0.775074 0.546435 0.453856 0.661052 0.861796 0.545948 0.653776 0.807039 0.760596 0.541270 0.743892 0.511177 0.496101 0.405587 0.468382 0.454928 0.482670 0.346608 0.465186 0.676199 0.665836 0.554278 0.568506 0.798528 0.733322 0.711542 0.654873 0.951819 0.976926 0.539857 0.993379 0.739690 0.783977 0.812597 0.979662 0.743976 0.656440 0.655712 0.689750 0.989395 0.950443 0.968053 0.751821 0.938794 0.643552 0.801254 0.776588 0.667537 0.707009
0.487843 0.459947 0.704421 0.729846 0.753024 0.985991 0.339081 0.391409 0.711145 0.875276 0.523168 0.402000 0.351352 0.000000 0.571672 0.478663 0.458625 0.445121 0.321877 0.383729 0.955017 0.968004 0.615137 0.678125 0.892138 0.849187 0.975938 0.907320 0.420273 0.462419 0.826639 0.672298 0.415891 0.416759 0.895357 0.964535 0.785361 0.738428 0.925651 0.925220 0.998712 0.865173 0.665025 0.576644 0.684321 0.555551 0.486831 0.452021 0.663783 0.566751 0.551292 0.602672 0.874221 0.958035 0.718538 0.752008 0.457589 0.524643 0.563102 0.692251 0.388681 0.432361 0.374231 0.385803 0.804232 0.706967 0.721808 0.784574 0.734077 0.626109 0.698021 0.777706 0.692409 0.698289 0.858831 0.640304 0.581334 0.606721 0.503920 0.542185 0.478817 0.562373 0.487687 0.596531 0.521288 0.543230 0.835124 0.679085 0.697521 0.669223 0.931578 0.917635 0.820132 0.756482 0.959709 0.886756 0.552070 0.964920 0.673748 0.639476 0.910668 0.851513 0.701080 0.649553 0.728839 0.816022 0.978019 0.875471 0.961887 0.661337 0.821226 0.645213 0.740975 0.674966 0.772373 0.658775
0.692222 0.749528 0.898565 0.973227 0.781316 0.800437 0.501190 0.801808 0.582132 0.642192 0.701170 0.758107 0.470436 0.571672 0.000000 0.410806 0.612529 0.611101 0.550121 0.675541 0.944325 0.987275 0.426760 0.822696 0.849582 0.726053 0.935455 0.900112 0.498610 0.567569 0.628166 0.557216 0.533418 0.643939 0.982595 0.854686 0.962332 0.922990 0.752315 0.725722 0.983229 0.925818 0.918865 0.754579 0.696157 0.696142 0.820876 0.753327 0.703154 0.674528 0.878180 0.888759 0.780097 0.812222 0.912660 0.936268 0.703100 0.744988 0.822640 0.951015 0.639587 0.769245 0.531083 0.576228 0.902170 0.802985 0.972849 0.835448 0.982669 0.855368 0.778190 0.797101 0.744017 0.846163 0.900975 0.734991 0.750215 0.832878 0.738297 0.726074 0.678362 0.830446 0.629454 0.709759 0.698375 0.885272 0.817860 0.713196 0.857465 0.832840 0.915498 0.987293 0.711662 0.813849 0.968921 0.879982 0.893284 0.839288 0.673805 0.737275 0.747886 0.861362 0.799819 0.769956 0.942847 0.932933 0.985844 0.885572 0.945846 0.962375 0.996233 0.646071 0.877225 0.710680 0.996068 0.733102
0.698831 0.681796 0.754816 0.723696 0.732279 0.985883 0.493015 0.558588 0.694621 0.768838 0.741717 0.676949 0.462364 0.478663 0.410806 0.000000 0.658900 0.665047 0.570309 0.682925 0.827055 0.869309 0.518739 0.647912 0.944760 0.958055 0.887895 0.943349 0.587494 0.704984 0.618799 0.604406 0.545007 0.589613 0.958732 0.991531 0.836406 0.901975 0.929873 0.966251 0.878203 0.847651 0.589641 0.522412 0.755076 0.601618 0.565687 0.542980 0.773114 0.716839 0.686530 0.703912 0.752132 0.796022 0.897482 0.983687 0.702968 0.734854 0.706328 0.822437 0.627904 0.696599 0.564805 0.602533 0.790345 0.889530 0.837472 0.896785 0.913200 0.738344 0.735648 0.777036 0.850433 0.775064 0.891013 0.609919 0.619256 0.698916 0.671052 0.721324 0.748688 0.879411 0.714226 0.753215 0.749094 0.665624 0.890085 0.915463 0.860483 0.768900 0.941375 0.883814 0.904910 0.926659 0.972073 0.932895 0.781865 0.916169 0.630832 0.625249 0.898070 0.891207 0.753776 0.605327 0.775933 0.774386 0.971594 0.756069 0.996506 0.941765 0.904803 0.613896 0.579563 0.584443 0.746145 0.911085
0.334546 0.309400 0.776902 0.948542 0.686765 0.994538 0.600115 0.683542 0.895511 0.940648 0.384943 0.327611 0.374612 0.458625 0.612529 0.658900 0.000000 0.218955 0.293241 0.278577 0.993135 0.922460 0.651633 0.830724 0.907388 0.736053 0.893439 0.964609 0.383157 0.313082 0.916542 0.839027 0.409793 0.453243 0.976869 0.814415 0.732059 0.828763 0.933501 0.907586 0.847263 0.854496 0.838087 0.804780 0.935782 0.886957 0.656724 0.715121 0.773313 0.709384 0.805371 0.788722 0.864076 0.755321 0.734120 0.789058 0.232486 0.285477 0.600307 0.659323 0.437641 0.483974 0.290795 0.268719 0.782792 0.767653 0.824922 0.955238 0.493488 0.503737 0.697927 0.881212 0.578381 0.755759 0.815518 0.746572 0.795920 0.668151 0.405622 0.384504 0.242983 0.296453 0.441186 0.452914 0.416948 0.596646 0.738389 0.648879 0.657431 0.653068 0.655543 0.711302 0.603129 0.588204 0.893830 0.997487 0.598132 0.979521 0.882475 0.930173 0.725014 0.947815 0.713891 0.685164 0.817895 0.872939 0.900701 0.859248 0.914062 0.731146 0.977383 0.734445 0.950979 0.763766 0.713255 0.815186
0.364900 0.334999 0.857982 0.992621 0.731694 0.996650 0.608867 0.683317 0.932127 0.990284 0.361971 0.336196 0.416222 0.445121 0.611101 0.665047 0.218955 0.000000 0.317637 0.228199 0.956301 0.909825 0.690273 0.864114 0.854418 0.688814 0.881776 0.926079 0.339415 0.273535 0.928837 0.806016 0.419391 0.466827 0.970547 0.875076 0.762688 0.749792 0.914844 0.993723 0.800709 0.839829 0.825990 0.774467 0.917864 0.900618 0.699003 0.727866 0.792900 0.772820 0.872786 0.878903 0.776736 0.715576 0.820314 0.840048 0.234114 0.301911 0.652511 0.719881 0.499551 0.526054 0.309697 0.276988 0.864419 0.809295 0.851807 0.989100 0.494999 0.498247 0.649557 0.824686 0.565535 0.694627 0.841765 0.739015 0.763740 0.611162 0.417237 0.382230 0.256261 0.293158 0.478530 0.503718 0.490799 0.651185 0.737931 0.644542 0.711126 0.751447 0.698219 0.760365 0.646157 0.665253 0.848677 0.975425 0.582422 0.911343 0.812959 0.848408 0.752131 0.911658 0.678296 0.657690 0.761647 0.933160 0.901194 0.818291 0.942837 0.693715 0.949471 0.719220 0.947530 0.745438 0.794256 0.793312
0.298853 0.325035 0.597285 0.784007 0.696590 0.993172 0.345022 0.526550 0.776483 0.984008 0.394805 0.346024 0.265782 0.321877 0.550121 0.570309 0.293241 0.317637 0.000000 0.273760 0.826632 0.939518 0.539623 0.705539 0.994104 0.839965 0.904226 0.964918 0.387473 0.369463 0.750366 0.756627 0.320090 0.312820 0.852961 0.953597 0.690536 0.767457 0.981256 0.899445 0.878711 0.930443 0.740834 0.660164 0.772100 0.702760 0.555285 0.494430 0.687007 0.534361 0.605146 0.612314 0.981607 0.916628 0.602216 0.717228 0.303350 0.352044 0.437487 0.528672 0.313900 0.426238 0.252208 0.280585 0.732180 0.734571 0.634326 0.814444 0.519057 0.465485 0.591913 0.775031 0.520482 0.674548 0.770619 0.739025 0.622299 0.683077 0.437644 0.463660 0.311663 0.379982 0.455900 0.502245 0.406626 0.528958 0.795923 0.688311 0.619735 0.636832 0.824221 0.770785 0.745785 0.646731 0.988826 0.950927 0.502789 0.988186 0.724957 0.743808 0.833009 0.891719 0.646817 0.630161 0.681872 0.778732 0.995340 0.964570 0.929634 0.619884 0.876829 0.632477 0.880127 0.740759 0.680460 0.725798
0.308645 0.286611 0.689607 0.829554 0.796259 0.999025 0.506738 0.583346 0.962579 0.901499 0.351631 0.316622 0.343469 0.383729 0.675541 0.682925 0.278577 0.228199 0.273760 0.000000 0.902049 0.929201 0.659024 0.767065 0.987119 0.839801 0.896369 0.955376 0.445342 0.346732 0.859097 0.826226 0.390403 0.406165 0.907107 0.967430 0.664863 0.642758 0.932992 0.927852 0.818325 0.852835 0.800555 0.758117 0.928719 0.888939 0.634889 0.628107 0.823124 0.704402 0.754254 0.748661 0.821877 0.747171 0.659778 0.731387 0.256957 0.285589 0.524770 0.585614 0.400183 0.472965 0.290755 0.288082 0.727848 0.674868 0.701517 0.841438 0.452923 0.444924 0.554349 0.787812 0.541475 0.659431 0.818366 0.795431 0.613204 0.631468 0.409820 0.391870 0.275891 0.293723 0.472200 0.477596 0.404565 0.534691 0.727155 0.672082 0.626475 0.660232 0.700341 0.696856 0.716699 0.678555 0.901253 0.986128 0.519003 0.936108 0.842187 0.864900 0.781878 0.941011 0.680163 0.711161 0.668969 0.800641 0.937851 0.913876 0.908972 0.619677 0.924060 0.758252 0.929685 0.794057 0.726100 0.791274
0.805885 0.847587 0.566739 0.604501 0.938665 0.697971 0.786119 0.854001 0.992194 0.812641 0.947290 0.987740 0.781138 0.955017 0.944325 0.827055 0.993135 0.956301 0.826632 0.902049 0.000000 0.889960 0.831585 0.682326 0.568265 0.567624 0.776615 0.690657 0.868552 0.867848 0.664749 0.969707 0.745445 0.748042 0.647008 0.729591 0.734419 0.757119 0.667454 0.698665 0.804384 0.959029 0.740002 0.680459 0.920164 0.832025 0.736497 0.704762 0.922073 0.818524 0.776869 0.700893 0.978336 0.954096 0.781015 0.773720 0.930084 0.873168 0.671939 0.765738 0.844226 0.990640 0.889740 0.962059 0.578132 0.708414 0.544916 0.597502 0.809573 0.752104 0.784429 0.796116 0.884805 0.918273 0.931286 0.926503 0.672185 0.773249 0.912700 0.871203 0.967408 0.917890 0.952434 0.960540 0.846795 0.619786 0.966411 0.853315 0.912956 0.796894 0.805684 0.966136 0.759355 0.898125 0.863175 0.829295 0.710980 0.882923 0.908189 0.909258 0.830198 0.975071 0.848449 0.899517 0.749811 0.589092 0.998112 0.989371 0.966090 0.982745 0.920457 0.998052 0.892764 0.899375 0.770935 0.922751
0.991615 0.948508 0.983816 0.968730 0.935342 0.945715 0.962629 0.924378 0.950203 0.981203 0.951744 0.900954 0.975769 0.968004 0.987275 0.869309 0.922460 0.909825 0.939518 0.929201 0.889960 0.000000 0.988890 0.910323 0.910694 0.923170 0.931801 0.898642 0.938079 0.910916 0.805431 0.891181 0.995203 0.950923 0.981723 0.926946 0.899503 0.979057 0.997872 0.803849 0.983943 0.755253 0.815367 0.819578 0.981155 0.985542 0.916741 0.950879 0.957212 0.913171 0.952769 0.990861 0.947263 0.886713 0.870802 0.960686 0.864309 0.898818 0.968748 0.971900 0.962705 0.954794 0.996478 0.957238 0.931548 0.991347 0.987605 0.970229 0.886513 0.896825 0.985507 0.963966 0.959498 0.947617 0.928397 0.976751 0.952069 0.746278 0.986687 0.993821 0.924041 0.943922 0.855349 0.991007 0.881563 0.985395 0.919447 0.832180 0.776553 0.944071 0.954832 0.903882 0.899589 0.974773 0.933192 0.920323 0.834560 0.942804 0.929126 0.914173 0.943077 0.819486 0.904119 0.873076 0.965540 0.817026 0.979259 0.935741 0.836223 0.996266 0.966839 0.998896 0.962086 0.913228 0.918755 0.931402
0.626864 0.640707 0.706103 0.864266 0.772398 0.795757 0.662558 0.932205 0.803735 0.977731 0.901444 0.809606 0.510970 0.615137 0.426760 0.518739 0.651633 0.690273 0.539623 0.659024 0.831585 0.988890 0.000000 0.513561 0.834880 0.937556 0.727908 0.907723 0.656568 0.730227 0.553181 0.715929 0.544301 0.741233 0.768814 0.992739 0.775683 0.986582 0.948056 0.836411 0.990531 0.953099 0.966360 0.840409 0.915035 0.894231 0.747374 0.745301 0.895827 0.658067 0.882552 0.783560 0.788877 0.827296 0.799176 0.943919 0.655154 0.680084 0.751030 0.789418 0.694380 0.863077 0.557935 0.592683 0.698065 0.892504 0.919129 0.887913 0.797299 0.746559 0.700356 0.757874 0.841184 0.955042 0.914741 0.822506 0.777323 0.979725 0.589839 0.709350 0.630286 0.760013 0.620510 0.678944 0.507359 0.688985 0.807547 0.581677 0.731167 0.614244 0.773834 0.835616 0.687692 0.711173 0.881645 0.891429 0.826072 0.877845 0.944625 0.919937 0.566803 0.940424 0.955216 0.898766 0.908351 0.962440 0.933975 0.978620 0.857667 0.864504 0.978844 0.866547 0.934476 0.922003 0.865308 0.920618
0.739914 0.682907 0.481134 0.409046 0.983342 0.937116 0.721257 0.707896 0.979529 0.637563 0.920120 0.872296 0.664311 0.678125 0.822696 0.647912 0.830724 0.864114 0.705539 0.767065 0.682326 0.910323 0.513561 0.000000 0.461555 0.632133 0.619785 0.752036 0.976812 0.982678 0.653968 0.803158 0.664618 0.722141 0.606048 0.800505 0.615351 0.716860 0.626090 0.797899 0.830792 0.885447 0.764705 0.758379 0.880172 0.975775 0.576552 0.637628 0.781191 0.886213 0.836469 0.742927 0.958438 0.921555 0.691744 0.799419 0.803960 0.763503 0.716432 0.789411 0.821761 0.907727 0.786403 0.842588 0.459712 0.622411 0.600108 0.678693 0.766383 0.760665 0.644076 0.819306 0.932304 0.842310 0.919325 0.849731 0.712710 0.787103 0.657979 0.881420 0.810774 0.819780 0.718285 0.674831 0.577534 0.397872 0.760310 0.828895 0.730136 0.622360 0.978097 0.867056 0.945906 0.937804 0.931809 0.799659 0.794676 0.934357 0.945730 0.979649 0.825263 0.936988 0.885785 0.827428 0.653436 0.621575 0.916023 0.903930 0.938822 0.833868 0.951530 0.958880 0.945758 0.917093 0.827626 0.968809
0.827133 0.864005 0.442565 0.396374 0.909159 0.749867 0.955369 0.915290 0.735950 0.440165 0.827349 0.893722 0.937282 0.892138 0.849582 0.944760 0.907388 0.854418 0.994104 0.987119 0.568265 0.910694 0.834880 0.461555 0.000000 0.310516 0.654541 0.581342 0.611442 0.623031 0.694679 0.915924 0.835218 0.862203 0.468511 0.726847 0.571346 0.772729 0.446036 0.627174 0.728118 0.854562 0.848908 0.909375 0.682101 0.830267 0.738071 0.741610 0.618558 0.953398 0.915235 0.772355 0.913635 0.826981 0.608275 0.657502 0.956232 0.929199 0.705685 0.703913 0.989080 0.905534 0.947025 0.872316 0.363459 0.555518 0.497379 0.530251 0.764034 0.749113 0.765194 0.911353 0.926161 0.881379 0.972962 0.957056 0.857237 0.969994 0.924331 0.980690 0.981291 0.952513 0.998566 0.799104 0.729073 0.474894 0.844286 0.882452 0.695190 0.661101 0.923020 0.894119 0.708288 0.909588 0.911013 0.801301 0.780863 0.785474 0.784435 0.808352 0.980340 0.860036 0.839392 0.934538 0.719712 0.525265 0.868061 0.888041 0.912223 0.921607 0.847443 0.867809 0.992262 0.952268 0.819967 0.724713
0.977756 0.953249 0.503332 0.405754 0.827168 0.608645 0.961859 0.889239 0.740834 0.548076 0.752245 0.775745 0.898590 0.849187 0.726053 0.958055 0.736053 0.688814 0.839965 0.839801 0.567624 0.923170 0.937556 0.632133 0.310516 0.000000 0.835640 0.543697 0.530513 0.519315 0.720649 0.976392 0.943871 0.922845 0.484852 0.685866 0.657560 0.801749 0.498966 0.574098 0.758340 0.965011 0.743494 0.819004 0.809316 0.936980 0.780059 0.810191 0.629344 0.919679 0.867252 0.779251 0.999212 0.944190 0.686583 0.642616 0.796233 0.879181 0.767850 0.797441 0.924770 0.817938 0.763339 0.698921 0.474126 0.529627 0.437340 0.423664 0.894225 0.952619 0.800659 0.869055 0.880031 0.950284 0.996448 0.948286 0.860067 0.885008 0.959397 0.951944 0.767391 0.857163 0.805271 0.961423 0.957437 0.597616 0.896529 0.668434 0.864616 0.812557 0.717977 0.902007 0.511208 0.701400 0.845099 0.771309 0.817411 0.754282 0.853515 0.861059 0.828890 0.952127 0.953203 0.879914 0.782914 0.535144 0.786887 0.872303 0.895135 0.971860 0.956492 0.859999 0.950727 0.999050 0.875239 0.682136
0.918890 0.875605 0.814519 0.825468 0.928915 0.921592 0.911795 0.918753 0.863329 0.666152 0.862340 0.985349 0.973816 0.975938 0.935455 0.887895 0.893439 0.881776 0.904226 0.896369 0.776615 0.931801 0.727908 0.619785 0.654541 0.835640 0.000000 0.928523 0.984762 0.984891 0.797614 0.971635 0.871164 0.988516 0.903939 0.749656 0.871565 0.822666 0.824495 0.959812 0.971685 0.786626 0.955498 0.926658 0.672942 0.731183 0.946597 0.929546 0.688743 0.849898 0.873128 0.940533 0.790234 0.832523 0.916479 0.965631 0.899399 0.907917 0.970429 0.985058 0.888886 0.888038 0.947193 0.967548 0.704477 0.873354 0.899392 0.977695 0.830442 0.953970 0.790588 0.867955 0.915712 0.850303 0.879579 0.854023 0.997025 0.968990 0.818328 0.892433 0.856627 0.861319 0.736448 0.840860 0.748027 0.734520 0.901891 0.819185 0.779234 0.844227 0.863520 0.876396 0.958457 0.870903 0.990850 0.988434 0.964235 0.991796 0.825760 0.839613 0.828801 0.859575 0.783553 0.879835 0.896908 0.947470 0.969870 0.876055 0.917693 0.971797 0.796417 0.928109 0.882035 0.948091 0.963299 0.724364
0.975545 0.955570 0.758757 0.712570 0.983739 0.583157 0.992503 0.975392 0.811094 0.703519 0.849968 0.895368 0.992350 0.907320 0.900112 0.943349 0.964609 0.926079 0.964918 0.955376 0.690657 0.898642 0.907723 0.752036 0.581342 0.543697 0.928523 0.000000 0.817497 0.754176 0.908209 0.904492 0.924182 0.948888 0.657682 0.744508 0.936780 0.921306 0.753511 0.657327 0.705046 0.868665 0.737639 0.833872 0.886859 0.972030 0.826227 0.801284 0.776473 0.898978 0.967702 0.894041 0.935349 0.952256 0.829052 0.718829 0.954916 0.974580 0.822416 0.888867 0.962403 0.894310 0.935517 0.872604 0.676774 0.764436 0.680134 0.711861 0.965959 0.868760 0.788677 0.965201 0.846553 0.948236 0.922114 0.972692 0.836995 0.827694 0.851977 0.904729 0.940556 0.966599 0.857104 0.992084 0.953384 0.748038 0.967707 0.800891 0.977584 0.811028 0.808370 0.905860 0.729667 0.831682 0.889875 0.958379 0.908270 0.869494 0.975001 0.964755 0.997221 0.916976 0.963736 0.944633 0.972370 0.716791 0.832770 0.990825 0.983345 0.971394 0.945020 0.835861 0.935730 0.959167 0.996080 0.677510
0.578770 0.564278 0.970941 0.834605 0.680221 0.900191 0.563224 0.661946 0.697255 0.642580 0.465351 0.442377 0.491238 0.420273 0.498610 0.587494 0.383157 0.339415 0.387473 0.445342 0.868552 0.938079 0.656568 0.976812 0.611442 0.530513 0.984762 0.817497 0.000000 0.237553 0.917211 0.674115 0.534563 0.538799 0.790804 0.802409 0.937534 0.961245 0.665743 0.846586 0.987069 0.926198 0.797342 0.698409 0.664882 0.678582 0.772647 0.734033 0.554915 0.675642 0.796118 0.886576 0.938316 0.981883 0.954342 0.968972 0.401646 0.524992 0.766580 0.839177 0.545888 0.533623 0.382421 0.351979 0.860250 0.941458 0.956285 0.854816 0.758527 0.713275 0.787943 0.807343 0.637998 0.758332 0.930318 0.696188 0.785887 0.723039 0.521550 0.514152 0.424012 0.543856 0.532599 0.727461 0.704702 0.883032 0.891310 0.687315 0.859298 0.883036 0.865931 0.980331 0.659242 0.711013 0.938576 0.972825 0.767794 0.856772 0.639992 0.635238 0.895165 0.828291 0.639195 0.573469 0.940360 0.897023 0.998590 0.937256 0.895298 0.760978 0.828496 0.618014 0.855910 0.688062 0.888368 0.727000
0.497976 0.493740 0.971774 0.829669 0.715790 0.904707 0.617575 0.674574 0.794133 0.752340 0.371439 0.359675 0.498586 0.462419 0.567569 0.704984 0.313082 0.273535 0.369463 0.346732 0.867848 0.910916 0.730227 0.982678 0.623031 0.519315 0.984891 0.754176 0.237553 0.000000 0.963431 0.729211 0.539076 0.574364 0.748894 0.781740 0.886965 0.860972 0.672380 0.847888 0.974896 0.874951 0.914914 0.840293 0.820904 0.836856 0.834221 0.820266 0.659104 0.752959 0.882472 0.953647 0.918846 0.827470 0.914729 0.983247 0.321764 0.432763 0.773548 0.815727 0.534944 0.505979 0.374976 0.315243 0.857578 0.997261 0.954105 0.832991 0.667209 0.663123 0.787822 0.861294 0.559488 0.759698 0.826105 0.748495 0.874475 0.725801 0.522249 0.493969 0.334575 0.415166 0.518752 0.639051 0.653920 0.863305 0.809334 0.660648 0.850146 0.876229 0.761604 0.825239 0.601843 0.657075 0.838921 0.963191 0.722023 0.881202 0.749314 0.754245 0.859391 0.825213 0.612272 0.602935 0.888029 0.944636 0.895602 0.881522 0.993988 0.740128 0.866377 0.684634 0.968702 0.748097 0.872287 0.686383
0.903857 0.951677 0.711915 0.714748 0.927914 0.983542 0.667028 0.851380 0.864212 0.905631 0.937067 0.934130 0.795095 0.826639 0.628166 0.618799 0.916542 0.928837 0.750366 0.859097 0.664749 0.805431 0.553181 0.653968 0.694679 0.720649 0.797614 0.908209 0.917211 0.963431 0.000000 0.536868 0.654840 0.721096 0.784456 0.748802 0.699386 0.838308 0.973640 0.955524 0.969889 0.890536 0.638833 0.594781 0.781941 0.785071 0.838304 0.777800 0.984451 0.800410 0.825407 0.814541 0.734523 0.724908 0.875072 0.982998 0.918133 0.972247 0.830542 0.887476 0.919566 0.918469 0.910991 0.937904 0.782057 0.996918 0.712878 0.809616 0.963286 0.973614 0.578523 0.513659 0.878446 0.878871 0.858024 0.830610 0.618284 0.767472 0.760547 0.776231 0.962559 0.912633 0.976505 0.945307 0.927888 0.816324 0.855349 0.852640 0.991733 0.921739 0.822341 0.766366 0.808334 0.829814 0.923176 0.994287 0.855179 0.945817 0.836770 0.776046 0.983910 0.781859 0.707489 0.781902 0.712652 0.833011 0.883428 0.773663 0.984471 0.988581 0.928050 0.789192 0.860664 0.796950 0.863493 0.956846
0.981694 0.992136 0.999314 0.913980 0.964633 0.982350 0.662698 0.800099 0.893989 0.742967 0.938414 0.966419 0.799828 0.672298 0.557216 0.604406 0.839027 0.806016 0.756627 0.826226 0.969707 0.891181 0.715929 0.803158 0.915924 0.976392 0.971635 0.904492 0.674115 0.729211 0.536868 0.000000 0.670377 0.735165 0.919062 0.781316 0.912981 0.937590 0.853621 0.912585 0.942968 0.859702 0.617857 0.563556 0.713507 0.718717 0.833267 0.833141 0.911114 0.900324 0.899344 0.978807 0.851994 0.835827 0.981117 0.893654 0.859920 0.979679 0.979863 0.927456 0.938916 0.934692 0.879590 0.890988 0.892365 0.907892 0.894191 0.931020 0.905740 0.889608 0.672258 0.562007 0.892399 0.866639 0.993124 0.672024 0.722567 0.633726 0.765185 0.812284 0.918429 0.953587 0.902255 0.973586 0.964892 0.972572 0.781719 0.982192 0.889077 0.997401 0.717768 0.638144 0.790944 0.828008 0.943042 0.974283 0.947216 0.937683 0.537953 0.536607 0.901425 0.660293 0.570197 0.673895 0.820300 0.949764 0.802566 0.805161 0.848614 0.897780 0.843359 0.719678 0.850394 0.725112 0.979567 0.972139
0.371421 0.411016 0.510875 0.673720 0.842374 0.966050 0.361070 0.561605 0.837562 0.925926 0.531605 0.492777 0.342256 0.415891 0.533418 0.545007 0.409793 0.419391 0.320090 0.390403 0.745445 0.995203 0.544301 0.664618 0.835218 0.943871 0.871164 0.924182 0.534563 0.539076 0.654840 0.670377 0.000000 0.302845 0.722608 0.944475 0.565064 0.840036 0.896885 0.865877 0.700358 0.875560 0.659041 0.572890 0.805743 0.697966 0.502280 0.523179 0.768001 0.565280 0.625498 0.608813 0.897381 0.934427 0.575050 0.654964 0.401181 0.445098 0.436956 0.531492 0.405936 0.549099 0.337359 0.409357 0.628534 0.682508 0.523594 0.675297 0.564105 0.521097 0.567892 0.719230 0.542082 0.706673 0.771759 0.679313 0.580305 0.675193 0.436317 0.498567 0.418068 0.475087 0.571236 0.566950 0.439156 0.449356 0.876048 0.778768 0.591496 0.658495 0.947930 0.860825 0.906141 0.770878 0.990008 0.942014 0.451770 0.907298 0.728689 0.777258 0.895368 0.865131 0.633812 0.669016 0.697456 0.699725 0.979999 0.950945 0.997513 0.640482 0.846538 0.646535 0.827349 0.664011 0.671919 0.845581
0.376464 0.420282 0.512316 0.601784 0.814814 0.837640 0.308621 0.423343 0.833665 0.991402 0.435280 0.448219 0.335285 0.416759 0.643939 0.589613 0.453243 0.466827 0.312820 0.406165 0.748042 0.950923 0.741233 0.722141 0.862203 0.922845 0.988516 0.948888 0.538799 0.574364 0.721096 0.735165 0.302845 0.000000 0.800217 0.987062 0.598814 0.788084 0.880393 0.752609 0.680762 0.935131 0.552532 0.502789 0.697285 0.531096 0.461178 0.363592 0.625581 0.490991 0.473601 0.515483 0.901740 0.976534 0.532945 0.552484 0.435877 0.436215 0.351180 0.474817 0.325586 0.450767 0.380742 0.421948 0.648959 0.586342 0.455755 0.568215 0.586402 0.467037 0.635111 0.770588 0.598135 0.654576 0.712106 0.726439 0.490569 0.641147 0.500140 0.510920 0.450839 0.510766 0.589272 0.591748 0.515073 0.448830 0.881910 0.892256 0.645872 0.630748 0.984534 0.899880 0.992698 0.846189 0.996509 0.793132 0.486283 0.849592 0.636250 0.681135 0.931640 0.856193 0.621846 0.595535 0.652126 0.614686 0.935621 0.895179 0.981625 0.640806 0.785189 0.547130 0.762189 0.603886 0.633553 0.829198
0.742944 0.779172 0.459384 0.544787 0.960157 0.866139 0.769476 0.922742 0.907490 0.609519 0.926249 0.968608 0.783191 0.895357 0.982595 0.958732 0.976869 0.970547 0.852961 0.907107 0.647008 0.981723 0.768814 0.606048 0.468511 0.484852 0.903939 0.657682 0.790804 0.748894 0.784456 0.919062 0.722608 0.800217 0.000000 0.871647 0.596278 0.798853 0.551928 0.708486 0.753482 0.989694 0.901356 0.873648 0.957153 0.987032 0.747616 0.726705 0.801727 0.889174 0.829504 0.727061 0.908173 0.983244 0.648282 0.639375 0.965648 0.884109 0.659722 0.729932 0.834392 0.974406 0.916766 0.992149 0.398231 0.680139 0.503457 0.561367 0.753143 0.782979 0.689109 0.816746 0.896598 0.843374 0.994732 0.989446 0.797891 0.856185 0.820962 0.940192 0.989649 0.913652 0.975342 0.839593 0.668129 0.582271 0.995532 0.976751 0.696772 0.718795 0.960311 0.913999 0.919111 0.940033 0.749666 0.902805 0.754923 0.976085 0.835394 0.811818 0.719332 0.984538 0.912349 0.981708 0.713071 0.609302 0.837142 0.938114 0.896672 0.920162 0.858945 0.833780 0.980914 0.949030 0.824695 0.996301
0.876350 0.936656 0.932541 0.717551 0.821518 0.830059 0.978554 0.947023 0.748545 0.907210 0.737939 0.835014 0.916907 0.964535 0.854686 0.991531 0.814415 0.875076 0.953597 0.967430 0.729591 0.926946 0.992739 0.800505 0.726847 0.685866 0.749656 0.744508 0.802409 0.781740 0.748802 0.781316 0.944475 0.987062 0.871647 0.000000 0.926483 0.762010 0.765198 0.842291 0.959742 0.901302 0.746672 0.805878 0.924108 0.968022 0.917310 0.904639 0.790248 0.911959 0.964825 0.946028 0.886558 0.954383 0.968046 0.950736 0.836968 0.848606 0.956296 0.946716 0.842683 0.768453 0.782967 0.788893 0.897886 0.881176 0.749400 0.788008 0.929599 0.987391 0.694620 0.775044 0.948274 0.904822 0.744868 0.866579 0.695139 0.751241 0.936231 0.989688 0.789150 0.811613 0.846584 0.782771 0.872684 0.954178 0.835227 0.815685 0.956695 0.994688 0.751176 0.764195 0.621517 0.696287 0.803348 0.996131 0.887491 0.928951 0.938297 0.823177 0.918900 0.976723 0.901028 0.934044 0.752890 0.763660 0.839415 0.847903 0.948108 0.997681 0.944815 0.939735 0.912140 0.970241 0.982311 0.738208
0.510350 0.557785 0.446245 0.533078 0.989476 0.933960 0.696403 0.660286 0.973938 0.768854 0.788550 0.699046 0.651250 0.785361 0.962332 0.836406 0.732059 0.762688 0.690536 0.664863 0.734419 0.899503 0.775683 0.615351 0.571346 0.657560 0.871565 0.936780 0.937534 0.886965 0.699386 0.912981 0.565064 0.598814 0.596278 0.926483 0.000000 0.694693 0.684182 0.858128 0.732685 0.953679 0.754135 0.781744 0.963033 0.930404 0.596191 0.617160 0.984253 0.708146 0.670230 0.602642 0.866743 0.921936 0.520434 0.568095 0.665526 0.578567 0.517646 0.515359 0.619489 0.731438 0.664712 0.678224 0.512928 0.588800 0.495736 0.624470 0.529441 0.550022 0.747125 0.796380 0.692248 0.798496 0.855712 0.818086 0.714650 0.761146 0.642131 0.778162 0.685125 0.674371 0.714758 0.719521 0.594585 0.491918 0.827662 0.948661 0.656186 0.699888 0.815887 0.717384 0.975668 0.894487 0.968677 0.776497 0.609448 0.813507 0.988001 0.997032 0.884198 0.931768 0.815113 0.833933 0.596872 0.580903 0.892359 0.836673 0.978752 0.708855 0.974111 0.966259 0.955669 0.872476 0.659531 0.996774
0.751787 0.719496 0.718116 0.645256 0.985924 0.982235 0.803132 0.677012 0.949571 0.847713 0.874153 0.785912 0.793104 0.738428 0.922990 0.901975 0.828763 0.749792 0.767457 0.642758 0.757119 0.979057 0.986582 0.716860 0.772729 0.801749 0.822666 0.921306 0.961245 0.860972 0.838308 0.937590 0.840036 0.788084 0.798853 0.762010 0.694693 0.000000 0.650877 0.840179 0.988922 0.839968 0.718844 0.756328 0.960501 0.933572 0.738678 0.810486 0.929628 0.992702 0.813103 0.794325 0.833697 0.885180 0.803485 0.821002 0.741759 0.759046 0.796716 0.827304 0.832087 0.857466 0.866478 0.825448 0.729694 0.636168 0.665261 0.689636 0.755030 0.796775 0.632677 0.660581 0.904309 0.851086 0.975104 0.855915 0.750301 0.633993 0.728696 0.773802 0.840638 0.800499 0.876171 0.884836 0.811495 0.684151 0.929756 0.954626 0.729915 0.905812 0.984241 0.973859 0.920566 0.798635 0.980944 0.824094 0.749184 0.881040 0.979546 0.826693 0.959552 0.848297 0.805614 0.874649 0.528569 0.663867 0.803357 0.986887 0.913894 0.895715 0.907795 0.985421 0.840946 0.881179 0.702039 0.964840
