0.000000 0.390824 0.721579 0.490993 0.897262 0.741523 0.610633 0.533751 0.901989 0.646321 0.475620 0.549447 0.997653 0.850383 0.959912 0.975274 0.408961 0.296995 0.441387 0.414787 0.906194 0.965565 0.975310 0.840644 0.934172 0.945030 0.959553 0.955540 0.592835 0.602059 0.714600 0.820015 0.424101 0.456328 0.697572 0.997133 0.546654 0.660393 0.964154 0.894347 0.714586 0.614095 0.863684 0.806306 0.844104 0.719952 0.560311 0.578188 0.758023 0.638824 0.737232 0.654442 0.768147 0.924568 0.532021 0.513065 0.329984 0.335044 0.317524 0.371068 0.553259 0.598133 0.407676 0.349459 0.950050 0.854653 0.595698 0.656914 0.546502 0.504833 0.795420 0.863867 0.767298 0.788408 0.997579 0.959673 0.943302 0.710140 0.744496 0.832840 0.358823 0.325964 0.658788 0.373451 0.574510 0.780147 0.960680 0.991843 0.779111 0.399275 0.797251 0.948628 0.858305 0.886772 0.747819 0.890344 0.657176 0.849755 0.645863 0.598794 0.830003 0.960058 0.407004 0.590867 0.643175 0.549546 0.962657 0.823645 0.966378 0.816171 0.896866 0.655959 0.724233 0.884071 0.801531 0.950765
0.390824 0.000000 0.622258 0.433858 0.875414 0.821310 0.568392 0.502095 0.939185 0.659747 0.605529 0.533084 0.976310 0.747368 0.915066 0.943533 0.489132 0.398389 0.446855 0.382630 0.883648 0.836875 0.884998 0.969839 0.999846 0.927653 0.880835 0.909881 0.641925 0.588589 0.634583 0.758149 0.517123 0.468297 0.765809 0.975749 0.636114 0.644497 0.933143 0.877713 0.727153 0.641489 0.688197 0.586242 0.707180 0.603465 0.576691 0.531316 0.667731 0.592059 0.656690 0.594605 0.684278 0.888689 0.596028 0.599060 0.334867 0.323733 0.402131 0.397471 0.629704 0.633085 0.577301 0.459878 0.959646 0.818349 0.577172 0.538740 0.557429 0.416113 0.690469 0.667875 0.685048 0.706833 0.973464 0.943827 0.740130 0.606881 0.832404 0.765528 0.525298 0.447075 0.647477 0.469583 0.672972 0.807533 0.914279 0.947558 0.786731 0.497333 0.734535 0.850350 0.746645 0.911918 0.760568 0.874587 0.608871 0.815822 0.646553 0.507990 0.728318 0.753926 0.447309 0.556346 0.623957 0.542912 0.864218 0.787731 0.942837 0.718533 0.943010 0.572605 0.645721 0.766192 0.804262 0.987067
0.721579 0.622258 0.000000 0.622881 0.917610 0.924016 0.550893 0.851662 0.718870 0.866350 0.896759 0.988550 0.968814 0.951038 0.865288 0.925564 0.813873 0.712431 0.781759 0.742508 0.886530 0.850209 0.805227 0.972282 0.811304 0.762599 0.874179 0.987289 0.877408 0.891905 0.699037 0.875521 0.636232 0.787749 0.675470 0.954316 0.552724 0.654113 0.932805 0.845938 0.791004 0.687612 0.778320 0.678104 0.732117 0.721795 0.744357 0.745443 0.762769 0.669907 0.589705 0.600121 0.621806 0.548679 0.767217 0.774987 0.621437 0.525888 0.592922 0.762675 0.776919 0.994550 0.812281 0.742583 0.659195 0.875131 0.536343 0.738122 0.697192 0.632351 0.888429 0.641956 0.866726 0.884136 0.892042 0.978934 0.802099 0.748661 0.793736 0.840328 0.785115 0.826147 0.702200 0.615985 0.761421 0.978080 0.854325 0.903816 0.780247 0.814055 0.737476 0.724042 0.659991 0.678745 0.818749 0.932517 0.782404 0.910354 0.740961 0.748700 0.813205 0.768315 0.696002 0.776081 0.693341 0.640635 0.839812 0.670577 0.957869 0.729853 0.947774 0.789989 0.739961 0.955196 0.809820 0.754749
0.490993 0.433858 0.622881 0.000000 0.944434 0.803101 0.608076 0.492518 0.983171 0.662688 0.624876 0.594611 0.992045 0.711719 0.886774 0.885561 0.601140 0.496233 0.456816 0.404450 0.983384 0.944039 0.754161 0.885968 0.932680 0.846398 0.989916 0.908766 0.578301 0.562123 0.643122 0.676149 0.517939 0.507849 0.800166 0.960626 0.643667 0.789199 0.924091 0.877617 0.802120 0.702267 0.762550 0.672532 0.794704 0.746776 0.682826 0.549645 0.790705 0.672253 0.756143 0.653854 0.736360 0.949924 0.631850 0.582623 0.450744 0.456411 0.516638 0.475794 0.705432 0.647224 0.583977 0.523035 0.956573 0.863337 0.641066 0.601373 0.657059 0.513788 0.686032 0.657007 0.762349 0.704871 0.980977 0.975306 0.677805 0.657760 0.995464 0.781158 0.639361 0.595517 0.627517 0.564563 0.654792 0.829213 0.893170 0.840460 0.801794 0.563795 0.642466 0.916151 0.686550 0.981812 0.817456 0.883687 0.664260 0.838782 0.673070 0.569241 0.672968 0.898276 0.490127 0.593909 0.554227 0.508748 0.999946 0.849251 0.928384 0.710913 0.874388 0.588918 0.675747 0.830227 0.761698 0.909448
0.897262 0.875414 0.917610 0.944434 0.000000 0.990869 0.943336 0.902602 0.864813 0.884459 0.897443 0.909911 0.756619 0.906611 0.835813 0.765658 0.975661 0.970458 0.960378 0.995883 0.685742 0.940891 0.717122 0.720432 0.890108 0.788706 0.820804 0.894395 0.981577 0.941706 0.837979 0.960160 0.915151 0.969962 0.970293 0.890354 0.918604 0.673850 0.950053 0.943376 0.906475 0.915858 0.778423 0.770876 0.993966 0.976975 0.787523 0.958106 0.927632 0.883843 0.815020 0.794108 0.900064 0.808567 0.924195 0.953413 0.879919 0.903741 0.829103 0.856028 0.909859 0.951482 0.974080 0.968577 0.967621 0.920451 0.900405 0.825433 0.970425 0.918503 0.946535 0.969175 0.975534 0.941682 0.891339 0.872467 0.877156 0.901268 0.682506 0.886273 0.894777 0.995688 0.847565 0.943990 0.762381 0.903994 0.876911 0.735942 0.999070 0.940912 0.913590 0.954505 0.842179 0.932155 0.895406 0.885387 0.957801 0.956862 0.997601 0.932639 0.998012 0.848171 0.993983 0.888553 0.915793 0.980213 0.874113 0.913710 0.940443 0.918656 0.991921 0.986109 0.880009 0.933948 0.925888 0.937688
0.741523 0.821310 0.924016 0.803101 0.990869 0.000000 0.745050 0.637639 0.973281 0.649331 0.818403 0.731547 0.896961 0.797859 0.848633 0.844294 0.809655 0.774419 0.828782 0.909620 0.956047 0.890765 0.944830 0.864859 0.822928 0.919925 0.946804 0.964033 0.804881 0.810294 0.865298 0.957109 0.743423 0.715392 0.943830 0.984251 0.960341 0.913474 0.994935 0.902394 0.890146 0.994680 0.690497 0.712327 0.715649 0.627562 0.602576 0.723837 0.724413 0.902953 0.679627 0.787603 0.922027 0.924396 0.682998 0.732724 0.851276 0.834962 0.728470 0.657069 0.582771 0.545931 0.667693 0.681983 0.828757 0.629243 0.648531 0.649054 0.883986 0.858477 0.908507 0.981541 0.750936 0.797852 0.896707 0.832799 0.881607 0.839479 0.818033 0.990658 0.650602 0.675351 0.991260 0.779795 0.903361 0.832645 0.915931 0.910081 0.979857 0.866044 0.804218 0.961718 0.874951 0.989042 0.929649 0.928916 0.768651 0.745721 0.659618 0.686818 0.726765 0.950454 0.747084 0.788731 0.728797 0.802941 0.955923 0.891957 0.963642 0.830120 0.904867 0.670855 0.872184 0.735030 0.823995 0.989608
0.610633 0.568392 0.550893 0.608076 0.943336 0.745050 0.000000 0.379229 0.698919 0.352678 0.617934 0.699897 0.965452 0.998538 0.836543 0.931137 0.573172 0.545935 0.565231 0.631287 0.897957 0.916146 0.829842 0.823378 0.656246 0.809729 0.786552 0.669665 0.610208 0.620562 0.600866 0.752963 0.525343 0.436264 0.844643 0.922240 0.754273 0.791831 0.887281 0.933267 0.788925 0.854590 0.750745 0.700352 0.423528 0.442009 0.694827 0.596783 0.617002 0.662549 0.600970 0.670397 0.578214 0.682389 0.779582 0.761335 0.697551 0.592772 0.550441 0.583200 0.406076 0.560160 0.526537 0.445431 0.766390 0.951122 0.456998 0.515015 0.837733 0.618714 0.691860 0.640252 0.747257 0.649532 0.808520 0.896659 0.804947 0.636190 0.777693 0.884923 0.598837 0.638347 0.847013 0.613213 0.874858 0.819699 0.876858 0.852391 0.888638 0.883473 0.445316 0.599987 0.479959 0.726043 0.756846 0.977541 0.679706 0.841109 0.389691 0.465024 0.598090 0.749864 0.516264 0.551029 0.637850 0.633437 0.808830 0.820732 0.899506 0.686764 0.939277 0.611948 0.564413 0.697363 0.963578 0.947732
0.533751 0.502095 0.851662 0.492518 0.902602 0.637639 0.379229 0.000000 0.790357 0.288014 0.433980 0.407490 0.988273 0.798671 0.795935 0.947613 0.507937 0.462649 0.501091 0.497645 0.851799 0.965195 0.915450 0.952068 0.570036 0.744749 0.751013 0.639921 0.466378 0.436282 0.621565 0.692803 0.545658 0.315149 0.843241 0.995611 0.931979 0.956948 0.867431 0.971179 0.784629 0.923923 0.892194 0.807502 0.621708 0.592465 0.726724 0.639618 0.760467 0.835060 0.837142 0.850045 0.880932 0.934482 0.737607 0.730305 0.638571 0.598577 0.585239 0.468988 0.357909 0.296236 0.421663 0.324568 0.624727 0.667957 0.582614 0.475864 0.938188 0.664655 0.694021 0.757789 0.653723 0.514886 0.893090 0.930857 0.849810 0.711206 0.875278 0.938667 0.555702 0.592037 0.893080 0.611352 0.909818 0.984149 0.815747 0.887890 0.954143 0.736638 0.563169 0.903961 0.684556 0.958671 0.703684 0.949747 0.646195 0.862500 0.451562 0.486092 0.539733 0.903428 0.491324 0.587242 0.670345 0.656629 0.980923 0.936437 0.863061 0.696405 0.852105 0.552214 0.623927 0.659407 0.944317 0.863193
0.901989 0.939185 0.718870 0.983171 0.864813 0.973281 0.698919 0.790357 0.000000 0.744545 0.963649 0.976027 0.971707 0.956860 0.895882 0.997243 0.995471 0.957458 0.880216 0.900161 0.978545 0.907324 0.920756 0.941147 0.907873 0.913961 0.940605 0.898351 0.910451 0.994663 0.974080 0.911670 0.882627 0.932704 0.923551 0.931635 0.988252 0.971384 0.956668 0.963806 0.913094 0.959030 0.994093 0.973006 0.763725 0.835385 0.959174 0.949279 0.883900 0.973679 0.825553 0.910880 0.854629 0.736511 0.925829 0.945575 0.973299 0.866129 0.943844 0.991666 0.807583 0.887918 0.977843 0.938771 0.918295 0.947475 0.751058 0.883296 0.966996 0.932033 0.980785 0.883785 0.929273 0.972668 0.821320 0.838639 0.747775 0.916871 0.961671 0.951402 0.991432 0.870855 0.955035 0.879518 0.971097 0.903512 0.949024 0.825197 0.950115 0.941088 0.717635 0.728603 0.762732 0.732117 0.927944 0.896412 0.729903 0.983016 0.820310 0.857635 0.939640 0.869258 0.976805 0.981519 0.902524 0.966844 0.967994 0.842211 0.798358 0.891394 0.971924 0.833059 0.856165 0.822220 0.955670 0.969371
0.646321 0.659747 0.866350 0.662688 0.884459 0.649331 0.352678 0.288014 0.744545 0.000000 0.534627 0.550229 0.929816 0.910325 0.705663 0.954700 0.582545 0.547694 0.581442 0.656580 0.890086 0.942387 0.987510 0.798244 0.432515 0.576113 0.701272 0.627813 0.574962 0.535413 0.764477 0.796701 0.633813 0.461080 0.918133 0.963094 0.996300 0.969979 0.770424 0.976871 0.817836 0.948362 0.963655 0.913776 0.573315 0.592351 0.790733 0.708663 0.737062 0.871623 0.836688 0.917184 0.845187 0.978855 0.836038 0.734189 0.784347 0.703937 0.625057 0.569469 0.405929 0.393384 0.516338 0.448718 0.513194 0.772539 0.607178 0.571652 0.976191 0.677550 0.684508 0.770769 0.802940 0.603405 0.747928 0.935745 0.860140 0.790297 0.838609 0.985653 0.606061 0.686458 0.936399 0.703778 0.996604 0.802408 0.736858 0.825951 0.793861 0.861138 0.593348 0.833852 0.702134 0.990427 0.772620 0.992624 0.712320 0.818871 0.456449 0.530591 0.616604 0.926343 0.578882 0.626657 0.745865 0.671571 0.939560 0.910539 0.908817 0.744832 0.857520 0.621529 0.674207 0.626921 0.994439 0.930053
0.475620 0.605529 0.896759 0.624876 0.897443 0.818403 0.617934 0.433980 0.963649 0.534627 0.000000 0.469844 0.974632 0.872839 0.856457 0.979225 0.401561 0.465294 0.543632 0.441673 0.941335 0.880659 0.984272 0.935564 0.810150 0.855664 0.907966 0.845681 0.496827 0.460713 0.657361 0.795433 0.562123 0.433487 0.778463 0.951318 0.853331 0.907348 0.857199 0.989446 0.772799 0.841594 0.908613 0.967005 0.863973 0.803638 0.851751 0.791999 0.887534 0.879237 0.983504 0.952016 0.976625 0.803032 0.836266 0.751277 0.620854 0.645623 0.582898 0.534807 0.499986 0.464766 0.398024 0.383175 0.706255 0.772461 0.689449 0.619024 0.884279 0.663422 0.877254 0.931144 0.771583 0.680599 0.997461 0.926455 0.954899 0.884226 0.848555 0.897059 0.516993 0.504101 0.799442 0.557197 0.814936 0.916752 0.925665 0.961797 0.976267 0.686690 0.796234 0.870303 0.924118 0.753096 0.697264 0.951271 0.772551 0.995784 0.729232 0.681946 0.712665 0.958188 0.535946 0.660048 0.812581 0.720469 0.792938 0.977558 0.843982 0.754537 0.903003 0.706078 0.743851 0.895603 0.942610 0.866743
0.549447 0.533084 0.988550 0.594611 0.909911 0.731547 0.699897 0.407490 0.976027 0.550229 0.469844 0.000000 0.694779 0.538109 0.851736 0.616561 0.488988 0.482533 0.481770 0.487835 0.921100 0.953722 0.846810 0.848497 0.730276 0.762110 0.984801 0.841545 0.453085 0.417653 0.800421 0.741445 0.610974 0.393033 0.788217 0.922708 0.994591 0.962142 0.899837 0.991450 0.796340 0.933290 0.986527 0.911327 0.891888 0.825293 0.706562 0.774660 0.976873 0.940612 0.963261 0.960506 0.853002 0.695229 0.629660 0.661961 0.588566 0.646267 0.713666 0.596523 0.434319 0.380644 0.385089 0.380751 0.836696 0.543275 0.725203 0.649733 0.899296 0.694372 0.853544 0.995470 0.651790 0.591479 0.971450 0.980045 0.967095 0.836423 0.907099 0.929881 0.496331 0.494618 0.737650 0.582919 0.696064 0.645045 0.941975 0.896279 0.829540 0.663787 0.957200 0.778467 0.993633 0.658220 0.723763 0.986597 0.799317 0.996963 0.782676 0.808230 0.709622 0.988398 0.585342 0.723887 0.823861 0.770982 0.817345 0.981610 0.817480 0.839888 0.835374 0.718361 0.814932 0.895876 0.948008 0.795322
0.997653 0.976310 0.968814 0.992045 0.756619 0.896961 0.965452 0.988273 0.971707 0.929816 0.974632 0.694779 0.000000 0.485126 0.438943 0.385128 0.987255 0.936392 0.928901 0.983606 0.805183 0.856120 0.643144 0.615443 0.996750 0.939616 0.690462 0.821680 0.942834 0.998639 0.795955 0.918012 0.980070 0.985474 0.891666 0.899064 0.993351 0.954184 0.817547 0.897797 0.831343 0.968831 0.918396 0.956608 0.955731 0.936964 0.878480 0.919774 0.968286 0.832649 0.991541 0.879116 0.866439 0.864287 0.666110 0.820918 0.929669 0.910739 0.793246 0.742811 0.782337 0.943427 0.781201 0.917033 0.715595 0.896673 0.998469 0.851163 0.998763 0.928907 0.850198 0.837490 0.981685 0.963818 0.929684 0.864397 0.957626 0.974545 0.884757 0.930369 0.864525 0.854591 0.757376 0.841659 0.511415 0.468761 0.972123 0.643485 0.707780 0.972337 0.885319 0.906454 0.991314 0.859942 0.869466 0.950842 0.930919 0.916606 0.966215 0.771489 0.946948 0.990326 0.935456 0.977616 0.961003 0.928497 0.782476 0.973376 0.970088 0.921990 0.829063 0.964902 0.849082 0.954188 0.936290 0.897692
0.850383 0.747368 0.951038 0.711719 0.906611 0.797859 0.998538 0.798671 0.956860 0.910325 0.872839 0.538109 0.485126 0.000000 0.501398 0.399391 0.887740 0.807431 0.644894 0.656393 0.926956 0.846959 0.643872 0.545016 0.980089 0.988228 0.709830 0.850162 0.650247 0.640140 0.873681 0.728394 0.841819 0.766931 0.826903 0.979978 0.914423 0.934832 0.877475 0.899585 0.861773 0.990528 0.809568 0.802081 0.915570 0.862057 0.727890 0.757223 0.921644 0.973523 0.966361 0.998671 0.945680 0.872768 0.762509 0.681281 0.806419 0.927201 0.971515 0.952537 0.786736 0.786958 0.651857 0.757874 0.856608 0.783511 0.902285 0.874865 0.981301 0.906437 0.953103 0.951323 0.821583 0.798946 0.969260 0.942432 0.753237 0.972549 0.953850 0.884446 0.717054 0.728585 0.706272 0.736497 0.576820 0.504279 0.977580 0.619123 0.822894 0.786528 0.947843 0.853026 0.974513 0.730734 0.872345 0.917554 0.964949 0.835055 0.971248 0.988214 0.838877 0.985765 0.828580 0.865508 0.951803 0.867141 0.715525 0.996598 0.950785 0.988425 0.772065 0.796897 0.970459 0.921020 0.924394 0.854375
0.959912 0.915066 0.865288 0.886774 0.835813 0.848633 0.836543 0.795935 0.895882 0.705663 0.856457 0.851736 0.438943 0.501398 0.000000 0.449018 0.942713 0.983712 0.830735 0.869135 0.998902 0.840347 0.554505 0.560387 0.743436 0.852916 0.580953 0.781848 0.974916 0.975989 0.877303 0.956957 0.992481 0.959996 0.899539 0.967802 0.887366 0.969069 0.691576 0.872184 0.905488 0.805275 0.899679 0.934710 0.919101 0.949982 0.874909 0.866300 0.952545 0.985526 0.967554 0.992872 0.966777 0.999389 0.775762 0.804462 0.903792 0.974187 0.851727 0.761270 0.961601 0.765858 0.893938 0.982238 0.546119 0.860949 0.940456 0.748384 0.761498 0.984576 0.894204 0.974324 0.986412 0.941012 0.940019 0.878364 0.875546 0.993562 0.836344 0.930575 0.889136 0.800439 0.576633 0.801994 0.429246 0.473517 0.775195 0.581468 0.648018 0.856475 0.811575 0.935092 0.977111 0.887282 0.946805 0.954602 0.927984 0.823484 0.845435 0.763374 0.858114 0.978451 0.953983 0.994923 0.992751 0.991555 0.867664 0.959545 0.987388 0.828123 0.885927 0.957079 0.857513 0.795246 0.850311 0.992907
0.975274 0.943533 0.925564 0.885561 0.765658 0.844294 0.931137 0.947613 0.997243 0.954700 0.979225 0.616561 0.385128 0.399391 0.449018 0.000000 0.995152 0.950489 0.852096 0.853550 0.948607 0.941400 0.492446 0.454533 0.952045 0.927026 0.689509 0.842709 0.794455 0.755991 0.972963 0.831887 0.896047 0.866196 0.980536 0.904492 0.874267 0.844766 0.734942 0.933447 0.957756 0.943501 0.963895 0.996237 0.899109 0.946931 0.902414 0.999323 0.825355 0.799295 0.852657 0.838754 0.848861 0.794115 0.820204 0.851362 0.944647 0.958167 0.791469 0.875327 0.821158 0.887464 0.779138 0.911564 0.750983 0.801264 0.957349 0.923890 0.969014 0.991030 0.962321 0.861263 0.862447 0.895751 0.988997 0.991980 0.875479 0.966584 0.863670 0.990667 0.879121 0.807849 0.590538 0.782502 0.509831 0.435623 0.857703 0.493103 0.771875 0.981235 0.847628 0.815386 0.890418 0.702914 0.957469 0.975021 0.945687 0.902900 0.849663 0.763508 0.914419 0.893496 0.970752 0.927470 0.998142 0.890235 0.741377 0.923806 0.995516 0.905252 0.715295 0.971031 0.949669 0.972888 0.906290 0.906124
0.408961 0.489132 0.813873 0.601140 0.975661 0.809655 0.573172 0.507937 0.995471 0.582545 0.401561 0.488988 0.987255 0.887740 0.942713 0.995152 0.000000 0.348575 0.522785 0.453456 0.936252 0.967610 0.929147 0.838698 0.865285 0.957976 0.862389 0.923155 0.543735 0.513933 0.673307 0.819499 0.517887 0.448375 0.748191 0.982373 0.749143 0.842126 0.957727 0.932675 0.747231 0.763892 0.950294 0.842197 0.844308 0.785522 0.721575 0.678554 0.857050 0.796243 0.867440 0.825106 0.946315 0.917611 0.645426 0.611459 0.465928 0.463754 0.420393 0.433989 0.519720 0.553048 0.397877 0.359870 0.834643 0.752534 0.609591 0.608875 0.699380 0.586457 0.790743 0.983735 0.738423 0.790622 0.953567 0.980179 0.990582 0.726579 0.760340 0.825848 0.419130 0.429406 0.755528 0.502542 0.748676 0.863544 0.990836 0.938912 0.802042 0.574730 0.885028 0.888975 0.919487 0.835233 0.757743 0.892136 0.760810 0.912437 0.676985 0.678565 0.749164 0.857017 0.444488 0.534517 0.767552 0.605731 0.989461 0.859812 0.923752 0.773368 0.927341 0.701268 0.810298 0.891082 0.825927 0.971006
0.296995 0.398389 0.712431 0.496233 0.970458 0.774419 0.545935 0.462649 0.957458 0.547694 0.465294 0.482533 0.936392 0.807431 0.983712 0.950489 0.348575 0.000000 0.448026 0.405190 0.906292 0.965623 0.985988 0.864385 0.843795 0.962079 0.990277 0.912209 0.487904 0.432417 0.626845 0.706217 0.397390 0.393291 0.703590 0.977468 0.655286 0.779119 0.964093 0.870733 0.787292 0.648572 0.894455 0.798106 0.843397 0.745251 0.615053 0.594091 0.824666 0.702964 0.798632 0.713570 0.799920 0.995387 0.646462 0.587649 0.317185 0.333504 0.347320 0.362273 0.528756 0.583088 0.389046 0.319552 0.842073 0.843957 0.557528 0.601834 0.568629 0.452266 0.749658 0.854967 0.746651 0.742916 0.968206 0.982736 0.927483 0.674659 0.706032 0.869982 0.335519 0.355416 0.643635 0.359116 0.653271 0.862917 0.972845 0.984853 0.852894 0.490333 0.862447 0.914283 0.854608 0.840948 0.692743 0.831441 0.748807 0.853667 0.628979 0.601114 0.778224 0.957122 0.365943 0.518002 0.715152 0.567607 0.955958 0.858099 0.929938 0.798521 0.912071 0.596592 0.727864 0.882367 0.829467 0.984869
0.441387 0.446855 0.781759 0.456816 0.960378 0.828782 0.565231 0.501091 0.880216 0.581442 0.543632 0.481770 0.928901 0.644894 0.830735 0.852096 0.522785 0.448026 0.000000 0.380167 0.910289 0.957412 0.733414 0.913197 0.861699 0.865271 0.895736 0.806722 0.525047 0.529783 0.668396 0.547333 0.560738 0.444241 0.804765 0.884564 0.842904 0.867792 0.878797 0.982268 0.730698 0.703029 0.808010 0.781591 0.674110 0.606290 0.613008 0.583378 0.659513 0.638092 0.802767 0.754714 0.687988 0.981648 0.626989 0.573041 0.522329 0.549280 0.586794 0.552737 0.602868 0.645613 0.450783 0.447214 0.854379 0.955553 0.730133 0.690644 0.688395 0.518296 0.609939 0.687399 0.717340 0.621650 0.983451 0.937986 0.761969 0.744804 0.919098 0.768673 0.511701 0.434925 0.625691 0.578723 0.575496 0.852360 0.943598 0.851402 0.903967 0.617521 0.707344 0.900664 0.691896 0.931725 0.672475 0.933872 0.779194 0.976714 0.612120 0.547994 0.752805 0.930888 0.482895 0.601854 0.695077 0.535262 0.932466 0.917388 0.965873 0.854452 0.839505 0.617898 0.637285 0.875032 0.899728 0.877385
0.414787 0.382630 0.742508 0.404450 0.995883 0.909620 0.631287 0.497645 0.900161 0.656580 0.441673 0.487835 0.983606 0.656393 0.869135 0.853550 0.453456 0.405190 0.380167 0.000000 0.958163 0.967229 0.824200 0.867512 0.963625 0.985250 0.989691 0.847354 0.437685 0.441797 0.568820 0.634236 0.465229 0.452313 0.794457 0.954572 0.731797 0.767008 0.971931 0.906015 0.708373 0.779830 0.844387 0.799266 0.832763 0.734041 0.650875 0.616157 0.798016 0.690515 0.835585 0.733685 0.807644 0.937401 0.784894 0.655003 0.441952 0.510951 0.502374 0.459165 0.652915 0.587244 0.483899 0.465476 0.889391 0.799362 0.687409 0.607129 0.696914 0.578555 0.672630 0.725821 0.722550 0.635151 0.965202 0.999924 0.842649 0.778448 0.854393 0.711747 0.562576 0.442542 0.603929 0.509974 0.647219 0.803190 0.997966 0.823855 0.911073 0.553195 0.828664 0.944580 0.877367 0.833964 0.732317 0.875480 0.762495 0.972838 0.707916 0.649178 0.688390 0.953263 0.523528 0.570071 0.726023 0.585521 0.914239 0.920325 0.918408 0.781648 0.878822 0.603808 0.646931 0.819707 0.848749 0.892724
0.906194 0.883648 0.886530 0.983384 0.685742 0.956047 0.897957 0.851799 0.978545 0.890086 0.941335 0.921100 0.805183 0.926956 0.998902 0.948607 0.936252 0.906292 0.910289 0.958163 0.000000 0.914871 0.753422 0.753820 0.797202 0.681059 0.965649 0.778184 0.958411 0.980744 0.855548 0.987744 0.841267 0.986543 0.920755 0.979460 0.907219 0.799625 0.737482 0.947771 0.924709 0.936849 0.850119 0.881834 0.879149 0.947068 0.770830 0.959592 0.911990 0.969833 0.850945 0.789027 0.967279 0.900296 0.868754 0.990850 0.743073 0.778717 0.747591 0.806185 0.978153 0.954115 0.958930 0.965837 0.838005 0.834791 0.774771 0.797520 0.874775 0.911573 0.997799 0.986012 0.802092 0.929873 0.887071 0.819910 0.995798 0.995003 0.821137 0.817360 0.887093 0.947817 0.975886 0.889596 0.920487 0.880144 0.949310 0.888653 0.820476 0.910022 0.819444 0.937612 0.759961 0.923021 0.833496 0.782268 0.963151 0.848531 0.864248 0.923119 0.899563 0.973145 0.921905 0.923434 0.886868 0.967774 0.863601 0.958973 0.905216 0.952219 0.990820 0.936581 0.938816 0.937596 0.831410 0.753732
0.965565 0.836875 0.850209 0.944039 0.940891 0.890765 0.916146 0.965195 0.907324 0.942387 0.880659 0.953722 0.856120 0.846959 0.840347 0.941400 0.967610 0.965623 0.957412 0.967229 0.914871 0.000000 0.937966 0.977378 0.976985 0.940694 0.996978 0.769094 0.892645 0.941104 0.985525 0.759627 0.929174 0.928793 0.994490 0.844986 0.794115 0.746976 0.903742 0.718398 0.944072 0.957378 0.826976 0.763750 0.918223 0.855254 0.808678 0.780277 0.883595 0.922627 0.774655 0.833785 0.897488 0.831010 0.896283 0.834531 0.884916 0.865936 0.817418 0.922935 0.952584 0.991655 0.964659 0.970024 0.836229 0.921045 0.825620 0.897758 0.923138 0.914609 0.930837 0.988980 0.944114 0.879016 0.995544 0.905367 0.804000 0.849394 0.966886 0.914024 0.882752 0.933390 0.997366 0.862004 0.963842 0.939984 0.952353 0.867829 0.873227 0.944185 0.992234 0.926115 0.933947 0.966071 0.849494 0.801246 0.907782 0.907434 0.969912 0.973753 0.989882 0.909014 0.943014 0.930262 0.823971 0.917040 0.782473 0.671484 0.998283 0.986315 0.998455 0.907986 0.964816 0.883897 0.836050 0.962757
0.975310 0.884998 0.805227 0.754161 0.717122 0.944830 0.829842 0.915450 0.920756 0.987510 0.984272 0.846810 0.643144 0.643872 0.554505 0.492446 0.929147 0.985988 0.733414 0.824200 0.753422 0.937966 0.000000 0.465093 0.889033 0.990266 0.789955 0.894969 0.786705 0.822955 0.858393 0.608121 0.837023 0.821438 0.938880 0.967880 0.971555 0.974765 0.929857 0.995032 0.999606 0.851800 0.875959 0.906903 0.819010 0.847023 0.997237 0.859806 0.931042 0.889515 0.967508 0.943872 0.779051 0.811650 0.852162 0.972312 0.944006 0.977585 0.804065 0.845745 0.923666 0.932844 0.886875 0.956108 0.731238 0.835917 0.973460 0.932822 0.866880 0.901167 0.820450 0.755293 0.804870 0.749435 0.969333 0.943888 0.778156 0.770726 0.743207 0.850157 0.952760 0.924090 0.546931 0.876204 0.544431 0.773692 0.664789 0.535623 0.960699 0.935944 0.778496 0.782658 0.734390 0.923701 0.912020 0.945341 0.952244 0.840953 0.926705 0.937015 0.999884 0.877516 0.928565 0.977882 0.879572 0.913353 0.904443 0.952453 0.914042 0.948319 0.765091 0.882314 0.850065 0.925859 0.957374 0.966129
0.840644 0.969839 0.972282 0.885968 0.720432 0.864859 0.823378 0.952068 0.941147 0.798244 0.935564 0.848497 0.615443 0.545016 0.560387 0.454533 0.838698 0.864385 0.913197 0.867512 0.753820 0.977378 0.465093 0.000000 0.777004 0.983059 0.735696 0.981792 0.905069 0.880976 0.961505 0.748734 0.978882 0.993521 0.969473 0.955285 0.896326 0.876729 0.832556 0.979143 0.917332 0.988161 0.991691 0.992259 0.868597 0.892576 0.912095 0.947383 0.821403 0.875701 0.792293 0.863236 0.890804 0.914200 0.968519 0.981069 0.951788 0.821392 0.656157 0.799615 0.922701 0.966370 0.933699 0.847679 0.722356 0.871908 0.778718 0.863971 0.955645 0.880615 0.997692 0.942169 0.925117 0.820329 0.847387 0.875989 0.851333 0.975685 0.709992 0.980655 0.820162 0.929858 0.717137 0.923670 0.665417 0.628931 0.789139 0.533265 0.808172 0.967611 0.907344 0.926052 0.993391 0.768627 0.906675 0.984826 0.916995 0.859087 0.772712 0.796785 0.975922 0.877041 0.883653 0.778666 0.999469 0.897870 0.851065 0.973865 0.948790 0.981285 0.804068 0.950295 0.998353 0.979234 0.890453 0.977997
0.934172 0.999846 0.811304 0.932680 0.890108 0.822928 0.656246 0.570036 0.907873 0.432515 0.810150 0.730276 0.996750 0.980089 0.743436 0.952045 0.865285 0.843795 0.861699 0.963625 0.797202 0.976985 0.889033 0.777004 0.000000 0.398855 0.705930 0.636841 0.767961 0.776804 0.944605 0.946113 0.939227 0.752991 0.912609 0.898993 0.765206 0.771255 0.783444 0.917574 0.985224 0.913513 0.802733 0.764556 0.822478 0.868292 0.931589 0.953264 0.964805 0.854300 0.856052 0.726315 0.888449 0.815242 0.952989 0.946049 0.848474 0.946183 0.993102 0.919335 0.603179 0.599878 0.757552 0.717197 0.440451 0.913374 0.994384 0.905017 0.902836 0.991831 0.965832 0.998544 0.954572 0.818936 0.767859 0.990433 0.911705 0.939574 0.953571 0.812929 0.842823 0.885823 0.770085 0.944805 0.828936 0.744914 0.688968 0.775384 0.676685 0.876199 0.844186 0.977076 0.921469 0.851580 0.947025 0.916256 0.921038 0.999091 0.712558 0.904189 0.847669 0.894401 0.879282 0.894005 0.924544 0.972971 0.990068 0.851416 0.865852 0.996000 0.959392 0.911771 0.957545 0.752861 0.764236 0.783473
0.945030 0.927653 0.762599 0.846398 0.788706 0.919925 0.809729 0.744749 0.913961 0.576113 0.855664 0.762110 0.939616 0.988228 0.852916 0.927026 0.957976 0.962079 0.865271 0.985250 0.681059 0.940694 0.990266 0.983059 0.398855 0.000000 0.754062 0.700892 0.884193 0.828460 0.783170 0.959462 0.994002 0.899454 0.858277 0.882266 0.736954 0.689412 0.787607 0.921938 0.981031 0.950386 0.665015 0.674760 0.940257 0.982608 0.853744 0.898340 0.929246 0.753927 0.716044 0.618954 0.855878 0.758580 0.917354 0.959476 0.827145 0.843369 0.842709 0.895932 0.792571 0.800594 0.876342 0.881320 0.544390 0.986211 0.830271 0.875789 0.976948 0.969263 0.979193 0.990870 0.936372 0.891685 0.908683 0.892950 0.938232 0.824644 0.972156 0.691195 0.976444 0.987437 0.864016 0.958865 0.934949 0.802657 0.740669 0.890448 0.690405 0.874766 0.914770 0.980886 0.950599 0.806753 0.888071 0.971556 0.938628 0.948773 0.870930 0.966966 0.958770 0.762738 0.987565 0.929429 0.924893 0.955617 0.906893 0.932454 0.931896 0.983599 0.943467 0.993804 0.999171 0.838725 0.855898 0.819269
0.959553 0.880835 0.874179 0.989916 0.820804 0.946804 0.786552 0.751013 0.940605 0.701272 0.907966 0.984801 0.690462 0.709830 0.580953 0.689509 0.862389 0.990277 0.895736 0.989691 0.965649 0.996978 0.789955 0.735696 0.705930 0.754062 0.000000 0.667959 0.996471 0.952121 0.946208 0.924642 0.955161 0.843373 0.893372 0.944863 0.803549 0.964555 0.795240 0.799101 0.945591 0.934985 0.942272 0.946509 0.776744 0.816423 0.966214 0.896498 0.861718 0.848658 0.929590 0.951273 0.920695 0.926569 0.913248 0.836954 0.979313 0.992521 0.898834 0.825175 0.930031 0.802266 0.948462 0.958939 0.622720 0.900899 0.970721 0.778675 0.918946 0.948508 0.823861 0.873759 0.893883 0.856134 0.966091 0.793518 0.967019 0.832026 0.906489 0.938196 0.931526 0.965388 0.717451 0.843573 0.695003 0.701516 0.858914 0.705471 0.885429 0.883628 0.782246 0.828127 0.908309 0.916938 0.965223 0.964024 0.734802 0.884330 0.752279 0.702224 0.841573 0.864717 0.975736 0.935367 0.957808 0.892308 0.711765 0.901980 0.996127 0.898625 0.956325 0.943260 0.782465 0.751091 0.977341 0.844854
0.955540 0.909881 0.987289 0.908766 0.894395 0.964033 0.669665 0.639921 0.898351 0.627813 0.845681 0.841545 0.821680 0.850162 0.781848 0.842709 0.923155 0.912209 0.806722 0.847354 0.778184 0.769094 0.894969 0.981792 0.636841 0.700892 0.667959 0.000000 0.846636 0.851856 0.901022 0.815762 0.966379 0.761248 0.983208 0.945186 0.802153 0.805992 0.807631 0.891379 0.970746 0.986224 0.972392 0.988991 0.713429 0.750642 0.932499 0.961645 0.852760 0.898512 0.972941 0.971714 0.875539 0.905448 0.847117 0.855791 0.879902 0.990764 0.980675 0.832746 0.773372 0.699743 0.939112 0.847176 0.667539 0.911015 0.942981 0.738783 0.811346 0.940595 0.869335 0.735425 0.834891 0.654381 0.858781 0.907462 0.970477 0.896933 0.967052 0.994669 0.951971 0.999875 0.911323 0.944754 0.803326 0.733539 0.877690 0.828462 0.726064 0.868432 0.772940 0.806416 0.839684 0.925036 0.831893 0.945359 0.933860 0.994598 0.696957 0.737747 0.700850 0.979424 0.987100 0.950084 0.990858 0.949114 0.788348 0.797999 0.985480 0.881914 0.955760 0.774701 0.744821 0.837567 0.808694 0.931491
0.592835 0.641925 0.877408 0.578301 0.981577 0.804881 0.610208 0.466378 0.910451 0.574962 0.496827 0.453085 0.942834 0.650247 0.974916 0.794455 0.543735 0.487904 0.525047 0.437685 0.958411 0.892645 0.786705 0.905069 0.767961 0.884193 0.996471 0.846636 0.000000 0.311740 0.515277 0.523453 0.553130 0.379936 0.845813 0.865564 0.984464 0.928758 0.933600 0.899267 0.948125 0.941407 0.963831 0.919398 0.864403 0.843322 0.797465 0.731378 0.986719 0.966346 0.990230 0.961499 0.973904 0.902285 0.859546 0.819023 0.638349 0.723155 0.719715 0.623060 0.541187 0.528606 0.441431 0.477277 0.743173 0.766087 0.668740 0.615623 0.941580 0.770451 0.753660 0.802374 0.670175 0.521956 0.928451 0.939912 0.935073 0.789556 0.814759 0.814104 0.614387 0.618118 0.773502 0.636865 0.820816 0.876238 0.960355 0.929329 0.934494 0.815253 0.869546 0.859842 0.938379 0.748744 0.690208 0.895611 0.906191 0.936531 0.743182 0.730782 0.605989 0.937704 0.593808 0.669346 0.925276 0.765901 0.930573 0.884245 0.949090 0.785867 0.746682 0.682352 0.753453 0.790939 0.978612 0.903587
0.602059 0.588589 0.891905 0.562123 0.941706 0.810294 0.620562 0.436282 0.994663 0.535413 0.460713 0.417653 0.998639 0.640140 0.975989 0.755991 0.513933 0.432417 0.529783 0.441797 0.980744 0.941104 0.822955 0.880976 0.776804 0.828460 0.952121 0.851856 0.311740 0.000000 0.491921 0.514127 0.484091 0.343506 0.789758 0.984064 0.966536 0.951332 0.964583 0.984641 0.926030 0.896092 0.964958 0.935962 0.912851 0.885941 0.868776 0.781855 0.937654 0.994808 0.925227 0.963275 0.942515 0.852705 0.880607 0.806337 0.586223 0.679813 0.697328 0.551716 0.535397 0.509110 0.436877 0.437185 0.728798 0.724408 0.685737 0.573733 0.903519 0.683043 0.774158 0.834352 0.644562 0.547905 0.934217 0.942336 0.953426 0.761141 0.816739 0.864988 0.588740 0.610493 0.670398 0.626846 0.848763 0.889965 0.987831 0.935656 0.935744 0.814991 0.901525 0.803071 0.958859 0.673004 0.735241 0.878147 0.922416 0.978037 0.805195 0.728074 0.700796 0.954747 0.603676 0.663913 0.876548 0.779523 0.938219 0.924030 0.952541 0.832806 0.809818 0.692268 0.792075 0.881276 0.906961 0.951304
0.714600 0.634583 0.699037 0.643122 0.837979 0.865298 0.600866 0.621565 0.974080 0.764477 0.657361 0.800421 0.795955 0.873681 0.877303 0.972963 0.673307 0.626845 0.668396 0.568820 0.855548 0.985525 0.858393 0.961505 0.944605 0.783170 0.946208 0.901022 0.515277 0.491921 0.000000 0.505354 0.556952 0.449607 0.835639 0.776373 0.868918 0.732771 0.975619 0.955514 0.903074 0.926841 0.748117 0.666452 0.785314 0.733194 0.776599 0.747923 0.912305 0.782391 0.794573 0.679054 0.789029 0.724973 0.997359 0.944325 0.641281 0.681906 0.669988 0.574414 0.682079 0.698844 0.639270 0.603489 0.909046 0.833807 0.580292 0.471115 0.961546 0.801015 0.723530 0.717434 0.613742 0.566339 0.864785 0.777241 0.898790 0.678380 0.782808 0.721186 0.722483 0.772279 0.769220 0.734281 0.972647 0.960674 0.910795 0.988650 0.931531 0.959556 0.735027 0.920478 0.797098 0.968194 0.757044 0.905256 0.983352 0.977080 0.736850 0.608194 0.668720 0.875354 0.672872 0.708979 0.804305 0.750481 0.843906 0.885075 0.994284 0.823552 0.846092 0.674816 0.681440 0.851814 0.842872 0.994987
0.820015 0.758149 0.875521 0.676149 0.960160 0.957109 0.752963 0.692803 0.911670 0.796701 0.795433 0.741445 0.918012 0.728394 0.956957 0.831887 0.819499 0.706217 0.547333 0.634236 0.987744 0.759627 0.608121 0.748734 0.946113 0.959462 0.924642 0.815762 0.523453 0.514127 0.505354 0.000000 0.642982 0.598864 0.828826 0.785414 0.864225 0.970049 0.952177 0.827382 0.944969 0.895378 0.863629 0.803995 0.785328 0.800121 0.896698 0.748061 0.909389 0.800373 0.957397 0.868150 0.783614 0.857872 0.928920 0.997855 0.759973 0.870965 0.937798 0.771681 0.845724 0.833637 0.743178 0.749889 0.895989 0.963185 0.894920 0.721529 0.943668 0.838108 0.602312 0.677242 0.654109 0.538045 0.969210 0.870428 0.811347 0.774010 0.983923 0.712433 0.869687 0.864675 0.743605 0.935248 0.865224 0.983247 0.857258 0.882767 0.843288 0.949476 0.778030 0.957369 0.812919 0.964936 0.847033 0.871838 0.941155 0.879439 0.798027 0.676999 0.741475 0.960067 0.731979 0.815670 0.898300 0.809764 0.989785 0.908747 0.968172 0.933833 0.806124 0.815451 0.698290 0.903744 0.879273 0.978008
0.424101 0.517123 0.636232 0.517939 0.915151 0.743423 0.525343 0.545658 0.882627 0.633813 0.562123 0.610974 0.980070 0.841819 0.992481 0.896047 0.517887 0.397390 0.560738 0.465229 0.841267 0.929174 0.837023 0.978882 0.939227 0.994002 0.955161 0.966379 0.553130 0.484091 0.556952 0.642982 0.000000 0.440013 0.731696 0.985992 0.658453 0.694723 0.903917 0.790292 0.790032 0.723667 0.837456 0.710889 0.757746 0.691203 0.573917 0.610496 0.813409 0.726984 0.712529 0.638857 0.759937 0.848708 0.676094 0.711991 0.414426 0.478316 0.449285 0.443585 0.532426 0.620587 0.479528 0.446588 0.955278 0.800931 0.500615 0.540627 0.704771 0.603615 0.813477 0.810610 0.591846 0.635024 0.956210 0.920789 0.854179 0.722727 0.664194 0.771415 0.471757 0.489931 0.630680 0.500157 0.693588 0.825179 0.971205 0.979891 0.922808 0.606281 0.696500 0.930047 0.798991 0.989222 0.959377 0.851252 0.662027 0.938659 0.652398 0.627577 0.735712 0.894861 0.497863 0.580531 0.638214 0.613309 0.969869 0.812820 0.830515 0.679881 0.865660 0.632234 0.700077 0.822793 0.713048 0.976692
0.456328 0.468297 0.787749 0.507849 0.969962 0.715392 0.436264 0.315149 0.932704 0.461080 0.433487 0.393033 0.985474 0.766931 0.959996 0.866196 0.448375 0.393291 0.444241 0.452313 0.986543 0.928793 0.821438 0.993521 0.752991 0.899454 0.843373 0.761248 0.379936 0.343506 0.449607 0.598864 0.440013 0.000000 0.719043 0.944452 0.866729 0.824889 0.995410 0.982688 0.790141 0.810670 0.860441 0.792582 0.710546 0.669526 0.718111 0.630631 0.851359 0.845358 0.867579 0.820090 0.880232 0.992778 0.702675 0.729571 0.519604 0.537563 0.547014 0.462207 0.383023 0.407765 0.342660 0.306845 0.768971 0.718488 0.526985 0.476794 0.824781 0.625987 0.729088 0.768448 0.584203 0.505610 0.916098 0.897612 0.914114 0.661187 0.826785 0.834230 0.487726 0.510704 0.698268 0.538811 0.802110 0.907607 0.999217 0.944501 0.978625 0.709260 0.679062 0.982188 0.759401 0.881969 0.642011 0.915740 0.786291 0.952063 0.559896 0.530039 0.616863 0.909403 0.447559 0.549362 0.695059 0.615322 0.980999 0.919653 0.898891 0.750801 0.830511 0.560171 0.734880 0.798265 0.858888 0.897729
0.697572 0.765809 0.675470 0.800166 0.970293 0.943830 0.844643 0.843241 0.923551 0.918133 0.778463 0.788217 0.891666 0.826903 0.899539 0.980536 0.748191 0.703590 0.804765 0.794457 0.920755 0.994490 0.938880 0.969473 0.912609 0.858277 0.893372 0.983208 0.845813 0.789758 0.835639 0.828826 0.731696 0.719043 0.000000 0.984843 0.855313 0.846791 0.960122 0.933413 0.724392 0.691942 0.903255 0.809156 0.868630 0.820522 0.800392 0.792921 0.841209 0.850705 0.831017 0.845929 0.960020 0.942090 0.831932 0.803862 0.718666 0.702516 0.722179 0.789958 0.802844 0.905959 0.673393 0.671598 0.819154 0.984618 0.707813 0.785516 0.845975 0.804437 0.979771 0.886337 0.851486 0.855106 0.849534 0.806358 0.993504 0.908234 0.922816 0.867766 0.722088 0.804115 0.747391 0.739287 0.847144 0.867943 0.842965 0.936536 0.857627 0.725459 0.977697 0.947913 0.905439 0.951724 0.808352 0.923056 0.989287 0.920365 0.828270 0.811364 0.859076 0.882946 0.748235 0.856348 0.804610 0.696206 0.958680 0.829240 0.990651 0.993321 0.889241 0.885734 0.990109 0.948170 0.926105 0.949024
0.997133 0.975749 0.954316 0.960626 0.890354 0.984251 0.922240 0.995611 0.931635 0.963094 0.951318 0.922708 0.899064 0.979978 0.967802 0.904492 0.982373 0.977468 0.884564 0.954572 0.979460 0.844986 0.967880 0.955285 0.898993 0.882266 0.944863 0.945186 0.865564 0.984064 0.776373 0.785414 0.985992 0.944452 0.984843 0.000000 0.991494 0.988970 0.823326 0.745337 0.984593 0.900022 0.748811 0.799125 0.751390 0.743910 0.875738 0.828336 0.754771 0.697603 0.806768 0.745575 0.704296 0.704423 0.946153 0.964219 0.987179 0.999010 0.956259 0.928017 0.949814 0.921508 0.978072 0.993530 0.984295 0.872310 0.895900 0.819587 0.875732 0.978450 0.873155 0.861991 0.966878 0.863274 0.949284 0.857246 0.869548 0.891242 0.903166 0.903617 0.962216 0.965891 0.947755 0.949400 0.978254 0.886634 0.932242 0.954300 0.798592 0.964055 0.810808 0.820287 0.817815 0.796611 0.843538 0.977710 0.935360 0.777406 0.806832 0.771355 0.884878 0.981742 0.886984 0.853250 0.965277 0.984473 0.951006 0.902919 0.978123 0.917874 0.930667 0.898405 0.823314 0.943469 0.880335 0.928502
0.546654 0.636114 0.552724 0.643667 0.918604 0.960341 0.754273 0.931979 0.988252 0.996300 0.853331 0.994591 0.993351 0.914423 0.887366 0.874267 0.749143 0.655286 0.842904 0.731797 0.907219 0.794115 0.971555 0.896326 0.765206 0.736954 0.803549 0.802153 0.984464 0.966536 0.868918 0.864225 0.658453 0.866729 0.855313 0.991494 0.000000 0.465673 0.809381 0.689240 0.748181 0.624989 0.716073 0.708282 0.888307 0.811659 0.677362 0.714682 0.754644 0.632904 0.593824 0.505210 0.660630 0.735920 0.654321 0.584016 0.549502 0.501116 0.520591 0.661118 0.915289 0.989466 0.824840 0.772278 0.775170 0.915600 0.664554 0.865188 0.576710 0.601452 0.906327 0.780158 0.968537 0.923652 0.958298 0.900599 0.931921 0.739806 0.773440 0.835182 0.669553 0.615113 0.756061 0.583800 0.652818 0.893223 0.945421 0.962853 0.790889 0.542387 0.753573 0.807653 0.727007 0.781178 0.871344 0.843679 0.697972 0.780972 0.778957 0.794424 0.925784 0.849121 0.604034 0.659524 0.583044 0.650755 0.848461 0.627950 0.916723 0.739041 0.986403 0.884921 0.843798 0.955599 0.771689 0.775997
0.660393 0.644497 0.654113 0.789199 0.673850 0.913474 0.791831 0.956948 0.971384 0.969979 0.907348 0.962142 0.954184 0.934832 0.969069 0.844766 0.842126 0.779119 0.867792 0.767008 0.799625 0.746976 0.974765 0.876729 0.771255 0.689412 0.964555 0.805992 0.928758 0.951332 0.732771 0.970049 0.694723 0.824889 0.846791 0.988970 0.465673 0.000000 0.917170 0.781929 0.737147 0.720803 0.680470 0.662719 0.831623 0.774927 0.675507 0.730563 0.737036 0.666670 0.594936 0.516836 0.670593 0.701909 0.788599 0.777233 0.593348 0.639522 0.606796 0.722878 0.936618 0.992834 0.916324 0.883489 0.822977 0.989575 0.666455 0.797126 0.725007 0.771408 0.890112 0.714581 0.938670 0.948450 0.889256 0.952684 0.993638 0.787401 0.819971 0.698544 0.787931 0.762909 0.916501 0.736238 0.846648 0.896556 0.939293 0.941567 0.791841 0.735719 0.821616 0.786615 0.711518 0.772121 0.909281 0.840812 0.707969 0.886935 0.792415 0.766487 0.914030 0.820566 0.770302 0.749515 0.670545 0.648277 0.732787 0.623281 0.985198 0.647967 0.982235 0.895170 0.852322 0.800872 0.761741 0.906727
