0.000000 0.175804 0.690666 0.549895 0.978431 0.889042 0.527573 0.375055 0.730272 0.978620 0.356233 0.214444 0.301078 0.309912 0.532143 0.495977 0.231736 0.229389 0.240411 0.226320 0.680278 0.910801 0.617095 0.553834 0.704653 0.849094 0.633756 0.853424 0.300389 0.276395 0.696970 0.527819 0.309560 0.289638 0.861183 0.994564 0.678106 0.582206 0.925753 0.622790 0.600585 0.665325 0.938762 0.695972 0.991471 0.792517 0.485369 0.582925 0.721653 0.556913 0.619493 0.563552 0.786390 0.921464 0.308451 0.443069 0.172842 0.171115 0.345808 0.306485 0.258145 0.262930 0.202256 0.177190 0.542337 0.449997 0.730875 0.665102 0.329204 0.310323 0.913810 0.669058 0.804987 0.910515 0.737460 0.914540 0.923274 0.936203 0.508999 0.457905 0.249466 0.276441 0.354070 0.308456 0.231281 0.266441 0.892754 0.668525 0.378962 0.246382 0.473032 0.470964 0.426278 0.373905 0.994072 0.976806 0.967534 0.903695 0.908703 0.964923 0.868144 0.840786 0.858081 0.755807 0.872528 0.770976 0.835799 0.844824 0.830894 0.836017 0.839995 0.891541 0.915508 0.971531 0.706689 0.618038
0.175804 0.000000 0.580234 0.461846 0.987473 0.809730 0.527398 0.369921 0.702278 0.929124 0.428975 0.251124 0.367582 0.374155 0.579005 0.515498 0.227734 0.229799 0.251772 0.259170 0.611028 0.934177 0.587172 0.523266 0.595744 0.753014 0.547794 0.900232 0.355967 0.282615 0.606129 0.487430 0.314495 0.279253 0.792186 0.888208 0.546016 0.499880 0.825000 0.634280 0.605859 0.639766 0.856102 0.631686 0.990279 0.792945 0.428193 0.525874 0.770811 0.564337 0.608416 0.530410 0.731828 0.983630 0.307249 0.427047 0.146586 0.156790 0.346999 0.301858 0.313518 0.284075 0.271140 0.218687 0.466827 0.379009 0.644164 0.596942 0.308453 0.268964 0.976102 0.716460 0.765598 0.904986 0.721790 0.872461 0.974121 0.971477 0.460827 0.402897 0.253211 0.307575 0.306997 0.279437 0.265284 0.256245 0.837032 0.660383 0.459925 0.242901 0.427446 0.436493 0.407442 0.369816 0.988707 0.996960 0.983012 0.944159 0.848084 0.968074 0.806661 0.770380 0.901774 0.832305 0.816707 0.733840 0.792471 0.884868 0.863688 0.768079 0.824545 0.937517 0.935329 0.977994 0.677400 0.630991
0.690666 0.580234 0.000000 0.254313 0.921642 0.933749 0.522235 0.534377 0.783322 0.827850 0.900516 0.756616 0.756824 0.710793 0.690137 0.482066 0.651087 0.666330 0.529021 0.614607 0.527144 0.997581 0.380165 0.403953 0.270565 0.295259 0.495744 0.943935 0.823453 0.643046 0.363765 0.492956 0.547961 0.652936 0.522999 0.625592 0.514795 0.524698 0.622046 0.903731 0.874257 0.708830 0.864935 0.772191 0.774940 0.822188 0.691305 0.734361 0.730884 0.964637 0.954439 0.870675 0.820513 0.924910 0.716382 0.861868 0.591236 0.576172 0.768449 0.701903 0.649492 0.628388 0.795108 0.738542 0.292814 0.338817 0.478160 0.571479 0.632525 0.617115 0.596194 0.875015 0.673100 0.760123 0.663467 0.935334 0.773347 0.755230 0.792093 0.818430 0.819657 0.818641 0.536371 0.737995 0.615919 0.511511 0.825834 0.863287 0.865979 0.660501 0.791999 0.714291 0.872434 0.831885 0.962366 0.894021 0.918646 0.966105 0.827579 0.947857 0.963877 0.846023 0.839081 0.924416 0.670675 0.713627 0.726571 0.883660 0.928281 0.784852 0.852632 0.936326 0.884782 0.947475 0.579836 0.934603
0.549895 0.461846 0.254313 0.000000 0.872818 0.987978 0.379598 0.318876 0.801997 0.954464 0.890989 0.625918 0.643442 0.568148 0.651913 0.404528 0.587402 0.609161 0.413090 0.553570 0.522966 0.973941 0.265677 0.341680 0.382873 0.399489 0.543179 0.945837 0.733006 0.609393 0.266331 0.374106 0.378362 0.525092 0.517354 0.682823 0.539798 0.548434 0.777265 0.900856 0.866732 0.725319 0.652963 0.563712 0.974579 0.946618 0.536660 0.540775 0.974334 0.759231 0.662384 0.587590 0.598822 0.717323 0.610846 0.717219 0.462904 0.463374 0.557330 0.447482 0.533325 0.437752 0.659607 0.566973 0.342032 0.288380 0.371496 0.421690 0.627487 0.497875 0.526010 0.821970 0.557445 0.688718 0.689463 0.841394 0.726095 0.680857 0.568822 0.625654 0.701647 0.753610 0.491773 0.668494 0.512290 0.391716 0.924577 0.819170 0.727735 0.488464 0.843881 0.782556 0.875552 0.820051 0.889224 0.820853 0.821543 0.862905 0.986925 0.864211 0.989832 0.981942 0.941115 0.953339 0.558100 0.543369 0.632338 0.793700 0.958340 0.695853 0.777440 0.868792 0.913239 0.981094 0.472107 0.953124
0.978431 0.987473 0.921642 0.872818 0.000000 0.696260 0.744417 0.739288 0.527039 0.606591 0.979853 0.883994 0.759492 0.753015 0.573993 0.660591 0.972330 0.979660 0.840174 0.894880 0.839619 0.940374 0.686164 0.754268 0.892545 0.962589 0.968076 0.927225 0.819167 0.858756 0.737807 0.742190 0.863267 0.912805 0.923429 0.990157 0.814681 0.780076 0.821022 0.902311 0.800659 0.934863 0.886815 0.979223 0.882959 0.956647 0.995709 0.962862 0.966525 0.969130 0.845509 0.874017 0.794938 0.726358 0.934019 0.976064 0.990956 0.982807 0.977440 0.965054 0.760165 0.709698 0.867346 0.906778 0.933891 0.849938 0.852381 0.926553 0.935398 0.953933 0.728808 0.790994 0.732127 0.643508 0.954959 0.908383 0.836047 0.890123 0.996677 0.922665 0.929132 0.896530 0.931198 0.865928 0.860724 0.931387 0.859810 0.996730 0.967709 0.977737 0.671695 0.725147 0.698117 0.687135 0.812164 0.854395 0.980256 0.930977 0.748771 0.787608 0.751020 0.602153 0.830449 0.827426 0.749159 0.837422 0.993185 0.969749 0.907910 0.963297 0.823174 0.952673 0.804298 0.964818 0.861498 0.920373
0.889042 0.809730 0.933749 0.987978 0.696260 0.000000 0.824758 0.898643 0.519609 0.624986 0.807077 0.912837 0.997995 0.987532 0.921196 0.842515 0.904096 0.862755 0.995542 0.878906 0.840187 0.871218 0.780950 0.869532 0.899178 0.997844 0.764993 0.983130 0.994350 0.900553 0.837348 0.963803 0.969410 0.981944 0.854497 0.938727 0.783642 0.871664 0.819262 0.925117 0.835126 0.950119 0.834859 0.896154 0.688886 0.819097 0.931741 0.865637 0.841755 0.855466 0.860225 0.892685 0.804103 0.701926 0.976050 0.873938 0.830217 0.852431 0.980051 0.944160 0.976665 0.996390 0.981160 0.969330 0.844601 0.936605 0.855744 0.834933 0.754098 0.854611 0.814988 0.727601 0.790993 0.785830 0.857592 0.954820 0.726289 0.825497 0.909180 0.937019 0.987948 0.985083 0.866122 0.785939 0.999856 0.962641 0.880860 0.862377 0.980568 0.936309 0.506627 0.621371 0.561373 0.692753 0.797940 0.882558 0.795604 0.922074 0.595477 0.666817 0.755300 0.748926 0.680028 0.861761 0.749205 0.825786 0.926938 0.823958 0.924490 0.871812 0.999184 0.731627 0.746084 0.944964 0.772480 0.766211
0.527573 0.527398 0.522235 0.379598 0.744417 0.824758 0.000000 0.212124 0.737052 0.530415 0.906400 0.643233 0.579040 0.567475 0.644026 0.529658 0.608558 0.649600 0.399059 0.612193 0.724905 0.895823 0.363797 0.586673 0.813909 0.749279 0.837110 0.980965 0.579878 0.659527 0.284587 0.381854 0.372415 0.384116 0.596371 0.828715 0.808800 0.774096 0.883298 0.876337 0.946761 0.638095 0.542290 0.420235 0.653815 0.573959 0.449839 0.432581 0.614203 0.500390 0.408908 0.389217 0.422640 0.571754 0.513728 0.563295 0.507508 0.513574 0.342376 0.336950 0.383730 0.385410 0.454551 0.458958 0.724973 0.594371 0.378520 0.386575 0.817417 0.482602 0.615797 0.898288 0.490087 0.623058 0.745785 0.792389 0.542902 0.684202 0.515729 0.679770 0.624302 0.757678 0.635224 0.822938 0.538043 0.528331 0.760159 0.979394 0.681272 0.521560 0.919799 0.926925 0.890495 0.991828 0.740188 0.675568 0.692254 0.761388 0.570298 0.500765 0.747334 0.710263 0.651902 0.602920 0.525791 0.442559 0.548586 0.745407 0.896017 0.761761 0.611459 0.607505 0.664680 0.699697 0.454340 0.976217
0.375055 0.369921 0.534377 0.318876 0.739288 0.898643 0.212124 0.000000 0.823310 0.594641 0.743609 0.447622 0.438064 0.395827 0.538990 0.413214 0.466457 0.492963 0.293939 0.454438 0.671998 0.916379 0.335723 0.462973 0.749701 0.748162 0.801889 0.946813 0.464039 0.506595 0.319487 0.341421 0.275245 0.319975 0.644067 0.870416 0.746004 0.715740 0.908027 0.840970 0.867545 0.659520 0.520051 0.385519 0.698357 0.579643 0.380117 0.382833 0.597890 0.447689 0.356944 0.332284 0.403143 0.579246 0.428778 0.498441 0.363639 0.366058 0.300711 0.241099 0.313795 0.225978 0.369757 0.326070 0.622074 0.448983 0.416388 0.387590 0.648462 0.394529 0.649342 0.918003 0.464364 0.579038 0.733854 0.742732 0.647142 0.759064 0.428237 0.508022 0.462624 0.569980 0.520865 0.636274 0.391602 0.374659 0.852011 0.853347 0.558412 0.367839 0.953996 0.938877 0.935444 0.844579 0.746616 0.741698 0.740778 0.835029 0.661154 0.566761 0.810408 0.797903 0.709471 0.625758 0.551249 0.437580 0.584112 0.766804 0.886428 0.732124 0.618203 0.630787 0.709479 0.786258 0.477842 0.937985
0.730272 0.702278 0.783322 0.801997 0.527039 0.519609 0.737052 0.823310 0.000000 0.591168 0.660060 0.746858 0.943966 0.980580 0.899306 0.800496 0.718420 0.680950 0.978594 0.806273 0.914825 0.833829 0.662271 0.830720 0.965466 0.821086 0.812414 0.947255 0.821868 0.765641 0.624549 0.880502 0.899770 0.831514 0.810246 0.994142 0.792329 0.829155 0.860304 0.684143 0.668727 0.993570 0.835124 0.985196 0.962957 0.915762 0.901843 0.984402 0.841533 0.828657 0.999440 0.951264 0.849436 0.682319 0.818858 0.731853 0.697586 0.734987 0.817911 0.848264 0.953695 0.993281 0.790535 0.770804 0.987664 0.964656 0.859956 0.919517 0.709987 0.779304 0.493994 0.484648 0.613115 0.527791 0.958855 0.966119 0.654140 0.675964 0.841208 0.781744 0.700595 0.725886 0.779021 0.535182 0.819485 0.848704 0.804445 0.771550 0.784393 0.776734 0.357974 0.470429 0.370513 0.396447 0.799318 0.762535 0.699774 0.773116 0.654923 0.706861 0.596614 0.639146 0.953897 0.878984 0.702879 0.861234 0.836969 0.617898 0.929420 0.963147 0.945861 0.899074 0.773008 0.967615 0.794227 0.769195
0.978620 0.929124 0.827850 0.954464 0.606591 0.624986 0.530415 0.594641 0.591168 0.000000 0.844552 0.998310 0.889286 0.901681 0.915135 0.966733 0.918928 0.883296 0.903849 0.914431 0.823507 0.808939 0.853641 0.918971 0.562484 0.692255 0.588215 0.930084 0.841415 0.915014 0.747241 0.844547 0.864826 0.848250 0.993408 0.844696 0.648743 0.689170 0.495411 0.930638 0.757578 0.964658 0.597871 0.645276 0.465776 0.502534 0.818178 0.722887 0.486342 0.610642 0.507134 0.593170 0.544052 0.528956 0.935615 0.876341 0.947190 0.932516 0.699459 0.710480 0.796397 0.759582 0.822484 0.884656 0.656403 0.806593 0.822597 0.811766 0.705499 0.998787 0.745483 0.726164 0.733431 0.714315 0.840844 0.892744 0.606427 0.829287 0.871143 0.998858 0.994909 0.888641 0.778257 0.685222 0.966800 0.893344 0.507260 0.676708 0.928094 0.974666 0.435674 0.413831 0.490501 0.581627 0.678352 0.679029 0.671223 0.666743 0.307567 0.371268 0.479759 0.469800 0.570722 0.579972 0.790778 0.701739 0.748211 0.628315 0.942678 0.938065 0.729001 0.522234 0.525312 0.706094 0.778610 0.778625
0.356233 0.428975 0.900516 0.890989 0.979853 0.807077 0.906400 0.743609 0.660060 0.844552 0.000000 0.291280 0.308523 0.348437 0.452051 0.635434 0.315422 0.276014 0.475442 0.315993 0.785523 0.890459 0.963715 0.792905 0.840696 0.974485 0.711988 0.746925 0.320853 0.305216 0.955072 0.855997 0.640865 0.488233 0.874883 0.889084 0.838610 0.793422 0.989426 0.702980 0.528554 0.853717 0.686334 0.895894 0.738495 0.885390 0.883150 0.971323 0.995988 0.936567 0.960437 0.984861 0.823504 0.624312 0.534427 0.681111 0.436609 0.396199 0.771692 0.729450 0.392747 0.497980 0.378923 0.387648 0.625538 0.612861 0.834955 0.912191 0.430002 0.626830 0.648177 0.615555 0.952124 0.939641 0.744844 0.930633 0.643244 0.714668 0.785202 0.680996 0.420924 0.322293 0.526668 0.423643 0.413315 0.525625 0.779124 0.754645 0.582475 0.555981 0.457784 0.459640 0.393331 0.464678 0.762086 0.845990 0.681272 0.578980 0.641229 0.669240 0.777138 0.777685 0.970354 0.921529 0.753455 0.881874 0.847235 0.659880 0.726903 0.936134 0.928760 0.841653 0.650335 0.769108 0.946224 0.559904
0.214444 0.251124 0.756616 0.625918 0.883994 0.912837 0.643233 0.447622 0.746858 0.998310 0.291280 0.000000 0.231064 0.218086 0.378125 0.420303 0.216966 0.199350 0.275712 0.231164 0.673132 0.876652 0.637822 0.527442 0.728731 0.878233 0.650812 0.825837 0.282381 0.237479 0.770337 0.578655 0.373937 0.334631 0.856582 0.958563 0.744969 0.698763 0.971225 0.752572 0.619169 0.757798 0.994397 0.786816 0.953148 0.873916 0.584032 0.679940 0.818520 0.662038 0.711004 0.655076 0.845796 0.926574 0.344523 0.512738 0.254175 0.225514 0.501449 0.447756 0.258245 0.253459 0.244749 0.203099 0.515601 0.415253 0.852161 0.788144 0.333171 0.408138 0.843527 0.744569 0.806127 0.830819 0.710312 0.938621 0.888013 0.865529 0.550200 0.425370 0.242860 0.205046 0.338692 0.295266 0.220706 0.273787 0.796886 0.612523 0.381881 0.330276 0.504461 0.497795 0.446754 0.444144 0.922812 0.982731 0.818209 0.747402 0.835672 0.910420 0.812589 0.909724 0.892562 0.796799 0.915051 0.842524 0.911198 0.778058 0.721822 0.896500 0.858364 0.955986 0.828765 0.907410 0.758851 0.646574
0.301078 0.367582 0.756824 0.643442 0.759492 0.997995 0.579040 0.438064 0.943966 0.889286 0.308523 0.231064 0.000000 0.194166 0.271895 0.398016 0.280740 0.287235 0.294682 0.299161 0.736241 0.951529 0.609915 0.564066 0.809907 0.905588 0.725236 0.798427 0.273965 0.286108 0.722137 0.529873 0.404891 0.343816 0.886115 0.917689 0.816793 0.785001 0.924222 0.797671 0.668029 0.806013 0.999775 0.814535 0.951336 0.911668 0.633225 0.760240 0.871876 0.725445 0.745521 0.688710 0.852528 0.988343 0.409323 0.575333 0.372157 0.326635 0.587810 0.530236 0.204765 0.272496 0.248949 0.253566 0.562138 0.435987 0.895439 0.819864 0.484792 0.487344 0.905667 0.849110 0.684416 0.701948 0.680069 0.920739 0.943671 0.957041 0.615622 0.532546 0.333002 0.294220 0.404531 0.458742 0.289521 0.358423 0.895739 0.731750 0.479346 0.441653 0.683997 0.642297 0.598022 0.602020 0.965361 0.986627 0.891359 0.788033 0.929126 0.992785 0.979686 0.923731 0.878358 0.725606 0.921065 0.799077 0.936871 0.848175 0.695679 0.968568 0.878397 0.971658 0.856569 0.928640 0.705265 0.627785
0.309912 0.374155 0.710793 0.568148 0.753015 0.987532 0.567475 0.395827 0.980580 0.901681 0.348437 0.218086 0.194166 0.000000 0.269424 0.313343 0.301309 0.283781 0.291901 0.273496 0.686721 0.881036 0.516765 0.445181 0.773152 0.851169 0.696941 0.759696 0.312216 0.299441 0.691803 0.530155 0.398431 0.390268 0.840594 0.911842 0.827891 0.793722 0.957898 0.868519 0.719262 0.751276 0.974422 0.801873 0.940218 0.919010 0.640752 0.727816 0.874823 0.732157 0.709322 0.664544 0.808616 0.963127 0.428725 0.611978 0.369075 0.311478 0.587111 0.507148 0.239961 0.231209 0.290465 0.259143 0.524552 0.383618 0.832518 0.793277 0.497483 0.503886 0.979754 0.893575 0.652212 0.617203 0.634633 0.890255 0.940050 0.908476 0.578727 0.513597 0.356477 0.293753 0.396218 0.449212 0.265333 0.317098 0.845179 0.648831 0.488014 0.391135 0.687124 0.652952 0.619971 0.633439 0.997360 0.943006 0.844104 0.800319 0.928823 0.992899 0.969929 0.942311 0.913174 0.729297 0.851414 0.743448 0.933716 0.894275 0.704018 0.936120 0.844140 0.944761 0.903468 0.929146 0.703011 0.711102
0.532143 0.579005 0.690137 0.651913 0.573993 0.921196 0.644026 0.538990 0.899306 0.915135 0.452051 0.378125 0.271895 0.269424 0.000000 0.307016 0.411159 0.401029 0.472462 0.433433 0.687075 0.908540 0.532896 0.497847 0.792455 0.815442 0.782217 0.774754 0.370597 0.360063 0.722751 0.605875 0.538482 0.514319 0.839446 0.965657 0.902201 0.932229 0.920525 0.936836 0.839809 0.901876 0.999420 0.890675 0.939307 0.999970 0.780439 0.823927 0.997141 0.874331 0.845502 0.806849 0.848404 0.919751 0.539638 0.726854 0.574625 0.506440 0.799745 0.728608 0.317332 0.379179 0.447351 0.445164 0.510624 0.411617 0.859598 0.844208 0.665335 0.679519 0.991379 0.962639 0.654323 0.628215 0.597186 0.965671 0.999576 0.957357 0.660994 0.625297 0.488762 0.413399 0.455184 0.586104 0.380121 0.458419 0.855565 0.740573 0.654641 0.615025 0.819835 0.757969 0.755600 0.806796 0.998308 0.980647 0.769752 0.749843 0.918814 0.994265 0.974327 0.875180 0.934113 0.839089 0.887346 0.839095 0.982283 0.836611 0.663486 0.945695 0.845523 0.964758 0.888388 0.886616 0.756587 0.848127
0.495977 0.515498 0.482066 0.404528 0.660591 0.842515 0.529658 0.413214 0.800496 0.966733 0.635434 0.420303 0.398016 0.313343 0.307016 0.000000 0.438862 0.445464 0.405260 0.450996 0.580015 0.908533 0.265731 0.235735 0.562448 0.577464 0.618523 0.782721 0.477387 0.388808 0.504188 0.465508 0.407059 0.496715 0.571940 0.848758 0.792157 0.783039 0.932725 0.922805 0.835729 0.854720 0.821602 0.717017 0.995131 0.952274 0.614251 0.636936 0.976503 0.747927 0.709119 0.656634 0.667389 0.761856 0.482686 0.668458 0.488716 0.445128 0.654820 0.587701 0.362239 0.333447 0.498097 0.434916 0.355822 0.259205 0.539966 0.579628 0.631362 0.569576 0.781806 0.944652 0.578598 0.550386 0.599486 0.799465 0.827533 0.905893 0.598841 0.555268 0.515745 0.454210 0.388905 0.561955 0.314480 0.313458 0.793885 0.586754 0.574090 0.454669 0.843139 0.733848 0.817527 0.774855 0.911185 0.882406 0.916831 0.821962 0.977483 0.905324 0.986988 0.933168 0.939461 0.856413 0.622761 0.670959 0.826559 0.999411 0.776140 0.933032 0.779813 0.891880 0.992714 0.992644 0.586609 0.912786
0.231736 0.227734 0.651087 0.587402 0.972330 0.904096 0.608558 0.466457 0.718420 0.918928 0.315422 0.216966 0.280740 0.301309 0.411159 0.438862 0.000000 0.166833 0.297012 0.268825 0.643665 0.890179 0.619305 0.532965 0.637857 0.796739 0.597525 0.852480 0.230706 0.198178 0.709875 0.562129 0.362331 0.296205 0.802066 0.951525 0.708841 0.631579 0.912502 0.629673 0.583762 0.676179 0.963538 0.732574 0.990850 0.835947 0.489799 0.615420 0.804588 0.627292 0.725334 0.644013 0.818729 0.933490 0.268813 0.393998 0.224769 0.206020 0.487202 0.456118 0.264029 0.312304 0.252258 0.218025 0.453742 0.387379 0.744703 0.687143 0.359156 0.371403 0.850242 0.667691 0.810601 0.890704 0.687297 0.951816 0.949197 0.909616 0.544716 0.429757 0.216823 0.223695 0.290496 0.246483 0.227426 0.272679 0.738375 0.650143 0.463757 0.299660 0.446140 0.438112 0.410606 0.392062 0.933413 0.984835 0.847009 0.780635 0.789704 0.903635 0.793444 0.813761 0.899054 0.862170 0.922653 0.795466 0.925322 0.792304 0.703541 0.824794 0.840594 0.993938 0.844583 0.933090 0.713898 0.638737
0.229389 0.229799 0.666330 0.609161 0.979660 0.862755 0.649600 0.492963 0.680950 0.883296 0.276014 0.199350 0.287235 0.283781 0.401029 0.445464 0.166833 0.000000 0.301167 0.238666 0.634366 0.855983 0.663116 0.532105 0.647983 0.776441 0.574382 0.798450 0.261464 0.199558 0.754612 0.588898 0.377339 0.326044 0.843186 0.932364 0.692965 0.602988 0.911003 0.680624 0.596598 0.685114 0.996288 0.777579 0.944195 0.882076 0.559385 0.649295 0.843752 0.676915 0.748027 0.668008 0.853276 0.894571 0.289702 0.471715 0.222909 0.197251 0.520894 0.482579 0.275999 0.300766 0.269262 0.221831 0.441133 0.367381 0.799407 0.759982 0.358469 0.376002 0.799923 0.632501 0.865356 0.893814 0.682108 0.933716 0.870995 0.856622 0.525059 0.424514 0.223282 0.212991 0.302047 0.246163 0.234145 0.268195 0.710733 0.674228 0.479738 0.328959 0.404497 0.390554 0.369222 0.364568 0.957491 0.999490 0.773181 0.710928 0.741894 0.861103 0.748722 0.755541 0.944550 0.892205 0.941197 0.845574 0.923001 0.757287 0.716657 0.916475 0.861245 0.943983 0.782089 0.928105 0.750326 0.622879
0.240411 0.251772 0.529021 0.413090 0.840174 0.995542 0.399059 0.293939 0.978594 0.903849 0.475442 0.275712 0.294682 0.291901 0.472462 0.405260 0.297012 0.301167 0.000000 0.266157 0.628252 0.988141 0.441349 0.446496 0.610933 0.701265 0.622543 0.869989 0.370219 0.322762 0.499980 0.427250 0.299939 0.314087 0.698038 0.909143 0.630312 0.576266 0.965115 0.657282 0.615258 0.606224 0.894875 0.680848 0.978953 0.869002 0.486237 0.603269 0.852818 0.650362 0.649660 0.580301 0.752705 0.968696 0.324333 0.536422 0.254418 0.228476 0.421871 0.367802 0.255990 0.239961 0.277693 0.238337 0.461148 0.366402 0.616586 0.621477 0.383844 0.325911 0.922661 0.873876 0.641655 0.724621 0.689582 0.921355 0.958880 0.967521 0.587182 0.513049 0.339852 0.355465 0.356633 0.406973 0.261791 0.250997 0.876849 0.735337 0.478141 0.300178 0.649381 0.613841 0.629869 0.571814 0.928963 0.916479 0.927459 0.971109 0.991140 0.933522 0.944037 0.974103 0.840830 0.717853 0.706874 0.669346 0.774178 0.921423 0.778373 0.778684 0.721078 0.885985 0.899227 0.997989 0.582101 0.675738
0.226320 0.259170 0.614607 0.553570 0.894880 0.878906 0.612193 0.454438 0.806273 0.914431 0.315993 0.231164 0.299161 0.273496 0.433433 0.450996 0.268825 0.238666 0.266157 0.000000 0.627254 0.823892 0.615562 0.504748 0.630337 0.770786 0.560083 0.825279 0.349907 0.276165 0.715110 0.585002 0.392972 0.373288 0.878921 0.921071 0.650752 0.589111 0.921682 0.712318 0.635389 0.683878 0.897623 0.883874 0.815001 0.985789 0.636834 0.753848 0.950906 0.796663 0.825480 0.755448 0.944377 0.826353 0.424041 0.602305 0.264311 0.227341 0.542001 0.474639 0.306810 0.296297 0.297068 0.259293 0.461596 0.398369 0.829031 0.777149 0.317062 0.378518 0.924140 0.747455 0.809111 0.876460 0.675399 0.940327 0.867506 0.891240 0.581925 0.493685 0.331374 0.272790 0.352336 0.341582 0.271534 0.309864 0.814633 0.686771 0.472998 0.363185 0.479606 0.472829 0.449123 0.460583 0.967992 0.958860 0.893130 0.778086 0.766067 0.828565 0.848172 0.784536 0.999983 0.828780 0.906220 0.837875 0.939178 0.808307 0.854200 0.934816 0.934064 0.955879 0.761513 0.890314 0.765127 0.650778
0.680278 0.611028 0.527144 0.522966 0.839619 0.840187 0.724905 0.671998 0.914825 0.823507 0.785523 0.673132 0.736241 0.686721 0.687075 0.580015 0.643665 0.634366 0.628252 0.627254 0.000000 0.854213 0.597968 0.576814 0.527646 0.533040 0.621670 0.917734 0.783652 0.660049 0.588071 0.721948 0.599310 0.696786 0.751446 0.862800 0.638129 0.748851 0.826370 0.966777 0.783116 0.778422 0.954485 0.896609 0.838884 0.880299 0.815756 0.814033 0.849652 0.966308 0.928618 0.864312 0.891688 0.962924 0.676425 0.885313 0.626043 0.623464 0.798678 0.790629 0.693862 0.637555 0.741971 0.717632 0.490780 0.496589 0.657103 0.756504 0.628368 0.720675 0.804189 0.967118 0.726800 0.749724 0.658007 0.919968 0.961673 0.893814 0.702725 0.657286 0.743311 0.742164 0.602465 0.687596 0.644922 0.579605 0.810058 0.852761 0.819436 0.720713 0.703927 0.652598 0.728473 0.837503 0.959452 0.958116 0.988985 0.833533 0.778366 0.908515 0.846628 0.863956 0.787845 0.936076 0.787250 0.845656 0.996107 0.883814 0.910448 0.922415 0.962404 0.850786 0.853966 0.941123 0.697693 0.819090
0.910801 0.934177 0.997581 0.973941 0.940374 0.871218 0.895823 0.916379 0.833829 0.808939 0.890459 0.876652 0.951529 0.881036 0.908540 0.908533 0.890179 0.855983 0.988141 0.823892 0.854213 0.000000 0.992721 0.939891 0.997106 0.962479 0.903390 0.782636 0.888956 0.817332 0.879190 0.918178 0.962605 0.935854 0.936192 0.982844 0.994402 0.865686 0.915375 0.851249 0.923299 0.996668 0.816699 0.857670 0.818814 0.872440 0.960106 0.994539 0.850672 0.924119 0.866564 0.921143 0.884665 0.845950 0.950489 0.946739 0.899772 0.886934 0.950475 0.970742 0.980650 0.991492 0.922927 0.942321 0.897119 0.917157 0.851375 0.907703 0.964024 0.835870 0.898468 0.800869 0.976049 0.911904 0.988852 0.855927 0.967211 0.849139 0.848108 0.861075 0.907935 0.852113 0.891109 0.907184 0.881192 0.898207 0.809245 0.841535 0.919053 0.963931 0.780861 0.760867 0.762625 0.777369 0.812236 0.904893 0.892775 0.844539 0.750364 0.821929 0.811080 0.951886 0.723207 0.838688 0.967456 0.878182 0.846886 0.915304 0.969252 0.674506 0.960856 0.861052 0.767440 0.995042 0.742024 0.805868
0.617095 0.587172 0.380165 0.265677 0.686164 0.780950 0.363797 0.335723 0.662271 0.853641 0.963715 0.637822 0.609915 0.516765 0.532896 0.265731 0.619305 0.663116 0.441349 0.615562 0.597968 0.992721 0.000000 0.263572 0.518285 0.477837 0.658184 0.895621 0.690647 0.599108 0.290130 0.353667 0.402772 0.552526 0.465837 0.724151 0.713517 0.717034 0.901020 0.936526 0.943527 0.810658 0.625836 0.560823 0.880744 0.854285 0.517981 0.527112 0.938830 0.687461 0.599469 0.549144 0.526246 0.582746 0.584024 0.701885 0.568166 0.547829 0.584993 0.519332 0.494508 0.432681 0.621112 0.551484 0.434516 0.331156 0.327579 0.404601 0.759826 0.559428 0.485636 0.785414 0.466611 0.547026 0.683236 0.798682 0.617063 0.744300 0.591521 0.613720 0.669927 0.687415 0.483995 0.740552 0.446891 0.382604 0.955655 0.680189 0.693626 0.501370 0.983378 0.919694 0.957060 0.942284 0.821575 0.776879 0.821932 0.897414 0.828749 0.702846 0.874375 0.831279 0.875237 0.856352 0.416012 0.478433 0.727224 0.826546 0.953835 0.815753 0.673590 0.779517 0.849296 0.895210 0.483696 0.958218
0.553834 0.523266 0.403953 0.341680 0.754268 0.869532 0.586673 0.462973 0.830720 0.918971 0.792905 0.527442 0.564066 0.445181 0.497847 0.235735 0.532965 0.532105 0.446496 0.504748 0.576814 0.939891 0.263572 0.000000 0.451772 0.447469 0.548531 0.879339 0.658494 0.494006 0.496188 0.506201 0.413593 0.585105 0.534165 0.814256 0.651280 0.689252 0.769869 0.889588 0.830240 0.808426 0.788523 0.714225 0.968396 0.982829 0.566251 0.617438 0.964793 0.771680 0.718599 0.653949 0.667771 0.740118 0.539853 0.726710 0.503161 0.482346 0.673633 0.615693 0.515735 0.448220 0.621889 0.533675 0.349255 0.271252 0.445240 0.532724 0.630738 0.579899 0.735930 0.889152 0.608892 0.575146 0.637444 0.777332 0.851944 0.844013 0.623010 0.575196 0.588531 0.554570 0.407064 0.574023 0.403216 0.316979 0.764020 0.524117 0.654132 0.491918 0.786978 0.666602 0.793701 0.736626 0.905230 0.917118 0.991413 0.908878 0.938074 0.965324 0.945776 0.970980 0.972479 0.913050 0.558814 0.615351 0.877181 0.980016 0.865488 0.861863 0.819340 0.907167 0.978875 0.980360 0.615902 0.962165
0.704653 0.595744 0.270565 0.382873 0.892545 0.899178 0.813909 0.749701 0.965466 0.562484 0.840696 0.728731 0.809907 0.773152 0.792455 0.562448 0.637857 0.647983 0.610933 0.630337 0.527646 0.997106 0.518285 0.451772 0.000000 0.244347 0.417973 0.929184 0.912175 0.655479 0.561393 0.644907 0.655400 0.767504 0.568942 0.650887 0.440223 0.472522 0.512972 0.864925 0.770433 0.744542 0.965801 0.927506 0.615480 0.661458 0.789295 0.868278 0.591158 0.849953 0.856622 0.955593 0.947868 0.878825 0.765730 0.884415 0.618643 0.591799 0.932886 0.849644 0.800081 0.754254 0.889394 0.793163 0.254114 0.347807 0.663003 0.717743 0.511526 0.705832 0.733588 0.953091 0.853988 0.947525 0.723505 0.987310 0.979713 0.839641 0.886212 0.775857 0.814842 0.737510 0.505409 0.587515 0.625415 0.507674 0.610800 0.737153 0.835788 0.665751 0.621015 0.535009 0.680526 0.671726 0.817035 0.947191 0.974415 0.869059 0.575358 0.690807 0.728818 0.626215 0.698767 0.745323 0.782528 0.882955 0.880494 0.898550 0.990223 0.774970 0.987483 0.760892 0.693627 0.765330 0.670865 0.883332
0.849094 0.753014 0.295259 0.399489 0.962589 0.997844 0.749279 0.748162 0.821086 0.692255 0.974485 0.878233 0.905588 0.851169 0.815442 0.577464 0.796739 0.776441 0.701265 0.770786 0.533040 0.962479 0.477837 0.447469 0.244347 0.000000 0.525731 0.958632 0.999622 0.793982 0.522996 0.671282 0.666555 0.842099 0.510592 0.633630 0.526105 0.543688 0.602413 0.988355 0.945737 0.795419 0.902042 0.866063 0.743823 0.749787 0.815489 0.851873 0.643867 0.873600 0.946776 0.964544 0.935698 0.944559 0.807742 0.925914 0.749625 0.725614 0.962461 0.897250 0.874353 0.806423 0.983980 0.900757 0.353877 0.407091 0.567355 0.649458 0.724728 0.763994 0.657551 0.851565 0.777135 0.830764 0.705614 0.909934 0.889387 0.699906 0.892608 0.849247 0.926384 0.901023 0.600209 0.754548 0.729959 0.587267 0.646652 0.871676 0.917861 0.789727 0.822457 0.721499 0.890847 0.846645 0.921694 0.833503 0.955004 0.911203 0.751184 0.847517 0.876660 0.805588 0.689613 0.850321 0.658243 0.759732 0.842629 0.964045 0.998650 0.814881 0.963635 0.824928 0.837608 0.917746 0.645566 0.969486
0.633756 0.547794 0.495744 0.543179 0.968076 0.764993 0.837110 0.801889 0.812414 0.588215 0.711988 0.650812 0.725236 0.696941 0.782217 0.618523 0.597525 0.574382 0.622543 0.560083 0.621670 0.903390 0.658184 0.548531 0.417973 0.525731 0.000000 0.951486 0.793868 0.601949 0.703834 0.669097 0.640071 0.690253 0.749199 0.684332 0.473501 0.512887 0.613844 0.864675 0.730595 0.767502 0.820001 0.928965 0.617838 0.712428 0.875451 0.981101 0.709855 0.937519 0.910425 0.997345 0.954829 0.749951 0.729015 0.877391 0.544003 0.540123 0.845829 0.787878 0.691316 0.698240 0.750780 0.682737 0.367322 0.474995 0.761709 0.885028 0.541987 0.667130 0.975363 0.794829 0.960706 0.895405 0.688732 0.948626 0.873678 0.934047 0.801739 0.746400 0.768683 0.687140 0.541609 0.589389 0.552392 0.519493 0.626909 0.700448 0.770725 0.660314 0.490851 0.486151 0.558129 0.600968 0.872731 0.959325 0.813675 0.803500 0.522617 0.629645 0.553374 0.686963 0.764622 0.848783 0.883618 0.907104 0.992879 0.755595 0.961663 0.892417 0.996448 0.752064 0.666325 0.825243 0.896853 0.805433
0.853424 0.900232 0.943935 0.945837 0.927225 0.983130 0.980965 0.946813 0.947255 0.930084 0.746925 0.825837 0.798427 0.759696 0.774754 0.782721 0.852480 0.798450 0.869989 0.825279 0.917734 0.782636 0.895621 0.879339 0.929184 0.958632 0.951486 0.000000 0.809755 0.786827 0.979822 0.935712 0.958544 0.911296 0.895950 0.900589 0.939831 0.948367 0.853607 0.964447 0.971608 0.963235 0.827031 0.903439 0.809661 0.844148 0.911774 0.959495 0.884753 0.883119 0.899160 0.913887 0.898411 0.825071 0.944364 0.965327 0.854599 0.806647 0.966242 0.999588 0.805792 0.868550 0.832205 0.830264 0.830064 0.823652 0.900890 0.919593 0.881554 0.953083 0.984173 0.920755 0.986416 0.980147 0.885720 0.920322 0.851987 0.796291 0.988042 0.930039 0.874488 0.812401 0.855470 0.941104 0.811067 0.848689 0.958691 0.988360 0.988596 0.861301 0.837447 0.792228 0.862585 0.901839 0.924612 0.972602 0.750803 0.783834 0.847295 0.845650 0.817783 0.999896 0.903104 0.887652 0.884918 0.774691 0.915225 0.802211 0.972196 0.759400 0.873541 0.749553 0.930013 0.786118 0.977346 0.805981
0.300389 0.355967 0.823453 0.733006 0.819167 0.994350 0.579878 0.464039 0.821868 0.841415 0.320853 0.282381 0.273965 0.312216 0.370597 0.477387 0.230706 0.261464 0.370219 0.349907 0.783652 0.888956 0.690647 0.658494 0.912175 0.999622 0.793868 0.809755 0.000000 0.231486 0.797589 0.647689 0.457813 0.365829 0.912803 0.950227 0.864233 0.814287 0.885862 0.642116 0.694787 0.758518 0.922246 0.733151 0.868436 0.734863 0.564942 0.670477 0.677784 0.571642 0.659625 0.614638 0.772161 0.983570 0.345902 0.455380 0.347201 0.323450 0.508853 0.480456 0.260443 0.331573 0.247336 0.257854 0.641568 0.551252 0.832159 0.756947 0.524445 0.456716 0.904197 0.713592 0.794391 0.858751 0.743139 0.913126 0.983147 0.889599 0.579488 0.534573 0.275652 0.292397 0.435529 0.435376 0.300985 0.425508 0.860602 0.764125 0.506449 0.402925 0.662384 0.675573 0.596778 0.578950 0.965130 0.940365 0.893084 0.828157 0.980655 0.950087 0.971496 0.996485 0.769306 0.715478 0.950549 0.835801 0.949785 0.862454 0.655939 0.936465 0.788773 0.908178 0.955479 0.979288 0.786073 0.697845
0.276395 0.282615 0.643046 0.609393 0.858756 0.900553 0.659527 0.506595 0.765641 0.915014 0.305216 0.237479 0.286108 0.299441 0.360063 0.388808 0.198178 0.199558 0.322762 0.276165 0.660049 0.817332 0.599108 0.494006 0.655479 0.793982 0.601949 0.786827 0.231486 0.000000 0.732372 0.585573 0.418343 0.379975 0.848058 0.924803 0.707726 0.695223 0.886225 0.668975 0.644377 0.795280 0.988175 0.810260 0.946011 0.918665 0.562856 0.681892 0.888910 0.693204 0.778968 0.695789 0.873098 0.932635 0.319222 0.533321 0.273332 0.252068 0.553479 0.507470 0.280437 0.330464 0.298886 0.273169 0.421311 0.371681 0.774775 0.746258 0.380441 0.391610 0.910138 0.697583 0.840533 0.870332 0.726436 0.932164 0.913372 0.895646 0.593133 0.476312 0.270944 0.248628 0.324071 0.336925 0.242951 0.316205 0.748354 0.612849 0.495596 0.356929 0.495845 0.452945 0.456337 0.438045 0.898046 0.964027 0.823916 0.758306 0.769688 0.879078 0.827425 0.815151 0.932186 0.902980 0.942082 0.854612 0.980047 0.773320 0.733027 0.953090 0.787820 0.980547 0.808675 0.950227 0.752954 0.681392
0.696970 0.606129 0.363765 0.266331 0.737807 0.837348 0.284587 0.319487 0.624549 0.747241 0.955072 0.770337 0.722137 0.691803 0.722751 0.504188 0.709875 0.754612 0.499980 0.715110 0.588071 0.879190 0.290130 0.496188 0.561393 0.522996 0.703834 0.979822 0.797589 0.732372 0.000000 0.340861 0.448315 0.516862 0.516929 0.670429 0.728224 0.660308 0.981019 0.998209 0.958931 0.725199 0.515220 0.460851 0.787372 0.756942 0.505943 0.489341 0.878712 0.677959 0.561886 0.514543 0.476718 0.532205 0.639371 0.686293 0.607346 0.620288 0.555936 0.510441 0.577299 0.490286 0.701681 0.654176 0.564572 0.468395 0.321546 0.374401 0.821188 0.576987 0.434850 0.704645 0.435733 0.600949 0.797374 0.765354 0.513021 0.566855 0.576507 0.648925 0.763098 0.861430 0.664069 0.874599 0.648857 0.565505 0.895308 0.987600 0.847509 0.619965 0.880481 0.947909 0.840592 0.907100 0.804013 0.690740 0.678641 0.760258 0.712634 0.593293 0.856317 0.844321 0.840892 0.850998 0.434890 0.491329 0.573074 0.692344 0.947184 0.720904 0.676071 0.722953 0.703904 0.840796 0.467881 0.952333
0.527819 0.487430 0.492956 0.374106 0.742190 0.963803 0.381854 0.341421 0.880502 0.844547 0.855997 0.578655 0.529873 0.530155 0.605875 0.465508 0.562129 0.588898 0.427250 0.585002 0.721948 0.918178 0.353667 0.506201 0.644907 0.671282 0.669097 0.935712 0.647689 0.585573 0.340861 0.000000 0.386333 0.446917 0.576241 0.782667 0.714833 0.647948 0.917348 0.898924 0.890465 0.754561 0.583380 0.484131 0.847878 0.751480 0.447218 0.487533 0.827458 0.607568 0.557922 0.491453 0.528374 0.667351 0.570204 0.645303 0.505622 0.490394 0.489644 0.441758 0.442625 0.397703 0.512364 0.465086 0.536035 0.414489 0.467699 0.453997 0.692095 0.536259 0.625606 0.960968 0.609503 0.678070 0.766181 0.769494 0.698762 0.816426 0.574010 0.558692 0.564215 0.627882 0.491058 0.663053 0.454946 0.419109 0.987753 0.821868 0.610426 0.485735 0.910175 0.839702 0.918668 0.813475 0.896712 0.844663 0.901549 0.847824 0.835388 0.722346 0.959076 0.896351 0.809757 0.890532 0.486429 0.483690 0.645242 0.879597 0.991843 0.819622 0.627171 0.848718 0.813640 0.895227 0.592519 0.873296
0.309560 0.314495 0.547961 0.378362 0.863267 0.969410 0.372415 0.275245 0.899770 0.864826 0.640865 0.373937 0.404891 0.398431 0.538482 0.407059 0.362331 0.377339 0.299939 0.392972 0.599310 0.962605 0.402772 0.413593 0.655400 0.666555 0.640071 0.958544 0.457813 0.418343 0.448315 0.386333 0.000000 0.287633 0.622837 0.837683 0.706611 0.611352 0.964822 0.835161 0.787054 0.738555 0.700924 0.509268 0.817363 0.695565 0.386498 0.449965 0.700755 0.507180 0.482268 0.422105 0.579056 0.756320 0.351303 0.426938 0.285703 0.291184 0.330515 0.303748 0.303176 0.266206 0.310483 0.269719 0.521865 0.393904 0.424636 0.433954 0.514790 0.321079 0.873512 0.912384 0.581208 0.723687 0.690546 0.746261 0.797790 0.883010 0.456849 0.407067 0.371972 0.461361 0.386891 0.444912 0.303576 0.267141 0.984606 0.708588 0.495827 0.338778 0.677093 0.630001 0.670339 0.593581 0.881521 0.869255 0.870975 0.965423 0.884326 0.797174 0.963929 0.948007 0.848922 0.739443 0.608738 0.521900 0.738156 0.981475 0.829977 0.801965 0.712147 0.774320 0.929153 0.839486 0.540282 0.785719
0.289638 0.279253 0.652936 0.525092 0.912805 0.981944 0.384116 0.319975 0.831514 0.848250 0.488233 0.334631 0.343816 0.390268 0.514319 0.496715 0.296205 0.326044 0.314087 0.373288 0.696786 0.935854 0.552526 0.585105 0.767504 0.842099 0.690253 0.911296 0.365829 0.379975 0.516862 0.446917 0.287633 0.000000 0.722843 0.938965 0.753295 0.680404 0.997825 0.703694 0.682043 0.680032 0.741222 0.521513 0.760697 0.621976 0.384884 0.502921 0.617505 0.478520 0.506605 0.447472 0.584304 0.838144 0.320293 0.329031 0.277000 0.302022 0.329228 0.326698 0.252893 0.293922 0.250992 0.239073 0.614690 0.490475 0.546582 0.507861 0.493083 0.356454 0.978825 0.837466 0.669501 0.803392 0.708385 0.830833 0.852713 0.906353 0.459795 0.479729 0.307722 0.402387 0.432727 0.432548 0.325130 0.346072 0.980418 0.782519 0.479369 0.334756 0.665546 0.667100 0.652474 0.593470 0.954044 0.909275 0.982020 0.915757 0.880864 0.784131 0.961791 0.917783 0.710407 0.701617 0.782700 0.635160 0.714532 0.946539 0.895103 0.869559 0.722288 0.772977 0.880234 0.904310 0.597221 0.820511
0.861183 0.792186 0.522999 0.517354 0.923429 0.854497 0.596371 0.644067 0.810246 0.993408 0.874883 0.856582 0.886115 0.840594 0.839446 0.571940 0.802066 0.843186 0.698038 0.878921 0.751446 0.936192 0.465837 0.534165 0.568942 0.510592 0.749199 0.895950 0.912803 0.848058 0.516929 0.576241 0.622837 0.722843 0.000000 0.741421 0.748832 0.764198 0.768425 0.980995 0.911989 0.869873 0.723013 0.688893 0.917447 0.923089 0.647676 0.619387 0.992326 0.829354 0.787976 0.761334 0.721004 0.732720 0.704606 0.774807 0.796331 0.785106 0.785557 0.772240 0.810761 0.735894 0.884505 0.804593 0.594923 0.570712 0.475665 0.553656 0.813386 0.745066 0.721022 0.786579 0.713750 0.750008 0.704946 0.852221 0.614157 0.767669 0.787846 0.838998 0.844765 0.852634 0.621876 0.801387 0.701054 0.587764 0.836310 0.783878 0.816946 0.692439 0.971127 0.955081 0.903250 0.964371 0.878332 0.812547 0.985927 0.959652 0.903030 0.793953 0.963053 0.929600 0.964774 0.946191 0.563648 0.703040 0.687937 0.948115 0.907951 0.740276 0.750995 0.885224 0.832255 0.935559 0.617201 0.876878
0.994564 0.888208 0.625592 0.682823 0.990157 0.938727 0.828715 0.870416 0.994142 0.844696 0.889084 0.958563 0.917689 0.911842 0.965657 0.848758 0.951525 0.932364 0.909143 0.921071 0.862800 0.982844 0.724151 0.814256 0.650887 0.633630 0.684332 0.900589 0.950227 0.924803 0.670429 0.782667 0.837683 0.938965 0.741421 0.000000 0.769730 0.621968 0.865414 0.968967 0.942500 0.988156 0.900568 0.886097 0.960719 0.933569 0.924557 0.857151 0.858806 0.999453 0.996918 0.944942 0.880004 0.922572 0.926918 0.959510 0.875660 0.892171 0.958123 0.904649 0.982579 0.923096 0.928111 0.994429 0.678664 0.718073 0.702251 0.759202 0.964716 0.862005 0.761240 0.932976 0.899356 0.900160 0.843555 0.981959 0.944803 0.915100 0.906205 0.852133 0.999329 0.974050 0.860301 0.933414 0.855633 0.808952 0.978644 0.948081 0.956125 0.903417 0.929606 0.878385 0.991265 0.928307 0.944221 0.995306 0.991696 0.922253 0.887808 0.983213 0.885974 0.762443 0.932739 0.768862 0.849486 0.893187 0.873752 0.933764 0.995348 0.937015 0.983965 0.860349 0.911334 0.972972 0.837462 0.878285
0.678106 0.546016 0.514795 0.539798 0.814681 0.783642 0.808800 0.746004 0.792329 0.648743 0.838610 0.744969 0.816793 0.827891 0.902201 0.792157 0.708841 0.692965 0.630312 0.650752 0.638129 0.994402 0.713517 0.651280 0.440223 0.526105 0.473501 0.939831 0.864233 0.707726 0.728224 0.714833 0.706611 0.753295 0.748832 0.769730 0.000000 0.492121 0.648658 0.801579 0.656578 0.750431 0.983705 0.879962 0.714596 0.830897 0.765152 0.887475 0.801468 0.980316 0.977207 0.881821 0.986210 0.915781 0.795223 0.833614 0.602902 0.584094 0.770334 0.721380 0.824295 0.788688 0.809957 0.752123 0.530823 0.568828 0.757753 0.795589 0.585272 0.622896 0.833544 0.921337 0.906338 0.934041 0.715472 0.951674 0.980197 0.986170 0.761667 0.742248 0.797745 0.809703 0.622151 0.634641 0.703784 0.615338 0.710349 0.807224 0.860793 0.696745 0.570685 0.610183 0.627680 0.635399 0.942214 0.905062 0.933146 0.934753 0.676243 0.813880 0.745232 0.676849 0.793529 0.983330 0.766501 0.784092 0.992729 0.901731 0.990023 0.829745 0.989711 0.861817 0.827530 0.947769 0.854749 0.843113
0.582206 0.499880 0.524698 0.548434 0.780076 0.871664 0.774096 0.715740 0.829155 0.689170 0.793422 0.698763 0.785001 0.793722 0.932229 0.783039 0.631579 0.602988 0.576266 0.589111 0.748851 0.865686 0.717034 0.689252 0.472522 0.543688 0.512887 0.948367 0.814287 0.695223 0.660308 0.647948 0.611352 0.680404 0.764198 0.621968 0.492121 0.000000 0.689384 0.808194 0.740038 0.786223 0.982473 0.854906 0.748837 0.895913 0.736992 0.804859 0.849291 0.958175 0.956802 0.865811 0.973034 0.851155 0.722364 0.754498 0.517022 0.521354 0.752892 0.687822 0.759385 0.707840 0.741211 0.666756 0.519172 0.555524 0.774893 0.813084 0.555197 0.524914 0.853791 0.933243 0.933624 0.906673 0.780473 0.933632 0.952056 0.946335 0.790790 0.730527 0.668295 0.704483 0.677365 0.593859 0.646047 0.527329 0.736347 0.912638 0.761056 0.606363 0.597885 0.557791 0.625912 0.535238 0.886971 0.966522 0.904859 0.917662 0.706202 0.806098 0.693699 0.591939 0.865964 0.919046 0.882067 0.947959 0.816843 0.929311 0.987442 0.884781 0.936652 0.839964 0.820766 0.823876 0.874230 0.675773
