0.000000 0.579092 0.711677 0.697938 0.895627 0.898793 0.608949 0.528595 0.903747 0.591312 0.562460 0.569715 0.717167 0.819709 0.911236 0.917018 0.516232 0.471989 0.545620 0.642391 0.818084 0.949420 0.852273 0.637563 0.928778 0.988025 0.887499 0.883227 0.750041 0.714336 0.907557 0.887230 0.571845 0.522196 0.661786 0.902272 0.887733 0.953605 0.932627 0.879919 0.740529 0.889146 0.794205 0.788794 0.723761 0.610065 0.588071 0.657049 0.752597 0.992054 0.972616 0.837310 0.860948 0.846937 0.738328 0.656875 0.518757 0.641421 0.573539 0.822997 0.503016 0.540675 0.479452 0.457923 0.930298 0.782197 0.712339 0.776557 0.742922 0.677189 0.948992 0.975418 0.930372 0.889408 0.998656 0.878083 0.840883 0.832504 0.628685 0.895738 0.467424 0.532535 0.938526 0.725458 0.832907 0.840641 0.789002 0.831103 0.873479 0.637644 0.806013 0.903416 0.837393 0.942277 0.796236 0.733201 0.772105 0.881811 0.577148 0.711753 0.848667 0.859398 0.647726 0.670147 0.947106 0.743411 0.841368 0.883457 0.893061 0.979480 0.928749 0.718683 0.922385 0.824833 0.933965 0.954910
0.579092 0.000000 0.875779 0.757300 0.836684 0.829807 0.887687 0.690987 0.998750 0.878938 0.847839 0.640963 0.669751 0.601113 0.861824 0.803527 0.665897 0.640708 0.622530 0.719771 0.915675 0.903143 0.953810 0.920341 0.969060 0.901985 0.991408 0.854367 0.887723 0.782408 0.934185 0.992509 0.663093 0.744383 0.832734 0.900579 0.918205 0.939856 0.928059 0.960884 0.927919 0.895193 0.701575 0.631640 0.760148 0.668310 0.728927 0.654930 0.726341 0.844440 0.932790 0.963091 0.981947 0.980312 0.793146 0.922987 0.605036 0.585832 0.710058 0.758711 0.762823 0.677928 0.807732 0.753985 0.891334 0.740075 0.924390 0.830989 0.712070 0.649352 0.839420 0.838795 0.912724 0.979687 0.979068 0.926732 0.754140 0.757742 0.746698 0.964570 0.698192 0.751097 0.898075 0.911784 0.996044 0.870064 0.928886 0.881529 0.963011 0.798639 0.920042 0.939362 0.916087 0.950923 0.847619 0.793449 0.764598 0.928869 0.722488 0.777907 0.858457 0.996937 0.765945 0.681279 0.924315 0.817607 0.936633 0.819854 0.955121 0.911466 0.998838 0.817871 0.801530 0.808101 0.862884 0.937583
0.711677 0.875779 0.000000 0.428679 0.903962 0.994128 0.358669 0.521673 0.737706 0.622917 0.742839 0.920285 0.934224 0.855114 0.726414 0.650498 0.867607 0.735800 0.707820 0.745845 0.852468 0.917943 0.885457 0.959895 0.858913 0.919530 0.967663 0.993252 0.983843 0.951563 0.885402 0.975072 0.572388 0.606130 0.655720 0.816666 0.923906 0.957579 0.883422 0.760526 0.883847 0.812849 0.712575 0.731199 0.674924 0.689338 0.741714 0.759591 0.966936 0.995981 0.925088 0.990434 0.874470 0.883171 0.797202 0.712148 0.809498 0.962785 0.664190 0.723739 0.556794 0.718916 0.783789 0.821060 0.526133 0.618025 0.454113 0.504653 0.998959 0.822506 0.889638 0.899277 0.959066 0.941156 0.909733 0.930485 0.695430 0.931611 0.885259 0.969384 0.703395 0.644312 0.907191 0.861061 0.670281 0.681905 0.806244 0.858236 0.840954 0.643583 0.569669 0.710670 0.485289 0.700708 0.810883 0.685619 0.625949 0.791318 0.557248 0.605857 0.733254 0.910883 0.691500 0.723709 0.757877 0.604703 0.878521 0.799520 0.858846 0.930600 0.692520 0.696171 0.880450 0.836118 0.980549 0.995549
0.697938 0.757300 0.428679 0.000000 0.947178 0.799649 0.492587 0.432317 0.885466 0.743319 0.791082 0.775689 0.874388 0.945085 0.683648 0.793216 0.996567 0.801229 0.761751 0.740199 0.822212 0.841873 0.994318 0.965341 0.837863 0.855137 0.997222 0.987057 0.858378 0.918766 0.905163 0.927223 0.660444 0.594779 0.632726 0.821368 0.961728 0.990749 0.725194 0.666690 0.848000 0.885830 0.604312 0.612669 0.752954 0.700797 0.652181 0.636368 0.987956 0.957838 0.887324 0.980807 0.827607 0.845210 0.880975 0.702525 0.952863 0.986533 0.679071 0.596769 0.634734 0.622783 0.932498 0.899792 0.546079 0.430140 0.428731 0.406399 0.889026 0.796662 0.685243 0.710328 0.948515 0.911268 0.998906 0.975812 0.599085 0.868463 0.827229 0.976777 0.784368 0.769781 0.728785 0.959801 0.890806 0.744083 0.760941 0.652122 0.981399 0.653639 0.598850 0.730677 0.489352 0.679214 0.809144 0.674008 0.609054 0.762865 0.485938 0.664468 0.728465 0.853030 0.670590 0.633502 0.706515 0.635756 0.941556 0.762741 0.840985 0.952862 0.669758 0.722403 0.934891 0.763067 0.925326 0.905511
0.895627 0.836684 0.903962 0.947178 0.000000 0.929489 0.842750 0.992255 0.644971 0.877159 0.939591 0.931045 0.898427 0.922650 0.750686 0.910831 0.862190 0.959083 0.890457 0.882478 0.891176 0.893368 0.584863 0.682858 0.940175 0.825466 0.946733 0.719454 0.816195 0.796210 0.866515 0.848651 0.950311 0.974124 0.953286 0.926907 0.991004 0.764919 0.933036 0.912802 0.941912 0.900196 0.683175 0.680625 0.928998 0.846404 0.819728 0.744195 0.881730 0.941938 0.985419 0.930003 0.858232 0.800529 0.977562 0.966585 0.993762 0.854877 0.818863 0.903516 0.818665 0.942940 0.896656 0.952073 0.759797 0.949295 0.900887 0.871846 0.830331 0.899537 0.926215 0.970855 0.699081 0.764983 0.973889 0.933739 0.879758 0.817061 0.903784 0.990796 0.932289 0.864327 0.728999 0.788746 0.649428 0.648228 0.810093 0.740627 0.799237 0.878106 0.917655 0.957923 0.988053 0.979352 0.914064 0.937441 0.941017 0.802222 0.914654 0.958917 0.918804 0.850687 0.772470 0.826836 0.963755 0.891886 0.954079 0.920831 0.781077 0.994110 0.966052 0.924379 0.968388 0.972139 0.990471 0.845301
0.898793 0.829807 0.994128 0.799649 0.929489 0.000000 0.983206 0.828204 0.978248 0.989087 0.955226 0.817863 0.803912 0.781204 0.997728 0.724603 0.898467 0.953911 0.974928 0.888697 0.927341 0.766889 0.900226 0.947017 0.968682 0.865444 0.811575 0.728851 0.883024 0.953194 0.995094 0.875094 0.948398 0.990265 0.914195 0.974034 0.990880 0.908650 0.896707 0.902001 0.819484 0.931127 0.985197 0.982659 0.899034 0.910559 0.985202 0.987737 0.888978 0.876545 0.971058 0.862482 0.905783 0.950771 0.961463 0.921454 0.936626 0.963094 0.955320 0.974301 0.921960 0.816230 0.896996 0.902683 0.885648 0.782074 0.974899 0.930717 0.912968 0.896199 0.679921 0.694586 0.974676 0.998799 0.989298 0.854832 0.837745 0.834237 0.948656 0.964961 0.958772 0.907759 0.727015 0.804731 0.803799 0.971512 0.903678 0.724952 0.919036 0.997438 0.884989 0.919221 0.773071 0.869222 0.928472 0.931458 0.970179 0.934800 0.868587 0.948240 0.930044 0.827586 0.948654 0.887314 0.854391 0.877365 0.943911 0.974630 0.964124 0.998955 0.890047 0.964891 0.972772 0.906958 0.736953 0.812906
0.608949 0.887687 0.358669 0.492587 0.842750 0.983206 0.000000 0.454701 0.623888 0.465741 0.668883 0.803952 0.826284 0.835350 0.755866 0.681634 0.747396 0.630020 0.616407 0.732349 0.952479 0.963741 0.840654 0.918304 0.986489 0.955964 0.877072 0.860864 0.890980 0.871466 0.840865 0.956669 0.508968 0.507557 0.615491 0.892632 0.964114 0.887991 0.943723 0.868979 0.813204 0.864669 0.809874 0.832801 0.638330 0.611637 0.764713 0.801203 0.959338 0.977092 0.975741 0.905328 0.811361 0.850276 0.778162 0.686590 0.778863 0.906697 0.685496 0.788382 0.389365 0.586220 0.560658 0.606883 0.615974 0.657888 0.482672 0.585241 0.997814 0.810750 0.980324 0.973509 0.943068 0.907155 0.943794 0.902648 0.814342 0.941667 0.770266 0.878451 0.553788 0.517301 0.984724 0.738638 0.577408 0.673795 0.831623 0.895197 0.812697 0.700918 0.539720 0.743021 0.520499 0.804399 0.737985 0.726810 0.602949 0.784579 0.494029 0.602514 0.821815 0.958536 0.695022 0.712473 0.795419 0.692589 0.792911 0.822573 0.772116 0.909814 0.664918 0.683085 0.887042 0.837460 0.925367 0.901489
0.528595 0.690987 0.521673 0.432317 0.992255 0.828204 0.454701 0.000000 0.856803 0.481641 0.518013 0.481428 0.694644 0.888579 0.678644 0.880970 0.751589 0.636931 0.652201 0.652413 0.963347 0.996676 0.881650 0.767342 0.829479 0.892681 0.893917 0.878145 0.904561 0.809347 0.998368 0.833943 0.629430 0.412092 0.701976 0.911067 0.975892 0.860522 0.762828 0.670039 0.833620 0.920095 0.747357 0.760276 0.792404 0.685337 0.667203 0.691499 0.957543 0.793400 0.867727 0.733676 0.619143 0.605183 0.735425 0.693114 0.870984 0.849982 0.566827 0.572850 0.401288 0.350083 0.658796 0.571403 0.796177 0.473128 0.505174 0.474560 0.953964 0.664879 0.861663 0.856144 0.998601 0.906363 0.998345 0.946368 0.698004 0.791346 0.781198 0.927812 0.664314 0.666119 0.768945 0.888422 0.961770 0.871665 0.728770 0.596739 0.902544 0.713017 0.737592 0.996643 0.667984 0.995647 0.768897 0.762346 0.599752 0.765010 0.478774 0.751774 0.686777 0.990667 0.611031 0.707865 0.812375 0.707493 0.853703 0.873756 0.783004 0.903857 0.704811 0.772958 0.924424 0.775446 0.969041 0.996537
0.903747 0.998750 0.737706 0.885466 0.644971 0.978248 0.623888 0.856803 0.000000 0.699518 0.904278 0.999668 0.726389 0.895348 0.805479 0.984425 0.860397 0.849506 0.842780 0.927561 0.915193 0.963196 0.618421 0.859157 0.923826 0.935409 0.965884 0.897647 0.840237 0.882960 0.862883 0.897987 0.817328 0.904175 0.919467 0.903008 0.984030 0.786916 0.911687 0.840128 0.899876 0.900091 0.882337 0.863011 0.944618 0.968780 0.934464 0.844554 0.994131 0.985941 0.972930 0.974492 0.882244 0.849573 0.964534 0.931768 0.850929 0.854362 0.962610 0.974349 0.624559 0.840900 0.723074 0.792618 0.640982 0.895434 0.992071 0.898307 0.935381 0.933319 0.889481 0.833497 0.829672 0.971688 0.894943 0.973024 0.962059 0.970300 0.783093 0.964553 0.772027 0.729997 0.699411 0.760975 0.562369 0.607787 0.832373 0.810504 0.847547 0.777195 0.810238 0.839012 0.828097 0.905839 0.928847 0.934901 0.834606 0.976111 0.915668 0.764008 0.945021 0.976244 0.974590 0.910870 0.827272 0.983503 0.949762 0.973488 0.800598 0.955944 0.802656 0.947697 0.956399 0.825543 0.966363 0.794824
0.591312 0.878938 0.622917 0.743319 0.877159 0.989087 0.465741 0.481641 0.699518 0.000000 0.543693 0.674960 0.767932 0.935330 0.823849 0.855695 0.688363 0.600092 0.616839 0.662316 0.960957 0.906741 0.932615 0.768674 0.650338 0.695677 0.843611 0.769148 0.794335 0.774812 0.930059 0.907228 0.665992 0.531772 0.776104 0.867953 0.972950 0.843537 0.963478 0.905804 0.892568 0.963840 0.950061 0.954897 0.863252 0.795543 0.756667 0.941778 0.958228 0.891061 0.842857 0.807923 0.674019 0.640778 0.765357 0.780842 0.827731 0.781973 0.597820 0.664296 0.399791 0.500387 0.479129 0.433664 0.961954 0.785539 0.637196 0.724972 0.887735 0.733457 0.870193 0.891565 0.977686 0.947621 0.921615 0.874404 0.999809 0.956550 0.805941 0.854762 0.582404 0.567171 0.990484 0.718802 0.757573 0.939470 0.827103 0.880403 0.833955 0.743527 0.771965 0.975415 0.794778 0.889236 0.798968 0.743678 0.641608 0.875276 0.619117 0.748230 0.791345 0.878806 0.636447 0.790182 0.798365 0.729439 0.835434 0.958406 0.783242 0.870520 0.840191 0.854213 0.997734 0.906224 0.896366 0.835670
0.562460 0.847839 0.742839 0.791082 0.939591 0.955226 0.668883 0.518013 0.904278 0.543693 0.000000 0.479605 0.684434 0.989455 0.670224 0.848628 0.617315 0.676347 0.797061 0.732077 0.902781 0.901962 0.660467 0.577476 0.753166 0.829917 0.827059 0.948963 0.816475 0.848175 0.810210 0.746888 0.788347 0.511906 0.759800 0.956191 0.876190 0.928951 0.948148 0.828987 0.777990 0.839491 0.936324 0.947229 0.931553 0.787628 0.751244 0.895455 0.986986 0.772629 0.662274 0.572920 0.578187 0.552252 0.733182 0.687194 0.882114 0.886522 0.667386 0.785832 0.537232 0.495658 0.600134 0.520522 0.883368 0.819837 0.731775 0.783401 0.834880 0.672109 0.799875 0.918424 0.792232 0.923369 0.954126 0.903984 0.882700 0.906934 0.763682 0.911973 0.680129 0.746804 0.850730 0.828075 0.918935 0.887809 0.757182 0.675580 0.881153 0.817061 0.851404 0.795369 0.852665 0.871814 0.811838 0.809436 0.743993 0.807642 0.687867 0.927985 0.791156 0.916967 0.625572 0.808569 0.962944 0.844802 0.816545 0.999460 0.804605 0.935022 0.934835 0.834109 0.957147 0.849169 0.910906 0.943113
0.569715 0.640963 0.920285 0.775689 0.931045 0.817863 0.803952 0.481428 0.999668 0.674960 0.479605 0.000000 0.509589 0.617162 0.867175 0.822523 0.652824 0.667789 0.669747 0.691852 0.940223 0.871135 0.710281 0.744701 0.745596 0.780225 0.952134 0.931595 0.875535 0.740064 0.784378 0.784867 0.845408 0.587170 0.849481 0.973907 0.973031 0.784282 0.848493 0.827354 0.878790 0.985619 0.858354 0.823287 0.947266 0.793987 0.733141 0.813824 0.963600 0.759996 0.767981 0.661227 0.688534 0.660946 0.700934 0.769388 0.836441 0.759788 0.713037 0.762574 0.549468 0.425916 0.659217 0.571698 0.907425 0.672009 0.858528 0.825981 0.863863 0.583668 0.965025 0.948257 0.964928 0.993580 0.915362 0.981946 0.762432 0.713618 0.735458 0.910017 0.708510 0.796473 0.821774 0.905002 0.835993 0.965562 0.788344 0.653610 0.931467 0.894627 0.980499 0.761711 0.975185 0.774642 0.850275 0.976650 0.768636 0.861018 0.733554 0.996139 0.770130 0.906659 0.697695 0.856404 0.988057 0.933604 0.891111 0.949965 0.855261 0.955565 0.941802 0.911029 0.912467 0.820782 0.943854 0.956946
0.717167 0.669751 0.934224 0.874388 0.898427 0.803912 0.826284 0.694644 0.726389 0.767932 0.684434 0.509589 0.000000 0.580073 0.830965 0.673676 0.755504 0.795514 0.614906 0.768995 0.886925 0.991185 0.971419 0.976245 0.798893 0.788823 0.915004 0.961349 0.810958 0.804435 0.930187 0.950983 0.891143 0.748018 0.945115 0.908352 0.887078 0.727733 0.985430 0.945827 0.926815 0.908238 0.923254 0.901895 0.972646 0.788528 0.827074 0.983792 0.966309 0.937377 0.874452 0.880533 0.921957 0.950444 0.795879 0.782090 0.804125 0.757249 0.944711 0.855493 0.600552 0.538362 0.784147 0.742361 0.986460 0.700309 0.945606 0.990527 0.805855 0.703461 0.955065 0.989485 0.798729 0.932955 0.990618 0.828307 0.759452 0.766095 0.832783 0.942859 0.810175 0.858600 0.913473 0.981232 0.976243 0.899826 0.963531 0.898689 0.859301 0.981314 0.902294 0.910442 0.909649 0.859777 0.991235 0.959121 0.758973 0.879116 0.807091 0.912970 0.942878 0.912060 0.822891 0.955742 0.852531 0.960816 0.903320 0.951421 0.904488 0.952699 0.882750 0.936043 0.834713 0.725527 0.950806 0.927036
0.819709 0.601113 0.855114 0.945085 0.922650 0.781204 0.835350 0.888579 0.895348 0.935330 0.989455 0.617162 0.580073 0.000000 0.715800 0.557048 0.880505 0.861818 0.690639 0.736635 0.947883 0.959944 0.962548 0.894838 0.942568 0.948432 0.847102 0.924152 0.905353 0.851804 0.981586 0.877375 0.951816 0.956287 0.954687 0.999411 0.903650 0.865848 0.861974 0.929326 0.847907 0.863996 0.835925 0.793972 0.892962 0.937100 0.779515 0.821710 0.988289 0.954544 0.996740 0.963018 0.953934 0.932811 0.850644 0.821552 0.882665 0.795173 0.984774 0.853923 0.951738 0.764879 0.975665 0.972146 0.958225 0.743290 0.880350 0.987021 0.838531 0.757762 0.806303 0.772146 0.808488 0.900026 0.964360 0.797293 0.702650 0.716430 0.849775 0.921148 0.953703 0.981498 0.911637 0.960058 0.837195 0.913354 0.906196 0.937957 0.959287 0.951897 0.926064 0.888388 0.906837 0.866617 0.879338 0.977070 0.983743 0.967996 0.999918 0.993757 0.904378 0.953146 0.942212 0.983212 0.979669 0.946888 0.821248 0.951037 0.865607 0.946248 0.983958 0.995701 0.907254 0.942996 0.920106 0.897602
0.911236 0.861824 0.726414 0.683648 0.750686 0.997728 0.755866 0.678644 0.805479 0.823849 0.670224 0.867175 0.830965 0.715800 0.000000 0.573636 0.887861 0.909886 0.919484 0.991007 0.858693 0.968433 0.568244 0.647661 0.980895 0.998811 0.833433 0.994229 0.761880 0.777158 0.777615 0.673816 0.995833 0.734957 0.877024 0.934157 0.983268 0.831413 0.847578 0.788451 0.854585 0.785643 0.768477 0.846835 0.899436 0.887162 0.923581 0.878362 0.896127 0.788311 0.920554 0.743408 0.575666 0.590063 0.932616 0.884773 0.778074 0.701749 0.756815 0.821039 0.872932 0.829205 0.981751 0.947758 0.918989 0.856898 0.565887 0.639202 0.900799 0.877134 0.940084 0.918989 0.754020 0.926597 0.901453 0.857541 0.923234 0.973486 0.862061 0.995260 0.931014 0.902665 0.646088 0.797567 0.747482 0.748219 0.713801 0.559013 0.968808 0.960381 0.796388 0.909820 0.688279 0.813150 0.882331 0.874501 0.814844 0.782812 0.722595 0.891818 0.733743 0.933081 0.712722 0.820382 0.941250 0.792635 0.798546 0.854784 0.954570 0.966727 0.769146 0.919499 0.960106 0.898634 0.927672 0.870592
0.917018 0.803527 0.650498 0.793216 0.910831 0.724603 0.681634 0.880970 0.984425 0.855695 0.848628 0.822523 0.673676 0.557048 0.573636 0.000000 0.996631 0.956301 0.932604 0.993231 0.888568 0.951357 0.844756 0.713866 0.928725 0.969807 0.818030 0.942531 0.912929 0.813596 0.933478 0.766811 0.912130 0.855095 0.755017 0.943063 0.915016 0.851849 0.974163 0.914440 0.917144 0.734863 0.885013 0.905533 0.770285 0.829768 0.959243 0.898052 0.894153 0.974115 0.989823 0.958241 0.758857 0.774046 0.985800 0.842936 0.996846 0.834872 0.769255 0.959505 0.924012 0.951981 0.860157 0.876177 0.939247 0.899090 0.685830 0.799118 0.972903 0.972600 0.845212 0.904528 0.693538 0.842866 0.952448 0.798869 0.920463 0.806020 0.955770 0.913179 0.852077 0.827568 0.943624 0.913078 0.905116 0.995504 0.851513 0.853783 0.889402 0.832707 0.819437 0.867351 0.760269 0.831346 0.865559 0.759667 0.842621 0.815434 0.825410 0.818714 0.915283 0.952619 0.824541 0.851457 0.998936 0.811144 0.833160 0.882565 0.946940 0.987815 0.828089 0.791288 0.778550 0.924949 0.912957 0.994884
0.516232 0.665897 0.867607 0.996567 0.862190 0.898467 0.747396 0.751589 0.860397 0.688363 0.617315 0.652824 0.755504 0.880505 0.887861 0.996631 0.000000 0.479798 0.646683 0.621430 0.954688 0.886406 0.992667 0.830864 0.816005 0.836111 0.995172 0.923225 0.628649 0.603015 0.979858 0.969319 0.661194 0.713049 0.719131 0.918247 0.774751 0.844533 0.856433 0.850952 0.891433 0.909366 0.927780 0.992092 0.822914 0.767795 0.841838 0.824331 0.812692 0.962857 0.908417 0.864510 0.939264 0.964591 0.712613 0.771512 0.584605 0.594456 0.730386 0.987878 0.581737 0.654779 0.461469 0.456546 0.992730 0.955326 0.955671 0.986103 0.738748 0.702810 0.881781 0.840754 0.971072 0.983070 0.961714 0.902267 0.997896 0.970144 0.684228 0.926013 0.464646 0.510850 0.822900 0.568741 0.726748 0.817631 0.883329 0.919819 0.853645 0.756332 0.923328 0.803250 0.954706 0.783287 0.812515 0.825035 0.840751 0.931527 0.812450 0.897508 0.943055 0.758907 0.790012 0.870227 0.876007 0.940464 0.808130 0.993086 0.907683 0.958591 0.978216 0.830455 0.886589 0.975417 0.958179 0.889887
0.471989 0.640708 0.735800 0.801229 0.959083 0.953911 0.630020 0.636931 0.849506 0.600092 0.676347 0.667789 0.795514 0.861818 0.909886 0.956301 0.479798 0.000000 0.611637 0.648104 0.920653 0.880182 0.927427 0.824155 0.945263 0.930616 0.945367 0.982612 0.617409 0.531904 0.826303 0.965199 0.575411 0.588617 0.696029 0.831290 0.824421 0.875012 0.990168 0.915187 0.816619 0.888979 0.907437 0.871485 0.729680 0.695031 0.607450 0.702274 0.743824 0.939746 0.971561 0.908925 0.954858 0.922054 0.601928 0.673126 0.502352 0.625945 0.654757 0.867253 0.527610 0.610113 0.403143 0.428980 0.871376 0.856858 0.807387 0.838365 0.835636 0.687732 0.996289 0.900788 0.981634 0.910091 0.986264 0.882266 0.996761 0.976796 0.646284 0.955679 0.353762 0.397281 0.809064 0.517595 0.660835 0.695943 0.969272 0.959727 0.822627 0.610477 0.911058 0.812642 0.992054 0.818877 0.760712 0.774871 0.865169 0.998619 0.750270 0.793378 0.987712 0.795771 0.815412 0.818498 0.955612 0.771440 0.824752 0.926130 0.845268 0.891145 0.994940 0.816735 0.904573 0.923269 0.962156 0.875103
0.545620 0.622530 0.707820 0.761751 0.890457 0.974928 0.616407 0.652201 0.842780 0.616839 0.797061 0.669747 0.614906 0.690639 0.919484 0.932604 0.646683 0.611637 0.000000 0.591106 0.992454 0.965597 0.848032 0.958963 0.893217 0.950782 0.987290 0.962263 0.752335 0.736358 0.826593 0.901912 0.640323 0.651050 0.708360 0.923380 0.985768 0.780805 0.970463 0.963769 0.917772 0.995591 0.908515 0.851298 0.889336 0.725355 0.724663 0.787318 0.967058 0.982810 0.996106 0.956871 0.921893 0.979959 0.704887 0.714065 0.675406 0.667491 0.789375 0.788378 0.548531 0.613222 0.571731 0.609125 0.858020 0.735236 0.835932 0.836592 0.765324 0.719931 0.919702 0.975733 0.803945 0.902185 0.990446 0.991909 0.840669 0.796995 0.711638 0.986416 0.565771 0.580553 0.944224 0.762976 0.692181 0.746474 0.823111 0.982514 0.810396 0.790091 0.786300 0.969717 0.848635 0.942086 0.892033 0.822113 0.703184 0.942672 0.654191 0.700786 0.890846 0.828002 0.720329 0.891557 0.868870 0.778163 0.914882 0.822111 0.968988 0.894588 0.898857 0.809065 0.844460 0.851027 0.977609 0.793193
0.642391 0.719771 0.745845 0.740199 0.882478 0.888697 0.732349 0.652413 0.927561 0.662316 0.732077 0.691852 0.768995 0.736635 0.991007 0.993231 0.621430 0.648104 0.591106 0.000000 0.859804 0.923722 0.942905 0.913949 0.919418 0.854894 0.920506 0.800176 0.851627 0.821816 0.828014 0.986330 0.719582 0.679053 0.679450 0.985999 0.821142 0.983825 0.958360 0.862469 0.909640 0.953519 0.834274 0.808604 0.885445 0.760841 0.687468 0.634654 0.911910 0.880481 0.908324 0.838440 0.834219 0.836409 0.833538 0.691043 0.730123 0.619207 0.575217 0.556411 0.696114 0.648864 0.725131 0.674566 0.924597 0.700124 0.753287 0.707833 0.803457 0.620652 0.962758 0.919084 0.879427 0.831247 0.843417 0.925542 0.773965 0.985762 0.680097 0.967077 0.665804 0.699957 0.955124 0.832902 0.846379 0.909311 0.782415 0.885550 0.871644 0.683072 0.836097 0.955584 0.892583 0.933200 0.995180 0.701810 0.642908 0.899813 0.642117 0.806102 0.723735 0.827173 0.643600 0.802602 0.883896 0.793556 0.930278 0.846450 0.887139 0.984672 0.766304 0.839981 0.932378 0.937882 0.996519 0.994948
0.818084 0.915675 0.852468 0.822212 0.891176 0.927341 0.952479 0.963347 0.915193 0.960957 0.902781 0.940223 0.886925 0.947883 0.858693 0.888568 0.954688 0.920653 0.992454 0.859804 0.000000 0.921324 0.849818 0.793921 0.857101 0.851387 0.937695 0.923456 0.865692 0.794857 0.929297 0.936917 0.895300 0.919498 0.862696 0.993488 0.886366 0.901742 0.948902 0.990152 0.971787 0.957549 0.766698 0.791528 0.915833 0.920072 0.854831 0.834489 0.884990 0.908472 0.900994 0.961731 0.933136 0.933412 0.970693 0.937744 0.841932 0.968332 0.769939 0.939974 0.982947 0.958206 0.965840 0.956635 0.935522 0.971672 0.835010 0.863431 0.823784 0.892363 0.950352 0.984600 0.828192 0.793764 0.905818 0.996029 0.948052 0.962884 0.963666 0.909760 0.994705 0.956621 0.787782 0.881775 0.918757 0.881841 0.999266 0.912127 0.997312 0.820126 0.880109 0.945371 0.882713 0.874176 0.920761 0.755430 0.898752 0.968511 0.957591 0.907333 0.908472 0.996096 0.777899 0.802950 0.969537 0.849044 0.956359 0.959507 0.999333 0.997955 0.958950 0.807987 0.983918 0.924713 0.958515 0.803875
0.949420 0.903143 0.917943 0.841873 0.893368 0.766889 0.963741 0.996676 0.963196 0.906741 0.901962 0.871135 0.991185 0.959944 0.968433 0.951357 0.886406 0.880182 0.965597 0.923722 0.921324 0.000000 0.991524 0.964250 0.982356 0.916692 0.886224 0.737524 0.834997 0.836384 0.998775 0.922107 0.974444 0.993824 0.904919 0.944552 0.975543 0.943216 0.981049 0.874084 0.986516 0.762757 0.949870 0.989539 0.917491 0.897947 0.981612 0.982476 0.994548 0.906698 0.834319 0.846717 0.925788 0.923302 0.898684 0.958628 0.838438 0.929206 0.962112 0.814882 0.873729 0.972584 0.794895 0.818398 0.862061 0.838396 0.881626 0.855344 0.971890 0.956482 0.855652 0.817981 0.990436 0.951479 0.914503 0.966600 0.893742 0.995598 0.896656 0.933237 0.915070 0.907107 0.772995 0.812530 0.938233 0.945122 0.801116 0.890724 0.980262 0.955348 0.885367 0.924919 0.827524 0.804586 0.981183 0.998765 0.998827 0.882140 0.872071 0.878587 0.881838 0.800612 0.989672 0.972419 0.816254 0.810709 0.900022 0.861301 0.901058 0.958972 0.954394 0.842249 0.981826 0.971331 0.909362 0.991714
0.852273 0.953810 0.885457 0.994318 0.584863 0.900226 0.840654 0.881650 0.618421 0.932615 0.660467 0.710281 0.971419 0.962548 0.568244 0.844756 0.992667 0.927427 0.848032 0.942905 0.849818 0.991524 0.000000 0.460698 0.872477 0.994211 0.892747 0.832571 0.911429 0.834739 0.576452 0.583687 0.839956 0.902371 0.924574 0.942884 0.949070 0.909543 0.838035 0.860370 0.828526 0.844129 0.823322 0.818184 0.995918 0.948928 0.915196 0.867896 0.973440 0.800701 0.782210 0.638244 0.691858 0.643030 0.972309 0.931837 0.900606 0.876203 0.827123 0.977117 0.912351 0.893928 0.955365 0.947551 0.590379 0.909300 0.949947 0.967466 0.843648 0.816053 0.903086 0.989697 0.588892 0.742740 0.846308 0.990088 0.904669 0.883240 0.899890 0.977273 0.899859 0.763363 0.612508 0.748666 0.432990 0.574311 0.730778 0.523561 0.875697 0.876342 0.933744 0.791510 0.978103 0.958356 0.960798 0.968580 0.945101 0.837711 0.941446 0.876374 0.822690 0.970320 0.740373 0.838395 0.830479 0.970662 0.933696 0.966103 0.889168 0.994444 0.927197 0.947382 0.976306 0.992879 0.938674 0.792886
0.637563 0.920341 0.959895 0.965341 0.682858 0.947017 0.918304 0.767342 0.859157 0.768674 0.577476 0.744701 0.976245 0.894838 0.647661 0.713866 0.830864 0.824155 0.958963 0.913949 0.793921 0.964250 0.460698 0.000000 0.838048 0.932850 0.748716 0.924137 0.944530 0.988799 0.733056 0.570605 0.987418 0.758298 0.955819 0.925880 0.830164 0.955728 0.937072 0.903523 0.762051 0.877389 0.878732 0.892086 0.886889 0.836673 0.799418 0.867683 0.798481 0.923442 0.826423 0.693110 0.743137 0.614683 0.955495 0.848524 0.839031 0.895078 0.620442 0.909863 0.862516 0.815498 0.773482 0.672167 0.680826 0.850256 0.884076 0.968019 0.754263 0.743543 0.872881 0.962939 0.562907 0.698418 0.980881 0.882142 0.982419 0.930856 0.990634 0.858600 0.811840 0.943242 0.815403 0.934362 0.721498 0.673994 0.780811 0.638840 0.942443 0.875346 0.967892 0.825705 0.953623 0.899501 0.950207 0.874760 0.939107 0.825460 0.800095 0.896114 0.819026 0.990580 0.624166 0.773320 0.909659 0.869822 0.834028 0.971168 0.965432 0.945660 0.975046 0.831462 0.981147 0.945634 0.927326 0.947017
0.928778 0.969060 0.858913 0.837863 0.940175 0.968682 0.986489 0.829479 0.923826 0.650338 0.753166 0.745596 0.798893 0.942568 0.980895 0.928725 0.816005 0.945263 0.893217 0.919418 0.857101 0.982356 0.872477 0.838048 0.000000 0.514258 0.909851 0.766622 0.799598 0.818763 0.798729 0.772097 0.880738 0.874121 0.944812 0.661576 0.933384 0.845183 0.834817 0.955934 0.984946 0.850214 0.625170 0.655910 0.792160 0.847900 0.906015 0.857598 0.810705 0.761092 0.749007 0.769329 0.740428 0.727178 0.925508 0.988491 0.875524 0.903292 0.860687 0.833068 0.750916 0.679160 0.748065 0.629073 0.690202 0.968921 0.935690 0.893967 0.886157 0.920155 0.787533 0.816559 0.948476 0.971853 0.959225 0.962992 0.809410 0.899013 0.999460 0.812639 0.948037 0.963038 0.919591 0.935049 0.862023 0.809316 0.922489 0.898542 0.992566 0.887487 0.850942 0.741085 0.825001 0.701720 0.931411 0.836781 0.981722 0.986256 0.980387 0.881245 0.959414 0.902998 0.825835 0.967075 0.999181 0.979940 0.975996 0.895609 0.980831 0.964318 0.919840 0.960774 0.912272 0.998442 0.851147 0.831829
0.988025 0.901985 0.919530 0.855137 0.825466 0.865444 0.955964 0.892681 0.935409 0.695677 0.829917 0.780225 0.788823 0.948432 0.998811 0.969807 0.836111 0.930616 0.950782 0.854894 0.851387 0.916692 0.994211 0.932850 0.514258 0.000000 0.943515 0.731607 0.866311 0.841394 0.773767 0.900201 0.914442 0.918444 0.927423 0.725956 0.884289 0.850311 0.799669 0.960400 0.932229 0.822929 0.674379 0.709834 0.944870 0.909877 0.987988 0.811538 0.798722 0.872438 0.826047 0.912567 0.782544 0.694294 0.996336 0.975875 0.956494 0.880001 0.824113 0.818783 0.779313 0.775842 0.771864 0.711032 0.755640 0.994929 0.955984 0.944017 0.963107 0.882848 0.750165 0.834177 0.941532 0.920360 0.927929 0.991068 0.740853 0.780207 0.979971 0.831012 0.939000 0.915421 0.976681 0.961339 0.996459 0.844826 0.987880 0.985592 0.980721 0.882560 0.816512 0.745610 0.808323 0.669341 0.870186 0.921526 0.913892 0.910806 0.978813 0.876979 0.986866 0.805638 0.982514 0.877433 0.875323 0.895539 0.971644 0.932808 0.838367 0.970479 0.964626 0.832612 0.922696 0.986758 0.824560 0.798513
0.887499 0.991408 0.967663 0.997222 0.946733 0.811575 0.877072 0.893917 0.965884 0.843611 0.827059 0.952134 0.915004 0.847102 0.833433 0.818030 0.995172 0.945367 0.987290 0.920506 0.937695 0.886224 0.892747 0.748716 0.909851 0.943515 0.000000 0.855047 0.851059 0.872263 0.961979 0.746656 0.963469 0.855033 0.910592 0.919123 0.913331 0.875548 0.982254 0.981809 0.987188 0.973184 0.824456 0.883988 0.789009 0.738257 0.944062 0.974058 0.833048 0.845147 0.942179 0.996027 0.890340 0.867631 0.889443 0.860154 0.861429 0.916066 0.793772 0.907689 0.911772 0.975743 0.948966 0.864777 0.872129 0.910342 0.940105 0.926072 0.786141 0.841887 0.944324 0.934795 0.828499 0.869084 0.897087 0.933601 0.983178 0.997948 0.912728 0.821188 0.976336 0.926369 0.920186 0.941842 0.970276 0.775002 0.987016 0.921627 0.856175 0.922520 0.877468 0.937650 0.869673 0.984494 0.972860 0.932312 0.817461 0.770382 0.865561 0.832491 0.889450 0.887465 0.798233 0.892779 0.863357 0.992398 0.983378 0.925964 0.882478 0.979716 0.851077 0.908624 0.947582 0.854413 0.961196 0.904088
0.883227 0.854367 0.993252 0.987057 0.719454 0.728851 0.860864 0.878145 0.897647 0.769148 0.948963 0.931595 0.961349 0.924152 0.994229 0.942531 0.923225 0.982612 0.962263 0.800176 0.923456 0.737524 0.832571 0.924137 0.766622 0.731607 0.855047 0.000000 0.977485 0.928422 0.887710 0.969783 0.982079 0.957233 0.970765 0.941589 0.952405 0.900176 0.986509 0.924025 0.892611 0.963613 0.908961 0.943483 0.913722 0.900992 0.964643 0.937120 0.981401 0.918829 0.964088 0.928208 0.850029 0.924481 0.954425 0.948883 0.906985 0.916395 0.954321 0.899776 0.848674 0.893947 0.917777 0.858556 0.948876 0.999822 0.971474 0.912136 0.846380 0.933081 0.945764 0.916431 0.942810 0.774565 0.851402 0.947451 0.983734 0.901542 0.956176 0.878356 0.978376 0.937938 0.883852 0.925272 0.902847 0.980948 0.964289 0.902913 0.883488 0.907365 0.958412 0.967319 0.984651 0.907705 0.994939 0.978394 0.869122 0.949695 0.976232 0.975201 0.998482 0.922188 0.982901 0.915063 0.985381 0.868391 0.970699 0.976972 0.779433 0.949018 0.817672 0.938898 0.982905 0.946095 0.906366 0.838661
0.750041 0.887723 0.983843 0.858378 0.816195 0.883024 0.890980 0.904561 0.840237 0.794335 0.816475 0.875535 0.810958 0.905353 0.761880 0.912929 0.628649 0.617409 0.752335 0.851627 0.865692 0.834997 0.911429 0.944530 0.799598 0.866311 0.851059 0.977485 0.000000 0.488215 0.970133 0.877195 0.835429 0.796472 0.995147 0.923833 0.977673 0.738061 0.905705 0.855993 0.853700 0.978318 0.738479 0.810635 0.865869 0.946921 0.906473 0.937669 0.926837 0.805291 0.682617 0.746250 0.999997 0.915463 0.907761 0.775563 0.772631 0.847964 0.998984 0.937690 0.730986 0.732603 0.610331 0.634765 0.938838 0.964692 0.864522 0.844086 0.970192 0.895206 0.793289 0.792055 0.856206 0.869620 0.980930 0.992799 0.912344 0.979483 0.855341 0.998576 0.683250 0.685716 0.714963 0.629260 0.809651 0.850322 0.920522 0.840466 0.859344 0.873021 0.835355 0.650936 0.721351 0.606950 0.991306 0.957742 0.864912 0.907500 0.932242 0.962776 0.863757 0.689081 0.974291 0.903610 0.888190 0.903222 0.952832 0.763120 0.917889 0.950187 0.976351 0.983780 0.858141 0.923713 0.955577 0.761170
0.714336 0.782408 0.951563 0.918766 0.796210 0.953194 0.871466 0.809347 0.882960 0.774812 0.848175 0.740064 0.804435 0.851804 0.777158 0.813596 0.603015 0.531904 0.736358 0.821816 0.794857 0.836384 0.834739 0.988799 0.818763 0.841394 0.872263 0.928422 0.488215 0.000000 0.820938 0.871239 0.766515 0.719666 0.942260 0.899625 0.907747 0.847624 0.979579 0.988128 0.956742 0.948849 0.840154 0.854181 0.981049 0.964893 0.809972 0.946308 0.885307 0.941238 0.905332 0.870541 0.996808 0.965004 0.717666 0.807820 0.699303 0.701040 0.897788 0.982412 0.699206 0.692063 0.554595 0.564813 0.977572 0.966595 0.934041 0.953426 0.964811 0.944311 0.920350 0.954469 0.818987 0.869203 0.899195 0.991471 0.856309 0.917192 0.760222 0.900039 0.641006 0.587107 0.667628 0.557192 0.753718 0.805245 0.831150 0.849931 0.833843 0.834266 0.797204 0.646687 0.736063 0.608609 0.854380 0.926357 0.939197 0.880524 0.953272 0.958424 0.846410 0.727475 0.888635 0.954504 0.965416 0.944539 0.854228 0.860669 0.913877 0.958153 0.977192 0.958100 0.893061 0.946897 0.962421 0.804440
0.907557 0.934185 0.885402 0.905163 0.866515 0.995094 0.840865 0.998368 0.862883 0.930059 0.810210 0.784378 0.930187 0.981586 0.777615 0.933478 0.979858 0.826303 0.826593 0.828014 0.929297 0.998775 0.576452 0.733056 0.798729 0.773767 0.961979 0.887710 0.970133 0.820938 0.000000 0.666018 0.676484 0.959594 0.820198 0.818046 0.985176 0.791791 0.981783 0.965606 0.980190 0.901525 0.937050 0.972013 0.826297 0.805631 0.911340 0.780411 0.743533 0.659402 0.685834 0.643336 0.787425 0.695622 0.979140 0.915838 0.792002 0.780025 0.969563 0.913649 0.945297 0.944302 0.907341 0.973538 0.769542 0.930545 0.881981 0.819829 0.841918 0.866986 0.721347 0.892923 0.775994 0.808790 0.876467 0.998290 0.986837 0.995069 0.897662 0.975460 0.842097 0.775797 0.747542 0.771022 0.590871 0.704087 0.887437 0.754116 0.985691 0.887909 0.845018 0.828603 0.858781 0.906204 0.965187 0.976721 0.909335 0.923046 0.841714 0.780445 0.896661 0.954414 0.848262 0.941121 0.934221 0.873239 0.987320 0.901228 0.921149 0.977850 0.886483 0.996873 0.967003 0.927995 0.926544 0.851263
0.887230 0.992509 0.975072 0.927223 0.848651 0.875094 0.956669 0.833943 0.897987 0.907228 0.746888 0.784867 0.950983 0.877375 0.673816 0.766811 0.969319 0.965199 0.901912 0.986330 0.936917 0.922107 0.583687 0.570605 0.772097 0.900201 0.746656 0.969783 0.877195 0.871239 0.666018 0.000000 0.879674 0.928639 0.981274 0.748916 0.881192 0.987060 0.989299 0.991076 0.825169 0.961248 0.954566 0.974303 0.957374 0.912008 0.999741 0.973294 0.923817 0.952002 0.889108 0.762360 0.747991 0.736233 0.990351 0.979101 0.925452 0.943848 0.766340 0.953436 0.929201 0.843731 0.936157 0.850162 0.766885 0.900163 0.941347 0.956292 0.860312 0.807113 0.933567 0.990304 0.728710 0.744872 0.926058 0.833087 0.942397 0.980364 0.932798 0.834414 0.941673 0.900767 0.726606 0.897477 0.674043 0.730614 0.751087 0.618143 0.905538 0.931303 0.867986 0.971341 0.843174 0.963984 0.863463 0.968920 0.918661 0.830029 0.848194 0.959329 0.908915 0.911000 0.724345 0.843069 0.950016 0.895016 0.928712 0.959660 0.853620 0.911505 0.908710 0.845577 0.922901 0.908660 0.977425 0.863839
0.571845 0.663093 0.572388 0.660444 0.950311 0.948398 0.508968 0.629430 0.817328 0.665992 0.788347 0.845408 0.891143 0.951816 0.995833 0.912130 0.661194 0.575411 0.640323 0.719582 0.895300 0.974444 0.839956 0.987418 0.880738 0.914442 0.963469 0.982079 0.835429 0.766515 0.676484 0.879674 0.000000 0.580585 0.695676 0.838903 0.902587 0.949512 0.980084 0.929144 0.792012 0.837053 0.776041 0.731927 0.599729 0.553153 0.740336 0.680433 0.797147 0.845664 0.914212 0.970086 0.939712 0.982320 0.771646 0.836423 0.605239 0.721378 0.680512 0.822750 0.563010 0.693675 0.644192 0.685551 0.733399 0.719190 0.603616 0.623422 0.926975 0.850313 0.889544 0.981404 0.936411 0.870593 0.996915 0.887051 0.804656 0.900821 0.733494 0.874672 0.559781 0.589866 0.944847 0.747479 0.633339 0.705488 0.909956 0.968852 0.911085 0.770603 0.676695 0.866731 0.692087 0.907393 0.800203 0.736900 0.639633 0.866338 0.591417 0.672802 0.858255 0.908224 0.813214 0.705690 0.944108 0.690073 0.821519 0.808821 0.848749 0.850311 0.840604 0.697613 0.776421 0.808168 0.987410 0.931695
0.522196 0.744383 0.606130 0.594779 0.974124 0.990265 0.507557 0.412092 0.904175 0.531772 0.511906 0.587170 0.748018 0.956287 0.734957 0.855095 0.713049 0.588617 0.651050 0.679053 0.919498 0.993824 0.902371 0.758298 0.874121 0.918444 0.855033 0.957233 0.796472 0.719666 0.959594 0.928639 0.580585 0.000000 0.686467 0.839980 0.894215 0.971286 0.858560 0.695746 0.811110 0.916662 0.795458 0.838142 0.831622 0.699755 0.685497 0.735016 0.987889 0.863049 0.876643 0.791865 0.636133 0.613966 0.684494 0.639358 0.792187 0.830848 0.605034 0.619722 0.474841 0.447718 0.587433 0.529467 0.893780 0.615281 0.535685 0.530785 0.945330 0.647426 0.972170 0.943594 0.985576 0.986696 0.969198 0.958888 0.862495 0.821350 0.749988 0.938533 0.615066 0.609185 0.876072 0.818512 0.852643 0.883002 0.891958 0.772003 0.862209 0.742517 0.778210 0.921406 0.758384 0.938546 0.801940 0.784102 0.662319 0.851450 0.521652 0.694161 0.775956 0.953868 0.682079 0.765248 0.864694 0.720914 0.804878 0.847136 0.863744 0.868927 0.753169 0.715834 0.832714 0.873519 0.919138 0.902899
0.661786 0.832734 0.655720 0.632726 0.953286 0.914195 0.615491 0.701976 0.919467 0.776104 0.759800 0.849481 0.945115 0.954687 0.877024 0.755017 0.719131 0.696029 0.708360 0.679450 0.862696 0.904919 0.924574 0.955819 0.944812 0.927423 0.910592 0.970765 0.995147 0.942260 0.820198 0.981274 0.695676 0.686467 0.000000 0.896662 0.891405 0.903764 0.952228 0.854483 0.900475 0.828555 0.822948 0.846807 0.761937 0.702824 0.805034 0.682812 0.851260 0.901365 0.860214 0.921598 0.948433 0.998797 0.820651 0.681698 0.812798 0.852551 0.784784 0.843096 0.699408 0.796050 0.738023 0.732575 0.776632 0.814529 0.687680 0.736825 0.829833 0.763273 0.868304 0.832228 0.971374 0.976367 0.993901 0.939564 0.940804 0.980085 0.733718 0.903318 0.598529 0.622914 0.964218 0.705143 0.704597 0.723463 0.814410 0.973840 0.929114 0.700276 0.692197 0.755352 0.672794 0.849247 0.855095 0.741593 0.698253 0.776489 0.650086 0.675620 0.956772 0.947574 0.764640 0.751159 0.986598 0.727968 0.937701 0.714272 0.768924 0.923745 0.839380 0.839759 0.934747 0.883675 0.854175 0.963104
0.902272 0.900579 0.816666 0.821368 0.926907 0.974034 0.892632 0.911067 0.903008 0.867953 0.956191 0.973907 0.908352 0.999411 0.934157 0.943063 0.918247 0.831290 0.923380 0.985999 0.993488 0.944552 0.942884 0.925880 0.661576 0.725956 0.919123 0.941589 0.923833 0.899625 0.818046 0.748916 0.838903 0.839980 0.896662 0.000000 0.760695 0.908701 0.911523 0.747403 0.956487 0.851770 0.810057 0.871651 0.895634 0.941034 0.834249 0.790680 0.915173 0.970942 0.878581 0.949128 0.954066 0.912647 0.823650 0.829943 0.844308 0.993039 0.956623 0.974550 0.970809 0.997671 0.982028 0.967716 0.700376 0.810279 0.813982 0.725818 0.852825 0.969260 0.839326 0.855675 0.974361 0.977382 0.931385 0.940770 0.877512 0.875325 0.830686 0.853271 0.892395 0.855984 0.992565 0.961888 0.853090 0.812251 0.964978 0.977346 0.940417 0.801578 0.983238 0.985508 0.932429 0.876535 0.797559 0.989363 0.985117 0.996796 0.891443 0.899808 0.972914 0.899515 0.925999 0.950961 0.994737 0.836046 0.821404 0.957817 0.938981 0.980558 0.983496 0.947830 0.896742 0.969488 0.867674 0.916588
0.887733 0.918205 0.923906 0.961728 0.991004 0.990880 0.964114 0.975892 0.984030 0.972950 0.876190 0.973031 0.887078 0.903650 0.983268 0.915016 0.774751 0.824421 0.985768 0.821142 0.886366 0.975543 0.949070 0.830164 0.933384 0.884289 0.913331 0.952405 0.977673 0.907747 0.985176 0.881192 0.902587 0.894215 0.891405 0.760695 0.000000 0.834747 0.987575 0.943151 0.935669 0.814777 0.983734 0.965519 0.994367 0.937401 0.934946 0.886392 0.842179 0.956304 0.937587 0.941866 0.929908 0.989452 0.795486 0.894526 0.789148 0.811607 0.792621 0.911809 0.997160 0.991239 0.895394 0.899164 0.923505 0.969064 0.941128 0.913862 0.920033 0.989866 0.965015 0.973800 0.851618 0.948377 0.906912 0.806668 0.983652 0.968120 0.758454 0.947991 0.836566 0.926956 0.921654 0.848382 0.941041 0.991476 0.951099 0.944480 0.958753 0.747555 0.931766 0.921079 0.931238 0.983948 0.929522 0.956740 0.890234 0.999457 0.893475 0.947330 0.999174 0.930105 0.799996 0.950278 0.931951 0.735523 0.875280 0.962189 0.917821 0.960443 0.901612 0.839913 0.996000 0.941108 0.806636 0.936964
0.953605 0.939856 0.957579 0.990749 0.764919 0.908650 0.887991 0.860522 0.786916 0.843537 0.928951 0.784282 0.727733 0.865848 0.831413 0.851849 0.844533 0.875012 0.780805 0.983825 0.901742 0.943216 0.909543 0.955728 0.845183 0.850311 0.875548 0.900176 0.738061 0.847624 0.791791 0.987060 0.949512 0.971286 0.903764 0.908701 0.834747 0.000000 0.962951 0.968188 0.922189 0.753726 0.874870 0.875479 0.916028 0.876241 0.981938 0.875760 0.789817 0.781583 0.711485 0.751473 0.963791 0.941894 0.967394 0.982919 0.953452 0.949744 0.880514 0.871352 0.727316 0.784565 0.827642 0.832170 0.902792 0.920052 0.865535 0.817688 0.995552 0.838850 0.803272 0.851639 0.829786 0.984973 0.889316 0.963928 0.959772 0.938126 0.908549 0.966877 0.878301 0.868204 0.903464 0.929444 0.927198 0.842358 0.934672 0.981608 0.865055 0.984952 0.926449 0.854380 0.844934 0.802682 0.889102 0.990353 0.936910 0.903399 0.941926 0.889378 0.943348 0.843138 0.942101 0.802089 0.919070 0.817895 0.926984 0.818537 0.942548 0.997401 0.996713 0.976900 0.967209 0.874482 0.912335 0.800802
