0.000000 0.293738 0.999312 0.782194 0.968925 0.784772 0.990297 0.850061 0.859903 0.909576 0.524477 0.387997 0.444711 0.461675 0.700263 0.555394 0.423230 0.400335 0.403666 0.337369 0.921080 0.712416 0.773768 0.775074 0.806301 0.825278 0.760614 0.950996 0.673276 0.580842 0.902543 0.925985 0.833278 0.819414 0.936130 0.960506 0.720044 0.585327 0.905498 0.624887 0.754746 0.920299 0.812415 0.716918 0.952109 0.809784 0.568443 0.631365 0.727288 0.478353 0.683920 0.478722 0.795274 0.920652 0.738871 0.715229 0.366822 0.317556 0.598032 0.523157 0.831149 0.858565 0.656819 0.545937 0.947412 0.925594 0.893385 0.942784 0.354322 0.382530 0.949085 0.994924 0.867140 0.712884 0.757698 0.919536 0.788062 0.918626 0.619363 0.564230 0.328724 0.310135 0.480835 0.407324 0.580833 0.702555 0.778512 0.814219 0.897981 0.600185 0.960793 0.983744 0.863363 0.961794 0.991035 0.933267 0.863784 0.918607 0.794329 0.873509 0.838668 0.915318 0.643906 0.770841 0.921416 0.925164 0.954242 0.980219 0.887498 0.781130 0.964049 0.982606 0.969587 0.827600 0.811667 0.930589
0.293738 0.000000 0.991190 0.832980 0.909259 0.719219 0.947115 0.883017 0.875247 0.910930 0.553955 0.428144 0.550791 0.534137 0.811934 0.612943 0.413786 0.360982 0.386507 0.356404 0.879846 0.777315 0.808124 0.835971 0.804516 0.785614 0.788260 0.863815 0.644044 0.626196 0.895617 0.903603 0.839117 0.771548 0.926418 0.980299 0.823256 0.554256 0.951678 0.669237 0.843515 0.953609 0.697268 0.600362 0.905797 0.679471 0.559621 0.614139 0.603206 0.382339 0.560410 0.406111 0.691601 0.871857 0.818093 0.746754 0.250919 0.239939 0.591265 0.495112 0.866879 0.896373 0.659529 0.547239 0.925772 0.864788 0.908314 0.942756 0.478348 0.400044 0.937499 0.957948 0.998877 0.778702 0.857179 0.948909 0.779093 0.875354 0.611881 0.550298 0.344097 0.349978 0.531128 0.405238 0.602498 0.729427 0.891122 0.823147 0.917034 0.667016 0.932602 0.976862 0.883388 0.919493 0.924860 0.993247 0.983622 0.875709 0.835075 0.832620 0.889526 0.919408 0.599635 0.781526 0.974302 0.972718 0.975017 0.977704 0.978267 0.730949 0.800884 0.919592 0.859731 0.665136 0.793420 0.933870
0.999312 0.991190 0.000000 0.400411 0.907859 0.826111 0.435359 0.451217 0.466538 0.873349 0.898394 0.963254 0.790559 0.835016 0.955484 0.874433 0.874937 0.854291 0.816822 0.962521 0.924875 0.984307 0.647469 0.770751 0.639783 0.508411 0.836062 0.898529 0.903506 0.921870 0.669355 0.720619 0.629975 0.680281 0.755928 0.831103 0.756899 0.995836 0.934449 0.974505 0.944154 0.974382 0.681969 0.715318 0.725795 0.753154 0.653670 0.753258 0.859496 0.952637 0.933690 0.915188 0.824499 0.825829 0.914991 0.920796 0.999787 0.883710 0.876192 0.897134 0.477409 0.506321 0.923955 0.929916 0.422354 0.359918 0.545200 0.504666 0.990590 0.935957 0.729238 0.700259 0.760494 0.778476 0.897609 0.876335 0.781837 0.812990 0.912385 0.900477 0.837310 0.903982 0.988149 0.853577 0.841347 0.713803 0.959569 0.917342 0.941539 0.974482 0.589730 0.789835 0.631952 0.825102 0.880596 0.957834 0.836626 0.944242 0.642193 0.677886 0.665338 0.906696 0.980164 0.822904 0.672454 0.898440 0.859924 0.828334 0.750942 0.915387 0.789433 0.836751 0.753510 0.872011 0.747108 0.989238
0.782194 0.832980 0.400411 0.000000 0.931968 0.878224 0.544819 0.383031 0.517819 0.817296 0.854111 0.752023 0.613118 0.614239 0.769590 0.610260 0.975413 0.987072 0.660909 0.784575 0.986701 0.845579 0.455072 0.608026 0.658018 0.615076 0.941550 0.985672 0.996665 0.943881 0.691016 0.595514 0.640350 0.685313 0.778396 0.839106 0.719088 0.911517 0.893720 0.861386 0.904219 0.990808 0.568628 0.538209 0.756572 0.643843 0.527761 0.574456 0.986737 0.761058 0.707534 0.676299 0.686508 0.641614 0.867043 0.996708 0.872949 0.957078 0.730784 0.754232 0.539840 0.463004 0.998113 0.882636 0.507586 0.450201 0.624443 0.583014 0.836434 0.906262 0.679774 0.675044 0.779315 0.809445 0.859147 0.953577 0.697713 0.789879 0.882630 0.815738 0.915689 0.905623 0.823376 0.904329 0.778809 0.657121 0.847015 0.971947 0.743441 0.856095 0.568931 0.744707 0.657423 0.784365 0.891793 0.900026 0.711351 0.848281 0.538775 0.582913 0.606667 0.864929 0.904546 0.757869 0.586939 0.744748 0.912072 0.689521 0.670400 0.832972 0.752118 0.827354 0.734358 0.794314 0.638360 0.984737
0.968925 0.909259 0.907859 0.931968 0.000000 0.901495 0.921412 0.926369 0.931415 0.967027 0.925629 0.969599 0.947322 0.997957 0.925781 0.940372 0.969392 0.968721 0.981220 0.905908 0.981100 0.956467 0.937873 0.981158 0.928837 0.993077 0.895252 0.926722 0.982932 0.971643 0.874525 0.905906 0.938608 0.973280 0.878582 0.898237 0.973582 0.887374 0.935131 0.904106 0.905479 0.885867 0.921191 0.919120 0.859027 0.869961 0.977567 0.882236 0.831945 0.884387 0.839113 0.915436 0.964166 0.990742 0.918430 0.833485 0.902669 0.911288 0.948437 0.958444 0.865029 0.993344 0.904170 0.952591 0.928209 0.906278 0.905003 0.955231 0.896502 0.971178 0.903214 0.912336 0.999830 0.928055 0.902872 0.990741 0.966021 0.941288 0.843491 0.922087 0.995852 0.959042 0.931840 0.877006 0.979631 0.940630 0.916048 0.995487 0.834028 0.876048 0.979842 0.984265 0.948863 0.939035 0.864398 0.939368 0.887428 0.872644 0.976425 0.968319 0.987196 0.996653 0.914459 0.852518 0.953046 0.820262 0.885263 0.968750 0.941453 0.956906 0.933158 0.930989 0.964409 0.820112 0.928701 0.949051
0.784772 0.719219 0.826111 0.878224 0.901495 0.000000 0.974812 0.859940 0.782994 0.944720 0.699339 0.854541 0.971894 0.947998 0.857465 0.838394 0.645785 0.610902 0.696624 0.827285 0.845751 0.883944 0.894505 0.771885 0.802018 0.637059 0.861358 0.734895 0.724238 0.809378 0.919533 0.976043 0.957426 0.947678 0.897011 0.986747 0.860490 0.825817 0.822042 0.886352 0.974491 0.973803 0.954124 0.912504 0.942742 0.926161 0.966204 0.981046 0.953553 0.922272 0.966783 0.987699 0.803809 0.836563 0.760875 0.871769 0.591301 0.653170 0.798112 0.902298 0.896957 0.731982 0.698695 0.772764 0.798470 0.645737 0.859809 0.836051 0.880288 0.870065 0.780527 0.893492 0.804133 0.929470 0.904213 0.984161 0.962031 0.949817 0.829398 0.949012 0.751745 0.865769 0.758428 0.803165 0.881418 0.787089 0.938562 0.995551 0.969757 0.936467 0.699923 0.800728 0.714436 0.863561 0.963928 0.850534 0.683807 0.872815 0.918975 0.943281 0.864326 0.959872 0.798811 0.996641 0.905287 0.933444 0.808650 0.989696 0.978239 0.916548 0.926143 0.966750 0.892330 0.942824 0.968528 0.924817
0.990297 0.947115 0.435359 0.544819 0.921412 0.974812 0.000000 0.348791 0.547887 0.647250 0.739521 0.775355 0.924413 0.914461 0.916645 0.989937 0.874441 0.950355 0.710724 0.912931 0.936037 0.845644 0.719375 0.926574 0.935707 0.754167 0.644871 0.687561 0.780221 0.782120 0.461157 0.531276 0.394610 0.402778 0.759058 0.719557 0.879575 0.984674 0.890950 0.929786 0.947727 0.992049 0.504954 0.551249 0.435275 0.485782 0.592952 0.624217 0.839360 0.822276 0.710718 0.805571 0.739618 0.689169 0.916443 0.893697 0.954022 0.976939 0.572946 0.713003 0.341095 0.497022 0.700216 0.699525 0.798131 0.615452 0.304786 0.333058 0.940480 0.901397 0.746789 0.688568 0.726892 0.816980 0.967138 0.805848 0.668584 0.609604 0.926689 0.847640 0.945425 0.857228 0.973055 0.878322 0.917520 0.998660 0.823291 0.726940 0.862987 0.758664 0.754066 0.984517 0.837431 0.982955 0.849355 0.869280 0.922521 0.689879 0.499967 0.565528 0.492726 0.779087 0.737535 0.593105 0.675585 0.756583 0.866159 0.746171 0.805723 0.835253 0.702580 0.802069 0.657109 0.752028 0.598176 0.921830
0.850061 0.883017 0.451217 0.383031 0.926369 0.859940 0.348791 0.000000 0.522858 0.530668 0.675958 0.613371 0.752248 0.741010 0.915908 0.767019 0.842336 0.912843 0.605231 0.764520 0.938515 0.971517 0.624105 0.955526 0.914602 0.763464 0.781085 0.870040 0.779415 0.733998 0.508417 0.528414 0.427849 0.377317 0.853946 0.833254 0.689785 0.879635 0.975917 0.983767 0.856387 0.891240 0.444098 0.437755 0.536390 0.486553 0.447014 0.472618 0.827622 0.734057 0.648979 0.675556 0.737004 0.583648 0.958606 0.949121 0.929405 0.975840 0.559668 0.677579 0.373494 0.329547 0.753006 0.646174 0.802071 0.536420 0.450289 0.399209 0.873575 0.951629 0.586623 0.604535 0.695546 0.810639 0.903129 0.903072 0.654904 0.616385 0.865782 0.803665 0.891825 0.934070 0.964202 0.967469 0.937608 0.939640 0.890987 0.714227 0.946463 0.830333 0.701005 0.931913 0.861114 0.973356 0.891312 0.788042 0.770153 0.705278 0.457954 0.455668 0.457782 0.837798 0.687479 0.544632 0.572497 0.717756 0.957544 0.651841 0.737780 0.732031 0.721722 0.754362 0.623977 0.701955 0.621770 0.959798
0.859903 0.875247 0.466538 0.517819 0.931415 0.782994 0.547887 0.522858 0.000000 0.668949 0.981913 0.976010 0.979634 0.879048 0.872280 0.881826 0.854020 0.780097 0.876429 0.950313 0.970999 0.902724 0.663959 0.897392 0.778316 0.485135 0.819188 0.889884 0.965525 0.866818 0.617839 0.689528 0.622001 0.696619 0.675933 0.882693 0.745990 0.966052 0.873812 0.953700 0.874101 0.835924 0.572836 0.655198 0.568476 0.677631 0.661654 0.797015 0.948711 0.941724 0.795980 0.896793 0.747171 0.561201 0.949825 0.990969 0.911418 0.778827 0.889458 0.990439 0.565040 0.500826 0.883010 0.952050 0.597098 0.520205 0.470751 0.559545 0.866347 0.775299 0.600517 0.580768 0.666435 0.818247 0.991140 0.931469 0.756086 0.805439 0.993439 0.951300 0.758614 0.767848 0.949233 0.781515 0.908459 0.842451 0.922154 0.923318 0.905509 0.974982 0.500448 0.699280 0.581664 0.752186 0.822128 0.964980 0.715436 0.784330 0.506765 0.535964 0.606456 0.888140 0.874047 0.744078 0.686860 0.715296 0.816596 0.647521 0.796877 0.778934 0.780135 0.764203 0.661420 0.786251 0.855525 0.860330
0.909576 0.910930 0.873349 0.817296 0.967027 0.944720 0.647250 0.530668 0.668949 0.000000 0.730419 0.775632 0.834885 0.892891 0.915831 0.903772 0.897312 0.971130 0.827999 0.950032 0.832046 0.797538 0.936260 0.635710 0.796742 0.975812 0.722127 0.827438 0.653094 0.722307 0.513190 0.620275 0.590067 0.539224 0.846754 0.944563 0.735123 0.809928 0.993702 0.976797 0.930087 0.717847 0.558229 0.591535 0.527609 0.528115 0.754111 0.663696 0.679361 0.876168 0.803087 0.963335 0.879292 0.626862 0.880497 0.947175 0.924638 0.879979 0.743180 0.920664 0.666560 0.546929 0.794471 0.678919 0.826249 0.947202 0.664246 0.629451 0.955557 0.884059 0.591842 0.617104 0.677046 0.727295 0.952440 0.878383 0.698538 0.624130 0.887432 0.916799 0.980125 0.696260 0.836163 0.800736 0.650636 0.660732 0.627946 0.599015 0.904914 0.689726 0.944449 0.827712 0.879642 0.797621 0.974937 0.785132 0.858867 0.683278 0.580266 0.512675 0.616940 0.863289 0.634627 0.635393 0.749771 0.745905 0.983186 0.606765 0.880664 0.713966 0.823587 0.641590 0.672299 0.829293 0.931135 0.986330
0.524477 0.553955 0.898394 0.854111 0.925629 0.699339 0.739521 0.675958 0.981913 0.730419 0.000000 0.436825 0.780922 0.755174 0.951616 0.833678 0.388678 0.380848 0.437453 0.442376 0.856073 0.972810 0.891648 0.892662 0.951205 0.745082 0.902751 0.756443 0.423283 0.378439 0.726561 0.713929 0.611830 0.492956 0.981313 0.932449 0.875513 0.698795 0.995648 0.853076 0.870805 0.817264 0.837457 0.705348 0.902514 0.747143 0.676351 0.700574 0.826701 0.702663 0.900786 0.777423 0.968484 0.935737 0.959550 0.972399 0.532213 0.562249 0.548095 0.542212 0.656242 0.806635 0.397584 0.377340 0.792136 0.879441 0.843353 0.807860 0.526278 0.613951 0.829129 0.964228 0.705363 0.610060 0.835661 0.933537 0.730422 0.729984 0.631876 0.797335 0.519082 0.734551 0.687087 0.687212 0.994150 0.915011 0.884732 0.893934 0.858191 0.950132 0.786244 0.739030 0.627711 0.722145 0.992547 0.873525 0.991160 0.681398 0.785146 0.765335 0.933294 0.887336 0.597050 0.573521 0.954192 0.814010 0.912035 0.881208 0.935969 0.765056 0.933742 0.936072 0.756296 0.850912 0.818642 0.889569
0.387997 0.428144 0.963254 0.752023 0.969599 0.854541 0.775355 0.613371 0.976010 0.775632 0.436825 0.000000 0.514095 0.505043 0.746331 0.588530 0.364401 0.375661 0.404578 0.336638 0.902424 0.834439 0.755566 0.962498 0.942265 0.832908 0.915892 0.783395 0.476237 0.374453 0.762911 0.710421 0.578430 0.543087 0.912501 0.978207 0.708016 0.606240 0.943812 0.708513 0.740692 0.756092 0.666700 0.566200 0.820187 0.642342 0.531751 0.537041 0.646702 0.536062 0.588847 0.498508 0.742553 0.742291 0.870531 0.842693 0.504281 0.424720 0.542155 0.526335 0.629540 0.654894 0.450216 0.330058 0.791273 0.930892 0.901456 0.864944 0.419918 0.493416 0.768472 0.792347 0.767652 0.753351 0.859122 0.974579 0.732926 0.746278 0.576823 0.631428 0.332769 0.516361 0.569710 0.546510 0.833159 0.894630 0.975361 0.916930 0.991165 0.849099 0.929336 0.888678 0.777048 0.761796 0.965193 0.725007 0.872714 0.717000 0.715461 0.762247 0.876226 0.865138 0.565532 0.525069 0.792285 0.773394 0.917626 0.880337 0.844919 0.697767 0.866064 0.902555 0.889637 0.711860 0.777587 0.893155
0.444711 0.550791 0.790559 0.613118 0.947322 0.971894 0.924413 0.752248 0.979634 0.834885 0.780922 0.514095 0.000000 0.300911 0.414390 0.380861 0.662002 0.632965 0.578339 0.536623 0.859973 0.709912 0.495759 0.563946 0.723361 0.954824 0.818737 0.985476 0.858160 0.755033 0.972527 0.868918 0.758768 0.929231 0.858902 0.971105 0.801627 0.861742 0.940836 0.767844 0.786435 0.935768 0.845383 0.778854 0.901013 0.937640 0.612895 0.755738 0.991149 0.729006 0.719939 0.523175 0.738533 0.811131 0.819300 0.818670 0.651429 0.580717 0.776874 0.689719 0.695348 0.709701 0.802235 0.708883 0.763589 0.774599 0.959256 0.968913 0.582946 0.548175 0.806884 0.873232 0.834778 0.816719 0.745471 0.863643 0.839775 0.962490 0.773476 0.653711 0.569084 0.495765 0.537853 0.611868 0.491153 0.530604 0.720606 0.825615 0.767617 0.596515 0.819819 0.822944 0.901619 0.896725 0.948257 0.802800 0.797371 0.947088 0.856389 0.920797 0.951968 0.870758 0.951417 0.749759 0.812141 0.915195 0.944829 0.969291 0.770947 0.922173 0.927259 0.991109 0.982713 0.818573 0.740391 0.916010
0.461675 0.534137 0.835016 0.614239 0.997957 0.947998 0.914461 0.741010 0.879048 0.892891 0.755174 0.505043 0.300911 0.000000 0.398834 0.294696 0.599449 0.591226 0.541822 0.514755 0.937105 0.763955 0.425434 0.513931 0.689011 0.879866 0.890725 0.919164 0.796365 0.705667 0.921701 0.752355 0.684887 0.881104 0.893962 0.936003 0.757188 0.788699 0.891519 0.754746 0.792743 0.899980 0.756583 0.695230 0.993092 0.884362 0.574815 0.776033 0.924770 0.709112 0.631333 0.501749 0.553688 0.661502 0.839631 0.812019 0.610781 0.581682 0.807494 0.745398 0.689854 0.666182 0.792910 0.669579 0.818372 0.791658 0.988963 0.999688 0.589432 0.591049 0.731778 0.778260 0.796574 0.856679 0.749770 0.905064 0.820335 0.966985 0.645852 0.670316 0.526525 0.533559 0.481007 0.588827 0.475387 0.503986 0.712524 0.909755 0.749676 0.581769 0.782454 0.824639 0.897267 0.890127 0.937901 0.882176 0.778725 0.916722 0.794751 0.878882 0.972030 0.849298 0.862323 0.671666 0.846956 0.803119 0.888800 0.899014 0.841407 0.828432 0.895365 0.994857 0.939870 0.755669 0.756606 0.992650
0.700263 0.811934 0.955484 0.769590 0.925781 0.857465 0.916645 0.915908 0.872280 0.915831 0.951616 0.746331 0.414390 0.398834 0.000000 0.358377 0.760373 0.817101 0.810066 0.756579 0.936624 0.811121 0.477615 0.577356 0.725772 0.914564 0.811257 0.864548 0.906583 0.850122 0.920143 0.785363 0.844461 0.952199 0.959369 0.974895 0.860039 0.971602 0.883619 0.853364 0.806493 0.949960 0.897843 0.880853 0.853819 0.966146 0.699397 0.877029 0.908266 0.917256 0.815135 0.663243 0.736295 0.769782 0.840552 0.821078 0.844655 0.811810 0.904629 0.848970 0.816235 0.782831 0.919110 0.842509 0.755355 0.821157 0.900712 0.901324 0.679971 0.759991 0.757344 0.876097 0.861492 0.882833 0.852303 0.814437 0.892748 0.969442 0.733230 0.746118 0.762998 0.744294 0.579374 0.773992 0.525181 0.550571 0.809431 0.856388 0.674497 0.667522 0.873479 0.900743 0.969752 0.909824 0.916368 0.836963 0.790623 0.967203 0.941782 0.982355 0.880637 0.952398 0.957941 0.841102 0.791230 0.814631 0.804271 0.902970 0.749897 0.912592 0.997290 0.992964 0.956331 0.992164 0.840734 0.915876
0.555394 0.612943 0.874433 0.610260 0.940372 0.838394 0.989937 0.767019 0.881826 0.903772 0.833678 0.588530 0.380861 0.294696 0.358377 0.000000 0.705908 0.706937 0.682127 0.614547 0.986535 0.762367 0.418693 0.456072 0.677134 0.854193 0.861213 0.839001 0.860339 0.747477 0.904062 0.745025 0.767283 0.886494 0.994664 0.985744 0.834829 0.838723 0.834100 0.821436 0.843546 0.908839 0.761544 0.709385 0.968859 0.848115 0.554870 0.711751 0.949522 0.715404 0.622427 0.481122 0.598616 0.713087 0.784472 0.788828 0.705315 0.676151 0.805124 0.698352 0.748536 0.657028 0.897777 0.754577 0.747339 0.731937 0.978396 0.981343 0.661659 0.635747 0.797679 0.908796 0.891035 0.861699 0.796281 0.828394 0.897052 0.960846 0.661587 0.691800 0.627569 0.611046 0.477915 0.592849 0.497389 0.443120 0.775841 0.876715 0.667037 0.626127 0.842993 0.878471 0.959670 0.997370 0.941478 0.862443 0.795762 0.900286 0.894176 0.896150 0.952212 0.982248 0.959178 0.772276 0.819243 0.795730 0.871550 0.943820 0.810802 0.866224 0.878853 0.967000 0.948694 0.800180 0.717642 0.979647
0.423230 0.413786 0.874937 0.975413 0.969392 0.645785 0.874441 0.842336 0.854020 0.897312 0.388678 0.364401 0.662002 0.599449 0.760373 0.705908 0.000000 0.257347 0.406985 0.387060 0.817606 0.958728 0.835374 0.918183 0.990325 0.602706 0.925750 0.813390 0.366121 0.327653 0.871083 0.783953 0.670834 0.601393 0.857134 0.933805 0.907742 0.701551 0.932037 0.826072 0.878271 0.857540 0.797250 0.668733 0.921729 0.761658 0.659190 0.703684 0.702880 0.615172 0.736271 0.613311 0.859664 0.924701 0.977565 0.870712 0.411115 0.361850 0.512861 0.538774 0.769892 0.924656 0.343840 0.299633 0.688954 0.685670 0.996023 0.990575 0.457070 0.511360 0.935648 0.956718 0.818201 0.730604 0.877545 0.916318 0.769449 0.731800 0.453310 0.649337 0.318111 0.570315 0.531930 0.536522 0.883561 0.971071 0.925473 0.959831 0.950872 0.890769 0.697585 0.705236 0.579815 0.695620 0.869203 0.866287 0.922257 0.707637 0.849798 0.899157 0.950229 0.967578 0.584721 0.626038 0.969192 0.847778 0.962392 0.936910 0.904225 0.717167 0.906399 0.956378 0.876501 0.811356 0.738880 0.788270
0.400335 0.360982 0.854291 0.987072 0.968721 0.610902 0.950355 0.912843 0.780097 0.971130 0.380848 0.375661 0.632965 0.591226 0.817101 0.706937 0.257347 0.000000 0.379214 0.377003 0.840696 0.898461 0.814937 0.997807 0.943055 0.599316 0.878065 0.812036 0.411179 0.371220 0.952757 0.829308 0.731261 0.688317 0.846974 0.944616 0.951340 0.664246 0.912020 0.767631 0.840593 0.833405 0.882328 0.708264 0.967527 0.831279 0.735229 0.751901 0.766702 0.618492 0.781811 0.647957 0.869314 0.968485 0.993909 0.886185 0.348055 0.307962 0.581322 0.570694 0.865703 0.980781 0.367234 0.323587 0.696177 0.637244 0.910750 0.882223 0.445935 0.458047 0.940813 0.981165 0.888992 0.765602 0.822471 0.951736 0.853708 0.818866 0.484951 0.723493 0.325648 0.510669 0.491636 0.462245 0.837657 0.982490 0.995889 0.970067 0.966628 0.825980 0.727483 0.772179 0.617716 0.776106 0.936728 0.889642 0.927048 0.732488 0.906201 0.938666 0.869608 0.932940 0.587110 0.674555 0.952025 0.911036 0.929113 0.985318 0.982658 0.769155 0.906261 0.992474 0.882123 0.763421 0.817942 0.817931
0.403666 0.386507 0.816822 0.660909 0.981220 0.696624 0.710724 0.605231 0.876429 0.827999 0.437453 0.404578 0.578339 0.541822 0.810066 0.682127 0.406985 0.379214 0.000000 0.374174 0.888071 0.833376 0.699928 0.892708 0.870182 0.878815 0.891403 0.772680 0.538960 0.551847 0.836376 0.662795 0.567961 0.563474 0.970677 0.961671 0.708153 0.608528 0.990999 0.792129 0.750803 0.861841 0.599037 0.481929 0.806826 0.609230 0.494074 0.544683 0.696114 0.497186 0.655759 0.537537 0.777507 0.768539 0.936960 0.902364 0.368254 0.411130 0.539064 0.569773 0.659809 0.739421 0.534149 0.437498 0.950647 0.964466 0.876396 0.858394 0.506739 0.572706 0.795936 0.842613 0.837292 0.771962 0.871049 0.949085 0.709816 0.759664 0.567195 0.618409 0.447611 0.575999 0.543018 0.538271 0.788946 0.899636 0.971100 0.977163 0.960914 0.846254 0.993023 0.949778 0.880726 0.924088 0.867958 0.853817 0.903232 0.764108 0.617599 0.687999 0.918954 0.768891 0.510343 0.658176 0.827972 0.905236 0.890505 0.758968 0.931680 0.601368 0.778321 0.889678 0.766045 0.618193 0.744162 0.910866
0.337369 0.356404 0.962521 0.784575 0.905908 0.827285 0.912931 0.764520 0.950313 0.950032 0.442376 0.336638 0.536623 0.514755 0.756579 0.614547 0.387060 0.377003 0.374174 0.000000 0.899780 0.783722 0.812212 0.857893 0.898017 0.837039 0.801649 0.852295 0.572793 0.500527 0.986787 0.847943 0.743821 0.668793 0.906194 0.974109 0.691433 0.539151 0.926985 0.616814 0.720485 0.837617 0.760114 0.662640 0.960298 0.757483 0.568152 0.599181 0.680525 0.490497 0.683199 0.512279 0.770608 0.846153 0.778132 0.759365 0.414400 0.364731 0.690487 0.564339 0.817488 0.805132 0.613108 0.485547 0.858021 0.893530 0.938992 0.969657 0.407112 0.396201 0.861926 0.938744 0.845597 0.759359 0.817439 0.906935 0.753894 0.923182 0.605172 0.648537 0.382224 0.437500 0.572307 0.431113 0.713739 0.856386 0.919064 0.947712 0.938103 0.764823 0.978327 0.968641 0.830640 0.900755 0.918961 0.844964 0.832223 0.828663 0.788527 0.812271 0.979240 0.841943 0.625833 0.729476 0.890528 0.916685 0.908788 0.904252 0.933883 0.643323 0.939851 0.980932 0.945494 0.761790 0.849484 0.857705
0.921080 0.879846 0.924875 0.986701 0.981100 0.845751 0.936037 0.938515 0.970999 0.832046 0.856073 0.902424 0.859973 0.937105 0.936624 0.986535 0.817606 0.840696 0.888071 0.899780 0.000000 0.984562 0.940165 0.857838 0.933795 0.872300 0.972701 0.909396 0.885764 0.868774 0.934579 0.937931 0.973115 0.886953 0.963504 0.854681 0.828930 0.694743 0.919046 0.920273 0.936656 0.915070 0.908445 0.844505 0.982915 0.944805 0.864503 0.788289 0.894076 0.860514 0.972159 0.927431 0.956057 0.940960 0.923535 0.880736 0.772019 0.850934 0.830580 0.839590 0.927327 0.995872 0.937205 0.860877 0.911266 0.853104 0.913640 0.931539 0.810805 0.865452 0.965115 0.984715 0.976367 0.982644 0.964276 0.895504 0.918539 0.872620 0.869632 0.928758 0.909394 0.984638 0.874294 0.796827 0.866391 0.835596 0.915569 0.969628 0.914894 0.929224 0.816476 0.878155 0.781427 0.835705 0.908095 0.891199 0.965977 0.862284 0.931928 0.867166 0.996190 0.730208 0.864784 0.966286 0.952712 0.956742 0.849026 0.914166 0.966420 0.904065 0.816060 0.829726 0.932073 0.874747 0.995010 0.910747
0.712416 0.777315 0.984307 0.845579 0.956467 0.883944 0.845644 0.971517 0.902724 0.797538 0.972810 0.834439 0.709912 0.763955 0.811121 0.762367 0.958728 0.898461 0.833376 0.783722 0.984562 0.000000 0.862520 0.701269 0.922531 0.984145 0.700094 0.988900 0.906224 0.993955 0.835033 0.989335 0.929343 0.865480 0.912001 0.841708 0.908003 0.813757 0.811078 0.648094 0.954519 0.911187 0.985275 0.937967 0.822839 0.968997 0.874210 0.891891 0.978398 0.817998 0.893204 0.805121 0.955110 0.887723 0.814370 0.801793 0.811237 0.798318 0.924211 0.915187 0.932856 0.943317 0.973794 0.973885 0.881260 0.979654 0.757213 0.848442 0.786417 0.800034 0.803803 0.902915 0.843709 0.778833 0.713353 0.940183 0.996715 0.752567 0.992132 0.784181 0.822174 0.722907 0.705039 0.683060 0.774405 0.738939 0.685839 0.697955 0.847724 0.798063 0.976813 0.915814 0.989252 0.969207 0.924291 0.957278 0.808454 0.941093 0.900870 0.882046 0.938325 0.968923 0.936791 0.858108 0.996002 0.997645 0.812324 0.857382 0.947505 0.914101 0.985048 0.948374 0.791987 0.849973 0.922359 0.936888
0.773768 0.808124 0.647469 0.455072 0.937873 0.894505 0.719375 0.624105 0.663959 0.936260 0.891648 0.755566 0.495759 0.425434 0.477615 0.418693 0.835374 0.814937 0.699928 0.812212 0.940165 0.862520 0.000000 0.544253 0.728729 0.749637 0.972766 0.937390 0.863524 0.830211 0.722671 0.586064 0.597226 0.807817 0.915433 0.896233 0.871234 0.981961 0.973360 0.926612 0.941982 0.896831 0.672248 0.634231 0.904919 0.793732 0.639430 0.785957 0.909307 0.897169 0.705469 0.677939 0.580037 0.659944 0.985943 0.944726 0.827934 0.858813 0.808376 0.827528 0.574142 0.628441 0.845296 0.763383 0.570535 0.646106 0.770973 0.849235 0.836443 0.854704 0.700227 0.694599 0.731714 0.856701 0.816215 0.983455 0.796323 0.893280 0.711488 0.797909 0.821968 0.893730 0.606789 0.812674 0.613225 0.568460 0.933069 0.980900 0.690771 0.733928 0.692061 0.886638 0.835512 0.814427 0.823131 0.919131 0.816470 0.847807 0.705525 0.747864 0.863820 0.938746 0.966525 0.716554 0.687707 0.705926 0.801589 0.835960 0.762988 0.876449 0.835445 0.876088 0.796161 0.786473 0.655459 0.890610
0.775074 0.835971 0.770751 0.608026 0.981158 0.771885 0.926574 0.955526 0.897392 0.635710 0.892662 0.962498 0.563946 0.513931 0.577356 0.456072 0.918183 0.997807 0.892708 0.857893 0.857838 0.701269 0.544253 0.000000 0.560399 0.647817 0.733253 0.801096 0.804368 0.882540 0.918595 0.900804 0.984860 0.854035 0.963090 0.899607 0.924317 0.983330 0.731909 0.843001 0.876043 0.936986 0.970472 0.916754 0.811575 0.929509 0.785198 0.906155 0.835756 0.881903 0.885219 0.751144 0.725251 0.954571 0.783289 0.871473 0.883211 0.879401 0.901012 0.918508 0.945910 0.881531 0.799962 0.842607 0.527508 0.641448 0.924454 0.968250 0.859763 0.859559 0.978246 0.945885 0.989803 0.974810 0.776012 0.918645 0.942060 0.837751 0.889435 0.760731 0.895098 0.672285 0.637726 0.710761 0.446469 0.378189 0.637279 0.654475 0.544076 0.575837 0.756314 0.745846 0.760991 0.784765 0.934138 0.888061 0.731100 0.858646 0.993278 0.974596 0.900773 0.932738 0.798365 0.954921 0.857410 0.934401 0.956609 0.988118 0.977443 0.899199 0.995199 0.795267 0.933175 0.919326 0.861784 0.925948
0.806301 0.804516 0.639783 0.658018 0.928837 0.802018 0.935707 0.914602 0.778316 0.796742 0.951205 0.942265 0.723361 0.689011 0.725772 0.677134 0.990325 0.943055 0.870182 0.898017 0.933795 0.922531 0.728729 0.560399 0.000000 0.556086 0.842270 0.843234 0.866893 0.881845 0.901509 0.838726 0.873243 0.980453 0.827251 0.961114 0.781690 0.806007 0.700282 0.796916 0.864258 0.999118 0.877805 0.936025 0.993406 0.976496 0.766280 0.876604 0.942913 0.850013 0.920576 0.836257 0.800517 0.976082 0.724584 0.756245 0.838963 0.921583 0.974255 0.867868 0.831019 0.818874 0.814272 0.862681 0.555112 0.644217 0.919469 0.864796 0.769503 0.828250 0.968546 0.862003 0.845473 0.787702 0.920168 0.966685 0.921095 0.978585 0.862288 0.763382 0.871473 0.711953 0.754539 0.836158 0.527009 0.487618 0.764286 0.728366 0.684459 0.649250 0.818846 0.899424 0.787874 0.912204 0.926099 0.934699 0.904662 0.887199 0.902372 0.981258 0.941685 0.912413 0.942835 0.959001 0.904937 0.999804 0.752559 0.995740 0.890132 0.998879 0.957768 0.950624 0.949238 0.937982 0.886404 0.991459
0.825278 0.785614 0.508411 0.615076 0.993077 0.637059 0.754167 0.763464 0.485135 0.975812 0.745082 0.832908 0.954824 0.879866 0.914564 0.854193 0.602706 0.599316 0.878815 0.837039 0.872300 0.984145 0.749637 0.647817 0.556086 0.000000 0.860859 0.882182 0.666728 0.685767 0.770678 0.864160 0.833077 0.959063 0.657080 0.994612 0.776053 0.985564 0.683564 0.859616 0.920218 0.915514 0.816470 0.933031 0.806873 0.906024 0.829050 0.913855 0.878778 0.916693 0.948489 0.986807 0.773523 0.835147 0.828303 0.932519 0.763404 0.682135 0.815128 0.871275 0.733435 0.627362 0.609938 0.657907 0.456912 0.408861 0.668388 0.651083 0.819969 0.813295 0.764244 0.724714 0.784335 0.927267 0.946718 0.928627 0.957496 0.971371 0.835058 0.966422 0.722990 0.867195 0.948209 0.784858 0.766005 0.637330 0.834121 0.873462 0.796439 0.837300 0.584713 0.731277 0.566189 0.785103 0.944109 0.965436 0.759777 0.984690 0.776535 0.836593 0.781826 0.956535 0.854754 0.996664 0.821610 0.934903 0.815701 0.939241 0.899923 0.957184 0.910536 0.935874 0.981578 0.995431 0.987757 0.879552
0.760614 0.788260 0.836062 0.941550 0.895252 0.861358 0.644871 0.781085 0.819188 0.722127 0.902751 0.915892 0.818737 0.890725 0.811257 0.861213 0.925750 0.878065 0.891403 0.801649 0.972701 0.700094 0.972766 0.733253 0.842270 0.860859 0.000000 0.868355 0.934221 0.923765 0.694344 0.866506 0.727476 0.794190 0.886323 0.837400 0.959987 0.783243 0.865851 0.907023 0.834104 0.937729 0.811998 0.917438 0.654082 0.796816 0.973994 0.960282 0.928152 0.857342 0.909333 0.904234 0.873018 0.789897 0.875163 0.821928 0.777257 0.760676 0.899190 0.936943 0.729475 0.743307 0.973152 0.925450 0.980499 0.844970 0.603101 0.686258 0.782272 0.778524 0.764314 0.735228 0.825832 0.841789 0.962955 0.874133 0.983962 0.761085 0.898422 0.857981 0.849938 0.641720 0.791123 0.733081 0.774154 0.844033 0.821436 0.545568 0.877979 0.673902 0.893745 0.937254 0.944113 0.928036 0.921532 0.987161 0.930148 0.876172 0.830375 0.904340 0.750123 0.956025 0.996857 0.855246 0.905306 0.986881 0.875919 0.883954 0.849565 0.991015 0.885441 0.956326 0.835485 0.955197 0.870996 0.942234
0.950996 0.863815 0.898529 0.985672 0.926722 0.734895 0.687561 0.870040 0.889884 0.827438 0.756443 0.783395 0.985476 0.919164 0.864548 0.839001 0.813390 0.812036 0.772680 0.852295 0.909396 0.988900 0.937390 0.801096 0.843234 0.882182 0.868355 0.000000 0.668200 0.749206 0.817889 0.825685 0.750586 0.755303 0.853196 0.897084 0.918409 0.985348 0.919636 0.945142 0.992375 0.903646 0.834867 0.800803 0.683211 0.724752 0.843221 0.813028 0.733223 0.841223 0.795218 0.859489 0.950220 0.885533 0.979387 0.992031 0.861764 0.830832 0.689467 0.755205 0.727995 0.875915 0.652183 0.709593 0.860002 0.913808 0.700916 0.774608 0.983558 0.946118 0.917711 0.923602 0.866805 0.870952 0.843597 0.984340 0.859764 0.828655 0.902680 0.852070 0.820518 0.933984 0.969961 0.999570 0.907918 0.835003 0.849574 0.887605 0.898306 0.876494 0.957780 0.929803 0.958854 0.937000 0.933085 0.942537 0.909312 0.779568 0.819150 0.815057 0.831598 0.740588 0.676785 0.721732 0.898458 0.853239 0.924379 0.911481 0.887348 0.782099 0.913218 0.884415 0.907840 0.804495 0.888861 0.966956
0.673276 0.644044 0.903506 0.996665 0.982932 0.724238 0.780221 0.779415 0.965525 0.653094 0.423283 0.476237 0.858160 0.796365 0.906583 0.860339 0.366121 0.411179 0.538960 0.572793 0.885764 0.906224 0.863524 0.804368 0.866893 0.666728 0.934221 0.668200 0.000000 0.299629 0.673668 0.633165 0.584575 0.517807 0.867281 0.876640 0.950871 0.793694 0.887555 0.894212 0.940610 0.818563 0.812443 0.691084 0.780116 0.680914 0.728579 0.721816 0.697898 0.725528 0.801640 0.755020 0.932880 0.911165 0.867247 0.969694 0.623740 0.589282 0.539450 0.562588 0.673067 0.853701 0.347865 0.327859 0.671160 0.753331 0.847982 0.893726 0.618625 0.787860 0.908755 0.981849 0.717666 0.674527 0.932312 0.953532 0.826419 0.687343 0.569011 0.820154 0.513266 0.853741 0.687839 0.766198 0.936021 0.823169 0.783817 0.788287 0.833437 0.894892 0.675132 0.559129 0.498341 0.599006 0.944048 0.862310 0.921114 0.722963 0.845548 0.844107 0.936542 0.968447 0.581029 0.561581 0.897127 0.818586 0.980363 0.904403 0.957426 0.768851 0.894629 0.937966 0.799492 0.824811 0.764316 0.835636
0.580842 0.626196 0.921870 0.943881 0.971643 0.809378 0.782120 0.733998 0.866818 0.722307 0.378439 0.374453 0.755033 0.705667 0.850122 0.747477 0.327653 0.371220 0.551847 0.500527 0.868774 0.993955 0.830211 0.882540 0.881845 0.685767 0.923765 0.749206 0.299629 0.000000 0.640009 0.650874 0.587235 0.497527 0.912802 0.892865 0.987343 0.805518 0.949823 0.848680 0.984476 0.822997 0.854426 0.713400 0.866833 0.742515 0.695274 0.707648 0.757031 0.734805 0.815891 0.734486 0.899548 0.938716 0.962110 0.939658 0.654943 0.588711 0.513073 0.536029 0.645839 0.804417 0.314226 0.267280 0.658860 0.786601 0.851870 0.843520 0.534796 0.676099 0.861199 0.963502 0.725207 0.653851 0.833275 0.959814 0.836942 0.625912 0.515158 0.738263 0.425487 0.777955 0.628949 0.715503 0.931081 0.870451 0.830073 0.832150 0.826131 0.894287 0.664399 0.559021 0.475524 0.566468 0.972415 0.754504 0.946346 0.674785 0.893673 0.880632 0.923347 0.976577 0.608636 0.535082 0.866069 0.722864 0.981222 0.966481 0.856597 0.766048 0.959437 0.935100 0.919492 0.864343 0.687312 0.764586
0.902543 0.895617 0.669355 0.691016 0.874525 0.919533 0.461157 0.508417 0.617839 0.513190 0.726561 0.762911 0.972527 0.921701 0.920143 0.904062 0.871083 0.952757 0.836376 0.986787 0.934579 0.835033 0.722671 0.918595 0.901509 0.770678 0.694344 0.817889 0.673668 0.640009 0.000000 0.403232 0.421393 0.429296 0.818705 0.781091 0.911963 0.995941 0.934184 0.926738 0.982676 0.817010 0.640967 0.684526 0.542379 0.600081 0.713089 0.707605 0.930323 0.995528 0.836108 0.954971 0.785904 0.689003 0.840096 0.897285 0.893719 0.818849 0.734814 0.852750 0.420616 0.501945 0.707536 0.665192 0.971617 0.734805 0.464829 0.456021 0.977385 0.817431 0.671570 0.669412 0.646402 0.690165 0.924049 0.849227 0.757037 0.522661 0.831014 0.985036 0.968230 0.727734 0.949216 0.796050 0.824509 0.904880 0.770643 0.696428 0.964464 0.751322 0.956106 0.771323 0.905224 0.784019 0.995276 0.663579 0.949272 0.646540 0.694732 0.723017 0.526862 0.905201 0.888704 0.586466 0.677930 0.646348 0.801143 0.717647 0.777747 0.897204 0.817825 0.875451 0.780041 0.878555 0.721675 0.940217
0.925985 0.903603 0.720619 0.595514 0.905906 0.976043 0.531276 0.528414 0.689528 0.620275 0.713929 0.710421 0.868918 0.752355 0.785363 0.745025 0.783953 0.829308 0.662795 0.847943 0.937931 0.989335 0.586064 0.900804 0.838726 0.864160 0.866506 0.825685 0.633165 0.650874 0.403232 0.000000 0.459478 0.558369 0.849324 0.861524 0.896828 0.860029 0.931893 0.945856 0.980989 0.880669 0.552757 0.547220 0.608491 0.551194 0.636197 0.681701 0.830235 0.814638 0.686752 0.739912 0.657553 0.576718 0.949667 0.997548 0.888552 0.986473 0.699144 0.791026 0.549138 0.616739 0.704934 0.644050 0.936925 0.814329 0.612938 0.590128 0.877386 0.968075 0.688627 0.755249 0.785865 0.834284 0.915129 0.964731 0.721633 0.602135 0.690712 0.804497 0.815549 0.916971 0.760035 0.948969 0.997811 0.962895 0.935101 0.764178 0.965159 0.845036 0.874943 0.861789 0.962846 0.970160 0.984816 0.704454 0.873019 0.777029 0.624603 0.719834 0.642690 0.728681 0.741805 0.688513 0.646554 0.705121 0.788927 0.650919 0.762620 0.780228 0.789752 0.872563 0.680736 0.841798 0.628414 0.923252
0.833278 0.839117 0.629975 0.640350 0.938608 0.957426 0.394610 0.427849 0.622001 0.590067 0.611830 0.578430 0.758768 0.684887 0.844461 0.767283 0.670834 0.731261 0.567961 0.743821 0.973115 0.929343 0.597226 0.984860 0.873243 0.833077 0.727476 0.750586 0.584575 0.587235 0.421393 0.459478 0.000000 0.405800 0.844279 0.755903 0.733026 0.867300 0.934054 0.953104 0.867085 0.748688 0.511066 0.523239 0.487331 0.511885 0.527025 0.650644 0.769141 0.770811 0.654882 0.722924 0.666305 0.606191 0.984782 0.982351 0.830531 0.868627 0.609290 0.737374 0.365253 0.486292 0.580150 0.524865 0.918198 0.776034 0.469313 0.503955 0.830779 0.907937 0.624473 0.616448 0.576335 0.727709 0.853844 0.911945 0.747862 0.574285 0.710581 0.775807 0.721508 0.968159 0.759433 0.935142 0.917676 0.922041 0.867991 0.766241 0.994797 0.909911 0.854614 0.915190 0.973960 0.873810 0.828814 0.741493 0.869945 0.616010 0.521665 0.616627 0.670196 0.738362 0.711844 0.469020 0.727435 0.759635 0.956073 0.754657 0.830219 0.728011 0.682790 0.819807 0.656404 0.694428 0.602046 0.991175
0.819414 0.771548 0.680281 0.685313 0.973280 0.947678 0.402778 0.377317 0.696619 0.539224 0.492956 0.543087 0.929231 0.881104 0.952199 0.886494 0.601393 0.688317 0.563474 0.668793 0.886953 0.865480 0.807817 0.854035 0.980453 0.959063 0.794190 0.755303 0.517807 0.497527 0.429296 0.558369 0.405800 0.000000 0.878097 0.818304 0.837201 0.814953 0.917628 0.991054 0.908361 0.822924 0.521925 0.505222 0.519378 0.460136 0.509314 0.499540 0.739225 0.690137 0.712847 0.734409 0.840546 0.767975 0.931554 0.934706 0.776497 0.817249 0.459563 0.543660 0.407277 0.505985 0.515185 0.456949 0.942773 0.817577 0.470389 0.442470 0.803832 0.877846 0.790732 0.782723 0.724176 0.719082 0.934604 0.879755 0.707476 0.547986 0.689273 0.804819 0.730573 0.958067 0.878896 0.964069 0.851032 0.896664 0.733016 0.707143 0.867954 0.766033 0.927632 0.747031 0.784650 0.661286 0.907156 0.781836 0.949316 0.585342 0.627804 0.592265 0.551436 0.932338 0.613426 0.510216 0.703432 0.686593 0.972001 0.704130 0.916708 0.667858 0.762083 0.843369 0.657656 0.736966 0.637439 0.851731
0.936130 0.926418 0.755928 0.778396 0.878582 0.897011 0.759058 0.853946 0.675933 0.846754 0.981313 0.912501 0.858902 0.893962 0.959369 0.994664 0.857134 0.846974 0.970677 0.906194 0.963504 0.912001 0.915433 0.963090 0.827251 0.657080 0.886323 0.853196 0.867281 0.912802 0.818705 0.849324 0.844279 0.878097 0.000000 0.978045 0.960287 0.965873 0.861754 0.907817 0.969487 0.948107 0.792956 0.876767 0.750477 0.759662 0.799991 0.815951 0.916371 0.902719 0.923182 0.987220 0.846344 0.869044 0.799329 0.864498 0.922489 0.847677 0.943124 0.938111 0.840692 0.774853 0.906098 0.924260 0.748562 0.802774 0.649960 0.629175 0.934032 0.894752 0.885632 0.870683 0.887953 0.793649 0.895411 0.999014 0.924932 0.840708 0.976706 0.982349 0.900079 0.953349 0.954328 0.884643 0.932508 0.897075 0.921941 0.992482 0.825799 0.942805 0.820168 0.895373 0.801501 0.867473 0.911891 0.948829 0.797464 0.701712 0.763341 0.831793 0.949596 0.915648 0.838809 0.932373 0.880830 0.846447 0.781110 0.875199 0.858163 0.938744 0.920956 0.931383 0.710128 0.977518 0.842835 0.940663
0.960506 0.980299 0.831103 0.839106 0.898237 0.986747 0.719557 0.833254 0.882693 0.944563 0.932449 0.978207 0.971105 0.936003 0.974895 0.985744 0.933805 0.944616 0.961671 0.974109 0.854681 0.841708 0.896233 0.899607 0.961114 0.994612 0.837400 0.897084 0.876640 0.892865 0.781091 0.861524 0.755903 0.818304 0.978045 0.000000 0.919053 0.816902 0.849290 0.913131 0.937270 0.991807 0.827040 0.785146 0.771682 0.797099 0.852378 0.992485 0.883739 0.871914 0.903099 0.935141 0.788494 0.843481 0.922307 0.888280 0.996514 0.997530 0.806391 0.951455 0.789283 0.878620 0.904344 0.908251 0.929744 0.909086 0.705854 0.790051 0.902939 0.893593 0.874453 0.991404 0.981931 0.863082 0.907995 0.829843 0.793053 0.673148 0.934254 0.921483 0.926565 0.977320 0.962582 0.880643 0.991820 0.989570 0.823987 0.912071 0.861984 0.998912 0.877162 0.833273 0.951106 0.929282 0.952606 0.955828 0.980179 0.916987 0.894829 0.761398 0.818402 0.889682 0.929714 0.828019 0.885465 0.941332 0.950618 0.982073 0.954051 0.998142 0.881685 0.957077 0.944646 0.897485 0.811007 0.860717
0.720044 0.823256 0.756899 0.719088 0.973582 0.860490 0.879575 0.689785 0.745990 0.735123 0.875513 0.708016 0.801627 0.757188 0.860039 0.834829 0.907742 0.951340 0.708153 0.691433 0.828930 0.908003 0.871234 0.924317 0.781690 0.776053 0.959987 0.918409 0.950871 0.987343 0.911963 0.896828 0.733026 0.837201 0.960287 0.919053 0.000000 0.662008 0.844675 0.790703 0.587428 0.810904 0.630118 0.702689 0.799083 0.749643 0.662285 0.698861 0.765677 0.767523 0.762719 0.778101 0.767523 0.666695 0.703780 0.830236 0.813423 0.846344 0.967499 0.995570 0.833888 0.661573 0.885764 0.930645 0.919984 0.839241 0.929633 0.850740 0.656850 0.722522 0.680862 0.585975 0.772502 0.825654 0.977575 0.960028 0.702168 0.913758 0.933124 0.803737 0.852903 0.803873 0.877778 0.842476 0.823963 0.870646 0.858031 0.959328 0.911462 0.849585 0.738569 0.773400 0.826395 0.877860 0.969738 0.953187 0.679131 0.980673 0.629381 0.699695 0.862934 0.786444 0.841256 0.868436 0.871058 0.995368 0.909774 0.768777 0.850434 0.755069 0.865626 0.836219 0.967962 0.871451 0.934282 0.939497
0.585327 0.554256 0.995836 0.911517 0.887374 0.825817 0.984674 0.879635 0.966052 0.809928 0.698795 0.606240 0.861742 0.788699 0.971602 0.838723 0.701551 0.664246 0.608528 0.539151 0.694743 0.813757 0.981961 0.983330 0.806007 0.985564 0.783243 0.985348 0.793694 0.805518 0.995941 0.860029 0.867300 0.814953 0.965873 0.816902 0.662008 0.000000 0.807880 0.595722 0.747682 0.793218 0.754748 0.736709 0.902594 0.782972 0.648265 0.629262 0.662532 0.572000 0.735664 0.696617 0.790610 0.893760 0.751219 0.634773 0.540028 0.602626 0.896088 0.794155 0.981793 0.900928 0.894149 0.776599 0.876327 0.865339 0.852201 0.938407 0.592067 0.625423 0.931874 0.822541 0.967421 0.905428 0.850227 0.995291 0.903276 0.985875 0.792684 0.873170 0.603719 0.628309 0.752045 0.542263 0.844420 0.984783 0.933827 0.852279 0.975205 0.797516 0.990289 0.993578 0.910664 0.946870 0.903795 0.793386 0.843702 0.884059 0.820569 0.848655 0.994660 0.995915 0.613603 0.910553 0.930183 0.988051 0.967386 0.976387 0.887427 0.705833 0.844436 0.814583 0.968912 0.717635 0.992652 0.948742
