0.000000 0.300900 0.636250 0.948793 0.740853 0.780560 0.743151 0.779231 0.813294 0.872636 0.474867 0.390492 0.802293 0.678594 0.813436 0.889166 0.496637 0.536570 0.467046 0.357762 0.849295 0.904973 0.644500 0.946231 0.880166 0.823285 0.980840 0.972862 0.565763 0.741133 0.756601 0.726888 0.929587 0.696146 0.799611 0.732780 0.843662 0.894967 0.957146 0.898549 0.845099 0.897348 0.985711 0.698134 0.830566 0.658448 0.704005 0.678478 0.315043 0.366413 0.375820 0.426486 0.560077 0.741704 0.577251 0.462868 0.394497 0.353245 0.268781 0.279905 0.800616 0.462050 0.616922 0.495797 0.756044 0.972750 0.725024 0.831311 0.438802 0.460425 0.939068 0.970288 0.648984 0.643007 0.913004 0.835127 0.620173 0.867200 0.921494 0.764496 0.459287 0.466627 0.837597 0.771535 0.871107 0.961433 0.649491 0.902432 0.984121 0.693869 0.685194 0.524572 0.594920 0.564843 0.954494 0.822546 0.778037 0.936935 0.897918 0.910885 0.682689 0.898350 0.735172 0.684317 0.915532 0.939347 0.899999 0.906596 0.941707 0.928540 0.944224 0.993614 0.754645 0.956837 0.970899 0.875254
0.300900 0.000000 0.606328 0.863526 0.715405 0.706357 0.718958 0.656761 0.732347 0.726193 0.568170 0.328518 0.806614 0.603486 0.921244 0.736090 0.454711 0.455485 0.447478 0.339152 0.706901 0.917541 0.731299 0.993514 0.848444 0.831987 0.946464 0.936224 0.518332 0.631990 0.922068 0.886981 0.766883 0.567890 0.795977 0.715849 0.904658 0.894802 0.930725 0.945602 0.905327 0.959800 0.886605 0.575046 0.944382 0.504963 0.605735 0.530723 0.350612 0.349683 0.356563 0.399067 0.572433 0.704328 0.560030 0.509742 0.300250 0.260291 0.329185 0.312618 0.789746 0.403601 0.504380 0.351209 0.750157 0.991076 0.714781 0.920011 0.536936 0.420909 0.865354 0.742992 0.705285 0.679802 0.802853 0.871941 0.529929 0.747587 0.777750 0.621869 0.331267 0.391281 0.773860 0.692241 0.913741 0.948158 0.678350 0.948419 0.869276 0.740765 0.725076 0.522197 0.579388 0.574251 0.929503 0.777912 0.717719 0.955947 0.784622 0.870027 0.618013 0.967118 0.649296 0.701087 0.857626 0.812126 0.946200 0.956166 0.925804 0.870740 0.863641 0.893499 0.719681 0.922957 0.960172 0.860458
0.636250 0.606328 0.000000 0.652621 0.683195 0.896936 0.513119 0.851050 0.739677 0.697335 0.663377 0.593983 0.828552 0.897893 0.681684 0.991437 0.684914 0.725421 0.904888 0.619296 0.724299 0.936602 0.474740 0.607368 0.552796 0.454340 0.766445 0.947615 0.614805 0.674454 0.677660 0.715761 0.865646 0.904252 0.680369 0.713654 0.805361 0.898109 0.954938 0.882061 0.999344 0.944416 0.876702 0.817898 0.882715 0.741085 0.981530 0.929278 0.585740 0.583876 0.637889 0.698415 0.769954 0.884889 0.795176 0.655671 0.569841 0.569176 0.588675 0.548040 0.892984 0.631061 0.750233 0.605902 0.383311 0.593892 0.586859 0.629284 0.740520 0.569240 0.973429 0.864041 0.832181 0.862788 0.977169 0.987153 0.702568 0.922822 0.991209 0.999624 0.822151 0.941140 0.860778 0.864040 0.573609 0.515565 0.849054 0.621206 0.797530 0.945626 0.674719 0.652021 0.625110 0.671701 0.835118 0.947706 0.853478 0.837840 0.850760 0.910743 0.839022 0.723984 0.791173 0.956050 0.882237 0.858205 0.938847 0.918568 0.981980 0.840625 0.960471 0.933156 0.755710 0.936186 0.768459 0.928945
0.948793 0.863526 0.652621 0.000000 0.897075 0.808273 0.671867 0.682235 0.938172 0.980295 0.882231 0.850002 0.648718 0.647792 0.673372 0.655693 0.992281 0.999825 0.887539 0.932903 0.979744 0.992500 0.568677 0.484641 0.892916 0.770606 0.825563 0.901598 0.905192 0.917790 0.887798 0.883530 0.753946 0.854472 0.886839 0.940322 0.997277 0.841628 0.997001 0.979769 0.869436 0.911336 0.989255 0.947079 0.867162 0.849486 0.917984 0.698238 0.972241 0.944550 0.807331 0.806023 0.768796 0.818016 0.888330 0.942538 0.977208 0.905426 0.928501 0.952374 0.588519 0.771694 0.922221 0.827241 0.524123 0.432341 0.849306 0.666750 0.971553 0.957907 0.891709 0.883932 0.774003 0.744871 0.784331 0.936008 0.911485 0.847898 0.820820 0.829719 0.768905 0.731992 0.638439 0.676812 0.477107 0.447501 0.840380 0.554453 0.773715 0.672050 0.796818 0.963602 0.949295 0.966427 0.986728 0.909959 0.886552 0.898819 0.816324 0.707902 0.929350 0.630542 0.981015 0.984056 0.726170 0.761636 0.880241 0.953795 0.967723 0.978708 0.801788 0.981700 0.954123 0.901422 0.857175 0.878893
0.740853 0.715405 0.683195 0.897075 0.000000 0.964043 0.585982 0.969463 0.741850 0.930633 0.912481 0.835069 0.828730 0.963267 0.783810 0.978953 0.806391 0.936005 0.897591 0.831406 0.800101 0.905926 0.708566 0.866952 0.975809 0.962533 0.998913 0.885574 0.953382 0.985403 0.996386 0.896700 0.925986 0.873391 0.848003 0.784052 0.948480 0.984814 0.975520 0.992968 0.933772 0.965240 0.911603 0.963217 0.763644 0.911632 0.955773 0.852990 0.670532 0.622437 0.677079 0.637686 0.666617 0.748451 0.663506 0.682884 0.784373 0.710373 0.760334 0.740199 0.754513 0.898801 0.957921 0.837943 0.695424 0.678182 0.629646 0.680826 0.811799 0.779290 0.918838 0.888759 0.949255 0.980020 0.981069 0.959880 0.837690 0.924204 0.930336 0.968800 0.844102 0.835750 0.899576 0.895636 0.770975 0.720827 0.739283 0.737706 0.862499 0.896093 0.732570 0.752817 0.786148 0.724226 0.938936 0.974434 0.996794 0.789055 0.988041 0.897165 0.951344 0.835333 0.885803 0.944450 0.848686 0.943783 0.928946 0.961511 0.901706 0.924775 0.840071 0.995468 0.989198 0.931601 0.985847 0.927636
0.780560 0.706357 0.896936 0.808273 0.964043 0.000000 0.886598 0.513069 0.902842 0.616355 0.871667 0.665744 0.739618 0.636949 0.820821 0.610001 0.929084 0.850482 0.787018 0.796188 0.761492 0.970984 0.899539 0.949604 0.769595 0.937195 0.940437 0.905948 0.714319 0.809063 0.892306 0.922923 0.763758 0.715028 0.961682 0.957943 0.921765 0.907791 0.928902 0.895842 0.879789 0.791863 0.823242 0.677837 0.824963 0.607060 0.845009 0.709942 0.683686 0.725715 0.694772 0.652102 0.841330 0.662559 0.905193 0.894738 0.844547 0.806148 0.836663 0.699661 0.722125 0.579253 0.723107 0.667989 0.965847 0.753431 0.928753 0.798456 0.873997 0.958810 0.918741 0.846302 0.989168 0.881550 0.807410 0.866211 0.757991 0.746865 0.961628 0.981744 0.807542 0.833269 0.832833 0.975521 0.873228 0.884425 0.962803 0.981411 0.900807 0.990569 0.787829 0.989985 0.913571 0.986895 0.830938 0.867619 0.771486 0.999944 0.664095 0.743144 0.600209 0.849326 0.849420 0.894500 0.829385 0.840859 0.912629 0.777087 0.846072 0.815391 0.889610 0.890360 0.993073 0.893046 0.964198 0.950074
0.743151 0.718958 0.513119 0.671867 0.585982 0.886598 0.000000 0.606348 0.469065 0.845269 0.965941 0.948558 0.577825 0.881936 0.590248 0.788836 0.886105 0.911153 0.995730 0.804752 0.992067 0.878899 0.583244 0.812421 0.911556 0.845703 0.989009 0.811501 0.948084 0.984260 0.803794 0.748861 0.751827 0.840464 0.814897 0.782924 0.936975 0.885893 0.880432 0.902415 0.719203 0.861430 0.743866 0.876424 0.500756 0.856446 0.971948 0.962733 0.721209 0.653506 0.731712 0.760379 0.742203 0.906831 0.596577 0.628822 0.722576 0.631387 0.711444 0.700709 0.504751 0.945213 0.875367 0.931961 0.571563 0.424654 0.464361 0.433905 0.624615 0.565718 0.888451 0.887012 0.850056 0.847675 0.880761 0.970821 0.904460 0.992034 0.930447 0.954404 0.932576 0.937540 0.861811 0.983106 0.622577 0.606427 0.763566 0.679311 0.904512 0.847426 0.471638 0.540194 0.569307 0.530615 0.922838 0.971334 0.928863 0.844732 0.770408 0.594939 0.851255 0.547964 0.897685 0.942630 0.764129 0.844188 0.930799 0.869805 0.901310 0.903137 0.797522 0.781916 0.925169 0.997128 0.763375 0.937653
0.779231 0.656761 0.851050 0.682235 0.969463 0.513069 0.606348 0.000000 0.767157 0.413935 0.639089 0.469058 0.521517 0.525806 0.737090 0.529675 0.700955 0.680513 0.711955 0.685446 0.599225 0.925738 0.926475 0.990938 0.514511 0.714433 0.875341 0.844288 0.596294 0.581729 0.935435 0.905533 0.669807 0.532297 0.920130 0.849111 0.784778 0.953555 0.805799 0.794234 0.713191 0.838634 0.768139 0.584558 0.540970 0.389934 0.819366 0.603637 0.707005 0.757269 0.678711 0.678412 0.821217 0.728679 0.995970 0.965733 0.731264 0.758802 0.782464 0.725375 0.415782 0.357243 0.439950 0.442682 0.988978 0.601745 0.883382 0.644224 0.831278 0.961755 0.992296 0.802108 0.928298 0.927713 0.740905 0.919893 0.670168 0.800230 0.785175 0.898764 0.628058 0.756904 0.804351 0.948997 0.835197 0.870692 0.958412 0.899577 0.866192 0.913287 0.680457 0.937078 0.907981 0.891765 0.873631 0.767729 0.759919 0.900469 0.439312 0.551101 0.496187 0.660435 0.748943 0.772398 0.718606 0.751665 0.966875 0.764538 0.870743 0.932188 0.701725 0.643746 0.640939 0.979401 0.806695 0.791541
0.813294 0.732347 0.739677 0.938172 0.741850 0.902842 0.469065 0.767157 0.000000 0.921990 0.996907 0.852572 0.809830 0.918028 0.840219 0.995029 0.725728 0.714966 0.870239 0.736251 0.934368 0.899151 0.813017 0.950676 0.906700 0.890094 0.981714 0.845284 0.800996 0.795106 0.943895 0.993244 0.905005 0.897913 0.861931 0.979716 0.980186 0.869264 0.896299 0.922320 0.796825 0.746415 0.947776 0.936535 0.782022 0.993225 0.797819 0.841383 0.859025 0.843887 0.862471 0.954654 0.934470 0.939339 0.658668 0.891270 0.719496 0.677464 0.766303 0.863720 0.808075 0.987009 0.901836 0.766968 0.740881 0.680044 0.686396 0.730949 0.764578 0.559174 0.874747 0.709011 0.750914 0.792948 0.986703 0.943616 0.911475 0.908370 0.748952 0.661028 0.748913 0.805301 0.964503 0.880515 0.806586 0.813463 0.854476 0.861140 0.864083 0.930253 0.556092 0.511842 0.623656 0.561467 0.942917 0.848088 0.861223 0.891127 0.856333 0.822857 0.920856 0.864632 0.698248 0.990752 0.855020 0.813496 0.951375 0.928297 0.911838 0.692606 0.890254 0.990432 0.963090 0.811643 0.886763 0.970536
0.872636 0.726193 0.697335 0.980295 0.930633 0.616355 0.845269 0.413935 0.921990 0.000000 0.614408 0.584173 0.848655 0.781692 0.959579 0.757881 0.676325 0.653917 0.894270 0.708009 0.600597 0.961741 0.773996 0.715972 0.529324 0.632346 0.725525 0.855490 0.540915 0.510797 0.910806 0.881872 0.737466 0.683864 0.847729 0.780509 0.857185 0.988194 0.902784 0.864726 0.852809 0.976203 0.809141 0.575273 0.634949 0.445560 0.929166 0.735812 0.745131 0.790058 0.771227 0.791280 0.939802 0.834450 0.982559 0.915370 0.704576 0.766276 0.855132 0.784312 0.745118 0.561882 0.545902 0.526963 0.710490 0.968055 0.994615 0.876094 0.909221 0.848311 0.893067 0.681159 0.937667 0.984861 0.786877 0.922979 0.700365 0.782419 0.882212 0.862721 0.755538 0.924808 0.984201 0.959492 0.752172 0.782447 0.924895 0.887854 0.710004 0.774603 0.875472 0.979165 0.992816 0.911965 0.818393 0.852282 0.811236 0.861622 0.540954 0.632160 0.628539 0.756207 0.736552 0.752807 0.887217 0.949586 0.989115 0.714366 0.841980 0.919269 0.811686 0.662955 0.728507 0.887136 0.966029 0.731006
0.474867 0.568170 0.663377 0.882231 0.912481 0.871667 0.965941 0.639089 0.996907 0.614408 0.000000 0.446414 0.730562 0.741427 0.894756 0.935123 0.406741 0.492256 0.536508 0.429892 0.817709 0.937717 0.548335 0.676632 0.597605 0.663597 0.826694 0.802887 0.410454 0.509072 0.809704 0.899095 0.845582 0.640505 0.710548 0.646538 0.729805 0.980736 0.885540 0.971802 0.950564 0.907610 0.942065 0.661317 0.933394 0.580901 0.829039 0.813077 0.538022 0.589325 0.612854 0.695458 0.836595 0.838413 0.858140 0.760654 0.502056 0.592781 0.504927 0.534947 0.735810 0.568360 0.483048 0.539250 0.564300 0.880103 0.759242 0.897224 0.703690 0.652316 0.832201 0.970196 0.638555 0.590887 0.794841 0.903071 0.739558 0.911929 0.850255 0.734716 0.610935 0.693163 0.930166 0.951092 0.876206 0.826795 0.688955 0.790592 0.869853 0.910174 0.760054 0.698052 0.708948 0.777343 0.949492 0.786113 0.884048 0.961846 0.830802 0.797196 0.655236 0.925342 0.788291 0.620471 0.959592 0.995504 0.809505 0.989665 0.917655 0.929353 0.900852 0.880970 0.754675 0.903454 0.988991 0.825497
0.390492 0.328518 0.593983 0.850002 0.835069 0.665744 0.948558 0.469058 0.852572 0.584173 0.446414 0.000000 0.541248 0.393392 0.888101 0.556698 0.380159 0.419868 0.445284 0.324128 0.721476 0.954805 0.796086 0.975687 0.595883 0.641048 0.889823 0.879537 0.387590 0.458646 0.853219 0.935057 0.727058 0.477689 0.745333 0.717077 0.770879 0.989625 0.818728 0.913070 0.934403 0.915775 0.924112 0.546582 0.927441 0.443582 0.700173 0.617420 0.495726 0.480103 0.420191 0.524389 0.677296 0.761890 0.747196 0.701346 0.380455 0.404417 0.418492 0.406187 0.534609 0.291308 0.354614 0.271773 0.731863 0.865154 0.790453 0.975782 0.688661 0.523434 0.993588 0.757308 0.741554 0.755194 0.754074 0.805080 0.544633 0.744161 0.770801 0.658197 0.390443 0.448179 0.746323 0.830358 0.910331 0.950679 0.851635 0.984350 0.808372 0.935965 0.818309 0.534683 0.583633 0.632511 0.989572 0.739516 0.783429 0.955986 0.701741 0.801673 0.567396 0.946819 0.653086 0.761885 0.904989 0.930742 0.949453 0.908432 0.907304 0.826424 0.771898 0.779085 0.640900 0.905110 0.906249 0.790473
0.802293 0.806614 0.828552 0.648718 0.828730 0.739618 0.577825 0.521517 0.809830 0.848655 0.730562 0.541248 0.000000 0.352101 0.483809 0.463880 0.708751 0.775623 0.579789 0.706347 0.895975 0.979491 0.682259 0.681671 0.787093 0.924338 0.850327 0.962539 0.694001 0.716690 0.977921 0.895556 0.697339 0.616548 0.918912 0.933552 0.826796 0.820085 0.750932 0.922014 0.771349 0.778027 0.991798 0.838967 0.857770 0.776572 0.880567 0.842655 0.952457 0.889244 0.730918 0.806607 0.838285 0.763835 0.894960 0.890580 0.884232 0.918714 0.868886 0.833776 0.358677 0.590557 0.552639 0.645846 0.763520 0.507925 0.904515 0.682198 0.859988 0.990190 0.849394 0.964464 0.936307 0.980750 0.819899 0.864618 0.806996 0.881732 0.867989 0.864982 0.699930 0.684763 0.655993 0.924167 0.576754 0.630746 0.856772 0.769282 0.966167 0.999994 0.813178 0.850839 0.930180 0.911506 0.840650 0.950004 0.972136 0.938029 0.785676 0.785756 0.701147 0.779006 0.846890 0.990473 0.836132 0.878447 0.993961 0.985865 0.908716 0.938973 0.786612 0.789077 0.834315 0.989231 0.801155 0.815560
0.678594 0.603486 0.897893 0.647792 0.963267 0.636949 0.881936 0.525806 0.918028 0.781692 0.741427 0.393392 0.352101 0.000000 0.554655 0.380089 0.574672 0.604762 0.520978 0.540079 0.796956 0.962585 0.818599 0.719845 0.735619 0.788630 0.903015 0.945328 0.571180 0.592413 0.998326 0.920204 0.663847 0.570463 0.840899 0.875953 0.687885 0.890881 0.700901 0.942353 0.808202 0.758067 0.970641 0.759458 0.968722 0.669617 0.839935 0.712391 0.813416 0.714145 0.553473 0.674422 0.739946 0.691186 0.912673 0.992840 0.698476 0.691412 0.714674 0.670601 0.454603 0.497473 0.493882 0.456004 0.945487 0.659668 0.888053 0.880280 0.979392 0.761468 0.902167 0.816209 0.989943 0.971612 0.768200 0.798693 0.741783 0.794095 0.743808 0.713775 0.556385 0.576317 0.651190 0.899933 0.701534 0.736256 0.926743 0.881913 0.963739 0.990726 0.975233 0.593761 0.666710 0.656535 0.964821 0.923430 0.901540 0.995840 0.813710 0.823828 0.714938 0.897217 0.740640 0.991550 0.861432 0.910141 0.952723 0.973503 0.995821 0.951410 0.750407 0.811416 0.855941 0.998842 0.854537 0.842430
0.813436 0.921244 0.681684 0.673372 0.783810 0.820821 0.590248 0.737090 0.840219 0.959579 0.894756 0.888101 0.483809 0.554655 0.000000 0.474331 0.944899 0.912218 0.840793 0.974381 0.996739 0.908536 0.436901 0.568942 0.974064 0.890003 0.775149 0.974678 0.924724 0.896711 0.700724 0.605231 0.620953 0.775149 0.856573 0.920277 0.971416 0.865023 0.747737 0.854858 0.729542 0.715965 0.892649 0.908247 0.777771 0.946924 0.964838 0.876747 0.712864 0.778934 0.924460 0.871733 0.834573 0.993824 0.761087 0.671101 0.894709 0.889949 0.765346 0.812225 0.584896 0.900469 0.838906 0.900922 0.570534 0.488076 0.674250 0.569577 0.677248 0.838660 0.995187 0.807123 0.882128 0.834009 0.848506 0.936895 0.974524 0.966972 0.761313 0.906609 0.944168 0.875687 0.638833 0.911674 0.608163 0.556075 0.798278 0.701360 0.958801 0.915873 0.726444 0.968011 0.926230 0.909203 0.965632 0.959771 0.965928 0.933187 0.914132 0.705730 0.910496 0.872427 0.943944 0.882358 0.834052 0.895473 0.905651 0.892585 0.938159 0.945532 0.837551 0.756235 0.838301 0.975547 0.709887 0.895762
0.889166 0.736090 0.991437 0.655693 0.978953 0.610001 0.788836 0.529675 0.995029 0.757881 0.935123 0.556698 0.463880 0.380089 0.474331 0.000000 0.750104 0.695306 0.667444 0.690297 0.856717 0.968891 0.645399 0.663355 0.893278 0.989947 0.961195 0.995999 0.673624 0.705407 0.801112 0.761325 0.593311 0.590016 0.962697 0.942351 0.995555 0.985491 0.786255 0.990526 0.784178 0.779320 0.859383 0.705588 0.765241 0.631606 0.822406 0.680103 0.972363 0.917482 0.763221 0.831764 0.919426 0.827355 0.933609 0.846910 0.767240 0.847093 0.942481 0.890034 0.507349 0.561593 0.568227 0.518692 0.769035 0.547897 0.831877 0.621539 0.834716 0.847903 0.870946 0.689915 0.941844 0.889165 0.870932 0.804795 0.739083 0.733228 0.651202 0.791563 0.615207 0.626301 0.570306 0.913623 0.646115 0.645460 0.893689 0.747670 0.931524 0.996612 0.884068 0.840951 0.895888 0.881865 0.895034 0.886775 0.841140 0.818993 0.707046 0.731293 0.630311 0.835314 0.773466 0.984075 0.813381 0.791758 0.950855 0.897308 0.996612 0.905083 0.700577 0.767663 0.856808 0.913754 0.712986 0.892120
0.496637 0.454711 0.684914 0.992281 0.806391 0.929084 0.886105 0.700955 0.725728 0.676325 0.406741 0.380159 0.708751 0.574672 0.944899 0.750104 0.000000 0.295449 0.404581 0.304262 0.780332 0.930081 0.708887 0.853600 0.734200 0.714314 0.889591 0.861018 0.361700 0.382871 0.996661 0.887133 0.619844 0.508046 0.722358 0.713681 0.807959 0.970557 0.880039 0.916464 0.923556 0.838262 0.864875 0.547381 0.939103 0.570112 0.636021 0.626508 0.621457 0.612135 0.599434 0.731037 0.873315 0.913492 0.778122 0.805420 0.365111 0.433282 0.502478 0.582642 0.730136 0.572873 0.372239 0.369990 0.663849 0.945111 0.765629 0.966426 0.645547 0.421101 0.917132 0.719801 0.577862 0.553147 0.753734 0.869738 0.663499 0.845676 0.684927 0.524387 0.389116 0.451247 0.777729 0.759894 0.977269 0.966626 0.752660 0.923548 0.705312 0.970557 0.623040 0.476148 0.514500 0.565809 0.995669 0.798457 0.855728 0.940730 0.845291 0.865573 0.691407 0.959404 0.598170 0.666972 0.943886 0.977890 0.989106 0.955527 0.986734 0.752372 0.760454 0.780649 0.779795 0.833121 0.917721 0.745706
0.536570 0.455485 0.725421 0.999825 0.936005 0.850482 0.911153 0.680513 0.714966 0.653917 0.492256 0.419868 0.775623 0.604762 0.912218 0.695306 0.295449 0.000000 0.414529 0.340313 0.786003 0.918737 0.808942 0.891606 0.763584 0.770058 0.870186 0.740979 0.346789 0.357109 0.875666 0.765422 0.538993 0.424860 0.826171 0.800250 0.900220 0.853088 0.906837 0.946720 0.991099 0.822547 0.691745 0.457107 0.769270 0.463633 0.618600 0.519139 0.668236 0.705880 0.709044 0.826563 0.985980 0.973659 0.786941 0.855089 0.353184 0.437676 0.570696 0.639911 0.702733 0.565986 0.382056 0.345364 0.750594 0.998972 0.915695 0.879806 0.681873 0.414656 0.785976 0.629982 0.494765 0.499532 0.774578 0.783536 0.635700 0.742154 0.550155 0.476927 0.363864 0.474538 0.729254 0.718242 0.991853 0.981449 0.802397 0.937063 0.680682 0.991121 0.681729 0.506522 0.589264 0.586342 0.870517 0.767769 0.690958 0.762916 0.819131 0.804263 0.644835 0.940192 0.571221 0.596927 0.866823 0.909373 0.930524 0.919165 0.968827 0.706738 0.597398 0.760269 0.759879 0.777819 0.830588 0.843146
0.467046 0.447478 0.904888 0.887539 0.897591 0.787018 0.995730 0.711955 0.870239 0.894270 0.536508 0.445284 0.579789 0.520978 0.840793 0.667444 0.404581 0.414529 0.000000 0.391609 0.919242 0.992135 0.968952 0.883967 0.891741 0.981088 0.969620 0.906414 0.466252 0.543297 0.880613 0.838236 0.586730 0.481072 0.845910 0.817877 0.836078 0.977721 0.792416 0.880964 0.956566 0.921059 0.823949 0.606093 0.964383 0.643615 0.579560 0.606147 0.642410 0.576045 0.553109 0.612232 0.758011 0.715927 0.728854 0.869950 0.488446 0.525771 0.543382 0.552904 0.659466 0.595479 0.443796 0.483967 0.929229 0.858333 0.852935 0.922933 0.717094 0.577717 0.947643 0.827808 0.664656 0.620318 0.835172 0.848337 0.644682 0.830144 0.716770 0.543532 0.423105 0.471391 0.703725 0.772710 0.793617 0.807935 0.766368 0.982565 0.846641 0.931271 0.794058 0.569045 0.620505 0.617015 0.913814 0.874061 0.913849 0.958422 0.934461 0.866788 0.586793 0.929769 0.667847 0.738226 0.847967 0.862698 0.985082 0.921052 0.916300 0.966078 0.752953 0.908355 0.839824 0.966270 0.896251 0.932313
0.357762 0.339152 0.619296 0.932903 0.831406 0.796188 0.804752 0.685446 0.736251 0.708009 0.429892 0.324128 0.706347 0.540079 0.974381 0.690297 0.304262 0.340313 0.391609 0.000000 0.785356 0.938665 0.744249 0.924938 0.789371 0.720288 0.929627 0.886011 0.385323 0.480956 0.917813 0.960623 0.692315 0.530738 0.807218 0.679223 0.839017 0.967490 0.859880 0.976194 0.965563 0.961476 0.922645 0.587789 0.958971 0.572148 0.700903 0.621251 0.477006 0.470816 0.462029 0.571620 0.726183 0.780581 0.693075 0.690097 0.323717 0.343979 0.418755 0.414740 0.735691 0.487299 0.446209 0.377416 0.700039 0.977278 0.734177 0.959879 0.581473 0.362681 0.941867 0.750423 0.601191 0.631817 0.803890 0.815806 0.575422 0.743265 0.720351 0.587391 0.397292 0.457662 0.805004 0.800600 0.962803 0.994724 0.679449 0.875654 0.798290 0.891658 0.645160 0.454619 0.514280 0.521418 0.966769 0.816763 0.794253 0.984523 0.846517 0.917586 0.589130 0.946454 0.602992 0.732161 0.893711 0.989512 0.976395 0.995797 0.982945 0.831933 0.756267 0.872961 0.781283 0.892524 0.900069 0.773418
0.849295 0.706901 0.724299 0.979744 0.800101 0.761492 0.992067 0.599225 0.934368 0.600597 0.817709 0.721476 0.895975 0.796956 0.996739 0.856717 0.780332 0.786003 0.919242 0.785356 0.000000 0.985445 0.909335 0.859807 0.757506 0.753226 0.955353 0.888489 0.811279 0.801138 0.973975 0.994777 0.832996 0.814286 0.902932 0.925525 0.808809 0.908795 0.813718 0.908548 0.853722 0.923623 0.896768 0.803027 0.828466 0.654351 0.969147 0.693022 0.736815 0.734515 0.724554 0.717921 0.755819 0.781188 0.936245 0.913126 0.757518 0.720307 0.772270 0.752521 0.861176 0.661543 0.721012 0.646161 0.834268 0.997011 0.920467 0.950827 0.896044 0.880211 0.892051 0.784154 0.886323 0.883998 0.798710 0.838752 0.759033 0.877125 0.939443 0.960604 0.774339 0.926861 0.966182 0.998134 0.921434 0.858735 0.900166 0.846965 0.801061 0.977850 0.813964 0.972949 0.986500 0.950169 0.834669 0.805105 0.857617 0.933788 0.576402 0.813517 0.863055 0.815143 0.762274 0.874956 0.825463 0.886032 0.998590 0.859180 0.844870 0.914537 0.873627 0.700574 0.771819 0.914024 0.922536 0.901332
0.904973 0.917541 0.936602 0.992500 0.905926 0.970984 0.878899 0.925738 0.899151 0.961741 0.937717 0.954805 0.979491 0.962585 0.908536 0.968891 0.930081 0.918737 0.992135 0.938665 0.985445 0.000000 0.871427 0.991864 0.933085 0.963211 0.948862 0.957777 0.916801 0.949354 0.964640 0.993806 0.998153 0.983771 0.921629 0.982483 0.914550 0.678073 0.991804 0.692787 0.815769 0.909898 0.962830 0.955278 0.853846 0.994275 0.891232 0.908687 0.927631 0.873898 0.873588 0.899405 0.873328 0.956860 0.894211 0.955279 0.939735 0.900256 0.920772 0.921726 0.872420 0.933155 0.956546 0.951685 0.889346 0.820067 0.871109 0.932175 0.990824 0.959489 0.939713 0.991214 0.969838 0.940895 0.949007 0.873110 0.988859 0.950553 0.994951 0.884323 0.917352 0.876691 0.964659 0.930828 0.948614 0.916443 0.775300 0.969805 0.956041 0.996809 0.869460 0.917385 0.955090 0.955455 0.954880 0.950654 0.853225 0.944900 0.957769 0.935961 0.988557 0.903558 0.975680 0.909795 0.872516 0.865294 0.987846 0.996704 0.990497 0.971612 0.947301 0.918552 0.959457 0.988578 0.891345 0.983617
0.644500 0.731299 0.474740 0.568677 0.708566 0.899539 0.583244 0.926475 0.813017 0.773996 0.548335 0.796086 0.682259 0.818599 0.436901 0.645399 0.708887 0.808942 0.968952 0.744249 0.909335 0.871427 0.000000 0.399025 0.733395 0.608247 0.726432 0.918549 0.706038 0.741888 0.705356 0.692748 0.735717 0.968645 0.707337 0.631828 0.818465 0.976339 0.857773 0.970834 0.764402 0.788902 0.950548 0.870225 0.791188 0.867614 0.982239 0.942645 0.610777 0.651883 0.764646 0.820270 0.893545 0.993255 0.771299 0.672652 0.660610 0.685135 0.621455 0.668962 0.731941 0.894258 0.852748 0.822356 0.306558 0.414258 0.562313 0.494437 0.622951 0.676282 0.940594 0.954036 0.739392 0.677608 0.915444 0.978145 0.813511 0.913302 0.897649 0.960159 0.907287 0.958928 0.649952 0.996846 0.461140 0.439969 0.658317 0.548847 0.862808 0.875544 0.598999 0.750452 0.703097 0.797188 0.934741 0.906259 0.957610 0.862703 0.943201 0.810775 0.982932 0.789625 0.910669 0.747275 0.747216 0.820524 0.843246 0.875956 0.950192 0.985752 0.832946 0.893028 0.847342 0.999302 0.752928 0.923128
0.946231 0.993514 0.607368 0.484641 0.866952 0.949604 0.812421 0.990938 0.950676 0.715972 0.676632 0.975687 0.681671 0.719845 0.568942 0.663355 0.853600 0.891606 0.883967 0.924938 0.859807 0.991864 0.399025 0.000000 0.684837 0.675047 0.724477 0.811375 0.818274 0.764845 0.812912 0.884517 0.807421 0.975538 0.801062 0.738374 0.922890 0.959663 0.838763 0.979881 0.948571 0.856192 0.952383 0.887569 0.969662 0.878420 0.871320 0.850373 0.816546 0.885101 0.970520 0.955081 0.838743 0.904805 0.927157 0.916712 0.892871 0.935000 0.937596 0.928812 0.735823 0.975942 0.928670 0.970919 0.428255 0.508891 0.774708 0.696143 0.877418 0.883698 0.941649 0.954476 0.782687 0.787371 0.995102 0.997351 0.888498 0.989497 0.902204 0.881606 0.889577 0.822863 0.637401 0.846583 0.438666 0.418226 0.743655 0.541578 0.753058 0.717758 0.846475 0.992711 0.939121 0.978832 0.901129 0.977743 0.936803 0.842680 0.938542 0.898732 0.993596 0.830446 0.918487 0.837835 0.903988 0.826145 0.861618 0.896375 0.939325 0.969028 0.849943 0.951897 0.969367 0.931992 0.855271 0.848855
0.880166 0.848444 0.552796 0.892916 0.975809 0.769595 0.911556 0.514511 0.906700 0.529324 0.597605 0.595883 0.787093 0.735619 0.974064 0.893278 0.734200 0.763584 0.891741 0.789371 0.757506 0.933085 0.733395 0.684837 0.000000 0.411428 0.611576 0.826900 0.588837 0.538487 0.780392 0.899943 0.938199 0.779706 0.784408 0.820654 0.702150 0.808060 0.890871 0.801298 0.814321 0.878162 0.989606 0.811156 0.771002 0.648766 0.995449 0.958482 0.805771 0.840358 0.802423 0.866007 0.922463 0.874521 0.908552 0.951336 0.857748 0.871882 0.806072 0.778431 0.677927 0.572978 0.574680 0.612606 0.559550 0.935537 0.824171 0.935894 0.899213 0.944736 0.793757 0.949215 0.951742 0.934684 0.829024 0.888225 0.802614 0.958275 0.940848 0.995173 0.860292 0.986635 0.918204 0.895154 0.731000 0.682150 0.902424 0.778477 0.790848 0.768631 0.963837 0.910342 0.867434 0.963813 0.974882 0.882623 0.995239 0.966716 0.674849 0.837467 0.813613 0.934993 0.838862 0.892401 0.987482 0.938279 0.898524 0.841786 0.928084 0.922334 0.920464 0.847549 0.654280 0.982834 0.866787 0.834705
0.823285 0.831987 0.454340 0.770606 0.962533 0.937195 0.845703 0.714433 0.890094 0.632346 0.663597 0.641048 0.924338 0.788630 0.890003 0.989947 0.714314 0.770058 0.981088 0.720288 0.753226 0.963211 0.608247 0.675047 0.411428 0.000000 0.760468 0.888018 0.600248 0.567377 0.623010 0.836774 0.943080 0.890767 0.744064 0.789430 0.670900 0.863954 0.840593 0.891354 0.921130 0.992761 0.840422 0.912401 0.919952 0.755655 0.939281 0.934364 0.806584 0.830985 0.795840 0.931588 0.930174 0.991720 0.965723 0.920910 0.782746 0.783275 0.743052 0.777933 0.804890 0.645450 0.637292 0.644168 0.493771 0.750288 0.749255 0.778191 0.999653 0.796821 0.800022 0.982140 0.910645 0.916073 0.935097 0.943510 0.736410 0.962315 0.987273 0.961695 0.926856 0.958948 0.887449 0.875472 0.660859 0.559949 0.995404 0.771790 0.802794 0.748849 0.826015 0.759884 0.731859 0.839055 0.919153 0.966357 0.952060 0.876498 0.846696 0.931125 0.950636 0.875272 0.805957 0.940893 0.945885 0.756406 0.994939 0.853926 0.987499 0.876376 0.897568 0.917698 0.795863 0.931770 0.823444 0.834654
0.980840 0.946464 0.766445 0.825563 0.998913 0.940437 0.989009 0.875341 0.981714 0.725525 0.826694 0.889823 0.850327 0.903015 0.775149 0.961195 0.889591 0.870186 0.969620 0.929627 0.955353 0.948862 0.726432 0.724477 0.611576 0.760468 0.000000 0.694933 0.790301 0.850634 0.869223 0.978979 0.886543 0.959432 0.846520 0.990459 0.941240 0.877118 0.941836 0.963346 0.965144 0.935233 0.795601 0.819353 0.815839 0.779151 0.970912 0.988963 0.866545 0.987234 0.992942 0.962234 0.925950 0.920297 0.945593 0.978053 0.930260 0.993349 0.914730 0.941180 0.936001 0.850687 0.840630 0.854933 0.703615 0.883714 0.964175 0.970156 0.947967 0.993970 0.920323 0.890678 0.785520 0.801630 0.998549 0.931633 0.852935 0.914413 0.861994 0.985200 0.917062 0.978703 0.842522 0.981627 0.783407 0.737456 0.941571 0.762084 0.791581 0.879971 0.981236 0.948005 0.986482 0.973289 0.926331 0.991387 0.843131 0.961440 0.859052 0.935514 0.884281 0.862517 0.927080 0.818169 0.872957 0.890405 0.993664 0.691458 0.863209 0.922383 0.990943 0.912734 0.775960 0.996022 0.888309 0.993126
0.972862 0.936224 0.947615 0.901598 0.885574 0.905948 0.811501 0.844288 0.845284 0.855490 0.802887 0.879537 0.962539 0.945328 0.974678 0.995999 0.861018 0.740979 0.906414 0.886011 0.888489 0.957777 0.918549 0.811375 0.826900 0.888018 0.694933 0.000000 0.802341 0.843389 0.998604 0.798665 0.839079 0.852081 0.998280 0.878000 0.884345 0.978919 0.925035 0.920160 0.951301 0.985387 0.612927 0.746512 0.665386 0.716043 0.890272 0.854644 0.984515 0.956075 0.957478 0.907410 0.885133 0.800642 0.913245 0.973536 0.837281 0.908151 0.916579 0.978019 0.789941 0.838900 0.830803 0.840384 0.943199 0.933944 0.854201 0.762141 0.918471 0.927141 0.805868 0.869615 0.751650 0.834787 0.943734 0.953486 0.848570 0.917709 0.829746 0.945802 0.874809 0.960789 0.984888 0.938414 0.958457 0.954672 0.976235 0.851189 0.822464 0.848421 0.888830 0.953463 0.957989 0.935284 0.954188 0.993311 0.889205 0.959007 0.936924 0.874713 0.903961 0.932810 0.936928 0.772714 0.946119 0.980388 0.940092 0.936119 0.829108 0.987238 0.756827 0.845329 0.764775 0.779857 0.924926 0.962473
0.565763 0.518332 0.614805 0.905192 0.953382 0.714319 0.948084 0.596294 0.800996 0.540915 0.410454 0.387590 0.694001 0.571180 0.924724 0.673624 0.361700 0.346789 0.466252 0.385323 0.811279 0.916801 0.706038 0.818274 0.588837 0.600248 0.790301 0.802341 0.000000 0.324094 0.983512 0.837275 0.575224 0.491697 0.696309 0.701777 0.776707 0.991898 0.822406 0.943105 0.967411 0.899121 0.819625 0.538498 0.816549 0.471828 0.699894 0.681331 0.662518 0.670599 0.655185 0.777221 0.938023 0.903315 0.833293 0.898639 0.449624 0.518999 0.575897 0.593459 0.663513 0.529187 0.342620 0.372500 0.622283 0.932141 0.838895 0.951599 0.834595 0.542015 0.968665 0.758272 0.592406 0.635779 0.868343 0.849016 0.582677 0.877028 0.677882 0.603020 0.499147 0.648679 0.850997 0.902648 0.870401 0.845923 0.795840 0.893224 0.705647 0.846449 0.753299 0.590509 0.673326 0.690284 0.957503 0.826828 0.797239 0.869050 0.804689 0.857692 0.587313 0.943318 0.622711 0.671829 0.957945 0.983749 0.944496 0.976222 0.933794 0.842901 0.719397 0.763145 0.809704 0.816159 0.978226 0.834658
0.741133 0.631990 0.674454 0.917790 0.985403 0.809063 0.984260 0.581729 0.795106 0.510797 0.509072 0.458646 0.716690 0.592413 0.896711 0.705407 0.382871 0.357109 0.543297 0.480956 0.801138 0.949354 0.741888 0.764845 0.538487 0.567377 0.850634 0.843389 0.324094 0.000000 0.892640 0.776199 0.637426 0.446059 0.692682 0.713418 0.783454 0.973477 0.865875 0.915029 0.951883 0.923644 0.813216 0.550133 0.759191 0.499823 0.731786 0.719088 0.821559 0.793134 0.772813 0.899740 0.960938 0.954555 0.954266 0.957815 0.533195 0.621277 0.750394 0.765937 0.689492 0.607188 0.343929 0.392845 0.584648 0.893696 0.804626 0.946092 0.983039 0.611179 0.901232 0.692551 0.700808 0.676545 0.816338 0.866314 0.685623 0.823402 0.688025 0.615213 0.563444 0.718548 0.886146 0.904453 0.768233 0.789061 0.904494 0.884097 0.636651 0.707547 0.795622 0.595441 0.676663 0.715371 0.859515 0.783325 0.807643 0.831915 0.794656 0.934180 0.644641 0.950560 0.591130 0.738845 0.961361 0.946610 0.918366 0.993122 0.972717 0.716867 0.653588 0.740946 0.721681 0.817326 0.964570 0.770557
0.756601 0.922068 0.677660 0.887798 0.996386 0.892306 0.803794 0.935435 0.943895 0.910806 0.809704 0.853219 0.977921 0.998326 0.700724 0.801112 0.996661 0.875666 0.880613 0.917813 0.973975 0.964640 0.705356 0.812912 0.780392 0.623010 0.869223 0.998604 0.983512 0.892640 0.000000 0.471211 0.636021 0.789525 0.879612 0.945754 0.788475 0.889982 0.959979 0.948407 0.954247 0.987852 0.565063 0.729328 0.701087 0.852763 0.792844 0.685131 0.758251 0.802564 0.782464 0.860757 0.762371 0.994565 0.928454 0.670255 0.998260 0.940833 0.658044 0.750811 0.974878 0.838477 0.916887 0.986430 0.786983 0.858741 0.783295 0.599207 0.715325 0.891042 0.642788 0.703049 0.926706 0.964727 0.941792 0.973664 0.977348 0.817333 0.729497 0.748388 0.906793 0.962138 0.833019 0.953244 0.981983 0.830544 0.959138 0.864734 0.825719 0.931400 0.848561 0.856753 0.833020 0.895637 0.846240 0.912002 0.879798 0.774024 0.934484 0.846343 0.867193 0.794392 0.889713 0.939637 0.925518 0.692195 0.979893 0.937287 0.912184 0.975232 0.765583 0.844364 0.817513 0.941899 0.723200 0.894371
0.726888 0.886981 0.715761 0.883530 0.896700 0.922923 0.748861 0.905533 0.993244 0.881872 0.899095 0.935057 0.895556 0.920204 0.605231 0.761325 0.887133 0.765422 0.838236 0.960623 0.994777 0.993806 0.692748 0.884517 0.899943 0.836774 0.978979 0.798665 0.837275 0.776199 0.471211 0.000000 0.528079 0.731325 0.919915 0.946046 0.905953 0.975960 0.962723 0.926448 0.832967 0.988743 0.636066 0.744322 0.660051 0.829094 0.802930 0.741554 0.704246 0.779522 0.794417 0.766856 0.687540 0.901460 0.930238 0.669487 0.995855 0.959347 0.695072 0.746571 0.891610 0.875989 0.820915 0.928776 0.803486 0.840758 0.804512 0.608972 0.756238 0.980202 0.702794 0.674746 0.924639 0.973714 0.943165 0.983228 0.962345 0.869652 0.611519 0.701909 0.877260 0.938219 0.765124 0.933277 0.968695 0.846661 0.998262 0.893906 0.803315 0.777933 0.927204 0.919651 0.959019 0.949716 0.834041 0.962633 0.986163 0.822037 0.995714 0.951541 0.895414 0.810059 0.889144 0.903947 0.903750 0.869666 0.906446 0.855950 0.898165 0.931581 0.736272 0.846726 0.784476 0.880468 0.807523 0.953168
0.929587 0.766883 0.865646 0.753946 0.925986 0.763758 0.751827 0.669807 0.905005 0.737466 0.845582 0.727058 0.697339 0.663847 0.620953 0.593311 0.619844 0.538993 0.586730 0.692315 0.832996 0.998153 0.735717 0.807421 0.938199 0.943080 0.886543 0.839079 0.575224 0.637426 0.636021 0.528079 0.000000 0.517675 0.899305 0.944640 0.935690 0.976540 0.854228 0.919787 0.881732 0.891726 0.637481 0.626569 0.626011 0.639319 0.682739 0.643095 0.996493 0.993470 0.931979 0.968724 0.895854 0.951008 0.945358 0.842179 0.737261 0.789841 0.915741 0.929845 0.635856 0.783277 0.574728 0.615707 0.843270 0.703275 0.785383 0.558948 0.902179 0.853035 0.870100 0.725823 0.783748 0.876949 0.776343 0.867853 0.739750 0.822984 0.620040 0.592191 0.586150 0.713706 0.700903 0.807519 0.754541 0.735211 0.955280 0.738155 0.780346 0.970934 0.956040 0.895147 0.935540 0.909253 0.897696 0.964830 0.931190 0.733295 0.755323 0.644033 0.761158 0.705800 0.763091 0.782474 0.762886 0.844448 0.999463 0.957071 0.959807 0.857781 0.693956 0.761769 0.982629 0.860271 0.785566 0.875776
0.696146 0.567890 0.904252 0.854472 0.873391 0.715028 0.840464 0.532297 0.897913 0.683864 0.640505 0.477689 0.616548 0.570463 0.775149 0.590016 0.508046 0.424860 0.481072 0.530738 0.814286 0.983771 0.968645 0.975538 0.779706 0.890767 0.959432 0.852081 0.491697 0.446059 0.789525 0.731325 0.517675 0.000000 0.924425 0.912589 0.953947 0.919505 0.907634 0.889105 0.911848 0.950195 0.626976 0.464714 0.661818 0.524048 0.594569 0.584194 0.809919 0.840666 0.791552 0.868204 0.937027 0.997052 0.924514 0.966517 0.535925 0.650285 0.779581 0.758816 0.589243 0.554484 0.410000 0.440300 0.935160 0.758292 0.932286 0.658042 0.942159 0.717834 0.774663 0.628573 0.744301 0.719737 0.772275 0.881405 0.559092 0.702410 0.597316 0.653918 0.490638 0.602883 0.710813 0.793697 0.845114 0.808230 0.978894 0.867032 0.723182 0.888889 0.988964 0.757815 0.828937 0.833558 0.917107 0.801525 0.783514 0.720197 0.671355 0.736976 0.630998 0.887534 0.620893 0.770253 0.766381 0.782176 0.969680 0.985183 0.913518 0.788156 0.668343 0.667909 0.746165 0.832943 0.744509 0.945625
0.799611 0.795977 0.680369 0.886839 0.848003 0.961682 0.814897 0.920130 0.861931 0.847729 0.710548 0.745333 0.918912 0.840899 0.856573 0.962697 0.722358 0.826171 0.845910 0.807218 0.902932 0.921629 0.707337 0.801062 0.784408 0.744064 0.846520 0.998280 0.696309 0.692682 0.879612 0.919915 0.899305 0.924425 0.000000 0.762598 0.712128 0.914717 0.955414 0.894641 0.926759 0.963804 0.818713 0.945781 0.888527 0.867680 0.863147 0.935145 0.812844 0.713257 0.743131 0.782301 0.835317 0.880694 0.993235 0.791031 0.768347 0.745511 0.758893 0.745637 0.948862 0.902597 0.772458 0.776030 0.647304 0.689199 0.574077 0.684603 0.885071 0.710920 0.993107 0.924338 0.891301 0.954483 0.933007 0.985447 0.896245 0.957665 0.907211 0.845081 0.906841 0.960511 0.951623 0.910579 0.708633 0.679289 0.945369 0.847934 0.985684 0.909672 0.720062 0.682485 0.724486 0.700466 0.950891 0.867101 0.947474 0.926172 0.993595 0.825250 0.958656 0.791435 0.893272 0.935825 0.920797 0.989807 0.944948 0.823502 0.914038 0.962057 0.898036 0.949458 0.986524 0.923180 0.631807 0.912224
0.732780 0.715849 0.713654 0.940322 0.784052 0.957943 0.782924 0.849111 0.979716 0.780509 0.646538 0.717077 0.933552 0.875953 0.920277 0.942351 0.713681 0.800250 0.817877 0.679223 0.925525 0.982483 0.631828 0.738374 0.820654 0.789430 0.990459 0.878000 0.701777 0.713418 0.945754 0.946046 0.944640 0.912589 0.762598 0.000000 0.810727 0.987723 0.971834 0.948423 0.981973 0.952661 0.913192 0.955047 0.850218 0.757224 0.970238 0.917118 0.700203 0.602915 0.595393 0.662830 0.743210 0.705978 0.684833 0.793823 0.673794 0.641215 0.746800 0.651866 0.977873 0.743266 0.745855 0.712719 0.672046 0.805257 0.582877 0.750748 0.812694 0.717941 0.961895 0.917031 0.926538 0.938851 0.991662 0.867791 0.777067 0.987842 0.891532 0.975540 0.788221 0.841540 0.898515 0.959757 0.773417 0.799812 0.691040 0.719419 0.932334 0.990009 0.740048 0.708384 0.640595 0.760870 0.881645 0.943108 0.969662 0.805844 0.992995 0.863540 0.847458 0.893800 0.904444 0.765217 0.891074 0.965937 0.819814 0.891476 0.852180 0.957805 0.953870 0.942979 0.986870 0.940410 0.963916 0.911750
0.843662 0.904658 0.805361 0.997277 0.948480 0.921765 0.936975 0.784778 0.980186 0.857185 0.729805 0.770879 0.826796 0.687885 0.971416 0.995555 0.807959 0.900220 0.836078 0.839017 0.808809 0.914550 0.818465 0.922890 0.702150 0.670900 0.941240 0.884345 0.776707 0.783454 0.788475 0.905953 0.935690 0.953947 0.712128 0.810727 0.000000 0.799345 0.638349 0.853524 0.878178 0.820730 0.903342 0.967355 0.925772 0.903363 0.912987 0.970614 0.896596 0.841089 0.771688 0.848633 0.853431 0.806116 0.909635 0.989001 0.960093 0.904228 0.786512 0.800214 0.792850 0.817514 0.824855 0.858001 0.813057 0.988575 0.771107 0.794697 0.991876 0.978657 0.709376 0.928874 0.954905 0.984418 0.990048 0.969090 0.911060 0.842028 0.997880 0.997061 0.969230 0.970210 0.914808 0.791933 0.900855 0.873508 0.988836 0.726174 0.854944 0.807678 0.984114 0.785806 0.829061 0.897674 0.946060 0.975677 0.929290 0.675411 0.864220 0.987387 0.986106 0.992105 0.976402 0.959909 0.973137 0.802560 0.895907 0.993745 0.863815 0.856028 0.863233 0.969644 0.926253 0.936044 0.863838 0.997414
0.894967 0.894802 0.898109 0.841628 0.984814 0.907791 0.885893 0.953555 0.869264 0.988194 0.980736 0.989625 0.820085 0.890881 0.865023 0.985491 0.970557 0.853088 0.977721 0.967490 0.908795 0.678073 0.976339 0.959663 0.808060 0.863954 0.877118 0.978919 0.991898 0.973477 0.889982 0.975960 0.976540 0.919505 0.914717 0.987723 0.799345 0.000000 0.826243 0.917220 0.826291 0.744887 0.918759 0.988493 0.891784 0.885992 0.828497 0.791465 0.936397 0.995094 0.971872 0.993456 0.996541 0.829213 0.819587 0.888099 0.816835 0.800402 0.871864 0.996327 0.972209 0.943213 0.963365 0.891131 0.887215 0.972787 0.903304 0.929224 0.749484 0.834964 0.838767 0.780420 0.847510 0.891161 0.913723 0.945142 0.970591 0.856681 0.819814 0.855920 0.873687 0.797640 0.914650 0.708974 0.903992 0.818455 0.793217 0.832381 0.954937 0.820586 0.833703 0.958571 0.968352 0.992835 0.856998 0.833065 0.583623 0.714222 0.988977 0.857878 0.954597 0.895547 0.897036 0.642490 0.862153 0.713541 0.892516 0.959487 0.986198 0.937297 0.829928 0.961152 0.971382 0.919633 0.896324 0.927501
