0.000000 0.496142 0.753481 0.850898 0.877627 0.779024 0.852299 0.787250 0.842877 0.748506 0.654829 0.745801 0.904486 0.857629 0.934495 0.953856 0.646494 0.500976 0.929681 0.825521 0.972405 0.970016 0.985757 0.976871 0.928556 0.935236 0.977849 0.746528 0.762942 0.851002 0.986263 0.956899 0.827171 0.769687 0.907809 0.912257 0.928449 0.781400 0.957358 0.800189 0.746344 0.769975 0.724359 0.617635 0.673887 0.561832 0.675402 0.562855 0.587339 0.592029 0.584743 0.561253 0.628735 0.920015 0.756780 0.688577 0.462563 0.525550 0.585510 0.558748 0.805578 0.989266 0.518378 0.486285 0.928028 0.863770 0.915646 0.865226 0.644583 0.609375 0.769516 0.743730 0.989591 0.982649 0.862450 0.979089 0.997755 0.982130 0.629683 0.789318 0.428269 0.532133 0.682017 0.540077 0.703199 0.776297 0.932312 0.867064 0.806242 0.685187 0.654468 0.661054 0.690335 0.624150 0.994276 0.931061 0.993135 0.989243 0.924054 0.960846 0.920410 0.905468 0.923364 0.803162 0.941252 0.964953 0.891830 0.871944 0.991695 0.919552 0.905372 0.967197 0.939547 0.829999 0.889775 0.910392
0.496142 0.000000 0.727137 0.917801 0.820157 0.893923 0.789407 0.796852 0.690133 0.575145 0.825447 0.751497 0.946976 0.905893 0.966721 0.933606 0.639702 0.519374 0.924036 0.951803 0.902532 0.969907 0.940025 0.964320 0.903420 0.904259 0.987016 0.633570 0.874170 0.975017 0.958979 0.934676 0.809649 0.789082 0.830825 0.836681 0.873676 0.916565 0.933841 0.673114 0.683033 0.741078 0.670751 0.573690 0.697564 0.557737 0.565705 0.564767 0.666496 0.621924 0.574189 0.524801 0.676179 0.969544 0.637453 0.696817 0.420320 0.411266 0.513456 0.526195 0.901171 0.884803 0.476294 0.473289 0.956485 0.971357 0.802763 0.719450 0.686297 0.613540 0.756658 0.689769 0.987947 0.983682 0.856875 0.941959 0.976065 0.896209 0.709686 0.685318 0.459880 0.502947 0.644519 0.499227 0.685107 0.616469 0.860893 0.838340 0.970702 0.652586 0.688848 0.646293 0.808330 0.636880 0.916735 0.900705 0.994637 0.939721 0.942572 0.888850 0.996954 0.838087 0.949262 0.908442 0.927118 0.909312 0.965931 0.943751 0.943391 0.910088 0.875692 0.945721 0.959011 0.826512 0.790474 0.899691
0.753481 0.727137 0.000000 0.616551 0.860524 0.884541 0.569940 0.651119 0.667293 0.681705 0.985423 0.903665 0.689042 0.774042 0.793302 0.719860 0.787975 0.766846 0.746073 0.873495 0.841992 0.917863 0.684774 0.679156 0.768063 0.968984 0.979988 0.795471 0.898285 0.899013 0.744917 0.797853 0.811448 0.946006 0.934129 0.999222 0.986841 0.993289 0.876084 0.857685 0.805376 0.985965 0.993544 0.915373 0.964088 0.821151 0.896461 0.936869 0.782211 0.840877 0.746531 0.786438 0.991005 0.942243 0.818310 0.813023 0.741008 0.617624 0.621862 0.682682 0.818027 0.649491 0.656045 0.715043 0.641278 0.842441 0.959500 0.839301 0.783359 0.701382 0.779275 0.752554 0.885324 0.849542 0.991516 0.793249 0.962839 0.899990 0.859903 0.949818 0.719245 0.818065 0.897368 0.822307 0.991464 0.987098 0.995134 0.972486 0.780440 0.965213 0.772531 0.679027 0.868021 0.662478 0.996470 0.827516 0.929112 0.918076 0.874361 0.762573 0.994771 0.843402 0.893358 0.853566 0.991440 0.941876 0.855415 0.973128 0.981998 0.919556 0.829531 0.993072 0.931789 0.781936 0.979807 0.982544
0.850898 0.917801 0.616551 0.000000 0.915623 0.891333 0.775386 0.452799 0.891179 0.813485 0.983840 0.988662 0.961256 0.972477 0.773809 0.962248 0.897273 0.855264 0.902350 0.975321 0.938438 0.932171 0.935320 0.903716 0.775660 0.808841 0.935220 0.945195 0.805653 0.954995 0.978199 0.815126 0.954728 0.993438 0.938149 0.914744 0.978279 0.937879 0.844757 0.954719 0.946722 0.922975 0.922239 0.928856 0.731801 0.780854 0.931913 0.984346 0.726826 0.860027 0.747049 0.833388 0.863594 0.900656 0.853868 0.898648 0.868371 0.803046 0.867343 0.960877 0.924249 0.876682 0.792400 0.790896 0.998925 0.817100 0.931396 0.917998 0.928059 0.850959 0.846976 0.823878 0.999241 0.962015 0.936068 0.895830 0.994232 0.922476 0.893010 0.993707 0.821869 0.915872 0.716827 0.861078 0.771834 0.954917 0.842538 0.880359 0.937142 0.998529 0.828717 0.795118 0.827936 0.778666 0.933909 0.969071 0.856345 0.775673 0.832387 0.998230 0.955668 0.954379 0.943365 0.914319 0.988972 0.882693 0.860903 0.962117 0.880425 0.875263 0.895250 0.798090 0.964406 0.919724 0.971484 0.891070
0.877627 0.820157 0.860524 0.915623 0.000000 0.904020 0.727813 0.978516 0.720989 0.806471 0.984666 0.920167 0.670766 0.800953 0.738088 0.660006 0.926644 0.905409 0.797595 0.978775 0.786105 0.985236 0.644045 0.673342 0.941866 0.847286 0.938852 0.842092 0.936427 0.983023 0.986500 0.920672 0.895253 0.959395 0.929816 0.997442 0.839614 0.921599 0.836468 0.756235 0.921634 0.825970 0.950159 0.776915 0.954451 0.850423 0.889743 0.888782 0.881266 0.847720 0.867993 0.944088 0.979340 0.908205 0.889400 0.978158 0.748701 0.772883 0.838627 0.771164 0.724761 0.787343 0.863146 0.927879 0.638592 0.824339 0.992717 0.851471 0.780374 0.710822 0.817055 0.922199 0.986816 0.967285 0.949684 0.916567 0.894462 0.957476 0.924405 0.897854 0.766186 0.873758 0.895001 0.820957 0.706569 0.910507 0.804521 0.845186 0.944010 0.976538 0.696044 0.680687 0.867184 0.677431 0.910412 0.968328 0.874539 0.791609 0.804257 0.665398 0.931023 0.804001 0.888113 0.895571 0.912217 0.986303 0.969344 0.849365 0.961757 0.807922 0.911315 0.938551 0.948845 0.973639 0.972047 0.818716
0.779024 0.893923 0.884541 0.891333 0.904020 0.000000 0.941603 0.969570 0.913085 0.960890 0.937325 0.976660 0.919808 0.962749 0.958592 0.868095 0.988144 0.992891 0.941538 0.906704 0.872932 0.833363 0.981293 0.868996 0.641337 0.625636 0.993174 0.805212 0.877759 0.833367 0.972748 0.949677 0.882446 0.865375 0.727640 0.846078 0.982302 0.982882 0.808805 0.894058 0.859213 0.933716 0.873709 0.718746 0.804208 0.692199 0.965960 0.709990 0.626315 0.600353 0.799150 0.841915 0.779968 0.786635 0.889210 0.984577 0.731015 0.900909 0.954933 0.806575 0.852016 0.966419 0.942482 0.909416 0.719241 0.565501 0.638958 0.715167 0.682108 0.680155 0.830574 0.971888 0.929300 0.932201 0.933476 0.994376 0.959511 0.846281 0.854665 0.960502 0.784162 0.907534 0.956680 0.923563 0.917868 0.731685 0.921111 0.953198 0.988536 0.941446 0.647993 0.794815 0.611001 0.753141 0.861682 0.843428 0.918269 0.953217 0.993902 0.911014 0.874095 0.997422 0.903608 0.840026 0.836782 0.838979 0.738514 0.905689 0.961006 0.938001 0.949573 0.895845 0.834114 0.984224 0.865239 0.777319
0.852299 0.789407 0.569940 0.775386 0.727813 0.941603 0.000000 0.561647 0.630614 0.505864 0.848585 0.966360 0.528996 0.789886 0.678377 0.695966 0.985135 0.968715 0.474382 0.763503 0.675124 0.893780 0.546064 0.747495 0.969255 0.681914 0.905595 0.789105 0.742589 0.643110 0.783890 0.638520 0.746455 0.892794 0.860660 0.899067 0.770805 0.820660 0.812965 0.661081 0.855211 0.909023 0.808206 0.775206 0.881821 0.752334 0.694956 0.885137 0.772675 0.855346 0.641967 0.715662 0.926356 0.912237 0.846796 0.772455 0.746933 0.686260 0.671851 0.746138 0.695210 0.755708 0.841578 0.896484 0.727043 0.933155 0.872024 0.667072 0.744684 0.685170 0.829952 0.701316 0.758427 0.819054 0.836229 0.877560 0.980399 0.955680 0.829695 0.967179 0.863879 0.917770 0.884533 0.819238 0.835295 0.867688 0.992576 0.781745 0.779615 0.970934 0.673412 0.598806 0.819988 0.657466 0.988426 0.982284 0.983329 0.854512 0.849823 0.721008 0.998754 0.674760 0.824825 0.804157 0.943281 0.890954 0.854519 0.953480 0.946601 0.940482 0.895602 0.977451 0.976790 0.844000 0.823217 0.875258
0.787250 0.796852 0.651119 0.452799 0.978516 0.969570 0.561647 0.000000 0.821328 0.589987 0.901199 0.959926 0.937330 0.960829 0.851727 0.971596 0.964904 0.888133 0.723706 0.881643 0.750366 0.939646 0.991691 0.957593 0.963291 0.951964 0.833448 0.803819 0.999074 0.831670 0.998267 0.691622 0.978568 0.925403 0.779821 0.934278 0.842940 0.832686 0.998688 0.857262 0.884301 0.991137 0.716719 0.777522 0.594913 0.636064 0.741289 0.826441 0.640169 0.804885 0.613999 0.673833 0.825925 0.787961 0.880850 0.835172 0.784626 0.699088 0.788099 0.915000 0.988479 0.864744 0.829786 0.835207 0.923993 0.960818 0.959196 0.878824 0.855477 0.748748 0.865991 0.665220 0.855222 0.950925 0.790616 0.982369 0.949603 0.964284 0.800200 0.972022 0.831889 0.886030 0.606805 0.712552 0.766503 0.751989 0.737067 0.962105 0.963903 0.922746 0.730447 0.741507 0.788989 0.736187 0.985082 0.998988 0.846772 0.906700 0.910203 0.957860 0.868062 0.821346 0.955370 0.852654 0.881078 0.979384 0.859132 0.957020 0.943124 0.997737 0.839927 0.836346 0.847654 0.884164 0.837979 0.880841
0.842877 0.690133 0.667293 0.891179 0.720989 0.913085 0.630614 0.821328 0.000000 0.446869 0.919483 0.982544 0.606989 0.779616 0.668663 0.562797 0.880097 0.764330 0.549156 0.815947 0.855085 0.928752 0.548170 0.651357 0.901916 0.786860 0.843738 0.692530 0.815571 0.743387 0.665096 0.819177 0.987112 0.968987 0.939137 0.893696 0.892743 0.924135 0.783925 0.655875 0.760208 0.860299 0.976961 0.937597 0.908363 0.947994 0.764566 0.819122 0.955270 0.938893 0.834684 0.901310 0.853360 0.673211 0.762795 0.823449 0.704040 0.642033 0.643768 0.677093 0.930751 0.707725 0.695184 0.767690 0.711775 0.837305 0.755258 0.565706 0.780308 0.777104 0.723510 0.779536 0.867492 0.923551 0.830153 0.933292 0.858187 0.961599 0.898832 0.932386 0.805892 0.801985 0.957145 0.730031 0.903081 0.784184 0.956048 0.847582 0.870419 0.929529 0.781702 0.574903 0.961044 0.671939 0.960731 0.957578 0.867509 0.877894 0.825845 0.693819 0.873075 0.719556 0.918625 0.995455 0.825503 0.880110 0.893154 0.950949 0.984682 0.881504 0.956862 0.879574 0.898826 0.931352 0.903852 0.881073
0.748506 0.575145 0.681705 0.813485 0.806471 0.960890 0.505864 0.589987 0.446869 0.000000 0.886181 0.902195 0.713490 0.937341 0.809849 0.729139 0.923789 0.781394 0.543834 0.799853 0.741291 0.975931 0.672519 0.843027 0.820300 0.708171 0.965173 0.650555 0.803401 0.651057 0.768864 0.735552 0.951013 0.988812 0.741695 0.794391 0.806371 0.884625 0.773233 0.592766 0.782915 0.799580 0.731026 0.757095 0.806983 0.721859 0.547118 0.710803 0.866730 0.878257 0.603818 0.655152 0.960383 0.925111 0.770853 0.726417 0.604742 0.545232 0.578701 0.661024 0.986255 0.830779 0.660362 0.725699 0.906950 0.769491 0.687714 0.523602 0.767072 0.699264 0.708257 0.652795 0.736713 0.893786 0.967609 0.973727 0.855213 0.999255 0.836372 0.888301 0.745964 0.751639 0.778907 0.626175 0.892825 0.582300 0.919492 0.893938 0.886908 0.905664 0.719126 0.518888 0.928259 0.581992 0.949035 0.957355 0.919071 0.906502 0.922914 0.805674 0.939572 0.713560 0.927955 0.871208 0.810443 0.817855 0.956008 0.941650 0.971033 0.915871 0.896208 0.989674 0.955616 0.929956 0.727726 0.996647
0.654829 0.825447 0.985423 0.983840 0.984666 0.937325 0.848585 0.901199 0.919483 0.886181 0.000000 0.739511 0.703339 0.774332 0.845998 0.845503 0.720706 0.624673 0.753581 0.735009 0.990591 0.978366 0.887063 0.850967 0.938374 0.883025 0.985660 0.967599 0.659592 0.643987 0.788274 0.851596 0.664180 0.722006 0.915754 0.985963 0.986900 0.844756 0.932307 0.891909 0.928543 0.840076 0.989958 0.822132 0.912512 0.884626 0.937741 0.841118 0.861196 0.849337 0.867482 0.866936 0.768886 0.996211 0.964164 0.779404 0.795336 0.830997 0.864075 0.805837 0.758759 0.777498 0.789704 0.652782 0.988608 0.897116 0.930826 0.985122 0.815293 0.843922 0.982182 0.986562 0.990392 0.951780 0.958254 0.982608 0.934274 0.987546 0.761906 0.844495 0.738401 0.636635 0.893688 0.760834 0.847687 0.966629 0.992015 0.825542 0.807180 0.744421 0.845855 0.848160 0.859929 0.824719 0.974864 0.982718 0.969800 0.964952 0.918855 0.985071 0.942706 0.943663 0.995323 0.940529 0.975517 0.992195 0.974400 0.949126 0.900378 0.926907 0.883984 0.904928 0.961994 0.861239 0.981721 0.935847
0.745801 0.751497 0.903665 0.988662 0.920167 0.976660 0.966360 0.959926 0.982544 0.902195 0.739511 0.000000 0.778860 0.639112 0.900505 0.818820 0.795170 0.784573 0.932460 0.854059 0.850391 0.942047 0.901464 0.785642 0.859690 0.928634 0.949762 0.992075 0.784353 0.975930 0.928444 0.998778 0.645091 0.756980 0.771123 0.844038 0.894009 0.903968 0.997098 0.857432 0.932139 0.887242 0.885635 0.818378 0.833720 0.857419 0.803375 0.891606 0.919988 0.814327 0.750109 0.742197 0.791650 0.899932 0.855447 0.680260 0.790947 0.896124 0.773931 0.856525 0.709291 0.645162 0.791236 0.726656 0.902866 0.820574 0.727313 0.817371 0.917335 0.915115 0.978099 0.975798 0.955920 0.863999 0.837235 0.809925 0.960426 0.954203 0.886989 0.857012 0.862642 0.735361 0.843151 0.779717 0.792919 0.776207 0.952063 0.847751 0.903111 0.699069 0.966366 0.850243 0.985749 0.852751 0.989544 0.988737 0.801174 0.958307 0.916222 0.882516 0.857419 0.937602 0.842987 0.994676 0.975826 0.893284 0.901845 0.977699 0.994605 0.981624 0.842204 0.972095 0.808755 0.936051 0.891160 0.990658
0.904486 0.946976 0.689042 0.961256 0.670766 0.919808 0.528996 0.937330 0.606989 0.713490 0.703339 0.778860 0.000000 0.566404 0.426574 0.435109 0.955686 0.875397 0.480414 0.692034 0.827393 0.968078 0.420875 0.556834 0.922751 0.772501 0.983344 0.902038 0.658213 0.631090 0.696277 0.716459 0.582983 0.771221 0.914242 0.986166 0.876556 0.988937 0.825175 0.843733 0.933312 0.992046 0.882759 0.926565 0.713719 0.910791 0.988882 0.997794 0.921596 0.937261 0.998028 0.929805 0.763352 0.835138 0.843458 0.992172 0.936968 0.852973 0.834991 0.779997 0.524740 0.656631 0.942412 0.946933 0.531992 0.995331 0.985395 0.799787 0.843906 0.826502 0.818805 0.921223 0.818166 0.785569 0.940453 0.832213 0.862984 0.838072 0.948296 0.996113 0.942156 0.975727 0.852632 0.973624 0.629462 0.909454 0.869532 0.716915 0.747861 0.871666 0.793328 0.739454 0.931206 0.829018 0.938704 0.955067 0.926665 0.847721 0.705283 0.587475 0.972508 0.671105 0.913269 0.981278 0.898408 0.976644 0.939833 0.993961 0.948417 0.911081 0.984857 0.849720 0.908287 0.960651 0.915010 0.981448
0.857629 0.905893 0.774042 0.972477 0.800953 0.962749 0.789886 0.960829 0.779616 0.937341 0.774332 0.639112 0.566404 0.000000 0.578860 0.555725 0.907833 0.985398 0.711341 0.728604 0.836097 0.835347 0.534901 0.523994 0.846237 0.924858 0.889479 0.992600 0.737989 0.843658 0.799918 0.802860 0.628635 0.824516 0.751042 0.827353 0.870942 0.930082 0.909569 0.898067 0.903792 0.943807 0.807737 0.824068 0.704116 0.785175 0.974331 0.819856 0.815460 0.744740 0.879206 0.716507 0.745317 0.709908 0.990428 0.939652 0.917963 0.992469 0.930852 0.971432 0.710271 0.632601 0.975924 0.946288 0.587934 0.895007 0.911235 0.980656 0.944173 0.950583 0.980962 0.895953 0.986466 0.840819 0.806158 0.725856 0.868987 0.870981 0.888897 0.947182 0.972685 0.922672 0.715602 0.815080 0.636473 0.749377 0.898436 0.720192 0.777494 0.677889 0.989428 0.969272 0.976896 0.996665 0.943783 0.964580 0.969096 0.819685 0.913528 0.707897 0.974761 0.914866 0.938220 0.973913 0.858881 0.908083 0.912337 0.980798 0.962365 0.928042 0.895258 0.941637 0.992668 0.952387 0.881396 0.889759
0.934495 0.966721 0.793302 0.773809 0.738088 0.958592 0.678377 0.851727 0.668663 0.809849 0.845998 0.900505 0.426574 0.578860 0.000000 0.435198 0.989999 0.882477 0.625043 0.786364 0.878760 0.948464 0.377432 0.606333 0.933131 0.803236 0.805747 0.988068 0.587340 0.686931 0.705627 0.807541 0.629334 0.862189 0.898597 0.953797 0.912977 0.943170 0.805971 0.832576 0.942393 0.958399 0.830323 0.881388 0.662754 0.819576 0.991274 0.950080 0.801036 0.829118 0.987725 0.869938 0.761861 0.759456 0.969270 0.909160 0.991128 0.969566 0.853649 0.814073 0.710468 0.818281 0.946725 0.948314 0.478355 0.868258 0.874068 0.696959 0.815343 0.891120 0.972058 0.949387 0.804668 0.841117 0.845144 0.879855 0.865078 0.872292 0.910204 0.957527 0.990431 0.970772 0.696932 0.903362 0.541729 0.837064 0.754832 0.670403 0.807978 0.820410 0.953241 0.780056 0.927452 0.872054 0.934966 0.979032 0.797656 0.694398 0.815163 0.640584 0.863836 0.860244 0.830833 0.938054 0.907445 0.921407 0.969911 0.992712 0.977679 0.941615 0.985108 0.802466 0.894000 0.999971 0.905005 0.988163
0.953856 0.933606 0.719860 0.962248 0.660006 0.868095 0.695966 0.971596 0.562797 0.729139 0.845503 0.818820 0.435109 0.555725 0.435198 0.000000 0.969349 0.967118 0.639937 0.758672 0.905422 0.968757 0.430117 0.498464 0.822047 0.898193 0.812528 0.964554 0.671249 0.737768 0.683809 0.812152 0.691008 0.925360 0.892439 0.996241 0.946387 0.983247 0.845236 0.843881 0.929606 0.997114 0.847985 0.917703 0.749009 0.912120 0.997577 0.939516 0.906627 0.945111 0.954365 0.952134 0.772343 0.738570 0.850155 0.978625 0.901466 0.848070 0.765829 0.692261 0.757847 0.736978 0.859942 0.946154 0.466979 0.990420 0.900542 0.742017 0.732896 0.803137 0.836404 0.933980 0.865651 0.830641 0.820550 0.800975 0.870777 0.890329 0.932103 0.955603 0.867000 0.990501 0.743667 0.972399 0.640660 0.866739 0.893517 0.683265 0.865341 0.788079 0.819970 0.671761 0.974630 0.714861 0.882442 0.936245 0.839539 0.724785 0.798604 0.632741 0.943965 0.796275 0.860857 0.943769 0.950533 0.946359 0.902076 0.991580 0.977561 0.930117 0.944615 0.816599 0.854186 0.954577 0.866325 0.876033
0.646494 0.639702 0.787975 0.897273 0.926644 0.988144 0.985135 0.964904 0.880097 0.923789 0.720706 0.795170 0.955686 0.907833 0.989999 0.969349 0.000000 0.496881 0.958550 0.931252 0.969175 0.893068 0.910235 0.861131 0.872000 0.916973 0.938764 0.831068 0.810927 0.712570 0.981297 0.984100 0.858158 0.717445 0.995765 0.996035 0.877175 0.903251 0.938199 0.875308 0.786839 0.949395 0.979898 0.802897 0.965359 0.857466 0.873499 0.912586 0.933931 0.903546 0.853076 0.907433 0.927492 0.848855 0.848246 0.777513 0.662240 0.620754 0.745697 0.823806 0.843847 0.936394 0.515461 0.540794 0.841430 0.896986 0.969913 0.892675 0.763387 0.765511 0.905568 0.959389 0.984180 0.991271 0.907970 0.923614 0.972976 0.957851 0.712584 0.732829 0.560928 0.584596 0.864065 0.745161 0.874225 0.910417 0.978952 0.823388 0.894389 0.842061 0.852005 0.819485 0.797541 0.738489 0.944543 0.922609 0.960334 0.992153 0.996473 0.869845 0.945368 0.974884 0.978075 0.879587 0.949559 0.971732 0.974589 0.976014 0.972236 0.994347 0.997318 0.930351 0.958272 0.917491 0.999372 0.970134
0.500976 0.519374 0.766846 0.855264 0.905409 0.992891 0.968715 0.888133 0.764330 0.781394 0.624673 0.784573 0.875397 0.985398 0.882477 0.967118 0.496881 0.000000 0.956611 0.865050 0.982106 0.969565 0.972429 0.971488 0.974077 0.887738 0.985650 0.690172 0.763335 0.752930 0.910183 0.966429 0.732693 0.758992 0.989213 0.950991 0.835532 0.885061 0.973900 0.762076 0.744643 0.833122 0.921737 0.724533 0.868016 0.762859 0.755372 0.711331 0.812515 0.821791 0.758167 0.775242 0.819802 0.855938 0.711838 0.769915 0.496166 0.484993 0.669549 0.675504 0.769714 0.923573 0.458587 0.420550 0.960155 0.873758 0.928979 0.867785 0.699708 0.729228 0.791794 0.814487 0.934205 0.974829 0.949584 0.948438 0.948132 0.984974 0.624165 0.710257 0.478803 0.419579 0.688544 0.541142 0.686985 0.726452 0.843556 0.764586 0.853143 0.770238 0.733797 0.740229 0.780143 0.729387 0.985424 0.888302 0.989879 0.948389 0.997133 0.912346 0.971987 0.938366 0.951059 0.964257 0.921012 0.926848 0.890851 0.992322 0.933470 0.989759 0.898774 0.993805 0.993143 0.807546 0.898929 0.950943
0.929681 0.924036 0.746073 0.902350 0.797595 0.941538 0.474382 0.723706 0.549156 0.543834 0.753581 0.932460 0.480414 0.711341 0.625043 0.639937 0.958550 0.956611 0.000000 0.640354 0.762129 0.910609 0.521874 0.724891 0.825274 0.664148 0.981875 0.795182 0.683281 0.576478 0.725408 0.677450 0.789502 0.745617 0.877331 0.993112 0.756744 0.895423 0.683895 0.717551 0.917057 0.982601 0.981359 0.979382 0.913612 0.996529 0.790248 0.992040 0.950740 0.873682 0.864051 0.987774 0.802064 0.882871 0.834147 0.882642 0.892880 0.804107 0.827093 0.893256 0.696407 0.792647 0.965401 0.993714 0.768837 0.812495 0.891723 0.682359 0.940937 0.826719 0.794642 0.870745 0.789127 0.852391 0.883149 0.945332 0.837360 0.947534 0.975228 0.986528 0.989839 0.977843 0.974833 0.900242 0.780469 0.884366 0.970022 0.682978 0.776399 0.919021 0.740985 0.635899 0.887506 0.751396 0.993371 0.932389 0.992378 0.854466 0.834314 0.698152 0.995208 0.693078 0.914622 0.944239 0.919981 0.905695 0.864646 0.800619 0.945372 0.940709 0.994979 0.860433 0.906235 0.914560 0.944083 0.915744
0.825521 0.951803 0.873495 0.975321 0.978775 0.906704 0.763503 0.881643 0.815947 0.799853 0.735009 0.854059 0.692034 0.728604 0.786364 0.758672 0.931252 0.865050 0.640354 0.000000 0.805490 0.884835 0.744470 0.827710 0.940949 0.875683 0.963593 0.904846 0.750920 0.639151 0.878481 0.742923 0.846960 0.846090 0.923634 0.949100 0.857593 0.907359 0.800702 0.941865 0.978628 0.970215 0.953056 0.828957 0.903616 0.864241 0.919914 0.947134 0.874982 0.843970 0.984282 0.954893 0.907234 0.917335 0.969558 0.798976 0.911235 0.962915 0.973437 0.961298 0.850790 0.911495 0.986393 0.973178 0.911512 0.845663 0.900094 0.796905 0.995111 0.995022 0.889512 0.911990 0.921735 0.816474 0.933981 0.961551 0.865203 0.975504 0.852186 0.983867 0.912932 0.912127 0.905998 0.854510 0.905169 0.943150 0.963754 0.742747 0.807279 0.794525 0.995013 0.923650 0.994345 0.955129 0.972617 0.919626 0.981351 0.972983 0.823689 0.832798 0.978808 0.811225 0.951984 0.883203 0.979321 0.985210 0.880417 0.842087 0.969176 0.922463 0.965875 0.987377 0.980481 0.914962 0.985033 0.919492
0.972405 0.902532 0.841992 0.938438 0.786105 0.872932 0.675124 0.750366 0.855085 0.741291 0.990591 0.850391 0.827393 0.836097 0.878760 0.905422 0.969175 0.982106 0.762129 0.805490 0.000000 0.908184 0.759549 0.947654 0.858909 0.794268 0.897643 0.867914 0.892821 0.816976 0.997227 0.726611 0.907040 0.977545 0.931566 0.993693 0.807772 0.783192 0.797109 0.723022 0.897740 0.855992 0.840646 0.903231 0.915276 0.872857 0.848411 0.965357 0.933366 0.969118 0.868071 0.937435 0.962774 0.939449 0.995474 0.951928 0.888422 0.832362 0.923857 0.981081 0.802870 0.771665 0.949066 0.990822 0.938750 0.970120 0.891440 0.812267 0.888690 0.800265 0.957023 0.906963 0.740000 0.840035 0.935486 0.990998 0.977376 0.993962 0.900723 0.955946 0.924064 0.985981 0.998389 0.888210 0.902320 0.897590 0.978087 0.896661 0.972263 0.961781 0.882086 0.817517 0.984814 0.843571 0.979057 0.882750 0.999756 0.927410 0.900935 0.918927 0.921485 0.749795 0.976166 0.781120 0.933830 0.984791 0.917432 0.911997 0.958236 0.862421 0.981516 0.979341 0.971219 0.987067 0.811313 0.839507
0.970016 0.969907 0.917863 0.932171 0.985236 0.833363 0.893780 0.939646 0.928752 0.975931 0.978366 0.942047 0.968078 0.835347 0.948464 0.968757 0.893068 0.969565 0.910609 0.884835 0.908184 0.000000 0.963254 0.929586 0.916933 0.967806 0.959300 0.964652 0.982561 0.970075 0.942461 0.867613 0.940849 0.984240 0.929330 0.930871 0.827875 0.943490 0.970208 0.988273 0.980944 0.972236 0.932948 0.904312 0.869826 0.911465 0.891552 0.977464 0.887724 0.938323 0.857885 0.922507 0.776695 0.926970 0.911846 0.927746 0.918139 0.931634 0.976268 0.974722 0.908677 0.866320 0.950811 0.858608 0.936753 0.992133 0.944393 0.977990 0.854862 0.923949 0.917304 0.970554 0.960602 0.977810 0.970583 0.917864 0.909809 0.994246 0.902553 0.880440 0.862364 0.827407 0.913187 0.981745 0.989065 0.955465 0.918170 0.991418 0.955821 0.994506 0.893175 0.902697 0.857033 0.863073 0.895543 0.803766 0.956410 0.961510 0.912962 0.895025 0.978145 0.899553 0.961934 0.898120 0.881850 0.844881 0.995325 0.978375 0.896621 0.959429 0.967192 0.907068 0.947854 0.915557 0.929491 0.974562
0.985757 0.940025 0.684774 0.935320 0.644045 0.981293 0.546064 0.991691 0.548170 0.672519 0.887063 0.901464 0.420875 0.534901 0.377432 0.430117 0.910235 0.972429 0.521874 0.744470 0.759549 0.963254 0.000000 0.495989 0.939749 0.718867 0.785030 0.933673 0.674444 0.707516 0.717391 0.765322 0.671356 0.951560 0.900235 0.994780 0.867345 0.949399 0.786454 0.686843 0.917237 0.935926 0.901803 0.960738 0.733362 0.912096 0.916949 0.955693 0.855715 0.839962 0.936040 0.891048 0.762490 0.721331 0.884092 0.881507 0.919378 0.901400 0.836365 0.835334 0.672358 0.724160 0.908416 0.996833 0.439603 0.919406 0.839815 0.658554 0.807995 0.860514 0.958939 0.981473 0.762616 0.817248 0.858225 0.864999 0.855504 0.868822 0.985987 0.976540 0.951359 0.996571 0.700636 0.963493 0.508666 0.845335 0.815370 0.618013 0.787691 0.785732 0.854987 0.670432 0.969901 0.777034 0.959783 0.963708 0.853878 0.724307 0.834442 0.597098 0.917166 0.766313 0.796140 0.894685 0.927000 0.928699 0.985276 0.951231 0.991823 0.974211 0.969396 0.845318 0.863090 0.956395 0.943128 0.987214
0.976871 0.964320 0.679156 0.903716 0.673342 0.868996 0.747495 0.957593 0.651357 0.843027 0.850967 0.785642 0.556834 0.523994 0.606333 0.498464 0.861131 0.971488 0.724891 0.827710 0.947654 0.929586 0.495989 0.000000 0.704349 0.940155 0.794750 0.948175 0.884534 0.918934 0.823595 0.905736 0.763171 0.945860 0.808238 0.932230 0.859715 0.837109 0.993876 0.915920 0.963605 0.967679 0.915992 0.999388 0.839594 0.998211 0.983158 0.954322 0.987987 0.949848 0.978815 0.861679 0.857814 0.793679 0.899041 0.988075 0.939781 0.943882 0.930905 0.917738 0.722000 0.645860 0.940757 0.997356 0.478044 0.815953 0.959006 0.913834 0.798088 0.878957 0.921732 0.915354 0.975645 0.938547 0.810098 0.846662 0.998517 0.789698 0.938117 0.903577 0.882287 0.970860 0.779883 0.933967 0.600902 0.692654 0.833929 0.707188 0.758798 0.747486 0.885566 0.844523 0.975491 0.841870 0.917812 0.874702 0.930884 0.909366 0.953443 0.679350 0.985043 0.914657 0.766070 0.883900 0.869480 0.828807 0.969655 0.991247 0.920768 0.994619 0.935003 0.921576 0.893868 0.940622 0.827184 0.864206
0.928556 0.903420 0.768063 0.775660 0.941866 0.641337 0.969255 0.963291 0.901916 0.820300 0.938374 0.859690 0.922751 0.846237 0.933131 0.822047 0.872000 0.974077 0.825274 0.940949 0.858909 0.916933 0.939749 0.704349 0.000000 0.644369 0.833462 0.834320 0.909054 0.750395 0.947973 0.834310 0.810657 0.954913 0.702937 0.827736 0.950218 0.834217 0.657948 0.717418 0.945429 0.854043 0.919896 0.972730 0.977518 0.942298 0.776489 0.961304 0.808666 0.806670 0.959390 0.951147 0.919718 0.885612 0.966652 0.934207 0.999651 0.989665 0.990103 0.905207 0.909402 0.873292 0.956642 0.981816 0.624740 0.571324 0.739381 0.699113 0.879278 0.875715 0.975816 0.893307 0.836544 0.928004 0.994368 0.964387 0.940760 0.731527 0.927006 0.982889 0.907200 0.983726 0.937886 0.840149 0.860175 0.589713 0.782111 0.979667 0.895078 0.886016 0.937296 0.991005 0.840791 0.897851 0.976489 0.842520 0.911218 0.961337 0.919724 0.915625 0.820661 0.930918 0.860260 0.835753 0.758214 0.787045 0.930605 0.826415 0.975781 0.872344 0.982821 0.949655 0.928281 0.899358 0.799347 0.860068
0.935236 0.904259 0.968984 0.808841 0.847286 0.625636 0.681914 0.951964 0.786860 0.708171 0.883025 0.928634 0.772501 0.924858 0.803236 0.898193 0.916973 0.887738 0.664148 0.875683 0.794268 0.967806 0.718867 0.940155 0.644369 0.000000 0.992352 0.718754 0.820416 0.625618 0.902592 0.915067 0.966724 0.927254 0.680660 0.853595 0.841150 0.945641 0.688981 0.647036 0.965144 0.911878 0.828730 0.952937 0.968427 0.998694 0.773397 0.936956 0.903222 0.883687 0.921224 0.903017 0.915689 0.979226 0.924657 0.812619 0.953679 0.970585 0.896612 0.996350 0.872744 0.976117 0.879290 0.884081 0.942242 0.589968 0.619812 0.570141 0.940704 0.923485 0.973051 0.908567 0.804487 0.975605 0.895999 0.965974 0.960162 0.810707 0.946080 0.985704 0.909107 0.917104 0.990566 0.979088 0.861946 0.735298 0.956538 0.768108 0.870173 0.906118 0.967922 0.933996 0.805853 0.972669 0.797293 0.891373 0.854057 0.730798 0.953026 0.922537 0.927368 0.865740 0.847900 0.941132 0.875767 0.805361 0.910410 0.914709 0.991071 0.906252 0.984383 0.962254 0.967042 0.965159 0.852225 0.809782
0.977849 0.987016 0.979988 0.935220 0.938852 0.993174 0.905595 0.833448 0.843738 0.965173 0.985660 0.949762 0.983344 0.889479 0.805747 0.812528 0.938764 0.985650 0.981875 0.963593 0.897643 0.959300 0.785030 0.794750 0.833462 0.992352 0.000000 0.946383 0.900954 0.956496 0.897402 0.858200 0.993492 0.909630 0.956507 0.833682 0.961081 0.838511 0.952589 0.988910 0.988422 0.951982 0.989041 0.960901 0.912594 0.927448 0.974559 0.946599 0.928747 0.949310 0.989227 0.919674 0.883287 0.845490 0.972348 0.933972 0.987035 0.985497 0.972727 0.944843 0.951482 0.951745 0.953203 0.950013 0.742644 0.989578 0.842048 0.885937 0.994341 0.945413 0.890994 0.852188 0.963336 0.891496 0.878718 0.967561 0.899663 0.989274 0.975516 0.948410 0.964472 0.990415 0.786764 0.935304 0.827278 0.840125 0.841715 0.930351 0.903220 0.896402 0.934607 0.944469 0.887672 0.970276 0.997125 0.919929 0.990259 0.960413 0.977646 0.877332 0.913621 0.928223 0.792647 0.879645 0.973440 0.906993 0.867705 0.969356 0.955192 0.990392 0.933622 0.872616 0.963196 0.908005 0.788833 0.851776
0.746528 0.633570 0.795471 0.945195 0.842092 0.805212 0.789105 0.803819 0.692530 0.650555 0.967599 0.992075 0.902038 0.992600 0.988068 0.964554 0.831068 0.690172 0.795182 0.904846 0.867914 0.964652 0.933673 0.948175 0.834320 0.718754 0.946383 0.000000 0.993456 0.850195 0.962281 0.952496 0.798805 0.956367 0.750097 0.858066 0.889505 0.941596 0.841412 0.742370 0.847049 0.886561 0.788902 0.799781 0.833849 0.821002 0.775222 0.817111 0.845422 0.889028 0.756225 0.725035 0.867692 0.941794 0.743505 0.832136 0.699381 0.593277 0.713833 0.784071 0.931035 0.885955 0.729080 0.669847 0.899666 0.867387 0.775351 0.702634 0.916888 0.868597 0.738460 0.665716 0.862707 0.980411 0.869912 0.960937 0.981090 0.912483 0.789514 0.845047 0.705804 0.742962 0.734611 0.696744 0.769236 0.652998 0.934253 0.963633 0.885113 0.774746 0.813332 0.750489 0.929440 0.866933 0.996840 0.977528 0.978471 0.974670 0.931108 0.865195 0.988227 0.871368 0.940873 0.965746 0.773301 0.881379 0.873732 0.969348 0.961555 0.908886 0.953800 0.940073 0.885794 0.884897 0.889525 0.959107
0.762942 0.874170 0.898285 0.805653 0.936427 0.877759 0.742589 0.999074 0.815571 0.803401 0.659592 0.784353 0.658213 0.737989 0.587340 0.671249 0.810927 0.763335 0.683281 0.750920 0.892821 0.982561 0.674444 0.884534 0.909054 0.820416 0.900954 0.993456 0.000000 0.556465 0.708889 0.795879 0.661424 0.779350 0.932854 0.921126 0.976645 0.990619 0.806233 0.829185 0.957153 0.824463 0.946429 0.879688 0.852021 0.833070 0.880423 0.916474 0.793704 0.801147 0.989314 0.972970 0.774207 0.937864 0.883199 0.937770 0.872935 0.981275 0.899506 0.947446 0.852516 0.936881 0.887607 0.823657 0.848531 0.705664 0.830400 0.716618 0.973290 0.972639 0.910304 0.957057 0.794004 0.878754 0.962797 0.867069 0.999793 0.917694 0.866173 0.907169 0.767919 0.833229 0.775261 0.879653 0.769934 0.948611 0.956683 0.785358 0.878429 0.750875 0.921318 0.964879 0.888474 0.924486 0.978854 0.919591 0.910194 0.665510 0.826098 0.933515 0.920178 0.956411 0.914949 0.954510 0.864672 0.746878 0.988550 0.890513 0.776622 0.826241 0.893580 0.907121 0.998404 0.904237 0.983549 0.863099
0.851002 0.975017 0.899013 0.954995 0.983023 0.833367 0.643110 0.831670 0.743387 0.651057 0.643987 0.975930 0.631090 0.843658 0.686931 0.737768 0.712570 0.752930 0.576478 0.639151 0.816976 0.970075 0.707516 0.918934 0.750395 0.625618 0.956496 0.850195 0.556465 0.000000 0.681629 0.645492 0.801389 0.799746 0.756727 0.945230 0.914805 0.961698 0.731162 0.749537 0.973736 0.886586 0.993616 0.850171 0.892147 0.889043 0.849321 0.953366 0.878365 0.824293 0.953110 0.960757 0.836494 0.922180 0.939954 0.971810 0.933714 0.976590 0.902738 0.990140 0.868133 0.988061 0.927050 0.888696 0.976443 0.612129 0.769955 0.663028 0.953585 0.955082 0.868983 0.820022 0.692374 0.746875 0.956401 0.856697 0.842619 0.977632 0.783252 0.852899 0.852556 0.870919 0.933221 0.994288 0.915309 0.782410 0.928724 0.737023 0.817743 0.910861 0.956670 0.873784 0.878543 0.951103 0.969822 0.975619 0.954103 0.859745 0.756866 0.831816 0.900691 0.735020 0.967580 0.891081 0.918565 0.834917 0.976821 0.905083 0.918926 0.987800 0.957958 0.912755 0.955043 0.993385 0.951026 0.884058
0.986263 0.958979 0.744917 0.978199 0.986500 0.972748 0.783890 0.998267 0.665096 0.768864 0.788274 0.928444 0.696277 0.799918 0.705627 0.683809 0.981297 0.910183 0.725408 0.878481 0.997227 0.942461 0.717391 0.823595 0.947973 0.902592 0.897402 0.962281 0.708889 0.681629 0.000000 0.827820 0.711368 0.774007 0.995844 0.921834 0.897144 0.940858 0.954507 0.989357 0.978289 0.904217 0.882332 0.878611 0.786764 0.851819 0.933097 0.991637 0.865116 0.838060 0.934275 0.939540 0.811223 0.827234 0.949536 0.924593 0.951767 0.907548 0.809931 0.849757 0.956526 0.892973 0.920384 0.965607 0.828173 0.803477 0.972371 0.827339 0.927940 0.938883 0.868448 0.983632 0.912037 0.921875 0.827407 0.941087 0.731674 0.959308 0.896134 0.850713 0.965930 0.984135 0.923992 0.984553 0.909550 0.949922 0.957484 0.894441 0.828580 0.836457 0.990980 0.865891 0.944024 0.816451 0.987261 0.927526 0.994826 0.973352 0.848013 0.774911 0.978830 0.864348 0.923826 0.967575 0.967558 0.962903 0.887467 0.976801 0.843774 0.938038 0.961222 0.986839 0.941223 0.946845 0.905569 0.923118
0.956899 0.934676 0.797853 0.815126 0.920672 0.949677 0.638520 0.691622 0.819177 0.735552 0.851596 0.998778 0.716459 0.802860 0.807541 0.812152 0.984100 0.966429 0.677450 0.742923 0.726611 0.867613 0.765322 0.905736 0.834310 0.915067 0.858200 0.952496 0.795879 0.645492 0.827820 0.000000 0.772366 0.890410 0.963981 0.934591 0.852908 0.869978 0.934436 0.809963 0.984589 0.933628 0.919865 0.936936 0.943058 0.971771 0.896109 0.971981 0.980631 0.844356 0.935119 0.992131 0.868447 0.913063 0.894952 0.994802 0.891525 0.802233 0.899980 0.995588 0.928909 0.974559 0.865120 0.866805 0.942372 0.853440 0.946746 0.813730 0.807632 0.905024 0.899961 0.820359 0.773728 0.776599 0.915566 0.841414 0.898383 0.880928 0.943853 0.915405 0.921544 0.868562 0.898269 0.816892 0.996548 0.822518 0.780750 0.951025 0.944983 0.975487 0.823325 0.787224 0.897660 0.846013 0.955108 0.950929 0.980143 0.964421 0.785425 0.713898 0.896560 0.791619 0.803953 0.910706 0.934112 0.953626 0.916475 0.907939 0.977577 0.998309 0.848794 0.991563 0.911589 0.918342 0.960147 0.860960
0.827171 0.809649 0.811448 0.954728 0.895253 0.882446 0.746455 0.978568 0.987112 0.951013 0.664180 0.645091 0.582983 0.628635 0.629334 0.691008 0.858158 0.732693 0.789502 0.846960 0.907040 0.940849 0.671356 0.763171 0.810657 0.966724 0.993492 0.798805 0.661424 0.801389 0.711368 0.772366 0.000000 0.680836 0.768151 0.834862 0.999475 0.881848 0.956959 0.898488 0.909884 0.899711 0.816455 0.830687 0.746038 0.831880 0.885892 0.860458 0.912460 0.858953 0.828051 0.790926 0.783976 0.954020 0.936175 0.841276 0.838961 0.897330 0.896509 0.928125 0.604147 0.723756 0.838306 0.752283 0.658496 0.895641 0.796551 0.917999 0.967253 0.995469 0.880592 0.926686 0.936101 0.911481 0.998230 0.831062 0.999369 0.872684 0.891194 0.790600 0.854592 0.804555 0.817815 0.790587 0.642369 0.754433 0.931028 0.753981 0.889089 0.728924 0.991348 0.922147 0.960294 0.923224 0.965133 0.994531 0.845662 0.921468 0.849249 0.739446 0.799445 0.899838 0.948332 0.962120 0.812204 0.848490 0.964758 0.924746 0.990266 0.968575 0.917487 0.996843 0.934104 0.976196 0.831490 0.921980
0.769687 0.789082 0.946006 0.993438 0.959395 0.865375 0.892794 0.925403 0.968987 0.988812 0.722006 0.756980 0.771221 0.824516 0.862189 0.925360 0.717445 0.758992 0.745617 0.846090 0.977545 0.984240 0.951560 0.945860 0.954913 0.927254 0.909630 0.956367 0.779350 0.799746 0.774007 0.890410 0.680836 0.000000 0.820882 0.831454 0.966192 0.952510 0.954840 0.907145 0.885458 0.842336 0.841179 0.832030 0.857774 0.851467 0.845468 0.881186 0.949018 0.916182 0.845678 0.840394 0.808478 0.995352 0.845022 0.851898 0.865593 0.918212 0.849333 0.846783 0.681856 0.778676 0.807510 0.782257 0.948838 0.883453 0.746321 0.797505 0.969078 0.932953 0.923040 0.951133 0.955867 0.930027 0.838569 0.900216 0.877983 0.812499 0.927723 0.665078 0.817981 0.833481 0.995148 0.926704 0.892101 0.886462 0.979319 0.940764 0.848099 0.846687 0.922004 0.932671 0.887693 0.920368 0.987117 0.930483 0.905604 0.960211 0.832152 0.912805 0.835578 0.878493 0.866516 0.974840 0.990170 0.851438 0.951908 0.936428 0.878708 0.953091 0.843652 0.814056 0.991712 0.846701 0.913557 0.994687
0.907809 0.830825 0.934129 0.938149 0.929816 0.727640 0.860660 0.779821 0.939137 0.741695 0.915754 0.771123 0.914242 0.751042 0.898597 0.892439 0.995765 0.989213 0.877331 0.923634 0.931566 0.929330 0.900235 0.808238 0.702937 0.680660 0.956507 0.750097 0.932854 0.756727 0.995844 0.963981 0.768151 0.820882 0.000000 0.751085 0.777654 0.889483 0.685112 0.901680 0.925754 0.985558 0.661947 0.814092 0.676539 0.769734 0.694888 0.841164 0.865026 0.850210 0.703108 0.638253 0.816243 0.786792 0.861645 0.777327 0.950321 0.867135 0.789240 0.888956 0.818508 0.867496 0.910128 0.915347 0.721008 0.655696 0.594435 0.630026 0.963108 0.946957 0.931279 0.834811 0.915268 0.946274 0.811760 0.823747 0.901028 0.684358 0.940953 0.831037 0.989082 0.985745 0.839915 0.964787 0.763644 0.617301 0.929741 0.975835 0.975310 0.816446 0.963293 0.875544 0.892722 0.903396 0.880730 0.983360 0.974393 0.907030 0.862583 0.825432 0.984508 0.952482 0.886112 0.899158 0.809597 0.811342 0.926256 0.982642 0.840064 0.940517 0.978643 0.913818 0.875406 0.869107 0.762839 0.871525
0.912257 0.836681 0.999222 0.914744 0.997442 0.846078 0.899067 0.934278 0.893696 0.794391 0.985963 0.844038 0.986166 0.827353 0.953797 0.996241 0.996035 0.950991 0.993112 0.949100 0.993693 0.930871 0.994780 0.932230 0.827736 0.853595 0.833682 0.858066 0.921126 0.945230 0.921834 0.934591 0.834862 0.831454 0.751085 0.000000 0.901440 0.958327 0.881224 0.849375 0.865708 0.847976 0.889131 0.927220 0.883558 0.949188 0.845559 0.901383 0.985376 0.940223 0.859290 0.794709 0.883076 0.987767 0.941068 0.851112 0.943572 0.944583 0.779796 0.841422 0.870582 0.944176 0.919987 0.961994 0.909661 0.756096 0.696208 0.671074 0.964227 0.975753 0.956316 0.784688 0.911873 0.968388 0.832643 0.937682 0.895572 0.968983 0.935470 0.859723 0.966959 0.981522 0.807797 0.914953 0.902596 0.756831 0.977968 0.966317 0.958178 0.971165 0.892855 0.964645 0.795706 0.984867 0.981128 0.876960 0.772534 0.870382 0.899595 0.919561 0.836456 0.901423 0.867674 0.915467 0.801365 0.737767 0.948552 0.958982 0.881300 0.896997 0.947116 0.885033 0.978568 0.953707 0.669462 0.988974
0.928449 0.873676 0.986841 0.978279 0.839614 0.982302 0.770805 0.842940 0.892743 0.806371 0.986900 0.894009 0.876556 0.870942 0.912977 0.946387 0.877175 0.835532 0.756744 0.857593 0.807772 0.827875 0.867345 0.859715 0.950218 0.841150 0.961081 0.889505 0.976645 0.914805 0.897144 0.852908 0.999475 0.966192 0.777654 0.901440 0.000000 0.922918 0.725632 0.761031 0.886645 0.931284 0.792183 0.757995 0.835095 0.796158 0.748783 0.819588 0.824160 0.919738 0.795663 0.896616 0.901663 0.974829 0.820904 0.895245 0.799093 0.808888 0.917001 0.930836 0.872632 0.910869 0.873528 0.899697 0.880764 0.948360 0.924856 0.841988 0.821676 0.825105 0.875053 0.887321 0.936185 0.977122 0.972362 0.890577 0.875161 0.981235 0.840614 0.808712 0.916594 0.841125 0.899242 0.914699 0.952199 0.930415 0.923999 0.882628 0.974503 0.908990 0.821397 0.812664 0.890056 0.848422 0.838815 0.997119 0.951474 0.914228 0.937168 0.978847 0.970026 0.902105 0.917363 0.896819 0.920818 0.971467 0.950552 0.965930 0.998469 0.971070 0.914412 0.960238 0.973375 0.905959 0.848033 0.958341
0.781400 0.916565 0.993289 0.937879 0.921599 0.982882 0.820660 0.832686 0.924135 0.884625 0.844756 0.903968 0.988937 0.930082 0.943170 0.983247 0.903251 0.885061 0.895423 0.907359 0.783192 0.943490 0.949399 0.837109 0.834217 0.945641 0.838511 0.941596 0.990619 0.961698 0.940858 0.869978 0.881848 0.952510 0.889483 0.958327 0.922918 0.000000 0.948985 0.693143 0.871454 0.987061 0.894082 0.853850 0.864373 0.805674 0.839567 0.881739 0.876133 0.935173 0.804662 0.843653 0.882229 0.919137 0.935064 0.848294 0.829932 0.875324 0.916310 0.873137 0.996042 0.944974 0.860446 0.888551 0.970466 0.963823 0.926055 0.900620 0.826755 0.735098 0.981773 0.919048 0.904207 0.991001 0.908787 0.879387 0.978935 0.864173 0.932482 0.908182 0.859944 0.863103 0.826822 0.738931 0.943473 0.849978 0.883217 0.878623 0.727154 0.806845 0.780588 0.809776 0.817695 0.876914 0.970546 0.958164 0.950070 0.847222 0.970512 0.982601 0.823211 0.917559 0.928158 0.836696 0.840122 0.832531 0.999579 0.994882 0.943970 0.871948 0.940972 0.969442 0.964241 0.960214 0.975531 0.914622
