0.000000 0.562258 0.685887 0.732901 0.814006 0.905599 0.583055 0.572625 0.810477 0.745665 0.754821 0.755651 0.707739 0.883964 0.847596 0.991444 0.516672 0.497623 0.561114 0.707776 0.902109 0.983831 0.803344 0.963120 0.795501 0.803942 0.946395 0.951910 0.700093 0.630395 0.792931 0.913597 0.599438 0.570721 0.775645 0.909259 0.946991 0.799928 0.821838 0.875072 0.961107 0.936187 0.752068 0.697824 0.879911 0.748654 0.673795 0.750696 0.838953 0.835992 0.805749 0.895356 0.882464 0.953349 0.832942 0.882284 0.484311 0.627380 0.682066 0.834865 0.500076 0.625236 0.492696 0.483583 0.692192 0.745908 0.784409 0.811840 0.881577 0.849023 0.894367 0.966230 0.831475 0.891447 0.950545 0.973543 0.771507 0.808172 0.816958 0.933179 0.507026 0.568836 0.811470 0.629022 0.603488 0.705249 0.940042 0.864374 0.826005 0.686811 0.834305 0.893174 0.957840 0.924501 0.903868 0.799551 0.862929 0.954500 0.730219 0.673673 0.878737 0.989152 0.896559 0.800115 0.995218 0.876182 0.841608 0.913946 0.739803 0.965641 0.869114 0.987695 0.880250 0.960157 0.972763 0.969690
0.562258 0.000000 0.892661 0.833561 0.917461 0.907814 0.882642 0.705410 0.982292 0.920120 0.936122 0.680471 0.791893 0.774450 0.778695 0.806095 0.578411 0.579116 0.711869 0.773302 0.990771 0.971959 0.905491 0.978023 0.806571 0.901391 0.955885 0.870788 0.724137 0.659110 0.934869 0.900564 0.637384 0.747616 0.847504 0.997581 0.925818 0.886804 0.996504 0.847222 0.966529 0.858624 0.782221 0.679059 0.849831 0.798827 0.772230 0.737484 0.863410 0.857552 0.972864 0.928098 0.842576 0.929899 0.886726 0.943621 0.576777 0.536219 0.754777 0.833882 0.711495 0.641159 0.676512 0.573673 0.815184 0.817797 0.963488 0.895972 0.863423 0.740757 0.865564 0.903079 0.908899 0.887878 0.981560 0.978614 0.861805 0.895330 0.742084 0.868820 0.611963 0.720824 0.853187 0.713741 0.855629 0.838622 0.937560 0.998049 0.890240 0.771228 0.952921 0.853337 0.921858 0.897334 0.812504 0.824958 0.909371 0.964484 0.807469 0.878400 0.891595 0.884240 0.887562 0.897421 0.996152 0.832890 0.957594 0.971367 0.859454 0.950836 0.996939 0.979259 0.969533 0.960081 0.841908 0.972914
0.685887 0.892661 0.000000 0.452076 0.840687 0.866668 0.370717 0.482587 0.727444 0.727903 0.880120 0.850665 0.882766 0.900487 0.983688 0.756342 0.874040 0.713045 0.711922 0.742495 0.844989 0.883382 0.625774 0.854113 0.684351 0.887020 0.966808 0.877109 0.928606 0.906551 0.792538 0.853067 0.582030 0.608684 0.734207 0.902712 0.979208 0.959573 0.907950 0.805142 0.997610 0.837265 0.718600 0.766644 0.958458 0.914447 0.715120 0.772902 0.881583 0.924599 0.752029 0.750353 0.977413 0.929729 0.893155 0.826211 0.808540 0.970566 0.594801 0.723447 0.507051 0.751809 0.726347 0.772705 0.453224 0.593540 0.527686 0.572198 0.919602 0.938183 0.949760 0.873479 0.842960 0.883891 0.925507 0.975678 0.713002 0.992191 0.939955 0.911303 0.603480 0.616987 0.895303 0.731312 0.498646 0.659088 0.850615 0.992202 0.804390 0.655890 0.634497 0.665932 0.635447 0.602522 0.798598 0.706508 0.725693 0.972948 0.582216 0.540369 0.800260 0.868378 0.845789 0.759409 0.646690 0.582139 0.933583 0.769172 0.796251 0.896070 0.722520 0.815258 0.852738 0.962702 0.945704 0.985812
0.732901 0.833561 0.452076 0.000000 0.925022 0.892647 0.537301 0.427672 0.891133 0.854596 0.895236 0.969518 0.948585 0.963308 0.847407 0.815119 0.947031 0.740564 0.833131 0.755772 0.808656 0.879395 0.679591 0.742285 0.606187 0.781061 0.927328 0.987511 0.981183 0.935545 0.786001 0.888901 0.643637 0.551244 0.677686 0.779842 0.939303 0.863995 0.811644 0.713773 0.954791 0.816861 0.688198 0.658659 0.956383 0.890668 0.733858 0.670319 0.901531 0.995026 0.749183 0.793369 0.966957 0.934370 0.957130 0.832546 0.908639 0.972973 0.703503 0.731651 0.667362 0.696180 0.829124 0.835667 0.454918 0.458415 0.465063 0.452944 0.709930 0.921118 0.742272 0.702937 0.826428 0.819546 0.972800 0.945973 0.744081 0.905171 0.874720 0.900282 0.657207 0.680751 0.955660 0.807867 0.628517 0.624106 0.876406 0.903077 0.974747 0.588021 0.745554 0.794550 0.674076 0.685595 0.807728 0.645020 0.717371 0.960979 0.607121 0.674832 0.778132 0.894989 0.826924 0.742414 0.645567 0.643276 0.920050 0.800313 0.770590 0.855119 0.705716 0.869207 0.996973 0.999313 0.905727 0.895866
0.814006 0.917461 0.840687 0.925022 0.000000 0.816129 0.771867 0.942604 0.755479 0.876491 0.958609 0.888007 0.850218 0.975003 0.769672 0.963833 0.737863 0.743582 0.777245 0.891573 0.805585 0.861965 0.640812 0.788737 0.823153 0.839572 0.794792 0.875046 0.898664 0.713768 0.772654 0.846628 0.852174 0.871921 0.963970 0.843458 0.891976 0.839719 0.884595 0.987449 0.925598 0.989952 0.922662 0.907748 0.867172 0.903718 0.879841 0.973185 0.816915 0.891949 0.929514 0.942200 0.879528 0.871813 0.892593 0.850322 0.677951 0.774563 0.982010 0.917575 0.770065 0.901791 0.762296 0.873933 0.815316 0.898325 0.998031 0.987299 0.945837 0.967638 0.889802 0.959117 0.773116 0.912601 0.902879 0.976374 0.967941 0.917879 0.912101 0.849414 0.745461 0.682185 0.750093 0.711111 0.624500 0.656326 0.810670 0.652718 0.746079 0.779364 0.951632 0.955398 0.947821 0.994981 0.906480 0.985155 0.961902 0.969005 0.922639 0.889721 0.919794 0.811884 0.840653 0.967029 0.928759 0.980689 0.954598 0.906103 0.902342 0.889761 0.916011 0.885210 0.893579 0.973641 0.940365 0.880283
0.905599 0.907814 0.866668 0.892647 0.816129 0.000000 0.891554 0.838047 0.956071 0.965685 0.959100 0.953055 0.960913 0.945345 0.821688 0.703752 0.937069 0.973654 0.931450 0.809956 0.830697 0.945256 0.946211 0.937485 0.974857 0.881882 0.794052 0.916841 0.990241 0.884325 0.868387 0.946046 0.908549 0.842171 0.924123 0.882469 0.784715 0.917537 0.890360 0.967711 0.806972 0.932376 0.864059 0.776805 0.990169 0.861989 0.920714 0.976138 0.891012 0.994601 0.976225 0.825617 0.760713 0.766270 0.883891 0.955598 0.995716 0.929749 0.757460 0.753761 0.899325 0.866907 0.884485 0.779117 0.969427 0.908789 0.836790 0.911939 0.850530 0.784485 0.845759 0.860609 0.958205 0.857184 0.954076 0.860463 0.938653 0.913510 0.954961 0.870836 0.930295 0.965755 0.998121 0.999750 0.991243 0.907741 0.823920 0.883047 0.879624 0.953192 0.947036 0.987177 0.977396 0.973146 0.987709 0.834245 0.784139 0.936328 0.923526 0.892212 0.949302 0.938382 0.806314 0.876364 0.993708 0.988325 0.868829 0.766875 0.948993 0.958893 0.811381 0.892684 0.919283 0.875281 0.983024 0.982393
0.583055 0.882642 0.370717 0.537301 0.771867 0.891554 0.000000 0.525892 0.648216 0.654453 0.879312 0.884414 0.794684 0.905937 0.956939 0.762921 0.788827 0.642528 0.616675 0.696272 0.867674 0.974094 0.603485 0.890205 0.761165 0.863244 0.961569 0.805999 0.897887 0.806504 0.779614 0.917258 0.528079 0.593015 0.735756 0.931245 0.951865 0.880901 0.898148 0.911642 0.931255 0.875220 0.744513 0.775963 0.921796 0.833008 0.758202 0.790437 0.976230 0.840892 0.748127 0.758552 0.995557 0.928872 0.875879 0.839563 0.715498 0.878221 0.600594 0.764159 0.390649 0.718124 0.565201 0.662292 0.498908 0.652125 0.571282 0.645820 0.961936 0.968104 0.996178 0.998601 0.865402 0.903826 0.924048 0.998765 0.749662 0.964628 0.910144 0.940369 0.533693 0.537579 0.810464 0.673771 0.414370 0.660417 0.910738 0.892639 0.766006 0.676166 0.612403 0.622241 0.686961 0.678890 0.794104 0.773241 0.759298 0.997642 0.576606 0.548050 0.865676 0.862991 0.930638 0.751286 0.717318 0.669623 0.965233 0.833665 0.721271 0.915921 0.695081 0.869012 0.885552 0.990907 0.992402 0.974194
0.572625 0.705410 0.482587 0.427672 0.942604 0.838047 0.525892 0.000000 0.879904 0.694182 0.832689 0.801058 0.905109 0.939785 0.912269 0.874244 0.837962 0.662329 0.724850 0.609535 0.927083 0.973435 0.739167 0.925589 0.776988 0.956709 0.948866 0.850646 0.850918 0.800849 0.817920 0.896031 0.637832 0.484001 0.727553 0.838299 0.977092 0.966664 0.846271 0.690865 0.918591 0.892659 0.714742 0.722147 0.934867 0.951175 0.712270 0.731329 0.849581 0.973017 0.842098 0.793532 0.890644 0.778556 0.906447 0.890901 0.798079 0.836310 0.517037 0.527294 0.522671 0.454005 0.745312 0.627037 0.542763 0.437707 0.562784 0.483378 0.839185 0.853574 0.792251 0.778997 0.788479 0.772867 0.899542 0.992152 0.613783 0.864620 0.847248 0.914814 0.634338 0.708584 0.971126 0.821372 0.683036 0.768810 0.823592 0.822838 0.883239 0.547170 0.834450 0.916572 0.812096 0.877405 0.841319 0.701543 0.688333 0.955205 0.595921 0.647249 0.751439 0.972493 0.813590 0.800657 0.687413 0.612181 0.994674 0.787574 0.723708 0.859083 0.655169 0.945987 0.989769 0.989923 0.923842 0.927809
0.810477 0.982292 0.727444 0.891133 0.755479 0.956071 0.648216 0.879904 0.000000 0.654208 0.913955 0.885124 0.810194 0.838860 0.871144 0.905242 0.884140 0.823406 0.854876 0.944138 0.977378 0.994246 0.607008 0.960986 0.953466 0.978498 0.992572 0.897021 0.839749 0.892820 0.893934 0.960089 0.790418 0.887736 0.972358 0.963520 0.959684 0.896296 0.951996 0.850471 0.905469 0.983602 0.943259 0.900786 0.920873 0.940219 0.983810 0.969712 0.887677 0.963390 0.961348 0.953984 0.840407 0.898234 0.937302 0.883692 0.748412 0.880188 0.932206 0.974257 0.634910 0.898576 0.661400 0.698414 0.767483 0.995716 0.969414 0.921209 0.810657 0.944043 0.876984 0.794710 0.968459 0.862912 0.911568 0.986974 0.970090 0.973225 0.831892 0.989938 0.757535 0.735549 0.697604 0.737610 0.624110 0.770868 0.808608 0.715011 0.855614 0.747271 0.859422 0.866961 0.812302 0.905818 0.911525 0.927526 0.834887 0.906033 0.901727 0.703471 0.994749 0.999793 0.972976 0.930705 0.823249 0.910593 0.937316 0.967301 0.876682 0.846679 0.883403 0.989758 0.962446 0.855682 0.980144 0.864579
0.745665 0.920120 0.727903 0.854596 0.876491 0.965685 0.654453 0.694182 0.654208 0.000000 0.762836 0.992452 0.966682 0.726270 0.910551 0.754868 0.807325 0.747816 0.629543 0.722056 0.897319 0.970889 0.683597 0.941142 0.860464 0.915712 0.810576 0.775670 0.776829 0.841932 0.777272 0.908253 0.656623 0.680871 0.837034 0.948988 0.966855 0.938788 0.998151 0.996700 0.940060 0.917396 0.930375 0.973400 0.876463 0.872017 0.827440 0.993498 0.837566 0.855360 0.863272 0.811988 0.956276 0.822913 0.831188 0.911943 0.709105 0.772760 0.725337 0.778489 0.682386 0.779321 0.618507 0.548904 0.949405 0.933898 0.744720 0.781997 0.771539 0.933866 0.951894 0.925484 0.953008 0.930009 0.850034 0.971450 0.888429 0.995866 0.965303 0.955847 0.726807 0.739579 0.934883 0.761867 0.736829 0.981507 0.922470 0.843496 0.870263 0.688995 0.789801 0.824108 0.760781 0.984105 0.938740 0.721197 0.648905 0.879171 0.704063 0.711026 0.785118 0.984142 0.767036 0.784298 0.716883 0.766467 0.969781 0.822785 0.749067 0.860107 0.805341 0.988366 0.961589 0.919361 0.867265 0.848463
0.754821 0.936122 0.880120 0.895236 0.958609 0.959100 0.879312 0.832689 0.913955 0.762836 0.000000 0.766067 0.828346 0.992114 0.892496 0.961228 0.764406 0.779738 0.767929 0.674441 0.845269 0.959364 0.976712 0.978125 0.996893 0.896093 0.898045 0.831931 0.823045 0.842724 0.893089 0.965764 0.848484 0.684011 0.847444 0.811403 0.985962 0.818376 0.912018 0.996746 0.992225 0.965642 0.923922 0.959387 0.888818 0.978444 0.994810 0.934603 0.955729 0.936554 0.957636 0.829377 0.911640 0.868809 0.950607 0.950654 0.834777 0.889829 0.931745 0.879504 0.821257 0.799948 0.752726 0.719378 0.922809 0.977678 0.949120 0.899382 0.870822 0.990369 0.941515 0.845838 0.822774 0.982913 0.977290 0.936570 0.794582 0.789300 0.890213 0.907493 0.762486 0.802062 0.980244 0.902737 0.920661 0.984111 0.806499 0.894263 0.973563 0.846230 0.943834 0.826302 0.953981 0.884299 0.993999 0.735603 0.870207 0.904590 0.971381 0.994196 0.918488 0.950459 0.813093 0.981851 0.916498 0.907248 0.920327 0.992621 0.905938 0.932235 0.976483 0.913371 0.960607 0.942170 0.910378 0.965470
0.755651 0.680471 0.850665 0.969518 0.888007 0.953055 0.884414 0.801058 0.885124 0.992452 0.766067 0.000000 0.719475 0.648223 0.921088 0.749622 0.776292 0.769213 0.861431 0.733506 0.841651 0.815817 0.851843 0.896274 0.946550 0.888258 0.949594 0.947939 0.830885 0.715984 0.913501 0.985323 0.997050 0.851809 0.909928 0.846206 0.983315 0.897051 0.916619 0.916723 0.895689 0.943530 0.975763 0.871546 0.860901 0.991738 0.981128 0.939107 0.959579 0.919398 0.926854 0.956933 0.956787 0.918630 0.827343 0.997678 0.805844 0.686885 0.865801 0.791112 0.867987 0.652105 0.849901 0.702641 0.953837 0.913244 0.823412 0.951777 0.904046 0.838842 0.998575 0.918069 0.949118 0.988268 0.909515 0.844408 0.792030 0.751981 0.811327 0.987759 0.865908 0.958185 0.979142 0.920710 0.904614 0.893995 0.953174 0.889816 0.934671 0.918355 0.765788 0.698631 0.750337 0.711468 0.983721 0.971276 0.953570 0.972642 0.986405 0.930435 0.981396 0.955399 0.927515 0.872215 0.954975 0.992924 0.871587 0.958964 0.979365 0.986862 0.998406 0.851474 0.926038 0.999679 0.956707 0.925152
0.707739 0.791893 0.882766 0.948585 0.850218 0.960913 0.794684 0.905109 0.810194 0.966682 0.828346 0.719475 0.000000 0.597442 0.564194 0.662588 0.815638 0.738588 0.805371 0.745595 0.985013 0.825778 0.887104 0.971842 0.965770 0.911108 0.900418 0.922724 0.857840 0.744384 0.999018 0.947357 0.915089 0.909323 0.948232 0.986883 0.950378 0.748250 0.952915 0.955177 0.980162 0.827505 0.939419 0.981182 0.821764 0.974643 0.963032 0.957294 0.825828 0.978507 0.822863 0.919101 0.926209 0.939959 0.912297 0.917773 0.774761 0.726744 0.863662 0.825860 0.600124 0.717904 0.766785 0.744488 0.901865 0.957174 0.758857 0.836200 0.950941 0.955051 0.828389 0.895276 0.930666 0.867359 0.982346 0.738230 0.902581 0.912235 0.830705 0.848788 0.784741 0.759452 0.827598 0.825620 0.755503 0.946319 0.846867 0.858778 0.757568 0.984355 0.902267 0.819588 0.781158 0.813916 0.970208 0.960490 0.924095 0.860482 0.993367 0.952019 0.889993 0.956465 0.922552 0.797045 0.997200 0.987877 0.848362 0.782843 0.965054 0.997111 0.990150 0.959039 0.956762 0.963652 0.892051 0.989758
0.883964 0.774450 0.900487 0.963308 0.975003 0.945345 0.905937 0.939785 0.838860 0.726270 0.992114 0.648223 0.597442 0.000000 0.625441 0.520561 0.938365 0.874759 0.993765 0.846774 0.904251 0.856027 0.925341 0.946703 0.887703 0.996787 0.999063 0.905016 0.938984 0.758716 0.963067 0.796235 0.964012 0.924037 0.885980 0.967598 0.968055 0.995442 0.894568 0.858630 0.980022 0.882406 0.932303 0.841669 0.896035 0.988755 0.847029 0.824516 0.867671 0.901804 0.851798 0.935241 0.969343 0.985089 0.872582 0.881575 0.988235 0.880788 0.961250 0.910485 0.893629 0.751268 0.996388 0.918870 0.957706 0.854904 0.830690 0.927424 0.889691 0.893070 0.991838 0.791780 0.991873 0.993799 0.927998 0.800140 0.993089 0.876330 0.863686 0.792610 0.950262 0.909483 0.812885 0.886668 0.993017 0.912940 0.889117 0.999397 0.910792 0.977833 0.775681 0.724766 0.694741 0.779084 0.935723 0.999277 0.843817 0.835939 0.915373 0.903295 0.930211 0.928015 0.899332 0.785962 0.884607 0.986432 0.881929 0.833805 0.873018 0.980209 0.930595 0.968539 0.954375 0.972785 0.871933 0.893064
0.847596 0.778695 0.983688 0.847407 0.769672 0.821688 0.956939 0.912269 0.871144 0.910551 0.892496 0.921088 0.564194 0.625441 0.000000 0.558514 0.805878 0.717747 0.847110 0.978071 0.984869 0.863861 0.723878 0.841230 0.956008 0.999934 0.966928 0.950802 0.767233 0.635103 0.804480 0.664171 0.853083 0.995071 0.990000 0.958761 0.913961 0.899763 0.957171 0.955187 0.943856 0.899458 0.966498 0.964865 0.914133 0.887839 0.819335 0.836692 0.904295 0.894140 0.870022 0.947246 0.859513 0.827361 0.872919 0.911322 0.748218 0.759783 0.925699 0.874571 0.807322 0.922937 0.786993 0.863787 0.888750 0.989680 0.779856 0.833279 0.992142 0.971596 0.935958 0.980719 0.909998 0.962386 0.970048 0.788363 0.926595 0.984704 0.807182 0.886543 0.815991 0.733385 0.646374 0.642222 0.764228 0.765952 0.641067 0.621650 0.843399 0.955663 0.839159 0.825617 0.726060 0.778941 0.983467 0.956769 0.845499 0.984957 0.931860 0.969935 0.872157 0.827758 0.759458 0.795568 0.915655 0.919920 0.853509 0.727982 0.976515 0.933582 0.889388 0.910088 0.891978 0.960684 0.860516 0.902110
0.991444 0.806095 0.756342 0.815119 0.963833 0.703752 0.762921 0.874244 0.905242 0.754868 0.961228 0.749622 0.662588 0.520561 0.558514 0.000000 0.997594 0.947813 0.945395 0.948349 0.996098 0.908496 0.984067 0.865374 0.951125 0.934054 0.916978 0.815866 0.955947 0.780453 0.903853 0.830482 0.922289 0.938066 0.847233 0.958981 0.870460 0.965824 0.897264 0.935847 0.925145 0.796710 0.937261 0.986780 0.957411 0.991325 0.918721 0.845786 0.977062 0.959765 0.876994 0.802742 0.911385 0.862675 0.962847 0.981622 0.947065 0.856256 0.817975 0.890999 0.940859 0.950177 0.936630 0.938638 0.946137 0.981263 0.719935 0.844133 0.874377 0.916978 0.972108 0.834200 0.965190 0.908085 0.965847 0.804762 0.930124 0.896685 0.906222 0.760349 0.916576 0.992820 0.831000 0.911325 0.966071 0.945115 0.743291 0.894889 0.939604 0.894486 0.709488 0.663217 0.621629 0.705523 0.865363 0.876161 0.714907 0.889410 0.831080 0.751392 0.920320 0.834809 0.770836 0.705761 0.848015 0.943267 0.925272 0.689514 0.916435 0.999652 0.731359 0.926250 0.991672 0.937972 0.855856 0.933981
0.516672 0.578411 0.874040 0.947031 0.737863 0.937069 0.788827 0.837962 0.884140 0.807325 0.764406 0.776292 0.815638 0.938365 0.805878 0.997594 0.000000 0.522644 0.608667 0.705303 0.984811 0.974634 0.815436 0.939844 0.868900 0.899560 0.911838 0.920327 0.695460 0.597189 0.875780 0.866592 0.679435 0.793564 0.818364 0.864636 0.895632 0.787405 0.922091 0.985177 0.996807 0.908348 0.919750 0.773908 0.825567 0.736670 0.799678 0.817445 0.768361 0.784439 0.878522 0.942630 0.816130 0.902209 0.744352 0.870830 0.502697 0.600796 0.864145 0.987046 0.695283 0.761443 0.521900 0.540038 0.859469 0.909461 0.968853 0.964613 0.785573 0.839446 0.931289 0.956758 0.957984 0.919707 0.996242 0.990474 0.863189 0.920275 0.793008 0.882429 0.490992 0.577120 0.717989 0.582704 0.696798 0.760925 0.937279 0.720565 0.841892 0.769705 0.895655 0.982492 0.982093 0.966502 0.877628 0.828745 0.858315 0.963406 0.878841 0.877081 0.997656 0.846211 0.889641 0.939812 0.972689 0.974269 0.935310 0.982601 0.854343 0.985588 0.959501 0.970379 0.870423 0.954268 0.943958 0.968685
0.497623 0.579116 0.713045 0.740564 0.743582 0.973654 0.642528 0.662329 0.823406 0.747816 0.779738 0.769213 0.738588 0.874759 0.717747 0.947813 0.522644 0.000000 0.538450 0.676509 0.944062 0.914423 0.670152 0.843383 0.758698 0.865109 0.914069 0.985293 0.669214 0.521657 0.753271 0.774117 0.545069 0.627711 0.814147 0.784356 0.954563 0.813088 0.780489 0.838208 0.949818 0.988402 0.843973 0.717298 0.837045 0.738274 0.687082 0.736612 0.871432 0.833707 0.927964 0.934135 0.871244 0.912309 0.715901 0.810098 0.478961 0.646761 0.798612 0.894184 0.533154 0.645250 0.454608 0.509092 0.705504 0.739824 0.830064 0.801659 0.957626 0.871626 0.840985 0.952003 0.775185 0.887787 0.998080 0.986223 0.868930 0.917381 0.743346 0.836443 0.424982 0.438550 0.722604 0.541786 0.601007 0.643323 0.924579 0.763867 0.821781 0.633477 0.890922 0.992867 0.998861 0.955305 0.798990 0.780648 0.888797 0.996972 0.821359 0.775557 0.914790 0.864261 0.965454 0.961660 0.838446 0.873323 0.933090 0.925865 0.804734 0.927405 0.927725 0.982643 0.943102 0.997768 0.941260 0.992839
0.561114 0.711869 0.711922 0.833131 0.777245 0.931450 0.616675 0.724850 0.854876 0.629543 0.767929 0.861431 0.805371 0.993765 0.847110 0.945395 0.608667 0.538450 0.000000 0.627793 0.956315 0.995442 0.725370 0.867833 0.943229 0.860744 0.977166 0.944164 0.591120 0.578054 0.760084 0.852031 0.575616 0.648293 0.827859 0.932082 0.971845 0.824388 0.831441 0.989439 0.999232 0.913624 0.889011 0.831932 0.929226 0.798276 0.709368 0.838570 0.894917 0.880269 0.919175 0.919408 0.993634 0.961803 0.758487 0.806049 0.594447 0.710639 0.795169 0.920688 0.602971 0.737954 0.446052 0.573467 0.827800 0.832116 0.786495 0.829507 0.791741 0.874173 0.906561 0.996377 0.816238 0.804021 0.995210 0.949804 0.804628 0.926145 0.857276 0.880926 0.521586 0.569385 0.771238 0.620871 0.651897 0.766730 0.876364 0.818322 0.744103 0.767853 0.851520 0.920796 0.961805 0.956626 0.906886 0.821172 0.829566 0.922842 0.740990 0.776134 0.819651 0.886802 0.863289 0.932018 0.877509 0.797872 0.970294 0.956192 0.829129 0.938370 0.864509 0.987384 0.867345 0.962872 0.999665 0.856984
0.707776 0.773302 0.742495 0.755772 0.891573 0.809956 0.696272 0.609535 0.944138 0.722056 0.674441 0.733506 0.745595 0.846774 0.978071 0.948349 0.705303 0.676509 0.627793 0.000000 0.944104 0.934865 0.835438 0.962418 0.990576 0.868139 0.905436 0.744289 0.837096 0.740007 0.914005 0.998201 0.713794 0.688004 0.758655 0.949015 0.988956 0.863852 0.890404 0.890168 0.885376 0.936703 0.875228 0.793098 0.872763 0.948474 0.900964 0.793723 0.893917 0.913770 0.978720 0.895185 0.791541 0.686667 0.989409 0.877958 0.776323 0.700042 0.628573 0.608708 0.636024 0.592150 0.718144 0.640510 0.905500 0.737562 0.848680 0.777210 0.927961 0.831988 0.961666 0.997590 0.848149 0.859116 0.867936 0.936755 0.731942 0.929961 0.854751 0.866780 0.668258 0.710232 0.892861 0.804958 0.819093 0.978202 0.856721 0.978859 0.878824 0.741445 0.969312 0.946856 0.997733 0.892359 0.941726 0.784221 0.751822 0.881692 0.812447 0.870690 0.795179 0.912447 0.793476 0.911783 0.795353 0.854077 0.980817 0.977138 0.844795 0.952155 0.693200 0.903589 0.924821 0.851832 0.967617 0.911686
0.902109 0.990771 0.844989 0.808656 0.805585 0.830697 0.867674 0.927083 0.977378 0.897319 0.845269 0.841651 0.985013 0.904251 0.984869 0.996098 0.984811 0.944062 0.956315 0.944104 0.000000 0.957497 0.849302 0.834377 0.798345 0.815202 0.993776 0.982621 0.926238 0.973538 0.827785 0.906103 0.862442 0.888186 0.861325 0.932684 0.848459 0.967469 0.917291 0.992412 0.989065 0.897226 0.878811 0.852285 0.923939 0.986274 0.828111 0.947429 0.972939 0.966253 0.895634 0.983428 0.952370 0.988523 0.954589 0.991157 0.927447 0.943070 0.928085 0.903642 0.974641 0.950727 0.981436 0.948641 0.878020 0.892182 0.773327 0.819502 0.940629 0.938221 0.901803 0.945602 0.962057 0.937245 0.938227 0.987261 0.919838 0.965321 0.995780 0.875135 0.939652 0.970457 0.933172 0.989800 0.861313 0.857214 0.986215 0.910289 0.967779 0.902219 0.954550 0.999868 0.921504 0.876549 0.893627 0.800302 0.862086 0.956739 0.899309 0.995619 0.897067 0.915671 0.945193 0.904820 0.802265 0.931651 0.978283 0.998885 0.782124 0.973922 0.912920 0.959203 0.959124 0.947479 0.980206 0.942982
0.983831 0.971959 0.883382 0.879395 0.861965 0.945256 0.974094 0.973435 0.994246 0.970889 0.959364 0.815817 0.825778 0.856027 0.863861 0.908496 0.974634 0.914423 0.995442 0.934865 0.957497 0.000000 0.999040 0.985769 0.914156 0.993368 0.921445 0.871113 0.918456 0.993618 0.981884 0.981572 0.951989 0.939005 0.979696 0.973023 0.961181 0.955321 0.903710 0.906697 0.895048 0.940674 0.860556 0.972490 0.979051 0.947726 0.829060 0.958832 0.944688 0.932993 0.845523 0.898559 0.886619 0.972621 0.849783 0.891597 0.840644 0.908769 0.909079 0.960187 0.919324 0.902072 0.968512 0.904635 0.900967 0.913908 0.845990 0.843032 0.988249 0.992123 0.969665 0.921467 0.873712 0.924009 0.994560 0.913487 0.997677 0.988074 0.958801 0.912065 0.972270 0.984353 0.977422 0.989946 0.974079 0.978288 0.773947 0.889485 0.991122 0.996298 0.919123 0.999733 0.866271 0.836291 0.917700 0.985766 0.911884 0.907690 0.901675 0.915833 0.866828 0.802442 0.960181 0.854394 0.942267 0.883117 0.898068 0.922697 0.957340 0.882922 0.949028 0.920717 0.926193 0.934900 0.998635 0.898501
0.803344 0.905491 0.625774 0.679591 0.640812 0.946211 0.603485 0.739167 0.607008 0.683597 0.976712 0.851843 0.887104 0.925341 0.723878 0.984067 0.815436 0.670152 0.725370 0.835438 0.849302 0.999040 0.000000 0.588036 0.813757 0.858225 0.917722 0.943775 0.849895 0.720538 0.585130 0.723528 0.659445 0.739440 0.790943 0.890783 0.777311 0.987559 0.926160 0.927393 0.973872 0.997044 0.913163 0.951347 0.789866 0.787572 0.706546 0.804438 0.849166 0.832386 0.877482 0.851153 0.966341 0.916656 0.839013 0.748888 0.742758 0.859623 0.922695 0.995445 0.645566 0.853051 0.619412 0.727406 0.609551 0.720293 0.771181 0.754427 0.896005 0.875416 0.924043 0.898614 0.832546 0.910389 0.906133 0.996045 0.968772 0.920192 0.800022 0.919583 0.606866 0.490390 0.622483 0.545720 0.433546 0.528673 0.858986 0.658246 0.812475 0.637988 0.882716 0.892427 0.845274 0.997050 0.867771 0.759079 0.798299 0.966636 0.763815 0.733651 0.926920 0.892388 0.931862 0.983455 0.744894 0.774080 0.956683 0.975188 0.812994 0.932745 0.888357 0.917847 0.933991 0.868053 0.901938 0.813740
0.963120 0.978023 0.854113 0.742285 0.788737 0.937485 0.890205 0.925589 0.960986 0.941142 0.978125 0.896274 0.971842 0.946703 0.841230 0.865374 0.939844 0.843383 0.867833 0.962418 0.834377 0.985769 0.588036 0.000000 0.767401 0.708813 0.746600 0.902921 0.997882 0.843568 0.694862 0.791584 0.904780 0.819714 0.954852 0.837462 0.827840 0.800369 0.865855 0.865924 0.988795 0.929310 0.958337 0.951969 0.889548 0.880660 0.756656 0.762721 0.949026 0.989266 0.879346 0.977086 0.924961 0.904443 0.791804 0.788247 0.972685 0.857185 0.860853 0.825985 0.994204 0.987039 0.848293 0.949256 0.677648 0.691048 0.812700 0.741788 0.757950 0.933459 0.933863 0.836822 0.878992 0.913916 0.945724 0.986843 0.902626 0.968159 0.863086 0.809502 0.806551 0.709753 0.758015 0.803247 0.641701 0.527897 0.900281 0.756686 0.982093 0.915861 0.959401 0.984384 0.999866 0.964759 0.987089 0.922971 0.966788 0.958193 0.989803 0.978655 0.884631 0.813159 0.824141 0.880902 0.920546 0.858625 0.952787 0.940432 0.964129 0.968417 0.871356 0.978178 0.906519 0.957534 0.919735 0.944728
0.795501 0.806571 0.684351 0.606187 0.823153 0.974857 0.761165 0.776988 0.953466 0.860464 0.996893 0.946550 0.965770 0.887703 0.956008 0.951125 0.868900 0.758698 0.943229 0.990576 0.798345 0.914156 0.813757 0.767401 0.000000 0.687798 0.834368 0.853215 0.915434 0.898537 0.763751 0.807357 0.769968 0.769778 0.733322 0.914165 0.941814 0.912663 0.853755 0.880582 0.806112 0.876287 0.606343 0.652852 0.779494 0.766752 0.696191 0.674665 0.925422 0.866562 0.744515 0.912478 0.826044 0.761735 0.978537 0.767903 0.848948 0.979006 0.962009 0.912272 0.821243 0.913024 0.875781 0.976518 0.579513 0.640960 0.694940 0.697099 0.784144 0.793212 0.777960 0.701254 0.869138 0.959401 0.892297 0.951222 0.840802 0.930851 0.755486 0.856413 0.652884 0.691210 0.832970 0.777860 0.659730 0.518926 0.980009 0.986175 0.935505 0.841460 0.761523 0.859173 0.790297 0.678208 0.826144 0.804263 0.948255 0.996889 0.837894 0.812923 0.909499 0.996820 0.977914 0.819264 0.900553 0.807140 0.843359 0.922177 0.952237 0.952734 0.934325 0.883174 0.863736 0.986803 0.903466 0.941666
0.803942 0.901391 0.887020 0.781061 0.839572 0.881882 0.863244 0.956709 0.978498 0.915712 0.896093 0.888258 0.911108 0.996787 0.999934 0.934054 0.899560 0.865109 0.860744 0.868139 0.815202 0.993368 0.858225 0.708813 0.687798 0.000000 0.838959 0.784189 0.984252 0.880680 0.707636 0.924006 0.784136 0.839414 0.918289 0.873406 0.819523 0.968020 0.779681 0.946706 0.843674 0.789980 0.842822 0.806725 0.841224 0.845095 0.817132 0.802882 0.801724 0.985505 0.841259 0.869315 0.827934 0.701730 0.828098 0.868129 0.861064 0.897787 0.857374 0.725504 0.963923 0.919518 0.857211 0.959053 0.757904 0.883142 0.751657 0.854500 0.895392 0.984935 0.797570 0.761828 0.805526 0.918561 0.801087 0.950234 0.911636 0.871711 0.955234 0.943049 0.827273 0.805400 0.824520 0.840129 0.787963 0.597860 0.905066 0.875632 0.944726 0.854699 0.859302 0.846268 0.892275 0.805472 0.868363 0.940612 0.957586 0.909685 0.880853 0.912111 0.958844 0.991129 0.971160 0.935418 0.943054 0.958988 0.917118 0.943965 0.996117 0.930934 0.919962 0.974732 0.933093 0.971711 0.880631 0.962982
0.946395 0.955885 0.966808 0.927328 0.794792 0.794052 0.961569 0.948866 0.992572 0.810576 0.898045 0.949594 0.900418 0.999063 0.966928 0.916978 0.911838 0.914069 0.977166 0.905436 0.993776 0.921445 0.917722 0.746600 0.834368 0.838959 0.000000 0.903169 0.962832 0.894111 0.981056 0.905813 0.935096 0.960557 0.928166 0.866840 0.990069 0.915802 0.780111 0.917443 0.838720 0.992842 0.781221 0.898649 0.937998 0.889678 0.930294 0.964845 0.930286 0.816210 0.899184 0.821673 0.983095 0.917104 0.877873 0.848395 0.927579 0.879022 0.801865 0.822361 0.960157 0.988541 0.973877 0.852399 0.852910 0.827450 0.961979 0.995288 0.780177 0.995053 0.944185 0.884782 0.888011 0.984295 0.960701 0.924545 0.909410 0.987436 0.975331 0.787493 0.907367 0.889197 0.950238 0.930823 0.920973 0.731287 0.981124 0.990875 0.827847 0.935164 0.895011 0.945254 0.933164 0.978379 0.927289 0.853591 0.878695 0.915730 0.891453 0.858796 0.990921 0.795995 0.782337 0.771333 0.892877 0.954869 0.998234 0.856385 0.972888 0.997281 0.836870 0.804989 0.970573 0.996267 0.989340 0.919466
0.951910 0.870788 0.877109 0.987511 0.875046 0.916841 0.805999 0.850646 0.897021 0.775670 0.831931 0.947939 0.922724 0.905016 0.950802 0.815866 0.920327 0.985293 0.944164 0.744289 0.982621 0.871113 0.943775 0.902921 0.853215 0.784189 0.903169 0.000000 0.904309 0.958594 0.897786 0.933622 0.906750 0.937538 0.973884 0.975692 0.905275 0.924895 0.941184 0.966870 0.932528 0.994410 0.923133 0.944267 0.907772 0.978461 0.928158 0.965079 0.969612 0.937569 0.951187 0.912528 0.790477 0.773810 0.991336 0.938540 0.964856 0.913998 0.759236 0.782784 0.771834 0.874854 0.938555 0.865090 0.929275 0.977466 0.999012 0.908386 0.987860 0.945988 0.951086 0.813881 0.928391 0.934142 0.901732 0.975856 0.923202 0.925337 0.968790 0.888092 0.937528 0.936323 0.939854 0.983548 0.929191 0.837920 0.948380 0.952107 0.921537 0.923100 0.966193 0.938213 0.957981 0.966717 0.991839 0.988063 0.777788 0.847919 0.943348 0.977660 0.946883 0.906357 0.972916 0.977850 0.965504 0.941721 0.945200 0.853811 0.792179 0.964942 0.865012 0.972743 0.901485 0.951093 0.873244 0.957350
0.700093 0.724137 0.928606 0.981183 0.898664 0.990241 0.897887 0.850918 0.839749 0.776829 0.823045 0.830885 0.857840 0.938984 0.767233 0.955947 0.695460 0.669214 0.591120 0.837096 0.926238 0.918456 0.849895 0.997882 0.915434 0.984252 0.962832 0.904309 0.000000 0.549020 0.883872 0.799486 0.787396 0.741004 0.916356 0.958807 0.947658 0.794095 0.985125 0.965243 0.911831 0.961613 0.934710 0.959221 0.999775 0.943205 0.854905 0.991198 0.932435 0.898738 0.871570 0.888668 0.842736 0.959090 0.903056 0.802172 0.720031 0.806913 0.997653 0.999922 0.785206 0.680719 0.642527 0.657235 0.972203 0.939996 0.945703 0.982635 0.833812 0.902801 0.874366 0.932154 0.750679 0.785669 0.914996 0.870746 0.911729 0.864397 0.898702 0.949016 0.737197 0.786287 0.774001 0.674795 0.903763 0.885477 0.985845 0.837696 0.894991 0.803320 0.943218 0.846400 0.865402 0.781753 0.988153 0.888349 0.997255 0.948926 0.970783 0.910154 0.989048 0.853648 0.907452 0.972732 0.949475 0.920011 0.886418 0.941636 0.985574 0.975367 0.942903 0.978618 0.777357 0.960056 0.999839 0.801383
0.630395 0.659110 0.906551 0.935545 0.713768 0.884325 0.806504 0.800849 0.892820 0.841932 0.842724 0.715984 0.744384 0.758716 0.635103 0.780453 0.597189 0.521657 0.578054 0.740007 0.973538 0.993618 0.720538 0.843568 0.898537 0.880680 0.894111 0.958594 0.549020 0.000000 0.687812 0.670191 0.661851 0.712007 0.840771 0.844219 0.896545 0.817659 0.772552 0.871189 0.969237 0.926177 0.929237 0.871679 0.910669 0.856875 0.757533 0.796273 0.819627 0.938373 0.971204 0.957307 0.875355 0.926664 0.744130 0.816269 0.598134 0.657848 0.939848 0.988700 0.666707 0.699993 0.542260 0.619868 0.848872 0.831233 0.990464 0.926896 0.999362 0.981033 0.965552 0.904519 0.817152 0.854628 0.979183 0.878762 0.947783 0.839220 0.701251 0.726931 0.613580 0.559283 0.628307 0.525601 0.712025 0.713260 0.864116 0.726385 0.851674 0.759827 0.857675 0.819280 0.783782 0.767411 0.882002 0.978708 0.964112 0.942561 0.893721 0.983193 0.975267 0.844072 0.929184 0.933522 0.990009 0.992496 0.930323 0.831527 0.903545 0.920563 0.974740 0.883511 0.936665 0.984810 0.999764 0.880757
0.792931 0.934869 0.792538 0.786001 0.772654 0.868387 0.779614 0.817920 0.893934 0.777272 0.893089 0.913501 0.999018 0.963067 0.804480 0.903853 0.875780 0.753271 0.760084 0.914005 0.827785 0.981884 0.585130 0.694862 0.763751 0.707636 0.981056 0.897786 0.883872 0.687812 0.000000 0.618215 0.569376 0.706662 0.742882 0.883689 0.877726 0.883022 0.792164 0.804239 0.884844 0.944828 0.718493 0.765349 0.612715 0.624652 0.657295 0.600541 0.651251 0.764336 0.733982 0.862440 0.894947 0.791649 0.861850 0.767400 0.741843 0.875383 0.975011 0.923446 0.822218 0.947863 0.710650 0.817538 0.864485 0.851698 0.723510 0.691617 0.847496 0.928167 0.763888 0.811112 0.828736 0.828634 0.932156 0.913084 0.962904 0.880786 0.871185 0.941075 0.733440 0.638606 0.703023 0.649306 0.653019 0.633294 0.975054 0.719525 0.972995 0.882427 0.888405 0.912069 0.869983 0.977143 0.932503 0.874104 0.889260 0.911446 0.722973 0.839387 0.907377 0.889172 0.956138 0.955120 0.950959 0.940818 0.986168 0.926208 0.841067 0.933008 0.928940 0.873067 0.891306 0.872398 0.927358 0.814690
0.913597 0.900564 0.853067 0.888901 0.846628 0.946046 0.917258 0.896031 0.960089 0.908253 0.965764 0.985323 0.947357 0.796235 0.664171 0.830482 0.866592 0.774117 0.852031 0.998201 0.906103 0.981572 0.723528 0.791584 0.807357 0.924006 0.905813 0.933622 0.799486 0.670191 0.618215 0.000000 0.734831 0.761065 0.828580 0.842115 0.945324 0.913302 0.849193 0.696660 0.963498 0.940533 0.877822 0.847704 0.761919 0.815767 0.703947 0.714725 0.922278 0.950229 0.992682 0.969697 0.911332 0.906107 0.787849 0.716729 0.856244 0.943749 0.871844 0.915763 0.896404 0.923930 0.806295 0.864543 0.828883 0.811597 0.814557 0.787767 0.868373 0.928601 0.987665 0.808459 0.884166 0.788859 0.924886 0.844809 0.993468 0.946464 0.786345 0.824261 0.825707 0.710749 0.695693 0.643849 0.763509 0.671322 0.825990 0.758885 0.980813 0.835716 0.924312 0.905995 0.894089 0.986647 0.905034 0.851781 0.993971 0.890612 0.832360 0.971595 0.952706 0.884257 0.918766 0.930680 0.907161 0.996940 0.975973 0.998228 0.957667 0.899134 0.940936 0.866570 0.916456 0.975429 0.904764 0.782350
0.599438 0.637384 0.582030 0.643637 0.852174 0.908549 0.528079 0.637832 0.790418 0.656623 0.848484 0.997050 0.915089 0.964012 0.853083 0.922289 0.679435 0.545069 0.575616 0.713794 0.862442 0.951989 0.659445 0.904780 0.769968 0.784136 0.935096 0.906750 0.787396 0.661851 0.569376 0.734831 0.000000 0.574950 0.709998 0.941014 0.968971 0.985904 0.861998 0.883191 0.829376 0.846261 0.674843 0.594603 0.676160 0.612820 0.726710 0.614884 0.774382 0.741585 0.782123 0.800825 0.865265 0.938079 0.864191 0.916066 0.580407 0.668013 0.728692 0.892145 0.569137 0.785292 0.511475 0.582693 0.719664 0.809908 0.632152 0.657299 0.936600 0.906494 0.868335 0.957513 0.867632 0.839984 0.915702 0.982513 0.828891 0.959029 0.832251 0.978577 0.506652 0.538106 0.740720 0.586435 0.587684 0.688704 0.933928 0.812988 0.883014 0.757037 0.767546 0.828047 0.788488 0.857631 0.767113 0.752657 0.754623 0.913047 0.556795 0.681560 0.879501 0.992603 0.895934 0.751884 0.852913 0.793665 0.903615 0.847976 0.784037 0.889768 0.814125 0.875317 0.925663 0.980117 0.966648 0.830726
0.570721 0.747616 0.608684 0.551244 0.871921 0.842171 0.593015 0.484001 0.887736 0.680871 0.684011 0.851809 0.909323 0.924037 0.995071 0.938066 0.793564 0.627711 0.648293 0.688004 0.888186 0.939005 0.739440 0.819714 0.769778 0.839414 0.960557 0.937538 0.741004 0.712007 0.706662 0.761065 0.574950 0.000000 0.744787 0.809175 0.984922 0.982393 0.845763 0.701521 0.975337 0.950737 0.766223 0.695767 0.929118 0.801176 0.710705 0.696512 0.991928 0.935842 0.833913 0.807109 0.957454 0.875218 0.929595 0.780796 0.742703 0.792331 0.718273 0.693446 0.627229 0.587594 0.630321 0.582534 0.696034 0.590516 0.569541 0.511477 0.952724 0.794068 0.940343 0.864896 0.718466 0.739607 0.927421 0.983239 0.828142 0.846322 0.865314 0.881138 0.622182 0.646694 0.912218 0.719626 0.651208 0.714810 0.906156 0.953721 0.882085 0.643737 0.863420 0.962261 0.872482 0.926653 0.876123 0.720119 0.727010 0.960210 0.603390 0.670546 0.767171 0.968913 0.817850 0.843527 0.753516 0.812258 0.982382 0.825786 0.798908 0.875576 0.774580 0.913786 0.873486 0.899783 0.966754 0.973461
0.775645 0.847504 0.734207 0.677686 0.963970 0.924123 0.735756 0.727553 0.972358 0.837034 0.847444 0.909928 0.948232 0.885980 0.990000 0.847233 0.818364 0.814147 0.827859 0.758655 0.861325 0.979696 0.790943 0.954852 0.733322 0.918289 0.928166 0.973884 0.916356 0.840771 0.742882 0.828580 0.709998 0.744787 0.000000 0.915526 0.935238 0.918960 0.959863 0.848969 0.987522 0.833720 0.697735 0.728324 0.783554 0.730560 0.830983 0.751169 0.895343 0.837407 0.802287 0.771824 0.894643 0.902988 0.874082 0.724033 0.894801 0.896917 0.905995 0.887100 0.781613 0.802271 0.785951 0.767061 0.801540 0.850001 0.742942 0.759429 0.994274 0.832547 0.800258 0.802223 0.904509 0.904579 0.944686 0.968541 0.852349 0.832384 0.774894 0.987204 0.685806 0.721570 0.794801 0.706230 0.754415 0.773879 0.867667 0.900085 0.941120 0.811849 0.781636 0.838085 0.738979 0.839432 0.810169 0.672396 0.831380 0.960129 0.719871 0.773384 0.990977 0.787855 0.831131 0.773797 0.966332 0.811856 0.909778 0.797799 0.854975 0.998812 0.848710 0.807364 0.925265 0.962253 0.883310 0.942488
0.909259 0.997581 0.902712 0.779842 0.843458 0.882469 0.931245 0.838299 0.963520 0.948988 0.811403 0.846206 0.986883 0.967598 0.958761 0.958981 0.864636 0.784356 0.932082 0.949015 0.932684 0.973023 0.890783 0.837462 0.914165 0.873406 0.866840 0.975692 0.958807 0.844219 0.883689 0.842115 0.941014 0.809175 0.915526 0.000000 0.817074 0.894697 0.868888 0.736682 0.982150 0.978689 0.938849 0.982219 0.971578 0.993582 0.984096 0.937099 0.981068 0.970035 0.954590 0.989090 0.935922 0.898837 0.830754 0.862890 0.926050 0.969333 0.936190 0.974224 0.896404 0.870201 0.913362 0.943708 0.802361 0.823566 0.909554 0.825816 0.801876 0.958946 0.767512 0.892425 0.838503 0.934234 0.830171 0.999970 0.959628 0.875059 0.917653 0.931758 0.874334 0.815366 0.999775 0.966784 0.877581 0.817556 0.942540 0.965994 0.962390 0.821940 0.968901 0.925384 0.949578 0.996964 0.742402 0.988567 0.970278 0.928702 0.886824 0.969404 0.955543 0.885278 0.931947 0.882521 0.962706 0.969734 0.935858 0.951402 0.952649 0.955909 0.955162 0.949214 0.976931 0.953781 0.946744 0.995845
0.946991 0.925818 0.979208 0.939303 0.891976 0.784715 0.951865 0.977092 0.959684 0.966855 0.985962 0.983315 0.950378 0.968055 0.913961 0.870460 0.895632 0.954563 0.971845 0.988956 0.848459 0.961181 0.777311 0.827840 0.941814 0.819523 0.990069 0.905275 0.947658 0.896545 0.877726 0.945324 0.968971 0.984922 0.935238 0.817074 0.000000 0.903785 0.973081 0.981147 0.989707 0.892380 0.966355 0.956600 0.891459 0.964227 0.941505 0.893934 0.891110 0.905530 0.959908 0.949229 0.826892 0.834213 0.907215 0.908457 0.941309 0.944405 0.908111 0.907229 0.939263 0.956200 0.987516 0.948031 0.911574 0.973096 0.996965 0.922845 0.945060 0.933426 0.818194 0.837319 0.936427 0.781947 0.907212 0.978170 0.955087 0.858111 0.846919 0.892037 0.991379 0.960765 0.848435 0.840457 0.943834 0.889864 0.905897 0.926479 0.958317 0.952715 0.959986 0.951810 0.898199 0.973164 0.949616 0.970259 0.869592 0.923599 0.927846 0.934285 0.974703 0.899827 0.888152 0.966244 0.920237 0.883801 0.860469 0.968435 0.980599 0.953708 0.935785 0.904613 0.898477 0.823685 0.794805 0.993899
0.799928 0.886804 0.959573 0.863995 0.839719 0.917537 0.880901 0.966664 0.896296 0.938788 0.818376 0.897051 0.748250 0.995442 0.899763 0.965824 0.787405 0.813088 0.824388 0.863852 0.967469 0.955321 0.987559 0.800369 0.912663 0.968020 0.915802 0.924895 0.794095 0.817659 0.883022 0.913302 0.985904 0.982393 0.918960 0.894697 0.903785 0.000000 0.967184 0.972731 0.961292 0.812075 0.702656 0.740574 0.722813 0.694887 0.818609 0.778850 0.812336 0.809469 0.732152 0.755394 0.938858 0.862656 0.963871 0.895471 0.864096 0.785385 0.902019 0.875290 0.718648 0.829681 0.838502 0.835520 0.997200 0.965652 0.805462 0.753080 0.858118 0.899080 0.798788 0.746300 0.836651 0.903301 0.964735 0.929184 0.967155 0.950902 0.938979 0.932025 0.859353 0.904964 0.973132 0.984010 0.944800 0.944012 0.986402 0.982708 0.761713 0.867932 0.867332 0.842717 0.766126 0.811502 0.864947 0.996048 0.894090 0.812963 0.914528 0.922867 0.831982 0.916355 0.902032 0.792421 0.978544 0.878066 0.973005 0.839272 0.955724 0.904683 0.941386 0.901208 0.960551 0.836908 0.967416 0.895743
