0.000000 0.312748 0.629251 0.946528 0.756730 0.809964 0.719232 0.810531 0.828748 0.899863 0.495205 0.403329 0.817868 0.700175 0.820539 0.905074 0.511442 0.560180 0.485913 0.370858 0.877863 0.932836 0.664198 0.962924 0.887123 0.802344 0.965647 0.989789 0.590112 0.775925 0.719448 0.717091 0.974324 0.727262 0.766505 0.713754 0.870288 0.902503 0.972814 0.896738 0.870464 0.908799 0.908113 0.728111 0.806089 0.686083 0.733276 0.703731 0.326644 0.385565 0.405646 0.462680 0.576983 0.765627 0.592871 0.442816 0.399881 0.358974 0.284615 0.296721 0.823888 0.489134 0.643849 0.516111 0.779299 0.977665 0.728026 0.807380 0.421072 0.434574 0.963591 0.971116 0.679635 0.696699 0.934526 0.856085 0.646263 0.866486 0.931903 0.795587 0.481757 0.481072 0.806392 0.784833 0.876717 0.953009 0.682898 0.912409 0.978050 0.656264 0.669307 0.534222 0.583228 0.567777 0.981546 0.844581 0.784483 0.924267 0.922222 0.943901 0.721135 0.822172 0.754891 0.708014 0.927721 0.944144 0.938250 0.948303 0.982089 0.919542 0.981388 0.999972 0.783721 0.974842 0.986751 0.886972
0.312748 0.000000 0.606244 0.853125 0.746055 0.741370 0.688118 0.676909 0.759393 0.746334 0.605911 0.337467 0.811582 0.621070 0.939615 0.748641 0.479161 0.487025 0.481582 0.345237 0.736974 0.962022 0.765107 0.956791 0.857505 0.807783 0.988664 0.984490 0.555197 0.676847 0.884740 0.877020 0.806360 0.605380 0.758535 0.688618 0.948012 0.898142 0.944748 0.939281 0.937521 0.950841 0.976891 0.610851 0.914112 0.531018 0.635430 0.550040 0.362917 0.355416 0.368288 0.414042 0.566680 0.714139 0.560249 0.472022 0.305596 0.254403 0.335525 0.317298 0.798440 0.414395 0.528645 0.363820 0.792654 0.971484 0.727104 0.903873 0.514379 0.388297 0.826261 0.735084 0.765945 0.772161 0.826713 0.900603 0.554998 0.740013 0.781109 0.653146 0.347197 0.405327 0.724583 0.700344 0.904323 0.923931 0.706877 0.958856 0.926875 0.673529 0.716961 0.540355 0.572744 0.576721 0.893183 0.806024 0.723245 0.972460 0.809690 0.898599 0.650126 0.881094 0.663217 0.737555 0.846475 0.803758 0.991149 0.990059 0.991591 0.869134 0.915341 0.906836 0.747436 0.885807 0.956856 0.878465
0.629251 0.606244 0.000000 0.616512 0.649290 0.893769 0.522145 0.892802 0.711613 0.705727 0.628895 0.602297 0.796444 0.915621 0.661078 0.996065 0.667861 0.694418 0.858066 0.644452 0.699474 0.975937 0.451913 0.573617 0.554708 0.471663 0.741649 0.892358 0.587554 0.635988 0.698393 0.730848 0.846763 0.887432 0.671636 0.715356 0.765485 0.907696 0.971195 0.893992 0.999949 0.894805 0.935112 0.793859 0.893624 0.732956 0.997104 0.938644 0.591785 0.643472 0.708619 0.783213 0.832987 0.926686 0.821163 0.719248 0.585610 0.611691 0.638207 0.602538 0.853273 0.695196 0.760878 0.625759 0.360593 0.565932 0.569468 0.619298 0.747222 0.585597 0.993452 0.872347 0.774695 0.775208 0.961572 0.986220 0.754930 0.935134 0.967083 0.995221 0.834216 0.936269 0.818276 0.865646 0.550483 0.493603 0.833195 0.630081 0.741478 0.876625 0.654823 0.633453 0.607241 0.669353 0.851055 0.919420 0.859475 0.858304 0.846670 0.925832 0.876393 0.772714 0.803402 0.913114 0.807938 0.853901 0.892426 0.906911 0.987668 0.856693 0.985679 0.946687 0.760244 0.981086 0.741507 0.908191
0.946528 0.853125 0.616512 0.000000 0.885977 0.792248 0.662147 0.645648 0.893302 0.959491 0.870194 0.847324 0.625475 0.636370 0.650738 0.654853 0.993913 0.995736 0.896178 0.919446 0.993240 0.973951 0.560307 0.461153 0.884553 0.765441 0.831629 0.858538 0.898344 0.894370 0.864575 0.879623 0.716774 0.852740 0.827349 0.952593 0.975912 0.865407 0.959891 0.977002 0.912274 0.994414 0.954607 0.950737 0.863497 0.825286 0.880813 0.666686 0.960736 0.898675 0.751866 0.745044 0.732221 0.760262 0.847258 0.902214 0.967689 0.881437 0.880107 0.909120 0.549522 0.724872 0.892762 0.799610 0.495090 0.405549 0.809208 0.642883 0.959225 0.955235 0.933435 0.885062 0.717853 0.679100 0.820590 0.952470 0.997544 0.858041 0.795642 0.818247 0.735569 0.736644 0.613096 0.704902 0.461102 0.429467 0.837625 0.597447 0.704773 0.631455 0.756373 0.933139 0.915351 0.957965 0.967333 0.949701 0.864550 0.934778 0.825181 0.710044 0.857703 0.676257 0.964864 0.983284 0.673872 0.758263 0.857554 0.987053 0.943115 0.975399 0.874368 0.926303 0.934198 0.947079 0.805121 0.931117
0.756730 0.746055 0.649290 0.885977 0.000000 0.982761 0.573093 0.905464 0.714862 0.975671 0.929622 0.857325 0.795680 0.992512 0.761151 0.960342 0.793712 0.948930 0.916361 0.860556 0.821985 0.891476 0.702286 0.828246 0.977079 0.939591 0.969842 0.868031 0.952764 0.988761 0.972925 0.888817 0.876889 0.864637 0.801476 0.798820 0.951181 0.969365 0.994501 0.967462 0.970843 0.958883 0.881502 0.974625 0.757205 0.943300 0.977937 0.896163 0.695536 0.676065 0.758279 0.733177 0.749110 0.830112 0.741202 0.702339 0.780375 0.738319 0.803322 0.786096 0.694807 0.967809 0.992051 0.876698 0.666117 0.648397 0.604629 0.631346 0.805018 0.761127 0.921440 0.902526 0.994148 0.940060 0.977923 0.946583 0.879363 0.924910 0.905542 0.991331 0.886694 0.849508 0.893877 0.885064 0.741307 0.696193 0.805176 0.768252 0.826862 0.928401 0.685100 0.735857 0.757635 0.732052 0.939287 0.974344 0.979813 0.806689 0.998402 0.835077 0.977939 0.784567 0.921313 0.979132 0.786925 0.902412 0.915553 0.975430 0.934991 0.877886 0.853841 0.995666 0.945267 0.901979 0.927318 0.906602
0.809964 0.741370 0.893769 0.792248 0.982761 0.000000 0.899847 0.542914 0.876762 0.640982 0.924475 0.691659 0.750842 0.656614 0.806865 0.619926 0.960839 0.896581 0.843966 0.821758 0.801859 0.993877 0.868734 0.926648 0.779047 0.917799 0.996591 0.846624 0.747565 0.855125 0.909735 0.925137 0.800167 0.746359 0.941726 0.947341 0.956857 0.924791 0.939756 0.890734 0.847609 0.791482 0.897541 0.709840 0.840542 0.631442 0.870955 0.734331 0.712755 0.738694 0.714924 0.674078 0.852136 0.684601 0.933543 0.864927 0.851736 0.812040 0.846533 0.712513 0.742711 0.602417 0.752814 0.692502 0.936526 0.743441 0.920578 0.820702 0.878810 0.938358 0.880839 0.847320 0.937942 0.802725 0.834002 0.895542 0.764757 0.745253 0.967861 0.977018 0.844084 0.864252 0.789845 0.949906 0.870857 0.867731 0.976830 0.968669 0.951376 0.960315 0.804200 0.993324 0.924381 0.999461 0.781370 0.901673 0.773048 0.983034 0.685711 0.784337 0.630980 0.935500 0.875324 0.942158 0.842683 0.851295 0.865586 0.849029 0.877462 0.835903 0.942313 0.880481 0.950119 0.914268 0.984105 0.973181
0.719232 0.688118 0.522145 0.662147 0.573093 0.899847 0.000000 0.621339 0.453886 0.861634 0.998762 0.930807 0.584722 0.891048 0.583998 0.795711 0.866305 0.877564 0.951941 0.792471 0.962223 0.855706 0.564515 0.798004 0.920792 0.854538 0.979635 0.853586 0.921277 0.951213 0.812724 0.751858 0.763296 0.856606 0.818624 0.781412 0.962670 0.875771 0.883370 0.899773 0.701270 0.872239 0.778925 0.898448 0.508661 0.873379 0.964146 0.976686 0.696684 0.662699 0.741346 0.778904 0.755174 0.901314 0.580984 0.658415 0.721178 0.636709 0.717513 0.705913 0.520918 0.948928 0.889119 0.917580 0.559632 0.430400 0.464673 0.447591 0.627883 0.576275 0.912509 0.885635 0.815615 0.796695 0.897412 0.991981 0.915293 0.992814 0.929300 0.933685 0.912496 0.918609 0.833813 0.995120 0.624708 0.600817 0.725145 0.669352 0.868825 0.885935 0.485052 0.532092 0.576218 0.522173 0.945087 0.994916 0.926735 0.854617 0.783890 0.618001 0.862813 0.586546 0.883882 0.975194 0.775267 0.852520 0.902188 0.916113 0.916664 0.921828 0.833496 0.777902 0.944601 0.986622 0.775192 0.952508
0.810531 0.676909 0.892802 0.645648 0.905464 0.542914 0.621339 0.000000 0.727306 0.428407 0.688038 0.482198 0.506652 0.531439 0.707407 0.543021 0.741573 0.732156 0.777125 0.685244 0.645900 0.872746 0.871347 0.924228 0.539695 0.703404 0.923255 0.915263 0.646694 0.639254 0.977894 0.919237 0.675573 0.567307 0.909815 0.848170 0.850344 0.953373 0.808342 0.789595 0.687899 0.895535 0.856222 0.629649 0.569339 0.417849 0.826254 0.619317 0.723652 0.738736 0.659018 0.650178 0.783899 0.714251 0.993927 0.912194 0.747832 0.746520 0.773800 0.712362 0.408535 0.353741 0.453923 0.454079 0.942651 0.570541 0.850150 0.638403 0.840106 0.952459 0.952458 0.801048 0.843700 0.800428 0.764467 0.958620 0.679835 0.790564 0.774600 0.928332 0.641923 0.779765 0.748869 0.948067 0.795017 0.822870 0.930009 0.889891 0.941536 0.991383 0.664590 0.898048 0.879037 0.876443 0.859022 0.808102 0.774625 0.918450 0.462128 0.575004 0.499190 0.725723 0.756998 0.834054 0.664462 0.744464 0.958162 0.795809 0.928422 0.929015 0.769583 0.671307 0.657792 0.926275 0.778614 0.814883
0.828748 0.759393 0.711613 0.893302 0.714862 0.876762 0.453886 0.727306 0.000000 0.903118 0.977878 0.883614 0.773234 0.953949 0.829818 0.989543 0.742423 0.723969 0.881436 0.774080 0.932618 0.901778 0.801220 0.975487 0.909971 0.885804 0.955016 0.865309 0.816549 0.802663 0.959837 0.984519 0.955996 0.929654 0.843490 0.954600 0.995731 0.874181 0.880505 0.931823 0.806406 0.789029 0.932629 0.953382 0.773028 0.969886 0.848237 0.865745 0.890215 0.886370 0.907446 0.997764 0.966350 0.909294 0.674968 0.913876 0.740003 0.709943 0.801604 0.902094 0.776304 0.973819 0.939605 0.798649 0.732237 0.665818 0.674994 0.707193 0.760142 0.553635 0.873984 0.711794 0.757649 0.788065 0.968491 0.939429 0.944122 0.924364 0.777067 0.683604 0.784910 0.830253 0.974605 0.905831 0.776383 0.795074 0.859740 0.857762 0.867498 0.949337 0.534756 0.509091 0.593038 0.560126 0.910026 0.851437 0.861565 0.899745 0.836359 0.816326 0.870641 0.842936 0.719899 0.979378 0.809189 0.815022 0.951106 0.917494 0.876619 0.712426 0.892928 0.992726 0.988388 0.824879 0.868042 0.959397
0.899863 0.746334 0.705727 0.959491 0.975671 0.640982 0.861634 0.428407 0.903118 0.000000 0.642211 0.591343 0.844654 0.792686 0.945838 0.768955 0.696418 0.686990 0.954130 0.711328 0.625047 0.993944 0.808343 0.752096 0.535010 0.607078 0.759197 0.898983 0.566717 0.536941 0.953041 0.894024 0.757475 0.709295 0.810163 0.777818 0.900657 0.988531 0.916923 0.874687 0.811428 0.971019 0.870839 0.601665 0.652935 0.466319 0.950050 0.761238 0.761407 0.791903 0.779422 0.794655 0.930031 0.848898 0.998972 0.885806 0.714616 0.763962 0.865097 0.788343 0.754724 0.573678 0.561367 0.540944 0.746174 0.954871 0.995070 0.885808 0.918805 0.833648 0.869329 0.678035 0.981227 0.937698 0.793364 0.950881 0.730694 0.769664 0.884095 0.891990 0.780727 0.946892 0.949220 0.960802 0.774177 0.807411 0.954761 0.905356 0.738966 0.829818 0.879501 0.958658 0.984206 0.899448 0.812275 0.871403 0.828373 0.862738 0.550177 0.653254 0.654804 0.799955 0.748011 0.799529 0.866736 0.950094 0.959263 0.740299 0.873125 0.909903 0.842592 0.695685 0.749129 0.859541 0.968773 0.728219
0.495205 0.605911 0.628895 0.870194 0.929622 0.924475 0.998762 0.688038 0.977878 0.642211 0.000000 0.467218 0.758787 0.779266 0.895037 0.962554 0.420026 0.524634 0.579604 0.449699 0.849067 0.973501 0.559973 0.685645 0.591967 0.621277 0.892766 0.837321 0.434622 0.538681 0.758997 0.887829 0.916805 0.686759 0.643686 0.609319 0.754945 0.971853 0.912229 0.977469 0.895509 0.934354 0.961070 0.702719 0.963356 0.620803 0.888641 0.863722 0.569042 0.617111 0.653051 0.737885 0.856505 0.882796 0.893385 0.737115 0.509520 0.603441 0.529449 0.559926 0.777069 0.606974 0.520138 0.574072 0.577147 0.871187 0.747924 0.853221 0.676030 0.614115 0.855745 0.971035 0.672739 0.650347 0.815902 0.930700 0.783888 0.911912 0.869843 0.782268 0.661309 0.727714 0.960969 0.974247 0.858115 0.825915 0.728383 0.800987 0.906924 0.951821 0.719332 0.701605 0.674532 0.779809 0.983193 0.807226 0.898885 0.947657 0.862641 0.835135 0.721855 0.989075 0.819213 0.647792 0.937444 0.996413 0.855206 0.961556 0.976339 0.921413 0.941033 0.899024 0.799628 0.881190 0.979511 0.832046
0.403329 0.337467 0.602297 0.847324 0.857325 0.691659 0.930807 0.482198 0.883614 0.591343 0.467218 0.000000 0.548996 0.404525 0.868944 0.563290 0.402589 0.440872 0.464893 0.332969 0.743818 0.994664 0.824857 0.989462 0.600797 0.622712 0.935112 0.912183 0.412587 0.487035 0.831024 0.932600 0.756006 0.504728 0.723889 0.688382 0.798747 0.986526 0.824566 0.895877 0.910073 0.934837 0.995647 0.573248 0.947686 0.456457 0.730752 0.631107 0.511914 0.488156 0.429138 0.534156 0.668554 0.761969 0.741441 0.676277 0.393026 0.406204 0.425854 0.413665 0.540247 0.301124 0.367375 0.278774 0.773928 0.847474 0.806958 0.981210 0.676957 0.504672 0.963462 0.750744 0.802066 0.838221 0.777375 0.823696 0.564487 0.742934 0.773528 0.684479 0.402997 0.463922 0.707805 0.844507 0.902212 0.928467 0.869833 0.986396 0.862682 0.881582 0.819423 0.555206 0.581838 0.636389 0.954087 0.764152 0.785399 0.975059 0.720986 0.811975 0.586420 0.993374 0.663020 0.783334 0.890610 0.919271 0.998983 0.932029 0.969559 0.835840 0.816733 0.785843 0.656418 0.872136 0.891849 0.811606
0.817868 0.811582 0.796444 0.625475 0.795680 0.750842 0.584722 0.506652 0.773234 0.844654 0.758787 0.548996 0.000000 0.355714 0.468541 0.473631 0.740213 0.804109 0.603970 0.703677 0.923861 0.939302 0.652547 0.640640 0.805695 0.926627 0.824570 0.992152 0.726651 0.756539 0.987390 0.899924 0.685942 0.636926 0.939155 0.926236 0.868301 0.824762 0.743093 0.900894 0.776627 0.849983 0.930684 0.865634 0.869946 0.784043 0.874560 0.835595 0.956347 0.861531 0.699135 0.763142 0.798174 0.730564 0.928036 0.936496 0.893731 0.901919 0.847280 0.812080 0.347073 0.569235 0.551823 0.642008 0.715871 0.484776 0.870057 0.665550 0.862088 0.989763 0.884805 0.959464 0.865558 0.885470 0.844057 0.888362 0.789506 0.879934 0.851519 0.875121 0.693792 0.697838 0.622302 0.928232 0.556223 0.601461 0.853719 0.780311 0.899112 0.929718 0.784510 0.890036 0.964143 0.924689 0.864085 0.980510 0.977145 0.960499 0.799196 0.787986 0.676694 0.819448 0.843530 0.960512 0.773727 0.863353 0.956109 0.993424 0.955908 0.933850 0.845291 0.789979 0.833170 0.945158 0.760467 0.848029
0.700175 0.621070 0.915621 0.636370 0.992512 0.656614 0.891048 0.531439 0.953949 0.792686 0.779266 0.404525 0.355714 0.000000 0.533937 0.385229 0.603067 0.635409 0.548478 0.549714 0.827808 0.996142 0.783524 0.685306 0.747198 0.777674 0.851620 0.899888 0.603465 0.630025 0.982904 0.921731 0.678554 0.597035 0.834474 0.859315 0.721647 0.885219 0.701093 0.926299 0.788540 0.794042 0.888620 0.793654 0.986001 0.688761 0.859185 0.722803 0.835337 0.711839 0.551650 0.667141 0.724746 0.683873 0.907446 0.959526 0.711658 0.689822 0.713523 0.670116 0.454596 0.498115 0.505519 0.463837 0.900177 0.638303 0.912895 0.878819 0.983532 0.750281 0.935416 0.812836 0.940702 0.935763 0.793436 0.822069 0.744359 0.793261 0.740703 0.736642 0.568040 0.594557 0.609224 0.913840 0.688390 0.710208 0.899909 0.878872 0.972968 0.929025 0.985730 0.622592 0.678756 0.666698 0.998395 0.955257 0.903154 0.975001 0.834104 0.839607 0.722890 0.959365 0.750290 0.949908 0.834025 0.901363 0.899535 0.946947 0.946741 0.953553 0.803308 0.810939 0.874363 0.962752 0.836629 0.868673
0.820539 0.939615 0.661078 0.650738 0.761151 0.806865 0.583998 0.707407 0.829818 0.945838 0.895037 0.868944 0.468541 0.533937 0.000000 0.470683 0.940333 0.906281 0.830475 0.949184 0.988928 0.899600 0.430081 0.559324 0.969429 0.887375 0.778057 0.998356 0.919928 0.898349 0.705520 0.615566 0.582170 0.754559 0.838999 0.908569 0.990705 0.869480 0.736853 0.852569 0.739181 0.768219 0.894688 0.902503 0.776637 0.932901 0.930602 0.856451 0.730981 0.820063 0.966883 0.925400 0.876199 0.961550 0.784034 0.704960 0.906250 0.915319 0.799641 0.848294 0.565759 0.867938 0.812155 0.877497 0.560835 0.482491 0.662423 0.554542 0.678153 0.836470 0.986923 0.808433 0.867230 0.805807 0.845074 0.945165 0.947765 0.957417 0.746146 0.889349 0.915545 0.861083 0.627952 0.926514 0.591884 0.546783 0.803087 0.704859 0.941004 0.948922 0.705000 0.953123 0.896122 0.905451 0.976846 0.953420 0.963871 0.935711 0.905749 0.700955 0.870423 0.870910 0.960059 0.865171 0.793035 0.891392 0.892828 0.905541 0.941804 0.954227 0.854186 0.762413 0.855025 0.957651 0.691789 0.899602
0.905074 0.748641 0.996065 0.654853 0.960342 0.619926 0.795711 0.543021 0.989543 0.768955 0.962554 0.563290 0.473631 0.385229 0.470683 0.000000 0.763539 0.711556 0.682767 0.697208 0.878143 0.947564 0.627514 0.655589 0.900518 0.981193 0.929996 0.973165 0.688924 0.725438 0.810598 0.764727 0.600626 0.596709 0.971860 0.938843 0.980475 0.980249 0.790903 0.990233 0.765529 0.794480 0.896373 0.721275 0.775039 0.641264 0.831290 0.689125 0.988355 0.918270 0.769982 0.835003 0.916487 0.833761 0.941755 0.868464 0.772829 0.847557 0.944486 0.892336 0.522016 0.574208 0.574835 0.525709 0.753518 0.552046 0.826019 0.630043 0.838507 0.839430 0.852367 0.690858 0.909382 0.840421 0.883120 0.820857 0.748819 0.731173 0.654076 0.805199 0.623165 0.634751 0.548552 0.920448 0.648960 0.641111 0.868727 0.738264 0.960543 0.964128 0.886822 0.855188 0.900468 0.889587 0.877985 0.904607 0.845599 0.826020 0.717303 0.746989 0.641405 0.871638 0.782846 0.985209 0.817927 0.794573 0.922020 0.925022 0.972487 0.897202 0.728298 0.774208 0.871269 0.898286 0.719703 0.901973
0.511442 0.479161 0.667861 0.993913 0.793712 0.960839 0.866305 0.741573 0.742423 0.696418 0.420026 0.402589 0.740213 0.603067 0.940333 0.763539 0.000000 0.298538 0.408371 0.330605 0.803253 0.955900 0.716167 0.862650 0.737205 0.696644 0.934176 0.884002 0.372678 0.396121 0.997923 0.878222 0.662939 0.531281 0.701299 0.677247 0.814585 0.984868 0.890975 0.896508 0.902280 0.856253 0.916218 0.565450 0.953744 0.585176 0.674953 0.645196 0.652958 0.641172 0.632562 0.766950 0.892982 0.938503 0.794311 0.796912 0.371652 0.448738 0.520986 0.608581 0.760524 0.606192 0.393409 0.389248 0.680722 0.945813 0.764197 0.938857 0.633392 0.393681 0.888061 0.716656 0.607729 0.590904 0.783003 0.883380 0.679042 0.857004 0.698768 0.546258 0.411629 0.471255 0.752053 0.790707 0.960692 0.968049 0.786508 0.921376 0.743357 0.946560 0.599259 0.478558 0.484272 0.564386 0.938313 0.822799 0.851072 0.960951 0.873017 0.890030 0.731945 0.970274 0.618777 0.663500 0.980753 0.981821 0.959580 0.904112 0.962360 0.748703 0.798419 0.764663 0.811290 0.821321 0.935244 0.769185
0.560180 0.487025 0.694418 0.995736 0.948930 0.896581 0.877564 0.732156 0.723969 0.686990 0.524634 0.440872 0.804109 0.635409 0.906281 0.711556 0.298538 0.000000 0.442711 0.358522 0.822613 0.952618 0.829118 0.901233 0.766100 0.733500 0.939237 0.782518 0.362392 0.375874 0.897514 0.760981 0.588651 0.447434 0.773088 0.773619 0.932714 0.864253 0.931224 0.949410 0.943299 0.851632 0.759296 0.481222 0.788566 0.491069 0.659743 0.549696 0.708207 0.735151 0.750257 0.867670 0.989117 0.922559 0.825065 0.831295 0.349513 0.443162 0.593264 0.666481 0.744515 0.606011 0.410056 0.368783 0.766173 0.993617 0.908685 0.919322 0.656201 0.365268 0.742915 0.620526 0.516382 0.550493 0.798417 0.807918 0.667190 0.737390 0.559348 0.504329 0.395398 0.495432 0.683638 0.737461 0.975530 0.978825 0.860409 0.954178 0.712604 0.966400 0.639104 0.503944 0.551982 0.583659 0.817016 0.793322 0.693433 0.767326 0.851316 0.851813 0.707011 0.960688 0.595310 0.622665 0.906843 0.921283 0.977805 0.852218 0.910263 0.679160 0.631249 0.762829 0.807075 0.755459 0.866497 0.855425
0.485913 0.481582 0.858066 0.896178 0.916361 0.843966 0.951941 0.777125 0.881436 0.954130 0.579604 0.464893 0.603970 0.548478 0.830475 0.682767 0.408371 0.442711 0.000000 0.405576 0.970259 0.944522 0.998677 0.871435 0.897513 0.942405 0.857878 0.962551 0.493562 0.579281 0.918347 0.836868 0.653149 0.514355 0.763423 0.785196 0.874010 0.991944 0.819809 0.885908 0.882713 0.962161 0.933716 0.649152 0.996806 0.698941 0.627670 0.652975 0.687404 0.603268 0.598338 0.662329 0.785639 0.771350 0.774157 0.838683 0.482542 0.526884 0.566859 0.577214 0.709553 0.641611 0.481527 0.519023 0.945809 0.868833 0.834071 0.977410 0.676742 0.513378 0.903372 0.821148 0.697093 0.685887 0.861630 0.881389 0.688703 0.821737 0.731532 0.581981 0.466499 0.490439 0.640043 0.790069 0.811916 0.802140 0.831867 0.949021 0.885946 0.874486 0.731580 0.556545 0.562838 0.606490 0.953611 0.905248 0.933909 0.968939 0.981990 0.931995 0.665603 0.949627 0.698947 0.794300 0.897334 0.873338 0.948336 0.841033 0.978934 0.943347 0.792443 0.925839 0.907181 0.943767 0.945897 0.943867
0.370858 0.345237 0.644452 0.919446 0.860556 0.821758 0.792471 0.685244 0.774080 0.711328 0.449699 0.332969 0.703677 0.549714 0.949184 0.697208 0.330605 0.358522 0.405576 0.000000 0.807582 0.980630 0.778583 0.972004 0.799507 0.711809 0.968705 0.918404 0.413819 0.513351 0.904091 0.960962 0.707729 0.560304 0.800799 0.653343 0.871000 0.967679 0.860199 0.955638 0.951714 0.928857 0.988010 0.615917 0.939980 0.586636 0.723863 0.627599 0.488854 0.472481 0.459075 0.565688 0.704120 0.765499 0.674091 0.664337 0.341436 0.345228 0.421884 0.417213 0.723796 0.483911 0.457249 0.382912 0.754548 0.989062 0.762507 0.967934 0.575558 0.353020 0.911776 0.744370 0.666834 0.721778 0.828932 0.834415 0.588893 0.743185 0.718118 0.606839 0.403277 0.473313 0.767297 0.811412 0.942087 0.962549 0.685808 0.870722 0.860151 0.832144 0.665491 0.485641 0.529211 0.528737 0.934631 0.843981 0.795309 0.993871 0.866265 0.921268 0.593820 0.891647 0.607344 0.748372 0.859541 0.992216 0.969630 0.995693 0.913016 0.849607 0.805014 0.878120 0.792782 0.854443 0.868769 0.799163
0.877863 0.736974 0.699474 0.993240 0.821985 0.801859 0.962223 0.645900 0.932618 0.625047 0.849067 0.743818 0.923861 0.827808 0.988928 0.878143 0.803253 0.822613 0.970259 0.807582 0.000000 0.998508 0.922116 0.857956 0.758755 0.729799 0.996536 0.897281 0.846340 0.827424 0.987862 0.994133 0.884305 0.854315 0.845384 0.920408 0.830395 0.916115 0.843886 0.927690 0.803216 0.896814 0.941548 0.837342 0.852934 0.694999 0.979913 0.735466 0.764716 0.768628 0.771475 0.768736 0.781766 0.825987 0.966534 0.913326 0.779414 0.739992 0.811339 0.785592 0.904224 0.706530 0.762760 0.683116 0.835991 0.972271 0.906730 0.980895 0.911246 0.866661 0.887101 0.784472 0.862449 0.845489 0.800360 0.821117 0.824831 0.872515 0.962002 0.997277 0.822071 0.955082 0.958154 0.997132 0.902880 0.849458 0.916528 0.867966 0.800289 0.962570 0.847856 0.975542 0.968070 0.953764 0.837332 0.808151 0.882408 0.938710 0.590906 0.833970 0.929981 0.837421 0.784325 0.912681 0.873318 0.889395 0.968217 0.865706 0.875493 0.920002 0.876904 0.751572 0.804023 0.908179 0.950319 0.888950
0.932836 0.962022 0.975937 0.973951 0.891476 0.993877 0.855706 0.872746 0.901778 0.993944 0.973501 0.994664 0.939302 0.996142 0.899600 0.947564 0.955900 0.952618 0.944522 0.980630 0.998508 0.000000 0.870866 0.976791 0.931043 0.949220 0.992340 0.950869 0.948076 0.977885 0.965962 0.991047 0.934321 0.970438 0.889635 0.962985 0.910582 0.688453 0.969167 0.685800 0.838996 0.949540 0.915015 0.919707 0.836265 0.953748 0.944894 0.866122 0.969576 0.915670 0.922975 0.952319 0.910531 0.999239 0.926491 0.962936 0.958260 0.927940 0.955667 0.960345 0.830279 0.889135 0.993951 0.994927 0.883670 0.802367 0.855943 0.895675 0.981577 0.944536 0.951574 0.994048 0.989244 0.959707 0.925620 0.861453 0.955745 0.961749 0.979779 0.922873 0.969817 0.910277 0.959457 0.957139 0.917006 0.900319 0.804892 0.977679 0.969659 0.996324 0.833297 0.913447 0.917883 0.957426 0.988652 0.963481 0.859321 0.952996 0.984113 0.906484 0.923909 0.849888 0.944568 0.922988 0.830424 0.874701 0.971894 0.960128 0.974582 0.972410 0.930157 0.918305 0.917601 0.992124 0.928133 0.994555
0.664198 0.765107 0.451913 0.560307 0.702286 0.868734 0.564515 0.871347 0.801220 0.808343 0.559973 0.824857 0.652547 0.783524 0.430081 0.627514 0.716167 0.829118 0.998677 0.778583 0.922116 0.870866 0.000000 0.395345 0.735492 0.591785 0.752376 0.924012 0.718488 0.751778 0.680210 0.691327 0.675895 0.938858 0.665399 0.625510 0.820303 0.983656 0.832032 0.951841 0.795337 0.851204 0.917038 0.890786 0.778260 0.902059 0.974680 0.899593 0.640429 0.702633 0.829094 0.889765 0.943250 0.936639 0.819974 0.692211 0.673672 0.715714 0.667294 0.715388 0.686550 0.951177 0.893972 0.862872 0.306026 0.405421 0.547480 0.459871 0.616375 0.663210 0.942750 0.948704 0.726083 0.667922 0.907775 0.969195 0.862058 0.909000 0.872955 0.992673 0.955665 0.984085 0.650401 0.987637 0.447694 0.433308 0.695775 0.566059 0.849787 0.864054 0.565560 0.742279 0.675723 0.800696 0.922701 0.909886 0.971743 0.868088 0.924001 0.772777 0.914976 0.746006 0.941088 0.759918 0.712756 0.803038 0.846006 0.916482 0.954825 0.972186 0.836412 0.883013 0.885029 0.983777 0.706936 0.915753
0.962924 0.956791 0.573617 0.461153 0.828246 0.926648 0.798004 0.924228 0.975487 0.752096 0.685645 0.989462 0.640640 0.685306 0.559324 0.655589 0.862650 0.901233 0.871435 0.972004 0.857956 0.976791 0.395345 0.000000 0.690205 0.676006 0.744253 0.789470 0.826727 0.764501 0.826329 0.895391 0.746338 0.950736 0.772949 0.727420 0.897600 0.956095 0.817865 0.973719 0.970867 0.933140 0.944196 0.898407 0.977703 0.904769 0.818045 0.815910 0.855626 0.948395 0.903761 0.880359 0.791350 0.848761 0.887040 0.957414 0.910996 0.975997 0.987262 0.984433 0.685309 0.911820 0.974916 0.985515 0.418075 0.489587 0.747837 0.662446 0.874002 0.877212 0.954281 0.950907 0.760936 0.746649 0.996405 0.989017 0.941448 0.973737 0.870708 0.853358 0.840280 0.800508 0.626005 0.827199 0.418313 0.408020 0.768681 0.560815 0.731733 0.685504 0.798938 0.980702 0.886937 0.986436 0.881500 0.970520 0.933707 0.851090 0.957163 0.883965 0.933272 0.820382 0.891280 0.822646 0.810263 0.817158 0.844625 0.928624 0.943675 0.966972 0.875040 0.958679 0.995625 0.903562 0.806600 0.848383
0.887123 0.857505 0.554708 0.884553 0.977079 0.779047 0.920792 0.539695 0.909971 0.535010 0.591967 0.600797 0.805695 0.747198 0.969429 0.900518 0.737205 0.766100 0.897513 0.799507 0.758755 0.931043 0.735492 0.690205 0.000000 0.405237 0.607184 0.825875 0.587713 0.532907 0.767107 0.898818 0.956528 0.785028 0.767774 0.815349 0.702939 0.812002 0.901077 0.802631 0.799257 0.870203 0.978257 0.816180 0.777466 0.652969 0.977310 0.972554 0.814114 0.857217 0.825596 0.890247 0.935768 0.891978 0.898036 0.956501 0.865363 0.881974 0.822883 0.795274 0.704908 0.601362 0.582468 0.623484 0.567606 0.926737 0.820780 0.925306 0.904038 0.941127 0.794413 0.949062 0.953357 0.937315 0.830033 0.890053 0.827804 0.959623 0.932780 0.992091 0.874761 0.976863 0.917530 0.892265 0.730551 0.685021 0.898157 0.782338 0.787850 0.771970 0.977475 0.909314 0.860118 0.963885 0.973089 0.882974 0.989329 0.967941 0.679159 0.841136 0.836035 0.939463 0.847261 0.894456 0.971059 0.937055 0.902933 0.851298 0.935180 0.925636 0.919322 0.862159 0.660754 0.981269 0.859164 0.831545
0.802344 0.807783 0.471663 0.765441 0.939591 0.917799 0.854538 0.703404 0.885804 0.607078 0.621277 0.622712 0.926627 0.777674 0.887375 0.981193 0.696644 0.733500 0.942405 0.711809 0.729799 0.949220 0.591785 0.676006 0.405237 0.000000 0.718886 0.857602 0.565591 0.528377 0.637707 0.844851 0.958741 0.867943 0.763090 0.778053 0.641756 0.868681 0.829748 0.873528 0.942390 0.999741 0.870802 0.886908 0.907588 0.720635 0.946629 0.954170 0.787527 0.830886 0.792423 0.929640 0.928835 0.973903 0.986855 0.937854 0.779549 0.784534 0.738503 0.776166 0.799331 0.643471 0.609980 0.622366 0.494542 0.756553 0.752008 0.791805 0.993837 0.805495 0.787129 0.979869 0.895020 0.882569 0.929957 0.961139 0.731412 0.955632 0.990000 0.978401 0.904102 0.970051 0.869273 0.874508 0.667168 0.564802 0.975136 0.752679 0.789306 0.728766 0.837123 0.753945 0.733832 0.831113 0.916237 0.954770 0.939797 0.873883 0.833899 0.958500 0.927100 0.907543 0.792122 0.897359 0.943621 0.766042 0.971758 0.837874 0.978577 0.893586 0.880962 0.906796 0.770782 0.941606 0.842376 0.835365
0.965647 0.988664 0.741649 0.831629 0.969842 0.996591 0.979635 0.923255 0.955016 0.759197 0.892766 0.935112 0.824570 0.851620 0.778057 0.929996 0.934176 0.939237 0.857878 0.968705 0.996536 0.992340 0.752376 0.744253 0.607184 0.718886 0.000000 0.741101 0.845287 0.913011 0.814517 0.968605 0.954049 0.966683 0.886620 0.996862 0.987894 0.860499 0.911159 0.968854 0.984521 0.952253 0.889052 0.875844 0.840098 0.834183 0.970213 0.927653 0.916828 0.960086 0.973586 0.936495 0.912924 0.873343 0.985036 0.992655 0.951247 0.976024 0.941614 0.967878 0.970013 0.883874 0.897029 0.902980 0.728321 0.887035 0.961352 0.993637 0.930235 0.968089 0.955302 0.883312 0.836840 0.888981 0.963355 0.968112 0.886837 0.909624 0.838655 0.949722 0.984926 0.923056 0.881235 0.955710 0.776030 0.745890 0.873592 0.771067 0.835968 0.936191 0.951324 0.926471 0.994258 0.956695 0.961125 0.953103 0.815528 0.944324 0.892904 0.990843 0.953769 0.958669 0.963725 0.876884 0.877537 0.875400 0.941684 0.750954 0.916922 0.904070 0.933144 0.895720 0.821915 0.976493 0.857131 0.987992
0.989789 0.984490 0.892358 0.858538 0.868031 0.846624 0.853586 0.915263 0.865309 0.898983 0.837321 0.912183 0.992152 0.899888 0.998356 0.973165 0.884002 0.782518 0.962551 0.918404 0.897281 0.950869 0.924012 0.789470 0.825875 0.857602 0.741101 0.000000 0.839981 0.868980 0.945862 0.815780 0.913052 0.900004 0.916290 0.878771 0.905705 0.989252 0.972519 0.877575 0.982145 0.953071 0.635282 0.785265 0.697347 0.777593 0.957380 0.922601 0.972587 0.907778 0.890386 0.843451 0.849288 0.729114 0.858212 0.962517 0.864520 0.938758 0.976315 0.972622 0.866729 0.908385 0.893141 0.898767 0.920974 0.989747 0.891494 0.815220 0.897101 0.909671 0.812185 0.873766 0.747201 0.849027 0.947578 0.969046 0.944475 0.911580 0.868493 0.998115 0.946525 0.994560 0.988801 0.941423 0.917285 0.921647 0.999375 0.887247 0.796859 0.849551 0.945556 0.962518 0.991867 0.933654 0.975709 0.999364 0.927776 0.941603 0.959481 0.909111 0.993790 0.956847 0.971033 0.816816 0.984109 0.993439 0.967695 0.937868 0.851729 0.986462 0.742345 0.916798 0.812538 0.790413 0.982356 0.991460
0.590112 0.555197 0.587554 0.898344 0.952764 0.747565 0.921277 0.646694 0.816549 0.566717 0.434622 0.412587 0.726651 0.603465 0.919928 0.688924 0.372678 0.362392 0.493562 0.413819 0.846340 0.948076 0.718488 0.826727 0.587713 0.565591 0.845287 0.839981 0.000000 0.340704 0.995835 0.831075 0.627505 0.520023 0.653662 0.665917 0.794098 0.990260 0.839483 0.934980 0.930616 0.926053 0.891723 0.565370 0.834060 0.494076 0.746506 0.715329 0.703547 0.702534 0.696124 0.819845 0.964202 0.944747 0.867720 0.881997 0.453359 0.532825 0.598498 0.622071 0.704346 0.570297 0.369316 0.398335 0.637425 0.929091 0.832566 0.990533 0.819570 0.504498 0.933500 0.755310 0.622703 0.687120 0.902410 0.871720 0.606206 0.884450 0.692772 0.637427 0.538056 0.681944 0.815308 0.937014 0.852459 0.847292 0.850228 0.900228 0.744057 0.879328 0.716004 0.591456 0.636235 0.692023 0.897784 0.856341 0.797403 0.884221 0.836806 0.901691 0.641477 0.962103 0.650275 0.690258 0.997049 0.970542 0.983670 0.953344 0.984084 0.826140 0.761468 0.752905 0.856287 0.799874 0.988076 0.855776
0.775925 0.676847 0.635988 0.894370 0.988761 0.855125 0.951213 0.639254 0.802663 0.536941 0.538681 0.487035 0.756539 0.630025 0.898349 0.725438 0.396121 0.375874 0.579281 0.513351 0.827424 0.977885 0.751778 0.764501 0.532907 0.528377 0.913011 0.868980 0.340704 0.000000 0.908078 0.771585 0.701362 0.476046 0.632947 0.679610 0.800083 0.962939 0.892782 0.914514 0.903579 0.960140 0.879165 0.580224 0.779423 0.532215 0.790960 0.764273 0.872249 0.834036 0.823957 0.950823 0.931517 0.993169 0.996022 0.964263 0.545612 0.642044 0.787057 0.804745 0.740659 0.657358 0.378116 0.426289 0.590509 0.876825 0.789770 0.989476 0.968091 0.576566 0.872925 0.687028 0.730459 0.722610 0.840473 0.886598 0.731445 0.826499 0.709828 0.655156 0.614329 0.756250 0.859944 0.931517 0.741690 0.780237 0.951198 0.896542 0.657568 0.731208 0.751375 0.592779 0.635796 0.715320 0.810752 0.802366 0.816784 0.838528 0.825370 0.977065 0.716030 0.970026 0.618403 0.765252 0.988542 0.934948 0.956924 0.942507 0.971079 0.705637 0.679098 0.751876 0.766076 0.804413 0.997473 0.777420
0.719448 0.884740 0.698393 0.864575 0.972925 0.909735 0.812724 0.977894 0.959837 0.953041 0.758997 0.831024 0.987390 0.982904 0.705520 0.810598 0.997923 0.897514 0.918347 0.904091 0.987862 0.965962 0.680210 0.826329 0.767107 0.637707 0.814517 0.945862 0.995835 0.908078 0.000000 0.472267 0.646757 0.780272 0.926301 0.912416 0.742729 0.901785 0.985155 0.996440 0.903573 0.962843 0.574580 0.736705 0.704443 0.886014 0.785705 0.713055 0.722672 0.782654 0.739613 0.823655 0.723579 0.931695 0.853267 0.682170 0.991355 0.935410 0.629266 0.728036 0.928020 0.794862 0.939398 0.982457 0.796658 0.878512 0.797532 0.632065 0.716575 0.909889 0.619093 0.704834 0.946353 0.955639 0.933165 0.995560 0.995624 0.796713 0.734702 0.756201 0.938952 0.972443 0.809156 0.948655 0.989948 0.838336 0.880309 0.817380 0.802335 0.942590 0.882771 0.857191 0.836698 0.878885 0.854186 0.920588 0.901463 0.747512 0.944653 0.913364 0.917600 0.846164 0.915242 0.989316 0.955263 0.724577 0.963315 0.875445 0.936877 0.912377 0.764207 0.865016 0.763991 0.949502 0.791717 0.913702
0.717091 0.877020 0.730848 0.879623 0.888817 0.925137 0.751858 0.919237 0.984519 0.894024 0.887829 0.932600 0.899924 0.921731 0.615566 0.764727 0.878222 0.760981 0.836868 0.960962 0.994133 0.991047 0.691327 0.895391 0.898818 0.844851 0.968605 0.815780 0.831075 0.771585 0.472267 0.000000 0.523315 0.715940 0.934493 0.957896 0.895412 0.981091 0.970384 0.906372 0.815955 0.971856 0.619778 0.740003 0.661322 0.833652 0.796020 0.748702 0.694374 0.779715 0.787649 0.766150 0.685284 0.882221 0.905644 0.678990 0.989636 0.959633 0.693672 0.745982 0.909794 0.866069 0.821396 0.935211 0.815368 0.854416 0.814933 0.625717 0.759243 0.973481 0.701355 0.679762 0.908381 0.978796 0.937660 0.992042 0.970210 0.864280 0.618272 0.697171 0.882263 0.937259 0.762583 0.930384 0.972354 0.855435 0.977010 0.879103 0.791606 0.781846 0.940116 0.923558 0.960631 0.945903 0.839703 0.964261 0.978110 0.813492 0.997312 0.974805 0.909538 0.819300 0.896842 0.921310 0.923958 0.885513 0.905028 0.842392 0.911659 0.908878 0.734193 0.856932 0.768589 0.887802 0.837014 0.963086
0.974324 0.806360 0.846763 0.716774 0.876889 0.800167 0.763296 0.675573 0.955996 0.757475 0.916805 0.756006 0.685942 0.678554 0.582170 0.600626 0.662939 0.588651 0.653149 0.707729 0.884305 0.934321 0.675895 0.746338 0.956528 0.958741 0.954049 0.913052 0.627505 0.701362 0.646757 0.523315 0.000000 0.559193 0.909257 0.959946 0.871822 0.988071 0.856481 0.900962 0.848038 0.858493 0.728913 0.675581 0.645317 0.673602 0.705503 0.660838 0.960038 0.998078 0.916473 0.939692 0.929405 0.944842 0.946992 0.894853 0.752461 0.783445 0.911929 0.925492 0.624356 0.774329 0.598849 0.633321 0.774864 0.660470 0.752013 0.556558 0.908026 0.832011 0.814412 0.718000 0.877162 0.984404 0.812677 0.907823 0.738974 0.817776 0.610745 0.624275 0.610170 0.747650 0.629589 0.825191 0.724793 0.688776 0.994967 0.722683 0.869466 0.875031 0.945424 0.934213 0.945706 0.926517 0.843112 0.985123 0.936364 0.756098 0.784853 0.670555 0.778751 0.798345 0.779424 0.838626 0.723820 0.834424 0.918727 0.907056 0.874206 0.849924 0.771484 0.758671 0.978911 0.805637 0.764566 0.912282
0.727262 0.605380 0.887432 0.852740 0.864637 0.746359 0.856606 0.567307 0.929654 0.709295 0.686759 0.504728 0.636926 0.597035 0.754559 0.596709 0.531281 0.447434 0.514355 0.560304 0.854315 0.970438 0.938858 0.950736 0.785028 0.867943 0.966683 0.900004 0.520023 0.476046 0.780272 0.715940 0.559193 0.000000 0.901302 0.878269 0.984235 0.937391 0.919699 0.864112 0.877029 0.957926 0.687954 0.487890 0.671289 0.543942 0.631928 0.603770 0.859340 0.864202 0.815488 0.890373 0.925692 0.974468 0.949346 0.991124 0.539652 0.659039 0.794225 0.779774 0.611132 0.578230 0.433412 0.460040 0.968414 0.745037 0.923541 0.678397 0.931310 0.682977 0.720459 0.615907 0.803472 0.798615 0.810192 0.908285 0.564901 0.703220 0.600309 0.690469 0.521194 0.634317 0.655998 0.827963 0.851855 0.790995 0.959860 0.855072 0.783313 0.939720 0.964338 0.768829 0.797114 0.839918 0.839206 0.838305 0.775445 0.736957 0.698541 0.769413 0.671912 0.990925 0.642586 0.796126 0.800566 0.780387 0.978068 0.939257 0.978857 0.772329 0.723711 0.643067 0.785525 0.802554 0.756887 0.984442
0.766505 0.758535 0.671636 0.827349 0.801476 0.941726 0.818624 0.909815 0.843490 0.810163 0.643686 0.723889 0.939155 0.834474 0.838999 0.971860 0.701299 0.773088 0.763423 0.800799 0.845384 0.889635 0.665399 0.772949 0.767774 0.763090 0.886620 0.916290 0.653662 0.632947 0.926301 0.934493 0.909257 0.901302 0.000000 0.738165 0.652506 0.935227 0.948940 0.913395 0.895274 0.963039 0.897161 0.906618 0.901813 0.826589 0.870624 0.908203 0.787235 0.728986 0.751400 0.803919 0.841166 0.861892 0.967123 0.840455 0.776367 0.758386 0.767855 0.756168 0.952182 0.901883 0.749058 0.755170 0.618945 0.669485 0.563378 0.701199 0.888957 0.728847 0.970159 0.917573 0.858414 0.881935 0.916385 0.942541 0.885302 0.969776 0.915952 0.816773 0.881736 0.942005 0.997755 0.915539 0.687717 0.654575 0.865734 0.820103 0.944155 0.850409 0.725838 0.662723 0.711461 0.678857 0.963822 0.830317 0.935023 0.929935 0.987728 0.889331 0.941474 0.879813 0.871287 0.986967 0.887280 0.964484 0.900112 0.903816 0.908330 0.982603 0.845285 0.956209 0.952189 0.946631 0.663673 0.902670
0.713754 0.688618 0.715356 0.952593 0.798820 0.947341 0.781412 0.848170 0.954600 0.777818 0.609319 0.688382 0.926236 0.859315 0.908569 0.938843 0.677247 0.773619 0.785196 0.653343 0.920408 0.962985 0.625510 0.727420 0.815349 0.778053 0.996862 0.878771 0.665917 0.679610 0.912416 0.957896 0.959946 0.878269 0.738165 0.000000 0.811524 0.983878 0.964799 0.912250 0.993402 0.934105 0.922958 0.938068 0.850418 0.743015 0.994279 0.917141 0.672135 0.601864 0.612226 0.685982 0.762923 0.722730 0.700981 0.796456 0.654957 0.632088 0.749171 0.649103 0.988969 0.753450 0.722040 0.698217 0.655946 0.795057 0.573634 0.743288 0.808397 0.713069 0.976923 0.920503 0.878946 0.900373 0.964646 0.866029 0.793322 0.973660 0.890013 0.959263 0.769089 0.816502 0.886841 0.936185 0.778868 0.792600 0.693335 0.731295 0.889050 0.973225 0.736234 0.697771 0.653785 0.758636 0.921917 0.926768 0.982962 0.825340 0.993166 0.845179 0.845993 0.907434 0.899124 0.766059 0.900520 0.981956 0.800674 0.902545 0.890639 0.982494 0.982348 0.919858 0.990330 0.925540 0.938282 0.877747
0.870288 0.948012 0.765485 0.975912 0.951181 0.956857 0.962670 0.850344 0.995731 0.900657 0.754945 0.798747 0.868301 0.721647 0.990705 0.980475 0.814585 0.932714 0.874010 0.871000 0.830395 0.910582 0.820303 0.897600 0.702939 0.641756 0.987894 0.905705 0.794098 0.800083 0.742729 0.895412 0.871822 0.984235 0.652506 0.811524 0.000000 0.791212 0.670305 0.881320 0.828200 0.767506 0.844614 0.998618 0.906083 0.949818 0.868418 0.976484 0.933145 0.885049 0.839099 0.918805 0.907760 0.876112 0.845747 0.985369 0.968368 0.928384 0.829374 0.842392 0.861065 0.881087 0.869525 0.903638 0.794901 0.951183 0.746310 0.744499 0.994878 0.957841 0.713824 0.920754 0.943236 0.986005 0.995624 0.949818 0.961397 0.841503 0.974572 0.957128 0.973044 0.940615 0.918771 0.778019 0.868962 0.850409 0.935021 0.751078 0.866766 0.805012 0.933757 0.776273 0.798628 0.903009 0.949720 0.968650 0.907060 0.681244 0.839604 0.933006 0.934352 0.937430 0.987693 0.909562 0.959957 0.774435 0.882137 0.947462 0.859583 0.883772 0.864239 0.992557 0.973905 0.923109 0.799559 0.989309
0.902503 0.898142 0.907696 0.865407 0.969365 0.924791 0.875771 0.953373 0.874181 0.988531 0.971853 0.986526 0.824762 0.885219 0.869480 0.980249 0.984868 0.864253 0.991944 0.967679 0.916115 0.688453 0.983656 0.956095 0.812002 0.868681 0.860499 0.989252 0.990260 0.962939 0.901785 0.981091 0.988071 0.937391 0.935227 0.983878 0.791212 0.000000 0.819731 0.912529 0.840178 0.753543 0.923969 0.997529 0.903677 0.900316 0.847781 0.802568 0.940929 0.991904 0.971609 0.993307 0.985890 0.832473 0.812914 0.891938 0.833560 0.807375 0.885680 0.999139 0.972565 0.945606 0.949746 0.900122 0.885875 0.979188 0.906515 0.928331 0.746634 0.838152 0.844530 0.779722 0.863073 0.913435 0.910368 0.946120 0.999994 0.854038 0.828561 0.866617 0.884763 0.802936 0.916031 0.702671 0.910017 0.826805 0.775381 0.827819 0.955883 0.815456 0.839898 0.964951 0.971366 0.994196 0.871011 0.830094 0.599397 0.713532 0.991878 0.845389 0.970102 0.880106 0.896937 0.637079 0.872078 0.705714 0.874766 0.993370 0.959188 0.959856 0.826850 0.932157 0.968383 0.911511 0.887204 0.934914
