0.000000 0.279413 0.451599 0.378877 0.775506 0.686549 0.391981 0.304576 0.659029 0.519451 0.346179 0.261439 0.281488 0.428924 0.464670 0.498110 0.272562 0.281187 0.284448 0.265026 0.697119 0.726417 0.539191 0.563507 0.827392 0.663679 0.947984 0.936094 0.342042 0.286093 0.450731 0.490237 0.346175 0.313792 0.733785 0.773988 0.711823 0.787953 0.778881 0.818236 0.944641 0.900339 0.383751 0.365924 0.382154 0.305100 0.344074 0.346657 0.693585 0.377725 0.402187 0.410140 0.535964 0.548397 0.569352 0.676705 0.385545 0.342629 0.253088 0.311440 0.260391 0.355035 0.257161 0.287931 0.527183 0.352524 0.356137 0.282381 0.521488 0.393956 0.554768 0.527271 0.479762 0.487144 0.808387 0.755865 0.565364 0.505781 0.339383 0.378527 0.236987 0.278788 0.496172 0.483429 0.479986 0.455596 0.858650 0.666142 0.588079 0.659175 0.689921 0.812238 0.695113 0.935270 0.615416 0.694427 0.577093 0.736874 0.420015 0.424635 0.657429 0.745449 0.599787 0.593384 0.578016 0.612959 0.987158 0.794788 0.759926 0.618703 0.899325 0.501270 0.462471 0.637486 0.672538 0.995952
0.279413 0.000000 0.570363 0.481254 0.774668 0.806956 0.470548 0.329108 0.778626 0.519709 0.414193 0.306505 0.392455 0.425943 0.563831 0.550691 0.268035 0.286495 0.320206 0.323405 0.730313 0.746068 0.662792 0.676195 0.936359 0.776783 0.851095 0.944874 0.297810 0.326580 0.540083 0.606160 0.397195 0.359323 0.864522 0.716649 0.716721 0.791631 0.846717 0.721498 0.974759 0.636669 0.400888 0.375147 0.413958 0.378657 0.457376 0.367146 0.674322 0.464169 0.421317 0.426346 0.666088 0.537214 0.718263 0.751550 0.295017 0.247836 0.282950 0.338698 0.345035 0.386927 0.311543 0.252081 0.646418 0.456105 0.437493 0.327093 0.547541 0.313170 0.622008 0.532623 0.562458 0.575986 0.946525 0.714819 0.586868 0.474321 0.466196 0.516788 0.301444 0.368806 0.538676 0.501233 0.591773 0.548281 0.972100 0.898014 0.722724 0.713323 0.775488 0.784539 0.708734 0.873275 0.562130 0.758562 0.685713 0.539147 0.445886 0.429317 0.686223 0.753267 0.640458 0.509131 0.534548 0.616585 0.931137 0.787442 0.904834 0.671416 0.842831 0.458950 0.578317 0.598123 0.695788 0.904185
0.451599 0.570363 0.000000 0.203877 0.790569 0.702282 0.259059 0.372656 0.523708 0.643511 0.487003 0.527422 0.411006 0.682359 0.552768 0.587381 0.605495 0.513332 0.397781 0.459136 0.615388 0.760608 0.399148 0.382668 0.476311 0.402952 0.980338 0.945705 0.608131 0.525529 0.309128 0.379900 0.374131 0.437248 0.749375 0.943869 0.663279 0.956094 0.556197 0.862088 0.876047 0.976980 0.406312 0.407302 0.472316 0.482628 0.397456 0.484600 0.878105 0.613514 0.672402 0.629009 0.681656 0.631873 0.555063 0.737923 0.765199 0.759218 0.577864 0.607081 0.350217 0.483996 0.656004 0.710798 0.292236 0.262072 0.340615 0.340854 0.530900 0.576012 0.491470 0.580543 0.403152 0.437776 0.906115 0.842327 0.599136 0.624329 0.558024 0.543432 0.456226 0.363371 0.620900 0.563240 0.477734 0.390193 0.852357 0.686060 0.653466 0.642293 0.667859 0.836304 0.710855 0.824359 0.584342 0.793365 0.583959 0.792680 0.659881 0.606246 0.760715 0.721540 0.879490 0.682568 0.586160 0.692845 0.898137 0.926005 0.802107 0.807082 0.889918 0.662122 0.610496 0.838342 0.712693 0.930122
0.378877 0.481254 0.203877 0.000000 0.744216 0.636459 0.228420 0.257984 0.489394 0.565902 0.512513 0.428853 0.362549 0.533828 0.436588 0.450040 0.518857 0.442933 0.349608 0.440983 0.512012 0.653375 0.320214 0.351848 0.552944 0.398630 0.989507 0.927820 0.482377 0.439879 0.259003 0.325300 0.263901 0.294300 0.660241 0.882516 0.625466 0.944853 0.652455 0.915475 0.930416 0.889475 0.295290 0.289298 0.356997 0.365071 0.293871 0.406079 0.784994 0.559355 0.568415 0.486618 0.626379 0.572409 0.522201 0.692795 0.665263 0.659103 0.445876 0.508313 0.273394 0.369308 0.548336 0.566890 0.266209 0.191749 0.243626 0.229583 0.561110 0.509246 0.387611 0.479250 0.389208 0.459422 0.816550 0.809143 0.513877 0.577480 0.460200 0.505837 0.370454 0.294075 0.516038 0.408889 0.371004 0.292881 0.895296 0.694019 0.653575 0.562918 0.546412 0.726219 0.569216 0.734521 0.582823 0.764149 0.540516 0.697509 0.512944 0.452492 0.655108 0.675262 0.760984 0.563496 0.476457 0.593656 0.876183 0.917082 0.880672 0.833740 0.845611 0.514342 0.503143 0.691661 0.627990 0.984026
0.775506 0.774668 0.790569 0.744216 0.000000 0.712730 0.723194 0.701655 0.862166 0.870432 0.888164 0.766108 0.669783 0.816990 0.721380 0.682317 0.866404 0.888482 0.777896 0.888619 0.735117 0.760627 0.677037 0.737343 0.995790 0.916926 0.718253 0.778927 0.753931 0.842637 0.766233 0.952387 0.736352 0.758897 0.895806 0.982403 0.944031 0.863270 0.819792 0.939077 0.897494 0.914071 0.804041 0.765970 0.705831 0.707296 0.621170 0.709499 0.878676 0.741631 0.703736 0.689531 0.795342 0.599686 0.753018 0.736382 0.933400 0.937616 0.782423 0.777682 0.651814 0.683946 0.770915 0.798196 0.737724 0.675193 0.666320 0.724249 0.916690 0.803919 0.586380 0.707638 0.783594 0.870435 0.980272 0.840804 0.861338 0.921204 0.994447 0.884224 0.700548 0.712207 0.694923 0.756539 0.634647 0.659070 0.883432 0.877498 0.820083 0.742888 0.800680 0.822100 0.776672 0.917071 0.928338 0.842697 0.824464 0.851732 0.806794 0.755912 0.851207 0.937027 0.867064 0.854875 0.699656 0.843954 0.936486 0.924294 0.825675 0.967155 0.964108 0.824956 0.784579 0.792763 0.793598 0.963918
0.686549 0.806956 0.702282 0.636459 0.712730 0.000000 0.525592 0.570131 0.640489 0.615435 0.692369 0.688136 0.601214 0.797655 0.704471 0.610999 0.752536 0.714527 0.670603 0.741804 0.692810 0.991016 0.643035 0.680868 0.919300 0.843376 0.866430 0.824039 0.704903 0.725290 0.651642 0.722356 0.658642 0.650285 0.631755 0.992389 0.937260 0.720428 0.964307 0.834571 0.971297 0.978075 0.615790 0.630244 0.588197 0.603918 0.561709 0.593701 0.971362 0.841707 0.858070 0.762142 0.781527 0.781898 0.825495 0.904503 0.948908 0.965284 0.724742 0.761688 0.611588 0.700870 0.693803 0.795942 0.777616 0.608947 0.513569 0.647389 0.752214 0.754732 0.636451 0.550482 0.742527 0.863646 0.758655 0.893675 0.676890 0.754310 0.659813 0.758396 0.597778 0.572249 0.802570 0.643164 0.700663 0.685242 0.868608 0.840852 0.950136 0.850942 0.617604 0.762552 0.590100 0.777897 0.694342 0.817760 0.661928 0.908875 0.746592 0.685217 0.758736 0.646148 0.852217 0.781364 0.632728 0.824660 0.903137 0.898126 0.902925 0.996766 0.847631 0.701069 0.679249 0.712644 0.753820 0.934093
0.391981 0.470548 0.259059 0.228420 0.723194 0.525592 0.000000 0.201017 0.416931 0.393726 0.389564 0.430426 0.361711 0.592304 0.531056 0.546626 0.388759 0.321454 0.262080 0.400248 0.584453 0.651488 0.466247 0.505268 0.752078 0.608735 0.955404 0.898527 0.447319 0.403927 0.388471 0.356316 0.294688 0.277307 0.768788 0.874214 0.739866 0.988906 0.796931 0.861475 0.985997 0.823799 0.269443 0.235458 0.310508 0.350438 0.333679 0.376039 0.863160 0.645533 0.608113 0.608106 0.718432 0.552912 0.613010 0.813032 0.539519 0.617831 0.457338 0.626992 0.302010 0.503451 0.471705 0.537109 0.431562 0.302927 0.192044 0.259321 0.518010 0.534257 0.391749 0.429244 0.463736 0.494739 0.866148 0.737480 0.469640 0.482648 0.479242 0.477002 0.328887 0.290507 0.556210 0.497882 0.495781 0.449589 0.821964 0.734280 0.718248 0.751507 0.439587 0.544815 0.476433 0.560252 0.478718 0.721032 0.496707 0.656545 0.476934 0.411102 0.598246 0.496684 0.687196 0.453671 0.508707 0.572922 0.824748 0.857836 0.835857 0.784113 0.758720 0.487276 0.413446 0.646932 0.648788 0.966894
0.304576 0.329108 0.372656 0.257984 0.701655 0.570131 0.201017 0.000000 0.546454 0.338616 0.415481 0.297092 0.292700 0.428100 0.423019 0.453598 0.321213 0.289329 0.315944 0.377937 0.634413 0.669533 0.465807 0.511770 0.855376 0.679484 0.861081 0.877448 0.357469 0.346370 0.446774 0.421251 0.267565 0.254484 0.760464 0.848446 0.729477 0.915564 0.830070 0.837469 0.999545 0.763094 0.255465 0.239046 0.260064 0.276285 0.303418 0.325819 0.683240 0.545286 0.480260 0.475412 0.652459 0.555400 0.598654 0.754616 0.421529 0.442571 0.311611 0.457790 0.229104 0.314922 0.375977 0.330718 0.438654 0.270578 0.216130 0.219217 0.628909 0.425987 0.443498 0.466693 0.546546 0.598404 0.873372 0.713451 0.514917 0.445521 0.395153 0.550980 0.283519 0.310635 0.518675 0.450241 0.446264 0.404594 0.919646 0.766627 0.673835 0.613043 0.470663 0.577978 0.457117 0.663574 0.445552 0.625594 0.489077 0.555874 0.363306 0.290823 0.508599 0.598883 0.574567 0.426447 0.410561 0.504423 0.839437 0.784332 0.835799 0.684687 0.743705 0.384974 0.396421 0.567998 0.627991 0.959561
0.659029 0.778626 0.523708 0.489394 0.862166 0.640489 0.416931 0.546454 0.000000 0.653862 0.728868 0.707970 0.584460 0.766160 0.677280 0.594051 0.718046 0.706077 0.596086 0.672505 0.704001 0.797095 0.509288 0.588959 0.755478 0.728520 0.859012 0.999273 0.744003 0.731222 0.594296 0.535212 0.599044 0.548154 0.788699 0.956056 0.748330 0.893504 0.821470 0.854513 0.813597 0.903694 0.478555 0.470526 0.458005 0.495256 0.424004 0.517874 0.809505 0.674007 0.572356 0.596363 0.642657 0.594280 0.702705 0.705395 0.824045 0.912382 0.610015 0.783327 0.529903 0.708687 0.701064 0.818379 0.502214 0.537228 0.388732 0.503463 0.699535 0.779659 0.567478 0.688327 0.662809 0.702711 0.865193 0.758222 0.591932 0.688655 0.695014 0.675392 0.635032 0.603724 0.692169 0.756020 0.558015 0.556322 0.803234 0.772465 0.806696 0.791601 0.532118 0.612478 0.514880 0.638874 0.647818 0.648195 0.594571 0.754488 0.557855 0.582523 0.628856 0.633641 0.724930 0.674548 0.592634 0.643742 0.987441 0.840451 0.816183 0.967197 0.758350 0.698447 0.625391 0.927918 0.665508 0.935363
0.519451 0.519709 0.643511 0.565902 0.870432 0.615435 0.393726 0.338616 0.653862 0.000000 0.497388 0.454944 0.527501 0.596896 0.648829 0.685526 0.387874 0.415384 0.508100 0.530248 0.798745 0.830557 0.703940 0.757185 0.914932 0.871126 0.976016 0.926465 0.490639 0.474636 0.671732 0.494616 0.437303 0.420824 0.792556 0.897426 0.868377 0.895832 0.938084 0.904226 0.917418 0.702105 0.458451 0.436730 0.429032 0.471569 0.556877 0.519608 0.728745 0.726594 0.666432 0.698999 0.844477 0.784529 0.787875 0.898107 0.485227 0.598776 0.422225 0.667229 0.495738 0.566796 0.510460 0.467932 0.713989 0.566736 0.434914 0.452905 0.681435 0.528183 0.609876 0.564009 0.769347 0.797736 0.823531 0.788725 0.620164 0.496727 0.516750 0.572256 0.442413 0.540794 0.697595 0.606503 0.716237 0.696726 0.994179 0.864841 0.806455 0.845533 0.580884 0.630424 0.578260 0.705995 0.578192 0.642193 0.542826 0.530161 0.418968 0.413699 0.544107 0.504921 0.560629 0.469928 0.679490 0.566629 0.830541 0.809009 0.911501 0.764567 0.699550 0.524484 0.572915 0.689642 0.711481 0.958502
0.346179 0.414193 0.487003 0.512513 0.888164 0.692369 0.389564 0.415481 0.728868 0.497388 0.000000 0.350560 0.433426 0.589945 0.712966 0.728197 0.316800 0.244333 0.270124 0.277151 0.718831 0.781700 0.818664 0.718987 0.981601 0.768857 0.985495 0.869123 0.412592 0.298120 0.566260 0.530787 0.511478 0.399077 0.988070 0.882020 0.864801 0.881189 0.787089 0.757144 0.972682 0.905595 0.562653 0.490220 0.585979 0.569593 0.559733 0.548704 0.998766 0.709627 0.720397 0.791457 0.838189 0.743555 0.785135 0.956549 0.392535 0.430438 0.539271 0.609384 0.438164 0.610831 0.339212 0.425698 0.738522 0.547011 0.521709 0.425362 0.545593 0.632143 0.692665 0.627244 0.615223 0.569260 0.907488 0.813611 0.669018 0.456480 0.541801 0.451367 0.346032 0.406054 0.566010 0.609922 0.815077 0.746142 0.892637 0.801613 0.855837 0.962368 0.784279 0.852737 0.820635 0.844393 0.658141 0.809942 0.763898 0.901797 0.662338 0.604075 0.741540 0.643474 0.709034 0.533620 0.775933 0.791685 0.910995 0.910663 0.967960 0.729780 0.872189 0.632937 0.600115 0.735272 0.825639 0.901262
0.261439 0.306505 0.527422 0.428853 0.766108 0.688136 0.430426 0.297092 0.707970 0.454944 0.350560 0.000000 0.248857 0.293653 0.352447 0.402146 0.295290 0.305944 0.370438 0.345749 0.637535 0.718232 0.512243 0.533484 0.937183 0.779204 0.995101 0.878332 0.282011 0.258305 0.485136 0.503108 0.367636 0.349940 0.762434 0.856995 0.766263 0.776867 0.775636 0.803104 0.971704 0.872738 0.497167 0.469691 0.407759 0.408817 0.428179 0.406163 0.726958 0.533278 0.506853 0.494966 0.712196 0.684698 0.670191 0.785555 0.427537 0.418069 0.347960 0.401067 0.253697 0.306210 0.264340 0.234499 0.572725 0.379962 0.423365 0.331519 0.678562 0.452885 0.611351 0.621409 0.552430 0.573796 0.860157 0.765699 0.589679 0.441672 0.402298 0.529520 0.317623 0.417750 0.425426 0.531634 0.524595 0.525643 0.874313 0.842690 0.680596 0.684042 0.819470 0.926817 0.761878 0.930015 0.604050 0.764327 0.692774 0.637841 0.506338 0.438743 0.704713 0.831973 0.637774 0.598386 0.592859 0.513073 0.975820 0.818920 0.876902 0.595456 0.804238 0.548174 0.575355 0.597448 0.676437 0.852738
0.281488 0.392455 0.411006 0.362549 0.669783 0.601214 0.361711 0.292700 0.584460 0.527501 0.433426 0.248857 0.000000 0.292509 0.252145 0.277970 0.376868 0.420462 0.388302 0.445041 0.643780 0.725572 0.317263 0.371317 0.804358 0.692562 0.972315 0.929787 0.371851 0.356495 0.399884 0.459352 0.367899 0.383345 0.722285 0.860434 0.684502 0.831760 0.688131 0.831358 0.942348 0.936087 0.426073 0.414358 0.385083 0.385745 0.388246 0.399394 0.790221 0.517977 0.449823 0.470868 0.575556 0.608032 0.550829 0.779944 0.525609 0.541733 0.355419 0.476783 0.184794 0.305014 0.300173 0.327059 0.376437 0.299955 0.326294 0.302985 0.683378 0.508907 0.533115 0.539335 0.513093 0.595187 0.845560 0.691692 0.594680 0.528148 0.462983 0.601399 0.316640 0.406648 0.352819 0.548357 0.377092 0.368583 0.786692 0.685763 0.610829 0.619006 0.741144 0.874432 0.652112 0.993325 0.620984 0.758958 0.646412 0.705693 0.540428 0.481684 0.708970 0.782979 0.627742 0.672344 0.499285 0.536388 0.952012 0.783152 0.749736 0.694693 0.841217 0.559729 0.553703 0.629982 0.596272 0.977905
0.428924 0.425943 0.682359 0.533828 0.816990 0.797655 0.592304 0.428100 0.766160 0.596896 0.589945 0.293653 0.292509 0.000000 0.244061 0.273570 0.470871 0.493636 0.514228 0.588952 0.682886 0.708795 0.422860 0.458320 0.899704 0.765906 0.979203 0.869306 0.377381 0.410014 0.501091 0.598608 0.454919 0.481971 0.764838 0.883245 0.690283 0.765860 0.853549 0.763963 0.998765 0.763032 0.521066 0.519502 0.544386 0.537809 0.550768 0.507706 0.733968 0.632474 0.494425 0.495541 0.710401 0.701761 0.705579 0.898817 0.538911 0.519601 0.410045 0.547289 0.359194 0.409767 0.344031 0.303977 0.526415 0.457157 0.475100 0.420344 0.953721 0.546985 0.613743 0.628190 0.718263 0.702245 0.933799 0.726053 0.545139 0.541812 0.488075 0.746456 0.494676 0.648799 0.353866 0.623795 0.480484 0.472719 0.868536 0.815303 0.727481 0.672504 0.801300 0.885615 0.662286 0.993267 0.687543 0.793021 0.842767 0.594317 0.560155 0.515137 0.685517 0.894055 0.603661 0.770084 0.506195 0.525950 0.937541 0.700759 0.811215 0.682013 0.859803 0.620662 0.662980 0.663179 0.587637 0.878845
0.464670 0.563831 0.552768 0.436588 0.721380 0.704471 0.531056 0.423019 0.677280 0.648829 0.712966 0.352447 0.252145 0.244061 0.000000 0.227244 0.590709 0.635964 0.601912 0.676937 0.690116 0.712822 0.233201 0.329761 0.708882 0.657886 0.954932 0.933990 0.477925 0.497284 0.397471 0.496276 0.415533 0.494091 0.598345 0.962692 0.648955 0.871117 0.777927 0.873630 0.952003 0.969677 0.511174 0.538759 0.473915 0.479472 0.448310 0.478315 0.703825 0.590723 0.503291 0.455580 0.613204 0.680542 0.516166 0.673462 0.753692 0.745484 0.458650 0.559233 0.291339 0.351215 0.462280 0.454494 0.364222 0.344877 0.415034 0.398313 0.931823 0.599702 0.553477 0.665922 0.565010 0.708120 0.850584 0.774320 0.601154 0.649450 0.542419 0.731115 0.483269 0.560506 0.392145 0.626689 0.301011 0.335256 0.769948 0.641293 0.616874 0.537213 0.799700 0.938689 0.679714 0.939427 0.712079 0.841498 0.724449 0.643874 0.591382 0.524718 0.729560 0.941648 0.721441 0.858202 0.461995 0.508301 0.949137 0.721672 0.812499 0.752714 0.882521 0.586166 0.663639 0.738463 0.540927 0.833324
0.498110 0.550691 0.587381 0.450040 0.682317 0.610999 0.546626 0.453598 0.594051 0.685526 0.728197 0.402146 0.277970 0.273570 0.227244 0.000000 0.622570 0.654244 0.585554 0.708638 0.607797 0.754990 0.235650 0.294615 0.710929 0.684324 0.914373 0.865687 0.496745 0.539367 0.399018 0.532194 0.444437 0.529090 0.678071 0.920914 0.757865 0.836517 0.763795 0.867739 0.940395 0.899948 0.469923 0.510917 0.507637 0.485569 0.443901 0.458647 0.815010 0.603058 0.480748 0.444558 0.568074 0.560358 0.610179 0.722591 0.770540 0.758143 0.469153 0.585754 0.331628 0.418701 0.472983 0.472636 0.415925 0.371097 0.396385 0.439746 0.835095 0.625348 0.453211 0.517819 0.558330 0.701859 0.775993 0.802152 0.586272 0.627172 0.561341 0.708561 0.500934 0.582052 0.376626 0.592780 0.360103 0.317845 0.847729 0.736315 0.695626 0.655250 0.705636 0.824294 0.565834 0.974011 0.720437 0.801390 0.785213 0.653036 0.658072 0.587021 0.756080 0.805042 0.748360 0.865230 0.462554 0.561711 0.988543 0.842160 0.819545 0.827264 0.941040 0.682436 0.674616 0.647624 0.580470 0.965155
0.272562 0.268035 0.605495 0.518857 0.866404 0.752536 0.388759 0.321213 0.718046 0.387874 0.316800 0.295290 0.376868 0.470871 0.590709 0.622570 0.000000 0.195962 0.256732 0.318481 0.738080 0.667936 0.715730 0.750659 0.962803 0.841295 0.924561 0.933421 0.264969 0.251558 0.603023 0.476763 0.393035 0.316087 0.912146 0.719345 0.781813 0.800197 0.847724 0.648616 0.852243 0.683252 0.426154 0.356655 0.432251 0.437553 0.508240 0.417251 0.823390 0.591667 0.528491 0.584451 0.736344 0.636847 0.725415 0.891818 0.207832 0.295174 0.332315 0.500446 0.401952 0.539662 0.245209 0.249872 0.721904 0.557944 0.423416 0.359092 0.564244 0.460598 0.575720 0.494750 0.624766 0.588247 0.936821 0.732365 0.550232 0.396847 0.393744 0.428693 0.266762 0.417994 0.559547 0.563931 0.679375 0.678162 0.898170 0.870063 0.724665 0.874104 0.679689 0.720576 0.685993 0.822756 0.598386 0.810707 0.683842 0.579895 0.430164 0.401570 0.751839 0.711292 0.545387 0.402131 0.665476 0.547619 0.989469 0.756897 0.975071 0.562431 0.746582 0.473254 0.533882 0.578149 0.733558 0.969311
0.281187 0.286495 0.513332 0.442933 0.888482 0.714527 0.321454 0.289329 0.706077 0.415384 0.244333 0.305944 0.420462 0.493636 0.635964 0.654244 0.195962 0.000000 0.195992 0.239234 0.724501 0.660386 0.763544 0.756018 0.999660 0.751443 0.901071 0.869965 0.243562 0.224406 0.568801 0.470419 0.349741 0.279814 0.928929 0.828816 0.778280 0.869226 0.865356 0.634484 0.987089 0.680551 0.381943 0.308069 0.430709 0.415331 0.447542 0.414554 0.828967 0.628982 0.566917 0.619486 0.772055 0.652168 0.734184 0.884255 0.242869 0.268769 0.386776 0.520223 0.368689 0.539293 0.239986 0.271281 0.694995 0.487253 0.387692 0.341557 0.546030 0.490456 0.609898 0.539471 0.607289 0.520745 0.886258 0.748503 0.552757 0.409980 0.395640 0.429626 0.279376 0.341652 0.528848 0.494032 0.694504 0.649669 0.906820 0.897970 0.784225 0.840372 0.630400 0.686348 0.660992 0.757945 0.587958 0.705345 0.687278 0.653904 0.429284 0.400762 0.667153 0.649335 0.620958 0.393191 0.610552 0.628127 0.859474 0.814578 0.957742 0.615600 0.844794 0.450559 0.446880 0.579549 0.687361 0.956020
0.284448 0.320206 0.397781 0.349608 0.777896 0.670603 0.262080 0.315944 0.596086 0.508100 0.270124 0.370438 0.388302 0.514228 0.601912 0.585554 0.256732 0.195992 0.000000 0.260463 0.661327 0.656295 0.628028 0.625817 0.812233 0.648290 0.933639 0.879324 0.322423 0.240924 0.428393 0.432019 0.357416 0.267821 0.845839 0.797410 0.740365 0.962101 0.766916 0.703130 0.980521 0.722204 0.357692 0.289633 0.436050 0.425821 0.412122 0.418622 0.887450 0.568364 0.553922 0.591841 0.714925 0.549818 0.661005 0.891070 0.378641 0.406967 0.423217 0.561451 0.350483 0.564220 0.318108 0.388715 0.568501 0.433491 0.337589 0.341115 0.433454 0.448373 0.493229 0.452458 0.467884 0.426950 0.887931 0.662797 0.551596 0.457611 0.457479 0.376546 0.269263 0.308505 0.575032 0.503855 0.614315 0.575256 0.839664 0.813280 0.774498 0.855997 0.616904 0.709117 0.652097 0.737421 0.548349 0.770438 0.694011 0.694327 0.481059 0.485986 0.730182 0.654937 0.678194 0.468598 0.610828 0.656817 0.992923 0.886700 0.871210 0.710942 0.881185 0.482395 0.507785 0.636713 0.693268 0.989353
0.265026 0.323405 0.459136 0.440983 0.888619 0.741804 0.400248 0.377937 0.672505 0.530248 0.277151 0.345749 0.445041 0.588952 0.676937 0.708638 0.318481 0.239234 0.260463 0.000000 0.745526 0.704931 0.737319 0.718084 0.881523 0.666128 0.925766 0.880355 0.347644 0.275214 0.542510 0.478747 0.401028 0.328568 0.847175 0.913844 0.793513 0.893558 0.794598 0.721542 0.886099 0.877797 0.492588 0.412268 0.530314 0.495352 0.487166 0.439838 0.847382 0.566822 0.628781 0.653046 0.745304 0.707697 0.732015 0.847758 0.385837 0.352343 0.448848 0.489986 0.409316 0.524033 0.366189 0.405358 0.661097 0.487747 0.493145 0.416775 0.438873 0.448805 0.687892 0.638344 0.507062 0.461015 0.843154 0.757595 0.632330 0.533481 0.495623 0.425853 0.360503 0.334689 0.612386 0.574401 0.745793 0.676574 0.784101 0.883168 0.713604 0.794838 0.783102 0.867934 0.830900 0.935570 0.597282 0.801456 0.712484 0.789418 0.524330 0.516895 0.667755 0.725634 0.786136 0.536805 0.716701 0.697020 0.970802 0.844679 0.870308 0.667017 0.835457 0.566947 0.578148 0.727907 0.795251 0.964134
0.697119 0.730313 0.615388 0.512012 0.735117 0.692810 0.584453 0.634413 0.704001 0.798745 0.718831 0.637535 0.643780 0.682886 0.690116 0.607797 0.738080 0.724501 0.661327 0.745526 0.000000 0.754655 0.590755 0.564720 0.840265 0.701224 0.846307 0.878156 0.715634 0.769262 0.546251 0.709101 0.610193 0.551935 0.734251 0.956776 0.774911 0.955930 0.938326 0.930374 0.888868 0.905404 0.620680 0.603588 0.699529 0.695616 0.604188 0.692109 0.958393 0.751621 0.824913 0.744443 0.791182 0.687050 0.809573 0.956011 0.856305 0.840857 0.729987 0.721354 0.638843 0.695014 0.735176 0.773547 0.626616 0.540529 0.601094 0.606318 0.853108 0.805889 0.521244 0.564074 0.618612 0.624033 0.818487 0.810816 0.627488 0.600408 0.786849 0.710551 0.689605 0.677155 0.596689 0.659285 0.684827 0.656009 0.915774 0.939670 0.912842 0.866907 0.688396 0.816729 0.611912 0.781638 0.829361 0.875633 0.810380 0.872907 0.795199 0.731016 0.816805 0.787177 0.807438 0.668140 0.656881 0.791162 0.892674 0.758929 0.998038 0.957478 0.936341 0.810625 0.800307 0.764563 0.821316 0.937732
0.726417 0.746068 0.760608 0.653375 0.760627 0.991016 0.651488 0.669533 0.797095 0.830557 0.781700 0.718232 0.725572 0.708795 0.712822 0.754990 0.667936 0.660386 0.656295 0.704931 0.754655 0.000000 0.743224 0.768655 0.990011 0.819765 0.903072 0.771570 0.596968 0.689779 0.781445 0.606253 0.591082 0.657019 0.922682 0.896129 0.901156 0.928153 0.905797 0.790455 0.980957 0.973668 0.693912 0.613305 0.688356 0.689711 0.719109 0.693671 0.817532 0.833998 0.752900 0.776541 0.916362 0.723252 0.771654 0.820962 0.719361 0.747650 0.770606 0.818946 0.666014 0.811680 0.715929 0.715274 0.734179 0.707286 0.643693 0.610391 0.919340 0.854364 0.730390 0.756257 0.840932 0.746067 0.947953 0.911632 0.716564 0.741120 0.909236 0.701252 0.699841 0.682304 0.756859 0.786652 0.734787 0.686438 0.952684 0.875045 0.726823 0.723442 0.741213 0.802992 0.826948 0.805359 0.806557 0.961649 0.902630 0.781804 0.701988 0.631579 0.850229 0.889685 0.809007 0.691455 0.879882 0.677496 0.883576 0.833699 0.950739 0.850280 0.803722 0.765896 0.801812 0.712394 0.720891 0.870513
0.539191 0.662792 0.399148 0.320214 0.677037 0.643035 0.466247 0.465807 0.509288 0.703940 0.818664 0.512243 0.317263 0.422860 0.233201 0.235650 0.715730 0.763544 0.628028 0.737319 0.590755 0.743224 0.000000 0.227046 0.472247 0.501466 0.907370 0.963606 0.605957 0.643675 0.284392 0.447713 0.384275 0.525243 0.556756 0.937552 0.627786 0.926702 0.669563 0.943678 0.945629 0.993640 0.447577 0.511040 0.475460 0.476054 0.397970 0.495913 0.778165 0.587572 0.542735 0.447691 0.548579 0.607165 0.469591 0.620122 0.913485 0.914413 0.508616 0.587426 0.323088 0.387825 0.616050 0.642705 0.236024 0.279435 0.342916 0.396700 0.802827 0.583488 0.428839 0.568261 0.461734 0.626746 0.822205 0.802836 0.547861 0.723428 0.573863 0.680985 0.507751 0.531422 0.443516 0.559146 0.231329 0.225514 0.801088 0.629039 0.587549 0.508329 0.697175 0.877364 0.598271 0.988105 0.647337 0.813324 0.645770 0.672742 0.652382 0.597520 0.801840 0.873345 0.820476 0.871027 0.478286 0.537406 0.980270 0.832949 0.744896 0.842345 0.898721 0.678883 0.674715 0.775372 0.539299 0.954941
0.563507 0.676195 0.382668 0.351848 0.737343 0.680868 0.505268 0.511770 0.588959 0.757185 0.718987 0.533484 0.371317 0.458320 0.329761 0.294615 0.750659 0.756018 0.625817 0.718084 0.564720 0.768655 0.227046 0.000000 0.466893 0.444199 0.954883 0.949530 0.597867 0.614000 0.288579 0.431155 0.483950 0.537385 0.576787 0.980635 0.728127 0.945401 0.660396 0.923335 0.964631 0.999224 0.532409 0.595214 0.584317 0.550363 0.493100 0.574497 0.833853 0.684312 0.620065 0.578931 0.602682 0.646863 0.508413 0.710031 0.942004 0.929306 0.578098 0.679695 0.386198 0.492139 0.623250 0.693818 0.329569 0.328654 0.426311 0.467545 0.822378 0.650288 0.505374 0.619109 0.489338 0.624175 0.882266 0.854874 0.636187 0.682154 0.642577 0.674093 0.495561 0.536594 0.470354 0.557530 0.342833 0.304968 0.735538 0.573707 0.666336 0.627006 0.770854 0.934141 0.692439 0.996697 0.754315 0.955334 0.760292 0.786307 0.810632 0.718248 0.799921 0.923775 0.949152 0.913632 0.599801 0.736442 0.978510 0.872588 0.812750 0.884895 0.983281 0.787978 0.724709 0.824707 0.593167 0.968191
0.827392 0.936359 0.476311 0.552944 0.995790 0.919300 0.752078 0.855376 0.755478 0.914932 0.981601 0.937183 0.804358 0.899704 0.708882 0.710929 0.962803 0.999660 0.812233 0.881523 0.840265 0.990011 0.472247 0.466893 0.000000 0.344473 0.853071 0.949868 0.964271 0.927561 0.455572 0.618233 0.723998 0.846295 0.596517 0.920351 0.698784 0.920359 0.660268 0.959244 0.888330 0.971468 0.728047 0.808681 0.901263 0.834521 0.688029 0.873960 0.987771 0.846238 0.905842 0.783991 0.724924 0.885810 0.563883 0.741795 0.827738 0.896816 0.867116 0.832732 0.754731 0.782551 0.976282 0.937073 0.473421 0.588143 0.719367 0.777897 0.729931 0.802272 0.741819 0.825644 0.510678 0.666118 0.873756 0.968087 0.805355 0.980695 0.818726 0.775556 0.799757 0.752525 0.880813 0.807516 0.554586 0.503799 0.885713 0.788423 0.774885 0.714659 0.963059 0.904251 0.898145 0.942948 0.763231 0.948056 0.885120 0.943158 0.980254 0.996912 0.822307 0.894270 0.756427 0.906830 0.747309 0.957062 0.951858 0.932346 0.857218 0.896459 0.854098 0.895500 0.893065 0.852700 0.784513 0.982236
0.663679 0.776783 0.402952 0.398630 0.916926 0.843376 0.608735 0.679484 0.728520 0.871126 0.768857 0.779204 0.692562 0.765906 0.657886 0.684324 0.841295 0.751443 0.648290 0.666128 0.701224 0.819765 0.501466 0.444199 0.344473 0.000000 0.906286 0.804303 0.721122 0.689594 0.392190 0.495706 0.495945 0.588516 0.649273 0.983570 0.610285 0.927961 0.613837 0.816572 0.885493 0.970233 0.579409 0.567084 0.675506 0.596198 0.524281 0.656266 0.797488 0.692878 0.726426 0.656255 0.626058 0.763762 0.563193 0.651640 0.960623 0.892255 0.658738 0.700893 0.594637 0.628482 0.818981 0.870795 0.394357 0.429538 0.566152 0.543616 0.665554 0.676985 0.651277 0.615865 0.463262 0.532077 0.831504 0.924014 0.593947 0.853348 0.745383 0.613817 0.652495 0.535261 0.747994 0.542863 0.518236 0.435614 0.829249 0.703058 0.648670 0.597887 0.811549 0.993423 0.852309 0.956643 0.747725 0.949494 0.716401 0.806104 0.772816 0.674104 0.898447 0.899930 0.973752 0.812670 0.662692 0.900074 0.950082 0.929413 0.957078 0.921833 0.920479 0.768453 0.698230 0.981971 0.675961 0.986532
0.947984 0.851095 0.980338 0.989507 0.718253 0.866430 0.955404 0.861081 0.859012 0.976016 0.985495 0.995101 0.972315 0.979203 0.954932 0.914373 0.924561 0.901071 0.933639 0.925766 0.846307 0.903072 0.907370 0.954883 0.853071 0.906286 0.000000 0.964382 0.914653 0.906458 0.954796 0.974321 0.997789 0.882173 0.865694 0.930784 0.998991 0.981876 0.926298 0.991288 0.907200 0.998835 0.967669 0.948609 0.902104 0.912100 0.999276 0.889727 0.881378 0.914124 0.899225 0.925726 0.964085 0.859228 0.922040 0.918193 0.837006 0.809285 0.921609 0.885623 0.931883 0.902296 0.918959 0.876187 0.988262 0.970474 0.928066 0.984549 0.922155 0.846352 0.884867 0.976339 0.915336 0.981439 0.963157 0.813394 0.923912 0.987960 0.924139 0.894431 0.931291 0.904819 0.994669 0.899273 0.972062 0.986136 0.831436 0.974039 0.980228 0.888020 0.951479 0.976637 0.985047 0.987656 0.978764 0.948779 0.985406 0.901156 0.924777 0.936054 0.936005 0.903733 0.962396 0.844199 0.944227 0.903515 0.982505 0.919197 0.927859 0.834516 0.935379 0.832223 0.859007 0.996976 0.947923 0.851604
0.936094 0.944874 0.945705 0.927820 0.778927 0.824039 0.898527 0.877448 0.999273 0.926465 0.869123 0.878332 0.929787 0.869306 0.933990 0.865687 0.933421 0.869965 0.879324 0.880355 0.878156 0.771570 0.963606 0.949530 0.949868 0.804303 0.964382 0.000000 0.880131 0.928797 0.995345 0.982319 0.823838 0.960069 0.985400 0.976823 0.868083 0.932518 0.968175 0.784711 0.960722 0.914786 0.889872 0.819818 0.996780 0.951519 0.897452 0.966701 0.974853 0.907757 0.993405 0.962406 0.994052 0.965034 0.916751 0.904052 0.924086 0.885697 0.981727 0.974731 0.913152 0.957772 0.845026 0.852471 0.981223 0.918123 0.918710 0.930849 0.987051 0.963731 0.918759 0.806603 0.914792 0.989553 0.877708 0.838718 0.751073 0.948669 0.955145 0.967168 0.938854 0.926531 0.986770 0.963454 0.992648 0.920770 0.965479 0.871071 0.898759 0.918349 0.783086 0.858585 0.887742 0.847301 0.848337 0.991877 0.902131 0.813286 0.901087 0.812659 0.970252 0.817675 0.945451 0.792786 0.821435 0.931530 0.857154 0.925288 0.915235 0.939329 0.981699 0.875288 0.922038 0.968691 0.853296 0.958391
0.342042 0.297810 0.608131 0.482377 0.753931 0.704903 0.447319 0.357469 0.744003 0.490639 0.412592 0.282011 0.371851 0.377381 0.477925 0.496745 0.264969 0.243562 0.322423 0.347644 0.715634 0.596968 0.605957 0.597867 0.964271 0.721122 0.914653 0.880131 0.000000 0.236438 0.495677 0.505579 0.369159 0.307175 0.787141 0.875583 0.714316 0.860443 0.812482 0.642489 0.991177 0.720436 0.458218 0.390447 0.439080 0.433114 0.450724 0.393263 0.716105 0.596567 0.521687 0.525444 0.707412 0.662192 0.635618 0.743833 0.345425 0.380025 0.372334 0.464217 0.330602 0.469377 0.223196 0.256425 0.638256 0.462122 0.400895 0.352267 0.662605 0.463199 0.614431 0.547434 0.588873 0.579403 0.891900 0.792809 0.518697 0.468306 0.439402 0.472953 0.286966 0.405932 0.471192 0.446203 0.546348 0.563385 0.838211 0.857286 0.710956 0.671998 0.778925 0.851344 0.742622 0.984007 0.594270 0.819954 0.775303 0.606064 0.485000 0.421138 0.697590 0.835222 0.650918 0.497374 0.596883 0.531652 0.951541 0.828868 0.888867 0.628919 0.800627 0.513538 0.525989 0.543949 0.578686 0.983234
0.286093 0.326580 0.525529 0.439879 0.842637 0.725290 0.403927 0.346370 0.731222 0.474636 0.298120 0.258305 0.356495 0.410014 0.497284 0.539367 0.251558 0.224406 0.240924 0.275214 0.769262 0.689779 0.643675 0.614000 0.927561 0.689594 0.906458 0.928797 0.236438 0.000000 0.465443 0.436040 0.377657 0.254915 0.864137 0.853551 0.742310 0.913135 0.747456 0.720706 0.925905 0.860402 0.537825 0.411587 0.485233 0.462350 0.487373 0.446485 0.849228 0.600292 0.593041 0.601201 0.710737 0.657830 0.613420 0.844930 0.393255 0.396551 0.434502 0.557544 0.343205 0.496607 0.276050 0.305922 0.655008 0.482086 0.436337 0.391980 0.551225 0.443920 0.613378 0.568485 0.546520 0.505880 0.779422 0.712515 0.654782 0.503072 0.431542 0.431870 0.283485 0.328252 0.497603 0.436080 0.649680 0.591636 0.743273 0.716821 0.707669 0.791808 0.815869 0.944150 0.843178 0.994998 0.605543 0.881416 0.747877 0.675669 0.548383 0.506879 0.724821 0.750188 0.662777 0.545721 0.731091 0.635430 0.997748 0.900320 0.960156 0.651938 0.880227 0.590231 0.580325 0.663894 0.704460 0.901980
0.450731 0.540083 0.309128 0.259003 0.766233 0.651642 0.388471 0.446774 0.594296 0.671732 0.566260 0.485136 0.399884 0.501091 0.397471 0.399018 0.603023 0.568801 0.428393 0.542510 0.546251 0.781445 0.284392 0.288579 0.455572 0.392190 0.954796 0.995345 0.495677 0.465443 0.000000 0.352463 0.349744 0.376477 0.610969 0.923324 0.577137 0.913615 0.665741 0.970213 0.994285 0.939102 0.449564 0.434503 0.513844 0.472048 0.410556 0.460486 0.863815 0.610956 0.634067 0.537207 0.633507 0.612104 0.482227 0.700234 0.785923 0.763880 0.528404 0.551750 0.336608 0.449608 0.567129 0.628096 0.312228 0.263084 0.340264 0.355557 0.572634 0.495837 0.445699 0.473952 0.361557 0.414829 0.793376 0.893993 0.557594 0.584901 0.538097 0.548559 0.418459 0.379606 0.473538 0.429507 0.366138 0.308722 0.789016 0.629178 0.642422 0.608384 0.788619 0.973798 0.724540 0.984196 0.644738 0.928628 0.658639 0.791919 0.713044 0.657801 0.782212 0.789399 0.879902 0.752656 0.617557 0.669614 0.996036 0.965074 0.876422 0.738937 0.947331 0.660180 0.656038 0.735222 0.631493 0.900844
0.490237 0.606160 0.379900 0.325300 0.952387 0.722356 0.356316 0.421251 0.535212 0.494616 0.530787 0.503108 0.459352 0.598608 0.496276 0.532194 0.476763 0.470419 0.432019 0.478747 0.709101 0.606253 0.447713 0.431155 0.618233 0.495706 0.974321 0.982319 0.505579 0.436040 0.352463 0.000000 0.348651 0.368277 0.721170 0.987811 0.662841 0.913289 0.596391 0.836647 0.950414 0.941307 0.437743 0.406353 0.507233 0.534097 0.509041 0.495049 0.898305 0.739508 0.688324 0.692112 0.745393 0.726293 0.612041 0.790662 0.653766 0.735417 0.540876 0.704021 0.418100 0.607682 0.562798 0.607813 0.449278 0.406354 0.396961 0.388349 0.594257 0.631610 0.559255 0.562452 0.494579 0.537497 0.816724 0.880266 0.605883 0.548814 0.535949 0.442295 0.449580 0.448526 0.616682 0.549861 0.554395 0.463164 0.821011 0.707655 0.680255 0.742038 0.655489 0.848359 0.712619 0.869435 0.706446 0.932530 0.705030 0.778465 0.601208 0.566581 0.766197 0.726703 0.865534 0.585869 0.708236 0.622733 0.882042 0.936837 0.973181 0.754416 0.859790 0.618116 0.641800 0.757281 0.614054 0.913503
0.346175 0.397195 0.374131 0.263901 0.736352 0.658642 0.294688 0.267565 0.599044 0.437303 0.511478 0.367636 0.367899 0.454919 0.415533 0.444437 0.393035 0.349741 0.357416 0.401028 0.610193 0.591082 0.384275 0.483950 0.723998 0.495945 0.997789 0.823838 0.369159 0.377657 0.349744 0.348651 0.000000 0.309569 0.749332 0.792968 0.708688 0.970709 0.756343 0.770797 0.882997 0.810556 0.306784 0.284469 0.367014 0.343374 0.351692 0.380157 0.733483 0.598249 0.544363 0.511298 0.645783 0.606074 0.541483 0.664908 0.528285 0.508294 0.365336 0.492715 0.297034 0.388075 0.409234 0.425718 0.422535 0.291750 0.283676 0.244854 0.586211 0.436038 0.414729 0.414345 0.481681 0.526259 0.860013 0.782108 0.445219 0.516849 0.362038 0.478954 0.295368 0.294780 0.472574 0.367067 0.399308 0.344502 0.853674 0.762696 0.619549 0.567711 0.545102 0.699908 0.577525 0.825091 0.575231 0.713144 0.496666 0.523590 0.427243 0.344902 0.682585 0.643603 0.750654 0.482002 0.513628 0.516820 0.892790 0.793209 0.847420 0.672207 0.864859 0.483585 0.466742 0.601664 0.585689 0.901193
0.313792 0.359323 0.437248 0.294300 0.758897 0.650285 0.277307 0.254484 0.548154 0.420824 0.399077 0.349940 0.383345 0.481971 0.494091 0.529090 0.316087 0.279814 0.267821 0.328568 0.551935 0.657019 0.525243 0.537385 0.846295 0.588516 0.882173 0.960069 0.307175 0.254915 0.376477 0.368277 0.309569 0.000000 0.722044 0.868760 0.617291 0.840776 0.761531 0.789724 0.947089 0.831360 0.364673 0.279081 0.357769 0.351269 0.336275 0.392044 0.794194 0.558850 0.553295 0.532918 0.689568 0.623834 0.618032 0.740751 0.428616 0.451365 0.369449 0.524944 0.292018 0.432799 0.349681 0.367698 0.488823 0.323859 0.285823 0.271665 0.598304 0.454444 0.515612 0.479652 0.471217 0.547588 0.747499 0.736252 0.533060 0.436018 0.456084 0.398264 0.305842 0.295213 0.503569 0.382774 0.483268 0.466930 0.831231 0.694992 0.688719 0.690611 0.617334 0.753952 0.649310 0.754910 0.550510 0.757046 0.643768 0.622951 0.419256 0.393959 0.626496 0.650148 0.624566 0.423462 0.582452 0.615828 0.988206 0.776120 0.926541 0.757234 0.827792 0.431503 0.490698 0.613182 0.587760 0.992406
0.733785 0.864522 0.749375 0.660241 0.895806 0.631755 0.768788 0.760464 0.788699 0.792556 0.988070 0.762434 0.722285 0.764838 0.598345 0.678071 0.912146 0.928929 0.845839 0.847175 0.734251 0.922682 0.556756 0.576787 0.596517 0.649273 0.865694 0.985400 0.787141 0.864137 0.610969 0.721170 0.749332 0.722044 0.000000 0.963751 0.711673 0.915818 0.919069 0.856324 0.990269 0.999193 0.699128 0.782052 0.659465 0.630411 0.631178 0.742861 0.673089 0.614766 0.723005 0.610189 0.672109 0.849498 0.584476 0.629772 0.916673 0.964638 0.676392 0.647180 0.661628 0.677589 0.844636 0.861681 0.612391 0.614210 0.680274 0.714279 0.835528 0.648601 0.834885 0.825027 0.648453 0.816900 0.671777 0.931465 0.795015 0.849777 0.737099 0.763107 0.694157 0.682675 0.839629 0.784038 0.496934 0.578412 0.941516 0.756460 0.709580 0.637766 0.945744 0.929768 0.868087 0.941279 0.806571 0.988209 0.719478 0.837856 0.784712 0.778610 0.926825 0.909759 0.990641 0.979794 0.737948 0.752564 0.995394 0.900293 0.705371 0.961410 0.828080 0.654985 0.907737 0.957977 0.789851 0.976989
0.773988 0.716649 0.943869 0.882516 0.982403 0.992389 0.874214 0.848446 0.956056 0.897426 0.882020 0.856995 0.860434 0.883245 0.962692 0.920914 0.719345 0.828816 0.797410 0.913844 0.956776 0.896129 0.937552 0.980635 0.920351 0.983570 0.930784 0.976823 0.875583 0.853551 0.923324 0.987811 0.792968 0.868760 0.963751 0.000000 0.976171 0.790143 0.964059 0.972155 0.841781 0.880585 0.804844 0.769214 0.802457 0.777977 0.873963 0.755355 0.894375 0.865362 0.814492 0.772042 0.876076 0.778544 0.961890 0.896047 0.777798 0.760595 0.747990 0.795559 0.887801 0.872142 0.787346 0.817553 0.929451 0.911566 0.823512 0.761155 0.860387 0.695737 0.864929 0.713268 0.986188 0.948552 0.909743 0.871535 0.848861 0.889818 0.739000 0.882723 0.783061 0.815804 0.844934 0.745706 0.879926 0.856852 0.913736 0.934168 0.962443 0.888040 0.958687 0.842719 0.991722 0.872657 0.805481 0.938224 0.826855 0.686291 0.849032 0.834566 0.957378 0.759310 0.817608 0.844514 0.990892 0.970980 0.947494 0.960939 0.908109 0.892576 0.786173 0.823924 0.810391 0.897501 0.906826 0.948061
0.711823 0.716721 0.663279 0.625466 0.944031 0.937260 0.739866 0.729477 0.748330 0.868377 0.864801 0.766263 0.684502 0.690283 0.648955 0.757865 0.781813 0.778280 0.740365 0.793513 0.774911 0.901156 0.627786 0.728127 0.698784 0.610285 0.998991 0.868083 0.714316 0.742310 0.577137 0.662841 0.708688 0.617291 0.711673 0.976171 0.000000 0.846520 0.645483 0.864921 0.865192 0.749525 0.693343 0.653659 0.638600 0.679964 0.700024 0.658678 0.690319 0.663341 0.679582 0.620479 0.694342 0.875018 0.779595 0.763415 0.806749 0.742236 0.600786 0.663946 0.617248 0.632497 0.791242 0.753527 0.524412 0.596502 0.674475 0.596656 0.860604 0.715257 0.898826 0.830248 0.719178 0.725000 0.767982 0.831683 0.745554 0.783721 0.741552 0.795072 0.735237 0.759871 0.842776 0.722966 0.569161 0.571215 0.903757 0.758128 0.642710 0.626809 0.958475 0.922941 0.850151 0.993648 0.685993 0.805023 0.842405 0.780124 0.673686 0.713711 0.782074 0.966792 0.680188 0.765167 0.655811 0.654663 0.932388 0.816189 0.937583 0.861617 0.883952 0.665817 0.875971 0.945239 0.762859 0.890344
0.787953 0.791631 0.956094 0.944853 0.863270 0.720428 0.988906 0.915564 0.893504 0.895832 0.881189 0.776867 0.831760 0.765860 0.871117 0.836517 0.800197 0.869226 0.962101 0.893558 0.955930 0.928153 0.926702 0.945401 0.920359 0.927961 0.981876 0.932518 0.860443 0.913135 0.913615 0.913289 0.970709 0.840776 0.915818 0.790143 0.846520 0.000000 0.890559 0.995135 0.801571 0.993058 0.906945 0.905748 0.932195 0.909975 0.977818 0.902911 0.918931 0.840688 0.775368 0.870753 0.947874 0.952476 0.919520 0.984174 0.702155 0.733712 0.840167 0.830866 0.856186 0.827326 0.783525 0.736773 0.847452 0.893174 0.944162 0.823968 0.939069 0.964890 0.939170 0.927329 0.925184 0.964321 0.972145 0.936066 0.937749 0.729694 0.942093 0.974136 0.982315 0.918661 0.844955 0.933812 0.910440 0.925407 0.726874 0.986481 0.977416 0.979168 0.929529 0.979696 0.978597 0.972288 0.988280 0.855788 0.828237 0.902586 0.837154 0.936772 0.880573 0.914119 0.807033 0.927281 0.973409 0.907754 0.957823 0.877991 0.953695 0.729437 0.947822 0.939184 0.944003 0.926217 0.831804 0.905448
