0.000000 0.210064 0.488739 0.499634 0.877055 0.776360 0.436996 0.540848 0.924939 0.508761 0.377194 0.363455 0.290814 0.345935 0.562030 0.568676 0.348524 0.265549 0.282055 0.251061 0.596057 0.946059 0.697902 0.516261 0.536293 0.674601 0.731048 0.765317 0.826869 0.766399 0.895711 0.962041 0.428127 0.360488 0.514782 0.791411 0.498772 0.541358 0.573363 0.618478 0.601006 0.901053 0.671688 0.602507 0.861425 0.787856 0.424113 0.475959 0.845108 0.591972 0.849502 0.653018 0.866513 0.595254 0.339026 0.470390 0.269139 0.222768 0.253353 0.314807 0.412887 0.729415 0.382499 0.425163 0.479384 0.439719 0.404462 0.514428 0.259601 0.293579 0.772572 0.943842 0.864092 0.727050 0.760980 0.915819 0.690830 0.985663 0.602804 0.466077 0.267741 0.196257 0.504163 0.306223 0.313366 0.341548 0.512037 0.561943 0.412096 0.353491 0.973510 0.893387 0.759194 0.743264 0.667539 0.993893 0.551184 0.859541 0.872117 0.926751 0.587604 0.925307 0.864707 0.807284 0.687544 0.671672 0.973373 0.857150 0.903448 0.784534 0.943912 0.927456 0.942901 0.934612 0.812182 0.959271
0.210064 0.000000 0.423587 0.399327 0.814173 0.772623 0.399959 0.459093 0.869994 0.556808 0.484732 0.366925 0.281501 0.323309 0.481640 0.468497 0.326403 0.262341 0.271832 0.224358 0.588439 0.899875 0.562507 0.441848 0.488125 0.634542 0.671634 0.780195 0.761155 0.696475 0.980770 0.927436 0.387784 0.371351 0.518283 0.854982 0.504264 0.496237 0.532363 0.594510 0.618548 0.834094 0.518008 0.498049 0.774642 0.722000 0.342455 0.402747 0.792307 0.550827 0.755902 0.574191 0.939895 0.621503 0.357938 0.512766 0.224763 0.166978 0.256817 0.285486 0.384178 0.633920 0.372312 0.377435 0.442073 0.378475 0.352801 0.413998 0.315205 0.331533 0.698620 0.799837 0.849291 0.693991 0.835662 0.961369 0.651474 0.904253 0.469626 0.486851 0.266645 0.219058 0.440736 0.354637 0.277994 0.297318 0.518304 0.485882 0.410949 0.315178 0.904913 0.860756 0.657652 0.742146 0.589131 0.989529 0.551225 0.876626 0.805675 0.865992 0.613125 0.950866 0.812377 0.809780 0.610431 0.567834 0.924396 0.959753 0.831768 0.767561 0.931086 0.859525 0.914430 0.894618 0.640407 0.982669
0.488739 0.423587 0.000000 0.221292 0.668827 0.786047 0.266658 0.407431 0.583178 0.697663 0.775045 0.570180 0.356258 0.612415 0.459387 0.528385 0.699094 0.694568 0.520285 0.463991 0.584792 0.921507 0.342057 0.317006 0.286043 0.332056 0.637199 0.789668 0.928558 0.916258 0.666021 0.975303 0.410875 0.509391 0.354525 0.826384 0.336320 0.419191 0.449700 0.684322 0.681630 0.846189 0.749576 0.774940 0.785796 0.873135 0.603423 0.601517 0.992205 0.723871 0.913241 0.723783 0.988468 0.769133 0.371353 0.545084 0.613816 0.488193 0.417024 0.423441 0.234812 0.357325 0.715423 0.617229 0.183827 0.222569 0.268736 0.319899 0.396546 0.502437 0.574215 0.633884 0.558948 0.567595 0.965103 0.837766 0.696770 0.862755 0.672016 0.817135 0.648808 0.549741 0.685149 0.581606 0.240621 0.260863 0.645673 0.653393 0.373052 0.351386 0.958510 0.944699 0.785293 0.811831 0.652374 0.974844 0.587567 0.867421 0.975776 0.976382 0.691174 0.938323 0.876341 0.798345 0.519494 0.536153 0.864497 0.952739 0.774581 0.780672 0.972336 0.917147 0.995767 0.916273 0.685333 0.888535
0.499634 0.399327 0.221292 0.000000 0.644770 0.748210 0.290755 0.328920 0.688879 0.685436 0.828053 0.480247 0.354344 0.521568 0.416662 0.477548 0.693126 0.603254 0.445489 0.379580 0.625163 0.934172 0.292705 0.250492 0.320952 0.436799 0.513839 0.851181 0.977799 0.993201 0.763574 0.909691 0.446235 0.515814 0.421779 0.788716 0.403663 0.399177 0.463546 0.681034 0.706563 0.778081 0.689293 0.732912 0.797265 0.867601 0.618478 0.570204 0.996943 0.762413 0.952178 0.770340 0.935134 0.709455 0.398561 0.552034 0.564026 0.452902 0.483927 0.472735 0.331385 0.437368 0.724792 0.600330 0.220986 0.255698 0.271218 0.325656 0.463443 0.576955 0.508486 0.548199 0.682449 0.658766 0.995772 0.834026 0.656054 0.790179 0.612771 0.733163 0.577723 0.511074 0.685834 0.558188 0.241422 0.268640 0.588380 0.609192 0.419134 0.355442 0.883266 0.945679 0.629219 0.708668 0.661108 0.877752 0.564998 0.887061 0.912117 0.888872 0.730346 0.964710 0.981334 0.850588 0.460898 0.448080 0.873328 0.872191 0.773966 0.717087 0.944007 0.834303 0.945006 0.927893 0.716788 0.858194
0.877055 0.814173 0.668827 0.644770 0.000000 0.862652 0.687923 0.666513 0.833654 0.959433 0.964637 0.838487 0.705025 0.894231 0.721862 0.735665 0.898156 0.896570 0.829712 0.783669 0.856589 0.826671 0.546736 0.593749 0.597865 0.631041 0.741977 0.874321 0.925484 0.990819 0.726323 0.933095 0.787382 0.778784 0.854236 0.826070 0.669908 0.786584 0.952267 0.818755 0.846036 0.983088 0.803788 0.875212 0.969380 0.973475 0.948670 0.814320 0.896237 0.957642 0.908610 0.946399 0.999186 0.812837 0.851968 0.896253 0.828125 0.819662 0.915281 0.902996 0.726601 0.707508 0.959346 0.828608 0.642664 0.648948 0.720962 0.714648 0.731713 0.765157 0.741342 0.674674 0.759434 0.908441 0.968577 0.880829 0.995295 0.869018 0.964079 0.847630 0.846237 0.894955 0.800017 0.896382 0.690950 0.678380 0.863636 0.781388 0.878175 0.768355 0.939065 0.974157 0.765633 0.937058 0.857604 0.988473 0.875227 0.897831 0.906548 0.932938 0.993781 0.944140 0.913904 0.964745 0.837596 0.724280 0.997149 0.923375 0.935440 0.865881 0.998192 0.934415 0.901723 0.817361 0.887384 0.838328
0.776360 0.772623 0.786047 0.748210 0.862652 0.000000 0.687234 0.654806 0.988267 0.999752 0.764361 0.665030 0.854389 0.812249 0.862292 0.851956 0.817130 0.692238 0.716204 0.758683 0.719375 0.938441 0.857657 0.801080 0.941299 0.900861 0.898578 0.799620 0.694134 0.670464 0.916979 0.863359 0.791964 0.705450 0.879377 0.615581 0.889921 0.848235 0.957222 0.753945 0.808782 0.873280 0.792453 0.838612 0.835431 0.914275 0.912741 0.969827 0.983214 0.814343 0.837082 0.801374 0.858789 0.691836 0.864004 0.901035 0.738371 0.811877 0.902847 0.942857 0.835233 0.836482 0.888611 0.905293 0.813119 0.732236 0.682312 0.758151 0.845906 0.935546 0.745853 0.826436 0.990037 0.995769 0.682563 0.941532 0.931685 0.862787 0.884778 0.864648 0.747450 0.740194 0.969499 0.862979 0.828253 0.787147 0.800726 0.905255 0.955738 0.898168 0.722888 0.811450 0.666961 0.712852 0.870245 0.947263 0.622333 0.756761 0.704377 0.705512 0.938905 0.903185 0.948611 0.954308 0.839288 0.734744 0.947787 0.984783 0.993802 0.739165 0.917105 0.847226 0.876648 0.952318 0.995848 0.753457
0.436996 0.399959 0.266658 0.290755 0.687923 0.687234 0.000000 0.222703 0.614927 0.820551 0.704417 0.548250 0.336592 0.485989 0.379605 0.501838 0.549927 0.532481 0.390232 0.397186 0.739086 0.906663 0.402394 0.395644 0.461572 0.476946 0.729750 0.847812 0.837279 0.921452 0.725824 0.812622 0.307969 0.360687 0.439429 0.795015 0.399664 0.477844 0.545247 0.763928 0.702290 0.801354 0.482449 0.498420 0.576037 0.624312 0.464976 0.453618 0.820504 0.646870 0.800447 0.629711 0.821477 0.872208 0.368527 0.420062 0.478702 0.404776 0.402097 0.488575 0.279121 0.420973 0.573541 0.499329 0.294409 0.292755 0.230815 0.276446 0.492033 0.571046 0.432323 0.593367 0.714149 0.654386 0.973596 0.794548 0.563163 0.756026 0.539138 0.683253 0.485852 0.454762 0.568591 0.469574 0.272960 0.334721 0.602616 0.585051 0.472446 0.435313 0.756843 0.831671 0.609699 0.668232 0.648663 0.867135 0.430884 0.814261 0.725517 0.686337 0.847406 0.817631 0.973349 0.997691 0.432554 0.521410 0.806343 0.888675 0.700799 0.680265 0.875627 0.732508 0.833169 0.905398 0.712088 0.893055
0.540848 0.459093 0.407431 0.328920 0.666513 0.654806 0.222703 0.000000 0.691027 0.923918 0.782909 0.560283 0.480970 0.482054 0.469550 0.529245 0.613417 0.540806 0.457379 0.420433 0.788238 0.838623 0.481840 0.431754 0.565332 0.548379 0.735348 0.913393 0.810040 0.858337 0.822414 0.718831 0.407627 0.418324 0.500673 0.730523 0.513119 0.488676 0.626198 0.739390 0.802859 0.700108 0.477270 0.503435 0.582824 0.635895 0.494733 0.520716 0.811317 0.737014 0.832274 0.718846 0.806936 0.859968 0.392304 0.459871 0.498613 0.463323 0.526800 0.614990 0.423243 0.475222 0.681437 0.536918 0.436770 0.384946 0.317905 0.337188 0.628241 0.682109 0.467039 0.547465 0.846435 0.760157 0.970135 0.813120 0.632620 0.773210 0.561269 0.668910 0.490557 0.500472 0.571762 0.498462 0.388044 0.427773 0.658795 0.548546 0.577452 0.506643 0.597430 0.790660 0.516848 0.635046 0.753522 0.818996 0.463410 0.814180 0.601700 0.556867 0.993649 0.760799 0.810649 0.985734 0.480500 0.575290 0.848781 0.882697 0.732220 0.782316 0.881130 0.708591 0.885633 0.904298 0.764941 0.922896
0.924939 0.869994 0.583178 0.688879 0.833654 0.988267 0.614927 0.691027 0.000000 0.888068 0.840356 0.944862 0.783435 0.997366 0.841858 0.996460 0.919088 0.939955 0.907846 0.883415 0.937169 0.987391 0.701977 0.751384 0.634388 0.516185 0.903289 0.959373 0.984081 0.868028 0.575982 0.969201 0.595982 0.819038 0.653857 0.923874 0.674620 0.712062 0.778448 0.828953 0.964855 0.804726 0.825514 0.860130 0.639956 0.778781 0.838935 0.799730 0.847766 0.747494 0.717437 0.767377 0.740600 0.840041 0.643982 0.645093 0.946508 0.912434 0.819213 0.941548 0.601411 0.606450 0.926304 0.871643 0.627437 0.699605 0.643724 0.579102 0.791726 0.897270 0.712848 0.719051 0.682467 0.748982 0.941272 0.901536 0.784351 0.845360 0.872604 0.933417 0.996468 0.977038 0.828583 0.894156 0.703412 0.739558 0.919556 0.717990 0.756390 0.740045 0.939281 0.875722 0.971100 0.968574 0.853747 0.874555 0.891024 0.921575 0.954315 0.941578 0.986195 0.970891 0.873955 0.982209 0.790081 0.805484 0.826636 0.983843 0.917803 0.907317 0.815021 0.745881 0.965959 0.930211 0.816666 0.983453
0.508761 0.556808 0.697663 0.685436 0.959433 0.999752 0.820551 0.923918 0.888068 0.000000 0.710069 0.618594 0.498608 0.573458 0.736108 0.633258 0.717919 0.649717 0.547722 0.561652 0.778318 0.943555 0.748278 0.582427 0.660555 0.816046 0.672049 0.888169 0.876979 0.976246 0.931930 0.787215 0.788128 0.826191 0.754349 0.989962 0.672651 0.914861 0.628629 0.706433 0.758987 0.902783 0.906971 0.977493 0.634820 0.708596 0.794300 0.876245 0.703202 0.952406 0.815363 0.903410 0.670557 0.563249 0.679254 0.863996 0.634288 0.558527 0.655606 0.566382 0.739174 0.991474 0.751070 0.828730 0.651526 0.654287 0.755628 0.876173 0.514757 0.600934 0.923513 0.946534 0.918220 0.984095 0.880853 0.881477 0.994925 0.838376 0.800043 0.713214 0.636760 0.512137 0.741815 0.596519 0.534070 0.551001 0.798265 0.826427 0.628962 0.547361 0.722755 0.992265 0.968909 0.972257 0.858918 0.877883 0.917038 0.886138 0.740547 0.746624 0.531137 0.892783 0.845548 0.847411 0.974334 0.871778 0.920785 0.843699 0.949241 0.954040 0.758168 0.880981 0.843963 0.953024 0.881403 0.882320
0.377194 0.484732 0.775045 0.828053 0.964637 0.764361 0.704417 0.782909 0.840356 0.710069 0.000000 0.519065 0.641599 0.614945 0.862055 0.841698 0.557586 0.437784 0.518337 0.517526 0.745867 0.932054 0.954725 0.862424 0.914766 0.996944 0.997175 0.994236 0.811516 0.650457 0.673361 0.995587 0.690281 0.509930 0.826033 0.799902 0.821512 0.869594 0.826932 0.840655 0.660537 0.997987 0.812429 0.755510 0.901567 0.875800 0.622674 0.721802 0.785572 0.718271 0.992356 0.840186 0.828563 0.683507 0.594253 0.682240 0.498479 0.505884 0.515377 0.560944 0.722080 0.984824 0.527749 0.669521 0.840392 0.753456 0.648647 0.706370 0.526896 0.544951 0.974901 0.832176 0.967233 0.813143 0.750362 0.880479 0.848340 0.844949 0.768693 0.657220 0.421601 0.412618 0.770740 0.514738 0.698082 0.721279 0.622225 0.812417 0.698482 0.683875 0.854153 0.784665 0.674911 0.733684 0.684724 0.929279 0.660867 0.817137 0.748954 0.882930 0.860275 0.885842 0.863539 0.822733 0.886067 0.874804 0.827829 0.860556 0.867253 0.829980 0.942835 0.958449 0.909234 0.968468 0.989105 0.892326
0.363455 0.366925 0.570180 0.480247 0.838487 0.665030 0.548250 0.560283 0.944862 0.618594 0.519065 0.000000 0.427470 0.375929 0.483014 0.428488 0.556460 0.327787 0.398319 0.342968 0.595895 0.878881 0.613678 0.443131 0.584467 0.802510 0.684130 0.914098 0.760147 0.666692 0.847391 0.883366 0.552897 0.440633 0.617698 0.689999 0.618737 0.555300 0.710842 0.652154 0.767399 0.906210 0.704861 0.715287 0.928601 0.922186 0.596906 0.641722 0.979429 0.856976 0.926445 0.924875 0.744127 0.457996 0.523011 0.669652 0.361350 0.367657 0.528555 0.555549 0.507840 0.643183 0.585477 0.484926 0.530976 0.457939 0.542206 0.561486 0.478799 0.497711 0.804296 0.872554 0.892053 0.756141 0.903887 0.946976 0.887332 0.945526 0.646905 0.471973 0.368285 0.342157 0.636601 0.422296 0.418766 0.385182 0.519490 0.647745 0.530632 0.441456 0.873258 0.894991 0.646944 0.835540 0.775213 0.871106 0.620358 0.816496 0.835176 0.858901 0.781515 0.982681 0.826085 0.884241 0.625160 0.594073 0.898914 0.919894 0.874199 0.797624 0.977805 0.919950 0.909333 0.900002 0.793427 0.900183
0.290814 0.281501 0.356258 0.354344 0.705025 0.854389 0.336592 0.480970 0.783435 0.498608 0.641599 0.427470 0.000000 0.334481 0.320327 0.347923 0.391946 0.398392 0.266572 0.274417 0.646803 0.891896 0.354260 0.312518 0.428180 0.599064 0.614342 0.785277 0.836335 0.843652 0.845954 0.964422 0.400279 0.440792 0.541688 0.887142 0.393792 0.539586 0.555997 0.647757 0.596992 0.956410 0.623425 0.591899 0.918973 0.873487 0.481564 0.472114 0.990526 0.658294 0.890681 0.605930 0.971354 0.742705 0.434709 0.492335 0.356033 0.274625 0.350299 0.340669 0.334695 0.552427 0.440600 0.390860 0.326684 0.340280 0.386429 0.500240 0.350460 0.389824 0.525045 0.678159 0.719903 0.673338 0.866644 0.813259 0.613525 0.821895 0.527467 0.461197 0.368042 0.297978 0.528666 0.411139 0.226342 0.285459 0.491589 0.511732 0.409969 0.352424 0.970993 0.799916 0.762438 0.723280 0.665126 0.990431 0.549763 0.934078 0.921180 0.868279 0.616371 0.935468 0.865601 0.936705 0.588889 0.547451 0.894652 0.942082 0.843742 0.766532 0.989979 0.846960 0.913035 0.958500 0.699870 0.951623
0.345935 0.323309 0.612415 0.521568 0.894231 0.812249 0.485989 0.482054 0.997366 0.573458 0.614945 0.375929 0.334481 0.000000 0.405381 0.344130 0.379020 0.303864 0.263727 0.324526 0.797835 0.832724 0.583172 0.436118 0.676076 0.799215 0.631963 0.929915 0.704278 0.640704 0.904163 0.805479 0.537131 0.465148 0.632386 0.828312 0.698444 0.580882 0.649473 0.626873 0.831555 0.892272 0.580123 0.543538 0.890889 0.779972 0.460503 0.549893 0.925323 0.754691 0.896439 0.680355 0.963578 0.650992 0.542664 0.527269 0.286576 0.319322 0.466281 0.489057 0.542859 0.708087 0.504805 0.444949 0.590713 0.512361 0.529489 0.601757 0.583568 0.564880 0.745846 0.832522 0.988495 0.874643 0.888877 0.972770 0.762556 0.887941 0.494697 0.395306 0.313170 0.291882 0.475312 0.390245 0.411633 0.426191 0.552055 0.530406 0.576186 0.502162 0.848671 0.779391 0.731334 0.744433 0.803289 0.910822 0.608393 0.768843 0.765026 0.705036 0.742450 0.833395 0.717263 0.819723 0.673305 0.669228 0.960440 0.873522 0.807727 0.775009 0.918984 0.762731 0.840754 0.879163 0.799662 0.932502
0.562030 0.481640 0.459387 0.416662 0.721862 0.862292 0.379605 0.469550 0.841858 0.736108 0.862055 0.483014 0.320327 0.405381 0.000000 0.248903 0.548275 0.538710 0.419982 0.466396 0.717530 0.840513 0.340335 0.359175 0.541216 0.695739 0.657487 0.825973 0.730630 0.810570 0.739409 0.756391 0.481303 0.502282 0.669277 0.843732 0.560139 0.546980 0.668689 0.871243 0.758223 0.873323 0.560615 0.586972 0.772168 0.762078 0.538195 0.540378 0.953124 0.791755 0.900982 0.703722 0.867692 0.813384 0.616481 0.660013 0.481114 0.450036 0.565275 0.561749 0.396924 0.449281 0.554177 0.428300 0.424881 0.415191 0.535082 0.516044 0.645577 0.646725 0.559845 0.702653 0.830386 0.732499 0.889947 0.714378 0.661490 0.682519 0.530848 0.536708 0.494921 0.487983 0.584150 0.555244 0.381312 0.409288 0.597269 0.535315 0.590626 0.504157 0.942922 0.873054 0.811395 0.871609 0.739895 0.994042 0.595261 0.885001 0.839771 0.713919 0.838426 0.919154 0.847804 0.976112 0.601432 0.603124 0.933169 0.915331 0.734183 0.841670 0.915637 0.781881 0.822897 0.884200 0.761100 0.889634
0.568676 0.468497 0.528385 0.477548 0.735665 0.851956 0.501838 0.529245 0.996460 0.633258 0.841698 0.428488 0.347923 0.344130 0.248903 0.000000 0.539586 0.504385 0.447659 0.458670 0.711276 0.821276 0.370599 0.343757 0.538803 0.728232 0.626053 0.835010 0.766093 0.793645 0.805985 0.767099 0.534436 0.533643 0.694718 0.881794 0.577527 0.622047 0.691320 0.720658 0.710323 0.952378 0.613494 0.623411 0.968652 0.894733 0.532423 0.610840 0.889513 0.957535 0.957954 0.850115 0.966620 0.655763 0.672222 0.714387 0.431102 0.423857 0.620907 0.582502 0.467409 0.500564 0.617395 0.449712 0.492752 0.441116 0.632660 0.643332 0.636943 0.592706 0.684197 0.723772 0.896899 0.767753 0.914719 0.671170 0.796925 0.722455 0.549492 0.544902 0.472699 0.444752 0.543923 0.514280 0.395854 0.377536 0.629976 0.570089 0.564003 0.482747 0.978884 0.911254 0.793496 0.935511 0.847788 0.989281 0.691430 0.889788 0.912110 0.799522 0.796707 0.968571 0.790298 0.996422 0.656495 0.595921 0.949557 0.975433 0.763111 0.915634 0.963005 0.774711 0.801519 0.920123 0.744776 0.934047
0.348524 0.326403 0.699094 0.693126 0.898156 0.817130 0.549927 0.613417 0.919088 0.717919 0.557586 0.556460 0.391946 0.379020 0.548275 0.539586 0.000000 0.295441 0.315520 0.379357 0.804378 0.900237 0.726823 0.640346 0.755286 0.876951 0.780936 0.708711 0.530951 0.539082 0.966070 0.742048 0.461953 0.452685 0.779325 0.933982 0.685302 0.716300 0.798540 0.665740 0.667988 0.891259 0.426146 0.331077 0.772863 0.626625 0.397650 0.435651 0.741397 0.606563 0.701157 0.568713 0.908505 0.827231 0.542665 0.571925 0.245116 0.297310 0.426557 0.415010 0.619882 0.866897 0.286252 0.344244 0.740851 0.678517 0.600568 0.649311 0.496446 0.493808 0.700140 0.848097 0.980832 0.832504 0.857605 0.880410 0.608790 0.769949 0.459363 0.404742 0.241544 0.289632 0.443944 0.393737 0.528278 0.562901 0.706379 0.496876 0.597518 0.560133 0.839893 0.707655 0.788076 0.792586 0.672362 0.929108 0.654063 0.829681 0.679558 0.742173 0.774988 0.772874 0.648882 0.548679 0.766250 0.754956 0.893353 0.872562 0.916352 0.804627 0.902185 0.797789 0.777690 0.890401 0.718217 0.931983
0.265549 0.262341 0.694568 0.603254 0.896570 0.692238 0.532481 0.540806 0.939955 0.649717 0.437784 0.327787 0.398392 0.303864 0.538710 0.504385 0.295441 0.000000 0.283781 0.254959 0.718765 0.950127 0.746792 0.575501 0.729145 0.899059 0.785215 0.837585 0.566048 0.488530 0.862037 0.772808 0.462806 0.360781 0.719811 0.766529 0.701463 0.608922 0.703465 0.646651 0.655931 0.822635 0.467570 0.438933 0.796170 0.696318 0.415309 0.476321 0.774934 0.686513 0.875396 0.743949 0.846811 0.565423 0.517557 0.572769 0.182708 0.234667 0.399004 0.462517 0.620116 0.871255 0.355615 0.364177 0.696597 0.615536 0.529869 0.599085 0.454780 0.435196 0.748430 0.869786 0.983352 0.824706 0.837300 0.979011 0.724467 0.824903 0.456281 0.328755 0.193154 0.206693 0.479246 0.367106 0.479435 0.490240 0.559778 0.562217 0.563900 0.496020 0.744080 0.703921 0.600000 0.679718 0.718827 0.854496 0.514372 0.762415 0.652515 0.683101 0.831364 0.867829 0.622236 0.617261 0.661916 0.662493 0.938935 0.875531 0.912676 0.724758 0.891986 0.787674 0.842441 0.861971 0.808870 0.943015
0.282055 0.271832 0.520285 0.445489 0.829712 0.716204 0.390232 0.457379 0.907846 0.547722 0.518337 0.398319 0.266572 0.263727 0.419982 0.447659 0.315520 0.283781 0.000000 0.261880 0.756137 0.882209 0.562432 0.450284 0.644714 0.775842 0.629142 0.893137 0.666611 0.656694 0.934156 0.819612 0.470982 0.421078 0.608118 0.866062 0.607253 0.612606 0.611659 0.576903 0.645075 0.913366 0.562366 0.518580 0.856090 0.807546 0.438103 0.471926 0.895554 0.697351 0.913435 0.643749 0.939454 0.707676 0.439380 0.482105 0.273243 0.280455 0.386861 0.399934 0.487777 0.755283 0.397506 0.451620 0.516426 0.461070 0.390462 0.513784 0.456565 0.533354 0.557224 0.777177 0.893561 0.831380 0.903052 0.917037 0.642326 0.867900 0.485183 0.409428 0.274789 0.250581 0.580051 0.388743 0.364313 0.418253 0.558871 0.481828 0.543936 0.503554 0.791013 0.666188 0.637756 0.636088 0.687396 0.901333 0.459395 0.806033 0.728830 0.657762 0.712538 0.790286 0.771930 0.775729 0.612515 0.579769 0.956103 0.950129 0.814245 0.654282 0.957650 0.750888 0.872129 0.927636 0.697724 0.845456
0.251061 0.224358 0.463991 0.379580 0.783669 0.758683 0.397186 0.420433 0.883415 0.561652 0.517526 0.342968 0.274417 0.324526 0.466396 0.458670 0.379357 0.254959 0.261880 0.000000 0.647706 0.958880 0.550150 0.402182 0.515076 0.678807 0.599613 0.843920 0.751981 0.694859 0.991218 0.876496 0.396046 0.382911 0.594255 0.785788 0.520410 0.481295 0.554228 0.613320 0.663427 0.784987 0.541082 0.512833 0.892074 0.851628 0.424696 0.486240 0.931456 0.647498 0.896619 0.671122 0.888838 0.620881 0.386547 0.509783 0.238762 0.220241 0.342693 0.383327 0.462052 0.704406 0.440903 0.398789 0.465872 0.423918 0.380132 0.495567 0.320074 0.359519 0.574585 0.727028 0.876186 0.751016 0.853202 0.962474 0.564940 0.824535 0.508328 0.431353 0.257169 0.224863 0.512463 0.346085 0.305338 0.340846 0.486992 0.556277 0.452821 0.375061 0.795983 0.726617 0.599202 0.616754 0.703938 0.884581 0.461563 0.866063 0.780315 0.749194 0.762223 0.854358 0.750851 0.815314 0.545013 0.547635 0.955040 0.999469 0.850091 0.747040 0.951530 0.823302 0.953162 0.904132 0.744656 0.952258
0.596057 0.588439 0.584792 0.625163 0.856589 0.719375 0.739086 0.788238 0.937169 0.778318 0.745867 0.595895 0.646803 0.797835 0.717530 0.711276 0.804378 0.718765 0.756137 0.647706 0.000000 0.940195 0.750740 0.631497 0.606349 0.697080 0.853546 0.634888 0.965483 0.900939 0.871373 0.994733 0.669826 0.622167 0.596317 0.710045 0.668093 0.634730 0.569181 0.751484 0.757946 0.951344 0.954308 0.893365 0.913715 0.949304 0.765362 0.962457 0.997481 0.906045 0.972262 0.986854 0.726807 0.576132 0.624092 0.911741 0.680144 0.633682 0.618023 0.666020 0.512704 0.569890 0.783241 0.723004 0.555145 0.520347 0.664218 0.712728 0.584722 0.638157 0.942204 0.998667 0.795051 0.909618 0.915760 0.970130 0.842849 0.959412 0.963218 0.810433 0.711543 0.640079 0.692390 0.725125 0.560118 0.499290 0.727442 0.755884 0.605475 0.562111 0.800316 0.702426 0.975501 0.887482 0.845682 0.903700 0.819433 0.943170 0.866891 0.876218 0.727605 0.807909 0.983745 0.856052 0.962996 0.820854 0.922382 0.921174 0.991058 0.918761 0.931660 0.905700 0.910215 0.941075 0.835214 0.969177
0.946059 0.899875 0.921507 0.934172 0.826671 0.938441 0.906663 0.838623 0.987391 0.943555 0.932054 0.878881 0.891896 0.832724 0.840513 0.821276 0.900237 0.950127 0.882209 0.958880 0.940195 0.000000 0.975919 0.946045 0.920166 0.978000 0.977851 0.892769 0.931266 0.914439 0.818832 0.909640 0.953641 0.993218 0.951223 0.896717 0.957507 0.974048 0.900310 0.954409 0.957156 0.975572 0.953318 0.939441 0.992336 0.918414 0.821728 0.902166 0.872743 0.787058 0.786628 0.715712 0.737903 0.856504 0.827772 0.811387 0.936195 0.845957 0.861508 0.787456 0.891672 0.855458 0.836404 0.803814 0.993030 0.978441 0.990470 0.929034 0.937235 0.979629 0.952664 0.929334 0.940150 0.838211 0.904065 0.956865 0.963981 0.944700 0.950476 0.895557 0.909085 0.836923 0.882046 0.842548 0.948983 0.955391 0.929563 0.745527 0.974638 0.948308 0.915316 0.826778 0.977274 0.966661 0.905626 0.965154 0.796544 0.916544 0.866549 0.832628 0.892410 0.803611 0.904706 0.879355 0.895740 0.942877 0.932326 0.783801 0.939666 0.878007 0.861662 0.914598 0.860295 0.932147 0.645872 0.998487
0.697902 0.562507 0.342057 0.292705 0.546736 0.857657 0.402394 0.481840 0.701977 0.748278 0.954725 0.613678 0.354260 0.583172 0.340335 0.370599 0.726823 0.746792 0.562432 0.550150 0.750740 0.975919 0.000000 0.238218 0.348619 0.498687 0.514652 0.843182 0.913336 0.998583 0.589833 0.869027 0.541842 0.659895 0.575504 0.880537 0.446002 0.516275 0.629662 0.780207 0.767648 0.877297 0.684955 0.763721 0.897701 0.972184 0.726288 0.688178 0.838358 0.930572 0.954814 0.846567 0.964041 0.803780 0.674930 0.744077 0.663899 0.598773 0.706985 0.655051 0.420186 0.418889 0.804220 0.607715 0.288244 0.333672 0.464112 0.495779 0.627648 0.684522 0.467336 0.460935 0.692580 0.732127 0.914217 0.710710 0.747727 0.705336 0.641915 0.756465 0.719259 0.685297 0.706628 0.742282 0.326105 0.346963 0.637088 0.666693 0.521518 0.476957 0.941642 0.932862 0.736809 0.822152 0.714477 0.972766 0.705486 0.939062 0.982240 0.882948 0.722790 0.957639 0.981387 0.848474 0.549661 0.512052 0.889822 0.920743 0.814495 0.788643 0.930089 0.845207 0.943585 0.910479 0.735602 0.887917
0.516261 0.441848 0.317006 0.250492 0.593749 0.801080 0.395644 0.431754 0.751384 0.582427 0.862424 0.443131 0.312518 0.436118 0.359175 0.343757 0.640346 0.575501 0.450284 0.402182 0.631497 0.946045 0.238218 0.000000 0.311319 0.488989 0.456637 0.789028 0.895222 0.938607 0.730600 0.895652 0.494822 0.540954 0.486599 0.783088 0.449843 0.444868 0.511632 0.676506 0.724413 0.817084 0.768989 0.785695 0.979064 0.979668 0.664307 0.673650 0.820842 0.931483 0.857888 0.914362 0.809946 0.589142 0.495955 0.630401 0.520908 0.469089 0.602913 0.566913 0.401097 0.478077 0.723589 0.571624 0.283291 0.297018 0.445626 0.479428 0.486162 0.595916 0.554547 0.580655 0.776063 0.749747 0.991017 0.864618 0.762376 0.757898 0.592474 0.618356 0.553802 0.490556 0.630788 0.537314 0.254422 0.251411 0.611631 0.619569 0.398408 0.364353 0.993078 0.991203 0.748618 0.860113 0.738293 0.944299 0.642492 0.890004 0.985946 0.932486 0.690704 0.962077 0.948610 0.869696 0.574880 0.549276 0.953129 0.977232 0.917192 0.859758 0.984207 0.868511 0.955336 0.892263 0.793844 0.913341
0.536293 0.488125 0.286043 0.320952 0.597865 0.941299 0.461572 0.565332 0.634388 0.660555 0.914766 0.584467 0.428180 0.676076 0.541216 0.538803 0.755286 0.729145 0.644714 0.515076 0.606349 0.920166 0.348619 0.311319 0.000000 0.283137 0.517636 0.749363 0.879004 0.839418 0.588945 0.979700 0.478005 0.594245 0.414094 0.769255 0.326473 0.434595 0.514304 0.650096 0.686921 0.861732 0.858160 0.858817 0.959124 0.976967 0.708832 0.695359 0.832464 0.910367 0.936033 0.924323 0.812809 0.606784 0.462234 0.657998 0.641735 0.551880 0.574953 0.551897 0.346883 0.424604 0.866825 0.671729 0.237987 0.287309 0.466599 0.489297 0.382822 0.444223 0.724500 0.622955 0.642454 0.608433 0.969330 0.926274 0.833255 0.863999 0.748783 0.800027 0.709237 0.604832 0.653490 0.597171 0.265826 0.251890 0.702587 0.706263 0.348582 0.313066 0.845374 0.760582 0.875028 0.997390 0.731625 0.972025 0.799082 0.992333 0.826636 0.797183 0.600350 0.815942 0.882424 0.787632 0.630328 0.623372 0.880705 0.935161 0.855748 0.909758 0.907668 0.952886 0.842176 0.822114 0.797365 0.948127
0.674601 0.634542 0.332056 0.436799 0.631041 0.900861 0.476946 0.548379 0.516185 0.816046 0.996944 0.802510 0.599064 0.799215 0.695739 0.728232 0.876951 0.899059 0.775842 0.678807 0.697080 0.978000 0.498687 0.488989 0.283137 0.000000 0.663273 0.756697 0.790496 0.735889 0.553597 0.988245 0.536193 0.662440 0.506179 0.720978 0.414192 0.543338 0.549849 0.654416 0.829909 0.842768 0.867523 0.884089 0.861827 0.929144 0.720003 0.759023 0.885939 0.864778 0.931417 0.820787 0.978551 0.807286 0.469573 0.682866 0.778886 0.694251 0.631632 0.655283 0.417370 0.483016 0.992977 0.861320 0.325174 0.369381 0.462578 0.493747 0.493760 0.565687 0.781875 0.646916 0.646887 0.709621 0.911559 0.980471 0.910656 0.985668 0.893182 0.971286 0.879544 0.794613 0.680752 0.760823 0.396608 0.367176 0.813324 0.806288 0.469412 0.458321 0.901313 0.732242 0.955402 0.978010 0.786248 0.961922 0.902284 0.992453 0.836259 0.820849 0.724282 0.856683 0.797173 0.716052 0.719171 0.668942 0.902588 0.924408 0.852029 0.856445 0.989960 0.934283 0.806258 0.884984 0.827673 0.895653
0.731048 0.671634 0.637199 0.513839 0.741977 0.898578 0.729750 0.735348 0.903289 0.672049 0.997175 0.684130 0.614342 0.631963 0.657487 0.626053 0.780936 0.785215 0.629142 0.599613 0.853546 0.977851 0.514652 0.456637 0.517636 0.663273 0.000000 0.822952 0.937465 0.921169 0.960159 0.971645 0.822398 0.883425 0.747759 0.804001 0.764362 0.608640 0.702154 0.811988 0.912606 0.958789 0.947560 0.955346 0.764344 0.781713 0.828237 0.907264 0.694746 0.949231 0.800824 0.998234 0.727384 0.686501 0.768324 0.823115 0.732850 0.732762 0.846757 0.750308 0.761235 0.803533 0.926724 0.861309 0.565894 0.590595 0.711321 0.757190 0.705662 0.745911 0.776591 0.816323 0.841064 0.932863 0.928253 0.907348 0.823347 0.992081 0.701866 0.895834 0.813886 0.718922 0.829469 0.801163 0.566887 0.547178 0.793118 0.792065 0.701007 0.592637 0.930583 0.935934 0.809459 0.833986 0.900685 0.972386 0.891560 0.922441 0.948977 0.971132 0.713312 0.966586 0.985065 0.881026 0.745729 0.733364 0.966703 0.917755 0.977268 0.853512 0.962882 0.972506 0.880463 0.831333 0.881515 0.839915
0.765317 0.780195 0.789668 0.851181 0.874321 0.799620 0.847812 0.913393 0.959373 0.888169 0.994236 0.914098 0.785277 0.929915 0.825973 0.835010 0.708711 0.837585 0.893137 0.843920 0.634888 0.892769 0.843182 0.789028 0.749363 0.756697 0.822952 0.000000 0.825476 0.945837 0.726328 0.940857 0.784200 0.886737 0.874877 0.721683 0.757636 0.881505 0.851319 0.897478 0.859207 0.851351 0.808129 0.786791 0.996951 0.912643 0.847420 0.869802 0.964688 0.967129 0.955597 0.988222 0.917013 0.812307 0.844019 0.972063 0.763137 0.784859 0.791610 0.765068 0.814592 0.887303 0.872945 0.854350 0.798588 0.800295 0.876320 0.970403 0.736179 0.676587 0.817673 0.994152 0.971325 0.998819 0.945590 0.899879 0.804988 0.888046 0.891745 0.878180 0.826437 0.822427 0.822354 0.936592 0.782670 0.751370 0.928406 0.966788 0.840509 0.729160 0.847109 0.854329 0.847353 0.886577 0.840594 0.793833 0.924075 0.895898 0.906064 0.839264 0.716555 0.905474 0.999207 0.967927 0.978770 0.948590 0.839884 0.950646 0.891004 0.835849 0.838333 0.867080 0.999839 0.989987 0.956653 0.880998
0.826869 0.761155 0.928558 0.977799 0.925484 0.694134 0.837279 0.810040 0.984081 0.876979 0.811516 0.760147 0.836335 0.704278 0.730630 0.766093 0.530951 0.566048 0.666611 0.751981 0.965483 0.931266 0.913336 0.895222 0.879004 0.790496 0.937465 0.825476 0.000000 0.292635 0.908170 0.458571 0.744818 0.655525 0.941869 0.941179 0.993396 0.983791 0.960165 0.913235 0.928086 0.889728 0.486013 0.477786 0.660660 0.627214 0.750104 0.689814 0.794683 0.936968 0.868301 0.940403 0.856746 0.959100 0.962822 0.940226 0.562099 0.745160 0.856833 0.957940 0.937960 0.980835 0.540089 0.562375 0.907195 0.988720 0.870446 0.875310 0.995308 0.953832 0.773654 0.861189 0.886591 0.961071 0.922139 0.916124 0.845883 0.602616 0.605594 0.516943 0.537423 0.724414 0.777856 0.777207 0.969189 0.967816 0.801135 0.800836 0.956978 0.938903 0.811814 0.771083 0.845691 0.954752 0.745491 0.965443 0.645020 0.996588 0.681160 0.602212 0.866078 0.775608 0.659270 0.494641 0.859015 0.870070 0.994550 0.928970 0.914525 0.874568 0.810071 0.718694 0.725367 0.875039 0.956280 0.907492
0.766399 0.696475 0.916258 0.993201 0.990819 0.670464 0.921452 0.858337 0.868028 0.976246 0.650457 0.666692 0.843652 0.640704 0.810570 0.793645 0.539082 0.488530 0.656694 0.694859 0.900939 0.914439 0.998583 0.938607 0.839418 0.735889 0.921169 0.945837 0.292635 0.000000 0.921143 0.561212 0.788939 0.649908 0.957639 0.850255 0.921764 0.975851 0.906008 0.851886 0.876140 0.951439 0.553914 0.533707 0.736953 0.708895 0.769582 0.772936 0.769071 0.930522 0.905158 0.978074 0.992588 0.807554 0.995934 0.965635 0.529586 0.703580 0.823605 0.859939 0.973337 0.945086 0.547362 0.550287 0.868111 0.986146 0.875393 0.901384 0.958435 0.953542 0.877420 0.976256 0.927570 0.960366 0.972720 0.923078 0.959512 0.650367 0.613740 0.486792 0.501684 0.653524 0.742052 0.739828 0.992996 0.991983 0.748075 0.752728 0.955536 0.950086 0.805761 0.766215 0.828819 0.900299 0.786758 0.947190 0.702176 0.891141 0.668727 0.675620 0.849457 0.883170 0.626119 0.525666 0.934550 0.818621 0.910119 0.800471 0.973654 0.897310 0.810143 0.813631 0.779262 0.908435 0.989038 0.901394
0.895711 0.980770 0.666021 0.763574 0.726323 0.916979 0.725824 0.822414 0.575982 0.931930 0.673361 0.847391 0.845954 0.904163 0.739409 0.805985 0.966070 0.862037 0.934156 0.991218 0.871373 0.818832 0.589833 0.730600 0.588945 0.553597 0.960159 0.726328 0.908170 0.921143 0.000000 0.673620 0.657518 0.878374 0.804228 0.922811 0.673533 0.831270 0.740145 0.897124 0.923476 0.833611 0.769856 0.765580 0.787372 0.851017 0.958546 0.939163 0.910962 0.990972 0.904792 0.950812 0.832416 0.917726 0.876349 0.959579 0.995798 0.987356 0.964427 0.977276 0.700621 0.627118 0.957779 0.845618 0.678918 0.744540 0.840725 0.768078 0.891274 0.945143 0.764362 0.724550 0.704160 0.805742 0.805929 0.799609 0.852473 0.586584 0.886636 0.985988 0.966119 0.906801 0.864638 0.997496 0.777405 0.768948 0.947157 0.976552 0.805527 0.858752 0.816427 0.716649 0.799897 0.745497 0.893488 0.918658 0.993992 0.808209 0.810424 0.905866 0.946037 0.890079 0.892090 0.879443 0.848738 0.880849 0.796996 0.983339 0.929090 0.958592 0.953320 0.986606 0.980920 0.920123 0.942143 0.992486
0.962041 0.927436 0.975303 0.909691 0.933095 0.863359 0.812622 0.718831 0.969201 0.787215 0.995587 0.883366 0.964422 0.805479 0.756391 0.767099 0.742048 0.772808 0.819612 0.876496 0.994733 0.909640 0.869027 0.895652 0.979700 0.988245 0.971645 0.940857 0.458571 0.561212 0.673620 0.000000 0.728403 0.701435 0.928233 0.873529 0.928844 0.917748 0.964506 0.896813 0.999339 0.877762 0.550728 0.493793 0.681782 0.674982 0.808354 0.869135 0.894336 0.982975 0.968803 0.985752 0.899404 0.971899 0.902545 0.934247 0.734486 0.899803 0.977595 0.904320 0.963376 0.937317 0.841758 0.734352 0.943752 0.967091 0.910970 0.862861 0.902989 0.836051 0.830020 0.804063 0.915788 0.993121 0.927859 0.906100 0.869359 0.627868 0.696010 0.781317 0.692766 0.869492 0.782759 0.788851 0.992613 0.967921 0.996513 0.838147 0.979185 0.977758 0.745138 0.951858 0.870793 0.987778 0.917358 0.903432 0.909335 0.908638 0.701666 0.586194 0.750465 0.835466 0.664914 0.746187 0.909791 0.911230 0.978114 0.916350 0.834833 0.889511 0.790265 0.773917 0.836527 0.930311 0.953326 0.883185
0.428127 0.387784 0.410875 0.446235 0.787382 0.791964 0.307969 0.407627 0.595982 0.788128 0.690281 0.552897 0.400279 0.537131 0.481303 0.534436 0.461953 0.462806 0.470982 0.396046 0.669826 0.953641 0.541842 0.494822 0.478005 0.536193 0.822398 0.784200 0.744818 0.788939 0.657518 0.728403 0.000000 0.341576 0.531508 0.835550 0.452775 0.495103 0.570020 0.717828 0.632910 0.698591 0.434565 0.434246 0.584566 0.615734 0.441607 0.507003 0.820800 0.682738 0.802072 0.716120 0.958881 0.780935 0.415240 0.523769 0.408456 0.385191 0.444259 0.574436 0.376511 0.570026 0.467509 0.447084 0.438643 0.425020 0.368570 0.387050 0.450779 0.529032 0.553967 0.662717 0.802863 0.718433 0.845845 0.783385 0.572477 0.745462 0.528488 0.602887 0.418951 0.440484 0.518816 0.436761 0.367837 0.372132 0.698731 0.562648 0.475562 0.452641 0.842016 0.943160 0.722156 0.816634 0.747556 0.993010 0.630141 0.918760 0.814775 0.807199 0.826093 0.865352 0.925346 0.815092 0.617429 0.630322 0.890227 0.894916 0.905198 0.800973 0.921180 0.776471 0.831836 0.885710 0.771719 0.970868
0.360488 0.371351 0.509391 0.515814 0.778784 0.705450 0.360687 0.418324 0.819038 0.826191 0.509930 0.440633 0.440792 0.465148 0.502282 0.533643 0.452685 0.360781 0.421078 0.382911 0.622167 0.993218 0.659895 0.540954 0.594245 0.662440 0.883425 0.886737 0.655525 0.649908 0.878374 0.701435 0.341576 0.000000 0.524651 0.770502 0.517707 0.535329 0.638684 0.721318 0.577226 0.800138 0.548537 0.475347 0.593404 0.605877 0.422983 0.503210 0.753648 0.693178 0.816848 0.760439 0.998304 0.680811 0.390720 0.479375 0.351662 0.330204 0.400242 0.494956 0.377367 0.560846 0.409542 0.361655 0.521199 0.468854 0.414370 0.445489 0.448589 0.508367 0.732418 0.818346 0.841870 0.646485 0.886913 0.930458 0.794748 0.776853 0.665968 0.544597 0.311734 0.344450 0.429414 0.330993 0.395132 0.411958 0.543665 0.547347 0.465844 0.527778 0.925720 0.998722 0.781913 0.849554 0.819973 0.940603 0.510233 0.950674 0.751627 0.835046 0.885063 0.888716 0.906506 0.798165 0.631218 0.663320 0.928331 0.846215 0.880344 0.775513 0.939359 0.823193 0.913837 0.964310 0.827196 0.942509
0.514782 0.518283 0.354525 0.421779 0.854236 0.879377 0.439429 0.500673 0.653857 0.754349 0.826033 0.617698 0.541688 0.632386 0.669277 0.694718 0.779325 0.719811 0.608118 0.594255 0.596317 0.951223 0.575504 0.486599 0.414094 0.506179 0.747759 0.874877 0.941869 0.957639 0.804228 0.928233 0.531508 0.524651 0.000000 0.875037 0.496718 0.465161 0.453732 0.693352 0.824912 0.891479 0.900307 0.843223 0.790034 0.886486 0.676188 0.715385 0.998777 0.821949 0.936716 0.855960 0.871548 0.709823 0.417529 0.500751 0.682964 0.582041 0.469202 0.554964 0.340379 0.444927 0.774581 0.663254 0.334107 0.337610 0.361102 0.438425 0.516263 0.624558 0.743871 0.795575 0.676086 0.763287 0.997320 0.946965 0.865846 0.947599 0.761862 0.756871 0.693649 0.592870 0.592034 0.599954 0.372939 0.364454 0.749929 0.698305 0.430561 0.455863 0.815256 0.745331 0.925185 0.955070 0.781039 0.962014 0.682641 0.839035 0.895755 0.877116 0.634214 0.834302 0.803271 0.832262 0.675520 0.769828 0.827116 0.889594 0.918551 0.913050 0.868697 0.977064 0.825767 0.887941 0.769082 0.962340
0.791411 0.854982 0.826384 0.788716 0.826070 0.615581 0.795015 0.730523 0.923874 0.989962 0.799902 0.689999 0.887142 0.828312 0.843732 0.881794 0.933982 0.766529 0.866062 0.785788 0.710045 0.896717 0.880537 0.783088 0.769255 0.720978 0.804001 0.721683 0.941179 0.850255 0.922811 0.873529 0.835550 0.770502 0.875037 0.000000 0.874755 0.722632 0.857667 0.916823 0.926009 0.842924 0.961777 0.917733 0.983283 0.952799 0.946654 0.839302 0.884941 0.817550 0.782507 0.791898 0.731329 0.632540 0.787164 0.967192 0.812439 0.866817 0.949837 0.921738 0.847170 0.850264 0.899677 0.991977 0.775457 0.724044 0.849193 0.829438 0.833859 0.764955 0.927252 0.928623 0.910369 0.969360 0.895357 0.992618 0.912107 0.935504 0.920442 0.726524 0.829523 0.831172 0.913698 0.933470 0.807935 0.757536 0.913314 0.885283 0.865499 0.854519 0.848790 0.908347 0.927749 0.979458 0.971918 0.991391 0.868769 0.949308 0.977244 0.998343 0.990518 0.996302 0.933015 0.865723 0.870150 0.909625 0.952261 0.824752 0.969138 0.896764 0.999673 0.889500 0.829585 0.751786 0.738313 0.822823
0.498772 0.504264 0.336320 0.403663 0.669908 0.889921 0.399664 0.513119 0.674620 0.672651 0.821512 0.618737 0.393792 0.698444 0.560139 0.577527 0.685302 0.701463 0.607253 0.520410 0.668093 0.957507 0.446002 0.449843 0.326473 0.414192 0.764362 0.757636 0.993396 0.921764 0.673533 0.928844 0.452775 0.517707 0.496718 0.874755 0.000000 0.534363 0.614954 0.707093 0.647156 0.994883 0.795894 0.731159 0.849725 0.881067 0.635469 0.571317 0.960194 0.741598 0.918924 0.762331 0.999987 0.824221 0.394347 0.620522 0.607036 0.498469 0.459503 0.528813 0.333700 0.519778 0.696133 0.565862 0.330798 0.383194 0.427710 0.536413 0.389499 0.458836 0.661409 0.628009 0.689103 0.547230 0.893866 0.909413 0.758105 0.854492 0.754761 0.764434 0.607836 0.532261 0.601611 0.487659 0.320980 0.345872 0.728988 0.617813 0.447151 0.431902 0.883212 0.911040 0.902112 0.859089 0.719964 0.927562 0.650679 0.869300 0.932131 0.928351 0.662082 0.913369 0.939760 0.869577 0.649344 0.625547 0.923709 0.866150 0.863132 0.790557 0.858461 0.995223 0.959955 0.982461 0.765470 0.915509
0.541358 0.496237 0.419191 0.399177 0.786584 0.848235 0.477844 0.488676 0.712062 0.914861 0.869594 0.555300 0.539586 0.580882 0.546980 0.622047 0.716300 0.608922 0.612606 0.481295 0.634730 0.974048 0.516275 0.444868 0.434595 0.543338 0.608640 0.881505 0.983791 0.975851 0.831270 0.917748 0.495103 0.535329 0.465161 0.722632 0.534363 0.000000 0.533561 0.636196 0.856022 0.629915 0.757999 0.763318 0.794839 0.848019 0.612547 0.706348 0.941810 0.770405 0.897719 0.815249 0.837578 0.682409 0.477987 0.621107 0.578388 0.521669 0.568908 0.634962 0.459762 0.534402 0.748154 0.567300 0.423856 0.443513 0.479452 0.488137 0.525335 0.548996 0.697415 0.705213 0.741347 0.738790 0.930480 0.978020 0.662362 0.902896 0.731188 0.734937 0.621201 0.579806 0.695501 0.620508 0.421917 0.405128 0.671280 0.676894 0.528554 0.459939 0.908915 0.912390 0.756607 0.792560 0.965119 0.902175 0.690165 0.818239 0.855559 0.875111 0.807591 0.976782 0.897757 0.969210 0.579078 0.655472 0.775973 0.990729 0.960996 0.838619 0.891773 0.894895 0.856497 0.938239 0.839260 0.997584
