0.000000 0.366980 0.957329 0.922388 0.887422 0.941146 0.695581 0.507125 0.871768 0.522635 0.334580 0.292185 0.440643 0.559920 0.536505 0.639633 0.360182 0.353411 0.428305 0.415358 0.925940 0.988423 0.458248 0.840655 0.667667 0.703869 0.913790 0.879612 0.324645 0.389149 0.804062 0.689099 0.492295 0.475547 0.843790 0.986628 0.707238 0.873414 0.904142 0.968610 0.638589 0.798452 0.967853 0.832512 0.881090 0.761934 0.771631 0.692620 0.651980 0.691065 0.859452 0.839697 0.889875 0.888818 0.759878 0.733739 0.366780 0.318294 0.518170 0.471743 0.603072 0.552320 0.327859 0.289527 0.839608 0.872152 0.987300 0.954491 0.360080 0.390456 0.630768 0.735963 0.839422 0.839625 0.792598 0.997848 0.683761 0.747147 0.619095 0.437897 0.282197 0.394496 0.727956 0.624004 0.759715 0.871731 0.890361 0.869511 0.780831 0.685261 0.973569 0.889122 0.990954 0.846668 0.763725 0.928285 0.903905 0.868290 0.606650 0.545903 0.881387 0.901860 0.594214 0.627354 0.664834 0.708972 0.936515 0.834178 0.976667 0.859151 0.947565 0.634583 0.557548 0.831214 0.958001 0.750002
0.366980 0.000000 0.735559 0.910368 0.913014 0.925303 0.957767 0.600407 0.949043 0.531610 0.584834 0.376110 0.740253 0.537865 0.560648 0.648189 0.267365 0.256491 0.432110 0.331657 0.866475 0.943395 0.565791 0.912986 0.736663 0.676646 0.968213 0.966695 0.332584 0.319602 0.910241 0.726952 0.609092 0.526904 0.756023 0.990382 0.754356 0.922166 0.950974 0.858853 0.788219 0.670720 0.671043 0.550085 0.666916 0.526268 0.610961 0.489578 0.412927 0.485459 0.649800 0.629875 0.709846 0.952178 0.749294 0.665357 0.248294 0.251327 0.766157 0.676420 0.986389 0.745524 0.503944 0.396147 0.753743 0.763798 0.836109 0.925334 0.487264 0.396121 0.732422 0.934078 0.927360 0.848528 0.842012 0.901292 0.611905 0.620576 0.541273 0.393536 0.285280 0.370053 0.536690 0.548012 0.749453 0.906641 0.813736 0.881688 0.964451 0.860547 0.942698 0.965970 0.939175 0.733597 0.760569 0.928505 0.934170 0.817869 0.661615 0.533433 0.935753 0.973563 0.637790 0.653024 0.776606 0.791011 0.854953 0.900437 0.999815 0.969923 0.904824 0.617972 0.539409 0.701641 0.893255 0.794308
0.957329 0.735559 0.000000 0.436496 0.960464 0.820898 0.440447 0.678182 0.838308 0.846107 0.956164 0.787624 0.947361 0.979416 0.803225 0.924072 0.815221 0.867027 0.950978 0.864099 0.755836 0.996060 0.828547 0.760518 0.697665 0.498115 0.895876 0.972753 0.840406 0.778986 0.675338 0.757589 0.738734 0.802698 0.538737 0.706892 0.852399 0.778665 0.744230 0.966818 0.951624 0.946912 0.908414 0.991537 0.923656 0.954265 0.823673 0.906297 0.678104 0.751035 0.918320 0.817389 0.901286 0.924160 0.788074 0.999485 0.830887 0.806989 0.874024 0.874454 0.649494 0.795447 0.955969 0.906228 0.468098 0.456892 0.360029 0.432710 0.982515 0.873367 0.720470 0.632928 0.800406 0.944475 0.999294 0.892742 0.939157 0.956440 0.941445 0.933615 0.926821 0.992672 0.885718 0.984742 0.829986 0.618599 0.962213 0.913385 0.807624 0.677493 0.642124 0.754321 0.512561 0.482878 0.818057 0.912287 0.687881 0.917670 0.925683 0.880913 0.652941 0.833112 0.938932 0.992730 0.743369 0.807562 0.891258 0.828267 0.966362 0.948581 0.883681 0.995829 0.909418 0.972593 0.991046 0.974382
0.922388 0.910368 0.436496 0.000000 0.963441 0.906967 0.706276 0.668807 0.880954 0.834732 0.932698 0.802709 0.876312 0.817401 0.896666 0.919643 0.918023 0.998547 0.893303 0.954566 0.748445 0.906057 0.761862 0.605815 0.541921 0.458450 0.702984 0.911224 0.904233 0.906932 0.772264 0.631218 0.861801 0.824404 0.647073 0.636959 0.848068 0.843946 0.667412 0.844631 0.886117 0.998220 0.772226 0.853426 0.879885 0.924991 0.642436 0.798390 0.882481 0.961558 0.994683 0.956049 0.984405 0.945085 0.778168 0.935076 0.976256 0.918793 0.895100 0.970464 0.913602 0.978345 0.855405 0.769523 0.533848 0.487149 0.565416 0.579715 0.969822 0.881876 0.747659 0.764994 0.875171 0.974849 0.902024 0.883458 0.807737 0.858896 0.947350 0.872502 0.998092 0.791129 0.864010 0.846607 0.754182 0.536855 0.967315 0.771559 0.926703 0.732762 0.766882 0.907880 0.641031 0.669936 0.858176 0.821897 0.807992 0.879103 0.973721 0.905142 0.820608 0.995773 0.924459 0.988488 0.794854 0.868389 0.849827 0.978145 0.988036 0.976525 0.873328 0.958086 0.882050 0.883383 0.902873 0.952683
0.887422 0.913014 0.960464 0.963441 0.000000 0.990089 0.993618 0.999015 0.908732 0.930881 0.909368 0.894977 0.907196 0.939438 0.925925 0.869415 0.933754 0.936050 0.977222 0.971674 0.975931 0.911350 0.842568 0.882035 0.912800 0.913200 0.740817 0.968582 0.916943 0.978829 0.950232 0.915860 0.981704 0.899770 0.962966 0.880672 0.930573 0.989628 0.906149 0.993920 0.981290 0.929703 0.933439 0.967119 0.998420 0.929500 0.977797 0.931838 0.923785 0.928346 0.926684 0.913069 0.921317 0.985109 0.802051 0.842634 0.912326 0.911073 0.866937 0.844102 0.898916 0.770282 0.935726 0.877017 0.870958 0.836568 0.943316 0.963666 0.931035 0.850214 0.988477 0.998465 0.957926 0.932084 0.913692 0.888689 0.965506 0.860820 0.970531 0.896390 0.865909 0.789144 0.767503 0.881827 0.774966 0.820718 0.768288 0.862303 0.813767 0.762557 0.998538 0.863928 0.983871 0.907779 0.904147 0.917749 0.958794 0.971863 0.998009 0.999989 0.890742 0.886569 0.921654 0.991679 0.903244 0.869689 0.864809 0.772993 0.933331 0.825659 0.940431 0.996691 0.980911 0.911952 0.835963 0.956448
0.941146 0.925303 0.820898 0.906967 0.990089 0.000000 0.846093 0.954267 0.903684 0.957712 0.887669 0.870388 0.672926 0.824778 0.837699 0.655682 0.936389 0.979865 0.891611 0.981727 0.768649 0.874162 0.814067 0.767714 0.975832 0.873352 0.836281 0.699721 0.986624 0.978765 0.974891 0.910487 0.932268 0.884276 0.982735 0.934951 0.945342 0.928826 0.762701 0.847138 0.890696 0.929515 0.840527 0.889762 0.697199 0.707951 0.869718 0.934384 0.780503 0.820024 0.743045 0.782172 0.765565 0.800876 0.856969 0.822193 0.920348 0.935977 0.957262 0.972396 0.895480 0.909777 0.972369 0.999245 0.976202 0.970055 0.932269 0.955764 0.950221 0.917041 0.913312 0.911740 0.945232 0.844866 0.827386 0.940812 0.989477 0.884410 0.968691 0.958032 0.971190 0.894632 0.841292 0.965212 0.913211 0.901775 0.824846 0.739812 0.962129 0.936133 0.913569 0.847483 0.943562 0.842097 0.968607 0.905703 0.997632 0.998497 0.886930 0.987571 0.920012 0.986163 0.983073 0.983401 0.915699 0.962754 0.689052 0.913637 0.904057 0.996137 0.934613 0.988971 0.921635 0.740992 0.855354 0.979276
0.695581 0.957767 0.440447 0.706276 0.993618 0.846093 0.000000 0.413950 0.600851 0.699852 0.671108 0.963880 0.728128 0.977861 0.949649 0.915619 0.887923 0.860324 0.734182 0.877152 0.843350 0.984627 0.635054 0.906434 0.883122 0.852349 0.914428 0.862066 0.782938 0.894347 0.445328 0.644490 0.459395 0.465970 0.610790 0.696975 0.767031 0.826999 0.985884 0.894029 0.855666 0.936338 0.813755 0.805481 0.703612 0.832121 0.775497 0.781135 0.990813 0.996252 0.887436 0.979846 0.936422 0.996331 0.879541 0.957246 0.821976 0.816684 0.471936 0.520412 0.435814 0.722476 0.539618 0.646662 0.828777 0.823399 0.402663 0.469321 0.755978 0.780304 0.549796 0.464710 0.742311 0.824734 0.993838 0.970805 0.741901 0.818445 0.834151 0.892692 0.820692 0.895210 0.871769 0.973024 0.981643 0.990624 0.881726 0.915414 0.722722 0.741898 0.432936 0.506135 0.480761 0.508668 0.713730 0.880931 0.608681 0.785883 0.487009 0.506428 0.503135 0.566788 0.543593 0.587014 0.603503 0.600818 0.971193 0.793178 0.951958 0.889165 0.756742 0.757809 0.882181 0.878855 0.957787 0.911376
0.507125 0.600407 0.678182 0.668807 0.999015 0.954267 0.413950 0.000000 0.797384 0.532905 0.573197 0.721877 0.764038 0.714951 0.926692 0.982466 0.556802 0.567397 0.497625 0.538745 0.996453 0.983966 0.556957 0.892463 0.803298 0.949883 0.937578 0.840928 0.501536 0.586065 0.500083 0.492277 0.457781 0.414816 0.831858 0.761380 0.733831 0.906707 0.950864 0.991428 0.826979 0.781155 0.678577 0.678146 0.573725 0.628967 0.609850 0.656730 0.693072 0.745610 0.767959 0.818026 0.849127 0.978100 0.813366 0.793500 0.505853 0.510678 0.583182 0.536707 0.718478 0.704486 0.489254 0.510464 0.970103 0.984619 0.664213 0.667520 0.597510 0.588171 0.486960 0.568999 0.765257 0.924432 0.940016 0.909804 0.548604 0.694121 0.651445 0.634344 0.548246 0.612409 0.838340 0.758374 0.967723 0.900272 0.874407 0.853350 0.815302 0.777919 0.568270 0.643399 0.627938 0.791400 0.660300 0.822545 0.628695 0.735134 0.446052 0.393581 0.594483 0.664323 0.499469 0.516065 0.601333 0.595479 0.927791 0.857207 0.919718 0.940747 0.649155 0.640106 0.527823 0.670650 0.893153 0.846716
0.871768 0.949043 0.838308 0.880954 0.908732 0.903684 0.600851 0.797384 0.000000 0.667814 0.710313 0.959813 0.659769 0.885746 0.941628 0.824080 0.929316 0.860996 0.997071 0.913340 0.969963 0.996410 0.943865 0.656900 0.728493 0.829478 0.826057 0.921630 0.961374 0.885144 0.867663 0.916267 0.931593 0.846245 0.988333 0.947191 0.805105 0.885901 0.879426 0.908874 0.945494 0.956787 0.854895 0.959928 0.944819 0.934829 0.941713 0.982320 0.930725 0.917964 0.874043 0.932731 0.895804 0.940221 0.884506 0.970243 0.892777 0.998522 0.497562 0.651358 0.563530 0.750709 0.735208 0.797914 0.897097 0.874452 0.865394 0.939873 0.893838 0.819274 0.994976 0.936970 0.895398 0.881371 0.921754 0.953499 0.994110 0.945381 0.990669 0.906029 0.926085 0.793986 0.690165 0.790990 0.815078 0.708405 0.930783 0.787006 0.726256 0.941166 0.834276 0.861070 0.997191 0.765880 0.949090 0.937745 0.975171 0.942377 0.773103 0.812209 0.863101 0.795178 0.676131 0.780982 0.958286 0.927252 0.952827 0.805736 0.857741 0.982643 0.888044 0.996206 0.916003 0.998699 0.737660 0.972075
0.522635 0.531610 0.846107 0.834732 0.930881 0.957712 0.699852 0.532905 0.667814 0.000000 0.548946 0.555755 0.571070 0.746045 0.686340 0.882202 0.569476 0.609143 0.480970 0.515019 0.891486 0.911935 0.656225 0.674212 0.416062 0.503549 0.774852 0.931554 0.473713 0.502720 0.798563 0.754636 0.624744 0.553222 0.696147 0.999771 0.948330 0.859057 0.770662 0.828632 0.998969 0.761941 0.877204 0.790747 0.758597 0.730965 0.840367 0.796711 0.515184 0.621138 0.772434 0.775554 0.829721 0.989284 0.949277 0.959659 0.555633 0.482155 0.507893 0.584911 0.824591 0.945146 0.473628 0.440188 0.466227 0.467283 0.823143 0.776864 0.559944 0.506003 0.745282 0.809999 0.947273 0.991398 0.841908 0.881271 0.666527 0.691271 0.517866 0.626626 0.568072 0.785247 0.976034 0.863944 0.768193 0.471495 0.786214 0.679706 0.876615 0.918149 0.827858 0.684203 0.997863 0.919581 0.854330 0.968454 0.865352 0.817943 0.522799 0.491107 0.851874 0.741603 0.497149 0.552202 0.954719 0.801646 0.895097 0.922930 0.864791 0.923114 0.850130 0.835754 0.642135 0.839591 0.988880 0.926860
0.334580 0.584834 0.956164 0.932698 0.909368 0.887669 0.671108 0.573197 0.710313 0.548946 0.000000 0.481807 0.409268 0.693779 0.732625 0.807947 0.570709 0.586123 0.597749 0.537253 0.864041 0.951444 0.638213 0.819861 0.657368 0.759153 0.875274 0.865250 0.501431 0.558658 0.834644 0.817804 0.593724 0.666521 0.838618 0.941569 0.749198 0.934125 0.990675 0.863522 0.692172 0.770018 0.845045 0.984992 0.983512 0.916192 0.978054 0.921008 0.796011 0.843686 0.998215 0.998043 0.999431 0.800151 0.899767 0.806796 0.599596 0.529971 0.506950 0.524076 0.552069 0.603926 0.460003 0.438834 0.844389 0.893333 0.933790 0.978850 0.432032 0.494960 0.663002 0.706195 0.855012 0.975091 0.779301 0.905939 0.704276 0.821937 0.804240 0.597068 0.483799 0.584149 0.948411 0.749707 0.930026 0.785582 0.878531 0.781799 0.716921 0.764179 0.891035 0.849387 0.901725 0.998488 0.846916 0.975651 0.913158 0.964251 0.657311 0.663204 0.822657 0.823347 0.589458 0.658589 0.750102 0.776951 0.959974 0.968994 0.950125 0.822026 0.956661 0.784487 0.716019 0.908903 0.974080 0.939094
0.292185 0.376110 0.787624 0.802709 0.894977 0.870388 0.963880 0.721877 0.959813 0.555755 0.481807 0.000000 0.421283 0.481142 0.450172 0.489408 0.383171 0.405267 0.510399 0.486309 0.938514 0.953823 0.501125 0.922088 0.714934 0.671240 0.952521 0.986500 0.368912 0.393377 0.992632 0.789268 0.668489 0.621076 0.719716 0.822095 0.827548 0.966919 0.926825 0.973022 0.748682 0.865024 0.969647 0.860394 0.972109 0.828754 0.840368 0.738058 0.655663 0.683880 0.863988 0.807705 0.903268 0.935393 0.766024 0.773439 0.457199 0.390647 0.689277 0.598349 0.742127 0.619004 0.413083 0.365450 0.796756 0.822116 0.773717 0.839694 0.432350 0.422909 0.797243 0.955814 0.858312 0.791742 0.734348 0.952617 0.777129 0.788213 0.586246 0.406032 0.304222 0.388447 0.664002 0.612967 0.696687 0.911016 0.903842 0.982633 0.873615 0.743902 0.794856 0.902287 0.772372 0.596832 0.826425 0.997869 0.952006 0.989763 0.860184 0.721415 0.921097 0.936974 0.783317 0.845865 0.822455 0.823413 0.996432 0.742962 0.989509 0.940157 0.935711 0.745115 0.617887 0.918219 0.952982 0.784878
0.440643 0.740253 0.947361 0.876312 0.907196 0.672926 0.728128 0.764038 0.659769 0.571070 0.409268 0.421283 0.000000 0.629318 0.592883 0.549683 0.715589 0.770216 0.670890 0.773728 0.960973 0.958271 0.547711 0.973455 0.689338 0.773323 0.970332 0.968683 0.583814 0.647729 0.954997 0.835564 0.705807 0.700176 0.765111 0.856312 0.830803 0.905164 0.954837 0.894947 0.785262 0.999779 0.750656 0.907916 0.779014 0.947755 0.981805 0.982350 0.926939 0.892157 0.973983 0.995463 0.968161 0.893446 0.866806 0.906312 0.816979 0.692711 0.558959 0.592445 0.499806 0.651528 0.479645 0.510361 0.879173 0.884816 0.907202 0.898347 0.531161 0.571532 0.806808 0.871694 0.845769 0.895911 0.838223 0.996006 0.893764 0.893389 0.741452 0.659979 0.603086 0.675901 0.997000 0.810793 0.861573 0.866119 0.895311 0.997444 0.672007 0.813457 0.915753 0.971134 0.822533 0.867276 0.879674 0.979985 0.998492 0.944110 0.864108 0.826430 0.927120 0.948890 0.758044 0.841506 0.905404 0.884034 0.877042 0.777058 0.900333 0.784276 0.877916 0.959938 0.850406 0.901186 0.996636 0.879540
0.559920 0.537865 0.979416 0.817401 0.939438 0.824778 0.977861 0.714951 0.885746 0.746045 0.693779 0.481142 0.629318 0.000000 0.442962 0.418330 0.590025 0.563324 0.464187 0.484603 0.976541 0.920635 0.484540 0.713961 0.948302 0.938696 0.977156 0.973283 0.537460 0.518932 0.952329 0.566720 0.758726 0.676881 0.786256 0.983088 0.875158 0.883685 0.877632 0.793088 0.883920 0.922744 0.852566 0.812975 0.906832 0.897105 0.711270 0.725543 0.823361 0.846673 0.994303 0.942984 0.990865 0.872717 0.730462 0.832232 0.643139 0.641201 0.965090 0.963679 0.954883 0.897933 0.770546 0.738469 0.992532 0.984913 0.779968 0.901721 0.559864 0.640562 0.911243 0.948956 0.839103 0.948191 0.870968 0.995555 0.677105 0.691403 0.699719 0.517108 0.492644 0.375796 0.606249 0.582635 0.641690 0.846905 0.871567 0.781776 0.974119 0.849993 0.815087 0.865627 0.796721 0.676237 0.725734 0.885037 0.999362 0.837068 0.990214 0.804181 0.843845 0.868990 0.882080 0.883506 0.864216 0.882483 0.830922 0.721879 0.939011 0.931819 0.891199 0.847484 0.671270 0.912865 0.904398 0.856597
0.536505 0.560648 0.803225 0.896666 0.925925 0.837699 0.949649 0.926692 0.941628 0.686340 0.732625 0.450172 0.592883 0.442962 0.000000 0.508288 0.593443 0.579370 0.546289 0.562299 0.931773 0.940436 0.633530 0.895539 0.778137 0.766612 0.916115 0.942966 0.551985 0.515094 0.992018 0.784695 0.836951 0.742432 0.694460 0.889956 0.892028 0.954199 0.996569 0.927982 0.790822 0.995983 0.980897 0.883736 0.838655 0.977891 0.867225 0.779128 0.791478 0.807187 0.989034 0.953580 0.957425 0.858120 0.869754 0.929551 0.687069 0.657525 0.870977 0.864277 0.975344 0.921676 0.733282 0.673877 0.804864 0.808576 0.702468 0.751371 0.449102 0.611226 0.969128 0.898948 0.926310 0.892450 0.888805 0.993110 0.836742 0.784570 0.556956 0.564132 0.519968 0.514166 0.708349 0.635102 0.763497 0.997587 0.986235 0.837170 0.889472 0.862914 0.747545 0.884142 0.657260 0.644194 0.847535 0.914746 0.935397 0.869533 0.999732 0.811933 0.858661 0.791671 0.869004 0.907414 0.921520 0.976529 0.990392 0.657571 0.985099 0.935643 0.772679 0.885314 0.860941 0.988477 0.840817 0.905350
0.639633 0.648189 0.924072 0.919643 0.869415 0.655682 0.915619 0.982466 0.824080 0.882202 0.807947 0.489408 0.549683 0.418330 0.508288 0.000000 0.660476 0.656743 0.603861 0.650398 0.875017 0.931362 0.528414 0.615550 0.896282 0.999599 0.857603 0.783675 0.657702 0.600985 0.912590 0.746871 0.847489 0.730958 0.754130 0.829518 0.941574 0.865806 0.802473 0.817980 0.955986 0.968760 0.930199 0.827753 0.798111 0.966143 0.800884 0.765158 0.912806 0.798550 0.967390 0.885266 0.974379 0.988792 0.705315 0.904439 0.762895 0.709028 0.999170 0.959806 0.987293 0.912629 0.807585 0.792360 0.956836 0.939855 0.753085 0.845016 0.677160 0.680085 0.952530 0.937453 0.862075 0.857797 0.874661 0.899604 0.872321 0.792477 0.722574 0.556007 0.611641 0.480719 0.732460 0.620797 0.621509 0.737752 0.796237 0.759093 0.999576 0.824152 0.673339 0.836394 0.701594 0.636786 0.885586 0.936920 0.955487 0.906730 0.904074 0.929655 0.807849 0.808786 0.975516 0.917679 0.923445 0.910914 0.832890 0.649005 0.874379 0.875982 0.787775 0.951839 0.813160 0.987445 0.867347 0.948483
0.360182 0.267365 0.815221 0.918023 0.933754 0.936389 0.887923 0.556802 0.929316 0.569476 0.570709 0.383171 0.715589 0.590025 0.593443 0.660476 0.000000 0.264003 0.431756 0.341029 0.873381 0.957561 0.553041 0.890061 0.742926 0.692016 0.966172 0.994153 0.320146 0.308041 0.774075 0.680125 0.555651 0.499203 0.826671 0.946220 0.820705 0.931587 0.903442 0.885641 0.764889 0.718017 0.670892 0.598984 0.679251 0.586765 0.644506 0.551215 0.485660 0.535155 0.700589 0.680455 0.775634 0.958155 0.761005 0.761311 0.277306 0.281485 0.728170 0.633796 0.911696 0.765145 0.449551 0.373275 0.774987 0.805454 0.903291 0.980557 0.510401 0.391165 0.621985 0.807200 0.839295 0.785751 0.824007 0.941207 0.618838 0.647730 0.494328 0.420217 0.280003 0.390655 0.609965 0.572846 0.792007 0.898584 0.823495 0.850461 0.913762 0.848989 0.981696 0.906252 0.994787 0.767393 0.755816 0.922539 0.932458 0.878396 0.653287 0.493279 0.930493 0.924738 0.624558 0.641669 0.742561 0.711247 0.901079 0.899989 0.958964 0.989125 0.924573 0.622068 0.541047 0.716047 0.892324 0.792547
0.353411 0.256491 0.867027 0.998547 0.936050 0.979865 0.860324 0.567397 0.860996 0.609143 0.586123 0.405267 0.770216 0.563324 0.579370 0.656743 0.264003 0.000000 0.408437 0.305724 0.901717 0.906109 0.491683 0.984709 0.822869 0.794149 0.963670 0.999355 0.334635 0.303130 0.763601 0.626213 0.514744 0.440603 0.885529 0.950480 0.737828 0.888824 0.987787 0.866420 0.711414 0.733631 0.632444 0.534382 0.649589 0.567251 0.618321 0.493673 0.514885 0.561553 0.720362 0.705272 0.764723 0.972375 0.723416 0.728288 0.242094 0.264727 0.769409 0.671863 0.940774 0.781391 0.472011 0.387638 0.837997 0.855963 0.974168 0.938061 0.484965 0.445362 0.631947 0.771961 0.802611 0.741161 0.885311 0.889401 0.571196 0.588348 0.535808 0.365177 0.258707 0.333770 0.530031 0.518216 0.723680 0.992833 0.802346 0.944844 0.951276 0.806596 0.926293 0.878065 0.909820 0.802981 0.684905 0.935643 0.906599 0.768704 0.643619 0.515467 0.985196 0.910628 0.641480 0.655348 0.667868 0.698519 0.883607 0.883885 0.949642 0.968640 0.867623 0.571260 0.507509 0.674220 0.932675 0.752127
0.428305 0.432110 0.950978 0.893303 0.977222 0.891611 0.734182 0.497625 0.997071 0.480970 0.597749 0.510399 0.670890 0.464187 0.546289 0.603861 0.431756 0.408437 0.000000 0.327993 0.971624 0.888008 0.462583 0.968485 0.767421 0.735325 0.936741 0.988666 0.357589 0.377534 0.685937 0.498560 0.487469 0.400757 0.777794 0.893890 0.793409 0.966990 0.981837 0.983242 0.880945 0.738698 0.702997 0.647659 0.808961 0.721961 0.618169 0.606503 0.610485 0.657340 0.834822 0.815369 0.924574 0.921880 0.874607 0.905279 0.410780 0.443638 0.714465 0.712758 0.972099 0.990685 0.532975 0.532841 0.744948 0.748291 0.920817 0.903211 0.491115 0.475252 0.669100 0.791895 0.844403 0.878001 0.859102 0.927261 0.632269 0.582512 0.577949 0.473919 0.432196 0.457276 0.763752 0.713747 0.908646 0.853540 0.727401 0.965909 0.965994 0.944561 0.912417 0.761949 0.995297 0.871832 0.866270 0.799398 0.941266 0.760299 0.630997 0.483391 0.904672 0.891231 0.587241 0.601293 0.825371 0.773322 0.989206 0.880224 0.974721 0.996033 0.911299 0.702721 0.478928 0.711014 0.954709 0.818933
0.415358 0.331657 0.864099 0.954566 0.971674 0.981727 0.877152 0.538745 0.913340 0.515019 0.537253 0.486309 0.773728 0.484603 0.562299 0.650398 0.341029 0.305724 0.327993 0.000000 0.866077 0.838101 0.522467 0.995444 0.714594 0.703018 0.842133 0.999919 0.363922 0.309260 0.799272 0.575261 0.593043 0.493247 0.750524 0.937018 0.811790 0.980948 0.953781 0.962126 0.826905 0.683876 0.713647 0.664489 0.797525 0.747826 0.742945 0.629773 0.597954 0.661704 0.908373 0.884678 0.927995 0.860488 0.909011 0.905033 0.320458 0.354004 0.798131 0.765550 0.942735 0.952221 0.612874 0.504861 0.691302 0.730634 0.854914 0.894626 0.501279 0.487143 0.671656 0.826447 0.904716 0.975366 0.846298 0.903592 0.549402 0.572356 0.568658 0.449472 0.371261 0.422014 0.714092 0.633194 0.948970 0.830103 0.728487 0.838604 0.931111 0.930892 0.952866 0.796754 0.951754 0.825884 0.755851 0.888352 0.937309 0.755198 0.655999 0.488179 0.987139 0.890358 0.595710 0.589195 0.793447 0.776420 0.955038 0.970639 0.961808 0.947618 0.895501 0.679042 0.527631 0.707730 0.942305 0.844101
0.925940 0.866475 0.755836 0.748445 0.975931 0.768649 0.843350 0.996453 0.969963 0.891486 0.864041 0.938514 0.960973 0.976541 0.931773 0.875017 0.873381 0.901717 0.971624 0.866077 0.000000 0.901878 0.862635 0.729192 0.722432 0.706401 0.791133 0.862075 0.822797 0.822439 0.996864 0.916361 0.984062 0.951720 0.774249 0.819703 0.971586 0.900031 0.723918 0.952877 0.945099 0.840175 0.980328 0.999773 0.980128 0.928971 0.866353 0.956938 0.829271 0.885902 0.894150 0.862965 0.864978 0.862027 0.969257 0.997500 0.971115 0.888305 0.981471 0.977106 0.962789 0.992197 0.944214 0.864105 0.707945 0.730028 0.767672 0.827348 0.894486 0.975650 0.938444 0.944591 0.966140 0.999794 0.967853 0.937667 0.897641 0.904195 0.915997 0.924730 0.915450 0.968256 0.963022 0.896597 0.847650 0.728472 0.876636 0.787638 0.991485 0.924730 0.906589 0.997910 0.822453 0.826982 0.958341 0.698887 0.969529 0.897497 0.885305 0.995825 0.949781 0.892666 0.899676 0.906543 0.907521 0.864786 0.769731 0.933173 0.917846 0.859263 0.918395 0.862218 0.912603 0.899268 0.990599 0.899182
0.988423 0.943395 0.996060 0.906057 0.911350 0.874162 0.984627 0.983966 0.996410 0.911935 0.951444 0.953823 0.958271 0.920635 0.940436 0.931362 0.957561 0.906109 0.888008 0.838101 0.901878 0.000000 0.992693 0.948738 0.973165 0.985204 0.862163 0.817403 0.956938 0.909689 0.887246 0.893469 0.955459 0.913022 0.989027 0.896932 0.907254 0.718372 0.892126 0.978934 0.919549 0.816458 0.928520 0.940847 0.990775 0.936699 0.974565 0.968736 0.978707 0.964146 0.929805 0.942583 0.961898 0.956629 0.972894 0.804589 0.951321 0.998306 0.998931 0.829021 0.834333 0.771206 0.972054 0.969045 0.880288 0.885213 0.942253 0.907771 0.900052 0.959187 0.947608 0.939435 0.927061 0.935400 0.908577 0.874839 0.979233 0.881625 0.926755 0.955183 0.933841 0.931148 0.999329 0.917668 0.891704 0.950822 0.886459 0.794582 0.989197 0.934845 0.893253 0.852067 0.939077 0.907470 0.976856 0.932739 0.893940 0.790776 0.961137 0.931800 0.959664 0.933061 0.725673 0.752168 0.991965 0.956788 0.962648 0.971929 0.972688 0.924414 0.958601 0.978184 0.989001 0.882661 0.943668 0.800994
0.458248 0.565791 0.828547 0.761862 0.842568 0.814067 0.635054 0.556957 0.943865 0.656225 0.638213 0.501125 0.547711 0.484540 0.633530 0.528414 0.553041 0.491683 0.462583 0.522467 0.862635 0.992693 0.000000 0.768604 0.886383 0.976814 0.955905 0.988894 0.493783 0.482825 0.666533 0.476680 0.486948 0.450485 0.978160 0.991589 0.806030 0.965185 0.949939 0.988622 0.894088 0.852263 0.796697 0.719398 0.882591 0.809966 0.683594 0.650853 0.798838 0.782056 0.876921 0.849577 0.897411 0.996050 0.751334 0.883324 0.513404 0.518284 0.754876 0.665547 0.748986 0.816731 0.507254 0.517719 0.997687 0.996755 0.919834 0.871900 0.570511 0.580222 0.609223 0.708396 0.740001 0.733727 0.958806 0.922448 0.667435 0.684743 0.567825 0.479820 0.441978 0.451744 0.736026 0.669922 0.697133 0.903963 0.844992 0.901569 0.991026 0.774289 0.858797 0.819242 0.870060 0.871108 0.692273 0.884537 0.839895 0.843007 0.717116 0.613524 0.910825 0.959483 0.714072 0.701130 0.738868 0.738363 0.979397 0.807677 0.959468 0.849785 0.908497 0.804677 0.589949 0.911891 0.865967 0.732723
0.840655 0.912986 0.760518 0.605815 0.882035 0.767714 0.906434 0.892463 0.656900 0.674212 0.819861 0.922088 0.973455 0.713961 0.895539 0.615550 0.890061 0.984709 0.968485 0.995444 0.729192 0.948738 0.768604 0.000000 0.530209 0.558339 0.704836 0.840475 0.807289 0.945582 0.904728 0.821817 0.931856 0.939416 0.887941 0.992585 0.945782 0.817512 0.543063 0.795407 0.984278 0.816766 0.950543 0.990261 0.792146 0.850369 0.909128 0.954496 0.777193 0.824017 0.783250 0.783219 0.792635 0.834046 0.865393 0.926931 0.873900 0.830081 0.605028 0.680175 0.774253 0.877204 0.683284 0.689907 0.614240 0.595991 0.960780 0.891183 0.896237 0.835351 0.938065 0.901237 0.958816 0.973672 0.874039 0.978773 0.943747 0.959481 0.949578 0.939317 0.948320 0.778114 0.815026 0.694668 0.652818 0.480503 0.957929 0.558543 0.918991 0.880150 0.906121 0.862094 0.993741 0.940288 0.910187 0.980936 0.948242 0.926364 0.694532 0.804910 0.835957 0.734978 0.680007 0.647947 0.950728 0.917322 0.786295 0.775242 0.918175 0.992003 0.818160 0.815867 0.876445 0.844357 0.711313 0.975571
0.667667 0.736663 0.697665 0.541921 0.912800 0.975832 0.883122 0.803298 0.728493 0.416062 0.657368 0.714934 0.689338 0.948302 0.778137 0.896282 0.742926 0.822869 0.767421 0.714594 0.722432 0.973165 0.886383 0.530209 0.000000 0.357542 0.594280 0.841991 0.627748 0.651708 0.923198 0.961484 0.878133 0.835613 0.633356 0.821730 0.978740 0.837000 0.615659 0.671145 0.928991 0.863585 0.875090 0.933373 0.987614 0.972633 0.812286 0.883484 0.775476 0.892738 0.989843 0.969188 0.995264 0.948614 0.781370 0.865955 0.738980 0.664812 0.629897 0.719196 0.798297 0.981415 0.634508 0.545666 0.359331 0.362962 0.714680 0.679854 0.759406 0.684367 0.850778 0.902690 0.955447 0.926677 0.890092 0.843138 0.912818 0.822568 0.744309 0.910165 0.784189 0.952462 0.857686 0.944141 0.563298 0.322900 0.865761 0.627593 0.928429 0.737989 0.890046 0.735085 0.912625 0.888158 0.881657 0.984825 0.962953 0.904163 0.609079 0.718308 0.900730 0.781159 0.573099 0.615600 0.943761 0.898133 0.880008 0.881199 0.828224 0.863559 0.950347 0.806390 0.830895 0.970419 0.974207 0.886008
0.703869 0.676646 0.498115 0.458450 0.913200 0.873352 0.852349 0.949883 0.829478 0.503549 0.759153 0.671240 0.773323 0.938696 0.766612 0.999599 0.692016 0.794149 0.735325 0.703018 0.706401 0.985204 0.976814 0.558339 0.357542 0.000000 0.656465 0.833180 0.675022 0.671274 0.869222 0.932479 0.998221 0.971874 0.524517 0.797527 0.952854 0.810855 0.593261 0.760974 0.985561 0.944803 0.874974 0.905448 0.950763 0.980126 0.844223 0.940187 0.722201 0.821184 0.982080 0.921699 0.985601 0.957629 0.781745 0.868633 0.725468 0.633676 0.772736 0.803016 0.992516 0.958320 0.725951 0.607670 0.331426 0.332096 0.512891 0.525481 0.843904 0.759525 0.989662 0.912393 0.818473 0.817587 0.862215 0.822313 0.943529 0.862307 0.814792 0.907438 0.797802 0.969078 0.914737 0.963638 0.615149 0.335573 0.911891 0.631141 0.997290 0.696997 0.884193 0.972117 0.727217 0.667582 0.899871 0.947241 0.847866 0.998182 0.747238 0.809618 0.982888 0.981463 0.733364 0.757293 0.851785 0.966811 0.871037 0.954578 0.836346 0.998686 0.982395 0.854731 0.829314 0.969033 0.904806 0.944026
0.913790 0.968213 0.895876 0.702984 0.740817 0.836281 0.914428 0.937578 0.826057 0.774852 0.875274 0.952521 0.970332 0.977156 0.916115 0.857603 0.966172 0.963670 0.936741 0.842133 0.791133 0.862163 0.955905 0.704836 0.594280 0.656465 0.000000 0.743791 0.894370 0.828237 0.837427 0.951792 0.981130 0.902014 0.932266 0.953974 0.868603 0.964286 0.742462 0.854166 0.939986 0.910325 0.906108 0.954352 0.952824 0.884903 0.805946 0.895972 0.866569 0.897086 0.916328 0.925331 0.956716 0.986634 0.848803 0.767481 0.949546 0.926309 0.902045 0.958036 0.882342 0.954504 0.857986 0.829462 0.662414 0.683637 0.870388 0.911510 0.871788 0.976950 0.914779 0.865446 0.863652 0.971141 0.937842 0.882847 0.941791 0.913857 0.993553 0.991638 0.974080 0.870199 0.792514 0.893910 0.637192 0.603562 0.888770 0.627348 0.973095 0.784435 0.929043 0.896929 0.938362 0.908049 0.868233 0.934213 0.951913 0.877139 0.826259 0.928673 0.859664 0.875991 0.681017 0.781945 0.956404 0.861587 0.857314 0.825036 0.753037 0.888477 0.873214 0.909294 0.984816 0.895285 0.984154 0.926040
0.879612 0.966695 0.972753 0.911224 0.968582 0.699721 0.862066 0.840928 0.921630 0.931554 0.865250 0.986500 0.968683 0.973283 0.942966 0.783675 0.994153 0.999355 0.988666 0.999919 0.862075 0.817403 0.988894 0.840475 0.841991 0.833180 0.743791 0.000000 0.915602 0.989602 0.886891 0.988425 0.981637 0.977842 0.982597 0.930375 0.958304 0.901096 0.685042 0.953029 0.856329 0.831761 0.940508 0.905966 0.973843 0.984538 0.844183 0.984499 0.965190 0.989010 0.999820 0.988677 0.978020 0.999640 0.958233 0.944096 0.953368 0.943611 0.936355 0.806264 0.822857 0.845862 0.916937 0.882529 0.974076 0.988841 0.994763 0.893607 0.997469 0.908682 0.979692 0.827743 0.982050 0.863859 0.873385 0.989423 0.903700 0.971758 0.942255 0.995787 0.995826 0.950899 0.950616 0.901853 0.917190 0.853507 0.787763 0.956681 0.870238 0.954176 0.962270 0.872882 0.957258 0.899487 0.770002 0.865696 0.954723 0.877240 0.897457 0.993938 0.889800 0.933036 0.843444 0.907855 0.969538 0.921180 0.882860 0.985718 0.847633 0.791188 0.955808 0.938712 0.971078 0.957788 0.899443 0.848787
0.324645 0.332584 0.840406 0.904233 0.916943 0.986624 0.782938 0.501536 0.961374 0.473713 0.501431 0.368912 0.583814 0.537460 0.551985 0.657702 0.320146 0.334635 0.357589 0.363922 0.822797 0.956938 0.493783 0.807289 0.627748 0.675022 0.894370 0.915602 0.000000 0.286585 0.683409 0.616038 0.502862 0.415337 0.814198 0.906262 0.691526 0.992658 0.841409 0.984815 0.728815 0.699922 0.730345 0.619843 0.751688 0.649103 0.732036 0.589821 0.541539 0.580648 0.747015 0.726286 0.831826 0.962276 0.751667 0.759285 0.351684 0.336085 0.632869 0.597001 0.810422 0.760958 0.395918 0.342256 0.701291 0.722991 0.892817 0.964720 0.438521 0.368256 0.657160 0.841674 0.739972 0.737486 0.875679 0.895275 0.594413 0.623165 0.526205 0.457593 0.310285 0.414640 0.688335 0.632695 0.860484 0.836275 0.769898 0.897257 0.854171 0.855019 0.958814 0.826326 0.942887 0.794540 0.727721 0.884415 0.904872 0.830875 0.594313 0.517315 0.923610 0.799578 0.551280 0.591253 0.773720 0.774926 0.929538 0.907315 0.960668 0.861411 0.877650 0.560542 0.465986 0.672264 0.922388 0.761004
0.389149 0.319602 0.778986 0.906932 0.978829 0.978765 0.894347 0.586065 0.885144 0.502720 0.558658 0.393377 0.647729 0.518932 0.515094 0.600985 0.308041 0.303130 0.377534 0.309260 0.822439 0.909689 0.482825 0.945582 0.651708 0.671274 0.828237 0.989602 0.286585 0.000000 0.731103 0.587565 0.533274 0.444296 0.754343 0.952909 0.756464 0.992333 0.937391 0.943046 0.787631 0.689038 0.699790 0.602937 0.783750 0.695261 0.742078 0.600690 0.582168 0.609739 0.786772 0.740466 0.845683 0.950503 0.827143 0.871242 0.351908 0.338824 0.797450 0.733248 0.928890 0.882375 0.469334 0.384515 0.661712 0.696261 0.804748 0.904764 0.448349 0.412095 0.683939 0.841527 0.714348 0.714561 0.924729 0.856790 0.596817 0.548191 0.443321 0.432336 0.320681 0.407791 0.655487 0.635268 0.911236 0.823526 0.720194 0.856422 0.989167 0.980614 0.985750 0.827655 0.925781 0.719990 0.691211 0.898482 0.904133 0.759937 0.637550 0.529320 0.936378 0.871134 0.583950 0.626640 0.842119 0.736384 0.879858 0.951826 0.960756 0.860462 0.907985 0.605982 0.495484 0.626134 0.976393 0.837169
0.804062 0.910241 0.675338 0.772264 0.950232 0.974891 0.445328 0.500083 0.867663 0.798563 0.834644 0.992632 0.954997 0.952329 0.992018 0.912590 0.774075 0.763601 0.685937 0.799272 0.996864 0.887246 0.666533 0.904728 0.923198 0.869222 0.837427 0.886891 0.683409 0.731103 0.000000 0.557860 0.482121 0.423716 0.695440 0.825873 0.766778 0.870945 0.905886 0.891919 0.908010 0.900532 0.596690 0.599367 0.553187 0.658598 0.713187 0.694918 0.861310 0.829471 0.721731 0.774865 0.784310 0.754168 0.863276 0.973343 0.786251 0.827201 0.712123 0.743111 0.737587 0.976863 0.609147 0.715026 0.973893 0.976246 0.626981 0.586977 0.798286 0.840263 0.556364 0.552052 0.588102 0.692777 0.874021 0.956950 0.709589 0.786359 0.745424 0.822326 0.805033 0.877910 0.924223 0.937016 0.960850 0.998888 0.816807 0.917994 0.868479 0.915524 0.544432 0.609953 0.669015 0.800758 0.700979 0.918298 0.785655 0.806761 0.532404 0.524839 0.679898 0.621743 0.549648 0.554201 0.767306 0.675049 0.891625 0.831184 0.979840 0.978416 0.615318 0.706737 0.678435 0.714676 0.906680 0.883389
0.689099 0.726952 0.757589 0.631218 0.915860 0.910487 0.644490 0.492277 0.916267 0.754636 0.817804 0.789268 0.835564 0.566720 0.784695 0.746871 0.680125 0.626213 0.498560 0.575261 0.916361 0.893469 0.476680 0.821817 0.961484 0.932479 0.951792 0.988425 0.616038 0.587565 0.557860 0.000000 0.556192 0.496847 0.922792 0.863547 0.700645 0.996369 0.992693 0.903306 0.962672 0.781804 0.658945 0.668810 0.788335 0.816577 0.611169 0.718342 0.886649 0.932624 0.941617 0.945584 0.980776 0.968291 0.776301 0.959956 0.657308 0.726661 0.920089 0.902399 0.954440 0.979809 0.682638 0.757838 0.974497 0.973137 0.864627 0.830698 0.704489 0.726554 0.653927 0.664830 0.712671 0.761111 0.972735 0.929460 0.709403 0.725588 0.642866 0.695824 0.618379 0.576900 0.805475 0.749785 0.863349 0.920968 0.811911 0.906891 0.968428 0.932733 0.744143 0.705997 0.807662 0.924764 0.781005 0.866112 0.822501 0.762365 0.726917 0.640680 0.838703 0.831386 0.662776 0.641402 0.811207 0.664960 0.881169 0.989229 0.971759 0.856317 0.752336 0.655003 0.580531 0.775543 0.993539 0.906736
0.492295 0.609092 0.738734 0.861801 0.981704 0.932268 0.459395 0.457781 0.931593 0.624744 0.593724 0.668489 0.705807 0.758726 0.836951 0.847489 0.555651 0.514744 0.487469 0.593043 0.984062 0.955459 0.486948 0.931856 0.878133 0.998221 0.981130 0.981637 0.502862 0.533274 0.482121 0.556192 0.000000 0.348057 0.839539 0.775545 0.685431 0.794337 0.937654 0.986049 0.850730 0.784861 0.635469 0.598511 0.583551 0.611557 0.551274 0.571424 0.696996 0.719390 0.713836 0.764531 0.833021 0.944905 0.656991 0.798544 0.529629 0.530573 0.558251 0.560950 0.611548 0.734876 0.394957 0.474451 0.952903 0.981782 0.652678 0.637474 0.543908 0.573849 0.562984 0.636909 0.670405 0.615670 0.950514 0.953178 0.640706 0.740110 0.672751 0.649475 0.498452 0.583104 0.821114 0.795518 0.777563 0.977331 0.810689 0.902136 0.785609 0.712180 0.669311 0.634394 0.705471 0.892001 0.780424 0.930634 0.757647 0.679907 0.504337 0.440163 0.692328 0.680497 0.545645 0.602911 0.598433 0.587988 0.913183 0.915695 0.948563 0.928330 0.744306 0.601623 0.621502 0.735765 0.916052 0.908908
0.475547 0.526904 0.802698 0.824404 0.899770 0.884276 0.465970 0.414816 0.846245 0.553222 0.666521 0.621076 0.700176 0.676881 0.742432 0.730958 0.499203 0.440603 0.400757 0.493247 0.951720 0.913022 0.450485 0.939416 0.835613 0.971874 0.902014 0.977842 0.415337 0.444296 0.423716 0.496847 0.348057 0.000000 0.895350 0.860823 0.663192 0.869852 0.990499 0.936733 0.828252 0.812597 0.554515 0.478549 0.587837 0.572655 0.573790 0.456233 0.649335 0.609749 0.662581 0.699996 0.773364 0.878083 0.725237 0.831739 0.471700 0.473199 0.577227 0.582299 0.719662 0.822377 0.411992 0.462937 0.947414 0.927655 0.770044 0.710122 0.569194 0.522851 0.609137 0.629434 0.705304 0.693316 0.975545 0.881285 0.627005 0.597599 0.585925 0.520283 0.481820 0.557933 0.747561 0.720767 0.832557 0.996280 0.699333 0.945001 0.868312 0.825932 0.723413 0.646014 0.811900 0.941863 0.603256 0.876644 0.805077 0.683768 0.493261 0.402917 0.811124 0.687444 0.492631 0.538564 0.627488 0.570675 0.928167 0.925715 0.983356 0.892089 0.767962 0.591265 0.557261 0.656260 0.931720 0.782432
0.843790 0.756023 0.538737 0.647073 0.962966 0.982735 0.610790 0.831858 0.988333 0.696147 0.838618 0.719716 0.765111 0.786256 0.694460 0.754130 0.826671 0.885529 0.777794 0.750524 0.774249 0.989027 0.978160 0.887941 0.633356 0.524517 0.932266 0.982597 0.814198 0.754343 0.695440 0.922792 0.839539 0.895350 0.000000 0.720104 0.848765 0.744041 0.833667 0.967007 0.957071 0.885550 0.805458 0.878168 0.760046 0.937330 0.884618 0.911425 0.763503 0.845566 0.956580 0.959116 0.989276 0.903297 0.837340 0.977534 0.891947 0.828287 0.953437 0.916176 0.765212 0.808791 0.992189 0.904930 0.538350 0.511485 0.392458 0.357599 0.870193 0.779769 0.812433 0.709241 0.776237 0.839436 0.806171 0.928146 0.954678 0.959004 0.875613 0.872680 0.896140 0.940193 0.938686 0.960086 0.837263 0.673910 0.911793 0.885305 0.965023 0.700713 0.544208 0.830789 0.538248 0.562647 0.837387 0.930071 0.717629 0.902888 0.875811 0.893550 0.715892 0.812463 0.993375 0.935670 0.669200 0.764183 0.967975 0.774984 0.954666 0.981232 0.845820 0.818859 0.879425 0.898703 0.970717 0.966175
0.986628 0.990382 0.706892 0.636959 0.880672 0.934951 0.696975 0.761380 0.947191 0.999771 0.941569 0.822095 0.856312 0.983088 0.889956 0.829518 0.946220 0.950480 0.893890 0.937018 0.819703 0.896932 0.991589 0.992585 0.821730 0.797527 0.953974 0.930375 0.906262 0.952909 0.825873 0.863547 0.775545 0.860823 0.720104 0.000000 0.762479 0.646717 0.903037 0.996228 0.956438 0.924371 0.815419 0.884188 0.713968 0.858122 0.726941 0.869275 0.965572 0.995427 0.950960 0.996478 0.947618 0.960972 0.949876 0.994951 0.928348 0.950463 0.917638 0.943460 0.966324 0.916457 0.989623 0.970899 0.775551 0.769376 0.593901 0.666496 0.863873 0.986679 0.795806 0.880137 0.986605 0.989027 0.963524 0.754072 0.827155 0.892470 0.996663 0.985151 0.999060 0.942108 0.972503 0.947442 0.965571 0.866345 0.981383 0.900740 0.952040 0.745454 0.746578 0.818370 0.652378 0.667548 0.979207 0.845530 0.861498 0.756565 0.760318 0.711142 0.905213 0.794888 0.907525 0.750231 0.822898 0.898394 0.953366 0.793567 0.977663 0.975146 0.835116 0.832001 0.853714 0.836073 0.867395 0.881839
0.707238 0.754356 0.852399 0.848068 0.930573 0.945342 0.767031 0.733831 0.805105 0.948330 0.749198 0.827548 0.830803 0.875158 0.892028 0.941574 0.820705 0.737828 0.793409 0.811790 0.971586 0.907254 0.806030 0.945782 0.978740 0.952854 0.868603 0.958304 0.691526 0.756464 0.766778 0.700645 0.685431 0.663192 0.848765 0.762479 0.000000 0.710812 0.892626 0.892424 0.672047 0.872110 0.863952 0.720650 0.804000 0.791413 0.755943 0.703300 0.871172 0.851547 0.851135 0.898052 0.931136 0.950156 0.663623 0.833890 0.784097 0.789982 0.789152 0.818861 0.768774 0.684963 0.721160 0.770119 0.854506 0.887290 0.802762 0.772037 0.690027 0.730649 0.864729 0.940638 0.945846 0.832859 0.988315 0.874574 0.853765 0.889462 0.896423 0.797222 0.754272 0.723346 0.906120 0.915279 0.792682 0.872998 0.978492 0.987904 0.773580 0.723616 0.957463 0.913749 0.995896 0.929165 0.880840 0.891766 0.934059 0.800227 0.798276 0.787321 0.984966 0.913310 0.697286 0.795242 0.859526 0.852287 0.979304 0.955321 0.865969 0.754392 0.782576 0.662351 0.833510 0.731965 0.731566 0.986409
0.873414 0.922166 0.778665 0.843946 0.989628 0.928826 0.826999 0.906707 0.885901 0.859057 0.934125 0.966919 0.905164 0.883685 0.954199 0.865806 0.931587 0.888824 0.966990 0.980948 0.900031 0.718372 0.965185 0.817512 0.837000 0.810855 0.964286 0.901096 0.992658 0.992333 0.870945 0.996369 0.794337 0.869852 0.744041 0.646717 0.710812 0.000000 0.894873 0.887534 0.884635 0.832823 0.885376 0.849109 0.800333 0.873894 0.840763 0.802343 0.973637 0.933704 0.846720 0.882910 0.835434 0.892812 0.893582 0.907898 0.887199 0.933003 0.856550 0.892339 0.835878 0.807157 0.851844 0.932807 0.783518 0.770451 0.685799 0.691580 0.809054 0.927925 0.835596 0.841063 0.845878 0.831084 0.980753 0.960973 0.932893 0.981059 0.981796 0.956295 0.900622 0.897656 0.994841 0.829580 0.863873 0.858495 0.994390 0.782768 0.921323 0.802045 0.908525 0.904586 0.825308 0.732515 0.979752 0.815785 0.897044 0.800083 0.902686 0.837958 0.886584 0.935464 0.815794 0.795510 0.823271 0.937459 0.861826 0.913101 0.940099 0.986225 0.913960 0.780729 0.929667 0.759762 0.831769 0.985771
