0.000000 0.355341 0.957583 0.918830 0.919439 0.942490 0.664269 0.511286 0.878401 0.532550 0.345887 0.297086 0.433907 0.560177 0.533169 0.647755 0.365727 0.354448 0.428686 0.410291 0.943627 0.972581 0.457470 0.843738 0.675249 0.710295 0.918355 0.869537 0.325131 0.385788 0.773770 0.668257 0.466813 0.460251 0.827256 0.994760 0.705160 0.874050 0.923432 0.980500 0.634663 0.801726 0.978118 0.839635 0.893942 0.772844 0.761651 0.705693 0.644636 0.712022 0.871387 0.860262 0.900838 0.876032 0.748818 0.723150 0.367927 0.322984 0.520632 0.472575 0.571421 0.559270 0.309281 0.295871 0.843884 0.872167 0.988558 0.951818 0.357657 0.380519 0.642093 0.743733 0.818980 0.853859 0.793016 0.996195 0.687311 0.764458 0.623057 0.445704 0.281203 0.398868 0.713115 0.620249 0.752639 0.884225 0.883042 0.871893 0.769342 0.671609 0.999818 0.904240 0.996957 0.831738 0.761236 0.941851 0.916148 0.879021 0.631985 0.580770 0.873229 0.905478 0.596698 0.649784 0.689947 0.692173 0.952056 0.825385 0.982316 0.854720 0.954111 0.664382 0.580900 0.821059 0.952463 0.748773
0.355341 0.000000 0.813178 0.957288 0.923592 0.984225 0.821852 0.519501 0.994882 0.521170 0.559297 0.371678 0.696653 0.548587 0.563568 0.647346 0.260979 0.250674 0.386386 0.333964 0.883402 0.935478 0.518181 0.907815 0.725353 0.698749 0.919558 0.984238 0.311044 0.311189 0.789404 0.635564 0.494675 0.447579 0.824671 0.987663 0.712747 0.908178 0.935612 0.869601 0.787680 0.686439 0.629701 0.498990 0.649458 0.515240 0.589236 0.475909 0.432733 0.507773 0.633181 0.629421 0.700774 0.914102 0.725546 0.709962 0.244164 0.251194 0.710593 0.629866 0.896561 0.729856 0.406906 0.367178 0.785641 0.794965 0.912569 0.980084 0.474871 0.394427 0.667763 0.834218 0.848471 0.803337 0.831775 0.882432 0.591047 0.586752 0.526604 0.390315 0.271687 0.382515 0.577726 0.575667 0.754734 0.914066 0.797411 0.901473 0.914094 0.850441 0.960483 0.900685 0.994225 0.793336 0.705619 0.887356 0.882103 0.774310 0.618847 0.488407 0.999609 0.926856 0.567388 0.631179 0.733471 0.694297 0.861734 0.932192 0.962859 0.965377 0.881176 0.575620 0.525980 0.651933 0.847807 0.785638
0.957583 0.813178 0.000000 0.428647 0.962732 0.854788 0.514140 0.722097 0.904170 0.847724 0.953570 0.814247 0.998279 0.964583 0.809381 0.961316 0.849294 0.907569 0.905495 0.901285 0.763778 0.986736 0.851912 0.721106 0.655737 0.475287 0.782623 0.952378 0.803636 0.785648 0.800799 0.848908 0.832178 0.866261 0.629326 0.675477 0.956798 0.851359 0.757698 0.933291 0.948012 0.981027 0.936215 0.957500 0.924249 0.959719 0.871364 0.915944 0.751233 0.803266 0.899477 0.827363 0.911775 0.875827 0.833654 0.896485 0.868467 0.863535 0.927426 0.915798 0.741810 0.768340 0.939138 0.883036 0.486478 0.460970 0.392983 0.487469 0.970646 0.907600 0.797258 0.715903 0.908678 0.998406 0.997001 0.851897 0.949573 0.921734 0.946332 0.971321 0.930520 0.992963 0.989030 0.994862 0.827752 0.605970 0.925961 0.955582 0.873159 0.652899 0.744079 0.832350 0.540631 0.518627 0.860333 0.964154 0.703946 0.960026 0.962425 0.932240 0.729117 0.893829 0.990729 0.994438 0.745085 0.916215 0.942500 0.842008 0.898547 0.930698 0.933705 0.915570 0.911189 0.931538 0.954498 0.959201
0.918830 0.957288 0.428647 0.000000 0.904081 0.888227 0.731116 0.678188 0.860770 0.849586 0.944697 0.832032 0.856541 0.841359 0.910946 0.888569 0.949634 0.972623 0.898097 0.931128 0.768858 0.892316 0.767306 0.595174 0.544796 0.465605 0.664753 0.871219 0.892402 0.912859 0.813298 0.655681 0.891971 0.849114 0.680750 0.634184 0.911879 0.910029 0.730189 0.832765 0.879281 0.965808 0.770286 0.861799 0.878308 0.915615 0.693886 0.811142 0.925536 0.994983 0.992033 0.982232 0.960877 0.951878 0.821451 0.909160 0.995719 0.959553 0.880138 0.957330 0.848553 0.970547 0.815513 0.767121 0.563232 0.504696 0.581606 0.596668 0.961440 0.886804 0.775487 0.775014 0.927843 0.966459 0.894475 0.864580 0.816395 0.860801 0.940320 0.843049 0.999283 0.800306 0.821462 0.854879 0.779944 0.556088 0.950524 0.784129 0.887745 0.732149 0.790758 0.934585 0.647259 0.690499 0.880266 0.840147 0.813164 0.888020 0.969233 0.903430 0.872470 0.971807 0.911246 0.969038 0.786964 0.906643 0.893306 0.973440 0.999211 0.977732 0.895654 0.944563 0.866878 0.906247 0.895632 0.968925
0.919439 0.923592 0.962732 0.904081 0.000000 0.932807 0.876516 0.906522 0.999601 0.967741 0.884376 0.886932 0.896113 0.971223 0.972272 0.852553 0.921287 0.940097 0.990733 0.939692 0.976354 0.841767 0.825812 0.901409 0.947426 0.907054 0.813408 0.990715 0.931533 0.966532 0.996411 0.940027 0.960549 0.934226 0.872922 0.924295 0.928276 0.961232 0.985548 0.943865 0.937131 0.937591 0.981986 0.967163 0.944932 0.897141 0.923182 0.905679 0.947176 0.886125 0.881979 0.849760 0.876374 0.899874 0.883474 0.932818 0.913253 0.896793 0.810928 0.809756 0.836174 0.755909 0.871604 0.856215 0.877701 0.821775 0.855434 0.869682 0.956066 0.886410 0.902357 0.858371 0.954383 0.849759 0.928261 0.910473 0.986369 0.953965 0.954393 0.903201 0.895531 0.877898 0.871549 0.992630 0.864350 0.875444 0.760072 0.865299 0.812807 0.814313 0.805524 0.987563 0.865987 0.960033 0.954662 0.990771 0.862035 0.948710 0.894542 0.880284 0.835207 0.949783 0.998543 0.914034 0.803884 0.932907 0.811634 0.880977 0.881765 0.855883 0.979529 0.900488 0.947530 0.927129 0.871624 0.950004
0.942490 0.984225 0.854788 0.888227 0.932807 0.000000 0.844893 0.983640 0.901219 0.934921 0.845777 0.836850 0.679182 0.857841 0.829299 0.619218 0.976479 0.981602 0.890830 0.961362 0.771394 0.856604 0.798040 0.773481 0.967643 0.848982 0.794655 0.619389 0.994569 0.990992 0.935021 0.924226 0.924030 0.885159 0.961033 0.925937 0.849132 0.837897 0.831967 0.865286 0.889017 0.985148 0.867707 0.904557 0.720490 0.730134 0.833444 0.918897 0.808048 0.846670 0.757658 0.821522 0.805030 0.828030 0.848310 0.843519 0.944402 0.986848 0.956553 0.986853 0.918532 0.935872 0.977474 0.986028 0.996649 0.988607 0.951593 0.930173 0.945757 0.874775 0.974593 0.904740 0.952965 0.855812 0.806439 0.918269 0.990801 0.861987 0.997123 0.907594 0.963557 0.892808 0.866856 0.991038 0.940343 0.925634 0.841019 0.775366 0.949699 0.983858 0.890791 0.866269 0.917647 0.835007 0.954355 0.897282 0.951030 0.984044 0.926143 0.995235 0.891196 0.961034 0.965682 0.984542 0.843798 0.987554 0.773207 0.939944 0.886411 0.936327 0.869821 0.951239 0.961804 0.776203 0.884350 0.946666
0.664269 0.821852 0.514140 0.731116 0.876516 0.844893 0.000000 0.411473 0.619509 0.632821 0.632040 0.890557 0.753002 0.981987 0.969250 0.968342 0.801820 0.778050 0.732662 0.808581 0.882521 0.981926 0.634931 0.905814 0.858715 0.882383 0.988837 0.933020 0.778379 0.854668 0.525931 0.725882 0.507948 0.487821 0.714550 0.653459 0.878851 0.931251 0.899789 0.905454 0.862459 0.845964 0.809808 0.822496 0.669074 0.790842 0.860402 0.774842 0.870715 0.882191 0.870518 0.921828 0.885461 0.997399 0.970927 0.869523 0.727302 0.694026 0.460643 0.505697 0.490786 0.681450 0.574378 0.611225 0.924111 0.892515 0.444052 0.535173 0.718229 0.717820 0.580997 0.487286 0.870197 0.843904 0.979982 0.928529 0.732541 0.813083 0.801143 0.828948 0.793618 0.896951 0.960855 0.973871 0.976170 0.940834 0.912637 0.854219 0.790231 0.726755 0.477920 0.533949 0.478450 0.529405 0.748956 0.920362 0.605604 0.799992 0.462700 0.484277 0.570947 0.581407 0.548663 0.522770 0.574338 0.670910 0.881025 0.780257 0.991304 0.886785 0.778057 0.783287 0.839160 0.925341 0.993843 0.888593
0.511286 0.519501 0.722097 0.678188 0.906522 0.983640 0.411473 0.000000 0.809138 0.507092 0.560165 0.676864 0.783710 0.759778 0.915533 0.940573 0.508429 0.525663 0.497845 0.508853 0.973893 0.983934 0.563967 0.898115 0.790515 0.933039 0.969811 0.892298 0.512229 0.571861 0.532857 0.527093 0.479717 0.436799 0.894008 0.751050 0.813779 0.988771 0.876990 0.983204 0.846603 0.734656 0.668509 0.681958 0.565261 0.611102 0.684950 0.667230 0.612084 0.679929 0.758086 0.778686 0.813367 0.999488 0.880008 0.765916 0.459045 0.445911 0.588160 0.541338 0.766125 0.690519 0.506662 0.504327 0.907017 0.972433 0.697816 0.705918 0.588841 0.572176 0.508337 0.567188 0.836455 0.924849 0.947193 0.886474 0.555332 0.688288 0.638595 0.601020 0.545218 0.637829 0.794586 0.783190 0.993793 0.869373 0.900296 0.829132 0.859988 0.783753 0.585122 0.663303 0.624804 0.805417 0.681419 0.836849 0.626983 0.738377 0.446489 0.390100 0.642310 0.681662 0.502542 0.490295 0.586403 0.626375 0.868173 0.842915 0.928450 0.947408 0.669994 0.653207 0.503810 0.688088 0.906004 0.833777
0.878401 0.994882 0.904170 0.860770 0.999601 0.901219 0.619509 0.809138 0.000000 0.643885 0.705457 0.925201 0.679639 0.849124 0.941100 0.856340 0.964956 0.888003 0.994086 0.927761 0.990399 0.961108 0.926343 0.654561 0.714442 0.805689 0.847500 0.968039 0.971648 0.892072 0.944063 0.848834 0.984644 0.883397 0.946892 0.932238 0.865098 0.944012 0.825631 0.904862 0.968293 0.994012 0.865056 0.954349 0.929158 0.914525 0.879302 0.985408 0.864871 0.851753 0.859187 0.890625 0.864885 0.918999 0.822396 0.989458 0.925673 0.951484 0.501808 0.657239 0.592618 0.738835 0.759772 0.792425 0.836281 0.830906 0.910869 0.999402 0.895406 0.806048 0.988477 0.951132 0.806080 0.885060 0.924718 0.937693 0.998848 0.958340 0.980904 0.927304 0.922992 0.774944 0.708730 0.771446 0.781571 0.675389 0.958041 0.760380 0.767450 0.958073 0.833972 0.872253 0.996193 0.771616 0.973682 0.933291 0.974464 0.941204 0.762402 0.797162 0.917446 0.810859 0.686122 0.755293 0.939888 0.976685 0.992706 0.791908 0.863975 0.995026 0.898309 0.990494 0.947684 0.968880 0.762627 0.971914
0.532550 0.521170 0.847724 0.849586 0.967741 0.934921 0.632821 0.507092 0.643885 0.000000 0.548567 0.552149 0.565380 0.779251 0.700653 0.875656 0.565470 0.609073 0.473497 0.524087 0.882851 0.894328 0.650866 0.673321 0.412580 0.509995 0.757881 0.940588 0.479058 0.506193 0.767437 0.742251 0.596753 0.538295 0.694736 0.990528 0.951567 0.854824 0.753190 0.820003 0.986103 0.759765 0.858263 0.775316 0.748402 0.724371 0.860361 0.792718 0.501176 0.612907 0.762959 0.763418 0.818308 0.979628 0.932776 0.981312 0.552127 0.475019 0.489485 0.571754 0.796885 0.937552 0.441904 0.435906 0.453671 0.462928 0.833511 0.779913 0.567724 0.510059 0.721908 0.769857 0.946638 0.984577 0.840968 0.878504 0.663579 0.676602 0.515629 0.632723 0.576359 0.811184 0.998925 0.894775 0.755671 0.468350 0.795204 0.680473 0.872998 0.910242 0.787288 0.657346 0.965856 0.952319 0.841615 0.989172 0.841877 0.799829 0.507488 0.478673 0.829829 0.724413 0.476505 0.544035 0.928988 0.776098 0.880525 0.901709 0.849249 0.931302 0.841788 0.813761 0.632974 0.830651 0.982928 0.930552
0.345887 0.559297 0.953570 0.944697 0.884376 0.845777 0.632040 0.560165 0.705457 0.548567 0.000000 0.470130 0.407986 0.713610 0.723467 0.790260 0.558104 0.573486 0.595028 0.528661 0.881465 0.949232 0.628784 0.828146 0.663610 0.777370 0.889454 0.891073 0.517174 0.559245 0.817114 0.803754 0.566225 0.658533 0.808650 0.948091 0.796700 0.987444 0.952065 0.883670 0.697682 0.756187 0.861752 0.989576 0.985318 0.916540 0.994017 0.939779 0.782957 0.841017 0.999668 0.992698 0.984800 0.818274 0.907942 0.805596 0.592535 0.513852 0.503406 0.526337 0.530324 0.601404 0.448777 0.444061 0.832104 0.886129 0.932538 0.981260 0.429819 0.492223 0.682841 0.683121 0.852084 0.974633 0.781137 0.901911 0.715207 0.823409 0.800995 0.579282 0.488010 0.597823 0.934842 0.763044 0.943439 0.787290 0.882555 0.778902 0.715792 0.764308 0.883939 0.858881 0.884188 0.998796 0.847666 0.984033 0.900542 0.961545 0.664705 0.671236 0.834395 0.828969 0.577350 0.654362 0.733935 0.770728 0.986557 0.980021 0.951775 0.809395 0.979286 0.805856 0.715793 0.914963 0.952103 0.915572
0.297086 0.371678 0.814247 0.832032 0.886932 0.836850 0.890557 0.676864 0.925201 0.552149 0.470130 0.000000 0.399027 0.513047 0.462467 0.487247 0.382880 0.406233 0.493325 0.495836 0.946164 0.968504 0.479451 0.919003 0.713300 0.691702 0.931732 0.979052 0.370819 0.391599 0.959146 0.748318 0.608781 0.584211 0.740088 0.825572 0.825468 0.960047 0.909467 0.982156 0.755858 0.868446 0.995818 0.835762 0.984591 0.824548 0.843468 0.738214 0.667434 0.696251 0.855628 0.803569 0.894469 0.966720 0.767575 0.800543 0.460504 0.390317 0.659879 0.578074 0.679484 0.609673 0.357377 0.355297 0.809642 0.837950 0.804630 0.877660 0.435569 0.419359 0.773404 0.899326 0.816606 0.768766 0.724718 0.939006 0.770019 0.767189 0.579046 0.409916 0.307859 0.414696 0.691137 0.649433 0.714697 0.909984 0.902253 0.988867 0.848357 0.749748 0.870514 0.939408 0.819972 0.641356 0.795399 0.970290 0.991604 0.962758 0.830046 0.701925 0.951307 0.957907 0.746849 0.830182 0.787421 0.775487 0.984970 0.773282 0.992295 0.929994 0.938728 0.731416 0.609955 0.891629 0.928177 0.782542
0.433907 0.696653 0.998279 0.856541 0.896113 0.679182 0.753002 0.783710 0.679639 0.565380 0.407986 0.399027 0.000000 0.636267 0.577443 0.533644 0.695578 0.748904 0.676270 0.750827 0.959600 0.954471 0.551674 0.978385 0.691930 0.767463 0.998020 0.989910 0.586503 0.631910 0.997618 0.855356 0.721237 0.712443 0.684881 0.850395 0.871586 0.872070 0.945206 0.913626 0.781331 0.978497 0.740120 0.890723 0.771352 0.946553 0.962725 0.996411 0.890254 0.877767 0.966180 0.993814 0.973390 0.878758 0.878808 0.873141 0.797991 0.665309 0.571820 0.603337 0.502297 0.649641 0.488803 0.511291 0.849234 0.857472 0.853081 0.835668 0.520433 0.546147 0.844310 0.904340 0.869511 0.918968 0.837754 0.987401 0.901523 0.907901 0.736217 0.642177 0.594356 0.670670 0.956377 0.801389 0.863842 0.862430 0.899659 0.983926 0.684071 0.810064 0.878203 0.991017 0.801158 0.832223 0.896854 0.954072 0.980769 0.925409 0.885424 0.854161 0.968370 0.973996 0.773829 0.846744 0.914880 0.915465 0.894479 0.767690 0.919060 0.774481 0.853228 0.992986 0.853695 0.878997 0.990660 0.867826
0.560177 0.548587 0.964583 0.841359 0.971223 0.857841 0.981987 0.759778 0.849124 0.779251 0.713610 0.513047 0.636267 0.000000 0.437159 0.459434 0.619381 0.579429 0.493833 0.481687 0.924673 0.984418 0.502715 0.716750 0.975933 0.957090 0.942333 0.994002 0.552401 0.523157 0.937150 0.548070 0.755350 0.676267 0.738778 0.983653 0.881620 0.898831 0.825714 0.763185 0.848816 0.929723 0.902653 0.850512 0.872194 0.931198 0.677590 0.770197 0.833118 0.910697 0.957443 0.997612 0.974529 0.809268 0.682843 0.793480 0.666690 0.672694 0.937131 0.988022 0.942402 0.917613 0.793837 0.764457 0.986873 0.984484 0.744484 0.869795 0.559851 0.626733 0.976487 0.885651 0.799833 0.994327 0.873355 0.997615 0.699912 0.755607 0.718623 0.532652 0.496898 0.361277 0.563588 0.547308 0.613348 0.818668 0.850879 0.788134 0.991392 0.832236 0.724092 0.804240 0.750160 0.622113 0.741029 0.939116 0.957560 0.884313 0.947706 0.898958 0.825782 0.841907 0.913012 0.939527 0.921631 0.895391 0.799047 0.686777 0.907435 0.899557 0.858783 0.935090 0.736307 0.896809 0.922420 0.841724
0.533169 0.563568 0.809381 0.910946 0.972272 0.829299 0.969250 0.915533 0.941100 0.700653 0.723467 0.462467 0.577443 0.437159 0.000000 0.519837 0.605196 0.582693 0.545059 0.558403 0.978115 0.971332 0.617320 0.893890 0.798725 0.799755 0.928944 0.943015 0.558038 0.508372 0.964111 0.739111 0.792441 0.712587 0.675846 0.869523 0.900641 0.947278 0.972382 0.907254 0.768984 0.998360 0.973810 0.885481 0.825877 0.993426 0.839929 0.804612 0.811210 0.857474 0.971588 0.984838 0.944675 0.837545 0.824968 0.921621 0.701727 0.672520 0.870598 0.869170 0.949341 0.923284 0.714493 0.679346 0.829497 0.821698 0.700466 0.753207 0.445395 0.593647 0.999576 0.897460 0.868383 0.914192 0.879094 0.977937 0.840093 0.801812 0.558496 0.560385 0.516179 0.500565 0.695555 0.626310 0.746384 0.980509 0.994521 0.835711 0.859020 0.860789 0.741860 0.866730 0.663163 0.637442 0.829677 0.904756 0.943121 0.876140 0.986480 0.855660 0.869910 0.784668 0.859352 0.927277 0.930818 0.993233 0.976699 0.654001 0.996665 0.896500 0.745938 0.930789 0.881867 0.954347 0.875647 0.884250
0.647755 0.647346 0.961316 0.888569 0.852553 0.619218 0.968342 0.940573 0.856340 0.875656 0.790260 0.487247 0.533644 0.459434 0.519837 0.000000 0.657563 0.656212 0.589843 0.658726 0.874777 0.918354 0.509626 0.618225 0.900781 0.980822 0.872092 0.771073 0.664647 0.604123 0.946416 0.709648 0.799107 0.702113 0.769586 0.834353 0.952054 0.849663 0.845207 0.827076 0.961307 0.967855 0.903817 0.805207 0.813716 0.960232 0.816159 0.770296 0.930057 0.804607 0.958070 0.875581 0.960042 0.980345 0.716426 0.932135 0.766238 0.706356 0.972982 0.943615 0.978705 0.901616 0.771372 0.784136 0.944792 0.923744 0.777944 0.876760 0.679539 0.684196 0.933242 0.995049 0.830007 0.835478 0.869080 0.889439 0.869370 0.773211 0.717011 0.554061 0.617528 0.509064 0.756780 0.659923 0.648193 0.746187 0.798720 0.753278 0.983031 0.831613 0.758832 0.871020 0.754664 0.680898 0.861616 0.913874 0.995155 0.881701 0.938070 0.900182 0.817415 0.826364 0.989402 0.944432 0.882166 0.874567 0.856478 0.685587 0.891929 0.866793 0.789972 0.933265 0.800120 0.998433 0.896375 0.938367
0.365727 0.260979 0.849294 0.949634 0.921287 0.976479 0.801820 0.508429 0.964956 0.565470 0.558104 0.382880 0.695578 0.619381 0.605196 0.657563 0.000000 0.264870 0.413268 0.350845 0.881668 0.944224 0.530983 0.887067 0.739875 0.711878 0.942903 0.999923 0.321804 0.307103 0.699751 0.634032 0.489551 0.458604 0.859827 0.949893 0.816897 0.941042 0.884441 0.897145 0.773288 0.720880 0.647384 0.572387 0.669729 0.583461 0.650556 0.552724 0.490944 0.547825 0.692890 0.678455 0.767408 0.928518 0.764351 0.791132 0.278995 0.280599 0.697182 0.611903 0.860126 0.755307 0.393377 0.362791 0.787456 0.821648 0.946535 0.965255 0.513509 0.389811 0.593573 0.744223 0.797008 0.760119 0.816288 0.928590 0.611116 0.627400 0.487375 0.424529 0.284310 0.418936 0.638554 0.612235 0.809396 0.897181 0.822505 0.856593 0.889127 0.854996 0.914646 0.866443 0.947811 0.813767 0.722851 0.893741 0.892143 0.850266 0.625510 0.477805 0.887067 0.899631 0.585017 0.629181 0.709305 0.654604 0.891566 0.928901 0.979333 0.997168 0.919926 0.608463 0.533776 0.677082 0.867603 0.790509
0.354448 0.250674 0.907569 0.972623 0.940097 0.981602 0.778050 0.525663 0.888003 0.609073 0.573486 0.406233 0.748904 0.579429 0.582693 0.656212 0.264870 0.000000 0.390172 0.309231 0.920276 0.906635 0.467782 0.984505 0.823779 0.816424 0.946612 0.998994 0.334417 0.300451 0.682984 0.571313 0.444077 0.395927 0.916684 0.953966 0.733648 0.898799 0.998778 0.868420 0.711842 0.738769 0.616996 0.513193 0.648640 0.569789 0.615845 0.502071 0.523342 0.584441 0.719921 0.713610 0.762851 0.956809 0.714112 0.749550 0.244577 0.266755 0.743520 0.653357 0.892988 0.774551 0.419895 0.379723 0.855914 0.873325 0.982444 0.880897 0.482302 0.442249 0.613450 0.718641 0.750819 0.726035 0.879317 0.877387 0.565880 0.578899 0.530723 0.366473 0.258491 0.351439 0.545586 0.544092 0.732107 0.998518 0.795457 0.953561 0.923842 0.804230 0.884189 0.851608 0.874705 0.834318 0.653229 0.918525 0.876384 0.749172 0.629521 0.512589 0.983154 0.890516 0.606211 0.651242 0.647287 0.642633 0.883696 0.902423 0.964150 0.955671 0.869362 0.572827 0.510155 0.633874 0.903696 0.744587
0.428686 0.386386 0.905495 0.898097 0.990733 0.890830 0.732662 0.497845 0.994086 0.473497 0.595028 0.493325 0.676270 0.493833 0.545059 0.589843 0.413268 0.390172 0.000000 0.314221 0.979887 0.881932 0.464880 0.969464 0.766732 0.732077 0.953176 0.986956 0.361733 0.362914 0.689125 0.502729 0.484026 0.399825 0.724413 0.893846 0.826398 0.997630 0.962092 0.979531 0.885712 0.715260 0.704730 0.649671 0.807598 0.717422 0.642118 0.614541 0.567667 0.640184 0.833954 0.807121 0.914091 0.927545 0.896026 0.889742 0.390645 0.416772 0.718890 0.718045 0.998014 0.985853 0.531561 0.530575 0.716423 0.725788 0.889179 0.864598 0.489638 0.454816 0.687122 0.800088 0.863294 0.884378 0.856396 0.928325 0.632883 0.584636 0.570353 0.466175 0.429869 0.472520 0.740768 0.728279 0.921007 0.844001 0.736259 0.953759 0.982600 0.953227 0.922059 0.775029 0.997727 0.864084 0.871462 0.804157 0.939643 0.762733 0.634740 0.503147 0.924186 0.902687 0.589524 0.601422 0.819910 0.783673 0.966470 0.885612 0.966127 0.990169 0.926948 0.722546 0.477647 0.691970 0.950303 0.816178
0.410291 0.333964 0.901285 0.931128 0.939692 0.961362 0.808581 0.508853 0.927761 0.524087 0.528661 0.495836 0.750827 0.481687 0.558403 0.658726 0.350845 0.309231 0.314221 0.000000 0.903693 0.860824 0.499166 0.995758 0.725839 0.731261 0.833783 0.992269 0.361920 0.301497 0.717158 0.511944 0.525118 0.446918 0.761267 0.951996 0.801878 0.977718 0.938762 0.952426 0.811271 0.690710 0.713311 0.653613 0.807401 0.759633 0.716588 0.644353 0.616897 0.706710 0.918411 0.909203 0.938989 0.856869 0.869431 0.915223 0.331068 0.367601 0.783054 0.756731 0.981113 0.951135 0.571515 0.502279 0.716141 0.747813 0.882330 0.930257 0.495624 0.474248 0.674636 0.800112 0.840294 0.976980 0.836334 0.886571 0.545128 0.577990 0.565766 0.451144 0.366356 0.418511 0.720596 0.634633 0.933154 0.849540 0.712132 0.844898 0.963694 0.927625 0.946409 0.791161 0.937839 0.836717 0.725869 0.883465 0.919546 0.747963 0.660022 0.517619 0.947421 0.879750 0.570420 0.606449 0.785927 0.728212 0.970792 0.969215 0.964217 0.920540 0.909852 0.703735 0.546119 0.654821 0.974409 0.831302
0.943627 0.883402 0.763778 0.768858 0.976354 0.771394 0.882521 0.973893 0.990399 0.882851 0.881465 0.946164 0.959600 0.924673 0.978115 0.874777 0.881668 0.920276 0.979887 0.903693 0.000000 0.957056 0.859092 0.724901 0.709567 0.696652 0.746462 0.862396 0.824159 0.839163 0.994606 0.899544 0.987247 0.951233 0.825986 0.860119 0.931549 0.943363 0.720976 0.903663 0.987008 0.854067 0.986401 0.971260 0.943270 0.906899 0.855392 0.999746 0.833816 0.851951 0.863412 0.829852 0.853400 0.807568 0.920590 0.955844 0.972100 0.893148 0.954909 0.953310 0.989069 0.984744 0.915489 0.854883 0.707961 0.744054 0.800175 0.859703 0.924426 0.998714 0.985451 0.997178 0.945584 0.946921 0.969244 0.943185 0.882763 0.864417 0.915812 0.961691 0.936247 0.917400 0.971469 0.842412 0.819783 0.712405 0.861459 0.798326 0.997757 0.906586 0.987308 0.923873 0.874992 0.903635 0.977869 0.765377 0.994440 0.862044 0.833344 0.926729 0.988948 0.857111 0.882034 0.880446 0.885944 0.834761 0.766367 0.894510 0.884655 0.908180 0.868977 0.789617 0.883002 0.891991 0.985320 0.864135
0.972581 0.935478 0.986736 0.892316 0.841767 0.856604 0.981926 0.983934 0.961108 0.894328 0.949232 0.968504 0.954471 0.984418 0.971332 0.918354 0.944224 0.906635 0.881932 0.860824 0.957056 0.000000 0.994943 0.944023 0.950503 0.999327 0.834423 0.804163 0.962015 0.921894 0.893984 0.914486 0.959580 0.920929 0.957282 0.871673 0.913111 0.746737 0.960626 0.984102 0.885453 0.814522 0.893110 0.915805 0.955984 0.965969 0.929184 0.943717 0.990245 0.980853 0.966373 0.997606 0.995967 0.973115 0.912847 0.770101 0.939639 0.978082 0.973078 0.854171 0.834306 0.793527 0.989876 0.983946 0.860082 0.883892 0.963351 0.923181 0.919289 0.980543 0.894246 0.881764 0.964064 0.888951 0.908143 0.880658 0.988715 0.844288 0.922254 0.964509 0.950704 0.985636 0.955854 0.863884 0.850670 0.919938 0.915024 0.799040 0.972095 0.917772 0.805125 0.798288 0.889647 0.850740 0.969054 0.977699 0.935196 0.762408 0.908665 0.862910 0.952408 0.907699 0.708637 0.721018 0.949030 0.966855 0.995530 0.926391 0.996198 0.960696 0.926647 0.910767 0.968508 0.894211 0.934017 0.791822
0.457470 0.518181 0.851912 0.767306 0.825812 0.798040 0.634931 0.563967 0.926343 0.650866 0.628784 0.479451 0.551674 0.502715 0.617320 0.509626 0.530983 0.467782 0.464880 0.499166 0.859092 0.994943 0.000000 0.761502 0.890543 0.973149 0.923523 0.960304 0.503120 0.469889 0.667757 0.474419 0.480616 0.451917 0.922678 0.999444 0.859842 0.914732 0.979145 0.967172 0.889239 0.826815 0.802860 0.729447 0.891514 0.811896 0.713386 0.674605 0.762020 0.771165 0.885460 0.848739 0.887633 0.984797 0.766678 0.857156 0.493292 0.488702 0.765205 0.676291 0.767026 0.812844 0.514293 0.520537 0.978003 0.982354 0.950808 0.901370 0.560018 0.560968 0.647781 0.721141 0.752320 0.754585 0.960008 0.928840 0.677143 0.698363 0.562377 0.458131 0.436579 0.456033 0.693440 0.670931 0.709283 0.909169 0.849962 0.912858 0.992089 0.772412 0.892701 0.852896 0.880070 0.845287 0.701521 0.908164 0.846600 0.855992 0.736075 0.642250 0.951082 0.981962 0.719887 0.702799 0.739248 0.754990 0.955680 0.806954 0.975560 0.834275 0.940186 0.842534 0.595080 0.919967 0.874105 0.715500
0.843738 0.907815 0.721106 0.595174 0.901409 0.773481 0.905814 0.898115 0.654561 0.673321 0.828146 0.919003 0.978385 0.716750 0.893890 0.618225 0.887067 0.984505 0.969464 0.995758 0.724901 0.944023 0.761502 0.000000 0.524834 0.548429 0.696670 0.834791 0.806711 0.950875 0.907683 0.804562 0.941905 0.947434 0.875656 0.985362 0.943236 0.821596 0.553247 0.794823 0.992994 0.816316 0.952233 0.988030 0.792286 0.848277 0.897494 0.958991 0.758642 0.810963 0.781847 0.781524 0.791142 0.834129 0.853290 0.923146 0.867929 0.824966 0.602434 0.675457 0.766136 0.878731 0.678412 0.690934 0.594164 0.580363 0.950931 0.870712 0.897392 0.842198 0.926163 0.898267 0.936403 0.979347 0.880037 0.988569 0.941238 0.960566 0.952891 0.936388 0.951343 0.774261 0.811064 0.701671 0.653321 0.479793 0.963402 0.555828 0.927248 0.884944 0.908807 0.859175 0.993448 0.941374 0.897806 0.978503 0.939795 0.924463 0.701950 0.799505 0.835865 0.729152 0.681739 0.651882 0.959867 0.918921 0.789307 0.777304 0.913258 0.990509 0.807036 0.808847 0.876756 0.855065 0.722967 0.970536
0.675249 0.725353 0.655737 0.544796 0.947426 0.967643 0.858715 0.790515 0.714442 0.412580 0.663610 0.713300 0.691930 0.975933 0.798725 0.900781 0.739875 0.823779 0.766732 0.725839 0.709567 0.950503 0.890543 0.524834 0.000000 0.355634 0.579592 0.854704 0.629843 0.648494 0.928808 0.975910 0.880937 0.836708 0.616550 0.836254 0.975510 0.847659 0.622401 0.657094 0.945845 0.856616 0.890827 0.945351 0.994261 0.985771 0.804407 0.901710 0.760763 0.874006 0.994433 0.949171 0.984846 0.977269 0.764507 0.852410 0.733868 0.656695 0.621037 0.713292 0.781478 0.987476 0.616353 0.540456 0.339180 0.351077 0.703308 0.659437 0.772864 0.679608 0.833266 0.888685 0.940280 0.946159 0.884753 0.834612 0.904220 0.804339 0.739166 0.920196 0.791351 0.933920 0.834832 0.917936 0.558297 0.316908 0.877506 0.620343 0.934249 0.717649 0.858684 0.711939 0.930836 0.916799 0.869866 0.990221 0.943432 0.887806 0.589902 0.707356 0.879501 0.770312 0.565774 0.612116 0.965212 0.890351 0.866494 0.865867 0.819341 0.874104 0.940150 0.788671 0.815768 0.981216 0.985571 0.903626
0.710295 0.698749 0.475287 0.465605 0.907054 0.848982 0.882383 0.933039 0.805689 0.509995 0.777370 0.691702 0.767463 0.957090 0.799755 0.980822 0.711878 0.816424 0.732077 0.731261 0.696652 0.999327 0.973149 0.548429 0.355634 0.000000 0.617218 0.813913 0.668075 0.676039 0.881573 0.935270 0.992619 0.960354 0.544578 0.814100 0.993304 0.871517 0.635248 0.732707 0.999700 0.963068 0.887183 0.922226 0.969043 0.972691 0.868645 0.969237 0.735160 0.826708 0.966931 0.918119 0.991541 0.984399 0.784143 0.837939 0.738261 0.654394 0.756868 0.788095 0.954969 0.957505 0.691168 0.602872 0.337732 0.340100 0.519170 0.527309 0.864002 0.765715 0.944338 0.932137 0.828104 0.846564 0.856151 0.807270 0.927699 0.843654 0.816197 0.943222 0.808363 0.948962 0.865491 0.938304 0.621687 0.340167 0.914238 0.636856 0.984428 0.683200 0.936357 0.926979 0.748208 0.711785 0.920505 0.985091 0.866618 0.976444 0.723602 0.793662 0.962876 0.954793 0.722573 0.763129 0.860470 0.934000 0.888490 0.941190 0.816785 0.979097 0.982964 0.818096 0.825900 0.941169 0.919496 0.976480
0.918355 0.919558 0.782623 0.664753 0.813408 0.794655 0.988837 0.969811 0.847500 0.757881 0.889454 0.931732 0.998020 0.942333 0.928944 0.872092 0.942903 0.946612 0.953176 0.833783 0.746462 0.834423 0.923523 0.696670 0.579592 0.617218 0.000000 0.770526 0.896460 0.813990 0.923000 0.970948 0.942117 0.949030 0.866389 0.972275 0.895427 0.978688 0.730193 0.837468 0.964516 0.877945 0.901529 0.941833 0.969088 0.903449 0.767100 0.913043 0.920816 0.959408 0.931711 0.961667 0.973845 0.973993 0.789860 0.786826 0.919719 0.888714 0.922856 0.973332 0.940926 0.956354 0.893234 0.826544 0.598404 0.635071 0.796704 0.829641 0.883078 0.988881 0.924718 0.908220 0.941417 0.968666 0.934073 0.890163 0.942964 0.906123 0.987628 0.988256 0.978245 0.849198 0.808029 0.874287 0.616211 0.571710 0.914564 0.596399 0.919915 0.758383 0.945585 0.908464 0.915692 0.894986 0.889493 0.933973 0.965682 0.882628 0.820166 0.924449 0.896924 0.893328 0.708121 0.773133 0.950833 0.910659 0.825284 0.822274 0.760787 0.912616 0.868971 0.902509 0.993095 0.902514 0.936422 0.949586
0.869537 0.984238 0.952378 0.871219 0.990715 0.619389 0.933020 0.892298 0.968039 0.940588 0.891073 0.979052 0.989910 0.994002 0.943015 0.771073 0.999923 0.998994 0.986956 0.992269 0.862396 0.804163 0.960304 0.834791 0.854704 0.813913 0.770526 0.000000 0.909990 0.990041 0.942924 0.963136 0.958411 0.991334 0.926887 0.923182 0.951764 0.933956 0.759806 0.952438 0.847691 0.843277 0.901699 0.877158 0.984939 0.990398 0.876023 0.980005 0.993751 0.986141 0.987829 0.969951 0.999316 0.954454 0.951451 0.894658 0.948710 0.943613 0.975776 0.834748 0.857508 0.858892 0.954650 0.891232 0.961763 0.969257 0.946794 0.944615 0.990206 0.940649 0.973889 0.921369 0.994127 0.824697 0.879674 0.982662 0.907155 0.948822 0.942104 0.980765 0.989275 0.973717 0.987291 0.880362 0.943937 0.857897 0.789109 0.937306 0.888276 0.941808 0.946600 0.825653 0.974160 0.850479 0.779086 0.846063 0.992864 0.848170 0.929462 0.943347 0.894930 0.965094 0.891990 0.947175 0.983724 0.964147 0.902920 0.977132 0.880296 0.785966 0.972689 0.897280 0.953416 0.926090 0.861579 0.870717
0.325131 0.311044 0.803636 0.892402 0.931533 0.994569 0.778379 0.512229 0.971648 0.479058 0.517174 0.370819 0.586503 0.552401 0.558038 0.664647 0.321804 0.334417 0.361733 0.361920 0.824159 0.962015 0.503120 0.806711 0.629843 0.668075 0.896460 0.909990 0.000000 0.280090 0.667927 0.616066 0.499504 0.411592 0.788872 0.908072 0.686440 0.996302 0.860971 0.986025 0.733642 0.696660 0.743440 0.627038 0.757564 0.653230 0.729720 0.592929 0.514877 0.583622 0.752274 0.737846 0.839323 0.972485 0.761052 0.747057 0.345849 0.333427 0.639280 0.599706 0.807698 0.766171 0.386276 0.346128 0.690084 0.712056 0.871734 0.946576 0.442636 0.355931 0.661360 0.859912 0.738114 0.748200 0.876538 0.896468 0.593702 0.635418 0.528323 0.472641 0.311793 0.429538 0.675585 0.640499 0.859569 0.838415 0.771681 0.894705 0.857714 0.851118 0.981058 0.835942 0.928077 0.784234 0.727919 0.890314 0.918219 0.839303 0.611407 0.545371 0.923649 0.802504 0.561190 0.610116 0.796712 0.773086 0.937959 0.901114 0.965444 0.869155 0.875922 0.580522 0.482557 0.651094 0.934839 0.772811
0.385788 0.311189 0.785648 0.912859 0.966532 0.990992 0.854668 0.571861 0.892072 0.506193 0.559245 0.391599 0.631910 0.523157 0.508372 0.604123 0.307103 0.300451 0.362914 0.301497 0.839163 0.921894 0.469889 0.950875 0.648494 0.676039 0.813990 0.990041 0.280090 0.000000 0.665650 0.542660 0.486251 0.413620 0.751953 0.950991 0.744443 0.994195 0.933661 0.934447 0.785700 0.699026 0.698485 0.597677 0.792898 0.702281 0.741374 0.610484 0.579098 0.624415 0.792954 0.755164 0.849291 0.953093 0.818263 0.881730 0.348505 0.340186 0.784852 0.719436 0.903005 0.884419 0.436156 0.382878 0.662146 0.696466 0.808285 0.914742 0.437495 0.416124 0.665716 0.813298 0.681230 0.710778 0.932579 0.862957 0.598717 0.558670 0.445528 0.434527 0.316578 0.417064 0.651619 0.634906 0.908382 0.834376 0.711596 0.868295 0.975882 0.958620 0.981160 0.821873 0.936733 0.719503 0.682947 0.906315 0.909224 0.760552 0.652071 0.532708 0.929487 0.858000 0.566651 0.633264 0.852630 0.700188 0.895562 0.951724 0.950524 0.868234 0.897946 0.609525 0.511659 0.619887 0.992030 0.829595
0.773770 0.789404 0.800799 0.813298 0.996411 0.935021 0.525931 0.532857 0.944063 0.767437 0.817114 0.959146 0.997618 0.937150 0.964111 0.946416 0.699751 0.682984 0.689125 0.717158 0.994606 0.893984 0.667757 0.907683 0.928808 0.881573 0.923000 0.942924 0.667927 0.665650 0.000000 0.600184 0.522040 0.430432 0.827897 0.827815 0.866736 0.958897 0.881944 0.834845 0.884911 0.817922 0.608502 0.615216 0.539694 0.629287 0.739472 0.705091 0.728637 0.763421 0.721196 0.754219 0.754904 0.804823 0.887736 0.923681 0.711516 0.737712 0.751993 0.775138 0.842629 0.976898 0.662446 0.702255 0.943909 0.947302 0.719613 0.680355 0.758767 0.767976 0.639331 0.636310 0.638514 0.742947 0.856302 0.928213 0.703877 0.812934 0.710631 0.754139 0.767215 0.833912 0.785217 0.887990 0.960548 0.983307 0.817198 0.861178 0.929492 0.915008 0.675507 0.696761 0.729623 0.896823 0.731644 0.988826 0.827366 0.849623 0.559087 0.578457 0.767660 0.666464 0.575820 0.537638 0.785769 0.756615 0.837314 0.863346 0.954111 0.948210 0.658501 0.791609 0.659018 0.695663 0.933506 0.845285
0.668257 0.635564 0.848908 0.655681 0.940027 0.924226 0.725882 0.527093 0.848834 0.742251 0.803754 0.748318 0.855356 0.548070 0.739111 0.709648 0.634032 0.571313 0.502729 0.511944 0.899544 0.914486 0.474419 0.804562 0.975910 0.935270 0.970948 0.963136 0.616066 0.542660 0.600184 0.000000 0.586357 0.512928 0.951260 0.881929 0.785230 0.919491 0.997835 0.856347 0.940087 0.721732 0.686565 0.697371 0.808806 0.819365 0.630668 0.748594 0.808296 0.912012 0.964364 0.952355 0.976191 0.913587 0.780565 0.880465 0.611113 0.669146 0.965624 0.941611 0.951341 0.978042 0.731699 0.761734 0.975986 0.977494 0.956562 0.925756 0.675195 0.670660 0.744876 0.741806 0.748140 0.817532 0.971399 0.913230 0.718353 0.757242 0.623327 0.643737 0.589149 0.537235 0.697629 0.708081 0.851773 0.921487 0.811666 0.935414 0.989857 0.933394 0.862908 0.793417 0.865419 0.990670 0.811978 0.923681 0.858404 0.800895 0.774191 0.711779 0.920528 0.888229 0.696175 0.654298 0.830881 0.722287 0.908920 0.952533 0.918545 0.816987 0.814705 0.744944 0.585496 0.765575 0.996874 0.872463
0.466813 0.494675 0.832178 0.891971 0.960549 0.924030 0.507948 0.479717 0.984644 0.596753 0.566225 0.608781 0.721237 0.755350 0.792441 0.799107 0.489551 0.444077 0.484026 0.525118 0.987247 0.959580 0.480616 0.941905 0.880937 0.992619 0.942117 0.958411 0.499504 0.486251 0.522040 0.586357 0.000000 0.357021 0.959483 0.782046 0.784787 0.891727 0.981034 0.943411 0.836512 0.716399 0.647049 0.616254 0.588649 0.598080 0.593696 0.594345 0.589220 0.668917 0.721242 0.749899 0.809007 0.980501 0.682669 0.716609 0.464581 0.446463 0.579534 0.578392 0.673234 0.720401 0.421133 0.462033 0.983597 0.960759 0.721764 0.710130 0.505727 0.515007 0.637503 0.690197 0.722091 0.653782 0.952908 0.971090 0.646916 0.760455 0.649689 0.585708 0.464730 0.554717 0.714784 0.766730 0.781862 0.990556 0.818332 0.863330 0.826786 0.701318 0.762229 0.707194 0.742339 0.964189 0.815422 0.986047 0.781821 0.706639 0.533721 0.483854 0.772105 0.724738 0.563900 0.593950 0.600033 0.639942 0.862715 0.936251 0.901264 0.899748 0.799804 0.672650 0.610137 0.739437 0.923349 0.871312
0.460251 0.447579 0.866261 0.849114 0.934226 0.885159 0.487821 0.436799 0.883397 0.538295 0.658533 0.584211 0.712443 0.676267 0.712587 0.702113 0.458604 0.395927 0.399825 0.446918 0.951233 0.920929 0.451917 0.947434 0.836708 0.960354 0.949030 0.991334 0.411592 0.413620 0.430432 0.512928 0.357021 0.000000 0.978070 0.867226 0.722641 0.928305 0.987131 0.907633 0.820127 0.772626 0.569840 0.493343 0.597923 0.567897 0.602431 0.473432 0.570975 0.578035 0.671396 0.697820 0.762212 0.909197 0.745920 0.776506 0.428323 0.420272 0.596133 0.596129 0.766317 0.819347 0.430298 0.459381 0.900488 0.884370 0.824511 0.762215 0.546494 0.484798 0.659060 0.671694 0.742138 0.725344 0.981502 0.894675 0.633360 0.618044 0.573278 0.484867 0.461774 0.544074 0.670965 0.700491 0.834669 0.989292 0.702468 0.923291 0.900535 0.816399 0.801854 0.700265 0.847675 0.998204 0.622109 0.917757 0.833398 0.708574 0.525926 0.444595 0.873541 0.717600 0.509893 0.542930 0.646390 0.600311 0.903531 0.945579 0.986793 0.880299 0.801352 0.644394 0.559256 0.654013 0.942256 0.761337
0.827256 0.824671 0.629326 0.680750 0.872922 0.961033 0.714550 0.894008 0.946892 0.694736 0.808650 0.740088 0.684881 0.738778 0.675846 0.769586 0.859827 0.916684 0.724413 0.761267 0.825986 0.957282 0.922678 0.875656 0.616550 0.544578 0.866389 0.926887 0.788872 0.751953 0.827897 0.951260 0.959483 0.978070 0.000000 0.681168 0.915309 0.785737 0.868996 0.965065 0.980331 0.933396 0.815232 0.906161 0.735166 0.911108 0.949637 0.900006 0.851720 0.934570 0.944435 0.997592 0.985230 0.906782 0.921513 0.905955 0.938174 0.883619 0.996848 0.948087 0.871172 0.793175 0.914373 0.890102 0.585677 0.536613 0.432176 0.396763 0.855221 0.782800 0.850663 0.783249 0.901663 0.858215 0.776403 0.889412 0.961480 0.944346 0.871252 0.880287 0.888232 0.919301 0.989488 0.951757 0.859937 0.693039 0.864768 0.915412 0.942447 0.688980 0.608588 0.879889 0.568370 0.591219 0.885321 0.960247 0.743897 0.930152 0.889768 0.904949 0.796028 0.850126 0.937931 0.921508 0.680895 0.853109 0.910635 0.773297 0.987098 0.950265 0.850625 0.832387 0.893829 0.935911 0.959211 0.948458
0.994760 0.987663 0.675477 0.634184 0.924295 0.925937 0.653459 0.751050 0.932238 0.990528 0.948091 0.825572 0.850395 0.983653 0.869523 0.834353 0.949893 0.953966 0.893846 0.951996 0.860119 0.871673 0.999444 0.985362 0.836254 0.814100 0.972275 0.923182 0.908072 0.950991 0.827815 0.881929 0.782046 0.867226 0.681168 0.000000 0.755206 0.650533 0.925053 0.969003 0.979712 0.921370 0.804009 0.872242 0.698704 0.844843 0.746730 0.850323 0.956361 0.966578 0.932184 0.976687 0.936329 0.996836 0.986019 0.977867 0.923228 0.943535 0.908499 0.935483 0.962611 0.912179 0.982020 0.978900 0.782399 0.767815 0.559782 0.630105 0.880413 0.980982 0.767848 0.862821 0.963528 0.986028 0.965501 0.755363 0.818905 0.870727 0.999181 0.971300 0.992137 0.972602 0.999177 0.915352 0.989092 0.888238 0.995786 0.897822 0.962854 0.761038 0.717717 0.787909 0.642832 0.639983 0.972046 0.818414 0.844966 0.740677 0.735792 0.691934 0.885854 0.781000 0.902395 0.740933 0.813562 0.891114 0.971415 0.777983 0.963866 0.955379 0.816720 0.801504 0.836183 0.821355 0.887718 0.863829
0.705160 0.712747 0.956798 0.911879 0.928276 0.849132 0.878851 0.813779 0.865098 0.951567 0.796700 0.825468 0.871586 0.881620 0.900641 0.952054 0.816897 0.733648 0.826398 0.801878 0.931549 0.913111 0.859842 0.943236 0.975510 0.993304 0.895427 0.951764 0.686440 0.744443 0.866736 0.785230 0.784787 0.722641 0.915309 0.755206 0.000000 0.688760 0.859492 0.903005 0.689526 0.855253 0.909448 0.761321 0.812689 0.790649 0.760442 0.692530 0.801516 0.812251 0.856614 0.899581 0.945103 0.986011 0.712685 0.778232 0.762034 0.774544 0.839141 0.849806 0.840874 0.704102 0.780808 0.784135 0.896779 0.927846 0.883143 0.856906 0.703486 0.710707 0.893003 0.948540 0.966577 0.870491 0.997789 0.853756 0.855578 0.918915 0.904064 0.825773 0.755614 0.733325 0.857156 0.901258 0.791728 0.887887 0.994528 0.993059 0.825693 0.720843 0.942524 0.964167 0.922654 0.991351 0.924155 0.921788 0.999555 0.841332 0.841960 0.836631 0.923702 0.948587 0.767818 0.829980 0.935374 0.923249 0.990785 0.991815 0.895275 0.794019 0.774377 0.693455 0.850299 0.738986 0.807128 0.977055
0.874050 0.908178 0.851359 0.910029 0.961232 0.837897 0.931251 0.988771 0.944012 0.854824 0.987444 0.960047 0.872070 0.898831 0.947278 0.849663 0.941042 0.898799 0.997630 0.977718 0.943363 0.746737 0.914732 0.821596 0.847659 0.871517 0.978688 0.933956 0.996302 0.994195 0.958897 0.919491 0.891727 0.928305 0.785737 0.650533 0.688760 0.000000 0.853103 0.902717 0.900175 0.837660 0.935462 0.893138 0.818948 0.880957 0.836564 0.793639 0.979307 0.907512 0.859099 0.897852 0.863751 0.936151 0.927221 0.867090 0.878184 0.935991 0.905702 0.919474 0.899226 0.835854 0.910368 0.950445 0.817086 0.805231 0.750730 0.760351 0.826823 0.925747 0.850773 0.945599 0.918842 0.869100 0.995748 0.938725 0.932841 0.985612 0.968129 0.993796 0.905859 0.905254 0.958932 0.864668 0.857949 0.869343 0.995531 0.780082 0.967590 0.792455 0.987163 0.949251 0.914080 0.801372 0.975841 0.851879 0.973377 0.847817 0.952991 0.884878 0.927414 0.962260 0.888574 0.842261 0.918452 0.998151 0.899430 0.956283 0.963134 0.939870 0.890556 0.802733 0.955854 0.786104 0.908162 0.973385
