0.000000 0.521280 0.655335 0.657840 0.832153 0.853072 0.633971 0.591791 0.913744 0.746859 0.580896 0.644586 0.775257 0.890186 0.920980 0.885531 0.502973 0.458086 0.602029 0.600077 0.724200 0.974997 0.794610 0.638728 0.915661 0.787270 0.947490 0.791600 0.841690 0.863854 0.911493 0.818681 0.564637 0.596902 0.630248 0.909978 0.759057 0.875465 0.892319 0.860672 0.616581 0.834573 0.737673 0.730985 0.785467 0.638476 0.537804 0.664782 0.751294 0.856767 0.845824 0.949607 0.994708 0.965748 0.666092 0.591682 0.440117 0.555213 0.458815 0.666052 0.549872 0.608952 0.586678 0.533144 0.832408 0.714120 0.651965 0.727621 0.698953 0.651521 0.879818 0.966674 0.984415 0.848738 0.991065 0.939286 0.881667 0.752081 0.565145 0.973051 0.476698 0.512940 0.958433 0.695750 0.832949 0.762985 0.855464 0.831292 0.749719 0.578542 0.833081 0.951889 0.813363 0.962294 0.771596 0.776043 0.680292 0.811408 0.612827 0.702778 0.876025 0.949952 0.607024 0.647162 0.996196 0.695624 0.970533 0.790969 0.947023 0.950121 0.979705 0.707476 0.827629 0.880916 0.981047 0.985993
0.521280 0.000000 0.800183 0.712558 0.750427 0.790718 0.902302 0.746471 0.986913 0.980047 0.850041 0.712387 0.703692 0.672117 0.893913 0.842257 0.621069 0.642059 0.675412 0.685055 0.832269 0.826547 0.903412 0.902271 0.832158 0.709892 0.966557 0.758233 0.953720 0.919542 0.911348 0.885969 0.663656 0.818343 0.771838 0.918525 0.760633 0.870981 0.974988 0.954245 0.749999 0.838872 0.666477 0.587683 0.824515 0.696244 0.693497 0.659908 0.717940 0.730925 0.767082 0.818399 0.811666 0.821136 0.719594 0.808308 0.526808 0.527729 0.611110 0.655035 0.808249 0.743088 0.887020 0.807832 0.801768 0.697541 0.865462 0.796263 0.671132 0.594628 0.752519 0.821881 0.862624 0.985125 0.995546 0.898091 0.783202 0.656270 0.676876 0.915668 0.691730 0.745350 0.911379 0.859423 0.987709 0.802331 0.958497 0.873111 0.842636 0.714400 0.907915 0.974372 0.862279 0.947235 0.811639 0.848330 0.694826 0.845097 0.728725 0.750049 0.915653 0.873537 0.695213 0.660177 0.875436 0.757707 0.848626 0.719173 0.880865 0.811111 0.987755 0.795941 0.744954 0.820264 0.754299 0.884516
0.655335 0.800183 0.000000 0.393435 0.997273 0.988122 0.442339 0.688717 0.814817 0.967466 0.826943 0.969887 0.982075 0.826243 0.836285 0.687138 0.866484 0.746242 0.797037 0.799521 0.720439 0.833254 0.959217 0.987796 0.654836 0.635436 0.837869 0.788612 0.878632 0.791743 0.856180 0.897927 0.570306 0.744099 0.610411 0.845846 0.712297 0.790471 0.739514 0.700510 0.737450 0.720102 0.683987 0.671298 0.813046 0.783322 0.730149 0.741445 0.976989 0.946740 0.781828 0.853428 0.968814 0.836220 0.792718 0.707603 0.737031 0.857557 0.694353 0.801416 0.687074 0.897714 0.927367 0.969918 0.441704 0.619257 0.407017 0.547195 0.890913 0.770119 0.794550 0.806325 0.946339 0.968784 0.894894 0.909243 0.746657 0.834496 0.780695 0.983567 0.716377 0.657251 0.923764 0.843020 0.681034 0.548790 0.894676 0.830713 0.762446 0.674070 0.563519 0.631546 0.473950 0.559686 0.817983 0.712461 0.633657 0.765212 0.671576 0.697021 0.902260 0.810113 0.721112 0.702099 0.759054 0.597051 0.990898 0.721371 0.938633 0.871386 0.776250 0.763717 0.854048 0.922188 0.889731 0.871403
0.657840 0.712558 0.393435 0.000000 0.907913 0.733105 0.532267 0.548651 0.905753 0.956251 0.842568 0.872961 0.922860 0.997625 0.756540 0.817531 0.988695 0.797773 0.826848 0.819924 0.757429 0.773258 0.952994 0.946303 0.705537 0.651168 0.871827 0.797047 0.814947 0.821281 0.906587 0.854169 0.667376 0.706080 0.621812 0.837968 0.839760 0.870742 0.672645 0.630446 0.705979 0.806465 0.585316 0.589668 0.803211 0.765952 0.654375 0.638767 0.995466 0.975237 0.765061 0.888598 0.977797 0.916901 0.858915 0.676836 0.853371 0.912313 0.707219 0.660090 0.717160 0.764571 0.973085 0.998087 0.486692 0.458529 0.418226 0.449252 0.988643 0.755741 0.635046 0.648511 0.886896 0.989291 0.923719 0.951219 0.627467 0.782376 0.812702 0.942871 0.792158 0.768149 0.766034 0.988891 0.879095 0.633136 0.832873 0.656633 0.926840 0.657959 0.563421 0.649063 0.442314 0.544096 0.792500 0.714766 0.627678 0.770968 0.566487 0.671755 0.799910 0.764959 0.695944 0.592565 0.716410 0.602216 0.988476 0.717712 0.945561 0.894103 0.791944 0.754055 0.870974 0.848115 0.877407 0.818789
0.832153 0.750427 0.997273 0.907913 0.000000 0.909244 0.834533 0.967211 0.642263 0.794091 0.932908 0.952821 0.921451 0.956393 0.781016 0.916895 0.877380 0.952369 0.925738 0.904164 0.823882 0.878693 0.591431 0.696796 0.834520 0.741745 0.985376 0.619240 0.794993 0.794219 0.884527 0.803962 0.966073 0.993467 0.993201 0.935354 0.878770 0.693800 0.962584 0.898490 0.808945 0.861624 0.666880 0.664387 0.944580 0.870067 0.791733 0.760612 0.853109 0.855360 0.893707 0.973507 0.938983 0.903352 0.939728 0.901210 0.910958 0.963566 0.810192 0.907643 0.781803 0.886334 0.857234 0.913707 0.873428 0.924166 0.898152 0.886119 0.761753 0.827403 0.872584 0.912702 0.791086 0.755239 0.920070 0.943659 0.922872 0.728745 0.994515 0.903472 0.961570 0.873608 0.716113 0.800696 0.672418 0.723061 0.859885 0.722304 0.893793 0.978472 0.969917 0.943771 0.949462 0.864627 0.996052 0.921691 0.965587 0.809159 0.923674 0.921203 0.939864 0.781003 0.708165 0.757863 0.991918 0.826973 0.943881 0.829772 0.793612 0.990972 0.962429 0.999496 0.915742 0.944500 0.945487 0.813463
0.853072 0.790718 0.988122 0.733105 0.909244 0.000000 0.989153 0.725977 0.994708 0.888647 0.901905 0.735156 0.811518 0.746885 0.939418 0.777343 0.951005 0.979551 0.902420 0.968843 0.966786 0.795022 0.868840 0.898141 0.997197 0.931886 0.883298 0.822832 0.913786 0.986841 0.977948 0.893887 0.985531 0.930483 0.925454 0.961800 0.941325 0.907173 0.859079 0.832658 0.878717 0.924878 0.936937 0.960024 0.952253 0.999998 0.893355 0.907622 0.921818 0.902315 0.952790 0.905777 0.975882 0.888836 0.914063 0.882385 0.976449 0.962744 0.902995 0.744168 0.862147 0.698580 0.936665 0.975266 0.926073 0.636488 0.902210 0.799038 0.868041 0.958246 0.704616 0.728948 0.991131 0.997827 0.986315 0.878668 0.807660 0.822705 0.994121 0.985857 0.988206 0.946699 0.673624 0.807791 0.777128 0.986459 0.901992 0.702024 0.973510 0.967651 0.947974 0.983310 0.807520 0.968510 0.930957 0.959175 0.894628 0.896768 0.820475 0.911820 0.840313 0.875825 0.904469 0.864234 0.804710 0.839089 0.952961 0.961717 0.885875 0.970490 0.895539 0.936234 0.960360 0.917923 0.749045 0.853666
0.633971 0.902302 0.442339 0.532267 0.834533 0.989153 0.000000 0.484093 0.665731 0.562332 0.693788 0.834897 0.901766 0.816188 0.779279 0.691773 0.732919 0.615663 0.668039 0.798653 0.941334 0.991957 0.893627 0.941253 0.993037 0.970545 0.939113 0.929996 0.862370 0.863685 0.827589 0.972182 0.499188 0.526147 0.638833 0.882820 0.993247 0.918052 0.919475 0.870527 0.740375 0.882528 0.836763 0.842416 0.612074 0.604535 0.794553 0.765749 0.908553 0.970777 0.988298 0.880823 0.860278 0.938827 0.769087 0.718364 0.826577 0.983403 0.805777 0.933773 0.401670 0.624246 0.568100 0.630904 0.658249 0.680470 0.496064 0.611281 0.934058 0.920890 0.950478 0.936439 0.963055 0.966297 0.855505 0.889264 0.889812 0.968307 0.748957 0.850154 0.535806 0.503688 0.941452 0.703736 0.577137 0.587948 0.858146 0.945909 0.873054 0.763499 0.525129 0.750440 0.535294 0.773977 0.726247 0.797653 0.701610 0.851412 0.536746 0.636714 0.895309 0.959380 0.772385 0.697536 0.904419 0.751893 0.779371 0.906344 0.843422 0.944842 0.743309 0.671743 0.854845 0.873249 0.877240 0.900670
0.591791 0.746471 0.688717 0.548651 0.967211 0.725977 0.484093 0.000000 0.895767 0.494162 0.515409 0.460762 0.783906 0.876389 0.661998 0.909133 0.698023 0.634427 0.713095 0.748966 0.973434 0.998775 0.804060 0.764435 0.791033 0.897146 0.891350 0.897980 0.788168 0.712208 0.980302 0.907751 0.682455 0.429300 0.742176 0.874789 0.911821 0.797482 0.834424 0.744605 0.737086 0.976272 0.811843 0.808640 0.690389 0.647402 0.725980 0.686304 0.878588 0.814247 0.854844 0.675045 0.677763 0.637114 0.709955 0.688965 0.921022 0.983244 0.727307 0.726709 0.411841 0.351368 0.626896 0.555044 0.902896 0.525123 0.617168 0.527728 0.823096 0.840552 0.814077 0.907890 0.999556 0.945229 0.862090 0.968288 0.775076 0.828049 0.793007 0.884569 0.657593 0.685713 0.814764 0.848220 0.993425 0.841321 0.729782 0.687827 0.982743 0.756878 0.740489 0.964961 0.707670 0.996623 0.726927 0.916369 0.778880 0.865368 0.506438 0.737678 0.711531 0.989442 0.685936 0.695178 0.972612 0.800143 0.758569 0.995022 0.891312 0.970454 0.795962 0.728507 0.847766 0.780322 0.896604 0.967126
0.913744 0.986913 0.814817 0.905753 0.642263 0.994708 0.665731 0.895767 0.000000 0.804449 0.938691 0.958664 0.777913 0.911152 0.832537 0.988502 0.837912 0.834996 0.902119 0.983757 0.944277 0.971768 0.675621 0.837775 0.994634 0.980339 0.958347 0.947876 0.895550 0.919023 0.848225 0.946163 0.813846 0.958624 0.911694 0.858670 0.999226 0.836966 0.990315 0.881963 0.944972 0.894927 0.857438 0.876512 0.992322 0.991336 0.919685 0.850487 0.968544 0.927824 0.968210 0.971026 0.874689 0.773434 0.954933 0.965900 0.886113 0.883921 0.924068 0.903816 0.661660 0.861025 0.760491 0.834796 0.689900 0.865571 0.981100 0.871227 0.978256 0.926965 0.941111 0.834090 0.874771 0.985679 0.916478 0.993694 0.977372 0.928800 0.739940 0.905220 0.777818 0.773563 0.716336 0.775669 0.592028 0.572024 0.853008 0.820137 0.858261 0.838388 0.815404 0.852367 0.887309 0.900716 0.976200 0.915501 0.864890 0.939526 0.972550 0.809160 0.854006 0.967519 0.980077 0.936198 0.854593 0.972223 0.954574 0.955990 0.854034 0.968748 0.793440 0.940073 0.987132 0.854523 0.967608 0.857575
0.746859 0.980047 0.967466 0.956251 0.794091 0.888647 0.562332 0.494162 0.804449 0.000000 0.577376 0.617724 0.924657 0.996230 0.775659 0.894592 0.641422 0.639269 0.684932 0.820335 0.879735 0.822264 0.984829 0.799431 0.548180 0.613147 0.788999 0.673386 0.631178 0.574703 0.956187 0.947875 0.779876 0.565136 0.846081 0.944162 0.747771 0.686790 0.861456 0.955606 0.882689 0.924821 0.824891 0.866309 0.703207 0.718772 0.873990 0.920789 0.823932 0.843513 0.730817 0.634174 0.673746 0.613873 0.773951 0.826120 0.998941 0.944416 0.888434 0.938475 0.452123 0.478492 0.420557 0.411679 0.814050 0.905757 0.847697 0.830669 0.813845 0.984838 0.908023 0.794560 0.910516 0.967071 0.921004 0.888079 0.874863 0.853416 0.832609 0.740287 0.603215 0.643231 0.949612 0.704876 0.843079 0.969271 0.817230 0.951646 0.925183 0.884755 0.823341 0.865347 0.934287 0.788116 0.794005 0.969795 0.970401 0.954020 0.691288 0.769289 0.882547 0.827586 0.796558 0.837219 0.930313 0.926586 0.646454 0.793160 0.935524 0.975085 0.955786 0.802042 0.948878 0.898899 0.756843 0.775966
0.580896 0.850041 0.826943 0.842568 0.932908 0.901905 0.693788 0.515409 0.938691 0.577376 0.000000 0.468960 0.759458 0.982139 0.641160 0.837388 0.590353 0.661957 0.819511 0.773801 0.939265 0.852973 0.589439 0.549437 0.816750 0.906417 0.814357 0.974588 0.792178 0.815135 0.811959 0.767093 0.792101 0.514674 0.764797 0.944304 0.913776 0.930690 0.966933 0.837858 0.722686 0.838750 0.947723 0.939924 0.869654 0.757465 0.757997 0.884302 0.915815 0.810422 0.715216 0.626562 0.562454 0.556260 0.698428 0.663358 0.862965 0.918211 0.709445 0.821306 0.543203 0.493558 0.606841 0.523138 0.850327 0.828093 0.764518 0.785857 0.910042 0.683915 0.856772 0.899613 0.808086 0.908918 0.862623 0.915345 0.918388 0.880124 0.739183 0.888660 0.671515 0.767890 0.863405 0.813283 0.880776 0.918822 0.755493 0.707820 0.939089 0.824890 0.846079 0.798429 0.875832 0.886553 0.795529 0.900695 0.792398 0.832744 0.731010 0.890334 0.810423 0.954492 0.628319 0.797395 0.889070 0.870164 0.769068 0.969874 0.895977 0.925741 0.998543 0.815076 0.896688 0.856908 0.896475 0.936216
0.644586 0.712387 0.969887 0.872961 0.952821 0.735156 0.834897 0.460762 0.958664 0.617724 0.468960 0.000000 0.570587 0.618376 0.841089 0.819599 0.656993 0.680057 0.669085 0.747356 0.896182 0.859353 0.673354 0.741736 0.688497 0.768345 0.891362 0.911606 0.760863 0.675219 0.753790 0.857096 0.899800 0.590647 0.891527 0.945820 0.907499 0.734339 0.934462 0.909339 0.835804 0.943265 0.898707 0.869676 0.865184 0.753339 0.762476 0.831947 0.910557 0.798631 0.762142 0.634199 0.686842 0.611638 0.675960 0.778672 0.886874 0.897783 0.795265 0.820534 0.547654 0.410963 0.629768 0.551084 0.813016 0.721021 0.955111 0.864466 0.985916 0.724856 0.967916 0.963655 0.996144 0.993484 0.880522 0.995269 0.824556 0.745951 0.787359 0.863643 0.732969 0.823176 0.853685 0.907292 0.781056 0.926039 0.786330 0.734889 0.992826 0.929519 0.972662 0.714180 0.991480 0.736140 0.813675 0.888199 0.867213 0.942783 0.752304 0.984472 0.737850 0.859120 0.744480 0.873808 0.905127 0.978116 0.837940 0.947199 0.921791 0.972637 0.975278 0.881541 0.874620 0.869643 0.899649 0.999572
0.775257 0.703692 0.982075 0.922860 0.921451 0.811518 0.901766 0.783906 0.777913 0.924657 0.759458 0.570587 0.000000 0.559224 0.754496 0.604691 0.816907 0.829147 0.696061 0.855375 0.933402 0.977387 0.996779 0.931448 0.865305 0.922456 0.991729 0.961527 0.845270 0.887154 0.945421 0.934452 0.914265 0.813347 0.987164 0.900119 0.943920 0.841830 0.963739 0.933146 0.867880 0.927527 0.942021 0.905495 0.982985 0.849528 0.882503 0.999340 0.936925 0.909137 0.884587 0.884076 0.999558 0.901355 0.837876 0.867970 0.864764 0.847239 0.923170 0.952985 0.657240 0.643521 0.839991 0.828404 0.974925 0.748967 0.916288 0.884619 0.827915 0.816808 0.995479 0.970291 0.823008 0.978755 0.982443 0.851270 0.792464 0.745488 0.865570 0.911550 0.854607 0.902567 0.935081 0.983363 0.979991 0.841934 0.961150 0.920461 0.928896 0.928672 0.903690 0.941804 0.926143 0.926360 0.975040 0.955370 0.850544 0.925259 0.880248 0.991672 0.949822 0.908295 0.900072 0.971236 0.899632 0.899989 0.891163 0.979126 0.924781 0.938959 0.937682 0.972870 0.851185 0.775075 0.945280 0.966027
0.890186 0.672117 0.826243 0.997625 0.956393 0.746885 0.816188 0.876389 0.911152 0.996230 0.982139 0.618376 0.559224 0.000000 0.724319 0.551574 0.933225 0.894451 0.663585 0.779518 0.910536 0.969262 0.976770 0.878612 0.870308 0.972849 0.898288 0.942930 0.828384 0.820308 0.981095 0.832878 0.905107 0.955257 0.970858 0.996126 0.822453 0.821493 0.942211 0.986665 0.853826 0.839766 0.883424 0.832903 0.933526 0.938478 0.818670 0.872587 0.968970 0.936760 0.945770 0.953614 0.908406 0.959708 0.859397 0.868245 0.925903 0.905968 0.934266 0.896444 0.943736 0.763821 0.997171 0.957983 0.913058 0.791242 0.806631 0.935702 0.899353 0.875990 0.839837 0.840350 0.801724 0.903906 0.988686 0.808443 0.695993 0.781142 0.894819 0.966495 0.974338 0.992076 0.914368 0.933547 0.808117 0.979603 0.925479 0.985986 0.947799 0.982455 0.877818 0.856850 0.895985 0.847579 0.917103 0.938504 0.957398 0.940144 0.982863 0.995200 0.862902 0.914929 0.948156 0.979331 0.974442 0.924086 0.871898 0.994001 0.866528 0.914002 0.956915 0.986818 0.912806 0.972931 0.905901 0.921505
0.920980 0.893913 0.836285 0.756540 0.781016 0.939418 0.779279 0.661998 0.832537 0.775659 0.641160 0.841089 0.754496 0.724319 0.000000 0.564054 0.993729 0.942191 0.882090 0.947269 0.932797 0.993613 0.540904 0.634787 0.973667 0.953947 0.789591 0.980627 0.845919 0.914154 0.754074 0.758053 0.988848 0.743508 0.892519 0.943184 0.941052 0.940283 0.943757 0.816871 0.819953 0.851083 0.812009 0.859218 0.803973 0.845172 0.939390 0.884657 0.957592 0.852550 0.930582 0.769546 0.558829 0.544175 0.876522 0.816709 0.847300 0.753918 0.781888 0.800679 0.881826 0.795855 0.979152 0.896712 0.880495 0.854934 0.639044 0.621303 0.843865 0.876794 0.971282 0.989114 0.786761 0.921539 0.806081 0.904547 0.952283 0.998707 0.929362 0.965525 0.964349 0.905387 0.669142 0.837908 0.742864 0.763970 0.709353 0.632319 0.917464 0.971467 0.800467 0.933457 0.736761 0.832147 0.875132 0.936405 0.865799 0.821235 0.749113 0.818698 0.695468 0.882831 0.710054 0.798328 0.996976 0.835071 0.730730 0.906658 0.923992 0.978042 0.805973 0.874465 0.979847 0.856578 0.910711 0.906614
0.885531 0.842257 0.687138 0.817531 0.916895 0.777343 0.691773 0.909133 0.988502 0.894592 0.837388 0.819599 0.604691 0.551574 0.564054 0.000000 0.929106 0.920974 0.915307 0.985299 0.906463 0.972398 0.795175 0.688761 0.875962 0.922707 0.874421 0.987986 0.923084 0.865656 0.936021 0.774817 0.916426 0.893941 0.730921 0.950052 0.922557 0.887902 0.986838 0.894477 0.894329 0.737952 0.889719 0.903064 0.750824 0.825337 0.945220 0.876424 0.833283 0.942841 0.960796 0.988711 0.775739 0.813504 0.966851 0.781079 0.957332 0.890197 0.779860 0.983127 0.953930 0.941377 0.871296 0.880037 0.946688 0.878235 0.701834 0.809338 0.972361 0.942353 0.872809 0.912823 0.714167 0.817489 0.866293 0.798843 0.890972 0.825778 0.998488 0.944676 0.822534 0.818449 0.963316 0.894068 0.894731 0.958780 0.827444 0.869206 0.903373 0.806095 0.792335 0.856484 0.760466 0.799414 0.858097 0.767762 0.864303 0.836264 0.845305 0.783949 0.930274 0.927333 0.842748 0.838129 0.962698 0.799760 0.821341 0.888407 0.982213 0.980476 0.870478 0.787927 0.833822 0.926712 0.882622 0.977356
0.502973 0.621069 0.866484 0.988695 0.877380 0.951005 0.732919 0.698023 0.837912 0.641422 0.590353 0.656993 0.816907 0.933225 0.993729 0.929106 0.000000 0.444390 0.682510 0.584439 0.946918 0.882744 0.934628 0.766036 0.875306 0.926464 0.915649 0.907246 0.648968 0.673231 0.981418 0.935019 0.658104 0.699649 0.741904 0.931978 0.831716 0.874913 0.835503 0.881820 0.836758 0.926270 0.974002 0.946765 0.786215 0.716709 0.778994 0.820000 0.733091 0.870211 0.995750 0.971262 0.968297 0.910840 0.633206 0.719928 0.541568 0.562475 0.584776 0.778842 0.556861 0.588855 0.488368 0.436514 0.999795 0.861856 0.894129 0.922125 0.807431 0.664242 0.918151 0.777289 0.988249 0.939811 0.870731 0.949086 0.983086 0.976684 0.676492 0.887214 0.468927 0.524086 0.862706 0.556879 0.762557 0.830600 0.905680 0.915214 0.764808 0.689691 0.959801 0.781178 0.927302 0.787009 0.789150 0.832351 0.785487 0.970571 0.771243 0.805526 0.973980 0.809560 0.721376 0.829474 0.932382 0.904082 0.831266 0.965813 0.971887 0.922306 0.974138 0.758893 0.813527 0.952808 0.992703 0.898525
0.458086 0.642059 0.746242 0.797773 0.952369 0.979551 0.615663 0.634427 0.834996 0.639269 0.661957 0.680057 0.829147 0.894451 0.942191 0.920974 0.444390 0.000000 0.613866 0.611885 0.912606 0.908700 0.983138 0.796000 0.992400 0.972868 0.960183 0.993397 0.631144 0.611308 0.843633 0.993270 0.589071 0.613088 0.688106 0.814122 0.830403 0.925434 0.987788 0.939850 0.765376 0.873107 0.895950 0.855947 0.736272 0.673371 0.582170 0.696235 0.698486 0.861226 0.928115 0.997196 0.943951 0.960621 0.558296 0.630642 0.479594 0.612705 0.575461 0.757090 0.516161 0.596612 0.436700 0.436740 0.869498 0.819551 0.794421 0.807879 0.858103 0.725867 0.979657 0.851046 0.976507 0.869675 0.954062 0.947725 0.985638 0.960559 0.627633 0.923105 0.338673 0.380263 0.793099 0.487427 0.655699 0.683850 0.972118 0.934188 0.726843 0.597938 0.947561 0.796545 0.997841 0.827460 0.736954 0.806077 0.848998 0.932047 0.739583 0.766200 0.995367 0.837471 0.786243 0.808133 0.959775 0.759754 0.878017 0.961133 0.901056 0.907690 0.964477 0.744328 0.819416 0.948339 0.994657 0.901436
0.602029 0.675412 0.797037 0.826848 0.925738 0.902420 0.668039 0.713095 0.902119 0.684932 0.819511 0.669085 0.696061 0.663585 0.882090 0.915307 0.682510 0.613866 0.000000 0.661707 0.960017 0.971398 0.893512 0.931094 0.905767 0.982683 0.957587 0.960708 0.705893 0.725154 0.826491 0.805349 0.654786 0.695265 0.760372 0.884802 0.952306 0.841038 0.949814 0.922003 0.843023 0.990786 0.930387 0.845562 0.824471 0.712689 0.730576 0.778148 0.899359 0.978371 0.989071 0.991760 0.974549 0.945233 0.706554 0.715022 0.702101 0.784926 0.883656 0.891210 0.580009 0.671691 0.579093 0.635130 0.889730 0.781219 0.915778 0.895364 0.849371 0.825173 0.931478 0.899236 0.820692 0.925005 0.973789 0.989181 0.882165 0.832323 0.669838 0.980862 0.564750 0.560723 0.867460 0.767302 0.704959 0.721364 0.916810 0.902895 0.903342 0.845175 0.856917 0.990968 0.871491 0.965513 0.864792 0.977334 0.793472 0.961684 0.755862 0.729407 0.962195 0.805185 0.792716 0.882701 0.986850 0.829025 0.896456 0.909582 0.905381 0.891202 0.980873 0.804014 0.787722 0.952089 0.959643 0.789182
0.600077 0.685055 0.799521 0.819924 0.904164 0.968843 0.798653 0.748966 0.983757 0.820335 0.773801 0.747356 0.855375 0.779518 0.947269 0.985299 0.584439 0.611885 0.661707 0.000000 0.838485 0.982392 0.965200 0.908577 0.971980 0.939216 0.956199 0.930690 0.769253 0.840960 0.804515 0.988243 0.738587 0.777367 0.733743 0.950348 0.810042 0.916445 0.976148 0.925051 0.864288 0.940866 0.840921 0.807614 0.837034 0.726226 0.675460 0.619262 0.778238 0.760830 0.798824 0.801437 0.881824 0.964875 0.781375 0.663787 0.660171 0.640434 0.610722 0.606338 0.757650 0.712327 0.766276 0.704337 0.905811 0.752080 0.806019 0.771734 0.835687 0.761478 0.895891 0.983510 0.860896 0.923936 0.978017 0.960061 0.878220 0.975098 0.656881 0.981194 0.646221 0.671229 0.866235 0.736847 0.855715 0.795451 0.876873 0.970941 0.825643 0.682649 0.884409 0.961759 0.910561 0.998819 0.916046 0.879230 0.752315 0.875819 0.705038 0.817702 0.803943 0.891634 0.671857 0.763115 0.997023 0.840765 0.975052 0.864660 0.973791 0.985084 0.902977 0.787480 0.774030 0.968624 0.974328 0.980996
0.724200 0.832269 0.720439 0.757429 0.823882 0.966786 0.941334 0.973434 0.944277 0.879735 0.939265 0.896182 0.933402 0.910536 0.932797 0.906463 0.946918 0.912606 0.960017 0.838485 0.000000 0.881010 0.843915 0.765128 0.710335 0.678564 0.996152 0.777531 0.776275 0.670893 0.961285 0.860284 0.848506 0.978102 0.768417 0.991117 0.716003 0.767224 0.855035 0.965727 0.826693 0.865457 0.692721 0.740264 0.995312 0.964968 0.809516 0.866380 0.971120 0.853479 0.749011 0.796563 0.927410 0.869059 0.993517 0.983757 0.708163 0.791931 0.691269 0.873305 0.964033 0.872951 0.888500 0.893590 0.795325 0.929617 0.758031 0.857372 0.693791 0.750440 0.882846 0.872717 0.938879 0.785581 0.948823 0.946164 0.912598 0.903060 0.953021 0.903423 0.996054 0.992679 0.801505 0.934894 0.973733 0.996447 0.974776 0.818174 0.850865 0.754127 0.817172 0.826240 0.812968 0.757058 0.927824 0.718615 0.795660 0.870239 0.959744 0.881522 0.945176 0.854680 0.711342 0.765176 0.915943 0.806849 0.825125 0.783428 0.998699 0.882816 0.911166 0.840930 0.921404 0.955969 0.877078 0.777037
0.974997 0.826547 0.833254 0.773258 0.878693 0.795022 0.991957 0.998775 0.971768 0.822264 0.852973 0.859353 0.977387 0.969262 0.993613 0.972398 0.882744 0.908700 0.971398 0.982392 0.881010 0.000000 0.990091 0.970545 0.884505 0.775128 0.879143 0.727264 0.819813 0.789603 0.944924 0.843667 0.987420 0.981294 0.920669 0.910379 0.844649 0.810478 0.937708 0.859531 0.893484 0.837292 0.907572 0.923025 0.896037 0.910646 0.926315 0.991271 0.994957 0.849502 0.745297 0.754921 0.809462 0.803308 0.910375 0.952832 0.952682 0.947262 0.881561 0.750524 0.875912 0.957921 0.761919 0.786105 0.778288 0.769289 0.803158 0.826142 0.942635 0.989838 0.745655 0.696347 0.977029 0.977719 0.857513 0.886675 0.866332 0.871016 0.954170 0.997974 0.934952 0.892276 0.712533 0.846784 0.937420 0.883035 0.865395 0.853782 0.898360 0.916674 0.841674 0.845788 0.772555 0.725617 0.940102 0.997123 0.964201 0.997242 0.827390 0.806438 0.915206 0.745628 0.915674 0.903333 0.707168 0.762674 0.902899 0.753538 0.934793 0.955507 0.985489 0.833569 0.905640 0.971492 0.811623 0.940259
0.794610 0.903412 0.959217 0.952994 0.591431 0.868840 0.893627 0.804060 0.675621 0.984829 0.589439 0.673354 0.996779 0.976770 0.540904 0.795175 0.934628 0.983138 0.893512 0.965200 0.843915 0.990091 0.000000 0.421558 0.927205 0.999086 0.856986 0.862078 0.923500 0.866744 0.564762 0.577040 0.863945 0.856465 0.980042 0.947450 0.926440 0.924402 0.868252 0.855994 0.823471 0.837044 0.788198 0.788173 0.981245 0.913114 0.851406 0.865999 0.935434 0.893353 0.878171 0.771944 0.618328 0.544833 0.904760 0.840809 0.998176 0.993588 0.683229 0.788586 0.968303 0.825683 0.983679 0.894143 0.657766 0.981823 0.902451 0.888870 0.817640 0.774245 0.915351 0.998852 0.620139 0.755471 0.842268 0.966548 0.862935 0.856184 0.950115 0.990921 0.945330 0.807580 0.582992 0.777972 0.445357 0.564719 0.672947 0.497441 0.973856 0.986790 0.947636 0.800025 0.980853 0.961618 0.998025 0.985187 0.942490 0.761466 0.861935 0.954721 0.727386 0.954178 0.637797 0.805538 0.903456 0.899999 0.952828 0.958491 0.911897 0.976989 0.978036 0.896233 0.970825 0.958715 0.968325 0.796894
0.638728 0.902271 0.987796 0.946303 0.696796 0.898141 0.941253 0.764435 0.837775 0.799431 0.549437 0.741736 0.931448 0.878612 0.634787 0.688761 0.766036 0.796000 0.931094 0.908577 0.765128 0.970545 0.421558 0.000000 0.892777 0.973870 0.757132 0.963643 0.979765 0.989818 0.692014 0.548436 0.996724 0.767007 0.913578 0.936960 0.828744 0.951913 0.918936 0.889261 0.760038 0.877056 0.871312 0.875693 0.889750 0.825348 0.788742 0.830417 0.780985 0.976875 0.882933 0.785921 0.683614 0.568129 0.892272 0.813324 0.833984 0.875423 0.588218 0.833088 0.878753 0.800842 0.777660 0.666713 0.712285 0.874056 0.860665 0.925026 0.791824 0.754888 0.876540 0.930903 0.559768 0.665522 0.980834 0.877685 0.987306 0.930720 0.936990 0.901078 0.790309 0.914769 0.816922 0.908424 0.704653 0.696337 0.767184 0.663004 0.926259 0.862328 0.984893 0.796563 0.984053 0.895317 0.967259 0.872728 0.933056 0.819183 0.800352 0.903553 0.816452 0.981924 0.619887 0.772322 0.889580 0.868629 0.851809 0.957326 0.982855 0.967791 0.972465 0.796654 0.999671 0.959192 0.919484 0.920228
0.915661 0.832158 0.654836 0.705537 0.834520 0.997197 0.993037 0.791033 0.994634 0.548180 0.816750 0.688497 0.865305 0.870308 0.973667 0.875962 0.875306 0.992400 0.905767 0.971980 0.710335 0.884505 0.927205 0.892777 0.000000 0.405238 0.792749 0.604064 0.660288 0.641898 0.837752 0.984089 0.837464 0.821824 0.872617 0.832847 0.690550 0.650077 0.749447 0.821992 0.908073 0.750995 0.619785 0.610678 0.995066 0.977102 0.831812 0.913144 0.982525 0.752031 0.629276 0.617248 0.691468 0.623486 0.975357 0.900656 0.712425 0.827365 0.874695 0.945562 0.748790 0.652585 0.683851 0.622262 0.566924 0.875084 0.768034 0.840387 0.853958 0.820985 0.771114 0.786023 0.900992 0.924705 0.923086 0.973194 0.781114 0.820200 0.859924 0.767677 0.978368 0.987422 0.999899 0.926777 0.863671 0.790405 0.897888 0.960543 0.757434 0.793792 0.857224 0.678397 0.767223 0.597046 0.937028 0.712330 0.777790 0.801595 0.958143 0.896140 0.983801 0.799895 0.993989 0.911814 0.811397 0.817000 0.851395 0.686022 0.955839 0.859936 0.892365 0.993702 0.947851 0.938599 0.680684 0.706112
0.787270 0.709892 0.635436 0.651168 0.741745 0.931886 0.970545 0.897146 0.980339 0.613147 0.906417 0.768345 0.922456 0.972849 0.953947 0.922707 0.926464 0.972868 0.982683 0.939216 0.678564 0.775128 0.999086 0.973870 0.405238 0.000000 0.826149 0.615156 0.700536 0.642747 0.800900 0.914285 0.822076 0.928351 0.829929 0.830754 0.633446 0.621738 0.694653 0.811603 0.851047 0.748426 0.591428 0.623082 0.891617 0.972972 0.826429 0.802375 0.974979 0.752436 0.651399 0.639449 0.756493 0.649946 0.923107 0.855999 0.741037 0.751264 0.816009 0.808488 0.828551 0.780209 0.721428 0.724544 0.554416 0.818570 0.733448 0.813273 0.761645 0.853528 0.777469 0.788765 0.921471 0.870340 0.980459 0.962540 0.713629 0.701800 0.815166 0.717504 0.980205 0.953794 0.967265 0.989418 0.921206 0.773208 0.934769 0.873357 0.697885 0.720326 0.831661 0.714058 0.739788 0.592945 0.868840 0.726718 0.781068 0.733222 0.912796 0.889717 0.974275 0.743389 0.854273 0.801695 0.864654 0.732703 0.790662 0.681127 0.893233 0.903431 0.944899 0.877907 0.903610 0.984295 0.696679 0.745897
0.947490 0.966557 0.837869 0.871827 0.985376 0.883298 0.939113 0.891350 0.958347 0.788999 0.814357 0.891362 0.991729 0.898288 0.789591 0.874421 0.915649 0.960183 0.957587 0.956199 0.996152 0.879143 0.856986 0.757132 0.792749 0.826149 0.000000 0.783277 0.951118 0.947014 0.950078 0.872670 0.995665 0.857099 0.907396 0.960194 0.940345 0.961507 0.904466 0.958746 0.988424 0.918287 0.868022 0.949741 0.684415 0.688475 0.994837 0.917434 0.715938 0.845366 0.974747 0.885727 0.862094 0.818237 0.919469 0.895495 0.980577 0.946167 0.950795 0.976232 0.939641 0.930616 0.888045 0.811473 0.752349 0.854725 0.940987 0.956130 0.936094 0.978676 0.942591 0.883817 0.832063 0.892750 0.974280 0.942482 0.879160 0.957915 0.935454 0.911210 0.980163 0.939629 0.992307 0.979028 0.944921 0.805202 0.975673 0.983776 0.924648 0.903059 0.867678 0.993905 0.944717 0.943083 0.943258 0.934778 0.962773 0.957563 0.878665 0.839384 0.882607 0.945913 0.926895 0.938225 0.695140 0.903004 0.923476 0.906323 0.938668 0.896781 0.940428 0.906168 0.981860 0.823944 0.783393 0.997906
0.791600 0.758233 0.788612 0.797047 0.619240 0.822832 0.929996 0.897980 0.947876 0.673386 0.974588 0.911606 0.961527 0.942930 0.980627 0.987986 0.907246 0.993397 0.960708 0.930690 0.777531 0.727264 0.862078 0.963643 0.604064 0.615156 0.783277 0.000000 0.841316 0.788180 0.962580 0.844163 0.917962 0.984843 0.899280 0.981597 0.697629 0.663136 0.884551 0.842358 0.848846 0.906474 0.824435 0.815565 0.795974 0.864955 0.866720 0.959794 0.861290 0.989743 0.885603 0.862114 0.874357 0.861990 0.996604 0.872323 0.775623 0.884329 0.846563 0.906965 0.871988 0.860259 0.851191 0.809210 0.764889 0.857569 0.861452 0.973598 0.698911 0.870170 0.831455 0.804377 0.973188 0.832275 0.938269 0.951840 0.892804 0.802923 0.844406 0.787712 0.980510 0.960515 0.806788 0.892855 0.940796 0.940665 0.975614 0.776056 0.933792 0.794748 0.984020 0.892434 0.861098 0.780000 0.950935 0.886965 0.856787 0.778298 0.997482 0.943783 0.963982 0.833031 0.798898 0.860587 0.792254 0.733791 0.924372 0.749761 0.920801 0.927545 0.981737 0.985560 0.995820 0.966456 0.718524 0.738072
0.841690 0.953720 0.878632 0.814947 0.794993 0.913786 0.862370 0.788168 0.895550 0.631178 0.792178 0.760863 0.845270 0.828384 0.845919 0.923084 0.648968 0.631144 0.705893 0.769253 0.776275 0.819813 0.923500 0.979765 0.660288 0.700536 0.951118 0.841316 0.000000 0.413366 0.944064 0.758719 0.859298 0.695404 0.949717 0.994643 0.836591 0.683385 0.837711 0.805175 0.955613 0.915436 0.734125 0.803623 0.993976 0.930213 0.904042 0.993642 0.949159 0.834485 0.626916 0.693166 0.870414 0.707298 0.896365 0.817753 0.928536 0.997287 0.964465 0.967189 0.670455 0.610677 0.546813 0.568703 0.813060 0.988903 0.813553 0.891415 0.849137 0.930591 0.802234 0.733880 0.974133 0.831862 0.996105 0.941046 0.889593 0.948161 0.853155 0.966931 0.680232 0.697966 0.731525 0.659920 0.854787 0.932111 0.951867 0.781688 0.993548 0.916593 0.786333 0.560987 0.684548 0.506612 0.953430 0.964696 0.793069 0.842130 0.983069 0.981627 0.913797 0.579490 0.940149 0.888327 0.817633 0.851373 0.852811 0.669273 0.971098 0.934049 0.994121 0.967351 0.849343 0.996163 0.849244 0.678243
0.863854 0.919542 0.791743 0.821281 0.794219 0.986841 0.863685 0.712208 0.919023 0.574703 0.815135 0.675219 0.887154 0.820308 0.914154 0.865656 0.673231 0.611308 0.725154 0.840960 0.670893 0.789603 0.866744 0.989818 0.641898 0.642747 0.947014 0.788180 0.413366 0.000000 0.855714 0.724906 0.824113 0.655081 0.951428 0.881622 0.802950 0.698823 0.859117 0.928232 0.963255 0.835779 0.803070 0.824328 0.858817 0.859997 0.870235 0.943233 0.782991 0.903481 0.767430 0.726319 0.899026 0.735054 0.761874 0.862327 0.879278 0.947654 0.975864 0.974357 0.660689 0.591639 0.514597 0.514767 0.797770 0.973569 0.837191 0.987784 0.775259 0.920027 0.890532 0.798301 0.889724 0.831364 0.947580 0.971080 0.855862 0.942897 0.840498 0.992920 0.692501 0.663470 0.695616 0.644352 0.831729 0.951993 0.896055 0.791385 0.992162 0.900762 0.736830 0.565659 0.695025 0.505032 0.862971 0.824395 0.854660 0.816691 0.936685 0.999504 0.941115 0.678117 0.871294 0.927467 0.850197 0.962250 0.758441 0.727536 0.957628 0.984187 0.984852 0.964445 0.905387 0.991248 0.880751 0.698319
0.911493 0.911348 0.856180 0.906587 0.884527 0.977948 0.827589 0.980302 0.848225 0.956187 0.811959 0.753790 0.945421 0.981095 0.754074 0.936021 0.981418 0.843633 0.826491 0.804515 0.961285 0.944924 0.564762 0.692014 0.837752 0.800900 0.950078 0.962580 0.944064 0.855714 0.000000 0.657461 0.670417 0.959942 0.890401 0.831532 0.994273 0.768693 0.985572 0.972981 0.919449 0.926670 0.956286 0.977754 0.837603 0.821052 0.910181 0.796635 0.753444 0.655461 0.721692 0.693553 0.679492 0.651692 0.981066 0.941350 0.803276 0.810276 0.974044 0.910706 0.951086 0.919298 0.920956 0.982002 0.752361 0.948778 0.892778 0.828664 0.876466 0.798537 0.740384 0.960342 0.792549 0.849418 0.828094 0.959843 0.978111 0.952326 0.852921 0.996208 0.827529 0.758446 0.737246 0.769557 0.568636 0.700204 0.815295 0.736042 0.947188 0.871755 0.889514 0.842062 0.852355 0.881562 0.911591 0.970075 0.914542 0.923660 0.852244 0.810391 0.878480 0.957866 0.855114 0.899931 0.951098 0.879325 0.956026 0.895912 0.907206 0.942166 0.881895 0.988920 0.955192 0.922953 0.878980 0.829486
0.818681 0.885969 0.897927 0.854169 0.803962 0.893887 0.972182 0.907751 0.946163 0.947875 0.767093 0.857096 0.934452 0.832878 0.758053 0.774817 0.935019 0.993270 0.805349 0.988243 0.860284 0.843667 0.577040 0.548436 0.984089 0.914285 0.872670 0.844163 0.758719 0.724906 0.657461 0.000000 0.922409 0.986867 0.965065 0.718734 0.760143 0.849390 0.910000 0.894451 0.756723 0.898840 0.894392 0.907614 0.976012 0.978417 0.961364 0.988752 0.998033 0.981537 0.973240 0.964123 0.808022 0.841924 0.986478 0.966987 0.938860 0.866602 0.674219 0.864595 0.961679 0.939167 0.986761 0.911694 0.953655 0.945761 0.842514 0.968091 0.734242 0.710462 0.934260 0.952659 0.736832 0.664360 0.828308 0.879027 0.974694 0.948898 0.986035 0.897732 0.920269 0.961047 0.741606 0.955722 0.726335 0.841195 0.839438 0.583838 0.806868 0.986227 0.849905 0.967324 0.821282 0.901862 0.900180 0.973058 0.847911 0.766453 0.868232 0.958538 0.915067 0.814723 0.695042 0.781105 0.945491 0.848646 0.963529 0.899237 0.945490 0.828841 0.909268 0.854353 0.958650 0.920380 0.961343 0.810734
0.564637 0.663656 0.570306 0.667376 0.966073 0.985531 0.499188 0.682455 0.813846 0.779876 0.792101 0.899800 0.914265 0.905107 0.988848 0.916426 0.658104 0.589071 0.654786 0.738587 0.848506 0.987420 0.863945 0.996724 0.837464 0.822076 0.995665 0.917962 0.859298 0.824113 0.670417 0.922409 0.000000 0.626234 0.680037 0.844656 0.848349 0.895249 0.980429 0.952851 0.697578 0.813620 0.783926 0.736124 0.635103 0.587490 0.753005 0.693620 0.784503 0.802950 0.844864 0.926578 0.923122 0.881004 0.752162 0.809047 0.585534 0.735372 0.701841 0.855985 0.584822 0.757561 0.690680 0.727506 0.710618 0.746690 0.618877 0.635085 0.884100 0.886531 0.859332 0.952712 0.883487 0.898500 0.989923 0.916236 0.838266 0.901286 0.702937 0.915672 0.543944 0.574288 0.904976 0.724392 0.602523 0.645235 0.911065 0.951911 0.861731 0.758907 0.658298 0.825393 0.662010 0.846883 0.779283 0.757961 0.619695 0.863411 0.634392 0.681726 0.914792 0.983550 0.809668 0.690699 0.992594 0.687580 0.876676 0.797604 0.863271 0.851117 0.899734 0.688947 0.730001 0.843858 0.946895 0.963016
0.596902 0.818343 0.744099 0.706080 0.993467 0.930483 0.526147 0.429300 0.958624 0.565136 0.514674 0.590647 0.813347 0.955257 0.743508 0.893941 0.699649 0.613088 0.695265 0.777367 0.978102 0.981294 0.856465 0.767007 0.821824 0.928351 0.857099 0.984843 0.695404 0.655081 0.959942 0.986867 0.626234 0.000000 0.731416 0.801866 0.990338 0.919817 0.917635 0.773029 0.715476 0.953570 0.861744 0.898306 0.759763 0.686365 0.763668 0.733717 0.869374 0.862396 0.855429 0.710858 0.695872 0.662376 0.678626 0.655139 0.867502 0.990411 0.785547 0.813823 0.489625 0.476615 0.566536 0.530051 0.981561 0.712974 0.647718 0.599092 0.952342 0.820373 0.992624 0.992418 0.974537 0.984996 0.943670 0.964922 0.942939 0.850055 0.790158 0.905895 0.615946 0.626844 0.943090 0.785075 0.875122 0.857844 0.903922 0.864927 0.988231 0.810044 0.773934 0.908758 0.773158 0.940674 0.770925 0.944187 0.831206 0.965480 0.558668 0.695906 0.835407 0.957613 0.762243 0.775611 0.970503 0.799270 0.734447 0.966171 0.940108 0.905077 0.855335 0.682393 0.784208 0.891471 0.864544 0.874847
0.630248 0.771838 0.610411 0.621812 0.993201 0.925454 0.638833 0.742176 0.911694 0.846081 0.764797 0.891527 0.987164 0.970858 0.892519 0.730921 0.741904 0.688106 0.760372 0.733743 0.768417 0.920669 0.980042 0.913578 0.872617 0.829929 0.907396 0.899280 0.949717 0.951428 0.890401 0.965065 0.680037 0.731416 0.000000 0.925796 0.851129 0.856414 0.937130 0.842457 0.767722 0.797380 0.763176 0.806006 0.791378 0.728331 0.752197 0.743641 0.869006 0.852491 0.788510 0.836070 0.968527 0.914930 0.820524 0.666076 0.707518 0.769993 0.713557 0.743372 0.730819 0.858423 0.791595 0.773673 0.737274 0.776886 0.645850 0.712297 0.793578 0.695738 0.843288 0.858268 0.863811 0.935049 0.983952 0.917618 0.971498 0.965104 0.729692 0.903894 0.638604 0.617029 0.973146 0.722398 0.720822 0.693608 0.891369 0.929130 0.960541 0.652491 0.711137 0.736740 0.673328 0.773348 0.845684 0.723506 0.631410 0.746745 0.694991 0.653857 0.914310 0.883293 0.734237 0.694781 0.932328 0.717880 0.977343 0.661885 0.851755 0.974436 0.859668 0.858433 0.990179 0.988529 0.906272 0.942082
0.909978 0.918525 0.845846 0.837968 0.935354 0.961800 0.882820 0.874789 0.858670 0.944162 0.944304 0.945820 0.900119 0.996126 0.943184 0.950052 0.931978 0.814122 0.884802 0.950348 0.991117 0.910379 0.947450 0.936960 0.832847 0.830754 0.960194 0.981597 0.994643 0.881622 0.831532 0.718734 0.844656 0.801866 0.925796 0.000000 0.889575 0.983063 0.910925 0.753728 0.988935 0.895716 0.799923 0.893148 0.881341 0.901100 0.808640 0.759891 0.910562 0.971550 0.934073 0.992123 0.998956 0.993737 0.831681 0.866217 0.897184 0.977213 0.942542 0.915141 0.947875 0.943537 0.954083 0.994821 0.788578 0.784004 0.819829 0.692286 0.824975 0.938975 0.896288 0.912441 0.965632 0.977570 0.928005 0.973493 0.905148 0.899529 0.896238 0.889791 0.910641 0.835191 0.999049 0.965624 0.871369 0.850613 0.952345 0.965710 0.937927 0.842758 0.953488 0.928489 0.962662 0.969154 0.802225 0.994601 0.998177 0.958724 0.863378 0.927301 0.908701 0.996231 0.878673 0.924365 0.982824 0.843027 0.868382 0.972552 0.945709 0.982985 0.947419 0.946683 0.898775 0.918792 0.929585 0.984363
0.759057 0.760633 0.712297 0.839760 0.878770 0.941325 0.993247 0.911821 0.999226 0.747771 0.913776 0.907499 0.943920 0.822453 0.941052 0.922557 0.831716 0.830403 0.952306 0.810042 0.716003 0.844649 0.926440 0.828744 0.690550 0.633446 0.940345 0.697629 0.836591 0.802950 0.994273 0.760143 0.848349 0.990338 0.851129 0.889575 0.000000 0.633188 0.849452 0.818311 0.786634 0.753858 0.872747 0.876413 0.860016 0.873916 0.851638 0.906137 0.992146 0.869302 0.769192 0.722522 0.805972 0.804995 0.826442 0.861250 0.653625 0.615182 0.660499 0.763901 0.939605 0.880796 0.945861 0.979571 0.727233 0.957181 0.790392 0.889898 0.700839 0.779085 0.953324 0.923862 0.974690 0.863914 0.894583 0.829555 0.988004 0.858206 0.730185 0.868737 0.864198 0.886727 0.956153 0.854085 0.912151 0.869250 0.956251 0.829161 0.726985 0.691404 0.936733 0.964847 0.886361 0.816363 0.946354 0.849162 0.740022 0.885426 0.948577 0.999836 0.983789 0.801544 0.754507 0.882829 0.793894 0.675098 0.866645 0.752563 0.990447 0.806939 0.928396 0.932262 0.976652 0.979974 0.705766 0.868252
0.875465 0.870981 0.790471 0.870742 0.693800 0.907173 0.918052 0.797482 0.836966 0.686790 0.930690 0.734339 0.841830 0.821493 0.940283 0.887902 0.874913 0.925434 0.841038 0.916445 0.767224 0.810478 0.924402 0.951913 0.650077 0.621738 0.961507 0.663136 0.683385 0.698823 0.768693 0.849390 0.895249 0.919817 0.856414 0.983063 0.633188 0.000000 0.886576 0.871978 0.782424 0.701069 0.800556 0.823575 0.942361 0.965540 0.911710 0.890194 0.908434 0.706924 0.590752 0.615052 0.816883 0.750900 0.932915 0.927690 0.787206 0.812096 0.755564 0.778975 0.726550 0.718123 0.742428 0.772797 0.873312 0.963495 0.771103 0.836967 0.764982 0.934417 0.788772 0.762634 0.961394 0.966807 0.856447 0.954855 0.960442 0.885080 0.989053 0.861255 0.924543 0.931417 0.900876 0.962079 0.993632 0.984823 0.999485 0.913656 0.890105 0.885561 0.886810 0.743391 0.752076 0.668608 0.976432 0.923861 0.785760 0.836050 0.941114 0.901128 0.969548 0.774411 0.858302 0.761415 0.786895 0.693252 0.763584 0.642968 0.949911 0.874150 0.984766 0.929406 0.928560 0.915708 0.798951 0.759301
