0.000000 0.238662 0.799796 0.996857 0.650709 0.947124 0.689884 0.654779 0.990554 0.931855 0.364653 0.296324 0.356910 0.466187 0.699236 0.784373 0.318612 0.337958 0.369492 0.334282 0.875037 0.950468 0.726750 0.926445 0.879682 0.722345 0.946370 0.864223 0.475058 0.391200 0.875599 0.957303 0.433842 0.436221 0.986515 0.856282 0.832002 0.918723 0.978767 0.984733 0.919565 0.940705 0.923268 0.978466 0.966525 0.860153 0.624813 0.626587 0.639590 0.562862 0.595239 0.560587 0.920027 0.802033 0.532805 0.650313 0.271535 0.243126 0.386492 0.390853 0.292201 0.291232 0.264644 0.261099 0.829465 0.738257 0.802387 0.937033 0.419094 0.348736 0.995474 0.713773 0.708137 0.898907 0.721729 0.812036 0.976425 0.929139 0.533355 0.577578 0.240653 0.293877 0.363643 0.347606 0.327387 0.568687 0.601069 0.590816 0.549127 0.574636 0.580563 0.446911 0.510447 0.405330 0.807814 0.937273 0.497513 0.980418 0.847721 0.946720 0.847446 0.810932 0.789564 0.783697 0.856389 0.781675 0.897725 0.873295 0.847864 0.660072 0.913623 0.734985 0.962179 0.860819 0.778597 0.668255
0.238662 0.000000 0.811233 0.945171 0.726235 0.993113 0.769125 0.610512 0.946474 0.875639 0.430796 0.254445 0.414689 0.454713 0.772482 0.771903 0.325148 0.336113 0.433344 0.342489 0.870381 0.989363 0.786847 0.882375 0.897083 0.756520 0.988033 0.902077 0.505429 0.450425 0.811065 0.937427 0.490877 0.477990 0.965538 0.888233 0.788225 0.878539 0.958534 0.924174 0.907187 0.961602 0.995976 0.967837 0.985471 0.874851 0.553254 0.644618 0.700702 0.605451 0.582423 0.546261 0.962552 0.782606 0.520045 0.644225 0.278592 0.221913 0.410668 0.407174 0.337303 0.281996 0.310226 0.281584 0.795005 0.652196 0.820848 0.898300 0.402979 0.327189 0.993066 0.680547 0.741675 0.887381 0.762096 0.802693 0.869658 0.813127 0.540350 0.542391 0.288542 0.316498 0.403711 0.366848 0.366456 0.523935 0.598976 0.645288 0.582215 0.593134 0.510386 0.433642 0.512309 0.393223 0.830201 0.934391 0.535693 0.993924 0.912591 0.971214 0.838563 0.724740 0.882485 0.844166 0.832726 0.758855 0.896068 0.898444 0.844063 0.617781 0.911819 0.743540 0.934134 0.873611 0.738167 0.734807
0.799796 0.811233 0.000000 0.313154 0.853565 0.780848 0.590848 0.492085 0.976810 0.740286 0.963142 0.892781 0.825335 0.779359 0.988699 0.736848 0.989013 0.932907 0.821698 0.896289 0.732568 0.973464 0.847605 0.465408 0.501175 0.558636 0.793450 0.863553 0.892967 0.903829 0.763490 0.873481 0.835681 0.723101 0.846367 0.981981 0.539757 0.806752 0.558812 0.702194 0.845446 0.943288 0.717922 0.775829 0.777918 0.924498 0.587897 0.564307 0.868205 0.894732 0.840578 0.796630 0.924024 0.795918 0.547051 0.785168 0.952921 0.877423 0.719485 0.735972 0.852008 0.844458 0.952107 0.955119 0.384022 0.459505 0.527741 0.624092 0.790851 0.713979 0.899713 0.984977 0.930538 0.943146 0.739240 0.822200 0.757818 0.992606 0.868247 0.992918 0.933219 0.884515 0.777609 0.770222 0.698967 0.348305 0.793911 0.955919 0.659572 0.626347 0.737658 0.893144 0.730072 0.861009 0.960463 0.665269 0.683316 0.830711 0.951378 0.977250 0.867780 0.870160 0.897512 0.913646 0.729567 0.599777 0.842387 0.763566 0.976570 0.741088 0.829835 0.850243 0.915244 0.900861 0.835650 0.988958
0.996857 0.945171 0.313154 0.000000 0.786376 0.735445 0.673164 0.440550 0.998444 0.785278 0.825892 0.964120 0.975277 0.922613 0.823525 0.751535 0.785051 0.757285 0.985023 0.962633 0.703839 0.984828 0.997157 0.469987 0.460155 0.452492 0.817443 0.796938 0.683398 0.719878 0.775909 0.891130 0.951682 0.854869 0.910290 0.897792 0.596542 0.797445 0.500905 0.621405 0.857363 0.999006 0.564475 0.685750 0.744701 0.933119 0.585917 0.550236 0.772630 0.976554 0.856845 0.804223 0.928933 0.864746 0.702492 0.788495 0.859280 0.936084 0.791519 0.777747 0.982406 0.971020 0.831124 0.774854 0.429757 0.433347 0.518566 0.574265 0.930324 0.867709 0.775649 0.970554 0.995099 0.929778 0.826894 0.925983 0.636141 0.900507 0.958598 0.904586 0.829546 0.898599 0.991466 0.992050 0.926891 0.434924 0.934279 0.775371 0.791991 0.743798 0.638514 0.714010 0.569991 0.683667 0.873682 0.719470 0.800831 0.819034 0.935633 0.973114 0.834210 0.936000 0.865304 0.922741 0.670562 0.558791 0.794551 0.665175 0.962875 0.846238 0.867992 0.917717 0.741759 0.861902 0.828287 0.889838
0.650709 0.726235 0.853565 0.786376 0.000000 0.834047 0.878646 0.996557 0.764632 0.839216 0.671173 0.692539 0.624433 0.696987 0.756444 0.814969 0.668088 0.738520 0.671971 0.797177 0.866358 0.935906 0.770773 0.955582 0.731287 0.690889 0.934063 0.826651 0.648857 0.667095 0.846671 0.944445 0.823675 0.797118 0.931685 0.898825 0.799033 0.959344 0.869102 0.890188 0.889487 0.883830 0.822749 0.814599 0.853224 0.911694 0.945326 0.893524 0.758994 0.769428 0.819927 0.815719 0.851972 0.900862 0.922429 0.929271 0.732026 0.780632 0.756457 0.830658 0.674346 0.713905 0.643892 0.634414 0.943410 0.907968 0.902064 0.838979 0.831158 0.820296 0.969914 0.746496 0.980784 0.978511 0.882410 0.889714 0.827473 0.942376 0.783847 0.923388 0.697075 0.759871 0.739521 0.828976 0.666524 0.982213 0.814265 0.734122 0.818533 0.844066 0.745792 0.804640 0.600632 0.744068 0.828034 0.985120 0.930754 0.667697 0.944945 0.941499 0.720728 0.976214 0.921861 0.863761 0.995748 0.962956 0.958034 0.826944 0.985741 0.962303 0.838423 0.814910 0.900816 0.937197 0.895918 0.948275
0.947124 0.993113 0.780848 0.735445 0.834047 0.000000 0.968323 0.884980 0.830816 0.742203 0.993679 0.998085 0.928234 0.992661 0.838084 0.939119 0.864813 0.891135 0.833228 0.909482 0.631251 0.870016 0.738194 0.874236 0.635235 0.535340 0.965480 0.627360 0.790313 0.747895 0.979173 0.825063 0.992189 0.896014 0.735948 0.795243 0.785973 0.929374 0.697668 0.500918 0.609703 0.902663 0.747301 0.795178 0.959786 0.946741 0.814457 0.838168 0.836022 0.851782 0.944749 0.935202 0.899730 0.837384 0.853396 0.707475 0.922163 0.980975 0.880498 0.946924 0.990762 0.992926 0.886638 0.860454 0.686679 0.596887 0.581237 0.516469 0.942947 0.972964 0.991744 0.778745 0.882997 0.954724 0.840914 0.953314 0.981796 0.894955 0.859989 0.938123 0.868028 0.994427 0.920367 0.979499 0.993964 0.711282 0.872522 0.809805 0.998996 0.819108 0.716384 0.921412 0.670392 0.834053 0.867600 0.718677 0.876344 0.728441 0.960123 0.923372 0.688991 0.909890 0.988952 0.978725 0.886107 0.707560 0.886086 0.932058 0.923892 0.992870 0.972510 0.903554 0.978051 0.992961 0.893862 0.756970
0.689884 0.769125 0.590848 0.673164 0.878646 0.968323 0.000000 0.365004 0.601563 0.628429 0.635294 0.681285 0.459669 0.459520 0.609633 0.557608 0.741017 0.755276 0.399276 0.624932 0.988751 0.904580 0.680176 0.805632 0.855222 0.868868 0.894301 0.818464 0.616019 0.616076 0.735469 0.558662 0.594356 0.460935 0.868100 0.870721 0.930931 0.967127 0.932962 0.943950 0.994376 0.992829 0.649024 0.569634 0.682355 0.511500 0.658190 0.434554 0.636971 0.541335 0.601949 0.657012 0.749820 0.799632 0.745038 0.804722 0.791497 0.852787 0.594121 0.709062 0.518003 0.597007 0.637967 0.730195 0.911092 0.814719 0.677901 0.816591 0.942976 0.766548 0.703494 0.778404 0.572615 0.665725 0.794446 0.703611 0.572932 0.743938 0.709869 0.800372 0.787752 0.875967 0.768624 0.887489 0.767586 0.727979 0.939199 0.915601 0.762078 0.840603 0.703581 0.799419 0.920721 0.964057 0.931142 0.913070 0.659514 0.935893 0.560784 0.523840 0.833172 0.715285 0.692021 0.551152 0.813523 0.809051 0.853871 0.663120 0.959920 0.785928 0.658688 0.560266 0.658282 0.701201 0.864244 0.640774
0.654779 0.610512 0.492085 0.440550 0.996557 0.884980 0.365004 0.000000 0.769164 0.855989 0.673228 0.567168 0.588703 0.518967 0.899723 0.587347 0.791352 0.790315 0.545344 0.633179 0.886882 0.951688 0.948002 0.724564 0.939250 0.909020 0.942410 0.908674 0.771544 0.742193 0.866568 0.763331 0.722279 0.485227 0.907618 0.953769 0.703548 0.772836 0.781966 0.827305 0.965546 0.947304 0.473261 0.496557 0.868910 0.589299 0.456070 0.367931 0.738157 0.600028 0.498074 0.512756 0.863700 0.984752 0.598320 0.658006 0.770572 0.733738 0.488567 0.523062 0.558367 0.505850 0.712767 0.743184 0.747102 0.492876 0.526231 0.625094 0.795132 0.601280 0.773867 0.895698 0.685525 0.744537 0.787536 0.758561 0.502968 0.638133 0.732684 0.784260 0.810571 0.835652 0.800835 0.867081 0.822399 0.520519 0.936625 0.878834 0.776808 0.781532 0.768054 0.870090 0.842450 0.985146 0.960019 0.785942 0.611163 0.842650 0.664189 0.633681 0.742330 0.895096 0.744368 0.612262 0.670181 0.579811 0.803691 0.633059 0.888153 0.746545 0.711906 0.592877 0.588129 0.705632 0.712869 0.761178
0.990554 0.946474 0.976810 0.998444 0.764632 0.830816 0.601563 0.769164 0.000000 0.385211 0.833528 0.949025 0.767634 0.761872 0.633654 0.596883 0.940321 0.974120 0.673479 0.939123 0.890075 0.942173 0.657906 0.922556 0.675468 0.680317 0.983906 0.673993 0.746097 0.759637 0.797663 0.739442 0.966799 0.863651 0.868164 0.790418 0.827284 0.829758 0.720163 0.732417 0.873005 0.949931 0.954361 0.849148 0.720947 0.716026 0.957024 0.874577 0.693657 0.675007 0.891835 0.878445 0.644392 0.598934 0.839125 0.868096 0.933660 0.901115 0.981195 0.969994 0.880297 0.871317 0.876243 0.902168 0.815380 0.747259 0.853795 0.766530 0.749886 0.914296 0.845225 0.861254 0.815967 0.951889 0.842622 0.904067 0.904648 0.870278 0.969499 0.967854 0.985841 0.884483 0.954522 0.815056 0.938408 0.792992 0.967475 0.881194 0.962675 0.953187 0.841187 0.699790 0.887714 0.883666 0.862493 0.920790 0.930738 0.824119 0.725798 0.673381 0.911736 0.745892 0.831900 0.789746 0.816794 0.991210 0.896891 0.776232 0.915671 0.907959 0.890046 0.849651 0.727904 0.825887 0.950559 0.932214
0.931855 0.875639 0.740286 0.785278 0.839216 0.742203 0.628429 0.855989 0.385211 0.000000 0.838066 0.978771 0.826140 0.837073 0.648129 0.717326 0.953861 0.968120 0.724569 0.971071 0.801583 0.967649 0.750390 0.807626 0.485806 0.563371 0.801329 0.583240 0.663598 0.703020 0.753060 0.629293 0.987951 0.859198 0.648315 0.883788 0.766420 0.867695 0.571986 0.573897 0.816966 0.966195 0.869644 0.737582 0.501562 0.570484 0.882329 0.932145 0.493721 0.595895 0.799325 0.842099 0.535472 0.423070 0.778549 0.810444 0.939913 0.866035 0.988386 0.993268 0.865866 0.907725 0.901335 0.875042 0.537985 0.567366 0.766442 0.681996 0.732333 0.893470 0.863589 0.693502 0.662946 0.692053 0.973007 0.865946 0.787985 0.847526 0.984941 0.992819 0.955246 0.794768 0.896133 0.693785 0.781786 0.548994 0.819129 0.970116 0.854091 0.829228 0.830250 0.676296 0.904246 0.848983 0.937789 0.899238 0.864596 0.925094 0.578839 0.489675 0.925207 0.616302 0.691088 0.741636 0.845143 0.848174 0.895930 0.741839 0.886991 0.871354 0.798200 0.753035 0.671943 0.803930 0.942273 0.886507
0.364653 0.430796 0.963142 0.825892 0.671173 0.993679 0.635294 0.673228 0.833528 0.838066 0.000000 0.321494 0.380475 0.440577 0.664552 0.757802 0.325525 0.293498 0.376230 0.323789 0.862335 0.981724 0.889350 0.865892 0.644369 0.611624 0.818200 0.798607 0.359218 0.297681 0.856172 0.906423 0.470118 0.415995 0.896755 0.820717 0.988543 0.917291 0.779616 0.922179 0.931943 0.829335 0.967483 0.937600 0.789302 0.753513 0.840851 0.722476 0.583584 0.670887 0.665521 0.709735 0.952990 0.876733 0.768670 0.657541 0.369481 0.414047 0.539071 0.615571 0.351963 0.359001 0.327793 0.323712 0.918578 0.869173 0.861035 0.936904 0.676463 0.583481 0.935357 0.886451 0.640779 0.753492 0.757063 0.874716 0.936628 0.790643 0.573742 0.468434 0.344738 0.387671 0.535604 0.540652 0.590930 0.814444 0.820561 0.714689 0.806154 0.823389 0.775374 0.617604 0.647322 0.547146 0.705596 0.933918 0.646646 0.912994 0.745710 0.833417 0.983107 0.931380 0.619362 0.705445 0.998429 0.929580 0.810255 0.817856 0.880416 0.800298 0.867633 0.727060 0.933091 0.768624 0.791677 0.653765
0.296324 0.254445 0.892781 0.964120 0.692539 0.998085 0.681285 0.567168 0.949025 0.978771 0.321494 0.000000 0.393246 0.372139 0.743085 0.741448 0.318939 0.317625 0.391639 0.328460 0.816112 0.956522 0.860955 0.983799 0.756909 0.668548 0.878542 0.795385 0.392364 0.359882 0.844537 0.968129 0.475802 0.418227 0.995330 0.884996 0.825827 0.844087 0.922448 0.987763 0.988767 0.941132 0.948790 0.924562 0.859749 0.786736 0.622106 0.650375 0.629671 0.585578 0.537541 0.547046 0.921367 0.865578 0.634530 0.618148 0.302475 0.295406 0.426896 0.463158 0.296567 0.232098 0.289034 0.268651 0.967442 0.686280 0.781809 0.857806 0.518313 0.409297 0.986555 0.756532 0.684084 0.805045 0.750240 0.756620 0.875389 0.734240 0.534108 0.479441 0.325188 0.366362 0.463146 0.488527 0.490773 0.629882 0.709461 0.699663 0.696216 0.717547 0.626794 0.507992 0.584938 0.456529 0.800417 0.965523 0.541358 0.980279 0.806564 0.848951 0.968720 0.925223 0.724670 0.725237 0.888572 0.804217 0.845246 0.959017 0.862719 0.690781 0.855308 0.698688 0.892376 0.820071 0.720619 0.667815
0.356910 0.414689 0.825335 0.975277 0.624433 0.928234 0.459669 0.588703 0.767634 0.826140 0.380475 0.393246 0.000000 0.330360 0.458805 0.506038 0.384042 0.405025 0.310344 0.374889 0.896490 0.908935 0.562006 0.829330 0.788652 0.646933 0.904111 0.805024 0.408932 0.415319 0.973912 0.778999 0.408479 0.382763 0.997948 0.889558 0.951378 0.974170 0.929415 0.939320 0.887163 0.955685 0.974627 0.843000 0.740384 0.635558 0.649154 0.546745 0.569073 0.502046 0.561675 0.576587 0.763497 0.935286 0.674424 0.706015 0.445971 0.460103 0.447828 0.577106 0.282129 0.363137 0.287825 0.345244 0.856654 0.860977 0.817141 0.918639 0.679586 0.555079 0.908779 0.852750 0.692189 0.761133 0.826804 0.777605 0.748178 0.803171 0.569569 0.598758 0.422140 0.508918 0.463961 0.486152 0.416063 0.654082 0.661996 0.591193 0.646372 0.640416 0.768352 0.648811 0.620609 0.531584 0.934597 0.938179 0.610824 0.960875 0.695218 0.726927 0.919074 0.994548 0.785689 0.672949 0.821976 0.814697 0.866936 0.991752 0.927460 0.849640 0.890490 0.626920 0.793367 0.788436 0.788725 0.606645
0.466187 0.454713 0.779359 0.922613 0.696987 0.992661 0.459520 0.518967 0.761872 0.837073 0.440577 0.372139 0.330360 0.000000 0.570162 0.508247 0.484887 0.452216 0.357814 0.415308 0.952408 0.899825 0.662094 0.794113 0.786706 0.754891 0.932061 0.832537 0.410988 0.489382 0.921785 0.753255 0.427475 0.378579 0.867496 0.989621 0.867027 0.868317 0.986769 0.969679 0.996269 0.945725 0.827683 0.739551 0.693561 0.574635 0.578306 0.506017 0.610411 0.539478 0.511842 0.541807 0.763906 0.889943 0.682892 0.687070 0.498603 0.539606 0.492955 0.637900 0.347431 0.371524 0.372357 0.410546 0.883972 0.754869 0.713967 0.771360 0.786730 0.620964 0.834843 0.975505 0.761157 0.706857 0.789283 0.656992 0.715141 0.674195 0.528964 0.565569 0.507609 0.579226 0.489028 0.606949 0.513664 0.609736 0.811006 0.661067 0.688116 0.678197 0.863429 0.760303 0.759100 0.640557 0.991995 0.977737 0.616789 0.954210 0.679915 0.665338 0.988108 0.985087 0.718935 0.717963 0.817117 0.844412 0.881141 0.966437 0.979481 0.701995 0.793156 0.675883 0.771868 0.709419 0.787269 0.656295
0.699236 0.772482 0.988699 0.823525 0.756444 0.838084 0.609633 0.899723 0.633654 0.648129 0.664552 0.743085 0.458805 0.570162 0.000000 0.475941 0.618462 0.613004 0.599829 0.717517 0.951193 0.898204 0.457899 0.907808 0.770932 0.664150 0.971849 0.839588 0.495586 0.577111 0.712231 0.657048 0.547352 0.662844 0.981184 0.874282 0.955393 0.841075 0.689268 0.716905 0.992533 0.979018 0.927221 0.892735 0.673488 0.695420 0.904216 0.818667 0.666356 0.669350 0.825798 0.850313 0.690620 0.760032 0.903411 0.979695 0.748809 0.759648 0.787520 0.959632 0.594072 0.709846 0.543050 0.584615 0.967277 0.771081 0.929750 0.856467 0.954884 0.890270 0.956892 0.990708 0.826962 0.898760 0.893110 0.760959 0.869800 0.884106 0.748249 0.737475 0.695302 0.855262 0.647301 0.702863 0.698010 0.956700 0.747854 0.691639 0.823394 0.865961 0.834932 0.842675 0.648933 0.686321 0.964534 0.833185 0.917873 0.874037 0.709411 0.735904 0.779192 0.980213 0.832887 0.805161 0.981610 0.943254 0.927546 0.973637 0.986899 0.993851 0.947613 0.678244 0.903529 0.769947 0.955465 0.705145
0.784373 0.771903 0.736848 0.751535 0.814969 0.939119 0.557608 0.587347 0.596883 0.717326 0.757802 0.741448 0.506038 0.508247 0.475941 0.000000 0.796654 0.797129 0.656274 0.768999 0.811270 0.984740 0.577166 0.608532 0.957115 0.983344 0.882917 0.998337 0.687832 0.804834 0.666238 0.732976 0.716669 0.675011 0.926118 0.998701 0.826541 0.909264 0.910587 0.979912 0.909808 0.958501 0.768395 0.688181 0.831287 0.664787 0.701262 0.646670 0.771646 0.707002 0.710592 0.697417 0.678837 0.755399 0.823584 0.926251 0.884914 0.845950 0.722303 0.840417 0.680437 0.692017 0.704471 0.747570 0.694987 0.880868 0.849387 0.910133 0.942815 0.834900 0.841140 0.989514 0.888460 0.802142 0.781708 0.689026 0.689272 0.783919 0.749695 0.828082 0.897530 0.972731 0.728437 0.813360 0.760493 0.709948 0.834463 0.897013 0.858989 0.734237 0.954375 0.950550 0.900250 0.959259 0.947810 0.945730 0.882850 0.840109 0.762838 0.714492 0.913517 0.961296 0.925585 0.786249 0.802556 0.791441 0.908136 0.827294 0.993021 0.990649 0.958700 0.677468 0.643213 0.638883 0.770083 0.904120
0.318612 0.325148 0.989013 0.785051 0.668088 0.864813 0.741017 0.791352 0.940321 0.953861 0.325525 0.318939 0.384042 0.484887 0.618462 0.796654 0.000000 0.231702 0.397975 0.328449 0.739952 0.963296 0.772658 0.914086 0.662569 0.538007 0.943718 0.782267 0.370246 0.299443 0.838831 0.974694 0.437765 0.470698 0.924273 0.790349 0.966343 0.973017 0.789885 0.898058 0.947176 0.891472 0.890093 0.972081 0.862303 0.826132 0.769331 0.810001 0.629631 0.639108 0.694348 0.711528 0.935067 0.880821 0.731509 0.736577 0.277323 0.306976 0.572953 0.631711 0.367393 0.362207 0.280032 0.272319 0.999123 0.891827 0.988404 0.963015 0.582508 0.529353 0.981430 0.808650 0.676035 0.821695 0.805147 0.806563 0.981613 0.819927 0.468419 0.451365 0.262594 0.326289 0.423997 0.449157 0.444910 0.757945 0.673462 0.592378 0.687718 0.747742 0.559793 0.494637 0.469725 0.412875 0.747129 0.920403 0.638454 0.954544 0.844898 0.960776 0.834647 0.969204 0.753317 0.789693 0.973196 0.990179 0.763407 0.800620 0.855198 0.780560 0.909468 0.735024 0.996255 0.766216 0.815574 0.624936
0.337958 0.336113 0.932907 0.757285 0.738520 0.891135 0.755276 0.790315 0.974120 0.968120 0.293498 0.317625 0.405025 0.452216 0.613004 0.797129 0.231702 0.000000 0.404482 0.280786 0.774551 0.865002 0.785888 0.912145 0.646302 0.528769 0.978994 0.787091 0.328468 0.281292 0.822942 0.986088 0.432562 0.516592 0.923357 0.811751 0.957032 0.914747 0.768132 0.851168 0.923859 0.907648 0.875767 0.971925 0.874470 0.867233 0.816628 0.826556 0.662745 0.712326 0.741587 0.781829 0.996571 0.840654 0.778614 0.759945 0.275378 0.317412 0.619153 0.672951 0.396794 0.382056 0.288557 0.269912 0.976313 0.901618 0.989145 0.969874 0.559230 0.538753 0.948694 0.860190 0.669865 0.762656 0.843167 0.830353 0.972076 0.795409 0.468704 0.431548 0.273009 0.321024 0.435386 0.444320 0.476117 0.772224 0.684692 0.593258 0.713019 0.815601 0.542949 0.490058 0.465343 0.410939 0.707096 0.871381 0.664427 0.904453 0.841729 0.955944 0.830488 0.950943 0.756908 0.778053 0.929450 0.967416 0.750567 0.760795 0.878043 0.758249 0.917046 0.764212 0.978612 0.771708 0.853248 0.640546
0.369492 0.433344 0.821698 0.985023 0.671971 0.833228 0.399276 0.545344 0.673479 0.724569 0.376230 0.391639 0.310344 0.357814 0.599829 0.656274 0.397975 0.404482 0.000000 0.355103 0.839698 0.931403 0.580815 0.884456 0.684056 0.576227 0.940687 0.693252 0.381106 0.328365 0.945804 0.784900 0.473936 0.402833 0.846529 0.824504 0.994833 0.980655 0.774783 0.834077 0.984287 0.999741 0.992739 0.897387 0.800244 0.696070 0.755687 0.581150 0.545573 0.464337 0.616845 0.626672 0.817456 0.951525 0.703399 0.766173 0.427290 0.477005 0.499554 0.557222 0.343690 0.362408 0.336533 0.371377 0.978514 0.921010 0.867915 0.956242 0.636289 0.556810 0.815697 0.959384 0.554870 0.757398 0.754962 0.780725 0.809324 0.830154 0.554476 0.627632 0.389279 0.462945 0.505395 0.598840 0.484849 0.750805 0.801474 0.603163 0.674043 0.713862 0.831919 0.751992 0.660042 0.608501 0.917851 0.941041 0.598470 0.910484 0.737964 0.728291 0.924990 0.899420 0.742633 0.682520 0.935906 0.928244 0.904589 0.942268 0.912050 0.732553 0.808837 0.648749 0.846395 0.763748 0.872823 0.582623
0.334282 0.342489 0.896289 0.962633 0.797177 0.909482 0.624932 0.633179 0.939123 0.971071 0.323789 0.328460 0.374889 0.415308 0.717517 0.768999 0.328449 0.280786 0.355103 0.000000 0.782467 0.851558 0.762765 0.973521 0.758351 0.657723 0.955264 0.770661 0.434585 0.325899 0.890095 0.945699 0.512641 0.476661 0.880641 0.818755 0.890500 0.844113 0.907439 0.903003 0.932581 0.950054 0.936278 0.987494 0.968547 0.883651 0.770654 0.737643 0.720070 0.694376 0.711694 0.752829 0.942211 0.823263 0.687795 0.684471 0.320815 0.353322 0.562368 0.588428 0.398766 0.378538 0.337393 0.350908 0.923176 0.784083 0.906782 0.982967 0.562827 0.515177 0.826938 0.920892 0.633803 0.724896 0.833295 0.879654 0.819579 0.818838 0.485073 0.473046 0.319700 0.340783 0.445645 0.471434 0.445630 0.666147 0.674927 0.607757 0.637479 0.712440 0.621500 0.584511 0.593296 0.531341 0.775917 0.928731 0.614027 0.919182 0.870722 0.944688 0.867139 0.983590 0.796761 0.779706 0.888957 0.927427 0.811049 0.900393 0.914149 0.688036 0.877017 0.773064 0.955270 0.816509 0.841641 0.660001
0.875037 0.870381 0.732568 0.703839 0.866358 0.631251 0.988751 0.886882 0.890075 0.801583 0.862335 0.816112 0.896490 0.952408 0.951193 0.811270 0.739952 0.774551 0.839698 0.782467 0.000000 0.919016 0.934905 0.697286 0.579810 0.545060 0.728542 0.640993 0.771357 0.700011 0.789582 0.935119 0.997784 0.985322 0.889887 0.901451 0.850244 0.831862 0.709342 0.622117 0.903314 0.894509 0.761267 0.787175 0.964474 0.919169 0.829881 0.820136 0.874854 0.869929 0.973457 0.971906 0.936350 0.939415 0.843068 0.940074 0.849133 0.910082 0.962127 0.959905 0.902637 0.878439 0.840447 0.808786 0.638551 0.757028 0.710873 0.715090 0.914456 0.968509 0.932027 0.992693 0.735921 0.798424 0.953557 0.965239 0.913796 0.957539 0.929423 0.844632 0.831833 0.862717 0.927498 0.982343 0.966510 0.700300 0.977171 0.796519 0.986574 0.902725 0.720451 0.890205 0.701677 0.824497 0.947580 0.723663 0.900824 0.967616 0.983923 0.960783 0.739499 0.816600 0.868770 0.970322 0.809615 0.808544 0.936920 0.920841 0.969219 0.988249 0.996691 0.972043 0.928154 0.953453 0.892767 0.873470
0.950468 0.989363 0.973464 0.984828 0.935906 0.870016 0.904580 0.951688 0.942173 0.967649 0.981724 0.956522 0.908935 0.899825 0.898204 0.984740 0.963296 0.865002 0.931403 0.851558 0.919016 0.000000 0.914100 0.901657 0.992200 0.966145 0.836947 0.991295 0.953165 0.993227 0.967297 0.959941 0.865073 0.924135 0.962921 0.874765 0.967955 0.815821 0.942627 0.990166 0.820547 0.857338 0.950330 0.929418 0.988880 0.977782 0.960416 0.997328 0.970013 0.988663 0.954080 0.919901 0.868752 0.991949 0.963217 0.996334 0.964761 0.989361 0.970001 0.979966 0.994195 0.971795 0.958943 0.992577 0.848810 0.977912 0.909081 0.990214 0.961890 0.951715 0.775215 0.958733 0.995250 0.917899 0.914899 0.907925 0.983174 0.929975 0.930480 0.865523 0.964760 0.920628 0.825113 0.934011 0.780575 0.939264 0.817287 0.785483 0.795623 0.842013 0.988565 0.938938 0.980473 0.876106 0.882316 0.967437 0.999327 0.949261 0.996572 0.977804 0.881325 0.861200 0.971257 0.956352 0.839047 0.963925 0.985825 0.965570 0.899896 0.997692 0.973429 0.929774 0.988153 0.904719 0.950008 0.853635
0.726750 0.786847 0.847605 0.997157 0.770773 0.738194 0.680176 0.948002 0.657906 0.750390 0.889350 0.860955 0.562006 0.662094 0.457899 0.577166 0.772658 0.785888 0.580815 0.762765 0.934905 0.914100 0.000000 0.623435 0.966894 0.734465 0.834910 0.881076 0.685786 0.727975 0.663145 0.719056 0.682868 0.839319 0.950186 0.899097 0.964892 0.830876 0.813887 0.671231 0.995888 0.927322 0.768638 0.924357 0.934668 0.890164 0.940624 0.837512 0.794828 0.615585 0.918803 0.843794 0.695055 0.726085 0.870333 0.919492 0.810243 0.805336 0.838569 0.872885 0.736967 0.834391 0.643486 0.691929 0.856847 0.727722 0.860340 0.689774 0.900365 0.817546 0.934190 0.993782 0.880362 0.995718 0.884191 0.817323 0.902694 0.927480 0.710024 0.897990 0.721097 0.844550 0.664387 0.710625 0.560509 0.873980 0.772678 0.498085 0.725941 0.635856 0.789801 0.852491 0.639564 0.752565 0.939058 0.881736 0.892001 0.829875 0.957220 0.909468 0.618336 0.892448 0.886474 0.980053 0.903902 0.944313 0.900885 0.958296 0.855574 0.946280 0.945382 0.872823 0.948004 0.977795 0.948295 0.872586
0.926445 0.882375 0.465408 0.469987 0.955582 0.874236 0.805632 0.724564 0.922556 0.807626 0.865892 0.983799 0.829330 0.794113 0.907808 0.608532 0.914086 0.912145 0.884456 0.973521 0.697286 0.901657 0.623435 0.000000 0.500074 0.684015 0.661238 0.810313 0.891897 0.846354 0.747647 0.905816 0.903906 0.894042 0.771680 0.908494 0.677056 0.851373 0.666015 0.883658 0.782018 0.973722 0.938363 0.985623 0.735063 0.935460 0.755447 0.733720 0.755699 0.981874 0.977729 0.888934 0.944590 0.918825 0.739375 0.843521 0.936887 0.967084 0.873176 0.909940 0.990205 0.964494 0.984889 0.948254 0.427717 0.683769 0.712333 0.826849 0.940942 0.873156 0.817243 0.910485 0.852756 0.728868 0.809559 0.868044 0.853086 0.955501 0.808129 0.882909 0.984188 0.978322 0.781643 0.801373 0.675118 0.481726 0.710590 0.831972 0.743072 0.623191 0.933503 0.989008 0.879509 0.918627 0.944022 0.783854 0.948374 0.989627 0.839950 0.942736 0.896271 0.783810 0.640560 0.991040 0.767981 0.704884 0.985144 0.887063 0.875968 0.904739 0.997927 0.985329 0.931280 0.972633 0.979908 0.893240
0.879682 0.897083 0.501175 0.460155 0.731287 0.635235 0.855222 0.939250 0.675468 0.485806 0.644369 0.756909 0.788652 0.786706 0.770932 0.957115 0.662569 0.646302 0.684056 0.758351 0.579810 0.992200 0.966894 0.500074 0.000000 0.322499 0.659963 0.592646 0.496104 0.507526 0.798603 0.852867 0.892937 0.874530 0.670326 0.761818 0.593526 0.790654 0.420929 0.570136 0.775723 0.907892 0.912033 0.996947 0.554557 0.752048 0.803696 0.898407 0.533959 0.716765 0.880059 0.971563 0.753878 0.709727 0.735128 0.852284 0.758621 0.882132 0.982811 0.969972 0.742908 0.778727 0.713864 0.659636 0.370309 0.586103 0.645064 0.645148 0.978828 0.963731 0.993318 0.888750 0.709109 0.669216 0.974805 0.920883 0.965158 0.898531 0.869751 0.739082 0.770113 0.884798 0.971381 0.876530 0.919672 0.511580 0.822442 0.844273 0.824963 0.711272 0.822013 0.957635 0.626689 0.792056 0.922585 0.735314 0.939807 0.820619 0.682836 0.771188 0.918165 0.726669 0.637813 0.787709 0.787360 0.637206 0.960007 0.930207 0.994254 0.949536 0.889105 0.845458 0.951128 0.949316 0.914031 0.706782
0.722345 0.756520 0.558636 0.452492 0.690889 0.535340 0.868868 0.909020 0.680317 0.563371 0.611624 0.668548 0.646933 0.754891 0.664150 0.983344 0.538007 0.528769 0.576227 0.657723 0.545060 0.966145 0.734465 0.684015 0.322499 0.000000 0.808191 0.529223 0.455320 0.432500 0.808486 0.996480 0.803982 0.871810 0.702832 0.759226 0.667077 0.846594 0.476231 0.532424 0.787183 0.998083 0.711533 0.834642 0.677791 0.852403 0.813516 0.932601 0.553378 0.677885 0.908097 0.948256 0.821801 0.790554 0.821702 0.851373 0.652321 0.726850 0.965195 0.963094 0.669348 0.691608 0.561886 0.528512 0.492038 0.551167 0.567220 0.538789 0.907113 0.846536 0.934958 0.995709 0.720452 0.824627 0.988316 0.930553 0.932538 0.995459 0.789405 0.788687 0.606827 0.734856 0.782607 0.894774 0.850774 0.632035 0.920624 0.603724 0.988101 0.874076 0.628505 0.749027 0.438827 0.616308 0.853369 0.733468 0.986122 0.824576 0.775115 0.817272 0.769111 0.857487 0.806443 0.787887 0.788485 0.690120 0.858739 0.912941 0.975087 0.995784 0.954176 0.858012 0.985868 0.994554 0.933274 0.640526
0.946370 0.988033 0.793450 0.817443 0.934063 0.965480 0.894301 0.942410 0.983906 0.801329 0.818200 0.878542 0.904111 0.932061 0.971849 0.882917 0.943718 0.978994 0.940687 0.955264 0.728542 0.836947 0.834910 0.661238 0.659963 0.808191 0.000000 0.963556 0.904949 0.867155 0.804525 0.899085 0.954935 0.875638 0.979495 0.805349 0.761267 0.827409 0.816714 0.955074 0.992561 0.942666 0.868576 0.821114 0.668755 0.710924 0.990666 0.914166 0.680646 0.798114 0.790659 0.823583 0.799597 0.820092 0.929689 0.850959 0.929426 0.967291 0.856388 0.863888 0.784829 0.841774 0.895253 0.875175 0.636151 0.884612 0.973403 0.941019 0.898758 0.974801 0.948881 0.977839 0.865715 0.730360 0.942229 0.887647 0.992655 0.911116 0.993528 0.985622 0.997140 0.963379 0.826711 0.954787 0.826505 0.768756 0.766943 0.839506 0.770911 0.882180 0.926388 0.982861 0.977533 0.948526 0.926408 0.961869 0.956940 0.997137 0.769434 0.868047 0.826486 0.749886 0.667379 0.763449 0.890289 0.921477 0.964120 0.899956 0.949054 0.994624 0.809321 0.908495 0.871467 0.912657 0.989329 0.686541
0.864223 0.902077 0.863553 0.796938 0.826651 0.627360 0.818464 0.908674 0.673993 0.583240 0.798607 0.795385 0.805024 0.832537 0.839588 0.998337 0.782267 0.787091 0.693252 0.770661 0.640993 0.991295 0.881076 0.810313 0.592646 0.529223 0.963556 0.000000 0.694111 0.611955 0.936114 0.967055 0.970924 0.872708 0.713971 0.853152 0.972430 0.943602 0.708758 0.603155 0.719007 0.888139 0.821708 0.943496 0.843365 0.922413 0.834917 0.910110 0.738887 0.746513 0.948384 0.973444 0.866186 0.847635 0.880313 0.821298 0.831360 0.902620 0.974645 0.949603 0.855165 0.824188 0.805194 0.776457 0.645133 0.771121 0.767708 0.725942 0.907780 0.984458 0.925736 0.835629 0.680195 0.785806 0.960782 0.937059 0.991739 0.984967 0.990048 0.907594 0.819191 0.877651 0.890299 0.936967 0.966978 0.754543 0.988029 0.782889 0.863826 0.865847 0.866419 0.993911 0.723519 0.919249 0.990308 0.924567 0.978218 0.906958 0.916087 0.823339 0.972562 0.755959 0.837084 0.787468 0.964131 0.823108 0.994362 0.990346 0.878671 0.949177 0.984049 0.852323 0.983333 0.986220 0.999752 0.834992
0.475058 0.505429 0.892967 0.683398 0.648857 0.790313 0.616019 0.771544 0.746097 0.663598 0.359218 0.392364 0.408932 0.410988 0.495586 0.687832 0.370246 0.328468 0.381106 0.434585 0.771357 0.953165 0.685786 0.891897 0.496104 0.455320 0.904949 0.694111 0.000000 0.270576 0.956336 0.805860 0.443818 0.459736 0.891560 0.807802 0.962131 0.975281 0.602248 0.702391 0.948372 0.966881 0.995561 0.877087 0.594516 0.641104 0.835445 0.758727 0.453509 0.539386 0.638054 0.708736 0.730917 0.847711 0.865121 0.827081 0.419131 0.489352 0.614514 0.703796 0.395042 0.413176 0.314194 0.314502 0.786368 0.892819 0.966024 0.896248 0.742804 0.671901 0.927325 0.999912 0.645305 0.723845 0.873401 0.719958 0.895106 0.818852 0.528803 0.544438 0.408830 0.531137 0.513904 0.679850 0.627991 0.952730 0.872947 0.641718 0.820359 0.889182 0.721615 0.697339 0.538461 0.536804 0.865181 0.880336 0.772252 0.837104 0.632197 0.705581 0.933515 0.902864 0.643486 0.663517 0.980981 0.882391 0.873008 0.922543 0.951202 0.813719 0.807124 0.617913 0.898452 0.707895 0.888601 0.612867
0.391200 0.450425 0.903829 0.719878 0.667095 0.747895 0.616076 0.742193 0.759637 0.703020 0.297681 0.359882 0.415319 0.489382 0.577111 0.804834 0.299443 0.281292 0.328365 0.325899 0.700011 0.993227 0.727975 0.846354 0.507526 0.432500 0.867155 0.611955 0.270576 0.000000 0.913295 0.834923 0.505910 0.505375 0.760118 0.716330 0.985550 0.995926 0.582399 0.687380 0.941064 0.926822 0.885377 0.994092 0.763448 0.783360 0.903163 0.818900 0.541008 0.600595 0.737313 0.793612 0.878357 0.986580 0.840376 0.826214 0.339379 0.418150 0.637521 0.673962 0.404713 0.412719 0.330931 0.310410 0.757429 0.933161 0.921367 0.824334 0.636282 0.595017 0.911495 0.986041 0.521046 0.713324 0.812313 0.793861 0.965059 0.823612 0.509524 0.509206 0.322967 0.411588 0.521288 0.621719 0.598275 0.947264 0.798702 0.615957 0.767433 0.899069 0.659295 0.642173 0.494751 0.521133 0.782128 0.894690 0.725947 0.902586 0.730515 0.816032 0.873411 0.834071 0.650643 0.648603 0.996074 0.917218 0.841248 0.890763 0.935388 0.789908 0.833751 0.706570 0.978255 0.791105 0.918913 0.576470
0.875599 0.811065 0.763490 0.775909 0.846671 0.979173 0.735469 0.866568 0.797663 0.753060 0.856172 0.844537 0.973912 0.921785 0.712231 0.666238 0.838831 0.822942 0.945804 0.890095 0.789582 0.967297 0.663145 0.747647 0.798603 0.808486 0.804525 0.936114 0.956336 0.913295 0.000000 0.614821 0.858431 0.907148 0.946622 0.797374 0.756823 0.925119 0.993532 0.968131 0.981526 0.988155 0.832998 0.818767 0.896128 0.826031 0.995652 0.885740 0.968254 0.848722 0.901350 0.906308 0.693223 0.677459 0.998912 0.906808 0.796180 0.797642 0.993871 0.956903 0.936265 0.908090 0.934010 0.889861 0.859654 0.900635 0.865412 0.976537 0.731926 0.810441 0.778575 0.769730 0.899634 0.979838 0.794926 0.826366 0.712960 0.933150 0.986708 0.959270 0.824610 0.723577 0.991984 0.830994 0.948060 0.944035 0.905703 0.916012 0.999558 0.910554 0.762935 0.743617 0.799655 0.771964 0.900289 0.949557 0.979904 0.959952 0.922770 0.813652 0.924355 0.885729 0.925172 0.973531 0.864572 0.890520 0.951137 0.746513 0.906012 0.921797 0.919041 0.867800 0.903368 0.789716 0.997625 0.946565
0.957303 0.937427 0.873481 0.891130 0.944445 0.825063 0.558662 0.763331 0.739442 0.629293 0.906423 0.968129 0.778999 0.753255 0.657048 0.732976 0.974694 0.986088 0.784900 0.945699 0.935119 0.959941 0.719056 0.905816 0.852867 0.996480 0.899085 0.967055 0.805860 0.834923 0.614821 0.000000 0.745485 0.748326 0.961317 0.921577 0.963365 0.930358 0.832759 0.720404 0.977675 0.965355 0.778268 0.707892 0.709459 0.680441 0.899943 0.781699 0.789295 0.714802 0.773101 0.835446 0.595463 0.641150 0.915818 0.971087 0.932051 0.867536 0.887558 0.937246 0.848194 0.975652 0.916798 0.948384 0.939781 0.883536 0.874755 0.968700 0.852269 0.895863 0.729909 0.586237 0.702967 0.743181 0.935490 0.739166 0.741800 0.771750 0.862160 0.909674 0.968959 0.845411 0.957157 0.884571 0.977764 0.959588 0.812301 0.983772 0.958099 0.991915 0.744338 0.781989 0.840577 0.913311 0.938721 0.978233 0.990861 0.901952 0.623570 0.659071 0.912308 0.683454 0.618107 0.797370 0.873446 0.962524 0.748384 0.731808 0.891406 0.909239 0.812510 0.783952 0.801439 0.762684 0.898375 0.818659
0.433842 0.490877 0.835681 0.951682 0.823675 0.992189 0.594356 0.722279 0.966799 0.987951 0.470118 0.475802 0.408479 0.427475 0.547352 0.716669 0.437765 0.432562 0.473936 0.512641 0.997784 0.865073 0.682868 0.903906 0.892937 0.803982 0.954935 0.970924 0.443818 0.505910 0.858431 0.745485 0.000000 0.382479 0.784710 0.990882 0.833796 0.933987 0.920189 0.972796 0.800912 0.872677 0.910141 0.803395 0.723618 0.672391 0.652676 0.684264 0.645789 0.585455 0.539588 0.585517 0.727800 0.971009 0.656823 0.652583 0.458072 0.500825 0.467477 0.587868 0.374437 0.446299 0.344740 0.387957 0.886992 0.832853 0.662574 0.756092 0.724377 0.647274 0.940666 0.940135 0.721917 0.832244 0.821048 0.750800 0.861338 0.804720 0.543198 0.598135 0.452062 0.540822 0.553759 0.531909 0.498693 0.640133 0.801849 0.702650 0.724027 0.747431 0.835080 0.607924 0.769499 0.518497 0.887012 0.957631 0.464697 0.932183 0.687508 0.771995 0.947168 0.978721 0.661628 0.773366 0.821447 0.786749 0.864209 0.922637 0.905743 0.721428 0.748300 0.715353 0.947282 0.697767 0.742628 0.645324
0.436221 0.477990 0.723101 0.854869 0.797118 0.896014 0.460935 0.485227 0.863651 0.859198 0.415995 0.418227 0.382763 0.378579 0.662844 0.675011 0.470698 0.516592 0.402833 0.476661 0.985322 0.924135 0.839319 0.894042 0.874530 0.871810 0.875638 0.872708 0.459736 0.505375 0.907148 0.748326 0.382479 0.000000 0.954284 0.998495 0.873473 0.929366 0.962711 0.900953 0.833649 0.913952 0.709006 0.650852 0.678758 0.497197 0.563618 0.456523 0.520308 0.485067 0.410123 0.475953 0.748953 0.922797 0.598767 0.574273 0.512621 0.524634 0.371886 0.484252 0.327645 0.340262 0.409457 0.440483 0.892006 0.681333 0.561860 0.652845 0.789057 0.617357 0.843327 0.989729 0.731129 0.776571 0.711855 0.759264 0.678600 0.750535 0.566367 0.570435 0.496756 0.590268 0.576787 0.652046 0.597005 0.592659 0.875952 0.846381 0.749758 0.686271 0.995813 0.774707 0.903568 0.674679 0.920576 0.874417 0.582734 0.886240 0.610201 0.648308 0.783063 0.919231 0.603739 0.632518 0.808128 0.703001 0.961723 0.946928 0.991949 0.721517 0.662853 0.543118 0.764275 0.583856 0.709619 0.703009
0.986515 0.965538 0.846367 0.910290 0.931685 0.735948 0.868100 0.907618 0.868164 0.648315 0.896755 0.995330 0.997948 0.867496 0.981184 0.926118 0.924273 0.923357 0.846529 0.880641 0.889887 0.962921 0.950186 0.771680 0.670326 0.702832 0.979495 0.713971 0.891560 0.760118 0.946622 0.961317 0.784710 0.954284 0.000000 0.709636 0.820346 0.904583 0.651798 0.756727 0.820474 0.988591 0.959065 0.977799 0.934092 0.935129 0.877640 0.941529 0.750555 0.883206 0.941657 0.922769 0.946674 0.968078 0.832361 0.878921 0.934271 0.982165 0.941230 0.986652 0.990611 0.978504 0.964089 0.977376 0.728901 0.825629 0.704117 0.652929 0.931423 0.945794 0.966932 0.900576 0.686492 0.855265 0.986170 0.992841 0.934083 0.924363 0.988407 0.940442 0.921373 0.971670 0.954969 0.877557 0.879840 0.753199 0.999870 0.938151 0.939196 0.830551 0.998922 0.845757 0.911470 0.928745 0.872936 0.998717 0.881834 0.925315 0.902478 0.884066 0.914183 0.856771 0.917851 0.939552 0.881037 0.760405 0.952844 0.958833 0.922261 0.971918 0.981884 0.852120 0.934770 0.974998 0.944610 0.982087
0.856282 0.888233 0.981981 0.897792 0.898825 0.795243 0.870721 0.953769 0.790418 0.883788 0.820717 0.884996 0.889558 0.989621 0.874282 0.998701 0.790349 0.811751 0.824504 0.818755 0.901451 0.874765 0.899097 0.908494 0.761818 0.759226 0.805349 0.853152 0.807802 0.716330 0.797374 0.921577 0.990882 0.998495 0.709636 0.000000 0.869114 0.810490 0.789467 0.817999 0.908238 0.970049 0.909417 0.947939 0.965850 0.995942 0.925708 0.903325 0.853152 0.919845 0.882858 0.896798 0.972149 0.905838 0.909764 0.909140 0.751776 0.818376 0.965662 0.960626 0.902619 0.896210 0.869061 0.859773 0.942056 0.919242 0.724323 0.753350 0.838492 0.912586 0.851770 0.992647 0.866657 0.962021 0.862917 0.908928 0.796466 0.892878 0.823639 0.962208 0.767451 0.778931 0.985429 0.863352 0.882983 0.969256 0.906084 0.948802 0.958287 0.975549 0.867320 0.995133 0.745234 0.916277 0.809614 0.992306 0.986580 0.844774 0.948031 0.902730 0.888685 0.922411 0.995751 0.797396 0.857603 0.769818 0.938927 0.900886 0.945141 0.994480 0.983130 0.998296 0.942531 0.993994 0.973190 0.800604
0.832002 0.788225 0.539757 0.596542 0.799033 0.785973 0.930931 0.703548 0.827284 0.766420 0.988543 0.825827 0.951378 0.867027 0.955393 0.826541 0.966343 0.957032 0.994833 0.890500 0.850244 0.967955 0.964892 0.677056 0.593526 0.667077 0.761267 0.972430 0.962131 0.985550 0.756823 0.963365 0.833796 0.873473 0.820346 0.869114 0.000000 0.702937 0.617724 0.797639 0.847423 0.944767 0.801764 0.876347 0.788338 0.971125 0.676735 0.804374 0.890802 0.995701 0.889839 0.862291 0.995800 0.793328 0.642861 0.840379 0.853156 0.801202 0.836753 0.785115 0.931885 0.874217 0.935361 0.956648 0.614529 0.625964 0.683208 0.730849 0.791245 0.794976 0.960599 0.957265 0.874572 0.999171 0.812575 0.825210 0.799220 0.897689 0.835239 0.997869 0.919318 0.863784 0.750631 0.840760 0.809445 0.562409 0.792368 0.977901 0.802905 0.761873 0.971870 0.919419 0.912486 0.965419 0.987581 0.767562 0.808729 0.877275 0.887027 0.989327 0.952274 0.812441 0.977258 0.997171 0.619347 0.738132 0.984897 0.835244 0.904321 0.752425 0.925200 0.958617 0.982295 0.894360 0.752491 0.967943
0.918723 0.878539 0.806752 0.797445 0.959344 0.929374 0.967127 0.772836 0.829758 0.867695 0.917291 0.844087 0.974170 0.868317 0.841075 0.909264 0.973017 0.914747 0.980655 0.844113 0.831862 0.815821 0.830876 0.851373 0.790654 0.846594 0.827409 0.943602 0.975281 0.995926 0.925119 0.930358 0.933987 0.929366 0.904583 0.810490 0.702937 0.000000 0.707026 0.855944 0.993117 0.917506 0.815208 0.913593 0.952516 0.995267 0.825595 0.928123 0.898356 0.851280 0.875688 0.923533 0.834979 0.841800 0.813922 0.872342 0.908019 0.907205 0.947723 0.947324 0.959964 0.900497 0.975072 0.963130 0.799995 0.679530 0.779195 0.758899 0.896956 0.876649 0.854193 0.862592 0.957075 0.926439 0.992995 0.844722 0.892675 0.782840 0.885099 0.958043 0.974012 0.947370 0.879479 0.910360 0.931740 0.758890 0.872972 0.945768 0.730763 0.921810 0.966153 0.999152 0.885672 0.843545 0.915999 0.787343 0.880654 0.871300 0.985224 0.892684 0.795072 0.988714 0.956191 0.991355 0.584678 0.699161 0.950197 0.988555 0.950598 0.916049 0.969032 0.992724 0.863692 0.918872 0.717853 0.945349
