0.000000 0.295441 0.482593 0.435161 0.776212 0.718950 0.462170 0.381381 0.647598 0.659372 0.391905 0.299207 0.348165 0.507573 0.507731 0.565072 0.287689 0.297552 0.338478 0.300123 0.686092 0.780171 0.573724 0.616480 0.799145 0.680593 0.906515 0.950452 0.346391 0.293226 0.447933 0.575688 0.394562 0.354618 0.692627 0.761751 0.658965 0.734750 0.836066 0.892219 0.924485 0.856376 0.441273 0.406698 0.366435 0.312784 0.353273 0.400465 0.628436 0.352704 0.333563 0.373324 0.503807 0.506346 0.546861 0.647650 0.398531 0.359038 0.272910 0.312508 0.273062 0.352145 0.243502 0.272473 0.511289 0.411759 0.382825 0.288712 0.446885 0.390761 0.563773 0.577358 0.466746 0.414393 0.827003 0.735915 0.558356 0.541032 0.390042 0.454640 0.267925 0.286871 0.506721 0.489673 0.452557 0.430864 0.966300 0.685502 0.675512 0.616089 0.715855 0.796451 0.709657 0.891488 0.618952 0.621464 0.578341 0.709063 0.446351 0.462442 0.664397 0.806176 0.533441 0.622617 0.545929 0.631218 0.981612 0.789905 0.721416 0.686396 0.880186 0.531618 0.536756 0.680728 0.681457 0.922645
0.295441 0.000000 0.652409 0.597022 0.793868 0.892125 0.595368 0.462202 0.821155 0.713821 0.488615 0.374565 0.515741 0.558734 0.656293 0.681775 0.265531 0.323938 0.429632 0.396019 0.729409 0.790672 0.739057 0.785308 0.901169 0.820102 0.771442 0.933879 0.315155 0.340568 0.547769 0.699048 0.452734 0.449332 0.838544 0.675253 0.687530 0.715427 0.879570 0.793419 0.996985 0.620158 0.504644 0.472080 0.447047 0.445238 0.501708 0.461269 0.646412 0.513410 0.421176 0.485273 0.704261 0.593000 0.694840 0.743565 0.293947 0.248970 0.340758 0.372855 0.404836 0.435228 0.302769 0.208459 0.690516 0.566549 0.507999 0.376235 0.460908 0.310602 0.654417 0.593124 0.541581 0.516001 0.973448 0.775267 0.632214 0.507178 0.529429 0.599975 0.311457 0.405750 0.532735 0.494795 0.613623 0.576462 0.950998 0.910120 0.778496 0.686694 0.849409 0.869326 0.781377 0.915554 0.571865 0.739338 0.707556 0.526218 0.523167 0.536275 0.741284 0.860099 0.633173 0.554661 0.558467 0.683465 0.965297 0.819823 0.893022 0.718671 0.806667 0.556781 0.689708 0.675967 0.720314 0.858337
0.482593 0.652409 0.000000 0.190365 0.812782 0.658699 0.232587 0.279424 0.378942 0.510899 0.488875 0.457228 0.315526 0.566953 0.451033 0.510166 0.650267 0.496056 0.384586 0.479156 0.662984 0.753889 0.371692 0.363766 0.597705 0.412469 0.906548 0.971179 0.558950 0.500265 0.359506 0.373863 0.357202 0.400889 0.823577 0.943360 0.647211 0.924950 0.595395 0.800019 0.803684 0.942621 0.339707 0.341257 0.383962 0.410758 0.332518 0.438895 0.718663 0.526836 0.508569 0.471367 0.549070 0.525366 0.594034 0.675670 0.800370 0.826159 0.481242 0.576757 0.266375 0.398408 0.615593 0.690081 0.243558 0.216084 0.296344 0.293679 0.688565 0.666289 0.511868 0.615542 0.501781 0.529013 0.924844 0.755706 0.605434 0.639803 0.584526 0.536754 0.539846 0.392751 0.667877 0.640003 0.420758 0.332728 0.915899 0.664136 0.649202 0.539421 0.537720 0.621646 0.578019 0.652848 0.568845 0.644634 0.549545 0.707568 0.482288 0.428397 0.605855 0.633224 0.709689 0.622376 0.496116 0.592559 0.878708 0.806599 0.814638 0.847868 0.895719 0.523807 0.535087 0.789971 0.633251 0.908511
0.435161 0.597022 0.190365 0.000000 0.807654 0.626058 0.232621 0.222233 0.372906 0.500651 0.530316 0.377374 0.319866 0.457971 0.394750 0.406824 0.611873 0.456416 0.345445 0.455342 0.549108 0.688408 0.327470 0.336938 0.643776 0.404838 0.954556 0.996937 0.461795 0.436297 0.305260 0.332375 0.283553 0.295832 0.763623 0.914536 0.653924 0.923878 0.678646 0.877275 0.878688 0.885902 0.287985 0.275578 0.348138 0.367792 0.293708 0.425957 0.714607 0.502585 0.480596 0.394239 0.531740 0.471851 0.585251 0.683837 0.750973 0.774752 0.430795 0.524681 0.256381 0.345592 0.567167 0.605397 0.258738 0.193650 0.261955 0.258663 0.692021 0.617390 0.420249 0.508506 0.454299 0.473476 0.840621 0.725219 0.537447 0.603199 0.535371 0.501103 0.511294 0.350697 0.623569 0.507450 0.379748 0.287358 0.945285 0.697940 0.681259 0.508599 0.445841 0.563218 0.481064 0.589406 0.582805 0.658987 0.541969 0.673131 0.415834 0.374010 0.548485 0.624293 0.671997 0.544718 0.443014 0.564990 0.889395 0.835502 0.897335 0.875917 0.847790 0.450933 0.481909 0.673277 0.586320 0.924360
0.776212 0.793868 0.812782 0.807654 0.000000 0.725530 0.712140 0.731717 0.854135 0.930019 0.871975 0.825734 0.692534 0.905567 0.780227 0.763587 0.790222 0.847127 0.730156 0.900601 0.717920 0.756679 0.729151 0.805481 0.994977 0.986208 0.769203 0.871544 0.753345 0.771795 0.783029 0.977499 0.747043 0.702472 0.949494 0.998108 0.996111 0.896521 0.809601 0.986725 0.930603 0.887902 0.775557 0.756977 0.698615 0.673870 0.631965 0.708245 0.877738 0.764851 0.733759 0.726186 0.842177 0.684459 0.823378 0.714849 0.884465 0.924343 0.740860 0.756324 0.648318 0.712944 0.703497 0.805380 0.746497 0.701208 0.642390 0.709679 0.840012 0.856548 0.611633 0.810507 0.833284 0.899373 0.946418 0.784107 0.835313 0.967046 0.925033 0.871910 0.658742 0.706515 0.717465 0.785760 0.671427 0.700116 0.842538 0.938634 0.921314 0.869423 0.865464 0.828653 0.838470 0.933557 0.865628 0.852460 0.897777 0.861007 0.817073 0.742212 0.918410 0.954025 0.875603 0.844589 0.811434 0.782190 0.919002 0.931646 0.774057 0.960961 0.976973 0.799202 0.741607 0.825373 0.902631 0.961759
0.718950 0.892125 0.658699 0.626058 0.725530 0.000000 0.547670 0.607438 0.599638 0.698827 0.754178 0.744709 0.644506 0.843115 0.754562 0.638188 0.869141 0.790493 0.707740 0.789484 0.667248 0.954731 0.653186 0.692628 0.888654 0.859212 0.866655 0.846847 0.795905 0.845418 0.677030 0.777776 0.721058 0.702030 0.715531 0.997478 0.960882 0.725425 0.978997 0.792652 0.959144 0.940074 0.622759 0.639330 0.605337 0.626128 0.581130 0.605524 0.963517 0.781802 0.832709 0.714664 0.732327 0.690177 0.840800 0.878046 0.941315 0.924622 0.770678 0.772714 0.654567 0.728148 0.791770 0.925959 0.760876 0.632069 0.557348 0.692700 0.806866 0.847061 0.653013 0.611692 0.770280 0.849191 0.757972 0.817950 0.677769 0.840634 0.732947 0.774005 0.708351 0.602562 0.892643 0.701818 0.709928 0.674218 0.921533 0.866576 0.981455 0.804732 0.581779 0.685061 0.565398 0.687935 0.693925 0.744820 0.656260 0.963949 0.737890 0.704214 0.741175 0.649910 0.844676 0.782652 0.629714 0.897181 0.882591 0.949164 0.870657 0.968066 0.859217 0.741276 0.686395 0.736914 0.707629 0.865632
0.462170 0.595368 0.232587 0.232621 0.712140 0.547670 0.000000 0.190423 0.359257 0.381747 0.437034 0.463195 0.354225 0.599130 0.528191 0.550435 0.485102 0.362667 0.269326 0.448708 0.592196 0.672600 0.459255 0.505397 0.795790 0.605951 0.959872 0.986208 0.489379 0.446210 0.443724 0.406207 0.327649 0.297918 0.849201 0.899763 0.758431 0.983699 0.841944 0.846355 0.938833 0.884009 0.243528 0.216339 0.283294 0.324644 0.321283 0.359431 0.766242 0.549641 0.501851 0.477934 0.609282 0.428247 0.642498 0.736545 0.651049 0.739967 0.437673 0.618450 0.307317 0.495081 0.528038 0.635651 0.389252 0.295431 0.195157 0.266078 0.612577 0.656001 0.409967 0.465066 0.513783 0.504845 0.898509 0.672378 0.479240 0.572670 0.555729 0.510152 0.462917 0.326871 0.658606 0.613500 0.475800 0.420980 0.870148 0.755398 0.766114 0.713486 0.374245 0.394023 0.404835 0.423239 0.517060 0.636783 0.514901 0.672867 0.394770 0.333471 0.521836 0.461786 0.610319 0.457375 0.450068 0.555414 0.843669 0.799985 0.807776 0.846016 0.806424 0.427019 0.426472 0.642701 0.654748 0.893611
0.381381 0.462202 0.279424 0.222233 0.731717 0.607438 0.190423 0.000000 0.442046 0.352333 0.454499 0.331456 0.317478 0.459124 0.455802 0.461625 0.447079 0.334178 0.300602 0.372523 0.602108 0.685335 0.450626 0.475596 0.818520 0.616946 0.933607 0.994143 0.407984 0.370729 0.445346 0.431872 0.303367 0.274017 0.844909 0.910162 0.743034 0.929558 0.839241 0.865609 0.959982 0.815709 0.242051 0.219768 0.274671 0.281342 0.321264 0.346822 0.642270 0.442362 0.410523 0.357997 0.529964 0.377933 0.628004 0.724907 0.569263 0.590952 0.330671 0.455766 0.257413 0.324979 0.475866 0.465336 0.388061 0.251129 0.223397 0.250560 0.655154 0.511573 0.430948 0.479469 0.517031 0.496672 0.900837 0.641921 0.511873 0.507046 0.504199 0.558564 0.446635 0.338395 0.650470 0.561464 0.465189 0.382896 0.935568 0.776074 0.766158 0.600205 0.397016 0.443577 0.382436 0.519419 0.458109 0.580987 0.504966 0.609668 0.330904 0.270758 0.456615 0.541271 0.554677 0.460466 0.388459 0.498065 0.910088 0.769480 0.850814 0.764592 0.820287 0.369416 0.404447 0.615351 0.655783 0.823872
0.647598 0.821155 0.378942 0.372906 0.854135 0.599638 0.359257 0.442046 0.000000 0.512070 0.710957 0.611040 0.509016 0.643471 0.578479 0.535798 0.756029 0.693927 0.518153 0.603226 0.681321 0.755694 0.462096 0.456195 0.721649 0.575470 0.824331 0.926258 0.710033 0.645447 0.513068 0.408159 0.522771 0.514929 0.775692 0.996778 0.836715 0.973714 0.756007 0.881972 0.805631 0.870438 0.420002 0.431879 0.465951 0.499129 0.439542 0.525659 0.773316 0.581273 0.521876 0.505092 0.518095 0.459635 0.719033 0.681720 0.921069 0.996088 0.590770 0.759297 0.499220 0.652692 0.741369 0.860429 0.474294 0.446182 0.388973 0.525304 0.727226 0.763460 0.512243 0.641125 0.543294 0.571604 0.918012 0.707706 0.682602 0.661149 0.747999 0.555126 0.698275 0.564732 0.767155 0.784787 0.580156 0.520417 0.716430 0.645318 0.727414 0.711007 0.451205 0.526605 0.443188 0.552021 0.638405 0.750045 0.543191 0.720702 0.467644 0.493059 0.526620 0.580850 0.739087 0.657493 0.600793 0.605266 0.927802 0.734674 0.967481 0.976850 0.784101 0.585499 0.590115 0.926563 0.654706 0.877401
0.659372 0.713821 0.510899 0.500651 0.930019 0.698827 0.381747 0.352333 0.512070 0.000000 0.591930 0.560060 0.597093 0.676991 0.747499 0.713951 0.600944 0.537631 0.521450 0.544969 0.778832 0.861056 0.683465 0.730917 0.972288 0.779642 0.852416 0.870637 0.652197 0.596303 0.693710 0.508312 0.525749 0.494973 0.949572 0.956044 0.934968 0.924580 0.916772 0.954773 0.862701 0.775452 0.425594 0.410584 0.488476 0.506313 0.614074 0.527977 0.721281 0.565906 0.596561 0.534604 0.680356 0.519866 0.833342 0.879039 0.732114 0.816445 0.486642 0.658327 0.589542 0.611329 0.735007 0.737785 0.659266 0.522694 0.460633 0.522223 0.742378 0.650381 0.620050 0.579193 0.706131 0.676778 0.833985 0.711833 0.636731 0.581441 0.694854 0.568700 0.699350 0.603854 0.893074 0.783778 0.780520 0.702241 0.974683 0.859130 0.939691 0.832515 0.464638 0.435973 0.470699 0.507947 0.601883 0.612930 0.555150 0.669518 0.379842 0.405676 0.502302 0.407023 0.589764 0.544175 0.661738 0.566871 0.998574 0.803031 0.971373 0.867293 0.849289 0.531050 0.583726 0.791062 0.770511 0.765029
0.391905 0.488615 0.488875 0.530316 0.871975 0.754178 0.437034 0.454499 0.710957 0.591930 0.000000 0.415702 0.489851 0.634071 0.751052 0.758875 0.409965 0.286007 0.304027 0.306050 0.717483 0.778893 0.831141 0.744645 0.990019 0.794710 0.980535 0.916328 0.477220 0.366636 0.624589 0.634463 0.575640 0.454945 0.956776 0.887542 0.854020 0.850682 0.910073 0.807626 0.962495 0.989075 0.568179 0.495681 0.559183 0.547368 0.547987 0.560796 0.913289 0.620795 0.607344 0.668659 0.728576 0.592772 0.769933 0.980627 0.460853 0.495271 0.547981 0.596389 0.465429 0.612766 0.385318 0.493375 0.693580 0.572560 0.547261 0.413469 0.594996 0.701610 0.697811 0.689083 0.684301 0.579217 0.944538 0.789096 0.666902 0.565648 0.652851 0.543725 0.466826 0.432233 0.631551 0.698099 0.782784 0.701332 0.982948 0.774868 0.924477 0.907257 0.733826 0.729897 0.752967 0.719188 0.711603 0.732611 0.769189 0.920783 0.633928 0.575747 0.683840 0.628412 0.603582 0.552014 0.681517 0.828388 0.874734 0.891432 0.986788 0.850574 0.888635 0.620077 0.632001 0.755837 0.830085 0.989508
0.299207 0.374565 0.457228 0.377374 0.825734 0.744709 0.463195 0.331456 0.611040 0.560060 0.415702 0.000000 0.291388 0.312305 0.358269 0.398445 0.440437 0.383948 0.403244 0.350946 0.602742 0.749989 0.484884 0.506905 0.882939 0.716068 0.983644 0.949904 0.336202 0.323767 0.457665 0.555405 0.417999 0.404055 0.773723 0.866768 0.736221 0.735918 0.835876 0.869826 0.977727 0.903581 0.495737 0.455511 0.397767 0.403460 0.420378 0.411480 0.643970 0.388900 0.369956 0.322744 0.553226 0.459435 0.646935 0.731509 0.561088 0.523083 0.371207 0.366244 0.275640 0.279728 0.373094 0.328221 0.494038 0.368594 0.448645 0.339502 0.674418 0.490034 0.590164 0.626624 0.497560 0.443132 0.840076 0.692010 0.568877 0.488587 0.544714 0.573453 0.481767 0.433072 0.525769 0.612967 0.498326 0.457022 0.976569 0.804851 0.755322 0.580758 0.748305 0.791106 0.685586 0.911220 0.604548 0.680774 0.676286 0.650047 0.485033 0.438127 0.656293 0.810558 0.578535 0.639171 0.495052 0.534023 0.972847 0.816930 0.874851 0.682175 0.837681 0.560535 0.627782 0.629763 0.647927 0.999513
0.348165 0.515741 0.315526 0.319866 0.692534 0.644506 0.354225 0.317478 0.509016 0.597093 0.489851 0.291388 0.000000 0.340193 0.281405 0.304827 0.524868 0.508675 0.383169 0.468897 0.605425 0.790376 0.304381 0.343202 0.764567 0.628672 0.977167 0.937019 0.457853 0.432349 0.394600 0.521534 0.430014 0.438919 0.796720 0.886988 0.696779 0.836048 0.709347 0.824090 0.962571 0.984986 0.398076 0.393409 0.393221 0.383807 0.374120 0.386456 0.753485 0.392327 0.352897 0.342204 0.456244 0.420163 0.567138 0.721028 0.688702 0.692970 0.379134 0.460949 0.213157 0.316199 0.406172 0.476335 0.310674 0.289166 0.341736 0.328408 0.711420 0.614199 0.519496 0.524812 0.473241 0.493921 0.866396 0.604588 0.580779 0.616087 0.583241 0.630237 0.491546 0.431845 0.496242 0.663970 0.377186 0.334102 0.815116 0.701595 0.661731 0.574069 0.649502 0.705343 0.579769 0.811606 0.659119 0.729443 0.668766 0.767584 0.530884 0.471816 0.663044 0.744699 0.607165 0.713922 0.440739 0.562928 0.975683 0.770507 0.690105 0.765067 0.906073 0.561849 0.577470 0.641163 0.629818 0.916153
0.507573 0.558734 0.566953 0.457971 0.905567 0.843115 0.599130 0.459124 0.643471 0.676991 0.634071 0.312305 0.340193 0.000000 0.273992 0.262618 0.656457 0.573877 0.488920 0.561793 0.660247 0.742965 0.420225 0.393691 0.839257 0.697449 0.960931 0.955762 0.445040 0.454768 0.467118 0.600131 0.509763 0.519279 0.845638 0.964017 0.715309 0.762956 0.870483 0.808044 0.986950 0.840038 0.528196 0.520510 0.622787 0.594610 0.603971 0.584532 0.782926 0.544806 0.473233 0.413247 0.592901 0.499772 0.763064 0.931163 0.716638 0.697038 0.494945 0.570861 0.426427 0.446487 0.488890 0.469572 0.490024 0.452418 0.530665 0.502517 0.973058 0.620987 0.591056 0.633466 0.677626 0.548566 0.957471 0.627849 0.552749 0.588674 0.647642 0.738433 0.724368 0.699379 0.547353 0.738457 0.547402 0.471845 0.879336 0.825239 0.814486 0.661812 0.701810 0.751349 0.595917 0.845034 0.668885 0.791790 0.861770 0.652300 0.581389 0.562362 0.658088 0.854188 0.640079 0.827696 0.516482 0.562748 0.958622 0.718465 0.865340 0.747830 0.902523 0.642242 0.673004 0.717072 0.619975 0.985898
0.507731 0.656293 0.451033 0.394750 0.780227 0.754562 0.528191 0.455802 0.578479 0.747499 0.751052 0.358269 0.281405 0.273992 0.000000 0.220714 0.721252 0.695831 0.583977 0.661339 0.647905 0.765761 0.204878 0.292253 0.594338 0.622816 0.939753 0.993194 0.530427 0.536376 0.346717 0.496219 0.449088 0.511096 0.664782 0.974583 0.642641 0.830527 0.791188 0.920546 0.953118 0.972214 0.525852 0.542037 0.519426 0.518231 0.483725 0.535886 0.764049 0.527109 0.490518 0.401466 0.559260 0.541342 0.527537 0.699093 0.888815 0.874057 0.534229 0.570683 0.318276 0.371407 0.552933 0.582949 0.314353 0.346352 0.434672 0.440389 0.914927 0.652752 0.532283 0.675293 0.489867 0.543037 0.858965 0.703932 0.557671 0.683205 0.635356 0.754689 0.632531 0.589559 0.499946 0.703842 0.311017 0.317416 0.808432 0.705088 0.757719 0.562983 0.738765 0.850029 0.642820 0.958926 0.684315 0.780758 0.751632 0.721826 0.624970 0.592972 0.746717 0.934964 0.774348 0.920511 0.447097 0.525748 0.965825 0.755770 0.802189 0.771040 0.902786 0.629451 0.693076 0.794712 0.571700 0.957548
0.565072 0.681775 0.510166 0.406824 0.763587 0.638188 0.550435 0.461625 0.535798 0.713951 0.758875 0.398445 0.304827 0.262618 0.220714 0.000000 0.763972 0.716545 0.567357 0.697355 0.620968 0.770118 0.240537 0.257530 0.690967 0.669255 0.886409 0.932862 0.547083 0.584761 0.417246 0.528883 0.489052 0.548495 0.757274 0.987975 0.785638 0.838352 0.813081 0.927408 0.945069 0.976977 0.492902 0.525496 0.564154 0.532857 0.519586 0.533399 0.858240 0.554357 0.478603 0.390480 0.506737 0.427850 0.674356 0.760064 0.915619 0.914044 0.538563 0.629377 0.381064 0.446252 0.580180 0.606920 0.401983 0.386602 0.456104 0.509990 0.916649 0.711823 0.465445 0.566387 0.566652 0.623436 0.809883 0.708442 0.600426 0.690432 0.682637 0.722077 0.686313 0.627333 0.543315 0.696346 0.402324 0.319980 0.886223 0.757084 0.792121 0.681165 0.629622 0.703169 0.522655 0.833564 0.719141 0.780393 0.801520 0.712935 0.650277 0.604329 0.723507 0.771332 0.764410 0.903803 0.472523 0.581149 0.927887 0.835839 0.889464 0.878713 0.951270 0.679967 0.697256 0.689555 0.603493 0.924809
0.287689 0.265531 0.650267 0.611873 0.790222 0.869141 0.485102 0.447079 0.756029 0.600944 0.409965 0.440437 0.524868 0.656457 0.721252 0.763972 0.000000 0.238767 0.341710 0.395198 0.689473 0.720856 0.776084 0.868554 0.952412 0.872994 0.883281 0.938140 0.329575 0.329770 0.620092 0.615331 0.458489 0.404232 0.898695 0.689796 0.760509 0.744250 0.920178 0.715016 0.805765 0.685018 0.470210 0.393294 0.413560 0.441222 0.502212 0.445307 0.735713 0.532881 0.436488 0.531440 0.693442 0.569876 0.659069 0.803339 0.204397 0.282043 0.354263 0.474989 0.466476 0.587298 0.273198 0.269867 0.714967 0.643104 0.453965 0.357909 0.426642 0.468191 0.562222 0.544407 0.605124 0.523203 0.967400 0.776330 0.539454 0.483146 0.449670 0.532914 0.292187 0.436666 0.552403 0.601226 0.657977 0.667511 0.999428 0.915851 0.853356 0.835195 0.735438 0.721700 0.708496 0.802210 0.636752 0.739929 0.692567 0.584265 0.468316 0.460501 0.808660 0.787420 0.491228 0.416400 0.615562 0.617170 0.972868 0.756514 0.864128 0.628016 0.762093 0.530341 0.614449 0.638100 0.765393 0.933350
0.297552 0.323938 0.496056 0.456416 0.847127 0.790493 0.362667 0.334178 0.693927 0.537631 0.286007 0.383948 0.508675 0.573877 0.695831 0.716545 0.238767 0.000000 0.218717 0.257889 0.699212 0.657300 0.783296 0.801017 0.965085 0.753444 0.892466 0.905982 0.275869 0.261671 0.592816 0.549064 0.383829 0.315589 0.944522 0.827578 0.747719 0.835181 0.951045 0.705906 0.994527 0.717827 0.381234 0.302641 0.397513 0.391286 0.444027 0.425608 0.734896 0.534056 0.456731 0.505108 0.674017 0.507125 0.703468 0.807884 0.279021 0.304891 0.392030 0.495204 0.398912 0.545516 0.271452 0.310629 0.651534 0.513158 0.403014 0.329078 0.517013 0.522233 0.598598 0.606036 0.619391 0.454045 0.918772 0.714049 0.543930 0.498290 0.472350 0.497218 0.357793 0.339329 0.571923 0.544647 0.664480 0.602581 0.999387 0.902381 0.886739 0.786871 0.607014 0.595700 0.616690 0.652849 0.603800 0.623538 0.677114 0.654126 0.394324 0.382988 0.641854 0.656484 0.541703 0.391608 0.537979 0.657604 0.824158 0.782113 0.923214 0.695679 0.864976 0.436919 0.484932 0.619061 0.682655 0.936270
0.338478 0.429632 0.384586 0.345445 0.730156 0.707740 0.269326 0.300602 0.518153 0.521450 0.304027 0.403244 0.383169 0.488920 0.583977 0.567357 0.341710 0.218717 0.000000 0.306656 0.654810 0.631519 0.611480 0.612725 0.886856 0.689576 0.963438 0.958046 0.332584 0.269731 0.501333 0.517636 0.394899 0.280534 0.911980 0.821719 0.716141 0.938457 0.847357 0.712244 0.954009 0.792394 0.324579 0.260982 0.375192 0.370739 0.375806 0.406263 0.741610 0.463465 0.406959 0.434617 0.573284 0.390137 0.666653 0.790820 0.452713 0.506998 0.383199 0.546965 0.337743 0.533751 0.330946 0.438438 0.499669 0.422765 0.330552 0.324511 0.555348 0.553564 0.497671 0.529162 0.584889 0.467403 0.947029 0.576085 0.546548 0.581203 0.546882 0.439105 0.403025 0.348776 0.651762 0.599209 0.553259 0.508537 0.904225 0.804170 0.813544 0.774555 0.518533 0.521795 0.537952 0.566656 0.579481 0.664104 0.695250 0.662178 0.381721 0.385413 0.604743 0.605205 0.527913 0.448973 0.523659 0.645470 0.952612 0.794871 0.818287 0.816365 0.892642 0.413547 0.471216 0.620139 0.652664 0.901542
0.300123 0.396019 0.479156 0.455342 0.900601 0.789484 0.448708 0.372523 0.603226 0.544969 0.306050 0.350946 0.468897 0.561793 0.661339 0.697355 0.395198 0.257889 0.306656 0.000000 0.772406 0.679728 0.735418 0.733403 0.962652 0.712912 0.921084 0.916149 0.346499 0.311044 0.621623 0.549924 0.437531 0.362518 0.880283 0.917403 0.779304 0.841132 0.896604 0.775878 0.876585 0.896118 0.495825 0.410373 0.482328 0.468190 0.474933 0.460632 0.708719 0.486468 0.491817 0.519410 0.622638 0.566001 0.724261 0.791368 0.431651 0.409230 0.426763 0.478258 0.402185 0.483565 0.371354 0.406742 0.622075 0.498502 0.510847 0.404527 0.553574 0.496769 0.712421 0.728270 0.603890 0.498583 0.881273 0.723224 0.646806 0.621567 0.595836 0.506561 0.484238 0.377836 0.657389 0.645988 0.697765 0.623569 0.879732 0.825434 0.763966 0.691420 0.692178 0.718052 0.724981 0.798241 0.625836 0.688599 0.681461 0.752329 0.427537 0.437173 0.548896 0.683684 0.642537 0.529145 0.618736 0.683816 0.909785 0.765997 0.876542 0.787242 0.815504 0.522381 0.567292 0.747702 0.739111 0.859591
0.686092 0.729409 0.662984 0.549108 0.717920 0.667248 0.592196 0.602108 0.681321 0.778832 0.717483 0.602742 0.605425 0.660247 0.647905 0.620968 0.689473 0.699212 0.654810 0.772406 0.000000 0.755430 0.608071 0.609743 0.927081 0.745523 0.851343 0.930836 0.689550 0.746773 0.569213 0.730890 0.588399 0.525830 0.735238 0.997704 0.767783 0.912021 0.969602 0.876750 0.903719 0.908081 0.577072 0.581518 0.639573 0.646067 0.551246 0.661876 0.969689 0.726500 0.741503 0.694831 0.765426 0.693172 0.840187 0.914439 0.821510 0.826336 0.655167 0.678349 0.589733 0.652246 0.652882 0.701136 0.626528 0.539773 0.574723 0.559080 0.908580 0.834225 0.522398 0.595659 0.661806 0.695074 0.873634 0.795026 0.647554 0.599488 0.759047 0.708959 0.678404 0.679775 0.594043 0.677903 0.661500 0.646026 0.929452 0.963418 0.890743 0.826454 0.658794 0.744942 0.591217 0.736609 0.814471 0.837994 0.798612 0.808232 0.700252 0.625511 0.774986 0.784867 0.701065 0.625243 0.622762 0.711367 0.886990 0.701644 0.974349 0.950952 0.929733 0.721740 0.764840 0.744343 0.835983 0.863180
0.780171 0.790672 0.753889 0.688408 0.756679 0.954731 0.672600 0.685335 0.755694 0.861056 0.778893 0.749989 0.790376 0.742965 0.765761 0.770118 0.720856 0.657300 0.631519 0.679728 0.755430 0.000000 0.769153 0.786468 0.984042 0.878528 0.897512 0.816628 0.599373 0.667995 0.783933 0.623083 0.573737 0.667443 0.936658 0.970349 0.973938 0.892345 0.990821 0.810789 0.996433 0.979231 0.712012 0.646055 0.731702 0.730876 0.744385 0.809667 0.876321 0.850811 0.780782 0.798019 0.909311 0.692908 0.794111 0.855408 0.756058 0.782435 0.846743 0.832213 0.700961 0.847712 0.738595 0.754531 0.761852 0.725352 0.646761 0.647403 0.845990 0.842536 0.703271 0.746874 0.822602 0.666293 0.843841 0.994132 0.747275 0.750471 0.972913 0.742098 0.792901 0.724794 0.814140 0.852626 0.786570 0.741328 0.930855 0.944378 0.831058 0.813751 0.704150 0.783760 0.795383 0.811144 0.794767 0.948972 0.941434 0.803007 0.721263 0.681504 0.864053 0.908432 0.882898 0.737912 0.882616 0.659147 0.980547 0.897655 0.968933 0.902495 0.772107 0.740365 0.808662 0.763284 0.870514 0.946895
0.573724 0.739057 0.371692 0.327470 0.729151 0.653186 0.459255 0.450626 0.462096 0.683465 0.831141 0.484884 0.304381 0.420225 0.204878 0.240537 0.776084 0.783296 0.611480 0.735418 0.608071 0.769153 0.000000 0.234395 0.462181 0.499723 0.864124 0.974066 0.609121 0.647699 0.296649 0.440674 0.384647 0.522163 0.610511 0.963688 0.647591 0.906048 0.718790 0.942100 0.917625 0.972411 0.451008 0.508496 0.480203 0.486147 0.416693 0.524391 0.778482 0.562486 0.511993 0.406928 0.526366 0.549252 0.503197 0.632620 0.985724 0.989631 0.519127 0.601307 0.318145 0.388498 0.630069 0.688733 0.233178 0.290891 0.348395 0.411030 0.849093 0.646572 0.440665 0.572693 0.450653 0.581123 0.844889 0.780654 0.544371 0.742255 0.610085 0.697048 0.593155 0.556335 0.518860 0.629619 0.233678 0.226846 0.843229 0.672743 0.669616 0.546230 0.639912 0.778802 0.562667 0.897900 0.651096 0.740680 0.664085 0.708322 0.611715 0.580792 0.776554 0.841247 0.811819 0.887792 0.449550 0.510494 0.959281 0.840072 0.770687 0.855173 0.901767 0.650070 0.696803 0.786807 0.569605 0.979930
0.616480 0.785308 0.363766 0.336938 0.805481 0.692628 0.505397 0.475596 0.456195 0.730917 0.744645 0.506905 0.343202 0.393691 0.292253 0.257530 0.868554 0.801017 0.612725 0.733403 0.609743 0.786468 0.234395 0.000000 0.536132 0.486260 0.921909 0.973353 0.624282 0.656957 0.338296 0.443484 0.511987 0.537587 0.696133 0.962605 0.761852 0.882194 0.714532 0.886593 0.922290 0.950562 0.496617 0.567728 0.578727 0.542962 0.488174 0.595187 0.793138 0.616326 0.534721 0.479715 0.514294 0.526735 0.583988 0.708709 0.968484 0.959248 0.568928 0.674958 0.376397 0.472827 0.658043 0.763086 0.313891 0.324288 0.439585 0.486202 0.967160 0.759389 0.530240 0.674114 0.572695 0.662143 0.926863 0.761695 0.648070 0.727803 0.723445 0.675405 0.658199 0.598987 0.602874 0.667697 0.354860 0.299266 0.786879 0.614185 0.721653 0.594914 0.635638 0.735906 0.592790 0.825379 0.721995 0.851461 0.762592 0.777965 0.708669 0.640211 0.710015 0.858589 0.883985 0.899910 0.565706 0.695871 0.976651 0.817161 0.834651 0.905184 0.978050 0.720017 0.671994 0.817884 0.583535 0.993002
0.799145 0.901169 0.597705 0.643776 0.994977 0.888654 0.795790 0.818520 0.721649 0.972288 0.990019 0.882939 0.764567 0.839257 0.594338 0.690967 0.952412 0.965085 0.886856 0.962652 0.927081 0.984042 0.462181 0.536132 0.000000 0.436177 0.882356 0.884626 0.893800 0.922552 0.505126 0.617251 0.698586 0.824289 0.557860 0.988991 0.616389 0.978662 0.685892 0.976264 0.878547 0.899099 0.741020 0.823996 0.811290 0.795331 0.657804 0.887925 0.880239 0.907524 0.839407 0.789086 0.765607 0.993349 0.533230 0.728550 0.934047 0.967899 0.796879 0.831028 0.658210 0.695395 0.882267 0.896092 0.474829 0.612100 0.687569 0.714708 0.843199 0.786458 0.809051 0.957865 0.620334 0.843505 0.885633 0.948486 0.816053 0.986163 0.733372 0.836776 0.702764 0.787268 0.752532 0.751420 0.436939 0.450962 0.981406 0.794100 0.806332 0.642273 0.957720 0.930121 0.884076 0.924159 0.707857 0.895868 0.828148 0.817765 0.911055 0.903878 0.859137 0.870957 0.877106 0.961368 0.692603 0.862130 0.917522 0.962060 0.868778 0.870088 0.945164 0.823842 0.859713 0.838173 0.671105 0.959859
0.680593 0.820102 0.412469 0.404838 0.986208 0.859212 0.605951 0.616946 0.575470 0.779642 0.794710 0.716068 0.628672 0.697449 0.622816 0.669255 0.872994 0.753444 0.689576 0.712912 0.745523 0.878528 0.499723 0.486260 0.436177 0.000000 0.919207 0.868586 0.698598 0.726137 0.441375 0.513636 0.498883 0.600816 0.778578 0.895169 0.611404 0.949952 0.572237 0.751496 0.840980 0.882519 0.534025 0.532698 0.604996 0.567474 0.463634 0.627702 0.694718 0.641684 0.599826 0.582503 0.577757 0.722724 0.569685 0.629556 0.972405 0.927089 0.614595 0.672886 0.531233 0.552509 0.771311 0.824259 0.369484 0.407491 0.539314 0.509432 0.840434 0.730148 0.713633 0.654258 0.518169 0.578546 0.845534 0.869952 0.592389 0.844508 0.774192 0.611566 0.719644 0.587157 0.753877 0.543743 0.466897 0.407039 0.937385 0.677310 0.629093 0.450676 0.655742 0.815446 0.743853 0.812074 0.703221 0.784352 0.649350 0.738291 0.620496 0.549069 0.759863 0.846694 0.833144 0.743630 0.580551 0.845054 0.894142 0.798099 0.937381 0.931808 0.991140 0.717929 0.632890 0.986098 0.577607 0.993960
0.906515 0.771442 0.906548 0.954556 0.769203 0.866655 0.959872 0.933607 0.824331 0.852416 0.980535 0.983644 0.977167 0.960931 0.939753 0.886409 0.883281 0.892466 0.963438 0.921084 0.851343 0.897512 0.864124 0.921909 0.882356 0.919207 0.000000 0.955305 0.890429 0.859908 0.987253 0.973703 0.976451 0.908533 0.981972 0.904906 0.981435 0.990997 0.957322 0.969703 0.886682 0.983584 0.992863 0.993872 0.919206 0.934192 0.963594 0.947153 0.864342 0.980396 0.911482 0.998325 0.945537 0.955868 0.907123 0.921655 0.765317 0.730473 0.910207 0.876126 0.933510 0.918730 0.865086 0.773269 0.944212 0.977685 0.956466 0.981194 0.959756 0.777762 0.930146 0.958979 0.942285 0.989976 0.931465 0.923581 0.885879 0.978363 0.940160 0.903556 0.865095 0.892249 0.963149 0.851884 0.996341 0.999463 0.788469 0.985243 0.906166 0.855826 0.965999 0.885654 0.921719 0.899934 0.970000 0.873835 0.984594 0.828775 0.983455 0.987629 0.990939 0.830454 0.967315 0.860682 0.974458 0.883322 0.995615 0.880117 0.935555 0.847219 0.962478 0.867664 0.889412 0.987192 0.961081 0.957359
0.950452 0.933879 0.971179 0.996937 0.871544 0.846847 0.986208 0.994143 0.926258 0.870637 0.916328 0.949904 0.937019 0.955762 0.993194 0.932862 0.938140 0.905982 0.958046 0.916149 0.930836 0.816628 0.974066 0.973353 0.884626 0.868586 0.955305 0.000000 0.933450 0.995396 0.985415 0.986846 0.901670 0.997090 0.970802 0.969810 0.950079 0.972540 0.911568 0.940413 0.884913 0.903112 0.975316 0.930948 0.934391 0.964521 0.973172 0.916035 0.875515 0.828763 0.906905 0.867497 0.910848 0.956392 0.888808 0.807364 0.908633 0.889882 0.909338 0.952650 0.992579 0.982192 0.897993 0.877200 0.968499 0.961270 0.975772 0.997248 0.940431 0.989762 0.971531 0.947783 0.953780 0.990945 0.859324 0.887554 0.768774 0.969950 0.909965 0.953026 0.946605 0.955128 0.994841 0.935808 0.969785 0.955986 0.853508 0.815274 0.959176 0.983401 0.933105 0.996920 0.980749 0.943758 0.823086 0.991599 0.893797 0.832590 0.985113 0.953577 0.898743 0.948681 0.906746 0.850666 0.909198 0.884679 0.804073 0.879152 0.867488 0.930265 0.973421 0.981813 0.961676 0.946651 0.854110 0.964189
0.346391 0.315155 0.558950 0.461795 0.753345 0.795905 0.489379 0.407984 0.710033 0.652197 0.477220 0.336202 0.457853 0.445040 0.530427 0.547083 0.329575 0.275869 0.332584 0.346499 0.689550 0.599373 0.609121 0.624282 0.893800 0.698598 0.890429 0.933450 0.000000 0.273506 0.468871 0.565388 0.397240 0.342608 0.802122 0.856242 0.693516 0.789632 0.883433 0.705062 0.964937 0.776268 0.446324 0.381611 0.429257 0.428863 0.454577 0.403388 0.658745 0.474210 0.412731 0.397184 0.601900 0.478038 0.598499 0.675351 0.411592 0.435558 0.403320 0.416368 0.368142 0.474190 0.277723 0.317244 0.588025 0.476452 0.424158 0.350850 0.612139 0.475364 0.591256 0.579538 0.526653 0.434558 0.920229 0.742131 0.499847 0.531671 0.543823 0.504949 0.388866 0.395502 0.551025 0.486232 0.525904 0.517750 0.925580 0.868945 0.808573 0.605305 0.732382 0.751182 0.703493 0.868609 0.566306 0.768614 0.772546 0.620837 0.460080 0.430977 0.693385 0.861855 0.625374 0.511909 0.523924 0.551869 0.999785 0.828076 0.877020 0.668804 0.793346 0.516964 0.585192 0.585213 0.584799 0.890081
0.293226 0.340568 0.500265 0.436297 0.771795 0.845418 0.446210 0.370729 0.645447 0.596303 0.366636 0.323767 0.432349 0.454768 0.536376 0.584761 0.329770 0.261671 0.269731 0.311044 0.746773 0.667995 0.647699 0.656957 0.922552 0.726137 0.859908 0.995396 0.273506 0.000000 0.468945 0.540895 0.401595 0.285148 0.900484 0.824557 0.745636 0.809669 0.830691 0.784617 0.907575 0.885942 0.505437 0.384131 0.423874 0.417455 0.442572 0.451211 0.717059 0.443274 0.410529 0.422767 0.540338 0.437474 0.531732 0.718366 0.440484 0.423017 0.444505 0.493425 0.351402 0.463397 0.320248 0.339567 0.585926 0.478919 0.426783 0.365183 0.513485 0.443404 0.588414 0.634982 0.551400 0.418625 0.842410 0.670793 0.674235 0.606457 0.549833 0.497787 0.397174 0.328884 0.524003 0.472573 0.598694 0.520868 0.830514 0.675783 0.787564 0.667801 0.725725 0.786521 0.749702 0.848144 0.571222 0.776206 0.721511 0.626280 0.472746 0.466781 0.635859 0.750433 0.553313 0.533313 0.631122 0.652308 0.993102 0.841691 0.919324 0.760578 0.852977 0.560529 0.578853 0.707080 0.708664 0.953284
0.447933 0.547769 0.359506 0.305260 0.783029 0.677030 0.443724 0.445346 0.513068 0.693710 0.624589 0.457665 0.394600 0.467118 0.346717 0.417246 0.620092 0.592816 0.501333 0.621623 0.569213 0.783933 0.296649 0.338296 0.505126 0.441375 0.987253 0.985415 0.468871 0.468945 0.000000 0.377986 0.347478 0.398270 0.634036 0.850883 0.535435 0.790610 0.678350 0.990887 0.975718 0.861029 0.449169 0.443098 0.457463 0.457892 0.381525 0.477986 0.749380 0.581129 0.520114 0.475876 0.574515 0.583795 0.464392 0.648372 0.781379 0.774995 0.501038 0.533415 0.293071 0.391091 0.520938 0.558111 0.299812 0.283382 0.342834 0.338333 0.652465 0.511908 0.474942 0.550365 0.408445 0.435556 0.834911 0.866497 0.601460 0.595610 0.582978 0.578624 0.449952 0.415513 0.450195 0.419710 0.312075 0.263965 0.885906 0.583079 0.631789 0.471565 0.722639 0.878932 0.669937 0.900082 0.594517 0.822747 0.611082 0.691293 0.621896 0.596029 0.683582 0.801784 0.755288 0.713732 0.573490 0.639445 0.917438 0.862933 0.896489 0.770508 0.980335 0.629611 0.642169 0.748196 0.548016 0.925238
0.575688 0.699048 0.373863 0.332375 0.977499 0.777776 0.406207 0.431872 0.408159 0.508312 0.634463 0.555405 0.521534 0.600131 0.496219 0.528883 0.615331 0.549064 0.517636 0.549924 0.730890 0.623083 0.440674 0.443484 0.617251 0.513636 0.973703 0.986846 0.565388 0.540895 0.377986 0.000000 0.383425 0.425472 0.762715 0.967296 0.688943 0.844150 0.649836 0.919623 0.930187 0.880115 0.446682 0.411231 0.485494 0.551823 0.519744 0.558301 0.817780 0.666025 0.574684 0.581867 0.626652 0.580708 0.593027 0.759095 0.749631 0.833146 0.591901 0.716726 0.435174 0.590188 0.661534 0.685816 0.411461 0.414439 0.414234 0.406715 0.662984 0.672145 0.574548 0.633981 0.531591 0.527233 0.848722 0.867573 0.639129 0.596879 0.671256 0.509543 0.611585 0.526059 0.664779 0.619749 0.522357 0.421233 0.949697 0.661557 0.778931 0.626756 0.548694 0.694583 0.602620 0.728585 0.699181 0.800945 0.655666 0.742153 0.524758 0.534357 0.669299 0.702355 0.798110 0.581667 0.628693 0.615694 0.853802 0.854104 0.999267 0.882868 0.820103 0.590410 0.641424 0.812252 0.554667 0.941388
0.394562 0.452734 0.357202 0.283553 0.747043 0.721058 0.327649 0.303367 0.522771 0.525749 0.575640 0.417999 0.430014 0.509763 0.449088 0.489052 0.458489 0.383829 0.394899 0.437531 0.588399 0.573737 0.384647 0.511987 0.698586 0.498883 0.976451 0.901670 0.397240 0.401595 0.347478 0.383425 0.000000 0.332894 0.776412 0.785037 0.664538 0.899843 0.806661 0.842351 0.860229 0.811813 0.323116 0.294459 0.351563 0.342640 0.370324 0.429026 0.685955 0.544866 0.478700 0.437261 0.574727 0.497303 0.530066 0.630645 0.592104 0.570714 0.395996 0.489272 0.316688 0.379997 0.456027 0.481950 0.380297 0.310466 0.286531 0.248955 0.570709 0.452344 0.412000 0.465971 0.476277 0.435358 0.909031 0.734597 0.433389 0.564523 0.446528 0.539551 0.388472 0.314891 0.520241 0.394429 0.375796 0.305950 0.938578 0.780247 0.711503 0.536160 0.505364 0.619491 0.536086 0.727223 0.537303 0.634371 0.497190 0.498921 0.409143 0.347402 0.643412 0.649479 0.712180 0.502895 0.483154 0.494945 0.876196 0.788807 0.863477 0.744474 0.846425 0.492259 0.503546 0.660035 0.604902 0.976309
0.354618 0.449332 0.400889 0.295832 0.702472 0.702030 0.297918 0.274017 0.514929 0.494973 0.454945 0.404055 0.438919 0.519279 0.511096 0.548495 0.404232 0.315589 0.280534 0.362518 0.525830 0.667443 0.522163 0.537587 0.824289 0.600816 0.908533 0.997090 0.342608 0.285148 0.398270 0.425472 0.332894 0.000000 0.751255 0.917774 0.622525 0.817867 0.835038 0.855469 0.945536 0.890787 0.364985 0.282877 0.342653 0.344039 0.346338 0.433015 0.728716 0.484592 0.480549 0.439320 0.602636 0.495977 0.614267 0.672443 0.514689 0.551513 0.394150 0.530647 0.313793 0.435034 0.409381 0.446723 0.445240 0.336868 0.303475 0.286475 0.620355 0.526793 0.508198 0.548589 0.496614 0.509443 0.803770 0.691164 0.541673 0.537048 0.541731 0.453350 0.425330 0.316710 0.579249 0.457439 0.452778 0.429135 0.896390 0.725903 0.796322 0.669659 0.568081 0.635573 0.591738 0.644760 0.563978 0.673590 0.649744 0.632833 0.377780 0.377039 0.587272 0.655955 0.581140 0.426961 0.535867 0.642990 0.992386 0.725041 0.896020 0.837044 0.825136 0.394537 0.513607 0.639726 0.598594 0.898381
0.692627 0.838544 0.823577 0.763623 0.949494 0.715531 0.849201 0.844909 0.775692 0.949572 0.956776 0.773723 0.796720 0.845638 0.664782 0.757274 0.898695 0.944522 0.911980 0.880283 0.735238 0.936658 0.610511 0.696133 0.557860 0.778578 0.981972 0.970802 0.802122 0.900484 0.634036 0.762715 0.776412 0.751255 0.000000 0.973706 0.667105 0.909941 0.933739 0.835048 0.982467 0.963382 0.767711 0.851507 0.681669 0.677209 0.655619 0.819038 0.705569 0.690414 0.769010 0.710200 0.772796 0.947047 0.563035 0.658036 0.952603 0.928624 0.714847 0.659245 0.683970 0.717858 0.797609 0.818301 0.663839 0.706431 0.718603 0.743183 0.811833 0.651297 0.892688 0.901410 0.666821 0.783622 0.694304 0.978275 0.787557 0.856530 0.726451 0.795554 0.677576 0.720545 0.825434 0.759649 0.503138 0.619979 0.987394 0.841978 0.781494 0.671689 0.971613 0.855342 0.927491 0.872605 0.735602 0.881244 0.750158 0.866618 0.821560 0.888965 0.985614 0.827607 0.984293 0.962009 0.781241 0.800240 0.947211 0.960825 0.690721 0.976533 0.720351 0.758830 0.948822 0.897969 0.797811 0.960785
0.761751 0.675253 0.943360 0.914536 0.998108 0.997478 0.899763 0.910162 0.996778 0.956044 0.887542 0.866768 0.886988 0.964017 0.974583 0.987975 0.689796 0.827578 0.821719 0.917403 0.997704 0.970349 0.963688 0.962605 0.988991 0.895169 0.904906 0.969810 0.856242 0.824557 0.850883 0.967296 0.785037 0.917774 0.973706 0.000000 0.944977 0.815428 0.988708 0.943830 0.845069 0.830442 0.854844 0.805377 0.828082 0.820391 0.850839 0.768273 0.916266 0.898778 0.838539 0.840698 0.920741 0.848383 0.908157 0.895231 0.772514 0.724842 0.775224 0.805880 0.906785 0.906170 0.765892 0.784970 0.953896 0.942441 0.831812 0.776249 0.711087 0.651997 0.840799 0.600168 0.886446 0.833418 0.948254 0.972019 0.852807 0.834157 0.724576 0.880307 0.722568 0.791869 0.801048 0.701309 0.898066 0.879577 0.936645 0.904966 0.912671 0.868870 0.978805 0.964789 0.951184 0.953885 0.856688 0.984325 0.841681 0.701346 0.945238 0.927435 0.992582 0.832643 0.876009 0.875142 0.985136 0.960235 0.922173 0.975616 0.857064 0.907979 0.795469 0.904635 0.896200 0.899531 0.929193 0.934644
0.658965 0.687530 0.647211 0.653924 0.996111 0.960882 0.758431 0.743034 0.836715 0.934968 0.854020 0.736221 0.696779 0.715309 0.642641 0.785638 0.760509 0.747719 0.716141 0.779304 0.767783 0.973938 0.647591 0.761852 0.616389 0.611404 0.981435 0.950079 0.693516 0.745636 0.535435 0.688943 0.664538 0.622525 0.667105 0.944977 0.000000 0.832280 0.682095 0.834170 0.907257 0.795192 0.710411 0.687054 0.638852 0.713342 0.674824 0.708270 0.698312 0.693335 0.694595 0.686582 0.769360 0.944640 0.753517 0.756833 0.781828 0.719015 0.621062 0.664691 0.600649 0.643558 0.754534 0.695892 0.551549 0.635243 0.694853 0.593656 0.780586 0.710931 0.884282 0.787093 0.647735 0.662557 0.807448 0.945608 0.765862 0.785326 0.676972 0.823561 0.712323 0.755644 0.844206 0.723676 0.546338 0.591449 0.879620 0.819811 0.672239 0.647791 0.963678 0.887685 0.882284 0.946196 0.731858 0.744256 0.842526 0.806276 0.671989 0.758872 0.843031 0.933686 0.720132 0.748047 0.592884 0.698227 0.975658 0.806757 0.829997 0.814440 0.945216 0.627651 0.932854 0.924575 0.833119 0.913574
0.734750 0.715427 0.924950 0.923878 0.896521 0.725425 0.983699 0.929558 0.973714 0.924580 0.850682 0.735918 0.836048 0.762956 0.830527 0.838352 0.744250 0.835181 0.938457 0.841132 0.912021 0.892345 0.906048 0.882194 0.978662 0.949952 0.990997 0.972540 0.789632 0.809669 0.790610 0.844150 0.899843 0.817867 0.909941 0.815428 0.832280 0.000000 0.904773 0.959256 0.782832 0.977248 0.929540 0.921192 0.946174 0.921029 0.971394 0.934801 0.924730 0.863087 0.791015 0.898450 0.954587 0.971173 0.975138 0.970651 0.668663 0.676438 0.842991 0.827826 0.843456 0.818487 0.744349 0.657691 0.839550 0.881438 0.935150 0.812483 0.891323 0.855077 0.987289 0.971586 0.769026 0.831050 0.981919 0.845192 0.964700 0.654478 0.933051 0.951695 0.910217 0.974453 0.791417 0.986585 0.902717 0.900998 0.787572 0.935060 0.909361 0.984552 0.859951 0.900423 0.932393 0.883441 0.992401 0.966143 0.824971 0.860462 0.902912 0.992999 0.917713 0.970300 0.865947 0.960184 0.970119 0.925852 0.916143 0.940868 0.909714 0.747875 0.940806 0.933837 0.882915 0.928051 0.865748 0.887798
