0.000000 0.323608 0.708719 0.703659 0.851993 0.646089 0.381513 0.389953 0.513086 0.531818 0.356537 0.259985 0.383012 0.385599 0.572957 0.691249 0.404872 0.401253 0.404346 0.451717 0.915052 0.992769 0.838485 0.987467 0.799874 0.945189 0.717556 0.794197 0.402225 0.494527 0.961257 0.978612 0.470114 0.412251 0.750898 0.851415 0.949436 0.943935 0.802669 0.997174 0.911872 0.808108 0.607946 0.594142 0.571520 0.510568 0.522827 0.503091 0.791036 0.694134 0.670313 0.541032 0.760362 0.897010 0.698567 0.581795 0.367899 0.327040 0.219325 0.274981 0.243548 0.325391 0.364272 0.330519 0.793185 0.674094 0.618498 0.563996 0.649473 0.710467 0.681491 0.827136 0.887379 0.900319 0.920428 0.996874 0.584070 0.825669 0.541969 0.820351 0.427150 0.590504 0.846106 0.629516 0.647894 0.789753 0.972317 0.948293 0.603103 0.561068 0.768346 0.735544 0.845972 0.798260 0.888086 0.807683 0.635673 0.823164 0.463103 0.436629 0.702566 0.722368 0.613490 0.672060 0.508240 0.464680 0.786384 0.631607 0.695920 0.685791 0.675876 0.726109 0.548178 0.890366 0.639282 0.864353
0.323608 0.000000 0.575515 0.512718 0.946861 0.672735 0.354150 0.333778 0.641951 0.716881 0.589357 0.446737 0.648739 0.482212 0.780118 0.807981 0.564259 0.566824 0.412770 0.377659 0.837878 0.917755 0.738788 0.805454 0.907803 0.801362 0.847006 0.788115 0.630370 0.662255 0.710509 0.734484 0.401591 0.341313 0.656943 0.923378 0.814224 0.872827 0.981832 0.934198 0.790461 0.855074 0.389450 0.397782 0.515855 0.496157 0.440656 0.385063 0.895147 0.631353 0.559606 0.442585 0.674435 0.777127 0.690767 0.535650 0.368749 0.339771 0.359702 0.295597 0.364878 0.314879 0.606047 0.565861 0.686473 0.496707 0.453703 0.380948 0.621525 0.606568 0.561100 0.653549 0.633376 0.713401 0.868982 0.927662 0.591793 0.701549 0.635677 0.803770 0.502435 0.609935 0.739625 0.680088 0.616748 0.584282 0.953959 0.972615 0.639641 0.491403 0.692109 0.806202 0.732398 0.834182 0.866722 0.812311 0.586014 0.809685 0.480772 0.502416 0.678575 0.697292 0.631843 0.780357 0.407744 0.397771 0.812296 0.577491 0.708773 0.649105 0.645004 0.720697 0.589562 0.793308 0.562201 0.973821
0.708719 0.575515 0.000000 0.217222 0.897829 0.832419 0.392914 0.482340 0.626020 0.983054 0.956763 0.838272 0.814703 0.778082 0.788853 0.627215 0.988119 0.972989 0.533026 0.481790 0.458908 0.731954 0.303556 0.422752 0.386391 0.309092 0.934232 0.852181 0.995365 0.923343 0.352357 0.563350 0.404426 0.420134 0.428986 0.725627 0.415467 0.649338 0.814287 0.704435 0.749770 0.943819 0.460728 0.641613 0.808366 0.933573 0.546319 0.529441 0.684185 0.974496 0.796808 0.871563 0.869469 0.832023 0.740847 0.844107 0.900572 0.848262 0.769396 0.706185 0.605193 0.544694 0.955103 0.980745 0.246106 0.290901 0.293090 0.326675 0.631651 0.742683 0.377190 0.425264 0.542885 0.615013 0.843321 0.857391 0.622737 0.508368 0.998095 0.766889 0.888550 0.741659 0.846117 0.985765 0.510370 0.441970 0.965640 0.747419 0.604528 0.697460 0.602966 0.790885 0.591270 0.628182 0.646606 0.705467 0.633329 0.878242 0.706710 0.675099 0.724178 0.885283 0.881057 0.969072 0.575443 0.516989 0.717816 0.796145 0.752938 0.790023 0.625103 0.876422 0.887833 0.853587 0.791532 0.915497
0.703659 0.512718 0.217222 0.000000 0.947909 0.770904 0.380312 0.430954 0.691598 0.985725 0.942349 0.789789 0.918991 0.759173 0.914235 0.710726 0.977560 0.996617 0.546065 0.435441 0.438573 0.768977 0.366668 0.391137 0.399903 0.310811 0.956299 0.889773 0.908672 0.984636 0.382267 0.549156 0.432361 0.418904 0.468984 0.678952 0.488561 0.611480 0.761308 0.754698 0.685200 0.915696 0.408117 0.565708 0.788838 0.925445 0.456223 0.478765 0.664629 0.999132 0.732731 0.800556 0.844085 0.780709 0.767336 0.806188 0.855063 0.842394 0.734523 0.644489 0.627133 0.482000 0.913871 0.939655 0.303043 0.220904 0.256724 0.254264 0.651510 0.753277 0.329845 0.363608 0.492400 0.588617 0.730964 0.785842 0.594121 0.489284 0.938245 0.748267 0.911767 0.785108 0.829960 0.993629 0.544652 0.421533 0.913834 0.831381 0.643510 0.698572 0.550666 0.784642 0.541801 0.646947 0.682322 0.636306 0.557237 0.816162 0.657235 0.662150 0.652377 0.836606 0.849159 0.982391 0.503078 0.508054 0.728440 0.736356 0.710723 0.753262 0.639358 0.845350 0.873342 0.832776 0.691567 0.834410
0.851993 0.946861 0.897829 0.947909 0.000000 0.984760 0.966913 0.999713 0.720385 0.759790 0.851486 0.900717 0.619395 0.854562 0.621551 0.737234 0.783733 0.823396 0.775349 0.997310 0.917954 0.916449 0.841554 0.929144 0.935948 0.887196 0.766561 0.955654 0.790192 0.851479 0.899611 0.805266 0.918431 0.952076 0.888683 0.851556 0.964588 0.848809 0.963469 0.657991 0.870353 0.955558 0.998664 0.950353 0.923728 0.923352 0.998013 0.981031 0.740453 0.943359 0.893030 0.882634 0.988282 0.784497 0.780150 0.990476 0.889828 0.738826 0.859598 0.993065 0.798195 0.961295 0.743335 0.779431 0.779158 0.948193 0.963775 0.912064 0.975214 0.936768 0.988857 0.784868 0.767702 0.804151 0.888810 0.899776 0.979107 0.976649 0.945912 0.902446 0.781035 0.820233 0.898893 0.698539 0.673355 0.957502 0.864115 0.873661 0.743323 0.841637 0.877145 0.939041 0.867112 0.934917 0.999414 0.918971 0.835204 0.868727 0.984449 0.972198 0.752520 0.885398 0.958355 0.950604 0.934097 0.873422 0.917400 0.917085 0.964432 0.826953 0.916495 0.839087 0.870036 0.948825 0.807699 0.913680
0.646089 0.672735 0.832419 0.770904 0.984760 0.000000 0.572222 0.494556 0.624929 0.562672 0.744280 0.678926 0.890939 0.899065 0.994811 0.967599 0.829508 0.826305 0.796122 0.723964 0.951926 0.823313 0.969078 0.865353 0.869824 0.979892 0.614689 0.928988 0.813448 0.970147 0.979202 0.924771 0.714240 0.700309 0.808922 0.996165 0.973382 0.925112 0.882052 0.985876 0.773040 0.894561 0.678111 0.651634 0.746808 0.761995 0.735313 0.748356 0.969905 0.825527 0.736446 0.714568 0.785283 0.799188 0.821418 0.748992 0.818565 0.773252 0.634694 0.521811 0.645147 0.552623 0.870921 0.829880 0.966548 0.730646 0.644684 0.605691 0.834764 0.596556 0.735955 0.739703 0.824732 0.908802 0.849644 0.875250 0.751266 0.819771 0.984659 0.974418 0.901276 0.963591 0.844902 0.995954 0.990482 0.958134 0.914242 0.848371 0.842902 0.955632 0.604054 0.607634 0.600241 0.641964 0.997599 0.757983 0.723644 0.710923 0.563065 0.614233 0.612750 0.683642 0.765512 0.673980 0.681507 0.702069 0.802330 0.692164 0.832509 0.831632 0.669631 0.706016 0.632633 0.846347 0.588604 0.832849
0.381513 0.354150 0.392914 0.380312 0.966913 0.572222 0.000000 0.195440 0.363344 0.521586 0.619807 0.468223 0.674114 0.659799 0.794212 0.749568 0.610693 0.610521 0.432520 0.409617 0.772833 0.764834 0.651803 0.829820 0.843365 0.682348 0.705014 0.858020 0.632979 0.657683 0.611242 0.787757 0.377695 0.285158 0.444828 0.880899 0.749164 0.846322 0.961462 0.897109 0.687776 0.865453 0.353808 0.373315 0.447140 0.500068 0.497862 0.411227 0.937141 0.672583 0.475475 0.471660 0.525537 0.561517 0.645729 0.663287 0.638063 0.563093 0.395379 0.401218 0.369229 0.319942 0.690059 0.605224 0.599418 0.452955 0.250121 0.287025 0.640300 0.666829 0.344133 0.476203 0.580156 0.689283 0.845571 0.923186 0.414673 0.591217 0.731455 0.865485 0.631111 0.727157 0.925677 0.893886 0.730993 0.738063 0.901126 0.730777 0.648389 0.685072 0.378854 0.514426 0.417137 0.472035 0.686056 0.619573 0.379206 0.648150 0.309645 0.369276 0.497081 0.557799 0.573480 0.673634 0.372429 0.343384 0.618666 0.522103 0.599807 0.601965 0.470422 0.636422 0.588138 0.721844 0.523395 0.845602
0.389953 0.333778 0.482340 0.430954 0.999713 0.494556 0.195440 0.000000 0.439659 0.517930 0.604462 0.424396 0.714794 0.636290 0.873164 0.867512 0.665691 0.660194 0.529825 0.419338 0.805470 0.787648 0.766186 0.890586 0.918162 0.726087 0.646158 0.819780 0.653995 0.726523 0.659036 0.780901 0.423882 0.331747 0.506750 0.902300 0.875338 0.894585 0.948070 0.901386 0.656423 0.841143 0.359658 0.375885 0.542170 0.563726 0.503826 0.460317 0.999099 0.718550 0.540492 0.503194 0.603804 0.626354 0.730804 0.641468 0.603698 0.571871 0.406510 0.340549 0.361556 0.239923 0.721504 0.626802 0.681285 0.415239 0.280740 0.275581 0.675448 0.626488 0.407372 0.465797 0.625555 0.691217 0.841575 0.866670 0.502903 0.682168 0.809490 0.876095 0.678423 0.787725 0.969176 0.943716 0.780419 0.769963 0.987409 0.735832 0.668405 0.708286 0.373414 0.555669 0.419693 0.507243 0.740707 0.638877 0.413761 0.611712 0.331601 0.392380 0.455187 0.535047 0.604098 0.698888 0.345896 0.344328 0.579518 0.514565 0.620299 0.581643 0.456585 0.607407 0.548355 0.758943 0.466537 0.848896
0.513086 0.641951 0.626020 0.691598 0.720385 0.624929 0.363344 0.439659 0.000000 0.416108 0.523579 0.569563 0.616000 0.803185 0.702150 0.713205 0.646685 0.646604 0.639530 0.659789 0.995261 0.839329 0.796154 0.925712 0.924783 0.931232 0.748766 0.797935 0.572409 0.684978 0.868734 0.975949 0.582134 0.505786 0.597119 0.984610 0.843965 0.985741 0.863207 0.870130 0.712505 0.868729 0.646108 0.630044 0.586968 0.629261 0.798139 0.739074 0.792743 0.864531 0.707626 0.736644 0.659318 0.787115 0.600234 0.829313 0.837849 0.687290 0.515213 0.628123 0.475117 0.510330 0.667464 0.589925 0.747866 0.752357 0.518895 0.606343 0.702348 0.698747 0.528945 0.719071 0.830745 0.908084 0.875588 0.940225 0.580998 0.816266 0.725677 0.996487 0.691862 0.793033 0.971888 0.823189 0.806446 0.946041 0.851115 0.805641 0.587383 0.844261 0.543898 0.501843 0.559970 0.476353 0.724162 0.808599 0.623030 0.724955 0.436804 0.488604 0.651851 0.684140 0.663221 0.790572 0.629485 0.557988 0.734782 0.588905 0.730830 0.808741 0.612485 0.741811 0.634988 0.771257 0.696397 0.931823
0.531818 0.716881 0.983054 0.985725 0.759790 0.562672 0.521586 0.517930 0.416108 0.000000 0.419351 0.481006 0.687680 0.896179 0.752574 0.951871 0.501274 0.481481 0.722304 0.787458 0.732009 0.953120 0.766537 0.501510 0.588085 0.722006 0.628858 0.786946 0.414928 0.592227 0.785259 0.702325 0.838524 0.696438 0.808817 0.859963 0.797951 0.847881 0.737622 0.953950 0.907204 0.749762 0.796707 0.654928 0.511245 0.490678 0.843915 0.807763 0.519017 0.669697 0.627897 0.609425 0.633977 0.755732 0.804727 0.691237 0.773738 0.672828 0.480108 0.645391 0.598573 0.611054 0.551168 0.456765 0.871889 0.944345 0.748984 0.841004 0.853335 0.802950 0.672925 0.881739 0.981322 0.976027 0.942360 0.910215 0.617279 0.984839 0.771813 0.901305 0.590951 0.812612 0.943140 0.769936 0.905220 0.713902 0.785045 0.772747 0.790042 0.966687 0.548365 0.464655 0.615015 0.512414 0.909182 0.818683 0.673461 0.681979 0.399426 0.491587 0.707375 0.611256 0.510446 0.611789 0.696378 0.681814 0.794766 0.655134 0.808245 0.771380 0.610586 0.690232 0.447036 0.788835 0.750710 0.929188
0.356537 0.589357 0.956763 0.942349 0.851486 0.744280 0.619807 0.604462 0.523579 0.419351 0.000000 0.296083 0.407523 0.469776 0.652559 0.784356 0.387268 0.375743 0.642402 0.668556 0.699792 0.876874 0.860951 0.673229 0.538970 0.655491 0.681774 0.623482 0.307685 0.382557 0.820350 0.866536 0.703811 0.624050 0.998899 0.718167 0.829011 0.873191 0.819746 0.966599 0.957181 0.758274 0.958521 0.787560 0.699338 0.600238 0.820837 0.844782 0.672739 0.799513 0.839037 0.745945 0.872591 0.941311 0.740315 0.760803 0.555324 0.474731 0.375381 0.494370 0.381359 0.486088 0.292216 0.248398 0.880400 0.984964 0.933779 0.903773 0.862248 0.856315 0.945383 0.907143 0.867694 0.884393 0.875789 0.957143 0.814739 0.909245 0.567819 0.912390 0.401128 0.626452 0.877474 0.614955 0.870460 0.937639 0.888988 0.989822 0.783465 0.762890 0.957944 0.857616 0.983235 0.946479 0.962495 0.921504 0.868260 0.906511 0.626535 0.665422 0.801772 0.828173 0.684823 0.756488 0.715543 0.701083 0.903396 0.798810 0.799654 0.777069 0.817410 0.865273 0.661070 0.970918 0.723541 0.888979
0.259985 0.446737 0.838272 0.789789 0.900717 0.678926 0.468223 0.424396 0.569563 0.481006 0.296083 0.000000 0.389560 0.362877 0.634680 0.717141 0.450102 0.411346 0.539736 0.530158 0.874925 0.898075 0.951883 0.907936 0.726822 0.843189 0.730233 0.678270 0.373549 0.422699 0.930252 0.984424 0.557311 0.467303 0.863036 0.847127 0.848675 0.899466 0.850635 0.946819 0.987317 0.853767 0.763574 0.677275 0.710312 0.641514 0.596781 0.634897 0.841482 0.833300 0.801143 0.672397 0.881039 0.967549 0.799885 0.663632 0.469940 0.468074 0.270177 0.364203 0.275439 0.305702 0.345978 0.299600 0.901057 0.711100 0.715435 0.651244 0.877124 0.834350 0.764908 0.900431 0.996912 0.978138 0.833615 0.934478 0.635314 0.889077 0.633968 0.840721 0.430046 0.636887 0.821658 0.603974 0.705998 0.845188 0.920506 0.963987 0.678520 0.677009 0.825427 0.819449 0.883787 0.858676 0.922067 0.743683 0.726294 0.806034 0.527331 0.571857 0.697934 0.774534 0.662184 0.704861 0.537291 0.522080 0.831076 0.761515 0.818790 0.733165 0.761528 0.731057 0.604258 0.996347 0.683307 0.876706
0.383012 0.648739 0.814703 0.918991 0.619395 0.890939 0.674114 0.714794 0.616000 0.687680 0.407523 0.389560 0.000000 0.379892 0.380826 0.466399 0.592386 0.581674 0.555514 0.711810 0.876075 0.874810 0.736925 0.997052 0.750566 0.839954 0.899826 0.814010 0.460243 0.491437 0.924393 0.873115 0.629434 0.679923 0.985211 0.684952 0.986134 0.841746 0.834646 0.875993 0.811143 0.978822 0.927807 0.941162 0.918629 0.837881 0.761427 0.755321 0.884866 0.944269 0.899196 0.969625 0.909005 0.713666 0.836200 0.906577 0.577017 0.514498 0.430743 0.566145 0.329129 0.545761 0.364024 0.403726 0.736773 0.836158 0.938749 0.919046 0.927138 0.858363 0.975089 0.844115 0.809709 0.758899 0.887195 0.889392 0.830840 0.962230 0.706502 0.783239 0.556660 0.669863 0.843899 0.672024 0.562664 0.834366 0.901222 0.890320 0.749863 0.757445 0.922289 0.947234 0.836848 0.998108 0.939747 0.868357 0.979761 0.943133 0.786814 0.706297 0.993819 0.921617 0.879908 0.908826 0.782287 0.596858 0.961408 0.968112 0.917720 0.907676 0.862073 0.873675 0.762560 0.926026 0.856543 0.948739
0.385599 0.482212 0.778082 0.759173 0.854562 0.899065 0.659799 0.636290 0.803185 0.896179 0.469776 0.362877 0.379892 0.000000 0.598266 0.568975 0.596842 0.543402 0.503096 0.588739 0.984930 0.863632 0.699502 0.776986 0.927216 0.991697 0.855126 0.807314 0.526720 0.452193 0.850644 0.777151 0.480442 0.533443 0.888883 0.826328 0.927095 0.978435 0.978117 0.875673 0.920825 0.954716 0.788107 0.725223 0.851699 0.762687 0.597452 0.636235 0.987983 0.932604 0.918121 0.791935 0.983681 0.837817 0.733214 0.770909 0.435102 0.484079 0.416321 0.423684 0.336973 0.438524 0.442853 0.460621 0.787104 0.662492 0.833765 0.701082 0.945677 0.877264 0.951408 0.962583 0.951650 0.977276 0.847426 0.966855 0.862606 0.797626 0.673115 0.656456 0.538404 0.638786 0.591576 0.568958 0.520652 0.599116 0.752114 0.824834 0.752189 0.559946 0.857442 0.815698 0.781453 0.810299 0.996212 0.852642 0.940278 0.959317 0.843484 0.837414 0.902159 0.947023 0.938533 0.976189 0.670000 0.654881 0.978948 0.951194 0.852317 0.767581 0.901598 0.921719 0.891673 0.900397 0.788544 0.999972
0.572957 0.780118 0.788853 0.914235 0.621551 0.994811 0.794212 0.873164 0.702150 0.752574 0.652559 0.634680 0.380826 0.598266 0.000000 0.433817 0.697182 0.690438 0.600255 0.811016 0.886337 0.995073 0.611236 0.938783 0.952948 0.974338 0.903993 0.987543 0.558164 0.626082 0.958139 0.915723 0.627298 0.736049 0.835510 0.897918 0.806004 0.933115 0.838831 0.840678 0.949605 0.907964 0.950847 0.974662 0.847025 0.847777 0.761985 0.764087 0.832090 0.980935 0.971144 0.973031 0.991399 0.803150 0.726258 0.799161 0.696456 0.658928 0.576968 0.749397 0.517198 0.724107 0.571597 0.588630 0.657419 0.893590 0.911776 0.942462 0.837421 0.725757 0.854740 0.961723 0.957507 0.962896 0.844070 0.959824 0.880211 0.988197 0.802055 0.899772 0.686958 0.733852 0.669406 0.692600 0.507533 0.775065 0.785330 0.981952 0.693388 0.716066 0.935673 0.973616 0.835432 0.986533 0.863879 0.793843 0.999868 0.934443 0.825781 0.778419 0.843167 0.959606 0.982846 0.972335 0.855228 0.701777 0.953881 0.968673 0.970278 0.917548 0.802918 0.910157 0.806470 0.956713 0.941041 0.992483
0.691249 0.807981 0.627215 0.710726 0.737234 0.967599 0.749568 0.867512 0.713205 0.951871 0.784356 0.717141 0.466399 0.568975 0.433817 0.000000 0.877615 0.822549 0.607477 0.770551 0.836033 0.986146 0.430767 0.661390 0.855125 0.829999 0.886481 0.997256 0.710961 0.709343 0.769770 0.916943 0.582682 0.707708 0.840455 0.933695 0.614661 0.934264 0.981086 0.805260 0.973704 0.821945 0.882822 0.935725 0.903099 0.933700 0.631375 0.727215 0.995532 0.906571 0.936192 0.988465 0.924765 0.837510 0.734631 0.959854 0.841979 0.792488 0.716879 0.818384 0.584359 0.739279 0.704973 0.743243 0.532022 0.735472 0.831025 0.848257 0.921298 0.867600 0.840950 0.903163 0.995465 0.952535 0.824865 0.969453 0.840812 0.791546 0.752734 0.804797 0.823462 0.759565 0.725814 0.747540 0.479212 0.642885 0.874972 0.997193 0.710343 0.746792 0.938179 0.983375 0.890870 0.969567 0.748017 0.797850 0.982819 0.919781 0.915880 0.824897 0.852977 0.883012 0.946172 0.917201 0.746261 0.772760 0.985836 0.988359 0.892328 0.995147 0.931183 0.921893 0.965843 0.972596 0.970271 0.951939
0.404872 0.564259 0.988119 0.977560 0.783733 0.829508 0.610693 0.665691 0.646685 0.501274 0.387268 0.450102 0.592386 0.596842 0.697182 0.877615 0.000000 0.297078 0.520635 0.617537 0.747146 0.960968 0.918924 0.791079 0.701280 0.765175 0.830551 0.809301 0.367980 0.389382 0.939696 0.892981 0.693015 0.632933 0.867179 0.876022 0.963537 0.959545 0.860677 0.980852 0.919395 0.788763 0.842854 0.699928 0.481502 0.423009 0.744275 0.695973 0.536790 0.551614 0.636100 0.592840 0.666588 0.855039 0.631503 0.581563 0.461541 0.369059 0.414566 0.574093 0.505796 0.632433 0.305934 0.284887 0.920010 0.932844 0.861929 0.831452 0.791995 0.859135 0.852661 0.884125 0.983002 0.930118 0.958486 0.929855 0.763552 0.989925 0.569308 0.876929 0.307562 0.492872 0.712918 0.490104 0.823640 0.996635 0.876072 0.951257 0.786270 0.586123 0.935829 0.887791 0.968937 0.970006 0.917134 0.993152 0.723516 0.918413 0.587794 0.709354 0.913156 0.899402 0.644082 0.671077 0.794921 0.742828 0.993156 0.844587 0.759195 0.789706 0.781039 0.871428 0.696789 0.848284 0.857612 0.968515
0.401253 0.566824 0.972989 0.996617 0.823396 0.826305 0.610521 0.660194 0.646604 0.481481 0.375743 0.411346 0.581674 0.543402 0.690438 0.822549 0.297078 0.000000 0.543376 0.628930 0.779151 0.973121 0.893257 0.760483 0.717620 0.758959 0.808132 0.792707 0.275819 0.313210 0.942661 0.987668 0.653760 0.592753 0.921617 0.767571 0.964921 0.967139 0.844195 0.986338 0.961755 0.739104 0.850025 0.680688 0.484924 0.388367 0.709277 0.688544 0.529759 0.500180 0.604729 0.553033 0.694002 0.854580 0.579000 0.535272 0.469646 0.389518 0.398112 0.587435 0.497709 0.617205 0.291032 0.241329 0.877741 0.908638 0.883901 0.851911 0.790135 0.879905 0.895526 0.902716 0.935758 0.923320 0.920671 0.909925 0.768340 0.910305 0.501041 0.877364 0.268012 0.409943 0.749542 0.404204 0.834746 0.968458 0.845196 0.947895 0.766522 0.641145 0.992189 0.898968 0.967963 0.999207 0.979593 0.832312 0.742118 0.907267 0.584474 0.700413 0.877236 0.865570 0.591375 0.574493 0.680823 0.727143 0.897976 0.858020 0.869019 0.738752 0.805743 0.861567 0.629290 0.797096 0.854042 0.992861
0.404346 0.412770 0.533026 0.546065 0.775349 0.796122 0.432520 0.529825 0.639530 0.722304 0.642402 0.539736 0.555514 0.503096 0.600255 0.607477 0.520635 0.543376 0.000000 0.484125 0.881493 0.947187 0.587212 0.777468 0.897759 0.846172 0.931416 0.965505 0.634565 0.640662 0.729144 0.873752 0.399072 0.410967 0.601825 0.911105 0.737877 0.955300 0.983023 0.915293 0.966221 0.897249 0.607744 0.607333 0.526512 0.535163 0.495666 0.472268 0.808903 0.721135 0.623305 0.614246 0.710978 0.795941 0.651418 0.587053 0.481180 0.398639 0.392085 0.443749 0.400800 0.508229 0.516962 0.576931 0.570349 0.642703 0.549797 0.534287 0.618735 0.764478 0.591228 0.741366 0.793599 0.884277 0.907024 0.960227 0.629448 0.616964 0.734968 0.747016 0.548736 0.652508 0.687223 0.676600 0.543363 0.665563 0.975064 0.942979 0.695441 0.559685 0.768304 0.815345 0.841330 0.787783 0.835098 0.719306 0.627211 0.874130 0.566123 0.581117 0.841544 0.887312 0.696229 0.803015 0.630077 0.482681 0.845132 0.741517 0.678897 0.687916 0.644222 0.759192 0.735059 0.869518 0.837273 0.922095
0.451717 0.377659 0.481790 0.435441 0.997310 0.723964 0.409617 0.419338 0.659789 0.787458 0.668556 0.530158 0.711810 0.588739 0.811016 0.770551 0.617537 0.628930 0.484125 0.000000 0.741598 0.892236 0.646820 0.669034 0.774648 0.683857 0.918886 0.939432 0.686406 0.706928 0.649009 0.624450 0.410560 0.413149 0.599220 0.853831 0.720761 0.808371 0.929434 0.933505 0.711643 0.886829 0.495125 0.522533 0.686871 0.691332 0.495942 0.383459 0.886383 0.769746 0.727163 0.698036 0.839987 0.836678 0.602916 0.574913 0.584786 0.564916 0.536712 0.434549 0.466504 0.391322 0.674678 0.664030 0.590306 0.453965 0.438586 0.395915 0.633862 0.675923 0.577313 0.655340 0.640597 0.697696 0.706570 0.843591 0.688428 0.785121 0.764324 0.806364 0.545599 0.530811 0.768219 0.741102 0.577672 0.568262 0.966765 0.935887 0.733151 0.562795 0.708453 0.883431 0.726398 0.831918 0.776500 0.803541 0.572246 0.795008 0.612720 0.625009 0.734719 0.775423 0.675003 0.911917 0.456424 0.541790 0.721096 0.758195 0.748154 0.705513 0.724350 0.904527 0.695509 0.748675 0.608595 0.958578
0.915052 0.837878 0.458908 0.438573 0.917954 0.951926 0.772833 0.805470 0.995261 0.732009 0.699792 0.874925 0.876075 0.984930 0.886337 0.836033 0.747146 0.779151 0.881493 0.741598 0.000000 0.723269 0.431171 0.420556 0.355704 0.369009 0.805349 0.878440 0.768743 0.915585 0.423515 0.552709 0.640425 0.700165 0.648975 0.756362 0.629637 0.706741 0.798470 0.818898 0.733885 0.697234 0.648435 0.795966 0.981175 0.864703 0.743813 0.764755 0.609456 0.878649 0.972165 0.953492 0.991583 0.915331 0.934452 0.976292 0.934272 0.859764 0.920658 0.976830 0.947172 0.822424 0.690251 0.721221 0.448603 0.474922 0.547373 0.562449 0.872651 0.843116 0.630039 0.564424 0.593565 0.654101 0.758550 0.708871 0.904098 0.712556 0.807563 0.847709 0.845831 0.913160 0.736648 0.884404 0.643525 0.528875 0.730494 0.924201 0.882631 0.842141 0.795186 0.941807 0.825117 0.886172 0.775218 0.744776 0.871461 0.931252 0.989139 0.972324 0.910561 0.993436 0.773247 0.728594 0.694600 0.755632 0.815802 0.981372 0.911526 0.933208 0.933000 0.963356 0.998245 0.910229 0.826872 0.987409
0.992769 0.917755 0.731954 0.768977 0.916449 0.823313 0.764834 0.787648 0.839329 0.953120 0.876874 0.898075 0.874810 0.863632 0.995073 0.986146 0.960968 0.973121 0.947187 0.892236 0.723269 0.000000 0.790042 0.872510 0.798589 0.810120 0.999557 0.886368 0.980157 0.939214 0.746072 0.940612 0.865792 0.841170 0.705509 0.935223 0.793543 0.824929 0.986236 0.895943 0.751069 0.891065 0.807675 0.851403 0.782417 0.893757 0.989276 0.738833 0.991594 0.845887 0.835803 0.851920 0.672411 0.645318 0.930414 0.867974 0.881374 0.899334 0.911738 0.949609 0.980693 0.949673 0.882499 0.957553 0.863380 0.894398 0.689798 0.804611 0.777597 0.835711 0.740549 0.724694 0.872772 0.767692 0.868390 0.819665 0.841008 0.722152 0.939497 0.816384 0.880234 0.952305 0.945405 0.892288 0.964307 0.945635 0.997918 0.921813 0.943255 0.840372 0.663609 0.819368 0.684503 0.714381 0.767668 0.830995 0.776944 0.871508 0.809399 0.861451 0.812086 0.851765 0.924298 0.871717 0.829385 0.815476 0.813850 0.869186 0.888839 0.860723 0.777823 0.906008 0.974506 0.692952 0.852116 0.920578
0.838485 0.738788 0.303556 0.366668 0.841554 0.969078 0.651803 0.766186 0.796154 0.766537 0.860951 0.951883 0.736925 0.699502 0.611236 0.430767 0.918924 0.893257 0.587212 0.646820 0.431171 0.790042 0.000000 0.276414 0.396680 0.390659 0.759865 0.792278 0.932667 0.954766 0.373296 0.547179 0.427170 0.576303 0.553479 0.797684 0.417938 0.714233 0.818152 0.722853 0.842504 0.804240 0.657229 0.842596 0.977027 0.925146 0.635550 0.629472 0.655318 0.790602 0.977062 0.936678 0.959325 0.939494 0.742531 0.940886 0.934643 0.920578 0.886115 0.840452 0.649729 0.699376 0.962665 0.920500 0.231619 0.404215 0.537752 0.542100 0.799732 0.800388 0.623790 0.608778 0.706458 0.765852 0.740323 0.822597 0.835661 0.568109 0.955904 0.706625 0.979311 0.825069 0.699355 0.975770 0.360500 0.359478 0.776971 0.973731 0.689577 0.659974 0.916179 0.913660 0.928818 0.917726 0.686185 0.721968 0.877199 0.967128 0.957372 0.894253 0.971948 0.900978 0.857540 0.753239 0.716679 0.640057 0.918276 0.981114 0.914001 0.952277 0.818997 0.960792 0.909275 0.931839 0.919780 0.941189
0.987467 0.805454 0.422752 0.391137 0.929144 0.865353 0.829820 0.890586 0.925712 0.501510 0.673229 0.907936 0.997052 0.776986 0.938783 0.661390 0.791079 0.760483 0.777468 0.669034 0.420556 0.872510 0.276414 0.000000 0.315919 0.362779 0.702775 0.790242 0.680376 0.891605 0.370575 0.401810 0.582871 0.715502 0.657212 0.718384 0.507273 0.659804 0.720716 0.819486 0.867972 0.759400 0.710036 0.893032 0.866943 0.780344 0.694992 0.692379 0.460090 0.766222 0.921127 0.875182 0.864046 0.927234 0.888577 0.975664 0.966689 0.951528 0.919553 0.948203 0.861705 0.811125 0.796830 0.737537 0.363967 0.413124 0.632842 0.584050 0.853315 0.906629 0.771277 0.661189 0.694537 0.746361 0.777697 0.792561 0.977385 0.666573 0.898003 0.675061 0.900492 0.888716 0.747086 0.941676 0.489673 0.345692 0.763933 0.915784 0.874786 0.684206 0.953502 0.729372 0.965431 0.879171 0.782557 0.855485 0.905617 0.950648 0.835440 0.917310 0.925580 0.821375 0.747022 0.670062 0.819912 0.802171 0.966825 0.938000 0.997218 0.966973 0.978355 0.842696 0.746030 0.990383 0.959511 0.959212
0.799874 0.907803 0.386391 0.399903 0.935948 0.869824 0.843365 0.918162 0.924783 0.588085 0.538970 0.726822 0.750566 0.927216 0.952948 0.855125 0.701280 0.717620 0.897759 0.774648 0.355704 0.798589 0.396680 0.315919 0.000000 0.232038 0.645704 0.734566 0.647842 0.829546 0.315458 0.459124 0.664063 0.759715 0.609309 0.626455 0.418399 0.478574 0.636604 0.718792 0.791661 0.827349 0.698785 0.905929 0.959763 0.795837 0.741106 0.802381 0.577785 0.849152 0.958837 0.885240 0.919393 0.951212 0.851104 0.929431 0.854053 0.819729 0.770940 0.849474 0.920441 0.956127 0.600377 0.596917 0.389361 0.477541 0.601823 0.594107 0.789091 0.904243 0.613148 0.571063 0.513971 0.548142 0.820166 0.840912 0.887913 0.614030 0.783764 0.776326 0.887106 0.849257 0.748014 0.942611 0.581998 0.376705 0.848050 0.990824 0.855809 0.762655 0.932068 0.855439 0.836997 0.997072 0.751640 0.788944 0.876124 0.953639 0.883103 0.893363 0.963132 0.819327 0.846656 0.746556 0.868876 0.884941 0.876876 0.921920 0.971389 0.977375 0.990436 0.823816 0.764548 0.940504 0.987378 0.993004
0.945189 0.801362 0.309092 0.310811 0.887196 0.979892 0.682348 0.726087 0.931232 0.722006 0.655491 0.843189 0.839954 0.991697 0.974338 0.829999 0.765175 0.758959 0.846172 0.683857 0.369009 0.810120 0.390659 0.362779 0.232038 0.000000 0.839949 0.783219 0.714231 0.845312 0.279687 0.434032 0.586125 0.664271 0.619439 0.589703 0.385734 0.510427 0.680009 0.727680 0.717077 0.825410 0.562470 0.778303 0.991430 0.876191 0.647389 0.743843 0.577881 0.864385 0.870684 0.983834 0.986043 0.884355 0.837249 0.953335 0.865392 0.857830 0.884465 0.992558 0.934889 0.766882 0.611915 0.648651 0.359607 0.364336 0.469015 0.474327 0.808913 0.847949 0.510302 0.448348 0.477406 0.515231 0.844608 0.765244 0.800122 0.605407 0.780071 0.758761 0.910203 0.873036 0.853600 0.867693 0.610209 0.419339 0.864456 0.917218 0.785792 0.783627 0.735906 0.976461 0.677618 0.822767 0.744530 0.740322 0.781564 0.946324 0.944320 0.918485 0.817027 0.996016 0.922035 0.784843 0.727497 0.774643 0.754825 0.921997 0.896817 0.914766 0.818451 0.964792 0.925623 0.886295 0.899450 0.944188
0.717556 0.847006 0.934232 0.956299 0.766561 0.614689 0.705014 0.646158 0.748766 0.628858 0.681774 0.730233 0.899826 0.855126 0.903993 0.886481 0.830551 0.808132 0.931416 0.918886 0.805349 0.999557 0.759865 0.702775 0.645704 0.839949 0.000000 0.840930 0.740019 0.787029 0.944137 0.971647 0.923037 0.782878 0.970611 0.902599 0.741645 0.897252 0.753821 0.690662 0.972529 0.807911 0.857090 0.690332 0.761090 0.727042 0.929689 0.875703 0.946171 0.836216 0.771882 0.703089 0.748831 0.744886 0.968723 0.886714 0.937218 0.906391 0.706621 0.607448 0.719422 0.714920 0.824178 0.747014 0.716574 0.999989 0.850104 0.815947 0.933911 0.876940 0.914768 0.917769 0.909584 0.992171 0.871541 0.915298 0.874875 0.997631 0.929682 0.889646 0.960019 0.962567 0.825456 0.922979 0.652060 0.686418 0.863152 0.960611 0.963437 0.855144 0.681839 0.751736 0.735324 0.751803 0.807527 0.971409 0.782701 0.776573 0.706729 0.742567 0.488800 0.616047 0.793013 0.789081 0.889751 0.927187 0.782147 0.615886 0.728759 0.837914 0.818520 0.706044 0.810999 0.840630 0.773002 0.976601
0.794197 0.788115 0.852181 0.889773 0.955654 0.928988 0.858020 0.819780 0.797935 0.786946 0.623482 0.678270 0.814010 0.807314 0.987543 0.997256 0.809301 0.792707 0.965505 0.939432 0.878440 0.886368 0.792278 0.790242 0.734566 0.783219 0.840930 0.000000 0.737467 0.709962 0.844811 0.985908 0.956613 0.873213 0.917487 0.967925 0.760658 0.893326 0.923812 0.915321 0.893742 0.951629 0.970820 0.839363 0.805437 0.810614 0.995427 0.912047 0.756693 0.840282 0.835506 0.786426 0.822812 0.933540 0.926907 0.923024 0.889866 0.839319 0.769350 0.873549 0.793361 0.811988 0.764401 0.652483 0.816769 0.917300 0.998526 0.995048 0.855365 0.859832 0.988042 0.877489 0.899644 0.942700 0.964771 0.994558 0.852951 0.963238 0.665867 0.924510 0.832829 0.983874 0.931728 0.868407 0.881688 0.872571 0.959605 0.977565 0.922948 0.890857 0.920480 0.841869 0.948205 0.901888 0.994298 0.989270 0.984730 0.878633 0.770552 0.849242 0.814633 0.784509 0.880573 0.813596 0.852220 0.795524 0.997418 0.782434 0.838311 0.924012 0.949781 0.858094 0.827837 0.994965 0.771301 0.946507
0.402225 0.630370 0.995365 0.908672 0.790192 0.813448 0.632979 0.653995 0.572409 0.414928 0.307685 0.373549 0.460243 0.526720 0.558164 0.710961 0.367980 0.275819 0.634565 0.686406 0.768743 0.980157 0.932667 0.680376 0.647842 0.714231 0.740019 0.737467 0.000000 0.290681 0.917337 0.901797 0.634125 0.640257 0.922311 0.722693 0.920158 0.898052 0.755392 0.964310 0.978741 0.777565 0.920098 0.762642 0.541955 0.448890 0.787627 0.755571 0.550056 0.637678 0.729579 0.643449 0.770836 0.944970 0.676278 0.590824 0.571275 0.504795 0.430250 0.587660 0.437820 0.582634 0.276968 0.223523 0.892159 0.910642 0.926598 0.924112 0.889500 0.836265 0.923791 0.909165 0.978016 0.939038 0.972596 0.874302 0.741330 0.979272 0.486062 0.945737 0.349821 0.524274 0.751159 0.463559 0.817212 0.992807 0.931850 0.962152 0.776047 0.684597 0.970508 0.903133 0.964542 0.960209 0.959590 0.846825 0.858745 0.890056 0.596102 0.686544 0.909433 0.848086 0.654643 0.738912 0.687957 0.737192 0.847468 0.846369 0.916216 0.694254 0.858108 0.838364 0.645314 0.809306 0.786989 0.956407
0.494527 0.662255 0.923343 0.984636 0.851479 0.970147 0.657683 0.726523 0.684978 0.592227 0.382557 0.422699 0.491437 0.452193 0.626082 0.709343 0.389382 0.313210 0.640662 0.706928 0.915585 0.939214 0.954766 0.891605 0.829546 0.845312 0.787029 0.709962 0.290681 0.000000 0.940894 0.916787 0.629156 0.603615 0.941252 0.766258 0.993419 0.912105 0.853967 0.940262 0.925714 0.859405 0.949951 0.782946 0.632003 0.596196 0.818867 0.784462 0.709445 0.754396 0.785095 0.736703 0.836095 0.994525 0.698945 0.682086 0.599438 0.564486 0.495910 0.690202 0.483070 0.606965 0.311231 0.268455 0.947287 0.974813 0.922919 0.902419 0.929655 0.942214 0.933562 0.882766 0.941838 0.894084 0.980303 0.848200 0.773071 0.880369 0.613459 0.857668 0.335953 0.477138 0.587080 0.466554 0.768656 0.884482 0.916188 0.897830 0.815246 0.657939 0.913718 0.915067 0.857835 0.915425 0.988520 0.894567 0.905207 0.940727 0.759688 0.872161 0.911458 0.993031 0.789140 0.817281 0.753642 0.830222 0.976545 0.989720 0.978938 0.850132 0.947646 0.991830 0.828465 0.957222 0.901830 0.924073
0.961257 0.710509 0.352357 0.382267 0.899611 0.979202 0.611242 0.659036 0.868734 0.785259 0.820350 0.930252 0.924393 0.850644 0.958139 0.769770 0.939696 0.942661 0.729144 0.649009 0.423515 0.746072 0.373296 0.370575 0.315458 0.279687 0.944137 0.844811 0.917337 0.940894 0.000000 0.334853 0.424806 0.552017 0.529115 0.702588 0.449070 0.550434 0.805182 0.856942 0.678252 0.956489 0.542903 0.688676 0.816854 0.921429 0.680735 0.679496 0.650143 0.985570 0.770776 0.895044 0.878717 0.796822 0.711291 0.831181 0.989861 0.968493 0.989433 0.891603 0.764748 0.680705 0.848159 0.881217 0.466454 0.434129 0.454157 0.464316 0.728741 0.786130 0.569381 0.471742 0.455887 0.544962 0.840243 0.711355 0.870430 0.607574 0.941327 0.727732 0.972253 0.778681 0.683071 0.931827 0.615071 0.455025 0.911337 0.980071 0.790168 0.695452 0.800044 0.884695 0.777655 0.928767 0.732096 0.764162 0.694923 0.899895 0.915355 0.940234 0.844502 0.972405 0.951972 0.877318 0.713897 0.690108 0.746205 0.885603 0.867063 0.811528 0.800017 0.951264 0.870010 0.790917 0.805530 0.916949
0.978612 0.734484 0.563350 0.549156 0.805266 0.924771 0.787757 0.780901 0.975949 0.702325 0.866536 0.984424 0.873115 0.777151 0.915723 0.916943 0.892981 0.987668 0.873752 0.624450 0.552709 0.940612 0.547179 0.401810 0.459124 0.434032 0.971647 0.985908 0.901797 0.916787 0.334853 0.000000 0.562390 0.645781 0.736852 0.772668 0.674568 0.615924 0.733487 0.956067 0.830311 0.914366 0.666670 0.696535 0.973607 0.976574 0.728518 0.710731 0.595912 0.953213 0.861336 0.925811 0.997886 0.943287 0.784130 0.834845 0.983610 0.987832 0.966593 0.884579 0.838927 0.728009 0.850099 0.897140 0.657810 0.529049 0.649922 0.570498 0.918651 0.952130 0.785183 0.644958 0.535514 0.539235 0.904287 0.743144 0.996075 0.713200 0.970518 0.735849 0.952860 0.782067 0.740563 0.987320 0.727114 0.502287 0.893052 0.853145 0.894304 0.789909 0.994195 0.722278 0.947828 0.895125 0.845629 0.901211 0.807860 0.935959 0.964813 0.921862 0.865246 0.986907 0.899534 0.772876 0.714284 0.818641 0.871924 0.899076 0.941681 0.961967 0.967970 0.846756 0.885076 0.839018 0.867335 0.937688
0.470114 0.401591 0.404426 0.432361 0.918431 0.714240 0.377695 0.423882 0.582134 0.838524 0.703811 0.557311 0.629434 0.480442 0.627298 0.582682 0.693015 0.653760 0.399072 0.410560 0.640425 0.865792 0.427170 0.582871 0.664063 0.586125 0.923037 0.956613 0.634125 0.629156 0.424806 0.562390 0.000000 0.292876 0.460282 0.858609 0.642318 0.853786 0.963927 0.898794 0.728598 0.968341 0.506719 0.551729 0.605129 0.638929 0.524778 0.501304 0.911372 0.828312 0.694259 0.714201 0.804687 0.867737 0.552399 0.597754 0.596885 0.559701 0.517863 0.449041 0.342558 0.371820 0.657517 0.649100 0.484448 0.442307 0.420517 0.389047 0.665746 0.676504 0.541075 0.594630 0.606175 0.694994 0.781080 0.762552 0.693910 0.611808 0.775173 0.680295 0.604561 0.554110 0.660151 0.721861 0.439107 0.448025 0.877833 0.965440 0.647090 0.555975 0.780904 0.987713 0.790590 0.862801 0.772650 0.624168 0.672448 0.861410 0.621660 0.674471 0.760322 0.831815 0.829436 0.891470 0.497040 0.461618 0.770534 0.790221 0.759045 0.661085 0.738647 0.871482 0.784979 0.822541 0.596817 0.979281
0.412251 0.341313 0.420134 0.418904 0.952076 0.700309 0.285158 0.331747 0.505786 0.696438 0.624050 0.467303 0.679923 0.533443 0.736049 0.707708 0.632933 0.592753 0.410967 0.413149 0.700165 0.841170 0.576303 0.715502 0.759715 0.664271 0.782878 0.873213 0.640257 0.603615 0.552017 0.645781 0.292876 0.000000 0.496513 0.831830 0.779755 0.843570 0.984541 0.831886 0.805016 0.865530 0.466365 0.469254 0.558275 0.598780 0.525229 0.467912 0.983167 0.761173 0.616174 0.604944 0.685659 0.732405 0.631141 0.621348 0.610671 0.552221 0.444295 0.417495 0.351021 0.331638 0.650702 0.593681 0.583528 0.455168 0.337521 0.329125 0.680737 0.702154 0.439751 0.524372 0.643105 0.659327 0.847943 0.835671 0.583284 0.629072 0.705690 0.742621 0.589240 0.609560 0.739250 0.760277 0.611430 0.596388 0.944881 0.978736 0.621466 0.585402 0.621163 0.791228 0.612740 0.706429 0.760389 0.737470 0.551053 0.841553 0.498976 0.556546 0.570170 0.718497 0.692211 0.783474 0.480595 0.440928 0.627305 0.596673 0.702901 0.656048 0.626955 0.817011 0.662881 0.816973 0.640077 0.988487
0.750898 0.656943 0.428986 0.468984 0.888683 0.808922 0.444828 0.506750 0.597119 0.808817 0.998899 0.863036 0.985211 0.888883 0.835510 0.840455 0.867179 0.921617 0.601825 0.599220 0.648975 0.705509 0.553479 0.657212 0.609309 0.619439 0.970611 0.917487 0.922311 0.941252 0.529115 0.736852 0.460282 0.496513 0.000000 0.737919 0.684760 0.810168 0.933771 0.823387 0.654139 0.901888 0.540708 0.619563 0.616614 0.745472 0.753726 0.585863 0.918296 0.852976 0.677775 0.777007 0.617998 0.665749 0.672945 0.690717 0.839415 0.850354 0.774812 0.676900 0.698557 0.670666 0.982458 0.947397 0.519472 0.558730 0.349171 0.437148 0.649899 0.727089 0.424203 0.495932 0.629721 0.641177 0.918465 0.789672 0.633855 0.704091 0.972395 0.879834 0.887844 0.855985 0.856622 0.983416 0.702808 0.653810 0.938685 0.918899 0.801875 0.701184 0.532947 0.748337 0.565391 0.591535 0.619249 0.743428 0.596238 0.765096 0.662903 0.680500 0.780491 0.838459 0.795537 0.956037 0.691457 0.551446 0.871181 0.746375 0.694526 0.687471 0.644805 0.915240 0.897914 0.827375 0.684582 0.991146
0.851415 0.923378 0.725627 0.678952 0.851556 0.996165 0.880899 0.902300 0.984610 0.859963 0.718167 0.847127 0.684952 0.826328 0.897918 0.933695 0.876022 0.767571 0.911105 0.853831 0.756362 0.935223 0.797684 0.718384 0.626455 0.589703 0.902599 0.967925 0.722693 0.766258 0.702588 0.772668 0.858609 0.831830 0.737919 0.000000 0.717536 0.858728 0.821473 0.872611 0.844862 0.860390 0.786275 0.874613 0.943321 0.934948 0.932192 0.898537 0.832538 0.966741 0.845782 0.970499 0.818186 0.778766 0.875237 0.931325 0.854137 0.866099 0.819500 0.914715 0.892208 0.942895 0.719751 0.709245 0.781384 0.743376 0.693659 0.732001 0.955448 0.890446 0.687191 0.676901 0.684598 0.778425 0.937842 0.888057 0.872696 0.965156 0.876271 0.948250 0.897335 0.917899 0.957861 0.872615 0.951970 0.763326 0.937478 0.943162 0.906453 0.941466 0.762511 0.942927 0.693212 0.806681 0.977190 0.966503 0.766392 0.952260 0.944975 0.948411 0.818938 0.915003 0.974768 0.854379 0.983919 0.935248 0.950013 0.900688 0.829744 0.904446 0.820081 0.958420 0.836134 0.969837 0.984983 0.984559
0.949436 0.814224 0.415467 0.488561 0.964588 0.973382 0.749164 0.875338 0.843965 0.797951 0.829011 0.848675 0.986134 0.927095 0.806004 0.614661 0.963537 0.964921 0.737877 0.720761 0.629637 0.793543 0.417938 0.507273 0.418399 0.385734 0.741645 0.760658 0.920158 0.993419 0.449070 0.674568 0.642318 0.779755 0.684760 0.717536 0.000000 0.502875 0.712704 0.730063 0.690278 0.991171 0.673662 0.879698 0.873229 0.993294 0.669679 0.762225 0.862589 0.971246 0.847531 0.939524 0.944554 0.907615 0.655000 0.912744 0.979360 0.962132 0.970547 0.957937 0.907943 0.880915 0.865327 0.864193 0.446019 0.619739 0.635267 0.638538 0.687520 0.784180 0.642316 0.631187 0.596159 0.679332 0.891087 0.866718 0.803404 0.622945 0.958210 0.881552 0.899584 0.760469 0.718929 0.942806 0.528648 0.454179 0.982707 0.984779 0.702983 0.636618 0.922363 0.973143 0.870824 0.911443 0.753910 0.780463 0.900692 0.981475 0.914217 0.917444 0.987326 0.808998 0.901953 0.905709 0.808716 0.848730 0.939932 0.923642 0.752032 0.959125 0.792426 0.950510 0.874282 0.823239 0.991422 0.982495
0.943935 0.872827 0.649338 0.611480 0.848809 0.925112 0.846322 0.894585 0.985741 0.847881 0.873191 0.899466 0.841746 0.978435 0.933115 0.934264 0.959545 0.967139 0.955300 0.808371 0.706741 0.824929 0.714233 0.659804 0.478574 0.510427 0.897252 0.893326 0.898052 0.912105 0.550434 0.615924 0.853786 0.843570 0.810168 0.858728 0.502875 0.000000 0.678503 0.735162 0.829671 0.936584 0.803737 0.879834 0.958256 0.938711 0.704376 0.831745 0.851341 0.988698 0.850807 0.965116 0.996667 0.950027 0.849715 0.950089 0.921737 0.927169 0.947498 0.901606 0.976375 0.898917 0.817817 0.876515 0.682643 0.698901 0.753960 0.739000 0.757640 0.897613 0.698904 0.716886 0.504734 0.591420 0.856318 0.972274 0.862770 0.718421 0.885399 0.859046 0.914994 0.808211 0.719166 0.883817 0.710099 0.525589 0.990231 0.884977 0.826824 0.713960 0.959388 0.928750 0.899853 0.974749 0.729909 0.825096 0.830432 0.848160 0.929051 0.914530 0.923842 0.815966 0.957291 0.886870 0.895677 0.974685 0.849339 0.934604 0.897128 0.993528 0.984734 0.813142 0.871125 0.812615 0.953892 0.880877
