0.000000 0.591356 0.720688 0.717730 0.918810 0.918078 0.593706 0.512446 0.890988 0.565849 0.557720 0.543382 0.706590 0.850782 0.906597 0.911107 0.513995 0.480440 0.548799 0.658385 0.856117 0.916883 0.861822 0.637532 0.884773 0.954298 0.861787 0.948718 0.725100 0.692643 0.941328 0.865210 0.584333 0.520115 0.681608 0.916147 0.920236 0.892449 0.948535 0.895328 0.758567 0.889504 0.818796 0.810617 0.723621 0.632980 0.598275 0.690787 0.774550 0.961182 0.943920 0.782384 0.839033 0.820513 0.739300 0.680220 0.531837 0.662064 0.591917 0.846624 0.479901 0.520080 0.468199 0.435345 0.947335 0.798706 0.726505 0.791584 0.760092 0.688133 0.969284 0.962264 0.939287 0.910247 0.993371 0.881370 0.865960 0.817278 0.628648 0.879909 0.474109 0.537912 0.953768 0.729355 0.834497 0.853543 0.795829 0.844552 0.871941 0.661708 0.809483 0.907931 0.852686 0.923063 0.766173 0.765006 0.775175 0.894597 0.586311 0.719990 0.850717 0.874830 0.668012 0.693223 0.941373 0.767136 0.836829 0.906808 0.864713 0.998650 0.925211 0.755739 0.900878 0.838278 0.876652 0.943886
0.591356 0.000000 0.893678 0.770197 0.849486 0.843042 0.887738 0.692073 0.994724 0.876150 0.853548 0.631558 0.672528 0.614065 0.857160 0.799711 0.667677 0.644359 0.627406 0.739060 0.956447 0.917475 0.963079 0.927888 0.982733 0.924687 0.986079 0.879284 0.876513 0.763187 0.950353 0.990903 0.677217 0.748321 0.848866 0.902996 0.934983 0.914539 0.922484 0.963158 0.931820 0.895115 0.711740 0.638975 0.749615 0.672269 0.735624 0.667321 0.732956 0.855904 0.945985 0.987151 0.988367 0.986284 0.796328 0.936303 0.614476 0.599430 0.737971 0.785279 0.755284 0.672998 0.800654 0.746624 0.897720 0.747835 0.931686 0.839393 0.742666 0.655316 0.850681 0.841072 0.906913 0.957550 0.978870 0.931823 0.783635 0.750888 0.743787 0.966328 0.702187 0.745017 0.923680 0.904948 0.993582 0.866366 0.939321 0.895676 0.968803 0.818341 0.924906 0.939202 0.935288 0.933465 0.830165 0.808938 0.777582 0.931364 0.735772 0.794022 0.860945 0.983685 0.779432 0.693653 0.932493 0.841930 0.943836 0.843486 0.966834 0.900136 0.996677 0.834658 0.799027 0.821196 0.887894 0.941937
0.720688 0.893678 0.000000 0.446469 0.886274 0.996136 0.350139 0.508692 0.714376 0.593341 0.735347 0.900125 0.916809 0.815437 0.713557 0.636149 0.872388 0.759604 0.717518 0.747097 0.850521 0.944014 0.883238 0.952945 0.916820 0.973576 0.931723 0.922554 0.967001 0.948103 0.918741 0.984600 0.579213 0.611080 0.672751 0.843607 0.954180 0.893921 0.905658 0.791795 0.915511 0.818752 0.740299 0.770034 0.712940 0.746848 0.760203 0.807111 0.998856 0.964848 0.949427 0.954336 0.851658 0.849121 0.801218 0.744013 0.827107 0.975573 0.657733 0.718996 0.546704 0.704549 0.791818 0.809356 0.552916 0.640634 0.480712 0.525918 0.977292 0.838995 0.904006 0.921544 0.951810 0.940739 0.925798 0.948661 0.688804 0.920435 0.900274 0.944610 0.724176 0.681327 0.890472 0.887148 0.687278 0.729334 0.806223 0.860720 0.831995 0.659770 0.577242 0.704903 0.486220 0.703310 0.795342 0.718629 0.620013 0.816473 0.562597 0.602841 0.739132 0.903281 0.712704 0.745456 0.755299 0.605490 0.889442 0.797519 0.835581 0.910676 0.688499 0.739310 0.851835 0.839772 0.988845 0.994173
0.717730 0.770197 0.446469 0.000000 0.969144 0.816852 0.485313 0.424516 0.885958 0.730915 0.794034 0.758363 0.871830 0.960046 0.687508 0.799563 0.992382 0.807620 0.768021 0.764313 0.870133 0.863113 0.981176 0.973353 0.864902 0.892747 0.988903 0.956227 0.872129 0.940012 0.931217 0.918342 0.678046 0.595393 0.649721 0.827177 0.990363 0.966746 0.732758 0.672691 0.857274 0.885191 0.618294 0.623742 0.740063 0.704937 0.660259 0.657653 0.976152 0.934160 0.907403 0.980333 0.812664 0.830613 0.884549 0.719797 0.976112 0.974324 0.709738 0.624872 0.618003 0.609077 0.923790 0.887593 0.552354 0.436031 0.433688 0.411244 0.861360 0.806670 0.697870 0.714308 0.939264 0.880654 0.995934 0.972700 0.630829 0.856779 0.823755 0.983429 0.790834 0.762482 0.757697 0.966177 0.888619 0.745344 0.771017 0.665486 0.986380 0.676418 0.600313 0.725950 0.505938 0.695143 0.781655 0.695801 0.619748 0.767941 0.496768 0.680062 0.729035 0.831266 0.688315 0.651721 0.712788 0.660831 0.933334 0.790389 0.817299 0.934449 0.667399 0.748720 0.923664 0.778151 0.969183 0.912051
0.918810 0.849486 0.886274 0.969144 0.000000 0.947575 0.846571 0.988073 0.650980 0.889718 0.943897 0.918487 0.899261 0.935070 0.755959 0.917098 0.857328 0.951907 0.880566 0.852132 0.938002 0.912986 0.591472 0.688791 0.963071 0.855810 0.935794 0.748814 0.827656 0.814258 0.838299 0.843600 0.925351 0.979228 0.925633 0.932136 0.964944 0.794148 0.941536 0.918537 0.949741 0.899963 0.697098 0.690827 0.914829 0.845615 0.829434 0.763986 0.891407 0.960355 0.995195 0.892176 0.846442 0.789523 0.981959 0.986692 0.972140 0.813355 0.848801 0.935177 0.826443 0.950272 0.903156 0.960706 0.746927 0.934606 0.911331 0.883621 0.859122 0.909818 0.942128 0.975627 0.703343 0.785946 0.971621 0.937022 0.913440 0.806814 0.905762 0.985677 0.924033 0.875134 0.757015 0.796664 0.649013 0.659879 0.820413 0.754720 0.793510 0.833850 0.910669 0.958898 0.965688 0.998925 0.931977 0.965254 0.929785 0.806961 0.932118 0.975501 0.921732 0.831666 0.790872 0.849283 0.954788 0.923160 0.961066 0.949409 0.794813 0.990966 0.964542 0.953318 0.959651 0.989320 0.946626 0.850498
0.918078 0.843042 0.996136 0.816852 0.947575 0.000000 0.991751 0.819693 0.970739 0.970680 0.955485 0.802440 0.798834 0.804259 0.999352 0.731222 0.894404 0.943948 0.982629 0.865629 0.963758 0.784676 0.908777 0.950820 0.998921 0.901594 0.829819 0.763913 0.896223 0.967045 0.968441 0.862323 0.928065 0.986435 0.887550 0.983580 0.964031 0.863916 0.907766 0.912667 0.832709 0.929518 0.993363 0.967418 0.906392 0.909166 0.997763 0.984424 0.874517 0.852851 0.950074 0.821983 0.919337 0.968619 0.964890 0.942939 0.915032 0.932016 0.934948 0.997200 0.910283 0.804988 0.900787 0.912077 0.897520 0.794483 0.988001 0.944008 0.899646 0.883043 0.690974 0.702669 0.967103 0.979500 0.984218 0.853588 0.859938 0.823772 0.947267 0.974996 0.948876 0.910055 0.744451 0.806093 0.801654 0.977116 0.911369 0.735207 0.918097 0.968190 0.889148 0.915377 0.786323 0.882397 0.908525 0.897940 0.975087 0.943839 0.881275 0.958035 0.932778 0.810799 0.971426 0.910868 0.858680 0.900677 0.940437 0.952363 0.982422 0.984926 0.890900 0.998329 0.958738 0.919444 0.759505 0.818980
0.593706 0.887738 0.350139 0.485313 0.846571 0.991751 0.000000 0.453919 0.615929 0.463696 0.663263 0.801246 0.818122 0.820120 0.745364 0.670814 0.749799 0.643243 0.617972 0.711687 0.912012 0.963433 0.848805 0.908570 0.968255 0.947462 0.864385 0.845477 0.891415 0.891119 0.843525 0.937691 0.494717 0.509403 0.605000 0.905852 0.964381 0.872997 0.951092 0.884400 0.830452 0.868067 0.812211 0.850250 0.680494 0.664518 0.768074 0.815082 0.975190 0.971465 0.976626 0.905801 0.805975 0.838354 0.778221 0.691804 0.773726 0.886693 0.658585 0.759593 0.393339 0.585723 0.575577 0.609135 0.625977 0.662453 0.492592 0.589056 0.967399 0.813312 0.976273 0.964333 0.944223 0.926569 0.952627 0.918226 0.782488 0.940756 0.784650 0.868221 0.564719 0.556770 0.982205 0.765532 0.592814 0.712929 0.822632 0.883101 0.804265 0.680408 0.541733 0.740881 0.505068 0.790565 0.742763 0.724409 0.593416 0.798206 0.484163 0.589851 0.822644 0.965973 0.688857 0.703344 0.787467 0.665411 0.807651 0.798064 0.770656 0.908394 0.663030 0.685871 0.875528 0.826618 0.934336 0.901083
0.512446 0.692073 0.508692 0.424516 0.988073 0.819693 0.453919 0.000000 0.839262 0.478970 0.515060 0.482640 0.689032 0.914257 0.669781 0.862871 0.753938 0.650209 0.653287 0.631053 0.921702 0.996730 0.876017 0.759751 0.814726 0.883147 0.880658 0.864148 0.905119 0.830378 0.998739 0.819065 0.614677 0.415194 0.691761 0.924105 0.975882 0.845592 0.772844 0.690050 0.850631 0.922786 0.749617 0.779556 0.829559 0.734868 0.671426 0.706422 0.943547 0.789029 0.867453 0.730676 0.616705 0.599306 0.735990 0.698191 0.865597 0.827998 0.540803 0.544165 0.405368 0.353224 0.672693 0.574271 0.803958 0.479180 0.514909 0.479222 0.991397 0.668784 0.857775 0.868606 0.999220 0.926583 0.993599 0.961361 0.666042 0.792342 0.795699 0.916305 0.673838 0.701281 0.742440 0.911562 0.970980 0.902954 0.720740 0.586513 0.892141 0.692184 0.737025 0.997089 0.650286 0.988461 0.774095 0.760077 0.589848 0.779187 0.468610 0.735743 0.689379 0.983119 0.603970 0.698237 0.803853 0.679562 0.867816 0.848194 0.781743 0.902681 0.702205 0.776489 0.911884 0.764607 0.980851 0.995011
0.890988 0.994724 0.714376 0.885958 0.650980 0.970739 0.615929 0.839262 0.000000 0.677777 0.889157 0.988023 0.716580 0.861257 0.840633 0.979859 0.864341 0.869330 0.845597 0.902869 0.961454 0.956033 0.636176 0.879972 0.887910 0.909730 0.936911 0.863547 0.838905 0.910463 0.878455 0.940487 0.804510 0.900982 0.916575 0.886060 0.974824 0.753192 0.900381 0.823167 0.928614 0.900360 0.874395 0.841882 0.990548 0.978806 0.930302 0.820791 0.966124 0.970115 0.965532 0.981138 0.903468 0.886229 0.962361 0.947340 0.852288 0.835069 0.992409 0.985560 0.626979 0.832297 0.744038 0.791738 0.664058 0.905773 0.981446 0.895525 0.888775 0.930039 0.893126 0.821468 0.833036 0.996245 0.884470 0.952325 0.918063 0.976626 0.807319 0.942378 0.789904 0.779908 0.760502 0.802634 0.590949 0.672446 0.852196 0.831200 0.834537 0.767754 0.811607 0.833557 0.805391 0.888947 0.931316 0.947199 0.813497 0.995190 0.901439 0.744100 0.948031 0.983527 0.976174 0.911518 0.817031 0.955062 0.968182 0.993748 0.794868 0.948550 0.797478 0.969133 0.931314 0.815359 0.972002 0.795987
0.565849 0.876150 0.593341 0.730915 0.889718 0.970680 0.463696 0.478970 0.677777 0.000000 0.536972 0.677163 0.756525 0.906875 0.802179 0.825946 0.693469 0.620940 0.618760 0.625761 0.884291 0.912718 0.947471 0.755136 0.637664 0.689526 0.826525 0.758923 0.801016 0.814214 0.929591 0.880209 0.640893 0.534192 0.758466 0.855436 0.978662 0.830244 0.956037 0.927722 0.915322 0.967083 0.952497 0.936752 0.919435 0.860561 0.760480 0.956611 0.938050 0.888391 0.848420 0.818475 0.671859 0.631213 0.765257 0.785684 0.816265 0.742046 0.549398 0.613245 0.410632 0.504446 0.507945 0.444930 0.968655 0.789038 0.649026 0.727618 0.830216 0.737256 0.883056 0.880346 0.975580 0.985622 0.911576 0.901028 0.937425 0.958029 0.828629 0.839967 0.598562 0.626019 0.931958 0.762756 0.778079 0.984298 0.810231 0.857390 0.818358 0.710968 0.769683 0.985592 0.760428 0.920770 0.813579 0.737639 0.620840 0.893183 0.599757 0.719145 0.793009 0.865069 0.625172 0.773934 0.783573 0.682494 0.859953 0.911259 0.786764 0.873249 0.832530 0.856567 0.977166 0.884185 0.923482 0.838525
0.557720 0.853548 0.735347 0.794034 0.943897 0.955485 0.663263 0.515060 0.889157 0.536972 0.000000 0.475460 0.679916 0.988469 0.665479 0.837427 0.621748 0.689123 0.799720 0.724651 0.886977 0.893014 0.661782 0.576786 0.734087 0.804932 0.813738 0.920695 0.811653 0.856702 0.797085 0.735574 0.784925 0.515006 0.760852 0.968071 0.885058 0.902982 0.957510 0.844681 0.795941 0.842689 0.945564 0.963307 0.951546 0.822099 0.758248 0.914629 0.971518 0.761214 0.653824 0.550651 0.572379 0.544790 0.735221 0.698434 0.885639 0.882180 0.656994 0.774136 0.534986 0.493203 0.609001 0.519272 0.876200 0.827444 0.741671 0.789966 0.821451 0.679169 0.796959 0.909883 0.796390 0.917112 0.962048 0.915612 0.869004 0.903298 0.774770 0.901095 0.690371 0.770236 0.837587 0.846039 0.913691 0.873098 0.754876 0.673119 0.875082 0.815643 0.852029 0.803387 0.845133 0.877456 0.807764 0.818558 0.737967 0.820592 0.685095 0.918857 0.793375 0.917412 0.627863 0.811713 0.969285 0.836119 0.825626 0.990209 0.796316 0.927964 0.930233 0.848717 0.943076 0.846483 0.900596 0.947491
0.543382 0.631558 0.900125 0.758363 0.918487 0.802440 0.801246 0.482640 0.988023 0.677163 0.475460 0.000000 0.508704 0.633254 0.858134 0.840793 0.651481 0.670160 0.664313 0.664250 0.983701 0.880077 0.701044 0.736450 0.749667 0.787171 0.949734 0.946581 0.881745 0.759629 0.791547 0.782807 0.824713 0.583222 0.830120 0.977504 0.960445 0.790203 0.848234 0.833266 0.883472 0.985122 0.848326 0.827895 0.971285 0.823123 0.727674 0.808967 0.960653 0.765030 0.774968 0.667472 0.690678 0.663055 0.697947 0.759937 0.821569 0.725710 0.682599 0.729273 0.552927 0.428527 0.668636 0.575291 0.909868 0.665444 0.855300 0.819269 0.835797 0.578112 0.975291 0.951487 0.961172 0.970952 0.919091 0.973325 0.727139 0.717106 0.744071 0.906615 0.708316 0.818046 0.795672 0.920225 0.831833 0.951243 0.777008 0.637111 0.923213 0.866077 0.975540 0.765547 0.953465 0.791594 0.860730 0.962304 0.756127 0.864658 0.716400 0.977410 0.768156 0.894387 0.678193 0.836380 0.977974 0.902670 0.901297 0.921725 0.861431 0.961515 0.937638 0.897336 0.910243 0.805292 0.968050 0.954691
0.706590 0.672528 0.916809 0.871830 0.899261 0.798834 0.818122 0.689032 0.716580 0.756525 0.679916 0.508704 0.000000 0.615127 0.849376 0.702945 0.757977 0.805842 0.617257 0.753571 0.910670 0.988310 0.976113 0.985487 0.783900 0.772447 0.901671 0.945839 0.810077 0.820042 0.924088 0.933564 0.881224 0.747469 0.941200 0.899537 0.882673 0.708477 0.978708 0.935057 0.940920 0.907899 0.927494 0.917333 0.997031 0.826917 0.830891 0.997326 0.952758 0.930229 0.871441 0.875843 0.914449 0.936321 0.796271 0.788690 0.801813 0.740096 0.920810 0.833408 0.600691 0.537720 0.793728 0.741847 0.992507 0.705551 0.941072 0.988520 0.784560 0.707904 0.956799 0.980497 0.800364 0.947048 0.983494 0.820122 0.735622 0.766091 0.844384 0.931945 0.817726 0.882692 0.890045 0.998234 0.983870 0.925861 0.955495 0.889962 0.851720 0.975131 0.900761 0.917269 0.894774 0.871793 0.989531 0.963152 0.748930 0.890419 0.798520 0.898618 0.942641 0.907959 0.820740 0.953624 0.845749 0.977255 0.895613 0.932860 0.900413 0.949350 0.878198 0.944567 0.824717 0.718507 0.942714 0.925597
0.850782 0.614065 0.815437 0.960046 0.935070 0.804259 0.820120 0.914257 0.861257 0.906875 0.988469 0.633254 0.615127 0.000000 0.697050 0.539618 0.886225 0.854646 0.705341 0.783330 0.867162 0.965041 0.977539 0.877044 0.971894 0.943618 0.828148 0.917607 0.904932 0.818934 0.981826 0.849331 0.922514 0.966866 0.973629 0.981280 0.899543 0.883529 0.856556 0.911234 0.874660 0.870451 0.839737 0.779915 0.951540 0.886305 0.785571 0.810282 0.987422 0.961164 0.993820 0.975277 0.943437 0.910778 0.860771 0.821890 0.897561 0.833885 0.922531 0.916501 0.956333 0.781603 0.993056 0.974828 0.966116 0.749238 0.888129 0.985157 0.913047 0.764997 0.821064 0.763919 0.811088 0.862505 0.952190 0.828929 0.776138 0.724881 0.836318 0.902645 0.948219 0.939877 0.978321 0.997121 0.857252 0.873464 0.930900 0.965906 0.938697 0.979372 0.920111 0.881396 0.868184 0.838477 0.893647 0.972454 0.980620 0.984757 0.972639 0.955201 0.910498 0.970418 0.955553 0.999257 0.998344 0.897843 0.848216 0.997767 0.867582 0.947197 0.971606 0.999622 0.933516 0.969198 0.949009 0.899061
0.906597 0.857160 0.713557 0.687508 0.755959 0.999352 0.745364 0.669781 0.840633 0.802179 0.665479 0.858134 0.849376 0.697050 0.000000 0.566161 0.889211 0.899793 0.920074 0.996351 0.831273 0.978461 0.571411 0.644855 0.949406 0.973181 0.814621 0.962099 0.771124 0.767392 0.763100 0.659090 0.989466 0.736189 0.879214 0.951216 0.995058 0.863447 0.862023 0.811236 0.877306 0.791438 0.781022 0.871475 0.930599 0.927857 0.931173 0.904251 0.877283 0.774988 0.911425 0.726416 0.569062 0.578057 0.932385 0.899691 0.774960 0.703068 0.737166 0.801638 0.866918 0.821123 0.975026 0.941842 0.909474 0.866791 0.582239 0.649905 0.934206 0.884670 0.937909 0.934356 0.760426 0.915418 0.913757 0.875676 0.899781 0.968359 0.853911 0.987026 0.923042 0.882757 0.630608 0.783836 0.743282 0.731775 0.710509 0.556431 0.981453 0.956296 0.797897 0.903737 0.677947 0.805722 0.879649 0.887836 0.802549 0.801450 0.717864 0.877688 0.737987 0.935053 0.717858 0.824700 0.932970 0.778119 0.812879 0.839172 0.944193 0.958075 0.765647 0.940106 0.981821 0.893128 0.920503 0.877516
0.911107 0.799711 0.636149 0.799563 0.917098 0.731222 0.670814 0.862871 0.979859 0.825946 0.837427 0.840793 0.702945 0.539618 0.566161 0.000000 0.996136 0.972727 0.933622 0.976240 0.855006 0.939489 0.844394 0.709111 0.972197 0.998156 0.794391 0.900295 0.922902 0.800567 0.915729 0.742314 0.904304 0.854459 0.758976 0.964932 0.930273 0.894167 0.989882 0.939880 0.944485 0.744435 0.900850 0.935429 0.817245 0.885659 0.968412 0.931300 0.926044 0.993973 0.978008 0.943277 0.746886 0.751923 0.988023 0.863238 0.992712 0.842548 0.743254 0.932136 0.915726 0.967656 0.873218 0.870625 0.954541 0.890803 0.705839 0.811345 0.934958 0.980610 0.844732 0.889863 0.704126 0.829438 0.967166 0.824649 0.954746 0.817647 0.942571 0.893406 0.867595 0.866278 0.909525 0.943091 0.919986 0.959109 0.844602 0.846448 0.877133 0.832665 0.821445 0.860904 0.745960 0.821854 0.863648 0.777655 0.825497 0.838988 0.818378 0.802377 0.917087 0.955644 0.832745 0.858449 0.988598 0.793690 0.851485 0.862110 0.934284 0.999407 0.822498 0.818377 0.813022 0.935427 0.905782 0.988866
0.513995 0.667677 0.872388 0.992382 0.857328 0.894404 0.749799 0.753938 0.864341 0.693469 0.621748 0.651481 0.757977 0.886225 0.889211 0.996136 0.000000 0.484691 0.648962 0.622886 0.961605 0.881206 0.990681 0.833303 0.814035 0.823759 0.997521 0.909759 0.625498 0.600143 0.984141 0.968512 0.662109 0.715166 0.718845 0.920294 0.775894 0.835218 0.855452 0.851616 0.894494 0.909925 0.923508 0.994241 0.825826 0.778355 0.844091 0.828769 0.817535 0.966330 0.904196 0.853808 0.937543 0.962803 0.714561 0.773924 0.584072 0.588718 0.737363 0.993367 0.581070 0.655276 0.463213 0.456274 0.994749 0.957843 0.957920 0.983622 0.749713 0.705088 0.878117 0.841205 0.972478 0.987279 0.962528 0.903109 0.996270 0.971762 0.686864 0.925865 0.468580 0.521804 0.822691 0.576448 0.728742 0.823527 0.885763 0.916694 0.855790 0.753176 0.924666 0.804856 0.951110 0.779559 0.807491 0.826570 0.844718 0.931017 0.815212 0.901197 0.942654 0.760926 0.791154 0.872463 0.875420 0.945176 0.808497 0.987996 0.904157 0.955775 0.978248 0.832816 0.886417 0.978359 0.948308 0.889037
0.480440 0.644359 0.759604 0.807620 0.951907 0.943948 0.643243 0.650209 0.869330 0.620940 0.689123 0.670160 0.805842 0.854646 0.899793 0.972727 0.484691 0.000000 0.617137 0.665637 0.954004 0.874593 0.920906 0.834763 0.953223 0.925086 0.938552 0.976601 0.614987 0.517390 0.827938 0.954438 0.586962 0.595668 0.701991 0.827531 0.827435 0.874661 0.987935 0.909562 0.812683 0.888912 0.910136 0.866808 0.716572 0.689065 0.610515 0.700396 0.740839 0.940179 0.967695 0.896846 0.958228 0.931159 0.607431 0.673693 0.506318 0.635559 0.685611 0.893772 0.530085 0.616012 0.400769 0.431489 0.871060 0.858990 0.808123 0.841251 0.868672 0.690777 0.989834 0.907202 0.979814 0.927805 0.991079 0.874542 0.973755 0.976140 0.643288 0.963686 0.356944 0.396845 0.786964 0.514393 0.658604 0.689842 0.979333 0.947498 0.833680 0.611466 0.915422 0.810657 0.989633 0.804788 0.752151 0.776197 0.881976 0.996243 0.763121 0.812609 0.989569 0.803885 0.821132 0.824805 0.965153 0.790415 0.817657 0.903045 0.843080 0.889344 0.999950 0.816276 0.913507 0.934984 0.942808 0.875477
0.548799 0.627406 0.717518 0.768021 0.880566 0.982629 0.617972 0.653287 0.845597 0.618760 0.799720 0.664313 0.617257 0.705341 0.920074 0.933622 0.648962 0.617137 0.000000 0.597394 0.971629 0.955376 0.843289 0.956606 0.882877 0.931579 0.981309 0.937561 0.745171 0.728621 0.835274 0.909177 0.645629 0.653832 0.713653 0.927323 0.996934 0.759686 0.966058 0.960624 0.923188 0.995211 0.916845 0.858532 0.887870 0.737760 0.729611 0.798105 0.972822 0.991723 0.987323 0.970368 0.916798 0.973870 0.707297 0.721223 0.680449 0.671243 0.801579 0.799437 0.544339 0.610758 0.570673 0.605154 0.863303 0.740781 0.841379 0.842134 0.779875 0.724691 0.911839 0.972991 0.800894 0.891570 0.988933 0.992382 0.853220 0.793341 0.713489 0.983282 0.570685 0.588032 0.936657 0.765915 0.693987 0.754836 0.827863 0.975606 0.813150 0.796949 0.789085 0.968816 0.856785 0.934314 0.882586 0.831117 0.710253 0.946280 0.659955 0.708871 0.892574 0.833763 0.726057 0.901125 0.872433 0.786693 0.913084 0.831891 0.976710 0.900992 0.899356 0.819197 0.841412 0.857267 0.958278 0.790425
0.658385 0.739060 0.747097 0.764313 0.852132 0.865629 0.711687 0.631053 0.902869 0.625761 0.724651 0.664250 0.753571 0.783330 0.996351 0.976240 0.622886 0.665637 0.597394 0.000000 0.890699 0.886618 0.931505 0.912959 0.861719 0.778929 0.884803 0.697831 0.826661 0.808822 0.866568 0.978159 0.734600 0.679362 0.702658 0.992580 0.857409 0.909559 0.979981 0.886270 0.882039 0.955924 0.865669 0.840685 0.896170 0.795529 0.703955 0.680618 0.944327 0.915909 0.938601 0.882388 0.806525 0.800373 0.836090 0.723040 0.752159 0.637819 0.584701 0.566871 0.674134 0.626534 0.721662 0.654172 0.946691 0.720237 0.773777 0.725919 0.807673 0.635192 0.984585 0.937800 0.867155 0.809833 0.830100 0.936032 0.787802 0.999319 0.687219 0.990280 0.680963 0.716285 0.953138 0.846563 0.853102 0.934138 0.786667 0.897140 0.865387 0.712588 0.840029 0.964409 0.902505 0.918576 0.969140 0.740193 0.639597 0.879517 0.650962 0.808611 0.725418 0.842077 0.668152 0.834501 0.884036 0.814265 0.931670 0.862064 0.854615 0.958287 0.758645 0.891799 0.902120 0.950801 0.949752 0.982428
0.856117 0.956447 0.850521 0.870133 0.938002 0.963758 0.912012 0.921702 0.961454 0.884291 0.886977 0.983701 0.910670 0.867162 0.831273 0.855006 0.961605 0.954004 0.971629 0.890699 0.000000 0.983918 0.863408 0.784915 0.960707 0.970703 0.868089 0.917270 0.902264 0.807180 0.843112 0.869724 0.930654 0.921866 0.916732 0.966708 0.957719 0.965130 0.987942 0.965847 0.977480 0.960780 0.819244 0.843730 0.928603 0.967328 0.886261 0.921544 0.941236 0.974382 0.956476 0.943085 0.880046 0.862487 0.977169 0.862234 0.886656 0.966509 0.785214 0.973213 0.981921 0.993887 0.967845 0.987071 0.975584 0.983739 0.870761 0.898530 0.825457 0.923437 0.990863 0.980567 0.841195 0.818089 0.878444 0.976932 0.980105 0.989744 0.977033 0.949668 0.971855 0.933489 0.789152 0.856083 0.901714 0.838498 0.988000 0.933799 0.986914 0.893007 0.885126 0.926094 0.899828 0.894880 0.965977 0.830632 0.889281 0.995422 0.983529 0.911061 0.912050 0.969694 0.829709 0.862935 0.965687 0.892793 0.952114 0.994698 0.940919 0.952346 0.945666 0.902773 0.926440 0.948122 0.941878 0.818341
0.916883 0.917475 0.944014 0.863113 0.912986 0.784676 0.963433 0.996730 0.956033 0.912718 0.893014 0.880077 0.988310 0.965041 0.978461 0.939489 0.881206 0.874593 0.955376 0.886618 0.983918 0.000000 0.977340 0.952342 0.999703 0.949615 0.892687 0.766148 0.846727 0.861205 0.974375 0.922460 0.944747 0.999239 0.872567 0.946231 0.998913 0.973916 0.987970 0.875640 0.990203 0.760293 0.969092 0.995339 0.943811 0.918001 0.993282 0.998082 0.989822 0.922995 0.850610 0.875636 0.933508 0.930205 0.891971 0.977629 0.810748 0.883889 0.995860 0.855405 0.881106 0.978123 0.803326 0.824834 0.869633 0.849627 0.890610 0.866846 0.989105 0.944280 0.871848 0.818873 0.982607 0.917863 0.913523 0.974369 0.939353 0.987507 0.901876 0.934170 0.907951 0.925104 0.811644 0.826549 0.942043 0.933741 0.815013 0.911525 0.971059 0.995235 0.891711 0.925035 0.854912 0.826771 0.997500 0.970857 0.983483 0.879100 0.893533 0.901734 0.884845 0.777664 0.962321 0.997506 0.827384 0.847620 0.910466 0.897451 0.916225 0.943593 0.950350 0.866914 0.977466 0.948866 0.951400 0.997943
0.861822 0.963079 0.883238 0.981176 0.591472 0.908777 0.848805 0.876017 0.636176 0.947471 0.661782 0.701044 0.976113 0.977539 0.571411 0.844394 0.990681 0.920906 0.843289 0.931505 0.863408 0.977340 0.000000 0.464232 0.853306 0.967344 0.882004 0.856440 0.920089 0.841375 0.553203 0.582433 0.827537 0.904333 0.908858 0.936311 0.964565 0.935284 0.846243 0.869482 0.839500 0.845276 0.835057 0.830916 0.995596 0.957370 0.922928 0.886026 0.984550 0.785307 0.767300 0.604173 0.683272 0.635231 0.974318 0.945721 0.887287 0.855837 0.836967 0.988225 0.919453 0.887175 0.957259 0.941010 0.582187 0.899534 0.958542 0.976086 0.852649 0.823135 0.892736 0.996001 0.593287 0.750158 0.850973 0.992502 0.915687 0.877414 0.898643 0.970046 0.893569 0.766781 0.625323 0.750629 0.433847 0.581962 0.734957 0.528524 0.877232 0.850881 0.931099 0.795019 0.970795 0.950591 0.971344 0.948409 0.944659 0.845362 0.948646 0.873195 0.824702 0.962052 0.749923 0.850597 0.829196 0.984277 0.933137 0.954898 0.900304 0.984260 0.929009 0.968090 0.986754 0.999974 0.911912 0.797734
0.637532 0.927888 0.952945 0.973353 0.688791 0.950820 0.908570 0.759751 0.879972 0.755136 0.576786 0.736450 0.985487 0.877044 0.644855 0.709111 0.833303 0.834763 0.956606 0.912959 0.784915 0.952342 0.464232 0.000000 0.815607 0.905690 0.736548 0.951808 0.937012 0.986309 0.715463 0.565045 0.989565 0.759480 0.963527 0.916187 0.841729 0.984028 0.946963 0.917028 0.779343 0.879760 0.890247 0.908885 0.902900 0.863852 0.807142 0.888659 0.817696 0.909273 0.814942 0.667965 0.733999 0.604800 0.956169 0.861877 0.845490 0.897628 0.617449 0.905640 0.856049 0.808397 0.777785 0.667643 0.673697 0.842066 0.893620 0.975487 0.750224 0.750981 0.866633 0.953959 0.568916 0.696872 0.987840 0.891913 0.976750 0.925796 0.996857 0.849005 0.820745 0.956679 0.809884 0.946414 0.719255 0.670196 0.780587 0.639457 0.937262 0.882147 0.968614 0.832379 0.950572 0.900260 0.942985 0.888756 0.932664 0.837387 0.800456 0.891733 0.821138 0.987190 0.629380 0.779918 0.913961 0.868667 0.840155 0.973324 0.954476 0.936479 0.970820 0.849367 0.996154 0.946207 0.910085 0.951988
0.884773 0.982733 0.916820 0.864902 0.963071 0.998921 0.968255 0.814726 0.887910 0.637664 0.734087 0.749667 0.783900 0.971894 0.949406 0.972197 0.814035 0.953223 0.882877 0.861719 0.960707 0.999703 0.853306 0.815607 0.000000 0.521309 0.894186 0.780326 0.811907 0.868359 0.812617 0.751132 0.923951 0.863594 0.977849 0.653825 0.952847 0.849050 0.833282 0.940091 0.969202 0.850142 0.638908 0.648403 0.739556 0.798994 0.914611 0.857045 0.797593 0.768293 0.763979 0.796323 0.739085 0.716743 0.917998 0.997851 0.900893 0.842101 0.783636 0.756325 0.756317 0.678993 0.772305 0.636927 0.693734 0.977362 0.938608 0.904892 0.809604 0.912949 0.809340 0.807435 0.942352 0.974788 0.948191 0.989456 0.896568 0.896237 0.980144 0.798954 0.950913 0.988866 0.845997 0.975181 0.848959 0.771377 0.894825 0.863028 0.982916 0.933585 0.864281 0.754561 0.880009 0.745941 0.907890 0.856772 0.941374 0.974380 0.942788 0.931083 0.965456 0.878005 0.797581 0.998953 0.974855 0.951820 0.951365 0.962623 0.990356 0.973107 0.934430 0.974918 0.931407 0.963848 0.900228 0.836573
0.954298 0.924687 0.973576 0.892747 0.855810 0.901594 0.947462 0.883147 0.909730 0.689526 0.804932 0.787171 0.772447 0.943618 0.973181 0.998156 0.823759 0.925086 0.931579 0.778929 0.970703 0.949615 0.967344 0.905690 0.521309 0.000000 0.943781 0.779048 0.884563 0.890186 0.800655 0.888943 0.965916 0.901770 0.975393 0.715919 0.920896 0.887500 0.801380 0.955349 0.929418 0.816625 0.692086 0.705110 0.887757 0.866801 0.993573 0.830234 0.794049 0.893528 0.850503 0.967305 0.785035 0.690557 0.992979 0.995077 0.995743 0.792874 0.731954 0.722842 0.784630 0.774768 0.786463 0.714056 0.759560 0.973260 0.969257 0.964148 0.880120 0.860097 0.773176 0.827328 0.926674 0.980886 0.920814 0.988804 0.827174 0.760536 0.964280 0.821606 0.929528 0.955245 0.897785 0.992789 0.992061 0.810205 0.954991 0.940971 0.958668 0.948951 0.825025 0.742601 0.861584 0.706683 0.826241 0.965918 0.872684 0.906965 0.975959 0.923707 0.978666 0.762213 0.935073 0.924075 0.844797 0.974052 0.946352 0.992236 0.858120 0.992247 0.953533 0.868885 0.921790 0.943583 0.894225 0.801299
0.861787 0.986079 0.931723 0.988903 0.935794 0.829819 0.864385 0.880658 0.936911 0.826525 0.813738 0.949734 0.901671 0.828148 0.814621 0.794391 0.997521 0.938552 0.981309 0.884803 0.868089 0.892687 0.882004 0.736548 0.894186 0.943781 0.000000 0.851608 0.848985 0.843476 0.965073 0.731280 0.937666 0.849639 0.892663 0.907781 0.906096 0.883319 0.976467 0.997369 0.972296 0.975540 0.821999 0.902323 0.840196 0.797039 0.942765 0.983606 0.854762 0.848512 0.937781 0.990155 0.884604 0.853921 0.896395 0.861427 0.848904 0.879987 0.745935 0.858715 0.911770 0.969673 0.963542 0.866454 0.870304 0.913130 0.943119 0.923580 0.739985 0.841533 0.955365 0.924752 0.828280 0.836641 0.889256 0.954262 0.961420 0.998324 0.928974 0.810021 0.972486 0.895437 0.871779 0.915869 0.959273 0.750564 0.994343 0.899976 0.841926 0.946665 0.872556 0.931046 0.837374 0.958397 0.961061 0.924368 0.794059 0.786696 0.843618 0.804446 0.888191 0.903003 0.784666 0.876018 0.883377 0.950321 0.966492 0.884149 0.885092 0.978270 0.843959 0.907023 0.965291 0.834708 0.988837 0.905814
0.948718 0.879284 0.922554 0.956227 0.748814 0.763913 0.845477 0.864148 0.863547 0.758923 0.920695 0.946581 0.945839 0.917607 0.962099 0.900295 0.909759 0.976601 0.937561 0.697831 0.917270 0.766148 0.856440 0.951808 0.780326 0.779048 0.851608 0.000000 0.945800 0.993089 0.829792 0.980693 0.910127 0.936956 0.901755 0.935467 0.996002 0.951848 0.996528 0.915979 0.886852 0.962315 0.944353 0.944235 0.982444 0.954923 0.986987 0.967184 0.980145 0.879193 0.920004 0.842582 0.854126 0.925347 0.938040 0.984653 0.953310 0.807644 0.841667 0.780808 0.856536 0.896030 0.940557 0.866976 0.961805 0.972258 0.950334 0.877799 0.945395 0.904948 0.985140 0.909739 0.956095 0.840430 0.837512 0.970208 0.895768 0.879771 0.972730 0.866352 0.967031 0.986709 0.978606 0.962269 0.912008 0.937798 0.996568 0.952847 0.850525 0.994651 0.937480 0.960061 0.940319 0.965444 0.945619 0.912936 0.813529 0.945959 0.916119 0.962892 0.991655 0.871565 0.958557 0.977193 0.981564 0.965037 0.938302 0.925718 0.799178 0.975573 0.795293 0.993702 0.982026 0.888359 0.994532 0.841628
0.725100 0.876513 0.967001 0.872129 0.827656 0.896223 0.891415 0.905119 0.838905 0.801016 0.811653 0.881745 0.810077 0.904932 0.771124 0.922902 0.625498 0.614987 0.745171 0.826661 0.902264 0.846727 0.920089 0.937012 0.811907 0.884563 0.848985 0.945800 0.000000 0.503478 0.954125 0.879763 0.814187 0.791650 0.986200 0.925245 0.960457 0.752711 0.910077 0.857940 0.852668 0.978251 0.747948 0.815582 0.852652 0.938129 0.898396 0.949680 0.930327 0.814879 0.691211 0.759510 0.994815 0.920400 0.903967 0.760307 0.753827 0.815467 0.971503 0.965593 0.735786 0.736209 0.616940 0.639087 0.944416 0.973182 0.870636 0.851797 0.945576 0.887302 0.803249 0.793829 0.860713 0.889082 0.980581 0.987633 0.942440 0.984517 0.859696 0.998162 0.678996 0.703041 0.743681 0.643139 0.812882 0.862977 0.930785 0.853919 0.853917 0.839999 0.839919 0.651786 0.739482 0.620439 0.994888 0.937192 0.877620 0.909223 0.946972 0.978376 0.866274 0.673782 0.991022 0.920832 0.896500 0.928852 0.960203 0.785521 0.906353 0.959155 0.978853 0.997502 0.861945 0.937347 0.983900 0.764644
0.692643 0.763187 0.948103 0.940012 0.814258 0.967045 0.891119 0.830378 0.910463 0.814214 0.856702 0.759629 0.820042 0.818934 0.767392 0.800567 0.600143 0.517390 0.728621 0.808822 0.807180 0.861205 0.841375 0.986309 0.868359 0.890186 0.843476 0.993089 0.503478 0.000000 0.784866 0.843444 0.750218 0.718710 0.917366 0.881934 0.874378 0.903750 0.997631 0.967680 0.933545 0.951364 0.865415 0.882741 0.993734 0.940633 0.793786 0.905370 0.859360 0.970487 0.929044 0.904572 0.974948 0.996437 0.715530 0.776379 0.674651 0.668513 0.895356 0.974462 0.714250 0.709483 0.555238 0.578240 0.995984 0.947674 0.952413 0.970209 0.960100 0.929455 0.936075 0.971119 0.827352 0.878094 0.910825 0.980932 0.862160 0.928987 0.753504 0.880910 0.627101 0.582246 0.669518 0.551521 0.747625 0.789064 0.833878 0.856876 0.841807 0.793898 0.800770 0.639879 0.740276 0.614282 0.871692 0.962060 0.933343 0.898422 0.944788 0.957164 0.849402 0.713631 0.912290 0.981897 0.964035 0.926782 0.851447 0.868699 0.937249 0.978332 0.971065 0.998063 0.920251 0.954865 0.999059 0.814411
0.941328 0.950353 0.918741 0.931217 0.838299 0.968441 0.843525 0.998739 0.878455 0.929591 0.797085 0.791547 0.924088 0.981826 0.763100 0.915729 0.984141 0.827938 0.835274 0.866568 0.843112 0.974375 0.553203 0.715463 0.812617 0.800655 0.965073 0.829792 0.954125 0.784866 0.000000 0.665618 0.702668 0.967727 0.847284 0.816526 0.987050 0.816666 0.987727 0.964499 0.981111 0.900123 0.957008 0.975050 0.795079 0.786977 0.922517 0.795353 0.745016 0.670674 0.699654 0.665210 0.792323 0.699258 0.985618 0.934361 0.812933 0.819541 0.977734 0.966183 0.935678 0.948430 0.893214 0.964398 0.775160 0.943751 0.890614 0.831395 0.793715 0.852525 0.736787 0.891922 0.764479 0.764774 0.877651 0.986730 0.954773 0.986692 0.888338 0.977270 0.845862 0.754110 0.701642 0.753366 0.580824 0.690209 0.866082 0.722405 0.973029 0.929778 0.852087 0.829072 0.893375 0.935389 0.939809 0.991641 0.932484 0.922106 0.867278 0.809179 0.890458 0.975989 0.813186 0.973644 0.949720 0.921009 0.998197 0.946860 0.901846 0.992842 0.891035 0.965593 0.965486 0.953160 0.976276 0.842878
0.865210 0.990903 0.984600 0.918342 0.843600 0.862323 0.937691 0.819065 0.940487 0.880209 0.735574 0.782807 0.933564 0.849331 0.659090 0.742314 0.968512 0.954438 0.909177 0.978159 0.869724 0.922460 0.582433 0.565045 0.751132 0.888943 0.731280 0.980693 0.879763 0.843444 0.665618 0.000000 0.905538 0.922698 0.968231 0.739500 0.881691 0.991399 0.999901 0.988329 0.852511 0.964828 0.957618 0.997168 0.993392 0.968860 0.998435 0.955398 0.950552 0.944468 0.890459 0.766231 0.742378 0.721422 0.985782 0.973392 0.935329 0.974865 0.719687 0.903953 0.926337 0.837807 0.952380 0.850675 0.764994 0.900110 0.949063 0.957055 0.809055 0.812331 0.942324 0.975068 0.734541 0.716525 0.941112 0.861167 0.999897 0.983073 0.918113 0.819499 0.950892 0.867181 0.684261 0.869809 0.670267 0.704490 0.738961 0.604491 0.888891 0.950429 0.865027 0.982092 0.812279 0.990610 0.873872 0.968411 0.890710 0.851070 0.828738 0.994193 0.908749 0.925304 0.718483 0.833009 0.970057 0.854940 0.949674 0.997489 0.852903 0.910710 0.923229 0.854860 0.948468 0.890135 0.998902 0.869779
0.584333 0.677217 0.579213 0.678046 0.925351 0.928065 0.494717 0.614677 0.804510 0.640893 0.784925 0.824713 0.881224 0.922514 0.989466 0.904304 0.662109 0.586962 0.645629 0.734600 0.930654 0.944747 0.827537 0.989565 0.923951 0.965916 0.937666 0.910127 0.814187 0.750218 0.702668 0.905538 0.000000 0.580328 0.715108 0.853534 0.933736 0.994538 0.996432 0.945686 0.811651 0.837539 0.799505 0.754978 0.606708 0.583021 0.753425 0.714982 0.820547 0.872484 0.938715 0.988237 0.919297 0.955922 0.773461 0.863377 0.620250 0.742359 0.695920 0.841558 0.543423 0.676476 0.638042 0.668560 0.748278 0.734668 0.617175 0.636047 0.937546 0.863978 0.907023 0.967995 0.926472 0.848401 0.988424 0.892368 0.823846 0.887717 0.736686 0.858664 0.569432 0.599494 0.935502 0.754732 0.635416 0.724501 0.916867 0.954402 0.908764 0.799182 0.678885 0.859771 0.702624 0.920907 0.773364 0.767449 0.641180 0.879936 0.599880 0.678941 0.860621 0.923003 0.837382 0.728495 0.947092 0.707928 0.819226 0.826289 0.821490 0.826956 0.836075 0.732936 0.755019 0.819515 0.965977 0.921115
0.520115 0.748321 0.611080 0.595393 0.979228 0.986435 0.509403 0.415194 0.900982 0.534192 0.515006 0.583222 0.747469 0.966866 0.736189 0.854459 0.715166 0.595668 0.653832 0.679362 0.921866 0.999239 0.904333 0.759480 0.863594 0.901770 0.849639 0.936956 0.791650 0.718710 0.967727 0.922698 0.580328 0.000000 0.687247 0.846480 0.900784 0.955604 0.863954 0.704942 0.819679 0.917682 0.800937 0.847251 0.839582 0.720767 0.689749 0.745677 0.995086 0.854972 0.869403 0.774930 0.632738 0.612297 0.686489 0.644869 0.795447 0.832021 0.608825 0.620526 0.472463 0.446786 0.589820 0.527286 0.898904 0.619871 0.541521 0.534773 0.945553 0.651515 0.967759 0.948306 0.983447 0.983852 0.966614 0.962071 0.864355 0.818823 0.754391 0.934217 0.620646 0.622509 0.877871 0.825445 0.855651 0.892629 0.893116 0.773789 0.861890 0.740918 0.779958 0.923995 0.760183 0.936408 0.795425 0.789038 0.665534 0.857232 0.522901 0.696911 0.777654 0.956906 0.683812 0.767589 0.865286 0.719684 0.807257 0.848749 0.857087 0.863467 0.753351 0.721706 0.828543 0.875527 0.904636 0.900715
0.681608 0.848866 0.672751 0.649721 0.925633 0.887550 0.605000 0.691761 0.916575 0.758466 0.760852 0.830120 0.941200 0.973629 0.879214 0.758976 0.718845 0.701991 0.713653 0.702658 0.916732 0.872567 0.908858 0.963527 0.977849 0.975393 0.892663 0.901755 0.986200 0.917366 0.847284 0.968231 0.715108 0.687247 0.000000 0.904654 0.921439 0.950374 0.964526 0.863063 0.912312 0.826737 0.845147 0.861309 0.748743 0.708244 0.816933 0.708624 0.865411 0.925482 0.882290 0.962333 0.931952 0.983089 0.823070 0.700944 0.834214 0.888329 0.816920 0.877697 0.680407 0.781443 0.725709 0.715027 0.787442 0.829100 0.697557 0.748873 0.859528 0.773650 0.886805 0.838354 0.961201 0.993917 0.989599 0.937055 0.980096 0.991010 0.729162 0.893478 0.602721 0.616425 0.936324 0.699676 0.700118 0.726184 0.825088 0.994500 0.923727 0.729196 0.694178 0.748935 0.691992 0.869221 0.825497 0.769947 0.707608 0.782725 0.664114 0.690288 0.960575 0.925736 0.788039 0.776913 0.995935 0.758255 0.929318 0.741484 0.739602 0.942142 0.837466 0.875634 0.948416 0.902017 0.788158 0.971548
0.916147 0.902996 0.843607 0.827177 0.932136 0.983580 0.905852 0.924105 0.886060 0.855436 0.968071 0.977504 0.899537 0.981280 0.951216 0.964932 0.920294 0.827531 0.927323 0.992580 0.966708 0.946231 0.936311 0.916187 0.653825 0.715919 0.907781 0.935467 0.925245 0.881934 0.816526 0.739500 0.853534 0.846480 0.904654 0.000000 0.760607 0.898469 0.907514 0.741521 0.946237 0.852123 0.810069 0.862796 0.872337 0.915789 0.835548 0.783539 0.904521 0.967685 0.879674 0.953561 0.948276 0.901603 0.828552 0.828136 0.850172 0.987357 0.989015 0.995220 0.973011 0.997078 0.973771 0.966817 0.699739 0.811121 0.812995 0.728236 0.823691 0.969067 0.844975 0.849738 0.973468 0.957612 0.925460 0.954423 0.911950 0.877165 0.823913 0.845023 0.889937 0.838734 0.975327 0.944748 0.847530 0.796774 0.976536 0.964115 0.952655 0.808810 0.987412 0.991097 0.953794 0.892835 0.791325 0.990965 0.996686 0.988601 0.905746 0.921163 0.974915 0.891762 0.919232 0.942564 0.994318 0.858578 0.813114 0.983238 0.939953 0.981114 0.977102 0.944438 0.910893 0.957113 0.876697 0.916610
0.920236 0.934983 0.954180 0.990363 0.964944 0.964031 0.964381 0.975882 0.974824 0.978662 0.885058 0.960445 0.882673 0.899543 0.995058 0.930273 0.775894 0.827435 0.996934 0.857409 0.957719 0.998913 0.964565 0.841729 0.952847 0.920896 0.906096 0.996002 0.960457 0.874378 0.987050 0.881691 0.933736 0.900784 0.921439 0.760607 0.000000 0.866210 0.995533 0.944612 0.939349 0.812085 0.993121 0.971835 0.964855 0.958970 0.947524 0.906866 0.846798 0.976084 0.959014 0.980995 0.938520 0.997038 0.798869 0.914777 0.810222 0.851560 0.839654 0.961274 0.986844 0.984508 0.881779 0.887454 0.932751 0.952483 0.952171 0.928053 0.966044 0.996875 0.986353 0.975500 0.858066 0.985165 0.906405 0.795971 0.961315 0.958262 0.749040 0.948627 0.841293 0.907242 0.878421 0.833032 0.935287 0.976700 0.969168 0.969709 0.969117 0.781595 0.939555 0.919098 0.964705 0.986647 0.902196 0.990219 0.910473 0.997885 0.918779 0.974701 0.994208 0.905913 0.824273 0.984391 0.945874 0.775802 0.860687 0.992976 0.896202 0.942534 0.895941 0.868432 0.991141 0.965574 0.848490 0.943253
0.892449 0.914539 0.893921 0.966746 0.794148 0.863916 0.872997 0.845592 0.753192 0.830244 0.902982 0.790203 0.708477 0.883529 0.863447 0.894167 0.835218 0.874661 0.759686 0.909559 0.965130 0.973916 0.935284 0.984028 0.849050 0.887500 0.883319 0.951848 0.752711 0.903750 0.816666 0.991399 0.994538 0.955604 0.950374 0.898469 0.866210 0.000000 0.965498 0.956791 0.912693 0.748314 0.898566 0.868079 0.849685 0.822204 0.965566 0.888665 0.779479 0.796099 0.731377 0.793507 0.966439 0.934407 0.978102 0.958420 0.991437 0.866397 0.974932 0.964379 0.731896 0.782597 0.849363 0.839141 0.893668 0.900406 0.873673 0.833121 0.901765 0.819688 0.830288 0.842131 0.838474 0.916507 0.897120 0.937598 0.854155 0.946925 0.927038 0.954010 0.872629 0.918723 0.992615 0.969379 0.941518 0.890104 0.968950 0.934514 0.837454 0.910422 0.940324 0.860053 0.907365 0.851653 0.922324 0.947230 0.982396 0.895272 0.989279 0.944396 0.950201 0.803553 0.983596 0.844570 0.948302 0.899305 0.954461 0.897374 0.919520 0.983641 0.983485 0.987194 0.976140 0.916594 0.989051 0.804792
