0.000000 0.327596 0.919376 0.730014 0.884639 0.881336 0.502986 0.633683 0.914218 0.698986 0.416113 0.404511 0.516256 0.567321 0.882716 0.951095 0.343165 0.319090 0.401250 0.397356 0.897532 0.824531 0.810799 0.755203 0.569883 0.569106 0.679736 0.801501 0.562543 0.507595 0.613084 0.843380 0.555660 0.556118 0.800039 0.921317 0.983952 0.961735 0.947190 0.991760 0.982476 0.856887 0.930201 0.704652 0.664156 0.612814 0.557749 0.556766 0.517714 0.648183 0.700560 0.851669 0.959504 0.761291 0.581552 0.819260 0.339417 0.315227 0.443863 0.481475 0.444872 0.549745 0.456790 0.384794 0.854973 0.922434 0.877265 0.833902 0.446919 0.506542 0.685935 0.664975 0.717036 0.860343 0.853965 0.986599 0.935164 0.903723 0.619751 0.616048 0.340114 0.362588 0.615454 0.425952 0.449622 0.820978 0.966137 0.860487 0.745114 0.843863 0.892630 0.965777 0.941263 0.931105 0.944635 0.978786 0.812329 0.903601 0.661397 0.726609 0.898572 0.843949 0.648376 0.849722 0.993098 0.938941 0.850156 0.891015 0.891224 0.845113 0.934725 0.949163 0.795563 0.879066 0.817371 0.913916
0.327596 0.000000 0.956553 0.865462 0.914741 0.840661 0.610309 0.699502 0.961470 0.811322 0.525872 0.538477 0.663306 0.659881 0.866881 0.931799 0.358831 0.354279 0.509054 0.388203 0.988272 0.802782 0.887615 0.933035 0.757012 0.707429 0.790240 0.812630 0.594321 0.535189 0.660789 0.865447 0.649117 0.603502 0.896205 0.902472 0.903533 0.925783 0.917795 0.964740 0.872115 0.771262 0.953245 0.761326 0.737586 0.652520 0.553856 0.566896 0.517377 0.561379 0.644333 0.742451 0.956373 0.892190 0.588762 0.787642 0.303898 0.279981 0.536567 0.465111 0.544822 0.580211 0.542829 0.462633 0.975785 0.826425 0.792379 0.793083 0.386387 0.417888 0.694744 0.753898 0.772771 0.970152 0.928869 0.982323 0.914581 0.937981 0.620882 0.599208 0.418864 0.414973 0.583765 0.473411 0.451617 0.709604 0.993955 0.770069 0.796646 0.822914 0.891645 0.955779 0.984590 0.966923 0.996381 0.988365 0.758030 0.981401 0.728651 0.693357 0.975846 0.920267 0.704343 0.904706 0.933663 0.890649 0.840955 0.905159 0.951661 0.865741 0.997130 0.967393 0.828305 0.835588 0.816994 0.966578
0.919376 0.956553 0.000000 0.637307 0.758609 0.942531 0.763059 0.669369 0.888214 0.999373 0.972919 0.991433 0.944803 0.836439 0.897233 0.786442 0.983509 0.951384 0.993381 0.976475 0.924426 0.914316 0.928118 0.910471 0.639408 0.725836 0.993279 0.962453 0.940409 0.963706 0.697498 0.703267 0.861548 0.766909 0.763942 0.960926 0.786357 0.921186 0.784368 0.937641 0.944309 0.852812 0.886199 0.947967 0.742993 0.850248 0.781017 0.977484 0.748586 0.854949 0.975510 0.835503 0.901953 0.894425 0.929635 0.877885 0.952023 0.958460 0.799054 0.961340 0.917776 0.999861 0.898399 0.953583 0.675777 0.655527 0.636698 0.659222 0.936811 0.883564 0.932942 0.844039 0.868068 0.928066 0.828309 0.887508 0.846388 0.929395 0.814414 0.979450 0.977582 0.939066 0.881252 0.961205 0.907743 0.812305 0.718620 0.970635 0.875806 0.929344 0.737795 0.706360 0.718226 0.780256 0.997458 0.999043 0.927732 0.942073 0.800779 0.855759 0.893076 0.864715 0.940793 0.906585 0.847656 0.943047 0.933135 0.921126 0.998031 0.938942 0.885116 0.840833 0.843172 0.965078 0.900172 0.965986
0.730014 0.865462 0.637307 0.000000 0.663152 0.820277 0.876554 0.870043 0.952212 0.929172 0.683779 0.703845 0.610068 0.625554 0.744906 0.954291 0.765891 0.739711 0.822305 0.864784 0.903385 0.889065 0.806613 0.611975 0.472158 0.575225 0.739336 0.977072 0.763928 0.772187 0.715128 0.712634 0.955969 0.973994 0.771972 0.925723 0.884970 0.741534 0.970463 0.944754 0.852293 0.973127 0.827431 0.909616 0.816792 0.874217 0.970228 0.905921 0.817135 0.877292 0.774690 0.719959 0.726685 0.689614 0.962998 0.900487 0.888253 0.837000 0.956273 0.843468 0.782117 0.893120 0.798726 0.790115 0.614745 0.581502 0.560460 0.660643 0.937513 0.957885 0.696621 0.718925 0.713871 0.837120 0.803739 0.923284 0.790960 0.801883 0.904998 0.900791 0.745738 0.761503 0.729993 0.725757 0.744661 0.781190 0.879273 0.943342 0.872646 0.879686 0.908128 0.875606 0.825316 0.831188 0.840602 0.971502 0.990471 0.950569 0.916097 0.979612 0.712146 0.841509 0.898878 0.888276 0.746980 0.801862 0.839374 0.997599 0.951646 0.879076 0.981279 0.979941 0.923773 0.887397 0.964742 0.913069
0.884639 0.914741 0.758609 0.663152 0.000000 0.838108 0.852543 0.959308 0.891971 0.857420 0.754852 0.794822 0.664407 0.708417 0.607777 0.724280 0.841571 0.845464 0.825721 0.863965 0.971282 0.983331 0.859236 0.949472 0.617979 0.692653 0.876591 0.888634 0.770466 0.718966 0.820852 0.901906 0.923318 0.917748 0.868902 0.946667 0.952153 0.761226 0.915340 0.842878 0.940417 0.861227 0.995773 0.877141 0.704950 0.762247 0.994965 0.886834 0.785613 0.950606 0.972122 0.979345 0.924900 0.953179 0.920791 0.919434 0.994883 0.917392 0.987518 0.971688 0.782298 0.856190 0.799023 0.781696 0.762721 0.784806 0.841578 0.858369 0.976568 0.980832 0.999806 0.761094 0.969447 0.934166 0.869119 0.857009 0.909935 0.996374 0.977225 0.905537 0.788917 0.823948 0.752340 0.738961 0.707440 0.919892 0.830627 0.785131 0.953724 0.945341 0.859159 0.902579 0.916347 0.947058 0.935663 0.904018 0.862427 0.915586 0.823052 0.902383 0.715163 0.968224 0.778455 0.928915 0.921074 0.899438 0.908609 0.960450 0.791655 0.932188 0.849474 0.806070 0.911285 0.880773 0.952792 0.957117
0.881336 0.840661 0.942531 0.820277 0.838108 0.000000 0.711123 0.703900 0.697248 0.708523 0.854697 0.897014 0.892226 0.910314 0.801532 0.755291 0.802902 0.900249 0.840363 0.880447 0.913713 0.982153 0.796762 0.877023 0.994236 0.851666 0.946213 0.906921 0.781792 0.824129 0.907589 0.942424 0.791624 0.745511 0.897013 0.821576 0.987098 0.939831 0.999630 0.945145 0.979494 0.815139 0.697597 0.663926 0.656549 0.664371 0.717718 0.702134 0.734622 0.735735 0.666329 0.830488 0.757846 0.857420 0.837090 0.726726 0.934190 0.939745 0.851130 0.761535 0.715048 0.664396 0.826773 0.794464 0.811303 0.638310 0.753116 0.717691 0.861844 0.872301 0.871765 0.955142 0.815367 0.888231 0.863347 0.846374 0.642266 0.776626 0.815132 0.680103 0.762820 0.815437 0.908742 0.926890 0.673237 0.679375 0.978508 0.975284 0.948532 0.974935 0.675423 0.862188 0.728164 0.975407 0.759544 0.901478 0.754811 0.902603 0.695826 0.809032 0.798667 0.919841 0.776967 0.901521 0.786969 0.895976 0.996876 0.928122 0.739212 0.931970 0.975932 0.895630 0.799272 0.905322 0.922218 0.944514
0.502986 0.610309 0.763059 0.876554 0.852543 0.711123 0.000000 0.332531 0.799052 0.447671 0.370086 0.409977 0.424863 0.555963 0.700235 0.975128 0.440950 0.491992 0.439330 0.511239 0.948674 0.874767 0.772421 0.664634 0.591711 0.720027 0.526500 0.912949 0.411851 0.396881 0.980841 0.858936 0.366700 0.354684 0.879572 0.904187 0.993201 0.798022 0.856576 0.901289 0.892832 0.949510 0.680232 0.485084 0.569644 0.461493 0.452464 0.501442 0.623192 0.846987 0.687597 0.899743 0.851543 0.671540 0.692648 0.723601 0.589159 0.649909 0.445503 0.674783 0.263842 0.465502 0.318390 0.340926 0.838141 0.800783 0.726280 0.599682 0.807435 0.690666 0.802993 0.719032 0.896608 0.965144 0.980510 0.943998 0.804719 0.940194 0.486665 0.529969 0.367744 0.422823 0.736916 0.604318 0.566431 0.836149 0.925237 0.991768 0.946431 0.859316 0.947316 0.794993 0.870495 0.607770 0.934050 0.987556 0.755295 0.937001 0.644964 0.778688 0.696070 0.916316 0.585555 0.769847 0.788492 0.937641 0.851134 0.836587 0.756575 0.813056 0.876282 0.960546 0.808126 0.877111 0.955862 0.956431
0.633683 0.699502 0.669369 0.870043 0.959308 0.703900 0.332531 0.000000 0.721925 0.443760 0.524388 0.511890 0.551041 0.604419 0.809651 0.955355 0.617491 0.663932 0.502670 0.604084 0.949991 0.915402 0.871918 0.798751 0.799808 0.890981 0.655247 0.801638 0.537865 0.545100 0.906604 0.847714 0.395192 0.435111 0.998907 0.995173 0.969751 0.964643 0.862507 0.913554 0.916643 0.962227 0.609431 0.435650 0.609319 0.499845 0.469703 0.580019 0.646954 0.801351 0.632597 0.955807 0.983748 0.822723 0.659701 0.675625 0.674298 0.734863 0.464390 0.620216 0.391033 0.452168 0.466376 0.463126 0.900425 0.690583 0.655957 0.535193 0.836660 0.663354 0.985929 0.918290 0.925607 0.944805 0.850315 0.995281 0.728497 0.974474 0.612448 0.605633 0.518831 0.591998 0.848555 0.766619 0.726515 0.896228 0.863325 0.953426 0.870048 0.931353 0.936007 0.898390 0.924668 0.682773 0.859223 0.970480 0.674629 0.946948 0.627801 0.860112 0.777535 0.896521 0.704307 0.697848 0.704378 0.910695 0.946954 0.859573 0.804494 0.832438 0.876428 0.998545 0.830324 0.865447 0.979745 0.961891
0.914218 0.961470 0.888214 0.952212 0.891971 0.697248 0.799052 0.721925 0.000000 0.635340 0.856804 0.749628 0.710801 0.722601 0.690388 0.604998 0.988218 0.982961 0.930326 0.987353 0.753346 0.967570 0.736258 0.871583 0.953010 0.906497 0.911725 0.958270 0.818530 0.772454 0.782805 0.905171 0.772201 0.807611 0.952061 0.972187 0.993441 0.840175 0.821130 0.952409 0.904042 0.964045 0.777636 0.767108 0.709641 0.734293 0.855038 0.846929 0.723112 0.995191 0.904473 0.972911 0.841771 0.973982 0.823403 0.908293 0.969779 0.999359 0.978799 0.993788 0.764046 0.580053 0.907728 0.798447 0.974614 0.776542 0.997845 0.942622 0.889074 0.826242 0.715503 0.760795 0.857586 0.865519 0.777768 0.929549 0.755646 0.908646 0.979732 0.820315 0.837344 0.985258 0.796583 0.946155 0.721797 0.811144 0.846184 0.962552 0.827571 0.919980 0.891638 0.987457 0.980732 0.953763 0.869967 0.913188 0.905617 0.910303 0.770474 0.882751 0.800560 0.892015 0.850908 0.988370 0.813342 0.903857 0.943249 0.882898 0.816479 0.803753 0.882437 0.926148 0.949853 0.897182 0.833528 0.967944
0.698986 0.811322 0.999373 0.929172 0.857420 0.708523 0.447671 0.443760 0.635340 0.000000 0.560320 0.507389 0.465619 0.489923 0.639681 0.882232 0.728898 0.721025 0.567777 0.653179 0.845476 0.983055 0.962350 0.665285 0.601524 0.864040 0.627003 0.775244 0.539557 0.544531 0.840044 0.950216 0.443281 0.499945 0.872296 0.922346 0.818618 0.816524 0.920784 0.919759 0.850915 0.856821 0.559806 0.412161 0.371164 0.357079 0.583625 0.668062 0.477505 0.745979 0.691858 0.984173 0.973975 0.860334 0.811612 0.795635 0.852153 0.870944 0.672151 0.785067 0.460658 0.452188 0.580500 0.546459 0.657916 0.935212 0.880460 0.729125 0.906933 0.793789 0.898924 0.972988 0.923082 0.997048 0.975223 0.952777 0.692969 0.960176 0.769685 0.613368 0.593928 0.718630 0.823864 0.836615 0.723905 0.938697 0.926412 0.894697 0.936220 0.886433 0.737479 0.993110 0.894047 0.794865 0.903061 0.906427 0.794916 0.940638 0.475118 0.670495 0.656578 0.796248 0.616166 0.736747 0.806015 0.958449 0.885791 0.973262 0.711434 0.744915 0.755000 0.801359 0.790670 0.801595 0.925563 0.986708
0.416113 0.525872 0.972919 0.683779 0.754852 0.854697 0.370086 0.524388 0.856804 0.560320 0.000000 0.357829 0.362981 0.479930 0.705320 0.918510 0.378885 0.379519 0.394872 0.449353 0.948963 0.864280 0.749571 0.625489 0.460046 0.535596 0.549733 0.887163 0.432733 0.388570 0.740137 0.978348 0.423312 0.438127 0.830291 0.926612 0.976548 0.813748 0.969645 0.872776 0.933017 0.916189 0.908777 0.658158 0.620376 0.512812 0.549978 0.529769 0.570152 0.849240 0.776574 0.893454 0.787100 0.623083 0.695486 0.848281 0.498185 0.501314 0.500669 0.696144 0.311042 0.511197 0.322373 0.320741 0.694249 0.975476 0.937110 0.836986 0.680184 0.646412 0.718329 0.618851 0.717486 0.775997 0.980736 0.995916 0.999575 0.868531 0.613734 0.567809 0.325285 0.361770 0.622055 0.449845 0.500870 0.901163 0.989158 0.920794 0.784502 0.961053 0.979723 0.809464 0.821954 0.674558 0.997040 0.957792 0.801721 0.905450 0.713462 0.893952 0.761316 0.988569 0.686460 0.830627 0.981851 0.989634 0.912896 0.817326 0.818299 0.835247 0.916893 0.971216 0.799371 0.884996 0.912438 0.886274
0.404511 0.538477 0.991433 0.703845 0.794822 0.897014 0.409977 0.511890 0.749628 0.507389 0.357829 0.000000 0.331831 0.373873 0.656394 0.790141 0.448682 0.432131 0.390360 0.488890 0.830678 0.838401 0.898170 0.715572 0.485844 0.602715 0.656322 0.881460 0.437285 0.414856 0.863451 0.969456 0.445711 0.483955 0.824033 0.983084 0.973257 0.896130 0.936906 0.948066 0.919948 0.945010 0.858283 0.611742 0.558624 0.508647 0.574372 0.589238 0.517060 0.827964 0.844141 0.923656 0.878249 0.643195 0.731422 0.845174 0.533816 0.534759 0.577542 0.738126 0.352878 0.417160 0.437683 0.367371 0.745335 0.940547 0.968453 0.893637 0.650985 0.566504 0.838419 0.784532 0.770225 0.874354 0.965004 0.986450 0.966539 0.898606 0.621518 0.573905 0.370712 0.426799 0.544732 0.540877 0.471068 0.884023 0.914508 0.893962 0.746797 0.958929 0.979354 0.880835 0.817209 0.818469 0.979678 0.975633 0.833760 0.845920 0.650880 0.749553 0.764058 0.858874 0.636844 0.777879 0.961937 0.978858 0.825926 0.966014 0.817547 0.808556 0.916479 0.908060 0.808715 0.779371 0.850679 0.909565
0.516256 0.663306 0.944803 0.610068 0.664407 0.892226 0.424863 0.551041 0.710801 0.465619 0.362981 0.331831 0.000000 0.324585 0.505088 0.765576 0.535189 0.541017 0.475260 0.583815 0.823564 0.904532 0.954797 0.644454 0.445784 0.551038 0.625792 0.897727 0.439888 0.382796 0.917468 0.998468 0.432216 0.517920 0.791288 0.888309 0.956894 0.761530 0.910700 0.873431 0.896503 0.981446 0.825981 0.611411 0.523291 0.468906 0.634698 0.622145 0.532420 0.937353 0.881414 0.838834 0.844610 0.610135 0.817695 0.859211 0.690766 0.659593 0.642235 0.864030 0.342164 0.453511 0.447267 0.386353 0.652223 0.913952 0.914204 0.941467 0.784031 0.709099 0.890736 0.796338 0.804628 0.865853 0.977935 0.893669 0.895618 0.936228 0.709961 0.647239 0.436365 0.531411 0.572567 0.583744 0.509284 0.979734 0.968186 0.902445 0.765942 0.958641 0.945855 0.810339 0.746580 0.695945 0.967363 0.988420 0.796125 0.946845 0.684102 0.809503 0.685526 0.925603 0.643418 0.804720 0.951331 0.963373 0.843445 0.915596 0.760164 0.835323 0.814345 0.947952 0.834461 0.843683 0.908642 0.905569
0.567321 0.659881 0.836439 0.625554 0.708417 0.910314 0.555963 0.604419 0.722601 0.489923 0.479930 0.373873 0.324585 0.000000 0.492089 0.680365 0.635061 0.598341 0.534049 0.594678 0.913934 0.879819 0.911882 0.751288 0.501752 0.639441 0.677670 0.837162 0.526874 0.478697 0.920093 0.975067 0.550548 0.609010 0.755023 0.910463 0.915549 0.833985 0.999265 0.927182 0.921181 0.907455 0.813235 0.589402 0.492992 0.473980 0.660785 0.667354 0.435362 0.851816 0.860787 0.989099 0.967842 0.747981 0.839595 0.909931 0.740245 0.679932 0.804497 0.871751 0.462144 0.425877 0.599460 0.500087 0.697283 0.922127 0.858526 0.984536 0.774952 0.672998 0.942123 0.926915 0.741651 0.863734 0.975549 0.978366 0.907145 0.956170 0.786021 0.641296 0.529171 0.607790 0.522185 0.673701 0.510119 0.993567 0.991106 0.899815 0.698031 0.923149 0.957733 0.989586 0.889299 0.849351 0.973681 0.997964 0.782434 0.961022 0.619467 0.749572 0.687149 0.823581 0.685266 0.857310 0.979047 0.933958 0.914386 0.941815 0.773589 0.864780 0.827207 0.905633 0.822160 0.774793 0.893187 0.998350
0.882716 0.866881 0.897233 0.744906 0.607777 0.801532 0.700235 0.809651 0.690388 0.639681 0.705320 0.656394 0.505088 0.492089 0.000000 0.506175 0.838029 0.874617 0.878607 0.893142 0.986564 0.865197 0.657068 0.967217 0.690892 0.864926 0.896951 0.914998 0.602590 0.578974 0.917552 0.917344 0.675947 0.753254 0.903326 0.875386 0.995546 0.770202 0.927008 0.837910 0.958284 0.998519 0.778475 0.735818 0.553571 0.559134 0.800077 0.781444 0.575183 0.922292 0.881545 0.955292 0.899207 0.915177 0.975149 0.980241 0.972520 0.961767 0.944470 0.874526 0.627890 0.607876 0.732770 0.691342 0.913866 0.962542 0.847271 0.952969 0.995593 0.842983 0.868279 0.932637 0.948796 0.882383 0.938452 0.821958 0.752259 0.924463 0.915166 0.832377 0.749377 0.875313 0.551913 0.838561 0.554272 0.817966 0.885704 0.832770 0.888835 0.932325 0.935312 0.926934 0.953125 0.888351 0.989161 0.981844 0.881866 0.944616 0.728530 0.776501 0.702612 0.964886 0.713529 0.998929 0.907805 0.947213 0.884014 0.940521 0.859791 0.994243 0.903682 0.806586 0.948014 0.887528 0.931815 0.941616
0.951095 0.931799 0.786442 0.954291 0.724280 0.755291 0.975128 0.955355 0.604998 0.882232 0.918510 0.790141 0.765576 0.680365 0.506175 0.000000 0.970023 0.953383 0.997189 0.994182 0.865496 0.986131 0.472454 0.716834 0.920843 0.983601 0.860951 0.836771 0.884597 0.767504 0.968464 0.857050 0.942197 0.969170 0.952972 0.930716 0.937855 0.929602 0.971662 0.954554 0.797087 0.975773 0.961606 0.895370 0.759814 0.810877 0.974475 0.846260 0.743256 0.935222 0.913802 0.886400 0.731189 0.923890 0.964260 0.926475 0.920406 0.985973 0.793004 0.899427 0.863715 0.725736 0.992526 0.890449 0.823101 0.900997 0.876965 0.863462 0.923257 0.885331 0.792124 0.892177 0.835754 0.894260 0.900529 0.910538 0.969629 0.860626 0.926008 0.882483 0.933777 0.989806 0.491091 0.921965 0.571538 0.630248 0.955533 0.767416 0.796887 0.806857 0.864530 0.862399 0.903751 0.845070 0.871635 0.901178 0.938942 0.958695 0.882520 0.823517 0.958028 0.932057 0.840831 0.648691 0.900409 0.888730 0.992361 0.904217 0.935044 0.911414 0.985505 0.912562 0.960027 0.974982 0.802049 0.872689
0.343165 0.358831 0.983509 0.765891 0.841571 0.802902 0.440950 0.617491 0.988218 0.728898 0.378885 0.448682 0.535189 0.635061 0.838029 0.970023 0.000000 0.287675 0.403254 0.390389 0.974294 0.802588 0.707024 0.746268 0.579419 0.612919 0.600418 0.889640 0.444714 0.403033 0.715429 0.989500 0.497051 0.447842 0.883329 0.976511 0.921986 0.901443 0.996349 0.953541 0.937289 0.737908 0.968541 0.728791 0.715715 0.599010 0.491173 0.517885 0.618468 0.744554 0.715503 0.980450 0.838096 0.680866 0.614775 0.812967 0.333973 0.356409 0.435057 0.528064 0.390901 0.582114 0.341593 0.311849 0.864378 0.854208 0.771857 0.705859 0.524277 0.559733 0.602558 0.609257 0.796166 0.905668 0.891894 0.994028 0.991058 0.925163 0.503781 0.619720 0.297599 0.322946 0.626807 0.429557 0.499486 0.787088 0.990278 0.849183 0.880248 0.967940 0.967639 0.839198 0.855035 0.805466 0.955526 0.949986 0.779239 0.905105 0.741655 0.767757 0.848858 0.976724 0.677304 0.900201 0.988024 0.842563 0.899413 0.886117 0.844247 0.809601 0.987541 0.937947 0.750090 0.837579 0.851397 0.954939
0.319090 0.354279 0.951384 0.739711 0.845464 0.900249 0.491992 0.663932 0.982961 0.721025 0.379519 0.432131 0.541017 0.598341 0.874617 0.953383 0.287675 0.000000 0.365266 0.324928 0.995961 0.878635 0.742852 0.768050 0.568081 0.609501 0.600022 0.805067 0.462695 0.398349 0.628847 0.996269 0.535065 0.487897 0.809121 0.993169 0.939498 0.973599 0.987609 0.925499 0.942944 0.838154 0.965492 0.787859 0.745910 0.608598 0.523690 0.523757 0.610423 0.725222 0.745621 0.972233 0.813480 0.662381 0.637003 0.828933 0.312830 0.320005 0.488930 0.557829 0.433836 0.598627 0.384378 0.359518 0.846364 0.885787 0.815612 0.756598 0.503816 0.538187 0.639224 0.584094 0.750191 0.916156 0.875307 0.994917 0.816875 0.789979 0.539226 0.585843 0.304962 0.305262 0.584104 0.359921 0.477810 0.795023 0.940559 0.765806 0.875639 0.920977 0.980076 0.890087 0.865455 0.841035 0.998631 0.935314 0.822207 0.913090 0.751651 0.813167 0.909518 0.972523 0.651926 0.878471 0.944007 0.943769 0.898758 0.861021 0.871772 0.879859 0.946300 0.957067 0.802569 0.873054 0.887085 0.867005
0.401250 0.509054 0.993381 0.822305 0.825721 0.840363 0.439330 0.502670 0.930326 0.567777 0.394872 0.390360 0.475260 0.534049 0.878607 0.997189 0.403254 0.365266 0.000000 0.332692 0.833733 0.923785 0.796844 0.713615 0.543018 0.570540 0.582731 0.718567 0.478080 0.452123 0.751200 0.968963 0.488293 0.452612 0.841807 0.980608 0.960735 0.993323 0.986376 0.916203 0.985939 0.991257 0.857020 0.578601 0.596272 0.512553 0.555381 0.558176 0.611345 0.731749 0.756455 0.972206 0.833409 0.682979 0.656229 0.748214 0.460917 0.480070 0.466353 0.601095 0.411344 0.524290 0.428084 0.400731 0.727625 0.902833 0.795345 0.727659 0.604212 0.631616 0.796570 0.722877 0.806377 0.924211 0.965080 0.972527 0.947295 0.863191 0.593564 0.582533 0.384834 0.354031 0.660072 0.452859 0.590538 0.952590 0.987784 0.796604 0.757220 0.949186 0.926826 0.940412 0.912798 0.795149 0.990315 0.895793 0.855335 0.863302 0.663068 0.826779 0.884536 0.850836 0.609548 0.715516 0.966829 0.989188 0.924323 0.828931 0.821714 0.852166 0.937300 0.915532 0.792391 0.816360 0.889155 0.955718
0.397356 0.388203 0.976475 0.864784 0.863965 0.880447 0.511239 0.604084 0.987353 0.653179 0.449353 0.488890 0.583815 0.594678 0.893142 0.994182 0.390389 0.324928 0.332692 0.000000 0.996692 0.968937 0.816449 0.806840 0.638466 0.669520 0.650225 0.731919 0.513921 0.457979 0.713381 0.991122 0.537981 0.474024 0.846262 0.991736 0.889375 0.933840 0.950180 0.992539 0.972288 0.931473 0.988459 0.710032 0.695837 0.583779 0.515222 0.585023 0.602708 0.664318 0.721897 0.915550 0.838837 0.691854 0.585935 0.761960 0.372361 0.376552 0.499109 0.563321 0.476388 0.590336 0.456297 0.414668 0.853350 0.851408 0.770263 0.711217 0.509251 0.543639 0.706877 0.693529 0.698262 0.967173 0.944215 0.875548 0.894562 0.772165 0.572245 0.549774 0.394841 0.352830 0.662081 0.403663 0.534064 0.827595 0.993823 0.719907 0.806144 0.889634 0.984605 0.947443 0.902704 0.853240 0.986191 0.959020 0.854710 0.972264 0.771341 0.819658 0.970270 0.970222 0.726313 0.757715 0.979900 0.976383 0.904615 0.829195 0.864958 0.871212 0.935581 0.912048 0.936348 0.903913 0.955960 0.913167
0.897532 0.988272 0.924426 0.903385 0.971282 0.913713 0.948674 0.949991 0.753346 0.845476 0.948963 0.830678 0.823564 0.913934 0.986564 0.865496 0.974294 0.995961 0.833733 0.996692 0.000000 0.936966 0.978910 0.963825 0.871283 0.890224 0.936427 0.932412 0.962596 0.991969 0.991524 0.938083 0.987848 0.960935 0.951609 0.992760 0.884670 0.925368 0.719153 0.969355 0.997228 0.908627 0.939200 0.904242 0.869694 0.918344 0.904839 0.903968 0.916802 0.978297 0.997112 0.982495 0.967518 0.998238 0.955395 0.967284 0.936614 0.935627 0.978921 0.947130 0.957626 0.923134 0.984247 0.980735 0.906357 0.921931 0.888856 0.880019 0.951012 0.931189 0.872332 0.859093 0.945512 0.983618 0.911291 0.929161 0.997624 0.991532 0.962671 0.966211 0.972088 0.963583 0.931855 0.984705 0.928710 0.900950 0.982118 0.975262 0.852599 0.853400 0.832863 0.913888 0.949128 0.964190 0.936895 0.934694 0.960244 0.815175 0.883096 0.832923 0.987982 0.830066 0.841256 0.952747 0.977485 0.889008 0.938438 0.951681 0.916650 0.890666 0.984143 0.957864 0.882235 0.774670 0.810427 0.914668
0.824531 0.802782 0.914316 0.889065 0.983331 0.982153 0.874767 0.915402 0.967570 0.983055 0.864280 0.838401 0.904532 0.879819 0.865197 0.986131 0.802588 0.878635 0.923785 0.968937 0.936966 0.000000 0.943869 0.880535 0.982705 0.967860 0.998229 0.968373 0.823490 0.864586 0.959279 0.969922 0.783648 0.865126 0.915420 0.839940 0.984898 0.934152 0.849114 0.824799 0.971816 0.845200 0.956366 0.919891 0.990802 0.953990 0.803212 0.812842 0.862853 0.958751 0.958338 0.955883 0.975835 0.920348 0.970246 0.932452 0.805963 0.859816 0.898610 0.851316 0.874808 0.846027 0.883882 0.861598 0.964307 0.948473 0.963010 0.986258 0.888195 0.865261 0.837079 0.959720 0.978862 0.996725 0.936968 0.954476 0.996343 0.998589 0.935000 0.926729 0.885594 0.859700 0.850814 0.839438 0.907327 0.976137 0.950365 0.879136 0.855792 0.909324 0.886969 0.810702 0.865417 0.847805 0.955925 0.973751 0.770322 0.867216 0.984437 0.981830 0.925170 0.904606 0.991907 0.956513 0.955815 0.970305 0.942814 0.946493 0.988466 0.881583 0.954163 0.902395 0.956983 0.982841 0.960010 0.928404
0.810799 0.887615 0.928118 0.806613 0.859236 0.796762 0.772421 0.871918 0.736258 0.962350 0.749571 0.898170 0.954797 0.911882 0.657068 0.472454 0.707024 0.742852 0.796844 0.816449 0.978910 0.943869 0.000000 0.543185 0.810889 0.804379 0.610769 0.882804 0.836750 0.909463 0.891501 0.848832 0.883960 0.754824 0.968525 0.937110 0.994358 0.953760 0.886085 0.987149 0.816666 0.920027 0.862724 0.954680 0.881445 0.965355 0.872130 0.909037 0.882753 0.911348 0.938926 0.753956 0.613365 0.678638 0.828668 0.969871 0.700175 0.803212 0.608512 0.789123 0.823974 0.961384 0.668267 0.747608 0.638916 0.895042 0.901504 0.842820 0.928363 0.948544 0.596639 0.650913 0.723232 0.788355 0.922925 0.847371 0.877101 0.764885 0.706817 0.993238 0.743901 0.712874 0.742227 0.807049 0.828232 0.708591 0.903559 0.813067 0.800341 0.679464 0.825811 0.713010 0.767606 0.668440 0.824661 0.992718 0.982050 0.957125 0.941445 0.879440 0.872821 0.965061 0.976083 0.771131 0.969596 0.946608 0.910469 0.952223 0.967015 0.686829 0.997941 0.904628 0.896758 0.942437 0.909334 0.980455
0.755203 0.933035 0.910471 0.611975 0.949472 0.877023 0.664634 0.798751 0.871583 0.665285 0.625489 0.715572 0.644454 0.751288 0.967217 0.716834 0.746268 0.768050 0.713615 0.806840 0.963825 0.880535 0.543185 0.000000 0.604102 0.677587 0.569687 0.897297 0.708201 0.737567 0.977017 0.836161 0.705571 0.733525 0.820698 0.880501 0.825960 0.826580 0.954179 0.988779 0.762830 0.917277 0.885834 0.825468 0.796656 0.756690 0.863268 0.830517 0.826926 0.942931 0.996522 0.785155 0.679527 0.689212 0.914939 0.995252 0.842393 0.884643 0.727883 0.953951 0.661431 0.848017 0.627212 0.695365 0.483810 0.660546 0.820689 0.976366 0.990814 0.878347 0.781963 0.728783 0.823860 0.764350 0.735233 0.952972 0.990662 0.876931 0.843494 0.903050 0.736328 0.758492 0.929066 0.844620 0.981194 0.595963 0.874458 0.801925 0.898729 0.722039 0.891108 0.780636 0.813342 0.626238 0.787561 0.964747 0.899341 0.944251 0.854054 0.981188 0.740067 0.897296 0.845881 0.752116 0.932738 0.862573 0.792583 0.996884 0.990810 0.748410 0.886294 0.975035 0.866271 0.957839 0.887396 0.966061
0.569883 0.757012 0.639408 0.472158 0.617979 0.994236 0.591711 0.799808 0.953010 0.601524 0.460046 0.485844 0.445784 0.501752 0.690892 0.920843 0.579419 0.568081 0.543018 0.638466 0.871283 0.982705 0.810889 0.604102 0.000000 0.484834 0.567583 0.802561 0.621385 0.573792 0.691548 0.873716 0.650882 0.692401 0.657422 0.944122 0.813127 0.721601 0.866434 0.867624 0.835610 0.879498 0.986374 0.783376 0.526520 0.543360 0.814169 0.770161 0.606142 0.939143 0.978606 0.848361 0.801956 0.654795 0.873911 0.996233 0.742668 0.729400 0.785776 0.910548 0.516411 0.678065 0.566999 0.543587 0.496708 0.772024 0.835417 0.943750 0.894578 0.850667 0.775391 0.722586 0.726486 0.886541 0.817119 0.938073 0.990452 0.840692 0.773704 0.689487 0.523372 0.587698 0.703690 0.616892 0.656552 0.866257 0.952136 0.971749 0.832062 0.965190 0.851579 0.986203 0.993213 0.850635 0.883845 0.929097 0.953209 0.869465 0.591260 0.789225 0.654430 0.783568 0.604173 0.792817 0.913505 0.916412 0.897581 0.917502 0.835041 0.911296 0.761645 0.840332 0.798890 0.820668 0.944794 0.914157
0.569106 0.707429 0.725836 0.575225 0.692653 0.851666 0.720027 0.890981 0.906497 0.864040 0.535596 0.602715 0.551038 0.639441 0.864926 0.983601 0.612919 0.609501 0.570540 0.669520 0.890224 0.967860 0.804379 0.677587 0.484834 0.000000 0.694342 0.895318 0.806040 0.698402 0.562939 0.828982 0.799605 0.823625 0.674677 0.854957 0.902353 0.788855 0.890355 0.957755 0.948849 0.928345 0.902234 0.915697 0.836638 0.828714 0.932692 0.851204 0.804749 0.999331 0.969401 0.900594 0.788966 0.705696 0.906052 0.898367 0.727264 0.676004 0.756500 0.928207 0.668714 0.866034 0.638878 0.655249 0.610145 0.635094 0.791314 0.842901 0.820733 0.899222 0.759770 0.677050 0.673808 0.793009 0.918663 0.957287 0.792764 0.851327 0.816454 0.909203 0.681127 0.638191 0.741288 0.627796 0.728738 0.867707 0.980729 0.925582 0.790453 0.914753 0.952212 0.998948 0.823074 0.872652 0.765583 0.901084 0.992348 0.931315 0.807103 0.892132 0.928388 0.901326 0.738183 0.816614 0.841872 0.956571 0.880313 0.902136 0.966711 0.980308 0.967066 0.982523 0.980005 0.987098 0.848295 0.955064
0.679736 0.790240 0.993279 0.739336 0.876591 0.946213 0.526500 0.655247 0.911725 0.627003 0.549733 0.656322 0.625792 0.677670 0.896951 0.860951 0.600418 0.600022 0.582731 0.650225 0.936427 0.998229 0.610769 0.569687 0.567583 0.694342 0.000000 0.910308 0.632603 0.619805 0.863118 0.999155 0.653072 0.570971 0.849275 0.802455 0.854019 0.765293 0.987350 0.993395 0.881741 0.958867 0.898788 0.743473 0.686106 0.647644 0.630555 0.773539 0.737649 0.910364 0.918934 0.816552 0.690405 0.654170 0.815798 0.997751 0.755938 0.789920 0.644314 0.837198 0.550128 0.725898 0.561648 0.591172 0.650068 0.921761 0.894880 0.762529 0.969721 0.984231 0.771014 0.707400 0.778186 0.953762 0.857841 0.959988 0.992209 0.821650 0.736653 0.719044 0.560893 0.602083 0.868994 0.729691 0.862900 0.860578 0.983030 0.961215 0.971158 0.778827 0.995500 0.856999 0.880078 0.674484 0.987510 0.959045 0.955978 0.998091 0.757860 0.914684 0.813196 0.968245 0.733073 0.858699 0.969810 0.871707 0.865672 0.999075 0.894819 0.795911 0.920177 0.991767 0.797516 0.896041 0.907240 0.983862
0.801501 0.812630 0.962453 0.977072 0.888634 0.906921 0.912949 0.801638 0.958270 0.775244 0.887163 0.881460 0.897727 0.837162 0.914998 0.836771 0.889640 0.805067 0.718567 0.731919 0.932412 0.968373 0.882804 0.897297 0.802561 0.895318 0.910308 0.000000 0.916469 0.884434 0.877900 0.959689 0.864070 0.847551 0.862371 0.852412 0.992101 0.852854 0.911853 0.979427 0.934404 0.851029 0.884201 0.842366 0.872692 0.778341 0.894236 0.882826 0.855528 0.833075 0.814427 0.839432 0.998038 0.993757 0.764540 0.891739 0.797129 0.776241 0.779702 0.709132 0.909746 0.877043 0.860870 0.878139 0.783458 0.993934 0.895751 0.859220 0.845531 0.715759 0.964482 0.896658 0.881562 0.984300 0.973176 0.832842 0.900101 0.789272 0.867455 0.949742 0.888443 0.887128 0.955359 0.807466 0.970602 0.792094 0.908381 0.946566 0.870582 0.942375 0.899532 0.890330 0.916850 0.977383 0.965638 0.931579 0.920656 0.894183 0.770725 0.839308 0.981930 0.787090 0.821579 0.788515 0.986656 0.975222 0.816312 0.867367 0.931229 0.967717 0.828969 0.961288 0.964834 0.825969 0.840356 0.955957
0.562543 0.594321 0.940409 0.763928 0.770466 0.781792 0.411851 0.537865 0.818530 0.539557 0.432733 0.437285 0.439888 0.526874 0.602590 0.884597 0.444714 0.462695 0.478080 0.513921 0.962596 0.823490 0.836750 0.708201 0.621385 0.806040 0.632603 0.916469 0.000000 0.365860 0.965647 0.847758 0.441815 0.408713 0.907070 0.989659 0.936967 0.891622 0.904657 0.790673 0.979129 0.890964 0.790268 0.588050 0.578020 0.434243 0.481961 0.493357 0.575983 0.792284 0.721498 0.918112 0.881151 0.714704 0.731546 0.767177 0.577728 0.614081 0.578601 0.759686 0.380491 0.471642 0.382065 0.378671 0.744062 0.878244 0.815205 0.737887 0.745622 0.707441 0.817093 0.751930 0.917125 0.984008 0.943298 0.848935 0.874009 0.933292 0.511280 0.564409 0.373096 0.445303 0.671652 0.560582 0.565569 0.837875 0.965531 0.841572 0.994812 0.827149 0.995949 0.720082 0.807458 0.679539 0.958841 0.972356 0.699043 0.952099 0.733498 0.819839 0.652272 0.931879 0.663989 0.776488 0.902991 0.960053 0.877123 0.853381 0.695685 0.835103 0.887743 0.862639 0.798476 0.805432 0.968855 0.957847
0.507595 0.535189 0.963706 0.772187 0.718966 0.824129 0.396881 0.545100 0.772454 0.544531 0.388570 0.414856 0.382796 0.478697 0.578974 0.767504 0.403033 0.398349 0.452123 0.457979 0.991969 0.864586 0.909463 0.737567 0.573792 0.698402 0.619805 0.884434 0.365860 0.000000 0.896927 0.859068 0.403712 0.376195 0.845810 0.903770 0.967719 0.930939 0.929239 0.817353 0.959139 0.909662 0.848024 0.646176 0.620282 0.475412 0.543546 0.557612 0.583836 0.866028 0.751808 0.903932 0.797710 0.608455 0.701488 0.743090 0.527647 0.551202 0.552996 0.728932 0.344589 0.487120 0.357798 0.317879 0.780828 0.897954 0.869069 0.716947 0.682863 0.638317 0.821539 0.708090 0.924121 0.930313 0.997316 0.953381 0.990382 0.907614 0.558679 0.562328 0.375825 0.439321 0.527895 0.475327 0.508142 0.801161 0.999227 0.782369 0.879115 0.898974 0.917662 0.724419 0.753982 0.681760 0.958744 0.977959 0.744751 0.923902 0.751804 0.838701 0.744622 0.924866 0.626001 0.917873 0.941142 0.841502 0.912218 0.904839 0.810106 0.781207 0.921868 0.930119 0.821791 0.812755 0.970109 0.897858
0.613084 0.660789 0.697498 0.715128 0.820852 0.907589 0.980841 0.906604 0.782805 0.840044 0.740137 0.863451 0.917468 0.920093 0.917552 0.968464 0.715429 0.628847 0.751200 0.713381 0.991524 0.959279 0.891501 0.977017 0.691548 0.562939 0.863118 0.877900 0.965647 0.896927 0.000000 0.692517 0.966901 0.968230 0.817966 0.991269 0.902976 0.995264 0.826374 0.889299 0.872785 0.940924 0.686310 0.838372 0.998596 0.999385 0.992108 0.920168 0.876670 0.842768 0.968000 0.888317 0.965962 0.914347 0.912352 0.970055 0.655923 0.584105 0.860352 0.767493 0.902175 0.952950 0.849152 0.857254 0.904109 0.853991 0.897342 0.913112 0.717206 0.823918 0.696884 0.663043 0.693011 0.919057 0.977547 0.963842 0.613819 0.787141 0.963603 0.914972 0.784873 0.687331 0.817571 0.582802 0.762943 0.948969 0.785442 0.733534 0.780336 0.791617 0.978037 0.726168 0.976432 0.870572 0.966974 0.822882 0.969266 0.898424 0.919171 0.952943 0.878570 0.932426 0.985852 0.986952 0.770919 0.838156 0.908884 0.875073 0.881774 0.875072 0.937797 0.995132 0.941735 0.883168 0.942295 0.860490
0.843380 0.865447 0.703267 0.712634 0.901906 0.942424 0.858936 0.847714 0.905171 0.950216 0.978348 0.969456 0.998468 0.975067 0.917344 0.857050 0.989500 0.996269 0.968963 0.991122 0.938083 0.969922 0.848832 0.836161 0.873716 0.828982 0.999155 0.959689 0.847758 0.859068 0.692517 0.000000 0.803723 0.856791 0.929326 0.826940 0.758862 0.964760 0.950084 0.799988 0.960573 0.952120 0.837087 0.855619 0.911955 0.913840 0.893145 0.853795 0.877832 0.896586 0.957685 0.835309 0.939776 0.894808 0.907782 0.974819 0.913153 0.824359 0.989071 0.917341 0.941746 0.962439 0.967111 0.980683 0.803140 0.677325 0.717175 0.709602 0.884649 0.955583 0.850864 0.883856 0.638627 0.804497 0.885443 0.989219 0.917954 0.854634 0.827210 0.896489 0.985341 0.984236 0.885476 0.996704 0.939055 0.793078 0.981964 0.875749 0.899042 0.891563 0.943481 0.794282 0.924265 0.862021 0.898618 0.925658 0.978169 0.991461 0.930323 0.951203 0.920148 0.805172 0.826216 0.916063 0.843764 0.867473 0.848312 0.922689 0.896440 0.905050 0.963867 0.946606 0.914892 0.937461 0.792638 0.999234
0.555660 0.649117 0.861548 0.955969 0.923318 0.791624 0.366700 0.395192 0.772201 0.443281 0.423312 0.445711 0.432216 0.550548 0.675947 0.942197 0.497051 0.535065 0.488293 0.537981 0.987848 0.783648 0.883960 0.705571 0.650882 0.799605 0.653072 0.864070 0.441815 0.403712 0.966901 0.803723 0.000000 0.416743 0.955826 0.939693 0.936759 0.921022 0.975287 0.923287 0.906324 0.922279 0.739818 0.533200 0.580043 0.464910 0.489660 0.539469 0.601612 0.864439 0.764934 0.902523 0.823639 0.613064 0.697570 0.816945 0.598236 0.644793 0.488935 0.705471 0.353256 0.483902 0.416257 0.388271 0.822426 0.798002 0.802382 0.619816 0.736628 0.629240 0.896218 0.760031 0.920123 0.994984 0.967760 0.899169 0.799007 0.969497 0.669079 0.613321 0.431693 0.520330 0.734902 0.605934 0.631355 0.892829 0.979295 0.999672 0.857075 0.854665 0.945564 0.751253 0.796213 0.662205 0.934333 0.929520 0.721772 0.943005 0.709264 0.842458 0.760710 0.920823 0.685266 0.744155 0.895844 0.878250 0.875162 0.926115 0.818268 0.817302 0.836298 0.936479 0.855800 0.933781 0.975121 0.917617
0.556118 0.603502 0.766909 0.973994 0.917748 0.745511 0.354684 0.435111 0.807611 0.499945 0.438127 0.483955 0.517920 0.609010 0.753254 0.969170 0.447842 0.487897 0.452612 0.474024 0.960935 0.865126 0.754824 0.733525 0.692401 0.823625 0.570971 0.847551 0.408713 0.376195 0.968230 0.856791 0.416743 0.000000 0.881809 0.891747 0.980965 0.953947 0.868471 0.872756 0.938930 0.956294 0.796951 0.542469 0.645457 0.490452 0.457475 0.556979 0.633273 0.796351 0.667124 0.955692 0.848821 0.686469 0.674674 0.760401 0.558107 0.615507 0.450762 0.641558 0.365552 0.522663 0.363700 0.366007 0.834069 0.776659 0.725752 0.565522 0.765518 0.666627 0.842331 0.778358 0.844885 0.988226 0.909748 0.974850 0.861836 0.837924 0.570223 0.582419 0.410946 0.425686 0.748452 0.530904 0.616927 0.796507 0.929051 0.930790 0.964993 0.828831 0.979067 0.766123 0.769626 0.614296 0.976257 0.994407 0.806041 0.874868 0.770053 0.863480 0.778932 0.972127 0.713293 0.865669 0.865503 0.908434 0.834753 0.816825 0.770260 0.743564 0.923641 0.966199 0.889687 0.838862 0.883455 0.945560
0.800039 0.896205 0.763942 0.771972 0.868902 0.897013 0.879572 0.998907 0.952061 0.872296 0.830291 0.824033 0.791288 0.755023 0.903326 0.952972 0.883329 0.809121 0.841807 0.846262 0.951609 0.915420 0.968525 0.820698 0.657422 0.674677 0.849275 0.862371 0.907070 0.845810 0.817966 0.929326 0.955826 0.881809 0.000000 0.922824 0.846150 0.978184 0.798039 0.976999 0.841873 0.754125 0.985150 0.899032 0.860712 0.864469 0.973579 0.841327 0.827559 0.967539 0.891721 0.932860 0.969744 0.927981 0.843326 0.973449 0.918605 0.904737 0.988586 0.974771 0.874086 0.938042 0.856760 0.863551 0.746540 0.740840 0.794547 0.888576 0.993818 0.949225 0.959572 0.816797 0.806646 0.954360 0.838915 0.910731 0.781572 0.961422 0.926219 0.794802 0.880960 0.873017 0.904307 0.864783 0.819927 0.894712 0.938696 0.958639 0.864884 0.889213 0.942499 0.936847 0.988248 0.974499 0.910158 0.999278 0.918401 0.872117 0.838206 0.711168 0.911675 0.952863 0.828212 0.951586 0.994321 0.977735 0.894150 0.973641 0.898010 0.881110 0.737238 0.912910 0.994181 0.999764 0.982702 0.960542
0.921317 0.902472 0.960926 0.925723 0.946667 0.821576 0.904187 0.995173 0.972187 0.922346 0.926612 0.983084 0.888309 0.910463 0.875386 0.930716 0.976511 0.993169 0.980608 0.991736 0.992760 0.839940 0.937110 0.880501 0.944122 0.854957 0.802455 0.852412 0.989659 0.903770 0.991269 0.826940 0.939693 0.891747 0.922824 0.000000 0.848938 0.818322 0.921043 0.918800 0.840308 0.955912 0.927704 0.938421 0.949153 0.894109 0.955516 0.951625 0.957590 0.939141 0.951405 0.874498 0.875078 0.934140 0.808877 0.921425 0.848725 0.859657 0.912489 0.808844 0.899504 0.973774 0.960492 0.983191 0.959491 0.871404 0.861678 0.997541 0.920592 0.772678 0.959794 0.927386 0.980754 0.979659 0.854014 0.963790 0.972267 0.930539 0.998678 0.858086 0.988757 0.935550 0.957444 0.966776 0.958150 0.972046 0.821288 0.990701 0.921873 0.924502 0.948309 0.924877 0.907781 0.811674 0.898756 0.981273 0.979449 0.869828 0.967246 0.930190 0.922892 0.913782 0.993532 0.902387 0.802548 0.977186 0.909968 0.904506 0.966003 0.930140 0.769836 0.996358 0.942656 0.877888 0.934177 0.953586
0.983952 0.903533 0.786357 0.884970 0.952153 0.987098 0.993201 0.969751 0.993441 0.818618 0.976548 0.973257 0.956894 0.915549 0.995546 0.937855 0.921986 0.939498 0.960735 0.889375 0.884670 0.984898 0.994358 0.825960 0.813127 0.902353 0.854019 0.992101 0.936967 0.967719 0.902976 0.758862 0.936759 0.980965 0.846150 0.848938 0.000000 0.850985 0.830469 0.983700 0.901997 0.752423 0.852707 0.864319 0.780224 0.847318 0.929256 0.942811 0.846079 0.917364 0.973112 0.894877 0.990372 0.846145 0.819037 0.917936 0.835076 0.860089 0.925451 0.957557 0.980480 0.988831 0.941583 0.942743 0.726423 0.743545 0.909753 0.909243 0.823010 0.858002 0.991754 0.946982 0.995571 0.985757 0.950547 0.949339 0.915538 0.917959 0.898317 0.920079 0.928885 0.941304 0.966507 0.904551 0.914988 0.782019 0.969078 0.822785 0.961784 0.915160 0.789821 0.855314 0.825314 0.982351 0.970038 0.981104 0.992792 0.993398 0.777505 0.958345 0.836721 0.908831 0.974343 0.996423 0.917302 0.897108 0.960948 0.965432 0.950671 0.807272 0.925389 0.838508 0.728395 0.848216 0.991947 0.936468
0.961735 0.925783 0.921186 0.741534 0.761226 0.939831 0.798022 0.964643 0.840175 0.816524 0.813748 0.896130 0.761530 0.833985 0.770202 0.929602 0.901443 0.973599 0.993323 0.933840 0.925368 0.934152 0.953760 0.826580 0.721601 0.788855 0.765293 0.852854 0.891622 0.930939 0.995264 0.964760 0.921022 0.953947 0.978184 0.818322 0.850985 0.000000 0.973872 0.962045 0.823857 0.992920 0.896097 0.914108 0.820954 0.854682 0.996183 0.987967 0.944048 0.837951 0.856956 0.696010 0.864445 0.867307 0.923478 0.793505 0.855492 0.880532 0.955962 0.816219 0.812980 0.967194 0.831008 0.895906 0.819368 0.856417 0.954246 0.947394 0.801350 0.812130 0.972625 0.964125 0.989179 0.982053 0.799281 0.929420 0.835475 0.986219 0.895217 0.987560 0.849193 0.973410 0.982895 0.952903 0.929601 0.921934 0.972201 0.894310 0.803598 0.852305 0.817547 0.996421 0.948298 0.925874 0.974748 0.890223 0.860700 0.849270 0.799060 0.834511 0.833129 0.833731 0.852069 0.981373 0.979629 0.896770 0.992727 0.968121 0.812418 0.890259 0.973926 0.978357 0.850915 0.984971 0.931259 0.977289
