0.000000 0.406795 0.841739 0.826043 0.621655 0.898784 0.880865 0.727865 0.938654 0.682171 0.456278 0.362255 0.419834 0.531459 0.613461 0.689273 0.485248 0.446263 0.381353 0.399118 0.979920 0.979528 0.573364 0.940078 0.711586 0.523696 0.924713 0.949317 0.477374 0.582459 0.967680 0.921317 0.676431 0.812855 0.858904 0.903153 0.750494 0.945555 0.987277 0.963127 0.833651 0.878686 0.848687 0.916761 0.958595 0.941394 0.787579 0.894032 0.617362 0.804857 0.913097 0.995620 0.964675 0.639901 0.748211 0.990506 0.357504 0.352988 0.510228 0.549120 0.694368 0.671455 0.455327 0.400837 0.748822 0.714600 0.771495 0.696475 0.382592 0.450630 0.977341 0.939348 0.951484 0.915885 0.864866 0.949713 0.960014 0.750566 0.876116 0.740785 0.460785 0.455058 0.643142 0.682378 0.510094 0.947263 0.862186 0.753486 0.626237 0.588895 0.833431 0.780786 0.699020 0.617354 0.876629 0.951261 0.981196 0.954317 0.854415 0.895457 0.881007 0.779983 0.931036 0.896093 0.975957 0.912442 0.975964 0.682502 0.915085 0.873491 0.964991 0.880812 0.808807 0.995838 0.968310 0.911925
0.406795 0.000000 0.602594 0.803758 0.709685 0.746605 0.845474 0.775652 0.886366 0.737051 0.758834 0.400711 0.673937 0.452117 0.652381 0.590461 0.401858 0.326567 0.437426 0.400932 0.919502 0.946672 0.690983 0.843019 0.854601 0.548829 0.888372 0.817603 0.424021 0.469866 0.902658 0.912397 0.846400 0.837347 0.718642 0.872719 0.766518 0.882948 0.936361 0.778849 0.893580 0.870020 0.886114 0.773675 0.827076 0.671653 0.637950 0.689157 0.367025 0.534516 0.710948 0.790387 0.917079 0.775254 0.644424 0.794269 0.301688 0.306000 0.834027 0.780917 0.957647 0.727768 0.672866 0.548673 0.734003 0.719977 0.554890 0.667926 0.586623 0.489818 0.725214 0.628568 0.865925 0.872503 0.874046 0.962560 0.911694 0.779538 0.738554 0.678969 0.442376 0.404845 0.435750 0.561167 0.466282 0.822938 0.926796 0.666724 0.847387 0.732877 0.566758 0.588353 0.484916 0.431877 0.811409 0.980612 0.848925 0.936871 0.956474 0.939215 0.664817 0.644012 0.934261 0.899521 0.798668 0.889495 0.978397 0.645290 0.897415 0.994489 0.902750 0.854255 0.782054 0.900889 0.982533 0.823205
0.841739 0.602594 0.000000 0.468534 0.980660 0.587109 0.420151 0.632221 0.838879 0.929886 0.937813 0.864058 0.817333 0.940914 0.996722 0.972695 0.838084 0.710558 0.962757 0.860218 0.803216 0.807464 0.834717 0.879282 0.856101 0.603580 0.855390 0.917703 0.818262 0.884990 0.582655 0.565448 0.596147 0.667857 0.561076 0.781364 0.982142 0.785911 0.961511 0.923220 0.805672 0.917174 0.752647 0.864880 0.769001 0.910957 0.775558 0.814887 0.702587 0.885214 0.841561 0.877504 0.738190 0.647001 0.933220 0.865682 0.750821 0.677547 0.933469 0.942783 0.616816 0.908083 0.822652 0.999659 0.596514 0.641189 0.343366 0.473249 0.784951 0.852839 0.533434 0.578277 0.671704 0.753704 0.886301 0.916976 0.830023 0.685744 0.969338 0.923615 0.921381 0.831288 0.736220 0.841867 0.931490 0.950978 0.955662 0.998607 0.982809 0.940936 0.547825 0.725948 0.545904 0.679954 0.708049 0.930748 0.693276 0.974720 0.729972 0.662840 0.608329 0.707700 0.717075 0.739568 0.621850 0.666444 0.806524 0.808456 0.953273 0.814529 0.712453 0.856580 0.783015 0.861261 0.832106 0.980778
0.826043 0.803758 0.468534 0.000000 0.980127 0.770634 0.655772 0.597923 0.985913 0.904279 0.847094 0.956619 0.951715 0.768218 0.981984 0.790231 0.858016 0.836356 0.956235 0.932194 0.780782 0.820971 0.829384 0.590058 0.589231 0.454466 0.930269 0.943902 0.823017 0.905749 0.690082 0.614708 0.823218 0.806972 0.624535 0.795817 0.999090 0.919874 0.810061 0.854439 0.730524 0.879404 0.631770 0.735652 0.746033 0.803907 0.655054 0.726700 0.870771 0.962066 0.746368 0.706770 0.641088 0.623950 0.877077 0.942805 0.835933 0.757901 0.795720 0.902998 0.946629 0.875718 0.967993 0.784537 0.475875 0.447553 0.528829 0.532586 0.722097 0.750169 0.736395 0.692594 0.762939 0.827025 0.940415 0.949201 0.699358 0.629625 0.983805 0.944610 0.932850 0.985197 0.995239 0.988337 0.826448 0.572632 0.959109 0.801072 0.830692 0.911593 0.679297 0.927744 0.659075 0.858812 0.655406 0.846729 0.827378 0.969392 0.886341 0.759359 0.788599 0.866565 0.924082 0.987942 0.684920 0.676636 0.792716 0.905960 0.930272 0.948874 0.718209 0.859595 0.777601 0.903329 0.913210 0.998917
0.621655 0.709685 0.980660 0.980127 0.000000 0.955655 0.914268 0.792694 0.876703 0.877317 0.741282 0.650375 0.668362 0.650391 0.647823 0.639903 0.704866 0.742344 0.705195 0.664829 0.932989 0.908107 0.617139 0.637062 0.911443 0.787660 0.712927 0.866053 0.792351 0.794322 0.983583 0.933676 0.843772 0.959791 0.946386 0.812257 0.890585 0.961836 0.913135 0.973144 0.982183 0.930124 0.968346 0.994094 0.957430 0.939633 0.908068 0.908284 0.794911 0.781306 0.924241 0.928867 0.954331 0.820104 0.812938 0.948494 0.657969 0.770626 0.807735 0.877089 0.918535 0.693989 0.848810 0.753432 0.982357 0.975744 0.944861 0.801546 0.774975 0.704817 0.908973 0.917271 0.917352 0.960944 0.978858 0.936071 0.891668 0.860217 0.917952 0.978301 0.739681 0.700441 0.757163 0.805078 0.645705 0.778691 0.711267 0.679764 0.774865 0.748050 0.973626 0.915545 0.903240 0.825512 0.907603 0.943224 0.937004 0.939688 0.890688 0.888068 0.952624 0.891649 0.981989 0.934578 0.951598 0.971157 0.996418 0.861305 0.908233 0.723525 0.962017 0.895576 0.899384 0.923878 0.882367 0.887558
0.898784 0.746605 0.587109 0.770634 0.955655 0.000000 0.581607 0.741064 0.745714 0.912890 0.765918 0.951937 0.832288 0.980382 0.944730 0.948921 0.895923 0.831064 0.885744 0.823354 0.727910 0.944691 0.965831 0.984409 0.918104 0.730045 0.913915 0.885433 0.811711 0.864045 0.793499 0.744671 0.809059 0.830054 0.767036 0.869723 0.910153 0.924531 0.830484 0.880643 0.957596 0.999038 0.928001 0.976881 0.958036 0.966931 0.945292 0.976378 0.783871 0.848708 0.992915 0.988951 0.920390 0.843320 0.952215 0.962220 0.729460 0.724295 0.871951 0.818452 0.612069 0.854563 0.831047 0.935286 0.836467 0.717754 0.538355 0.675375 0.737734 0.867899 0.638974 0.669499 0.903485 0.757363 0.705597 0.919371 0.810568 0.776048 0.985768 0.972693 0.993248 0.903825 0.764065 0.812488 0.866133 0.994890 0.850237 0.961211 0.982721 0.929565 0.672401 0.747419 0.718903 0.716207 0.803541 0.968555 0.821109 0.974873 0.860365 0.737624 0.751262 0.872804 0.743766 0.822164 0.669351 0.849408 0.657646 0.891532 0.987842 0.953578 0.820400 0.830811 0.957556 0.967798 0.743352 0.983771
0.880865 0.845474 0.420151 0.655772 0.914268 0.581607 0.000000 0.395343 0.609198 0.543556 0.718466 0.865461 0.560690 0.776088 0.757987 0.847951 0.910354 0.963822 0.777123 0.963735 0.874620 0.761295 0.642465 0.990654 0.814206 0.870446 0.797645 0.898774 0.797119 0.790170 0.373390 0.463905 0.382477 0.420911 0.692101 0.807647 0.926223 0.831355 0.976180 0.827642 0.875378 0.981091 0.740533 0.783295 0.626745 0.763452 0.746840 0.778066 0.987801 0.908456 0.666404 0.708756 0.675259 0.645133 0.923248 0.925555 0.911295 0.932989 0.632589 0.661626 0.391445 0.768596 0.475817 0.599963 0.925467 0.888945 0.444704 0.556017 0.980787 0.828534 0.464836 0.494008 0.541053 0.582647 0.798318 0.864569 0.676477 0.629019 0.810787 0.929763 0.816579 0.982868 0.854924 0.899280 0.955018 0.844972 0.939197 0.976211 0.846893 0.937685 0.533087 0.631222 0.667825 0.831443 0.674184 0.871848 0.708265 0.819220 0.444917 0.501660 0.540545 0.582368 0.521694 0.505387 0.582298 0.575426 0.854487 0.876563 0.992518 0.787968 0.686918 0.711762 0.658176 0.812842 0.876587 0.940574
0.727865 0.775652 0.632221 0.597923 0.792694 0.741064 0.395343 0.000000 0.790796 0.580101 0.763696 0.555996 0.493025 0.426687 0.670062 0.540376 0.750515 0.820802 0.612350 0.734959 0.914915 0.928333 0.584668 0.783835 0.924218 0.951428 0.960629 0.838543 0.632939 0.672588 0.539049 0.475492 0.485964 0.474111 0.760755 0.960095 0.925344 0.948819 0.950373 0.995524 0.775741 0.996203 0.501299 0.533466 0.451162 0.497987 0.456984 0.538035 0.616553 0.574830 0.478144 0.505408 0.611305 0.700986 0.697680 0.899896 0.832525 0.832478 0.658292 0.655228 0.528480 0.512600 0.481476 0.573372 0.855256 0.779757 0.628472 0.619697 0.994144 0.724838 0.714603 0.732366 0.632471 0.661940 0.796580 0.848626 0.590007 0.788371 0.814734 0.846880 0.728540 0.869173 0.840343 0.963228 0.730251 0.814095 0.986983 0.733758 0.837327 0.744128 0.726849 0.867393 0.854093 0.926747 0.725328 0.820954 0.835133 0.793084 0.497524 0.404313 0.664698 0.790773 0.655052 0.761602 0.674680 0.712967 0.809345 0.978755 0.996590 0.805706 0.680531 0.585571 0.540388 0.731562 0.835021 0.881152
0.938654 0.886366 0.838879 0.985913 0.876703 0.745714 0.609198 0.790796 0.000000 0.642467 0.705211 0.929147 0.701733 0.920766 0.764898 0.961494 0.993449 0.913481 0.963107 0.904526 0.915672 0.922456 0.847736 0.784693 0.778140 0.978828 0.934427 0.975954 0.965604 0.984410 0.814576 0.902707 0.775027 0.857986 0.915405 0.939584 0.826216 0.743953 0.800841 0.766009 0.852649 0.835179 0.947389 0.994319 0.927698 0.980978 0.971547 0.976075 0.962426 0.897251 0.896508 0.832201 0.839846 0.851390 0.904010 0.960436 0.869059 0.887457 0.683964 0.760996 0.642548 0.778858 0.795607 0.776225 0.990851 0.939181 0.705615 0.912714 0.940317 0.825546 0.709229 0.652900 0.714304 0.589785 0.819644 0.936940 0.686181 0.920803 0.988944 0.939094 0.996281 0.853130 0.726247 0.755930 0.872892 0.733728 0.960396 0.791214 0.697398 0.980370 0.587954 0.501338 0.605039 0.608757 0.726433 0.940869 0.842048 0.891243 0.620287 0.649520 0.614097 0.744988 0.618456 0.535898 0.876405 0.841152 0.988003 0.768687 0.991187 0.805609 0.832097 0.729083 0.898137 0.840747 0.885604 0.872313
0.682171 0.737051 0.929886 0.904279 0.877317 0.912890 0.543556 0.580101 0.642467 0.000000 0.658103 0.645284 0.584279 0.737872 0.544664 0.702550 0.634899 0.654232 0.547228 0.681058 0.924114 0.884792 0.493227 0.929847 0.555287 0.690813 0.835938 0.978247 0.492170 0.498686 0.606204 0.637485 0.477762 0.555314 0.781759 0.966065 0.932338 0.945656 0.844337 0.704892 0.974077 0.801358 0.911747 0.840699 0.651904 0.700344 0.759530 0.824809 0.572901 0.633937 0.638548 0.674910 0.722428 0.874954 0.919998 0.981966 0.761394 0.693333 0.611071 0.730589 0.693433 0.811887 0.472178 0.424241 0.613117 0.605298 0.993883 0.892615 0.715938 0.522448 0.761268 0.827804 0.679160 0.683407 0.701319 0.888425 0.726676 0.908273 0.672146 0.709609 0.585602 0.808909 0.860052 0.934169 0.930359 0.689298 0.984400 0.960146 0.804615 0.970132 0.930750 0.789452 0.982679 0.862052 0.930748 0.922150 0.870458 0.841981 0.655648 0.643103 0.861833 0.839055 0.714559 0.606099 0.932633 0.864601 0.919201 0.994754 0.922079 0.907603 0.818009 0.833490 0.713670 0.809209 0.968893 0.860400
0.456278 0.758834 0.937813 0.847094 0.741282 0.765918 0.718466 0.763696 0.705211 0.658103 0.000000 0.581585 0.412979 0.766323 0.775207 0.877239 0.720657 0.736217 0.689480 0.690562 0.985270 0.922548 0.758189 0.907368 0.721090 0.811098 0.992034 0.972848 0.729103 0.806421 0.920377 0.920178 0.678304 0.852260 0.903032 0.947078 0.791308 0.953016 0.962358 0.764509 0.833534 0.876282 0.796239 0.861426 0.934139 0.944590 0.931694 0.962821 0.851509 0.944320 0.989729 0.944317 0.935603 0.728807 0.944454 0.975923 0.752060 0.738328 0.456425 0.551079 0.488893 0.675253 0.493391 0.482804 0.870022 0.864098 0.948645 0.891202 0.659867 0.600265 0.851007 0.884158 0.860535 0.974713 0.759492 0.967038 0.866382 0.889907 0.973517 0.762067 0.663516 0.737432 0.948876 0.935140 0.794217 0.826703 0.985777 0.984899 0.610970 0.727716 0.893148 0.958040 0.985432 0.972861 0.955944 0.883441 0.975317 0.957780 0.742169 0.836096 0.950819 0.986806 0.719631 0.774791 0.865091 0.902349 0.865887 0.902108 0.941640 0.726870 0.992909 0.835903 0.904850 0.916776 0.905366 0.943538
0.362255 0.400711 0.864058 0.956619 0.650375 0.951937 0.865461 0.555996 0.929147 0.645284 0.581585 0.000000 0.396926 0.373242 0.511145 0.478244 0.505661 0.499265 0.460744 0.463633 0.963363 0.993042 0.564013 0.796253 0.786991 0.659275 0.914186 0.783983 0.480109 0.583829 0.992329 0.869479 0.733534 0.802416 0.898156 0.824115 0.761272 0.971197 0.954050 0.948105 0.971338 0.946041 0.970794 0.918756 0.861852 0.756430 0.690782 0.755299 0.477945 0.620997 0.782645 0.835607 0.952934 0.743296 0.743849 0.907643 0.478111 0.471654 0.601477 0.610315 0.703764 0.439154 0.536117 0.461968 0.910485 0.948391 0.852077 0.827378 0.557541 0.487917 0.965975 0.914595 0.943299 0.994046 0.819745 0.994838 0.871452 0.791537 0.885088 0.770897 0.513875 0.550528 0.624761 0.738102 0.441998 0.845047 0.752566 0.625397 0.710137 0.569420 0.856296 0.792321 0.739191 0.661604 0.924444 0.948555 0.879916 0.959740 0.871841 0.757314 0.966315 0.772997 0.995588 0.986094 0.971494 0.971070 0.951566 0.740188 0.881227 0.919772 0.914597 0.785951 0.789516 0.965470 0.961423 0.811384
0.419834 0.673937 0.817333 0.951715 0.668362 0.832288 0.560690 0.493025 0.701733 0.584279 0.412979 0.396926 0.000000 0.481518 0.524698 0.573152 0.626760 0.717003 0.488412 0.533948 0.998922 0.853722 0.491230 0.867528 0.750019 0.761527 0.944080 0.933001 0.563591 0.633271 0.712063 0.697802 0.521644 0.663151 0.954140 0.961316 0.773585 0.877777 0.958715 0.882596 0.981629 0.935857 0.976545 0.951766 0.817374 0.816139 0.700026 0.816981 0.724083 0.757131 0.776388 0.843004 0.864938 0.914174 0.732721 0.993877 0.632824 0.632169 0.480258 0.558669 0.462355 0.509136 0.442098 0.416111 0.926714 0.933864 0.857766 0.997548 0.587015 0.552385 0.651478 0.850271 0.734819 0.816860 0.758091 0.968674 0.796260 0.983292 0.913924 0.893997 0.613865 0.695381 0.784335 0.872136 0.644083 0.958796 0.799627 0.802109 0.603159 0.628437 0.863934 0.965170 0.984328 0.877184 0.930248 0.968530 0.915401 0.878500 0.622516 0.642768 0.748185 0.996051 0.704391 0.741432 0.737292 0.800210 0.857051 0.818472 0.938910 0.748416 0.787194 0.702030 0.698490 0.905037 0.887422 0.854853
0.531459 0.452117 0.940914 0.768218 0.650391 0.980382 0.776088 0.426687 0.920766 0.737872 0.766323 0.373242 0.481518 0.000000 0.526509 0.379727 0.577763 0.542885 0.426561 0.418869 0.951854 0.981989 0.483820 0.555952 0.968289 0.823634 0.927272 0.818145 0.541015 0.536520 0.810942 0.608293 0.660953 0.671959 0.994532 0.996423 0.855376 0.976113 0.824459 0.829103 0.853403 0.969873 0.653481 0.650514 0.636159 0.576307 0.478528 0.556295 0.495687 0.535397 0.580376 0.643024 0.703859 0.958383 0.639745 0.886404 0.509553 0.573375 0.864606 0.804677 0.815715 0.563296 0.634637 0.621071 0.966916 0.894684 0.947823 0.978151 0.768691 0.631760 0.952581 0.892247 0.820178 0.929279 0.836407 0.937980 0.764380 0.950036 0.886732 0.738400 0.565468 0.534258 0.520662 0.712824 0.424705 0.619521 0.849033 0.522871 0.923954 0.668650 0.863793 0.686787 0.774171 0.572657 0.904379 0.882595 0.958376 0.889782 0.851884 0.713622 0.960524 0.813342 0.971360 0.997967 0.877036 0.938553 0.797834 0.768594 0.969533 0.863047 0.900983 0.748278 0.635871 0.850744 0.961577 0.823242
0.613461 0.652381 0.996722 0.981984 0.647823 0.944730 0.757987 0.670062 0.764898 0.544664 0.775207 0.511145 0.524698 0.526509 0.000000 0.461159 0.546157 0.595772 0.470709 0.506385 0.885653 0.915060 0.423199 0.768765 0.837581 0.701414 0.887707 0.967931 0.572183 0.521297 0.722522 0.685480 0.613510 0.664788 0.936670 0.932145 0.794211 0.861949 0.952852 0.872303 0.939573 0.961535 0.887431 0.845774 0.749691 0.704675 0.721061 0.692942 0.630538 0.601766 0.660636 0.654997 0.702507 0.918099 0.814968 0.982505 0.637214 0.670347 0.815133 0.879168 0.864447 0.704732 0.681620 0.585040 0.859949 0.813502 0.916843 0.806735 0.581146 0.599012 0.814337 0.968775 0.709814 0.767635 0.728997 0.986972 0.756974 0.935176 0.834782 0.742227 0.598333 0.648455 0.668518 0.805584 0.588126 0.969433 0.727183 0.742509 0.731513 0.819112 0.938069 0.987466 0.855637 0.763230 0.809515 0.874600 0.892277 0.810360 0.831977 0.730241 0.909735 0.849889 0.866039 0.717246 0.903283 0.916076 0.920627 0.816735 0.873299 0.822295 0.873014 0.755828 0.736576 0.780277 0.870942 0.974497
0.689273 0.590461 0.972695 0.790231 0.639903 0.948921 0.847951 0.540376 0.961494 0.702550 0.877239 0.478244 0.573152 0.379727 0.461159 0.000000 0.651077 0.632709 0.558067 0.573003 0.969697 0.970580 0.430851 0.451009 0.970640 0.825317 0.927371 0.824629 0.617373 0.605347 0.876125 0.691021 0.778552 0.837237 0.923243 0.825082 0.950630 0.899628 0.880170 0.992431 0.918746 0.964489 0.811003 0.787650 0.721870 0.643911 0.657455 0.732664 0.542988 0.599575 0.705399 0.702459 0.772004 0.967980 0.726050 0.921435 0.684207 0.678452 0.992729 0.978088 0.977698 0.602865 0.835236 0.780535 0.997224 0.917698 0.898536 0.906758 0.853536 0.728714 0.929051 0.978191 0.882175 0.872346 0.764030 0.942519 0.780730 0.952688 0.919666 0.786009 0.681428 0.668916 0.568751 0.747117 0.510631 0.631634 0.726086 0.566371 0.950606 0.754694 0.820742 0.818508 0.854462 0.649543 0.883885 0.897073 0.989923 0.847377 0.946371 0.812828 0.993339 0.742137 0.867877 0.930474 0.904405 0.993634 0.927839 0.757191 0.837517 0.993197 0.938095 0.825697 0.762897 0.880736 0.974037 0.859091
0.485248 0.401858 0.838084 0.858016 0.704866 0.895923 0.910354 0.750515 0.993449 0.634899 0.720657 0.505661 0.626760 0.577763 0.546157 0.651077 0.000000 0.343967 0.412510 0.428984 0.910948 0.991226 0.594816 0.847335 0.804467 0.583644 0.907574 0.992429 0.395066 0.374311 0.827752 0.744712 0.662407 0.663744 0.863492 0.837815 0.789052 0.884526 0.991198 0.845071 0.833704 0.934354 0.914071 0.837516 0.759364 0.661032 0.688440 0.713370 0.480503 0.574407 0.680506 0.801409 0.865394 0.888097 0.674243 0.887367 0.365941 0.398973 0.837587 0.796960 0.933323 0.814644 0.557682 0.459077 0.729955 0.666327 0.719345 0.737599 0.618075 0.437318 0.990491 0.834091 0.986564 0.945606 0.752387 0.979675 0.892814 0.873617 0.566690 0.625276 0.334553 0.419072 0.540604 0.505875 0.531447 0.958516 0.850734 0.673828 0.762040 0.814072 0.675467 0.720187 0.552482 0.557869 0.898007 0.986114 0.911083 0.981863 0.986686 0.871948 0.823172 0.747132 0.977859 0.853595 0.888237 0.987719 0.971899 0.596883 0.957710 0.968514 0.946502 0.921238 0.752973 0.827956 0.846145 0.820861
0.446263 0.326567 0.710558 0.836356 0.742344 0.831064 0.963822 0.820802 0.913481 0.654232 0.736217 0.499265 0.717003 0.542885 0.595772 0.632709 0.343967 0.000000 0.381732 0.402161 0.940768 0.977408 0.607609 0.821034 0.865564 0.571221 0.876716 0.925233 0.432136 0.384195 0.961360 0.818596 0.733999 0.736769 0.684590 0.923833 0.729475 0.849799 0.955073 0.847996 0.845456 0.925337 0.961036 0.847456 0.832614 0.703830 0.673444 0.742774 0.447050 0.579481 0.708901 0.798897 0.844099 0.829288 0.710744 0.852166 0.331089 0.347354 0.871621 0.813653 0.943163 0.907195 0.601832 0.510462 0.694319 0.649617 0.587184 0.646880 0.557922 0.475879 0.864446 0.785141 0.983528 0.924879 0.864050 0.997143 0.908724 0.823452 0.619407 0.516814 0.337713 0.333226 0.437525 0.497510 0.491123 0.873777 0.909619 0.652138 0.791492 0.796122 0.590550 0.637137 0.500999 0.466294 0.901049 0.971076 0.842279 0.951607 0.920598 0.999767 0.628096 0.680033 0.882185 0.991023 0.845198 0.952658 0.966088 0.612998 0.940042 0.990038 0.908670 0.965712 0.734979 0.860745 0.947722 0.896535
0.381353 0.437426 0.962757 0.956235 0.705195 0.885744 0.777123 0.612350 0.963107 0.547228 0.689480 0.460744 0.488412 0.426561 0.470709 0.558067 0.412510 0.381732 0.000000 0.332327 0.970968 0.918261 0.387322 0.779899 0.768997 0.547532 0.997544 0.984150 0.382728 0.376345 0.744298 0.655818 0.529805 0.618895 0.869699 0.963653 0.727086 0.968621 0.990029 0.985495 0.962353 0.936573 0.873743 0.840467 0.760364 0.692743 0.592469 0.717208 0.513913 0.613928 0.652227 0.766112 0.762204 0.959995 0.712086 0.960828 0.337875 0.395427 0.742411 0.789597 0.854099 0.821380 0.498770 0.441092 0.730827 0.661185 0.789439 0.751450 0.468236 0.455516 0.867828 0.977090 0.764341 0.932161 0.883771 0.882872 0.848303 0.966720 0.744155 0.686680 0.435135 0.436314 0.487697 0.638988 0.523932 0.971416 0.878258 0.695519 0.756563 0.764284 0.830548 0.848360 0.696784 0.601103 0.983635 0.938231 0.980193 0.853579 0.806228 0.773596 0.892197 0.821901 0.888744 0.794807 0.983433 0.862758 0.979080 0.688014 0.909762 0.889874 0.894811 0.810598 0.582518 0.776130 0.998228 0.904526
0.399118 0.400932 0.860218 0.932194 0.664829 0.823354 0.963735 0.734959 0.904526 0.681058 0.690562 0.463633 0.533948 0.418869 0.506385 0.573003 0.428984 0.402161 0.332327 0.000000 0.923402 0.955767 0.455978 0.715908 0.772486 0.558877 0.975164 0.933451 0.448354 0.432728 0.876991 0.799055 0.672903 0.786041 0.830817 0.915964 0.796079 0.985136 0.926046 0.921085 0.994938 0.805225 0.908681 0.880121 0.817479 0.745745 0.669632 0.710352 0.523910 0.585562 0.702030 0.810516 0.796535 0.903581 0.677248 0.936973 0.316995 0.379980 0.788907 0.822330 0.959148 0.823402 0.642279 0.551619 0.705808 0.657594 0.703225 0.683191 0.440966 0.493694 0.998179 0.795821 0.868180 0.918206 0.830741 0.946481 0.849199 0.888058 0.774140 0.765868 0.505212 0.453336 0.519507 0.586827 0.534963 0.949688 0.868467 0.688460 0.791497 0.709175 0.716864 0.719729 0.639623 0.526503 0.982349 0.986683 0.980037 0.855949 0.960609 0.892450 0.811607 0.782533 0.992606 0.916876 0.972547 0.944464 0.981730 0.785753 0.989552 0.850925 0.944938 0.893686 0.724987 0.820860 0.995724 0.936004
0.979920 0.919502 0.803216 0.780782 0.932989 0.727910 0.874620 0.914915 0.915672 0.924114 0.985270 0.963363 0.998922 0.951854 0.885653 0.969697 0.910948 0.940768 0.970968 0.923402 0.000000 0.993930 0.988178 0.893366 0.778294 0.724862 0.942012 0.966682 0.878121 0.859160 0.835576 0.887366 0.968589 0.959320 0.832782 0.990687 0.839895 0.984914 0.785110 0.828148 0.811672 0.937494 0.990721 0.957104 0.911421 0.910678 0.923848 0.895874 0.858552 0.729763 0.968259 0.968977 0.989468 0.948145 0.957735 0.987400 0.917385 0.908207 0.943365 0.947097 0.935208 0.927579 0.953093 0.913340 0.886111 0.769434 0.900971 0.872878 0.935290 0.891672 0.804881 0.875363 0.876276 0.839347 0.947484 0.803848 0.834148 0.992645 0.976935 0.925901 0.974010 0.904011 0.986747 0.999555 0.978993 0.862752 0.825728 0.870142 0.862015 0.871498 0.908852 0.894023 0.920129 0.883720 0.832401 0.961546 0.927764 0.815393 0.949447 0.844770 0.997077 0.903474 0.898056 0.932860 0.944057 0.912324 0.778216 0.929276 0.954096 0.844431 0.995989 0.842449 0.978030 0.844576 0.977973 0.897348
0.979528 0.946672 0.807464 0.820971 0.908107 0.944691 0.761295 0.928333 0.922456 0.884792 0.922548 0.993042 0.853722 0.981989 0.915060 0.970580 0.991226 0.977408 0.918261 0.955767 0.993930 0.000000 0.877683 0.969887 0.953106 0.863222 0.841671 0.943788 0.931534 0.816509 0.702702 0.886424 0.724310 0.768774 0.993865 0.806592 0.769951 0.755811 0.955054 0.925301 0.927258 0.874215 0.934127 0.974447 0.907533 0.974518 0.927192 0.895264 0.897343 0.974694 0.786094 0.848622 0.760751 0.765515 0.973982 0.826393 0.998620 0.937288 0.933331 0.977676 0.930883 0.912881 0.847028 0.911989 0.935215 0.927685 0.866447 0.987147 0.880251 0.950984 0.795880 0.885112 0.892374 0.826939 0.909166 0.949651 0.838143 0.757003 0.820985 0.995456 0.887587 0.932668 0.968112 0.973122 0.954778 0.891643 0.906927 0.900247 0.978025 0.989420 0.818311 0.818072 0.889005 0.909542 0.959186 0.977564 0.871751 0.912915 0.846193 0.909223 0.823844 0.890660 0.700993 0.770158 0.899122 0.773504 0.925552 0.851237 0.879006 0.826099 0.773057 0.967750 0.933016 0.897102 0.915886 0.873433
0.573364 0.690983 0.834717 0.829384 0.617139 0.965831 0.642465 0.584668 0.847736 0.493227 0.758189 0.564013 0.491230 0.483820 0.423199 0.430851 0.594816 0.607609 0.387322 0.455978 0.988178 0.877683 0.000000 0.576735 0.844342 0.739818 0.935486 0.980050 0.523581 0.488793 0.619604 0.584754 0.504605 0.656501 0.916135 0.972876 0.876991 0.963112 0.951883 0.819796 0.922034 0.897137 0.950149 0.943161 0.761690 0.766093 0.735491 0.810454 0.653736 0.680323 0.708432 0.747486 0.698797 0.923576 0.837495 0.822904 0.594257 0.636110 0.867566 0.944684 0.882488 0.808862 0.664957 0.617760 0.842320 0.791578 0.948360 0.824510 0.584207 0.612649 0.650001 0.878543 0.615211 0.767398 0.814694 0.936538 0.783152 0.912036 0.829952 0.777126 0.588684 0.584256 0.634573 0.738881 0.588490 0.938554 0.803653 0.688874 0.839505 0.839706 0.983732 0.996028 0.947943 0.729022 0.848300 0.906414 0.860544 0.914539 0.821370 0.809315 0.935819 0.944111 0.977411 0.737220 0.904558 0.830194 0.984237 0.862195 0.937945 0.913290 0.856623 0.913354 0.636173 0.860991 0.894457 0.885397
0.940078 0.843019 0.879282 0.590058 0.637062 0.984409 0.990654 0.783835 0.784693 0.929847 0.907368 0.796253 0.867528 0.555952 0.768765 0.451009 0.847335 0.821034 0.779899 0.715908 0.893366 0.969887 0.576735 0.000000 0.626381 0.872497 0.773807 0.885170 0.936929 0.854645 0.955026 0.774413 0.958242 0.981022 0.893707 0.920683 0.992797 0.852596 0.737236 0.867726 0.809351 0.766379 0.852077 0.882810 0.848097 0.804600 0.767815 0.866591 0.823737 0.811433 0.880510 0.885801 0.833169 0.940370 0.791223 0.972760 0.808638 0.889221 0.740381 0.788742 0.801892 0.882874 0.871275 0.864274 0.777529 0.757839 0.996106 0.982700 0.987859 0.986788 0.913749 0.943818 0.954146 0.909718 0.943820 0.972642 0.843325 0.948859 0.953700 0.918714 0.890020 0.745512 0.686556 0.679678 0.571123 0.472394 0.771672 0.516565 0.963132 0.819182 0.872563 0.747068 0.944177 0.745726 0.915362 0.893966 0.980055 0.977683 0.890390 0.988798 0.829614 0.794928 0.717611 0.779738 0.939670 0.978818 0.854818 0.875945 0.948143 0.940888 0.947022 0.958922 0.864546 0.985310 0.839671 0.925398
0.711586 0.854601 0.856101 0.589231 0.911443 0.918104 0.814206 0.924218 0.778140 0.555287 0.721090 0.786991 0.750019 0.968289 0.837581 0.970640 0.804467 0.865564 0.768997 0.772486 0.778294 0.953106 0.844342 0.626381 0.000000 0.494877 0.769863 0.889138 0.570277 0.695774 0.894958 0.969289 0.768580 0.840784 0.747696 0.927828 0.890921 0.975016 0.721574 0.714994 0.857644 0.742659 0.806451 0.858771 0.993529 0.970801 0.800281 0.881382 0.815613 0.930977 0.959229 0.895594 0.824832 0.837754 0.859641 0.805524 0.849278 0.697462 0.555134 0.687983 0.688755 0.898048 0.668133 0.559366 0.518580 0.503984 0.882635 0.818375 0.626652 0.588561 0.939948 0.952306 0.921502 0.988958 0.927586 0.934354 0.966517 0.953824 0.820226 0.924117 0.891816 0.964682 0.918732 0.990712 0.791475 0.415112 0.902099 0.800833 0.846158 0.977923 0.952410 0.794318 0.880312 0.976448 0.904841 0.962292 0.993784 0.877420 0.807914 0.884969 0.871488 0.842173 0.802441 0.675007 0.966762 0.925045 0.859085 0.935673 0.907241 0.939783 0.942515 0.939043 0.995696 0.977090 0.908899 0.923550
0.523696 0.548829 0.603580 0.454466 0.787660 0.730045 0.870446 0.951428 0.978828 0.690813 0.811098 0.659275 0.761527 0.823634 0.701414 0.825317 0.583644 0.571221 0.547532 0.558877 0.724862 0.863222 0.739818 0.872497 0.494877 0.000000 0.976406 0.939403 0.514392 0.578445 0.852294 0.907638 0.930866 0.976715 0.555585 0.767167 0.909943 0.920915 0.808028 0.850035 0.827361 0.877446 0.750886 0.840065 0.900411 0.977870 0.898590 0.927486 0.657346 0.827804 0.927955 0.864653 0.818086 0.638881 0.958206 0.921728 0.518964 0.450510 0.737394 0.792218 0.974675 0.922273 0.758297 0.556084 0.449594 0.425252 0.516021 0.489206 0.557194 0.547976 0.827673 0.807235 0.901165 0.854310 0.951473 0.982303 0.851418 0.716043 0.847317 0.972247 0.661892 0.714902 0.763351 0.808461 0.883796 0.701187 0.918632 0.942657 0.842649 0.952819 0.608931 0.843323 0.581790 0.653985 0.688942 0.989712 0.835841 0.986775 0.966401 0.908177 0.850326 0.765554 0.908773 0.915876 0.724675 0.856854 0.821040 0.776146 0.915859 0.945101 0.813004 0.926088 0.991460 0.998899 0.842408 0.940725
0.924713 0.888372 0.855390 0.930269 0.712927 0.913915 0.797645 0.960629 0.934427 0.835938 0.992034 0.914186 0.944080 0.927272 0.887707 0.927371 0.907574 0.876716 0.997544 0.975164 0.942012 0.841671 0.935486 0.773807 0.769863 0.976406 0.000000 0.819522 0.902708 0.896033 0.790915 0.803881 0.847315 0.775872 0.889555 0.918539 0.889772 0.940294 0.894855 0.860290 0.989455 0.930616 0.894770 0.828987 0.874532 0.932046 0.967536 0.888887 0.871501 0.907400 0.930022 0.953799 0.939259 0.808635 0.983589 0.992036 0.862555 0.945207 0.868765 0.914030 0.759501 0.919766 0.818793 0.866130 0.886891 0.887842 0.857935 0.807872 0.987014 0.996522 0.879127 0.847472 0.899730 0.869181 0.993966 0.930605 0.965041 0.759821 0.860728 0.962815 0.964180 0.851699 0.805534 0.864877 0.763935 0.696372 0.863233 0.790849 0.943405 0.906186 0.994379 0.916112 0.989984 0.977077 0.873632 0.854773 0.904551 0.903021 0.869290 0.874624 0.908407 0.895916 0.675464 0.824743 0.941607 0.885410 0.875061 0.894686 0.706625 0.968481 0.909952 0.900944 0.955709 0.730796 0.944466 0.993536
0.949317 0.817603 0.917703 0.943902 0.866053 0.885433 0.898774 0.838543 0.975954 0.978247 0.972848 0.783983 0.933001 0.818145 0.967931 0.824629 0.992429 0.925233 0.984150 0.933451 0.966682 0.943788 0.980050 0.885170 0.889138 0.939403 0.819522 0.000000 0.978849 0.977802 0.894520 0.910455 0.865034 0.908841 0.986939 0.848088 0.991764 0.976815 0.920710 0.989915 0.963947 0.844416 0.877075 0.884137 0.949445 0.938944 0.933805 0.936305 0.838481 0.896897 0.936437 0.898169 0.986655 0.993034 0.978303 0.993129 0.975495 0.977440 0.993663 0.948410 0.955085 0.907764 0.990351 0.935802 0.980879 0.913953 0.951406 0.883942 0.915015 0.985895 0.902704 0.903486 0.996351 0.973554 0.924715 0.969135 0.814587 0.853715 0.964757 0.996917 0.998109 0.949520 0.968175 0.845178 0.958604 0.842766 0.899662 0.981112 0.936657 0.983141 0.954464 0.936644 0.980605 0.955417 0.949404 0.911610 0.994078 0.859476 0.994005 0.851711 0.948905 0.943094 0.916021 0.797645 0.885598 0.823488 0.915899 0.907188 0.956074 0.959172 0.912288 0.783082 0.969054 0.990131 0.916040 0.989681
0.477374 0.424021 0.818262 0.823017 0.792351 0.811711 0.797119 0.632939 0.965604 0.492170 0.729103 0.480109 0.563591 0.541015 0.572183 0.617373 0.395066 0.432136 0.382728 0.448354 0.878121 0.931534 0.523581 0.936929 0.570277 0.514392 0.902708 0.978849 0.000000 0.313630 0.704631 0.686599 0.548092 0.543954 0.793607 0.929198 0.743220 0.858057 0.916450 0.974398 0.927622 0.913715 0.900707 0.771309 0.717658 0.638577 0.720902 0.722647 0.464538 0.582105 0.664586 0.749470 0.840699 0.941351 0.740704 0.895786 0.438758 0.387496 0.675756 0.714893 0.823620 0.771895 0.474317 0.371443 0.593669 0.580061 0.739036 0.799861 0.577680 0.377813 0.985602 0.861957 0.879310 0.911139 0.886396 0.976092 0.881249 0.972819 0.590662 0.704531 0.421774 0.504068 0.562067 0.610729 0.660020 0.883536 0.959412 0.729775 0.822779 0.868607 0.732883 0.811482 0.585390 0.526178 0.964312 0.943081 0.897730 0.894867 0.840902 0.813846 0.893103 0.930404 0.889773 0.794779 0.927013 0.977905 0.990929 0.759170 0.836796 0.968028 0.987924 0.853479 0.647904 0.810647 0.972339 0.761431
0.582459 0.469866 0.884990 0.905749 0.794322 0.864045 0.790170 0.672588 0.984410 0.498686 0.806421 0.583829 0.633271 0.536520 0.521297 0.605347 0.374311 0.384195 0.376345 0.432728 0.859160 0.816509 0.488793 0.854645 0.695774 0.578445 0.896033 0.977802 0.313630 0.000000 0.658270 0.593542 0.537401 0.506161 0.754903 0.980184 0.806887 0.916505 0.950962 0.943314 0.943354 0.889298 0.861826 0.750068 0.669784 0.637959 0.700978 0.718274 0.516766 0.591141 0.612378 0.717159 0.750082 0.926535 0.765648 0.990252 0.477004 0.471085 0.887189 0.889635 0.921696 0.930511 0.522594 0.441178 0.562973 0.567490 0.719441 0.770378 0.669807 0.450357 0.958597 0.879572 0.830607 0.896888 0.833373 0.941828 0.857568 0.923168 0.475919 0.591880 0.381349 0.478046 0.531972 0.590962 0.702948 0.914549 0.958429 0.731035 0.904569 0.995245 0.675278 0.803214 0.541560 0.505469 0.957211 0.965006 0.918779 0.883505 0.918091 0.892405 0.879892 0.885287 0.922144 0.778190 0.904692 0.948398 0.961261 0.776576 0.908346 0.872289 0.996770 0.898700 0.592254 0.737592 0.998676 0.820989
0.967680 0.902658 0.582655 0.690082 0.983583 0.793499 0.373390 0.539049 0.814576 0.606204 0.920377 0.992329 0.712063 0.810942 0.722522 0.876125 0.827752 0.961360 0.744298 0.876991 0.835576 0.702702 0.619604 0.955026 0.894958 0.852294 0.790915 0.894520 0.704631 0.658270 0.000000 0.410000 0.411126 0.362296 0.779206 0.763104 0.956075 0.902855 0.969241 0.930400 0.883749 0.959896 0.638052 0.686477 0.582155 0.688054 0.710641 0.739344 0.944284 0.856441 0.548351 0.558576 0.545164 0.477244 0.897788 0.879784 0.961961 0.954922 0.864444 0.915544 0.702825 0.935456 0.561541 0.712645 0.921422 0.935209 0.696858 0.723868 0.972160 0.888169 0.451982 0.604546 0.457497 0.522888 0.892335 0.854080 0.743761 0.550898 0.696928 0.787386 0.789014 0.933392 0.958670 0.991205 0.954458 0.855563 0.859036 0.937196 0.925223 0.843385 0.663290 0.751925 0.830373 0.959983 0.692719 0.957716 0.740655 0.826592 0.565612 0.632095 0.702257 0.597680 0.570791 0.547394 0.744289 0.663863 0.938469 0.886055 0.981816 0.881924 0.687722 0.793804 0.603874 0.744539 0.808393 0.893336
0.921317 0.912397 0.565448 0.614708 0.933676 0.744671 0.463905 0.475492 0.902707 0.637485 0.920178 0.869479 0.697802 0.608293 0.685480 0.691021 0.744712 0.818596 0.655818 0.799055 0.887366 0.886424 0.584754 0.774413 0.969289 0.907638 0.803881 0.910455 0.686599 0.593542 0.410000 0.000000 0.459083 0.396615 0.795371 0.770477 0.905318 0.990529 0.956143 0.969969 0.884162 0.980665 0.581656 0.564101 0.534375 0.597661 0.545547 0.635132 0.839029 0.766085 0.534216 0.562977 0.528445 0.582590 0.768616 0.974142 0.891772 0.930967 0.987328 0.961545 0.757587 0.894944 0.595524 0.687972 0.987411 0.965746 0.752535 0.714621 0.964617 0.828681 0.595579 0.754399 0.607421 0.628520 0.810509 0.880662 0.796720 0.555360 0.680436 0.720754 0.644887 0.764746 0.800397 0.855504 0.831292 0.900943 0.950046 0.762532 0.965662 0.959110 0.873308 0.962270 0.977570 0.848246 0.740374 0.867687 0.848912 0.900931 0.712536 0.633223 0.858842 0.766214 0.707202 0.675298 0.791663 0.663974 0.799065 0.937898 0.964452 0.823424 0.777629 0.726285 0.510417 0.780097 0.771385 0.787606
0.676431 0.846400 0.596147 0.823218 0.843772 0.809059 0.382477 0.485964 0.775027 0.477762 0.678304 0.733534 0.521644 0.660953 0.613510 0.778552 0.662407 0.733999 0.529805 0.672903 0.968589 0.724310 0.504605 0.958242 0.768580 0.930866 0.847315 0.865034 0.548092 0.537401 0.411126 0.459083 0.000000 0.334380 0.852483 0.786406 0.809183 0.850035 0.979169 0.927686 0.946542 0.902232 0.715530 0.692983 0.552193 0.595703 0.606794 0.647771 0.765040 0.695520 0.505984 0.598797 0.551851 0.687569 0.737735 0.981358 0.760930 0.771046 0.673502 0.771665 0.589851 0.830721 0.416917 0.464461 0.930621 0.843377 0.709215 0.778969 0.765879 0.615812 0.579513 0.737520 0.575213 0.656334 0.765971 0.930657 0.668692 0.680154 0.704751 0.798600 0.597067 0.750293 0.877334 0.856464 0.815120 0.851429 0.962925 0.890826 0.774458 0.900423 0.801367 0.813500 0.953639 0.913810 0.757629 0.942608 0.742596 0.782981 0.535973 0.576409 0.791919 0.706813 0.590841 0.518178 0.707045 0.621210 0.988633 0.992096 0.986995 0.797436 0.710860 0.699088 0.464157 0.743736 0.789010 0.853874
0.812855 0.837347 0.667857 0.806972 0.959791 0.830054 0.420911 0.474111 0.857986 0.555314 0.852260 0.802416 0.663151 0.671959 0.664788 0.837237 0.663744 0.736769 0.618895 0.786041 0.959320 0.768774 0.656501 0.981022 0.840784 0.976715 0.775872 0.908841 0.543954 0.506161 0.362296 0.396615 0.334380 0.000000 0.866127 0.717541 0.814689 0.923011 0.980715 0.940934 0.929965 0.994617 0.595986 0.570076 0.489513 0.518448 0.563289 0.560884 0.746709 0.675583 0.478633 0.537591 0.572065 0.623236 0.725440 0.861807 0.804698 0.792097 0.758026 0.761977 0.622885 0.870809 0.426979 0.504006 0.957905 0.912988 0.740417 0.676997 0.911040 0.690123 0.676050 0.817418 0.664558 0.655640 0.823201 0.877525 0.755939 0.638873 0.617030 0.732943 0.576932 0.741877 0.800870 0.801031 0.841265 0.923837 0.897142 0.779262 0.884767 0.993973 0.877516 0.954603 0.937807 0.822508 0.765245 0.986213 0.898300 0.809374 0.610622 0.624333 0.795865 0.758618 0.605601 0.604752 0.788620 0.673739 0.875122 0.938796 0.951793 0.836144 0.804192 0.714298 0.459462 0.686247 0.697217 0.809879
0.858904 0.718642 0.561076 0.624535 0.946386 0.767036 0.692101 0.760755 0.915405 0.781759 0.903032 0.898156 0.954140 0.994532 0.936670 0.923243 0.863492 0.684590 0.869699 0.830817 0.832782 0.993865 0.916135 0.893707 0.747696 0.555585 0.889555 0.986939 0.793607 0.754903 0.779206 0.795371 0.852483 0.866127 0.000000 0.904350 0.983435 0.836882 0.916957 0.828440 0.919657 0.816255 0.706283 0.802325 0.800621 0.853099 0.793471 0.824739 0.757263 0.919225 0.871195 0.896505 0.826455 0.733885 0.823368 0.954677 0.832749 0.764772 0.961646 0.946800 0.762108 0.893836 0.954770 0.876170 0.568915 0.588242 0.416371 0.446319 0.859880 0.795215 0.748974 0.761567 0.850854 0.930433 0.948185 0.973194 0.798131 0.820630 0.892206 0.796002 0.828108 0.789409 0.793722 0.891207 0.994199 0.837437 0.949343 0.888793 0.945319 0.886498 0.612071 0.805217 0.654517 0.740417 0.653407 0.843783 0.709155 0.836962 0.754802 0.697352 0.658880 0.722668 0.781400 0.839149 0.594655 0.690274 0.895501 0.848934 0.999069 0.989450 0.796487 0.759498 0.907168 0.855155 0.769194 0.916019
0.903153 0.872719 0.781364 0.795817 0.812257 0.869723 0.807647 0.960095 0.939584 0.966065 0.947078 0.824115 0.961316 0.996423 0.932145 0.825082 0.837815 0.923833 0.963653 0.915964 0.990687 0.806592 0.972876 0.920683 0.927828 0.767167 0.918539 0.848088 0.929198 0.980184 0.763104 0.770477 0.786406 0.717541 0.904350 0.000000 0.952964 0.755980 0.858925 0.916158 0.928409 0.947970 0.818715 0.852881 0.849194 0.913300 0.887517 0.945910 0.904447 0.945142 0.878386 0.881844 0.732720 0.721464 0.946016 0.997323 0.929426 0.921087 0.928557 0.923023 0.946448 0.866712 0.940107 0.992278 0.889620 0.945374 0.777958 0.773636 0.952300 0.917237 0.893860 0.956738 0.982639 0.809565 0.951786 0.864141 0.888561 0.629113 0.942419 0.963715 0.980186 0.977563 0.956240 0.920822 0.917427 0.930353 0.909859 0.932284 0.773616 0.946007 0.845040 0.951500 0.875785 0.886867 0.950322 0.971165 0.815894 0.890886 0.842115 0.856395 0.908441 0.731117 0.788367 0.827301 0.802846 0.837543 0.752559 0.912457 0.902653 0.939483 0.911627 0.960095 0.720336 0.843337 0.851067 0.974507
0.750494 0.766518 0.982142 0.999090 0.890585 0.910153 0.926223 0.925344 0.826216 0.932338 0.791308 0.761272 0.773585 0.855376 0.794211 0.950630 0.789052 0.729475 0.727086 0.796079 0.839895 0.769951 0.876991 0.992797 0.890921 0.909943 0.889772 0.991764 0.743220 0.806887 0.956075 0.905318 0.809183 0.814689 0.983435 0.952964 0.000000 0.805272 0.985747 0.859039 0.868843 0.959343 0.933290 0.834479 0.958784 0.873514 0.815181 0.743663 0.896444 0.860176 0.807131 0.814565 0.817788 0.922631 0.854135 0.975333 0.727428 0.810548 0.839776 0.890147 0.919043 0.869526 0.805873 0.795328 0.943077 0.905174 0.981738 0.949567 0.675558 0.694072 0.989208 0.935047 0.978473 0.917181 0.997439 0.873543 0.878918 0.936575 0.871910 0.999551 0.839742 0.782926 0.952041 0.972447 0.771005 0.992221 0.847276 0.913184 0.717899 0.781507 0.961959 0.940771 0.956083 0.962743 0.860501 0.909013 0.969181 0.921623 0.837830 0.796521 0.949389 0.948778 0.735089 0.779417 0.980399 0.792807 0.847110 0.958196 0.817788 0.762516 0.758192 0.652521 0.862972 0.816990 0.749053 0.947163
0.945555 0.882948 0.785911 0.919874 0.961836 0.924531 0.831355 0.948819 0.743953 0.945656 0.953016 0.971197 0.877777 0.976113 0.861949 0.899628 0.884526 0.849799 0.968621 0.985136 0.984914 0.755811 0.963112 0.852596 0.975016 0.920915 0.940294 0.976815 0.858057 0.916505 0.902855 0.990529 0.850035 0.923011 0.836882 0.755980 0.805272 0.000000 0.973703 0.949248 0.980152 0.702171 0.923861 0.976347 0.969392 0.988730 0.994376 0.860867 0.840734 0.981855 0.885808 0.903584 0.821249 0.788379 0.999172 0.849257 0.946502 0.826073 0.966406 0.905187 0.843316 0.914612 0.906695 0.979195 0.869210 0.934564 0.823212 0.910595 0.867903 0.955337 0.833158 0.895450 0.792168 0.794420 0.941709 0.873599 0.940203 0.784287 0.861772 0.829787 0.924015 0.893320 0.730010 0.732127 0.991556 0.878660 0.950267 0.763639 0.877120 0.964167 0.773045 0.746844 0.794735 0.696841 0.886533 0.861220 0.825526 0.838739 0.815210 0.820629 0.732961 0.888178 0.703179 0.743676 0.965358 0.923690 0.991139 0.831189 0.943374 0.840479 0.820902 0.815848 0.861558 0.753631 0.733453 0.912794
