0.000000 0.224994 0.759677 0.475202 0.780476 0.514128 0.577776 0.451332 0.739686 0.636006 0.325284 0.301727 0.340999 0.441415 0.555286 0.357918 0.275667 0.328912 0.350248 0.322764 0.738309 0.949116 0.673978 0.695864 0.907550 0.994972 0.996267 0.967601 0.437371 0.444766 0.843521 0.883695 0.423175 0.424197 0.873927 0.690197 0.677680 0.731989 0.807010 0.644485 0.725740 0.792545 0.622396 0.630120 0.647348 0.579484 0.358000 0.324016 0.410267 0.429895 0.634923 0.562479 0.888364 0.793743 0.479843 0.433795 0.263329 0.225989 0.278752 0.321201 0.304508 0.389523 0.350271 0.316910 0.620909 0.405897 0.704053 0.751884 0.416619 0.465151 0.687745 0.728907 0.671565 0.635968 0.692211 0.732749 0.579858 0.680419 0.439362 0.483614 0.241908 0.276719 0.610911 0.376276 0.489799 0.561239 0.977527 0.879298 0.618438 0.498413 0.764080 0.909944 0.741409 0.987884 0.658161 0.706148 0.685145 0.730223 0.469822 0.551267 0.848791 0.857958 0.681559 0.691565 0.567686 0.580784 0.973684 0.950661 0.746227 0.907157 0.891779 0.483859 0.660174 0.880406 0.697730 0.969705
0.224994 0.000000 0.691413 0.416362 0.845707 0.525529 0.515815 0.428849 0.629300 0.625673 0.319787 0.305429 0.360385 0.413457 0.542733 0.277042 0.260167 0.294243 0.349118 0.279487 0.686390 0.902959 0.625863 0.608562 0.880294 0.918853 0.968241 0.879407 0.349028 0.387072 0.703245 0.695478 0.340978 0.355290 0.952617 0.689193 0.596786 0.700640 0.779939 0.623137 0.762025 0.711934 0.491193 0.485550 0.568071 0.503107 0.365842 0.331219 0.356914 0.381237 0.480961 0.461368 0.755967 0.904245 0.530635 0.450583 0.214312 0.184216 0.326296 0.368913 0.290540 0.405677 0.352790 0.321240 0.567962 0.421901 0.656077 0.660836 0.445163 0.439478 0.582778 0.612906 0.592908 0.540582 0.675403 0.772979 0.531031 0.608019 0.409526 0.409372 0.281376 0.333168 0.560762 0.409645 0.528927 0.541227 0.892849 0.909173 0.648360 0.532729 0.740920 0.831849 0.709396 0.981807 0.616778 0.698765 0.736545 0.750208 0.468124 0.501079 0.867869 0.919666 0.665810 0.703255 0.584325 0.559358 0.983888 0.925511 0.750854 0.962882 0.885284 0.473014 0.664977 0.817841 0.712407 0.984757
0.759677 0.691413 0.000000 0.372286 0.936302 0.821116 0.558590 0.736470 0.759602 0.983166 0.835960 0.892495 0.710242 0.850563 0.773239 0.670167 0.916015 0.865238 0.607149 0.755958 0.628998 0.863175 0.662602 0.721538 0.434915 0.407005 0.966512 0.936946 0.825935 0.883911 0.583471 0.610037 0.570581 0.670645 0.858934 0.882899 0.541563 0.598992 0.522505 0.685409 0.766788 0.731248 0.679735 0.716234 0.877693 0.828331 0.581822 0.766493 0.891483 0.775507 0.696584 0.761380 0.943079 0.895892 0.735594 0.880550 0.771927 0.700803 0.720157 0.626944 0.610287 0.812745 0.974779 0.978193 0.414259 0.493379 0.659391 0.594935 0.598272 0.597961 0.719745 0.650721 0.669660 0.566339 0.939747 0.841861 0.654145 0.760353 0.573915 0.749003 0.850845 0.796740 0.890328 0.848778 0.720069 0.710259 0.849193 0.862177 0.905515 0.818170 0.690997 0.599257 0.628745 0.729126 0.848680 0.895028 0.723262 0.829708 0.865179 0.804088 0.987192 0.848919 0.941977 0.980646 0.678850 0.756065 0.935293 0.739058 0.895234 0.880945 0.993350 0.865119 0.779447 0.888300 0.745225 0.894622
0.475202 0.416362 0.372286 0.000000 0.904363 0.622031 0.514881 0.443920 0.659828 0.771118 0.477856 0.485406 0.481914 0.458560 0.624354 0.460259 0.623649 0.539975 0.448003 0.472569 0.588160 0.945145 0.611322 0.594824 0.656219 0.548863 0.943721 0.864623 0.545089 0.576078 0.655754 0.665925 0.438450 0.498362 0.843867 0.782113 0.548090 0.588810 0.561299 0.672083 0.797592 0.799511 0.636496 0.638569 0.760204 0.698960 0.453792 0.602055 0.646022 0.543869 0.592702 0.591399 0.834029 0.897711 0.594207 0.676852 0.566787 0.423463 0.549603 0.464019 0.409999 0.499138 0.618902 0.589431 0.430024 0.302296 0.667246 0.620061 0.462286 0.331341 0.645213 0.660066 0.747959 0.606874 0.795710 0.734062 0.651779 0.720737 0.386909 0.577494 0.586232 0.490520 0.744265 0.606171 0.577926 0.560606 0.850859 0.945285 0.742180 0.585090 0.707423 0.719281 0.607721 0.759340 0.672728 0.761756 0.760235 0.836632 0.708779 0.742501 0.876327 0.870267 0.838082 0.900894 0.605622 0.611843 0.880523 0.952136 0.978706 0.924894 0.944314 0.755038 0.778582 0.952474 0.676213 0.781927
0.780476 0.845707 0.936302 0.904363 0.000000 0.970349 0.881385 0.866987 0.950164 0.893711 0.861548 0.799298 0.594612 0.777509 0.593926 0.684455 0.883869 0.845417 0.868503 0.906525 0.987753 0.751873 0.621509 0.626046 0.863329 0.858936 0.673359 0.944015 0.888177 0.807833 0.938740 0.886726 0.804342 0.966181 0.996943 0.992071 0.916422 0.990809 0.959045 0.912325 0.942618 0.886796 0.899988 0.887244 0.831086 0.775354 0.738861 0.775373 0.637387 0.728244 0.815049 0.742457 0.803117 0.913572 0.746812 0.751675 0.861949 0.757971 0.818703 0.759724 0.694454 0.780895 0.715190 0.725307 0.724109 0.823397 0.980987 0.953545 0.861700 0.817357 0.772764 0.769450 0.784988 0.922726 0.834922 0.915705 0.922787 0.869434 0.987657 0.731346 0.739127 0.778090 0.739829 0.713333 0.598532 0.656345 0.655107 0.799581 0.614577 0.624809 0.955342 0.789087 0.849791 0.830020 0.991908 0.988571 0.956667 0.911816 0.899619 0.826992 0.869702 0.907562 0.954276 0.970294 0.943292 0.895436 0.842206 0.991829 0.925139 0.964778 0.891073 0.869747 0.705128 0.994121 0.956852 0.862580
0.514128 0.525529 0.821116 0.622031 0.970349 0.000000 0.605746 0.552552 0.713302 0.745860 0.603491 0.568555 0.798614 0.734879 0.931614 0.575117 0.573464 0.589712 0.585487 0.675946 0.743655 0.909698 0.956006 0.904844 0.994717 0.914205 0.801288 0.999415 0.706626 0.637544 0.723228 0.701826 0.542159 0.563204 0.971890 0.735331 0.722800 0.851958 0.899537 0.667763 0.622660 0.916834 0.594922 0.667619 0.763263 0.731209 0.625160 0.691059 0.691436 0.715243 0.711596 0.692268 0.850207 0.916523 0.725290 0.704730 0.560725 0.629378 0.534359 0.615919 0.607167 0.601157 0.728659 0.615475 0.899684 0.585513 0.776245 0.594560 0.729516 0.835178 0.597800 0.695306 0.587377 0.666637 0.923462 0.888277 0.773910 0.724200 0.653775 0.631380 0.556254 0.584174 0.888931 0.712625 0.825385 0.830653 0.849470 0.770828 0.999483 0.830779 0.741877 0.863377 0.776416 0.955116 0.647743 0.825721 0.871791 0.829928 0.600326 0.775487 0.773392 0.924055 0.763716 0.817231 0.756005 0.916605 0.882408 0.959513 0.936771 0.995662 0.859012 0.729734 0.787608 0.821476 0.820735 0.986299
0.577776 0.515815 0.558590 0.514881 0.881385 0.605746 0.000000 0.341148 0.369379 0.459739 0.493437 0.580267 0.768680 0.763196 0.817905 0.510689 0.476359 0.413176 0.328242 0.514806 0.722640 0.969815 0.657764 0.815738 0.994178 0.878381 0.711418 0.890237 0.404834 0.331216 0.369175 0.420755 0.292364 0.259397 0.827335 0.934020 0.787034 0.735632 0.817329 0.866513 0.801101 0.779092 0.303396 0.355465 0.313253 0.387869 0.571858 0.551859 0.533862 0.625980 0.499776 0.544729 0.563604 0.722539 0.700504 0.760291 0.466056 0.606209 0.546090 0.759005 0.348522 0.628218 0.479386 0.494176 0.796043 0.679162 0.273659 0.317724 0.769368 0.714951 0.469340 0.442445 0.407572 0.357706 0.859581 0.799684 0.496343 0.457383 0.542708 0.569083 0.592640 0.702791 0.712708 0.816253 0.849617 0.909438 0.914718 0.888197 0.971210 0.834321 0.475519 0.599470 0.628321 0.803239 0.627659 0.634377 0.592681 0.608893 0.360321 0.345762 0.691923 0.635832 0.541840 0.700653 0.492725 0.688063 0.791414 0.809589 0.763107 0.851527 0.796645 0.525262 0.422280 0.797558 0.711870 0.911333
0.451332 0.428849 0.736470 0.443920 0.866987 0.552552 0.341148 0.000000 0.427223 0.308599 0.340932 0.284870 0.621042 0.492115 0.871400 0.548226 0.455780 0.403853 0.453029 0.438976 0.857496 0.890487 0.871427 0.922325 0.860112 0.972344 0.694604 0.890667 0.391626 0.351880 0.682267 0.738174 0.445605 0.344371 0.837751 0.803725 0.774636 0.744123 0.873288 0.801702 0.797432 0.879516 0.451543 0.494680 0.393149 0.377816 0.483414 0.459854 0.418188 0.501916 0.460111 0.464125 0.589004 0.813318 0.594055 0.570912 0.510036 0.495028 0.425618 0.534354 0.254816 0.255150 0.370601 0.285420 0.844368 0.473886 0.473581 0.426213 0.729119 0.574892 0.582853 0.616648 0.599678 0.564353 0.746115 0.723446 0.517894 0.639870 0.509460 0.622789 0.485408 0.585186 0.799984 0.709409 0.847032 0.916458 0.924816 0.843519 0.854666 0.634066 0.521143 0.763532 0.621297 0.908642 0.662352 0.699702 0.631983 0.669844 0.390358 0.428375 0.551292 0.792725 0.574000 0.708696 0.508898 0.620092 0.920256 0.974197 0.749715 0.807211 0.799327 0.525901 0.516848 0.832604 0.708258 0.903615
0.739686 0.629300 0.759602 0.659828 0.950164 0.713302 0.369379 0.427223 0.000000 0.394081 0.513734 0.554669 0.899454 0.827456 0.961954 0.673104 0.585393 0.470289 0.563609 0.576370 0.725913 0.965093 0.941507 0.943570 0.832541 0.853826 0.713986 0.841786 0.404206 0.438113 0.464585 0.584460 0.516377 0.390874 0.897991 0.973757 0.775337 0.886465 0.753413 0.855476 0.829656 0.722922 0.450924 0.489692 0.468645 0.577760 0.812962 0.730031 0.707489 0.766339 0.610091 0.690839 0.596304 0.692178 0.952163 0.951771 0.561890 0.721770 0.778305 0.944516 0.538247 0.608150 0.547444 0.534101 0.981974 0.791058 0.487517 0.515661 0.832985 0.747294 0.441480 0.469609 0.482457 0.491221 0.981042 0.787601 0.534030 0.526790 0.613229 0.637481 0.735088 0.898430 0.802556 0.909660 0.877392 0.847161 0.805469 0.823413 0.802755 0.987939 0.428230 0.560693 0.628048 0.663195 0.671547 0.798608 0.757192 0.665641 0.500803 0.462069 0.587774 0.658402 0.621428 0.715812 0.590220 0.840105 0.872961 0.845932 0.862033 0.966402 0.879146 0.601270 0.701029 0.910837 0.815496 0.875497
0.636006 0.625673 0.983166 0.771118 0.893711 0.745860 0.459739 0.308599 0.394081 0.000000 0.465123 0.442012 0.866006 0.742672 0.994248 0.706218 0.481863 0.395952 0.597100 0.508760 0.965030 0.817473 0.955170 0.843617 0.698806 0.820762 0.715942 0.805648 0.393971 0.396370 0.686821 0.790935 0.599571 0.424549 0.798040 0.931761 0.829192 0.840843 0.888426 0.880210 0.891183 0.853650 0.498713 0.544717 0.390802 0.453477 0.752100 0.625857 0.559993 0.752507 0.645033 0.672523 0.638823 0.724637 0.844181 0.790639 0.566651 0.684241 0.670115 0.900341 0.485179 0.470781 0.399953 0.339497 0.859810 0.840668 0.526760 0.574535 0.871710 0.814150 0.532297 0.592363 0.632966 0.610320 0.905068 0.790802 0.599082 0.587171 0.637119 0.703304 0.580345 0.809065 0.878387 0.932897 0.872911 0.785619 0.868382 0.747531 0.983591 0.807964 0.439248 0.686756 0.651350 0.819343 0.804309 0.686694 0.761612 0.690026 0.338380 0.396831 0.497864 0.657581 0.514567 0.600259 0.598474 0.736336 0.908744 0.975645 0.719872 0.876060 0.642980 0.506486 0.542577 0.906545 0.815685 0.900535
0.325284 0.319787 0.835960 0.477856 0.861548 0.603491 0.493437 0.340932 0.513734 0.465123 0.000000 0.247440 0.475008 0.383841 0.650389 0.415262 0.306027 0.269033 0.345264 0.324346 0.752041 0.901568 0.786387 0.739579 0.868697 0.932034 0.912712 0.977705 0.306744 0.303000 0.723441 0.792175 0.436311 0.362874 0.905434 0.665391 0.735630 0.743954 0.794512 0.678458 0.803350 0.831139 0.552555 0.570047 0.582500 0.558279 0.538800 0.506233 0.489922 0.552551 0.585650 0.583731 0.752404 0.944150 0.673061 0.603521 0.337273 0.346173 0.467596 0.549512 0.366259 0.381041 0.328274 0.274904 0.853301 0.502152 0.676812 0.690683 0.630082 0.516148 0.639485 0.632251 0.580941 0.587713 0.765996 0.633596 0.523941 0.655235 0.415626 0.508680 0.379349 0.398070 0.732927 0.521309 0.764007 0.772275 0.998137 0.941033 0.769517 0.598315 0.685094 0.853440 0.764420 0.863956 0.662468 0.734896 0.762558 0.693535 0.471442 0.587780 0.783529 0.792831 0.650389 0.696852 0.607218 0.716153 0.877275 0.894758 0.741076 0.917819 0.927041 0.526290 0.575285 0.985504 0.729450 0.869159
0.301727 0.305429 0.892495 0.485406 0.799298 0.568555 0.580267 0.284870 0.554669 0.442012 0.247440 0.000000 0.388411 0.309786 0.632786 0.382536 0.335850 0.346444 0.489302 0.374636 0.815271 0.925617 0.823408 0.773014 0.857477 0.905332 0.916732 0.988335 0.359867 0.377281 0.884658 0.923544 0.503867 0.448554 0.974685 0.687454 0.737347 0.768154 0.877130 0.689446 0.825672 0.892942 0.615272 0.609546 0.582105 0.502515 0.445423 0.419032 0.377355 0.426201 0.523409 0.479122 0.679714 0.948534 0.527933 0.530705 0.393831 0.307454 0.413023 0.447181 0.294996 0.215402 0.294010 0.215478 0.791762 0.408475 0.744442 0.714105 0.599308 0.476182 0.706314 0.762445 0.718919 0.717052 0.688706 0.713727 0.577813 0.705771 0.485864 0.563053 0.321043 0.364938 0.659019 0.450398 0.678946 0.711852 0.974627 0.923035 0.633394 0.548327 0.673315 0.923782 0.761180 0.988375 0.674750 0.732712 0.792091 0.756016 0.520026 0.589459 0.709208 0.918873 0.702240 0.732239 0.574175 0.641314 0.890848 0.965137 0.725139 0.904167 0.879086 0.536602 0.701244 0.940169 0.761495 0.897876
0.340999 0.360385 0.710242 0.481914 0.594612 0.798614 0.768680 0.621042 0.899454 0.866006 0.475008 0.388411 0.000000 0.329778 0.311845 0.327854 0.536150 0.564414 0.541217 0.516913 0.812943 0.953303 0.454425 0.427934 0.785773 0.973675 0.668677 0.784711 0.579534 0.626848 0.928259 0.931946 0.576495 0.637076 0.962210 0.720292 0.702267 0.815951 0.800695 0.648056 0.904105 0.809363 0.813074 0.816076 0.810679 0.680385 0.379796 0.425389 0.417845 0.434035 0.622399 0.541944 0.857656 0.798836 0.564138 0.512970 0.507859 0.272296 0.427883 0.306093 0.356927 0.424437 0.481949 0.479385 0.388663 0.349984 0.952489 0.949429 0.512727 0.381599 0.986747 0.964586 0.992136 0.887021 0.657037 0.789104 0.712904 0.834415 0.592446 0.533135 0.427719 0.316718 0.490287 0.312098 0.314851 0.347894 0.885522 0.861087 0.438876 0.411880 0.990307 0.902256 0.986747 0.906918 0.804521 0.807217 0.887643 0.862409 0.763467 0.770622 0.912683 0.954363 0.991039 0.958628 0.758767 0.701842 0.880688 0.999479 0.876098 0.939860 0.976815 0.717566 0.825254 0.984885 0.726909 0.875454
0.441415 0.413457 0.850563 0.458560 0.777509 0.734879 0.763196 0.492115 0.827456 0.742672 0.383841 0.309786 0.329778 0.000000 0.457958 0.387860 0.523719 0.484026 0.541245 0.459739 0.881416 0.938157 0.593229 0.506202 0.943823 0.941083 0.857703 0.791952 0.485395 0.490979 0.953509 0.974571 0.586238 0.660040 0.915221 0.622574 0.737239 0.797079 0.904024 0.688913 0.858095 0.995319 0.799548 0.732467 0.757269 0.627557 0.527196 0.551460 0.467043 0.409794 0.565584 0.491042 0.716525 0.988258 0.551146 0.585798 0.560685 0.333760 0.557598 0.462482 0.435386 0.394819 0.453792 0.392023 0.630272 0.405196 0.997306 0.948316 0.655660 0.465650 0.963299 0.930960 0.975737 0.932452 0.760040 0.769561 0.732491 0.917959 0.558229 0.601317 0.496353 0.392916 0.540259 0.397457 0.568925 0.526798 0.932285 0.839806 0.552765 0.427297 0.980329 0.824075 0.984284 0.871275 0.801268 0.839400 0.944104 0.957902 0.790502 0.843200 0.938915 0.914772 0.908838 0.907156 0.780411 0.740815 0.867660 0.819831 0.847606 0.950103 0.953962 0.784824 0.873545 0.970677 0.740124 0.831116
0.555286 0.542733 0.773239 0.624354 0.593926 0.931614 0.817905 0.871400 0.961954 0.994248 0.650389 0.632786 0.311845 0.457958 0.000000 0.330970 0.639740 0.586446 0.560754 0.596174 0.740178 0.967556 0.295921 0.336464 0.742067 0.890926 0.513774 0.719912 0.637185 0.639768 0.922254 0.951266 0.613131 0.747123 0.909549 0.782948 0.773561 0.910645 0.846388 0.768618 0.938398 0.814624 0.875353 0.843116 0.897738 0.849167 0.630555 0.641647 0.637490 0.633803 0.799207 0.738578 0.886685 0.828502 0.685653 0.773350 0.579986 0.415648 0.672515 0.621535 0.578707 0.752909 0.589329 0.650889 0.448333 0.591856 0.961188 0.912884 0.563583 0.566355 0.967865 0.991629 0.925782 0.954306 0.840160 0.829006 0.851338 0.818516 0.752969 0.541370 0.551101 0.449063 0.442254 0.428058 0.373603 0.370873 0.831376 0.733665 0.555720 0.546251 0.923154 0.856216 0.904570 0.882022 0.850609 0.797376 0.979867 0.955668 0.849392 0.824619 0.789137 0.950787 0.981153 0.909579 0.876575 0.889977 0.980482 0.971357 0.877776 0.917183 0.895614 0.826020 0.881013 0.929974 0.840247 0.904250
0.357918 0.277042 0.670167 0.460259 0.684455 0.575117 0.510689 0.548226 0.673104 0.706218 0.415262 0.382536 0.327854 0.387860 0.330970 0.000000 0.365612 0.353127 0.360659 0.373368 0.676759 0.931204 0.405039 0.427490 0.856949 0.879936 0.807194 0.875472 0.443255 0.414296 0.679710 0.698938 0.351527 0.435293 0.970035 0.713831 0.613831 0.684975 0.770041 0.607610 0.751187 0.720836 0.517944 0.509790 0.626111 0.568923 0.450122 0.430805 0.451373 0.486853 0.523281 0.479271 0.700860 0.965731 0.611010 0.649293 0.315899 0.258415 0.476618 0.521535 0.347404 0.496995 0.445173 0.422001 0.505160 0.437791 0.775386 0.749166 0.482175 0.527074 0.680473 0.663729 0.708445 0.594716 0.771965 0.756186 0.630294 0.606143 0.470699 0.391010 0.370259 0.396528 0.443111 0.420464 0.486964 0.486438 0.986826 0.972840 0.624656 0.585081 0.742569 0.902867 0.837495 0.995268 0.646095 0.668613 0.875283 0.823785 0.582648 0.569060 0.942091 0.871099 0.777794 0.795518 0.668036 0.697417 0.950275 0.921319 0.770995 0.964929 0.891210 0.563979 0.657311 0.897674 0.694570 0.935951
0.275667 0.260167 0.916015 0.623649 0.883869 0.573464 0.476359 0.455780 0.585393 0.481863 0.306027 0.335850 0.536150 0.523719 0.639740 0.365612 0.000000 0.184328 0.354313 0.310305 0.743883 0.920109 0.775995 0.770715 0.877862 0.858988 0.908779 0.984099 0.305737 0.277598 0.674612 0.687497 0.395136 0.340473 0.885908 0.698854 0.733442 0.811370 0.986025 0.703342 0.775483 0.750980 0.446518 0.456178 0.502233 0.510522 0.506816 0.394504 0.426029 0.537591 0.598385 0.590505 0.791903 0.947797 0.597218 0.537008 0.194418 0.313324 0.417506 0.625724 0.395180 0.515674 0.271940 0.249880 0.874310 0.672734 0.620316 0.701752 0.576244 0.643850 0.525236 0.560275 0.523108 0.527582 0.726135 0.771480 0.545060 0.578205 0.442346 0.410574 0.268662 0.386481 0.565705 0.524299 0.712185 0.754934 0.915577 0.863966 0.792871 0.650923 0.679537 0.862025 0.788871 0.992333 0.626053 0.602546 0.690385 0.677143 0.377090 0.425040 0.764531 0.754226 0.605986 0.533297 0.578006 0.596720 0.941888 0.940653 0.602290 0.932445 0.751497 0.447915 0.598221 0.818040 0.751684 0.972197
0.328912 0.294243 0.865238 0.539975 0.845417 0.589712 0.413176 0.403853 0.470289 0.395952 0.269033 0.346444 0.564414 0.484026 0.586446 0.353127 0.184328 0.000000 0.291675 0.263982 0.696522 0.989405 0.687402 0.712692 0.883046 0.942817 0.952608 0.996943 0.245852 0.213679 0.607050 0.626258 0.342978 0.291647 0.960423 0.754549 0.735236 0.802618 0.948045 0.732435 0.780529 0.726570 0.426486 0.432293 0.457251 0.498181 0.566783 0.447571 0.459935 0.566963 0.598682 0.596801 0.719983 0.988207 0.674385 0.611785 0.224775 0.326615 0.500284 0.706776 0.394876 0.523582 0.258564 0.248345 0.839538 0.658103 0.595062 0.670647 0.590801 0.598562 0.508167 0.514098 0.553644 0.531045 0.809998 0.727353 0.550794 0.524197 0.439643 0.378880 0.323500 0.437311 0.546968 0.547073 0.723355 0.768012 0.903177 0.949068 0.847480 0.625121 0.616980 0.809024 0.755325 0.916245 0.623767 0.586213 0.716700 0.671519 0.336976 0.394136 0.750845 0.705368 0.587909 0.542206 0.570763 0.641901 0.964696 0.997257 0.677345 0.990991 0.785864 0.439530 0.561412 0.877060 0.702488 0.924280
0.350248 0.349118 0.607149 0.448003 0.868503 0.585487 0.328242 0.453029 0.563609 0.597100 0.345264 0.489302 0.541217 0.541245 0.560754 0.360659 0.354313 0.291675 0.000000 0.350234 0.704962 0.915622 0.534535 0.650507 0.958786 0.909667 0.936960 0.992786 0.360727 0.345185 0.537937 0.536689 0.325918 0.299668 0.888095 0.789071 0.730121 0.729861 0.771708 0.724321 0.765755 0.780837 0.499629 0.536634 0.543919 0.564644 0.507406 0.482682 0.554034 0.612230 0.666455 0.652214 0.792699 0.981762 0.673666 0.681792 0.347539 0.396421 0.458787 0.600667 0.379629 0.631170 0.453056 0.450793 0.696249 0.567095 0.533143 0.620855 0.582150 0.595040 0.560897 0.518353 0.547960 0.466794 0.823260 0.766710 0.520490 0.552544 0.416732 0.476543 0.443627 0.428008 0.661067 0.541411 0.649699 0.714553 0.932781 0.987821 0.854548 0.720154 0.665848 0.796666 0.729518 0.875467 0.629353 0.641118 0.697243 0.816035 0.456080 0.452167 0.876123 0.734745 0.688946 0.727781 0.634100 0.699079 0.964025 0.971920 0.743693 0.929309 0.944653 0.543023 0.541372 0.907189 0.688818 0.923977
0.322764 0.279487 0.755958 0.472569 0.906525 0.675946 0.514806 0.438976 0.576370 0.508760 0.324346 0.374636 0.516913 0.459739 0.596174 0.373368 0.310305 0.263982 0.350234 0.000000 0.734107 0.995541 0.665735 0.737661 0.973354 0.980576 0.916647 0.953041 0.334681 0.370273 0.699768 0.761274 0.440802 0.353154 0.951358 0.711580 0.665266 0.752334 0.788778 0.749470 0.741613 0.804753 0.575739 0.571332 0.605437 0.594857 0.565709 0.486371 0.549095 0.560384 0.669358 0.649766 0.799675 0.953643 0.669652 0.642155 0.298225 0.311045 0.510192 0.597892 0.393800 0.500580 0.377567 0.357801 0.724410 0.565807 0.722049 0.747516 0.552888 0.498188 0.530964 0.552568 0.640685 0.581578 0.852631 0.786544 0.544871 0.639293 0.449944 0.532202 0.452673 0.489652 0.597523 0.596030 0.715837 0.799104 0.942710 0.891459 0.809331 0.601208 0.667398 0.793877 0.701802 0.872917 0.726756 0.646767 0.791703 0.746388 0.465234 0.464156 0.785529 0.846104 0.683104 0.709312 0.605856 0.623923 0.973481 0.987539 0.762460 0.968721 0.917591 0.455121 0.632228 0.923929 0.796093 0.868577
0.738309 0.686390 0.628998 0.588160 0.987753 0.743655 0.722640 0.857496 0.725913 0.965030 0.752041 0.815271 0.812943 0.881416 0.740178 0.676759 0.743883 0.696522 0.704962 0.734107 0.000000 0.896228 0.765505 0.814923 0.814245 0.697198 0.889766 0.787392 0.780283 0.722963 0.624092 0.758599 0.715488 0.719603 0.997580 0.933675 0.645514 0.895123 0.725692 0.710862 0.901446 0.858524 0.725813 0.729394 0.906166 0.955012 0.761746 0.813845 0.907486 0.885733 0.885335 0.905786 0.988944 0.901449 0.834237 0.956361 0.669009 0.684695 0.798422 0.857713 0.779158 0.867484 0.864797 0.849412 0.697389 0.736598 0.762590 0.735718 0.590465 0.636578 0.736979 0.741982 0.676894 0.717601 0.846419 0.866892 0.853709 0.711265 0.721937 0.642149 0.725058 0.709176 0.838535 0.789132 0.784217 0.720703 0.908859 0.932483 0.979947 0.964484 0.853634 0.847594 0.845100 0.839666 0.655014 0.942358 0.825757 0.897515 0.828518 0.823583 0.974291 0.793854 0.916015 0.809074 0.672407 0.839401 0.958932 0.992483 0.776448 0.870625 0.981893 0.878130 0.837304 0.962154 0.819042 0.939254
0.949116 0.902959 0.863175 0.945145 0.751873 0.909698 0.969815 0.890487 0.965093 0.817473 0.901568 0.925617 0.953303 0.938157 0.967556 0.931204 0.920109 0.989405 0.915622 0.995541 0.896228 0.000000 0.960039 0.846430 0.827859 0.812712 0.938235 0.980051 0.975588 0.966789 0.821899 0.697194 0.875830 0.914794 0.863925 0.941361 0.801997 0.881477 0.982371 0.879305 0.959741 0.851794 0.868990 0.906268 0.990771 0.948497 0.991427 0.949431 0.902667 0.993845 0.950996 0.974137 0.998189 0.966820 0.992877 0.930488 0.877128 0.942585 0.995627 0.920930 0.919099 0.814167 0.871935 0.877992 0.952651 0.935037 0.906962 0.962681 0.976121 0.923984 0.771402 0.799730 0.854403 0.850384 0.892207 0.970761 0.915180 0.987697 0.956333 0.822640 0.929944 0.939775 0.943294 0.946812 0.963551 0.912583 0.865923 0.899211 0.981488 0.818894 0.946021 0.839038 0.912841 0.959904 0.921141 0.873600 0.944620 0.953861 0.980045 0.928619 0.913234 0.963649 0.939808 0.789210 0.887815 0.866650 0.954330 0.899700 0.811517 0.855769 0.971028 0.972063 0.985660 0.799812 0.903302 0.943574
0.673978 0.625863 0.662602 0.611322 0.621509 0.956006 0.657764 0.871427 0.941507 0.955170 0.786387 0.823408 0.454425 0.593229 0.295921 0.405039 0.775995 0.687402 0.534535 0.665735 0.765505 0.960039 0.000000 0.311546 0.725606 0.793278 0.592992 0.703479 0.673583 0.678057 0.816299 0.807259 0.518818 0.694187 0.950286 0.982405 0.834864 0.950802 0.788156 0.887827 0.937918 0.835108 0.761292 0.743641 0.719171 0.701642 0.629821 0.631520 0.613869 0.590034 0.715402 0.628637 0.744883 0.996292 0.742748 0.792055 0.687577 0.544912 0.745788 0.689034 0.572588 0.893052 0.685212 0.782986 0.386889 0.673818 0.846621 0.879896 0.705793 0.622959 0.969823 0.949934 0.972987 0.880740 0.822648 0.952146 0.858619 0.771729 0.794086 0.634287 0.713347 0.625226 0.487872 0.557712 0.368072 0.398271 0.928311 0.694929 0.666773 0.618526 0.990635 0.979149 0.970140 0.902582 0.884973 0.785579 0.970983 0.907036 0.811255 0.710275 0.802973 0.985137 0.952006 0.959323 0.800584 0.808738 0.893996 0.896046 0.938565 0.915773 0.906022 0.824266 0.743216 0.995099 0.768501 0.909945
0.695864 0.608562 0.721538 0.594824 0.626046 0.904844 0.815738 0.922325 0.943570 0.843617 0.739579 0.773014 0.427934 0.506202 0.336464 0.427490 0.770715 0.712692 0.650507 0.737661 0.814923 0.846430 0.311546 0.000000 0.712762 0.845645 0.639915 0.759757 0.776572 0.715879 0.950877 0.830521 0.590406 0.794600 0.955139 0.800244 0.784388 0.927818 0.806549 0.822641 0.926179 0.817794 0.802073 0.731393 0.875244 0.791772 0.626845 0.719593 0.664756 0.602669 0.679067 0.625681 0.809021 0.944228 0.740739 0.734811 0.693900 0.514632 0.760300 0.652884 0.668699 0.865641 0.723726 0.785502 0.465370 0.618103 0.993452 0.980234 0.764683 0.663330 0.910696 0.961369 0.965723 0.984852 0.813806 0.906030 0.862354 0.877887 0.759426 0.541382 0.654013 0.531408 0.503202 0.448318 0.400478 0.312107 0.961699 0.663689 0.577385 0.563072 0.850537 0.882816 0.859104 0.824103 0.906982 0.816503 0.985163 0.949430 0.958979 0.893323 0.730597 0.926568 0.993565 0.993741 0.950268 0.894032 0.961171 0.997495 0.919347 0.953511 0.851999 0.874832 0.841822 0.962212 0.809734 0.866599
0.907550 0.880294 0.434915 0.656219 0.863329 0.994717 0.994178 0.860112 0.832541 0.698806 0.868697 0.857477 0.785773 0.943823 0.742067 0.856949 0.877862 0.883046 0.958786 0.973354 0.814245 0.827859 0.725606 0.712762 0.000000 0.428130 0.715345 0.917856 0.884714 0.774944 0.880336 0.864710 0.831090 0.999976 0.965832 0.992953 0.666350 0.784777 0.650105 0.851164 0.793143 0.802819 0.996994 0.965359 0.792977 0.817395 0.800351 0.940562 0.909829 0.958808 0.992683 0.942721 0.739436 0.623286 0.870586 0.962539 0.947574 0.851166 0.936201 0.732473 0.903228 0.934505 0.798371 0.755720 0.413470 0.663362 0.991764 0.960557 0.593465 0.694985 0.921419 0.922198 0.943611 0.844679 0.788242 0.900086 0.950732 0.925770 0.900626 0.880900 0.962001 0.914617 0.973533 0.902265 0.617211 0.622133 0.873364 0.870926 0.842628 0.895597 0.941127 0.736855 0.705549 0.753169 0.994686 0.977403 0.817382 0.975402 0.906835 0.905662 0.802992 0.956688 0.949613 0.940030 0.803646 0.875791 0.954339 0.816531 0.782723 0.920478 0.893291 0.861244 0.982074 0.949796 0.926702 0.994782
0.994972 0.918853 0.407005 0.548863 0.858936 0.914205 0.878381 0.972344 0.853826 0.820762 0.932034 0.905332 0.973675 0.941083 0.890926 0.879936 0.858988 0.942817 0.909667 0.980576 0.697198 0.812712 0.793278 0.845645 0.428130 0.000000 0.883787 0.870437 0.987698 0.857996 0.668184 0.699001 0.771652 0.924662 0.789776 0.961353 0.623192 0.729886 0.527328 0.819554 0.869354 0.751308 0.851660 0.905722 0.904167 0.908746 0.879511 0.998608 0.856793 0.962428 0.871480 0.960363 0.964996 0.867079 0.989143 0.881610 0.983469 0.927001 0.947293 0.899615 0.940917 0.961645 0.810268 0.779188 0.550149 0.683684 0.886342 0.797718 0.669444 0.747833 0.724080 0.715988 0.870108 0.724809 0.964109 0.904466 0.875306 0.895271 0.826541 0.909199 0.926313 0.959504 0.987541 0.949709 0.873522 0.812838 0.745809 0.816430 0.931454 0.975641 0.727558 0.551698 0.583111 0.649982 0.911215 0.935821 0.852448 0.964055 0.944327 0.950531 0.974120 0.950167 0.958058 0.962218 0.787523 0.925234 0.988841 0.769992 0.762521 0.975595 0.817567 0.974269 0.934099 0.967791 0.847657 0.957227
0.996267 0.968241 0.966512 0.943721 0.673359 0.801288 0.711418 0.694604 0.713986 0.715942 0.912712 0.916732 0.668677 0.857703 0.513774 0.807194 0.908779 0.952608 0.936960 0.916647 0.889766 0.938235 0.592992 0.639915 0.715345 0.883787 0.000000 0.619371 0.963959 0.867476 0.817208 0.821252 0.929650 0.758154 0.972302 0.950391 0.982633 0.915384 0.972497 0.899428 0.898525 0.867058 0.804746 0.789651 0.721347 0.762875 0.987934 0.997366 0.970899 0.986516 0.898741 0.951200 0.917313 0.725554 0.982418 0.999605 0.955637 0.874284 0.879778 0.930214 0.916758 0.859538 0.953116 0.900153 0.603995 0.955523 0.629158 0.602046 0.827439 0.774814 0.719177 0.692692 0.622034 0.767389 0.930652 0.984408 0.791924 0.872466 0.984239 0.814174 0.976465 0.835323 0.765600 0.788627 0.575622 0.553229 0.843728 0.711096 0.637227 0.847845 0.725708 0.828038 0.788908 0.949610 0.941899 0.937379 0.764062 0.792762 0.738622 0.773482 0.596669 0.816082 0.691625 0.916935 0.837148 0.950789 0.963399 0.946642 0.837473 0.929511 0.920100 0.835957 0.796076 0.854971 0.991666 0.941488
0.967601 0.879407 0.936946 0.864623 0.944015 0.999415 0.890237 0.890667 0.841786 0.805648 0.977705 0.988335 0.784711 0.791952 0.719912 0.875472 0.984099 0.996943 0.992786 0.953041 0.787392 0.980051 0.703479 0.759757 0.917856 0.870437 0.619371 0.000000 0.967661 0.998919 0.883400 0.912414 0.997061 0.909049 0.899849 0.837773 0.898345 0.750843 0.964928 0.770269 0.832049 0.877700 0.987601 0.967646 0.906187 0.926228 0.891989 0.954943 0.904762 0.857026 0.939424 0.937543 0.993560 0.838617 0.883466 0.759925 0.986497 0.870487 0.985370 0.868656 0.994034 0.948753 0.969885 0.983033 0.723807 0.910330 0.803629 0.936089 0.836104 0.830461 0.914478 0.892624 0.832000 0.903922 0.941913 0.932958 0.981180 0.903075 0.947823 0.891914 0.981843 0.808430 0.827509 0.828885 0.728258 0.645175 0.978092 0.921569 0.766076 0.679468 0.723709 0.903725 0.773839 0.869099 0.959835 0.927851 0.824612 0.800710 0.888384 0.865097 0.686835 0.829707 0.729705 0.954112 0.943041 0.930398 0.888553 0.836041 0.985919 0.941475 0.837065 0.853525 0.805540 0.953972 0.912720 0.943573
0.437371 0.349028 0.825935 0.545089 0.888177 0.706626 0.404834 0.391626 0.404206 0.393971 0.306744 0.359867 0.579534 0.485395 0.637185 0.443255 0.305737 0.245852 0.360727 0.334681 0.780283 0.975588 0.673583 0.776572 0.884714 0.987698 0.963959 0.967661 0.000000 0.263547 0.622754 0.682628 0.384122 0.306730 0.982948 0.792287 0.727864 0.844531 0.916366 0.821677 0.827434 0.743911 0.492362 0.508381 0.430478 0.477129 0.603570 0.527068 0.435615 0.543732 0.565233 0.602889 0.636711 0.842356 0.692259 0.640883 0.351897 0.411656 0.556323 0.705882 0.384564 0.538709 0.274020 0.297971 0.834253 0.679559 0.575313 0.668156 0.690090 0.580752 0.548544 0.560080 0.537641 0.559839 0.783253 0.796209 0.539429 0.548085 0.521874 0.509777 0.438101 0.509330 0.566416 0.592589 0.763754 0.832693 0.938575 0.922952 0.852203 0.690518 0.639552 0.771460 0.718362 0.861872 0.695660 0.627828 0.802840 0.662990 0.401766 0.467306 0.758024 0.772462 0.595855 0.612399 0.607373 0.648577 0.973946 0.966031 0.735885 0.959630 0.899108 0.496165 0.642714 0.906930 0.835148 0.884151
0.444766 0.387072 0.883911 0.576078 0.807833 0.637544 0.331216 0.351880 0.438113 0.396370 0.303000 0.377281 0.626848 0.490979 0.639768 0.414296 0.277598 0.213679 0.345185 0.370273 0.722963 0.966789 0.678057 0.715879 0.774944 0.857996 0.867476 0.998919 0.263547 0.000000 0.560179 0.619408 0.362238 0.331015 0.996662 0.801639 0.779784 0.844800 0.969036 0.778169 0.827042 0.782228 0.399170 0.344235 0.332348 0.371328 0.585851 0.490517 0.399554 0.508532 0.479122 0.486349 0.546355 0.773387 0.594816 0.605793 0.335014 0.431242 0.480105 0.738562 0.366318 0.517840 0.249980 0.246494 0.919615 0.711517 0.490192 0.562561 0.754744 0.652308 0.579808 0.558373 0.541391 0.547514 0.825391 0.720283 0.553922 0.518712 0.492881 0.415654 0.380379 0.486617 0.555668 0.582328 0.790335 0.801786 0.971731 0.958601 0.862405 0.668964 0.668078 0.884561 0.838414 0.985266 0.633228 0.651764 0.687935 0.711871 0.375169 0.396562 0.756690 0.703381 0.558359 0.570829 0.578080 0.673298 0.883242 0.996974 0.723374 0.914501 0.845942 0.509470 0.533266 0.838640 0.714590 0.959429
0.843521 0.703245 0.583471 0.655754 0.938740 0.723228 0.369175 0.682267 0.464585 0.686821 0.723441 0.884658 0.928259 0.953509 0.922254 0.679710 0.674612 0.607050 0.537937 0.699768 0.624092 0.821899 0.816299 0.950877 0.880336 0.668184 0.817208 0.883400 0.622754 0.560179 0.000000 0.314612 0.453549 0.466236 0.860364 0.952701 0.729573 0.615593 0.740854 0.869564 0.769866 0.636826 0.397859 0.397860 0.543925 0.655684 0.858077 0.863626 0.840736 0.861657 0.637169 0.762833 0.698604 0.718102 0.857670 0.949299 0.564019 0.821624 0.836361 0.939275 0.703072 0.937270 0.789915 0.785372 0.896774 0.908461 0.439743 0.475406 0.772917 0.923619 0.385112 0.343724 0.437938 0.356766 0.943571 0.842854 0.602732 0.409994 0.637311 0.614765 0.772976 0.967114 0.904378 0.935004 0.900593 0.949260 0.786548 0.740620 0.771126 0.841526 0.532880 0.481395 0.574079 0.658423 0.676671 0.855391 0.657119 0.823374 0.545359 0.558330 0.779423 0.548815 0.572990 0.752260 0.616830 0.871650 0.771197 0.743283 0.875829 0.925169 0.850873 0.754808 0.625292 0.841821 0.809156 0.942034
0.883695 0.695478 0.610037 0.665925 0.886726 0.701826 0.420755 0.738174 0.584460 0.790935 0.792175 0.923544 0.931946 0.974571 0.951266 0.698938 0.687497 0.626258 0.536689 0.761274 0.758599 0.697194 0.807259 0.830521 0.864710 0.699001 0.821252 0.912414 0.682628 0.619408 0.314612 0.000000 0.514676 0.526054 0.901368 0.981996 0.775451 0.716811 0.830905 0.829089 0.798935 0.775722 0.430351 0.462367 0.602644 0.673366 0.813265 0.851812 0.848833 0.854711 0.639898 0.736093 0.746676 0.794455 0.880973 0.995851 0.626842 0.825249 0.884028 0.964349 0.761998 0.977907 0.829571 0.845399 0.899951 0.921401 0.499573 0.512729 0.840918 0.893174 0.435709 0.470467 0.498393 0.458336 0.864204 0.923229 0.673512 0.544836 0.668087 0.612288 0.851791 0.938166 0.884268 0.996005 0.937001 0.973925 0.704463 0.934187 0.790817 0.899012 0.650512 0.586678 0.662302 0.812673 0.693144 0.821839 0.737858 0.932310 0.664163 0.623690 0.831017 0.643083 0.653224 0.766518 0.635299 0.851438 0.925902 0.859207 0.934703 0.938536 0.823419 0.788103 0.666672 0.860722 0.774988 0.987036
0.423175 0.340978 0.570581 0.438450 0.804342 0.542159 0.292364 0.445605 0.516377 0.599571 0.436311 0.503867 0.576495 0.586238 0.613131 0.351527 0.395136 0.342978 0.325918 0.440802 0.715488 0.875830 0.518818 0.590406 0.831090 0.771652 0.929650 0.997061 0.384122 0.362238 0.453549 0.514676 0.000000 0.294738 0.882217 0.863084 0.713313 0.652085 0.811375 0.734559 0.683171 0.649089 0.336559 0.344308 0.425387 0.442498 0.488780 0.472995 0.452182 0.469901 0.431451 0.465306 0.625243 0.878271 0.593006 0.622027 0.319223 0.381780 0.468027 0.590669 0.334442 0.579109 0.464944 0.466492 0.592613 0.515104 0.458779 0.466866 0.569221 0.619598 0.533059 0.466854 0.523412 0.421530 0.681763 0.771968 0.519874 0.480668 0.497571 0.470303 0.412672 0.507499 0.565457 0.582786 0.605347 0.615469 0.889243 0.925726 0.806379 0.658999 0.580224 0.679576 0.661812 0.889394 0.641199 0.627194 0.576206 0.593755 0.389608 0.465145 0.797162 0.760314 0.563307 0.711698 0.495440 0.622558 0.885888 0.791540 0.831218 0.923183 0.889144 0.534327 0.481652 0.800841 0.650250 0.891414
0.424197 0.355290 0.670645 0.498362 0.966181 0.563204 0.259397 0.344371 0.390874 0.424549 0.362874 0.448554 0.637076 0.660040 0.747123 0.435293 0.340473 0.291647 0.299668 0.353154 0.719603 0.914794 0.694187 0.794600 0.999976 0.924662 0.758154 0.909049 0.306730 0.331015 0.466236 0.526054 0.294738 0.000000 0.906330 0.886869 0.659336 0.707280 0.793556 0.775137 0.744935 0.726260 0.351853 0.413710 0.358667 0.416989 0.546706 0.473350 0.481078 0.585547 0.508322 0.570790 0.633268 0.812010 0.742793 0.639856 0.316289 0.436165 0.479474 0.658692 0.342337 0.550219 0.403225 0.396795 0.774345 0.634093 0.411941 0.467032 0.647976 0.631161 0.386749 0.407621 0.412996 0.359276 0.709666 0.819838 0.422930 0.430651 0.503428 0.487098 0.459829 0.598074 0.711637 0.676317 0.802190 0.869981 0.826879 0.817348 0.954562 0.794099 0.509438 0.614667 0.602174 0.793394 0.566620 0.516400 0.653522 0.602426 0.277244 0.325832 0.689772 0.621986 0.520185 0.640758 0.494513 0.615416 0.985951 0.819824 0.742378 0.995628 0.823595 0.399571 0.464929 0.734961 0.674524 0.918280
0.873927 0.952617 0.858934 0.843867 0.996943 0.971890 0.827335 0.837751 0.897991 0.798040 0.905434 0.974685 0.962210 0.915221 0.909549 0.970035 0.885908 0.960423 0.888095 0.951358 0.997580 0.863925 0.950286 0.955139 0.965832 0.789776 0.972302 0.899849 0.982948 0.996662 0.860364 0.901368 0.882217 0.906330 0.000000 0.815173 0.962897 0.830058 0.977119 0.950512 0.822826 0.830243 0.716431 0.817165 0.715315 0.723086 0.874264 0.879185 0.885212 0.975393 0.767181 0.823740 0.726170 0.777624 0.999480 0.993109 0.909766 0.979830 0.973929 0.970738 0.858202 0.907689 0.969911 0.974696 0.876693 0.968825 0.752779 0.653290 0.943110 0.994385 0.799155 0.873145 0.994533 0.931447 0.955929 0.984509 0.858960 0.797372 0.992709 0.941533 0.895128 0.834377 0.951707 0.756747 0.930338 0.980593 0.870477 0.859493 0.985025 0.861131 0.775651 0.753923 0.838969 0.935160 0.944109 0.769022 0.885034 0.913226 0.846042 0.858390 0.695075 0.836087 0.812751 0.963536 0.846156 0.879785 0.947802 0.846159 0.902458 0.835893 0.923382 0.949830 0.815318 0.841632 0.799089 0.970803
0.690197 0.689193 0.882899 0.782113 0.992071 0.735331 0.934020 0.803725 0.973757 0.931761 0.665391 0.687454 0.720292 0.622574 0.782948 0.713831 0.698854 0.754549 0.789071 0.711580 0.933675 0.941361 0.982405 0.800244 0.992953 0.961353 0.950391 0.837773 0.792287 0.801639 0.952701 0.981996 0.863084 0.886869 0.815173 0.000000 0.733392 0.947609 0.968787 0.826109 0.765188 0.892852 0.936566 0.883820 0.912810 0.963370 0.794565 0.812402 0.825028 0.792837 0.895562 0.820595 0.984460 0.890962 0.787974 0.780776 0.703453 0.668484 0.814917 0.697288 0.813075 0.752791 0.776085 0.717531 0.894339 0.694027 0.890854 0.972347 0.808468 0.898216 0.917171 0.978928 0.765484 0.912156 0.946543 0.966142 0.787755 0.963018 0.771669 0.858431 0.795449 0.659601 0.779734 0.677071 0.874963 0.842168 0.941716 0.984000 0.871588 0.727306 0.976221 0.975394 0.954224 0.931116 0.941005 0.994219 0.882047 0.938798 0.963297 0.979067 0.944183 0.857158 0.857779 0.939068 0.974240 0.973114 0.982164 0.856633 0.994021 0.848106 0.949864 0.849409 0.979291 0.964625 0.945676 0.969625
0.677680 0.596786 0.541563 0.548090 0.916422 0.722800 0.787034 0.774636 0.775337 0.829192 0.735630 0.737347 0.702267 0.737239 0.773561 0.613831 0.733442 0.735236 0.730121 0.665266 0.645514 0.801997 0.834864 0.784388 0.666350 0.623192 0.982633 0.898345 0.727864 0.779784 0.729573 0.775451 0.713313 0.659336 0.962897 0.733392 0.000000 0.673789 0.680913 0.551407 0.666840 0.655182 0.710665 0.663333 0.817158 0.792854 0.671948 0.717745 0.777628 0.727618 0.695754 0.716289 0.875931 0.991415 0.862605 0.898843 0.612581 0.605335 0.691214 0.683956 0.665978 0.740247 0.822614 0.772584 0.634864 0.642621 0.776817 0.796763 0.560055 0.678620 0.542325 0.595555 0.688021 0.657752 0.973683 0.891404 0.754871 0.684086 0.644991 0.645167 0.672290 0.807707 0.877047 0.758471 0.907514 0.840889 0.671454 0.655548 0.933790 0.861654 0.657079 0.622065 0.602789 0.673837 0.826100 0.844708 0.914250 0.975689 0.713977 0.762466 0.782858 0.723147 0.762908 0.749385 0.757754 0.768087 0.915025 0.860847 0.967685 0.972621 0.909092 0.769394 0.945185 0.851333 0.813612 0.872344
0.731989 0.700640 0.598992 0.588810 0.990809 0.851958 0.735632 0.744123 0.886465 0.840843 0.743954 0.768154 0.815951 0.797079 0.910645 0.684975 0.811370 0.802618 0.729861 0.752334 0.895123 0.881477 0.950802 0.927818 0.784777 0.729886 0.915384 0.750843 0.844531 0.844800 0.615593 0.716811 0.652085 0.707280 0.830058 0.947609 0.673789 0.000000 0.783588 0.791568 0.865239 0.713621 0.743445 0.726718 0.850381 0.796590 0.788981 0.815816 0.891938 0.825637 0.705838 0.752499 0.898723 0.874268 0.787357 0.958166 0.684563 0.685962 0.764428 0.781271 0.720806 0.752638 0.917859 0.852744 0.757180 0.630687 0.758713 0.792021 0.564009 0.747570 0.660296 0.590486 0.728878 0.515323 0.821297 0.749613 0.696918 0.724914 0.585739 0.795502 0.793799 0.900502 0.933836 0.912369 0.987753 0.908714 0.964786 0.771140 0.842899 0.916038 0.674601 0.685210 0.595517 0.655884 0.799378 0.931617 0.828143 0.909773 0.784042 0.905055 0.821198 0.764543 0.717748 0.923316 0.792855 0.733723 0.932143 0.762803 0.999876 0.939795 0.924712 0.806238 0.758906 0.868783 0.582039 0.985576
