0.000000 0.393295 0.857515 0.696732 0.838062 0.531635 0.569021 0.431866 0.762971 0.763827 0.394770 0.345939 0.531001 0.452436 0.896428 0.551812 0.387259 0.378046 0.415827 0.385589 0.941805 0.945325 0.905461 0.838863 0.984686 0.852967 0.992672 0.929976 0.527948 0.458272 0.690571 0.579337 0.451266 0.460331 0.787606 0.899463 0.710350 0.818457 0.955213 0.903762 0.855929 0.881104 0.515299 0.473097 0.481263 0.493757 0.562648 0.582960 0.725747 0.624990 0.759756 0.808798 0.927656 0.903149 0.909943 0.809513 0.333150 0.500080 0.494412 0.882567 0.485495 0.612916 0.392694 0.444812 0.994367 0.703339 0.545650 0.588581 0.784451 0.660130 0.682124 0.661073 0.799567 0.646872 0.932764 0.730843 0.618150 0.772737 0.718031 0.617966 0.422891 0.481788 0.636505 0.736060 0.836647 0.815869 0.989890 0.902551 0.923826 0.937176 0.572597 0.817603 0.654072 0.855270 0.763965 0.760382 0.724316 0.772236 0.427398 0.460387 0.601029 0.639973 0.521894 0.581457 0.714107 0.817770 0.902585 0.892996 0.941874 0.916691 0.910573 0.681176 0.720007 0.882607 0.802661 0.994790
0.393295 0.000000 0.852261 0.964698 0.981042 0.717955 0.842850 0.616405 0.946016 0.780570 0.699546 0.407936 0.881065 0.692046 0.887461 0.684909 0.297252 0.304495 0.682911 0.555378 0.969196 0.937698 0.843312 0.948128 0.990599 0.945061 0.979329 0.924970 0.517298 0.336497 0.902503 0.723059 0.650816 0.663837 0.849001 0.962335 0.797653 0.864786 0.857429 0.745808 0.827151 0.839902 0.684122 0.600796 0.525753 0.441731 0.803772 0.718258 0.524541 0.575463 0.643893 0.754484 0.967672 0.939932 0.973452 0.847639 0.229076 0.247004 0.754769 0.795315 0.781936 0.500959 0.649237 0.373180 0.745323 0.801173 0.809682 0.743745 0.656108 0.596644 0.865262 0.867711 0.816812 0.734469 0.806998 0.769599 0.807993 0.835759 0.593066 0.522326 0.273449 0.435320 0.622345 0.585338 0.912123 0.883682 0.881970 0.939789 0.967595 0.947864 0.828828 0.928027 0.854511 0.887846 0.686442 0.893342 0.627234 0.862444 0.577076 0.667396 0.774882 0.867459 0.604850 0.756927 0.851559 0.985276 0.956633 0.946397 0.981818 0.824265 0.767503 0.606442 0.833220 0.879652 0.727931 0.908432
0.857515 0.852261 0.000000 0.266534 0.824350 0.861080 0.291149 0.444380 0.699303 0.756147 0.554747 0.927530 0.401307 0.480851 0.466887 0.592014 0.828611 0.959052 0.442036 0.642141 0.897398 0.994066 0.298935 0.453993 0.669806 0.497815 0.947843 0.914760 0.871895 0.992151 0.369463 0.433427 0.507363 0.473345 0.588071 0.736365 0.821993 0.983520 0.796941 0.922229 0.925213 0.722127 0.545547 0.624668 0.744735 0.846779 0.589049 0.583138 0.860475 0.951069 0.949850 0.965418 0.960437 0.865821 0.743425 0.967577 0.875437 0.724161 0.636920 0.962199 0.482505 0.936804 0.653871 0.777723 0.343494 0.529154 0.382116 0.488149 0.711342 0.797315 0.616504 0.552275 0.978436 0.843947 0.946719 0.838967 0.630747 0.656837 0.916841 0.894683 0.789235 0.982793 0.830407 0.786412 0.459195 0.603651 0.704152 0.783823 0.932385 0.958867 0.548952 0.564722 0.655550 0.640023 0.902354 0.900994 0.971733 0.982868 0.698110 0.586568 0.655511 0.586970 0.908538 0.836572 0.751119 0.792800 0.954541 0.734503 0.832996 0.805882 0.930121 0.958262 0.811472 0.987163 0.997023 0.824472
0.696732 0.964698 0.266534 0.000000 0.950733 0.746393 0.260728 0.311693 0.720522 0.764502 0.425536 0.737570 0.372890 0.345699 0.561040 0.562962 0.994332 0.838374 0.317530 0.467406 0.995269 0.983054 0.342423 0.345477 0.647403 0.520332 0.960180 0.816637 0.729611 0.821059 0.331910 0.354041 0.393850 0.374880 0.590545 0.727792 0.792806 0.998740 0.757570 0.931764 0.930773 0.735650 0.463975 0.534128 0.677660 0.776746 0.492156 0.499139 0.883821 0.977516 0.906931 0.939221 0.942725 0.882756 0.747138 0.895432 0.918870 0.867828 0.609657 0.912720 0.437261 0.923332 0.536571 0.934845 0.431210 0.434256 0.342131 0.388802 0.805870 0.853029 0.584781 0.561743 0.917780 0.767910 0.878699 0.809815 0.593681 0.637090 0.896664 0.842846 0.970160 0.836198 0.741507 0.893583 0.480267 0.534228 0.771021 0.771746 0.854093 0.834729 0.522395 0.608077 0.619211 0.699374 0.896941 0.787951 0.959886 0.887507 0.602209 0.475583 0.538048 0.473363 0.808398 0.693607 0.663481 0.751714 0.940259 0.808817 0.793505 0.792723 0.908339 0.906253 0.757876 0.937846 0.985208 0.777625
0.838062 0.981042 0.824350 0.950733 0.000000 0.905350 0.827666 0.860331 0.730004 0.746197 0.867358 0.827096 0.754451 0.825053 0.756782 0.714407 0.998053 0.925856 0.829871 0.840885 0.840186 0.961768 0.813034 0.983464 0.948081 0.960334 0.979895 0.998421 0.961287 0.896786 0.852939 0.850962 0.817679 0.786951 0.916638 0.867704 0.816997 0.898514 0.967891 0.907347 0.900298 0.982654 0.774577 0.795458 0.771321 0.799614 0.833739 0.771132 0.911781 0.895535 0.777853 0.704012 0.657750 0.685457 0.963294 0.940126 0.985056 0.992940 0.705139 0.900424 0.722360 0.985413 0.812825 0.882854 0.838642 0.934241 0.781178 0.831073 0.871639 0.840712 0.826598 0.773910 0.896522 0.880832 0.897260 0.895690 0.865931 0.926118 0.937229 0.925127 0.922993 0.976452 0.862564 0.970832 0.907688 0.985415 0.963669 0.883829 0.850331 0.818827 0.674075 0.678157 0.715309 0.674803 0.963097 0.987806 0.943168 0.977780 0.761596 0.891200 0.912691 0.881567 0.743063 0.689609 0.935571 0.665786 0.756307 0.787014 0.941976 0.978743 0.987477 0.811353 0.810821 0.826274 0.826391 0.987477
0.531635 0.717955 0.861080 0.746393 0.905350 0.000000 0.642517 0.563270 0.614932 0.660500 0.546622 0.539494 0.638747 0.662808 0.860529 0.558861 0.657604 0.588711 0.570055 0.607705 0.857796 0.915910 0.858680 0.804667 0.973963 0.803045 0.968552 0.799524 0.775255 0.632423 0.715387 0.640868 0.623859 0.551874 0.890390 0.991796 0.832524 0.877247 0.879361 0.959944 0.900717 0.917480 0.582265 0.601646 0.632357 0.631760 0.753768 0.680027 0.914701 0.840638 0.920030 0.925077 0.978584 0.855375 0.900137 0.985597 0.591313 0.830523 0.769964 0.929032 0.587291 0.716519 0.659516 0.699614 0.924794 0.712598 0.652991 0.614908 0.974298 0.964178 0.752133 0.715821 0.851297 0.716685 0.950443 0.806582 0.674843 0.705970 0.634412 0.705679 0.698145 0.688712 0.967399 0.944846 0.903120 0.896264 0.955237 0.899826 0.955975 0.985594 0.640206 0.798785 0.669914 0.734801 0.984988 0.982290 0.747625 0.790689 0.527660 0.674992 0.606261 0.622460 0.634468 0.620903 0.903962 0.878416 0.775732 0.956645 0.905913 0.897283 0.989367 0.769368 0.942236 0.848798 0.989394 0.819777
0.569021 0.842850 0.291149 0.260728 0.827666 0.642517 0.000000 0.228578 0.588673 0.530781 0.353845 0.604845 0.329822 0.316188 0.498156 0.418739 0.839343 0.679605 0.274043 0.446040 0.907513 0.879331 0.345875 0.488493 0.828786 0.561077 0.969695 0.932778 0.638690 0.649982 0.373376 0.335494 0.331293 0.301083 0.684916 0.728620 0.690603 0.929827 0.796490 0.991575 0.998254 0.831312 0.394056 0.476837 0.457349 0.576018 0.510688 0.441041 0.973607 0.823493 0.759112 0.741335 0.802685 0.686364 0.817654 0.861585 0.808198 0.993104 0.504148 0.877765 0.311169 0.810116 0.458527 0.877750 0.507229 0.436914 0.280709 0.344172 0.809654 0.965322 0.492365 0.457435 0.877474 0.730041 0.948892 0.791003 0.495025 0.568472 0.817574 0.705353 0.892895 0.784918 0.738040 0.981294 0.520666 0.623303 0.816536 0.857046 0.951312 0.924162 0.375852 0.492208 0.505000 0.566484 0.779752 0.752629 0.845823 0.903275 0.454256 0.393833 0.490948 0.450741 0.716286 0.662290 0.715762 0.674523 0.927220 0.786239 0.842147 0.875055 0.872746 0.792480 0.657902 0.933334 0.902086 0.906273
0.431866 0.616405 0.444380 0.311693 0.860331 0.563270 0.228578 0.000000 0.585959 0.530032 0.306583 0.433962 0.395448 0.287048 0.657511 0.445058 0.632367 0.506299 0.242090 0.315961 0.995094 0.890321 0.502668 0.537551 0.861864 0.586346 0.909915 0.920139 0.489441 0.497456 0.414647 0.340473 0.276034 0.284291 0.766870 0.776667 0.641829 0.912464 0.779446 0.971470 0.951087 0.904007 0.356618 0.423087 0.381090 0.475027 0.506831 0.445381 0.819681 0.724863 0.686194 0.728987 0.797129 0.723364 0.860470 0.819840 0.584746 0.765431 0.491739 0.826562 0.333818 0.636568 0.396760 0.699439 0.669624 0.437744 0.340476 0.329975 0.954880 0.913293 0.536181 0.476917 0.793054 0.636632 0.858937 0.733464 0.485539 0.576810 0.699612 0.634719 0.707874 0.640189 0.688560 0.890228 0.669438 0.673775 0.895636 0.886098 0.952315 0.879681 0.410736 0.598866 0.513016 0.695787 0.775592 0.766195 0.736817 0.844590 0.390478 0.352936 0.453560 0.446117 0.604253 0.575254 0.693310 0.704087 0.942255 0.810429 0.799954 0.923160 0.829804 0.728944 0.642224 0.897300 0.858207 0.942977
0.762971 0.946016 0.699303 0.720522 0.730004 0.614932 0.588673 0.585959 0.000000 0.420858 0.662055 0.766471 0.648925 0.703017 0.690686 0.586428 0.838012 0.795334 0.706589 0.712598 0.924137 0.927053 0.772626 0.974189 0.864201 0.846668 0.993914 0.791854 0.707811 0.751320 0.753736 0.794422 0.703277 0.643916 0.920048 0.871385 0.808724 0.784134 0.973295 0.864502 0.994228 0.915314 0.550191 0.575618 0.614501 0.636958 0.843416 0.699708 0.904390 0.808817 0.768086 0.675932 0.654975 0.559976 0.881157 0.908126 0.894394 0.984641 0.619372 0.904887 0.604404 0.911323 0.723373 0.892820 0.841066 0.863345 0.700831 0.785965 0.896889 0.920916 0.667611 0.569527 0.813927 0.780910 0.918832 0.887843 0.529268 0.721801 0.848932 0.857054 0.976491 0.919111 0.978110 0.824575 0.979898 0.835773 0.874727 0.873228 0.871656 0.776640 0.479742 0.476431 0.562869 0.479388 0.988821 0.852493 0.747630 0.895964 0.533639 0.549838 0.602158 0.568024 0.620213 0.666011 0.893955 0.572760 0.746412 0.714027 0.942227 0.962406 0.933851 0.785772 0.586222 0.703018 0.808451 0.838084
0.763827 0.780570 0.756147 0.764502 0.746197 0.660500 0.530781 0.530032 0.420858 0.000000 0.685538 0.681012 0.708323 0.663010 0.593368 0.533104 0.714815 0.621589 0.673560 0.726262 0.992765 0.852117 0.767633 0.994567 0.778554 0.919097 0.919676 0.906751 0.656817 0.576982 0.756585 0.685648 0.725287 0.616100 0.901689 0.987764 0.732940 0.914946 0.888046 0.913480 0.854958 0.937269 0.551734 0.580297 0.438093 0.470842 0.890279 0.633513 0.772482 0.705074 0.638313 0.569040 0.570472 0.496496 0.810194 0.964239 0.750646 0.826212 0.658826 0.916206 0.587906 0.791595 0.727277 0.725597 0.948583 0.836387 0.675087 0.695487 0.890240 0.918040 0.563486 0.503597 0.836985 0.784570 0.964077 0.882675 0.543099 0.599644 0.662593 0.712551 0.859134 0.988521 0.910677 0.988434 0.938095 0.835577 0.862518 0.909691 0.789212 0.739936 0.419828 0.460072 0.498504 0.487522 0.809909 0.927079 0.695560 0.883408 0.517148 0.521250 0.639087 0.581911 0.592385 0.669840 0.885648 0.574259 0.737185 0.674755 0.898925 0.958516 0.776321 0.610852 0.641847 0.755970 0.748251 0.795030
0.394770 0.699546 0.554747 0.425536 0.867358 0.546622 0.353845 0.306583 0.662055 0.685538 0.000000 0.450881 0.344281 0.309780 0.767717 0.559747 0.625827 0.566263 0.262354 0.365280 0.961280 0.853930 0.619185 0.652622 0.984730 0.696919 0.913491 0.926957 0.537734 0.556787 0.493156 0.460791 0.358617 0.318939 0.672324 0.844773 0.675618 0.947783 0.808501 0.900756 0.892833 0.986431 0.465803 0.502271 0.533625 0.610305 0.480490 0.500040 0.947950 0.792453 0.802132 0.868774 0.882072 0.829215 0.818787 0.817375 0.610097 0.824160 0.536843 0.862321 0.316276 0.683718 0.325369 0.655816 0.738340 0.510392 0.379755 0.406768 0.988053 0.961118 0.559803 0.625087 0.808814 0.699690 0.915976 0.691005 0.582237 0.600279 0.836233 0.736643 0.657562 0.634350 0.851171 0.883172 0.678467 0.691835 0.917534 0.904146 0.877096 0.912247 0.499360 0.682360 0.631967 0.742545 0.860995 0.676131 0.842575 0.891552 0.484942 0.420440 0.503954 0.566545 0.645919 0.604058 0.795153 0.768667 0.967383 0.795287 0.877352 0.947047 0.919112 0.798907 0.635858 0.989481 0.882676 0.855250
0.345939 0.407936 0.927530 0.737570 0.827096 0.539494 0.604845 0.433962 0.766471 0.681012 0.450881 0.000000 0.670242 0.511477 0.983754 0.585226 0.397584 0.325107 0.491702 0.399140 0.910980 0.884439 0.910243 0.857310 0.887214 0.892756 0.954614 0.976059 0.467055 0.364886 0.722141 0.642300 0.446306 0.455205 0.878054 0.828309 0.565168 0.788084 0.842384 0.920922 0.698534 0.859473 0.637258 0.596003 0.431464 0.484076 0.672131 0.590693 0.677415 0.630460 0.702836 0.728382 0.852435 0.794895 0.975196 0.871853 0.369423 0.450217 0.537275 0.695694 0.471433 0.405675 0.430565 0.354970 0.951163 0.599995 0.562426 0.498746 0.760345 0.553215 0.739930 0.709510 0.739046 0.606833 0.928975 0.761652 0.690198 0.775503 0.630432 0.618176 0.378909 0.475622 0.712153 0.635332 0.914688 0.833799 0.981937 0.959678 0.910518 0.928477 0.629615 0.879683 0.679146 0.880433 0.714627 0.805942 0.714165 0.767093 0.495079 0.569177 0.585142 0.658166 0.575803 0.625087 0.798648 0.811501 0.891253 0.897077 0.955146 0.880954 0.881232 0.744501 0.781359 0.941829 0.764158 0.911291
0.531001 0.881065 0.401307 0.372890 0.754451 0.638747 0.329822 0.395448 0.648925 0.708323 0.344281 0.670242 0.000000 0.312648 0.474209 0.464857 0.870088 0.739539 0.335254 0.460089 0.822096 0.979499 0.409866 0.486578 0.831648 0.669944 0.890378 0.846628 0.714573 0.718152 0.495335 0.449514 0.413577 0.364390 0.626125 0.766115 0.826787 0.986340 0.843238 0.972728 0.997381 0.865696 0.460117 0.507949 0.686281 0.768050 0.445135 0.537070 0.832752 0.977408 0.901840 0.903905 0.924120 0.784365 0.707966 0.920094 0.808717 0.980780 0.522494 0.982750 0.347102 0.981676 0.338340 0.847365 0.518036 0.570782 0.344287 0.499754 0.904301 0.963266 0.458633 0.544947 0.934251 0.839754 0.952615 0.700230 0.559993 0.555193 0.987114 0.829139 0.874455 0.814933 0.745081 0.890581 0.509602 0.589414 0.757004 0.869592 0.793250 0.944718 0.478419 0.554479 0.628061 0.594322 0.886689 0.711704 0.901829 0.902922 0.503040 0.464812 0.584329 0.582909 0.671460 0.608645 0.760876 0.709356 0.887295 0.717369 0.853968 0.902390 0.994968 0.834939 0.756106 0.933399 0.938999 0.816628
0.452436 0.692046 0.480851 0.345699 0.825053 0.662808 0.316188 0.287048 0.703017 0.663010 0.309780 0.511477 0.312648 0.000000 0.578636 0.417163 0.727745 0.566338 0.277452 0.306670 0.939115 0.963853 0.528330 0.502227 0.882509 0.679644 0.974070 0.860623 0.562349 0.565062 0.452634 0.374837 0.324398 0.278832 0.687641 0.734018 0.636400 0.970976 0.773753 0.967781 0.976801 0.877332 0.405368 0.454847 0.523621 0.594207 0.444396 0.432244 0.983847 0.809908 0.739179 0.760996 0.821725 0.750682 0.813815 0.914292 0.649724 0.842237 0.511167 0.892974 0.346652 0.775346 0.344315 0.722278 0.605407 0.448729 0.344675 0.396290 0.978943 0.911387 0.552355 0.553528 0.873873 0.714334 0.906511 0.609883 0.544070 0.586448 0.792393 0.757631 0.734673 0.662016 0.650461 0.876291 0.583640 0.552859 0.827477 0.845034 0.807944 0.849063 0.445330 0.637308 0.608115 0.713372 0.797034 0.666093 0.840658 0.845811 0.422548 0.404798 0.479920 0.548563 0.669120 0.650687 0.674385 0.706972 0.944290 0.765735 0.759840 0.941199 0.885173 0.761436 0.698004 0.978709 0.877608 0.868054
0.896428 0.887461 0.466887 0.561040 0.756782 0.860529 0.498156 0.657511 0.690686 0.593368 0.767717 0.983754 0.474209 0.578636 0.000000 0.536848 0.857442 0.981956 0.675284 0.797210 0.903207 0.983845 0.466998 0.672791 0.829684 0.737610 0.791765 0.782063 0.940451 0.960978 0.653393 0.656613 0.725006 0.670198 0.827673 0.829822 0.960192 0.963945 0.954840 0.877007 0.846222 0.779977 0.548661 0.652588 0.781784 0.836836 0.717857 0.705848 0.816304 0.959045 0.913654 0.829600 0.828210 0.702398 0.993590 0.853360 0.920083 0.803017 0.698742 0.904608 0.612025 0.796481 0.753792 0.893544 0.457938 0.756004 0.586089 0.732617 0.678966 0.831282 0.533786 0.571004 0.888224 0.962647 0.898520 0.849996 0.562562 0.674123 0.983748 0.993745 0.794356 0.794003 0.809927 0.743686 0.621133 0.792093 0.672840 0.949682 0.993628 0.923187 0.518812 0.456279 0.648982 0.503372 0.889556 0.937919 0.985507 0.864092 0.627952 0.641313 0.831550 0.627809 0.798789 0.733825 0.785347 0.697019 0.740978 0.661556 0.872405 0.737815 0.972902 0.764573 0.827668 0.929351 0.980207 0.906165
0.551812 0.684909 0.592014 0.562962 0.714407 0.558861 0.418739 0.445058 0.586428 0.533104 0.559747 0.585226 0.464857 0.417163 0.536848 0.000000 0.739603 0.580795 0.507232 0.484849 0.769190 0.906587 0.572232 0.630181 0.896227 0.634594 0.944986 0.891902 0.640893 0.565130 0.569939 0.467319 0.448965 0.434441 0.813971 0.711010 0.658915 0.853557 0.921438 0.976321 0.980892 0.967692 0.491809 0.555126 0.486752 0.524544 0.624614 0.572127 0.871131 0.763982 0.647934 0.656670 0.748901 0.636125 0.990381 0.997284 0.675684 0.794250 0.553763 0.866955 0.441265 0.761968 0.581520 0.737815 0.690462 0.567065 0.460213 0.505125 0.865486 0.882589 0.584394 0.527838 0.876216 0.748699 0.935084 0.757198 0.561228 0.718388 0.736350 0.653569 0.700389 0.705657 0.680640 0.887249 0.624635 0.661170 0.819371 0.930841 0.946461 0.898619 0.422127 0.625025 0.563899 0.595736 0.751460 0.880743 0.722283 0.831549 0.474856 0.560463 0.545446 0.589638 0.643137 0.704630 0.783207 0.803808 0.777310 0.810155 0.867675 0.939144 0.864958 0.648641 0.719418 0.970041 0.879507 0.941612
0.387259 0.297252 0.828611 0.994332 0.998053 0.657604 0.839343 0.632367 0.838012 0.714815 0.625827 0.397584 0.870088 0.727745 0.857442 0.739603 0.000000 0.292552 0.699799 0.613748 0.935531 0.894397 0.833250 0.936944 0.854704 0.897997 0.937014 0.912493 0.470525 0.326388 0.898325 0.796525 0.684479 0.633475 0.891080 0.980648 0.743788 0.743553 0.877602 0.742030 0.747464 0.797240 0.726788 0.614640 0.519595 0.505502 0.854763 0.753064 0.594093 0.597347 0.676246 0.696435 0.912860 0.840123 0.930896 0.813644 0.287715 0.319166 0.734880 0.754909 0.709785 0.479874 0.595912 0.309732 0.673403 0.827856 0.821081 0.726014 0.654454 0.592238 0.847836 0.805915 0.782411 0.658252 0.889559 0.717987 0.803289 0.848381 0.647100 0.587165 0.308562 0.534403 0.796129 0.573468 0.830181 0.995974 0.875220 0.838161 0.944008 0.982820 0.762378 0.983208 0.788632 0.982819 0.679221 0.897018 0.647764 0.802202 0.620583 0.617225 0.754516 0.817365 0.660088 0.713848 0.871193 0.947738 0.835097 0.940816 0.976491 0.821915 0.805546 0.664479 0.750546 0.874969 0.772105 0.863078
0.378046 0.304495 0.959052 0.838374 0.925856 0.588711 0.679605 0.506299 0.795334 0.621589 0.566263 0.325107 0.739539 0.566338 0.981956 0.580795 0.292552 0.000000 0.563337 0.526416 0.896171 0.998787 0.992268 0.921823 0.865758 0.949942 0.942037 0.919855 0.457593 0.277753 0.752528 0.618445 0.530058 0.542927 0.968000 0.876748 0.673992 0.816123 0.911052 0.818613 0.822893 0.858911 0.619793 0.554016 0.410430 0.383282 0.783350 0.619257 0.659891 0.588474 0.655455 0.626799 0.858678 0.794351 0.998380 0.872209 0.267870 0.339257 0.694418 0.798887 0.587954 0.491150 0.510189 0.291225 0.810708 0.711461 0.639907 0.607647 0.735093 0.584351 0.721267 0.690786 0.773998 0.620341 0.885391 0.735894 0.698704 0.723649 0.478070 0.503555 0.290573 0.483728 0.708617 0.600915 0.942880 0.888473 0.928055 0.873149 0.966152 0.968549 0.611515 0.865045 0.640689 0.881148 0.760824 0.828264 0.577956 0.875819 0.503761 0.533149 0.597421 0.706476 0.573712 0.692828 0.767643 0.820908 0.812964 0.971713 0.999362 0.849074 0.853230 0.654895 0.721432 0.894026 0.753029 0.899015
0.415827 0.682911 0.442036 0.317530 0.829871 0.570055 0.274043 0.242090 0.706589 0.673560 0.262354 0.491702 0.335254 0.277452 0.675284 0.507232 0.699799 0.563337 0.000000 0.329983 0.985252 0.892049 0.513044 0.497086 0.829129 0.629702 0.950282 0.878251 0.590077 0.576013 0.401383 0.334880 0.302981 0.284709 0.676636 0.805620 0.704553 0.979954 0.771722 0.963163 0.957080 0.916446 0.429838 0.466919 0.525634 0.601950 0.494331 0.458537 0.985160 0.845211 0.855267 0.893534 0.947020 0.914901 0.790210 0.843333 0.610099 0.838698 0.555518 0.938535 0.362639 0.775198 0.367378 0.744692 0.658325 0.476064 0.324082 0.356566 0.938087 0.953886 0.537448 0.591982 0.864477 0.727800 0.889510 0.712834 0.591130 0.606876 0.760673 0.704236 0.720809 0.614970 0.727175 0.927029 0.599475 0.616701 0.864202 0.857317 0.805643 0.851296 0.481761 0.654339 0.602998 0.756646 0.851738 0.718352 0.842322 0.878506 0.431149 0.402553 0.482186 0.514729 0.650146 0.600810 0.665468 0.752933 0.948293 0.837250 0.891943 0.905131 0.942307 0.716201 0.658861 0.972104 0.936615 0.907774
0.385589 0.555378 0.642141 0.467406 0.840885 0.607705 0.446040 0.315961 0.712598 0.726262 0.365280 0.399140 0.460089 0.306670 0.797210 0.484849 0.613748 0.526416 0.329983 0.000000 0.920501 0.981525 0.680489 0.581747 0.836701 0.702526 0.948498 0.883416 0.496234 0.545427 0.549384 0.439431 0.305102 0.351872 0.771104 0.776156 0.610632 0.988123 0.796724 0.930379 0.894333 0.985624 0.521316 0.534377 0.550641 0.612458 0.548065 0.552841 0.822466 0.751366 0.756564 0.861464 0.884734 0.885807 0.896117 0.847072 0.526403 0.647059 0.516526 0.814221 0.442402 0.618028 0.396953 0.650215 0.772425 0.536856 0.475886 0.435554 0.852227 0.789171 0.610930 0.648207 0.780148 0.632200 0.858621 0.709788 0.604305 0.665251 0.807373 0.690835 0.591811 0.505266 0.620342 0.794229 0.665920 0.638011 0.786032 0.840279 0.841892 0.848804 0.588453 0.824201 0.698239 0.887264 0.780337 0.795187 0.828052 0.827600 0.484279 0.458522 0.547101 0.647345 0.627732 0.635425 0.689269 0.794801 0.922738 0.921686 0.796289 0.956760 0.904987 0.742594 0.691049 0.978522 0.912145 0.991611
0.941805 0.969196 0.897398 0.995269 0.840186 0.857796 0.907513 0.995094 0.924137 0.992765 0.961280 0.910980 0.822096 0.939115 0.903207 0.769190 0.935531 0.896171 0.985252 0.920501 0.000000 0.914033 0.825723 0.841893 0.938468 0.989552 0.897783 0.918262 0.923005 0.945677 0.837046 0.924433 0.822986 0.827606 0.894678 0.778258 0.887131 0.857153 0.947755 0.793756 0.883702 0.991342 0.986092 0.962582 0.954499 0.999231 0.975405 0.994561 0.868389 0.901384 0.953715 0.951070 0.990111 0.847638 0.849905 0.983275 0.975964 0.950670 0.824484 0.879441 0.809862 0.985644 0.913484 0.922437 0.873268 0.903086 0.786734 0.828577 0.913241 0.980952 0.725626 0.856136 0.910973 0.813847 0.939995 0.846515 0.936803 0.842433 0.930103 0.872625 0.818432 0.843207 0.907366 0.880165 0.759727 0.744122 0.898688 0.757807 0.861500 0.950333 0.880185 0.903159 0.864195 0.796265 0.994305 0.916019 0.869382 0.884149 0.892585 0.992771 0.855504 0.965200 0.980463 0.974975 0.937984 0.899659 0.940779 0.995898 0.930227 0.969444 0.803571 0.998400 0.965922 0.952156 0.949351 0.874217
0.945325 0.937698 0.994066 0.983054 0.961768 0.915910 0.879331 0.890321 0.927053 0.852117 0.853930 0.884439 0.979499 0.963853 0.983845 0.906587 0.894397 0.998787 0.892049 0.981525 0.914033 0.000000 0.978542 0.919467 0.853478 0.815593 0.807022 0.851282 0.897120 0.920281 0.907274 0.962259 0.935661 0.930137 0.976125 0.949638 0.862238 0.875472 0.983672 0.896756 0.924585 0.946744 0.877954 0.945544 0.910502 0.907177 0.914723 0.989971 0.847804 0.833001 0.963932 0.991332 0.882950 0.950081 0.982327 0.858596 0.990008 0.985171 0.935940 0.998017 0.927599 0.878805 0.988048 0.998666 0.986630 0.952782 0.954208 0.898660 0.935354 0.952821 0.987700 0.998278 0.830001 0.988514 0.864910 0.950399 0.999730 0.914768 0.931279 0.979164 0.943818 0.972669 0.869306 0.957747 0.976279 0.868884 0.985506 0.947411 0.923993 0.853841 0.975603 0.965780 0.994056 0.945619 0.915406 0.934690 0.965416 0.991291 0.953328 0.995499 0.943441 0.878864 0.962269 0.920440 0.775931 0.965058 0.894199 0.943357 0.945013 0.848244 0.974175 0.826173 0.873421 0.922075 0.914533 0.928019
0.905461 0.843312 0.298935 0.342423 0.813034 0.858680 0.345875 0.502668 0.772626 0.767633 0.619185 0.910243 0.409866 0.528330 0.466998 0.572232 0.833250 0.992268 0.513044 0.680489 0.825723 0.978542 0.000000 0.367597 0.620060 0.602701 0.862030 0.906369 0.986357 0.936666 0.440954 0.440376 0.494426 0.483511 0.572938 0.638424 0.873968 0.995188 0.784407 0.874955 0.941182 0.708289 0.660482 0.758893 0.803176 0.907642 0.616702 0.649516 0.728048 0.890970 0.879409 0.877665 0.874016 0.737819 0.763986 0.996115 0.839258 0.768297 0.694217 0.933489 0.491151 0.937858 0.634572 0.887126 0.381641 0.490556 0.386442 0.439080 0.729195 0.732569 0.559953 0.593689 0.977034 0.929351 0.901275 0.847693 0.691730 0.672667 0.939752 0.869002 0.872214 0.909578 0.731672 0.832289 0.353037 0.473361 0.712368 0.723448 0.774340 0.778083 0.584788 0.593087 0.661398 0.623480 0.891965 0.873558 0.990947 0.967686 0.770099 0.655912 0.731269 0.620519 0.912843 0.768340 0.805285 0.705518 0.986994 0.799291 0.943494 0.750088 0.995440 0.985667 0.903735 0.974716 0.994854 0.823083
0.838863 0.948128 0.453993 0.345477 0.983464 0.804667 0.488493 0.537551 0.974189 0.994567 0.652622 0.857310 0.486578 0.502227 0.672791 0.630181 0.936944 0.921823 0.497086 0.581747 0.841893 0.919467 0.367597 0.000000 0.490913 0.670909 0.856533 0.816038 0.963580 0.878721 0.451765 0.410030 0.485320 0.464886 0.653974 0.718150 0.924055 0.951858 0.712713 0.991858 0.886748 0.679814 0.699289 0.747592 0.858380 0.938288 0.585000 0.706751 0.788591 0.870630 0.946364 0.939473 0.903697 0.992476 0.699057 0.984852 0.951994 0.916886 0.818342 0.947213 0.654195 0.986166 0.660954 0.925574 0.527796 0.498905 0.488423 0.480705 0.912403 0.779676 0.686368 0.748964 0.972594 0.891392 0.820102 0.787379 0.815220 0.746691 0.933528 0.846256 0.982135 0.703288 0.613295 0.985068 0.395836 0.337353 0.790342 0.537872 0.674030 0.692936 0.785644 0.872133 0.848838 0.953852 0.901210 0.829922 0.966511 0.989560 0.786083 0.726736 0.753081 0.768375 0.954322 0.805209 0.745854 0.978603 0.877656 0.993798 0.872865 0.817572 0.968951 0.985002 0.980873 0.945321 0.959276 0.797884
0.984686 0.990599 0.669806 0.647403 0.948081 0.973963 0.828786 0.861864 0.864201 0.778554 0.984730 0.887214 0.831648 0.882509 0.829684 0.896227 0.854704 0.865758 0.829129 0.836701 0.938468 0.853478 0.620060 0.490913 0.000000 0.680131 0.742115 0.989056 0.816208 0.907012 0.642507 0.626319 0.789834 0.838300 0.799913 0.784493 0.866243 0.977444 0.805653 0.969482 0.944548 0.663138 0.881945 0.920935 0.851213 0.888942 0.780903 0.891139 0.866901 0.837491 0.893796 0.728938 0.697118 0.753484 0.878076 0.878214 0.941860 0.934317 0.940684 0.904662 0.923714 0.985463 0.976304 0.770814 0.590159 0.670238 0.834155 0.790514 0.936766 0.725854 0.962478 0.967557 0.830505 0.865263 0.809778 0.798761 0.948146 0.974280 0.837504 0.880086 0.931293 0.793208 0.656075 0.911461 0.539560 0.540595 0.816542 0.773515 0.744300 0.710832 0.849108 0.834817 0.856977 0.771333 0.941092 0.981392 0.976495 0.931754 0.956624 0.986804 0.933671 0.966707 0.845249 0.953462 0.897863 0.862000 0.805994 0.960076 0.935543 0.840758 0.935898 0.966161 0.808978 0.878534 0.841184 0.797340
0.852967 0.945061 0.497815 0.520332 0.960334 0.803045 0.561077 0.586346 0.846668 0.919097 0.696919 0.892756 0.669944 0.679644 0.737610 0.634594 0.897997 0.949942 0.629702 0.702526 0.989552 0.815593 0.602701 0.670909 0.680131 0.000000 0.895594 0.955318 0.862690 0.985738 0.610927 0.638146 0.626001 0.690540 0.803893 0.673897 0.890759 0.875088 0.954487 0.997613 0.912075 0.856073 0.636951 0.809605 0.814225 0.801154 0.703591 0.783331 0.928172 0.979014 0.928167 0.919251 0.960694 0.942912 0.776053 0.942757 0.953494 0.925325 0.766928 0.877185 0.645845 0.869351 0.849186 0.858789 0.529332 0.552991 0.615042 0.622971 0.825381 0.813672 0.840913 0.780822 0.995406 0.916546 0.825134 0.965485 0.818499 0.804223 0.965948 0.887272 0.980180 0.894119 0.836356 0.826507 0.615332 0.712809 0.821775 0.871513 0.878303 0.938851 0.791551 0.895839 0.824797 0.883970 0.957200 0.893756 0.951856 0.882708 0.820553 0.774392 0.708126 0.800090 0.902689 0.947769 0.805221 0.957933 0.934333 0.930011 0.841453 0.906874 0.962045 0.891861 0.906660 0.930066 0.941483 0.866090
0.992672 0.979329 0.947843 0.960180 0.979895 0.968552 0.969695 0.909915 0.993914 0.919676 0.913491 0.954614 0.890378 0.974070 0.791765 0.944986 0.937014 0.942037 0.950282 0.948498 0.897783 0.807022 0.862030 0.856533 0.742115 0.895594 0.000000 0.725416 0.912371 0.923646 0.988349 0.997404 0.915043 0.987428 0.872163 0.895991 0.914369 0.953503 0.979653 0.954379 0.947242 0.993961 0.915534 0.990793 0.877557 0.917351 0.994794 0.949754 0.802194 0.821889 0.977025 0.902084 0.827488 0.962933 0.837406 0.918184 0.978627 0.993339 0.929078 0.861689 0.914217 0.982726 0.982785 0.979618 0.812914 0.838452 0.922445 0.990151 0.898363 0.944399 0.938732 0.878143 0.822843 0.810836 0.937692 0.981681 0.907980 0.828043 0.921651 0.957888 0.972879 0.958767 0.744455 0.737917 0.786998 0.779147 0.779949 0.993705 0.726852 0.880913 0.908612 0.945928 0.868990 0.952517 0.899588 0.836585 0.938870 0.778465 0.977643 0.942078 0.901117 0.927342 0.921201 0.982888 0.921353 0.951478 0.887100 0.851789 0.852590 0.853628 0.956746 0.969274 0.766165 0.896972 0.901156 0.943787
0.929976 0.924970 0.914760 0.816637 0.998421 0.799524 0.932778 0.920139 0.791854 0.906751 0.926957 0.976059 0.846628 0.860623 0.782063 0.891902 0.912493 0.919855 0.878251 0.883416 0.918262 0.851282 0.906369 0.816038 0.989056 0.955318 0.725416 0.000000 0.934861 0.915911 0.813134 0.942967 0.938636 0.936445 0.746073 0.824964 0.943344 0.929619 0.979235 0.857468 0.917619 0.985284 0.872678 0.822851 0.998299 0.982573 0.951775 0.946784 0.872929 0.921166 0.974231 0.887896 0.947201 0.994738 0.961448 0.986862 0.984403 0.832511 0.900634 0.785196 0.985137 0.770062 0.980407 0.821471 0.907167 0.975075 0.903960 0.992899 0.924220 0.950542 0.851516 0.845036 0.908194 0.878253 0.836312 0.997572 0.755562 0.969397 0.900882 0.845863 0.865312 0.893553 0.962952 0.813217 0.903469 0.936255 0.898854 0.922500 0.969787 0.929739 0.819524 0.814364 0.833148 0.766483 0.858727 0.960922 0.979692 0.764771 0.841213 0.873719 0.850279 0.814588 0.780543 0.731199 0.870157 0.928878 0.946283 0.807363 0.989167 0.723414 0.925035 0.922531 0.926303 0.894686 0.872434 0.990465
0.527948 0.517298 0.871895 0.729611 0.961287 0.775255 0.638690 0.489441 0.707811 0.656817 0.537734 0.467055 0.714573 0.562349 0.940451 0.640893 0.470525 0.457593 0.590077 0.496234 0.923005 0.897120 0.986357 0.963580 0.816208 0.862690 0.912371 0.934861 0.000000 0.432967 0.741483 0.733765 0.561909 0.617694 0.941311 0.943809 0.646184 0.869717 0.902199 0.766768 0.846707 0.952114 0.627773 0.594948 0.487032 0.491177 0.803312 0.623977 0.612513 0.587006 0.645506 0.657872 0.759968 0.739614 0.998275 0.763362 0.478767 0.559417 0.546623 0.744330 0.585624 0.543553 0.552535 0.549479 0.951071 0.742431 0.684833 0.657682 0.914791 0.604194 0.788882 0.681939 0.611536 0.595721 0.883125 0.695698 0.676014 0.790683 0.645424 0.733098 0.573066 0.731538 0.782592 0.727848 0.990799 0.954219 0.959315 0.852627 0.965271 0.881345 0.613124 0.866924 0.709201 0.846407 0.753165 0.826020 0.666463 0.901263 0.598267 0.566408 0.618227 0.718182 0.626558 0.749886 0.755829 0.937373 0.828027 0.778672 0.703423 0.928913 0.746441 0.839313 0.675608 0.832021 0.890709 0.940865
0.458272 0.336497 0.992151 0.821059 0.896786 0.632423 0.649982 0.497456 0.751320 0.576982 0.556787 0.364886 0.718152 0.565062 0.960978 0.565130 0.326388 0.277753 0.576013 0.545427 0.945677 0.920281 0.936666 0.878721 0.907012 0.985738 0.923646 0.915911 0.432967 0.000000 0.756294 0.630441 0.535557 0.517773 0.887447 0.923798 0.727040 0.829970 0.801525 0.786055 0.808314 0.891007 0.630509 0.572050 0.425271 0.419259 0.764210 0.603579 0.653606 0.562502 0.537082 0.534707 0.787067 0.674018 0.959436 0.846022 0.350190 0.384933 0.665644 0.667685 0.551163 0.468851 0.491386 0.334115 0.872651 0.660356 0.666227 0.588189 0.731815 0.674006 0.736025 0.759284 0.755379 0.676677 0.914315 0.726122 0.720837 0.733122 0.529227 0.463063 0.341028 0.506301 0.714178 0.593383 0.999965 0.821330 0.926758 0.932320 0.944064 0.903162 0.626321 0.851774 0.666218 0.893357 0.674044 0.849396 0.610175 0.893685 0.511293 0.604316 0.677636 0.706411 0.608896 0.741213 0.848637 0.819173 0.796870 0.912315 0.968663 0.819841 0.744177 0.647455 0.780967 0.811647 0.730479 0.971440
0.690571 0.902503 0.369463 0.331910 0.852939 0.715387 0.373376 0.414647 0.753736 0.756585 0.493156 0.722141 0.495335 0.452634 0.653393 0.569939 0.898325 0.752528 0.401383 0.549384 0.837046 0.907274 0.440954 0.451765 0.642507 0.610927 0.988349 0.813134 0.741483 0.756294 0.000000 0.376065 0.416474 0.419482 0.632615 0.781174 0.781154 0.983130 0.794086 0.975047 0.962144 0.743777 0.562382 0.590927 0.645327 0.707917 0.673127 0.618277 0.991682 0.955700 0.855418 0.952587 0.949642 0.908802 0.879791 0.936478 0.817753 0.988466 0.707625 0.949126 0.509274 0.899070 0.646714 0.981478 0.588442 0.528765 0.463287 0.456412 0.930281 0.985575 0.543491 0.490097 0.846998 0.623831 0.796883 0.651121 0.635847 0.757448 0.803468 0.775965 0.904592 0.776786 0.719444 0.909950 0.549344 0.567899 0.840698 0.814057 0.854867 0.928402 0.597446 0.715341 0.625775 0.797046 0.956295 0.853254 0.777131 0.952708 0.670813 0.562060 0.489300 0.594539 0.830181 0.768887 0.711599 0.877501 0.886933 0.752345 0.920094 0.869440 0.919285 0.961679 0.809338 0.926703 0.986802 0.894566
0.579337 0.723059 0.433427 0.354041 0.850962 0.640868 0.335494 0.340473 0.794422 0.685648 0.460791 0.642300 0.449514 0.374837 0.656613 0.467319 0.796525 0.618445 0.334880 0.439431 0.924433 0.962259 0.440376 0.410030 0.626319 0.638146 0.997404 0.942967 0.733765 0.630441 0.376065 0.000000 0.377322 0.357543 0.680260 0.707508 0.773999 0.894347 0.729944 0.943090 0.957693 0.821634 0.497381 0.496172 0.536941 0.598546 0.541625 0.467412 0.929245 0.798162 0.741972 0.814942 0.912350 0.847809 0.775705 0.997828 0.691602 0.845522 0.661904 0.877354 0.465902 0.799037 0.521334 0.835541 0.622202 0.478231 0.373422 0.385638 0.916610 0.943754 0.632336 0.582821 0.861488 0.713344 0.854224 0.663509 0.584649 0.605088 0.729051 0.589968 0.755226 0.570277 0.599145 0.837467 0.551509 0.506034 0.788094 0.763562 0.895586 0.781541 0.542605 0.718799 0.664624 0.799223 0.819206 0.801535 0.856076 0.904719 0.594691 0.522948 0.595632 0.584879 0.764743 0.680978 0.742750 0.809833 0.988263 0.862207 0.912156 0.954601 0.840448 0.831971 0.851172 0.981730 0.980446 0.914967
0.451266 0.650816 0.507363 0.393850 0.817679 0.623859 0.331293 0.276034 0.703277 0.725287 0.358617 0.446306 0.413577 0.324398 0.725006 0.448965 0.684479 0.530058 0.302981 0.305102 0.822986 0.935661 0.494426 0.485320 0.789834 0.626001 0.915043 0.938636 0.561909 0.535557 0.416474 0.377322 0.000000 0.327226 0.689773 0.688057 0.605841 0.837615 0.738451 0.870140 0.939247 0.894815 0.468312 0.531823 0.470280 0.558601 0.483341 0.548556 0.902613 0.789750 0.714162 0.811557 0.865400 0.814139 0.863511 0.817363 0.631299 0.758500 0.506000 0.784746 0.328838 0.630162 0.389966 0.676823 0.641787 0.380682 0.337106 0.308833 0.988141 0.905078 0.551036 0.550243 0.779901 0.646161 0.862183 0.695146 0.582534 0.696914 0.746787 0.630361 0.626779 0.521912 0.648534 0.830375 0.540236 0.515561 0.848456 0.834053 0.872075 0.855180 0.509684 0.738597 0.614903 0.820532 0.865745 0.775924 0.781177 0.925269 0.483003 0.483748 0.517842 0.575850 0.659777 0.661242 0.718813 0.809452 0.961387 0.882857 0.822100 0.979354 0.978493 0.796105 0.716433 0.889304 0.991805 0.864300
0.460331 0.663837 0.473345 0.374880 0.786951 0.551874 0.301083 0.284291 0.643916 0.616100 0.318939 0.455205 0.364390 0.278832 0.670198 0.434441 0.633475 0.542927 0.284709 0.351872 0.827606 0.930137 0.483511 0.464886 0.838300 0.690540 0.987428 0.936445 0.617694 0.517773 0.419482 0.357543 0.327226 0.000000 0.698334 0.781926 0.629333 0.860691 0.635099 0.984284 0.940326 0.850840 0.480335 0.467926 0.483447 0.585782 0.507045 0.465084 0.942077 0.806534 0.724212 0.737184 0.843096 0.732613 0.824423 0.989185 0.631408 0.804688 0.536575 0.798072 0.330816 0.707668 0.374309 0.677086 0.662392 0.424626 0.339046 0.324202 0.942603 0.912583 0.554594 0.572400 0.801492 0.668615 0.830134 0.641625 0.645572 0.576749 0.779951 0.625545 0.671118 0.558878 0.663261 0.815207 0.567823 0.550205 0.853294 0.817621 0.809115 0.851695 0.481141 0.683330 0.610008 0.731569 0.784299 0.755218 0.830505 0.883976 0.468631 0.445794 0.521164 0.598720 0.714684 0.640762 0.704269 0.753717 0.908507 0.816580 0.824059 0.956983 0.954328 0.732286 0.706945 0.983492 0.841158 0.920714
0.787606 0.849001 0.588071 0.590545 0.916638 0.890390 0.684916 0.766870 0.920048 0.901689 0.672324 0.878054 0.626125 0.687641 0.827673 0.813971 0.891080 0.968000 0.676636 0.771104 0.894678 0.976125 0.572938 0.653974 0.799913 0.803893 0.872163 0.746073 0.941311 0.887447 0.632615 0.680260 0.689773 0.698334 0.000000 0.767411 0.762272 0.956490 0.916846 0.998135 0.931276 0.974152 0.807913 0.798810 0.950234 0.998774 0.670373 0.834591 0.755910 0.944428 0.933053 0.929852 0.969875 0.998350 0.776979 0.927011 0.904893 0.820057 0.702158 0.899722 0.707067 0.947230 0.747874 0.928278 0.595497 0.700182 0.519912 0.612855 0.820636 0.901713 0.777410 0.724782 0.884717 0.806270 0.976139 0.849888 0.797100 0.926858 0.959309 0.959487 0.953261 0.913450 0.868344 0.863306 0.564650 0.664807 0.811745 0.991859 0.807263 0.890047 0.679729 0.807925 0.730474 0.716735 0.989068 0.824508 0.928395 0.902305 0.869778 0.834317 0.809739 0.701466 0.928445 0.810286 0.769767 0.831958 0.857105 0.759105 0.921091 0.845179 0.957080 0.770951 0.939923 0.936591 0.891628 0.778545
0.899463 0.962335 0.736365 0.727792 0.867704 0.991796 0.728620 0.776667 0.871385 0.987764 0.844773 0.828309 0.766115 0.734018 0.829822 0.711010 0.980648 0.876748 0.805620 0.776156 0.778258 0.949638 0.638424 0.718150 0.784493 0.673897 0.895991 0.824964 0.943809 0.923798 0.781174 0.707508 0.688057 0.781926 0.767411 0.000000 0.820174 0.874069 0.950625 0.939462 0.839425 0.909729 0.944990 0.999782 0.837303 0.930157 0.668878 0.848028 0.940397 0.971639 0.808165 0.854824 0.832089 0.908188 0.757139 0.943472 0.972775 0.925537 0.814796 0.749489 0.681138 0.797873 0.744788 0.897499 0.656276 0.563106 0.604340 0.581635 0.970064 0.970503 0.822952 0.795049 0.977592 0.819849 0.912651 0.985148 0.878394 0.902208 0.974262 0.921634 0.875034 0.777149 0.691037 0.992298 0.546794 0.539246 0.871670 0.807197 0.854250 0.886586 0.837938 0.958056 0.821491 0.939164 0.810983 0.828534 0.906939 0.849025 0.955287 0.913143 0.960236 0.875982 0.991238 0.854361 0.830341 0.836835 0.977317 0.989147 0.920130 0.920038 0.982514 0.907194 0.928289 0.867091 0.993406 0.939030
0.710350 0.797653 0.821993 0.792806 0.816997 0.832524 0.690603 0.641829 0.808724 0.732940 0.675618 0.565168 0.826787 0.636400 0.960192 0.658915 0.743788 0.673992 0.704553 0.610632 0.887131 0.862238 0.873968 0.924055 0.866243 0.890759 0.914369 0.943344 0.646184 0.727040 0.781154 0.773999 0.605841 0.629333 0.762272 0.820174 0.000000 0.864348 0.881162 0.821878 0.693724 0.785309 0.793576 0.787147 0.620629 0.735422 0.794864 0.836040 0.797263 0.805143 0.678093 0.761855 0.759546 0.755313 0.996787 0.976338 0.773642 0.785272 0.596110 0.729552 0.633804 0.673224 0.733623 0.750771 0.961755 0.698892 0.655604 0.559259 0.949129 0.839663 0.822631 0.695637 0.744978 0.687877 0.901418 0.723532 0.783915 0.969113 0.838127 0.776495 0.754757 0.782048 0.833702 0.772412 0.893296 0.908813 0.938387 0.979712 0.908373 0.992656 0.702640 0.846252 0.756813 0.848032 0.625501 0.926600 0.840951 0.932191 0.737501 0.800177 0.694061 0.826780 0.834786 0.853389 0.947591 0.851894 0.945061 0.786741 0.716919 0.879632 0.873007 0.886125 0.836408 0.891186 0.985888 0.981300
0.818457 0.864786 0.983520 0.998740 0.898514 0.877247 0.929827 0.912464 0.784134 0.914946 0.947783 0.788084 0.986340 0.970976 0.963945 0.853557 0.743553 0.816123 0.979954 0.988123 0.857153 0.875472 0.995188 0.951858 0.977444 0.875088 0.953503 0.929619 0.869717 0.829970 0.983130 0.894347 0.837615 0.860691 0.956490 0.874069 0.864348 0.000000 0.923258 0.888824 0.861591 0.954627 0.917852 0.978144 0.754616 0.802048 0.927114 0.945315 0.878163 0.904137 0.893234 0.861186 0.890766 0.914169 0.989592 0.942617 0.861319 0.845636 0.771293 0.678886 0.781001 0.720650 0.911475 0.764342 0.986838 0.803915 0.845699 0.817584 0.923401 0.894052 0.963903 0.884228 0.936847 0.951534 0.945279 0.956899 0.946146 0.846398 0.993692 0.904720 0.823287 0.870441 0.882738 0.969649 0.996399 0.981710 0.954053 0.830069 0.937433 0.754328 0.876921 0.957182 0.829471 0.906204 0.998756 0.958978 0.902162 0.843574 0.865839 0.956427 0.940634 0.932482 0.917673 0.914638 0.800854 0.851012 0.844118 0.954413 0.899197 0.973081 0.871015 0.816720 0.842689 0.904717 0.872869 0.970232
