0.000000 0.146989 0.546327 0.474085 0.856833 0.731237 0.575435 0.436511 0.624109 0.813470 0.319779 0.233852 0.296831 0.331177 0.519943 0.583685 0.210721 0.206987 0.229452 0.177585 0.571867 0.928691 0.610222 0.493686 0.593691 0.802538 0.545669 0.814350 0.298094 0.313903 0.774048 0.632507 0.293712 0.324673 0.873545 0.934570 0.714437 0.606708 0.928671 0.698342 0.579041 0.604716 0.982695 0.772784 0.880433 0.877688 0.531486 0.629736 0.738978 0.632371 0.717885 0.670487 0.966453 0.739331 0.332173 0.456963 0.152265 0.150195 0.354789 0.298457 0.298025 0.358115 0.216347 0.212210 0.411700 0.391813 0.737963 0.767326 0.262143 0.306060 0.736927 0.552036 0.915770 0.969002 0.781312 0.935614 0.890270 0.907753 0.427161 0.394661 0.213759 0.247940 0.340523 0.259224 0.194128 0.227440 0.860799 0.523056 0.405942 0.244213 0.395753 0.440437 0.364189 0.372275 0.943696 0.940632 0.974494 0.851340 0.837833 0.901862 0.720551 0.731516 0.976069 0.806938 0.863222 0.860404 0.877056 0.887757 0.752808 0.824588 0.861357 0.945109 0.851472 0.988890 0.733045 0.553406
0.146989 0.000000 0.442209 0.386079 0.849541 0.728055 0.565690 0.431112 0.585027 0.747050 0.402763 0.269635 0.355966 0.380390 0.545982 0.565990 0.204008 0.206425 0.231351 0.204043 0.541507 0.972873 0.528789 0.421069 0.490585 0.702514 0.453289 0.857743 0.350623 0.320694 0.676672 0.575237 0.283372 0.304749 0.776108 0.963808 0.611947 0.528845 0.819646 0.697537 0.584062 0.598863 0.902449 0.702498 0.911205 0.848340 0.457439 0.564452 0.746834 0.594893 0.681627 0.611512 0.901744 0.802335 0.303851 0.404569 0.132056 0.136266 0.339773 0.290210 0.342254 0.383676 0.266642 0.235684 0.353217 0.333041 0.641847 0.698282 0.255501 0.269501 0.786916 0.565306 0.901020 0.971785 0.766940 0.896173 0.966233 0.930351 0.392735 0.346263 0.199176 0.257646 0.308213 0.224734 0.195008 0.195869 0.801695 0.495624 0.445451 0.229120 0.354011 0.400000 0.348770 0.338672 0.970878 0.981932 0.984982 0.900163 0.805320 0.915787 0.648099 0.680072 0.962560 0.881243 0.793654 0.804673 0.821347 0.876698 0.790707 0.775408 0.815941 0.958543 0.876762 0.999160 0.696356 0.577352
0.546327 0.442209 0.000000 0.262777 0.842021 0.777935 0.562279 0.621142 0.744305 0.672191 0.752499 0.697121 0.656786 0.670910 0.638398 0.585152 0.482395 0.493471 0.452154 0.526854 0.527979 0.961847 0.396337 0.357771 0.308460 0.382043 0.430455 0.884480 0.678145 0.600777 0.501072 0.528350 0.472722 0.500211 0.555574 0.792240 0.482823 0.592298 0.657435 0.710296 0.642797 0.701358 0.776017 0.654736 0.901505 0.969341 0.515487 0.586411 0.983410 0.785587 0.830373 0.723167 0.825512 0.969992 0.503585 0.591326 0.445458 0.461439 0.598827 0.586277 0.602909 0.714125 0.637559 0.630468 0.298411 0.355634 0.444959 0.606063 0.571962 0.500068 0.950639 0.804903 0.831975 0.926818 0.697240 0.864192 0.773790 0.804382 0.522390 0.644001 0.564124 0.614657 0.455362 0.503433 0.457043 0.374791 0.743285 0.660430 0.763032 0.521971 0.551094 0.572785 0.610221 0.605837 0.981967 0.941879 0.972042 0.984519 0.842059 0.992480 0.745167 0.812496 0.899701 0.995314 0.691636 0.702871 0.751233 0.968268 0.815564 0.792343 0.753520 0.992062 0.955341 0.961635 0.629342 0.805196
0.474085 0.386079 0.262777 0.000000 0.949474 0.880384 0.373698 0.326617 0.904364 0.961430 0.794348 0.572305 0.556068 0.530665 0.606085 0.436823 0.481572 0.498351 0.413019 0.527513 0.566941 0.947844 0.250516 0.280008 0.459348 0.491882 0.544856 0.970260 0.629526 0.554862 0.333080 0.402170 0.341640 0.397011 0.545508 0.820091 0.518051 0.595734 0.782692 0.713144 0.716104 0.695443 0.617327 0.503464 0.907415 0.749860 0.423970 0.469426 0.785074 0.538914 0.530917 0.439797 0.583367 0.775394 0.458046 0.554334 0.390561 0.404471 0.417302 0.342602 0.467937 0.469590 0.518937 0.465782 0.388020 0.291385 0.363146 0.427216 0.627842 0.411179 0.791977 0.912296 0.687787 0.829061 0.652617 0.790718 0.717446 0.725954 0.378048 0.528424 0.517928 0.658451 0.441359 0.527793 0.443762 0.323609 0.892513 0.663330 0.634755 0.447930 0.658255 0.655672 0.663883 0.598287 0.869051 0.887317 0.870515 0.902044 0.967722 0.851877 0.860653 0.961517 0.984293 0.904213 0.611429 0.575918 0.654031 0.887208 0.884881 0.712392 0.700212 0.832084 0.888256 0.878169 0.512550 0.902274
0.856833 0.849541 0.842021 0.949474 0.000000 0.706589 0.806774 0.769774 0.527806 0.495273 0.967265 0.913240 0.847484 0.816267 0.706733 0.686615 0.947864 0.946513 0.958692 0.904095 0.984936 0.884611 0.838506 0.907661 0.687033 0.799812 0.802779 0.888207 0.836814 0.884939 0.777408 0.834695 0.967553 0.910270 0.931064 0.899987 0.789476 0.756691 0.750791 0.996327 0.817596 0.954158 0.913020 0.949095 0.703639 0.788220 0.916553 0.975930 0.851251 0.905984 0.790179 0.824751 0.708705 0.588543 0.946145 0.905344 0.845110 0.885784 0.928872 0.906330 0.813526 0.734001 0.908454 0.918488 0.787974 0.986662 0.985873 0.903281 0.694883 0.820142 0.737249 0.668280 0.661182 0.583783 0.786257 0.842797 0.913063 0.881373 0.992434 0.931148 0.958823 0.906064 0.997306 0.792046 0.884888 0.855928 0.886440 0.749873 0.865795 0.830048 0.691970 0.776561 0.749237 0.712000 0.773047 0.914868 0.889152 0.935303 0.713692 0.828425 0.623652 0.631996 0.687087 0.862784 0.920427 0.878891 0.955570 0.878069 0.893536 0.961942 0.925488 0.843992 0.748162 0.879354 0.868792 0.812002
0.731237 0.728055 0.777935 0.880384 0.706589 0.000000 0.892986 0.959444 0.550070 0.601611 0.678068 0.791878 0.929157 0.897836 0.991871 0.977351 0.750412 0.750782 0.822229 0.752747 0.877594 0.829719 0.904674 0.947137 0.806606 0.939034 0.716709 0.932193 0.850292 0.779949 0.798329 0.919338 0.847072 0.981906 0.980042 0.987895 0.944508 0.914231 0.969160 0.953467 0.762308 0.912392 0.755500 0.815560 0.633877 0.754934 0.934381 0.912753 0.838076 0.834176 0.802913 0.793083 0.733524 0.555786 0.973008 0.972074 0.706594 0.718489 0.895263 0.852062 0.872892 0.938120 0.888387 0.856120 0.641190 0.824837 0.997285 0.880105 0.675111 0.857193 0.710052 0.683899 0.677739 0.617341 0.856620 0.910790 0.649966 0.740382 0.960918 0.985254 0.876346 0.804064 0.794918 0.704441 0.767968 0.779238 0.912582 0.749979 0.899288 0.863741 0.503513 0.590662 0.593101 0.687644 0.706124 0.875194 0.827882 0.829731 0.600830 0.666080 0.675995 0.718990 0.725330 0.767560 0.806194 0.764709 0.921822 0.761337 0.737564 0.977098 0.801851 0.843781 0.669380 0.791991 0.817487 0.805612
0.575435 0.565690 0.562279 0.373698 0.806774 0.892986 0.000000 0.241079 0.912797 0.605115 0.898210 0.643684 0.593723 0.558480 0.673959 0.560749 0.631355 0.629369 0.438212 0.651640 0.672241 0.952227 0.309264 0.550969 0.856597 0.765860 0.837762 0.994720 0.583015 0.676845 0.268699 0.386422 0.320784 0.320577 0.611603 0.863747 0.728666 0.753622 0.930688 0.827713 0.886202 0.652587 0.492283 0.377172 0.521743 0.410972 0.430617 0.402720 0.448913 0.341419 0.308854 0.294747 0.388277 0.556775 0.483330 0.507235 0.523655 0.546314 0.306483 0.350297 0.414698 0.419119 0.411615 0.426604 0.779682 0.604112 0.309652 0.324869 0.871031 0.494027 0.606638 0.900076 0.429677 0.527650 0.669630 0.642384 0.562852 0.578692 0.386293 0.583739 0.604563 0.785055 0.604231 0.781056 0.587667 0.556210 0.795789 0.952270 0.681011 0.542473 0.998789 0.996199 0.955227 0.911174 0.627761 0.684340 0.691147 0.743910 0.525402 0.460734 0.795537 0.683078 0.582745 0.507103 0.475762 0.421040 0.617688 0.756089 0.944396 0.728078 0.622204 0.572210 0.574405 0.547505 0.377846 0.989896
0.436511 0.431112 0.621142 0.326617 0.769774 0.959444 0.241079 0.000000 0.852186 0.629312 0.727537 0.420076 0.425650 0.381991 0.553024 0.382895 0.511166 0.503607 0.411620 0.526610 0.699709 0.995047 0.308991 0.409661 0.874990 0.866265 0.866798 0.973710 0.466867 0.492687 0.339279 0.437278 0.287727 0.324310 0.675511 0.929539 0.762808 0.714118 0.945183 0.813467 0.799145 0.717742 0.603553 0.480434 0.660866 0.513344 0.477506 0.489131 0.503488 0.380014 0.318545 0.304449 0.444059 0.607266 0.459794 0.542093 0.417091 0.411875 0.331576 0.276338 0.292312 0.206294 0.326619 0.279264 0.691215 0.436885 0.454794 0.384581 0.756818 0.430828 0.717477 0.927206 0.503434 0.617336 0.663240 0.704913 0.713585 0.739494 0.357035 0.515641 0.473808 0.668974 0.541642 0.661496 0.490115 0.435092 0.923690 0.811132 0.576100 0.461687 0.868487 0.819963 0.800834 0.698911 0.713699 0.788832 0.832966 0.916058 0.689798 0.648010 0.872717 0.835738 0.774920 0.684678 0.581548 0.580433 0.708705 0.849516 0.947491 0.737087 0.716334 0.653802 0.718078 0.755443 0.498542 0.913397
0.624109 0.585027 0.744305 0.904364 0.527806 0.550070 0.912797 0.852186 0.000000 0.475688 0.702287 0.804474 0.930754 0.910150 0.995853 0.855191 0.612921 0.624942 0.689421 0.621644 0.792734 0.930197 0.901421 0.935951 0.556530 0.725791 0.577036 0.914475 0.813354 0.802118 0.815141 0.919683 0.768100 0.771092 0.952516 0.993115 0.714192 0.775888 0.799562 0.853122 0.759809 0.877851 0.953071 0.926949 0.796876 0.937762 0.744389 0.818868 0.956651 0.907050 0.919693 0.965859 0.811611 0.578390 0.704108 0.601359 0.572924 0.619539 0.708947 0.747596 0.993126 0.919014 0.818819 0.833289 0.664724 0.865939 0.920753 0.945002 0.475396 0.752548 0.630640 0.480364 0.709904 0.656156 0.953265 0.988045 0.799245 0.765703 0.868183 0.759010 0.633910 0.538200 0.644961 0.435509 0.601030 0.649104 0.838764 0.583257 0.675585 0.609125 0.461025 0.633549 0.507292 0.610321 0.788545 0.951026 0.951054 0.959309 0.680570 0.868036 0.561643 0.661505 0.932635 0.960554 0.925275 0.957630 0.878595 0.886318 0.751518 0.943795 0.890749 0.984999 0.776917 0.960131 0.961810 0.714310
0.813470 0.747050 0.672191 0.961430 0.495273 0.601611 0.605115 0.629312 0.475688 0.000000 0.745117 0.960006 0.990447 0.919094 0.982599 0.850355 0.763887 0.778992 0.912020 0.750646 0.779373 0.969250 0.847403 0.901230 0.467172 0.682326 0.564451 0.809688 0.961185 0.891075 0.698253 0.846298 0.925929 0.910539 0.974508 0.951869 0.759902 0.706309 0.646463 0.970018 0.717830 0.933667 0.667987 0.728272 0.409577 0.487490 0.964273 0.854218 0.535520 0.627105 0.503824 0.593185 0.498744 0.390372 0.928829 0.954954 0.788140 0.782103 0.854469 0.882979 0.882899 0.740502 0.899130 0.926716 0.528993 0.796826 0.821191 0.676034 0.523785 0.871432 0.503040 0.499972 0.570397 0.510903 0.931756 0.789148 0.680035 0.684478 0.956544 0.938406 0.810613 0.677941 0.769468 0.574125 0.743767 0.736392 0.614707 0.616879 0.955643 0.836004 0.449027 0.517745 0.586448 0.647346 0.574264 0.824958 0.783417 0.740593 0.362841 0.469857 0.441373 0.445075 0.582579 0.626021 0.777419 0.750309 0.889432 0.634981 0.787093 0.944098 0.872667 0.564128 0.491114 0.686516 0.716853 0.692269
0.319779 0.402763 0.752499 0.794348 0.967265 0.678068 0.898210 0.727537 0.702287 0.745117 0.000000 0.266330 0.290811 0.330749 0.434146 0.599822 0.292913 0.256817 0.437901 0.261709 0.677192 0.830349 0.897305 0.669912 0.756311 0.987314 0.632441 0.743265 0.286745 0.297596 0.899730 0.922964 0.588029 0.564576 0.904526 0.913990 0.907812 0.783010 0.960008 0.821825 0.525829 0.897281 0.644979 0.805273 0.620136 0.769067 0.952098 0.941903 0.902021 0.966169 0.866602 0.895310 0.720509 0.515963 0.576318 0.732828 0.392785 0.351776 0.779092 0.718468 0.353656 0.475166 0.365294 0.373368 0.454563 0.505243 0.884384 0.888784 0.403456 0.640013 0.582505 0.604781 0.915643 0.860129 0.729518 0.901848 0.602266 0.709079 0.747809 0.667379 0.413218 0.329238 0.496008 0.423625 0.362267 0.457896 0.691045 0.672298 0.588320 0.558720 0.430513 0.417211 0.376675 0.462547 0.758880 0.961773 0.693048 0.583647 0.572275 0.623330 0.667185 0.700316 0.823815 0.989890 0.795719 0.834407 0.782183 0.656187 0.682218 0.944478 0.913059 0.814047 0.596815 0.736473 0.965245 0.504651
0.233852 0.269635 0.697121 0.572305 0.913240 0.791878 0.643684 0.420076 0.804474 0.960006 0.266330 0.000000 0.201708 0.205248 0.351570 0.396147 0.221318 0.202336 0.308496 0.238335 0.631242 0.804908 0.601557 0.476277 0.728575 0.944133 0.655986 0.854853 0.236731 0.205981 0.792220 0.662778 0.366137 0.379882 0.864589 0.952600 0.800311 0.702189 0.983292 0.783995 0.606798 0.802944 0.926323 0.893912 0.881334 0.928360 0.686339 0.762463 0.842718 0.719070 0.772070 0.734278 0.945338 0.844749 0.403162 0.579079 0.269303 0.225526 0.533549 0.454356 0.219633 0.240007 0.216809 0.176582 0.453944 0.345619 0.885299 0.822638 0.386204 0.420394 0.786348 0.741221 0.853235 0.927210 0.682382 0.967592 0.849112 0.859459 0.508543 0.421367 0.258952 0.285316 0.342517 0.344170 0.265616 0.303145 0.755621 0.583363 0.442384 0.398852 0.467184 0.451264 0.395542 0.400583 0.921199 0.995156 0.799847 0.709693 0.781218 0.842334 0.758914 0.827325 0.985728 0.880144 0.928709 0.962347 0.989721 0.774532 0.695676 0.885445 0.881918 0.992600 0.783801 0.861021 0.760891 0.594689
0.296831 0.355966 0.656786 0.556068 0.847484 0.929157 0.593723 0.425650 0.930754 0.990447 0.290811 0.201708 0.000000 0.170725 0.249338 0.339916 0.274182 0.264705 0.301277 0.286376 0.640223 0.947591 0.530758 0.444243 0.749191 0.886828 0.658028 0.865376 0.270626 0.286841 0.723264 0.589085 0.377898 0.350475 0.892936 0.923440 0.871330 0.789417 0.910666 0.809595 0.624803 0.782124 0.934350 0.905879 0.868765 0.974214 0.708070 0.812331 0.897140 0.771764 0.793483 0.749634 0.943892 0.882967 0.398843 0.599422 0.358790 0.312963 0.597727 0.522657 0.193426 0.277881 0.225789 0.241117 0.477813 0.348558 0.878124 0.849277 0.484905 0.497862 0.791007 0.807614 0.769096 0.832561 0.623883 0.969845 0.915089 0.913715 0.524630 0.482168 0.315021 0.320235 0.381692 0.436270 0.278044 0.312575 0.812504 0.604425 0.495302 0.463041 0.614833 0.571038 0.533912 0.538996 0.936572 0.975812 0.851272 0.731018 0.875214 0.922333 0.858589 0.973510 0.993357 0.826622 0.928659 0.899675 0.987314 0.828961 0.702698 0.964874 0.943194 0.977566 0.806548 0.865548 0.699875 0.577918
0.331177 0.380390 0.670910 0.530665 0.816267 0.897836 0.558480 0.381991 0.910150 0.919094 0.330749 0.205248 0.170725 0.000000 0.246633 0.280230 0.280318 0.260800 0.311437 0.313032 0.652348 0.845311 0.493338 0.380526 0.774843 0.881481 0.705559 0.845807 0.277482 0.274334 0.690214 0.566199 0.388321 0.349618 0.864130 0.884950 0.873600 0.827219 0.941457 0.798369 0.680714 0.814110 0.997419 0.855604 0.944582 0.893067 0.673091 0.731633 0.821712 0.702823 0.706498 0.671847 0.824288 0.987203 0.394420 0.588245 0.365686 0.317094 0.566956 0.495350 0.215958 0.247488 0.241463 0.232656 0.524537 0.344823 0.837044 0.785758 0.547738 0.531043 0.875215 0.834841 0.740099 0.756303 0.618028 0.879457 0.953387 0.909529 0.500442 0.491354 0.328636 0.343098 0.382875 0.438068 0.308210 0.324203 0.803444 0.575904 0.499812 0.465113 0.622133 0.598371 0.537861 0.552790 0.988040 0.967129 0.839362 0.763077 0.929406 0.991604 0.893458 0.992504 0.944034 0.789448 0.925184 0.842488 0.963388 0.849919 0.664639 0.978512 0.825971 0.951016 0.880074 0.935412 0.684533 0.655969
0.519943 0.545982 0.638398 0.606085 0.706733 0.991871 0.673959 0.553024 0.995853 0.982599 0.434146 0.351570 0.249338 0.246633 0.000000 0.298723 0.389380 0.376359 0.463765 0.434778 0.624418 0.881197 0.491381 0.402087 0.732427 0.796103 0.732098 0.823842 0.377470 0.364785 0.724635 0.648345 0.522094 0.474321 0.851539 0.934098 0.911198 0.940097 0.995154 0.906459 0.790752 0.872094 0.991648 0.895680 0.919152 0.993533 0.777706 0.818596 0.971405 0.851447 0.842708 0.808221 0.873585 0.988475 0.500020 0.687010 0.543561 0.494030 0.784439 0.722645 0.327973 0.413961 0.427619 0.432645 0.488518 0.369581 0.886666 0.885773 0.658227 0.686174 0.863261 0.894680 0.697528 0.722515 0.584141 0.914727 0.991642 0.983898 0.565715 0.586039 0.450271 0.431832 0.459746 0.536459 0.399746 0.440565 0.795174 0.613592 0.672535 0.632533 0.730414 0.689205 0.651977 0.714210 0.983035 0.962788 0.768578 0.721218 0.903518 0.964538 0.846167 0.981411 0.965174 0.860174 0.924035 0.895076 0.965422 0.784532 0.660843 0.954114 0.888725 0.951889 0.881768 0.882847 0.747066 0.756447
0.583685 0.565990 0.585152 0.436823 0.686615 0.977351 0.560749 0.382895 0.855191 0.850355 0.599822 0.396147 0.339916 0.280230 0.298723 0.000000 0.446587 0.440311 0.514535 0.571306 0.622541 0.884528 0.356902 0.308762 0.703992 0.729302 0.749994 0.943960 0.443896 0.360311 0.482307 0.492778 0.471028 0.448807 0.730146 0.937604 0.816602 0.807983 0.980115 0.775668 0.801382 0.927430 0.855046 0.764560 0.945640 0.850582 0.697243 0.698878 0.885721 0.692522 0.646375 0.584082 0.621730 0.727898 0.492392 0.679238 0.543642 0.494985 0.680111 0.608381 0.335435 0.311384 0.443121 0.399611 0.538407 0.286674 0.702718 0.607279 0.804282 0.608442 0.889439 0.947189 0.657739 0.688182 0.532346 0.761812 0.841118 0.906843 0.509079 0.540086 0.515605 0.598974 0.452484 0.613906 0.512056 0.446585 0.735309 0.750961 0.701088 0.633183 0.757259 0.676741 0.686936 0.651021 0.905832 0.951496 0.796570 0.805646 0.969477 0.933602 0.946362 0.966545 0.964135 0.916768 0.817805 0.829403 0.852170 0.906988 0.794870 0.954422 0.798647 0.949240 0.984986 0.981397 0.641352 0.834741
0.210721 0.204008 0.482395 0.481572 0.947864 0.750412 0.631355 0.511166 0.612921 0.763887 0.292913 0.221318 0.274182 0.280318 0.389380 0.446587 0.000000 0.144896 0.241285 0.219213 0.506532 0.868910 0.550713 0.396998 0.483417 0.697115 0.487752 0.790195 0.235585 0.218910 0.731671 0.600996 0.313396 0.315570 0.777340 0.968749 0.694593 0.638064 0.873832 0.694596 0.559924 0.708401 0.975890 0.789245 0.901356 0.901075 0.522304 0.620281 0.829534 0.661146 0.771377 0.703625 0.920447 0.808353 0.302113 0.418978 0.186474 0.173180 0.466415 0.438513 0.297154 0.379479 0.250292 0.234115 0.326821 0.292590 0.705966 0.721384 0.316106 0.380574 0.774767 0.595164 0.887315 0.968998 0.697553 0.885831 0.933189 0.956671 0.460108 0.356987 0.199892 0.212660 0.255462 0.223847 0.191845 0.218189 0.710859 0.511663 0.463415 0.311255 0.381797 0.402471 0.323459 0.393615 0.949656 0.990179 0.914947 0.786795 0.755851 0.886484 0.662207 0.723685 0.973299 0.844358 0.861350 0.849537 0.952536 0.804154 0.638433 0.843592 0.811407 0.991194 0.827740 0.920006 0.695532 0.544756
0.206987 0.206425 0.493471 0.498351 0.946513 0.750782 0.629369 0.503607 0.624942 0.778992 0.256817 0.202336 0.264705 0.260800 0.376359 0.440311 0.144896 0.000000 0.237798 0.196033 0.512738 0.831064 0.567550 0.403167 0.518429 0.718563 0.504004 0.748131 0.224504 0.206813 0.754174 0.615122 0.328468 0.329096 0.806790 0.977172 0.710084 0.621010 0.879077 0.726592 0.578486 0.732683 0.990678 0.824154 0.871323 0.933762 0.576954 0.656681 0.862034 0.695360 0.804283 0.737617 0.948965 0.777593 0.297601 0.466867 0.189289 0.171056 0.496864 0.463079 0.277563 0.352364 0.245205 0.220986 0.311268 0.283022 0.742717 0.774033 0.324969 0.393306 0.762814 0.603988 0.899042 0.953378 0.707409 0.890304 0.888806 0.904930 0.454085 0.392822 0.205063 0.210844 0.264129 0.234909 0.194302 0.227071 0.667861 0.529440 0.485961 0.326420 0.368420 0.376653 0.318781 0.372186 0.975417 0.950452 0.843632 0.760884 0.732522 0.872130 0.655209 0.708248 0.980599 0.891345 0.877641 0.891312 0.948050 0.783895 0.672046 0.904959 0.832000 0.949444 0.801802 0.937152 0.699037 0.532595
0.229452 0.231351 0.452154 0.413019 0.958692 0.822229 0.438212 0.411620 0.689421 0.912020 0.437901 0.308496 0.301277 0.311437 0.463765 0.514535 0.241285 0.237798 0.000000 0.231618 0.554001 0.997804 0.426483 0.413612 0.548568 0.707019 0.544536 0.847975 0.318925 0.371017 0.612947 0.488456 0.259600 0.275736 0.706527 0.998511 0.652302 0.649675 0.952946 0.651392 0.578046 0.592097 0.838649 0.649324 0.978775 0.774556 0.422408 0.525918 0.715915 0.555664 0.644569 0.590132 0.820545 0.900546 0.268511 0.430386 0.222752 0.219101 0.370991 0.362158 0.310612 0.383816 0.246708 0.247919 0.414323 0.376200 0.585691 0.673505 0.363364 0.338658 0.886650 0.709490 0.715476 0.802095 0.700731 0.819100 0.933872 0.940381 0.400245 0.400743 0.254006 0.286870 0.317247 0.308293 0.215151 0.223636 0.814150 0.551546 0.491861 0.293405 0.535005 0.573303 0.482967 0.514812 0.864478 0.873063 0.906302 0.955373 0.993436 0.897456 0.876922 0.892977 0.830197 0.667195 0.683488 0.664976 0.786267 0.895826 0.725765 0.750411 0.681868 0.885674 0.971838 0.879805 0.556356 0.568215
0.177585 0.204043 0.526854 0.527513 0.904095 0.752747 0.651640 0.526610 0.621644 0.750646 0.261709 0.238335 0.286376 0.313032 0.434778 0.571306 0.219213 0.196033 0.231618 0.000000 0.552716 0.870603 0.619883 0.476500 0.584634 0.801627 0.528674 0.769158 0.305693 0.312726 0.817600 0.698818 0.365158 0.356021 0.872337 0.951900 0.731431 0.631454 0.928711 0.722393 0.549874 0.700206 0.945376 0.864736 0.806338 0.990674 0.610651 0.727834 0.868859 0.753459 0.857917 0.800801 0.947306 0.679541 0.363961 0.511004 0.217581 0.205091 0.500728 0.449526 0.326962 0.408434 0.271104 0.264899 0.376119 0.395351 0.827491 0.876130 0.259310 0.379016 0.706688 0.610811 0.917554 0.994593 0.753292 0.930762 0.863383 0.903656 0.469311 0.444032 0.244054 0.221235 0.362763 0.273935 0.211151 0.262836 0.767275 0.532829 0.483050 0.318256 0.405357 0.440989 0.380552 0.412868 0.927151 0.970416 0.925296 0.810452 0.760815 0.840521 0.689857 0.707698 0.947561 0.850644 0.897685 0.918388 0.957417 0.781256 0.765390 0.898754 0.929371 0.979787 0.790482 0.901589 0.753710 0.530570
0.571867 0.541507 0.527979 0.566941 0.984936 0.877594 0.672241 0.699709 0.792734 0.779373 0.677192 0.631242 0.640223 0.652348 0.624418 0.622541 0.506532 0.512738 0.554001 0.552716 0.000000 0.886549 0.602944 0.556898 0.551651 0.625844 0.607962 0.864472 0.595778 0.566821 0.669052 0.618372 0.498185 0.580045 0.872270 0.945552 0.716769 0.734444 0.923414 0.791690 0.715026 0.824399 0.894156 0.787906 0.991270 0.920878 0.685446 0.649974 0.909790 0.778293 0.847934 0.767060 0.860855 0.964965 0.526195 0.640800 0.534110 0.538201 0.645849 0.690867 0.607097 0.701134 0.597456 0.612613 0.509597 0.544095 0.661705 0.756786 0.587138 0.658156 0.962131 0.738356 0.847901 0.884585 0.693562 0.849146 0.924790 0.988016 0.580215 0.488093 0.554137 0.584709 0.502842 0.560097 0.544787 0.518393 0.805991 0.826752 0.793338 0.630883 0.610251 0.635982 0.675757 0.759945 0.995313 0.817528 0.979144 0.906421 0.864162 0.971354 0.784095 0.922801 0.963533 0.846550 0.800492 0.791930 0.955912 0.791769 0.774084 0.885793 0.794349 0.984422 0.891955 0.866380 0.689499 0.777205
0.928691 0.972873 0.961847 0.947844 0.884611 0.829719 0.952227 0.995047 0.930197 0.969250 0.830349 0.804908 0.947591 0.845311 0.881197 0.884528 0.868910 0.831064 0.997804 0.870603 0.886549 0.000000 0.936714 0.987780 0.932840 0.920896 0.875685 0.807320 0.821803 0.736222 0.921973 0.879358 0.948933 0.998991 0.984088 0.964361 0.904806 0.870697 0.970992 0.862243 0.996451 0.872579 0.817823 0.847726 0.901952 0.914309 0.894453 0.972209 0.863494 0.905524 0.880773 0.874207 0.941755 0.912634 0.953729 0.978728 0.918799 0.903027 0.934799 0.965328 0.887690 0.894867 0.890284 0.888255 0.925396 0.884194 0.878061 0.980970 0.996763 0.915208 0.942091 0.997908 0.992568 0.931722 0.987299 0.957390 0.849996 0.944832 0.958455 0.959538 0.946660 0.927240 0.878689 0.933462 0.963686 0.986214 0.893245 0.956604 0.955140 0.974825 0.834085 0.773005 0.792077 0.782177 0.770538 0.988101 0.854060 0.799645 0.791209 0.868815 0.936062 0.932684 0.853031 0.860619 0.938278 0.736124 0.887051 0.975126 0.873657 0.727131 0.930603 0.890571 0.823933 0.804069 0.872927 0.893862
0.610222 0.528789 0.396337 0.250516 0.838506 0.904674 0.309264 0.308991 0.901421 0.847403 0.897305 0.601557 0.530758 0.493338 0.491381 0.356902 0.550713 0.567550 0.426483 0.619883 0.602944 0.936714 0.000000 0.310247 0.570610 0.543786 0.718372 0.938160 0.619105 0.598462 0.242792 0.355117 0.362244 0.382865 0.485709 0.847646 0.641771 0.706713 0.882311 0.790862 0.830804 0.715263 0.465298 0.378565 0.675561 0.574571 0.373955 0.402101 0.658189 0.443505 0.417048 0.350283 0.422718 0.546437 0.437653 0.525279 0.533906 0.522008 0.495443 0.463360 0.465974 0.453821 0.523430 0.472722 0.536708 0.360935 0.370762 0.397628 0.790554 0.494467 0.633748 0.891459 0.437379 0.525178 0.608430 0.641819 0.559379 0.641916 0.353345 0.487134 0.539115 0.674888 0.486355 0.650693 0.490573 0.408715 0.943849 0.726316 0.724840 0.525205 0.885338 0.851438 0.848055 0.790085 0.751005 0.800364 0.887379 0.824314 0.762247 0.629213 0.962643 0.845903 0.756281 0.750572 0.459907 0.459615 0.643302 0.884221 0.920176 0.738189 0.639158 0.783419 0.749631 0.745847 0.400504 0.938229
0.493686 0.421069 0.357771 0.280008 0.907661 0.947137 0.550969 0.409661 0.935951 0.901230 0.669912 0.476277 0.444243 0.380526 0.402087 0.308762 0.396998 0.403167 0.413612 0.476500 0.556898 0.987780 0.310247 0.000000 0.479782 0.500613 0.631878 0.912366 0.534201 0.416018 0.477148 0.509242 0.400367 0.429771 0.593244 0.952038 0.625728 0.686680 0.801671 0.788885 0.737709 0.761980 0.771621 0.669276 0.997004 0.868891 0.469796 0.559444 0.902692 0.659997 0.646830 0.554532 0.664593 0.811960 0.406343 0.569586 0.419170 0.402752 0.576676 0.517476 0.437316 0.432411 0.495104 0.447054 0.387256 0.235525 0.522803 0.590168 0.604823 0.483520 0.950174 0.974367 0.749359 0.768504 0.727659 0.783456 0.831919 0.895592 0.449185 0.502842 0.423253 0.508077 0.376023 0.449187 0.406212 0.300812 0.724411 0.527726 0.621762 0.475775 0.644886 0.596443 0.631281 0.605042 0.930406 0.920677 0.992000 0.932312 0.933796 0.926344 0.872851 0.898898 0.989260 0.919944 0.709832 0.704630 0.846992 0.910336 0.693980 0.884237 0.760046 0.979297 0.961346 0.979933 0.647205 0.848663
0.593691 0.490585 0.308460 0.459348 0.687033 0.806606 0.856597 0.874990 0.556530 0.467172 0.756311 0.728575 0.749191 0.774843 0.732427 0.703992 0.483417 0.518429 0.548568 0.584634 0.551651 0.932840 0.570610 0.479782 0.000000 0.266949 0.383816 0.841735 0.773156 0.648671 0.727872 0.640599 0.591424 0.613287 0.590225 0.846378 0.407237 0.521757 0.515184 0.660763 0.648705 0.707546 0.873605 0.754721 0.788117 0.901092 0.537729 0.663831 0.872387 0.874014 0.994705 0.864588 0.986856 0.841742 0.570486 0.582351 0.505860 0.507227 0.745537 0.722635 0.796141 0.888801 0.757758 0.716957 0.303403 0.415619 0.655801 0.785564 0.472617 0.592700 0.919653 0.663962 0.973297 0.891879 0.753701 0.948094 0.976853 0.944952 0.634620 0.613133 0.557571 0.547404 0.440485 0.372246 0.470744 0.404932 0.613015 0.537807 0.719481 0.541596 0.409882 0.469485 0.457664 0.492104 0.844406 0.963193 0.941773 0.931507 0.633570 0.821011 0.589746 0.626056 0.856498 0.913465 0.794426 0.765153 0.855987 0.767656 0.835111 0.814743 0.904083 0.803243 0.799493 0.930305 0.717026 0.747220
0.802538 0.702514 0.382043 0.491882 0.799812 0.939034 0.765860 0.866265 0.725791 0.682326 0.987314 0.944133 0.886828 0.881481 0.796103 0.729302 0.697115 0.718563 0.707019 0.801627 0.625844 0.920896 0.543786 0.500613 0.266949 0.000000 0.528973 0.872045 0.936776 0.827704 0.607584 0.634803 0.668929 0.658245 0.537147 0.849990 0.467901 0.597923 0.574110 0.725019 0.861886 0.673386 0.726337 0.657544 0.974585 0.964073 0.534537 0.610578 0.951440 0.823853 0.864220 0.736727 0.805473 0.910108 0.585715 0.588125 0.699914 0.708775 0.785945 0.791398 0.925401 0.977303 0.888155 0.874574 0.503960 0.537610 0.565180 0.686161 0.707725 0.672574 0.914743 0.818816 0.928654 0.943823 0.784841 0.858124 0.782749 0.788303 0.654245 0.736237 0.723617 0.750147 0.572663 0.573099 0.647386 0.539861 0.658769 0.680951 0.778422 0.672840 0.695605 0.727154 0.750326 0.724229 0.961911 0.863628 0.925708 0.970307 0.905166 0.963642 0.804702 0.890402 0.916624 0.980902 0.686062 0.655458 0.778498 0.957628 0.897335 0.868690 0.964366 0.943610 0.976319 0.905497 0.667646 0.916129
0.545669 0.453289 0.430455 0.544856 0.802779 0.716709 0.837762 0.866798 0.577036 0.564451 0.632441 0.655986 0.658028 0.705559 0.732098 0.749994 0.487752 0.504004 0.544536 0.528674 0.607962 0.875685 0.718372 0.631878 0.383816 0.528973 0.000000 0.876611 0.708388 0.621474 0.760743 0.673132 0.606818 0.536476 0.745875 0.721923 0.506541 0.605695 0.660929 0.701391 0.682691 0.718721 0.957173 0.916693 0.730634 0.863597 0.702279 0.834179 0.891683 0.936527 0.980541 0.912776 0.924237 0.714259 0.571595 0.650801 0.484173 0.495875 0.731309 0.692520 0.697381 0.795484 0.670237 0.658846 0.388162 0.514099 0.779793 0.921168 0.452578 0.614947 0.775535 0.589339 0.951310 0.817395 0.693788 0.927811 0.921055 0.932254 0.671736 0.607890 0.603162 0.548935 0.500373 0.458048 0.463919 0.455085 0.708781 0.636262 0.757354 0.588936 0.391441 0.489742 0.476002 0.558493 0.844049 0.844544 0.846240 0.892554 0.632958 0.722274 0.490407 0.701578 0.805290 0.987491 0.967841 0.854567 0.938845 0.720753 0.855089 0.876197 0.883675 0.815166 0.748085 0.909019 0.809051 0.788836
0.814350 0.857743 0.884480 0.970260 0.888207 0.932193 0.994720 0.973710 0.914475 0.809688 0.743265 0.854853 0.865376 0.845807 0.823842 0.943960 0.790195 0.748131 0.847975 0.769158 0.864472 0.807320 0.938160 0.912366 0.841735 0.872045 0.876611 0.000000 0.847244 0.856549 0.890117 0.944856 0.901248 0.908503 0.855485 0.901997 0.972241 0.919289 0.886898 0.861565 0.993897 0.829473 0.926183 0.995406 0.840926 0.896310 0.983229 0.936062 0.929033 0.915507 0.888948 0.890613 0.879049 0.767162 0.931379 0.971864 0.820557 0.799760 0.994156 0.999622 0.879370 0.938169 0.863297 0.862477 0.755128 0.830105 0.941172 0.850226 0.771003 0.890556 0.892159 0.803427 0.984957 0.999381 0.946149 0.938599 0.874389 0.850251 0.864508 0.877040 0.824897 0.734334 0.860931 0.834398 0.755779 0.796954 0.997468 0.868649 0.970473 0.790806 0.801531 0.803867 0.823920 0.909858 0.987174 0.829767 0.854527 0.815224 0.867595 0.878476 0.753916 0.905677 0.929000 0.992146 0.975862 0.876384 0.882414 0.845393 0.961065 0.840730 0.885224 0.842109 0.942387 0.891444 0.986414 0.805799
0.298094 0.350623 0.678145 0.629526 0.836814 0.850292 0.583015 0.466867 0.813354 0.961185 0.286745 0.236731 0.270626 0.277482 0.377470 0.443896 0.235585 0.224504 0.318925 0.305693 0.595778 0.821803 0.619105 0.534201 0.773156 0.936776 0.708388 0.847244 0.000000 0.218864 0.788408 0.681314 0.362045 0.380392 0.889883 0.999775 0.880125 0.773052 0.925359 0.767268 0.650625 0.770759 0.973948 0.814705 0.956916 0.805131 0.658713 0.701412 0.731758 0.644688 0.731454 0.715690 0.873816 0.919666 0.378252 0.511429 0.319302 0.295849 0.534999 0.510684 0.260862 0.316962 0.250397 0.251994 0.508456 0.426760 0.768133 0.723177 0.501634 0.477160 0.886918 0.783859 0.776860 0.821169 0.694611 0.866464 0.951513 0.998897 0.524775 0.461775 0.306171 0.328167 0.355317 0.422105 0.323029 0.400283 0.791960 0.694933 0.557022 0.445060 0.614594 0.593831 0.488000 0.568580 0.977241 0.916433 0.912161 0.793940 0.905223 0.992421 0.896784 0.910490 0.845319 0.753638 0.879532 0.884167 0.941529 0.893770 0.679900 0.875293 0.823122 0.938847 0.934633 0.970973 0.720949 0.622575
0.313903 0.320694 0.600777 0.554862 0.884939 0.779949 0.676845 0.492687 0.802118 0.891075 0.297596 0.205981 0.286841 0.274334 0.364785 0.360311 0.218910 0.206813 0.371017 0.312726 0.566821 0.736222 0.598462 0.416018 0.648671 0.827704 0.621474 0.856549 0.218864 0.000000 0.747418 0.656062 0.409882 0.425041 0.877713 0.920852 0.759697 0.630878 0.911384 0.749445 0.613834 0.813498 0.908895 0.926845 0.892623 0.956387 0.681179 0.761515 0.927457 0.753046 0.829182 0.773225 0.915323 0.881002 0.391229 0.597029 0.298767 0.261358 0.596426 0.542639 0.256888 0.298170 0.291611 0.257185 0.393735 0.291831 0.801185 0.750038 0.461619 0.441599 0.835125 0.762407 0.857374 0.922364 0.673542 0.929351 0.828588 0.879031 0.559543 0.454741 0.310001 0.353647 0.304675 0.375964 0.332890 0.353604 0.672031 0.626583 0.548501 0.461354 0.444637 0.376550 0.367948 0.396235 0.875670 0.963630 0.786073 0.703568 0.702729 0.808670 0.786113 0.731281 0.977889 0.945840 0.969949 0.964752 0.978623 0.760822 0.695578 0.914843 0.844195 0.933553 0.767238 0.925654 0.762171 0.650540
0.774048 0.676672 0.501072 0.333080 0.777408 0.798329 0.268699 0.339279 0.815141 0.698253 0.899730 0.792220 0.723264 0.690214 0.724635 0.482307 0.731671 0.754174 0.612947 0.817600 0.669052 0.921973 0.242792 0.477148 0.727872 0.607584 0.760743 0.890117 0.788408 0.747418 0.000000 0.325721 0.441473 0.418400 0.530995 0.698210 0.675627 0.690929 0.946771 0.804403 0.904198 0.763978 0.430044 0.370149 0.530157 0.472177 0.424270 0.413174 0.589081 0.397989 0.352481 0.290579 0.324483 0.408431 0.530794 0.577521 0.662923 0.679635 0.480792 0.494709 0.586207 0.533657 0.622324 0.596291 0.759032 0.543748 0.297253 0.284680 0.991030 0.583494 0.513034 0.808053 0.409601 0.536506 0.672312 0.606448 0.451698 0.538385 0.422472 0.566203 0.709238 0.911279 0.655538 0.845656 0.712349 0.609679 0.909486 0.919310 0.819176 0.665414 0.986174 0.970465 0.994340 0.920514 0.638067 0.809849 0.770677 0.759643 0.616881 0.525690 0.905527 0.779738 0.705490 0.737220 0.459569 0.438408 0.618605 0.764280 0.916359 0.737153 0.659969 0.674200 0.580808 0.640449 0.407799 0.917091
0.632507 0.575237 0.528350 0.402170 0.834695 0.919338 0.386422 0.437278 0.919683 0.846298 0.922964 0.662778 0.589085 0.566199 0.648345 0.492778 0.600996 0.615122 0.488456 0.698818 0.618372 0.879358 0.355117 0.509242 0.640599 0.634803 0.673132 0.944856 0.681314 0.656062 0.325721 0.000000 0.408236 0.381314 0.640691 0.706276 0.667859 0.691759 0.930299 0.766705 0.906422 0.779973 0.553549 0.449649 0.688099 0.586492 0.421869 0.389310 0.656687 0.454256 0.467472 0.403368 0.448289 0.622953 0.479695 0.546455 0.565856 0.577125 0.462883 0.471807 0.541570 0.522868 0.530553 0.520825 0.682132 0.475801 0.450830 0.411894 0.817690 0.620730 0.723196 0.981685 0.577156 0.636622 0.653593 0.704269 0.703197 0.776140 0.465561 0.464903 0.559103 0.676598 0.460199 0.642947 0.554859 0.483130 0.984499 0.787564 0.653949 0.562324 0.851530 0.841096 0.835735 0.799595 0.782013 0.878547 0.944367 0.790924 0.754743 0.631566 0.962580 0.848753 0.691513 0.746856 0.602777 0.436247 0.650708 0.880677 0.977193 0.790643 0.586716 0.812945 0.724164 0.703585 0.454606 0.933924
0.293712 0.283372 0.472722 0.341640 0.967553 0.847072 0.320784 0.287727 0.768100 0.925929 0.588029 0.366137 0.377898 0.388321 0.522094 0.471028 0.313396 0.328468 0.259600 0.365158 0.498185 0.948933 0.362244 0.400367 0.591424 0.668929 0.606818 0.901248 0.362045 0.409882 0.441473 0.408236 0.000000 0.230586 0.623007 0.922637 0.668256 0.627527 0.967242 0.768445 0.720408 0.688620 0.664968 0.492519 0.782165 0.608544 0.353305 0.406194 0.568812 0.419207 0.455301 0.405068 0.610588 0.856845 0.313629 0.379682 0.251586 0.265460 0.282007 0.262052 0.296584 0.331679 0.258392 0.247522 0.480952 0.375736 0.416704 0.462115 0.490384 0.313561 0.941931 0.827079 0.614163 0.766909 0.665953 0.673030 0.792617 0.831828 0.275027 0.360028 0.307683 0.429729 0.334148 0.401546 0.283468 0.279004 0.988860 0.624210 0.499308 0.345557 0.612602 0.643472 0.590503 0.592392 0.855329 0.819787 0.839099 0.985399 0.872752 0.768728 0.912216 0.976280 0.792901 0.667022 0.558862 0.567664 0.730254 0.960681 0.792973 0.740876 0.670174 0.774232 0.843799 0.778128 0.487781 0.715767
0.324673 0.304749 0.500211 0.397011 0.910270 0.981906 0.320577 0.324310 0.771092 0.910539 0.564576 0.379882 0.350475 0.349618 0.474321 0.448807 0.315570 0.329096 0.275736 0.356021 0.580045 0.998991 0.382865 0.429771 0.613287 0.658245 0.536476 0.908503 0.380392 0.425041 0.418400 0.381314 0.230586 0.000000 0.665595 0.865374 0.632756 0.594843 0.915942 0.745700 0.709808 0.633927 0.694124 0.519311 0.778881 0.603742 0.364111 0.465983 0.573083 0.429277 0.473813 0.417586 0.588578 0.848789 0.314275 0.310146 0.284608 0.301339 0.316891 0.323643 0.310005 0.348392 0.242601 0.253341 0.545929 0.409526 0.481812 0.499483 0.531233 0.373243 0.925493 0.830428 0.602460 0.721807 0.656893 0.743752 0.803449 0.809243 0.348811 0.396151 0.316642 0.415544 0.388164 0.420377 0.315051 0.320266 0.979478 0.647888 0.467932 0.334622 0.636761 0.671386 0.584363 0.586321 0.847161 0.914488 0.886985 0.995255 0.860988 0.746430 0.880651 0.965796 0.749341 0.627497 0.680307 0.580849 0.691570 0.974099 0.853889 0.837668 0.725011 0.771349 0.849865 0.815610 0.494900 0.769856
0.873545 0.776108 0.555574 0.545508 0.931064 0.980042 0.611603 0.675511 0.952516 0.974508 0.904526 0.864589 0.892936 0.864130 0.851539 0.730146 0.777340 0.806790 0.706527 0.872337 0.872270 0.984088 0.485709 0.593244 0.590225 0.537147 0.745875 0.855485 0.889883 0.877713 0.530995 0.640691 0.623007 0.665595 0.000000 0.870735 0.594797 0.723893 0.777665 0.952672 0.819228 0.759578 0.594472 0.548866 0.802371 0.749292 0.552363 0.592520 0.852460 0.677097 0.672867 0.645485 0.657145 0.718263 0.717282 0.688248 0.780752 0.783478 0.745239 0.754365 0.852399 0.804609 0.855884 0.780584 0.672085 0.632544 0.506714 0.600330 0.860316 0.677821 0.763355 0.857110 0.704133 0.755219 0.755160 0.699591 0.584661 0.667286 0.671807 0.766805 0.783054 0.846942 0.722901 0.756604 0.719331 0.644129 0.828175 0.829031 0.781203 0.723237 0.942971 0.928515 0.957310 0.886881 0.809525 0.833371 0.896800 0.997139 0.868476 0.713912 0.968834 0.943959 0.824156 0.824062 0.532650 0.707365 0.702753 0.963705 0.893488 0.764881 0.652066 0.855692 0.810978 0.936687 0.658090 0.981912
0.934570 0.963808 0.792240 0.820091 0.899987 0.987895 0.863747 0.929539 0.993115 0.951869 0.913990 0.952600 0.923440 0.884950 0.934098 0.937604 0.968749 0.977172 0.998511 0.951900 0.945552 0.964361 0.847646 0.952038 0.846378 0.849990 0.721923 0.901997 0.999775 0.920852 0.698210 0.706276 0.922637 0.865374 0.870735 0.000000 0.774557 0.645518 0.886101 0.871977 0.981186 0.930740 0.858173 0.808179 0.850634 0.882437 0.904150 0.858181 0.940455 0.903173 0.920247 0.864479 0.788409 0.808182 0.943795 0.916553 0.933754 0.974690 0.980937 0.969374 0.975267 0.913493 0.971633 0.976311 0.866135 0.822568 0.766495 0.690908 0.874272 0.931672 0.762636 0.825172 0.822323 0.998648 0.843301 0.922216 0.976068 0.742884 0.943253 0.916489 0.977244 0.917231 0.854870 0.998945 0.995770 0.938250 0.988789 0.862238 0.867695 0.985166 0.903658 0.875318 0.904473 0.910202 0.985783 0.868500 0.857857 0.730240 0.961031 0.988605 0.909968 0.977406 0.877340 0.932534 0.939282 0.858528 0.944162 0.928974 0.832256 0.913961 0.893998 0.912390 0.927073 0.947112 0.884150 0.839173
0.714437 0.611947 0.482823 0.518051 0.789476 0.944508 0.728666 0.762808 0.714192 0.759902 0.907812 0.800311 0.871330 0.873600 0.911198 0.816602 0.694593 0.710084 0.652302 0.731431 0.716769 0.904806 0.641771 0.625728 0.407237 0.467901 0.506541 0.972241 0.880125 0.759697 0.675627 0.667859 0.668256 0.632756 0.594797 0.774557 0.000000 0.506322 0.655447 0.681506 0.631886 0.677495 0.862524 0.755916 0.927166 0.986687 0.620172 0.759729 0.953162 0.819418 0.878318 0.792542 0.871559 0.993198 0.664858 0.653213 0.651052 0.647799 0.704774 0.711325 0.842057 0.846678 0.774155 0.741277 0.583499 0.619175 0.613990 0.720263 0.660888 0.623403 0.854328 0.899268 0.903987 0.993156 0.732325 0.921106 0.952046 0.915361 0.778958 0.782022 0.745470 0.804215 0.628253 0.583684 0.660804 0.589027 0.738349 0.754665 0.784386 0.679394 0.570458 0.635921 0.585165 0.592115 0.974167 0.943003 0.961563 0.969422 0.818827 0.949375 0.739501 0.812847 0.986925 0.886933 0.736155 0.715937 0.919552 0.887413 0.973161 0.813897 0.875080 0.964941 0.954822 0.994359 0.764424 0.956258
0.606708 0.528845 0.592298 0.595734 0.756691 0.914231 0.753622 0.714118 0.775888 0.706309 0.783010 0.702189 0.789417 0.827219 0.940097 0.807983 0.638064 0.621010 0.649675 0.631454 0.734444 0.870697 0.706713 0.686680 0.521757 0.597923 0.605695 0.919289 0.773052 0.630878 0.690929 0.691759 0.627527 0.594843 0.723893 0.645518 0.506322 0.000000 0.588064 0.731158 0.627006 0.705295 0.994433 0.853029 0.865475 0.994968 0.688282 0.782795 0.929809 0.860633 0.929410 0.832292 0.922448 0.903312 0.639407 0.638440 0.541252 0.534538 0.705629 0.679383 0.719067 0.709697 0.692241 0.609506 0.577985 0.555878 0.747643 0.724239 0.592088 0.494104 0.971977 0.851919 0.933074 0.913858 0.798276 0.965696 0.936499 0.947322 0.731357 0.742332 0.635971 0.736309 0.573327 0.554985 0.652981 0.560985 0.764091 0.784191 0.687964 0.560498 0.517193 0.482400 0.551912 0.433478 0.876391 0.972083 0.980152 0.909566 0.720039 0.842287 0.812765 0.699282 0.933617 0.922368 0.897211 0.862814 0.869183 0.848300 0.993092 0.878889 0.914804 0.789455 0.825639 0.923709 0.835967 0.724076
