0.000000 0.381980 0.863268 0.696492 0.842103 0.548336 0.555130 0.412203 0.772579 0.714940 0.401775 0.355134 0.523242 0.467784 0.879946 0.517270 0.372365 0.365588 0.410805 0.376613 0.929055 0.931890 0.874941 0.837767 0.989902 0.878001 0.970760 0.933718 0.508017 0.431646 0.670864 0.538708 0.436553 0.436499 0.786485 0.892920 0.712385 0.846059 0.978394 0.859175 0.868140 0.880689 0.513759 0.475321 0.523359 0.557127 0.570903 0.632840 0.773849 0.704984 0.723607 0.779773 0.886431 0.876052 0.912434 0.836538 0.323250 0.481101 0.485706 0.869123 0.483203 0.604371 0.414404 0.450287 0.984146 0.692946 0.528546 0.582186 0.744046 0.661336 0.638535 0.653117 0.760832 0.634568 0.936477 0.694073 0.614782 0.733454 0.712934 0.616435 0.390606 0.452207 0.598546 0.718858 0.794024 0.785247 0.997400 0.911992 0.948678 0.922905 0.549114 0.787938 0.621992 0.825860 0.743595 0.768694 0.731349 0.731080 0.409799 0.459590 0.585156 0.603715 0.495451 0.540660 0.666902 0.789107 0.952240 0.854886 0.950836 0.917162 0.932675 0.620372 0.719985 0.848762 0.802507 0.949739
0.381980 0.000000 0.860965 0.942135 0.996031 0.710738 0.808646 0.580775 0.957927 0.727400 0.697592 0.396779 0.849202 0.708676 0.914514 0.633687 0.270009 0.281221 0.650617 0.511289 0.958941 0.940278 0.876495 0.936097 0.968072 0.954622 0.963338 0.921845 0.463102 0.313547 0.881629 0.706985 0.642020 0.631449 0.899979 0.969544 0.845643 0.897598 0.913608 0.742404 0.813360 0.852991 0.646312 0.575537 0.513666 0.459623 0.756561 0.703524 0.573152 0.614128 0.579164 0.678430 0.883095 0.863806 0.871689 0.838717 0.234020 0.238984 0.725772 0.763201 0.767064 0.468525 0.661129 0.378888 0.746350 0.773466 0.775294 0.746343 0.571114 0.550290 0.834842 0.868637 0.754915 0.691593 0.760386 0.690780 0.775541 0.794278 0.593289 0.505705 0.255272 0.364547 0.600133 0.559828 0.959914 0.842803 0.907916 0.995456 0.997521 0.943621 0.776078 0.980261 0.829311 0.945527 0.640741 0.914971 0.600485 0.826683 0.543853 0.632728 0.760212 0.828355 0.549127 0.711670 0.803664 0.921127 0.988905 0.996393 0.991551 0.861222 0.783741 0.522444 0.823789 0.811948 0.705079 0.868079
0.863268 0.860965 0.000000 0.255024 0.856387 0.829925 0.284736 0.434631 0.674371 0.778143 0.542411 0.916398 0.407494 0.505274 0.512926 0.606285 0.829258 0.965753 0.437405 0.641456 0.881797 0.982553 0.307867 0.425523 0.701611 0.480183 0.983499 0.904727 0.870178 0.975066 0.378960 0.430583 0.533772 0.476255 0.601843 0.776197 0.857255 0.958602 0.834176 0.861718 0.899345 0.733565 0.538974 0.614936 0.718984 0.801942 0.598920 0.565509 0.988787 0.936223 0.901896 0.913657 0.891678 0.825183 0.699150 0.893866 0.858886 0.721304 0.666124 0.985517 0.487276 0.941147 0.728989 0.739177 0.336573 0.529111 0.393938 0.490966 0.785143 0.807439 0.627133 0.584641 0.965415 0.824901 0.956571 0.846826 0.620016 0.667635 0.909729 0.908316 0.773853 0.964840 0.832366 0.807503 0.428644 0.580734 0.683115 0.729558 0.927208 0.958319 0.559085 0.556774 0.661967 0.616900 0.877929 0.918735 0.992060 0.985826 0.683577 0.585516 0.639066 0.594647 0.892897 0.820432 0.791295 0.741558 0.964705 0.789565 0.868904 0.800262 0.938546 0.941068 0.774538 0.991223 0.983468 0.841412
0.696492 0.942135 0.255024 0.000000 0.939022 0.727398 0.250856 0.309022 0.696709 0.789931 0.408754 0.715631 0.362926 0.367002 0.575069 0.552491 0.977972 0.823610 0.320954 0.460725 0.941507 0.983946 0.330110 0.293138 0.666078 0.500030 0.976210 0.789490 0.727596 0.844343 0.312689 0.344737 0.396191 0.359115 0.570489 0.753282 0.809163 0.963302 0.784150 0.922677 0.929124 0.764546 0.472194 0.528905 0.654086 0.743888 0.506673 0.503075 0.991524 0.903682 0.858881 0.901218 0.888824 0.852007 0.693897 0.830758 0.923276 0.887868 0.619191 0.944983 0.428253 0.919633 0.585847 0.918662 0.420178 0.431812 0.322991 0.382134 0.896334 0.894033 0.590779 0.560356 0.862052 0.723077 0.848807 0.800702 0.593797 0.624124 0.897332 0.844768 0.992565 0.764291 0.719651 0.933132 0.408550 0.464898 0.739842 0.682240 0.841049 0.817274 0.521418 0.600936 0.631218 0.674519 0.866355 0.838445 0.936076 0.918195 0.592775 0.464439 0.538263 0.502733 0.782327 0.682073 0.709244 0.717220 0.915980 0.849388 0.800119 0.807593 0.910810 0.885672 0.745695 0.971713 0.971447 0.797622
0.842103 0.996031 0.856387 0.939022 0.000000 0.905389 0.855811 0.872213 0.743224 0.784523 0.878201 0.846909 0.747096 0.798313 0.733776 0.742149 0.990113 0.926655 0.867907 0.889570 0.835146 0.913090 0.802634 0.960573 0.989488 0.961953 0.986891 0.991938 0.933121 0.844012 0.836230 0.883755 0.803012 0.825667 0.879450 0.903300 0.793310 0.824353 0.943028 0.970822 0.875292 0.963325 0.836709 0.870089 0.906139 0.948799 0.903501 0.838674 0.970852 0.938440 0.854826 0.810049 0.814617 0.775391 0.937794 0.925166 0.957735 0.981402 0.677985 0.854526 0.702988 0.984357 0.737502 0.833341 0.851312 0.921283 0.786924 0.830711 0.837390 0.874665 0.871254 0.732987 0.924576 0.942904 0.901816 0.921126 0.937259 0.926594 0.969358 0.919889 0.938400 0.908002 0.894128 0.980957 0.942967 0.973178 0.962566 0.825546 0.821141 0.814375 0.687035 0.730832 0.714505 0.693267 0.959674 0.920504 0.907708 0.952598 0.777941 0.884242 0.955230 0.916829 0.757343 0.788209 0.995101 0.651792 0.750725 0.748866 0.972520 0.974793 0.923313 0.839724 0.877073 0.839266 0.775303 0.890547
0.548336 0.710738 0.829925 0.727398 0.905389 0.000000 0.604297 0.534995 0.617452 0.664841 0.550512 0.543227 0.639964 0.700565 0.868119 0.568576 0.658098 0.598611 0.557126 0.585784 0.814061 0.882643 0.864124 0.800485 0.991284 0.780582 0.971886 0.833222 0.736979 0.631086 0.743290 0.608734 0.620910 0.535782 0.948813 0.954342 0.853662 0.915443 0.910608 0.979324 0.952395 0.984390 0.531092 0.538397 0.611873 0.621277 0.655742 0.632107 0.833878 0.788354 0.862989 0.849413 0.897153 0.804242 0.996279 0.949463 0.624377 0.856732 0.794599 0.889156 0.584957 0.680649 0.732616 0.756136 0.911325 0.669320 0.673026 0.605650 0.926422 0.990098 0.748697 0.752042 0.828626 0.699958 0.986362 0.752484 0.686214 0.674928 0.596286 0.678964 0.696011 0.658683 0.967315 0.934205 0.913798 0.879652 0.942451 0.884841 0.998973 0.981138 0.610151 0.759623 0.687233 0.727515 0.995812 0.952439 0.769144 0.869360 0.502040 0.632746 0.680212 0.613194 0.646996 0.573342 0.929976 0.888884 0.790692 0.925914 0.924739 0.911354 0.992450 0.677313 0.917012 0.806023 0.984004 0.848784
0.555130 0.808646 0.284736 0.250856 0.855811 0.604297 0.000000 0.216162 0.557150 0.551191 0.339819 0.584100 0.326814 0.350188 0.535769 0.419140 0.813728 0.653577 0.267553 0.424863 0.863769 0.901076 0.363151 0.475976 0.857514 0.541071 0.935769 0.915517 0.609478 0.674312 0.360867 0.325345 0.347247 0.291544 0.680528 0.791386 0.729020 0.970361 0.847923 0.978534 0.984698 0.825268 0.353126 0.426277 0.456278 0.550417 0.493918 0.417080 0.866266 0.758235 0.721828 0.703388 0.752654 0.659470 0.754690 0.799540 0.800138 0.982335 0.526903 0.910329 0.320964 0.791191 0.548222 0.920704 0.502262 0.426105 0.284012 0.360862 0.922209 0.992731 0.487406 0.472956 0.840475 0.690896 0.935794 0.735623 0.471889 0.565317 0.820767 0.720081 0.874827 0.727021 0.731622 0.993350 0.490539 0.603808 0.801680 0.819325 0.970463 0.946120 0.372370 0.470393 0.512797 0.530583 0.755761 0.806654 0.816248 0.888748 0.413206 0.364401 0.469939 0.435332 0.675113 0.624110 0.736465 0.627822 0.961404 0.798074 0.888854 0.866729 0.874146 0.742327 0.617564 0.917183 0.878168 0.942272
0.412203 0.580775 0.434631 0.309022 0.872213 0.534995 0.216162 0.000000 0.576262 0.531103 0.296176 0.419217 0.380179 0.319146 0.683176 0.409832 0.604443 0.475553 0.233563 0.298989 0.925339 0.910413 0.495325 0.499080 0.880407 0.575950 0.879314 0.915689 0.464879 0.514340 0.380392 0.311529 0.281220 0.255616 0.726063 0.813255 0.679084 0.952644 0.832073 0.986168 0.950112 0.902650 0.322025 0.379284 0.382265 0.459564 0.479237 0.434586 0.753102 0.686383 0.636077 0.682403 0.739478 0.686950 0.777479 0.782281 0.577075 0.748092 0.510002 0.873173 0.341959 0.631605 0.469889 0.726504 0.674787 0.436650 0.325983 0.341352 0.933600 0.856774 0.505645 0.464046 0.741610 0.566058 0.817535 0.660910 0.459074 0.553559 0.709391 0.645232 0.667926 0.554448 0.649585 0.851087 0.603738 0.622701 0.877452 0.824470 0.960934 0.910879 0.391390 0.572465 0.510015 0.653874 0.729145 0.803675 0.692343 0.839473 0.356861 0.322926 0.429807 0.445514 0.555181 0.539402 0.708113 0.674882 0.996801 0.803857 0.842733 0.920698 0.845332 0.690209 0.610108 0.870029 0.837621 0.989882
0.772579 0.957927 0.674371 0.696709 0.743224 0.617452 0.557150 0.576262 0.000000 0.453012 0.651100 0.761362 0.636506 0.720478 0.686243 0.586216 0.838118 0.805093 0.723451 0.716623 0.882068 0.907217 0.753510 0.939100 0.877186 0.827122 0.950031 0.798926 0.713868 0.744896 0.748788 0.751022 0.693437 0.632912 0.967976 0.887475 0.812860 0.795679 0.996884 0.895537 0.974039 0.918752 0.581768 0.601880 0.618269 0.686316 0.792760 0.714804 0.881209 0.823231 0.737730 0.669764 0.616802 0.535498 0.948633 0.896526 0.919895 0.966502 0.616131 0.884221 0.578389 0.895240 0.744606 0.910333 0.816351 0.838586 0.676869 0.745964 0.913539 0.962657 0.663924 0.548592 0.781961 0.782715 0.971638 0.894475 0.550388 0.712425 0.814924 0.824636 0.966253 0.978326 0.989587 0.879468 0.991133 0.882811 0.880564 0.930612 0.861866 0.829281 0.482234 0.475730 0.566167 0.484774 0.972776 0.839471 0.807581 0.917070 0.567626 0.562747 0.644362 0.552406 0.661335 0.641702 0.847388 0.567305 0.711074 0.756714 0.927005 0.976318 0.929030 0.760916 0.647314 0.710671 0.833091 0.867946
0.714940 0.727400 0.778143 0.789931 0.784523 0.664841 0.551191 0.531103 0.453012 0.000000 0.686283 0.698477 0.693722 0.689207 0.629865 0.506377 0.661049 0.576002 0.661036 0.713159 0.961793 0.903916 0.742937 0.980306 0.789325 0.950708 0.904233 0.928958 0.612742 0.560832 0.701716 0.666493 0.721629 0.596483 0.992971 0.971187 0.770607 0.934530 0.938539 0.925197 0.848506 0.970882 0.514758 0.547039 0.514746 0.525755 0.890545 0.670799 0.808784 0.753390 0.636639 0.590256 0.621023 0.518935 0.873736 0.982807 0.693158 0.775772 0.667274 0.966429 0.620377 0.813300 0.739825 0.713410 0.993421 0.867523 0.672942 0.745167 0.999432 0.878403 0.506898 0.469943 0.792715 0.721063 0.940515 0.778838 0.526476 0.573800 0.712503 0.739088 0.801625 0.974538 0.884288 0.994192 0.984958 0.828685 0.889773 0.885439 0.789223 0.669415 0.401843 0.454659 0.449034 0.457438 0.811151 0.974518 0.618164 0.836699 0.482724 0.502805 0.582798 0.567953 0.524113 0.674685 0.877603 0.562851 0.834830 0.612180 0.997103 0.972152 0.787061 0.645703 0.593084 0.702519 0.722254 0.743065
0.401775 0.697592 0.542411 0.408754 0.878201 0.550512 0.339819 0.296176 0.651100 0.686283 0.000000 0.444502 0.341746 0.325607 0.777089 0.542462 0.635971 0.567560 0.264680 0.371001 0.948100 0.852335 0.614546 0.613080 0.995177 0.684941 0.883084 0.911899 0.541134 0.572994 0.474889 0.431530 0.365137 0.311533 0.677486 0.854569 0.696445 0.974077 0.823632 0.923738 0.904968 0.955247 0.473424 0.510039 0.534948 0.623094 0.495179 0.518713 0.889608 0.774798 0.757850 0.831478 0.818566 0.795721 0.777842 0.781627 0.630514 0.827727 0.548094 0.892980 0.308216 0.678868 0.389008 0.689677 0.725863 0.501620 0.365799 0.388767 0.953491 0.946180 0.542069 0.629023 0.784159 0.678627 0.941295 0.693493 0.570267 0.601956 0.832005 0.740056 0.650557 0.570825 0.819054 0.831851 0.631111 0.644514 0.894034 0.844058 0.879681 0.890609 0.505072 0.668188 0.636312 0.720906 0.818869 0.700457 0.848228 0.866752 0.482702 0.431010 0.478097 0.556515 0.638747 0.571607 0.777231 0.724829 0.981433 0.829848 0.870230 0.944898 0.932215 0.759260 0.638693 0.995457 0.886797 0.878218
0.355134 0.396779 0.916398 0.715631 0.846909 0.543227 0.584100 0.419217 0.761362 0.698477 0.444502 0.000000 0.649632 0.535027 0.998471 0.575778 0.384227 0.318989 0.488838 0.386740 0.862605 0.878429 0.900345 0.838754 0.870982 0.882880 0.927000 0.996615 0.431379 0.350162 0.699768 0.637233 0.433243 0.449708 0.874966 0.855378 0.618548 0.820123 0.855957 0.862771 0.697484 0.869771 0.622408 0.583595 0.440968 0.520600 0.659556 0.589024 0.695618 0.667203 0.667243 0.700073 0.810999 0.755942 0.885938 0.826251 0.381799 0.452368 0.528121 0.647258 0.454113 0.371705 0.469943 0.377217 0.962023 0.569640 0.539948 0.484605 0.707504 0.522552 0.740121 0.705973 0.673525 0.585212 0.888334 0.716283 0.685809 0.767583 0.604106 0.574099 0.352437 0.405297 0.699857 0.594720 0.879654 0.777876 0.994578 0.968916 0.934988 0.892637 0.616316 0.860821 0.688166 0.862428 0.698535 0.874576 0.714040 0.788056 0.491209 0.557413 0.609612 0.640125 0.563000 0.599177 0.797996 0.774622 0.933611 0.894485 0.901345 0.911934 0.863510 0.697263 0.803847 0.874234 0.771425 0.912491
0.523242 0.849202 0.407494 0.362926 0.747096 0.639964 0.326814 0.380179 0.636506 0.693722 0.341746 0.649632 0.000000 0.306067 0.455099 0.444224 0.857173 0.724460 0.324448 0.444134 0.810972 0.967773 0.399005 0.485321 0.849114 0.680435 0.882363 0.811133 0.695892 0.713558 0.479981 0.446509 0.401486 0.355063 0.632990 0.793693 0.825026 0.991546 0.869686 0.998807 0.980287 0.881248 0.453068 0.501067 0.707770 0.780806 0.489644 0.565294 0.886184 0.966146 0.897111 0.898786 0.920369 0.792453 0.752747 0.904591 0.784642 0.986424 0.515392 0.957950 0.338572 0.958789 0.372740 0.852370 0.511736 0.548089 0.338670 0.494290 0.946757 0.997868 0.447992 0.552928 0.920142 0.840711 0.948305 0.684962 0.550708 0.553446 0.997220 0.836063 0.857994 0.805372 0.744151 0.867116 0.488113 0.576554 0.749057 0.868310 0.814088 0.939151 0.479507 0.552756 0.631782 0.578733 0.892308 0.763402 0.897421 0.869045 0.466033 0.458643 0.564730 0.559770 0.645430 0.575342 0.762148 0.665775 0.927878 0.708477 0.829770 0.894883 0.988873 0.761119 0.742867 0.903177 0.930769 0.853873
0.467784 0.708676 0.505274 0.367002 0.798313 0.700565 0.350188 0.319146 0.720478 0.689207 0.325607 0.535027 0.306067 0.000000 0.572651 0.404262 0.754522 0.581225 0.304342 0.362651 0.878173 0.946226 0.480297 0.475826 0.851691 0.727692 0.970043 0.821808 0.598192 0.554243 0.405064 0.373885 0.300223 0.291797 0.654977 0.723703 0.633808 0.981945 0.752275 0.905232 0.989731 0.896214 0.483158 0.541402 0.640790 0.739591 0.578633 0.559777 0.925512 0.935660 0.790392 0.845908 0.897192 0.805415 0.900415 0.934909 0.644262 0.826311 0.520637 0.900062 0.351181 0.815169 0.338133 0.704797 0.631202 0.473458 0.337456 0.379603 0.952730 0.906710 0.532027 0.510484 0.861789 0.722110 0.847844 0.646839 0.576625 0.602558 0.799013 0.755427 0.708929 0.666701 0.632122 0.864620 0.523130 0.492723 0.837559 0.828815 0.782092 0.827646 0.473446 0.679100 0.589706 0.724834 0.846492 0.664385 0.833570 0.861114 0.455097 0.465313 0.478065 0.573138 0.675698 0.680920 0.723053 0.706768 0.997200 0.768227 0.760100 0.930808 0.890256 0.820584 0.733237 0.987289 0.898836 0.883921
0.879946 0.914514 0.512926 0.575069 0.733776 0.868119 0.535769 0.683176 0.686243 0.629865 0.777089 0.998471 0.455099 0.572651 0.000000 0.524107 0.890583 0.983550 0.700082 0.805590 0.830881 0.931067 0.427888 0.668678 0.806176 0.775311 0.763255 0.718289 0.939146 0.935121 0.599524 0.682262 0.704112 0.687610 0.756736 0.848251 0.953625 0.990419 0.925393 0.939526 0.910518 0.810467 0.620426 0.726824 0.859172 0.910726 0.829413 0.786776 0.787120 0.892839 0.948048 0.895604 0.913933 0.760453 0.970928 0.870976 0.979528 0.872517 0.674248 0.916509 0.611391 0.779991 0.703608 0.952138 0.487686 0.777833 0.554567 0.741392 0.742643 0.880136 0.538510 0.515034 0.925622 0.954064 0.980808 0.847087 0.595299 0.681126 0.982791 0.980217 0.835626 0.799804 0.806512 0.755949 0.566791 0.753930 0.686353 0.921171 0.964221 0.942591 0.533325 0.503686 0.626069 0.489971 0.935453 0.923542 0.939155 0.842415 0.640161 0.663053 0.813946 0.645250 0.754982 0.776230 0.797935 0.647296 0.792111 0.657436 0.913105 0.740463 0.949806 0.805455 0.874915 0.887959 0.955287 0.915504
0.517270 0.633687 0.606285 0.552491 0.742149 0.568576 0.419140 0.409832 0.586216 0.506377 0.542462 0.575778 0.444224 0.404262 0.524107 0.000000 0.683771 0.540851 0.479713 0.468502 0.773178 0.919154 0.556388 0.670979 0.902892 0.661587 0.945124 0.886048 0.556112 0.509416 0.532341 0.476156 0.420162 0.426158 0.772794 0.748211 0.685568 0.864188 0.946020 0.909642 0.997170 0.930917 0.443637 0.516935 0.560430 0.602230 0.674180 0.597289 0.914491 0.830835 0.667410 0.683605 0.813017 0.656714 0.995331 0.988398 0.616472 0.746154 0.525569 0.811806 0.428253 0.723460 0.574860 0.714731 0.704836 0.538684 0.463783 0.519569 0.928616 0.853346 0.564997 0.520323 0.838825 0.740430 0.864642 0.692780 0.548690 0.706495 0.736657 0.627547 0.665541 0.731593 0.702284 0.934535 0.621246 0.673735 0.828047 0.988668 0.975327 0.866722 0.402549 0.611738 0.528155 0.575680 0.795215 0.892199 0.669064 0.796338 0.412603 0.527883 0.513894 0.543667 0.588766 0.703454 0.813749 0.762239 0.849883 0.737130 0.861124 0.917016 0.821967 0.613463 0.670580 0.882650 0.855009 0.949528
0.372365 0.270009 0.829258 0.977972 0.990113 0.658098 0.813728 0.604443 0.838118 0.661049 0.635971 0.384227 0.857173 0.754522 0.890583 0.683771 0.000000 0.270703 0.676660 0.557239 0.911363 0.891674 0.854517 0.945249 0.839753 0.896796 0.893066 0.941077 0.445088 0.320052 0.865991 0.753533 0.672772 0.608051 0.927158 0.999175 0.755847 0.793011 0.919473 0.700562 0.747118 0.776276 0.693503 0.585685 0.517386 0.509757 0.813053 0.751825 0.633441 0.645215 0.616146 0.647262 0.834692 0.799493 0.976040 0.808737 0.271356 0.293693 0.718020 0.746281 0.711637 0.464752 0.625827 0.334117 0.678622 0.809562 0.777884 0.730921 0.579834 0.555819 0.796989 0.806107 0.725121 0.633505 0.894419 0.647584 0.775850 0.800761 0.637602 0.606883 0.272446 0.461200 0.748722 0.537025 0.873768 0.966029 0.898543 0.887075 0.912691 0.962132 0.722647 0.929783 0.768942 0.955555 0.641104 0.934256 0.647278 0.728549 0.580339 0.592143 0.710304 0.765434 0.588479 0.636655 0.774304 0.878525 0.921826 0.895675 0.981613 0.836287 0.835832 0.556067 0.754737 0.842428 0.764557 0.795526
0.365588 0.281221 0.965753 0.823610 0.926655 0.598611 0.653577 0.475553 0.805093 0.576002 0.567560 0.318989 0.724460 0.581225 0.983550 0.540851 0.270703 0.000000 0.543589 0.488634 0.885761 0.980037 0.988000 0.923035 0.848929 0.956696 0.906282 0.919418 0.414095 0.253710 0.733868 0.589504 0.513844 0.514791 0.982303 0.886328 0.692505 0.855072 0.946179 0.769331 0.821925 0.865842 0.583969 0.521420 0.436514 0.439686 0.741215 0.631850 0.694854 0.651683 0.614854 0.598529 0.812350 0.760342 0.945332 0.876669 0.260659 0.325498 0.672522 0.755828 0.577475 0.458475 0.533827 0.306610 0.816333 0.679646 0.619217 0.604152 0.679293 0.561009 0.688203 0.693026 0.724805 0.597665 0.878173 0.670867 0.682323 0.685679 0.468051 0.488830 0.260614 0.442239 0.680524 0.588674 0.968574 0.863462 0.940957 0.892123 0.994292 0.960058 0.579297 0.826408 0.630252 0.849907 0.730575 0.871444 0.583489 0.839613 0.468172 0.507051 0.592662 0.665840 0.536180 0.637502 0.725848 0.786502 0.874702 0.916777 0.963236 0.859765 0.861668 0.554852 0.718337 0.840213 0.748899 0.863894
0.410805 0.650617 0.437405 0.320954 0.867907 0.557126 0.267553 0.233563 0.723451 0.661036 0.264680 0.488838 0.324448 0.304342 0.700082 0.479713 0.676660 0.543589 0.000000 0.328505 0.952889 0.902679 0.504830 0.475112 0.860248 0.637978 0.925675 0.901222 0.551251 0.579222 0.387117 0.326544 0.312414 0.266173 0.659795 0.832872 0.765219 0.990806 0.834505 0.984254 0.949201 0.883679 0.386798 0.426937 0.520481 0.580252 0.475396 0.453907 0.896584 0.781311 0.806727 0.828967 0.890059 0.863488 0.741172 0.826950 0.613495 0.827846 0.575660 0.948387 0.373237 0.754663 0.441146 0.763745 0.673685 0.467892 0.337809 0.369098 0.975491 0.910185 0.515103 0.597177 0.833431 0.665721 0.832041 0.643404 0.562028 0.599742 0.768799 0.689755 0.697860 0.549557 0.711850 0.915890 0.554884 0.580103 0.855708 0.821936 0.830035 0.896287 0.465602 0.638705 0.602724 0.736234 0.816742 0.753866 0.793419 0.890480 0.403297 0.385780 0.483510 0.511864 0.621164 0.578260 0.713780 0.742368 0.991606 0.812892 0.893399 0.880554 0.955522 0.681848 0.623281 0.928041 0.926542 0.941094
0.376613 0.511289 0.641456 0.460725 0.889570 0.585784 0.424863 0.298989 0.716623 0.713159 0.371001 0.386740 0.444134 0.362651 0.805590 0.468502 0.557239 0.488634 0.328505 0.000000 0.871077 0.997056 0.676203 0.579620 0.873504 0.707157 0.881652 0.897559 0.432497 0.530046 0.535428 0.428486 0.314906 0.338345 0.769386 0.822764 0.687434 0.950669 0.854419 0.889034 0.894568 0.970593 0.465747 0.475419 0.513953 0.558363 0.490902 0.523674 0.749916 0.699055 0.687247 0.764861 0.803388 0.810893 0.796964 0.816621 0.515718 0.628761 0.517915 0.775643 0.446746 0.571947 0.469523 0.667685 0.781401 0.509111 0.467804 0.453286 0.731498 0.751877 0.596830 0.652437 0.708764 0.586295 0.814466 0.604917 0.583090 0.640746 0.786205 0.663995 0.552944 0.422917 0.606012 0.766223 0.623654 0.587873 0.793253 0.778517 0.895587 0.859742 0.551138 0.778537 0.694125 0.843410 0.739328 0.857913 0.797275 0.822534 0.454564 0.421436 0.568932 0.606260 0.580721 0.586995 0.676569 0.758712 0.983181 0.876039 0.801374 0.988478 0.900295 0.671367 0.690461 0.913673 0.901591 0.968220
0.929055 0.958941 0.881797 0.941507 0.835146 0.814061 0.863769 0.925339 0.882068 0.961793 0.948100 0.862605 0.810972 0.878173 0.830881 0.773178 0.911363 0.885761 0.952889 0.871077 0.000000 0.939477 0.872121 0.915505 0.968450 0.951972 0.920464 0.900572 0.995457 0.893375 0.891902 0.956755 0.806026 0.822163 0.995539 0.812810 0.849970 0.812508 0.941123 0.761794 0.881200 0.971962 0.940911 0.977762 0.969101 0.986650 0.962176 0.929883 0.903365 0.894097 0.981088 0.929448 0.967565 0.845428 0.932238 0.985072 0.988129 0.961562 0.750456 0.713174 0.740954 0.898425 0.902365 0.923018 0.802237 0.775122 0.804207 0.791625 0.949990 0.957404 0.761594 0.921446 0.986981 0.905422 0.922712 0.838699 0.922768 0.842237 0.987461 0.836562 0.871551 0.976950 0.985087 0.964773 0.889690 0.826115 0.883590 0.854036 0.921781 0.935602 0.860145 0.875663 0.893171 0.782399 0.979607 0.864696 0.901569 0.943470 0.792075 0.940697 0.870345 0.956354 0.994522 0.936602 0.917377 0.823286 0.859230 0.953042 0.991796 0.976410 0.846728 0.780085 0.977298 0.998269 0.883031 0.933777
0.931890 0.940278 0.982553 0.983946 0.913090 0.882643 0.901076 0.910413 0.907217 0.903916 0.852335 0.878429 0.967773 0.946226 0.931067 0.919154 0.891674 0.980037 0.902679 0.997056 0.939477 0.000000 0.990957 0.903845 0.869033 0.822692 0.808602 0.875522 0.891083 0.921485 0.941807 0.942767 0.940725 0.961936 0.995501 0.995391 0.902920 0.831447 0.963294 0.881292 0.890003 0.974645 0.876881 0.962629 0.941966 0.920805 0.954065 0.983296 0.887037 0.877710 0.996303 0.981115 0.925690 0.974190 0.992750 0.840705 0.968810 0.989684 0.951891 0.974452 0.952410 0.890972 0.994889 0.993746 0.987928 0.971655 0.951144 0.912295 0.949651 0.969958 0.980348 0.962047 0.833760 0.998449 0.904774 0.990370 0.984152 0.862150 0.933110 0.959113 0.933474 0.985126 0.846213 0.968350 0.978402 0.849222 0.957885 0.942419 0.924343 0.814991 0.990763 0.984719 0.978782 0.927337 0.947508 0.900157 0.998647 0.966869 0.963031 0.979169 0.906997 0.840360 0.939335 0.933532 0.792984 0.987440 0.908542 0.946984 0.963563 0.900456 0.987899 0.894658 0.893893 0.958221 0.909074 0.923686
0.874941 0.876495 0.307867 0.330110 0.802634 0.864124 0.363151 0.495325 0.753510 0.742937 0.614546 0.900345 0.399005 0.480297 0.427888 0.556388 0.854517 0.988000 0.504830 0.676203 0.872121 0.990957 0.000000 0.401104 0.604158 0.613349 0.807289 0.876136 0.956525 0.936272 0.405129 0.463092 0.484665 0.479333 0.549295 0.661315 0.845490 0.993688 0.804193 0.865402 0.985883 0.700421 0.624473 0.729193 0.892238 0.956213 0.677305 0.681865 0.734329 0.851394 0.964615 0.948797 0.984537 0.821552 0.905593 0.956856 0.896173 0.801257 0.668898 0.911053 0.488923 0.949704 0.630743 0.900606 0.360926 0.459749 0.396752 0.455381 0.735160 0.784906 0.555468 0.578425 0.925525 0.960388 0.891899 0.818403 0.665951 0.688803 0.913890 0.911011 0.862822 0.975462 0.760495 0.718030 0.366549 0.518354 0.729919 0.828353 0.794760 0.840207 0.596021 0.603851 0.666473 0.614623 0.932025 0.885549 0.981414 0.873984 0.702833 0.625289 0.674980 0.581219 0.881023 0.773521 0.818432 0.680709 0.947715 0.739215 0.960316 0.751547 0.981694 0.965765 0.863348 0.999592 0.955160 0.846213
0.837767 0.936097 0.425523 0.293138 0.960573 0.800485 0.475976 0.499080 0.939100 0.980306 0.613080 0.838754 0.485321 0.475826 0.668678 0.670979 0.945249 0.923035 0.475112 0.579620 0.915505 0.903845 0.401104 0.000000 0.489962 0.619135 0.860759 0.796931 0.907316 0.889789 0.443224 0.433112 0.490319 0.473762 0.652586 0.773295 0.939820 0.933851 0.720669 0.957227 0.878181 0.672060 0.639476 0.692690 0.862758 0.925118 0.614811 0.659221 0.884354 0.941958 0.963642 0.939438 0.882516 0.977502 0.727992 0.943615 0.954215 0.902534 0.809781 0.930175 0.631303 0.971112 0.705305 0.888381 0.476229 0.445376 0.508667 0.482080 0.915412 0.795117 0.723408 0.793027 0.958817 0.907072 0.839054 0.793630 0.797495 0.773944 0.937188 0.842762 0.980387 0.763845 0.651453 0.967352 0.420898 0.347115 0.752951 0.565009 0.680034 0.705468 0.801550 0.857474 0.883048 0.952413 0.922014 0.867604 0.943832 0.968088 0.727903 0.685948 0.716464 0.750522 0.947817 0.816257 0.825913 0.935687 0.869320 0.987806 0.830363 0.820213 0.902211 0.935351 0.952862 0.943427 0.987234 0.750111
0.989902 0.968072 0.701611 0.666078 0.989488 0.991284 0.857514 0.880407 0.877186 0.789325 0.995177 0.870982 0.849114 0.851691 0.806176 0.902892 0.839753 0.848929 0.860248 0.873504 0.968450 0.869033 0.604158 0.489962 0.000000 0.692303 0.719002 0.991015 0.767735 0.906890 0.675290 0.653768 0.801733 0.844515 0.792387 0.753328 0.943141 0.994978 0.793051 0.988939 0.937455 0.730612 0.977581 0.990249 0.788529 0.812580 0.876972 0.974414 0.817993 0.771316 0.865481 0.697290 0.664844 0.710622 0.975922 0.857383 0.940656 0.949087 0.964962 0.934709 0.914779 0.951553 0.963225 0.807054 0.587639 0.689417 0.834475 0.790324 0.918629 0.720040 0.988278 0.953659 0.798727 0.809064 0.844914 0.919008 0.999960 0.990740 0.812724 0.921503 0.896352 0.897535 0.663835 0.885940 0.527106 0.538133 0.815503 0.784632 0.693866 0.679265 0.829954 0.808878 0.858825 0.770547 0.923188 0.967929 0.967714 0.919757 0.944215 0.993362 0.927966 0.970840 0.840693 0.893473 0.915598 0.880457 0.858936 0.928192 0.888322 0.911570 0.936500 0.979550 0.801506 0.848606 0.896629 0.793560
0.878001 0.954622 0.480183 0.500030 0.961953 0.780582 0.541071 0.575950 0.827122 0.950708 0.684941 0.882880 0.680435 0.727692 0.775311 0.661587 0.896796 0.956696 0.637978 0.707157 0.951972 0.822692 0.613349 0.619135 0.692303 0.000000 0.976625 0.959744 0.860868 0.990989 0.622779 0.614744 0.647802 0.701713 0.818565 0.721834 0.921834 0.906904 0.943963 0.988168 0.870999 0.878135 0.648963 0.800140 0.751258 0.757409 0.680387 0.739093 0.826826 0.868816 0.842151 0.991322 0.925822 0.981737 0.687380 0.944162 0.996013 0.906423 0.797333 0.919676 0.637753 0.864870 0.910993 0.817588 0.519200 0.550501 0.612580 0.609779 0.884581 0.783404 0.853072 0.810559 0.947511 0.889497 0.874123 0.971264 0.835593 0.796710 0.939477 0.877363 0.973872 0.807319 0.814822 0.925121 0.573505 0.649139 0.777210 0.771453 0.864545 0.985438 0.787671 0.866143 0.840802 0.859438 0.994389 0.918651 0.951410 0.941036 0.833387 0.768913 0.728257 0.825638 0.900257 0.925269 0.845323 0.910137 0.941917 0.989769 0.843659 0.929299 0.976811 0.874816 0.906527 0.932111 0.943338 0.828581
0.970760 0.963338 0.983499 0.976210 0.986891 0.971886 0.935769 0.879314 0.950031 0.904233 0.883084 0.927000 0.882363 0.970043 0.763255 0.945124 0.893066 0.906282 0.925675 0.881652 0.920464 0.808602 0.807289 0.860759 0.719002 0.976625 0.000000 0.731137 0.877896 0.979292 0.992234 0.962556 0.949122 0.953666 0.904785 0.833170 0.920830 0.875393 0.951588 0.999232 0.890762 0.976065 0.812854 0.865775 0.778844 0.761777 0.875296 0.836146 0.669042 0.702132 0.924833 0.812554 0.727648 0.905402 0.980548 0.836558 0.993103 0.996715 0.910037 0.783371 0.900714 0.968447 0.886811 0.948693 0.848964 0.845582 0.937221 0.944114 0.954304 0.909990 0.922027 0.921096 0.770634 0.745237 0.893024 0.936183 0.960255 0.890982 0.944246 0.984272 0.998194 0.892209 0.776579 0.716722 0.796642 0.757172 0.833014 0.977778 0.717627 0.846517 0.876772 0.864916 0.885541 0.978065 0.973786 0.900840 0.913676 0.824004 0.945511 0.961221 0.846767 0.912996 0.999129 0.942754 0.964491 0.989947 0.928021 0.856115 0.936142 0.822238 0.969185 0.946086 0.684384 0.889901 0.936537 0.896402
0.933718 0.921845 0.904727 0.789490 0.991938 0.833222 0.915517 0.915689 0.798926 0.928958 0.911899 0.996615 0.811133 0.821808 0.718289 0.886048 0.941077 0.919418 0.901222 0.897559 0.900572 0.875522 0.876136 0.796931 0.991015 0.959744 0.731137 0.000000 0.908644 0.965911 0.795587 0.957339 0.903227 0.930840 0.773233 0.875274 0.951240 0.960685 0.919041 0.909785 0.955904 0.977866 0.918923 0.877532 0.987150 0.951720 0.948707 0.979098 0.846852 0.872357 0.950043 0.870943 0.993034 0.997927 0.935064 0.980893 0.983469 0.844636 0.837742 0.899365 0.959734 0.814628 0.902960 0.883924 0.879505 0.980094 0.873045 0.946331 0.893603 0.952451 0.886236 0.794119 0.886108 0.903802 0.819334 0.983952 0.784128 0.977115 0.860762 0.916048 0.875047 0.879431 0.964755 0.816760 0.888376 0.883331 0.913099 0.893438 0.963617 0.980170 0.823643 0.847217 0.849169 0.805403 0.865592 0.948478 0.941436 0.797305 0.880147 0.879798 0.919517 0.811901 0.833559 0.768039 0.864455 0.953717 0.987933 0.813875 0.885556 0.737340 0.977327 0.918709 0.983731 0.869877 0.850514 0.914752
0.508017 0.463102 0.870178 0.727596 0.933121 0.736979 0.609478 0.464879 0.713868 0.612742 0.541134 0.431379 0.695892 0.598192 0.939146 0.556112 0.445088 0.414095 0.551251 0.432497 0.995457 0.891083 0.956525 0.907316 0.767735 0.860868 0.877896 0.908644 0.000000 0.440355 0.716332 0.690884 0.554979 0.567739 0.879444 0.971006 0.675031 0.925895 0.971974 0.773956 0.832801 0.909622 0.599705 0.556845 0.432984 0.433605 0.747712 0.601379 0.582149 0.564641 0.535191 0.568438 0.642515 0.663220 0.826285 0.715762 0.464523 0.508892 0.554878 0.787820 0.588157 0.535878 0.599962 0.560170 0.934256 0.744208 0.636209 0.658256 0.769189 0.522656 0.740532 0.685913 0.532494 0.508997 0.833164 0.624889 0.645838 0.728326 0.639467 0.748856 0.514714 0.571395 0.716418 0.643590 0.918263 0.885450 0.908512 0.975958 0.966074 0.889509 0.565183 0.822051 0.695588 0.777616 0.677525 0.876791 0.614965 0.893769 0.554837 0.531969 0.587581 0.729494 0.537213 0.672875 0.733050 0.868038 0.906431 0.775479 0.712559 0.935367 0.802917 0.743813 0.653940 0.761141 0.862736 0.965668
0.431646 0.313547 0.975066 0.844343 0.844012 0.631086 0.674312 0.514340 0.744896 0.560832 0.572994 0.350162 0.713558 0.554243 0.935121 0.509416 0.320052 0.253710 0.579222 0.530046 0.893375 0.921485 0.936272 0.889789 0.906890 0.990989 0.979292 0.965911 0.440355 0.000000 0.718654 0.631359 0.520339 0.500470 0.940211 0.946803 0.693411 0.835319 0.827693 0.744535 0.758114 0.854958 0.638020 0.577389 0.522090 0.524243 0.804465 0.661408 0.763813 0.719326 0.583573 0.604560 0.843246 0.733178 0.999897 0.879930 0.306747 0.346292 0.657180 0.676344 0.565838 0.479018 0.493465 0.319425 0.852137 0.668955 0.646135 0.604432 0.702501 0.584979 0.711633 0.728660 0.750232 0.663875 0.875400 0.689982 0.711275 0.717824 0.536212 0.497042 0.293162 0.520231 0.690131 0.605069 0.989440 0.823540 0.925012 0.909454 0.948384 0.933402 0.624713 0.860659 0.666556 0.869262 0.682051 0.883256 0.584781 0.838119 0.472597 0.591828 0.639965 0.706984 0.559492 0.719985 0.829897 0.803042 0.864162 0.869234 0.937002 0.814100 0.761463 0.581776 0.781773 0.796847 0.695121 0.897665
0.670864 0.881629 0.378960 0.312689 0.836230 0.743290 0.360867 0.380392 0.748788 0.701716 0.474889 0.699768 0.479981 0.405064 0.599524 0.532341 0.865991 0.733868 0.387117 0.535428 0.891902 0.941807 0.405129 0.443224 0.675290 0.622779 0.992234 0.795587 0.716332 0.718654 0.000000 0.384378 0.400756 0.389830 0.618041 0.741193 0.752027 0.986644 0.815176 0.935118 0.942851 0.802687 0.597641 0.630959 0.690450 0.779513 0.727777 0.676522 0.973069 0.997052 0.836268 0.941542 0.949542 0.902226 0.900671 0.945697 0.793092 0.935145 0.647490 0.916034 0.464618 0.867486 0.598438 0.932326 0.572571 0.498930 0.437184 0.431031 0.968799 0.963959 0.558297 0.493092 0.829577 0.639413 0.794048 0.701861 0.636585 0.733455 0.809626 0.768233 0.906836 0.800620 0.716614 0.926477 0.516421 0.550550 0.822945 0.797803 0.846994 0.894978 0.591654 0.718519 0.610829 0.782534 0.926623 0.844420 0.771109 0.895091 0.640786 0.555193 0.464476 0.595571 0.803624 0.776481 0.697738 0.813111 0.900554 0.760642 0.872505 0.895731 0.914985 0.878326 0.799883 0.952831 0.965536 0.919968
0.538708 0.706985 0.430583 0.344737 0.883755 0.608734 0.325345 0.311529 0.751022 0.666493 0.431530 0.637233 0.446509 0.373885 0.682262 0.476156 0.753533 0.589504 0.326544 0.428486 0.956755 0.942767 0.463092 0.433112 0.653768 0.614744 0.962556 0.957339 0.690884 0.631359 0.384378 0.000000 0.397156 0.332155 0.677179 0.737650 0.770004 0.870782 0.788243 0.999670 0.920402 0.810836 0.451883 0.446439 0.577392 0.621964 0.530736 0.464401 0.873380 0.798219 0.734453 0.794888 0.898482 0.840217 0.800390 0.983553 0.673313 0.840499 0.653016 0.916676 0.464837 0.781449 0.568788 0.858437 0.609786 0.463440 0.385715 0.412378 0.992820 0.971249 0.641235 0.602548 0.856407 0.704767 0.870613 0.648167 0.561476 0.582511 0.760676 0.618733 0.761197 0.615953 0.608410 0.879619 0.557356 0.530326 0.800203 0.800361 0.911306 0.827018 0.529630 0.684110 0.648258 0.760250 0.796625 0.793243 0.827964 0.845478 0.529555 0.470045 0.557579 0.559073 0.726913 0.674724 0.744761 0.770411 0.996409 0.853413 0.988310 0.979728 0.828451 0.772275 0.773547 0.996691 0.914052 0.944294
0.436553 0.642020 0.533772 0.396191 0.803012 0.620910 0.347247 0.281220 0.693437 0.721629 0.365137 0.433243 0.401486 0.300223 0.704112 0.420162 0.672772 0.513844 0.312414 0.314906 0.806026 0.940725 0.484665 0.490319 0.801733 0.647802 0.949122 0.903227 0.554979 0.520339 0.400756 0.397156 0.000000 0.321204 0.678540 0.700758 0.596913 0.824313 0.756813 0.864245 0.898508 0.912252 0.495185 0.562306 0.563418 0.656320 0.545725 0.601604 0.950388 0.884404 0.752389 0.845531 0.910814 0.848800 0.915713 0.842509 0.604773 0.730813 0.484626 0.764209 0.321606 0.618404 0.388855 0.654830 0.647408 0.365515 0.330083 0.305165 0.956481 0.841941 0.562132 0.533348 0.789492 0.663995 0.835698 0.695396 0.583023 0.701211 0.747411 0.641403 0.616770 0.556765 0.652740 0.855965 0.526642 0.503412 0.856568 0.841231 0.876804 0.866459 0.518021 0.759031 0.617815 0.808841 0.874056 0.791865 0.764846 0.880462 0.458437 0.481994 0.510534 0.572551 0.638740 0.666539 0.725097 0.776579 0.973899 0.864534 0.837698 0.976944 0.978192 0.741505 0.730034 0.885805 0.953762 0.894294
0.436499 0.631449 0.476255 0.359115 0.825667 0.535782 0.291544 0.255616 0.632912 0.596483 0.311533 0.449708 0.355063 0.291797 0.687610 0.426158 0.608051 0.514791 0.266173 0.338345 0.822163 0.961936 0.479333 0.473762 0.844515 0.701713 0.953666 0.930840 0.567739 0.500470 0.389830 0.332155 0.321204 0.000000 0.698442 0.831420 0.662903 0.880083 0.672898 0.957803 0.946804 0.819777 0.429236 0.427101 0.518827 0.601611 0.515301 0.474510 0.905827 0.801055 0.710650 0.718146 0.827729 0.721600 0.833722 0.986360 0.602475 0.787744 0.542400 0.793037 0.335941 0.683518 0.431626 0.700902 0.670312 0.400522 0.344352 0.329303 0.887988 0.904079 0.518978 0.577167 0.785049 0.658379 0.823970 0.580725 0.617281 0.572272 0.774481 0.628030 0.650264 0.541937 0.656576 0.821640 0.553947 0.540507 0.862645 0.834668 0.844729 0.874749 0.465078 0.653949 0.585353 0.697523 0.790470 0.769734 0.805110 0.827166 0.418490 0.424392 0.481489 0.537575 0.667609 0.596954 0.694464 0.705147 0.964622 0.775023 0.861287 0.930594 0.950834 0.682656 0.670799 0.971890 0.828663 0.950475
0.786485 0.899979 0.601843 0.570489 0.879450 0.948813 0.680528 0.726063 0.967976 0.992971 0.677486 0.874966 0.632990 0.654977 0.756736 0.772794 0.927158 0.982303 0.659795 0.769386 0.995539 0.995501 0.549295 0.652586 0.792387 0.818565 0.904785 0.773233 0.879444 0.940211 0.618041 0.677179 0.678540 0.698442 0.000000 0.750988 0.751126 0.949947 0.898749 0.983950 0.901171 0.976912 0.803432 0.811434 0.958176 0.994795 0.724632 0.871217 0.798457 0.932933 0.980813 0.964009 0.981741 0.996942 0.830390 0.923699 0.945338 0.889328 0.658729 0.948310 0.672100 0.984918 0.698226 0.984539 0.596703 0.669601 0.523100 0.602793 0.811210 0.909375 0.763193 0.736972 0.886106 0.814031 0.937142 0.853867 0.809319 0.897334 0.974845 0.969076 0.952935 0.946122 0.852452 0.884646 0.551127 0.663877 0.774232 0.956797 0.810372 0.888299 0.669806 0.802343 0.730316 0.718708 0.991750 0.790502 0.971561 0.852662 0.834653 0.817704 0.768414 0.710854 0.890745 0.822272 0.788677 0.777229 0.811810 0.710971 0.803714 0.896556 0.997688 0.853219 0.926265 0.953849 0.913566 0.743152
0.892920 0.969544 0.776197 0.753282 0.903300 0.954342 0.791386 0.813255 0.887475 0.971187 0.854569 0.855378 0.793693 0.723703 0.848251 0.748211 0.999175 0.886328 0.832872 0.822764 0.812810 0.995391 0.661315 0.773295 0.753328 0.721834 0.833170 0.875274 0.971006 0.946803 0.741193 0.737650 0.700758 0.831420 0.750988 0.000000 0.813715 0.867806 0.945498 0.930263 0.820541 0.941054 0.964990 0.967839 0.956159 0.969193 0.832028 0.936336 0.850114 0.929581 0.920509 0.978974 0.958194 0.991754 0.932130 0.919217 0.991044 0.919417 0.825429 0.783721 0.719197 0.835874 0.763253 0.909010 0.667322 0.596826 0.627439 0.612801 0.918221 0.993104 0.806820 0.783979 0.983798 0.874132 0.903169 0.989983 0.862947 0.968706 0.920547 0.977152 0.879724 0.866513 0.709212 0.931253 0.558533 0.580947 0.913502 0.901981 0.860116 0.904483 0.900225 0.985289 0.807372 0.949514 0.877653 0.809745 0.898033 0.720232 0.956490 0.967287 0.858345 0.826707 0.996322 0.875717 0.810301 0.816131 0.925389 0.991044 0.968772 0.956929 0.984797 0.976536 0.949082 0.814776 0.983714 0.996600
0.712385 0.845643 0.857255 0.809163 0.793310 0.853662 0.729020 0.679084 0.812860 0.770607 0.696445 0.618548 0.825026 0.633808 0.953625 0.685568 0.755847 0.692505 0.765219 0.687434 0.849970 0.902920 0.845490 0.939820 0.943141 0.921834 0.920830 0.951240 0.675031 0.693411 0.752027 0.770004 0.596913 0.662903 0.751126 0.813715 0.000000 0.809057 0.806639 0.747720 0.710362 0.799350 0.879884 0.881399 0.787928 0.913211 0.880163 0.942735 0.964493 0.996174 0.765271 0.873222 0.884741 0.841591 0.872064 0.965945 0.760335 0.793656 0.588758 0.735759 0.637947 0.723878 0.678441 0.722044 0.982432 0.723289 0.654954 0.557875 0.998556 0.900970 0.826867 0.633806 0.765084 0.754259 0.885119 0.774806 0.851617 0.976476 0.837504 0.792956 0.754288 0.879757 0.829301 0.757592 0.887977 0.893862 0.984518 0.933571 0.880347 0.994202 0.723443 0.881183 0.724515 0.857045 0.696208 0.843978 0.854963 0.921365 0.784716 0.834038 0.719583 0.837036 0.853732 0.919616 0.930058 0.863431 0.943338 0.770300 0.815417 0.846554 0.833929 0.967444 0.910492 0.930916 0.995841 0.957899
0.846059 0.897598 0.958602 0.963302 0.824353 0.915443 0.970361 0.952644 0.795679 0.934530 0.974077 0.820123 0.991546 0.981945 0.990419 0.864188 0.793011 0.855072 0.990806 0.950669 0.812508 0.831447 0.993688 0.933851 0.994978 0.906904 0.875393 0.960685 0.925895 0.835319 0.986644 0.870782 0.824313 0.880083 0.949947 0.867806 0.809057 0.000000 0.896866 0.817617 0.854346 0.926876 0.987601 0.962415 0.880677 0.951575 0.976965 0.967196 0.977864 0.947484 0.970779 0.972083 0.994904 0.999291 0.904836 0.984350 0.865852 0.848486 0.783507 0.678284 0.791616 0.765916 0.880352 0.756944 0.973934 0.830346 0.860207 0.816386 0.995963 0.910958 0.977316 0.874709 0.956726 0.987940 0.937802 0.899192 0.894411 0.848162 0.998189 0.923901 0.824016 0.952875 0.895332 0.995930 0.991919 0.963447 0.957894 0.777515 0.963207 0.762495 0.908428 0.997737 0.839477 0.936648 0.927651 0.973793 0.923809 0.891567 0.890468 0.995764 0.969161 0.987446 0.946091 0.954943 0.874201 0.887289 0.864559 0.952447 0.887117 0.939917 0.864771 0.835698 0.867201 0.873387 0.881304 0.968764
