0.000000 0.206755 0.435777 0.618656 0.700329 0.949569 0.495099 0.547249 0.930664 0.760317 0.384049 0.317954 0.314440 0.480195 0.677061 0.698107 0.324616 0.372748 0.283272 0.308785 0.742171 0.949874 0.636530 0.695942 0.748506 0.991521 0.896641 0.987916 0.533102 0.450290 0.898234 0.993431 0.368150 0.359164 0.690051 0.886403 0.491809 0.719455 0.748753 0.777468 0.770997 0.965356 0.851848 0.825832 0.979192 0.864880 0.480321 0.513688 0.737987 0.521603 0.596154 0.531141 0.985905 0.746911 0.406080 0.548093 0.296486 0.223453 0.316188 0.364357 0.263722 0.345909 0.232165 0.234661 0.472029 0.419058 0.492522 0.659611 0.310157 0.272300 0.731199 0.987022 0.533680 0.730091 0.692422 0.789937 0.725005 0.789519 0.512245 0.489715 0.254266 0.280114 0.407385 0.364760 0.272279 0.295881 0.582388 0.670039 0.446589 0.459130 0.630074 0.490717 0.628236 0.488384 0.954761 0.852808 0.421267 0.948591 0.911571 0.957293 0.774246 0.872023 0.776227 0.766877 0.642822 0.537841 0.965001 0.951881 0.860496 0.621027 0.998151 0.752318 0.941270 0.844851 0.658596 0.786273
0.206755 0.000000 0.522351 0.609537 0.738803 0.988204 0.576178 0.518615 0.978785 0.758244 0.442826 0.257809 0.353330 0.461563 0.727135 0.678038 0.295702 0.319602 0.307396 0.274113 0.825980 0.909447 0.624174 0.638507 0.822031 0.879477 0.879500 0.995648 0.500356 0.419556 0.949563 0.990336 0.405654 0.419899 0.746867 0.944258 0.526650 0.667650 0.750111 0.792441 0.794389 0.907972 0.781169 0.784194 0.999137 0.893910 0.437530 0.543122 0.771624 0.563023 0.602550 0.539815 0.920231 0.728564 0.471357 0.587090 0.275136 0.196470 0.368560 0.384968 0.318102 0.345655 0.243146 0.206918 0.535923 0.413410 0.565991 0.693357 0.318483 0.282869 0.686990 0.979390 0.558468 0.740038 0.751336 0.768245 0.672750 0.680923 0.448306 0.442416 0.258992 0.290167 0.427461 0.403872 0.314333 0.319625 0.601316 0.682950 0.477640 0.506488 0.591305 0.500622 0.620882 0.448320 0.966333 0.850606 0.449781 0.943488 0.898971 0.937854 0.750709 0.822814 0.796972 0.777652 0.620482 0.532878 0.996881 0.996952 0.882674 0.595016 0.969940 0.742805 0.906543 0.901079 0.659881 0.792860
0.435777 0.522351 0.000000 0.373583 0.947533 0.954011 0.452490 0.626827 0.836553 0.759597 0.701263 0.701321 0.414153 0.693210 0.644285 0.716395 0.686831 0.791208 0.504858 0.641142 0.654022 0.925690 0.570959 0.561226 0.505064 0.606902 0.851878 0.893550 0.862008 0.863791 0.695728 0.981622 0.485104 0.531655 0.579621 0.938591 0.447837 0.805022 0.728608 0.879668 0.812083 0.897287 0.896510 0.845818 0.978952 0.833630 0.614690 0.505338 0.873074 0.515363 0.561922 0.474229 0.780938 0.961518 0.360421 0.580811 0.751569 0.605338 0.361257 0.397821 0.427698 0.606077 0.536118 0.617326 0.286921 0.503516 0.382993 0.534379 0.540179 0.495044 0.732147 0.907147 0.536551 0.749322 0.739908 0.847418 0.664032 0.999256 0.624655 0.753763 0.665287 0.687280 0.692035 0.634395 0.456402 0.372254 0.748157 0.870470 0.526678 0.611076 0.845113 0.675843 0.855124 0.714123 0.985468 0.957128 0.603388 0.894708 0.980724 0.918211 0.870997 0.893634 0.911437 0.944567 0.674667 0.543317 0.842282 0.863730 0.997383 0.742144 0.966338 0.832305 0.975636 0.870657 0.668092 0.846669
0.618656 0.609537 0.373583 0.000000 0.959455 0.975839 0.456879 0.423228 0.901980 0.871643 0.851900 0.689753 0.512899 0.647427 0.662169 0.619554 0.800937 0.841836 0.614676 0.698752 0.744334 0.981770 0.610330 0.471145 0.542627 0.671720 0.880292 0.958295 0.882332 0.893600 0.643272 0.786703 0.566510 0.555752 0.727127 0.834336 0.506240 0.742078 0.659076 0.800334 0.861916 0.920545 0.670299 0.676316 0.964840 0.734039 0.538356 0.425454 0.892643 0.561970 0.484658 0.475435 0.783123 0.951316 0.509974 0.600434 0.847985 0.705677 0.453290 0.463370 0.554282 0.630604 0.659032 0.685021 0.461403 0.495595 0.409535 0.453010 0.767395 0.650101 0.691173 0.874433 0.736883 0.841844 0.837791 0.862835 0.525911 0.793980 0.651636 0.804314 0.801014 0.861937 0.770619 0.735997 0.639122 0.404372 0.855313 0.993350 0.645844 0.674407 0.935824 0.864898 0.899797 0.840741 0.982541 0.849484 0.574947 0.935539 0.844319 0.894938 0.985264 0.945593 0.835958 0.821588 0.536246 0.466496 0.752459 0.653540 0.996276 0.716024 0.864472 0.750832 0.865968 0.800676 0.658578 0.810528
0.700329 0.738803 0.947533 0.959455 0.000000 0.961410 0.854588 0.919042 0.891534 0.992770 0.757757 0.788943 0.656888 0.773217 0.784090 0.694977 0.701544 0.779672 0.730506 0.814467 0.977210 0.885836 0.760182 0.942969 0.999931 0.883700 0.984008 0.894022 0.701333 0.761532 0.960989 0.936601 0.865231 0.819286 0.937835 0.805707 0.946648 0.998801 0.985551 0.898729 0.996916 0.861131 0.964562 0.963172 0.957922 0.891359 0.792931 0.787015 0.854030 0.850306 0.853619 0.877383 0.971473 0.956160 0.912597 0.992582 0.686045 0.747887 0.790120 0.847942 0.751397 0.806169 0.684189 0.674029 0.873278 0.950604 0.965676 0.896818 0.723188 0.722669 0.994406 0.909779 0.939714 0.912615 0.944814 0.952618 0.998437 0.911742 0.793419 0.853199 0.714245 0.752267 0.723174 0.809047 0.692537 0.826625 0.822825 0.795434 0.821346 0.778464 0.778744 0.923765 0.715639 0.816169 0.833031 0.988122 0.868568 0.799697 0.978409 0.995102 0.804024 0.950654 0.957404 0.796834 0.976911 0.868164 0.951643 0.895321 0.880063 0.987248 0.816062 0.925080 0.807916 0.935068 0.827330 0.961987
0.949569 0.988204 0.954011 0.975839 0.961410 0.000000 0.927428 0.865775 0.971624 0.881379 0.869147 0.864424 0.984476 0.954248 0.906500 0.984103 0.953080 0.909319 0.914197 0.992499 0.782519 0.855260 0.813864 0.869084 0.920718 0.956394 0.826266 0.805182 0.899021 0.877836 0.885848 0.920403 0.978841 0.893082 0.900745 0.853328 0.922910 0.837790 0.886087 0.658675 0.810811 0.837544 0.822043 0.811373 0.887576 0.875502 0.957656 0.929139 0.952877 0.970307 0.976352 0.957470 0.920398 0.863880 0.921261 0.846395 0.922844 0.995621 0.957904 0.982155 0.958198 0.937203 0.979604 0.987135 0.836855 0.908130 0.856075 0.789411 0.955378 0.946238 0.945921 0.949097 0.883831 0.944443 0.982763 0.894572 0.957855 0.895783 0.875596 0.879413 0.965065 0.941910 0.813438 0.918041 0.861285 0.986614 0.985027 0.881412 0.779779 0.937582 0.681415 0.897224 0.786562 0.909708 0.955742 0.724622 0.773807 0.690587 0.708268 0.687867 0.685583 0.881661 0.729511 0.786547 0.933865 0.910706 0.979451 0.958579 0.962759 0.990186 0.862562 0.852491 0.953803 0.972493 0.918522 0.883944
0.495099 0.576178 0.452490 0.456879 0.854588 0.927428 0.000000 0.346496 0.593633 0.805092 0.516356 0.556518 0.324053 0.353818 0.444003 0.472501 0.586868 0.595966 0.342951 0.501489 0.688394 0.975563 0.664546 0.660914 0.884467 0.947911 0.955971 0.941527 0.509870 0.580301 0.664290 0.664359 0.358332 0.298837 0.728741 0.972518 0.641891 0.724578 0.880972 0.837533 0.880672 0.874805 0.506151 0.433015 0.539470 0.433559 0.449153 0.325345 0.601084 0.482116 0.439203 0.495180 0.721560 0.849872 0.606038 0.583876 0.616725 0.630535 0.410173 0.590759 0.326360 0.488407 0.426859 0.508445 0.626676 0.539367 0.367201 0.396145 0.779987 0.625973 0.572133 0.708344 0.572323 0.611383 0.785091 0.696132 0.475116 0.636603 0.579285 0.635975 0.633637 0.714923 0.657810 0.697444 0.598265 0.463823 0.851499 0.935454 0.686193 0.767211 0.823536 0.955173 0.936180 0.951756 0.933215 0.861753 0.519392 0.899580 0.570873 0.601680 0.879870 0.747845 0.608819 0.537753 0.545197 0.586833 0.874671 0.736017 0.915044 0.701027 0.755808 0.546224 0.712037 0.579585 0.634355 0.632242
0.547249 0.518615 0.626827 0.423228 0.919042 0.865775 0.346496 0.000000 0.744531 0.806702 0.530260 0.416537 0.485811 0.372365 0.692044 0.536748 0.634521 0.619916 0.479299 0.542329 0.875724 0.906232 0.889995 0.737210 0.995710 0.976361 0.880188 0.857932 0.522926 0.534463 0.867727 0.750274 0.540002 0.412427 0.969688 0.953382 0.674047 0.677867 0.816588 0.796598 0.976541 0.853549 0.480237 0.491227 0.688686 0.488311 0.379691 0.359579 0.575833 0.534774 0.372155 0.458367 0.788773 0.981032 0.583407 0.585965 0.635014 0.595945 0.441966 0.525110 0.380172 0.331208 0.494243 0.471959 0.793667 0.396917 0.489881 0.456299 0.789997 0.597948 0.781477 0.876012 0.709727 0.733241 0.796789 0.729687 0.526589 0.614434 0.633609 0.652218 0.653727 0.738427 0.657465 0.724871 0.740108 0.474846 0.858589 0.953830 0.742203 0.787287 0.857926 0.956443 0.944537 0.806066 0.915976 0.756861 0.518184 0.839273 0.553814 0.578717 0.757064 0.885098 0.624041 0.590470 0.583880 0.525775 0.842225 0.694391 0.881375 0.699048 0.747943 0.514232 0.660810 0.631854 0.659400 0.643721
0.930664 0.978785 0.836553 0.901980 0.891534 0.971624 0.593633 0.744531 0.000000 0.592111 0.924458 0.976983 0.737607 0.712683 0.611982 0.702183 0.926123 0.998458 0.817183 0.990668 0.973701 0.972672 0.878761 0.951315 0.823262 0.913187 0.821179 0.949480 0.777144 0.891413 0.855880 0.872408 0.824819 0.809698 0.730290 0.788308 0.957910 0.985865 0.917767 0.979480 0.873564 0.949982 0.772863 0.668259 0.525371 0.509813 0.755363 0.744910 0.648889 0.700183 0.676121 0.732683 0.538625 0.601396 0.921984 0.893728 0.985329 0.994689 0.809731 0.998564 0.719715 0.800426 0.835885 0.883693 0.909219 0.996502 0.863091 0.822711 0.865054 0.994957 0.933545 0.948683 0.873572 0.856343 0.854277 0.775462 0.839832 0.831964 0.916795 0.997663 0.961890 0.890453 0.924224 0.945171 0.981270 0.960344 0.996733 0.968482 0.959241 0.968338 0.928597 0.826449 0.830842 0.945830 0.841905 0.989015 0.976916 0.960723 0.768891 0.795630 0.947199 0.811285 0.868890 0.737920 0.963877 0.869848 0.795225 0.856455 0.870250 0.977029 0.845950 0.771460 0.831209 0.802700 0.884475 0.720421
0.760317 0.758244 0.759597 0.871643 0.992770 0.881379 0.805092 0.806702 0.592111 0.000000 0.972947 0.942237 0.922544 0.874132 0.828782 0.757890 0.823076 0.898644 0.916918 0.825401 0.984995 0.965564 0.860580 0.783749 0.561641 0.766128 0.635423 0.828831 0.794412 0.944470 0.915055 0.719285 0.900983 0.936590 0.786381 0.939118 0.850356 0.954977 0.726811 0.804893 0.812984 0.967683 0.596223 0.571043 0.355587 0.416014 0.905411 0.862138 0.513242 0.833645 0.757418 0.898676 0.592280 0.519379 0.737151 0.865770 0.872371 0.770364 0.914738 0.821369 0.973421 0.965089 0.896061 0.943303 0.607884 0.750818 0.909362 0.976262 0.619163 0.806899 0.944747 0.801422 0.981727 0.765385 0.982169 0.801742 0.882631 0.807741 0.911320 0.918888 0.767668 0.654355 0.810285 0.656597 0.620304 0.657160 0.858101 0.725365 0.731815 0.751065 0.617201 0.497262 0.802537 0.545168 0.926420 0.895544 0.894047 0.895658 0.545727 0.471030 0.637931 0.736096 0.666143 0.716497 0.938038 0.978143 0.868039 0.726945 0.903717 0.868583 0.754753 0.774373 0.586135 0.702703 0.972495 0.942508
0.384049 0.442826 0.701263 0.851900 0.757757 0.869147 0.516356 0.530260 0.924458 0.972947 0.000000 0.318779 0.485165 0.506324 0.798284 0.766480 0.415526 0.391198 0.393836 0.364054 0.832344 0.902877 0.989495 0.997232 0.897155 0.798721 0.846766 0.858272 0.484704 0.371402 0.903422 0.948859 0.532892 0.400810 0.956534 0.828146 0.771643 0.778642 0.993800 0.880139 0.843322 0.872120 0.821159 0.836377 0.862325 0.811880 0.651389 0.614782 0.717485 0.751512 0.758485 0.789640 0.813219 0.683717 0.681464 0.633969 0.417570 0.434187 0.542102 0.634734 0.378365 0.417992 0.372155 0.381271 0.830580 0.505599 0.639684 0.640044 0.564342 0.506627 0.831374 0.949681 0.588640 0.635619 0.685354 0.860457 0.814488 0.781816 0.636544 0.520996 0.379040 0.390835 0.606764 0.546244 0.603846 0.564278 0.762610 0.891738 0.726698 0.729151 0.889082 0.710836 0.862265 0.663790 0.856495 0.895923 0.587517 0.948237 0.754138 0.865323 0.947709 0.936383 0.654728 0.703438 0.766929 0.730776 0.812788 0.920967 0.802103 0.747564 0.916241 0.740602 0.897343 0.784429 0.752698 0.755682
0.317954 0.257809 0.701321 0.689753 0.788943 0.864424 0.556518 0.416537 0.976983 0.942237 0.318779 0.000000 0.464050 0.400036 0.797583 0.692361 0.348348 0.314661 0.342081 0.303872 0.902787 0.881581 0.834785 0.798719 0.928089 0.718230 0.979786 0.854501 0.403953 0.307034 0.910225 0.917077 0.502337 0.414167 0.961111 0.923189 0.698800 0.685361 0.919601 0.810747 0.912926 0.849127 0.722196 0.767293 0.895585 0.816344 0.476288 0.588129 0.699848 0.664633 0.635342 0.654767 0.860005 0.681681 0.633276 0.614260 0.305069 0.299099 0.482587 0.526477 0.342034 0.289602 0.301782 0.249038 0.814052 0.422720 0.649611 0.655324 0.481762 0.426148 0.782416 0.989324 0.617824 0.725040 0.751405 0.778847 0.736941 0.642965 0.500607 0.476405 0.307242 0.355353 0.509649 0.491132 0.509396 0.442129 0.685708 0.813283 0.637357 0.644829 0.783954 0.615478 0.764180 0.526813 0.885342 0.754995 0.514725 0.880184 0.756617 0.779247 0.970295 0.966643 0.673829 0.666929 0.646258 0.604917 0.917888 0.924508 0.814645 0.597308 0.832163 0.664528 0.796477 0.799540 0.683524 0.750121
0.314440 0.353330 0.414153 0.512899 0.656888 0.984476 0.324053 0.485811 0.737607 0.922544 0.485165 0.464050 0.000000 0.384367 0.443764 0.450879 0.382772 0.476219 0.292189 0.377363 0.718031 0.996292 0.514239 0.584816 0.797097 0.982471 0.922197 0.930513 0.499685 0.530164 0.753165 0.846575 0.362559 0.357777 0.725162 0.888386 0.583365 0.739931 0.725707 0.813883 0.746347 0.977901 0.712359 0.636267 0.810309 0.660572 0.462836 0.387730 0.734623 0.482678 0.531381 0.507779 0.877133 0.996549 0.527811 0.630519 0.451203 0.403412 0.374019 0.493292 0.278750 0.430038 0.268301 0.349035 0.432329 0.479816 0.512398 0.615802 0.519177 0.438592 0.632577 0.882250 0.557822 0.677427 0.803939 0.723132 0.518748 0.716169 0.518332 0.500546 0.438180 0.479425 0.474483 0.492998 0.334027 0.322655 0.655336 0.682610 0.530873 0.512954 0.798984 0.768368 0.717633 0.678279 0.921365 0.992427 0.544401 0.970459 0.836631 0.854861 0.818218 0.991689 0.819535 0.646573 0.621931 0.580636 0.966476 0.929739 0.964661 0.765874 0.934636 0.696233 0.802307 0.781885 0.628215 0.726539
0.480195 0.461563 0.693210 0.647427 0.773217 0.954248 0.353818 0.372365 0.712683 0.874132 0.506324 0.400036 0.384367 0.000000 0.563427 0.488769 0.461708 0.440806 0.316289 0.384811 0.867659 0.932396 0.654542 0.609879 0.910961 0.805530 0.950384 0.868239 0.375395 0.410250 0.856003 0.672467 0.435795 0.408721 0.853760 0.998830 0.781265 0.648693 0.848043 0.826832 0.993950 0.815703 0.618428 0.567405 0.681120 0.562022 0.437341 0.484423 0.657736 0.610797 0.568423 0.626628 0.920110 0.986236 0.727200 0.710964 0.452190 0.532243 0.572449 0.723566 0.402856 0.437169 0.382428 0.389021 0.788781 0.571709 0.649555 0.645188 0.742384 0.643237 0.668444 0.778042 0.712838 0.722218 0.878468 0.698043 0.589486 0.561660 0.533392 0.577144 0.486407 0.568992 0.523845 0.591849 0.540463 0.459361 0.799390 0.708556 0.723026 0.671702 0.958432 0.901823 0.840756 0.751691 0.941177 0.835372 0.561934 0.960598 0.661441 0.613276 0.961889 0.846385 0.699877 0.623271 0.630638 0.712145 0.993248 0.892965 0.928127 0.668829 0.796907 0.649928 0.715364 0.651761 0.767239 0.665895
0.677061 0.727135 0.644285 0.662169 0.784090 0.906500 0.444003 0.692044 0.611982 0.828782 0.798284 0.797583 0.443764 0.563427 0.000000 0.335459 0.653818 0.688877 0.578768 0.703962 0.740156 0.948514 0.439199 0.565248 0.845689 0.988843 0.845134 0.891414 0.615881 0.728667 0.567164 0.572147 0.508443 0.601580 0.820361 0.896075 0.800615 0.895538 0.964299 0.885162 0.857747 0.887759 0.711179 0.614535 0.714679 0.663589 0.634456 0.596258 0.827676 0.689947 0.787393 0.763967 0.799317 0.848416 0.834279 0.947593 0.733605 0.745724 0.735590 0.901170 0.622086 0.766312 0.539127 0.631998 0.621880 0.899857 0.768670 0.847973 0.923999 0.794387 0.681597 0.786668 0.863366 0.903864 0.868604 0.681458 0.686172 0.728786 0.699005 0.749444 0.721938 0.840530 0.643949 0.700375 0.636859 0.617428 0.756941 0.817631 0.786433 0.719090 0.970797 0.917269 0.878013 0.960966 0.965162 0.984966 0.820842 0.884967 0.741737 0.770286 0.840543 0.856053 0.836119 0.703940 0.770868 0.827125 0.908198 0.772968 0.993362 0.975411 0.994935 0.734966 0.794495 0.693067 0.901297 0.802766
0.698107 0.678038 0.716395 0.619554 0.694977 0.984103 0.472501 0.536748 0.702183 0.757890 0.766480 0.692361 0.450879 0.488769 0.335459 0.000000 0.655582 0.678518 0.571821 0.686179 0.821887 0.877956 0.519428 0.590283 0.897026 0.963842 0.935296 0.908702 0.573057 0.693933 0.627151 0.587846 0.541650 0.588659 0.929766 0.999539 0.805485 0.855858 0.883496 0.958659 0.820933 0.896479 0.537337 0.512020 0.745504 0.594053 0.524145 0.522920 0.767268 0.700101 0.666991 0.686125 0.759548 0.807550 0.866159 0.982591 0.715802 0.737867 0.692250 0.807083 0.620689 0.696491 0.557825 0.598682 0.753698 0.820831 0.777079 0.813941 0.899663 0.727932 0.699912 0.780793 0.840654 0.754580 0.876628 0.578572 0.616689 0.655125 0.669792 0.717780 0.764959 0.889129 0.725990 0.766473 0.743201 0.607213 0.859406 0.921804 0.858019 0.742303 0.931902 0.878793 0.917107 0.950466 0.964801 0.963014 0.792113 0.923739 0.658611 0.649239 0.906008 0.892902 0.741993 0.594987 0.703037 0.693559 0.934246 0.722332 0.993023 0.980067 0.906539 0.636921 0.590510 0.613480 0.767161 0.897306
0.324616 0.295702 0.686831 0.800937 0.701544 0.953080 0.586868 0.634521 0.926123 0.823076 0.415526 0.348348 0.382772 0.461708 0.653818 0.655582 0.000000 0.242955 0.294222 0.273572 0.927754 0.873594 0.671676 0.724309 0.976816 0.748631 0.866405 0.958723 0.385542 0.302051 0.902767 0.849526 0.404990 0.441139 0.884622 0.845132 0.657661 0.730021 0.952267 0.799547 0.772566 0.820523 0.721638 0.740475 0.933206 0.880029 0.571707 0.662976 0.816539 0.730826 0.775557 0.758854 0.848514 0.719355 0.708118 0.732832 0.236307 0.278793 0.568768 0.634941 0.434903 0.476496 0.287683 0.268942 0.676868 0.544222 0.679636 0.770577 0.461481 0.475448 0.641923 0.859204 0.626516 0.770396 0.796004 0.732706 0.755751 0.590102 0.391290 0.381207 0.249101 0.286367 0.437532 0.440262 0.400059 0.447513 0.714243 0.679772 0.625552 0.599036 0.719779 0.724937 0.679244 0.612200 0.933184 0.944496 0.581986 0.969487 0.882950 0.910460 0.789666 0.955789 0.699497 0.647778 0.707000 0.725959 0.927049 0.904487 0.878539 0.725176 0.987478 0.772970 0.929535 0.755606 0.688542 0.816855
0.372748 0.319602 0.791208 0.841836 0.779672 0.909319 0.595966 0.619916 0.998458 0.898644 0.391198 0.314661 0.476219 0.440806 0.688877 0.678518 0.242955 0.000000 0.324176 0.218551 0.847520 0.847614 0.723329 0.729886 0.963512 0.683963 0.878481 0.933698 0.336331 0.260374 0.934266 0.773240 0.405138 0.412548 0.902392 0.972009 0.702965 0.617432 0.968208 0.892857 0.746359 0.744608 0.682884 0.696786 0.877433 0.882219 0.608442 0.692909 0.824421 0.811278 0.858898 0.877192 0.716564 0.626684 0.789743 0.752661 0.229972 0.299223 0.632837 0.724550 0.515974 0.536901 0.325584 0.284314 0.806059 0.606894 0.683489 0.739330 0.485044 0.498918 0.598224 0.755584 0.650071 0.679362 0.849412 0.752784 0.755367 0.505433 0.407033 0.351322 0.253318 0.287679 0.492426 0.496733 0.486119 0.508927 0.743707 0.710136 0.684662 0.691457 0.824008 0.764831 0.817928 0.711960 0.867476 0.824645 0.528781 0.975758 0.751927 0.781641 0.862498 0.936271 0.605735 0.631337 0.595330 0.734467 0.911006 0.895123 0.894938 0.685437 0.894090 0.705031 0.926704 0.740839 0.780860 0.783427
0.283272 0.307396 0.504858 0.614676 0.730506 0.914197 0.342951 0.479299 0.817183 0.916918 0.393836 0.342081 0.292189 0.316289 0.578768 0.571821 0.294222 0.324176 0.000000 0.269646 0.703381 0.876258 0.584373 0.595225 0.875992 0.906689 0.856197 0.985627 0.367934 0.352275 0.758133 0.743487 0.315766 0.280368 0.732137 0.998809 0.626596 0.649947 0.867672 0.749097 0.861407 0.855237 0.642102 0.601061 0.776949 0.705025 0.465597 0.474624 0.729890 0.575575 0.594473 0.588320 0.962131 0.849425 0.569854 0.610662 0.296483 0.345756 0.406309 0.539951 0.312588 0.434193 0.257621 0.289641 0.634976 0.502659 0.460680 0.570241 0.488032 0.464339 0.530863 0.767957 0.550237 0.685898 0.786140 0.741016 0.609626 0.612110 0.438466 0.459770 0.314732 0.373072 0.480982 0.486316 0.397132 0.366515 0.770810 0.748495 0.610253 0.597838 0.872469 0.767681 0.822964 0.656239 0.987627 0.861751 0.462809 0.939304 0.725181 0.733018 0.887820 0.894527 0.660854 0.588208 0.553952 0.601581 0.987786 0.952990 0.903288 0.624547 0.856976 0.632459 0.852946 0.732740 0.643043 0.735538
0.308785 0.274113 0.641142 0.698752 0.814467 0.992499 0.501489 0.542329 0.990668 0.825401 0.364054 0.303872 0.377363 0.384811 0.703962 0.686179 0.273572 0.218551 0.269646 0.000000 0.829759 0.859022 0.680262 0.681466 0.929012 0.812999 0.869129 0.900825 0.405769 0.297082 0.856269 0.805699 0.367624 0.373107 0.818872 0.974666 0.618756 0.536815 0.847327 0.849248 0.806887 0.773584 0.707925 0.699842 0.904103 0.882123 0.566777 0.606532 0.843742 0.723134 0.751423 0.744963 0.779600 0.689882 0.654917 0.677778 0.244939 0.278520 0.514126 0.598245 0.409229 0.482242 0.281884 0.273327 0.676595 0.496848 0.573915 0.650670 0.436033 0.444127 0.511326 0.754893 0.579172 0.656988 0.817323 0.762405 0.619352 0.565219 0.405102 0.356300 0.259775 0.284917 0.467200 0.467807 0.398376 0.414531 0.720545 0.697878 0.603423 0.631820 0.758582 0.693931 0.796857 0.679566 0.910385 0.939403 0.476758 0.988307 0.825518 0.831845 0.843624 0.964493 0.653993 0.690260 0.563935 0.651112 0.919099 0.932483 0.896569 0.639794 0.898184 0.722414 0.941801 0.795413 0.713387 0.760399
0.742171 0.825980 0.654022 0.744334 0.977210 0.782519 0.688394 0.875724 0.973701 0.984995 0.832344 0.902787 0.718031 0.867659 0.740156 0.821887 0.927754 0.847520 0.703381 0.829759 0.000000 0.953639 0.730622 0.803453 0.750843 0.687085 0.899057 0.755719 0.967365 0.945321 0.702770 0.827947 0.679332 0.703692 0.738385 0.667589 0.841992 0.870679 0.896311 0.888427 0.868398 0.968165 0.831646 0.756722 0.814642 0.794437 0.801765 0.763562 0.930890 0.726584 0.797704 0.763766 0.965463 0.945568 0.790450 0.855566 0.873061 0.858729 0.679913 0.768348 0.765192 0.943283 0.798765 0.845280 0.725862 0.887436 0.573775 0.688596 0.845746 0.759963 0.796680 0.765345 0.773318 0.818216 0.881602 0.906037 0.704025 0.832896 0.911548 0.767727 0.885918 0.887503 0.988082 0.960019 0.844458 0.725138 0.920042 0.955333 0.950039 0.823903 0.822558 0.972066 0.833168 0.987522 0.883358 0.908761 0.714661 0.893392 0.776681 0.815056 0.895079 0.951334 0.694067 0.919218 0.810428 0.694807 0.954860 0.987866 0.985040 0.996014 0.918301 0.899254 0.924597 0.917016 0.882567 0.970851
0.949874 0.909447 0.925690 0.981770 0.885836 0.855260 0.975563 0.906232 0.972672 0.965564 0.902877 0.881581 0.996292 0.932396 0.948514 0.877956 0.873594 0.847614 0.876258 0.859022 0.953639 0.000000 0.962409 0.940393 0.940303 0.902577 0.791947 0.806512 0.889385 0.810947 0.800397 0.762228 0.964034 0.893329 0.976910 0.842012 0.979847 0.969133 0.851881 0.770170 0.930644 0.824946 0.740574 0.775284 0.942622 0.981918 0.899363 0.929335 0.971288 0.915089 0.935563 0.963693 0.950670 0.887959 0.906871 0.977102 0.828396 0.881731 0.937689 0.995273 0.989741 0.963076 0.996972 0.922289 0.886246 0.974347 0.964420 0.973968 0.907918 0.890531 0.850610 0.948953 0.940713 0.969799 0.997306 0.976527 0.892909 0.661550 0.950048 0.947392 0.898190 0.929865 0.865539 0.954179 0.888895 0.988645 0.968328 0.830537 0.802297 0.969394 0.918496 0.856393 0.868674 0.909723 0.996785 0.976326 0.879220 0.986208 0.872557 0.838342 0.980684 0.785728 0.789055 0.857022 0.891011 0.779994 0.961260 0.916168 0.794288 0.938545 0.978421 0.907609 0.933904 0.996080 0.992828 0.955443
0.636530 0.624174 0.570959 0.610330 0.760182 0.813864 0.664546 0.889995 0.878761 0.860580 0.989495 0.834785 0.514239 0.654542 0.439199 0.519428 0.671676 0.723329 0.584373 0.680262 0.730622 0.962409 0.000000 0.329473 0.572641 0.899134 0.664257 0.800681 0.734615 0.820341 0.522395 0.725802 0.543252 0.730016 0.651119 0.982583 0.656895 0.841082 0.879496 0.944232 0.899345 0.914336 0.846172 0.755517 0.937348 0.884701 0.658640 0.670645 0.966428 0.655301 0.836250 0.718180 0.840785 0.881429 0.751428 0.989685 0.678472 0.663989 0.713723 0.756629 0.717641 0.897772 0.578367 0.620167 0.529881 0.967286 0.776441 0.933247 0.746671 0.716282 0.617314 0.746122 0.889488 0.956416 0.923052 0.785371 0.734684 0.852212 0.570253 0.724642 0.659748 0.765421 0.658068 0.687714 0.470256 0.523990 0.770513 0.635820 0.686887 0.528247 0.820082 0.874896 0.776881 0.794419 0.868214 0.958520 0.800538 0.895194 0.980018 0.964663 0.602627 0.900919 0.952047 0.858020 0.757742 0.766940 0.966792 0.917001 0.884168 0.873945 0.953279 0.924198 0.927679 0.946030 0.825582 0.944195
0.695942 0.638507 0.561226 0.471145 0.942969 0.869084 0.660914 0.737210 0.951315 0.783749 0.997232 0.798719 0.584816 0.609879 0.565248 0.590283 0.724309 0.729886 0.595225 0.681466 0.803453 0.940393 0.329473 0.000000 0.555033 0.835497 0.638400 0.898461 0.755113 0.803338 0.640588 0.690498 0.606555 0.698639 0.719980 0.823103 0.659752 0.789602 0.806873 0.996775 0.885228 0.872649 0.870597 0.811851 0.951771 0.945230 0.639017 0.672919 0.934073 0.784956 0.856798 0.798722 0.997491 0.936510 0.709063 0.886168 0.733796 0.698354 0.736586 0.785606 0.771660 0.874490 0.674158 0.693495 0.559916 0.808799 0.708405 0.843022 0.774970 0.760932 0.648832 0.766031 0.940760 0.935309 0.937597 0.837611 0.727156 0.808015 0.606425 0.777785 0.700416 0.766734 0.615181 0.628973 0.538002 0.456526 0.777326 0.662076 0.718320 0.632298 0.898047 0.801993 0.916609 0.786640 0.987148 0.895408 0.792029 0.993848 0.940115 0.943083 0.720910 0.915696 0.986196 0.833308 0.694608 0.730975 0.897883 0.901713 0.873854 0.804172 0.953853 0.856691 0.988632 0.947308 0.909226 0.871542
0.748506 0.822031 0.505064 0.542627 0.999931 0.920718 0.884467 0.995710 0.823262 0.561641 0.897155 0.928089 0.797097 0.910961 0.845689 0.897026 0.976816 0.963512 0.875992 0.929012 0.750843 0.940303 0.572641 0.555033 0.000000 0.429073 0.688058 0.707062 0.786179 0.822596 0.611021 0.996324 0.739526 0.878460 0.588650 0.801103 0.572846 0.969219 0.647938 0.915004 0.765343 0.919431 0.936798 0.963459 0.699687 0.803253 0.883460 0.768971 0.759285 0.891861 0.940314 0.812814 0.976537 0.901596 0.577325 0.786767 0.989379 0.856397 0.695882 0.628890 0.916983 0.934358 0.909783 0.962298 0.439251 0.835661 0.633904 0.800197 0.734969 0.697579 0.798899 0.880112 0.840815 0.975315 0.981909 0.993580 0.869538 0.913358 0.879539 0.924987 0.896630 0.890214 0.860655 0.728661 0.657486 0.591556 0.843781 0.883096 0.649640 0.672522 0.909198 0.770412 0.931293 0.852534 0.977843 0.952324 0.786897 0.931070 0.834268 0.786925 0.778754 0.819147 0.898484 0.870190 0.839611 0.709441 0.850716 0.894021 0.974491 0.898365 0.780894 0.949557 0.852239 0.860678 0.932006 0.918824
0.991521 0.879477 0.606902 0.671720 0.883700 0.956394 0.947911 0.976361 0.913187 0.766128 0.798721 0.718230 0.982471 0.805530 0.988843 0.963842 0.748631 0.683963 0.906689 0.812999 0.687085 0.902577 0.899134 0.835497 0.429073 0.000000 0.899848 0.727577 0.634358 0.654214 0.659732 0.939065 0.937821 0.960259 0.683543 0.785390 0.698303 0.939058 0.775086 0.847645 0.879091 0.861796 0.954077 0.973112 0.811426 0.879447 0.988629 0.924582 0.771330 0.963480 0.914216 0.846558 0.829490 0.883659 0.716333 0.846600 0.757734 0.828573 0.803996 0.766739 0.943923 0.803964 0.828886 0.757652 0.623047 0.877153 0.631373 0.778311 0.934195 0.972596 0.929058 0.890993 0.857355 0.960774 0.966523 0.878052 0.953140 0.888946 0.895209 0.901824 0.768214 0.807647 0.843163 0.935184 0.990764 0.837003 0.836530 0.851797 0.922163 0.974903 0.891357 0.996690 0.788738 0.911471 0.911812 0.927380 0.876573 0.916684 0.836137 0.815885 0.967725 0.961691 0.933971 0.728455 0.985592 0.829775 0.806653 0.997378 0.987706 0.924281 0.845626 0.881541 0.883266 0.930178 0.974422 0.817994
0.896641 0.879500 0.851878 0.880292 0.984008 0.826266 0.955971 0.880188 0.821179 0.635423 0.846766 0.979786 0.922197 0.950384 0.845134 0.935296 0.866405 0.878481 0.856197 0.869129 0.899057 0.791947 0.664257 0.638400 0.688058 0.899848 0.000000 0.850104 0.954899 0.953783 0.799589 0.895081 0.860102 0.951721 0.950607 0.755476 0.915926 0.858832 0.892699 0.832182 0.979319 0.912296 0.898343 0.848716 0.681053 0.711284 0.974369 0.883634 0.685456 0.887041 0.866477 0.905868 0.810589 0.847190 0.890753 0.903421 0.915164 0.921254 0.946735 0.995219 0.904938 0.899672 0.929846 0.938410 0.745406 0.934397 0.924930 0.917754 0.835095 0.968773 0.761093 0.893533 0.972502 0.883682 0.885412 0.858046 0.967692 0.961502 0.836805 0.908207 0.856326 0.860497 0.741242 0.866130 0.735711 0.783274 0.852994 0.757721 0.815143 0.845446 0.816841 0.832694 0.885762 0.820484 0.998176 0.873938 0.954345 0.965188 0.866860 0.865068 0.723680 0.899883 0.869214 0.877573 0.864981 0.993744 0.910248 0.937741 0.902721 0.966621 0.822829 0.878625 0.835531 0.994303 0.898460 0.733100
0.987916 0.995648 0.893550 0.958295 0.894022 0.805182 0.941527 0.857932 0.949480 0.828831 0.858272 0.854501 0.930513 0.868239 0.891414 0.908702 0.958723 0.933698 0.985627 0.900825 0.755719 0.806512 0.800681 0.898461 0.707062 0.727577 0.850104 0.000000 0.939516 0.862711 0.885016 0.998048 0.956392 0.927460 0.929394 0.883861 0.978019 0.709520 0.941195 0.789699 0.780531 0.949342 0.944298 0.976044 0.849953 0.945284 0.968050 0.894097 0.898968 0.986865 0.990657 0.955390 0.972686 0.930761 0.971745 0.968848 0.945703 0.967732 0.910213 0.897681 0.941388 0.902542 0.994940 0.945717 0.795841 0.947730 0.944987 0.908429 0.993101 0.855139 0.915850 0.959018 0.968982 0.876296 0.925179 0.948863 0.884192 0.956481 0.916953 0.959141 0.954946 0.950961 0.868841 0.963208 0.988092 0.928982 0.942582 0.948084 0.885166 0.902864 0.990392 0.931409 0.965997 0.972725 0.948856 0.791281 0.972669 0.932260 0.930279 0.874507 0.873670 0.903533 0.951309 0.887663 0.763865 0.951376 0.818561 0.866174 0.961722 0.950089 0.893731 0.777691 0.977076 0.981535 0.955803 0.711401
0.533102 0.500356 0.862008 0.882332 0.701333 0.899021 0.509870 0.522926 0.777144 0.794412 0.484704 0.403953 0.499685 0.375395 0.615881 0.573057 0.385542 0.336331 0.367934 0.405769 0.967365 0.889385 0.734615 0.755113 0.786179 0.634358 0.954899 0.939516 0.000000 0.261930 0.915717 0.644514 0.486613 0.435337 0.999131 0.893015 0.812862 0.713252 0.894011 0.916484 0.898808 0.844494 0.541519 0.537891 0.644279 0.640174 0.574009 0.615456 0.642227 0.726124 0.724074 0.801436 0.970169 0.909423 0.870506 0.781708 0.365336 0.490830 0.678186 0.807373 0.518191 0.504995 0.377618 0.365503 0.975447 0.706430 0.767172 0.768911 0.686576 0.665216 0.643204 0.767926 0.741559 0.770183 0.921193 0.677829 0.713737 0.547432 0.460970 0.492656 0.414994 0.509286 0.555203 0.701462 0.655880 0.628044 0.811241 0.816720 0.807902 0.791161 0.998861 0.983211 0.856484 0.831464 0.985686 0.846307 0.678338 0.986337 0.628855 0.580042 0.971249 0.810772 0.599059 0.464167 0.678295 0.810043 0.977432 0.985078 0.962530 0.734788 0.768692 0.636511 0.771526 0.645572 0.810527 0.789567
0.450290 0.419556 0.863791 0.893600 0.761532 0.877836 0.580301 0.534463 0.891413 0.944470 0.371402 0.307034 0.530164 0.410250 0.728667 0.693933 0.302051 0.260374 0.352275 0.297082 0.945321 0.810947 0.820341 0.803338 0.822596 0.654214 0.953783 0.862711 0.261930 0.000000 0.950210 0.709132 0.478242 0.466165 0.974391 0.904991 0.763132 0.634404 0.889603 0.908747 0.925571 0.741164 0.663602 0.683646 0.813874 0.816834 0.632831 0.717499 0.774673 0.829232 0.832562 0.892138 0.818145 0.684350 0.842042 0.800296 0.263353 0.386678 0.686225 0.782598 0.510841 0.478652 0.376600 0.320565 0.981903 0.606953 0.754524 0.772984 0.583431 0.607801 0.669479 0.805229 0.669895 0.769918 0.779202 0.696292 0.810827 0.547030 0.463842 0.434233 0.308230 0.355927 0.510918 0.589263 0.601429 0.582566 0.779605 0.782635 0.779161 0.766655 0.916401 0.844822 0.835683 0.749153 0.898307 0.845911 0.615156 0.945858 0.722176 0.691993 0.995999 0.839500 0.559018 0.511598 0.670426 0.742044 0.880881 0.947049 0.912848 0.718903 0.799946 0.679963 0.889980 0.697499 0.807658 0.740701
0.898234 0.949563 0.695728 0.643272 0.960989 0.885848 0.664290 0.867727 0.855880 0.915055 0.903422 0.910225 0.753165 0.856003 0.567164 0.627151 0.902767 0.934266 0.758133 0.856269 0.702770 0.800397 0.522395 0.640588 0.611021 0.659732 0.799589 0.885016 0.915717 0.950210 0.000000 0.514077 0.658007 0.772941 0.774425 0.804360 0.650578 0.797943 0.963673 0.951077 0.934384 0.898893 0.614583 0.579570 0.793776 0.791682 0.854227 0.744366 0.997806 0.773134 0.808228 0.787185 0.720389 0.726341 0.883720 0.984202 0.927236 0.953902 0.821916 0.860073 0.917721 0.905005 0.894927 0.919123 0.743039 0.987068 0.677093 0.772251 0.997393 0.954909 0.529499 0.569579 0.831430 0.862542 0.871448 0.799048 0.589255 0.728182 0.745147 0.805607 0.962720 0.921491 0.964157 0.950835 0.908224 0.808477 0.892289 0.861076 0.967555 0.942405 0.854214 0.760388 0.819485 0.812817 0.918389 0.913157 0.878317 0.994637 0.871801 0.829045 0.932949 0.839220 0.735525 0.755165 0.646150 0.798257 0.845675 0.749879 0.938464 0.963835 0.918331 0.811972 0.898342 0.832999 0.896264 0.885403
0.993431 0.990336 0.981622 0.786703 0.936601 0.920403 0.664359 0.750274 0.872408 0.719285 0.948859 0.917077 0.846575 0.672467 0.572147 0.587846 0.849526 0.773240 0.743487 0.805699 0.827947 0.762228 0.725802 0.690498 0.996324 0.939065 0.895081 0.998048 0.644514 0.709132 0.514077 0.000000 0.643424 0.675731 0.984087 0.761768 0.871173 0.844462 0.896589 0.990391 0.943378 0.740850 0.500056 0.485872 0.696074 0.707772 0.787089 0.819050 0.928217 0.929499 0.902866 0.991135 0.906864 0.899348 0.960508 0.912653 0.824481 0.989030 0.989005 0.901465 0.973386 0.928569 0.876730 0.888339 0.900660 0.950885 0.813473 0.769189 0.902671 0.894623 0.642670 0.518457 0.971122 0.903510 0.963554 0.723578 0.713956 0.557167 0.766349 0.822666 0.888619 0.973111 0.922726 0.990559 0.962463 0.904635 0.795190 0.962479 0.876347 0.981501 0.644776 0.638593 0.667808 0.784888 0.938491 0.836327 0.908177 0.912268 0.561126 0.490102 0.797769 0.702854 0.572977 0.644115 0.691182 0.789135 0.880875 0.782812 0.880777 0.873873 0.773534 0.681395 0.855147 0.664246 0.949812 0.967747
0.368150 0.405654 0.485104 0.566510 0.865231 0.978841 0.358332 0.540002 0.824819 0.900983 0.532892 0.502337 0.362559 0.435795 0.508443 0.541650 0.404990 0.405138 0.315766 0.367624 0.679332 0.964034 0.543252 0.606555 0.739526 0.937821 0.860102 0.956392 0.486613 0.478242 0.658007 0.643424 0.000000 0.297738 0.638716 0.966002 0.524864 0.752673 0.815778 0.815950 0.678960 0.797367 0.572484 0.514878 0.777611 0.693317 0.451856 0.506381 0.770660 0.591659 0.626277 0.611442 0.903597 0.897718 0.582099 0.609168 0.388285 0.430358 0.435928 0.545657 0.413012 0.562295 0.323851 0.389222 0.580468 0.558158 0.402447 0.499953 0.553746 0.520319 0.489797 0.688452 0.566598 0.701939 0.784512 0.674798 0.544685 0.606216 0.414950 0.486406 0.399935 0.469009 0.547983 0.541901 0.441346 0.362487 0.841703 0.787209 0.576595 0.663292 0.990883 0.857464 0.968520 0.767574 0.984861 0.916533 0.446112 0.876548 0.702671 0.737127 0.959613 0.872450 0.614115 0.624118 0.585045 0.583702 0.997710 0.931650 0.998877 0.640235 0.825050 0.629844 0.842493 0.666807 0.669752 0.781254
0.359164 0.419899 0.531655 0.555752 0.819286 0.893082 0.298837 0.412427 0.809698 0.936590 0.400810 0.414167 0.357777 0.408721 0.601580 0.588659 0.441139 0.412548 0.280368 0.373107 0.703692 0.893329 0.730016 0.698639 0.878460 0.960259 0.951721 0.927460 0.435337 0.466165 0.772941 0.675731 0.297738 0.000000 0.777220 0.975517 0.584454 0.717878 0.870325 0.764635 0.731063 0.846290 0.518844 0.497489 0.634455 0.532119 0.436273 0.387393 0.563885 0.510581 0.495996 0.554520 0.910655 0.916657 0.566795 0.534373 0.405078 0.429197 0.373218 0.517182 0.320026 0.449849 0.340577 0.373904 0.689088 0.527639 0.376174 0.435193 0.595452 0.482906 0.602276 0.728082 0.606386 0.645110 0.745678 0.769316 0.522651 0.620703 0.484261 0.504031 0.405389 0.500286 0.557441 0.572751 0.529815 0.422632 0.863715 0.878606 0.656958 0.677825 0.945870 0.857156 0.954339 0.797748 0.962780 0.736034 0.459321 0.815737 0.560791 0.612271 0.862512 0.831979 0.559190 0.566358 0.539192 0.549074 0.982686 0.882795 0.983385 0.637016 0.785857 0.512028 0.779525 0.625760 0.638857 0.720810
0.690051 0.746867 0.579621 0.727127 0.937835 0.900745 0.728741 0.969688 0.730290 0.786381 0.956534 0.961111 0.725162 0.853760 0.820361 0.929766 0.884622 0.902392 0.732137 0.818872 0.738385 0.976910 0.651119 0.719980 0.588650 0.683543 0.950607 0.929394 0.999131 0.974391 0.774425 0.984087 0.638716 0.777220 0.000000 0.928548 0.664468 0.869049 0.688449 0.855267 0.856890 0.943936 0.976693 0.919262 0.960929 0.992430 0.827127 0.789765 0.929161 0.828467 0.873716 0.788618 0.854323 0.945149 0.694973 0.697587 0.877621 0.829619 0.686610 0.760304 0.784221 0.996403 0.798770 0.872884 0.510088 0.899167 0.597483 0.703172 0.761441 0.798151 0.684296 0.786007 0.749661 0.780090 0.969807 0.970450 0.803685 0.914230 0.787356 0.858543 0.871310 0.863944 0.876993 0.782404 0.660276 0.698503 0.968613 0.827755 0.709978 0.822957 0.844081 0.812220 0.900541 0.871053 0.813185 0.949005 0.738515 0.964684 0.921293 0.896286 0.641172 0.982512 0.963596 0.979966 0.762991 0.721350 0.954918 0.983171 0.991153 0.929522 0.841726 0.978059 0.862051 0.917689 0.890863 0.811870
0.886403 0.944258 0.938591 0.834336 0.805707 0.853328 0.972518 0.953382 0.788308 0.939118 0.828146 0.923189 0.888386 0.998830 0.896075 0.999539 0.845132 0.972009 0.998809 0.974666 0.667589 0.842012 0.982583 0.823103 0.801103 0.785390 0.755476 0.883861 0.893015 0.904991 0.804360 0.761768 0.966002 0.975517 0.928548 0.000000 0.982139 0.788742 0.831848 0.928835 0.963111 0.815257 0.789905 0.853195 0.992893 0.982430 0.952610 0.990167 0.905821 0.897174 0.991063 0.954955 0.884242 0.986870 0.969484 0.979461 0.908454 0.881810 0.980497 0.997116 0.842020 0.787938 0.822513 0.853247 0.940642 0.973502 0.812329 0.833898 0.887861 0.965422 0.744410 0.701540 0.961290 0.890587 0.709891 0.945962 0.725346 0.741798 0.926888 0.969645 0.853526 0.838421 0.868144 0.798832 0.835068 0.940651 0.796976 0.848878 0.873404 0.954816 0.734273 0.842770 0.607399 0.779135 0.890750 0.942760 0.895186 0.852740 0.786764 0.709885 0.845791 0.935320 0.800544 0.957522 0.748088 0.783934 0.904591 0.856072 0.918057 0.972545 0.976538 0.971549 0.923712 0.959413 0.941363 0.818436
0.491809 0.526650 0.447837 0.506240 0.946648 0.922910 0.641891 0.674047 0.957910 0.850356 0.771643 0.698800 0.583365 0.781265 0.800615 0.805485 0.657661 0.702965 0.626596 0.618756 0.841992 0.979847 0.656895 0.659752 0.572846 0.698303 0.915926 0.978019 0.812862 0.763132 0.650578 0.871173 0.524864 0.584454 0.664468 0.982139 0.000000 0.741852 0.800087 0.986072 0.689627 0.881049 0.781026 0.777448 0.986456 0.900296 0.633885 0.577083 0.896908 0.603701 0.661285 0.601584 0.811809 0.996633 0.488778 0.622254 0.643244 0.534311 0.498917 0.473293 0.584026 0.701281 0.588677 0.584252 0.506161 0.622060 0.517016 0.679796 0.528811 0.525163 0.713555 0.784151 0.595528 0.718138 0.829562 0.759006 0.705985 0.772790 0.593524 0.692016 0.626219 0.643618 0.633958 0.690364 0.553533 0.499887 0.807754 0.827511 0.590278 0.666790 0.745191 0.727520 0.860908 0.844556 0.947430 0.907241 0.629844 0.946937 0.956901 0.980924 0.800828 0.891122 0.804171 0.864081 0.620335 0.629568 0.885106 0.837975 0.971723 0.674665 0.967396 0.885315 0.971582 0.841179 0.674765 0.919329
0.719455 0.667650 0.805022 0.742078 0.998801 0.837790 0.724578 0.677867 0.985865 0.954977 0.778642 0.685361 0.739931 0.648693 0.895538 0.855858 0.730021 0.617432 0.649947 0.536815 0.870679 0.969133 0.841082 0.789602 0.969219 0.939058 0.858832 0.709520 0.713252 0.634404 0.797943 0.844462 0.752673 0.717878 0.869049 0.788742 0.741852 0.000000 0.773204 0.960265 0.908056 0.761336 0.792947 0.781089 0.872081 0.886351 0.814096 0.854892 0.909428 0.893477 0.810232 0.838940 0.862349 0.881586 0.814588 0.870682 0.662071 0.676814 0.820836 0.830526 0.775429 0.804412 0.758206 0.672702 0.863545 0.779497 0.739735 0.777312 0.757456 0.809819 0.656551 0.568579 0.794567 0.731458 0.919763 0.826996 0.729454 0.661893 0.684829 0.587155 0.708320 0.730282 0.801008 0.864033 0.782295 0.773181 0.994268 0.948490 0.757613 0.920378 0.961892 0.953217 0.989995 0.922620 0.880420 0.870036 0.686388 0.938565 0.854083 0.770213 0.980907 0.852636 0.717331 0.865126 0.595836 0.742603 0.790888 0.951468 0.966286 0.892064 0.894250 0.883525 0.904959 0.954429 0.756250 0.873982
