0.000000 0.348365 0.697710 0.928654 0.812595 0.904986 0.707475 0.915785 0.750974 0.984170 0.551920 0.447747 0.892138 0.750395 0.802027 0.928806 0.561985 0.579539 0.577403 0.420237 0.985377 0.914823 0.677364 0.987837 0.909805 0.809320 0.999446 0.947685 0.653935 0.855056 0.661385 0.655142 0.997728 0.834091 0.883620 0.788590 0.947445 0.857942 0.983648 0.906052 0.829973 0.771346 0.802491 0.917479 0.786948 0.877229 0.846862 0.831083 0.425938 0.443140 0.456633 0.524545 0.637850 0.919244 0.584573 0.470116 0.432398 0.375020 0.320397 0.328810 0.828973 0.541078 0.691727 0.551590 0.843630 0.996884 0.817860 0.825029 0.407000 0.462256 0.862900 0.966926 0.718458 0.726983 0.953744 0.853592 0.705727 0.934057 0.921406 0.805198 0.500408 0.488460 0.807513 0.698619 0.818199 0.877605 0.751788 0.998145 0.953552 0.603480 0.606793 0.528893 0.578180 0.597755 0.969785 0.909899 0.784240 0.995612 0.970835 0.915035 0.891074 0.851873 0.795465 0.679982 0.915587 0.987231 0.932292 0.944883 0.971867 0.818274 0.988467 0.964710 0.788668 0.966539 0.956882 0.905475
0.348365 0.000000 0.728882 0.769583 0.796213 0.832134 0.727798 0.761564 0.699435 0.873470 0.654494 0.392620 0.871698 0.666893 0.923108 0.757247 0.503682 0.501453 0.560081 0.403486 0.865192 0.940570 0.778092 0.937670 0.938986 0.864718 0.937872 0.945907 0.622192 0.757695 0.856849 0.790692 0.819332 0.665617 0.916672 0.750752 0.946702 0.804083 0.999947 0.998630 0.903059 0.813377 0.932360 0.775494 0.930729 0.724699 0.713884 0.639079 0.466190 0.443228 0.426872 0.486233 0.618083 0.873510 0.545307 0.521386 0.342995 0.276488 0.363768 0.393134 0.779277 0.484480 0.573497 0.410393 0.910813 0.929608 0.879498 0.952177 0.521015 0.407734 0.885071 0.790490 0.788457 0.773863 0.850957 0.865040 0.602720 0.810165 0.745305 0.696164 0.360401 0.404987 0.734862 0.587729 0.821478 0.835444 0.760350 0.950958 0.974019 0.631729 0.651705 0.558412 0.604571 0.610401 0.880209 0.827833 0.727279 0.913725 0.831166 0.854172 0.838315 0.934961 0.722839 0.693583 0.834885 0.892534 0.984065 0.981381 0.953997 0.773946 0.932813 0.953065 0.734028 0.918653 0.891253 0.865872
0.697710 0.728882 0.000000 0.624800 0.670946 0.982706 0.454980 0.981676 0.627392 0.967936 0.759869 0.655950 0.688314 0.938150 0.642959 0.994199 0.816119 0.759786 0.918254 0.738930 0.812886 0.924246 0.500743 0.682294 0.528939 0.477452 0.808198 0.953791 0.790764 0.778947 0.579056 0.699480 0.712550 0.879526 0.622329 0.742832 0.690140 0.852566 0.986072 0.947434 0.906634 0.972670 0.659301 0.840070 0.717203 0.893082 0.694154 0.803783 0.809250 0.804684 0.836945 0.871705 0.958605 0.830701 0.859634 0.772113 0.694795 0.686146 0.791768 0.646619 0.787374 0.764896 0.821795 0.650666 0.365784 0.624247 0.529519 0.569780 0.699495 0.624273 0.881904 0.957376 0.903429 0.899057 0.980707 0.979568 0.817837 0.984635 0.954953 0.969529 0.857693 0.930378 0.901816 0.970379 0.633877 0.632817 0.995179 0.762073 0.793117 0.969591 0.636012 0.660482 0.616429 0.663121 0.884127 0.913330 0.879946 0.975733 0.974641 0.952489 0.960254 0.796401 0.874987 0.920507 0.832877 0.916695 0.843647 0.786867 0.979400 0.812284 0.941459 0.928104 0.795989 0.978597 0.710570 0.880895
0.928654 0.769583 0.624800 0.000000 0.838467 0.731123 0.631051 0.557947 0.837690 0.902266 0.942731 0.770634 0.533277 0.593080 0.598994 0.640604 0.927090 0.959436 0.781873 0.868955 0.968440 0.992985 0.554622 0.518489 0.903041 0.771509 0.916728 0.843679 0.997615 0.951820 0.823992 0.897929 0.652959 0.749061 0.752863 0.986247 0.903054 0.891196 0.882693 0.934887 0.880551 0.969031 0.943570 0.858613 0.830981 0.771419 0.684471 0.649070 0.888628 0.787222 0.664764 0.627956 0.663776 0.595040 0.865903 0.890237 0.948283 0.843925 0.846395 0.871889 0.505978 0.670890 0.797985 0.772779 0.481587 0.397487 0.749226 0.600250 0.873442 0.928716 0.966385 0.881980 0.806319 0.763971 0.806175 0.924541 0.939531 0.827007 0.777855 0.848613 0.680274 0.697896 0.621153 0.763968 0.452756 0.452421 0.914644 0.663666 0.768439 0.689502 0.719829 0.925678 0.912223 0.961823 0.996259 0.846788 0.911950 0.980732 0.758299 0.703345 0.809044 0.685267 0.978244 0.962350 0.680809 0.796682 0.875612 0.984919 0.989680 0.988651 0.864151 0.885623 0.893884 0.944288 0.709138 0.931976
0.812595 0.796213 0.670946 0.838467 0.000000 0.911751 0.556670 0.791049 0.691778 0.972313 0.974759 0.939312 0.717220 0.955719 0.812363 0.930169 0.857217 0.973080 0.993772 0.923912 0.808161 0.844860 0.709385 0.842821 0.948637 0.904848 0.954310 0.952688 0.960117 0.991474 0.954338 0.910240 0.865833 0.801502 0.846511 0.843193 0.966211 0.968292 0.938700 0.961144 0.987966 0.984549 0.861266 0.985466 0.778359 0.993149 0.992271 0.959105 0.747656 0.664822 0.794954 0.789833 0.794975 0.903628 0.745860 0.769188 0.785036 0.744516 0.824925 0.823156 0.650644 0.949719 0.911697 0.934267 0.699180 0.615900 0.631554 0.617024 0.766466 0.753398 0.972944 0.883907 0.957336 0.989242 0.977420 0.866180 0.919616 0.957262 0.909608 0.986337 0.939447 0.912956 0.863672 0.843999 0.724926 0.678300 0.890929 0.806139 0.865891 0.951919 0.671928 0.765436 0.750462 0.806384 0.975009 0.969816 0.962229 0.851865 0.917078 0.840585 0.858653 0.794923 0.987468 0.960068 0.774737 0.912819 0.976378 0.973243 0.955192 0.877759 0.807091 0.993316 0.988993 0.964040 0.879411 0.975927
0.904986 0.832134 0.982706 0.731123 0.911751 0.000000 0.839262 0.574806 0.910654 0.731672 0.962917 0.766460 0.790026 0.716162 0.855075 0.605992 0.988521 0.944770 0.946009 0.896144 0.863259 0.899006 0.827008 0.884521 0.866747 0.970830 0.961315 0.782578 0.878578 0.961226 0.938498 0.972711 0.851441 0.770966 0.864348 0.928227 0.946285 0.886146 0.950225 0.917504 0.909478 0.877861 0.990734 0.881344 0.852904 0.784936 0.967155 0.766878 0.865706 0.949012 0.828181 0.791767 0.909898 0.837312 0.952242 0.929536 0.941249 0.929646 0.912392 0.857498 0.700583 0.656309 0.787149 0.746799 0.830581 0.683369 0.770180 0.770461 0.868262 0.990761 0.934244 0.843692 0.901044 0.763613 0.752533 0.848276 0.810561 0.717291 0.943896 0.900897 0.873104 0.919442 0.868346 0.993536 0.803991 0.778383 0.886874 0.860377 0.962508 0.883139 0.808248 0.951757 0.853036 0.951252 0.741461 0.893124 0.774358 0.886154 0.646885 0.744539 0.760481 0.882240 0.826352 0.925195 0.759785 0.997513 0.917482 0.815678 0.903904 0.962000 0.919295 0.881664 0.999991 0.903957 0.859123 0.994302
0.707475 0.727798 0.454980 0.631051 0.556670 0.839262 0.000000 0.603509 0.454986 0.746921 0.975841 0.895161 0.562243 0.921611 0.581342 0.838880 0.920643 0.883884 0.945192 0.800018 0.999022 0.922118 0.570436 0.838958 0.931737 0.796670 0.986027 0.857756 0.982732 0.996350 0.700500 0.748924 0.670412 0.740853 0.718256 0.771821 0.909244 0.992045 0.867065 0.908725 0.690756 0.819449 0.645180 0.717484 0.473355 0.702512 0.852430 0.796646 0.789523 0.672299 0.776420 0.766349 0.831971 0.984758 0.634962 0.689745 0.762754 0.653934 0.807128 0.663904 0.523932 0.973632 0.924667 0.867576 0.496243 0.494878 0.400941 0.436042 0.609910 0.593384 0.973017 0.941413 0.894596 0.872920 0.869944 0.983209 0.908292 0.981843 0.919902 0.897902 0.887841 0.877209 0.910757 0.965039 0.668093 0.674589 0.809244 0.717139 0.866824 0.858391 0.507936 0.556796 0.573175 0.518523 0.966779 0.870053 0.935993 0.932502 0.755573 0.659746 0.823139 0.581885 0.887936 0.974391 0.773778 0.951953 0.878615 0.950836 0.907059 0.889949 0.792367 0.722069 0.962386 0.992973 0.762308 0.997876
0.915785 0.761564 0.981676 0.557947 0.791049 0.574806 0.603509 0.000000 0.772962 0.508416 0.750386 0.560216 0.543199 0.588381 0.726104 0.562071 0.799196 0.780251 0.875895 0.768183 0.721835 0.880063 0.831085 0.885102 0.639870 0.767919 0.878688 0.959900 0.708260 0.706082 0.989586 0.961330 0.682945 0.613300 0.934248 0.934873 0.959395 0.946195 0.809124 0.837780 0.735730 0.984945 0.927023 0.757338 0.602186 0.572976 0.894731 0.672164 0.840730 0.906913 0.743235 0.762279 0.834391 0.832865 0.998141 0.969433 0.821016 0.823402 0.830687 0.854341 0.391909 0.410962 0.509847 0.518952 0.824752 0.536700 0.697426 0.599127 0.810978 0.982880 0.999765 0.806321 0.799688 0.782119 0.764448 0.952524 0.770737 0.834909 0.748842 0.968621 0.689248 0.836284 0.784723 0.866016 0.734800 0.751506 0.866647 0.763746 0.997730 0.963522 0.669336 0.850841 0.832846 0.808757 0.828088 0.839146 0.776398 0.852734 0.467163 0.523090 0.622782 0.662591 0.814373 0.815123 0.626247 0.827673 0.979255 0.823337 0.956850 0.858981 0.757914 0.666360 0.680570 0.930333 0.741332 0.824438
0.750974 0.699435 0.627392 0.837690 0.691778 0.910654 0.454986 0.772962 0.000000 0.847390 0.970294 0.793752 0.800393 0.898671 0.789379 0.945960 0.741749 0.698246 0.886012 0.702518 0.921597 0.971419 0.760192 0.975706 0.956577 0.807754 0.926267 0.894743 0.827377 0.797481 0.866104 0.987694 0.937842 0.949386 0.714651 0.883753 0.913890 0.969993 0.880255 0.921363 0.788781 0.779134 0.816936 0.940964 0.684686 0.861573 0.935094 0.989772 0.901152 0.810894 0.847003 0.917306 0.963993 0.885193 0.707847 0.894516 0.728352 0.646709 0.808959 0.791969 0.778124 0.959478 0.848985 0.718320 0.644322 0.689115 0.586264 0.685431 0.742670 0.536668 0.900025 0.752930 0.783375 0.861578 0.983890 0.970008 0.891673 0.920957 0.757239 0.687738 0.734509 0.779008 0.926701 0.905481 0.778507 0.811617 0.833658 0.862296 0.853234 0.932282 0.553049 0.497902 0.567499 0.530584 0.965485 0.916119 0.883810 0.946341 0.832966 0.817526 0.883113 0.748000 0.719362 0.974988 0.855424 0.890565 0.897480 0.991738 0.946461 0.696095 0.918593 0.964994 0.990095 0.888371 0.898822 0.978902
0.984170 0.873470 0.967936 0.902266 0.972313 0.731672 0.746921 0.508416 0.847390 0.000000 0.743292 0.771487 0.883757 0.904485 0.935329 0.834119 0.735804 0.799712 0.963055 0.816643 0.657468 0.973292 0.887423 0.808256 0.794798 0.755978 0.775128 0.859986 0.628213 0.587111 0.819304 0.859880 0.708289 0.690994 0.999271 0.942408 0.942132 0.839962 0.938321 0.946416 0.780850 0.966026 0.705820 0.528595 0.527745 0.453550 0.846540 0.675161 0.768769 0.884502 0.891334 0.964808 0.975488 0.895730 0.992083 0.987808 0.797760 0.911325 0.899593 0.965121 0.779555 0.730927 0.738482 0.744588 0.924767 0.977585 0.818154 0.847360 0.895426 0.916239 0.864559 0.693688 0.971555 0.992831 0.842937 0.921417 0.861927 0.849145 0.929497 0.941905 0.896426 0.975551 0.949573 0.977140 0.816442 0.795781 0.981546 0.988532 0.832276 0.818512 0.877042 0.853387 0.883987 0.786493 0.816969 0.830766 0.832864 0.786838 0.565678 0.656277 0.698021 0.764975 0.757131 0.729656 0.919186 0.974634 0.877795 0.895065 0.957296 0.910506 0.818481 0.671806 0.742401 0.821600 0.945703 0.808793
0.551920 0.654494 0.759869 0.942731 0.974759 0.962917 0.975841 0.750386 0.970294 0.743292 0.000000 0.535697 0.809593 0.832965 0.881230 0.991499 0.452351 0.552030 0.646030 0.527251 0.969801 0.926890 0.572445 0.687765 0.669932 0.686946 0.817231 0.900458 0.469971 0.599067 0.751524 0.819599 0.904333 0.743508 0.777702 0.670474 0.849081 0.951509 0.949368 0.968579 0.924414 0.839551 0.905889 0.827642 0.951956 0.777129 0.954968 0.917399 0.672193 0.748106 0.729514 0.847345 0.909607 0.984626 0.895857 0.782580 0.560032 0.649725 0.551961 0.662338 0.748582 0.681633 0.562365 0.628807 0.704724 0.919247 0.910904 0.928368 0.714282 0.662521 0.809936 0.968048 0.692305 0.667491 0.853538 0.899276 0.859494 0.987072 0.835694 0.822617 0.711408 0.771806 0.945582 0.890610 0.904653 0.897127 0.755517 0.868646 0.939317 0.959997 0.681340 0.727498 0.717382 0.833340 0.977824 0.846310 0.907182 0.969624 0.888920 0.800357 0.900712 0.948202 0.904898 0.618794 0.935838 0.900520 0.845847 0.933989 0.974894 0.873236 0.961682 0.934812 0.846592 0.921538 0.993756 0.825900
0.447747 0.392620 0.655950 0.770634 0.939312 0.766460 0.895161 0.560216 0.793752 0.771487 0.535697 0.000000 0.630789 0.427849 0.900142 0.576182 0.458678 0.468986 0.584575 0.382991 0.886358 0.999869 0.839968 0.938117 0.638057 0.642547 0.896450 0.996866 0.489468 0.562984 0.744136 0.851513 0.812485 0.615068 0.810401 0.741405 0.857781 0.955650 0.860937 0.927236 0.977279 0.905031 0.833020 0.818178 0.980735 0.720258 0.892851 0.761327 0.659907 0.627098 0.496441 0.625837 0.747964 0.961413 0.737167 0.688158 0.442076 0.434638 0.479119 0.482831 0.544407 0.338936 0.400157 0.292362 0.846858 0.801320 0.901457 0.975568 0.655813 0.527943 0.945886 0.782224 0.866522 0.870818 0.834780 0.813607 0.645286 0.814696 0.751788 0.703256 0.413641 0.457327 0.666171 0.697295 0.814588 0.822449 0.969179 0.868241 0.913645 0.818035 0.753541 0.554427 0.582569 0.634354 0.902580 0.844460 0.803176 0.904316 0.769955 0.752689 0.762293 0.963802 0.733702 0.752622 0.852937 0.973889 0.963159 0.876832 0.982664 0.750985 0.836147 0.833981 0.698133 0.876109 0.891282 0.769242
0.892138 0.871698 0.688314 0.533277 0.717220 0.790026 0.562243 0.543199 0.800393 0.883757 0.809593 0.630789 0.000000 0.414950 0.480263 0.511723 0.771536 0.837899 0.640126 0.758831 0.995950 0.979916 0.627167 0.631177 0.917288 0.980068 0.885845 0.954876 0.731240 0.798229 0.949875 0.901111 0.662521 0.633417 0.921475 0.964039 0.996607 0.928591 0.758448 0.937985 0.797431 0.907947 0.978472 0.881829 0.832982 0.824990 0.851972 0.809141 0.973095 0.976753 0.739624 0.847292 0.818232 0.774531 0.937301 0.915024 0.948266 0.957917 0.884010 0.938819 0.351463 0.647050 0.615202 0.714323 0.605254 0.483466 0.727176 0.615364 0.818970 0.952904 0.879741 0.954022 0.849529 0.899822 0.860260 0.889671 0.870320 0.916129 0.830531 0.918769 0.737830 0.748459 0.662186 0.876184 0.514794 0.570683 0.845134 0.707412 0.876715 0.938771 0.801325 0.924189 0.997752 0.979239 0.895895 0.973207 0.961796 0.975094 0.798550 0.763730 0.786472 0.800711 0.929697 0.954879 0.755917 0.912391 0.949278 0.971657 0.962072 0.982453 0.828982 0.773877 0.886304 0.963333 0.733862 0.858064
0.750395 0.666893 0.938150 0.593080 0.955719 0.716162 0.921611 0.588381 0.898671 0.904485 0.832965 0.427849 0.414950 0.000000 0.561441 0.402967 0.650318 0.663577 0.632629 0.581915 0.924006 0.971112 0.767921 0.647726 0.788344 0.797463 0.884696 0.880990 0.653994 0.679246 0.934539 0.976286 0.726067 0.664273 0.895781 0.872185 0.775406 0.896949 0.686277 0.954917 0.815435 0.877740 0.805310 0.942788 0.962224 0.865337 0.964471 0.802423 0.953788 0.817104 0.593575 0.723524 0.772871 0.787686 0.932165 0.974612 0.762556 0.724395 0.758059 0.725654 0.485997 0.552020 0.535270 0.494075 0.861679 0.623247 0.976444 0.875260 0.994167 0.788938 0.857596 0.847354 0.889272 0.886512 0.827366 0.835630 0.796442 0.835230 0.748110 0.757190 0.580165 0.605339 0.608879 0.855621 0.639670 0.661152 0.820661 0.803123 0.971191 0.901169 0.946550 0.629718 0.688839 0.672199 0.989352 0.954003 0.947510 0.996520 0.872713 0.813245 0.862150 0.941104 0.820526 0.945543 0.797568 0.943209 0.918412 0.962365 0.929339 0.887254 0.813118 0.843108 0.884493 0.954940 0.814388 0.880724
0.802027 0.923108 0.642959 0.598994 0.812363 0.855075 0.581342 0.726104 0.789379 0.935329 0.881230 0.900142 0.480263 0.561441 0.000000 0.525202 0.922996 0.910551 0.814946 0.965447 0.963804 0.931320 0.441321 0.612249 0.878530 0.846910 0.793482 0.948865 0.898734 0.890848 0.656696 0.639526 0.573150 0.732429 0.793684 0.907946 0.951282 0.936297 0.761058 0.849222 0.730337 0.794600 0.852454 0.841210 0.748147 0.871593 0.866600 0.793555 0.739411 0.769640 0.946760 0.891368 0.888336 0.934654 0.810300 0.729050 0.913971 0.893188 0.811102 0.781329 0.593823 0.906751 0.860079 0.927199 0.530374 0.524866 0.655057 0.572287 0.687464 0.848739 0.994072 0.806060 0.868361 0.862022 0.866152 0.951879 0.934281 0.957364 0.774336 0.918123 0.933401 0.880506 0.658460 0.914653 0.585969 0.579850 0.776038 0.739055 0.924933 0.946750 0.743788 0.944495 0.881985 0.910686 0.997656 0.951249 0.966394 0.961374 0.889526 0.717095 0.866735 0.808958 0.930436 0.882819 0.795689 0.907342 0.868676 0.918224 0.931356 0.948703 0.822513 0.753754 0.912051 0.959488 0.685975 0.878283
0.928806 0.757247 0.994199 0.640604 0.930169 0.605992 0.838880 0.562071 0.945960 0.834119 0.991499 0.576182 0.511723 0.402967 0.525202 0.000000 0.800970 0.728168 0.725685 0.703278 0.901152 0.903604 0.638962 0.624161 0.923023 0.967347 0.912857 0.964868 0.706457 0.751497 0.858577 0.806769 0.665596 0.630465 0.975872 0.942023 0.964725 0.999275 0.771562 0.964243 0.809911 0.843432 0.997094 0.827657 0.866927 0.779265 0.907622 0.750172 0.933895 0.986867 0.782015 0.863982 0.935618 0.899816 0.955554 0.869317 0.792322 0.844160 0.959478 0.916762 0.556881 0.602032 0.589844 0.542881 0.754694 0.571625 0.819782 0.661746 0.860687 0.851243 0.910757 0.707299 0.875853 0.786883 0.853980 0.870126 0.777815 0.773528 0.635224 0.825579 0.639966 0.660689 0.556516 0.885354 0.641969 0.630837 0.823415 0.662521 0.980760 0.935997 0.922093 0.843776 0.891672 0.889035 0.909347 0.911589 0.872514 0.846259 0.757329 0.751279 0.717759 0.892723 0.829688 0.959814 0.758644 0.841074 0.959372 0.943527 0.995177 0.857123 0.714911 0.776604 0.919449 0.914746 0.723904 0.921868
0.561985 0.503682 0.816119 0.927090 0.857217 0.988521 0.920643 0.799196 0.741749 0.735804 0.452351 0.458678 0.771536 0.650318 0.922996 0.800970 0.000000 0.323733 0.431118 0.379355 0.880607 0.888790 0.745159 0.861346 0.844065 0.771260 0.882115 0.920033 0.372661 0.422095 0.973767 0.911490 0.634454 0.562741 0.830462 0.732059 0.912162 0.885882 0.906094 0.931568 0.901696 0.793813 0.931766 0.633992 0.904309 0.664132 0.700558 0.664286 0.711759 0.710532 0.677007 0.855125 0.922778 0.983085 0.796533 0.838281 0.382648 0.454729 0.530796 0.694845 0.739165 0.674819 0.450256 0.458455 0.813771 0.971376 0.914986 0.986255 0.669612 0.429159 0.921604 0.729716 0.624075 0.603010 0.804624 0.871034 0.731703 0.907229 0.683522 0.581083 0.462308 0.518877 0.784454 0.746503 0.989048 0.991607 0.821843 0.963598 0.774184 0.951765 0.566115 0.510815 0.535574 0.632737 0.922603 0.821684 0.851505 0.945397 0.892613 0.870006 0.861865 0.952531 0.699547 0.641602 0.977191 0.936446 0.943057 0.862440 0.920764 0.709185 0.796898 0.772477 0.824351 0.839874 0.919732 0.782837
0.579539 0.501453 0.759786 0.959436 0.973080 0.944770 0.883884 0.780251 0.698246 0.799712 0.552030 0.468986 0.837899 0.663577 0.910551 0.728168 0.323733 0.000000 0.483916 0.394200 0.922186 0.946105 0.828323 0.901500 0.795928 0.764035 0.905291 0.844072 0.383252 0.411372 0.946234 0.822514 0.635730 0.512355 0.835939 0.794920 0.973677 0.842978 0.965146 0.964361 0.955723 0.766118 0.893456 0.631766 0.851145 0.669817 0.717503 0.650831 0.795331 0.813417 0.794407 0.931368 0.950298 0.816335 0.821075 0.848083 0.369974 0.445551 0.621303 0.724233 0.744280 0.647741 0.430036 0.400312 0.835510 0.978293 0.969309 0.899597 0.680002 0.390528 0.793715 0.665908 0.559868 0.588680 0.823049 0.809509 0.685489 0.802028 0.543010 0.540069 0.420959 0.516970 0.678425 0.693931 0.987137 0.933247 0.905989 0.984907 0.739210 0.960630 0.604149 0.513404 0.569466 0.610059 0.842303 0.833211 0.710667 0.771553 0.872949 0.843199 0.837448 0.978873 0.666455 0.629372 0.907599 0.962472 0.975953 0.883070 0.892406 0.622101 0.650849 0.793023 0.816800 0.799752 0.845924 0.842339
0.577403 0.560081 0.918254 0.781873 0.993772 0.946009 0.945192 0.875895 0.886012 0.963055 0.646030 0.584575 0.640126 0.632629 0.814946 0.725685 0.431118 0.483916 0.000000 0.488113 0.954368 0.960398 0.940578 0.853699 0.924769 0.929754 0.919280 0.992304 0.532747 0.637524 0.863444 0.856796 0.599510 0.542803 0.998170 0.910287 0.956112 0.807489 0.847265 0.944115 0.892814 0.882762 0.885924 0.684862 0.882993 0.722860 0.648377 0.634765 0.772229 0.741548 0.694040 0.821628 0.837028 0.885181 0.754922 0.922950 0.519139 0.595544 0.593900 0.739897 0.679419 0.761385 0.594938 0.642793 0.866816 0.841949 0.946752 0.889219 0.699899 0.555299 0.932623 0.827454 0.706239 0.656640 0.870607 0.845738 0.791027 0.848669 0.727187 0.607852 0.534789 0.542538 0.716293 0.711605 0.745466 0.734349 0.867552 0.869773 0.952876 0.860327 0.696367 0.614334 0.645388 0.714342 0.983349 0.876403 0.889936 0.880071 0.994911 0.897846 0.792845 0.922468 0.754909 0.721704 0.905977 0.985126 0.920726 0.786549 0.951398 0.866189 0.773729 0.913366 0.889758 0.953311 0.900717 0.993306
0.420237 0.403486 0.738930 0.868955 0.923912 0.896144 0.800018 0.768183 0.702518 0.816643 0.527251 0.382991 0.758831 0.581915 0.965447 0.703278 0.379355 0.394200 0.488113 0.000000 0.908558 0.957238 0.824473 0.943528 0.861489 0.739430 0.939590 0.955439 0.458273 0.569065 0.860011 0.986345 0.720582 0.635123 0.910004 0.713338 0.982333 0.869006 0.873992 0.994275 0.993773 0.790441 0.928835 0.782864 0.930758 0.761874 0.821245 0.723895 0.584074 0.546765 0.513319 0.654073 0.772844 0.907371 0.676467 0.696812 0.390033 0.372359 0.480081 0.478589 0.736487 0.553079 0.509594 0.425451 0.833279 0.972832 0.879314 0.983422 0.579789 0.397501 0.980262 0.772686 0.695374 0.734679 0.870421 0.833629 0.689308 0.797754 0.711814 0.620941 0.419988 0.466459 0.749762 0.690147 0.870437 0.889483 0.732781 0.985302 0.879322 0.784004 0.609670 0.501288 0.533798 0.553102 0.908977 0.908214 0.830889 0.946038 0.913680 0.865861 0.713491 0.899601 0.660272 0.726804 0.820128 0.982989 0.980463 0.991627 0.868855 0.774873 0.808387 0.904884 0.869483 0.852125 0.847859 0.792132
0.985377 0.865192 0.812886 0.968440 0.808161 0.863259 0.999022 0.721835 0.921597 0.657468 0.969801 0.886358 0.995950 0.924006 0.963804 0.901152 0.880607 0.922186 0.954368 0.908558 0.000000 0.966382 0.966643 0.947365 0.869228 0.760603 0.954286 0.891777 0.945768 0.895362 0.971135 0.987308 0.931364 0.917195 0.914726 0.937339 0.910303 0.974613 0.865722 0.984147 0.855928 0.942351 0.898044 0.858470 0.815564 0.764265 0.974161 0.787437 0.826420 0.861473 0.889961 0.915816 0.863816 0.942871 0.939612 0.978442 0.877412 0.870984 0.894322 0.894474 0.967562 0.821457 0.898143 0.822110 0.893031 0.935578 0.978116 0.963122 0.929274 0.910438 0.907209 0.822700 0.862381 0.892201 0.821710 0.809838 0.941831 0.990137 0.983392 0.969889 0.909994 0.996467 0.998398 0.941038 0.938416 0.853414 0.979376 0.995050 0.914543 0.942178 0.841805 0.932133 0.958150 0.963856 0.878528 0.860744 0.835155 0.955796 0.638011 0.824758 0.940080 0.848712 0.759083 0.847889 0.918907 0.885141 0.984776 0.878059 0.895485 0.925888 0.878332 0.736679 0.829674 0.874681 0.994690 0.936690
0.914823 0.940570 0.924246 0.992985 0.844860 0.899006 0.922118 0.880063 0.971419 0.973292 0.926890 0.999869 0.979916 0.971112 0.931320 0.903604 0.888790 0.946105 0.960398 0.957238 0.966382 0.000000 0.869227 0.975735 0.908069 0.998830 0.979613 0.933743 0.901948 0.937177 0.891798 0.977515 0.982960 0.944590 0.900516 0.962724 0.914282 0.757821 0.994479 0.747875 0.904104 0.962409 0.971793 0.979509 0.950823 0.970402 0.797213 0.996088 0.928257 0.868640 0.897798 0.931904 0.859320 0.927993 0.917057 0.943043 0.936694 0.931462 0.937657 0.985116 0.873324 0.871505 0.987468 0.989393 0.927460 0.814387 0.900079 0.959069 0.983855 0.972286 0.996632 0.947707 0.986686 0.916730 0.899653 0.887877 0.988004 0.984071 0.975124 0.939184 0.961157 0.935826 0.985924 0.995489 0.897514 0.859425 0.828733 0.940336 0.965142 0.967247 0.818085 0.914720 0.933885 0.952769 0.986571 0.953345 0.921191 0.945614 0.906233 0.876733 0.890131 0.808352 0.993232 0.930653 0.799341 0.882564 0.908042 0.948156 0.926755 0.932679 0.969398 0.957418 0.972439 0.909924 0.913926 0.959870
0.677364 0.778092 0.500743 0.554622 0.709385 0.827008 0.570436 0.831085 0.760192 0.887423 0.572445 0.839968 0.627167 0.767921 0.441321 0.638962 0.745159 0.828323 0.940578 0.824473 0.966643 0.869227 0.000000 0.425811 0.703527 0.598770 0.738340 0.953954 0.765268 0.792349 0.656455 0.664144 0.675993 0.857038 0.686574 0.663160 0.803863 0.973869 0.822356 0.941758 0.783815 0.814498 0.842048 0.984129 0.775930 0.969541 0.891547 0.810107 0.708947 0.739561 0.873680 0.926793 0.976210 0.847386 0.820786 0.733406 0.695221 0.726509 0.705429 0.733555 0.711297 0.968709 0.894775 0.864417 0.347780 0.452332 0.590461 0.508129 0.636537 0.683662 0.912898 0.889227 0.757652 0.710120 0.905289 0.989581 0.862553 0.861212 0.894661 0.980591 0.968678 0.999636 0.662216 0.990683 0.458049 0.488209 0.745448 0.578693 0.847668 0.880437 0.549786 0.742389 0.684240 0.823992 0.947860 0.997502 0.956785 0.924828 0.902709 0.775121 0.806601 0.772602 0.955109 0.758720 0.682548 0.785742 0.840157 0.919365 0.997128 0.923967 0.807381 0.843555 0.878495 0.970225 0.712601 0.910115
0.987837 0.937670 0.682294 0.518489 0.842821 0.884521 0.838958 0.885102 0.975706 0.808256 0.687765 0.938117 0.631177 0.647726 0.612249 0.624161 0.861346 0.901500 0.853699 0.943528 0.947365 0.975735 0.425811 0.000000 0.719459 0.744483 0.672799 0.869981 0.840901 0.795090 0.856300 0.841768 0.816818 0.904931 0.871137 0.768238 0.916737 0.911010 0.800610 0.993393 0.990717 0.916033 0.961438 0.941111 0.931864 0.957564 0.827343 0.834840 0.914289 0.939688 0.823594 0.796092 0.784262 0.797857 0.912931 0.973432 0.931112 0.982682 0.996212 0.922084 0.751319 0.868784 0.993525 0.951418 0.532813 0.558651 0.864957 0.754553 0.922294 0.916183 0.949440 0.892931 0.773166 0.738435 0.948787 0.928945 0.932907 0.916963 0.877100 0.846827 0.813161 0.757425 0.616939 0.838311 0.435048 0.463941 0.838970 0.526187 0.733168 0.680445 0.776563 0.983313 0.928353 0.957413 0.867695 0.998746 0.939656 0.892038 0.941742 0.878660 0.807496 0.913955 0.867794 0.798302 0.741198 0.736398 0.866160 0.961743 0.971006 0.992817 0.864023 0.986143 0.963920 0.920273 0.799506 0.821738
0.909805 0.938986 0.528939 0.903041 0.948637 0.866747 0.931737 0.639870 0.956577 0.794798 0.669932 0.638057 0.917288 0.788344 0.878530 0.923023 0.844065 0.795928 0.924769 0.861489 0.869228 0.908069 0.703527 0.719459 0.000000 0.430018 0.682799 0.926338 0.733255 0.649679 0.639592 0.849119 0.894293 0.970835 0.713066 0.836334 0.647675 0.793084 0.957970 0.857857 0.929107 0.991771 0.703815 0.870529 0.992004 0.995486 0.727253 0.814811 0.991551 0.976447 0.906174 0.962272 0.977668 0.905094 0.901341 0.952827 0.922258 0.906972 0.919758 0.859883 0.781335 0.641750 0.626292 0.617176 0.560395 0.941404 0.761118 0.875988 0.968708 0.932814 0.719347 0.925138 0.928721 0.967505 0.866012 0.931807 0.884001 0.984579 0.974899 0.982242 0.899323 0.954601 0.974735 0.995625 0.766005 0.783337 0.815859 0.892336 0.843895 0.856016 0.958858 0.881806 0.810702 0.928765 0.966913 0.918833 0.998418 0.967331 0.786552 0.844621 0.979457 0.960052 0.929018 0.925245 0.997912 0.974703 0.860440 0.761310 0.959036 0.864682 0.970006 0.957102 0.748032 0.946096 0.824697 0.781066
0.809320 0.864718 0.477452 0.771509 0.904848 0.970830 0.796670 0.767919 0.807754 0.755978 0.686946 0.642547 0.980068 0.797463 0.846910 0.967347 0.771260 0.764035 0.929754 0.739430 0.760603 0.998830 0.598770 0.744483 0.430018 0.000000 0.765164 0.842257 0.677062 0.595718 0.588221 0.834800 0.858391 0.991996 0.718043 0.780364 0.604649 0.849132 0.898920 0.916504 0.978795 0.952217 0.760428 0.936414 0.965241 0.914966 0.739904 0.863528 0.888514 0.904615 0.844134 0.992067 0.997839 0.859142 0.996111 0.948860 0.808961 0.807237 0.790699 0.769308 0.872435 0.667623 0.661833 0.637028 0.480961 0.765614 0.700523 0.734961 0.924448 0.785834 0.737663 0.985842 0.974020 0.973258 0.946363 0.942990 0.767036 0.929517 0.973155 0.991176 0.921448 0.972111 0.893350 0.933902 0.696960 0.623341 0.941011 0.808883 0.826395 0.794827 0.803014 0.738722 0.727645 0.816914 0.917632 0.958434 0.924038 0.946587 0.903724 0.965420 0.998974 0.889986 0.791261 0.865109 0.952718 0.798984 0.956573 0.799605 0.992498 0.816209 0.918327 0.975352 0.777319 0.956927 0.806493 0.839326
0.999446 0.937872 0.808198 0.916728 0.954310 0.961315 0.986027 0.878688 0.926267 0.775128 0.817231 0.896450 0.885845 0.884696 0.793482 0.912857 0.882115 0.905291 0.919280 0.939590 0.954286 0.979613 0.738340 0.672799 0.682799 0.765164 0.000000 0.842841 0.776847 0.880726 0.907742 0.928004 0.898397 0.939110 0.908063 0.943261 0.986533 0.875331 0.916812 0.984070 0.977133 0.936179 0.921894 0.840014 0.838986 0.835793 0.962204 0.987999 0.879426 0.967879 0.979348 0.987008 0.974979 0.939402 0.986390 0.958110 0.914259 0.963237 0.888424 0.961562 0.913190 0.868346 0.847969 0.875589 0.798813 0.911554 0.919212 0.916850 0.975924 0.958621 0.965245 0.895901 0.828414 0.888499 0.977476 0.965788 0.833095 0.917004 0.903566 0.917990 0.975369 0.897177 0.896533 0.943098 0.761201 0.743934 0.893708 0.739950 0.835746 0.921692 0.917415 0.949642 0.994033 0.993933 0.982033 0.968604 0.767135 0.830493 0.870755 0.996061 0.996956 0.913067 0.955307 0.935008 0.947309 0.836810 0.962251 0.817296 0.899863 0.956999 0.982987 0.899131 0.853082 0.983043 0.894271 0.944845
0.947685 0.945907 0.953791 0.843679 0.952688 0.782578 0.857756 0.959900 0.894743 0.859986 0.900458 0.996866 0.954876 0.880990 0.948865 0.964868 0.920033 0.844072 0.992304 0.955439 0.891777 0.933743 0.953954 0.869981 0.926338 0.842257 0.842841 0.000000 0.874615 0.877747 0.995770 0.821052 0.891757 0.907670 0.919187 0.985184 0.974363 0.912727 0.944783 0.833109 0.964058 0.986124 0.705911 0.783216 0.704826 0.810752 0.974430 0.937717 0.950325 0.821405 0.806524 0.728802 0.805157 0.660665 0.828560 0.897880 0.913780 0.981740 0.992975 0.888819 0.914314 0.999785 0.972518 0.974523 0.936495 0.961960 0.879368 0.848722 0.892058 0.963447 0.896319 0.946696 0.780059 0.876374 0.944531 0.996299 0.982237 0.967697 0.903775 0.986261 0.997310 0.982011 0.999254 0.969597 0.916660 0.883459 0.953380 0.999331 0.797307 0.888800 0.999219 0.937974 0.997318 0.908110 0.972539 0.980778 0.984133 0.889156 0.996796 0.905077 0.963040 0.954500 0.961888 0.794167 0.976068 0.963794 0.972993 0.927645 0.909674 0.981418 0.703935 0.915100 0.876058 0.786249 0.950223 0.959473
0.653935 0.622192 0.790764 0.997615 0.960117 0.878578 0.982732 0.708260 0.827377 0.628213 0.469971 0.489468 0.731240 0.653994 0.898734 0.706457 0.372661 0.383252 0.532747 0.458273 0.945768 0.901948 0.765268 0.840901 0.733255 0.677062 0.776847 0.874615 0.000000 0.370430 0.945195 0.847554 0.591355 0.530949 0.826527 0.720339 0.934401 0.901829 0.883338 0.982200 0.912626 0.839563 0.876491 0.630875 0.769208 0.580706 0.747628 0.710106 0.778835 0.827527 0.780969 0.953256 0.990641 0.946480 0.864982 0.946917 0.492559 0.601866 0.649636 0.768300 0.680938 0.666032 0.434177 0.484329 0.788681 0.950025 0.998884 0.913187 0.861686 0.555533 0.958211 0.775605 0.640827 0.662498 0.923041 0.826676 0.653002 0.909739 0.695343 0.679608 0.571912 0.717381 0.872708 0.899157 0.906470 0.891211 0.898894 0.943549 0.760143 0.880294 0.666517 0.631761 0.683748 0.753776 0.896763 0.845595 0.824709 0.825219 0.821834 0.867511 0.771833 0.976727 0.701563 0.659763 0.997060 0.930242 0.971008 0.923176 0.941760 0.716392 0.741117 0.767270 0.813270 0.814069 0.925264 0.847444
0.855056 0.757695 0.778947 0.951820 0.991474 0.961226 0.996350 0.706082 0.797481 0.587111 0.599067 0.562984 0.798229 0.679246 0.890848 0.751497 0.422095 0.411372 0.637524 0.569065 0.895362 0.937177 0.792349 0.795090 0.649679 0.595718 0.880726 0.877747 0.370430 0.000000 0.898007 0.784551 0.683782 0.525142 0.753407 0.748693 0.899024 0.940917 0.913424 0.954642 0.897090 0.888023 0.895834 0.662816 0.754158 0.627958 0.832937 0.789889 0.960094 0.969524 0.921835 0.900985 0.868432 0.872499 0.998885 0.902516 0.584737 0.709168 0.837191 0.942763 0.745845 0.747046 0.450570 0.506287 0.698490 0.882454 0.914504 0.954234 0.984321 0.621583 0.914724 0.700659 0.756463 0.719517 0.873760 0.865466 0.801152 0.868046 0.725419 0.674895 0.661808 0.796141 0.898854 0.887844 0.771764 0.810103 0.981990 0.962442 0.676431 0.737495 0.710629 0.632375 0.672332 0.776361 0.805907 0.821983 0.830955 0.759833 0.844465 0.947003 0.826972 0.974551 0.659654 0.724650 0.980059 0.906436 0.998471 0.909584 0.899544 0.630686 0.671873 0.768591 0.750061 0.793009 0.973018 0.787378
0.661385 0.856849 0.579056 0.823992 0.954338 0.938498 0.700500 0.989586 0.866104 0.819304 0.751524 0.744136 0.949875 0.934539 0.656696 0.858577 0.973767 0.946234 0.863444 0.860011 0.971135 0.891798 0.656455 0.856300 0.639592 0.588221 0.907742 0.995770 0.945195 0.898007 0.000000 0.504245 0.580818 0.715118 0.757604 0.868971 0.646513 0.768073 0.978207 0.979534 0.845259 0.895077 0.459019 0.590619 0.572814 0.712199 0.626979 0.603912 0.802997 0.764677 0.718056 0.748219 0.777944 0.998963 0.891925 0.652771 0.991480 0.873040 0.688617 0.632008 0.974889 0.731571 0.965056 0.867041 0.680598 0.907036 0.652189 0.628748 0.692587 0.882928 0.606452 0.699357 0.972102 0.941765 0.946646 0.968147 0.959753 0.848873 0.790165 0.849088 0.997984 0.972524 0.924071 0.996946 0.978465 0.893269 0.909818 0.850088 0.867355 0.884764 0.855438 0.788478 0.764394 0.790339 0.875711 0.821452 0.893314 0.776481 0.908632 0.905292 0.893718 0.804109 0.934536 0.960048 0.990266 0.817023 0.906389 0.816775 0.926332 0.962912 0.768622 0.826013 0.858974 0.915517 0.796712 0.862999
0.655142 0.790692 0.699480 0.897929 0.910240 0.972711 0.748924 0.961330 0.987694 0.859880 0.819599 0.851513 0.901111 0.976286 0.639526 0.806769 0.911490 0.822514 0.856796 0.986345 0.987308 0.977515 0.664144 0.841768 0.849119 0.834800 0.928004 0.821052 0.847554 0.784551 0.504245 0.000000 0.554456 0.741356 0.877031 0.953502 0.816713 0.907732 0.931359 0.934101 0.837258 0.986384 0.641281 0.741233 0.667956 0.813088 0.750559 0.769596 0.688774 0.708535 0.726915 0.667666 0.673349 0.872418 0.917822 0.667931 0.970692 0.886524 0.649779 0.636023 0.941512 0.803591 0.902214 0.989785 0.799614 0.905591 0.796666 0.676959 0.762312 0.972397 0.735967 0.665631 0.925016 0.974692 0.939646 0.979348 0.958155 0.882939 0.682274 0.704872 0.919818 0.965271 0.811942 0.930553 0.967683 0.888320 0.951950 0.808713 0.822182 0.805371 0.942003 0.884224 0.956019 0.901462 0.891794 0.981753 0.978515 0.754844 0.991197 0.966428 0.889307 0.840072 0.886997 0.926892 0.928403 0.841050 0.867556 0.844603 0.903463 0.888501 0.715813 0.809500 0.771899 0.840136 0.840583 0.933616
0.997728 0.819332 0.712550 0.652959 0.865833 0.851441 0.670412 0.682945 0.937842 0.708289 0.904333 0.812485 0.662521 0.726067 0.573150 0.665596 0.634454 0.635730 0.599510 0.720582 0.931364 0.982960 0.675993 0.816818 0.894293 0.858391 0.898397 0.891757 0.591355 0.683782 0.580818 0.554456 0.000000 0.485568 0.771510 0.944870 0.763489 0.895357 0.856214 0.923908 0.781897 0.883121 0.628897 0.563560 0.573652 0.592112 0.570220 0.555423 0.977048 0.998583 0.915121 0.974888 0.963721 0.876412 0.959911 0.880841 0.761131 0.819661 0.879243 0.997226 0.623191 0.838764 0.665419 0.737908 0.674075 0.681318 0.648216 0.522627 0.872284 0.880474 0.800660 0.704562 0.860820 0.958645 0.853928 0.883295 0.773735 0.804118 0.671299 0.691774 0.658826 0.788257 0.730181 0.876173 0.724527 0.745592 0.958649 0.790090 0.880785 0.942991 0.932389 0.989394 0.987834 0.987401 0.839638 0.855234 0.962346 0.813777 0.741033 0.685003 0.791567 0.765947 0.835498 0.831872 0.757338 0.876918 0.844299 0.838546 0.865862 0.855459 0.752983 0.724097 0.950274 0.808218 0.705283 0.959810
0.834091 0.665617 0.879526 0.749061 0.801502 0.770966 0.740853 0.613300 0.949386 0.690994 0.743508 0.615068 0.633417 0.664273 0.732429 0.630465 0.562741 0.512355 0.542803 0.635123 0.917195 0.944590 0.857038 0.904931 0.970835 0.991996 0.939110 0.907670 0.530949 0.525142 0.715118 0.741356 0.485568 0.000000 0.873033 0.944693 0.817068 0.784511 0.937046 0.927272 0.858665 0.933354 0.643936 0.505186 0.602623 0.554894 0.613050 0.557491 0.907321 0.991125 0.891854 0.979352 0.916226 0.925570 0.956928 0.935761 0.602966 0.734253 0.819654 0.925035 0.588928 0.691017 0.531199 0.592847 0.854439 0.737059 0.700436 0.600631 0.994166 0.780064 0.730609 0.656794 0.788424 0.785803 0.814019 0.875470 0.659381 0.704503 0.633010 0.761295 0.590663 0.691843 0.750205 0.797675 0.810215 0.763662 0.959267 0.808474 0.791769 0.939121 0.951860 0.826580 0.885510 0.933931 0.828812 0.761643 0.820336 0.740568 0.691803 0.745699 0.762161 0.906118 0.716924 0.782875 0.791410 0.909860 0.955889 0.824462 0.978903 0.707650 0.697137 0.639115 0.815077 0.837136 0.686826 0.969756
0.883620 0.916672 0.622329 0.752863 0.846511 0.864348 0.718256 0.934248 0.714651 0.999271 0.777702 0.810401 0.921475 0.895781 0.793684 0.975872 0.830462 0.835939 0.998170 0.910004 0.914726 0.900516 0.686574 0.871137 0.713066 0.718043 0.908063 0.919187 0.826527 0.753407 0.757604 0.877031 0.771510 0.873033 0.000000 0.802039 0.659357 0.927824 0.948088 0.862699 0.792558 0.898891 0.693389 0.767334 0.767505 0.856114 0.883011 0.829418 0.991657 0.935497 0.913289 0.963036 0.977089 0.863988 0.975961 0.924157 0.906571 0.885082 0.931101 0.865769 0.862664 0.989020 0.823198 0.797099 0.585918 0.659605 0.573452 0.604281 0.844327 0.771570 0.854073 0.988537 0.918212 0.924271 0.960022 0.960005 0.765827 0.928321 0.946878 0.810839 0.905065 0.942487 0.999885 0.993256 0.737109 0.734357 0.997308 0.963656 0.974122 0.912141 0.695627 0.701342 0.705510 0.700993 0.991346 0.988355 0.917951 0.903036 0.911548 0.935741 0.881841 0.860441 0.901351 0.968360 0.853061 0.942223 0.835208 0.959786 0.933606 0.925305 0.929454 0.956400 0.936550 0.907088 0.636977 0.931943
0.788590 0.750752 0.742832 0.986247 0.843193 0.928227 0.771821 0.934873 0.883753 0.942408 0.670474 0.741405 0.964039 0.872185 0.907946 0.942023 0.732059 0.794920 0.910287 0.713338 0.937339 0.962724 0.663160 0.768238 0.836334 0.780364 0.943261 0.985184 0.720339 0.748693 0.868971 0.953502 0.944870 0.944693 0.802039 0.000000 0.893210 0.954901 0.972089 0.879975 0.941814 0.905753 0.781834 0.881210 0.803971 0.983153 0.920998 0.964224 0.818698 0.729779 0.692876 0.753857 0.821514 0.846019 0.743100 0.825438 0.746745 0.690947 0.837853 0.740948 0.998252 0.845476 0.736926 0.719494 0.720688 0.823477 0.677260 0.781390 0.844673 0.773313 0.922772 0.993967 0.911261 0.915496 0.993444 0.887978 0.837136 0.940701 0.871590 0.998904 0.767721 0.815685 0.926894 0.858669 0.846380 0.863708 0.774266 0.829236 0.883040 0.992252 0.681116 0.717746 0.659485 0.740921 0.954442 0.924161 0.944347 0.813720 0.964403 0.889958 0.970268 0.930445 0.979729 0.816960 0.954613 0.999160 0.761936 0.966311 0.900978 0.980816 0.970490 0.869795 0.959701 0.913157 0.997628 0.843325
0.947445 0.946702 0.690140 0.903054 0.966211 0.946285 0.909244 0.959395 0.913890 0.942132 0.849081 0.857781 0.996607 0.775406 0.951282 0.964725 0.912162 0.973677 0.956112 0.982333 0.910303 0.914282 0.803863 0.916737 0.647675 0.604649 0.986533 0.974363 0.934401 0.899024 0.646513 0.816713 0.763489 0.817068 0.659357 0.893210 0.000000 0.768574 0.666401 0.928255 0.935277 0.884545 0.677324 0.769015 0.802631 0.793159 0.702955 0.742538 0.901676 0.934211 0.975362 0.966955 0.983534 0.932695 0.859232 0.926138 0.936107 0.975304 0.938839 0.920750 0.945596 0.949213 0.919474 0.931848 0.757419 0.950956 0.725049 0.677286 0.957358 0.973843 0.629431 0.816886 0.998433 0.995664 0.939711 0.940047 0.986184 0.731263 0.960275 0.987709 0.947503 0.947559 0.954001 0.860006 0.907441 0.912719 0.834843 0.829388 0.844723 0.855923 0.912978 0.823206 0.811352 0.915124 0.914402 0.864316 0.968646 0.807385 0.767480 0.952543 0.803279 0.978983 0.941654 0.946066 0.890747 0.817822 0.968447 0.938497 0.894997 0.891889 0.949507 0.934241 0.953472 0.942015 0.766229 0.989391
0.857942 0.804083 0.852566 0.891196 0.968292 0.886146 0.992045 0.946195 0.969993 0.839962 0.951509 0.955650 0.928591 0.896949 0.936297 0.999275 0.885882 0.842978 0.807489 0.869006 0.974613 0.757821 0.973869 0.911010 0.793084 0.849132 0.875331 0.912727 0.901829 0.940917 0.768073 0.907732 0.895357 0.784511 0.927824 0.954901 0.768574 0.000000 0.888864 0.965505 0.934776 0.869069 0.697457 0.775844 0.775486 0.699696 0.620770 0.633075 0.774031 0.822917 0.941931 0.900703 0.889612 0.996985 0.802358 0.896567 0.767459 0.752089 0.833423 0.911684 0.987229 0.894042 0.999780 0.909618 0.880210 0.996368 0.869736 0.893060 0.788258 0.854085 0.736600 0.716615 0.767894 0.844853 0.856893 0.914189 0.933690 0.804965 0.856879 0.875096 0.840076 0.776630 0.980829 0.796501 0.948681 0.906412 0.722670 0.891532 0.908565 0.867424 0.885426 0.983113 0.989097 0.975307 0.895476 0.732364 0.639928 0.725730 0.890625 0.868033 0.810933 0.940182 0.777848 0.643232 0.900917 0.712700 0.835196 0.912897 0.975146 0.950212 0.758915 0.978374 0.951627 0.824557 0.856365 0.888236
