0.000000 0.280775 0.569420 0.665415 0.948447 0.850750 0.567561 0.508134 0.901138 0.754912 0.327230 0.300637 0.446538 0.485894 0.537710 0.521278 0.319195 0.239372 0.380410 0.301512 0.728560 0.829426 0.528387 0.691088 0.793861 0.723228 0.924635 0.964223 0.275107 0.275842 0.488160 0.471999 0.421567 0.374484 0.716706 0.813627 0.548753 0.695258 0.742306 0.739334 0.667289 0.816044 0.590369 0.505193 0.623372 0.539317 0.531374 0.438316 0.792643 0.700461 0.727843 0.776332 0.771790 0.917852 0.657739 0.809083 0.368886 0.351530 0.533925 0.445903 0.335890 0.398303 0.281201 0.315785 0.587789 0.529944 0.574619 0.427379 0.405512 0.356889 0.524723 0.587008 0.481329 0.541207 0.766190 0.811593 0.541035 0.626451 0.531281 0.375485 0.277527 0.300249 0.430547 0.468483 0.531067 0.553782 0.811648 0.942541 0.924517 0.589262 0.966499 0.962151 0.900486 0.966928 0.570405 0.658778 0.618594 0.838591 0.614479 0.636837 0.771602 0.672916 0.583204 0.675825 0.566818 0.602920 0.894346 0.927489 0.971716 0.707104 0.867156 0.704356 0.684203 0.652615 0.776370 0.922875
0.280775 0.000000 0.793253 0.831754 0.953415 0.963926 0.686659 0.592516 0.895635 0.703424 0.446090 0.384753 0.705929 0.644198 0.711192 0.639854 0.193217 0.216618 0.470058 0.369679 0.799450 0.816690 0.659127 0.848469 0.969602 0.890236 0.824345 0.957700 0.326454 0.295527 0.590286 0.600629 0.480942 0.446896 0.816713 0.691021 0.727034 0.639550 0.896958 0.867715 0.762386 0.643100 0.573707 0.506610 0.607595 0.563825 0.631566 0.490793 0.675357 0.706563 0.696589 0.766747 0.788229 0.870606 0.864326 0.962637 0.195585 0.191454 0.543538 0.507225 0.529243 0.551196 0.240385 0.211573 0.881702 0.785904 0.637829 0.484359 0.521401 0.375577 0.473105 0.487320 0.547884 0.541863 0.857600 0.728646 0.557857 0.404584 0.509307 0.507587 0.266311 0.456847 0.429130 0.473436 0.721031 0.811194 0.720759 0.818771 0.941737 0.781575 0.868509 0.879901 0.814014 0.946079 0.591798 0.756163 0.686326 0.670296 0.565930 0.559062 0.757430 0.671035 0.482075 0.583023 0.547008 0.541252 0.759412 0.824568 0.938756 0.773862 0.782266 0.676631 0.748942 0.743550 0.776225 0.953715
0.569420 0.793253 0.000000 0.229722 0.955793 0.571364 0.209846 0.316532 0.615839 0.502955 0.536727 0.636246 0.439116 0.596427 0.541566 0.543502 0.800197 0.653706 0.409389 0.497265 0.719751 0.798852 0.357175 0.396439 0.627400 0.371559 0.882090 0.926369 0.741644 0.594317 0.328172 0.406122 0.374075 0.346913 0.606486 0.692085 0.663435 0.760446 0.484231 0.757546 0.920276 0.986604 0.365484 0.373333 0.409007 0.412967 0.392305 0.397262 0.660392 0.571632 0.594396 0.570027 0.604154 0.776522 0.640255 0.611173 0.925472 0.921681 0.537398 0.561853 0.445387 0.520113 0.746385 0.843277 0.290816 0.274755 0.291895 0.351408 0.764333 0.658511 0.491796 0.493131 0.613173 0.556030 0.768162 0.814754 0.524714 0.801760 0.579847 0.465680 0.721416 0.538882 0.868849 0.818114 0.626129 0.503890 0.878438 0.967141 0.845811 0.617187 0.596304 0.629238 0.617346 0.572413 0.654287 0.679640 0.388855 0.844166 0.480050 0.466964 0.559518 0.517343 0.626176 0.638949 0.504014 0.564382 0.689110 0.697893 0.922962 0.854602 0.807723 0.649492 0.501977 0.645329 0.680582 0.878245
0.665415 0.831754 0.229722 0.000000 0.980812 0.585225 0.265452 0.316712 0.634347 0.490213 0.618551 0.703723 0.513531 0.542850 0.532179 0.507585 0.874603 0.701739 0.400620 0.511058 0.643927 0.737507 0.377797 0.373309 0.710481 0.402510 0.868539 0.983630 0.741362 0.640077 0.383656 0.432545 0.389585 0.362096 0.658193 0.665014 0.683162 0.819420 0.598421 0.832459 0.999078 0.941129 0.378383 0.393427 0.493301 0.483872 0.429520 0.446242 0.665779 0.579167 0.646205 0.593382 0.658353 0.766075 0.713628 0.693151 0.960511 0.951871 0.530806 0.626000 0.582564 0.598261 0.828154 0.919892 0.382060 0.302843 0.353650 0.416507 0.878054 0.730640 0.478241 0.475057 0.696965 0.594891 0.867086 0.741010 0.488179 0.734598 0.587071 0.535266 0.812828 0.596052 0.926752 0.817805 0.702634 0.508919 0.952478 0.916692 0.884668 0.629618 0.522295 0.525843 0.564812 0.479105 0.767045 0.630836 0.452140 0.761959 0.484952 0.422522 0.531630 0.567881 0.635841 0.581397 0.543209 0.632566 0.725019 0.710738 0.950300 0.846525 0.864583 0.641905 0.492476 0.557114 0.739224 0.839481
0.948447 0.953415 0.955793 0.980812 0.000000 0.957981 0.923365 0.894425 0.995861 0.887652 0.956968 0.942668 0.945702 0.882792 0.989998 0.946124 0.891646 0.918274 0.931585 0.966887 0.939923 0.930016 0.915650 0.976631 0.841610 0.910753 0.982909 0.945526 0.916292 0.938890 0.996105 0.927062 0.980987 0.963947 0.966520 0.972285 0.756980 0.955565 0.860070 0.963725 0.878455 0.947355 0.866280 0.890787 0.868024 0.827382 0.961052 0.895796 0.705543 0.773393 0.853639 0.807286 0.829057 0.746113 0.999962 0.921233 0.920521 0.894964 0.858158 0.858479 0.879129 0.887923 0.827993 0.866614 0.947046 0.951690 0.952124 0.943407 0.936034 0.967432 0.852323 0.862760 0.989308 0.990452 0.974489 0.925002 0.935006 0.989795 0.813592 0.976632 0.838926 0.937624 0.908337 0.966775 0.981899 0.978188 0.954564 0.965048 0.980147 0.903368 0.877569 0.901457 0.910733 0.987234 0.890344 0.980306 0.938932 0.822095 0.880041 0.754230 0.887727 0.953876 0.960647 0.801545 0.936093 0.957530 0.822182 0.993451 0.732994 0.867679 0.958864 0.731134 0.763935 0.886086 0.914546 0.956071
0.850750 0.963926 0.571364 0.585225 0.957981 0.000000 0.575347 0.756000 0.801050 0.733307 0.836321 0.759909 0.618454 0.795489 0.674590 0.527963 0.997888 0.873407 0.656181 0.746800 0.840937 0.801508 0.613163 0.600490 0.754492 0.509597 0.760447 0.645285 0.923535 0.842136 0.708310 0.735097 0.637812 0.586642 0.736574 0.899587 0.966798 0.964837 0.744205 0.888712 0.982774 0.894597 0.659333 0.607097 0.780113 0.819779 0.802189 0.685088 0.955913 0.782950 0.864947 0.761325 0.801554 0.870652 0.847718 0.853891 0.900623 0.922018 0.893044 0.865390 0.814872 0.913264 0.951343 0.958023 0.597247 0.624582 0.669214 0.741919 0.902847 0.781851 0.802361 0.713846 0.831990 0.686147 0.764843 0.835428 0.804864 0.863841 0.814852 0.590731 0.877970 0.694348 0.966175 0.954671 0.698987 0.579965 0.867253 0.760712 0.922108 0.790991 0.718209 0.703304 0.732380 0.674804 0.775643 0.646912 0.698583 0.885602 0.756339 0.713201 0.914530 0.759460 0.906267 0.758472 0.690011 0.799297 0.891104 0.895094 0.998733 0.877631 0.977406 0.837582 0.708276 0.898845 0.908832 0.994483
0.567561 0.686659 0.209846 0.265452 0.923365 0.575347 0.000000 0.219429 0.556700 0.334168 0.580321 0.650654 0.507604 0.712088 0.618466 0.586650 0.707723 0.593747 0.390390 0.475721 0.745009 0.813213 0.302483 0.497632 0.771509 0.486131 0.990115 0.897269 0.715833 0.576729 0.326768 0.453188 0.311089 0.267126 0.539958 0.580958 0.674012 0.780813 0.681587 0.819518 0.943289 0.933797 0.229503 0.244372 0.249897 0.271195 0.356766 0.319042 0.480478 0.429747 0.452316 0.418681 0.467170 0.625316 0.679466 0.602839 0.776668 0.782335 0.393291 0.441930 0.405290 0.457028 0.623367 0.702015 0.377452 0.338831 0.189622 0.253566 0.869742 0.627691 0.341271 0.336788 0.680374 0.536156 0.825156 0.745272 0.395015 0.713947 0.506458 0.474318 0.651856 0.578163 0.850613 0.814245 0.698846 0.627190 0.967382 0.935116 0.866926 0.733108 0.415191 0.456664 0.441781 0.437629 0.630782 0.597359 0.331231 0.730081 0.294427 0.302453 0.419334 0.430446 0.499653 0.503698 0.371440 0.412407 0.545196 0.607887 0.832162 0.866626 0.695070 0.517220 0.425624 0.588960 0.594757 0.875932
0.508134 0.592516 0.316532 0.316712 0.894425 0.756000 0.219429 0.000000 0.559568 0.303807 0.491033 0.588285 0.549241 0.635346 0.675531 0.628965 0.621858 0.522321 0.410231 0.397244 0.811954 0.797284 0.406296 0.578930 0.960505 0.635132 0.844971 0.818288 0.599518 0.529669 0.436164 0.472062 0.363473 0.318038 0.665112 0.600831 0.709803 0.808765 0.820603 0.877163 0.847860 0.811247 0.320727 0.360551 0.351260 0.367483 0.483174 0.418904 0.516245 0.501878 0.539414 0.517553 0.574424 0.667359 0.772155 0.689888 0.659206 0.643218 0.373599 0.444648 0.419768 0.374797 0.553384 0.579337 0.538825 0.401788 0.292604 0.321020 0.843827 0.581210 0.341372 0.376347 0.729356 0.633556 0.884313 0.803161 0.428719 0.667856 0.546508 0.570478 0.610881 0.575784 0.830477 0.782912 0.805919 0.729218 0.995310 0.916827 0.850993 0.714600 0.400094 0.452733 0.420366 0.444806 0.577059 0.642061 0.358713 0.650414 0.276056 0.276569 0.362784 0.442242 0.419491 0.459276 0.388390 0.420699 0.555827 0.617990 0.862532 0.778535 0.699681 0.479996 0.395243 0.534933 0.617077 0.903130
0.901138 0.895635 0.615839 0.634347 0.995861 0.801050 0.556700 0.559568 0.000000 0.423107 0.980812 0.960799 0.889615 0.912643 0.962074 0.957807 0.871133 0.845473 0.972882 0.998511 0.931844 0.911685 0.828152 0.928145 0.947887 0.856177 0.898739 0.899772 0.825635 0.850787 0.783677 0.932176 0.871617 0.784135 0.845674 0.752910 0.971101 0.950134 0.985308 0.873139 0.779509 0.948030 0.638585 0.684521 0.609183 0.612627 0.791588 0.810634 0.555812 0.536728 0.539273 0.523023 0.498094 0.557417 0.991081 0.876228 0.788241 0.845180 0.572381 0.704517 0.784458 0.716785 0.961311 0.956747 0.832571 0.738041 0.645890 0.754963 0.819558 0.985141 0.733297 0.742659 0.872534 0.959201 0.983310 0.943701 0.812919 0.924107 0.929786 0.890235 0.805960 0.785936 0.744523 0.748285 0.765332 0.903432 0.959543 0.861366 0.760330 0.867058 0.527566 0.610460 0.636092 0.520811 0.826499 0.892266 0.660200 0.841171 0.572667 0.580521 0.669528 0.623382 0.743801 0.706119 0.705251 0.702744 0.597486 0.602221 0.967569 0.865331 0.786225 0.727916 0.644753 0.916573 0.636421 0.815359
0.754912 0.703424 0.502955 0.490213 0.887652 0.733307 0.334168 0.303807 0.423107 0.000000 0.696849 0.711910 0.648260 0.879262 0.780117 0.727356 0.729360 0.738050 0.613593 0.602405 0.952578 0.889223 0.530147 0.733983 0.867134 0.852188 0.894232 0.824619 0.796035 0.697247 0.649423 0.655441 0.560443 0.503187 0.792649 0.554718 0.899813 0.950032 0.906803 0.934710 0.901220 0.915940 0.412345 0.444876 0.412739 0.444492 0.587267 0.507213 0.428941 0.468392 0.539268 0.517921 0.561992 0.639991 0.871022 0.797894 0.810869 0.794878 0.471506 0.557245 0.594646 0.537840 0.711130 0.708753 0.765925 0.612450 0.471955 0.536785 0.925675 0.707107 0.456885 0.454096 0.900998 0.779686 0.898897 0.807270 0.554058 0.628937 0.638355 0.653670 0.765222 0.787144 0.966134 0.863108 0.987344 0.973056 0.934113 0.933159 0.827618 0.837977 0.415699 0.448035 0.480559 0.489530 0.632617 0.684827 0.402001 0.679736 0.328626 0.303266 0.418549 0.460515 0.498012 0.528779 0.544703 0.462025 0.547821 0.611437 0.852046 0.968364 0.734981 0.588407 0.512025 0.819687 0.666720 0.790028
0.327230 0.446090 0.536727 0.618551 0.956968 0.836321 0.580321 0.491033 0.980812 0.696849 0.000000 0.393245 0.436610 0.570484 0.630544 0.600318 0.520673 0.417938 0.428631 0.346038 0.843682 0.867054 0.658403 0.727146 0.944428 0.817555 0.924339 0.984673 0.435772 0.392515 0.594962 0.588822 0.536884 0.513612 0.842097 0.815547 0.681165 0.803762 0.782874 0.817704 0.704470 0.990725 0.691682 0.623905 0.690673 0.623131 0.686791 0.611904 0.871669 0.755682 0.829691 0.840345 0.813018 0.931623 0.730879 0.822125 0.578531 0.514399 0.637992 0.574573 0.419457 0.422972 0.447090 0.498337 0.668038 0.573595 0.673626 0.508176 0.489422 0.565863 0.618591 0.601662 0.581960 0.687280 0.770328 0.831666 0.551284 0.676682 0.632849 0.476624 0.469763 0.408469 0.671274 0.599292 0.746356 0.740824 0.884145 0.904380 0.932890 0.659950 0.918153 0.950758 0.912357 0.947672 0.694085 0.696584 0.647911 0.947355 0.667016 0.654570 0.766792 0.590765 0.611962 0.702026 0.607473 0.681858 0.879448 0.961773 0.988989 0.782692 0.861892 0.761436 0.715024 0.625321 0.769793 0.928242
0.300637 0.384753 0.636246 0.703723 0.942668 0.759909 0.650654 0.588285 0.960799 0.711910 0.393245 0.000000 0.356223 0.441330 0.420484 0.327723 0.380394 0.313128 0.441690 0.420884 0.792888 0.808236 0.468176 0.593767 0.835770 0.760945 0.998074 0.924819 0.302713 0.274492 0.573848 0.495594 0.463851 0.440468 0.886645 0.958508 0.734277 0.876786 0.825496 0.874936 0.847160 0.913664 0.640525 0.556973 0.745906 0.611526 0.666802 0.491466 0.847189 0.685945 0.747968 0.719207 0.776239 0.789274 0.781972 0.910022 0.551508 0.496582 0.660584 0.561292 0.351283 0.412584 0.309408 0.366355 0.638718 0.537418 0.732131 0.583522 0.577208 0.446512 0.627013 0.616520 0.425556 0.479283 0.672823 0.708340 0.626479 0.539496 0.561904 0.401688 0.366833 0.347470 0.499602 0.528377 0.513827 0.538231 0.784009 0.946462 0.942621 0.637716 0.969804 0.991918 0.970330 0.900199 0.633251 0.731968 0.674490 0.852502 0.713958 0.643340 0.826155 0.716905 0.704885 0.810426 0.550227 0.608475 0.916324 0.988658 0.915854 0.719083 0.947998 0.709742 0.683653 0.744956 0.721860 0.979996
0.446538 0.705929 0.439116 0.513531 0.945702 0.618454 0.507604 0.549241 0.889615 0.648260 0.436610 0.356223 0.000000 0.464182 0.422336 0.347770 0.745668 0.622219 0.474939 0.561405 0.798405 0.908379 0.463398 0.475763 0.764757 0.599702 0.820441 0.967098 0.571810 0.466570 0.615400 0.573349 0.532795 0.525255 0.876594 0.902416 0.768731 0.933095 0.643907 0.766346 0.936497 0.845666 0.634948 0.553770 0.743819 0.590786 0.596784 0.512598 0.847082 0.573105 0.698042 0.648928 0.682757 0.762910 0.663294 0.744641 0.906758 0.791171 0.637704 0.551998 0.329745 0.414839 0.567546 0.676369 0.417868 0.384392 0.681022 0.586826 0.586818 0.629525 0.716447 0.676990 0.537147 0.610500 0.797372 0.804283 0.694260 0.790967 0.609951 0.433948 0.645455 0.414732 0.754933 0.676143 0.541872 0.454521 0.897426 0.756618 0.730201 0.570465 0.936432 0.932722 0.977522 0.922223 0.711908 0.726095 0.608025 0.971992 0.759209 0.658970 0.740385 0.651525 0.780561 0.863616 0.658433 0.719718 0.952972 0.955317 0.849218 0.766509 0.981929 0.874220 0.662883 0.702303 0.799456 0.864289
0.485894 0.644198 0.596427 0.542850 0.882792 0.795489 0.712088 0.635346 0.912643 0.879262 0.570484 0.441330 0.464182 0.000000 0.326853 0.339969 0.721258 0.540652 0.432921 0.459471 0.715128 0.738697 0.504826 0.455945 0.690907 0.599998 0.921714 0.875534 0.453543 0.427681 0.584951 0.510360 0.512496 0.537323 0.970419 0.935059 0.767708 0.944270 0.697526 0.760705 0.901826 0.860084 0.737576 0.700422 0.968295 0.835302 0.644108 0.677154 0.924674 0.977581 0.972274 0.961622 0.977574 0.909556 0.666635 0.885017 0.805416 0.777893 0.827975 0.834777 0.614898 0.633332 0.685405 0.722057 0.503087 0.452684 0.771830 0.723064 0.598785 0.556634 0.737636 0.777277 0.556409 0.649574 0.822710 0.770810 0.667970 0.758986 0.685086 0.519663 0.636655 0.389450 0.567040 0.442383 0.444214 0.354664 0.978729 0.814188 0.866914 0.494814 0.989911 0.982829 0.953173 0.998365 0.708334 0.783208 0.787809 0.768528 0.879842 0.769515 0.763965 0.801713 0.864567 0.921131 0.747604 0.777569 0.906899 0.922772 0.908749 0.760118 0.914467 0.889501 0.775752 0.747970 0.872649 0.965132
0.537710 0.711192 0.541566 0.532179 0.989998 0.674590 0.618466 0.675531 0.962074 0.780117 0.630544 0.420484 0.422336 0.326853 0.000000 0.319421 0.705877 0.547754 0.453050 0.538217 0.723467 0.717215 0.353686 0.369986 0.618522 0.562874 0.775836 0.826225 0.526284 0.431773 0.469367 0.384522 0.453566 0.481636 0.838511 0.985072 0.816006 0.999732 0.696795 0.856733 0.939812 0.948357 0.645814 0.622779 0.851204 0.732092 0.579497 0.588934 0.944509 0.896280 0.983562 0.891181 0.944015 0.934891 0.703965 0.833871 0.891257 0.893716 0.840475 0.863691 0.582446 0.713068 0.688873 0.783294 0.500902 0.495854 0.714895 0.688260 0.678755 0.684204 0.700285 0.781141 0.515779 0.595472 0.779184 0.766019 0.661617 0.755588 0.521516 0.509701 0.602108 0.425565 0.553209 0.502868 0.450485 0.372864 0.997188 0.774355 0.995035 0.662335 0.974242 0.946404 0.951452 0.940248 0.774501 0.774369 0.725541 0.868947 0.873259 0.750776 0.870244 0.864304 0.957879 0.972775 0.721427 0.800594 0.935517 0.837260 0.976734 0.805141 0.931406 0.889397 0.736746 0.817397 0.846915 0.946250
0.521278 0.639854 0.543502 0.507585 0.946124 0.527963 0.586650 0.628965 0.957807 0.727356 0.600318 0.327723 0.347770 0.339969 0.319421 0.000000 0.656623 0.544174 0.391562 0.514577 0.717179 0.679815 0.350074 0.354497 0.594567 0.540491 0.825915 0.758004 0.490014 0.406344 0.534525 0.462498 0.424691 0.403372 0.880845 0.935783 0.782222 0.936272 0.716894 0.815814 0.969801 0.976172 0.565463 0.487578 0.796951 0.641863 0.578680 0.503780 0.873910 0.688682 0.781079 0.683407 0.768781 0.816349 0.657417 0.842193 0.845514 0.792897 0.676730 0.716711 0.516662 0.607578 0.594234 0.681940 0.463367 0.427104 0.672950 0.656237 0.687318 0.532780 0.641785 0.655746 0.505641 0.505427 0.692693 0.738840 0.632675 0.700111 0.578441 0.436414 0.610107 0.423521 0.694647 0.601153 0.436833 0.339883 0.791409 0.847694 0.979604 0.622518 0.915845 0.894773 0.942134 0.976416 0.717210 0.680360 0.678809 0.769652 0.764125 0.620832 0.864169 0.727034 0.808477 0.875260 0.607916 0.683394 0.984723 0.994643 0.929970 0.714099 0.973578 0.789021 0.635849 0.764894 0.821485 0.915500
0.319195 0.193217 0.800197 0.874603 0.891646 0.997888 0.707723 0.621858 0.871133 0.729360 0.520673 0.380394 0.745668 0.721258 0.705877 0.656623 0.000000 0.215915 0.500408 0.400690 0.800970 0.806965 0.643634 0.857514 0.890230 0.906323 0.862947 0.946465 0.347551 0.316149 0.602463 0.570359 0.499998 0.474799 0.848648 0.764373 0.750729 0.675981 0.925803 0.918448 0.758801 0.662127 0.585366 0.555521 0.621187 0.589246 0.646929 0.477811 0.697543 0.737712 0.737674 0.805130 0.842070 0.904656 0.894977 0.979253 0.223316 0.255979 0.563790 0.583139 0.557753 0.598761 0.260862 0.259599 0.884856 0.810146 0.671277 0.543748 0.520904 0.411119 0.543057 0.562713 0.535620 0.550616 0.780146 0.712051 0.587787 0.490479 0.505512 0.574191 0.247121 0.470996 0.411170 0.551878 0.684770 0.815393 0.754335 0.764456 0.906247 0.872048 0.953391 0.952745 0.904360 0.955461 0.644175 0.766046 0.684214 0.703636 0.636831 0.613869 0.837742 0.737110 0.516566 0.645892 0.559402 0.550484 0.817352 0.870924 0.969566 0.756171 0.828801 0.692127 0.778060 0.764648 0.775379 0.939897
0.239372 0.216618 0.653706 0.701739 0.918274 0.873407 0.593747 0.522321 0.845473 0.738050 0.417938 0.313128 0.622219 0.540652 0.547754 0.544174 0.215915 0.000000 0.359296 0.262889 0.733922 0.750781 0.497779 0.686696 0.816555 0.757233 0.931747 0.919366 0.255042 0.218657 0.497429 0.480773 0.397637 0.344803 0.718866 0.821343 0.668416 0.680345 0.808714 0.894899 0.685796 0.725681 0.528914 0.476374 0.598405 0.558571 0.606822 0.424495 0.740395 0.727990 0.772177 0.803911 0.821671 0.915115 0.809966 0.914495 0.258315 0.278043 0.585935 0.551570 0.474148 0.532435 0.256436 0.267119 0.729241 0.655005 0.579198 0.434336 0.542857 0.424953 0.474261 0.516313 0.479019 0.478064 0.802624 0.632338 0.506021 0.491378 0.497769 0.432520 0.231401 0.314543 0.387562 0.466330 0.555223 0.635619 0.806731 0.894759 0.896070 0.716120 0.857897 0.872365 0.797939 0.948459 0.576761 0.741031 0.665995 0.700669 0.589445 0.563123 0.771365 0.663883 0.534191 0.628018 0.485549 0.534549 0.805148 0.927438 0.959262 0.739485 0.860220 0.608534 0.686340 0.643638 0.787045 0.897761
0.380410 0.470058 0.409389 0.400620 0.931585 0.656181 0.390390 0.410231 0.972882 0.613593 0.428631 0.441690 0.474939 0.432921 0.453050 0.391562 0.500408 0.359296 0.000000 0.288779 0.604533 0.702133 0.373317 0.464421 0.646349 0.568076 0.962157 0.899274 0.396098 0.344733 0.405885 0.373422 0.309099 0.288302 0.738467 0.668089 0.644703 0.803573 0.667840 0.887840 0.888499 0.801650 0.437384 0.407141 0.552630 0.515891 0.437251 0.379493 0.720335 0.674652 0.784647 0.764499 0.823364 0.961193 0.796305 0.815397 0.554745 0.576103 0.531861 0.578544 0.522089 0.607459 0.488555 0.598164 0.504355 0.474591 0.446099 0.472140 0.601301 0.479824 0.457542 0.482340 0.573821 0.536075 0.732956 0.717776 0.468657 0.583624 0.551065 0.441333 0.492784 0.383555 0.676997 0.586282 0.587873 0.513935 0.889186 0.939767 0.988867 0.682592 0.753568 0.752879 0.735462 0.772666 0.729810 0.571434 0.552715 0.703433 0.558267 0.449900 0.616483 0.582637 0.574588 0.598011 0.519994 0.584602 0.884377 0.883701 0.997223 0.825555 0.852807 0.678914 0.575995 0.602347 0.801484 0.999598
0.301512 0.369679 0.497265 0.511058 0.966887 0.746800 0.475721 0.397244 0.998511 0.602405 0.346038 0.420884 0.561405 0.459471 0.538217 0.514577 0.400690 0.262889 0.288779 0.000000 0.690913 0.702909 0.461020 0.577393 0.801711 0.668078 0.919500 0.875390 0.359712 0.299032 0.455143 0.397614 0.371763 0.315109 0.677991 0.718122 0.648869 0.725737 0.710590 0.900869 0.718209 0.809838 0.504970 0.458513 0.586774 0.583163 0.531770 0.448164 0.777887 0.769421 0.855976 0.864433 0.853290 0.981340 0.788090 0.864422 0.435554 0.449753 0.579574 0.617999 0.537803 0.575871 0.434699 0.462597 0.635614 0.558634 0.515148 0.465841 0.556722 0.445961 0.478559 0.497168 0.581463 0.551232 0.711917 0.723569 0.463645 0.591062 0.578269 0.422593 0.410010 0.327484 0.562914 0.559902 0.639292 0.612352 0.833442 0.958738 0.974606 0.613472 0.765513 0.743173 0.720803 0.798759 0.574407 0.644960 0.588196 0.678546 0.527683 0.510045 0.645512 0.571154 0.502409 0.568734 0.515594 0.568636 0.859153 0.893378 0.998242 0.780139 0.777113 0.678649 0.644706 0.635895 0.764975 0.973992
0.728560 0.799450 0.719751 0.643927 0.939923 0.840937 0.745009 0.811954 0.931844 0.952578 0.843682 0.792888 0.798405 0.715128 0.723467 0.717179 0.800970 0.733922 0.604533 0.690913 0.000000 0.834098 0.675730 0.664269 0.678264 0.715810 0.826403 0.861936 0.842204 0.720547 0.659393 0.662825 0.688066 0.625976 0.833977 0.909288 0.722990 0.864937 0.675164 0.895223 0.901434 0.921600 0.748944 0.742714 0.832328 0.808905 0.620713 0.679856 0.936899 0.920479 0.936389 0.940973 0.961092 0.917484 0.933564 0.906434 0.795757 0.853234 0.779458 0.776413 0.800234 0.893068 0.755408 0.878970 0.676443 0.719261 0.716690 0.739477 0.863782 0.729600 0.853300 0.840100 0.715526 0.776349 0.771800 0.794695 0.835543 0.865726 0.784528 0.729603 0.823363 0.706248 0.764183 0.692188 0.754085 0.665395 0.921946 0.948972 0.940519 0.828300 0.995812 0.959743 0.940297 0.974446 0.959788 0.673849 0.844869 0.981763 0.915064 0.764933 0.961757 0.984990 0.785315 0.818513 0.960809 0.880461 0.953319 0.985800 0.910183 0.920573 0.871073 0.953154 0.907575 0.793685 0.901812 0.882760
0.829426 0.816690 0.798852 0.737507 0.930016 0.801508 0.813213 0.797284 0.911685 0.889223 0.867054 0.808236 0.908379 0.738697 0.717215 0.679815 0.806965 0.750781 0.702133 0.702909 0.834098 0.000000 0.770761 0.723995 0.816798 0.833736 0.849336 0.827138 0.794891 0.766282 0.696181 0.693134 0.722096 0.709275 0.727273 0.826888 0.939497 0.655720 0.943139 0.988104 0.952597 0.986740 0.739988 0.760681 0.838038 0.833979 0.868247 0.784799 0.908167 0.905121 0.972386 0.908181 0.946133 0.964401 0.917010 0.935288 0.901276 0.890423 0.847208 0.934455 0.937673 0.973586 0.879283 0.921077 0.830035 0.777582 0.786209 0.808413 0.965441 0.812919 0.749354 0.787411 0.813158 0.777839 0.923588 0.944325 0.891642 0.798875 0.914425 0.771276 0.839500 0.823200 0.859088 0.932045 0.904469 0.801727 0.937917 0.986442 0.975099 0.946257 0.822310 0.897989 0.856161 0.870232 0.861409 0.845424 0.947500 0.766400 0.833801 0.791201 0.865706 0.838223 0.797952 0.702691 0.791160 0.844088 0.966701 0.974084 0.915425 0.832154 0.982376 0.865114 0.859281 0.785757 0.950941 0.909136
0.528387 0.659127 0.357175 0.377797 0.915650 0.613163 0.302483 0.406296 0.828152 0.530147 0.658403 0.468176 0.463398 0.504826 0.353686 0.350074 0.643634 0.497779 0.373317 0.461020 0.675730 0.770761 0.000000 0.339852 0.607093 0.455035 0.941132 0.989840 0.561108 0.394110 0.291504 0.303234 0.268476 0.261786 0.610902 0.801120 0.656577 0.912813 0.658096 0.857986 0.997361 0.936498 0.319521 0.309250 0.446859 0.392737 0.369562 0.338504 0.630975 0.609398 0.639920 0.558656 0.636238 0.776749 0.612085 0.680151 0.771013 0.786171 0.564920 0.591608 0.420541 0.552201 0.574394 0.640945 0.386011 0.389703 0.360103 0.398078 0.801620 0.554663 0.424245 0.444584 0.512646 0.424090 0.740286 0.726715 0.427106 0.690043 0.473384 0.455453 0.556972 0.449961 0.623727 0.623258 0.484457 0.443048 0.983745 0.941786 0.980493 0.717957 0.665286 0.718155 0.693543 0.799220 0.592354 0.638936 0.429539 0.720829 0.513083 0.443374 0.654717 0.629054 0.626327 0.677561 0.425108 0.470961 0.689986 0.874964 0.883388 0.789461 0.752232 0.599045 0.503514 0.714611 0.660158 0.945425
0.691088 0.848469 0.396439 0.373309 0.976631 0.600490 0.497632 0.578930 0.928145 0.733983 0.727146 0.593767 0.475763 0.455945 0.369986 0.354497 0.857514 0.686696 0.464421 0.577393 0.664269 0.723995 0.339852 0.000000 0.547024 0.453001 0.859572 0.977756 0.732562 0.525446 0.460609 0.415944 0.453225 0.454183 0.795563 0.931998 0.792694 0.907633 0.545796 0.840511 0.987722 0.989725 0.573790 0.560502 0.755401 0.701380 0.561210 0.548347 0.888246 0.827473 0.885489 0.808910 0.896356 0.960804 0.766916 0.740521 0.995383 0.984721 0.824190 0.847195 0.641032 0.784116 0.850694 0.919370 0.420976 0.400085 0.578530 0.631125 0.835223 0.738732 0.659889 0.681614 0.559338 0.545603 0.803455 0.802904 0.645214 0.794679 0.631544 0.558076 0.749886 0.511842 0.812624 0.699540 0.514582 0.404448 0.967660 0.799153 0.938173 0.737083 0.791156 0.770200 0.817112 0.850766 0.767151 0.814364 0.638012 0.742097 0.774604 0.649184 0.738080 0.841588 0.837954 0.913675 0.765639 0.753967 0.893344 0.951915 0.942628 0.814950 0.950575 0.831351 0.677998 0.718050 0.918376 0.921589
0.793861 0.969602 0.627400 0.710481 0.841610 0.754492 0.771509 0.960505 0.947887 0.867134 0.944428 0.835770 0.764757 0.690907 0.618522 0.594567 0.890230 0.816555 0.646349 0.801711 0.678264 0.816798 0.607093 0.547024 0.000000 0.451842 0.690706 0.796940 0.833813 0.746358 0.519565 0.528482 0.645731 0.686562 0.644588 0.998041 0.712365 0.799082 0.546528 0.731640 0.997215 0.955378 0.759547 0.727596 0.855237 0.814810 0.673468 0.661048 0.946841 0.981774 0.932144 0.930808 0.981662 0.892163 0.781714 0.880127 0.983909 0.953010 0.892084 0.924992 0.820185 0.984767 0.902894 0.982572 0.512981 0.654189 0.707029 0.794470 0.768827 0.799380 0.958921 0.948631 0.549490 0.652353 0.731699 0.987850 0.824474 0.985993 0.782018 0.678863 0.864937 0.726831 0.744421 0.873820 0.537560 0.486521 0.884466 0.929969 0.915149 0.822300 0.803309 0.788313 0.832340 0.872421 0.964580 0.906448 0.820545 0.993222 0.944474 0.971434 0.885798 0.984878 0.972653 0.891747 0.885247 0.929227 0.921305 0.988628 0.956634 0.921569 0.968130 0.956164 0.995421 0.864790 0.880872 0.917245
0.723228 0.890236 0.371559 0.402510 0.910753 0.509597 0.486131 0.635132 0.856177 0.852188 0.817555 0.760945 0.599702 0.599998 0.562874 0.540491 0.906323 0.757233 0.568076 0.668078 0.715810 0.833736 0.455035 0.453001 0.451842 0.000000 0.706972 0.842211 0.830530 0.700692 0.403901 0.465687 0.474287 0.495905 0.642932 0.833514 0.732866 0.807465 0.486895 0.637906 0.936054 0.833797 0.517763 0.482280 0.674339 0.664893 0.559521 0.535735 0.865938 0.743196 0.715508 0.684400 0.740426 0.848062 0.671881 0.703281 0.985209 0.991047 0.712664 0.755238 0.684953 0.808453 0.869193 0.974813 0.352699 0.402258 0.455174 0.533090 0.868728 0.704261 0.677468 0.567722 0.560795 0.496707 0.781843 0.894910 0.684853 0.885350 0.661363 0.561179 0.820834 0.572780 0.792307 0.830442 0.540953 0.362701 0.908738 0.806326 0.870573 0.659446 0.779156 0.789628 0.799550 0.669587 0.785333 0.793119 0.589607 0.816359 0.737213 0.705764 0.826084 0.653998 0.799058 0.819423 0.567688 0.762372 0.808796 0.881064 0.917850 0.750508 0.960623 0.837314 0.671020 0.784099 0.845884 0.902973
0.924635 0.824345 0.882090 0.868539 0.982909 0.760447 0.990115 0.844971 0.898739 0.894232 0.924339 0.998074 0.820441 0.921714 0.775836 0.825915 0.862947 0.931747 0.962157 0.919500 0.826403 0.849336 0.941132 0.859572 0.690706 0.706972 0.000000 0.761682 0.971908 0.930394 0.908272 0.949163 0.986159 0.957319 0.939363 0.776910 0.887202 0.905529 0.790579 0.882801 0.869680 0.919433 0.971504 0.970342 0.875922 0.915575 0.973164 0.975086 0.949857 0.968467 0.946750 0.960150 0.961801 0.911397 0.891252 0.893340 0.758365 0.759854 0.925382 0.916848 0.963491 0.878732 0.854747 0.756770 0.734544 0.821167 0.954323 0.889350 0.947598 0.964164 0.780861 0.832898 0.952016 0.958353 0.822440 0.948364 0.954397 0.843502 0.945041 0.900798 0.898953 0.860152 0.973509 0.992113 0.659208 0.649605 0.994508 0.724495 0.904946 0.856037 0.843013 0.959906 0.854996 0.965953 0.814147 0.990917 0.885703 0.702049 0.772110 0.857083 0.822224 0.961183 0.693416 0.809051 0.882998 0.737820 0.845873 0.820089 0.844897 0.940156 0.752222 0.860950 0.866258 0.986641 0.904898 0.995573
0.964223 0.957700 0.926369 0.983630 0.945526 0.645285 0.897269 0.818288 0.899772 0.824619 0.984673 0.924819 0.967098 0.875534 0.826225 0.758004 0.946465 0.919366 0.899274 0.875390 0.861936 0.827138 0.989840 0.977756 0.796940 0.842211 0.761682 0.000000 0.960011 0.926257 0.988458 0.973341 0.947438 0.930838 0.911879 0.908630 0.932847 0.961512 0.931422 0.988112 0.925180 0.958218 0.954966 0.966975 0.842648 0.911599 0.924164 0.983132 0.879716 0.956624 0.913601 0.955758 0.960456 0.947148 0.958196 0.793222 0.963424 0.943162 0.994637 0.942233 0.895998 0.797647 0.953280 0.984772 0.968174 0.881603 0.903781 0.889498 0.877669 0.939619 0.959209 0.887299 0.925390 0.903824 0.821721 0.910208 0.942798 0.936207 0.995821 0.915410 0.982963 0.937805 0.957138 0.992393 0.896466 0.827247 0.779152 0.904848 0.773105 0.880731 0.840662 0.884632 0.824269 0.900955 0.923042 0.826180 0.920032 0.974927 0.925885 0.956169 0.692411 0.881334 0.938954 0.939127 0.977467 0.919440 0.834355 0.732654 0.820183 0.987991 0.879260 0.862671 0.882688 0.908787 0.949530 0.966086
0.275107 0.326454 0.741644 0.741362 0.916292 0.923535 0.715833 0.599518 0.825635 0.796035 0.435772 0.302713 0.571810 0.453543 0.526284 0.490014 0.347551 0.255042 0.396098 0.359712 0.842204 0.794891 0.561108 0.732562 0.833813 0.830530 0.971908 0.960011 0.000000 0.256532 0.598945 0.508162 0.512221 0.451378 0.812392 0.901298 0.653828 0.768087 0.874282 0.941706 0.707892 0.765851 0.672146 0.623060 0.769618 0.677760 0.671662 0.537235 0.802402 0.814977 0.883349 0.887922 0.920133 0.984029 0.720465 0.841478 0.399686 0.403359 0.687255 0.604792 0.506805 0.529639 0.342884 0.351838 0.760608 0.660759 0.721644 0.617341 0.507730 0.415313 0.569492 0.655301 0.508172 0.613415 0.742321 0.803081 0.570377 0.517640 0.676055 0.495906 0.284364 0.344892 0.473627 0.461728 0.554021 0.606905 0.789483 0.988655 0.969341 0.600434 0.997261 0.977379 0.954514 0.970097 0.635447 0.753490 0.714583 0.802066 0.729000 0.679866 0.798440 0.718974 0.708263 0.739377 0.607910 0.660295 0.992384 0.959817 0.920196 0.640359 0.866199 0.662171 0.741622 0.656286 0.841386 0.873634
0.275842 0.295527 0.594317 0.640077 0.938890 0.842136 0.576729 0.529669 0.850787 0.697247 0.392515 0.274492 0.466570 0.427681 0.431773 0.406344 0.316149 0.218657 0.344733 0.299032 0.720547 0.766282 0.394110 0.525446 0.746358 0.700692 0.930394 0.926257 0.256532 0.000000 0.445129 0.399025 0.342358 0.350517 0.746839 0.797700 0.637362 0.747092 0.675300 0.917094 0.746559 0.799047 0.521204 0.461984 0.640970 0.567060 0.573152 0.424201 0.783689 0.738464 0.814740 0.800526 0.845900 0.946475 0.718029 0.838937 0.402130 0.389093 0.673820 0.592710 0.439518 0.503208 0.323617 0.329602 0.649901 0.573454 0.601163 0.474983 0.473748 0.404731 0.469259 0.521722 0.400691 0.401473 0.772991 0.655122 0.497369 0.503163 0.524038 0.429149 0.289662 0.279752 0.426958 0.388260 0.535786 0.565657 0.859806 0.962606 0.945498 0.666906 0.907700 0.935528 0.899615 0.963389 0.546423 0.700589 0.564603 0.681477 0.630802 0.553242 0.732500 0.645698 0.587273 0.727950 0.565957 0.536254 0.887136 0.968414 0.992573 0.691232 0.819740 0.647222 0.665229 0.667555 0.809176 0.955292
0.488160 0.590286 0.328172 0.383656 0.996105 0.708310 0.326768 0.436164 0.783677 0.649423 0.594962 0.573848 0.615400 0.584951 0.469367 0.534525 0.602463 0.497429 0.405885 0.455143 0.659393 0.696181 0.291504 0.460609 0.519565 0.403901 0.908272 0.988458 0.598945 0.445129 0.000000 0.287615 0.247847 0.287985 0.508631 0.665555 0.598839 0.690283 0.583431 0.760212 0.892774 0.859875 0.303933 0.289433 0.362055 0.356863 0.349692 0.333929 0.612678 0.638617 0.593185 0.578029 0.623751 0.816156 0.661945 0.719792 0.695494 0.719894 0.543981 0.549430 0.455530 0.564081 0.562582 0.633366 0.417678 0.424276 0.293072 0.323233 0.803188 0.564620 0.400268 0.416322 0.446963 0.392341 0.702530 0.771460 0.430457 0.667745 0.485066 0.438821 0.563453 0.550617 0.572352 0.654487 0.636146 0.547874 0.918047 0.901434 0.982274 0.680055 0.732927 0.834496 0.758930 0.800163 0.671144 0.684801 0.431617 0.739958 0.493572 0.504346 0.649641 0.606904 0.604080 0.609623 0.455422 0.516245 0.679966 0.743287 0.950494 0.807780 0.682016 0.641171 0.527992 0.627113 0.564773 0.960509
0.471999 0.600629 0.406122 0.432545 0.927062 0.735097 0.453188 0.472062 0.932176 0.655441 0.588822 0.495594 0.573349 0.510360 0.384522 0.462498 0.570359 0.480773 0.373422 0.397614 0.662825 0.693134 0.303234 0.415944 0.528482 0.465687 0.949163 0.973341 0.508162 0.399025 0.287615 0.000000 0.336307 0.364363 0.588543 0.781287 0.628207 0.819274 0.598199 0.861447 0.910256 0.808286 0.466014 0.472871 0.563882 0.588362 0.479856 0.470943 0.778305 0.863549 0.867283 0.850543 0.920340 0.931235 0.719158 0.772628 0.690063 0.763583 0.681974 0.751824 0.565678 0.691440 0.612810 0.676251 0.508223 0.505585 0.480925 0.534518 0.685017 0.548209 0.557957 0.565943 0.462271 0.485954 0.691218 0.872824 0.587944 0.645612 0.580800 0.521127 0.540963 0.462671 0.632712 0.684881 0.598493 0.535156 0.997499 0.922133 0.985964 0.743087 0.863339 0.912921 0.855256 0.899943 0.706949 0.714544 0.488139 0.744656 0.633582 0.611660 0.734556 0.729627 0.628391 0.662909 0.595335 0.657682 0.859493 0.879076 0.970144 0.758131 0.765598 0.716682 0.641065 0.722544 0.707568 0.917533
0.421567 0.480942 0.374075 0.389585 0.980987 0.637812 0.311089 0.363473 0.871617 0.560443 0.536884 0.463851 0.532795 0.512496 0.453566 0.424691 0.499998 0.397637 0.309099 0.371763 0.688066 0.722096 0.268476 0.453225 0.645731 0.474287 0.986159 0.947438 0.512221 0.342358 0.247847 0.336307 0.000000 0.219019 0.612355 0.628998 0.601122 0.728639 0.681829 0.829913 0.930362 0.816681 0.267707 0.241247 0.357009 0.342399 0.336248 0.310273 0.596551 0.577200 0.574317 0.528959 0.618667 0.759024 0.654016 0.683645 0.605108 0.593386 0.489004 0.490809 0.411544 0.463668 0.460198 0.541754 0.409387 0.382057 0.288477 0.301377 0.755111 0.458426 0.339678 0.366177 0.487263 0.368095 0.774939 0.681294 0.369704 0.618616 0.437996 0.431942 0.490741 0.438232 0.572028 0.597239 0.533691 0.486804 0.946900 0.921574 0.968237 0.709524 0.624768 0.692356 0.631814 0.730186 0.609930 0.629303 0.418809 0.636876 0.407974 0.393135 0.538345 0.520884 0.538268 0.580367 0.348761 0.405497 0.696982 0.713993 0.988854 0.760775 0.696252 0.587225 0.472658 0.646275 0.578081 0.889389
0.374484 0.446896 0.346913 0.362096 0.963947 0.586642 0.267126 0.318038 0.784135 0.503187 0.513612 0.440468 0.525255 0.537323 0.481636 0.403372 0.474799 0.344803 0.288302 0.315109 0.625976 0.709275 0.261786 0.454183 0.686562 0.495905 0.957319 0.930838 0.451378 0.350517 0.287985 0.364363 0.219019 0.000000 0.558178 0.681621 0.595992 0.699111 0.682086 0.869600 0.846267 0.838425 0.278747 0.236271 0.366198 0.339278 0.364263 0.297607 0.556155 0.525236 0.560709 0.541472 0.604975 0.758910 0.656658 0.683727 0.555393 0.561060 0.429332 0.462119 0.402384 0.479685 0.423646 0.499370 0.441086 0.400015 0.286913 0.275903 0.740052 0.446344 0.344015 0.380443 0.551090 0.453174 0.767681 0.702527 0.382227 0.580673 0.441578 0.367555 0.430020 0.400221 0.594955 0.583198 0.542537 0.492751 0.828031 0.885119 0.978387 0.708129 0.613982 0.615149 0.614234 0.669187 0.555447 0.589881 0.457220 0.631829 0.401308 0.371034 0.605505 0.526747 0.521972 0.533544 0.351556 0.407674 0.693874 0.708847 0.978540 0.728710 0.708232 0.527789 0.471720 0.570135 0.622267 0.980846
0.716706 0.816713 0.606486 0.658193 0.966520 0.736574 0.539958 0.665112 0.845674 0.792649 0.842097 0.886645 0.876594 0.970419 0.838511 0.880845 0.848648 0.718866 0.738467 0.677991 0.833977 0.727273 0.610902 0.795563 0.644588 0.642932 0.939363 0.911879 0.812392 0.746839 0.508631 0.588543 0.612355 0.558178 0.000000 0.790987 0.618844 0.701779 0.763261 0.866456 0.940089 0.995233 0.539599 0.553575 0.484701 0.578049 0.678525 0.580128 0.754544 0.704227 0.687133 0.672920 0.737364 0.813809 0.790587 0.769315 0.792791 0.800933 0.678067 0.643811 0.700088 0.801749 0.721148 0.754206 0.741252 0.753177 0.488353 0.512135 0.892481 0.806012 0.615533 0.605963 0.749900 0.632189 0.939694 0.919071 0.704136 0.777437 0.718427 0.678045 0.725444 0.793587 0.929786 0.994463 0.861286 0.846750 0.868227 0.798169 0.991657 0.885322 0.696389 0.812235 0.699775 0.700622 0.706407 0.824497 0.656861 0.830913 0.556496 0.696996 0.783779 0.791777 0.728608 0.655226 0.599897 0.619306 0.734958 0.737366 0.783028 0.829970 0.646116 0.649305 0.769170 0.770831 0.836252 0.841025
0.813627 0.691021 0.692085 0.665014 0.972285 0.899587 0.580958 0.600831 0.752910 0.554718 0.815547 0.958508 0.902416 0.935059 0.985072 0.935783 0.764373 0.821343 0.668089 0.718122 0.909288 0.826888 0.801120 0.931998 0.998041 0.833514 0.776910 0.908630 0.901298 0.797700 0.665555 0.781287 0.628998 0.681621 0.790987 0.000000 0.820368 0.581750 0.888517 0.942009 0.961255 0.905341 0.559628 0.568549 0.503385 0.618542 0.619194 0.628986 0.665118 0.654907 0.696453 0.711619 0.813293 0.840756 0.891790 0.944174 0.726879 0.698517 0.609805 0.692755 0.861747 0.776552 0.793430 0.772611 0.841588 0.811180 0.509712 0.551499 0.912418 0.752409 0.507604 0.490293 0.919911 0.782322 0.989079 0.984606 0.575330 0.647026 0.716204 0.900612 0.809224 0.890582 0.922945 0.865857 0.904009 0.998121 0.830567 0.888587 0.934593 0.927555 0.599630 0.622100 0.604234 0.612375 0.864640 0.659855 0.677527 0.644644 0.489142 0.484590 0.580984 0.564800 0.594432 0.582386 0.681698 0.631062 0.666389 0.621957 0.924047 0.952270 0.692901 0.715613 0.674416 0.752379 0.705276 0.800355
0.548753 0.727034 0.663435 0.683162 0.756980 0.966798 0.674012 0.709803 0.971101 0.899813 0.681165 0.734277 0.768731 0.767708 0.816006 0.782222 0.750729 0.668416 0.644703 0.648869 0.722990 0.939497 0.656577 0.792694 0.712365 0.732866 0.887202 0.932847 0.653828 0.637362 0.598839 0.628207 0.601122 0.595992 0.618844 0.820368 0.000000 0.754882 0.704607 0.815097 0.869504 0.908418 0.720140 0.672354 0.698707 0.697026 0.640019 0.631792 0.886679 0.803766 0.810500 0.847624 0.869270 0.973386 0.797441 0.879023 0.730085 0.753132 0.686528 0.695035 0.659518 0.686628 0.674437 0.726111 0.695279 0.703470 0.631247 0.588377 0.802700 0.720222 0.657793 0.742247 0.714659 0.699925 0.880849 0.907477 0.594035 0.797371 0.738515 0.767499 0.690908 0.724758 0.859496 0.843290 0.799069 0.784154 0.951703 0.772126 0.994885 0.755244 0.939308 0.899821 0.873493 0.896351 0.778310 0.738685 0.761838 0.910906 0.725151 0.752816 0.961243 0.817726 0.636286 0.748953 0.613221 0.692473 0.963044 0.839052 0.973714 0.765997 0.834860 0.708653 0.774919 0.830079 0.780589 0.813355
0.695258 0.639550 0.760446 0.819420 0.955565 0.964837 0.780813 0.808765 0.950134 0.950032 0.803762 0.876786 0.933095 0.944270 0.999732 0.936272 0.675981 0.680345 0.803573 0.725737 0.864937 0.655720 0.912813 0.907633 0.799082 0.807465 0.905529 0.961512 0.768087 0.747092 0.690283 0.819274 0.728639 0.699111 0.701779 0.581750 0.754882 0.000000 0.748426 0.872724 0.770024 0.963846 0.689436 0.653207 0.620278 0.658035 0.702158 0.691133 0.767950 0.658091 0.641588 0.705767 0.741267 0.775218 0.802202 0.804261 0.639301 0.633037 0.719720 0.687989 0.773825 0.800722 0.655235 0.690492 0.805107 0.788234 0.632373 0.557143 0.842313 0.697187 0.631627 0.695470 0.709583 0.665914 0.980605 0.993388 0.831366 0.719049 0.829592 0.833551 0.712458 0.816396 0.779953 0.903656 0.875564 0.861783 0.868139 0.922296 0.998419 0.961358 0.879035 0.868020 0.856709 0.838331 0.861325 0.780939 0.853900 0.810209 0.760193 0.783795 0.840419 0.708507 0.702338 0.793766 0.777372 0.701248 0.834588 0.802161 0.897105 0.892841 0.725984 0.784638 0.870413 0.701884 0.793715 0.825141
