0.000000 0.343059 0.678469 0.917873 0.817166 0.866459 0.695295 0.901436 0.749633 0.998225 0.542719 0.438831 0.885922 0.737185 0.799029 0.920588 0.564406 0.574180 0.577477 0.412261 0.966823 0.874438 0.670542 0.988987 0.906544 0.811208 0.995995 0.962801 0.645082 0.846630 0.661207 0.672141 0.995901 0.831333 0.855195 0.760829 0.933475 0.834551 0.992266 0.930108 0.827723 0.795926 0.792499 0.906929 0.770130 0.862762 0.871873 0.831766 0.417051 0.433382 0.446932 0.511631 0.632447 0.903452 0.590863 0.469032 0.425096 0.368480 0.307469 0.321385 0.832796 0.531924 0.690145 0.542530 0.831183 0.998081 0.795213 0.822158 0.402674 0.453887 0.869660 0.979097 0.725284 0.747349 0.947562 0.864558 0.703629 0.906337 0.919711 0.793130 0.499033 0.485920 0.805406 0.702736 0.829502 0.881289 0.722769 0.982468 0.961622 0.613276 0.615654 0.526749 0.571665 0.596456 0.974077 0.897406 0.768221 0.978554 0.980202 0.916255 0.870865 0.863736 0.825243 0.684626 0.910844 0.997221 0.930633 0.949862 0.990883 0.838452 0.984189 0.962098 0.801464 0.944050 0.966570 0.914098
0.343059 0.000000 0.704932 0.762056 0.797367 0.799947 0.711708 0.751080 0.695955 0.863044 0.646811 0.384085 0.866090 0.653689 0.920502 0.750149 0.508318 0.496685 0.563481 0.394330 0.847712 0.898797 0.770065 0.959265 0.932920 0.864029 0.943204 0.962165 0.613468 0.750479 0.853173 0.808291 0.824512 0.665950 0.883002 0.718373 0.964365 0.783260 0.993210 0.979076 0.899328 0.836177 0.919600 0.767844 0.910414 0.713168 0.743964 0.642422 0.456683 0.432099 0.417813 0.473364 0.613194 0.859814 0.552179 0.519266 0.337956 0.273239 0.353454 0.380719 0.786240 0.477061 0.573942 0.402464 0.894830 0.937367 0.852369 0.946509 0.513465 0.399712 0.882250 0.781901 0.796388 0.794974 0.846797 0.879390 0.600910 0.788056 0.746596 0.684803 0.358850 0.402544 0.731587 0.593712 0.832884 0.840147 0.735137 0.969802 0.964932 0.641087 0.658742 0.554951 0.595172 0.606920 0.878786 0.818139 0.713311 0.942759 0.843978 0.855758 0.820120 0.943930 0.757116 0.700343 0.831140 0.868554 0.981341 0.982943 0.975464 0.794895 0.938755 0.957876 0.746445 0.940969 0.904246 0.874866
0.678469 0.704932 0.000000 0.626707 0.698330 0.951151 0.467008 0.992756 0.638123 0.932845 0.709793 0.647223 0.684351 0.945534 0.603044 0.995936 0.784695 0.752461 0.956366 0.738074 0.813153 0.960263 0.468032 0.624438 0.537241 0.481391 0.786822 0.957797 0.780341 0.768512 0.576790 0.666119 0.722785 0.910317 0.652647 0.774900 0.705967 0.876890 0.959450 0.951210 0.906591 0.995074 0.687655 0.884920 0.745873 0.946369 0.712328 0.835680 0.779635 0.799482 0.823120 0.868699 0.947752 0.851482 0.853505 0.760817 0.674854 0.681633 0.732620 0.650903 0.814281 0.740063 0.805697 0.647034 0.368692 0.632556 0.548054 0.590356 0.701787 0.613296 0.905786 0.954450 0.878782 0.884828 0.992075 0.984140 0.819823 0.971222 0.965495 0.975161 0.868901 0.935911 0.875896 0.974584 0.615836 0.622048 0.923785 0.722815 0.802187 0.964776 0.640161 0.653004 0.627863 0.671604 0.831735 0.940591 0.854619 0.968186 0.947286 0.944917 0.981187 0.822243 0.845959 0.889623 0.827776 0.846670 0.840542 0.824295 0.961904 0.817647 0.944479 0.939986 0.808202 0.978543 0.730892 0.883126
0.917873 0.762056 0.626707 0.000000 0.840135 0.725003 0.636957 0.554865 0.842638 0.899271 0.944202 0.759915 0.531273 0.583888 0.597436 0.634218 0.929526 0.952024 0.786030 0.856859 0.980890 0.971251 0.561870 0.527425 0.909360 0.774144 0.912660 0.853805 0.988876 0.958109 0.828516 0.887094 0.656304 0.750504 0.773302 0.989858 0.915725 0.881170 0.883540 0.947764 0.883992 0.961363 0.954695 0.858578 0.844398 0.768304 0.702988 0.650977 0.878649 0.774172 0.657577 0.619441 0.660049 0.591554 0.866599 0.885518 0.937465 0.828412 0.842628 0.853491 0.507870 0.665647 0.796266 0.762640 0.488637 0.401166 0.766289 0.600688 0.883159 0.942601 0.965055 0.875874 0.800199 0.754292 0.804375 0.935883 0.934635 0.819352 0.778283 0.839301 0.673198 0.691519 0.614435 0.765186 0.459071 0.454982 0.923298 0.672848 0.775411 0.692097 0.719930 0.932068 0.921211 0.967966 0.999358 0.843653 0.903840 0.966996 0.766594 0.702852 0.801634 0.683230 0.997466 0.956429 0.678281 0.770264 0.877806 0.989331 0.996736 0.980841 0.867785 0.889613 0.896731 0.937734 0.717226 0.935344
0.817166 0.797367 0.698330 0.840135 0.000000 0.932037 0.573825 0.796162 0.703504 0.957941 0.991641 0.952244 0.713818 0.939669 0.796085 0.917724 0.840410 0.980425 0.978635 0.939007 0.820271 0.854347 0.703080 0.823994 0.924316 0.920916 0.963350 0.940894 0.966007 0.986788 0.965825 0.888919 0.878672 0.817364 0.889111 0.882550 0.992524 0.965915 0.949290 0.969031 0.992568 0.980117 0.891654 0.985983 0.807291 0.962380 0.975798 0.929456 0.746537 0.686847 0.806738 0.806485 0.792109 0.894473 0.740620 0.768962 0.788909 0.766704 0.799411 0.849222 0.665746 0.949787 0.912509 0.948337 0.720320 0.625663 0.659826 0.632842 0.778055 0.763545 0.987832 0.887522 0.971271 0.974270 0.972975 0.891218 0.927305 0.969487 0.914300 0.998607 0.952720 0.921892 0.845170 0.844650 0.722864 0.676465 0.861757 0.794721 0.878612 0.950960 0.675489 0.770119 0.767539 0.819457 0.999586 0.981468 0.959586 0.861042 0.936279 0.834194 0.859660 0.806758 0.958261 0.940751 0.768813 0.859833 0.979491 0.943122 0.934256 0.875170 0.809333 0.982126 0.996572 0.948364 0.903540 0.974892
0.866459 0.799947 0.951151 0.725003 0.932037 0.000000 0.892775 0.572095 0.937351 0.731222 0.960812 0.724022 0.785510 0.681420 0.854514 0.591761 0.977268 0.918613 0.977866 0.850360 0.823286 0.986386 0.850560 0.908740 0.840317 0.953835 0.978264 0.824555 0.851189 0.940379 0.959037 0.985327 0.874655 0.792758 0.960807 0.978671 0.998622 0.848809 0.953139 0.964472 0.924531 0.855240 0.959334 0.896306 0.918370 0.796489 0.961255 0.801199 0.829351 0.877096 0.776157 0.737987 0.894303 0.823158 0.955649 0.913308 0.902208 0.856480 0.907136 0.783550 0.739413 0.638546 0.786781 0.712328 0.885319 0.719085 0.851963 0.807155 0.908406 0.943750 0.942593 0.824653 0.881543 0.730964 0.753299 0.898741 0.797355 0.694865 0.947864 0.942391 0.850972 0.895373 0.849830 0.989658 0.826733 0.792756 0.915572 0.887540 0.991844 0.894003 0.816799 0.976568 0.894177 0.977586 0.765168 0.886744 0.751673 0.942734 0.692249 0.748954 0.735149 0.885055 0.904463 0.950029 0.755649 0.922401 0.927763 0.796532 0.856248 0.935396 0.934882 0.901230 0.991854 0.885507 0.905989 0.994377
0.695295 0.711708 0.467008 0.636957 0.573825 0.892775 0.000000 0.616545 0.459545 0.766618 0.995525 0.892715 0.560065 0.914790 0.552908 0.828722 0.901752 0.882078 0.974231 0.801279 0.997667 0.896114 0.551525 0.800763 0.953529 0.812646 0.994842 0.852138 0.985936 0.994079 0.704816 0.729260 0.678526 0.759520 0.743329 0.795289 0.928155 0.969667 0.844107 0.902193 0.686330 0.835634 0.665090 0.746357 0.483756 0.734585 0.869978 0.820237 0.768175 0.670580 0.766669 0.763683 0.821094 0.994355 0.626686 0.681123 0.750563 0.653614 0.764379 0.669605 0.534362 0.987637 0.929825 0.870547 0.505108 0.499135 0.410016 0.446238 0.611097 0.587588 0.950245 0.938409 0.877455 0.864316 0.876531 0.991013 0.912832 0.983349 0.927349 0.899752 0.897309 0.879893 0.893126 0.960279 0.658177 0.670555 0.750737 0.688563 0.876245 0.858229 0.510962 0.551328 0.581720 0.522516 0.931925 0.890792 0.917742 0.925009 0.766863 0.647943 0.839616 0.597086 0.870378 0.993062 0.770715 0.904242 0.878230 0.986229 0.894675 0.898316 0.791338 0.725944 0.945608 0.959121 0.779612 0.992051
0.901436 0.751080 0.992756 0.554865 0.796162 0.572095 0.616545 0.000000 0.781461 0.506490 0.749432 0.547906 0.540817 0.574599 0.723561 0.553081 0.803590 0.770980 0.886665 0.751930 0.707476 0.916058 0.838361 0.892351 0.625187 0.759289 0.884965 0.947115 0.698916 0.699356 0.996998 0.945494 0.689721 0.617140 0.969827 0.899238 0.939368 0.931898 0.809069 0.856314 0.741028 0.975380 0.945141 0.759477 0.620431 0.570057 0.921934 0.679810 0.828640 0.882253 0.728162 0.744104 0.828536 0.827211 0.997410 0.962682 0.808599 0.801050 0.828404 0.827887 0.397988 0.406763 0.508762 0.506151 0.843026 0.545621 0.723977 0.605501 0.825265 0.999134 0.997072 0.798335 0.790598 0.767952 0.762764 0.970712 0.763824 0.825629 0.750281 0.954462 0.679082 0.826664 0.775543 0.867907 0.741949 0.754959 0.874981 0.773278 0.986730 0.966251 0.670887 0.860180 0.846575 0.817989 0.834136 0.836546 0.767880 0.874666 0.479407 0.522609 0.615807 0.662305 0.843317 0.823471 0.623061 0.792135 0.982285 0.811151 0.937670 0.870535 0.763464 0.672739 0.683964 0.938049 0.756079 0.829050
0.749633 0.695955 0.638123 0.842638 0.703504 0.937351 0.459545 0.781461 0.000000 0.859012 0.954246 0.797421 0.801753 0.904226 0.776788 0.950759 0.728259 0.698421 0.864039 0.707690 0.926199 0.962396 0.754010 0.993212 0.970599 0.817458 0.931406 0.890225 0.827031 0.796378 0.872067 0.977479 0.947539 0.932371 0.732590 0.904161 0.927455 0.961080 0.868279 0.921409 0.788873 0.787147 0.833753 0.962146 0.697258 0.882224 0.918294 0.970283 0.893732 0.817392 0.847933 0.921107 0.960846 0.894735 0.704786 0.893662 0.726746 0.658313 0.786342 0.803227 0.790134 0.953859 0.844369 0.722804 0.654041 0.696084 0.598258 0.696800 0.747894 0.539973 0.886154 0.751949 0.771163 0.854680 0.979103 0.951925 0.895383 0.904946 0.749418 0.690644 0.739499 0.781687 0.935323 0.902108 0.776153 0.812027 0.804531 0.850296 0.860147 0.932757 0.556005 0.497182 0.573668 0.534361 0.945152 0.903123 0.876625 0.947294 0.842595 0.813259 0.890903 0.758647 0.705076 0.986577 0.854330 0.856220 0.898243 0.969851 0.937014 0.698881 0.914955 0.971444 0.981933 0.904609 0.913328 0.976339
0.998225 0.863044 0.932845 0.899271 0.957941 0.731222 0.766618 0.506490 0.859012 0.000000 0.745923 0.755028 0.880826 0.887054 0.929826 0.822669 0.741467 0.789437 0.979928 0.798578 0.641746 0.951468 0.883074 0.807817 0.776566 0.742478 0.781780 0.846822 0.618484 0.579453 0.827591 0.841373 0.716472 0.698441 0.957025 0.901972 0.964665 0.831182 0.934720 0.961907 0.785300 0.972720 0.723179 0.531134 0.547394 0.453123 0.876126 0.686320 0.760794 0.861487 0.873407 0.942138 0.970112 0.892735 0.992797 0.994192 0.786673 0.886516 0.903282 0.934961 0.793784 0.724023 0.736653 0.728175 0.899120 0.991553 0.849986 0.863270 0.910436 0.899821 0.870209 0.685278 0.982357 0.990869 0.841872 0.942993 0.853185 0.844863 0.931908 0.927249 0.883960 0.986387 0.960310 0.974787 0.810838 0.791674 0.982948 0.985097 0.818372 0.815986 0.880556 0.862530 0.900966 0.797383 0.827401 0.831329 0.825864 0.807579 0.578976 0.653198 0.691574 0.768273 0.787573 0.739350 0.915071 0.937083 0.880779 0.877509 0.936418 0.919320 0.823536 0.678254 0.741675 0.823515 0.966258 0.811496
0.542719 0.646811 0.709793 0.944202 0.991641 0.960812 0.995525 0.749432 0.954246 0.745923 0.000000 0.520525 0.806577 0.814470 0.887008 0.979645 0.455792 0.540255 0.658680 0.508778 0.952031 0.910264 0.567877 0.689919 0.646268 0.669235 0.824403 0.886485 0.459225 0.590151 0.738708 0.837564 0.915637 0.753643 0.725862 0.622460 0.821503 0.942837 0.943615 0.954290 0.929255 0.844586 0.873200 0.840440 0.984121 0.788027 0.987227 0.936524 0.666719 0.728933 0.715839 0.826728 0.904694 0.985696 0.895941 0.775494 0.551059 0.632692 0.554943 0.638434 0.764366 0.675370 0.559269 0.610749 0.671522 0.901918 0.870722 0.903124 0.696128 0.647333 0.798594 0.976454 0.701665 0.683720 0.852933 0.922992 0.849505 0.984443 0.838136 0.807095 0.695555 0.759100 0.957727 0.892581 0.899063 0.892593 0.761453 0.867573 0.924399 0.957942 0.672799 0.716187 0.692195 0.816624 0.994757 0.848796 0.900958 0.953091 0.906660 0.796586 0.893484 0.955541 0.936324 0.628110 0.939296 0.937527 0.841260 0.951364 0.996967 0.880806 0.967415 0.943503 0.843942 0.919506 0.982218 0.827439
0.438831 0.384085 0.647223 0.759915 0.952244 0.724022 0.892715 0.547906 0.797421 0.755028 0.520525 0.000000 0.627206 0.423050 0.909992 0.574852 0.458340 0.466318 0.577428 0.377926 0.871533 0.948960 0.828534 0.969336 0.641450 0.650602 0.898831 0.990231 0.483911 0.559403 0.746136 0.862499 0.811694 0.606634 0.791572 0.722465 0.850120 0.925127 0.875142 0.951095 0.981319 0.930181 0.832514 0.798003 0.973285 0.694921 0.911338 0.754300 0.639978 0.609131 0.484116 0.610061 0.739562 0.940716 0.741490 0.683708 0.433342 0.425891 0.457263 0.471553 0.541271 0.332257 0.401450 0.290397 0.841383 0.802908 0.887272 0.968642 0.651169 0.518706 0.956924 0.774383 0.868463 0.886589 0.828382 0.817962 0.645902 0.783674 0.750180 0.694687 0.416567 0.457115 0.669168 0.700593 0.826345 0.826023 0.925604 0.894895 0.910335 0.825464 0.764276 0.553422 0.581758 0.637269 0.890294 0.827945 0.783638 0.933496 0.776134 0.757022 0.742441 0.947652 0.759861 0.752215 0.848976 0.968677 0.961778 0.889962 0.998151 0.774199 0.841722 0.836192 0.715535 0.908342 0.894615 0.780924
0.885922 0.866090 0.684351 0.531273 0.713818 0.785510 0.560065 0.540817 0.801753 0.880826 0.806577 0.627206 0.000000 0.410944 0.478618 0.507730 0.771590 0.833732 0.637629 0.752724 0.996544 0.995951 0.632003 0.637816 0.912738 0.981725 0.883448 0.960743 0.727362 0.794946 0.952297 0.894680 0.663022 0.630778 0.934129 0.949845 0.995903 0.938486 0.759143 0.946427 0.799397 0.903116 0.971431 0.879669 0.838903 0.820611 0.862588 0.809397 0.982002 0.964494 0.735924 0.839703 0.815256 0.771134 0.936965 0.918472 0.941387 0.945959 0.880103 0.926808 0.346252 0.644481 0.613833 0.708768 0.607288 0.483561 0.734844 0.611190 0.824583 0.961595 0.879092 0.949951 0.845926 0.893622 0.858646 0.894930 0.867387 0.909603 0.830244 0.912896 0.733393 0.744464 0.657740 0.876610 0.518633 0.571657 0.852562 0.714189 0.880476 0.940178 0.800549 0.920524 0.992466 0.975792 0.892605 0.970313 0.968577 0.984589 0.802561 0.763285 0.782329 0.798212 0.941456 0.951682 0.754036 0.898763 0.950462 0.972704 0.954133 0.977295 0.830991 0.775527 0.888560 0.969011 0.736701 0.860424
0.737185 0.653689 0.945534 0.583888 0.939669 0.681420 0.914790 0.574599 0.904226 0.887054 0.814470 0.423050 0.410944 0.000000 0.571144 0.402364 0.643498 0.658635 0.618011 0.575889 0.914299 0.987770 0.781146 0.677305 0.793314 0.805103 0.886074 0.889801 0.646740 0.674099 0.936502 0.973019 0.720796 0.650392 0.889878 0.864442 0.773429 0.924843 0.699084 0.971194 0.818219 0.860540 0.809535 0.921272 0.963296 0.838866 0.971642 0.789507 0.930425 0.799658 0.582835 0.711264 0.764807 0.771427 0.932957 0.968188 0.749133 0.710580 0.733308 0.713760 0.473385 0.541083 0.531512 0.490011 0.858679 0.618612 0.973156 0.861800 0.998358 0.778146 0.868747 0.840615 0.891738 0.879819 0.820618 0.831741 0.795926 0.807749 0.744008 0.750967 0.581052 0.603210 0.611842 0.854958 0.648376 0.662669 0.861503 0.825719 0.971465 0.905430 0.954930 0.627602 0.689999 0.675281 0.974665 0.937314 0.928874 0.978005 0.871774 0.815503 0.843844 0.924953 0.832990 0.950611 0.794286 0.947245 0.919519 0.945241 0.937727 0.902382 0.815403 0.841520 0.896863 0.981678 0.809903 0.887962
0.799029 0.920502 0.603044 0.597436 0.796085 0.854514 0.552908 0.723561 0.776788 0.929826 0.887008 0.909992 0.478618 0.571144 0.000000 0.529371 0.915987 0.915441 0.797500 0.975316 0.955150 0.928767 0.440221 0.617237 0.865405 0.836184 0.797243 0.942016 0.903587 0.893962 0.647763 0.647862 0.560891 0.718115 0.762871 0.882939 0.936220 0.935436 0.764066 0.844239 0.726294 0.795457 0.829750 0.824569 0.722766 0.855288 0.847998 0.775385 0.741000 0.764771 0.940043 0.882819 0.886865 0.932751 0.809727 0.725696 0.910108 0.884217 0.817319 0.771405 0.572810 0.909135 0.858961 0.936199 0.505828 0.509372 0.626871 0.546194 0.677165 0.841972 0.987223 0.809570 0.874733 0.870614 0.864370 0.935934 0.938926 0.955133 0.770230 0.925701 0.940525 0.886061 0.663007 0.915932 0.582689 0.575505 0.784940 0.741647 0.916139 0.947032 0.737466 0.939186 0.868016 0.900795 0.985567 0.946642 0.967738 0.954770 0.877236 0.717235 0.869583 0.800239 0.947108 0.890423 0.796459 0.928001 0.866066 0.902919 0.919639 0.951181 0.818415 0.746420 0.909013 0.964275 0.666273 0.877369
0.920588 0.750149 0.995936 0.634218 0.917724 0.591761 0.828722 0.553081 0.950759 0.822669 0.979645 0.574852 0.507730 0.402364 0.529371 0.000000 0.794776 0.725525 0.712415 0.700978 0.897502 0.930266 0.646227 0.641378 0.927904 0.973524 0.914230 0.968057 0.702736 0.748377 0.855734 0.806461 0.659035 0.617381 0.972781 0.942071 0.962301 0.985253 0.778612 0.957079 0.810293 0.833990 0.994669 0.809896 0.859529 0.758172 0.907883 0.737004 0.948527 0.975737 0.775950 0.857828 0.930463 0.889496 0.955716 0.872677 0.785867 0.837925 0.943734 0.910189 0.543169 0.596149 0.586103 0.541553 0.746997 0.564145 0.814497 0.644831 0.861175 0.846358 0.902405 0.704248 0.878085 0.784876 0.849359 0.863916 0.777708 0.758895 0.631109 0.822941 0.640214 0.659448 0.557284 0.884146 0.645516 0.629982 0.847962 0.676307 0.982176 0.938001 0.916247 0.842448 0.894496 0.892057 0.897147 0.901044 0.863002 0.857982 0.752995 0.752097 0.709847 0.881581 0.833273 0.964218 0.756446 0.843169 0.959368 0.954342 0.993044 0.865376 0.714788 0.773668 0.926615 0.930945 0.715667 0.925512
0.564406 0.508318 0.784695 0.929526 0.840410 0.977268 0.901752 0.803590 0.728259 0.741467 0.455792 0.458340 0.771590 0.643498 0.915987 0.794776 0.000000 0.318995 0.431874 0.374504 0.874702 0.895661 0.746165 0.870399 0.830326 0.758815 0.886007 0.915069 0.370679 0.418743 0.979543 0.901770 0.638189 0.566253 0.803679 0.708066 0.898193 0.890096 0.899014 0.934997 0.903312 0.791338 0.947388 0.639684 0.919667 0.671149 0.713143 0.670378 0.717779 0.712384 0.681226 0.851497 0.923050 0.978313 0.795577 0.836422 0.386578 0.464221 0.536853 0.691764 0.746886 0.677453 0.448823 0.451766 0.795527 0.961547 0.894349 0.998765 0.660488 0.428058 0.928706 0.727008 0.627575 0.608824 0.805926 0.882598 0.725703 0.915745 0.684690 0.575226 0.450806 0.511868 0.774782 0.746696 0.988216 0.993510 0.836372 0.969066 0.764871 0.951339 0.557141 0.504573 0.517030 0.619761 0.934155 0.827336 0.854535 0.949364 0.901430 0.867502 0.864897 0.960812 0.712801 0.645973 0.976377 0.956800 0.944357 0.873605 0.929742 0.709428 0.798362 0.775978 0.819042 0.831081 0.931628 0.781180
0.574180 0.496685 0.752461 0.952024 0.980425 0.918613 0.882078 0.770980 0.698421 0.789437 0.540255 0.466318 0.833732 0.658635 0.915441 0.725525 0.318995 0.000000 0.472299 0.391735 0.914558 0.923106 0.821906 0.885902 0.796207 0.766447 0.905574 0.838799 0.380649 0.408987 0.946150 0.818542 0.632743 0.502335 0.825730 0.784734 0.970104 0.829822 0.972101 0.975944 0.957577 0.780720 0.888908 0.614495 0.851126 0.650596 0.725401 0.641318 0.783646 0.802393 0.783840 0.918443 0.957091 0.828976 0.821832 0.844042 0.367938 0.448373 0.605783 0.716591 0.738734 0.640561 0.427789 0.397489 0.831919 0.977629 0.963087 0.893095 0.676478 0.388615 0.786974 0.662013 0.558871 0.597596 0.818869 0.808582 0.684259 0.786331 0.540861 0.536463 0.419377 0.514689 0.678214 0.693993 0.991699 0.933854 0.882635 0.972267 0.737402 0.963254 0.608536 0.511395 0.565907 0.609272 0.832923 0.823489 0.701838 0.789326 0.873985 0.844159 0.826379 0.987907 0.678978 0.625875 0.904811 0.960508 0.975161 0.872792 0.900131 0.634930 0.653108 0.792776 0.824363 0.817211 0.845001 0.847172
0.577477 0.563481 0.956366 0.786030 0.978635 0.977866 0.974231 0.886665 0.864039 0.979928 0.658680 0.577428 0.637629 0.618011 0.797500 0.712415 0.431874 0.472299 0.000000 0.473868 0.962323 0.972713 0.934192 0.828659 0.943971 0.946402 0.908888 0.985392 0.525502 0.630617 0.871704 0.838521 0.605139 0.551483 0.958714 0.873471 0.977538 0.818391 0.829986 0.945485 0.894288 0.871764 0.914539 0.704358 0.910637 0.745957 0.666140 0.648854 0.781936 0.740017 0.697232 0.816161 0.837692 0.896386 0.750717 0.920957 0.519140 0.596227 0.610247 0.729446 0.693814 0.765668 0.591739 0.628648 0.889146 0.855658 0.978104 0.914867 0.682441 0.547496 0.947918 0.823024 0.713055 0.661669 0.874240 0.866440 0.779710 0.869025 0.728989 0.594818 0.512576 0.527194 0.695785 0.709630 0.741199 0.732857 0.901786 0.853670 0.938788 0.856645 0.678491 0.601635 0.614337 0.691099 0.955692 0.890053 0.897662 0.881630 0.987015 0.892542 0.800213 0.940103 0.772968 0.731837 0.904089 0.941656 0.922008 0.808433 0.965216 0.861171 0.773959 0.921560 0.877254 0.931067 0.922205 0.990473
0.412261 0.394330 0.738074 0.856859 0.939007 0.850360 0.801279 0.751930 0.707690 0.798578 0.508778 0.377926 0.752724 0.575889 0.975316 0.700978 0.374504 0.391735 0.473868 0.000000 0.896903 0.915238 0.813558 0.973445 0.866667 0.747572 0.939412 0.946310 0.452896 0.564752 0.861945 0.981305 0.716612 0.622110 0.900691 0.701935 0.979013 0.843868 0.887697 0.987417 0.996372 0.814915 0.934545 0.758818 0.929282 0.733284 0.832543 0.711356 0.567494 0.536615 0.502761 0.641025 0.764142 0.888337 0.679488 0.692025 0.382607 0.369915 0.454733 0.471995 0.728061 0.541181 0.506855 0.421622 0.832223 0.970046 0.872293 0.994019 0.577205 0.392255 0.968488 0.765800 0.694725 0.747361 0.863114 0.831914 0.689380 0.768283 0.708512 0.615149 0.422018 0.465473 0.752895 0.691202 0.879159 0.890721 0.692029 0.991760 0.878567 0.790037 0.620361 0.500286 0.534425 0.556701 0.893433 0.890525 0.812086 0.969168 0.914436 0.868309 0.696004 0.917011 0.678910 0.722301 0.816568 0.979068 0.981715 0.974700 0.880589 0.793990 0.811898 0.903962 0.883427 0.882866 0.845618 0.801382
0.966823 0.847712 0.813153 0.980890 0.820271 0.823286 0.997667 0.707476 0.926199 0.641746 0.952031 0.871533 0.996544 0.914299 0.955150 0.897502 0.874702 0.914558 0.962323 0.896903 0.000000 0.990680 0.955315 0.921399 0.873569 0.767516 0.954907 0.884039 0.934682 0.888255 0.970167 0.982587 0.927381 0.906280 0.905786 0.947669 0.906987 0.949216 0.877989 0.998988 0.859168 0.924093 0.889976 0.837269 0.814110 0.737909 0.964779 0.776291 0.805669 0.840631 0.868260 0.896665 0.854956 0.925223 0.940530 0.985660 0.861187 0.849529 0.870602 0.874816 0.961462 0.806399 0.892758 0.813806 0.891965 0.937932 0.972019 0.972190 0.935096 0.896553 0.896633 0.815834 0.864150 0.884383 0.815326 0.809102 0.940193 0.959397 0.978814 0.979762 0.909509 0.991397 0.999563 0.940339 0.932081 0.853839 0.940426 0.984306 0.913515 0.946471 0.834544 0.937447 0.956898 0.961351 0.864074 0.844966 0.818070 0.976670 0.638726 0.827083 0.919928 0.833368 0.774926 0.843635 0.914853 0.884374 0.985895 0.891475 0.887005 0.941226 0.880988 0.736459 0.842439 0.902194 0.993459 0.943892
0.874438 0.898797 0.960263 0.971251 0.854347 0.986386 0.896114 0.916058 0.962396 0.951468 0.910264 0.948960 0.995951 0.987770 0.928767 0.930266 0.895661 0.923106 0.972713 0.915238 0.990680 0.000000 0.854012 0.936819 0.925582 0.997764 0.990247 0.968701 0.876001 0.918723 0.908505 0.948004 0.975881 0.947074 0.836975 0.896353 0.954021 0.722282 0.981514 0.721017 0.899563 0.997939 0.997621 0.968595 0.912021 0.953231 0.862925 0.985903 0.880519 0.805835 0.840981 0.874117 0.845686 0.900937 0.923695 0.927509 0.895593 0.861002 0.911425 0.910411 0.863841 0.918813 0.977502 0.971818 0.898051 0.808840 0.849565 0.949172 0.986955 0.928306 0.996266 0.926740 0.999730 0.956702 0.917774 0.863735 0.997427 0.930660 0.979982 0.909198 0.946424 0.917631 0.975059 0.994282 0.886263 0.862342 0.782421 0.908787 0.947994 0.960528 0.834497 0.900128 0.914550 0.942142 0.985755 0.932676 0.885724 0.997528 0.934869 0.884556 0.942673 0.834911 0.935170 0.944368 0.823345 0.841177 0.919339 0.947717 0.973077 0.969646 0.960940 0.950931 0.956738 0.956637 0.944408 0.976290
0.670542 0.770065 0.468032 0.561870 0.703080 0.850560 0.551525 0.838361 0.754010 0.883074 0.567877 0.828534 0.632003 0.781146 0.440221 0.646227 0.746165 0.821906 0.934192 0.813558 0.955315 0.854012 0.000000 0.420679 0.695376 0.593648 0.741832 0.945378 0.758529 0.787348 0.652271 0.673978 0.671241 0.853559 0.659544 0.639541 0.791184 0.987760 0.820181 0.930631 0.781256 0.825358 0.828387 0.983818 0.758160 0.970459 0.874759 0.801724 0.701995 0.728604 0.860158 0.911241 0.970741 0.855553 0.821650 0.729431 0.688226 0.715805 0.699145 0.720338 0.701191 0.959480 0.892610 0.854377 0.329077 0.443823 0.567611 0.492728 0.628652 0.675434 0.912737 0.896435 0.761791 0.722052 0.908174 0.979141 0.858342 0.876101 0.894971 0.970989 0.962940 0.993065 0.665890 0.991431 0.455588 0.487383 0.735094 0.574194 0.841181 0.878559 0.550102 0.737369 0.673852 0.818199 0.949459 0.997890 0.947363 0.912179 0.894218 0.776019 0.820641 0.774271 0.973083 0.761943 0.686713 0.794174 0.838616 0.915584 0.984608 0.932955 0.804608 0.840169 0.882325 0.961722 0.700178 0.913858
0.988987 0.959265 0.624438 0.527425 0.823994 0.908740 0.800763 0.892351 0.993212 0.807817 0.689919 0.969336 0.637816 0.677305 0.617237 0.641378 0.870399 0.885902 0.828659 0.973445 0.921399 0.936819 0.420679 0.000000 0.696497 0.729295 0.683577 0.850492 0.824537 0.783797 0.843499 0.867728 0.802242 0.889736 0.808651 0.709355 0.883458 0.934097 0.802882 0.969435 0.983288 0.929695 0.995197 0.954484 0.972544 0.969341 0.783466 0.809321 0.894794 0.984142 0.862851 0.838124 0.794941 0.807340 0.911989 0.963283 0.909966 0.972814 0.997934 0.972348 0.724252 0.886282 0.990633 0.977665 0.493530 0.537250 0.813534 0.724534 0.900143 0.890412 0.956674 0.907224 0.787822 0.764458 0.951373 0.959880 0.921097 0.933192 0.874424 0.870336 0.829812 0.774370 0.631191 0.835640 0.428497 0.460071 0.834071 0.521331 0.714695 0.677618 0.772248 0.969337 0.902454 0.974557 0.882693 0.999546 0.956037 0.865989 0.965542 0.881441 0.828207 0.909494 0.825097 0.813744 0.748426 0.777592 0.861605 0.942828 0.997848 0.992619 0.856191 0.997196 0.966120 0.913737 0.767925 0.827835
0.906544 0.932920 0.537241 0.909360 0.924316 0.840317 0.953529 0.625187 0.970599 0.776566 0.646268 0.641450 0.912738 0.793314 0.865405 0.927904 0.830326 0.796207 0.943971 0.866667 0.873569 0.925582 0.695376 0.696497 0.000000 0.433439 0.671728 0.929817 0.731620 0.646536 0.642810 0.835955 0.904460 0.951987 0.733077 0.857779 0.657467 0.805941 0.969493 0.858717 0.925952 0.998409 0.718846 0.892677 0.984075 0.966806 0.741131 0.831054 0.981397 0.975839 0.904674 0.964939 0.981072 0.916320 0.900309 0.952063 0.918662 0.910907 0.895579 0.869556 0.755796 0.634188 0.618178 0.620676 0.569241 0.954021 0.779153 0.895805 0.959904 0.934774 0.728494 0.924131 0.937909 0.973717 0.859021 0.910642 0.887866 0.995874 0.980519 0.986792 0.907106 0.949105 0.963445 0.998296 0.762721 0.783226 0.846398 0.878160 0.851315 0.852961 0.967969 0.884465 0.822834 0.940100 0.943821 0.931961 0.992694 0.968774 0.768955 0.845419 0.988414 0.942700 0.914240 0.910260 0.997506 0.940791 0.860691 0.778309 0.968537 0.868493 0.966544 0.948767 0.754482 0.926117 0.839146 0.781582
0.811208 0.864029 0.481391 0.774144 0.920916 0.953835 0.812646 0.759289 0.817458 0.742478 0.669235 0.650602 0.981725 0.805103 0.836184 0.973524 0.758815 0.766447 0.946402 0.747572 0.767516 0.997764 0.593648 0.729295 0.433439 0.000000 0.756260 0.847265 0.678602 0.594956 0.591132 0.821328 0.866839 0.976863 0.739384 0.802434 0.614588 0.855576 0.906650 0.913800 0.975873 0.957299 0.775668 0.955269 0.987490 0.890378 0.755950 0.878613 0.885527 0.913998 0.849926 0.999142 0.998990 0.865769 0.996360 0.949782 0.810467 0.819984 0.771157 0.786023 0.851905 0.665318 0.656559 0.643653 0.488292 0.774298 0.717948 0.747505 0.932987 0.791747 0.744798 0.983499 0.964148 0.964946 0.942390 0.960118 0.770227 0.941630 0.977503 0.984537 0.929512 0.965977 0.881958 0.935620 0.695347 0.622225 0.962705 0.799957 0.833851 0.792544 0.808172 0.741387 0.737715 0.825555 0.897354 0.967790 0.920159 0.950296 0.889003 0.962772 0.995243 0.900788 0.773994 0.850889 0.951645 0.759029 0.958252 0.813850 0.980943 0.816853 0.914166 0.967979 0.781651 0.969588 0.819869 0.839257
0.995995 0.943204 0.786822 0.912660 0.963350 0.978264 0.994842 0.884965 0.931406 0.781780 0.824403 0.898831 0.883448 0.886074 0.797243 0.914230 0.886007 0.905574 0.908888 0.939412 0.954907 0.990247 0.741832 0.683577 0.671728 0.756260 0.000000 0.842533 0.779008 0.881634 0.903954 0.931149 0.902372 0.946074 0.915674 0.934795 0.980674 0.870348 0.922137 0.982025 0.977634 0.930743 0.929928 0.848212 0.844150 0.845006 0.967344 0.996688 0.888027 0.966243 0.983945 0.985584 0.972501 0.933065 0.986350 0.958996 0.918739 0.966924 0.898479 0.962620 0.919501 0.873870 0.849662 0.874907 0.788198 0.905371 0.926001 0.924677 0.973405 0.960076 0.958568 0.895084 0.831137 0.889916 0.974564 0.972387 0.830767 0.907391 0.900464 0.918727 0.971935 0.898193 0.899948 0.941789 0.762044 0.742188 0.877258 0.748053 0.831368 0.922439 0.912513 0.950424 0.987929 0.998769 0.972086 0.975566 0.763482 0.835762 0.874481 0.997197 0.991270 0.920207 0.951708 0.939769 0.946518 0.842429 0.962723 0.802358 0.897413 0.953894 0.982029 0.895638 0.847901 0.993242 0.885662 0.942911
0.962801 0.962165 0.957797 0.853805 0.940894 0.824555 0.852138 0.947115 0.890225 0.846822 0.886485 0.990231 0.960743 0.889801 0.942016 0.968057 0.915069 0.838799 0.985392 0.946310 0.884039 0.968701 0.945378 0.850492 0.929817 0.847265 0.842533 0.000000 0.866924 0.872395 0.994783 0.817887 0.888167 0.898615 0.912622 0.977795 0.972209 0.894906 0.953894 0.823200 0.965868 0.999172 0.694043 0.764523 0.700190 0.789524 0.981196 0.929760 0.970495 0.847734 0.831724 0.752028 0.813995 0.677195 0.828585 0.903659 0.901123 0.997488 0.974634 0.909676 0.908497 0.986183 0.967981 0.967095 0.936037 0.963904 0.881886 0.838195 0.888506 0.952401 0.887738 0.940617 0.778428 0.883691 0.950483 0.995415 0.983625 0.944651 0.900305 0.979302 0.997696 0.985789 0.997488 0.970501 0.911899 0.883473 0.983638 0.983602 0.796501 0.886170 0.994693 0.941739 0.996106 0.905646 0.982574 0.968077 0.969223 0.906320 0.997015 0.906347 0.979824 0.942410 0.971602 0.789890 0.972682 0.965350 0.973790 0.914550 0.903335 0.970736 0.706071 0.914047 0.885390 0.807917 0.948432 0.954510
0.645082 0.613468 0.780341 0.988876 0.966007 0.851189 0.985936 0.698916 0.827031 0.618484 0.459225 0.483911 0.727362 0.646740 0.903587 0.702736 0.370679 0.380649 0.525502 0.452896 0.934682 0.876001 0.758529 0.824537 0.731620 0.678602 0.779008 0.866924 0.000000 0.368384 0.946665 0.840932 0.590834 0.523713 0.809603 0.703677 0.927003 0.884389 0.890748 0.996842 0.915748 0.855906 0.875603 0.615627 0.773234 0.561725 0.761508 0.704635 0.764867 0.810813 0.766747 0.935025 0.998652 0.959878 0.866182 0.941203 0.486827 0.594034 0.634611 0.753752 0.678043 0.657177 0.433005 0.479066 0.781328 0.948393 0.989464 0.909729 0.855441 0.548976 0.952624 0.769906 0.642652 0.674987 0.918287 0.829985 0.651409 0.889646 0.694054 0.673105 0.569736 0.713285 0.871680 0.899442 0.901371 0.890673 0.873899 0.929717 0.756931 0.877872 0.671664 0.628686 0.679094 0.752387 0.889893 0.835536 0.812432 0.846261 0.825912 0.868564 0.759723 0.967572 0.720016 0.659096 0.998977 0.934235 0.972571 0.915371 0.953183 0.731264 0.744910 0.768891 0.822010 0.833644 0.928652 0.853541
0.846630 0.750479 0.768512 0.958109 0.986788 0.940379 0.994079 0.699356 0.796378 0.579453 0.590151 0.559403 0.794946 0.674099 0.893962 0.748377 0.418743 0.408987 0.630617 0.564752 0.888255 0.918723 0.787348 0.783797 0.646536 0.594956 0.881634 0.872395 0.368384 0.000000 0.898744 0.779713 0.682218 0.517442 0.739414 0.736366 0.893584 0.928421 0.918336 0.965148 0.899086 0.898984 0.894256 0.649747 0.754679 0.612101 0.841748 0.785086 0.947545 0.954492 0.909343 0.916895 0.874561 0.882274 0.998521 0.907078 0.580614 0.703516 0.826162 0.929160 0.742483 0.740389 0.448731 0.502484 0.691244 0.880867 0.905597 0.951728 0.979627 0.617037 0.910443 0.696940 0.756792 0.727523 0.870414 0.866999 0.799236 0.855077 0.723800 0.670364 0.659319 0.792719 0.897892 0.887832 0.768600 0.809645 0.999989 0.952677 0.673529 0.735894 0.713403 0.629717 0.667657 0.774680 0.798956 0.814679 0.822644 0.776244 0.846589 0.947389 0.818281 0.968032 0.672565 0.723051 0.982825 0.907129 0.999435 0.903147 0.907493 0.641819 0.674070 0.769043 0.755939 0.806720 0.975284 0.791537
0.661207 0.853173 0.576790 0.828516 0.965825 0.959037 0.704816 0.996998 0.872067 0.827591 0.738708 0.746136 0.952297 0.936502 0.647763 0.855734 0.979543 0.946150 0.871704 0.861945 0.970167 0.908505 0.652271 0.843499 0.642810 0.591132 0.903954 0.994783 0.946665 0.898744 0.000000 0.496570 0.582944 0.720565 0.765019 0.878054 0.650037 0.779924 0.970982 0.981874 0.845484 0.902344 0.456103 0.595597 0.574409 0.721281 0.632223 0.606676 0.798388 0.769455 0.720720 0.751815 0.774936 0.991288 0.891446 0.651180 0.987735 0.874961 0.672082 0.642125 0.964375 0.727933 0.962457 0.868963 0.684560 0.912824 0.656783 0.631831 0.694799 0.883106 0.610512 0.699898 0.976977 0.943880 0.949867 0.976958 0.961900 0.863334 0.792426 0.847976 0.997678 0.974270 0.917996 0.995517 0.977241 0.893976 0.889878 0.841671 0.861900 0.885416 0.859972 0.789183 0.769082 0.794513 0.885193 0.829216 0.900478 0.776818 0.914170 0.903412 0.901303 0.811917 0.940122 0.966530 0.989550 0.793502 0.906811 0.825797 0.929964 0.959337 0.768912 0.828712 0.864201 0.903386 0.802442 0.864712
0.672141 0.808291 0.666119 0.887094 0.888919 0.985327 0.729260 0.945494 0.977479 0.841373 0.837564 0.862499 0.894680 0.973019 0.647862 0.806461 0.901770 0.818542 0.838521 0.981305 0.982587 0.948004 0.673978 0.867728 0.835955 0.821328 0.931149 0.817887 0.840932 0.779713 0.496570 0.000000 0.542400 0.722590 0.865154 0.947293 0.808635 0.888240 0.943914 0.924405 0.837077 0.997305 0.614637 0.711120 0.649523 0.781100 0.746606 0.749104 0.713897 0.732942 0.750690 0.686378 0.681259 0.889381 0.917310 0.672013 0.984058 0.905529 0.671959 0.656017 0.927479 0.819095 0.896496 0.993138 0.786773 0.896550 0.784946 0.651774 0.760783 0.981015 0.720475 0.660799 0.918607 0.976919 0.932331 0.988740 0.956603 0.856442 0.675300 0.701887 0.923359 0.964548 0.816993 0.928377 0.972185 0.886959 0.991037 0.828196 0.825054 0.801836 0.932288 0.884976 0.946984 0.892964 0.871060 0.964907 0.994943 0.771001 0.984926 0.968428 0.873354 0.821406 0.888176 0.917137 0.925288 0.852060 0.866807 0.820055 0.904443 0.899743 0.714582 0.804021 0.759719 0.865618 0.828341 0.928049
0.995901 0.824512 0.722785 0.656304 0.878672 0.874655 0.678526 0.689721 0.947539 0.716472 0.915637 0.811694 0.663022 0.720796 0.560891 0.659035 0.638189 0.632743 0.605139 0.716612 0.927381 0.975881 0.671241 0.802242 0.904460 0.866839 0.902372 0.888167 0.590834 0.682218 0.582944 0.542400 0.000000 0.489029 0.786911 0.962419 0.772327 0.903889 0.846494 0.924403 0.782179 0.876898 0.635628 0.570367 0.580193 0.600821 0.579702 0.560009 0.983824 0.999574 0.918260 0.972889 0.961353 0.884134 0.959773 0.880323 0.764905 0.822669 0.893350 0.996582 0.629144 0.843644 0.665807 0.732811 0.682043 0.686743 0.658656 0.526218 0.877740 0.879104 0.808022 0.702961 0.866749 0.963551 0.856653 0.895063 0.768090 0.818899 0.672833 0.687357 0.648754 0.783192 0.719285 0.877210 0.722743 0.745641 0.980521 0.780857 0.872486 0.941767 0.938515 0.986273 0.999356 0.978162 0.851498 0.863838 0.968225 0.815674 0.747635 0.680772 0.798657 0.774625 0.846268 0.839217 0.755975 0.847845 0.844660 0.851562 0.872909 0.852808 0.753575 0.727113 0.943547 0.794608 0.713153 0.957733
0.831333 0.665950 0.910317 0.750504 0.817364 0.792758 0.759520 0.617140 0.932371 0.698441 0.753643 0.606634 0.630778 0.650392 0.718115 0.617381 0.566253 0.502335 0.551483 0.622110 0.906280 0.947074 0.853559 0.889736 0.951987 0.976863 0.946074 0.898615 0.523713 0.517442 0.720565 0.722590 0.489029 0.000000 0.906553 0.909902 0.834558 0.789411 0.926179 0.932781 0.860568 0.928751 0.659230 0.513092 0.619221 0.565283 0.632253 0.566676 0.910432 0.979750 0.887422 0.990609 0.915080 0.917877 0.956799 0.937464 0.600891 0.728110 0.834290 0.908607 0.598936 0.691599 0.527728 0.578834 0.874748 0.747341 0.723712 0.611941 0.993765 0.771650 0.738440 0.649931 0.796670 0.795106 0.815332 0.895255 0.647771 0.716811 0.633308 0.750156 0.572998 0.680350 0.733752 0.797904 0.809752 0.763851 0.935310 0.799058 0.776402 0.938505 0.942578 0.817973 0.864100 0.918601 0.845151 0.769021 0.823006 0.748188 0.702656 0.739657 0.764827 0.918330 0.737235 0.793189 0.787638 0.867446 0.958059 0.842336 0.994133 0.706353 0.697745 0.642478 0.806105 0.822641 0.700888 0.970253
0.855195 0.883002 0.652647 0.773302 0.889111 0.960807 0.743329 0.969827 0.732590 0.957025 0.725862 0.791572 0.934129 0.889878 0.762871 0.972781 0.803679 0.825730 0.958714 0.900691 0.905786 0.836975 0.659544 0.808651 0.733077 0.739384 0.915674 0.912622 0.809603 0.739414 0.765019 0.865154 0.786911 0.906553 0.000000 0.817257 0.668718 0.974911 0.977804 0.840394 0.788692 0.934516 0.722381 0.817371 0.790112 0.917173 0.892764 0.863201 0.963710 0.905710 0.878713 0.939746 0.959419 0.900465 0.975930 0.913788 0.878070 0.856459 0.869365 0.848338 0.891727 0.979761 0.807193 0.789642 0.598922 0.671955 0.584552 0.632138 0.846091 0.753487 0.882495 0.978381 0.900396 0.925121 0.942625 0.931588 0.756149 0.992379 0.931978 0.802631 0.914536 0.941937 0.982869 0.988153 0.722771 0.731932 0.905409 0.919587 0.985178 0.903756 0.711536 0.695138 0.720185 0.713387 0.944772 0.948641 0.880809 0.928808 0.926969 0.929096 0.919312 0.898464 0.896318 0.944056 0.856411 0.986613 0.833282 0.989870 0.934290 0.947977 0.926190 0.967396 0.962362 0.964287 0.652066 0.942838
0.760829 0.718373 0.774900 0.989858 0.882550 0.978671 0.795289 0.899238 0.904161 0.901972 0.622460 0.722465 0.949845 0.864442 0.882939 0.942071 0.708066 0.784734 0.873471 0.701935 0.947669 0.896353 0.639541 0.709355 0.857779 0.802434 0.934795 0.977795 0.703677 0.736366 0.878054 0.947293 0.962419 0.909902 0.817257 0.000000 0.905247 0.908660 0.942961 0.857511 0.940645 0.941712 0.810669 0.931860 0.823376 0.921136 0.926592 0.998444 0.776035 0.702697 0.661582 0.731015 0.803028 0.808134 0.741147 0.814465 0.719011 0.665340 0.779147 0.722908 0.969136 0.814263 0.722368 0.711091 0.735632 0.838618 0.688056 0.813366 0.845187 0.755418 0.951005 0.995118 0.896871 0.919767 0.990704 0.863598 0.838651 0.996705 0.857576 0.993499 0.773848 0.812735 0.911368 0.852920 0.835144 0.864575 0.685472 0.786631 0.890419 0.998874 0.698163 0.713184 0.672045 0.753863 0.911678 0.886070 0.980503 0.787622 0.977761 0.884127 0.991636 0.968016 0.978059 0.793731 0.960753 0.960016 0.760356 0.918527 0.902267 0.995343 0.971000 0.878222 0.933625 0.856836 0.980493 0.854084
0.933475 0.964365 0.705967 0.915725 0.992524 0.998622 0.928155 0.939368 0.927455 0.964665 0.821503 0.850120 0.995903 0.773429 0.936220 0.962301 0.898193 0.970104 0.977538 0.979013 0.906987 0.954021 0.791184 0.883458 0.657467 0.614588 0.980674 0.972209 0.927003 0.893584 0.650037 0.808635 0.772327 0.834558 0.668718 0.905247 0.000000 0.796076 0.679654 0.939194 0.934253 0.864935 0.691256 0.795566 0.816300 0.824307 0.708452 0.758760 0.926286 0.950956 0.957904 0.978726 0.992518 0.953207 0.857773 0.930154 0.950836 0.990834 0.905005 0.914140 0.924740 0.932784 0.912043 0.930237 0.768216 0.962840 0.734943 0.692916 0.960598 0.966132 0.642009 0.820781 0.989088 0.995545 0.948210 0.954927 0.982889 0.767829 0.967557 0.989628 0.939801 0.946164 0.943290 0.861560 0.901923 0.913760 0.883817 0.805416 0.835735 0.851210 0.924654 0.822125 0.821797 0.925673 0.938314 0.884643 0.988031 0.796131 0.774739 0.949073 0.824415 0.998353 0.945366 0.958757 0.892980 0.781049 0.967192 0.965980 0.896727 0.879389 0.947698 0.940538 0.967820 0.909991 0.777263 0.995750
0.834551 0.783260 0.876890 0.881170 0.965915 0.848809 0.969667 0.931898 0.961080 0.831182 0.942837 0.925127 0.938486 0.924843 0.935436 0.985253 0.890096 0.829822 0.818391 0.843868 0.949216 0.722282 0.987760 0.934097 0.805941 0.855576 0.870348 0.894906 0.884389 0.928421 0.779924 0.888240 0.903889 0.789411 0.974911 0.908660 0.796076 0.000000 0.884719 0.939222 0.929305 0.893717 0.715687 0.773361 0.805150 0.693262 0.663914 0.644016 0.751562 0.785842 0.904773 0.865381 0.878939 0.985659 0.807152 0.887054 0.747524 0.717690 0.821573 0.867609 0.999727 0.874532 0.994314 0.887152 0.904780 0.991698 0.908792 0.904347 0.773224 0.829824 0.738385 0.707835 0.780806 0.870995 0.853078 0.936381 0.925330 0.781559 0.858375 0.856266 0.830462 0.766492 0.971912 0.801610 0.960305 0.911834 0.699414 0.913506 0.896418 0.875014 0.889312 0.970585 0.993844 0.986053 0.898995 0.725447 0.626961 0.767961 0.909167 0.869509 0.791004 0.934006 0.822045 0.656167 0.895419 0.674248 0.842262 0.915851 0.996685 0.970767 0.770259 0.985636 0.961481 0.850367 0.877092 0.882320
