0.000000 0.376486 0.931717 0.822869 0.945978 0.605800 0.563192 0.438690 0.707111 0.722040 0.457914 0.373577 0.570500 0.524293 0.923593 0.615772 0.410483 0.394299 0.442018 0.402370 0.955604 0.860717 0.940915 0.997211 0.873765 0.996057 0.809307 0.982420 0.557882 0.497574 0.837768 0.654304 0.533884 0.480832 0.934950 0.921861 0.861794 0.971166 0.966253 0.910228 0.926538 0.914145 0.504153 0.482961 0.561701 0.560323 0.609712 0.555598 0.649479 0.636415 0.794379 0.820728 0.900095 0.912470 0.974080 0.781557 0.322172 0.489802 0.520573 0.955332 0.504802 0.665870 0.446517 0.458208 0.852442 0.914206 0.633022 0.635332 0.785240 0.728864 0.711216 0.728852 0.880119 0.718970 0.967961 0.772932 0.668520 0.778975 0.848331 0.707661 0.532876 0.561592 0.747813 0.738887 0.990554 0.963867 0.980583 0.912839 0.983119 0.989957 0.546632 0.758047 0.669388 0.852954 0.806941 0.813662 0.774363 0.770046 0.483665 0.482565 0.563682 0.633610 0.533265 0.582392 0.785345 0.743164 0.890790 0.924453 0.953873 0.942837 0.890229 0.726981 0.701635 0.875572 0.848154 0.926698
0.376486 0.000000 0.861310 0.977636 0.913991 0.710026 0.751343 0.607375 0.795113 0.704892 0.693789 0.420255 0.811371 0.709449 0.981314 0.607853 0.342285 0.310210 0.662099 0.627584 0.971327 0.834648 0.848386 0.912833 0.881559 0.945333 0.858176 0.885907 0.583877 0.373710 0.975350 0.742154 0.686295 0.638812 0.819282 0.898989 0.876366 0.916769 0.923538 0.748412 0.909548 0.894628 0.592552 0.528142 0.582663 0.509224 0.781368 0.621600 0.611244 0.590933 0.712395 0.686356 0.866767 0.786210 0.942247 0.751719 0.267660 0.302002 0.700522 0.894393 0.707801 0.628422 0.654863 0.405106 0.752343 0.982068 0.797841 0.787518 0.816028 0.642984 0.829281 0.818322 0.849792 0.784391 0.904157 0.764159 0.755511 0.798569 0.661600 0.543827 0.379404 0.556009 0.765638 0.694097 0.842550 0.920897 0.844791 0.859187 0.911008 0.960284 0.640810 0.849198 0.739422 0.878362 0.752456 0.889670 0.688626 0.859980 0.558757 0.651972 0.703441 0.708410 0.576922 0.680932 0.876314 0.817138 0.783196 0.992020 0.888005 0.902237 0.804960 0.679128 0.723921 0.893628 0.823843 0.848184
0.931717 0.861310 0.000000 0.304290 0.981567 0.992117 0.487131 0.549969 0.840384 0.946916 0.759047 0.985995 0.529850 0.507205 0.545312 0.695388 0.820264 0.891346 0.516381 0.633779 0.961365 0.986768 0.406933 0.503120 0.659975 0.554577 0.887281 0.881297 0.849708 0.903090 0.381004 0.466918 0.509401 0.596761 0.634856 0.750435 0.810976 0.990793 0.750152 0.975947 0.962592 0.670577 0.698185 0.808260 0.988713 0.922974 0.673160 0.715020 0.852054 0.916938 0.906778 0.819484 0.864373 0.872135 0.820424 0.964697 0.908387 0.748095 0.825909 0.887104 0.680876 0.982565 0.890769 0.661609 0.428534 0.451011 0.507043 0.568867 0.878846 0.878933 0.673767 0.696003 0.938788 0.891434 0.939517 0.849315 0.759163 0.781528 0.891571 0.954307 0.737659 0.943024 0.838072 0.836040 0.541448 0.619484 0.767388 0.758540 0.956177 0.922116 0.771102 0.832831 0.897441 0.865951 0.925965 0.886404 0.839625 0.998923 0.913998 0.758033 0.807639 0.777436 0.955571 0.942223 0.797807 0.973548 0.824900 0.839779 0.867913 0.956148 0.900849 0.984677 0.969645 0.927692 0.996252 0.738212
0.822869 0.977636 0.304290 0.000000 0.939005 0.939978 0.538980 0.527734 0.922945 0.817831 0.770355 0.892801 0.531640 0.428664 0.604795 0.619677 0.896525 0.997831 0.472921 0.522624 0.957717 0.986439 0.355984 0.364024 0.548857 0.508663 0.831147 0.730568 0.868049 0.970995 0.348737 0.418522 0.454972 0.580125 0.588963 0.736222 0.752169 0.945998 0.703330 0.952319 0.996251 0.720584 0.708284 0.821374 0.923146 0.839949 0.646285 0.741366 0.721920 0.847950 0.846518 0.801605 0.811118 0.821785 0.749847 0.916488 0.974042 0.845695 0.845398 0.928319 0.740331 0.972974 0.832187 0.743276 0.456137 0.396916 0.492697 0.530934 0.988447 0.911963 0.667113 0.684850 0.867742 0.857535 0.840841 0.862100 0.770061 0.813206 0.962425 0.893707 0.932959 0.858819 0.701620 0.952087 0.494200 0.499954 0.831174 0.700877 0.871921 0.756677 0.800925 0.925616 0.855559 0.936436 0.991375 0.798044 0.856975 0.970698 0.940599 0.793189 0.797708 0.710996 0.981424 0.964069 0.736053 0.965958 0.868129 0.922338 0.849478 0.895546 0.971313 0.893295 0.994840 0.811529 0.967609 0.703719
0.945978 0.913991 0.981567 0.939005 0.000000 0.812556 0.895059 0.888982 0.986053 0.743623 0.857630 0.837539 0.872073 0.853255 0.994536 0.928046 0.966849 0.939340 0.861768 0.825421 0.852595 0.914194 0.999695 0.942412 0.873180 0.787591 0.872344 0.920587 0.962893 0.892518 0.971599 0.851441 0.895809 0.894868 0.965687 0.880920 0.925101 0.864914 0.839389 0.885065 0.983717 0.938228 0.829126 0.863401 0.813085 0.760514 0.997284 0.796087 0.859956 0.910127 0.857798 0.954419 0.860271 0.903179 0.797119 0.963486 0.952607 0.959130 0.889477 0.946806 0.911327 0.997170 0.884384 0.995482 0.890323 0.953031 0.816834 0.822998 0.842043 0.988369 0.895660 0.902335 0.897673 0.832733 0.907851 0.875610 0.868182 0.912117 0.905428 0.970654 0.963217 0.926907 0.984908 0.933600 0.981375 0.957660 0.870328 0.983365 0.951460 0.751086 0.777999 0.772820 0.836576 0.785062 0.945302 0.956284 0.941062 0.897057 0.827902 0.882095 0.937937 0.966285 0.864213 0.790677 0.966390 0.980163 0.892844 0.965132 0.940494 0.889544 0.813522 0.830735 0.853878 0.806775 0.795591 0.793633
0.605800 0.710026 0.992117 0.939978 0.812556 0.000000 0.634537 0.595112 0.658979 0.586025 0.563583 0.552208 0.688199 0.767169 0.944253 0.769890 0.653370 0.614532 0.623126 0.667116 0.998200 0.919128 0.908890 0.960618 0.801634 0.886002 0.762864 0.985257 0.722864 0.667071 0.871014 0.766166 0.756680 0.611426 0.869714 0.909437 0.950115 0.983301 0.972571 0.899270 0.939493 0.968464 0.593232 0.616627 0.617063 0.594447 0.830177 0.676027 0.745463 0.831560 0.957043 0.985856 0.996103 0.926022 0.828961 0.884015 0.572727 0.840133 0.790924 0.979599 0.664467 0.789548 0.659976 0.722934 0.767581 0.976430 0.695176 0.692597 0.931804 0.983816 0.802252 0.763896 0.897405 0.770555 0.926982 0.732690 0.676375 0.756750 0.816242 0.853183 0.866650 0.780878 0.948455 0.951178 0.881118 0.866375 0.955020 0.973240 0.960422 0.800390 0.672280 0.777487 0.719406 0.767061 0.971704 0.978733 0.716897 0.734243 0.556954 0.679183 0.614578 0.701384 0.695245 0.605006 0.997647 0.916156 0.660758 0.921078 0.925406 0.992278 0.908487 0.723089 0.770080 0.774890 0.998359 0.690753
0.563192 0.751343 0.487131 0.538980 0.895059 0.634537 0.000000 0.248745 0.700499 0.533716 0.347663 0.539270 0.373857 0.395898 0.684640 0.641631 0.736454 0.635685 0.294653 0.436954 0.893028 0.853877 0.768533 0.833871 0.840341 0.975082 0.718607 0.895469 0.509451 0.625667 0.593154 0.489319 0.394215 0.327927 0.956209 0.886007 0.913948 0.896035 0.892697 0.973632 0.921174 0.695154 0.448047 0.518525 0.467500 0.558107 0.584493 0.476736 0.695237 0.782747 0.809169 0.921860 0.932269 0.893810 0.949741 0.860073 0.672484 0.928228 0.540033 0.894527 0.354064 0.724836 0.482848 0.840167 0.970884 0.706082 0.360049 0.363180 0.865807 0.989914 0.561836 0.603058 0.931936 0.758462 0.948580 0.718283 0.553492 0.692133 0.963422 0.798831 0.994580 0.838264 0.889134 0.993567 0.845095 0.919147 0.888624 0.939917 0.920655 0.851512 0.437669 0.561314 0.673590 0.713519 0.758739 0.762259 0.822234 0.820284 0.473641 0.421832 0.465897 0.543368 0.736389 0.684638 0.857742 0.899709 0.968850 0.834530 0.861005 0.978301 0.746353 0.691246 0.575693 0.936235 0.995078 0.906799
0.438690 0.607375 0.549969 0.527734 0.888982 0.595112 0.248745 0.000000 0.609261 0.563640 0.347741 0.421296 0.421739 0.360324 0.752332 0.592688 0.602159 0.513447 0.262616 0.356028 0.871130 0.836562 0.801483 0.846906 0.881638 0.917074 0.718983 0.953007 0.445192 0.532767 0.604256 0.472021 0.342080 0.318570 0.934314 0.944896 0.823447 0.970587 0.863090 0.993081 0.957147 0.783988 0.385461 0.455603 0.460525 0.546155 0.568369 0.448196 0.670744 0.709626 0.760028 0.845891 0.853185 0.834201 0.942346 0.833648 0.528967 0.779546 0.529299 0.843710 0.356354 0.627090 0.474927 0.724677 0.968856 0.675797 0.416765 0.370105 0.976181 0.902858 0.579571 0.601187 0.836695 0.711910 0.926439 0.752513 0.530571 0.685428 0.868752 0.715257 0.856157 0.757350 0.875860 0.936595 0.922823 0.964797 0.967072 0.990555 0.876886 0.927937 0.394106 0.568559 0.624048 0.705464 0.771330 0.776901 0.807736 0.792682 0.443227 0.395331 0.468846 0.468365 0.612373 0.614468 0.827739 0.822901 0.935723 0.842842 0.859366 0.994677 0.789912 0.699580 0.607243 0.921613 0.945937 0.911067
0.707111 0.795113 0.840384 0.922945 0.986053 0.658979 0.700499 0.609261 0.000000 0.632507 0.653217 0.707801 0.821241 0.760578 0.889216 0.816010 0.718141 0.713187 0.728939 0.778180 0.712141 0.928370 0.835894 0.831974 0.812863 0.991287 0.882665 0.888700 0.656440 0.792347 0.830975 0.815974 0.763760 0.682511 0.869934 0.715330 0.783103 0.888556 0.939027 0.995525 0.968516 0.937148 0.586461 0.613273 0.578657 0.610922 0.760520 0.630897 0.617885 0.566042 0.651089 0.651171 0.659204 0.623985 0.805125 0.966222 0.667569 0.858939 0.680186 0.733120 0.612848 0.665345 0.912003 0.811611 0.998463 0.887960 0.894788 0.877334 0.986625 0.807919 0.845400 0.786493 0.952771 0.826656 0.938227 0.840703 0.600636 0.814232 0.935951 0.921062 0.908581 0.837609 0.916603 0.934925 0.735944 0.701383 0.970052 0.799383 0.827387 0.825933 0.613744 0.669071 0.798972 0.703530 0.857716 0.994792 0.840796 0.834828 0.545186 0.630630 0.666460 0.757013 0.620271 0.762884 0.993013 0.694943 0.894081 0.759949 0.961155 0.960850 0.896800 0.657058 0.652889 0.803109 0.821155 0.970310
0.722040 0.704892 0.946916 0.817831 0.743623 0.586025 0.533716 0.563640 0.632507 0.000000 0.516163 0.594293 0.773282 0.825484 0.951271 0.933605 0.612152 0.568807 0.701572 0.825427 0.752930 0.911479 0.649665 0.590068 0.407708 0.536960 0.559877 0.754312 0.530021 0.545460 0.878572 0.921361 0.863096 0.647361 0.632396 0.824165 0.882513 0.844682 0.895726 0.836984 0.922608 0.866313 0.564202 0.521234 0.298392 0.302860 0.887382 0.555626 0.381947 0.593216 0.608058 0.699506 0.659175 0.642435 0.612752 0.940980 0.615716 0.794028 0.668194 0.925173 0.530916 0.708916 0.619096 0.614215 0.533291 0.769737 0.777133 0.755691 0.808351 0.931575 0.799335 0.766604 0.990303 0.827326 0.916989 0.804117 0.615077 0.767097 0.878019 0.883283 0.993499 0.948999 0.817231 0.990742 0.599722 0.533504 0.999097 0.782932 0.677584 0.516141 0.470968 0.471133 0.692571 0.611997 0.780421 0.998993 0.671400 0.742989 0.444938 0.472450 0.572463 0.654074 0.577971 0.609011 0.945419 0.871437 0.828270 0.783666 0.952266 0.894153 0.656322 0.477674 0.526887 0.726889 0.923431 0.826279
0.457914 0.693789 0.759047 0.770355 0.857630 0.563583 0.347663 0.347741 0.653217 0.516163 0.000000 0.463740 0.401161 0.488199 0.880795 0.801297 0.581363 0.562635 0.358108 0.456709 0.879138 0.820211 0.957440 0.933380 0.652330 0.864881 0.650403 0.870990 0.486062 0.574532 0.785570 0.676397 0.545933 0.389317 0.983702 0.949467 0.961404 0.839512 0.981670 0.977368 0.999976 0.916490 0.495489 0.513438 0.465418 0.517171 0.588163 0.502497 0.618240 0.719697 0.762468 0.877955 0.860526 0.864393 0.971215 0.820681 0.576486 0.822447 0.487751 0.893561 0.319935 0.703616 0.373123 0.630216 0.812505 0.903128 0.482190 0.479119 0.958650 0.997978 0.613208 0.739861 0.907761 0.766306 0.968590 0.705583 0.630854 0.676152 0.903979 0.879057 0.859314 0.782594 0.983293 0.942747 0.969860 0.907769 0.985950 0.981092 0.989547 0.825838 0.481407 0.564232 0.719889 0.743039 0.835057 0.804879 0.793317 0.812437 0.440844 0.387031 0.446763 0.614426 0.636213 0.557459 0.982741 0.797311 0.935095 0.782141 0.930508 0.985897 0.835511 0.657219 0.548494 0.929557 0.931921 0.943422
0.373577 0.420255 0.985995 0.892801 0.837539 0.552208 0.539270 0.421296 0.707801 0.594293 0.463740 0.000000 0.696150 0.602815 0.885125 0.682326 0.429853 0.369765 0.510094 0.463627 0.950232 0.820793 0.877886 0.903050 0.730987 0.881232 0.665891 0.850298 0.500158 0.419773 0.892926 0.727452 0.558801 0.474573 0.940171 0.974069 0.760979 0.948564 0.926993 0.945912 0.816370 0.949591 0.585185 0.578823 0.466389 0.483088 0.681086 0.536237 0.550354 0.606035 0.724385 0.746199 0.812438 0.788474 0.914136 0.747879 0.386915 0.505341 0.537681 0.809038 0.488762 0.501603 0.476868 0.425001 0.728147 0.912148 0.611124 0.545016 0.831107 0.630969 0.807506 0.765362 0.806790 0.675388 0.955963 0.796806 0.665930 0.784545 0.816773 0.692030 0.544952 0.576664 0.899298 0.700511 0.888003 0.878165 0.903259 0.933707 0.912928 0.927892 0.559885 0.779914 0.685600 0.823503 0.732452 0.834758 0.747185 0.746193 0.526667 0.585280 0.555370 0.610079 0.592063 0.604406 0.924171 0.797853 0.838835 0.931041 0.988968 0.913220 0.827497 0.784996 0.661737 0.881574 0.830366 0.821826
0.570500 0.811371 0.529850 0.531640 0.872073 0.688199 0.373857 0.421739 0.821241 0.773282 0.401161 0.696150 0.000000 0.350093 0.605654 0.652756 0.836426 0.763909 0.359467 0.440202 0.983667 0.957784 0.687882 0.687305 0.998748 0.924213 0.937767 0.948508 0.697579 0.745910 0.626549 0.524365 0.472542 0.393690 0.853160 0.897484 0.993093 0.779099 0.917251 0.987705 0.897240 0.742142 0.514769 0.584397 0.748004 0.780485 0.522521 0.594843 0.943243 0.940630 0.948220 0.900706 0.925606 0.995989 0.921149 0.895495 0.728807 0.994130 0.596514 0.962497 0.465609 0.969527 0.434536 0.919898 0.867367 0.747257 0.411243 0.534508 0.995250 0.926925 0.535577 0.654364 0.973024 0.869344 0.888206 0.622273 0.641654 0.621008 0.919976 0.886855 0.963749 0.822853 0.813665 0.925921 0.704429 0.751238 0.836993 0.807949 0.875699 0.969374 0.592107 0.664952 0.810509 0.760622 0.857190 0.721639 0.883075 0.905977 0.590445 0.519813 0.590473 0.686688 0.767401 0.683926 0.900976 0.976573 0.985548 0.806440 0.853259 0.983129 0.879216 0.832574 0.760846 0.955483 0.964168 0.866824
0.524293 0.709449 0.507205 0.428664 0.853255 0.767169 0.395898 0.360324 0.760578 0.825484 0.488199 0.602815 0.350093 0.000000 0.620247 0.514043 0.785050 0.675295 0.338072 0.319237 0.993023 0.975582 0.650912 0.636204 0.898111 0.827702 0.923125 0.900380 0.593403 0.676853 0.525131 0.462860 0.377638 0.351446 0.797895 0.871531 0.770658 0.895440 0.825744 0.988305 0.926110 0.788325 0.494315 0.567439 0.748355 0.795453 0.548129 0.548785 0.976061 0.914225 0.900539 0.974025 0.984939 0.921815 0.950236 0.879794 0.671487 0.889945 0.637495 0.958445 0.520681 0.856007 0.510912 0.899213 0.772904 0.601848 0.421873 0.489517 0.938789 0.891705 0.585008 0.631547 0.860202 0.765334 0.882507 0.617550 0.584818 0.704639 0.923850 0.799319 0.857184 0.734947 0.752976 0.929494 0.713931 0.708681 0.883177 0.841260 0.907794 0.951102 0.511818 0.710822 0.751957 0.791685 0.858464 0.709436 0.894557 0.907162 0.596196 0.531004 0.584072 0.636229 0.770111 0.785154 0.785966 0.887768 0.973369 0.807475 0.762372 0.990411 0.850560 0.856789 0.727791 0.958980 0.946342 0.878452
0.923593 0.981314 0.545312 0.604795 0.994536 0.944253 0.684640 0.752332 0.889216 0.951271 0.880795 0.885125 0.605654 0.620247 0.000000 0.564807 0.859420 0.915710 0.764058 0.730885 0.882089 0.991193 0.655385 0.642561 0.739923 0.715261 0.793374 0.728921 0.890273 0.942235 0.655729 0.644268 0.764120 0.786623 0.883952 0.889852 0.986524 0.829590 0.862073 0.983751 0.847524 0.742124 0.672440 0.769040 0.972153 0.984596 0.675573 0.857493 0.948376 0.968479 0.992294 0.946696 0.929511 0.959568 0.938189 0.839272 0.986885 0.903022 0.898547 0.855137 0.812588 0.930531 0.941354 0.791733 0.557473 0.708108 0.792019 0.862864 0.883913 0.839981 0.704250 0.766199 0.882630 0.935224 0.996889 0.799351 0.721063 0.831864 0.890941 0.949181 0.803010 0.907159 0.735384 0.911671 0.627787 0.718845 0.743248 0.847054 0.930576 0.958832 0.820491 0.863305 0.941908 0.922506 0.974698 0.992169 0.953047 0.943126 0.865956 0.826359 0.974229 0.904062 0.943935 0.995018 0.866674 0.996280 0.888496 0.798289 0.901765 0.894040 0.869662 0.854286 0.982878 0.991073 0.947848 0.791274
0.615772 0.607853 0.695388 0.619677 0.928046 0.769890 0.641631 0.592688 0.816010 0.933605 0.801297 0.682326 0.652756 0.514043 0.564807 0.000000 0.814642 0.696285 0.631063 0.488443 0.890744 0.880333 0.672074 0.604753 0.748810 0.660371 0.958543 0.845107 0.806046 0.736644 0.598509 0.470096 0.531144 0.571960 0.917075 0.878046 0.683392 0.923582 0.774234 0.873273 0.959088 0.917177 0.674825 0.790138 0.806481 0.815488 0.728510 0.730791 0.886653 0.858216 0.806973 0.874095 0.972445 0.908931 0.872959 0.964688 0.625541 0.676097 0.764440 0.959894 0.704906 0.781809 0.796927 0.830631 0.773453 0.622555 0.697243 0.651311 0.887530 0.851176 0.789356 0.708192 0.905141 0.910768 0.842428 0.752945 0.753357 0.845134 0.865866 0.723172 0.713206 0.610882 0.554868 0.696465 0.665479 0.642456 0.882506 0.748841 0.959865 0.911661 0.757895 0.969881 0.872676 0.995340 0.841660 0.860883 0.789248 0.960233 0.771195 0.847739 0.824463 0.903989 0.886658 0.953532 0.908753 0.964194 0.874633 0.944988 0.932849 0.954498 0.923405 0.891619 0.941307 0.955476 0.952248 0.909913
0.410483 0.342285 0.820264 0.896525 0.966849 0.653370 0.736454 0.602159 0.718141 0.612152 0.581363 0.429853 0.836426 0.785050 0.859420 0.814642 0.000000 0.303638 0.699327 0.715452 0.974995 0.802875 0.703804 0.736079 0.723592 0.795806 0.707945 0.828375 0.498877 0.356675 0.975744 0.863007 0.772080 0.617213 0.736446 0.890632 0.911994 0.874279 0.976199 0.782771 0.880957 0.891646 0.626166 0.532801 0.508547 0.504481 0.806826 0.656149 0.546061 0.543499 0.652801 0.630984 0.780701 0.706550 0.840872 0.790381 0.314169 0.390342 0.700997 0.834934 0.618571 0.541962 0.620637 0.345856 0.639815 0.962955 0.861175 0.795284 0.754085 0.645871 0.886972 0.831552 0.818343 0.766100 0.954157 0.760706 0.758789 0.816069 0.777618 0.634872 0.487903 0.685809 0.963971 0.688209 0.701762 0.762441 0.780855 0.758426 0.775614 0.906148 0.627790 0.794678 0.747183 0.867669 0.720099 0.908569 0.722042 0.833983 0.571117 0.567059 0.665838 0.696851 0.608010 0.683507 0.980083 0.818689 0.776843 0.947972 0.921910 0.889267 0.777970 0.701580 0.685681 0.860892 0.826683 0.825801
0.394299 0.310210 0.891346 0.997831 0.939340 0.614532 0.635685 0.513447 0.713187 0.568807 0.562635 0.369765 0.763909 0.675295 0.915710 0.696285 0.303638 0.000000 0.587816 0.605950 0.979570 0.900325 0.778085 0.850363 0.734250 0.823916 0.691144 0.810034 0.486254 0.326196 0.939252 0.724141 0.652206 0.552477 0.773349 0.861065 0.881619 0.951942 0.976806 0.888854 0.983295 0.966929 0.579881 0.524883 0.459549 0.427245 0.796839 0.558023 0.550392 0.545648 0.696551 0.626402 0.812793 0.762402 0.882870 0.797004 0.269108 0.373460 0.710427 0.905790 0.593542 0.571799 0.570971 0.357260 0.658612 0.982972 0.744957 0.721256 0.766563 0.645536 0.799663 0.761959 0.826355 0.719509 0.912790 0.804052 0.694379 0.756133 0.660007 0.559626 0.472695 0.612341 0.902813 0.651374 0.757480 0.810105 0.842703 0.816761 0.846353 0.903520 0.542999 0.750050 0.668352 0.818031 0.791311 0.853652 0.640463 0.883375 0.525213 0.533129 0.615049 0.668235 0.591167 0.689245 0.932315 0.812984 0.735487 0.977170 0.930137 0.926523 0.835870 0.671848 0.632418 0.836305 0.819036 0.850041
0.442018 0.662099 0.516381 0.472921 0.861768 0.623126 0.294653 0.262616 0.728939 0.701572 0.358108 0.510094 0.359467 0.338072 0.764058 0.631063 0.699327 0.587816 0.000000 0.346114 0.963210 0.855530 0.736955 0.742332 0.979648 0.869603 0.827634 0.981309 0.570757 0.611104 0.570133 0.449485 0.363608 0.330261 0.847776 0.936683 0.878500 0.916554 0.888166 0.992939 0.965949 0.839851 0.464447 0.514898 0.620071 0.676175 0.588441 0.494492 0.845864 0.855429 0.915016 0.983525 0.994375 0.966426 0.943143 0.825309 0.571768 0.850274 0.603100 0.943635 0.420624 0.806040 0.454423 0.806858 0.913868 0.673460 0.358583 0.388031 0.975372 0.950843 0.555325 0.682097 0.875168 0.791342 0.921615 0.762652 0.621089 0.687111 0.882088 0.762466 0.835545 0.701823 0.860120 0.975019 0.803867 0.848533 0.914052 0.879158 0.953402 0.990125 0.482756 0.629327 0.696401 0.779089 0.865268 0.751650 0.867006 0.869613 0.494165 0.441707 0.490977 0.546654 0.672284 0.648032 0.782563 0.877821 0.985234 0.913466 0.926936 0.956840 0.895076 0.738220 0.671287 0.960668 0.982969 0.928744
0.402370 0.627584 0.633779 0.522624 0.825421 0.667116 0.436954 0.356028 0.778180 0.825427 0.456709 0.463627 0.440202 0.319237 0.730885 0.488443 0.715452 0.605950 0.346114 0.000000 0.955242 0.912669 0.739119 0.711866 0.937702 0.830098 0.894978 0.912784 0.605101 0.671806 0.618549 0.463319 0.335438 0.388572 0.789453 0.875015 0.700691 0.899560 0.811041 0.921536 0.932364 0.934316 0.532200 0.593989 0.689414 0.746839 0.557003 0.546598 0.862162 0.798921 0.861268 0.931833 0.901091 0.940079 0.897615 0.817596 0.578970 0.754887 0.544306 0.914846 0.472908 0.733588 0.492347 0.770056 0.863707 0.646171 0.457648 0.459479 0.860929 0.847652 0.624143 0.654927 0.775421 0.717659 0.912916 0.760729 0.655253 0.706092 0.972962 0.763393 0.731778 0.574465 0.692590 0.860871 0.713712 0.749009 0.881635 0.847559 0.937017 0.902247 0.549214 0.786101 0.722946 0.872366 0.843762 0.706803 0.950267 0.840673 0.589871 0.553740 0.603308 0.663637 0.732440 0.688590 0.790004 0.808732 0.910212 0.921481 0.854037 0.974749 0.958983 0.864401 0.765079 0.998362 0.997621 0.965637
0.955604 0.971327 0.961365 0.957717 0.852595 0.998200 0.893028 0.871130 0.712141 0.752930 0.879138 0.950232 0.983667 0.993023 0.882089 0.890744 0.974995 0.979570 0.963210 0.955242 0.000000 0.980495 0.784787 0.774089 0.787275 0.912708 0.974462 0.955164 0.808777 0.996978 0.863705 0.945663 0.882859 0.978264 0.828545 0.726946 0.992991 0.886759 0.945076 0.777368 0.922734 0.960233 0.880386 0.889724 0.840568 0.865183 0.811207 0.909617 0.830523 0.876169 0.916660 0.843558 0.878363 0.902811 0.835576 0.938191 0.932986 0.948502 0.902395 0.994980 0.916323 0.872118 0.975473 0.907310 0.916476 0.919069 0.843689 0.946084 0.935173 0.999903 0.963620 0.965138 0.804722 0.934094 0.887133 0.838666 0.889646 0.982709 0.981004 0.937479 0.759640 0.720803 0.826818 0.866237 0.703419 0.621108 0.973971 0.673633 0.984897 0.993454 0.857883 0.741630 0.965581 0.920331 0.886270 0.980692 0.971540 0.834903 0.838064 0.795204 0.952868 0.868903 0.750064 0.812116 0.976104 0.756362 0.995241 0.741814 0.902457 0.878555 0.839761 0.760379 0.837519 0.864827 0.949456 0.854951
0.860717 0.834648 0.986768 0.986439 0.914194 0.919128 0.853877 0.836562 0.928370 0.911479 0.820211 0.820793 0.957784 0.975582 0.991193 0.880333 0.802875 0.900325 0.855530 0.912669 0.980495 0.000000 0.988973 0.928711 0.887670 0.824635 0.864282 0.875463 0.883422 0.856545 0.963649 0.969160 0.861031 0.932646 0.965604 0.873514 0.867184 0.930381 0.965339 0.807671 0.799672 0.889283 0.874416 0.925273 0.861028 0.885478 0.911327 0.972792 0.817978 0.897082 0.869000 0.977545 0.917510 0.983229 0.937234 0.865658 0.857972 0.859573 0.859008 0.915945 0.847562 0.826528 0.873118 0.859118 0.952287 0.936434 0.909665 0.846463 0.983672 0.955730 0.997893 0.987284 0.850318 0.988830 0.876350 0.998332 0.983092 0.888356 0.976066 0.940729 0.788990 0.907655 0.983619 0.967169 0.979800 0.958913 0.993699 0.987790 0.902412 0.888130 0.984661 0.997522 0.997737 0.945134 0.854615 0.981033 0.994232 0.988890 0.918369 0.961110 0.872229 0.867331 0.884537 0.892850 0.814023 0.969609 0.968134 0.882475 0.966721 0.800845 0.996715 0.925585 0.999363 0.995445 0.890759 0.861862
0.940915 0.848386 0.406933 0.355984 0.999695 0.908890 0.768533 0.801483 0.835894 0.649665 0.957440 0.877886 0.687882 0.650912 0.655385 0.672074 0.703804 0.778085 0.736955 0.739119 0.784787 0.988973 0.000000 0.284909 0.383449 0.480301 0.653221 0.770444 0.851748 0.849182 0.434115 0.530544 0.589489 0.779648 0.530945 0.607346 0.854789 0.949937 0.733518 0.989070 0.979132 0.729372 0.976545 0.869533 0.697445 0.644436 0.821127 0.978850 0.571906 0.668094 0.818090 0.686870 0.713408 0.776771 0.759611 0.973599 0.801682 0.814803 0.926006 0.960271 0.975967 0.906205 0.982278 0.609893 0.410961 0.419293 0.640604 0.648504 0.971830 0.785549 0.756373 0.816919 0.917870 0.995652 0.798453 0.923945 0.951666 0.970361 0.961392 0.855547 0.944502 0.804482 0.648581 0.940112 0.318893 0.329062 0.801642 0.565465 0.784655 0.671808 0.915841 0.798345 0.927913 0.875053 0.951209 0.925063 0.828515 0.912114 0.755444 0.914879 0.891548 0.984033 0.778876 0.815217 0.894394 0.843734 0.790769 0.958132 0.965824 0.968391 0.976685 0.715920 0.750241 0.842300 0.946871 0.748004
0.997211 0.912833 0.503120 0.364024 0.942412 0.960618 0.833871 0.846906 0.831974 0.590068 0.933380 0.903050 0.687305 0.636204 0.642561 0.604753 0.736079 0.850363 0.742332 0.711866 0.774089 0.928711 0.284909 0.000000 0.381738 0.526532 0.632515 0.691048 0.816819 0.862399 0.456856 0.520633 0.624486 0.755758 0.557803 0.720764 0.844916 0.934674 0.676751 0.952849 0.973864 0.791560 0.997812 0.917362 0.681811 0.620599 0.776631 0.982558 0.521651 0.637204 0.751725 0.701521 0.668638 0.738530 0.655892 0.966688 0.884788 0.828045 0.905435 0.946441 0.965471 0.832514 0.998385 0.672929 0.456756 0.485417 0.694097 0.714681 0.891094 0.810137 0.767414 0.843036 0.935980 0.975870 0.810989 0.931689 0.991626 0.962155 0.999560 0.867908 0.984492 0.733073 0.598037 0.965685 0.353170 0.311939 0.842352 0.523771 0.680631 0.636595 0.912718 0.799069 0.949918 0.805492 0.904136 0.882241 0.843123 0.880484 0.797875 0.887293 0.915257 0.978552 0.804570 0.879231 0.806504 0.862745 0.870453 0.949301 0.929849 0.910757 0.907305 0.741100 0.734123 0.835114 0.937231 0.744142
0.873765 0.881559 0.659975 0.548857 0.873180 0.801634 0.840341 0.881638 0.812863 0.407708 0.652330 0.730987 0.998748 0.898111 0.739923 0.748810 0.723592 0.734250 0.979648 0.937702 0.787275 0.887670 0.383449 0.381738 0.000000 0.423696 0.485168 0.708630 0.675032 0.731454 0.570821 0.701155 0.854451 0.931107 0.610186 0.727055 0.819357 0.799058 0.720996 0.871747 0.890331 0.904807 0.846880 0.758035 0.450491 0.459024 0.953759 0.815260 0.433876 0.655638 0.683500 0.689331 0.641277 0.706726 0.784943 0.869348 0.800959 0.904682 0.713582 0.965173 0.750747 0.891686 0.669366 0.605383 0.345066 0.463762 0.983972 0.963493 0.870198 0.868739 0.944326 0.998531 0.989030 0.865683 0.856398 0.988685 0.896694 0.886999 0.987344 0.862829 0.967564 0.864923 0.658548 0.989231 0.438355 0.413520 0.865749 0.724021 0.726141 0.567639 0.682050 0.592735 0.804891 0.701428 0.812118 0.957381 0.774789 0.847497 0.623254 0.686250 0.668550 0.853207 0.691859 0.686065 0.894691 0.852950 0.853653 0.904046 0.955094 0.880831 0.875830 0.683077 0.596448 0.787854 0.958682 0.783624
0.996057 0.945333 0.554577 0.508663 0.787591 0.886002 0.975082 0.917074 0.991287 0.536960 0.864881 0.881232 0.924213 0.827702 0.715261 0.660371 0.795806 0.823916 0.869603 0.830098 0.912708 0.824635 0.480301 0.526532 0.423696 0.000000 0.673494 0.771390 0.886103 0.766171 0.592029 0.735956 0.735137 0.933984 0.711899 0.770259 0.723031 0.728796 0.728805 0.834240 0.958490 0.937089 0.974797 0.870846 0.685354 0.670998 0.853400 0.909221 0.710173 0.831417 0.816427 0.792487 0.788532 0.762222 0.663562 0.927214 0.920623 0.918552 0.923686 0.919373 0.989140 0.938058 0.801963 0.725593 0.369155 0.437198 0.883707 0.849907 0.924268 0.918367 0.994326 0.943528 0.975170 0.918076 0.828353 0.947025 0.910924 0.969167 0.987500 0.909553 0.972720 0.913839 0.737442 0.980040 0.543704 0.560202 0.840492 0.752115 0.823406 0.726633 0.835090 0.679449 0.895500 0.795494 0.847548 0.959509 0.802411 0.887892 0.763729 0.813480 0.882956 0.903949 0.846929 0.737279 0.849013 0.960694 0.920702 0.912356 0.918834 0.895261 0.788758 0.777052 0.764150 0.774919 0.990231 0.792439
0.809307 0.858176 0.887281 0.831147 0.872344 0.762864 0.718607 0.718983 0.882665 0.559877 0.650403 0.665891 0.937767 0.923125 0.793374 0.958543 0.707945 0.691144 0.827634 0.894978 0.974462 0.864282 0.653221 0.632515 0.485168 0.673494 0.000000 0.643051 0.677012 0.665816 0.899654 0.925984 0.847298 0.792233 0.726594 0.963483 0.982680 0.978955 0.837382 0.951189 0.885333 0.993719 0.733178 0.757123 0.524000 0.566620 0.895900 0.842411 0.544364 0.724591 0.777706 0.785565 0.711335 0.823423 0.811783 0.875346 0.794948 0.858308 0.747472 0.994834 0.719164 0.853838 0.672363 0.641492 0.567112 0.719810 0.864609 0.784904 0.879421 0.904345 0.857100 0.815437 0.879969 0.814467 0.920618 0.955721 0.914028 0.957384 0.921098 0.908832 0.931173 0.929153 0.736207 0.771830 0.642604 0.651457 0.854559 0.896773 0.725829 0.710833 0.640812 0.676035 0.692238 0.837914 0.969330 0.888231 0.722657 0.962548 0.657433 0.766455 0.624208 0.780251 0.808252 0.730202 0.945816 0.878410 0.831353 0.949384 0.829082 0.905918 0.918896 0.780330 0.615704 0.894755 0.986838 0.927562
0.982420 0.885907 0.881297 0.730568 0.920587 0.985257 0.895469 0.953007 0.888700 0.754312 0.870990 0.850298 0.948508 0.900380 0.728921 0.845107 0.828375 0.810034 0.981309 0.912784 0.955164 0.875463 0.770444 0.691048 0.708630 0.771390 0.643051 0.000000 0.943040 0.777727 0.722134 0.903388 0.989664 0.939697 0.727556 0.904296 0.922337 0.995148 0.901287 0.979125 0.984137 0.996807 0.979087 0.993981 0.749559 0.765569 0.996368 0.911655 0.721165 0.833792 0.875158 0.839918 0.949291 0.888122 0.852675 0.982456 0.955263 0.851216 0.963724 0.773287 0.794084 0.725889 0.837185 0.712709 0.735721 0.904887 0.974445 0.856775 0.959440 0.971641 0.928789 0.872560 0.841849 0.957070 0.761449 0.975124 0.906297 0.938210 0.965621 0.861631 0.908444 0.964413 0.766262 0.936162 0.762749 0.775379 0.963307 0.809164 0.881693 0.870584 0.968288 0.942906 0.942992 0.907745 0.767182 0.902774 0.887857 0.998443 0.917414 0.920025 0.974800 0.996172 0.934825 0.942484 0.921793 0.961551 0.925309 0.869722 0.972076 0.775731 0.847491 0.779475 0.874807 0.952817 0.917202 0.931865
0.557882 0.583877 0.849708 0.868049 0.962893 0.722864 0.509451 0.445192 0.656440 0.530021 0.486062 0.500158 0.697579 0.593403 0.890273 0.806046 0.498877 0.486254 0.570757 0.605101 0.808777 0.883422 0.851748 0.816819 0.675032 0.886103 0.677012 0.943040 0.000000 0.480589 0.862024 0.793031 0.644546 0.588748 0.907979 0.906045 0.866610 0.982163 0.913135 0.856037 0.953175 0.930872 0.520083 0.508184 0.437885 0.461272 0.736847 0.523531 0.551964 0.555768 0.632563 0.629915 0.683659 0.637046 0.861316 0.770768 0.507769 0.680534 0.556517 0.855039 0.512573 0.607548 0.582119 0.586736 0.820740 0.953118 0.669875 0.671056 0.957267 0.699358 0.814535 0.711491 0.695709 0.689237 0.948717 0.755284 0.603451 0.745305 0.808508 0.788652 0.801265 0.896820 0.979728 0.813311 0.818429 0.794209 0.962383 0.763660 0.775564 0.772117 0.455417 0.659085 0.686487 0.683151 0.756385 0.775725 0.794646 0.852537 0.528817 0.502842 0.574445 0.634239 0.566094 0.717690 0.901505 0.832108 0.802953 0.716382 0.814382 0.982469 0.707487 0.789784 0.619751 0.754934 0.880687 0.972403
0.497574 0.373710 0.903090 0.970995 0.892518 0.667071 0.625667 0.532767 0.792347 0.545460 0.574532 0.419773 0.745910 0.676853 0.942235 0.736644 0.356675 0.326196 0.611104 0.671806 0.996978 0.856545 0.849182 0.862399 0.731454 0.766171 0.665816 0.777727 0.480589 0.000000 0.955580 0.813892 0.655798 0.570187 0.699656 0.869938 0.987072 0.982645 0.958070 0.873610 0.984859 0.967169 0.623608 0.565536 0.494178 0.479469 0.842053 0.613079 0.584579 0.645152 0.630681 0.649553 0.830596 0.689144 0.855009 0.781144 0.377924 0.445816 0.715691 0.795811 0.583419 0.611303 0.519679 0.394112 0.643852 0.999961 0.770544 0.687601 0.775394 0.736571 0.829571 0.838340 0.827247 0.793959 0.948010 0.740034 0.748190 0.842743 0.699557 0.523463 0.490546 0.616794 0.920164 0.674165 0.799200 0.886162 0.866767 0.900126 0.881047 0.921315 0.601247 0.762036 0.740090 0.886696 0.760205 0.874287 0.652015 0.889099 0.550189 0.627819 0.661833 0.660024 0.633581 0.721841 0.985555 0.890366 0.756376 0.975255 0.929562 0.874160 0.735395 0.726984 0.741553 0.779707 0.875972 0.900878
0.837768 0.975350 0.381004 0.348737 0.971599 0.871014 0.593154 0.604256 0.830975 0.878572 0.785570 0.892926 0.626549 0.525131 0.655729 0.598509 0.975744 0.939252 0.570133 0.618549 0.863705 0.963649 0.434115 0.456856 0.570821 0.592029 0.899654 0.722134 0.862024 0.955580 0.000000 0.455760 0.498376 0.612308 0.632544 0.849258 0.771700 0.944325 0.696555 0.942547 0.945148 0.704624 0.754517 0.839469 0.970941 0.918013 0.791130 0.809884 0.794980 0.883159 0.895328 0.846413 0.857448 0.880505 0.857409 0.969217 0.930289 0.950553 0.941204 0.974883 0.802717 0.961251 0.958199 0.791095 0.525473 0.492628 0.610762 0.600140 0.982350 0.997902 0.534168 0.571993 0.791037 0.729371 0.758492 0.738166 0.753352 0.898930 0.932273 0.801244 0.992652 0.841703 0.725567 0.916126 0.542916 0.555054 0.967977 0.750231 0.851095 0.858256 0.800528 0.945839 0.800172 0.944615 0.922835 0.913784 0.973690 0.935830 0.951764 0.834207 0.746528 0.795247 0.997639 0.983368 0.837619 0.978368 0.857675 0.862164 0.927516 0.985863 0.950585 0.879144 0.976567 0.868482 0.988554 0.811603
0.654304 0.742154 0.466918 0.418522 0.851441 0.766166 0.489319 0.472021 0.815974 0.921361 0.676397 0.727452 0.524365 0.462860 0.644268 0.470096 0.863007 0.724141 0.449485 0.463319 0.945663 0.969160 0.530544 0.520633 0.701155 0.735956 0.925984 0.903388 0.793031 0.813892 0.455760 0.000000 0.445349 0.479637 0.744643 0.784651 0.738053 0.939778 0.715904 0.871285 0.988644 0.808711 0.655827 0.721718 0.811990 0.859582 0.617841 0.562748 0.980773 0.852985 0.878131 0.916712 0.991708 0.986515 0.790712 0.943061 0.705240 0.837593 0.712793 0.831794 0.622855 0.819540 0.732424 0.982209 0.693085 0.534086 0.467421 0.494780 0.985018 0.957592 0.637186 0.655297 0.832588 0.759929 0.888941 0.715524 0.655799 0.657401 0.863811 0.686372 0.884961 0.679679 0.630341 0.874759 0.639032 0.610700 0.843373 0.757505 0.963286 0.816809 0.659899 0.838889 0.803980 0.861198 0.820409 0.825683 0.943592 0.887765 0.792561 0.708862 0.805919 0.763464 0.928001 0.822277 0.806344 0.920589 0.991278 0.882040 0.962048 0.986324 0.870038 0.888392 0.895617 0.975447 0.979302 0.874647
0.533884 0.686295 0.509401 0.454972 0.895809 0.756680 0.394215 0.342080 0.763760 0.863096 0.545933 0.558801 0.472542 0.377638 0.764120 0.531144 0.772080 0.652206 0.363608 0.335438 0.882859 0.861031 0.589489 0.624486 0.854451 0.735137 0.847298 0.989664 0.644546 0.655798 0.498376 0.445349 0.000000 0.414041 0.826542 0.803319 0.733464 0.928389 0.751654 0.858550 0.970577 0.795610 0.527432 0.649206 0.690261 0.759528 0.575517 0.601870 0.912499 0.858136 0.842685 0.969018 0.943355 0.947528 0.969317 0.799470 0.681274 0.848162 0.617650 0.841088 0.492622 0.733533 0.565745 0.862453 0.787604 0.534557 0.403274 0.401092 0.935892 0.913212 0.574172 0.609590 0.759120 0.722371 0.858213 0.755431 0.631749 0.787085 0.844091 0.656258 0.765087 0.617583 0.737002 0.918640 0.661067 0.675655 0.932658 0.820898 0.958497 0.954926 0.564202 0.787730 0.718938 0.891494 0.875065 0.759241 0.892817 0.968442 0.665685 0.616919 0.622074 0.607073 0.751503 0.790798 0.798168 0.931464 0.991327 0.965979 0.835846 0.937101 0.940561 0.927243 0.776237 0.942641 0.934132 0.873421
0.480832 0.638812 0.596761 0.580125 0.894868 0.611426 0.327927 0.318570 0.682511 0.647361 0.389317 0.474573 0.393690 0.351446 0.786623 0.571960 0.617213 0.552477 0.330261 0.388572 0.978264 0.932646 0.779648 0.755758 0.931107 0.933984 0.792233 0.939697 0.588748 0.570187 0.612308 0.479637 0.414041 0.000000 0.965005 0.912246 0.805639 0.978449 0.760975 0.980687 0.988247 0.745204 0.533834 0.551413 0.568972 0.648015 0.541553 0.491872 0.753627 0.793877 0.772407 0.861833 0.919258 0.837639 0.981655 0.973089 0.571988 0.814324 0.573467 0.831253 0.378247 0.702846 0.465007 0.720751 0.973998 0.664573 0.439649 0.390872 0.875218 0.917733 0.618873 0.688285 0.849802 0.722733 0.842892 0.619058 0.692598 0.661651 0.933733 0.706060 0.817257 0.653134 0.811595 0.833045 0.816245 0.832014 0.914839 0.843295 0.957912 0.983078 0.531686 0.722620 0.752814 0.821985 0.794372 0.778302 0.852705 0.859780 0.544137 0.515704 0.493395 0.668688 0.758058 0.693626 0.811632 0.899220 0.947968 0.871528 0.857518 0.994954 0.855037 0.739731 0.654659 0.972106 0.947860 0.953214
0.934950 0.819282 0.634856 0.588963 0.965687 0.869714 0.956209 0.934314 0.869934 0.632396 0.983702 0.940171 0.853160 0.797895 0.883952 0.917075 0.736446 0.773349 0.847776 0.789453 0.828545 0.965604 0.530945 0.557803 0.610186 0.711899 0.726594 0.727556 0.907979 0.699656 0.632544 0.744643 0.826542 0.965005 0.000000 0.839973 0.841522 0.989047 0.913798 0.978977 0.910952 0.987677 0.942423 0.907864 0.713337 0.692605 0.932087 0.997011 0.703776 0.737039 0.720790 0.683956 0.781272 0.710138 0.765442 0.928691 0.815538 0.827249 0.961015 0.943873 0.902663 0.786049 0.966193 0.700367 0.631912 0.763644 0.759741 0.831623 0.975768 0.885406 0.827209 0.874849 0.852735 0.894689 0.982799 0.992049 0.957596 0.887336 0.825494 0.952033 0.965970 0.866640 0.781185 0.897086 0.551288 0.631016 0.833088 0.788501 0.812318 0.825040 0.971333 0.892707 0.968795 0.995666 0.883059 0.995997 0.825242 0.961502 0.799896 0.955619 0.887021 0.960956 0.875909 0.938263 0.860077 0.955722 0.738828 0.958652 0.977987 0.978133 0.926463 0.627572 0.757003 0.827993 0.986625 0.860763
0.921861 0.898989 0.750435 0.736222 0.880920 0.909437 0.886007 0.944896 0.715330 0.824165 0.949467 0.974069 0.897484 0.871531 0.889852 0.878046 0.890632 0.861065 0.936683 0.875015 0.726946 0.873514 0.607346 0.720764 0.727055 0.770259 0.963483 0.904296 0.906045 0.869938 0.849258 0.784651 0.803319 0.912246 0.839973 0.000000 0.969830 0.853624 0.981260 0.940316 0.905452 0.867496 0.901472 0.849231 0.913559 0.870932 0.780966 0.971442 0.884612 0.942798 0.995279 0.917371 0.989103 0.907429 0.849945 0.868599 0.801976 0.947597 0.976048 0.895519 0.931020 0.915878 0.923971 0.867828 0.731794 0.669038 0.697497 0.705590 0.978075 0.884291 0.958023 0.922450 0.938984 0.942753 0.856152 0.994766 0.962545 0.988701 0.948384 0.998706 0.986910 0.819338 0.774896 0.954352 0.577889 0.576579 0.903659 0.688171 0.970151 0.857039 0.912788 0.799865 0.962777 0.851001 0.934726 0.892786 0.800196 0.943343 0.792198 0.893015 0.784510 0.985352 0.745552 0.932099 0.909540 0.956148 0.991901 0.819408 0.982495 0.932002 0.989247 0.895280 0.924398 0.867476 0.920444 0.913435
0.861794 0.876366 0.810976 0.752169 0.925101 0.950115 0.913948 0.823447 0.783103 0.882513 0.961404 0.760979 0.993093 0.770658 0.986524 0.683392 0.911994 0.881619 0.878500 0.700691 0.992991 0.867184 0.854789 0.844916 0.819357 0.723031 0.982680 0.922337 0.866610 0.987072 0.771700 0.738053 0.733464 0.805639 0.841522 0.969830 0.000000 0.886345 0.767660 0.720762 0.740635 0.801766 0.952101 0.994368 0.972675 0.943560 0.855616 0.935543 0.957791 0.798362 0.802356 0.799717 0.804226 0.810001 0.867577 0.960399 0.877569 0.819478 0.795228 0.733889 0.861837 0.694978 0.935020 0.953435 0.759382 0.667579 0.909409 0.770267 0.859380 0.808725 0.976717 0.864042 0.766848 0.840297 0.970567 0.842575 0.891614 0.958839 0.910125 0.831665 0.890750 0.875764 0.780151 0.748710 0.880192 0.885777 0.961183 0.923888 0.939376 0.776012 0.948097 0.906363 0.942119 0.984961 0.699737 0.937406 0.978437 0.871313 0.989651 0.941546 0.965818 0.965565 0.992586 0.889019 0.988892 0.881418 0.995273 0.917338 0.809774 0.932754 0.956131 0.912571 0.985708 0.994506 0.998734 0.956611
0.971166 0.916769 0.990793 0.945998 0.864914 0.983301 0.896035 0.970587 0.888556 0.844682 0.839512 0.948564 0.779099 0.895440 0.829590 0.923582 0.874279 0.951942 0.916554 0.899560 0.886759 0.930381 0.949937 0.934674 0.799058 0.728796 0.978955 0.995148 0.982163 0.982645 0.944325 0.939778 0.928389 0.978449 0.989047 0.853624 0.886345 0.000000 0.884042 0.787114 0.922474 0.964657 0.992464 0.883363 0.991009 0.989420 0.976635 0.970853 0.998002 0.936540 0.995118 0.976492 0.979698 0.966452 0.986063 0.874796 0.934565 0.874500 0.941085 0.718127 0.971275 0.748649 0.822514 0.938225 0.893374 0.758224 0.955374 0.948574 0.857541 0.950357 0.838284 0.954569 0.980954 0.965101 0.871245 0.890803 0.861729 0.794280 0.894980 0.898543 0.858566 0.881170 0.907806 0.864517 0.965907 0.946772 0.985616 0.987025 0.875575 0.975199 0.860758 0.744473 0.998210 0.833254 0.922245 0.974140 0.879923 0.951581 0.872895 0.852044 0.952244 0.944252 0.958432 0.853315 0.783849 0.933811 0.924157 0.809187 0.972439 0.999957 0.916572 0.963106 0.990456 0.970596 0.812630 0.925434
