0.000000 0.570611 0.711805 0.700528 0.895629 0.880324 0.567137 0.504621 0.874646 0.546282 0.540603 0.544728 0.658726 0.817770 0.912183 0.925165 0.502904 0.484223 0.541325 0.642023 0.896421 0.953810 0.847262 0.625008 0.865298 0.949279 0.843919 0.989044 0.736271 0.669639 0.989234 0.832755 0.584472 0.514717 0.723584 0.926537 0.979418 0.820801 0.894892 0.899272 0.757243 0.950670 0.781050 0.762347 0.790712 0.660557 0.634233 0.707146 0.809141 0.963844 0.935661 0.753915 0.840654 0.788988 0.767443 0.713187 0.539892 0.656547 0.588136 0.797385 0.446444 0.509529 0.429686 0.396811 0.957490 0.794403 0.749441 0.818080 0.754997 0.729735 0.948013 0.930827 0.941797 0.903028 0.993307 0.917175 0.824197 0.766100 0.708787 0.879918 0.494690 0.538570 0.937806 0.737390 0.849703 0.922514 0.802389 0.832912 0.834924 0.692758 0.803425 0.945561 0.842239 0.929423 0.754162 0.788176 0.792411 0.891599 0.591219 0.692996 0.840643 0.952274 0.695320 0.665689 0.938057 0.804497 0.886587 0.916120 0.876082 0.975435 0.898482 0.752922 0.903505 0.861659 0.889724 0.966270
0.570611 0.000000 0.904261 0.786545 0.912736 0.848469 0.851480 0.648700 0.972708 0.786541 0.776410 0.586638 0.679034 0.632456 0.853422 0.759153 0.577785 0.571334 0.635361 0.745577 0.968989 0.980473 0.982255 0.915021 0.950228 0.969470 0.989828 0.928804 0.779980 0.606929 0.927104 0.990255 0.608941 0.674929 0.858819 0.946211 0.950159 0.861458 0.937376 0.942893 0.880296 0.989635 0.748032 0.669054 0.752944 0.670905 0.722826 0.688005 0.746985 0.903604 0.996973 0.906819 0.979892 0.976960 0.813760 0.924625 0.604879 0.582621 0.740305 0.837985 0.669626 0.605383 0.670610 0.599111 0.943677 0.782556 0.921520 0.858072 0.812958 0.664888 0.890753 0.917436 0.865048 0.972634 0.999529 0.944348 0.847628 0.759808 0.765550 0.980864 0.638879 0.686329 0.989433 0.790467 0.955380 0.880940 0.987135 0.928535 0.919281 0.839111 0.974668 0.863833 0.976189 0.835349 0.814519 0.838526 0.833498 0.920029 0.756372 0.834540 0.882531 0.919280 0.789514 0.719031 0.995494 0.843309 0.989986 0.915564 0.989763 0.914502 0.996951 0.790924 0.814204 0.873026 0.891313 0.991021
0.711805 0.904261 0.000000 0.436487 0.879192 0.988758 0.350962 0.498579 0.696194 0.557570 0.709785 0.899637 0.889261 0.830131 0.713017 0.649418 0.867793 0.753722 0.716572 0.742248 0.873189 0.934009 0.895461 0.929398 0.943392 0.987583 0.920796 0.896375 0.964145 0.962616 0.950366 0.956401 0.571147 0.600247 0.698126 0.854418 0.984809 0.853014 0.872015 0.795584 0.906019 0.858387 0.721845 0.752093 0.761537 0.766608 0.774786 0.824637 0.977363 0.956178 0.962284 0.927380 0.845857 0.823076 0.817766 0.756002 0.832638 0.964268 0.653088 0.709737 0.515541 0.687542 0.758541 0.780428 0.564555 0.643045 0.495419 0.545899 0.982030 0.867476 0.898677 0.952526 0.955858 0.953666 0.920039 0.961528 0.659249 0.902759 0.938060 0.942059 0.726963 0.674225 0.894131 0.877997 0.690378 0.785695 0.806780 0.859800 0.809130 0.674030 0.582552 0.679308 0.484090 0.690951 0.788610 0.738909 0.632793 0.821651 0.572023 0.591256 0.739361 0.878231 0.725951 0.731377 0.764964 0.589859 0.900086 0.811232 0.843223 0.900495 0.681170 0.741354 0.855072 0.858669 0.987623 0.999272
0.700528 0.786545 0.436487 0.000000 0.970941 0.846078 0.475290 0.390596 0.850029 0.656246 0.688252 0.729886 0.870196 0.979401 0.665904 0.811642 0.941958 0.750836 0.781444 0.764576 0.885958 0.903035 0.968996 0.966434 0.915111 0.926228 0.996614 0.924356 0.915924 0.987586 0.902901 0.920566 0.634536 0.536059 0.651736 0.830825 0.993433 0.967405 0.746045 0.683851 0.824221 0.901188 0.646942 0.649630 0.748506 0.700219 0.684052 0.667993 0.982351 0.903959 0.947604 0.891963 0.778596 0.811154 0.882146 0.712520 0.963883 0.995747 0.709701 0.665932 0.549076 0.552502 0.819044 0.777339 0.569306 0.440327 0.424870 0.418852 0.807618 0.798604 0.728396 0.767445 0.926134 0.899395 0.970717 0.958390 0.653092 0.870795 0.829028 0.995192 0.739575 0.708811 0.825380 0.931953 0.848435 0.754745 0.800169 0.691308 0.950399 0.680824 0.636116 0.776701 0.530684 0.732799 0.742512 0.726227 0.645178 0.797029 0.510669 0.706439 0.746985 0.893875 0.687405 0.689546 0.752479 0.646994 0.869426 0.829455 0.799698 0.926822 0.683081 0.740230 0.941972 0.790085 0.971532 0.943220
0.895629 0.912736 0.879192 0.970941 0.000000 0.984544 0.897581 0.950276 0.693794 0.970110 0.818356 0.858491 0.907880 0.957374 0.706209 0.896895 0.939719 0.989493 0.887136 0.866895 0.969806 0.993651 0.572527 0.654934 0.930989 0.939540 0.932946 0.813297 0.907157 0.890693 0.820295 0.808796 0.965750 0.942914 0.885522 0.943690 0.982408 0.854565 0.963500 0.934868 0.931659 0.916409 0.782078 0.779357 0.958797 0.877185 0.854518 0.823295 0.924862 0.981731 0.899957 0.770268 0.775463 0.739871 0.935611 0.979286 0.963451 0.822335 0.815396 0.962991 0.907730 0.999899 0.996198 0.919483 0.668633 0.878820 0.900340 0.899537 0.890076 0.954291 0.942739 0.898205 0.709912 0.775413 0.972703 0.987257 0.979892 0.844894 0.903288 0.917580 0.975361 0.902535 0.801192 0.868662 0.663243 0.642267 0.808080 0.754458 0.821819 0.815944 0.903288 0.877713 0.922299 0.901558 0.951098 0.968503 0.876743 0.855415 0.948986 0.941885 0.957410 0.932063 0.787645 0.900580 0.863609 0.954597 0.912261 0.998675 0.843583 0.986789 0.934416 0.974616 0.954167 0.998026 0.901940 0.898345
0.880324 0.848469 0.988758 0.846078 0.984544 0.000000 0.971508 0.792549 0.939218 0.907708 0.862193 0.737865 0.785912 0.891511 0.976834 0.789288 0.973484 0.994332 0.948044 0.918079 0.990120 0.820376 0.875595 0.898253 0.913715 0.985378 0.834690 0.833404 0.946987 0.996559 0.926733 0.826991 0.965653 0.982187 0.870942 0.954015 0.987166 0.830243 0.936120 0.902123 0.822839 0.970270 0.906865 0.888093 0.861846 0.863118 0.982740 0.925184 0.854298 0.814755 0.879869 0.773081 0.971688 0.993125 0.905130 0.934830 0.936956 0.959023 0.994608 0.972422 0.851194 0.767792 0.951074 0.974057 0.930816 0.804327 0.981877 0.955981 0.917607 0.848394 0.741768 0.756324 0.980385 0.957121 0.980256 0.940172 0.869779 0.863625 0.949842 0.973175 0.984392 0.915030 0.711347 0.808741 0.796209 0.985557 0.856886 0.708050 0.928319 0.996366 0.862717 0.931637 0.783226 0.917988 0.884629 0.854314 0.934540 0.984156 0.850716 0.988806 0.949367 0.836993 0.938561 0.913658 0.872331 0.879039 0.856856 0.933930 0.934643 0.992547 0.876397 0.979402 0.956851 0.897268 0.820510 0.826049
0.567137 0.851480 0.350962 0.475290 0.897581 0.971508 0.000000 0.465426 0.615718 0.461214 0.653797 0.806616 0.744932 0.873096 0.754623 0.672105 0.755071 0.650632 0.597410 0.650874 0.954212 0.982105 0.918148 0.834402 0.922781 0.926192 0.844087 0.807609 0.938836 0.926491 0.957050 0.860505 0.505506 0.537464 0.664760 0.892937 0.983406 0.804350 0.889525 0.889259 0.812606 0.904788 0.783206 0.802492 0.797445 0.722900 0.828693 0.829223 0.987000 0.986716 0.978943 0.918535 0.806921 0.789865 0.810156 0.742096 0.755672 0.841106 0.609542 0.663977 0.373657 0.585775 0.575966 0.618193 0.648872 0.661152 0.545889 0.634812 0.903807 0.876499 0.940434 0.934186 0.975954 0.955892 0.955587 0.947805 0.729054 0.907695 0.868818 0.878884 0.614922 0.583861 0.909419 0.824043 0.654052 0.838115 0.795419 0.849363 0.788110 0.693737 0.529874 0.661898 0.501628 0.748027 0.734408 0.759044 0.590861 0.816833 0.496144 0.556727 0.820223 0.844822 0.706395 0.650430 0.779241 0.664088 0.874800 0.807965 0.788528 0.873590 0.669132 0.721874 0.889720 0.843476 0.944817 0.978547
0.504621 0.648700 0.498579 0.390596 0.950276 0.792549 0.465426 0.000000 0.844412 0.468144 0.491959 0.483708 0.673247 0.887544 0.674706 0.859009 0.756073 0.653651 0.642298 0.617129 0.916381 0.974702 0.855414 0.745685 0.813276 0.888809 0.871065 0.863113 0.934575 0.851680 0.963357 0.805037 0.617774 0.424513 0.710980 0.914321 0.998504 0.831549 0.740701 0.686589 0.851322 0.930565 0.696943 0.713832 0.868896 0.751443 0.682317 0.699458 0.934135 0.799222 0.880104 0.730698 0.621740 0.598086 0.750819 0.712597 0.854805 0.819813 0.525736 0.521405 0.409839 0.351202 0.671736 0.562277 0.794361 0.453064 0.525044 0.484489 0.974898 0.697768 0.813293 0.856655 0.990065 0.935774 0.988388 0.982977 0.593856 0.763795 0.826735 0.927888 0.690835 0.712428 0.696188 0.951599 0.995049 0.941173 0.692117 0.568924 0.890915 0.680548 0.721421 0.950601 0.629609 0.954578 0.769275 0.751853 0.570926 0.765635 0.459316 0.695706 0.674457 0.956356 0.599491 0.665577 0.773775 0.636055 0.905797 0.836256 0.795106 0.892872 0.692927 0.783408 0.914700 0.764641 0.990558 0.965524
0.874646 0.972708 0.696194 0.850029 0.693794 0.939218 0.615718 0.844412 0.000000 0.688999 0.923102 0.979121 0.698483 0.910770 0.840738 0.973237 0.897068 0.895972 0.835293 0.882830 0.970327 0.985728 0.669463 0.916819 0.898406 0.934128 0.922884 0.881543 0.890253 0.965401 0.936218 0.981181 0.823873 0.919231 0.912441 0.884525 0.941264 0.761942 0.941934 0.817712 0.935134 0.898088 0.917921 0.873588 0.986883 0.975250 0.922860 0.846715 0.953251 0.998145 0.996691 0.935771 0.881760 0.907135 0.988551 0.961103 0.842474 0.832361 0.968434 0.920654 0.639831 0.840787 0.771618 0.832025 0.638008 0.884288 0.964014 0.898575 0.826450 0.913179 0.946623 0.846214 0.870279 0.977889 0.868194 0.898147 0.869070 0.996440 0.830163 0.973421 0.826834 0.798430 0.811458 0.853276 0.622120 0.730246 0.865403 0.852029 0.849108 0.759981 0.781489 0.755780 0.777141 0.820788 0.937625 0.934727 0.795275 0.991253 0.901794 0.691067 0.959583 0.886087 0.976126 0.854507 0.789582 0.925569 0.968538 0.971950 0.845990 0.919059 0.794371 0.987606 0.927609 0.810205 0.990502 0.852041
0.546282 0.786541 0.557570 0.656246 0.970110 0.907708 0.461214 0.468144 0.688999 0.000000 0.560662 0.664583 0.694738 0.962220 0.815672 0.804721 0.728189 0.648130 0.561462 0.577127 0.891401 0.983544 0.980836 0.740578 0.673932 0.705765 0.795873 0.761224 0.871911 0.898896 0.997560 0.851729 0.654276 0.565641 0.784429 0.878891 0.948117 0.781404 0.996372 0.913567 0.941286 0.959285 0.948894 0.936514 0.968071 0.871973 0.746426 0.938039 0.922763 0.928963 0.884699 0.901031 0.687571 0.630450 0.756208 0.802311 0.803914 0.737446 0.510021 0.523073 0.431737 0.518669 0.551260 0.476532 0.930203 0.717973 0.643069 0.709249 0.746746 0.755850 0.950491 0.930623 0.961631 0.960748 0.887113 0.924497 0.787692 0.975197 0.865688 0.845919 0.631069 0.657959 0.810623 0.878137 0.821709 0.969893 0.735750 0.792117 0.818756 0.674295 0.700796 0.898301 0.685561 0.992518 0.813494 0.687564 0.538071 0.855981 0.532353 0.616236 0.733083 0.999425 0.603829 0.690824 0.669529 0.643037 0.957452 0.839295 0.783777 0.860101 0.784298 0.860451 0.953877 0.855661 0.932640 0.893998
0.540603 0.776410 0.709785 0.688252 0.818356 0.862193 0.653797 0.491959 0.923102 0.560662 0.000000 0.468999 0.624639 0.907040 0.670469 0.863803 0.701195 0.731424 0.764730 0.694728 0.847973 0.944819 0.617941 0.561801 0.795785 0.870188 0.778702 0.958821 0.898458 0.945843 0.735936 0.713607 0.808090 0.502246 0.779324 0.977914 0.953969 0.846873 0.849150 0.810329 0.800462 0.910277 0.790944 0.794212 0.973011 0.800829 0.719040 0.849477 0.943693 0.779459 0.699188 0.558646 0.589742 0.528655 0.780236 0.699954 0.895946 0.890058 0.649850 0.697476 0.563979 0.492812 0.677982 0.574117 0.905236 0.759590 0.725653 0.759499 0.758989 0.681720 0.896258 0.969511 0.794749 0.897681 0.991048 0.993529 0.715335 0.806175 0.814749 0.949481 0.741415 0.800289 0.730232 0.975783 0.847353 0.831541 0.704900 0.606266 0.873751 0.806446 0.805613 0.906613 0.779104 0.968136 0.823654 0.738748 0.720726 0.714240 0.647634 0.820883 0.722200 0.973547 0.622866 0.724880 0.953163 0.797535 0.953650 0.949358 0.850262 0.924683 0.876270 0.821053 0.929111 0.858803 0.954690 0.857606
0.544728 0.586638 0.899637 0.729886 0.858491 0.737865 0.806616 0.483708 0.979121 0.664583 0.468999 0.000000 0.517114 0.607373 0.868401 0.842101 0.680186 0.672687 0.653193 0.672067 0.962817 0.900804 0.685070 0.714860 0.733916 0.804632 0.941432 0.948445 0.904359 0.773819 0.779349 0.785160 0.843059 0.583973 0.853587 0.993871 0.989724 0.766052 0.817300 0.799569 0.893207 0.957510 0.797173 0.764610 0.994408 0.842008 0.756231 0.791465 0.944563 0.756125 0.777804 0.645876 0.683837 0.656267 0.724430 0.789991 0.822846 0.736696 0.674066 0.707686 0.561744 0.427089 0.679456 0.575147 0.907194 0.651331 0.861921 0.826215 0.800858 0.610300 0.980087 0.930953 0.965611 0.967397 0.923393 0.922484 0.676816 0.688130 0.801105 0.925684 0.737777 0.838026 0.733519 0.972188 0.787510 0.912980 0.778757 0.617791 0.919204 0.869875 0.973084 0.798836 0.938689 0.798727 0.854188 0.947426 0.763765 0.788498 0.709091 0.931797 0.750142 0.945576 0.670986 0.811289 0.947134 0.872278 0.961313 0.930248 0.874444 0.977361 0.897054 0.870828 0.927822 0.816780 0.978393 0.909007
0.658726 0.679034 0.889261 0.870196 0.907880 0.785912 0.744932 0.673247 0.698483 0.694738 0.624639 0.517114 0.000000 0.627265 0.869096 0.739353 0.730036 0.768616 0.609466 0.691852 0.901614 0.998542 0.965931 0.907231 0.689327 0.720222 0.885447 0.876997 0.804541 0.788790 0.854537 0.855520 0.840714 0.728614 0.959678 0.889002 0.837184 0.654983 0.957814 0.961573 0.875741 0.846669 0.959588 0.944900 0.935841 0.878201 0.887778 0.988383 0.911320 0.909663 0.845189 0.825699 0.883440 0.855426 0.842926 0.820999 0.774427 0.695136 0.842476 0.758195 0.525720 0.505906 0.739654 0.690043 0.971556 0.738353 0.924509 0.956257 0.755693 0.787045 0.960923 0.910182 0.833245 0.993171 0.990298 0.807759 0.764331 0.781231 0.923563 0.939993 0.833779 0.867870 0.860559 0.995076 0.989115 0.974549 0.948840 0.878248 0.822613 0.984095 0.895235 0.955417 0.901278 0.858050 0.991114 0.994169 0.767348 0.893271 0.813509 0.890918 0.961159 0.979323 0.824253 0.903054 0.885835 0.990782 0.867401 0.994466 0.897575 0.918263 0.881569 0.942808 0.866196 0.768895 0.948848 0.986030
0.817770 0.632456 0.830131 0.979401 0.957374 0.891511 0.873096 0.887544 0.910770 0.962220 0.907040 0.607373 0.627265 0.000000 0.703171 0.520120 0.772851 0.783552 0.748723 0.757005 0.853960 0.998445 0.995030 0.882762 0.938321 0.997506 0.819428 0.966215 0.840510 0.684358 0.916546 0.854983 0.986029 0.889998 0.924012 0.978261 0.925162 0.917885 0.853155 0.916583 0.993728 0.817147 0.899782 0.824853 0.981848 0.855312 0.764822 0.816270 0.954953 0.943594 0.973450 0.936702 0.955588 0.937412 0.898381 0.787594 0.851208 0.765950 0.930323 0.954172 0.868195 0.720390 0.869144 0.833033 0.941918 0.777902 0.895269 0.966986 0.998130 0.727717 0.855662 0.821875 0.802328 0.900363 0.895905 0.851240 0.855676 0.743636 0.824920 0.902120 0.879336 0.856044 0.894972 0.855979 0.930844 0.847110 0.964424 0.981753 0.982086 0.996665 0.854469 0.789433 0.821057 0.760469 0.911371 0.937177 0.972630 0.920107 0.952116 0.897925 0.941576 0.901889 0.957940 0.980899 0.924398 0.872906 0.889694 0.928444 0.896965 0.996923 0.924978 0.973185 0.973120 0.986915 0.930193 0.938725
0.912183 0.853422 0.713017 0.665904 0.706209 0.976834 0.754623 0.674706 0.840738 0.815672 0.670469 0.868401 0.869096 0.703171 0.000000 0.568995 0.843276 0.868642 0.934755 0.993527 0.849620 0.962572 0.566420 0.656993 0.963702 0.985900 0.806627 0.973662 0.728156 0.706517 0.740065 0.659891 0.988796 0.761367 0.901660 0.952415 0.991933 0.894469 0.833641 0.821802 0.908457 0.793989 0.731963 0.829921 0.959902 0.941366 0.924450 0.906875 0.857636 0.782060 0.925153 0.733518 0.580733 0.589684 0.931499 0.904962 0.757327 0.697581 0.737520 0.787757 0.889145 0.836713 0.925878 0.983574 0.918724 0.851384 0.587884 0.645029 0.963349 0.918632 0.955577 0.925574 0.756001 0.914913 0.941121 0.880082 0.844766 0.950593 0.854040 0.991151 0.895079 0.857119 0.589831 0.706984 0.722888 0.732964 0.670234 0.539594 0.969237 0.958625 0.767630 0.855328 0.656091 0.758695 0.893316 0.878416 0.799365 0.798903 0.717234 0.859073 0.725078 0.901107 0.724266 0.803845 0.915939 0.750650 0.821279 0.810629 0.967200 0.962834 0.762434 0.962899 0.998058 0.887512 0.924322 0.854509
0.925165 0.759153 0.649418 0.811642 0.896895 0.789288 0.672105 0.859009 0.973237 0.804721 0.863803 0.842101 0.739353 0.520120 0.568995 0.000000 0.951679 0.997921 0.955544 0.994766 0.890716 0.972458 0.843754 0.705215 0.998215 0.986321 0.776573 0.872272 0.928432 0.789210 0.881170 0.737454 0.940516 0.882109 0.806697 0.990545 0.962593 0.984654 0.973919 0.935140 0.993982 0.752638 0.885239 0.936969 0.887554 0.932454 0.984749 0.988761 0.970824 0.986767 0.940023 0.936054 0.735221 0.734474 0.986904 0.889193 0.941120 0.805606 0.748807 0.918152 0.903635 0.959239 0.890680 0.888943 0.972007 0.880433 0.724149 0.831724 0.923303 0.967792 0.819193 0.870020 0.703329 0.866935 0.978209 0.819127 0.975145 0.837019 0.893679 0.868345 0.894259 0.897389 0.873277 0.989994 0.944696 0.911502 0.837003 0.827183 0.863679 0.861617 0.796408 0.827727 0.724824 0.819761 0.866934 0.805319 0.830507 0.823346 0.810190 0.790627 0.908042 0.906654 0.844583 0.842096 0.988183 0.826550 0.862998 0.849886 0.923063 0.981832 0.773702 0.821437 0.843506 0.942616 0.862796 0.969593
0.502904 0.577785 0.867793 0.941958 0.939719 0.973484 0.755071 0.756073 0.897068 0.728189 0.701195 0.680186 0.730036 0.772851 0.843276 0.951679 0.000000 0.506911 0.621793 0.629380 0.908348 0.944728 0.986490 0.842238 0.882362 0.902423 0.987469 0.958831 0.664750 0.615062 0.989837 0.972701 0.688335 0.714525 0.712685 0.943669 0.834815 0.799176 0.923715 0.851619 0.925299 0.970646 0.950666 0.856075 0.825164 0.746018 0.811027 0.760348 0.819283 0.921283 0.974591 0.901682 0.993221 0.976218 0.756867 0.780317 0.576414 0.602148 0.759501 0.955142 0.613661 0.668842 0.485627 0.483802 0.951794 0.918261 0.968466 0.990323 0.690854 0.696278 0.984162 0.902150 0.973326 0.972994 0.981615 0.989438 0.912361 0.950790 0.715166 0.981558 0.485142 0.518211 0.861583 0.620868 0.746920 0.843552 0.884225 0.924452 0.854917 0.755883 0.901275 0.881008 0.986570 0.834360 0.820728 0.753030 0.851664 0.987649 0.803842 0.806379 0.977306 0.854022 0.802710 0.799921 0.918476 0.936254 0.927342 0.978440 0.986020 0.952203 0.968543 0.793512 0.865485 0.998539 0.995336 0.934822
0.484223 0.571334 0.753722 0.750836 0.989493 0.994332 0.650632 0.653651 0.895972 0.648130 0.731424 0.672687 0.768616 0.783552 0.868642 0.997921 0.506911 0.000000 0.594570 0.640925 0.945044 0.896422 0.932004 0.838475 0.999959 0.967317 0.947752 0.984785 0.650082 0.526018 0.870046 0.963232 0.588056 0.596559 0.742771 0.816723 0.876545 0.827389 0.928125 0.887194 0.805772 0.953226 0.821230 0.740401 0.757886 0.686028 0.613340 0.660741 0.751417 0.912653 0.991774 0.936665 0.985395 0.938609 0.643894 0.697062 0.492652 0.629317 0.692014 0.848294 0.552090 0.631616 0.406340 0.438911 0.849498 0.822829 0.807422 0.840795 0.852103 0.700520 0.936542 0.931683 0.950983 0.927641 0.987101 0.922598 0.949329 0.918336 0.699322 0.988271 0.374878 0.406588 0.834564 0.545004 0.684071 0.741062 0.982338 0.971830 0.815995 0.601097 0.904862 0.872961 0.985966 0.844396 0.751124 0.736424 0.888827 0.932507 0.744553 0.746596 0.957125 0.865409 0.841492 0.791800 0.901205 0.784036 0.903857 0.911228 0.857734 0.897363 0.963634 0.791003 0.918965 0.957500 0.986131 0.921161
0.541325 0.635361 0.716572 0.781444 0.887136 0.948044 0.597410 0.642298 0.835293 0.561462 0.764730 0.653193 0.609466 0.748723 0.934755 0.955544 0.621793 0.594570 0.000000 0.592510 0.949872 0.943585 0.878069 0.975738 0.803922 0.892640 0.967420 0.889230 0.715819 0.694301 0.908275 0.964844 0.642926 0.650224 0.772242 0.945675 0.962395 0.698988 0.985854 0.977444 0.919491 0.958778 0.948451 0.884035 0.967434 0.792798 0.792113 0.833285 0.983431 0.977053 0.941087 0.992587 0.879681 0.923617 0.713526 0.758351 0.687019 0.677315 0.767088 0.772560 0.503641 0.592038 0.518038 0.551767 0.900773 0.764016 0.854897 0.870701 0.761113 0.794735 0.884053 0.911527 0.807900 0.903383 0.986314 0.993902 0.862974 0.801547 0.786783 0.963050 0.579214 0.598103 0.970400 0.758992 0.725027 0.850112 0.831173 0.993625 0.787030 0.805857 0.783634 0.951101 0.861730 0.905838 0.863471 0.866311 0.741262 0.924602 0.669337 0.704670 0.903741 0.859348 0.734226 0.897773 0.889924 0.782688 0.907547 0.868155 0.999849 0.893700 0.879742 0.821190 0.857808 0.877515 0.940257 0.808600
0.642023 0.745577 0.742248 0.764576 0.866895 0.918079 0.650874 0.617129 0.882830 0.577127 0.694728 0.672067 0.691852 0.757005 0.993527 0.994766 0.629380 0.640925 0.592510 0.000000 0.928230 0.886952 0.963631 0.846034 0.784249 0.761229 0.871278 0.652823 0.829057 0.770782 0.935965 0.917892 0.719657 0.637745 0.781008 0.954492 0.970347 0.799811 0.916630 0.884945 0.947323 0.921322 0.876766 0.841457 0.979460 0.828157 0.817020 0.694001 0.992141 0.941604 0.976083 0.950615 0.784253 0.742785 0.895966 0.793994 0.754263 0.609449 0.578987 0.536436 0.593287 0.595995 0.670066 0.610782 0.990428 0.750621 0.807447 0.782578 0.821673 0.703365 0.979120 0.970404 0.849806 0.863587 0.866276 0.996460 0.797623 0.969393 0.819888 0.994141 0.711798 0.698651 0.955111 0.827236 0.876428 0.964123 0.849855 0.898262 0.795936 0.772497 0.864128 0.989158 0.924244 0.891440 0.930022 0.792869 0.731998 0.917458 0.690556 0.797562 0.740687 0.895063 0.722376 0.835546 0.915581 0.876487 0.982585 0.933220 0.869815 0.950011 0.739091 0.866852 0.941938 0.988708 0.979564 0.976251
0.896421 0.968989 0.873189 0.885958 0.969806 0.990120 0.954212 0.916381 0.970327 0.891401 0.847973 0.962817 0.901614 0.853960 0.849620 0.890716 0.908348 0.945044 0.949872 0.928230 0.000000 0.978916 0.928008 0.892986 0.887969 0.974688 0.878902 0.906340 0.946256 0.860978 0.952594 0.953423 0.905191 0.902606 0.917746 0.984082 0.904522 0.971988 0.962985 0.953169 0.969921 0.964952 0.806568 0.805451 0.862822 0.926493 0.829465 0.949530 0.893001 0.975526 0.979250 0.917052 0.886257 0.920637 0.933728 0.884595 0.905382 0.950502 0.857615 0.930692 0.990832 0.986445 0.990760 0.956737 0.974486 0.995242 0.841424 0.893721 0.936357 0.850193 0.945968 0.978155 0.898716 0.883954 0.921162 0.968406 0.945461 0.977125 0.947032 0.993904 0.972786 0.961617 0.878417 0.915737 0.969472 0.927297 0.957908 0.958899 0.950415 0.907711 0.927197 0.993845 0.909690 0.937613 0.966433 0.824140 0.868824 0.960931 0.957173 0.948959 0.892656 0.930368 0.841301 0.927151 0.978643 0.992107 0.990440 0.974948 0.866308 0.971895 0.932341 0.865418 0.901378 0.937693 0.929263 0.922737
0.953810 0.980473 0.934009 0.903035 0.993651 0.820376 0.982105 0.974702 0.985728 0.983544 0.944819 0.900804 0.998542 0.998445 0.962572 0.972458 0.944728 0.896422 0.943585 0.886952 0.978916 0.000000 0.978454 0.985197 0.936894 0.976936 0.913390 0.847365 0.908048 0.958132 0.988081 0.901058 0.978763 0.986449 0.934135 0.955819 0.966414 0.998661 0.984655 0.884183 0.978209 0.782193 0.978740 0.920199 0.962782 0.901904 0.948566 0.918220 0.981970 0.950782 0.905475 0.925233 0.957408 0.989162 0.917931 0.944186 0.805898 0.896442 0.974649 0.870259 0.971647 0.976058 0.882677 0.902369 0.898908 0.883755 0.909665 0.895540 0.959501 0.936788 0.927478 0.862499 0.966234 0.910141 0.888833 0.974550 0.994093 0.999939 0.909593 0.956786 0.944457 0.961894 0.874586 0.880985 0.980483 0.946590 0.796394 0.932015 0.990502 0.974606 0.901286 0.969588 0.860324 0.877716 0.999227 0.908095 0.969032 0.800588 0.892314 0.944848 0.908041 0.758928 0.983484 0.964041 0.900047 0.859781 0.948205 0.920327 0.950394 0.892470 0.951732 0.873921 0.965930 0.953131 0.980302 0.942947
0.847262 0.982255 0.895461 0.968996 0.572527 0.875595 0.918148 0.855414 0.669463 0.980836 0.617941 0.685070 0.965931 0.995030 0.566420 0.843754 0.986490 0.932004 0.878069 0.963631 0.928008 0.978454 0.000000 0.450739 0.792641 0.933884 0.865255 0.917799 0.927357 0.851083 0.540913 0.563737 0.833987 0.892019 0.866284 0.916967 0.984339 0.964980 0.818295 0.879533 0.847522 0.893100 0.845994 0.838880 0.940727 0.989899 0.981858 0.922536 0.973361 0.763726 0.719971 0.530657 0.659152 0.602500 0.970119 0.980714 0.873252 0.877441 0.816872 0.942704 0.984809 0.865065 0.974321 0.921541 0.552452 0.882853 0.974722 0.995712 0.848827 0.878486 0.859380 0.934686 0.612550 0.754666 0.846717 0.997539 0.904424 0.855048 0.838981 0.941477 0.879640 0.775172 0.613715 0.725512 0.429157 0.553360 0.741368 0.521749 0.923263 0.815082 0.948867 0.803381 0.969858 0.924892 0.993783 0.905556 0.909051 0.851545 0.953314 0.865406 0.828569 0.931579 0.775496 0.848909 0.801067 0.946539 0.935499 0.932267 0.917885 0.984677 0.954331 0.969377 0.989753 0.984491 0.899834 0.792384
0.625008 0.915021 0.929398 0.966434 0.654934 0.898253 0.834402 0.745685 0.916819 0.740578 0.561801 0.714860 0.907231 0.882762 0.656993 0.705215 0.842238 0.838475 0.975738 0.846034 0.892986 0.985197 0.450739 0.000000 0.766249 0.867477 0.716350 0.966553 0.957503 0.969245 0.647721 0.529421 0.984117 0.779444 0.963927 0.925347 0.904211 0.870842 0.895152 0.924558 0.798182 0.932230 0.879135 0.876820 0.982943 0.922362 0.881353 0.937141 0.885777 0.907915 0.778275 0.654677 0.721718 0.573677 0.942880 0.916204 0.857182 0.875406 0.584968 0.807669 0.795123 0.801860 0.782768 0.671763 0.661842 0.853631 0.919980 0.991326 0.720126 0.837807 0.855937 0.888246 0.597018 0.729107 0.987374 0.895482 0.907957 0.877080 0.912478 0.818084 0.858168 0.970367 0.746494 0.986989 0.697671 0.607391 0.759920 0.607959 0.887702 0.907630 0.918312 0.902023 0.925119 0.909729 0.920429 0.935215 0.934668 0.852396 0.783480 0.869668 0.812171 0.889293 0.667566 0.749526 0.928492 0.953402 0.884218 0.977197 0.921625 0.930290 0.931896 0.868707 0.989390 0.952945 0.895123 0.920517
0.865298 0.950228 0.943392 0.915111 0.930989 0.913715 0.922781 0.813276 0.898406 0.673932 0.795785 0.733916 0.689327 0.938321 0.963702 0.998215 0.882362 0.999959 0.803922 0.784249 0.887969 0.936894 0.792641 0.766249 0.000000 0.515188 0.854899 0.752950 0.891059 0.971781 0.692335 0.688375 0.895488 0.921414 0.905445 0.669445 0.896649 0.729062 0.907380 0.954214 0.944731 0.817661 0.696255 0.733396 0.656055 0.758010 0.881775 0.850361 0.746467 0.796021 0.776589 0.878426 0.748667 0.693837 0.909784 0.949508 0.893648 0.835328 0.727215 0.628183 0.767634 0.708372 0.871761 0.723317 0.703922 0.972896 0.923429 0.897496 0.711826 0.981138 0.862323 0.814283 0.933764 0.999264 0.913640 0.987372 0.957538 0.967092 0.900954 0.788665 0.973798 0.927130 0.686740 0.842423 0.771040 0.685338 0.817146 0.776709 0.971510 0.941126 0.955239 0.889344 0.947306 0.819659 0.898620 0.868054 0.895379 0.990043 0.887152 0.992277 0.986863 0.960729 0.806383 0.915335 0.881783 0.990128 0.831923 0.980299 0.975617 0.971515 0.989443 0.957820 0.960043 0.949303 0.899626 0.914521
0.949279 0.969470 0.987583 0.926228 0.939540 0.985378 0.926192 0.888809 0.934128 0.705765 0.870188 0.804632 0.720222 0.997506 0.985900 0.986321 0.902423 0.967317 0.892640 0.761229 0.974688 0.976936 0.933884 0.867477 0.515188 0.000000 0.916250 0.775662 0.952372 0.965077 0.744395 0.855561 0.919090 0.931928 0.941666 0.697323 0.841776 0.821712 0.841779 0.968106 0.897848 0.793561 0.741588 0.757022 0.832788 0.844403 0.959936 0.840436 0.765362 0.915400 0.866277 0.977357 0.792524 0.671268 0.989299 0.952077 0.981554 0.800626 0.709066 0.640478 0.794369 0.794137 0.855838 0.784953 0.767052 0.943537 0.944764 0.952058 0.806905 0.895881 0.823546 0.852686 0.909865 0.973825 0.910433 0.913991 0.888853 0.808452 0.886527 0.832486 0.999684 0.995923 0.790408 0.882564 0.930348 0.749949 0.946219 0.895225 0.949838 0.923450 0.864950 0.825190 0.901438 0.745920 0.823612 0.975930 0.856572 0.959925 0.952699 0.995273 0.944023 0.904501 0.943539 0.984815 0.772078 0.940181 0.823524 0.960740 0.880476 0.984859 0.893162 0.877618 0.926461 0.935364 0.900195 0.858505
0.843919 0.989828 0.920796 0.996614 0.932946 0.834690 0.844087 0.871065 0.922884 0.795873 0.778702 0.941432 0.885447 0.819428 0.806627 0.776573 0.987469 0.947752 0.967420 0.871278 0.878902 0.913390 0.865255 0.716350 0.854899 0.916250 0.000000 0.828280 0.848179 0.838469 0.939866 0.720140 0.932103 0.852176 0.899946 0.907847 0.907628 0.918939 0.981191 0.996204 0.976350 0.965483 0.824162 0.910952 0.883266 0.826149 0.959269 0.994045 0.873224 0.854272 0.958324 0.999790 0.868491 0.830489 0.907927 0.855049 0.843464 0.874950 0.720302 0.836427 0.880785 0.955433 0.945211 0.839252 0.858292 0.904302 0.952852 0.935546 0.716132 0.871974 0.939365 0.902546 0.814252 0.840981 0.892438 0.941420 0.966055 0.997939 0.949781 0.798705 0.970030 0.897401 0.852995 0.903160 0.950377 0.741889 0.982262 0.890104 0.834522 0.943053 0.860654 0.918850 0.831531 0.962568 0.970260 0.945946 0.778628 0.802088 0.837969 0.797996 0.892133 0.872995 0.775340 0.857968 0.866349 0.949505 0.966762 0.888332 0.874601 0.992486 0.840948 0.916716 0.966215 0.830034 0.968440 0.896341
0.989044 0.928804 0.896375 0.924356 0.813297 0.833404 0.807609 0.863113 0.881543 0.761224 0.958821 0.948445 0.876997 0.966215 0.973662 0.872272 0.958831 0.984785 0.889230 0.652823 0.906340 0.847365 0.917799 0.966553 0.752950 0.775662 0.828280 0.000000 0.888833 0.947962 0.928400 0.957439 0.917496 0.959140 0.932553 0.952049 0.951730 0.872046 0.952267 0.952367 0.907107 0.974661 0.990404 0.988149 0.941566 0.995561 0.939893 0.966088 0.990708 0.866067 0.918398 0.788694 0.850211 0.881988 0.955145 0.940715 0.973021 0.785335 0.782944 0.683634 0.832206 0.900634 0.991089 0.922638 0.962973 0.954209 0.973882 0.903579 0.981381 0.949761 0.960735 0.918910 0.981766 0.842790 0.845032 0.996338 0.829014 0.917999 0.942933 0.879196 0.979150 0.988287 0.911703 0.934136 0.974130 0.857039 0.970438 0.995208 0.836799 0.990672 0.900233 0.863474 0.900336 0.985362 0.961050 0.919282 0.776074 0.988749 0.881052 0.893821 0.967773 0.978413 0.948728 0.943389 0.932928 0.955096 0.833628 0.920268 0.792273 0.953638 0.753222 0.991670 0.971330 0.890630 0.997074 0.918670
0.736271 0.779980 0.964145 0.915924 0.907157 0.946987 0.938836 0.934575 0.890253 0.871911 0.898458 0.904359 0.804541 0.840510 0.728156 0.928432 0.664750 0.650082 0.715819 0.829057 0.946256 0.908048 0.927357 0.957503 0.891059 0.952372 0.848179 0.888833 0.000000 0.552861 0.976203 0.861700 0.859368 0.840433 0.989474 0.946348 0.970109 0.770578 0.919160 0.869624 0.901494 0.935135 0.827848 0.923483 0.852103 0.941574 0.873738 0.989999 0.940628 0.852661 0.735966 0.843029 0.948914 0.961272 0.904533 0.763858 0.741520 0.840363 0.980404 0.990512 0.819073 0.781514 0.692756 0.717049 0.993805 0.972872 0.861160 0.866078 0.873887 0.875675 0.874718 0.886542 0.866192 0.856231 0.954739 0.936626 0.947001 0.929156 0.863998 0.962078 0.713337 0.744894 0.832359 0.727954 0.854736 0.866497 0.959410 0.886622 0.884803 0.803096 0.871824 0.708833 0.775723 0.669667 0.972649 0.868381 0.922349 0.966904 0.983150 0.939011 0.903183 0.766882 0.998246 0.967876 0.991430 0.943912 0.934133 0.839911 0.876126 0.966249 0.982182 0.993971 0.838489 0.965258 0.997909 0.803311
0.669639 0.606929 0.962616 0.987586 0.890693 0.996559 0.926491 0.851680 0.965401 0.898896 0.945843 0.773819 0.788790 0.684358 0.706517 0.789210 0.615062 0.526018 0.694301 0.770782 0.860978 0.958132 0.851083 0.969245 0.971781 0.965077 0.838469 0.947962 0.552861 0.000000 0.793214 0.825071 0.763307 0.746891 0.878122 0.813393 0.865266 0.948568 0.968858 0.943267 0.939700 0.994150 0.989556 0.956752 0.985113 0.910325 0.737307 0.826886 0.810609 0.951697 0.973468 0.967155 0.906842 0.961053 0.723222 0.764299 0.610585 0.639734 0.881913 0.897494 0.781514 0.738607 0.605575 0.636084 0.930493 0.867474 0.940490 0.992248 0.966258 0.885009 0.935789 0.891493 0.843019 0.856476 0.896655 0.954167 0.962099 0.848550 0.740344 0.804280 0.647572 0.588079 0.743140 0.610478 0.773725 0.775971 0.857192 0.883783 0.870786 0.741005 0.818322 0.701654 0.776914 0.680839 0.878221 0.966141 0.980200 0.934781 0.890438 0.940761 0.888033 0.850265 0.926955 0.930722 0.921393 0.860779 0.981843 0.931689 0.970140 0.938935 0.995393 0.989032 0.911684 0.982039 0.958543 0.881939
0.989234 0.927104 0.950366 0.902901 0.820295 0.926733 0.957050 0.963357 0.936218 0.997560 0.735936 0.779349 0.854537 0.916546 0.740065 0.881170 0.989837 0.870046 0.908275 0.935965 0.952594 0.988081 0.540913 0.647721 0.692335 0.744395 0.939866 0.928400 0.976203 0.793214 0.000000 0.610696 0.723615 0.980251 0.786898 0.807957 0.948198 0.717614 0.998308 0.943252 0.971414 0.885637 0.889307 0.895393 0.701812 0.743944 0.806062 0.761340 0.697863 0.655159 0.633479 0.596318 0.744387 0.645644 0.979952 0.880505 0.818697 0.862612 0.908405 0.941005 0.959855 0.911327 0.929755 0.991970 0.737474 0.917501 0.872886 0.807808 0.751130 0.963192 0.678398 0.779287 0.770280 0.768711 0.895698 0.988572 0.966684 0.982138 0.818383 0.966595 0.837661 0.772247 0.670819 0.743844 0.578647 0.618574 0.876033 0.710656 0.925675 0.910381 0.912875 0.858860 0.896229 0.900699 0.991887 0.933985 0.886165 0.951899 0.867831 0.805396 0.917067 0.929930 0.845123 0.976554 0.906354 0.848002 0.969881 0.919833 0.931404 0.998873 0.914944 0.996316 0.973111 0.957357 0.939441 0.824196
0.832755 0.990255 0.956401 0.920566 0.808796 0.826991 0.860505 0.805037 0.981181 0.851729 0.713607 0.785160 0.855520 0.854983 0.659891 0.737454 0.972701 0.963232 0.964844 0.917892 0.953423 0.901058 0.563737 0.529421 0.688375 0.855561 0.720140 0.957439 0.861700 0.825071 0.610696 0.000000 0.912733 0.926432 0.980831 0.741855 0.945795 0.887924 0.952257 0.973064 0.863215 0.999675 0.966603 0.990873 0.902093 0.984640 0.926252 0.930421 0.990175 0.940340 0.859845 0.740722 0.731023 0.676310 0.983370 0.932782 0.940085 0.991843 0.679815 0.814065 0.858803 0.821457 0.948626 0.853783 0.752796 0.897920 0.978932 0.932299 0.763786 0.900462 0.935131 0.906463 0.732962 0.718715 0.951346 0.882437 0.977740 0.991991 0.854383 0.807791 0.983743 0.871282 0.645599 0.823575 0.657049 0.646986 0.730397 0.595502 0.859538 0.930494 0.828372 0.961223 0.808469 0.998443 0.854669 0.923749 0.913136 0.881207 0.839248 0.991864 0.914956 0.839835 0.751187 0.803811 0.952183 0.900178 0.974618 0.992688 0.865427 0.896662 0.944114 0.892301 0.958574 0.902000 0.983555 0.829678
0.584472 0.608941 0.571147 0.634536 0.965750 0.965653 0.505506 0.617774 0.823873 0.654276 0.808090 0.843059 0.840714 0.986029 0.988796 0.940516 0.688335 0.588056 0.642926 0.719657 0.905191 0.978763 0.833987 0.984117 0.895488 0.919090 0.932103 0.917496 0.859368 0.763307 0.723615 0.912733 0.000000 0.559481 0.736543 0.850842 0.997184 0.969488 0.959888 0.940036 0.794639 0.886032 0.720378 0.645055 0.645823 0.572890 0.796193 0.670048 0.814026 0.843910 0.905321 0.998833 0.938873 0.954838 0.823349 0.901763 0.602943 0.718155 0.711510 0.804481 0.541951 0.677117 0.634820 0.678856 0.731481 0.707604 0.631343 0.648559 0.933884 0.846833 0.836713 0.986458 0.909674 0.868512 0.984666 0.970828 0.762864 0.825802 0.801089 0.884935 0.593311 0.590583 0.951284 0.761466 0.649981 0.768108 0.957096 0.957218 0.879963 0.825557 0.698736 0.810941 0.692686 0.879073 0.749769 0.750269 0.657770 0.834884 0.599910 0.615786 0.837873 0.990340 0.859756 0.710764 0.908791 0.711476 0.903912 0.827077 0.852335 0.814837 0.807593 0.704371 0.778278 0.840051 0.985685 0.964866
0.514717 0.674929 0.600247 0.536059 0.942914 0.982187 0.537464 0.424513 0.919231 0.565641 0.502246 0.583973 0.728614 0.889998 0.761367 0.882109 0.714525 0.596559 0.650224 0.637745 0.902606 0.986449 0.892019 0.779444 0.921414 0.931928 0.852176 0.959140 0.840433 0.746891 0.980251 0.926432 0.559481 0.000000 0.693748 0.811600 0.904785 0.968318 0.818029 0.696643 0.780650 0.949961 0.721963 0.733722 0.837811 0.702347 0.666522 0.694785 0.978149 0.890749 0.926693 0.811016 0.666687 0.643253 0.728351 0.640957 0.756962 0.795300 0.607989 0.601123 0.504410 0.456191 0.594302 0.520519 0.867854 0.574473 0.537366 0.524788 0.931538 0.641197 0.964079 0.907870 0.968917 0.999735 0.965706 0.987507 0.788416 0.779818 0.759905 0.968859 0.628509 0.623397 0.848207 0.857478 0.865607 0.894527 0.865513 0.761229 0.866794 0.711525 0.779367 0.972243 0.742038 0.991999 0.803330 0.746008 0.636841 0.839725 0.508256 0.646432 0.752759 0.994676 0.684768 0.735901 0.809580 0.662779 0.863100 0.829546 0.874376 0.847089 0.764961 0.721092 0.841900 0.889117 0.961778 0.951969
0.723584 0.858819 0.698126 0.651736 0.885522 0.870942 0.664760 0.710980 0.912441 0.784429 0.779324 0.853587 0.959678 0.924012 0.901660 0.806697 0.712685 0.742771 0.772242 0.781008 0.917746 0.934135 0.866284 0.963927 0.905445 0.941666 0.899946 0.932553 0.989474 0.878122 0.786898 0.980831 0.736543 0.693748 0.000000 0.912342 0.911016 0.911704 0.965251 0.888976 0.935215 0.826690 0.793045 0.821343 0.701687 0.685019 0.755945 0.725934 0.835783 0.904383 0.857206 0.955468 0.975994 0.985987 0.841550 0.682913 0.865327 0.921695 0.890340 0.937958 0.713191 0.796704 0.703882 0.693087 0.767525 0.819422 0.714809 0.754734 0.922032 0.736337 0.869264 0.794143 0.971763 0.977969 0.978449 0.962138 0.969072 0.962293 0.721564 0.912998 0.598465 0.611473 0.861412 0.649855 0.666573 0.693488 0.847672 0.971953 0.926786 0.773554 0.739728 0.778023 0.697492 0.864111 0.846928 0.772339 0.693125 0.825696 0.680594 0.697248 0.949413 0.914004 0.805731 0.778811 0.997859 0.787535 0.954576 0.719566 0.780136 0.983679 0.837202 0.863724 0.969961 0.901260 0.807011 0.972456
0.926537 0.946211 0.854418 0.830825 0.943690 0.954015 0.892937 0.914321 0.884525 0.878891 0.977914 0.993871 0.889002 0.978261 0.952415 0.990545 0.943669 0.816723 0.945675 0.954492 0.984082 0.955819 0.916967 0.925347 0.669445 0.697323 0.907847 0.952049 0.946348 0.813393 0.807957 0.741855 0.850842 0.811600 0.912342 0.000000 0.794574 0.940720 0.879958 0.718617 0.943820 0.912993 0.800853 0.879159 0.879673 0.920060 0.843991 0.792693 0.922772 0.997737 0.895437 0.993023 0.956576 0.925247 0.856962 0.835505 0.875991 0.970156 0.985008 0.967078 0.941986 0.988312 0.944485 0.981972 0.711628 0.833427 0.813868 0.739743 0.768598 0.957727 0.835506 0.871997 0.956777 0.968659 0.909202 0.914078 0.954561 0.867421 0.866229 0.831343 0.889422 0.820192 0.932262 0.905816 0.835523 0.823938 0.967585 0.938357 0.924224 0.843630 0.978539 0.987839 0.970819 0.920343 0.780635 0.988790 0.935866 0.950036 0.932210 0.928154 0.984994 0.912099 0.892097 0.927926 0.954308 0.861215 0.805322 0.970167 0.954646 0.993508 0.995186 0.906465 0.923491 0.914426 0.878222 0.934717
0.979418 0.950159 0.984809 0.993433 0.982408 0.987166 0.983406 0.998504 0.941264 0.948117 0.953969 0.989724 0.837184 0.925162 0.991933 0.962593 0.834815 0.876545 0.962395 0.970347 0.904522 0.966414 0.984339 0.904211 0.896649 0.841776 0.907628 0.951730 0.970109 0.865266 0.948198 0.945795 0.997184 0.904785 0.911016 0.794574 0.000000 0.844362 0.988515 0.950725 0.982896 0.802862 0.953160 0.946364 0.928746 0.981618 0.944288 0.895973 0.831923 0.970764 0.939382 0.982468 0.908950 0.962755 0.809217 0.929995 0.868182 0.930563 0.925524 0.973763 0.959634 0.983364 0.912898 0.927086 0.913338 0.947385 0.961256 0.924044 0.997776 0.978521 0.958169 0.919703 0.861862 0.999984 0.914911 0.857142 0.958230 0.915533 0.764412 0.926452 0.863594 0.921597 0.840547 0.817282 0.930627 0.945003 0.961772 0.997611 0.975024 0.827145 0.968320 0.897532 0.962643 0.987096 0.906789 0.975612 0.951148 0.951995 0.941109 0.955958 0.993531 0.897239 0.841023 0.993444 0.933510 0.781813 0.892138 0.990395 0.951531 0.964697 0.940746 0.834884 0.978439 0.962545 0.847865 0.978196
0.820801 0.861458 0.853014 0.967405 0.854565 0.830243 0.804350 0.831549 0.761942 0.781404 0.846873 0.766052 0.654983 0.917885 0.894469 0.984654 0.799176 0.827389 0.698988 0.799811 0.971988 0.998661 0.964980 0.870842 0.729062 0.821712 0.918939 0.872046 0.770578 0.948568 0.717614 0.887924 0.969488 0.968318 0.911704 0.940720 0.844362 0.000000 0.978649 0.990658 0.958108 0.794461 0.857812 0.852742 0.743589 0.765175 0.923084 0.876015 0.754924 0.794336 0.693240 0.791943 0.905550 0.856650 0.997489 0.984573 0.947514 0.804569 0.885975 0.882620 0.669347 0.761419 0.838902 0.832285 0.931311 0.907813 0.860687 0.813399 0.788556 0.910313 0.824635 0.794102 0.889812 0.915216 0.908287 0.960727 0.840114 0.970752 0.986299 0.932281 0.902831 0.936686 0.869014 0.963510 0.983541 0.968977 0.982528 0.873834 0.824597 0.877234 0.998524 0.936631 0.935610 0.865114 0.875129 0.987122 0.972406 0.914648 0.968761 0.991156 0.948889 0.935395 0.976479 0.914906 0.968501 0.922317 0.981628 0.878461 0.985707 0.998409 0.966632 0.995403 0.948699 0.938550 0.956235 0.910210
