0.000000 0.348096 0.932418 0.869502 0.946496 0.894250 0.810290 0.775884 0.922191 0.674753 0.455446 0.388493 0.587322 0.617250 0.804546 0.767730 0.411850 0.394916 0.472388 0.398962 0.927912 0.949078 0.888349 0.833818 0.993702 0.855820 0.933652 0.824717 0.483089 0.454125 0.837103 0.814872 0.632557 0.608140 0.989998 0.936361 0.816401 0.647916 0.994732 0.773103 0.849122 0.701233 0.802842 0.649613 0.887183 0.754584 0.597656 0.630976 0.660814 0.626029 0.805986 0.690265 0.927783 0.978805 0.795468 0.776924 0.396808 0.348738 0.550126 0.540789 0.688458 0.836170 0.541743 0.432782 0.799292 0.782478 0.899063 0.969317 0.381638 0.442368 0.760710 0.842761 0.666687 0.563901 0.809786 0.954609 0.675079 0.714739 0.536483 0.632762 0.369272 0.403125 0.505473 0.478163 0.757176 0.997241 0.955718 0.994942 0.873005 0.807676 0.874062 0.876061 0.817188 0.859981 0.975472 0.815485 0.897875 0.798177 0.735479 0.788363 0.980533 0.867675 0.575662 0.694400 0.900376 0.719988 0.924737 0.856862 0.877816 0.743963 0.915182 0.861562 0.825293 0.835449 0.845460 0.876969
0.348096 0.000000 0.984008 0.869735 0.961955 0.751018 0.726620 0.729656 0.966754 0.640402 0.501337 0.407045 0.726060 0.734835 0.974886 0.845311 0.445080 0.399106 0.415979 0.429427 0.861320 0.977511 0.921363 0.762072 0.993761 0.816935 0.951189 0.716509 0.475869 0.550043 0.803861 0.801890 0.668670 0.569953 0.988132 0.969844 0.819568 0.574830 0.963775 0.869958 0.907982 0.781685 0.597163 0.501410 0.720646 0.594386 0.584021 0.600283 0.525912 0.481116 0.659562 0.578795 0.763954 0.822008 0.874284 0.764629 0.292796 0.267848 0.590282 0.562068 0.745957 0.842659 0.604675 0.463626 0.774699 0.712822 0.913352 0.950139 0.523108 0.456953 0.813374 0.789635 0.797068 0.681045 0.985320 0.907413 0.627357 0.694475 0.493641 0.618435 0.370204 0.423359 0.639447 0.465135 0.825358 0.872217 0.872987 0.876287 0.873207 0.840346 0.969211 0.970959 0.944302 0.956386 0.898337 0.915348 0.903210 0.759987 0.699745 0.655472 0.898894 0.814351 0.500181 0.741384 0.919483 0.860561 0.849892 0.777012 0.970926 0.698642 0.744297 0.815647 0.680506 0.659542 0.830837 0.941217
0.932418 0.984008 0.000000 0.457227 0.939110 0.732255 0.652373 0.653152 0.431532 0.927208 0.921276 0.988148 0.795128 0.848940 0.815492 0.739524 0.800319 0.802967 0.878450 0.929590 0.899305 0.929926 0.585163 0.658591 0.552545 0.464968 0.943588 0.988053 0.887686 0.937692 0.537633 0.640414 0.741514 0.792591 0.658504 0.993674 0.678329 0.900680 0.710294 0.973904 0.995749 0.964487 0.781372 0.851540 0.978979 0.984336 0.742516 0.827067 0.727365 0.899526 0.859261 0.883575 0.999178 0.948778 0.915280 0.802357 0.944272 0.844342 0.949045 0.997454 0.613882 0.524360 0.798790 0.838794 0.374301 0.411702 0.813291 0.621758 0.939769 0.873581 0.631948 0.647580 0.691719 0.746810 0.999362 0.979879 0.736229 0.827577 0.868704 0.923817 0.808479 0.944527 0.899131 0.953747 0.737252 0.619378 0.942993 0.878702 0.762047 0.929141 0.823791 0.961723 0.858898 0.971601 0.822084 0.969029 0.846191 0.996021 0.837556 0.823293 0.908386 0.938405 0.878663 0.946561 0.766011 0.883203 0.890850 0.848865 0.756991 0.937406 0.929993 0.988470 0.875211 0.943321 0.771701 0.983702
0.869502 0.869735 0.457227 0.000000 0.840602 0.818979 0.562532 0.395569 0.516007 0.651181 0.847770 0.700918 0.651287 0.699193 0.738360 0.608323 0.966103 0.979594 0.695394 0.842399 0.895463 0.990164 0.430074 0.661417 0.664346 0.571441 0.942639 0.999478 0.963799 0.959590 0.469600 0.534652 0.652458 0.665395 0.793065 0.995345 0.670693 0.891995 0.759909 0.930411 0.959862 0.856023 0.678870 0.665789 0.994054 0.923061 0.682226 0.735339 0.817016 0.935439 0.960780 0.969154 0.993403 0.984008 0.991876 0.833686 0.940613 0.995607 0.839366 0.856053 0.557743 0.452172 0.999467 0.898646 0.549116 0.500200 0.747136 0.636338 0.823973 0.979720 0.546660 0.517667 0.737274 0.775785 0.920820 0.964123 0.658602 0.770356 0.889648 0.944402 0.954906 0.996629 0.874553 0.955689 0.816076 0.716017 0.968981 0.839112 0.774587 0.781776 0.797898 0.994159 0.825335 0.935600 0.858451 0.977771 0.814534 0.911196 0.728555 0.672224 0.725296 0.907818 0.966694 0.887327 0.589228 0.684667 0.914441 0.694870 0.694323 0.845878 0.794952 0.983039 0.772898 0.915257 0.687696 0.971278
0.946496 0.961955 0.939110 0.840602 0.000000 0.880395 0.942743 0.949360 0.924400 0.961270 0.893857 0.905185 0.883157 0.891847 0.887524 0.946909 0.980398 0.959257 0.902590 0.987250 0.980727 0.851310 0.804840 0.866491 0.760424 0.925038 0.923490 0.837616 0.994255 0.948847 0.812889 0.901413 0.991668 0.929953 0.729239 0.903682 0.927168 0.959512 0.791458 0.951577 0.986650 0.912918 0.852664 0.890793 0.749788 0.783125 0.909548 0.927478 0.793054 0.779515 0.740688 0.788517 0.782461 0.752464 0.938143 0.871170 0.961881 0.968550 0.922107 0.973622 0.933744 0.982967 0.939170 0.953796 0.890691 0.862774 0.925435 0.924210 0.755127 0.980880 0.976932 0.907388 0.987277 0.957166 0.936019 0.907593 0.907534 0.953596 0.928233 0.997566 0.999909 0.951267 0.773382 0.895648 0.859983 0.725188 0.835422 0.904075 0.918244 0.958172 0.835629 0.812369 0.825004 0.955944 0.949698 0.992991 0.995169 0.903575 0.839559 0.857668 0.927097 0.862345 0.913537 0.965236 0.981379 0.740328 0.956330 0.925667 0.883761 0.935569 0.920700 0.951415 0.944014 0.847831 0.869941 0.939438
0.894250 0.751018 0.732255 0.818979 0.880395 0.000000 0.933498 0.965388 0.761822 0.841608 0.705117 0.855395 0.802152 0.817357 0.666825 0.655388 0.653297 0.628831 0.724539 0.840588 0.800487 0.971818 0.750803 0.607058 0.734052 0.577673 0.960623 0.677691 0.684895 0.763875 0.942901 0.984112 0.933594 0.770800 0.906608 0.869871 0.799180 0.810782 0.735860 0.906186 0.965287 0.945947 0.943346 0.817795 0.851734 0.762617 0.949043 0.835680 0.785967 0.817320 0.902878 0.931551 0.910537 0.993717 0.687825 0.938648 0.583333 0.668864 0.763801 0.823486 0.914930 0.763216 0.668301 0.703762 0.647850 0.590961 0.986982 0.938162 0.957941 0.854209 0.726045 0.861979 0.810329 0.928217 0.921953 0.999635 0.974094 0.894191 0.746351 0.950783 0.752490 0.981187 0.863083 0.826879 0.683733 0.639365 0.864040 0.947894 0.875518 0.917020 0.762528 0.845439 0.762026 0.785051 0.991720 0.971325 0.747795 0.777675 0.999100 0.882496 0.983731 0.949546 0.769657 0.826493 0.940105 0.985902 0.821491 0.908731 0.801316 0.856474 0.928112 0.913727 0.981778 0.938117 0.961746 0.900944
0.810290 0.726620 0.652373 0.562532 0.942743 0.933498 0.000000 0.347273 0.773968 0.598960 0.708778 0.704615 0.878108 0.847705 0.867494 0.958183 0.725618 0.788717 0.655368 0.850456 0.975430 0.911661 0.874434 0.863102 0.883965 0.910455 0.665857 0.648420 0.833787 0.828020 0.594120 0.740235 0.453694 0.418616 0.815000 0.821243 0.989868 0.924586 0.953125 0.833173 0.974856 0.988236 0.573261 0.554645 0.544848 0.542738 0.604787 0.584193 0.765673 0.681321 0.667352 0.701428 0.714949 0.798943 0.942398 0.956427 0.721925 0.761610 0.493164 0.587817 0.358451 0.634240 0.594432 0.613654 0.944321 0.848854 0.343537 0.381409 0.934655 0.963317 0.791552 0.725213 0.929477 0.934181 0.978795 0.861670 0.617606 0.876811 0.727955 0.837181 0.800020 0.989536 0.834033 0.940837 0.985929 0.937529 0.970284 0.793287 0.959466 0.933080 0.730407 0.832450 0.690442 0.839822 0.757090 0.907400 0.882964 0.704738 0.517920 0.589579 0.526892 0.736107 0.749067 0.617848 0.702514 0.779513 0.845855 0.623906 0.850281 0.786948 0.636265 0.764983 0.612754 0.738612 0.632922 0.842540
0.775884 0.729656 0.653152 0.395569 0.949360 0.965388 0.347273 0.000000 0.627086 0.389111 0.705110 0.579277 0.748777 0.715653 0.935562 0.754963 0.768602 0.811720 0.588653 0.795694 0.881436 0.982289 0.673193 0.995527 0.937041 0.880582 0.774560 0.803991 0.853232 0.819498 0.518620 0.659002 0.510253 0.441212 0.857202 0.940188 0.835879 0.959570 0.930210 0.824135 0.932973 0.895178 0.499791 0.458726 0.681680 0.607538 0.522459 0.537498 0.871664 0.750926 0.716606 0.727764 0.743501 0.763746 0.953709 0.986088 0.781984 0.806732 0.532272 0.616263 0.375083 0.422436 0.684998 0.600732 0.866932 0.720845 0.500449 0.451785 0.883161 0.895642 0.565747 0.546391 0.829676 0.884367 0.991609 0.931614 0.615836 0.816840 0.661828 0.849221 0.855580 0.976812 0.841908 0.950165 0.991037 0.987040 0.896850 0.707674 0.945368 0.988013 0.703675 0.867089 0.719982 0.899420 0.790446 0.857926 0.794584 0.700251 0.504768 0.478016 0.517928 0.838495 0.751702 0.654755 0.568725 0.738583 0.882886 0.556921 0.744494 0.711793 0.644099 0.754616 0.550676 0.760181 0.658552 0.888238
0.922191 0.966754 0.431532 0.516007 0.924400 0.761822 0.773968 0.627086 0.000000 0.772897 0.975558 0.908427 0.782995 0.754684 0.704129 0.609288 0.776505 0.763136 0.882336 0.952446 0.996739 0.999170 0.584856 0.693882 0.656566 0.487576 0.954423 0.942752 0.892292 0.837221 0.578053 0.718593 0.788020 0.852220 0.724999 0.923329 0.638242 0.845298 0.711081 0.929993 0.941663 0.921148 0.604574 0.730083 0.873578 0.892752 0.680765 0.821202 0.896862 0.997426 0.941299 0.946924 0.832944 0.782983 0.982844 0.913041 0.937850 0.857309 0.903862 0.963560 0.664144 0.422502 0.712455 0.852602 0.495297 0.455729 0.897675 0.764347 0.920001 0.858317 0.519281 0.513412 0.708053 0.854420 0.860220 0.998501 0.735318 0.838362 0.977955 0.946952 0.811577 0.972710 0.937995 0.922517 0.771818 0.731099 0.894528 0.815161 0.751269 0.854704 0.635966 0.758191 0.715043 0.837112 0.824428 0.944766 0.713917 0.947832 0.687924 0.672590 0.826126 0.872238 0.987209 0.980044 0.766616 0.887030 0.848150 0.724222 0.876463 0.837695 0.891105 0.991925 0.784141 0.827147 0.875862 0.755266
0.674753 0.640402 0.927208 0.651181 0.961270 0.841608 0.598960 0.389111 0.772897 0.000000 0.644795 0.567237 0.800933 0.775119 0.964430 0.855235 0.663814 0.678986 0.555822 0.721117 0.721204 0.907647 0.911550 0.780751 0.732840 0.887114 0.820978 0.806222 0.742855 0.782826 0.721753 0.796702 0.623928 0.570101 0.976036 0.959933 0.818023 0.821894 0.996913 0.991054 0.829549 0.790114 0.526360 0.444728 0.681168 0.532372 0.617389 0.550228 0.678675 0.604167 0.634222 0.615494 0.690127 0.638768 0.989598 0.921484 0.646759 0.664401 0.579463 0.685406 0.603185 0.584515 0.680442 0.551234 0.875750 0.971344 0.730232 0.748037 0.825934 0.742486 0.569332 0.606916 0.954739 0.833413 0.974187 0.984412 0.668905 0.858832 0.632998 0.865795 0.736521 0.955374 0.888054 0.881206 0.856900 0.717308 0.871334 0.663428 0.951961 0.962399 0.726943 0.795138 0.778806 0.881538 0.918783 0.791714 0.802622 0.692381 0.493347 0.488138 0.600857 0.768745 0.598072 0.640169 0.662887 0.860192 0.990991 0.544098 0.877290 0.640214 0.666950 0.654291 0.578128 0.755201 0.889506 0.971541
0.455446 0.501337 0.921276 0.847770 0.893857 0.705117 0.708778 0.705110 0.975558 0.644795 0.000000 0.484056 0.720929 0.743990 0.929192 0.874013 0.391880 0.356825 0.440887 0.415021 0.868511 0.941982 0.925652 0.790942 0.973649 0.839269 0.939368 0.773276 0.414162 0.407714 0.684703 0.717076 0.568115 0.457073 0.994056 0.964825 0.988918 0.763872 0.978541 0.920097 0.892718 0.724225 0.921079 0.727636 0.985698 0.843106 0.701457 0.686934 0.875984 0.817979 0.986510 0.910906 0.884082 0.870769 0.979640 0.969623 0.446461 0.481177 0.599801 0.556834 0.643852 0.876414 0.435357 0.403657 0.804594 0.835694 0.839582 0.848358 0.448955 0.579488 0.840401 0.977442 0.749943 0.613485 0.858365 0.930825 0.760429 0.671928 0.613859 0.833812 0.556780 0.729430 0.558687 0.587594 0.988978 0.917371 0.831124 0.818004 0.792035 0.933559 0.710664 0.666485 0.649244 0.664690 0.980709 0.827984 0.897672 0.719205 0.892011 0.870484 0.929685 0.928655 0.671187 0.597484 0.913725 0.710884 0.974938 0.928030 0.958573 0.741645 0.906729 0.992750 0.738547 0.859828 0.841568 0.878794
0.388493 0.407045 0.988148 0.700918 0.905185 0.855395 0.704615 0.579277 0.908427 0.567237 0.484056 0.000000 0.472103 0.490721 0.717308 0.585659 0.435359 0.391597 0.385181 0.417137 0.930488 0.950786 0.666922 0.940702 0.974285 0.849661 0.982417 0.689595 0.458936 0.400598 0.613770 0.620729 0.547615 0.522093 0.937526 0.960745 0.802355 0.689433 0.989768 0.925067 0.839844 0.754852 0.686215 0.563472 0.905296 0.766759 0.594377 0.641967 0.775782 0.746193 0.796705 0.738636 0.913190 0.895163 0.921014 0.844623 0.510900 0.435233 0.581501 0.567450 0.572647 0.658353 0.494397 0.353542 0.813393 0.880608 0.865781 0.873772 0.504749 0.575016 0.644485 0.649494 0.659152 0.657038 0.936754 0.942157 0.658726 0.682449 0.444918 0.725807 0.413945 0.511687 0.534688 0.498421 0.891158 0.965892 0.846832 0.798519 0.948704 0.854112 0.928079 0.855042 0.866221 0.821515 0.944738 0.791137 0.925064 0.690771 0.747201 0.703498 0.859988 0.865042 0.634915 0.634985 0.732022 0.687122 0.982691 0.799301 0.834193 0.703282 0.888793 0.910930 0.792805 0.783346 0.732664 0.876977
0.587322 0.726060 0.795128 0.651287 0.883157 0.802152 0.878108 0.748777 0.782995 0.800933 0.720929 0.472103 0.000000 0.419547 0.414766 0.467316 0.770966 0.739989 0.720072 0.578483 0.803133 0.967564 0.522462 0.776885 0.761998 0.852128 0.942620 0.877763 0.737921 0.665171 0.601171 0.686087 0.668102 0.836973 0.978071 0.834622 0.731770 0.836856 0.860462 0.855057 0.844488 0.747570 0.867611 0.861030 0.872876 0.952909 0.753246 0.816963 0.931582 0.985735 0.995480 0.920362 0.969298 0.955201 0.827475 0.880218 0.893312 0.781646 0.907946 0.869577 0.661085 0.600606 0.825089 0.703753 0.850869 0.842157 0.969329 0.969607 0.530501 0.697754 0.519735 0.606312 0.509061 0.640013 0.879993 0.948246 0.701209 0.829731 0.733652 0.813679 0.673229 0.549471 0.654634 0.668145 0.633303 0.748664 0.941785 0.892087 0.798758 0.734432 0.951516 0.942081 0.954681 0.969226 0.965246 0.733260 0.712038 0.859188 0.881079 0.929312 0.997536 0.889273 0.958918 0.808379 0.774480 0.722042 0.920849 0.860102 0.732343 0.910895 0.962060 0.957158 0.950580 0.925299 0.770913 0.923264
0.617250 0.734835 0.848940 0.699193 0.891847 0.817357 0.847705 0.715653 0.754684 0.775119 0.743990 0.490721 0.419547 0.000000 0.477711 0.411620 0.696468 0.694493 0.635495 0.593424 0.883524 0.999033 0.496199 0.751785 0.779438 0.852602 0.895611 0.963755 0.722021 0.629806 0.609000 0.579312 0.579863 0.798181 0.973479 0.983101 0.667035 0.793982 0.889522 0.834519 0.832832 0.728514 0.782763 0.781627 0.990115 0.996393 0.717036 0.899390 0.980009 0.971754 0.888060 0.881595 0.797677 0.793993 0.892691 0.938097 0.839144 0.797356 0.913209 0.933321 0.625118 0.557963 0.781787 0.652131 0.955890 0.853824 0.918365 0.916024 0.655566 0.756349 0.468724 0.540788 0.509056 0.748008 0.834828 0.988242 0.748631 0.807279 0.664934 0.850563 0.650356 0.683854 0.621091 0.742240 0.649758 0.734405 0.901210 0.798427 0.851722 0.778251 0.857860 0.993529 0.998755 0.982211 0.994873 0.837058 0.739723 0.842095 0.770827 0.860282 0.923743 0.810220 0.872490 0.650861 0.855608 0.680021 0.866498 0.816040 0.797743 0.799442 0.978453 0.990100 0.911389 0.899516 0.841170 0.995210
0.804546 0.974886 0.815492 0.738360 0.887524 0.666825 0.867494 0.935562 0.704129 0.964430 0.929192 0.717308 0.414766 0.477711 0.000000 0.392584 0.951038 0.973735 0.918706 0.746171 0.787071 0.915105 0.487131 0.642557 0.660811 0.803977 0.883678 0.860592 0.879451 0.783169 0.679365 0.681840 0.828977 0.961643 0.956413 0.861745 0.655077 0.856655 0.864361 0.776167 0.849715 0.884451 0.985367 0.998410 0.728104 0.767392 0.826946 0.938554 0.778253 0.815869 0.891520 0.981087 0.995712 0.986051 0.858862 0.974045 0.905812 0.982536 0.867873 0.934750 0.850169 0.679936 0.943919 0.935543 0.761210 0.748882 0.802439 0.879711 0.668206 0.877300 0.535383 0.687746 0.598771 0.773302 0.953970 0.848124 0.849807 0.851409 0.930088 0.869810 0.876106 0.755567 0.795615 0.871566 0.636360 0.648247 0.971231 0.933885 0.730243 0.841614 0.978478 0.901994 0.840699 0.925038 0.990626 0.925519 0.746732 0.966882 0.975898 0.927704 0.881366 0.997929 0.907452 0.969733 0.873155 0.754283 0.915271 0.941671 0.747786 0.928113 0.822174 0.855221 0.851539 0.920451 0.822517 0.967368
0.767730 0.845311 0.739524 0.608323 0.946909 0.655388 0.958183 0.754963 0.609288 0.855235 0.874013 0.585659 0.467316 0.411620 0.392584 0.000000 0.960865 0.938947 0.777724 0.685686 0.876791 0.935240 0.378665 0.547038 0.604341 0.738260 0.929729 0.899037 0.855101 0.733691 0.533551 0.533320 0.778846 0.912479 0.889971 0.916173 0.647646 0.753232 0.739348 0.866654 0.940991 0.800464 0.792621 0.832439 0.859205 0.919712 0.703853 0.871693 0.826984 0.874464 0.992454 0.953375 0.907225 0.899794 0.862168 0.966293 0.951188 0.990597 0.964153 0.933870 0.742492 0.465986 0.922604 0.871636 0.732487 0.624102 0.900493 0.923101 0.778712 0.836061 0.456743 0.624391 0.541356 0.726496 0.960934 0.890206 0.879927 0.742305 0.812133 0.860611 0.839133 0.709246 0.734535 0.777766 0.694314 0.604404 0.965133 0.844564 0.796642 0.774879 0.949053 0.908694 0.921833 0.881336 0.978602 0.851750 0.754885 0.898638 0.931611 0.893307 0.990475 0.997147 0.970197 0.948981 0.842670 0.760831 0.896885 0.915217 0.736234 0.880358 0.974348 0.876823 0.987113 0.993406 0.771314 0.878528
0.411850 0.445080 0.800319 0.966103 0.980398 0.653297 0.725618 0.768602 0.776505 0.663814 0.391880 0.435359 0.770966 0.696468 0.951038 0.960865 0.000000 0.272399 0.441550 0.425749 0.849834 0.999319 0.952234 0.633573 0.763794 0.586419 0.956857 0.708479 0.335407 0.328943 0.844270 0.827323 0.536683 0.496873 0.848117 0.916775 0.997583 0.797995 0.815790 0.915911 0.842953 0.787626 0.819155 0.634464 0.782035 0.685622 0.643673 0.658972 0.604659 0.603312 0.733997 0.650321 0.873385 0.908865 0.969771 0.837101 0.393396 0.349644 0.499254 0.564545 0.679812 0.992095 0.298075 0.271789 0.526602 0.565413 0.789080 0.931349 0.498978 0.518766 0.948928 0.968068 0.838261 0.757432 0.852344 0.962646 0.756363 0.753973 0.431821 0.723762 0.336953 0.651214 0.580245 0.564962 0.963452 0.749238 0.841225 0.846732 0.788571 0.943668 0.776271 0.771589 0.723602 0.744732 0.934975 0.787764 0.946875 0.644746 0.772343 0.823633 0.868812 0.944987 0.571440 0.513638 0.916267 0.797485 0.963800 0.850208 0.928339 0.684067 0.889286 0.851508 0.771260 0.825660 0.818157 0.771916
0.394916 0.399106 0.802967 0.979594 0.959257 0.628831 0.788717 0.811720 0.763136 0.678986 0.356825 0.391597 0.739989 0.694493 0.973735 0.938947 0.272399 0.000000 0.383938 0.408564 0.840660 0.952746 0.982862 0.715705 0.813858 0.624294 0.970236 0.707044 0.316852 0.341262 0.847216 0.796006 0.581048 0.513157 0.831287 0.951667 0.984339 0.714598 0.814289 0.890939 0.853246 0.743404 0.891319 0.677144 0.897123 0.780073 0.733004 0.709225 0.696113 0.697868 0.842722 0.776239 0.959517 0.999895 0.978000 0.887260 0.347890 0.322810 0.550332 0.580828 0.750789 0.974022 0.319883 0.285020 0.557017 0.567411 0.897726 0.998231 0.460469 0.513216 0.922210 0.975844 0.837553 0.743201 0.844599 0.969482 0.808368 0.749104 0.435955 0.823546 0.376133 0.602020 0.527782 0.489527 0.971205 0.757011 0.881262 0.878660 0.780151 0.991277 0.731858 0.729114 0.685535 0.731801 0.975473 0.846147 0.897599 0.674409 0.844197 0.868639 0.952597 0.927635 0.550801 0.565095 0.895719 0.789362 0.923846 0.892503 0.964012 0.755569 0.854489 0.913612 0.784526 0.769952 0.863619 0.792884
0.472388 0.415979 0.878450 0.695394 0.902590 0.724539 0.655368 0.588653 0.882336 0.555822 0.440887 0.385181 0.720072 0.635495 0.918706 0.777724 0.441550 0.383938 0.000000 0.401835 0.854856 0.932143 0.724025 0.930010 0.944363 0.894747 0.991911 0.749906 0.459918 0.493535 0.674504 0.616018 0.510712 0.443252 0.972108 0.933817 0.705041 0.629500 0.987503 0.889941 0.867413 0.705135 0.606542 0.493445 0.814538 0.680139 0.548811 0.589953 0.765172 0.711177 0.845736 0.791269 0.938315 0.944397 0.961340 0.983005 0.370274 0.424400 0.570854 0.603730 0.625377 0.733077 0.527533 0.414396 0.871482 0.891477 0.800506 0.807239 0.544913 0.609919 0.731107 0.721392 0.778617 0.671216 0.983391 0.943066 0.684728 0.699339 0.502367 0.804497 0.535530 0.689626 0.576812 0.515649 0.912605 0.969302 0.832030 0.836309 0.946176 0.920175 0.908561 0.813586 0.814518 0.791252 0.838506 0.882980 0.997036 0.677426 0.682384 0.649811 0.885242 0.844047 0.585224 0.598716 0.819504 0.782410 0.887991 0.801826 0.932830 0.568923 0.808582 0.854192 0.708589 0.660103 0.741110 0.836552
0.398962 0.429427 0.929590 0.842399 0.987250 0.840588 0.850456 0.795694 0.952446 0.721117 0.415021 0.417137 0.578483 0.593424 0.746171 0.685686 0.425749 0.408564 0.401835 0.000000 0.945074 0.998281 0.744543 0.963804 0.912834 0.896465 0.867763 0.738126 0.436470 0.439228 0.740378 0.703996 0.649972 0.608244 0.992809 0.920654 0.766288 0.621774 0.975940 0.748097 0.870533 0.693346 0.798626 0.704329 0.989707 0.859105 0.658646 0.716393 0.825256 0.790660 0.945942 0.837918 0.977550 0.953837 0.955058 0.983505 0.463371 0.436502 0.721139 0.648891 0.733842 0.784251 0.618183 0.494760 0.882282 0.870175 0.996598 0.983698 0.450112 0.470347 0.756809 0.853878 0.638981 0.602683 0.898612 0.950162 0.732177 0.745351 0.591247 0.737626 0.513228 0.529224 0.574829 0.437938 0.774034 0.943489 0.804037 0.824199 0.958778 0.864189 0.826995 0.732991 0.700513 0.762513 0.928354 0.841208 0.968910 0.740026 0.868962 0.851798 0.983683 0.874285 0.732085 0.744924 0.876193 0.820886 0.956258 0.884722 0.847218 0.671928 0.984699 0.991804 0.871071 0.869792 0.886788 0.786011
0.927912 0.861320 0.899305 0.895463 0.980727 0.800487 0.975430 0.881436 0.996739 0.721204 0.868511 0.930488 0.803133 0.883524 0.787071 0.876791 0.849834 0.840660 0.854856 0.945074 0.000000 0.970985 0.780132 0.701050 0.779881 0.849693 0.938102 0.963554 0.914575 0.945177 0.900463 0.797355 0.960779 0.859954 0.981544 0.905665 0.953402 0.817479 0.986904 0.946167 0.996383 0.953062 0.826793 0.857712 0.882988 0.849033 0.918258 0.822522 0.857370 0.797748 0.884425 0.849680 0.938119 0.886048 0.980475 0.971485 0.785197 0.851357 0.793415 0.812679 0.983548 0.938089 0.900173 0.854302 0.869452 0.840888 0.967394 0.971998 0.960445 0.865071 0.987501 0.987050 0.956142 0.912601 0.937594 0.945241 0.893776 0.958785 0.926328 0.957839 0.924708 0.932127 0.985880 0.880949 0.740572 0.688778 0.987860 0.898534 0.936553 0.805086 0.942256 0.961902 0.951976 0.899641 0.974393 0.947376 0.945902 0.828650 0.843907 0.809966 0.880766 0.946225 0.835088 0.954278 0.983255 0.971632 0.810842 0.978181 0.976832 0.941664 0.779565 0.740710 0.805416 0.810618 0.867331 0.853060
0.949078 0.977511 0.929926 0.990164 0.851310 0.971818 0.911661 0.982289 0.999170 0.907647 0.941982 0.950786 0.967564 0.999033 0.915105 0.935240 0.999319 0.952746 0.932143 0.998281 0.970985 0.000000 0.996100 0.955785 0.887141 0.954088 0.830808 0.984278 0.967732 0.968229 0.968685 0.937662 0.920415 0.848050 0.933812 0.937329 0.906066 0.886389 0.976153 0.779113 0.946215 0.891997 0.964083 0.954832 0.927500 0.985380 0.947707 0.944929 0.994045 0.939482 0.969921 0.981304 0.971781 0.951474 0.971400 0.858365 0.997256 0.987440 0.861837 0.885429 0.892771 0.912507 0.980255 0.987174 0.953994 0.861425 0.782003 0.772120 0.990419 0.851713 0.995164 0.880918 0.933873 0.735178 0.920186 0.922451 0.938608 0.844105 0.933128 0.938635 0.934956 0.978116 0.968061 0.952856 0.978080 0.865835 0.952844 0.899483 0.893868 0.995058 0.948131 0.936204 0.978541 0.991196 0.997249 0.936288 0.778040 0.991664 0.970702 0.994675 0.978223 0.945098 0.960483 0.818449 0.904046 0.994591 0.974905 0.946029 0.974030 0.965611 0.947133 0.809014 0.907460 0.975830 0.847314 0.958464
0.888349 0.921363 0.585163 0.430074 0.804840 0.750803 0.874434 0.673193 0.584856 0.911550 0.925652 0.666922 0.522462 0.496199 0.487131 0.378665 0.952234 0.982862 0.724025 0.744543 0.780132 0.996100 0.000000 0.465585 0.514193 0.634021 0.932880 0.932242 0.941319 0.853028 0.476968 0.463401 0.742470 0.875889 0.973592 0.896857 0.619667 0.757582 0.796977 0.939182 0.907996 0.839334 0.815558 0.834763 0.771648 0.820341 0.796880 0.918032 0.650799 0.717750 0.831474 0.848609 0.954779 0.924163 0.993797 0.841962 0.975932 0.982098 0.939863 0.987501 0.714823 0.533644 0.929880 0.921900 0.568235 0.534405 0.989819 0.874018 0.807694 0.922264 0.541795 0.557457 0.535398 0.835218 0.985166 0.968907 0.811781 0.790663 0.878335 0.928314 0.980722 0.840638 0.695296 0.803963 0.656695 0.548982 0.947111 0.924126 0.695212 0.704441 0.977637 0.818990 0.930033 0.966865 0.829122 0.998874 0.828178 0.970154 0.931382 0.895186 0.998670 0.987424 0.879752 0.996023 0.782341 0.737883 0.965398 0.834756 0.759515 0.915662 0.988210 0.851608 0.999030 0.998723 0.659938 0.975027
0.833818 0.762072 0.658591 0.661417 0.866491 0.607058 0.863102 0.995527 0.693882 0.780751 0.790942 0.940702 0.776885 0.751785 0.642557 0.547038 0.633573 0.715705 0.930010 0.963804 0.701050 0.955785 0.465585 0.000000 0.449798 0.490452 0.870560 0.813024 0.771708 0.850771 0.717000 0.718724 0.982052 0.815952 0.884051 0.987989 0.763215 0.990322 0.637833 0.893415 0.951831 0.912740 0.937660 0.877303 0.714863 0.665345 0.955325 0.828577 0.549810 0.557759 0.684069 0.658047 0.880875 0.786690 0.976520 0.796397 0.681741 0.677961 0.704307 0.795217 0.958677 0.720476 0.631130 0.682093 0.468444 0.449892 0.908213 0.929256 0.949932 0.810803 0.737800 0.819712 0.685028 0.858004 0.974728 0.956121 0.947806 0.945807 0.853053 0.941659 0.730133 0.948137 0.981710 0.935123 0.616654 0.416813 0.898974 0.819994 0.662310 0.697802 0.975398 0.841245 0.966922 0.943926 0.977023 0.900072 0.885073 0.815146 0.845366 0.888404 0.841333 0.927901 0.656335 0.829327 0.943973 0.913812 0.965917 0.903840 0.889850 0.817153 0.887435 0.644947 0.767633 0.877645 0.893913 0.884393
0.993702 0.993761 0.552545 0.664346 0.760424 0.734052 0.883965 0.937041 0.656566 0.732840 0.973649 0.974285 0.761998 0.779438 0.660811 0.604341 0.763794 0.813858 0.944363 0.912834 0.779881 0.887141 0.514193 0.449798 0.000000 0.460058 0.808398 0.744881 0.887276 0.930028 0.659065 0.668334 0.992315 0.919242 0.830482 0.916181 0.702173 0.751098 0.575828 0.859939 0.893860 0.943188 0.973340 0.877123 0.693539 0.681138 0.994615 0.905793 0.582877 0.654733 0.625241 0.649856 0.775132 0.701884 0.980743 0.868053 0.902363 0.839746 0.740541 0.898858 0.961471 0.781335 0.651553 0.732361 0.433300 0.525835 0.843913 0.966593 0.822088 0.948576 0.820349 0.812936 0.589142 0.692020 0.970346 0.998920 0.955033 0.801437 0.855642 0.918409 0.902886 0.790939 0.828293 0.880911 0.578444 0.377843 0.952545 0.842015 0.694119 0.700731 0.872398 0.763262 0.828709 0.833937 0.961281 0.925426 0.956466 0.823145 0.815019 0.842324 0.773300 0.881917 0.741815 0.832082 0.962920 0.896965 0.884373 0.848201 0.879430 0.918679 0.882479 0.687547 0.839332 0.875214 0.823995 0.922173
0.855820 0.816935 0.464968 0.571441 0.925038 0.577673 0.910455 0.880582 0.487576 0.887114 0.839269 0.849661 0.852128 0.852602 0.803977 0.738260 0.586419 0.624294 0.894747 0.896465 0.849693 0.954088 0.634021 0.490452 0.460058 0.000000 0.986809 0.776069 0.682479 0.681120 0.717879 0.821382 0.960217 0.919812 0.716550 0.860233 0.770457 0.935561 0.578577 0.989156 0.986451 0.887819 0.942295 0.915430 0.880105 0.808429 0.993031 0.921283 0.659749 0.712487 0.776029 0.745316 0.947226 0.889065 0.941042 0.900490 0.742077 0.664441 0.732136 0.785281 0.847070 0.665128 0.593319 0.618220 0.381274 0.410532 0.951867 0.823023 0.951398 0.797546 0.691346 0.705196 0.702393 0.828933 0.993943 0.966130 0.922373 0.969332 0.754855 0.987140 0.687397 0.964024 0.939677 0.865030 0.647121 0.509320 0.900829 0.872055 0.692371 0.739414 0.786745 0.900891 0.790536 0.823329 0.890509 0.950330 0.793498 0.865413 0.943962 0.989771 0.966275 0.899028 0.772794 0.890321 0.888226 0.884145 0.869624 0.961777 0.908227 0.897428 0.973251 0.799262 0.992037 0.990609 0.975014 0.819329
0.933652 0.951189 0.943588 0.942639 0.923490 0.960623 0.665857 0.774560 0.954423 0.820978 0.939368 0.982417 0.942620 0.895611 0.883678 0.929729 0.956857 0.970236 0.991911 0.867763 0.938102 0.830808 0.932880 0.870560 0.808398 0.986809 0.000000 0.831701 0.994283 0.962754 0.882839 0.926329 0.773925 0.879415 0.905851 0.835877 0.891832 0.722878 0.982823 0.905779 0.862015 0.873221 0.803189 0.860883 0.664766 0.720821 0.899849 0.857092 0.864848 0.877644 0.731740 0.799619 0.711709 0.676371 0.992191 0.978530 0.960842 0.924961 0.837507 0.898427 0.731411 0.800166 0.872962 0.882003 0.918010 0.924825 0.626974 0.660360 0.825700 0.892444 0.854228 0.897481 0.982934 0.939668 0.950298 0.956388 0.831234 0.977625 0.962710 0.921283 0.949250 0.782270 0.896719 0.722380 0.862339 0.846912 0.939687 0.673421 0.894468 0.697532 0.751141 0.815174 0.721059 0.894610 0.888243 0.968867 0.937514 0.979872 0.723413 0.845828 0.688979 0.829662 0.933818 0.805160 0.965284 0.960916 0.827659 0.772638 0.943039 0.950948 0.727665 0.855438 0.828300 0.860235 0.894525 0.920015
0.824717 0.716509 0.988053 0.999478 0.837616 0.677691 0.648420 0.803991 0.942752 0.806222 0.773276 0.689595 0.877763 0.963755 0.860592 0.899037 0.708479 0.707044 0.749906 0.738126 0.963554 0.984278 0.932242 0.813024 0.744881 0.776069 0.831701 0.000000 0.718049 0.737163 0.953561 0.965624 0.760120 0.736852 0.866628 0.902652 0.893218 0.951325 0.768266 0.918815 0.993073 0.923788 0.821056 0.740890 0.719855 0.686380 0.793699 0.771130 0.692973 0.737357 0.747743 0.758042 0.901650 0.889055 0.930132 0.902195 0.718761 0.670901 0.616951 0.643873 0.685175 0.882140 0.638863 0.664489 0.822115 0.869613 0.692522 0.785033 0.996105 0.888281 0.993337 0.978904 0.963708 0.968190 0.881013 0.929127 0.750939 0.966376 0.789665 0.796121 0.691816 0.771202 0.896201 0.819284 0.988632 0.858827 0.920368 0.856250 0.946143 0.914357 0.990238 0.984345 0.948713 0.914747 0.896698 0.971680 0.912670 0.668420 0.841570 0.768060 0.947106 0.719510 0.735566 0.761838 0.872304 0.968896 0.921015 0.827670 0.933438 0.825770 0.937083 0.908841 0.886487 0.847782 0.908340 0.855757
0.483089 0.475869 0.887686 0.963799 0.994255 0.684895 0.833787 0.853232 0.892292 0.742855 0.414162 0.458936 0.737921 0.722021 0.879451 0.855101 0.335407 0.316852 0.459918 0.436470 0.914575 0.967732 0.941319 0.771708 0.887276 0.682479 0.994283 0.718049 0.000000 0.299191 0.768341 0.719656 0.588655 0.540104 0.843697 0.970867 0.960685 0.713370 0.907190 0.817630 0.982438 0.845765 0.881383 0.712704 0.868853 0.746937 0.704261 0.666513 0.705633 0.668851 0.809866 0.690606 0.926816 0.946585 0.965645 0.938272 0.468852 0.413495 0.597945 0.533375 0.712090 0.948384 0.409672 0.350394 0.657381 0.693510 0.915243 0.961464 0.529909 0.589010 0.905141 0.966197 0.784005 0.715623 0.904949 0.961454 0.878833 0.786570 0.519253 0.788715 0.398074 0.613344 0.533799 0.549079 0.988587 0.843498 0.821819 0.832989 0.856983 0.941088 0.682268 0.665936 0.598811 0.643533 0.924729 0.832866 0.968566 0.713725 0.875545 0.897101 0.985012 0.945448 0.575723 0.632598 0.935307 0.840082 0.975963 0.914677 0.995227 0.745469 0.997500 0.980107 0.781288 0.808982 0.805568 0.836157
0.454125 0.550043 0.937692 0.959590 0.948847 0.763875 0.828020 0.819498 0.837221 0.782826 0.407714 0.400598 0.665171 0.629806 0.783169 0.733691 0.328943 0.341262 0.493535 0.439228 0.945177 0.968229 0.853028 0.850771 0.930028 0.681120 0.962754 0.737163 0.299191 0.000000 0.675999 0.626110 0.575526 0.537468 0.913044 0.966482 0.999757 0.801268 0.907328 0.809389 0.929448 0.844501 0.952898 0.757403 0.975339 0.846877 0.682482 0.691609 0.833674 0.789438 0.900788 0.773200 0.995731 0.982215 0.973357 0.975644 0.564052 0.496097 0.598455 0.561607 0.660078 0.888641 0.385703 0.322037 0.667606 0.748915 0.903430 0.902793 0.482680 0.590645 0.876047 0.996110 0.756655 0.675842 0.797962 0.976098 0.844052 0.668719 0.519937 0.730094 0.387132 0.641964 0.480694 0.561605 0.956798 0.888795 0.826230 0.811618 0.800269 0.879112 0.632481 0.580033 0.539557 0.561459 0.948107 0.792221 0.928690 0.698312 0.957183 0.958857 0.993678 0.995551 0.655559 0.610624 0.862675 0.709410 0.954379 0.967957 0.860330 0.751983 0.951575 0.999452 0.924288 0.923967 0.718817 0.761104
0.837103 0.803861 0.537633 0.469600 0.812889 0.942901 0.594120 0.518620 0.578053 0.721753 0.684703 0.613770 0.601171 0.609000 0.679365 0.533551 0.844270 0.847216 0.674504 0.740378 0.900463 0.968685 0.476968 0.717000 0.659065 0.717879 0.882839 0.953561 0.768341 0.675999 0.000000 0.418245 0.553658 0.573047 0.896389 0.887764 0.830787 0.842026 0.763416 0.987120 0.965336 0.867360 0.721041 0.719322 0.953067 0.886846 0.678154 0.692290 0.838742 0.962663 0.993087 0.976199 0.894462 0.936384 0.957203 0.882277 0.915683 0.949423 0.838518 0.785900 0.475941 0.469526 0.846901 0.720246 0.743485 0.614131 0.740635 0.575752 0.792333 0.924605 0.581315 0.649197 0.647924 0.689909 0.886892 0.958654 0.723386 0.613706 0.771460 0.893024 0.820523 0.881857 0.656323 0.888478 0.893899 0.770337 0.851014 0.777599 0.800106 0.937835 0.971212 0.857333 0.960300 0.870710 0.866901 0.793304 0.911979 0.731866 0.841890 0.810880 0.743313 0.954173 0.981206 0.774774 0.693736 0.680280 0.800252 0.721649 0.775134 0.889549 0.822359 0.942927 0.877558 0.927924 0.576108 0.993925
0.814872 0.801890 0.640414 0.534652 0.901413 0.984112 0.740235 0.659002 0.718593 0.796702 0.717076 0.620729 0.686087 0.579312 0.681840 0.533320 0.827323 0.796006 0.616018 0.703996 0.797355 0.937662 0.463401 0.718724 0.668334 0.821382 0.926329 0.965624 0.719656 0.626110 0.418245 0.000000 0.556595 0.663494 0.984019 0.968874 0.802962 0.730062 0.886610 0.853037 0.983947 0.857106 0.734580 0.684473 0.961337 0.876043 0.704482 0.796004 0.927874 0.953189 0.971219 0.951056 0.932466 0.942038 0.927166 0.875220 0.845102 0.927943 0.867768 0.861290 0.626160 0.612584 0.847512 0.735881 0.832581 0.719856 0.859673 0.730852 0.801517 0.956203 0.679441 0.706760 0.751284 0.727518 0.934768 0.996447 0.806878 0.609471 0.783079 0.866983 0.797720 0.911581 0.678012 0.748207 0.902057 0.760473 0.834460 0.767644 0.907994 0.990405 0.991046 0.762879 0.850987 0.847119 0.997276 0.851168 0.953940 0.848419 0.837794 0.867964 0.859665 0.858564 0.901333 0.811570 0.774739 0.733364 0.927559 0.779819 0.780931 0.824986 0.910144 0.957929 0.893538 0.897269 0.534839 0.953775
0.632557 0.668670 0.741514 0.652458 0.991668 0.933594 0.453694 0.510253 0.788020 0.623928 0.568115 0.547615 0.668102 0.579863 0.828977 0.778846 0.536683 0.581048 0.510712 0.649972 0.960779 0.920415 0.742470 0.982052 0.992315 0.960217 0.773925 0.760120 0.588655 0.575526 0.553658 0.556595 0.000000 0.446803 0.908892 0.853689 0.867126 0.876707 0.962932 0.965589 0.841842 0.755515 0.690268 0.549832 0.642678 0.624708 0.515713 0.631756 0.780280 0.738684 0.708615 0.697530 0.713242 0.783884 0.926593 0.948661 0.626231 0.662647 0.594877 0.727925 0.382000 0.644730 0.507328 0.492839 0.987500 0.946715 0.525804 0.606334 0.692847 0.827473 0.651178 0.644205 0.709173 0.759504 0.842598 0.996339 0.725503 0.719200 0.561727 0.764954 0.574317 0.779323 0.582173 0.742035 0.840175 0.946439 0.918076 0.804990 0.966679 0.975765 0.857822 0.999815 0.941909 0.963720 0.797313 0.807602 0.947182 0.630844 0.553659 0.695410 0.737841 0.808406 0.693024 0.464885 0.759569 0.747658 0.985838 0.698798 0.866365 0.724323 0.682241 0.841841 0.721399 0.699461 0.588768 0.978179
0.608140 0.569953 0.792591 0.665395 0.929953 0.770800 0.418616 0.441212 0.852220 0.570101 0.457073 0.522093 0.836973 0.798181 0.961643 0.912479 0.496873 0.513157 0.443252 0.608244 0.859954 0.848050 0.875889 0.815952 0.919242 0.919812 0.879415 0.736852 0.540104 0.537468 0.573047 0.663494 0.446803 0.000000 0.928799 0.872875 0.970506 0.874938 0.914085 0.938605 0.947508 0.921069 0.652043 0.513157 0.656973 0.557863 0.501866 0.461048 0.767969 0.693434 0.757343 0.717320 0.847701 0.899051 0.998505 0.991347 0.560429 0.603767 0.422977 0.476485 0.405763 0.676325 0.450877 0.430759 0.915534 0.973875 0.513045 0.505343 0.687781 0.818285 0.837484 0.839166 0.868063 0.766150 0.908841 0.923582 0.714097 0.682774 0.522628 0.775662 0.617021 0.901777 0.666767 0.761813 0.900623 0.881536 0.840618 0.751731 0.910896 0.886723 0.956124 0.887595 0.938391 0.825078 0.851033 0.866931 0.973630 0.544592 0.640378 0.625777 0.598214 0.915632 0.595978 0.532866 0.739527 0.677052 0.991413 0.712524 0.868971 0.675243 0.733814 0.840274 0.691877 0.726286 0.618718 0.814192
0.989998 0.988132 0.658504 0.793065 0.729239 0.906608 0.815000 0.857202 0.724999 0.976036 0.994056 0.937526 0.978071 0.973479 0.956413 0.889971 0.848117 0.831287 0.972108 0.992809 0.981544 0.933812 0.973592 0.884051 0.830482 0.716550 0.905851 0.866628 0.843697 0.913044 0.896389 0.984019 0.908892 0.928799 0.000000 0.989315 0.974602 0.956724 0.937978 0.901943 0.892699 0.985062 0.839521 0.921411 0.859372 0.868922 0.759675 0.804735 0.975137 0.882309 0.945425 0.927660 0.906969 0.925177 0.916086 0.995980 0.985053 0.912021 0.966405 0.891841 0.805471 0.711150 0.849171 0.871993 0.691055 0.723237 0.820009 0.721522 0.941041 0.939224 0.867496 0.892170 0.930324 0.837257 0.954705 0.887830 0.917066 0.912659 0.882771 0.921858 0.922915 0.954731 0.945865 0.894920 0.858388 0.853474 0.979035 0.951217 0.919611 0.949593 0.836235 0.863405 0.844801 0.947862 0.997350 0.983688 0.849366 0.943769 0.871300 0.885938 0.937014 0.849672 0.967226 0.988827 0.973638 0.988324 0.801118 0.913341 0.988537 0.963533 0.988522 0.930658 0.863091 0.946479 0.897901 0.957341
0.936361 0.969844 0.993674 0.995345 0.903682 0.869871 0.821243 0.940188 0.923329 0.959933 0.964825 0.960745 0.834622 0.983101 0.861745 0.916173 0.916775 0.951667 0.933817 0.920654 0.905665 0.937329 0.896857 0.987989 0.916181 0.860233 0.835877 0.902652 0.970867 0.966482 0.887764 0.968874 0.853689 0.872875 0.989315 0.000000 0.978128 0.841786 0.976766 0.963589 0.924100 0.990253 0.873128 0.859945 0.724053 0.782535 0.871227 0.913934 0.842238 0.837082 0.840548 0.869847 0.746309 0.853803 0.981536 0.906259 0.961019 0.950657 0.808417 0.933161 0.862730 0.965657 0.903747 0.911181 0.924399 0.980003 0.749672 0.775986 0.879497 0.914586 0.986983 0.940875 0.820391 0.927783 0.920152 0.890161 0.932004 0.933590 0.974835 0.961173 0.913619 0.931086 0.930979 0.866039 0.978094 0.997769 0.984217 0.999280 0.869041 0.933823 0.917039 0.850657 0.904367 0.971811 0.883166 0.993588 0.981170 0.883300 0.862063 0.802258 0.869552 0.951182 0.886678 0.830420 0.941921 0.985701 0.980535 0.984630 0.984868 0.933838 0.830954 0.857320 0.979019 0.969123 0.937443 0.896991
0.816401 0.819568 0.678329 0.670693 0.927168 0.799180 0.989868 0.835879 0.638242 0.818023 0.988918 0.802355 0.731770 0.667035 0.655077 0.647646 0.997583 0.984339 0.705041 0.766288 0.953402 0.906066 0.619667 0.763215 0.702173 0.770457 0.891832 0.893218 0.960685 0.999757 0.830787 0.802962 0.867126 0.970506 0.974602 0.978128 0.000000 0.754856 0.806576 0.885838 0.780057 0.865393 0.697004 0.760265 0.965486 0.970337 0.751416 0.859171 0.959046 0.985823 0.982404 0.963169 0.925169 0.881024 0.858385 0.929744 0.832474 0.872519 0.907993 0.897590 0.891361 0.666325 0.805120 0.970116 0.704859 0.779238 0.875666 0.991738 0.745608 0.779581 0.644379 0.562845 0.669945 0.754326 0.870466 0.958826 0.717251 0.821580 0.900502 0.830845 0.947584 0.820363 0.870633 0.833337 0.679011 0.721149 0.971072 0.897332 0.781230 0.753739 0.839496 0.884201 0.960031 0.906348 0.970016 0.837290 0.806870 0.985474 0.795007 0.697222 0.938226 0.800857 0.997627 0.978247 0.888567 0.969352 0.912278 0.827229 0.696418 0.863802 0.994026 0.861427 0.960961 0.933039 0.969964 0.987595
0.647916 0.574830 0.900680 0.891995 0.959512 0.810782 0.924586 0.959570 0.845298 0.821894 0.763872 0.689433 0.836856 0.793982 0.856655 0.753232 0.797995 0.714598 0.629500 0.621774 0.817479 0.886389 0.757582 0.990322 0.751098 0.935561 0.722878 0.951325 0.713370 0.801268 0.842026 0.730062 0.876707 0.874938 0.956724 0.841786 0.754856 0.000000 0.911904 0.715028 0.862633 0.767221 0.795997 0.750410 0.978860 0.915340 0.703497 0.756801 0.893496 0.857944 0.949571 0.900555 0.958108 0.979827 0.993339 0.879173 0.554726 0.656397 0.999313 0.908214 0.983512 0.886738 0.977356 0.855963 0.914787 0.951572 0.786104 0.839278 0.695289 0.701459 0.831674 0.748270 0.768414 0.762861 0.875313 0.953121 0.999091 0.773611 0.810023 0.923135 0.707895 0.628932 0.692477 0.490337 0.792782 0.918366 0.887111 0.962887 0.929734 0.767451 0.949070 0.932690 0.817696 0.954392 0.874756 0.868099 0.978395 0.837976 0.906173 0.881352 0.895889 0.979432 0.755428 0.997612 0.989235 0.943019 0.954468 0.922506 0.954040 0.833360 0.919269 0.863223 0.902854 0.765349 0.915065 0.983523
