0.000000 0.412403 0.916649 0.978297 0.957857 0.916643 0.804905 0.651043 0.974664 0.647390 0.597596 0.538032 0.997484 0.834434 0.978849 0.831299 0.459441 0.506905 0.618395 0.579085 0.944846 0.994669 0.909607 0.930411 0.765551 0.807691 0.895885 0.819656 0.656328 0.611596 0.980323 0.900555 0.627957 0.632400 0.940135 0.987801 0.830822 0.748604 0.950435 0.958633 0.800311 0.943396 0.801207 0.670544 0.685936 0.700952 0.836467 0.796783 0.628884 0.780156 0.659072 0.825692 0.911304 0.909851 0.940356 0.871151 0.396998 0.421171 0.645984 0.845047 0.726035 0.818741 0.494392 0.460556 0.748807 0.893592 0.871112 0.840257 0.603120 0.681556 0.668840 0.742072 0.817585 0.726101 0.916519 0.953933 0.739019 0.721908 0.878288 0.862919 0.534778 0.569229 0.906248 0.758818 0.953488 0.972091 0.989352 0.889483 0.819295 0.955418 0.753964 0.758662 0.849681 0.936504 0.916543 0.875280 0.768190 0.870817 0.504575 0.633841 0.777475 0.953118 0.660343 0.574986 0.873710 0.990386 0.944520 0.840748 0.968161 0.899897 0.721094 0.753546 0.759054 0.946849 0.991469 0.902723
0.412403 0.000000 0.712874 0.899633 0.946418 0.980849 0.965206 0.752856 0.844387 0.723384 0.701000 0.527687 0.823478 0.850120 0.794862 0.975117 0.483154 0.477897 0.677707 0.517492 0.929774 0.911507 0.802101 0.861529 0.767327 0.695920 0.958360 0.788919 0.699408 0.597279 0.931625 0.906623 0.673322 0.671211 0.917264 0.883824 0.861391 0.709018 0.870842 0.945141 0.818031 0.769114 0.908466 0.726437 0.757394 0.706069 0.969516 0.906571 0.653597 0.786377 0.742734 0.881175 0.898954 0.904235 0.976089 0.812377 0.358401 0.327222 0.789527 0.802850 0.869174 0.776227 0.625230 0.454108 0.647759 0.887934 0.957606 0.886021 0.627086 0.625537 0.645575 0.771129 0.822790 0.693755 0.980438 0.965831 0.771855 0.743631 0.881338 0.857528 0.531938 0.603807 0.881136 0.745618 0.812059 0.941260 0.999218 0.934584 0.659808 0.923648 0.836655 0.832503 0.917991 0.990673 0.897258 0.874198 0.772360 0.826539 0.577282 0.713263 0.695455 0.970771 0.714368 0.616867 0.965991 0.936407 0.970158 0.915763 0.990227 0.906488 0.743952 0.724952 0.754407 0.932778 0.963769 0.912914
0.916649 0.712874 0.000000 0.477987 0.840821 0.979024 0.476129 0.832036 0.559871 0.993057 0.978575 0.689570 0.796553 0.941950 0.686129 0.991173 0.882634 0.789741 0.804199 0.802476 0.899870 0.863503 0.465243 0.697724 0.562235 0.540902 0.909230 0.789264 0.899749 0.773704 0.531479 0.741268 0.687113 0.771339 0.619581 0.965698 0.861012 0.942749 0.684286 0.885147 0.899237 0.854139 0.717752 0.911739 0.886108 0.989285 0.683593 0.792246 0.814346 0.956077 0.901514 0.824612 0.697383 0.672266 0.733543 0.936930 0.764123 0.715271 0.709645 0.954348 0.738901 0.908903 0.981418 0.717676 0.408911 0.609757 0.524748 0.672462 0.962879 0.879259 0.928119 0.932988 0.929172 0.971920 0.804786 0.830864 0.716486 0.804558 0.906404 0.966340 0.811564 0.876545 0.941272 0.772036 0.545599 0.699552 0.966867 0.892471 0.755261 0.850150 0.883173 0.834453 0.788044 0.642195 0.989454 0.920199 0.974888 0.827788 0.938788 0.933882 0.761727 0.852003 0.989235 0.806559 0.833905 0.583554 0.936394 0.851121 0.997389 0.981492 0.983101 0.923085 0.939938 0.952912 0.825905 0.927875
0.978297 0.899633 0.477987 0.000000 0.936330 0.947457 0.594386 0.741853 0.668190 0.961716 0.861395 0.845014 0.994886 0.979378 0.845521 0.874625 0.926902 0.787506 0.775628 0.977090 0.893789 0.976035 0.468309 0.524143 0.563963 0.587189 0.939944 0.841806 0.790654 0.736338 0.536690 0.704728 0.702106 0.838031 0.648611 0.982432 0.657431 0.769771 0.732911 0.895830 0.819447 0.965982 0.841470 0.961863 0.868374 0.798705 0.800256 0.922362 0.711093 0.913423 0.901011 0.954712 0.777873 0.582661 0.692176 0.945081 0.901123 0.880775 0.737242 0.908686 0.860316 0.945936 0.938737 0.872463 0.573131 0.623390 0.647365 0.813542 0.924248 0.913027 0.753242 0.703015 0.665862 0.834820 0.824608 0.856087 0.712274 0.813825 0.831261 0.963044 0.990405 0.997752 0.921695 0.913277 0.628043 0.644296 0.922405 0.919243 0.902139 0.807774 0.805042 0.775613 0.719252 0.633566 0.863242 0.983849 0.945446 0.911580 0.913609 0.955952 0.883691 0.763419 0.900462 0.950300 0.781416 0.704618 0.914538 0.796062 0.939610 0.972443 0.921531 0.945982 0.853315 0.934893 0.924371 0.974560
0.957857 0.946418 0.840821 0.936330 0.000000 0.729562 0.856538 0.988686 0.896472 0.911222 0.789957 0.930172 0.752747 0.985360 0.876980 0.879694 0.956370 0.977086 0.953111 0.936132 0.891071 0.891118 0.905755 0.967504 0.993579 0.942610 0.905425 0.983995 0.905084 0.993399 0.937445 0.902087 0.852522 0.868184 0.813750 0.870964 0.894359 0.890399 0.973906 0.960470 0.962576 0.865653 0.944716 0.884903 0.754735 0.790960 0.936213 0.767377 0.986641 0.870408 0.989491 0.896585 0.943336 0.961701 0.972579 0.867673 0.927659 0.910082 0.845617 0.878495 0.758438 0.942922 0.978486 0.873338 0.849670 0.810185 0.709626 0.644459 0.978321 0.976187 0.943710 0.827574 0.953993 0.927750 0.979211 0.970977 0.845619 0.925226 0.974431 0.878976 0.984211 0.966883 0.944517 0.893162 0.825807 0.868778 0.960210 0.924194 0.877878 0.834470 0.956856 0.928629 0.927316 0.855435 0.950006 0.917201 0.933293 0.993869 0.921858 0.937414 0.973120 0.926776 0.934757 0.783412 0.919065 0.977863 0.926735 0.991256 0.941776 0.954298 0.818083 0.991700 0.972431 0.963559 0.983910 0.736441
0.916643 0.980849 0.979024 0.947457 0.729562 0.000000 0.835921 0.799884 0.879892 0.758991 0.777280 0.795976 0.782916 0.999970 0.970624 0.881364 0.950645 0.969698 0.976885 0.914489 0.951286 0.879882 0.847342 0.813074 0.820580 0.860966 0.823559 0.984627 0.921954 0.946923 0.945434 0.837743 0.937752 0.979126 0.966548 0.842484 0.958919 0.860525 0.998166 0.967457 0.993604 0.875294 0.907330 0.970585 0.791370 0.756605 0.932656 0.932709 0.814709 0.866269 0.875650 0.886066 0.799753 0.921269 0.974948 0.920606 0.980720 0.983048 0.781374 0.907279 0.699779 0.785803 0.876013 0.897810 0.877196 0.977797 0.938536 0.878753 0.934536 0.966471 0.974002 0.911757 0.999479 0.982956 0.940310 0.966936 0.898555 0.965573 0.984970 0.913407 0.922551 0.964068 0.874391 0.927006 0.934143 0.887099 0.997410 0.957076 0.951573 0.885785 0.847237 0.856058 0.830782 0.906549 0.943437 0.989739 0.891134 0.840189 0.791320 0.946483 0.795957 0.870568 0.942199 0.973621 0.946605 0.923940 0.888040 0.957673 0.962724 0.967042 0.872391 0.900166 0.840655 0.952687 0.961778 0.807785
0.804905 0.965206 0.476129 0.594386 0.856538 0.835921 0.000000 0.573372 0.631852 0.623788 0.676239 0.970951 0.690989 0.866170 0.709443 0.823706 0.853011 0.933456 0.570885 0.935879 0.981758 0.903813 0.597533 0.761481 0.921739 0.875285 0.844042 0.986505 0.899495 0.924226 0.619685 0.751840 0.630668 0.595918 0.799919 0.935053 0.954767 0.943218 0.770834 0.993895 0.942747 0.884428 0.629623 0.764668 0.715817 0.822863 0.647172 0.734867 0.999412 0.992615 0.840879 0.937901 0.702434 0.670146 0.853637 0.920291 0.960975 0.946035 0.621890 0.927147 0.672346 0.923865 0.597057 0.953517 0.780286 0.933899 0.508289 0.720250 0.933699 0.970293 0.754340 0.774111 0.726893 0.796897 0.815035 0.735952 0.635856 0.813972 0.801460 0.845495 0.917933 0.833140 0.922851 0.961473 0.635640 0.820934 0.953301 0.893051 0.940499 0.942469 0.640255 0.578943 0.629743 0.630035 0.961105 0.905180 0.861166 0.886676 0.752531 0.687997 0.971359 0.674201 0.763053 0.871751 0.868129 0.673140 0.938690 0.740110 0.994229 0.943291 0.861903 0.893032 0.878865 0.981570 0.949311 0.928190
0.651043 0.752856 0.832036 0.741853 0.988686 0.799884 0.573372 0.000000 0.794134 0.527361 0.669748 0.585249 0.765294 0.718449 0.961553 0.718559 0.784403 0.909978 0.628134 0.819230 0.811332 0.970249 0.954844 0.994709 0.793474 0.907736 0.735405 0.828923 0.847950 0.802506 0.865203 0.934160 0.799664 0.701209 0.975131 0.934243 0.880844 0.959916 0.884809 0.872895 0.951579 0.905501 0.835522 0.795468 0.821473 0.811738 0.872788 0.856728 0.823569 0.998173 0.732216 0.972227 0.769780 0.704723 0.947178 0.993155 0.780802 0.801590 0.648610 0.803570 0.659545 0.668101 0.609016 0.637760 0.865980 0.954997 0.841617 0.903550 0.780345 0.800717 0.628350 0.778985 0.680351 0.701546 0.921112 0.943996 0.739734 0.920441 0.915016 0.976248 0.868468 0.906377 0.844708 0.924928 0.873342 0.767822 0.943204 0.841582 0.883007 0.909636 0.498751 0.504565 0.630628 0.662617 0.880824 0.956114 0.725092 0.850659 0.638138 0.699689 0.700123 0.588799 0.717373 0.629873 0.949958 0.832155 0.942534 0.803310 0.969055 0.892987 0.871921 0.831296 0.765652 0.840773 0.996833 0.994919
0.974664 0.844387 0.559871 0.668190 0.896472 0.879892 0.631852 0.794134 0.000000 0.852591 0.925706 0.875881 0.822596 0.875014 0.792995 0.806127 0.992492 0.900033 0.937153 0.902461 0.958947 0.802969 0.779774 0.904719 0.817653 0.662188 0.919772 0.815565 0.988850 0.839598 0.750450 0.976050 0.961379 0.953726 0.776485 0.883158 0.737482 0.962544 0.773130 0.830257 0.880674 0.999696 0.788834 0.857820 0.831380 0.931214 0.656041 0.797879 0.935978 0.797058 0.712613 0.724599 0.591653 0.667889 0.826408 0.992481 0.892081 0.880579 0.583828 0.728241 0.638627 0.855595 0.993087 0.979684 0.610535 0.696904 0.756626 0.849463 0.910388 0.946913 0.890307 0.946293 0.988800 0.979299 0.848409 0.929626 0.792206 0.984812 0.990339 0.915304 0.911209 0.842648 0.889305 0.997120 0.838695 0.964240 0.901276 0.842240 0.688100 0.775184 0.782095 0.825752 0.753610 0.822529 0.864701 0.937090 0.924585 0.921294 0.906425 0.842642 0.955864 0.966608 0.850182 0.917475 0.862353 0.675107 0.872423 0.830672 0.896820 0.980459 0.929295 0.955713 0.905866 0.987324 0.861033 0.891751
0.647390 0.723384 0.993057 0.961716 0.911222 0.758991 0.623788 0.527361 0.852591 0.000000 0.523869 0.643618 0.745622 0.775986 0.984324 0.797829 0.666434 0.676321 0.635333 0.741726 0.889008 0.975298 0.881042 0.830796 0.604836 0.677575 0.745864 0.793599 0.699866 0.599426 0.973708 0.994532 0.900642 0.689703 0.928490 0.889914 0.984993 0.959087 0.919359 0.866855 0.975779 0.986489 0.670022 0.630162 0.621358 0.616610 0.849324 0.768580 0.631773 0.898110 0.748578 0.989303 0.950626 0.963353 0.871403 0.956020 0.716899 0.787040 0.760850 0.977955 0.764899 0.909887 0.566902 0.619877 0.691703 0.691073 0.887318 0.973079 0.914583 0.872177 0.672762 0.764846 0.831045 0.743824 0.996806 0.847805 0.725878 0.973528 0.948840 0.962012 0.778710 0.794409 0.837090 0.874133 0.835873 0.748968 0.942593 0.857628 0.788624 0.741106 0.521047 0.578524 0.689682 0.867152 0.897786 0.954902 0.793836 0.860384 0.542890 0.617205 0.708272 0.805597 0.590344 0.631819 0.974924 0.956983 0.998339 0.805962 0.976404 0.979464 0.863194 0.695973 0.708695 0.858707 0.961513 0.904964
0.597596 0.701000 0.978575 0.861395 0.789957 0.777280 0.676239 0.669748 0.925706 0.523869 0.000000 0.601854 0.678360 0.739847 0.774671 0.850257 0.573553 0.555890 0.615519 0.640098 0.921228 0.900927 0.878609 0.811674 0.621513 0.658968 0.889708 0.757946 0.557461 0.511769 0.972869 0.988804 0.797624 0.652363 0.844284 0.952770 0.870566 0.847958 0.992036 0.897790 0.940778 0.954241 0.781779 0.674353 0.586703 0.628132 0.859677 0.758827 0.657435 0.807121 0.858650 0.940854 0.929698 0.965154 0.872195 0.994018 0.653671 0.700786 0.775379 0.996259 0.705433 0.951198 0.550413 0.652407 0.780708 0.784255 0.859494 0.873399 0.836545 0.788715 0.805983 0.957442 0.867917 0.816618 0.970349 0.836258 0.844311 0.847721 0.947118 0.803926 0.725123 0.670956 0.953095 0.840702 0.981511 0.830586 0.939533 0.907590 0.887414 0.675945 0.744280 0.730386 0.883404 0.947907 0.998448 0.977338 0.872893 0.990269 0.542157 0.624847 0.867821 0.887243 0.790291 0.795597 0.870841 0.982810 0.880722 0.935413 0.986162 0.903353 0.812190 0.734632 0.728991 0.910662 0.973750 0.966725
0.538032 0.527687 0.689570 0.845014 0.930172 0.795976 0.970951 0.585249 0.875881 0.643618 0.601854 0.000000 0.848893 0.669209 0.911782 0.737435 0.640374 0.660552 0.768883 0.688895 0.834276 0.917494 0.674637 0.723519 0.540312 0.562500 0.733974 0.704625 0.753110 0.591478 0.770484 0.879696 0.900763 0.860145 0.730835 0.973417 0.964594 0.907739 0.865240 0.876655 0.986579 0.852582 0.958453 0.855774 0.851818 0.779430 0.934111 0.911263 0.691870 0.955252 0.817244 0.969109 0.988761 0.988088 0.870221 0.919451 0.562739 0.558742 0.830908 0.812002 0.766721 0.682645 0.567402 0.419928 0.540177 0.730241 0.874938 0.955822 0.713426 0.772162 0.764782 0.931866 0.848844 0.807159 0.962559 0.897603 0.942253 0.937751 0.979528 0.985591 0.704920 0.736369 0.992668 0.684386 0.663485 0.667869 0.994156 0.956345 0.837541 0.787844 0.748666 0.769918 0.904815 0.968744 0.905901 0.969340 0.776936 0.832258 0.619534 0.772264 0.692660 0.881980 0.832594 0.620751 0.935037 0.871383 0.925987 0.971115 0.916143 0.892208 0.794390 0.802493 0.733492 0.850611 0.921106 0.965427
0.997484 0.823478 0.796553 0.994886 0.752747 0.782916 0.690989 0.765294 0.822596 0.745622 0.678360 0.848893 0.000000 0.813524 0.693115 0.785919 0.964096 0.957905 0.961496 0.899059 0.986483 0.970398 0.973406 0.873832 0.808314 0.914661 0.931429 0.936893 0.897938 0.896673 0.977212 0.863294 0.959361 0.913262 0.904945 0.937509 0.912094 0.826338 0.984472 0.983333 0.872253 0.821536 0.896008 0.881221 0.786882 0.828283 0.856449 0.816823 0.919878 0.920988 0.918385 0.966559 0.826197 0.949616 0.889338 0.969327 0.831363 0.822426 0.779101 0.974780 0.660405 0.910106 0.811583 0.980247 0.942159 0.944579 0.873555 0.907903 0.891964 0.895541 0.952096 0.917019 0.980416 0.921794 0.880649 0.822861 0.953640 0.976330 0.956517 0.953131 0.831244 0.911001 0.912147 0.888433 0.948463 0.856331 0.955367 0.889782 0.802990 0.848900 0.799687 0.852295 0.846883 0.873616 0.883230 0.973303 0.984020 0.993357 0.861905 0.957213 0.891275 0.844613 0.985213 0.994231 0.927868 0.952145 0.978618 0.962937 0.898133 0.916607 0.899578 0.941144 0.878865 0.942653 0.931310 0.905959
0.834434 0.850120 0.941950 0.979378 0.985360 0.999970 0.866170 0.718449 0.875014 0.775986 0.739847 0.669209 0.813524 0.000000 0.830341 0.720213 0.734361 0.740259 0.617146 0.688323 0.790437 0.945845 0.912829 0.915286 0.856643 0.745974 0.892738 0.681871 0.715092 0.643589 0.971005 0.846915 0.883428 0.889207 0.722480 0.956645 0.928727 0.941150 0.962913 0.841364 0.861871 0.971234 0.805964 0.840195 0.973578 0.981136 0.991240 0.902284 0.975720 0.762652 0.840544 0.694512 0.831007 0.963266 0.822645 0.931525 0.805815 0.862354 0.861353 0.789572 0.813204 0.876431 0.702875 0.845468 0.798099 0.725475 0.888740 0.803855 0.905438 0.940142 0.805515 0.926402 0.833720 0.765279 0.976762 0.898525 0.959947 0.925232 0.870278 0.806592 0.829028 0.780247 0.902146 0.956414 0.955456 0.882336 0.944903 0.837032 0.787223 0.645526 0.852358 0.869059 0.955616 0.996778 0.902217 0.878478 0.947818 0.994283 0.807564 0.779522 0.897943 0.793274 0.867177 0.760179 0.818629 0.746064 0.983387 0.960688 0.967105 0.856185 0.936244 0.842072 0.853617 0.862809 0.984292 0.867140
0.978849 0.794862 0.686129 0.845521 0.876980 0.970624 0.709443 0.961553 0.792995 0.984324 0.774671 0.911782 0.693115 0.830341 0.000000 0.776116 0.915007 0.923068 0.821623 0.966763 0.959257 0.909913 0.733845 0.815072 0.869711 0.809034 0.895380 0.907719 0.786270 0.914178 0.814418 0.837872 0.852183 0.887893 0.950398 0.915073 0.967121 0.887233 0.769553 0.785474 0.931686 0.811026 0.657249 0.764428 0.838239 0.912758 0.630467 0.624930 0.952589 0.900930 0.948035 0.890016 0.857388 0.950162 0.934075 0.967994 0.916306 0.838179 0.893557 0.836137 0.893087 0.787025 0.873642 0.871322 0.691234 0.902857 0.859894 0.932984 0.965299 0.810747 0.869530 0.932351 0.977660 0.872976 0.961476 0.848289 0.987690 0.844738 0.907297 0.804575 0.985871 0.936483 0.892077 0.998521 0.639673 0.824905 0.929216 0.941021 0.776090 0.987178 0.941612 0.926604 0.963760 0.922329 0.871907 0.979371 0.869872 0.861851 0.963141 0.850649 0.790591 0.909726 0.978860 0.843335 0.956803 0.823913 0.958789 0.866713 0.991660 0.934001 0.948806 0.930831 0.993219 0.952439 0.834517 0.911067
0.831299 0.975117 0.991173 0.874625 0.879694 0.881364 0.823706 0.718559 0.806127 0.797829 0.850257 0.737435 0.785919 0.720213 0.776116 0.000000 0.897322 0.955801 0.823173 0.850207 0.926739 0.893549 0.940557 0.859877 0.923023 0.989685 0.802831 0.939113 0.909916 0.833054 0.961222 0.862050 0.915655 0.952099 0.867038 0.838708 0.838282 0.985115 0.936752 0.834411 0.975704 0.990815 0.918687 0.968021 0.960393 0.956759 0.845909 0.852548 0.881008 0.945664 0.795700 0.982472 0.822657 0.874618 0.956793 0.916705 0.938695 0.925771 0.890391 0.975065 0.914633 0.958688 0.730626 0.796125 0.861942 0.825621 0.814383 0.734742 0.876549 0.919268 0.854948 0.906217 0.810197 0.868552 0.941372 0.933802 0.932670 0.954646 0.993174 0.986482 0.893007 0.856094 0.917028 0.722698 0.981864 0.927278 0.966643 0.830340 0.973569 0.957183 0.867031 0.994529 0.932825 0.946867 0.966368 0.947695 0.915435 0.958801 0.869449 0.905017 0.923710 0.951431 0.888310 0.799792 0.983206 0.928108 0.824155 0.929076 0.990236 0.946861 0.940337 0.928812 0.949293 0.995743 0.967196 0.953394
0.459441 0.483154 0.882634 0.926902 0.956370 0.950645 0.853011 0.784403 0.992492 0.666434 0.573553 0.640374 0.964096 0.734361 0.915007 0.897322 0.000000 0.355759 0.499280 0.485852 0.969829 0.989515 0.966064 0.914979 0.761796 0.716635 0.962977 0.793919 0.502814 0.491868 0.990896 0.819347 0.674633 0.649498 0.830862 0.962219 0.940751 0.896714 0.901793 0.975206 0.908019 0.911721 0.664033 0.627483 0.737586 0.790072 0.870783 0.842161 0.721795 0.881101 0.857870 0.981526 0.881599 0.903254 0.929027 0.906298 0.358277 0.448470 0.869211 0.946873 0.965136 0.911100 0.535124 0.533288 0.743888 0.752514 0.916437 0.990704 0.658393 0.702884 0.673613 0.737873 0.836235 0.769246 0.882913 0.874884 0.815666 0.811476 0.786582 0.697996 0.447572 0.551484 0.787903 0.738815 0.967851 0.957057 0.992593 0.929569 0.720161 0.859707 0.817152 0.804317 0.940077 0.964890 0.933051 0.872907 0.840432 0.968351 0.566805 0.541335 0.803935 0.994456 0.624000 0.666418 0.959247 0.912252 0.918001 0.958875 0.965635 0.897395 0.734982 0.706082 0.701446 0.977342 0.959187 0.933587
0.506905 0.477897 0.789741 0.787506 0.977086 0.969698 0.933456 0.909978 0.900033 0.676321 0.555890 0.660552 0.957905 0.740259 0.923068 0.955801 0.355759 0.000000 0.563326 0.444615 0.916488 0.955991 0.887759 0.885646 0.719265 0.612536 0.967605 0.758379 0.475256 0.442859 0.925289 0.827489 0.731147 0.672046 0.791617 0.963477 0.979037 0.956497 0.807318 0.891831 0.946604 0.940122 0.723586 0.633581 0.703485 0.731501 0.878012 0.799680 0.694926 0.862979 0.919907 0.983210 0.809476 0.793788 0.832167 0.964997 0.379834 0.445664 0.965274 0.878328 0.979873 0.876448 0.579951 0.584085 0.691679 0.725034 0.954096 0.975452 0.683884 0.714852 0.773895 0.856493 0.897782 0.749511 0.976830 0.883664 0.835217 0.768952 0.814223 0.735240 0.452710 0.512955 0.789240 0.767905 0.958884 0.937835 0.898962 0.961501 0.645827 0.802806 0.905803 0.864436 0.978613 0.908697 0.928508 0.857737 0.903735 0.983708 0.604807 0.584355 0.837668 0.908914 0.652255 0.706915 0.894358 0.822983 0.978432 0.945519 0.938359 0.951535 0.743002 0.646679 0.718820 0.936636 0.983095 0.951875
0.618395 0.677707 0.804199 0.775628 0.953111 0.976885 0.570885 0.628134 0.937153 0.635333 0.615519 0.768883 0.961496 0.617146 0.821623 0.823173 0.499280 0.563326 0.000000 0.546196 0.996909 0.997035 0.684554 0.785152 0.996132 0.863869 0.889691 0.831992 0.642174 0.597391 0.777276 0.631706 0.571941 0.565154 0.962519 0.951966 0.975904 0.945602 0.978222 0.923837 0.949520 0.950336 0.605243 0.690675 0.806173 0.870482 0.796285 0.774236 0.955220 0.943736 0.976618 0.881858 0.969391 0.905690 0.964784 0.959841 0.590236 0.689483 0.872251 0.831131 0.969321 0.822093 0.516626 0.754464 0.961730 0.866861 0.708160 0.891951 0.758792 0.859224 0.585833 0.709573 0.618570 0.629167 0.911776 0.775297 0.690169 0.734715 0.734938 0.663494 0.574758 0.567730 0.863056 0.870367 0.761877 0.880339 0.884546 0.974260 0.737858 0.802184 0.726137 0.663308 0.817989 0.841158 0.897895 0.823829 0.834695 0.885723 0.669434 0.557293 0.937524 0.785493 0.636315 0.761269 0.964219 0.946147 0.923488 0.906651 0.921915 0.935082 0.873476 0.806160 0.841708 0.986138 0.989636 0.968131
0.579085 0.517492 0.802476 0.977090 0.936132 0.914489 0.935879 0.819230 0.902461 0.741726 0.640098 0.688895 0.899059 0.688323 0.966763 0.850207 0.485852 0.444615 0.546196 0.000000 0.914820 0.833542 0.972496 0.936059 0.807212 0.704709 0.998837 0.753611 0.612108 0.572657 0.968930 0.735953 0.750126 0.773131 0.840500 0.910733 0.902767 0.902954 0.823583 0.879784 0.896132 0.924822 0.823665 0.791455 0.923231 0.955373 0.937732 0.893358 0.903973 0.957769 0.968562 0.841171 0.807351 0.915636 0.919604 0.965111 0.469746 0.492771 0.999880 0.900214 0.909232 0.929760 0.611730 0.612521 0.705529 0.756401 0.990770 0.894435 0.664474 0.740143 0.649033 0.766742 0.678276 0.629993 0.997929 0.909955 0.826417 0.760076 0.776627 0.744480 0.448587 0.514608 0.760108 0.704923 0.985320 0.967080 0.990864 0.985632 0.661894 0.822339 0.869299 0.799642 0.945639 0.957486 0.959435 0.902749 0.873051 0.990201 0.705791 0.655763 0.916885 0.971409 0.702232 0.670080 0.942859 0.826592 0.967618 0.920481 0.986494 0.974244 0.875216 0.810997 0.919853 0.871682 0.975766 0.824307
0.944846 0.929774 0.899870 0.893789 0.891071 0.951286 0.981758 0.811332 0.958947 0.889008 0.921228 0.834276 0.986483 0.790437 0.959257 0.926739 0.969829 0.916488 0.996909 0.914820 0.000000 0.974600 0.840033 0.903946 0.862266 0.851456 0.851900 0.921787 0.804786 0.910728 0.997927 0.977787 0.930332 0.981151 0.861421 0.865256 0.949705 0.946667 0.993986 0.842978 0.953191 0.948101 0.979675 0.933055 0.981573 0.933131 0.982220 0.930083 0.871891 0.985052 0.971486 0.966443 0.970627 0.992183 0.942253 0.757789 0.965781 0.921849 0.975712 0.980112 0.955963 0.836382 0.966300 0.852774 0.866437 0.908167 0.800839 0.893164 0.904997 0.954171 0.969816 0.921133 0.882103 0.895543 0.936418 0.908937 0.943991 0.986382 0.941375 0.973373 0.972326 0.980261 0.920532 0.932633 0.771640 0.717545 0.889895 0.981021 0.954090 0.998681 0.921160 0.917873 0.945548 0.909774 0.827946 0.902295 0.872727 0.992700 0.875010 0.970221 0.904680 0.939702 0.970510 0.885030 0.940563 0.916796 0.953542 0.955584 0.961346 0.931563 0.922857 0.900313 0.852311 0.796899 0.915949 0.879159
0.994669 0.911507 0.863503 0.976035 0.891118 0.879882 0.903813 0.970249 0.802969 0.975298 0.900927 0.917494 0.970398 0.945845 0.909913 0.893549 0.989515 0.955991 0.997035 0.833542 0.974600 0.000000 0.834601 0.926552 0.834207 0.855966 0.999668 0.849560 0.947413 0.924580 0.887962 0.939359 0.981152 0.999811 0.946417 0.986953 0.974485 0.944466 0.938426 0.969270 0.952465 0.937133 0.866779 0.927363 0.863339 0.871578 0.849250 0.881465 0.929360 0.858786 0.836615 0.787882 0.880077 0.923584 0.951951 0.873171 0.991616 0.949039 0.875344 0.937435 0.952501 0.969959 0.943811 0.892751 0.877442 0.892826 0.883752 0.893636 0.932175 0.996780 0.946610 0.987509 0.821960 0.937332 0.815424 0.970788 0.928061 0.956820 0.891375 0.966657 0.953136 0.906899 0.857640 0.981303 0.894982 0.922309 0.920281 0.972541 0.809316 0.889130 0.926568 0.997846 0.885072 0.973463 0.855201 0.760991 0.896314 0.939659 0.942822 0.953634 0.955900 0.909404 0.996108 0.957055 0.885205 0.999410 0.900934 0.875755 0.933642 0.934928 0.866079 0.961505 0.807630 0.965915 0.834934 0.848739
0.909607 0.802101 0.465243 0.468309 0.905755 0.847342 0.597533 0.954844 0.779774 0.881042 0.878609 0.674637 0.973406 0.912829 0.733845 0.940557 0.966064 0.887759 0.684554 0.972496 0.840033 0.834601 0.000000 0.421419 0.492464 0.630113 0.886455 0.862689 0.903071 0.855709 0.495426 0.605987 0.688401 0.827223 0.677990 0.886373 0.913470 0.921189 0.712514 0.885783 0.927537 0.928305 0.722263 0.930684 0.954453 0.839586 0.769127 0.865859 0.692645 0.864273 0.959259 0.999342 0.875055 0.749423 0.769585 0.921775 0.871613 0.819795 0.926391 0.856114 0.941297 0.725211 0.947926 0.679277 0.528205 0.710720 0.610412 0.822428 0.998393 0.860581 0.809532 0.804534 0.763427 0.839303 0.844868 0.806218 0.765607 0.803806 0.808125 0.792782 0.988822 0.909615 0.902745 0.856711 0.432510 0.481648 0.941359 0.907126 0.915476 0.919192 0.995252 0.915851 0.908089 0.734874 0.822312 0.887460 0.979547 0.748916 0.851921 0.919537 0.731494 0.845629 0.997702 0.856034 0.853597 0.799025 0.854180 0.862769 0.896961 0.920378 0.965258 0.864987 0.867138 0.930181 0.892107 0.934950
0.930411 0.861529 0.697724 0.524143 0.967504 0.813074 0.761481 0.994709 0.904719 0.830796 0.811674 0.723519 0.873832 0.915286 0.815072 0.859877 0.914979 0.885646 0.785152 0.936059 0.903946 0.926552 0.421419 0.000000 0.551914 0.708917 0.936540 0.935745 0.889724 0.826823 0.618580 0.578503 0.798752 0.969211 0.785906 0.972460 0.886726 0.925014 0.688335 0.966170 0.894154 0.994147 0.869702 0.928321 0.798768 0.740797 0.830299 0.946190 0.669400 0.810475 0.911299 0.930611 0.909719 0.749951 0.786256 0.880029 0.906024 0.870815 0.938465 0.775404 0.794305 0.787247 0.995157 0.728273 0.719200 0.828954 0.821035 0.991298 0.971951 0.852506 0.842129 0.757940 0.729081 0.723401 0.932184 0.881766 0.913619 0.853136 0.885875 0.809440 0.937014 0.848182 0.923478 0.940565 0.513966 0.521535 0.993472 0.866653 0.997495 0.912378 0.985978 0.957503 0.977141 0.869896 0.754696 0.951274 0.934559 0.765874 0.779643 0.995940 0.827222 0.879918 0.966601 0.934281 0.860228 0.947839 0.922195 0.804034 0.929409 0.984960 0.918785 0.818704 0.780840 0.844534 0.991409 0.966878
0.765551 0.767327 0.562235 0.563963 0.993579 0.820580 0.921739 0.793474 0.817653 0.604836 0.621513 0.540312 0.808314 0.856643 0.869711 0.923023 0.761796 0.719265 0.996132 0.807212 0.862266 0.834207 0.492464 0.551914 0.000000 0.450868 0.747719 0.685441 0.729069 0.648349 0.586095 0.721552 0.803153 0.961195 0.646324 0.876435 0.771063 0.797873 0.751554 0.784666 0.862161 0.995001 0.942027 0.867393 0.807886 0.751510 0.844079 0.998775 0.669511 0.981639 0.996462 0.831328 0.912595 0.853954 0.770155 0.944143 0.746022 0.769305 0.992613 0.997969 0.915421 0.843733 0.707874 0.566297 0.449323 0.544344 0.800470 0.847481 0.958305 0.846931 0.990316 0.971311 0.961778 0.942644 0.888599 0.982543 0.906251 0.860144 0.943433 0.990977 0.838652 0.858224 0.935296 0.812644 0.543693 0.539162 0.920257 0.920301 0.798711 0.776248 0.800998 0.822385 0.940358 0.914777 0.820589 0.997905 0.816364 0.784409 0.685934 0.825790 0.686692 0.899236 0.823054 0.644885 0.867250 0.805649 0.885704 0.958140 0.951239 0.863005 0.916526 0.743665 0.766910 0.793775 0.874197 0.984396
0.807691 0.695920 0.540902 0.587189 0.942610 0.860966 0.875285 0.907736 0.662188 0.677575 0.658968 0.562500 0.914661 0.745974 0.809034 0.989685 0.716635 0.612536 0.863869 0.704709 0.851456 0.855966 0.630113 0.708917 0.450868 0.000000 0.789034 0.634235 0.681834 0.578949 0.713620 0.875033 0.925424 0.988436 0.715370 0.888501 0.717602 0.874568 0.708687 0.747285 0.881404 0.924302 0.949661 0.952409 0.883167 0.805842 0.748445 0.958711 0.824509 0.950601 0.852772 0.747834 0.795436 0.761345 0.695861 0.982853 0.694378 0.696092 0.842411 0.881636 0.907573 0.986196 0.725590 0.657571 0.450302 0.553480 0.833465 0.857025 0.988479 0.871317 0.916421 0.985003 0.954373 0.790004 0.900536 0.996841 0.954879 0.984751 0.966793 0.928160 0.747381 0.714518 0.990155 0.839965 0.673172 0.714346 0.949715 0.972709 0.729286 0.696912 0.855517 0.839207 0.991245 0.916488 0.943753 0.994270 0.893882 0.895150 0.727333 0.776738 0.736928 0.914415 0.880697 0.712031 0.840867 0.650136 0.924581 0.914753 0.922961 0.946800 0.897798 0.738603 0.799297 0.869871 0.910140 0.977491
0.895885 0.958360 0.909230 0.939944 0.905425 0.823559 0.844042 0.735405 0.919772 0.745864 0.889708 0.733974 0.931429 0.892738 0.895380 0.802831 0.962977 0.967605 0.889691 0.998837 0.851900 0.999668 0.886455 0.936540 0.747719 0.789034 0.000000 0.881951 0.919397 0.888491 0.886382 0.979724 0.944835 0.960232 0.872494 0.839583 0.870834 0.961214 0.914422 0.924118 0.958219 0.970936 0.914178 0.987520 0.979578 0.948052 0.940495 0.977335 0.926975 0.836492 0.951760 0.802285 0.884690 0.997042 0.972605 0.946925 0.962815 0.962648 0.974342 0.880433 0.967477 0.952870 0.782056 0.809308 0.718950 0.699696 0.898404 0.927968 0.985526 0.966994 0.958600 0.926428 0.879027 0.911968 0.962105 0.953699 0.939382 0.995555 0.985298 0.983220 0.962679 0.914237 0.888285 0.859430 0.911034 0.782566 0.990057 0.986292 0.878377 0.951704 0.811808 0.841127 0.865675 0.992551 0.983275 0.898560 0.760599 0.853139 0.743628 0.803452 0.907390 0.757411 0.841454 0.705652 0.994838 0.989262 0.922174 0.925675 0.972300 0.986959 0.993096 0.983064 0.946190 0.969099 0.851681 0.998181
0.819656 0.788919 0.789264 0.841806 0.983995 0.984627 0.986505 0.828923 0.815565 0.793599 0.757946 0.704625 0.936893 0.681871 0.907719 0.939113 0.793919 0.758379 0.831992 0.753611 0.921787 0.849560 0.862689 0.935745 0.685441 0.634235 0.881951 0.000000 0.759657 0.673451 0.792759 0.950913 0.990559 0.921536 0.752471 0.997521 0.911740 0.936460 0.956574 0.823925 0.861417 0.980599 0.974506 0.883248 0.848267 0.870589 0.920433 0.941221 0.887676 0.934870 0.951889 0.817504 0.920512 0.962711 0.875756 0.896691 0.800490 0.805746 0.864130 0.905708 0.941880 0.958250 0.838372 0.873920 0.733483 0.804799 0.917882 0.931175 0.857055 0.922975 0.931437 0.979326 0.839166 0.765928 0.986875 0.998589 0.959500 0.959856 0.977684 0.723407 0.804934 0.743837 0.959217 0.882711 0.940733 0.863862 0.964540 0.895903 0.864673 0.629185 0.904315 0.869269 0.979269 0.969953 0.916549 0.888556 0.973276 0.865939 0.793031 0.758590 0.977010 0.870879 0.873001 0.844099 0.962334 0.820473 0.958657 0.940865 0.981142 0.891867 0.943873 0.845004 0.870894 0.853746 0.916539 0.908976
0.656328 0.699408 0.899749 0.790654 0.905084 0.921954 0.899495 0.847950 0.988850 0.699866 0.557461 0.753110 0.897938 0.715092 0.786270 0.909916 0.502814 0.475256 0.642174 0.612108 0.804786 0.947413 0.903071 0.889724 0.729069 0.681834 0.919397 0.759657 0.000000 0.507052 0.987331 0.932915 0.831716 0.722270 0.807141 0.943188 0.928939 0.911502 0.910409 0.913739 0.942618 0.997862 0.652191 0.634546 0.655185 0.690426 0.827227 0.760463 0.681952 0.799026 0.914681 0.961337 0.968786 0.846800 0.924399 0.956640 0.612537 0.651899 0.992615 0.902245 0.987758 0.935552 0.727618 0.734729 0.791466 0.789669 0.977913 0.993781 0.719443 0.784642 0.948595 0.951622 0.945415 0.815552 0.940901 0.816583 0.923458 0.755132 0.838056 0.743776 0.624357 0.692290 0.833652 0.824259 0.964510 0.858568 0.977189 0.994298 0.822574 0.794893 0.879846 0.884199 0.993181 0.853648 0.908760 0.915418 0.892633 0.994645 0.611685 0.654843 0.816807 0.933733 0.795599 0.843321 0.876251 0.869890 0.934602 0.988168 0.980234 0.928435 0.768552 0.756662 0.662861 0.942518 0.914730 0.968811
0.611596 0.597279 0.773704 0.736338 0.993399 0.946923 0.924226 0.802506 0.839598 0.599426 0.511769 0.591478 0.896673 0.643589 0.914178 0.833054 0.491868 0.442859 0.597391 0.572657 0.910728 0.924580 0.855709 0.826823 0.648349 0.578949 0.888491 0.673451 0.507052 0.000000 0.914550 0.971683 0.839280 0.732695 0.683593 0.966880 0.831466 0.971463 0.838847 0.893457 0.877930 0.991806 0.754083 0.630104 0.721125 0.708040 0.952169 0.793592 0.660808 0.934536 0.964040 0.931064 0.840685 0.800410 0.786114 0.968709 0.548242 0.599542 0.991685 0.864928 0.986980 0.919776 0.590429 0.601768 0.626190 0.625470 0.932806 0.918409 0.767948 0.883192 0.820915 0.959681 0.978517 0.834428 0.972478 0.957290 0.978523 0.840723 0.886922 0.775325 0.568347 0.598203 0.830696 0.812314 0.852224 0.757872 0.916687 0.971254 0.712086 0.653986 0.891802 0.935630 0.895245 0.886126 0.979635 0.970425 0.960446 0.999226 0.679115 0.719839 0.799998 0.984729 0.740051 0.750039 0.768883 0.788352 0.902426 0.936120 0.986203 0.983251 0.888975 0.822580 0.708245 0.954604 0.950555 0.910411
0.980323 0.931625 0.531479 0.536690 0.937445 0.945434 0.619685 0.865203 0.750450 0.973708 0.972869 0.770484 0.977212 0.971005 0.814418 0.961222 0.990896 0.925289 0.777276 0.968930 0.997927 0.887962 0.495426 0.618580 0.586095 0.713620 0.886382 0.792759 0.987331 0.914550 0.000000 0.639307 0.683120 0.733335 0.671548 0.999853 0.827279 0.898946 0.667680 0.838620 0.871885 0.992502 0.742505 0.903611 0.935553 0.987702 0.776803 0.929418 0.876762 0.972978 0.889471 0.838282 0.819839 0.794472 0.737155 0.934009 0.915758 0.909350 0.821739 0.997291 0.941436 0.855638 0.995487 0.828332 0.615842 0.774396 0.700219 0.827389 0.981066 0.894712 0.735388 0.784010 0.909587 0.902399 0.844675 0.807223 0.727816 0.780517 0.901773 0.877398 0.971334 0.958667 0.931260 0.862957 0.637847 0.656957 0.946941 0.997613 0.885234 0.922730 0.951409 0.920985 0.909847 0.768381 0.869357 0.973650 0.960955 0.830298 0.928095 0.981948 0.959134 0.833799 0.988094 0.881549 0.939126 0.756451 0.934939 0.819721 0.974435 0.972219 0.878880 0.967974 0.971862 0.860254 0.922900 0.925722
0.900555 0.906623 0.741268 0.704728 0.902087 0.837743 0.751840 0.934160 0.976050 0.994532 0.988804 0.879696 0.863294 0.846915 0.837872 0.862050 0.819347 0.827489 0.631706 0.735953 0.977787 0.939359 0.605987 0.578503 0.721552 0.875033 0.979724 0.950913 0.932915 0.971683 0.639307 0.000000 0.701551 0.734468 0.859262 0.875592 0.841585 0.943701 0.813738 0.935413 0.862565 0.951204 0.751535 0.953992 0.987353 0.955850 0.799887 0.861465 0.884529 0.920801 0.996939 0.964676 0.984056 0.866825 0.833478 0.932082 0.800689 0.863478 0.991917 0.786545 0.837855 0.722048 0.822895 0.953904 0.857285 0.987051 0.804092 0.948205 0.965548 0.976581 0.728283 0.718370 0.796580 0.707174 0.969706 0.806250 0.827687 0.711453 0.762706 0.777996 0.809523 0.738315 0.772102 0.999195 0.651540 0.678397 0.925433 0.910938 0.790513 0.932591 0.970694 0.906691 0.953648 0.841733 0.971683 0.908769 0.965566 0.939764 0.999219 0.832621 0.880756 0.945963 0.899979 0.891325 0.974045 0.949986 0.990389 0.852334 0.848250 0.997525 0.934108 0.935622 0.975806 0.935149 0.962424 0.920459
0.627957 0.673322 0.687113 0.702106 0.852522 0.937752 0.630668 0.799664 0.961379 0.900642 0.797624 0.900763 0.959361 0.883428 0.852183 0.915655 0.674633 0.731147 0.571941 0.750126 0.930332 0.981152 0.688401 0.798752 0.803153 0.925424 0.944835 0.990559 0.831716 0.839280 0.683120 0.701551 0.000000 0.497890 0.773925 0.819965 0.839587 0.733364 0.874477 0.959030 0.765108 0.987226 0.662843 0.724584 0.736856 0.826108 0.797702 0.767564 0.983399 0.857649 0.890958 0.876616 0.916439 0.950890 0.831998 0.958231 0.679165 0.740821 0.696419 0.913338 0.786775 0.953537 0.649739 0.823217 0.819163 0.856834 0.536722 0.609079 0.805949 0.788134 0.734755 0.791843 0.812857 0.836072 0.872740 0.842916 0.671427 0.645067 0.728378 0.825543 0.729173 0.714817 0.896987 0.989303 0.680699 0.673829 0.961166 0.891467 0.909089 0.977834 0.892083 0.786573 0.847882 0.820027 0.973290 0.784439 0.955008 0.913271 0.822979 0.795920 0.992356 0.858914 0.818467 0.922533 0.798717 0.841336 0.993209 0.899800 0.971836 0.870254 0.771822 0.961722 0.909612 0.965310 0.998070 0.922404
0.632400 0.671211 0.771339 0.838031 0.868184 0.979126 0.595918 0.701209 0.953726 0.689703 0.652363 0.860145 0.913262 0.889207 0.887893 0.952099 0.649498 0.672046 0.565154 0.773131 0.981151 0.999811 0.827223 0.969211 0.961195 0.988436 0.960232 0.921536 0.722270 0.732695 0.733335 0.734468 0.497890 0.000000 0.841867 0.820154 0.881318 0.948462 0.914440 0.958575 0.871429 0.995180 0.647262 0.640014 0.561144 0.642878 0.708855 0.694386 0.775705 0.741374 0.721645 0.767866 0.925713 0.885970 0.856876 0.948411 0.658303 0.739046 0.670028 0.955833 0.740512 0.991497 0.622458 0.783616 0.928514 0.933745 0.551582 0.598588 0.762290 0.775467 0.772813 0.888594 0.785266 0.826998 0.857511 0.766566 0.680499 0.648611 0.764856 0.865783 0.720110 0.748504 0.866436 0.911411 0.767252 0.835705 0.973301 0.900770 0.869017 0.939230 0.761188 0.735876 0.794802 0.794922 0.969598 0.865092 0.867414 0.937273 0.666160 0.734098 0.936880 0.796012 0.786313 0.902602 0.909043 0.818369 0.967717 0.816620 0.918432 0.932601 0.754650 0.746196 0.650247 0.990938 0.955618 0.943030
0.940135 0.917264 0.619581 0.648611 0.813750 0.966548 0.799919 0.975131 0.776485 0.928490 0.844284 0.730835 0.904945 0.722480 0.950398 0.867038 0.830862 0.791617 0.962519 0.840500 0.861421 0.946417 0.677990 0.785906 0.646324 0.715370 0.872494 0.752471 0.807141 0.683593 0.671548 0.859262 0.773925 0.841867 0.000000 0.952596 0.836087 0.917321 0.819220 0.977309 0.823319 0.955154 0.978402 0.934410 0.940140 0.969671 0.919646 0.922002 0.854043 0.894700 0.916925 0.828079 0.864955 0.852750 0.685359 0.982427 0.864174 0.926679 0.737769 0.773034 0.797211 0.967103 0.906615 0.846070 0.597604 0.592990 0.616569 0.602887 0.983579 0.968733 0.903637 0.975573 0.919180 0.985272 0.993506 0.993563 0.831089 0.909554 0.990963 0.951669 0.908262 0.954159 0.911083 0.838064 0.693354 0.632910 0.881931 0.966412 0.873686 0.700938 0.937231 0.854911 0.816063 0.742000 0.984434 0.910134 0.905984 0.919149 0.904338 0.995041 0.836865 0.907477 0.951028 0.777599 0.779126 0.749658 0.988707 0.916839 0.961621 0.968002 0.981798 0.928079 0.791594 0.823394 0.852354 0.944078
0.987801 0.883824 0.965698 0.982432 0.870964 0.842484 0.935053 0.934243 0.883158 0.889914 0.952770 0.973417 0.937509 0.956645 0.915073 0.838708 0.962219 0.963477 0.951966 0.910733 0.865256 0.986953 0.886373 0.972460 0.876435 0.888501 0.839583 0.997521 0.943188 0.966880 0.999853 0.875592 0.819965 0.820154 0.952596 0.000000 0.920404 0.842020 0.954097 0.923653 0.904598 0.984079 0.981734 0.992992 0.975500 0.954341 0.896949 0.953482 0.877834 0.946584 0.955675 0.982457 0.894526 0.977200 0.939393 0.920031 0.891181 0.914507 0.994578 0.919160 0.995080 0.967228 0.995074 0.990236 0.938676 0.871357 0.814620 0.781563 0.965000 0.916197 0.896941 0.977680 0.948731 0.955090 0.891757 0.972692 0.928405 0.922238 0.925027 0.947804 0.912011 0.989781 0.786190 0.993833 0.950481 0.840509 0.988211 0.989613 0.981396 0.915536 0.865312 0.865648 0.939828 0.949584 0.983784 0.835091 0.971341 0.990492 0.928428 0.917661 0.891169 0.927308 0.884888 0.987392 0.860366 0.944978 0.966232 0.975716 0.951270 0.927039 0.867519 0.976075 0.946600 0.939697 0.982556 0.977674
0.830822 0.861391 0.861012 0.657431 0.894359 0.958919 0.954767 0.880844 0.737482 0.984993 0.870566 0.964594 0.912094 0.928727 0.967121 0.838282 0.940751 0.979037 0.975904 0.902767 0.949705 0.974485 0.913470 0.886726 0.771063 0.717602 0.870834 0.911740 0.928939 0.831466 0.827279 0.841585 0.839587 0.881318 0.836087 0.920404 0.000000 0.658682 0.918497 0.849329 0.756770 0.982096 0.925599 0.983740 0.928107 0.901762 0.903413 0.974991 0.935318 0.881798 0.648320 0.776631 0.812738 0.814471 0.809102 0.983124 0.864202 0.838363 0.729341 0.722872 0.836500 0.782714 0.969235 0.862371 0.836496 0.766523 0.966774 0.968949 0.767204 0.832330 0.798729 0.766657 0.792973 0.885444 0.875996 0.972041 0.868797 0.810717 0.878337 0.942558 0.883708 0.977489 0.932105 0.892811 0.980493 0.869410 0.834730 0.902119 0.918487 0.781329 0.942782 0.910262 0.804154 0.884906 0.916118 0.989094 0.906237 0.923286 0.934131 0.985438 0.953699 0.983804 0.918578 0.960279 0.745444 0.807934 0.959326 0.781829 0.864091 0.917495 0.984517 0.962105 0.952708 0.970485 0.978242 0.861678
0.748604 0.709018 0.942749 0.769771 0.890399 0.860525 0.943218 0.959916 0.962544 0.959087 0.847958 0.907739 0.826338 0.941150 0.887233 0.985115 0.896714 0.956497 0.945602 0.902954 0.946667 0.944466 0.921189 0.925014 0.797873 0.874568 0.961214 0.936460 0.911502 0.971463 0.898946 0.943701 0.733364 0.948462 0.917321 0.842020 0.658682 0.000000 0.921228 0.888340 0.783220 0.929924 0.965895 0.948356 0.960557 0.960482 0.971860 0.918809 0.955870 0.880550 0.795608 0.828868 0.945614 0.996852 0.827111 0.892663 0.811864 0.773113 0.847322 0.762019 0.876647 0.798683 0.948750 0.785719 0.916242 0.814994 0.963129 0.917415 0.810721 0.898390 0.776715 0.730422 0.957113 0.980687 0.879260 0.970032 0.821162 0.831651 0.982721 0.921884 0.909670 0.956480 0.943303 0.872863 0.991118 0.837896 0.970488 0.931968 0.998846 0.775585 0.916160 0.889454 0.986527 0.976158 0.969399 0.983982 0.947959 0.945389 0.998362 0.914977 0.975860 0.821154 0.928293 0.929411 0.797754 0.860346 0.899823 0.931462 0.924357 0.992193 0.991916 0.937184 0.987961 0.942079 0.995351 0.849715
