0.000000 0.411687 0.886615 0.996543 0.949346 0.912090 0.832643 0.683605 0.972295 0.676372 0.614062 0.548863 0.975860 0.821566 0.989174 0.872111 0.476029 0.512132 0.644080 0.605590 0.973804 0.977978 0.900239 0.926792 0.779220 0.803280 0.875817 0.850542 0.686333 0.645344 0.999742 0.925962 0.608230 0.638938 0.982944 0.976915 0.875548 0.766379 0.911510 0.984256 0.821926 0.940972 0.842625 0.712243 0.691855 0.712266 0.855147 0.832723 0.648369 0.822875 0.679500 0.852723 0.965493 0.999235 0.908028 0.839672 0.402096 0.417474 0.636828 0.824032 0.735594 0.857160 0.471699 0.457993 0.716160 0.856644 0.838951 0.800182 0.594946 0.694717 0.701667 0.714406 0.802322 0.743609 0.915104 0.924229 0.773239 0.737459 0.845048 0.817265 0.488140 0.484010 0.877442 0.745620 0.980059 0.989000 0.943894 0.897098 0.823323 0.972451 0.770031 0.771452 0.836216 0.922009 0.938939 0.903628 0.732011 0.871286 0.513244 0.665641 0.766868 0.933353 0.659264 0.583653 0.872442 0.973543 0.928125 0.858301 0.966875 0.861982 0.740858 0.784351 0.798844 0.953268 0.951703 0.927856
0.411687 0.000000 0.703988 0.891204 0.958046 0.981274 0.960077 0.768635 0.820471 0.742645 0.691962 0.533036 0.857503 0.828916 0.782532 0.997130 0.480423 0.473569 0.686341 0.539029 0.967600 0.897187 0.799807 0.858901 0.778527 0.702262 0.946009 0.812259 0.712475 0.611089 0.953229 0.918032 0.658578 0.665880 0.933805 0.884503 0.887953 0.727314 0.837778 0.980645 0.831265 0.766148 0.927054 0.750176 0.758857 0.722400 0.976769 0.931010 0.669542 0.812693 0.771544 0.909726 0.853683 0.855260 0.986020 0.797326 0.358484 0.327985 0.786111 0.795668 0.868829 0.800073 0.613549 0.454325 0.641209 0.866626 0.949189 0.866005 0.612623 0.629832 0.667706 0.749989 0.814366 0.710387 0.987773 0.954810 0.793708 0.748874 0.850459 0.822224 0.509172 0.554877 0.873143 0.760409 0.820795 0.941570 0.948517 0.926023 0.685453 0.932411 0.846165 0.838440 0.910546 0.971376 0.914576 0.903032 0.740539 0.826800 0.572479 0.727835 0.705412 0.987942 0.717153 0.628019 0.953829 0.908566 0.955172 0.926136 0.995079 0.885597 0.757980 0.738406 0.770666 0.921496 0.957163 0.949678
0.886615 0.703988 0.000000 0.463999 0.806901 0.968407 0.468364 0.858735 0.574287 0.993795 0.966770 0.658611 0.817248 0.913981 0.671646 0.982595 0.854398 0.773013 0.803201 0.810116 0.865088 0.844782 0.429268 0.637137 0.555586 0.550117 0.892974 0.801571 0.863656 0.778213 0.531752 0.709619 0.705317 0.777655 0.624190 0.925912 0.865894 0.936127 0.673436 0.887662 0.876685 0.881681 0.720022 0.920151 0.895845 0.976460 0.675034 0.794489 0.785566 0.974063 0.930144 0.854469 0.714094 0.677320 0.772831 0.935571 0.754841 0.699454 0.759030 0.982223 0.770741 0.880424 0.976635 0.695284 0.410825 0.606931 0.504400 0.675089 0.933075 0.815539 0.901095 0.910458 0.916550 0.999565 0.796941 0.819241 0.720789 0.803458 0.884558 0.986019 0.810207 0.891936 0.967283 0.774649 0.488582 0.584267 0.941506 0.950085 0.759066 0.870664 0.900775 0.846252 0.821896 0.646246 0.956465 0.923977 0.972922 0.835247 0.908911 0.939324 0.741219 0.869277 0.963864 0.814390 0.804972 0.590783 0.936342 0.863356 0.996570 0.984738 0.974132 0.890059 0.935722 0.942888 0.826558 0.892420
0.996543 0.891204 0.463999 0.000000 0.924104 0.932003 0.574639 0.735159 0.645526 0.994818 0.862933 0.832319 0.985328 0.983115 0.824298 0.859271 0.919351 0.789338 0.765610 0.983408 0.912573 0.980209 0.457783 0.491710 0.567771 0.603576 0.928845 0.870686 0.791041 0.755603 0.535856 0.671647 0.727817 0.834025 0.685601 0.965122 0.639683 0.750887 0.688703 0.901207 0.775863 0.985320 0.826634 0.969191 0.883032 0.808146 0.757838 0.905822 0.720854 0.939223 0.887800 0.949191 0.737131 0.543126 0.748147 0.912014 0.905383 0.867516 0.790344 0.975634 0.868205 0.940158 0.950415 0.862219 0.562016 0.615811 0.649773 0.837060 0.947984 0.888166 0.718815 0.685430 0.668452 0.801933 0.830719 0.858651 0.698721 0.812804 0.840146 0.984414 0.952918 0.971457 0.925744 0.932065 0.604552 0.579014 0.992666 0.952345 0.899826 0.837152 0.803175 0.777759 0.761328 0.647827 0.850978 0.970288 0.978541 0.920080 0.907105 0.942714 0.877544 0.778040 0.927571 0.961201 0.760790 0.686000 0.940678 0.790326 0.950191 0.990094 0.933393 0.965706 0.877120 0.932117 0.911833 0.975226
0.949346 0.958046 0.806901 0.924104 0.000000 0.776250 0.827599 0.960207 0.857236 0.891577 0.774070 0.927281 0.758115 0.976574 0.845483 0.877275 0.991894 0.950060 0.914075 0.942792 0.937137 0.872019 0.899222 0.969572 0.986716 0.956183 0.875583 0.959954 0.872461 0.951026 0.920505 0.906493 0.863067 0.847508 0.857712 0.884655 0.932621 0.929136 0.957894 0.979395 0.948322 0.881989 0.910213 0.859690 0.738667 0.807593 0.910073 0.750179 0.996801 0.835128 0.981320 0.906421 0.922583 0.903565 0.916673 0.917470 0.955365 0.918370 0.883854 0.924098 0.747953 0.927522 0.991849 0.875553 0.810161 0.791198 0.749199 0.695143 0.999133 0.980974 0.973908 0.843009 0.963829 0.950423 0.986839 0.956305 0.837383 0.923705 0.963768 0.865571 0.948729 0.973805 0.937259 0.874726 0.839811 0.897069 0.912757 0.902229 0.858570 0.820336 0.951840 0.921142 0.962943 0.847757 0.957154 0.936352 0.931930 0.994339 0.895037 0.899574 0.956391 0.906216 0.930519 0.784870 0.903451 0.990254 0.931463 0.998162 0.943834 0.977618 0.816409 0.970058 0.915683 0.940680 0.948461 0.750942
0.912090 0.981274 0.968407 0.932003 0.776250 0.000000 0.877527 0.781978 0.863552 0.792796 0.802633 0.784390 0.785295 0.978669 0.926065 0.894165 0.981072 0.961479 0.943526 0.889887 0.981680 0.889632 0.805719 0.771069 0.833127 0.885960 0.788012 0.944272 0.911590 0.972474 0.961305 0.841136 0.967860 0.996642 0.931019 0.820164 0.934663 0.822253 0.976481 0.943967 0.992908 0.824283 0.897451 0.966270 0.789736 0.741098 0.936394 0.976708 0.821452 0.879132 0.859495 0.868384 0.794970 0.998338 0.997833 0.899189 0.967553 0.974483 0.755529 0.848995 0.680164 0.777640 0.887246 0.887745 0.855841 0.966180 0.927916 0.855298 0.938178 0.912322 0.915611 0.884624 0.984377 0.957893 0.975152 0.971437 0.917023 0.968264 0.953651 0.925703 0.956221 0.946953 0.850737 0.918851 0.899157 0.839747 0.943810 0.908583 0.956096 0.909494 0.834937 0.851543 0.785395 0.891100 0.920492 0.998549 0.895381 0.853717 0.815049 0.976187 0.753546 0.844274 0.880657 0.999705 0.984062 0.944791 0.880930 0.994447 0.965059 0.977981 0.882022 0.925994 0.905725 0.937903 0.949994 0.816877
0.832643 0.960077 0.468364 0.574639 0.827599 0.877527 0.000000 0.582185 0.636912 0.631087 0.693137 0.997906 0.706465 0.880776 0.706597 0.831714 0.856371 0.939650 0.560081 0.933660 0.946909 0.903531 0.564497 0.724012 0.906643 0.872300 0.869678 0.978015 0.919266 0.901174 0.611588 0.743840 0.640983 0.602376 0.821323 0.952851 0.951789 0.967066 0.788094 0.981890 0.947491 0.905333 0.623623 0.763160 0.734982 0.858904 0.659164 0.747422 0.966783 0.988175 0.890763 0.987137 0.728008 0.684105 0.919638 0.909099 0.961933 0.938022 0.681981 0.891249 0.702512 0.891713 0.609222 0.980548 0.766513 0.928658 0.517227 0.744373 0.944930 0.996857 0.733513 0.748040 0.706633 0.787684 0.804859 0.731252 0.644170 0.816812 0.767946 0.865771 0.926757 0.836760 0.943362 0.935708 0.604982 0.765919 0.940844 0.925691 0.938499 0.924492 0.658727 0.586840 0.682229 0.613730 0.934832 0.918727 0.872221 0.898444 0.766541 0.682894 0.941996 0.664481 0.818136 0.875536 0.843713 0.697137 0.937985 0.772152 0.992951 0.948254 0.863954 0.920034 0.876243 0.983997 0.944965 0.887514
0.683605 0.768635 0.858735 0.735159 0.960207 0.781978 0.582185 0.000000 0.856893 0.526998 0.716838 0.604892 0.782709 0.749367 0.915775 0.724689 0.817858 0.948703 0.648370 0.832453 0.901415 0.973310 0.914817 0.945304 0.804430 0.887948 0.714730 0.845115 0.892751 0.825589 0.858400 0.912758 0.797158 0.720416 0.930274 0.989599 0.926736 0.968465 0.897790 0.858305 0.940439 0.912402 0.864782 0.816107 0.834327 0.807586 0.902991 0.900257 0.854556 0.946217 0.741305 0.993856 0.797188 0.756198 0.947308 0.987017 0.806326 0.819344 0.670153 0.847461 0.687255 0.696174 0.580866 0.654231 0.824770 0.930732 0.782712 0.864593 0.820498 0.851392 0.635924 0.741221 0.645485 0.694211 0.910383 0.909164 0.760143 0.932800 0.891568 0.992067 0.832943 0.831234 0.878707 0.900189 0.920786 0.855110 0.943906 0.906349 0.859374 0.894227 0.500207 0.505741 0.626018 0.648927 0.915886 0.954617 0.735887 0.838727 0.686571 0.730563 0.677316 0.562973 0.738357 0.633605 0.939405 0.867526 0.935370 0.804078 0.971609 0.876115 0.866398 0.888231 0.817106 0.878150 0.954366 0.941877
0.972295 0.820471 0.574287 0.645526 0.857236 0.863552 0.636912 0.856893 0.000000 0.876477 0.941781 0.822451 0.825264 0.841671 0.821621 0.801079 0.961102 0.855584 0.957922 0.886146 0.887959 0.792921 0.717042 0.836333 0.798997 0.657849 0.966842 0.781552 0.918152 0.822733 0.755574 0.930354 0.957321 0.970082 0.757397 0.944022 0.799214 0.990850 0.819294 0.815135 0.874345 0.981618 0.811105 0.875401 0.862731 0.949522 0.667690 0.848602 0.996692 0.861125 0.769027 0.781807 0.640203 0.758373 0.851557 0.953460 0.857388 0.856182 0.613615 0.761489 0.672553 0.915164 0.994258 0.943596 0.635801 0.707532 0.694021 0.801986 0.954771 0.934208 0.881846 0.912720 0.995403 0.959284 0.835375 0.914177 0.799941 0.992252 0.943683 0.952981 0.953924 0.922609 0.896635 0.972100 0.764219 0.842530 0.852873 0.915216 0.692972 0.792446 0.802314 0.845182 0.747375 0.799750 0.934497 0.923775 0.928823 0.918892 0.962210 0.885604 0.934694 0.988030 0.909206 0.928994 0.832047 0.726507 0.857637 0.871037 0.917895 0.981881 0.916401 0.937647 0.816437 0.989307 0.869710 0.785236
0.676372 0.742645 0.993795 0.994818 0.891577 0.792796 0.631087 0.526998 0.876477 0.000000 0.564022 0.662407 0.757774 0.791134 0.963081 0.793406 0.690339 0.701829 0.632622 0.730482 0.933962 0.940686 0.934116 0.858361 0.612573 0.671625 0.757349 0.795653 0.721675 0.596015 0.976723 0.997292 0.894982 0.708683 0.935954 0.903899 0.980715 0.966534 0.880758 0.884467 0.934724 0.986004 0.668544 0.628437 0.649812 0.646190 0.908700 0.775944 0.657993 0.928982 0.793268 0.966553 0.987529 0.982789 0.856970 0.964658 0.739971 0.804099 0.784788 0.970338 0.799115 0.943063 0.568294 0.652733 0.691784 0.687818 0.877635 0.976919 0.938221 0.910420 0.662946 0.750264 0.805842 0.746605 0.962822 0.826692 0.726402 0.978059 0.917139 0.949248 0.770670 0.775425 0.863122 0.896909 0.856092 0.762249 0.938750 0.891127 0.765347 0.739349 0.528745 0.571517 0.718542 0.842037 0.904900 0.951118 0.831405 0.859974 0.557616 0.617320 0.738855 0.794215 0.645369 0.630217 0.980425 0.981696 0.999189 0.854482 0.962616 0.996744 0.871064 0.730486 0.730614 0.879974 0.934579 0.889465
0.614062 0.691962 0.966770 0.862933 0.774070 0.802633 0.693137 0.716838 0.941781 0.564022 0.000000 0.628227 0.653139 0.725795 0.804905 0.879313 0.565852 0.556489 0.627507 0.672367 0.977586 0.892981 0.897123 0.835592 0.645504 0.670161 0.855014 0.797885 0.601356 0.524087 0.993728 0.963260 0.766447 0.645912 0.848031 0.953208 0.822578 0.840456 0.923609 0.984109 0.919643 0.987823 0.807762 0.711338 0.607717 0.670722 0.880760 0.814483 0.713149 0.866275 0.935340 0.987417 0.989813 0.933560 0.859312 0.950257 0.646839 0.691546 0.789825 0.970129 0.724510 0.987728 0.551029 0.662351 0.769639 0.754586 0.853129 0.844707 0.824378 0.842838 0.792567 0.907974 0.858608 0.843132 0.981865 0.831232 0.860037 0.833691 0.878303 0.739236 0.681539 0.593769 0.950625 0.892163 0.992657 0.834172 0.846096 0.917804 0.921493 0.684386 0.765656 0.743142 0.879702 0.899220 0.953731 0.995028 0.816921 0.985449 0.552715 0.657611 0.895227 0.877548 0.816781 0.781899 0.921505 0.952584 0.872603 0.972026 0.992530 0.890232 0.829696 0.806060 0.785757 0.894284 0.979204 0.878926
0.548863 0.533036 0.658611 0.832319 0.927281 0.784390 0.997906 0.604892 0.822451 0.662407 0.628227 0.000000 0.845962 0.672365 0.867208 0.761754 0.649125 0.675511 0.792435 0.708425 0.917581 0.896867 0.681840 0.719654 0.546488 0.552313 0.700429 0.734267 0.774137 0.613389 0.766456 0.868136 0.885468 0.872410 0.760633 0.999136 0.983864 0.924153 0.820666 0.886098 0.995979 0.863678 0.926081 0.877618 0.865699 0.781626 0.896876 0.953500 0.711641 0.999940 0.831319 0.944559 0.948747 0.940173 0.894657 0.886338 0.575252 0.559479 0.824395 0.800974 0.777545 0.708076 0.550338 0.423539 0.503772 0.701193 0.906569 0.992241 0.720847 0.794045 0.795023 0.914509 0.834942 0.834270 0.959097 0.913061 0.964277 0.947567 0.959823 0.980821 0.663631 0.666040 0.981459 0.677951 0.673103 0.670480 0.951460 0.975689 0.824760 0.790292 0.757909 0.781023 0.885539 0.957767 0.933317 0.972120 0.777220 0.832770 0.638201 0.804730 0.677594 0.867949 0.834814 0.625624 0.926909 0.829148 0.916295 0.989526 0.920838 0.874381 0.799362 0.842648 0.781689 0.867714 0.887021 0.998902
0.975860 0.857503 0.817248 0.985328 0.758115 0.785295 0.706465 0.782709 0.825264 0.757774 0.653139 0.845962 0.000000 0.789186 0.702873 0.813497 0.987380 0.983779 0.963093 0.888005 0.943259 0.964249 0.952197 0.865614 0.809648 0.916201 0.902159 0.959246 0.909474 0.901341 0.989096 0.870555 0.937448 0.892636 0.908285 0.932154 0.874558 0.819155 0.979794 0.975101 0.867946 0.853837 0.916596 0.903155 0.781609 0.835128 0.836799 0.842870 0.933899 0.948531 0.942849 0.989118 0.867644 0.976531 0.913978 0.992111 0.863550 0.856689 0.772673 0.939520 0.654061 0.931572 0.795009 0.956575 0.966049 0.919058 0.865050 0.880318 0.927812 0.880278 0.951914 0.941397 0.980513 0.910052 0.904040 0.827203 0.963788 0.966073 0.989990 0.972795 0.882562 0.970182 0.900556 0.882996 0.943036 0.832297 0.889167 0.874134 0.789523 0.856956 0.806854 0.859389 0.836000 0.859833 0.911938 0.990784 0.928535 0.993245 0.844906 0.971808 0.898051 0.849770 0.998879 0.988867 0.945767 0.980540 0.992355 0.974618 0.919443 0.906750 0.905303 0.959183 0.896230 0.917787 0.943543 0.876566
0.821566 0.828916 0.913981 0.983115 0.976574 0.978669 0.880776 0.749367 0.841671 0.791134 0.725795 0.672365 0.789186 0.000000 0.856921 0.756330 0.726830 0.726924 0.644219 0.723708 0.836953 0.957507 0.946544 0.918362 0.864908 0.735782 0.861606 0.717730 0.736821 0.672851 0.932307 0.834296 0.856189 0.877661 0.761334 0.957880 0.880756 0.926073 0.943136 0.886083 0.869438 0.980324 0.843355 0.880591 0.990573 0.992164 0.997893 0.943626 0.963216 0.724032 0.839553 0.681472 0.789496 0.890398 0.859881 0.962950 0.787392 0.840478 0.892799 0.836976 0.820783 0.839514 0.680225 0.821437 0.763337 0.683182 0.916211 0.857626 0.890528 0.934748 0.816961 0.886667 0.832878 0.775678 0.948972 0.875603 0.983583 0.923153 0.844093 0.780142 0.778310 0.691755 0.886102 0.937470 0.974658 0.900303 0.978582 0.832658 0.817438 0.658468 0.857160 0.877676 0.990106 0.986405 0.877897 0.902558 0.967452 0.987474 0.813632 0.810089 0.870123 0.775847 0.834261 0.759690 0.847516 0.710492 0.990395 0.941920 0.980340 0.837953 0.948292 0.868542 0.895920 0.860665 0.992961 0.915383
0.989174 0.782532 0.671646 0.824298 0.845483 0.926065 0.706597 0.915775 0.821621 0.963081 0.804905 0.867208 0.702873 0.856921 0.000000 0.796053 0.927503 0.935763 0.806719 0.980581 0.863196 0.915193 0.684728 0.775560 0.838784 0.808976 0.893094 0.911305 0.814964 0.900689 0.783669 0.838720 0.843929 0.897437 0.950504 0.933758 0.975349 0.923942 0.785119 0.763025 0.951062 0.815513 0.655962 0.773257 0.860544 0.949602 0.657244 0.643334 0.990842 0.924500 0.988079 0.941851 0.881069 0.951454 0.988923 0.948345 0.912574 0.827735 0.933645 0.811990 0.931191 0.722670 0.877085 0.839742 0.683823 0.913797 0.851724 0.941293 0.981633 0.786515 0.907388 0.981936 0.987167 0.884420 0.931958 0.814461 0.997206 0.856507 0.857902 0.822324 0.978975 0.916825 0.842258 0.999466 0.586062 0.741090 0.928038 0.988140 0.786328 0.972724 0.919362 0.913429 0.933432 0.948398 0.843489 0.986914 0.885376 0.872483 0.989743 0.850268 0.783002 0.944947 0.983025 0.853622 0.980742 0.854586 0.968669 0.899966 0.983227 0.930152 0.964005 0.977621 0.966676 0.977545 0.866021 0.884987
0.872111 0.997130 0.982595 0.859271 0.877275 0.894165 0.831714 0.724689 0.801079 0.793406 0.879313 0.761754 0.813497 0.756330 0.796053 0.000000 0.900819 0.982370 0.823641 0.854238 0.987476 0.894095 0.903926 0.852756 0.927585 0.987044 0.771837 0.941745 0.905145 0.817379 0.998005 0.862283 0.902808 0.939530 0.831025 0.874509 0.865622 0.977402 0.964751 0.849953 0.967697 0.995198 0.911213 0.947636 0.931793 0.943510 0.857754 0.872998 0.902414 0.931559 0.817221 0.960001 0.810594 0.878268 0.994926 0.922286 0.963937 0.949947 0.929853 0.961661 0.935350 0.975589 0.753581 0.831929 0.865329 0.838125 0.819807 0.726049 0.906351 0.875661 0.858739 0.907208 0.804098 0.898561 0.925362 0.950826 0.945498 0.959487 0.992781 0.995901 0.912327 0.872613 0.943924 0.748894 0.976154 0.928021 0.972702 0.795521 0.945743 0.986434 0.874239 0.992117 0.947694 0.948538 0.996425 0.918338 0.989619 0.963396 0.888270 0.915500 0.938713 0.961441 0.940309 0.798508 0.966908 0.906823 0.840410 0.976630 0.973169 0.986261 0.952590 0.894057 0.971040 0.980449 0.957984 0.989667
0.476029 0.480423 0.854398 0.919351 0.991894 0.981072 0.856371 0.817858 0.961102 0.690339 0.565852 0.649125 0.987380 0.726830 0.927503 0.900819 0.000000 0.365215 0.524426 0.499444 0.958374 0.992463 0.977850 0.960599 0.770341 0.713057 0.952074 0.825949 0.530449 0.511852 0.962520 0.763502 0.658875 0.648555 0.867096 0.947189 0.978974 0.940753 0.870666 0.997833 0.888082 0.899923 0.687516 0.652796 0.735643 0.794253 0.871027 0.886543 0.757013 0.930343 0.906098 0.936672 0.808618 0.835674 0.927989 0.870522 0.368183 0.453376 0.876252 0.944056 0.979814 0.870327 0.518163 0.538458 0.721634 0.728855 0.892117 0.966215 0.676256 0.750132 0.679972 0.712749 0.833624 0.773465 0.915200 0.861855 0.837834 0.792829 0.753374 0.697504 0.413707 0.465916 0.770641 0.773989 0.998294 0.979715 0.952505 0.955953 0.757311 0.855908 0.829431 0.811161 0.919630 0.986011 0.966366 0.894448 0.787034 0.977093 0.597317 0.571893 0.812655 0.995508 0.635361 0.682314 0.994852 0.862506 0.894351 0.939029 0.949809 0.874336 0.732310 0.759681 0.749045 0.974550 0.957366 0.965198
0.512132 0.473569 0.773013 0.789338 0.950060 0.961479 0.939650 0.948703 0.855584 0.701829 0.556489 0.675511 0.983779 0.726924 0.935763 0.982370 0.365215 0.000000 0.570368 0.457919 0.971727 0.935122 0.905250 0.907265 0.733306 0.611808 0.974656 0.779780 0.500265 0.457078 0.947287 0.831768 0.713254 0.668090 0.815977 0.952551 0.948711 0.961529 0.762018 0.939606 0.965649 0.919094 0.747631 0.664013 0.716220 0.759585 0.901703 0.827749 0.727362 0.908193 0.968354 0.933860 0.736252 0.745043 0.846691 0.938017 0.379580 0.443877 0.962215 0.897800 0.960929 0.827544 0.561316 0.589263 0.680125 0.701652 0.939004 0.997607 0.675252 0.745625 0.774539 0.820535 0.877821 0.753187 0.971825 0.862624 0.857617 0.770552 0.764348 0.702885 0.420714 0.442671 0.761312 0.785810 0.990578 0.973667 0.966471 0.979324 0.666606 0.810354 0.924901 0.873747 0.981588 0.932830 0.959096 0.890075 0.852211 0.989305 0.608843 0.601243 0.856245 0.922062 0.678240 0.707489 0.923465 0.781887 0.959408 0.968877 0.936452 0.919747 0.756569 0.677869 0.741817 0.930234 0.998226 0.996857
0.644080 0.686341 0.803201 0.765610 0.914075 0.943526 0.560081 0.648370 0.957922 0.632622 0.627507 0.792435 0.963093 0.644219 0.806719 0.823641 0.524426 0.570368 0.000000 0.544054 0.996965 0.982508 0.652035 0.732444 0.995844 0.850963 0.925607 0.820374 0.663933 0.594194 0.760248 0.609228 0.585574 0.567256 0.972388 0.936337 0.967883 0.926280 0.975336 0.963282 0.938601 0.987448 0.608310 0.707892 0.811088 0.895306 0.800694 0.773351 0.974217 0.929748 0.985119 0.843085 0.938359 0.892487 0.998157 0.947354 0.593235 0.705199 0.915952 0.793858 0.999608 0.788831 0.521665 0.777022 0.974895 0.864973 0.712520 0.902548 0.777314 0.905489 0.552263 0.673774 0.607288 0.598516 0.902676 0.760736 0.696382 0.734333 0.701276 0.699331 0.592745 0.551067 0.826429 0.881230 0.720049 0.810374 0.880303 0.925726 0.760067 0.791266 0.744888 0.670783 0.863678 0.833153 0.875445 0.844199 0.831242 0.899714 0.681534 0.554578 0.973394 0.790797 0.694326 0.758650 0.986707 0.959850 0.928581 0.921754 0.922479 0.933211 0.877226 0.819593 0.831820 0.984511 0.991229 0.994771
0.605590 0.539029 0.810116 0.983408 0.942792 0.889887 0.933660 0.832453 0.886146 0.730482 0.672367 0.708425 0.888005 0.723708 0.980581 0.854238 0.499444 0.457919 0.544054 0.000000 0.939684 0.835857 0.995473 0.921007 0.814727 0.690837 0.987980 0.746525 0.604100 0.566914 0.966066 0.736780 0.757056 0.781450 0.821579 0.886953 0.908494 0.878671 0.817001 0.898530 0.898640 0.921654 0.821678 0.791706 0.931247 0.966316 0.952341 0.898287 0.909170 0.956161 0.962005 0.824367 0.811643 0.944866 0.893924 0.949095 0.481731 0.512442 0.971655 0.884491 0.887275 0.905130 0.624427 0.636270 0.711031 0.753186 0.993354 0.883735 0.686368 0.761933 0.631980 0.742534 0.665645 0.626799 0.981810 0.900614 0.820293 0.769703 0.767575 0.783094 0.471736 0.510995 0.745233 0.699423 0.998889 0.986584 0.976713 0.951095 0.650827 0.806805 0.875361 0.804680 0.970627 0.961874 0.970844 0.890658 0.915156 0.993443 0.713927 0.654507 0.924378 0.976925 0.741318 0.663542 0.949315 0.815566 0.990350 0.949431 0.988424 0.994844 0.878426 0.813755 0.926849 0.888152 0.960278 0.836901
0.973804 0.967600 0.865088 0.912573 0.937137 0.981680 0.946909 0.901415 0.887959 0.933962 0.977586 0.917581 0.943259 0.836953 0.863196 0.987476 0.958374 0.971727 0.996965 0.939684 0.000000 0.977838 0.944094 0.966455 0.906950 0.811867 0.826825 0.918788 0.879120 0.905776 0.990001 0.923569 0.916479 0.968768 0.880565 0.944881 0.995481 0.988433 0.933717 0.845729 0.993662 0.947130 0.979580 0.873686 0.927384 0.994376 0.861615 0.839731 0.953287 0.880107 0.888395 0.845275 0.946752 0.975966 0.877726 0.711482 0.996745 0.951188 0.901831 0.945531 0.832231 0.938794 0.968444 0.912470 0.822775 0.861759 0.820932 0.884984 0.945847 0.976266 0.986991 0.995312 0.953571 0.873568 0.982259 0.971750 0.984159 0.925146 0.835013 0.969973 0.992009 0.949104 0.977551 0.886184 0.836124 0.834419 0.911077 0.876706 0.880460 0.977517 0.974465 0.955076 0.996246 0.923624 0.871557 0.873236 0.880474 0.990298 0.947259 0.993458 0.895707 0.861025 0.932845 0.864529 0.941022 0.813185 0.937526 0.851302 0.932968 0.944481 0.877337 0.986771 0.909365 0.850513 0.782888 0.922548
0.977978 0.897187 0.844782 0.980209 0.872019 0.889632 0.903531 0.973310 0.792921 0.940686 0.892981 0.896867 0.964249 0.957507 0.915193 0.894095 0.992463 0.935122 0.982508 0.835857 0.977838 0.000000 0.794644 0.906692 0.810915 0.816351 0.987392 0.838720 0.952885 0.952803 0.893643 0.941521 0.979590 0.988675 0.952461 0.968906 0.977240 0.937881 0.984496 0.979441 0.975008 0.954832 0.843792 0.894823 0.903964 0.911891 0.888103 0.905659 0.980066 0.884609 0.896881 0.834668 0.914797 0.942735 0.984069 0.872449 0.970153 0.934181 0.905766 0.958518 0.972954 0.954283 0.927940 0.857542 0.851973 0.862791 0.896046 0.915640 0.941664 0.993452 0.966787 0.973688 0.840847 0.907716 0.806300 0.954335 0.934530 0.954683 0.871257 0.980336 0.948295 0.872414 0.865708 0.946576 0.893077 0.908053 0.922274 0.970235 0.814040 0.900695 0.937550 0.999668 0.898667 0.947180 0.868189 0.773218 0.918128 0.942148 0.964090 0.949191 0.928794 0.929251 0.966798 0.987638 0.890580 0.967467 0.872633 0.898130 0.934391 0.936165 0.856928 0.910284 0.813856 0.961500 0.808348 0.787521
0.900239 0.799807 0.429268 0.457783 0.899222 0.805719 0.564497 0.914817 0.717042 0.934116 0.897123 0.681840 0.952197 0.946544 0.684728 0.903926 0.977850 0.905250 0.652035 0.995473 0.944094 0.794644 0.000000 0.410235 0.515967 0.644257 0.843882 0.922301 0.944054 0.913354 0.512633 0.588199 0.732334 0.818359 0.765717 0.897001 0.847169 0.878874 0.661453 0.887583 0.895903 0.956394 0.675518 0.891440 0.972047 0.837946 0.727427 0.814908 0.725701 0.930102 0.965394 0.990208 0.811951 0.641006 0.867023 0.857489 0.887974 0.809856 0.991552 0.797166 0.941831 0.758341 0.984919 0.672123 0.485543 0.678527 0.668804 0.899520 0.985772 0.867453 0.751442 0.808962 0.775703 0.798288 0.843985 0.835599 0.732790 0.799465 0.829384 0.888006 0.927392 0.986144 0.915849 0.846847 0.448881 0.476269 0.849084 0.897504 0.909048 0.954450 0.993614 0.903885 0.975011 0.750838 0.842740 0.876108 0.923568 0.765912 0.878564 0.868177 0.703391 0.866081 0.959300 0.873740 0.833334 0.759796 0.891808 0.868568 0.898574 0.976771 0.981148 0.921442 0.946221 0.947777 0.846970 0.961475
0.926792 0.858901 0.637137 0.491710 0.969572 0.771069 0.724012 0.945304 0.836333 0.858361 0.835592 0.719654 0.865614 0.918362 0.775560 0.852756 0.960599 0.907265 0.732444 0.921007 0.966455 0.906692 0.410235 0.000000 0.544403 0.682592 0.905807 0.973396 0.939104 0.895686 0.618420 0.585400 0.821074 0.949403 0.865205 0.984715 0.830989 0.878051 0.665701 0.961277 0.882501 0.989423 0.809785 0.984171 0.794736 0.714833 0.797854 0.917406 0.671472 0.854337 0.900931 0.922788 0.858071 0.665715 0.896024 0.818067 0.924190 0.865961 0.888897 0.744904 0.801952 0.808511 0.958844 0.712936 0.655170 0.783155 0.877987 0.916382 0.987140 0.900940 0.814766 0.759851 0.719503 0.715452 0.929822 0.916318 0.885526 0.852121 0.890050 0.882875 0.991118 0.960414 0.955562 0.899372 0.534901 0.542107 0.922882 0.888863 0.987836 0.944666 0.995886 0.946452 0.973236 0.861079 0.754109 0.950610 0.897248 0.775809 0.809999 0.950002 0.799720 0.860483 0.997917 0.927397 0.859598 0.925043 0.937670 0.815565 0.925298 0.931978 0.930186 0.859744 0.850518 0.867554 0.951430 0.970976
0.779220 0.778527 0.555586 0.567771 0.986716 0.833127 0.906643 0.804430 0.798997 0.612573 0.645504 0.546488 0.809648 0.864908 0.838784 0.927585 0.770341 0.733306 0.995844 0.814727 0.906950 0.810915 0.515967 0.544403 0.000000 0.444312 0.723884 0.702464 0.734998 0.657899 0.576998 0.714640 0.817858 0.951466 0.650179 0.878492 0.743658 0.798810 0.715162 0.811970 0.830186 0.990224 0.930912 0.875116 0.822102 0.760694 0.801032 0.980838 0.679115 0.997171 0.987470 0.814469 0.895983 0.827233 0.786377 0.925352 0.759478 0.774403 0.998918 0.969318 0.925748 0.862855 0.712708 0.580078 0.439457 0.532073 0.809771 0.861342 0.966134 0.870490 0.989392 0.978024 0.965873 0.965522 0.907150 0.988866 0.908702 0.860210 0.956932 0.961940 0.824024 0.831374 0.934492 0.821731 0.536880 0.489766 0.886466 0.927992 0.785250 0.780648 0.804100 0.823055 0.936420 0.930887 0.823766 0.987429 0.848411 0.791480 0.690974 0.840784 0.695611 0.896145 0.841100 0.639075 0.861546 0.782741 0.878432 0.924075 0.952165 0.859944 0.924841 0.765348 0.800870 0.806199 0.854937 0.979056
0.803280 0.702262 0.550117 0.603576 0.956183 0.885960 0.872300 0.887948 0.657849 0.671625 0.670161 0.552313 0.916201 0.735782 0.808976 0.987044 0.713057 0.611808 0.850963 0.690837 0.811867 0.816351 0.644257 0.682592 0.444312 0.000000 0.794617 0.631585 0.651579 0.567402 0.684946 0.833411 0.924131 0.988761 0.694231 0.879419 0.721077 0.890572 0.678500 0.763047 0.842993 0.923328 0.960287 0.937152 0.900243 0.824051 0.710305 0.973519 0.821573 0.950987 0.840496 0.741577 0.790030 0.780558 0.712746 0.980493 0.698494 0.698178 0.852737 0.912319 0.906653 0.991858 0.733139 0.665625 0.466163 0.566316 0.816070 0.838113 0.972026 0.863714 0.926938 0.999176 0.948818 0.807763 0.928024 0.990257 0.945795 0.978784 0.965432 0.912522 0.760125 0.739179 0.972420 0.858557 0.645845 0.635444 0.949265 0.952551 0.714233 0.703060 0.854774 0.833598 0.996513 0.919237 0.940758 0.991162 0.932947 0.903571 0.699655 0.762175 0.763790 0.916443 0.905849 0.711617 0.817146 0.651179 0.925809 0.873357 0.928370 0.946818 0.900232 0.709844 0.775345 0.859866 0.918337 0.954203
0.875817 0.946009 0.892974 0.928845 0.875583 0.788012 0.869678 0.714730 0.966842 0.757349 0.855014 0.700429 0.902159 0.861606 0.893094 0.771837 0.952074 0.974656 0.925607 0.987980 0.826825 0.987392 0.843882 0.905807 0.723884 0.794617 0.000000 0.917822 0.913387 0.917755 0.876420 0.990153 0.977959 0.967154 0.884722 0.799407 0.853860 0.889872 0.892926 0.915251 0.943197 0.971886 0.928806 0.983989 0.989939 0.921478 0.920068 0.979997 0.919588 0.827905 0.952777 0.833647 0.896190 0.918849 0.967070 0.980851 0.968378 0.946218 0.916119 0.988469 0.934839 0.932062 0.787711 0.789470 0.702111 0.696915 0.908330 0.972768 0.992828 0.937062 0.977361 0.973000 0.928433 0.957015 0.939837 0.977592 0.922879 0.966465 0.989726 0.942871 0.930992 0.873951 0.841590 0.902770 0.881358 0.702909 0.893216 0.940045 0.897045 0.980345 0.795928 0.824146 0.820530 0.993604 0.966521 0.933756 0.786974 0.881249 0.731356 0.831553 0.916892 0.811426 0.819778 0.703051 0.989042 0.989685 0.932735 0.928795 0.960700 0.997014 0.989216 0.962703 0.992948 0.948146 0.880729 0.992805
0.850542 0.812259 0.801571 0.870686 0.959954 0.944272 0.978015 0.845115 0.781552 0.795653 0.797885 0.734267 0.959246 0.717730 0.911305 0.941745 0.825949 0.779780 0.820374 0.746525 0.918788 0.838720 0.922301 0.973396 0.702464 0.631585 0.917822 0.000000 0.774795 0.670392 0.788435 0.943481 0.976042 0.933681 0.750243 0.977350 0.925762 0.973788 0.954610 0.842291 0.848353 0.967487 0.968328 0.886086 0.872590 0.902260 0.876865 0.933364 0.905345 0.925275 0.926667 0.790239 0.907379 0.928403 0.856318 0.922858 0.816819 0.830510 0.835738 0.867002 0.905618 0.980811 0.847720 0.908138 0.757464 0.818468 0.915240 0.910288 0.879248 0.952963 0.904977 0.999783 0.817864 0.747717 0.975904 0.987379 0.959625 0.972382 0.953264 0.770475 0.828896 0.758940 0.925506 0.884843 0.969331 0.898604 0.927135 0.848517 0.851951 0.626836 0.923234 0.878452 0.939378 0.970793 0.901843 0.896256 0.999837 0.863438 0.808895 0.751982 0.993369 0.868960 0.930584 0.845876 0.975157 0.817537 0.952124 0.909167 0.970554 0.893389 0.949019 0.852489 0.858414 0.871364 0.901294 0.916088
0.686333 0.712475 0.863656 0.791041 0.872461 0.911590 0.919266 0.892751 0.918152 0.721675 0.601356 0.774137 0.909474 0.736821 0.814964 0.905145 0.530449 0.500265 0.663933 0.604100 0.879120 0.952885 0.944054 0.939104 0.734998 0.651579 0.913387 0.774795 0.000000 0.524922 0.999851 0.902411 0.816163 0.747622 0.857731 0.974164 0.892575 0.887859 0.880943 0.910345 0.951065 0.984839 0.669803 0.649824 0.662936 0.687550 0.875797 0.789614 0.707268 0.840747 0.945676 0.998518 0.911275 0.798058 0.933817 0.929653 0.637088 0.663896 0.998903 0.887649 0.964288 0.878311 0.708005 0.756062 0.752040 0.758339 0.935407 0.970013 0.761700 0.834570 0.945340 0.969789 0.926374 0.808718 0.922130 0.767466 0.943671 0.750134 0.808361 0.757310 0.578216 0.601593 0.769719 0.815892 0.984828 0.952729 0.955061 0.924196 0.800561 0.791029 0.896423 0.891014 0.985551 0.859525 0.919859 0.910442 0.889778 0.991323 0.658240 0.678665 0.807969 0.923985 0.815022 0.845415 0.891215 0.819622 0.924127 0.995643 0.989717 0.892017 0.767115 0.821444 0.720235 0.986712 0.965631 0.923509
0.645344 0.611089 0.778213 0.755603 0.951026 0.972474 0.901174 0.825589 0.822733 0.596015 0.524087 0.613389 0.901341 0.672851 0.900689 0.817379 0.511852 0.457078 0.594194 0.566914 0.905776 0.952803 0.913354 0.895686 0.657899 0.567402 0.917755 0.670392 0.524922 0.000000 0.933349 0.911963 0.845879 0.732588 0.681680 0.980610 0.837163 0.977293 0.840190 0.932957 0.898138 0.960237 0.749574 0.641247 0.722760 0.727861 0.961163 0.798786 0.679730 0.948068 0.990318 0.888709 0.806738 0.833105 0.757585 0.961743 0.558419 0.622195 0.950730 0.820436 0.982443 0.889172 0.598504 0.631761 0.645546 0.629209 0.929987 0.916325 0.800000 0.942587 0.770639 0.925390 0.969780 0.802110 0.972436 0.947996 0.972375 0.825562 0.852706 0.806406 0.587565 0.578394 0.802459 0.841760 0.887789 0.796629 0.913534 0.918000 0.740407 0.639689 0.905255 0.938312 0.873554 0.900096 0.958379 0.974295 0.948706 0.989345 0.701654 0.718761 0.843225 0.995972 0.793272 0.749587 0.831104 0.768964 0.908055 0.935645 0.979236 0.987486 0.885399 0.851286 0.711993 0.955194 0.959898 0.858490
0.999742 0.953229 0.531752 0.535856 0.920505 0.961305 0.611588 0.858400 0.755574 0.976723 0.993728 0.766456 0.989096 0.932307 0.783669 0.998005 0.962520 0.947287 0.760248 0.966066 0.990001 0.893643 0.512633 0.618420 0.576998 0.684946 0.876420 0.788435 0.999851 0.933349 0.000000 0.667430 0.695619 0.706509 0.679569 0.973849 0.842904 0.895306 0.682217 0.853922 0.851247 0.984266 0.739761 0.893064 0.936949 0.972289 0.730101 0.938723 0.857073 0.991875 0.909615 0.857692 0.852243 0.825110 0.757005 0.945501 0.937232 0.924490 0.832723 0.977361 0.931837 0.852092 0.970104 0.841570 0.608450 0.760491 0.694893 0.828905 0.976942 0.906951 0.782957 0.780291 0.892215 0.909317 0.864067 0.824440 0.751218 0.788985 0.882338 0.872111 0.984822 0.957393 0.953664 0.847857 0.622028 0.617493 0.966797 0.983638 0.867765 0.933931 0.964438 0.938456 0.913808 0.780524 0.811791 0.929627 0.987613 0.835815 0.947046 0.976917 0.948406 0.829896 0.981633 0.859018 0.946690 0.763518 0.894627 0.818269 0.956063 0.975544 0.893393 0.987752 0.982410 0.896111 0.881363 0.884869
0.925962 0.918032 0.709619 0.671647 0.906493 0.841136 0.743840 0.912758 0.930354 0.997292 0.963260 0.868136 0.870555 0.834296 0.838720 0.862283 0.763502 0.831768 0.609228 0.736780 0.923569 0.941521 0.588199 0.585400 0.714640 0.833411 0.990153 0.943481 0.902411 0.911963 0.667430 0.000000 0.711110 0.727995 0.928444 0.852803 0.854644 0.951479 0.871351 0.931742 0.869248 0.948583 0.713626 0.896721 0.953932 0.920687 0.796681 0.892228 0.837747 0.904005 0.934650 0.915606 0.997411 0.883435 0.945633 0.937118 0.811372 0.875005 0.966979 0.796599 0.838006 0.713391 0.854079 0.926797 0.826193 0.976962 0.834083 0.984809 0.961927 0.974140 0.751090 0.736330 0.789910 0.764766 0.980675 0.858895 0.815621 0.701812 0.755373 0.808866 0.838297 0.794500 0.842551 0.902927 0.673383 0.703509 0.943865 0.930845 0.800866 0.972116 0.971431 0.909402 0.963904 0.814130 0.925141 0.902009 0.994582 0.941214 0.996544 0.821988 0.849824 0.938956 0.948229 0.910932 0.984184 0.985638 0.997331 0.891880 0.820839 0.955909 0.911168 0.962001 0.973223 0.958471 0.890592 0.976808
0.608230 0.658578 0.705317 0.727817 0.863067 0.967860 0.640983 0.797158 0.957321 0.894982 0.766447 0.885468 0.937448 0.856189 0.843929 0.902808 0.658875 0.713254 0.585574 0.757056 0.916479 0.979590 0.732334 0.821074 0.817858 0.924131 0.977959 0.976042 0.816163 0.845879 0.695619 0.711110 0.000000 0.482749 0.784989 0.810662 0.873235 0.762375 0.891937 0.950010 0.751932 0.966799 0.679371 0.732860 0.718164 0.814055 0.747446 0.775806 0.979040 0.865424 0.890877 0.873819 0.933633 0.997601 0.814850 0.924060 0.666609 0.725718 0.687809 0.889400 0.764513 0.955390 0.632597 0.798814 0.841660 0.871071 0.522836 0.590747 0.779817 0.801234 0.768001 0.795183 0.824432 0.855933 0.898702 0.858587 0.681681 0.643133 0.731371 0.797436 0.709026 0.676967 0.929839 0.988420 0.679391 0.662802 0.983616 0.865737 0.925787 0.978986 0.890612 0.792777 0.831072 0.827939 0.997532 0.801981 0.925786 0.909461 0.798128 0.808366 0.994817 0.879503 0.810663 0.917232 0.806495 0.848237 0.992146 0.903599 0.994432 0.870179 0.764440 0.949684 0.903648 0.995986 0.973393 0.947910
0.638938 0.665880 0.777655 0.834025 0.847508 0.996642 0.602376 0.720416 0.970082 0.708683 0.645912 0.872410 0.892636 0.877661 0.897437 0.939530 0.648555 0.668090 0.567256 0.781450 0.968768 0.988675 0.818359 0.949403 0.951466 0.988761 0.967154 0.933681 0.747622 0.732588 0.706509 0.727995 0.482749 0.000000 0.839496 0.816999 0.897332 0.952684 0.948101 0.992851 0.888220 0.985427 0.660337 0.660926 0.567090 0.669832 0.719358 0.716415 0.804093 0.768845 0.770813 0.814285 0.976402 0.941525 0.882872 0.932625 0.652594 0.733195 0.688237 0.950387 0.754390 0.970341 0.616185 0.788546 0.936085 0.954701 0.547489 0.591690 0.757479 0.800534 0.759175 0.856008 0.772413 0.828404 0.857670 0.751539 0.693735 0.645621 0.723127 0.830668 0.695894 0.700627 0.845831 0.935983 0.740730 0.795806 0.976103 0.911279 0.887904 0.941262 0.773427 0.737093 0.808153 0.764203 0.988215 0.886546 0.834286 0.932831 0.667393 0.741912 0.956020 0.783422 0.807362 0.892731 0.879055 0.851853 0.958783 0.840930 0.917126 0.912597 0.767848 0.778609 0.670724 0.998280 0.962269 0.902819
0.982944 0.933805 0.624190 0.685601 0.857712 0.931019 0.821323 0.930274 0.757397 0.935954 0.848031 0.760633 0.908285 0.761334 0.950504 0.831025 0.867096 0.815977 0.972388 0.821579 0.880565 0.952461 0.765717 0.865205 0.650179 0.694231 0.884722 0.750243 0.857731 0.681680 0.679569 0.928444 0.784989 0.839496 0.000000 0.966638 0.834883 0.916035 0.798119 0.967037 0.811818 0.996308 0.982598 0.949971 0.910273 0.999114 0.866596 0.921372 0.893475 0.861002 0.848425 0.771610 0.817307 0.858509 0.670088 0.968371 0.881802 0.947697 0.714425 0.760476 0.749807 0.919374 0.916440 0.885722 0.611003 0.591871 0.620315 0.615436 0.940550 0.921297 0.989174 0.942802 0.925930 0.958252 0.978555 0.992793 0.856340 0.939950 0.942137 0.928274 0.908404 0.917877 0.879188 0.882237 0.737205 0.665893 0.926791 0.893410 0.880844 0.691924 0.921372 0.857730 0.795698 0.772658 0.961819 0.893010 0.902089 0.919210 0.931543 0.991068 0.903510 0.877231 0.974610 0.750112 0.845517 0.721700 0.995897 0.872867 0.966204 0.970410 0.983671 0.998705 0.828485 0.835420 0.850821 0.993807
0.976915 0.884503 0.925912 0.965122 0.884655 0.820164 0.952851 0.989599 0.944022 0.903899 0.953208 0.999136 0.932154 0.957880 0.933758 0.874509 0.947189 0.952551 0.936337 0.886953 0.944881 0.968906 0.897001 0.984715 0.878492 0.879419 0.799407 0.977350 0.974164 0.980610 0.973849 0.852803 0.810662 0.816999 0.966638 0.000000 0.839674 0.833471 0.998060 0.921944 0.899395 0.960998 0.980822 0.965896 0.951056 0.963601 0.895618 0.995679 0.908892 0.995946 0.981898 0.979773 0.950338 0.947063 0.962782 0.965856 0.885404 0.915420 0.993389 0.918720 0.972099 0.919405 0.961310 0.991257 0.897684 0.843014 0.850711 0.816399 0.970208 0.851496 0.862079 0.950976 0.966706 0.933483 0.891329 0.965064 0.895467 0.905330 0.888620 0.905402 0.960505 0.933514 0.775499 0.992522 0.988966 0.884477 0.944877 0.972718 0.991584 0.924804 0.886778 0.894077 0.926740 0.935322 0.936902 0.814773 0.995774 0.990307 0.943298 0.952851 0.887709 0.935279 0.909500 0.984442 0.850109 0.987194 0.987430 0.942415 0.925629 0.933632 0.869142 0.982814 0.914299 0.938689 0.992935 0.964141
0.875548 0.887953 0.865894 0.639683 0.932621 0.934663 0.951789 0.926736 0.799214 0.980715 0.822578 0.983864 0.874558 0.880756 0.975349 0.865622 0.978974 0.948711 0.967883 0.908494 0.995481 0.977240 0.847169 0.830989 0.743658 0.721077 0.853860 0.925762 0.892575 0.837163 0.842904 0.854644 0.873235 0.897332 0.834883 0.839674 0.000000 0.618662 0.919579 0.876187 0.734318 0.969375 0.934173 0.975406 0.895151 0.873299 0.928857 0.993603 0.964579 0.903367 0.664387 0.812912 0.826647 0.788264 0.855203 0.958779 0.883680 0.869143 0.796500 0.830511 0.885978 0.814294 0.975186 0.902740 0.833570 0.757477 0.941729 0.981198 0.798044 0.873657 0.797574 0.727056 0.750490 0.860839 0.845677 0.951901 0.890031 0.841701 0.850619 0.902141 0.895597 0.972877 0.889482 0.864424 0.923938 0.742012 0.930347 0.980065 0.946060 0.811489 0.975542 0.943263 0.853127 0.904783 0.967559 0.997868 0.935602 0.909879 0.975539 0.976057 0.944907 0.991808 0.982499 0.972230 0.741272 0.824152 0.959988 0.809788 0.864618 0.904007 0.990617 0.982145 0.958540 0.940538 0.950630 0.898427
0.766379 0.727314 0.936127 0.750887 0.929136 0.822253 0.967066 0.968465 0.990850 0.966534 0.840456 0.924153 0.819155 0.926073 0.923942 0.977402 0.940753 0.961529 0.926280 0.878671 0.988433 0.937881 0.878874 0.878051 0.798810 0.890572 0.889872 0.973788 0.887859 0.977293 0.895306 0.951479 0.762375 0.952684 0.916035 0.833471 0.618662 0.000000 0.951222 0.891093 0.786511 0.903507 0.958527 0.960794 0.949358 0.935873 0.995140 0.960598 0.954984 0.872098 0.817532 0.848093 0.958199 0.934121 0.847169 0.930697 0.818897 0.796511 0.886318 0.848309 0.911306 0.805384 0.945551 0.812943 0.892686 0.807062 0.974973 0.947164 0.827368 0.922073 0.747318 0.720342 0.938615 0.921900 0.848089 0.993181 0.827654 0.846398 0.959607 0.916016 0.936652 0.975780 0.998943 0.862597 0.974591 0.769311 0.955743 0.974826 0.996078 0.781437 0.901062 0.890450 0.935902 0.964694 0.979089 0.994875 0.954929 0.939619 0.999458 0.942464 0.937841 0.818185 0.976451 0.929834 0.777952 0.840817 0.902841 0.947123 0.903313 0.971821 0.985134 0.952126 0.965554 0.947688 0.988941 0.834009
