0.000000 0.333534 0.832396 0.865130 0.936221 0.799784 0.896721 0.600669 0.959535 0.687442 0.577823 0.329364 0.538998 0.528973 0.789790 0.795190 0.551855 0.454823 0.583194 0.502908 0.944058 0.983524 0.867455 0.843449 0.802614 0.784300 0.769556 0.960469 0.574953 0.552908 0.873191 0.727652 0.754825 0.670774 0.891250 0.979706 0.809433 0.908763 0.981104 0.973310 0.870161 0.885086 0.778084 0.694147 0.710746 0.596971 0.716595 0.751044 0.525674 0.466031 0.483143 0.534210 0.765024 0.799020 0.813036 0.851866 0.390571 0.346262 0.522077 0.387355 0.634297 0.577880 0.444231 0.342897 0.852957 0.994606 0.951966 0.826310 0.545474 0.637558 0.769185 0.717434 0.853921 0.858049 0.828110 0.971869 0.936244 0.869131 0.781587 0.713859 0.395744 0.446804 0.901833 0.887060 0.623966 0.619037 0.813707 0.996157 0.658213 0.526098 0.700228 0.765488 0.763195 0.931744 0.854498 0.947322 0.862468 0.847518 0.540058 0.677124 0.862229 0.783709 0.594775 0.781184 0.855707 0.967057 0.967646 0.969616 0.999262 0.860351 0.950770 0.725676 0.708692 0.854977 0.962662 0.992680
0.333534 0.000000 0.916709 0.804467 0.853941 0.922382 0.932432 0.625010 0.872632 0.758735 0.624764 0.421944 0.568696 0.621733 0.839064 0.892505 0.487163 0.456244 0.677121 0.541922 0.918145 0.918507 0.935310 0.893577 0.890148 0.804951 0.834021 0.979328 0.543391 0.542228 0.780591 0.708359 0.776331 0.615041 0.926737 0.941418 0.994139 0.879864 0.970729 0.984302 0.834720 0.858331 0.675463 0.611831 0.707157 0.570557 0.659009 0.766487 0.565875 0.447307 0.507727 0.497831 0.727763 0.758061 0.843547 0.822265 0.337111 0.339022 0.516177 0.386114 0.701257 0.670455 0.543462 0.416561 0.886847 0.967352 0.910914 0.762117 0.531542 0.560380 0.806700 0.680851 0.833282 0.882363 0.842405 0.983861 0.846391 0.861615 0.693095 0.641484 0.428993 0.567991 0.898323 0.922428 0.813108 0.719489 0.857491 0.923801 0.790118 0.620175 0.772128 0.806735 0.824410 0.924868 0.918265 0.971591 0.805874 0.778219 0.641819 0.663949 0.925514 0.823930 0.680047 0.769752 0.912363 0.972537 0.940446 0.931150 0.994878 0.837400 0.961304 0.763913 0.690922 0.823553 0.979461 0.976359
0.832396 0.916709 0.000000 0.483924 0.933057 0.910622 0.515293 0.640702 0.627092 0.928820 0.810585 0.890887 0.928217 0.923252 0.694300 0.730586 0.942112 0.997956 0.898490 0.994072 0.737518 0.890919 0.647579 0.692030 0.367096 0.412518 0.893065 0.943698 0.904820 0.895534 0.521301 0.637053 0.805440 0.805587 0.649168 0.840016 0.878672 0.986822 0.736140 0.912274 0.874980 0.915203 0.703118 0.757006 0.820600 0.791049 0.854997 0.928088 0.616375 0.795153 0.884918 0.914084 0.889092 0.770118 0.934606 0.959235 0.932335 0.928110 0.985673 0.957206 0.721471 0.934471 0.973322 0.887289 0.429290 0.452910 0.541827 0.621750 0.882102 0.967954 0.723200 0.751087 0.671379 0.622214 0.809939 0.934343 0.623438 0.800687 0.858870 0.956917 0.787767 0.866827 0.894857 0.647127 0.940777 0.820218 0.876332 0.868081 0.756215 0.818293 0.811964 0.934028 0.800713 0.758889 0.931813 0.899679 0.862606 0.976184 0.988811 0.822580 0.864385 0.789393 0.992788 0.995284 0.717495 0.750019 0.750834 0.778064 0.913330 0.871911 0.945723 0.939300 0.921040 0.905743 0.723552 0.815043
0.865130 0.804467 0.483924 0.000000 0.843795 0.715251 0.595215 0.423812 0.581838 0.750490 0.939767 0.803196 0.655691 0.617222 0.471194 0.451943 0.795270 0.830357 0.693581 0.794987 0.641881 0.983554 0.412278 0.491885 0.473067 0.540530 0.840671 0.970205 0.839139 0.757299 0.416364 0.512462 0.553376 0.741939 0.701146 0.758948 0.873869 0.900521 0.986678 0.761277 0.973268 0.960638 0.505523 0.566243 0.928290 0.995526 0.878977 0.775914 0.835548 0.868431 0.736803 0.657152 0.550348 0.429830 0.984328 0.952670 0.872049 0.754070 0.897188 0.686873 0.594903 0.634648 0.903036 0.811113 0.475805 0.351317 0.496517 0.499041 0.912026 0.870299 0.469446 0.485698 0.544010 0.571537 0.830890 0.926585 0.580802 0.557013 0.769918 0.786754 0.971884 0.925370 0.817087 0.740958 0.762982 0.568744 0.880036 0.867107 0.971045 0.906422 0.514034 0.642828 0.545627 0.545860 0.900503 0.828465 0.857824 0.905747 0.707930 0.621506 0.843187 0.635365 0.880078 0.993415 0.611556 0.668064 0.859145 0.772317 0.915177 0.924594 0.894482 0.865239 0.794130 0.976048 0.620471 0.774246
0.936221 0.853941 0.933057 0.843795 0.000000 0.679895 0.757965 0.740254 0.509401 0.672613 0.907949 0.970775 0.730685 0.812549 0.703294 0.718449 0.897193 0.823937 0.713302 0.864681 0.975690 0.913752 0.659804 0.783552 0.965953 0.969186 0.821555 0.834169 0.941301 0.932220 0.880662 0.881946 0.874334 0.921904 0.871187 0.975187 0.925225 0.972912 0.869733 0.798609 0.841484 0.871128 0.936457 0.880016 0.976586 0.917746 0.782069 0.903092 0.884527 0.876515 0.905989 0.945689 0.794584 0.796738 0.999224 0.924861 0.821517 0.986644 0.971157 0.953962 0.728792 0.629428 0.943084 0.919068 0.927743 0.851195 0.857491 0.974534 0.987477 0.997738 0.702266 0.977263 0.977146 0.869844 0.961947 0.992897 0.856081 0.865006 0.793528 0.975682 0.876640 0.966048 0.830935 0.808426 0.721608 0.862254 0.973717 0.871355 0.850040 0.910931 0.636554 0.600543 0.671754 0.711802 0.941056 0.818492 0.884309 0.808987 0.838217 0.823955 0.742009 0.740100 0.928683 0.925263 0.873017 0.897970 0.835493 0.917649 0.957025 0.936587 0.922478 0.868303 0.980761 0.996784 0.886832 0.878891
0.799784 0.922382 0.910622 0.715251 0.679895 0.000000 0.616912 0.606031 0.642563 0.611567 0.949159 0.858310 0.857502 0.839324 0.774813 0.704255 0.761574 0.838804 0.620659 0.796965 0.896717 0.998342 0.635511 0.650020 0.930780 0.894723 0.976992 0.845696 0.772181 0.851852 0.749711 0.944507 0.752384 0.749611 0.789869 0.917406 0.894266 0.913311 0.959651 0.867963 0.979965 0.978239 0.872300 0.818701 0.606507 0.747377 0.900328 0.797220 0.786335 0.704727 0.600493 0.676478 0.623456 0.584435 0.813171 0.737589 0.928376 0.824242 0.732955 0.685830 0.598423 0.716207 0.727340 0.688351 0.974319 0.861488 0.617143 0.720577 0.969431 0.890060 0.790305 0.798832 0.856281 0.902618 0.964100 0.873223 0.747727 0.785888 0.995891 0.770755 0.803452 0.804663 0.996056 0.886233 0.676487 0.676559 0.999981 0.969459 0.914996 0.864583 0.457452 0.582078 0.507812 0.785559 0.859062 0.925026 0.812379 0.878243 0.568808 0.649039 0.739971 0.708123 0.703515 0.856205 0.803508 0.892956 0.895200 0.994772 0.927480 0.964373 0.998403 0.678000 0.745288 0.906167 0.723435 0.837795
0.896721 0.932432 0.515293 0.595215 0.757965 0.616912 0.000000 0.391801 0.528433 0.449465 0.903741 0.919526 0.779887 0.875335 0.716905 0.837651 0.700384 0.789621 0.518708 0.773945 0.939107 0.920677 0.751293 0.922805 0.785493 0.685312 0.896216 0.947391 0.564936 0.744402 0.555396 0.675275 0.705996 0.605443 0.748890 0.889732 0.900196 0.924599 0.900696 0.851984 0.820704 0.814136 0.655478 0.659560 0.810780 0.815979 0.696690 0.708263 0.994082 0.938795 0.746442 0.920310 0.807539 0.758866 0.861576 0.887689 0.874706 0.900267 0.634101 0.712904 0.338668 0.609554 0.564852 0.711910 0.797498 0.615205 0.558117 0.580171 0.990044 0.951569 0.718982 0.839515 0.735852 0.758640 0.974165 0.974993 0.591844 0.802770 0.784070 0.927296 0.856181 0.814348 0.962297 0.724959 0.800263 0.872989 0.873678 0.808405 0.860021 0.907857 0.498840 0.684128 0.558736 0.772795 0.848044 0.817559 0.789702 0.758519 0.615734 0.606882 0.619038 0.725167 0.765277 0.868342 0.612318 0.848978 0.842406 0.911862 0.945836 0.798861 0.869470 0.839364 0.714974 0.892362 0.776290 0.895241
0.600669 0.625010 0.640702 0.423812 0.740254 0.606031 0.391801 0.000000 0.532227 0.407803 0.756876 0.567232 0.477749 0.522900 0.487293 0.611034 0.615908 0.622432 0.411260 0.518467 0.810946 0.988329 0.562162 0.711986 0.791486 0.785006 0.890700 0.943130 0.510658 0.582528 0.456573 0.546721 0.536209 0.588150 0.834292 0.834922 0.928409 0.978069 0.906980 0.796304 0.954666 0.838891 0.581871 0.581371 0.779633 0.769785 0.767900 0.713821 0.876098 0.758032 0.569536 0.659947 0.629146 0.577762 0.911738 0.923712 0.675542 0.567518 0.615467 0.486257 0.329102 0.367254 0.525894 0.495903 0.801593 0.574276 0.624243 0.566583 0.778946 0.786250 0.489334 0.557750 0.594602 0.622993 0.958295 0.953815 0.602560 0.721407 0.767375 0.728990 0.720868 0.724274 0.926742 0.777322 0.638752 0.647343 0.785634 0.844319 0.914174 0.827783 0.391894 0.511448 0.476133 0.596120 0.827633 0.802355 0.733564 0.811615 0.487330 0.493417 0.625982 0.601667 0.714977 0.797499 0.625397 0.766138 0.878051 0.815581 0.999180 0.841584 0.863605 0.747765 0.692313 0.923033 0.743646 0.854604
0.959535 0.872632 0.627092 0.581838 0.509401 0.642563 0.528433 0.532227 0.000000 0.548594 0.900890 0.952273 0.654131 0.722266 0.611357 0.607594 0.957286 0.911810 0.621060 0.876483 0.869214 0.918260 0.556382 0.707175 0.738608 0.735362 0.825201 0.997867 0.861032 0.889598 0.592820 0.807229 0.818292 0.899794 0.836661 0.923981 0.937337 0.998926 0.902853 0.799625 0.841828 0.986676 0.895679 0.966726 0.997545 0.895501 0.865225 0.986355 0.820156 0.820608 0.931348 0.988758 0.773020 0.757784 0.925731 0.932676 0.879506 0.970587 0.989434 0.978723 0.609402 0.554672 0.928314 0.929578 0.777845 0.668253 0.761834 0.871034 0.998040 0.993599 0.553950 0.739321 0.673715 0.625790 0.850774 0.947123 0.726874 0.758444 0.830453 0.925104 0.814274 0.871745 0.929037 0.653479 0.788225 0.882107 0.884200 0.974761 0.957707 0.977205 0.525338 0.566703 0.616649 0.552351 0.991436 0.824035 0.865885 0.886891 0.743583 0.720103 0.728358 0.709604 0.923684 0.888172 0.727424 0.755290 0.907024 0.741430 0.949958 0.899978 0.885399 0.884677 0.890606 0.982324 0.671118 0.902061
0.687442 0.758735 0.928820 0.750490 0.672613 0.611567 0.449465 0.407803 0.548594 0.000000 0.761064 0.666768 0.569638 0.693956 0.690551 0.846272 0.687940 0.667550 0.427503 0.611933 0.967769 0.996500 0.802618 0.983243 0.848970 0.977517 0.796989 0.914325 0.489371 0.619451 0.629657 0.773018 0.655263 0.624000 0.922259 0.936450 0.783453 0.979954 0.811996 0.848984 0.903902 0.939548 0.783948 0.779890 0.635482 0.637331 0.801075 0.772747 0.702048 0.792730 0.598869 0.780111 0.772616 0.789788 0.755273 0.874138 0.774812 0.687966 0.626715 0.604844 0.383079 0.413764 0.497575 0.519359 0.839048 0.917973 0.798872 0.798752 0.828523 0.770188 0.662564 0.729019 0.838293 0.821044 0.869125 0.898182 0.713036 0.902621 0.914048 0.902707 0.698743 0.782734 0.941190 0.814109 0.791772 0.937275 0.818823 0.758711 0.966706 0.955549 0.442316 0.532606 0.523106 0.714784 0.903265 0.805719 0.832080 0.745831 0.475429 0.536864 0.586829 0.718297 0.664573 0.782948 0.782971 0.888458 0.943741 0.895084 0.923324 0.814254 0.880511 0.705370 0.768489 0.914146 0.822523 0.980149
0.577823 0.624764 0.810585 0.939767 0.907949 0.949159 0.903741 0.756876 0.900890 0.761064 0.000000 0.589051 0.663090 0.721058 0.970954 0.885297 0.655661 0.550105 0.646562 0.605126 0.953659 0.971977 0.804080 0.825399 0.754024 0.787519 0.576860 0.943908 0.621848 0.671459 0.924994 0.994778 0.928127 0.660262 0.809142 0.824398 0.989156 0.950585 0.973908 0.834731 0.836227 0.935516 0.940430 0.796818 0.873226 0.734106 0.797829 0.852014 0.756337 0.843475 0.772960 0.919682 0.902213 0.962326 0.921265 0.838602 0.684312 0.675314 0.650806 0.656887 0.690651 0.724297 0.507355 0.596165 0.717078 0.937332 0.905218 0.952348 0.659581 0.892172 0.982742 0.987309 0.998102 0.957293 0.889978 0.892731 0.925457 0.996247 0.845724 0.830287 0.574598 0.562443 0.907970 0.804030 0.966826 0.995430 0.900031 0.957449 0.904959 0.858424 0.870839 0.953223 0.933503 0.913234 0.900401 0.987431 0.831674 0.844756 0.760641 0.921643 0.688276 0.930069 0.785687 0.830114 0.980897 0.853260 0.881889 0.810605 0.809009 0.926163 0.945321 0.925588 0.842645 0.939450 0.949808 0.877568
0.329364 0.421944 0.890887 0.803196 0.970775 0.858310 0.919526 0.567232 0.952273 0.666768 0.589051 0.000000 0.466567 0.421265 0.657342 0.692647 0.636217 0.442822 0.504951 0.420015 0.984701 0.955355 0.789052 0.780093 0.872139 0.833540 0.819569 0.944985 0.578998 0.485480 0.834974 0.718093 0.704714 0.697738 0.958702 0.972956 0.884527 0.885702 0.964001 0.928828 0.853346 0.901559 0.814158 0.757680 0.799174 0.690456 0.861252 0.831783 0.658081 0.605432 0.566069 0.608636 0.791227 0.794088 0.866034 0.965373 0.505265 0.408329 0.658850 0.496886 0.671401 0.490079 0.552531 0.396612 0.916232 0.939332 0.961592 0.866045 0.527604 0.640000 0.714041 0.628080 0.803995 0.735760 0.942166 0.948735 0.945473 0.912192 0.772087 0.685013 0.501215 0.520915 0.874760 0.872042 0.614093 0.591950 0.879208 0.934705 0.651771 0.608383 0.721155 0.753912 0.791720 0.838759 0.905830 0.957443 0.879656 0.958848 0.609357 0.701779 0.895569 0.747587 0.681709 0.756918 0.860912 0.958336 0.939773 0.989660 0.954604 0.896204 0.967435 0.680769 0.822791 0.951351 0.978340 0.960907
0.538998 0.568696 0.928217 0.655691 0.730685 0.857502 0.779887 0.477749 0.654131 0.569638 0.663090 0.466567 0.000000 0.344616 0.453888 0.594588 0.773533 0.658704 0.461148 0.476441 0.926348 0.984308 0.636786 0.751264 0.976555 0.996541 0.926460 0.969351 0.565242 0.483961 0.643710 0.630738 0.676363 0.748095 0.967044 0.971511 0.992241 0.975147 0.907547 0.970696 0.944640 0.963793 0.788025 0.789530 0.908952 0.827373 0.948388 0.919738 0.886289 0.806022 0.688812 0.693209 0.807947 0.711461 0.998368 0.997201 0.705378 0.498531 0.799256 0.612624 0.536410 0.418724 0.611445 0.522543 0.997313 0.803282 0.927217 0.833468 0.702671 0.705706 0.487908 0.534410 0.642404 0.628795 0.983465 0.913249 0.876589 0.751576 0.912996 0.803677 0.769649 0.811400 0.857016 0.853102 0.769095 0.805582 0.790506 0.935081 0.823113 0.749638 0.607257 0.604509 0.701239 0.645981 0.867934 0.865853 0.718928 0.772531 0.616371 0.682285 0.778753 0.673194 0.791473 0.747267 0.830560 0.823836 0.971673 0.876280 0.947196 0.860434 0.942749 0.759608 0.820006 0.889684 0.844327 0.961848
0.528973 0.621733 0.923252 0.617222 0.812549 0.839324 0.875335 0.522900 0.722266 0.693956 0.721058 0.421265 0.344616 0.000000 0.420225 0.471867 0.769227 0.603406 0.525537 0.412617 0.780556 0.928033 0.547855 0.582845 0.947308 0.911036 0.941078 0.941355 0.665998 0.580540 0.654657 0.642767 0.691348 0.788049 0.966613 0.981237 0.939710 0.994716 0.874043 0.878955 0.924490 0.860983 0.871493 0.854160 0.964769 0.902118 0.974754 0.952663 0.909560 0.817317 0.711104 0.683619 0.780889 0.683450 0.994841 0.909601 0.769999 0.495062 0.916270 0.656777 0.660239 0.448187 0.673930 0.531655 0.941376 0.775080 0.866350 0.853984 0.777330 0.773438 0.509609 0.472993 0.602309 0.534019 0.913381 0.957348 0.846922 0.829336 0.849713 0.782587 0.787743 0.761212 0.842436 0.879427 0.684675 0.640831 0.877854 0.980946 0.747798 0.645527 0.611708 0.606245 0.675799 0.585198 0.811859 0.834435 0.850010 0.913929 0.641091 0.685927 0.810650 0.648551 0.824798 0.734473 0.757039 0.788938 0.967844 0.862913 0.965545 0.904829 0.978545 0.814703 0.800304 0.931075 0.824268 0.893077
0.789790 0.839064 0.694300 0.471194 0.703294 0.774813 0.716905 0.487293 0.611357 0.690551 0.970954 0.657342 0.453888 0.420225 0.000000 0.371224 0.882204 0.751419 0.599967 0.623224 0.756437 0.990529 0.358406 0.491889 0.764280 0.738119 0.949891 0.941753 0.715711 0.631626 0.540567 0.621540 0.587554 0.847700 0.754972 0.743188 0.973559 0.959513 0.902852 0.839625 0.970972 0.925645 0.738383 0.781711 0.894424 0.933809 0.997856 0.902482 0.954945 0.872452 0.755870 0.674571 0.637591 0.489318 0.969113 0.866294 0.982771 0.693264 0.993871 0.754950 0.615105 0.535931 0.826215 0.721270 0.699003 0.605441 0.650908 0.710759 0.939556 0.711384 0.404599 0.428752 0.565907 0.556464 0.737838 0.899679 0.691113 0.726616 0.857222 0.884462 0.974269 0.970172 0.692602 0.778456 0.687446 0.617410 0.890501 0.967958 0.839126 0.827512 0.530747 0.525825 0.554624 0.457662 0.766111 0.883714 0.917633 0.922444 0.614246 0.581682 0.812839 0.578795 0.834461 0.810930 0.668449 0.674770 0.930838 0.880271 0.876060 0.960602 0.924673 0.737179 0.883029 0.910138 0.715667 0.880072
0.795190 0.892505 0.730586 0.451943 0.718449 0.704255 0.837651 0.611034 0.607594 0.846272 0.885297 0.692647 0.594588 0.471867 0.371224 0.000000 0.973479 0.875635 0.691180 0.739903 0.775294 0.915712 0.271503 0.334847 0.693246 0.737893 0.735271 0.926433 0.900318 0.707367 0.597321 0.603857 0.657696 0.915779 0.706897 0.762384 0.984082 0.935375 0.932476 0.871673 0.834529 0.926776 0.785079 0.800720 0.877050 0.990846 0.916683 0.876699 0.963313 0.805096 0.724071 0.602093 0.518957 0.456804 0.989573 0.894525 0.989378 0.745475 0.988897 0.760151 0.720730 0.633887 0.957290 0.794112 0.588849 0.582164 0.577236 0.721873 0.922483 0.818910 0.448585 0.502090 0.575770 0.610234 0.742136 0.948758 0.719878 0.725386 0.941160 0.855772 0.953396 0.971009 0.647803 0.814183 0.553055 0.479045 0.957505 0.846549 0.703203 0.684511 0.551662 0.568152 0.545087 0.494639 0.789467 0.867472 0.963023 0.916303 0.669630 0.621776 0.956594 0.586601 0.829483 0.967661 0.640662 0.697449 0.930124 0.871214 0.881687 0.912237 0.906309 0.737964 0.852745 0.928194 0.618892 0.825427
0.551855 0.487163 0.942112 0.795270 0.897193 0.761574 0.700384 0.615908 0.957286 0.687940 0.655661 0.636217 0.773533 0.769227 0.882204 0.973479 0.000000 0.438396 0.632796 0.619634 0.992459 0.944849 0.952961 0.972285 0.983642 0.947331 0.770208 0.945666 0.440720 0.570505 0.763571 0.745622 0.755228 0.480523 0.916089 0.997017 0.928034 0.950619 0.967691 0.984922 0.959358 0.748932 0.672551 0.559092 0.624725 0.546181 0.496066 0.631150 0.635413 0.568207 0.622755 0.685878 0.794653 0.782999 0.687812 0.674875 0.543941 0.592647 0.532261 0.514033 0.602678 0.745455 0.470262 0.477217 0.941340 0.894069 0.742485 0.672708 0.718753 0.766606 0.883394 0.859647 0.949764 0.975182 0.930295 0.900153 0.712776 0.875682 0.702122 0.742100 0.480992 0.542465 0.975180 0.851811 0.814350 0.762625 0.991940 0.911600 0.979159 0.805570 0.713881 0.862442 0.756804 0.995862 0.932817 0.820606 0.824858 0.774530 0.642816 0.677583 0.756984 0.790107 0.742380 0.830266 0.865297 0.890746 0.978268 0.980133 0.930728 0.732686 0.945275 0.755962 0.663663 0.891307 0.966502 0.827343
0.454823 0.456244 0.997956 0.830357 0.823937 0.838804 0.789621 0.622432 0.911810 0.667550 0.550105 0.442822 0.658704 0.603406 0.751419 0.875635 0.438396 0.000000 0.599650 0.492094 0.945460 0.963043 0.933537 0.923779 0.897911 0.975937 0.699478 0.996090 0.443029 0.449252 0.740396 0.698761 0.684145 0.540195 0.976914 0.982602 0.888002 0.894455 0.934869 0.981714 0.872540 0.799342 0.630983 0.549683 0.628545 0.463103 0.624215 0.597130 0.541226 0.506677 0.512716 0.573823 0.769931 0.722272 0.783487 0.778190 0.521736 0.484791 0.567444 0.496690 0.641313 0.659069 0.475534 0.403366 0.866318 0.956927 0.782200 0.703867 0.649961 0.615637 0.821100 0.736197 0.856495 0.825651 0.917330 0.974865 0.801294 0.871636 0.584138 0.581653 0.380771 0.533575 0.992430 0.834817 0.856685 0.736791 0.961585 0.848405 0.877775 0.790428 0.740254 0.853609 0.758377 0.958064 0.805177 0.894676 0.895810 0.871064 0.593025 0.601862 0.808473 0.792375 0.607610 0.764598 0.815895 0.922221 0.966878 0.939411 0.986174 0.810305 0.898886 0.787731 0.749038 0.822946 0.997932 0.849648
0.583194 0.677121 0.898490 0.693581 0.713302 0.620659 0.518708 0.411260 0.621060 0.427503 0.646562 0.504951 0.461148 0.525537 0.599967 0.691180 0.632796 0.599650 0.000000 0.472547 0.954143 0.982457 0.725284 0.834474 0.933042 0.973633 0.771478 0.994416 0.474538 0.520992 0.651494 0.700938 0.720296 0.570890 0.985069 0.947668 0.888287 0.972375 0.927931 0.996991 0.906874 0.893670 0.779762 0.682311 0.706501 0.697713 0.779800 0.781551 0.801440 0.763892 0.629449 0.724650 0.787865 0.745665 0.783323 0.894922 0.741650 0.634990 0.651772 0.586929 0.405156 0.429606 0.464811 0.452221 0.959482 0.801809 0.743310 0.748953 0.772229 0.814840 0.661679 0.665409 0.712246 0.671608 0.970875 0.984214 0.770123 0.842108 0.867757 0.796456 0.654576 0.655381 0.932353 0.899482 0.656427 0.738962 0.833095 0.936864 0.896626 0.801301 0.478759 0.602666 0.603463 0.739900 0.816812 0.880891 0.758780 0.812727 0.463457 0.604437 0.610463 0.640982 0.629465 0.759192 0.671502 0.875151 0.996730 0.983403 0.875160 0.778434 0.856252 0.669047 0.758131 0.858619 0.808103 0.948585
0.502908 0.541922 0.994072 0.794987 0.864681 0.796965 0.773945 0.518467 0.876483 0.611933 0.605126 0.420015 0.476441 0.412617 0.623224 0.739903 0.619634 0.492094 0.472547 0.000000 0.959753 0.892069 0.812094 0.782010 0.923372 0.992689 0.786146 0.995458 0.520111 0.534842 0.762539 0.721001 0.687374 0.676925 0.997321 0.938798 0.999178 0.983672 0.952792 0.881998 0.925970 0.857829 0.869237 0.778907 0.820806 0.722499 0.782936 0.827391 0.742465 0.753075 0.664386 0.737282 0.888284 0.814714 0.939487 0.911293 0.641115 0.487981 0.683531 0.555571 0.593059 0.474653 0.491443 0.393675 0.873610 0.863028 0.867927 0.770066 0.634917 0.718835 0.729023 0.667944 0.769984 0.717265 0.984155 0.937212 0.816755 0.921334 0.730395 0.689901 0.557506 0.529064 0.887175 0.982405 0.701212 0.722085 0.846388 0.991769 0.791041 0.754632 0.659360 0.719675 0.730878 0.827425 0.789985 0.874943 0.770895 0.867298 0.581465 0.694371 0.771723 0.763826 0.714065 0.682704 0.765440 0.817132 0.912130 0.977437 0.841436 0.882874 0.990934 0.765009 0.776772 0.870488 0.997226 0.888851
0.944058 0.918145 0.737518 0.641881 0.975690 0.896717 0.939107 0.810946 0.869214 0.967769 0.953659 0.984701 0.926348 0.780556 0.756437 0.775294 0.992459 0.945460 0.954143 0.959753 0.000000 0.951015 0.777969 0.778437 0.714690 0.619996 0.989912 0.931126 0.951410 0.979655 0.696616 0.850532 0.816690 0.966670 0.771564 0.893713 0.928834 0.852334 0.886370 0.820583 0.938243 0.931155 0.840692 0.948569 0.799443 0.826831 0.962919 0.978613 0.779606 0.941546 0.990134 0.953428 0.914798 0.800444 0.995778 0.807517 0.960444 0.961595 0.951243 0.998683 0.969796 0.890973 0.921284 0.945226 0.681082 0.625015 0.766519 0.845714 0.988197 0.970926 0.883196 0.798556 0.739821 0.695176 0.862513 0.946138 0.758149 0.826737 0.847486 0.986082 0.881961 0.862421 0.975554 0.796841 0.947847 0.798565 0.963701 0.854767 0.936856 0.973071 0.911871 0.927866 0.860738 0.751613 0.832373 0.906173 0.958429 0.967534 0.997180 0.875817 0.915693 0.863430 0.889148 0.893238 0.808570 0.867725 0.987907 0.883958 0.783183 0.998870 0.984813 0.855253 0.887708 0.962839 0.869553 0.943796
0.983524 0.918507 0.890919 0.983554 0.913752 0.998342 0.920677 0.988329 0.918260 0.996500 0.971977 0.955355 0.984308 0.928033 0.990529 0.915712 0.944849 0.963043 0.982457 0.892069 0.951015 0.000000 0.946416 0.912929 0.816940 0.978200 0.884914 0.991396 0.894316 0.895761 0.948413 0.914899 0.999120 0.911182 0.941963 0.969918 0.965978 0.961236 0.937340 0.912716 0.925020 0.800487 0.971146 0.979675 0.928735 0.940371 0.940870 0.902971 0.997457 0.945217 0.911174 0.872778 0.865242 0.917331 0.848123 0.999553 0.947337 0.988685 0.934934 0.992577 0.910989 0.951779 0.970518 0.939242 0.908741 0.986162 0.959899 0.999552 0.977849 0.891457 0.901688 0.904737 0.995093 0.992550 0.961873 0.943805 0.868441 0.984424 0.921971 0.873869 0.899172 0.963339 0.986633 0.951741 0.885272 0.942509 0.912238 0.856338 0.864812 0.942164 0.955555 0.958754 0.977958 0.970767 0.982519 0.887068 0.918524 0.946467 0.964743 0.974660 0.998689 0.858476 0.998522 0.941712 0.928886 0.981948 0.791828 0.982801 0.930333 0.825242 0.805536 0.978085 0.963246 0.814135 0.729433 0.958308
0.867455 0.935310 0.647579 0.412278 0.659804 0.635511 0.751293 0.562162 0.556382 0.802618 0.804080 0.789052 0.636786 0.547855 0.358406 0.271503 0.952961 0.933537 0.725284 0.812094 0.777969 0.946416 0.000000 0.342218 0.632411 0.691758 0.709734 0.896852 0.893274 0.731517 0.529574 0.588503 0.625598 0.952128 0.688099 0.742831 0.997458 0.913435 0.904189 0.835946 0.943214 0.995493 0.767012 0.814538 0.886913 0.988272 0.941140 0.905651 0.914685 0.828167 0.757156 0.633766 0.507913 0.444177 0.984789 0.905046 0.984213 0.771424 0.972440 0.792909 0.699310 0.666229 0.974694 0.834787 0.545239 0.549501 0.524617 0.664862 0.963159 0.810643 0.415506 0.526643 0.585587 0.633900 0.788795 0.994405 0.650641 0.704294 0.965301 0.860779 0.897063 0.900251 0.633768 0.737976 0.552286 0.486246 0.936043 0.867550 0.789242 0.708935 0.539806 0.535927 0.524510 0.469077 0.846071 0.854989 0.911091 0.993554 0.696319 0.614587 0.875549 0.597296 0.853884 0.968391 0.609089 0.658454 0.989449 0.790441 0.868485 0.922905 0.891425 0.760328 0.919892 0.943855 0.671655 0.837560
0.843449 0.893577 0.692030 0.491885 0.783552 0.650020 0.922805 0.711986 0.707175 0.983243 0.825399 0.780093 0.751264 0.582845 0.491889 0.334847 0.972285 0.923779 0.834474 0.782010 0.778437 0.912929 0.342218 0.000000 0.623128 0.672901 0.672956 0.910002 0.997269 0.835085 0.663954 0.723966 0.692360 0.994519 0.707112 0.764678 0.894814 0.891791 0.980251 0.831038 0.872387 0.993120 0.866154 0.906976 0.958461 0.920775 0.919931 0.953174 0.876280 0.843311 0.797623 0.656886 0.578637 0.477347 0.979858 0.938027 0.991359 0.774559 0.944149 0.867146 0.879169 0.841272 0.953972 0.889203 0.585821 0.600291 0.558115 0.713802 0.985775 0.838275 0.591412 0.571113 0.695929 0.612926 0.728000 0.906811 0.720024 0.750539 0.919012 0.812413 0.951645 0.989768 0.686148 0.829781 0.615125 0.430655 0.963279 0.831399 0.759646 0.756329 0.648340 0.709736 0.617337 0.597690 0.872668 0.897043 0.949635 0.938987 0.756526 0.747135 0.987486 0.658135 0.880557 0.884751 0.653267 0.656745 0.950034 0.924014 0.909876 0.878544 0.992821 0.755910 0.904418 0.871650 0.739344 0.798998
0.802614 0.890148 0.367096 0.473067 0.965953 0.930780 0.785493 0.791486 0.738608 0.848970 0.754024 0.872139 0.976555 0.947308 0.764280 0.693246 0.983642 0.897911 0.933042 0.923372 0.714690 0.816940 0.632411 0.623128 0.000000 0.429258 0.808298 0.953611 0.868858 0.973361 0.618688 0.717647 0.855698 0.924510 0.713838 0.895498 0.793035 0.975697 0.833157 0.954532 0.974328 0.975309 0.722749 0.778357 0.750693 0.701368 0.964621 0.949063 0.587852 0.810263 0.820694 0.925049 0.876984 0.774627 0.804105 0.942743 0.885457 0.898585 0.844943 0.899201 0.934418 0.939410 0.757904 0.783716 0.355258 0.451180 0.653538 0.667592 0.906328 0.834009 0.776876 0.786431 0.714048 0.725087 0.791147 0.971421 0.796566 0.692997 0.918898 0.965455 0.688806 0.811227 0.872287 0.838734 0.947912 0.745545 0.992858 0.995897 0.810423 0.861392 0.960107 0.959816 0.947365 0.848187 0.885919 0.881155 0.905260 0.902330 0.850020 0.988128 0.934954 0.922534 0.880901 0.794670 0.828120 0.753317 0.762849 0.850880 0.901569 0.977893 0.975438 0.919939 0.990020 0.922939 0.688875 0.713007
0.784300 0.804951 0.412518 0.540530 0.969186 0.894723 0.685312 0.785006 0.735362 0.977517 0.787519 0.833540 0.996541 0.911036 0.738119 0.737893 0.947331 0.975937 0.973633 0.992689 0.619996 0.978200 0.691758 0.672901 0.429258 0.000000 0.997894 0.986614 0.977098 0.989406 0.623281 0.752862 0.776015 0.850228 0.692616 0.914808 0.930721 0.966431 0.784923 0.950752 0.936186 0.997751 0.712229 0.799917 0.840688 0.808884 0.896027 0.921336 0.632876 0.823182 0.924887 0.943728 0.936840 0.746370 0.962602 0.966583 0.811552 0.810365 0.938586 0.922272 0.824379 0.984571 0.928711 0.869466 0.500676 0.446552 0.556725 0.588774 0.811004 0.847683 0.820945 0.796611 0.707327 0.669020 0.783006 0.856905 0.733586 0.732449 0.831470 0.964969 0.780338 0.810440 0.968149 0.756870 0.968929 0.827153 0.995208 0.800251 0.816693 0.700370 0.843010 0.950531 0.830568 0.857985 0.930381 0.822214 0.873644 0.893217 0.999243 0.975138 0.951907 0.824176 0.923661 0.934277 0.666199 0.623413 0.827459 0.922745 0.967586 0.903267 0.997491 0.845325 0.871796 0.848352 0.748763 0.743639
0.769556 0.834021 0.893065 0.840671 0.821555 0.976992 0.896216 0.890700 0.825201 0.796989 0.576860 0.819569 0.926460 0.941078 0.949891 0.735271 0.770208 0.699478 0.771478 0.786146 0.989912 0.884914 0.709734 0.672956 0.808298 0.997894 0.000000 0.972004 0.737136 0.846068 0.955894 0.934076 0.993109 0.734742 0.891649 0.867148 0.786046 0.822291 0.954883 0.843305 0.929045 0.973838 0.983053 0.866837 0.907506 0.817526 0.704282 0.817069 0.813704 0.957115 0.950633 0.911130 0.738260 0.861000 0.850273 0.898934 0.855507 0.925659 0.815022 0.843950 0.820881 0.894569 0.681621 0.767803 0.776336 0.895875 0.913322 0.956470 0.896126 0.930430 0.838706 0.993092 0.982613 0.993267 0.859747 0.956035 0.892455 0.966380 0.930437 0.991899 0.677217 0.694052 0.841865 0.895387 0.872145 0.911357 0.844444 0.804332 0.936804 0.925346 0.980037 0.899012 0.985798 0.804966 0.882253 0.991289 0.957912 0.981801 0.844634 0.986178 0.749959 0.924698 0.900866 0.937424 0.953889 0.848916 0.998924 0.914947 0.954303 0.785160 0.976409 0.928717 0.866711 0.862718 0.949906 0.983116
0.960469 0.979328 0.943698 0.970205 0.834169 0.845696 0.947391 0.943130 0.997867 0.914325 0.943908 0.944985 0.969351 0.941355 0.941753 0.926433 0.945666 0.996090 0.994416 0.995458 0.931126 0.991396 0.896852 0.910002 0.953611 0.986614 0.972004 0.000000 0.945205 0.937571 0.972037 0.982086 0.966361 0.999330 0.810714 0.842101 0.902933 0.956249 0.841092 0.963757 0.967064 0.980188 0.943140 0.966989 0.941126 0.920271 0.917250 0.971424 0.954939 0.993418 0.996554 0.983703 0.968018 0.940762 0.833247 0.982456 0.985262 0.911892 0.917920 0.997150 0.914959 0.972246 0.974959 0.979394 0.875240 0.970821 0.993441 0.938479 0.982172 0.937185 0.892500 0.972900 0.903857 0.961377 0.905733 0.843108 0.984808 0.953434 0.962802 0.865994 0.961293 0.902875 0.957649 0.855244 0.833756 0.897332 0.904823 0.980268 0.982439 0.977005 0.950608 0.923041 0.915678 0.891689 0.987847 0.908654 0.988420 0.916585 0.979086 0.973675 0.970605 0.872480 0.900239 0.935905 0.865641 0.767281 0.933969 0.870538 0.982726 0.811404 0.910920 0.984890 0.977762 0.879804 0.960100 0.958331
0.574953 0.543391 0.904820 0.839139 0.941301 0.772181 0.564936 0.510658 0.861032 0.489371 0.621848 0.578998 0.565242 0.665998 0.715711 0.900318 0.440720 0.443029 0.474538 0.520111 0.951410 0.894316 0.893274 0.997269 0.868858 0.977098 0.737136 0.945205 0.000000 0.375668 0.687039 0.734793 0.713712 0.476094 0.944376 0.985375 0.963641 0.973789 0.934938 0.928055 0.984040 0.893661 0.713561 0.628379 0.638683 0.511363 0.574664 0.689856 0.629821 0.617209 0.579516 0.714987 0.833602 0.840510 0.770858 0.708656 0.551579 0.532444 0.512669 0.526749 0.438500 0.583260 0.357055 0.395803 0.859890 0.925263 0.760710 0.691859 0.698626 0.617834 0.736916 0.779609 0.839480 0.882961 0.933073 0.948040 0.738462 0.968712 0.665235 0.743945 0.437891 0.541419 0.992231 0.983744 0.759131 0.846692 0.918066 0.922873 0.938320 0.855805 0.681944 0.794142 0.754152 0.926142 0.898308 0.883483 0.767776 0.761494 0.595775 0.606402 0.678076 0.681756 0.663396 0.712565 0.806748 0.955648 0.964830 0.937261 0.881418 0.773173 0.866786 0.736490 0.698184 0.772068 0.992696 0.903723
0.552908 0.542228 0.895534 0.757299 0.932220 0.851852 0.744402 0.582528 0.889598 0.619451 0.671459 0.485480 0.483961 0.580540 0.631626 0.707367 0.570505 0.449252 0.520992 0.534842 0.979655 0.895761 0.731517 0.835085 0.973361 0.989406 0.846068 0.937571 0.375668 0.000000 0.701580 0.626926 0.643666 0.573346 0.953616 0.976256 0.988376 0.940651 0.903289 0.912327 0.904303 0.977108 0.736181 0.651801 0.686530 0.596313 0.664273 0.720029 0.689224 0.602310 0.599827 0.637392 0.801277 0.758533 0.734185 0.836634 0.546913 0.510283 0.554564 0.512804 0.510655 0.592903 0.485692 0.423069 0.981782 0.847435 0.713598 0.654687 0.597839 0.537191 0.621586 0.746130 0.823537 0.755958 0.960162 0.929631 0.779685 0.846495 0.751508 0.715108 0.536638 0.653448 0.852982 0.977524 0.695938 0.737098 0.866778 0.935245 0.816718 0.767060 0.735162 0.833742 0.782074 0.900451 0.899661 0.902198 0.747574 0.850817 0.618684 0.616565 0.817739 0.738658 0.636232 0.808335 0.802875 0.877662 0.993350 0.997385 0.926956 0.876882 0.821045 0.701708 0.791643 0.793980 0.933056 0.929017
0.873191 0.780591 0.521301 0.416364 0.880662 0.749711 0.555396 0.456573 0.592820 0.629657 0.924994 0.834974 0.643710 0.654657 0.540567 0.597321 0.763571 0.740396 0.651494 0.762539 0.696616 0.948413 0.529574 0.663954 0.618688 0.623281 0.955894 0.972037 0.687039 0.701580 0.000000 0.483983 0.594794 0.642786 0.751166 0.817613 0.956308 0.991905 0.980055 0.789678 0.991963 0.895069 0.592233 0.634488 0.878644 0.886422 0.890303 0.823107 0.957052 0.841511 0.760813 0.726182 0.670969 0.563139 0.948567 0.971963 0.799503 0.765474 0.859454 0.757764 0.585821 0.643163 0.804295 0.751046 0.706793 0.605492 0.526491 0.563435 0.976836 0.832166 0.553103 0.457539 0.561882 0.618111 0.914390 0.982068 0.537402 0.662548 0.761067 0.789684 0.923713 0.942634 0.992762 0.631689 0.890403 0.788809 0.737122 0.704704 0.878538 0.936787 0.536285 0.631904 0.538704 0.526919 0.979242 0.781443 0.868541 0.884536 0.640872 0.470983 0.794376 0.550293 0.728292 0.910246 0.670999 0.679954 0.808569 0.742725 0.934645 0.794406 0.903993 0.857662 0.734280 0.922210 0.678341 0.798341
0.727652 0.708359 0.637053 0.512462 0.881946 0.944507 0.675275 0.546721 0.807229 0.773018 0.994778 0.718093 0.630738 0.642767 0.621540 0.603857 0.745622 0.698761 0.700938 0.721001 0.850532 0.914899 0.588503 0.723966 0.717647 0.752862 0.934076 0.982086 0.734793 0.626926 0.483983 0.000000 0.588864 0.757950 0.874489 0.913690 0.974868 0.869814 0.975070 0.948836 0.998812 0.914484 0.524567 0.586565 0.935270 0.861149 0.750726 0.706695 0.963924 0.768281 0.697478 0.671427 0.680177 0.660212 0.942523 0.990927 0.726026 0.691053 0.769715 0.629681 0.593029 0.626870 0.755690 0.679583 0.634605 0.561825 0.623287 0.612209 0.828792 0.856702 0.609132 0.663695 0.661418 0.733162 0.983893 0.836388 0.753471 0.759847 0.796635 0.713702 0.850079 0.868226 0.759719 0.905879 0.720281 0.641132 0.860367 0.947993 0.862773 0.731311 0.730859 0.822335 0.743385 0.784485 0.963217 0.900589 0.927417 0.821387 0.776796 0.685920 0.939423 0.713153 0.783181 0.932350 0.587363 0.699994 0.829703 0.825964 0.930967 0.816549 0.890564 0.994153 0.786829 0.978568 0.792764 0.933669
0.754825 0.776331 0.805440 0.553376 0.874334 0.752384 0.705996 0.536209 0.818292 0.655263 0.928127 0.704714 0.676363 0.691348 0.587554 0.657696 0.755228 0.684145 0.720296 0.687374 0.816690 0.999120 0.625598 0.692360 0.855698 0.776015 0.993109 0.966361 0.713712 0.643666 0.594794 0.588864 0.000000 0.711957 0.773848 0.787402 0.845632 0.885313 0.968560 0.685700 0.864160 0.991561 0.690553 0.696349 0.734613 0.761733 0.807144 0.731031 0.859721 0.755487 0.654367 0.705165 0.747880 0.629890 0.958097 0.871384 0.766474 0.725180 0.687721 0.620835 0.588348 0.580701 0.684833 0.611221 0.879883 0.659568 0.558445 0.536204 0.773474 0.719112 0.666792 0.646312 0.692963 0.721421 0.955285 0.793087 0.672879 0.771297 0.829407 0.655036 0.767224 0.862413 0.886324 0.927037 0.748179 0.629484 0.855882 0.928098 0.955719 0.929101 0.612237 0.800116 0.625486 0.751272 0.869064 0.879099 0.816655 0.884333 0.549502 0.637749 0.845998 0.734682 0.816158 0.903125 0.634793 0.753166 0.953025 0.943402 0.975835 0.972219 0.886397 0.707143 0.846961 0.909240 0.864825 0.912268
0.670774 0.615041 0.805587 0.741939 0.921904 0.749611 0.605443 0.588150 0.899794 0.624000 0.660262 0.697738 0.748095 0.788049 0.847700 0.915779 0.480523 0.540195 0.570890 0.676925 0.966670 0.911182 0.952128 0.994519 0.924510 0.850228 0.734742 0.999330 0.476094 0.573346 0.642786 0.757950 0.711957 0.000000 0.928378 0.984239 0.803264 0.988538 0.831047 0.906397 0.922403 0.876555 0.674526 0.523716 0.615616 0.571100 0.563032 0.759134 0.715585 0.700224 0.664571 0.770035 0.850523 0.814575 0.718952 0.661171 0.652717 0.758991 0.548598 0.588673 0.528723 0.679508 0.504235 0.547321 0.939526 0.846840 0.652089 0.531384 0.733287 0.810520 0.799477 0.734628 0.840124 0.890828 0.940907 0.937516 0.741626 0.808318 0.739796 0.832759 0.580310 0.659191 0.998167 0.968353 0.907721 0.869941 0.845858 0.841121 0.934852 0.972779 0.654518 0.865475 0.757465 0.940238 0.971122 0.828010 0.890952 0.937538 0.619123 0.627832 0.796507 0.652183 0.634853 0.934325 0.808544 0.884052 0.797300 0.943465 0.791942 0.775583 0.950083 0.801752 0.641391 0.863996 0.871344 0.849843
0.891250 0.926737 0.649168 0.701146 0.871187 0.789869 0.748890 0.834292 0.836661 0.922259 0.809142 0.958702 0.967044 0.966613 0.754972 0.706897 0.916089 0.976914 0.985069 0.997321 0.771564 0.941963 0.688099 0.707112 0.713838 0.692616 0.891649 0.810714 0.944376 0.953616 0.751166 0.874489 0.773848 0.928378 0.000000 0.866009 0.983533 0.963341 0.792410 0.820080 0.933085 0.989713 0.901562 0.968236 0.974848 0.943805 0.919649 0.862688 0.854857 0.969854 0.991736 0.998937 0.851777 0.769706 0.877115 0.960385 0.885800 0.949562 0.981018 0.987131 0.831315 0.998123 0.953356 0.958405 0.638568 0.689601 0.606933 0.732399 0.994729 0.968471 0.951092 0.811134 0.855720 0.848996 0.716220 0.982192 0.685723 0.951406 0.821777 0.944245 0.922925 0.960986 0.810372 0.872265 0.836039 0.695035 0.977406 0.988079 0.932480 0.936027 0.805962 0.893677 0.749398 0.788284 0.996493 0.829454 0.983895 0.970639 0.919753 0.913679 0.943877 0.755499 0.979249 0.995460 0.843793 0.935603 0.839781 0.945827 0.974444 0.934270 0.986674 0.873094 0.892171 0.973375 0.840897 0.886406
0.979706 0.941418 0.840016 0.758948 0.975187 0.917406 0.889732 0.834922 0.923981 0.936450 0.824398 0.972956 0.971511 0.981237 0.743188 0.762384 0.997017 0.982602 0.947668 0.938798 0.893713 0.969918 0.742831 0.764678 0.895498 0.914808 0.867148 0.842101 0.985375 0.976256 0.817613 0.913690 0.787402 0.984239 0.866009 0.000000 0.910276 0.833190 0.920725 0.883624 0.917370 0.943519 0.807857 0.809334 0.801668 0.891341 0.940234 0.866817 0.934525 0.832046 0.827731 0.791991 0.728120 0.751027 0.870603 0.916271 0.942920 0.865680 0.932744 0.837977 0.923861 0.917521 0.985590 0.932115 0.848909 0.816849 0.716746 0.758737 0.955398 0.815955 0.734565 0.815972 0.916911 0.957335 0.938042 0.896968 0.786079 0.908375 0.895121 0.946637 0.989268 0.896088 0.905041 0.875388 0.805103 0.786727 0.738635 0.944438 0.893307 0.938622 0.813307 0.843155 0.786122 0.798287 0.784248 0.966167 0.967337 0.879784 0.795751 0.765547 0.986085 0.983367 0.839852 0.932013 0.881742 0.827516 0.965338 0.858392 0.827790 0.957544 0.859055 0.955792 0.982056 0.869639 0.989159 0.801774
0.809433 0.994139 0.878672 0.873869 0.925225 0.894266 0.900196 0.928409 0.937337 0.783453 0.989156 0.884527 0.992241 0.939710 0.973559 0.984082 0.928034 0.888002 0.888287 0.999178 0.928834 0.965978 0.997458 0.894814 0.793035 0.930721 0.786046 0.902933 0.963641 0.988376 0.956308 0.974868 0.845632 0.803264 0.983533 0.910276 0.000000 0.851521 0.995076 0.961699 0.854414 0.971149 0.942446 0.966897 0.747109 0.766697 0.997843 0.901937 0.736097 0.885365 0.843344 0.963301 0.972262 0.998752 0.825339 0.961682 0.989240 0.982771 0.883316 0.935449 0.854516 0.803102 0.813413 0.820670 0.812682 0.814054 0.906488 0.931965 0.992559 0.910989 0.979145 0.998582 0.966213 0.962428 0.937713 0.936482 0.958123 0.942511 0.920849 0.983002 0.835503 0.828996 0.979373 0.998560 0.911777 0.959604 0.840521 0.939819 0.956070 0.935762 0.804462 0.880480 0.803159 0.915592 0.902806 0.817180 0.895894 0.954363 0.699219 0.881468 0.907611 0.870734 0.772302 0.982549 0.980041 0.884719 0.927909 0.910643 0.879097 0.937546 0.886874 0.928541 0.813721 0.872048 0.984308 0.964787
0.908763 0.879864 0.986822 0.900521 0.972912 0.913311 0.924599 0.978069 0.998926 0.979954 0.950585 0.885702 0.975147 0.994716 0.959513 0.935375 0.950619 0.894455 0.972375 0.983672 0.852334 0.961236 0.913435 0.891791 0.975697 0.966431 0.822291 0.956249 0.973789 0.940651 0.991905 0.869814 0.885313 0.988538 0.963341 0.833190 0.851521 0.000000 0.981270 0.994894 0.911785 0.958339 0.852800 0.855357 0.913304 0.882825 0.960054 0.978707 0.869280 0.879717 0.816831 0.775230 0.803194 0.863212 0.971458 0.846828 0.871689 0.881718 0.992408 0.885766 0.935223 0.995140 0.939124 0.989014 0.937593 0.968525 0.973701 0.973187 0.854515 0.783683 0.828274 0.900322 0.969392 0.995697 0.938204 0.867248 0.950018 0.794722 0.956596 0.847798 0.955098 0.940657 0.946885 0.986295 0.976049 0.912222 0.935700 0.904645 0.838731 0.961232 0.924710 0.935044 0.975938 0.933753 0.983799 0.933921 0.827326 0.980613 0.972082 0.991978 0.774716 0.917518 0.838922 0.951931 0.984583 0.914093 0.863608 0.947465 0.720988 0.948284 0.998906 0.992801 0.945494 0.940755 0.848609 0.972808
