0.000000 0.387747 0.877782 0.908709 0.894128 0.971450 0.823237 0.526133 0.863763 0.506544 0.352876 0.306990 0.461030 0.524301 0.543657 0.653373 0.387656 0.385793 0.403583 0.395659 0.843686 0.982641 0.494351 0.835278 0.607983 0.650862 0.935245 0.874080 0.335971 0.433280 0.974199 0.808497 0.620873 0.628777 0.784015 0.985482 0.728923 0.932796 0.842773 0.938444 0.660774 0.772043 0.955483 0.914515 0.964256 0.815695 0.822393 0.757564 0.643510 0.702797 0.961492 0.922116 0.982129 0.731373 0.812154 0.805643 0.372101 0.323856 0.520734 0.497501 0.706762 0.561859 0.398812 0.314192 0.760649 0.785694 0.924946 0.918614 0.349910 0.403400 0.700654 0.818387 0.934173 0.964471 0.848816 0.924808 0.684741 0.789313 0.720558 0.557072 0.351808 0.467279 0.784193 0.671303 0.816221 0.795637 0.957111 0.867212 0.806370 0.690921 0.983373 0.861440 0.999044 0.852788 0.810778 0.913426 0.956632 0.873997 0.606477 0.532527 0.894099 0.940249 0.630985 0.625114 0.724738 0.750045 0.930651 0.825852 0.958028 0.884923 0.946313 0.659035 0.583342 0.846771 0.949652 0.784251
0.387747 0.000000 0.623774 0.869692 0.916829 0.835330 0.866000 0.647690 0.927827 0.534187 0.611068 0.373247 0.779175 0.496089 0.573147 0.637667 0.292302 0.282017 0.390295 0.305241 0.763761 0.989844 0.601444 0.943045 0.677854 0.596531 0.980078 0.950248 0.338838 0.350016 0.871099 0.863199 0.799500 0.709941 0.638839 0.920099 0.757236 0.952304 0.860884 0.883451 0.791527 0.684453 0.795464 0.646780 0.777097 0.574928 0.733045 0.560824 0.389673 0.483514 0.768229 0.732145 0.877934 0.846422 0.820949 0.750226 0.254083 0.259100 0.835651 0.740495 0.836570 0.797966 0.646530 0.463138 0.650337 0.653647 0.677885 0.732325 0.483802 0.434937 0.881198 0.917770 0.923079 0.967817 0.879515 0.967113 0.629776 0.747230 0.638063 0.529638 0.361273 0.427345 0.565818 0.557586 0.807968 0.848309 0.890109 0.903928 0.984186 0.891750 0.848090 0.974132 0.848521 0.697100 0.855259 0.893608 0.949201 0.834888 0.750670 0.588080 0.911739 0.912712 0.730233 0.698144 0.926776 0.908948 0.895632 0.840406 0.945674 0.986432 0.946318 0.663013 0.576941 0.781649 0.975656 0.830760
0.877782 0.623774 0.000000 0.408858 0.880282 0.729301 0.387556 0.677142 0.864208 0.872105 0.962437 0.683788 0.941717 0.965945 0.844701 0.859440 0.755421 0.800811 0.916063 0.810635 0.675818 0.909433 0.864093 0.776253 0.659023 0.463206 0.968102 0.894664 0.812902 0.793922 0.554846 0.623780 0.638435 0.725353 0.523552 0.639801 0.883287 0.808420 0.703668 0.950958 0.943722 0.937540 0.868619 0.993536 0.909124 0.892101 0.781924 0.935127 0.578645 0.618114 0.907148 0.783486 0.919186 0.982384 0.835827 0.969634 0.707308 0.684090 0.916162 0.931074 0.604030 0.909617 0.912848 0.878836 0.485498 0.458075 0.337019 0.384602 0.912038 0.825275 0.660451 0.590912 0.713964 0.824284 0.966103 0.919790 0.932240 0.956470 0.995690 0.998936 0.933878 0.995384 0.827048 0.910408 0.881611 0.666338 0.999882 0.925680 0.854199 0.777321 0.615230 0.763512 0.536720 0.529551 0.813012 0.999616 0.669676 0.925234 0.900735 0.910982 0.682138 0.776456 0.908970 0.961761 0.704895 0.804903 0.832156 0.800614 0.934281 0.870462 0.908114 0.974006 0.943372 0.951653 0.940986 0.974111
0.908709 0.869692 0.408858 0.000000 0.967961 0.843405 0.632177 0.663250 0.892703 0.828875 0.937443 0.775660 0.910929 0.848790 0.899446 0.939219 0.905505 0.984110 0.949810 0.986783 0.716951 0.816206 0.759440 0.605283 0.520364 0.415428 0.829262 0.943451 0.895621 0.927075 0.676979 0.595953 0.759653 0.751258 0.588727 0.611002 0.850375 0.795650 0.642061 0.858896 0.922502 0.995458 0.712798 0.799088 0.827519 0.908327 0.571832 0.732190 0.805847 0.910290 0.906204 0.978080 0.895393 0.933997 0.731740 0.898667 0.913320 0.869321 0.910997 0.992968 0.976478 0.961804 0.947402 0.797080 0.483859 0.431464 0.487379 0.456684 0.988283 0.871642 0.676112 0.707543 0.772494 0.895487 0.908045 0.918970 0.803029 0.793892 0.904269 0.818089 0.962098 0.780346 0.884322 0.855594 0.719554 0.515889 0.999132 0.791333 0.927184 0.752462 0.726498 0.921846 0.631902 0.695613 0.821430 0.866623 0.735409 0.869066 0.991255 0.884703 0.822309 0.925949 0.997935 0.978998 0.691593 0.768945 0.841849 0.927546 0.980744 0.978838 0.855800 0.986082 0.885999 0.861682 0.951842 0.981370
0.894128 0.916829 0.880282 0.967961 0.000000 0.935589 0.854105 0.931632 0.879745 0.907495 0.923012 0.875217 0.909755 0.891996 0.878111 0.856588 0.956816 0.965315 0.968288 0.972374 0.876651 0.966363 0.884537 0.862376 0.959685 0.986865 0.773133 0.977674 0.928556 0.950540 0.817442 0.822899 0.873213 0.793835 0.959993 0.834967 0.898023 0.932144 0.958928 0.927998 0.977391 0.920516 0.807084 0.850922 0.875106 0.963307 0.886612 0.943427 0.942718 0.947680 0.937395 0.996851 0.926214 0.849264 0.877045 0.901179 0.937492 0.924233 0.927806 0.918853 0.999755 0.773298 0.955141 0.934922 0.918248 0.902252 0.945148 0.914538 0.862343 0.864288 0.906220 0.890162 0.977713 0.990777 0.810519 0.804605 0.911059 0.815552 0.959512 0.983588 0.920409 0.843610 0.797991 0.918536 0.791886 0.841053 0.747998 0.858579 0.843130 0.783634 0.921468 0.783799 0.941923 0.862569 0.873773 0.873654 0.977935 0.945440 0.925105 0.913228 0.920333 0.824630 0.842954 0.945644 0.982419 0.799766 0.904439 0.723314 0.958173 0.847910 0.890435 0.915345 0.951715 0.862365 0.742915 0.915116
0.971450 0.835330 0.729301 0.843405 0.935589 0.000000 0.734895 0.977951 0.954726 0.959970 0.906577 0.994800 0.700226 0.858514 0.833432 0.732548 0.933751 0.956525 0.913483 0.962038 0.688428 0.841301 0.809072 0.742416 0.889682 0.770732 0.899329 0.775423 0.972326 0.996859 0.826619 0.758771 0.777821 0.779931 0.968649 0.949484 0.932865 0.955291 0.764443 0.845213 0.916688 0.920064 0.909432 0.919404 0.736346 0.693889 0.956266 0.921502 0.721081 0.750108 0.766063 0.795014 0.804905 0.886443 0.869022 0.906404 0.842359 0.856063 0.960484 0.982913 0.825646 0.807307 0.906599 0.997811 0.940921 0.913378 0.851017 0.953597 0.917760 0.999472 0.808186 0.829475 0.877102 0.735410 0.831484 0.883476 0.997996 0.830392 0.944565 0.869512 0.940291 0.864236 0.856649 0.994227 0.924231 0.898803 0.795511 0.772457 0.983590 0.977451 0.894509 0.831482 0.951099 0.854671 0.945946 0.964077 0.990759 0.936398 0.905764 0.977441 0.974796 0.958189 0.921640 0.995792 0.857033 0.938859 0.653926 0.914705 0.847048 0.911966 0.913398 0.969120 0.936033 0.737599 0.947449 0.981237
0.823237 0.866000 0.387556 0.632177 0.854105 0.734895 0.000000 0.443778 0.658280 0.731130 0.707481 0.897527 0.733026 0.971288 0.989718 0.851805 0.999880 0.975928 0.807887 0.968171 0.750479 0.884666 0.692168 0.949643 0.973221 0.737072 0.776219 0.776664 0.861066 0.916841 0.390645 0.518659 0.409125 0.449494 0.603455 0.639179 0.804132 0.866003 0.932912 0.808987 0.834636 0.968447 0.838288 0.872286 0.749453 0.960199 0.764375 0.863066 0.802798 0.796555 0.945284 0.942021 0.982665 0.976889 0.950754 0.951011 0.972687 0.980882 0.576221 0.620948 0.409047 0.868649 0.534145 0.716619 0.829734 0.806955 0.400805 0.436533 0.885259 0.886058 0.535356 0.469743 0.647772 0.716312 0.994116 0.966095 0.770860 0.776762 0.818822 0.871383 0.851314 0.911971 0.790605 0.943783 0.955791 0.964315 0.877224 0.933754 0.771341 0.864830 0.443803 0.559386 0.540187 0.582723 0.730363 0.983670 0.604478 0.788185 0.525699 0.598988 0.553326 0.558144 0.542806 0.605808 0.592596 0.617969 0.923159 0.778924 0.999692 0.815317 0.800968 0.829916 0.882839 0.844752 0.949705 0.903496
0.526133 0.647690 0.677142 0.663250 0.931632 0.977951 0.443778 0.000000 0.810463 0.549439 0.578282 0.742824 0.746524 0.716333 0.921090 0.987431 0.567385 0.583789 0.527278 0.579018 0.985292 0.972370 0.560518 0.904351 0.832826 0.996986 0.899402 0.810601 0.510180 0.582703 0.573564 0.527215 0.446770 0.430605 0.805052 0.766882 0.734245 0.906283 0.958036 0.987837 0.796561 0.782066 0.668205 0.666915 0.556626 0.615516 0.588430 0.631081 0.762861 0.786427 0.719400 0.785093 0.827787 0.989300 0.804004 0.791140 0.560161 0.550485 0.587322 0.509677 0.668496 0.688776 0.434201 0.476885 0.978106 0.968659 0.647780 0.623995 0.616907 0.603785 0.472955 0.567771 0.706814 0.866556 0.966983 0.921798 0.552328 0.690068 0.662770 0.642976 0.537407 0.616835 0.873045 0.772634 0.965227 0.901583 0.879541 0.844513 0.815250 0.798904 0.571818 0.660085 0.647476 0.814278 0.648441 0.860834 0.614696 0.731829 0.440773 0.399688 0.588121 0.639487 0.491394 0.531244 0.559177 0.546617 0.967671 0.830580 0.939063 0.899242 0.662236 0.642534 0.544814 0.670112 0.894269 0.854793
0.863763 0.927827 0.864208 0.892703 0.879745 0.954726 0.658280 0.810463 0.000000 0.674129 0.716870 0.959137 0.649412 0.872217 0.932662 0.836765 0.908044 0.843973 0.977786 0.906738 0.954302 0.998856 0.943405 0.678537 0.745883 0.844895 0.826132 0.849984 0.959627 0.893816 0.920884 0.928194 0.925435 0.898274 0.984006 0.976913 0.763849 0.940814 0.847079 0.912345 0.937297 0.970683 0.799864 0.906190 0.980287 0.964766 0.944086 0.953089 0.951295 0.943820 0.873227 0.956499 0.903596 0.953082 0.868733 0.979454 0.865646 0.981503 0.497924 0.636055 0.549869 0.743913 0.742659 0.809550 0.881471 0.863784 0.889229 0.961160 0.876808 0.803592 0.968422 0.948150 0.903228 0.867864 0.953660 0.937214 0.976669 0.876818 0.968699 0.870848 0.899351 0.783320 0.645492 0.778363 0.784279 0.687295 0.990263 0.776667 0.693351 0.943000 0.876989 0.862485 0.992648 0.793433 0.936886 0.901859 0.989482 0.930295 0.795773 0.859762 0.858232 0.811983 0.721584 0.791418 0.980779 0.942045 0.949675 0.760093 0.843267 0.907402 0.884977 0.992033 0.872441 0.980919 0.791040 0.926776
0.506544 0.534187 0.872105 0.828875 0.907495 0.959970 0.731130 0.549439 0.674129 0.000000 0.545350 0.545470 0.550077 0.749974 0.677687 0.856118 0.546220 0.584659 0.489671 0.541304 0.896762 0.917668 0.634371 0.685891 0.452181 0.558450 0.753480 0.911893 0.462126 0.484250 0.852230 0.782933 0.623855 0.567421 0.699160 0.954563 0.918701 0.838999 0.763403 0.824576 0.980423 0.781220 0.887566 0.763564 0.738826 0.690174 0.824721 0.752304 0.546513 0.608037 0.703689 0.709246 0.777934 0.983572 0.955220 0.930999 0.563744 0.471788 0.498915 0.534331 0.772686 0.910531 0.408542 0.368724 0.470186 0.474698 0.820666 0.791486 0.563144 0.489830 0.762904 0.810290 0.903280 0.970741 0.852955 0.886317 0.671869 0.743441 0.548565 0.627713 0.540776 0.773592 0.970426 0.855396 0.780927 0.481280 0.796682 0.670045 0.860011 0.921400 0.873051 0.714522 0.973228 0.874973 0.826645 0.935836 0.859098 0.821447 0.533217 0.502652 0.859496 0.757897 0.499914 0.563922 0.941963 0.781747 0.890094 0.913703 0.868877 0.887683 0.868444 0.831402 0.666977 0.871740 0.994171 0.933451
0.352876 0.611068 0.962437 0.937443 0.923012 0.906577 0.707481 0.578282 0.716870 0.545350 0.000000 0.510963 0.417263 0.685130 0.728367 0.823308 0.571010 0.593074 0.600621 0.549579 0.867034 0.951037 0.645054 0.816539 0.663596 0.777318 0.874795 0.855451 0.513194 0.571763 0.880370 0.840256 0.617093 0.699016 0.826956 0.933667 0.760091 0.941258 0.973540 0.849579 0.703418 0.772492 0.823450 0.963938 0.996899 0.924037 0.976393 0.941813 0.812752 0.856510 0.979652 0.980872 0.974741 0.756762 0.913433 0.808372 0.614608 0.541597 0.494823 0.504701 0.539155 0.591588 0.439313 0.410304 0.828019 0.879108 0.942348 0.994962 0.465764 0.510810 0.663992 0.713758 0.860968 0.980298 0.795531 0.895337 0.710246 0.827352 0.822704 0.619803 0.490674 0.603064 0.959256 0.776639 0.943931 0.763196 0.891481 0.774424 0.721469 0.775813 0.891034 0.842817 0.908567 0.995967 0.848477 0.997879 0.927271 0.956270 0.644067 0.656977 0.819734 0.828220 0.584348 0.651363 0.745567 0.776464 0.957743 0.961504 0.960317 0.816617 0.966362 0.797254 0.722562 0.917328 0.982371 0.949965
0.306990 0.373247 0.683788 0.775660 0.875217 0.994800 0.897527 0.742824 0.959137 0.545470 0.510963 0.000000 0.470791 0.447556 0.479326 0.503877 0.397247 0.427525 0.467072 0.442590 0.853917 0.923274 0.536394 0.923880 0.641698 0.597836 0.961661 0.972932 0.384967 0.441868 0.827703 0.927635 0.825014 0.791780 0.635464 0.792181 0.851866 0.911210 0.845860 0.959828 0.793607 0.835504 0.886769 0.950870 0.878507 0.868970 0.913000 0.810659 0.600406 0.660944 0.968650 0.890309 0.958744 0.764959 0.810358 0.851319 0.429272 0.373781 0.697016 0.629532 0.892072 0.644446 0.519980 0.410551 0.701896 0.719347 0.661115 0.672991 0.428389 0.446322 0.885323 0.943762 0.988429 0.970952 0.784418 0.993653 0.782034 0.854497 0.688653 0.533327 0.385728 0.461176 0.698756 0.643916 0.757610 0.834355 0.981174 0.987960 0.879879 0.754079 0.775415 0.942212 0.755174 0.615210 0.898435 0.959802 0.862320 0.975454 0.880229 0.719297 0.923790 0.875165 0.830642 0.850802 0.924111 0.896569 0.982152 0.713491 0.977494 0.991716 0.943863 0.771813 0.646154 0.959014 0.959452 0.818461
0.461030 0.779175 0.941717 0.910929 0.909755 0.700226 0.733026 0.746524 0.649412 0.550077 0.417263 0.470791 0.000000 0.621694 0.604472 0.583363 0.738980 0.799852 0.667038 0.774826 0.959825 0.988915 0.559162 0.960259 0.680505 0.796366 0.959642 0.948785 0.601324 0.677264 0.944306 0.841110 0.715271 0.734682 0.763681 0.908824 0.850373 0.902805 0.951319 0.879250 0.808242 0.976102 0.742524 0.880285 0.751232 0.917722 0.997660 0.988910 0.939760 0.920239 0.941425 0.977951 0.938514 0.852013 0.877038 0.922719 0.835804 0.716355 0.525328 0.582960 0.492802 0.657686 0.462799 0.499572 0.857382 0.864493 0.915703 0.878548 0.570112 0.588380 0.783817 0.861637 0.871055 0.923454 0.846615 0.970492 0.879901 0.865309 0.782357 0.685897 0.631187 0.710962 0.968199 0.855641 0.894702 0.818466 0.916065 0.988589 0.683344 0.820922 0.963841 0.926154 0.863514 0.896379 0.888891 0.974257 0.996175 0.953848 0.820696 0.785418 0.920320 0.926357 0.732598 0.808475 0.894706 0.876526 0.890073 0.796944 0.908922 0.783553 0.902929 0.962275 0.848032 0.927966 0.988563 0.884480
0.524301 0.496089 0.965945 0.848790 0.891996 0.858514 0.971288 0.716333 0.872217 0.749974 0.685130 0.447556 0.621694 0.000000 0.458986 0.385640 0.518828 0.501549 0.457824 0.481553 0.993034 0.987317 0.447088 0.726997 0.961588 0.938294 0.918994 0.959423 0.502245 0.496619 0.983359 0.655817 0.741278 0.667717 0.809920 0.992596 0.864261 0.913407 0.896022 0.753289 0.877635 0.908066 0.772681 0.712127 0.958782 0.787136 0.667808 0.604641 0.770666 0.755821 0.907698 0.839192 0.887459 0.935412 0.646898 0.793234 0.572976 0.562495 0.989088 0.889974 0.999818 0.813798 0.695309 0.652989 0.976870 0.950590 0.810441 0.942561 0.555561 0.602152 0.873659 0.980301 0.819610 0.921650 0.869788 0.954795 0.660579 0.696127 0.707109 0.490230 0.440733 0.350860 0.576480 0.563165 0.565678 0.806322 0.853534 0.805958 0.993093 0.811397 0.809754 0.865049 0.816299 0.693369 0.699736 0.890876 0.994386 0.840731 0.971629 0.770170 0.874669 0.904023 0.890045 0.898520 0.821253 0.841362 0.835020 0.749998 0.929638 0.909790 0.898101 0.809923 0.669053 0.902321 0.955260 0.875739
0.543657 0.573147 0.844701 0.899446 0.878111 0.833432 0.989718 0.921090 0.932662 0.677687 0.728367 0.479326 0.604472 0.458986 0.000000 0.514099 0.560663 0.550965 0.541769 0.575405 0.964111 0.991120 0.613662 0.913423 0.814697 0.786920 0.943234 0.945220 0.545619 0.514420 0.990157 0.790126 0.812426 0.714525 0.705796 0.909214 0.885075 0.948834 0.993122 0.933924 0.805145 0.986927 0.966530 0.810574 0.879295 0.913017 0.843603 0.703754 0.774568 0.775005 0.968097 0.902678 0.980485 0.874906 0.853464 0.885903 0.663150 0.633631 0.852311 0.826973 0.947049 0.907968 0.685621 0.616696 0.821545 0.831275 0.732245 0.771894 0.505551 0.604768 0.941707 0.941633 0.912520 0.869437 0.856466 0.967505 0.833974 0.805363 0.576764 0.533850 0.492381 0.503559 0.695024 0.660526 0.735140 0.982965 0.985269 0.849313 0.886477 0.853972 0.744956 0.890215 0.677401 0.663174 0.828644 0.892644 0.929385 0.879817 0.987961 0.802200 0.873995 0.803425 0.885714 0.897438 0.924558 0.951867 0.996696 0.667145 0.991372 0.912463 0.756968 0.882098 0.846544 0.972398 0.889235 0.920804
0.653373 0.637667 0.859440 0.939219 0.856588 0.732548 0.851805 0.987431 0.836765 0.856118 0.823308 0.503877 0.583363 0.385640 0.514099 0.000000 0.657480 0.659777 0.567638 0.620872 0.942004 0.951979 0.543752 0.611408 0.950323 0.932530 0.828885 0.758996 0.664827 0.621740 0.837318 0.832820 0.930529 0.828774 0.697235 0.829096 0.963616 0.817126 0.881788 0.816001 0.991730 0.986717 0.958582 0.857521 0.737343 0.987199 0.822302 0.795806 0.867273 0.779879 0.968177 0.921797 0.944402 0.890202 0.730996 0.947646 0.739793 0.692770 0.994085 0.997072 0.875444 0.953782 0.882520 0.828310 0.981619 0.996263 0.686831 0.738660 0.686900 0.694898 0.991210 0.882113 0.964773 0.961164 0.906025 0.929429 0.867917 0.823534 0.760099 0.615214 0.646867 0.516740 0.734480 0.641599 0.646425 0.779734 0.847232 0.754075 0.980915 0.825654 0.669546 0.868190 0.690708 0.641410 0.917492 0.917486 0.896235 0.891972 0.903805 0.915597 0.804675 0.770660 0.952517 0.932092 0.975832 0.953563 0.852428 0.615340 0.904152 0.909719 0.787180 0.961018 0.818880 0.957273 0.818636 0.975430
0.387656 0.292302 0.755421 0.905505 0.956816 0.933751 0.999880 0.567385 0.908044 0.546220 0.571010 0.397247 0.738980 0.518828 0.560663 0.657480 0.000000 0.276188 0.380470 0.304736 0.836920 0.981935 0.568395 0.911884 0.707687 0.642728 0.981743 0.995420 0.316306 0.312299 0.929486 0.730762 0.685518 0.598552 0.726132 0.908259 0.828428 0.954324 0.866394 0.935760 0.761594 0.746586 0.761328 0.673783 0.761500 0.638684 0.741617 0.612487 0.492400 0.574343 0.820789 0.782365 0.926190 0.860420 0.852124 0.820940 0.297510 0.309616 0.808574 0.698415 0.945874 0.854437 0.540015 0.408108 0.673160 0.705369 0.771427 0.821865 0.528674 0.422790 0.723793 0.912253 0.934537 0.899239 0.809762 0.986867 0.633532 0.729607 0.537730 0.485927 0.309669 0.407099 0.631010 0.591295 0.852044 0.842339 0.861604 0.884922 0.943337 0.898103 0.950497 0.917132 0.918833 0.723274 0.823466 0.896132 0.972567 0.888344 0.716396 0.535597 0.962104 0.975169 0.686855 0.646759 0.866639 0.829867 0.968812 0.827331 0.999903 0.953835 0.980773 0.672441 0.530297 0.751408 0.978489 0.799557
0.385793 0.282017 0.800811 0.984110 0.965315 0.956525 0.975928 0.583789 0.843973 0.584659 0.593074 0.427525 0.799852 0.501549 0.550965 0.659777 0.276188 0.000000 0.358787 0.278375 0.854205 0.934425 0.511145 0.992235 0.788271 0.736748 0.973841 0.993703 0.334104 0.307568 0.929380 0.689798 0.641224 0.553191 0.790354 0.996471 0.743119 0.989046 0.947667 0.918116 0.718086 0.757438 0.714820 0.597425 0.724234 0.610337 0.701262 0.548386 0.519218 0.597253 0.833997 0.801658 0.905864 0.853248 0.811847 0.784086 0.263803 0.290550 0.847933 0.739725 0.910915 0.872533 0.568888 0.426699 0.738001 0.758661 0.848136 0.909873 0.506744 0.479886 0.730983 0.875930 0.899439 0.852682 0.895067 0.934058 0.580128 0.675511 0.575896 0.437186 0.290033 0.355813 0.550961 0.540676 0.779083 0.938762 0.850982 0.972347 0.984968 0.851210 0.995352 0.883228 0.995550 0.757812 0.742580 0.925266 0.995924 0.775595 0.700829 0.560307 0.955644 0.993794 0.710349 0.660725 0.779818 0.808163 0.936533 0.816445 0.993898 0.989864 0.927877 0.613878 0.506516 0.718703 0.976234 0.775410
0.403583 0.390295 0.916063 0.949810 0.968288 0.913483 0.807887 0.527278 0.977786 0.489671 0.600621 0.467072 0.667038 0.457824 0.541769 0.567638 0.380470 0.358787 0.000000 0.339621 0.980899 0.925555 0.450327 0.960807 0.762842 0.726591 0.961621 0.970179 0.344736 0.368169 0.848018 0.640472 0.548623 0.465667 0.787103 0.961576 0.787670 0.966725 0.927103 0.963891 0.894353 0.750301 0.696190 0.600356 0.791439 0.653921 0.607460 0.534195 0.593521 0.595457 0.768127 0.733883 0.890561 0.935641 0.863634 0.907444 0.371733 0.387346 0.700103 0.658648 0.964950 0.933225 0.496359 0.462184 0.737375 0.740815 0.901255 0.894465 0.466590 0.441720 0.696072 0.816209 0.838292 0.867235 0.893709 0.912295 0.650016 0.641040 0.593973 0.497316 0.401287 0.458299 0.736021 0.691148 0.865782 0.878026 0.754283 0.964148 0.961548 0.906117 0.945784 0.787059 0.976381 0.845797 0.832920 0.791421 0.951204 0.766527 0.629557 0.473035 0.911894 0.914135 0.611054 0.609935 0.809394 0.744647 0.959309 0.870038 0.992297 0.996792 0.929980 0.686167 0.505122 0.757328 0.944291 0.840030
0.395659 0.305241 0.810635 0.986783 0.972374 0.962038 0.968171 0.579018 0.906738 0.541304 0.549579 0.442590 0.774826 0.481553 0.575405 0.620872 0.304736 0.278375 0.339621 0.000000 0.808935 0.891735 0.525426 0.994018 0.698882 0.688175 0.908844 0.974449 0.356552 0.319508 0.952691 0.733436 0.671799 0.583133 0.739838 0.994771 0.817235 0.972156 0.998449 0.936891 0.823218 0.679046 0.723397 0.649247 0.808769 0.708889 0.765079 0.590459 0.575545 0.600397 0.888105 0.850812 0.933813 0.839299 0.890852 0.927914 0.285406 0.305361 0.787710 0.731119 0.916628 0.898831 0.608967 0.461646 0.674749 0.710656 0.815569 0.858301 0.467903 0.470923 0.711556 0.874016 0.921397 0.998977 0.897175 0.899830 0.571651 0.627394 0.623755 0.509695 0.372036 0.444173 0.711806 0.622662 0.925296 0.837270 0.759913 0.829183 0.943219 0.910479 0.989740 0.818942 0.980049 0.816639 0.761949 0.885564 0.964963 0.757627 0.673197 0.490619 0.978740 0.906231 0.629333 0.629160 0.802582 0.759170 0.954533 0.966956 0.962558 0.959422 0.901955 0.679551 0.561162 0.746667 0.923583 0.869084
0.843686 0.763761 0.675818 0.716951 0.876651 0.688428 0.750479 0.985292 0.954302 0.896762 0.867034 0.853917 0.959825 0.993034 0.964111 0.942004 0.836920 0.854205 0.980899 0.808935 0.000000 0.844534 0.903006 0.746132 0.678936 0.632477 0.881980 0.934081 0.787285 0.849864 0.813795 0.803377 0.884171 0.884632 0.699179 0.794674 0.951732 0.908707 0.750672 0.984770 0.924694 0.847005 0.962921 0.964019 0.980005 0.870856 0.816545 0.993304 0.715645 0.758514 0.914974 0.866557 0.897026 0.965284 0.984462 0.983824 0.841915 0.776696 0.936482 0.944037 0.917441 0.887080 0.982530 0.844810 0.728780 0.717045 0.724749 0.759651 0.840965 0.934910 0.866117 0.891475 0.850318 0.838959 0.987846 0.860063 0.901772 0.958959 0.973398 0.987495 0.942879 0.960106 0.901267 0.964823 0.885581 0.750014 0.906207 0.803386 0.997542 0.988305 0.864790 0.984655 0.846156 0.862436 0.899844 0.815642 0.947853 0.920891 0.912529 0.921247 0.929010 0.976924 0.901372 0.936059 0.974219 0.916074 0.724659 0.991692 0.914835 0.979625 0.916071 0.862672 0.917542 0.935892 0.941768 0.946872
0.982641 0.989844 0.909433 0.816206 0.966363 0.841301 0.884666 0.972370 0.998856 0.917668 0.951037 0.923274 0.988915 0.987317 0.991120 0.951979 0.981935 0.934425 0.925555 0.891735 0.844534 0.000000 0.989286 0.941560 0.977752 0.855818 0.838962 0.872281 0.939810 0.888384 0.749130 0.812993 0.839432 0.842821 0.897302 0.838401 0.893769 0.715834 0.861812 0.978855 0.997166 0.785112 0.845543 0.877259 0.928194 0.962016 0.953300 0.888719 0.934913 0.938185 0.961791 0.996918 0.947204 0.910330 0.933692 0.822757 0.999462 0.962549 0.955224 0.883934 0.942431 0.788187 0.929496 0.998014 0.931515 0.960789 0.946392 0.957690 0.959769 0.971617 0.845302 0.875319 0.871294 0.859876 0.952689 0.817837 0.940403 0.789787 0.894298 0.893300 0.902627 0.907143 0.964684 0.961499 0.913988 0.960163 0.876329 0.777343 0.982494 0.936169 0.824385 0.808332 0.879714 0.887108 0.982483 0.936075 0.998113 0.824900 0.916308 0.869636 0.927851 0.812685 0.687858 0.767716 0.890887 0.920987 0.919591 0.853573 0.983580 0.858017 0.893283 0.891282 0.998113 0.809076 0.993955 0.813635
0.494351 0.601444 0.864093 0.759440 0.884537 0.809072 0.692168 0.560518 0.943405 0.634371 0.645054 0.536394 0.559162 0.447088 0.613662 0.543752 0.568395 0.511145 0.450327 0.525426 0.903006 0.989286 0.000000 0.765577 0.872579 0.997342 0.965790 0.978188 0.500614 0.490462 0.775500 0.538763 0.542949 0.514064 0.957715 0.979645 0.833182 0.898085 0.995885 0.958294 0.911908 0.853979 0.820743 0.746905 0.926102 0.849861 0.704739 0.682890 0.824236 0.822062 0.934433 0.890828 0.970554 0.924706 0.803020 0.932550 0.546212 0.549074 0.786896 0.692512 0.805338 0.873791 0.535675 0.527453 0.948436 0.956982 0.962965 0.930982 0.594207 0.605913 0.625613 0.750401 0.767889 0.758528 0.986046 0.930646 0.666516 0.692291 0.579892 0.517826 0.452290 0.471594 0.762354 0.697743 0.722097 0.937184 0.870047 0.892189 0.965326 0.797341 0.859699 0.806502 0.899750 0.860368 0.707409 0.892796 0.877033 0.855858 0.716813 0.618227 0.917247 0.973489 0.748673 0.693039 0.765068 0.763683 0.979212 0.786380 0.942671 0.846015 0.942256 0.823988 0.582113 0.913287 0.830916 0.761032
0.835278 0.943045 0.776253 0.605283 0.862376 0.742416 0.949643 0.904351 0.678537 0.685891 0.816539 0.923880 0.960259 0.726997 0.913423 0.611408 0.911884 0.992235 0.960807 0.994018 0.746132 0.941560 0.765577 0.000000 0.532439 0.579916 0.684529 0.778389 0.815786 0.953468 0.935865 0.857080 0.946439 0.961612 0.833309 0.972950 0.922922 0.820534 0.570575 0.784856 0.962718 0.831031 0.874783 0.921523 0.830417 0.893446 0.871972 0.893297 0.815111 0.861915 0.811293 0.807098 0.819390 0.871128 0.830236 0.935988 0.907737 0.861444 0.616584 0.689952 0.771915 0.891768 0.681072 0.691329 0.589842 0.561602 0.913656 0.844284 0.887191 0.847704 0.991760 0.927050 0.965622 0.947647 0.884229 0.962379 0.917736 0.985980 0.996625 0.901780 0.980228 0.760459 0.783013 0.670103 0.599381 0.439795 0.973406 0.553081 0.885407 0.837013 0.956944 0.893530 0.957244 0.979917 0.889221 0.947451 0.924355 0.949304 0.729829 0.854712 0.844758 0.779233 0.665870 0.656081 0.994949 0.957265 0.790354 0.788090 0.943841 0.979697 0.826874 0.861594 0.897311 0.877808 0.755074 0.996120
0.607983 0.677854 0.659023 0.520364 0.959685 0.889682 0.973221 0.832826 0.745883 0.452181 0.663596 0.641698 0.680505 0.961588 0.814697 0.950323 0.707687 0.788271 0.762842 0.698882 0.678936 0.977752 0.872579 0.532439 0.000000 0.379034 0.693991 0.849861 0.601138 0.658415 0.944922 0.920540 0.937371 0.908868 0.631256 0.764083 0.954131 0.857780 0.612012 0.725249 0.900771 0.835943 0.854814 0.936039 0.977560 0.997298 0.795513 0.907437 0.720924 0.802757 0.982817 0.936214 0.985758 0.944189 0.831827 0.856467 0.671538 0.588241 0.585816 0.653249 0.785177 0.921163 0.614211 0.491814 0.368188 0.363311 0.693372 0.658168 0.692000 0.640728 0.892269 0.934731 0.933225 0.876255 0.926649 0.863972 0.907661 0.874116 0.832326 0.962485 0.793506 0.945044 0.869968 0.983921 0.585697 0.334932 0.894803 0.614288 0.898174 0.788773 0.929074 0.742085 0.922404 0.895798 0.893979 0.990228 0.967462 0.916917 0.622208 0.700543 0.892089 0.794875 0.600265 0.661343 0.936511 0.871288 0.853470 0.856257 0.835356 0.873180 0.920973 0.784211 0.868417 0.956650 0.993154 0.901286
0.650862 0.596531 0.463206 0.415428 0.986865 0.770732 0.737072 0.996986 0.844895 0.558450 0.777318 0.597836 0.796366 0.938294 0.786920 0.932530 0.642728 0.736748 0.726591 0.688175 0.632477 0.855818 0.997342 0.579916 0.379034 0.000000 0.795526 0.891360 0.664049 0.699349 0.690689 0.773786 0.888452 0.928404 0.513042 0.703290 0.981621 0.813455 0.566987 0.822382 0.992411 0.949662 0.841795 0.917752 0.939901 0.921193 0.813278 0.964681 0.637133 0.695466 0.978761 0.888638 0.990151 0.904500 0.804618 0.877143 0.627654 0.532410 0.759140 0.762844 0.964007 0.933439 0.769790 0.577166 0.366213 0.348883 0.479822 0.476031 0.758887 0.709666 0.920256 0.863672 0.775692 0.746346 0.921240 0.877682 0.971459 0.986301 0.912802 0.983353 0.817910 0.960195 0.974943 0.999922 0.672766 0.402186 0.949464 0.649486 0.971718 0.789687 0.807701 0.995300 0.726425 0.686369 0.917026 0.975973 0.810219 0.980769 0.796163 0.829371 0.976285 0.942602 0.821176 0.811493 0.806899 0.992531 0.811976 0.996091 0.840469 0.962352 0.964054 0.867261 0.879606 0.964471 0.960863 0.982033
0.935245 0.980078 0.968102 0.829262 0.773133 0.899329 0.776219 0.899402 0.826132 0.753480 0.874795 0.961661 0.959642 0.918994 0.943234 0.828885 0.981743 0.973841 0.961621 0.908844 0.881980 0.838962 0.965790 0.684529 0.693991 0.795526 0.000000 0.725825 0.888847 0.828685 0.733989 0.834267 0.855501 0.811483 0.993188 0.953668 0.857629 0.992142 0.796053 0.799052 0.923955 0.916730 0.979849 0.928800 0.940723 0.942880 0.912664 0.979863 0.842614 0.878573 0.990279 0.997440 0.922878 0.884275 0.888019 0.833243 0.988892 0.960082 0.862033 0.922106 0.780844 0.963218 0.766912 0.782496 0.738462 0.774963 0.998868 0.957984 0.966449 0.977389 0.817817 0.771348 0.806709 0.936918 0.995385 0.887126 0.988334 0.844092 0.964953 0.927108 0.937584 0.900318 0.808868 0.886327 0.662992 0.632593 0.854245 0.615636 0.926743 0.812806 0.871172 0.853278 0.978966 0.942173 0.837834 0.904613 0.865566 0.932173 0.760126 0.851305 0.868974 0.801459 0.656959 0.747676 0.943801 0.808649 0.838416 0.774363 0.776085 0.831011 0.880554 0.854298 0.988140 0.824536 0.967482 0.940351
0.874080 0.950248 0.894664 0.943451 0.977674 0.775423 0.776664 0.810601 0.849984 0.911893 0.855451 0.972932 0.948785 0.959423 0.945220 0.758996 0.995420 0.993703 0.970179 0.974449 0.934081 0.872281 0.978188 0.778389 0.849861 0.891360 0.725825 0.000000 0.930576 0.964356 0.831271 0.978209 0.927888 0.935172 0.910572 0.993827 0.988347 0.969094 0.731815 0.963200 0.886843 0.849465 0.984582 0.956225 0.907645 0.941099 0.911411 0.925058 0.928435 0.973440 0.921194 0.930869 0.865311 0.906891 0.949122 0.946776 0.958546 0.945759 0.877831 0.751629 0.739167 0.786878 0.841183 0.822733 0.992754 0.973275 0.899413 0.797389 0.994406 0.944878 0.893443 0.746349 0.910639 0.954423 0.876761 0.972860 0.907980 0.944530 0.962590 0.973821 0.978838 0.934107 0.924331 0.936765 0.929369 0.854462 0.803993 0.954796 0.895483 0.992176 0.845000 0.899577 0.859571 0.954400 0.696373 0.884728 0.861207 0.857626 0.789782 0.908025 0.894998 0.851185 0.794614 0.839674 0.860946 0.829215 0.813603 0.935218 0.857337 0.793328 0.919777 0.973133 0.988048 0.881493 0.955844 0.839530
0.335971 0.338838 0.812902 0.895621 0.928556 0.972326 0.861066 0.510180 0.959627 0.462126 0.513194 0.384967 0.601324 0.502245 0.545619 0.664827 0.316306 0.334104 0.344736 0.356552 0.787285 0.939810 0.500614 0.815786 0.601138 0.664049 0.888847 0.930576 0.000000 0.304288 0.827255 0.693231 0.587855 0.502090 0.756922 0.904180 0.702736 0.963404 0.805033 0.994963 0.746615 0.706452 0.760086 0.628422 0.775756 0.640834 0.752707 0.590003 0.544599 0.579702 0.767098 0.729472 0.886541 0.961225 0.776000 0.784701 0.353122 0.337386 0.639375 0.605932 0.866086 0.773498 0.413101 0.327047 0.653602 0.670458 0.836672 0.892858 0.461483 0.391126 0.700878 0.894896 0.800782 0.805830 0.901804 0.941773 0.605759 0.657796 0.573995 0.508607 0.329106 0.443415 0.686393 0.645707 0.883518 0.799468 0.803224 0.905251 0.869644 0.869169 0.977121 0.819190 0.912367 0.771289 0.753771 0.873681 0.941974 0.808219 0.594918 0.497191 0.942018 0.849545 0.537755 0.578624 0.804458 0.796224 0.909826 0.861972 0.951711 0.900528 0.893040 0.577523 0.476011 0.717169 0.976612 0.750741
0.433280 0.350016 0.793922 0.927075 0.950540 0.996859 0.916841 0.582703 0.893816 0.484250 0.571763 0.441868 0.677264 0.496619 0.514420 0.621740 0.312299 0.307568 0.368169 0.319508 0.849864 0.888384 0.490462 0.953468 0.658415 0.699349 0.828685 0.964356 0.304288 0.000000 0.810176 0.613922 0.591072 0.490037 0.721449 0.965829 0.767069 0.938834 0.905025 0.961365 0.809374 0.719009 0.709924 0.595684 0.787594 0.683701 0.758369 0.592216 0.600510 0.634831 0.796722 0.741035 0.878244 0.999736 0.865416 0.890778 0.378368 0.369003 0.830240 0.751646 0.978055 0.941355 0.483167 0.374393 0.616536 0.661287 0.770590 0.856377 0.523246 0.454189 0.708274 0.875488 0.770682 0.753705 0.906276 0.857897 0.600738 0.584407 0.444627 0.439412 0.319920 0.413448 0.643704 0.639188 0.938170 0.800280 0.744577 0.878387 0.984492 0.992765 0.996096 0.812248 0.887455 0.696751 0.715259 0.881533 0.941922 0.747833 0.643247 0.520288 0.953539 0.917558 0.583279 0.602980 0.874586 0.771246 0.882579 0.901934 0.927652 0.885564 0.940491 0.612857 0.490928 0.663859 0.953420 0.831547
0.974199 0.871099 0.554846 0.676979 0.817442 0.826619 0.390645 0.573564 0.920884 0.852230 0.880370 0.827703 0.944306 0.983359 0.990157 0.837318 0.929486 0.929380 0.848018 0.952691 0.813795 0.749130 0.775500 0.935865 0.944922 0.690689 0.733989 0.831271 0.827255 0.810176 0.000000 0.448538 0.430072 0.419146 0.667638 0.683647 0.866217 0.864552 0.932904 0.994076 0.887089 0.939753 0.603999 0.663761 0.607359 0.788523 0.701080 0.767433 0.889431 0.917450 0.726407 0.803866 0.754566 0.664904 0.909035 0.994386 0.959526 0.927069 0.815651 0.848479 0.676074 0.883887 0.592490 0.796816 0.929939 0.900331 0.580124 0.521047 0.996091 0.980400 0.516950 0.555684 0.528872 0.569272 0.958503 0.977631 0.769144 0.681984 0.729410 0.765082 0.832556 0.892067 0.968209 0.974435 0.929857 0.988655 0.802230 0.940653 0.941091 0.960304 0.540177 0.692528 0.708810 0.842138 0.757389 0.973039 0.739239 0.836431 0.591793 0.638887 0.745969 0.587021 0.567934 0.630601 0.708423 0.673192 0.971122 0.806454 0.952527 0.896391 0.712934 0.797584 0.717781 0.680727 0.832376 0.873640
0.808497 0.863199 0.623780 0.595953 0.822899 0.758771 0.518659 0.527215 0.928194 0.782933 0.840256 0.927635 0.841110 0.655817 0.790126 0.832820 0.730762 0.689798 0.640472 0.733436 0.803377 0.812993 0.538763 0.857080 0.920540 0.773786 0.834267 0.978209 0.693231 0.613922 0.448538 0.000000 0.447592 0.409594 0.819620 0.754935 0.760005 0.971710 0.936362 0.976857 0.952470 0.848085 0.574181 0.589387 0.703362 0.789367 0.545668 0.668481 0.963214 0.963260 0.815701 0.835977 0.838447 0.842061 0.781131 0.904814 0.812840 0.859288 0.938881 0.892367 0.807191 0.940216 0.572246 0.719882 0.906290 0.874924 0.735687 0.662655 0.870521 0.811357 0.554075 0.595117 0.584231 0.565318 0.984621 0.971428 0.736744 0.646293 0.570224 0.604714 0.578776 0.582201 0.824544 0.800360 0.838773 0.881217 0.764696 0.928276 0.985475 0.980288 0.702324 0.753415 0.814487 0.947956 0.736053 0.963720 0.754372 0.795376 0.701614 0.665443 0.849227 0.748573 0.636705 0.653186 0.691752 0.600443 0.842986 0.976212 0.941417 0.800846 0.817900 0.674434 0.598791 0.751930 0.876694 0.906010
0.620873 0.799500 0.638435 0.759653 0.873213 0.777821 0.409125 0.446770 0.925435 0.623855 0.617093 0.825014 0.715271 0.741278 0.812426 0.930529 0.685518 0.641224 0.548623 0.671799 0.884171 0.839432 0.542949 0.946439 0.937371 0.888452 0.855501 0.927888 0.587855 0.591072 0.430072 0.447592 0.000000 0.340108 0.810634 0.688547 0.733289 0.841071 0.851818 0.910479 0.846064 0.831538 0.647524 0.648385 0.614152 0.712401 0.562761 0.628174 0.885743 0.933517 0.778126 0.844108 0.885495 0.973847 0.752882 0.828808 0.722648 0.732395 0.641704 0.654705 0.609152 0.887765 0.400617 0.537130 0.969550 0.979845 0.632150 0.618450 0.689539 0.675132 0.542197 0.622868 0.621871 0.562155 0.894741 0.971298 0.663905 0.695017 0.672521 0.642882 0.547369 0.624693 0.926935 0.894809 0.858715 0.977930 0.810700 0.942660 0.848474 0.808103 0.614624 0.633955 0.711116 0.900729 0.799535 0.961674 0.732307 0.691074 0.503052 0.474645 0.735373 0.667436 0.534045 0.570489 0.597387 0.624272 0.996221 0.905970 0.942439 0.898352 0.780800 0.666966 0.608024 0.679817 0.912836 0.885693
0.628777 0.709941 0.725353 0.751258 0.793835 0.779931 0.449494 0.430605 0.898274 0.567421 0.699016 0.791780 0.734682 0.667717 0.714525 0.828774 0.598552 0.553191 0.465667 0.583133 0.884632 0.842821 0.514064 0.961612 0.908868 0.928404 0.811483 0.935172 0.502090 0.490037 0.419146 0.409594 0.340108 0.000000 0.910082 0.750452 0.727199 0.925801 0.946440 0.954079 0.830480 0.864340 0.561942 0.514475 0.616658 0.654508 0.595439 0.527050 0.816980 0.794986 0.714983 0.758733 0.829087 0.897696 0.816800 0.848216 0.656909 0.663322 0.675991 0.684158 0.738688 0.996145 0.431967 0.530710 0.926569 0.927697 0.767580 0.708528 0.733155 0.662476 0.588384 0.641796 0.669166 0.634765 0.957137 0.882996 0.662242 0.565131 0.566342 0.518780 0.516430 0.585408 0.811867 0.809045 0.905868 0.960069 0.687470 0.962688 0.930706 0.952861 0.714268 0.667573 0.864391 0.969645 0.650270 0.963537 0.829629 0.681810 0.524279 0.474394 0.825339 0.688743 0.496912 0.549354 0.647108 0.624449 0.951009 0.963478 0.980570 0.860434 0.844737 0.678326 0.545466 0.648614 0.911162 0.783545
0.784015 0.638839 0.523552 0.588727 0.959993 0.968649 0.603455 0.805052 0.984006 0.699160 0.826956 0.635464 0.763681 0.809920 0.705796 0.697235 0.726132 0.790354 0.787103 0.739838 0.699179 0.897302 0.957715 0.833309 0.631256 0.513042 0.993188 0.910572 0.756922 0.721449 0.667638 0.819620 0.810634 0.910082 0.000000 0.706681 0.844876 0.764698 0.797777 0.988773 0.966356 0.890387 0.851444 0.980984 0.816762 0.941280 0.883766 0.993260 0.664426 0.684365 0.932905 0.820109 0.879633 0.969346 0.893443 0.983363 0.770920 0.693326 0.997396 0.992905 0.799132 0.929669 0.953188 0.797680 0.557620 0.529131 0.402519 0.369398 0.824292 0.720497 0.822130 0.704646 0.773712 0.858407 0.790815 0.875764 0.956348 0.947731 0.849423 0.843768 0.822778 0.901843 0.835556 0.876893 0.923595 0.730604 0.865668 0.863038 0.942872 0.772771 0.521340 0.804005 0.538348 0.572559 0.857924 0.969559 0.731451 0.848024 0.882201 0.942741 0.716929 0.822542 0.967613 0.902152 0.690751 0.801042 0.994759 0.756698 0.969452 0.973195 0.829931 0.870152 0.864032 0.892477 0.981299 0.981688
0.985482 0.920099 0.639801 0.611002 0.834967 0.949484 0.639179 0.766882 0.976913 0.954563 0.933667 0.792181 0.908824 0.992596 0.909214 0.829096 0.908259 0.996471 0.961576 0.994771 0.794674 0.838401 0.979645 0.972950 0.764083 0.703290 0.953668 0.993827 0.904180 0.965829 0.683647 0.754935 0.688547 0.750452 0.706681 0.000000 0.776205 0.605125 0.769419 0.953440 0.850464 0.946454 0.791475 0.864369 0.703451 0.894349 0.731457 0.843982 0.912291 0.914238 0.929591 0.995767 0.915619 0.960003 0.908819 0.970071 0.970616 0.953783 0.947249 0.954395 0.849918 0.925183 0.898731 0.983456 0.713741 0.706856 0.548397 0.564513 0.924554 0.939322 0.748648 0.840115 0.876241 0.883949 0.990789 0.785115 0.848082 0.816925 0.988239 0.956816 0.973605 0.915671 0.988426 0.942430 0.943040 0.837377 0.897123 0.902157 0.953193 0.826717 0.749707 0.879986 0.678814 0.702524 0.998990 0.907914 0.803352 0.762160 0.798083 0.751099 0.903638 0.739202 0.854160 0.813391 0.776687 0.855713 0.829755 0.767524 0.941595 0.982418 0.841821 0.872712 0.839041 0.787398 0.822395 0.948080
0.728923 0.757236 0.883287 0.850375 0.898023 0.932865 0.804132 0.734245 0.763849 0.918701 0.760091 0.851866 0.850373 0.864261 0.885075 0.963616 0.828428 0.743119 0.787670 0.817235 0.951732 0.893769 0.833182 0.922922 0.954131 0.981621 0.857629 0.988347 0.702736 0.767069 0.866217 0.760005 0.733289 0.727199 0.844876 0.776205 0.000000 0.748213 0.965774 0.918583 0.715773 0.870033 0.868524 0.711723 0.799951 0.780027 0.740035 0.701590 0.872192 0.861106 0.848872 0.894905 0.956643 0.979619 0.693468 0.866468 0.793367 0.795667 0.788790 0.830582 0.806274 0.687543 0.748709 0.777356 0.890494 0.919746 0.818493 0.801768 0.706842 0.734733 0.873260 0.965594 0.985281 0.856511 0.979350 0.864185 0.846954 0.892973 0.883911 0.825428 0.763690 0.748492 0.907219 0.927953 0.807349 0.897537 0.983853 0.984368 0.809753 0.706191 0.937981 0.887619 0.998890 0.930514 0.866260 0.881038 0.946936 0.805776 0.764522 0.758609 0.968053 0.927110 0.706668 0.756258 0.855080 0.848459 0.941845 0.976998 0.832844 0.764020 0.804958 0.646707 0.838656 0.747961 0.758834 0.978997
0.932796 0.952304 0.808420 0.795650 0.932144 0.955291 0.866003 0.906283 0.940814 0.838999 0.941258 0.911210 0.902805 0.913407 0.948834 0.817126 0.954324 0.989046 0.966725 0.972156 0.908707 0.715834 0.898085 0.820534 0.857780 0.813455 0.992142 0.969094 0.963404 0.938834 0.864552 0.971710 0.841071 0.925801 0.764698 0.605125 0.748213 0.000000 0.825058 0.960584 0.821719 0.799046 0.956491 0.983672 0.918522 0.962542 0.942848 0.929796 0.890677 0.929461 0.990584 0.938421 0.994993 0.982701 0.961064 0.991818 0.994025 0.942125 0.921174 0.997812 0.936542 0.925147 0.949595 0.936829 0.841835 0.824972 0.742535 0.775082 0.813607 0.991882 0.863204 0.901917 0.865482 0.896628 0.982922 0.927425 0.929496 0.944596 0.905695 0.951023 0.999368 0.956051 0.857224 0.753438 0.966184 0.937899 0.990958 0.787324 0.946463 0.887508 0.881684 0.884760 0.822592 0.683174 0.913404 0.813931 0.930791 0.814142 0.947500 0.894813 0.868684 0.902387 0.869526 0.838610 0.909246 0.989490 0.973026 0.866355 0.967226 0.991911 0.901346 0.847528 0.916011 0.664781 0.868822 0.991877
