0.000000 0.268110 0.710959 0.658840 0.640162 0.785326 0.829364 0.887398 0.482956 0.520603 0.485066 0.441315 0.673266 0.525992 0.878650 0.911389 0.419512 0.324886 0.433820 0.310460 0.616803 0.866609 0.837439 0.622909 0.541479 0.641726 0.698365 0.946354 0.811517 0.747641 0.979936 0.786361 0.554302 0.671736 0.838481 0.955654 0.703095 0.833134 0.647768 0.877897 0.909040 0.738261 0.949371 0.736469 0.902590 0.906844 0.631474 0.567314 0.862196 0.785298 0.950326 0.953796 0.708318 0.526309 0.623483 0.591975 0.249170 0.274378 0.483550 0.455423 0.937099 0.723740 0.602141 0.565134 0.659131 0.998460 0.747642 0.939812 0.325141 0.450309 0.737283 0.675636 0.748824 0.711838 0.990171 0.877876 0.884156 0.849805 0.583669 0.465957 0.327428 0.324460 0.556559 0.330739 0.397766 0.369362 0.997780 0.664859 0.765146 0.390266 0.542224 0.596324 0.710068 0.704508 0.984327 0.816354 0.804056 0.842432 0.962215 0.999750 0.792548 0.731133 0.857978 0.654444 0.807935 0.679936 0.994929 0.951396 0.794055 0.626451 0.892959 0.935553 0.963254 0.742000 0.892690 0.806725
0.268110 0.000000 0.618086 0.507795 0.626376 0.818065 0.856427 0.980925 0.593427 0.578718 0.592866 0.492616 0.754639 0.562609 0.816151 0.976115 0.456181 0.406673 0.443146 0.320026 0.641970 0.900295 0.807683 0.630803 0.480231 0.546413 0.646686 0.903341 0.792637 0.738460 0.856036 0.773069 0.593912 0.626027 0.800433 0.962573 0.611116 0.756253 0.550623 0.914897 0.953605 0.689197 0.854832 0.695864 0.846502 0.941764 0.620926 0.588955 0.911279 0.825197 0.943982 0.940647 0.691296 0.527560 0.702002 0.637566 0.253237 0.233758 0.535336 0.517847 0.882977 0.794455 0.715934 0.616880 0.565574 0.983783 0.824580 0.993377 0.307000 0.419955 0.875279 0.719192 0.826082 0.755731 0.997399 0.862597 0.779570 0.881529 0.565593 0.500771 0.353028 0.380914 0.621619 0.374810 0.502741 0.428793 0.938862 0.787296 0.793583 0.426529 0.482704 0.572599 0.636765 0.688951 0.961440 0.887371 0.806029 0.861631 0.891054 0.984203 0.648964 0.696224 0.949458 0.724131 0.881293 0.679600 0.866620 0.986012 0.875269 0.609137 0.939624 0.938630 0.964068 0.775842 0.906963 0.797518
0.710959 0.618086 0.000000 0.373725 0.759218 0.924240 0.822925 0.759033 0.927272 0.831370 0.965895 0.796902 0.636126 0.846251 0.673882 0.733162 0.984038 0.936294 0.692281 0.714536 0.670416 0.932102 0.664045 0.676381 0.432770 0.466816 0.720753 0.984549 0.994570 0.979813 0.618686 0.638951 0.800054 0.792792 0.707890 0.890522 0.540434 0.833709 0.804336 0.810038 0.894067 0.757901 0.698649 0.732262 0.871848 0.961998 0.772759 0.814869 0.891893 0.997462 0.909579 0.996585 0.782361 0.758847 0.814536 0.929679 0.689994 0.679702 0.781719 0.688467 0.893176 0.765240 0.859074 0.947265 0.351569 0.565302 0.850254 0.918990 0.636814 0.733085 0.759127 0.788872 0.835648 0.875070 0.906108 0.909578 0.659337 0.834991 0.840265 0.690473 0.873779 0.756545 0.934523 0.833667 0.836113 0.663191 0.809087 0.802508 0.768731 0.733454 0.833295 0.998982 0.920109 0.971033 0.883689 0.965927 0.659325 0.738686 0.857877 0.763756 0.631575 0.983313 0.970750 0.963664 0.856722 0.742950 0.722470 0.897685 0.934560 0.822905 0.853101 0.941838 0.889422 0.820882 0.593994 0.983346
0.658840 0.507795 0.373725 0.000000 0.714560 0.995378 0.899156 0.596499 0.963461 0.828425 0.939324 0.713637 0.731205 0.693759 0.762186 0.708854 0.835077 0.803316 0.730021 0.750820 0.684250 0.924405 0.843998 0.570843 0.513507 0.497149 0.704173 0.946769 0.974878 0.891946 0.765096 0.743776 0.798780 0.773101 0.763385 0.919893 0.504381 0.719544 0.650377 0.767558 0.952011 0.703687 0.883891 0.805576 0.803359 0.931148 0.885854 0.871520 0.887760 0.969396 0.952438 0.934638 0.821990 0.811160 0.840495 0.861664 0.545881 0.517782 0.793402 0.727232 0.961125 0.839953 0.994166 0.883031 0.526138 0.691998 0.920498 0.980557 0.575155 0.593056 0.923547 0.986292 0.943651 0.973922 0.966953 0.977424 0.749922 0.965112 0.731845 0.751033 0.809790 0.804691 0.907164 0.789270 0.933673 0.640918 0.907573 0.819994 0.757596 0.722536 0.732019 0.764597 0.849031 0.853578 0.983437 0.963700 0.817694 0.741142 0.997284 0.915589 0.574975 0.818886 0.895890 0.914190 0.931584 0.831479 0.743396 0.925384 0.967696 0.798769 0.975006 0.878085 0.893716 0.767518 0.742228 0.895592
0.640162 0.626376 0.759218 0.714560 0.000000 0.862119 0.638924 0.822865 0.746883 0.663951 0.863594 0.885540 0.891200 0.889736 0.916865 0.898064 0.787351 0.774251 0.859721 0.630256 0.731469 0.900487 0.886995 0.837743 0.635064 0.683633 0.789570 0.915710 0.903200 0.992647 0.917281 0.899406 0.931409 0.961547 0.907289 0.797469 0.737278 0.804954 0.824578 0.893958 0.934653 0.740638 0.937850 0.998501 0.681928 0.794323 0.926839 0.905671 0.799396 0.827319 0.700211 0.749712 0.558497 0.468409 0.978859 0.978791 0.537346 0.607708 0.919750 0.739209 0.676693 0.782371 0.916479 0.972905 0.754604 0.993204 0.878163 0.747204 0.574920 0.569924 0.742693 0.730663 0.878556 0.812163 0.910390 0.976660 0.897800 0.873717 0.773455 0.793231 0.687086 0.650015 0.871083 0.727767 0.883631 0.767416 0.925442 0.980315 0.930480 0.782658 0.600428 0.597560 0.745930 0.747301 0.995391 0.957422 0.928299 0.924771 0.759181 0.747034 0.631572 0.614496 0.866474 0.926690 0.887885 0.953579 0.980862 0.961389 0.876819 0.862169 0.928976 0.749319 0.916861 0.907354 0.920290 0.836245
0.785326 0.818065 0.924240 0.995378 0.862119 0.000000 0.787361 0.771069 0.627659 0.778261 0.858546 0.869297 0.921414 0.802952 0.836529 0.831084 0.732311 0.735076 0.752323 0.806068 0.867112 0.905088 0.983769 0.881769 0.900586 0.973941 0.956596 0.751713 0.909030 0.965151 0.867705 0.984939 0.844102 0.944890 0.853317 0.932283 0.974628 0.915268 0.897207 0.804766 0.795326 0.848604 0.924315 0.976161 0.962059 0.901888 0.858269 0.833787 0.895363 0.850179 0.945737 0.964957 0.939635 0.902628 0.935123 0.787256 0.726462 0.749794 0.783347 0.880378 0.867265 0.694297 0.823835 0.853628 0.966284 0.821440 0.844845 0.924387 0.817620 0.872801 0.786596 0.677781 0.696892 0.842659 0.904740 0.875977 0.903725 0.760643 0.919369 0.972572 0.757042 0.760542 0.774879 0.716543 0.733355 0.747623 0.773298 0.899337 0.989179 0.731098 0.777642 0.839224 0.917280 0.814018 0.870107 0.974419 0.921908 0.898732 0.952643 0.986347 0.939732 0.881123 0.965741 0.844177 0.965239 0.958982 0.972676 0.833900 0.841199 0.890533 0.977220 0.945628 0.980199 0.957515 0.912562 0.790673
0.829364 0.856427 0.822925 0.899156 0.638924 0.787361 0.000000 0.346011 0.674821 0.444370 0.909425 0.799200 0.607023 0.911419 0.561098 0.738758 0.997789 0.958351 0.785937 0.916217 0.945965 0.939748 0.494036 0.943056 0.720559 0.808312 0.881957 0.805157 0.552832 0.650893 0.522700 0.762159 0.697199 0.570257 0.850627 0.885822 0.991135 0.918606 0.850240 0.973053 0.870269 0.967263 0.495938 0.534806 0.392069 0.450473 0.705128 0.704632 0.505819 0.461787 0.393427 0.422313 0.445626 0.393184 0.778740 0.759127 0.828756 0.883709 0.806676 0.980998 0.311189 0.407407 0.674344 0.659311 0.936399 0.907801 0.491488 0.471652 0.764806 0.820127 0.463836 0.585224 0.682367 0.575461 0.897854 0.776117 0.620793 0.684870 0.870616 0.924054 0.898705 0.705073 0.936522 0.729025 0.987805 0.871936 0.965220 0.827328 0.864823 0.895821 0.529254 0.528689 0.752074 0.829297 0.697290 0.787839 0.726006 0.881851 0.372891 0.419507 0.746343 0.611218 0.706514 0.840185 0.701144 0.668305 0.842020 0.832935 0.788356 0.820693 0.734845 0.648357 0.451899 0.741168 0.523764 0.765769
0.887398 0.980925 0.759033 0.596499 0.822865 0.771069 0.346011 0.000000 0.701461 0.552011 0.834319 0.761076 0.617412 0.818309 0.626701 0.558798 0.982027 0.944477 0.915077 0.892701 0.998896 0.857542 0.664684 0.882765 0.847204 0.942748 0.974994 0.878788 0.779958 0.755102 0.635086 0.850403 0.818327 0.648997 0.869901 0.956852 0.940056 0.902846 0.937477 0.909505 0.829260 0.934117 0.687918 0.678116 0.652155 0.684332 0.890340 0.900943 0.737455 0.660902 0.547905 0.540670 0.594456 0.509270 0.919259 0.899756 0.954636 0.994356 0.873280 0.983243 0.408713 0.407921 0.771318 0.701791 0.892455 0.765548 0.663731 0.666087 0.831499 0.998165 0.588647 0.714780 0.822406 0.735163 0.879347 0.934769 0.695028 0.776243 0.869668 0.963320 0.862951 0.702221 0.985969 0.744466 0.871870 0.945104 0.903080 0.697902 0.775685 0.882607 0.730793 0.838158 0.854679 0.991439 0.898021 0.859717 0.833337 0.891517 0.629278 0.650598 0.992769 0.853172 0.955512 0.942963 0.843859 0.892338 0.795407 0.849586 0.875702 0.832065 0.906528 0.903186 0.595237 0.754133 0.621399 0.907634
0.482956 0.593427 0.927272 0.963461 0.746883 0.627659 0.674821 0.701461 0.000000 0.545026 0.622188 0.683031 0.958432 0.559726 0.758869 0.758029 0.460337 0.429102 0.661293 0.542680 0.839617 0.864355 0.874744 0.712549 0.753016 0.847787 0.794031 0.950120 0.894363 0.772246 0.776428 0.952347 0.787870 0.848882 0.953079 0.806063 0.847027 0.857937 0.789324 0.917523 0.897702 0.952929 0.871556 0.912682 0.925740 0.941786 0.800642 0.702716 0.902824 0.872843 0.918397 0.936023 0.805477 0.676712 0.692322 0.629122 0.489328 0.518001 0.627834 0.721887 0.754219 0.622120 0.707230 0.673294 0.962991 0.827818 0.843573 0.987572 0.593427 0.562026 0.578479 0.586244 0.754763 0.779230 0.982222 0.951514 0.887517 0.686664 0.771771 0.730285 0.489851 0.500867 0.579479 0.440645 0.631712 0.538349 0.829806 0.616256 0.803336 0.524444 0.551583 0.637825 0.738508 0.766497 0.945680 0.768751 0.924019 0.810813 0.828030 0.896876 0.980485 0.776540 0.798535 0.621179 0.928843 0.846484 0.886820 0.921323 0.763471 0.785203 0.893683 0.897031 0.805827 0.982197 0.801025 0.733435
0.520603 0.578718 0.831370 0.828425 0.663951 0.778261 0.444370 0.552011 0.545026 0.000000 0.754129 0.907629 0.981520 0.780675 0.802766 0.794179 0.802954 0.669081 0.841298 0.612914 0.775188 0.890683 0.804026 0.663342 0.516506 0.626667 0.721729 0.826150 0.726819 0.868861 0.618254 0.832090 0.931188 0.810331 0.982527 0.987232 0.754639 0.799354 0.715811 0.941259 0.927834 0.925486 0.653564 0.757693 0.460450 0.551020 0.881674 0.957594 0.587901 0.646567 0.472945 0.527630 0.425398 0.373497 0.954018 0.954197 0.592764 0.608622 0.944633 0.758933 0.524656 0.496615 0.886295 0.869683 0.759928 0.833130 0.808646 0.698076 0.500123 0.601270 0.540872 0.605010 0.750665 0.635359 0.915009 0.804087 0.743142 0.685544 0.949813 0.813963 0.622523 0.384024 0.786239 0.460634 0.623692 0.471731 0.830889 0.590705 0.851363 0.561498 0.584323 0.625735 0.907497 0.899612 0.901328 0.977807 0.941233 0.993833 0.549192 0.677290 0.752422 0.676577 0.847649 0.963757 0.921087 0.981806 0.986736 0.930465 0.747050 0.964716 0.894591 0.774612 0.555072 0.963873 0.801508 0.759118
0.485066 0.592866 0.965895 0.939324 0.863594 0.858546 0.909425 0.834319 0.622188 0.754129 0.000000 0.643906 0.775659 0.662075 0.926845 0.791803 0.555577 0.470235 0.668620 0.521451 0.747743 0.977438 0.965438 0.981486 0.892511 0.914369 0.878787 0.991849 0.778524 0.742089 0.956707 0.938601 0.732742 0.842693 0.959170 0.997762 0.857938 0.964211 0.899724 0.963670 0.794397 0.888073 0.980893 0.886480 0.950393 0.952027 0.876983 0.778883 0.864683 0.832793 0.914362 0.930015 0.784546 0.686429 0.733967 0.749311 0.563477 0.565552 0.786139 0.795753 0.906841 0.756932 0.642497 0.626901 0.988690 0.824556 0.925805 0.980711 0.578134 0.665390 0.794391 0.874894 0.904809 0.925511 0.957449 0.995674 0.943008 0.994812 0.735092 0.674257 0.505419 0.543909 0.678379 0.548496 0.661493 0.750037 0.921104 0.787846 0.910148 0.698181 0.840057 0.815520 0.877201 0.989399 0.949989 0.755120 0.893733 0.917941 0.861431 0.968170 0.937795 0.968988 0.841692 0.797846 0.777459 0.717264 0.974892 0.954722 0.842809 0.754117 0.895248 0.934458 0.990052 0.836961 0.961601 0.881833
0.441315 0.492616 0.796902 0.713637 0.885540 0.869297 0.799200 0.761076 0.683031 0.907629 0.643906 0.000000 0.522424 0.412098 0.591155 0.743538 0.429532 0.371911 0.435518 0.466819 0.719895 0.901900 0.627539 0.738569 0.846873 0.888170 0.805459 0.931408 0.543527 0.481445 0.719901 0.680497 0.450746 0.462223 0.829808 0.997809 0.812413 0.855126 0.810398 0.867021 0.981444 0.931979 0.733703 0.569908 0.738258 0.613541 0.566359 0.473425 0.561710 0.531338 0.652261 0.602332 0.865383 0.958966 0.502583 0.497378 0.479892 0.448765 0.476865 0.621025 0.700825 0.944351 0.393635 0.354493 0.849000 0.994572 0.596489 0.687367 0.594205 0.651690 0.956688 0.939635 0.887356 0.990448 0.839707 0.949854 0.757603 0.997685 0.487858 0.462866 0.409068 0.564104 0.529225 0.563371 0.534404 0.604717 0.987228 0.818362 0.689196 0.622357 0.798283 0.809416 0.775643 0.714004 0.857787 0.770772 0.844393 0.922108 0.805492 0.824358 0.947333 0.851217 0.740215 0.618195 0.669410 0.594338 0.960945 0.941943 0.864307 0.599072 0.807292 0.825577 0.817248 0.736511 0.683555 0.871385
0.673266 0.754639 0.636126 0.731205 0.891200 0.921414 0.607023 0.617412 0.958432 0.981520 0.775659 0.522424 0.000000 0.611484 0.506108 0.605208 0.883647 0.753802 0.624015 0.771127 0.839098 0.906207 0.508456 0.684998 0.903617 0.901285 0.892751 0.749109 0.792631 0.769436 0.678765 0.706575 0.689842 0.626445 0.764614 0.979224 0.988543 0.901962 0.890451 0.936562 0.840029 0.979122 0.773580 0.739243 0.784608 0.738002 0.715302 0.697574 0.732102 0.652644 0.685820 0.604438 0.838083 0.882599 0.677157 0.732124 0.774990 0.742752 0.555284 0.583377 0.461013 0.696174 0.610138 0.681683 0.700456 0.729231 0.587800 0.584541 0.872227 0.856955 0.851903 0.880301 0.953430 0.973305 0.950251 0.899717 0.772403 0.923686 0.794050 0.596774 0.786041 0.821906 0.820913 0.832686 0.619598 0.617965 0.854660 0.933831 0.726753 0.708074 0.984941 0.911668 0.950468 0.885206 0.897385 0.866720 0.722129 0.951285 0.687792 0.730015 0.963546 0.810974 0.837464 0.894276 0.770619 0.764332 0.974016 0.926643 0.947400 0.771131 0.769964 0.967811 0.770104 0.766072 0.625781 0.902003
0.525992 0.562609 0.846251 0.693759 0.889736 0.802952 0.911419 0.818309 0.559726 0.780675 0.662075 0.412098 0.611484 0.000000 0.742445 0.699789 0.495460 0.408593 0.525374 0.535857 0.794946 0.944169 0.761112 0.575907 0.830655 0.817585 0.886120 0.785039 0.715132 0.443175 0.872873 0.754930 0.585754 0.573642 0.846449 0.816726 0.785592 0.816829 0.697023 0.805329 0.919536 0.960574 0.938813 0.783477 0.886756 0.794019 0.762046 0.631867 0.777451 0.707256 0.818985 0.760092 0.972042 0.947669 0.532287 0.519554 0.529324 0.503824 0.561759 0.670032 0.790636 0.894137 0.513273 0.507274 0.904573 0.827958 0.676109 0.728116 0.677126 0.622704 0.912746 0.822340 0.915338 0.945960 0.968675 0.952453 0.870883 0.896535 0.674499 0.506881 0.457762 0.549019 0.453991 0.465720 0.603481 0.481989 0.784868 0.681271 0.570346 0.591705 0.709608 0.694600 0.802193 0.687560 0.883495 0.862254 0.850158 0.939145 0.990500 0.940278 0.844606 0.892378 0.951326 0.709097 0.866887 0.763652 0.971778 0.998471 0.842744 0.858765 0.851831 0.820690 0.998726 0.854130 0.873232 0.869041
0.878650 0.816151 0.673882 0.762186 0.916865 0.836529 0.561098 0.626701 0.758869 0.802766 0.926845 0.591155 0.506108 0.742445 0.000000 0.499786 0.937503 0.902301 0.669725 0.841349 0.872028 0.927586 0.418603 0.781683 0.994220 0.965866 0.996219 0.744681 0.657108 0.641639 0.476021 0.689245 0.612959 0.548835 0.664172 0.922423 0.855765 0.916931 0.934627 0.909900 0.874567 0.877136 0.567754 0.586711 0.665037 0.656009 0.648714 0.612802 0.653983 0.664079 0.601463 0.519446 0.748393 0.794474 0.685672 0.705085 0.910993 0.882993 0.675208 0.761364 0.467268 0.600807 0.728257 0.712311 0.736061 0.761749 0.676896 0.645356 0.980586 0.948757 0.702932 0.694458 0.790985 0.916922 0.949851 0.866487 0.604413 0.726505 0.722587 0.649611 0.802327 0.952036 0.861066 0.940107 0.751983 0.857498 0.973408 0.953786 0.873595 0.913689 0.911922 0.926306 0.908827 0.815437 0.844508 0.951841 0.892547 0.959064 0.639142 0.655062 0.874663 0.885830 0.869840 0.893677 0.859419 0.713547 0.773081 0.999944 0.845819 0.836599 0.854579 0.869763 0.813125 0.808873 0.528911 0.925405
0.911389 0.976115 0.733162 0.708854 0.898064 0.831084 0.738758 0.558798 0.758029 0.794179 0.791803 0.743538 0.605208 0.699789 0.499786 0.000000 0.948043 0.924528 0.991013 0.917809 0.941572 0.932079 0.686840 0.743948 0.989776 0.967033 0.921976 0.746910 0.915535 0.739635 0.645234 0.762323 0.921846 0.774812 0.908889 0.997995 0.925342 0.910298 0.844946 0.867460 0.721895 0.915944 0.874040 0.932628 0.914974 0.916123 0.977108 0.948229 0.960652 0.948973 0.792176 0.695197 0.777363 0.765941 0.934848 0.958773 0.957776 0.990871 0.836590 0.992456 0.582993 0.551750 0.951659 0.921659 0.868910 0.621671 0.914798 0.761216 0.841666 0.999922 0.728278 0.767671 0.844341 0.997698 0.907834 0.993584 0.822337 0.951862 0.910358 0.748196 0.952094 0.878718 0.881248 0.888013 0.901431 0.940066 0.957690 0.772435 0.856191 0.920600 0.942857 0.879951 0.835189 0.739588 0.984499 0.893105 0.915901 0.916541 0.929003 0.917370 0.761465 0.913406 0.828576 0.860730 0.849733 0.965172 0.859784 0.958382 0.921338 0.994070 0.958648 0.969533 0.958001 0.983905 0.738844 0.936701
0.419512 0.456181 0.984038 0.835077 0.787351 0.732311 0.997789 0.982027 0.460337 0.802954 0.555577 0.429532 0.883647 0.495460 0.937503 0.948043 0.000000 0.281961 0.496020 0.395414 0.732841 0.908070 0.884518 0.868843 0.872614 0.949099 0.817319 0.983737 0.539306 0.434341 0.886079 0.830113 0.486122 0.535211 0.970475 0.919432 0.704906 0.837122 0.786009 0.828023 0.902558 0.797586 0.892922 0.607917 0.845349 0.659509 0.588317 0.485458 0.614083 0.565048 0.775477 0.738734 0.984261 0.845079 0.584792 0.478496 0.397524 0.382323 0.551188 0.699876 0.997387 0.789521 0.441070 0.372235 0.993384 0.753037 0.671652 0.825024 0.527924 0.566027 0.878290 0.724759 0.864925 0.916048 0.918344 0.955224 0.841576 0.941700 0.520062 0.569809 0.329309 0.514632 0.467783 0.500255 0.556026 0.601688 0.996375 0.665905 0.862022 0.559610 0.701907 0.701045 0.700609 0.699333 0.833187 0.762566 0.890458 0.888575 0.951069 0.908409 0.957064 0.771244 0.752018 0.578933 0.742883 0.683338 0.957848 0.930005 0.881065 0.705865 0.926400 0.731293 0.929648 0.896833 0.983179 0.882248
0.324886 0.406673 0.936294 0.803316 0.774251 0.735076 0.958351 0.944477 0.429102 0.669081 0.470235 0.371911 0.753802 0.408593 0.902301 0.924528 0.281961 0.000000 0.402488 0.339141 0.733432 0.924445 0.864648 0.746379 0.819898 0.891589 0.841097 0.957775 0.593765 0.507515 0.999547 0.813524 0.484042 0.536471 0.942858 0.914621 0.755289 0.837512 0.760832 0.813048 0.904235 0.811948 0.917292 0.676450 0.889625 0.734857 0.647499 0.524004 0.673807 0.640306 0.888896 0.851737 0.903067 0.742901 0.547082 0.447773 0.345823 0.345243 0.502113 0.621182 0.999744 0.781203 0.427729 0.406889 0.890568 0.870792 0.663083 0.804011 0.463544 0.503935 0.816007 0.705178 0.862900 0.905301 0.937262 0.991613 0.975417 0.908663 0.499768 0.489251 0.258496 0.369826 0.467559 0.346749 0.448267 0.494624 0.912034 0.581668 0.815194 0.482406 0.672216 0.661127 0.713898 0.694612 0.828756 0.754340 0.868789 0.844375 0.993041 0.924630 0.892707 0.787596 0.800486 0.592846 0.755645 0.640732 0.991415 0.953619 0.756508 0.686939 0.891397 0.806723 0.985277 0.780560 0.933505 0.869327
0.433820 0.443146 0.692281 0.730021 0.859721 0.752323 0.785937 0.915077 0.661293 0.841298 0.668620 0.435518 0.624015 0.525374 0.669725 0.991013 0.496020 0.402488 0.000000 0.374985 0.726003 0.873507 0.484089 0.731608 0.725788 0.840658 0.772360 0.901207 0.535557 0.570978 0.644017 0.630079 0.355969 0.416388 0.734704 0.900428 0.713287 0.997134 0.781280 0.963032 0.937681 0.877482 0.540184 0.438706 0.663468 0.508664 0.391629 0.341830 0.518194 0.471065 0.662511 0.610954 0.937918 0.900427 0.529581 0.412340 0.460042 0.459529 0.378715 0.478356 0.735339 0.977333 0.488227 0.483040 0.619781 0.982949 0.476437 0.590435 0.570908 0.674743 0.952498 0.888124 0.963683 0.960792 0.953054 0.976206 0.748749 0.964400 0.520679 0.505006 0.426593 0.508398 0.521987 0.472003 0.381249 0.475348 0.892870 0.721230 0.759545 0.452646 0.814044 0.946996 0.799478 0.750454 0.737189 0.718830 0.752159 0.761001 0.695132 0.630316 0.901281 0.923312 0.697802 0.552930 0.654492 0.463027 0.871270 0.986441 0.932525 0.642940 0.742338 0.733249 0.786234 0.679028 0.722422 0.951953
0.310460 0.320026 0.714536 0.750820 0.630256 0.806068 0.916217 0.892701 0.542680 0.612914 0.521451 0.466819 0.771127 0.535857 0.841349 0.917809 0.395414 0.339141 0.374985 0.000000 0.677368 0.848635 0.758258 0.718102 0.636810 0.711066 0.680304 0.983900 0.695186 0.652453 0.836391 0.809177 0.508548 0.604878 0.821130 0.949088 0.675688 0.795783 0.693358 0.888443 0.898154 0.750412 0.794071 0.643164 0.985977 0.820589 0.590467 0.539981 0.781046 0.728763 0.974114 0.932656 0.765010 0.575797 0.590705 0.559312 0.338534 0.336051 0.542987 0.558206 0.934580 0.806203 0.616641 0.559955 0.669921 0.969371 0.725556 0.886389 0.393673 0.478837 0.836822 0.716566 0.987258 0.924767 0.940056 0.958071 0.833304 0.910926 0.559155 0.528811 0.316578 0.333216 0.579996 0.353421 0.423790 0.458914 0.945943 0.684435 0.821656 0.430091 0.636018 0.721819 0.746937 0.701043 0.877001 0.738625 0.851110 0.840050 0.995080 0.942096 0.749409 0.728823 0.854393 0.641135 0.744702 0.632037 0.936919 0.975763 0.920883 0.645404 0.840749 0.907852 0.968703 0.837237 0.938631 0.830985
0.616803 0.641970 0.670416 0.684250 0.731469 0.867112 0.945965 0.998896 0.839617 0.775188 0.747743 0.719895 0.839098 0.794946 0.872028 0.941572 0.732841 0.733432 0.726003 0.677368 0.000000 0.958722 0.890857 0.884730 0.643166 0.688428 0.845009 0.889260 0.867803 0.895741 0.868340 0.636909 0.669970 0.757470 0.969181 0.913667 0.781096 0.769946 0.832328 0.780837 0.978607 0.808635 0.865498 0.738740 0.986018 0.914237 0.780369 0.671167 0.914500 0.841228 0.978282 0.926898 0.975536 0.777212 0.711646 0.850243 0.561451 0.624844 0.728081 0.653591 0.988461 0.988197 0.853792 0.824512 0.692858 0.914348 0.883078 0.971919 0.599666 0.780661 0.884574 0.897540 0.942364 0.945157 0.938006 0.964709 0.800735 0.897807 0.763637 0.642127 0.697063 0.690103 0.697252 0.735956 0.782969 0.712375 0.864564 0.929097 0.866461 0.719604 0.816687 0.865041 0.978643 0.926896 0.886340 0.876093 0.834985 0.882340 0.883439 0.853235 0.793927 0.853752 0.884471 0.738598 0.871729 0.738366 0.850201 0.964768 0.838144 0.779392 0.929670 0.913284 0.999026 0.625581 0.731045 0.795693
0.866609 0.900295 0.932102 0.924405 0.900487 0.905088 0.939748 0.857542 0.864355 0.890683 0.977438 0.901900 0.906207 0.944169 0.927586 0.932079 0.908070 0.924445 0.873507 0.848635 0.958722 0.000000 0.858227 0.955405 0.875014 0.898487 0.863138 0.966975 0.814782 0.990778 0.996480 0.969978 0.984883 0.886640 0.896353 0.858245 0.943455 0.981906 0.984167 0.866749 0.871342 0.934182 0.911394 0.944334 0.960525 0.969125 0.826119 0.893951 0.969733 0.996029 0.959672 0.974598 0.855248 0.813179 0.958216 0.962145 0.946909 0.979626 0.956754 0.932017 0.941512 0.937986 0.969308 0.983580 0.854571 0.983841 0.926736 0.946140 0.850093 0.997814 0.962001 0.933931 0.989903 0.933416 0.955475 0.950195 0.927930 0.837947 0.914932 0.907318 0.861158 0.885683 0.970117 0.967675 0.894141 0.888301 0.951877 0.877324 0.998428 0.881052 0.889650 0.943955 0.952966 0.939475 0.985297 0.892233 0.978305 0.948740 0.960475 0.868763 0.991976 0.911451 0.884230 0.938069 0.888280 0.928242 0.981535 0.929168 0.930690 0.858040 0.894909 0.931454 0.956317 0.991453 0.971867 0.993928
0.837439 0.807683 0.664045 0.843998 0.886995 0.983769 0.494036 0.664684 0.874744 0.804026 0.965438 0.627539 0.508456 0.761112 0.418603 0.686840 0.884518 0.864648 0.484089 0.758258 0.890857 0.858227 0.000000 0.777410 0.940963 0.978113 0.962047 0.711689 0.605539 0.699018 0.412485 0.554900 0.525664 0.529237 0.684506 0.962131 0.942664 0.856024 0.961417 0.951801 0.834157 0.982356 0.409106 0.451790 0.494551 0.439816 0.425347 0.488552 0.478526 0.480313 0.473392 0.419748 0.678737 0.739549 0.633551 0.604636 0.923231 0.884484 0.535327 0.670577 0.444186 0.644087 0.666709 0.678854 0.631935 0.849715 0.453263 0.486170 0.957824 0.988038 0.664373 0.796812 0.756393 0.829029 0.920939 0.912342 0.574578 0.849652 0.724910 0.657758 0.817042 0.911157 0.784657 0.903676 0.563095 0.724913 0.950812 0.905876 0.824863 0.723767 0.903928 0.789315 0.976328 0.877304 0.754766 0.889010 0.814430 0.848434 0.485429 0.521186 0.990466 0.805122 0.760946 0.790755 0.764074 0.606511 0.899975 0.951832 0.947064 0.770039 0.763609 0.749839 0.650833 0.806932 0.491710 0.934515
0.622909 0.630803 0.676381 0.570843 0.837743 0.881769 0.943056 0.882765 0.712549 0.663342 0.981486 0.738569 0.684998 0.575907 0.781683 0.743948 0.868843 0.746379 0.731608 0.718102 0.884730 0.955405 0.777410 0.000000 0.654871 0.669437 0.785419 0.870368 0.937540 0.911019 0.988797 0.777086 0.847889 0.837493 0.749281 0.961970 0.857342 0.847513 0.662791 0.837683 0.892511 0.894109 0.924181 0.990231 0.849617 0.940569 0.876027 0.850403 0.921904 0.997925 0.969252 0.932109 0.827995 0.796509 0.798050 0.776785 0.637764 0.639454 0.599230 0.576387 0.957720 0.971287 0.881247 0.929223 0.729183 0.660996 0.776181 0.837713 0.710990 0.658069 0.808008 0.801179 0.771403 0.757942 0.984700 0.776736 0.942885 0.767041 0.870254 0.788592 0.775667 0.681020 0.734631 0.633085 0.695530 0.427179 0.851650 0.780141 0.669385 0.531871 0.696570 0.684598 0.847050 0.726949 0.948322 0.991308 0.930346 0.826164 0.970916 0.991868 0.662054 0.818459 0.907810 0.880188 0.935534 0.984846 0.943902 0.882566 0.810497 0.835080 0.899620 0.857560 0.865510 0.969854 0.898087 0.793080
0.541479 0.480231 0.432770 0.513507 0.635064 0.900586 0.720559 0.847204 0.753016 0.516506 0.892511 0.846873 0.903617 0.830655 0.994220 0.989776 0.872614 0.819898 0.725788 0.636810 0.643166 0.875014 0.940963 0.654871 0.000000 0.295350 0.593087 0.855387 0.830133 0.870942 0.906470 0.780852 0.875903 0.963731 0.755365 0.895749 0.621922 0.747364 0.616196 0.886200 0.877649 0.726638 0.883633 0.869183 0.648580 0.797170 0.804589 0.818924 0.758288 0.849993 0.686627 0.775508 0.583363 0.464276 0.897011 0.904733 0.526936 0.537549 0.755770 0.531862 0.710987 0.895708 0.752138 0.865931 0.400291 0.668906 0.991506 0.866608 0.473408 0.627594 0.930913 0.857493 0.916952 0.905374 0.904746 0.947580 0.816804 0.969924 0.814643 0.714619 0.784788 0.578955 0.889053 0.594214 0.782367 0.511676 0.828964 0.967688 0.794590 0.540858 0.515042 0.762393 0.788754 0.917286 0.960780 0.958182 0.745957 0.860190 0.862570 0.998494 0.608689 0.774307 0.972323 0.902594 0.913790 0.772458 0.775423 0.972981 0.885772 0.799486 0.909060 0.763470 0.920432 0.876222 0.854574 0.867810
0.641726 0.546413 0.466816 0.497149 0.683633 0.973941 0.808312 0.942748 0.847787 0.626667 0.914369 0.888170 0.901285 0.817585 0.965866 0.967033 0.949099 0.891589 0.840658 0.711066 0.688428 0.898487 0.978113 0.669437 0.295350 0.000000 0.625648 0.847033 0.832562 0.903399 0.873135 0.812502 0.955036 0.950289 0.838375 0.884706 0.626563 0.655800 0.598243 0.998572 0.990540 0.625698 0.916196 0.933163 0.635446 0.746676 0.881805 0.919456 0.744772 0.820460 0.691163 0.774916 0.648019 0.551885 0.870238 0.910501 0.630252 0.592250 0.909493 0.631180 0.730828 0.995845 0.751155 0.854362 0.489101 0.660002 0.892691 0.826581 0.512421 0.640802 0.983009 0.906749 0.976556 0.968019 0.875340 0.995301 0.800913 0.998062 0.841736 0.731556 0.841161 0.675202 0.969266 0.652339 0.893471 0.624719 0.812346 0.980101 0.727301 0.638628 0.614229 0.854916 0.903675 0.994382 0.933079 0.960899 0.689731 0.909243 0.943784 0.952060 0.650034 0.876414 0.929029 0.944635 0.866951 0.824411 0.775832 0.956268 0.919672 0.817622 0.871167 0.823968 0.974914 0.824626 0.884838 0.897309
0.698365 0.646686 0.720753 0.704173 0.789570 0.956596 0.881957 0.974994 0.794031 0.721729 0.878787 0.805459 0.892751 0.886120 0.996219 0.921976 0.817319 0.841097 0.772360 0.680304 0.845009 0.863138 0.962047 0.785419 0.593087 0.625648 0.000000 0.714673 0.921531 0.987425 0.923679 0.952336 0.956927 0.902123 0.951123 0.949224 0.701597 0.862562 0.816068 0.853875 0.936451 0.857525 0.917096 0.842942 0.846896 0.952915 0.818459 0.806387 0.958609 0.986561 0.879103 0.986489 0.798792 0.729611 0.835912 0.823629 0.689835 0.673363 0.807723 0.695864 0.869087 0.897905 0.999767 0.912957 0.777817 0.888570 0.921875 0.975380 0.697652 0.724659 0.964948 0.951508 0.884136 0.997166 0.814473 0.964445 0.832573 0.992335 0.861253 0.858275 0.879880 0.720308 0.916580 0.690123 0.851421 0.672284 0.952415 0.874926 0.836709 0.635110 0.773626 0.992797 0.942197 0.910187 0.973155 0.807611 0.812295 0.780343 0.989272 0.993721 0.824984 0.891473 0.909357 0.837978 0.828378 0.786667 0.963709 0.968969 0.947149 0.796298 0.724363 0.927787 0.997950 0.981880 0.861682 0.944048
0.946354 0.903341 0.984549 0.946769 0.915710 0.751713 0.805157 0.878788 0.950120 0.826150 0.991849 0.931408 0.749109 0.785039 0.744681 0.746910 0.983737 0.957775 0.901207 0.983900 0.889260 0.966975 0.711689 0.870368 0.855387 0.847033 0.714673 0.000000 0.904937 0.875780 0.807480 0.807151 0.776884 0.863735 0.945703 0.980257 0.807348 0.796687 0.917646 0.819777 0.956295 0.715734 0.951794 0.962942 0.784473 0.783516 0.864366 0.863987 0.789515 0.745715 0.709438 0.688869 0.826649 0.794981 0.840762 0.866385 0.946799 0.924371 0.813463 0.916075 0.683655 0.887482 0.780865 0.914594 0.998604 0.970259 0.744921 0.766396 0.863514 0.795052 0.973869 0.951331 0.912256 0.885523 0.936165 0.993938 0.914400 0.982148 0.923493 0.894650 0.987215 0.887690 0.800808 0.969189 0.899739 0.959898 0.888825 0.925188 0.957319 0.924828 0.967722 0.964577 0.905791 0.833426 0.996224 0.930569 0.969341 0.886191 0.824849 0.868585 0.970795 0.926454 0.943251 0.941858 0.904051 0.984520 0.979923 0.863073 0.934226 0.940061 0.979331 0.954468 0.933149 0.944480 0.971622 0.963465
0.811517 0.792637 0.994570 0.974878 0.903200 0.909030 0.552832 0.779958 0.894363 0.726819 0.778524 0.543527 0.792631 0.715132 0.657108 0.915535 0.539306 0.593765 0.535557 0.695186 0.867803 0.814782 0.605539 0.937540 0.830133 0.832562 0.921531 0.904937 0.000000 0.348091 0.620592 0.680239 0.447988 0.353263 0.901380 0.910196 0.891521 0.904393 0.973226 0.976676 0.985177 0.954043 0.562520 0.465065 0.474875 0.418903 0.519081 0.444231 0.409583 0.443492 0.468603 0.519684 0.622850 0.718761 0.650903 0.564039 0.790133 0.783350 0.642100 0.881452 0.601397 0.762105 0.466113 0.426591 0.967145 0.841791 0.544876 0.593647 0.931729 0.915618 0.690806 0.819691 0.782167 0.703599 0.921293 0.869442 0.694408 0.741306 0.591124 0.669744 0.606076 0.897703 0.581307 0.891139 0.778969 0.992093 0.985622 0.881986 0.892011 0.876141 0.911860 0.886792 0.853431 0.899775 0.754854 0.764018 0.832657 0.884839 0.613618 0.618354 0.772714 0.875867 0.646029 0.693680 0.694012 0.532358 0.820603 0.842372 0.968478 0.770654 0.796551 0.592062 0.657831 0.684456 0.714118 0.914034
0.747641 0.738460 0.979813 0.891946 0.992647 0.965151 0.650893 0.755102 0.772246 0.868861 0.742089 0.481445 0.769436 0.443175 0.641639 0.739635 0.434341 0.507515 0.570978 0.652453 0.895741 0.990778 0.699018 0.911019 0.870942 0.903399 0.987425 0.875780 0.348091 0.000000 0.676697 0.731284 0.473283 0.406561 0.918156 0.806237 0.761097 0.856874 0.923940 0.870523 0.947388 0.947225 0.764959 0.581362 0.644008 0.554274 0.621187 0.504727 0.544651 0.534619 0.582541 0.565523 0.703760 0.785969 0.575294 0.503323 0.729063 0.687923 0.639931 0.880862 0.629784 0.764151 0.466677 0.389419 0.898749 0.962670 0.628081 0.637785 0.866587 0.828336 0.857103 0.920859 0.845388 0.807818 0.903140 0.830770 0.738022 0.882979 0.566889 0.554956 0.521261 0.809460 0.518185 0.741803 0.807170 0.868092 0.912768 0.813340 0.802567 0.839963 0.947458 0.928601 0.795064 0.797980 0.791433 0.801322 0.871809 0.883310 0.795586 0.756726 0.876956 0.997950 0.779674 0.716041 0.763430 0.639474 0.851767 0.871624 0.961799 0.836119 0.870764 0.590822 0.802037 0.816553 0.798046 0.885539
0.979936 0.856036 0.618686 0.765096 0.917281 0.867705 0.522700 0.635086 0.776428 0.618254 0.956707 0.719901 0.678765 0.872873 0.476021 0.645234 0.886079 0.999547 0.644017 0.836391 0.868340 0.996480 0.412485 0.988797 0.906470 0.873135 0.923679 0.807480 0.620592 0.676697 0.000000 0.534690 0.531474 0.505729 0.740815 0.972406 0.820932 0.942773 0.977497 0.975628 0.836883 0.938293 0.394811 0.435095 0.582585 0.512965 0.488626 0.521478 0.580588 0.558341 0.498925 0.471895 0.660805 0.727299 0.691548 0.707941 0.949371 0.920892 0.670272 0.769492 0.546894 0.529383 0.805789 0.735022 0.700567 0.891366 0.603881 0.574440 0.964819 0.945362 0.571083 0.664935 0.696106 0.710777 0.987231 0.790182 0.484356 0.652089 0.674510 0.749212 0.935038 0.900794 0.896689 0.949614 0.874691 0.938208 0.804321 0.840536 0.886498 0.902000 0.975673 0.774988 0.911586 0.935730 0.747679 0.861592 0.722593 0.910288 0.506040 0.522363 0.957875 0.783799 0.764005 0.876966 0.815437 0.647305 0.731023 0.825874 0.847172 0.845338 0.754152 0.712881 0.618860 0.849927 0.542005 0.798638
0.786361 0.773069 0.638951 0.743776 0.899406 0.984939 0.762159 0.850403 0.952347 0.832090 0.938601 0.680497 0.706575 0.754930 0.689245 0.762323 0.830113 0.813524 0.630079 0.809177 0.636909 0.969978 0.554900 0.777086 0.780852 0.812502 0.952336 0.807151 0.680239 0.731284 0.534690 0.000000 0.526589 0.609837 0.933342 0.947199 0.924729 0.915866 0.973361 0.852475 0.863435 0.908525 0.660436 0.590615 0.699779 0.605425 0.486681 0.535154 0.631505 0.648829 0.664130 0.611981 0.818200 0.958007 0.642604 0.635634 0.719878 0.757361 0.545571 0.630191 0.728846 0.746639 0.763907 0.768862 0.752551 0.939901 0.663301 0.666121 0.800443 0.913440 0.854078 0.804567 0.916645 0.887616 0.961810 0.961184 0.657735 0.880118 0.685105 0.611356 0.777314 0.892105 0.655544 0.869802 0.812770 0.811772 0.814895 0.909982 0.905098 0.733378 0.881717 0.966734 0.835101 0.881616 0.864597 0.915559 0.715894 0.782325 0.660784 0.694428 0.922535 0.920802 0.776690 0.743416 0.947236 0.640041 0.997897 0.906607 0.921803 0.845497 0.769120 0.886477 0.694209 0.756005 0.624429 0.964064
0.554302 0.593912 0.800054 0.798780 0.931409 0.844102 0.697199 0.818327 0.787870 0.931188 0.732742 0.450746 0.689842 0.585754 0.612959 0.921846 0.486122 0.484042 0.355969 0.508548 0.669970 0.984883 0.525664 0.847889 0.875903 0.955036 0.956927 0.776884 0.447988 0.473283 0.531474 0.526589 0.000000 0.375803 0.755773 0.978445 0.842170 0.953240 0.912628 0.911284 0.907635 0.861188 0.571373 0.407719 0.565278 0.429439 0.413450 0.353282 0.429878 0.402305 0.516623 0.493082 0.780065 0.916728 0.573908 0.449111 0.540126 0.555471 0.457994 0.601996 0.641411 0.858417 0.458416 0.431263 0.758162 0.931320 0.487564 0.606563 0.694628 0.787034 0.923164 0.968679 0.970339 0.892665 0.947658 0.912823 0.711635 0.794151 0.481393 0.537052 0.500113 0.706987 0.526285 0.614083 0.565957 0.674278 0.931746 0.848478 0.861448 0.621665 0.840368 0.966125 0.809728 0.751904 0.729159 0.789376 0.779104 0.842458 0.618200 0.585833 0.961475 0.915887 0.692592 0.596952 0.674316 0.551120 0.926815 0.925714 0.946021 0.725826 0.770867 0.703068 0.703455 0.621976 0.698185 0.964306
0.671736 0.626027 0.792792 0.773101 0.961547 0.944890 0.570257 0.648997 0.848882 0.810331 0.842693 0.462223 0.626445 0.573642 0.548835 0.774812 0.535211 0.536471 0.416388 0.604878 0.757470 0.886640 0.529237 0.837493 0.963731 0.950289 0.902123 0.863735 0.353263 0.406561 0.505729 0.609837 0.375803 0.000000 0.818636 0.817990 0.761220 0.908441 0.816472 0.936091 0.883848 0.816963 0.490774 0.356914 0.516878 0.420052 0.414836 0.370095 0.435907 0.416500 0.456351 0.428264 0.664977 0.764653 0.564741 0.444325 0.659035 0.653160 0.470213 0.701391 0.542823 0.673422 0.455649 0.406973 0.814281 0.982707 0.474695 0.536091 0.839041 0.830176 0.780029 0.888098 0.889798 0.782040 0.987777 0.879016 0.610156 0.701761 0.507850 0.580284 0.615240 0.867233 0.612977 0.753821 0.717901 0.755502 0.945894 0.914726 0.773369 0.705580 0.903893 0.989364 0.823978 0.736843 0.748775 0.723947 0.733283 0.795527 0.546822 0.539477 0.990339 0.937159 0.701868 0.663990 0.686793 0.504424 0.773323 0.977182 0.991414 0.702679 0.846356 0.680666 0.706339 0.658102 0.596164 0.895862
0.838481 0.800433 0.707890 0.763385 0.907289 0.853317 0.850627 0.869901 0.953079 0.982527 0.959170 0.829808 0.764614 0.846449 0.664172 0.908889 0.970475 0.942858 0.734704 0.821130 0.969181 0.896353 0.684506 0.749281 0.755365 0.838375 0.951123 0.945703 0.901380 0.918156 0.740815 0.933342 0.755773 0.818636 0.000000 0.938553 0.899439 0.834980 0.879730 0.864655 0.762255 0.914422 0.673667 0.700161 0.855118 0.820983 0.721861 0.725428 0.903034 0.806469 0.826485 0.845242 0.931627 0.989648 0.848161 0.777783 0.843578 0.835218 0.767049 0.713540 0.798289 0.808447 0.935723 0.918573 0.636242 0.797759 0.746932 0.793500 0.942037 0.965782 0.821998 0.964472 0.973788 0.898787 0.876314 0.986187 0.683982 0.803817 0.871146 0.859191 0.898544 0.908014 0.991013 0.881933 0.780438 0.762844 0.933731 0.952820 0.822799 0.782855 0.878800 0.940818 0.878879 0.781969 0.936350 0.897398 0.842376 0.919412 0.829424 0.729455 0.783367 0.917448 0.859061 0.837317 0.801964 0.909147 0.896590 0.940144 0.994574 0.875597 0.809707 0.860409 0.793430 0.902719 0.712667 0.989978
0.955654 0.962573 0.890522 0.919893 0.797469 0.932283 0.885822 0.956852 0.806063 0.987232 0.997762 0.997809 0.979224 0.816726 0.922423 0.997995 0.919432 0.914621 0.900428 0.949088 0.913667 0.858245 0.962131 0.961970 0.895749 0.884706 0.949224 0.980257 0.910196 0.806237 0.972406 0.947199 0.978445 0.817990 0.938553 0.000000 0.901240 0.984505 0.963427 0.961432 0.753897 0.914342 0.975003 0.921366 0.810848 0.867911 0.915333 0.846889 0.926235 0.862416 0.830908 0.873618 0.810732 0.766650 0.861631 0.802443 0.914761 0.954356 0.855321 0.960674 0.870552 0.912312 0.836096 0.889580 0.897905 0.983700 0.792187 0.749875 0.856599 0.989166 0.953366 0.995551 0.929120 0.982255 0.850637 0.917718 0.985174 0.996239 0.992909 0.999953 0.971884 0.941453 0.899312 0.930220 0.952807 0.861658 0.807562 0.815156 0.951652 0.834339 0.930077 0.908376 0.925441 0.956243 0.990385 0.783795 0.940870 0.734910 0.899266 0.781967 0.872440 0.894415 0.885600 0.731490 0.950301 0.944920 0.993138 0.974820 0.965038 0.922775 0.908308 0.772720 0.969196 0.996182 0.956035 0.868898
0.703095 0.611116 0.540434 0.504381 0.737278 0.974628 0.991135 0.940056 0.847027 0.754639 0.857938 0.812413 0.988543 0.785592 0.855765 0.925342 0.704906 0.755289 0.713287 0.675688 0.781096 0.943455 0.942664 0.857342 0.621922 0.626563 0.701597 0.807348 0.891521 0.761097 0.820932 0.924729 0.842170 0.761220 0.899439 0.901240 0.000000 0.765801 0.703779 0.815531 0.955045 0.824295 0.833463 0.773757 0.857731 0.954018 0.838598 0.766504 0.891233 0.974448 0.868667 0.949823 0.831815 0.765612 0.753872 0.803660 0.675395 0.655207 0.907044 0.905022 0.900196 0.994257 0.953309 0.915591 0.633661 0.799056 0.963008 0.971041 0.653042 0.717066 0.979425 0.807812 0.824284 0.888931 0.944062 0.869465 0.787621 0.924245 0.753403 0.760600 0.741124 0.745928 0.861328 0.761987 0.887905 0.726590 0.909434 0.971157 0.741615 0.771856 0.780310 0.877123 0.694554 0.921588 0.986642 0.978452 0.876928 0.798915 0.960516 0.903518 0.753600 0.862773 0.932538 0.742738 0.779061 0.703092 0.747011 0.832415 0.970507 0.920191 0.995263 0.978512 0.945414 0.881414 0.747833 0.984450
0.833134 0.756253 0.833709 0.719544 0.804954 0.915268 0.918606 0.902846 0.857937 0.799354 0.964211 0.855126 0.901962 0.816829 0.916931 0.910298 0.837122 0.837512 0.997134 0.795783 0.769946 0.981906 0.856024 0.847513 0.747364 0.655800 0.862562 0.796687 0.904393 0.856874 0.942773 0.915866 0.953240 0.908441 0.834980 0.984505 0.765801 0.000000 0.744505 0.997913 0.872864 0.647538 0.935687 0.992674 0.783467 0.798914 0.907827 0.907379 0.833954 0.800486 0.821019 0.768606 0.888943 0.812615 0.985158 0.988483 0.744489 0.737969 0.897713 0.964516 0.828336 0.916613 0.937226 0.946469 0.881159 0.779767 0.834075 0.800506 0.673343 0.672600 0.985842 0.954884 0.871451 0.883834 0.893564 0.901966 0.987560 0.932935 0.743051 0.829607 0.828848 0.742418 0.784506 0.822635 0.932986 0.912518 0.757972 0.967598 0.769333 0.858145 0.845468 0.779696 0.944611 0.965624 0.906945 0.854951 0.982718 0.872359 0.881656 0.873905 0.891364 0.829144 0.880654 0.903257 0.985976 0.879677 0.840118 0.711160 0.980812 0.913246 0.921690 0.791487 0.834562 0.780306 0.949918 0.839954
