0.000000 0.383572 0.547019 0.479008 0.753915 0.680045 0.371631 0.310936 0.601419 0.695411 0.358519 0.263944 0.345014 0.381502 0.607088 0.546727 0.393870 0.419685 0.398301 0.340750 0.921386 0.985848 0.593379 0.749007 0.978713 0.862396 0.929623 0.994866 0.367030 0.459449 0.709750 0.765854 0.329509 0.294424 0.520374 0.850063 0.714448 0.915837 0.894058 0.977947 0.826701 0.914866 0.575616 0.611066 0.603315 0.622289 0.431488 0.509207 0.891298 0.858889 0.801168 0.800644 0.924017 0.970564 0.728817 0.689210 0.407843 0.473667 0.294374 0.410881 0.296419 0.348923 0.303125 0.375673 0.538463 0.421069 0.397888 0.421854 0.643014 0.709434 0.529352 0.647361 0.831655 0.693326 0.846756 0.832887 0.545408 0.699180 0.664286 0.800872 0.390676 0.517767 0.616499 0.627029 0.414065 0.597192 0.862512 0.959574 0.674619 0.628167 0.658260 0.811380 0.711175 0.793240 0.728484 0.745980 0.647754 0.689393 0.453656 0.445212 0.599078 0.675912 0.565254 0.656603 0.477515 0.563184 0.973634 0.641808 0.658651 0.815254 0.828053 0.745603 0.680077 0.990077 0.768669 0.977244
0.383572 0.000000 0.782197 0.684084 0.913534 0.854752 0.644584 0.483091 0.817799 0.794701 0.705378 0.459500 0.690132 0.635358 0.841237 0.667689 0.332098 0.400695 0.605363 0.444596 0.943828 0.926670 0.778609 0.789375 0.937129 0.847566 0.971482 0.890079 0.459090 0.533487 0.772713 0.823996 0.473663 0.495353 0.742061 0.815944 0.773605 0.949148 0.966872 0.983204 0.760432 0.907270 0.619854 0.628983 0.537624 0.482152 0.538258 0.567256 0.680470 0.696182 0.603813 0.660805 0.886719 0.996720 0.658986 0.692139 0.283106 0.210409 0.508059 0.403358 0.537605 0.338402 0.553051 0.478662 0.704341 0.488093 0.592807 0.551029 0.467303 0.552280 0.720994 0.810283 0.770365 0.736870 0.686848 0.782481 0.715537 0.773700 0.638575 0.664915 0.360486 0.446492 0.553275 0.521645 0.581674 0.582854 0.931893 0.941746 0.781418 0.613715 0.845270 0.985785 0.869085 0.955544 0.624612 0.913323 0.523938 0.694653 0.558957 0.541213 0.828549 0.918101 0.657923 0.841882 0.578233 0.668652 0.880391 0.693283 0.655467 0.707877 0.692382 0.577173 0.771060 0.848310 0.672792 0.952208
0.547019 0.782197 0.000000 0.213769 0.835239 0.789156 0.248195 0.373495 0.474022 0.830774 0.565073 0.730028 0.421391 0.500418 0.426651 0.417809 0.851398 0.793356 0.363011 0.542295 0.722410 0.960588 0.287341 0.419756 0.532119 0.389816 0.909932 0.834672 0.646949 0.739700 0.330194 0.462881 0.382252 0.333508 0.413866 0.755512 0.479509 0.790656 0.892991 0.925078 0.821523 0.991260 0.468315 0.537438 0.558286 0.644692 0.551474 0.453262 0.974867 0.844144 0.686604 0.760844 0.705246 0.709748 0.535531 0.644263 0.916527 0.938396 0.576881 0.831152 0.449740 0.717981 0.629888 0.853363 0.256033 0.437030 0.336904 0.391307 0.759606 0.959209 0.478268 0.477237 0.691457 0.666972 0.883883 0.930932 0.544252 0.582554 0.755162 0.811953 0.772995 0.677411 0.599904 0.801526 0.358374 0.437726 0.778672 0.793876 0.666596 0.627609 0.547793 0.670729 0.643620 0.650704 0.635096 0.848484 0.703824 0.851475 0.626143 0.552159 0.682919 0.723928 0.705225 0.776111 0.589485 0.600148 0.853792 0.670338 0.694328 0.978687 0.866107 0.920061 0.843603 0.842947 0.869295 0.920080
0.479008 0.684084 0.213769 0.000000 0.893445 0.700346 0.214990 0.288254 0.501053 0.827465 0.486313 0.613510 0.398116 0.413702 0.476129 0.444445 0.762769 0.683230 0.278199 0.418339 0.787112 0.979917 0.298378 0.350554 0.569365 0.444216 0.919748 0.802101 0.602732 0.688383 0.342756 0.442334 0.299730 0.277617 0.407736 0.700109 0.551464 0.839428 0.878123 0.895412 0.787701 0.933187 0.441544 0.495041 0.535014 0.621119 0.478978 0.436775 0.971452 0.852872 0.681143 0.775734 0.713891 0.764436 0.565298 0.637995 0.795504 0.866276 0.533079 0.750482 0.426779 0.641424 0.570251 0.794694 0.300219 0.344598 0.284912 0.297542 0.770340 0.920676 0.439364 0.453983 0.660897 0.645284 0.744786 0.913982 0.532307 0.578839 0.697094 0.795836 0.712546 0.623859 0.558752 0.787002 0.343589 0.403509 0.779083 0.734837 0.623255 0.571801 0.526396 0.688580 0.633375 0.685843 0.674613 0.774804 0.683499 0.777677 0.560030 0.453784 0.619959 0.631277 0.668094 0.685073 0.552090 0.579324 0.913787 0.700306 0.661529 0.975066 0.812310 0.838349 0.806657 0.896848 0.824952 0.889338
0.753915 0.913534 0.835239 0.893445 0.000000 0.855246 0.789142 0.772045 0.668131 0.665496 0.818155 0.796886 0.718584 0.802227 0.701032 0.888024 0.810412 0.894424 0.836427 0.927897 0.994015 0.994176 0.821365 0.915069 0.936033 0.907200 0.927631 0.893542 0.796184 0.828963 0.941940 0.928454 0.805973 0.775523 0.679667 0.999283 0.892113 0.868876 0.946120 0.874330 0.946992 0.913489 0.829618 0.819972 0.893453 0.931141 0.901417 0.896784 0.969008 0.922938 0.895066 0.837631 0.893666 0.895293 0.981948 0.874361 0.889803 0.846494 0.631892 0.732990 0.688992 0.842538 0.633752 0.727255 0.786440 0.873619 0.737876 0.779375 0.930298 0.969168 0.786852 0.763282 0.939170 0.996569 0.907638 0.993049 0.855792 0.885974 0.969962 0.994643 0.820924 0.950807 0.905984 0.890214 0.813833 0.990932 0.958040 0.700298 0.720541 0.960943 0.732894 0.731705 0.757145 0.688284 0.986995 0.990491 0.814464 0.898770 0.702137 0.830943 0.954357 0.897043 0.684532 0.802742 0.823971 0.633251 0.878814 0.676825 0.826849 0.907069 0.848407 0.909891 0.800676 0.910524 0.878765 0.916888
0.680045 0.854752 0.789156 0.700346 0.855246 0.000000 0.615180 0.610343 0.735891 0.798646 0.656766 0.685231 0.726521 0.799847 0.884743 0.834261 0.802652 0.751489 0.615986 0.675857 0.867678 0.926501 0.854628 0.880927 0.926706 0.874637 0.989103 0.770579 0.774774 0.870570 0.898864 0.877633 0.700979 0.658033 0.775879 0.931591 0.880331 0.988719 0.935511 0.964141 0.912802 0.952785 0.628681 0.684664 0.693698 0.694203 0.666787 0.739441 0.909605 0.853644 0.856913 0.865389 0.888090 0.896178 0.827756 0.871797 0.770017 0.925406 0.707020 0.824761 0.693596 0.718002 0.774457 0.860209 0.791529 0.653783 0.638109 0.584301 0.936688 0.957680 0.778160 0.842416 0.851060 0.698147 0.997307 0.994873 0.729863 0.689626 0.832082 0.951220 0.779858 0.846333 0.949517 0.942346 0.811882 0.848022 0.933949 0.977026 0.872630 0.865059 0.681596 0.756434 0.752276 0.773575 0.919268 0.865667 0.840414 0.972080 0.648710 0.718794 0.799959 0.774018 0.686507 0.662919 0.808699 0.869816 0.995355 0.900913 0.986252 0.955570 0.909642 0.849590 0.879867 0.925629 0.900143 0.939534
0.371631 0.644584 0.248195 0.214990 0.789142 0.615180 0.000000 0.191117 0.413609 0.586185 0.389431 0.484414 0.335223 0.401338 0.462397 0.469806 0.658700 0.584460 0.261197 0.392583 0.825613 0.987028 0.397968 0.568716 0.796383 0.583598 0.973752 0.866823 0.457830 0.600532 0.481489 0.577822 0.309886 0.259647 0.389329 0.764866 0.608232 0.871058 0.985927 0.936189 0.782192 0.965684 0.362699 0.409856 0.431536 0.505967 0.434668 0.400554 0.861362 0.767460 0.620527 0.681181 0.641076 0.696382 0.592456 0.629901 0.727672 0.811896 0.373964 0.709978 0.376981 0.590799 0.469377 0.671446 0.355444 0.407598 0.237906 0.303187 0.779412 0.904170 0.352183 0.405134 0.613142 0.552253 0.848572 0.906116 0.406135 0.502590 0.672384 0.859871 0.634717 0.654584 0.632089 0.791675 0.407441 0.547724 0.813850 0.919405 0.718119 0.679912 0.386625 0.516011 0.490356 0.527397 0.665497 0.689817 0.605860 0.700920 0.379073 0.339628 0.507957 0.520901 0.513215 0.554068 0.456352 0.484965 0.886747 0.602582 0.642413 0.878481 0.788128 0.769469 0.694189 0.847533 0.787069 0.981564
0.310936 0.483091 0.373495 0.288254 0.772045 0.610343 0.191117 0.000000 0.501838 0.548504 0.359666 0.357424 0.357610 0.365515 0.575788 0.546331 0.514865 0.469201 0.257054 0.324445 0.943619 0.993072 0.496070 0.617753 0.903153 0.715392 0.910941 0.930571 0.358326 0.524076 0.545999 0.634346 0.284299 0.253844 0.430233 0.791855 0.694643 0.949360 0.979919 0.973163 0.756932 0.937372 0.379508 0.419647 0.444201 0.482722 0.415518 0.432861 0.794319 0.754039 0.644930 0.706200 0.712339 0.821610 0.640723 0.612709 0.536279 0.623098 0.341526 0.599380 0.350542 0.449537 0.385161 0.543961 0.457278 0.391072 0.285137 0.295106 0.717860 0.796543 0.415313 0.454592 0.645669 0.519948 0.802213 0.852344 0.454607 0.543402 0.652975 0.810327 0.530010 0.582866 0.595990 0.740644 0.437865 0.580331 0.812084 0.952148 0.715911 0.637196 0.463135 0.617079 0.542362 0.660559 0.690399 0.689162 0.539350 0.642984 0.360853 0.314597 0.515537 0.545587 0.476681 0.536456 0.434067 0.477278 0.955522 0.634329 0.621967 0.769819 0.680586 0.705496 0.643873 0.900948 0.757372 0.965500
0.601419 0.817799 0.474022 0.501053 0.668131 0.735891 0.413609 0.501838 0.000000 0.476760 0.625340 0.637133 0.578468 0.757025 0.560281 0.608869 0.707576 0.733044 0.671552 0.706570 0.805390 0.997072 0.620725 0.895595 0.913161 0.734801 0.964083 0.913058 0.561630 0.630327 0.759968 0.956874 0.618085 0.557858 0.579992 0.975696 0.704351 0.771292 0.859842 0.958816 0.911199 0.791220 0.611466 0.605441 0.580148 0.624058 0.705830 0.635676 0.886605 0.854180 0.658488 0.635077 0.593455 0.622535 0.711340 0.679914 0.995236 0.910558 0.448882 0.695597 0.503038 0.669773 0.613000 0.666911 0.504366 0.715451 0.500280 0.612738 0.826972 0.968325 0.438046 0.548668 0.685668 0.739468 0.934301 0.873472 0.446271 0.574384 0.736840 0.990645 0.688298 0.886105 0.858604 0.792685 0.696727 0.875192 0.965002 0.820353 0.740994 0.792583 0.468790 0.462443 0.507218 0.442891 0.780519 0.985270 0.583254 0.803309 0.492095 0.498070 0.695426 0.668087 0.600082 0.690072 0.542311 0.467105 0.720745 0.610865 0.729733 0.847348 0.775528 0.818615 0.645433 0.787866 0.770477 0.839659
0.695411 0.794701 0.830774 0.827465 0.665496 0.798646 0.586185 0.548504 0.476760 0.000000 0.655801 0.613356 0.775421 0.863891 0.758492 0.879485 0.589263 0.605365 0.764209 0.793658 0.877579 0.997833 0.996112 0.710638 0.686089 0.818306 0.869930 0.919621 0.513001 0.618603 0.916767 0.801480 0.854558 0.704643 0.710885 0.955944 0.984805 0.989463 0.898677 0.975873 0.824330 0.758169 0.662907 0.621709 0.590226 0.602173 0.849632 0.830783 0.751602 0.785729 0.645502 0.638270 0.655144 0.693364 0.967672 0.848890 0.814088 0.802447 0.511823 0.834019 0.738773 0.774744 0.627539 0.578372 0.947472 0.990638 0.646116 0.763906 0.898620 0.957534 0.469478 0.590881 0.748804 0.671829 0.955663 0.940731 0.489076 0.604741 0.781385 0.889051 0.695440 0.986220 0.989292 0.859858 0.985648 0.774517 0.975994 0.605838 0.977907 0.876134 0.423472 0.409174 0.425175 0.440974 0.839745 0.857106 0.611384 0.697161 0.394633 0.496836 0.610870 0.614199 0.386236 0.561535 0.578160 0.564243 0.868981 0.542673 0.769952 0.756833 0.700733 0.749466 0.554682 0.834487 0.775862 0.749821
0.358519 0.705378 0.565073 0.486313 0.818155 0.656766 0.389431 0.359666 0.625340 0.655801 0.000000 0.308275 0.288396 0.352805 0.704747 0.679006 0.566351 0.571333 0.367000 0.421559 0.961820 0.806625 0.674457 0.765914 0.857928 0.963771 0.885078 0.973700 0.432594 0.483839 0.780123 0.756607 0.436980 0.365559 0.603322 0.981118 0.916497 0.915315 0.922609 0.982085 0.916384 0.942948 0.736634 0.706389 0.773967 0.794558 0.585777 0.654727 0.976329 0.994735 0.982259 0.925370 0.958948 0.865014 0.803857 0.812768 0.683800 0.786879 0.435330 0.596742 0.351704 0.490975 0.289843 0.466464 0.616584 0.524150 0.492399 0.491113 0.909024 0.962899 0.641178 0.772913 0.973518 0.814464 0.877753 0.844229 0.678502 0.788976 0.787659 0.839886 0.537051 0.598725 0.877079 0.776254 0.545592 0.728869 0.874343 0.989476 0.763993 0.769141 0.755559 0.819238 0.823790 0.825569 0.857661 0.738503 0.877172 0.839252 0.593101 0.579321 0.557397 0.674951 0.656505 0.677962 0.577717 0.679094 0.996602 0.841963 0.777015 0.919413 0.905885 0.940144 0.787596 0.785890 0.876461 0.876634
0.263944 0.459500 0.730028 0.613510 0.796886 0.685231 0.484414 0.357424 0.637133 0.613356 0.308275 0.000000 0.395564 0.408148 0.727141 0.676966 0.344544 0.359674 0.503245 0.412051 0.991182 0.982750 0.777729 0.884636 0.742267 0.934586 0.892627 0.910335 0.315180 0.351783 0.893644 0.928045 0.438482 0.406452 0.671415 0.983293 0.919887 0.987522 0.907122 0.947259 0.849668 0.872397 0.739924 0.710872 0.654657 0.670541 0.605337 0.619828 0.883822 0.902762 0.919910 0.893951 0.971382 0.909053 0.838395 0.772274 0.445591 0.501952 0.344410 0.428191 0.323177 0.286848 0.261890 0.260052 0.710928 0.501552 0.518895 0.503248 0.755842 0.745615 0.670045 0.749654 0.934381 0.751210 0.838007 0.874870 0.638718 0.754498 0.657823 0.799147 0.372224 0.558559 0.762468 0.643961 0.613961 0.762302 0.882011 0.918540 0.766204 0.698857 0.723653 0.852800 0.782252 0.831731 0.815790 0.816485 0.715328 0.749614 0.489363 0.503756 0.630494 0.728028 0.580840 0.639367 0.534628 0.602028 0.982776 0.777651 0.679553 0.802892 0.755283 0.719832 0.743095 0.893544 0.769110 0.964819
0.345014 0.690132 0.421391 0.398116 0.718584 0.726521 0.335223 0.357610 0.578468 0.775421 0.288396 0.395564 0.000000 0.256433 0.444415 0.484029 0.667476 0.646014 0.360691 0.413826 0.773954 0.920968 0.404906 0.559938 0.953700 0.804515 0.950824 0.937764 0.493233 0.519041 0.613907 0.636401 0.323435 0.300054 0.523186 0.888520 0.790617 0.928509 0.963304 0.986536 0.843718 0.952732 0.648083 0.677061 0.826555 0.875423 0.563208 0.584900 0.793835 0.887825 0.980126 0.996797 0.989289 0.968738 0.746367 0.826493 0.700826 0.797570 0.373367 0.532684 0.245748 0.502818 0.271313 0.512221 0.417003 0.389202 0.419965 0.432748 0.856040 0.938868 0.580276 0.687380 0.909344 0.863104 0.847715 0.771670 0.687232 0.707032 0.842415 0.781006 0.592704 0.665305 0.679155 0.885965 0.346320 0.524645 0.729845 0.986022 0.656920 0.702915 0.728520 0.831810 0.866321 0.773556 0.840749 0.755486 0.870144 0.840139 0.616199 0.610712 0.606625 0.699615 0.712278 0.712651 0.567045 0.557770 0.923722 0.755973 0.726511 0.934942 0.986170 0.895625 0.846173 0.948520 0.824723 0.910568
0.381502 0.635358 0.500418 0.413702 0.802227 0.799847 0.401338 0.365515 0.757025 0.863891 0.352805 0.408148 0.256433 0.000000 0.501557 0.497486 0.725438 0.616690 0.339689 0.411324 0.873450 0.962589 0.403412 0.502169 0.941424 0.823210 0.953499 0.898365 0.544731 0.521662 0.563667 0.553772 0.267545 0.311669 0.539325 0.764746 0.724971 0.989428 0.846373 0.949925 0.846092 0.928143 0.713818 0.762269 0.864540 0.911715 0.657087 0.661758 0.754662 0.830968 0.956997 0.928421 0.939698 0.866264 0.884690 0.896243 0.602060 0.708618 0.440899 0.535121 0.301126 0.498389 0.310329 0.538785 0.476462 0.330179 0.433487 0.352116 0.985324 0.885698 0.665788 0.623178 0.989946 0.853435 0.761607 0.774647 0.781101 0.768690 0.771960 0.703588 0.629557 0.705488 0.583950 0.876039 0.347189 0.473879 0.714314 0.861323 0.629212 0.631801 0.774177 0.966647 0.866691 0.916040 0.875891 0.730505 0.891707 0.862966 0.672478 0.643071 0.567321 0.740896 0.772659 0.838486 0.584209 0.634418 0.952320 0.832681 0.720882 0.921723 0.881562 0.905116 0.951619 0.866515 0.859537 0.906182
0.607088 0.841237 0.426651 0.476129 0.701032 0.884743 0.462397 0.575788 0.560281 0.758492 0.704747 0.727141 0.444415 0.501557 0.000000 0.407855 0.868327 0.800218 0.618510 0.688389 0.635526 0.915871 0.341157 0.613728 0.741074 0.666419 0.827265 0.814399 0.700322 0.705164 0.531314 0.705022 0.472842 0.489842 0.526061 0.763584 0.537861 0.781475 0.892712 0.975440 0.767575 0.968314 0.687320 0.807779 0.755602 0.851413 0.763409 0.672496 0.788545 0.949265 0.804390 0.769873 0.751015 0.728334 0.823331 0.831487 0.890712 0.902959 0.502697 0.683380 0.423744 0.730562 0.556776 0.699352 0.385871 0.535292 0.458970 0.506429 0.875160 0.869870 0.515775 0.484176 0.823185 0.885281 0.914141 0.922740 0.689618 0.709660 0.752717 0.886349 0.802612 0.941045 0.579356 0.855914 0.404180 0.562926 0.652493 0.943822 0.734321 0.722393 0.625443 0.704541 0.726444 0.622103 0.741732 0.836116 0.813398 0.826665 0.646711 0.689882 0.807562 0.844647 0.716903 0.830479 0.601708 0.515616 0.692364 0.607717 0.691910 0.978143 0.855843 0.826393 0.978864 0.782425 0.791102 0.983594
0.546727 0.667689 0.417809 0.444445 0.888024 0.834261 0.469806 0.546331 0.608869 0.879485 0.679006 0.676966 0.484029 0.497486 0.407855 0.000000 0.751078 0.585718 0.557769 0.551675 0.588257 0.997164 0.350128 0.494444 0.609101 0.458524 0.844603 0.906713 0.554555 0.521775 0.417765 0.497512 0.391924 0.456246 0.543538 0.622152 0.426415 0.712226 0.999365 0.923820 0.831338 0.997420 0.700788 0.751533 0.704991 0.729776 0.681416 0.668048 0.879789 0.932896 0.760007 0.763413 0.802111 0.788285 0.704328 0.836552 0.754902 0.745067 0.629649 0.759814 0.469704 0.603125 0.595950 0.683449 0.412304 0.438064 0.487566 0.505179 0.814501 0.844344 0.568008 0.553460 0.791892 0.726416 0.760148 0.937407 0.715489 0.759562 0.603638 0.623489 0.550652 0.662601 0.573406 0.779991 0.384774 0.436560 0.795100 0.900946 0.734939 0.701406 0.633493 0.864055 0.718005 0.724819 0.657391 0.856581 0.680775 0.829889 0.687292 0.724461 0.756781 0.843253 0.792165 0.929242 0.605378 0.718057 0.830632 0.765853 0.755689 0.912435 0.879081 0.848805 0.963711 0.910434 0.852323 0.932845
0.393870 0.332098 0.851398 0.762769 0.810412 0.802652 0.658700 0.514865 0.707576 0.589263 0.566351 0.344544 0.667476 0.725438 0.868327 0.751078 0.000000 0.291400 0.684142 0.521018 0.999835 0.997884 0.908899 0.992920 0.864612 0.950352 0.934019 0.804715 0.357662 0.387111 0.924412 0.992228 0.593857 0.542528 0.771679 0.942228 0.850196 0.888933 0.966256 0.865485 0.759268 0.846957 0.749189 0.676245 0.588820 0.552361 0.662422 0.719291 0.721651 0.762614 0.726312 0.744221 0.898673 0.997941 0.810297 0.726467 0.376433 0.312080 0.506670 0.516231 0.555771 0.374953 0.456340 0.318785 0.841190 0.652900 0.623574 0.621217 0.589003 0.744607 0.680939 0.829182 0.878043 0.725415 0.854263 0.843322 0.689572 0.773131 0.692532 0.881620 0.290711 0.504023 0.777265 0.472346 0.745566 0.823473 0.995885 0.845519 0.872725 0.752479 0.765545 0.857099 0.765346 0.869273 0.604507 0.942340 0.581047 0.604343 0.542508 0.549469 0.736194 0.836040 0.573498 0.645770 0.533723 0.683788 0.958366 0.681096 0.777576 0.810893 0.748167 0.634186 0.705586 0.930501 0.708920 0.921941
0.419685 0.400695 0.793356 0.683230 0.894424 0.751489 0.584460 0.469201 0.733044 0.605365 0.571333 0.359674 0.646014 0.616690 0.800218 0.585718 0.291400 0.000000 0.615934 0.475619 0.938250 0.891001 0.822627 0.897104 0.975635 0.888912 0.974594 0.902636 0.352421 0.325473 0.791338 0.806114 0.515829 0.512204 0.714612 0.775497 0.722994 0.801807 0.961732 0.911056 0.829754 0.837866 0.730445 0.681442 0.554546 0.545950 0.674383 0.712133 0.828637 0.798417 0.723176 0.746327 0.864569 0.933596 0.795291 0.846273 0.367479 0.367755 0.581439 0.662587 0.574217 0.432289 0.476819 0.338678 0.794871 0.577302 0.545717 0.556340 0.612483 0.736373 0.623266 0.699610 0.808637 0.638899 0.879939 0.859388 0.676340 0.717829 0.559586 0.717115 0.250166 0.456718 0.644233 0.547926 0.719479 0.717651 0.970484 0.861939 0.847818 0.785479 0.658127 0.829412 0.635973 0.836246 0.739304 0.868655 0.552322 0.718664 0.527110 0.551469 0.629868 0.776024 0.544023 0.669193 0.502013 0.715538 0.991603 0.757480 0.761980 0.794625 0.801269 0.695825 0.789674 0.961468 0.772329 0.978290
0.398301 0.605363 0.363011 0.278199 0.836427 0.615986 0.261197 0.257054 0.671552 0.764209 0.367000 0.503245 0.360691 0.339689 0.618510 0.557769 0.684142 0.615934 0.000000 0.332025 0.921459 0.896870 0.430494 0.505363 0.829118 0.659305 0.977671 0.835020 0.527327 0.665783 0.480381 0.520699 0.278780 0.253341 0.439387 0.730319 0.668203 0.986183 0.872682 0.912839 0.765143 0.952264 0.450872 0.495824 0.572788 0.626343 0.453074 0.475927 0.939782 0.882653 0.785203 0.864954 0.843144 0.929017 0.640934 0.723394 0.609282 0.748136 0.492220 0.687082 0.438688 0.597115 0.475213 0.723121 0.462834 0.375855 0.327692 0.305476 0.816531 0.861616 0.500289 0.559209 0.750429 0.652419 0.750069 0.779234 0.580474 0.625215 0.760549 0.803374 0.663467 0.620253 0.648581 0.861369 0.404908 0.507220 0.789860 0.805314 0.662534 0.698758 0.573296 0.744658 0.683481 0.773613 0.799490 0.723243 0.736046 0.800224 0.491329 0.444429 0.557509 0.606529 0.620985 0.654893 0.566191 0.630454 0.982302 0.665093 0.702003 0.969107 0.884429 0.750320 0.719106 0.957941 0.923992 0.906981
0.340750 0.444596 0.542295 0.418339 0.927897 0.675857 0.392583 0.324445 0.706570 0.793658 0.421559 0.412051 0.413826 0.411324 0.688389 0.551675 0.521018 0.475619 0.332025 0.000000 0.872086 0.934738 0.598588 0.584711 0.884776 0.735525 0.959643 0.884163 0.390538 0.572659 0.631828 0.569963 0.323932 0.350671 0.646833 0.781238 0.723249 0.950870 0.920235 0.936485 0.799892 0.948078 0.533046 0.559964 0.595564 0.600552 0.479122 0.506997 0.856483 0.785160 0.778682 0.835727 0.918162 0.977033 0.670208 0.679204 0.483863 0.555377 0.490766 0.608459 0.473956 0.473791 0.464586 0.605240 0.566800 0.417258 0.477016 0.435045 0.643335 0.747056 0.588061 0.714892 0.745670 0.640253 0.773036 0.677855 0.606468 0.719244 0.685153 0.751073 0.490973 0.427867 0.576768 0.749599 0.450743 0.534400 0.752443 0.792537 0.778444 0.673597 0.695715 0.874482 0.790393 0.886729 0.715225 0.965665 0.713077 0.740975 0.544279 0.463955 0.648603 0.650581 0.556246 0.680146 0.504699 0.682230 0.972991 0.774481 0.719651 0.931485 0.904060 0.719050 0.741058 0.952618 0.808311 0.950178
0.921386 0.943828 0.722410 0.787112 0.994015 0.867678 0.825613 0.943619 0.805390 0.877579 0.961820 0.991182 0.773954 0.873450 0.635526 0.588257 0.999835 0.938250 0.921459 0.872086 0.000000 0.904306 0.637768 0.710002 0.680147 0.628812 0.782040 0.953106 0.996322 0.920719 0.732796 0.844631 0.769013 0.833183 0.874142 0.789782 0.604456 0.642473 0.976598 0.840688 0.776574 0.984683 0.890069 0.979746 0.919570 0.966273 0.868645 0.927136 0.841360 0.947752 0.926564 0.931215 0.914574 0.770532 0.835947 0.896434 0.996919 0.945937 0.865552 0.872451 0.783838 0.893018 0.921745 0.987214 0.627519 0.734945 0.759776 0.786799 0.815942 0.964044 0.762618 0.810133 0.957776 0.975795 0.963900 0.946516 0.924724 0.793980 0.979456 0.800226 0.890848 0.957638 0.740020 0.954104 0.705585 0.697140 0.676683 0.721427 0.843287 0.845816 0.868021 0.923652 0.964536 0.802840 0.821382 0.910555 0.910059 0.971415 0.911360 0.950847 0.984903 0.919915 0.991117 0.971000 0.898552 0.802345 0.842660 0.903246 0.946712 0.933654 0.871490 0.861285 0.840022 0.855332 0.851464 0.956431
0.985848 0.926670 0.960588 0.979917 0.994176 0.926501 0.987028 0.993072 0.997072 0.997833 0.806625 0.982750 0.920968 0.962589 0.915871 0.997164 0.997884 0.891001 0.896870 0.934738 0.904306 0.000000 0.956654 0.944761 0.868542 0.966081 0.775703 0.915090 0.970153 0.956405 0.940415 0.921068 0.968955 0.980974 0.947546 0.974965 0.918648 0.971442 0.980079 0.908055 0.829328 0.941684 0.952777 0.984683 0.895727 0.970811 0.962752 0.988223 0.980093 0.978337 0.803708 0.826508 0.914978 0.833074 0.960192 0.978190 0.899276 0.920091 0.988092 0.939560 0.988699 0.969656 0.962886 0.918281 0.987784 0.968376 0.990257 0.990015 0.802891 0.845982 0.912738 0.936717 0.907430 0.926717 0.908640 0.902024 0.909208 0.788625 0.905130 0.926479 0.948122 0.975797 0.736511 0.961687 0.994162 0.873665 0.967052 0.986103 0.853800 0.806759 0.951528 0.947978 0.928912 0.976737 0.836587 0.921505 0.899519 0.956358 0.929654 0.907808 0.975698 0.838948 0.894601 0.991976 0.808641 0.917021 0.920944 0.997929 0.961134 0.954362 0.819665 0.935700 0.953326 0.964106 0.829698 0.927396
0.593379 0.778609 0.287341 0.298378 0.821365 0.854628 0.397968 0.496070 0.620725 0.996112 0.674457 0.777729 0.404906 0.403412 0.341157 0.350128 0.908899 0.822627 0.430494 0.598588 0.637768 0.956654 0.000000 0.300054 0.486726 0.458161 0.815788 0.819083 0.798622 0.728400 0.281143 0.388027 0.331970 0.361428 0.461790 0.670315 0.495960 0.824992 0.890257 0.946272 0.828263 0.876924 0.615573 0.706737 0.813464 0.864615 0.654119 0.596999 0.708174 0.881884 0.866251 0.857460 0.852310 0.809866 0.688861 0.812594 0.875750 0.881238 0.647663 0.753505 0.420003 0.703060 0.590655 0.820361 0.263620 0.355972 0.419907 0.401789 0.831087 0.906246 0.551892 0.505149 0.843152 0.843154 0.770276 0.858058 0.752565 0.627742 0.811637 0.744759 0.778828 0.808749 0.536818 0.920618 0.274854 0.338349 0.765519 0.773298 0.589533 0.510770 0.698098 0.851818 0.792685 0.777536 0.733666 0.780098 0.802723 0.881440 0.745859 0.686381 0.773943 0.797163 0.904890 0.901614 0.669235 0.591588 0.898719 0.715208 0.833642 0.935014 0.909673 0.962525 0.990475 0.903600 0.854570 0.963984
0.749007 0.789375 0.419756 0.350554 0.915069 0.880927 0.568716 0.617753 0.895595 0.710638 0.765914 0.884636 0.559938 0.502169 0.613728 0.494444 0.992920 0.897104 0.505363 0.584711 0.710002 0.944761 0.300054 0.000000 0.406664 0.427698 0.793929 0.773916 0.921117 0.854776 0.320268 0.306574 0.436497 0.503256 0.660894 0.678684 0.626717 0.857542 0.826154 0.935262 0.941054 0.775742 0.720127 0.812581 0.892247 0.937239 0.700426 0.669427 0.760716 0.905401 0.955587 0.965272 0.971248 0.988284 0.650689 0.847727 0.868772 0.930247 0.897494 0.890625 0.604944 0.751572 0.782084 0.990301 0.404593 0.358916 0.600751 0.493661 0.843478 0.987855 0.800055 0.764336 0.935225 0.915354 0.706098 0.848390 0.965787 0.823432 0.810694 0.676042 0.849858 0.670969 0.517246 0.921625 0.354963 0.273343 0.763791 0.519235 0.626899 0.527749 0.956578 0.872617 0.945378 0.896298 0.759721 0.871206 0.921433 0.994096 0.981919 0.847099 0.923012 0.969863 0.900709 0.958456 0.814961 0.853345 0.942632 0.942705 0.891388 0.869615 0.987650 0.996250 0.879186 0.996736 0.907144 0.835354
0.978713 0.937129 0.532119 0.569365 0.936033 0.926706 0.796383 0.903153 0.913161 0.686089 0.857928 0.742267 0.953700 0.941424 0.741074 0.609101 0.864612 0.975635 0.829118 0.884776 0.680147 0.868542 0.486726 0.406664 0.000000 0.309610 0.708981 0.878445 0.857037 0.992118 0.369561 0.477260 0.721448 0.787859 0.734582 0.657041 0.485591 0.657147 0.776166 0.989430 0.930289 0.875951 0.865535 0.951836 0.909408 0.960146 0.855117 0.858613 0.873555 0.989693 0.793687 0.954772 0.933825 0.843555 0.660445 0.855248 0.937145 0.987022 0.828003 0.848281 0.948832 0.962782 0.897977 0.814319 0.520369 0.667019 0.776530 0.757414 0.727064 0.967031 0.824301 0.829620 0.899504 0.982923 0.881666 0.971433 0.960014 0.832997 0.923696 0.806175 0.930593 0.741124 0.574242 0.868627 0.584228 0.426971 0.966397 0.650691 0.712581 0.590774 0.988339 0.878032 0.974801 0.904199 0.740646 0.927891 0.802540 0.974492 0.914942 0.984562 0.847116 0.868591 0.861188 0.811359 0.959538 0.989781 0.901153 0.984484 0.996638 0.949726 0.945918 0.920777 0.775198 0.890661 0.971739 0.767827
0.862396 0.847566 0.389816 0.444216 0.907200 0.874637 0.583598 0.715392 0.734801 0.818306 0.963771 0.934586 0.804515 0.823210 0.666419 0.458524 0.950352 0.888912 0.659305 0.735525 0.628812 0.966081 0.458161 0.427698 0.309610 0.000000 0.842542 0.864785 0.928714 0.927185 0.350509 0.422377 0.605779 0.678029 0.715577 0.567921 0.417744 0.676406 0.933988 0.974239 0.892786 0.947642 0.627015 0.739671 0.670583 0.694010 0.697379 0.646706 0.920378 0.792814 0.648914 0.771509 0.731743 0.697471 0.492078 0.811492 0.990789 0.973589 0.971803 0.931654 0.800794 0.915512 0.969992 0.853192 0.424569 0.575745 0.623455 0.633011 0.744996 0.985858 0.731872 0.698356 0.694147 0.781873 0.933850 0.995115 0.775200 0.756922 0.785068 0.790100 0.869712 0.701559 0.608160 0.840466 0.532570 0.436732 0.884042 0.701472 0.742639 0.689925 0.768384 0.916832 0.800496 0.862335 0.709348 0.908643 0.707726 0.920742 0.891666 0.850139 0.941335 0.951326 0.995529 0.972262 0.851720 0.881461 0.854234 0.878112 0.871540 0.987557 0.958337 0.961090 0.941642 0.821893 0.962097 0.874382
0.929623 0.971482 0.909932 0.919748 0.927631 0.989103 0.973752 0.910941 0.964083 0.869930 0.885078 0.892627 0.950824 0.953499 0.827265 0.844603 0.934019 0.974594 0.977671 0.959643 0.782040 0.775703 0.815788 0.793929 0.708981 0.842542 0.000000 0.822829 0.820851 0.961059 0.826832 0.896609 0.925912 0.965223 0.986611 0.792132 0.827457 0.865302 0.851797 0.953065 0.761314 0.986698 0.925178 0.915218 0.900580 0.819538 0.902187 0.850527 0.737897 0.831208 0.935626 0.940375 0.852010 0.928875 0.986812 0.908069 0.980353 0.993219 0.955019 0.987022 0.975552 0.945728 0.976984 0.982669 0.847349 0.815913 0.908234 0.866761 0.950960 0.946060 0.999580 0.958363 0.805445 0.850738 0.925581 0.939372 0.987616 0.901480 0.970037 0.981140 0.952104 0.990084 0.823975 0.809451 0.843703 0.754618 0.945849 0.974447 0.776182 0.844694 0.944161 0.907972 0.951129 0.972344 0.797129 0.970198 0.972348 0.871194 0.992439 0.970876 0.835041 0.849724 0.965398 0.934028 0.984898 0.954189 0.964414 0.932920 0.936842 0.824206 0.903116 0.971744 0.821120 0.857206 0.854668 0.886359
0.994866 0.890079 0.834672 0.802101 0.893542 0.770579 0.866823 0.930571 0.913058 0.919621 0.973700 0.910335 0.937764 0.898365 0.814399 0.906713 0.804715 0.902636 0.835020 0.884163 0.953106 0.915090 0.819083 0.773916 0.878445 0.864785 0.822829 0.000000 0.887507 0.827497 0.759435 0.858081 0.857130 0.942163 0.859489 0.931839 0.862681 0.965000 0.912065 0.947509 0.982360 0.861239 0.888726 0.910357 0.986621 0.953695 0.946086 0.978058 0.842857 0.910677 0.998944 0.968889 0.996885 0.937515 0.955465 0.904908 0.936974 0.808485 0.972117 0.903012 0.986106 0.859391 0.936605 0.783480 0.861501 0.852725 0.833984 0.810355 0.916235 0.891713 0.950664 0.842349 0.920389 0.950815 0.989384 0.878203 0.977093 0.990350 0.952100 0.961821 0.869730 0.937706 0.991682 0.785233 0.861772 0.814472 0.995842 0.891712 0.985199 0.901303 0.840077 0.858190 0.890755 0.911823 0.897530 0.855981 0.937032 0.990116 0.992184 0.954287 0.972119 0.858621 0.961646 0.951599 0.937245 0.989220 0.955763 0.993422 0.936642 0.732407 0.934045 0.926691 0.994567 0.883473 0.852493 0.916070
0.367030 0.459090 0.646949 0.602732 0.796184 0.774774 0.457830 0.358326 0.561630 0.513001 0.432594 0.315180 0.493233 0.544731 0.700322 0.554555 0.357662 0.352421 0.527327 0.390538 0.996322 0.970153 0.798622 0.921117 0.857037 0.928714 0.820851 0.887507 0.000000 0.382627 0.822640 0.895421 0.475142 0.468650 0.658667 0.996586 0.800471 0.959851 0.915472 0.941567 0.827685 0.871085 0.633606 0.598474 0.528089 0.492578 0.618128 0.565319 0.687666 0.678379 0.719802 0.716966 0.787945 0.902205 0.754400 0.647142 0.497190 0.508287 0.406432 0.565727 0.437833 0.385948 0.403020 0.388361 0.703890 0.603559 0.547678 0.582154 0.715381 0.730346 0.594498 0.679875 0.707452 0.590427 0.846641 0.771052 0.589687 0.751527 0.585351 0.828543 0.401309 0.520311 0.723401 0.585159 0.629945 0.797146 0.788378 0.894213 0.853524 0.865772 0.625089 0.766142 0.712371 0.760779 0.723917 0.908964 0.543172 0.793735 0.480922 0.493433 0.583216 0.754447 0.503356 0.676079 0.472076 0.639570 0.890298 0.712878 0.568315 0.701087 0.715631 0.721874 0.626094 0.879281 0.808518 0.937177
0.459449 0.533487 0.739700 0.688383 0.828963 0.870570 0.600532 0.524076 0.630327 0.618603 0.483839 0.351783 0.519041 0.521662 0.705164 0.521775 0.387111 0.325473 0.665783 0.572659 0.920719 0.956405 0.728400 0.854776 0.992118 0.927185 0.961059 0.827497 0.382627 0.000000 0.819461 0.874607 0.542455 0.508914 0.760091 0.958327 0.775628 0.815255 0.981955 0.841556 0.907462 0.875794 0.927079 0.848144 0.768631 0.770250 0.826492 0.805826 0.990302 0.988444 0.890738 0.911350 0.984303 0.947410 0.897928 0.908985 0.538509 0.508588 0.573831 0.615491 0.463957 0.388645 0.350659 0.272928 0.726731 0.578046 0.642371 0.613083 0.761241 0.933330 0.696908 0.829838 0.985155 0.866113 0.848751 0.982189 0.745000 0.760164 0.643038 0.689355 0.294874 0.528940 0.683549 0.527894 0.641790 0.699704 0.978486 0.879392 0.781413 0.715518 0.778659 0.947543 0.789178 0.886643 0.759865 0.867117 0.695740 0.838015 0.652235 0.712887 0.707780 0.917509 0.720171 0.872187 0.596099 0.748595 0.991022 0.862045 0.858729 0.808410 0.793128 0.762105 0.934213 0.946858 0.767963 0.991674
0.709750 0.772713 0.330194 0.342756 0.941940 0.898864 0.481489 0.545999 0.759968 0.916767 0.780123 0.893644 0.613907 0.563667 0.531314 0.417765 0.924412 0.791338 0.480381 0.631828 0.732796 0.940415 0.281143 0.320268 0.369561 0.350509 0.826832 0.759435 0.822640 0.819461 0.000000 0.319225 0.396755 0.494095 0.507317 0.698792 0.469320 0.754565 0.925510 0.930983 0.808452 0.977889 0.647439 0.717124 0.741185 0.782693 0.733638 0.695918 0.843725 0.990525 0.845159 0.925460 0.887476 0.887884 0.683551 0.802774 0.806221 0.823206 0.823864 0.934909 0.588888 0.772972 0.773535 0.944898 0.377716 0.454257 0.516536 0.495048 0.742864 0.849040 0.652446 0.533613 0.740368 0.732834 0.795693 0.901757 0.855770 0.765032 0.747011 0.653741 0.804584 0.700455 0.555516 0.872612 0.398790 0.382374 0.795734 0.753086 0.701993 0.574009 0.754939 0.945983 0.806367 0.916656 0.669702 0.848602 0.700477 0.839602 0.872962 0.748220 0.829793 0.804231 0.958429 0.991683 0.672021 0.722288 0.932877 0.814766 0.868228 0.989567 0.914427 0.975705 0.951713 0.929094 0.906105 0.876701
0.765854 0.823996 0.462881 0.442334 0.928454 0.877633 0.577822 0.634346 0.956874 0.801480 0.756607 0.928045 0.636401 0.553772 0.705022 0.497512 0.992228 0.806114 0.520699 0.569963 0.844631 0.921068 0.388027 0.306574 0.477260 0.422377 0.896609 0.858081 0.895421 0.874607 0.319225 0.000000 0.476640 0.543164 0.693495 0.658206 0.630533 0.953378 0.784523 0.891268 0.976018 0.815916 0.708968 0.721015 0.862703 0.861743 0.744404 0.713067 0.830435 0.959308 0.934500 0.975082 0.977608 0.994073 0.717070 0.978812 0.824423 0.897148 0.948370 0.962708 0.706401 0.851027 0.832989 0.965476 0.501645 0.474536 0.628121 0.550748 0.872428 0.988140 0.840764 0.732747 0.788635 0.772619 0.836541 0.795006 0.999206 0.801971 0.810997 0.642725 0.838716 0.677476 0.627650 0.964505 0.473685 0.387943 0.815455 0.682932 0.852574 0.737935 0.885992 0.919048 0.933228 0.964780 0.768849 0.858738 0.943081 0.965279 0.956177 0.858679 0.798616 0.811410 0.991721 0.989392 0.816874 0.927620 0.951861 0.988803 0.930676 0.905393 0.941745 0.930789 0.897611 0.966870 0.916458 0.829592
0.329509 0.473663 0.382252 0.299730 0.805973 0.700979 0.309886 0.284299 0.618085 0.854558 0.436980 0.438482 0.323435 0.267545 0.472842 0.391924 0.593857 0.515829 0.278780 0.323932 0.769013 0.968955 0.331970 0.436497 0.721448 0.605779 0.925912 0.857130 0.475142 0.542455 0.396755 0.476640 0.000000 0.258774 0.455985 0.703516 0.546217 0.844953 0.879358 0.981826 0.783599 0.948715 0.547572 0.607915 0.632074 0.673554 0.504108 0.531460 0.928597 0.980712 0.833985 0.879391 0.925904 0.991286 0.728011 0.703421 0.521731 0.567634 0.433986 0.540237 0.288766 0.433455 0.364491 0.548681 0.329670 0.260514 0.321764 0.283813 0.746557 0.760568 0.535872 0.530836 0.792135 0.719712 0.714210 0.791222 0.630061 0.652471 0.651111 0.692279 0.508616 0.550360 0.513122 0.736903 0.275556 0.357550 0.796565 0.833472 0.637827 0.546263 0.659772 0.892425 0.747195 0.855961 0.743655 0.725103 0.689620 0.748847 0.546656 0.506288 0.668618 0.687478 0.695011 0.770877 0.500079 0.562814 0.933045 0.717405 0.695960 0.901796 0.833993 0.774796 0.822235 0.935711 0.855048 0.893597
0.294424 0.495353 0.333508 0.277617 0.775523 0.658033 0.259647 0.253844 0.557858 0.704643 0.365559 0.406452 0.300054 0.311669 0.489842 0.456246 0.542528 0.512204 0.253341 0.350671 0.833183 0.980974 0.361428 0.503256 0.787859 0.678029 0.965223 0.942163 0.468650 0.508914 0.494095 0.543164 0.258774 0.000000 0.411398 0.779018 0.601809 0.879619 0.840901 0.951345 0.799270 0.992558 0.481195 0.498323 0.574891 0.617532 0.446442 0.469042 0.980710 0.892886 0.743654 0.773358 0.829819 0.879124 0.655293 0.758351 0.558199 0.629053 0.400187 0.549721 0.312294 0.474019 0.364617 0.530689 0.382839 0.305396 0.285648 0.258726 0.667331 0.846792 0.441304 0.525339 0.800241 0.677933 0.767431 0.771808 0.591734 0.547725 0.691489 0.736636 0.508929 0.551262 0.514726 0.715810 0.340852 0.433698 0.796111 0.867260 0.548434 0.584299 0.571417 0.746312 0.649042 0.733826 0.714200 0.777213 0.686443 0.804830 0.449587 0.438759 0.591236 0.648140 0.566587 0.610014 0.467992 0.541028 0.956485 0.611075 0.657242 0.880904 0.798492 0.721864 0.765996 0.964504 0.761594 0.906708
0.520374 0.742061 0.413866 0.407736 0.679667 0.775879 0.389329 0.430233 0.579992 0.710885 0.603322 0.671415 0.523186 0.539325 0.526061 0.543538 0.771679 0.714612 0.439387 0.646833 0.874142 0.947546 0.461790 0.660894 0.734582 0.715577 0.986611 0.859489 0.658667 0.760091 0.507317 0.693495 0.455985 0.411398 0.000000 0.785943 0.629634 0.796621 0.926825 0.971304 0.800416 0.798789 0.521690 0.593862 0.586829 0.669454 0.536252 0.561289 0.995827 0.875631 0.682822 0.729272 0.678261 0.749655 0.654086 0.685389 0.810064 0.844706 0.532278 0.752699 0.496104 0.716849 0.610819 0.731364 0.409487 0.497070 0.321304 0.421268 0.833893 0.899373 0.438260 0.508293 0.730542 0.699596 0.980443 0.889599 0.604463 0.591585 0.754159 0.902885 0.710556 0.752763 0.694515 0.844056 0.476346 0.576192 0.803412 0.999365 0.666503 0.699876 0.458220 0.637399 0.558467 0.566956 0.709558 0.693812 0.619823 0.685577 0.533385 0.526860 0.653326 0.671365 0.627105 0.719172 0.635572 0.495400 0.963799 0.567439 0.607729 0.797215 0.745801 0.855279 0.776485 0.871816 0.881403 0.887376
0.850063 0.815944 0.755512 0.700109 0.999283 0.931591 0.764866 0.791855 0.975696 0.955944 0.981118 0.983293 0.888520 0.764746 0.763584 0.622152 0.942228 0.775497 0.730319 0.781238 0.789782 0.974965 0.670315 0.678684 0.657041 0.567921 0.792132 0.931839 0.996586 0.958327 0.698792 0.658206 0.703516 0.779018 0.785943 0.000000 0.509812 0.772729 0.887554 0.916165 0.740403 0.963243 0.720505 0.852007 0.770540 0.849758 0.794703 0.805775 0.954761 0.919908 0.699666 0.771142 0.792833 0.748415 0.792690 0.923183 0.847726 0.856501 0.942613 0.950935 0.922166 0.950565 0.945160 0.996070 0.721118 0.671943 0.644375 0.617576 0.967101 0.833520 0.710108 0.656095 0.842206 0.843083 0.976161 0.967447 0.729923 0.888507 0.921908 0.981426 0.829172 0.892297 0.656615 0.966852 0.676843 0.625624 0.970105 0.879486 0.847258 0.784289 0.730509 0.878967 0.703647 0.820913 0.854874 0.738843 0.844318 0.694073 0.797612 0.842061 0.819155 0.849590 0.806321 0.884819 0.831384 0.925032 0.929716 0.783532 0.855723 0.941338 0.909451 0.835281 0.978445 0.953504 0.893381 0.950177
0.714448 0.773605 0.479509 0.551464 0.892113 0.880331 0.608232 0.694643 0.704351 0.984805 0.916497 0.919887 0.790617 0.724971 0.537861 0.426415 0.850196 0.722994 0.668203 0.723249 0.604456 0.918648 0.495960 0.626717 0.485591 0.417744 0.827457 0.862681 0.800471 0.775628 0.469320 0.630533 0.546217 0.601809 0.629634 0.509812 0.000000 0.577557 0.815755 0.921902 0.697400 0.952076 0.713039 0.803678 0.708297 0.756114 0.695384 0.723117 0.957040 0.857601 0.678202 0.730880 0.747345 0.723326 0.724745 0.757689 0.840827 0.788982 0.793001 0.921909 0.717742 0.841402 0.814558 0.886546 0.497120 0.602502 0.541059 0.520943 0.830622 0.869596 0.606869 0.543823 0.763301 0.773348 0.987037 0.960132 0.719775 0.799503 0.679007 0.861670 0.727318 0.804457 0.580275 0.779407 0.538628 0.535856 0.921219 0.900611 0.710272 0.622639 0.659490 0.791260 0.631814 0.766147 0.723817 0.917990 0.661236 0.820263 0.717427 0.739441 0.866438 0.910224 0.799987 0.963246 0.612244 0.780528 0.801822 0.620214 0.847345 0.970184 0.852664 0.783152 0.970874 0.827703 0.956989 0.904202
0.915837 0.949148 0.790656 0.839428 0.868876 0.988719 0.871058 0.949360 0.771292 0.989463 0.915315 0.987522 0.928509 0.989428 0.781475 0.712226 0.888933 0.801807 0.986183 0.950870 0.642473 0.971442 0.824992 0.857542 0.657147 0.676406 0.865302 0.965000 0.959851 0.815255 0.754565 0.953378 0.844953 0.879619 0.796621 0.772729 0.577557 0.000000 0.981300 0.880344 0.927788 0.903690 0.927596 0.974930 0.840013 0.907495 0.952344 0.969727 0.910668 0.989470 0.909319 0.923398 0.897304 0.878860 0.830332 0.954102 0.970246 0.907509 0.953283 0.954139 0.912387 0.969912 0.939204 0.880288 0.796818 0.871246 0.766162 0.839221 0.943295 0.961502 0.776846 0.818200 0.910217 0.982498 0.931186 0.827786 0.962272 0.985496 0.985634 0.962982 0.827347 0.889419 0.774671 0.812200 0.872135 0.822597 0.995920 0.899121 0.893800 0.963692 0.781068 0.885786 0.731106 0.825906 0.929164 0.945458 0.734213 0.915568 0.934664 0.987493 0.924849 0.998954 0.985193 0.981420 0.888060 0.927891 0.779058 0.850878 0.858051 0.953892 0.969224 0.882396 0.962140 0.732939 0.874505 0.858882
