0.000000 0.197647 0.395901 0.409675 0.734642 0.720341 0.319149 0.380102 0.719875 0.756652 0.479923 0.368094 0.287537 0.385852 0.568046 0.552816 0.460000 0.422993 0.305170 0.319400 0.518642 0.904238 0.565556 0.554177 0.545628 0.602240 0.841808 0.789119 0.753032 0.772262 0.730327 0.929070 0.315283 0.295702 0.420191 0.731746 0.350350 0.546473 0.567286 0.633314 0.655962 0.916636 0.660892 0.607764 0.735469 0.666394 0.402572 0.415711 0.766926 0.545396 0.668702 0.588190 0.943862 0.789742 0.339241 0.507469 0.315235 0.223245 0.268088 0.323599 0.236293 0.387932 0.394044 0.426551 0.440349 0.331596 0.286818 0.372273 0.273730 0.292507 0.649546 0.899611 0.668229 0.692858 0.724037 0.874121 0.602285 0.876691 0.593914 0.588131 0.322820 0.290786 0.443980 0.408358 0.326820 0.337179 0.592241 0.704060 0.459099 0.450371 0.828885 0.773953 0.979630 0.966324 0.663092 0.971246 0.467178 0.933305 0.890643 0.929709 0.636151 0.853980 0.921451 0.843230 0.591259 0.506371 0.891509 0.961989 0.891907 0.639081 0.927167 0.763487 0.882154 0.928661 0.722179 0.966869
0.197647 0.000000 0.423426 0.385426 0.746597 0.718816 0.306584 0.285098 0.742448 0.832472 0.500952 0.303894 0.304197 0.340350 0.572109 0.534613 0.386207 0.354563 0.257279 0.254304 0.565793 0.893070 0.518952 0.533023 0.618755 0.721405 0.838785 0.845384 0.636862 0.657026 0.723910 0.827442 0.287963 0.289690 0.491983 0.761714 0.386823 0.541988 0.604253 0.649600 0.669374 0.833329 0.507224 0.496101 0.665171 0.604105 0.335720 0.354074 0.696321 0.494701 0.609681 0.521103 0.905110 0.863951 0.401027 0.517003 0.261892 0.172259 0.274944 0.317482 0.255598 0.360775 0.331529 0.337959 0.506397 0.359620 0.274934 0.333692 0.361126 0.345253 0.523815 0.763365 0.653562 0.684426 0.763964 0.757552 0.468616 0.726305 0.437839 0.531248 0.269889 0.283800 0.454425 0.466910 0.376631 0.378860 0.638002 0.706050 0.528226 0.484080 0.928378 0.904637 0.882043 0.992419 0.650526 0.883550 0.408796 0.894318 0.767617 0.782999 0.735999 0.908799 0.801611 0.779840 0.526211 0.452308 0.874222 0.820085 0.890085 0.599984 0.833295 0.689215 0.801198 0.889019 0.600437 0.934057
0.395901 0.423426 0.000000 0.216144 0.656198 0.802088 0.351992 0.566478 0.655579 0.555914 0.861812 0.676063 0.282563 0.590133 0.404097 0.437591 0.788135 0.791523 0.524302 0.537047 0.546311 0.816535 0.320816 0.307112 0.282719 0.319003 0.541664 0.715201 0.833817 0.803908 0.684613 0.864954 0.497297 0.640809 0.356694 0.881825 0.317778 0.515289 0.393844 0.681840 0.678782 0.957226 0.924108 0.913504 0.961210 0.998711 0.623659 0.605127 0.908736 0.734291 0.946953 0.733303 0.993479 0.751816 0.296478 0.512715 0.625331 0.441702 0.468195 0.438556 0.344980 0.422263 0.783859 0.793021 0.173926 0.201040 0.332048 0.425773 0.329802 0.438040 0.683708 0.898986 0.701677 0.793576 0.889941 0.909976 0.718394 0.903888 0.693908 0.843304 0.651979 0.465460 0.601253 0.457286 0.199236 0.219337 0.519218 0.611461 0.288485 0.314080 0.856007 0.862289 0.858216 0.889212 0.639310 0.992369 0.585606 0.899029 0.846901 0.880517 0.586531 0.806984 0.762667 0.748091 0.597118 0.568435 0.882860 0.949591 0.868259 0.782834 0.997735 0.983233 0.928304 0.875534 0.744997 0.875689
0.409675 0.385426 0.216144 0.000000 0.642352 0.798418 0.374126 0.449612 0.733026 0.574658 0.948658 0.589565 0.292922 0.488878 0.369031 0.377364 0.801579 0.735037 0.476037 0.492198 0.580696 0.895471 0.247429 0.231615 0.308607 0.411625 0.483960 0.761485 0.921085 0.870230 0.721493 0.994789 0.508480 0.626047 0.416167 0.812963 0.374211 0.516935 0.396098 0.666431 0.733938 0.867539 0.853843 0.876238 0.963717 0.962918 0.581085 0.540713 0.929729 0.720778 0.922843 0.721953 0.993402 0.726847 0.326649 0.542982 0.584934 0.390668 0.487078 0.453515 0.386175 0.418333 0.754251 0.727375 0.217742 0.230226 0.343532 0.439860 0.409410 0.482964 0.642280 0.886592 0.830220 0.920208 0.889210 0.869721 0.682447 0.971230 0.660187 0.830880 0.590518 0.460698 0.559748 0.428754 0.200518 0.208282 0.469353 0.568228 0.324099 0.263729 0.953364 0.910791 0.778308 0.881548 0.663496 0.871734 0.551921 0.942909 0.932754 0.989964 0.595045 0.763268 0.835518 0.800358 0.538000 0.476021 0.872451 0.849030 0.884862 0.713389 0.961455 0.890348 0.931174 0.895301 0.767569 0.891795
0.734642 0.746597 0.656198 0.642352 0.000000 0.958647 0.657243 0.735570 0.854101 0.895532 0.931657 0.835238 0.565086 0.765144 0.611664 0.596468 0.888366 0.896585 0.717614 0.795669 0.834382 0.885728 0.553782 0.615670 0.607949 0.669268 0.769344 0.853735 0.988106 0.935308 0.758018 0.983162 0.782409 0.777894 0.769339 0.863788 0.714445 0.854968 0.854921 0.759239 0.913408 0.893562 0.868706 0.900061 0.936054 0.986370 0.876514 0.744481 0.934857 0.966923 0.981793 0.910237 0.982409 0.829407 0.768872 0.825963 0.781289 0.763537 0.787507 0.765181 0.719291 0.725457 0.910452 0.875183 0.630943 0.632451 0.706542 0.747463 0.690564 0.687569 0.788276 0.794631 0.834486 0.975515 0.943808 0.945776 0.924965 0.997416 0.901084 0.856786 0.817093 0.831420 0.706104 0.808299 0.644419 0.649678 0.839171 0.788719 0.751364 0.716460 0.965876 0.930740 0.773735 0.938039 0.732636 0.910043 0.838640 0.922995 0.978019 0.944084 0.844600 0.923958 0.995272 0.990644 0.846734 0.698547 0.919166 0.916696 0.933626 0.904245 0.977183 0.962376 0.988605 0.910258 0.806604 0.866803
0.720341 0.718816 0.802088 0.798418 0.958647 0.000000 0.741347 0.783603 0.943647 0.950236 0.782494 0.743215 0.779583 0.762860 0.794980 0.762330 0.741405 0.662936 0.710101 0.776874 0.727461 0.873960 0.869923 0.833002 0.932138 0.921052 0.919395 0.762933 0.809377 0.831158 0.814904 0.910640 0.821612 0.791425 0.920106 0.698944 0.911093 0.875399 0.894820 0.709099 0.756238 0.886631 0.780066 0.790321 0.866074 0.883332 0.830111 0.947478 0.940028 0.934006 0.910366 0.927202 0.911598 0.696200 0.839255 0.811103 0.672686 0.718172 0.874282 0.889387 0.819880 0.846398 0.898390 0.933935 0.811455 0.711341 0.719880 0.767117 0.821243 0.868051 0.855019 0.981747 0.943228 0.999554 0.715592 0.963913 0.915866 0.972738 0.897985 0.754064 0.716171 0.642638 0.890130 0.795193 0.793430 0.772159 0.720611 0.869040 0.928073 0.809901 0.713214 0.812874 0.674116 0.735216 0.856167 0.924354 0.665502 0.640181 0.738922 0.711780 0.967199 0.986729 0.919211 0.954665 0.879503 0.793160 0.909298 0.990220 0.927395 0.806871 0.862722 0.824462 0.919806 0.977641 0.960328 0.694878
0.319149 0.306584 0.351992 0.374126 0.657243 0.741347 0.000000 0.278662 0.567639 0.952104 0.611376 0.470494 0.285907 0.362403 0.374742 0.451900 0.485904 0.474908 0.278330 0.345721 0.721633 0.940613 0.465418 0.521920 0.636374 0.632101 0.812139 0.932965 0.719894 0.801099 0.641935 0.787075 0.300631 0.335418 0.490238 0.832808 0.414805 0.520895 0.641896 0.774023 0.756975 0.852700 0.481335 0.464726 0.591421 0.567494 0.403504 0.383295 0.729117 0.553513 0.655632 0.542067 0.720493 0.992175 0.405151 0.428010 0.363361 0.299950 0.370300 0.444151 0.265477 0.359992 0.476039 0.473213 0.437391 0.326511 0.232843 0.265143 0.456627 0.508367 0.408623 0.646185 0.647551 0.615872 0.822049 0.731396 0.482014 0.737934 0.484239 0.624519 0.393603 0.379356 0.526296 0.475452 0.358498 0.410988 0.659469 0.691105 0.530399 0.561180 0.861780 0.885134 0.739876 0.792077 0.612771 0.833332 0.384631 0.862338 0.684988 0.648834 0.847505 0.866747 0.846582 0.825214 0.390350 0.438253 0.790888 0.762421 0.721134 0.613234 0.767492 0.618002 0.753743 0.823990 0.603876 0.979083
0.380102 0.285098 0.566478 0.449612 0.735570 0.783603 0.278662 0.000000 0.682822 0.916252 0.647986 0.357490 0.436600 0.333318 0.549492 0.516153 0.501515 0.481466 0.338919 0.375022 0.800757 0.988693 0.574061 0.613008 0.795229 0.836901 0.931519 0.969022 0.606395 0.677947 0.717330 0.715168 0.396763 0.350594 0.625611 0.757847 0.529178 0.613371 0.736229 0.758819 0.893190 0.782219 0.432845 0.443949 0.579968 0.506703 0.341010 0.353257 0.640090 0.494787 0.525560 0.451151 0.644978 0.924036 0.482505 0.512382 0.369436 0.305380 0.370037 0.422885 0.323819 0.307196 0.378777 0.326320 0.666645 0.483480 0.375058 0.366618 0.613035 0.527847 0.497911 0.705038 0.766254 0.734743 0.764438 0.686757 0.466169 0.696787 0.494208 0.606009 0.373581 0.475529 0.527285 0.557499 0.530071 0.534463 0.763535 0.742007 0.672843 0.616382 0.870409 0.963545 0.848652 0.976741 0.767117 0.768520 0.408534 0.867147 0.560498 0.525601 0.964550 0.943253 0.662120 0.722443 0.466433 0.450399 0.832942 0.643741 0.808052 0.632181 0.727998 0.529386 0.701679 0.813154 0.609991 0.901464
0.719875 0.742448 0.655579 0.733026 0.854101 0.943647 0.567639 0.682822 0.000000 0.920397 0.987961 0.893161 0.647817 0.829986 0.757820 0.919240 0.798877 0.910388 0.720344 0.773682 0.982770 0.994936 0.772927 0.766003 0.758463 0.700743 0.872817 0.983328 0.936176 0.963142 0.722783 0.969178 0.631541 0.774611 0.708055 0.901336 0.691653 0.729077 0.834844 0.901741 0.976625 0.818350 0.797551 0.800441 0.731535 0.770872 0.761881 0.691870 0.840336 0.681721 0.736940 0.669756 0.718598 0.830885 0.630092 0.623043 0.802194 0.765778 0.700698 0.807271 0.637345 0.705401 0.798766 0.838065 0.709500 0.711233 0.635729 0.601425 0.643762 0.777134 0.720395 0.776294 0.785458 0.759196 0.812233 0.938659 0.665112 0.930117 0.829798 0.888583 0.862252 0.867923 0.828402 0.764410 0.707567 0.743746 0.904349 0.768584 0.649327 0.773403 0.936535 0.950525 0.991585 0.891286 0.734549 0.897817 0.837034 0.878150 0.851584 0.837904 0.879691 0.907044 0.988927 0.828436 0.743380 0.725236 0.848341 0.928730 0.939481 0.939108 0.851556 0.804949 0.940959 0.949476 0.782436 0.938966
0.756652 0.832472 0.555914 0.574658 0.895532 0.950236 0.952104 0.916252 0.920397 0.000000 0.887040 0.969168 0.661725 0.889203 0.781425 0.717710 0.909070 0.935388 0.891428 0.883704 0.707399 0.965062 0.579086 0.474762 0.430007 0.534513 0.519031 0.691628 0.616698 0.661594 0.887978 0.720300 0.903946 0.906085 0.619390 0.962275 0.617563 0.916844 0.488106 0.795232 0.762535 0.867883 0.601433 0.638062 0.473278 0.509714 0.951770 0.914567 0.509384 0.792273 0.611289 0.782371 0.605561 0.498962 0.659402 0.930091 0.966576 0.817673 0.966654 0.876900 0.873665 0.953643 0.862088 0.814750 0.464968 0.584452 0.855227 0.985131 0.637441 0.782959 0.976199 0.764005 0.833902 0.760891 0.942295 0.879640 0.849543 0.672676 0.965036 0.893473 0.939576 0.697160 0.738521 0.638662 0.473850 0.476764 0.719433 0.698806 0.588250 0.464907 0.599683 0.661614 0.921174 0.880990 0.953386 0.807088 0.964006 0.798364 0.446015 0.498132 0.442288 0.626346 0.465637 0.484627 0.905838 0.982802 0.896537 0.771992 0.904166 0.996316 0.692717 0.774946 0.619720 0.735025 0.850558 0.980839
0.479923 0.500952 0.861812 0.948658 0.931657 0.782494 0.611376 0.647986 0.987961 0.887040 0.000000 0.445622 0.734355 0.605907 0.948328 0.921391 0.499026 0.411192 0.511891 0.488858 0.789291 0.750275 0.926381 0.932322 0.885303 0.880466 0.719928 0.839261 0.554887 0.474187 0.993271 0.787804 0.576797 0.416355 0.831056 0.818571 0.790188 0.821867 0.981065 0.927959 0.773817 0.937760 0.650278 0.619866 0.589858 0.646824 0.675441 0.709516 0.653696 0.747173 0.781657 0.814246 0.994321 0.911116 0.811829 0.801442 0.474272 0.546722 0.624952 0.691793 0.598580 0.762708 0.482055 0.541889 0.978698 0.791914 0.617813 0.576674 0.661573 0.677221 0.775280 0.801769 0.716425 0.559221 0.746002 0.859899 0.751338 0.762836 0.710504 0.590605 0.439132 0.529461 0.815758 0.782129 0.870980 0.886045 0.907596 0.924356 0.936682 0.991733 0.987552 0.990559 0.872997 0.951803 0.770917 0.951031 0.689046 0.882626 0.663387 0.783188 0.997611 0.874721 0.659197 0.662883 0.762130 0.780664 0.896552 0.986661 0.751989 0.738051 0.851364 0.768240 0.794538 0.874243 0.846227 0.945305
0.368094 0.303894 0.676063 0.589565 0.835238 0.743215 0.470494 0.357490 0.893161 0.969168 0.445622 0.000000 0.499722 0.336825 0.633008 0.549290 0.471821 0.344890 0.352457 0.332349 0.661412 0.848970 0.673015 0.686809 0.848547 0.994854 0.974225 0.959643 0.512970 0.503224 0.836868 0.717263 0.439460 0.341879 0.685986 0.698076 0.572607 0.617333 0.884558 0.728463 0.860735 0.897517 0.533774 0.575943 0.665469 0.650388 0.495074 0.540661 0.719441 0.653856 0.696245 0.692547 0.958553 0.842565 0.658228 0.657548 0.333165 0.348141 0.473263 0.522301 0.368180 0.371722 0.370605 0.300940 0.750893 0.547664 0.520079 0.461077 0.596906 0.512168 0.639108 0.775579 0.641092 0.622444 0.767905 0.774032 0.623214 0.645903 0.526716 0.497274 0.336045 0.434551 0.658257 0.633011 0.618838 0.581581 0.783704 0.864266 0.757664 0.696644 0.949032 0.869874 0.928869 0.866594 0.835366 0.807074 0.532943 0.867647 0.684197 0.701217 0.911259 0.961545 0.617346 0.693720 0.556910 0.519203 0.961759 0.780575 0.869976 0.608387 0.766352 0.661707 0.714509 0.811403 0.671912 0.932519
0.287537 0.304197 0.282563 0.292922 0.565086 0.779583 0.285907 0.436600 0.647817 0.661725 0.734355 0.499722 0.000000 0.407658 0.333529 0.330121 0.542621 0.585308 0.320937 0.380754 0.576576 0.987859 0.275766 0.345914 0.433175 0.544595 0.654077 0.763432 0.863987 0.918546 0.602934 0.959041 0.376280 0.455558 0.476310 0.853187 0.292955 0.568409 0.532214 0.668256 0.617671 0.993850 0.714246 0.678198 0.911123 0.838226 0.509159 0.460773 0.974252 0.651586 0.809965 0.628563 0.916250 0.850006 0.403786 0.504550 0.447218 0.310118 0.398616 0.388418 0.263153 0.361989 0.517983 0.519363 0.300389 0.263063 0.330833 0.449156 0.353897 0.398243 0.488618 0.792369 0.625625 0.698020 0.817795 0.710545 0.577611 0.846658 0.589051 0.621719 0.445962 0.366717 0.495852 0.444812 0.234687 0.284545 0.497446 0.601075 0.426175 0.415778 0.875100 0.943272 0.930380 0.928706 0.652869 0.997764 0.493318 0.999331 0.974695 0.917587 0.618881 0.858118 0.993993 0.985955 0.544121 0.440176 0.857301 0.922678 0.886431 0.704998 0.953361 0.761938 0.908089 0.954495 0.676980 0.974150
0.385852 0.340350 0.590133 0.488878 0.765144 0.762860 0.362403 0.333318 0.829986 0.889203 0.605907 0.336825 0.407658 0.000000 0.498677 0.434685 0.438565 0.359195 0.254024 0.306720 0.743328 0.854081 0.511214 0.485508 0.774453 0.855070 0.771744 0.984934 0.547506 0.533085 0.735051 0.640348 0.405485 0.367659 0.552062 0.722519 0.575210 0.528476 0.746505 0.723048 0.889158 0.833470 0.588500 0.580663 0.750317 0.704871 0.519946 0.545783 0.871551 0.791657 0.831181 0.779434 0.970023 0.813187 0.627323 0.602181 0.313019 0.363537 0.551241 0.620420 0.432988 0.457678 0.473843 0.413573 0.638121 0.477222 0.453481 0.503522 0.634790 0.666511 0.506451 0.691309 0.736864 0.780649 0.809159 0.726739 0.634416 0.634691 0.467475 0.528782 0.307748 0.342589 0.501911 0.511265 0.497589 0.483761 0.701631 0.669793 0.704187 0.657363 0.973016 0.967514 0.910953 0.953541 0.866072 0.850088 0.496884 0.905374 0.766368 0.685386 0.787855 0.915826 0.758565 0.764434 0.534930 0.556186 0.968970 0.924380 0.861053 0.624168 0.823146 0.617021 0.781623 0.873744 0.794964 0.934390
0.568046 0.572109 0.404097 0.369031 0.611664 0.794980 0.374742 0.549492 0.757820 0.781425 0.948328 0.633008 0.333529 0.498677 0.000000 0.247956 0.738234 0.688206 0.493876 0.558082 0.663307 0.861725 0.307106 0.352937 0.531869 0.629656 0.641624 0.809189 0.876853 0.951464 0.634395 0.808269 0.528346 0.615299 0.630456 0.865122 0.508285 0.555671 0.669585 0.886756 0.756284 0.885120 0.738678 0.748270 0.898346 0.897437 0.623851 0.610903 0.961281 0.844465 0.986108 0.833335 0.878319 0.841652 0.567512 0.677890 0.577173 0.512138 0.648520 0.654509 0.457719 0.467704 0.724716 0.667030 0.403217 0.380054 0.519074 0.562123 0.600212 0.678755 0.530269 0.799947 0.793311 0.833009 0.989538 0.719242 0.736664 0.834935 0.663557 0.684950 0.581794 0.500767 0.648702 0.515697 0.390472 0.410669 0.550549 0.545813 0.560817 0.511820 0.965950 0.894990 0.821057 0.841964 0.706805 0.997772 0.539449 0.971236 0.905995 0.803458 0.844303 0.996622 0.978641 0.961554 0.591985 0.599127 0.900427 0.891613 0.839721 0.858599 0.998071 0.807359 0.873305 0.973833 0.828072 0.845800
0.552816 0.534613 0.437591 0.377364 0.596468 0.762330 0.451900 0.516153 0.919240 0.717710 0.921391 0.549290 0.330121 0.434685 0.247956 0.000000 0.739336 0.687304 0.488833 0.547361 0.658001 0.879337 0.296836 0.330013 0.499041 0.656174 0.625404 0.842864 0.884682 0.941238 0.654179 0.801815 0.547414 0.608534 0.615200 0.867142 0.480298 0.631505 0.628511 0.733259 0.705359 0.985188 0.785479 0.779395 0.952918 0.991704 0.598525 0.645375 0.860244 0.964345 0.935617 0.908499 0.994908 0.726772 0.593882 0.699848 0.554194 0.493974 0.647228 0.612253 0.450290 0.430570 0.714359 0.631010 0.435675 0.375320 0.572214 0.651372 0.601866 0.621979 0.613210 0.811351 0.808202 0.847659 0.985712 0.627486 0.787270 0.842038 0.661771 0.702919 0.565084 0.477260 0.603196 0.490378 0.388918 0.369420 0.583040 0.589277 0.527702 0.486388 0.954108 0.988064 0.849578 0.960423 0.824979 0.964524 0.586205 0.962651 0.970965 0.845132 0.796536 0.905978 0.976305 0.933321 0.635552 0.539389 0.904703 0.931808 0.841648 0.868506 0.965283 0.749106 0.845074 0.960634 0.787558 0.900500
0.460000 0.386207 0.788135 0.801579 0.888366 0.741405 0.485904 0.501515 0.798877 0.909070 0.499026 0.471821 0.542621 0.438565 0.738234 0.739336 0.000000 0.286498 0.334927 0.354866 0.830977 0.813196 0.790834 0.841681 0.987683 0.970178 0.944441 0.883302 0.371008 0.408188 0.664254 0.563990 0.355255 0.351498 0.814634 0.832987 0.638592 0.720015 0.998672 0.745409 0.701002 0.794789 0.364236 0.306010 0.518995 0.499450 0.498807 0.520790 0.621552 0.653029 0.643659 0.667348 0.837463 0.949293 0.755613 0.678802 0.266493 0.365362 0.560691 0.606709 0.532113 0.649887 0.326700 0.341388 0.886810 0.719636 0.551952 0.527197 0.625659 0.642273 0.467655 0.604460 0.676356 0.642936 0.830452 0.631848 0.489032 0.442923 0.443898 0.403578 0.254248 0.376235 0.567984 0.642273 0.729912 0.750303 0.966553 0.783062 0.873572 0.871828 0.940137 0.872200 0.947338 0.974024 0.799549 0.997322 0.573012 0.849542 0.599146 0.631261 0.999060 0.773320 0.550299 0.489269 0.688100 0.704251 0.913174 0.934592 0.885527 0.641626 0.764355 0.629780 0.699444 0.822032 0.679026 0.965839
0.422993 0.354563 0.791523 0.735037 0.896585 0.662936 0.474908 0.481466 0.910388 0.935388 0.411192 0.344890 0.585308 0.359195 0.688206 0.687304 0.286498 0.000000 0.325641 0.246837 0.725044 0.760992 0.795189 0.774096 0.968714 0.964682 0.992180 0.991360 0.374057 0.347376 0.796364 0.541711 0.369919 0.304001 0.751659 0.696007 0.668175 0.550797 0.936988 0.821894 0.715846 0.724410 0.409936 0.400348 0.516304 0.562857 0.538832 0.580028 0.680895 0.774527 0.808955 0.863804 0.929796 0.792821 0.762583 0.722585 0.192482 0.319449 0.600794 0.716670 0.564602 0.679551 0.408610 0.380467 0.851428 0.668772 0.507974 0.484152 0.600590 0.630493 0.517946 0.574299 0.731691 0.625552 0.847550 0.752896 0.623284 0.482436 0.419826 0.353874 0.219613 0.294055 0.587637 0.634936 0.692909 0.685464 0.862425 0.802374 0.845058 0.827572 0.860438 0.897078 0.762758 0.858678 0.834056 0.831521 0.506165 0.835345 0.591980 0.604461 0.995772 0.847278 0.527831 0.551142 0.568120 0.641928 0.961130 0.968475 0.888191 0.591734 0.726949 0.621170 0.793948 0.797413 0.803757 0.936294
0.305170 0.257279 0.524302 0.476037 0.717614 0.710101 0.278330 0.338919 0.720344 0.891428 0.511891 0.352457 0.320937 0.254024 0.493876 0.488833 0.334927 0.325641 0.000000 0.272782 0.696902 0.874430 0.529944 0.564345 0.779242 0.846461 0.819794 0.946824 0.514091 0.556813 0.721293 0.688734 0.331870 0.296809 0.552577 0.788233 0.527781 0.593893 0.737357 0.652881 0.732190 0.867017 0.497180 0.486525 0.655148 0.629857 0.450533 0.433367 0.773339 0.670807 0.719483 0.641398 0.921206 0.901868 0.540603 0.563089 0.260238 0.284319 0.432318 0.490579 0.349980 0.471649 0.374043 0.397389 0.592824 0.432577 0.315453 0.384966 0.515047 0.575882 0.379192 0.661221 0.666613 0.699873 0.853312 0.692519 0.523650 0.629363 0.446465 0.500980 0.272357 0.322248 0.560740 0.540179 0.464532 0.492416 0.739507 0.698408 0.677740 0.682709 0.958564 0.911023 0.837308 0.900547 0.721056 0.861892 0.399521 0.894703 0.704240 0.633077 0.781591 0.893289 0.754107 0.697528 0.484354 0.456476 0.915225 0.861946 0.822335 0.540464 0.798447 0.574041 0.753012 0.852234 0.623084 0.974531
0.319400 0.254304 0.537047 0.492198 0.795669 0.776874 0.345721 0.375022 0.773682 0.883704 0.488858 0.332349 0.380754 0.306720 0.558082 0.547361 0.354866 0.246837 0.272782 0.000000 0.643459 0.800055 0.560444 0.574440 0.716593 0.795190 0.824582 0.969968 0.560325 0.533882 0.634902 0.682020 0.290122 0.329130 0.577930 0.743218 0.466669 0.452787 0.731425 0.741989 0.717948 0.727464 0.506239 0.499352 0.686342 0.713782 0.506347 0.539594 0.832564 0.701930 0.789216 0.747318 0.981064 0.809422 0.587746 0.645994 0.216970 0.241733 0.496142 0.569500 0.398149 0.492355 0.422684 0.382913 0.592903 0.445516 0.378825 0.412151 0.433860 0.482366 0.404547 0.538443 0.670206 0.616532 0.805000 0.710222 0.478795 0.574520 0.442422 0.441057 0.254085 0.267145 0.526836 0.536978 0.452274 0.472067 0.748642 0.759661 0.656909 0.620199 0.983227 0.975584 0.814634 0.864275 0.794152 0.863467 0.451041 0.941187 0.764642 0.721910 0.809608 0.916017 0.675343 0.732743 0.469846 0.543754 0.948926 0.869551 0.820427 0.628803 0.795964 0.674991 0.886792 0.842932 0.722945 0.910712
0.518642 0.565793 0.546311 0.580696 0.834382 0.727461 0.721633 0.800757 0.982770 0.707399 0.789291 0.661412 0.576576 0.743328 0.663307 0.658001 0.830977 0.725044 0.696902 0.643459 0.000000 0.864397 0.700225 0.619177 0.594111 0.663800 0.787228 0.639753 0.984958 0.981992 0.879076 0.971653 0.676607 0.684282 0.564234 0.725587 0.569340 0.614323 0.576053 0.775426 0.734194 0.982497 0.998129 0.925339 0.998926 0.989999 0.766987 0.916018 0.975397 0.907394 0.986846 0.976072 0.762144 0.598058 0.570840 0.852931 0.643847 0.583579 0.643475 0.669344 0.558563 0.620337 0.837566 0.816554 0.529496 0.494539 0.624138 0.756356 0.501643 0.591735 0.915696 0.989091 0.870071 0.942432 0.973153 0.993609 0.838226 0.944491 0.949254 0.752190 0.679086 0.539718 0.640541 0.645128 0.525432 0.477543 0.701383 0.750181 0.592998 0.589331 0.765734 0.656953 0.974452 0.913163 0.786743 0.933873 0.766242 0.933258 0.878432 0.867672 0.707188 0.776764 0.938771 0.844009 0.920830 0.813559 0.964885 0.858674 0.972707 0.995236 0.911323 0.904875 0.882568 0.912728 0.869936 0.983366
0.904238 0.893070 0.816535 0.895471 0.885728 0.873960 0.940613 0.988693 0.994936 0.965062 0.750275 0.848970 0.987859 0.854081 0.861725 0.879337 0.813196 0.760992 0.874430 0.800055 0.864397 0.000000 0.902191 0.932859 0.918925 0.846274 0.869034 0.957686 0.750491 0.701846 0.938757 0.800953 0.907542 0.868068 0.863775 0.861929 0.922841 0.974006 0.865546 0.847319 0.923884 0.899812 0.846151 0.872830 0.933533 0.965907 0.926858 0.938235 0.960526 0.992646 0.963608 0.950032 0.802572 0.886173 0.840306 0.931881 0.799080 0.906705 0.970604 0.936929 0.946003 0.860170 0.912699 0.897202 0.861725 0.908577 0.993073 0.963400 0.869117 0.866385 0.966847 0.964633 0.976635 0.924754 0.920427 0.997440 0.942076 0.782583 0.952675 0.970135 0.821548 0.930216 0.994439 0.990441 0.918841 0.937376 0.980970 0.903162 0.904368 0.989489 0.974431 0.997533 0.963005 0.971339 0.932955 0.907477 0.936938 0.892404 0.964779 0.979320 0.932689 0.996854 0.840527 0.853480 0.961618 0.967081 0.995863 0.901491 0.968333 0.985603 0.950961 0.971317 0.960502 0.887185 0.841505 0.863747
0.565556 0.518952 0.320816 0.247429 0.553782 0.869923 0.465418 0.574061 0.772927 0.579086 0.926381 0.673015 0.275766 0.511214 0.307106 0.296836 0.790834 0.795189 0.529944 0.560444 0.700225 0.902191 0.000000 0.197570 0.345359 0.484107 0.423747 0.789641 0.967863 0.914953 0.602586 0.960285 0.589058 0.746756 0.567509 0.905812 0.405546 0.593046 0.543169 0.742091 0.738290 0.969678 0.874890 0.901379 0.844605 0.904801 0.690310 0.651429 0.791505 0.864304 0.952857 0.832842 0.964966 0.771698 0.541452 0.678247 0.639114 0.515197 0.677570 0.611619 0.503689 0.483747 0.805369 0.738780 0.286410 0.319732 0.509956 0.613907 0.527778 0.597055 0.557330 0.789771 0.811534 0.947707 0.921276 0.792806 0.757943 0.957400 0.653869 0.803707 0.654387 0.550498 0.597697 0.553008 0.264578 0.280258 0.474990 0.554058 0.432372 0.366517 0.953800 0.984730 0.807772 0.875625 0.711756 0.927888 0.628785 0.993804 0.898447 0.994590 0.610083 0.827167 0.857452 0.822084 0.587354 0.549879 0.926763 0.916414 0.937257 0.773688 0.979891 0.903214 0.975834 0.889135 0.789292 0.898968
0.554177 0.533023 0.307112 0.231615 0.615670 0.833002 0.521920 0.613008 0.766003 0.474762 0.932322 0.686809 0.345914 0.485508 0.352937 0.330013 0.841681 0.774096 0.564345 0.574440 0.619177 0.932859 0.197570 0.000000 0.284688 0.415197 0.399104 0.732174 0.910551 0.878840 0.688141 0.981224 0.611243 0.746587 0.472872 0.797790 0.427219 0.530165 0.460669 0.706603 0.747284 0.898242 0.999550 0.997253 0.794190 0.832230 0.724579 0.727697 0.718721 0.986361 0.810454 0.988352 0.803711 0.574618 0.456655 0.641381 0.633630 0.512982 0.724712 0.684213 0.548556 0.549941 0.905875 0.831643 0.267734 0.305873 0.542464 0.645557 0.490819 0.617797 0.691169 0.870218 0.951455 0.981545 0.975057 0.929694 0.870073 0.988201 0.706861 0.828510 0.645876 0.479983 0.557706 0.439437 0.241821 0.226252 0.508260 0.500940 0.367453 0.296163 0.873056 0.859548 0.830154 0.947435 0.753515 0.920485 0.676519 0.984447 0.826783 0.895387 0.571938 0.768281 0.766610 0.735057 0.661075 0.638758 0.976525 0.928066 0.992802 0.847324 0.929691 0.960032 0.848729 0.804633 0.925821 0.918133
0.545628 0.618755 0.282719 0.308607 0.607949 0.932138 0.636374 0.795229 0.758463 0.430007 0.885303 0.848547 0.433175 0.774453 0.531869 0.499041 0.987683 0.968714 0.779242 0.716593 0.594111 0.918925 0.345359 0.284688 0.000000 0.231790 0.420540 0.630528 0.646768 0.615085 0.682779 0.805644 0.675617 0.852248 0.425700 0.834979 0.378975 0.594488 0.395502 0.644250 0.707162 0.980741 0.845740 0.877243 0.687039 0.747002 0.803445 0.776898 0.682171 0.973024 0.827005 0.981795 0.793951 0.566077 0.381071 0.668446 0.790974 0.613636 0.694590 0.630644 0.569982 0.605889 0.957464 0.994755 0.212815 0.319350 0.601756 0.699867 0.384946 0.464384 0.920752 0.978403 0.892621 0.998670 0.952366 0.937417 0.957903 0.769273 0.885748 0.986595 0.825881 0.595947 0.599631 0.448200 0.243040 0.233593 0.518577 0.594114 0.277333 0.241570 0.789512 0.706937 0.901425 0.976955 0.765053 0.996967 0.820296 0.946481 0.621221 0.645941 0.498956 0.668636 0.600258 0.613042 0.792421 0.728459 0.911043 0.883713 0.985529 0.967458 0.794529 0.809431 0.742467 0.740968 0.945767 0.899852
0.602240 0.721405 0.319003 0.411625 0.669268 0.921052 0.632101 0.836901 0.700743 0.534513 0.880466 0.994854 0.544595 0.855070 0.629656 0.656174 0.970178 0.964682 0.846461 0.795190 0.663800 0.846274 0.484107 0.415197 0.231790 0.000000 0.480074 0.619097 0.591284 0.548795 0.716865 0.803580 0.712852 0.914098 0.503621 0.842847 0.461697 0.651453 0.448097 0.665144 0.795772 0.970701 0.840008 0.856357 0.746017 0.779941 0.822745 0.849683 0.712103 0.951879 0.874318 0.939751 0.877712 0.711049 0.373977 0.655771 0.847187 0.712822 0.717192 0.685914 0.636823 0.706203 0.889413 0.886722 0.269989 0.369566 0.586929 0.702506 0.418340 0.548060 0.948171 0.972542 0.888636 0.959168 0.889858 0.857974 0.988413 0.664609 0.957759 0.947337 0.942680 0.701769 0.676735 0.568300 0.328817 0.308668 0.648420 0.711872 0.330214 0.344184 0.878298 0.780210 0.889126 0.938325 0.719910 0.999532 0.881342 0.962782 0.651694 0.676804 0.572968 0.775367 0.606542 0.579313 0.866940 0.806990 0.888591 0.858064 0.963644 0.953215 0.862973 0.820456 0.706645 0.831342 0.986787 0.792574
0.841808 0.838785 0.541664 0.483960 0.769344 0.919395 0.812139 0.931519 0.872817 0.519031 0.719928 0.974225 0.654077 0.771744 0.641624 0.625404 0.944441 0.992180 0.819794 0.824582 0.787228 0.869034 0.423747 0.399104 0.420540 0.480074 0.000000 0.730556 0.714512 0.714650 0.874439 0.890678 0.854274 0.952182 0.642758 0.854894 0.718633 0.669675 0.670661 0.874586 0.910469 0.959588 0.832577 0.789745 0.612485 0.620169 0.981645 0.953361 0.519622 0.792081 0.670603 0.819509 0.669556 0.609961 0.738824 0.914682 0.903882 0.853846 0.981417 0.935837 0.878923 0.850249 0.807893 0.867864 0.446182 0.525709 0.749051 0.883899 0.707650 0.819653 0.818364 0.924431 0.995326 0.832421 0.954130 0.982036 0.941640 0.781942 0.861183 0.977186 0.983946 0.788014 0.813020 0.805565 0.502874 0.469691 0.708737 0.748032 0.597340 0.521687 0.996841 0.963081 0.831497 0.863950 0.951442 0.985638 0.996356 0.940948 0.725857 0.779660 0.644607 0.813533 0.677337 0.666103 0.837068 0.917924 0.967058 0.876852 0.958558 0.921498 0.911068 0.855675 0.726220 0.789294 0.947254 0.756271
0.789119 0.845384 0.715201 0.761485 0.853735 0.762933 0.932965 0.969022 0.983328 0.691628 0.839261 0.959643 0.763432 0.984934 0.809189 0.842864 0.883302 0.991360 0.946824 0.969968 0.639753 0.957686 0.789641 0.732174 0.630528 0.619097 0.730556 0.000000 0.917328 0.792632 0.818442 0.897393 0.891555 0.988757 0.877359 0.764866 0.731582 0.993113 0.763126 0.782335 0.835835 0.956293 0.996884 0.978824 0.810135 0.912916 0.889205 0.913749 0.877477 0.989375 0.954054 0.985432 0.900918 0.797660 0.726636 0.889547 0.874824 0.829310 0.825484 0.756515 0.876094 0.924990 0.957723 0.947112 0.688630 0.751176 0.876192 0.971682 0.716155 0.668770 0.939921 0.838627 0.918050 0.812294 0.880967 0.960104 0.898137 0.902421 0.963867 0.987131 0.922691 0.828304 0.844661 0.861272 0.722673 0.693433 0.899596 0.954431 0.753287 0.686138 0.847201 0.836783 0.913241 0.925992 0.821836 0.827496 0.906604 0.912563 0.787070 0.761482 0.770185 0.810004 0.780427 0.766662 0.875319 0.937953 0.861013 0.884833 0.869479 0.939270 0.782411 0.812721 0.924527 0.932510 0.905881 0.812295
0.753032 0.636862 0.833817 0.921085 0.988106 0.809377 0.719894 0.606395 0.936176 0.616698 0.554887 0.512970 0.863987 0.547506 0.876853 0.884682 0.371008 0.374057 0.514091 0.560325 0.984958 0.750491 0.967863 0.910551 0.646768 0.591284 0.714512 0.917328 0.000000 0.210384 0.779577 0.396886 0.608625 0.488875 0.888322 0.892365 0.954788 0.937121 0.727831 0.963174 0.974951 0.835502 0.351740 0.363291 0.459900 0.472561 0.665307 0.654162 0.599630 0.757015 0.643637 0.771971 0.762603 0.815502 0.911165 0.924966 0.426860 0.651603 0.756966 0.876641 0.788473 0.825808 0.401706 0.381887 0.723087 0.942435 0.808393 0.745031 0.991585 0.975938 0.583355 0.629691 0.803240 0.687849 0.882934 0.739759 0.642458 0.379594 0.493513 0.414298 0.414312 0.684099 0.857584 0.942033 0.883775 0.890052 0.913443 0.978794 0.785506 0.756788 0.866210 0.768591 0.972493 0.968300 0.835901 0.926623 0.589735 0.968691 0.493468 0.466992 0.749236 0.675352 0.405288 0.345310 0.733824 0.806421 0.990353 0.863210 0.907894 0.717308 0.692557 0.587523 0.581016 0.695083 0.794267 0.927517
0.772262 0.657026 0.803908 0.870230 0.935308 0.831158 0.801099 0.677947 0.963142 0.661594 0.474187 0.503224 0.918546 0.533085 0.951464 0.941238 0.408188 0.347376 0.556813 0.533882 0.981992 0.701846 0.914953 0.878840 0.615085 0.548795 0.714650 0.792632 0.210384 0.000000 0.857471 0.433384 0.654267 0.533236 0.911382 0.851360 0.983174 0.888760 0.704307 0.998111 0.949113 0.860327 0.462399 0.462826 0.531664 0.579544 0.768583 0.780776 0.647067 0.847169 0.758893 0.907556 0.910824 0.947149 0.819285 0.972918 0.447326 0.679774 0.839246 0.929449 0.848086 0.884194 0.449975 0.424377 0.697145 0.913342 0.860531 0.797430 0.989519 0.995739 0.646666 0.646319 0.773831 0.669476 0.831096 0.708463 0.744550 0.405428 0.544738 0.425874 0.433971 0.660310 0.842213 0.949251 0.852282 0.863837 0.908383 0.997842 0.747138 0.753570 0.918379 0.835768 0.991080 0.986785 0.925595 0.950374 0.680808 0.950518 0.561081 0.561849 0.802362 0.747752 0.409157 0.381329 0.769390 0.816045 0.908728 0.961336 0.959447 0.763282 0.683028 0.680038 0.701692 0.742775 0.866739 0.905483
0.730327 0.723910 0.684613 0.721493 0.758018 0.814904 0.641935 0.717330 0.722783 0.887978 0.993271 0.836868 0.602934 0.735051 0.634395 0.654179 0.664254 0.796364 0.721293 0.634902 0.879076 0.938757 0.602586 0.688141 0.682779 0.716865 0.874439 0.818442 0.779577 0.857471 0.000000 0.652858 0.551823 0.760085 0.842294 0.995317 0.568722 0.781022 0.765096 0.848390 0.840373 0.899692 0.728941 0.672727 0.948801 0.889375 0.781227 0.759739 0.981507 0.779062 0.809239 0.773055 0.806626 0.919980 0.751877 0.836362 0.648356 0.696388 0.741083 0.727589 0.669871 0.681946 0.687634 0.627135 0.751290 0.741079 0.810048 0.780592 0.661557 0.715686 0.678279 0.745827 0.691591 0.749886 0.838747 0.810307 0.670850 0.693433 0.647356 0.702819 0.668661 0.723112 0.735896 0.728783 0.685304 0.687132 0.986965 0.879181 0.738546 0.781202 0.767413 0.860877 0.792078 0.806176 0.820979 0.949516 0.778917 0.746531 0.929840 0.992097 0.807551 0.984704 0.861810 0.859908 0.740396 0.826749 0.832322 0.953806 0.940783 0.899164 0.918900 0.954519 0.962841 0.913112 0.846606 0.954424
0.929070 0.827442 0.864954 0.994789 0.983162 0.910640 0.787075 0.715168 0.969178 0.720300 0.787804 0.717263 0.959041 0.640348 0.808269 0.801815 0.563990 0.541711 0.688734 0.682020 0.971653 0.800953 0.960285 0.981224 0.805644 0.803580 0.890678 0.897393 0.396886 0.433384 0.652858 0.000000 0.669893 0.638449 0.856660 0.900640 0.960829 0.900813 0.855297 0.914650 0.996019 0.812606 0.517278 0.477085 0.651931 0.681349 0.785522 0.860554 0.822919 0.945334 0.903341 0.983949 0.913377 0.954062 0.981617 0.985158 0.538272 0.775763 0.964402 0.946928 0.942652 0.932984 0.683719 0.625663 0.803278 0.977454 0.933902 0.850325 0.945187 0.859760 0.732896 0.667224 0.956539 0.869089 0.893900 0.814118 0.810387 0.537710 0.633130 0.663994 0.536904 0.719134 0.837773 0.784591 0.934578 0.972962 0.859704 0.911041 0.888858 0.916309 0.769451 0.828505 0.881342 0.985893 0.897751 0.880708 0.803720 0.866930 0.624752 0.544433 0.779554 0.707295 0.537494 0.551165 0.846182 0.911347 0.991736 0.981984 0.906682 0.837538 0.740370 0.682720 0.762649 0.756240 0.885529 0.979204
0.315283 0.287963 0.497297 0.508480 0.782409 0.821612 0.300631 0.396763 0.631541 0.903946 0.576797 0.439460 0.376280 0.405485 0.528346 0.547414 0.355255 0.369919 0.331870 0.290122 0.676607 0.907542 0.589058 0.611243 0.675617 0.712852 0.854274 0.891555 0.608625 0.654267 0.551823 0.669893 0.000000 0.300264 0.608723 0.837344 0.426849 0.548739 0.703122 0.747075 0.650646 0.776809 0.443959 0.412738 0.604312 0.570318 0.410307 0.451311 0.714209 0.581799 0.657797 0.628063 0.842055 0.938600 0.482663 0.535713 0.270344 0.277928 0.422382 0.518469 0.356306 0.475613 0.363726 0.401786 0.582565 0.459481 0.361771 0.361312 0.427228 0.493711 0.467399 0.679352 0.674602 0.643427 0.692170 0.683015 0.445152 0.666009 0.404328 0.508131 0.283086 0.334022 0.489102 0.473185 0.452416 0.456891 0.786787 0.681360 0.600694 0.624417 0.977418 0.965020 0.870365 0.971502 0.741900 0.952579 0.519423 0.950981 0.752610 0.743858 0.859288 0.898331 0.775532 0.683113 0.551354 0.558760 0.930068 0.927931 0.942441 0.638343 0.778142 0.635877 0.794144 0.769410 0.675535 0.954198
0.295702 0.289690 0.640809 0.626047 0.777894 0.791425 0.335418 0.350594 0.774611 0.906085 0.416355 0.341879 0.455558 0.367659 0.615299 0.608534 0.351498 0.304001 0.296809 0.329130 0.684282 0.868068 0.746756 0.746587 0.852248 0.914098 0.952182 0.988757 0.488875 0.533236 0.760085 0.638449 0.300264 0.000000 0.604603 0.759013 0.547351 0.610472 0.810881 0.748396 0.691517 0.837469 0.444387 0.390819 0.496181 0.463540 0.366456 0.426658 0.566539 0.543229 0.566976 0.589942 0.821582 0.956976 0.523582 0.490131 0.263027 0.278986 0.358390 0.454883 0.331119 0.428482 0.301831 0.294492 0.736413 0.561986 0.393375 0.397443 0.503478 0.491839 0.575547 0.744695 0.657568 0.560297 0.757148 0.769586 0.562636 0.600907 0.526030 0.490971 0.239364 0.340721 0.476006 0.494515 0.576194 0.591209 0.770091 0.778063 0.672508 0.756947 0.986341 0.925654 0.932685 0.977500 0.798058 0.836874 0.424576 0.927814 0.607390 0.669382 0.986096 0.893803 0.670959 0.604730 0.552760 0.571186 0.888438 0.889385 0.856350 0.608050 0.776686 0.585210 0.730736 0.794655 0.672794 0.966549
0.420191 0.491983 0.356694 0.416167 0.769339 0.920106 0.490238 0.625611 0.708055 0.619390 0.831056 0.685986 0.476310 0.552062 0.630456 0.615200 0.814634 0.751659 0.552577 0.577930 0.564234 0.863775 0.567509 0.472872 0.425700 0.503621 0.642758 0.877359 0.888322 0.911382 0.842294 0.856660 0.608723 0.604603 0.000000 0.858770 0.478908 0.473986 0.413385 0.706375 0.843204 0.964707 0.967468 0.946600 0.993163 0.993302 0.709617 0.692235 0.920287 0.861649 0.973687 0.858575 0.862480 0.666091 0.371856 0.536289 0.646679 0.510850 0.536923 0.584728 0.458111 0.553465 0.818042 0.807224 0.347072 0.349983 0.415080 0.510678 0.450856 0.559814 0.821688 0.919359 0.782557 0.855443 0.938724 0.995989 0.880983 0.914960 0.775954 0.824935 0.652527 0.469838 0.487381 0.453508 0.348252 0.345129 0.671655 0.613963 0.391801 0.465692 0.737421 0.693088 0.968310 0.983739 0.804084 0.979314 0.686018 0.974821 0.795172 0.820835 0.508757 0.811350 0.751344 0.841814 0.699565 0.702139 0.908382 0.894283 0.978053 0.865971 0.847426 0.944294 0.812598 0.875429 0.793543 0.890962
0.731746 0.761714 0.881825 0.812963 0.863788 0.698944 0.832808 0.757847 0.901336 0.962275 0.818571 0.698076 0.853187 0.722519 0.865122 0.867142 0.832987 0.696007 0.788233 0.743218 0.725587 0.861929 0.905812 0.797790 0.834979 0.842847 0.854894 0.764866 0.892365 0.851360 0.995317 0.900640 0.837344 0.759013 0.858770 0.000000 0.934147 0.736157 0.818785 0.843483 0.889702 0.804435 0.906436 0.873286 0.996963 0.977899 0.847272 0.977121 0.987042 0.926300 0.930159 0.934741 0.766626 0.672048 0.798663 0.954453 0.710397 0.751666 0.884291 0.879294 0.850620 0.847970 0.980690 0.896075 0.838137 0.763786 0.854530 0.844897 0.815694 0.707616 0.916513 0.968986 0.976118 0.979926 0.891230 0.984348 0.989577 0.978202 0.881538 0.752322 0.740406 0.735926 0.826791 0.885991 0.820217 0.766978 0.914868 0.935477 0.897495 0.805992 0.879776 0.898666 0.929556 0.955573 0.972652 0.913440 0.841824 0.943334 0.942011 0.945697 0.970035 0.985198 0.915284 0.984538 0.851196 0.861638 0.941113 0.915506 0.875620 0.834911 0.952114 0.977059 0.929961 0.867666 0.836901 0.899136
0.350350 0.386823 0.317778 0.374211 0.714445 0.911093 0.414805 0.529178 0.691653 0.617563 0.790188 0.572607 0.292955 0.575210 0.508285 0.480298 0.638592 0.668175 0.527781 0.466669 0.569340 0.922841 0.405546 0.427219 0.378975 0.461697 0.718633 0.731582 0.954788 0.983174 0.568722 0.960829 0.426849 0.547351 0.478908 0.934147 0.000000 0.596343 0.568436 0.697093 0.641435 0.944530 0.848379 0.776752 0.984513 0.908804 0.571429 0.522388 0.966139 0.658142 0.854825 0.706164 0.933658 0.845258 0.338038 0.566119 0.504496 0.359260 0.448958 0.475747 0.335393 0.414948 0.604532 0.580960 0.343348 0.328276 0.454600 0.536066 0.327393 0.367350 0.669833 0.841239 0.692602 0.701293 0.760305 0.865133 0.674839 0.933834 0.624072 0.697488 0.494381 0.388417 0.479004 0.410778 0.267459 0.286385 0.623610 0.564849 0.373649 0.373161 0.722214 0.745356 0.956614 0.947768 0.744051 0.932637 0.613585 0.891995 0.879625 0.889266 0.563394 0.788888 0.951200 0.914143 0.665233 0.643382 0.970789 0.997996 0.925748 0.759300 0.924160 0.957876 0.951799 0.985400 0.739636 0.873939
0.546473 0.541988 0.515289 0.516935 0.854968 0.875399 0.520895 0.613371 0.729077 0.916844 0.821867 0.617333 0.568409 0.528476 0.555671 0.631505 0.720015 0.550797 0.593893 0.452787 0.614323 0.974006 0.593046 0.530165 0.594488 0.651453 0.669675 0.993113 0.937121 0.888760 0.781022 0.900813 0.548739 0.610472 0.473986 0.736157 0.596343 0.000000 0.631533 0.761820 0.872133 0.600888 0.840837 0.813488 0.846363 0.913254 0.727184 0.764073 0.988385 0.893105 0.989561 0.927849 0.782308 0.691225 0.591107 0.759708 0.541276 0.507843 0.727814 0.789082 0.600265 0.639791 0.802854 0.703702 0.526535 0.508906 0.546649 0.564485 0.549390 0.617148 0.654583 0.616078 0.791660 0.774932 0.923868 0.959035 0.711892 0.873089 0.721587 0.677607 0.594687 0.497125 0.720262 0.636699 0.502635 0.495270 0.749595 0.727274 0.571196 0.598481 0.959327 0.932155 0.811950 0.777630 0.977966 0.918729 0.738547 0.867949 0.895089 0.908138 0.764944 0.927158 0.902698 0.914211 0.594312 0.719783 0.821925 0.976794 0.989817 0.888016 0.944885 0.938012 0.869849 0.950236 0.876376 0.895371
