0.000000 0.212945 0.526295 0.742991 0.692642 0.975829 0.502930 0.562559 0.858200 0.879693 0.403198 0.315063 0.302355 0.484438 0.702391 0.744610 0.330468 0.368457 0.303432 0.309687 0.865157 0.969717 0.632879 0.764612 0.893191 0.937311 0.957095 0.972341 0.587892 0.503698 0.957573 0.986611 0.378026 0.383361 0.759751 0.850957 0.610844 0.797512 0.870358 0.897977 0.824510 0.988163 0.958133 0.903281 0.967922 0.850544 0.562739 0.519829 0.705546 0.488959 0.561668 0.499494 0.928212 0.826350 0.425948 0.555904 0.290518 0.224740 0.321506 0.345583 0.262883 0.326522 0.253103 0.268226 0.571772 0.627715 0.612354 0.815906 0.315948 0.270353 0.764568 0.948810 0.516104 0.730618 0.695678 0.808933 0.762798 0.833475 0.500184 0.536546 0.258083 0.289397 0.396050 0.361245 0.266435 0.457369 0.594927 0.644882 0.439620 0.500911 0.591752 0.449343 0.575503 0.505208 0.922740 0.917352 0.441513 0.973557 0.937768 0.998746 0.741013 0.844390 0.782443 0.803593 0.725784 0.647564 0.990288 0.944967 0.882495 0.631315 0.989595 0.776386 0.945386 0.856200 0.703593 0.740151
0.212945 0.000000 0.568010 0.704442 0.769830 0.976806 0.588152 0.517960 0.920039 0.836373 0.467619 0.258290 0.356398 0.459016 0.763130 0.726855 0.312108 0.343838 0.344580 0.291034 0.879569 0.998116 0.662375 0.700119 0.911440 0.937957 0.900321 0.996426 0.583768 0.514449 0.990136 0.932560 0.431869 0.432427 0.777028 0.918312 0.623240 0.742041 0.827595 0.844905 0.848651 0.984467 0.883597 0.856481 0.976976 0.883926 0.498118 0.559945 0.770273 0.542061 0.562890 0.500614 0.991812 0.797141 0.453938 0.579431 0.278225 0.200989 0.369430 0.372228 0.320111 0.317544 0.288522 0.271728 0.578700 0.564771 0.649553 0.804497 0.333585 0.286694 0.739892 0.924351 0.566345 0.770796 0.732002 0.789631 0.690182 0.745769 0.467536 0.484363 0.286662 0.305133 0.428903 0.403880 0.307663 0.431056 0.598232 0.679092 0.486431 0.515047 0.541743 0.454453 0.569826 0.484321 0.956547 0.888389 0.472523 0.964692 0.972828 0.999353 0.716063 0.793375 0.866405 0.839428 0.729803 0.625547 0.986665 0.974894 0.880904 0.619547 0.967140 0.779524 0.912451 0.885626 0.672514 0.799030
0.526295 0.568010 0.000000 0.314936 0.920946 0.778741 0.543312 0.600609 0.936291 0.573695 0.851748 0.758461 0.601442 0.751999 0.937981 0.778000 0.825208 0.886783 0.686840 0.713811 0.514891 0.941172 0.776457 0.495093 0.406330 0.479599 0.788886 0.717245 0.918713 0.891200 0.684467 0.947300 0.533091 0.509619 0.440248 0.909897 0.405400 0.662126 0.528546 0.657973 0.740836 0.955516 0.708033 0.737671 0.957683 0.870726 0.490505 0.486551 0.924921 0.727753 0.607215 0.541781 0.942154 0.878119 0.387942 0.531051 0.782714 0.655962 0.426034 0.479350 0.585576 0.729058 0.721944 0.827661 0.254767 0.405655 0.316010 0.403144 0.575604 0.510467 0.722003 0.869001 0.740066 0.811424 0.726202 0.857987 0.647124 0.954733 0.709621 0.778209 0.778600 0.731301 0.741487 0.657924 0.506117 0.296136 0.744380 0.943108 0.555755 0.578543 0.978610 0.800881 0.847575 0.966695 0.886188 0.747043 0.567295 0.749259 0.966599 0.908848 0.984451 0.860330 0.935138 0.959551 0.581201 0.443564 0.855776 0.808141 0.965340 0.724462 0.940293 0.873557 0.954362 0.864343 0.624215 0.970576
0.742991 0.704442 0.314936 0.000000 0.840467 0.650605 0.648146 0.465592 0.876225 0.585474 0.982141 0.839473 0.757146 0.765424 0.946798 0.709611 0.997526 0.960262 0.867763 0.847965 0.557422 0.990878 0.929665 0.406462 0.370701 0.385721 0.806591 0.655841 0.782871 0.766894 0.701696 0.953543 0.705232 0.608668 0.530592 0.705848 0.490756 0.620347 0.424784 0.527430 0.750760 0.942389 0.516200 0.612931 0.903486 0.840094 0.429719 0.467016 0.808874 0.854992 0.592557 0.554084 0.981300 0.906296 0.524026 0.536133 0.944484 0.829749 0.533684 0.580547 0.752424 0.800131 0.917714 0.989808 0.348602 0.316781 0.319907 0.305503 0.808199 0.703228 0.688367 0.920275 0.982702 0.968249 0.788183 0.890275 0.584054 0.800465 0.771921 0.867872 0.996407 0.937895 0.878207 0.805381 0.726083 0.305737 0.857032 0.790056 0.698997 0.650612 0.789459 0.999369 0.633274 0.860866 0.871025 0.713861 0.616839 0.757544 0.986624 0.986216 0.872404 0.887334 0.955552 0.903923 0.528892 0.385220 0.826077 0.728263 0.924064 0.777093 0.892919 0.899779 0.796739 0.799689 0.628891 0.903264
0.692642 0.769830 0.920946 0.840467 0.000000 0.790508 0.830957 0.938261 0.765586 0.823737 0.725875 0.746438 0.643811 0.748314 0.794207 0.821464 0.707181 0.782501 0.688170 0.834343 0.826534 0.941818 0.765797 0.924549 0.783770 0.737046 0.839731 0.850295 0.679711 0.681946 0.822591 0.991320 0.899310 0.870968 0.962113 0.740599 0.848980 0.889837 0.833147 0.923739 0.836660 0.837314 0.881390 0.902167 0.892903 0.872638 0.941846 0.839581 0.765342 0.770419 0.839761 0.842821 0.859121 0.927632 0.962619 0.948137 0.719942 0.807107 0.783255 0.864505 0.697471 0.735939 0.669665 0.641531 0.962981 0.905810 0.885150 0.800508 0.767444 0.802128 0.948725 0.777501 0.905399 0.902588 0.982806 0.967429 0.866340 0.964860 0.806865 0.960348 0.705451 0.789512 0.752047 0.828834 0.708585 0.999572 0.817136 0.748063 0.808002 0.869391 0.721445 0.817855 0.591172 0.713944 0.856514 0.949474 0.901025 0.722388 0.998210 0.973839 0.741273 0.990237 0.946230 0.838308 0.977826 0.961808 0.989601 0.844881 0.956414 0.970454 0.819223 0.851837 0.837956 0.916138 0.947511 0.861909
0.975829 0.976806 0.778741 0.650605 0.790508 0.000000 0.971007 0.806817 0.826838 0.803369 0.942472 0.989536 0.929774 0.956409 0.779296 0.976166 0.930062 0.937754 0.896108 0.955821 0.643826 0.977393 0.734654 0.918823 0.688474 0.555043 0.994907 0.541209 0.832170 0.817462 0.982018 0.924292 0.986317 0.879312 0.801987 0.796202 0.826671 0.934263 0.728890 0.508263 0.650511 0.911235 0.625871 0.644417 0.976870 0.892697 0.778504 0.787535 0.823527 0.880829 0.927539 0.946273 0.868647 0.847353 0.873460 0.738416 0.986979 0.993634 0.895647 0.938064 0.962125 0.975287 0.873037 0.834242 0.777221 0.615378 0.656588 0.560875 0.977705 0.914821 0.928061 0.975539 0.977303 0.951258 0.928283 0.988045 0.888028 0.833615 0.936842 0.849182 0.893417 0.987236 0.870749 0.960522 0.929082 0.735903 0.963709 0.786398 0.938173 0.870676 0.631253 0.773866 0.599279 0.680626 0.916856 0.687342 0.791094 0.663460 0.898387 0.867966 0.668455 0.972544 0.884021 0.886006 0.924487 0.732328 0.930956 0.910926 0.929970 0.982417 0.870344 0.938748 0.941862 0.928618 0.929720 0.769367
0.502930 0.588152 0.543312 0.648146 0.830957 0.971007 0.000000 0.379845 0.602995 0.789960 0.526919 0.552869 0.323491 0.349005 0.510069 0.538753 0.589193 0.599538 0.337907 0.502549 0.836455 0.949342 0.654421 0.750864 0.995575 0.981304 0.892264 0.946647 0.557346 0.613890 0.672387 0.656157 0.341075 0.292427 0.789607 0.967953 0.768321 0.830500 0.981063 0.950716 0.900494 0.954520 0.592742 0.501413 0.529876 0.433053 0.532692 0.341320 0.597200 0.465717 0.427024 0.501605 0.670154 0.779337 0.605735 0.622861 0.621321 0.654902 0.417675 0.575533 0.325216 0.469681 0.443847 0.527989 0.734575 0.717438 0.500098 0.615477 0.783024 0.632431 0.619515 0.722556 0.556650 0.598694 0.783388 0.690042 0.512976 0.682666 0.594739 0.644243 0.639014 0.727350 0.667302 0.710835 0.602530 0.602494 0.882740 0.897947 0.684809 0.784006 0.851519 0.990450 0.999276 0.912193 0.926906 0.943680 0.526086 0.890430 0.529871 0.585177 0.925422 0.732122 0.562621 0.550761 0.669316 0.697527 0.822851 0.719065 0.930980 0.724084 0.748497 0.548263 0.713615 0.624447 0.713897 0.630242
0.562559 0.517960 0.600609 0.465592 0.938261 0.806817 0.379845 0.000000 0.796158 0.933434 0.581781 0.433355 0.503550 0.390138 0.798888 0.541029 0.661478 0.657466 0.518442 0.560109 0.858486 0.921288 0.928673 0.698400 0.916498 0.900038 0.926013 0.985905 0.658935 0.679678 0.837357 0.775075 0.537114 0.383925 0.920544 0.942536 0.688869 0.698771 0.774436 0.748431 0.918620 0.879784 0.440481 0.454108 0.742613 0.507483 0.381002 0.330283 0.685960 0.578550 0.358548 0.433315 0.816126 0.976039 0.565766 0.567788 0.640610 0.605732 0.432594 0.506881 0.423404 0.367970 0.551267 0.557740 0.749811 0.461524 0.500212 0.509512 0.771164 0.582188 0.767483 0.899472 0.751299 0.768824 0.790469 0.730411 0.512238 0.592856 0.638163 0.669128 0.690611 0.746084 0.700004 0.737907 0.738980 0.486222 0.873312 0.906850 0.746922 0.759569 0.842322 0.983381 0.903510 0.877693 0.940020 0.769156 0.514827 0.813955 0.580020 0.601676 0.762273 0.907997 0.633481 0.573717 0.610437 0.519204 0.791722 0.692306 0.861708 0.697115 0.732152 0.569372 0.615797 0.647410 0.632969 0.743056
0.858200 0.920039 0.936291 0.876225 0.765586 0.826838 0.602995 0.796158 0.000000 0.457743 0.740262 0.864145 0.651455 0.665408 0.517647 0.599168 0.797208 0.804010 0.657559 0.874591 0.929214 0.852150 0.705191 0.994115 0.679082 0.657670 0.818960 0.791170 0.609109 0.686734 0.847701 0.767925 0.732610 0.741813 0.982945 0.770675 0.881365 0.859477 0.686693 0.781223 0.917297 0.861969 0.865555 0.698886 0.480186 0.519460 0.885729 0.784150 0.513493 0.622985 0.728780 0.787268 0.510686 0.565194 0.939886 0.987758 0.860227 0.901707 0.832573 0.972580 0.681324 0.746017 0.686950 0.693147 0.853815 0.772107 0.963129 0.923321 0.884081 0.948346 0.932821 0.895874 0.829945 0.876675 0.878842 0.844740 0.886177 0.787537 0.838578 0.940508 0.865336 0.997546 0.915961 0.951452 0.986972 0.871898 0.954566 0.842609 0.991145 0.902740 0.966045 0.905274 0.761030 0.893015 0.926632 0.891586 0.969475 0.893493 0.646098 0.650624 0.933307 0.741317 0.707158 0.664892 0.934148 0.993806 0.871322 0.926907 0.979903 0.953892 0.835092 0.770395 0.734537 0.773076 0.922263 0.708117
0.879693 0.836373 0.573695 0.585474 0.823737 0.803369 0.789960 0.933434 0.457743 0.000000 0.832501 0.972324 0.892308 0.834724 0.605628 0.757215 0.953339 0.920671 0.845412 0.960163 0.751777 0.927825 0.882663 0.661251 0.407013 0.481716 0.662859 0.647184 0.563040 0.650921 0.898411 0.642773 0.990268 0.932068 0.585441 0.886225 0.674820 0.774516 0.468001 0.579410 0.793766 0.984626 0.878809 0.746183 0.402296 0.501772 0.862565 0.965441 0.419421 0.699170 0.810418 0.936598 0.513349 0.442618 0.707709 0.747850 0.986058 0.878548 0.920672 0.886287 0.867501 0.868438 0.891314 0.810321 0.459828 0.516401 0.689378 0.671626 0.701678 0.838875 0.924614 0.842540 0.835361 0.778366 0.956828 0.835635 0.921245 0.861346 0.997160 0.987222 0.977054 0.793793 0.910294 0.758606 0.707851 0.504222 0.829637 0.977425 0.761217 0.725278 0.860524 0.707550 0.844797 0.961253 0.996957 0.837980 0.843528 0.921439 0.519625 0.455479 0.836491 0.682578 0.635357 0.677509 0.845837 0.741008 0.900587 0.865978 0.912410 0.894912 0.784565 0.754866 0.699312 0.784380 0.899416 0.830722
0.403198 0.467619 0.851748 0.982141 0.725875 0.942472 0.526919 0.581781 0.740262 0.832501 0.000000 0.329656 0.421518 0.511415 0.698036 0.784456 0.384980 0.374206 0.385019 0.373878 0.958795 0.991591 0.888876 0.893302 0.735244 0.692836 0.816508 0.778817 0.465752 0.363471 0.846699 0.962447 0.559699 0.465607 0.910949 0.713570 0.923538 0.956113 0.830495 0.910688 0.921104 0.927566 0.971904 0.948553 0.839153 0.774194 0.831553 0.649564 0.603597 0.621360 0.706122 0.734724 0.997239 0.862300 0.721721 0.687869 0.443927 0.434124 0.564584 0.609892 0.354448 0.371541 0.351359 0.346396 0.947859 0.819773 0.845326 0.930840 0.601987 0.544370 0.907390 0.958788 0.517274 0.637644 0.703174 0.875044 0.845323 0.838377 0.612208 0.557524 0.370044 0.402718 0.585709 0.559023 0.601113 0.786956 0.812746 0.766788 0.735502 0.778386 0.778329 0.641971 0.678124 0.575600 0.780885 0.923338 0.659607 0.918221 0.798607 0.933806 0.952946 0.962637 0.680877 0.746225 0.950648 0.916708 0.872101 0.895259 0.828104 0.779570 0.907348 0.783514 0.920723 0.797992 0.822426 0.649535
0.315063 0.258290 0.758461 0.839473 0.746438 0.989536 0.552869 0.433355 0.864145 0.972324 0.329656 0.000000 0.397356 0.402658 0.757502 0.721407 0.322910 0.327841 0.349128 0.317428 0.977089 0.927727 0.813282 0.898521 0.835140 0.747272 0.950722 0.843664 0.443789 0.365600 0.877085 0.993952 0.506836 0.451120 0.963978 0.826164 0.771183 0.815092 0.979922 0.945512 0.966911 0.976327 0.877864 0.858690 0.907478 0.801567 0.573904 0.583391 0.660581 0.565542 0.570734 0.583181 0.985858 0.811449 0.628105 0.669940 0.299699 0.282031 0.472400 0.483203 0.307268 0.234536 0.284809 0.252635 0.856832 0.636099 0.780462 0.865247 0.457032 0.398670 0.889475 0.885549 0.561184 0.757857 0.722063 0.720054 0.754706 0.726391 0.507409 0.498714 0.307367 0.350656 0.483722 0.506489 0.492417 0.585149 0.687989 0.732106 0.644092 0.676829 0.663842 0.547585 0.613066 0.488078 0.871422 0.923077 0.529257 0.999912 0.846741 0.860091 0.887153 0.949142 0.752057 0.702333 0.837476 0.757464 0.944639 0.966794 0.837821 0.664353 0.849897 0.720414 0.846245 0.838499 0.713329 0.683965
0.302355 0.356398 0.601442 0.757146 0.643811 0.929774 0.323491 0.503550 0.651455 0.892308 0.421518 0.397356 0.000000 0.348389 0.468756 0.495572 0.365320 0.411567 0.257561 0.349593 0.863465 0.950993 0.502135 0.700248 0.975095 0.829928 0.986076 0.923766 0.485305 0.487575 0.849652 0.815781 0.339660 0.340620 0.812956 0.895509 0.772847 0.858380 0.939604 0.990616 0.841881 0.980918 0.851719 0.732978 0.735051 0.632713 0.575559 0.448216 0.633589 0.446842 0.523697 0.520844 0.781965 0.928847 0.574425 0.648372 0.419163 0.411334 0.400387 0.511508 0.255089 0.381150 0.255788 0.324746 0.652451 0.755030 0.663137 0.821821 0.560712 0.470897 0.689117 0.913496 0.537206 0.674139 0.808528 0.764961 0.585310 0.754121 0.509493 0.524958 0.402217 0.478206 0.470445 0.498514 0.357925 0.547452 0.685477 0.630463 0.563061 0.593934 0.779447 0.670290 0.657914 0.608567 0.988367 0.957129 0.551310 0.994526 0.752679 0.781170 0.810387 0.965482 0.748037 0.669428 0.726572 0.715986 0.996684 0.953546 0.945945 0.808120 0.929965 0.673101 0.782595 0.781707 0.718436 0.653128
0.484438 0.459016 0.751999 0.765424 0.748314 0.956409 0.349005 0.390138 0.665408 0.834724 0.511415 0.402658 0.348389 0.000000 0.566806 0.482787 0.448024 0.424130 0.319048 0.370082 0.980880 0.972440 0.615327 0.687451 0.854013 0.831193 0.988762 0.882218 0.420359 0.463769 0.853423 0.663355 0.412044 0.397863 0.912772 0.955270 0.843999 0.782778 0.960189 0.964802 0.987472 0.879205 0.696177 0.588493 0.677026 0.546682 0.521484 0.459063 0.639180 0.545909 0.535528 0.585841 0.831420 0.919801 0.724584 0.737330 0.438515 0.518449 0.561393 0.690132 0.389401 0.417361 0.375485 0.391498 0.840345 0.741033 0.740266 0.806497 0.741575 0.632454 0.698354 0.807089 0.697393 0.717658 0.855899 0.657012 0.605554 0.598708 0.499994 0.542301 0.469725 0.556185 0.487704 0.601034 0.526789 0.586996 0.842064 0.661992 0.713431 0.683478 0.918892 0.877127 0.795220 0.733346 0.947310 0.932777 0.557635 0.950824 0.679597 0.634753 0.906800 0.858010 0.690978 0.646371 0.767996 0.828423 0.992531 0.903802 0.938176 0.681791 0.802417 0.669170 0.726882 0.676002 0.791574 0.622409
0.702391 0.763130 0.937981 0.946798 0.794207 0.779296 0.510069 0.798888 0.517647 0.605628 0.698036 0.757502 0.468756 0.566806 0.000000 0.425208 0.608606 0.616426 0.547838 0.690773 0.986591 0.960984 0.432752 0.837777 0.803356 0.710810 0.948645 0.863664 0.499407 0.565910 0.659967 0.572549 0.542979 0.660790 0.980757 0.852872 0.983568 0.899890 0.724946 0.703823 0.972379 0.943487 0.987523 0.792067 0.679280 0.677093 0.871420 0.770684 0.671159 0.639677 0.845321 0.854978 0.706348 0.757099 0.900308 0.950678 0.723630 0.763847 0.822042 0.948597 0.625095 0.731051 0.533061 0.575106 0.935140 0.779136 0.953427 0.819100 0.994654 0.890157 0.804437 0.847909 0.746290 0.868150 0.892641 0.747459 0.768533 0.848658 0.733032 0.747316 0.685933 0.846592 0.630400 0.720714 0.707170 0.932383 0.830307 0.682798 0.859406 0.849281 0.894500 0.953629 0.668482 0.774931 0.935845 0.842657 0.910243 0.830554 0.688005 0.739358 0.749666 0.873051 0.814944 0.797143 0.993108 0.912947 0.983844 0.900983 0.972848 0.992166 0.981683 0.669119 0.875540 0.705938 0.967862 0.690360
0.744610 0.726855 0.778000 0.709611 0.821464 0.976166 0.538753 0.541029 0.599168 0.757215 0.784456 0.721407 0.495572 0.482787 0.425208 0.000000 0.722627 0.740212 0.642337 0.745183 0.809287 0.946192 0.590989 0.633492 0.966555 0.999007 0.896675 0.948706 0.647932 0.762501 0.686627 0.687848 0.641996 0.644396 0.922720 0.988755 0.842375 0.903130 0.911224 0.942963 0.938539 0.924443 0.672585 0.559307 0.770483 0.584696 0.615486 0.586571 0.769411 0.696649 0.651851 0.672361 0.679846 0.750729 0.841860 0.945684 0.782539 0.784421 0.729398 0.847443 0.648733 0.669034 0.631531 0.667513 0.764139 0.877320 0.853571 0.885401 0.997246 0.829480 0.810191 0.887929 0.888044 0.828767 0.856368 0.685359 0.633743 0.759747 0.701030 0.752207 0.831700 0.930814 0.678907 0.765927 0.772052 0.684353 0.893841 0.889392 0.887592 0.779330 0.969758 0.961611 0.871007 0.912752 0.997428 0.960746 0.835520 0.889568 0.706542 0.682561 0.893786 0.991203 0.836095 0.716527 0.822300 0.808170 0.995627 0.830624 0.978684 0.972066 0.863764 0.674701 0.616559 0.552062 0.748236 0.853571
0.330468 0.312108 0.825208 0.997526 0.707181 0.930062 0.589193 0.661478 0.797208 0.953339 0.384980 0.322910 0.365320 0.448024 0.608606 0.722627 0.000000 0.216899 0.307569 0.285056 0.938636 0.981406 0.662353 0.877599 0.812073 0.689748 0.956719 0.879606 0.387109 0.312574 0.984169 0.925425 0.435405 0.476609 0.987861 0.784517 0.814823 0.857794 0.891445 0.992611 0.912150 0.893816 0.963640 0.891586 0.893922 0.843549 0.712357 0.724312 0.684358 0.628277 0.743506 0.733127 0.978021 0.846293 0.714997 0.746982 0.239521 0.282723 0.585483 0.649556 0.397977 0.403821 0.287356 0.263162 0.814732 0.815547 0.864354 0.993450 0.512729 0.518215 0.786971 0.975537 0.566971 0.779940 0.804589 0.768043 0.841830 0.705457 0.419709 0.423139 0.247443 0.299521 0.424740 0.462086 0.406791 0.656664 0.697085 0.589915 0.647617 0.675090 0.607364 0.602143 0.518688 0.545217 0.857653 0.957069 0.586289 0.950732 0.916580 0.944302 0.713546 0.962099 0.743797 0.750173 0.891129 0.913289 0.888215 0.831549 0.899665 0.788281 0.992907 0.769490 0.980227 0.738216 0.769025 0.700632
0.368457 0.343838 0.886783 0.960262 0.782501 0.937754 0.599538 0.657466 0.804010 0.920671 0.374206 0.327841 0.411567 0.424130 0.616426 0.740212 0.216899 0.000000 0.325630 0.238707 0.962461 0.993799 0.703204 0.906224 0.762871 0.648484 0.922695 0.850402 0.343920 0.274217 0.964124 0.887131 0.444262 0.512056 0.983358 0.844564 0.853833 0.784855 0.882130 0.933627 0.887820 0.880220 0.963882 0.878647 0.888057 0.865682 0.768909 0.752147 0.720756 0.699408 0.803792 0.823182 0.898972 0.817144 0.794362 0.800659 0.250828 0.314313 0.652280 0.712314 0.460915 0.443317 0.311334 0.281678 0.883058 0.850673 0.890681 0.964298 0.521907 0.532909 0.726007 0.910262 0.535569 0.714828 0.833211 0.762800 0.805579 0.656199 0.427473 0.413966 0.267617 0.302947 0.456924 0.498104 0.477756 0.711083 0.719177 0.585009 0.704089 0.764718 0.644083 0.650793 0.544005 0.603409 0.783684 0.952989 0.590214 0.896743 0.871944 0.892273 0.736024 0.945487 0.721772 0.728273 0.840362 0.970884 0.932021 0.815998 0.935868 0.756438 0.919231 0.756786 0.980705 0.742001 0.852585 0.682840
0.303432 0.344580 0.686840 0.867763 0.688170 0.896108 0.337907 0.518442 0.657559 0.845412 0.385019 0.349128 0.257561 0.319048 0.547838 0.642337 0.307569 0.325630 0.000000 0.292177 0.931002 0.982182 0.528911 0.765887 0.863853 0.742215 0.995008 0.857562 0.386495 0.357080 0.842993 0.798633 0.335449 0.336195 0.891915 0.915440 0.837645 0.846135 0.901551 0.969514 0.940249 0.957776 0.871560 0.755013 0.720787 0.661185 0.641208 0.508584 0.584946 0.448570 0.545095 0.556402 0.843709 0.958745 0.620793 0.683150 0.329113 0.370863 0.429665 0.518366 0.276124 0.353253 0.245098 0.266067 0.813792 0.820710 0.690388 0.888913 0.542280 0.486207 0.664182 0.854490 0.510954 0.704333 0.776496 0.758459 0.690644 0.708384 0.458382 0.517562 0.319288 0.397982 0.475972 0.532281 0.414509 0.632620 0.788086 0.630385 0.627623 0.676364 0.791596 0.668745 0.662435 0.582181 0.971520 0.963095 0.502604 0.962753 0.745670 0.739697 0.827722 0.877571 0.653333 0.665000 0.783496 0.819877 0.988588 0.976251 0.902779 0.696083 0.855882 0.677574 0.873457 0.742378 0.764115 0.622998
0.309687 0.291034 0.713811 0.847965 0.834343 0.955821 0.502549 0.560109 0.874591 0.960163 0.373878 0.317428 0.349593 0.370082 0.690773 0.745183 0.285056 0.238707 0.292177 0.000000 0.948366 0.998919 0.684697 0.797451 0.929067 0.823601 0.933621 0.893917 0.463092 0.366418 0.940714 0.898315 0.422038 0.425478 0.900475 0.922995 0.741373 0.673414 0.937596 0.976932 0.867227 0.881905 0.894087 0.831959 0.915668 0.859940 0.672856 0.641747 0.769245 0.662409 0.699298 0.707886 0.905926 0.816314 0.639950 0.679671 0.266400 0.292808 0.522161 0.579369 0.382951 0.415268 0.306817 0.311373 0.734665 0.696720 0.729038 0.868846 0.484105 0.471271 0.603118 0.858994 0.518557 0.667314 0.810572 0.815058 0.650644 0.669320 0.424867 0.421559 0.290961 0.300235 0.444949 0.463628 0.390676 0.570354 0.698341 0.635819 0.614850 0.661395 0.663162 0.618231 0.649357 0.640218 0.868320 0.974760 0.525185 0.915883 0.893924 0.908306 0.766946 0.959607 0.729013 0.774200 0.711636 0.840941 0.965227 0.902399 0.925815 0.646343 0.913563 0.791588 0.971847 0.794399 0.760159 0.702638
0.865157 0.879569 0.514891 0.557422 0.826534 0.643826 0.836455 0.858486 0.929214 0.751777 0.958795 0.977089 0.863465 0.980880 0.986591 0.809287 0.938636 0.962461 0.931002 0.948366 0.000000 0.952571 0.915847 0.676405 0.517594 0.507764 0.701862 0.643807 0.797266 0.790484 0.673098 0.927110 0.797272 0.801745 0.624300 0.732399 0.682576 0.720443 0.623344 0.643635 0.825762 0.948312 0.702384 0.668253 0.977260 0.855003 0.710613 0.717496 0.858664 0.910773 0.806637 0.742062 0.951343 0.998803 0.754852 0.784466 0.990225 0.923061 0.714288 0.796930 0.920223 0.969746 0.973999 0.940747 0.526879 0.665479 0.532959 0.570934 0.867261 0.792324 0.773420 0.824133 0.899071 0.915406 0.912040 0.917875 0.655353 0.840621 0.921874 0.908260 0.958843 0.971002 0.958863 0.982759 0.877624 0.592890 0.980203 0.814075 0.905929 0.786340 0.798490 0.932500 0.728872 0.817167 0.894486 0.796979 0.760267 0.865770 0.974242 0.987992 0.823619 0.907642 0.909147 0.991595 0.719519 0.598126 0.989169 0.993987 0.984157 0.990355 0.958425 0.989438 0.902511 0.862250 0.758852 0.887027
0.969717 0.998116 0.941172 0.990878 0.941818 0.977393 0.949342 0.921288 0.852150 0.927825 0.991591 0.927727 0.950993 0.972440 0.960984 0.946192 0.981406 0.993799 0.982182 0.998919 0.952571 0.000000 0.974034 0.961370 0.995199 0.973658 0.878086 0.995794 0.969751 0.918803 0.907337 0.980999 0.898421 0.967480 0.975380 0.981911 0.991216 0.965747 0.955299 0.894319 0.900324 0.743535 0.913813 0.914222 0.959019 0.976414 0.979110 0.987786 0.966136 0.960900 0.997596 0.966177 0.942052 0.971696 0.862514 0.981535 0.960611 0.966631 0.968589 0.967919 0.982692 0.980242 0.960441 0.973058 0.906834 0.972559 0.960674 0.983130 0.958180 0.975293 0.899058 0.928843 0.971752 0.938438 0.918214 0.963553 0.979479 0.797031 0.983603 0.903848 0.984467 0.993168 0.845222 0.977093 0.861161 0.949961 0.917420 0.862183 0.795216 0.920927 0.979982 0.977687 0.972263 0.972844 0.899241 0.894651 0.874164 0.910234 0.972782 0.946036 0.939553 0.809856 0.971955 0.958934 0.973289 0.884531 0.990083 0.961914 0.886861 0.948952 0.943933 0.963156 0.993994 0.924574 0.985642 0.863961
0.632879 0.662375 0.776457 0.929665 0.765797 0.734654 0.654421 0.928673 0.705191 0.882663 0.888876 0.813282 0.502135 0.615327 0.432752 0.590989 0.662353 0.703204 0.528911 0.684697 0.915847 0.974034 0.000000 0.563375 0.945271 0.848275 0.799479 0.999888 0.649672 0.712424 0.603177 0.731451 0.557429 0.772566 0.793954 0.968610 0.888462 0.967212 0.894604 0.762669 0.945667 0.988326 0.919885 0.920421 0.872585 0.865848 0.820736 0.766731 0.823792 0.592709 0.831846 0.742014 0.689893 0.736649 0.806044 0.964007 0.683232 0.700739 0.750427 0.785849 0.657751 0.803842 0.550315 0.577507 0.769837 0.837798 0.962120 0.839717 0.811321 0.774174 0.758167 0.808788 0.834807 0.979844 0.925100 0.846314 0.825894 0.998328 0.614833 0.746869 0.638276 0.778822 0.632858 0.689388 0.511552 0.769957 0.810921 0.541017 0.739670 0.644432 0.745832 0.758025 0.618398 0.648828 0.905349 0.835564 0.828145 0.863977 0.957196 0.916236 0.567526 0.952171 0.976887 0.916427 0.985689 0.988645 0.955661 0.979586 0.888254 0.919727 0.949235 0.893743 0.951908 0.943088 0.920515 0.843262
0.764612 0.700119 0.495093 0.406462 0.924549 0.918823 0.750864 0.698400 0.994115 0.661251 0.893302 0.898521 0.700248 0.687451 0.837777 0.633492 0.877599 0.906224 0.765887 0.797451 0.676405 0.961370 0.563375 0.000000 0.477944 0.630458 0.628958 0.740729 0.976830 0.936490 0.684731 0.858961 0.700561 0.746852 0.594376 0.804421 0.627809 0.725720 0.609877 0.793743 0.816080 0.908644 0.784020 0.765849 0.865208 0.973114 0.578117 0.643831 0.786507 0.897103 0.833963 0.743141 0.975407 0.932675 0.681283 0.777380 0.844710 0.784076 0.735268 0.802277 0.848062 0.908956 0.831650 0.889668 0.454364 0.618631 0.603240 0.674434 0.819143 0.786195 0.656222 0.864708 0.928316 0.821729 0.890128 0.874651 0.725547 0.822167 0.676104 0.894426 0.860535 0.839846 0.709592 0.690546 0.595345 0.403460 0.737238 0.835213 0.751078 0.625478 0.981341 0.854294 0.930053 0.968816 0.950208 0.829759 0.814695 0.941982 0.888486 0.973917 0.817372 0.891474 0.834206 0.906397 0.663145 0.641256 0.939027 0.928896 0.953446 0.843663 0.956672 0.999313 0.948845 0.889969 0.832879 0.982643
0.893191 0.911440 0.406330 0.370701 0.783770 0.688474 0.995575 0.916498 0.679082 0.407013 0.735244 0.835140 0.975095 0.854013 0.803356 0.966555 0.812073 0.762871 0.863853 0.929067 0.517594 0.995199 0.945271 0.477944 0.000000 0.282089 0.640364 0.543033 0.533461 0.539984 0.713788 0.804605 0.917578 0.924957 0.453027 0.718360 0.506469 0.709187 0.397212 0.569459 0.762449 0.907646 0.844438 0.913090 0.645677 0.812399 0.716717 0.767117 0.571166 0.884290 0.946566 0.826293 0.864662 0.782878 0.588374 0.683670 0.886669 0.971491 0.763258 0.758644 0.932571 0.859266 0.849438 0.764481 0.322468 0.518983 0.503313 0.519238 0.827970 0.788252 0.795703 0.939909 0.898811 0.871373 0.960384 0.914221 0.845020 0.949745 0.989913 0.950867 0.884103 0.992492 0.984152 0.824530 0.765900 0.451659 0.808253 0.840618 0.730429 0.670036 0.920858 0.926687 0.679201 0.811205 0.907675 0.771477 0.814817 0.787013 0.718518 0.732920 0.990089 0.765320 0.766760 0.816759 0.697879 0.537743 0.892716 0.904301 0.956778 0.910459 0.855890 0.851952 0.946712 0.982315 0.804963 0.735720
0.937311 0.937957 0.479599 0.385721 0.737046 0.555043 0.981304 0.900038 0.657670 0.481716 0.692836 0.747272 0.829928 0.831193 0.710810 0.999007 0.689748 0.648484 0.742215 0.823601 0.507764 0.973658 0.848275 0.630458 0.282089 0.000000 0.790433 0.494045 0.493719 0.471596 0.718520 0.953135 0.994983 0.948138 0.498043 0.701465 0.572778 0.746001 0.445443 0.507266 0.740253 0.986884 0.682783 0.778872 0.749899 0.903450 0.729168 0.831907 0.570711 0.817299 0.936250 0.866702 0.889334 0.847700 0.691478 0.686751 0.778134 0.871674 0.833697 0.856777 0.838757 0.758002 0.694961 0.620872 0.435306 0.494873 0.460013 0.424800 0.954697 0.973058 0.788898 0.874237 0.866912 0.956447 0.973220 0.928197 0.840218 0.942782 0.928599 0.963611 0.713502 0.843716 0.852188 0.965520 0.981102 0.552260 0.940722 0.636750 0.897682 0.805024 0.720964 0.838354 0.478292 0.617612 0.837694 0.719924 0.863423 0.769733 0.805365 0.795599 0.845996 0.869751 0.900804 0.802204 0.726524 0.573083 0.836311 0.906028 0.954717 0.967248 0.939943 0.862910 0.993810 0.971469 0.829235 0.661116
0.957095 0.900321 0.788886 0.806591 0.839731 0.994907 0.892264 0.926013 0.818960 0.662859 0.816508 0.950722 0.986076 0.988762 0.948645 0.896675 0.956719 0.922695 0.995008 0.933621 0.701862 0.878086 0.799479 0.628958 0.640364 0.790433 0.000000 0.888504 0.961420 0.917629 0.801695 0.908858 0.914919 0.951541 0.852997 0.697835 0.769729 0.738372 0.784058 0.967496 0.930307 0.854947 0.930662 0.934470 0.684972 0.743003 0.929625 0.934587 0.677102 0.850232 0.874366 0.933583 0.785702 0.807118 0.852343 0.943969 0.938888 0.920095 0.956747 0.956962 0.864363 0.879573 0.998915 0.977189 0.664217 0.847357 0.883334 0.951129 0.851646 0.962842 0.834977 0.915758 0.883713 0.824249 0.916717 0.889148 0.957504 0.974001 0.862300 0.916771 0.917548 0.892925 0.726197 0.872171 0.771645 0.713557 0.841191 0.826420 0.787238 0.862695 0.857414 0.859570 0.985045 0.954539 0.999418 0.982607 0.947081 0.986114 0.807083 0.826056 0.848652 0.790928 0.727055 0.778481 0.884209 0.938523 0.963863 0.854663 0.943081 0.994801 0.814527 0.924020 0.820779 0.890080 0.944530 0.767181
0.972341 0.996426 0.717245 0.655841 0.850295 0.541209 0.946647 0.985905 0.791170 0.647184 0.778817 0.843664 0.923766 0.882218 0.863664 0.948706 0.879606 0.850402 0.857562 0.893917 0.643807 0.995794 0.999888 0.740729 0.543033 0.494045 0.888504 0.000000 0.738700 0.665034 0.930684 0.998595 0.994674 0.993879 0.599089 0.722638 0.836102 0.999564 0.664016 0.593443 0.712132 0.942502 0.751534 0.838584 0.837426 0.949512 0.810131 0.829363 0.725125 0.852459 0.983006 0.928345 0.901682 0.919991 0.790220 0.732659 0.887547 0.938211 0.880369 0.932346 0.899859 0.857074 0.849598 0.777772 0.609323 0.718873 0.678331 0.684217 0.962622 0.915654 0.831624 0.998974 0.841559 0.920279 0.961902 0.968652 0.829006 0.903229 0.919145 0.910967 0.847107 0.927392 0.889904 0.996110 0.974169 0.706083 0.997503 0.784245 0.949079 0.808555 0.809957 0.892852 0.697562 0.768635 0.897346 0.954147 0.939626 0.866711 0.934095 0.873864 0.995823 0.817220 0.951472 0.827730 0.946298 0.730635 0.855746 0.998185 0.985692 0.959470 0.961604 0.803907 0.994689 0.948242 0.964154 0.695091
0.587892 0.583768 0.918713 0.782871 0.679711 0.832170 0.557346 0.658935 0.609109 0.563040 0.465752 0.443789 0.485305 0.420359 0.499407 0.647932 0.387109 0.343920 0.386495 0.463092 0.797266 0.969751 0.649672 0.976830 0.533461 0.493719 0.961420 0.738700 0.000000 0.235427 0.990739 0.708716 0.551870 0.566042 0.774767 0.779854 0.964615 0.991331 0.615582 0.763842 0.914741 0.944425 0.898859 0.772208 0.627492 0.645870 0.843174 0.750005 0.485927 0.609595 0.746633 0.839021 0.827059 0.887503 0.956656 0.946903 0.420396 0.546201 0.759244 0.831845 0.514254 0.476096 0.378530 0.345464 0.815769 0.884194 0.915486 0.804634 0.776549 0.740903 0.853249 0.871595 0.634682 0.779337 0.936361 0.704131 0.831663 0.745660 0.532518 0.562253 0.428953 0.564858 0.547526 0.751355 0.711234 0.959394 0.891407 0.642848 0.854540 0.913146 0.836455 0.897537 0.587641 0.657968 0.904075 0.918811 0.772691 0.839960 0.650245 0.630409 0.896506 0.818306 0.645760 0.593257 0.982810 0.863439 0.988153 0.934081 0.915804 0.826780 0.811685 0.645023 0.856171 0.690476 0.951982 0.647126
0.503698 0.514449 0.891200 0.766894 0.681946 0.817462 0.613890 0.679678 0.686734 0.650921 0.363471 0.365600 0.487575 0.463769 0.565910 0.762501 0.312574 0.274217 0.357080 0.366418 0.790484 0.918803 0.712424 0.936490 0.539984 0.471596 0.917629 0.665034 0.235427 0.000000 0.959313 0.746281 0.560910 0.592972 0.724076 0.743185 0.978222 0.943146 0.619453 0.750684 0.936118 0.883269 0.979285 0.917278 0.773676 0.797584 0.908244 0.838770 0.574112 0.677348 0.830864 0.898519 0.960849 0.936320 0.935113 0.944675 0.337898 0.455555 0.762958 0.806335 0.500773 0.450686 0.368349 0.302690 0.795905 0.931011 0.906790 0.781538 0.691721 0.694976 0.857231 0.932120 0.559025 0.781203 0.835241 0.754642 0.935477 0.734459 0.533789 0.545172 0.334839 0.432155 0.540252 0.661078 0.663742 0.951325 0.815326 0.614842 0.846149 0.907860 0.741836 0.746158 0.539221 0.589390 0.815622 0.918489 0.730899 0.855767 0.752672 0.738773 0.856310 0.787230 0.621869 0.610297 0.967715 0.895458 0.910536 0.869669 0.975908 0.801110 0.864423 0.719758 0.968656 0.761351 0.937256 0.615487
0.957573 0.990136 0.684467 0.701696 0.822591 0.982018 0.672387 0.837357 0.847701 0.898411 0.846699 0.877085 0.849652 0.853423 0.659967 0.686627 0.984169 0.964124 0.842993 0.940714 0.673098 0.907337 0.603177 0.684731 0.713788 0.718520 0.801695 0.930684 0.990739 0.959313 0.000000 0.638136 0.711259 0.794792 0.741097 0.754097 0.704172 0.807932 0.933426 0.969415 0.945897 0.935163 0.698927 0.644418 0.781791 0.760925 0.855827 0.784108 0.962191 0.788359 0.784960 0.796399 0.659982 0.664070 0.842220 0.999748 0.972055 0.958984 0.853171 0.905895 0.936356 0.936536 0.979153 0.991593 0.741095 0.996916 0.723636 0.823229 0.883929 0.970929 0.642901 0.553208 0.871599 0.894861 0.844579 0.846001 0.634068 0.848773 0.824912 0.845461 0.935876 0.829870 0.980792 0.906187 0.943130 0.824577 0.896016 0.855981 0.987314 0.934296 0.826978 0.796419 0.826581 0.801869 0.943439 0.996269 0.862362 0.945895 0.905466 0.839978 0.984959 0.821881 0.773562 0.895403 0.732184 0.858558 0.851554 0.746041 0.955310 0.962289 0.925014 0.818305 0.907932 0.778429 0.901766 0.872231
0.986611 0.932560 0.947300 0.953543 0.991320 0.924292 0.656157 0.775075 0.767925 0.642773 0.962447 0.993952 0.815781 0.663355 0.572549 0.687848 0.925425 0.887131 0.798633 0.898315 0.927110 0.980999 0.731451 0.858961 0.804605 0.953135 0.908858 0.998595 0.708716 0.746281 0.638136 0.000000 0.734471 0.807949 0.902273 0.850660 0.962154 0.985399 0.826940 0.791918 0.996362 0.892702 0.743088 0.666726 0.688341 0.676655 0.906767 0.860710 0.809751 0.822255 0.837813 0.928590 0.717609 0.699811 0.952947 0.953406 0.968416 0.908844 0.993155 0.924456 0.906847 0.996721 0.910324 0.906192 0.863447 0.853513 0.955625 0.998557 0.806327 0.810605 0.777177 0.627959 0.871721 0.893736 0.997281 0.700660 0.813416 0.677114 0.826692 0.881866 0.995057 0.892104 0.917195 0.934130 0.950298 0.955576 0.782732 0.942680 0.861789 0.967178 0.725350 0.707171 0.853196 0.885232 0.979791 0.968730 0.972569 0.960577 0.599574 0.578049 0.917781 0.660380 0.593707 0.748067 0.910189 0.982378 0.759831 0.807729 0.847980 0.945880 0.821075 0.789964 0.852088 0.735710 0.878968 0.867403
0.378026 0.431869 0.533091 0.705232 0.899310 0.986317 0.341075 0.537114 0.732610 0.990268 0.559699 0.506836 0.339660 0.412044 0.542979 0.641996 0.435405 0.444262 0.335449 0.422038 0.797272 0.898421 0.557429 0.700561 0.917578 0.994983 0.914919 0.994674 0.551870 0.560910 0.711259 0.734471 0.000000 0.322778 0.687503 0.937835 0.633027 0.843707 0.904235 0.914284 0.778807 0.956041 0.779508 0.651590 0.774394 0.662391 0.555977 0.536020 0.711642 0.493344 0.547944 0.556544 0.786371 0.971007 0.529512 0.624463 0.430799 0.461932 0.436790 0.528581 0.375052 0.485401 0.347534 0.427546 0.640318 0.718186 0.546881 0.706402 0.582749 0.549530 0.645573 0.780958 0.520666 0.736676 0.769174 0.718677 0.607167 0.726056 0.481040 0.532075 0.448198 0.498245 0.549195 0.553841 0.419886 0.495052 0.851223 0.724397 0.587543 0.670109 0.906275 0.763279 0.823706 0.716817 0.986630 0.989740 0.435076 0.913336 0.770661 0.811379 0.888880 0.902163 0.681495 0.720711 0.763925 0.709379 0.944116 0.942875 0.992349 0.689056 0.786504 0.671559 0.892425 0.680077 0.705596 0.720479
0.383361 0.432427 0.509619 0.608668 0.870968 0.879312 0.292427 0.383925 0.741813 0.932068 0.465607 0.451120 0.340620 0.397863 0.660790 0.644396 0.476609 0.512056 0.336195 0.425478 0.801745 0.967480 0.772566 0.746852 0.924957 0.948138 0.951541 0.993879 0.566042 0.592972 0.794792 0.807949 0.322778 0.000000 0.796410 0.946496 0.674416 0.815198 0.900535 0.806400 0.743812 0.960651 0.619710 0.560114 0.681005 0.487030 0.495629 0.357872 0.571399 0.445362 0.401454 0.459624 0.795703 0.941271 0.499915 0.495180 0.473238 0.459813 0.333186 0.454284 0.302747 0.383667 0.399822 0.448510 0.648330 0.598771 0.461998 0.584188 0.621032 0.494436 0.680391 0.839313 0.580519 0.658487 0.704394 0.740287 0.511961 0.687987 0.507386 0.555139 0.480844 0.540596 0.574214 0.593738 0.506064 0.482698 0.877811 0.867429 0.631652 0.628039 0.988282 0.822923 0.941386 0.815078 0.956471 0.826789 0.496397 0.847918 0.682806 0.722247 0.924308 0.893211 0.651343 0.658738 0.701863 0.623450 0.895909 0.890834 0.996820 0.679626 0.756692 0.566843 0.767482 0.584489 0.671811 0.749602
0.759751 0.777028 0.440248 0.530592 0.962113 0.801987 0.789607 0.920544 0.982945 0.585441 0.910949 0.963978 0.812956 0.912772 0.980757 0.922720 0.987861 0.983358 0.891915 0.900475 0.624300 0.975380 0.793954 0.594376 0.453027 0.498043 0.852997 0.599089 0.774767 0.724076 0.741097 0.902273 0.687503 0.796410 0.000000 0.795931 0.544268 0.750417 0.539401 0.663920 0.737767 0.983167 0.863209 0.831959 0.934952 0.961896 0.723377 0.715728 0.753096 0.933270 0.859536 0.767431 0.962032 0.971978 0.633268 0.697177 0.950401 0.870416 0.691758 0.751033 0.877310 0.933660 0.937478 0.959200 0.397998 0.666659 0.485792 0.548715 0.740186 0.753344 0.636171 0.783345 0.896274 0.862188 0.972997 0.999541 0.755413 0.868252 0.831368 0.904195 0.997423 0.909491 0.976951 0.849068 0.685001 0.561903 0.979013 0.999596 0.731079 0.722037 0.973164 0.949989 0.873504 0.875238 0.763161 0.961796 0.745720 0.947606 0.822563 0.798214 0.733861 0.956000 0.921336 0.958738 0.698445 0.567652 0.868055 0.913968 0.868976 0.925889 0.880816 0.842919 0.992814 0.968639 0.799249 0.977107
0.850957 0.918312 0.909897 0.705848 0.740599 0.796202 0.967953 0.942536 0.770675 0.886225 0.713570 0.826164 0.895509 0.955270 0.852872 0.988755 0.784517 0.844564 0.915440 0.922995 0.732399 0.981911 0.968610 0.804421 0.718360 0.701465 0.697835 0.722638 0.779854 0.743185 0.754097 0.850660 0.937835 0.946496 0.795931 0.000000 0.880018 0.732014 0.727537 0.804934 0.976052 0.952257 0.771562 0.811769 0.922061 0.970728 0.915858 0.907263 0.780821 0.913093 0.948971 0.947433 0.909463 0.948168 0.921453 0.967095 0.789276 0.825355 0.986874 0.966184 0.838165 0.775351 0.764231 0.767281 0.861111 0.876559 0.745610 0.775048 0.898203 0.965349 0.722278 0.801042 0.970108 0.930864 0.794501 0.879225 0.681393 0.798073 0.910159 0.988896 0.743125 0.790916 0.863446 0.785144 0.870544 0.937066 0.865552 0.838354 0.955446 0.991951 0.758127 0.778768 0.621386 0.695806 0.833689 0.938024 0.890482 0.913122 0.985354 0.873620 0.927094 0.976973 0.959229 0.860348 0.761171 0.765011 0.833044 0.822060 0.922933 0.963937 0.954036 0.926837 0.940846 0.980230 0.997901 0.763905
0.610844 0.623240 0.405400 0.490756 0.848980 0.826671 0.768321 0.688869 0.881365 0.674820 0.923538 0.771183 0.772847 0.843999 0.983568 0.842375 0.814823 0.853833 0.837645 0.741373 0.682576 0.991216 0.888462 0.627809 0.506469 0.572778 0.769729 0.836102 0.964615 0.978222 0.704172 0.962154 0.633027 0.674416 0.544268 0.880018 0.000000 0.631481 0.599571 0.749095 0.763276 0.925896 0.728014 0.772438 0.902179 0.964257 0.576061 0.648094 0.916591 0.839357 0.722526 0.685211 0.934446 0.864661 0.507052 0.626422 0.734813 0.648759 0.610553 0.595878 0.746904 0.822081 0.792939 0.838381 0.456371 0.556485 0.501210 0.598306 0.614476 0.607107 0.766161 0.820121 0.718509 0.819252 0.837584 0.834041 0.692941 0.856748 0.708256 0.812609 0.795134 0.748570 0.720379 0.745890 0.650248 0.469455 0.798465 0.994089 0.685915 0.702002 0.847472 0.792202 0.962093 0.978355 0.985084 0.774130 0.666281 0.797323 0.911452 0.906185 0.902064 0.847199 0.911291 0.959548 0.573904 0.599526 0.885027 0.815096 0.979687 0.733832 0.997069 0.975174 0.991791 0.858864 0.643307 0.984377
0.797512 0.742041 0.662126 0.620347 0.889837 0.934263 0.830500 0.698771 0.859477 0.774516 0.956113 0.815092 0.858380 0.782778 0.899890 0.903130 0.857794 0.784855 0.846135 0.673414 0.720443 0.965747 0.967212 0.725720 0.709187 0.746001 0.738372 0.999564 0.991331 0.943146 0.807932 0.985399 0.843707 0.815198 0.750417 0.732014 0.631481 0.000000 0.608725 0.769670 0.968602 0.850414 0.672367 0.730430 0.995934 0.954436 0.703182 0.804040 0.867410 0.939538 0.841477 0.842619 0.796592 0.837472 0.774575 0.864324 0.758339 0.783765 0.834834 0.858811 0.897054 0.913293 0.922688 0.908498 0.682024 0.618990 0.650702 0.668869 0.770888 0.798526 0.611503 0.654357 0.903805 0.848679 0.991549 0.835933 0.716933 0.687118 0.756865 0.793602 0.885801 0.835591 0.877074 0.892363 0.830132 0.654930 0.895629 0.923231 0.728225 0.895444 0.971968 0.929428 0.882718 0.734313 0.977840 0.819128 0.758172 0.857665 0.995956 0.878801 0.948912 0.895460 0.849461 0.928646 0.504523 0.654065 0.793640 0.962830 0.953654 0.907612 0.932916 0.964217 0.872055 0.870611 0.682822 0.949428
