0.000000 0.353078 0.869548 0.976130 0.793042 0.864740 0.994665 0.671304 0.802004 0.701285 0.502124 0.353089 0.494860 0.488155 0.619522 0.677515 0.435527 0.372409 0.387009 0.316272 0.854923 0.929257 0.629935 0.756602 0.977958 0.659453 0.820204 0.825526 0.464817 0.534529 0.951819 0.925883 0.744549 0.868856 0.975096 0.806665 0.681538 0.938334 0.766097 0.831718 0.920189 0.843836 0.869440 0.836540 0.920100 0.748602 0.627644 0.703068 0.534843 0.613015 0.868054 0.925452 0.975073 0.729229 0.755060 0.933699 0.323471 0.438226 0.529444 0.658844 0.873795 0.727213 0.489648 0.397505 0.915494 0.774081 0.839065 0.783762 0.458893 0.517260 0.982999 0.919020 0.927592 0.922596 0.935311 0.914421 0.826101 0.911614 0.891018 0.770629 0.450358 0.422112 0.532096 0.600211 0.432998 0.731431 0.942195 0.690107 0.748665 0.493439 0.834831 0.699383 0.730048 0.619302 0.945284 0.961354 0.840628 0.963720 0.851309 0.859534 0.876528 0.761763 0.923489 0.940334 0.989236 0.874595 0.919515 0.782663 0.756429 0.917991 0.928899 0.814846 0.811074 0.920764 0.985808 0.885114
0.353078 0.000000 0.610778 0.902146 0.855230 0.711604 0.724582 0.774884 0.643823 0.774482 0.802512 0.384722 0.730935 0.499419 0.708317 0.638481 0.369688 0.361458 0.496299 0.345082 0.996920 0.925083 0.687686 0.741456 0.867433 0.599194 0.839417 0.718210 0.473415 0.514996 0.869891 0.995690 0.965582 0.962852 0.755768 0.805486 0.821248 0.813664 0.803726 0.740866 0.972243 0.908647 0.949897 0.836077 0.887652 0.667380 0.664898 0.780331 0.324560 0.498827 0.893363 0.940978 0.921320 0.635678 0.779494 0.968666 0.261787 0.263521 0.867686 0.816050 0.820101 0.770526 0.732760 0.526542 0.699385 0.650821 0.553616 0.624317 0.606030 0.462806 0.749631 0.620250 0.831252 0.727219 0.942727 0.990997 0.959193 0.820448 0.835173 0.749117 0.439283 0.353356 0.435437 0.474060 0.409505 0.658814 0.965577 0.590514 0.990138 0.689653 0.503258 0.458164 0.477930 0.382038 0.886215 0.968140 0.969116 0.914507 0.889381 0.904806 0.677913 0.524313 0.831800 0.808229 0.791202 0.840738 0.920438 0.608384 0.807422 0.957755 0.915330 0.981441 0.809523 0.978813 0.881966 0.835412
0.869548 0.610778 0.000000 0.437204 0.989546 0.529204 0.308574 0.569221 0.770010 0.794608 0.795182 0.884945 0.685141 0.892154 0.821078 0.965413 0.933833 0.884586 0.892304 0.859714 0.763215 0.888492 0.848582 0.945217 0.879671 0.522880 0.792956 0.812795 0.961508 0.922897 0.414681 0.456277 0.427535 0.479411 0.516594 0.800989 0.935920 0.756384 0.905720 0.919862 0.928639 0.903924 0.466710 0.550224 0.563591 0.721690 0.621829 0.550559 0.715817 0.970042 0.574141 0.596415 0.539258 0.408411 0.806994 0.971233 0.764121 0.596642 0.831780 0.958474 0.465205 0.916625 0.635743 0.853250 0.335934 0.519626 0.289035 0.349612 0.740840 0.800449 0.508754 0.469627 0.534391 0.510080 0.895936 0.938285 0.683868 0.550686 0.869318 0.927489 0.995177 0.820812 0.844093 0.875735 0.879005 0.990134 0.949007 0.988191 0.880821 0.929434 0.449316 0.611107 0.557721 0.643022 0.722537 0.897530 0.691800 0.937338 0.552974 0.483392 0.523811 0.542763 0.480930 0.517338 0.545271 0.477075 0.971517 0.732578 0.910338 0.672047 0.659726 0.644000 0.715810 0.706388 0.571479 0.996307
0.976130 0.902146 0.437204 0.000000 0.987147 0.705168 0.462867 0.423668 0.925173 0.691556 0.923060 0.893965 0.744273 0.652253 0.732349 0.703149 0.937617 0.939808 0.771033 0.871582 0.768769 0.836763 0.628682 0.660082 0.774784 0.556850 0.873096 0.933606 0.850865 0.772097 0.361019 0.438276 0.511569 0.507254 0.704790 0.870437 0.876543 0.855594 0.863284 0.896666 0.806014 0.896924 0.443263 0.517448 0.533080 0.595561 0.561137 0.538422 0.998214 0.757389 0.456570 0.440549 0.487375 0.496588 0.796031 0.917276 0.941513 0.846402 0.949414 0.926279 0.706711 0.833252 0.653335 0.836181 0.472314 0.507106 0.551016 0.521860 0.847195 0.892289 0.608305 0.539499 0.538557 0.633764 0.807140 0.929139 0.557480 0.523001 0.752821 0.812559 0.854257 0.914016 0.871817 0.940828 0.833303 0.673604 0.903155 0.820959 0.916926 0.881222 0.644074 0.826718 0.722828 0.918088 0.623662 0.877131 0.737297 0.869424 0.627236 0.614956 0.712414 0.704407 0.636440 0.721400 0.628049 0.480739 0.895751 0.866126 0.931744 0.825914 0.661433 0.726983 0.650523 0.774162 0.798662 0.911844
0.793042 0.855230 0.989546 0.987147 0.000000 0.958173 0.933386 0.895648 0.904663 0.948879 0.840388 0.800688 0.795798 0.741626 0.684026 0.697581 0.880254 0.885895 0.791252 0.801974 0.912146 0.925673 0.689668 0.613105 0.955537 0.855399 0.743787 0.762650 0.837317 0.860525 0.987633 0.986126 0.850808 0.976161 0.990865 0.912005 0.958372 0.844926 0.949363 0.955301 0.975213 0.897180 0.908733 0.886940 0.889083 0.914118 0.968672 0.868520 0.744921 0.786965 0.822247 0.862030 0.837391 0.998860 0.788107 0.942954 0.880297 0.992954 0.936662 0.987408 0.973077 0.724739 0.976769 0.895337 0.928662 0.968005 0.998423 0.920908 0.804731 0.820920 0.947196 0.957122 0.867771 0.923776 0.978656 0.983150 0.922626 0.805918 0.862669 0.990182 0.919183 0.928254 0.825339 0.868718 0.695788 0.746528 0.863053 0.661908 0.782502 0.867828 0.943791 0.965392 0.933436 0.960153 0.879941 0.993639 0.975176 0.974770 0.965587 0.894547 0.924754 0.944979 0.896809 0.976562 0.871628 0.939195 0.859664 0.968645 0.840538 0.798584 0.968819 0.876600 0.975150 0.956379 0.986597 0.825379
0.864740 0.711604 0.529204 0.705168 0.958173 0.000000 0.469762 0.673476 0.718088 0.753913 0.702842 0.928751 0.829843 0.930750 0.825604 0.842147 0.942083 0.942545 0.984617 0.850124 0.667943 0.985355 0.968897 0.950651 0.921806 0.678705 0.815333 0.908280 0.917369 0.965176 0.634889 0.661555 0.616697 0.688140 0.734459 0.973493 0.963273 0.875165 0.823752 0.983169 0.978371 0.925448 0.568386 0.656232 0.708775 0.825759 0.837326 0.758690 0.827544 0.991580 0.689167 0.735674 0.751378 0.609648 0.889980 0.804244 0.703673 0.576778 0.823080 0.881698 0.527917 0.866238 0.675899 0.849364 0.640805 0.538893 0.475565 0.531264 0.631233 0.749364 0.581486 0.547625 0.754326 0.599440 0.733228 0.740999 0.699738 0.702241 0.867114 0.795287 0.944465 0.853212 0.866990 0.844050 0.847925 0.852899 0.791176 0.913101 0.987624 0.881836 0.611733 0.650431 0.696778 0.703049 0.887981 0.873703 0.762294 0.906102 0.701250 0.581198 0.662389 0.674552 0.632373 0.717412 0.669998 0.685185 0.901965 0.813950 0.938026 0.933750 0.869823 0.707431 0.861256 0.912535 0.664604 0.967225
0.994665 0.724582 0.308574 0.462867 0.933386 0.469762 0.000000 0.431127 0.690533 0.600679 0.664611 0.982868 0.524690 0.765929 0.679319 0.747919 0.959939 0.959343 0.751388 0.901336 0.669364 0.915507 0.761888 0.893821 0.925901 0.616325 0.861675 0.917314 0.847462 0.744739 0.312627 0.411716 0.362822 0.390294 0.563263 0.876827 0.928712 0.748985 0.793571 0.907909 0.954725 0.900115 0.332003 0.413785 0.431713 0.590113 0.605218 0.477784 0.889668 0.849715 0.446393 0.470936 0.481111 0.355426 0.816809 0.888980 0.811302 0.638747 0.730840 0.916472 0.358293 0.838671 0.474844 0.684040 0.469506 0.514265 0.262973 0.329119 0.723087 0.820022 0.403285 0.370198 0.433260 0.404580 0.834430 0.818994 0.518616 0.445252 0.718893 0.768323 0.864685 0.875624 0.950612 0.926246 0.921255 0.950795 0.975267 0.990210 0.910815 0.910622 0.417447 0.553552 0.578064 0.667068 0.715518 0.695183 0.655774 0.825054 0.380617 0.343323 0.437325 0.444150 0.432230 0.424973 0.542131 0.456669 0.986063 0.706375 0.834461 0.735759 0.668416 0.563219 0.660998 0.682989 0.601466 0.989469
0.671304 0.774884 0.569221 0.423668 0.895648 0.673476 0.431127 0.000000 0.920082 0.476517 0.662108 0.539584 0.434905 0.383346 0.559971 0.507402 0.704276 0.728655 0.580707 0.694121 0.745999 0.974765 0.581556 0.669536 0.859875 0.793401 0.936888 0.844779 0.602234 0.608889 0.465409 0.443532 0.458905 0.454162 0.707538 0.932466 0.859602 0.868369 0.756565 0.942032 0.794157 0.965237 0.310091 0.357692 0.360359 0.365455 0.420587 0.373212 0.631283 0.459963 0.396205 0.400469 0.580292 0.645993 0.732847 0.953270 0.816839 0.917205 0.611609 0.685766 0.487998 0.486890 0.392516 0.464256 0.540801 0.557425 0.563524 0.548154 0.908715 0.827419 0.613999 0.655626 0.559866 0.635714 0.786954 0.846896 0.485550 0.630960 0.816370 0.766279 0.643935 0.804478 0.757854 0.878303 0.679826 0.617293 0.984639 0.727512 0.932734 0.654929 0.720938 0.900766 0.812731 0.966185 0.670526 0.767150 0.698123 0.864352 0.458311 0.396575 0.613190 0.792575 0.535977 0.679951 0.609297 0.604852 0.872867 0.877280 0.745316 0.780566 0.629648 0.507039 0.594348 0.686420 0.750009 0.851349
0.802004 0.643823 0.770010 0.925173 0.904663 0.718088 0.690533 0.920082 0.000000 0.885038 0.930359 0.840399 0.880142 0.838417 0.875396 0.994527 0.785240 0.702729 0.889028 0.698662 0.922079 0.982219 0.989447 0.906689 0.903866 0.860139 0.943923 0.972745 0.787274 0.833833 0.896254 0.941314 0.884692 0.970701 0.724229 0.967321 0.967787 0.750256 0.868217 0.845801 0.984619 0.948766 0.910091 0.971692 0.907565 0.950751 0.938131 0.962806 0.788951 0.987922 0.880192 0.811035 0.820772 0.712928 0.911318 0.955935 0.642242 0.576789 0.927587 0.966232 0.757625 0.860099 0.931638 0.876908 0.712130 0.759283 0.636399 0.789769 0.827123 0.884218 0.742940 0.618789 0.712370 0.622947 0.875867 0.910895 0.677209 0.881615 0.882889 0.896522 0.750321 0.623022 0.640955 0.632668 0.765497 0.892046 0.822495 0.766703 0.731449 0.957554 0.516002 0.444902 0.483831 0.507649 0.785589 0.799450 0.817169 0.840243 0.653561 0.666413 0.615414 0.697654 0.734297 0.675491 0.854284 0.864020 0.873578 0.691246 0.904137 0.849035 0.928557 0.718445 0.930614 0.868769 0.908863 0.846656
0.701285 0.774482 0.794608 0.691556 0.948879 0.753913 0.600679 0.476517 0.885038 0.000000 0.568282 0.612393 0.562568 0.600575 0.445435 0.461193 0.580363 0.585086 0.577947 0.678587 0.847073 0.917204 0.493284 0.669755 0.998549 0.994966 0.976450 0.952405 0.543867 0.465015 0.585699 0.578343 0.536006 0.587301 0.945764 0.766681 0.846256 0.996504 0.861938 0.822054 0.977143 0.925028 0.599474 0.598238 0.559124 0.511977 0.587256 0.556443 0.614710 0.496598 0.612824 0.602038 0.756665 0.857252 0.946593 0.974289 0.788745 0.897738 0.701745 0.972398 0.778821 0.676729 0.522007 0.472898 0.860304 0.982828 0.805560 0.872394 0.979618 0.784435 0.677653 0.734876 0.703953 0.695561 0.746620 0.891127 0.611634 0.689592 0.771461 0.604451 0.534741 0.715790 0.648998 0.748540 0.702784 0.726224 0.946597 0.907700 0.968374 0.764217 0.930395 0.968635 0.927640 0.899368 0.874051 0.917934 0.721583 0.947418 0.712448 0.613277 0.793154 0.975007 0.741567 0.661692 0.765913 0.711760 0.852807 0.953910 0.617385 0.968028 0.780076 0.704550 0.818550 0.781701 0.892061 0.719861
0.502124 0.802512 0.795182 0.923060 0.840388 0.702842 0.664611 0.662108 0.930359 0.568282 0.000000 0.588237 0.416081 0.697309 0.671517 0.743169 0.636479 0.581669 0.615374 0.656882 0.811269 0.946022 0.799135 0.889519 0.927247 0.979548 0.929598 0.970771 0.635740 0.604508 0.794346 0.845038 0.612918 0.766394 0.949015 0.841997 0.760666 0.894902 0.745839 0.910342 0.848781 0.951510 0.767221 0.749788 0.875587 0.840789 0.683801 0.753974 0.868855 0.789909 0.882647 0.919632 0.995890 0.942726 0.910071 0.946876 0.764996 0.927025 0.401114 0.628770 0.518605 0.724202 0.435882 0.400504 0.825721 0.941683 0.758666 0.877308 0.854612 0.782320 0.810268 0.788244 0.737387 0.780656 0.829175 0.907104 0.715161 0.904281 0.868781 0.702815 0.626702 0.734505 0.816915 0.846434 0.809521 0.860173 0.890671 0.982032 0.709138 0.644613 0.835709 0.974020 0.973218 0.980445 0.949124 0.936049 0.776995 0.850820 0.692044 0.664131 0.848140 0.888095 0.680135 0.716231 0.787883 0.813524 0.982970 0.957742 0.757658 0.781579 0.917049 0.714810 0.915658 0.916946 0.778960 0.942276
0.353089 0.384722 0.884945 0.893965 0.800688 0.928751 0.982868 0.539584 0.840399 0.612393 0.588237 0.000000 0.457210 0.347953 0.496473 0.454839 0.478920 0.486422 0.462566 0.378529 0.999546 0.926649 0.541799 0.588015 0.935578 0.688156 0.854631 0.717493 0.454524 0.538709 0.946682 0.883846 0.805593 0.841789 0.922504 0.698551 0.698215 0.942144 0.863587 0.827689 0.940207 0.895362 0.799495 0.787312 0.808348 0.651948 0.631060 0.679449 0.389986 0.474848 0.770667 0.826036 0.988385 0.754639 0.823094 0.954055 0.483319 0.553592 0.610910 0.697041 0.843875 0.444228 0.551309 0.413617 0.977689 0.987698 0.836078 0.829945 0.623479 0.528353 0.960806 0.918852 0.972210 0.979297 0.856232 0.984980 0.822228 0.885240 0.903301 0.822426 0.522453 0.534983 0.565416 0.706492 0.383269 0.533494 0.803033 0.597075 0.804605 0.517356 0.806847 0.704272 0.723642 0.630234 0.909665 0.867401 0.983743 0.935672 0.886294 0.812204 0.922187 0.745723 0.999804 0.992936 0.973855 0.977232 0.959950 0.814437 0.731846 0.932633 0.874858 0.801870 0.895587 0.979985 0.989484 0.742086
0.494860 0.730935 0.685141 0.744273 0.795798 0.829843 0.524690 0.434905 0.880142 0.562568 0.416081 0.457210 0.000000 0.443838 0.440481 0.519057 0.609846 0.635241 0.443364 0.584113 0.888209 0.987061 0.555213 0.774389 0.993622 0.930758 0.956752 0.941367 0.542012 0.532176 0.610080 0.624201 0.479581 0.601095 0.786081 0.917504 0.746938 0.814311 0.757726 0.974858 0.993694 0.944576 0.503070 0.527794 0.563421 0.566409 0.453340 0.486380 0.681967 0.561775 0.539783 0.583193 0.689279 0.797071 0.649662 0.932867 0.685496 0.861468 0.496123 0.728838 0.493650 0.555940 0.421347 0.391818 0.727378 0.840189 0.674519 0.765559 0.786837 0.778548 0.637404 0.746758 0.608226 0.648051 0.808282 0.924236 0.588123 0.745646 0.787010 0.825998 0.651758 0.776141 0.677469 0.869885 0.666021 0.801958 0.794760 0.797591 0.651785 0.604340 0.759008 0.911994 0.896938 0.963074 0.921763 0.787782 0.728761 0.851706 0.515668 0.454256 0.674077 0.845846 0.566235 0.639058 0.659754 0.695465 0.985667 0.991711 0.778231 0.661014 0.670099 0.519219 0.702413 0.708232 0.675309 0.889786
0.488155 0.499419 0.892154 0.652253 0.741626 0.930750 0.765929 0.383346 0.838417 0.600575 0.697309 0.347953 0.443838 0.000000 0.443933 0.353023 0.559411 0.527653 0.380228 0.406441 0.867478 0.893466 0.392609 0.436832 0.895636 0.826987 0.887246 0.836102 0.421935 0.461236 0.701856 0.551744 0.602518 0.617592 0.973682 0.888844 0.795137 0.928030 0.806198 0.758592 0.807004 0.999291 0.493410 0.525164 0.545510 0.482580 0.442151 0.488800 0.395052 0.399439 0.438419 0.542687 0.697661 0.914369 0.634632 0.941724 0.570916 0.690678 0.804207 0.837061 0.827540 0.524289 0.532992 0.498243 0.868276 0.785552 0.994873 0.960089 0.797831 0.637706 0.855961 0.994524 0.741025 0.835599 0.783726 0.854043 0.731171 0.907753 0.835765 0.719580 0.533698 0.537742 0.477833 0.714963 0.348600 0.372432 0.857610 0.482909 0.958892 0.594628 0.915860 0.720986 0.792938 0.602376 0.916423 0.845517 0.932285 0.998622 0.822685 0.667163 0.997789 0.901740 0.909260 0.933933 0.862837 0.867019 0.867968 0.868672 0.834964 0.878076 0.846821 0.703454 0.725347 0.833723 0.929121 0.766327
0.619522 0.708317 0.821078 0.732349 0.684026 0.825604 0.679319 0.559971 0.875396 0.445435 0.671517 0.496473 0.440481 0.443933 0.000000 0.344291 0.527770 0.555156 0.413486 0.546148 0.926265 0.991697 0.311470 0.518689 0.905773 0.866209 0.925129 0.909013 0.527132 0.456587 0.600390 0.581165 0.496697 0.580544 0.931025 0.877520 0.762677 0.795914 0.892476 0.961322 0.992037 0.915370 0.571131 0.597233 0.572141 0.525478 0.555265 0.512040 0.561652 0.469968 0.480393 0.484503 0.580863 0.767699 0.740726 0.980855 0.690351 0.879510 0.879321 0.874799 0.896510 0.679312 0.598128 0.554596 0.834352 0.967155 0.897950 0.989130 0.750378 0.785393 0.663972 0.813545 0.622855 0.604341 0.742301 0.921811 0.646507 0.809136 0.798003 0.666974 0.557572 0.670830 0.575697 0.790800 0.462846 0.607954 0.704093 0.704569 0.808452 0.710488 0.958183 0.965955 0.973078 0.859545 0.895660 0.901105 0.785066 0.944424 0.774398 0.613741 0.858071 0.978770 0.839295 0.643781 0.804064 0.799761 0.867671 0.948047 0.736547 0.852773 0.805636 0.663867 0.720601 0.723536 0.722490 0.848028
0.677515 0.638481 0.965413 0.703149 0.697581 0.842147 0.747919 0.507402 0.994527 0.461193 0.743169 0.454839 0.519057 0.353023 0.344291 0.000000 0.613495 0.593694 0.464655 0.572770 0.902385 0.883255 0.344218 0.410143 0.997905 0.774709 0.934259 0.824494 0.446232 0.445785 0.693907 0.623538 0.631802 0.699518 0.954090 0.763553 0.898109 0.977153 0.861718 0.947127 0.923490 0.955540 0.556389 0.559856 0.563949 0.499452 0.562784 0.589928 0.418951 0.468984 0.500172 0.547266 0.673934 0.850421 0.712659 0.888452 0.739504 0.827695 0.911302 0.937938 0.934748 0.593157 0.672538 0.614713 0.993706 0.878727 0.996982 0.991693 0.898199 0.763192 0.863744 0.855997 0.754630 0.729202 0.723208 0.896801 0.694931 0.840046 0.766433 0.716439 0.626629 0.707386 0.510876 0.776540 0.493224 0.459781 0.784762 0.579920 0.989457 0.755848 0.900796 0.872299 0.852630 0.693062 0.939869 0.810453 0.876707 0.885243 0.859902 0.714366 0.966235 0.917666 0.976469 0.879819 0.892175 0.931863 0.998295 0.893930 0.754603 0.978070 0.893755 0.791027 0.807284 0.828112 0.961388 0.789840
0.435527 0.369688 0.933833 0.937617 0.880254 0.942083 0.959939 0.704276 0.785240 0.580363 0.636479 0.478920 0.609846 0.559411 0.527770 0.613495 0.000000 0.303794 0.442317 0.390144 0.946090 0.969449 0.602051 0.729869 0.832070 0.743698 0.868418 0.957449 0.391947 0.326783 0.833357 0.764082 0.685411 0.709590 0.967917 0.829645 0.770635 0.912429 0.807557 0.809580 0.859667 0.929302 0.789412 0.712272 0.745347 0.563506 0.581567 0.614542 0.509148 0.491296 0.771969 0.857433 0.926437 0.858901 0.787755 0.992769 0.321320 0.441818 0.838941 0.883513 0.990820 0.861144 0.549588 0.390436 0.882347 0.689187 0.825939 0.834499 0.727190 0.507307 0.991615 0.879790 0.973700 0.931437 0.859485 0.998472 0.846505 0.954107 0.613639 0.619545 0.277301 0.353388 0.470090 0.410727 0.477767 0.719689 0.890771 0.676512 0.954457 0.745144 0.648597 0.598691 0.594185 0.536733 0.967296 0.964086 0.930248 0.801223 0.974386 0.931863 0.852347 0.674319 0.968499 0.849475 0.969375 0.962166 0.953391 0.651649 0.705424 0.967230 0.959879 0.917697 0.754705 0.821213 0.879207 0.798312
0.372409 0.361458 0.884586 0.939808 0.885895 0.942545 0.959343 0.728655 0.702729 0.585086 0.581669 0.486422 0.635241 0.527653 0.555156 0.593694 0.303794 0.000000 0.346018 0.369806 0.854093 0.999940 0.588253 0.697814 0.801608 0.720275 0.830599 0.900361 0.399507 0.298433 0.860268 0.781842 0.706527 0.727403 0.797294 0.840310 0.786083 0.938287 0.735774 0.875494 0.871846 0.899179 0.803407 0.708715 0.795467 0.607523 0.597044 0.632035 0.505845 0.541844 0.788965 0.839345 0.878711 0.878588 0.847646 0.962801 0.327278 0.460420 0.867425 0.937682 0.952469 0.981389 0.524315 0.418778 0.813869 0.677370 0.781324 0.780774 0.695389 0.616688 0.982066 0.932367 0.924027 0.990900 0.920650 0.994350 0.820245 0.948344 0.618897 0.504213 0.269023 0.304298 0.383338 0.431725 0.479537 0.720922 0.984626 0.670762 0.968705 0.761685 0.655196 0.615218 0.566365 0.521509 0.946251 0.897716 0.989667 0.885516 0.973194 0.965710 0.771867 0.699285 0.933846 0.922433 0.961632 0.966460 0.973249 0.703374 0.719041 0.969789 0.942634 0.959203 0.715936 0.830008 0.937430 0.882332
0.387009 0.496299 0.892304 0.771033 0.791252 0.984617 0.751388 0.580707 0.889028 0.577947 0.615374 0.462566 0.443364 0.380228 0.413486 0.464655 0.442317 0.346018 0.000000 0.387325 0.834583 0.947152 0.382319 0.543124 0.867190 0.727669 0.881121 0.968530 0.427433 0.383597 0.722030 0.605441 0.553723 0.662807 0.983033 0.868220 0.711446 0.954134 0.762729 0.896753 0.962643 0.960605 0.596012 0.588340 0.643195 0.543196 0.454176 0.501181 0.496071 0.500518 0.557406 0.658210 0.687425 0.909591 0.675604 0.954627 0.412189 0.607864 0.835271 0.991475 0.912537 0.827517 0.507503 0.472417 0.939521 0.882940 0.985794 0.940904 0.636671 0.649054 0.792191 0.905856 0.755450 0.851309 0.918325 0.884619 0.697067 0.872737 0.722786 0.606545 0.446778 0.463155 0.414360 0.572146 0.397016 0.617771 0.833215 0.602494 0.862183 0.654190 0.918872 0.824276 0.780356 0.700534 0.988248 0.781325 0.872596 0.944175 0.818128 0.714209 0.966780 0.850754 0.891364 0.795785 0.897897 0.748992 0.948941 0.763291 0.761144 0.892042 0.862210 0.734243 0.633658 0.729600 0.894146 0.906471
0.316272 0.345082 0.859714 0.871582 0.801974 0.850124 0.901336 0.694121 0.698662 0.678587 0.656882 0.378529 0.584113 0.406441 0.546148 0.572770 0.390144 0.369806 0.387325 0.000000 0.937354 0.967560 0.476851 0.553669 0.923479 0.716145 0.840974 0.891200 0.429813 0.481457 0.928310 0.874387 0.751956 0.858211 0.879317 0.805690 0.732912 0.990421 0.834072 0.754650 0.979276 0.830211 0.863209 0.832026 0.821259 0.629287 0.608849 0.645832 0.429401 0.430568 0.752425 0.838353 0.921017 0.773994 0.685365 0.902341 0.296211 0.393233 0.779493 0.817148 0.916139 0.721063 0.666108 0.515410 0.906633 0.762425 0.739044 0.738606 0.456424 0.477886 0.989306 0.756203 0.981328 0.843270 0.860728 0.978228 0.848568 0.912348 0.872084 0.793693 0.455524 0.337883 0.413748 0.448013 0.320895 0.591246 0.916591 0.562739 0.878734 0.542064 0.674390 0.562049 0.655617 0.514578 0.959565 0.995056 0.954184 0.951729 0.933004 0.992544 0.805737 0.625636 0.934693 0.948437 0.976800 0.931802 0.966265 0.698943 0.857442 0.983089 0.893023 0.918150 0.805090 0.877291 0.980119 0.832355
0.854923 0.996920 0.763215 0.768769 0.912146 0.667943 0.669364 0.745999 0.922079 0.847073 0.811269 0.999546 0.888209 0.867478 0.926265 0.902385 0.946090 0.854093 0.834583 0.937354 0.000000 0.838696 0.953827 0.927330 0.847273 0.776444 0.977978 0.895100 0.918227 0.917055 0.591295 0.673546 0.751997 0.748993 0.871444 0.902511 0.969927 0.996144 0.749227 0.872918 0.960913 0.950563 0.665083 0.711394 0.844615 0.845545 0.801740 0.804556 0.987680 0.944046 0.741912 0.714101 0.763423 0.684765 0.902170 0.860760 0.968829 0.897907 0.906427 0.924857 0.792193 0.890977 0.666743 0.835200 0.927095 0.845873 0.826392 0.784968 0.912739 0.929639 0.705577 0.777837 0.750414 0.640115 0.834111 0.768585 0.884445 0.808859 0.776290 0.735572 0.821364 0.880262 0.924382 0.987959 0.970096 0.969863 0.738631 0.930392 0.946665 0.851513 0.800966 0.921789 0.907359 0.952796 0.844011 0.866557 0.846749 0.942306 0.739056 0.851840 0.893753 0.833252 0.773449 0.761191 0.838528 0.780201 0.956384 0.862881 0.914778 0.954358 0.945264 0.901641 0.867108 0.946569 0.836469 0.909055
0.929257 0.925083 0.888492 0.836763 0.925673 0.985355 0.915507 0.974765 0.982219 0.917204 0.946022 0.926649 0.987061 0.893466 0.991697 0.883255 0.969449 0.999940 0.947152 0.967560 0.838696 0.000000 0.996194 0.982543 0.936223 0.734027 0.840053 0.928961 0.920419 0.933502 0.892648 0.973780 0.881424 0.844175 0.917124 0.745578 0.901649 0.810755 0.950909 0.956820 0.952771 0.940047 0.981192 0.990395 0.947065 0.981968 0.912098 0.886687 0.866389 0.926900 0.853213 0.905350 0.821855 0.837032 0.879187 0.855427 0.969001 0.949425 0.952753 0.997980 0.993844 0.927431 0.998725 0.960266 0.920140 0.955055 0.878666 0.894936 0.962623 0.899673 0.929335 0.980913 0.994193 0.987019 0.762673 0.962178 0.879405 0.886356 0.947899 0.935179 0.991355 0.986193 0.949812 0.899663 0.984178 0.908198 0.877327 0.987331 0.992887 0.983000 0.901608 0.916664 0.917290 0.940601 0.987037 0.994452 0.901066 0.955963 0.957018 0.977755 0.920981 0.985953 0.931483 0.969501 0.903569 0.756211 0.831896 0.905149 0.981092 0.833400 0.871463 0.958290 0.958941 0.925779 0.823237 0.908894
0.629935 0.687686 0.848582 0.628682 0.689668 0.968897 0.761888 0.581556 0.989447 0.493284 0.799135 0.541799 0.555213 0.392609 0.311470 0.344218 0.602051 0.588253 0.382319 0.476851 0.953827 0.996194 0.000000 0.376211 0.940369 0.837097 0.808603 0.968034 0.513258 0.481593 0.634005 0.610945 0.553439 0.671505 0.980625 0.880759 0.750877 0.902081 0.953535 0.949461 0.910701 0.908056 0.654767 0.681479 0.634325 0.579146 0.574970 0.567526 0.525531 0.444489 0.485782 0.532861 0.599483 0.818100 0.744364 0.867651 0.647192 0.797154 0.968634 0.853024 0.941756 0.731205 0.749099 0.680195 0.865255 0.999320 0.992963 0.930663 0.670546 0.719449 0.739295 0.890147 0.646460 0.742279 0.830054 0.918581 0.682074 0.857881 0.870064 0.782210 0.650259 0.600585 0.488559 0.706116 0.398512 0.489915 0.747706 0.547840 0.890245 0.719356 0.988934 0.919892 0.941871 0.748384 0.828141 0.876108 0.792847 0.988979 0.861836 0.759841 0.959549 0.913549 0.971882 0.755884 0.882284 0.777344 0.902808 0.936674 0.782673 0.934283 0.807501 0.810325 0.789007 0.804699 0.961235 0.870013
0.756602 0.741456 0.945217 0.660082 0.613105 0.950651 0.893821 0.669536 0.906689 0.669755 0.889519 0.588015 0.774389 0.436832 0.518689 0.410143 0.729869 0.697814 0.543124 0.553669 0.927330 0.982543 0.376211 0.000000 0.936261 0.902892 0.911398 0.985688 0.589482 0.619491 0.778145 0.702678 0.732526 0.797032 0.965701 0.754605 0.902066 0.995633 0.920501 0.797100 0.792415 0.926411 0.751362 0.760246 0.732093 0.664536 0.740944 0.701399 0.554167 0.554273 0.600558 0.685993 0.749018 0.919571 0.772221 0.893338 0.779911 0.859975 0.958159 0.924700 0.890641 0.718819 0.836815 0.800986 0.950156 0.911274 0.925602 0.921340 0.843654 0.735685 0.901217 0.978999 0.917228 0.924374 0.825348 0.897005 0.785349 0.975854 0.906712 0.815151 0.706881 0.667706 0.602952 0.685831 0.440501 0.411274 0.818426 0.492469 0.981645 0.713344 0.867678 0.795475 0.800985 0.671885 0.981760 0.928904 0.987152 0.976456 0.980676 0.902537 0.875072 0.856389 0.889978 0.986005 0.941092 0.910166 0.953426 0.904130 0.965069 0.898396 0.954135 0.894328 0.981556 0.973947 0.851750 0.826034
0.977958 0.867433 0.879671 0.774784 0.955537 0.921806 0.925901 0.859875 0.903866 0.998549 0.927247 0.935578 0.993622 0.895636 0.905773 0.997905 0.832070 0.801608 0.867190 0.923479 0.847273 0.936223 0.940369 0.936261 0.000000 0.714469 0.947917 0.932177 0.942254 0.879970 0.788176 0.719933 0.873110 0.780316 0.890986 0.852769 0.970663 0.910689 0.783997 0.905813 0.995365 0.824631 0.799198 0.742196 0.825459 0.791577 0.677533 0.739046 0.994445 0.867563 0.771870 0.650160 0.675946 0.777638 0.880725 0.797586 0.848974 0.915332 0.853394 0.959809 0.910250 0.798943 0.862742 0.926402 0.897524 0.983530 0.983927 0.962470 0.798226 0.995957 0.804725 0.951321 0.922328 0.886211 0.955517 0.858982 0.785948 0.857778 0.840894 0.712725 0.745719 0.694069 0.824581 0.896486 0.868933 0.839325 0.931697 0.869535 0.997474 0.893210 0.970826 0.873881 0.994494 0.865440 0.866599 0.995662 0.979346 0.895657 0.920759 0.978362 0.944870 0.906172 0.855238 0.983569 0.966751 0.936437 0.943059 0.919971 0.925327 0.937790 0.999535 0.845264 0.694124 0.795700 0.852141 0.871759
0.659453 0.599194 0.522880 0.556850 0.855399 0.678705 0.616325 0.793401 0.860139 0.994966 0.979548 0.688156 0.930758 0.826987 0.866209 0.774709 0.743698 0.720275 0.727669 0.716145 0.776444 0.734027 0.837097 0.902892 0.714469 0.000000 0.793638 0.909854 0.744563 0.818449 0.564756 0.722258 0.757720 0.679481 0.623069 0.690009 0.921015 0.848992 0.934140 0.880300 0.900203 0.879624 0.739716 0.783670 0.767768 0.892994 0.875622 0.790069 0.645123 0.879116 0.788519 0.696444 0.721723 0.536745 0.950140 0.995799 0.606916 0.608569 0.987896 0.913779 0.698782 0.928063 0.902260 0.882430 0.522286 0.573127 0.513150 0.465534 0.646997 0.725032 0.669706 0.718503 0.732563 0.715153 0.968543 0.884504 0.790555 0.666740 0.977190 0.908612 0.861969 0.792344 0.730505 0.849146 0.739513 0.891549 0.762472 0.803910 0.986217 0.846075 0.577283 0.692020 0.592930 0.681597 0.666781 0.955659 0.833415 0.864598 0.706837 0.749451 0.702022 0.581642 0.618792 0.809198 0.635162 0.688820 0.986434 0.738070 0.900087 0.898404 0.722530 0.757886 0.859798 0.885682 0.727163 0.898539
0.820204 0.839417 0.792956 0.873096 0.743787 0.815333 0.861675 0.936888 0.943923 0.976450 0.929598 0.854631 0.956752 0.887246 0.925129 0.934259 0.868418 0.830599 0.881121 0.840974 0.977978 0.840053 0.808603 0.911398 0.947917 0.793638 0.000000 0.915839 0.967060 0.936429 0.873389 0.891532 0.888378 0.802662 0.753990 0.888659 0.987938 0.964947 0.944392 0.955729 0.971997 0.965606 0.801692 0.788384 0.810838 0.857637 0.882132 0.816940 0.858392 0.880643 0.901578 0.934171 0.908421 0.817214 0.915804 0.832794 0.806111 0.881466 0.965580 0.971209 0.780165 0.992926 0.881942 0.965252 0.746526 0.803053 0.730431 0.632677 0.789689 0.821053 0.899770 0.899094 0.972079 0.948316 0.934374 0.957265 0.997802 0.852627 0.972450 0.943336 0.909164 0.813585 0.782178 0.905307 0.873700 0.899152 0.937601 0.833759 0.852791 0.966504 0.985668 0.948560 0.907869 0.930367 0.914616 0.998334 0.956716 0.975579 0.900773 0.867605 0.916853 0.930086 0.816206 0.985778 0.851395 0.868462 0.971398 0.892956 0.740285 0.881808 0.928264 0.926398 0.909487 0.760412 0.799945 0.927955
0.825526 0.718210 0.812795 0.933606 0.762650 0.908280 0.917314 0.844779 0.972745 0.952405 0.970771 0.717493 0.941367 0.836102 0.909013 0.824494 0.957449 0.900361 0.968530 0.891200 0.895100 0.928961 0.968034 0.985688 0.932177 0.909854 0.915839 0.000000 0.996531 0.996734 0.850997 0.866822 0.922729 0.924137 0.897218 0.803238 0.993663 0.994311 0.960497 0.991345 0.985663 0.994161 0.949978 0.928723 0.934812 0.896878 0.992825 0.876480 0.728214 0.839719 0.935918 0.883895 0.995366 0.904434 0.919870 0.947696 0.893455 0.879755 0.919320 0.891835 0.944411 0.764351 0.926166 0.919836 0.893926 0.943932 0.896360 0.878931 0.982523 0.889278 0.906119 0.917786 0.968598 0.914208 0.993826 0.943785 0.916792 0.869365 0.957414 0.917457 0.928751 0.984557 0.991800 0.950042 0.851140 0.862852 0.932938 0.961181 0.839076 0.935619 0.969531 0.992745 0.950030 0.978569 0.969732 0.925778 0.983686 0.774522 0.914942 0.902533 0.905840 0.935846 0.900271 0.820863 0.886457 0.840190 0.965816 0.960567 0.980279 0.993051 0.961195 0.858461 0.892485 0.938035 0.977370 0.968368
0.464817 0.473415 0.961508 0.850865 0.837317 0.917369 0.847462 0.602234 0.787274 0.543867 0.635740 0.454524 0.542012 0.421935 0.527132 0.446232 0.391947 0.399507 0.427433 0.429813 0.918227 0.920419 0.513258 0.589482 0.942254 0.744563 0.967060 0.996531 0.000000 0.308407 0.722474 0.669067 0.607052 0.629954 0.948598 0.852729 0.752176 0.941281 0.849257 0.845673 0.925227 0.967913 0.672606 0.595078 0.651272 0.499896 0.605809 0.551963 0.461923 0.493183 0.668607 0.767031 0.854423 0.963265 0.747418 0.891750 0.477236 0.567007 0.767547 0.873653 0.911684 0.709570 0.540593 0.420259 0.934517 0.880030 0.911613 0.949532 0.699415 0.518220 0.989886 0.968240 0.880504 0.929854 0.840774 0.933757 0.837477 0.884487 0.618990 0.664704 0.365358 0.449635 0.443628 0.483148 0.434478 0.649637 0.846048 0.592199 0.934414 0.752953 0.759588 0.651581 0.654730 0.548151 0.991237 0.885150 0.951853 0.887031 0.945865 0.800931 0.912787 0.843266 0.984839 0.910103 0.960184 0.950734 0.945721 0.761950 0.716852 0.988183 0.964391 0.901534 0.771258 0.824274 0.957141 0.744165
0.534529 0.514996 0.922897 0.772097 0.860525 0.965176 0.744739 0.608889 0.833833 0.465015 0.604508 0.538709 0.532176 0.461236 0.456587 0.445785 0.326783 0.298433 0.383597 0.481457 0.917055 0.933502 0.481593 0.619491 0.879970 0.818449 0.936429 0.996734 0.308407 0.000000 0.657543 0.577924 0.502572 0.510314 0.913353 0.949509 0.804787 0.982505 0.818172 0.863181 0.886896 0.964350 0.625130 0.537718 0.583700 0.481353 0.505626 0.495418 0.531276 0.505350 0.590960 0.696904 0.755082 0.921894 0.732857 0.905319 0.494652 0.638174 0.894238 0.994409 0.914328 0.860858 0.476801 0.381159 0.953915 0.854722 0.977311 0.989211 0.855664 0.636995 0.907681 0.946700 0.824613 0.848708 0.864210 0.980269 0.781026 0.766039 0.479757 0.491065 0.287111 0.413537 0.405403 0.446793 0.501175 0.652251 0.854942 0.647806 0.938832 0.839875 0.739355 0.670150 0.629295 0.554881 0.967347 0.899683 0.926894 0.867913 0.957355 0.838333 0.935478 0.829171 0.961695 0.805149 0.948676 0.881814 0.956487 0.762681 0.691343 0.895909 0.993729 0.869549 0.674912 0.737549 0.886507 0.792017
0.951819 0.869891 0.414681 0.361019 0.987633 0.634889 0.312627 0.465409 0.896254 0.585699 0.794346 0.946682 0.610080 0.701856 0.600390 0.693907 0.833357 0.860268 0.722030 0.928310 0.591295 0.892648 0.634005 0.778145 0.788176 0.564756 0.873389 0.850997 0.722474 0.657543 0.000000 0.347631 0.364680 0.323139 0.632121 0.861661 0.925995 0.814575 0.780710 0.986133 0.961950 0.936581 0.331454 0.415483 0.459322 0.527887 0.549865 0.437003 0.968533 0.781888 0.400163 0.376433 0.421690 0.374296 0.798118 0.952030 0.952010 0.807681 0.882526 0.999364 0.607680 0.953822 0.502580 0.697909 0.547346 0.646355 0.479115 0.463995 0.850379 0.856639 0.402281 0.507363 0.449014 0.435652 0.848188 0.849367 0.567780 0.398079 0.604201 0.650456 0.725766 0.897547 0.855711 0.902859 0.892516 0.827709 0.943589 0.885236 0.996125 0.953677 0.589906 0.784580 0.715666 0.922516 0.653954 0.841760 0.651525 0.841893 0.529821 0.501727 0.603236 0.571825 0.482551 0.507376 0.559371 0.514806 0.933648 0.821458 0.842132 0.858045 0.676479 0.699062 0.641946 0.666839 0.634374 0.864932
0.925883 0.995690 0.456277 0.438276 0.986126 0.661555 0.411716 0.443532 0.941314 0.578343 0.845038 0.883846 0.624201 0.551744 0.581165 0.623538 0.764082 0.781842 0.605441 0.874387 0.673546 0.973780 0.610945 0.702678 0.719933 0.722258 0.891532 0.866822 0.669067 0.577924 0.347631 0.000000 0.402362 0.334722 0.643883 0.860268 0.944892 0.903077 0.759775 0.907404 0.922259 0.942929 0.303181 0.357300 0.405040 0.466398 0.448140 0.396507 0.872742 0.682735 0.356378 0.387261 0.416853 0.462052 0.753027 0.809341 0.955407 0.886273 0.993942 0.894123 0.692302 0.867207 0.526325 0.668828 0.621705 0.674828 0.576887 0.565994 0.794388 0.983989 0.524745 0.647682 0.536928 0.533571 0.721911 0.825493 0.626341 0.444738 0.619683 0.613985 0.631000 0.803187 0.706154 0.865683 0.767371 0.701998 0.928188 0.777902 0.863634 0.948812 0.767363 0.924602 0.878676 0.978785 0.737514 0.743377 0.793322 0.924049 0.636914 0.479290 0.753545 0.726805 0.607351 0.602750 0.665167 0.588795 0.932659 0.927461 0.850357 0.844647 0.790675 0.638010 0.579070 0.662879 0.622286 0.752571
0.744549 0.965582 0.427535 0.511569 0.850808 0.616697 0.362822 0.458905 0.884692 0.536006 0.612918 0.805593 0.479581 0.602518 0.496697 0.631802 0.685411 0.706527 0.553723 0.751956 0.751997 0.881424 0.553439 0.732526 0.873110 0.757720 0.888378 0.922729 0.607052 0.502572 0.364680 0.402362 0.000000 0.354415 0.665719 0.853065 0.743788 0.767929 0.715849 0.955538 0.990207 0.989972 0.397988 0.404345 0.417041 0.447883 0.493380 0.377620 0.902364 0.642138 0.390714 0.468074 0.483631 0.534805 0.704539 0.949339 0.863229 0.957267 0.750361 0.990466 0.586691 0.816760 0.448907 0.527968 0.554301 0.781866 0.493241 0.533628 0.975592 0.857363 0.506926 0.573573 0.505030 0.581783 0.811927 0.917663 0.570166 0.489631 0.723209 0.669232 0.603406 0.778230 0.782010 0.752554 0.740809 0.787518 0.988232 0.788899 0.871686 0.798150 0.720917 0.855862 0.855956 0.991482 0.741571 0.857243 0.613289 0.866347 0.564081 0.510621 0.662774 0.712158 0.533346 0.504355 0.623951 0.468177 0.897622 0.919355 0.756428 0.783798 0.672017 0.526805 0.557062 0.682140 0.600112 0.904612
0.868856 0.962852 0.479411 0.507254 0.976161 0.688140 0.390294 0.454162 0.970701 0.587301 0.766394 0.841789 0.601095 0.617592 0.580544 0.699518 0.709590 0.727403 0.662807 0.858211 0.748993 0.844175 0.671505 0.797032 0.780316 0.679481 0.802662 0.924137 0.629954 0.510314 0.323139 0.334722 0.354415 0.000000 0.666448 0.756107 0.881942 0.814784 0.755237 0.933392 0.925048 0.879131 0.357273 0.358463 0.391765 0.431370 0.466943 0.386166 0.896465 0.699995 0.440172 0.482953 0.510900 0.540886 0.739137 0.884783 0.884440 0.989167 0.847809 0.946324 0.588037 0.863145 0.417933 0.543522 0.579460 0.711075 0.539392 0.476060 0.882370 0.990600 0.560673 0.655104 0.592145 0.594362 0.854332 0.899036 0.669421 0.492886 0.590456 0.639441 0.566554 0.758750 0.769485 0.719849 0.773251 0.774623 0.989800 0.763563 0.964491 0.923671 0.807617 0.990459 0.937104 0.936054 0.738512 0.846169 0.720320 0.922778 0.626263 0.566784 0.700248 0.752584 0.594964 0.603150 0.678425 0.600281 0.935237 0.976078 0.769586 0.784769 0.772661 0.673240 0.586134 0.688817 0.560208 0.808373
0.975096 0.755768 0.516594 0.704790 0.990865 0.734459 0.563263 0.707538 0.724229 0.945764 0.949015 0.922504 0.786081 0.973682 0.931025 0.954090 0.967917 0.797294 0.983033 0.879317 0.871444 0.917124 0.980625 0.965701 0.890986 0.623069 0.753990 0.897218 0.948598 0.913353 0.632121 0.643883 0.665719 0.666448 0.000000 0.842118 0.984711 0.788655 0.940355 0.923166 0.952241 0.863000 0.616189 0.711975 0.675874 0.758640 0.722331 0.658858 0.776203 0.978069 0.703947 0.738827 0.702556 0.637205 0.799339 0.904323 0.885685 0.837606 0.775762 0.786566 0.552091 0.864517 0.733234 0.906259 0.524272 0.630537 0.431830 0.462752 0.914564 0.937083 0.712606 0.681626 0.769497 0.777282 0.997167 0.928470 0.754849 0.781076 0.961717 0.879712 0.952187 0.812949 0.780962 0.877244 0.945095 0.975209 0.873981 0.993714 0.802388 0.928677 0.601237 0.727838 0.656709 0.739251 0.698092 0.881148 0.747383 0.731821 0.596927 0.589496 0.622717 0.635140 0.553014 0.636996 0.523465 0.637637 0.943001 0.814493 0.978231 0.877504 0.772470 0.654988 0.822263 0.741958 0.636432 0.829162
0.806665 0.805486 0.800989 0.870437 0.912005 0.973493 0.876827 0.932466 0.967321 0.766681 0.841997 0.698551 0.917504 0.888844 0.877520 0.763553 0.829645 0.840310 0.868220 0.805690 0.902511 0.745578 0.880759 0.754605 0.852769 0.690009 0.888659 0.803238 0.852729 0.949509 0.861661 0.860268 0.853065 0.756107 0.842118 0.000000 0.965721 0.801650 0.968990 0.972924 0.959686 0.913749 0.894310 0.904555 0.887919 0.990723 0.890037 0.972291 0.793519 0.831871 0.948166 0.931234 0.815787 0.760264 0.978731 0.929545 0.898013 0.897962 0.861032 0.908612 0.962357 0.822826 0.934536 0.849154 0.797562 0.891914 0.797660 0.736499 0.935161 0.817642 0.989576 0.929340 0.925976 0.900054 0.901296 0.919788 0.908594 0.733225 0.951193 0.996879 0.878257 0.929798 0.945545 0.950504 0.846809 0.834393 0.891417 0.968291 0.779203 0.824600 0.899635 0.981987 0.898083 0.928807 0.973906 0.886649 0.926077 0.992437 0.943870 0.966673 0.956029 0.808545 0.872226 0.932026 0.894928 0.865834 0.914158 0.984862 0.814154 0.850945 0.957106 0.925860 0.747835 0.869840 0.777480 0.928639
0.681538 0.821248 0.935920 0.876543 0.958372 0.963273 0.928712 0.859602 0.967787 0.846256 0.760666 0.698215 0.746938 0.795137 0.762677 0.898109 0.770635 0.786083 0.711446 0.732912 0.969927 0.901649 0.750877 0.902066 0.970663 0.921015 0.987938 0.993663 0.752176 0.804787 0.925995 0.944892 0.743788 0.881942 0.984711 0.965721 0.000000 0.812394 0.954238 0.864015 0.924547 0.981252 0.993096 0.928359 0.997317 0.908873 0.816519 0.885571 0.946020 0.857994 0.853953 0.931914 0.967331 0.924897 0.845433 0.803808 0.731857 0.842833 0.755252 0.864174 0.925646 0.838229 0.746238 0.716256 0.788551 0.980389 0.998086 0.926436 0.664633 0.736591 0.876927 0.999014 0.980077 0.966108 0.864212 0.933915 0.873961 0.965967 0.904607 0.934574 0.779714 0.717403 0.918614 0.954550 0.691051 0.780347 0.833423 0.895717 0.767792 0.627745 0.992826 0.971400 0.985599 0.937184 0.863859 0.899988 0.758438 0.860139 0.868068 0.866518 0.982535 0.880259 0.837960 0.867090 0.925809 0.802076 0.827336 0.944170 0.747533 0.811214 0.794982 0.770816 0.920728 0.948030 0.937056 0.825892
0.938334 0.813664 0.756384 0.855594 0.844926 0.875165 0.748985 0.868369 0.750256 0.996504 0.894902 0.942144 0.814311 0.928030 0.795914 0.977153 0.912429 0.938287 0.954134 0.990421 0.996144 0.810755 0.902081 0.995633 0.910689 0.848992 0.964947 0.994311 0.941281 0.982505 0.814575 0.903077 0.767929 0.814784 0.788655 0.801650 0.812394 0.000000 0.974743 0.980023 0.966780 0.728883 0.835453 0.894363 0.871985 0.963960 0.950535 0.820571 0.844839 0.993420 0.764705 0.835268 0.760252 0.731095 0.832470 0.884812 0.897828 0.752132 0.888997 0.915304 0.754589 0.837787 0.797666 0.946779 0.693663 0.778706 0.732248 0.801000 0.842932 0.901699 0.683843 0.770532 0.678648 0.693185 0.970758 0.878155 0.951867 0.803079 0.908724 0.893877 0.996051 0.905071 0.788397 0.826785 0.921563 0.943036 0.854461 0.898506 0.784338 0.904331 0.675721 0.716987 0.776984 0.713953 0.875141 0.812172 0.753165 0.889319 0.789253 0.718082 0.732913 0.744650 0.750431 0.805487 0.924932 0.782591 0.942668 0.817324 0.950245 0.802630 0.734514 0.766941 0.857671 0.747016 0.617787 0.974821
