0.000000 0.126343 0.194901 0.160439 0.667772 0.429532 0.172298 0.123527 0.372288 0.267906 0.176185 0.116288 0.127017 0.209672 0.202424 0.216839 0.108959 0.117187 0.119618 0.119617 0.434159 0.776488 0.217361 0.344795 0.510680 0.436943 0.885885 0.966677 0.157659 0.117938 0.198776 0.267537 0.126535 0.126238 0.357710 0.527725 0.334986 0.450460 0.584478 0.665178 0.668912 0.514718 0.214808 0.189844 0.195801 0.158629 0.173649 0.169147 0.527676 0.240577 0.307114 0.232645 0.345670 0.367322 0.360613 0.394838 0.150079 0.128869 0.122489 0.148088 0.110834 0.174628 0.119025 0.116618 0.312445 0.206701 0.161025 0.142057 0.287039 0.168074 0.239627 0.243357 0.324608 0.336557 0.577485 0.566748 0.274922 0.256341 0.132031 0.188618 0.091642 0.114728 0.386204 0.235947 0.208122 0.307073 0.860766 0.983218 0.389186 0.422428 0.439535 0.525946 0.396159 0.657939 0.343331 0.445643 0.252715 0.419212 0.231622 0.215308 0.502233 0.581269 0.260464 0.312158 0.259715 0.288472 0.764516 0.526019 0.533403 0.330617 0.630168 0.333355 0.278499 0.387973 0.439445 0.932029
0.126343 0.000000 0.240795 0.194920 0.651448 0.462626 0.203348 0.141604 0.446835 0.301972 0.218719 0.128618 0.141889 0.190415 0.210636 0.226741 0.134581 0.130081 0.131775 0.137080 0.414848 0.787675 0.227284 0.341203 0.524668 0.478403 0.850064 0.939448 0.143600 0.137269 0.211290 0.279168 0.145970 0.153284 0.407675 0.519077 0.323726 0.488644 0.583903 0.645143 0.739819 0.422444 0.215199 0.187488 0.197769 0.173552 0.190876 0.144781 0.483259 0.265460 0.313351 0.252058 0.392696 0.382605 0.374492 0.418208 0.124142 0.102220 0.118220 0.152204 0.129439 0.191083 0.132418 0.112814 0.359293 0.262621 0.192109 0.165701 0.301955 0.154942 0.263290 0.259331 0.408642 0.435820 0.615616 0.592634 0.300795 0.303322 0.191456 0.239101 0.114557 0.131409 0.370230 0.218042 0.217887 0.304943 0.927913 0.960025 0.418594 0.415339 0.521851 0.589826 0.453006 0.734243 0.273904 0.497460 0.268269 0.316002 0.273377 0.242109 0.533154 0.631579 0.296301 0.282837 0.252311 0.279180 0.813961 0.582237 0.532580 0.345005 0.613588 0.336982 0.343832 0.350677 0.423421 0.861707
0.194901 0.240795 0.000000 0.099813 0.683632 0.450155 0.145876 0.171233 0.319497 0.332020 0.228283 0.230366 0.209234 0.320222 0.278608 0.290528 0.260528 0.208903 0.178038 0.187372 0.399906 0.773606 0.214363 0.300916 0.351888 0.272131 0.931373 0.926702 0.269044 0.219338 0.166968 0.261113 0.154779 0.200922 0.409391 0.643052 0.321969 0.528497 0.519451 0.653267 0.785407 0.546606 0.224286 0.209274 0.288990 0.279840 0.243789 0.247631 0.679054 0.359667 0.426067 0.348542 0.427324 0.376628 0.406762 0.485692 0.300810 0.281933 0.291722 0.301235 0.177857 0.259402 0.278691 0.276846 0.193175 0.148131 0.176264 0.180990 0.318508 0.253472 0.230908 0.284797 0.279284 0.246794 0.658666 0.623949 0.292623 0.280838 0.250414 0.284470 0.210141 0.193471 0.453427 0.309941 0.269491 0.292567 0.846821 0.993063 0.442932 0.438919 0.394698 0.479763 0.369258 0.565792 0.345757 0.523201 0.355847 0.513031 0.319216 0.304600 0.507614 0.511295 0.403569 0.323287 0.302889 0.367431 0.839166 0.546816 0.615952 0.446408 0.681804 0.448027 0.341850 0.520507 0.502296 0.923199
0.160439 0.194920 0.099813 0.000000 0.652215 0.388540 0.123167 0.122290 0.294344 0.275825 0.231373 0.178633 0.160582 0.258616 0.218344 0.228090 0.218172 0.180806 0.148064 0.173041 0.368863 0.728699 0.171703 0.285628 0.376544 0.288802 0.907151 0.919167 0.220297 0.184206 0.152280 0.230596 0.121222 0.152588 0.342523 0.591136 0.285908 0.484527 0.508685 0.689469 0.731633 0.492324 0.166541 0.163644 0.217573 0.218022 0.183718 0.199595 0.603264 0.310194 0.363991 0.282816 0.406412 0.369611 0.380487 0.462451 0.233249 0.226812 0.217947 0.249024 0.137356 0.209060 0.223352 0.211726 0.196392 0.140181 0.136599 0.129310 0.315699 0.235768 0.175719 0.239768 0.276781 0.300451 0.587343 0.593091 0.267091 0.277650 0.221445 0.265109 0.167832 0.155753 0.400540 0.245052 0.214572 0.252174 0.887300 0.979317 0.421173 0.395298 0.367009 0.462326 0.328124 0.552446 0.342371 0.483911 0.306757 0.467890 0.250645 0.240545 0.467857 0.491160 0.324143 0.260110 0.240067 0.317039 0.851806 0.543848 0.616536 0.441894 0.586767 0.368246 0.297692 0.449073 0.455402 0.931784
0.667772 0.651448 0.683632 0.652215 0.000000 0.673350 0.663395 0.632975 0.788313 0.721822 0.787150 0.691815 0.599761 0.689806 0.645126 0.606001 0.702383 0.741442 0.665177 0.759865 0.641711 0.768354 0.620422 0.634559 0.835498 0.835584 0.770579 0.842831 0.681196 0.717131 0.744200 0.852195 0.678056 0.669622 0.760998 0.794328 0.870721 0.858824 0.750555 0.893168 0.746218 0.753998 0.633642 0.675892 0.647973 0.650138 0.563774 0.644043 0.783245 0.610833 0.557258 0.560649 0.671894 0.514923 0.738134 0.654705 0.718383 0.747010 0.699780 0.702566 0.624987 0.607626 0.659976 0.645823 0.644431 0.613129 0.613201 0.655142 0.854036 0.728269 0.535085 0.642563 0.750694 0.811658 0.959226 0.715831 0.755117 0.769010 0.780990 0.758384 0.653768 0.678152 0.647290 0.673604 0.572405 0.594444 0.836553 0.914038 0.849650 0.667352 0.634649 0.662038 0.633583 0.753279 0.819901 0.780205 0.765790 0.664239 0.676514 0.654691 0.748009 0.865811 0.644579 0.719196 0.574906 0.706231 0.789627 0.626302 0.767965 0.913564 0.790286 0.732869 0.707843 0.707287 0.693519 0.933740
0.429532 0.462626 0.450155 0.388540 0.673350 0.000000 0.338789 0.343819 0.442961 0.392259 0.455866 0.428409 0.418606 0.536080 0.488158 0.447271 0.487840 0.446448 0.430464 0.484360 0.592676 0.994645 0.485607 0.582269 0.738474 0.631955 0.936309 0.883835 0.486839 0.473060 0.459527 0.549406 0.431987 0.447632 0.481403 0.751326 0.596253 0.851026 0.852183 0.963415 0.628221 0.613125 0.379232 0.419351 0.379110 0.391180 0.416149 0.387580 0.799212 0.554271 0.540816 0.470490 0.570862 0.509342 0.657208 0.681781 0.512701 0.517787 0.473151 0.491428 0.423640 0.492558 0.442428 0.466834 0.585352 0.449918 0.331737 0.381162 0.606111 0.488984 0.370191 0.323286 0.541960 0.592809 0.622880 0.738955 0.427403 0.446329 0.435202 0.567757 0.407754 0.429127 0.708887 0.473251 0.513086 0.605141 0.918143 0.900002 0.746454 0.668325 0.364723 0.448214 0.308689 0.517705 0.577982 0.689037 0.472500 0.735179 0.417230 0.433667 0.463675 0.481743 0.510311 0.498266 0.415529 0.571880 0.909093 0.687144 0.820021 0.694429 0.648029 0.517303 0.451692 0.478857 0.603523 0.902478
0.172298 0.203348 0.145876 0.123167 0.663395 0.338789 0.000000 0.103738 0.275304 0.205353 0.187510 0.207254 0.204677 0.332539 0.308719 0.315912 0.179172 0.146363 0.128284 0.177927 0.407954 0.717013 0.291271 0.429606 0.565798 0.434199 0.892433 0.925655 0.245201 0.205366 0.233922 0.293757 0.147233 0.146762 0.444054 0.621623 0.402029 0.563530 0.630978 0.702880 0.689631 0.473307 0.155276 0.121144 0.170634 0.186798 0.215057 0.209660 0.647027 0.368704 0.381464 0.332015 0.453693 0.339575 0.422618 0.536834 0.197258 0.218311 0.223823 0.296667 0.159959 0.284407 0.222855 0.233463 0.309089 0.194983 0.105331 0.121111 0.313860 0.251142 0.194955 0.188327 0.294207 0.282934 0.601754 0.568274 0.239628 0.236443 0.249092 0.259267 0.167798 0.171385 0.472504 0.304268 0.314203 0.384924 0.878079 0.905511 0.476056 0.539406 0.291874 0.347407 0.264359 0.415790 0.317517 0.475249 0.283634 0.459946 0.219273 0.201651 0.418994 0.365624 0.336358 0.231402 0.270264 0.326585 0.903173 0.518722 0.606194 0.432677 0.567026 0.324115 0.228869 0.372000 0.472144 0.906514
0.123527 0.141604 0.171233 0.122290 0.632975 0.343819 0.103738 0.000000 0.324007 0.176987 0.188101 0.127675 0.135998 0.231012 0.210530 0.233114 0.142045 0.126720 0.139435 0.156754 0.415971 0.782411 0.233957 0.381853 0.570940 0.455239 0.856928 0.926613 0.183769 0.152036 0.231517 0.296053 0.119523 0.128639 0.378375 0.568712 0.343482 0.465544 0.616676 0.681648 0.650061 0.436740 0.165431 0.151278 0.152643 0.161457 0.192506 0.175479 0.529129 0.293730 0.316326 0.254749 0.394560 0.345869 0.398389 0.452888 0.157452 0.152110 0.166230 0.213697 0.110986 0.170895 0.163686 0.133394 0.286814 0.186257 0.120806 0.120822 0.348579 0.197290 0.212115 0.222594 0.344366 0.367126 0.601694 0.555114 0.257951 0.233576 0.182099 0.274002 0.127678 0.151987 0.431874 0.259508 0.242326 0.337065 0.925023 0.906610 0.443323 0.414581 0.306475 0.368841 0.261847 0.488821 0.268362 0.400637 0.239595 0.393303 0.178098 0.160009 0.377175 0.439399 0.249529 0.208660 0.204324 0.274617 0.847879 0.469741 0.582018 0.373779 0.535673 0.301305 0.245890 0.346745 0.444730 0.916329
0.372288 0.446835 0.319497 0.294344 0.788313 0.442961 0.275304 0.324007 0.000000 0.374446 0.392460 0.389582 0.383851 0.494910 0.460622 0.422609 0.442244 0.394972 0.369854 0.381937 0.563342 0.817592 0.399731 0.550188 0.689847 0.533481 0.966609 0.974968 0.442018 0.410502 0.409189 0.462759 0.349141 0.354492 0.523938 0.688942 0.474886 0.545612 0.760220 0.711898 0.886948 0.670790 0.361287 0.336319 0.359769 0.355176 0.361920 0.369449 0.713813 0.454422 0.411376 0.406762 0.455105 0.393573 0.558125 0.546751 0.453614 0.475025 0.420797 0.483930 0.329157 0.423800 0.418019 0.450569 0.360953 0.337055 0.289324 0.305086 0.430655 0.443549 0.369463 0.445435 0.388582 0.368774 0.670390 0.579449 0.387168 0.366897 0.444210 0.450131 0.395781 0.394298 0.626088 0.515761 0.442855 0.503675 0.829719 0.912149 0.608718 0.627624 0.355095 0.373982 0.310808 0.433400 0.519227 0.497540 0.492985 0.714897 0.330292 0.345606 0.425704 0.400498 0.450105 0.385972 0.406235 0.495700 0.813323 0.570176 0.727873 0.656346 0.634227 0.521201 0.344781 0.608292 0.494767 0.946281
0.267906 0.301972 0.332020 0.275825 0.721822 0.392259 0.205353 0.176987 0.374446 0.000000 0.258755 0.246846 0.306214 0.376450 0.362453 0.394913 0.252869 0.245290 0.288521 0.310923 0.556173 0.799455 0.417908 0.580502 0.796438 0.592925 0.924351 0.978591 0.314962 0.274114 0.393266 0.424033 0.240490 0.236094 0.424524 0.671353 0.474720 0.524968 0.738178 0.748326 0.778361 0.442356 0.297338 0.290937 0.266578 0.292723 0.388538 0.337112 0.601619 0.435596 0.428788 0.368938 0.527230 0.446362 0.500214 0.571893 0.289469 0.306967 0.275318 0.351248 0.256267 0.293778 0.306366 0.270644 0.428172 0.299104 0.244233 0.249895 0.422567 0.275145 0.341118 0.314501 0.386894 0.425446 0.609062 0.554885 0.327482 0.279645 0.322727 0.367966 0.256000 0.300565 0.575044 0.364749 0.438526 0.541117 0.974106 0.830621 0.574058 0.579531 0.322117 0.339680 0.278905 0.436357 0.411014 0.410865 0.328599 0.472327 0.205198 0.220748 0.377504 0.342821 0.319097 0.263255 0.332226 0.364414 0.903842 0.491662 0.714238 0.492834 0.584720 0.375424 0.270585 0.378432 0.512064 0.972187
0.176185 0.218719 0.228283 0.231373 0.787150 0.455866 0.187510 0.188101 0.392460 0.258755 0.000000 0.173589 0.213425 0.273126 0.308068 0.315687 0.142709 0.124140 0.145987 0.140181 0.457406 0.747924 0.332933 0.397879 0.612619 0.459049 0.948490 0.886671 0.189982 0.132273 0.242037 0.239926 0.185353 0.157199 0.512881 0.596228 0.458714 0.583020 0.637508 0.596042 0.719622 0.548303 0.310171 0.254597 0.331220 0.308317 0.295068 0.280602 0.751624 0.451957 0.498234 0.447864 0.506122 0.472422 0.448964 0.603206 0.198520 0.218245 0.261466 0.329084 0.198046 0.304332 0.178782 0.206040 0.400961 0.267403 0.229442 0.234953 0.288869 0.267736 0.325360 0.334937 0.383598 0.362206 0.695310 0.604910 0.323373 0.245987 0.215236 0.225916 0.154602 0.170405 0.394620 0.278249 0.374758 0.436629 0.803436 0.995555 0.528866 0.598517 0.484773 0.561490 0.475262 0.649537 0.354076 0.530833 0.351162 0.526160 0.370303 0.309537 0.555843 0.511705 0.353362 0.295432 0.395883 0.403563 0.892981 0.617533 0.724654 0.420384 0.670044 0.436339 0.326535 0.429163 0.534676 0.951383
0.116288 0.128618 0.230366 0.178633 0.691815 0.428409 0.207254 0.127675 0.389582 0.246846 0.173589 0.000000 0.107460 0.136037 0.149405 0.163269 0.123601 0.123373 0.149822 0.143198 0.414952 0.761621 0.193513 0.314064 0.563238 0.478294 0.910263 0.886780 0.125161 0.100861 0.209697 0.259383 0.131435 0.153217 0.370905 0.541151 0.352868 0.426818 0.568486 0.635965 0.696637 0.485659 0.266458 0.242760 0.241458 0.223365 0.217497 0.187025 0.546972 0.313032 0.358475 0.285123 0.424535 0.432340 0.399706 0.469740 0.153943 0.152246 0.160885 0.192954 0.113088 0.152141 0.113400 0.092875 0.329112 0.223621 0.204006 0.184607 0.336076 0.196180 0.256786 0.294680 0.383000 0.408709 0.603846 0.580583 0.298341 0.236672 0.152556 0.255401 0.124410 0.162469 0.325183 0.233628 0.223791 0.318760 0.874265 0.954415 0.427076 0.425770 0.510247 0.588590 0.440349 0.747919 0.312539 0.467721 0.314691 0.379772 0.275600 0.236983 0.529277 0.619227 0.267397 0.295464 0.267244 0.269316 0.787539 0.557460 0.599100 0.309673 0.587327 0.396948 0.330637 0.368591 0.448750 0.991020
0.127017 0.141889 0.209234 0.160582 0.599761 0.418606 0.204677 0.135998 0.383851 0.306214 0.213425 0.107460 0.000000 0.106794 0.096212 0.108022 0.148087 0.160894 0.155817 0.183631 0.353770 0.757379 0.119486 0.212051 0.484341 0.442398 0.919296 0.938531 0.136752 0.131305 0.167972 0.257041 0.145023 0.159278 0.369915 0.533471 0.309167 0.403605 0.538434 0.627348 0.639848 0.485700 0.223856 0.218789 0.234785 0.218866 0.191362 0.173133 0.562002 0.293590 0.311094 0.257689 0.379444 0.392072 0.368835 0.473008 0.177783 0.183181 0.169141 0.221702 0.095884 0.154805 0.106654 0.103851 0.245311 0.198006 0.166657 0.172458 0.404115 0.238715 0.232960 0.280861 0.398085 0.438737 0.652521 0.555849 0.290829 0.249532 0.179341 0.291035 0.131228 0.174760 0.251078 0.246964 0.151283 0.222797 0.825494 0.946179 0.418276 0.366826 0.480408 0.570595 0.412463 0.726685 0.331904 0.485053 0.307487 0.375678 0.296135 0.262507 0.521900 0.627729 0.253507 0.321750 0.231578 0.248177 0.762202 0.505253 0.568601 0.364595 0.597901 0.396833 0.353329 0.389798 0.388470 0.996542
0.209672 0.190415 0.320222 0.258616 0.689806 0.536080 0.332539 0.231012 0.494910 0.376450 0.273126 0.136037 0.106794 0.000000 0.095919 0.121542 0.209805 0.225547 0.238728 0.255998 0.389227 0.747813 0.152342 0.202616 0.532468 0.507026 0.974198 0.855954 0.160755 0.174706 0.226633 0.275937 0.214590 0.239426 0.401458 0.576397 0.349897 0.399878 0.571368 0.636387 0.709877 0.500462 0.318423 0.315580 0.338308 0.320123 0.266399 0.239686 0.551477 0.365776 0.378051 0.339915 0.475613 0.508529 0.443512 0.551641 0.223620 0.230883 0.212042 0.282047 0.165884 0.208433 0.147399 0.134806 0.310574 0.284866 0.267535 0.260677 0.487084 0.301337 0.317388 0.398658 0.531153 0.577116 0.691544 0.609875 0.342552 0.304073 0.224891 0.360943 0.214525 0.266843 0.220131 0.314962 0.194239 0.246608 0.870195 0.901366 0.478433 0.395662 0.628418 0.722852 0.558044 0.883574 0.370369 0.508254 0.401405 0.362007 0.390299 0.337963 0.593547 0.738891 0.278125 0.391334 0.297131 0.291962 0.837019 0.568749 0.575033 0.387293 0.599377 0.482557 0.471246 0.449031 0.423834 0.972199
0.202424 0.210636 0.278608 0.218344 0.645126 0.488158 0.308719 0.210530 0.460622 0.362453 0.308068 0.149405 0.096212 0.095919 0.000000 0.105562 0.236565 0.252312 0.250642 0.279669 0.385228 0.764736 0.110767 0.200835 0.466365 0.441483 0.993703 0.905383 0.193343 0.191071 0.206133 0.298339 0.210402 0.240928 0.343233 0.593104 0.308981 0.408794 0.553759 0.617071 0.677308 0.527779 0.288932 0.300126 0.305067 0.291259 0.248123 0.223650 0.528912 0.320396 0.329375 0.274620 0.388755 0.434093 0.383970 0.474720 0.262808 0.262161 0.221928 0.264697 0.145635 0.176326 0.168978 0.149141 0.239601 0.238181 0.240991 0.249296 0.497710 0.303785 0.286058 0.368625 0.449028 0.532832 0.660871 0.597920 0.336877 0.294968 0.240092 0.371700 0.210879 0.253252 0.250399 0.309278 0.151541 0.214718 0.840514 0.866279 0.422121 0.322421 0.560444 0.650359 0.480227 0.826552 0.359191 0.514008 0.370244 0.382523 0.336803 0.310478 0.570957 0.710378 0.266307 0.386140 0.251406 0.259081 0.726507 0.511924 0.599977 0.434850 0.645051 0.460719 0.435781 0.473019 0.405191 0.948772
0.216839 0.226741 0.290528 0.228090 0.606001 0.447271 0.315912 0.233114 0.422609 0.394913 0.315687 0.163269 0.108022 0.121542 0.105562 0.000000 0.246183 0.263082 0.246257 0.298124 0.365861 0.799275 0.103601 0.177902 0.472052 0.477498 0.990767 0.882341 0.194589 0.207994 0.189528 0.279923 0.220427 0.256412 0.388494 0.582021 0.358832 0.422017 0.545868 0.627884 0.661458 0.516264 0.288149 0.309489 0.331023 0.309525 0.253549 0.234095 0.620390 0.345327 0.355634 0.298840 0.402204 0.410915 0.457711 0.514090 0.287496 0.293727 0.244024 0.292230 0.161206 0.210055 0.175467 0.166248 0.278806 0.247323 0.238740 0.271805 0.448577 0.311394 0.243700 0.324641 0.433592 0.525562 0.627840 0.577912 0.348749 0.285456 0.236065 0.352929 0.211700 0.255338 0.235102 0.296657 0.172052 0.205558 0.866785 0.900630 0.462135 0.393743 0.560516 0.655237 0.476825 0.815965 0.412336 0.496164 0.409743 0.410106 0.396524 0.368926 0.595274 0.672718 0.298768 0.419735 0.268077 0.297157 0.707547 0.620046 0.622623 0.487946 0.698223 0.524186 0.463708 0.439957 0.436108 0.975633
0.108959 0.134581 0.260528 0.218172 0.702383 0.487840 0.179172 0.142045 0.442244 0.252869 0.142709 0.123601 0.148087 0.209805 0.236565 0.246183 0.000000 0.092670 0.118502 0.139749 0.447471 0.679490 0.274299 0.393630 0.639690 0.535033 0.859059 0.961122 0.121152 0.108086 0.242571 0.241922 0.143696 0.116058 0.444978 0.533089 0.395713 0.508478 0.623549 0.617447 0.670380 0.467519 0.241065 0.184774 0.221849 0.207844 0.231958 0.216412 0.604152 0.338384 0.385279 0.318618 0.447432 0.420973 0.405995 0.510525 0.108877 0.131300 0.149084 0.208231 0.135078 0.217849 0.118721 0.121151 0.383334 0.242803 0.178712 0.171698 0.286124 0.185708 0.281818 0.269214 0.363117 0.368605 0.628490 0.539592 0.289362 0.232509 0.153756 0.193476 0.100868 0.138530 0.361480 0.241860 0.277998 0.360620 0.900715 0.989038 0.448152 0.508102 0.505492 0.574674 0.468971 0.676418 0.316515 0.475602 0.285430 0.355299 0.281025 0.218886 0.571255 0.580079 0.264192 0.263171 0.304541 0.273271 0.840738 0.588180 0.608345 0.337641 0.608867 0.328043 0.306317 0.324664 0.488167 0.946653
0.117187 0.130081 0.208903 0.180806 0.741442 0.446448 0.146363 0.126720 0.394972 0.245290 0.124140 0.123373 0.160894 0.225547 0.252312 0.263082 0.092670 0.000000 0.093202 0.104019 0.437496 0.708747 0.286151 0.401296 0.592790 0.472626 0.860347 0.900770 0.122058 0.099831 0.234827 0.235992 0.122938 0.117675 0.446521 0.578117 0.376653 0.518191 0.614912 0.581121 0.761715 0.447868 0.206745 0.157767 0.219649 0.193988 0.194793 0.186701 0.589941 0.352532 0.389558 0.335072 0.455510 0.425114 0.409229 0.496030 0.099247 0.111952 0.163466 0.222587 0.130504 0.230531 0.111715 0.117654 0.370406 0.236626 0.168746 0.165975 0.276944 0.205592 0.275729 0.271432 0.391573 0.370457 0.595982 0.572851 0.292474 0.224853 0.152343 0.201458 0.106677 0.119540 0.358626 0.222495 0.277528 0.354300 0.882667 0.960792 0.461748 0.491560 0.463054 0.542125 0.438299 0.649203 0.301727 0.442348 0.286654 0.381462 0.260394 0.213144 0.529266 0.549431 0.283661 0.231723 0.282317 0.299852 0.881141 0.589371 0.615490 0.337070 0.632593 0.317920 0.264379 0.362764 0.446825 0.952813
0.119618 0.131775 0.178038 0.148064 0.665177 0.430464 0.128284 0.139435 0.369854 0.288521 0.145987 0.149822 0.155817 0.238728 0.250642 0.246257 0.118502 0.093202 0.000000 0.110663 0.409788 0.687221 0.255437 0.353779 0.492784 0.432948 0.861575 0.921387 0.159330 0.119908 0.186791 0.238094 0.139959 0.124721 0.426334 0.555522 0.371983 0.526450 0.540274 0.633506 0.736995 0.443694 0.182542 0.147023 0.217508 0.198082 0.175266 0.180522 0.608210 0.311910 0.369970 0.319437 0.459235 0.378074 0.388160 0.518863 0.140372 0.150675 0.177331 0.236948 0.135725 0.259952 0.137961 0.156538 0.333130 0.224571 0.153414 0.156663 0.262464 0.207679 0.220446 0.228601 0.332670 0.326282 0.609111 0.526919 0.299046 0.253543 0.199657 0.184202 0.114469 0.121347 0.376651 0.246353 0.259903 0.325433 0.863064 0.989198 0.464304 0.513992 0.459233 0.544098 0.431883 0.628586 0.316589 0.473516 0.306522 0.405976 0.273957 0.257080 0.547158 0.551481 0.315722 0.275887 0.283241 0.319109 0.806740 0.594248 0.571852 0.373129 0.626376 0.331567 0.302382 0.400794 0.458058 0.938240
0.119617 0.137080 0.187372 0.173041 0.759865 0.484360 0.177927 0.156754 0.381937 0.310923 0.140181 0.143198 0.183631 0.255998 0.279669 0.298124 0.139749 0.104019 0.110663 0.000000 0.455797 0.747726 0.284333 0.372461 0.532065 0.406193 0.883062 0.931889 0.154568 0.112370 0.216614 0.224873 0.139260 0.127971 0.438573 0.603149 0.381688 0.530068 0.595374 0.615767 0.807142 0.522798 0.255386 0.205101 0.263643 0.228323 0.215084 0.199468 0.602943 0.331100 0.423118 0.355698 0.466780 0.463134 0.427537 0.493545 0.152862 0.142509 0.191094 0.226474 0.158754 0.239744 0.159613 0.165788 0.366161 0.247944 0.212688 0.181809 0.260637 0.201648 0.294060 0.313403 0.336298 0.331085 0.628053 0.581568 0.319547 0.277199 0.190831 0.213949 0.134631 0.126021 0.420819 0.259731 0.304762 0.384973 0.801071 0.958573 0.433990 0.494500 0.527901 0.617122 0.501122 0.726022 0.325948 0.527220 0.323024 0.464511 0.308597 0.267175 0.520551 0.622335 0.360863 0.297093 0.342283 0.342078 0.826084 0.593498 0.597184 0.365426 0.625685 0.366303 0.336233 0.437717 0.466128 0.918628
0.434159 0.414848 0.399906 0.368863 0.641711 0.592676 0.407954 0.415971 0.563342 0.556173 0.457406 0.414952 0.353770 0.389227 0.385228 0.365861 0.447471 0.437496 0.409788 0.455797 0.000000 0.776316 0.356503 0.368158 0.535117 0.530660 0.991616 0.900618 0.444656 0.446644 0.364502 0.516582 0.391257 0.381637 0.477708 0.741620 0.478325 0.494231 0.606492 0.687118 0.655150 0.701762 0.412997 0.388920 0.453751 0.429006 0.389323 0.396787 0.762005 0.465508 0.564306 0.506584 0.619491 0.515573 0.549262 0.651684 0.466846 0.440925 0.433222 0.439440 0.389366 0.454483 0.418827 0.415910 0.431955 0.423370 0.410888 0.422293 0.583634 0.518187 0.365109 0.426951 0.542233 0.561658 0.773996 0.720021 0.414943 0.374980 0.479017 0.484548 0.427238 0.401493 0.405445 0.449002 0.396445 0.451663 0.928297 0.992419 0.645311 0.547582 0.607644 0.697812 0.554340 0.787773 0.508141 0.625581 0.475289 0.587920 0.568159 0.495854 0.737058 0.650118 0.416559 0.460889 0.430120 0.438054 0.841238 0.603965 0.571959 0.662157 0.690478 0.657592 0.576329 0.604927 0.592386 0.947623
0.776488 0.787675 0.773606 0.728699 0.768354 0.994645 0.717013 0.782411 0.817592 0.799455 0.747924 0.761621 0.757379 0.747813 0.764736 0.799275 0.679490 0.708747 0.687221 0.747726 0.776316 0.000000 0.780227 0.830775 0.983859 0.830583 0.909236 0.755817 0.679925 0.726414 0.840067 0.683525 0.684396 0.726694 0.898496 0.855881 0.816647 0.919021 0.815490 0.714110 0.950249 0.846272 0.740656 0.698434 0.769786 0.787384 0.778469 0.792571 0.877759 0.852524 0.818410 0.835239 0.939639 0.791515 0.827947 0.903091 0.699052 0.768833 0.798825 0.845836 0.724250 0.806489 0.743132 0.752120 0.752274 0.720144 0.734530 0.694823 0.803153 0.838521 0.773934 0.784945 0.788001 0.748623 0.924256 0.693208 0.743093 0.740757 0.882545 0.700899 0.759758 0.732273 0.729496 0.771294 0.777054 0.712212 0.862297 0.900538 0.738630 0.789720 0.858531 0.919737 0.930843 0.875022 0.822818 0.855410 0.903072 0.750744 0.754033 0.689772 0.946748 0.914412 0.744647 0.667229 0.822191 0.723873 0.953737 0.784625 0.954397 0.869467 0.740765 0.773895 0.815484 0.765411 0.765834 0.854707
0.217361 0.227284 0.214363 0.171703 0.620422 0.485607 0.291271 0.233957 0.399731 0.417908 0.332933 0.193513 0.119486 0.152342 0.110767 0.103601 0.274299 0.286151 0.255437 0.284333 0.356503 0.780227 0.000000 0.144659 0.345248 0.347725 0.954347 0.935062 0.218686 0.232964 0.138798 0.243136 0.194414 0.247256 0.355662 0.577665 0.296744 0.419787 0.515436 0.665864 0.709037 0.533006 0.260812 0.285803 0.322737 0.295415 0.232338 0.236356 0.610302 0.322809 0.363838 0.289019 0.378798 0.413284 0.392237 0.471136 0.303465 0.302477 0.244265 0.268339 0.156454 0.194973 0.208144 0.205148 0.186868 0.192889 0.210828 0.229836 0.437989 0.293102 0.227438 0.333897 0.367155 0.448134 0.667097 0.615283 0.311849 0.312992 0.250251 0.345381 0.211399 0.238652 0.261571 0.274063 0.124458 0.146663 0.881666 0.856820 0.399042 0.329935 0.555470 0.663260 0.479462 0.816078 0.369527 0.523477 0.391563 0.432457 0.387193 0.360046 0.608967 0.703592 0.331458 0.410776 0.284607 0.282028 0.739351 0.580631 0.590309 0.490332 0.687531 0.509506 0.448885 0.495176 0.394398 0.970591
0.344795 0.341203 0.300916 0.285628 0.634559 0.582269 0.429606 0.381853 0.550188 0.580502 0.397879 0.314064 0.212051 0.202616 0.200835 0.177902 0.393630 0.401296 0.353779 0.372461 0.368158 0.830775 0.144659 0.000000 0.324572 0.329397 0.971501 0.864104 0.292578 0.310619 0.202059 0.276829 0.311965 0.353555 0.434164 0.662079 0.404960 0.535804 0.523910 0.688551 0.780072 0.609069 0.392331 0.417502 0.486828 0.440146 0.341075 0.350577 0.708399 0.450400 0.498934 0.462467 0.485060 0.536700 0.481324 0.597594 0.439700 0.435327 0.379162 0.430891 0.282380 0.337748 0.301331 0.331034 0.283283 0.293659 0.345869 0.372624 0.543239 0.420135 0.341059 0.461771 0.490759 0.544698 0.782385 0.672682 0.429150 0.422668 0.366209 0.414690 0.318797 0.329929 0.256080 0.332718 0.216226 0.174656 0.752104 0.698740 0.498252 0.413612 0.712010 0.839624 0.665947 0.962371 0.475925 0.669784 0.532741 0.513731 0.601450 0.527651 0.696547 0.806780 0.484784 0.527546 0.427986 0.457449 0.816342 0.674468 0.636975 0.596793 0.779083 0.673841 0.607606 0.673107 0.496444 0.996592
0.510680 0.524668 0.351888 0.376544 0.835498 0.738474 0.565798 0.570940 0.689847 0.796438 0.612619 0.563238 0.484341 0.532468 0.466365 0.472052 0.639690 0.592790 0.492784 0.532065 0.535117 0.983859 0.345248 0.324572 0.000000 0.252991 0.895267 0.896531 0.572004 0.548024 0.300911 0.462243 0.487855 0.571634 0.506907 0.774379 0.459411 0.684425 0.487449 0.825318 0.835646 0.766836 0.533267 0.555295 0.654961 0.597213 0.469431 0.527851 0.803970 0.549947 0.673452 0.580396 0.589159 0.675041 0.473408 0.646290 0.669908 0.592782 0.571938 0.520821 0.507732 0.534544 0.586041 0.587239 0.368266 0.452809 0.535728 0.532279 0.552583 0.550582 0.494215 0.564736 0.490520 0.549888 0.746564 0.849026 0.566895 0.673364 0.543237 0.516751 0.519879 0.482903 0.589435 0.520176 0.379665 0.336488 0.964751 0.867253 0.625784 0.461073 0.809155 0.902308 0.744521 0.980120 0.598307 0.800167 0.630251 0.749606 0.732098 0.722873 0.938617 0.920356 0.763834 0.716523 0.552568 0.640793 0.778017 0.908136 0.694718 0.661126 0.973103 0.774471 0.690566 0.849760 0.631551 0.985748
0.436943 0.478403 0.272131 0.288802 0.835584 0.631955 0.434199 0.455239 0.533481 0.592925 0.459049 0.478294 0.442398 0.507026 0.441483 0.477498 0.535033 0.472626 0.432948 0.406193 0.530660 0.830583 0.347725 0.329397 0.252991 0.000000 0.922989 0.834985 0.463652 0.450278 0.284880 0.345649 0.362290 0.412654 0.426539 0.756425 0.388190 0.693454 0.522821 0.642365 0.868636 0.717847 0.405713 0.412438 0.504911 0.437416 0.387717 0.437144 0.685692 0.475812 0.553285 0.492245 0.480038 0.583688 0.479005 0.501868 0.547679 0.508770 0.456427 0.462505 0.395684 0.440182 0.497725 0.514927 0.280557 0.285701 0.405518 0.384502 0.490372 0.474071 0.460850 0.475595 0.375164 0.423659 0.750559 0.768132 0.426525 0.514284 0.500582 0.428421 0.425500 0.388982 0.589828 0.409354 0.371371 0.338675 0.840057 0.858997 0.453993 0.456804 0.641928 0.750750 0.623297 0.833150 0.522475 0.711047 0.549239 0.674437 0.537809 0.500519 0.707647 0.770306 0.634458 0.508242 0.517697 0.614958 0.843691 0.707237 0.729853 0.686645 0.910911 0.619328 0.538204 0.781227 0.498561 0.996064
0.885885 0.850064 0.931373 0.907151 0.770579 0.936309 0.892433 0.856928 0.966609 0.924351 0.948490 0.910263 0.919296 0.974198 0.993703 0.990767 0.859059 0.860347 0.861575 0.883062 0.991616 0.909236 0.954347 0.971501 0.895267 0.922989 0.000000 0.980435 0.896577 0.871491 0.961770 0.936632 0.897264 0.841264 0.988885 0.899545 0.969360 0.888034 0.830613 0.998266 0.939160 0.945193 0.915977 0.923429 0.882858 0.886842 0.943664 0.933631 0.852956 0.886793 0.870804 0.898297 0.996751 0.863209 0.863072 0.866526 0.844269 0.841853 0.888579 0.873985 0.876694 0.826338 0.879502 0.864628 0.931349 0.878443 0.925180 0.908113 0.919549 0.858153 0.972332 0.924966 0.939905 0.948004 0.942190 0.764133 0.999151 0.981968 0.974268 0.946065 0.901627 0.856090 0.953968 0.867345 0.936189 0.945106 0.833124 0.969855 0.921458 0.970841 0.901841 0.893372 0.967227 0.869354 0.961106 0.919778 0.990379 0.876821 0.879433 0.854161 0.960650 0.954792 0.899650 0.795881 0.800252 0.909400 0.986193 0.957764 0.945928 0.763127 0.942776 0.754250 0.826210 0.921260 0.947640 0.786995
0.966677 0.939448 0.926702 0.919167 0.842831 0.883835 0.925655 0.926613 0.974968 0.978591 0.886671 0.886780 0.938531 0.855954 0.905383 0.882341 0.961122 0.900770 0.921387 0.931889 0.900618 0.755817 0.935062 0.864104 0.896531 0.834985 0.980435 0.000000 0.870960 0.919011 0.965720 0.898796 0.869439 0.957788 0.971686 0.989610 0.896020 0.930089 0.917743 0.852368 0.893003 0.998677 0.930891 0.899674 0.979851 0.972737 0.885356 0.977297 0.945762 0.883446 0.965308 0.921448 0.888634 0.980646 0.910971 0.935101 0.918139 0.930200 0.981860 0.991252 0.919833 0.964204 0.881535 0.881915 0.964716 0.914912 0.943323 0.922745 0.936095 0.993202 0.928205 0.915994 0.912674 0.999844 0.965702 0.851761 0.821718 0.873311 0.998914 0.947458 0.945764 0.933947 0.980038 0.973912 0.943713 0.918794 0.992178 0.901741 0.985022 0.958089 0.904968 0.957554 0.963549 0.944591 0.973212 0.895221 0.862044 0.894530 0.989764 0.882039 0.992821 0.949982 0.964499 0.871193 0.885455 0.932249 0.847375 0.951297 0.865241 0.985367 0.951362 0.907692 0.968102 0.957944 0.844083 0.950773
0.157659 0.143600 0.269044 0.220297 0.681196 0.486839 0.245201 0.183769 0.442018 0.314962 0.189982 0.125161 0.136752 0.160755 0.193343 0.194589 0.121152 0.122058 0.159330 0.154568 0.444656 0.679925 0.218686 0.292578 0.572004 0.463652 0.896577 0.870960 0.000000 0.104727 0.209108 0.221278 0.144255 0.153945 0.418896 0.580573 0.358650 0.535554 0.586082 0.573246 0.749028 0.460772 0.268366 0.226939 0.281020 0.250224 0.212004 0.196964 0.563179 0.351673 0.392994 0.333972 0.445549 0.468446 0.398772 0.467966 0.142049 0.167530 0.177155 0.227023 0.135023 0.202680 0.109765 0.118400 0.348002 0.232963 0.205943 0.204978 0.319000 0.215960 0.304408 0.341780 0.411253 0.436113 0.654892 0.575412 0.315060 0.257103 0.167366 0.232652 0.127060 0.153746 0.298860 0.206679 0.223116 0.283491 0.826173 0.959130 0.458473 0.407183 0.584982 0.678809 0.542916 0.822143 0.337155 0.521408 0.346683 0.367132 0.341484 0.255824 0.580537 0.668606 0.295918 0.289037 0.312267 0.282297 0.842955 0.640786 0.608407 0.379392 0.607007 0.393603 0.348001 0.372291 0.428483 0.945934
0.117938 0.137269 0.219338 0.184206 0.717131 0.473060 0.205366 0.152036 0.410502 0.274114 0.132273 0.100861 0.131305 0.174706 0.191071 0.207994 0.108086 0.099831 0.119908 0.112370 0.446644 0.726414 0.232964 0.310619 0.548024 0.450278 0.871491 0.919011 0.104727 0.000000 0.196134 0.214969 0.137929 0.114253 0.405262 0.577939 0.356872 0.501842 0.582272 0.616675 0.775386 0.522357 0.287892 0.225723 0.280871 0.242045 0.224834 0.209894 0.619201 0.336829 0.405961 0.333459 0.427869 0.428911 0.370888 0.480489 0.150181 0.151177 0.190094 0.234883 0.125618 0.202840 0.115890 0.115792 0.342881 0.232622 0.205517 0.203964 0.279271 0.189708 0.287338 0.319675 0.367369 0.377131 0.571155 0.549492 0.346974 0.246338 0.157387 0.204142 0.109105 0.118979 0.323188 0.207280 0.258318 0.310351 0.782159 0.925972 0.450003 0.460507 0.544079 0.637767 0.511491 0.758811 0.320013 0.524299 0.343524 0.403060 0.322519 0.270297 0.558708 0.606305 0.293488 0.288111 0.334443 0.305630 0.806414 0.623488 0.648895 0.358569 0.659468 0.401011 0.347203 0.413902 0.473522 0.998632
0.198776 0.211290 0.166968 0.152280 0.744200 0.459527 0.233922 0.231517 0.409189 0.393266 0.242037 0.209697 0.167972 0.226633 0.206133 0.189528 0.242571 0.234827 0.186791 0.216614 0.364502 0.840067 0.138798 0.202059 0.300911 0.284880 0.961770 0.965720 0.209108 0.196134 0.000000 0.190341 0.177682 0.197295 0.379701 0.612488 0.293761 0.513447 0.480641 0.716922 0.712001 0.551063 0.261406 0.238717 0.323749 0.292049 0.232308 0.232717 0.671714 0.356048 0.436683 0.352626 0.417252 0.444192 0.373158 0.517728 0.285331 0.275833 0.246080 0.277202 0.172933 0.251300 0.228570 0.240129 0.234107 0.182834 0.202185 0.214097 0.295232 0.255177 0.242688 0.288165 0.302753 0.336775 0.605030 0.660015 0.332494 0.282712 0.239782 0.270277 0.189166 0.184997 0.326819 0.229030 0.205245 0.212024 0.850024 0.891907 0.427338 0.413520 0.588188 0.695996 0.514629 0.800948 0.377567 0.596567 0.354535 0.504341 0.419661 0.390167 0.620809 0.621114 0.405420 0.402682 0.357797 0.355895 0.762665 0.688786 0.603527 0.448661 0.752913 0.495707 0.430134 0.468556 0.464431 0.975993
0.267537 0.279168 0.261113 0.230596 0.852195 0.549406 0.293757 0.296053 0.462759 0.424033 0.239926 0.259383 0.257041 0.275937 0.298339 0.279923 0.241922 0.235992 0.238094 0.224873 0.516582 0.683525 0.243136 0.276829 0.462243 0.345649 0.936632 0.898796 0.221278 0.214969 0.190341 0.000000 0.221952 0.211395 0.513758 0.689290 0.378766 0.635540 0.542754 0.643433 0.865182 0.562962 0.306867 0.268935 0.390142 0.374559 0.315893 0.311811 0.762406 0.495969 0.557476 0.496369 0.522392 0.578424 0.526826 0.640431 0.267580 0.307204 0.302978 0.380594 0.252878 0.360093 0.266528 0.291882 0.354039 0.260959 0.262251 0.268172 0.355355 0.339838 0.347471 0.374580 0.401489 0.422695 0.640321 0.662154 0.375181 0.307774 0.276241 0.263518 0.245289 0.240424 0.383114 0.266983 0.326044 0.279737 0.890738 0.858426 0.446879 0.504362 0.654666 0.803977 0.640345 0.847988 0.418775 0.636273 0.459065 0.517028 0.462304 0.405978 0.649806 0.685202 0.463482 0.362896 0.457192 0.399765 0.917129 0.784799 0.756350 0.550656 0.726578 0.476123 0.497149 0.536346 0.500186 0.963125
0.126535 0.145970 0.154779 0.121222 0.678056 0.431987 0.147233 0.119523 0.349141 0.240490 0.185353 0.131435 0.145023 0.214590 0.210402 0.220427 0.143696 0.122938 0.139959 0.139260 0.391257 0.684396 0.194414 0.311965 0.487855 0.362290 0.897264 0.869439 0.144255 0.137929 0.177682 0.221952 0.000000 0.131764 0.367444 0.553087 0.350877 0.487032 0.595064 0.616443 0.784769 0.508337 0.188551 0.171125 0.219004 0.191501 0.190842 0.210022 0.563843 0.333265 0.363380 0.304548 0.425821 0.396796 0.380842 0.427533 0.159801 0.158141 0.161514 0.218242 0.113960 0.187292 0.150019 0.144180 0.268836 0.170012 0.147109 0.124733 0.278965 0.187828 0.209864 0.239954 0.300099 0.336643 0.601194 0.592116 0.257917 0.200556 0.158546 0.214794 0.112153 0.127360 0.361132 0.230721 0.214129 0.268932 0.891418 0.978353 0.402743 0.410068 0.430689 0.508313 0.389505 0.637561 0.307429 0.449376 0.275491 0.385055 0.244283 0.197151 0.517962 0.515362 0.301805 0.218743 0.270338 0.295154 0.829112 0.528068 0.579547 0.361596 0.620702 0.342038 0.305244 0.370649 0.437017 0.983774
0.126238 0.153284 0.200922 0.152588 0.669622 0.447632 0.146762 0.128639 0.354492 0.236094 0.157199 0.153217 0.159278 0.239426 0.240928 0.256412 0.116058 0.117675 0.124721 0.127971 0.381637 0.726694 0.247256 0.353555 0.571634 0.412654 0.841264 0.957788 0.153945 0.114253 0.197295 0.211395 0.131764 0.000000 0.388380 0.590962 0.317672 0.475719 0.574318 0.630789 0.738759 0.482248 0.216409 0.155162 0.211544 0.192324 0.196082 0.209904 0.623179 0.318633 0.384293 0.317582 0.438437 0.412578 0.420943 0.472272 0.138422 0.147954 0.170550 0.235666 0.122069 0.207717 0.149578 0.147971 0.296669 0.175565 0.145597 0.146717 0.296515 0.194193 0.261920 0.255358 0.301786 0.345728 0.575355 0.534513 0.281893 0.208118 0.191503 0.203285 0.126311 0.122857 0.371138 0.214300 0.249932 0.321198 0.849106 0.960823 0.432472 0.463261 0.454091 0.549476 0.431844 0.629197 0.321819 0.466513 0.322203 0.403504 0.250686 0.211416 0.506295 0.514665 0.264940 0.217438 0.308006 0.314774 0.812021 0.531874 0.614426 0.427008 0.633197 0.311498 0.305109 0.393869 0.452416 0.902889
0.357710 0.407675 0.409391 0.342523 0.760998 0.481403 0.444054 0.378375 0.523938 0.424524 0.512881 0.370905 0.369915 0.401458 0.343233 0.388494 0.444978 0.446521 0.426334 0.438573 0.477708 0.898496 0.355662 0.434164 0.506907 0.426539 0.988885 0.971686 0.418896 0.405262 0.379701 0.513758 0.367444 0.388380 0.000000 0.646724 0.407534 0.560812 0.695769 0.870229 0.674874 0.560387 0.420644 0.455640 0.415783 0.363692 0.415540 0.418213 0.534556 0.339780 0.434641 0.342137 0.440117 0.498669 0.414681 0.440167 0.525327 0.430713 0.378956 0.330425 0.347730 0.336926 0.413428 0.390784 0.357148 0.347971 0.405552 0.384696 0.494326 0.346920 0.460485 0.454342 0.396621 0.495114 0.593061 0.683726 0.426986 0.442621 0.385808 0.474280 0.361571 0.350000 0.584654 0.432504 0.309480 0.401748 0.966749 0.952357 0.544396 0.456057 0.583086 0.647453 0.525911 0.742894 0.540734 0.641303 0.456082 0.609547 0.422308 0.403010 0.655776 0.731813 0.468377 0.517022 0.396704 0.461795 0.780275 0.576585 0.618088 0.642361 0.661548 0.451172 0.528491 0.676477 0.577451 0.919539
0.527725 0.519077 0.643052 0.591136 0.794328 0.751326 0.621623 0.568712 0.688942 0.671353 0.596228 0.541151 0.533471 0.576397 0.593104 0.582021 0.533089 0.578117 0.555522 0.603149 0.741620 0.855881 0.577665 0.662079 0.774379 0.756425 0.899545 0.989610 0.580573 0.577939 0.612488 0.689290 0.553087 0.590962 0.646724 0.000000 0.624549 0.536966 0.875818 0.797559 0.746353 0.591424 0.572411 0.606842 0.614788 0.598278 0.636867 0.546081 0.736507 0.618326 0.634557 0.561094 0.683905 0.630136 0.783587 0.681437 0.548142 0.531877 0.538189 0.561390 0.576389 0.604771 0.518428 0.542386 0.681194 0.657307 0.573009 0.568088 0.705879 0.533314 0.611272 0.623333 0.715861 0.751031 0.905717 0.701700 0.639207 0.641315 0.555524 0.659211 0.516897 0.566553 0.624950 0.575901 0.571857 0.614464 0.952138 0.999682 0.691918 0.668508 0.749587 0.716060 0.739048 0.777201 0.554198 0.685066 0.622731 0.552070 0.635878 0.644132 0.786886 0.717967 0.546531 0.564638 0.683093 0.664254 0.856924 0.702242 0.709792 0.669136 0.708202 0.645170 0.622421 0.737560 0.656012 0.999326
0.334986 0.323726 0.321969 0.285908 0.870721 0.596253 0.402029 0.343482 0.474886 0.474720 0.458714 0.352868 0.309167 0.349897 0.308981 0.358832 0.395713 0.376653 0.371983 0.381688 0.478325 0.816647 0.296744 0.404960 0.459411 0.388190 0.969360 0.896020 0.358650 0.356872 0.293761 0.378766 0.350877 0.317672 0.407534 0.624549 0.000000 0.423618 0.456439 0.676352 0.827351 0.480628 0.364318 0.347252 0.349096 0.351838 0.345292 0.282772 0.479642 0.347206 0.404508 0.331679 0.438139 0.543053 0.515594 0.461311 0.378393 0.336280 0.313871 0.322098 0.296046 0.297646 0.381699 0.336615 0.279093 0.309563 0.349843 0.310446 0.531659 0.383462 0.469798 0.453431 0.546541 0.539293 0.612520 0.678475 0.432299 0.408724 0.369768 0.440790 0.364217 0.359357 0.519383 0.368566 0.264355 0.296065 0.912332 0.864897 0.425219 0.319737 0.616498 0.705887 0.537562 0.778120 0.399727 0.523674 0.433069 0.487978 0.379636 0.400926 0.545337 0.702695 0.322683 0.416260 0.370026 0.370317 0.782166 0.570066 0.702470 0.553811 0.789031 0.494521 0.534218 0.630807 0.522279 0.877109
0.450460 0.488644 0.528497 0.484527 0.858824 0.851026 0.563530 0.465544 0.545612 0.524968 0.583020 0.426818 0.403605 0.399878 0.408794 0.422017 0.508478 0.518191 0.526450 0.530068 0.494231 0.919021 0.419787 0.535804 0.684425 0.693454 0.888034 0.930089 0.535554 0.501842 0.513447 0.635540 0.487032 0.475719 0.560812 0.536966 0.423618 0.000000 0.640396 0.768566 0.795708 0.648986 0.520666 0.549851 0.541010 0.519803 0.553651 0.475843 0.606766 0.470657 0.497635 0.470861 0.670464 0.609896 0.666240 0.627798 0.504376 0.488898 0.483604 0.479065 0.430160 0.409152 0.453496 0.407962 0.437903 0.502614 0.534273 0.515802 0.733289 0.570776 0.610162 0.660693 0.645415 0.705905 0.809115 0.736707 0.549757 0.537453 0.534297 0.620913 0.530807 0.564173 0.537503 0.587667 0.434571 0.513039 0.888628 0.962264 0.612480 0.565235 0.641106 0.658102 0.610041 0.810854 0.485907 0.477837 0.594666 0.552864 0.480171 0.534515 0.662724 0.705039 0.392871 0.510511 0.471917 0.463035 0.741810 0.593703 0.646215 0.484747 0.804022 0.685597 0.642219 0.695611 0.477574 0.998999
