0.000000 0.406170 0.842581 0.695286 0.860622 0.584657 0.580942 0.436174 0.797008 0.793464 0.424501 0.375857 0.527691 0.500495 0.845908 0.558662 0.394549 0.383829 0.438120 0.388792 0.887597 0.939252 0.837586 0.804130 0.880720 0.795691 0.982332 0.940756 0.524467 0.487535 0.660446 0.564896 0.449023 0.434167 0.761964 0.942254 0.730835 0.853069 0.995351 0.934749 0.847626 0.891757 0.582448 0.531929 0.596976 0.614767 0.600237 0.690659 0.857775 0.782063 0.813442 0.873455 0.949089 0.959324 0.878500 0.857616 0.353571 0.495492 0.510064 0.919230 0.530762 0.633983 0.428871 0.481569 0.913171 0.704231 0.546869 0.612905 0.732415 0.720847 0.577048 0.634429 0.771354 0.665260 0.895515 0.708862 0.686258 0.740688 0.716660 0.633406 0.404146 0.463556 0.627683 0.717757 0.733158 0.755700 0.981987 0.942085 0.880102 0.891503 0.618591 0.847478 0.670013 0.865864 0.760651 0.772619 0.731436 0.707884 0.484664 0.536171 0.648139 0.662145 0.549886 0.607567 0.620838 0.782546 0.946670 0.862177 0.976195 0.875941 0.998921 0.692840 0.779720 0.872772 0.783967 0.942588
0.406170 0.000000 0.876322 0.955800 0.996376 0.771616 0.844256 0.608964 0.992734 0.773713 0.757442 0.459221 0.879525 0.783364 0.926185 0.716218 0.297961 0.309187 0.680697 0.537083 0.968651 0.950823 0.889196 0.962231 0.977558 0.908775 0.994599 0.878866 0.503082 0.435374 0.898197 0.773832 0.675877 0.668641 0.924202 0.973127 0.892587 0.924261 0.941111 0.841394 0.770425 0.866432 0.661688 0.593337 0.525081 0.468641 0.717553 0.732272 0.600699 0.606028 0.586318 0.673497 0.888212 0.901506 0.832180 0.800602 0.257215 0.250291 0.736241 0.773938 0.835447 0.539506 0.693155 0.455948 0.823579 0.806026 0.780334 0.768165 0.555084 0.566700 0.770774 0.853780 0.750615 0.693715 0.749961 0.719132 0.796734 0.796974 0.593529 0.544340 0.300338 0.398641 0.641970 0.571068 0.999860 0.850098 0.936380 0.994331 0.948951 0.916436 0.810939 0.995416 0.831609 0.922356 0.666430 0.934499 0.598972 0.772728 0.562592 0.636759 0.822146 0.844190 0.547262 0.735182 0.727054 0.887097 0.975616 0.951327 0.988822 0.767447 0.808246 0.547049 0.823627 0.802757 0.676623 0.881523
0.842581 0.876322 0.000000 0.255165 0.894297 0.892744 0.284260 0.434882 0.645573 0.858333 0.525675 0.895517 0.397067 0.497522 0.477938 0.546270 0.828593 0.952977 0.462965 0.646426 0.819218 0.991696 0.302956 0.404497 0.576660 0.422813 0.920771 0.909790 0.827494 0.963185 0.364529 0.416089 0.496173 0.445866 0.580847 0.839025 0.813171 0.990358 0.861381 0.850941 0.923938 0.705502 0.620273 0.680139 0.778245 0.843148 0.648847 0.601435 0.903982 0.995835 0.986225 0.995668 0.937803 0.884510 0.688422 0.904507 0.845385 0.751805 0.681248 0.974544 0.458238 0.966295 0.686812 0.835945 0.304825 0.502490 0.423173 0.503008 0.857648 0.767530 0.612441 0.567799 0.962034 0.846690 0.875866 0.870706 0.699003 0.713186 0.999353 0.862434 0.846461 0.922482 0.798591 0.859892 0.389249 0.536376 0.670467 0.720325 0.867224 0.899031 0.642098 0.687906 0.739894 0.674979 0.829585 0.900508 0.976942 0.959611 0.741247 0.684049 0.712413 0.655931 0.956962 0.893883 0.753754 0.734587 0.988860 0.833281 0.896394 0.809652 0.962742 0.979463 0.859760 0.989535 0.926373 0.840094
0.695286 0.955800 0.255165 0.000000 0.949923 0.789130 0.266254 0.327533 0.674917 0.879797 0.420554 0.724498 0.360825 0.387856 0.536983 0.534124 0.986852 0.867902 0.361117 0.478549 0.885313 0.985473 0.332432 0.302365 0.549414 0.447933 0.915281 0.800404 0.727928 0.840755 0.325966 0.355591 0.386214 0.351147 0.541829 0.795656 0.806953 0.993124 0.829384 0.870320 0.959066 0.740266 0.563464 0.604387 0.733535 0.801383 0.555636 0.553403 0.905311 0.976310 0.954493 0.990913 0.951358 0.937226 0.685457 0.850019 0.962584 0.894079 0.645705 0.971809 0.432788 0.874443 0.564018 0.971489 0.365458 0.426167 0.357063 0.410446 0.959699 0.840770 0.560800 0.539293 0.872781 0.757935 0.791011 0.835122 0.671275 0.667364 0.853401 0.820939 0.979345 0.752611 0.708854 0.949362 0.374686 0.444218 0.708919 0.650425 0.785332 0.776512 0.612098 0.716283 0.714681 0.736621 0.840656 0.838965 0.942586 0.902159 0.673529 0.576655 0.632156 0.570863 0.848816 0.755375 0.682040 0.701728 0.940850 0.885291 0.835599 0.842050 0.938789 0.963304 0.840447 0.972952 0.918235 0.818232
0.860622 0.996376 0.894297 0.949923 0.000000 0.898824 0.876434 0.880215 0.795368 0.793430 0.895724 0.886614 0.808667 0.822049 0.755704 0.830869 0.955556 0.906177 0.888261 0.896616 0.846630 0.915661 0.860872 0.934091 0.985208 0.980184 0.938831 0.953451 0.928873 0.919086 0.879296 0.914143 0.829281 0.824501 0.853756 0.946676 0.784695 0.829192 0.887252 0.981726 0.877113 0.989283 0.829024 0.889979 0.908796 0.943347 0.934412 0.861313 0.968446 0.961982 0.860449 0.826551 0.804216 0.781454 0.997570 0.947371 0.955574 0.963797 0.689302 0.856279 0.774387 0.961114 0.784759 0.858935 0.876104 0.936769 0.775024 0.810127 0.812918 0.927798 0.841063 0.757905 0.915921 0.937806 0.868420 0.903118 0.991179 0.978504 0.950724 0.981188 0.933425 0.923717 0.907186 0.967831 0.942456 0.967737 0.967455 0.776981 0.775867 0.832789 0.720593 0.742580 0.730380 0.710333 0.969032 0.975086 0.854101 0.994752 0.781434 0.894286 0.953343 0.956810 0.723436 0.782886 0.945123 0.683891 0.801803 0.718538 0.950342 0.988994 0.982334 0.898930 0.840364 0.857010 0.747571 0.854957
0.584657 0.771616 0.892744 0.789130 0.898824 0.000000 0.661139 0.594079 0.715937 0.725642 0.627178 0.659665 0.729148 0.801756 0.946560 0.785117 0.728916 0.662813 0.590200 0.644563 0.882651 0.877316 0.964167 0.915146 0.961441 0.827493 0.986248 0.838638 0.858065 0.809187 0.892377 0.730374 0.712767 0.629934 0.940020 0.952148 0.973815 0.940911 0.950478 0.932022 0.957848 0.922812 0.558118 0.593412 0.639649 0.642317 0.706780 0.696268 0.844692 0.783066 0.861108 0.867127 0.925222 0.860161 0.960284 0.927668 0.667054 0.889650 0.793405 0.957160 0.722542 0.801847 0.797100 0.844836 0.938647 0.742007 0.686056 0.653510 0.966043 0.951466 0.741448 0.833661 0.874664 0.738533 0.990735 0.794324 0.718870 0.665852 0.721166 0.824181 0.761584 0.728554 0.982393 0.976111 0.949061 0.933567 0.922435 0.937115 0.965788 0.968799 0.635129 0.744235 0.704071 0.762927 0.873641 0.874123 0.803453 0.893645 0.579457 0.655746 0.707722 0.661917 0.567105 0.587305 0.865836 0.917796 0.932744 0.934982 0.902383 0.950503 0.829670 0.704080 0.903598 0.789238 0.981616 0.860308
0.580942 0.844256 0.284260 0.266254 0.876434 0.661139 0.000000 0.238053 0.591814 0.634750 0.393009 0.663214 0.344905 0.417790 0.514851 0.490030 0.904679 0.743002 0.296043 0.454089 0.851731 0.890257 0.389573 0.496461 0.732516 0.467943 0.994820 0.905830 0.680214 0.785945 0.407264 0.383165 0.371517 0.324614 0.639700 0.808771 0.803609 0.979451 0.912389 0.852504 0.982979 0.807952 0.399419 0.467327 0.532599 0.599828 0.508963 0.474393 0.932304 0.821370 0.811570 0.816888 0.813317 0.751038 0.733176 0.820741 0.852235 0.996423 0.555267 0.997548 0.420482 0.847785 0.588535 0.971714 0.427910 0.451809 0.302310 0.396344 0.937749 0.931416 0.421606 0.438241 0.860002 0.734149 0.891204 0.797720 0.515297 0.574467 0.817129 0.753395 0.919281 0.786257 0.776150 0.913438 0.462660 0.603642 0.766745 0.792819 0.920233 0.930251 0.431869 0.532707 0.543588 0.562381 0.809759 0.824570 0.818343 0.844085 0.485071 0.426020 0.548229 0.471676 0.689953 0.664555 0.669277 0.621481 0.968891 0.808480 0.925922 0.905828 0.941474 0.771820 0.695695 0.924235 0.841275 0.929078
0.436174 0.608964 0.434882 0.327533 0.880215 0.594079 0.238053 0.000000 0.640596 0.608522 0.348571 0.490624 0.405041 0.386176 0.661511 0.498361 0.681667 0.547454 0.252041 0.320700 0.940531 0.894347 0.523881 0.534182 0.777039 0.511899 0.937575 0.912897 0.528354 0.642421 0.440256 0.378061 0.316952 0.283620 0.685239 0.821774 0.758109 0.980825 0.874267 0.880610 0.912584 0.888143 0.367799 0.417962 0.446565 0.501680 0.485958 0.496746 0.811037 0.737281 0.711874 0.779889 0.790985 0.780849 0.734157 0.783859 0.615272 0.755479 0.535246 0.969523 0.454863 0.705479 0.509131 0.788960 0.600255 0.473709 0.339982 0.373357 0.927066 0.918792 0.433136 0.431903 0.766997 0.598233 0.784050 0.714541 0.510438 0.557257 0.719634 0.701157 0.712505 0.612875 0.688293 0.916209 0.568283 0.627104 0.839585 0.804274 0.895293 0.894081 0.449282 0.617459 0.529170 0.690262 0.791370 0.829092 0.693432 0.785139 0.419159 0.373593 0.492934 0.490433 0.545601 0.573558 0.623732 0.677294 0.969791 0.796327 0.873810 0.982108 0.901460 0.707370 0.679616 0.879836 0.806457 0.973557
0.797008 0.992734 0.645573 0.674917 0.795368 0.715937 0.591814 0.640596 0.000000 0.573003 0.690846 0.831483 0.618213 0.773307 0.653524 0.617685 0.917724 0.894498 0.781791 0.764162 0.825429 0.905765 0.691985 0.853936 0.948816 0.697675 0.982944 0.805715 0.752167 0.804527 0.700099 0.772350 0.698060 0.684358 0.924764 0.793402 0.873604 0.778064 0.957877 0.791490 0.996051 0.934161 0.678112 0.694402 0.740046 0.770464 0.834124 0.815174 0.987194 0.933348 0.864653 0.805339 0.725397 0.642917 0.996172 0.910565 0.992191 0.940428 0.631090 0.963550 0.572813 0.897614 0.724398 0.903781 0.680477 0.838478 0.699738 0.807059 0.949352 0.956463 0.588309 0.551244 0.802640 0.839505 0.894756 0.927606 0.650912 0.711951 0.817161 0.888678 0.961501 0.967048 0.990250 0.867421 0.849015 0.979219 0.848512 0.955908 0.975011 0.885640 0.582092 0.585608 0.646122 0.548928 0.998091 0.839806 0.801336 0.890462 0.695964 0.661806 0.736262 0.640140 0.721406 0.762972 0.775469 0.572460 0.744591 0.795068 0.974288 0.984763 0.939580 0.880167 0.723020 0.739918 0.779852 0.856987
0.793464 0.773713 0.858333 0.879797 0.793430 0.725642 0.634750 0.608522 0.573003 0.000000 0.819279 0.866690 0.810145 0.832830 0.707669 0.733879 0.754841 0.667345 0.725793 0.793375 0.973307 0.915926 0.879319 0.863190 0.765478 0.984864 0.906232 0.944537 0.753067 0.785711 0.870709 0.830689 0.833646 0.711943 0.996097 0.989845 0.919485 0.992339 0.986136 0.795733 0.832477 0.912291 0.526115 0.579706 0.545519 0.543508 0.881609 0.738332 0.791178 0.728950 0.629399 0.582666 0.626784 0.557047 0.884875 0.968264 0.736888 0.799115 0.700583 0.943622 0.824873 0.972009 0.851601 0.849724 0.975501 0.972167 0.704717 0.809385 0.954265 0.905271 0.460266 0.503287 0.815122 0.748722 0.954165 0.847393 0.546130 0.574829 0.789826 0.871744 0.906514 0.906845 0.990636 0.899476 0.924794 0.763886 0.887101 0.841698 0.800882 0.644201 0.416805 0.440337 0.445110 0.467304 0.962390 0.899648 0.650285 0.827703 0.532340 0.500970 0.623426 0.596080 0.464163 0.676864 0.802217 0.606253 0.932812 0.584706 0.990874 0.898700 0.887678 0.605396 0.576026 0.692016 0.728179 0.779453
0.424501 0.757442 0.525675 0.420554 0.895724 0.627178 0.393009 0.348571 0.690846 0.819279 0.000000 0.468354 0.332846 0.352289 0.705418 0.543561 0.706407 0.637112 0.310175 0.410325 0.938664 0.815300 0.560545 0.568768 0.817043 0.582399 0.971278 0.877094 0.581315 0.609224 0.470943 0.445818 0.383513 0.342441 0.623297 0.880424 0.743459 0.962668 0.859990 0.988523 0.911537 0.980031 0.597852 0.616313 0.678170 0.731184 0.586789 0.631050 0.981068 0.920135 0.921210 0.963412 0.912893 0.940241 0.756198 0.840607 0.692220 0.852387 0.606408 0.990402 0.357015 0.691439 0.397476 0.692222 0.618461 0.515908 0.424016 0.447768 0.960285 0.942992 0.534491 0.616361 0.857683 0.757770 0.889004 0.771653 0.687362 0.658678 0.856755 0.758276 0.664450 0.617067 0.815322 0.888130 0.550503 0.607862 0.855423 0.801477 0.816186 0.866032 0.626826 0.801590 0.721295 0.795991 0.859984 0.721787 0.890211 0.871902 0.617511 0.579909 0.569650 0.663793 0.691703 0.651220 0.744905 0.763774 0.999916 0.893657 0.935055 0.939392 0.979686 0.843894 0.810673 0.951137 0.872931 0.867985
0.375857 0.459221 0.895517 0.724498 0.886614 0.659665 0.663214 0.490624 0.831483 0.866690 0.468354 0.000000 0.637152 0.566433 0.943143 0.606785 0.442454 0.356616 0.543343 0.429099 0.841790 0.865973 0.822601 0.782478 0.969165 0.765040 0.983223 0.987217 0.479035 0.391574 0.687476 0.661114 0.438688 0.498395 0.818203 0.873036 0.686467 0.803833 0.890281 0.924416 0.728398 0.854496 0.761472 0.714137 0.579848 0.628988 0.746753 0.719929 0.835644 0.807566 0.816953 0.871860 0.902218 0.908448 0.848384 0.878422 0.441288 0.477864 0.574587 0.743060 0.476040 0.390602 0.452740 0.377897 0.919794 0.576153 0.591225 0.543333 0.729995 0.624840 0.711628 0.724150 0.756556 0.658331 0.821424 0.812306 0.816292 0.810823 0.665742 0.605319 0.356085 0.437755 0.701354 0.635764 0.781479 0.717328 0.971055 0.938754 0.865196 0.843931 0.741242 0.989871 0.786745 0.956925 0.787423 0.917121 0.791039 0.844374 0.657446 0.695686 0.705505 0.765005 0.619353 0.704419 0.723345 0.828008 0.998961 0.968162 0.948362 0.889948 0.991672 0.776511 0.953942 0.931542 0.766266 0.937903
0.527691 0.879525 0.397067 0.360825 0.808667 0.729148 0.344905 0.405041 0.618213 0.810145 0.332846 0.637152 0.000000 0.303906 0.434099 0.421154 0.881568 0.746444 0.365424 0.470901 0.755459 0.961612 0.369607 0.444921 0.699412 0.585646 0.836512 0.823143 0.675219 0.665313 0.451514 0.429478 0.381472 0.343531 0.610853 0.855374 0.812285 0.955504 0.904544 0.989841 0.992157 0.853413 0.581779 0.611398 0.803107 0.854258 0.591413 0.633602 0.786464 0.933266 0.988948 0.975974 0.989585 0.880576 0.742119 0.938667 0.834221 0.994414 0.546963 0.992097 0.325943 0.878691 0.358308 0.793233 0.449904 0.523821 0.390053 0.531093 0.991401 0.926384 0.474195 0.565426 0.951566 0.887316 0.868559 0.731519 0.658628 0.607655 0.960905 0.803998 0.817013 0.782829 0.710550 0.894929 0.434309 0.525468 0.735944 0.842680 0.766921 0.879617 0.589333 0.712151 0.741198 0.661374 0.868611 0.762867 0.914456 0.900224 0.589458 0.610195 0.652447 0.653599 0.746433 0.691373 0.737048 0.691040 0.914080 0.804782 0.877573 0.891351 0.926655 0.885870 0.868072 0.942943 0.892798 0.859989
0.500495 0.783364 0.497522 0.387856 0.822049 0.801756 0.417790 0.386176 0.773307 0.832830 0.352289 0.566433 0.303906 0.000000 0.509361 0.420491 0.842076 0.656474 0.361016 0.413633 0.878804 0.977397 0.443262 0.448174 0.696586 0.635935 0.884808 0.778900 0.650753 0.582152 0.425019 0.392821 0.326781 0.329675 0.601115 0.734609 0.687859 0.995048 0.786986 0.953312 0.985126 0.877187 0.630328 0.671591 0.807049 0.865807 0.691510 0.688721 0.792450 0.908628 0.965893 0.935315 0.998630 0.963168 0.889444 0.997525 0.715780 0.862156 0.586742 0.971492 0.395476 0.823150 0.346263 0.701736 0.545491 0.492448 0.408250 0.448250 0.931155 0.978242 0.547378 0.513409 0.955240 0.814360 0.799385 0.736579 0.709990 0.673655 0.849667 0.781515 0.727251 0.723663 0.606139 0.931375 0.460987 0.468199 0.798238 0.784274 0.723648 0.807611 0.604889 0.830356 0.693598 0.810479 0.906946 0.696007 0.906011 0.902001 0.611585 0.635453 0.570239 0.699067 0.732379 0.771691 0.701954 0.772136 0.959355 0.852941 0.825495 0.911719 0.931841 0.905909 0.921940 0.963063 0.901135 0.869518
0.845908 0.926185 0.477938 0.536983 0.755704 0.946560 0.514851 0.661511 0.653524 0.707669 0.705418 0.943143 0.434099 0.509361 0.000000 0.468685 0.921363 0.950703 0.694398 0.786062 0.777843 0.918179 0.409862 0.614134 0.725005 0.717071 0.748471 0.784449 0.865204 0.837860 0.549342 0.614265 0.630151 0.607301 0.720332 0.870010 0.869803 0.971716 0.892590 0.975370 0.912995 0.794397 0.724882 0.805276 0.887316 0.937009 0.844622 0.799895 0.737203 0.877046 0.992897 0.917212 0.925729 0.799352 0.965831 0.911828 0.962637 0.891706 0.677635 0.961667 0.518429 0.924466 0.602028 0.926097 0.473705 0.710108 0.555977 0.713006 0.826432 0.859196 0.547145 0.527509 0.927064 0.973143 0.953525 0.858944 0.702932 0.733117 0.941999 0.961004 0.934132 0.900356 0.746515 0.887830 0.514493 0.664502 0.671124 0.897415 0.897648 0.955916 0.615737 0.650106 0.735014 0.574835 0.869826 0.920129 0.967425 0.886046 0.700136 0.759553 0.860331 0.729749 0.844088 0.861207 0.749802 0.667381 0.804122 0.724791 0.906267 0.791403 0.970034 0.899878 0.939248 0.918623 0.918346 0.914123
0.558662 0.716218 0.546270 0.534124 0.830869 0.785117 0.490030 0.498361 0.617685 0.733879 0.543561 0.606785 0.421154 0.420491 0.468685 0.000000 0.764536 0.618028 0.558522 0.539654 0.711763 0.939852 0.456592 0.565913 0.688326 0.518462 0.896552 0.973307 0.572526 0.496059 0.459193 0.461493 0.396990 0.446409 0.723166 0.809644 0.679868 0.838919 0.961663 0.953928 0.989976 0.884506 0.668959 0.699682 0.735157 0.740706 0.740459 0.730927 0.916492 0.967980 0.849075 0.842088 0.903720 0.815850 0.930924 0.993816 0.731556 0.792515 0.604632 0.863074 0.372077 0.650419 0.494729 0.647448 0.569834 0.516907 0.543779 0.589287 0.992446 0.962894 0.562397 0.550393 0.910068 0.807290 0.777361 0.803776 0.741777 0.773865 0.701739 0.616687 0.638118 0.717004 0.688577 0.875370 0.492963 0.555075 0.799831 0.932181 0.873676 0.982016 0.602185 0.834846 0.715380 0.727268 0.804769 0.895546 0.770808 0.858851 0.618382 0.722365 0.681671 0.717386 0.774470 0.893256 0.721706 0.790864 0.861918 0.849509 0.904078 0.996226 0.925546 0.774634 0.870946 0.962346 0.832860 0.931112
0.394549 0.297961 0.828593 0.986852 0.955556 0.728916 0.904679 0.681667 0.917724 0.754841 0.706407 0.442454 0.881568 0.842076 0.921363 0.764536 0.000000 0.301947 0.741318 0.601680 0.937683 0.873429 0.884041 0.950099 0.949768 0.975054 0.974049 0.938088 0.500981 0.434623 0.876884 0.812381 0.726622 0.686693 0.971672 0.985139 0.836606 0.809984 0.937908 0.787357 0.718155 0.767319 0.764917 0.652089 0.603688 0.566435 0.838484 0.861861 0.704879 0.705455 0.696761 0.752164 0.887172 0.907281 0.921800 0.814944 0.297391 0.288414 0.761320 0.815299 0.784284 0.532952 0.652853 0.380807 0.779239 0.857279 0.819685 0.792646 0.579865 0.621426 0.754241 0.807070 0.769648 0.676941 0.870192 0.693943 0.865162 0.840422 0.681380 0.668558 0.295855 0.504143 0.775956 0.562047 0.951200 0.955207 0.936133 0.883955 0.978521 0.943937 0.819334 0.976591 0.809889 0.976459 0.675790 0.986670 0.663698 0.691787 0.670059 0.668043 0.799212 0.851749 0.576717 0.672842 0.707196 0.878718 0.973439 0.899252 0.938717 0.771713 0.882125 0.612707 0.841328 0.850160 0.724676 0.784544
0.383829 0.309187 0.952977 0.867902 0.906177 0.662813 0.743002 0.547454 0.894498 0.667345 0.637112 0.356616 0.746444 0.656474 0.950703 0.618028 0.301947 0.000000 0.601055 0.535011 0.927738 0.947786 0.968967 0.923033 0.965934 0.884781 0.989518 0.933991 0.470495 0.343673 0.763936 0.646393 0.571752 0.597132 0.976979 0.885777 0.783748 0.869707 0.981115 0.853412 0.803008 0.863649 0.669039 0.594736 0.531543 0.505679 0.794324 0.746344 0.774831 0.740532 0.718534 0.735219 0.881146 0.884223 0.909312 0.905215 0.277096 0.315905 0.723524 0.857742 0.666182 0.522398 0.566188 0.344948 0.903781 0.731576 0.672089 0.674757 0.690097 0.626561 0.668385 0.691450 0.790562 0.655911 0.858295 0.735407 0.774512 0.725425 0.533713 0.533527 0.279102 0.499046 0.686826 0.646601 0.964696 0.862763 0.978479 0.893224 0.948197 0.958295 0.674940 0.896387 0.673230 0.918027 0.786822 0.919451 0.610136 0.813979 0.567795 0.602642 0.669781 0.757209 0.513304 0.673549 0.672682 0.814918 0.930035 0.943091 0.974928 0.815343 0.893004 0.602061 0.842481 0.855110 0.724652 0.854650
0.438120 0.680697 0.462965 0.361117 0.888261 0.590200 0.296043 0.252041 0.781791 0.725793 0.310175 0.543343 0.365424 0.361016 0.694398 0.558522 0.741318 0.601055 0.000000 0.354504 0.973073 0.879935 0.550470 0.529058 0.785741 0.603039 0.970624 0.875694 0.610176 0.673935 0.469271 0.393378 0.358131 0.291412 0.641184 0.836378 0.833778 0.974378 0.880650 0.928191 0.933518 0.872365 0.432470 0.464433 0.584559 0.626321 0.512940 0.504619 0.938159 0.838401 0.882235 0.932021 0.934910 0.946438 0.735865 0.855631 0.643146 0.839199 0.612701 0.958110 0.498452 0.821412 0.505791 0.826548 0.640883 0.512059 0.372365 0.407076 0.987287 0.966993 0.498096 0.584444 0.867306 0.709356 0.812220 0.697731 0.602330 0.619043 0.793376 0.720644 0.746345 0.616332 0.748247 0.999317 0.567052 0.614462 0.838478 0.811755 0.805169 0.902643 0.515992 0.688915 0.622908 0.764164 0.880769 0.773311 0.801543 0.862007 0.460502 0.448893 0.534200 0.549069 0.621868 0.599755 0.674843 0.766250 0.999662 0.827284 0.929091 0.894713 0.998951 0.695638 0.705094 0.945704 0.919646 0.918417
0.388792 0.537083 0.646426 0.478549 0.896616 0.644563 0.454089 0.320700 0.764162 0.793375 0.410325 0.429099 0.470901 0.413633 0.786062 0.539654 0.601680 0.535011 0.354504 0.000000 0.882301 0.977369 0.681399 0.604905 0.778215 0.650148 0.950706 0.882027 0.461666 0.616779 0.575899 0.481178 0.347654 0.367243 0.733672 0.848336 0.746918 0.949506 0.893679 0.971380 0.870568 0.957322 0.516382 0.527376 0.573048 0.600764 0.533327 0.581957 0.817243 0.756696 0.755985 0.859449 0.852500 0.892385 0.760585 0.817373 0.546895 0.635627 0.529486 0.836470 0.523067 0.616225 0.503184 0.705908 0.716738 0.536447 0.489667 0.486976 0.727637 0.806612 0.568074 0.649809 0.737337 0.624414 0.773822 0.640935 0.640701 0.665059 0.802674 0.711396 0.575021 0.457078 0.606295 0.808620 0.590217 0.593925 0.754723 0.781130 0.834543 0.844098 0.616465 0.828203 0.727448 0.887612 0.766883 0.881203 0.788977 0.790138 0.519708 0.491392 0.631690 0.658988 0.571561 0.627275 0.617015 0.762146 0.985027 0.883893 0.835423 0.959954 0.951044 0.730423 0.756357 0.920609 0.855512 0.980477
0.887597 0.968651 0.819218 0.885313 0.846630 0.882651 0.851731 0.940531 0.825429 0.973307 0.938664 0.841790 0.755459 0.878804 0.777843 0.711763 0.937683 0.927738 0.973073 0.882301 0.000000 0.971949 0.774915 0.818719 0.820089 0.842565 0.851656 0.892599 0.973372 0.853867 0.802299 0.912694 0.773869 0.844786 0.949162 0.848819 0.868933 0.759654 0.991962 0.809093 0.852710 0.907810 0.983734 0.980936 0.987345 0.962259 0.973269 0.960741 0.826908 0.853161 0.962341 0.987721 0.906666 0.906010 0.910182 0.953644 0.957903 0.964736 0.721214 0.709756 0.657642 0.821698 0.832113 0.860298 0.698390 0.736952 0.807482 0.813111 0.867423 0.942302 0.766815 0.905661 0.994443 0.934157 0.980216 0.851192 0.950824 0.863120 0.962470 0.826012 0.829824 0.940056 0.894808 0.960756 0.763743 0.754552 0.811390 0.836814 0.856347 0.982865 0.921025 0.952060 0.956279 0.839149 0.937262 0.892179 0.900859 0.967789 0.845838 0.998375 0.944010 0.982094 0.999566 0.991624 0.903950 0.781327 0.880978 0.999426 0.959071 0.996488 0.849701 0.904298 0.914325 0.958679 0.800126 0.888950
0.939252 0.950823 0.991696 0.985473 0.915661 0.877316 0.890257 0.894347 0.905765 0.915926 0.815300 0.865973 0.961612 0.977397 0.918179 0.939852 0.873429 0.947786 0.879935 0.977369 0.971949 0.000000 0.997319 0.905379 0.841072 0.854094 0.755618 0.820077 0.889365 0.909930 0.949052 0.967340 0.916164 0.916829 0.993196 0.976892 0.876791 0.852540 0.922562 0.855649 0.923608 0.942024 0.902706 0.969546 0.942238 0.926651 0.946421 0.983427 0.881843 0.874694 0.997444 0.984064 0.905216 0.961732 0.977041 0.868962 0.975103 0.993530 0.965369 0.994656 0.950570 0.902531 0.980110 0.998216 0.970972 0.959381 0.942318 0.892867 0.939126 0.951895 0.966190 0.971975 0.845762 0.986178 0.895838 0.986696 0.997782 0.884890 0.946774 0.982603 0.931773 0.997620 0.788354 0.999379 0.993910 0.869373 0.923942 0.960370 0.899236 0.844306 0.987111 0.984221 0.988849 0.931989 0.977686 0.908772 0.961213 0.996559 0.984236 0.981885 0.894355 0.856239 0.996661 0.946960 0.812302 0.979579 0.890956 0.931509 0.985119 0.871102 0.919479 0.875177 0.899301 0.994767 0.876278 0.927096
0.837586 0.889196 0.302956 0.332432 0.860872 0.964167 0.389573 0.523881 0.691985 0.879319 0.560545 0.822601 0.369607 0.443262 0.409862 0.456592 0.884041 0.968967 0.550470 0.681399 0.774915 0.997319 0.000000 0.350705 0.490609 0.524980 0.789912 0.939107 0.869849 0.787474 0.351108 0.407134 0.435486 0.436073 0.556699 0.761196 0.767586 0.934644 0.821586 0.902403 0.982258 0.681061 0.793702 0.845444 0.984167 0.979484 0.755454 0.749515 0.648150 0.777848 0.916287 0.943499 0.951466 0.913108 0.865774 0.950557 0.875741 0.834430 0.706505 0.899386 0.387325 0.880551 0.530875 0.930524 0.327425 0.430239 0.468859 0.504369 0.870322 0.754865 0.588050 0.596421 0.924951 0.977787 0.817239 0.845553 0.809290 0.747326 0.972796 0.822842 0.991952 0.918563 0.711971 0.865660 0.320534 0.445704 0.727246 0.779068 0.741879 0.753460 0.739878 0.815049 0.824694 0.738584 0.840850 0.857809 0.996869 0.915998 0.828318 0.799217 0.785475 0.717391 0.969508 0.921904 0.800106 0.700641 0.989606 0.863550 0.994705 0.808729 0.989707 0.908306 0.996619 0.960895 0.912277 0.896628
0.804130 0.962231 0.404497 0.302365 0.934091 0.915146 0.496461 0.534182 0.853936 0.863190 0.568768 0.782478 0.444921 0.448174 0.614134 0.565913 0.950099 0.923033 0.529058 0.604905 0.818719 0.905379 0.350705 0.000000 0.404043 0.535344 0.838740 0.861126 0.845841 0.759551 0.396528 0.394347 0.443268 0.453599 0.636147 0.847687 0.888527 0.984457 0.778045 0.978249 0.879164 0.668391 0.802960 0.825484 0.960264 0.997778 0.721627 0.734032 0.762666 0.844376 0.919274 0.834637 0.828476 0.895771 0.728986 0.970079 0.997549 0.908511 0.822782 0.927049 0.497011 0.822891 0.598182 0.949146 0.419861 0.417041 0.565670 0.533514 0.991567 0.756979 0.737270 0.795042 0.942414 0.944238 0.764539 0.837622 0.908838 0.821673 0.884241 0.775202 0.920596 0.704366 0.603849 0.955045 0.367378 0.313695 0.741278 0.555738 0.653029 0.647419 0.914535 0.980752 0.988495 0.965908 0.855963 0.853036 0.993132 0.976913 0.866558 0.852075 0.825848 0.855892 0.928509 0.955756 0.810991 0.908953 0.910180 0.900551 0.886268 0.852746 0.956971 0.925724 0.924563 0.926652 0.953594 0.808041
0.880720 0.977558 0.576660 0.549414 0.985208 0.961441 0.732516 0.777039 0.948816 0.765478 0.817043 0.969165 0.699412 0.696586 0.725005 0.688326 0.949768 0.965934 0.785741 0.778215 0.820089 0.841072 0.490609 0.404043 0.000000 0.583318 0.734430 0.904691 0.963149 0.868861 0.498117 0.492580 0.630455 0.665105 0.762093 0.846692 0.873145 0.931447 0.757511 0.961159 0.971015 0.685731 0.984006 0.993058 0.834715 0.860034 0.836185 0.917496 0.766159 0.801535 0.867216 0.759932 0.709839 0.761876 0.874287 0.923889 0.958376 0.994505 0.956372 0.804052 0.641311 0.829580 0.743692 0.970334 0.497972 0.559695 0.763191 0.712558 0.921118 0.745308 0.932442 0.975545 0.876979 0.890770 0.770720 0.851638 0.967165 0.963547 0.990655 0.783158 0.925359 0.719277 0.604717 0.886797 0.422228 0.424421 0.797539 0.757262 0.640144 0.569030 0.826480 0.778117 0.824330 0.763234 0.867300 0.892184 0.977446 0.896812 0.962115 0.974638 0.913888 0.963359 0.736504 0.818684 0.845561 0.979928 0.984133 0.907623 0.909689 0.989902 0.949394 0.866436 0.815573 0.848495 0.988164 0.863447
0.795691 0.908775 0.422813 0.447933 0.980184 0.827493 0.467943 0.511899 0.697675 0.984864 0.582399 0.765040 0.585646 0.635935 0.717071 0.518462 0.975054 0.884781 0.603039 0.650148 0.842565 0.854094 0.524980 0.535344 0.583318 0.000000 0.956566 0.898725 0.730855 0.828773 0.492535 0.500543 0.535812 0.586867 0.802814 0.803023 0.788638 0.855065 0.943326 0.989325 0.925641 0.798861 0.712153 0.799904 0.740577 0.759416 0.675645 0.708359 0.911739 0.901763 0.879227 0.983084 0.932856 0.955168 0.671806 0.929635 0.978426 0.961782 0.763105 0.829994 0.498197 0.715132 0.768841 0.987751 0.461290 0.477588 0.602953 0.583681 0.959486 0.804793 0.833124 0.759710 0.914178 0.863222 0.813188 0.936286 0.851519 0.784555 0.798677 0.734882 0.898323 0.700132 0.765786 0.940284 0.500698 0.565908 0.771911 0.757515 0.840197 0.900657 0.824872 0.943389 0.893486 0.894276 0.830526 0.845750 0.895494 0.892740 0.828617 0.819813 0.786657 0.828379 0.988437 0.986028 0.811623 0.816602 0.909107 0.968112 0.880732 0.984356 0.993535 0.974810 0.968009 0.929755 0.867007 0.887822
0.982332 0.994599 0.920771 0.915281 0.938831 0.986248 0.994820 0.937575 0.982944 0.906232 0.971278 0.983223 0.836512 0.884808 0.748471 0.896552 0.974049 0.989518 0.970624 0.950706 0.851656 0.755618 0.789912 0.838740 0.734430 0.956566 0.000000 0.784152 0.953462 0.962616 0.917487 0.940114 0.958519 0.936676 0.870815 0.845967 0.979071 0.871407 0.868867 0.958668 0.886696 0.989104 0.828022 0.884749 0.813550 0.800518 0.932115 0.868727 0.692097 0.770880 0.958366 0.873795 0.780463 0.941849 0.938671 0.869822 0.977839 0.970005 0.878429 0.673794 0.806190 0.959712 0.792340 0.870532 0.827054 0.776905 0.871300 0.864137 0.992826 0.893515 0.986977 0.949923 0.818054 0.804960 0.862716 0.991181 0.986186 0.889581 0.995623 0.925621 0.924460 0.999040 0.768091 0.867713 0.767925 0.713407 0.826186 0.987036 0.687808 0.777678 0.879078 0.884896 0.878050 0.967432 0.877998 0.898355 0.940487 0.814997 0.973283 0.976096 0.849846 0.904253 0.957416 0.943866 0.911774 0.918230 0.967202 0.850896 0.976239 0.865181 0.927169 0.910651 0.741877 0.896105 0.887670 0.918019
0.940756 0.878866 0.909790 0.800404 0.953451 0.838638 0.905830 0.912897 0.805715 0.944537 0.877094 0.987217 0.823143 0.778900 0.784449 0.973307 0.938088 0.933991 0.875694 0.882027 0.892599 0.820077 0.939107 0.861126 0.904691 0.898725 0.784152 0.000000 0.927411 0.948507 0.867039 0.944523 0.908512 0.902665 0.785668 0.896869 0.915982 0.921897 0.863467 0.931260 0.918593 0.972233 0.963709 0.908790 0.986823 0.938110 0.969321 0.991099 0.862440 0.896235 0.977162 0.919658 0.982622 0.992031 0.982914 0.975449 0.992737 0.822580 0.820668 0.924324 0.956633 0.789198 0.862934 0.897431 0.933631 0.982998 0.853140 0.940739 0.883993 0.944393 0.903229 0.853500 0.920512 0.899610 0.855526 0.998972 0.810369 0.941099 0.937790 0.874252 0.871778 0.892388 0.992907 0.847346 0.933531 0.893458 0.924408 0.885620 0.952381 0.994881 0.817977 0.835777 0.877632 0.826203 0.836660 0.917333 0.873962 0.866572 0.929427 0.898694 0.896922 0.853058 0.856824 0.783607 0.852745 0.966395 0.930595 0.862998 0.874769 0.773152 0.890542 0.913830 0.993838 0.885500 0.834466 0.943703
0.524467 0.503082 0.827494 0.727928 0.928873 0.858065 0.680214 0.528354 0.752167 0.753067 0.581315 0.479035 0.675219 0.650753 0.865204 0.572526 0.500981 0.470495 0.610176 0.461666 0.973372 0.889365 0.869849 0.845841 0.963149 0.730855 0.953462 0.927411 0.000000 0.510427 0.674694 0.709204 0.552123 0.625509 0.807319 0.979113 0.726489 0.926873 0.983204 0.868050 0.816389 0.920017 0.706268 0.649014 0.545555 0.509195 0.766892 0.710868 0.697160 0.659157 0.652598 0.700844 0.706194 0.793377 0.774752 0.735832 0.519746 0.512982 0.598527 0.861212 0.601429 0.551733 0.575488 0.561700 0.920009 0.748996 0.675572 0.712860 0.741146 0.611907 0.673800 0.658694 0.580438 0.551523 0.768623 0.702665 0.750087 0.772011 0.641552 0.767796 0.521480 0.598459 0.731848 0.663442 0.802379 0.817835 0.855382 0.986213 0.961520 0.945871 0.681530 0.925634 0.775537 0.862934 0.714881 0.916369 0.666289 0.881707 0.678708 0.638667 0.707362 0.828151 0.584052 0.748701 0.641331 0.857214 0.933939 0.815115 0.743376 0.860968 0.872456 0.803597 0.789632 0.778669 0.818470 0.970754
0.487535 0.435374 0.963185 0.840755 0.919086 0.809187 0.785945 0.642421 0.804527 0.785711 0.609224 0.391574 0.665313 0.582152 0.837860 0.496059 0.434623 0.343673 0.673935 0.616779 0.853867 0.909930 0.787474 0.759551 0.868861 0.828773 0.962616 0.948507 0.510427 0.000000 0.657153 0.629530 0.532362 0.579633 0.997035 0.979415 0.771024 0.818409 0.879278 0.805157 0.821603 0.880210 0.863565 0.773602 0.757466 0.710106 0.925748 0.850790 0.976638 0.947524 0.823173 0.860611 0.991157 0.944144 0.977440 0.972499 0.425981 0.424756 0.752920 0.818165 0.537699 0.482585 0.457958 0.315115 0.962016 0.674192 0.748994 0.720584 0.726012 0.734259 0.716506 0.755482 0.879765 0.787760 0.809789 0.818769 0.896298 0.777542 0.618271 0.517319 0.317251 0.577677 0.681694 0.668307 0.825965 0.719457 0.957961 0.989130 0.872596 0.870171 0.812933 0.936816 0.829953 0.999981 0.776867 0.908885 0.727721 0.934670 0.723927 0.812737 0.786004 0.886807 0.706165 0.899001 0.791099 0.883094 0.920398 0.995315 0.857159 0.798999 0.863430 0.722868 0.974266 0.887343 0.731113 0.902812
0.660446 0.898197 0.364529 0.325966 0.879296 0.892377 0.407264 0.440256 0.700099 0.870709 0.470943 0.687476 0.451514 0.425019 0.549342 0.459193 0.876884 0.763936 0.469271 0.575899 0.802299 0.949052 0.351108 0.396528 0.498117 0.492535 0.917487 0.867039 0.674694 0.657153 0.000000 0.368342 0.372986 0.403337 0.595741 0.843973 0.714405 0.913637 0.861028 0.925377 0.932431 0.762623 0.748567 0.755935 0.803288 0.853654 0.776729 0.764249 0.846822 0.927098 0.964599 0.942800 0.992724 0.993231 0.838425 0.944166 0.861181 0.927769 0.682252 0.908855 0.384624 0.741337 0.526172 0.812058 0.463219 0.470994 0.505456 0.493505 0.916598 0.951315 0.576990 0.524067 0.863478 0.708519 0.704893 0.768373 0.780268 0.799937 0.740258 0.716845 0.817577 0.738838 0.681365 0.846764 0.413921 0.473489 0.788800 0.792695 0.771946 0.788258 0.752232 0.896547 0.771273 0.892569 0.825473 0.838394 0.789018 0.886261 0.771363 0.731135 0.640139 0.725929 0.932247 0.916959 0.653070 0.771126 0.974158 0.866277 0.927030 0.949373 0.976905 0.966292 0.944779 0.937992 0.859927 0.941934
0.564896 0.773832 0.416089 0.355591 0.914143 0.730374 0.383165 0.378061 0.772350 0.830689 0.445818 0.661114 0.429478 0.392821 0.614265 0.461493 0.812381 0.646393 0.393378 0.481178 0.912694 0.967340 0.407134 0.394347 0.492580 0.500543 0.940114 0.944523 0.709204 0.629530 0.368342 0.000000 0.400341 0.363770 0.629672 0.803105 0.792376 0.915716 0.818468 0.966745 0.911951 0.786222 0.613674 0.590477 0.735157 0.742792 0.652166 0.591853 0.967926 0.958209 0.910537 0.997269 0.993030 0.980442 0.762130 0.965169 0.751662 0.865638 0.710621 0.994341 0.449983 0.747656 0.547900 0.813268 0.502192 0.463845 0.457773 0.481377 0.977229 0.852565 0.650340 0.615714 0.930001 0.790987 0.790633 0.726697 0.714568 0.656764 0.782476 0.624343 0.742959 0.636431 0.587194 0.892154 0.462759 0.479851 0.770471 0.777849 0.835748 0.775990 0.682205 0.850967 0.768261 0.857468 0.802989 0.813898 0.858761 0.865591 0.694333 0.655421 0.674487 0.698505 0.819475 0.799502 0.704171 0.800908 0.997333 0.941515 0.925358 0.966913 0.896312 0.911070 0.950613 0.946189 0.874774 0.937446
0.449023 0.675877 0.496173 0.386214 0.829281 0.712767 0.371517 0.316952 0.698060 0.833646 0.383513 0.438688 0.381472 0.326781 0.630151 0.396990 0.726622 0.571752 0.358131 0.347654 0.773869 0.916164 0.435486 0.443268 0.630455 0.535812 0.958519 0.908512 0.552123 0.532362 0.372986 0.400341 0.000000 0.326049 0.638702 0.762857 0.598255 0.808484 0.791911 0.942571 0.864969 0.847881 0.610301 0.649528 0.674080 0.738873 0.595307 0.681618 0.930534 0.987830 0.886281 0.992989 0.996542 0.961005 0.872154 0.850315 0.660792 0.746696 0.518015 0.818284 0.332978 0.594751 0.373176 0.635175 0.526807 0.370043 0.374576 0.353970 0.897544 0.907960 0.533662 0.508450 0.820622 0.715871 0.781575 0.732436 0.691124 0.739164 0.714034 0.643512 0.603483 0.561709 0.626644 0.843218 0.428520 0.457774 0.804366 0.800428 0.779791 0.815626 0.635945 0.876141 0.704065 0.878397 0.836679 0.780540 0.765740 0.834527 0.559091 0.609582 0.614280 0.663143 0.711910 0.769824 0.685809 0.765937 0.957006 0.895860 0.895604 0.977677 0.989003 0.853324 0.858399 0.909007 0.899023 0.915406
0.434167 0.668641 0.445866 0.351147 0.824501 0.629934 0.324614 0.283620 0.684358 0.711943 0.342441 0.498395 0.343531 0.329675 0.607301 0.446409 0.686693 0.597132 0.291412 0.367243 0.844786 0.916829 0.436073 0.453599 0.665105 0.586867 0.936676 0.902665 0.625509 0.579633 0.403337 0.363770 0.326049 0.000000 0.607016 0.818107 0.740121 0.857390 0.723540 0.933302 0.926089 0.780323 0.501479 0.502726 0.621263 0.668188 0.553540 0.560606 0.989929 0.889287 0.824508 0.878607 0.895404 0.857669 0.797655 0.994815 0.649939 0.797555 0.565185 0.896879 0.382612 0.701685 0.427413 0.714337 0.555755 0.400522 0.363606 0.353818 0.878958 0.994789 0.472605 0.543891 0.844513 0.714392 0.753910 0.663432 0.700825 0.626527 0.782676 0.661437 0.667026 0.588066 0.613250 0.898435 0.461116 0.500974 0.783110 0.814927 0.757610 0.842983 0.557373 0.752689 0.641751 0.764626 0.842597 0.806998 0.839372 0.813763 0.506314 0.518730 0.570929 0.610103 0.642695 0.637165 0.602659 0.717342 0.964916 0.798653 0.906377 0.957415 0.994742 0.732768 0.802404 0.977204 0.770308 0.913931
0.761964 0.924202 0.580847 0.541829 0.853756 0.940020 0.639700 0.685239 0.924764 0.996097 0.623297 0.818203 0.610853 0.601115 0.720332 0.723166 0.971672 0.976979 0.641184 0.733672 0.949162 0.993196 0.556699 0.636147 0.762093 0.802814 0.870815 0.785668 0.807319 0.997035 0.595741 0.629672 0.638702 0.607016 0.000000 0.792656 0.668623 0.939433 0.849047 0.996074 0.888849 0.995902 0.835758 0.832369 0.959379 0.991784 0.740553 0.855265 0.774764 0.924192 0.958101 0.954537 0.989804 0.999292 0.789441 0.946426 0.952341 0.910210 0.649448 0.988833 0.626836 0.946025 0.644826 0.944293 0.587663 0.635466 0.502864 0.565128 0.862285 0.900912 0.730059 0.713847 0.868686 0.796884 0.970830 0.806701 0.861761 0.911960 0.972722 0.999247 0.985472 0.874547 0.819873 0.993846 0.536345 0.635192 0.760713 0.983504 0.754785 0.848354 0.700137 0.847736 0.773651 0.739439 0.910793 0.783436 0.999544 0.837255 0.832926 0.854270 0.773722 0.748686 0.931858 0.854253 0.778757 0.761984 0.844502 0.719852 0.800512 0.912380 0.988686 0.813569 0.930728 0.951953 0.954615 0.770507
0.942254 0.973127 0.839025 0.795656 0.946676 0.952148 0.808771 0.821774 0.793402 0.989845 0.880424 0.873036 0.855374 0.734609 0.870010 0.809644 0.985139 0.885777 0.836378 0.848336 0.848819 0.976892 0.761196 0.847687 0.846692 0.803023 0.845967 0.896869 0.979113 0.979415 0.843973 0.803105 0.762857 0.818107 0.792656 0.000000 0.797105 0.903260 0.894865 0.916982 0.840945 0.955652 0.974980 0.958128 0.968540 0.952813 0.867800 0.943182 0.868685 0.921359 0.930696 0.972607 0.955318 0.993466 0.934242 0.925919 0.985041 0.934886 0.851094 0.822233 0.828982 0.892091 0.828722 0.957855 0.760656 0.654780 0.646066 0.615735 0.849343 0.988002 0.813703 0.803998 0.977251 0.877669 0.931149 0.995069 0.900646 0.975373 0.902828 0.959127 0.909250 0.907123 0.726148 0.935652 0.656272 0.658257 0.949253 0.922219 0.838183 0.937163 0.894883 0.978113 0.790007 0.924695 0.944308 0.812164 0.920297 0.738360 0.943983 0.958028 0.807701 0.851972 0.991567 0.893874 0.810853 0.912329 0.900644 0.954975 0.949311 0.982297 0.988825 0.937916 0.981822 0.769212 0.915288 0.940906
0.730835 0.892587 0.813171 0.806953 0.784695 0.973815 0.803609 0.758109 0.873604 0.919485 0.743459 0.686467 0.812285 0.687859 0.869803 0.679868 0.836606 0.783748 0.833778 0.746918 0.868933 0.876791 0.767586 0.888527 0.873145 0.788638 0.979071 0.915982 0.726489 0.771024 0.714405 0.792376 0.598255 0.740121 0.668623 0.797105 0.000000 0.792300 0.840897 0.827978 0.690830 0.831129 0.974862 0.975956 0.904232 0.980064 0.887007 0.927558 0.945098 0.949835 0.857538 0.992522 0.921106 0.967389 0.936469 0.992588 0.829510 0.798998 0.617915 0.789933 0.638657 0.719730 0.647430 0.712819 0.856331 0.724915 0.691182 0.595995 0.964990 0.982936 0.791793 0.619825 0.826512 0.798537 0.946952 0.883479 0.958623 0.902550 0.810518 0.829435 0.755786 0.917984 0.804384 0.772296 0.765590 0.822214 0.910984 0.926943 0.793491 0.923528 0.845848 0.979741 0.800595 0.949709 0.715738 0.890822 0.891803 0.901099 0.886918 0.920134 0.845387 0.937572 0.866046 0.995182 0.816352 0.859526 0.997433 0.797745 0.844330 0.762000 0.874208 0.987004 0.963314 0.944981 0.930989 0.917340
0.853069 0.924261 0.990358 0.993124 0.829192 0.940911 0.979451 0.980825 0.778064 0.992339 0.962668 0.803833 0.955504 0.995048 0.971716 0.838919 0.809984 0.869707 0.974378 0.949506 0.759654 0.852540 0.934644 0.984457 0.931447 0.855065 0.871407 0.921897 0.926873 0.818409 0.913637 0.915716 0.808484 0.857390 0.939433 0.903260 0.792300 0.000000 0.878932 0.851416 0.849315 0.945848 0.938461 0.921723 0.954652 0.990237 0.979063 0.917663 0.909611 0.885750 0.949515 0.960747 0.942713 0.939235 0.939837 0.989089 0.899535 0.865606 0.803049 0.675890 0.757484 0.757727 0.826383 0.733668 0.938436 0.816732 0.868338 0.836940 0.958795 0.945136 0.927692 0.858935 0.966944 0.993725 0.932350 0.908296 0.836264 0.872463 0.978379 0.916182 0.808696 0.928564 0.915002 0.960297 0.927203 0.970315 0.947710 0.845135 0.983053 0.809337 0.965541 0.954456 0.892313 0.974782 0.947572 0.954748 0.952379 0.886332 0.961973 0.952689 0.985996 0.958355 0.965883 0.972824 0.870829 0.875295 0.846989 0.981989 0.914030 0.886856 0.812254 0.899941 0.928807 0.900137 0.890646 0.977205
