0.000000 0.208878 0.826282 0.819404 0.747869 0.738269 0.791844 0.268004 0.963551 0.413560 0.253934 0.229725 0.398498 0.337864 0.600405 0.690857 0.273286 0.248640 0.360312 0.315412 0.941595 0.962377 0.931842 0.845117 0.647301 0.885398 0.888223 0.928965 0.291676 0.315479 0.690188 0.717307 0.535731 0.420769 0.797794 0.694705 0.907235 0.966597 0.959670 0.875373 0.697659 0.858097 0.563823 0.455909 0.688129 0.430239 0.457732 0.484205 0.229897 0.284526 0.400751 0.362196 0.495610 0.580690 0.725577 0.607392 0.366325 0.334869 0.369512 0.316981 0.476347 0.306231 0.258835 0.231532 0.549646 0.876439 0.900411 0.969943 0.767982 0.604066 0.714592 0.808264 0.504171 0.540672 0.825082 0.832083 0.433778 0.641966 0.541122 0.388742 0.290079 0.312272 0.528800 0.749370 0.771107 0.868113 0.648295 0.841791 0.914200 0.697851 0.784921 0.790938 0.866555 0.562376 0.969517 0.861857 0.801034 0.763573 0.519133 0.617762 0.633613 0.875926 0.445038 0.627369 0.826639 0.823862 0.963143 0.984322 0.731867 0.944985 0.965170 0.742783 0.566780 0.984002 0.769780 0.796640
0.208878 0.000000 0.712676 0.944956 0.716919 0.828508 0.959419 0.363272 0.843276 0.491491 0.338085 0.285605 0.531050 0.432549 0.736457 0.781222 0.286787 0.263962 0.378970 0.295714 0.959781 0.886837 0.889229 0.821954 0.728957 0.855557 0.876935 0.930741 0.312508 0.359522 0.763572 0.773603 0.628645 0.497951 0.768978 0.752291 0.913844 0.966931 0.994113 0.862534 0.624239 0.876735 0.713267 0.562232 0.788320 0.513221 0.525319 0.594142 0.263542 0.319799 0.481373 0.441212 0.562275 0.667248 0.762014 0.653801 0.287896 0.232912 0.495732 0.360552 0.653075 0.395537 0.359636 0.292850 0.437626 0.718765 0.741131 0.898348 0.704665 0.544068 0.814422 0.902834 0.517010 0.617747 0.843583 0.862492 0.483823 0.673101 0.574728 0.377736 0.301265 0.293403 0.600436 0.710029 0.813789 0.897544 0.666227 0.897930 0.803018 0.781837 0.925515 0.682793 0.780973 0.517499 0.888843 0.859601 0.844957 0.692643 0.640421 0.756774 0.727858 0.983258 0.521138 0.726511 0.893368 0.958950 0.941981 0.907314 0.765205 0.978669 0.991519 0.842651 0.618858 0.971168 0.899507 0.806567
0.826282 0.712676 0.000000 0.452132 0.805837 0.928568 0.432070 0.948939 0.740790 0.945789 0.867669 0.722291 0.966993 0.783022 0.919938 0.941720 0.901383 0.888390 0.873176 0.792175 0.867771 0.987194 0.666403 0.930846 0.720443 0.455158 0.888065 0.910388 0.929610 0.933408 0.625554 0.734640 0.673847 0.890009 0.469331 0.739519 0.911430 0.835115 0.838012 0.925222 0.907621 0.790411 0.759086 0.826339 0.599440 0.796117 0.971092 0.754899 0.891271 0.841190 0.927601 0.957415 0.918265 0.893229 0.858051 0.987421 0.833197 0.700729 0.919844 0.703641 0.750591 0.884980 0.886644 0.834484 0.383713 0.708057 0.430141 0.484763 0.919304 0.828931 0.907566 0.939888 0.936356 0.901395 0.927221 0.909344 0.918744 0.834459 0.960856 0.921582 0.948199 0.800256 0.904226 0.878466 0.774682 0.995368 0.678017 0.971617 0.671107 0.996948 0.772992 0.633134 0.590383 0.657957 0.756204 0.954661 0.875511 0.671712 0.848417 0.774367 0.889311 0.647707 0.980961 0.721526 0.662799 0.675680 0.941838 0.830615 0.986245 0.969378 0.784205 0.905094 0.746343 0.896702 0.741500 0.861740
0.819404 0.944956 0.452132 0.000000 0.945191 0.938730 0.502542 0.676591 0.911243 0.754167 0.831010 0.882724 0.785388 0.846246 0.737502 0.877590 0.833291 0.831110 0.810749 0.794890 0.925067 0.906780 0.609998 0.816024 0.895186 0.680149 0.876598 0.904268 0.795777 0.833632 0.668669 0.735183 0.581392 0.726868 0.814747 0.929933 0.951903 0.861184 0.810746 0.940810 0.939500 0.881833 0.736259 0.734490 0.625101 0.670735 0.877674 0.646264 0.799919 0.847239 0.774893 0.840694 0.797226 0.837125 0.791068 0.912197 0.882227 0.963499 0.787732 0.992505 0.663417 0.746407 0.841610 0.867012 0.659427 0.713751 0.637254 0.666346 0.835774 0.890422 0.939851 0.920102 0.858981 0.863296 0.871030 0.989445 0.833490 0.869522 0.797681 0.926907 0.837785 0.848306 0.805253 0.740514 0.627478 0.762450 0.793199 0.847350 0.820414 0.778978 0.812387 0.860514 0.706841 0.894704 0.810950 0.886686 0.796654 0.841031 0.761240 0.798258 0.890368 0.753187 0.874485 0.763101 0.675471 0.742418 0.925029 0.895149 0.891843 0.989092 0.839467 0.975308 0.741378 0.978501 0.942188 0.886092
0.747869 0.716919 0.805837 0.945191 0.000000 0.908223 0.980954 0.801617 0.875042 0.818769 0.758514 0.779181 0.807677 0.829883 0.946000 0.966589 0.707172 0.713770 0.644563 0.718959 0.995685 0.918775 0.876509 0.849346 0.986531 0.850645 0.960805 0.866740 0.789604 0.812661 0.963113 0.801763 0.933106 0.833942 0.889442 0.915288 0.888690 0.952291 0.949276 0.973470 0.821524 0.866659 0.956878 0.922994 0.890747 0.861820 0.911790 0.933180 0.846369 0.860582 0.925700 0.921942 0.961643 0.938262 0.823537 0.785380 0.710393 0.722844 0.897909 0.995694 0.960644 0.906006 0.819340 0.777332 0.717155 0.710483 0.878958 0.869981 0.889869 0.783613 0.720543 0.858018 0.839169 0.864543 0.907147 0.950412 0.698536 0.780897 0.791778 0.791034 0.740057 0.677331 0.770618 0.772349 0.888670 0.869146 0.941947 0.986590 0.816923 0.834232 0.883846 0.759415 0.804830 0.725078 0.970004 0.885301 0.853637 0.915098 0.898016 0.916479 0.985362 0.865269 0.750959 0.824933 0.939251 0.987544 0.853223 0.813865 0.985383 0.965869 0.978685 0.838182 0.914062 0.923424 0.860625 0.677747
0.738269 0.828508 0.928568 0.938730 0.908223 0.000000 0.763348 0.612466 0.741639 0.743012 0.738259 0.706902 0.730205 0.692974 0.774921 0.707627 0.876746 0.851459 0.819973 0.870077 0.857843 0.945102 0.838899 0.967838 0.622896 0.910767 0.860292 0.948126 0.730854 0.728316 0.845722 0.809785 0.754154 0.830145 0.894815 0.818613 0.937477 0.994906 0.963831 0.968732 0.952038 0.915263 0.588705 0.622078 0.814010 0.738470 0.783352 0.772428 0.712360 0.582742 0.545135 0.538872 0.598204 0.524148 0.892808 0.765298 0.969389 0.978149 0.725958 0.661858 0.715667 0.624314 0.701794 0.706535 0.792398 0.755886 0.884098 0.787652 0.704225 0.919971 0.748311 0.797795 0.813891 0.662474 0.788864 0.862592 0.609425 0.786283 0.817989 0.707343 0.779291 0.936516 0.923243 0.916064 0.842479 0.906734 0.934083 0.729993 0.884088 0.974360 0.625406 0.728301 0.774992 0.857256 0.893250 0.877587 0.886252 0.902382 0.685906 0.647468 0.573445 0.721147 0.732632 0.711528 0.782864 0.680776 0.671941 0.740704 0.710241 0.934043 0.890527 0.728122 0.855419 0.884973 0.820251 0.974641
0.791844 0.959419 0.432070 0.502542 0.980954 0.763348 0.000000 0.518202 0.693720 0.492643 0.680664 0.847381 0.574744 0.820287 0.660512 0.829282 0.698708 0.709040 0.682607 0.887432 0.899549 0.987453 0.835967 0.887419 0.893640 0.757391 0.693052 0.975304 0.695200 0.632605 0.497956 0.535001 0.393109 0.502324 0.684244 0.980814 0.880883 0.757854 0.809480 0.978570 0.831846 0.861125 0.339278 0.396739 0.285791 0.443488 0.651308 0.423879 0.720824 0.764929 0.498946 0.630177 0.532483 0.520557 0.626807 0.676181 0.936364 0.918278 0.718955 0.979167 0.362520 0.705227 0.658878 0.694393 0.767069 0.753278 0.312047 0.304925 0.893923 0.999128 0.667619 0.577159 0.667882 0.582623 0.879344 0.894936 0.640120 0.562043 0.564203 0.731819 0.664879 0.903001 0.855189 0.713081 0.904956 0.820780 0.897024 0.811692 0.865163 0.843459 0.549854 0.578948 0.647113 0.745043 0.799617 0.810110 0.642177 0.703253 0.472016 0.368595 0.506701 0.487808 0.572692 0.402419 0.635324 0.520478 0.899783 0.680335 0.724669 0.939467 0.736820 0.582028 0.526102 0.785613 0.594730 0.994700
0.268004 0.363272 0.948939 0.676591 0.801617 0.612466 0.518202 0.000000 0.903330 0.308426 0.297519 0.314563 0.391021 0.361092 0.563184 0.660727 0.359521 0.337291 0.400360 0.406030 0.936735 0.989996 0.971345 0.867724 0.647352 0.991185 0.776794 0.956247 0.333052 0.356345 0.585235 0.624776 0.449035 0.398958 0.909614 0.732578 0.892294 0.906954 0.909383 0.969498 0.746861 0.834377 0.401028 0.353300 0.496949 0.354307 0.475562 0.406438 0.269553 0.297395 0.292363 0.303087 0.382780 0.429512 0.689351 0.584288 0.540923 0.550098 0.376654 0.475051 0.374272 0.290438 0.293105 0.283802 0.696496 0.958816 0.803773 0.739472 0.908664 0.681899 0.578178 0.684007 0.411418 0.404587 0.752744 0.815166 0.353986 0.528538 0.540972 0.432091 0.310638 0.428640 0.612218 0.745907 0.807278 0.990261 0.762853 0.781209 0.966346 0.704504 0.594703 0.892492 0.869897 0.835527 0.883758 0.802934 0.702722 0.901901 0.369940 0.396972 0.475082 0.677330 0.366005 0.431028 0.710454 0.614525 0.900235 0.800609 0.610205 0.970418 0.776995 0.576409 0.496884 0.820843 0.658122 0.854046
0.963551 0.843276 0.740790 0.911243 0.875042 0.741639 0.693720 0.903330 0.000000 0.848593 0.993289 0.916245 0.947059 0.934500 0.921832 0.982290 0.934085 0.890144 0.877865 0.829964 0.948766 0.938807 0.905087 0.825647 0.920699 0.819892 0.887678 0.918058 0.992954 0.993140 0.831677 0.808536 0.899823 0.971635 0.751937 0.914672 0.975361 0.934837 0.965788 0.959839 0.931290 0.935089 0.689974 0.817671 0.769014 0.892888 0.908001 0.777788 0.934724 0.941856 0.721639 0.747831 0.691237 0.659139 0.851665 0.712002 0.707000 0.693091 0.982674 0.963752 0.766180 0.829611 0.959411 0.960783 0.806243 0.626120 0.733833 0.719536 0.751402 0.879829 0.978293 0.849433 0.960027 0.835580 0.917118 0.999796 0.856143 0.848858 0.945421 0.967198 0.970497 0.838242 0.829300 0.792210 0.905049 0.859953 0.726854 0.763423 0.770333 0.912294 0.578968 0.578759 0.618097 0.701823 0.920208 0.993988 0.902792 0.813175 0.675115 0.664715 0.721542 0.737298 0.843154 0.781345 0.820924 0.780579 0.903759 0.633620 0.932509 0.947944 0.962804 0.798019 0.761731 0.989352 0.777665 0.908628
0.413560 0.491491 0.945789 0.754167 0.818769 0.743012 0.492643 0.308426 0.848593 0.000000 0.338272 0.400650 0.415783 0.449308 0.527678 0.661279 0.333261 0.329245 0.417663 0.501491 0.813634 0.959395 0.864679 0.953213 0.718638 0.919695 0.716560 0.976873 0.335159 0.311950 0.489482 0.539579 0.405657 0.409051 0.919886 0.861882 0.772291 0.805923 0.987773 0.930204 0.723719 0.786326 0.400848 0.363974 0.430821 0.350025 0.484117 0.392711 0.368698 0.508476 0.417207 0.501492 0.506566 0.602899 0.680950 0.599608 0.571843 0.645823 0.436479 0.694102 0.382077 0.398269 0.350230 0.295898 0.762212 0.954854 0.744221 0.683025 0.877135 0.765960 0.563651 0.497274 0.473517 0.477910 0.806700 0.896360 0.484686 0.513265 0.487417 0.421456 0.290549 0.426813 0.581318 0.636565 0.773814 0.974074 0.947724 0.887052 0.972730 0.642929 0.742196 0.973238 0.985569 0.776521 0.990338 0.813243 0.640425 0.929130 0.456861 0.409676 0.584207 0.760073 0.415557 0.441965 0.722025 0.719898 0.976987 0.840026 0.627937 0.976455 0.847350 0.584812 0.586971 0.854315 0.728276 0.816366
0.253934 0.338085 0.867669 0.831010 0.758514 0.738259 0.680664 0.297519 0.993289 0.338272 0.000000 0.237619 0.304469 0.312851 0.525774 0.589015 0.273702 0.250544 0.330051 0.384535 0.957809 0.993890 0.959726 0.838629 0.557700 0.840036 0.817913 0.995753 0.284006 0.276313 0.727896 0.756022 0.479706 0.449228 0.793204 0.814127 0.908770 0.978417 0.923621 0.850447 0.675710 0.814020 0.503611 0.451945 0.667919 0.461563 0.499323 0.503612 0.316875 0.377873 0.419808 0.410593 0.516717 0.557015 0.705809 0.637667 0.507132 0.485049 0.343682 0.441684 0.372114 0.320931 0.236367 0.214276 0.582664 0.936224 0.918079 0.854158 0.850501 0.734812 0.689123 0.659834 0.432601 0.464150 0.846364 0.780004 0.468539 0.581496 0.454915 0.444504 0.309146 0.354489 0.589077 0.739131 0.850754 0.933713 0.700807 0.869035 0.871538 0.693529 0.718705 0.878878 0.891418 0.621083 0.917900 0.797577 0.728118 0.814985 0.492558 0.541149 0.574815 0.786074 0.488615 0.525267 0.805657 0.805000 0.980903 0.945727 0.709876 0.896671 0.974500 0.708933 0.617554 0.924261 0.735674 0.804672
0.229725 0.285605 0.722291 0.882724 0.779181 0.706902 0.847381 0.314563 0.916245 0.400650 0.237619 0.000000 0.359079 0.239714 0.513346 0.544769 0.298165 0.263497 0.344711 0.314006 0.984612 0.932776 0.978869 0.992239 0.527814 0.704704 0.885086 0.975407 0.325612 0.318099 0.779123 0.815813 0.587009 0.473521 0.668256 0.658306 0.908596 0.983453 0.910742 0.875409 0.761401 0.900315 0.606178 0.518878 0.771955 0.516288 0.550280 0.567206 0.285388 0.322340 0.451729 0.413676 0.543951 0.617616 0.815797 0.671197 0.478536 0.418864 0.429715 0.378861 0.532315 0.292270 0.251982 0.225113 0.460560 0.924193 0.890831 0.966457 0.801805 0.677562 0.621648 0.697640 0.459784 0.506964 0.826499 0.817864 0.411596 0.611853 0.568676 0.422696 0.329760 0.329897 0.592987 0.811754 0.819522 0.805050 0.691899 0.947185 0.837400 0.715605 0.826861 0.762348 0.774587 0.539191 0.875188 0.751086 0.879240 0.708821 0.565786 0.655499 0.657027 0.906183 0.510998 0.652881 0.878113 0.873119 0.942631 0.996328 0.688270 0.938969 0.999797 0.814084 0.678619 0.987104 0.789685 0.773108
0.398498 0.531050 0.966993 0.785388 0.807677 0.730205 0.574744 0.391021 0.947059 0.415783 0.304469 0.359079 0.000000 0.373664 0.380151 0.465751 0.406188 0.388738 0.421471 0.568494 0.957950 0.966991 0.852405 0.933810 0.607677 0.818112 0.913574 0.953115 0.398212 0.329080 0.625521 0.701421 0.444207 0.479969 0.859528 0.820651 0.956174 0.867328 0.977894 0.931721 0.829895 0.860605 0.448431 0.394945 0.636284 0.472413 0.496891 0.499777 0.453395 0.435401 0.461602 0.450222 0.524591 0.542364 0.784260 0.739027 0.589569 0.620292 0.371877 0.508359 0.369016 0.490813 0.275859 0.296196 0.762913 0.916749 0.725295 0.734505 0.977075 0.863496 0.610070 0.637239 0.551534 0.544374 0.859062 0.818145 0.485493 0.452058 0.493728 0.525728 0.469137 0.526088 0.597492 0.821117 0.940252 0.992672 0.822794 0.857202 0.988787 0.772945 0.702540 0.965814 0.963858 0.708841 0.992003 0.736915 0.711722 0.866711 0.478056 0.517627 0.528012 0.745986 0.422354 0.478580 0.633587 0.646968 0.996146 0.873119 0.679097 0.855976 0.944215 0.733967 0.584185 0.860672 0.597549 0.816828
0.337864 0.432549 0.783022 0.846246 0.829883 0.692974 0.820287 0.361092 0.934500 0.449308 0.312851 0.239714 0.373664 0.000000 0.413940 0.410117 0.411278 0.376319 0.385170 0.401036 0.977370 0.994712 0.799504 0.841520 0.531265 0.676739 0.917702 0.937008 0.351577 0.332141 0.708152 0.772829 0.554102 0.465770 0.706603 0.664145 0.908602 0.965742 0.851420 0.882836 0.850374 0.838117 0.624334 0.550915 0.776166 0.529570 0.625175 0.609305 0.392958 0.365872 0.482701 0.459267 0.601298 0.641614 0.883785 0.792383 0.621459 0.548733 0.490914 0.477243 0.577390 0.344366 0.284674 0.291747 0.523379 0.993986 0.993284 0.996520 0.850034 0.736379 0.579409 0.688267 0.478315 0.489381 0.732866 0.766126 0.491856 0.637465 0.618411 0.531191 0.432317 0.416638 0.635569 0.857376 0.780538 0.708151 0.736904 0.999087 0.837074 0.739531 0.872263 0.781142 0.764362 0.532881 0.993404 0.827243 0.965757 0.643898 0.651254 0.662762 0.679836 0.871386 0.590869 0.606320 0.810317 0.824706 0.964390 0.978098 0.676323 0.978528 0.930543 0.836791 0.741509 0.995834 0.845701 0.792403
0.600405 0.736457 0.919938 0.737502 0.946000 0.774921 0.660512 0.563184 0.921832 0.527678 0.525774 0.513346 0.380151 0.413940 0.000000 0.347833 0.565448 0.559810 0.537051 0.664118 0.940515 0.964838 0.571750 0.778976 0.667936 0.856826 0.960509 0.892817 0.499973 0.400471 0.516302 0.604656 0.470798 0.462151 0.926916 0.803909 0.936493 0.927780 0.980496 0.987399 0.887163 0.869375 0.570402 0.511150 0.676136 0.498485 0.720226 0.553737 0.601140 0.573612 0.625311 0.623488 0.668275 0.731492 0.901574 0.888788 0.735318 0.724701 0.576032 0.682378 0.545078 0.545184 0.376685 0.441298 0.948592 0.947335 0.683744 0.728458 0.982532 0.845778 0.641408 0.668669 0.689584 0.739581 0.890132 0.883668 0.606045 0.611178 0.632792 0.654598 0.572948 0.655117 0.666784 0.847130 0.724692 0.694733 0.998669 0.919720 0.965062 0.718862 0.921203 0.876101 0.816254 0.678583 0.916300 0.804843 0.902017 0.771186 0.721212 0.706143 0.679480 0.824796 0.696889 0.548061 0.767006 0.746326 0.985849 0.899644 0.696176 0.977863 0.976506 0.904890 0.742308 0.830176 0.688418 0.889100
0.690857 0.781222 0.941720 0.877590 0.966589 0.707627 0.829282 0.660727 0.982290 0.661279 0.589015 0.544769 0.465751 0.410117 0.347833 0.000000 0.675866 0.676265 0.592605 0.768862 0.959757 0.954320 0.632818 0.671827 0.621610 0.700712 0.946152 0.917907 0.611359 0.483855 0.647861 0.770387 0.636715 0.650183 0.834795 0.880481 0.943075 0.836074 0.960005 0.982647 0.964921 0.983144 0.650261 0.616153 0.880801 0.703901 0.784351 0.698860 0.696272 0.666057 0.740911 0.734121 0.846426 0.858823 0.982478 0.917222 0.838227 0.826586 0.671374 0.693146 0.717737 0.654325 0.482215 0.517856 0.803373 0.985348 0.873457 0.875984 0.933247 0.888846 0.627656 0.701992 0.780193 0.696563 0.846697 0.843369 0.737802 0.598351 0.746096 0.697274 0.685722 0.704262 0.825814 0.950567 0.805364 0.657126 0.945419 0.926859 0.941857 0.881358 0.976721 0.801883 0.754208 0.649480 0.990381 0.811026 0.949488 0.698205 0.885900 0.857351 0.753863 0.922500 0.745727 0.667404 0.842555 0.738414 0.921400 0.985786 0.731612 0.904551 0.987055 0.995301 0.825720 0.879943 0.788559 0.897398
0.273286 0.286787 0.901383 0.833291 0.707172 0.876746 0.698708 0.359521 0.934085 0.333261 0.273702 0.298165 0.406188 0.411278 0.565448 0.675866 0.000000 0.183198 0.308964 0.329697 0.837295 0.882029 0.967366 0.818155 0.682686 0.798297 0.761741 0.984366 0.276887 0.230900 0.642354 0.627752 0.427735 0.342197 0.846612 0.918571 0.805682 0.915670 0.975949 0.764476 0.618454 0.803358 0.534770 0.420698 0.580141 0.383644 0.455965 0.452715 0.302871 0.469764 0.511898 0.559892 0.618062 0.716910 0.673683 0.642750 0.312006 0.356408 0.477614 0.568579 0.505278 0.447055 0.268748 0.223160 0.570442 0.739169 0.962917 0.855581 0.755161 0.653919 0.689648 0.631305 0.465671 0.562767 0.865342 0.912034 0.489366 0.532587 0.427332 0.376039 0.219582 0.274922 0.519277 0.549970 0.743073 0.895443 0.751710 0.982687 0.804252 0.709383 0.978511 0.711237 0.753653 0.507129 0.893588 0.773687 0.772925 0.778711 0.553934 0.611425 0.732636 0.925592 0.500681 0.563132 0.857304 0.865949 0.828651 0.943210 0.721613 0.894177 0.936814 0.750066 0.563782 0.941520 0.772225 0.783813
0.248640 0.263962 0.888390 0.831110 0.713770 0.851459 0.709040 0.337291 0.890144 0.329245 0.250544 0.263497 0.388738 0.376319 0.559810 0.676265 0.183198 0.000000 0.280924 0.306541 0.875895 0.881496 0.993192 0.863870 0.689135 0.822487 0.730546 0.995366 0.247428 0.234200 0.644490 0.660487 0.433342 0.358412 0.854200 0.833312 0.846269 0.921492 0.977362 0.816654 0.593955 0.818333 0.535286 0.409126 0.601622 0.384251 0.505684 0.426885 0.296343 0.428796 0.475823 0.500284 0.565791 0.648135 0.642024 0.610724 0.321034 0.345632 0.464428 0.532862 0.474453 0.424980 0.252497 0.212058 0.554849 0.765440 0.972302 0.877909 0.747018 0.677932 0.685877 0.626122 0.450284 0.506634 0.874464 0.843908 0.440437 0.527316 0.419723 0.353820 0.229278 0.275004 0.535558 0.609319 0.781941 0.920082 0.742682 0.986351 0.789919 0.750864 0.916022 0.731864 0.751060 0.522689 0.900832 0.767001 0.781868 0.804626 0.537643 0.571842 0.706931 0.878891 0.473628 0.574746 0.788560 0.892821 0.872824 0.993494 0.758181 0.945241 0.906381 0.753495 0.537582 0.907719 0.770144 0.834448
0.360312 0.378970 0.873176 0.810749 0.644563 0.819973 0.682607 0.400360 0.877865 0.417663 0.330051 0.344711 0.421471 0.385170 0.537051 0.592605 0.308964 0.280924 0.000000 0.319151 0.880791 0.934333 0.873033 0.999124 0.691302 0.734068 0.839660 0.887511 0.312965 0.293133 0.642843 0.678514 0.440682 0.407157 0.782370 0.814327 0.916689 0.925094 0.983872 0.958030 0.685941 0.874037 0.621865 0.493756 0.636408 0.468962 0.545475 0.495026 0.393397 0.435296 0.519237 0.547745 0.643642 0.678459 0.624777 0.618193 0.409472 0.440525 0.557279 0.646226 0.594718 0.465524 0.339942 0.319389 0.562020 0.727595 0.967053 0.900963 0.713033 0.585945 0.620753 0.699683 0.478307 0.495009 0.876067 0.834741 0.445376 0.604303 0.441780 0.379061 0.313582 0.349459 0.548607 0.555156 0.800411 0.924366 0.773309 0.917484 0.787788 0.750971 0.963423 0.731431 0.721796 0.563197 0.868225 0.717177 0.842537 0.727088 0.686960 0.693403 0.714053 0.915735 0.548525 0.567099 0.811053 0.827609 0.988422 0.885507 0.753548 0.967692 0.998777 0.822909 0.644830 0.861106 0.921246 0.716511
0.315412 0.295714 0.792175 0.794890 0.718959 0.870077 0.887432 0.406030 0.829964 0.501491 0.384535 0.314006 0.568494 0.401036 0.664118 0.768862 0.329697 0.306541 0.319151 0.000000 0.917496 0.939132 0.871096 0.998023 0.756421 0.836297 0.918506 0.928786 0.342105 0.372648 0.769615 0.742582 0.592611 0.480943 0.734915 0.738779 0.916452 0.864582 0.972913 0.846596 0.635181 0.822019 0.810982 0.670336 0.801556 0.560490 0.643565 0.622276 0.353600 0.398998 0.581705 0.564683 0.681580 0.758902 0.739646 0.682428 0.395229 0.354653 0.617776 0.586769 0.768274 0.416920 0.438130 0.393364 0.484578 0.750970 0.779591 0.870937 0.560118 0.496648 0.740436 0.914695 0.457661 0.549656 0.842378 0.904988 0.467775 0.719107 0.602215 0.442232 0.311562 0.255825 0.461227 0.597420 0.705849 0.779216 0.732836 0.881358 0.694023 0.779434 0.966419 0.656357 0.741028 0.518640 0.862476 0.847745 0.938634 0.734072 0.761512 0.835356 0.846879 0.989804 0.675507 0.791163 0.913133 0.998147 0.981912 0.871644 0.859250 0.987452 0.932060 0.886759 0.717491 0.929012 0.967746 0.738072
0.941595 0.959781 0.867771 0.925067 0.995685 0.857843 0.899549 0.936735 0.948766 0.813634 0.957809 0.984612 0.957950 0.977370 0.940515 0.959757 0.837295 0.875895 0.880791 0.917496 0.000000 0.939173 0.914544 0.970337 0.937299 0.984573 0.925261 0.940645 0.928875 0.925233 0.741080 0.793812 0.900784 0.871770 0.963210 0.886346 0.782819 0.917226 0.775007 0.834651 0.862532 0.949646 0.873518 0.801628 0.817755 0.809989 0.813369 0.803848 0.889072 0.947186 0.988386 0.924723 0.875388 0.844722 0.858073 0.885880 0.836939 0.959090 0.978105 0.902844 0.987061 0.990834 0.951392 0.941047 0.909027 0.909219 0.975786 0.949616 0.899572 0.871823 0.903236 0.850071 0.965580 0.918846 0.842779 0.954809 0.982441 0.897478 0.997561 0.787897 0.811450 0.835049 0.784724 0.789867 0.741457 0.990408 0.995152 0.934667 0.996733 0.954037 0.831745 0.941486 0.946525 0.944744 0.948397 0.912813 0.932660 0.942285 0.927481 0.932188 0.999026 0.942740 0.869495 0.866321 0.971221 0.868775 0.844971 0.907798 0.992825 0.826567 0.898451 0.956516 0.933249 0.997093 0.955865 0.964567
0.962377 0.886837 0.987194 0.906780 0.918775 0.945102 0.987453 0.989996 0.938807 0.959395 0.993890 0.932776 0.966991 0.994712 0.964838 0.954320 0.882029 0.881496 0.934333 0.939132 0.939173 0.000000 0.995895 0.914610 0.936828 0.974829 0.817917 0.871320 0.968732 0.912076 0.976204 0.991282 0.988416 0.892294 0.991691 0.738530 0.935273 0.733258 0.894357 0.996251 0.909461 0.808149 0.955838 0.938983 0.910940 0.936188 0.896700 0.893096 0.881566 0.991145 0.949320 0.992264 0.997577 0.994894 0.962523 0.943579 0.973490 0.962150 0.851000 0.974714 0.988469 0.961102 0.983410 0.944380 0.913712 0.993879 0.968395 0.963776 0.931011 0.888733 0.999685 0.945160 0.968098 0.919805 0.998032 0.944590 0.980621 0.956739 0.879566 0.941107 0.876171 0.905276 0.900542 0.873863 0.897706 0.944260 0.943210 0.922164 0.952859 0.925091 0.914731 0.845717 0.861350 0.918811 0.882680 0.854957 0.890325 0.884027 0.945357 0.951545 0.964127 0.893130 0.955512 0.867034 0.870817 0.985120 0.914514 0.836470 0.863623 0.926042 0.936778 0.942013 0.933437 0.874096 0.883548 0.963296
0.931842 0.889229 0.666403 0.609998 0.876509 0.838899 0.835967 0.971345 0.905087 0.864679 0.959726 0.978869 0.852405 0.799504 0.571750 0.632818 0.967366 0.993192 0.873033 0.871096 0.914544 0.995895 0.000000 0.394894 0.864047 0.980684 0.845344 0.770395 0.890098 0.839681 0.645253 0.777024 0.721042 0.845082 0.985244 0.967774 0.860920 0.991307 0.932167 0.940761 0.963826 0.823813 0.901447 0.975057 0.929987 0.894440 0.946366 0.954231 0.964730 0.995894 0.934939 0.875349 0.874125 0.819970 0.862356 0.790014 0.984813 0.995358 0.951016 0.810628 0.932112 0.978462 0.953453 0.999322 0.772883 0.970162 0.829944 0.997829 0.799379 0.862303 0.871742 0.978743 0.973128 0.967149 0.923536 0.907347 0.941918 0.886664 0.953294 0.971408 0.963747 0.886214 0.820827 0.839496 0.551643 0.502794 0.735439 0.560660 0.913644 0.880297 0.716608 0.779271 0.822475 0.782082 0.864747 0.961274 0.972064 0.801566 0.775879 0.828341 0.842186 0.887516 0.853178 0.909459 0.864401 0.903948 0.929897 0.871284 0.933678 0.928498 0.971169 0.794811 0.930781 0.955545 0.938774 0.907721
0.845117 0.821954 0.930846 0.816024 0.849346 0.967838 0.887419 0.867724 0.825647 0.953213 0.838629 0.992239 0.933810 0.841520 0.778976 0.671827 0.818155 0.863870 0.999124 0.998023 0.970337 0.914610 0.394894 0.000000 0.952743 0.903551 0.930753 0.759368 0.948198 0.979266 0.889870 0.989120 0.973225 0.935999 0.899442 0.838928 0.999496 0.932486 0.826775 0.995866 0.812746 0.881898 0.806443 0.827762 0.858744 0.919731 0.746270 0.876542 0.874609 0.925197 0.821556 0.803780 0.779672 0.761088 0.669047 0.741890 0.822509 0.900313 0.815502 0.884428 0.756244 0.931022 0.908211 0.886373 0.896954 0.968971 0.922673 0.782852 0.894213 0.975676 0.918332 0.957301 0.798919 0.913016 0.944340 0.997091 0.810893 0.876701 0.762526 0.882370 0.867847 0.972336 0.984282 0.969040 0.724836 0.529391 0.846407 0.590428 0.960168 0.987930 0.680593 0.732280 0.726397 0.806484 0.977794 0.985470 0.780406 0.737533 0.603365 0.693475 0.799568 0.790941 0.716575 0.881111 0.990889 0.966117 0.979231 0.775379 0.984626 0.829526 0.918393 0.760065 0.730571 0.964146 0.756404 0.954343
0.647301 0.728957 0.720443 0.895186 0.986531 0.622896 0.893640 0.647352 0.920699 0.718638 0.557700 0.527814 0.607677 0.531265 0.667936 0.621610 0.682686 0.689135 0.691302 0.756421 0.937299 0.936828 0.864047 0.952743 0.000000 0.552704 0.833825 0.935568 0.652047 0.615793 0.998543 0.900531 0.802824 0.757428 0.762255 0.761937 0.817947 0.930778 0.866431 0.987192 0.958257 0.863349 0.670343 0.678668 0.959830 0.834527 0.666294 0.796599 0.671438 0.616350 0.596229 0.613092 0.687626 0.634100 0.751824 0.831943 0.902398 0.867298 0.709947 0.610287 0.689660 0.575980 0.572580 0.570498 0.556808 0.949314 0.964614 0.910605 0.965632 0.990777 0.745389 0.696850 0.629409 0.643594 0.837436 0.803473 0.738498 0.719567 0.756638 0.732021 0.762081 0.855701 0.889748 0.832112 0.830802 0.982722 0.721793 0.728054 0.731008 0.943375 0.747329 0.909875 0.883125 0.870240 0.946139 0.792006 0.855341 0.808574 0.680208 0.707052 0.674159 0.808032 0.758861 0.742112 0.999838 0.862268 0.970302 0.947647 0.831812 0.877014 0.919285 0.808142 0.899240 0.998509 0.745632 0.820585
0.885398 0.855557 0.455158 0.680149 0.850645 0.910767 0.757391 0.991185 0.819892 0.919695 0.840036 0.704704 0.818112 0.676739 0.856826 0.700712 0.798297 0.822487 0.734068 0.836297 0.984573 0.974829 0.980684 0.903551 0.552704 0.000000 0.998365 0.994167 0.895738 0.801301 0.760180 0.826260 0.912072 0.992105 0.571119 0.844812 0.916413 0.839402 0.793375 0.944101 0.956624 0.892295 0.919101 0.976677 0.750889 0.873727 0.856834 0.873734 0.955438 0.936744 0.953247 0.961494 0.874588 0.916569 0.994981 0.985102 0.847620 0.850862 0.881375 0.875187 0.893620 0.987759 0.789345 0.788069 0.527298 0.667409 0.782628 0.735304 0.985822 0.980356 0.854554 0.751625 0.857951 0.932001 0.927823 0.995577 0.898059 0.962309 0.866609 0.940652 0.941386 0.844526 0.869926 0.928875 0.778836 0.995644 0.728448 0.855014 0.666665 0.999555 0.744843 0.712695 0.578675 0.674906 0.778003 0.817015 0.988822 0.669841 0.954037 0.916976 0.906794 0.719261 0.979250 0.909270 0.813402 0.852112 0.857650 0.789437 0.909432 0.920624 0.808965 0.913909 0.830302 0.909186 0.893147 0.775856
0.888223 0.876935 0.888065 0.876598 0.960805 0.860292 0.693052 0.776794 0.887678 0.716560 0.817913 0.885086 0.913574 0.917702 0.960509 0.946152 0.761741 0.730546 0.839660 0.918506 0.925261 0.817917 0.845344 0.930753 0.833825 0.998365 0.000000 0.932461 0.777846 0.795822 0.923133 0.778858 0.834601 0.747999 0.742952 0.991157 0.970701 0.898200 0.832996 0.935847 0.781453 0.983540 0.636537 0.666183 0.711683 0.753964 0.823665 0.651196 0.821269 0.998482 0.742593 0.856514 0.769052 0.763904 0.631873 0.721442 0.954301 0.969674 0.882542 0.983973 0.727104 0.848972 0.777065 0.765957 0.887741 0.970406 0.730352 0.692883 0.863453 0.757840 0.821234 0.621369 0.820758 0.781439 0.967654 0.963871 0.781821 0.893116 0.768955 0.742441 0.775874 0.896731 0.894991 0.853668 0.938792 0.865435 0.839359 0.843123 0.897340 0.980369 0.805981 0.846404 0.821644 0.954278 0.893382 0.921355 0.806047 0.814724 0.639006 0.621738 0.797151 0.750141 0.805223 0.756431 0.859147 0.933693 0.939683 0.773062 0.825449 0.925495 0.899143 0.760155 0.643413 0.934768 0.806982 0.864348
0.928965 0.930741 0.910388 0.904268 0.866740 0.948126 0.975304 0.956247 0.918058 0.976873 0.995753 0.975407 0.953115 0.937008 0.892817 0.917907 0.984366 0.995366 0.887511 0.928786 0.940645 0.871320 0.770395 0.759368 0.935568 0.994167 0.932461 0.000000 0.948190 0.933776 0.957733 0.789616 0.969436 0.984637 0.886754 0.883734 0.851281 0.930542 0.963057 0.855345 0.947151 0.972412 0.971782 0.944057 0.962186 0.969649 0.934870 0.966402 0.932923 0.985789 0.967189 0.967813 0.960965 0.983366 0.967110 0.952820 0.985293 0.996305 0.889229 0.916309 0.902509 0.995203 0.945371 0.968446 0.990941 0.945138 0.984364 0.952056 0.850840 0.917626 0.991233 0.985694 0.964064 0.924472 0.854295 0.976511 0.969627 0.995534 0.992987 0.911540 0.991424 0.968207 0.873231 0.965291 0.966767 0.984834 0.885059 0.927519 0.812152 0.791794 0.928617 0.969174 0.936086 0.943919 0.974438 0.808092 0.958607 0.828656 0.816107 0.955773 0.832473 0.953515 0.960821 0.900275 0.862426 0.953988 0.949603 0.942972 0.978311 0.993297 0.956349 0.920881 0.911747 0.813674 0.993421 0.965071
0.291676 0.312508 0.929610 0.795777 0.789604 0.730854 0.695200 0.333052 0.992954 0.335159 0.284006 0.325612 0.398212 0.351577 0.499973 0.611359 0.276887 0.247428 0.312965 0.342105 0.928875 0.968732 0.890098 0.948198 0.652047 0.895738 0.777846 0.948190 0.000000 0.226466 0.560437 0.544535 0.391012 0.327205 0.894938 0.878228 0.865169 0.888790 0.879226 0.839483 0.658152 0.763021 0.531104 0.415842 0.588761 0.359701 0.528297 0.459877 0.296637 0.356645 0.391186 0.425913 0.490533 0.559921 0.658601 0.563259 0.434682 0.405838 0.462270 0.527881 0.481853 0.359427 0.279262 0.250600 0.567295 0.847906 0.927757 0.857355 0.764445 0.632619 0.705443 0.692398 0.422339 0.467185 0.769732 0.846114 0.486278 0.516864 0.411056 0.355452 0.262079 0.334197 0.505891 0.625679 0.728121 0.873594 0.871150 0.991100 0.792807 0.740596 0.836171 0.777717 0.839093 0.575521 0.909534 0.792050 0.767009 0.759171 0.584483 0.579039 0.679522 0.801437 0.503772 0.539756 0.683592 0.842202 0.959741 0.999106 0.772267 0.959838 0.921192 0.782270 0.571230 0.844950 0.849895 0.788040
0.315479 0.359522 0.933408 0.833632 0.812661 0.728316 0.632605 0.356345 0.993140 0.311950 0.276313 0.318099 0.329080 0.332141 0.400471 0.483855 0.230900 0.234200 0.293133 0.372648 0.925233 0.912076 0.839681 0.979266 0.615793 0.801301 0.795822 0.933776 0.226466 0.000000 0.499685 0.550738 0.354824 0.295840 0.862777 0.869096 0.839229 0.944855 0.955255 0.853141 0.645549 0.791138 0.458218 0.340924 0.548345 0.342706 0.475463 0.412191 0.319367 0.403638 0.443335 0.477539 0.533740 0.609132 0.678425 0.683140 0.418741 0.428302 0.486780 0.556857 0.470054 0.421107 0.244169 0.214603 0.594567 0.805995 0.883198 0.787513 0.845375 0.653086 0.659682 0.608861 0.463479 0.490770 0.890005 0.871159 0.490498 0.486011 0.395433 0.369992 0.249081 0.346821 0.523559 0.587233 0.773111 0.859983 0.808790 0.979152 0.788086 0.789167 0.935190 0.740668 0.732303 0.501029 0.917014 0.778618 0.749409 0.702470 0.619873 0.598806 0.642010 0.830231 0.517143 0.501686 0.778639 0.834910 0.971067 0.997293 0.672495 0.937127 0.929789 0.735970 0.572809 0.815709 0.731850 0.806259
0.690188 0.763572 0.625554 0.668669 0.963113 0.845722 0.497956 0.585235 0.831677 0.489482 0.727896 0.779123 0.625521 0.708152 0.516302 0.647861 0.642354 0.644490 0.642843 0.769615 0.741080 0.976204 0.645253 0.889870 0.998543 0.760180 0.923133 0.957733 0.560437 0.499685 0.000000 0.372312 0.420688 0.472901 0.834674 0.917423 0.800972 0.860827 0.831191 0.980486 0.800236 0.755025 0.461346 0.404522 0.383302 0.343226 0.684740 0.468506 0.606130 0.675780 0.598392 0.658703 0.607483 0.693412 0.755505 0.781025 0.730473 0.794914 0.829270 0.905212 0.595860 0.676769 0.618794 0.611781 0.921733 0.927270 0.666420 0.541187 0.998317 0.837133 0.692184 0.732010 0.763005 0.646124 0.817758 0.943035 0.659540 0.529990 0.665504 0.614288 0.554955 0.738838 0.782617 0.684526 0.665739 0.847033 0.901782 0.921843 0.858681 0.735330 0.897543 0.969858 0.983226 0.852260 0.761873 0.905045 0.830631 0.930378 0.725200 0.642980 0.626751 0.692456 0.628072 0.483888 0.649184 0.719255 0.961149 0.891038 0.784132 0.895482 0.791700 0.780540 0.550261 0.802799 0.742753 0.994266
0.717307 0.773603 0.734640 0.735183 0.801763 0.809785 0.535001 0.624776 0.808536 0.539579 0.756022 0.815813 0.701421 0.772829 0.604656 0.770387 0.627752 0.660487 0.678514 0.742582 0.793812 0.991282 0.777024 0.989120 0.900531 0.826260 0.778858 0.789616 0.544535 0.550738 0.372312 0.000000 0.434748 0.478366 0.758751 0.964809 0.849060 0.790686 0.756055 0.923144 0.777663 0.768778 0.509458 0.475944 0.440958 0.416283 0.676357 0.473101 0.630908 0.687687 0.581753 0.667747 0.629380 0.673491 0.769904 0.674222 0.748569 0.822031 0.879566 0.947056 0.693379 0.676581 0.671903 0.650185 0.965270 0.985110 0.721288 0.620179 0.980730 0.750805 0.621780 0.692338 0.710580 0.686759 0.749862 0.932124 0.647953 0.551464 0.655350 0.592957 0.555389 0.744759 0.750144 0.758470 0.771123 0.909753 0.751518 0.889410 0.983423 0.782107 0.876311 0.988063 0.943754 0.903905 0.921499 0.933307 0.786799 0.990052 0.737539 0.629383 0.737256 0.773359 0.622074 0.544800 0.593310 0.813268 0.938245 0.829813 0.774639 0.880189 0.803199 0.685750 0.636399 0.686073 0.795892 0.946661
0.535731 0.628645 0.673847 0.581392 0.933106 0.754154 0.393109 0.449035 0.899823 0.405657 0.479706 0.587009 0.444207 0.554102 0.470798 0.636715 0.427735 0.433342 0.440682 0.592611 0.900784 0.988416 0.721042 0.973225 0.802824 0.912072 0.834601 0.969436 0.391012 0.354824 0.420688 0.434748 0.000000 0.361959 0.893858 0.951155 0.755056 0.800612 0.926841 0.863795 0.728521 0.788473 0.453861 0.389825 0.397678 0.351097 0.655494 0.386786 0.536847 0.601923 0.519590 0.607114 0.617251 0.647418 0.685393 0.783645 0.598466 0.684528 0.633287 0.831837 0.452949 0.566942 0.438499 0.435635 0.938792 0.993549 0.598167 0.544536 0.875741 0.708774 0.662564 0.571974 0.565412 0.577859 0.816145 0.949526 0.589229 0.490905 0.477633 0.438730 0.405746 0.583806 0.643655 0.557843 0.707622 0.876920 0.926667 0.949287 0.989554 0.743591 0.840622 0.961805 0.982360 0.792526 0.996994 0.835471 0.708282 0.967684 0.632927 0.561890 0.646754 0.689480 0.584930 0.425113 0.604428 0.691780 0.962158 0.900744 0.671642 0.959554 0.828707 0.671104 0.544291 0.784321 0.752291 0.897826
0.420769 0.497951 0.890009 0.726868 0.833942 0.830145 0.502324 0.398958 0.971635 0.409051 0.449228 0.473521 0.479969 0.465770 0.462151 0.650183 0.342197 0.358412 0.407157 0.480943 0.871770 0.892294 0.845082 0.935999 0.757428 0.992105 0.747999 0.984637 0.327205 0.295840 0.472901 0.478366 0.361959 0.000000 0.929118 0.940971 0.844836 0.761890 0.918105 0.869786 0.726060 0.774291 0.441326 0.330606 0.397964 0.302178 0.545440 0.405040 0.403482 0.489552 0.475620 0.534314 0.527390 0.616656 0.714687 0.664102 0.527909 0.544842 0.604737 0.710996 0.479723 0.471933 0.341140 0.353356 0.740478 0.940316 0.731287 0.617273 0.879960 0.742804 0.631568 0.608858 0.519592 0.543190 0.871346 0.909481 0.487759 0.556975 0.428516 0.433898 0.342502 0.491443 0.568205 0.513335 0.725186 0.904064 0.924089 0.944487 0.889011 0.765122 0.902449 0.853550 0.862150 0.705895 0.988823 0.727786 0.817056 0.944795 0.589548 0.558370 0.664680 0.740442 0.545159 0.486596 0.776999 0.824285 0.959889 0.938722 0.680144 0.993831 0.900990 0.707864 0.561558 0.846320 0.740036 0.847701
0.797794 0.768978 0.469331 0.814747 0.889442 0.894815 0.684244 0.909614 0.751937 0.919886 0.793204 0.668256 0.859528 0.706603 0.926916 0.834795 0.846612 0.854200 0.782370 0.734915 0.963210 0.991691 0.985244 0.899442 0.762255 0.571119 0.742952 0.886754 0.894938 0.862777 0.834674 0.758751 0.893858 0.929118 0.000000 0.871386 0.998201 0.864399 0.916828 0.955562 0.847281 0.869182 0.851437 0.973891 0.802766 0.965184 0.959947 0.918565 0.805539 0.772781 0.993685 0.919499 0.969167 0.949825 0.939966 0.953444 0.833891 0.755068 0.892082 0.735181 0.867491 0.849199 0.827314 0.778807 0.585388 0.774769 0.628667 0.618325 0.883400 0.790607 0.730376 0.986398 0.875108 0.988053 0.949393 0.996498 0.939405 0.953513 0.984154 0.934725 0.897711 0.781813 0.787849 0.964221 0.901577 0.943744 0.766430 0.911778 0.845204 0.928829 0.818607 0.719996 0.734931 0.646412 0.900211 0.952136 0.913346 0.651100 0.938906 0.808262 0.974003 0.729821 0.991904 0.868167 0.648759 0.810355 0.855152 0.844050 0.992132 0.985351 0.937673 0.890099 0.731733 0.950584 0.778334 0.799379
0.694705 0.752291 0.739519 0.929933 0.915288 0.818613 0.980814 0.732578 0.914672 0.861882 0.814127 0.658306 0.820651 0.664145 0.803909 0.880481 0.918571 0.833312 0.814327 0.738779 0.886346 0.738530 0.967774 0.838928 0.761937 0.844812 0.991157 0.883734 0.878228 0.869096 0.917423 0.964809 0.951155 0.940971 0.871386 0.000000 0.820974 0.820245 0.959042 0.879307 0.953466 0.881996 0.907577 0.888973 0.971553 0.884209 0.882680 0.851514 0.762148 0.635894 0.735561 0.655190 0.720270 0.765211 0.959857 0.797751 0.858575 0.826140 0.755584 0.643494 0.885068 0.679432 0.783158 0.791760 0.779550 0.939999 0.817732 0.868343 0.951217 0.838301 0.787250 0.989987 0.895495 0.929128 0.990381 0.821117 0.691884 0.954997 0.964804 0.922948 0.907575 0.879936 0.882464 0.880115 0.988803 0.873946 0.712556 0.846365 0.987718 0.963902 0.883381 0.989854 0.891025 0.854649 0.843031 0.967286 0.951835 0.806577 0.859439 0.899749 0.871102 0.979671 0.808912 0.968289 0.944111 0.956210 0.965978 0.918552 0.850645 0.883983 0.991144 0.970348 0.951970 0.887438 0.940670 0.918604
0.907235 0.913844 0.911430 0.951903 0.888690 0.937477 0.880883 0.892294 0.975361 0.772291 0.908770 0.908596 0.956174 0.908602 0.936493 0.943075 0.805682 0.846269 0.916689 0.916452 0.782819 0.935273 0.860920 0.999496 0.817947 0.916413 0.970701 0.851281 0.865169 0.839229 0.800972 0.849060 0.755056 0.844836 0.998201 0.820974 0.000000 0.782783 0.890191 0.702966 0.849805 0.819660 0.913303 0.881254 0.801632 0.848152 0.967269 0.988723 0.921512 0.945382 0.974522 0.943199 0.907160 0.892949 0.982057 0.985279 0.867782 0.901337 0.939023 0.955172 0.924452 0.902582 0.891589 0.847317 0.915915 0.896444 0.966565 0.977331 0.883006 0.843065 0.854533 0.846221 0.954247 0.994667 0.895905 0.936789 0.971623 0.775458 0.891687 0.797279 0.754971 0.734979 0.810486 0.827020 0.677442 0.746765 0.889786 0.889068 0.930808 0.727002 0.865778 0.849196 0.841546 0.857154 0.992399 0.875643 0.836240 0.983572 0.972232 0.926503 0.972822 0.876309 0.910921 0.916778 0.961489 0.888459 0.848195 0.922141 0.770494 0.941380 0.819833 0.776344 0.902445 0.956054 0.921540 0.921178
0.966597 0.966931 0.835115 0.861184 0.952291 0.994906 0.757854 0.906954 0.934837 0.805923 0.978417 0.983453 0.867328 0.965742 0.927780 0.836074 0.915670 0.921492 0.925094 0.864582 0.917226 0.733258 0.991307 0.932486 0.930778 0.839402 0.898200 0.930542 0.888790 0.944855 0.860827 0.790686 0.800612 0.761890 0.864399 0.820245 0.782783 0.000000 0.956259 0.928914 0.801485 0.802566 0.846698 0.898974 0.654914 0.842445 0.971659 0.860362 0.933092 0.942930 0.894665 0.992052 0.917580 0.912628 0.847584 0.844325 0.919160 0.850200 0.917835 0.723541 0.921484 0.851981 0.913047 0.992778 0.997944 0.770499 0.839377 0.759963 0.903557 0.966068 0.881732 0.741616 0.729189 0.754221 0.967059 0.964259 0.869190 0.962697 0.944882 0.882159 0.820061 0.922747 0.933282 0.709016 0.790866 0.972880 0.807797 0.857209 0.954121 0.812512 0.910255 0.934703 0.934462 0.846777 0.954753 0.813651 0.903459 0.830971 0.970694 0.807324 0.977400 0.881211 0.946656 0.972144 0.972486 0.964266 0.965622 0.946117 0.789328 0.974404 0.861607 0.730482 0.997062 0.978971 0.970709 0.865139
