0.000000 0.385975 0.938812 0.845953 0.859130 0.570625 0.511170 0.515901 0.715501 0.591357 0.421179 0.427762 0.441215 0.480489 0.709563 0.844586 0.478843 0.473554 0.453638 0.577147 0.779209 0.917412 0.934830 0.828298 0.640396 0.746964 0.700408 0.801753 0.553146 0.627250 0.784429 0.914711 0.602057 0.528829 0.902013 0.767911 0.846779 0.799817 0.814384 0.945253 0.938986 0.791993 0.642371 0.588929 0.677375 0.600554 0.531879 0.576945 0.687372 0.669485 0.686213 0.541542 0.812699 0.943479 0.786335 0.646396 0.384178 0.397099 0.259777 0.293611 0.322328 0.463093 0.436751 0.424408 0.999675 0.774852 0.743764 0.665738 0.823002 0.758394 0.805693 0.878214 0.998818 0.995140 0.948426 0.988510 0.660091 0.901181 0.633902 0.811678 0.502407 0.760285 0.954321 0.747912 0.810932 0.971370 0.958088 0.975172 0.715695 0.673109 0.804133 0.731400 0.888891 0.867688 0.903650 0.788485 0.723899 0.891280 0.449604 0.461811 0.732273 0.645953 0.673991 0.679750 0.590032 0.493201 0.815418 0.660311 0.772381 0.694307 0.600102 0.669415 0.494163 0.917051 0.632648 0.756512
0.385975 0.000000 0.705308 0.607449 0.982733 0.655539 0.473687 0.511990 0.875619 0.863383 0.657826 0.638110 0.712630 0.545199 0.954651 0.950326 0.638536 0.631078 0.469882 0.465074 0.923846 0.949831 0.840747 0.837291 0.999128 0.921963 0.835405 0.866012 0.782037 0.729870 0.815940 0.696300 0.428903 0.428117 0.768981 0.982938 0.958655 0.977516 0.971272 0.835263 0.874754 0.812072 0.419804 0.400357 0.649685 0.600561 0.508611 0.457318 0.858567 0.652703 0.606243 0.500582 0.777983 0.915776 0.761180 0.600767 0.370477 0.390253 0.410772 0.311768 0.399227 0.470204 0.678735 0.655125 0.807505 0.567595 0.542092 0.455498 0.824657 0.674621 0.694179 0.682340 0.752629 0.783021 0.822483 0.939750 0.725144 0.744697 0.751138 0.738822 0.568701 0.780031 0.813777 0.803956 0.716640 0.663555 0.966596 0.992389 0.756554 0.543773 0.817803 0.930914 0.829666 0.984270 0.911200 0.849304 0.665752 0.962639 0.579628 0.602131 0.769271 0.741221 0.728519 0.830504 0.511104 0.446959 0.853075 0.689207 0.809693 0.677292 0.631909 0.748721 0.605233 0.809866 0.560669 0.853603
0.938812 0.705308 0.000000 0.272208 0.930176 0.831070 0.628672 0.759956 0.932970 0.795814 0.696111 0.859385 0.949045 0.971708 0.999021 0.868059 0.742441 0.770059 0.763954 0.617657 0.482826 0.785246 0.373025 0.417997 0.408301 0.331337 0.890042 0.780877 0.658812 0.734230 0.450958 0.585992 0.566012 0.645564 0.504297 0.733192 0.498078 0.738803 0.658498 0.625560 0.766991 0.981033 0.509951 0.681448 0.939824 0.874461 0.626780 0.662626 0.600305 0.919035 0.961899 0.988388 0.969291 0.970438 0.842299 0.998037 0.950729 0.984622 0.964182 0.796489 0.860890 0.836297 0.620540 0.650367 0.288123 0.328357 0.404775 0.423369 0.771329 0.799664 0.437602 0.472130 0.638366 0.703773 0.831142 0.844035 0.823503 0.589798 0.767922 0.700763 0.881720 0.933235 0.932285 0.834276 0.589964 0.501889 0.882472 0.777100 0.712208 0.858998 0.703237 0.836886 0.645577 0.720587 0.870353 0.766457 0.794304 0.991698 0.891733 0.842690 0.840925 0.895231 0.970447 0.878833 0.748675 0.617842 0.776595 0.884612 0.907801 0.916054 0.721824 0.909822 0.928201 0.878981 0.818646 0.817723
0.845953 0.607449 0.272208 0.000000 0.874782 0.727341 0.509142 0.575430 0.901476 0.905870 0.804903 0.918263 0.937578 0.839694 0.895289 0.853992 0.842556 0.827865 0.679566 0.487503 0.512197 0.840851 0.435659 0.413764 0.504780 0.387078 0.976502 0.884174 0.708220 0.829579 0.453559 0.564208 0.539537 0.529400 0.542922 0.714036 0.593356 0.693974 0.672706 0.743297 0.751308 0.915169 0.464490 0.624199 0.949827 0.967383 0.477724 0.555147 0.618025 0.979072 0.836450 0.871786 0.932106 0.873355 0.839756 0.920078 0.908556 0.972217 0.851568 0.690527 0.764062 0.621670 0.719753 0.775468 0.417240 0.236879 0.313128 0.315204 0.843473 0.809137 0.386745 0.404305 0.554118 0.658965 0.736806 0.735661 0.699481 0.542483 0.756705 0.714555 0.927970 0.938204 0.923812 0.842895 0.671796 0.521868 0.870433 0.847091 0.771234 0.826521 0.593080 0.815747 0.562455 0.729257 0.866479 0.654006 0.653166 0.906942 0.752026 0.759762 0.674596 0.828528 0.928716 0.951574 0.582797 0.589686 0.791424 0.822750 0.791834 0.787244 0.676815 0.853022 0.907004 0.865153 0.698250 0.790428
0.859130 0.982733 0.930176 0.874782 0.000000 0.976943 0.976903 0.943795 0.781803 0.871351 0.867507 0.947069 0.576899 0.885008 0.690016 0.661433 0.878890 0.901102 0.823376 0.952658 0.870597 0.866315 0.830110 0.945644 0.903202 0.866243 0.843847 0.982788 0.821675 0.845839 0.825097 0.814198 0.915228 0.995396 0.999636 0.763494 0.995735 0.833770 0.958520 0.679607 0.873988 0.977041 0.978993 0.981783 0.963741 0.932372 0.977299 0.977673 0.733619 0.988194 0.836017 0.906205 0.960643 0.766946 0.831496 0.942268 0.908982 0.784413 0.899990 0.978442 0.785331 0.987495 0.745261 0.810959 0.803233 0.919288 0.861385 0.856601 0.990681 0.968107 0.922594 0.715448 0.705487 0.812343 0.910056 0.871960 0.877137 0.977593 0.932874 0.880772 0.826895 0.876957 0.951982 0.740174 0.700078 0.977953 0.858828 0.913380 0.765522 0.895899 0.807408 0.986913 0.787511 0.987460 0.872088 0.867200 0.705523 0.751709 0.935281 0.990219 0.819145 0.921196 0.977657 0.903633 0.873185 0.926597 0.963217 0.861549 0.887791 0.774152 0.990119 0.853267 0.832434 0.938714 0.747668 0.886341
0.570625 0.655539 0.831070 0.727341 0.976943 0.000000 0.451584 0.416112 0.585159 0.530692 0.641686 0.569642 0.773082 0.717476 0.999390 0.892307 0.808737 0.791966 0.713387 0.626932 0.893905 0.884119 0.986605 0.855383 0.803965 0.954668 0.521703 0.948826 0.727741 0.803904 0.922281 0.988606 0.580003 0.551993 0.785623 0.917719 0.908940 0.926415 0.856807 0.967405 0.803845 0.965183 0.703520 0.670438 0.696044 0.733117 0.712296 0.708030 0.948319 0.799142 0.715612 0.675385 0.738308 0.743424 0.838237 0.782387 0.844694 0.810557 0.580380 0.463331 0.481826 0.441314 0.749685 0.683014 0.963121 0.686313 0.583979 0.558545 0.920834 0.627952 0.694948 0.697554 0.825101 0.889164 0.866072 0.809082 0.727482 0.798291 0.992908 0.938481 0.886596 0.954832 0.833366 0.955583 0.925793 0.907072 0.932130 0.854725 0.905874 0.979048 0.555164 0.629249 0.567352 0.653573 0.983406 0.735593 0.722749 0.684218 0.507092 0.569695 0.541526 0.599077 0.731762 0.653778 0.614308 0.671276 0.747602 0.744428 0.810491 0.744980 0.607820 0.662945 0.626577 0.845900 0.548536 0.903187
0.511170 0.473687 0.628672 0.509142 0.976903 0.451584 0.000000 0.223166 0.452224 0.498800 0.647584 0.477693 0.752468 0.601157 0.933175 0.898833 0.786872 0.771887 0.582818 0.452964 0.979240 0.908347 0.857173 0.992023 0.877086 0.927270 0.498963 0.808211 0.695935 0.683391 0.795039 0.817430 0.503902 0.332091 0.599381 0.993560 0.967294 0.955657 0.982807 0.947288 0.789835 0.902127 0.375338 0.384552 0.470336 0.516525 0.596969 0.500978 0.870329 0.593542 0.467345 0.422536 0.469077 0.499948 0.755817 0.785394 0.757895 0.745631 0.458885 0.403720 0.371407 0.340496 0.743707 0.625313 0.907369 0.517947 0.301575 0.304290 0.940934 0.771140 0.414720 0.506202 0.634040 0.704854 0.859761 0.794752 0.472761 0.654893 0.904011 0.911911 0.842853 0.975878 0.898713 0.867647 0.949859 0.979601 0.961249 0.689202 0.868415 0.936429 0.341437 0.450177 0.389076 0.522021 0.915190 0.716800 0.497658 0.747790 0.287480 0.361884 0.389962 0.457354 0.544301 0.662880 0.403749 0.430751 0.633411 0.615663 0.661543 0.608166 0.497377 0.566443 0.497653 0.682185 0.492234 0.770709
0.515901 0.511990 0.759956 0.575430 0.943795 0.416112 0.223166 0.000000 0.473471 0.424635 0.600710 0.361032 0.738181 0.505905 0.894106 0.929597 0.808281 0.799148 0.638656 0.462003 0.969179 0.959172 0.950358 0.950290 0.780115 0.994271 0.445983 0.727914 0.654431 0.669454 0.816293 0.819402 0.554943 0.372541 0.716099 0.955323 0.854556 0.941022 0.918590 0.967336 0.816769 0.970307 0.449959 0.471198 0.520264 0.545681 0.622256 0.569752 0.909961 0.659643 0.538629 0.458013 0.531520 0.496697 0.857605 0.770658 0.794771 0.798945 0.484074 0.415882 0.349297 0.220244 0.701350 0.562133 0.971740 0.513841 0.358930 0.353768 0.889279 0.781758 0.531256 0.545368 0.669002 0.728933 0.898698 0.738538 0.517403 0.742156 0.961006 0.987291 0.860745 0.954799 0.848276 0.833563 0.880327 0.918008 0.990657 0.718040 0.900815 0.941371 0.355453 0.535429 0.432391 0.571560 0.917176 0.733145 0.564165 0.717600 0.316312 0.393440 0.351606 0.473178 0.589152 0.717014 0.398016 0.482711 0.637546 0.660201 0.683790 0.617479 0.517371 0.564970 0.491919 0.751468 0.484550 0.820187
0.715501 0.875619 0.932970 0.901476 0.781803 0.585159 0.452224 0.473471 0.000000 0.401525 0.530265 0.546042 0.678798 0.744787 0.901024 0.838865 0.875997 0.835323 0.852283 0.790672 0.823462 0.987661 0.965054 0.710918 0.645794 0.816141 0.566986 0.737449 0.598133 0.721217 0.899533 0.866939 0.819547 0.620031 0.808169 0.902885 0.853622 0.797575 0.884318 0.950862 0.832086 0.954906 0.783894 0.747407 0.669466 0.721231 0.998068 0.946858 0.781490 0.871793 0.800547 0.777190 0.623653 0.700500 0.780313 0.991928 0.966255 0.921980 0.657532 0.724007 0.538285 0.532893 0.717305 0.629011 0.914117 0.862438 0.661651 0.711382 0.904317 0.805334 0.667979 0.805800 0.925170 0.957493 0.942399 0.822456 0.724036 0.958391 0.893369 0.902779 0.939190 0.920343 0.804944 0.962019 0.861426 0.745906 0.978731 0.789692 0.785626 0.839815 0.530624 0.441520 0.563874 0.484897 0.920193 0.934878 0.816176 0.813223 0.459146 0.541653 0.568306 0.619090 0.687630 0.826307 0.703477 0.717246 0.749896 0.704895 0.777510 0.835139 0.698907 0.712783 0.630830 0.821708 0.744860 0.924213
0.591357 0.863383 0.795814 0.905870 0.871351 0.530692 0.498800 0.424635 0.401525 0.000000 0.363743 0.331119 0.603073 0.615392 0.909107 0.877913 0.628267 0.580430 0.774058 0.756301 0.617800 0.919223 0.668614 0.462168 0.403143 0.558000 0.429057 0.680874 0.366873 0.452856 0.711306 0.767540 0.896534 0.663969 0.988717 0.709188 0.602508 0.758309 0.713013 0.913162 0.944702 0.927797 0.890759 0.757300 0.527284 0.527546 0.919623 0.883092 0.578825 0.682949 0.683456 0.604331 0.592662 0.612796 0.908897 0.831636 0.941281 0.880037 0.539165 0.670406 0.499487 0.457315 0.455373 0.341372 0.613042 0.948442 0.802672 0.858732 0.791360 0.952574 0.817400 0.943370 0.995926 0.972834 0.918433 0.886982 0.663544 0.978001 0.856060 0.862166 0.715805 0.959846 0.803533 0.971217 0.664309 0.526908 0.836704 0.765894 0.980122 0.871872 0.560679 0.513209 0.666750 0.616662 0.985075 0.873927 0.801456 0.794533 0.405759 0.508776 0.525504 0.562495 0.550604 0.680938 0.683413 0.792649 0.810056 0.827133 0.826993 0.762830 0.695085 0.693866 0.469146 0.831177 0.735880 0.953448
0.421179 0.657826 0.696111 0.804903 0.867507 0.641686 0.647584 0.600710 0.530265 0.363743 0.000000 0.361168 0.467004 0.528308 0.783059 0.913403 0.441305 0.444719 0.686327 0.763644 0.579227 0.801831 0.601092 0.457315 0.376264 0.471965 0.626283 0.632138 0.355683 0.447806 0.580940 0.712382 0.878312 0.705674 0.853184 0.688006 0.622801 0.736777 0.772120 0.979642 0.931763 0.802839 0.940701 0.778612 0.663688 0.610356 0.849581 0.907915 0.542599 0.734441 0.758039 0.661530 0.799441 0.906728 0.844612 0.795865 0.656425 0.578784 0.408660 0.560340 0.444885 0.525540 0.327120 0.295808 0.643776 0.887281 0.994130 0.953021 0.929050 0.864814 0.992917 0.882090 0.865548 0.874333 0.935740 0.977194 0.760401 0.878427 0.624826 0.961246 0.505026 0.784601 0.997653 0.738961 0.890393 0.713573 0.891328 0.984062 0.908693 0.922301 0.854230 0.712260 0.943145 0.873199 0.945799 0.935451 0.906361 0.909182 0.529310 0.594041 0.758224 0.723640 0.629978 0.706876 0.746048 0.730676 0.932563 0.798758 0.782833 0.743289 0.762207 0.790389 0.538575 0.992271 0.736778 0.910176
0.427762 0.638110 0.859385 0.918263 0.947069 0.569642 0.477693 0.361032 0.546042 0.331119 0.361168 0.000000 0.475641 0.344547 0.858714 0.799892 0.615479 0.583931 0.603079 0.619445 0.712311 0.789736 0.824408 0.705618 0.492843 0.624023 0.544846 0.621517 0.418055 0.459492 0.754786 0.871707 0.751650 0.546064 0.956783 0.775378 0.602833 0.763425 0.792908 0.910108 0.932328 0.994164 0.790449 0.724835 0.625370 0.607981 0.668102 0.740889 0.727661 0.747513 0.725803 0.576225 0.708878 0.724533 0.946897 0.768418 0.713467 0.726934 0.389433 0.500712 0.346120 0.290435 0.396877 0.324818 0.759463 0.803309 0.754328 0.706668 0.755770 0.926811 0.844212 0.919171 0.941525 0.972029 0.938894 0.890592 0.586163 0.916462 0.773266 0.978732 0.645996 0.892245 0.974302 0.858425 0.921293 0.815922 0.934654 0.907346 0.911911 0.939741 0.678638 0.679524 0.792100 0.786741 0.973264 0.773231 0.806307 0.820990 0.431243 0.506524 0.550363 0.645428 0.616976 0.709115 0.561474 0.606321 0.853440 0.833533 0.817564 0.701495 0.742569 0.658730 0.525157 0.955644 0.701863 0.876991
0.441215 0.712630 0.949045 0.937578 0.576899 0.773082 0.752468 0.738181 0.678798 0.603073 0.467004 0.475641 0.000000 0.455659 0.463324 0.549816 0.633267 0.655948 0.573282 0.843565 0.730646 0.797811 0.942813 0.777999 0.560523 0.632992 0.855061 0.848867 0.544531 0.594129 0.640108 0.684470 0.822564 0.799100 0.835339 0.653289 0.835600 0.660749 0.796022 0.881092 0.794654 0.983023 0.878132 0.887708 0.868761 0.796270 0.764737 0.802897 0.689120 0.926660 0.986481 0.850760 0.993011 0.855307 0.904150 0.940861 0.633552 0.585387 0.444976 0.624195 0.414484 0.624603 0.428878 0.471341 0.947712 0.946775 0.968385 0.987069 0.860405 0.865155 0.946097 0.805501 0.750513 0.719435 0.953692 0.912851 0.776044 0.997290 0.818832 0.886843 0.664455 0.851210 0.952400 0.779254 0.773566 0.935896 0.906723 0.844977 0.848726 0.894936 0.985207 0.814894 0.872831 0.954637 0.942807 0.875755 0.916369 0.894569 0.682104 0.632926 0.956913 0.817591 0.837389 0.842345 0.830641 0.609260 0.998783 0.974082 0.923669 0.920496 0.786882 0.773643 0.630576 0.948550 0.879118 0.897575
0.480489 0.545199 0.971708 0.839694 0.885008 0.717476 0.601157 0.505905 0.744787 0.615392 0.528308 0.344547 0.455659 0.000000 0.808167 0.630219 0.636567 0.634718 0.469955 0.627569 0.844811 0.814376 0.897222 0.993679 0.678250 0.769609 0.663712 0.804748 0.536473 0.451311 0.986035 0.898662 0.614569 0.562297 0.958604 0.789624 0.886727 0.861971 0.869831 0.995534 0.903652 0.921569 0.648942 0.624386 0.610200 0.573947 0.553352 0.627763 0.743972 0.686688 0.673522 0.542006 0.747314 0.793004 0.795146 0.747421 0.585071 0.642790 0.422422 0.496893 0.382480 0.398432 0.484735 0.443039 0.913976 0.750385 0.797358 0.685283 0.736855 0.913042 0.947220 0.902057 0.842895 0.902426 0.924317 0.836431 0.686119 0.771100 0.777574 0.819842 0.685513 0.856019 0.781892 0.766348 0.877169 0.926293 0.849884 0.943603 0.925400 0.734673 0.941067 0.988614 0.930650 0.914743 0.939985 0.854640 0.898047 0.954001 0.625226 0.645437 0.711159 0.849953 0.802819 0.871913 0.626081 0.671630 0.965506 0.947822 0.802785 0.718170 0.829919 0.777739 0.689986 0.961989 0.746915 0.989014
0.709563 0.954651 0.999021 0.895289 0.690016 0.999390 0.933175 0.894106 0.901024 0.909107 0.783059 0.858714 0.463324 0.808167 0.000000 0.598192 0.828158 0.812098 0.763887 0.994701 0.909587 0.961325 0.795241 0.930488 0.866692 0.860919 0.846249 0.915418 0.776777 0.864124 0.760781 0.759548 0.888615 0.996200 0.930418 0.848033 0.963755 0.770074 0.819694 0.797107 0.906474 0.879102 0.920300 0.867021 0.907342 0.927298 0.904895 0.930642 0.872795 0.860423 0.794646 0.865903 0.831630 0.678128 0.849685 0.972200 0.784126 0.763532 0.708478 0.883615 0.747942 0.972047 0.772684 0.818647 0.785076 0.972862 0.845929 0.849272 0.912574 0.755064 0.985020 0.797558 0.760939 0.806797 0.899115 0.986342 0.973621 0.854017 0.977375 0.916085 0.832059 0.835691 0.745461 0.768865 0.621620 0.894771 0.724217 0.958859 0.781596 0.851204 0.817188 0.977361 0.712601 0.928038 0.989984 0.808185 0.823707 0.806919 0.977732 0.943685 0.771409 0.998329 0.841469 0.954530 0.941592 0.837152 0.955193 0.891068 0.866738 0.911896 0.947054 0.961384 0.828869 0.917931 0.989048 0.950311
0.844586 0.950326 0.868059 0.853992 0.661433 0.892307 0.898833 0.929597 0.838865 0.877913 0.913403 0.799892 0.549816 0.630219 0.598192 0.000000 0.999325 0.980130 0.710983 0.925019 0.998604 0.863742 0.577230 0.830924 0.940562 0.943960 0.976805 0.963724 0.881267 0.860329 0.965532 0.923813 0.781218 0.905081 0.996104 0.849195 0.789879 0.905707 0.978526 0.782158 0.917647 0.811657 0.872647 0.900688 0.902343 0.924245 0.684104 0.785565 0.849446 0.995572 0.957842 0.932758 0.971694 0.912672 0.820138 0.907156 0.923476 0.955705 0.771149 0.877383 0.732613 0.863668 0.861306 0.857479 0.722533 0.849736 0.941614 0.944414 0.782971 0.921457 0.942283 0.980734 0.914031 0.854686 0.887147 0.892278 0.888140 0.787174 0.963923 0.939128 0.968887 0.985285 0.848691 0.900000 0.698437 0.875949 0.898163 0.996473 0.893135 0.958371 0.961626 0.932230 0.880110 0.974565 0.922514 0.867210 0.864777 0.984238 0.960345 0.820275 0.950376 0.949676 0.961951 0.954616 0.861702 0.857345 0.942393 0.923685 0.962136 0.905802 0.964196 0.854497 0.855935 0.977383 0.972079 0.976533
0.478843 0.638536 0.742441 0.842556 0.878890 0.808737 0.786872 0.808281 0.875997 0.628267 0.441305 0.615479 0.633267 0.636567 0.828158 0.999325 0.000000 0.337527 0.608879 0.758383 0.662641 0.928966 0.680702 0.668068 0.573945 0.578184 0.801109 0.903913 0.488278 0.440885 0.699134 0.817734 0.863766 0.793898 0.926723 0.770913 0.793298 0.808405 0.829693 0.953094 0.993509 0.800557 0.910959 0.738659 0.638947 0.569042 0.761077 0.770963 0.494356 0.579309 0.694537 0.639890 0.805369 0.968760 0.721971 0.637155 0.483340 0.464233 0.480798 0.625822 0.621174 0.772732 0.363974 0.374208 0.717471 0.794252 0.954328 0.974325 0.969365 0.879546 0.966981 0.779585 0.896010 0.994232 0.960531 0.973095 0.905146 0.931473 0.642858 0.802247 0.358230 0.580361 0.794652 0.595229 0.984097 0.873340 0.857467 0.921103 0.952451 0.675894 0.949606 0.999236 0.838195 0.861187 0.917630 0.982232 0.813528 0.910759 0.660454 0.801282 0.945783 0.853519 0.775863 0.709410 0.901663 0.850599 0.930114 0.982458 0.795476 0.769796 0.773150 0.891996 0.700255 0.903872 0.889750 0.972265
0.473554 0.631078 0.770059 0.827865 0.901102 0.791966 0.771887 0.799148 0.835323 0.580430 0.444719 0.583931 0.655948 0.634718 0.812098 0.980130 0.337527 0.000000 0.629952 0.743473 0.693260 0.948615 0.628864 0.623965 0.594791 0.585305 0.790688 0.860052 0.399084 0.395103 0.691759 0.898578 0.818781 0.747829 0.865846 0.691687 0.781509 0.824549 0.834525 0.983557 0.903454 0.756352 0.888991 0.692028 0.599925 0.516839 0.726546 0.772560 0.470439 0.518619 0.628096 0.585578 0.791332 0.930951 0.649713 0.566013 0.489021 0.449067 0.447415 0.645139 0.624765 0.760104 0.355098 0.338588 0.670921 0.773860 0.955147 0.971526 0.953299 0.916690 0.958958 0.814016 0.966145 0.988057 0.902934 0.967307 0.850419 0.998560 0.549649 0.829664 0.308521 0.476614 0.820974 0.468056 0.990207 0.890327 0.838045 0.918369 0.881655 0.723857 0.922115 0.950761 0.874786 0.880327 0.838631 0.815450 0.814890 0.984577 0.607706 0.761483 0.916130 0.808001 0.671925 0.579687 0.777351 0.823844 0.967370 0.942908 0.926033 0.758502 0.837788 0.852930 0.586989 0.811164 0.851456 0.969938
0.453638 0.469882 0.763954 0.679566 0.823376 0.713387 0.582818 0.638656 0.852283 0.774058 0.686327 0.603079 0.573282 0.469955 0.763887 0.710983 0.608879 0.629952 0.000000 0.528393 0.955438 0.959418 0.765435 0.878869 0.871868 0.910479 0.820219 0.983576 0.750548 0.719161 0.968735 0.919873 0.497015 0.497583 0.835799 0.928760 0.970174 0.828642 0.989197 0.895214 0.937373 0.903198 0.648891 0.613937 0.632254 0.610047 0.532227 0.530141 0.772807 0.671865 0.694186 0.629454 0.776428 0.871430 0.728983 0.683561 0.497472 0.464510 0.413350 0.401407 0.427918 0.588311 0.549917 0.617176 0.803145 0.720530 0.692301 0.608100 0.898165 0.873320 0.723509 0.828590 0.933675 0.947724 0.907957 0.816312 0.813490 0.735609 0.877548 0.707738 0.660618 0.790276 0.782723 0.788677 0.735519 0.851819 0.955584 0.972824 0.810716 0.701360 0.891541 0.898465 0.980221 0.981972 0.881801 0.813128 0.770162 0.924519 0.616942 0.647311 0.773110 0.811397 0.748488 0.787017 0.743181 0.568187 0.907963 0.855088 0.730361 0.740626 0.746115 0.749747 0.632703 0.869747 0.807728 0.865916
0.577147 0.465074 0.617657 0.487503 0.952658 0.626932 0.452964 0.462003 0.790672 0.756301 0.763644 0.619445 0.843565 0.627569 0.994701 0.925019 0.758383 0.743473 0.528393 0.000000 0.848758 0.937460 0.785677 0.776845 0.932024 0.825836 0.794463 0.934019 0.802896 0.798793 0.756992 0.680796 0.503719 0.452517 0.660782 0.847203 0.888580 0.942411 0.896721 0.902262 0.710177 0.866217 0.484966 0.514801 0.700182 0.701804 0.508600 0.441758 0.990024 0.701975 0.672112 0.638707 0.770725 0.758066 0.658011 0.643444 0.656122 0.699974 0.596019 0.483395 0.534831 0.469068 0.769595 0.753865 0.783974 0.504625 0.464003 0.400810 0.890011 0.685825 0.596653 0.598235 0.679249 0.714108 0.728188 0.793286 0.675972 0.767876 0.902891 0.830541 0.678762 0.745484 0.841980 0.937058 0.779691 0.755257 0.976115 0.924171 0.852476 0.658866 0.644987 0.848514 0.679491 0.854878 0.970786 0.739894 0.606396 0.853217 0.566924 0.628628 0.705250 0.708151 0.639890 0.910042 0.498687 0.592237 0.754395 0.839672 0.795172 0.649734 0.634984 0.882004 0.639905 0.717765 0.661569 0.978663
0.779209 0.923846 0.482826 0.512197 0.870597 0.893905 0.979240 0.969179 0.823462 0.617800 0.579227 0.712311 0.730646 0.844811 0.909587 0.998604 0.662641 0.693260 0.955438 0.848758 0.000000 0.753564 0.485681 0.467356 0.391909 0.391934 0.722058 0.785678 0.602280 0.717698 0.489894 0.625120 0.803939 0.831465 0.718895 0.700943 0.640683 0.798722 0.759574 0.788024 0.748075 0.700133 0.742732 0.909238 0.799291 0.726672 0.852314 0.869231 0.575956 0.809953 0.905705 0.814321 0.868681 0.910627 0.977879 0.937773 0.911302 0.834278 0.797957 0.922054 0.835376 0.958766 0.498551 0.539163 0.481322 0.557485 0.678996 0.694803 0.857296 0.849051 0.697153 0.646826 0.721644 0.758413 0.815195 0.816597 0.972105 0.836299 0.676327 0.844172 0.748655 0.966305 0.748061 0.886601 0.675123 0.558293 0.670885 0.961704 0.903355 0.898915 0.919286 0.842297 0.892926 0.960098 0.830917 0.834805 0.968362 0.863434 0.862307 0.864942 0.937843 0.951039 0.660959 0.707046 0.811777 0.893624 0.897993 0.929840 0.866401 0.934982 0.976039 0.916301 0.894384 0.988992 0.899123 0.996290
0.917412 0.949831 0.785246 0.840851 0.866315 0.884119 0.908347 0.959172 0.987661 0.919223 0.801831 0.789736 0.797811 0.814376 0.961325 0.863742 0.928966 0.948615 0.959418 0.937460 0.753564 0.000000 0.866645 0.877307 0.821401 0.850028 0.955202 0.799773 0.914830 0.853273 0.832390 0.943871 0.954108 0.985430 0.801403 0.953612 0.829959 0.912218 0.946585 0.843400 0.807319 0.916064 0.850943 0.865313 0.910098 0.997496 0.946599 0.818229 0.956561 0.905128 0.926880 0.960197 0.815653 0.836206 0.927054 0.878238 0.931700 0.917479 0.862427 0.987374 0.884991 0.913211 0.766422 0.850050 0.903984 0.955127 0.779129 0.889923 0.843738 0.887711 0.829390 0.781388 0.982335 0.829832 0.864114 0.802727 0.963763 0.854867 0.992407 0.935199 0.846718 0.955785 0.962392 0.933886 0.959256 0.947765 0.992188 0.933568 0.971353 0.853848 0.787784 0.889394 0.781231 0.807763 0.884099 0.890138 0.798597 0.939639 0.901741 0.959803 0.918658 0.904548 0.969779 0.905214 0.895680 0.896355 0.849943 0.909571 0.957573 0.968279 0.914561 0.931499 0.955918 0.738068 0.823186 0.977041
0.934830 0.840747 0.373025 0.435659 0.830110 0.986605 0.857173 0.950358 0.965054 0.668614 0.601092 0.824408 0.942813 0.897222 0.795241 0.577230 0.680702 0.628864 0.765435 0.785677 0.485681 0.866645 0.000000 0.303496 0.459062 0.442861 0.764392 0.734505 0.653827 0.742559 0.472302 0.606387 0.578757 0.775429 0.627993 0.796502 0.481686 0.804498 0.715164 0.702123 0.841898 0.826048 0.610962 0.808168 0.929211 0.872672 0.673575 0.680937 0.703228 0.865881 0.928102 0.933605 0.932489 0.895927 0.811858 0.955555 0.988128 0.955192 0.953642 0.920473 0.887365 0.940561 0.652603 0.638178 0.287560 0.455510 0.632297 0.615032 0.968534 0.825999 0.686142 0.649440 0.737337 0.794005 0.750788 0.813306 0.970477 0.597964 0.734891 0.728133 0.763935 0.955378 0.776289 0.882927 0.473147 0.449063 0.695700 0.994977 0.809621 0.826367 0.959669 0.919878 0.944288 0.979514 0.859974 0.835099 0.979346 0.862028 0.919747 0.960186 0.942956 0.923498 0.798192 0.710394 0.847478 0.721083 0.954195 0.964001 0.989447 0.952341 0.916038 0.981478 0.932956 0.903723 0.962845 0.895252
0.828298 0.837291 0.417997 0.413764 0.945644 0.855383 0.992023 0.950290 0.710918 0.462168 0.457315 0.705618 0.777999 0.993679 0.930488 0.830924 0.668068 0.623965 0.878869 0.776845 0.467356 0.877307 0.303496 0.000000 0.321285 0.366457 0.666647 0.723094 0.455340 0.633918 0.404107 0.458847 0.682173 0.869899 0.638368 0.661444 0.504361 0.684177 0.635972 0.767764 0.839136 0.851733 0.658824 0.845502 0.822915 0.772141 0.686335 0.714673 0.537892 0.843027 0.931883 0.892053 0.863542 0.885576 0.894963 0.994161 0.947847 0.923654 0.816292 0.992230 0.911785 0.960998 0.539934 0.513425 0.372847 0.467559 0.673529 0.634430 0.884388 0.905904 0.795629 0.666456 0.723238 0.774080 0.810269 0.838921 0.949644 0.686000 0.775999 0.689750 0.767461 0.994828 0.759267 0.894188 0.535136 0.372783 0.756631 0.898288 0.917606 0.722314 0.934191 0.746912 0.978333 0.847444 0.913420 0.909923 0.925590 0.921978 0.752880 0.875257 0.872461 0.805605 0.748188 0.689552 0.921924 0.838677 0.937402 0.951446 0.948593 0.921271 0.990969 0.868273 0.745839 0.987144 0.995218 0.959414
0.640396 0.999128 0.408301 0.504780 0.903202 0.803965 0.877086 0.780115 0.645794 0.403143 0.376264 0.492843 0.560523 0.678250 0.866692 0.940562 0.573945 0.594791 0.871868 0.932024 0.391909 0.821401 0.459062 0.321285 0.000000 0.248959 0.563018 0.681722 0.410518 0.565016 0.400830 0.525192 0.809945 0.994892 0.678284 0.611567 0.441689 0.539624 0.557927 0.670543 0.816988 0.917717 0.832546 0.999368 0.702813 0.625830 0.850567 0.932333 0.503711 0.751950 0.848511 0.717316 0.712920 0.773751 0.920062 0.966071 0.878845 0.792525 0.625646 0.767803 0.665201 0.752539 0.367318 0.358325 0.395240 0.585707 0.782177 0.763276 0.773537 0.925885 0.736231 0.702207 0.672476 0.695251 0.826164 0.933890 0.901112 0.734649 0.685813 0.745918 0.794334 0.905382 0.770306 0.935050 0.569382 0.373525 0.828366 0.914785 0.898728 0.815143 0.884802 0.723516 0.964656 0.864239 0.919806 0.870370 0.986125 0.860070 0.652306 0.687014 0.792910 0.719030 0.702209 0.677794 0.934726 0.967171 0.983906 0.859720 0.838974 0.885601 0.878433 0.744626 0.670447 0.986659 0.923433 0.970760
0.746964 0.921963 0.331337 0.387078 0.866243 0.954668 0.927270 0.994271 0.816141 0.558000 0.471965 0.624023 0.632992 0.769609 0.860919 0.943960 0.578184 0.585305 0.910479 0.825836 0.391934 0.850028 0.442861 0.366457 0.248959 0.000000 0.773381 0.753058 0.481877 0.581332 0.320104 0.476163 0.725393 0.870496 0.656567 0.576275 0.437941 0.545236 0.568371 0.701403 0.757545 0.899817 0.683512 0.886091 0.777356 0.707073 0.769889 0.889157 0.486897 0.767636 0.947294 0.812337 0.823156 0.895072 0.928869 0.939765 0.843070 0.779062 0.713125 0.898836 0.834149 0.972169 0.370888 0.414291 0.384145 0.438649 0.601054 0.608194 0.853730 0.894192 0.585003 0.541473 0.577557 0.632145 0.849740 0.820696 0.989285 0.723656 0.616397 0.740052 0.763614 0.976626 0.875905 0.814894 0.631293 0.438782 0.794354 0.992256 0.849622 0.890875 0.873808 0.919808 0.768328 0.931388 0.905878 0.827531 0.938878 0.985797 0.844516 0.887143 0.978179 0.910957 0.805036 0.703528 0.904048 0.898110 0.838553 0.980724 0.984593 0.978436 0.933381 0.900086 0.827988 0.932584 0.953216 0.898801
0.700408 0.835405 0.890042 0.976502 0.843847 0.521703 0.498963 0.445983 0.566986 0.429057 0.626283 0.544846 0.855061 0.663712 0.846249 0.976805 0.801109 0.790688 0.820219 0.794463 0.722058 0.955202 0.764392 0.666647 0.563018 0.773381 0.000000 0.756174 0.611677 0.633092 0.995922 0.981839 0.847400 0.619038 0.952968 0.907264 0.681878 0.873778 0.766110 0.639291 0.999604 0.939920 0.729407 0.620495 0.494397 0.524269 0.887441 0.838125 0.775376 0.658421 0.551943 0.505535 0.500268 0.457996 0.908150 0.854029 0.992919 0.945470 0.628227 0.608732 0.560750 0.521371 0.700112 0.578454 0.612241 0.947972 0.697954 0.663976 0.724956 0.944594 0.796221 0.779991 0.798101 0.882789 0.884965 0.796523 0.635805 0.897511 0.925300 0.996018 0.983541 0.856883 0.794820 0.836677 0.532314 0.563868 0.875952 0.853246 0.946298 0.854703 0.510139 0.589559 0.588982 0.652712 0.878121 0.997755 0.692313 0.698106 0.479691 0.566542 0.408495 0.558192 0.594221 0.697019 0.765166 0.872904 0.756470 0.620524 0.712026 0.775869 0.738527 0.650037 0.669400 0.721060 0.703142 0.997983
0.801753 0.866012 0.780877 0.884174 0.982788 0.948826 0.808211 0.727914 0.737449 0.680874 0.632138 0.621517 0.848867 0.804748 0.915418 0.963724 0.903913 0.860052 0.983576 0.934019 0.785678 0.799773 0.734505 0.723094 0.681722 0.753058 0.756174 0.000000 0.741775 0.756163 0.810906 0.921248 0.982280 0.846372 0.949182 0.975827 0.686939 0.956996 0.924516 0.806165 0.868794 0.917058 0.996397 0.896982 0.782057 0.796104 0.983584 0.907448 0.762154 0.857192 0.817364 0.750223 0.773296 0.783089 0.900982 0.889634 0.996358 0.942297 0.809350 0.893061 0.764761 0.737785 0.735340 0.632122 0.720925 0.933629 0.954369 0.980139 0.755905 0.839747 0.971192 0.853956 0.965052 0.934261 0.977247 0.991603 0.769453 0.980927 0.691024 0.743303 0.886889 0.904758 0.835718 0.999613 0.778228 0.758307 0.935496 0.963077 0.883455 0.818835 0.789311 0.695350 0.836900 0.799935 0.933123 0.983378 0.952447 0.823164 0.718091 0.786231 0.723477 0.828722 0.761662 0.862979 0.857284 0.797277 0.981228 0.749803 0.861486 0.856967 0.849294 0.820865 0.786934 0.972256 0.832753 0.988798
0.553146 0.782037 0.658812 0.708220 0.821675 0.727741 0.695935 0.654431 0.598133 0.366873 0.355683 0.418055 0.544531 0.536473 0.776777 0.881267 0.488278 0.399084 0.750548 0.802896 0.602280 0.914830 0.653827 0.455340 0.410518 0.481877 0.611677 0.741775 0.000000 0.307836 0.652263 0.786668 0.853995 0.765619 0.854723 0.633059 0.647885 0.720228 0.752255 0.880067 0.934313 0.836822 0.904826 0.743047 0.498109 0.449073 0.877342 0.856367 0.406834 0.559624 0.652532 0.556282 0.656898 0.763715 0.786918 0.636547 0.729763 0.676684 0.508008 0.671802 0.518950 0.627777 0.323298 0.272028 0.582326 0.782075 0.954703 0.992260 0.760357 0.910106 0.963118 0.850589 0.987477 0.918706 0.988919 0.968781 0.714009 0.983064 0.639270 0.953307 0.542337 0.781988 0.896740 0.645203 0.863307 0.701979 0.938619 0.993451 0.966951 0.932650 0.904191 0.801134 0.986617 0.947497 0.920735 0.904659 0.973527 0.961677 0.537451 0.646782 0.795733 0.739864 0.619747 0.709720 0.728505 0.834543 0.845205 0.920735 0.944419 0.703934 0.923002 0.750860 0.550970 0.782930 0.791142 0.980780
0.627250 0.729870 0.734230 0.829579 0.845839 0.803904 0.683391 0.669454 0.721217 0.452856 0.447806 0.459492 0.594129 0.451311 0.864124 0.860329 0.440885 0.395103 0.719161 0.798793 0.717698 0.853273 0.742559 0.633918 0.565016 0.581332 0.633092 0.756163 0.307836 0.000000 0.800671 0.948914 0.837522 0.715208 0.840918 0.686219 0.771119 0.881562 0.830582 0.989512 0.909198 0.913682 0.810884 0.649956 0.460300 0.454941 0.784584 0.819790 0.434786 0.496769 0.574889 0.509458 0.627031 0.744170 0.734407 0.661039 0.675207 0.686817 0.514990 0.736959 0.578248 0.638666 0.369214 0.304724 0.618478 0.833344 0.990797 0.916658 0.707150 0.979679 0.998957 0.884596 0.876338 0.813983 0.981132 0.986531 0.688321 0.886677 0.703273 0.948409 0.484886 0.700670 0.726043 0.624263 0.892973 0.801881 0.917912 0.990160 0.991051 0.851016 0.980305 0.911697 0.925770 0.929334 0.889003 0.951102 0.909069 0.881919 0.603892 0.736356 0.779572 0.847099 0.668672 0.726063 0.742090 0.881933 0.979570 0.982515 0.982590 0.798137 0.948564 0.900890 0.628107 0.830453 0.871787 0.933218
0.784429 0.815940 0.450958 0.453559 0.825097 0.922281 0.795039 0.816293 0.899533 0.711306 0.580940 0.754786 0.640108 0.986035 0.760781 0.965532 0.699134 0.691759 0.968735 0.756992 0.489894 0.832390 0.472302 0.404107 0.400830 0.320104 0.995922 0.810906 0.652263 0.800671 0.000000 0.330672 0.575342 0.720909 0.632905 0.669316 0.529661 0.628588 0.704548 0.888064 0.699971 0.966488 0.507825 0.674262 0.905175 0.978060 0.749626 0.750725 0.660526 0.960979 0.784443 0.889963 0.909065 0.829090 0.776924 0.917733 0.928811 0.880462 0.814615 0.980362 0.996751 0.870385 0.545987 0.630334 0.603766 0.481864 0.527177 0.517091 0.944761 0.817488 0.649530 0.507171 0.441534 0.558575 0.874336 0.684307 0.995328 0.644278 0.706434 0.764779 0.780155 0.997018 0.780150 0.752394 0.797229 0.576036 0.876748 0.957346 0.949724 0.860249 0.829559 0.846233 0.770194 0.986589 0.937563 0.884292 0.818385 0.997033 0.973228 0.971835 0.844231 0.958449 0.898585 0.823430 0.838339 0.845026 0.798707 0.938925 0.962497 0.910593 0.905293 0.980665 0.870044 0.753736 0.838886 0.949593
0.914711 0.696300 0.585992 0.564208 0.814198 0.988606 0.817430 0.819402 0.866939 0.767540 0.712382 0.871707 0.684470 0.898662 0.759548 0.923813 0.817734 0.898578 0.919873 0.680796 0.625120 0.943871 0.606387 0.458847 0.525192 0.476163 0.981839 0.921248 0.786668 0.948914 0.330672 0.000000 0.601347 0.689882 0.711960 0.736134 0.690368 0.640697 0.727788 0.952572 0.815203 0.988007 0.497992 0.575225 0.855073 0.853079 0.652194 0.643593 0.784435 0.858943 0.683207 0.759634 0.875154 0.857066 0.763020 0.756531 0.952184 0.970044 0.949620 0.885152 0.949783 0.842868 0.693101 0.791587 0.718225 0.575621 0.605416 0.538578 0.996056 0.927274 0.729187 0.589821 0.453271 0.491683 0.925851 0.772902 0.939375 0.646436 0.885796 0.768426 0.942408 0.923936 0.777011 0.931398 0.842068 0.566277 0.918603 0.874147 0.948480 0.803128 0.932501 0.809822 0.862300 0.904404 0.940804 0.922900 0.771381 0.965717 0.984185 0.981758 0.859389 0.940471 0.994559 0.864486 0.735549 0.806242 0.880065 0.844102 0.963102 0.932221 0.929143 0.956882 0.978931 0.740559 0.865349 0.975052
0.602057 0.428903 0.566012 0.539537 0.915228 0.580003 0.503902 0.554943 0.819547 0.896534 0.878312 0.751650 0.822564 0.614569 0.888615 0.781218 0.863766 0.818781 0.497015 0.503719 0.803939 0.954108 0.578757 0.682173 0.809945 0.725393 0.847400 0.982280 0.853995 0.837522 0.575342 0.601347 0.000000 0.418408 0.548166 0.888157 0.803972 0.999506 0.862633 0.862438 0.727046 0.900603 0.420771 0.433346 0.627943 0.636642 0.505547 0.535374 0.947908 0.681983 0.634804 0.616268 0.780632 0.869134 0.575309 0.626355 0.590495 0.640307 0.586438 0.443206 0.466765 0.547695 0.856502 0.831083 0.663521 0.513759 0.476908 0.413998 0.939157 0.714217 0.634507 0.603785 0.634028 0.710785 0.777371 0.715052 0.786150 0.625466 0.921867 0.690900 0.766720 0.775998 0.770345 0.872193 0.614415 0.603622 0.877849 0.956365 0.788453 0.682078 0.787490 0.948736 0.778140 0.944947 0.912930 0.669317 0.752853 0.971328 0.634094 0.665468 0.734022 0.784711 0.818800 0.887092 0.582301 0.505028 0.795638 0.813210 0.876212 0.680929 0.757716 0.792567 0.658961 0.742225 0.581797 0.940703
0.528829 0.428117 0.645564 0.529400 0.995396 0.551993 0.332091 0.372541 0.620031 0.663969 0.705674 0.546064 0.799100 0.562297 0.996200 0.905081 0.793898 0.747829 0.497583 0.452517 0.831465 0.985430 0.775429 0.869899 0.994892 0.870496 0.619038 0.846372 0.765619 0.715208 0.720909 0.689882 0.418408 0.000000 0.636801 0.909778 0.957607 0.980294 0.955816 0.888451 0.852781 0.913844 0.423043 0.427143 0.564667 0.587693 0.554565 0.530783 0.901851 0.642630 0.566331 0.530432 0.625519 0.650312 0.706655 0.702244 0.689502 0.694590 0.500333 0.433294 0.415815 0.401652 0.759829 0.684335 0.842541 0.518740 0.391561 0.355584 0.993530 0.768306 0.488023 0.546022 0.649066 0.693027 0.869750 0.756674 0.598700 0.652245 0.873383 0.734460 0.775383 0.868181 0.893627 0.963760 0.880018 0.850051 0.868370 0.984478 0.841022 0.790748 0.584124 0.738679 0.571804 0.752124 0.920828 0.771023 0.652869 0.906404 0.449619 0.542568 0.512279 0.553007 0.697968 0.784600 0.513478 0.491202 0.627016 0.657440 0.782277 0.679520 0.649544 0.753243 0.560297 0.767239 0.577971 0.882023
0.902013 0.768981 0.504297 0.542922 0.999636 0.785623 0.599381 0.716099 0.808169 0.988717 0.853184 0.956783 0.835339 0.958604 0.930418 0.996104 0.926723 0.865846 0.835799 0.660782 0.718895 0.801403 0.627993 0.638368 0.678284 0.656567 0.952968 0.949182 0.854723 0.840918 0.632905 0.711960 0.548166 0.636801 0.000000 0.770985 0.824014 0.910630 0.825184 0.858593 0.688375 0.922495 0.605070 0.664505 0.821763 0.887881 0.863602 0.677265 0.831248 0.893067 0.818376 0.862230 0.780186 0.812108 0.745976 0.833589 0.926756 0.986436 0.929886 0.731070 0.855375 0.859471 0.799055 0.834599 0.622153 0.596865 0.461685 0.507271 0.823756 0.781629 0.511168 0.580342 0.739503 0.676092 0.871428 0.751037 0.711967 0.757710 0.897185 0.838305 0.913951 0.935388 0.992856 0.835028 0.827754 0.737669 0.891656 0.958410 0.956269 0.831664 0.604512 0.805553 0.600368 0.690651 0.775828 0.791560 0.750150 0.872506 0.810252 0.818017 0.834519 0.832193 0.924343 0.950706 0.842680 0.699922 0.960890 0.878654 0.839539 0.782214 0.790237 0.968633 0.907001 0.874773 0.684350 0.940759
0.767911 0.982938 0.733192 0.714036 0.763494 0.917719 0.993560 0.955323 0.902885 0.709188 0.688006 0.775378 0.653289 0.789624 0.848033 0.849195 0.770913 0.691687 0.928760 0.847203 0.700943 0.953612 0.796502 0.661444 0.611567 0.576275 0.907264 0.975827 0.633059 0.686219 0.669316 0.736134 0.888157 0.909778 0.770985 0.000000 0.785947 0.860987 0.780853 0.897509 0.888125 0.848225 0.910353 0.989768 0.861194 0.783892 0.940788 0.993012 0.665126 0.842719 0.945488 0.829707 0.978761 0.992334 0.956916 0.939968 0.845650 0.833856 0.727934 0.875746 0.821660 0.955610 0.646537 0.621768 0.765584 0.753269 0.786254 0.818172 0.951756 0.929781 0.753639 0.757026 0.749390 0.855329 0.907114 0.857566 0.944697 0.926889 0.851317 0.971838 0.839517 0.934398 0.962043 0.849289 0.925548 0.731532 0.810525 0.874379 0.963072 0.988951 0.909696 0.895612 0.791039 0.944882 0.947708 0.931526 0.846538 0.988439 0.858079 0.771165 0.959470 0.975144 0.908835 0.738179 0.904587 0.972692 0.982953 0.979451 0.902813 0.934432 0.981274 0.881229 0.711771 0.993944 0.977846 0.973829
0.846779 0.958655 0.498078 0.593356 0.995735 0.908940 0.967294 0.854556 0.853622 0.602508 0.622801 0.602833 0.835600 0.886727 0.963755 0.789879 0.793298 0.781509 0.970174 0.888580 0.640683 0.829959 0.481686 0.504361 0.441689 0.437941 0.681878 0.686939 0.647885 0.771119 0.529661 0.690368 0.803972 0.957607 0.824014 0.785947 0.000000 0.562628 0.642123 0.629461 0.684047 0.972728 0.758163 0.920384 0.894775 0.823399 0.787173 0.903621 0.820047 0.964089 0.985753 0.907437 0.871261 0.863267 0.752839 0.933372 0.997341 0.921296 0.796040 0.864657 0.831958 0.840666 0.600667 0.613857 0.488478 0.715180 0.824135 0.801832 0.746334 0.854988 0.751966 0.707871 0.706920 0.784171 0.877080 0.888338 0.930078 0.724567 0.845498 0.799138 0.944779 0.863031 0.753512 0.982715 0.570112 0.490799 0.961825 0.925481 0.804354 0.763119 0.888091 0.857699 0.972578 0.905408 0.928054 0.849246 0.905025 0.840488 0.857296 0.868129 0.874685 0.808778 0.909326 0.832681 0.990310 0.984321 0.971341 0.948947 0.889592 0.884582 0.934422 0.870834 0.787469 0.864578 0.978897 0.951592
0.799817 0.977516 0.738803 0.693974 0.833770 0.926415 0.955657 0.941022 0.797575 0.758309 0.736777 0.763425 0.660749 0.861971 0.770074 0.905707 0.808405 0.824549 0.828642 0.942411 0.798722 0.912218 0.804498 0.684177 0.539624 0.545236 0.873778 0.956996 0.720228 0.881562 0.628588 0.640697 0.999506 0.980294 0.910630 0.860987 0.562628 0.000000 0.586607 0.773951 0.874026 0.892968 0.876066 0.910567 0.905533 0.888595 0.750554 0.937864 0.847173 0.974318 0.940733 0.992913 0.917193 0.956452 0.897832 0.976089 0.884891 0.849494 0.812357 0.833365 0.793581 0.937421 0.650447 0.719879 0.774423 0.770472 0.888162 0.835711 0.860715 0.967145 0.828651 0.808190 0.574923 0.665963 0.833951 0.966818 0.952550 0.770377 0.784674 0.870907 0.976774 0.972704 0.808069 0.989075 0.779384 0.599263 0.996055 0.852328 0.889154 0.784589 0.950489 0.874552 0.950097 0.874206 0.877579 0.835966 0.960696 0.893323 0.825033 0.801677 0.991181 0.763075 0.977075 0.815444 0.970421 0.890212 0.918785 0.972332 0.976324 0.928556 0.969721 0.811787 0.845096 0.852744 0.979707 0.970903
