0.000000 0.165247 0.379643 0.444514 0.685134 0.779541 0.268861 0.363446 0.826467 0.669722 0.375783 0.302013 0.217270 0.340284 0.486518 0.562310 0.354445 0.334437 0.233726 0.256761 0.589488 0.950222 0.479558 0.573563 0.600583 0.748210 0.819059 0.856105 0.622728 0.608172 0.775354 0.906511 0.257309 0.263168 0.479208 0.897349 0.411780 0.594289 0.556147 0.721942 0.661652 0.849662 0.733905 0.676690 0.829503 0.743508 0.387118 0.416077 0.766553 0.530542 0.669026 0.574785 0.970503 0.691015 0.348193 0.475355 0.254510 0.180788 0.247602 0.304972 0.196799 0.308435 0.302136 0.324699 0.423629 0.292551 0.276687 0.381896 0.245018 0.260424 0.630198 0.883296 0.633693 0.714142 0.756796 0.879492 0.651710 0.852501 0.485833 0.475844 0.259046 0.231559 0.335126 0.318766 0.246551 0.315483 0.507845 0.573924 0.412497 0.402640 0.706651 0.590041 0.839842 0.732737 0.802694 0.900507 0.372706 0.888932 0.868333 0.930688 0.603785 0.866998 0.863383 0.845731 0.571353 0.475872 0.982943 0.933451 0.850030 0.640138 0.999491 0.732354 0.911315 0.892348 0.696114 0.906179
0.165247 0.000000 0.440870 0.457417 0.728107 0.795645 0.297606 0.299569 0.846421 0.743989 0.381471 0.251990 0.262306 0.316645 0.538916 0.589887 0.307104 0.285711 0.216363 0.215986 0.622705 0.903566 0.490243 0.589607 0.682904 0.858539 0.849225 0.898622 0.522223 0.507711 0.779018 0.820321 0.239705 0.254521 0.547522 0.904334 0.455075 0.572725 0.607835 0.730821 0.686129 0.748546 0.609715 0.581504 0.755095 0.676907 0.325866 0.371788 0.693249 0.477180 0.599049 0.517800 0.996563 0.754928 0.396636 0.503664 0.221553 0.153172 0.251238 0.304523 0.229142 0.314407 0.257361 0.261540 0.526282 0.353593 0.293149 0.369530 0.304221 0.296181 0.552232 0.792280 0.635647 0.702635 0.777872 0.810731 0.542825 0.718584 0.382762 0.430809 0.230436 0.235704 0.360681 0.372929 0.317492 0.373810 0.573516 0.601224 0.477062 0.447393 0.758454 0.676023 0.888156 0.738110 0.791380 0.859572 0.354506 0.859590 0.774026 0.828607 0.689202 0.907578 0.755178 0.765877 0.540303 0.459204 0.965634 0.971706 0.879794 0.625282 0.938469 0.681245 0.846386 0.867232 0.612610 0.855334
0.379643 0.440870 0.000000 0.229606 0.754069 0.872660 0.394900 0.604519 0.705502 0.523472 0.785070 0.661114 0.319612 0.615764 0.452393 0.505312 0.776085 0.758942 0.561478 0.562569 0.505703 0.867700 0.340107 0.324907 0.284833 0.349444 0.601905 0.682333 0.919664 0.901997 0.669988 0.850756 0.496602 0.593737 0.348527 0.870371 0.329262 0.485894 0.370946 0.678918 0.653698 0.893133 0.990657 0.964983 0.942302 0.998636 0.613537 0.609334 0.935655 0.679401 0.897108 0.725740 0.933329 0.710374 0.257565 0.537774 0.640380 0.474055 0.431476 0.410079 0.363751 0.461194 0.735548 0.752028 0.176657 0.212009 0.351548 0.454470 0.292250 0.392439 0.776297 0.982490 0.691006 0.760355 0.809060 0.986310 0.777106 0.889747 0.750160 0.800242 0.665989 0.520756 0.614270 0.474232 0.238367 0.223963 0.535963 0.634981 0.273697 0.310712 0.676743 0.602956 0.931542 0.905406 0.720599 0.973432 0.642316 0.981164 0.762105 0.724620 0.523903 0.747975 0.779724 0.794493 0.647636 0.633035 0.925993 0.920377 0.984698 0.837400 0.926316 0.936039 0.845632 0.880412 0.836533 0.907475
0.444514 0.457417 0.229606 0.000000 0.770898 0.863629 0.430416 0.496062 0.753723 0.585206 0.914723 0.627142 0.373782 0.556052 0.428368 0.434137 0.835580 0.754633 0.573076 0.563848 0.517448 0.953423 0.283884 0.249848 0.309321 0.430680 0.560469 0.718886 0.951741 0.914633 0.682796 0.992001 0.532957 0.602236 0.398535 0.765196 0.390060 0.463320 0.371766 0.648765 0.736264 0.792020 0.901099 0.897006 0.981511 0.914833 0.576322 0.553622 0.980730 0.663699 0.858045 0.721285 0.945260 0.721672 0.310131 0.596044 0.643370 0.475780 0.466106 0.453895 0.425760 0.472403 0.769103 0.745558 0.234806 0.256757 0.375939 0.463383 0.411855 0.474237 0.756323 0.990522 0.847420 0.888463 0.797173 0.993409 0.714918 0.951344 0.731704 0.829105 0.683969 0.574169 0.626842 0.491203 0.281717 0.226019 0.529894 0.629090 0.341172 0.282419 0.797025 0.677749 0.954316 0.965153 0.735519 0.940193 0.646659 0.972333 0.861543 0.845457 0.557631 0.697203 0.844137 0.871664 0.597463 0.545162 0.903325 0.964612 0.952210 0.780331 0.998931 0.984928 0.871934 0.912417 0.848341 0.927179
0.685134 0.728107 0.754069 0.770898 0.000000 0.940742 0.766219 0.799590 0.894730 0.866953 0.827783 0.775016 0.634903 0.808187 0.715769 0.742613 0.793595 0.833368 0.763497 0.780336 0.827649 0.761001 0.670887 0.747432 0.664387 0.758399 0.878002 0.837850 0.917774 0.926899 0.760317 0.985553 0.740647 0.746607 0.787690 0.907512 0.753723 0.825312 0.877844 0.789461 0.971501 0.976259 0.942094 0.941132 0.937355 0.993425 0.837101 0.773419 0.961707 0.926259 0.913993 0.903855 0.954201 0.780323 0.747516 0.854520 0.732372 0.751106 0.741156 0.765341 0.729404 0.763859 0.811527 0.785506 0.733092 0.717344 0.792306 0.814864 0.632694 0.647191 0.960027 0.909977 0.861661 0.984661 0.923843 0.899280 0.988624 0.982062 0.901647 0.797085 0.750094 0.781149 0.700843 0.770960 0.687624 0.700221 0.887765 0.804354 0.754507 0.742983 0.808271 0.829692 0.997608 0.823618 0.766588 0.998688 0.891863 0.933843 0.972093 0.924728 0.799093 0.907337 0.953650 0.945216 0.937055 0.767487 0.954349 0.956899 0.994433 0.987773 0.839806 0.920355 0.978798 0.898333 0.823429 0.983611
0.779541 0.795645 0.872660 0.863629 0.940742 0.000000 0.812644 0.843622 0.916124 0.985381 0.817156 0.806354 0.877772 0.841887 0.889370 0.832054 0.809441 0.728873 0.807021 0.852804 0.693999 0.900545 0.987180 0.902367 0.968401 0.961100 0.988529 0.715497 0.839337 0.850025 0.829093 0.907951 0.860972 0.817003 0.955534 0.685726 0.949063 0.903129 0.899748 0.719718 0.773339 0.845569 0.782337 0.782036 0.823786 0.832392 0.850732 0.981037 0.888425 0.942741 0.937796 0.905418 0.887763 0.719528 0.873158 0.869509 0.744655 0.801948 0.888361 0.924646 0.872557 0.911677 0.936318 0.965056 0.888271 0.785215 0.777302 0.811437 0.861000 0.890016 0.963816 0.945997 0.909691 0.993836 0.772675 0.971224 0.951128 0.995840 0.939512 0.797303 0.820809 0.759823 0.935931 0.844121 0.885083 0.830344 0.789672 0.913769 0.991115 0.855542 0.779624 0.915691 0.753551 0.818146 0.900752 0.955830 0.755378 0.670083 0.767529 0.770149 0.984259 0.989000 0.909011 0.897178 0.951859 0.875369 0.936868 0.934497 0.974843 0.872097 0.876880 0.874748 0.941257 0.996967 0.999307 0.709987
0.268861 0.297606 0.394900 0.430416 0.766219 0.812644 0.000000 0.276272 0.615401 0.936025 0.498143 0.428281 0.298109 0.352669 0.419275 0.522666 0.457435 0.420955 0.278058 0.340925 0.689014 0.994597 0.524376 0.579275 0.691157 0.722131 0.912482 0.909988 0.610200 0.677774 0.618901 0.765457 0.268448 0.254323 0.522134 0.839878 0.454581 0.510001 0.644912 0.784945 0.739775 0.729243 0.519883 0.467328 0.564299 0.505925 0.360930 0.351292 0.641212 0.465145 0.557261 0.505269 0.787248 0.946194 0.371887 0.459023 0.357344 0.305215 0.308287 0.402180 0.255872 0.374687 0.421519 0.421620 0.500923 0.359295 0.234902 0.279326 0.390229 0.427791 0.463623 0.701608 0.629627 0.558083 0.710015 0.802658 0.515821 0.721392 0.498706 0.546726 0.406353 0.401290 0.505504 0.438568 0.383578 0.423390 0.676871 0.670222 0.521786 0.547548 0.950983 0.847120 0.990052 0.946386 0.722805 0.858678 0.415769 0.934521 0.712146 0.746882 0.775170 0.894624 0.783822 0.709041 0.418144 0.497267 0.864515 0.927816 0.864456 0.671825 0.825702 0.645726 0.805745 0.771779 0.673117 0.950804
0.363446 0.299569 0.604519 0.496062 0.799590 0.843622 0.276272 0.000000 0.732054 0.932985 0.571560 0.345065 0.441498 0.326909 0.577542 0.557680 0.502265 0.457942 0.344751 0.380870 0.781160 0.973991 0.604038 0.659721 0.847215 0.909418 0.985670 0.966238 0.527762 0.590833 0.724509 0.690617 0.383782 0.306680 0.653211 0.773790 0.577522 0.588592 0.750421 0.776132 0.904202 0.696144 0.461235 0.449007 0.567696 0.473348 0.303185 0.342989 0.569834 0.430268 0.448680 0.423782 0.694574 0.966288 0.464036 0.536151 0.384292 0.329025 0.330703 0.397364 0.321648 0.308451 0.379827 0.328390 0.724718 0.504688 0.382884 0.381851 0.559651 0.476528 0.531715 0.736068 0.756252 0.701833 0.718187 0.729546 0.492048 0.672731 0.510520 0.548908 0.422721 0.495658 0.519715 0.534800 0.544227 0.544377 0.772516 0.715680 0.657120 0.605565 0.993797 0.841709 0.960396 0.817780 0.850664 0.780606 0.422289 0.889374 0.563337 0.569029 0.936333 0.970064 0.616665 0.649813 0.485814 0.474758 0.875075 0.775849 0.884862 0.676025 0.781565 0.548166 0.725243 0.796440 0.647093 0.848190
0.826467 0.846421 0.705502 0.753723 0.894730 0.916124 0.615401 0.732054 0.000000 0.858085 0.944971 0.968065 0.725265 0.906764 0.830507 0.964394 0.936227 0.999227 0.824930 0.880270 0.964768 0.951299 0.819218 0.793947 0.776781 0.690412 0.916062 0.970798 0.988380 0.922901 0.724044 0.964449 0.749330 0.817216 0.726339 0.948630 0.728369 0.730506 0.866146 0.903954 0.997716 0.815969 0.780311 0.782164 0.658862 0.716834 0.757990 0.711435 0.800717 0.673301 0.697618 0.687446 0.686358 0.773364 0.669340 0.666598 0.912243 0.879429 0.732932 0.842208 0.718490 0.786505 0.928236 0.943049 0.750978 0.764423 0.665476 0.627122 0.728638 0.845156 0.752306 0.796669 0.796266 0.735975 0.776198 0.990817 0.692665 0.955750 0.932980 0.960268 0.992204 0.995435 0.942284 0.878212 0.809443 0.803260 0.959567 0.825327 0.738647 0.835999 0.938067 0.949892 0.998214 0.889270 0.732690 0.930749 0.924330 0.965594 0.878777 0.897436 0.894246 0.922346 0.993895 0.808394 0.775343 0.749076 0.851924 0.942794 0.819723 0.979242 0.884149 0.865099 0.931640 0.974469 0.814903 0.964469
0.669722 0.743989 0.523472 0.585206 0.866953 0.985381 0.936025 0.932985 0.858085 0.000000 0.971967 0.902528 0.621427 0.844988 0.733974 0.739958 0.931519 0.925835 0.838992 0.795916 0.690839 0.986591 0.544417 0.500709 0.433604 0.592901 0.525301 0.716496 0.742657 0.834362 0.919317 0.747159 0.808134 0.973700 0.571112 0.989809 0.595059 0.848311 0.464569 0.835534 0.782072 0.921688 0.584074 0.639044 0.480421 0.519994 0.952129 0.954233 0.541499 0.864650 0.673097 0.829987 0.583906 0.464422 0.610230 0.864500 0.842270 0.726042 0.867305 0.809137 0.788381 0.866144 0.953883 0.987675 0.425434 0.536568 0.826128 0.952881 0.578961 0.710023 0.933767 0.728116 0.879121 0.798111 0.964486 0.797843 0.832166 0.699677 0.896273 0.989960 0.798888 0.620328 0.639527 0.579484 0.425026 0.441489 0.661388 0.644776 0.544273 0.439018 0.472587 0.485734 0.781571 0.741408 0.994487 0.812402 0.959514 0.814719 0.460766 0.437634 0.443685 0.596845 0.507524 0.520527 0.909631 0.977979 0.881312 0.729769 0.916278 0.990518 0.626481 0.747422 0.642758 0.752076 0.869703 0.921543
0.375783 0.381471 0.785070 0.914723 0.827783 0.817156 0.498143 0.571560 0.944971 0.971967 0.000000 0.352836 0.559477 0.499055 0.813240 0.866590 0.369155 0.318367 0.377820 0.372057 0.807730 0.845148 0.939701 0.979954 0.913870 0.821713 0.805032 0.833159 0.482022 0.388050 0.980658 0.777460 0.453510 0.346725 0.828785 0.974407 0.788754 0.853362 0.931776 0.958380 0.750270 0.878395 0.696919 0.668327 0.691089 0.707970 0.607245 0.642545 0.652249 0.693646 0.759365 0.752839 0.933502 0.799459 0.744573 0.715670 0.357263 0.405788 0.531504 0.594482 0.469450 0.592546 0.358931 0.396912 0.892807 0.681482 0.537763 0.534182 0.552156 0.562798 0.727213 0.773623 0.653615 0.585962 0.771006 0.853735 0.764262 0.760815 0.549136 0.468336 0.326146 0.383009 0.590530 0.571830 0.671046 0.764661 0.762518 0.838784 0.801546 0.833953 0.882801 0.827679 0.965390 0.818867 0.891403 0.955438 0.528917 0.852464 0.650809 0.782941 0.908334 0.892334 0.642034 0.697281 0.698893 0.672907 0.829768 0.916115 0.725569 0.730948 0.914849 0.733658 0.810079 0.825645 0.766279 0.911366
0.302013 0.251990 0.661114 0.627142 0.775016 0.806354 0.428281 0.345065 0.968065 0.902528 0.352836 0.000000 0.409831 0.297965 0.578715 0.568298 0.368611 0.286634 0.274748 0.274018 0.703865 0.878692 0.602992 0.701574 0.875071 0.914260 0.939923 0.941274 0.434690 0.399916 0.868975 0.719735 0.367434 0.314280 0.729771 0.857042 0.620297 0.658607 0.848904 0.799706 0.857450 0.808049 0.626414 0.649558 0.762487 0.722377 0.463805 0.524726 0.727601 0.622453 0.681677 0.659969 0.956928 0.746955 0.619873 0.627791 0.277484 0.286776 0.423362 0.478662 0.318634 0.315370 0.296244 0.245969 0.738891 0.511154 0.501606 0.480947 0.497509 0.433851 0.644611 0.776707 0.622907 0.656557 0.794489 0.779663 0.675362 0.642231 0.441956 0.406528 0.279467 0.342860 0.514539 0.491477 0.506640 0.539323 0.692609 0.709888 0.674819 0.616426 0.795680 0.669109 0.871818 0.626855 0.924107 0.769688 0.450857 0.821298 0.692742 0.731763 0.828472 0.964306 0.599618 0.711547 0.552913 0.502885 0.903175 0.922669 0.839147 0.633892 0.874331 0.633776 0.755916 0.801127 0.650792 0.867127
0.217270 0.262306 0.319612 0.373782 0.634903 0.877772 0.298109 0.441498 0.725265 0.621427 0.559477 0.409831 0.000000 0.383184 0.361623 0.403560 0.433523 0.469703 0.308010 0.333311 0.539239 0.972872 0.308160 0.428639 0.499965 0.669243 0.741795 0.763411 0.717840 0.729254 0.592463 0.922523 0.295578 0.349941 0.498601 0.910308 0.355874 0.552224 0.512375 0.690943 0.627602 0.880099 0.775495 0.701070 0.920051 0.797866 0.451452 0.443275 0.886180 0.552255 0.704095 0.583238 0.998551 0.778327 0.373356 0.519663 0.374199 0.271938 0.311853 0.334183 0.218847 0.323154 0.390403 0.390040 0.348438 0.279518 0.344062 0.464738 0.271760 0.310244 0.591121 0.865090 0.595249 0.649903 0.752752 0.819334 0.614484 0.820313 0.542292 0.496197 0.373403 0.323722 0.415863 0.356895 0.229773 0.281506 0.507725 0.535459 0.392943 0.384703 0.626025 0.599030 0.745935 0.742097 0.794891 0.973138 0.477463 0.969986 0.988486 0.967011 0.566883 0.822871 0.932769 0.893333 0.586252 0.455702 0.948176 0.867438 0.997901 0.785815 0.967682 0.813404 0.927856 0.983935 0.694677 0.938444
0.340284 0.316645 0.615764 0.556052 0.808187 0.841887 0.352669 0.326909 0.906764 0.844988 0.499055 0.297965 0.383184 0.000000 0.502091 0.467053 0.404086 0.321221 0.235623 0.294706 0.721859 0.863995 0.505658 0.526919 0.825060 0.950354 0.786794 0.980163 0.451965 0.435033 0.739844 0.613698 0.367803 0.320118 0.604178 0.791508 0.646209 0.531983 0.745001 0.775569 0.909641 0.749218 0.644999 0.607981 0.773125 0.695243 0.477389 0.528794 0.806117 0.708367 0.749856 0.727623 0.964839 0.768094 0.602599 0.621630 0.305863 0.345023 0.487941 0.568078 0.399122 0.426229 0.401940 0.350222 0.682353 0.488842 0.458629 0.529873 0.550427 0.566135 0.552639 0.703066 0.709081 0.749305 0.779091 0.731748 0.681104 0.610923 0.449642 0.443588 0.320622 0.343250 0.436338 0.438419 0.475846 0.479947 0.684083 0.586906 0.665925 0.613072 0.808546 0.718535 0.846609 0.768030 0.968598 0.806774 0.477738 0.903901 0.763561 0.732803 0.751138 0.954252 0.712171 0.715584 0.557971 0.572425 0.989983 0.927619 0.909105 0.681184 0.887022 0.644356 0.803563 0.843486 0.810897 0.885689
0.486518 0.538916 0.452393 0.428368 0.715769 0.889370 0.419275 0.577542 0.830507 0.733974 0.813240 0.578715 0.361623 0.502091 0.000000 0.293595 0.661283 0.609755 0.499933 0.545000 0.620885 0.909619 0.334200 0.386342 0.561808 0.718791 0.736004 0.768911 0.760253 0.815926 0.560590 0.780748 0.474758 0.543080 0.666833 0.886789 0.533641 0.558174 0.648112 0.910571 0.724233 0.774921 0.811393 0.784167 0.908645 0.877495 0.605271 0.603697 0.987260 0.780336 0.926599 0.822286 0.974042 0.764990 0.530128 0.715445 0.541342 0.495451 0.591990 0.618206 0.450052 0.487244 0.617203 0.580213 0.460970 0.431381 0.568716 0.615319 0.520570 0.587314 0.625282 0.888128 0.789533 0.805576 0.912604 0.805444 0.806029 0.826103 0.666283 0.602914 0.535297 0.490752 0.596169 0.460613 0.413954 0.421509 0.560211 0.525448 0.542015 0.490603 0.803439 0.786497 0.881657 0.855919 0.818088 0.983653 0.581696 0.939251 0.975749 0.932685 0.752482 0.956355 0.965202 0.946897 0.653112 0.689144 0.972470 0.944677 0.993645 0.935849 0.914970 0.856481 0.955978 0.930165 0.921238 0.910977
0.562310 0.589887 0.505312 0.434137 0.742613 0.832054 0.522666 0.557680 0.964394 0.739958 0.866590 0.568298 0.403560 0.467053 0.293595 0.000000 0.770171 0.693656 0.564766 0.609764 0.581508 0.926072 0.349297 0.358090 0.531603 0.704159 0.713468 0.799546 0.827055 0.882583 0.595356 0.769032 0.569147 0.570027 0.643180 0.804044 0.536413 0.599242 0.643411 0.717058 0.719248 0.903846 0.833392 0.787544 0.964145 0.933208 0.591263 0.653876 0.911094 0.911903 0.993380 0.907036 0.938908 0.730576 0.595564 0.797614 0.611075 0.567695 0.629714 0.612377 0.488981 0.488635 0.714872 0.639808 0.513769 0.437207 0.639898 0.721320 0.588235 0.589962 0.735519 0.891676 0.817151 0.791863 0.881096 0.693773 0.840447 0.828176 0.740449 0.675321 0.650317 0.581303 0.659064 0.527207 0.484559 0.401883 0.664355 0.630864 0.554074 0.508504 0.774781 0.729090 0.915176 0.830365 0.921331 0.975947 0.691738 0.938927 0.972953 0.967891 0.769342 0.847627 0.940956 0.962958 0.717537 0.626523 0.934430 0.911695 0.968491 0.975593 0.930646 0.830505 0.878922 0.997984 0.885203 0.926055
0.354445 0.307104 0.776085 0.835580 0.793595 0.809441 0.457435 0.502265 0.936227 0.931519 0.369155 0.368611 0.433523 0.404086 0.661283 0.770171 0.000000 0.230227 0.264318 0.287023 0.881379 0.882560 0.712547 0.861489 0.998254 0.858103 0.983960 0.942130 0.352054 0.322372 0.776820 0.633114 0.310773 0.313352 0.846425 0.979853 0.693198 0.797047 0.945689 0.844859 0.710763 0.728986 0.525432 0.474634 0.683254 0.637855 0.482342 0.511068 0.667205 0.638662 0.663498 0.655928 0.964212 0.880350 0.711236 0.639949 0.215751 0.283690 0.500843 0.548514 0.446997 0.533005 0.247036 0.254187 0.850827 0.663255 0.535068 0.556459 0.526967 0.536326 0.504169 0.659434 0.640196 0.690435 0.826864 0.734956 0.608910 0.535674 0.364648 0.331430 0.199087 0.273579 0.416104 0.468039 0.567510 0.680079 0.793769 0.614736 0.756203 0.747862 0.863569 0.880393 0.834686 0.744879 0.950334 0.939933 0.465163 0.844989 0.639684 0.712634 0.883589 0.820246 0.568993 0.558138 0.677496 0.653768 0.953715 0.938586 0.882762 0.671169 0.905791 0.633987 0.769160 0.790650 0.666245 0.900825
0.334437 0.285711 0.758942 0.754633 0.833368 0.728873 0.420955 0.457942 0.999227 0.925835 0.318367 0.286634 0.469703 0.321221 0.609755 0.693656 0.230227 0.000000 0.247172 0.202872 0.774211 0.831620 0.709794 0.776014 0.977563 0.870694 0.957445 0.961663 0.331495 0.285227 0.842006 0.583101 0.306075 0.274344 0.788572 0.876973 0.698671 0.624457 0.886361 0.883504 0.707547 0.671612 0.523139 0.507437 0.649210 0.659767 0.515553 0.554291 0.699550 0.733961 0.797506 0.811825 0.853523 0.693804 0.711934 0.673707 0.166242 0.254106 0.533707 0.635484 0.474239 0.565867 0.309884 0.293674 0.816537 0.612787 0.481948 0.496395 0.504314 0.525963 0.513288 0.600974 0.694252 0.661492 0.846018 0.773070 0.680383 0.530363 0.341431 0.295769 0.191475 0.233499 0.440792 0.477987 0.551485 0.621995 0.735835 0.645281 0.738154 0.715912 0.972360 0.890693 0.970194 0.870004 0.956762 0.787161 0.413283 0.813553 0.614914 0.647797 0.900645 0.872680 0.529783 0.587626 0.559030 0.609432 0.939685 0.917086 0.866154 0.609570 0.831899 0.604349 0.844217 0.771349 0.780050 0.875919
0.233726 0.216363 0.561478 0.573076 0.763497 0.807021 0.278058 0.344751 0.824930 0.838992 0.377820 0.274748 0.308010 0.235623 0.499933 0.564766 0.264318 0.247172 0.000000 0.235440 0.684771 0.873593 0.559433 0.646543 0.837383 0.981517 0.868611 0.960892 0.406101 0.409156 0.727577 0.662895 0.263441 0.227439 0.598158 0.888753 0.585116 0.592279 0.728727 0.737819 0.768432 0.745491 0.563577 0.522557 0.675742 0.622150 0.390538 0.420260 0.693754 0.581916 0.631715 0.598218 0.989377 0.809820 0.512630 0.565398 0.212668 0.242617 0.350759 0.440235 0.297788 0.415016 0.272911 0.282449 0.650095 0.453920 0.332582 0.414138 0.424950 0.460582 0.455777 0.709710 0.635718 0.673710 0.797062 0.750132 0.587739 0.615274 0.392358 0.392536 0.233223 0.274279 0.428418 0.417922 0.428556 0.488246 0.698495 0.592624 0.632108 0.628278 0.814484 0.772481 0.856257 0.759748 0.866443 0.828727 0.375652 0.880080 0.708078 0.706899 0.724907 0.941975 0.694484 0.623158 0.521779 0.492863 0.987985 0.973058 0.861840 0.598267 0.896793 0.604547 0.784094 0.809168 0.630875 0.922278
0.256761 0.215986 0.562569 0.563848 0.780336 0.852804 0.340925 0.380870 0.880270 0.795916 0.372057 0.274018 0.333311 0.294706 0.545000 0.609764 0.287023 0.202872 0.235440 0.000000 0.674244 0.817944 0.547259 0.636539 0.773196 0.920889 0.856358 0.996606 0.464781 0.409042 0.678393 0.683181 0.243456 0.275236 0.621486 0.875389 0.531724 0.503157 0.714226 0.798388 0.716428 0.660565 0.595282 0.572356 0.757057 0.753585 0.473756 0.527097 0.797975 0.647625 0.743929 0.711218 0.896841 0.716278 0.560353 0.625497 0.184900 0.207779 0.433284 0.512614 0.349165 0.431550 0.321329 0.292005 0.617985 0.443106 0.386411 0.437764 0.366149 0.407360 0.446737 0.588853 0.636556 0.626974 0.793049 0.790515 0.552819 0.590095 0.383013 0.354219 0.225298 0.230777 0.419091 0.425002 0.391992 0.458827 0.685182 0.647492 0.594079 0.567044 0.820411 0.762882 0.937084 0.834374 0.920949 0.841952 0.396769 0.939661 0.775946 0.789455 0.748021 0.939377 0.637673 0.712668 0.490880 0.532339 0.963129 0.975555 0.858674 0.666501 0.899327 0.686468 0.918504 0.812625 0.718430 0.850492
0.589488 0.622705 0.505703 0.517448 0.827649 0.693999 0.689014 0.781160 0.964768 0.690839 0.807730 0.703865 0.539239 0.721859 0.620885 0.581508 0.881379 0.774211 0.684771 0.674244 0.000000 0.862648 0.612954 0.543739 0.590882 0.653383 0.732152 0.630909 0.998558 0.992897 0.922184 0.957357 0.726209 0.706641 0.584105 0.706731 0.600830 0.603309 0.590975 0.750394 0.735329 0.999430 0.961731 0.952901 0.951910 0.984420 0.786168 0.907276 0.922617 0.924658 0.967899 0.974994 0.759148 0.642242 0.587087 0.889983 0.715904 0.644281 0.679236 0.683293 0.589139 0.642320 0.887116 0.871349 0.476323 0.434623 0.596548 0.762603 0.536223 0.625653 0.873315 0.961168 0.881149 0.943480 0.965466 0.953203 0.828920 0.957388 0.988965 0.767747 0.782436 0.645738 0.737036 0.708588 0.528751 0.457384 0.700414 0.758966 0.604551 0.587554 0.793568 0.678972 0.992362 0.946114 0.784119 0.905155 0.771497 0.920686 0.878174 0.864958 0.703571 0.793301 0.930285 0.818951 0.907922 0.799356 0.952552 0.823355 0.937737 0.991106 0.926364 0.919533 0.881312 0.913496 0.904002 0.951156
0.950222 0.903566 0.867700 0.953423 0.761001 0.900545 0.994597 0.973991 0.951299 0.986591 0.845148 0.878692 0.972872 0.863995 0.909619 0.926072 0.882560 0.831620 0.873593 0.817944 0.862648 0.000000 0.972601 0.972712 0.960429 0.915184 0.914525 0.940187 0.814187 0.768564 0.903479 0.786220 0.917160 0.903450 0.923264 0.861025 0.962395 0.997584 0.896713 0.821131 0.914566 0.966291 0.783268 0.834424 0.913428 0.975474 0.908417 0.937471 0.969103 0.979580 0.946642 0.959633 0.840441 0.898916 0.861219 0.980029 0.822313 0.920119 0.965641 0.943812 0.970747 0.901168 0.976075 0.950724 0.925642 0.972802 0.959570 0.979964 0.891802 0.911096 0.962809 0.992879 0.997462 0.905197 0.990714 0.998389 0.898670 0.763964 0.910837 0.990979 0.903693 0.952619 0.968842 0.981826 0.959516 0.975178 0.986271 0.894420 0.937977 0.983375 0.972919 0.892550 0.837870 0.877768 0.839916 0.890687 0.985838 0.940148 0.938670 0.910942 0.963889 0.971358 0.854237 0.916386 0.984895 0.863665 0.937882 0.984007 0.872180 0.936758 0.965341 0.994343 0.907662 0.926968 0.938468 0.908714
0.479558 0.490243 0.340107 0.283884 0.670887 0.987180 0.524376 0.604038 0.819218 0.544417 0.939701 0.602992 0.308160 0.505658 0.334200 0.349297 0.712547 0.709794 0.559433 0.547259 0.612954 0.972601 0.000000 0.208734 0.332937 0.536647 0.477938 0.739132 0.921559 0.944735 0.505276 0.931359 0.522160 0.655952 0.556369 0.887975 0.401317 0.502374 0.511070 0.752472 0.758992 0.829552 0.946281 0.925197 0.840270 0.944813 0.631767 0.636566 0.846405 0.760457 0.945128 0.799194 0.871754 0.711006 0.481220 0.722885 0.597547 0.501465 0.592028 0.563947 0.478531 0.486512 0.688434 0.629395 0.318802 0.349528 0.554235 0.660173 0.431743 0.485397 0.692134 0.893034 0.805644 0.900097 0.796204 0.905990 0.811763 0.938171 0.667379 0.712218 0.604946 0.539103 0.545799 0.494147 0.285071 0.260792 0.490701 0.536925 0.395116 0.327797 0.678293 0.645862 0.863749 0.814030 0.811085 0.972583 0.695717 0.943420 0.816438 0.829569 0.518607 0.731158 0.894578 0.934996 0.655144 0.636705 0.964396 0.906847 0.893569 0.853252 0.933450 0.999507 0.913862 0.914182 0.866902 0.995298
0.573563 0.589607 0.324907 0.249848 0.747432 0.902367 0.579275 0.659721 0.793947 0.500709 0.979954 0.701574 0.428639 0.526919 0.386342 0.358090 0.861489 0.776014 0.646543 0.636539 0.543739 0.972712 0.208734 0.000000 0.279833 0.443918 0.440922 0.689858 0.956936 0.936770 0.629076 0.961057 0.629487 0.715119 0.465316 0.745489 0.447809 0.456240 0.452924 0.722417 0.786879 0.818655 0.955268 0.987978 0.817702 0.881545 0.705086 0.738882 0.765521 0.928666 0.874176 0.987364 0.750470 0.577515 0.448347 0.701078 0.680784 0.583993 0.699867 0.689301 0.578304 0.594507 0.885344 0.816837 0.293927 0.339929 0.589670 0.690037 0.494036 0.591416 0.807628 0.946291 0.967544 0.977652 0.875849 0.992821 0.922614 0.988722 0.770560 0.813839 0.719402 0.585477 0.595506 0.486246 0.323232 0.242939 0.561211 0.536426 0.396034 0.312229 0.715079 0.611094 0.973342 0.879256 0.834802 0.946439 0.772007 0.952039 0.771126 0.766418 0.545664 0.689454 0.776420 0.819880 0.731434 0.734411 0.987142 0.819040 0.863247 0.921026 0.894062 0.940422 0.803723 0.825194 0.984647 0.963441
0.600583 0.682904 0.284833 0.309321 0.664387 0.968401 0.691157 0.847215 0.776781 0.433604 0.913870 0.875071 0.499965 0.825060 0.561808 0.531603 0.998254 0.977563 0.837383 0.773196 0.590882 0.960429 0.332937 0.279833 0.000000 0.256904 0.438138 0.613308 0.686082 0.669580 0.671314 0.785535 0.719806 0.865926 0.434291 0.824292 0.389918 0.574633 0.403806 0.663002 0.725030 0.942406 0.780836 0.832910 0.658677 0.727642 0.821761 0.803573 0.656020 0.974855 0.828223 0.997931 0.754570 0.573579 0.395371 0.709002 0.839424 0.687573 0.714221 0.660734 0.624075 0.666669 0.969152 0.998546 0.205054 0.334447 0.646321 0.747936 0.427514 0.493440 0.996940 0.917822 0.916504 0.996231 0.913043 0.883232 0.992664 0.758070 0.945417 0.993385 0.877446 0.694809 0.675873 0.539868 0.311531 0.262059 0.546501 0.654171 0.318761 0.280919 0.711800 0.583336 0.985678 0.905634 0.801592 0.964829 0.891323 0.909687 0.562241 0.546481 0.477882 0.637592 0.598740 0.634866 0.844021 0.803617 0.923794 0.843108 0.946851 0.998886 0.752744 0.762378 0.693762 0.738895 0.980256 0.930895
0.748210 0.858539 0.349444 0.430680 0.758399 0.961100 0.722131 0.909418 0.690412 0.592901 0.821713 0.914260 0.669243 0.950354 0.718791 0.704159 0.858103 0.870694 0.981517 0.920889 0.653383 0.915184 0.536647 0.443918 0.256904 0.000000 0.524308 0.597765 0.593562 0.540052 0.702156 0.799196 0.820190 0.983546 0.517441 0.787715 0.505222 0.618134 0.476167 0.651567 0.827997 0.974584 0.810581 0.844926 0.765913 0.796514 0.868975 0.919874 0.704350 0.971179 0.878069 0.977651 0.892747 0.781869 0.425161 0.720775 0.978173 0.862830 0.782813 0.753609 0.752470 0.824228 0.815462 0.809590 0.298462 0.425589 0.658653 0.754059 0.521661 0.651591 0.968006 0.972242 0.949907 0.954160 0.905359 0.808061 0.993315 0.665096 0.915994 0.873994 0.917689 0.889504 0.847263 0.744607 0.477871 0.386939 0.757879 0.833521 0.421046 0.441727 0.876536 0.758888 0.895695 0.923766 0.716895 0.929052 0.996431 0.919605 0.603012 0.600463 0.622094 0.763466 0.594415 0.578131 0.931280 0.878176 0.869749 0.822520 0.886736 0.975121 0.851236 0.750014 0.693915 0.790915 0.930844 0.786758
0.819059 0.849225 0.601905 0.560469 0.878002 0.988529 0.912482 0.985670 0.916062 0.525301 0.805032 0.939923 0.741795 0.786794 0.736004 0.713468 0.983960 0.957445 0.868611 0.856358 0.732152 0.914525 0.477938 0.440922 0.438138 0.524308 0.000000 0.692331 0.798124 0.814663 0.835650 0.917861 0.857151 0.975178 0.668230 0.826550 0.774237 0.626402 0.683795 0.912235 0.978108 0.881117 0.764178 0.759226 0.613117 0.640563 0.995522 0.927891 0.542783 0.844166 0.735816 0.829037 0.606039 0.608952 0.733215 0.984897 0.909074 0.880722 0.991532 0.937542 0.909746 0.910112 0.904662 0.950526 0.513912 0.599476 0.821677 0.964882 0.684732 0.772056 0.958350 0.984662 0.988237 0.850468 0.886894 0.938410 0.864531 0.803425 0.911928 0.976176 0.951072 0.821343 0.807144 0.798145 0.581803 0.509616 0.770163 0.764257 0.626809 0.542765 0.835370 0.719931 0.953835 0.918547 0.989487 0.973284 0.910941 0.968394 0.668423 0.656289 0.614038 0.749830 0.697736 0.725677 0.922063 0.970736 0.953328 0.773840 0.848977 0.999049 0.850809 0.767752 0.688226 0.794329 0.869805 0.790453
0.856105 0.898622 0.682333 0.718886 0.837850 0.715497 0.909988 0.966238 0.970798 0.716496 0.833159 0.941274 0.763411 0.980163 0.768911 0.799546 0.942130 0.961663 0.960892 0.996606 0.630909 0.940187 0.739132 0.689858 0.613308 0.597765 0.692331 0.000000 0.887381 0.781376 0.828000 0.882906 0.936229 0.976947 0.866383 0.726618 0.740235 0.972461 0.789034 0.771065 0.871579 0.957973 0.988900 0.977018 0.797832 0.915842 0.900082 0.905988 0.850560 0.979323 0.950042 0.984544 0.921777 0.844969 0.752862 0.926707 0.923317 0.885161 0.854150 0.788331 0.892143 0.933375 0.917125 0.914926 0.642045 0.708530 0.860798 0.971632 0.774397 0.723387 0.909069 0.843999 0.924571 0.818147 0.889140 0.965186 0.882953 0.907863 0.983202 0.999077 0.996507 0.901117 0.925960 0.921507 0.742067 0.684772 0.916537 0.989993 0.774453 0.708937 0.875668 0.890718 0.962064 0.989485 0.805238 0.791209 0.925231 0.920638 0.802036 0.766995 0.798492 0.822882 0.763893 0.768474 0.870714 0.943404 0.841131 0.914283 0.853522 0.955775 0.821306 0.809716 0.952416 0.950848 0.909209 0.771402
0.622728 0.522223 0.919664 0.951741 0.917774 0.839337 0.610200 0.527762 0.988380 0.742657 0.482022 0.434690 0.717840 0.451965 0.760253 0.827055 0.352054 0.331495 0.406101 0.464781 0.998558 0.814187 0.921559 0.956936 0.686082 0.593562 0.798124 0.887381 0.000000 0.201598 0.782491 0.399252 0.509135 0.431291 0.921270 0.982693 0.928914 0.909371 0.803344 0.985663 0.944489 0.816223 0.383197 0.390437 0.520203 0.525820 0.601595 0.613264 0.581287 0.703077 0.628435 0.719150 0.824412 0.939475 0.985216 0.830188 0.370334 0.532745 0.663912 0.769250 0.667261 0.691079 0.352974 0.330806 0.791995 0.960357 0.725477 0.688692 0.851845 0.829034 0.506076 0.588109 0.750247 0.687484 0.915725 0.697331 0.645002 0.387697 0.418004 0.362020 0.374378 0.554085 0.674137 0.759878 0.938903 0.998136 0.959003 0.857233 0.942064 0.906644 0.943155 0.886285 0.921880 0.801783 0.900114 0.829430 0.471640 0.908406 0.480235 0.437093 0.813816 0.714310 0.408297 0.393224 0.670518 0.721657 0.973701 0.937734 0.827058 0.689102 0.749290 0.562550 0.614050 0.714325 0.748561 0.904614
0.608172 0.507711 0.901997 0.914633 0.926899 0.850025 0.677774 0.590833 0.922901 0.834362 0.388050 0.399916 0.729254 0.435033 0.815926 0.882583 0.322372 0.285227 0.409156 0.409042 0.992897 0.768564 0.944735 0.936770 0.669580 0.540052 0.814663 0.781376 0.201598 0.000000 0.878394 0.462224 0.524662 0.469288 0.937373 0.995819 0.975827 0.891807 0.797849 0.971737 0.919637 0.801843 0.520451 0.519958 0.633338 0.663524 0.689381 0.715577 0.671631 0.801451 0.755595 0.840689 0.979313 0.919168 0.942217 0.910661 0.347080 0.519205 0.728828 0.811879 0.695943 0.721262 0.357635 0.336656 0.791520 0.962208 0.765804 0.741248 0.831972 0.837181 0.576211 0.619269 0.725489 0.699652 0.876345 0.686388 0.749493 0.426371 0.418879 0.353327 0.339182 0.485941 0.638964 0.725006 0.915649 0.997538 0.926846 0.803210 0.925300 0.931092 0.974533 0.963522 0.897104 0.802087 0.969202 0.872180 0.528745 0.864643 0.553639 0.545120 0.910740 0.762754 0.419750 0.452472 0.698878 0.718616 0.870294 0.972482 0.855074 0.729211 0.778451 0.613399 0.722756 0.748562 0.787623 0.856731
0.775354 0.779018 0.669988 0.682796 0.760317 0.829093 0.618901 0.724509 0.724044 0.919317 0.980658 0.868975 0.592463 0.739844 0.560590 0.595356 0.776820 0.842006 0.727577 0.678393 0.922184 0.903479 0.505276 0.629076 0.671314 0.702156 0.835650 0.828000 0.782491 0.878394 0.000000 0.668762 0.632289 0.760983 0.859490 0.954745 0.547732 0.728379 0.846694 0.861748 0.838516 0.877742 0.739770 0.680505 0.972503 0.926407 0.779705 0.742935 0.908696 0.799914 0.827322 0.786082 0.789164 0.893440 0.759381 0.855449 0.734848 0.756137 0.782391 0.745651 0.715957 0.724496 0.787158 0.723945 0.731934 0.719168 0.808164 0.802644 0.698949 0.742882 0.564556 0.715410 0.676992 0.727671 0.795900 0.794083 0.678721 0.690719 0.743526 0.743130 0.797679 0.815411 0.824075 0.822339 0.704828 0.693868 0.948998 0.925802 0.755603 0.809002 0.812976 0.954862 0.825747 0.889222 0.825848 0.902163 0.803613 0.679640 0.915172 0.999591 0.823382 0.986835 0.874838 0.825307 0.717494 0.858697 0.827500 0.918784 0.899936 0.859275 0.934071 0.950917 0.993738 0.942272 0.950780 0.962137
0.906511 0.820321 0.850756 0.992001 0.985553 0.907951 0.765457 0.690617 0.964449 0.747159 0.777460 0.719735 0.922523 0.613698 0.780748 0.769032 0.633114 0.583101 0.662895 0.683181 0.957357 0.786220 0.931359 0.961057 0.785535 0.799196 0.917861 0.882906 0.399252 0.462224 0.668762 0.000000 0.685344 0.644251 0.829998 0.900596 0.984114 0.885904 0.824612 0.907432 0.997389 0.785028 0.528535 0.482804 0.675075 0.702725 0.783861 0.853638 0.844936 0.947297 0.908372 0.974472 0.927598 0.964598 0.997101 0.977288 0.588715 0.779728 0.967896 0.962292 0.943235 0.939786 0.718404 0.670058 0.779089 0.983165 0.927522 0.859046 0.988639 0.898198 0.676241 0.634748 0.965866 0.871601 0.913375 0.774598 0.808533 0.518384 0.661242 0.665288 0.628756 0.746713 0.855045 0.796541 0.958505 0.982394 0.876802 0.897908 0.920182 0.936275 0.757052 0.797232 0.879300 0.991966 0.900568 0.886116 0.790396 0.874750 0.611869 0.506748 0.783231 0.694491 0.531206 0.547916 0.829981 0.905983 0.989622 0.980050 0.898913 0.831861 0.753171 0.649576 0.771610 0.778967 0.919115 0.976703
0.257309 0.239705 0.496602 0.532957 0.740647 0.860972 0.268448 0.383782 0.749330 0.808134 0.453510 0.367434 0.295578 0.367803 0.474758 0.569147 0.310773 0.306075 0.263441 0.243456 0.726209 0.917160 0.522160 0.629487 0.719806 0.820190 0.857151 0.936229 0.509135 0.524662 0.632289 0.685344 0.000000 0.245171 0.637802 0.947926 0.473208 0.594961 0.694804 0.784618 0.614698 0.738101 0.528846 0.494825 0.695578 0.646095 0.392822 0.436437 0.717303 0.560931 0.655598 0.614262 0.934081 0.826641 0.460901 0.502816 0.235890 0.231575 0.382591 0.461111 0.315250 0.414558 0.300362 0.328931 0.568900 0.421005 0.340168 0.368912 0.365668 0.429358 0.437355 0.692891 0.631627 0.653088 0.700147 0.755800 0.510325 0.680195 0.363099 0.420712 0.260690 0.285972 0.407978 0.397587 0.370851 0.427121 0.687208 0.589972 0.531815 0.566197 0.888690 0.790518 0.966304 0.814864 0.862356 0.923336 0.432923 0.972599 0.762520 0.789046 0.799985 0.910442 0.736598 0.688163 0.533976 0.513560 0.974811 0.955055 0.973970 0.638875 0.871597 0.631630 0.847865 0.761504 0.691641 0.924766
0.263168 0.254521 0.593737 0.602236 0.746607 0.817003 0.254323 0.306680 0.817216 0.973700 0.346725 0.314280 0.349941 0.320118 0.543080 0.570027 0.313352 0.274344 0.227439 0.275236 0.706641 0.903450 0.655952 0.715119 0.865926 0.983546 0.975178 0.976947 0.431291 0.469288 0.760983 0.644251 0.245171 0.000000 0.636314 0.872582 0.573437 0.659437 0.755473 0.754807 0.646598 0.778573 0.502750 0.444617 0.592388 0.519798 0.368803 0.410905 0.576564 0.531103 0.576868 0.573233 0.899285 0.865109 0.502541 0.469942 0.239751 0.242186 0.331665 0.414077 0.281133 0.357870 0.278978 0.278314 0.692429 0.492929 0.347576 0.375868 0.433903 0.435839 0.533405 0.734704 0.640153 0.580247 0.773937 0.757214 0.563030 0.606232 0.439208 0.423920 0.251183 0.305702 0.416088 0.411325 0.472063 0.527343 0.703305 0.664257 0.600988 0.666767 0.888408 0.779739 0.936560 0.804282 0.885758 0.823978 0.345725 0.908468 0.610567 0.677793 0.901510 0.885661 0.641803 0.623345 0.518734 0.525107 0.990524 0.977195 0.856798 0.620596 0.814510 0.545704 0.771007 0.760417 0.653265 0.925604
0.479208 0.547522 0.348527 0.398535 0.787690 0.955534 0.522134 0.653211 0.726339 0.571112 0.828785 0.729771 0.498601 0.604178 0.666833 0.643180 0.846425 0.788572 0.598158 0.621486 0.584105 0.923264 0.556369 0.465316 0.434291 0.517441 0.668230 0.866383 0.921270 0.937373 0.859490 0.829998 0.637802 0.636314 0.000000 0.882108 0.489529 0.478373 0.387523 0.683913 0.799948 0.945429 0.893732 0.997472 0.941468 0.945045 0.743876 0.729776 0.873997 0.889603 0.996572 0.888687 0.818637 0.648733 0.371082 0.539840 0.698309 0.572391 0.564582 0.599464 0.511548 0.608151 0.839379 0.844529 0.327405 0.344042 0.432877 0.530430 0.462107 0.590474 0.850309 0.967113 0.819389 0.885162 0.959772 0.935749 0.906484 0.900141 0.821168 0.846269 0.726353 0.568182 0.582361 0.535338 0.380198 0.357942 0.691881 0.659289 0.400061 0.484167 0.676687 0.602799 0.978599 0.954445 0.819580 0.925892 0.716493 0.986427 0.728082 0.736125 0.469514 0.814469 0.752818 0.811733 0.717431 0.724673 0.954225 0.819452 0.961705 0.902868 0.789106 0.929871 0.753542 0.845287 0.849532 0.859596
0.897349 0.904334 0.870371 0.765196 0.907512 0.685726 0.839878 0.773790 0.948630 0.989809 0.974407 0.857042 0.910308 0.791508 0.886789 0.804044 0.979853 0.876973 0.888753 0.875389 0.706731 0.861025 0.887975 0.745489 0.824292 0.787715 0.826550 0.726618 0.982693 0.995819 0.954745 0.900596 0.947926 0.872582 0.882108 0.000000 0.954813 0.732360 0.822044 0.822502 0.877143 0.841210 0.875354 0.843175 0.969966 0.949916 0.893382 0.942682 0.972541 0.894940 0.912441 0.912847 0.824159 0.786466 0.850971 0.997959 0.884632 0.904243 0.956097 0.939061 0.935631 0.924988 0.867526 0.938579 0.830685 0.772284 0.870186 0.856234 0.914192 0.819587 0.899326 0.944198 0.969795 0.972784 0.867787 0.904929 0.980595 0.983384 0.975331 0.890796 0.979558 0.944081 0.981691 0.984557 0.908489 0.801532 0.988835 0.888700 0.973488 0.855833 0.772136 0.988707 0.816913 0.929151 0.920552 0.927290 0.921322 0.955869 0.950094 0.921818 0.995422 0.990140 0.954444 0.947488 0.856611 0.887382 0.910408 0.938487 0.879681 0.885679 0.906672 0.991507 0.949545 0.842815 0.806727 0.857893
0.411780 0.455075 0.329262 0.390060 0.753723 0.949063 0.454581 0.577522 0.728369 0.595059 0.788754 0.620297 0.355874 0.646209 0.533641 0.536413 0.693198 0.698671 0.585116 0.531724 0.600830 0.962395 0.401317 0.447809 0.389918 0.505222 0.774237 0.740235 0.928914 0.975827 0.547732 0.984114 0.473208 0.573437 0.489529 0.954813 0.000000 0.615778 0.575903 0.720254 0.624813 0.951057 0.905315 0.823850 0.983607 0.948635 0.604416 0.557003 0.951360 0.671366 0.869455 0.737051 0.990900 0.803761 0.349544 0.582547 0.563960 0.442505 0.474353 0.504991 0.392641 0.469726 0.655842 0.640756 0.350046 0.349838 0.495572 0.576271 0.367418 0.402503 0.691967 0.897720 0.698869 0.722403 0.736362 0.947819 0.726087 0.953985 0.661898 0.719963 0.597687 0.498790 0.551135 0.497450 0.321667 0.320929 0.635722 0.634997 0.395179 0.414144 0.631471 0.615588 0.853417 0.860912 0.789115 0.922070 0.665361 0.843511 0.818148 0.813172 0.529936 0.772325 0.966105 0.935977 0.703865 0.706736 0.993598 0.979369 0.978063 0.748269 0.873690 0.975000 0.876255 0.992124 0.791131 0.832510
0.594289 0.572725 0.485894 0.463320 0.825312 0.903129 0.510001 0.588592 0.730506 0.848311 0.853362 0.658607 0.552224 0.531983 0.558174 0.599242 0.797047 0.624457 0.592279 0.503157 0.603309 0.997584 0.502374 0.456240 0.574633 0.618134 0.626402 0.972461 0.909371 0.891807 0.728379 0.885904 0.594961 0.659437 0.478373 0.732360 0.615778 0.000000 0.582402 0.724983 0.836266 0.619166 0.872137 0.837622 0.878676 0.951760 0.755557 0.782702 0.961019 0.907522 0.990418 0.933691 0.740293 0.683788 0.576026 0.770048 0.610304 0.566614 0.746529 0.782192 0.639676 0.682516 0.845231 0.770689 0.490018 0.486672 0.536006 0.571758 0.547725 0.633122 0.603443 0.564089 0.792933 0.798592 0.972174 0.929874 0.725189 0.851938 0.748604 0.696279 0.700506 0.601067 0.784308 0.686346 0.510218 0.482017 0.771490 0.740881 0.562862 0.590281 0.978479 0.881442 0.811119 0.850132 0.989022 0.864418 0.751464 0.908104 0.939418 0.923227 0.716187 0.909728 0.889621 0.975518 0.566057 0.690112 0.806095 0.938509 0.957602 0.914724 0.972143 0.927297 0.823344 0.910216 0.883906 0.938416
