0.000000 0.165613 0.684088 0.551393 0.983162 0.794054 0.544886 0.374120 0.705444 0.980315 0.330782 0.198051 0.281002 0.288647 0.498733 0.489851 0.216158 0.215016 0.225388 0.203974 0.669402 0.869427 0.645881 0.552592 0.727918 0.925376 0.639347 0.853609 0.279793 0.260473 0.757103 0.570424 0.302012 0.294715 0.888734 0.997738 0.727778 0.638090 0.946833 0.644193 0.589622 0.750884 0.998577 0.759615 0.963984 0.809651 0.516591 0.598592 0.715717 0.575571 0.652632 0.609852 0.852149 0.838311 0.319287 0.445570 0.162262 0.158764 0.348152 0.305315 0.237565 0.246728 0.193556 0.168165 0.512303 0.425955 0.758024 0.685517 0.304736 0.327583 0.839643 0.648310 0.848265 0.979881 0.716868 0.906163 0.893324 0.924079 0.473954 0.426577 0.235089 0.257949 0.350170 0.291755 0.218832 0.258651 0.857673 0.659567 0.404289 0.279786 0.443246 0.442226 0.398865 0.360477 0.991395 0.989010 0.966901 0.861218 0.886362 0.923781 0.810996 0.770076 0.927438 0.783006 0.915005 0.868913 0.891999 0.790647 0.795741 0.867787 0.820008 0.920259 0.885461 0.988772 0.728090 0.576693
0.165613 0.000000 0.580169 0.469680 0.953342 0.748496 0.529637 0.360427 0.675968 0.911601 0.403054 0.233206 0.347828 0.353655 0.542536 0.508205 0.209890 0.209109 0.232011 0.234030 0.607751 0.894635 0.609143 0.522402 0.626433 0.835649 0.563007 0.910676 0.324900 0.264669 0.662885 0.526731 0.303571 0.273891 0.816681 0.887068 0.607675 0.554289 0.851094 0.656908 0.589447 0.716164 0.914135 0.687141 0.984986 0.793445 0.448670 0.535930 0.744786 0.562571 0.631665 0.567361 0.782017 0.904547 0.301400 0.415141 0.138132 0.144243 0.339316 0.295666 0.284267 0.265356 0.253386 0.200984 0.448514 0.364770 0.669172 0.615422 0.291915 0.284001 0.896319 0.680826 0.818555 0.982928 0.708301 0.876332 0.956029 0.945684 0.424682 0.378239 0.231641 0.283049 0.308447 0.261020 0.245248 0.247765 0.806428 0.645049 0.470217 0.267957 0.406253 0.414165 0.387894 0.350824 0.988462 0.986576 0.973941 0.899825 0.832952 0.944986 0.762114 0.712512 0.954794 0.869431 0.852798 0.821984 0.840785 0.832533 0.823031 0.804634 0.798292 0.962170 0.909347 0.990960 0.690803 0.599106
0.684088 0.580169 0.000000 0.249755 0.916880 0.951021 0.491392 0.515675 0.785559 0.862838 0.896722 0.750936 0.749677 0.708645 0.677375 0.471435 0.642545 0.658010 0.522238 0.613503 0.528012 0.986809 0.368808 0.404196 0.273663 0.335929 0.494735 0.966826 0.795920 0.634496 0.372441 0.490563 0.535129 0.634637 0.509464 0.595707 0.531266 0.544903 0.633353 0.884966 0.855004 0.725220 0.870133 0.776107 0.784069 0.835523 0.681515 0.717106 0.745169 0.983181 0.943658 0.865035 0.813473 0.936609 0.686809 0.838346 0.590810 0.572841 0.752548 0.686219 0.633117 0.619460 0.778096 0.723930 0.297267 0.336838 0.470089 0.565299 0.638676 0.608662 0.627480 0.892928 0.688093 0.807909 0.659558 0.954498 0.762005 0.760087 0.766804 0.812484 0.800051 0.800272 0.530187 0.731518 0.597269 0.503029 0.822577 0.849330 0.864130 0.656568 0.795753 0.719490 0.876824 0.817554 0.962720 0.892023 0.923239 0.949709 0.832403 0.960166 0.959221 0.847392 0.842354 0.907590 0.667096 0.744938 0.727292 0.890026 0.918627 0.778262 0.827922 0.942468 0.888680 0.944682 0.566714 0.939377
0.551393 0.469680 0.249755 0.000000 0.861008 0.987801 0.342078 0.298449 0.797540 0.918635 0.891506 0.626096 0.647510 0.574697 0.645319 0.396671 0.584200 0.610584 0.414194 0.563338 0.523790 0.974487 0.251555 0.338852 0.385219 0.430345 0.539586 0.958496 0.717905 0.603588 0.271759 0.362216 0.369228 0.499581 0.500868 0.649724 0.555480 0.561200 0.794408 0.877925 0.851281 0.732799 0.654522 0.560912 0.999627 0.917506 0.519264 0.518775 0.993365 0.727223 0.644361 0.575624 0.578918 0.735075 0.576273 0.690679 0.471183 0.469431 0.533629 0.431185 0.523360 0.434616 0.646152 0.557407 0.348616 0.290785 0.355152 0.413599 0.637208 0.490247 0.552690 0.839081 0.572487 0.736694 0.681525 0.858035 0.714823 0.685559 0.558102 0.622754 0.685327 0.743488 0.488717 0.663660 0.490541 0.383177 0.930561 0.808668 0.714420 0.479137 0.851476 0.792697 0.886636 0.812747 0.894073 0.811285 0.822119 0.873929 0.971591 0.848844 0.993429 0.990613 0.967094 0.960901 0.560181 0.567396 0.630965 0.808932 0.952444 0.697966 0.735309 0.855448 0.905771 0.982263 0.461178 0.972578
0.983162 0.953342 0.916880 0.861008 0.000000 0.689974 0.755905 0.763478 0.501705 0.600068 0.931547 0.928689 0.797310 0.788104 0.621567 0.674062 0.978365 0.955339 0.891509 0.948017 0.829779 0.918540 0.685670 0.774024 0.923220 0.902730 0.995794 0.908047 0.880053 0.903495 0.718186 0.720666 0.881213 0.930988 0.909119 0.973733 0.880053 0.799420 0.822590 0.948556 0.785967 0.970338 0.858768 0.955546 0.881953 0.968127 0.990250 0.956091 0.999685 0.995784 0.838187 0.861545 0.783869 0.695044 0.950877 0.952107 0.952691 0.978382 0.999314 0.979342 0.822162 0.753794 0.905617 0.951555 0.948483 0.858780 0.837457 0.913799 0.914815 0.961627 0.679176 0.733632 0.676047 0.586718 0.944347 0.885490 0.846644 0.836232 0.969359 0.932596 0.972606 0.947890 0.926300 0.835033 0.892488 0.950696 0.834244 0.961681 0.989752 0.981782 0.661086 0.703953 0.688051 0.658252 0.813801 0.837236 0.956676 0.911401 0.737948 0.798939 0.734871 0.573209 0.801974 0.772018 0.743175 0.827034 0.966310 0.920205 0.961540 0.989937 0.833949 0.929852 0.789890 0.969793 0.864322 0.903025
0.794054 0.748496 0.951021 0.987801 0.689974 0.000000 0.865852 0.952195 0.499338 0.645969 0.696839 0.816294 0.924224 0.929248 0.990310 0.883715 0.785099 0.743676 0.896114 0.795627 0.878762 0.840065 0.771848 0.887546 0.976761 0.852628 0.786836 0.975297 0.865914 0.808903 0.773042 0.925572 0.916626 0.938346 0.847554 0.997789 0.907167 0.942196 0.911184 0.894101 0.781551 0.971809 0.772194 0.843202 0.707453 0.869718 0.939795 0.896460 0.932027 0.903480 0.865423 0.874267 0.786840 0.610481 0.978230 0.934519 0.746010 0.776164 0.922865 0.890377 0.887328 0.908290 0.894444 0.874185 0.811956 0.914679 0.855946 0.821771 0.723946 0.858821 0.673677 0.623853 0.689778 0.586320 0.829548 0.974471 0.710221 0.758314 0.828071 0.990621 0.882209 0.869792 0.858124 0.713075 0.899850 0.890957 0.867110 0.831647 0.999019 0.941771 0.479564 0.594935 0.552332 0.633118 0.773694 0.901944 0.764485 0.852098 0.613770 0.663462 0.686976 0.680791 0.683595 0.825700 0.696774 0.768298 0.862529 0.709918 0.825799 0.959369 0.891423 0.728869 0.713451 0.935210 0.766437 0.784648
0.544886 0.529637 0.491392 0.342078 0.755905 0.865852 0.000000 0.208476 0.736321 0.556185 0.917871 0.654757 0.584124 0.561532 0.654028 0.525650 0.635627 0.680564 0.418553 0.621163 0.682165 0.901757 0.352730 0.572703 0.776014 0.715950 0.817573 0.966079 0.613414 0.672858 0.272551 0.359369 0.371569 0.376055 0.594925 0.856119 0.767472 0.757564 0.916693 0.890055 0.962499 0.641704 0.542691 0.414929 0.673041 0.587034 0.446935 0.435341 0.634735 0.510607 0.408572 0.384968 0.433656 0.588919 0.516521 0.574528 0.521995 0.523570 0.340381 0.336839 0.418182 0.400507 0.466308 0.475930 0.709272 0.572388 0.372311 0.371821 0.799305 0.468403 0.587406 0.858708 0.450128 0.590468 0.735542 0.735600 0.545463 0.649297 0.526790 0.670366 0.645175 0.780237 0.617588 0.831837 0.553612 0.534734 0.772825 0.969725 0.682583 0.512455 0.929793 0.939678 0.908103 0.997516 0.725426 0.678869 0.661196 0.744875 0.577140 0.513469 0.751296 0.721149 0.672646 0.583601 0.517727 0.469192 0.542967 0.735504 0.924751 0.734349 0.626414 0.606636 0.655858 0.697410 0.447439 0.986224
0.374120 0.360427 0.515675 0.298449 0.763478 0.952195 0.208476 0.000000 0.837047 0.613711 0.733805 0.444063 0.428397 0.382425 0.531021 0.404260 0.468008 0.496801 0.295743 0.448050 0.647272 0.940521 0.335142 0.452883 0.737365 0.764857 0.789405 0.950054 0.463231 0.498933 0.335917 0.341168 0.268655 0.309148 0.648258 0.892926 0.741184 0.725871 0.920165 0.846405 0.861215 0.692920 0.548110 0.407848 0.721007 0.586085 0.383867 0.385443 0.596713 0.447795 0.364524 0.343817 0.432407 0.634477 0.421065 0.496199 0.362503 0.361147 0.293024 0.234230 0.319905 0.227654 0.363949 0.324710 0.601479 0.425755 0.423730 0.387595 0.624357 0.385286 0.666428 0.912952 0.463126 0.616783 0.725545 0.711269 0.655976 0.745409 0.413086 0.492861 0.458531 0.565348 0.502337 0.629893 0.388810 0.370465 0.880597 0.836367 0.562750 0.364347 0.933178 0.914667 0.908892 0.830287 0.737134 0.745950 0.725076 0.840785 0.677523 0.587185 0.837804 0.836420 0.745490 0.639341 0.556975 0.501083 0.600272 0.784858 0.889908 0.717735 0.619705 0.636919 0.710922 0.791339 0.477754 0.895967
0.705444 0.675968 0.785559 0.797540 0.501705 0.499338 0.736321 0.837047 0.000000 0.570726 0.640830 0.724361 0.916777 0.954429 0.924836 0.813350 0.690312 0.649357 0.943895 0.779153 0.909166 0.813705 0.663619 0.849773 0.948868 0.775380 0.824950 0.926368 0.785487 0.734344 0.613708 0.865254 0.892171 0.817487 0.803852 0.955628 0.835230 0.841938 0.837673 0.730689 0.652920 0.971750 0.810903 0.959927 0.944480 0.917004 0.901043 0.994700 0.824570 0.811679 0.987914 0.968485 0.826838 0.658163 0.807422 0.718995 0.674834 0.711327 0.799355 0.837531 0.914852 0.980735 0.765362 0.743963 0.968146 0.978394 0.844789 0.905972 0.687147 0.782736 0.476104 0.446877 0.575366 0.501564 0.972599 0.955988 0.666823 0.654670 0.812660 0.783723 0.672873 0.698756 0.776346 0.522479 0.802571 0.836385 0.774538 0.718362 0.772833 0.769099 0.352692 0.453478 0.356913 0.375641 0.791379 0.761050 0.693265 0.771004 0.635714 0.705133 0.583835 0.611318 0.916611 0.827931 0.706421 0.842044 0.820608 0.606584 0.899161 0.944057 0.941830 0.886499 0.769729 0.973191 0.793498 0.739866
0.980315 0.911601 0.862838 0.918635 0.600068 0.645969 0.556185 0.613711 0.570726 0.000000 0.796391 0.965045 0.904135 0.905027 0.954418 0.953757 0.860460 0.822603 0.944142 0.885657 0.871007 0.818081 0.837566 0.910504 0.614016 0.795312 0.621801 0.930062 0.900546 0.872639 0.699218 0.807089 0.871914 0.864202 0.998284 0.775485 0.725089 0.710802 0.531453 0.952491 0.723202 0.941937 0.566595 0.614667 0.481207 0.529946 0.830678 0.738788 0.531454 0.648593 0.505369 0.579168 0.552764 0.499360 0.946172 0.914342 0.912047 0.899446 0.732641 0.729648 0.871975 0.805552 0.859426 0.937260 0.656727 0.818733 0.816914 0.782087 0.708081 0.983382 0.661459 0.628643 0.641973 0.580760 0.853450 0.807153 0.591843 0.735862 0.905555 0.994193 0.946289 0.839699 0.792940 0.645888 0.914314 0.863777 0.527956 0.635521 0.954702 0.984914 0.427877 0.412609 0.499197 0.552928 0.662881 0.704629 0.614180 0.643552 0.313166 0.380302 0.464973 0.449634 0.590579 0.539717 0.744965 0.725725 0.693194 0.552511 0.959890 0.857488 0.785747 0.511207 0.489454 0.713978 0.773588 0.834226
0.330782 0.403054 0.896722 0.891506 0.931547 0.696839 0.917871 0.733805 0.640830 0.796391 0.000000 0.272901 0.293636 0.334222 0.425656 0.633874 0.288449 0.254788 0.444464 0.292724 0.790846 0.848564 0.988386 0.782439 0.880304 0.873458 0.727998 0.757347 0.297457 0.286899 0.893841 0.905343 0.625912 0.502188 0.859314 0.893486 0.909202 0.855474 0.984458 0.734011 0.523775 0.951445 0.634204 0.834617 0.695187 0.873980 0.908332 0.970940 0.995099 0.949155 0.935653 0.972768 0.764617 0.551247 0.559817 0.684026 0.403293 0.369752 0.759753 0.712281 0.355787 0.465734 0.366077 0.367842 0.591055 0.587601 0.822492 0.898137 0.405160 0.647641 0.575505 0.583443 0.895237 0.796682 0.735270 0.926082 0.625616 0.702577 0.726940 0.646063 0.394825 0.299811 0.527917 0.404284 0.396294 0.506621 0.752145 0.732476 0.615501 0.590582 0.433381 0.435829 0.377533 0.447250 0.764586 0.860475 0.690891 0.559715 0.633593 0.639098 0.713636 0.693450 0.895346 0.955830 0.721355 0.807084 0.787814 0.598409 0.675920 0.896288 0.963487 0.824043 0.630791 0.771109 0.967197 0.535034
0.198051 0.233206 0.750936 0.626096 0.928689 0.816294 0.654757 0.444063 0.724361 0.965045 0.272901 0.000000 0.211092 0.202154 0.350334 0.417005 0.199426 0.184786 0.257725 0.208792 0.671502 0.834294 0.663641 0.528461 0.755455 0.962879 0.656110 0.838368 0.254675 0.220372 0.827688 0.624191 0.363934 0.342746 0.875603 0.956883 0.789302 0.753934 0.993181 0.763792 0.599608 0.841449 0.932417 0.852891 0.903993 0.892771 0.613729 0.688625 0.815408 0.677808 0.740935 0.699785 0.913543 0.842499 0.358062 0.512237 0.235000 0.205337 0.499969 0.438642 0.233392 0.236243 0.232329 0.189928 0.485629 0.389811 0.877405 0.807174 0.309430 0.418676 0.776584 0.718244 0.848767 0.954817 0.700886 0.939668 0.861523 0.857786 0.498893 0.398381 0.224500 0.187122 0.330077 0.282422 0.210410 0.264843 0.764124 0.588617 0.415927 0.356758 0.474917 0.469017 0.418072 0.421448 0.930313 0.983514 0.818596 0.717922 0.811355 0.872256 0.761462 0.828782 0.970281 0.834250 0.947714 0.938571 0.967972 0.736133 0.684058 0.910557 0.849860 0.978379 0.805587 0.897814 0.772515 0.602912
0.281002 0.347828 0.749677 0.647510 0.797310 0.924224 0.584124 0.428397 0.916777 0.904135 0.293636 0.211092 0.000000 0.182932 0.253303 0.387967 0.258421 0.267260 0.273117 0.278058 0.731542 0.909528 0.630555 0.566236 0.837094 0.979771 0.724514 0.812115 0.246249 0.266628 0.772374 0.561795 0.388010 0.335420 0.906957 0.917903 0.873182 0.837056 0.891570 0.782298 0.649035 0.877736 0.951799 0.861187 0.928973 0.910033 0.652103 0.762644 0.848231 0.727307 0.763127 0.719612 0.899607 0.909065 0.396057 0.563491 0.349474 0.309048 0.575282 0.513950 0.182313 0.254969 0.230631 0.237846 0.539413 0.420254 0.907029 0.827512 0.461811 0.495642 0.831286 0.817174 0.736358 0.833517 0.656469 0.922343 0.927153 0.951421 0.576314 0.504170 0.308597 0.270193 0.401012 0.435599 0.265701 0.343016 0.863784 0.720960 0.495216 0.468526 0.654445 0.614607 0.574878 0.574208 0.950037 0.997548 0.896224 0.743286 0.918391 0.963617 0.918017 0.995947 0.921627 0.755582 0.953080 0.894256 0.970675 0.801776 0.677643 0.994305 0.838389 0.986285 0.840142 0.913505 0.724711 0.598029
0.288647 0.353655 0.708645 0.574697 0.788104 0.929248 0.561532 0.382425 0.954429 0.905027 0.334222 0.202154 0.182932 0.000000 0.248588 0.306548 0.276096 0.261497 0.269968 0.255592 0.689837 0.846695 0.532202 0.447014 0.802475 0.929086 0.700596 0.782318 0.277497 0.276092 0.736652 0.558224 0.382265 0.376021 0.853344 0.911232 0.882023 0.839164 0.927709 0.855607 0.693305 0.817186 0.981591 0.844429 0.924415 0.911599 0.651388 0.726063 0.844597 0.721796 0.721717 0.689862 0.847014 0.962992 0.409321 0.592170 0.347083 0.292741 0.569112 0.488842 0.211471 0.214418 0.266667 0.237929 0.506688 0.370858 0.844886 0.802809 0.477582 0.507264 0.908644 0.853297 0.705051 0.751417 0.623372 0.902070 0.931484 0.896888 0.535773 0.492083 0.325686 0.267271 0.390635 0.427317 0.239961 0.302229 0.817342 0.623123 0.496380 0.406698 0.663202 0.628794 0.599745 0.600604 0.994423 0.947781 0.842382 0.764216 0.918313 0.988384 0.919476 0.993636 0.949504 0.770719 0.876827 0.828445 0.965302 0.850967 0.677449 0.956535 0.810420 0.955801 0.890205 0.919730 0.713201 0.684661
0.498733 0.542536 0.677375 0.645319 0.621567 0.990310 0.654028 0.531021 0.924836 0.954418 0.425656 0.350334 0.253303 0.248588 0.000000 0.297330 0.384706 0.382266 0.448438 0.413917 0.671908 0.876644 0.544125 0.484706 0.798108 0.873967 0.768641 0.781527 0.347522 0.330302 0.757028 0.616786 0.524699 0.496462 0.852687 0.996168 0.934548 0.954945 0.933021 0.928337 0.821153 0.956559 0.961320 0.926362 0.901011 0.985163 0.789998 0.833943 0.996444 0.880214 0.863145 0.830722 0.893464 0.993585 0.525986 0.722675 0.541769 0.482278 0.781997 0.710208 0.296520 0.361665 0.420849 0.423739 0.481220 0.388187 0.872348 0.854830 0.623693 0.676791 0.948218 0.937294 0.690648 0.725843 0.584696 0.953061 0.987719 0.963784 0.634234 0.608665 0.460956 0.389536 0.438935 0.563376 0.358348 0.439616 0.820546 0.701903 0.655195 0.617359 0.786208 0.720535 0.719446 0.771697 0.976201 0.977817 0.785068 0.732817 0.897701 0.959945 0.920797 0.936379 0.976744 0.862185 0.908807 0.908255 0.992864 0.800481 0.657402 0.933131 0.826963 0.956667 0.881483 0.879587 0.774843 0.800141
0.489851 0.508205 0.471435 0.396671 0.674062 0.883715 0.525650 0.404260 0.813350 0.953757 0.633874 0.417005 0.387967 0.306548 0.297330 0.000000 0.437883 0.447181 0.399116 0.442438 0.566786 0.882021 0.272487 0.245665 0.567064 0.615226 0.609824 0.798120 0.462106 0.387931 0.526900 0.475653 0.391848 0.490449 0.579144 0.839217 0.802160 0.816413 0.956429 0.893180 0.820950 0.888998 0.846134 0.739579 0.980002 0.955180 0.625155 0.631299 0.971884 0.752331 0.712622 0.667134 0.695619 0.808941 0.467295 0.658841 0.483878 0.438757 0.652857 0.575412 0.359164 0.329554 0.487089 0.430108 0.349155 0.245984 0.546599 0.576251 0.620916 0.561870 0.820394 0.944124 0.583707 0.615214 0.582069 0.787766 0.837836 0.889978 0.569817 0.531884 0.506748 0.446094 0.375922 0.556112 0.306545 0.309414 0.778944 0.584503 0.591844 0.468618 0.827425 0.722992 0.800726 0.760516 0.905360 0.893857 0.923917 0.792691 0.970418 0.921117 0.962288 0.964820 0.969366 0.859947 0.633462 0.744621 0.836304 0.995124 0.779665 0.917768 0.767265 0.896118 0.987816 0.978579 0.587158 0.882812
0.216158 0.209890 0.642545 0.584200 0.978365 0.785099 0.635627 0.468008 0.690312 0.860460 0.288449 0.199426 0.258421 0.276096 0.384706 0.437883 0.000000 0.158404 0.279141 0.240378 0.627306 0.845328 0.652846 0.529642 0.657606 0.877428 0.602799 0.848865 0.218888 0.186444 0.774438 0.608474 0.355585 0.308196 0.835775 0.968301 0.752572 0.684512 0.919761 0.661373 0.576773 0.769383 0.967331 0.803196 0.946605 0.867723 0.528276 0.638446 0.816828 0.657763 0.764342 0.695893 0.897883 0.839511 0.292977 0.407774 0.207806 0.189068 0.491567 0.452982 0.246404 0.294297 0.244148 0.209401 0.420719 0.359761 0.778384 0.711480 0.324589 0.388577 0.782569 0.652199 0.851575 0.998534 0.670847 0.932954 0.911757 0.902012 0.507710 0.398670 0.207858 0.210646 0.286466 0.233976 0.221729 0.266780 0.704565 0.637173 0.493657 0.333808 0.411100 0.403136 0.374961 0.377222 0.932794 0.996866 0.853605 0.746945 0.761499 0.853601 0.735442 0.733832 0.987297 0.884098 0.965344 0.898996 0.984128 0.739386 0.674188 0.854801 0.834032 0.963391 0.813801 0.919213 0.739337 0.582415
0.215016 0.209109 0.658010 0.610584 0.955339 0.743676 0.680564 0.496801 0.649357 0.822603 0.254788 0.184786 0.267260 0.261497 0.382266 0.447181 0.158404 0.000000 0.283298 0.215261 0.620484 0.806695 0.694047 0.526684 0.670477 0.867786 0.587073 0.814156 0.245118 0.186098 0.816528 0.636419 0.376617 0.336526 0.878361 0.981582 0.751019 0.656872 0.896799 0.724656 0.589681 0.786015 0.928515 0.848114 0.879282 0.916535 0.596225 0.682365 0.857970 0.702434 0.791573 0.723515 0.935511 0.799975 0.311083 0.485958 0.207442 0.184018 0.522864 0.482037 0.259907 0.290069 0.259936 0.214900 0.412235 0.346621 0.837829 0.786264 0.322183 0.398724 0.738849 0.611149 0.916759 0.991916 0.678761 0.912892 0.852136 0.850257 0.490479 0.409197 0.215079 0.201635 0.304685 0.238613 0.235444 0.270410 0.664675 0.640387 0.505556 0.362422 0.376202 0.355547 0.335498 0.345155 0.951756 0.982474 0.787157 0.688398 0.709144 0.818534 0.692512 0.675662 0.958088 0.938602 0.973763 0.949802 0.977032 0.710937 0.692359 0.943768 0.865176 0.913498 0.763204 0.919269 0.776508 0.555123
0.225388 0.232011 0.522238 0.414194 0.891509 0.896114 0.418553 0.295743 0.943895 0.944142 0.444464 0.257725 0.273117 0.269968 0.448438 0.399116 0.279141 0.283298 0.000000 0.245075 0.615677 0.961727 0.467204 0.444864 0.628125 0.780269 0.623623 0.883691 0.342605 0.301642 0.558353 0.464645 0.294076 0.314876 0.723757 0.938886 0.673793 0.625258 0.963846 0.679097 0.600861 0.692612 0.953504 0.740067 0.929405 0.891001 0.513724 0.621299 0.857175 0.665397 0.680741 0.622440 0.819441 0.945650 0.328188 0.537576 0.238409 0.213021 0.420402 0.363233 0.239632 0.229673 0.263382 0.227215 0.434087 0.343410 0.647814 0.641613 0.353063 0.336725 0.988759 0.849521 0.685493 0.834496 0.680240 0.907510 0.979930 0.972075 0.546447 0.490330 0.321520 0.332646 0.347383 0.391003 0.253481 0.246523 0.831755 0.705417 0.499515 0.323094 0.614955 0.576196 0.591389 0.542351 0.932546 0.928800 0.922691 0.939337 0.959661 0.973912 0.992158 0.897270 0.916770 0.761084 0.739524 0.775165 0.821603 0.878037 0.757816 0.793217 0.717995 0.910110 0.882483 0.989741 0.602353 0.618717
0.203974 0.234030 0.613503 0.563338 0.948017 0.795627 0.621163 0.448050 0.779153 0.885657 0.292724 0.208792 0.278058 0.255592 0.413917 0.442438 0.240378 0.215261 0.245075 0.000000 0.628898 0.784820 0.633150 0.497852 0.660023 0.868153 0.567421 0.852759 0.310389 0.244244 0.766315 0.614957 0.386156 0.359748 0.895604 0.965294 0.720237 0.639418 0.914294 0.728832 0.612365 0.770961 0.850809 0.933478 0.781032 0.979808 0.651993 0.767813 0.937155 0.790588 0.847783 0.789935 0.995277 0.754188 0.409869 0.592216 0.242927 0.212181 0.522851 0.461352 0.274268 0.280295 0.270776 0.238507 0.439305 0.384392 0.851429 0.798133 0.290552 0.392248 0.858354 0.703024 0.872541 0.997344 0.673951 0.943398 0.867079 0.883237 0.542320 0.487002 0.299626 0.245730 0.350091 0.325469 0.252203 0.299333 0.769636 0.632694 0.479962 0.378216 0.458914 0.443913 0.423948 0.426105 0.944975 0.960125 0.901891 0.756330 0.746132 0.805408 0.790733 0.725465 0.945660 0.887331 0.929450 0.926603 0.975592 0.761682 0.826585 0.959161 0.912131 0.944402 0.758846 0.887216 0.784798 0.605013
0.669402 0.607751 0.528012 0.523790 0.829779 0.878762 0.682165 0.647272 0.909166 0.871007 0.790846 0.671502 0.731542 0.689837 0.671908 0.566786 0.627306 0.620484 0.615677 0.628898 0.000000 0.849978 0.577765 0.572417 0.539303 0.574845 0.622037 0.950483 0.748727 0.642896 0.587620 0.718554 0.585122 0.671415 0.725242 0.833044 0.658814 0.764199 0.848647 0.987734 0.751192 0.785363 0.954091 0.897599 0.861576 0.907053 0.797479 0.787761 0.883920 0.927799 0.910116 0.852713 0.871203 0.965986 0.635795 0.851830 0.621283 0.615435 0.772238 0.769600 0.666263 0.623906 0.719388 0.695353 0.494391 0.496117 0.642219 0.752429 0.638401 0.709510 0.827212 0.932068 0.749484 0.808442 0.662782 0.959847 0.940957 0.907880 0.668418 0.657752 0.713379 0.719991 0.594271 0.679830 0.617602 0.564294 0.810325 0.817817 0.808976 0.704200 0.713555 0.662410 0.739087 0.817044 0.953653 0.939907 0.997268 0.823672 0.784390 0.931597 0.849641 0.869198 0.801846 0.971821 0.774147 0.855566 0.994422 0.886493 0.887620 0.915567 0.983300 0.862368 0.861847 0.944994 0.675660 0.839156
0.869427 0.894635 0.986809 0.974487 0.918540 0.840065 0.901757 0.940521 0.813705 0.818081 0.848564 0.834294 0.909528 0.846695 0.876644 0.882021 0.845328 0.806695 0.961727 0.784820 0.849978 0.000000 0.990435 0.931808 0.984638 0.987841 0.903547 0.813125 0.832404 0.781612 0.866608 0.910038 0.933141 0.958012 0.925825 0.997583 0.961072 0.897067 0.925848 0.874232 0.947933 0.963843 0.797304 0.842136 0.808486 0.876935 0.959838 0.994047 0.868519 0.935540 0.864543 0.913573 0.863452 0.810365 0.919791 0.968169 0.860472 0.851714 0.970106 0.995396 0.930039 0.954709 0.883650 0.904981 0.877220 0.898331 0.846666 0.911459 0.935693 0.830775 0.851510 0.771760 0.943586 0.855982 0.974693 0.856327 0.974783 0.846338 0.808863 0.842877 0.869571 0.807436 0.879647 0.878196 0.850447 0.874311 0.778334 0.815847 0.916031 0.968416 0.763422 0.737795 0.743421 0.743656 0.800288 0.923796 0.894718 0.813370 0.741308 0.819091 0.782382 0.911359 0.692210 0.810907 0.965958 0.831724 0.845950 0.894207 0.954944 0.668316 0.978885 0.853429 0.766491 0.986417 0.744625 0.771611
0.645881 0.609143 0.368808 0.251555 0.685670 0.771848 0.352730 0.335142 0.663619 0.837566 0.988386 0.663641 0.630555 0.532202 0.544125 0.272487 0.652846 0.694047 0.467204 0.633150 0.577765 0.990435 0.000000 0.268612 0.500014 0.464885 0.656103 0.901087 0.715132 0.626060 0.286824 0.345863 0.406932 0.552472 0.463024 0.713080 0.693941 0.716974 0.898961 0.936621 0.951095 0.805376 0.621938 0.554147 0.875599 0.854008 0.515901 0.523651 0.943341 0.685975 0.594284 0.543040 0.522260 0.590512 0.577168 0.700785 0.596629 0.569124 0.591829 0.525678 0.528068 0.455945 0.637312 0.571516 0.446008 0.332943 0.324411 0.393820 0.771093 0.554831 0.483358 0.762920 0.447073 0.542010 0.680884 0.776648 0.612678 0.732289 0.599304 0.611120 0.690425 0.711521 0.483555 0.754009 0.462483 0.399679 0.955693 0.690091 0.696792 0.503765 0.977511 0.927263 0.953985 0.953404 0.801976 0.793637 0.816363 0.901095 0.827584 0.695831 0.864184 0.828173 0.879149 0.851419 0.409962 0.505484 0.715849 0.807270 0.972328 0.796359 0.678020 0.781111 0.845123 0.898896 0.472671 0.966055
0.552592 0.522402 0.404196 0.338852 0.774024 0.887546 0.572703 0.452883 0.849773 0.910504 0.782439 0.528461 0.566236 0.447014 0.484706 0.245665 0.529642 0.526684 0.444864 0.497852 0.572417 0.931808 0.268612 0.000000 0.457284 0.490646 0.559651 0.881090 0.650454 0.490813 0.522054 0.521022 0.411586 0.577902 0.535661 0.795820 0.669806 0.700779 0.775206 0.910300 0.821163 0.829231 0.812763 0.733939 0.962990 0.979759 0.563673 0.613389 0.975604 0.759078 0.722421 0.663579 0.678131 0.785394 0.534409 0.713496 0.502559 0.476564 0.663464 0.610234 0.507316 0.443106 0.614745 0.522757 0.346396 0.266325 0.452376 0.540579 0.625462 0.581621 0.774871 0.913045 0.634517 0.650115 0.640452 0.780710 0.861353 0.873536 0.606653 0.562979 0.576264 0.549213 0.406282 0.562752 0.392612 0.315104 0.760841 0.504311 0.647154 0.488516 0.776258 0.658268 0.785565 0.726444 0.890696 0.920303 0.993241 0.896381 0.931687 0.967709 0.934318 0.942982 0.989257 0.933456 0.578738 0.645530 0.902211 0.953359 0.833924 0.880944 0.807091 0.918943 0.962867 0.980035 0.612054 0.958513
0.727918 0.626433 0.273663 0.385219 0.923220 0.976761 0.776014 0.737365 0.948868 0.614016 0.880304 0.755455 0.837094 0.802475 0.798108 0.567064 0.657606 0.670477 0.628125 0.660023 0.539303 0.984638 0.500014 0.457284 0.000000 0.254827 0.422173 0.946056 0.914915 0.672498 0.550132 0.633416 0.656900 0.754008 0.541033 0.589629 0.440644 0.472589 0.525977 0.850814 0.758545 0.724048 0.988851 0.907443 0.648663 0.684318 0.768210 0.843363 0.607990 0.877316 0.877368 0.975154 0.988740 0.918800 0.737346 0.858173 0.647326 0.614511 0.922663 0.845263 0.804891 0.764441 0.893461 0.796941 0.279954 0.366675 0.641994 0.707659 0.547759 0.702525 0.736929 0.966166 0.860834 0.954660 0.729179 0.946571 0.999626 0.853634 0.887515 0.787009 0.814048 0.749766 0.513406 0.597608 0.616524 0.512081 0.638485 0.733890 0.821913 0.655071 0.649203 0.569278 0.712746 0.681806 0.813707 0.937744 0.956428 0.864340 0.593515 0.722833 0.759193 0.672434 0.741393 0.740280 0.771149 0.859177 0.864620 0.919050 0.983805 0.771572 0.986777 0.773213 0.698422 0.766386 0.649482 0.933243
0.925376 0.835649 0.335929 0.430345 0.902730 0.852628 0.715950 0.764857 0.775380 0.795312 0.873458 0.962879 0.979771 0.929086 0.873967 0.615226 0.877428 0.867786 0.780269 0.868153 0.574845 0.987841 0.464885 0.490646 0.254827 0.000000 0.546828 0.989053 0.948624 0.861734 0.491941 0.648890 0.709729 0.848662 0.478166 0.593962 0.504986 0.538103 0.615421 0.964296 0.953911 0.737071 0.837410 0.815245 0.818333 0.793103 0.793586 0.828621 0.667658 0.912097 0.988147 0.922037 0.858087 0.842575 0.791714 0.915308 0.837624 0.806314 0.968822 0.916582 0.938636 0.870269 0.974863 0.950935 0.441774 0.479402 0.548702 0.644500 0.813034 0.770256 0.603115 0.832407 0.752058 0.761058 0.746508 0.949520 0.845674 0.693518 0.934888 0.907642 0.969341 0.966048 0.637358 0.820153 0.770793 0.641249 0.714565 0.881517 0.912611 0.780835 0.900840 0.809899 0.964129 0.896828 0.930397 0.812819 0.962285 0.951188 0.798727 0.915594 0.959964 0.919856 0.787035 0.862406 0.622959 0.701673 0.792385 0.883271 0.963314 0.775768 0.962531 0.871959 0.885772 0.936194 0.627100 0.947116
0.639347 0.563007 0.494735 0.539586 0.995794 0.786836 0.817573 0.789405 0.824950 0.621801 0.727998 0.656110 0.724514 0.700596 0.768641 0.609824 0.602799 0.587073 0.623623 0.567421 0.622037 0.903547 0.656103 0.559651 0.422173 0.546828 0.000000 0.950400 0.783641 0.609295 0.711905 0.669638 0.626223 0.683650 0.741373 0.620069 0.472931 0.538816 0.652196 0.828210 0.718708 0.775762 0.823244 0.928969 0.623596 0.720923 0.875084 0.997229 0.718299 0.940245 0.922638 0.990436 0.962491 0.767819 0.713687 0.861489 0.555006 0.546095 0.842000 0.776005 0.684106 0.690118 0.745915 0.679476 0.374292 0.473253 0.749707 0.874800 0.558153 0.660105 0.998278 0.796188 0.954902 0.882662 0.668433 0.929032 0.865102 0.939402 0.785340 0.725416 0.761776 0.684561 0.535436 0.588789 0.536846 0.511873 0.648451 0.719126 0.779661 0.667726 0.497691 0.504811 0.568651 0.609433 0.874391 0.962753 0.804713 0.776625 0.535792 0.631502 0.563625 0.705981 0.777586 0.874706 0.892101 0.926655 0.994322 0.767440 0.954430 0.887514 0.973803 0.758771 0.658469 0.814557 0.890278 0.826114
0.853609 0.910676 0.966826 0.958496 0.908047 0.975297 0.966079 0.950054 0.926368 0.930062 0.757347 0.838368 0.812115 0.782318 0.781527 0.798120 0.848865 0.814156 0.883691 0.852759 0.950483 0.813125 0.901087 0.881090 0.946056 0.989053 0.950400 0.000000 0.817280 0.784156 0.965562 0.939189 0.970384 0.912128 0.872738 0.939830 0.937026 0.951291 0.869946 0.982382 0.959607 0.967407 0.827025 0.894171 0.817585 0.856581 0.916808 0.977421 0.894177 0.893198 0.906566 0.914050 0.912279 0.834752 0.955221 0.968926 0.860637 0.816346 0.978128 0.994928 0.799672 0.866537 0.834664 0.828997 0.835620 0.834006 0.910496 0.903825 0.894688 0.957453 0.980981 0.901175 0.998672 0.977866 0.894861 0.958936 0.836830 0.785296 0.988242 0.939610 0.863830 0.817395 0.856299 0.943957 0.799403 0.841291 0.926844 0.972750 0.987910 0.848238 0.848212 0.814012 0.880219 0.909310 0.912362 0.914941 0.738880 0.803722 0.864120 0.842382 0.823792 0.987974 0.941401 0.903248 0.866579 0.812397 0.890032 0.785657 0.997406 0.748636 0.839519 0.771842 0.928914 0.796228 0.982783 0.858387
0.279793 0.324900 0.795920 0.717905 0.880053 0.865914 0.613414 0.463231 0.785487 0.900546 0.297457 0.254675 0.246249 0.277497 0.347522 0.462106 0.218888 0.245118 0.342605 0.310389 0.748727 0.832404 0.715132 0.650454 0.914915 0.948624 0.783641 0.817280 0.000000 0.218657 0.845729 0.681450 0.438432 0.370528 0.949655 0.911586 0.899258 0.859650 0.889030 0.663088 0.686841 0.847242 0.987211 0.794864 0.935302 0.772242 0.601979 0.696893 0.694873 0.607856 0.700400 0.663645 0.856441 0.919302 0.355240 0.468502 0.320479 0.298883 0.515468 0.475093 0.247951 0.314359 0.236409 0.249550 0.597167 0.511580 0.861397 0.767297 0.475944 0.465138 0.840013 0.709984 0.824196 0.948451 0.714726 0.874213 0.987238 0.903088 0.541665 0.496372 0.267781 0.273945 0.421628 0.413626 0.294791 0.413121 0.805218 0.754891 0.535554 0.438669 0.614869 0.622156 0.546754 0.550771 0.971521 0.974789 0.911089 0.783766 0.941991 0.994873 0.899705 0.910877 0.869614 0.745210 0.978553 0.951087 0.986882 0.821497 0.653786 0.950018 0.789451 0.944320 0.928597 0.997432 0.808165 0.616047
0.260473 0.264669 0.634496 0.603588 0.903495 0.808903 0.672858 0.498933 0.734344 0.872639 0.286899 0.220372 0.266628 0.276092 0.330302 0.387931 0.186444 0.186098 0.301642 0.244244 0.642896 0.781612 0.626060 0.490813 0.672498 0.861734 0.609295 0.784156 0.218657 0.000000 0.786479 0.625384 0.403315 0.383057 0.876557 0.922439 0.745183 0.738176 0.905341 0.695558 0.633742 0.864336 0.931319 0.865000 0.898921 0.939343 0.588796 0.693188 0.890001 0.711741 0.806595 0.734333 0.934279 0.853829 0.331068 0.532414 0.254684 0.230298 0.552263 0.499026 0.260247 0.308822 0.286355 0.257231 0.393562 0.345204 0.800636 0.760674 0.350770 0.400876 0.840153 0.678249 0.874506 0.971562 0.707514 0.919484 0.880282 0.878941 0.553410 0.437652 0.256161 0.232734 0.316715 0.315091 0.230115 0.304950 0.721140 0.608191 0.514805 0.381301 0.460514 0.420927 0.422763 0.421292 0.905701 0.946892 0.819765 0.719823 0.746621 0.841284 0.778829 0.744457 0.994546 0.918879 0.979689 0.936469 0.970748 0.728355 0.696631 0.979937 0.776778 0.950044 0.775240 0.936016 0.767008 0.634633
0.757103 0.662885 0.372441 0.271759 0.718186 0.773042 0.272551 0.335917 0.613708 0.699218 0.893841 0.827688 0.772374 0.736652 0.757028 0.526900 0.774438 0.816528 0.558353 0.766315 0.587620 0.866608 0.286824 0.522054 0.550132 0.491941 0.711905 0.965562 0.845729 0.786479 0.000000 0.333661 0.474594 0.528585 0.508977 0.649287 0.699010 0.656189 0.987977 0.994209 0.972777 0.698155 0.494323 0.441876 0.755123 0.742441 0.503393 0.486031 0.872227 0.669324 0.549693 0.500337 0.451578 0.507694 0.635749 0.687906 0.671162 0.672820 0.574919 0.533843 0.641309 0.544042 0.740602 0.698560 0.607983 0.500406 0.319715 0.368164 0.865402 0.580528 0.413436 0.675345 0.411039 0.560191 0.811418 0.758588 0.499818 0.557963 0.608689 0.672766 0.805474 0.908133 0.681184 0.910837 0.685510 0.604954 0.879355 0.985923 0.853658 0.625987 0.850224 0.913821 0.813825 0.881108 0.780624 0.706625 0.679972 0.752313 0.700214 0.568103 0.817404 0.804674 0.813171 0.845997 0.418847 0.494591 0.549361 0.650907 0.914918 0.689334 0.690859 0.714954 0.688289 0.840722 0.455371 0.930678
0.570424 0.526731 0.490563 0.362216 0.720666 0.925572 0.359369 0.341168 0.865254 0.807089 0.905343 0.624191 0.561795 0.558224 0.616786 0.475653 0.608474 0.636419 0.464645 0.614957 0.718554 0.910038 0.345863 0.521022 0.633416 0.648890 0.669638 0.939189 0.681450 0.625384 0.333661 0.000000 0.393194 0.455332 0.561221 0.734669 0.679719 0.650793 0.941030 0.892204 0.895403 0.738765 0.573513 0.476111 0.831661 0.740377 0.443592 0.468711 0.820124 0.601429 0.543905 0.479389 0.513195 0.651451 0.573057 0.640976 0.547174 0.519392 0.500339 0.448766 0.483465 0.425188 0.539888 0.492444 0.555074 0.420069 0.458773 0.441336 0.721717 0.529134 0.611978 0.931678 0.575912 0.658232 0.768963 0.763020 0.699482 0.805572 0.575974 0.554105 0.591817 0.662661 0.489840 0.686667 0.474786 0.438171 0.968471 0.846773 0.623998 0.486513 0.927569 0.865777 0.935775 0.838205 0.860659 0.846063 0.907417 0.845292 0.824642 0.707993 0.930103 0.878053 0.800207 0.874367 0.476215 0.496165 0.639740 0.845602 0.999760 0.786120 0.631330 0.842599 0.810218 0.896439 0.571803 0.890359
0.302012 0.303571 0.535129 0.369228 0.881213 0.916626 0.371569 0.268655 0.892171 0.871914 0.625912 0.363934 0.388010 0.382265 0.524699 0.391848 0.355585 0.376617 0.294076 0.386156 0.585122 0.933141 0.406932 0.411586 0.656900 0.709729 0.626223 0.970384 0.438432 0.403315 0.474594 0.393194 0.000000 0.274979 0.627860 0.852647 0.720920 0.641855 0.965841 0.817769 0.769887 0.784410 0.734441 0.541195 0.838976 0.698258 0.395994 0.451070 0.692239 0.506269 0.491786 0.439548 0.614257 0.814457 0.334253 0.419127 0.281772 0.285724 0.321441 0.292967 0.296237 0.261262 0.297264 0.263965 0.503116 0.374146 0.434503 0.438823 0.494339 0.315666 0.904990 0.906451 0.594755 0.781694 0.676441 0.730077 0.806873 0.866254 0.432132 0.392643 0.358927 0.446938 0.369635 0.438572 0.291934 0.259637 0.985406 0.684803 0.506367 0.344343 0.660045 0.612670 0.647560 0.576226 0.887934 0.869957 0.857158 0.946189 0.898826 0.821160 0.930858 0.984983 0.882446 0.756367 0.620657 0.604635 0.755140 0.997543 0.832129 0.790828 0.699574 0.777138 0.930238 0.850812 0.546892 0.748151
0.294715 0.273891 0.634637 0.499581 0.930988 0.938346 0.376055 0.309148 0.817487 0.864202 0.502188 0.342746 0.335420 0.376021 0.496462 0.490449 0.308196 0.336526 0.314876 0.359748 0.671415 0.958012 0.552472 0.577902 0.754008 0.848662 0.683650 0.912128 0.370528 0.383057 0.528585 0.455332 0.274979 0.000000 0.724711 0.936555 0.730871 0.689364 0.997135 0.726107 0.673821 0.704725 0.765287 0.542982 0.788757 0.632972 0.388408 0.497335 0.618827 0.482234 0.512057 0.456175 0.614252 0.868556 0.322313 0.319439 0.278111 0.290720 0.327522 0.318466 0.261317 0.289837 0.250871 0.236448 0.593101 0.459625 0.555045 0.502701 0.473619 0.339952 0.970158 0.848756 0.651875 0.817670 0.704360 0.804104 0.869405 0.901203 0.428670 0.449639 0.307648 0.404685 0.408017 0.427093 0.326712 0.341874 0.999828 0.776136 0.491545 0.327971 0.643832 0.647169 0.623906 0.586528 0.920032 0.918854 0.983831 0.906760 0.901808 0.801394 0.952645 0.958024 0.761100 0.709164 0.782447 0.681706 0.735938 0.951765 0.881677 0.844839 0.745606 0.786273 0.893064 0.908549 0.582953 0.779300
0.888734 0.816681 0.509464 0.500868 0.909119 0.847554 0.594925 0.648258 0.803852 0.998284 0.859314 0.875603 0.906957 0.853344 0.852687 0.579144 0.835775 0.878361 0.723757 0.895604 0.725242 0.925825 0.463024 0.535661 0.541033 0.478166 0.741373 0.872738 0.949655 0.876557 0.508977 0.561221 0.627860 0.724711 0.000000 0.718341 0.720776 0.753717 0.759277 0.987435 0.931259 0.853714 0.711840 0.673334 0.911040 0.926122 0.645256 0.616788 0.977171 0.840337 0.783995 0.753192 0.710482 0.725937 0.706211 0.782119 0.823148 0.808808 0.796261 0.782674 0.843993 0.755364 0.905323 0.828132 0.602647 0.572616 0.464187 0.539768 0.823765 0.744919 0.707751 0.753259 0.685420 0.719786 0.687569 0.822061 0.620929 0.753059 0.816795 0.831770 0.872012 0.883053 0.624221 0.812771 0.714083 0.600813 0.853045 0.818455 0.814534 0.698425 0.966700 0.965004 0.896447 0.990341 0.873709 0.826553 0.979000 0.964934 0.893711 0.794904 0.951657 0.910648 0.952313 0.907366 0.570263 0.702345 0.678203 0.935217 0.931698 0.738090 0.740075 0.887412 0.834757 0.941926 0.615747 0.870139
0.997738 0.887068 0.595707 0.649724 0.973733 0.997789 0.856119 0.892926 0.955628 0.775485 0.893486 0.956883 0.917903 0.911232 0.996168 0.839217 0.968301 0.981582 0.938886 0.965294 0.833044 0.997583 0.713080 0.795820 0.589629 0.593962 0.620069 0.939830 0.911586 0.922439 0.649287 0.734669 0.852647 0.936555 0.718341 0.000000 0.707553 0.587204 0.785964 0.990434 0.925491 0.992611 0.886745 0.876874 0.920284 0.894785 0.928623 0.864765 0.779944 0.960575 0.994982 0.944626 0.887592 0.912832 0.940248 0.998296 0.886132 0.916269 0.961138 0.908015 0.986583 0.941056 0.914318 0.977955 0.651949 0.697643 0.678471 0.755412 0.941963 0.852336 0.693758 0.882660 0.854173 0.967898 0.820141 0.938652 0.960154 0.837591 0.952231 0.866714 0.978495 0.997765 0.834740 0.954045 0.863804 0.804057 0.967875 0.930809 0.948029 0.888162 0.926010 0.876604 0.979247 0.949484 0.998372 0.953454 0.954043 0.876911 0.881280 0.936244 0.871967 0.802484 0.950347 0.832708 0.852098 0.886644 0.861465 0.927842 0.933357 0.907413 0.983067 0.885490 0.932759 0.972892 0.863762 0.884248
0.727778 0.607675 0.531266 0.555480 0.880053 0.907167 0.767472 0.741184 0.835230 0.725089 0.909202 0.789302 0.873182 0.882023 0.934548 0.802160 0.752572 0.751019 0.673793 0.720237 0.658814 0.961072 0.693941 0.669806 0.440644 0.504986 0.472931 0.937026 0.899258 0.745183 0.699010 0.679719 0.720920 0.730871 0.720776 0.707553 0.000000 0.483369 0.674637 0.759998 0.657619 0.702927 0.929757 0.829567 0.790214 0.885535 0.733395 0.858145 0.846745 0.935871 0.936859 0.840885 0.907830 0.991929 0.753137 0.807627 0.662593 0.643056 0.753994 0.722937 0.853417 0.819824 0.827921 0.778390 0.582974 0.616704 0.719091 0.778413 0.648026 0.625002 0.811189 0.921956 0.902028 0.972157 0.710342 0.908933 0.989129 0.981978 0.806621 0.772323 0.815477 0.848051 0.648036 0.663174 0.699761 0.631299 0.768668 0.831874 0.831988 0.689284 0.625479 0.675121 0.688958 0.673683 0.913060 0.919490 0.936149 0.936779 0.727035 0.862510 0.793169 0.777274 0.905575 0.954444 0.756242 0.733060 0.946666 0.936917 0.981427 0.837385 0.950123 0.898009 0.852602 0.951639 0.847102 0.931810
0.638090 0.554289 0.544903 0.561200 0.799420 0.942196 0.757564 0.725871 0.841938 0.710802 0.855474 0.753934 0.837056 0.839164 0.954945 0.816413 0.684512 0.656872 0.625258 0.639418 0.764199 0.897067 0.716974 0.700779 0.472589 0.538103 0.538816 0.951291 0.859650 0.738176 0.656189 0.650793 0.641855 0.689364 0.753717 0.587204 0.483369 0.000000 0.684877 0.847212 0.752243 0.758980 0.959850 0.838674 0.773351 0.908829 0.726281 0.800612 0.856221 0.940319 0.947095 0.855015 0.939523 0.902966 0.730141 0.750574 0.574464 0.567522 0.758550 0.707974 0.799460 0.744447 0.774523 0.696640 0.559265 0.589882 0.772942 0.817923 0.600154 0.537768 0.835326 0.932418 0.933245 0.940280 0.810121 0.953324 0.964769 0.973314 0.818225 0.756988 0.698330 0.750512 0.703129 0.623922 0.671915 0.561250 0.770840 0.920247 0.749653 0.599930 0.633705 0.598346 0.660881 0.570612 0.904003 0.963641 0.925266 0.938660 0.720023 0.838125 0.744089 0.644206 0.896612 0.913248 0.875466 0.898377 0.814530 0.953508 0.979033 0.890228 0.924509 0.843358 0.824203 0.837749 0.862382 0.721613
