0.000000 0.358721 0.783532 0.913012 0.862266 0.650959 0.732394 0.539790 0.761198 0.675567 0.511681 0.446060 0.726538 0.667281 0.904813 0.853390 0.376384 0.386824 0.487344 0.415927 0.886959 0.855154 0.580472 0.719410 0.721853 0.758381 0.856957 0.949962 0.540764 0.540620 0.922380 0.792560 0.587376 0.544912 0.996357 0.848415 0.883544 0.932843 0.868365 0.994478 0.910266 0.822823 0.564472 0.490543 0.539139 0.524680 0.687159 0.620502 0.586594 0.536337 0.743734 0.720714 0.861375 0.881485 0.971653 0.803770 0.322725 0.446994 0.534282 0.945159 0.630440 0.739441 0.477661 0.415694 0.667313 0.874569 0.758177 0.764601 0.705820 0.603129 0.822575 0.779247 0.810848 0.684593 0.956952 0.751969 0.679757 0.784707 0.740467 0.741846 0.495303 0.587063 0.832623 0.771787 0.760548 0.769950 0.921793 0.680713 0.849587 0.916214 0.553621 0.693620 0.655831 0.851608 0.783640 0.846214 0.756463 0.772729 0.458745 0.509991 0.628200 0.704319 0.433673 0.538981 0.821732 0.750355 0.919156 0.878416 0.950852 0.920260 0.827492 0.676837 0.673728 0.813745 0.824421 0.946047
0.358721 0.000000 0.646221 0.807007 0.874704 0.755216 0.893816 0.678477 0.927134 0.710395 0.692103 0.461087 0.919479 0.758146 0.856162 0.830167 0.332193 0.305126 0.622237 0.536456 0.941310 0.800668 0.627912 0.771303 0.820345 0.751429 0.962324 0.850284 0.555256 0.423636 0.886303 0.811609 0.615317 0.608992 0.855650 0.934693 0.881348 0.822909 0.943285 0.888985 0.872446 0.804608 0.648297 0.569479 0.581936 0.504256 0.833339 0.680325 0.607717 0.548475 0.777711 0.723891 0.973103 0.933351 0.982256 0.707754 0.256566 0.277630 0.696500 0.869096 0.791002 0.671492 0.618774 0.361592 0.645308 0.913871 0.802231 0.796452 0.703756 0.579690 0.860713 0.878095 0.876069 0.786300 0.889649 0.762918 0.743904 0.752485 0.582693 0.589455 0.353004 0.509950 0.781918 0.731105 0.705040 0.870841 0.810454 0.749708 0.804711 0.936177 0.696852 0.845988 0.781880 0.944153 0.730912 0.856626 0.696519 0.854489 0.556019 0.679251 0.722185 0.780604 0.496250 0.639774 0.892955 0.860874 0.926830 0.995426 0.893944 0.898159 0.771326 0.630585 0.707311 0.881244 0.850009 0.923481
0.783532 0.646221 0.000000 0.369902 0.886953 0.913186 0.636097 0.803368 0.741774 0.903027 0.948538 0.665735 0.779921 0.904047 0.726526 0.790573 0.645311 0.603211 0.817632 0.968328 0.982032 0.960887 0.525886 0.723431 0.764885 0.677678 0.887860 0.874277 0.889966 0.641445 0.525039 0.694370 0.766370 0.847606 0.696143 0.803970 0.928062 0.933636 0.824576 0.998894 0.955739 0.731059 0.837968 0.913532 0.940890 0.824838 0.782829 0.844048 0.761926 0.927819 0.999856 0.955657 0.830597 0.752646 0.879331 0.890550 0.669776 0.560988 0.831699 0.787939 0.744231 0.958418 0.885585 0.535030 0.414197 0.515004 0.658279 0.747324 0.800989 0.836068 0.806073 0.856440 0.867547 0.865809 0.975171 0.878450 0.746848 0.759722 0.749655 0.751432 0.534250 0.545629 0.825501 0.595699 0.682896 0.866439 0.891007 0.968782 0.905066 0.987062 0.883676 0.688480 0.977333 0.636277 0.950696 0.998975 0.797079 0.988067 0.972387 0.882643 0.977615 0.777615 0.888682 0.896151 0.899862 0.836862 0.983683 0.695271 0.877226 0.945965 0.944045 0.922475 0.952276 0.957682 0.992113 0.828326
0.913012 0.807007 0.369902 0.000000 0.978942 0.923970 0.764372 0.798750 0.839475 0.764526 0.997632 0.772515 0.796036 0.766117 0.798501 0.910760 0.749769 0.734711 0.789449 0.896125 0.987933 0.979483 0.507472 0.552903 0.640531 0.642620 0.802069 0.707553 0.938863 0.725805 0.486018 0.640247 0.743670 0.852415 0.629896 0.844057 0.814289 0.977281 0.793430 0.988696 0.901722 0.842914 0.836518 0.893966 0.830970 0.740937 0.820743 0.866910 0.635914 0.903001 0.933675 0.963729 0.899042 0.784765 0.767060 0.982258 0.806283 0.701109 0.821249 0.850824 0.879571 0.951112 0.914507 0.620760 0.456303 0.494764 0.675402 0.760301 0.925242 0.915006 0.801245 0.778065 0.715817 0.760051 0.923452 0.837661 0.771472 0.821971 0.926332 0.838568 0.735935 0.741553 0.990767 0.759575 0.694822 0.717013 0.976273 0.980286 0.902744 0.841011 0.912442 0.785753 0.929140 0.698843 0.888457 0.887363 0.815594 0.959344 0.938964 0.957360 0.904052 0.748379 0.931925 0.988792 0.825375 0.822996 0.944410 0.775275 0.804512 0.913890 0.968917 0.811896 0.905985 0.815314 0.966084 0.783113
0.862266 0.874704 0.886953 0.978942 0.000000 0.747403 0.773322 0.811156 0.923123 0.761334 0.752296 0.771651 0.807386 0.809203 0.935572 0.999066 0.990721 0.881561 0.724710 0.709534 0.871808 0.939633 0.907673 0.982902 0.910653 0.803478 0.886011 0.904546 0.918123 0.900002 0.900602 0.806930 0.712980 0.784096 0.826801 0.841851 0.997085 0.916772 0.848394 0.849312 0.973702 0.899101 0.860868 0.888446 0.820917 0.827220 0.918779 0.806245 0.947001 0.934782 0.918191 0.961365 0.887061 0.910524 0.864122 0.964436 0.894830 0.893005 0.838665 0.882011 0.782697 0.924445 0.807898 0.941120 0.969959 0.947814 0.713519 0.730402 0.992940 0.956663 0.823350 0.922792 0.883294 0.791138 0.934114 0.871031 0.861504 0.790158 0.912791 0.993085 0.915108 0.836000 0.998712 0.946305 0.903045 0.967786 0.906709 0.936295 0.971292 0.769492 0.807051 0.754780 0.831224 0.793936 0.949346 0.984728 0.949187 0.983640 0.827782 0.846077 0.933433 0.869871 0.881534 0.915917 0.935894 0.985951 0.874877 0.977990 0.978274 0.914222 0.811491 0.928638 0.903075 0.901648 0.847669 0.874731
0.650959 0.755216 0.913186 0.923970 0.747403 0.000000 0.653719 0.612562 0.642559 0.541426 0.603431 0.602780 0.762313 0.833176 0.998764 0.858297 0.696568 0.677605 0.649767 0.721243 0.929380 0.960406 0.759867 0.783743 0.719045 0.708863 0.757405 0.972740 0.724136 0.717462 0.918963 0.845554 0.817549 0.655179 0.868571 0.823938 0.984572 0.980900 0.980196 0.847307 0.942796 0.901062 0.666614 0.642672 0.622114 0.626989 0.919603 0.729513 0.746013 0.814207 0.906166 0.895878 0.889095 0.827795 0.747033 0.989533 0.656092 0.854108 0.807021 0.976748 0.708000 0.853147 0.727275 0.752953 0.706351 0.861455 0.822181 0.791506 0.981956 0.893776 0.817253 0.754796 0.836015 0.724964 0.921478 0.710839 0.712066 0.790023 0.760362 0.860944 0.912872 0.820142 0.921971 0.978824 0.763233 0.728035 0.906617 0.914200 0.923621 0.688202 0.661129 0.733720 0.670093 0.772268 0.975599 0.934539 0.720589 0.822614 0.566601 0.669045 0.697607 0.692025 0.696670 0.697550 0.938028 0.889210 0.631687 0.919267 0.894332 0.983451 0.890432 0.768674 0.791496 0.762433 0.995506 0.727689
0.732394 0.893816 0.636097 0.764372 0.773322 0.653719 0.000000 0.332454 0.586578 0.461119 0.400525 0.747077 0.519023 0.705476 0.905402 0.901566 0.841659 0.840994 0.428297 0.705004 0.838568 0.903166 0.930102 0.778753 0.599231 0.729119 0.656114 0.846239 0.679831 0.798405 0.842703 0.711082 0.572519 0.455134 0.950638 0.980377 0.965289 0.827335 0.993146 0.929122 0.980357 0.756758 0.529693 0.543908 0.421615 0.547529 0.642382 0.532088 0.678656 0.704701 0.659430 0.656703 0.630024 0.542374 0.859347 0.956497 0.847353 0.947296 0.497013 0.781098 0.349864 0.741367 0.575196 0.888657 0.915080 0.866596 0.494510 0.501459 0.838129 0.957665 0.667769 0.753883 0.849583 0.711046 0.997382 0.696454 0.528378 0.650183 0.935125 0.994974 0.857327 0.865915 0.807031 0.829280 0.902463 0.725707 0.968908 0.738529 0.940802 0.692961 0.442532 0.380413 0.685430 0.529367 0.793454 0.844482 0.811554 0.800095 0.497506 0.441846 0.567478 0.521415 0.745167 0.685703 0.962724 0.724039 0.805143 0.685973 0.883883 0.970643 0.716158 0.725878 0.575846 0.864622 0.973245 0.978084
0.539790 0.678477 0.803368 0.798750 0.811156 0.612562 0.332454 0.000000 0.546757 0.440469 0.351634 0.521168 0.536890 0.527509 0.958720 0.943836 0.622172 0.632797 0.308464 0.556085 0.742359 0.884653 0.810627 0.732608 0.598082 0.719255 0.651331 0.899173 0.503893 0.587146 0.870087 0.671290 0.526310 0.420414 0.908682 0.866030 0.948776 0.897179 0.975886 0.942057 0.992433 0.916826 0.399017 0.418254 0.389819 0.468633 0.652351 0.441256 0.564824 0.597074 0.603734 0.602360 0.611366 0.565122 0.819728 0.891337 0.631217 0.850080 0.509608 0.761681 0.409806 0.633404 0.527592 0.690034 0.813816 0.912477 0.639861 0.563249 0.969729 0.852920 0.689314 0.746627 0.792320 0.679041 0.982786 0.705575 0.546023 0.702390 0.922118 0.841903 0.956036 0.983716 0.849494 0.943493 0.679017 0.622125 0.867298 0.658012 0.828688 0.762704 0.360764 0.417882 0.661431 0.613043 0.753605 0.818658 0.787173 0.735092 0.420105 0.381525 0.482131 0.458986 0.557312 0.545895 0.984379 0.703450 0.831823 0.718566 0.920629 0.972366 0.764513 0.656428 0.566930 0.801344 0.872648 0.967419
0.761198 0.927134 0.741774 0.839475 0.923123 0.642559 0.586578 0.546757 0.000000 0.685355 0.651107 0.794783 0.746177 0.796516 0.921230 0.827346 0.865872 0.884139 0.703383 0.808441 0.792444 0.942966 0.911111 0.860920 0.884880 0.929243 0.883314 0.949240 0.808044 0.914546 0.787482 0.816422 0.749944 0.695384 0.944236 0.773694 0.784548 0.911328 0.952055 0.954871 0.984127 0.912841 0.654198 0.696601 0.648542 0.726518 0.697850 0.719723 0.731758 0.635668 0.646232 0.634660 0.592227 0.563027 0.831899 0.909527 0.859664 0.980495 0.710560 0.698015 0.554750 0.635041 0.950898 0.921186 0.890065 0.792765 0.897218 0.881789 0.963630 0.872598 0.801360 0.847827 0.918587 0.813265 0.962008 0.858349 0.648504 0.821605 0.890985 0.997495 0.853221 0.812045 0.863354 0.939238 0.862919 0.691299 0.955566 0.874052 0.990354 0.854097 0.657385 0.710700 0.833579 0.744752 0.911040 0.992222 0.921372 0.881712 0.649323 0.672563 0.750918 0.775607 0.763122 0.894891 0.982403 0.699904 0.783237 0.820300 0.914961 0.962568 0.904211 0.857575 0.789443 0.895201 0.855295 0.995703
0.675567 0.710395 0.903027 0.764526 0.761334 0.541426 0.461119 0.440469 0.685355 0.000000 0.428136 0.572386 0.649143 0.732468 0.971501 0.896763 0.613567 0.593178 0.530485 0.737681 0.761622 0.881051 0.584586 0.523332 0.411704 0.467164 0.615914 0.740714 0.546315 0.550509 0.856491 0.889763 0.808115 0.560160 0.668416 0.833487 0.876852 0.851267 0.866451 0.852114 0.900434 0.858129 0.552508 0.542227 0.332164 0.339981 0.830235 0.582659 0.411219 0.635466 0.641012 0.755194 0.776325 0.758802 0.664402 0.938920 0.644702 0.811975 0.735136 0.914021 0.533430 0.720403 0.564381 0.617982 0.526502 0.767331 0.817732 0.761133 0.855631 0.967801 0.757674 0.832426 0.955727 0.870562 0.926514 0.765780 0.634095 0.793062 0.931148 0.879853 0.944979 0.986618 0.805967 0.983249 0.578636 0.503977 0.983264 0.822134 0.758487 0.529925 0.473448 0.535810 0.736932 0.786908 0.781074 0.949157 0.729231 0.730669 0.452095 0.454866 0.576612 0.689104 0.607363 0.623402 0.882425 0.925371 0.853038 0.851678 0.990248 0.943910 0.669004 0.525588 0.557845 0.775094 0.923909 0.902873
0.511681 0.692103 0.948538 0.997632 0.752296 0.603431 0.400525 0.351634 0.651107 0.428136 0.000000 0.522778 0.479711 0.564885 0.982891 0.971713 0.580245 0.589341 0.377219 0.512428 0.780684 0.876476 0.658676 0.623942 0.454442 0.597233 0.603838 0.839295 0.455899 0.599597 0.951662 0.797485 0.617294 0.455890 0.923788 0.845243 0.984724 0.791415 0.936029 0.968444 0.984652 0.950849 0.525532 0.484829 0.412174 0.458663 0.675562 0.546849 0.510569 0.614660 0.646916 0.711732 0.695509 0.728544 0.861968 0.877020 0.612808 0.804669 0.488757 0.886170 0.401839 0.759817 0.419864 0.617154 0.655685 0.884304 0.667821 0.627020 0.992827 0.864869 0.685656 0.743589 0.833299 0.686893 0.961230 0.673490 0.672254 0.700610 0.981197 0.913814 0.876090 0.864886 0.891831 0.960940 0.721864 0.659682 0.902080 0.778528 0.855264 0.658952 0.430662 0.474234 0.683630 0.719440 0.792539 0.859075 0.756728 0.800602 0.431885 0.383612 0.494729 0.633556 0.566550 0.547835 0.966009 0.782850 0.897304 0.748751 0.922101 0.957485 0.788728 0.653277 0.535204 0.856937 0.921535 0.946789
0.446060 0.461087 0.665735 0.772515 0.771651 0.602780 0.747077 0.521168 0.794783 0.572386 0.522778 0.000000 0.800772 0.630264 0.817580 0.729146 0.453535 0.401423 0.581165 0.534852 0.791629 0.867131 0.553612 0.647943 0.564480 0.597421 0.643301 0.844540 0.499935 0.409213 0.874395 0.907558 0.699046 0.628935 0.802899 0.827864 0.835701 0.982338 0.952685 0.973228 0.855197 0.850288 0.673790 0.618451 0.522311 0.494229 0.787463 0.572580 0.482605 0.602575 0.704140 0.694332 0.785126 0.827821 0.776892 0.886058 0.453386 0.520508 0.650048 0.839525 0.677698 0.603921 0.539519 0.385427 0.507553 0.812434 0.932263 0.805641 0.777555 0.587735 0.952569 0.921190 0.860061 0.726190 0.959452 0.828297 0.814823 0.965857 0.739155 0.715584 0.582568 0.612886 0.937198 0.662669 0.596595 0.654502 0.812535 0.756269 0.842073 0.826334 0.643977 0.830329 0.811339 0.949925 0.661017 0.842312 0.754643 0.818760 0.572001 0.684847 0.626041 0.737004 0.587490 0.592271 0.912477 0.882230 0.855131 0.970947 0.933863 0.878623 0.822350 0.784835 0.684115 0.789323 0.841301 0.828107
0.726538 0.919479 0.779921 0.796036 0.807386 0.762313 0.519023 0.536890 0.746177 0.649143 0.479711 0.800772 0.000000 0.439577 0.648103 0.795132 0.873534 0.840436 0.513753 0.630804 0.896155 0.943573 0.953784 0.967500 0.726354 0.756250 0.826183 0.963675 0.705865 0.803022 0.915461 0.757685 0.730001 0.647167 0.918230 0.895055 0.895156 0.702975 0.918874 0.974827 0.874692 0.840021 0.513781 0.519037 0.700272 0.693349 0.591896 0.597173 0.813677 0.822552 0.810331 0.934127 0.818892 0.830468 0.840512 0.981798 0.855664 0.934754 0.640205 0.908103 0.615994 0.912261 0.528240 0.932330 0.903392 0.890379 0.754283 0.882404 0.920937 0.996743 0.664730 0.644439 0.844974 0.803344 0.933971 0.647185 0.699194 0.770848 0.915814 0.949859 0.913972 0.911296 0.995973 0.880490 0.988497 0.919435 0.926326 0.967489 0.998451 0.722144 0.499620 0.512096 0.737061 0.711113 0.842310 0.781113 0.926648 0.889867 0.582168 0.504729 0.642924 0.732903 0.685239 0.647341 0.975319 0.947115 0.895261 0.696044 0.821254 0.951576 0.831276 0.826504 0.728697 0.773223 0.978532 0.941412
0.667281 0.758146 0.904047 0.766117 0.809203 0.833176 0.705476 0.527509 0.796516 0.732468 0.564885 0.630264 0.439577 0.000000 0.742689 0.649555 0.735528 0.711928 0.493719 0.507228 0.823548 0.909421 0.926569 0.945461 0.838532 0.788129 0.861813 0.953106 0.580853 0.647937 0.846719 0.742519 0.688104 0.608597 0.937418 0.896244 0.891383 0.851298 0.997966 0.979912 0.922442 0.994987 0.511637 0.537753 0.757246 0.739076 0.694180 0.565595 0.847300 0.826938 0.838823 0.878598 0.868595 0.855171 0.890106 0.970810 0.748616 0.907575 0.746276 0.981548 0.759718 0.949423 0.604500 0.822102 0.929105 0.981404 0.853554 0.893785 0.952561 0.839839 0.788476 0.778723 0.858799 0.741619 0.968293 0.637223 0.726573 0.886912 0.944372 0.968183 0.908675 0.953301 0.966806 0.937729 0.861475 0.979127 0.973128 0.919561 0.959969 0.827125 0.531110 0.671085 0.813440 0.874005 0.830000 0.724590 0.955175 0.859787 0.616560 0.584559 0.626442 0.745181 0.724522 0.737531 0.991445 0.951165 0.920452 0.776397 0.815943 0.895166 0.874864 0.817104 0.703554 0.900858 0.888213 0.944938
0.904813 0.856162 0.726526 0.798501 0.935572 0.998764 0.905402 0.958720 0.921230 0.971501 0.982891 0.817580 0.648103 0.742689 0.000000 0.663668 0.834969 0.827979 0.999892 0.938463 0.833593 0.935915 0.865051 0.767184 0.863699 0.856332 0.794783 0.744040 0.973277 0.909557 0.884142 0.848031 0.908012 0.933638 0.911293 0.943439 0.876164 0.771267 0.915293 0.940397 0.894957 0.913650 0.729376 0.814423 0.933823 0.974527 0.745093 0.857999 0.951344 0.910530 0.968276 0.907702 0.971164 0.961113 0.941160 0.769493 0.910455 0.817416 0.992329 0.824546 0.945919 0.864506 0.971046 0.802635 0.710212 0.916655 0.915213 0.808198 0.836928 0.824362 0.903018 0.926200 0.805077 0.815265 0.922911 0.919987 0.853951 0.923949 0.810052 0.792095 0.766134 0.707654 0.910376 0.809519 0.819907 0.903835 0.741301 0.992476 0.919274 0.939381 0.918761 0.903182 0.946601 0.958978 0.987162 0.934409 0.884455 0.952144 0.928056 0.892772 0.934161 0.980953 0.988613 0.985153 0.999480 0.964950 0.966947 0.719553 0.920966 0.935702 0.904796 0.881131 0.991735 0.898955 0.968773 0.891320
0.853390 0.830167 0.790573 0.910760 0.999066 0.858297 0.901566 0.943836 0.827346 0.896763 0.971713 0.729146 0.795132 0.649555 0.663668 0.000000 0.853171 0.828553 0.956795 0.802855 0.955479 0.988727 0.869291 0.878302 0.967752 0.992420 0.979984 0.936605 0.898039 0.762207 0.973833 0.913227 0.918600 0.951227 0.729418 0.782497 0.814828 0.979146 0.953876 0.831000 0.965911 0.871213 0.808064 0.871249 0.960221 0.882514 0.886351 0.823508 0.840544 0.910434 0.813010 0.907854 0.889693 0.937479 0.833310 0.892798 0.857276 0.829951 0.959234 0.941267 0.997985 0.878042 0.976056 0.808981 0.908924 0.940545 0.662992 0.718136 0.935700 0.898840 0.899142 0.950235 0.970844 0.965768 0.999127 0.881053 0.997504 0.862580 0.986856 0.948728 0.841131 0.849815 0.775622 0.700771 0.967516 0.946785 0.969526 0.911478 0.956925 0.932547 0.939193 0.835057 0.946421 0.772119 0.863415 0.937452 0.989812 0.961473 0.883504 0.965519 0.970122 0.895188 0.932247 0.990202 0.826756 0.869725 0.852576 0.946969 0.993715 0.989606 0.986419 0.960438 0.972145 0.908888 0.943430 0.987229
0.376384 0.332193 0.645311 0.749769 0.990721 0.696568 0.841659 0.622172 0.865872 0.613567 0.580245 0.453535 0.873534 0.735528 0.834969 0.853171 0.000000 0.271876 0.609208 0.564713 0.908389 0.800929 0.509724 0.621681 0.695830 0.669297 0.791488 0.843242 0.406543 0.364201 0.906803 0.875558 0.690895 0.599307 0.769922 0.885577 0.877766 0.859414 0.911180 0.877127 0.901895 0.860447 0.646959 0.571873 0.552480 0.528283 0.857717 0.717175 0.556168 0.562728 0.745517 0.732137 0.944080 0.927779 0.851455 0.794766 0.292262 0.355506 0.760876 0.916371 0.741284 0.658638 0.608523 0.330489 0.540594 0.837930 0.931463 0.867274 0.677037 0.594635 0.898688 0.845628 0.844692 0.785935 0.921105 0.772864 0.772666 0.887345 0.639634 0.602310 0.416185 0.591981 0.922208 0.692906 0.579881 0.738020 0.783010 0.682700 0.705381 0.885350 0.663932 0.833930 0.773971 0.976023 0.708022 0.897095 0.728643 0.879818 0.553717 0.586136 0.676658 0.801843 0.535964 0.668078 0.972480 0.931533 0.932419 0.996594 0.937576 0.937120 0.752835 0.677168 0.694027 0.860657 0.883653 0.914496
0.386824 0.305126 0.603211 0.734711 0.881561 0.677605 0.840994 0.632797 0.884139 0.593178 0.589341 0.401423 0.840436 0.711928 0.827979 0.828553 0.271876 0.000000 0.610738 0.530810 0.897686 0.912400 0.487695 0.676285 0.654625 0.595606 0.802887 0.798811 0.442907 0.346179 0.864056 0.854744 0.680139 0.614686 0.736613 0.811973 0.907776 0.919400 0.881398 0.972981 0.948379 0.855679 0.666193 0.581922 0.540362 0.481402 0.872798 0.653856 0.555676 0.568500 0.782820 0.726147 0.976897 0.960868 0.851129 0.813449 0.267612 0.331875 0.779316 0.949659 0.749164 0.673922 0.568768 0.316953 0.501106 0.791586 0.918511 0.883559 0.655327 0.567898 0.885206 0.874254 0.909216 0.775299 0.908449 0.842423 0.780156 0.814572 0.588762 0.596711 0.402310 0.547263 0.925777 0.673087 0.567614 0.723305 0.797276 0.694649 0.734305 0.876018 0.663755 0.815993 0.774899 0.983444 0.736400 0.856379 0.683440 0.921738 0.541412 0.599174 0.665960 0.831233 0.528590 0.656105 0.986244 0.944064 0.930368 0.965543 0.930811 0.946679 0.787705 0.655810 0.668511 0.832294 0.864030 0.926871
0.487344 0.622237 0.817632 0.789449 0.724710 0.649767 0.428297 0.308464 0.703383 0.530485 0.377219 0.581165 0.513753 0.493719 0.999892 0.956795 0.609208 0.610738 0.000000 0.469606 0.825726 0.906684 0.820966 0.784487 0.669261 0.695476 0.761208 0.959047 0.536419 0.615005 0.856716 0.648713 0.489290 0.400220 0.973445 0.936651 0.990189 0.836361 0.952010 0.907717 0.963153 0.975718 0.434008 0.402855 0.480209 0.531184 0.741264 0.502461 0.684477 0.616612 0.763346 0.741824 0.748835 0.741183 0.976948 0.840779 0.573723 0.793243 0.518137 0.860437 0.481824 0.829781 0.491309 0.696080 0.839794 0.982173 0.540703 0.546122 0.973700 0.812853 0.633856 0.787422 0.760178 0.627536 0.994903 0.692924 0.575287 0.649543 0.869445 0.914717 0.870430 0.932775 0.899568 0.938547 0.761043 0.740681 0.910661 0.721410 0.886789 0.787709 0.403276 0.413138 0.647933 0.638928 0.814364 0.802557 0.819103 0.760498 0.432274 0.394288 0.462491 0.508200 0.516508 0.544367 0.870812 0.772628 0.840395 0.816057 0.987411 0.969844 0.867293 0.670979 0.631555 0.864236 0.890936 0.975094
0.415927 0.536456 0.968328 0.896125 0.709534 0.721243 0.705004 0.556085 0.808441 0.737681 0.512428 0.534852 0.630804 0.507228 0.938463 0.802855 0.564713 0.530810 0.469606 0.000000 0.902680 0.926359 0.799612 0.928596 0.825594 0.786833 0.914218 0.998545 0.557361 0.652047 0.970830 0.683096 0.463081 0.525827 0.947863 0.987975 0.732430 0.954850 0.920015 0.994068 0.833384 0.836841 0.574480 0.555392 0.642194 0.689045 0.657212 0.585125 0.756081 0.654870 0.797454 0.805493 0.806709 0.901984 0.964728 0.899564 0.498808 0.606043 0.502885 0.863914 0.633547 0.817423 0.538602 0.621081 0.839164 0.983130 0.693224 0.698133 0.754010 0.646204 0.787436 0.792025 0.687433 0.645302 0.927412 0.766263 0.701740 0.781363 0.858654 0.847811 0.619906 0.660164 0.847358 0.890709 0.932188 0.977535 0.986266 0.791134 0.899177 0.923201 0.614737 0.687448 0.745798 0.893485 0.749537 0.725272 0.950709 0.828903 0.558786 0.572830 0.657907 0.805749 0.585325 0.590053 0.899608 0.799955 0.947415 0.854039 0.882171 0.941133 0.867847 0.796242 0.722326 0.862789 0.936062 0.961238
0.886959 0.941310 0.982032 0.987933 0.871808 0.929380 0.838568 0.742359 0.792444 0.761622 0.780684 0.791629 0.896155 0.823548 0.833593 0.955479 0.908389 0.897686 0.825726 0.902680 0.000000 0.947035 0.786957 0.773147 0.802131 0.907209 0.952047 0.972785 0.733364 0.881833 0.905200 0.994251 0.980217 0.968924 0.853356 0.794968 0.946459 0.929107 0.985868 0.797936 0.955253 0.917882 0.835404 0.882765 0.837655 0.850931 0.822058 0.875661 0.806643 0.871253 0.989579 0.960711 0.953329 0.981206 0.912809 0.928981 0.871538 0.958088 0.890278 0.973544 0.854496 0.794661 0.895074 0.825922 0.927894 0.955070 0.876874 0.972247 0.983044 0.997760 0.996600 0.955649 0.720244 0.949786 0.874325 0.841363 0.898576 0.955508 0.991228 0.986971 0.886429 0.853387 0.872575 0.926611 0.689514 0.601862 0.953602 0.718964 0.965438 0.965907 0.860991 0.827618 0.996871 0.988091 0.869307 0.956770 0.995443 0.855903 0.835056 0.790666 0.917626 0.887247 0.785999 0.839028 0.955680 0.905367 0.920859 0.868693 0.879291 0.902589 0.921978 0.817395 0.869787 0.922724 0.972698 0.874433
0.855154 0.800668 0.960887 0.979483 0.939633 0.960406 0.903166 0.884653 0.942966 0.881051 0.876476 0.867131 0.943573 0.909421 0.935915 0.988727 0.800929 0.912400 0.906684 0.926359 0.947035 0.000000 0.921930 0.838376 0.850677 0.972605 0.993580 0.856725 0.902379 0.885576 0.873069 0.837033 0.889158 0.937155 0.982237 0.958771 0.826158 0.921555 0.933489 0.914231 0.764517 0.928383 0.989221 0.939611 0.884638 0.906034 0.965889 0.932747 0.826851 0.868296 0.813784 0.947939 0.910664 0.912062 0.962548 0.822181 0.869042 0.837581 0.848103 0.896350 0.873468 0.828180 0.899941 0.842557 0.903956 0.951000 0.950804 0.871438 0.917229 0.874313 0.976311 0.969704 0.842769 0.984821 0.877133 0.993647 0.955984 0.980392 0.977039 0.938632 0.812067 0.876525 0.963413 0.966975 0.987627 0.938595 0.928448 0.952660 0.820254 0.913858 0.950880 0.989481 0.911485 0.937708 0.809654 0.925674 0.907304 0.995668 0.940504 0.964616 0.865522 0.914615 0.809740 0.943072 0.850277 0.968807 0.968917 0.883336 0.931512 0.841238 0.916453 0.937409 0.942609 0.948380 0.894812 0.921014
0.580472 0.627912 0.525886 0.507472 0.907673 0.759867 0.930102 0.810627 0.911111 0.584586 0.658676 0.553612 0.953784 0.926569 0.865051 0.869291 0.509724 0.487695 0.820966 0.799612 0.786957 0.921930 0.000000 0.407042 0.439447 0.604758 0.670230 0.721848 0.636938 0.602701 0.600096 0.851005 0.905931 0.860269 0.582014 0.644793 0.956894 0.962946 0.795987 0.991408 0.837292 0.944318 0.820295 0.764126 0.631330 0.566532 0.962439 0.881879 0.494276 0.700391 0.886259 0.889671 0.950102 0.887974 0.794808 0.905328 0.556387 0.643894 0.927848 0.888472 0.847747 0.845497 0.701799 0.469583 0.408838 0.544885 0.813443 0.896085 0.928029 0.786686 0.914297 0.964634 0.749538 0.926396 0.854903 0.986686 0.991444 0.977871 0.860119 0.849841 0.712857 0.775332 0.919095 0.717677 0.417997 0.486341 0.898461 0.750166 0.791421 0.828713 0.763236 0.899595 0.884359 0.895295 0.828967 0.948872 0.810234 0.882914 0.586034 0.723729 0.697911 0.996475 0.691543 0.703488 0.968858 0.992274 0.941109 0.863971 0.975318 0.937855 0.901397 0.633190 0.657364 0.959795 0.953976 0.888600
0.719410 0.771303 0.723431 0.552903 0.982902 0.783743 0.778753 0.732608 0.860920 0.523332 0.623942 0.647943 0.967500 0.945461 0.767184 0.878302 0.621681 0.676285 0.784487 0.928596 0.773147 0.838376 0.407042 0.000000 0.440642 0.673520 0.606515 0.695550 0.681154 0.700846 0.674979 0.820301 0.980910 0.865518 0.673632 0.860878 0.908724 0.949154 0.748847 0.961081 0.873815 0.977691 0.854405 0.855010 0.570448 0.544424 0.970617 0.854488 0.469057 0.657901 0.780985 0.834533 0.883070 0.968387 0.722079 0.911535 0.704900 0.749294 0.850277 0.923590 0.704597 0.727583 0.740506 0.604871 0.520834 0.719102 0.992332 0.911401 0.908791 0.841002 0.954950 0.930062 0.791850 0.889674 0.904437 0.967580 0.891921 0.928129 0.915169 0.918220 0.879586 0.954589 0.780610 0.956425 0.483811 0.415287 0.918743 0.689410 0.727830 0.723338 0.730311 0.815959 0.861749 0.901011 0.793649 0.977102 0.780618 0.865103 0.628143 0.664608 0.787904 0.838920 0.767016 0.791889 0.893307 0.898062 0.990187 0.922623 0.855527 0.992217 0.847844 0.640901 0.584456 0.937993 0.918396 0.886192
0.721853 0.820345 0.764885 0.640531 0.910653 0.719045 0.599231 0.598082 0.884880 0.411704 0.454442 0.564480 0.726354 0.838532 0.863699 0.967752 0.695830 0.654625 0.669261 0.825594 0.802131 0.850677 0.439447 0.440642 0.000000 0.465499 0.497608 0.728719 0.625947 0.639278 0.660760 0.874834 0.938196 0.709096 0.671880 0.779892 0.827158 0.773025 0.795816 0.874873 0.803327 0.956720 0.784890 0.727960 0.444509 0.456474 0.897434 0.745502 0.435800 0.734291 0.727292 0.808618 0.824160 0.889094 0.819465 0.866758 0.735611 0.879184 0.746396 0.948978 0.635547 0.878269 0.479993 0.590100 0.383206 0.552280 0.914099 0.873250 0.930010 0.923679 0.961643 0.958406 0.869721 0.933030 0.908813 0.977404 0.891566 0.848054 0.964465 0.991043 0.946939 0.924249 0.793170 0.910550 0.515895 0.495102 0.917596 0.864579 0.771682 0.663293 0.596979 0.650893 0.803275 0.835987 0.741897 0.877394 0.781482 0.850511 0.574006 0.587008 0.592768 0.822518 0.699434 0.638055 0.903112 0.929493 0.950959 0.978108 0.989443 0.913693 0.848757 0.674472 0.561385 0.846695 0.963109 0.876442
0.758381 0.751429 0.677678 0.642620 0.803478 0.708863 0.729119 0.719255 0.929243 0.467164 0.597233 0.597421 0.756250 0.788129 0.856332 0.992420 0.669297 0.595606 0.695476 0.786833 0.907209 0.972605 0.604758 0.673520 0.465499 0.000000 0.616240 0.717330 0.686890 0.557600 0.783703 0.927699 0.894081 0.749767 0.817271 0.937723 0.815948 0.776358 0.761565 0.826902 0.859076 0.933025 0.852168 0.772348 0.568196 0.559339 0.986217 0.775465 0.631575 0.811058 0.884594 0.930417 0.981225 0.993522 0.796543 0.893709 0.722099 0.774993 0.866422 0.924617 0.840572 0.983113 0.548347 0.620806 0.396110 0.539191 0.879550 0.876323 0.972463 0.939592 0.807467 0.902875 0.927197 0.868296 0.896209 0.845327 0.795241 0.914879 0.860031 0.859414 0.834910 0.755192 0.946371 0.873765 0.661752 0.742017 0.895816 0.929394 0.795730 0.738044 0.657873 0.698241 0.780252 0.923037 0.782583 0.874157 0.707728 0.849571 0.625924 0.682255 0.757711 0.816746 0.804359 0.649111 0.862828 0.891702 0.988625 0.940237 0.931422 0.886619 0.799353 0.721056 0.665181 0.823570 0.930780 0.859224
0.856957 0.962324 0.887860 0.802069 0.886011 0.757405 0.656114 0.651331 0.883314 0.615914 0.603838 0.643301 0.826183 0.861813 0.794783 0.979984 0.791488 0.802887 0.761208 0.914218 0.952047 0.993580 0.670230 0.606515 0.497608 0.616240 0.000000 0.678353 0.787651 0.684032 0.892209 0.895131 0.864521 0.775575 0.724190 0.918843 0.910154 0.907783 0.939994 0.971749 0.845939 0.935513 0.790650 0.802028 0.643470 0.706309 0.817106 0.852158 0.652818 0.896514 0.824844 0.857530 0.781824 0.862396 0.781018 0.982225 0.910210 0.984249 0.848030 0.958401 0.689408 0.897531 0.633817 0.698793 0.591947 0.737648 0.955015 0.827608 0.928859 0.985168 0.894485 0.976760 0.985164 0.945325 0.934482 0.982185 0.976996 0.954653 0.960595 0.891040 0.982712 0.917911 0.715817 0.802720 0.647057 0.649461 0.829991 0.947479 0.888289 0.799606 0.726856 0.774046 0.802603 0.969365 0.943694 0.925122 0.824074 0.994044 0.741198 0.767371 0.680497 0.794019 0.923390 0.796652 0.892079 0.905588 0.898428 0.933311 0.922061 0.963497 0.919940 0.888386 0.690193 0.931301 0.972532 0.998561
0.949962 0.850284 0.874277 0.707553 0.904546 0.972740 0.846239 0.899173 0.949240 0.740714 0.839295 0.844540 0.963675 0.953106 0.744040 0.936605 0.843242 0.798811 0.959047 0.998545 0.972785 0.856725 0.721848 0.695550 0.728719 0.717330 0.678353 0.000000 0.914753 0.759891 0.694144 0.889005 0.921900 0.914422 0.694391 0.919684 0.976733 0.937615 0.937411 0.968735 0.989890 0.994732 0.986809 0.968465 0.745104 0.760273 0.965476 0.961443 0.712391 0.851343 0.838919 0.869475 0.955688 0.954710 0.805222 0.928315 0.950249 0.872640 0.970428 0.804799 0.800172 0.742983 0.810803 0.752352 0.742387 0.951484 0.978482 0.851177 0.926309 0.971602 0.945785 0.910922 0.832449 0.932687 0.869566 0.955775 0.943700 0.954982 0.968553 0.762580 0.868986 0.839857 0.769643 0.909381 0.815999 0.820398 0.833934 0.878660 0.865039 0.854866 0.947997 0.956707 0.946345 0.824434 0.780083 0.876296 0.932393 0.977531 0.885338 0.908086 0.998033 0.965082 0.998009 0.955000 0.942602 0.903798 0.991601 0.832549 0.995582 0.889094 0.824831 0.766601 0.855422 0.962198 0.945696 0.980478
0.540764 0.555256 0.889966 0.938863 0.918123 0.724136 0.679831 0.503893 0.808044 0.546315 0.455899 0.499935 0.705865 0.580853 0.973277 0.898039 0.406543 0.442907 0.536419 0.557361 0.733364 0.902379 0.636938 0.681154 0.625947 0.686890 0.787651 0.914753 0.000000 0.435532 0.989790 0.897590 0.695115 0.621553 0.818480 0.838017 0.922267 0.983764 0.957136 0.877873 0.971088 0.995211 0.563857 0.550341 0.536246 0.543713 0.749694 0.621293 0.578464 0.637874 0.716680 0.738932 0.887080 0.869568 0.850400 0.828317 0.479338 0.626484 0.709064 0.886698 0.666505 0.710083 0.564805 0.513950 0.658294 0.881738 0.894151 0.837506 0.821173 0.679553 0.903213 0.878395 0.824561 0.760537 0.944625 0.770296 0.730759 0.841257 0.769327 0.809874 0.671837 0.823318 0.954838 0.804202 0.655900 0.739397 0.895490 0.690405 0.759036 0.773784 0.604603 0.753397 0.798158 0.956232 0.706850 0.769269 0.879581 0.829021 0.559437 0.524992 0.638275 0.747606 0.539775 0.677338 0.984777 0.942906 0.927221 0.811204 0.937377 0.938234 0.693086 0.761575 0.647920 0.764315 0.869097 0.855964
0.540620 0.423636 0.641445 0.725805 0.900002 0.717462 0.798405 0.587146 0.914546 0.550509 0.599597 0.409213 0.803022 0.647937 0.909557 0.762207 0.364201 0.346179 0.615005 0.652047 0.881833 0.885576 0.602701 0.700846 0.639278 0.557600 0.684032 0.759891 0.435532 0.000000 0.897636 0.915476 0.717962 0.675303 0.627776 0.799822 0.987104 0.987637 0.971309 0.913073 0.990231 0.929035 0.650531 0.598883 0.551848 0.492816 0.931482 0.656134 0.550659 0.664441 0.710151 0.735350 0.908216 0.862361 0.796798 0.820377 0.413508 0.459527 0.812986 0.863164 0.737985 0.685806 0.548022 0.374385 0.499081 0.795111 0.990161 0.889243 0.730492 0.697331 0.929911 0.905549 0.906082 0.824320 0.959198 0.815088 0.859846 0.943191 0.643216 0.534621 0.493429 0.614616 0.934409 0.681019 0.574381 0.756338 0.835744 0.811144 0.788715 0.836895 0.660321 0.831094 0.791129 0.960650 0.740965 0.881144 0.688344 0.896838 0.588135 0.665642 0.693456 0.767274 0.606289 0.708803 0.907256 0.998743 0.896490 0.979008 0.933223 0.881326 0.754502 0.728469 0.761023 0.745988 0.908897 0.905297
0.922380 0.886303 0.525039 0.486018 0.900602 0.918963 0.842703 0.870087 0.787482 0.856491 0.951662 0.874395 0.915461 0.846719 0.884142 0.973833 0.906803 0.864056 0.856716 0.970830 0.905200 0.873069 0.600096 0.674979 0.660760 0.783703 0.892209 0.694144 0.989790 0.897636 0.000000 0.656174 0.755562 0.838503 0.710848 0.954593 0.862277 0.999566 0.740644 0.963667 0.850268 0.795684 0.857604 0.912568 0.907909 0.847492 0.996678 0.928026 0.740849 0.900804 0.939342 0.985857 0.918530 0.835804 0.879053 0.957752 0.915739 0.836107 0.976510 0.908782 0.942243 0.971551 0.818429 0.734876 0.588549 0.622934 0.805898 0.814129 0.995083 0.979503 0.632861 0.659510 0.705113 0.625882 0.793527 0.716233 0.779779 0.890340 0.995162 0.997791 0.886207 0.850827 0.988027 0.903923 0.765043 0.752769 0.838283 0.985988 0.838237 0.999544 0.918291 0.856508 0.812293 0.801198 0.800430 0.966229 0.961888 0.964303 0.956157 0.948281 0.871128 0.786758 0.959973 0.942918 0.935831 0.861132 0.957165 0.749410 0.990075 0.974414 0.966652 0.843547 0.918654 0.901200 0.958601 0.902125
0.792560 0.811609 0.694370 0.640247 0.806930 0.845554 0.711082 0.671290 0.816422 0.889763 0.797485 0.907558 0.757685 0.742519 0.848031 0.913227 0.875558 0.854744 0.648713 0.683096 0.994251 0.837033 0.851005 0.820301 0.874834 0.927699 0.895131 0.889005 0.897590 0.915476 0.656174 0.000000 0.652241 0.658915 0.862845 0.907535 0.813128 0.863402 0.748374 0.893595 0.816652 0.970348 0.738769 0.743811 0.803498 0.824274 0.769282 0.596252 0.968646 0.722471 0.793024 0.707953 0.788190 0.705707 0.826955 0.915676 0.785766 0.857944 0.691599 0.782577 0.697049 0.815004 0.841740 0.948335 0.830816 0.712573 0.636308 0.700886 0.981607 0.979888 0.730576 0.759484 0.790248 0.678328 0.980342 0.705128 0.591807 0.583112 0.888364 0.836073 0.955344 0.932003 0.857208 0.950802 0.945321 0.880699 0.978168 0.915806 0.966248 0.864035 0.708061 0.696576 0.833593 0.696419 0.862906 0.937747 0.923882 0.835844 0.828669 0.756501 0.872463 0.803840 0.877009 0.773419 0.852257 0.778262 0.920899 0.706367 0.980415 0.964025 0.886809 0.832161 0.917642 0.897612 0.978517 0.976424
0.587376 0.615317 0.766370 0.743670 0.712980 0.817549 0.572519 0.526310 0.749944 0.808115 0.617294 0.699046 0.730001 0.688104 0.908012 0.918600 0.690895 0.680139 0.489290 0.463081 0.980217 0.889158 0.905931 0.980910 0.938196 0.894081 0.864521 0.921900 0.695115 0.717962 0.755562 0.652241 0.000000 0.466628 0.856446 0.859451 0.809240 0.866482 0.928229 0.983124 0.810354 0.994438 0.602403 0.645518 0.610063 0.710757 0.694977 0.626600 0.868441 0.691298 0.748426 0.737621 0.753644 0.712440 0.952749 0.856732 0.631759 0.735887 0.453732 0.648118 0.532373 0.725111 0.615178 0.738093 0.980367 0.718089 0.453895 0.471139 0.805879 0.723395 0.672596 0.790939 0.661567 0.616016 0.882375 0.739648 0.635287 0.677809 0.799961 0.791838 0.731951 0.785738 0.963374 0.944398 0.969745 0.941046 0.941509 0.796719 0.822295 0.869168 0.640048 0.622932 0.781707 0.723254 0.804748 0.813666 0.815858 0.991025 0.668020 0.660145 0.662217 0.644635 0.653563 0.741171 0.863402 0.802473 0.993621 0.837521 0.853035 0.871834 0.866066 0.896681 0.759493 0.847440 0.961714 0.891234
0.544912 0.608992 0.847606 0.852415 0.784096 0.655179 0.455134 0.420414 0.695384 0.560160 0.455890 0.628935 0.647167 0.608597 0.933638 0.951227 0.599307 0.614686 0.400220 0.525827 0.968924 0.937155 0.860269 0.865518 0.709096 0.749767 0.775575 0.914422 0.621553 0.675303 0.838503 0.658915 0.466628 0.000000 0.995656 0.935902 0.853888 0.976169 0.910684 0.919843 0.916572 0.890959 0.577046 0.533852 0.438196 0.533275 0.678913 0.553130 0.649997 0.578128 0.640732 0.588214 0.702527 0.602527 0.996942 0.913898 0.579896 0.761675 0.485511 0.749584 0.449475 0.709969 0.523380 0.670871 0.864346 0.849655 0.483057 0.444636 0.826436 0.780615 0.673149 0.760149 0.715164 0.584872 0.849172 0.541126 0.605872 0.589815 0.863703 0.837674 0.828280 0.829717 0.992122 0.941469 0.893272 0.888676 0.923544 0.855714 0.909495 0.820508 0.498510 0.536704 0.687158 0.660071 0.802415 0.819436 0.756713 0.796794 0.508569 0.541805 0.539142 0.648425 0.641865 0.638591 0.825960 0.754204 0.836679 0.752268 0.916494 0.935824 0.834195 0.641802 0.587867 0.893105 0.909373 0.992795
0.996357 0.855650 0.696143 0.629896 0.826801 0.868571 0.950638 0.908682 0.944236 0.668416 0.923788 0.802899 0.918230 0.937418 0.911293 0.729418 0.769922 0.736613 0.973445 0.947863 0.853356 0.982237 0.582014 0.673632 0.671880 0.817271 0.724190 0.694391 0.818480 0.627776 0.710848 0.862845 0.856446 0.995656 0.000000 0.795996 0.883715 0.988047 0.986517 0.928471 0.858794 0.986146 0.852577 0.865182 0.763439 0.691746 0.973117 0.895798 0.684411 0.843673 0.795974 0.869170 0.922067 0.978763 0.720135 0.902584 0.821134 0.862654 0.892090 0.943399 0.912342 0.795650 0.876272 0.744959 0.654852 0.776684 0.709430 0.780269 0.987161 0.897809 0.851750 0.987756 0.790745 0.820637 0.999560 0.986344 0.888814 0.978277 0.830443 0.799535 0.926349 0.985034 0.936500 0.820071 0.609475 0.692383 0.983553 0.911171 0.851737 0.857780 0.924309 0.966631 0.969162 0.826833 0.841584 0.913191 0.867581 0.940200 0.796694 0.887936 0.825384 0.918395 0.902851 0.918099 0.859070 0.944449 0.934634 0.946214 0.989982 0.959525 0.917801 0.672229 0.751771 0.774962 0.977662 0.880695
0.848415 0.934693 0.803970 0.844057 0.841851 0.823938 0.980377 0.866030 0.773694 0.833487 0.845243 0.827864 0.895055 0.896244 0.943439 0.782497 0.885577 0.811973 0.936651 0.987975 0.794968 0.958771 0.644793 0.860878 0.779892 0.937723 0.918843 0.919684 0.838017 0.799822 0.954593 0.907535 0.859451 0.935902 0.795996 0.000000 0.995642 0.815457 0.968013 0.958916 0.778547 0.983022 0.812685 0.837915 0.954438 0.872092 0.877335 0.965887 0.861699 0.986440 0.973656 0.954417 0.872314 0.950332 0.781829 0.929636 0.831421 0.984631 0.893246 0.780043 0.942951 0.939923 0.989188 0.904520 0.778493 0.703018 0.652272 0.689370 0.960534 0.976091 0.913322 0.929195 0.891892 0.934263 0.827123 0.986643 0.924637 0.947702 0.975038 0.922739 0.985770 0.955802 0.862504 0.934354 0.625978 0.614245 0.945998 0.869300 0.981345 0.916505 0.828557 0.887956 0.895654 0.986770 0.890162 0.952589 0.853069 0.991984 0.773636 0.851855 0.748593 0.955434 0.770485 0.907098 0.867455 0.927785 0.986641 0.927471 0.948511 0.924261 0.950665 0.921446 0.936021 0.921689 0.998347 0.915693
0.883544 0.881348 0.928062 0.814289 0.997085 0.984572 0.965289 0.948776 0.784548 0.876852 0.984724 0.835701 0.895156 0.891383 0.876164 0.814828 0.877766 0.907776 0.990189 0.732430 0.946459 0.826158 0.956894 0.908724 0.827158 0.815948 0.910154 0.976733 0.922267 0.987104 0.862277 0.813128 0.809240 0.853888 0.883715 0.995642 0.000000 0.852089 0.883257 0.744031 0.707728 0.775055 0.977224 0.929729 0.971093 0.867338 0.887739 0.970762 0.997638 0.821795 0.800404 0.794506 0.785729 0.800499 0.879061 0.997376 0.886375 0.831192 0.811958 0.691835 0.897432 0.712435 0.888334 0.933468 0.833348 0.692353 0.991534 0.854274 0.818667 0.764656 0.945650 0.960531 0.775300 0.847215 0.960096 0.848496 0.941231 0.997679 0.931222 0.893414 0.847658 0.864326 0.860339 0.803690 0.936222 0.916010 0.892856 0.993420 0.892335 0.814620 0.931428 0.871452 0.960739 0.956150 0.714703 0.934300 0.948261 0.897352 0.983193 0.889222 0.935389 0.907345 0.993170 0.898969 0.936581 0.893913 0.977574 0.962175 0.808367 0.980627 0.956902 0.892106 0.945135 0.966525 0.979046 0.906576
0.932843 0.822909 0.933636 0.977281 0.916772 0.980900 0.827335 0.897179 0.911328 0.851267 0.791415 0.982338 0.702975 0.851298 0.771267 0.979146 0.859414 0.919400 0.836361 0.954850 0.929107 0.921555 0.962946 0.949154 0.773025 0.776358 0.907783 0.937615 0.983764 0.987637 0.999566 0.863402 0.866482 0.976169 0.988047 0.815457 0.852089 0.000000 0.909462 0.876539 0.888381 0.984910 0.940580 0.903599 0.997251 0.992420 0.993526 0.930048 0.987814 0.872948 0.950146 0.912763 0.960582 0.984353 0.999568 0.856321 0.893684 0.817859 0.981125 0.675827 0.971898 0.753985 0.840065 0.892021 0.917518 0.717710 0.998682 0.920574 0.788531 0.860277 0.808273 0.909011 0.954569 0.963153 0.819992 0.997717 0.946973 0.908314 0.877834 0.849948 0.801202 0.800536 0.863648 0.851578 0.931821 0.874660 0.959199 0.916898 0.866863 0.984114 0.801809 0.708441 0.893676 0.854621 0.971800 0.929604 0.894506 0.921502 0.892200 0.794503 0.919983 0.884050 0.982183 0.887395 0.788038 0.950934 0.978374 0.831332 0.984154 0.992693 0.960515 0.966605 0.976293 0.954161 0.845954 0.968603
