0.000000 0.508396 0.775298 0.773288 0.914865 0.971495 0.785942 0.838188 0.792724 0.991846 0.725843 0.738359 0.948784 0.993626 0.872006 0.986418 0.545691 0.537482 0.452878 0.556543 0.869307 0.822780 0.840645 0.981664 0.711852 0.800367 0.944903 0.946440 0.699315 0.777245 0.812609 0.942286 0.671936 0.523979 0.867454 0.985567 0.888112 0.981972 0.793963 0.825642 0.949395 0.853867 0.635885 0.567315 0.972253 0.885673 0.650492 0.719072 0.978832 0.912303 0.914976 0.910208 0.834561 0.714662 0.767232 0.998613 0.422781 0.508560 0.543410 0.680542 0.797489 0.849072 0.728582 0.777459 0.811548 0.828897 0.691865 0.701368 0.671855 0.602264 0.721533 0.785032 0.652553 0.683999 0.975892 0.892926 0.659562 0.731950 0.883307 0.692093 0.604838 0.601155 0.946283 0.752563 0.856810 0.887781 0.714481 0.895059 0.879420 0.784893 0.821731 0.879597 0.866456 0.971187 0.898768 0.812122 0.754696 0.840146 0.908154 0.839172 0.798960 0.986277 0.734430 0.664178 0.888660 0.897267 0.895574 0.992240 0.864495 0.684137 0.741078 0.997824 0.889150 0.997811 0.862234 0.722316
0.508396 0.000000 0.947022 0.797184 0.944142 0.961866 0.937141 0.719662 0.753447 0.818065 0.859377 0.534870 0.879072 0.810629 0.956888 0.763465 0.546914 0.507465 0.562871 0.572935 0.909245 0.901918 0.963771 0.958803 0.858077 0.958957 0.912112 0.920432 0.618194 0.688713 0.737587 0.896687 0.565443 0.498104 0.909190 0.987983 0.783356 0.815794 0.942347 0.856676 0.944289 0.879981 0.578149 0.505300 0.765925 0.678473 0.574700 0.541677 0.823072 0.774859 0.748622 0.856175 0.965560 0.877093 0.725805 0.968942 0.392768 0.372070 0.607056 0.747013 0.712366 0.640785 0.604556 0.540281 0.870786 0.879256 0.729219 0.675503 0.843062 0.531680 0.530943 0.627325 0.777012 0.750568 0.958401 0.924369 0.594001 0.760952 0.651802 0.688233 0.483683 0.573691 0.815477 0.708278 0.893851 0.904116 0.880163 0.942649 0.809354 0.837591 0.836885 0.803242 0.912166 0.862283 0.765878 0.788800 0.694869 0.741927 0.706095 0.770490 0.794966 0.942789 0.670908 0.744430 0.832702 0.825434 0.941170 0.969997 0.896394 0.742211 0.716544 0.856567 0.844303 0.826482 0.764347 0.901138
0.775298 0.947022 0.000000 0.438225 0.965418 0.961017 0.342973 0.655751 0.673130 0.963326 0.889111 0.795107 0.735467 0.843550 0.927326 0.818894 0.908590 0.849583 0.734898 0.896175 0.716895 0.850362 0.762872 0.802039 0.511058 0.587616 0.979270 0.988885 0.799192 0.697541 0.897540 0.972546 0.772919 0.773100 0.690449 0.924973 0.811763 0.997851 0.842722 0.837084 0.989009 0.833544 0.701645 0.840849 0.797176 0.850799 0.704770 0.867873 0.771360 0.980401 0.910783 0.877830 0.906487 0.769778 0.909723 0.849944 0.990301 0.961720 0.560836 0.686485 0.690911 0.959495 0.871763 0.760245 0.399976 0.518889 0.493442 0.547671 0.944544 0.842896 0.979519 0.985805 0.930229 0.951432 0.953192 0.951209 0.808865 0.896172 0.898522 0.967409 0.972523 0.940349 0.851119 0.977134 0.578011 0.745525 0.667474 0.858101 0.713863 0.656885 0.719297 0.685421 0.640071 0.575641 0.938438 0.760514 0.899424 0.942242 0.838583 0.732961 0.711405 0.884776 0.962559 0.929275 0.641625 0.731701 0.968310 0.858154 0.786922 0.977230 0.932503 0.987670 0.963000 0.816088 0.766629 0.729141
0.773288 0.797184 0.438225 0.000000 0.945268 0.961215 0.449813 0.513565 0.823834 0.978612 0.965672 0.999841 0.827020 0.932257 0.926795 0.983458 0.916689 0.927228 0.790566 0.844735 0.751578 0.893947 0.666475 0.638819 0.664804 0.636326 0.951667 0.931152 0.797753 0.720257 0.924852 0.984387 0.733406 0.682188 0.691998 0.906791 0.757773 0.913393 0.757809 0.897033 0.951667 0.816287 0.730104 0.788199 0.858195 0.921385 0.717517 0.805019 0.803958 0.958520 0.827475 0.757866 0.904939 0.723622 0.868891 0.810301 0.880797 0.880789 0.600562 0.660444 0.697225 0.763332 0.974063 0.985847 0.396331 0.380594 0.444462 0.402882 0.949075 0.896848 0.890601 0.808322 0.804165 0.843855 0.946069 0.921285 0.680928 0.800951 0.995521 0.972540 0.840691 0.839922 0.973829 0.900074 0.541545 0.667305 0.814906 0.895807 0.867549 0.576720 0.729583 0.708175 0.630076 0.654548 0.980175 0.701464 0.778585 0.997244 0.689809 0.679868 0.618599 0.813032 0.952380 0.936298 0.543754 0.672867 0.888950 0.747793 0.773375 0.868235 0.837818 0.972441 0.933278 0.882893 0.714987 0.769325
0.914865 0.944142 0.965418 0.945268 0.000000 0.918533 0.898971 0.986413 0.817156 0.935054 0.824109 0.994877 0.734515 0.856049 0.824723 0.916305 0.934067 0.919435 0.995737 0.965432 0.816342 0.808192 0.821901 0.878435 0.989357 0.913982 0.911553 0.889445 0.971101 0.924120 0.937631 0.996166 0.975550 0.985698 0.973575 0.828732 0.984955 0.904832 0.955139 0.937256 0.982294 0.970828 0.848076 0.905352 0.849302 0.972213 0.973183 0.948332 0.962555 0.950848 0.912766 0.989511 0.877999 0.793717 0.895912 0.869076 0.964762 0.911392 0.822838 0.815500 0.773542 0.953503 0.808878 0.960026 0.967399 0.914651 0.969082 0.980987 0.777785 0.940321 0.944657 0.916339 0.927823 0.986944 0.960523 0.969267 0.867896 0.959896 0.937744 0.879877 0.894606 0.873173 0.848154 0.769157 0.746814 0.651325 0.964074 0.771521 0.902085 0.966287 0.968013 0.966233 0.958440 0.956505 0.987753 0.861113 0.830947 0.943290 0.979806 0.989255 0.943778 0.932606 0.883204 0.845283 0.947328 0.920745 0.911945 0.916695 0.985778 0.915087 0.957102 0.905282 0.853377 0.953734 0.983771 0.961410
0.971495 0.961866 0.961017 0.961215 0.918533 0.000000 0.963319 0.981341 0.994609 0.959180 0.933164 0.941885 0.952416 0.913373 0.992005 0.751577 0.874083 0.926762 0.987343 0.952150 0.927277 0.951716 0.842869 0.860467 0.926020 0.862946 0.904163 0.833855 0.942630 0.932660 0.799640 0.956176 0.973920 0.942729 0.868429 0.955942 0.776523 0.956257 0.873039 0.907801 0.879851 0.969663 0.940214 0.862258 0.931235 0.996048 0.935603 0.905110 0.907788 0.972048 0.945553 0.930281 0.913888 0.905757 0.889577 0.847861 0.972937 0.996864 0.795457 0.847571 0.943552 0.989333 0.947861 0.965138 0.975590 0.969219 0.953169 0.928035 0.867464 0.941446 0.788321 0.854520 0.866529 0.794936 0.926574 0.953109 0.973766 0.838100 0.982944 0.936456 0.962918 0.944219 0.986252 0.995496 0.910989 0.864671 0.940616 0.840976 0.829663 0.964513 0.826812 0.872637 0.783978 0.944078 0.868725 0.987239 0.964054 0.931639 0.917483 0.930134 0.839156 0.971595 0.992098 0.931086 0.868896 0.991117 0.992430 0.982347 0.929802 0.969049 0.996665 0.954597 0.963389 0.988504 0.868557 0.944400
0.785942 0.937141 0.342973 0.449813 0.898971 0.963319 0.000000 0.570360 0.670224 0.952362 0.884531 0.864827 0.624261 0.992304 0.976099 0.937099 0.919513 0.883876 0.782531 0.902561 0.756272 0.888793 0.740413 0.828069 0.625273 0.649431 0.987449 0.970737 0.828261 0.755380 0.977782 0.909357 0.755917 0.756589 0.708440 0.975345 0.914448 0.867437 0.876551 0.803938 0.984063 0.944421 0.800366 0.859972 0.804161 0.870250 0.788015 0.888575 0.722580 0.984532 0.870103 0.818890 0.981027 0.842884 0.995496 0.972566 0.961141 0.948647 0.571075 0.662991 0.541085 0.834030 0.998303 0.863304 0.413364 0.464036 0.515422 0.551971 0.884509 0.795132 0.903589 0.941173 0.879041 0.882792 0.959631 0.955001 0.807714 0.906799 0.891424 0.984201 0.890417 0.899685 0.894371 0.944009 0.505932 0.700211 0.712256 0.910773 0.678992 0.631462 0.693729 0.686619 0.726409 0.620872 0.953905 0.832288 0.986967 0.841009 0.794859 0.701545 0.756059 0.831388 0.909742 0.974104 0.637924 0.753329 0.937130 0.922332 0.736370 0.973315 0.887422 0.988814 0.964459 0.816099 0.803042 0.714276
0.838188 0.719662 0.655751 0.513565 0.986413 0.981341 0.570360 0.000000 0.902993 0.705794 0.931345 0.739851 0.699196 0.819410 0.992948 0.877773 0.983773 0.912663 0.893697 0.765938 0.939302 0.965464 0.728205 0.846585 0.990722 0.961277 0.869730 0.983973 0.942564 0.982659 0.990166 0.948784 0.726879 0.608146 0.822427 0.970094 0.917064 0.973779 0.909572 0.904433 0.882446 0.849859 0.857360 0.851317 0.940652 0.995219 0.799665 0.822658 0.847003 0.907110 0.641519 0.544744 0.890690 0.910014 0.869747 0.988848 0.904967 0.794066 0.566737 0.553814 0.495659 0.419211 0.723427 0.649721 0.622018 0.525614 0.626867 0.513981 0.760861 0.992138 0.913379 0.802718 0.785362 0.788173 0.910583 0.925328 0.631355 0.773746 0.885310 0.967526 0.688045 0.915158 0.980899 0.935426 0.689181 0.865903 0.829092 0.882874 0.899152 0.608977 0.676257 0.813526 0.716711 0.815857 0.788694 0.782263 0.687988 0.950759 0.504137 0.538859 0.609103 0.874466 0.710902 0.930392 0.529601 0.653080 0.920056 0.743950 0.769709 0.777303 0.713695 0.837195 0.896657 0.983099 0.698385 0.861711
0.792724 0.753447 0.673130 0.823834 0.817156 0.994609 0.670224 0.902993 0.000000 0.927166 0.973539 0.657939 0.874858 0.837217 0.922331 0.804796 0.655409 0.591112 0.843540 0.742834 0.897257 0.909330 0.765070 0.964609 0.871513 0.806246 0.974796 0.981509 0.700465 0.594712 0.953373 0.758068 0.966271 0.847125 0.810365 0.902932 0.890369 0.932948 0.968213 0.931877 0.890795 0.901290 0.902768 0.805627 0.986395 0.906563 0.900983 0.870659 0.957482 0.955062 0.923755 0.809727 0.814031 0.856595 0.906952 0.905979 0.684031 0.681546 0.994596 0.950397 0.913981 0.909152 0.728881 0.653747 0.743371 0.855537 0.895439 0.911783 0.840145 0.627936 0.826711 0.676633 0.731111 0.810555 0.982730 0.915020 0.905030 0.941645 0.675540 0.750676 0.714635 0.740753 0.787081 0.887310 0.803359 0.957803 0.929440 0.969347 0.701539 0.915391 0.642593 0.640648 0.602991 0.665177 0.881317 0.921671 0.934917 0.867655 0.913961 0.934882 0.954377 0.935234 0.803333 0.831276 0.889060 0.872500 0.870240 0.873874 0.947939 0.838951 0.756635 0.884124 0.905193 0.912482 0.971866 0.899425
0.991846 0.818065 0.963326 0.978612 0.935054 0.959180 0.952362 0.705794 0.927166 0.000000 0.836232 0.875012 0.935271 0.968321 0.884068 0.935846 0.830325 0.864035 0.901680 0.813198 0.797990 0.982361 0.959921 0.859396 0.917594 0.822608 0.816780 0.938827 0.678716 0.767725 0.743384 0.959813 0.736605 0.774186 0.880330 0.996799 0.834801 0.887071 0.720270 0.998536 0.865435 0.906247 0.852042 0.794026 0.718591 0.719181 0.864862 0.813420 0.656997 0.642382 0.621533 0.650288 0.696103 0.773511 0.796377 0.978949 0.858521 0.805472 0.836250 0.839838 0.919075 0.731099 0.837091 0.738621 0.865858 0.842164 0.971925 0.946083 0.961428 0.851815 0.900105 0.884829 0.952824 0.957583 0.850069 0.991386 0.941079 0.835057 0.998357 0.969113 0.834849 0.920174 0.859547 0.971078 0.816688 0.742823 0.836634 0.988250 0.922198 0.760007 0.964661 0.951105 0.867905 0.905465 0.850055 0.799533 0.737317 0.870160 0.710736 0.825560 0.726412 0.971110 0.585064 0.857411 0.847313 0.967069 0.836023 0.972902 0.994273 0.807698 0.786868 0.844993 0.967024 0.838023 0.944015 0.948676
0.725843 0.859377 0.889111 0.965672 0.824109 0.933164 0.884531 0.931345 0.973539 0.836232 0.000000 0.820800 0.845415 0.971285 0.873193 0.870851 0.600701 0.624025 0.633694 0.635472 0.793363 0.968936 0.903840 0.847970 0.984676 0.902610 0.912283 0.851373 0.670158 0.719681 0.801516 0.992765 0.738035 0.663384 0.994940 0.936146 0.998074 0.880757 0.934045 0.938449 0.966951 0.947537 0.960221 0.871702 0.980686 0.996660 0.973374 0.983833 0.981945 0.886150 0.973031 0.845261 0.889072 0.939315 0.978224 0.864874 0.736242 0.828058 0.824579 0.899525 0.817444 0.992800 0.695896 0.846945 0.912849 0.953136 0.952659 0.889989 0.888582 0.782097 0.919853 0.917250 0.596216 0.735089 0.955457 0.789203 0.915736 0.833368 0.856844 0.768079 0.732637 0.762040 0.983714 0.882125 0.993556 0.992500 0.691349 0.994299 0.885044 0.948539 0.642265 0.648341 0.793100 0.708343 0.940703 0.846184 0.941288 0.966005 0.926320 0.961456 0.966112 0.937774 0.854738 0.918312 0.994760 0.828763 0.908841 0.779753 0.979574 0.808244 0.883247 0.950304 0.800049 0.982734 0.970451 0.992281
0.738359 0.534870 0.795107 0.999841 0.994877 0.941885 0.864827 0.739851 0.657939 0.875012 0.820800 0.000000 0.753396 0.569228 0.782605 0.657550 0.553863 0.480234 0.794897 0.553936 0.883537 0.945881 0.997431 0.966645 0.763117 0.706909 0.895521 0.909869 0.519760 0.529573 0.952539 0.813702 0.720930 0.596640 0.985968 0.942310 0.981650 0.950461 0.867900 0.982408 0.909103 0.918175 0.925589 0.747860 0.869349 0.766559 0.875482 0.769433 0.990674 0.984313 0.836505 0.923347 0.961300 0.937893 0.905936 0.861017 0.589465 0.498791 0.820922 0.816898 0.639766 0.512654 0.448876 0.349414 0.896489 0.953894 0.996193 0.834319 0.998539 0.636179 0.765238 0.706422 0.825702 0.830123 0.922751 0.918558 0.681573 0.773543 0.551559 0.706114 0.461487 0.580668 0.687132 0.721914 0.963280 0.962291 0.922991 0.936982 0.707838 0.989944 0.731092 0.634891 0.730485 0.616063 0.742224 0.853105 0.801561 0.800995 0.850960 0.879448 0.927292 0.975307 0.651508 0.893179 0.880503 0.923788 0.990028 0.949032 0.924685 0.665370 0.728124 0.849947 0.929927 0.715141 0.822646 0.922305
0.948784 0.879072 0.735467 0.827020 0.734515 0.952416 0.624261 0.699196 0.874858 0.935271 0.845415 0.753396 0.000000 0.546885 0.563592 0.653134 0.897109 0.859781 0.915430 0.814129 0.937312 0.985431 0.688696 0.826090 0.960437 0.987646 0.949659 0.979370 0.871371 0.870854 0.940941 0.860312 0.780952 0.808547 0.842400 0.986924 0.886168 0.903350 0.897187 0.866798 0.890302 0.952597 0.960743 0.961490 0.993941 0.946204 0.889251 0.856324 0.776421 0.993038 0.859958 0.835676 0.919754 0.879788 0.988015 0.879424 0.996050 0.910027 0.886083 0.842586 0.409496 0.697754 0.707244 0.791540 0.745899 0.770247 0.922073 0.808923 0.667117 0.924358 0.923436 0.967285 0.932862 0.923866 0.939202 0.947930 0.894976 0.928284 0.760509 0.796208 0.702228 0.718372 0.780977 0.788884 0.567661 0.748411 0.974904 0.813683 0.876918 0.946949 0.978876 0.922135 0.919853 0.973608 0.977431 0.935084 0.869087 0.890686 0.862765 0.888839 0.999520 0.870822 0.974110 0.857661 0.847427 0.847535 0.929010 0.819192 0.937483 0.913133 0.989615 0.884617 0.843117 0.956456 0.757597 0.926886
0.993626 0.810629 0.843550 0.932257 0.856049 0.913373 0.992304 0.819410 0.837217 0.968321 0.971285 0.569228 0.546885 0.000000 0.446509 0.423992 0.790452 0.705589 0.932672 0.848837 0.879155 0.980654 0.840341 0.876995 0.830505 0.703433 0.944445 0.948919 0.694545 0.595608 0.921349 0.726598 0.791568 0.783750 0.986178 0.931238 0.948363 0.947415 0.765364 0.909067 0.866496 0.941564 0.974707 0.850044 0.781144 0.721651 0.909562 0.769502 0.980620 0.922171 0.776188 0.833095 0.848206 0.772978 0.942729 0.843131 0.954558 0.847686 0.945489 0.992687 0.576760 0.639177 0.564980 0.555566 0.996394 0.921146 0.947253 0.959808 0.664896 0.895728 0.939054 0.905543 0.997455 0.987964 0.934464 0.915959 0.933125 0.965786 0.696138 0.713171 0.632339 0.666137 0.537309 0.717749 0.756535 0.776295 0.749401 0.760176 0.911648 0.871062 0.853569 0.748607 0.692035 0.770443 0.868878 0.953712 0.895689 0.941635 0.878799 0.964572 0.936531 0.976418 0.924291 0.946496 0.991380 0.977999 0.863740 0.786039 0.860895 0.829978 0.955819 0.781755 0.982451 0.812567 0.835604 0.965776
0.872006 0.956888 0.927326 0.926795 0.824723 0.992005 0.976099 0.992948 0.922331 0.884068 0.873193 0.782605 0.563592 0.446509 0.000000 0.531327 0.878741 0.825943 0.955047 0.963497 0.986412 0.998973 0.720129 0.809292 0.952297 0.855629 0.956247 0.855159 0.781545 0.687952 0.817111 0.596676 0.805999 0.903947 0.965972 0.915822 0.922108 0.895940 0.883903 0.939869 0.913117 0.975957 0.995694 0.896560 0.724654 0.726551 0.809200 0.734936 0.988151 0.876018 0.828556 0.843649 0.799146 0.669338 0.979180 0.937370 0.956308 0.982819 0.817626 0.809824 0.701242 0.841784 0.730798 0.786349 0.940022 0.953126 0.975164 0.977755 0.639978 0.999864 0.869201 0.969647 0.975752 0.970265 0.907856 0.926554 0.992334 0.876435 0.738061 0.783533 0.766449 0.742581 0.585226 0.742766 0.726233 0.693070 0.656447 0.668752 0.985061 0.865784 0.920930 0.864693 0.763540 0.905258 0.962618 0.962241 0.792079 0.999447 0.913463 0.983755 0.933382 0.977611 0.955646 0.926906 0.985461 0.949043 0.852325 0.764499 0.854176 0.968050 0.963170 0.746511 0.923959 0.889910 0.880478 0.865091
0.986418 0.763465 0.818894 0.983458 0.916305 0.751577 0.937099 0.877773 0.804796 0.935846 0.870851 0.657550 0.653134 0.423992 0.531327 0.000000 0.903052 0.778717 0.983433 0.885568 0.864740 0.969635 0.703430 0.683446 0.923887 0.882362 0.934048 0.899691 0.781285 0.719058 0.795838 0.699510 0.850954 0.821019 0.981209 0.919164 0.852460 0.825318 0.928582 0.886808 0.977020 0.895690 0.999023 0.911164 0.723444 0.672849 0.890569 0.680301 0.917407 0.865112 0.750949 0.850245 0.819959 0.747452 0.985487 0.982773 0.882309 0.822321 0.803074 0.870014 0.722698 0.695287 0.649427 0.617901 0.981435 0.905988 0.990563 0.899179 0.672451 0.843881 0.880634 0.758959 0.929983 0.903915 0.942618 0.973061 0.923316 0.926841 0.681048 0.780308 0.689507 0.681587 0.530285 0.708054 0.722620 0.702658 0.743162 0.691299 0.802507 0.882342 0.948596 0.862143 0.805024 0.859317 0.913009 0.952336 0.872013 0.919931 0.849991 0.962560 0.940219 0.942509 0.957400 0.878735 0.965063 0.915447 0.868629 0.889322 0.903630 0.846853 0.982255 0.764253 0.944607 0.806569 0.842978 0.992805
0.545691 0.546914 0.908590 0.916689 0.934067 0.874083 0.919513 0.983773 0.655409 0.830325 0.600701 0.553863 0.897109 0.790452 0.878741 0.903052 0.000000 0.360938 0.547575 0.529706 0.977633 0.882434 0.815747 0.900018 0.990841 0.917392 0.991213 0.934097 0.428318 0.423458 0.730261 0.714629 0.575950 0.578474 0.992254 0.980959 0.996033 0.931687 0.972440 0.949883 0.990833 0.774468 0.768616 0.568802 0.760371 0.687525 0.653753 0.663612 0.790648 0.844097 0.788494 0.945038 0.983465 0.977805 0.830941 0.919563 0.455818 0.509250 0.783584 0.941877 0.807650 0.839272 0.503209 0.548749 0.873019 0.911149 0.964188 0.908714 0.808291 0.522094 0.770047 0.777046 0.553368 0.575730 0.992547 0.896942 0.788920 0.833870 0.634226 0.550766 0.449891 0.541797 0.733340 0.699578 0.990006 0.930828 0.867974 0.952337 0.723743 0.952433 0.614855 0.597210 0.638238 0.693242 0.886626 0.854998 0.876895 0.891484 0.992475 0.969888 0.929408 0.984340 0.714019 0.718954 0.954974 0.860461 0.964651 0.797531 0.968953 0.677006 0.800050 0.901940 0.950359 0.846691 0.899274 0.999968
0.537482 0.507465 0.849583 0.927228 0.919435 0.926762 0.883876 0.912663 0.591112 0.864035 0.624025 0.480234 0.859781 0.705589 0.825943 0.778717 0.360938 0.000000 0.554183 0.479913 0.995761 0.988726 0.836131 0.912626 0.920935 0.848859 0.954958 0.917619 0.428381 0.388709 0.778286 0.735593 0.600266 0.537277 0.923355 0.988917 0.989633 0.931333 0.974527 0.911960 0.951587 0.863168 0.810091 0.590219 0.819126 0.725309 0.723941 0.702847 0.890143 0.877403 0.862983 0.929506 0.942438 0.967384 0.870534 0.921702 0.413876 0.474454 0.796108 0.901095 0.775590 0.747751 0.455993 0.466249 0.843505 0.932222 0.979045 0.898031 0.841364 0.456896 0.683628 0.705133 0.535440 0.593472 0.996035 0.857739 0.722692 0.806686 0.586521 0.513170 0.426637 0.507878 0.725604 0.687490 0.960093 0.932800 0.967475 0.982129 0.670852 0.987718 0.611125 0.528703 0.587064 0.617078 0.789551 0.894150 0.813359 0.818959 0.954059 0.936037 0.874115 0.880009 0.648408 0.793181 0.991252 0.944865 0.966380 0.820415 0.967914 0.656601 0.716255 0.867608 0.940951 0.817544 0.890810 0.965482
0.452878 0.562871 0.734898 0.790566 0.995737 0.987343 0.782531 0.893697 0.843540 0.901680 0.633694 0.794897 0.915430 0.932672 0.955047 0.983433 0.547575 0.554183 0.000000 0.546409 0.821905 0.817795 0.997187 0.967715 0.715229 0.725171 0.985567 0.959267 0.644902 0.752359 0.713812 0.843520 0.574769 0.549904 0.885899 0.999332 0.799110 0.876763 0.865140 0.884640 0.970926 0.757969 0.626304 0.579838 0.917033 0.835433 0.580411 0.718978 0.897246 0.849037 0.870097 0.937372 0.897921 0.829391 0.807643 0.997642 0.465530 0.604497 0.638222 0.835647 0.818321 0.960815 0.669958 0.823449 0.832613 0.866156 0.621947 0.674210 0.687282 0.633156 0.683027 0.745878 0.635342 0.608212 0.978597 0.918615 0.664372 0.759954 0.804666 0.657734 0.596899 0.605854 0.908313 0.748600 0.873666 0.834906 0.666763 0.953272 0.907807 0.759218 0.838018 0.888567 0.922297 0.965318 0.918530 0.796041 0.802728 0.780375 0.917110 0.797950 0.703561 0.980076 0.776228 0.649414 0.814582 0.887691 0.952446 0.962167 0.829659 0.839001 0.752611 0.914721 0.969998 0.955163 0.875852 0.795817
0.556543 0.572935 0.896175 0.844735 0.965432 0.952150 0.902561 0.765938 0.742834 0.813198 0.635472 0.553936 0.814129 0.848837 0.963497 0.885568 0.529706 0.479913 0.546409 0.000000 0.987370 0.950170 0.962084 0.993917 0.949586 0.909404 0.901091 0.815147 0.601948 0.628001 0.863826 0.834760 0.584494 0.557790 0.946866 0.959366 0.895707 0.937164 0.980302 0.954509 0.923522 0.838552 0.777962 0.660587 0.916792 0.919188 0.813554 0.789039 0.908475 0.911094 0.941428 0.930292 0.771161 0.717874 0.937851 0.906793 0.501474 0.462801 0.623569 0.650108 0.729366 0.718325 0.612266 0.585442 0.990994 0.917531 0.836741 0.765457 0.755583 0.567506 0.695635 0.715937 0.652270 0.758010 0.952251 0.851550 0.655666 0.705954 0.714270 0.601433 0.520154 0.587526 0.936000 0.814809 0.974274 0.965477 0.738010 0.866930 0.735288 0.793623 0.721519 0.687613 0.819756 0.713795 0.807688 0.798379 0.775795 0.847989 0.955535 0.864698 0.749154 0.974097 0.639266 0.769104 0.735092 0.881297 0.973302 0.970089 0.980852 0.649768 0.605684 0.938423 0.923569 0.844579 0.774172 0.859780
0.869307 0.909245 0.716895 0.751578 0.816342 0.927277 0.756272 0.939302 0.897257 0.797990 0.793363 0.883537 0.937312 0.879155 0.986412 0.864740 0.977633 0.995761 0.821905 0.987370 0.000000 0.962804 0.882717 0.874786 0.782325 0.649307 0.971256 0.859122 0.950248 0.924641 0.917208 0.952463 0.898165 0.898085 0.833495 0.935296 0.862320 0.907068 0.761345 0.933392 0.993896 0.914114 0.996658 0.982377 0.855325 0.795435 0.907623 0.905100 0.791446 0.763889 0.827756 0.789105 0.741866 0.826967 0.937994 0.847564 0.995005 0.883297 0.954408 0.915082 0.980566 0.801876 0.959937 0.809827 0.784187 0.771846 0.748345 0.758261 0.918521 0.994523 0.990957 0.993143 0.869201 0.877812 0.907439 0.879967 0.895070 0.915065 0.971368 0.864892 0.987747 0.957016 0.946958 0.987770 0.811010 0.723335 0.876302 0.962307 0.986333 0.969076 0.877226 0.957002 0.969449 0.925937 0.886410 0.958438 0.960634 0.947070 0.845684 0.980473 0.934221 0.899650 0.822916 0.936793 0.889573 0.981530 0.972041 0.974948 0.947616 0.988285 0.987010 0.876824 0.953734 0.958455 0.917833 0.979932
0.822780 0.901918 0.850362 0.893947 0.808192 0.951716 0.888793 0.965464 0.909330 0.982361 0.968936 0.945881 0.985431 0.980654 0.998973 0.969635 0.882434 0.988726 0.817795 0.950170 0.962804 0.000000 0.976417 0.977870 0.888869 0.911170 0.986489 0.935996 0.799922 0.940817 0.865309 0.913250 0.807157 0.869662 0.784792 0.843055 0.846059 0.820120 0.912301 0.910757 0.973727 0.864842 0.729065 0.835393 0.908199 0.841076 0.750291 0.888321 0.865467 0.850550 0.830461 0.902509 0.860265 0.970279 0.977491 0.866393 0.979167 0.951367 0.890068 0.977890 0.948528 0.967547 0.907409 0.965671 0.892591 0.933393 0.856537 0.833762 0.901077 0.983704 0.934043 0.969262 0.958257 0.852462 0.919128 0.932300 0.960924 0.936560 0.918971 0.942610 0.883285 0.869232 0.888204 0.841695 0.957135 0.912404 0.773801 0.927087 0.994387 0.982123 0.975841 0.938205 0.885027 0.879196 0.953087 0.880650 0.873961 0.935581 0.854754 0.956761 0.953087 0.808713 0.927837 0.641646 0.942920 0.858684 0.914950 0.959952 0.975707 0.799707 0.984475 0.948799 0.935838 0.999907 0.892016 0.960543
0.840645 0.963771 0.762872 0.666475 0.821901 0.842869 0.740413 0.728205 0.765070 0.959921 0.903840 0.997431 0.688696 0.840341 0.720129 0.703430 0.815747 0.836131 0.997187 0.962084 0.882717 0.976417 0.000000 0.450863 0.823042 0.821833 0.888579 0.864046 0.869452 0.864381 0.783100 0.777603 0.870426 0.860864 0.815043 0.901712 0.614392 0.791623 0.974907 0.954039 0.873619 0.993496 0.946206 0.993802 0.809386 0.824980 0.808096 0.809759 0.986069 0.846973 0.752960 0.762502 0.835028 0.860471 0.985582 0.829543 0.912865 0.916723 0.911181 0.966112 0.737087 0.813047 0.896140 0.946914 0.659090 0.642787 0.730457 0.643426 0.706079 0.871629 0.956958 0.855203 0.747845 0.780988 0.927383 0.939635 0.954565 0.859123 0.946829 0.989427 0.848803 0.820581 0.739704 0.799461 0.476200 0.559446 0.928515 0.706722 0.924081 0.736504 0.789737 0.846851 0.795436 0.872622 0.888378 0.828784 0.992909 0.955037 0.756613 0.771691 0.679250 0.922087 0.973997 0.888022 0.638072 0.754676 0.852009 0.909942 0.896981 0.961148 0.992285 0.860530 0.964795 0.809929 0.811227 0.931531
0.981664 0.958803 0.802039 0.638819 0.878435 0.860467 0.828069 0.846585 0.964609 0.859396 0.847970 0.966645 0.826090 0.876995 0.809292 0.683446 0.900018 0.912626 0.967715 0.993917 0.874786 0.977870 0.450863 0.000000 0.743425 0.761005 0.802509 0.937736 0.862093 0.876637 0.815342 0.739002 0.894967 0.858153 0.935344 0.851125 0.674779 0.769157 0.883769 0.939268 0.956858 0.925658 0.898641 0.924750 0.904525 0.853888 0.754463 0.801463 0.990697 0.899664 0.790369 0.919960 0.970287 0.995847 0.901799 0.852933 0.954070 0.990154 0.912769 0.902509 0.873631 0.908397 0.922245 0.981287 0.643011 0.605383 0.712944 0.624668 0.865294 0.930156 0.959130 0.785540 0.788443 0.832250 0.995644 0.820430 0.926808 0.895922 0.886676 0.887754 0.800434 0.727720 0.706536 0.749270 0.468030 0.465369 0.862160 0.624949 0.970309 0.759076 0.857764 0.842793 0.851140 0.818162 0.844600 0.922009 0.980337 0.884189 0.930903 0.899945 0.687159 0.985524 0.979836 0.967543 0.742183 0.758976 0.947560 0.910845 0.897673 0.898072 0.969831 0.959837 0.875433 0.797848 0.839996 0.762971
0.711852 0.858077 0.511058 0.664804 0.989357 0.926020 0.625273 0.990722 0.871513 0.917594 0.984676 0.763117 0.960437 0.830505 0.952297 0.923887 0.990841 0.920935 0.715229 0.949586 0.782325 0.888869 0.823042 0.743425 0.000000 0.512620 0.848751 0.954614 0.859210 0.825331 0.691507 0.925217 0.845802 0.813958 0.721450 0.934796 0.707380 0.788546 0.736190 0.854783 0.892688 0.961610 0.531858 0.668412 0.943027 0.860005 0.619617 0.657756 0.899242 0.795746 0.913589 0.975018 0.964909 0.880945 0.845640 0.700683 0.828969 0.964899 0.728204 0.910870 0.948607 0.840115 0.826178 0.691977 0.508786 0.704915 0.541447 0.676273 0.828986 0.953930 0.855770 0.893296 0.900307 0.890452 0.918680 0.967562 0.884306 0.911034 0.978331 0.934109 0.958614 0.806169 0.996859 0.875020 0.639409 0.710740 0.807958 0.988166 0.872690 0.808791 0.934945 0.821543 0.793241 0.715772 0.919827 0.776117 0.982073 0.943887 0.950941 0.978855 0.742437 0.966396 0.966574 0.837667 0.867978 0.901760 0.990390 0.969078 0.889830 0.945736 0.985546 0.952043 0.946657 0.959509 0.900838 0.715955
0.800367 0.958957 0.587616 0.636326 0.913982 0.862946 0.649431 0.961277 0.806246 0.822608 0.902610 0.706909 0.987646 0.703433 0.855629 0.882362 0.917392 0.848859 0.725171 0.909404 0.649307 0.911170 0.821833 0.761005 0.512620 0.000000 0.844533 0.802793 0.786636 0.724895 0.766574 0.972697 0.858303 0.886877 0.881838 0.904399 0.724013 0.913064 0.677350 0.878836 0.875036 0.889553 0.767225 0.881655 0.963529 0.995519 0.734506 0.872556 0.889536 0.985909 0.977000 0.965229 0.976066 0.927575 0.841794 0.775499 0.919652 0.921569 0.933337 0.914495 0.965546 0.740348 0.816249 0.633115 0.574875 0.749177 0.569404 0.704775 0.918815 0.859549 0.818416 0.900752 0.998743 0.951241 0.815839 0.991745 0.963358 0.927103 0.822898 0.955467 0.906805 0.949042 0.939585 0.999645 0.703646 0.664694 0.730297 0.997461 0.896326 0.850660 0.853432 0.686326 0.759667 0.676745 0.841144 0.921718 0.935386 0.941075 0.965470 0.902214 0.795271 0.971141 0.750411 0.992491 0.910700 0.911866 0.880645 0.985478 0.865538 0.897045 0.881774 0.869742 0.992892 0.917247 0.925137 0.837971
0.944903 0.912112 0.979270 0.951667 0.911553 0.904163 0.987449 0.869730 0.974796 0.816780 0.912283 0.895521 0.949659 0.944445 0.956247 0.934048 0.991213 0.954958 0.985567 0.901091 0.971256 0.986489 0.888579 0.802509 0.848751 0.844533 0.000000 0.972094 0.843549 0.967215 0.983390 0.898913 0.873481 0.944443 0.839487 0.899634 0.939097 0.909901 0.792787 0.981923 0.878494 0.961606 0.958254 0.930122 0.953730 0.987264 0.956662 0.984573 0.971316 0.990565 0.954590 0.841762 0.971278 0.999111 0.988377 0.958931 0.970773 0.897870 0.852111 0.806140 0.925509 0.885465 0.961153 0.883112 0.946605 0.952114 0.987139 0.957626 0.966232 0.995591 0.977391 0.975966 0.919231 0.974954 0.923203 0.895092 0.932630 0.987720 0.990364 0.898379 0.993370 0.899935 0.868783 0.934539 0.818685 0.764857 0.985875 0.793645 0.841382 0.918667 0.930338 0.897415 0.980153 0.852124 0.926454 0.815225 0.964099 0.788698 0.951361 0.991299 0.876772 0.842258 0.955113 0.990896 0.938251 0.940856 0.943921 0.912535 0.886675 0.985570 0.904208 0.980711 0.967572 0.942316 0.863903 0.832168
0.946440 0.920432 0.988885 0.931152 0.889445 0.833855 0.970737 0.983973 0.981509 0.938827 0.851373 0.909869 0.979370 0.948919 0.855159 0.899691 0.934097 0.917619 0.959267 0.815147 0.859122 0.935996 0.864046 0.937736 0.954614 0.802793 0.972094 0.000000 0.991885 0.978594 0.909607 0.985268 0.989681 0.930562 0.830147 0.975384 0.861744 0.914060 0.957990 0.803695 0.899588 0.925401 0.981223 0.942061 0.837896 0.895443 0.879228 0.946208 0.836499 0.874860 0.871500 0.836867 0.853035 0.791850 0.893542 0.858047 0.894412 0.919980 0.805930 0.791060 0.969649 0.939193 0.955127 0.917972 0.860842 0.945727 0.852263 0.959448 0.810366 0.916537 0.989875 0.957641 0.917274 0.953578 0.959802 0.996953 0.973898 0.937082 0.896381 0.908344 0.884497 0.908353 0.840855 0.956903 0.890918 0.773772 0.984496 0.919461 0.879046 0.990126 0.832611 0.850962 0.877917 0.937273 0.971160 0.989760 0.931232 0.862364 0.885867 0.972315 0.889205 0.868201 0.870867 0.951050 0.930974 0.958121 0.984674 0.939111 0.982620 0.916455 0.868042 0.999496 0.973603 0.884630 0.964732 0.839033
0.699315 0.618194 0.799192 0.797753 0.971101 0.942630 0.828261 0.942564 0.700465 0.678716 0.670158 0.519760 0.871371 0.694545 0.781545 0.781285 0.428318 0.428381 0.644902 0.601948 0.950248 0.799922 0.869452 0.862093 0.859210 0.786636 0.843549 0.991885 0.000000 0.365761 0.680243 0.713350 0.594056 0.600372 0.959469 0.818501 0.937548 0.898768 0.763361 0.955129 0.893431 0.841271 0.827483 0.637505 0.684559 0.601262 0.737328 0.714419 0.729218 0.789505 0.707279 0.920695 0.855537 0.790577 0.892718 0.868154 0.599867 0.619880 0.905598 0.987815 0.820045 0.803054 0.479598 0.493814 0.757278 0.777102 0.977274 0.967181 0.973683 0.551251 0.868607 0.840002 0.601916 0.621858 0.949614 0.875015 0.819613 0.862129 0.661838 0.658002 0.510308 0.711721 0.770597 0.783112 0.853355 0.932180 0.939714 0.921803 0.707274 0.920628 0.618023 0.566703 0.629051 0.604659 0.818830 0.883118 0.907141 0.835156 0.926393 0.977186 0.926529 0.925622 0.657860 0.759004 0.915553 0.887066 0.875183 0.784232 0.889582 0.713712 0.788357 0.802152 0.960076 0.778848 0.895115 0.898589
0.777245 0.688713 0.697541 0.720257 0.924120 0.932660 0.755380 0.982659 0.594712 0.767725 0.719681 0.529573 0.870854 0.595608 0.687952 0.719058 0.423458 0.388709 0.752359 0.628001 0.924641 0.940817 0.864381 0.876637 0.825331 0.724895 0.967215 0.978594 0.365761 0.000000 0.723921 0.638646 0.643956 0.669710 0.908029 0.894064 0.945657 0.932074 0.862541 0.957295 0.979037 0.883299 0.895724 0.675134 0.694020 0.640065 0.792462 0.740699 0.755512 0.843178 0.791586 0.968895 0.895419 0.798313 0.910617 0.871390 0.641703 0.645498 0.982117 0.896783 0.837776 0.798585 0.465027 0.484396 0.679080 0.745140 0.860564 0.932782 0.971761 0.573746 0.904622 0.809366 0.634502 0.677209 0.973213 0.838096 0.931056 0.895947 0.633635 0.569549 0.501050 0.616045 0.631131 0.722566 0.886740 0.992040 0.961801 0.835972 0.659563 0.863049 0.591339 0.500117 0.530061 0.563032 0.807166 0.926019 0.960424 0.869998 0.988908 0.930942 0.987243 0.898917 0.672067 0.835153 0.912460 0.803209 0.872993 0.723229 0.876182 0.710370 0.811204 0.859271 0.968785 0.808650 0.949677 0.852895
0.812609 0.737587 0.897540 0.924852 0.937631 0.799640 0.977782 0.990166 0.953373 0.743384 0.801516 0.952539 0.940941 0.921349 0.817111 0.795838 0.730261 0.778286 0.713812 0.863826 0.917208 0.865309 0.783100 0.815342 0.691507 0.766574 0.983390 0.909607 0.680243 0.723921 0.000000 0.579365 0.589220 0.692849 0.837306 0.980294 0.667600 0.772109 0.984443 0.908189 0.918005 0.936240 0.635340 0.636214 0.556640 0.598500 0.557862 0.565112 0.603816 0.676614 0.659154 0.908120 0.796880 0.771870 0.719918 0.800932 0.694216 0.772391 0.957932 0.891550 0.955944 0.966386 0.789883 0.891158 0.952262 0.940602 0.801237 0.843728 0.976505 0.748754 0.772042 0.753978 0.778013 0.798628 0.899157 0.824910 0.920873 0.873371 0.888150 0.715340 0.705091 0.694535 0.713852 0.714632 0.834682 0.780334 0.893961 0.704033 0.833838 0.922505 0.844280 0.878349 0.923892 0.929329 0.974782 0.781963 0.912639 0.876696 0.817350 0.982667 0.807421 0.940871 0.887308 0.952726 0.991305 0.925447 0.892998 0.932285 0.951527 0.833868 0.957371 0.780029 0.950938 0.923835 0.949903 0.953661
0.942286 0.896687 0.972546 0.984387 0.996166 0.956176 0.909357 0.948784 0.758068 0.959813 0.992765 0.813702 0.860312 0.726598 0.596676 0.699510 0.714629 0.735593 0.843520 0.834760 0.952463 0.913250 0.777603 0.739002 0.925217 0.972697 0.898913 0.985268 0.713350 0.638646 0.579365 0.000000 0.652085 0.786475 0.929053 0.976410 0.819581 0.733025 0.919441 0.875277 0.933426 0.768023 0.803464 0.724909 0.670064 0.694536 0.673485 0.694117 0.817355 0.811849 0.780440 0.933904 0.910173 0.861275 0.801542 0.904009 0.788438 0.811145 0.874774 0.875680 0.943980 0.977023 0.731734 0.773272 0.975486 0.979220 0.925190 0.847820 0.967953 0.821571 0.953056 0.713667 0.894384 0.820381 0.896626 0.911135 0.980226 0.926439 0.733359 0.613636 0.668488 0.655498 0.578105 0.630757 0.839733 0.749156 0.871376 0.587410 0.786101 0.974553 0.816920 0.821813 0.765755 0.899602 0.994713 0.901455 0.974678 0.751315 0.889238 0.982445 0.872162 0.892682 0.827504 0.924509 0.934940 0.992226 0.891028 0.933481 0.923565 0.846609 0.901493 0.687116 0.956183 0.808762 0.918977 0.924246
0.671936 0.565443 0.772919 0.733406 0.975550 0.973920 0.755917 0.726879 0.966271 0.736605 0.738035 0.720930 0.780952 0.791568 0.805999 0.850954 0.575950 0.600266 0.574769 0.584494 0.898165 0.807157 0.870426 0.894967 0.845802 0.858303 0.873481 0.989681 0.594056 0.643956 0.589220 0.652085 0.000000 0.502749 0.802242 0.986313 0.796309 0.896331 0.992219 0.904673 0.983171 0.749923 0.651495 0.546175 0.728382 0.693546 0.559218 0.560546 0.813486 0.740766 0.635493 0.761882 0.844177 0.931833 0.803132 0.943746 0.570313 0.569018 0.684775 0.816135 0.668493 0.779504 0.577759 0.658210 0.826143 0.871087 0.673877 0.634230 0.985583 0.792351 0.807987 0.743047 0.847597 0.873976 0.887933 0.902845 0.714298 0.771736 0.805695 0.635381 0.519507 0.632967 0.780240 0.712514 0.793476 0.812584 0.804558 0.906537 0.904135 0.732242 0.908593 0.894200 0.935216 0.958727 0.819802 0.809248 0.917153 0.898994 0.695842 0.745777 0.762382 0.914790 0.768236 0.775453 0.758205 0.935530 0.859890 0.944327 0.982663 0.784932 0.845527 0.860489 0.940540 0.924614 0.725431 0.962697
0.523979 0.498104 0.773100 0.682188 0.985698 0.942729 0.756589 0.608146 0.847125 0.774186 0.663384 0.596640 0.808547 0.783750 0.903947 0.821019 0.578474 0.537277 0.549904 0.557790 0.898085 0.869662 0.860864 0.858153 0.813958 0.886877 0.944443 0.930562 0.600372 0.669710 0.692849 0.786475 0.502749 0.000000 0.850156 0.988848 0.768405 0.826486 0.951241 0.896386 0.993347 0.825723 0.629416 0.514302 0.826398 0.722045 0.573432 0.550966 0.902587 0.828945 0.679800 0.859103 0.988320 0.889124 0.859202 0.952387 0.511358 0.529207 0.603816 0.711659 0.650980 0.651172 0.579481 0.587889 0.786297 0.759589 0.615231 0.557298 0.914051 0.672245 0.718825 0.717018 0.726753 0.733798 0.903020 0.909446 0.653463 0.681942 0.738649 0.662876 0.489702 0.578906 0.807368 0.716072 0.776343 0.804183 0.809078 0.976922 0.877206 0.759755 0.840680 0.805814 0.913880 0.908591 0.805205 0.678837 0.743536 0.834356 0.723083 0.715250 0.682076 0.906295 0.635082 0.717205 0.701871 0.891367 0.958852 0.930406 0.807533 0.643243 0.755973 0.768642 0.873173 0.843849 0.681523 0.834365
0.867454 0.909190 0.690449 0.691998 0.973575 0.868429 0.708440 0.822427 0.810365 0.880330 0.994940 0.985968 0.842400 0.986178 0.965972 0.981209 0.992254 0.923355 0.885899 0.946866 0.833495 0.784792 0.815043 0.935344 0.721450 0.881838 0.839487 0.830147 0.959469 0.908029 0.837306 0.929053 0.802242 0.850156 0.000000 0.917534 0.695439 0.938984 0.891551 0.971706 0.973256 0.948584 0.702979 0.749302 0.863930 0.843464 0.787345 0.802695 0.883207 0.690988 0.742470 0.742871 0.808788 0.951135 0.837674 0.791292 0.920749 0.870177 0.773127 0.835494 0.776183 0.822925 0.987437 0.970343 0.672702 0.756056 0.717594 0.720015 0.983147 0.935961 0.930406 0.988087 0.889099 0.901539 0.989158 0.963991 0.783915 0.799299 0.997718 0.937331 0.945361 0.921282 0.956746 0.826980 0.760982 0.864064 0.903861 0.975514 0.844466 0.786891 0.866600 0.868186 0.797820 0.818676 0.963448 0.753862 0.969521 0.870666 0.822419 0.972870 0.903990 0.726323 0.946708 0.879983 0.851364 0.976658 0.870665 0.932545 0.905237 0.954209 0.993543 0.968692 0.858873 0.972940 0.844205 0.969514
0.985567 0.987983 0.924973 0.906791 0.828732 0.955942 0.975345 0.970094 0.902932 0.996799 0.936146 0.942310 0.986924 0.931238 0.915822 0.919164 0.980959 0.988917 0.999332 0.959366 0.935296 0.843055 0.901712 0.851125 0.934796 0.904399 0.899634 0.975384 0.818501 0.894064 0.980294 0.976410 0.986313 0.988848 0.917534 0.000000 0.909391 0.997045 0.888449 0.978280 0.945354 0.959054 0.987192 0.912546 0.918102 0.903596 0.963634 0.993767 0.909467 0.914606 0.982715 0.958945 0.998166 0.982257 0.874766 0.987014 0.913096 0.981366 0.980948 0.998946 0.972554 0.971075 0.946793 0.914826 0.913839 0.956203 0.964022 0.982498 0.954058 0.936716 0.905201 0.926826 0.998252 0.941883 0.951618 0.906961 0.896984 0.894865 0.880680 0.964171 0.997911 0.897344 0.904450 0.840182 0.856668 0.885595 0.907153 0.808363 0.847336 0.787218 0.998514 0.987378 0.975528 0.996147 0.982289 0.929250 0.901335 0.945330 0.996660 0.952010 0.912916 0.895306 0.936432 0.959096 0.964961 0.903139 0.872691 0.943962 0.960855 0.994247 0.928413 0.957702 0.989637 0.900796 0.900033 0.891008
0.888112 0.783356 0.811763 0.757773 0.984955 0.776523 0.914448 0.917064 0.890369 0.834801 0.998074 0.981650 0.886168 0.948363 0.922108 0.852460 0.996033 0.989633 0.799110 0.895707 0.862320 0.846059 0.614392 0.674779 0.707380 0.724013 0.939097 0.861744 0.937548 0.945657 0.667600 0.819581 0.796309 0.768405 0.695439 0.909391 0.000000 0.615374 0.881594 0.964118 0.980859 0.915654 0.685915 0.778605 0.710778 0.678658 0.666291 0.669246 0.736197 0.616988 0.764940 0.780661 0.857509 0.870466 0.732673 0.675927 0.828032 0.805768 0.987193 0.979571 0.946969 0.953285 0.974655 0.997581 0.758446 0.897143 0.753185 0.691249 0.998169 0.910820 0.729076 0.759235 0.966270 0.933580 0.905744 0.919220 0.942044 0.741263 0.922322 0.937450 0.920390 0.849704 0.937959 0.833629 0.810740 0.822576 0.899608 0.870788 0.867769 0.850801 0.955056 0.950845 0.801391 0.973002 0.987163 0.812529 0.842678 0.834504 0.741318 0.839229 0.669000 0.919891 0.840881 0.929888 0.829341 0.864897 0.886430 0.952661 0.974728 0.894912 0.992836 0.849457 0.998370 0.870108 0.790182 0.980809
0.981972 0.815794 0.997851 0.913393 0.904832 0.956257 0.867437 0.973779 0.932948 0.887071 0.880757 0.950461 0.903350 0.947415 0.895940 0.825318 0.931687 0.931333 0.876763 0.937164 0.907068 0.820120 0.791623 0.769157 0.788546 0.913064 0.909901 0.914060 0.898768 0.932074 0.772109 0.733025 0.896331 0.826486 0.938984 0.997045 0.615374 0.000000 0.942470 0.985500 0.916519 0.815845 0.609635 0.681138 0.622452 0.603014 0.661257 0.621825 0.682780 0.628965 0.768525 0.861101 0.819274 0.867869 0.863888 0.825038 0.849761 0.894019 0.942554 0.873122 0.883463 0.973459 0.996840 0.952519 0.855361 0.967953 0.836960 0.828312 0.913978 0.789426 0.781000 0.649444 0.944379 0.852199 0.961446 0.899873 0.967389 0.978801 0.732729 0.927229 0.918988 0.858119 0.845463 0.796061 0.967302 0.853036 0.945963 0.882329 0.786114 0.986878 0.894815 0.962099 0.972238 0.974631 0.983697 0.783039 0.807119 0.777873 0.845365 0.925248 0.741718 0.972931 0.831015 0.780183 0.935620 0.820460 0.896837 0.949875 0.826555 0.888414 0.857150 0.769970 0.944036 0.847569 0.813100 0.870838
