0.000000 0.562117 0.690267 0.691608 0.852518 0.906967 0.620300 0.539197 0.913325 0.627543 0.571197 0.574502 0.724995 0.807688 0.921653 0.917589 0.514767 0.469581 0.533441 0.627202 0.789801 0.992852 0.833821 0.665200 0.998488 0.928330 0.938502 0.818556 0.763008 0.736843 0.878590 0.894611 0.566401 0.539629 0.637437 0.907322 0.845225 0.968262 0.916730 0.880216 0.707692 0.878478 0.777050 0.764566 0.745668 0.612117 0.567220 0.665969 0.753156 0.980745 0.979824 0.897593 0.880236 0.884016 0.729841 0.630579 0.501891 0.619937 0.555896 0.810410 0.520980 0.560143 0.507707 0.487064 0.901920 0.761633 0.704481 0.780251 0.730177 0.668173 0.896873 0.998575 0.945573 0.901629 0.974016 0.881990 0.848195 0.811581 0.587530 0.909638 0.471687 0.539419 0.928994 0.739700 0.843468 0.820956 0.798111 0.810261 0.841621 0.616529 0.810708 0.931539 0.821018 0.984882 0.769730 0.739509 0.752195 0.865850 0.579326 0.713927 0.867648 0.865787 0.631650 0.662848 0.969110 0.728953 0.875765 0.837468 0.878035 0.988536 0.887525 0.744136 0.901424 0.840058 0.962815 0.969675
0.562117 0.000000 0.853440 0.749723 0.799640 0.838274 0.896540 0.698477 0.991130 0.913971 0.850212 0.642710 0.676411 0.590839 0.855175 0.806657 0.660609 0.633356 0.609702 0.703217 0.885849 0.868023 0.934393 0.939502 0.909730 0.853527 0.959756 0.798781 0.896852 0.800635 0.906717 0.998959 0.654940 0.756783 0.803013 0.904786 0.877874 0.987483 0.944636 0.959213 0.888442 0.885104 0.688301 0.613972 0.778503 0.668015 0.702933 0.661610 0.726741 0.824961 0.894494 0.919935 0.967580 0.949093 0.783654 0.887399 0.585718 0.568809 0.691511 0.746440 0.775419 0.693077 0.825069 0.773590 0.866568 0.722399 0.911853 0.833026 0.700875 0.640561 0.797832 0.819663 0.900508 0.971666 0.955118 0.926398 0.762100 0.740921 0.702246 0.953653 0.695925 0.752095 0.890022 0.920329 0.998083 0.850932 0.934679 0.860959 0.935027 0.772425 0.921710 0.963633 0.899024 0.989498 0.821672 0.798845 0.746335 0.913749 0.721824 0.778654 0.875557 0.994361 0.749988 0.673719 0.907046 0.802973 0.912766 0.782875 0.972289 0.886193 0.959968 0.837929 0.785450 0.821905 0.842487 0.926636
0.690267 0.853440 0.000000 0.424676 0.962254 0.994823 0.375880 0.540374 0.758478 0.681898 0.752360 0.912575 0.959204 0.886285 0.746627 0.660981 0.841979 0.714840 0.717126 0.736137 0.826819 0.864748 0.916870 0.989439 0.789644 0.861277 0.939299 0.927014 0.996523 0.938782 0.847132 0.943064 0.556266 0.628211 0.622181 0.809172 0.880733 0.956249 0.847436 0.754865 0.840305 0.801314 0.693947 0.696583 0.681468 0.683914 0.716971 0.741035 0.963028 0.987090 0.887210 0.967535 0.898019 0.935663 0.789943 0.671939 0.790013 0.941917 0.668851 0.739945 0.578731 0.745868 0.799469 0.844668 0.496302 0.595202 0.446981 0.510952 0.992682 0.834257 0.831518 0.867856 0.974669 0.937627 0.908004 0.943188 0.698706 0.916922 0.811271 0.997003 0.689797 0.627981 0.918238 0.856266 0.674121 0.632293 0.821691 0.847296 0.856025 0.627979 0.571624 0.694322 0.477724 0.656592 0.799322 0.713300 0.629069 0.797475 0.566451 0.618992 0.774827 0.908623 0.700671 0.714289 0.760693 0.607483 0.903368 0.774426 0.855231 0.904450 0.670685 0.708116 0.855878 0.849092 0.976049 0.982576
0.691608 0.749723 0.424676 0.000000 0.922792 0.800268 0.495230 0.433552 0.894098 0.765233 0.794324 0.772211 0.882403 0.930624 0.690441 0.796916 0.993715 0.792588 0.761706 0.735857 0.811960 0.819820 0.991766 0.978013 0.811772 0.833608 0.957485 0.951430 0.849576 0.912829 0.888669 0.937722 0.654282 0.601397 0.622464 0.819030 0.941486 0.953321 0.708346 0.664487 0.830917 0.880675 0.597940 0.600281 0.757735 0.698529 0.647043 0.628061 0.989872 0.967245 0.871696 0.961227 0.837725 0.867102 0.877179 0.688388 0.941022 0.974920 0.676734 0.592861 0.642059 0.630891 0.940108 0.910283 0.536150 0.424556 0.426240 0.407198 0.893915 0.797873 0.668164 0.697520 0.952015 0.909087 0.996398 0.980655 0.600778 0.861530 0.799158 0.965194 0.779026 0.763877 0.729448 0.960147 0.893562 0.722539 0.766274 0.648339 0.984954 0.649649 0.599874 0.724177 0.486875 0.662931 0.803603 0.678721 0.606370 0.762234 0.485652 0.667094 0.740136 0.851926 0.668457 0.629669 0.704904 0.633955 0.953952 0.756340 0.838210 0.940581 0.664964 0.729729 0.923936 0.769069 0.921226 0.899515
0.852518 0.799640 0.962254 0.922792 0.000000 0.940651 0.859161 0.975500 0.658249 0.874280 0.928158 0.928420 0.915839 0.929531 0.746967 0.895543 0.861287 0.972094 0.937341 0.927227 0.854897 0.871522 0.583560 0.695558 0.893104 0.785374 0.952306 0.682086 0.823563 0.786257 0.892633 0.831088 0.970389 0.966031 0.992240 0.939050 0.961254 0.728122 0.935277 0.913419 0.902272 0.887543 0.666589 0.666443 0.949331 0.838422 0.777987 0.767369 0.877315 0.910464 0.939749 0.986018 0.866836 0.814534 0.955142 0.932677 0.949842 0.912536 0.766168 0.855560 0.828649 0.950012 0.888591 0.947119 0.793576 0.979770 0.878744 0.860739 0.803076 0.861652 0.887546 0.955011 0.743375 0.784240 0.923006 0.945193 0.883149 0.787606 0.954926 0.986321 0.939408 0.860704 0.700874 0.774995 0.650842 0.649102 0.804998 0.710291 0.875144 0.933912 0.924362 0.988342 0.978991 0.951047 0.968848 0.912845 0.994186 0.762918 0.891730 0.936531 0.904673 0.849909 0.722413 0.808355 0.992206 0.850236 0.926288 0.858254 0.816403 0.973911 0.977621 0.945771 0.949699 0.979112 0.964279 0.836327
0.906967 0.838274 0.994823 0.800268 0.940651 0.000000 0.987576 0.820889 0.974476 0.977323 0.953422 0.818698 0.797264 0.783008 0.998821 0.723903 0.894137 0.950541 0.973577 0.886746 0.934332 0.778023 0.905226 0.942055 0.983403 0.883016 0.817522 0.764489 0.885094 0.955620 0.988563 0.868321 0.945631 0.994323 0.908889 0.974485 0.982782 0.899693 0.900706 0.902394 0.833299 0.929064 0.989053 0.976610 0.900912 0.909549 0.992048 0.989266 0.887991 0.874105 0.964424 0.859722 0.909407 0.958940 0.963235 0.931070 0.932981 0.959026 0.954613 0.971067 0.916546 0.809019 0.899853 0.906369 0.892549 0.789069 0.976446 0.928849 0.911274 0.895758 0.701349 0.700762 0.973085 0.999732 0.990739 0.855610 0.836466 0.839210 0.937362 0.968726 0.956753 0.905540 0.723198 0.804066 0.804553 0.977542 0.900488 0.730214 0.917133 0.997582 0.883954 0.923396 0.776000 0.879165 0.933279 0.934484 0.970348 0.934180 0.865172 0.944988 0.920110 0.827561 0.946760 0.889590 0.854242 0.876624 0.939895 0.968547 0.962732 0.993896 0.887266 0.962428 0.977255 0.904460 0.740291 0.815322
0.620300 0.896540 0.375880 0.495230 0.859161 0.987576 0.000000 0.460566 0.632142 0.479877 0.674273 0.797492 0.844844 0.853529 0.766958 0.690492 0.724352 0.617362 0.636348 0.744910 0.957456 0.982279 0.851395 0.930857 0.994739 0.966701 0.922487 0.882330 0.902415 0.868787 0.827424 0.983428 0.501515 0.513315 0.612258 0.880791 0.962402 0.913436 0.920584 0.864322 0.809876 0.863584 0.809683 0.822369 0.626294 0.607292 0.775703 0.775624 0.959895 0.969302 0.976722 0.904687 0.818751 0.872798 0.782375 0.678876 0.796270 0.921291 0.711058 0.818576 0.391443 0.595213 0.556465 0.609822 0.606675 0.655064 0.482985 0.588548 0.984716 0.834026 0.966373 0.983084 0.973601 0.910879 0.914452 0.913772 0.813034 0.950832 0.751923 0.894189 0.540182 0.494331 0.959939 0.720854 0.568797 0.635237 0.842060 0.907554 0.856984 0.715497 0.535143 0.745149 0.526046 0.790522 0.756233 0.749090 0.624506 0.806274 0.500592 0.613395 0.850583 0.958681 0.720263 0.714321 0.816641 0.711902 0.790009 0.843666 0.782077 0.910031 0.680102 0.674885 0.880944 0.839056 0.902960 0.900721
0.539197 0.698477 0.540374 0.433552 0.975500 0.820889 0.460566 0.000000 0.871306 0.495879 0.519533 0.469401 0.707262 0.862789 0.687083 0.894277 0.730430 0.625280 0.670647 0.662521 0.966396 0.984405 0.865531 0.776507 0.854865 0.907316 0.938104 0.900981 0.915660 0.806713 0.986562 0.853853 0.624261 0.414870 0.698076 0.900908 0.972163 0.888785 0.736034 0.661994 0.829021 0.919582 0.745895 0.749232 0.784989 0.682803 0.677593 0.665524 0.955684 0.786245 0.871054 0.739426 0.622852 0.620993 0.738194 0.685227 0.884696 0.862207 0.585701 0.589122 0.403965 0.351521 0.657782 0.574393 0.788382 0.468929 0.505781 0.475156 0.942353 0.680768 0.848781 0.843984 0.972435 0.909425 0.973876 0.957603 0.694887 0.797552 0.762592 0.943990 0.654078 0.648734 0.784176 0.875880 0.961814 0.842177 0.736022 0.604543 0.945548 0.725477 0.737806 0.992994 0.674747 0.990958 0.784666 0.784161 0.618357 0.783495 0.484129 0.766292 0.706373 0.989650 0.629904 0.709144 0.831259 0.724698 0.853099 0.889905 0.791731 0.902910 0.717385 0.767975 0.918517 0.776374 0.950495 0.998108
0.913325 0.991130 0.758478 0.894098 0.658249 0.974476 0.632142 0.871306 0.000000 0.714861 0.912585 0.999085 0.736421 0.908788 0.789364 0.971529 0.847337 0.845065 0.863026 0.939416 0.911137 0.974557 0.622987 0.848075 0.936864 0.941951 0.998918 0.910639 0.847261 0.881188 0.856015 0.875422 0.817499 0.916899 0.919380 0.908289 0.983942 0.809273 0.923992 0.839349 0.900270 0.897611 0.879538 0.867664 0.939943 0.971494 0.928219 0.855313 0.992829 0.979570 0.971117 0.979029 0.873312 0.829837 0.970677 0.928648 0.866287 0.867877 0.936322 0.944436 0.631135 0.852581 0.723019 0.797655 0.638689 0.896975 0.984347 0.886734 0.944895 0.910444 0.899742 0.838325 0.848407 0.975719 0.914650 0.963159 0.963433 0.962408 0.776454 0.976808 0.767133 0.718674 0.676075 0.749483 0.557597 0.580162 0.819308 0.799835 0.880019 0.791264 0.812036 0.843409 0.837209 0.899100 0.944153 0.957263 0.855441 0.995784 0.929887 0.775508 0.916691 0.976828 0.999529 0.915736 0.843913 0.996696 0.947914 0.961205 0.809564 0.957985 0.816633 0.944722 0.954133 0.826698 0.950324 0.793199
0.627543 0.913971 0.681898 0.765233 0.874280 0.977323 0.479877 0.495879 0.714861 0.000000 0.549200 0.663179 0.795343 0.963848 0.841780 0.880572 0.654781 0.587572 0.664893 0.696713 0.990742 0.911494 0.940975 0.772885 0.647376 0.680316 0.889582 0.756203 0.805401 0.758285 0.928079 0.946263 0.667964 0.540480 0.790941 0.880302 0.947351 0.838683 0.987731 0.901039 0.911606 0.973379 0.930614 0.949415 0.841474 0.799654 0.796561 0.904316 0.950933 0.859631 0.813973 0.775055 0.672176 0.650246 0.781241 0.789754 0.878642 0.827118 0.653878 0.718680 0.402587 0.507244 0.460590 0.423182 0.970002 0.798239 0.651754 0.738451 0.918530 0.778557 0.861335 0.890014 0.912846 0.960961 0.982833 0.891573 0.997063 0.922934 0.807557 0.873791 0.566322 0.533907 0.962643 0.683945 0.746032 0.904088 0.842337 0.916222 0.932840 0.787026 0.773626 0.951271 0.823690 0.884776 0.848893 0.783806 0.696187 0.927800 0.642520 0.778499 0.829917 0.870898 0.691099 0.805296 0.847335 0.776649 0.812895 0.981491 0.810942 0.887886 0.885391 0.834773 0.995763 0.905020 0.841476 0.824019
0.571197 0.850212 0.752360 0.794324 0.928158 0.953422 0.674273 0.519533 0.912585 0.549200 0.000000 0.474580 0.689503 0.977054 0.674639 0.854555 0.604301 0.670775 0.806137 0.737155 0.902562 0.915362 0.649477 0.582507 0.779953 0.848149 0.847931 0.966845 0.821647 0.849085 0.819326 0.753972 0.786427 0.514279 0.757743 0.951973 0.873651 0.950193 0.935961 0.826744 0.776192 0.838076 0.934884 0.940186 0.930512 0.787267 0.756715 0.885497 0.986867 0.773329 0.675999 0.591598 0.581912 0.562175 0.734344 0.684168 0.887199 0.890778 0.675348 0.795321 0.540120 0.498134 0.601841 0.523926 0.889893 0.817977 0.733612 0.787289 0.838284 0.677711 0.818011 0.925491 0.774725 0.921405 0.944240 0.909192 0.883515 0.908861 0.754618 0.920644 0.675368 0.739137 0.858188 0.822321 0.917502 0.899801 0.761519 0.680027 0.897587 0.822295 0.852962 0.796425 0.856167 0.883161 0.818771 0.819598 0.752739 0.815582 0.692405 0.937516 0.802345 0.916245 0.631283 0.809397 0.953077 0.853237 0.820267 0.999279 0.808331 0.932591 0.936583 0.834408 0.952675 0.851672 0.904294 0.940903
0.574502 0.642710 0.912575 0.772211 0.928420 0.818698 0.797492 0.469401 0.999085 0.663179 0.474580 0.000000 0.499491 0.612537 0.864908 0.823032 0.650626 0.666515 0.658299 0.689472 0.946441 0.875313 0.708560 0.744472 0.764556 0.797203 0.950430 0.944938 0.874052 0.742115 0.788594 0.778082 0.843551 0.580578 0.848223 0.975179 0.968217 0.804174 0.847130 0.826815 0.877239 0.987467 0.856179 0.821991 0.949626 0.792296 0.734966 0.814545 0.964381 0.766439 0.780919 0.680474 0.688201 0.659374 0.698484 0.770010 0.834073 0.758879 0.702967 0.749350 0.542126 0.417132 0.660370 0.570971 0.911505 0.671939 0.855608 0.823144 0.860344 0.572621 0.971335 0.946447 0.969724 0.995345 0.921803 0.983181 0.761950 0.711973 0.740360 0.908410 0.707325 0.796244 0.815892 0.906922 0.834986 0.964656 0.785691 0.651764 0.919407 0.890746 0.979778 0.767181 0.971210 0.781356 0.846183 0.972740 0.760092 0.854483 0.727250 0.993155 0.760340 0.906924 0.685473 0.853893 0.982536 0.927643 0.895847 0.943960 0.851601 0.952259 0.936970 0.913653 0.910522 0.821237 0.949743 0.955438
0.724995 0.676411 0.959204 0.882403 0.915839 0.797264 0.844844 0.707262 0.736421 0.795343 0.689503 0.499491 0.000000 0.547440 0.811210 0.651284 0.736234 0.787029 0.629693 0.778506 0.886192 0.990394 0.984206 0.962579 0.826161 0.808280 0.957571 0.980012 0.819324 0.802706 0.941419 0.973126 0.889326 0.760022 0.939363 0.914130 0.894866 0.763000 0.996195 0.946553 0.920273 0.906763 0.922818 0.892055 0.969034 0.787905 0.833687 0.967508 0.964995 0.932830 0.879384 0.885020 0.931368 0.973686 0.798972 0.773899 0.816568 0.768344 0.970526 0.881710 0.608818 0.545249 0.785880 0.748914 0.979556 0.697496 0.937758 0.978674 0.812989 0.718422 0.971560 0.999381 0.818169 0.935919 0.988330 0.813442 0.758045 0.771144 0.813617 0.958246 0.803275 0.846706 0.930506 0.971878 0.976758 0.873298 0.975442 0.907320 0.894898 0.989934 0.905552 0.907439 0.918045 0.873271 0.977926 0.987769 0.778729 0.897920 0.820463 0.930676 0.973120 0.909964 0.846137 0.959685 0.869803 0.938577 0.901814 0.962258 0.913659 0.951102 0.890532 0.934292 0.827911 0.726158 0.965891 0.927945
0.807688 0.590839 0.886285 0.930624 0.929531 0.783008 0.853529 0.862789 0.908788 0.963848 0.977054 0.612537 0.547440 0.000000 0.723803 0.563184 0.890141 0.862205 0.649471 0.718010 0.958432 0.969382 0.970679 0.902484 0.939839 0.948700 0.875600 0.928106 0.892475 0.852670 0.986192 0.896729 0.954990 0.937888 0.952060 0.992176 0.911821 0.866609 0.874356 0.929351 0.853661 0.865899 0.829316 0.795666 0.884986 0.931601 0.769340 0.835075 0.990264 0.965235 0.995229 0.953889 0.960723 0.948885 0.839329 0.823444 0.864369 0.778801 0.981332 0.810559 0.932766 0.741136 0.977021 0.964008 0.958232 0.738004 0.890175 0.999188 0.822551 0.723417 0.813864 0.774560 0.772487 0.892295 0.992504 0.804985 0.696346 0.702952 0.863034 0.934071 0.954981 0.989995 0.887032 0.948146 0.834325 0.930452 0.892197 0.921810 0.991018 0.934433 0.930070 0.896299 0.920810 0.862321 0.901926 0.993725 0.951342 0.994169 0.979603 0.984892 0.869955 0.953839 0.905385 0.974403 0.953389 0.972789 0.815493 0.930415 0.879203 0.951985 0.999218 0.990554 0.906577 0.939560 0.896935 0.895185
0.921653 0.855175 0.746627 0.690441 0.746967 0.998821 0.766958 0.687083 0.789364 0.841780 0.674639 0.864908 0.811210 0.723803 0.000000 0.578173 0.895689 0.911549 0.894194 0.979001 0.866339 0.959346 0.556410 0.651524 0.988604 0.999507 0.855119 0.997363 0.749708 0.776879 0.782576 0.682451 0.997686 0.742875 0.879110 0.927190 0.985884 0.832568 0.832147 0.785374 0.857886 0.786107 0.771527 0.843792 0.894344 0.889232 0.933962 0.863318 0.893783 0.781876 0.918619 0.746022 0.577429 0.598250 0.938709 0.884130 0.769466 0.694137 0.776827 0.841484 0.884028 0.839370 0.979676 0.953741 0.920578 0.859596 0.570590 0.643310 0.890408 0.894590 0.946779 0.913997 0.725772 0.921589 0.880455 0.864239 0.924027 0.981811 0.876388 0.983534 0.932240 0.908204 0.656013 0.803406 0.745190 0.757960 0.718770 0.570031 0.930265 0.949290 0.798042 0.914986 0.697134 0.809062 0.898286 0.892556 0.834800 0.798529 0.732105 0.905465 0.745829 0.933310 0.730379 0.825079 0.959011 0.808798 0.796369 0.874972 0.964796 0.969717 0.785167 0.916050 0.961109 0.900170 0.911751 0.869875
0.917589 0.806657 0.660981 0.796916 0.895543 0.723903 0.690492 0.894277 0.971529 0.880572 0.854555 0.823032 0.651284 0.563184 0.578173 0.000000 0.992665 0.950326 0.914192 0.997751 0.887244 0.968522 0.831895 0.721899 0.911188 0.956500 0.846769 0.965759 0.902376 0.810390 0.944891 0.777511 0.909475 0.866323 0.750137 0.937600 0.908601 0.836899 0.958989 0.912241 0.908829 0.731942 0.882601 0.895983 0.768095 0.829343 0.958217 0.885645 0.893166 0.974373 0.996683 0.965758 0.765475 0.790948 0.983429 0.834007 0.994673 0.835306 0.781350 0.979330 0.937017 0.935959 0.863948 0.884188 0.931516 0.903645 0.687206 0.804343 0.977087 0.986938 0.865821 0.913666 0.669843 0.839783 0.940269 0.804111 0.917579 0.805089 0.980095 0.924520 0.847136 0.818777 0.954794 0.906726 0.905547 0.986131 0.858637 0.857585 0.910959 0.837151 0.821016 0.866617 0.763726 0.819182 0.872308 0.772102 0.855104 0.825543 0.834369 0.828559 0.936640 0.952336 0.838129 0.852084 0.987185 0.821150 0.837515 0.888130 0.951968 0.992178 0.831668 0.791416 0.784105 0.919768 0.904769 0.997565
0.514767 0.660609 0.841979 0.993715 0.861287 0.894137 0.724352 0.730430 0.847337 0.654781 0.604301 0.650626 0.736234 0.890141 0.895689 0.992665 0.000000 0.478084 0.616354 0.609832 0.947445 0.881426 0.987273 0.823403 0.822697 0.845898 0.980865 0.931783 0.616677 0.603308 0.982249 0.952690 0.657318 0.696124 0.720453 0.923303 0.776007 0.851166 0.843810 0.849102 0.890761 0.906174 0.932465 0.992876 0.827077 0.762788 0.834892 0.833541 0.809683 0.954912 0.917452 0.877165 0.934030 0.953084 0.704366 0.774155 0.579050 0.587712 0.701843 0.961793 0.561825 0.636445 0.457564 0.446923 0.991877 0.951478 0.947395 0.994437 0.727656 0.677448 0.884281 0.837909 0.991528 0.987560 0.981750 0.893244 0.996682 0.979655 0.699369 0.915099 0.461781 0.511557 0.835707 0.572745 0.725281 0.826492 0.873645 0.931629 0.811998 0.747152 0.919136 0.810107 0.965282 0.783145 0.798300 0.797963 0.815964 0.949363 0.795110 0.880654 0.960650 0.758035 0.760394 0.863433 0.892957 0.920738 0.813581 0.989864 0.896415 0.954185 0.991280 0.833881 0.885890 0.973725 0.974267 0.890471
0.469581 0.633356 0.714840 0.792588 0.972094 0.950541 0.617362 0.625280 0.845065 0.587572 0.670775 0.666515 0.787029 0.862205 0.911549 0.950326 0.478084 0.000000 0.590012 0.637739 0.908070 0.890641 0.931019 0.826413 0.966387 0.952648 0.940234 0.992800 0.614305 0.538738 0.820125 0.970696 0.571086 0.581476 0.690258 0.834806 0.814310 0.902870 0.990445 0.914786 0.807485 0.884072 0.899203 0.864377 0.737160 0.691441 0.602391 0.706982 0.741595 0.928785 0.988890 0.930872 0.956975 0.925720 0.595445 0.668349 0.497847 0.617390 0.632769 0.847201 0.519569 0.603647 0.408202 0.430769 0.863814 0.848569 0.799501 0.833177 0.825515 0.670503 0.988402 0.907255 0.966618 0.915190 0.968352 0.878242 0.997122 0.964706 0.644779 0.953856 0.352235 0.397815 0.818430 0.523363 0.663173 0.692283 0.966412 0.973581 0.790292 0.602494 0.909250 0.824831 0.980689 0.832275 0.746988 0.760031 0.846164 0.986761 0.739627 0.782992 0.982933 0.797175 0.794672 0.811380 0.940392 0.755231 0.837370 0.953756 0.835237 0.881644 0.975985 0.824519 0.898345 0.925628 0.978139 0.879876
0.533441 0.609702 0.717126 0.761706 0.937341 0.973577 0.636348 0.670647 0.863026 0.664893 0.806137 0.658299 0.629693 0.649471 0.894194 0.914192 0.616354 0.590012 0.000000 0.585700 0.988789 0.989877 0.873232 0.932031 0.957688 0.999781 0.928228 0.973748 0.765752 0.741756 0.793792 0.866848 0.625236 0.669264 0.680650 0.914816 0.952357 0.858322 0.998952 0.966508 0.883683 0.997141 0.894524 0.821850 0.891901 0.719597 0.708889 0.765107 0.964279 0.972778 0.975104 0.928368 0.941936 0.973042 0.698732 0.680820 0.667228 0.658955 0.802075 0.810211 0.564508 0.632574 0.578892 0.623954 0.832170 0.716103 0.833188 0.846217 0.762041 0.731868 0.970133 0.998803 0.819697 0.900066 0.999910 0.977713 0.842806 0.788055 0.655133 0.987552 0.548909 0.559553 0.926225 0.752398 0.691627 0.699182 0.836754 0.986532 0.833317 0.780101 0.788264 0.958616 0.846006 0.980122 0.888229 0.853553 0.712276 0.956476 0.664052 0.714712 0.935152 0.825903 0.734299 0.886041 0.878170 0.787359 0.931754 0.808527 0.966346 0.913562 0.881977 0.815088 0.823723 0.860343 0.974086 0.799941
0.627202 0.703217 0.736137 0.735857 0.927227 0.886746 0.744910 0.662521 0.939416 0.696713 0.737155 0.689472 0.778506 0.718010 0.979001 0.997751 0.609832 0.637739 0.585700 0.000000 0.837671 0.962263 0.964280 0.933311 0.980661 0.912102 0.973378 0.880048 0.862366 0.834901 0.803475 0.972997 0.709904 0.692855 0.657861 0.985543 0.791175 0.952835 0.939329 0.861131 0.950763 0.944076 0.819585 0.785813 0.896102 0.758252 0.669202 0.631704 0.908838 0.864682 0.877464 0.809142 0.851001 0.870482 0.825922 0.666191 0.712425 0.606376 0.566750 0.550498 0.710359 0.664576 0.740305 0.692869 0.901072 0.684859 0.747071 0.712557 0.794452 0.617923 0.918464 0.898151 0.877107 0.827406 0.832487 0.930871 0.779285 0.996284 0.639852 0.952308 0.660791 0.696027 0.956160 0.836701 0.852761 0.884855 0.791274 0.871330 0.860771 0.668072 0.839159 0.973740 0.881761 0.969110 0.974252 0.711783 0.634917 0.905763 0.645110 0.811430 0.743561 0.830581 0.637029 0.794370 0.876337 0.787471 0.953095 0.818589 0.878918 0.961617 0.744997 0.854389 0.914409 0.948111 0.982373 0.994390
0.789801 0.885849 0.826819 0.811960 0.854897 0.934332 0.957456 0.966396 0.911137 0.990742 0.902562 0.946441 0.886192 0.958432 0.866339 0.887244 0.947445 0.908070 0.988789 0.837671 0.000000 0.888885 0.834721 0.813200 0.809481 0.808932 0.977524 0.864271 0.862284 0.786609 0.958630 0.939810 0.881692 0.927348 0.833077 0.997090 0.849184 0.846191 0.936715 0.988180 0.931754 0.946165 0.751812 0.770702 0.930968 0.914295 0.822263 0.841320 0.882145 0.886638 0.865294 0.919443 0.947316 0.961797 0.956390 0.977332 0.809964 0.933541 0.746911 0.924312 0.975573 0.949312 0.954307 0.944318 0.910725 0.947118 0.823627 0.863227 0.808643 0.878344 0.905644 0.963628 0.845523 0.807010 0.880579 0.996335 0.951797 0.989058 0.910442 0.902163 0.987126 0.959177 0.778246 0.875804 0.914816 0.898802 0.997939 0.889551 0.963654 0.792137 0.881795 0.924426 0.865344 0.844380 0.956931 0.755802 0.875128 0.949815 0.951839 0.904103 0.920972 0.998878 0.757737 0.791989 0.991418 0.830956 0.932352 0.912115 0.981829 0.974208 0.919689 0.828262 0.964042 0.935286 0.933537 0.796355
0.992852 0.868023 0.864748 0.819820 0.871522 0.778023 0.982279 0.984405 0.974557 0.911494 0.915362 0.875313 0.990394 0.969382 0.959346 0.968522 0.881426 0.890641 0.989877 0.962263 0.888885 0.000000 0.997156 0.961595 0.944070 0.879864 0.886541 0.709042 0.842100 0.826102 0.984878 0.901272 0.990616 0.982821 0.937999 0.955635 0.937794 0.904397 0.986185 0.874594 0.952567 0.778365 0.928824 0.971186 0.902028 0.909030 0.938280 0.997378 0.999422 0.879546 0.802579 0.810679 0.923696 0.919227 0.920594 0.932075 0.894242 0.976787 0.910055 0.764633 0.884549 0.982177 0.789411 0.817204 0.844462 0.817907 0.860889 0.842484 0.943626 0.994009 0.829139 0.808638 0.949053 0.939104 0.963439 0.977910 0.894986 0.964556 0.935312 0.940695 0.919918 0.900707 0.742618 0.797086 0.934036 0.951134 0.792516 0.858529 0.945535 0.912423 0.880976 0.901174 0.800558 0.787784 0.971904 0.972031 0.949291 0.922551 0.847976 0.854744 0.861095 0.799080 0.961214 0.952602 0.776533 0.770361 0.877648 0.809939 0.930018 0.933395 0.996334 0.861168 0.966664 0.967229 0.869496 0.981618
0.833821 0.934393 0.916870 0.991766 0.583560 0.905226 0.851395 0.865531 0.622987 0.940975 0.649477 0.708560 0.984206 0.970679 0.556410 0.831895 0.987273 0.931019 0.873232 0.964280 0.834721 0.997156 0.000000 0.457698 0.895345 0.986386 0.876873 0.822208 0.916326 0.828751 0.585719 0.560424 0.848373 0.891979 0.940365 0.935849 0.931974 0.897241 0.842312 0.860004 0.817444 0.837679 0.813323 0.812070 0.995058 0.943224 0.894562 0.879800 0.970192 0.818284 0.808318 0.673973 0.690279 0.637827 0.960765 0.920836 0.930442 0.903730 0.793588 0.946477 0.920390 0.883900 0.952264 0.946729 0.603772 0.922188 0.937333 0.958165 0.827767 0.789746 0.920304 0.985460 0.607749 0.749735 0.874684 0.982243 0.904103 0.867317 0.916581 0.970177 0.901015 0.756884 0.589202 0.737463 0.429661 0.560011 0.721603 0.508300 0.917547 0.903357 0.937175 0.806465 0.995012 0.967629 0.987571 0.986848 0.974590 0.811806 0.925055 0.890224 0.801239 0.968407 0.704893 0.827595 0.854234 0.945500 0.946725 0.999844 0.905353 0.981225 0.954743 0.956243 0.983341 0.994196 0.962936 0.788080
0.665200 0.939502 0.989439 0.978013 0.695558 0.942055 0.930857 0.776507 0.848075 0.772885 0.582507 0.744472 0.962579 0.902484 0.651524 0.721899 0.823403 0.826413 0.932031 0.933311 0.813200 0.961595 0.457698 0.000000 0.833878 0.920927 0.750597 0.948549 0.949919 0.993919 0.730440 0.575804 0.994134 0.764244 0.968130 0.931968 0.851305 0.971336 0.929307 0.902996 0.781780 0.882850 0.888937 0.898569 0.878831 0.841193 0.825251 0.853416 0.800555 0.910347 0.815446 0.685796 0.743438 0.615157 0.965855 0.861095 0.867164 0.919131 0.645077 0.935539 0.870113 0.821840 0.770884 0.672171 0.676354 0.841619 0.895416 0.976591 0.769375 0.761608 0.866594 0.960331 0.530300 0.690959 0.954683 0.888872 0.982871 0.946435 0.999587 0.864342 0.811948 0.937501 0.831237 0.924392 0.722380 0.676912 0.786081 0.658492 0.983498 0.899329 0.971304 0.815239 0.968900 0.894711 0.974389 0.889834 0.966343 0.846461 0.812393 0.909665 0.828645 0.992173 0.645041 0.783310 0.886232 0.891841 0.825152 0.944374 0.980072 0.957407 0.997729 0.824093 0.975837 0.944801 0.905695 0.950879
0.998488 0.909730 0.789644 0.811772 0.893104 0.983403 0.994739 0.854865 0.936864 0.647376 0.779953 0.764556 0.826161 0.939839 0.988604 0.911188 0.822697 0.966387 0.957688 0.980661 0.809481 0.944070 0.895345 0.833878 0.000000 0.485338 0.891952 0.700288 0.812755 0.807292 0.776943 0.800531 0.860437 0.887394 0.895171 0.691926 0.870919 0.778244 0.840226 0.956201 0.924079 0.836910 0.610444 0.640647 0.829114 0.840184 0.841616 0.888916 0.810651 0.729211 0.703045 0.715752 0.742878 0.718933 0.961043 0.937214 0.807452 0.981455 0.939273 0.897969 0.768834 0.697322 0.745516 0.636874 0.671167 0.929568 0.905689 0.882338 0.935580 0.973741 0.741674 0.801189 0.894824 0.992754 0.969534 0.977298 0.820788 0.856213 0.930664 0.823934 0.959519 0.957993 0.963992 0.914641 0.877527 0.814229 0.934927 0.957369 0.890226 0.825742 0.851974 0.715593 0.790143 0.677526 0.865280 0.811979 0.947891 0.931189 0.988455 0.857336 0.947694 0.902559 0.898642 0.937378 0.941359 0.923388 0.980641 0.810798 0.977194 0.987927 0.850119 0.990438 0.888466 0.988503 0.798598 0.822524
0.928330 0.853527 0.861277 0.833608 0.785374 0.883016 0.966701 0.907316 0.941951 0.680316 0.848149 0.797203 0.808280 0.948700 0.999507 0.956500 0.845898 0.952648 0.999781 0.912102 0.808932 0.879864 0.986386 0.920927 0.485338 0.000000 0.912389 0.672091 0.872150 0.829857 0.752216 0.915426 0.894083 0.923474 0.881326 0.749336 0.829612 0.782555 0.800671 0.960038 0.878107 0.812505 0.659108 0.690825 0.970573 0.900864 0.923755 0.837712 0.799898 0.838469 0.777939 0.851595 0.780111 0.681263 0.969189 0.926666 0.891048 0.951333 0.889955 0.869022 0.789227 0.783415 0.767454 0.711793 0.733088 0.966220 0.929621 0.934788 0.997989 0.926560 0.707393 0.816554 0.900151 0.941004 0.988816 0.999664 0.755795 0.750000 0.911328 0.835911 0.951291 0.915773 0.990382 0.944153 0.988515 0.841248 0.992824 0.967798 0.937213 0.829067 0.820883 0.723375 0.780386 0.646140 0.817536 0.906137 0.974030 0.869782 0.957228 0.861333 0.988706 0.810339 0.964124 0.856220 0.928254 0.853578 0.987748 0.854537 0.881212 0.985364 0.963869 0.866477 0.898861 0.976701 0.782704 0.791455
0.938502 0.959756 0.939299 0.957485 0.952306 0.817522 0.922487 0.938104 0.998918 0.889582 0.847931 0.950430 0.957571 0.875600 0.855119 0.846769 0.980865 0.940234 0.928228 0.973378 0.977524 0.886541 0.876873 0.750597 0.891952 0.912389 0.000000 0.822824 0.820308 0.879608 0.957360 0.783820 0.979027 0.883637 0.934488 0.936917 0.949576 0.897555 0.988609 0.979584 0.958130 0.986722 0.842973 0.888794 0.757134 0.741186 0.997960 0.929313 0.833163 0.878341 0.981759 0.948858 0.896077 0.887421 0.854112 0.838382 0.927763 0.976974 0.876466 0.996002 0.944388 0.989116 0.944192 0.869644 0.853571 0.882629 0.971856 0.952786 0.821823 0.905615 0.926884 0.931637 0.737885 0.843481 0.974207 0.957522 0.979386 0.959094 0.919848 0.841543 0.975775 0.942572 0.975228 0.969933 0.973173 0.798986 0.959246 0.969582 0.984005 0.859812 0.884144 0.967055 0.909951 0.991252 0.902430 0.996890 0.896482 0.831470 0.909035 0.875273 0.943905 0.886934 0.878745 0.916909 0.784394 0.933844 0.990984 0.994477 0.922290 0.951132 0.910193 0.884666 0.934952 0.849248 0.892868 0.908936
0.818556 0.798781 0.927014 0.951430 0.682086 0.764489 0.882330 0.900981 0.910639 0.756203 0.966845 0.944938 0.980012 0.928106 0.997363 0.965759 0.931783 0.992800 0.973748 0.880048 0.864271 0.709042 0.822208 0.948549 0.700288 0.672091 0.822824 0.000000 0.978699 0.909446 0.940780 0.955319 0.984939 0.963428 0.961735 0.959799 0.876631 0.808581 0.979396 0.927229 0.829390 0.991227 0.874094 0.903216 0.891731 0.926006 0.885894 0.965634 0.993812 0.978910 0.953591 0.976813 0.846103 0.898080 0.992998 0.890040 0.829510 0.995382 0.966902 0.965079 0.861975 0.901018 0.904583 0.853739 0.906699 0.951156 0.989685 0.934032 0.812188 0.988487 0.872373 0.890405 0.997489 0.813949 0.936766 0.962251 0.988055 0.855415 0.950625 0.885298 0.991723 0.937877 0.850882 0.906688 0.900350 0.971732 0.960827 0.853275 0.994554 0.838135 0.967351 0.982935 0.937145 0.860834 0.917576 0.997771 0.951240 0.895845 0.992993 0.950610 0.995151 0.922399 0.915994 0.886981 0.925916 0.818492 0.977486 0.872305 0.841682 0.992783 0.924967 0.975704 0.949068 0.937058 0.848613 0.830045
0.763008 0.896852 0.996523 0.849576 0.823563 0.885094 0.902415 0.915660 0.847261 0.805401 0.821647 0.874052 0.819324 0.892475 0.749708 0.902376 0.616677 0.614305 0.765752 0.862366 0.862284 0.842100 0.916326 0.949919 0.812755 0.872150 0.820308 0.978699 0.000000 0.484964 0.966917 0.860024 0.837000 0.803259 0.994039 0.928149 0.981135 0.757510 0.913780 0.855639 0.858470 0.980095 0.736037 0.813351 0.869151 0.943956 0.916686 0.947037 0.925164 0.800236 0.687046 0.749506 0.995286 0.925293 0.912959 0.778452 0.789283 0.861118 0.981015 0.913605 0.736706 0.738329 0.609582 0.636682 0.939595 0.962455 0.857579 0.834937 0.978452 0.909465 0.802140 0.794782 0.870909 0.872494 0.997439 0.985829 0.910533 0.986727 0.853820 0.989600 0.679884 0.677310 0.697284 0.619610 0.808164 0.835240 0.912245 0.831994 0.884281 0.885364 0.830977 0.647412 0.712597 0.614111 0.995930 0.974298 0.844402 0.890525 0.919054 0.949243 0.840266 0.686121 0.953130 0.898475 0.871980 0.886265 0.950300 0.760948 0.908822 0.953509 0.967888 0.986518 0.857763 0.921486 0.942553 0.759606
0.736843 0.800635 0.938782 0.912829 0.786257 0.955620 0.868787 0.806713 0.881188 0.758285 0.849085 0.742115 0.802706 0.852670 0.776879 0.810390 0.603308 0.538738 0.741756 0.834901 0.786609 0.826102 0.828751 0.993919 0.807292 0.829857 0.879608 0.909446 0.484964 0.000000 0.832585 0.868467 0.774138 0.715330 0.957041 0.897695 0.927779 0.834165 0.975717 0.988869 0.973743 0.944228 0.833358 0.845985 0.986466 0.968008 0.832118 0.943029 0.887500 0.932103 0.892873 0.858656 0.998901 0.955801 0.725092 0.826133 0.724678 0.723319 0.908739 0.990022 0.694374 0.686523 0.551378 0.560368 0.967901 0.976810 0.927936 0.951574 0.956817 0.950996 0.905892 0.947122 0.824554 0.873179 0.911487 0.992294 0.857275 0.928340 0.790183 0.901556 0.644178 0.586353 0.659160 0.553225 0.751910 0.807460 0.830627 0.841233 0.844831 0.852955 0.796619 0.641600 0.729303 0.602971 0.870855 0.923209 0.927471 0.870965 0.956478 0.955054 0.844640 0.726592 0.876783 0.948339 0.955714 0.953594 0.846416 0.847682 0.921703 0.969496 0.961531 0.964442 0.901415 0.950145 0.951547 0.800595
0.878590 0.906717 0.847132 0.888669 0.892633 0.988563 0.827424 0.986562 0.856015 0.928079 0.819326 0.788594 0.941419 0.986192 0.782576 0.944891 0.982249 0.820125 0.793792 0.803475 0.958630 0.984878 0.585719 0.730440 0.776943 0.752216 0.957360 0.940780 0.966917 0.832585 0.000000 0.674935 0.667914 0.953384 0.801259 0.826433 0.954494 0.769519 0.983220 0.965126 0.952748 0.892532 0.920802 0.956630 0.840608 0.799621 0.880645 0.793988 0.740869 0.643534 0.667638 0.625633 0.785149 0.689267 0.963914 0.895094 0.762085 0.752667 0.932255 0.879494 0.939000 0.948958 0.914968 0.977332 0.756899 0.912769 0.866700 0.811257 0.865180 0.892705 0.705155 0.883455 0.745320 0.800772 0.842739 0.991078 0.987505 0.971490 0.872992 0.971936 0.839600 0.781022 0.768693 0.784490 0.597875 0.703902 0.893315 0.784250 0.961695 0.857637 0.842456 0.812058 0.838625 0.889410 0.931346 0.959365 0.873889 0.951691 0.824912 0.763577 0.903780 0.957303 0.881534 0.926518 0.905060 0.844061 0.968077 0.861247 0.901540 0.999475 0.854740 0.983888 0.954580 0.932679 0.897179 0.860984
0.894611 0.998959 0.943064 0.937722 0.831088 0.868321 0.983428 0.853853 0.875422 0.946263 0.753972 0.778082 0.973126 0.896729 0.682451 0.777511 0.952690 0.970696 0.866848 0.972997 0.939810 0.901272 0.560424 0.575804 0.800531 0.915426 0.783820 0.955319 0.860024 0.868467 0.674935 0.000000 0.877968 0.947947 0.975395 0.751985 0.878466 0.964077 0.967776 0.989095 0.819726 0.961264 0.954881 0.964163 0.952432 0.913565 0.994136 0.991039 0.923338 0.945822 0.892360 0.767495 0.754518 0.756362 0.997239 0.989266 0.913755 0.932581 0.791667 0.989374 0.949084 0.861173 0.940115 0.859174 0.772017 0.900622 0.949062 0.941662 0.869503 0.828341 0.951032 0.999002 0.688771 0.734962 0.899316 0.841986 0.938317 0.972346 0.959402 0.848705 0.936250 0.908963 0.741139 0.905916 0.666595 0.747887 0.759159 0.625817 0.950508 0.920641 0.870850 0.967447 0.852316 0.978186 0.879585 0.932161 0.946382 0.850912 0.865026 0.934459 0.941715 0.910010 0.748251 0.846199 0.924945 0.917631 0.928684 0.948661 0.863666 0.910175 0.902232 0.841432 0.927264 0.912223 0.958309 0.859560
0.566401 0.654940 0.556266 0.654282 0.970389 0.945631 0.501515 0.624261 0.817499 0.667964 0.786427 0.843551 0.889326 0.954990 0.997686 0.909475 0.657318 0.571086 0.625236 0.709904 0.881692 0.990616 0.848373 0.994134 0.860437 0.894083 0.979027 0.984939 0.837000 0.774138 0.667914 0.877968 0.000000 0.579418 0.686780 0.841246 0.885600 0.923308 0.974942 0.928374 0.779541 0.831948 0.768193 0.723004 0.608696 0.550937 0.729750 0.682216 0.795210 0.835619 0.897578 0.949793 0.945422 0.994076 0.765429 0.823340 0.598219 0.710851 0.664406 0.808814 0.561622 0.694272 0.651522 0.691791 0.724783 0.711239 0.598105 0.620949 0.917463 0.840148 0.871697 0.991305 0.926047 0.866479 0.982315 0.886045 0.806305 0.889700 0.719659 0.877164 0.557687 0.589518 0.951586 0.752407 0.637156 0.695902 0.910280 0.982122 0.889618 0.758850 0.676679 0.857300 0.684245 0.893321 0.787268 0.729164 0.624621 0.855158 0.584292 0.666361 0.858595 0.909829 0.798573 0.699845 0.932448 0.678038 0.836564 0.793930 0.840436 0.839585 0.826015 0.707500 0.769036 0.812882 0.973862 0.937718
0.539629 0.756783 0.628211 0.601397 0.966031 0.994323 0.513315 0.414870 0.916899 0.540480 0.514279 0.580578 0.760022 0.937888 0.742875 0.866323 0.696124 0.581476 0.669264 0.692855 0.927348 0.982821 0.891979 0.764244 0.887394 0.923474 0.883637 0.963428 0.803259 0.715330 0.953384 0.947947 0.579418 0.000000 0.690265 0.830114 0.899393 0.982225 0.840300 0.690522 0.814804 0.918183 0.798512 0.833925 0.824598 0.699736 0.702104 0.713912 0.989354 0.854598 0.874550 0.791234 0.638640 0.624237 0.689291 0.640443 0.811610 0.847417 0.625896 0.636735 0.478390 0.450627 0.585066 0.530612 0.892038 0.617876 0.540211 0.533663 0.956862 0.662638 0.978961 0.937601 0.988169 0.991778 0.993208 0.968683 0.862528 0.831068 0.745050 0.951226 0.607845 0.594669 0.893202 0.806091 0.850591 0.860901 0.901204 0.784315 0.901064 0.759567 0.779718 0.914946 0.768793 0.945180 0.820966 0.802511 0.683368 0.871775 0.528601 0.705557 0.793847 0.952167 0.703036 0.770029 0.884818 0.739003 0.801461 0.870094 0.875050 0.872601 0.770913 0.709751 0.830320 0.874901 0.899698 0.901543
0.637437 0.803013 0.622181 0.622464 0.992240 0.908889 0.612258 0.698076 0.919380 0.790941 0.757743 0.848223 0.939363 0.952060 0.879110 0.750137 0.720453 0.690258 0.680650 0.657861 0.833077 0.937999 0.940365 0.968130 0.895171 0.881326 0.934488 0.961735 0.994039 0.957041 0.801259 0.975395 0.686780 0.690265 0.000000 0.905133 0.853661 0.852901 0.946328 0.855871 0.864800 0.819561 0.805441 0.826448 0.782880 0.700549 0.771703 0.698157 0.848730 0.876925 0.825579 0.879890 0.959118 0.978889 0.807158 0.660416 0.776727 0.817734 0.750353 0.813925 0.703139 0.800536 0.755268 0.747783 0.758282 0.794564 0.676619 0.734508 0.810252 0.740992 0.831435 0.817826 0.944694 0.987813 0.957353 0.936130 0.943972 0.990600 0.700292 0.907531 0.600584 0.631386 0.984488 0.723053 0.716576 0.717309 0.815621 0.944613 0.979721 0.672820 0.696011 0.738228 0.656675 0.823634 0.820660 0.731003 0.667058 0.751594 0.640725 0.666825 0.958374 0.945587 0.732856 0.739262 0.956833 0.702954 0.966199 0.678014 0.752151 0.955237 0.802386 0.860726 0.956053 0.893916 0.891575 0.952128
0.907322 0.904786 0.809172 0.819030 0.939050 0.974485 0.880791 0.900908 0.908289 0.880302 0.951973 0.975179 0.914130 0.992176 0.927190 0.937600 0.923303 0.834806 0.914816 0.985543 0.997090 0.955635 0.935849 0.931968 0.691926 0.749336 0.936917 0.959799 0.928149 0.897695 0.826433 0.751985 0.841246 0.830114 0.905133 0.000000 0.775756 0.929552 0.918482 0.747182 0.965411 0.853009 0.813644 0.879155 0.895095 0.940810 0.842540 0.793242 0.915216 0.972647 0.888043 0.956882 0.959157 0.923601 0.823394 0.841132 0.849811 0.994411 0.949631 0.964122 0.962651 0.989607 0.978829 0.972987 0.708531 0.815638 0.813152 0.719736 0.853903 0.975209 0.855615 0.861924 0.966850 0.976996 0.935379 0.944214 0.875768 0.877175 0.851848 0.858415 0.894304 0.858430 0.987205 0.963864 0.851584 0.819110 0.959875 0.977676 0.927645 0.807032 0.981497 0.987450 0.931752 0.886922 0.799680 0.977993 0.979157 0.991510 0.884205 0.891516 0.958733 0.899206 0.932141 0.950653 0.990242 0.829468 0.819506 0.962614 0.937380 0.984664 0.980963 0.946352 0.901340 0.972200 0.865762 0.918566
0.845225 0.877874 0.880733 0.941486 0.961254 0.982782 0.962402 0.972163 0.983942 0.947351 0.873651 0.968217 0.894866 0.911821 0.985884 0.908601 0.776007 0.814310 0.952357 0.791175 0.849184 0.937794 0.931974 0.851305 0.870919 0.829612 0.949576 0.876631 0.981135 0.927779 0.954494 0.878466 0.885600 0.899393 0.853661 0.775756 0.000000 0.775736 0.977885 0.942868 0.888711 0.805598 0.956293 0.934936 0.987125 0.950198 0.885871 0.901272 0.840725 0.924710 0.889565 0.888796 0.919271 0.962623 0.781829 0.856031 0.747550 0.772504 0.755250 0.881282 0.999808 0.996551 0.913487 0.915781 0.894579 0.997024 0.921148 0.909372 0.894574 0.962567 0.911272 0.950601 0.884977 0.963232 0.867443 0.808304 0.986858 0.934965 0.712626 0.943999 0.833691 0.930149 0.946052 0.867254 0.950062 0.978859 0.951718 0.910973 0.900503 0.712712 0.931582 0.954771 0.904276 0.944846 0.885343 0.949741 0.852056 0.967075 0.881651 0.936333 0.993114 0.928785 0.766314 0.930228 0.899349 0.709483 0.913757 0.896924 0.894499 0.926869 0.964141 0.866788 0.971633 0.953193 0.775307 0.924516
0.968262 0.987483 0.956249 0.953321 0.728122 0.899693 0.913436 0.888785 0.809273 0.838683 0.950193 0.804174 0.763000 0.866609 0.832568 0.836899 0.851166 0.902870 0.858322 0.952835 0.846191 0.904397 0.897241 0.971336 0.778244 0.782555 0.897555 0.808581 0.757510 0.834165 0.769519 0.964077 0.923308 0.982225 0.852901 0.929552 0.775736 0.000000 0.963650 0.968024 0.861175 0.746044 0.843080 0.844760 0.949945 0.866814 0.937144 0.910481 0.792098 0.746034 0.665024 0.694705 0.954817 0.923198 0.934683 0.958578 0.871776 0.967735 0.806234 0.808067 0.750335 0.801886 0.821341 0.830967 0.951709 0.971229 0.837224 0.809646 0.956527 0.902819 0.752111 0.833595 0.899372 0.964422 0.819821 0.951888 0.960217 0.996560 0.992843 0.972661 0.895414 0.868207 0.863086 0.907531 0.922302 0.851846 0.928231 0.958936 0.983018 0.936633 0.923818 0.819541 0.805981 0.769834 0.975732 0.977492 0.863353 0.847018 0.911150 0.863106 0.930629 0.846841 0.870586 0.780236 0.859747 0.764443 0.886294 0.733471 0.900955 0.952465 0.918890 0.991312 0.937881 0.893102 0.850856 0.793493
