0.000000 0.231387 0.416333 0.448417 0.808486 0.691335 0.381992 0.495482 0.856479 0.572651 0.512606 0.432404 0.298035 0.421347 0.542417 0.579527 0.494325 0.434198 0.335016 0.346705 0.571847 0.967784 0.628693 0.517273 0.496644 0.568696 0.706137 0.726441 0.966829 0.954150 0.989416 0.975635 0.404049 0.399465 0.427707 0.769147 0.415684 0.541575 0.526700 0.652454 0.571844 0.926533 0.781942 0.687262 0.912273 0.849766 0.452026 0.509197 0.910698 0.621856 0.920822 0.705564 0.869783 0.622959 0.325095 0.450733 0.349500 0.248206 0.272074 0.362354 0.379663 0.672293 0.464224 0.534790 0.411151 0.396530 0.329974 0.507418 0.248631 0.317406 0.711354 0.975801 0.807544 0.829995 0.765041 0.929964 0.683687 0.912276 0.659183 0.563289 0.349134 0.253150 0.516402 0.341282 0.317403 0.359562 0.523095 0.602316 0.413093 0.413044 0.974460 0.958282 0.763437 0.720144 0.651427 0.957417 0.497069 0.832767 0.950563 0.973462 0.621025 0.974283 0.967296 0.980545 0.669692 0.684397 0.904896 0.824295 0.930705 0.783610 0.863888 0.958604 0.979169 0.970180 0.879518 0.864243
0.231387 0.000000 0.344224 0.344399 0.734306 0.663876 0.310060 0.373039 0.765019 0.646359 0.590439 0.415116 0.298914 0.385676 0.477685 0.507306 0.456219 0.396185 0.302378 0.285503 0.551448 0.984684 0.490902 0.430728 0.465600 0.548735 0.652922 0.758712 0.868776 0.847554 0.883084 0.889467 0.331431 0.381013 0.398876 0.788793 0.400026 0.446774 0.502718 0.655825 0.582445 0.814527 0.611805 0.574415 0.801914 0.783423 0.380766 0.443644 0.869855 0.620115 0.885308 0.695805 0.897289 0.628052 0.350395 0.488129 0.294269 0.187780 0.307063 0.396758 0.353298 0.581908 0.465120 0.466908 0.376882 0.332724 0.251851 0.388329 0.303628 0.380690 0.566633 0.791690 0.760802 0.780472 0.848759 0.925220 0.614746 0.931277 0.509556 0.588018 0.325516 0.256514 0.465346 0.391853 0.290348 0.321626 0.541174 0.506724 0.425919 0.386196 0.885258 0.914050 0.630340 0.680737 0.587414 0.922513 0.478527 0.852272 0.866627 0.887609 0.652753 0.987815 0.982244 0.965255 0.556935 0.577984 0.880363 0.936438 0.861117 0.746604 0.976860 0.892080 0.989029 0.984888 0.733673 0.897871
0.416333 0.344224 0.000000 0.219569 0.654106 0.789157 0.327314 0.456813 0.649915 0.582272 0.901060 0.621712 0.306877 0.602068 0.405723 0.442591 0.788718 0.817806 0.540948 0.551831 0.563739 0.811583 0.325657 0.325034 0.276097 0.308928 0.543464 0.708672 0.785263 0.755560 0.693813 0.869442 0.467388 0.595164 0.361456 0.878569 0.321088 0.513778 0.406148 0.667946 0.676591 0.949452 0.883236 0.886775 0.998104 0.973021 0.561686 0.553479 0.918857 0.674322 0.903172 0.640520 0.962260 0.742354 0.324057 0.511085 0.623183 0.412152 0.365622 0.343373 0.251562 0.339641 0.723510 0.707814 0.179356 0.209210 0.301458 0.388584 0.353073 0.413971 0.694458 0.915479 0.688329 0.784969 0.922643 0.908740 0.732365 0.902252 0.694449 0.876157 0.669712 0.536819 0.601296 0.524781 0.209909 0.230330 0.551113 0.601705 0.313010 0.336290 0.883070 0.862931 0.844754 0.901954 0.635258 0.992424 0.606140 0.872742 0.860263 0.872104 0.601692 0.797954 0.741388 0.702952 0.592017 0.548869 0.883792 0.952935 0.832970 0.770937 0.986094 0.968614 0.918640 0.865196 0.722351 0.843656
0.448417 0.344399 0.219569 0.000000 0.656310 0.763375 0.380199 0.381649 0.766224 0.539593 0.995107 0.564713 0.322058 0.515648 0.365669 0.389572 0.827619 0.772574 0.510906 0.516253 0.608636 0.865843 0.255687 0.232527 0.280203 0.380930 0.448383 0.741239 0.820733 0.778590 0.778090 0.972852 0.520116 0.638585 0.429206 0.817402 0.378008 0.515853 0.399540 0.662938 0.701195 0.870216 0.866895 0.896264 0.942313 0.994695 0.571657 0.536638 0.876959 0.727968 0.987543 0.709943 0.963822 0.668282 0.353968 0.538818 0.608321 0.384741 0.451174 0.414631 0.360649 0.416158 0.776564 0.720367 0.203596 0.242657 0.340544 0.444302 0.430771 0.488277 0.678624 0.912794 0.862328 0.936673 0.943982 0.908096 0.726037 0.924565 0.686446 0.858838 0.624243 0.511531 0.581263 0.469257 0.200970 0.216274 0.481152 0.539206 0.336289 0.283693 0.999895 0.940441 0.729650 0.834306 0.666093 0.904184 0.586228 0.912836 0.909344 0.957745 0.594339 0.773291 0.772134 0.707335 0.562755 0.494492 0.896344 0.897238 0.865162 0.730513 0.992614 0.938180 0.868195 0.831554 0.798192 0.835574
0.808486 0.734306 0.654106 0.656310 0.000000 0.864034 0.688254 0.703219 0.861480 0.890549 0.979775 0.852876 0.624168 0.851362 0.653123 0.627824 0.885502 0.936345 0.797505 0.824865 0.821141 0.902496 0.567142 0.628890 0.598726 0.630240 0.735209 0.803856 0.968136 0.883088 0.774204 0.967593 0.800084 0.767440 0.826438 0.826484 0.709420 0.854621 0.874062 0.744665 0.844704 0.913648 0.816519 0.866521 0.984991 0.982899 0.874092 0.739382 0.942780 0.964440 0.978808 0.900322 0.964410 0.809695 0.792753 0.829581 0.807336 0.759046 0.807965 0.770452 0.691498 0.679690 0.944369 0.865046 0.624583 0.631040 0.708658 0.705670 0.732547 0.671530 0.839972 0.851498 0.831222 0.953067 0.953105 0.944406 0.971265 0.975165 0.930505 0.885290 0.845519 0.880132 0.710020 0.852086 0.651420 0.663424 0.826720 0.781131 0.801812 0.749964 0.940917 0.992225 0.778579 0.981871 0.790043 0.983428 0.885520 0.963365 0.957312 0.957038 0.929193 0.883572 0.990429 0.916268 0.889055 0.685468 0.976521 0.920784 0.900454 0.910400 0.999466 0.948969 0.954898 0.823111 0.810035 0.835835
0.691335 0.663876 0.789157 0.763375 0.864034 0.000000 0.670134 0.651629 0.972652 0.986620 0.773185 0.626962 0.770855 0.712268 0.753601 0.724506 0.756853 0.680211 0.660474 0.756062 0.713637 0.899655 0.832129 0.805384 0.921939 0.895765 0.878405 0.797373 0.737756 0.769512 0.892547 0.854301 0.782112 0.693968 0.897033 0.664303 0.889475 0.851058 0.886005 0.743044 0.793693 0.898416 0.756129 0.783738 0.864791 0.858173 0.804343 0.907112 0.943582 0.914318 0.903286 0.911921 0.927895 0.674185 0.844061 0.880738 0.650275 0.700455 0.813626 0.846187 0.762208 0.797163 0.803147 0.874407 0.801130 0.692874 0.674471 0.732989 0.797904 0.870341 0.831175 0.964014 0.966756 0.979284 0.757114 0.934547 0.915133 0.971103 0.901206 0.824873 0.702894 0.690221 0.856984 0.801290 0.781046 0.747870 0.744378 0.871434 0.903978 0.824014 0.756689 0.856795 0.705874 0.767946 0.829619 0.949432 0.635730 0.724680 0.736838 0.706643 0.968354 0.982733 0.938795 0.917119 0.812228 0.686232 0.924346 0.987972 0.970790 0.766168 0.840460 0.839806 0.909024 0.984032 0.935931 0.733174
0.381992 0.310060 0.327314 0.380199 0.688254 0.670134 0.000000 0.250246 0.611898 0.858590 0.680475 0.512658 0.320988 0.430065 0.358117 0.467399 0.513218 0.526228 0.348502 0.380696 0.734846 0.866150 0.478525 0.499386 0.567581 0.555667 0.738069 0.883330 0.851806 0.931086 0.748371 0.846630 0.330856 0.367134 0.468914 0.845455 0.435993 0.487291 0.598896 0.782075 0.704299 0.828971 0.492890 0.487145 0.629692 0.624432 0.428808 0.419403 0.803021 0.607786 0.765429 0.580388 0.791144 0.886656 0.412337 0.425433 0.401038 0.310317 0.384170 0.485537 0.285168 0.434165 0.495624 0.477286 0.378869 0.328400 0.239011 0.276852 0.470813 0.540755 0.448324 0.673352 0.705752 0.665029 0.936307 0.804365 0.552170 0.822392 0.536782 0.663678 0.451337 0.413918 0.561996 0.485395 0.336523 0.406531 0.630086 0.601349 0.513292 0.535563 0.755562 0.827271 0.613516 0.662991 0.630645 0.890597 0.445583 0.798984 0.717305 0.688059 0.854062 0.838705 0.931550 0.947204 0.432514 0.510219 0.819553 0.850704 0.698828 0.690210 0.851459 0.697827 0.847285 0.917051 0.679804 0.879699
0.495482 0.373039 0.456813 0.381649 0.703219 0.651629 0.250246 0.000000 0.682254 0.922713 0.804988 0.532236 0.459731 0.409002 0.413717 0.460964 0.617526 0.565405 0.444172 0.435840 0.783550 0.844581 0.508982 0.473204 0.622063 0.608856 0.726912 0.935399 0.856368 0.910964 0.844402 0.753139 0.465662 0.474625 0.537846 0.776834 0.536554 0.494474 0.631939 0.778142 0.812076 0.720777 0.521092 0.521779 0.681102 0.667235 0.420110 0.471841 0.841564 0.694316 0.843758 0.670688 0.794061 0.846337 0.422189 0.465714 0.441453 0.359490 0.509314 0.605999 0.430231 0.478749 0.632532 0.520904 0.492567 0.409608 0.358916 0.381053 0.602123 0.640232 0.543142 0.706104 0.908817 0.834652 0.926393 0.823898 0.642847 0.884676 0.599302 0.688991 0.469730 0.460551 0.538756 0.466207 0.421105 0.454637 0.632522 0.512756 0.566943 0.511347 0.636607 0.813337 0.555156 0.656732 0.736404 0.830639 0.488800 0.816776 0.637321 0.591138 0.945017 0.852695 0.857012 0.966263 0.489403 0.566146 0.856209 0.844489 0.763652 0.817789 0.881869 0.709448 0.910745 0.987987 0.774444 0.933314
0.856479 0.765019 0.649915 0.766224 0.861480 0.972652 0.611898 0.682254 0.000000 0.875980 0.928008 0.975346 0.734282 0.927539 0.801817 0.938510 0.846223 0.985457 0.853577 0.850419 0.926652 0.967030 0.773018 0.813100 0.747053 0.638030 0.954770 0.990865 0.964998 0.944632 0.633003 0.984216 0.626919 0.801623 0.693439 0.866292 0.740581 0.721876 0.832729 0.851022 0.982986 0.800150 0.765139 0.796745 0.661900 0.720781 0.772539 0.718530 0.823395 0.688842 0.651780 0.667245 0.699555 0.856254 0.685156 0.656268 0.863664 0.815098 0.769699 0.884244 0.588512 0.599685 0.820471 0.798460 0.709370 0.716190 0.668099 0.577279 0.761722 0.831678 0.761964 0.790292 0.744391 0.738181 0.898850 0.913017 0.789248 0.879964 0.871535 0.979206 0.945451 0.978894 0.807771 0.887722 0.730561 0.768214 0.897195 0.738570 0.732240 0.782240 0.953217 0.896449 0.991462 0.997552 0.833153 0.929137 0.955435 0.888252 0.885845 0.920010 0.943100 0.994785 0.983035 0.892466 0.787379 0.777652 0.851023 0.966457 0.901151 0.980032 0.790287 0.744717 0.970916 0.970026 0.752218 0.937254
0.572651 0.646359 0.582272 0.539593 0.890549 0.986620 0.858590 0.922713 0.875980 0.000000 0.999857 0.826111 0.549596 0.705443 0.734198 0.672949 0.970771 0.928651 0.680693 0.751983 0.752541 0.953424 0.590972 0.469158 0.490247 0.624179 0.508880 0.740493 0.670664 0.711498 0.969006 0.772961 0.811726 0.959588 0.667766 0.920354 0.573409 0.955685 0.509907 0.740357 0.742843 0.845689 0.687352 0.747299 0.481130 0.542970 0.856159 0.940471 0.576331 0.985054 0.669357 0.983234 0.672250 0.560459 0.600712 0.809139 0.825104 0.657885 0.712092 0.621694 0.766757 0.915545 0.950594 0.957322 0.514911 0.592523 0.749476 0.940541 0.539634 0.636031 0.948003 0.740537 0.871631 0.762764 0.895834 0.870609 0.998240 0.681821 0.843922 0.959776 0.773135 0.606453 0.706617 0.583480 0.468040 0.472143 0.702389 0.730504 0.561815 0.473290 0.654403 0.843516 0.935119 0.949296 0.888380 0.922498 0.869683 0.856828 0.554837 0.631159 0.472505 0.711981 0.562009 0.566964 0.972031 0.931905 0.916095 0.828845 0.874349 0.865868 0.696487 0.792874 0.703556 0.844473 0.935368 0.991967
0.512606 0.590439 0.901060 0.995107 0.979775 0.773185 0.680475 0.804988 0.928008 0.999857 0.000000 0.517696 0.778464 0.673163 0.939296 0.961020 0.546569 0.432277 0.556955 0.540240 0.819500 0.853496 0.842523 0.947329 0.888703 0.899337 0.851374 0.891946 0.679617 0.578145 0.768692 0.850020 0.681265 0.492877 0.864313 0.830957 0.895715 0.828812 0.999703 0.978587 0.729554 0.932532 0.723999 0.665625 0.706309 0.768258 0.731890 0.823255 0.731237 0.816362 0.998763 0.956783 0.845658 0.797802 0.804543 0.791561 0.517563 0.603520 0.672234 0.789345 0.774733 0.933626 0.554275 0.667398 0.982410 0.866379 0.657345 0.686875 0.637839 0.720705 0.829702 0.886713 0.827657 0.689747 0.780370 0.970852 0.831757 0.935214 0.786046 0.596955 0.475975 0.516157 0.899108 0.728954 0.897712 0.934078 0.846349 0.994481 0.901812 0.969210 0.790113 0.748591 0.671698 0.675171 0.749584 0.957526 0.725923 0.793573 0.659887 0.787281 0.958481 0.755476 0.710298 0.739627 0.819492 0.929513 0.890717 0.853765 0.820398 0.880115 0.971781 0.934421 0.884466 0.917154 0.987419 0.901670
0.432404 0.415116 0.621712 0.564713 0.852876 0.626962 0.512658 0.532236 0.975346 0.826111 0.517696 0.000000 0.520295 0.399845 0.505951 0.504392 0.600719 0.362880 0.419148 0.366441 0.585662 0.993155 0.659061 0.545751 0.707500 0.857818 0.715179 0.983826 0.734246 0.678575 0.929990 0.785676 0.542304 0.457701 0.602183 0.658542 0.638668 0.484785 0.786323 0.805765 0.775069 0.857072 0.714599 0.725841 0.840265 0.925897 0.664922 0.749945 0.984792 0.945905 0.800364 0.906952 0.701943 0.502644 0.628917 0.702519 0.387887 0.416919 0.646001 0.746253 0.538843 0.658596 0.623791 0.500032 0.607829 0.513218 0.531965 0.546034 0.549332 0.610577 0.697755 0.782552 0.787760 0.745079 0.917441 0.992409 0.837890 0.870045 0.651997 0.518099 0.405605 0.381278 0.736788 0.531607 0.542396 0.521151 0.651704 0.697600 0.632750 0.603011 0.827713 0.902079 0.628694 0.774669 0.820015 0.834829 0.622703 0.791315 0.800014 0.792985 0.851575 0.938573 0.797632 0.898423 0.594677 0.653153 0.901213 0.941592 0.893952 0.804985 0.991639 0.905474 0.933835 0.959898 0.882288 0.873217
0.298035 0.298914 0.306877 0.322058 0.624168 0.770855 0.320988 0.459731 0.734282 0.549596 0.778464 0.520295 0.000000 0.423035 0.318013 0.351389 0.562400 0.600504 0.331107 0.402465 0.630545 0.888647 0.326343 0.340250 0.405331 0.532041 0.587085 0.750034 0.988459 0.946840 0.787760 0.977151 0.427229 0.516549 0.483667 0.879848 0.344702 0.577904 0.502345 0.668182 0.579633 0.994914 0.768546 0.715888 0.984992 0.961639 0.517009 0.497423 0.927855 0.676088 0.962817 0.642043 0.987806 0.757920 0.405433 0.473015 0.469739 0.311327 0.363084 0.367113 0.320035 0.508425 0.523266 0.523555 0.292039 0.315591 0.350219 0.525970 0.347432 0.405068 0.519994 0.835874 0.704304 0.794732 0.848467 0.828089 0.622418 0.976751 0.629656 0.604427 0.472121 0.368399 0.552380 0.435988 0.242966 0.311598 0.473790 0.528861 0.404414 0.397193 0.985957 0.881662 0.786799 0.729483 0.653775 0.979452 0.519745 0.917376 0.998093 0.928391 0.622510 0.937434 0.937242 0.923833 0.601347 0.542674 0.865524 0.959680 0.882302 0.775427 0.913909 0.872241 0.991178 0.901150 0.753837 0.856575
0.421347 0.385676 0.602068 0.515648 0.851362 0.712268 0.430065 0.409002 0.927539 0.705443 0.673163 0.399845 0.423035 0.000000 0.467688 0.454560 0.463698 0.364713 0.276048 0.334518 0.799208 0.990878 0.564712 0.449165 0.719844 0.799566 0.629743 0.977843 0.727988 0.681753 0.993819 0.719491 0.500642 0.478432 0.557211 0.729001 0.645945 0.507404 0.699301 0.728167 0.812090 0.821472 0.660633 0.626836 0.884096 0.869081 0.566942 0.661553 0.990389 0.906133 0.878615 0.939552 0.863119 0.650606 0.612761 0.552811 0.339681 0.384655 0.619168 0.722918 0.592217 0.720456 0.603948 0.499081 0.604475 0.530431 0.482906 0.611807 0.624609 0.705139 0.556261 0.748873 0.873063 0.910159 0.888906 0.905661 0.738292 0.803686 0.522012 0.493763 0.335676 0.304804 0.568860 0.460837 0.488777 0.507166 0.633445 0.534553 0.671502 0.618752 0.810387 0.790656 0.689794 0.648171 0.870310 0.843457 0.543343 0.765426 0.776659 0.686729 0.819619 0.812959 0.827848 0.894265 0.616964 0.723848 0.992152 0.866500 0.839865 0.726963 0.983203 0.768205 0.908959 0.977205 0.941870 0.886097
0.542417 0.477685 0.405723 0.365669 0.653123 0.753601 0.358117 0.413717 0.801817 0.734198 0.939296 0.505951 0.318013 0.467688 0.000000 0.252169 0.687441 0.665487 0.466304 0.515523 0.689232 0.826866 0.319712 0.362487 0.517067 0.640678 0.651229 0.823699 0.887991 0.966291 0.694046 0.834992 0.498568 0.564126 0.629987 0.849176 0.487499 0.549482 0.651113 0.864219 0.717476 0.874873 0.691078 0.716998 0.892283 0.894297 0.573128 0.555079 0.959319 0.810929 0.995914 0.764861 0.875855 0.815458 0.570356 0.661901 0.541372 0.442905 0.575428 0.573060 0.384385 0.409230 0.579799 0.479077 0.398280 0.386050 0.503657 0.543819 0.604406 0.636222 0.524852 0.799801 0.799552 0.829753 0.957537 0.718855 0.709976 0.826852 0.640201 0.646282 0.548741 0.504438 0.649935 0.537424 0.383187 0.410754 0.565397 0.526769 0.572964 0.513307 0.948096 0.895383 0.809824 0.835047 0.742624 0.988102 0.524826 0.917679 0.883792 0.778266 0.857385 0.996131 0.996732 0.942991 0.609297 0.592745 0.925667 0.887419 0.811338 0.827838 0.984038 0.793914 0.876149 0.989585 0.821349 0.824175
0.579527 0.507306 0.442591 0.389572 0.627824 0.724506 0.467399 0.460964 0.938510 0.672949 0.961020 0.504392 0.351389 0.454560 0.252169 0.000000 0.739139 0.704869 0.519520 0.560329 0.678657 0.835903 0.317829 0.330720 0.476911 0.639702 0.588701 0.812578 0.955246 0.989078 0.738946 0.835327 0.561108 0.618408 0.622828 0.865307 0.496082 0.622403 0.618806 0.729246 0.665702 0.974745 0.777483 0.774808 0.930645 0.964994 0.577452 0.648927 0.805723 0.997573 0.826483 0.947423 0.958123 0.664982 0.603967 0.688255 0.559688 0.478049 0.635267 0.598015 0.439385 0.441256 0.700270 0.552328 0.427868 0.396480 0.580201 0.666922 0.616714 0.612776 0.637194 0.845265 0.842517 0.874377 0.951533 0.662494 0.820631 0.878198 0.675259 0.711112 0.579802 0.507238 0.622274 0.516284 0.390382 0.381414 0.586869 0.554980 0.538817 0.485581 0.977735 0.967327 0.787550 0.897660 0.838899 0.986666 0.612090 0.905001 0.967808 0.849619 0.820030 0.918153 0.998952 0.862848 0.662056 0.573112 0.917294 0.981031 0.825270 0.908159 0.917070 0.768573 0.873992 0.903692 0.821261 0.832752
0.494325 0.456219 0.788718 0.827619 0.885502 0.756853 0.513218 0.617526 0.846223 0.970771 0.546569 0.600719 0.562400 0.463698 0.687441 0.739139 0.000000 0.306009 0.358053 0.384161 0.853129 0.920064 0.819695 0.793479 0.932206 0.958607 0.908701 0.831943 0.473521 0.489016 0.824467 0.586079 0.406831 0.426901 0.774285 0.859925 0.709943 0.661036 0.959194 0.797858 0.662628 0.787385 0.417295 0.334262 0.646620 0.621266 0.560845 0.607839 0.739106 0.766731 0.849593 0.835759 0.991372 0.904358 0.743774 0.692246 0.285393 0.414052 0.640699 0.736184 0.701558 0.939710 0.344596 0.373422 0.856688 0.777570 0.584289 0.639710 0.602913 0.708250 0.475582 0.628058 0.781832 0.739508 0.855881 0.772823 0.578748 0.587397 0.490512 0.447494 0.279990 0.361198 0.591523 0.578440 0.717864 0.767201 0.922990 0.645797 0.826414 0.828561 0.758595 0.675334 0.746443 0.687148 0.764167 0.984820 0.630491 0.826797 0.631929 0.671160 0.954762 0.657399 0.628055 0.539874 0.704315 0.849364 0.903255 0.850974 0.906185 0.790385 0.940973 0.785190 0.808471 0.878906 0.805063 0.898951
0.434198 0.396185 0.817806 0.772574 0.936345 0.680211 0.526228 0.565405 0.985457 0.928651 0.432277 0.362880 0.600504 0.364713 0.665487 0.704869 0.306009 0.000000 0.335566 0.259030 0.774983 0.876790 0.856030 0.751037 0.941141 0.993945 0.882611 0.980753 0.474632 0.423755 0.998298 0.593271 0.441076 0.370312 0.748642 0.728072 0.747321 0.538417 0.897846 0.846642 0.685627 0.729327 0.461551 0.439727 0.659103 0.695566 0.577380 0.664559 0.781057 0.855701 0.965587 0.975762 0.776085 0.657896 0.747360 0.701468 0.205038 0.344238 0.643531 0.812631 0.729092 0.957685 0.419908 0.384899 0.847949 0.744447 0.552528 0.603913 0.580630 0.666470 0.549036 0.634054 0.835361 0.745175 0.847400 0.909875 0.693728 0.636311 0.457804 0.358597 0.232423 0.279688 0.639483 0.577411 0.701894 0.719861 0.808849 0.695785 0.809188 0.788081 0.685141 0.682119 0.573267 0.589112 0.827733 0.812225 0.534468 0.773653 0.607969 0.612565 0.996322 0.734711 0.563005 0.604354 0.607108 0.787216 0.962613 0.864468 0.915501 0.707695 0.900015 0.776004 0.890123 0.832748 0.924863 0.936142
0.335016 0.302378 0.540948 0.510906 0.797505 0.660474 0.348502 0.444172 0.853577 0.680693 0.556955 0.419148 0.331107 0.276048 0.466304 0.519520 0.358053 0.335566 0.000000 0.291208 0.763403 0.970113 0.590000 0.533705 0.723475 0.791226 0.687371 0.922003 0.699626 0.711894 0.982918 0.773599 0.432270 0.409571 0.566166 0.814881 0.588927 0.590683 0.688668 0.656709 0.641470 0.871786 0.595816 0.558472 0.827675 0.827700 0.521140 0.548863 0.930672 0.793564 0.984638 0.782079 0.892704 0.735011 0.530648 0.522048 0.295204 0.310808 0.493482 0.574339 0.517051 0.769498 0.453406 0.505391 0.557659 0.493420 0.358008 0.509824 0.500592 0.626323 0.432252 0.715298 0.804340 0.829959 0.913189 0.877394 0.621113 0.816386 0.512070 0.465425 0.300424 0.278583 0.639262 0.474747 0.456261 0.519280 0.662525 0.561578 0.641220 0.652702 0.758669 0.673953 0.619737 0.583905 0.738017 0.861158 0.439495 0.788479 0.751725 0.652775 0.786135 0.777510 0.845059 0.826083 0.578774 0.624113 0.960459 0.926077 0.825146 0.639370 0.994782 0.772025 0.901105 0.965905 0.764446 0.809015
0.346705 0.285503 0.551831 0.516253 0.824865 0.756062 0.380696 0.435840 0.850419 0.751983 0.540240 0.366441 0.402465 0.334518 0.515523 0.560329 0.384161 0.259030 0.291208 0.000000 0.669234 0.917473 0.611660 0.532682 0.680633 0.737107 0.666904 0.917713 0.695486 0.651022 0.848343 0.721377 0.350045 0.383369 0.600202 0.751332 0.540702 0.435929 0.694586 0.759244 0.659646 0.712076 0.538813 0.520445 0.805127 0.850270 0.521249 0.622559 0.947480 0.757145 0.983189 0.863491 0.839423 0.675362 0.568738 0.615105 0.230045 0.251860 0.510988 0.637901 0.527440 0.741724 0.478273 0.417021 0.568343 0.495496 0.386271 0.491696 0.397273 0.504338 0.434036 0.615877 0.763373 0.739599 0.837074 0.870677 0.540916 0.719454 0.490901 0.443969 0.271392 0.257545 0.582390 0.485199 0.449516 0.492987 0.667705 0.653637 0.610603 0.586165 0.776228 0.737732 0.602125 0.578349 0.781282 0.856659 0.473076 0.860779 0.776754 0.724259 0.848397 0.796443 0.730571 0.832564 0.504746 0.661192 0.968348 0.976178 0.855405 0.743614 0.961029 0.849155 0.995614 0.883080 0.839428 0.937404
0.571847 0.551448 0.563739 0.608636 0.821141 0.713637 0.734846 0.783550 0.926652 0.752541 0.819500 0.585662 0.630545 0.799208 0.689232 0.678657 0.853129 0.774983 0.763403 0.669234 0.000000 0.894478 0.726221 0.639288 0.609725 0.661469 0.812782 0.628923 0.990161 0.988356 0.844197 0.981768 0.673722 0.644783 0.577685 0.748858 0.612066 0.635445 0.570199 0.762569 0.773126 0.981750 0.995557 0.929990 0.979323 0.991253 0.754800 0.935668 0.958587 0.906152 0.965693 0.997987 0.758230 0.575953 0.601725 0.887094 0.664871 0.588534 0.607330 0.651916 0.505714 0.561524 0.801240 0.758295 0.540371 0.507265 0.642768 0.723693 0.534063 0.611043 0.941043 0.977531 0.822994 0.971679 0.943498 0.982380 0.863168 0.959829 0.985379 0.814617 0.714519 0.634877 0.652193 0.707136 0.556435 0.495127 0.696717 0.758006 0.608911 0.594466 0.770196 0.672711 0.971867 0.873052 0.845197 0.902434 0.807733 0.910236 0.829324 0.837289 0.732441 0.787149 0.924654 0.807157 0.943365 0.807585 0.951764 0.893845 0.973018 0.961513 0.937649 0.879117 0.863696 0.938519 0.866174 0.998044
0.967784 0.984684 0.811583 0.865843 0.902496 0.899655 0.866150 0.844581 0.967030 0.953424 0.853496 0.993155 0.888647 0.990878 0.826866 0.835903 0.920064 0.876790 0.970113 0.917473 0.894478 0.000000 0.907674 0.941925 0.947908 0.866595 0.943331 0.990471 0.813275 0.767413 0.943348 0.874099 0.988119 0.962804 0.878416 0.845208 0.873575 0.990653 0.858448 0.983978 0.931819 0.894415 0.943021 0.973705 0.949857 0.975916 0.908206 0.964417 0.948167 0.806607 0.802509 0.728584 0.693338 0.821117 0.775302 0.795155 0.913726 0.966947 0.851331 0.748665 0.838975 0.770606 0.919365 0.936849 0.887949 0.898552 0.933340 0.894938 0.946340 0.967838 0.915396 0.982853 0.871445 0.907007 0.905045 0.975305 0.968707 0.816688 0.951261 0.907846 0.956958 0.966880 0.936420 0.944765 0.903820 0.922450 0.913199 0.845364 0.888388 0.970437 0.953680 0.929377 0.973809 0.997967 0.925873 0.998692 0.826415 0.864248 0.964942 0.926935 0.867249 0.936039 0.963324 0.939735 0.928714 0.989104 0.993834 0.812618 0.988263 0.896752 0.908120 0.972709 0.962090 0.992184 0.722828 0.885255
0.628693 0.490902 0.325657 0.255687 0.567142 0.832129 0.478525 0.508982 0.773018 0.590972 0.842523 0.659061 0.326343 0.564712 0.319712 0.317829 0.819695 0.856030 0.590000 0.611660 0.726221 0.907674 0.000000 0.221538 0.321096 0.460139 0.420578 0.778876 0.908130 0.843538 0.630727 0.980881 0.602089 0.757524 0.579549 0.895427 0.409078 0.600803 0.556542 0.744383 0.738964 0.958703 0.859180 0.909555 0.874002 0.887178 0.684371 0.650542 0.753258 0.883315 0.908421 0.818853 0.975968 0.748568 0.586044 0.713376 0.672249 0.519149 0.662941 0.586047 0.455800 0.419794 0.822058 0.693080 0.277433 0.319660 0.507836 0.587316 0.560498 0.603456 0.596129 0.803275 0.822681 0.950542 0.984794 0.785984 0.804394 0.963566 0.689682 0.858616 0.717240 0.637843 0.627815 0.635616 0.280920 0.291542 0.528616 0.548894 0.455381 0.395621 0.966156 0.979922 0.796716 0.900399 0.706010 0.987584 0.686922 0.966664 0.888392 0.979767 0.614924 0.804364 0.815585 0.748170 0.617159 0.538632 0.945571 0.917488 0.894034 0.764591 0.974266 0.905936 0.939532 0.839158 0.801473 0.858227
0.517273 0.430728 0.325034 0.232527 0.628890 0.805384 0.499386 0.473204 0.813100 0.469158 0.947329 0.545751 0.340250 0.449165 0.362487 0.330720 0.793479 0.751037 0.533705 0.532682 0.639288 0.941925 0.221538 0.000000 0.297490 0.453163 0.391107 0.721680 0.907167 0.864370 0.746063 0.984849 0.582466 0.683426 0.497881 0.776033 0.418031 0.543290 0.462443 0.688039 0.732172 0.888233 0.962919 0.967790 0.798010 0.827061 0.649176 0.664940 0.706557 0.933195 0.771649 0.931712 0.809349 0.558724 0.460777 0.621588 0.588645 0.439043 0.623262 0.581554 0.478442 0.498617 0.823319 0.709833 0.283596 0.318116 0.520432 0.615369 0.474455 0.561439 0.689814 0.907400 0.939484 0.968527 0.978760 0.925249 0.823387 0.994929 0.676522 0.802379 0.603138 0.494474 0.559941 0.459555 0.249476 0.230828 0.522289 0.514597 0.374642 0.307359 0.899373 0.909786 0.816985 0.943712 0.764224 0.934074 0.643223 0.945311 0.847063 0.926353 0.584653 0.793938 0.783103 0.716927 0.655820 0.604602 0.995247 0.961013 0.993972 0.824436 0.926543 0.966033 0.852552 0.801265 0.919078 0.899632
0.496644 0.465600 0.276097 0.280203 0.598726 0.921939 0.567581 0.622063 0.747053 0.490247 0.888703 0.707500 0.405331 0.719844 0.517067 0.476911 0.932206 0.941141 0.723475 0.680633 0.609725 0.947908 0.321096 0.297490 0.000000 0.254011 0.449723 0.637288 0.661672 0.615721 0.658573 0.834010 0.588010 0.740831 0.435770 0.811869 0.330847 0.600830 0.427604 0.606205 0.695576 0.985184 0.939914 0.953109 0.773404 0.830579 0.675253 0.653280 0.743880 0.856087 0.935325 0.831654 0.873727 0.602164 0.387020 0.620115 0.729585 0.522776 0.524494 0.452642 0.404795 0.431774 0.937248 0.835452 0.221114 0.293405 0.525215 0.619333 0.378180 0.377829 0.895258 0.982711 0.848864 0.946095 0.943778 0.980925 0.902498 0.825437 0.828432 0.963773 0.780584 0.630805 0.572614 0.509280 0.234852 0.220342 0.563716 0.631288 0.295982 0.270865 0.773248 0.694045 0.936453 0.908674 0.721400 0.985680 0.775965 0.981348 0.680103 0.678884 0.513959 0.642320 0.627219 0.619662 0.752123 0.646824 0.893786 0.925878 0.945124 0.882457 0.861652 0.889287 0.787458 0.759992 0.870615 0.894456
0.568696 0.548735 0.308928 0.380930 0.630240 0.895765 0.555667 0.608856 0.638030 0.624179 0.899337 0.857818 0.532041 0.799566 0.640678 0.639702 0.958607 0.993945 0.791226 0.737107 0.661469 0.866595 0.460139 0.453163 0.254011 0.000000 0.545042 0.667947 0.642326 0.601831 0.618328 0.878533 0.601465 0.760192 0.521790 0.795091 0.399782 0.644607 0.476350 0.599529 0.788247 0.959686 0.982427 0.978930 0.892047 0.926535 0.661895 0.706256 0.827769 0.780314 0.908976 0.714837 0.976626 0.780406 0.386926 0.635166 0.775365 0.601382 0.537471 0.499559 0.430888 0.465957 0.965929 0.922590 0.296140 0.344960 0.497440 0.565194 0.436615 0.447534 0.920959 0.966460 0.782368 0.932508 0.859051 0.947897 0.951317 0.775122 0.896158 0.955305 0.882459 0.751361 0.605989 0.649137 0.330355 0.306715 0.681507 0.710172 0.391368 0.391740 0.834325 0.692608 0.981759 0.914429 0.748043 0.989663 0.852414 0.960207 0.731341 0.721032 0.627958 0.718163 0.674339 0.614842 0.817946 0.675611 0.915571 0.933216 0.927982 0.812804 0.988594 0.921716 0.762757 0.872559 0.854911 0.847044
0.706137 0.652922 0.543464 0.448383 0.735209 0.878405 0.738069 0.726912 0.954770 0.508880 0.851374 0.715179 0.587085 0.629743 0.651229 0.588701 0.908701 0.882611 0.687371 0.666904 0.812782 0.943331 0.420578 0.391107 0.449723 0.545042 0.000000 0.728327 0.793655 0.802197 0.879378 0.944576 0.765202 0.910364 0.687375 0.801808 0.617145 0.676990 0.693988 0.813503 0.868486 0.976408 0.917149 0.876838 0.616311 0.651044 0.890520 0.930231 0.539610 0.909011 0.712426 0.943345 0.725493 0.631696 0.708486 0.845467 0.772157 0.701376 0.868522 0.760133 0.760311 0.740961 0.980101 0.957794 0.475557 0.515391 0.705198 0.809928 0.643259 0.689298 0.787737 0.967680 0.920993 0.896775 0.851161 0.951147 0.919896 0.848367 0.746986 0.931929 0.827775 0.705867 0.749929 0.737816 0.480167 0.443936 0.703608 0.760628 0.613803 0.536446 0.956709 0.963249 0.887671 0.928423 0.968777 0.993190 0.878425 0.952257 0.770798 0.847222 0.633115 0.845525 0.759381 0.718931 0.777660 0.806609 0.968757 0.981500 0.911023 0.808621 0.966070 0.845250 0.780810 0.803714 0.994306 0.809621
0.726441 0.758712 0.708672 0.741239 0.803856 0.797373 0.883330 0.935399 0.990865 0.740493 0.891946 0.983826 0.750034 0.977843 0.823699 0.812578 0.831943 0.980753 0.922003 0.917713 0.628923 0.990471 0.778876 0.721680 0.637288 0.667947 0.728327 0.000000 0.962633 0.831021 0.780124 0.916797 0.836601 0.948950 0.821528 0.737481 0.711528 0.933566 0.746285 0.815201 0.867294 0.945051 0.966855 0.937881 0.826007 0.957305 0.836091 0.823452 0.896220 0.957042 0.960616 0.934849 0.922335 0.793638 0.720984 0.926916 0.818309 0.773506 0.735780 0.672528 0.815270 0.864357 0.943006 0.962401 0.707152 0.760946 0.860441 0.997170 0.703499 0.605929 0.896344 0.845992 0.951858 0.853516 0.911600 0.987639 0.827413 0.924229 0.914800 0.981626 0.872355 0.829705 0.786892 0.851884 0.712306 0.681023 0.947245 0.959239 0.762058 0.673246 0.821815 0.818987 0.879180 0.871942 0.820532 0.807925 0.877294 0.855405 0.794613 0.763821 0.688515 0.809294 0.795734 0.808871 0.957629 0.994273 0.843138 0.938107 0.857327 0.923835 0.802596 0.865508 0.968615 0.955249 0.923895 0.852384
0.966829 0.868776 0.785263 0.820733 0.968136 0.737756 0.851806 0.856368 0.964998 0.670664 0.679617 0.734246 0.988459 0.727988 0.887991 0.955246 0.473521 0.474632 0.699626 0.695486 0.990161 0.813275 0.908130 0.907167 0.661672 0.642326 0.793655 0.962633 0.000000 0.240570 0.866879 0.411529 0.748279 0.645042 0.876434 0.928187 0.906915 0.911915 0.728798 0.916904 0.965994 0.787360 0.443131 0.458675 0.526236 0.604245 0.903428 0.870507 0.766699 0.940864 0.952663 0.860733 0.948163 0.964831 0.817237 0.920996 0.551020 0.835699 0.937903 0.768637 0.956649 0.882186 0.557902 0.527577 0.731685 0.870570 0.935510 0.873065 0.888775 0.792209 0.648259 0.603912 0.936328 0.781282 0.919280 0.844703 0.839866 0.443593 0.617575 0.505663 0.557769 0.768713 0.961919 0.978332 0.824963 0.820460 0.926015 0.950693 0.759670 0.717946 0.746924 0.699867 0.832316 0.861961 0.877971 0.970747 0.741593 0.988652 0.588685 0.545011 0.732654 0.609466 0.510368 0.417792 0.836261 0.985992 0.947125 0.938256 0.919378 0.917746 0.817348 0.720389 0.720244 0.809173 0.987610 0.981754
0.954150 0.847554 0.755560 0.778590 0.883088 0.769512 0.931086 0.910964 0.944632 0.711498 0.578145 0.678575 0.946840 0.681753 0.966291 0.989078 0.489016 0.423755 0.711894 0.651022 0.988356 0.767413 0.843538 0.864370 0.615721 0.601831 0.802197 0.831021 0.240570 0.000000 0.980709 0.444330 0.786468 0.667204 0.872977 0.865339 0.848018 0.877161 0.687641 0.918025 0.927848 0.822852 0.513103 0.518031 0.575194 0.683197 0.940205 0.988452 0.755317 0.932685 0.973011 0.777065 0.936793 0.921667 0.744082 0.869829 0.543874 0.823702 0.916881 0.781081 0.919363 0.840523 0.592823 0.537476 0.690930 0.843261 0.956430 0.898255 0.919295 0.824377 0.721579 0.667765 0.876005 0.758150 0.983716 0.813191 0.932310 0.469027 0.654026 0.495265 0.550338 0.728398 0.934620 0.979305 0.790255 0.790440 0.934908 0.916713 0.718759 0.724327 0.770292 0.733627 0.839883 0.830311 0.949529 0.973429 0.816261 0.915810 0.596986 0.609035 0.734649 0.683476 0.463511 0.447118 0.864797 0.971742 0.866329 0.848906 0.953509 0.924688 0.789602 0.816476 0.828755 0.826037 0.967799 0.976867
0.989416 0.883084 0.693813 0.778090 0.774204 0.892547 0.748371 0.844402 0.633003 0.969006 0.768692 0.929990 0.787760 0.993819 0.694046 0.738946 0.824467 0.998298 0.982918 0.848343 0.844197 0.943348 0.630727 0.746063 0.658573 0.618328 0.879378 0.780124 0.866879 0.980709 0.000000 0.697076 0.641451 0.862507 0.874318 0.993808 0.665555 0.806824 0.788359 0.878060 0.878379 0.852817 0.742185 0.732520 0.857301 0.889292 0.888758 0.890792 0.930353 0.896866 0.850654 0.882107 0.795223 0.940613 0.853453 0.964342 0.823216 0.847809 0.898563 0.887003 0.692514 0.632562 0.865478 0.711992 0.726886 0.734751 0.864074 0.747040 0.790694 0.845396 0.798552 0.787488 0.703836 0.785503 0.927563 0.804589 0.866742 0.683688 0.808322 0.904958 0.898763 0.954896 0.815064 0.921848 0.747544 0.732193 0.991144 0.878106 0.796501 0.829614 0.784127 0.745449 0.796378 0.726693 0.874134 0.832905 0.986673 0.753486 0.856996 0.895733 0.896168 0.922728 0.972133 0.991850 0.849393 0.872515 0.869405 0.983635 0.956140 0.981645 0.879391 0.966575 0.942560 0.983703 0.895784 0.999835
0.975635 0.889467 0.869442 0.972852 0.967593 0.854301 0.846630 0.753139 0.984216 0.772961 0.850020 0.785676 0.977151 0.719491 0.834992 0.835327 0.586079 0.593271 0.773599 0.721377 0.981768 0.874099 0.980881 0.984849 0.834010 0.878533 0.944576 0.916797 0.411529 0.444330 0.697076 0.000000 0.711923 0.670298 0.833970 0.883372 0.988929 0.878374 0.873397 0.921967 0.956025 0.793492 0.494894 0.466494 0.656403 0.694666 0.834385 0.937034 0.857793 0.981992 0.992903 0.900266 0.955981 0.986814 0.967553 0.947204 0.579676 0.814646 0.910240 0.809807 0.974415 0.984974 0.709353 0.595894 0.818577 0.957489 0.970297 0.867321 0.901824 0.808593 0.783910 0.701245 0.991050 0.880089 0.974448 0.857756 0.906728 0.547804 0.679932 0.714492 0.579922 0.764543 0.848487 0.809071 0.927504 0.951230 0.895752 0.844274 0.860849 0.909490 0.713516 0.847116 0.843683 0.944315 0.966783 0.940050 0.881688 0.873397 0.627703 0.568087 0.717301 0.726383 0.552475 0.598862 0.898842 0.965041 0.940490 0.929468 0.861364 0.881803 0.774189 0.732316 0.828503 0.827878 0.931339 0.943045
0.404049 0.331431 0.467388 0.520116 0.800084 0.782112 0.330856 0.465662 0.626919 0.811726 0.681265 0.542304 0.427229 0.500642 0.498568 0.561108 0.406831 0.441076 0.432270 0.350045 0.673722 0.988119 0.602089 0.582466 0.588010 0.601465 0.765202 0.836601 0.748279 0.786468 0.641451 0.711923 0.000000 0.352934 0.567500 0.867964 0.471708 0.500784 0.644257 0.759999 0.612682 0.737795 0.474708 0.448387 0.655439 0.658417 0.457029 0.536227 0.819106 0.680207 0.819692 0.760791 0.949981 0.799556 0.487263 0.556191 0.319348 0.317555 0.482712 0.628220 0.422092 0.605406 0.398839 0.439501 0.515233 0.464535 0.380121 0.387512 0.435585 0.553063 0.512414 0.701946 0.736257 0.715931 0.794327 0.768404 0.555974 0.772800 0.472495 0.580848 0.362881 0.387174 0.520986 0.487110 0.431834 0.449240 0.750159 0.557330 0.565946 0.581114 0.852406 0.950852 0.718066 0.811105 0.751998 0.987578 0.627123 0.917841 0.823077 0.820251 0.852948 0.857514 0.884131 0.800232 0.607247 0.667063 0.946213 0.917775 0.898515 0.754260 0.881169 0.740938 0.920832 0.837208 0.774401 0.934844
0.399465 0.381013 0.595164 0.638585 0.767440 0.693968 0.367134 0.474625 0.801623 0.959588 0.492877 0.457701 0.516549 0.478432 0.564126 0.618408 0.426901 0.370312 0.409571 0.383369 0.644783 0.962804 0.757524 0.683426 0.740831 0.760192 0.910364 0.948950 0.645042 0.667204 0.862507 0.670298 0.352934 0.000000 0.546926 0.769604 0.584552 0.528994 0.734981 0.788764 0.593946 0.798594 0.553836 0.471089 0.582457 0.599226 0.478758 0.565134 0.721457 0.741832 0.846470 0.847752 0.986436 0.733938 0.516575 0.520111 0.327903 0.340922 0.484105 0.627839 0.435241 0.619067 0.392602 0.382401 0.631701 0.550217 0.421975 0.440359 0.503221 0.594979 0.654008 0.765340 0.745982 0.618068 0.896639 0.897681 0.752613 0.727636 0.650360 0.571626 0.312007 0.358231 0.491760 0.447413 0.528149 0.564993 0.678821 0.622380 0.609930 0.722462 0.886359 0.986672 0.758514 0.810493 0.840947 0.930491 0.526968 0.936976 0.725384 0.787885 0.967051 0.829106 0.845300 0.766168 0.620168 0.696033 0.949450 0.878081 0.848114 0.763618 0.921405 0.772428 0.926925 0.939671 0.832654 0.921267
0.427707 0.398876 0.361456 0.429206 0.826438 0.897033 0.468914 0.537846 0.693439 0.667766 0.864313 0.602183 0.483667 0.557211 0.629987 0.622828 0.774285 0.748642 0.566166 0.600202 0.577685 0.878416 0.579549 0.497881 0.435770 0.521790 0.687375 0.821528 0.876434 0.872977 0.874318 0.833970 0.567500 0.546926 0.000000 0.893637 0.498572 0.501695 0.445294 0.655495 0.835978 0.950056 0.951395 0.890050 0.924260 0.934218 0.612439 0.635260 0.978314 0.780686 0.900108 0.767183 0.893082 0.679376 0.384042 0.445897 0.621254 0.465762 0.408874 0.483976 0.348562 0.450480 0.745040 0.685030 0.350489 0.340431 0.374349 0.466509 0.467535 0.525011 0.822582 0.945604 0.770657 0.869999 0.999954 0.992410 0.862146 0.940357 0.747349 0.802266 0.655589 0.527661 0.510635 0.530518 0.359041 0.352953 0.688634 0.648827 0.407176 0.464150 0.785517 0.728358 0.923693 0.990361 0.756964 0.984379 0.683078 0.858932 0.847966 0.839510 0.571662 0.798253 0.766166 0.807121 0.713914 0.733309 0.852239 0.895364 0.932675 0.873645 0.877560 0.976751 0.836341 0.887799 0.763930 0.966330
0.769147 0.788793 0.878569 0.817402 0.826484 0.664303 0.845455 0.776834 0.866292 0.920354 0.830957 0.658542 0.879848 0.729001 0.849176 0.865307 0.859925 0.728072 0.814881 0.751332 0.748858 0.845208 0.895427 0.776033 0.811869 0.795091 0.801808 0.737481 0.928187 0.865339 0.993808 0.883372 0.867964 0.769604 0.893637 0.000000 0.915026 0.741645 0.844269 0.848596 0.916970 0.836393 0.959741 0.920723 0.934792 0.949848 0.893493 0.896968 0.905021 0.821926 0.778229 0.796195 0.704159 0.596177 0.820332 0.956060 0.734329 0.784122 0.947528 0.936855 0.894617 0.908775 0.906999 0.980755 0.820816 0.765935 0.888703 0.875043 0.820768 0.745597 0.967132 0.997736 0.999515 0.980068 0.884798 0.986602 0.921954 0.984433 0.914154 0.796842 0.756917 0.754026 0.835400 0.860654 0.811488 0.762211 0.889129 0.966197 0.900389 0.832319 0.877241 0.914726 0.907439 0.999053 0.968857 0.963647 0.862538 0.996036 0.996618 0.999231 0.947866 0.988495 0.981210 0.913993 0.867518 0.878116 0.996162 0.838439 0.924551 0.859750 0.973183 0.905546 0.858589 0.798849 0.767256 0.887762
0.415684 0.400026 0.321088 0.378008 0.709420 0.889475 0.435993 0.536554 0.740581 0.573409 0.895715 0.638668 0.344702 0.645945 0.487499 0.496082 0.709943 0.747321 0.588927 0.540702 0.612066 0.873575 0.409078 0.418031 0.330847 0.399782 0.617145 0.711528 0.906915 0.848018 0.665555 0.988929 0.471708 0.584552 0.498572 0.915026 0.000000 0.589377 0.578908 0.738547 0.610550 0.931446 0.895263 0.814913 0.980320 0.972454 0.592341 0.549705 0.888740 0.692161 0.947036 0.729226 0.968181 0.783235 0.375963 0.604969 0.562281 0.392090 0.429913 0.478458 0.350387 0.475642 0.654646 0.604472 0.319137 0.344426 0.450647 0.563650 0.340297 0.385663 0.729084 0.874669 0.762280 0.732081 0.840456 0.937610 0.764275 0.973482 0.692044 0.773494 0.572436 0.465657 0.521609 0.457933 0.271551 0.298865 0.647531 0.522152 0.369948 0.403660 0.800098 0.829564 0.971573 0.950029 0.699393 0.879649 0.678488 0.904936 0.851619 0.838821 0.544996 0.808152 0.852856 0.801286 0.696216 0.673078 0.996204 0.892027 0.911175 0.789793 0.849379 0.944830 0.856474 0.938581 0.802999 0.956753
0.541575 0.446774 0.513778 0.515853 0.854621 0.851058 0.487291 0.494474 0.721876 0.955685 0.828812 0.484785 0.577904 0.507404 0.549482 0.622403 0.661036 0.538417 0.590683 0.435929 0.635445 0.990653 0.600803 0.543290 0.600830 0.644607 0.676990 0.933566 0.911915 0.877161 0.806824 0.878374 0.500784 0.528994 0.501695 0.741645 0.589377 0.000000 0.668395 0.705524 0.866108 0.595369 0.723593 0.730229 0.775823 0.829052 0.612086 0.708580 0.948083 0.796262 0.912054 0.846900 0.827697 0.698645 0.591451 0.685896 0.490354 0.444393 0.626635 0.723850 0.517618 0.564567 0.704658 0.516867 0.537199 0.504671 0.512954 0.506222 0.539899 0.562405 0.660432 0.675118 0.753998 0.766568 0.937804 0.950834 0.676076 0.836594 0.685363 0.680628 0.567096 0.534813 0.717260 0.668124 0.508492 0.499006 0.752158 0.716682 0.589978 0.597225 0.909410 0.952011 0.769337 0.782778 0.980642 0.926206 0.727472 0.803155 0.815860 0.873274 0.830312 0.918863 0.845671 0.912946 0.573931 0.709921 0.812821 0.996131 0.962706 0.879238 0.906902 0.913206 0.894607 0.971744 0.851541 0.947858
