0.000000 0.344356 0.772320 0.634769 0.934785 0.923107 0.868459 0.727907 0.830029 0.969194 0.453432 0.387514 0.583636 0.489325 0.776863 0.698712 0.422096 0.365093 0.493758 0.366434 0.851978 0.968227 0.845159 0.802489 0.774176 0.862987 0.949454 0.888392 0.565111 0.523749 0.887742 0.843484 0.525593 0.580093 0.881697 0.951683 0.663550 0.643861 0.724535 0.799257 0.857643 0.644818 0.968920 0.776628 0.987594 0.899743 0.750289 0.739824 0.875410 0.799150 0.998997 0.900481 0.942050 0.854356 0.706259 0.793135 0.351855 0.323894 0.709687 0.703023 0.728725 0.826691 0.612295 0.506142 0.899269 0.996281 0.854213 0.920456 0.361444 0.460524 0.849709 0.920774 0.745171 0.718333 0.760816 0.984462 0.780931 0.937160 0.551207 0.620929 0.407085 0.443931 0.455432 0.471299 0.526697 0.604201 0.952644 0.964335 0.828241 0.603329 0.809358 0.728367 0.800561 0.713714 0.962291 0.983566 0.997067 0.853047 0.935016 0.954483 0.822039 0.974943 0.848900 0.696623 0.959583 0.766355 0.977695 0.948279 0.898287 0.823269 0.974694 0.979504 0.960547 0.798176 0.930842 0.882534
0.344356 0.000000 0.735635 0.597652 0.881516 0.841406 0.768154 0.646077 0.985022 0.929332 0.553601 0.419399 0.738249 0.564875 0.920623 0.766925 0.482188 0.425815 0.459320 0.399524 0.941314 0.986152 0.894411 0.854594 0.780932 0.840421 0.948690 0.809161 0.626256 0.666509 0.861927 0.843187 0.569743 0.568673 0.885444 0.971906 0.630791 0.584231 0.742256 0.856325 0.910422 0.690843 0.800117 0.620236 0.857530 0.750692 0.705099 0.712176 0.726129 0.666787 0.836026 0.796444 0.891314 0.992618 0.775011 0.751058 0.270298 0.256081 0.746953 0.765438 0.782375 0.787411 0.702341 0.571203 0.918807 0.959494 0.860188 0.902393 0.488332 0.479282 0.845993 0.842590 0.829619 0.826921 0.938819 0.955095 0.691581 0.907095 0.512909 0.618822 0.405296 0.462049 0.570421 0.462683 0.583640 0.704933 0.980452 0.977142 0.859593 0.629537 0.970741 0.913523 0.994294 0.874273 0.916942 0.895233 0.987524 0.841445 0.873985 0.832337 0.924297 0.993276 0.799520 0.734722 0.977607 0.854172 0.904001 0.824830 0.967182 0.724211 0.771627 0.913202 0.860017 0.660063 0.950106 0.945530
0.772320 0.735635 0.000000 0.513322 0.953647 0.708868 0.791415 0.715777 0.639129 0.918420 0.911489 0.714604 0.598680 0.680699 0.601083 0.509472 0.982348 0.994391 0.824364 0.721366 0.810954 0.968093 0.497809 0.581289 0.517344 0.540029 0.877459 0.918140 0.940283 0.834948 0.568169 0.606072 0.766466 0.829206 0.665950 0.914323 0.657722 0.849657 0.799204 0.807478 0.871941 0.873326 0.806377 0.821953 0.954682 0.994105 0.749808 0.782525 0.877387 0.987141 0.976530 0.913409 0.978389 0.954376 0.854929 0.980730 0.904487 0.847976 0.985238 0.827032 0.702370 0.520708 0.906966 0.973141 0.464536 0.491877 0.947043 0.796326 0.792056 0.815310 0.684624 0.735285 0.739814 0.879492 0.980422 0.945908 0.663794 0.866882 0.969280 0.700493 0.912630 0.809186 0.757985 0.803471 0.674687 0.567715 0.933615 0.777340 0.735107 0.748252 0.957573 0.903667 0.926854 0.891672 0.870901 0.833029 0.790767 0.922104 0.929573 0.901884 0.819902 0.980620 0.928952 0.946314 0.933156 0.858831 0.847054 0.992227 0.767292 0.898110 0.957916 0.880205 0.958960 0.899666 0.645415 0.992040
0.634769 0.597652 0.513322 0.000000 0.875517 0.845173 0.833710 0.496444 0.881882 0.967692 0.878123 0.515926 0.677409 0.536510 0.708604 0.514744 0.884290 0.829860 0.731065 0.673128 0.668436 0.906571 0.550434 0.456773 0.526544 0.521827 0.851189 0.934943 0.999107 0.854524 0.636235 0.611690 0.683427 0.783683 0.835338 0.908345 0.624729 0.733970 0.651211 0.872518 0.954517 0.727589 0.965549 0.828125 0.777375 0.888819 0.937595 0.890885 0.761912 0.890602 0.875885 0.929218 0.914394 0.818483 0.915943 0.998859 0.730722 0.674913 0.984375 0.868112 0.820471 0.592103 0.952555 0.773162 0.581260 0.594058 0.993853 0.924855 0.653506 0.677784 0.809912 0.762563 0.910468 0.954354 0.946115 0.927620 0.706368 0.972840 0.774276 0.844837 0.807793 0.748453 0.657800 0.696103 0.768778 0.556018 0.974986 0.851691 0.725780 0.585096 0.892262 0.712394 0.960578 0.834655 0.939279 0.835364 0.991141 0.903722 0.932610 0.976294 0.886779 0.821782 0.825547 0.922578 0.845432 0.786089 0.909381 0.967054 0.900390 0.842321 0.929286 0.735510 0.983785 0.847270 0.779939 0.887903
0.934785 0.881516 0.953647 0.875517 0.000000 0.961305 0.793125 0.963311 0.908528 0.811677 0.908550 0.992343 0.877415 0.898861 0.875576 0.916899 0.997914 0.976113 0.845209 0.853085 0.967289 0.996353 0.818484 0.848119 0.945955 0.800353 0.902272 0.870992 0.908010 0.920670 0.779668 0.937706 0.952536 0.860526 0.789448 0.885135 0.880949 0.764856 0.958417 0.838890 0.923918 0.773828 0.880455 0.913862 0.935970 0.985505 0.933903 0.965904 0.957039 0.983961 0.993663 0.959993 0.990736 0.989196 0.922762 0.919519 0.869902 0.895522 0.781339 0.857358 0.806146 0.926120 0.807837 0.901121 0.949147 0.993606 0.792449 0.812434 0.989132 0.761717 0.891397 0.958445 0.959174 0.861199 0.994399 0.875984 0.994015 0.747740 0.929857 0.967729 0.946802 0.878953 0.987860 0.918341 0.947647 0.947772 0.998161 0.979993 0.930720 0.839224 0.990726 0.961984 0.904074 0.920223 0.941317 0.905205 0.932079 0.903110 0.916715 0.849164 0.975615 0.848551 0.882124 0.881971 0.890066 0.662612 0.918665 0.990443 0.893732 0.957556 0.997210 0.943672 0.931787 0.832926 0.764006 0.958306
0.923107 0.841406 0.708868 0.845173 0.961305 0.000000 0.933863 0.946888 0.757132 0.996061 0.804507 0.971798 0.824656 0.915069 0.659880 0.694285 0.732803 0.728360 0.779685 0.946529 0.922394 0.812416 0.814477 0.737260 0.782217 0.686897 0.815951 0.685475 0.780889 0.916944 0.826321 0.935224 0.903091 0.821673 0.942206 0.850455 0.819686 0.897635 0.858796 0.864135 0.878051 0.980959 0.982193 0.903304 0.823648 0.801148 0.935334 0.857423 0.778309 0.865878 0.867413 0.947826 0.955340 0.954885 0.844534 0.978094 0.683360 0.779667 0.813212 0.970159 0.965283 0.754628 0.773626 0.840555 0.742269 0.691400 0.883867 0.974100 0.960714 0.978962 0.757962 0.817722 0.816988 0.938948 0.838060 0.850928 0.916415 0.959250 0.877228 0.921322 0.804185 0.934444 0.897928 0.831410 0.897970 0.889870 0.985549 0.925680 0.910519 0.984211 0.895781 0.945179 0.923175 0.857550 0.956637 0.975767 0.747037 0.910722 0.974901 0.879776 0.945631 0.955205 0.967323 0.867969 0.967156 0.919457 0.820635 0.980514 0.796204 0.853871 0.971838 0.906503 0.959944 0.927364 0.961055 0.915808
0.868459 0.768154 0.791415 0.833710 0.793125 0.933863 0.000000 0.354129 0.803401 0.477179 0.756366 0.700999 0.777325 0.957551 0.990541 0.947753 0.692090 0.749316 0.611279 0.948461 0.804567 0.950366 0.802122 0.748256 0.717626 0.820216 0.669582 0.517589 0.703727 0.741309 0.624329 0.835484 0.527323 0.426606 0.827848 0.782845 0.858220 0.715824 0.752403 0.726988 0.820707 0.925080 0.449437 0.465628 0.478087 0.464085 0.546579 0.495601 0.561554 0.548524 0.515111 0.513722 0.639085 0.658337 0.928537 0.856318 0.797090 0.741008 0.383719 0.447362 0.358778 0.689821 0.477156 0.475412 0.830103 0.964963 0.319196 0.380368 0.941666 0.994633 0.728235 0.737478 0.946910 0.944242 0.959728 0.890631 0.579912 0.868073 0.657924 0.838407 0.818172 0.895902 0.981063 0.982251 0.937773 0.796591 0.961811 0.728278 0.948255 0.906585 0.724050 0.724678 0.694348 0.803576 0.831647 0.971942 0.817967 0.656385 0.420266 0.455097 0.574816 0.635042 0.614635 0.583835 0.748257 0.749416 0.837051 0.647413 0.830924 0.838543 0.505229 0.665317 0.516140 0.753733 0.559319 0.916136
0.727907 0.646077 0.715777 0.496444 0.963311 0.946888 0.354129 0.000000 0.812184 0.542867 0.796109 0.503974 0.670104 0.681035 0.873312 0.743123 0.704931 0.723545 0.586867 0.801788 0.994805 0.935707 0.663998 0.896293 0.940485 0.947230 0.831009 0.691671 0.807751 0.767119 0.543571 0.733058 0.484077 0.463094 0.841628 0.864724 0.943232 0.899833 0.968996 0.814348 0.857602 0.889250 0.575730 0.494719 0.701317 0.635946 0.595719 0.588385 0.769600 0.697701 0.649714 0.639993 0.697902 0.753660 0.899600 0.844510 0.742522 0.667912 0.523767 0.555032 0.404093 0.488562 0.571029 0.463331 0.966548 0.810329 0.470993 0.492224 0.931415 0.829503 0.660345 0.673213 0.928327 0.959674 0.961450 0.969590 0.587802 0.949913 0.570839 0.854846 0.796692 0.973516 0.816729 0.922010 0.938594 0.937470 0.918954 0.684900 0.888160 0.860223 0.791706 0.915379 0.732351 0.941491 0.841327 0.947256 0.782419 0.635859 0.597302 0.594259 0.712155 0.865418 0.786887 0.614352 0.697958 0.737301 0.828464 0.675274 0.854789 0.760881 0.608519 0.868228 0.595200 0.732036 0.646591 0.924935
0.830029 0.985022 0.639129 0.881882 0.908528 0.757132 0.803401 0.812184 0.000000 0.749122 0.886322 0.965695 0.853029 0.977444 0.702635 0.767309 0.747704 0.748046 0.965209 0.932792 0.992339 0.942180 0.678787 0.918867 0.869835 0.726439 0.954603 0.876406 0.977694 0.879479 0.658618 0.880114 0.904839 0.993734 0.773827 0.964171 0.871467 0.972077 0.967212 0.877317 0.975474 0.990851 0.593545 0.773337 0.852286 0.926166 0.795104 0.925516 0.954637 0.925932 0.853360 0.849448 0.781610 0.732400 0.982145 0.959585 0.821271 0.852702 0.900999 0.955554 0.795697 0.560076 0.781217 0.875710 0.756638 0.675268 0.958092 0.905964 0.811859 0.746105 0.515097 0.565672 0.757302 0.828828 0.905074 0.929031 0.702971 0.728077 0.944307 0.982784 0.808204 0.891310 0.776407 0.843710 0.947883 0.959815 0.837362 0.784206 0.957809 0.972655 0.584986 0.636236 0.679710 0.716205 0.892001 0.862237 0.760674 0.952248 0.691241 0.661887 0.883704 0.792979 0.917448 0.941458 0.811861 0.879285 0.738004 0.816738 0.890544 0.862889 0.834723 0.981223 0.798773 0.864833 0.830170 0.658309
0.969194 0.929332 0.918420 0.967692 0.811677 0.996061 0.477179 0.542867 0.749122 0.000000 0.872840 0.847574 0.835922 0.956690 0.989918 0.916486 0.853788 0.926016 0.797606 0.904262 0.820540 0.965328 0.949960 0.694776 0.632483 0.792748 0.728422 0.642497 0.848220 0.980933 0.731369 0.936483 0.690257 0.721885 0.999048 0.818227 0.892228 0.778756 0.743062 0.820946 0.957485 0.939881 0.496149 0.526235 0.534771 0.537614 0.628927 0.683311 0.540282 0.597150 0.517703 0.535559 0.536251 0.544108 0.944227 0.899152 0.907615 0.885836 0.614181 0.717212 0.565061 0.734371 0.688366 0.656161 0.705335 0.805862 0.550699 0.711710 0.827077 0.916241 0.605490 0.593091 0.960378 0.874114 0.945082 0.906074 0.600230 0.868048 0.782447 0.938011 0.993910 0.701998 0.820108 0.718011 0.822205 0.629486 0.863499 0.642393 0.911326 0.872983 0.557201 0.536196 0.571015 0.621335 0.891834 0.839904 0.698680 0.722827 0.405593 0.482208 0.605011 0.597681 0.527458 0.648739 0.749589 0.863100 0.941814 0.653034 0.904278 0.762835 0.533435 0.673323 0.600378 0.828139 0.851672 0.854619
0.453432 0.553601 0.911489 0.878123 0.908550 0.804507 0.756366 0.796109 0.886322 0.872840 0.000000 0.507150 0.728407 0.706495 0.915685 0.891961 0.381851 0.364006 0.553682 0.445072 0.964094 0.901913 0.973324 0.912181 0.995590 0.959459 0.942327 0.785417 0.430792 0.406803 0.770853 0.791380 0.568476 0.532109 0.988645 0.981823 0.951501 0.863429 0.933588 0.949768 0.810969 0.670276 0.937038 0.866551 0.989810 0.958625 0.817812 0.805091 0.912934 0.946561 0.936961 0.979703 0.844980 0.809406 0.862497 0.991728 0.509873 0.500597 0.698780 0.674256 0.712339 0.921797 0.473274 0.428562 0.815941 0.863288 0.815251 0.859035 0.481936 0.623359 0.906673 0.977599 0.725012 0.655404 0.889320 0.920599 0.827214 0.720074 0.626020 0.827387 0.532938 0.701599 0.618351 0.627886 0.837293 0.898324 0.938978 0.927227 0.871247 0.964701 0.760718 0.714624 0.697202 0.713904 0.971408 0.903144 0.927054 0.799052 0.970737 0.978036 0.994206 0.928105 0.792560 0.618378 0.921475 0.652012 0.955340 0.944243 0.917998 0.858326 0.915413 0.953903 0.919552 0.892732 0.918788 0.834419
0.387514 0.419399 0.714604 0.515926 0.992343 0.971798 0.700999 0.503974 0.965695 0.847574 0.507150 0.000000 0.478025 0.378499 0.673413 0.531356 0.448847 0.392493 0.413103 0.412818 0.851200 0.951182 0.623114 0.755504 0.789065 0.863106 0.994390 0.768238 0.559620 0.474812 0.624582 0.606327 0.437704 0.505960 0.944706 0.994336 0.661540 0.729258 0.795808 0.967314 0.859893 0.703092 0.850271 0.670207 0.980789 0.897372 0.681383 0.729901 0.938383 0.915818 0.937522 0.910281 0.985086 0.985836 0.786564 0.802382 0.493040 0.437483 0.704350 0.734894 0.571107 0.605332 0.548129 0.403278 0.936587 0.880870 0.771097 0.790899 0.492441 0.593283 0.675936 0.671710 0.648826 0.736050 0.877874 0.984287 0.702622 0.851737 0.425850 0.714496 0.457364 0.548681 0.502489 0.540340 0.626272 0.673172 0.971572 0.885781 0.816749 0.666387 0.938395 0.783187 0.929620 0.781887 0.959422 0.922621 0.948691 0.733849 0.857482 0.843991 0.996651 0.961636 0.866908 0.621602 0.769600 0.675305 0.968596 0.787256 0.847516 0.775420 0.909890 0.962376 0.874304 0.809839 0.794269 0.885899
0.583636 0.738249 0.598680 0.677409 0.877415 0.824656 0.777325 0.670104 0.853029 0.835922 0.728407 0.478025 0.000000 0.489447 0.391560 0.472800 0.730279 0.685876 0.608767 0.589320 0.804528 0.999813 0.437746 0.738538 0.791834 0.863051 0.979285 0.837554 0.680013 0.632643 0.550759 0.656591 0.550117 0.671083 0.871447 0.947749 0.752598 0.919091 0.869570 0.925351 0.940658 0.845324 0.814411 0.785485 0.967897 0.909160 0.653635 0.679298 0.996187 0.940802 0.925671 0.809740 0.925462 0.928016 0.775689 0.831004 0.832580 0.747075 0.794507 0.798461 0.536145 0.587455 0.719376 0.652908 0.730401 0.739935 0.833821 0.792352 0.633068 0.728572 0.591144 0.664457 0.606876 0.746150 0.879937 0.945036 0.736656 0.910432 0.666377 0.751285 0.715124 0.702936 0.685289 0.714207 0.534157 0.622945 0.908944 0.869235 0.680413 0.671315 0.991677 0.907558 0.908865 0.862852 0.934626 0.790064 0.749798 0.829495 0.821177 0.833768 0.905307 0.855262 0.930911 0.743350 0.804272 0.726751 0.963597 0.912002 0.676473 0.923354 0.950648 0.994305 0.899451 0.879756 0.685065 0.988244
0.489325 0.564875 0.680699 0.536510 0.898861 0.915069 0.957551 0.681035 0.977444 0.956690 0.706495 0.378499 0.489447 0.000000 0.549054 0.381756 0.605288 0.545581 0.577782 0.450638 0.769857 0.950258 0.572709 0.571809 0.673797 0.734504 0.929949 0.994670 0.690967 0.552009 0.689464 0.574174 0.524531 0.743629 0.921890 0.981774 0.592285 0.650798 0.657377 0.770520 0.897935 0.697314 0.995422 0.871734 0.895409 0.941657 0.845514 0.907410 0.881673 0.928145 0.988616 0.996998 0.948916 0.995896 0.805252 0.884364 0.666167 0.616745 0.977782 0.978423 0.736077 0.552907 0.766738 0.605110 0.794809 0.736070 0.980408 0.942194 0.546889 0.595030 0.650748 0.712683 0.657796 0.893850 0.789451 0.861440 0.834934 0.941587 0.612895 0.748104 0.498372 0.511865 0.449261 0.525928 0.531405 0.515525 0.877001 0.897198 0.698974 0.631466 0.939356 0.724049 0.874203 0.744119 0.999637 0.899019 0.915789 0.873753 0.981466 0.923957 0.848476 0.959228 0.926194 0.692719 0.927470 0.772019 0.942105 0.903211 0.852660 0.842645 0.952651 0.922140 0.974241 0.833777 0.937412 0.890278
0.776863 0.920623 0.601083 0.708604 0.875576 0.659880 0.990541 0.873312 0.702635 0.989918 0.915685 0.673413 0.391560 0.549054 0.000000 0.401906 0.922524 0.898219 0.791140 0.733293 0.739186 0.861209 0.435895 0.616876 0.687551 0.783704 0.922835 0.998768 0.808156 0.701417 0.578408 0.664526 0.679195 0.918575 0.842472 0.908330 0.668691 0.907105 0.838105 0.791249 0.982865 0.912604 0.944641 0.930247 0.856904 0.880570 0.823287 0.847832 0.813533 0.874511 0.928101 0.953288 0.999605 0.995421 0.819515 0.926864 0.977471 0.960844 0.939200 0.996458 0.736024 0.662162 0.946004 0.884603 0.642416 0.649280 0.955771 0.976541 0.716741 0.918208 0.550758 0.699097 0.633731 0.836717 0.845415 0.908624 0.838584 0.837054 0.880698 0.811097 0.848907 0.790823 0.742131 0.831750 0.559291 0.598633 0.981447 0.966132 0.698810 0.817234 0.949596 0.864565 0.808200 0.837608 0.958777 0.947933 0.861374 0.955214 0.995516 0.990527 0.767127 0.962444 0.910640 0.910086 0.855471 0.733980 0.921245 0.992583 0.712571 0.885406 0.900846 0.891970 0.872295 0.965894 0.761033 0.984346
0.698712 0.766925 0.509472 0.514744 0.916899 0.694285 0.947753 0.743123 0.767309 0.916486 0.891961 0.531356 0.472800 0.381756 0.401906 0.000000 0.926403 0.871328 0.743291 0.630042 0.702818 0.930104 0.393458 0.399321 0.509082 0.582405 0.890641 0.954520 0.875804 0.707433 0.530426 0.517036 0.682988 0.882333 0.804892 0.896218 0.592175 0.753189 0.603560 0.791700 0.970005 0.782229 0.954418 0.921597 0.817120 0.868438 0.808097 0.923747 0.727220 0.803054 0.883441 0.966794 0.992691 0.966805 0.814613 0.982293 0.934836 0.901370 0.900827 0.991770 0.745744 0.463220 0.956054 0.871512 0.528772 0.457968 0.940346 0.903358 0.738318 0.750895 0.579574 0.696648 0.587270 0.880247 0.883774 0.876430 0.903933 0.901889 0.764175 0.770229 0.792024 0.681810 0.573674 0.716857 0.551388 0.418232 0.969808 0.883203 0.700587 0.646326 0.899577 0.727184 0.825434 0.719410 0.969780 0.950217 0.871116 0.933862 0.910710 0.942813 0.754687 0.925017 0.829871 0.937446 0.947660 0.797009 0.947031 0.999043 0.823272 0.860264 0.906500 0.741283 0.886073 0.972816 0.796370 0.957173
0.422096 0.482188 0.982348 0.884290 0.997914 0.732803 0.692090 0.704931 0.747704 0.853788 0.381851 0.448847 0.730279 0.605288 0.922524 0.926403 0.000000 0.255916 0.456625 0.450309 0.986916 0.905800 0.991455 0.860916 0.880133 0.758664 0.879917 0.738246 0.371569 0.343777 0.857655 0.835011 0.455901 0.471184 0.916484 0.876579 0.896008 0.873567 0.981016 0.971491 0.795973 0.752932 0.926225 0.684414 0.812996 0.746416 0.699570 0.698229 0.703236 0.708717 0.827574 0.792328 0.935065 0.990487 0.872358 0.763353 0.405811 0.386793 0.563762 0.693805 0.639807 0.958471 0.334472 0.290386 0.686497 0.721121 0.659672 0.789280 0.528595 0.595069 0.923899 0.969130 0.800129 0.774794 0.844553 0.980140 0.814747 0.868547 0.448290 0.709840 0.340424 0.630284 0.585125 0.593156 0.784097 0.927732 0.974747 0.991028 0.967394 0.898860 0.850135 0.786013 0.808700 0.757655 0.948945 0.804174 0.958117 0.721530 0.829888 0.869396 0.923183 0.970809 0.723455 0.484478 0.880826 0.734525 0.963622 0.828048 0.899815 0.776339 0.902932 0.860609 0.844732 0.835912 0.896066 0.766042
0.365093 0.425815 0.994391 0.829860 0.976113 0.728360 0.749316 0.723545 0.748046 0.926016 0.364006 0.392493 0.685876 0.545581 0.898219 0.871328 0.255916 0.000000 0.375207 0.374368 0.992242 0.895552 0.925204 0.964998 0.955295 0.848348 0.945004 0.776450 0.385222 0.375024 0.879849 0.816277 0.461601 0.447639 0.927925 0.943899 0.858016 0.775569 0.924393 0.899881 0.834591 0.692298 0.984744 0.724199 0.894053 0.816378 0.771819 0.715477 0.780098 0.815633 0.914534 0.896885 0.969683 0.921818 0.897319 0.788870 0.358741 0.353470 0.600760 0.730268 0.688020 0.956530 0.371364 0.333155 0.768566 0.787519 0.716553 0.828658 0.466949 0.570138 0.922580 0.979165 0.790116 0.782836 0.819217 0.987679 0.895570 0.873877 0.467296 0.748861 0.345133 0.524117 0.510897 0.458441 0.697421 0.820280 0.958755 0.942549 0.991723 0.808197 0.820540 0.726111 0.761458 0.715828 0.952978 0.905592 0.887138 0.753010 0.908297 0.912604 0.978580 0.976938 0.780418 0.521502 0.876088 0.697425 0.944093 0.851629 0.966548 0.839335 0.911689 0.889072 0.902763 0.770973 0.925580 0.806010
0.493758 0.459320 0.824364 0.731065 0.845209 0.779685 0.611279 0.586867 0.965209 0.797606 0.553682 0.413103 0.608767 0.577782 0.791140 0.743291 0.456625 0.375207 0.000000 0.481147 0.995695 0.922051 0.652615 0.951699 0.963459 0.902088 0.932102 0.666959 0.474589 0.501955 0.703369 0.718947 0.432740 0.428409 0.895896 0.804156 0.760288 0.831720 0.966676 0.995560 0.938964 0.790696 0.657222 0.530905 0.732830 0.662964 0.572531 0.572738 0.690570 0.714162 0.765655 0.725052 0.898631 0.901563 0.936534 0.864078 0.439197 0.442352 0.554206 0.661231 0.552342 0.776592 0.484198 0.426656 0.923493 0.969995 0.609363 0.649022 0.669757 0.728092 0.751310 0.812110 0.831354 0.774264 0.896807 0.981648 0.784291 0.794363 0.542354 0.778154 0.530919 0.672603 0.639679 0.551702 0.658958 0.776132 0.971783 0.960360 0.887539 0.793597 0.959591 0.887173 0.876339 0.808683 0.924516 0.930524 0.953424 0.713750 0.738530 0.654455 0.981997 0.848051 0.728904 0.526484 0.873329 0.683468 0.999346 0.879491 0.925175 0.736095 0.807317 0.817445 0.758241 0.647477 0.759013 0.981053
0.366434 0.399524 0.721366 0.673128 0.853085 0.946529 0.948461 0.801788 0.932792 0.904262 0.445072 0.412818 0.589320 0.450638 0.733293 0.630042 0.450309 0.374368 0.481147 0.000000 0.838081 0.988866 0.772129 0.736980 0.746308 0.825936 0.860202 0.865777 0.554861 0.510170 0.827510 0.791963 0.614872 0.659309 0.926576 0.991859 0.635955 0.580401 0.753878 0.755733 0.830045 0.579832 0.950162 0.870785 0.888493 0.966776 0.837632 0.853901 0.979259 0.974704 0.893208 0.936748 0.855225 0.778590 0.834443 0.865768 0.436405 0.409667 0.883313 0.845209 0.828957 0.782511 0.694623 0.585787 0.880294 0.918732 0.983827 0.976618 0.400606 0.448198 0.850748 0.953281 0.660861 0.732551 0.771134 0.891275 0.808158 0.921922 0.621230 0.694100 0.467028 0.426941 0.527020 0.377311 0.523920 0.576930 0.940069 0.961161 0.843833 0.637112 0.806939 0.670213 0.739874 0.697818 0.936556 0.951947 0.948967 0.851429 0.928641 0.963509 0.775246 0.913615 0.999106 0.781699 0.960415 0.813803 0.967713 0.936537 0.871348 0.797899 0.994843 0.930829 0.947488 0.822372 0.991575 0.826225
0.851978 0.941314 0.810954 0.668436 0.967289 0.922394 0.804567 0.994805 0.992339 0.820540 0.964094 0.851200 0.804528 0.769857 0.739186 0.702818 0.986916 0.992242 0.995695 0.838081 0.000000 0.874772 0.756883 0.651685 0.678870 0.797227 0.911534 0.851053 0.970225 0.944919 0.840297 0.715962 0.937007 0.995101 0.922430 0.898970 0.807509 0.886791 0.841951 0.871180 0.901916 0.897394 0.797345 0.906363 0.728000 0.788002 0.871471 0.894766 0.693694 0.765248 0.780233 0.790586 0.841169 0.826229 0.903782 0.874799 0.995103 0.967279 0.781446 0.853984 0.890372 0.933238 0.910108 0.966378 0.803276 0.796112 0.784183 0.802934 0.779052 0.856072 0.950378 0.982397 0.960600 0.971522 0.953409 0.915290 0.906671 0.964167 0.962679 0.947267 0.994401 0.886154 0.837620 0.902770 0.902555 0.707995 0.913611 0.921421 0.836273 0.762526 0.864709 0.730184 0.843261 0.849713 0.946983 0.970559 0.894235 0.960316 0.770909 0.807961 0.798099 0.827375 0.768875 0.909453 0.929817 0.978752 0.936039 0.917948 0.990678 0.985095 0.785313 0.692525 0.678373 0.937686 0.874643 0.947285
0.968227 0.986152 0.968093 0.906571 0.996353 0.812416 0.950366 0.935707 0.942180 0.965328 0.901913 0.951182 0.999813 0.950258 0.861209 0.930104 0.905800 0.895552 0.922051 0.988866 0.874772 0.000000 0.988395 0.941787 0.940885 0.972513 0.871999 0.930184 0.835577 0.930520 0.962794 0.989987 0.992313 0.876646 0.869868 0.910478 0.957229 0.895671 0.876212 0.826288 0.886073 0.888736 0.986443 0.933680 0.981294 0.991217 0.893842 0.959113 0.994629 0.935510 0.935576 0.959671 0.922562 0.917766 0.842082 0.872054 0.966743 0.985087 0.887285 0.902088 0.919297 0.956968 0.974212 0.918265 0.975640 0.944351 0.880766 0.860857 0.958617 0.927623 0.978778 0.956345 0.852123 0.770981 0.857277 0.947173 0.983269 0.982455 0.970836 0.949868 0.940377 0.994905 0.988292 0.973290 0.933606 0.996392 0.922254 0.921443 0.935885 0.986892 0.879419 0.949195 0.903969 0.980136 0.947818 0.982198 0.798395 0.959069 0.951558 0.973292 0.961015 0.943696 0.971907 0.923564 0.919809 0.970372 0.870735 0.867629 0.997920 0.976326 0.979526 0.855576 0.946701 0.942968 0.849607 0.991001
0.845159 0.894411 0.497809 0.550434 0.818484 0.814477 0.802122 0.663998 0.678787 0.949960 0.973324 0.623114 0.437746 0.572709 0.435895 0.393458 0.991455 0.925204 0.652615 0.772129 0.756883 0.988395 0.000000 0.533918 0.616872 0.714579 0.949998 0.910579 0.866777 0.772940 0.447460 0.487861 0.678428 0.821266 0.838507 0.957571 0.736336 0.902835 0.877429 0.951076 0.896099 0.924737 0.785504 0.804732 0.932889 0.948407 0.750291 0.817344 0.788427 0.825816 0.944386 0.975173 0.994413 0.997644 0.984147 0.950330 0.997121 0.971350 0.951655 0.915890 0.636410 0.537696 0.962569 0.868485 0.570478 0.503292 0.871221 0.770083 0.869294 0.921699 0.572056 0.628574 0.620455 0.864117 0.925275 0.963697 0.820122 0.813386 0.875564 0.853572 0.961236 0.862894 0.701667 0.802601 0.627634 0.559303 0.972352 0.908024 0.700644 0.689926 0.967344 0.850214 0.887158 0.914343 0.882452 0.971281 0.890674 0.897715 0.912455 0.832275 0.882784 0.916531 0.903876 0.923997 0.835047 0.720928 0.941852 0.935541 0.761623 0.976893 0.916706 0.883502 0.930322 0.934223 0.554850 0.966597
0.802489 0.854594 0.581289 0.456773 0.848119 0.737260 0.748256 0.896293 0.918867 0.694776 0.912181 0.755504 0.738538 0.571809 0.616876 0.399321 0.860916 0.964998 0.951699 0.736980 0.651685 0.941787 0.533918 0.000000 0.373123 0.458254 0.728008 0.780563 0.862383 0.967039 0.766069 0.661948 0.968310 0.917501 0.791174 0.832637 0.644913 0.689393 0.536207 0.662199 0.973284 0.788727 0.841104 0.907764 0.627360 0.684856 0.929942 0.923062 0.547573 0.650671 0.681717 0.740189 0.814424 0.707687 0.983968 0.930694 0.978060 0.960658 0.755960 0.911739 0.946719 0.653911 0.746791 0.874089 0.429128 0.436849 0.771764 0.929378 0.753179 0.800099 0.881155 0.919633 0.852232 0.992061 0.878874 0.945804 0.990623 0.998635 0.985939 0.852341 0.985679 0.726435 0.664641 0.761628 0.667867 0.366936 0.978597 0.957688 0.643316 0.560474 0.751669 0.587543 0.758650 0.703865 0.987787 0.857913 0.984766 0.907740 0.680669 0.771106 0.636801 0.706473 0.672372 0.870234 0.955350 0.918378 0.935376 0.807260 0.945616 0.976655 0.833737 0.579951 0.726966 0.997380 0.900478 0.923679
0.774176 0.780932 0.517344 0.526544 0.945955 0.782217 0.717626 0.940485 0.869835 0.632483 0.995590 0.789065 0.791834 0.673797 0.687551 0.509082 0.880133 0.955295 0.963459 0.746308 0.678870 0.940885 0.616872 0.373123 0.000000 0.405169 0.684599 0.697029 0.889445 0.978205 0.757887 0.636378 0.972594 0.890301 0.841917 0.814197 0.623705 0.592452 0.561882 0.692095 0.967051 0.797962 0.831474 0.848436 0.569511 0.619350 0.917469 0.861911 0.533045 0.650103 0.591027 0.663957 0.728828 0.634217 0.952345 0.878681 0.906876 0.924201 0.712878 0.922450 0.872608 0.771368 0.676363 0.827848 0.409047 0.521938 0.667138 0.830965 0.648381 0.782317 0.916243 0.924445 0.753539 0.825014 0.999672 0.966917 0.932332 0.881737 0.963049 0.851272 0.945838 0.722920 0.709093 0.752048 0.674529 0.401210 0.986445 0.981222 0.677706 0.618256 0.680796 0.602479 0.693359 0.711033 0.989816 0.862151 0.913690 0.888562 0.657675 0.707373 0.635706 0.726023 0.719741 0.808008 0.894514 0.913336 0.934744 0.753067 0.915832 0.931180 0.827355 0.530966 0.743941 0.909831 0.895872 0.988302
0.862987 0.840421 0.540029 0.521827 0.800353 0.686897 0.820216 0.947230 0.726439 0.792748 0.959459 0.863106 0.863051 0.734504 0.783704 0.582405 0.758664 0.848348 0.902088 0.825936 0.797227 0.972513 0.714579 0.458254 0.405169 0.000000 0.805026 0.756969 0.829071 0.878095 0.811745 0.794688 0.926448 0.846136 0.775325 0.723324 0.697466 0.624061 0.573207 0.842068 0.958772 0.747937 0.895963 0.829975 0.637345 0.665123 0.866663 0.845841 0.605156 0.711700 0.699168 0.732096 0.850790 0.760515 0.958316 0.910256 0.967299 0.988392 0.663569 0.886440 0.891085 0.666426 0.633219 0.789651 0.442964 0.521700 0.683792 0.832444 0.775271 0.829517 0.823218 0.819239 0.809646 0.950946 0.938212 0.945316 0.898800 0.977891 0.912016 0.883945 0.982709 0.802716 0.853840 0.848892 0.781974 0.580478 0.982544 0.992294 0.717775 0.668008 0.914812 0.825982 0.956154 0.957492 0.928955 0.860426 0.920282 0.910531 0.799003 0.758121 0.799836 0.891764 0.806564 0.832922 0.996525 0.907368 0.904822 0.918349 0.934464 0.948746 0.926389 0.650971 0.871870 0.900185 0.991119 0.951009
0.949454 0.948690 0.877459 0.851189 0.902272 0.815951 0.669582 0.831009 0.954603 0.728422 0.942327 0.994390 0.979285 0.929949 0.922835 0.890641 0.879917 0.945004 0.932102 0.860202 0.911534 0.871999 0.949998 0.728008 0.684599 0.805026 0.000000 0.700357 0.820773 0.875975 0.899788 0.927619 0.782213 0.821189 0.985800 0.864642 0.810513 0.717788 0.893095 0.817687 0.883514 0.775696 0.769411 0.852005 0.631397 0.688640 0.891998 0.839220 0.760848 0.814350 0.658137 0.740598 0.680786 0.652969 0.977244 0.986160 0.969756 0.945752 0.773393 0.819859 0.698619 0.847176 0.772001 0.802204 0.785182 0.978950 0.642920 0.654342 0.795154 0.812599 0.874489 0.887567 0.957281 0.980233 0.934469 0.980390 0.845170 0.992185 0.945704 0.946544 0.855224 0.871931 0.886050 0.812820 0.912621 0.779272 0.904916 0.776359 0.908705 0.696497 0.778866 0.823985 0.785091 0.912094 0.875924 0.963369 0.984982 0.954059 0.683207 0.819003 0.689172 0.765019 0.879211 0.750130 0.946046 0.971252 0.856570 0.810855 0.968158 0.872213 0.804700 0.790436 0.831951 0.871305 0.887687 0.907650
0.888392 0.809161 0.918140 0.934943 0.870992 0.685475 0.517589 0.691671 0.876406 0.642497 0.785417 0.768238 0.837554 0.994670 0.998768 0.954520 0.738246 0.776450 0.666959 0.865777 0.851053 0.930184 0.910579 0.780563 0.697029 0.756969 0.700357 0.000000 0.681583 0.793274 0.862859 0.969362 0.662552 0.614872 0.785013 0.873160 0.892917 0.869306 0.756575 0.865537 0.911912 0.868896 0.625131 0.633629 0.572267 0.573424 0.592401 0.571973 0.593605 0.642995 0.613964 0.612311 0.782745 0.769456 0.877177 0.846435 0.781090 0.775328 0.520719 0.594205 0.528542 0.804370 0.603609 0.672991 0.871370 0.954732 0.533397 0.598235 0.887448 0.928840 0.872759 0.905873 0.918945 0.959110 0.858227 0.975544 0.739883 0.863852 0.820737 0.800743 0.811187 0.991423 0.970697 0.925831 0.930940 0.896309 0.979598 0.873435 0.927361 0.885075 0.872638 0.864925 0.877594 0.973035 0.961477 0.926831 0.938596 0.729945 0.618915 0.562017 0.876295 0.757517 0.758804 0.731580 0.834184 0.963981 0.894272 0.838690 0.844303 0.957179 0.773401 0.780376 0.781035 0.852466 0.822630 0.885574
0.565111 0.626256 0.940283 0.999107 0.908010 0.780889 0.703727 0.807751 0.977694 0.848220 0.430792 0.559620 0.680013 0.690967 0.808156 0.875804 0.371569 0.385222 0.474589 0.554861 0.970225 0.835577 0.866777 0.862383 0.889445 0.829071 0.820773 0.681583 0.000000 0.316153 0.731289 0.769802 0.496289 0.487179 0.973376 0.926975 0.972540 0.912542 0.962855 0.988007 0.929145 0.867446 0.877083 0.750889 0.766784 0.750796 0.670894 0.617313 0.741509 0.783398 0.802489 0.749740 0.919675 0.918494 0.926987 0.913917 0.572773 0.558552 0.607066 0.652156 0.573953 0.873153 0.424643 0.410575 0.758357 0.868776 0.676409 0.728262 0.622805 0.788976 0.797841 0.978135 0.658328 0.646986 0.924284 0.948188 0.879543 0.793199 0.577327 0.836717 0.484895 0.736622 0.636590 0.705544 0.789760 0.936558 0.970140 0.954865 0.950797 0.990298 0.835272 0.831524 0.762887 0.768403 0.932328 0.881760 0.990986 0.739246 0.813511 0.814139 0.927735 0.891681 0.691095 0.550513 0.860588 0.668122 0.984135 0.831049 0.840625 0.904442 0.927741 0.863349 0.789248 0.813264 0.856774 0.860505
0.523749 0.666509 0.834948 0.854524 0.920670 0.916944 0.741309 0.767119 0.879479 0.980933 0.406803 0.474812 0.632643 0.552009 0.701417 0.707433 0.343777 0.375024 0.501955 0.510170 0.944919 0.930520 0.772940 0.967039 0.978205 0.878095 0.875975 0.793274 0.316153 0.000000 0.656567 0.636849 0.467055 0.493997 0.965244 0.909689 0.896052 0.938158 0.958622 0.899564 0.908161 0.830306 0.983175 0.819334 0.946840 0.897067 0.713476 0.721068 0.934477 0.941126 0.972932 0.894449 0.962480 0.936285 0.838739 0.902088 0.630272 0.606702 0.653324 0.686246 0.561880 0.834648 0.406600 0.367153 0.831785 0.962233 0.693397 0.712430 0.542096 0.741414 0.826875 0.995519 0.646706 0.671783 0.779649 0.920241 0.877004 0.775465 0.555818 0.743771 0.445055 0.695032 0.533202 0.649441 0.781153 0.812611 0.989394 0.979148 0.944724 0.972584 0.712713 0.645007 0.620833 0.616615 0.939956 0.891831 0.940451 0.763133 0.961014 0.960423 0.994866 0.985748 0.836696 0.536787 0.876617 0.613575 0.964989 0.919473 0.815834 0.890731 0.953035 0.985544 0.947552 0.952576 0.792518 0.798853
0.887742 0.861927 0.568169 0.636235 0.779668 0.826321 0.624329 0.543571 0.658618 0.731369 0.770853 0.624582 0.550759 0.689464 0.578408 0.530426 0.857655 0.879849 0.703369 0.827510 0.840297 0.962794 0.447460 0.766069 0.757887 0.811745 0.899788 0.862859 0.731289 0.656567 0.000000 0.452163 0.568641 0.621256 0.941031 0.816052 0.899599 0.960480 0.934802 0.971251 0.896634 0.900147 0.671101 0.671335 0.888422 0.856803 0.694120 0.671693 0.954078 0.992294 0.867282 0.849690 0.829015 0.850392 0.999889 0.965268 0.988129 0.958720 0.792438 0.735898 0.494272 0.492995 0.778912 0.662308 0.819380 0.630791 0.699565 0.582594 0.929478 0.954416 0.559156 0.651606 0.660523 0.810218 0.948043 0.976889 0.709817 0.634619 0.690921 0.878576 0.861025 0.999334 0.802436 0.999592 0.872657 0.785209 0.847657 0.720610 0.815189 0.933784 0.970697 0.943447 0.960813 0.918964 0.919187 0.889394 0.843126 0.757280 0.805985 0.731928 0.834863 0.877649 0.898036 0.737477 0.778103 0.664569 0.777294 0.755440 0.721572 0.893766 0.763722 0.921296 0.895773 0.926185 0.574663 0.972682
0.843484 0.843187 0.606072 0.611690 0.937706 0.935224 0.835484 0.733058 0.880114 0.936483 0.791380 0.606327 0.656591 0.574174 0.664526 0.517036 0.835011 0.816277 0.718947 0.791963 0.715962 0.989987 0.487861 0.661948 0.636378 0.794688 0.927619 0.969362 0.769802 0.636849 0.452163 0.000000 0.603551 0.752092 0.972618 0.996253 0.831420 0.819891 0.903416 0.874435 0.968837 0.858863 0.870178 0.781499 0.988938 0.986499 0.768319 0.898352 0.875716 0.830656 0.990729 0.999534 0.953900 0.971881 0.956977 0.896633 0.867099 0.941435 0.959396 0.956371 0.717634 0.658632 0.845742 0.740204 0.867168 0.727037 0.886353 0.824231 0.839028 0.919206 0.750293 0.688978 0.788455 0.827687 0.959744 0.869858 0.768311 0.684557 0.779090 0.903918 0.832113 0.962402 0.671159 0.844399 0.913978 0.722566 0.829861 0.699897 0.848153 0.884849 0.873843 0.748866 0.806422 0.821081 0.963983 0.943943 0.983226 0.810004 0.978618 0.999779 0.977252 0.938177 0.981220 0.783012 0.947570 0.748174 0.986784 0.861279 0.854301 0.961770 0.867058 0.820588 0.991921 0.924691 0.616655 0.908329
0.525593 0.569743 0.766466 0.683427 0.952536 0.903091 0.527323 0.484077 0.904839 0.690257 0.568476 0.437704 0.550117 0.524531 0.679195 0.682988 0.455901 0.461601 0.432740 0.614872 0.937007 0.992313 0.678428 0.968310 0.972594 0.926448 0.782213 0.662552 0.496289 0.467055 0.568641 0.603551 0.000000 0.407942 0.823192 0.861233 0.865657 0.949941 0.978774 0.999395 0.987788 0.769821 0.692322 0.506642 0.658613 0.606191 0.592220 0.537714 0.685158 0.660800 0.618321 0.586789 0.708185 0.740126 0.854464 0.796181 0.565055 0.540392 0.533977 0.653646 0.403727 0.631865 0.416598 0.356008 0.924693 0.989533 0.511995 0.584181 0.721497 0.759994 0.658458 0.715946 0.781770 0.874050 0.834819 0.895790 0.754965 0.704676 0.498588 0.699753 0.494746 0.739637 0.574695 0.676037 0.743838 0.826299 0.996014 0.775909 0.892973 0.872397 0.933367 0.956491 0.991627 0.869764 0.940656 0.888374 0.958864 0.630844 0.611771 0.649678 0.903293 0.854917 0.729391 0.426929 0.829176 0.690132 0.980107 0.756600 0.847884 0.807841 0.691836 0.857271 0.759711 0.637577 0.628894 0.912737
0.580093 0.568673 0.829206 0.783683 0.860526 0.821673 0.426606 0.463094 0.993734 0.721885 0.532109 0.505960 0.671083 0.743629 0.918575 0.882333 0.471184 0.447639 0.428409 0.659309 0.995101 0.876646 0.821266 0.917501 0.890301 0.846136 0.821189 0.614872 0.487179 0.493997 0.621256 0.752092 0.407942 0.000000 0.909564 0.763918 0.943170 0.921822 0.950675 0.876460 0.875277 0.909537 0.685863 0.512788 0.598652 0.530901 0.552193 0.437463 0.629458 0.633345 0.650104 0.606372 0.796857 0.849399 0.872535 0.822334 0.580377 0.547660 0.370454 0.437035 0.379120 0.731840 0.354313 0.354367 0.863022 0.992281 0.399088 0.423325 0.789944 0.824962 0.892148 0.950006 0.922648 0.872479 0.920173 0.978526 0.749818 0.752686 0.496231 0.738180 0.593689 0.854010 0.722419 0.749936 0.915738 0.921448 0.923305 0.797775 0.978981 0.959597 0.942944 0.929381 0.944987 0.803517 0.926107 0.948677 0.996183 0.579753 0.670051 0.606298 0.780706 0.876277 0.619443 0.475219 0.808560 0.629343 0.953316 0.844554 0.883211 0.818421 0.697221 0.869764 0.763207 0.677096 0.611606 0.876430
0.881697 0.885444 0.665950 0.835338 0.789448 0.942206 0.827848 0.841628 0.773827 0.999048 0.988645 0.944706 0.871447 0.921890 0.842472 0.804892 0.916484 0.927925 0.895896 0.926576 0.922430 0.869868 0.838507 0.791174 0.841917 0.775325 0.985800 0.785013 0.973376 0.965244 0.941031 0.972618 0.823192 0.909564 0.000000 0.954050 0.998596 0.962169 0.971959 0.839452 0.753308 0.969403 0.814439 0.871255 0.863463 0.833044 0.779429 0.732662 0.923374 0.794091 0.845724 0.802443 0.914571 0.931663 0.864616 0.860973 0.926375 0.926720 0.902572 0.754630 0.776007 0.751964 0.985571 0.974890 0.726006 0.767078 0.817925 0.765804 0.958722 0.939336 0.833107 0.970584 0.971894 0.965389 0.999844 0.826760 0.819116 0.983347 0.986202 0.857531 0.964707 0.885043 0.911473 0.903929 0.816914 0.802046 0.945677 0.975569 0.941154 0.842283 0.943873 0.949299 0.934290 0.949493 0.970047 0.864834 0.938997 0.980304 0.855842 0.840806 0.790869 0.933120 0.946825 0.964395 0.892660 0.942976 0.975739 0.914162 0.984592 0.997141 0.950771 0.990271 0.858938 0.867876 0.870505 0.993622
0.951683 0.971906 0.914323 0.908345 0.885135 0.850455 0.782845 0.864724 0.964171 0.818227 0.981823 0.994336 0.947749 0.981774 0.908330 0.896218 0.876579 0.943899 0.804156 0.991859 0.898970 0.910478 0.957571 0.832637 0.814197 0.723324 0.864642 0.873160 0.926975 0.909689 0.816052 0.996253 0.861233 0.763918 0.954050 0.000000 0.961444 0.869634 0.951539 0.898153 0.845393 0.993360 0.723411 0.736105 0.668666 0.683917 0.774604 0.728978 0.728336 0.744168 0.706461 0.764559 0.714510 0.758346 0.992518 0.996448 0.959270 0.918468 0.706020 0.838395 0.777552 0.902029 0.816775 0.810209 0.846990 0.910808 0.713447 0.692951 0.867345 0.991580 0.983932 0.994956 0.905457 0.943322 0.934948 0.959516 0.806510 0.876095 0.819718 0.872737 0.899186 0.909919 0.987006 0.921353 0.955154 0.927000 0.935117 0.989284 0.948842 0.984978 0.924830 0.818121 0.908772 0.996574 0.906060 0.967975 0.924767 0.838545 0.749162 0.667379 0.800847 0.947466 0.788787 0.785812 0.976784 0.921806 0.952462 0.806373 0.836368 0.897910 0.828051 0.703219 0.954072 0.893123 0.938024 0.970424
0.663550 0.630791 0.657722 0.624729 0.880949 0.819686 0.858220 0.943232 0.871467 0.892228 0.951501 0.661540 0.752598 0.592285 0.668691 0.592175 0.896008 0.858016 0.760288 0.635955 0.807509 0.957229 0.736336 0.644913 0.623705 0.697466 0.810513 0.892917 0.972540 0.896052 0.899599 0.831420 0.865657 0.943170 0.998596 0.961444 0.000000 0.613670 0.702206 0.767506 0.762573 0.815171 0.941255 0.895440 0.816582 0.893097 0.916420 0.982763 0.903860 0.946421 0.879513 0.948755 0.992167 0.951821 0.838102 0.980577 0.710846 0.672980 0.802735 0.872395 0.951295 0.746450 0.830180 0.965259 0.668149 0.803140 0.736663 0.853252 0.622717 0.673190 0.812823 0.710463 0.778620 0.880214 0.966008 0.970288 0.839073 0.947175 0.836066 0.747283 0.743552 0.635660 0.766522 0.682960 0.580392 0.609066 0.948627 0.980672 0.725757 0.631309 0.968663 0.945272 0.928857 0.981547 0.965652 0.776865 0.931704 0.951473 0.968029 0.979269 0.733886 0.929134 0.955150 0.971227 0.955165 0.999695 0.994228 0.972396 0.802881 0.844845 0.894798 0.953535 0.886321 0.890612 0.943242 0.996140
0.643861 0.584231 0.849657 0.733970 0.764856 0.897635 0.715824 0.899833 0.972077 0.778756 0.863429 0.729258 0.919091 0.650798 0.907105 0.753189 0.873567 0.775569 0.831720 0.580401 0.886791 0.895671 0.902835 0.689393 0.592452 0.624061 0.717788 0.869306 0.912542 0.938158 0.960480 0.819891 0.949941 0.921822 0.962169 0.869634 0.613670 0.000000 0.678009 0.693184 0.756471 0.617020 0.861565 0.982335 0.753146 0.804307 0.991863 0.931994 0.894448 0.879891 0.850625 0.817585 0.891054 0.814469 0.885919 0.878969 0.584182 0.641291 0.742408 0.832048 0.766658 0.938582 0.867237 0.981144 0.733685 0.925918 0.659633 0.677198 0.630533 0.654918 0.981283 0.895223 0.838444 0.927003 0.911077 0.916496 0.948508 0.998634 0.819388 0.926818 0.718055 0.571228 0.657369 0.495650 0.627787 0.641349 0.949435 0.866861 0.767255 0.583078 0.896538 0.807715 0.855877 0.896297 0.987934 0.930085 0.991967 0.977488 0.811925 0.795719 0.754999 0.826300 0.951042 0.952021 0.885426 0.981176 0.972970 0.936948 0.917815 0.911578 0.922001 0.869064 0.838303 0.824199 0.829468 0.923887
