0.000000 0.160898 0.290194 0.308472 0.639523 0.616622 0.255375 0.224004 0.411928 0.337291 0.147048 0.145952 0.136574 0.243353 0.225165 0.267096 0.166409 0.154281 0.158913 0.172732 0.505269 0.885145 0.330607 0.521616 0.594070 0.658852 0.992531 0.835425 0.222159 0.203834 0.252524 0.408585 0.155451 0.169049 0.494871 0.633339 0.312311 0.395711 0.707850 0.684024 0.624837 0.545341 0.275637 0.234511 0.256067 0.225044 0.264217 0.284903 0.766664 0.390282 0.498500 0.392730 0.590951 0.628748 0.497513 0.512895 0.182636 0.161648 0.194585 0.221326 0.123980 0.209207 0.122959 0.134397 0.352831 0.302011 0.286287 0.310000 0.254380 0.210762 0.278085 0.237568 0.419759 0.422647 0.607305 0.583090 0.381251 0.317449 0.232021 0.242278 0.154599 0.210320 0.456166 0.345933 0.256712 0.424396 0.990761 0.778064 0.462064 0.524894 0.636617 0.723881 0.645153 0.765840 0.557967 0.562438 0.401958 0.587258 0.252162 0.270932 0.603235 0.639407 0.290995 0.342508 0.329250 0.284078 0.611540 0.706677 0.670019 0.473940 0.679119 0.406891 0.391716 0.537550 0.431116 0.954484
0.160898 0.000000 0.427184 0.384051 0.613854 0.642994 0.362169 0.266652 0.440966 0.391442 0.211371 0.134697 0.152196 0.169026 0.195881 0.210488 0.160161 0.123878 0.178870 0.163597 0.491026 0.889563 0.310250 0.449451 0.522659 0.724773 0.966093 0.860221 0.187617 0.190428 0.299785 0.420622 0.221212 0.226965 0.593215 0.664104 0.336552 0.424254 0.778005 0.713652 0.601021 0.524911 0.280941 0.235126 0.282961 0.267250 0.295319 0.293770 0.777369 0.456191 0.586495 0.480784 0.688498 0.766641 0.625371 0.654064 0.110502 0.106105 0.289161 0.305444 0.205346 0.248415 0.145483 0.128321 0.457606 0.410490 0.420055 0.404190 0.300537 0.288972 0.231663 0.244587 0.502375 0.528760 0.687776 0.622782 0.314389 0.309518 0.294044 0.231680 0.166328 0.219318 0.372245 0.334640 0.304927 0.407594 0.960899 0.804152 0.559990 0.578526 0.712113 0.764302 0.722108 0.854312 0.558442 0.557997 0.430539 0.565918 0.300622 0.269804 0.652075 0.789889 0.322677 0.325250 0.358857 0.297772 0.699657 0.716492 0.639520 0.497892 0.611943 0.415254 0.465353 0.482195 0.449305 0.872041
0.290194 0.427184 0.000000 0.133199 0.649002 0.572556 0.124874 0.183477 0.428949 0.287210 0.320743 0.334624 0.302033 0.422852 0.361806 0.347449 0.350073 0.333398 0.234843 0.300324 0.489853 0.788100 0.244582 0.459575 0.489938 0.387665 0.902751 0.837654 0.401166 0.286289 0.220018 0.357845 0.202115 0.207872 0.387124 0.521619 0.306159 0.410380 0.590705 0.641470 0.713365 0.648317 0.234326 0.247360 0.412423 0.367326 0.330149 0.286705 0.981545 0.537195 0.646928 0.553967 0.622332 0.510459 0.523431 0.574415 0.440517 0.424348 0.266107 0.354191 0.217570 0.326955 0.268764 0.314268 0.161227 0.167305 0.155560 0.196326 0.443571 0.274355 0.334634 0.366270 0.445982 0.459147 0.439283 0.750002 0.427363 0.449219 0.288356 0.437429 0.289745 0.267959 0.537201 0.359603 0.257754 0.375613 0.880283 0.933117 0.440350 0.483481 0.549779 0.596279 0.551460 0.658944 0.593937 0.547698 0.475505 0.612297 0.386780 0.308025 0.585631 0.454124 0.396870 0.312508 0.348053 0.344962 0.691239 0.739760 0.657290 0.462604 0.653255 0.543295 0.417936 0.568517 0.509311 0.948676
0.308472 0.384051 0.133199 0.000000 0.677163 0.525008 0.154279 0.145264 0.465398 0.237554 0.368428 0.280089 0.276278 0.320798 0.290494 0.259054 0.342592 0.300331 0.218505 0.267999 0.434043 0.769355 0.176202 0.328756 0.404331 0.377787 0.920961 0.917702 0.347146 0.238613 0.191382 0.293089 0.187857 0.200160 0.397019 0.518317 0.264712 0.402703 0.522129 0.619930 0.727527 0.562481 0.217771 0.256382 0.430931 0.382089 0.342196 0.251398 0.970226 0.533411 0.683715 0.568898 0.623963 0.514415 0.528181 0.604906 0.427411 0.396599 0.323096 0.396829 0.254478 0.307988 0.255488 0.271507 0.186858 0.176788 0.200984 0.225891 0.493151 0.281570 0.288669 0.348570 0.482008 0.541770 0.451257 0.708082 0.371558 0.412659 0.275906 0.420688 0.238797 0.205763 0.439178 0.268541 0.232908 0.290378 0.823202 0.955518 0.444238 0.439893 0.552201 0.578056 0.539433 0.686516 0.576728 0.482383 0.486240 0.595128 0.390108 0.261764 0.567689 0.477866 0.361835 0.309260 0.331820 0.310011 0.743987 0.723285 0.632182 0.435234 0.628371 0.500634 0.427734 0.511258 0.550523 0.967473
0.639523 0.613854 0.649002 0.677163 0.000000 0.815289 0.613011 0.618174 0.723061 0.705600 0.694438 0.673418 0.631087 0.722725 0.661965 0.694744 0.709349 0.657742 0.554644 0.681237 0.719003 0.847554 0.681689 0.763606 0.872570 0.983430 0.985295 0.699380 0.675642 0.711821 0.783530 0.875693 0.622965 0.644998 0.775911 0.756798 0.691983 0.636334 0.915715 0.736495 0.892168 0.590464 0.578709 0.574105 0.571598 0.649073 0.726779 0.633174 0.900609 0.754804 0.796831 0.757283 0.883177 0.788374 0.906039 0.899338 0.622080 0.678142 0.666244 0.681185 0.595057 0.644733 0.628286 0.648115 0.636925 0.642433 0.645915 0.612010 0.682971 0.715387 0.631053 0.644199 0.878876 0.897821 0.896690 0.996931 0.708382 0.737171 0.762362 0.829985 0.695055 0.713536 0.765307 0.715713 0.682870 0.687289 0.968605 0.980311 0.927232 0.881474 0.676911 0.671137 0.723845 0.688861 0.923923 0.850679 0.740128 0.837746 0.585599 0.553453 0.787012 0.641548 0.563039 0.623870 0.501633 0.651898 0.715631 0.795244 0.842332 0.939958 0.690882 0.690868 0.708363 0.856112 0.681747 0.798457
0.616622 0.642994 0.572556 0.525008 0.815289 0.000000 0.502806 0.472689 0.576289 0.479201 0.658408 0.604558 0.608174 0.688612 0.655574 0.628927 0.684169 0.654217 0.592473 0.588134 0.702950 0.823713 0.565484 0.768362 0.770480 0.584679 0.983048 0.821180 0.689099 0.689050 0.587981 0.643592 0.588815 0.599389 0.615953 0.779788 0.539161 0.890707 0.779476 0.925262 0.894087 0.680672 0.521334 0.621935 0.577042 0.618958 0.569989 0.635504 0.998352 0.838145 0.797225 0.764148 0.793273 0.794846 0.752085 0.687155 0.707711 0.712201 0.661476 0.718589 0.605067 0.644137 0.603832 0.623370 0.614883 0.567904 0.526215 0.499250 0.791314 0.716466 0.490589 0.573513 0.785650 0.846288 0.820298 0.818124 0.654396 0.657176 0.668546 0.738943 0.563654 0.589896 0.866704 0.665842 0.609161 0.719564 0.914478 0.735870 0.798827 0.760559 0.447256 0.499701 0.401770 0.615025 0.764818 0.777575 0.561644 0.831482 0.465405 0.477734 0.557706 0.509396 0.621719 0.585398 0.643981 0.552237 0.875771 0.652884 0.844747 0.754921 0.754307 0.561684 0.628958 0.800908 0.689700 0.875248
0.255375 0.362169 0.124874 0.154279 0.613011 0.502806 0.000000 0.137058 0.400841 0.219954 0.302239 0.300645 0.278379 0.389515 0.344906 0.335474 0.309249 0.280297 0.179915 0.269890 0.488262 0.843399 0.248952 0.491569 0.547859 0.488561 0.982912 0.762201 0.364489 0.272597 0.234363 0.364056 0.185708 0.182186 0.403975 0.559870 0.321150 0.433576 0.575275 0.652070 0.701548 0.566170 0.182268 0.191266 0.307864 0.279155 0.301964 0.240946 0.990331 0.548039 0.620576 0.525924 0.608803 0.497179 0.513717 0.620332 0.362768 0.368353 0.238182 0.332797 0.176773 0.296750 0.225727 0.272186 0.209567 0.163180 0.145136 0.147319 0.421849 0.295534 0.278888 0.274266 0.417156 0.438377 0.493108 0.725829 0.405064 0.382702 0.298572 0.394004 0.231972 0.237106 0.544905 0.367069 0.275948 0.415229 0.923083 0.827487 0.429600 0.564372 0.498231 0.524247 0.488094 0.613759 0.619857 0.508005 0.403008 0.585356 0.283094 0.227383 0.534109 0.390736 0.352496 0.288107 0.311158 0.304279 0.682675 0.664564 0.574674 0.426249 0.575763 0.434362 0.343242 0.506913 0.480916 0.895588
0.224004 0.266652 0.183477 0.145264 0.618174 0.472689 0.137058 0.000000 0.358037 0.179695 0.302317 0.199238 0.196884 0.246470 0.244750 0.225037 0.255824 0.220101 0.178172 0.211461 0.440276 0.805077 0.204484 0.399068 0.492398 0.496348 0.961588 0.858359 0.265379 0.215732 0.213880 0.339652 0.161767 0.167614 0.374525 0.526267 0.292063 0.398777 0.626718 0.652042 0.642761 0.521984 0.176976 0.201278 0.264724 0.255397 0.288114 0.237444 0.903897 0.467266 0.548502 0.429002 0.545942 0.498925 0.513473 0.611532 0.318672 0.292450 0.264492 0.305440 0.176587 0.202333 0.189955 0.176109 0.260017 0.194087 0.187740 0.206380 0.420185 0.257885 0.252225 0.279969 0.434282 0.499742 0.537394 0.659568 0.318439 0.302183 0.246193 0.360308 0.173121 0.183927 0.424738 0.291145 0.238375 0.346127 0.977448 0.836152 0.468747 0.461302 0.431437 0.478263 0.429214 0.605870 0.509307 0.430094 0.354105 0.542736 0.230486 0.164631 0.431671 0.442290 0.281772 0.251453 0.264429 0.262855 0.654807 0.593037 0.567438 0.416967 0.567113 0.390246 0.345368 0.463517 0.478015 0.925904
0.411928 0.440966 0.428949 0.465398 0.723061 0.576289 0.400841 0.358037 0.000000 0.338143 0.411889 0.397429 0.420095 0.518148 0.500388 0.495160 0.443599 0.444647 0.436704 0.399658 0.736759 0.964863 0.527808 0.750573 0.726007 0.741786 0.854309 0.848030 0.460548 0.470936 0.479399 0.608454 0.400576 0.438660 0.551536 0.697477 0.572901 0.650775 0.907104 0.749874 0.726163 0.797281 0.451001 0.460484 0.426997 0.436417 0.458394 0.511824 0.939784 0.631278 0.682127 0.593489 0.716263 0.704435 0.700697 0.646942 0.477975 0.456395 0.447359 0.439238 0.372922 0.370567 0.453809 0.437227 0.500575 0.433099 0.462322 0.438537 0.443286 0.459889 0.463487 0.502391 0.434659 0.449600 0.816910 0.669490 0.484759 0.471411 0.557511 0.510019 0.449132 0.486439 0.755727 0.641749 0.562920 0.730543 0.889587 0.596950 0.658481 0.749098 0.546458 0.534914 0.549457 0.560177 0.650464 0.623560 0.600701 0.793091 0.350262 0.375666 0.595795 0.577612 0.556374 0.401649 0.460866 0.557215 0.757278 0.689301 0.768819 0.598517 0.549749 0.534591 0.483489 0.634925 0.556827 0.818045
0.337291 0.391442 0.287210 0.237554 0.705600 0.479201 0.219954 0.179695 0.338143 0.000000 0.368722 0.316476 0.336767 0.392807 0.353281 0.350047 0.342412 0.325900 0.281865 0.316045 0.537503 0.798757 0.317198 0.558558 0.594410 0.531389 0.912566 0.839699 0.398721 0.313582 0.327734 0.439730 0.283659 0.282531 0.390894 0.578348 0.386712 0.508213 0.708387 0.670175 0.748942 0.551564 0.298890 0.327035 0.380576 0.395311 0.449171 0.361024 0.967749 0.611681 0.674216 0.557999 0.646074 0.591643 0.622371 0.650593 0.427922 0.438838 0.421658 0.461692 0.302117 0.317777 0.340223 0.323165 0.335724 0.265079 0.298126 0.324082 0.443922 0.402301 0.305196 0.364386 0.362813 0.447763 0.594151 0.550183 0.378797 0.314494 0.385311 0.457041 0.274805 0.293447 0.549212 0.408629 0.419742 0.547592 0.932814 0.726213 0.620384 0.645115 0.423444 0.425043 0.406740 0.515342 0.623780 0.420702 0.453038 0.647422 0.244097 0.230529 0.547857 0.481238 0.423880 0.309898 0.387917 0.387789 0.653222 0.607173 0.693756 0.488442 0.577889 0.451651 0.398637 0.519708 0.553118 0.957892
0.147048 0.211371 0.320743 0.368428 0.694438 0.658408 0.302239 0.302317 0.411889 0.368722 0.000000 0.171748 0.185815 0.290555 0.266153 0.285871 0.173158 0.177158 0.197831 0.188326 0.539309 0.873489 0.383650 0.533551 0.628740 0.631638 0.993436 0.811623 0.243432 0.204761 0.300437 0.386445 0.210721 0.203734 0.561219 0.665926 0.384591 0.486919 0.785070 0.644283 0.596391 0.627084 0.341146 0.283213 0.394864 0.328861 0.333807 0.353859 0.944258 0.536550 0.649489 0.549483 0.693407 0.777153 0.600983 0.538665 0.204368 0.212640 0.255889 0.299482 0.166702 0.262907 0.176554 0.190644 0.403185 0.310349 0.343019 0.363828 0.230564 0.254628 0.329728 0.294683 0.360419 0.380976 0.691330 0.569415 0.400870 0.332190 0.256132 0.213295 0.196195 0.236070 0.514312 0.423794 0.358428 0.512402 0.973054 0.773199 0.482770 0.628219 0.740030 0.817736 0.760648 0.855188 0.660989 0.597262 0.453359 0.626030 0.315385 0.317240 0.661754 0.676929 0.345865 0.352331 0.395456 0.345178 0.684430 0.840120 0.713139 0.526396 0.741812 0.504828 0.490535 0.534086 0.438415 0.884679
0.145952 0.134697 0.334624 0.280089 0.673418 0.604558 0.300645 0.199238 0.397429 0.316476 0.171748 0.000000 0.118108 0.142174 0.140846 0.148240 0.140061 0.111110 0.157410 0.141377 0.487701 0.861839 0.254961 0.387067 0.499913 0.627588 0.991866 0.920480 0.143558 0.132537 0.237819 0.335800 0.148832 0.182966 0.552466 0.650004 0.293825 0.425607 0.733524 0.650032 0.573123 0.536857 0.272772 0.239511 0.330945 0.265536 0.286777 0.284170 0.825966 0.446661 0.584803 0.453085 0.625788 0.677714 0.573130 0.608038 0.169914 0.148727 0.275748 0.282091 0.164787 0.177349 0.124242 0.095254 0.396343 0.296823 0.360684 0.367601 0.302828 0.218587 0.253578 0.235510 0.431913 0.497829 0.645613 0.574809 0.304379 0.261422 0.215743 0.220880 0.129866 0.158314 0.338485 0.262994 0.256788 0.340536 0.960004 0.866226 0.468741 0.527325 0.679259 0.736304 0.684427 0.843628 0.526543 0.492964 0.439425 0.540865 0.280114 0.243449 0.599838 0.669673 0.291853 0.302934 0.308287 0.296850 0.684330 0.725121 0.654739 0.442095 0.687128 0.434047 0.431553 0.478050 0.462104 0.916915
0.136574 0.152196 0.302033 0.276278 0.631087 0.608174 0.278379 0.196884 0.420095 0.336767 0.185815 0.118108 0.000000 0.146517 0.129177 0.153314 0.171183 0.136028 0.170453 0.182407 0.450885 0.875175 0.233652 0.363096 0.493035 0.612707 0.988271 0.897026 0.176989 0.158306 0.226294 0.357431 0.163278 0.199419 0.542810 0.661983 0.269160 0.391650 0.709270 0.661114 0.598758 0.496662 0.245280 0.237228 0.312453 0.262861 0.256591 0.261174 0.816094 0.407885 0.550285 0.416330 0.628410 0.621851 0.569516 0.592901 0.191885 0.156468 0.258233 0.260974 0.151959 0.186712 0.114840 0.106969 0.352048 0.300828 0.349371 0.363503 0.349952 0.262972 0.270102 0.272558 0.460959 0.469932 0.629487 0.580118 0.362674 0.282490 0.204415 0.237256 0.141724 0.174587 0.358853 0.288799 0.208245 0.320907 0.995682 0.909831 0.450722 0.459719 0.666180 0.724131 0.671388 0.844053 0.484418 0.499895 0.383450 0.533482 0.289405 0.259592 0.633887 0.650244 0.276177 0.291456 0.303535 0.283448 0.639944 0.716192 0.621039 0.442563 0.692282 0.453143 0.426870 0.484894 0.439237 0.942220
0.243353 0.169026 0.422852 0.320798 0.722725 0.688612 0.389515 0.246470 0.518148 0.392807 0.290555 0.142174 0.146517 0.000000 0.135326 0.132657 0.209208 0.161536 0.229206 0.217019 0.447626 0.870017 0.231170 0.287968 0.438666 0.628383 0.988258 0.977056 0.163503 0.156466 0.244811 0.323254 0.207197 0.250731 0.562139 0.644146 0.325080 0.436071 0.725774 0.646955 0.644154 0.517678 0.295842 0.293843 0.392118 0.323141 0.305338 0.284569 0.805134 0.470320 0.607157 0.482337 0.617307 0.656470 0.605363 0.672810 0.219624 0.189659 0.346175 0.350411 0.248435 0.222346 0.172530 0.129551 0.434005 0.363989 0.443253 0.444498 0.414564 0.318594 0.317451 0.363565 0.515410 0.607405 0.722389 0.637400 0.326977 0.287423 0.247174 0.267925 0.176938 0.181804 0.250193 0.264413 0.236072 0.265157 0.948953 0.976941 0.503663 0.465669 0.768263 0.811139 0.774033 0.963664 0.499764 0.500929 0.443841 0.505244 0.397337 0.306513 0.659776 0.756509 0.285612 0.339991 0.364354 0.321907 0.708327 0.713380 0.639017 0.473211 0.699813 0.478282 0.518119 0.451077 0.527226 0.991799
0.225165 0.195881 0.361806 0.290494 0.661965 0.655574 0.344906 0.244750 0.500388 0.353281 0.266153 0.140846 0.129177 0.135326 0.000000 0.148865 0.215027 0.169433 0.212132 0.218910 0.396911 0.855094 0.218393 0.314467 0.416393 0.607130 0.910089 0.926764 0.192526 0.156469 0.243073 0.352884 0.209784 0.241196 0.586341 0.691454 0.269717 0.411483 0.708608 0.620427 0.655990 0.519107 0.288564 0.265322 0.395751 0.325497 0.312505 0.260582 0.833745 0.438787 0.621623 0.473991 0.656771 0.608816 0.591520 0.639589 0.237951 0.210059 0.354144 0.357243 0.234217 0.221857 0.173798 0.150437 0.359882 0.325779 0.429474 0.447511 0.430608 0.319200 0.305031 0.320319 0.486149 0.562295 0.701720 0.609572 0.337748 0.281575 0.222355 0.279792 0.177644 0.192972 0.331479 0.275013 0.224057 0.283692 0.866590 0.995173 0.473420 0.458606 0.706982 0.751942 0.727610 0.901824 0.496664 0.444318 0.449580 0.525422 0.353196 0.294196 0.712312 0.696602 0.314497 0.324775 0.339471 0.311061 0.658410 0.726457 0.637136 0.495259 0.706414 0.478916 0.469011 0.460172 0.519488 0.968946
0.267096 0.210488 0.347449 0.259054 0.694744 0.628927 0.335474 0.225037 0.495160 0.350047 0.285871 0.148240 0.153314 0.132657 0.148865 0.000000 0.197696 0.150405 0.202493 0.190119 0.450944 0.832953 0.169624 0.252985 0.433538 0.586398 0.943577 0.921972 0.163435 0.130384 0.244622 0.292056 0.202977 0.232094 0.586089 0.634094 0.271254 0.455121 0.667284 0.645491 0.636754 0.486901 0.254773 0.250149 0.443274 0.359936 0.327028 0.278311 0.940555 0.526192 0.694453 0.566985 0.700553 0.693358 0.692541 0.719403 0.230536 0.206731 0.371424 0.392795 0.248537 0.225033 0.178122 0.142248 0.378132 0.293727 0.400924 0.409647 0.430948 0.319020 0.271889 0.334060 0.512207 0.583341 0.667789 0.597162 0.319048 0.268593 0.229126 0.269088 0.165936 0.166860 0.270782 0.245124 0.247186 0.255436 0.924562 0.923968 0.521155 0.474036 0.731114 0.753324 0.748911 0.909103 0.514336 0.459384 0.499019 0.518343 0.406618 0.284154 0.679897 0.703589 0.287807 0.276886 0.336160 0.304685 0.740911 0.811176 0.643500 0.461337 0.704582 0.494969 0.497684 0.469767 0.520354 0.929779
0.166409 0.160161 0.350073 0.342592 0.709349 0.684169 0.309249 0.255824 0.443599 0.342412 0.173158 0.140061 0.171183 0.209208 0.215027 0.197696 0.000000 0.106850 0.166046 0.157416 0.508005 0.861737 0.304186 0.434889 0.513774 0.642293 0.967907 0.864758 0.160415 0.135401 0.252239 0.330364 0.187128 0.170106 0.564583 0.660024 0.347166 0.454425 0.740388 0.688400 0.557454 0.557291 0.302808 0.230820 0.370859 0.301935 0.310968 0.342739 0.921861 0.529478 0.689419 0.547962 0.730938 0.760455 0.655450 0.669495 0.151786 0.150719 0.287957 0.317120 0.189420 0.237743 0.147690 0.136901 0.412322 0.320469 0.380898 0.374959 0.263416 0.232986 0.279523 0.266653 0.393347 0.433020 0.666993 0.565444 0.346377 0.306549 0.220418 0.185117 0.132396 0.173420 0.389508 0.324185 0.327724 0.408761 0.986066 0.881378 0.498715 0.598712 0.771522 0.800442 0.767361 0.852284 0.538385 0.529487 0.458402 0.532201 0.369814 0.289938 0.729872 0.715958 0.359583 0.317666 0.378814 0.345561 0.686364 0.768789 0.682086 0.454016 0.651215 0.455564 0.490110 0.411270 0.524853 0.820158
0.154281 0.123878 0.333398 0.300331 0.657742 0.654217 0.280297 0.220101 0.444647 0.325900 0.177158 0.111110 0.136028 0.161536 0.169433 0.150405 0.106850 0.000000 0.133614 0.130150 0.481087 0.874142 0.250520 0.386255 0.508485 0.659111 0.976148 0.827345 0.140698 0.110261 0.253025 0.321457 0.157429 0.161688 0.544519 0.655533 0.299709 0.421786 0.730410 0.678188 0.610173 0.504393 0.254815 0.200932 0.340288 0.272150 0.303767 0.274095 0.905921 0.510477 0.658702 0.528907 0.683981 0.720323 0.609406 0.669326 0.116476 0.120935 0.282051 0.315232 0.170814 0.215862 0.114270 0.104651 0.387447 0.309138 0.363689 0.357935 0.267967 0.240423 0.238984 0.226276 0.411647 0.455887 0.626897 0.604409 0.318398 0.266617 0.196715 0.173308 0.104099 0.137022 0.320296 0.266110 0.266218 0.345834 0.949712 0.925731 0.494966 0.559877 0.725650 0.752384 0.725093 0.848049 0.550710 0.506073 0.437964 0.538002 0.321174 0.234373 0.678685 0.690584 0.296912 0.273413 0.321937 0.302106 0.685165 0.785286 0.660089 0.435290 0.654970 0.396652 0.446636 0.421995 0.465822 0.890729
0.158913 0.178870 0.234843 0.218505 0.554644 0.592473 0.179915 0.178172 0.436704 0.281865 0.197831 0.157410 0.170453 0.229206 0.212132 0.202493 0.166046 0.133614 0.000000 0.137042 0.473763 0.851232 0.212855 0.388902 0.486354 0.590285 0.987002 0.729280 0.201155 0.160503 0.219780 0.297296 0.140890 0.134474 0.477731 0.544281 0.288067 0.414748 0.609768 0.641471 0.685923 0.514035 0.196491 0.170505 0.321537 0.280702 0.273463 0.208268 0.953269 0.528993 0.672619 0.560271 0.704086 0.663250 0.601018 0.695061 0.178311 0.201628 0.241919 0.320223 0.144564 0.245002 0.119586 0.149010 0.294879 0.222102 0.258059 0.247496 0.318003 0.247549 0.191430 0.232930 0.437900 0.482319 0.590843 0.647689 0.335144 0.308798 0.236698 0.246245 0.132010 0.161636 0.360429 0.278763 0.242062 0.327224 0.911641 0.864325 0.485285 0.599540 0.665758 0.706653 0.669479 0.793845 0.602050 0.514464 0.412743 0.486693 0.294591 0.199164 0.656191 0.592408 0.288621 0.276187 0.311116 0.281044 0.680634 0.747968 0.617981 0.461619 0.604552 0.384226 0.448120 0.473664 0.407153 0.900172
0.172732 0.163597 0.300324 0.267999 0.681237 0.588134 0.269890 0.211461 0.399658 0.316045 0.188326 0.141377 0.182407 0.217019 0.218910 0.190119 0.157416 0.130150 0.137042 0.000000 0.477964 0.830374 0.253347 0.389870 0.491881 0.601716 0.969599 0.809982 0.193101 0.147204 0.242576 0.280392 0.176617 0.155831 0.535421 0.558902 0.294937 0.447205 0.714937 0.697284 0.602441 0.597486 0.254290 0.214453 0.377930 0.309780 0.320691 0.285500 0.972124 0.559463 0.712255 0.603609 0.731522 0.753874 0.634534 0.681590 0.175200 0.179227 0.293306 0.359430 0.195640 0.242400 0.150125 0.152688 0.381339 0.298486 0.325023 0.328225 0.284067 0.250274 0.216522 0.266742 0.395962 0.451476 0.638320 0.618725 0.343933 0.299850 0.223987 0.212597 0.143986 0.174152 0.397301 0.311411 0.310055 0.371824 0.890124 0.865093 0.520179 0.625840 0.706936 0.759945 0.717590 0.840512 0.556008 0.552410 0.498873 0.582797 0.338548 0.253937 0.658566 0.664389 0.336866 0.302384 0.372606 0.286216 0.731209 0.795125 0.654081 0.468215 0.624024 0.402229 0.494037 0.467749 0.429441 0.924336
0.505269 0.491026 0.489853 0.434043 0.719003 0.702950 0.488262 0.440276 0.736759 0.537503 0.539309 0.487701 0.450885 0.447626 0.396911 0.450944 0.508005 0.481087 0.473763 0.477964 0.000000 0.755498 0.440506 0.506227 0.455485 0.639994 0.986486 0.972358 0.538637 0.450696 0.469877 0.574620 0.459749 0.443858 0.678382 0.788381 0.467624 0.529947 0.716053 0.738223 0.775366 0.653433 0.462095 0.457174 0.589252 0.519600 0.496966 0.457829 0.877385 0.575512 0.700567 0.661098 0.813605 0.700531 0.558149 0.665302 0.540041 0.503255 0.512162 0.558466 0.479967 0.505221 0.444061 0.443592 0.488882 0.548022 0.521021 0.526465 0.666940 0.594018 0.533960 0.543436 0.628365 0.830278 0.750031 0.876672 0.551304 0.477866 0.474557 0.594702 0.459261 0.435532 0.595170 0.513946 0.430854 0.505034 0.986435 0.997777 0.708504 0.555956 0.715993 0.741467 0.695626 0.880955 0.714776 0.461355 0.660919 0.668592 0.588692 0.506832 0.810294 0.772353 0.442066 0.548168 0.525686 0.417719 0.751422 0.822200 0.538279 0.656418 0.715109 0.677094 0.602810 0.635937 0.652632 0.887086
0.885145 0.889563 0.788100 0.769355 0.847554 0.823713 0.843399 0.805077 0.964863 0.798757 0.873489 0.861839 0.875175 0.870017 0.855094 0.832953 0.861737 0.874142 0.851232 0.830374 0.755498 0.000000 0.809343 0.840873 0.841846 0.784838 0.744453 0.927471 0.845550 0.814690 0.782957 0.810926 0.858980 0.798766 0.888706 0.917320 0.837267 0.821725 0.846896 0.745000 0.873772 0.857323 0.794657 0.786547 0.929486 0.965139 0.920380 0.966173 0.973588 0.970800 0.969272 0.947506 0.948322 0.925715 0.886561 0.948752 0.928531 0.928511 0.888877 0.962285 0.926665 0.922477 0.889171 0.884180 0.843092 0.827169 0.860462 0.890118 0.872634 0.811897 0.768825 0.838942 0.820260 0.941796 0.836303 0.766469 0.871817 0.835010 0.806031 0.864928 0.871161 0.847775 0.860021 0.848636 0.913735 0.891559 0.961537 0.964895 0.918033 0.974529 0.975169 0.969584 0.969066 0.929312 0.887583 0.728308 0.960866 0.961677 0.885342 0.849247 0.912079 0.849486 0.878504 0.771558 0.821364 0.819863 0.930356 0.944246 0.913245 0.843625 0.909678 0.910989 0.918269 0.856622 0.889725 0.961097
0.330607 0.310250 0.244582 0.176202 0.681689 0.565484 0.248952 0.204484 0.527808 0.317198 0.383650 0.254961 0.233652 0.231170 0.218393 0.169624 0.304186 0.250520 0.212855 0.253347 0.440506 0.809343 0.000000 0.198895 0.361474 0.456045 0.877475 0.921097 0.287936 0.212891 0.187031 0.246482 0.219675 0.251253 0.521732 0.509022 0.246090 0.439488 0.600180 0.679515 0.735529 0.472900 0.233844 0.281118 0.478811 0.423703 0.365877 0.294946 0.953056 0.583640 0.759207 0.639186 0.694066 0.573061 0.672202 0.771600 0.346099 0.337175 0.425897 0.495421 0.298356 0.345009 0.232588 0.242361 0.236865 0.253290 0.341706 0.374737 0.553810 0.390750 0.226249 0.343387 0.552418 0.599985 0.602885 0.758196 0.348475 0.350870 0.298047 0.399055 0.224223 0.210443 0.332056 0.266450 0.189970 0.202404 0.803814 0.921347 0.487200 0.489576 0.654133 0.670406 0.650036 0.825639 0.557370 0.440800 0.507190 0.524540 0.442610 0.285741 0.683180 0.633732 0.390568 0.327362 0.399642 0.306241 0.781384 0.761205 0.636480 0.513486 0.700111 0.492896 0.469716 0.529543 0.527111 0.939996
0.521616 0.449451 0.459575 0.328756 0.763606 0.768362 0.491569 0.399068 0.750573 0.558558 0.533551 0.387067 0.363096 0.287968 0.314467 0.252985 0.434889 0.386255 0.388902 0.389870 0.506227 0.840873 0.198895 0.000000 0.309502 0.581505 0.909326 0.999377 0.364445 0.302801 0.354790 0.289939 0.388676 0.411959 0.691210 0.576120 0.367824 0.529234 0.667830 0.765820 0.801958 0.619298 0.423085 0.480402 0.737062 0.654274 0.534238 0.453570 0.862823 0.741446 0.924628 0.807629 0.836969 0.736894 0.837304 0.929358 0.472357 0.463743 0.643408 0.685773 0.507589 0.489539 0.381489 0.371499 0.428419 0.433836 0.578364 0.627231 0.708278 0.531593 0.416811 0.567472 0.670103 0.731878 0.729868 0.813500 0.493956 0.506922 0.394159 0.481111 0.365835 0.317195 0.342980 0.343462 0.324803 0.218753 0.789473 0.727471 0.566347 0.514710 0.884826 0.909267 0.888273 0.935453 0.656944 0.525025 0.682844 0.556456 0.684936 0.473889 0.783520 0.815617 0.537900 0.489748 0.517801 0.473223 0.951046 0.904489 0.676967 0.638179 0.788475 0.651112 0.704386 0.560049 0.723430 0.995832
0.594070 0.522659 0.489938 0.404331 0.872570 0.770480 0.547859 0.492398 0.726007 0.594410 0.628740 0.499913 0.493035 0.438666 0.416393 0.433538 0.513774 0.508485 0.486354 0.491881 0.455485 0.841846 0.361474 0.309502 0.000000 0.451475 0.707919 0.993492 0.483626 0.413693 0.390697 0.458882 0.496555 0.477054 0.635391 0.667920 0.426484 0.611384 0.574288 0.859067 0.769700 0.735191 0.491286 0.546478 0.725867 0.673660 0.520006 0.457572 0.960436 0.656280 0.900151 0.769071 0.913204 0.780078 0.749872 0.862015 0.568363 0.525763 0.636411 0.669466 0.588983 0.594762 0.502337 0.492917 0.451586 0.531900 0.589023 0.613795 0.716313 0.566099 0.539485 0.605636 0.590296 0.751265 0.680956 0.861615 0.559420 0.611880 0.489455 0.607750 0.482308 0.447729 0.523668 0.457740 0.442475 0.369116 0.840233 0.910899 0.709472 0.528413 0.889469 0.907499 0.823524 0.993721 0.676549 0.612992 0.731487 0.592368 0.717880 0.585316 0.835751 0.856594 0.682575 0.585616 0.607907 0.520008 0.911214 0.877658 0.699531 0.609399 0.680723 0.720522 0.749386 0.614268 0.740168 0.879247
0.658852 0.724773 0.387665 0.377787 0.983430 0.584679 0.488561 0.496348 0.741786 0.531389 0.631638 0.627588 0.612707 0.628383 0.607130 0.586398 0.642293 0.659111 0.590285 0.601716 0.639994 0.784838 0.456045 0.581505 0.451475 0.000000 0.662270 0.818186 0.659967 0.566732 0.403035 0.479369 0.528289 0.519933 0.456941 0.568909 0.525571 0.760042 0.616220 0.738462 0.893943 0.782682 0.544736 0.602890 0.770798 0.711385 0.538852 0.533593 0.880788 0.753255 0.902482 0.791057 0.801985 0.773018 0.676252 0.673429 0.777673 0.722298 0.580114 0.641503 0.589311 0.639305 0.602194 0.634607 0.400354 0.425166 0.460960 0.471841 0.746402 0.599345 0.658299 0.709504 0.646646 0.735262 0.533292 0.845421 0.683999 0.725531 0.568795 0.686776 0.561694 0.517356 0.686203 0.574343 0.487924 0.497220 0.892168 0.893668 0.583994 0.546278 0.839796 0.880668 0.771061 0.966444 0.647361 0.780820 0.680425 0.828574 0.765447 0.644222 0.842781 0.737940 0.709952 0.624039 0.784657 0.609465 0.774375 0.909921 0.878721 0.643175 0.928241 0.805082 0.758384 0.785196 0.648962 0.953659
0.992531 0.966093 0.902751 0.920961 0.985295 0.983048 0.982912 0.961588 0.854309 0.912566 0.993436 0.991866 0.988271 0.988258 0.910089 0.943577 0.967907 0.976148 0.987002 0.969599 0.986486 0.744453 0.877475 0.909326 0.707919 0.662270 0.000000 0.893202 0.964870 0.916991 0.821480 0.882882 0.994928 0.950505 0.920083 0.975988 0.928448 0.966312 0.959452 0.915154 0.975128 0.928767 0.906847 0.878390 0.984508 0.971639 0.957133 0.940821 0.983009 0.894715 0.926070 0.983181 0.947526 0.924362 0.980585 0.980565 0.956210 0.912669 0.996429 0.979990 0.946239 0.910336 0.999740 0.980905 0.841184 0.971799 0.999195 0.985671 0.988970 0.855242 0.981567 0.951758 0.963158 0.979500 0.840004 0.968421 0.925088 0.885711 0.903640 0.935433 0.992177 0.999450 0.934290 0.914313 0.935501 0.862664 0.878161 0.839235 0.902460 0.847485 0.811177 0.862134 0.815705 0.849816 0.905900 0.917660 0.916220 0.984033 0.862429 0.940391 0.908476 0.991095 0.897865 0.954718 0.846365 0.976150 0.967849 0.839425 0.915631 0.960307 0.941809 0.942360 0.962386 0.962725 0.979166 0.968120
0.835425 0.860221 0.837654 0.917702 0.699380 0.821180 0.762201 0.858359 0.848030 0.839699 0.811623 0.920480 0.897026 0.977056 0.926764 0.921972 0.864758 0.827345 0.729280 0.809982 0.972358 0.927471 0.921097 0.999377 0.993492 0.818186 0.893202 0.000000 0.890819 0.867239 0.975057 0.942628 0.886830 0.817185 0.908295 0.823376 0.930156 0.846700 0.790620 0.995357 0.885466 0.888730 0.787305 0.780554 0.845116 0.838211 0.999725 0.744671 0.846941 0.971443 0.971949 0.986804 0.980661 0.884703 0.966400 0.815232 0.788091 0.859681 0.895972 0.974244 0.792523 0.878081 0.864907 0.903064 0.880650 0.822007 0.816786 0.835252 0.860992 0.890924 0.835829 0.814578 0.704525 0.711157 0.999818 0.873356 0.890451 0.922977 0.892399 0.869363 0.880030 0.943389 0.955055 0.946643 0.954066 0.955087 0.865394 0.891063 0.990896 0.902057 0.882239 0.872357 0.940084 0.845130 0.965466 0.892139 0.948372 0.998460 0.791013 0.831476 0.870360 0.828405 0.852703 0.820977 0.809661 0.918774 0.921395 0.948916 0.912209 0.956651 0.695472 0.871669 0.918283 0.928289 0.813421 0.965436
0.222159 0.187617 0.401166 0.347146 0.675642 0.689099 0.364489 0.265379 0.460548 0.398721 0.243432 0.143558 0.176989 0.163503 0.192526 0.163435 0.160415 0.140698 0.201155 0.193101 0.538637 0.845550 0.287936 0.364445 0.483626 0.659967 0.964870 0.890819 0.000000 0.140572 0.271706 0.320559 0.193159 0.199518 0.567240 0.678303 0.375914 0.523707 0.712459 0.703587 0.648330 0.528729 0.304586 0.260500 0.415695 0.312858 0.290045 0.277130 0.889377 0.499989 0.658684 0.508967 0.644274 0.705383 0.602592 0.692645 0.188141 0.183435 0.317363 0.341551 0.217710 0.206990 0.158594 0.138773 0.442010 0.321590 0.399910 0.405973 0.315790 0.240584 0.346644 0.376440 0.449892 0.504505 0.674682 0.579405 0.381606 0.309055 0.218312 0.233730 0.146874 0.180929 0.315770 0.263778 0.289039 0.319045 0.998332 0.990499 0.539402 0.516463 0.805999 0.836603 0.804721 0.957871 0.514099 0.548395 0.505427 0.521535 0.415398 0.304100 0.679416 0.676928 0.334170 0.312316 0.351157 0.356533 0.754628 0.870706 0.729654 0.482139 0.621544 0.486143 0.522993 0.445165 0.540003 0.926823
0.203834 0.190428 0.286289 0.238613 0.711821 0.689050 0.272597 0.215732 0.470936 0.313582 0.204761 0.132537 0.158306 0.156466 0.156469 0.130384 0.135401 0.110261 0.160503 0.147204 0.450696 0.814690 0.212891 0.302801 0.413693 0.566732 0.916991 0.867239 0.140572 0.000000 0.210539 0.260225 0.163314 0.160874 0.534605 0.633604 0.278987 0.408186 0.710994 0.677558 0.604561 0.562538 0.236193 0.198270 0.415756 0.306334 0.308735 0.248212 0.962240 0.496926 0.676088 0.542222 0.655967 0.657823 0.622211 0.658675 0.184950 0.188626 0.312949 0.359764 0.193780 0.207302 0.147738 0.132296 0.331052 0.248241 0.353559 0.363781 0.317836 0.242680 0.285308 0.299219 0.360355 0.423367 0.580503 0.577207 0.348125 0.272517 0.176047 0.209802 0.130191 0.143848 0.299743 0.247814 0.263584 0.306713 0.882882 0.981394 0.464871 0.547076 0.771920 0.799157 0.791348 0.902816 0.555533 0.496280 0.508504 0.526316 0.393520 0.267537 0.694570 0.678425 0.343780 0.270099 0.336543 0.305794 0.710694 0.807673 0.650407 0.393759 0.647731 0.456155 0.466620 0.439081 0.510416 0.948818
0.252524 0.299785 0.220018 0.191382 0.783530 0.587981 0.234363 0.213880 0.479399 0.327734 0.300437 0.237819 0.226294 0.244811 0.243073 0.244622 0.252239 0.253025 0.219780 0.242576 0.469877 0.782957 0.187031 0.354790 0.390697 0.403035 0.821480 0.975057 0.271706 0.210539 0.000000 0.242557 0.176521 0.195841 0.452944 0.541496 0.279255 0.456516 0.564783 0.675561 0.683438 0.589624 0.246334 0.254695 0.411445 0.362029 0.319505 0.290679 0.971113 0.529242 0.687605 0.570208 0.637143 0.611526 0.543247 0.614369 0.319705 0.309582 0.297135 0.367281 0.232174 0.315954 0.211388 0.226304 0.277140 0.261914 0.270869 0.295989 0.440925 0.296039 0.297102 0.361063 0.473492 0.537005 0.547176 0.665146 0.414952 0.374758 0.272071 0.340374 0.217493 0.220262 0.381320 0.301293 0.239539 0.304713 0.873273 0.935711 0.373425 0.478193 0.729683 0.770952 0.717423 0.860756 0.532210 0.573620 0.399399 0.552593 0.437730 0.356251 0.676979 0.579975 0.421939 0.372629 0.453259 0.313787 0.663059 0.753441 0.696749 0.469175 0.636659 0.543856 0.463351 0.515596 0.537706 0.985274
0.408585 0.420622 0.357845 0.293089 0.875693 0.643592 0.364056 0.339652 0.608454 0.439730 0.386445 0.335800 0.357431 0.323254 0.352884 0.292056 0.330364 0.321457 0.297296 0.280392 0.574620 0.810926 0.246482 0.289939 0.458882 0.479369 0.882882 0.942628 0.320559 0.260225 0.242557 0.000000 0.301950 0.281337 0.621132 0.553740 0.440571 0.696989 0.698461 0.758274 0.796198 0.664693 0.383296 0.400294 0.638963 0.556403 0.500435 0.396266 0.774055 0.798589 0.941281 0.817633 0.792897 0.790367 0.738609 0.831582 0.411589 0.430813 0.484444 0.553266 0.385537 0.448244 0.308897 0.335796 0.428562 0.337424 0.420485 0.436669 0.538262 0.421041 0.409380 0.504449 0.556421 0.625555 0.640774 0.774786 0.508379 0.436406 0.300319 0.383413 0.271583 0.247067 0.408412 0.319902 0.364031 0.318275 0.849203 0.871903 0.478308 0.610368 0.906307 0.938993 0.867027 0.949263 0.679721 0.590121 0.607119 0.611695 0.647104 0.450721 0.780464 0.728585 0.544552 0.447086 0.578191 0.474244 0.807235 0.940142 0.771851 0.558017 0.733144 0.629452 0.720564 0.557786 0.593442 0.954361
0.155451 0.221212 0.202115 0.187857 0.622965 0.588815 0.185708 0.161767 0.400576 0.283659 0.210721 0.148832 0.163278 0.207197 0.209784 0.202977 0.187128 0.157429 0.140890 0.176617 0.459749 0.858980 0.219675 0.388676 0.496555 0.528289 0.994928 0.886830 0.193159 0.163314 0.176521 0.301950 0.000000 0.124035 0.416885 0.570542 0.270552 0.412150 0.632329 0.624953 0.648698 0.530750 0.239243 0.209738 0.327145 0.264885 0.289222 0.261586 0.908732 0.496310 0.625564 0.498622 0.632061 0.610813 0.494924 0.565021 0.238218 0.223816 0.217187 0.264273 0.134314 0.221012 0.130632 0.143056 0.270428 0.211055 0.225323 0.230441 0.320155 0.210984 0.246946 0.262630 0.442267 0.519646 0.541680 0.707102 0.324351 0.273174 0.208703 0.269307 0.136418 0.138719 0.374234 0.254643 0.211722 0.290643 0.896019 0.905884 0.418382 0.507088 0.626859 0.655486 0.612228 0.742420 0.535408 0.544297 0.448341 0.593417 0.314171 0.257593 0.617009 0.509413 0.290239 0.275122 0.303353 0.316990 0.680858 0.727485 0.708283 0.448524 0.627631 0.432909 0.427711 0.477794 0.479064 0.964108
0.169049 0.226965 0.207872 0.200160 0.644998 0.599389 0.182186 0.167614 0.438660 0.282531 0.203734 0.182966 0.199419 0.250731 0.241196 0.232094 0.170106 0.161688 0.134474 0.155831 0.443858 0.798766 0.251253 0.411959 0.477054 0.519933 0.950505 0.817185 0.199518 0.160874 0.195841 0.281337 0.124035 0.000000 0.383448 0.545521 0.295490 0.411519 0.598958 0.606935 0.656362 0.526109 0.230128 0.198445 0.345436 0.301183 0.299072 0.243228 0.977056 0.517948 0.678212 0.540684 0.649732 0.643962 0.510964 0.581399 0.231649 0.228863 0.222850 0.278127 0.150636 0.233816 0.136889 0.161329 0.271740 0.199298 0.197301 0.214626 0.302643 0.200183 0.264336 0.280775 0.404512 0.496854 0.586660 0.638734 0.355688 0.301192 0.187004 0.255318 0.123293 0.134945 0.391950 0.263511 0.244792 0.325680 0.937338 0.859017 0.437653 0.519388 0.633120 0.687584 0.633464 0.759327 0.554121 0.520960 0.429607 0.516970 0.331156 0.254257 0.620432 0.536755 0.296744 0.240692 0.312369 0.282915 0.689964 0.731432 0.694483 0.447783 0.587022 0.410362 0.414387 0.442326 0.463713 0.916373
0.494871 0.593215 0.387124 0.397019 0.775911 0.615953 0.403975 0.374525 0.551536 0.390894 0.561219 0.552466 0.542810 0.562139 0.586341 0.586089 0.564583 0.544519 0.477731 0.535421 0.678382 0.888706 0.521732 0.691210 0.635391 0.456941 0.920083 0.908295 0.567240 0.534605 0.452944 0.621132 0.416885 0.383448 0.000000 0.438858 0.507919 0.543930 0.585068 0.803156 0.912728 0.709677 0.475810 0.511669 0.510338 0.513867 0.580227 0.494591 0.985328 0.665619 0.719673 0.637740 0.631061 0.686094 0.545236 0.594274 0.610297 0.612774 0.436181 0.482781 0.426807 0.477243 0.481035 0.501880 0.386963 0.371466 0.314780 0.362158 0.582562 0.514005 0.585434 0.635998 0.593957 0.696867 0.687077 0.791158 0.570848 0.604641 0.551814 0.652633 0.448651 0.451034 0.586005 0.521427 0.469200 0.534634 0.934447 0.833635 0.668641 0.601968 0.566863 0.635958 0.548216 0.667976 0.696951 0.721022 0.519653 0.664187 0.491458 0.451518 0.590306 0.579852 0.472685 0.488758 0.535849 0.518560 0.679045 0.652601 0.892006 0.634712 0.673493 0.451614 0.586031 0.709753 0.618792 0.947886
0.633339 0.664104 0.521619 0.518317 0.756798 0.779788 0.559870 0.526267 0.697477 0.578348 0.665926 0.650004 0.661983 0.644146 0.691454 0.634094 0.660024 0.655533 0.544281 0.558902 0.788381 0.917320 0.509022 0.576120 0.667920 0.568909 0.975988 0.823376 0.678303 0.633604 0.541496 0.553740 0.570542 0.545521 0.438858 0.000000 0.621697 0.520643 0.649476 0.907899 0.886421 0.841128 0.542830 0.622477 0.662371 0.692811 0.710259 0.627522 0.988922 0.787268 0.805491 0.755376 0.756939 0.734213 0.861777 0.910964 0.664742 0.687556 0.663081 0.697488 0.579555 0.616635 0.606123 0.618765 0.524334 0.527352 0.495707 0.566172 0.730101 0.661836 0.536003 0.729525 0.755985 0.778737 0.816768 0.861936 0.688145 0.739462 0.721295 0.696319 0.616334 0.615435 0.604233 0.678290 0.557125 0.541317 0.819313 0.975188 0.741701 0.663684 0.770114 0.884013 0.783697 0.862844 0.910294 0.692577 0.688955 0.784032 0.691454 0.614329 0.630111 0.775065 0.650187 0.626856 0.715983 0.604432 0.607274 0.740596 0.860018 0.881094 0.746053 0.654604 0.773514 0.734775 0.606586 0.867887
0.312311 0.336552 0.306159 0.264712 0.691983 0.539161 0.321150 0.292063 0.572901 0.386712 0.384591 0.293825 0.269160 0.325080 0.269717 0.271254 0.347166 0.299709 0.288067 0.294937 0.467624 0.837267 0.246090 0.367824 0.426484 0.525571 0.928448 0.930156 0.375914 0.278987 0.279255 0.440571 0.270552 0.295490 0.507919 0.621697 0.000000 0.378651 0.672875 0.746453 0.628667 0.521143 0.318598 0.348281 0.468631 0.434628 0.428315 0.358689 0.931420 0.562090 0.700543 0.616190 0.786311 0.705729 0.638123 0.664255 0.354410 0.347658 0.413826 0.493010 0.310358 0.346361 0.268814 0.282083 0.327621 0.335702 0.377990 0.432366 0.529576 0.408439 0.271684 0.365260 0.611438 0.642320 0.617389 0.735591 0.394612 0.392186 0.320373 0.469364 0.291945 0.294253 0.422169 0.282242 0.262479 0.360198 0.771066 0.981703 0.556974 0.524737 0.627550 0.685253 0.634358 0.774745 0.528101 0.623052 0.461719 0.568661 0.405783 0.363495 0.702813 0.639312 0.395278 0.424984 0.366573 0.322270 0.768971 0.681317 0.648627 0.563385 0.677685 0.455033 0.483460 0.602935 0.473019 0.942126
0.395711 0.424254 0.410380 0.402703 0.636334 0.890707 0.433576 0.398777 0.650775 0.508213 0.486919 0.425607 0.391650 0.436071 0.411483 0.455121 0.454425 0.421786 0.414748 0.447205 0.529947 0.821725 0.439488 0.529234 0.611384 0.760042 0.966312 0.846700 0.523707 0.408186 0.456516 0.696989 0.412150 0.411519 0.543930 0.520643 0.378651 0.000000 0.676792 0.645324 0.699121 0.621529 0.341450 0.378379 0.427177 0.397003 0.497549 0.446698 0.672384 0.404399 0.492088 0.436239 0.589714 0.509564 0.620347 0.634589 0.445576 0.442221 0.446664 0.472432 0.373747 0.408281 0.386954 0.385786 0.379231 0.460985 0.448537 0.524684 0.574698 0.441367 0.428803 0.488952 0.637808 0.609709 0.745381 0.746508 0.477701 0.567085 0.482922 0.545147 0.449995 0.456013 0.476642 0.465284 0.388634 0.486039 0.906799 0.943301 0.527729 0.539500 0.649645 0.704801 0.732900 0.733106 0.657274 0.492383 0.558925 0.600733 0.452481 0.450168 0.642314 0.719962 0.425900 0.399583 0.433404 0.381922 0.597143 0.552177 0.560400 0.572929 0.685854 0.580591 0.482071 0.630892 0.520939 0.903327
