0.000000 0.346248 0.896197 0.814792 0.824788 0.949148 0.668359 0.602326 0.817520 0.649146 0.391376 0.367189 0.552051 0.577741 0.706939 0.612869 0.452816 0.452078 0.478602 0.486638 0.976758 0.945303 0.897259 0.970721 0.811380 0.776668 0.805778 0.747149 0.593968 0.543940 0.739627 0.836637 0.451907 0.514958 0.967570 0.916672 0.638659 0.607735 0.929959 0.893850 0.760113 0.814103 0.641909 0.528632 0.618991 0.575533 0.711306 0.696868 0.829338 0.875940 0.669869 0.831183 0.928329 0.992625 0.850985 0.847163 0.323316 0.340385 0.482738 0.591807 0.445875 0.573403 0.357377 0.357154 0.920319 0.838140 0.747941 0.732626 0.391221 0.559380 0.542168 0.490196 0.739715 0.709815 0.979885 0.858738 0.798608 0.633192 0.682271 0.588585 0.486946 0.583558 0.857303 0.730479 0.957429 0.955609 0.916509 0.899654 0.988352 0.902290 0.811969 0.876312 0.958608 0.904071 0.938070 0.947710 0.664500 0.801890 0.420939 0.632007 0.746831 0.785897 0.509670 0.550204 0.672046 0.707629 0.785706 0.883061 0.733509 0.801841 0.728439 0.740445 0.685028 0.870778 0.725351 0.982300
0.346248 0.000000 0.913292 0.885479 0.832131 0.957293 0.818980 0.545672 0.788026 0.578287 0.503105 0.284862 0.569559 0.438000 0.652395 0.469790 0.352871 0.326576 0.496089 0.405040 0.956540 0.935849 0.834363 0.856410 0.894709 0.697530 0.854525 0.813177 0.475834 0.438040 0.805343 0.820959 0.542720 0.571049 0.939849 0.894169 0.645094 0.620553 0.829959 0.890109 0.705760 0.683522 0.673069 0.550532 0.663797 0.632594 0.858079 0.765090 0.846006 0.934349 0.768866 0.882802 0.966483 0.859070 0.875868 0.965558 0.247906 0.239125 0.699487 0.714676 0.581329 0.522595 0.427811 0.284409 0.804789 0.904845 0.964753 0.873863 0.454123 0.609030 0.421105 0.442084 0.744031 0.738624 0.949592 0.859621 0.612215 0.515536 0.720716 0.576763 0.416204 0.545498 0.735292 0.664295 0.900791 0.955025 0.925491 0.847312 0.855269 0.856325 0.764562 0.759558 0.893029 0.826149 0.924662 0.852709 0.695983 0.780211 0.411827 0.533013 0.691191 0.930186 0.558130 0.525130 0.692724 0.719298 0.771912 0.834797 0.777926 0.830293 0.676014 0.686530 0.697024 0.735880 0.773198 0.896134
0.896197 0.913292 0.000000 0.392298 0.701142 0.883702 0.313879 0.638924 0.759993 0.781123 0.753615 0.988232 0.707559 0.993718 0.806787 0.813788 0.871258 0.878590 0.603655 0.890985 0.725949 0.767722 0.516644 0.742150 0.592533 0.532308 0.868406 0.902514 0.926794 0.761194 0.454954 0.666522 0.539616 0.503685 0.602763 0.800699 0.861540 0.878712 0.665338 0.832961 0.981292 0.970286 0.478685 0.535434 0.769228 0.811968 0.625056 0.558167 0.663327 0.959758 0.881510 0.917066 0.951495 0.921889 0.788796 0.938885 0.989146 0.924569 0.598295 0.894039 0.602159 0.953752 0.723161 0.996780 0.379727 0.482476 0.297846 0.412273 0.911131 0.770166 0.849392 0.922346 0.888528 0.927519 0.633559 0.925840 0.838201 0.922320 0.786817 0.827060 0.870232 0.723013 0.920685 0.890295 0.496155 0.619732 0.876635 0.913177 0.761016 0.930553 0.909838 0.873351 0.891934 0.780701 0.992237 0.806786 0.883771 0.976136 0.942062 0.781006 0.950496 0.666519 0.826760 0.824652 0.732483 0.598193 0.982019 0.968035 0.867478 0.739145 0.784684 0.993728 0.875989 0.971631 0.758620 0.893262
0.814792 0.885479 0.392298 0.000000 0.793946 0.790917 0.312496 0.379632 0.925241 0.500734 0.800506 0.771741 0.782726 0.797929 0.795636 0.593759 0.754192 0.741024 0.494912 0.684582 0.740959 0.778810 0.411533 0.507786 0.753945 0.677749 0.951393 0.846702 0.837054 0.603516 0.428725 0.523634 0.511429 0.456410 0.730978 0.873293 0.695334 0.764910 0.702309 0.828332 0.988776 0.877678 0.432088 0.498002 0.933132 0.894447 0.743118 0.548971 0.624676 0.825688 0.868193 0.798418 0.924080 0.793152 0.872122 0.922444 0.828531 0.915919 0.717274 0.978434 0.696828 0.892863 0.600396 0.773282 0.648890 0.544202 0.442298 0.521696 0.891207 0.696445 0.638761 0.723346 0.727781 0.827551 0.705312 0.947126 0.759973 0.877239 0.645315 0.790599 0.624578 0.517485 0.845664 0.632826 0.648882 0.566175 0.881291 0.866906 0.969425 0.949253 0.720768 0.641061 0.766203 0.746245 0.992424 0.764099 0.808302 0.883558 0.883634 0.575489 0.836825 0.516220 0.675305 0.596961 0.707002 0.605211 0.991301 0.943907 0.809173 0.694840 0.813073 0.812803 0.785507 0.843863 0.879058 0.994067
0.824788 0.832131 0.701142 0.793946 0.000000 0.912105 0.743627 0.811405 0.684634 0.936589 0.809969 0.828771 0.680588 0.913035 0.717456 0.915404 0.887867 0.820029 0.756198 0.912036 0.854929 0.827217 0.820169 0.989354 0.837142 0.948253 0.888370 0.853867 0.797939 0.855915 0.831391 0.943066 0.675323 0.701059 0.821337 0.913714 0.919308 0.916405 0.908118 0.778453 0.917699 0.827101 0.681347 0.631337 0.537304 0.654603 0.778857 0.672097 0.994866 0.861791 0.999352 0.910423 0.963311 0.934502 0.931396 0.902692 0.866974 0.909576 0.675682 0.718680 0.608755 0.784878 0.839441 0.891289 0.604213 0.578301 0.663339 0.583394 0.714708 0.907216 0.907903 0.962548 0.887610 0.784443 0.918372 0.849490 0.806081 0.875761 0.914378 0.953648 0.889464 0.903847 0.904139 0.907232 0.797974 0.748656 0.855955 0.943431 0.790419 0.903891 0.913007 0.917046 0.888070 0.817174 0.985891 0.960894 0.900141 0.938089 0.776472 0.739969 0.995247 0.843935 0.820768 0.981484 0.676587 0.727656 0.888987 0.970593 0.872773 0.991480 0.776918 0.810643 0.918106 0.825938 0.698232 0.674778
0.949148 0.957293 0.883702 0.790917 0.912105 0.000000 0.819272 0.748262 0.849506 0.754022 0.937180 0.881802 0.874012 0.977862 0.988632 0.830312 0.998310 0.988792 0.928629 0.949211 0.848095 0.766413 0.867933 0.978451 0.856019 0.748188 0.988027 0.694283 0.987237 0.975823 0.795970 0.963490 0.911737 0.800166 0.714543 0.878874 0.791501 0.853382 0.826488 0.993398 0.973027 0.878883 0.887652 0.893057 0.884620 0.825277 0.828329 0.963932 0.963300 0.967509 0.979103 0.984979 0.942554 0.888190 0.972976 0.955280 0.984874 0.995761 0.812216 0.913493 0.800480 0.827195 0.913321 0.902866 0.911989 0.779271 0.790703 0.731245 0.974984 0.984017 0.851881 0.960482 0.971120 0.845725 0.904894 0.968835 0.879069 0.966299 0.963733 0.976456 0.863032 0.845361 0.881649 0.988701 0.992875 0.921933 0.898982 0.788585 0.967474 0.988011 0.634883 0.674924 0.521204 0.749704 0.971928 0.987051 0.848018 0.860925 0.831620 0.820408 0.772238 0.725336 0.796901 0.905548 0.936241 0.639035 0.940749 0.907318 0.996424 0.985350 0.967762 0.721863 0.938030 0.974173 0.920521 0.720568
0.668359 0.818980 0.313879 0.312496 0.743627 0.819272 0.000000 0.371635 0.742990 0.518316 0.606321 0.741306 0.608004 0.713725 0.701233 0.582532 0.630041 0.630942 0.360090 0.641799 0.750713 0.847464 0.400257 0.589620 0.766628 0.756723 0.908221 0.735946 0.717301 0.557687 0.394191 0.512041 0.390487 0.358220 0.683314 0.819341 0.750783 0.817873 0.713771 0.849697 0.991857 0.856762 0.355356 0.424018 0.761781 0.748977 0.578830 0.477509 0.634489 0.847020 0.931356 0.871282 0.927186 0.792107 0.833668 0.955031 0.698955 0.815078 0.557841 0.868195 0.504087 0.873230 0.448240 0.690742 0.585353 0.501262 0.325435 0.420134 0.766823 0.693416 0.614315 0.655062 0.683789 0.736207 0.749324 0.897845 0.778787 0.730042 0.634026 0.670173 0.560637 0.483161 0.829632 0.730072 0.521539 0.584499 0.911684 0.915438 0.904421 0.971232 0.728701 0.666020 0.783541 0.735144 0.978053 0.756075 0.731961 0.888279 0.692571 0.518821 0.873231 0.453722 0.588545 0.557631 0.642548 0.564540 0.931135 0.891847 0.777486 0.656603 0.700628 0.775915 0.702236 0.889771 0.744235 0.896273
0.602326 0.545672 0.638924 0.379632 0.811405 0.748262 0.371635 0.000000 0.759063 0.326620 0.671252 0.479708 0.634374 0.508748 0.718666 0.410973 0.530313 0.508958 0.388807 0.490055 0.803863 0.778795 0.493733 0.578843 0.934333 0.931315 0.833331 0.781823 0.581752 0.455856 0.510697 0.525488 0.452552 0.408450 0.779339 0.820849 0.665790 0.749790 0.883140 0.868563 0.925304 0.724758 0.407374 0.408841 0.739655 0.688155 0.724338 0.547561 0.824033 0.868831 0.926229 0.980747 0.889315 0.842912 0.995374 0.849026 0.531622 0.587254 0.621611 0.784581 0.559712 0.598254 0.439746 0.434999 0.952152 0.612561 0.552268 0.559253 0.690125 0.586718 0.471069 0.553059 0.668753 0.743623 0.824267 0.916755 0.668297 0.597045 0.602256 0.694202 0.421786 0.421840 0.710825 0.562615 0.864158 0.704706 0.945376 0.961342 0.911734 0.961412 0.533178 0.516613 0.653302 0.713724 0.890876 0.719333 0.633925 0.773678 0.537775 0.368003 0.591036 0.500842 0.502813 0.398009 0.630151 0.590330 0.821702 0.766273 0.707388 0.661478 0.663535 0.668913 0.635654 0.770160 0.818353 0.911423
0.817520 0.788026 0.759993 0.925241 0.684634 0.849506 0.742990 0.759063 0.000000 0.754385 0.705044 0.844685 0.706834 0.896476 0.858342 0.833716 0.775319 0.801826 0.768998 0.782762 0.962865 0.876559 0.931357 0.896832 0.961679 0.963979 0.831254 0.910861 0.752168 0.813258 0.826053 0.956411 0.796662 0.731167 0.810643 0.965213 0.897985 0.916018 0.980637 0.856858 0.904556 0.992058 0.708416 0.677972 0.591953 0.654536 0.662218 0.752274 0.946388 0.931028 0.985805 0.951182 0.987027 0.838286 0.943502 0.950901 0.809679 0.840705 0.646395 0.726043 0.643214 0.800688 0.839427 0.827400 0.839045 0.761015 0.677644 0.659108 0.744172 0.888386 0.832019 0.918898 0.952068 0.972981 0.831441 0.921839 0.784252 0.836075 0.989393 0.841403 0.851759 0.917077 0.967644 0.938267 0.948231 0.841838 0.796656 0.663363 0.965184 0.835523 0.787333 0.819704 0.840499 0.743834 0.876206 0.909367 0.896404 0.890772 0.703913 0.781310 0.917933 0.910945 0.808391 0.837454 0.767431 0.753650 0.943073 0.989385 0.929815 0.826877 0.726889 0.930352 0.904826 0.866728 0.788695 0.732378
0.649146 0.578287 0.781123 0.500734 0.936589 0.754022 0.518316 0.326620 0.754385 0.000000 0.708273 0.584606 0.791413 0.622757 0.811600 0.539177 0.586317 0.589064 0.473802 0.512069 0.827681 0.885058 0.597632 0.696336 0.991696 0.936381 0.786815 0.800170 0.706733 0.546753 0.586609 0.589405 0.617461 0.562889 0.782883 0.864253 0.704332 0.824914 0.949880 0.932601 0.981355 0.753358 0.542604 0.545646 0.851748 0.799954 0.809494 0.636893 0.815287 0.817752 0.995028 0.864533 0.971020 0.936292 0.892100 0.841324 0.562326 0.669897 0.788933 0.934079 0.721794 0.717559 0.572352 0.559162 0.936945 0.775548 0.685166 0.713559 0.724245 0.820724 0.442800 0.581500 0.611340 0.677919 0.874665 0.818081 0.725309 0.606889 0.705769 0.756810 0.476629 0.524122 0.811980 0.700171 0.990559 0.919716 0.933162 0.939966 0.728667 0.816060 0.513507 0.517331 0.597826 0.647777 0.928269 0.731221 0.650628 0.771124 0.556931 0.471765 0.697094 0.661998 0.615157 0.449628 0.831244 0.686485 0.841979 0.750538 0.807073 0.758434 0.728938 0.730415 0.754386 0.832515 0.857618 0.938529
0.391376 0.503105 0.753615 0.800506 0.809969 0.937180 0.606321 0.671252 0.705044 0.708273 0.000000 0.450488 0.455678 0.606302 0.649096 0.597403 0.434549 0.434073 0.458804 0.439344 0.866963 0.964983 0.856123 0.897099 0.889289 0.867707 0.831144 0.769976 0.562361 0.487841 0.757630 0.774454 0.520747 0.520515 0.995110 0.922128 0.814334 0.809880 0.986123 0.867240 0.786500 0.882190 0.642155 0.571266 0.741512 0.706157 0.678909 0.705195 0.913561 0.992652 0.938698 0.955545 0.963056 0.823437 0.978561 0.873180 0.427752 0.481826 0.574067 0.699812 0.472672 0.730543 0.409158 0.451420 0.957556 0.812669 0.675131 0.703822 0.461029 0.623287 0.592873 0.571839 0.680468 0.693766 0.973461 0.726965 0.771976 0.637348 0.581358 0.465062 0.505297 0.537942 0.866315 0.815436 0.876605 0.984003 0.800576 0.877541 0.918742 0.844150 0.877728 0.942356 0.980537 0.909460 0.889560 0.898881 0.704728 0.885405 0.474917 0.644902 0.820636 0.808461 0.535004 0.650850 0.640817 0.687577 0.853550 0.951596 0.791289 0.781476 0.851507 0.837514 0.848065 0.855086 0.643847 0.863328
0.367189 0.284862 0.988232 0.771741 0.828771 0.881802 0.741306 0.479708 0.844685 0.584606 0.450488 0.000000 0.502867 0.368883 0.564372 0.386870 0.348324 0.321755 0.459538 0.387231 0.939428 0.925849 0.782292 0.781552 0.889069 0.711480 0.826066 0.833797 0.430091 0.386061 0.784234 0.751964 0.493466 0.545090 0.852261 0.975893 0.636881 0.685974 0.845125 0.850508 0.672974 0.735170 0.648285 0.531817 0.741717 0.640311 0.799558 0.732078 0.906845 0.987279 0.794533 0.915569 0.969207 0.949347 0.915544 0.951920 0.301862 0.300776 0.684842 0.718514 0.564584 0.520463 0.364490 0.239912 0.781625 0.884014 0.898019 0.849535 0.525390 0.581396 0.474750 0.448134 0.705741 0.762698 0.956145 0.849269 0.614853 0.505827 0.582386 0.567894 0.374454 0.454062 0.678429 0.576171 0.979529 0.896547 0.919142 0.982693 0.947316 0.838192 0.750084 0.746137 0.892903 0.912675 0.942623 0.825378 0.688055 0.726581 0.432681 0.494173 0.666774 0.792207 0.511589 0.496884 0.602363 0.717146 0.815306 0.870384 0.724542 0.765674 0.772975 0.678898 0.711090 0.788127 0.794116 0.884039
0.552051 0.569559 0.707559 0.782726 0.680588 0.874012 0.608004 0.634374 0.706834 0.791413 0.455678 0.502867 0.000000 0.502256 0.373735 0.479670 0.552022 0.441078 0.554991 0.615648 0.750379 0.933920 0.677569 0.776655 0.962480 0.900149 0.975892 0.928169 0.529964 0.485973 0.710842 0.815817 0.483386 0.546453 0.950537 0.971600 0.731119 0.805238 0.959407 0.821169 0.839022 0.853820 0.566606 0.495839 0.588876 0.626603 0.671296 0.638987 0.929074 0.909638 0.923772 0.882381 0.967670 0.878331 0.993364 0.978091 0.540994 0.558386 0.618870 0.721335 0.445242 0.722183 0.440118 0.484662 0.754504 0.727934 0.696351 0.699551 0.696238 0.762769 0.676486 0.672273 0.882371 0.927035 0.966072 0.733158 0.811428 0.519420 0.603588 0.530179 0.563850 0.567317 0.767997 0.801287 0.699586 0.756379 0.915087 0.997108 0.755430 0.916986 0.959295 0.908311 0.959381 0.940515 0.915941 0.824577 0.767537 0.865857 0.585520 0.679586 0.913007 0.815110 0.582092 0.752588 0.566823 0.622840 0.876033 0.989294 0.755569 0.702947 0.856668 0.718330 0.799794 0.815360 0.693402 0.858243
0.577741 0.438000 0.993718 0.797929 0.913035 0.977862 0.713725 0.508748 0.896476 0.622757 0.606302 0.368883 0.502256 0.000000 0.443793 0.385826 0.408406 0.341790 0.480712 0.459548 0.880475 0.977199 0.636070 0.650914 0.922942 0.727168 0.865830 0.784194 0.461447 0.405097 0.753565 0.621243 0.543372 0.614805 0.864261 0.927601 0.809159 0.802298 0.842248 0.869123 0.918110 0.777198 0.584939 0.574376 0.786636 0.792012 0.806206 0.694677 0.931957 0.847053 0.938613 0.976187 0.942731 0.922410 0.906539 0.846021 0.392508 0.434757 0.866283 0.935409 0.756553 0.767456 0.401953 0.366812 0.878262 0.980047 0.945565 0.934006 0.715507 0.789456 0.570019 0.569451 0.697057 0.788052 0.943409 0.800924 0.641404 0.476263 0.585501 0.525001 0.409930 0.431843 0.542688 0.616452 0.811863 0.782718 0.975763 0.848557 0.985706 0.855156 0.836984 0.743506 0.978721 0.938244 0.992354 0.723672 0.760318 0.818829 0.525890 0.445018 0.777744 0.801014 0.528022 0.542890 0.716420 0.802377 0.871489 0.790232 0.761192 0.734635 0.782054 0.616875 0.775190 0.705443 0.823276 0.965390
0.706939 0.652395 0.806787 0.795636 0.717456 0.988632 0.701233 0.718666 0.858342 0.811600 0.649096 0.564372 0.373735 0.443793 0.000000 0.493723 0.566427 0.474320 0.579409 0.616138 0.648861 0.918390 0.606835 0.701322 0.883380 0.870481 0.936366 0.905027 0.516274 0.471652 0.746364 0.740041 0.571323 0.619948 0.930897 0.979474 0.779647 0.806357 0.845863 0.774980 0.921137 0.920575 0.601361 0.519758 0.731763 0.766127 0.714874 0.610357 0.879190 0.968598 0.943561 0.994030 0.976916 0.984707 0.996092 0.925523 0.602480 0.656624 0.850266 0.942019 0.693001 0.854800 0.537662 0.577886 0.744216 0.799944 0.846547 0.835153 0.820195 0.900560 0.719374 0.736597 0.872974 0.989752 0.938489 0.709745 0.759933 0.505313 0.584332 0.576575 0.573691 0.574041 0.687391 0.739275 0.630859 0.668884 0.898751 0.863505 0.802526 0.954826 0.992681 0.931977 0.935791 0.968038 0.964985 0.647535 0.889995 0.825021 0.674833 0.625027 0.920844 0.876482 0.689537 0.807339 0.661775 0.722267 0.980972 0.971547 0.733221 0.726734 0.817984 0.658638 0.849994 0.752235 0.807190 0.896605
0.612869 0.469790 0.813788 0.593759 0.915404 0.830312 0.582532 0.410973 0.833716 0.539177 0.597403 0.386870 0.479670 0.385826 0.493723 0.000000 0.426340 0.354012 0.444583 0.429411 0.797918 0.876427 0.483302 0.516142 0.934316 0.936937 0.888930 0.868132 0.450318 0.309745 0.677611 0.576066 0.500760 0.506066 0.974355 0.973515 0.666656 0.777587 0.948612 0.821390 0.813883 0.770907 0.505032 0.470162 0.839875 0.763255 0.730342 0.633504 0.838876 0.902372 0.996141 0.930887 0.969408 0.991392 0.877768 0.803173 0.442453 0.460557 0.785516 0.920246 0.645709 0.682680 0.407713 0.365809 0.985933 0.768381 0.815651 0.800744 0.731477 0.729743 0.472935 0.535635 0.703623 0.795717 0.964922 0.791793 0.600163 0.482566 0.555285 0.563219 0.397676 0.406033 0.624106 0.556693 0.785335 0.657575 0.956493 0.805437 0.963889 0.999503 0.764570 0.700181 0.875039 0.903584 0.911134 0.722793 0.784423 0.792683 0.582223 0.445856 0.812528 0.746740 0.516739 0.474957 0.571226 0.677574 0.976596 0.964340 0.793750 0.671548 0.829777 0.709081 0.691009 0.767530 0.809496 0.881594
0.452816 0.352871 0.871258 0.754192 0.887867 0.998310 0.630041 0.530313 0.775319 0.586317 0.434549 0.348324 0.552022 0.408406 0.566427 0.426340 0.000000 0.254537 0.374165 0.369017 0.869179 0.958424 0.666324 0.722415 0.994235 0.807148 0.871628 0.745452 0.395779 0.324912 0.676450 0.621335 0.452059 0.449781 0.956282 0.879221 0.704887 0.729416 0.888209 0.896644 0.729014 0.762375 0.564146 0.486481 0.773769 0.719789 0.714399 0.716769 0.913310 0.903060 0.981135 0.911522 0.878353 0.903934 0.901058 0.932169 0.267615 0.342495 0.737522 0.843491 0.615732 0.706068 0.346719 0.326049 0.951320 0.880746 0.795766 0.800347 0.521398 0.628650 0.435148 0.448645 0.677384 0.713489 0.962583 0.778265 0.662170 0.543991 0.545344 0.446478 0.327869 0.396385 0.637212 0.607848 0.846384 0.824288 0.954146 0.948650 0.965547 0.856462 0.831538 0.786573 0.938704 0.867642 0.876469 0.782375 0.700118 0.794955 0.553472 0.503778 0.827298 0.801972 0.549303 0.506484 0.674943 0.769578 0.829625 0.917361 0.814266 0.713034 0.687484 0.746366 0.690565 0.727347 0.776497 0.835810
0.452078 0.326576 0.878590 0.741024 0.820029 0.988792 0.630942 0.508958 0.801826 0.589064 0.434073 0.321755 0.441078 0.341790 0.474320 0.354012 0.254537 0.000000 0.350296 0.317199 0.854391 0.982838 0.615098 0.682625 0.980374 0.753694 0.913894 0.742215 0.342955 0.263088 0.706071 0.599048 0.428865 0.442386 0.940779 0.889040 0.675813 0.692912 0.851023 0.889660 0.768910 0.712863 0.534404 0.453567 0.755723 0.702725 0.756924 0.651653 0.887039 0.909172 0.993244 0.937546 0.905367 0.894005 0.926826 0.900820 0.256237 0.311592 0.753944 0.844676 0.581101 0.681604 0.315124 0.284802 0.997851 0.829154 0.805135 0.801542 0.509829 0.648315 0.437809 0.445420 0.696082 0.735214 0.946006 0.789768 0.637383 0.470395 0.488972 0.432211 0.273923 0.338656 0.539731 0.525156 0.797734 0.753285 0.964665 0.887681 0.996323 0.889047 0.866235 0.789567 0.976621 0.924676 0.941924 0.768171 0.698227 0.804283 0.525237 0.456246 0.800058 0.823618 0.504213 0.499601 0.638102 0.704924 0.834363 0.991572 0.789239 0.699126 0.691127 0.638587 0.724247 0.698527 0.742786 0.890022
0.478602 0.496089 0.603655 0.494912 0.756198 0.928629 0.360090 0.388807 0.768998 0.473802 0.458804 0.459538 0.554991 0.480712 0.579409 0.444583 0.374165 0.350296 0.000000 0.351349 0.852576 0.956031 0.442814 0.571131 0.918683 0.917823 0.849099 0.619991 0.476982 0.392519 0.556081 0.454587 0.354442 0.338096 0.892580 0.789535 0.698750 0.760224 0.956243 0.871621 0.909489 0.809766 0.431284 0.447345 0.800656 0.803594 0.672522 0.550247 0.712477 0.772282 0.921669 0.790783 0.911453 0.948083 0.989463 0.843430 0.389359 0.518253 0.693945 0.933545 0.564165 0.812387 0.288796 0.439078 0.838051 0.709692 0.562317 0.641611 0.593892 0.634867 0.388511 0.473013 0.640729 0.682262 0.859176 0.800232 0.661831 0.533097 0.534431 0.522069 0.339235 0.346268 0.611108 0.579529 0.618098 0.638661 0.894761 0.920313 0.917953 0.822940 0.707757 0.654324 0.833538 0.768639 0.961201 0.774409 0.662304 0.821767 0.516790 0.366592 0.840371 0.583866 0.471721 0.486190 0.646900 0.636017 0.879699 0.918809 0.773547 0.754980 0.681414 0.664653 0.717268 0.829931 0.696953 0.905434
0.486638 0.405040 0.890985 0.684582 0.912036 0.949211 0.641799 0.490055 0.782762 0.512069 0.439344 0.387231 0.615648 0.459548 0.616138 0.429411 0.369017 0.317199 0.351349 0.000000 0.888922 0.985223 0.669755 0.718765 0.861765 0.747832 0.882718 0.676679 0.466197 0.373100 0.749040 0.553012 0.548593 0.496534 0.877465 0.815819 0.683997 0.744972 0.868997 0.989026 0.797396 0.855293 0.580549 0.533693 0.927136 0.853832 0.858348 0.722947 0.804850 0.778564 0.911420 0.772104 0.845687 0.938556 0.859628 0.828084 0.354653 0.421046 0.829074 0.951657 0.697536 0.738597 0.386758 0.369346 0.886869 0.902730 0.814195 0.837429 0.517826 0.627709 0.384801 0.478701 0.626299 0.657840 0.997468 0.761426 0.703135 0.566078 0.515164 0.531317 0.353576 0.423977 0.678385 0.562932 0.963910 0.883798 0.958428 0.984376 0.809939 0.767859 0.751780 0.726194 0.927251 0.872175 0.960572 0.870810 0.761707 0.856454 0.554409 0.471559 0.795491 0.740307 0.535764 0.483917 0.746372 0.716427 0.894357 0.959392 0.791395 0.791554 0.756211 0.698199 0.799432 0.708967 0.767103 0.958156
0.976758 0.956540 0.725949 0.740959 0.854929 0.848095 0.750713 0.803863 0.962865 0.827681 0.866963 0.939428 0.750379 0.880475 0.648861 0.797918 0.869179 0.854391 0.852576 0.888922 0.000000 0.770909 0.738131 0.819142 0.713239 0.801097 0.830979 0.995667 0.946256 0.743926 0.770847 0.810445 0.783747 0.782746 0.976821 0.999763 0.871044 0.937846 0.964732 0.968166 0.931299 0.916587 0.760258 0.713959 0.917075 0.910774 0.854084 0.771544 0.866198 0.942404 0.964279 0.986777 0.942998 0.983316 0.798006 0.884807 0.964918 0.974921 0.900106 0.990258 0.819213 0.983620 0.876344 0.919116 0.706932 0.787760 0.803974 0.793520 0.980452 0.940717 0.906460 0.925693 0.949729 0.838990 0.862902 0.969416 0.984678 0.821040 0.859007 0.872387 0.883695 0.835860 0.997117 0.932575 0.817001 0.803513 0.957415 0.940821 0.897426 0.969566 0.973716 0.935990 0.910684 0.917961 0.946193 0.679125 0.824929 0.926189 0.992317 0.903415 0.965509 0.987904 0.837116 0.985390 0.870541 0.713220 0.993636 0.976932 0.784079 0.906053 0.907034 0.947657 0.919363 0.957732 0.897917 0.949125
0.945303 0.935849 0.767722 0.778810 0.827217 0.766413 0.847464 0.778795 0.876559 0.885058 0.964983 0.925849 0.933920 0.977199 0.918390 0.876427 0.958424 0.982838 0.956031 0.985223 0.770909 0.000000 0.833267 0.934241 0.744989 0.727612 0.758043 0.940601 0.921926 0.880721 0.766960 0.947340 0.889527 0.806991 0.888268 0.933707 0.927077 0.916984 0.908782 0.808011 0.991813 0.869199 0.792091 0.761983 0.765265 0.833413 0.868214 0.956606 0.932217 0.847774 0.938838 0.836127 0.874403 0.908136 0.852522 0.777683 0.988929 0.976085 0.838411 0.922224 0.932549 0.927040 0.975814 0.973268 0.824544 0.807697 0.794178 0.818304 0.895353 0.839766 0.843907 0.946210 0.961600 0.884271 0.747497 0.994612 0.858386 0.899249 0.858892 0.950792 0.948075 0.958319 0.912121 0.976337 0.944289 0.946570 0.963217 0.958669 0.850435 0.941971 0.802168 0.858937 0.809360 0.840861 0.843782 0.742093 0.977510 0.990365 0.832157 0.813415 0.882731 0.859492 0.919775 0.856782 0.859747 0.792539 0.990146 0.911334 0.952757 0.916009 0.808612 0.983059 0.913743 0.965764 0.928293 0.783221
0.897259 0.834363 0.516644 0.411533 0.820169 0.867933 0.400257 0.493733 0.931357 0.597632 0.856123 0.782292 0.677569 0.636070 0.606835 0.483302 0.666324 0.615098 0.442814 0.669755 0.738131 0.833267 0.000000 0.350671 0.684869 0.834150 0.955766 0.801552 0.733468 0.558246 0.479434 0.451425 0.531920 0.567549 0.897845 0.807311 0.756429 0.869840 0.829638 0.920961 0.932331 0.775859 0.449682 0.554116 0.911833 0.965696 0.795181 0.666364 0.560418 0.753003 0.741565 0.724980 0.933722 0.846818 0.941158 0.762102 0.744387 0.864517 0.974499 0.779526 0.826295 0.932071 0.602493 0.781759 0.598614 0.660071 0.642417 0.734831 0.969298 0.929676 0.504508 0.637863 0.831518 0.872876 0.794038 0.950548 0.694511 0.677853 0.743959 0.716030 0.616039 0.541236 0.690340 0.711573 0.471832 0.434650 0.737250 0.783668 0.965492 0.912854 0.794667 0.636581 0.838865 0.781493 0.944226 0.609729 0.904595 0.909989 0.816735 0.498239 0.999826 0.667727 0.779591 0.692743 0.799958 0.658087 0.954737 0.980814 0.876798 0.746240 0.810323 0.761516 0.753535 0.886655 0.853870 0.923785
0.970721 0.856410 0.742150 0.507786 0.989354 0.978451 0.589620 0.578843 0.896832 0.696336 0.897099 0.781552 0.776655 0.650914 0.701322 0.516142 0.722415 0.682625 0.571131 0.718765 0.819142 0.934241 0.350671 0.000000 0.729362 0.996002 0.954784 0.821587 0.745230 0.595812 0.681074 0.482014 0.711035 0.719202 0.952269 0.935524 0.810385 0.888007 0.866505 0.948855 0.919272 0.892995 0.669675 0.763719 0.851809 0.846219 0.978742 0.834140 0.569175 0.673545 0.718297 0.684682 0.952888 0.845859 0.859611 0.651740 0.770704 0.860714 0.845290 0.672631 0.993912 0.938049 0.681015 0.785180 0.870620 0.873313 0.884335 0.979425 0.939995 0.879209 0.619720 0.697545 0.724477 0.755024 0.899260 0.921954 0.766848 0.833135 0.733317 0.720925 0.657488 0.557866 0.758720 0.712262 0.643896 0.502102 0.841987 0.741899 0.963246 0.982318 0.863046 0.719416 0.922192 0.902741 0.853422 0.677295 0.963557 0.954558 0.913602 0.598604 0.920947 0.713905 0.845802 0.717803 0.789426 0.824581 0.844758 0.985769 0.927387 0.897983 0.955895 0.863816 0.855779 0.845480 0.894467 0.964822
0.811380 0.894709 0.592533 0.753945 0.837142 0.856019 0.766628 0.934333 0.961679 0.991696 0.889289 0.889069 0.962480 0.922942 0.883380 0.934316 0.994235 0.980374 0.918683 0.861765 0.713239 0.744989 0.684869 0.729362 0.000000 0.590615 0.736774 0.891367 0.990742 0.884015 0.739624 0.882036 0.920090 0.816952 0.771648 0.945518 0.976649 0.972795 0.754589 0.940304 0.984063 0.949894 0.817441 0.873556 0.988558 0.986341 0.866086 0.789370 0.758257 0.976006 0.821296 0.980659 0.923796 0.931167 0.994317 0.913385 0.895451 0.838604 0.968148 0.801370 0.977738 0.822887 0.973170 0.839136 0.574931 0.760784 0.777715 0.837714 0.891471 0.986026 0.987660 0.915926 0.929071 0.936314 0.814386 0.948556 0.846719 0.991564 0.983042 0.893272 0.958323 0.954060 0.989850 0.983989 0.754175 0.695428 0.874630 0.972849 0.964250 0.921014 0.974047 0.957150 0.876962 0.862369 0.950253 0.728306 0.860904 0.943049 0.907541 0.922460 0.892521 0.978538 0.853706 0.953274 0.863274 0.790646 0.937512 0.956204 0.997626 0.934526 0.808877 0.936366 0.980557 0.962861 0.988447 0.742089
0.776668 0.697530 0.532308 0.677749 0.948253 0.748188 0.756723 0.931315 0.963979 0.936381 0.867707 0.711480 0.900149 0.727168 0.870481 0.936937 0.807148 0.753694 0.917823 0.747832 0.801097 0.727612 0.834150 0.996002 0.590615 0.000000 0.692221 0.719617 0.785291 0.902753 0.721606 0.944154 0.953613 0.880391 0.551701 0.807629 0.978672 0.888907 0.693588 0.878864 0.953437 0.965271 0.844192 0.875085 0.938779 0.962402 0.755007 0.774357 0.842989 0.926788 0.904067 0.977847 0.920705 0.955926 0.844047 0.843239 0.710287 0.688537 0.823045 0.964010 0.932675 0.890512 0.843189 0.738976 0.549577 0.648301 0.614247 0.598293 0.866232 0.993078 0.875362 0.803654 0.873860 0.815850 0.705915 0.963417 0.953565 0.831103 0.940568 0.850843 0.853339 0.975210 0.910450 0.910959 0.792227 0.765031 0.960444 0.923536 0.856461 0.769656 0.980970 0.967562 0.868103 0.940886 0.935391 0.962349 0.984033 0.986753 0.776861 0.938641 0.848374 0.943061 0.963828 0.896272 0.970457 0.804722 0.976221 0.925494 0.979292 0.906751 0.973770 0.826788 0.932501 0.933314 0.917073 0.817231
0.805778 0.854525 0.868406 0.951393 0.888370 0.988027 0.908221 0.833331 0.831254 0.786815 0.831144 0.826066 0.975892 0.865830 0.936366 0.888930 0.871628 0.913894 0.849099 0.882718 0.830979 0.758043 0.955766 0.954784 0.736774 0.692221 0.000000 0.737035 0.913786 0.983961 0.827359 0.901185 0.975417 0.971563 0.987432 0.965516 0.990274 0.932965 0.879067 0.926523 0.948848 0.942352 0.970856 0.894623 0.964693 0.995783 0.980492 0.981281 0.905589 0.800283 0.950816 0.905827 0.992070 0.968200 0.978376 0.885612 0.854209 0.880468 0.974447 0.984883 0.916334 0.859854 0.830150 0.843457 0.677459 0.897377 0.968368 0.973554 0.865294 0.923133 0.922505 0.905091 0.805956 0.767133 0.866975 0.959225 0.987732 0.778143 0.946108 0.932961 0.831926 0.896574 0.954183 0.993513 0.937875 0.797768 0.878267 0.848461 0.780844 0.915558 0.750372 0.842725 0.778227 0.921394 0.929168 0.952938 0.753752 0.961400 0.692505 0.778143 0.936926 0.939103 0.878950 0.849272 0.909643 0.973386 0.987976 0.812172 0.960552 0.984016 0.897255 0.934676 0.884100 0.949800 0.998277 0.988751
0.747149 0.813177 0.902514 0.846702 0.853867 0.694283 0.735946 0.781823 0.910861 0.800170 0.769976 0.833797 0.928169 0.784194 0.905027 0.868132 0.745452 0.742215 0.619991 0.676679 0.995667 0.940601 0.801552 0.821587 0.891367 0.719617 0.737035 0.000000 0.773911 0.772916 0.987779 0.783424 0.766989 0.773329 0.988198 0.840106 0.877060 0.907091 0.856109 0.900984 0.978382 0.952135 0.784037 0.812374 0.953081 0.961128 0.951337 0.760807 0.828094 0.865280 0.898296 0.817128 0.865710 0.816044 0.999281 0.891044 0.706901 0.810293 0.962291 0.937481 0.846108 0.905546 0.771029 0.847367 0.990912 0.887511 0.861828 0.899067 0.772067 0.878111 0.738102 0.804936 0.669219 0.691923 0.916163 0.883631 0.900109 0.825254 0.781148 0.753608 0.777521 0.814974 0.829895 0.812149 0.857144 0.926833 0.837035 0.916065 0.923838 0.731314 0.889809 0.817468 0.975357 0.874377 0.991912 0.978425 0.952102 0.956096 0.765401 0.708721 0.981475 0.781281 0.826157 0.762326 0.764225 0.963459 0.989269 0.988860 0.935838 0.937295 0.738274 0.871756 0.922709 0.952414 0.929326 0.840987
0.593968 0.475834 0.926794 0.837054 0.797939 0.987237 0.717301 0.581752 0.752168 0.706733 0.562361 0.430091 0.529964 0.461447 0.516274 0.450318 0.395779 0.342955 0.476982 0.466197 0.946256 0.921926 0.733468 0.745230 0.990742 0.785291 0.913786 0.773911 0.000000 0.378248 0.797523 0.675709 0.514779 0.488613 0.989957 0.935449 0.822150 0.885760 0.911460 0.941346 0.772611 0.788018 0.565191 0.507893 0.706186 0.628037 0.665674 0.593778 0.971545 0.942117 0.928838 0.928969 0.928271 0.974148 0.961280 0.927577 0.409181 0.428400 0.753161 0.793523 0.603499 0.623453 0.449135 0.395185 0.987174 0.773377 0.775377 0.764395 0.561127 0.590945 0.652498 0.689530 0.717314 0.778011 0.932005 0.701433 0.727767 0.516178 0.554799 0.502916 0.382003 0.467692 0.577048 0.558833 0.804824 0.772091 0.894295 0.904561 0.982765 0.980687 0.910156 0.835928 0.963501 0.980148 0.837786 0.772036 0.758559 0.764585 0.570403 0.534693 0.770890 0.742579 0.611799 0.585918 0.678403 0.756556 0.948933 0.950253 0.840304 0.712414 0.624056 0.727355 0.786099 0.727116 0.839761 0.850329
0.543940 0.438040 0.761194 0.603516 0.855915 0.975823 0.557687 0.455856 0.813258 0.546753 0.487841 0.386061 0.485973 0.405097 0.471652 0.309745 0.324912 0.263088 0.392519 0.373100 0.743926 0.880721 0.558246 0.595812 0.884015 0.902753 0.983961 0.772916 0.378248 0.000000 0.614632 0.549053 0.469242 0.416830 0.972310 0.896806 0.659243 0.637227 0.927353 0.874189 0.773545 0.787132 0.435905 0.359505 0.774098 0.665355 0.686289 0.523764 0.869365 0.983761 0.957685 0.999345 0.971237 0.969758 0.920040 0.913944 0.348082 0.421274 0.739409 0.866309 0.565668 0.637716 0.385698 0.342546 0.907178 0.699849 0.744140 0.753853 0.612623 0.618487 0.490201 0.522802 0.627964 0.686551 0.854159 0.763122 0.685902 0.514408 0.447700 0.510136 0.346265 0.387644 0.545275 0.533599 0.789007 0.730575 0.995532 0.820480 0.917731 0.946952 0.901388 0.847367 0.940815 0.972564 0.969691 0.699895 0.786094 0.760305 0.615003 0.490151 0.788304 0.798803 0.568127 0.481404 0.596237 0.653215 0.847679 0.985574 0.726206 0.624774 0.687553 0.736223 0.680317 0.734354 0.790885 0.871848
0.739627 0.805343 0.454954 0.428725 0.831391 0.795970 0.394191 0.510697 0.826053 0.586609 0.757630 0.784234 0.710842 0.753565 0.746364 0.677611 0.676450 0.706071 0.556081 0.749040 0.770847 0.766960 0.479434 0.681074 0.739624 0.721606 0.827359 0.987779 0.797523 0.614632 0.000000 0.573647 0.467245 0.461706 0.701472 0.869266 0.772142 0.827650 0.761697 0.876194 0.950065 0.811554 0.469904 0.475955 0.756948 0.746033 0.699999 0.630105 0.752740 0.934931 0.973700 0.950406 0.877256 0.906592 0.867153 0.903208 0.746044 0.844543 0.684573 0.918990 0.626750 0.943523 0.612812 0.754031 0.641840 0.635360 0.490434 0.565888 0.896230 0.756045 0.657573 0.757460 0.797114 0.878132 0.799369 0.917523 0.782177 0.828661 0.781714 0.754410 0.688641 0.645920 0.832752 0.825806 0.674482 0.690558 0.847557 0.972000 0.831569 0.991956 0.827409 0.758317 0.879512 0.737717 0.955036 0.829651 0.766790 0.874020 0.805815 0.694830 0.823107 0.566442 0.782159 0.733092 0.894745 0.619327 0.906372 0.839842 0.939355 0.763883 0.723127 0.859853 0.743757 0.905907 0.804771 0.925455
0.836637 0.820959 0.666522 0.523634 0.943066 0.963490 0.512041 0.525488 0.956411 0.589405 0.774454 0.751964 0.815817 0.621243 0.740041 0.576066 0.621335 0.599048 0.454587 0.553012 0.810445 0.947340 0.451425 0.482014 0.882036 0.944154 0.901185 0.783424 0.675709 0.549053 0.573647 0.000000 0.578445 0.533508 0.965331 0.737857 0.856023 0.962189 0.991560 0.988269 0.961596 0.966335 0.572573 0.676557 0.933041 0.954776 0.896746 0.713464 0.560009 0.626387 0.769639 0.682374 0.940581 0.905355 0.994362 0.802635 0.688071 0.816638 0.994084 0.825299 0.885578 0.942885 0.551923 0.686728 0.875630 0.834839 0.724212 0.793594 0.941682 0.842869 0.625788 0.729540 0.756575 0.776351 0.866653 0.891177 0.858132 0.685836 0.608621 0.696321 0.542116 0.457871 0.668981 0.656083 0.656331 0.593239 0.887574 0.743191 0.929286 0.984423 0.882069 0.757838 0.906119 0.913148 0.933434 0.667816 0.812446 0.882530 0.872978 0.553160 0.877280 0.652470 0.773214 0.624552 0.856233 0.820945 0.973544 0.972206 0.900349 0.772713 0.754126 0.910329 0.894516 0.844169 0.827594 0.963068
0.451907 0.542720 0.539616 0.511429 0.675323 0.911737 0.390487 0.452552 0.796662 0.617461 0.520747 0.493466 0.483386 0.543372 0.571323 0.500760 0.452059 0.428865 0.354442 0.548593 0.783747 0.889527 0.531920 0.711035 0.920090 0.953613 0.975417 0.766989 0.514779 0.469242 0.467245 0.578445 0.000000 0.304293 0.773083 0.786672 0.654884 0.704111 0.888713 0.768142 0.860755 0.725015 0.420014 0.383582 0.637680 0.638739 0.680126 0.532209 0.838727 0.949788 0.966543 0.995478 0.959265 0.995497 0.819343 0.974485 0.472156 0.540992 0.534447 0.714340 0.431502 0.753431 0.337858 0.452420 0.744273 0.608474 0.477811 0.483349 0.636436 0.599480 0.539847 0.535246 0.811839 0.908785 0.844124 0.952934 0.687549 0.576778 0.630841 0.567790 0.442761 0.402609 0.673161 0.577962 0.608354 0.567286 0.968457 0.929150 0.865261 0.970147 0.828043 0.748139 0.870769 0.826584 0.954322 0.798849 0.772806 0.849710 0.593021 0.586369 0.831501 0.608681 0.539992 0.554927 0.571647 0.615454 0.899124 0.930791 0.857721 0.735538 0.649952 0.711585 0.735057 0.812863 0.663678 0.953817
0.514958 0.571049 0.503685 0.456410 0.701059 0.800166 0.358220 0.408450 0.731167 0.562889 0.520515 0.545090 0.546453 0.614805 0.619948 0.506066 0.449781 0.442386 0.338096 0.496534 0.782746 0.806991 0.567549 0.719202 0.816952 0.880391 0.971563 0.773329 0.488613 0.416830 0.461706 0.533508 0.304293 0.000000 0.690741 0.802886 0.652340 0.764800 0.798650 0.761472 0.854388 0.791302 0.395641 0.357348 0.664042 0.650895 0.575694 0.434950 0.809646 0.961451 0.989885 0.956379 0.969964 0.983523 0.836607 0.924457 0.496076 0.588704 0.526897 0.724175 0.445947 0.732969 0.361914 0.490278 0.707398 0.551962 0.402769 0.417229 0.577348 0.547971 0.537947 0.643263 0.746200 0.867524 0.824825 0.840894 0.731252 0.582660 0.482466 0.587892 0.388718 0.373779 0.675137 0.555395 0.646770 0.608684 0.975610 0.985238 0.903606 0.964267 0.749483 0.717561 0.813844 0.755853 0.903905 0.786197 0.691167 0.752638 0.586112 0.516106 0.826150 0.552163 0.555101 0.487553 0.560404 0.572553 0.871886 0.938146 0.865120 0.667898 0.552164 0.716950 0.675863 0.767778 0.662544 0.865221
0.967570 0.939849 0.602763 0.730978 0.821337 0.714543 0.683314 0.779339 0.810643 0.782883 0.995110 0.852261 0.950537 0.864261 0.930897 0.974355 0.956282 0.940779 0.892580 0.877465 0.976821 0.888268 0.897845 0.952269 0.771648 0.551701 0.987432 0.988198 0.989957 0.972310 0.701472 0.965331 0.773083 0.690741 0.000000 0.773900 0.887590 0.970853 0.646208 0.956110 0.959337 0.985774 0.734401 0.749232 0.667060 0.747409 0.828222 0.719057 0.918180 0.914998 0.973700 0.908857 0.799888 0.912984 0.788973 0.855894 0.951190 0.898202 0.650646 0.794259 0.703380 0.919998 0.949758 0.937017 0.639096 0.608648 0.495243 0.501065 0.936600 0.905369 0.961709 0.846504 0.999402 0.904643 0.840242 0.914785 0.942936 0.995524 0.961725 0.987593 0.955575 0.926827 0.938410 0.987261 0.797354 0.818644 0.913794 0.825628 0.948830 0.825173 0.841555 0.895086 0.727798 0.778675 0.974386 0.952625 0.763228 0.879901 0.902912 0.877259 0.926272 0.789014 0.884324 0.990382 0.903998 0.718547 0.905615 0.885948 0.937804 0.898945 0.787603 0.785469 0.953136 0.951771 0.857140 0.946301
0.916672 0.894169 0.800699 0.873293 0.913714 0.878874 0.819341 0.820849 0.965213 0.864253 0.922128 0.975893 0.971600 0.927601 0.979474 0.973515 0.879221 0.889040 0.789535 0.815819 0.999763 0.933707 0.807311 0.935524 0.945518 0.807629 0.965516 0.840106 0.935449 0.896806 0.869266 0.737857 0.786672 0.802886 0.773900 0.000000 0.907224 0.804724 0.878060 0.962236 0.900145 0.966431 0.753711 0.801636 0.830038 0.910041 0.962005 0.835131 0.915757 0.908618 0.992224 0.988272 0.981211 0.957907 0.888920 0.991302 0.855349 0.934141 0.929143 0.924125 0.859736 0.957116 0.900858 0.909807 0.831126 0.776567 0.754170 0.746895 0.862532 0.891056 0.758226 0.973819 0.911431 0.989737 0.857858 0.943232 0.994030 0.868664 0.949150 0.980327 0.879798 0.917716 0.729281 0.863913 0.934681 0.830235 0.854140 0.943237 0.939423 0.929624 0.989180 0.904002 0.932962 0.990447 0.933616 0.859476 0.927043 0.999731 0.916543 0.795960 0.945118 0.978558 0.973602 0.894727 0.968491 0.871737 0.720103 0.912841 0.872885 0.996771 0.803174 0.870653 0.971156 0.843163 0.793840 0.795998
0.638659 0.645094 0.861540 0.695334 0.919308 0.791501 0.750783 0.665790 0.897985 0.704332 0.814334 0.636881 0.731119 0.809159 0.779647 0.666656 0.704887 0.675813 0.698750 0.683997 0.871044 0.927077 0.756429 0.810385 0.976649 0.978672 0.990274 0.877060 0.822150 0.659243 0.772142 0.856023 0.654884 0.652340 0.887590 0.907224 0.000000 0.619261 0.950917 0.997324 0.754077 0.797806 0.721503 0.660085 0.888126 0.804950 0.983611 0.810538 0.974512 0.996360 0.925505 0.988169 0.912269 0.961449 0.926034 0.954836 0.631476 0.642534 0.814201 0.920102 0.713044 0.718668 0.671103 0.637623 0.954527 0.762855 0.875808 0.823557 0.792483 0.794688 0.565133 0.653757 0.862244 0.873589 0.970788 0.990895 0.781025 0.714142 0.728163 0.904810 0.690398 0.726818 0.836643 0.652559 0.951376 0.864549 0.875938 0.990674 0.933034 0.902744 0.837399 0.771330 0.873150 0.793995 0.807004 0.998874 0.750650 0.689579 0.724183 0.710483 0.905509 0.808655 0.799051 0.738628 0.691685 0.714208 0.951248 0.799171 0.790157 0.906519 0.808766 0.595939 0.785977 0.867614 0.854078 0.946204
0.607735 0.620553 0.878712 0.764910 0.916405 0.853382 0.817873 0.749790 0.916018 0.824914 0.809880 0.685974 0.805238 0.802298 0.806357 0.777587 0.729416 0.692912 0.760224 0.744972 0.937846 0.916984 0.869840 0.888007 0.972795 0.888907 0.932965 0.907091 0.885760 0.637227 0.827650 0.962189 0.704111 0.764800 0.970853 0.804724 0.619261 0.000000 0.928612 0.790698 0.864840 0.925872 0.661529 0.617623 0.760681 0.736446 0.942258 0.822953 0.818118 0.807459 0.710289 0.740472 0.855237 0.824274 0.966474 0.980771 0.646363 0.658042 0.749263 0.799956 0.681913 0.692582 0.708636 0.653832 0.921557 0.784629 0.916747 0.885420 0.727883 0.663706 0.661355 0.661614 0.946896 0.813362 0.859737 0.985548 0.830606 0.842626 0.864409 0.848909 0.809335 0.849248 0.858785 0.762943 0.973213 0.876637 0.879313 0.974699 0.880031 0.921013 0.959014 0.908752 0.813962 0.973033 0.966666 0.953912 0.876909 0.817275 0.781508 0.817102 0.834768 0.963983 0.828409 0.715752 0.772817 0.725872 0.772705 0.786024 0.702337 0.850481 0.828442 0.846555 0.747141 0.802156 0.911477 0.846795
