0.000000 0.365026 0.916469 0.938873 0.847866 0.683336 0.723569 0.591554 0.767738 0.593910 0.520473 0.513001 0.896350 0.867593 0.912312 0.881321 0.367208 0.403957 0.515861 0.505585 0.921656 0.997821 0.766387 0.801126 0.749572 0.797025 0.821459 0.759730 0.585020 0.557049 0.952817 0.895741 0.601700 0.606842 0.899251 0.893123 0.917284 0.765331 0.972976 0.928932 0.723271 0.991293 0.651163 0.562014 0.536008 0.511131 0.805040 0.625724 0.528336 0.563412 0.650042 0.695824 0.847093 0.835192 0.916287 0.825335 0.322731 0.396883 0.540006 0.788817 0.533478 0.667868 0.552065 0.445622 0.706604 0.961819 0.781384 0.699906 0.637607 0.616811 0.777779 0.791816 0.849945 0.669956 0.880402 0.838509 0.646362 0.738801 0.818783 0.675090 0.437986 0.541425 0.946967 0.845106 0.861454 0.776982 0.961100 0.687394 0.796654 0.809781 0.626275 0.654715 0.761090 0.896506 0.862618 0.907705 0.652011 0.892279 0.397271 0.479408 0.625831 0.814968 0.513731 0.569951 0.867955 0.892430 0.885101 0.850909 0.953420 0.911153 0.686981 0.650301 0.680028 0.946592 0.919380 0.960866
0.365026 0.000000 0.694296 0.827269 0.958606 0.737568 0.943753 0.674813 0.982514 0.653980 0.647913 0.501939 0.913010 0.924635 0.737009 0.994270 0.426056 0.418045 0.636255 0.471549 0.913317 0.876263 0.653970 0.741170 0.761577 0.696009 0.894208 0.783915 0.626972 0.561979 0.916816 0.918614 0.637647 0.626473 0.901301 0.982444 0.878218 0.707249 0.964778 0.972116 0.734662 0.807569 0.744138 0.594877 0.597038 0.519541 0.949785 0.739336 0.537071 0.551173 0.697445 0.728054 0.985979 0.993558 0.850315 0.766767 0.295835 0.285322 0.682091 0.698063 0.681510 0.610515 0.728916 0.446693 0.609634 0.959847 0.881333 0.725385 0.684587 0.573351 0.731880 0.829955 0.845120 0.655990 0.970097 0.845628 0.697757 0.742928 0.831555 0.716110 0.481654 0.621067 0.967893 0.825721 0.719228 0.776644 0.895558 0.742886 0.633645 0.831551 0.713575 0.731208 0.816955 0.938942 0.829338 0.922181 0.657475 0.806344 0.459593 0.600822 0.554138 0.892109 0.629993 0.603110 0.962175 0.996297 0.922269 0.889133 0.971261 0.919201 0.694627 0.641462 0.658113 0.926110 0.998350 0.966171
0.916469 0.694296 0.000000 0.386590 0.885123 0.873734 0.502685 0.823152 0.647618 0.956044 0.957912 0.715805 0.854950 0.877325 0.662510 0.959082 0.902860 0.793765 0.723438 0.857210 0.959547 0.925282 0.388628 0.563691 0.592287 0.575587 0.996561 0.891693 0.971837 0.785438 0.482224 0.568979 0.665434 0.801709 0.640861 0.966800 0.815238 0.999247 0.662608 0.877640 0.903989 0.803132 0.749143 0.949641 0.998467 0.869982 0.649492 0.807018 0.710943 0.884732 0.989727 0.953444 0.729019 0.681085 0.734370 0.836998 0.772715 0.671472 0.771139 0.967443 0.877078 0.842182 0.908281 0.691445 0.399529 0.626766 0.543666 0.751807 0.936434 0.864521 0.920493 0.863098 0.768034 0.885164 0.904470 0.795451 0.740011 0.791177 0.800254 0.888981 0.879095 0.950443 0.995707 0.792410 0.514614 0.665910 0.970964 0.951581 0.851690 0.859847 0.855964 0.784902 0.825142 0.669945 0.972994 0.922821 0.933154 0.784790 0.925163 0.894685 0.766302 0.693681 0.991348 0.857776 0.820873 0.649868 0.951170 0.770664 0.919807 0.959757 0.983940 0.916987 0.909385 0.957543 0.891055 0.949112
0.938873 0.827269 0.386590 0.000000 0.992494 0.889391 0.642029 0.782998 0.679149 0.893889 0.848475 0.804700 0.998935 0.907587 0.816956 0.871477 0.860963 0.746939 0.814482 0.949069 0.991921 0.994993 0.459776 0.488129 0.538094 0.544053 0.943393 0.785570 0.904394 0.738228 0.513803 0.662463 0.757936 0.923435 0.614010 0.997259 0.653984 0.793370 0.684317 0.873633 0.801578 0.941833 0.870648 0.922313 0.817385 0.737283 0.805894 0.919936 0.642487 0.834604 0.994895 0.976730 0.804556 0.686676 0.714184 0.885674 0.825403 0.786468 0.743011 0.890848 0.890607 0.938476 0.985282 0.791143 0.494631 0.511053 0.650776 0.825603 0.992806 0.938437 0.813085 0.725395 0.663662 0.805309 0.875914 0.804377 0.719613 0.870931 0.805680 0.988373 0.948200 0.924844 0.925037 0.902049 0.657760 0.665635 0.882870 0.869155 0.904634 0.754131 0.831337 0.794881 0.767916 0.674624 0.913433 0.947668 0.965335 0.907436 0.903264 0.994385 0.893918 0.674420 0.989993 0.926895 0.767348 0.736681 0.964394 0.745799 0.884468 0.980894 0.988840 0.872045 0.834164 0.825361 0.985173 0.899137
0.847866 0.958606 0.885123 0.992494 0.000000 0.740465 0.861863 0.948967 0.908891 0.853157 0.762105 0.839941 0.764398 0.862643 0.907475 0.965533 0.932523 0.845799 0.813285 0.870279 0.954667 0.970960 0.907075 0.964197 0.942550 0.850806 0.938538 0.930937 0.863418 0.910054 0.957680 0.929911 0.803767 0.829382 0.911088 0.783162 0.895175 0.853283 0.926061 0.877475 0.943184 0.824958 0.919205 0.849880 0.799505 0.825833 0.939341 0.790521 0.974089 0.950844 0.951592 0.972857 0.991968 0.982976 0.869122 0.937102 0.921211 0.950457 0.920033 0.950167 0.841562 0.987326 0.851437 0.956255 0.950851 0.937534 0.718997 0.718403 0.944021 0.957507 0.965000 0.891222 0.969942 0.923040 0.985440 0.975171 0.855284 0.828856 0.867444 0.958291 0.845054 0.778803 0.950070 0.946121 0.851505 0.958202 0.936095 0.963501 0.982871 0.758601 0.937918 0.873468 0.946370 0.876623 0.981513 0.921786 0.883074 0.995227 0.869751 0.875373 0.957329 0.898680 0.998510 0.963552 0.987489 0.863141 0.906091 0.939090 0.929828 0.829184 0.798263 0.925115 0.943654 0.880734 0.979881 0.699516
0.683336 0.737568 0.873734 0.889391 0.740465 0.000000 0.743471 0.646293 0.789463 0.616390 0.619504 0.552234 0.748066 0.767821 0.900446 0.732640 0.730147 0.720871 0.744636 0.788248 0.978681 0.916049 0.800158 0.781503 0.733227 0.730618 0.721527 0.918663 0.782608 0.690201 0.995180 0.974195 0.891614 0.757911 0.817318 0.822152 0.975107 0.967457 0.998221 0.907114 0.949291 0.905999 0.855891 0.759638 0.717330 0.690035 0.938938 0.807541 0.752225 0.850685 0.894303 0.948835 0.853720 0.838819 0.820891 0.910782 0.705221 0.780718 0.810679 0.927164 0.682428 0.781020 0.731420 0.717136 0.709940 0.894368 0.908661 0.853617 0.969900 0.840016 0.856721 0.904592 0.880006 0.843133 0.906280 0.819330 0.831212 0.919520 0.842998 0.791763 0.866502 0.763453 0.917566 0.930847 0.819101 0.702831 0.934035 0.973827 0.913557 0.697347 0.721260 0.761174 0.765691 0.815024 0.956016 0.933526 0.741788 0.799494 0.565192 0.740532 0.643638 0.748854 0.832513 0.747707 0.907048 0.950854 0.642975 0.981732 0.886524 0.950786 0.782546 0.777579 0.692155 0.982355 0.948974 0.771537
0.723569 0.943753 0.502685 0.642029 0.861863 0.743471 0.000000 0.442613 0.557964 0.516263 0.570300 0.843626 0.653825 0.725288 0.845066 0.844198 0.723035 0.802874 0.408813 0.830752 0.947672 0.980898 0.726054 0.893805 0.903605 0.983781 0.676089 0.857802 0.748775 0.756602 0.662253 0.591542 0.540980 0.488572 0.920117 0.881568 0.885340 0.955593 0.745306 0.946978 0.944380 0.800606 0.563312 0.671974 0.564628 0.688356 0.604111 0.601167 0.859531 0.859406 0.675281 0.745186 0.577075 0.510347 0.961255 0.894787 0.862748 0.971383 0.501854 0.947381 0.518117 0.924098 0.500527 0.847043 0.903921 0.875150 0.464675 0.581646 0.993376 0.950475 0.798574 0.758116 0.662615 0.668091 0.906778 0.628465 0.587152 0.744983 0.705097 0.704860 0.883069 0.770126 0.898905 0.986752 0.790914 0.990089 0.943688 0.813527 0.967185 0.902141 0.496021 0.468514 0.606990 0.602110 0.894469 0.875463 0.794265 0.916606 0.611324 0.551688 0.847918 0.512870 0.721698 0.785381 0.870467 0.646939 0.874158 0.679673 0.929275 0.942878 0.806831 0.800853 0.735323 0.934848 0.948890 0.937535
0.591554 0.674813 0.823152 0.782998 0.948967 0.646293 0.442613 0.000000 0.621981 0.428031 0.534684 0.512345 0.698832 0.629620 0.883984 0.778126 0.646845 0.746527 0.447453 0.719824 0.791894 0.936901 0.919010 0.837132 0.709898 0.824479 0.613178 0.752922 0.680008 0.603453 0.878350 0.779381 0.654252 0.557708 0.911188 0.872931 0.829632 0.896894 0.825997 0.999114 0.935737 0.975339 0.634681 0.617330 0.577214 0.609560 0.817335 0.632357 0.666725 0.758568 0.573425 0.702829 0.632839 0.531786 0.896836 0.979299 0.691990 0.804139 0.517699 0.633745 0.415284 0.503654 0.600354 0.592403 0.811220 0.855638 0.746045 0.656212 0.888592 0.825188 0.695682 0.807313 0.690230 0.661871 0.992217 0.801855 0.634398 0.854722 0.832533 0.754769 0.876596 0.911392 0.816032 0.924116 0.742799 0.625727 0.862606 0.676385 0.826439 0.851129 0.387437 0.418889 0.609641 0.625832 0.774611 0.905282 0.674874 0.842921 0.466490 0.549490 0.564302 0.454425 0.679850 0.595219 0.979028 0.720649 0.802718 0.756663 0.904906 0.933904 0.773838 0.724540 0.625389 0.831302 0.959724 0.963592
0.767738 0.982514 0.647618 0.679149 0.908891 0.789463 0.557964 0.621981 0.000000 0.716106 0.780124 0.889197 0.818351 0.868684 0.888412 0.711914 0.784509 0.867059 0.678317 0.848425 0.958303 0.867532 0.852543 0.938656 0.979271 0.812198 0.920047 0.962098 0.862029 0.944053 0.740116 0.773294 0.786163 0.774522 0.942880 0.800543 0.609578 0.871332 0.818981 0.831401 0.841665 0.962269 0.644489 0.712626 0.758889 0.859648 0.625047 0.637940 0.863323 0.751309 0.663416 0.738298 0.569148 0.584272 0.966078 0.958517 0.872129 0.988108 0.573861 0.715340 0.608524 0.789981 0.858257 0.857193 0.772768 0.740217 0.739223 0.839101 0.842881 0.865310 0.818871 0.792146 0.827383 0.816182 0.876460 0.819546 0.743194 0.903375 0.810344 0.863450 0.888474 0.967550 0.938018 0.887506 0.960286 0.874178 0.862038 0.840060 0.848149 0.895518 0.609693 0.680930 0.700293 0.756742 0.879594 0.915861 0.825824 0.955520 0.696648 0.677816 0.845879 0.756534 0.700320 0.867615 0.930389 0.645147 0.806886 0.746345 0.883185 0.958741 0.902963 0.853154 0.926594 0.928374 0.805959 0.881887
0.593910 0.653980 0.956044 0.893889 0.853157 0.616390 0.516263 0.428031 0.716106 0.000000 0.455817 0.545046 0.699850 0.709781 0.902726 0.814405 0.558177 0.580859 0.493550 0.642709 0.830087 0.900003 0.768983 0.708418 0.511367 0.578123 0.613423 0.705869 0.616894 0.498852 0.978494 0.867074 0.792691 0.555241 0.781053 0.874012 0.974096 0.972896 0.974064 0.885693 0.997203 0.945082 0.583698 0.550042 0.450353 0.471404 0.810820 0.627592 0.512501 0.709568 0.607022 0.794391 0.766532 0.738826 0.769795 0.969466 0.623986 0.759703 0.651506 0.885582 0.585189 0.759194 0.536252 0.548172 0.589264 0.768893 0.813516 0.779286 0.981685 0.854170 0.726216 0.778711 0.835036 0.679515 0.912975 0.771729 0.692148 0.890162 0.853203 0.794632 0.764124 0.758976 0.817836 0.866662 0.718626 0.593926 0.891271 0.799649 0.747783 0.663360 0.410105 0.473667 0.648000 0.800854 0.773957 0.940314 0.713053 0.834570 0.419334 0.495626 0.589176 0.669820 0.565607 0.523176 0.961761 0.898100 0.842981 0.781377 0.939499 0.981645 0.790546 0.567191 0.594084 0.819703 0.990052 0.830876
0.520473 0.647913 0.957912 0.848475 0.762105 0.619504 0.570300 0.534684 0.780124 0.455817 0.000000 0.514754 0.581880 0.640743 0.941633 0.905576 0.483217 0.460078 0.508326 0.553041 0.883650 0.921654 0.726976 0.667245 0.518379 0.580573 0.733871 0.647106 0.480087 0.431011 0.958633 0.893634 0.688988 0.540435 0.792568 0.873999 0.950602 0.838917 0.936758 0.940101 0.960837 0.868392 0.679479 0.587671 0.435926 0.472324 0.815953 0.590108 0.518221 0.619682 0.687492 0.717765 0.788785 0.774267 0.778943 0.992399 0.580034 0.677195 0.617519 0.844264 0.490298 0.772464 0.478830 0.554740 0.657469 0.864551 0.787664 0.715718 0.888107 0.780964 0.903652 0.994275 0.851099 0.724363 0.983812 0.742825 0.792529 0.803779 0.869054 0.693866 0.688122 0.616880 0.977310 0.861310 0.840210 0.702937 0.849562 0.808279 0.807327 0.633379 0.584847 0.609550 0.811094 0.885449 0.876481 0.985624 0.786506 0.955270 0.471469 0.497785 0.674795 0.728687 0.750130 0.751374 0.910707 0.917520 0.852731 0.886230 0.958941 0.880586 0.805755 0.649683 0.597544 0.859025 0.983546 0.932149
0.513001 0.501939 0.715805 0.804700 0.839941 0.552234 0.843626 0.512345 0.889197 0.545046 0.514754 0.000000 0.718911 0.642866 0.835830 0.715159 0.592432 0.579507 0.688264 0.627755 0.777559 0.936155 0.534031 0.596118 0.506747 0.533884 0.678736 0.700852 0.655343 0.525794 0.745010 0.896678 0.890632 0.761446 0.718141 0.876293 0.944547 0.935781 0.957077 0.867384 0.912623 0.920722 0.881462 0.717489 0.657273 0.596471 0.989608 0.714308 0.565095 0.759762 0.755094 0.853652 0.913454 0.875334 0.757676 0.907852 0.525100 0.546851 0.700376 0.672086 0.533533 0.506411 0.615093 0.407318 0.502271 0.878756 0.960975 0.869964 0.734507 0.670131 0.882351 0.997766 0.911765 0.764097 0.978130 0.960160 0.815840 0.959916 0.960420 0.891289 0.734901 0.777359 0.923881 0.741493 0.562286 0.507535 0.935831 0.812712 0.820763 0.716090 0.627345 0.673606 0.818898 0.874241 0.750833 0.951743 0.648364 0.763545 0.481595 0.648920 0.543664 0.772197 0.784950 0.586586 0.888549 0.988544 0.811080 0.963211 0.965928 0.887773 0.702344 0.725439 0.647293 0.851308 0.978875 0.877442
0.896350 0.913010 0.854950 0.998935 0.764398 0.748066 0.653825 0.698832 0.818351 0.699850 0.581880 0.718911 0.000000 0.563712 0.767991 0.714724 0.871247 0.880631 0.783521 0.921485 0.985494 0.930585 0.930639 0.884691 0.731618 0.790798 0.782890 0.744624 0.804610 0.742712 0.969991 0.987600 0.915342 0.844637 0.769074 0.938560 0.854331 0.797752 0.981947 0.944581 0.869635 0.730156 0.823004 0.821938 0.806902 0.835109 0.825933 0.755775 0.925740 0.991044 0.985316 0.935228 0.883244 0.871161 0.773504 0.892915 0.956604 0.860802 0.810800 0.965350 0.686583 0.918093 0.655506 0.876980 0.916346 0.857145 0.914567 0.947150 0.884906 0.915815 0.993846 0.991784 0.905906 0.940782 0.922105 0.749034 0.923873 0.991912 0.964461 0.854334 0.942254 0.969878 0.955849 0.954455 0.996870 0.791246 0.938011 0.915878 0.939442 0.715285 0.716347 0.785521 0.840282 0.870036 0.894557 0.931104 0.946571 0.975064 0.785774 0.783968 0.825858 0.720016 0.927626 0.925276 0.854345 0.986174 0.995240 0.918046 0.888979 0.881972 0.867413 0.878761 0.865679 0.861642 0.937701 0.962604
0.867593 0.924635 0.877325 0.907587 0.862643 0.767821 0.725288 0.629620 0.868684 0.709781 0.640743 0.642866 0.563712 0.000000 0.827232 0.759757 0.788993 0.766073 0.640994 0.810128 0.733658 0.938665 0.951663 0.924010 0.834168 0.808175 0.892809 0.739610 0.608065 0.643566 0.909564 0.926588 0.838020 0.772091 0.815414 0.903483 0.979395 0.939704 0.872081 0.879241 0.948961 0.902421 0.724790 0.711073 0.778740 0.782157 0.888362 0.686734 0.843051 0.945261 0.998924 0.955031 0.999833 0.933356 0.806491 0.953217 0.935747 0.974200 0.910510 0.942362 0.838591 0.867595 0.775968 0.897917 0.935103 0.963821 0.964055 0.933354 0.956832 0.980865 0.991306 0.929066 0.935746 0.867831 0.959094 0.753664 0.817117 0.958890 0.920399 0.824992 0.946129 0.999350 0.911284 0.879167 0.853089 0.779143 0.931395 0.911121 0.897798 0.651312 0.744940 0.805104 0.976396 0.922667 0.885600 0.887394 0.987690 0.904041 0.722245 0.750690 0.740030 0.696979 0.991722 0.907273 0.851824 0.929229 0.937606 0.938023 0.926311 0.886950 0.863078 0.811842 0.717889 0.967465 0.974204 0.999662
0.912312 0.737009 0.662510 0.816956 0.907475 0.900446 0.845066 0.883984 0.888412 0.902726 0.941633 0.835830 0.767991 0.827232 0.000000 0.709807 0.997197 0.971833 0.955541 0.980281 0.896557 0.987063 0.694723 0.699823 0.767816 0.761138 0.804391 0.826896 0.814869 0.974420 0.820917 0.828948 0.993148 0.951495 0.979705 0.938563 0.993157 0.790074 0.769619 0.894371 0.881421 0.833403 0.775926 0.891223 0.983765 0.936365 0.658828 0.775484 0.912172 0.905396 0.863966 0.931390 0.938292 0.925925 0.981305 0.825390 0.843903 0.785571 0.997011 0.755545 0.913382 0.715838 0.972951 0.768101 0.629406 0.922920 0.958696 0.950283 0.966638 0.819365 0.791592 0.917523 0.927433 0.831986 0.961066 0.895255 0.951290 0.981640 0.854755 0.839183 0.999413 0.994571 0.800955 0.922911 0.634670 0.809483 0.896933 0.975803 0.824619 0.986536 0.881284 0.870192 0.920088 0.869296 0.913915 0.950279 0.801209 0.849302 0.912846 0.944115 0.754390 0.970664 0.924960 0.866909 0.951980 0.947049 0.953320 0.820700 0.964916 0.943012 0.933469 0.955169 0.872161 0.987977 0.910612 0.977108
0.881321 0.994270 0.959082 0.871477 0.965533 0.732640 0.844198 0.778126 0.711914 0.814405 0.905576 0.715159 0.714724 0.759757 0.709807 0.000000 0.937517 0.999911 0.883411 0.911757 0.897735 0.936543 0.986305 0.834621 0.992970 0.944503 0.920836 0.951948 0.906591 0.902571 0.951187 0.928866 0.852911 0.939588 0.897599 0.750759 0.781896 0.991558 0.881219 0.937517 0.925773 0.987371 0.879159 0.929671 0.994045 0.976315 0.854455 0.818812 0.864746 0.991217 0.878629 0.999698 0.770221 0.912059 0.968287 0.862915 0.988181 0.990292 0.880090 0.982630 0.872009 0.887376 0.884529 0.862608 0.930631 0.903769 0.812827 0.769806 0.958289 0.978835 0.952731 0.892128 0.890549 0.928607 0.954539 0.939576 0.947527 0.891142 0.979490 0.976966 0.950543 0.962706 0.905811 0.823953 0.986250 0.853375 0.978006 0.972414 0.947486 0.954373 0.859881 0.983209 0.909400 0.992253 0.911014 0.981214 0.936488 0.965457 0.856793 0.940917 0.871343 0.860566 0.930492 0.852675 0.944204 0.986254 0.752953 0.886367 0.940263 0.981674 0.982890 0.986423 0.966839 0.880464 0.987826 0.957799
0.367208 0.426056 0.902860 0.860963 0.932523 0.730147 0.723035 0.646845 0.784509 0.558177 0.483217 0.592432 0.871247 0.788993 0.997197 0.937517 0.000000 0.301968 0.469383 0.499030 0.976751 0.988599 0.764345 0.727470 0.717992 0.726318 0.818779 0.768422 0.418765 0.429801 0.981545 0.852699 0.592353 0.538127 0.848139 0.896798 0.894966 0.871492 0.965977 0.916957 0.830992 0.979240 0.513218 0.478031 0.483432 0.510197 0.769124 0.563750 0.504407 0.543113 0.668262 0.701442 0.924408 0.922027 0.804392 0.861824 0.315341 0.444191 0.635950 0.875049 0.652960 0.841542 0.591851 0.491804 0.706841 0.952769 0.803478 0.752413 0.715964 0.642741 0.855828 0.823288 0.868739 0.750021 0.911598 0.753236 0.705541 0.778257 0.750565 0.608959 0.449345 0.602191 0.960446 0.842973 0.832704 0.793663 0.841040 0.699974 0.715387 0.803002 0.644841 0.691396 0.814206 0.968899 0.825999 0.890892 0.727277 0.974316 0.396138 0.395318 0.642260 0.844074 0.546820 0.681638 0.945255 0.977735 0.858448 0.865583 0.957449 0.929986 0.655463 0.616006 0.595658 0.953006 0.883555 0.953653
0.403957 0.418045 0.793765 0.746939 0.845799 0.720871 0.802874 0.746527 0.867059 0.580859 0.460078 0.579507 0.880631 0.766073 0.971833 0.999911 0.301968 0.000000 0.532245 0.440905 0.942650 0.993712 0.686778 0.694637 0.665154 0.616120 0.907228 0.745559 0.430391 0.400866 0.932547 0.869009 0.632975 0.549404 0.799621 0.867863 0.966932 0.896726 0.947307 0.982537 0.878257 0.999943 0.582304 0.488778 0.462378 0.456134 0.810820 0.553352 0.483636 0.513911 0.726350 0.688001 0.997283 0.988022 0.745988 0.887282 0.333115 0.442368 0.738789 0.923662 0.703326 0.879936 0.624889 0.532009 0.658781 0.919668 0.844023 0.772955 0.747302 0.654235 0.938918 0.952420 0.982642 0.775140 0.999999 0.782702 0.729760 0.746448 0.788225 0.664432 0.474681 0.565560 0.989057 0.860185 0.811071 0.770836 0.932111 0.733147 0.656105 0.760053 0.751965 0.771313 0.919499 0.999731 0.841687 0.899860 0.799905 0.938010 0.441312 0.459105 0.648309 0.946827 0.612916 0.746624 0.986624 0.961901 0.895754 0.885323 0.916028 0.982223 0.709859 0.565478 0.575812 0.927519 0.900100 0.911157
0.515861 0.636255 0.723438 0.814482 0.813285 0.744636 0.408813 0.447453 0.678317 0.493550 0.508326 0.688264 0.783521 0.640994 0.955541 0.883411 0.469383 0.532245 0.000000 0.608756 0.919409 0.978762 0.891832 0.964030 0.872011 0.842930 0.722671 0.807705 0.564146 0.544355 0.761514 0.611274 0.435047 0.416381 0.961034 0.888582 0.904029 0.907915 0.793773 0.983157 0.857725 0.900611 0.481715 0.534844 0.482300 0.547886 0.743846 0.530733 0.693482 0.669634 0.662644 0.676755 0.715438 0.688652 0.976860 0.962846 0.581514 0.726591 0.557665 0.875773 0.564976 0.891827 0.512570 0.688564 0.949622 0.903879 0.543409 0.572977 0.861691 0.817313 0.756814 0.859520 0.722273 0.678969 0.991615 0.677860 0.594377 0.679951 0.653151 0.626561 0.663908 0.672749 0.925573 0.972825 0.944433 0.902420 0.929888 0.767033 0.782639 0.824443 0.545355 0.522605 0.696430 0.758052 0.924385 0.879529 0.747980 0.968834 0.476064 0.438240 0.686677 0.590179 0.628848 0.762027 0.892375 0.790657 0.846195 0.842848 0.922888 0.890321 0.809008 0.668214 0.638512 0.981078 0.905651 0.894562
0.505585 0.471549 0.857210 0.949069 0.870279 0.788248 0.830752 0.719824 0.848425 0.642709 0.553041 0.627755 0.921485 0.810128 0.980281 0.911757 0.499030 0.440905 0.608756 0.000000 0.895225 0.873130 0.759769 0.874475 0.763251 0.717809 0.985038 0.817217 0.543649 0.592494 0.980070 0.845770 0.646524 0.652840 0.943980 0.960024 0.760849 0.864870 0.962282 0.944851 0.738558 0.912633 0.721346 0.639784 0.625047 0.641306 0.862275 0.656485 0.644189 0.616735 0.793685 0.752682 0.925667 0.974464 0.895168 0.957558 0.482008 0.487313 0.699869 0.803350 0.702213 0.792809 0.692810 0.573802 0.741894 0.991255 0.864442 0.812104 0.709575 0.642687 0.827113 0.912223 0.808677 0.708917 0.938712 0.876425 0.696358 0.731429 0.766677 0.773822 0.511906 0.626193 0.969005 0.815255 0.852744 0.836373 0.853799 0.760866 0.741287 0.836186 0.749959 0.702219 0.846711 0.973271 0.778063 0.990552 0.836676 0.920823 0.566955 0.605468 0.762664 0.933962 0.747608 0.716747 0.941014 0.992145 0.909976 0.853257 0.985468 0.990113 0.795300 0.701987 0.797649 0.925187 0.997936 0.996779
0.921656 0.913317 0.959547 0.991921 0.954667 0.978681 0.947672 0.791894 0.958303 0.830087 0.883650 0.777559 0.985494 0.733658 0.896557 0.897735 0.976751 0.942650 0.919409 0.895225 0.000000 0.999570 0.863213 0.877994 0.909972 0.887477 0.889349 0.901091 0.793984 0.845079 0.992678 0.932277 0.966454 0.983080 0.819292 0.883006 0.917794 0.960883 0.986010 0.887059 0.923559 0.994838 0.931316 0.999342 0.926112 0.892893 0.883313 0.976291 0.836099 0.930708 0.958968 0.953113 0.951196 0.976673 0.953658 0.840165 0.976721 0.944760 0.939616 0.902708 0.902280 0.734817 0.993952 0.834987 0.944747 0.955426 0.828838 0.977145 0.911190 0.997994 0.974452 0.897842 0.810561 0.992626 0.817510 0.886708 0.874092 0.954707 0.948608 0.968893 0.930547 0.936241 0.970726 0.908511 0.781226 0.727853 0.972091 0.858440 0.988142 0.960928 0.925724 0.900734 0.955923 0.905360 0.857511 0.958959 0.929860 0.934355 0.845941 0.980256 0.952236 0.953666 0.888892 0.885498 0.969555 0.939262 0.992483 0.990949 0.881090 0.895335 0.997468 0.849555 0.899593 0.849731 0.964356 0.884866
0.997821 0.876263 0.925282 0.994993 0.970960 0.916049 0.980898 0.936901 0.867532 0.900003 0.921654 0.936155 0.930585 0.938665 0.987063 0.936543 0.988599 0.993712 0.978762 0.873130 0.999570 0.000000 0.834150 0.873232 0.879871 0.898039 0.934022 0.898437 0.922185 0.945469 0.895616 0.883754 0.986060 0.973860 0.955653 0.965737 0.979590 0.988577 0.960312 0.988995 0.948869 0.975714 0.957297 0.981555 0.985409 0.974183 0.890101 0.892409 0.994447 0.932092 0.956341 0.895364 0.949128 0.976752 0.935997 0.926485 0.986069 0.946232 0.978611 0.995237 0.938728 0.916659 0.996491 0.891837 0.934774 0.957871 0.941087 0.990999 0.913377 0.989255 0.907098 0.947956 0.858895 0.990560 0.793718 0.957970 0.988436 0.962807 0.887817 0.959083 0.980026 0.998426 0.878648 0.910849 0.910681 0.895849 0.930803 0.872398 0.873353 0.857131 0.950333 0.977423 0.914221 0.968802 0.975314 0.734872 0.893257 0.937527 0.985870 0.986983 0.959322 0.929638 0.944908 0.967579 0.932801 0.979496 0.940225 0.863724 0.922047 0.926591 0.939564 0.875095 0.825568 0.929150 0.876133 0.932486
0.766387 0.653970 0.388628 0.459776 0.907075 0.800158 0.726054 0.919010 0.852543 0.768983 0.726976 0.534031 0.930639 0.951663 0.694723 0.986305 0.764345 0.686778 0.891832 0.759769 0.863213 0.834150 0.000000 0.352002 0.421765 0.541996 0.835852 0.721574 0.829787 0.692083 0.477795 0.676908 0.780156 0.976161 0.555425 0.891879 0.924630 0.968219 0.711826 0.869970 0.893370 0.936822 0.878567 0.916539 0.848591 0.756343 0.795991 0.948794 0.612580 0.781447 0.922177 0.973820 0.824506 0.852656 0.722193 0.845242 0.685288 0.664760 0.951316 0.813857 0.835776 0.666357 0.947315 0.532930 0.417747 0.689553 0.623979 0.870635 0.906384 0.785424 0.928550 0.853100 0.772971 0.886408 0.837746 0.887609 0.851510 0.861497 0.816771 0.967636 0.898048 0.994687 0.914990 0.750100 0.380081 0.427914 0.948880 0.858139 0.847196 0.820363 0.946406 0.992598 0.910179 0.769176 0.818654 0.938430 0.905053 0.706074 0.725517 0.923928 0.659763 0.836827 0.903956 0.769284 0.801342 0.821282 0.988701 0.811780 0.918375 0.980678 0.944921 0.753196 0.794050 0.869874 0.932613 0.997430
0.801126 0.741170 0.563691 0.488129 0.964197 0.781503 0.893805 0.837132 0.938656 0.708418 0.667245 0.596118 0.884691 0.924010 0.699823 0.834621 0.727470 0.694637 0.964030 0.874475 0.877994 0.873232 0.352002 0.000000 0.419282 0.548421 0.757480 0.702054 0.791230 0.657002 0.549024 0.712931 0.916449 0.898878 0.602399 0.950224 0.851873 0.949458 0.672422 0.944186 0.829926 0.952522 0.975620 0.827703 0.693850 0.661137 0.837997 0.943060 0.605235 0.728007 0.847390 0.920411 0.933813 0.944330 0.717465 0.830602 0.723250 0.748017 0.946280 0.762633 0.732025 0.725979 0.868511 0.594723 0.526459 0.774110 0.826620 0.942236 0.931467 0.837483 0.871847 0.774397 0.807632 0.833033 0.890555 0.944975 0.944726 0.931500 0.975297 0.954967 0.928835 0.996159 0.950067 0.850244 0.443921 0.442442 0.983366 0.850007 0.862436 0.800944 0.854676 0.903104 0.987697 0.903392 0.792211 0.976433 0.834273 0.763032 0.639679 0.801141 0.723992 0.985704 0.879181 0.792974 0.843198 0.971946 0.996219 0.778716 0.929170 0.904781 0.938430 0.696762 0.681708 0.733649 0.934925 0.945779
0.749572 0.761577 0.592287 0.538094 0.942550 0.733227 0.903605 0.709898 0.979271 0.511367 0.518379 0.506747 0.731618 0.834168 0.767816 0.992970 0.717992 0.665154 0.872011 0.763251 0.909972 0.879871 0.421765 0.419282 0.000000 0.393476 0.660956 0.633054 0.745894 0.579681 0.556164 0.765812 0.911284 0.840023 0.597276 0.917870 0.817213 0.807450 0.779124 0.831141 0.841809 0.987728 0.993949 0.828074 0.620539 0.601753 0.914127 0.867002 0.538561 0.791073 0.770856 0.885020 0.905695 0.927492 0.766348 0.906081 0.734542 0.774930 0.838578 0.860354 0.662099 0.743966 0.605816 0.481857 0.382357 0.588168 0.925628 0.953276 0.956852 0.856546 0.986953 0.923812 0.899836 0.940286 0.891323 0.987343 0.983356 0.995173 0.922725 0.981011 0.891469 0.847182 0.879556 0.789878 0.498680 0.499537 0.908329 0.893639 0.828037 0.779068 0.706419 0.758237 0.896099 0.987451 0.735413 0.937083 0.807734 0.778340 0.633275 0.748801 0.646608 0.936695 0.819576 0.651224 0.896524 0.947626 0.961793 0.968307 0.953206 0.836671 0.912717 0.693582 0.672408 0.771986 0.957007 0.847385
0.797025 0.696009 0.575587 0.544053 0.850806 0.730618 0.983781 0.824479 0.812198 0.578123 0.580573 0.533884 0.790798 0.808175 0.761138 0.944503 0.726318 0.616120 0.842930 0.717809 0.887477 0.898039 0.541996 0.548421 0.393476 0.000000 0.739296 0.640307 0.695215 0.538035 0.679633 0.834281 0.981548 0.881569 0.744360 0.908881 0.766044 0.868429 0.728128 0.841331 0.856492 0.964474 0.986521 0.886574 0.674442 0.629664 0.813980 0.909095 0.650091 0.822543 0.892731 0.961078 0.976864 0.944316 0.693157 0.917958 0.720892 0.691433 0.969904 0.949327 0.828266 0.881188 0.674185 0.598229 0.405028 0.612599 0.939577 0.937975 0.985105 0.883847 0.976181 0.939352 0.978397 0.806581 0.880949 0.969094 0.855808 0.915259 0.970594 0.987397 0.851846 0.747844 0.876616 0.863762 0.618600 0.673952 0.909609 0.925387 0.775491 0.726271 0.786393 0.790864 0.926659 0.996061 0.809141 0.939776 0.879339 0.838693 0.671310 0.750490 0.718626 0.957496 0.887431 0.716255 0.856831 0.769990 0.971352 0.918297 0.928167 0.952127 0.837059 0.710969 0.743339 0.813721 0.958381 0.883389
0.821459 0.894208 0.996561 0.943393 0.938538 0.721527 0.676089 0.613178 0.920047 0.613423 0.733871 0.678736 0.782890 0.892809 0.804391 0.920836 0.818779 0.907228 0.722671 0.985038 0.889349 0.934022 0.835852 0.757480 0.660956 0.739296 0.000000 0.795292 0.867792 0.730909 0.927144 0.938864 0.870252 0.831388 0.809039 0.847376 0.897763 0.965648 0.965340 0.900976 0.956643 0.938947 0.837911 0.877904 0.797311 0.772122 0.856470 0.925953 0.755420 0.974697 0.809936 0.917855 0.753882 0.823803 0.943364 0.962269 0.901243 0.944505 0.784325 0.928879 0.667106 0.819425 0.631446 0.666288 0.700431 0.785827 0.958395 0.860301 0.954450 0.900987 0.839677 0.874805 0.933950 0.945776 0.973018 0.878001 0.871523 0.867803 0.946402 0.886158 0.980865 0.893445 0.819999 0.832734 0.831194 0.713351 0.977463 0.910231 0.894333 0.944310 0.692163 0.737504 0.791301 0.938090 0.908313 0.949264 0.758352 0.888936 0.714445 0.722220 0.803028 0.765219 0.852407 0.735265 0.984976 0.847333 0.905906 0.912142 0.994749 0.977669 0.981420 0.902671 0.799524 0.963445 0.874749 0.939101
0.759730 0.783915 0.891693 0.785570 0.930937 0.918663 0.857802 0.752922 0.962098 0.705869 0.647106 0.700852 0.744624 0.739610 0.826896 0.951948 0.768422 0.745559 0.807705 0.817217 0.901091 0.898437 0.721574 0.702054 0.633054 0.640307 0.795292 0.000000 0.754387 0.608675 0.801973 0.950332 0.893461 0.777520 0.729881 0.986590 0.889320 0.978368 0.992715 0.875879 0.870276 0.962906 0.942588 0.806980 0.674312 0.692259 0.953977 0.869395 0.702513 0.825931 0.798424 0.851715 0.925080 0.881093 0.846949 0.900943 0.824518 0.827231 0.921858 0.877777 0.743612 0.825778 0.697238 0.737360 0.716605 0.892167 0.979164 0.890761 0.912203 0.962599 0.949971 0.931621 0.997230 0.794858 0.974221 0.920592 0.932130 0.817255 0.993014 0.781716 0.870653 0.784247 0.923624 0.913540 0.843996 0.795049 0.929047 0.983838 0.906687 0.674271 0.818216 0.819667 0.989277 0.955328 0.951244 0.901622 0.997382 0.859274 0.790675 0.729862 0.902127 0.918975 0.949839 0.914621 0.964993 0.903811 0.973516 0.914715 0.892000 0.827213 0.907959 0.816711 0.746086 0.868949 0.943592 0.995916
0.585020 0.626972 0.971837 0.904394 0.863418 0.782608 0.748775 0.680008 0.862029 0.616894 0.480087 0.655343 0.804610 0.608065 0.814869 0.906591 0.418765 0.430391 0.564146 0.543649 0.793984 0.922185 0.829787 0.791230 0.745894 0.695215 0.867792 0.754387 0.000000 0.403341 0.943669 0.887348 0.732889 0.636821 0.837003 0.906921 0.951175 0.994121 0.978540 0.933531 0.900235 0.885142 0.550818 0.529788 0.514349 0.547857 0.745005 0.573003 0.566122 0.629695 0.748752 0.706331 0.924208 0.952014 0.848537 0.912305 0.562968 0.652427 0.778734 0.895584 0.748341 0.867239 0.697817 0.673468 0.793377 0.971818 0.902593 0.802178 0.765361 0.802947 0.978831 0.936069 0.956082 0.827178 0.989130 0.751034 0.788911 0.768612 0.808382 0.707315 0.631187 0.739642 0.865160 0.851508 0.868374 0.804285 0.934703 0.801506 0.781780 0.786162 0.759947 0.815608 0.923008 0.952593 0.814235 0.867959 0.877075 0.923547 0.534994 0.560380 0.720301 0.800153 0.778168 0.868825 0.911280 0.982839 0.882388 0.837114 0.957485 0.979722 0.661252 0.742818 0.614186 0.899530 0.880504 0.979691
0.557049 0.561979 0.785438 0.738228 0.910054 0.690201 0.756602 0.603453 0.944053 0.498852 0.431011 0.525794 0.742712 0.643566 0.974420 0.902571 0.429801 0.400866 0.544355 0.592494 0.845079 0.945469 0.692083 0.657002 0.579681 0.538035 0.730909 0.608675 0.403341 0.000000 0.915941 0.958641 0.752904 0.624719 0.667280 0.843082 0.863220 0.975836 0.995028 0.983616 0.894044 0.908657 0.606270 0.508265 0.473644 0.471658 0.891459 0.584837 0.469059 0.638574 0.744145 0.744932 0.942580 0.921570 0.709247 0.974610 0.525299 0.628588 0.792268 0.898462 0.696095 0.823666 0.624959 0.556075 0.571366 0.818260 0.973207 0.812336 0.874128 0.878047 0.995950 0.937395 0.953655 0.853447 0.949150 0.853035 0.879175 0.864818 0.830494 0.620970 0.626050 0.671363 0.990104 0.890514 0.702775 0.622468 0.932785 0.821210 0.715343 0.617543 0.711789 0.795139 0.986724 0.973972 0.860328 0.971835 0.855656 0.946388 0.522066 0.577468 0.631555 0.772615 0.725774 0.762649 0.827245 0.900620 0.813525 0.988558 0.987636 0.978934 0.781410 0.716046 0.595552 0.913781 0.979257 0.876845
0.952817 0.916816 0.482224 0.513803 0.957680 0.995180 0.662253 0.878350 0.740116 0.978494 0.958633 0.745010 0.969991 0.909564 0.820917 0.951187 0.981545 0.932547 0.761514 0.980070 0.992678 0.895616 0.477795 0.549024 0.556164 0.679633 0.927144 0.801973 0.943669 0.915941 0.000000 0.547349 0.703677 0.789776 0.634285 0.942235 0.802332 0.956892 0.594633 0.802246 0.867415 0.922592 0.724482 0.889306 0.990020 0.949978 0.761596 0.865097 0.813784 0.965062 0.989171 0.920709 0.880306 0.851799 0.800368 0.867931 0.900387 0.859839 0.884841 0.927821 0.972818 0.854837 0.911310 0.722295 0.566994 0.707633 0.705782 0.856799 0.958797 0.941472 0.744952 0.748268 0.795818 0.771295 0.876203 0.714563 0.721841 0.793598 0.858543 0.795041 0.997714 0.938790 0.941893 0.801223 0.639099 0.687433 0.902527 0.965841 0.932174 0.965734 0.932826 0.890852 0.898976 0.777874 0.820400 0.968006 0.992259 0.805129 0.976364 0.948176 0.989798 0.726245 0.985555 0.879272 0.955894 0.784623 0.996500 0.746528 0.967771 0.949052 0.927477 0.940511 0.932224 0.852326 0.967649 0.970775
0.895741 0.918614 0.568979 0.662463 0.929911 0.974195 0.591542 0.779381 0.773294 0.867074 0.893634 0.896678 0.987600 0.926588 0.828948 0.928866 0.852699 0.869009 0.611274 0.845770 0.932277 0.883754 0.676908 0.712931 0.765812 0.834281 0.938864 0.950332 0.887348 0.958641 0.547349 0.000000 0.569993 0.597933 0.795521 0.958846 0.737554 0.973219 0.636716 0.751893 0.808969 0.932302 0.645779 0.783760 0.741514 0.796711 0.649903 0.638452 0.928210 0.742134 0.745146 0.656496 0.750179 0.718430 0.813184 0.957399 0.877554 0.979222 0.739803 0.977092 0.838755 0.935056 0.872970 0.901277 0.730615 0.732083 0.618452 0.655634 0.921624 0.924346 0.853735 0.806474 0.858125 0.765078 0.971025 0.706574 0.707630 0.584958 0.735554 0.716938 0.932691 0.854747 0.907212 0.885216 0.699948 0.769049 0.998840 0.884000 0.870242 0.912408 0.817875 0.794271 0.873930 0.771415 0.910446 0.939720 0.964123 0.978021 0.850626 0.766016 0.990892 0.837278 0.914363 0.965623 0.896868 0.754333 0.972337 0.771198 0.890010 0.983993 0.877048 0.856334 0.843640 0.883559 0.928361 0.940896
0.601700 0.637647 0.665434 0.757936 0.803767 0.891614 0.540980 0.654252 0.786163 0.792691 0.688988 0.890632 0.915342 0.838020 0.993148 0.852911 0.592353 0.632975 0.435047 0.646524 0.966454 0.986060 0.780156 0.916449 0.911284 0.981548 0.870252 0.893461 0.732889 0.752904 0.703677 0.569993 0.000000 0.470910 0.826189 0.903003 0.882119 0.782813 0.809776 0.884623 0.803938 0.964701 0.560243 0.634925 0.588669 0.676450 0.718955 0.625380 0.891012 0.704298 0.804397 0.740347 0.812846 0.802356 0.942124 0.970516 0.629828 0.733390 0.588586 0.823144 0.644491 0.917242 0.636726 0.817973 0.869045 0.718347 0.464078 0.460817 0.879925 0.832292 0.792583 0.844069 0.767081 0.707467 0.889556 0.718312 0.583641 0.627327 0.656440 0.598610 0.681605 0.649814 0.985511 0.913141 0.787326 0.847127 0.936875 0.793930 0.782707 0.945273 0.721624 0.667981 0.794338 0.783713 0.899539 0.815870 0.844257 0.885988 0.683770 0.601847 0.862661 0.698903 0.730510 0.875005 0.758277 0.758900 0.999416 0.916506 0.922941 0.896619 0.806466 0.866054 0.793973 0.955488 0.963558 0.966469
0.606842 0.626473 0.801709 0.923435 0.829382 0.757911 0.488572 0.557708 0.774522 0.555241 0.540435 0.761446 0.844637 0.772091 0.951495 0.939588 0.538127 0.549404 0.416381 0.652840 0.983080 0.973860 0.976161 0.898878 0.840023 0.881569 0.831388 0.777520 0.636821 0.624719 0.789776 0.597933 0.470910 0.000000 0.964074 0.900659 0.828927 0.985061 0.841235 0.995202 0.894716 0.936926 0.585352 0.556027 0.413815 0.498733 0.642565 0.550762 0.645023 0.582371 0.613342 0.575308 0.790715 0.671253 0.976473 0.979650 0.593312 0.733744 0.558216 0.840352 0.578491 0.842482 0.597468 0.729155 0.965973 0.849071 0.500662 0.456289 0.834118 0.760886 0.825693 0.907655 0.747999 0.686526 0.935590 0.633292 0.613979 0.600130 0.726011 0.677734 0.704452 0.702589 0.965831 0.922086 0.919946 0.958356 0.891694 0.849651 0.798833 0.865760 0.594649 0.614380 0.761627 0.727738 0.814549 0.859403 0.761074 0.922611 0.529068 0.536041 0.747372 0.676436 0.756648 0.860691 0.924319 0.776014 0.853121 0.812321 0.966426 0.934093 0.776450 0.634915 0.539229 0.946995 0.951142 0.840987
0.899251 0.901301 0.640861 0.614010 0.911088 0.817318 0.920117 0.911188 0.942880 0.781053 0.792568 0.718141 0.769074 0.815414 0.979705 0.897599 0.848139 0.799621 0.961034 0.943980 0.819292 0.955653 0.555425 0.602399 0.597276 0.744360 0.809039 0.729881 0.837003 0.667280 0.634285 0.795521 0.826189 0.964074 0.000000 0.867879 0.858138 0.970381 0.933939 0.991989 0.859702 0.897551 0.932557 0.812861 0.827580 0.755021 0.989379 0.955397 0.666961 0.849522 0.882170 0.906224 0.942231 0.977950 0.670765 0.916475 0.888563 0.957277 0.909450 0.961846 0.925062 0.840834 0.942436 0.821963 0.620890 0.725261 0.670470 0.803717 0.899011 0.991491 0.828431 0.924087 0.734680 0.864714 0.930255 0.982732 0.873241 0.925982 0.986027 0.908504 0.933579 0.913394 0.926008 0.919983 0.603398 0.532636 0.933444 0.911842 0.959137 0.718668 0.988003 0.919093 0.893257 0.793109 0.941589 0.953193 0.967430 0.816671 0.800644 0.942817 0.732471 0.892732 0.942756 0.795875 0.859932 0.896832 0.880420 0.903555 0.942766 0.986542 0.995670 0.773199 0.710509 0.785124 0.904708 0.914185
0.893123 0.982444 0.966800 0.997259 0.783162 0.822152 0.881568 0.872931 0.800543 0.874012 0.873999 0.876293 0.938560 0.903483 0.938563 0.750759 0.896798 0.867863 0.888582 0.960024 0.883006 0.965737 0.891879 0.950224 0.917870 0.908881 0.847376 0.986590 0.906921 0.843082 0.942235 0.958846 0.903003 0.900659 0.867879 0.000000 0.945578 0.894928 0.887815 0.881522 0.848714 0.943427 0.883005 0.923654 0.979111 0.934566 0.975222 0.910611 0.889377 0.997639 0.998246 0.986586 0.946618 0.987609 0.849935 0.969306 0.949380 0.987680 0.998979 0.865985 0.990235 0.939855 0.943574 0.917551 0.921868 0.831756 0.814740 0.772771 0.958675 0.998689 0.938338 0.924079 0.991719 0.966169 0.881962 0.958338 0.946140 0.953273 0.868116 0.949352 0.977416 0.948827 0.800727 0.905399 0.893909 0.775153 0.992451 0.900851 0.948802 0.977762 0.903883 0.841403 0.926093 0.984934 0.917078 0.895644 0.993084 0.985673 0.823533 0.821057 0.809443 0.939032 0.847402 0.913016 0.863360 0.981413 0.908587 0.996427 0.883947 0.929624 0.941338 0.897452 0.968539 0.974055 0.943803 0.936528
0.917284 0.878218 0.815238 0.653984 0.895175 0.975107 0.885340 0.829632 0.609578 0.974096 0.950602 0.944547 0.854331 0.979395 0.993157 0.781896 0.894966 0.966932 0.904029 0.760849 0.917794 0.979590 0.924630 0.851873 0.817213 0.766044 0.897763 0.889320 0.951175 0.863220 0.802332 0.737554 0.882119 0.828927 0.858138 0.945578 0.000000 0.758306 0.872816 0.799395 0.725345 0.897840 0.889399 0.984518 0.970637 0.905793 0.900846 0.927485 0.974680 0.887760 0.730148 0.758391 0.791655 0.769644 0.836759 0.956517 0.863150 0.869433 0.730925 0.693077 0.851177 0.786028 0.894980 0.930030 0.820868 0.681182 0.930530 0.923834 0.791966 0.772599 0.824443 0.783569 0.756104 0.789643 0.860934 0.864835 0.776102 0.830312 0.859208 0.994913 0.852030 0.988771 0.885245 0.834126 0.996658 0.944844 0.772905 0.877097 0.918242 0.784254 0.858034 0.863629 0.814345 0.810476 0.795055 0.950590 0.853803 0.951264 0.845274 0.920857 0.982486 0.918599 0.956140 0.936804 0.834121 0.804502 0.909949 0.756571 0.856165 0.859179 0.952411 0.992015 0.959675 0.900030 0.945958 0.919870
0.765331 0.707249 0.999247 0.793370 0.853283 0.967457 0.955593 0.896894 0.871332 0.972896 0.838917 0.935781 0.797752 0.939704 0.790074 0.991558 0.871492 0.896726 0.907915 0.864870 0.960883 0.988577 0.968219 0.949458 0.807450 0.868429 0.965648 0.978368 0.994121 0.975836 0.956892 0.973219 0.782813 0.985061 0.970381 0.894928 0.758306 0.000000 0.903588 0.955786 0.759328 0.896704 0.875972 0.947988 0.994378 0.998897 0.962496 0.993754 0.978154 0.864755 0.859193 0.873029 0.965769 0.958472 0.894419 0.858097 0.787499 0.765159 0.863089 0.777246 0.908537 0.723546 0.958026 0.815609 0.956425 0.710688 0.951384 0.904536 0.840875 0.908230 0.906259 0.774545 0.955267 0.928379 0.830608 0.963874 0.768359 0.881640 0.919833 0.908249 0.830089 0.921563 0.964906 0.893598 0.941390 0.967771 0.981539 0.886153 0.946512 0.867554 0.972362 0.928210 0.961011 0.976564 0.971963 0.958753 0.886171 0.953488 0.917505 0.957368 0.925897 0.937044 0.751945 0.879391 0.749881 0.822821 0.913577 0.988444 0.955905 0.933201 0.964396 0.994129 0.983790 0.973248 0.879922 0.832880
