0.000000 0.376043 0.900503 0.801903 0.892601 0.559510 0.535128 0.424643 0.678859 0.660031 0.392356 0.359187 0.538684 0.520742 0.913754 0.627055 0.394085 0.384053 0.427152 0.388389 0.944222 0.885679 0.981176 0.982871 0.867985 0.988126 0.799399 0.984070 0.534290 0.479899 0.817879 0.637823 0.527921 0.468846 0.929620 0.948834 0.842903 0.970586 0.957905 0.906916 0.921043 0.918753 0.490941 0.470003 0.513300 0.507158 0.590045 0.521742 0.658171 0.598411 0.762168 0.784151 0.866659 0.863032 0.993384 0.760529 0.327321 0.486536 0.479385 0.939707 0.499341 0.648057 0.435713 0.455717 0.873303 0.889582 0.625580 0.645847 0.839907 0.744643 0.676733 0.690391 0.875370 0.672585 0.955794 0.728153 0.598681 0.738337 0.822578 0.695962 0.509552 0.553816 0.746208 0.731234 0.975095 0.988652 0.991626 0.904701 0.984228 0.996047 0.538882 0.706211 0.656868 0.803030 0.767256 0.785650 0.733804 0.742136 0.419521 0.429007 0.574817 0.611823 0.538692 0.552994 0.766542 0.733108 0.872277 0.894587 0.971233 0.943323 0.850035 0.666459 0.624438 0.858405 0.824937 0.900076
0.376043 0.000000 0.874837 0.987003 0.882185 0.727428 0.755824 0.606875 0.829840 0.661448 0.667185 0.431384 0.825931 0.736088 0.957537 0.664889 0.332160 0.312461 0.675362 0.599489 0.962740 0.866133 0.844109 0.925161 0.877920 0.939090 0.843847 0.848710 0.536998 0.351746 0.981846 0.764187 0.726726 0.657169 0.784581 0.913373 0.913317 0.945859 0.914216 0.806764 0.898319 0.898467 0.617691 0.551928 0.548130 0.474268 0.803781 0.595006 0.575507 0.550675 0.668612 0.674130 0.846558 0.807734 0.942068 0.774998 0.254560 0.278543 0.699803 0.873813 0.751775 0.619924 0.658649 0.421140 0.726839 0.990840 0.833937 0.839554 0.794212 0.642637 0.837508 0.828165 0.839445 0.776466 0.846714 0.789236 0.738197 0.826166 0.729323 0.542509 0.354667 0.533290 0.734110 0.650831 0.854955 0.926991 0.817916 0.844883 0.906639 0.917078 0.702777 0.873055 0.780999 0.956827 0.702344 0.887144 0.656285 0.851395 0.556852 0.630152 0.765181 0.753661 0.606419 0.695594 0.885184 0.875593 0.791791 0.988278 0.944783 0.872592 0.744179 0.614527 0.672010 0.867110 0.754336 0.847779
0.900503 0.874837 0.000000 0.270719 0.931081 0.924179 0.411948 0.489510 0.770617 0.999033 0.693215 0.955031 0.469122 0.449762 0.493152 0.588646 0.833296 0.956280 0.462588 0.606443 0.934911 0.987532 0.355673 0.439542 0.617498 0.486456 0.861226 0.841337 0.865798 0.977834 0.353095 0.418436 0.461680 0.524500 0.548710 0.700453 0.744731 0.992722 0.686345 0.983596 0.955537 0.728114 0.613596 0.710032 0.933605 0.997191 0.624377 0.659790 0.794983 0.940043 0.998415 0.970770 0.962272 0.956905 0.760724 0.969436 0.888506 0.751868 0.797620 0.918943 0.613759 0.978774 0.829588 0.708278 0.371394 0.385885 0.427051 0.463419 0.785169 0.813356 0.594340 0.602876 0.962723 0.837933 0.945374 0.830396 0.696383 0.693391 0.993872 0.888352 0.816801 0.996373 0.826481 0.825132 0.467807 0.532646 0.725677 0.709519 0.868923 0.814617 0.620617 0.679161 0.722598 0.698511 0.926976 0.881606 0.869681 0.978716 0.829603 0.676416 0.735048 0.684840 0.980818 0.977715 0.752456 0.883086 0.847305 0.805005 0.881420 0.853336 0.922434 0.982067 0.951949 0.960923 0.945814 0.766774
0.801903 0.987003 0.270719 0.000000 0.989885 0.860734 0.430263 0.448568 0.855589 0.920216 0.667063 0.863479 0.454344 0.367849 0.536942 0.546091 0.915019 0.928071 0.410244 0.494075 0.962471 0.992290 0.327544 0.329263 0.535077 0.464248 0.818046 0.718011 0.859487 0.939614 0.307223 0.368588 0.413100 0.500470 0.524104 0.687013 0.722048 0.980139 0.662913 0.974684 0.998825 0.767785 0.604083 0.701881 0.982552 0.962659 0.593810 0.661249 0.705981 0.906873 0.969413 0.958736 0.928814 0.993993 0.737316 0.935579 0.992509 0.836994 0.798957 0.960008 0.658802 0.966113 0.772016 0.768922 0.420468 0.354250 0.407050 0.435467 0.878289 0.840331 0.570785 0.577470 0.881536 0.787261 0.854203 0.819991 0.687842 0.706122 0.865885 0.830136 0.989331 0.816194 0.709847 0.901914 0.440000 0.446005 0.817190 0.691968 0.807789 0.701384 0.621006 0.729868 0.670839 0.743706 0.970320 0.788642 0.911331 0.980759 0.828657 0.670405 0.696847 0.603179 0.959655 0.884916 0.697845 0.838485 0.880385 0.851640 0.850702 0.837065 0.948393 0.922262 0.945869 0.848729 0.967254 0.758487
0.892601 0.882185 0.931081 0.989885 0.000000 0.858779 0.924217 0.880619 0.990962 0.841056 0.919902 0.810573 0.891030 0.827384 0.942124 0.808288 0.978777 0.939341 0.846177 0.807339 0.783629 0.942295 0.886625 0.952606 0.981921 0.936194 0.905387 0.995482 0.989773 0.885575 0.942452 0.830514 0.828598 0.862939 0.872612 0.822899 0.946700 0.985482 0.988373 0.980987 0.968010 0.988645 0.821943 0.865736 0.865209 0.815577 0.937383 0.809077 0.910450 0.987627 0.850940 0.916857 0.843709 0.898812 0.958924 0.940833 0.947224 0.910165 0.901721 0.932351 0.894666 0.999606 0.843687 0.895731 0.987257 0.930230 0.803832 0.770550 0.895118 0.985548 0.914559 0.916771 0.926355 0.888045 0.926328 0.906578 0.924493 0.925700 0.903892 0.910793 0.781205 0.819494 0.935142 0.952417 0.917395 0.911494 0.957545 0.865546 0.967975 0.900767 0.818419 0.846462 0.867872 0.828737 0.984682 0.979491 0.963953 0.950451 0.873855 0.947598 0.984488 0.978454 0.813321 0.795896 0.965596 0.884380 0.910232 0.943154 0.920804 0.946668 0.889929 0.949949 0.966931 0.812637 0.788371 0.831559
0.559510 0.727428 0.924179 0.860734 0.858779 0.000000 0.627113 0.572023 0.602001 0.588398 0.547087 0.541173 0.651865 0.724208 0.898424 0.649670 0.660419 0.594518 0.573068 0.630214 0.941912 0.859070 0.971421 0.955447 0.870687 0.988255 0.831895 0.920292 0.771185 0.644725 0.840319 0.706965 0.682479 0.567166 0.972612 0.941164 0.955479 0.961013 0.904859 0.954107 0.903369 0.964829 0.570476 0.591691 0.636025 0.613527 0.783510 0.668541 0.828409 0.848183 0.932840 0.939934 0.949665 0.870870 0.880659 0.921650 0.597938 0.858905 0.775564 0.964742 0.621268 0.780695 0.637990 0.689680 0.890500 0.900639 0.671547 0.644010 0.941205 0.989292 0.773075 0.733298 0.895717 0.736126 0.996517 0.769794 0.690641 0.722727 0.710964 0.795797 0.756087 0.723994 0.960681 0.965294 0.974621 0.958941 0.950280 0.913697 0.975531 0.877482 0.620362 0.724539 0.677309 0.689995 0.967958 0.978353 0.695192 0.779618 0.538512 0.666246 0.588880 0.618377 0.656967 0.592914 0.940427 0.864013 0.704722 0.938772 0.883013 0.934264 0.978840 0.776702 0.836219 0.848280 0.932310 0.714939
0.535128 0.755824 0.411948 0.430263 0.924217 0.627113 0.000000 0.225205 0.653170 0.548348 0.349887 0.533856 0.352544 0.343781 0.600731 0.497607 0.770582 0.604982 0.264251 0.420355 0.952178 0.895122 0.604600 0.685544 0.962266 0.790815 0.806352 0.966591 0.574368 0.599072 0.524586 0.402944 0.331390 0.288786 0.810096 0.777993 0.778080 0.955523 0.777995 0.983134 0.953146 0.779883 0.398086 0.472038 0.468028 0.544945 0.517982 0.434480 0.820174 0.786041 0.736278 0.788236 0.832662 0.749332 0.904370 0.863231 0.710122 0.929685 0.533335 0.896400 0.321675 0.724894 0.453523 0.789147 0.797609 0.544603 0.317385 0.307981 0.818701 0.950194 0.520233 0.532431 0.961944 0.723461 0.961698 0.731171 0.521134 0.597701 0.823001 0.733504 0.878792 0.759468 0.818161 0.952664 0.697384 0.744291 0.807709 0.828647 0.974537 0.958438 0.382934 0.488242 0.554890 0.603636 0.755667 0.711656 0.820737 0.854556 0.450814 0.397323 0.452548 0.487405 0.698220 0.655515 0.736729 0.737446 0.997521 0.826310 0.889525 0.903009 0.797950 0.756749 0.626069 0.942513 0.960148 0.901515
0.424643 0.606875 0.489510 0.448568 0.880619 0.572023 0.225205 0.000000 0.578591 0.545360 0.329486 0.420022 0.400837 0.329388 0.691650 0.503164 0.629187 0.491965 0.245050 0.343068 0.898230 0.894074 0.681458 0.735109 0.966732 0.788956 0.772732 0.990850 0.478867 0.508227 0.549479 0.406648 0.311166 0.292050 0.848951 0.847921 0.729606 0.992767 0.782038 0.980173 0.977832 0.838393 0.350103 0.420436 0.436787 0.507702 0.519882 0.400789 0.754052 0.688820 0.687638 0.732578 0.770589 0.717012 0.959636 0.828118 0.558406 0.777353 0.514307 0.835771 0.340675 0.623517 0.453910 0.698721 0.849240 0.569053 0.381762 0.347766 0.913599 0.955229 0.540876 0.538131 0.859927 0.669858 0.910111 0.746971 0.474371 0.601801 0.770591 0.669062 0.772195 0.700854 0.815127 0.904178 0.807058 0.827435 0.924012 0.913680 0.959692 0.942566 0.365921 0.505716 0.537575 0.627147 0.748121 0.726993 0.792854 0.800858 0.407600 0.359210 0.468331 0.439546 0.597837 0.588322 0.734676 0.708878 0.949655 0.822363 0.866211 0.916699 0.797768 0.713252 0.603573 0.908439 0.882313 0.920824
0.678859 0.829840 0.770617 0.855589 0.990962 0.602001 0.653170 0.578591 0.000000 0.583934 0.596447 0.708542 0.768162 0.725493 0.853103 0.704665 0.719829 0.703244 0.680857 0.720357 0.766555 0.989217 0.944026 0.909503 0.828933 0.947665 0.885520 0.864780 0.635026 0.751161 0.805147 0.772854 0.706893 0.633749 0.983365 0.754860 0.755161 0.886719 0.861046 0.993822 0.964761 0.988722 0.547314 0.552946 0.562151 0.597978 0.707041 0.610710 0.697752 0.595721 0.666771 0.639173 0.641232 0.623131 0.838882 0.951792 0.717146 0.905605 0.675053 0.790701 0.579247 0.662574 0.857880 0.807863 0.925084 0.823856 0.829001 0.795471 0.978577 0.885680 0.805849 0.753129 0.943991 0.776035 0.941321 0.879928 0.590563 0.786878 0.907253 0.871105 0.967197 0.890332 0.901260 0.929130 0.850838 0.789983 0.975999 0.813724 0.871525 0.872990 0.562495 0.607468 0.729549 0.645933 0.871639 0.967759 0.887015 0.821274 0.530419 0.573323 0.632761 0.675780 0.586770 0.743311 0.971281 0.643148 0.887489 0.752349 0.991445 0.989724 0.905696 0.653216 0.646205 0.800555 0.821449 0.996447
0.660031 0.661448 0.999033 0.920216 0.841056 0.588398 0.548348 0.545360 0.583934 0.000000 0.539461 0.557758 0.798949 0.794266 0.917220 0.790285 0.604756 0.530349 0.677383 0.795656 0.776728 0.908070 0.781578 0.688973 0.469122 0.684594 0.584564 0.809333 0.544076 0.509665 0.932433 0.845858 0.810307 0.618039 0.734587 0.885387 0.989299 0.914356 0.986844 0.897430 0.957180 0.943849 0.546466 0.502628 0.286548 0.293252 0.826876 0.544521 0.414217 0.567276 0.560562 0.642157 0.593812 0.613836 0.718103 0.926495 0.581433 0.741789 0.652708 0.888728 0.507386 0.669632 0.599449 0.523624 0.644882 0.901370 0.772383 0.719608 0.842347 0.939024 0.819709 0.767325 0.988412 0.823684 0.901284 0.847626 0.612260 0.727090 0.766640 0.816459 0.872111 0.971827 0.891402 0.909410 0.693058 0.651726 0.912819 0.868531 0.710377 0.629926 0.508363 0.524492 0.685024 0.645615 0.761127 0.984696 0.653518 0.738516 0.452740 0.489882 0.577601 0.640640 0.543735 0.612957 0.943956 0.770738 0.857527 0.812176 0.977081 0.942208 0.694235 0.513289 0.556506 0.756524 0.906151 0.859544
0.392356 0.667185 0.693215 0.667063 0.919902 0.547087 0.349887 0.329486 0.596447 0.539461 0.000000 0.430222 0.392516 0.458307 0.846185 0.675675 0.584516 0.540543 0.323189 0.413734 0.926753 0.830892 0.920368 0.954904 0.734937 0.980924 0.699541 0.926605 0.505750 0.561203 0.734951 0.594236 0.475422 0.354235 0.901491 0.982462 0.815491 0.921600 0.884676 0.893430 0.954932 0.983545 0.470477 0.493898 0.460518 0.513054 0.508762 0.468230 0.675795 0.688322 0.716467 0.802113 0.793317 0.797672 0.884859 0.773174 0.559949 0.796446 0.445948 0.846445 0.286811 0.663572 0.340329 0.569056 0.939742 0.780073 0.482242 0.472406 0.961016 0.979063 0.612543 0.712330 0.922756 0.729410 0.971132 0.710944 0.597507 0.605877 0.969256 0.837657 0.751739 0.716523 0.952108 0.866742 0.934464 0.969835 0.909769 0.933042 0.969745 0.965629 0.491577 0.577157 0.677453 0.711682 0.794122 0.715926 0.796328 0.783916 0.431317 0.385349 0.460496 0.588110 0.619028 0.542406 0.855304 0.705039 0.960798 0.787660 0.960129 0.947350 0.878656 0.691524 0.545026 0.947942 0.924166 0.908310
0.359187 0.431384 0.955031 0.863479 0.810573 0.541173 0.533856 0.420022 0.708542 0.557758 0.430222 0.000000 0.675466 0.594512 0.925218 0.683809 0.432206 0.358128 0.499513 0.458988 0.961169 0.842284 0.943710 0.937397 0.739230 0.904326 0.684354 0.855537 0.503653 0.416090 0.875201 0.705415 0.540840 0.476021 0.965967 0.989459 0.720282 0.945117 0.913240 0.929862 0.788203 0.944430 0.579474 0.583754 0.439540 0.461429 0.663424 0.506107 0.589468 0.595121 0.708065 0.723290 0.780246 0.749503 0.914832 0.743896 0.395339 0.511234 0.511386 0.791173 0.483114 0.490207 0.465064 0.404224 0.777783 0.869611 0.622630 0.584282 0.850658 0.639042 0.784234 0.736202 0.807305 0.648682 0.970492 0.770587 0.628457 0.748058 0.773259 0.687710 0.505057 0.565826 0.882494 0.681422 0.922805 0.922266 0.907188 0.946875 0.914003 0.950512 0.571050 0.738971 0.683952 0.792091 0.701035 0.777403 0.719331 0.736950 0.488967 0.554279 0.569346 0.595404 0.596297 0.586421 0.885499 0.779960 0.853552 0.912613 0.991654 0.933563 0.811562 0.775507 0.643389 0.881787 0.830930 0.802936
0.538684 0.825931 0.469122 0.454344 0.891030 0.651865 0.352544 0.400837 0.768162 0.798949 0.392516 0.675466 0.000000 0.322491 0.545195 0.536722 0.857204 0.745285 0.334440 0.429157 0.921985 0.983255 0.576125 0.579865 0.911129 0.791012 0.983770 0.889731 0.735359 0.734241 0.573478 0.468028 0.412115 0.364328 0.752367 0.818101 0.890433 0.858322 0.814682 0.964058 0.904014 0.791338 0.475527 0.548716 0.748740 0.777470 0.455105 0.568661 0.964848 0.963936 0.916149 0.999795 0.982762 0.898382 0.779072 0.859340 0.761105 0.999877 0.587867 0.957898 0.426394 0.963829 0.398135 0.861077 0.733821 0.624300 0.393701 0.479471 0.961146 0.877800 0.507894 0.606883 0.993310 0.853244 0.885948 0.610247 0.606428 0.556937 0.988653 0.842299 0.865361 0.760680 0.766557 0.988285 0.600759 0.627935 0.764476 0.702612 0.779805 0.859322 0.556892 0.622188 0.724635 0.682786 0.875183 0.677395 0.909206 0.909747 0.571725 0.505393 0.579813 0.648828 0.733052 0.654908 0.806139 0.822054 0.991142 0.805603 0.887415 0.877165 0.934263 0.892035 0.795147 0.935278 0.996622 0.851837
0.520742 0.736088 0.449762 0.367849 0.827384 0.724208 0.343781 0.329388 0.725493 0.794266 0.458307 0.594512 0.322491 0.000000 0.549451 0.439349 0.817493 0.641330 0.313260 0.328056 0.972818 0.925144 0.541860 0.546308 0.831050 0.718055 0.977384 0.868730 0.637934 0.650135 0.470261 0.399456 0.340249 0.325276 0.710707 0.777431 0.691005 0.917668 0.762899 0.978027 0.940212 0.841110 0.438772 0.514930 0.710287 0.742616 0.500765 0.496712 0.942009 0.900301 0.828608 0.850308 0.892966 0.775156 0.867754 0.880074 0.716955 0.913160 0.623383 0.968991 0.474211 0.857467 0.484298 0.866371 0.663458 0.497652 0.372918 0.424645 0.980592 0.965486 0.529755 0.551742 0.890232 0.723304 0.888953 0.599295 0.528667 0.605424 0.807492 0.757642 0.785186 0.693641 0.721443 0.916851 0.615743 0.599501 0.845856 0.776877 0.822942 0.816968 0.439452 0.592627 0.616829 0.658193 0.855710 0.651841 0.885321 0.918590 0.544127 0.475005 0.540027 0.573335 0.740438 0.736548 0.698868 0.743740 0.982706 0.768207 0.792378 0.913519 0.867228 0.882972 0.739474 0.984688 0.892682 0.905923
0.913754 0.957537 0.493152 0.536942 0.942124 0.898424 0.600731 0.691650 0.853103 0.917220 0.846185 0.925218 0.545195 0.549451 0.000000 0.529243 0.839172 0.971680 0.699693 0.739138 0.948738 0.912972 0.539650 0.569385 0.694852 0.661381 0.726125 0.705006 0.953679 0.968978 0.593022 0.566347 0.687017 0.713095 0.785835 0.807699 0.896677 0.866497 0.830790 0.973391 0.859096 0.774009 0.608991 0.717856 0.926827 0.925538 0.644563 0.781690 0.850745 0.986410 0.928346 0.925846 0.974262 0.848066 0.903599 0.873208 0.977386 0.874057 0.859310 0.869369 0.725675 0.928387 0.891779 0.829788 0.475268 0.582497 0.637940 0.701841 0.760647 0.795462 0.623930 0.649579 0.853203 0.992733 0.969969 0.733508 0.646607 0.706086 0.955577 0.972342 0.830470 0.916322 0.733173 0.874686 0.563819 0.620171 0.717697 0.797216 0.869723 0.833142 0.671263 0.685014 0.755503 0.719760 0.952850 0.899867 0.988223 0.944129 0.778226 0.758129 0.885150 0.816165 0.930261 0.909774 0.779836 0.874465 0.888602 0.739185 0.914549 0.769178 0.903752 0.879817 0.975104 0.962680 0.972704 0.852689
0.627055 0.664889 0.588646 0.546091 0.808288 0.649670 0.497607 0.503164 0.704665 0.790285 0.675675 0.683809 0.536722 0.439349 0.529243 0.000000 0.825792 0.668659 0.547221 0.464066 0.888151 0.861452 0.590226 0.575738 0.760215 0.644326 0.959248 0.840595 0.791406 0.683724 0.534976 0.392698 0.470705 0.479551 0.787724 0.805357 0.668686 0.982323 0.747122 0.868886 0.961580 0.943045 0.552532 0.647418 0.706723 0.694126 0.649568 0.632388 0.952794 0.804915 0.737512 0.765333 0.865167 0.752054 0.918493 0.982189 0.704469 0.765304 0.698740 0.999273 0.611182 0.770010 0.740903 0.871979 0.699020 0.544068 0.543241 0.529797 0.934878 0.959475 0.668558 0.577357 0.883447 0.770198 0.861652 0.692745 0.628171 0.693967 0.740097 0.678933 0.710836 0.616580 0.621563 0.803086 0.602816 0.601972 0.890179 0.778366 0.923786 0.904837 0.545432 0.773149 0.648948 0.713792 0.816765 0.853840 0.769107 0.946449 0.637212 0.687109 0.673041 0.711475 0.814932 0.863719 0.870740 0.895137 0.871123 0.844466 0.964235 0.941580 0.844902 0.816950 0.844807 0.953940 0.926212 0.961946
0.394085 0.332160 0.833296 0.915019 0.978777 0.660419 0.770582 0.629187 0.719829 0.604756 0.584516 0.432206 0.857204 0.817493 0.839172 0.825792 0.000000 0.317543 0.713228 0.701129 0.970961 0.838261 0.736075 0.759685 0.731929 0.778576 0.717644 0.836961 0.485730 0.361440 0.960790 0.872155 0.788676 0.636783 0.748214 0.874360 0.881689 0.825462 0.957405 0.787845 0.870653 0.879433 0.664368 0.569777 0.506129 0.502207 0.827992 0.658357 0.549209 0.507455 0.647800 0.628794 0.770623 0.722097 0.842847 0.753911 0.304075 0.364900 0.691319 0.792425 0.654552 0.524924 0.636854 0.343104 0.650606 0.966203 0.880791 0.832945 0.737059 0.639949 0.905616 0.840610 0.826498 0.755107 0.927900 0.773301 0.744342 0.832516 0.791217 0.644472 0.457398 0.683359 0.951087 0.615249 0.716370 0.786659 0.788830 0.749828 0.749168 0.909143 0.683635 0.826549 0.785175 0.906138 0.659511 0.863336 0.701287 0.792263 0.575779 0.585000 0.754016 0.744093 0.656190 0.687360 0.963801 0.882167 0.751291 0.960977 0.944616 0.917609 0.776641 0.661726 0.626877 0.824669 0.812393 0.831686
0.384053 0.312461 0.956280 0.928071 0.939341 0.594518 0.604982 0.491965 0.703244 0.530349 0.540543 0.358128 0.745285 0.641330 0.971680 0.668659 0.317543 0.000000 0.569782 0.598406 0.974722 0.949187 0.890420 0.916248 0.770955 0.894048 0.716324 0.824276 0.494961 0.316329 0.880272 0.665895 0.626888 0.537033 0.823286 0.943297 0.826146 0.947241 0.948739 0.855589 0.954479 0.947213 0.553750 0.512730 0.422310 0.385737 0.758588 0.514585 0.589849 0.512311 0.648017 0.583212 0.755950 0.700149 0.909954 0.790238 0.276604 0.372736 0.681807 0.879617 0.578749 0.557028 0.563158 0.338570 0.738221 0.929722 0.705689 0.700163 0.802318 0.669406 0.772236 0.716828 0.829365 0.681285 0.904666 0.770381 0.636943 0.686867 0.586872 0.540228 0.414746 0.585573 0.857654 0.614024 0.827249 0.894127 0.839422 0.845683 0.874334 0.958227 0.541285 0.709844 0.634814 0.773703 0.755460 0.794647 0.604128 0.877151 0.484447 0.496710 0.602653 0.643798 0.592047 0.672255 0.859077 0.750280 0.751379 0.992603 0.938684 0.936177 0.807067 0.657502 0.605113 0.841119 0.781427 0.824274
0.427152 0.675362 0.462588 0.410244 0.846177 0.573068 0.264251 0.245050 0.680857 0.677383 0.323189 0.499513 0.334440 0.313260 0.699693 0.547221 0.713228 0.569782 0.000000 0.337818 0.992897 0.888209 0.639778 0.655698 0.956301 0.770957 0.860942 0.933259 0.590463 0.591290 0.514209 0.398831 0.325176 0.304088 0.766266 0.862539 0.788941 0.961521 0.810029 0.960962 0.982335 0.883475 0.422047 0.471468 0.591101 0.636428 0.527868 0.459458 0.912745 0.836454 0.856380 0.913028 0.932343 0.913286 0.863431 0.797259 0.603929 0.861111 0.577743 0.940292 0.390884 0.796260 0.432120 0.780308 0.808172 0.581249 0.344498 0.368097 0.905963 0.992075 0.517251 0.617566 0.896845 0.749017 0.916038 0.732925 0.560878 0.605939 0.790230 0.724148 0.765469 0.660149 0.828729 0.951883 0.716288 0.741822 0.876274 0.821057 0.885955 0.893524 0.441110 0.562663 0.609471 0.681388 0.851493 0.708763 0.861481 0.852983 0.452206 0.401220 0.479680 0.504019 0.659181 0.616439 0.697366 0.755306 0.975613 0.881791 0.940773 0.891910 0.905588 0.750530 0.650018 0.939065 0.938749 0.942030
0.388389 0.599489 0.606443 0.494075 0.807339 0.630214 0.420355 0.343068 0.720357 0.795656 0.413734 0.458988 0.429157 0.328056 0.739138 0.464066 0.701129 0.598406 0.337818 0.000000 0.976547 0.927985 0.718294 0.677751 0.894233 0.760980 0.892782 0.891905 0.590042 0.643683 0.592563 0.442386 0.336072 0.373450 0.776278 0.836871 0.638829 0.921098 0.761680 0.888373 0.915224 0.957616 0.512754 0.562488 0.655532 0.696208 0.518353 0.523625 0.858711 0.747566 0.798061 0.862344 0.850740 0.885179 0.858062 0.798166 0.578322 0.729179 0.509305 0.890766 0.477449 0.707687 0.492220 0.770174 0.826395 0.626230 0.473881 0.482325 0.915160 0.871438 0.604823 0.626963 0.770424 0.669964 0.886459 0.739220 0.592414 0.663082 0.918720 0.719622 0.677288 0.534957 0.667903 0.842715 0.687246 0.705788 0.872606 0.819272 0.910730 0.866770 0.541787 0.763487 0.689029 0.823613 0.806561 0.710510 0.914049 0.831693 0.547380 0.522188 0.612475 0.637143 0.720897 0.675702 0.750364 0.759651 0.900891 0.911046 0.839523 0.965633 0.930637 0.829854 0.701690 0.990801 0.959316 0.973748
0.944222 0.962740 0.934911 0.962471 0.783629 0.941912 0.952178 0.898230 0.766555 0.776728 0.926753 0.961169 0.921985 0.972818 0.948738 0.888151 0.970961 0.974722 0.992897 0.976547 0.000000 0.959492 0.771955 0.794501 0.815466 0.964929 0.998946 0.978527 0.797593 0.992492 0.856609 0.947292 0.856833 0.952415 0.783665 0.742922 0.989342 0.884170 0.952737 0.745571 0.958355 0.930700 0.923683 0.927677 0.851188 0.871489 0.832878 0.910457 0.782490 0.819391 0.873907 0.844979 0.863601 0.947807 0.864775 0.921735 0.878353 0.992077 0.913032 0.958743 0.972488 0.853429 0.994004 0.917979 0.889835 0.897112 0.811883 0.891708 0.993707 0.962086 0.907274 0.923115 0.820303 0.929369 0.923262 0.779322 0.916801 0.988152 0.993407 0.945391 0.764900 0.743263 0.884370 0.880121 0.709555 0.643636 0.981161 0.663362 0.954020 0.982628 0.950901 0.855413 0.987983 0.955905 0.829998 0.988130 0.984595 0.813132 0.892726 0.837568 0.989790 0.932233 0.792687 0.861549 0.987429 0.834061 0.963782 0.769300 0.881064 0.924256 0.814839 0.747043 0.833698 0.881745 0.914350 0.837079
0.885679 0.866133 0.987532 0.992290 0.942295 0.859070 0.895122 0.894074 0.989217 0.908070 0.830892 0.842284 0.983255 0.925144 0.912972 0.861452 0.838261 0.949187 0.888209 0.927985 0.959492 0.000000 0.961210 0.890043 0.871463 0.850248 0.832361 0.888035 0.902223 0.892828 0.929757 0.968823 0.917737 0.966223 0.977652 0.927483 0.835533 0.901803 0.954572 0.806512 0.866536 0.877575 0.919582 0.942579 0.891022 0.901052 0.954884 0.959540 0.832523 0.856328 0.913280 0.996317 0.943549 0.999937 0.964350 0.806431 0.892182 0.869087 0.864917 0.900952 0.882978 0.817202 0.939836 0.926916 0.934178 0.984501 0.959146 0.892787 0.961930 0.972311 0.975456 0.987651 0.844524 0.942724 0.911285 0.963143 0.989180 0.884139 0.947625 0.953877 0.834035 0.944242 0.934925 0.987522 0.982502 0.914249 0.980499 0.959633 0.882275 0.864278 0.980164 0.970052 0.996603 0.982941 0.852194 0.975929 0.973098 0.954441 0.926064 0.987623 0.896696 0.895014 0.917584 0.900063 0.764496 0.892905 0.898598 0.875312 0.995721 0.826833 0.957151 0.862443 0.925814 0.988674 0.872999 0.879283
0.981176 0.844109 0.355673 0.327544 0.886625 0.971421 0.604600 0.681458 0.944026 0.781578 0.920368 0.943710 0.576125 0.541860 0.539650 0.590226 0.736075 0.890420 0.639778 0.718294 0.771955 0.961210 0.000000 0.271145 0.413528 0.480039 0.652485 0.762024 0.861628 0.945961 0.393809 0.464154 0.517425 0.661491 0.468452 0.563619 0.811204 0.964432 0.693126 0.987321 0.988644 0.777485 0.844307 0.947980 0.833834 0.806710 0.749292 0.883197 0.539071 0.726888 0.939115 0.900745 0.864660 0.960776 0.748455 0.982912 0.785522 0.784635 0.997004 0.992405 0.823729 0.915664 0.906397 0.690382 0.366377 0.348281 0.472645 0.485200 0.871786 0.715605 0.628450 0.655736 0.953989 0.920472 0.838795 0.845899 0.837422 0.802889 0.913879 0.819442 0.996644 0.790004 0.687249 0.893912 0.289388 0.297073 0.790748 0.562946 0.706509 0.587358 0.792617 0.886271 0.781359 0.805904 0.960304 0.874524 0.872241 0.918082 0.929984 0.913533 0.926129 0.818929 0.887297 0.961890 0.833552 0.938146 0.836097 0.938100 0.978293 0.843856 0.984596 0.748702 0.806176 0.930187 0.986797 0.831580
0.982871 0.925161 0.439542 0.329263 0.952606 0.955447 0.685544 0.735109 0.909503 0.688973 0.954904 0.937397 0.579865 0.546308 0.569385 0.575738 0.759685 0.916248 0.655698 0.677751 0.794501 0.890043 0.271145 0.000000 0.374468 0.515093 0.624740 0.690817 0.837188 0.936251 0.400820 0.459168 0.564967 0.656071 0.528540 0.666404 0.829808 0.969225 0.647314 0.974038 0.972122 0.789137 0.871896 0.952883 0.786333 0.751345 0.720318 0.906037 0.524868 0.700955 0.868424 0.850925 0.774384 0.923772 0.669525 0.962987 0.873546 0.812245 0.972547 0.931304 0.929995 0.844933 0.932944 0.676281 0.428295 0.436688 0.554312 0.590976 0.966122 0.757304 0.649956 0.706601 0.938910 0.896267 0.815867 0.846254 0.894906 0.837805 0.924764 0.827348 0.974635 0.720688 0.611873 0.957786 0.326072 0.284780 0.853576 0.521062 0.637506 0.612329 0.867229 0.973004 0.842047 0.953134 0.938626 0.862661 0.903523 0.876123 0.933872 0.971875 0.961813 0.891126 0.864455 0.973726 0.778844 0.981970 0.887910 0.966291 0.907487 0.872932 0.960296 0.790827 0.806736 0.877946 0.993668 0.807779
0.867985 0.877920 0.617498 0.535077 0.981921 0.870687 0.962266 0.966732 0.828933 0.469122 0.734937 0.739230 0.911129 0.831050 0.694852 0.760215 0.731929 0.770955 0.956301 0.894233 0.815466 0.871463 0.413528 0.374468 0.000000 0.443662 0.476487 0.731060 0.711827 0.779968 0.526909 0.665072 0.819277 0.999361 0.619917 0.706656 0.871536 0.861768 0.720610 0.927164 0.894055 0.870698 0.936871 0.850034 0.514290 0.539804 0.924950 0.897569 0.446288 0.687487 0.739988 0.751648 0.674570 0.793126 0.842489 0.843595 0.790212 0.870254 0.740223 0.994508 0.811173 0.890568 0.710542 0.553109 0.363596 0.485050 0.881390 0.887716 0.948860 0.822030 0.853207 0.910314 0.970917 0.922027 0.825797 0.922416 0.974176 0.953463 0.990246 0.845165 0.990956 0.866044 0.675549 0.903632 0.427905 0.421530 0.906474 0.759677 0.700710 0.593058 0.841237 0.750329 0.945870 0.847097 0.823972 0.960492 0.787728 0.862170 0.699472 0.796403 0.768646 0.937128 0.715874 0.738100 0.909008 0.882442 0.869976 0.979142 0.975036 0.888587 0.950434 0.737442 0.646794 0.830320 0.988989 0.823336
0.988126 0.939090 0.486456 0.464248 0.936194 0.988255 0.790815 0.788956 0.947665 0.684594 0.980924 0.904326 0.791012 0.718055 0.661381 0.644326 0.778576 0.894048 0.770957 0.760980 0.964929 0.850248 0.480039 0.515093 0.443662 0.000000 0.687670 0.824828 0.946303 0.844433 0.509696 0.635755 0.693634 0.838985 0.705891 0.709793 0.791022 0.862486 0.789451 0.932204 0.999660 0.902829 0.838699 0.989416 0.810957 0.820942 0.815607 0.963237 0.716191 0.915506 0.909296 0.884670 0.858447 0.901971 0.743363 0.874262 0.905247 0.867691 0.977359 0.959408 0.921915 0.925233 0.849500 0.642123 0.381748 0.436122 0.745229 0.748424 0.933326 0.848329 0.871069 0.803340 0.936158 0.960827 0.769792 0.984538 0.952379 0.903809 0.944797 0.873627 0.952475 0.919281 0.754501 0.895161 0.513087 0.563249 0.906162 0.813771 0.787211 0.789578 0.946870 0.918300 0.893335 0.994760 0.866210 0.913883 0.836034 0.898922 0.902474 0.995281 0.940969 0.960102 0.896534 0.815001 0.859883 0.999794 0.935134 0.959920 0.897749 0.906302 0.892918 0.895279 0.867755 0.796569 0.915406 0.854553
0.799399 0.843847 0.861226 0.818046 0.905387 0.831895 0.806352 0.772732 0.885520 0.584564 0.699541 0.684354 0.983770 0.977384 0.726125 0.959248 0.717644 0.716324 0.860942 0.892782 0.998946 0.832361 0.652485 0.624740 0.476487 0.687670 0.000000 0.616450 0.696287 0.689384 0.827130 0.910380 0.861584 0.831556 0.723553 0.944195 0.988735 0.957138 0.828944 0.963462 0.898802 0.970024 0.795555 0.820723 0.554862 0.611041 0.926392 0.858843 0.550607 0.712898 0.789007 0.804127 0.704080 0.862173 0.822249 0.897180 0.786453 0.840623 0.752798 0.965086 0.764196 0.836348 0.695593 0.640219 0.574399 0.723358 0.948856 0.889840 0.926155 0.857158 0.911621 0.867741 0.856960 0.800184 0.892598 0.965111 0.961248 0.916659 0.902516 0.918272 0.921300 0.935482 0.739416 0.738960 0.633421 0.639194 0.881024 0.897075 0.651620 0.676538 0.740312 0.748938 0.788367 0.904765 0.931118 0.839558 0.718736 0.989548 0.697939 0.820418 0.704190 0.808211 0.816265 0.763215 0.954270 0.967819 0.882374 0.890735 0.844008 0.902955 0.939158 0.779356 0.628787 0.951983 0.921540 0.972350
0.984070 0.848710 0.841337 0.718011 0.995482 0.920292 0.966591 0.990850 0.864780 0.809333 0.926605 0.855537 0.889731 0.868730 0.705006 0.840595 0.836961 0.824276 0.933259 0.891905 0.978527 0.888035 0.762024 0.690817 0.731060 0.824828 0.616450 0.000000 0.953832 0.793402 0.696434 0.876075 0.940888 0.993323 0.684067 0.883682 0.920374 0.987297 0.893436 0.966570 0.993517 0.993870 0.970320 0.949848 0.789693 0.812593 0.967469 0.946296 0.709605 0.874102 0.890430 0.874491 0.984709 0.952199 0.912796 0.989435 0.930939 0.793052 0.993492 0.760207 0.861352 0.727417 0.861190 0.674650 0.729911 0.879644 0.942729 0.954171 0.973646 0.973704 0.878721 0.815486 0.845302 0.902514 0.794489 0.973217 0.860471 0.999373 0.907610 0.848067 0.859354 0.922780 0.836880 0.849291 0.763970 0.782629 0.960456 0.870149 0.915100 0.886836 0.914967 0.934727 0.855404 0.798772 0.806361 0.956006 0.890828 0.922866 0.968559 0.984554 0.973676 0.921515 0.964765 0.900238 0.895308 0.961849 0.959457 0.796805 0.987765 0.748713 0.852256 0.800803 0.946811 0.998969 0.891040 0.966392
0.534290 0.536998 0.865798 0.859487 0.989773 0.771185 0.574368 0.478867 0.635026 0.544076 0.505750 0.503653 0.735359 0.637934 0.953679 0.791406 0.485730 0.494961 0.590463 0.590042 0.797593 0.902223 0.861628 0.837188 0.711827 0.946303 0.696287 0.953832 0.000000 0.477079 0.893843 0.795322 0.666445 0.610454 0.905754 0.905543 0.800022 0.978404 0.892898 0.819413 0.934709 0.957004 0.571294 0.553263 0.451205 0.470709 0.753686 0.538224 0.541951 0.510521 0.606477 0.619340 0.661512 0.661390 0.893240 0.762224 0.480083 0.621309 0.542640 0.798696 0.560836 0.577031 0.613386 0.579251 0.837934 0.948836 0.739164 0.738698 0.932034 0.662939 0.849773 0.743290 0.682908 0.672984 0.938851 0.797770 0.597805 0.769753 0.787802 0.765576 0.750219 0.874977 0.980510 0.756908 0.826327 0.820428 0.995373 0.780895 0.744270 0.774092 0.547492 0.731733 0.750667 0.761114 0.698836 0.752266 0.753088 0.872673 0.541070 0.540866 0.662060 0.674061 0.584794 0.741896 0.878194 0.890378 0.821682 0.753400 0.791397 0.971206 0.708713 0.776276 0.594411 0.790709 0.886141 0.938428
0.479899 0.351746 0.977834 0.939614 0.885575 0.644725 0.599072 0.508227 0.751161 0.509665 0.561203 0.416090 0.734241 0.650135 0.968978 0.683724 0.361440 0.316329 0.591290 0.643683 0.992492 0.892828 0.945961 0.936251 0.779968 0.844433 0.689384 0.793402 0.477079 0.000000 0.902886 0.738818 0.629745 0.542048 0.759541 0.945856 0.922139 0.958678 0.904687 0.839890 0.949344 0.997718 0.592571 0.539532 0.456173 0.429928 0.798352 0.561444 0.607387 0.580445 0.566963 0.584058 0.759632 0.634984 0.895594 0.764174 0.374326 0.429222 0.680428 0.755869 0.577033 0.579690 0.515774 0.389779 0.725904 0.914685 0.722372 0.671059 0.813468 0.759125 0.812244 0.789459 0.821011 0.733086 0.919211 0.725900 0.684729 0.768638 0.619907 0.493335 0.426937 0.581374 0.871746 0.633305 0.872043 0.970068 0.871022 0.926268 0.898290 0.972249 0.586171 0.735312 0.682457 0.830818 0.696676 0.823609 0.620971 0.864750 0.517524 0.597619 0.661657 0.632717 0.631733 0.709582 0.935015 0.838284 0.767586 0.955170 0.937241 0.873165 0.689174 0.694258 0.690501 0.783516 0.828621 0.890002
0.817879 0.981846 0.353095 0.307223 0.942452 0.840319 0.524586 0.549479 0.805147 0.932433 0.734951 0.875201 0.573478 0.470261 0.593022 0.534976 0.960790 0.880272 0.514209 0.592563 0.856609 0.929757 0.393809 0.400820 0.526909 0.509696 0.827130 0.696434 0.893843 0.902886 0.000000 0.397436 0.451522 0.557508 0.562838 0.799420 0.712259 0.971108 0.674277 0.944131 0.918552 0.771524 0.678965 0.759738 0.974300 0.993716 0.744167 0.742051 0.754328 0.948605 0.999103 0.975422 0.973803 0.958494 0.833829 0.989053 0.946037 0.924633 0.898212 0.978909 0.730064 0.958901 0.919289 0.799443 0.468596 0.429991 0.538210 0.529268 0.951484 0.935971 0.481777 0.501649 0.811712 0.672720 0.804638 0.720813 0.704657 0.787144 0.783972 0.769394 0.948718 0.819984 0.724414 0.963681 0.491156 0.495222 0.930178 0.746377 0.825535 0.781982 0.658442 0.784359 0.651560 0.779419 0.971510 0.827214 0.933283 0.940788 0.881993 0.753250 0.673307 0.699618 0.985598 0.959427 0.749738 0.897419 0.832656 0.796219 0.938193 0.910962 0.961912 0.869073 0.989380 0.877467 0.968066 0.850318
0.637823 0.764187 0.418436 0.368588 0.830514 0.706965 0.402944 0.406648 0.772854 0.845858 0.594236 0.705415 0.468028 0.399456 0.566347 0.392698 0.872155 0.665895 0.398831 0.442386 0.947292 0.968823 0.464154 0.459168 0.665072 0.635755 0.910380 0.876075 0.795322 0.738818 0.397436 0.000000 0.407611 0.427719 0.646778 0.713444 0.701446 0.904472 0.670880 0.878199 0.986628 0.867915 0.563592 0.619737 0.750123 0.780256 0.559085 0.515402 0.960723 0.846254 0.802659 0.814476 0.917125 0.852423 0.734469 0.980068 0.746237 0.868099 0.696613 0.884311 0.560413 0.826805 0.679800 0.946958 0.617895 0.462372 0.417271 0.421280 0.922990 0.883084 0.562066 0.577574 0.848807 0.716979 0.898518 0.708312 0.609016 0.580528 0.776004 0.623691 0.791792 0.615947 0.622947 0.874136 0.552189 0.533079 0.817312 0.719678 0.865054 0.725691 0.538990 0.691576 0.653231 0.720280 0.845376 0.835117 0.919591 0.925434 0.717236 0.608754 0.688718 0.657840 0.858213 0.773824 0.755360 0.766151 0.994429 0.832615 0.971219 0.951172 0.868583 0.902360 0.904706 0.977963 0.910242 0.901019
0.527921 0.726726 0.461680 0.413100 0.828598 0.682479 0.331390 0.311166 0.706893 0.810307 0.475422 0.540840 0.412115 0.340249 0.687017 0.470705 0.788676 0.626888 0.325176 0.336072 0.856833 0.917737 0.517425 0.564967 0.819277 0.693634 0.861584 0.940888 0.666445 0.629745 0.451522 0.407611 0.000000 0.376135 0.730185 0.759694 0.669844 0.908178 0.722221 0.864572 0.996137 0.814671 0.475947 0.588503 0.652938 0.708937 0.543068 0.572923 0.992354 0.860895 0.812957 0.881418 0.892807 0.822930 0.940428 0.775070 0.732413 0.876614 0.596613 0.864104 0.445480 0.747363 0.536649 0.842496 0.706547 0.471309 0.359876 0.349098 0.960395 0.985787 0.499073 0.531789 0.796933 0.688112 0.859505 0.711548 0.558290 0.706296 0.787501 0.627739 0.717484 0.593125 0.738365 0.897502 0.594081 0.599248 0.894668 0.770268 0.955857 0.855694 0.474375 0.653668 0.614878 0.737536 0.890571 0.735408 0.870596 0.979384 0.586195 0.552278 0.582837 0.555996 0.734245 0.727796 0.766681 0.821238 0.966939 0.919802 0.841682 0.949557 0.973698 0.924809 0.744353 0.902628 0.979604 0.899047
0.468846 0.657169 0.524500 0.500470 0.862939 0.567166 0.288786 0.292050 0.633749 0.618039 0.354235 0.476021 0.364328 0.325276 0.713095 0.479551 0.636783 0.537033 0.304088 0.373450 0.952415 0.966223 0.661491 0.656071 0.999361 0.838985 0.831556 0.993323 0.610454 0.542048 0.557508 0.427719 0.376135 0.000000 0.845007 0.840377 0.722619 0.977331 0.674129 0.978053 0.995924 0.803807 0.478745 0.494012 0.542168 0.605242 0.494262 0.453906 0.840491 0.782906 0.716876 0.753569 0.841667 0.725078 0.932351 0.953851 0.618594 0.828786 0.559700 0.845070 0.356167 0.704295 0.439153 0.699328 0.854112 0.563679 0.390763 0.347911 0.949029 0.990647 0.567738 0.611214 0.878927 0.682295 0.833865 0.614925 0.636135 0.590046 0.853228 0.662297 0.735228 0.605236 0.783400 0.792378 0.708102 0.712093 0.865640 0.781761 0.875783 0.892460 0.458998 0.624309 0.629523 0.699529 0.784569 0.755361 0.848637 0.857519 0.501445 0.467589 0.491539 0.611034 0.733245 0.654942 0.740547 0.773895 0.934204 0.846446 0.870631 0.911254 0.873341 0.750385 0.637964 0.935441 0.889429 0.960320
0.929620 0.784581 0.548710 0.524104 0.872612 0.972612 0.810096 0.848951 0.983365 0.734587 0.901491 0.965967 0.752367 0.710707 0.785835 0.787724 0.748214 0.823286 0.766266 0.776278 0.783665 0.977652 0.468452 0.528540 0.619917 0.705891 0.723553 0.684067 0.905754 0.759541 0.562838 0.646778 0.730185 0.845007 0.000000 0.803857 0.770285 0.980715 0.857695 0.932096 0.913369 0.974167 0.911010 0.935828 0.807630 0.810480 0.830657 0.921702 0.651396 0.810133 0.805549 0.836085 0.895264 0.920448 0.781635 0.995556 0.774005 0.758790 0.892846 0.922592 0.953266 0.823378 0.973854 0.706371 0.551896 0.650201 0.613670 0.673437 0.810966 0.784334 0.738653 0.745304 0.875045 0.786371 0.991103 0.917816 0.843358 0.925678 0.982104 0.987000 0.967291 0.887183 0.857810 0.825753 0.514087 0.584899 0.818150 0.811385 0.787810 0.752800 0.789593 0.876597 0.788676 0.708398 0.914044 0.936751 0.823477 0.951380 0.922914 0.928551 0.946090 0.797500 0.926038 0.967338 0.781997 0.881010 0.813838 0.856013 0.962100 0.913221 0.941941 0.669988 0.862523 0.884722 0.987931 0.915785
0.948834 0.913373 0.700453 0.687013 0.822899 0.941164 0.777993 0.847921 0.754860 0.885387 0.982462 0.989459 0.818101 0.777431 0.807699 0.805357 0.874360 0.943297 0.862539 0.836871 0.742922 0.927483 0.563619 0.666404 0.706656 0.709793 0.944195 0.883682 0.905543 0.945856 0.799420 0.713444 0.759694 0.840377 0.803857 0.000000 0.971121 0.921840 0.976090 0.992809 0.933267 0.874941 0.987705 0.949408 0.978435 0.946699 0.763506 0.929487 0.840456 0.941218 0.933347 0.975223 0.927713 0.953462 0.804636 0.930439 0.803672 0.943306 0.985919 0.938490 0.859519 0.928443 0.858137 0.904504 0.688392 0.613164 0.627604 0.634708 0.974557 0.855972 0.941489 0.828263 0.945990 0.908398 0.845579 0.994105 0.909200 0.928977 0.999340 0.947500 0.939480 0.769737 0.735872 0.956182 0.523449 0.533834 0.893312 0.642180 0.937922 0.795198 0.936652 0.974590 0.885856 0.999897 0.958030 0.865651 0.826601 0.985657 0.879915 0.999960 0.920330 0.931995 0.843831 0.998000 0.894168 0.941695 0.977254 0.863680 0.975860 0.984259 0.980743 0.901174 0.888593 0.883047 0.997502 0.900783
0.842903 0.913317 0.744731 0.722048 0.946700 0.955479 0.778080 0.729606 0.755161 0.989299 0.815491 0.720282 0.890433 0.691005 0.896677 0.668686 0.881689 0.826146 0.788941 0.638829 0.989342 0.835533 0.811204 0.829808 0.871536 0.791022 0.988735 0.920374 0.800022 0.922139 0.712259 0.701446 0.669844 0.722619 0.770285 0.971121 0.000000 0.949394 0.753870 0.758390 0.739080 0.809741 0.852051 0.898851 0.876279 0.963650 0.813493 0.856581 0.980497 0.780916 0.782178 0.764529 0.765835 0.738997 0.944263 0.972052 0.903625 0.877277 0.739175 0.776192 0.774331 0.686802 0.995486 0.964957 0.753694 0.649158 0.793469 0.683249 0.933227 0.874303 0.863529 0.759629 0.749806 0.773149 0.954707 0.765933 0.812941 0.976730 0.909094 0.811377 0.908543 0.877412 0.832262 0.784687 0.841918 0.874261 0.939232 0.976097 0.920052 0.801658 0.783613 0.895762 0.811679 0.859332 0.675656 0.923665 0.995612 0.889345 0.902419 0.917486 0.864623 0.922709 0.980020 0.964214 0.983803 0.839219 0.952368 0.823495 0.796355 0.961511 0.902317 0.967717 0.937316 0.935384 0.976813 0.998634
0.970586 0.945859 0.992722 0.980139 0.985482 0.961013 0.955523 0.992767 0.886719 0.914356 0.921600 0.945117 0.858322 0.917668 0.866497 0.982323 0.825462 0.947241 0.961521 0.921098 0.884170 0.901803 0.964432 0.969225 0.861768 0.862486 0.957138 0.987297 0.978404 0.958678 0.971108 0.904472 0.908178 0.977331 0.980715 0.921840 0.949394 0.000000 0.880159 0.839643 0.938300 0.986469 0.983501 0.914020 0.966474 0.974694 0.997848 0.996044 0.996904 0.954416 0.991918 0.975272 0.988149 0.991919 0.867417 0.878287 0.960379 0.912241 0.967117 0.738671 0.995594 0.756771 0.862732 0.956722 0.934657 0.801468 0.973731 0.909186 0.907330 0.966722 0.910417 0.987579 0.983013 0.975249 0.901771 0.922607 0.875601 0.777284 0.989411 0.919421 0.899695 0.921686 0.982668 0.934320 0.984200 0.983141 0.989755 0.955062 0.829759 0.876677 0.967075 0.881712 0.965328 0.932695 0.942387 0.994368 0.906586 0.944567 0.940513 0.924667 0.940927 0.988684 0.950652 0.907014 0.858187 0.999058 0.878869 0.829518 0.991968 0.959966 0.929704 0.976414 0.921168 0.960977 0.844466 0.896447
