0.000000 0.559847 0.718725 0.582697 0.878341 0.902944 0.708125 0.611609 0.967984 0.803147 0.536156 0.660004 0.846280 0.931539 0.940783 0.882328 0.472896 0.459339 0.563752 0.541132 0.779542 0.909569 0.825784 0.711505 0.900835 0.781253 0.937579 0.900588 0.844219 0.880111 0.927725 0.908646 0.570748 0.572292 0.648424 0.943989 0.776953 0.861926 0.967415 0.930882 0.703033 0.768097 0.818792 0.793840 0.883634 0.690501 0.576885 0.653098 0.772670 0.810956 0.903821 0.932967 0.993962 0.904980 0.617760 0.604184 0.435449 0.543183 0.493335 0.648048 0.611562 0.692078 0.543376 0.508861 0.875664 0.797702 0.643027 0.745766 0.707578 0.684740 0.914713 0.937948 0.953026 0.950785 0.989398 0.935209 0.892260 0.795705 0.671830 0.988546 0.506950 0.508281 0.970130 0.682692 0.816435 0.787166 0.893305 0.848276 0.728250 0.562597 0.818236 0.938979 0.857679 0.984839 0.783002 0.840604 0.713670 0.891324 0.634828 0.710184 0.909411 0.928284 0.595556 0.699007 0.937862 0.679816 0.912237 0.829231 0.939986 0.990929 0.963104 0.741222 0.878616 0.983874 0.955177 0.964108
0.559847 0.000000 0.814796 0.674985 0.744297 0.889489 0.931059 0.767517 0.999941 0.994555 0.771855 0.742204 0.848777 0.771956 0.962153 0.924432 0.646856 0.689404 0.659398 0.650070 0.816866 0.915683 0.895263 0.877711 0.869689 0.736166 0.977363 0.908083 0.985433 0.979570 0.989047 0.959401 0.730511 0.831906 0.771084 0.928003 0.813813 0.853306 0.905300 0.944169 0.805892 0.779376 0.742265 0.664096 0.843509 0.694445 0.708123 0.678429 0.680491 0.681470 0.770073 0.808102 0.793037 0.852261 0.716481 0.859588 0.557156 0.506545 0.628633 0.677098 0.891194 0.858034 0.905305 0.796610 0.850556 0.865694 0.838295 0.812366 0.677824 0.584724 0.789277 0.836806 0.886338 0.972846 0.937916 0.937973 0.743841 0.700962 0.771583 0.936239 0.804090 0.794727 0.945144 0.877342 0.964995 0.946155 0.965604 0.829684 0.854291 0.720019 0.845317 0.904963 0.870654 0.875840 0.933163 0.863802 0.683309 0.899955 0.704403 0.727771 0.978887 0.791579 0.676062 0.693862 0.871863 0.729613 0.901151 0.736353 0.961907 0.858091 0.910425 0.747008 0.737233 0.900850 0.884070 0.973296
0.718725 0.814796 0.000000 0.494904 0.952399 0.783389 0.474475 0.891360 0.633870 0.958587 0.858530 0.855230 0.895528 0.900517 0.949551 0.733671 0.834427 0.739716 0.779280 0.821635 0.762584 0.965351 0.843474 0.985896 0.704015 0.694777 0.827790 0.864840 0.975558 0.824007 0.820823 0.988848 0.595196 0.860082 0.591645 0.967289 0.766964 0.845354 0.880731 0.998275 0.731282 0.727077 0.822040 0.764915 0.751819 0.720571 0.834639 0.867981 0.889937 0.799432 0.816259 0.828967 0.808783 0.695251 0.904807 0.750697 0.683691 0.797027 0.861668 0.910580 0.782802 0.892431 0.860785 0.919181 0.513782 0.976442 0.519589 0.825163 0.716644 0.742762 0.897700 0.876508 0.966080 0.910058 0.917927 0.854259 0.811346 0.848159 0.751496 0.968186 0.713494 0.721352 0.835778 0.723527 0.608584 0.675551 0.999858 0.994725 0.797131 0.798344 0.550009 0.600037 0.530892 0.581879 0.885021 0.674395 0.691134 0.871329 0.730785 0.685991 0.922645 0.865523 0.745143 0.782999 0.827025 0.774299 0.959595 0.744868 0.995065 0.949589 0.889576 0.751851 0.822763 0.984822 0.994230 0.948716
0.582697 0.674985 0.494904 0.000000 0.944452 0.920815 0.576095 0.719072 0.787404 0.932040 0.747675 0.921629 0.772926 0.891477 0.916149 0.880140 0.802953 0.678218 0.601019 0.699739 0.811035 0.961691 0.877171 0.997926 0.698284 0.656275 0.924351 0.923170 0.995329 0.883142 0.815934 0.967829 0.619646 0.764512 0.568590 0.949444 0.880077 0.939298 0.945745 0.974918 0.716069 0.718315 0.719395 0.657221 0.758690 0.649605 0.699862 0.680015 0.844250 0.770547 0.861487 0.840512 0.822439 0.798871 0.819281 0.642348 0.661442 0.751091 0.841423 0.908629 0.723195 0.915799 0.805768 0.816808 0.579409 0.854642 0.575551 0.752964 0.771594 0.714072 0.818064 0.870643 0.915302 0.967638 0.950927 0.902625 0.739913 0.817408 0.815768 0.950061 0.674265 0.688088 0.910291 0.822919 0.676540 0.633960 0.993523 0.931067 0.849249 0.665075 0.505817 0.661272 0.489449 0.641981 0.877468 0.664514 0.644430 0.833529 0.607231 0.605951 0.974278 0.878226 0.652993 0.629214 0.782602 0.706203 0.949193 0.811110 0.987354 0.971264 0.851745 0.662324 0.872055 0.927352 0.942273 0.975323
0.878341 0.744297 0.952399 0.944452 0.000000 0.931333 0.839237 0.954414 0.740144 0.872635 0.956768 0.931439 0.896988 0.983703 0.788837 0.894752 0.961252 0.992045 0.931503 0.960940 0.803377 0.924837 0.613233 0.691273 0.941112 0.854369 0.822750 0.768762 0.871478 0.886863 0.927068 0.797390 0.942389 0.979244 0.917602 0.970057 0.900911 0.713158 0.985314 0.909073 0.801117 0.876891 0.667981 0.692225 0.942407 0.886247 0.778390 0.815668 0.827712 0.905681 0.915864 0.995807 0.878732 0.909001 0.988549 0.990075 0.831264 0.969409 0.805140 0.907947 0.852030 0.983206 0.910161 0.945135 0.777028 0.972074 0.982105 0.848259 0.798237 0.822022 0.970181 0.963195 0.861072 0.768070 0.980950 0.896371 0.970160 0.859128 0.915673 0.967576 0.942060 0.967400 0.720784 0.905194 0.693263 0.744432 0.808200 0.739938 0.946026 0.954021 0.890753 0.944300 0.932929 0.993469 0.975346 0.857450 0.956824 0.756396 0.997589 0.977627 0.876918 0.875545 0.830051 0.801541 0.878807 0.881998 0.986618 0.882173 0.852218 0.924608 0.974407 0.971391 0.886354 0.904975 0.935220 0.918679
0.902944 0.889489 0.783389 0.920815 0.931333 0.000000 0.901551 0.824161 0.924237 0.839740 0.883662 0.747983 0.895135 0.786326 0.956801 0.794649 0.983133 0.972077 0.935949 0.948735 0.975251 0.891479 0.849956 0.872758 0.916619 0.995388 0.994992 0.933728 0.996098 0.930769 0.954928 0.888966 0.944470 0.994058 0.845969 0.979400 0.891630 0.860934 0.960375 0.911640 0.981939 0.858083 0.956576 0.971957 0.839878 0.964051 0.917198 0.990166 0.908248 0.865233 0.858130 0.856602 0.885293 0.814818 0.890820 0.881362 0.978104 0.968649 0.961253 0.789356 0.868565 0.701507 0.987508 0.954829 0.870725 0.709932 0.946883 0.935015 0.870311 0.999340 0.953111 0.942495 0.994895 0.992930 0.954850 0.868037 0.925869 0.933284 0.947438 0.894089 0.966685 0.994912 0.736687 0.896289 0.772028 0.933816 0.917657 0.822733 0.974603 0.985068 0.938952 0.849727 0.983532 0.871870 0.995355 0.980199 0.934199 0.866211 0.988917 0.954261 0.874270 0.952988 0.969374 0.940307 0.941503 0.984045 0.954646 0.920447 0.906627 0.953199 0.861414 0.948310 0.942518 0.937979 0.771385 0.870770
0.708125 0.931059 0.474475 0.576095 0.839237 0.901551 0.000000 0.552636 0.598410 0.556566 0.732898 0.920852 0.901059 0.811054 0.811398 0.692809 0.707345 0.618758 0.749765 0.864703 0.956267 0.952926 0.877816 0.902061 0.937946 0.953451 0.928281 0.885916 0.810429 0.857920 0.848289 0.995804 0.541615 0.581525 0.676537 0.966135 0.958389 0.895321 0.992658 0.975495 0.757361 0.899490 0.931943 0.888853 0.598454 0.593868 0.866574 0.843018 0.865357 0.981326 0.976638 0.869798 0.921150 0.997562 0.852811 0.749698 0.838547 0.993199 0.898665 0.921819 0.464667 0.748913 0.561652 0.623758 0.745250 0.880140 0.513330 0.682151 0.986717 0.913770 0.989454 0.850419 0.965572 0.988722 0.864409 0.873988 0.937032 0.990716 0.778229 0.818039 0.555111 0.580428 0.862515 0.667045 0.606778 0.726881 0.874387 0.972195 0.931347 0.885556 0.549294 0.755238 0.603617 0.795161 0.806500 0.756543 0.742251 0.895823 0.577656 0.672128 0.997935 0.993194 0.788993 0.755373 0.942508 0.883971 0.834092 0.908160 0.865747 0.998514 0.844652 0.726469 0.850556 0.886114 0.778003 0.873084
0.611609 0.767517 0.891360 0.719072 0.954414 0.824161 0.552636 0.000000 0.842859 0.419409 0.459568 0.451453 0.820966 0.912156 0.711912 0.893314 0.560024 0.568318 0.713355 0.761468 0.947900 0.836455 0.814669 0.735119 0.684305 0.783830 0.764023 0.730240 0.652949 0.615975 0.947035 0.941221 0.713594 0.431946 0.832284 0.995360 0.836800 0.713642 0.973133 0.960717 0.803663 0.996823 0.945121 0.905397 0.713144 0.623587 0.773165 0.784259 0.802791 0.864914 0.754009 0.628080 0.684298 0.628902 0.712615 0.736083 0.867289 0.926096 0.787226 0.836947 0.383013 0.394825 0.477252 0.409099 0.869199 0.692389 0.762084 0.633309 0.866300 0.873846 0.977080 0.829101 0.973642 0.967787 0.905268 0.954819 0.904102 0.912739 0.824244 0.773672 0.588784 0.642678 0.921467 0.726444 0.988928 0.932299 0.768834 0.811255 0.974436 0.796154 0.831198 0.867375 0.893612 0.819391 0.828275 0.918136 0.812824 0.882127 0.593041 0.787174 0.795461 0.853028 0.734381 0.783763 0.892421 0.947296 0.762381 0.895844 0.846118 0.998156 0.868128 0.745013 0.879454 0.791769 0.805748 0.817625
0.967984 0.999941 0.633870 0.787404 0.740144 0.924237 0.598410 0.842859 0.000000 0.801394 0.937791 0.933994 0.848245 0.950692 0.962649 0.956925 0.930988 0.866489 0.955038 0.988158 0.963486 0.936444 0.748468 0.880385 0.990976 0.992720 0.916305 0.968141 0.926520 0.944717 0.909001 0.977562 0.831106 0.897484 0.841560 0.915630 0.974874 0.892894 0.889102 0.935261 0.878165 0.956322 0.872536 0.917233 0.925764 0.922546 0.945345 0.877382 0.942473 0.967105 0.961863 0.950883 0.856784 0.747198 0.998530 0.858344 0.996166 0.945385 0.895301 0.911279 0.752419 0.928789 0.909891 0.933992 0.660901 0.871960 0.800207 0.952037 0.993634 0.953632 0.989307 0.956970 0.905488 0.983829 0.964799 0.986807 0.840043 0.956674 0.831073 0.908448 0.864530 0.893248 0.804457 0.821561 0.721811 0.728448 0.992225 0.977093 0.907875 0.955887 0.682623 0.710213 0.758158 0.749214 0.967939 0.805570 0.774515 0.984044 0.860060 0.764925 0.857423 0.867993 0.963653 0.926497 0.841482 0.989603 0.946567 0.945064 0.889081 0.981540 0.872415 0.869138 0.839239 0.910054 0.850055 0.956450
0.803147 0.994555 0.958587 0.932040 0.872635 0.839740 0.556566 0.419409 0.801394 0.000000 0.639216 0.637111 0.989767 0.933446 0.642600 0.835253 0.665345 0.628159 0.851487 0.903111 0.948898 0.914333 0.909888 0.757170 0.550829 0.594900 0.794929 0.675090 0.666556 0.583287 0.987222 0.941516 0.808827 0.542701 0.911180 0.958915 0.757662 0.669143 0.953313 0.942353 0.906825 0.884952 0.870140 0.912545 0.702118 0.716837 0.849029 0.908166 0.821488 0.821969 0.799373 0.647038 0.672139 0.637383 0.825099 0.800338 0.967892 0.938602 0.830844 0.864398 0.444936 0.470420 0.488377 0.465490 0.797250 0.770068 0.739700 0.647268 0.735794 0.961145 0.913289 0.773963 0.905438 0.981555 0.870116 0.933086 0.914709 0.836472 0.840800 0.737196 0.611921 0.667381 0.936189 0.726116 0.925277 0.999793 0.759756 0.974727 0.887662 0.895956 0.892953 0.856107 0.991581 0.776239 0.818186 0.949461 0.959019 0.996003 0.709158 0.823804 0.850958 0.778030 0.837503 0.866787 0.909312 0.965007 0.699381 0.835174 0.864199 0.982641 0.962954 0.844436 0.953242 0.866928 0.735210 0.789384
0.536156 0.771855 0.858530 0.747675 0.956768 0.883662 0.732898 0.459568 0.937791 0.639216 0.000000 0.475386 0.818410 0.986369 0.699674 0.850807 0.536007 0.595810 0.774912 0.719299 0.963921 0.807251 0.655669 0.625056 0.880000 0.929046 0.846092 0.940697 0.784512 0.791040 0.824995 0.781032 0.747747 0.510422 0.783421 0.977470 0.904158 0.907403 0.986378 0.893130 0.726717 0.819612 0.957862 0.931847 0.871678 0.751851 0.762852 0.841249 0.868423 0.905580 0.722380 0.680329 0.674222 0.613662 0.691187 0.681927 0.766536 0.835879 0.662759 0.787051 0.524439 0.534150 0.546963 0.469575 0.867130 0.815428 0.767839 0.788271 0.906062 0.701549 0.876389 0.875366 0.850847 0.918299 0.936163 0.878288 0.942111 0.911257 0.788002 0.878755 0.624837 0.704511 0.909608 0.751679 0.930946 0.996345 0.826422 0.676704 0.900235 0.741127 0.873964 0.797055 0.902033 0.831867 0.778165 0.947432 0.832799 0.856444 0.727647 0.848959 0.836716 0.901752 0.612588 0.818903 0.944107 0.836649 0.737523 0.920589 0.861796 0.929179 0.951114 0.799305 0.902919 0.870464 0.947473 0.982020
0.660004 0.742204 0.855230 0.921629 0.931439 0.747983 0.920852 0.451453 0.933994 0.637111 0.475386 0.000000 0.665432 0.669261 0.845753 0.851449 0.648627 0.689983 0.709224 0.760290 0.926158 0.802044 0.671221 0.780958 0.695748 0.765197 0.857287 0.819396 0.714749 0.667229 0.736298 0.870613 0.949998 0.583593 0.979433 0.990220 0.889599 0.718771 0.942708 0.990295 0.881175 0.947375 0.915481 0.923579 0.916795 0.804668 0.753724 0.877416 0.926215 0.807314 0.747995 0.661191 0.680025 0.609846 0.678522 0.777295 0.883888 0.892975 0.803005 0.807454 0.548974 0.438640 0.601446 0.528219 0.718745 0.685270 0.995580 0.846995 0.948161 0.800330 0.874163 0.863868 0.965615 0.966256 0.908865 0.986440 0.893895 0.806000 0.856842 0.850315 0.725756 0.810973 0.820659 0.892707 0.789986 0.954572 0.765695 0.707499 0.961553 0.874498 0.907762 0.691136 0.892765 0.648917 0.861441 0.870952 0.921808 0.967527 0.813835 0.996085 0.743476 0.803591 0.773960 0.924694 0.837217 0.993724 0.827676 0.875098 0.912477 0.993497 0.964010 0.889617 0.917009 0.866281 0.885008 0.897238
0.846280 0.848777 0.895528 0.772926 0.896988 0.895135 0.901059 0.820966 0.848245 0.989767 0.818410 0.665432 0.000000 0.541151 0.749238 0.607461 0.943094 0.951065 0.730234 0.928060 0.898208 0.983332 0.945748 0.865587 0.948152 0.972532 0.874656 0.927037 0.882245 0.971177 0.961006 0.988738 0.988149 0.858272 0.927781 0.997204 0.954040 0.898473 0.960874 0.798710 0.847026 0.978404 0.904473 0.923212 0.958777 0.946482 0.912296 0.955804 0.865536 0.896706 0.919264 0.933085 0.941181 0.843990 0.828555 0.844263 0.997944 0.970264 0.820837 0.837962 0.751487 0.850765 0.900826 0.921051 0.887679 0.858271 0.991193 0.826738 0.825930 0.881201 0.937993 0.834671 0.857238 0.883766 0.942389 0.896794 0.745158 0.681869 0.914214 0.977686 0.943838 0.952196 0.944176 0.949309 0.972939 0.850540 0.983791 0.860839 0.931253 0.925248 0.828338 0.923413 0.783090 0.927221 0.866478 0.988354 0.880889 0.986213 0.842133 0.963607 0.955311 0.995871 0.836037 0.892136 0.917374 0.993674 0.883670 0.904313 0.909226 0.989625 0.815106 0.951651 0.929060 0.741113 0.947251 0.974227
0.931539 0.771956 0.900517 0.891477 0.983703 0.786326 0.811054 0.912156 0.950692 0.933446 0.986369 0.669261 0.541151 0.000000 0.644563 0.525479 0.950111 0.966154 0.683484 0.809657 0.938325 0.952994 0.951428 0.795143 0.974971 0.955009 0.755140 0.956322 0.839300 0.865382 0.995529 0.792877 0.859752 0.996806 0.993559 0.926177 0.836248 0.843565 0.948167 0.820389 0.959828 0.909676 0.860248 0.888380 0.927109 0.985908 0.859863 0.927008 0.989937 0.966261 0.978676 0.988552 0.845501 0.885713 0.875801 0.855778 0.974049 0.951486 0.859907 0.978716 0.981849 0.921072 0.998489 0.997846 0.990483 0.880729 0.828850 0.857816 0.941304 0.894576 0.830590 0.727276 0.834784 0.857322 0.953260 0.829621 0.671659 0.757777 0.950622 0.944537 0.984800 0.905742 0.943888 0.926685 0.909946 0.907457 0.903898 0.926840 0.959967 0.935730 0.957441 0.980240 0.980219 0.926632 0.969182 0.943682 0.943345 0.897324 0.979579 0.967649 0.856717 0.954583 0.908984 0.936417 0.987215 0.982766 0.919755 0.967071 0.804370 0.913982 0.911494 0.924971 0.910046 0.940169 0.900665 0.974038
0.940783 0.962153 0.949551 0.916149 0.788837 0.956801 0.811398 0.711912 0.962649 0.642600 0.699674 0.845753 0.749238 0.644563 0.000000 0.550110 0.808624 0.914968 0.818205 0.896154 0.950022 0.939090 0.535156 0.539481 0.805002 0.767048 0.573691 0.913646 0.971669 0.937776 0.753207 0.687553 0.950419 0.777564 0.973154 0.900346 0.899563 0.966396 0.935969 0.809635 0.918998 0.976812 0.873583 0.857183 0.724609 0.744226 0.958271 0.914932 0.788844 0.880297 0.885893 0.705710 0.555941 0.566001 0.925301 0.919932 0.996451 0.890359 0.733745 0.830441 0.791861 0.694623 0.855055 0.779834 0.631419 0.895297 0.832212 0.677768 0.878530 0.882352 0.777744 0.656950 0.756129 0.781130 0.881927 0.941269 0.886089 0.885010 0.963511 0.919782 0.888840 0.964537 0.741492 0.978706 0.743994 0.698496 0.799999 0.819701 0.948638 0.940139 0.989874 0.851753 0.965904 0.890375 0.999502 0.951710 0.874104 0.744911 0.899960 0.924435 0.772445 0.903421 0.852166 0.898722 0.836587 0.967780 0.801576 0.987704 0.914541 0.909459 0.951940 0.970755 0.994434 0.792979 0.848072 0.998352
0.882328 0.924432 0.733671 0.880140 0.894752 0.794649 0.692809 0.893314 0.956925 0.835253 0.850807 0.851449 0.607461 0.525479 0.550110 0.000000 0.850815 0.846283 0.916588 0.991436 0.919627 0.949087 0.785054 0.650725 0.962569 0.999150 0.804424 0.990765 0.937376 0.902078 0.927537 0.763713 0.858719 0.900219 0.794587 0.926332 0.937246 0.890457 0.989076 0.827048 0.906793 0.803959 0.920039 0.893221 0.730349 0.761076 0.945501 0.857733 0.747377 0.921317 0.965596 0.961735 0.783657 0.800589 0.980172 0.848178 0.877814 0.979505 0.725354 0.932462 0.919951 0.979069 0.838547 0.837270 0.979085 0.898527 0.728378 0.773557 0.983811 0.934155 0.855411 0.816866 0.735654 0.773545 0.907532 0.797816 0.858812 0.804596 0.978123 0.944724 0.760447 0.757570 0.985741 0.833981 0.911548 0.991018 0.864833 0.919503 0.922689 0.851959 0.877647 0.942117 0.872844 0.905531 0.968329 0.839961 0.852455 0.818100 0.855347 0.819875 0.940931 0.964484 0.885098 0.850176 0.955022 0.848123 0.836481 0.950447 0.875216 0.997626 0.986324 0.894301 0.890467 0.948528 0.846358 0.973350
0.472896 0.646856 0.834427 0.802953 0.961252 0.983133 0.707345 0.560024 0.930988 0.665345 0.536007 0.648627 0.943094 0.950111 0.808624 0.850815 0.000000 0.474004 0.748633 0.631430 0.941063 0.935500 0.850513 0.743127 0.892632 0.986492 0.887307 0.933337 0.755761 0.769459 0.911993 0.916511 0.679363 0.614431 0.738471 0.953146 0.812796 0.961230 0.896904 0.991074 0.858880 0.897910 0.994243 0.926228 0.884085 0.810156 0.750266 0.780846 0.828967 0.958349 0.984202 0.942257 0.881189 0.808253 0.598944 0.709147 0.589886 0.629322 0.523904 0.640946 0.557830 0.590975 0.529299 0.452795 0.955290 0.737211 0.706170 0.730967 0.869307 0.733358 0.980119 0.805359 0.997417 0.983173 0.905563 0.915409 0.973027 0.919407 0.761201 0.936683 0.526810 0.556998 0.978745 0.624351 0.840213 0.859326 0.858994 0.968702 0.788135 0.650178 0.935915 0.825439 0.985343 0.875235 0.816428 0.865836 0.776532 0.947892 0.692446 0.788997 0.923840 0.940578 0.646678 0.765290 0.981992 0.775552 0.839703 0.896932 0.975551 0.956030 0.988726 0.838436 0.894611 0.959233 0.978723 0.938354
0.459339 0.689404 0.739716 0.678218 0.992045 0.972077 0.618758 0.568318 0.866489 0.628159 0.595810 0.689983 0.951065 0.966154 0.914968 0.846283 0.474004 0.000000 0.658383 0.606429 0.845128 0.921129 0.941253 0.754304 0.980978 0.938764 0.960841 0.923192 0.652842 0.642417 0.887594 0.991382 0.610542 0.555971 0.720577 0.826234 0.823169 0.960706 0.956784 0.940426 0.759459 0.843926 0.897721 0.878204 0.832134 0.737529 0.566133 0.683888 0.732555 0.904155 0.938038 0.990601 0.975489 0.875362 0.569585 0.572161 0.511681 0.646475 0.553661 0.682509 0.536740 0.626197 0.444785 0.434102 0.883790 0.786359 0.635929 0.681505 0.932809 0.753240 0.955791 0.830417 0.991272 0.917016 0.940629 0.930586 0.954870 0.961461 0.686959 0.951368 0.374683 0.416521 0.822020 0.468636 0.713025 0.744572 0.915545 0.959893 0.729094 0.572877 0.927594 0.823946 0.995272 0.864008 0.779971 0.813836 0.839911 0.952645 0.691871 0.766681 0.955196 0.863408 0.717574 0.782742 0.929198 0.721515 0.826094 0.998680 0.885069 0.957159 0.998560 0.790259 0.855470 0.985385 0.935035 0.834039
0.563752 0.659398 0.779280 0.601019 0.931503 0.935949 0.749765 0.713355 0.955038 0.851487 0.774912 0.709224 0.730234 0.683484 0.818205 0.916588 0.748633 0.658383 0.000000 0.600063 0.915834 0.869858 0.836728 0.876237 0.969293 0.921768 0.857053 0.996688 0.799316 0.846092 0.880594 0.725319 0.721612 0.715786 0.698049 0.893118 0.933999 0.875194 0.885454 0.788560 0.784258 0.857634 0.959953 0.906566 0.863054 0.768931 0.758609 0.764274 0.868006 0.867621 0.985652 0.943499 0.845867 0.915082 0.678531 0.725796 0.730477 0.789923 0.892877 0.910959 0.684994 0.836622 0.603924 0.665303 0.777597 0.916336 0.871424 0.978015 0.817108 0.803418 0.936717 0.964235 0.801721 0.820466 0.998114 0.979248 0.848743 0.815991 0.817159 0.975519 0.673445 0.646211 0.822383 0.839230 0.675668 0.700776 0.985462 0.927185 0.943267 0.732130 0.787078 0.922831 0.783832 0.954832 0.805429 0.993222 0.870140 0.882861 0.713251 0.660230 0.980712 0.898907 0.742054 0.851042 0.868620 0.688673 0.852639 0.900839 0.944422 0.918267 0.944273 0.740157 0.854826 0.948634 0.970444 0.729227
0.541132 0.650070 0.821635 0.699739 0.960940 0.948735 0.864703 0.761468 0.988158 0.903111 0.719299 0.760290 0.928060 0.809657 0.896154 0.991436 0.631430 0.606429 0.600063 0.000000 0.862669 0.852175 0.986928 0.952219 0.966222 0.915109 0.998934 0.859505 0.820521 0.900641 0.858292 0.899495 0.752422 0.790928 0.705599 0.972425 0.846108 0.916045 0.975386 0.946723 0.823879 0.856123 0.904386 0.899919 0.884361 0.761416 0.673991 0.682432 0.753135 0.695218 0.814930 0.779166 0.785142 0.977406 0.768197 0.723066 0.632303 0.624407 0.622330 0.633668 0.802724 0.826471 0.715225 0.659300 0.871666 0.885960 0.802094 0.856085 0.822700 0.751557 0.857174 0.917606 0.855775 0.889081 0.989051 0.984851 0.899198 0.987012 0.742048 0.985651 0.687187 0.654900 0.793243 0.743855 0.809554 0.775563 0.947975 0.963979 0.846355 0.608066 0.861575 0.991904 0.902301 0.972917 0.937329 0.931833 0.835671 0.840487 0.722046 0.735702 0.831116 0.956121 0.697817 0.783117 0.909285 0.776859 0.915561 0.902787 0.925614 0.969926 0.926553 0.758483 0.810860 0.977587 0.945248 0.877080
0.779542 0.816866 0.762584 0.811035 0.803377 0.975251 0.956267 0.947900 0.963486 0.948898 0.963921 0.926158 0.898208 0.938325 0.950022 0.919627 0.941063 0.845128 0.915834 0.862669 0.000000 0.909168 0.825198 0.752898 0.787859 0.753146 0.941146 0.799965 0.880022 0.790764 0.967033 0.827985 0.791646 0.964522 0.855911 0.959572 0.741215 0.790514 0.818448 0.924418 0.909810 0.984139 0.695278 0.745878 0.982624 0.927981 0.765176 0.871242 0.950234 0.865596 0.769648 0.824151 0.962100 0.927870 0.973316 0.981282 0.644102 0.749989 0.686220 0.845924 0.988135 0.938988 0.934941 0.932725 0.866302 0.900966 0.758057 0.821624 0.786047 0.756517 0.996243 0.905853 0.962814 0.735142 0.955064 0.920456 0.949007 0.968987 0.828618 0.955296 0.919493 0.925405 0.843323 0.944292 0.969482 0.993600 0.990499 0.821686 0.839290 0.790594 0.898403 0.907171 0.943881 0.851773 0.869269 0.706976 0.773448 0.886811 0.983644 0.930992 0.916683 0.952326 0.780660 0.817693 0.990467 0.932047 0.872627 0.851453 0.978556 0.846300 0.972650 0.855901 0.902274 0.924210 0.879756 0.765696
0.909569 0.915683 0.965351 0.961691 0.924837 0.891479 0.952926 0.836455 0.936444 0.914333 0.807251 0.802044 0.983332 0.952994 0.939090 0.949087 0.935500 0.921129 0.869858 0.852175 0.909168 0.000000 0.982929 0.993826 0.993492 0.885914 0.988809 0.745323 0.843922 0.864589 0.947367 0.813195 0.962980 0.872981 0.856053 0.969206 0.851240 0.823088 0.965964 0.956837 0.952982 0.779802 0.980303 0.954362 0.907472 0.958059 0.984663 0.916291 0.959619 0.865323 0.793788 0.791636 0.840576 0.802014 0.894010 0.940993 0.998897 0.910139 0.943591 0.886556 0.857788 0.909777 0.797203 0.832455 0.924589 0.928344 0.946174 0.995846 0.911501 0.948975 0.903849 0.905414 0.859126 0.882279 0.937953 0.916768 0.971637 0.910549 0.945842 0.908530 0.939496 0.886472 0.817047 0.943052 0.943188 0.985420 0.968311 0.956392 0.906366 0.946551 0.941941 0.905683 0.938767 0.839373 0.871057 0.952763 0.997437 0.926310 0.951055 0.929388 0.936677 0.812099 0.980348 0.990987 0.792599 0.929915 0.762668 0.845687 0.962180 0.992867 0.867188 0.915779 0.929233 0.914402 0.908572 0.884580
0.825784 0.895263 0.843474 0.877171 0.613233 0.849956 0.877816 0.814669 0.748468 0.909888 0.655669 0.671221 0.945748 0.951428 0.535156 0.785054 0.850513 0.941253 0.836728 0.986928 0.825198 0.982929 0.000000 0.425239 0.845348 0.927294 0.737650 0.909604 0.972623 0.962715 0.581342 0.532142 0.920498 0.889409 0.868338 0.871539 0.920075 0.960528 0.872730 0.817518 0.910780 0.953812 0.781507 0.781248 0.978155 0.895125 0.845196 0.892498 0.873931 0.877374 0.876835 0.750114 0.608347 0.556870 0.917808 0.929857 0.897014 0.921458 0.641191 0.768539 0.951833 0.750428 0.944626 0.840644 0.526080 0.946430 0.993670 0.905690 0.892623 0.828751 0.784506 0.809014 0.648148 0.687261 0.871482 0.956755 0.942728 0.942519 0.957743 0.950425 0.946491 0.922657 0.599631 0.877100 0.477807 0.601632 0.703780 0.519435 0.938535 0.981210 0.811011 0.683786 0.842855 0.804078 0.968560 0.989774 0.921112 0.709338 0.971675 0.876556 0.702184 0.921304 0.750676 0.844594 0.807051 0.988630 0.955250 0.960682 0.975328 0.923301 0.952207 0.989151 0.996432 0.879234 0.992791 0.842692
0.711505 0.877711 0.985896 0.997926 0.691273 0.872758 0.902061 0.735119 0.880385 0.757170 0.625056 0.780958 0.865587 0.795143 0.539481 0.650725 0.743127 0.754304 0.876237 0.952219 0.752898 0.993826 0.425239 0.000000 0.819718 0.905142 0.677631 0.981119 0.996214 0.991683 0.681810 0.546901 0.952856 0.767909 0.979722 0.941134 0.841563 0.943911 0.911992 0.711926 0.840251 0.948457 0.862967 0.855563 0.870474 0.803975 0.766623 0.821147 0.753018 0.963593 0.926737 0.778447 0.710433 0.611527 0.912061 0.888048 0.806417 0.841510 0.552524 0.778416 0.853360 0.775318 0.802078 0.698897 0.646795 0.937319 0.828758 0.833186 0.867336 0.752537 0.860182 0.861014 0.595745 0.642381 0.916096 0.913616 0.996115 0.994576 0.871965 0.886153 0.775896 0.870841 0.785421 0.891118 0.679370 0.660301 0.758610 0.628478 0.911007 0.931943 0.964682 0.774246 0.934096 0.882488 0.973976 0.867896 0.867512 0.780054 0.837903 0.959588 0.795924 0.998547 0.716574 0.786865 0.871178 0.920150 0.876428 0.961659 0.911397 0.909907 0.882625 0.887292 0.988233 0.912077 0.906912 0.916442
0.900835 0.869689 0.704015 0.698284 0.941112 0.916619 0.937946 0.684305 0.990976 0.550829 0.880000 0.695748 0.948152 0.974971 0.805002 0.962569 0.892632 0.980978 0.969293 0.966222 0.787859 0.993492 0.845348 0.819718 0.000000 0.411324 0.773037 0.641116 0.716589 0.682396 0.797648 0.909229 0.863858 0.790990 0.839037 0.836709 0.713629 0.681089 0.866957 0.965808 0.955263 0.726706 0.698693 0.679148 0.970076 0.987809 0.896114 0.918711 0.988461 0.712984 0.715152 0.618247 0.670070 0.633406 0.952604 0.880711 0.674112 0.815824 0.965061 0.944288 0.708938 0.600687 0.759198 0.690079 0.562042 0.933256 0.825558 0.992667 0.767749 0.858638 0.826264 0.807068 0.925169 0.961262 0.832490 0.948042 0.829121 0.805233 0.911682 0.791527 0.952286 0.968646 0.845435 0.972564 0.797287 0.788990 0.795797 0.940682 0.761350 0.794464 0.826806 0.689100 0.762946 0.630750 0.963591 0.775410 0.854223 0.888119 0.952398 0.873884 0.903479 0.806010 0.955567 0.958578 0.799317 0.832982 0.859356 0.752286 0.892240 0.940126 0.894970 0.934341 0.969438 0.851825 0.714001 0.732717
0.781253 0.736166 0.694777 0.656275 0.854369 0.995388 0.953451 0.783830 0.992720 0.594900 0.929046 0.765197 0.972532 0.955009 0.767048 0.999150 0.986492 0.938764 0.921768 0.915109 0.753146 0.885914 0.927294 0.905142 0.411324 0.000000 0.789155 0.614310 0.760756 0.659701 0.791559 0.987058 0.850074 0.854264 0.844333 0.859027 0.647944 0.636847 0.796315 0.975454 0.878232 0.742529 0.669357 0.681473 0.901206 0.956222 0.890423 0.830164 0.968113 0.706180 0.728620 0.646645 0.726228 0.667434 0.873749 0.849363 0.663247 0.718898 0.901604 0.934859 0.799966 0.742859 0.790637 0.782207 0.568282 0.981593 0.834888 0.978984 0.715042 0.876985 0.794979 0.840490 0.944236 0.886339 0.891175 0.968468 0.809730 0.709803 0.913925 0.730128 0.967243 0.962745 0.918768 0.976031 0.849407 0.771329 0.848530 0.986193 0.680912 0.752874 0.830961 0.758581 0.766095 0.672936 0.920969 0.788826 0.861683 0.821633 0.976676 0.887517 0.909471 0.777419 0.843632 0.840294 0.843813 0.805440 0.773842 0.782993 0.900877 0.963813 0.975989 0.904057 0.910480 0.934349 0.705632 0.764401
0.937579 0.977363 0.827790 0.924351 0.822750 0.994992 0.928281 0.764023 0.916305 0.794929 0.846092 0.857287 0.874656 0.755140 0.573691 0.804424 0.887307 0.960841 0.857053 0.998934 0.941146 0.988809 0.737650 0.677631 0.773037 0.789155 0.000000 0.804015 0.890813 0.998585 0.846162 0.770264 0.976457 0.796807 0.980353 0.897557 0.916904 0.958716 0.991334 0.896395 0.964829 0.915313 0.856347 0.893809 0.763693 0.769688 0.969297 0.846854 0.805697 0.953090 0.959819 0.838955 0.728575 0.741228 0.931300 0.853985 0.983170 0.912690 0.858875 0.871461 0.915605 0.808878 0.972938 0.872066 0.724745 0.923102 0.993933 0.723246 0.945318 0.982442 0.973523 0.835416 0.903891 0.871621 0.962231 0.960407 0.908635 0.976048 0.998896 0.920329 0.956753 0.952342 0.772912 0.898604 0.791759 0.776971 0.866217 0.863895 0.886840 0.917687 0.920522 0.943802 0.990124 0.935646 0.872752 0.996828 0.867442 0.932091 0.877490 0.917193 0.868520 0.963293 0.915252 0.947003 0.761141 0.910430 0.927592 0.924038 0.837786 0.981938 0.953586 0.986489 0.961200 0.814515 0.747036 0.997973
0.900588 0.908083 0.864840 0.923170 0.768762 0.933728 0.885916 0.730240 0.968141 0.675090 0.940697 0.819396 0.927037 0.956322 0.913646 0.990765 0.933337 0.923192 0.996688 0.859505 0.799965 0.745323 0.909604 0.981119 0.641116 0.614310 0.804015 0.000000 0.851492 0.783653 0.966665 0.887563 0.982807 0.845863 0.970062 0.945035 0.702619 0.660838 0.983385 0.976621 0.921724 0.942967 0.911077 0.864767 0.763621 0.826116 0.993742 0.959705 0.847145 0.995274 0.952002 0.893800 0.889901 0.839940 0.989985 0.919394 0.788366 0.915491 0.989444 0.902582 0.799385 0.751583 0.851163 0.787220 0.845040 0.929236 0.977119 0.786606 0.664521 0.934090 0.963864 0.949954 0.892689 0.819606 0.899042 0.975241 0.948866 0.823063 0.900256 0.835964 0.976295 0.866233 0.914394 0.892257 0.956056 0.968329 0.981304 0.868298 0.867620 0.911879 0.963376 0.913739 0.870669 0.784694 0.953992 0.857929 0.845092 0.818953 0.899602 0.970344 0.885210 0.882147 0.805259 0.880493 0.841770 0.889875 0.905248 0.759546 0.873153 0.979910 0.961593 0.951454 0.936890 0.926365 0.755581 0.717383
0.844219 0.985433 0.975558 0.995329 0.871478 0.996098 0.810429 0.652949 0.926520 0.666556 0.784512 0.714749 0.882245 0.839300 0.971669 0.937376 0.755761 0.652842 0.799316 0.820521 0.880022 0.843922 0.972623 0.996214 0.716589 0.760756 0.890813 0.851492 0.000000 0.439887 0.980742 0.803163 0.881350 0.626381 0.911292 0.827335 0.838589 0.709786 0.922197 0.864949 0.954558 0.896039 0.816662 0.807190 0.936485 0.976166 0.842502 0.972796 0.956485 0.741706 0.676880 0.692241 0.832739 0.697734 0.862624 0.797069 0.997789 0.919801 0.992387 0.960068 0.624181 0.624057 0.565596 0.632764 0.953042 0.818543 0.983024 0.961729 0.724314 0.920218 0.825525 0.805171 0.944324 0.790740 0.898450 0.876367 0.985591 0.980391 0.805801 0.984042 0.707615 0.739102 0.817192 0.685972 0.859389 0.834507 0.947738 0.902152 0.963898 0.801322 0.808553 0.616905 0.749510 0.596792 0.806458 0.996335 0.849854 0.879975 0.945503 0.957226 0.964995 0.589815 0.946809 0.959149 0.838041 0.941181 0.809001 0.686558 0.953836 0.985246 0.867599 0.935748 0.915527 0.920880 0.888357 0.694111
0.880111 0.979570 0.824007 0.883142 0.886863 0.930769 0.857920 0.615975 0.944717 0.583287 0.791040 0.667229 0.971177 0.865382 0.937776 0.902078 0.769459 0.642417 0.846092 0.900641 0.790764 0.864589 0.962715 0.991683 0.682396 0.659701 0.998585 0.783653 0.439887 0.000000 0.914973 0.794709 0.841630 0.584618 0.924723 0.827369 0.797192 0.734566 0.970314 0.974114 0.999518 0.859834 0.837655 0.816808 0.927622 0.923256 0.843949 0.957045 0.876516 0.827622 0.792400 0.716257 0.833327 0.692628 0.786474 0.801552 0.958596 0.961909 0.953487 0.895992 0.661662 0.590691 0.569614 0.576897 0.795600 0.828803 0.951824 0.839269 0.672686 0.925048 0.874983 0.848951 0.899099 0.819175 0.998626 0.908371 0.926450 0.948337 0.894519 0.993100 0.738472 0.726040 0.810937 0.691314 0.908724 0.938611 0.982588 0.921525 0.955349 0.856378 0.766957 0.609237 0.720457 0.546326 0.850564 0.851342 0.866902 0.836936 0.936505 0.989576 0.961350 0.680136 0.874694 0.939864 0.900530 0.973489 0.740284 0.759824 0.937179 0.984737 0.957136 0.990566 0.933459 0.994785 0.863491 0.716356
0.927725 0.989047 0.820823 0.815934 0.927068 0.954928 0.848289 0.947035 0.909001 0.987222 0.824995 0.736298 0.961006 0.995529 0.753207 0.927537 0.911993 0.887594 0.880594 0.858292 0.967033 0.947367 0.581342 0.681810 0.797648 0.791559 0.846162 0.966665 0.980742 0.914973 0.000000 0.648284 0.726529 0.979455 0.848248 0.826874 0.984545 0.742495 0.994110 0.986757 0.874117 0.898832 0.994497 0.989162 0.902613 0.887842 0.941336 0.867466 0.864416 0.720450 0.754987 0.705351 0.720031 0.690290 0.995733 0.896831 0.878507 0.915668 0.948596 0.974268 0.993175 0.866433 0.958555 0.984944 0.700385 0.995900 0.837579 0.804652 0.901874 0.819037 0.694180 0.861533 0.809178 0.833606 0.842778 0.948467 0.968867 0.972293 0.910975 0.986278 0.877773 0.831468 0.764038 0.826130 0.590773 0.716275 0.856073 0.720458 0.969992 0.878900 0.852495 0.804321 0.817706 0.820825 0.890143 0.917525 0.986236 0.906501 0.874182 0.829402 0.863864 0.973631 0.867378 0.918427 0.886154 0.897283 0.926528 0.844888 0.975943 0.905443 0.879429 0.995916 0.976034 0.950414 0.874186 0.900075
0.908646 0.959401 0.988848 0.967829 0.797390 0.888966 0.995804 0.941221 0.977562 0.941516 0.781032 0.870613 0.988738 0.792877 0.687553 0.763713 0.916511 0.991382 0.725319 0.899495 0.827985 0.813195 0.532142 0.546901 0.909229 0.987058 0.770264 0.887563 0.803163 0.794709 0.648284 0.000000 0.893506 0.979686 0.939149 0.702477 0.792347 0.878175 0.914505 0.798275 0.878774 0.995525 0.922816 0.927484 0.954010 0.981721 0.967871 0.938518 0.982275 0.926424 0.988439 0.905340 0.722990 0.797002 0.978324 0.964236 0.946832 0.890257 0.700089 0.856624 0.941346 0.869827 0.988222 0.902865 0.795745 0.996368 0.854083 0.988493 0.837350 0.777153 0.773338 0.873140 0.716645 0.627332 0.865761 0.939703 0.916378 0.995585 0.996697 0.841376 0.914853 0.969483 0.690314 0.984121 0.674018 0.773582 0.819527 0.579664 0.811783 0.944711 0.970957 0.934626 0.992207 0.981266 0.954203 0.982767 0.866893 0.727822 0.954737 0.866117 0.927521 0.876388 0.778224 0.859529 0.948926 0.969184 0.899901 0.937639 0.890265 0.843449 0.837514 0.941991 0.933430 0.907220 0.954220 0.802482
0.570748 0.730511 0.595196 0.619646 0.942389 0.944470 0.541615 0.713594 0.831106 0.808827 0.747747 0.949998 0.988149 0.859752 0.950419 0.858719 0.679363 0.610542 0.721612 0.752422 0.791646 0.962980 0.920498 0.952856 0.863858 0.850074 0.976457 0.982807 0.881350 0.841630 0.726529 0.893506 0.000000 0.613888 0.716057 0.871002 0.875051 0.870784 0.996118 0.974905 0.756894 0.768509 0.861381 0.801950 0.748740 0.678621 0.774134 0.732447 0.837466 0.830520 0.901337 0.955537 0.975783 0.953912 0.781389 0.798960 0.594854 0.801147 0.741319 0.874679 0.640519 0.825287 0.687868 0.723372 0.758041 0.822444 0.537267 0.606527 0.882044 0.875603 0.955905 0.912631 0.910690 0.921142 0.975571 0.965232 0.857262 0.945521 0.735893 0.904550 0.608473 0.599257 0.903938 0.734813 0.666602 0.723616 0.907549 0.979698 0.924092 0.766436 0.672912 0.862056 0.741892 0.842113 0.861492 0.730833 0.654721 0.896692 0.701399 0.735497 0.955819 0.958695 0.821712 0.754957 0.921141 0.765150 0.865967 0.780398 0.851611 0.872198 0.937584 0.737950 0.807889 0.944402 0.991846 0.971200
0.572292 0.831906 0.860082 0.764512 0.979244 0.994058 0.581525 0.431946 0.897484 0.542701 0.510422 0.583593 0.858272 0.996806 0.777564 0.900219 0.614431 0.555971 0.715786 0.790928 0.964522 0.872981 0.889409 0.767909 0.790990 0.854264 0.796807 0.845863 0.626381 0.584618 0.979455 0.979686 0.613888 0.000000 0.807829 0.916344 0.971819 0.896941 0.989863 0.997705 0.759475 0.908517 0.929746 0.943715 0.764899 0.689195 0.799938 0.769796 0.809291 0.890384 0.802330 0.705088 0.710777 0.680713 0.658829 0.739320 0.792330 0.942373 0.790520 0.891406 0.452322 0.521290 0.451470 0.439691 0.918869 0.793707 0.726996 0.672164 0.984894 0.864049 0.863661 0.807475 0.988589 0.977023 0.986544 0.960362 0.983534 0.902176 0.829239 0.843276 0.568061 0.598196 0.956782 0.671385 0.839748 0.861995 0.952460 0.958387 0.959207 0.764757 0.854403 0.841964 0.918918 0.798459 0.786286 0.947860 0.892975 0.949444 0.655666 0.739691 0.922770 0.806773 0.774224 0.832010 0.934388 0.854896 0.744219 0.933630 0.866947 0.929327 0.801962 0.717431 0.859121 0.825611 0.794446 0.764795
0.648424 0.771084 0.591645 0.568590 0.917602 0.845969 0.676537 0.832284 0.841560 0.911180 0.783421 0.979433 0.927781 0.993559 0.973154 0.794587 0.738471 0.720577 0.698049 0.705599 0.855911 0.856053 0.868338 0.979722 0.839037 0.844333 0.980353 0.970062 0.911292 0.924723 0.848248 0.939149 0.716057 0.807829 0.000000 0.980110 0.849896 0.912638 0.947120 0.963473 0.722806 0.672298 0.840636 0.849746 0.738619 0.711117 0.865720 0.766527 0.783953 0.746059 0.800891 0.792685 0.820048 0.813019 0.880740 0.710819 0.694066 0.733603 0.791322 0.891945 0.814692 0.981312 0.787725 0.772307 0.698252 0.979007 0.690697 0.868340 0.681145 0.685668 0.771986 0.829648 0.946215 0.968184 0.982450 0.856606 0.934019 0.953126 0.862269 0.945565 0.716574 0.708139 0.844166 0.740581 0.682982 0.775243 0.978256 0.984707 0.979961 0.721413 0.678596 0.702677 0.645064 0.762340 0.835744 0.820557 0.762369 0.821921 0.681649 0.615823 0.964087 0.873214 0.711398 0.754274 0.819272 0.701088 0.953899 0.668277 0.893488 0.923149 0.871388 0.859651 0.969831 0.940998 0.901054 0.976652
0.943989 0.928003 0.967289 0.949444 0.970057 0.979400 0.966135 0.995360 0.915630 0.958915 0.977470 0.990220 0.997204 0.926177 0.900346 0.926332 0.953146 0.826234 0.893118 0.972425 0.959572 0.969206 0.871539 0.941134 0.836709 0.859027 0.897557 0.945035 0.827335 0.827369 0.826874 0.702477 0.871002 0.916344 0.980110 0.000000 0.951893 0.991689 0.971430 0.976399 0.996134 0.987755 0.854905 0.923224 0.868072 0.867883 0.861901 0.780162 0.847017 0.904295 0.977274 0.982902 0.888067 0.920181 0.875563 0.900060 0.886337 0.995862 0.958982 0.922800 0.982196 0.930637 0.909837 0.993871 0.874345 0.987808 0.956561 0.875843 0.867322 0.885279 0.966700 0.997555 0.959293 0.976854 0.964261 0.997205 0.941988 0.861587 0.870914 0.930248 0.909052 0.918654 0.811677 0.864931 0.822255 0.875171 0.998725 0.811295 0.966459 0.915311 0.946442 0.952989 0.995188 0.967591 0.840998 0.975297 0.951420 0.857340 0.909575 0.924194 0.984142 0.888170 0.921032 0.919730 0.890993 0.965068 0.907380 0.899820 0.988433 0.964694 0.950250 0.945934 0.951999 0.977989 0.967149 0.934741
0.776953 0.813813 0.766964 0.880077 0.900911 0.891630 0.958389 0.836800 0.974874 0.757662 0.904158 0.889599 0.954040 0.836248 0.899563 0.937246 0.812796 0.823169 0.933999 0.846108 0.741215 0.851240 0.920075 0.841563 0.713629 0.647944 0.916904 0.702619 0.838589 0.797192 0.984545 0.792347 0.875051 0.971819 0.849896 0.951893 0.000000 0.631580 0.866319 0.820252 0.806599 0.792270 0.941207 0.909500 0.827660 0.870433 0.899875 0.962232 0.973101 0.888883 0.822666 0.758476 0.861358 0.855656 0.840955 0.829716 0.647167 0.634646 0.723595 0.816678 0.901847 0.880106 0.952134 0.995373 0.775585 0.980909 0.829406 0.968599 0.693182 0.801584 0.993963 0.960052 0.971274 0.861958 0.829251 0.832615 0.951880 0.855865 0.761650 0.870796 0.861428 0.906672 0.925700 0.852834 0.926535 0.904865 0.944371 0.870759 0.763043 0.715504 0.954655 0.995824 0.946123 0.863330 0.996159 0.849802 0.810861 0.920048 0.978681 0.957348 0.937464 0.837046 0.760922 0.920617 0.786582 0.764506 0.847250 0.748113 0.973954 0.847963 0.883447 0.987025 0.987759 0.920099 0.741870 0.818255
0.861926 0.853306 0.845354 0.939298 0.713158 0.860934 0.895321 0.713642 0.892894 0.669143 0.907403 0.718771 0.898473 0.843565 0.966396 0.890457 0.961230 0.960706 0.875194 0.916045 0.790514 0.823088 0.960528 0.943911 0.681089 0.636847 0.958716 0.660838 0.709786 0.734566 0.742495 0.878175 0.870784 0.896941 0.912638 0.991689 0.631580 0.000000 0.951517 0.886279 0.845409 0.735485 0.829877 0.837004 0.947166 0.995839 0.947236 0.881220 0.881534 0.700735 0.637519 0.639632 0.833564 0.741125 0.948885 0.961316 0.686044 0.765620 0.787297 0.855126 0.735723 0.731871 0.792309 0.807795 0.886634 0.884818 0.840805 0.932347 0.710245 0.938605 0.851961 0.863287 0.968741 0.912269 0.801512 0.997096 0.875903 0.908305 0.941213 0.900309 0.956159 0.966099 0.958761 0.993626 0.980001 0.999620 0.917701 0.987794 0.813565 0.900471 0.928051 0.830496 0.817061 0.727561 0.991406 0.891114 0.763976 0.862346 0.994276 0.936216 0.953060 0.834377 0.899873 0.806421 0.823527 0.774439 0.775857 0.655061 0.978160 0.825425 0.986540 0.942264 0.983195 0.985161 0.773597 0.781616
