0.000000 0.303416 0.608934 0.993515 0.752450 0.800876 0.724989 0.792780 0.795747 0.866398 0.445962 0.388107 0.825390 0.682775 0.812819 0.921096 0.468471 0.500307 0.482273 0.349509 0.844054 0.942687 0.606961 0.876292 0.838738 0.820806 0.951391 0.944370 0.557141 0.708100 0.735487 0.738887 0.931102 0.676401 0.792198 0.729099 0.811601 0.900777 0.975655 0.908552 0.846337 0.892607 0.995226 0.686843 0.821051 0.670417 0.710170 0.686046 0.316752 0.371208 0.381371 0.434301 0.575577 0.757375 0.597232 0.462318 0.390910 0.357098 0.268111 0.281341 0.820033 0.468871 0.627153 0.499388 0.710205 0.941276 0.699156 0.797872 0.417148 0.452530 0.945823 0.958309 0.596300 0.586268 0.905618 0.814254 0.632437 0.872994 0.901380 0.765221 0.469092 0.480038 0.856256 0.823479 0.919796 0.988815 0.648588 0.807074 0.977034 0.724602 0.656453 0.498904 0.563314 0.550992 0.945264 0.825622 0.780841 0.923023 0.913656 0.901625 0.696945 0.871499 0.750632 0.689187 0.933804 0.977554 0.875125 0.922897 0.940957 0.933593 0.937630 0.986526 0.740098 0.984208 0.957835 0.862293
0.303416 0.000000 0.580769 0.894734 0.720214 0.722123 0.699713 0.668952 0.713146 0.722677 0.552881 0.326698 0.823493 0.607034 0.918955 0.754014 0.436289 0.428637 0.455323 0.334896 0.708393 0.938505 0.705890 0.961156 0.820364 0.826459 0.925512 0.909978 0.514580 0.608517 0.905738 0.887722 0.774339 0.565346 0.783289 0.717758 0.877067 0.899285 0.940971 0.949413 0.907883 0.957967 0.883916 0.578701 0.935221 0.528394 0.617946 0.545129 0.355045 0.352820 0.360044 0.406100 0.585481 0.724779 0.572117 0.510652 0.295854 0.260405 0.334791 0.315391 0.809956 0.411695 0.516304 0.354343 0.711938 0.981847 0.689428 0.886985 0.517675 0.411041 0.853819 0.728067 0.665843 0.634564 0.793682 0.859614 0.537971 0.755585 0.763595 0.621215 0.333273 0.396714 0.787359 0.723589 0.952789 0.971326 0.679881 0.885139 0.865383 0.764384 0.699381 0.496901 0.552825 0.561664 0.937892 0.777190 0.717191 0.970391 0.810970 0.867428 0.629145 0.939591 0.658756 0.708102 0.875282 0.834730 0.927703 0.979774 0.926159 0.879386 0.868695 0.893164 0.717017 0.901722 0.957653 0.846628
0.608934 0.580769 0.000000 0.666876 0.671598 0.873299 0.516226 0.834830 0.745714 0.698804 0.683452 0.581962 0.845970 0.888908 0.677687 0.964837 0.698576 0.741995 0.886813 0.614620 0.728418 0.965530 0.487662 0.643254 0.575630 0.450860 0.784155 0.966018 0.614706 0.692316 0.683550 0.712224 0.866596 0.924696 0.684649 0.713771 0.819101 0.902653 0.940326 0.873313 0.996477 0.941584 0.865215 0.833513 0.886106 0.739029 0.976044 0.923353 0.562294 0.553218 0.601322 0.662417 0.729524 0.870017 0.758704 0.643914 0.559238 0.542940 0.577436 0.515601 0.908650 0.608640 0.733775 0.589666 0.387477 0.602550 0.592756 0.640538 0.744995 0.566352 0.978515 0.870389 0.855354 0.886581 0.980999 0.973156 0.677782 0.917049 0.976959 0.996822 0.791844 0.916464 0.874780 0.904484 0.586842 0.522106 0.843780 0.666245 0.801476 0.979215 0.682590 0.657858 0.633175 0.672330 0.827456 0.942896 0.847345 0.844899 0.843407 0.903927 0.817395 0.735743 0.770462 0.947684 0.894496 0.884486 0.953970 0.907760 0.981867 0.835946 0.955013 0.938968 0.770840 0.956192 0.760865 0.935490
0.993515 0.894734 0.666876 0.000000 0.879897 0.847775 0.685050 0.704545 0.965185 0.978764 0.905602 0.861050 0.671035 0.649936 0.661171 0.684925 0.966948 0.964466 0.910238 0.938566 0.984661 0.968788 0.583809 0.535756 0.937946 0.768483 0.855533 0.944691 0.897662 0.949981 0.912114 0.883445 0.761907 0.833033 0.908746 0.928617 0.951849 0.845723 0.981642 0.971292 0.854464 0.909226 0.997961 0.941177 0.878214 0.884808 0.944618 0.719616 0.986971 0.989105 0.852651 0.857999 0.821447 0.860470 0.941785 0.958175 0.989056 0.939427 0.954940 0.999011 0.615953 0.804206 0.961995 0.849471 0.545466 0.446607 0.880153 0.709936 0.995103 0.964371 0.906687 0.855796 0.815829 0.787919 0.759886 0.911269 0.861542 0.863686 0.789124 0.831045 0.809640 0.762437 0.655188 0.731835 0.510473 0.459270 0.819142 0.631436 0.767358 0.719481 0.824016 0.996452 0.980822 0.977914 0.966138 0.908667 0.886694 0.925424 0.862958 0.692527 0.970491 0.664557 0.983767 0.991815 0.753315 0.802305 0.908246 0.997504 0.963035 0.998877 0.805497 0.981930 0.944233 0.935327 0.848780 0.847976
0.752450 0.720214 0.671598 0.879897 0.000000 0.977585 0.571862 0.952290 0.728683 0.939823 0.929696 0.841704 0.825807 0.970448 0.776362 0.980457 0.817806 0.943400 0.888675 0.840594 0.820656 0.885284 0.713728 0.879158 0.964582 0.951019 0.995619 0.895721 0.963775 0.994848 0.993292 0.875270 0.906590 0.853187 0.826856 0.801070 0.932871 0.983961 0.965370 0.980389 0.937037 0.968396 0.887713 0.989928 0.754130 0.949069 0.980437 0.882085 0.683968 0.629006 0.685763 0.651721 0.673303 0.779804 0.660264 0.688286 0.786935 0.715704 0.780251 0.751693 0.730264 0.918018 0.980387 0.851464 0.683156 0.657838 0.612968 0.647716 0.800346 0.770206 0.907139 0.882672 0.948155 0.974704 0.975028 0.951228 0.846343 0.940812 0.922669 0.972636 0.852954 0.835442 0.892931 0.914630 0.753417 0.706186 0.747430 0.746896 0.871935 0.897507 0.718436 0.736958 0.781250 0.719582 0.949242 0.982389 0.997795 0.772476 0.971520 0.884780 0.963061 0.807326 0.888128 0.955973 0.830309 0.949445 0.926509 0.997483 0.898550 0.942508 0.818657 0.988135 0.968185 0.926689 0.991795 0.916088
0.800876 0.722123 0.873299 0.847775 0.977585 0.000000 0.899547 0.520989 0.916465 0.605321 0.844007 0.668782 0.762087 0.640283 0.816217 0.633306 0.906027 0.818446 0.806973 0.795146 0.756085 0.991500 0.927539 0.981337 0.722820 0.934748 0.907981 0.933074 0.707276 0.775063 0.907028 0.915207 0.765538 0.694387 0.952173 0.957876 0.888440 0.914158 0.947233 0.904981 0.872480 0.790332 0.808357 0.666787 0.829477 0.622010 0.854724 0.719878 0.697562 0.745021 0.716997 0.673721 0.877075 0.680047 0.943237 0.903689 0.849560 0.825149 0.847226 0.718539 0.742075 0.591125 0.738181 0.676490 0.996864 0.776780 0.948575 0.825056 0.883918 0.956531 0.907337 0.829529 0.969438 0.919046 0.796191 0.844623 0.776538 0.752011 0.941270 0.987104 0.835376 0.861049 0.853114 0.916150 0.926764 0.911848 0.968433 0.925513 0.892386 0.935430 0.804095 0.971489 0.933849 0.979596 0.837166 0.870462 0.773168 0.984503 0.685564 0.732046 0.613241 0.873639 0.869438 0.905117 0.848050 0.877830 0.934166 0.796840 0.843411 0.804103 0.885241 0.883256 0.992130 0.920209 0.952160 0.936299
0.724989 0.699713 0.516226 0.685050 0.571862 0.899547 0.000000 0.609017 0.469588 0.838368 0.940637 0.943394 0.591318 0.886260 0.584530 0.811720 0.905534 0.933482 0.974584 0.805746 0.997787 0.844815 0.602587 0.862987 0.877368 0.841050 0.965101 0.791368 0.954032 0.990889 0.809187 0.737121 0.746824 0.816986 0.811420 0.789777 0.921765 0.879833 0.898809 0.915979 0.716028 0.864278 0.727040 0.858160 0.499388 0.852528 0.975312 0.959414 0.707463 0.630468 0.705305 0.735937 0.708006 0.903420 0.556093 0.620390 0.715836 0.611066 0.709514 0.679478 0.505821 0.952624 0.879198 0.925667 0.582845 0.425968 0.465532 0.432941 0.625520 0.561236 0.888969 0.892102 0.875139 0.870367 0.878276 0.953416 0.888559 0.992600 0.912935 0.951918 0.910628 0.913360 0.874658 0.967749 0.640121 0.614260 0.761192 0.737524 0.912804 0.804890 0.473938 0.541297 0.577456 0.530280 0.920168 0.978604 0.921758 0.846450 0.770376 0.584879 0.861856 0.549209 0.880470 0.946025 0.769142 0.873652 0.945572 0.869380 0.899615 0.905486 0.786284 0.771678 0.906304 0.979796 0.749007 0.934106
0.792780 0.668952 0.834830 0.704545 0.952290 0.520989 0.609017 0.000000 0.772555 0.403185 0.610521 0.469759 0.537078 0.527611 0.730508 0.551192 0.676199 0.648977 0.734608 0.682241 0.590384 0.885144 0.954223 0.941314 0.467887 0.716366 0.844407 0.817682 0.588195 0.547854 0.945688 0.890237 0.665754 0.512005 0.921777 0.843376 0.758609 0.946029 0.825900 0.808056 0.707363 0.840816 0.748067 0.570784 0.539443 0.396964 0.819806 0.604895 0.715991 0.772472 0.693215 0.691323 0.844951 0.735668 0.960302 0.973527 0.735055 0.772870 0.785376 0.738665 0.418781 0.358701 0.442494 0.444262 0.957346 0.612706 0.894078 0.653045 0.835668 0.964588 0.988680 0.790807 0.962497 0.960821 0.734624 0.899183 0.681937 0.801081 0.763183 0.901238 0.642291 0.779644 0.820220 0.993081 0.877166 0.890577 0.955094 0.983751 0.856296 0.863351 0.688950 0.945582 0.924518 0.894328 0.877016 0.773816 0.765531 0.905918 0.449566 0.538327 0.503002 0.668304 0.764439 0.776529 0.726947 0.785223 0.946071 0.770083 0.868579 0.932154 0.692060 0.632573 0.623904 0.950880 0.789864 0.782871
0.795747 0.713146 0.745714 0.965185 0.728683 0.916465 0.469588 0.772555 0.000000 0.916120 0.973917 0.846304 0.826488 0.911823 0.835627 0.969043 0.742890 0.733864 0.850537 0.735960 0.942920 0.868230 0.832987 0.896745 0.874912 0.886522 0.959311 0.825525 0.805500 0.816841 0.951141 0.992441 0.910324 0.924815 0.860148 0.984586 0.965312 0.863137 0.912795 0.934029 0.793618 0.748083 0.927893 0.956348 0.782367 0.989761 0.799675 0.843560 0.846363 0.824576 0.839451 0.935436 0.908116 0.944414 0.620730 0.884440 0.712502 0.657589 0.762788 0.845473 0.816012 0.977405 0.894370 0.758067 0.756177 0.688210 0.690843 0.736911 0.766907 0.555259 0.876015 0.712627 0.771657 0.812591 0.984315 0.959251 0.895445 0.907319 0.763868 0.656456 0.721174 0.779148 0.949015 0.834417 0.834057 0.826041 0.851844 0.923056 0.871074 0.892932 0.559640 0.513199 0.631734 0.561142 0.939562 0.841344 0.854526 0.886580 0.857881 0.813298 0.933038 0.871733 0.678403 0.986143 0.862164 0.840075 0.965783 0.930246 0.910448 0.693134 0.905703 0.980654 0.981116 0.830923 0.872774 0.966328
0.866398 0.722677 0.698804 0.978764 0.939823 0.605321 0.838368 0.403185 0.916120 0.000000 0.607234 0.581585 0.849774 0.778855 0.954391 0.759789 0.669630 0.645896 0.903041 0.704570 0.595537 0.980626 0.766029 0.691756 0.516818 0.640762 0.717311 0.855753 0.537342 0.502315 0.906778 0.870253 0.729734 0.677213 0.861776 0.774216 0.859589 0.987669 0.911543 0.874312 0.853982 0.974228 0.798670 0.572444 0.630419 0.441881 0.917895 0.725855 0.737290 0.784329 0.761672 0.778066 0.933243 0.821038 0.985014 0.914143 0.704628 0.762850 0.846931 0.776172 0.733043 0.550279 0.534724 0.519936 0.702449 0.963199 0.999278 0.861542 0.903943 0.855007 0.898840 0.682455 0.931109 0.981819 0.789566 0.915934 0.694218 0.775487 0.875601 0.861427 0.747511 0.927054 0.983843 0.941951 0.732929 0.780603 0.921932 0.860372 0.705846 0.761227 0.869941 0.972271 0.993234 0.909528 0.814045 0.857843 0.815497 0.853743 0.533077 0.627081 0.620130 0.742547 0.735793 0.747772 0.879270 0.957591 0.987298 0.701454 0.840202 0.911238 0.801553 0.657262 0.720965 0.880118 0.953053 0.735908
0.445962 0.552881 0.683452 0.905602 0.929696 0.844007 0.940637 0.610521 0.973917 0.607234 0.000000 0.439346 0.721656 0.730527 0.909614 0.930569 0.403616 0.489982 0.552276 0.423504 0.796500 0.968511 0.547122 0.661581 0.590355 0.685948 0.824513 0.823701 0.403807 0.504863 0.828742 0.937565 0.817548 0.622276 0.753172 0.630786 0.755181 0.983724 0.899124 0.989191 0.956150 0.904655 0.906996 0.639280 0.916502 0.541115 0.794727 0.775434 0.511163 0.565031 0.577925 0.650335 0.797953 0.791610 0.842085 0.753666 0.502128 0.576729 0.480721 0.503774 0.696692 0.534958 0.448815 0.518699 0.573884 0.906682 0.786761 0.948195 0.726138 0.673411 0.814168 0.981990 0.641015 0.597649 0.806908 0.894287 0.718821 0.887584 0.843254 0.730596 0.580865 0.683118 0.943382 0.968703 0.889045 0.846680 0.680598 0.770457 0.860447 0.924563 0.783168 0.726776 0.719261 0.789295 0.966501 0.799244 0.892171 0.990843 0.773877 0.781749 0.630733 0.879724 0.779860 0.604117 0.990120 0.997171 0.817077 0.934048 0.912840 0.903838 0.865918 0.860320 0.733319 0.901822 0.958940 0.846498
0.388107 0.326698 0.581962 0.861050 0.841704 0.668782 0.943394 0.469759 0.846304 0.581585 0.439346 0.000000 0.544553 0.393085 0.886834 0.561854 0.370579 0.404608 0.453936 0.322582 0.721085 0.971491 0.781932 0.947059 0.576461 0.641268 0.876713 0.866027 0.385767 0.444244 0.845780 0.941143 0.729126 0.481000 0.745333 0.716918 0.755583 0.986443 0.826816 0.918214 0.932545 0.916736 0.918028 0.551152 0.929492 0.457471 0.704361 0.623145 0.496222 0.479467 0.415502 0.522058 0.679220 0.768147 0.754856 0.703257 0.379984 0.403729 0.420591 0.403337 0.535480 0.289430 0.355880 0.270721 0.709813 0.873389 0.780705 0.985861 0.682704 0.523178 0.990779 0.751033 0.719013 0.730896 0.750657 0.797011 0.545735 0.746325 0.762304 0.658361 0.385354 0.449511 0.751493 0.852808 0.928243 0.960850 0.852876 0.946787 0.805097 0.952904 0.807966 0.524964 0.569721 0.628392 0.992603 0.741630 0.785520 0.960377 0.712753 0.798644 0.568695 0.955073 0.657313 0.764428 0.911459 0.945920 0.939832 0.914908 0.906905 0.828351 0.773470 0.777227 0.640094 0.892376 0.901863 0.785262
0.825390 0.823493 0.845970 0.671035 0.825807 0.762087 0.591318 0.537078 0.826488 0.849774 0.721656 0.544553 0.000000 0.353017 0.482466 0.471595 0.696451 0.756543 0.584146 0.709575 0.905082 0.969804 0.692807 0.707564 0.762058 0.914453 0.864626 0.931946 0.695604 0.697647 0.996720 0.907619 0.712811 0.622807 0.896152 0.943069 0.789775 0.810420 0.754581 0.920134 0.762316 0.774529 0.985503 0.848826 0.868627 0.811572 0.904078 0.868860 0.978141 0.913754 0.755391 0.840152 0.872831 0.797453 0.857799 0.877467 0.889306 0.939052 0.888980 0.859528 0.374524 0.610672 0.574124 0.659496 0.785047 0.522762 0.928122 0.717052 0.874629 0.981521 0.861924 0.950508 0.962758 0.986561 0.807907 0.855656 0.826854 0.897896 0.858024 0.869196 0.721112 0.699162 0.668330 0.951177 0.592403 0.647185 0.845298 0.807106 0.964721 0.958459 0.833049 0.824155 0.909646 0.901108 0.824114 0.947807 0.970965 0.959663 0.828795 0.788122 0.719326 0.812199 0.862005 0.973466 0.860662 0.900242 0.975485 0.975352 0.910227 0.921120 0.803680 0.794954 0.839414 0.971263 0.808879 0.795477
0.682775 0.607034 0.888908 0.649936 0.970448 0.640283 0.886260 0.527611 0.911823 0.778855 0.730527 0.393085 0.353017 0.000000 0.552459 0.383045 0.563866 0.589116 0.530910 0.538957 0.795392 0.981407 0.830083 0.742686 0.715016 0.789017 0.915443 0.956036 0.568945 0.576828 0.991799 0.916147 0.665896 0.569423 0.840307 0.875057 0.669582 0.886715 0.710038 0.948176 0.805489 0.758477 0.981545 0.757241 0.971045 0.678616 0.843308 0.717248 0.819325 0.719535 0.553942 0.678114 0.746143 0.697445 0.927505 0.997232 0.700066 0.696320 0.717787 0.674677 0.454552 0.498951 0.496598 0.456851 0.959684 0.663472 0.878819 0.889466 0.983563 0.761521 0.904648 0.809848 0.971966 0.952678 0.764571 0.789405 0.747453 0.796333 0.734003 0.714267 0.557463 0.581655 0.655703 0.925919 0.708807 0.742435 0.924272 0.917613 0.960124 0.987228 0.966362 0.583896 0.652778 0.652194 0.961300 0.926253 0.904375 0.990894 0.822260 0.819918 0.719917 0.905459 0.747067 0.986992 0.867930 0.927044 0.962096 0.967943 0.995725 0.953249 0.751475 0.808567 0.850126 0.985614 0.849901 0.837164
0.812819 0.918955 0.677687 0.661171 0.776362 0.816217 0.584530 0.730508 0.835627 0.954391 0.909614 0.886834 0.482466 0.552459 0.000000 0.474522 0.935711 0.902723 0.851241 0.970732 0.993423 0.891183 0.442826 0.579986 0.987954 0.884480 0.782892 0.974458 0.919381 0.886004 0.697218 0.600931 0.615468 0.764506 0.847437 0.928502 0.973132 0.863856 0.758522 0.864980 0.730386 0.718525 0.878482 0.894780 0.773866 0.932291 0.954598 0.866550 0.713571 0.775436 0.923577 0.872559 0.829028 0.982628 0.748703 0.670778 0.893909 0.887649 0.773004 0.810928 0.573322 0.893989 0.830733 0.896758 0.564444 0.475878 0.667828 0.554547 0.673010 0.833774 0.999837 0.807601 0.887953 0.835206 0.850520 0.928641 0.974109 0.960461 0.753857 0.905793 0.943611 0.879671 0.636748 0.890374 0.594943 0.548453 0.800827 0.716901 0.964670 0.904581 0.721566 0.962775 0.927868 0.907407 0.962218 0.954742 0.970126 0.926815 0.898829 0.699692 0.908147 0.862348 0.940162 0.885739 0.827814 0.905674 0.908434 0.908853 0.940115 0.953356 0.826943 0.749343 0.856255 0.966968 0.702512 0.899580
0.921096 0.754014 0.964837 0.684925 0.980457 0.633306 0.811720 0.551192 0.969043 0.759789 0.930569 0.561854 0.471595 0.383045 0.474522 0.000000 0.739600 0.674598 0.670430 0.695337 0.870741 0.964755 0.654300 0.686997 0.871336 0.976862 0.977958 0.960913 0.677306 0.686719 0.819931 0.781649 0.614307 0.602380 0.993111 0.956559 0.957499 0.977873 0.787554 0.995164 0.773581 0.774501 0.876320 0.724080 0.778105 0.679155 0.853640 0.714260 0.995111 0.948089 0.795619 0.875603 0.966757 0.872791 0.966933 0.830427 0.770730 0.868898 0.970365 0.924151 0.535597 0.587782 0.597619 0.533883 0.794628 0.570095 0.859773 0.665738 0.853232 0.833332 0.849055 0.666961 0.970781 0.921565 0.857062 0.796351 0.761127 0.752530 0.638766 0.795563 0.637969 0.640359 0.582648 0.937703 0.671711 0.666994 0.879946 0.782720 0.933771 0.957005 0.911137 0.807271 0.871481 0.868299 0.910638 0.881231 0.837753 0.844821 0.764511 0.736651 0.650991 0.880235 0.788499 0.994928 0.844131 0.810905 0.969983 0.948439 0.992324 0.926946 0.726369 0.777845 0.867512 0.893599 0.727021 0.868527
0.468471 0.436289 0.698576 0.966948 0.817806 0.906027 0.905534 0.676199 0.742890 0.669630 0.403616 0.370579 0.696451 0.563866 0.935711 0.739600 0.000000 0.293144 0.411668 0.296838 0.765736 0.948547 0.708528 0.850056 0.730759 0.728520 0.890094 0.877546 0.354869 0.380176 0.988693 0.866225 0.602207 0.503029 0.752574 0.700754 0.827185 0.967735 0.887281 0.928109 0.927691 0.836073 0.845015 0.537855 0.926014 0.541745 0.612265 0.600706 0.596948 0.588091 0.565780 0.692111 0.840210 0.877080 0.758574 0.797931 0.361371 0.414056 0.481522 0.553358 0.696909 0.543289 0.342116 0.350057 0.671118 0.967120 0.785334 0.994485 0.660819 0.435670 0.932064 0.728676 0.578086 0.555288 0.761776 0.865093 0.642707 0.827357 0.681678 0.519520 0.353898 0.434054 0.763383 0.766355 0.995544 0.984374 0.744345 0.920412 0.699454 0.951629 0.638386 0.495510 0.520133 0.573751 0.982992 0.806157 0.860326 0.919011 0.803136 0.854176 0.668507 0.924052 0.586446 0.651859 0.919573 0.974626 0.981405 0.997684 0.982728 0.734325 0.740631 0.767658 0.765846 0.833808 0.899366 0.760656
0.500307 0.428637 0.741995 0.964466 0.943400 0.818446 0.933482 0.648977 0.733864 0.645896 0.489982 0.404608 0.756543 0.589116 0.902723 0.674598 0.293144 0.000000 0.413610 0.328156 0.770334 0.930173 0.813933 0.902142 0.766651 0.783123 0.875777 0.760260 0.336391 0.356340 0.856006 0.747492 0.518478 0.423337 0.856340 0.785086 0.926581 0.847711 0.909737 0.955952 0.996103 0.819860 0.679475 0.449489 0.753255 0.431520 0.590049 0.488866 0.637140 0.675426 0.668753 0.781001 0.947692 0.984441 0.757835 0.844460 0.343912 0.409974 0.543955 0.603050 0.660987 0.528430 0.343490 0.317814 0.766202 0.970832 0.940548 0.830966 0.698078 0.426352 0.801984 0.639165 0.498489 0.505834 0.782764 0.781561 0.606808 0.720424 0.548389 0.467804 0.316692 0.447804 0.707551 0.711845 0.976374 0.956091 0.791474 0.952328 0.674198 0.980822 0.700485 0.526977 0.597644 0.593342 0.854926 0.773331 0.693024 0.736462 0.771873 0.793591 0.613501 0.898106 0.551796 0.576546 0.836032 0.896372 0.942011 0.966327 0.972918 0.685304 0.580453 0.746993 0.747497 0.782747 0.815229 0.859945
0.482273 0.455323 0.886813 0.910238 0.888675 0.806973 0.974584 0.734608 0.850537 0.903041 0.552276 0.453936 0.584146 0.530910 0.851241 0.670430 0.411668 0.413610 0.000000 0.402343 0.938309 0.991644 0.966460 0.883693 0.892836 0.967784 0.971672 0.883820 0.478939 0.545702 0.896043 0.867265 0.615454 0.518200 0.819291 0.835145 0.808779 0.980982 0.787285 0.870868 0.952108 0.923584 0.855905 0.642196 0.978585 0.694349 0.613167 0.643524 0.661835 0.589031 0.568367 0.636346 0.780318 0.755568 0.737498 0.877683 0.492147 0.535073 0.567992 0.569504 0.686852 0.620076 0.472323 0.501146 0.910084 0.880860 0.828656 0.964729 0.699944 0.566853 0.931751 0.816929 0.646631 0.592454 0.826572 0.853630 0.658178 0.850897 0.721198 0.549040 0.431806 0.473829 0.713876 0.768000 0.804417 0.824794 0.775604 0.985456 0.854498 0.948793 0.771736 0.544829 0.606595 0.608521 0.900072 0.867402 0.909790 0.981843 0.985512 0.881118 0.601721 0.967127 0.674513 0.753721 0.872621 0.865478 0.976067 0.877716 0.920626 0.987060 0.787849 0.925748 0.862802 0.963289 0.919483 0.915890
0.349509 0.334896 0.614620 0.938566 0.840594 0.795146 0.805746 0.682241 0.735960 0.704570 0.423504 0.322582 0.709575 0.538957 0.970732 0.695337 0.296838 0.328156 0.402343 0.000000 0.780579 0.958432 0.732566 0.899182 0.773865 0.725192 0.919270 0.880167 0.383012 0.469344 0.916492 0.950592 0.689159 0.529803 0.815539 0.675993 0.833829 0.969262 0.869187 0.983673 0.965401 0.959635 0.910872 0.586931 0.960805 0.573086 0.697707 0.618943 0.471817 0.465137 0.451735 0.561219 0.720620 0.775972 0.693806 0.690354 0.323845 0.339519 0.415903 0.406189 0.731308 0.481264 0.441015 0.373580 0.684701 0.973413 0.731969 0.961902 0.581475 0.368007 0.943787 0.748410 0.581357 0.611368 0.804066 0.808055 0.572436 0.740449 0.712675 0.586912 0.386714 0.456676 0.806978 0.822026 0.975000 0.998932 0.678251 0.838620 0.794092 0.898708 0.640209 0.453140 0.505182 0.521045 0.965641 0.821305 0.797947 0.982091 0.840846 0.911214 0.585461 0.948560 0.604181 0.730560 0.892302 0.976177 0.970765 0.988544 0.984126 0.828496 0.751816 0.866825 0.774319 0.882235 0.891126 0.773905
0.844054 0.708393 0.728418 0.984661 0.820656 0.756085 0.997787 0.590384 0.942920 0.595537 0.796500 0.721085 0.905082 0.795392 0.993423 0.870741 0.765736 0.770334 0.938309 0.780579 0.000000 0.977279 0.893481 0.817652 0.733356 0.767991 0.939326 0.888457 0.803037 0.783170 0.969819 0.967436 0.817115 0.788649 0.925594 0.912402 0.811922 0.907510 0.833509 0.926507 0.856350 0.928339 0.867634 0.780289 0.822016 0.635631 0.949594 0.677073 0.729745 0.731981 0.717658 0.703983 0.746770 0.761847 0.945759 0.913184 0.760733 0.721205 0.761056 0.746243 0.848763 0.650431 0.707625 0.640339 0.824668 0.999867 0.928836 0.931381 0.889078 0.892316 0.901961 0.787350 0.899705 0.891951 0.804214 0.856366 0.757265 0.865942 0.925100 0.959234 0.771619 0.936763 0.969049 0.959145 0.900715 0.857036 0.896440 0.789049 0.792958 0.990489 0.808792 0.983055 0.982743 0.954148 0.829443 0.817080 0.866740 0.946619 0.557569 0.800233 0.859712 0.797638 0.767987 0.868972 0.815872 0.906474 0.992403 0.834381 0.842827 0.901477 0.849655 0.688190 0.752273 0.898920 0.898675 0.909588
0.942687 0.938505 0.965530 0.968788 0.885284 0.991500 0.844815 0.885144 0.868230 0.980626 0.968511 0.971491 0.969804 0.981407 0.891183 0.964755 0.948547 0.930173 0.991644 0.958432 0.977279 0.000000 0.879012 0.990916 0.918756 0.938226 0.955148 0.989766 0.940398 0.964601 0.991489 0.954218 0.952534 0.966573 0.871092 0.985569 0.954247 0.689532 0.989557 0.728035 0.827638 0.917964 0.909039 0.905459 0.832146 0.916093 0.949512 0.851556 0.966506 0.904938 0.914278 0.955568 0.919663 0.972027 0.912080 0.968473 0.946623 0.922639 0.965543 0.960926 0.819611 0.886256 0.989179 0.985393 0.867268 0.780859 0.834424 0.859119 0.961952 0.936326 0.969682 0.974910 0.961647 0.920899 0.965020 0.861199 0.961401 0.988761 0.991329 0.896362 0.951096 0.888203 0.983683 0.904811 0.921802 0.886657 0.796988 0.991743 0.973765 0.979843 0.838406 0.880096 0.941897 0.942138 0.932057 0.936353 0.846741 0.987650 0.948896 0.909735 0.956407 0.839319 0.964736 0.939268 0.830782 0.862520 0.997968 0.915769 0.998954 0.988989 0.893202 0.887333 0.918243 0.992849 0.941505 0.955678
0.606961 0.705890 0.487662 0.583809 0.713728 0.927539 0.602587 0.954223 0.832987 0.766029 0.547122 0.781932 0.692807 0.830083 0.442826 0.654300 0.708528 0.813933 0.966460 0.732566 0.893481 0.879012 0.000000 0.399294 0.739499 0.619433 0.732535 0.943996 0.695461 0.745249 0.720758 0.719095 0.759810 0.982762 0.737144 0.616163 0.844578 0.970840 0.856577 0.963251 0.756948 0.785679 0.971157 0.854055 0.804886 0.827127 0.951767 0.976594 0.575689 0.616563 0.722300 0.771030 0.847282 0.963670 0.736971 0.658574 0.651192 0.658272 0.592913 0.629201 0.763637 0.859427 0.816598 0.797509 0.309745 0.429027 0.582486 0.532258 0.638096 0.686793 0.922737 0.940425 0.752563 0.692628 0.904885 0.977488 0.785103 0.934276 0.895359 0.953082 0.873087 0.939016 0.662205 0.985754 0.462489 0.451861 0.645070 0.552420 0.857027 0.902303 0.616688 0.773194 0.713906 0.804997 0.918726 0.910926 0.959591 0.887348 0.995450 0.821033 0.990885 0.828954 0.893557 0.726229 0.773234 0.831955 0.855141 0.829549 0.945651 0.964175 0.860926 0.906996 0.835148 0.988815 0.772687 0.940866
0.876292 0.961156 0.643254 0.535756 0.879158 0.981337 0.862987 0.941314 0.896745 0.691756 0.661581 0.947059 0.707564 0.742686 0.579986 0.686997 0.850056 0.902142 0.883693 0.899182 0.817652 0.990916 0.399294 0.000000 0.692543 0.698475 0.735887 0.866313 0.791032 0.768187 0.852286 0.936800 0.860616 0.988707 0.867365 0.696024 0.990977 0.970329 0.830946 0.959661 0.934526 0.848077 0.903598 0.839715 0.932229 0.775399 0.942103 0.928955 0.744499 0.818807 0.951682 0.947916 0.923122 0.995333 0.981556 0.889916 0.875800 0.885524 0.874388 0.853597 0.813431 0.947500 0.845150 0.916961 0.457271 0.559891 0.830718 0.798409 0.918639 0.910220 0.981341 0.922626 0.818125 0.836213 0.981924 0.996264 0.827861 0.959440 0.898043 0.893900 0.955064 0.856966 0.666964 0.861952 0.473894 0.453539 0.711987 0.564251 0.733659 0.771869 0.899000 0.931391 0.973116 0.955436 0.861772 0.990538 0.928752 0.899585 0.815386 0.922647 0.931683 0.925596 0.950262 0.789612 0.971999 0.851416 0.889229 0.782382 0.927578 0.980030 0.911069 0.916955 0.932501 0.907669 0.895881 0.888074
0.838738 0.820364 0.575630 0.937946 0.964582 0.722820 0.877368 0.467887 0.874912 0.516818 0.590355 0.576461 0.762058 0.715016 0.987954 0.871336 0.730759 0.766651 0.892836 0.773865 0.733356 0.918756 0.739499 0.692543 0.000000 0.430033 0.616114 0.858954 0.573391 0.538145 0.804414 0.936119 0.903539 0.759680 0.828355 0.797724 0.736507 0.813095 0.895838 0.815595 0.820487 0.880472 0.976742 0.783556 0.747778 0.592410 0.959884 0.909284 0.764846 0.802146 0.750935 0.803776 0.864827 0.812428 0.936811 0.937163 0.849103 0.843410 0.768211 0.731831 0.619074 0.520831 0.522161 0.577408 0.578647 0.977269 0.859400 0.997226 0.871798 0.962959 0.767817 0.931265 0.974232 0.965316 0.841608 0.884774 0.767019 0.927068 0.942189 0.985976 0.815698 0.991602 0.941282 0.899277 0.758874 0.709887 0.916328 0.790732 0.781117 0.797133 0.929429 0.945601 0.885361 0.977033 0.953031 0.891405 0.990381 0.996748 0.606262 0.820612 0.774552 0.873855 0.817619 0.865976 0.970655 0.952096 0.914548 0.774875 0.921438 0.890724 0.883008 0.826079 0.634750 0.972742 0.896693 0.859426
0.820806 0.826459 0.450860 0.768483 0.951019 0.934748 0.841050 0.716366 0.886522 0.640762 0.685948 0.641268 0.914453 0.789017 0.884480 0.976862 0.728520 0.783123 0.967784 0.725192 0.767991 0.938226 0.619433 0.698475 0.430033 0.000000 0.772343 0.888691 0.609285 0.583092 0.620756 0.823682 0.932473 0.916752 0.735793 0.799932 0.666067 0.866136 0.829248 0.881388 0.920891 0.990064 0.824189 0.935036 0.924287 0.779220 0.928837 0.922909 0.806757 0.825877 0.788961 0.931314 0.924419 0.997568 0.975526 0.920066 0.781278 0.777655 0.750845 0.773864 0.806618 0.647080 0.643424 0.646135 0.490358 0.746681 0.744900 0.767329 0.996887 0.791648 0.804973 0.982222 0.921988 0.924298 0.933559 0.932393 0.730996 0.955765 0.976257 0.961272 0.921053 0.968042 0.890680 0.905133 0.658010 0.555717 0.993227 0.803072 0.810932 0.751718 0.823822 0.755099 0.734563 0.837790 0.922287 0.960118 0.946964 0.870692 0.869237 0.920979 0.948924 0.866529 0.798572 0.943774 0.941978 0.770417 0.998961 0.871167 0.989614 0.885105 0.918553 0.930649 0.818341 0.943756 0.810515 0.831355
0.951391 0.925512 0.784155 0.855533 0.995619 0.907981 0.965101 0.844407 0.959311 0.717311 0.824513 0.876713 0.864626 0.915443 0.782892 0.977958 0.890094 0.875777 0.971672 0.919270 0.939326 0.955148 0.732535 0.735887 0.616114 0.772343 0.000000 0.714425 0.780112 0.854860 0.886947 0.999515 0.863643 0.946831 0.818084 0.994491 0.970472 0.881204 0.940889 0.970951 0.959480 0.933179 0.781994 0.804211 0.799024 0.740088 0.940439 0.977221 0.836345 0.986701 0.958472 0.996554 0.963610 0.962801 0.917681 0.988265 0.923500 0.986418 0.888292 0.908747 0.896645 0.815116 0.804362 0.830550 0.720035 0.912920 0.936271 0.920906 0.966435 0.993949 0.902312 0.876365 0.800003 0.821256 0.988750 0.931741 0.825489 0.935410 0.859561 0.978359 0.883279 0.996989 0.858662 0.992323 0.806587 0.757604 0.951327 0.776965 0.785423 0.906843 0.994112 0.921498 0.970327 0.963395 0.941049 0.986117 0.839743 0.986991 0.810163 0.925313 0.855096 0.817316 0.910335 0.797918 0.901178 0.903315 0.991890 0.646039 0.857974 0.900570 0.984095 0.926703 0.764669 0.985577 0.906275 0.988434
0.944370 0.909978 0.966018 0.944691 0.895721 0.933074 0.791368 0.817682 0.825525 0.855753 0.823701 0.866027 0.931946 0.956036 0.974458 0.960913 0.877546 0.760260 0.883820 0.880167 0.888457 0.989766 0.943996 0.866313 0.858954 0.888691 0.714425 0.000000 0.799852 0.866428 0.981337 0.804640 0.831824 0.872558 0.987502 0.874380 0.909151 0.986317 0.907097 0.927553 0.945768 0.987471 0.632554 0.759105 0.650149 0.701289 0.876056 0.839004 0.960447 0.982977 0.990727 0.940944 0.921630 0.822335 0.948558 0.983920 0.825753 0.881076 0.900422 0.947352 0.752761 0.809105 0.804048 0.819247 0.976801 0.898224 0.828426 0.720346 0.929713 0.928468 0.812091 0.879014 0.779356 0.866876 0.935642 0.969195 0.817402 0.905491 0.843721 0.939029 0.834073 0.928013 0.960081 0.988928 0.985917 0.983405 0.969158 0.925437 0.824652 0.888836 0.863127 0.934017 0.935376 0.926930 0.942992 0.997289 0.881899 0.942142 0.914781 0.879001 0.874058 0.901649 0.912135 0.754422 0.920802 0.941285 0.960704 0.912431 0.824761 0.996227 0.760719 0.847781 0.776578 0.801048 0.933876 0.948934
0.557141 0.514580 0.614706 0.897662 0.963775 0.707276 0.954032 0.588195 0.805500 0.537342 0.403807 0.385767 0.695604 0.568945 0.919381 0.677306 0.354869 0.336391 0.478939 0.383012 0.803037 0.940398 0.695461 0.791032 0.573391 0.609285 0.780112 0.799852 0.000000 0.313696 0.980863 0.825667 0.569528 0.489046 0.712389 0.695916 0.776116 0.993030 0.833454 0.953153 0.968264 0.897021 0.806822 0.535349 0.812162 0.467850 0.691412 0.672476 0.655483 0.665105 0.645317 0.766059 0.934320 0.890861 0.834964 0.898177 0.450531 0.514877 0.569135 0.584206 0.652166 0.518912 0.332254 0.366214 0.609668 0.932794 0.842841 0.939619 0.839163 0.550571 0.973967 0.759087 0.575858 0.620075 0.870725 0.840706 0.577002 0.870127 0.670409 0.602402 0.487660 0.649481 0.851051 0.925125 0.853514 0.843231 0.793390 0.858532 0.700967 0.832391 0.754395 0.595439 0.668910 0.692700 0.953629 0.833194 0.802267 0.861919 0.790383 0.849528 0.580312 0.932468 0.622968 0.667553 0.951882 0.971544 0.940633 0.960135 0.931870 0.835546 0.710978 0.755463 0.798747 0.806490 0.963491 0.839109
0.708100 0.608517 0.692316 0.949981 0.994848 0.775063 0.990889 0.547854 0.816841 0.502315 0.504863 0.444244 0.697647 0.576828 0.886004 0.686719 0.380176 0.356340 0.545702 0.469344 0.783170 0.964601 0.745249 0.768187 0.538145 0.583092 0.854860 0.866428 0.313696 0.000000 0.872247 0.754676 0.614054 0.440987 0.727820 0.696931 0.809348 0.977846 0.871076 0.926694 0.957136 0.921063 0.793015 0.537060 0.742235 0.463193 0.699960 0.684350 0.791474 0.764090 0.733536 0.854352 0.998669 0.908519 0.931001 0.967599 0.526032 0.597013 0.722402 0.730979 0.645576 0.568744 0.303675 0.365522 0.596425 0.922789 0.830419 0.894666 0.997211 0.625635 0.919595 0.703613 0.709752 0.689405 0.825944 0.863017 0.657502 0.800067 0.685696 0.607296 0.522326 0.698113 0.866990 0.903406 0.785599 0.810304 0.893424 0.891944 0.629559 0.721928 0.817960 0.619657 0.687115 0.724472 0.842901 0.790699 0.811490 0.803932 0.742787 0.920880 0.612922 0.905228 0.573074 0.718652 0.929822 0.955124 0.929675 0.955532 0.967888 0.693715 0.632000 0.725806 0.707054 0.821737 0.943373 0.788919
0.735487 0.905738 0.683550 0.912114 0.993292 0.907028 0.809187 0.945688 0.951141 0.906778 0.828742 0.845780 0.996720 0.991799 0.697218 0.819931 0.988693 0.856006 0.896043 0.916492 0.969819 0.991489 0.720758 0.852286 0.804414 0.620756 0.886947 0.981337 0.980863 0.872247 0.000000 0.472167 0.636982 0.776598 0.882255 0.947389 0.799477 0.894039 0.973261 0.956665 0.951452 0.985553 0.562805 0.723264 0.702353 0.858667 0.796856 0.690390 0.741200 0.780840 0.754783 0.834956 0.726026 0.983698 0.900369 0.660397 0.993221 0.925045 0.649882 0.727460 0.959001 0.823070 0.926313 0.994931 0.802816 0.873302 0.791026 0.607028 0.718718 0.889933 0.635899 0.692756 0.950130 0.989357 0.937955 0.960609 0.992095 0.820204 0.714768 0.749240 0.924590 0.981883 0.844702 0.991376 0.980918 0.844057 0.955827 0.917865 0.819722 0.895271 0.858087 0.863870 0.843627 0.898172 0.849613 0.915923 0.883655 0.779071 0.942244 0.839765 0.879388 0.804760 0.902513 0.945453 0.936361 0.712323 0.994043 0.929495 0.911655 0.977723 0.763389 0.838941 0.832121 0.921912 0.716709 0.899370
0.738887 0.887722 0.712224 0.883445 0.875270 0.915207 0.737121 0.890237 0.992441 0.870253 0.937565 0.941143 0.907619 0.916147 0.600931 0.781649 0.866225 0.747492 0.867265 0.950592 0.967436 0.954218 0.719095 0.936800 0.936119 0.823682 0.999515 0.804640 0.825667 0.754676 0.472167 0.000000 0.514613 0.698146 0.890297 0.925890 0.896233 0.978623 0.987753 0.904985 0.839344 0.994735 0.608039 0.713166 0.654921 0.789726 0.777517 0.715249 0.721082 0.785128 0.801863 0.783451 0.691106 0.939117 0.918516 0.678427 0.996974 0.960162 0.724729 0.757649 0.871545 0.897227 0.799432 0.916886 0.809709 0.832434 0.792607 0.580222 0.748332 0.996968 0.724361 0.685615 0.906964 0.984314 0.950949 0.962016 0.958737 0.852755 0.600689 0.705449 0.874301 0.950705 0.769505 0.987495 0.986110 0.844255 0.990588 0.960849 0.793206 0.759120 0.917965 0.904068 0.962801 0.944686 0.826642 0.977653 0.975644 0.805714 0.943123 0.928728 0.889328 0.782943 0.896735 0.894126 0.887902 0.898060 0.914540 0.906056 0.905989 0.910975 0.706708 0.824593 0.832740 0.862544 0.777628 0.941383
0.931102 0.774339 0.866596 0.761907 0.906590 0.765538 0.746824 0.665754 0.910324 0.729734 0.817548 0.729126 0.712811 0.665896 0.615468 0.614307 0.602207 0.518478 0.615454 0.689159 0.817115 0.952534 0.759810 0.860616 0.903539 0.932473 0.863643 0.831824 0.569528 0.614054 0.636982 0.514613 0.000000 0.498153 0.882380 0.959955 0.937214 0.980672 0.878137 0.940211 0.883139 0.888085 0.615586 0.607144 0.623291 0.623700 0.670789 0.630718 0.994949 0.987295 0.936578 0.967976 0.884808 0.935117 0.964728 0.841241 0.742634 0.796681 0.905895 0.931940 0.628821 0.777636 0.566878 0.613830 0.856692 0.703937 0.782192 0.545341 0.897917 0.865368 0.878266 0.726607 0.756794 0.854466 0.780631 0.849335 0.744001 0.814476 0.604736 0.595326 0.588788 0.730000 0.708974 0.861901 0.773772 0.740105 0.952424 0.803112 0.770907 0.995666 0.955969 0.901808 0.926661 0.912112 0.894091 0.976260 0.941092 0.726571 0.734306 0.631842 0.763441 0.694553 0.774461 0.779983 0.758513 0.874579 0.987791 0.981752 0.963641 0.847099 0.675011 0.746544 0.952866 0.838371 0.762882 0.881592
0.676401 0.565346 0.924696 0.833033 0.853187 0.694387 0.816986 0.512005 0.924815 0.677213 0.622276 0.481000 0.622807 0.569423 0.764506 0.602380 0.503029 0.423337 0.518200 0.529803 0.788649 0.966573 0.982762 0.988707 0.759680 0.916752 0.946831 0.872558 0.489046 0.440987 0.776598 0.698146 0.498153 0.000000 0.971492 0.888358 0.979906 0.920850 0.932429 0.918268 0.919440 0.945738 0.596672 0.445870 0.651823 0.484304 0.565523 0.551641 0.787338 0.825052 0.767387 0.830346 0.965319 0.942989 0.921185 0.974740 0.546361 0.645229 0.752838 0.736630 0.556496 0.528451 0.384322 0.430232 0.943633 0.735090 0.905998 0.608631 0.965446 0.747729 0.803304 0.648795 0.741440 0.724597 0.789614 0.866144 0.549481 0.682341 0.592116 0.657233 0.473965 0.608842 0.707033 0.840604 0.837102 0.792922 0.967222 0.911869 0.715682 0.892055 0.988532 0.792687 0.837937 0.848803 0.901400 0.823013 0.800903 0.696268 0.614828 0.719698 0.616126 0.840559 0.625493 0.756138 0.739626 0.801458 0.971989 0.921089 0.909026 0.763820 0.635605 0.649489 0.716850 0.824409 0.714404 0.968242
0.792198 0.783289 0.684649 0.908746 0.826856 0.952173 0.811420 0.921777 0.860148 0.861776 0.753172 0.745333 0.896152 0.840307 0.847437 0.993111 0.752574 0.856340 0.819291 0.815539 0.925594 0.871092 0.737144 0.867365 0.828355 0.735793 0.818084 0.987502 0.712389 0.727820 0.882255 0.890297 0.882380 0.971492 0.000000 0.781401 0.716489 0.920793 0.930245 0.917947 0.927082 0.958795 0.784225 0.985476 0.884122 0.899128 0.882731 0.955389 0.810702 0.700268 0.727625 0.772685 0.815412 0.895376 0.979256 0.788621 0.765544 0.733406 0.770641 0.736039 0.947631 0.904766 0.780974 0.778468 0.664212 0.694935 0.574259 0.675783 0.882600 0.703922 0.987375 0.927694 0.921649 0.981083 0.932185 0.990442 0.905474 0.967817 0.931711 0.846053 0.890428 0.936182 0.938488 0.975257 0.736508 0.688725 0.948324 0.934240 0.999634 0.941551 0.723299 0.680470 0.737360 0.701926 0.954502 0.856397 0.937510 0.919642 0.965959 0.807730 0.950713 0.783811 0.877682 0.933985 0.919692 0.951114 0.960785 0.805885 0.918376 0.974669 0.934202 0.972463 0.979143 0.951220 0.610736 0.909671
0.729099 0.717758 0.713771 0.928617 0.801070 0.957876 0.789777 0.843376 0.984586 0.774216 0.630786 0.716918 0.943069 0.875057 0.928502 0.956559 0.700754 0.785086 0.835145 0.675993 0.912402 0.985569 0.616163 0.696024 0.797724 0.799932 0.994491 0.874380 0.695916 0.696931 0.947389 0.925890 0.959955 0.888358 0.781401 0.000000 0.809234 0.990054 0.957197 0.935575 0.981424 0.956201 0.944079 0.932145 0.856443 0.742277 0.985039 0.902506 0.695395 0.600269 0.588297 0.651739 0.737007 0.693208 0.689552 0.794849 0.676606 0.642084 0.739091 0.646744 0.971358 0.735765 0.736587 0.708520 0.656636 0.801247 0.585900 0.760494 0.818006 0.728184 0.968036 0.917466 0.910300 0.925703 0.993983 0.855142 0.776877 0.979141 0.879030 0.974835 0.787756 0.850670 0.893246 0.994904 0.742608 0.793834 0.689390 0.659614 0.924194 0.974578 0.740569 0.714557 0.634163 0.763903 0.877911 0.951375 0.976227 0.814612 0.983053 0.878746 0.846358 0.904363 0.910562 0.761663 0.895839 0.985429 0.812191 0.912965 0.855544 0.968384 0.977691 0.958549 0.991170 0.954669 0.986041 0.916652
0.811601 0.877067 0.819101 0.951849 0.932871 0.888440 0.921765 0.758609 0.965312 0.859589 0.755181 0.755583 0.789775 0.669582 0.973132 0.957499 0.827185 0.926581 0.808779 0.833829 0.811922 0.954247 0.844578 0.990977 0.736507 0.666067 0.970472 0.909151 0.776116 0.809348 0.799477 0.896233 0.937214 0.979906 0.716489 0.809234 0.000000 0.803461 0.612840 0.840212 0.880020 0.814164 0.885074 0.983795 0.931379 0.893901 0.921128 0.960469 0.871320 0.806898 0.726679 0.805180 0.802025 0.781261 0.946903 0.999616 0.950985 0.876822 0.770836 0.763730 0.758342 0.789490 0.801116 0.838946 0.842228 0.979718 0.784795 0.817971 0.980258 0.978717 0.695580 0.915228 0.994134 0.974052 0.996000 0.948973 0.882294 0.847603 0.982116 0.997706 0.932748 0.997488 0.936991 0.847256 0.955179 0.899104 0.994267 0.802688 0.845335 0.848165 0.995065 0.797039 0.846300 0.901897 0.953849 0.981300 0.934781 0.682380 0.880838 0.978236 0.959670 0.982501 0.951692 0.970824 0.950619 0.838431 0.869398 0.988682 0.860967 0.860233 0.872104 0.976896 0.943096 0.904249 0.850250 0.986181
0.900777 0.899285 0.902653 0.845723 0.983961 0.914158 0.879833 0.946029 0.863137 0.987669 0.983724 0.986443 0.810420 0.886715 0.863856 0.977873 0.967735 0.847711 0.980982 0.969262 0.907510 0.689532 0.970840 0.970329 0.813095 0.866136 0.881204 0.986317 0.993030 0.977846 0.894039 0.978623 0.980672 0.920850 0.920793 0.990054 0.803461 0.000000 0.824189 0.917423 0.827004 0.744017 0.922126 0.989912 0.894752 0.896376 0.835472 0.799760 0.942564 0.987425 0.961497 0.995674 0.991970 0.819372 0.823088 0.890396 0.817946 0.803498 0.877120 0.995405 0.962430 0.950413 0.955312 0.895709 0.892680 0.981129 0.908936 0.939365 0.743831 0.833033 0.834542 0.775488 0.835458 0.878281 0.911099 0.942719 0.976985 0.860973 0.816945 0.857051 0.879180 0.800667 0.919384 0.716567 0.911401 0.822340 0.794778 0.839844 0.954882 0.823578 0.825019 0.952220 0.962806 0.995088 0.859901 0.832874 0.583282 0.718786 0.999246 0.859210 0.961089 0.904175 0.901024 0.644808 0.867863 0.716011 0.896324 0.950331 0.985468 0.941559 0.837127 0.960180 0.971615 0.913601 0.899224 0.931409
