0.000000 0.141853 0.304749 0.280981 0.678281 0.550264 0.240875 0.191681 0.411317 0.324741 0.156696 0.116901 0.132985 0.213785 0.213807 0.211748 0.125896 0.107747 0.129287 0.128308 0.501001 0.902517 0.253646 0.448779 0.697387 0.647567 0.868470 0.853500 0.168246 0.136018 0.282009 0.352726 0.152286 0.159884 0.451690 0.627101 0.351700 0.412614 0.673157 0.665586 0.645377 0.485910 0.228157 0.198213 0.260352 0.193593 0.205424 0.202962 0.649240 0.335374 0.402780 0.308252 0.439190 0.498442 0.428333 0.462283 0.144124 0.137297 0.155679 0.161734 0.125860 0.164141 0.126694 0.116260 0.375554 0.266636 0.261057 0.241698 0.300458 0.190825 0.223851 0.249205 0.406244 0.387541 0.591586 0.570529 0.345471 0.277074 0.173537 0.176798 0.108589 0.163974 0.446602 0.310263 0.245548 0.435649 0.976019 0.869903 0.393519 0.476201 0.564219 0.652930 0.570367 0.761233 0.453921 0.455705 0.323350 0.530258 0.239916 0.238598 0.523576 0.617827 0.266084 0.282394 0.289418 0.296294 0.680317 0.579716 0.559992 0.332802 0.610721 0.331359 0.324962 0.454157 0.437281 0.959977
0.141853 0.000000 0.425838 0.378899 0.699607 0.586036 0.336037 0.246223 0.468941 0.368926 0.219777 0.137095 0.176342 0.204723 0.243270 0.245410 0.150429 0.124996 0.183818 0.166791 0.523426 0.951725 0.317489 0.474460 0.721355 0.712953 0.880819 0.915931 0.168221 0.172023 0.332210 0.414094 0.203595 0.229776 0.536139 0.635706 0.375689 0.463941 0.788665 0.709172 0.713242 0.427663 0.232699 0.210120 0.245234 0.191287 0.243417 0.212061 0.545931 0.335294 0.386207 0.316256 0.471870 0.546128 0.509856 0.509405 0.109085 0.098290 0.180943 0.186017 0.189878 0.207175 0.170679 0.134864 0.506688 0.387371 0.344526 0.316008 0.330208 0.211805 0.257848 0.274015 0.507984 0.480511 0.615028 0.575869 0.321180 0.309632 0.260179 0.229071 0.154409 0.216549 0.428232 0.322067 0.307704 0.473718 0.901265 0.839657 0.476490 0.506112 0.630525 0.707385 0.631375 0.817113 0.380357 0.512246 0.323364 0.432793 0.266846 0.252368 0.528710 0.688358 0.317166 0.274715 0.319619 0.313521 0.745066 0.605510 0.573023 0.388325 0.601368 0.354930 0.381069 0.440393 0.425344 0.860310
0.304749 0.425838 0.000000 0.130628 0.667537 0.525260 0.150352 0.194555 0.383504 0.336172 0.328879 0.325819 0.288648 0.397000 0.343502 0.335332 0.382603 0.333343 0.231143 0.281393 0.405172 0.841334 0.188237 0.350178 0.486441 0.381998 0.928327 0.906692 0.380693 0.298181 0.203101 0.302056 0.210139 0.229421 0.362173 0.663330 0.359398 0.475107 0.573277 0.578127 0.793535 0.599417 0.282726 0.280358 0.449007 0.411459 0.358988 0.304599 0.917593 0.564053 0.647535 0.531191 0.559173 0.473653 0.414135 0.559108 0.485031 0.464541 0.310185 0.321108 0.241116 0.321876 0.320244 0.345217 0.187296 0.169557 0.181571 0.209513 0.458961 0.286023 0.285270 0.347109 0.401285 0.407769 0.558593 0.742415 0.414441 0.367811 0.307030 0.411090 0.277868 0.233223 0.546414 0.319690 0.282362 0.385816 0.901635 0.934232 0.422230 0.444817 0.498820 0.556305 0.476628 0.640988 0.505363 0.551292 0.459855 0.665986 0.419175 0.372316 0.507544 0.445812 0.432701 0.310905 0.342126 0.380415 0.737229 0.595529 0.620252 0.409925 0.668420 0.523036 0.442158 0.604750 0.550395 0.940924
0.280981 0.378899 0.130628 0.000000 0.709195 0.460256 0.158644 0.147677 0.399437 0.271993 0.353338 0.271251 0.263529 0.324171 0.285414 0.272897 0.343580 0.299993 0.224167 0.256349 0.368459 0.796406 0.159511 0.303833 0.475212 0.359328 0.936343 0.982731 0.330062 0.248970 0.185208 0.252727 0.176281 0.187400 0.300450 0.615384 0.325536 0.469211 0.530081 0.600198 0.762584 0.539661 0.241849 0.246621 0.384376 0.354277 0.301421 0.252863 0.818460 0.490789 0.589471 0.469109 0.524161 0.469817 0.351786 0.499375 0.440496 0.404206 0.278242 0.282136 0.239905 0.276629 0.297464 0.288809 0.220371 0.177742 0.162308 0.165496 0.461424 0.266039 0.254789 0.336736 0.436935 0.510738 0.500357 0.696805 0.368976 0.373255 0.266325 0.375622 0.221537 0.172806 0.483591 0.248385 0.247185 0.326657 0.911078 0.972118 0.407055 0.373741 0.467206 0.536476 0.436784 0.621563 0.452733 0.506309 0.395389 0.621084 0.370910 0.297749 0.474649 0.452951 0.367216 0.277962 0.287245 0.324639 0.768254 0.614020 0.634871 0.390650 0.596753 0.437524 0.396565 0.505320 0.550303 0.981525
0.678281 0.699607 0.667537 0.709195 0.000000 0.858427 0.638839 0.626562 0.767650 0.656094 0.730041 0.697199 0.633705 0.694308 0.679204 0.661870 0.723488 0.718144 0.644120 0.756946 0.759948 0.873014 0.663767 0.751583 0.985384 0.960486 0.881926 0.896684 0.694209 0.733179 0.816735 0.879905 0.671040 0.709348 0.829456 0.845967 0.865057 0.687482 0.899131 0.686526 0.910849 0.716689 0.610178 0.629817 0.640088 0.652530 0.651857 0.647185 0.781506 0.737123 0.602137 0.625378 0.683923 0.652889 0.857415 0.775648 0.666493 0.740641 0.605775 0.643386 0.596883 0.579679 0.653513 0.639191 0.673240 0.630403 0.638692 0.631060 0.818447 0.753702 0.581935 0.700706 0.923466 0.894813 0.944736 0.792574 0.793486 0.806169 0.815399 0.781429 0.723465 0.772169 0.648436 0.762684 0.677971 0.730131 0.987331 0.985149 0.832415 0.743951 0.725324 0.698941 0.766745 0.806106 0.963123 0.772844 0.743168 0.750191 0.640964 0.599669 0.693065 0.714503 0.582339 0.600678 0.580969 0.683358 0.750004 0.651300 0.764888 0.798041 0.792540 0.751382 0.669296 0.777362 0.706453 0.927828
0.550264 0.586036 0.525260 0.460256 0.858427 0.000000 0.435882 0.404343 0.615352 0.443996 0.594800 0.542817 0.561184 0.665804 0.644199 0.608882 0.598145 0.539662 0.568838 0.552957 0.695687 0.959062 0.586570 0.759379 0.867481 0.596334 0.994210 0.847388 0.583163 0.586493 0.580437 0.649902 0.512313 0.532522 0.584788 0.807673 0.607028 0.851805 0.821304 0.843587 0.762579 0.561607 0.408457 0.497410 0.475515 0.500915 0.446471 0.501310 0.784609 0.689668 0.654956 0.590650 0.630028 0.640525 0.619651 0.632862 0.627702 0.619507 0.552852 0.570306 0.548304 0.585850 0.561586 0.566084 0.635552 0.532152 0.420079 0.433344 0.697723 0.569804 0.470359 0.469179 0.717149 0.770615 0.661851 0.877387 0.578398 0.598565 0.515074 0.686739 0.501780 0.514087 0.837597 0.546776 0.596208 0.743550 0.827829 0.824574 0.727675 0.682088 0.403982 0.467918 0.359353 0.558695 0.628832 0.719517 0.456481 0.771233 0.465301 0.458219 0.484866 0.487550 0.589725 0.462462 0.492942 0.531764 0.965616 0.656413 0.818019 0.625341 0.722953 0.508241 0.470627 0.657065 0.690554 0.930568
0.240875 0.336037 0.150352 0.158644 0.638839 0.435882 0.000000 0.113624 0.351399 0.200757 0.262608 0.255788 0.244636 0.349918 0.328479 0.323070 0.279905 0.246175 0.165659 0.240013 0.421145 0.840088 0.236656 0.469858 0.710990 0.570237 0.836914 0.841922 0.312495 0.254990 0.254674 0.328086 0.178229 0.162865 0.393220 0.658789 0.405989 0.476032 0.619202 0.589420 0.715067 0.504010 0.204610 0.176806 0.298024 0.290951 0.307114 0.239539 0.839642 0.535440 0.544350 0.455215 0.525243 0.422049 0.404566 0.604019 0.348154 0.363947 0.210601 0.268992 0.177587 0.280596 0.238733 0.261055 0.284744 0.192680 0.120958 0.133663 0.426576 0.267408 0.220323 0.241679 0.417472 0.439390 0.521572 0.671465 0.368996 0.292720 0.290785 0.375150 0.213905 0.216122 0.531782 0.333353 0.317087 0.479631 0.957763 0.798698 0.429601 0.542044 0.416625 0.454773 0.393636 0.541237 0.465409 0.487589 0.357365 0.582389 0.286689 0.259335 0.421557 0.334752 0.338368 0.225694 0.283616 0.297311 0.761611 0.538222 0.570319 0.356072 0.524400 0.381544 0.314019 0.464279 0.516007 0.911376
0.191681 0.246223 0.194555 0.147677 0.626562 0.404343 0.113624 0.000000 0.355639 0.179131 0.270404 0.186825 0.196352 0.267843 0.262398 0.254336 0.224690 0.197672 0.174684 0.204347 0.417625 0.838738 0.211677 0.414699 0.693530 0.558962 0.825267 0.920924 0.253850 0.201254 0.259516 0.327479 0.150152 0.139687 0.355340 0.581121 0.367837 0.426729 0.655935 0.599033 0.674719 0.470128 0.158886 0.163555 0.222451 0.219957 0.246352 0.202280 0.692479 0.411881 0.426458 0.348663 0.434465 0.397147 0.392374 0.507002 0.282815 0.272669 0.186599 0.220564 0.158773 0.192211 0.204340 0.178075 0.302473 0.195638 0.120865 0.133432 0.436802 0.226479 0.214965 0.265558 0.451061 0.498062 0.532762 0.623353 0.321025 0.271873 0.228793 0.352397 0.162998 0.176780 0.461105 0.284168 0.262148 0.413993 0.986746 0.837409 0.417322 0.435180 0.353811 0.415631 0.345268 0.528953 0.389954 0.401617 0.278613 0.494914 0.211353 0.172602 0.344563 0.396906 0.280612 0.184967 0.210520 0.264429 0.737450 0.486461 0.560382 0.326567 0.499061 0.316441 0.268694 0.408991 0.473366 0.922616
0.411317 0.468941 0.383504 0.399437 0.767650 0.615352 0.351399 0.355639 0.000000 0.359981 0.386278 0.382219 0.393543 0.488732 0.481839 0.434997 0.454426 0.426858 0.400185 0.369845 0.678729 0.969246 0.413338 0.637177 0.744287 0.674300 0.925348 0.815099 0.438545 0.410265 0.430373 0.534945 0.387907 0.403887 0.545686 0.725840 0.505404 0.557524 0.812268 0.776330 0.834330 0.738291 0.413479 0.400565 0.456639 0.453348 0.441283 0.437066 0.855837 0.592745 0.569978 0.522720 0.627839 0.623675 0.616650 0.660760 0.455574 0.483732 0.423714 0.440457 0.329922 0.348915 0.433995 0.437842 0.390950 0.358524 0.384526 0.377896 0.442365 0.447913 0.413886 0.521289 0.371266 0.366437 0.674173 0.610064 0.483669 0.399855 0.539435 0.510697 0.441272 0.476321 0.654203 0.592025 0.509258 0.662247 0.990331 0.716186 0.622572 0.651461 0.558602 0.554599 0.547354 0.624546 0.625863 0.540361 0.590641 0.818761 0.376046 0.401079 0.519774 0.526224 0.511673 0.389871 0.493784 0.486678 0.748023 0.585078 0.659339 0.517439 0.525600 0.573211 0.441308 0.709924 0.572192 0.907539
0.324741 0.368926 0.336172 0.271993 0.656094 0.443996 0.200757 0.179131 0.359981 0.000000 0.319303 0.296090 0.334069 0.396412 0.395723 0.379546 0.306001 0.304703 0.293726 0.344222 0.535851 0.796847 0.366725 0.573893 0.863708 0.652326 0.817351 0.912323 0.349351 0.297787 0.384295 0.430170 0.263938 0.249641 0.401397 0.662170 0.492199 0.520739 0.729267 0.665742 0.781198 0.471728 0.279253 0.291083 0.334601 0.353945 0.425550 0.333753 0.807447 0.553288 0.526122 0.455117 0.570400 0.474636 0.498613 0.578186 0.390212 0.416858 0.307826 0.366146 0.276358 0.306018 0.330942 0.301273 0.415584 0.280164 0.236296 0.261040 0.461291 0.305423 0.334069 0.353225 0.413931 0.488094 0.545858 0.570686 0.393584 0.314190 0.392627 0.430587 0.270974 0.308415 0.584338 0.374625 0.450397 0.618575 0.979955 0.743417 0.551286 0.620777 0.386368 0.393952 0.363792 0.470593 0.516099 0.438736 0.389548 0.571279 0.256420 0.240246 0.396228 0.358721 0.386461 0.242433 0.337216 0.349051 0.793065 0.516415 0.688595 0.452690 0.539537 0.390087 0.331919 0.427579 0.537952 0.972226
0.156696 0.219777 0.328879 0.353338 0.730041 0.594800 0.262608 0.270404 0.386278 0.319303 0.000000 0.149966 0.157656 0.230185 0.250551 0.222857 0.147227 0.133046 0.151259 0.154406 0.506102 0.975656 0.294381 0.462996 0.784754 0.690778 0.899399 0.829965 0.188411 0.144423 0.294419 0.335518 0.210793 0.186458 0.537919 0.683726 0.433115 0.470985 0.765438 0.681677 0.617455 0.513142 0.321472 0.268108 0.420422 0.352666 0.348399 0.306399 0.906781 0.560602 0.612065 0.527348 0.628754 0.662384 0.557085 0.664512 0.178986 0.229584 0.243786 0.301543 0.164688 0.253947 0.156707 0.179998 0.408078 0.291337 0.322216 0.338601 0.290485 0.268260 0.281427 0.290773 0.385991 0.379840 0.655849 0.608490 0.368905 0.262988 0.258204 0.218265 0.179534 0.242645 0.420342 0.367999 0.372984 0.565452 0.931380 0.805126 0.507616 0.667100 0.677355 0.745825 0.693772 0.815601 0.536623 0.592467 0.469193 0.629952 0.377602 0.352421 0.607433 0.591914 0.347064 0.307101 0.431893 0.360412 0.748085 0.669078 0.656083 0.407143 0.655117 0.431529 0.416263 0.516828 0.481743 0.994781
0.116901 0.137095 0.325819 0.271251 0.697199 0.542817 0.255788 0.186825 0.382219 0.296090 0.149966 0.000000 0.111597 0.134138 0.156172 0.142036 0.111797 0.086603 0.130028 0.124217 0.500461 0.890479 0.223231 0.387282 0.713102 0.644791 0.903760 0.959247 0.123536 0.091149 0.270368 0.313852 0.142639 0.160016 0.465174 0.621204 0.360539 0.413172 0.692943 0.634558 0.660700 0.452206 0.237740 0.205522 0.289873 0.228072 0.238525 0.217055 0.664503 0.393907 0.440588 0.367027 0.512894 0.549730 0.458207 0.532233 0.134242 0.137918 0.175292 0.197574 0.126061 0.151565 0.107210 0.091092 0.386076 0.262794 0.278852 0.259848 0.330024 0.196771 0.242539 0.279166 0.458165 0.467656 0.595284 0.564703 0.297825 0.245885 0.189521 0.212191 0.119916 0.175963 0.342950 0.273301 0.257730 0.415752 0.943947 0.879753 0.417871 0.493593 0.611193 0.690870 0.622468 0.814654 0.409575 0.487060 0.375041 0.490463 0.270820 0.235829 0.534353 0.632409 0.274907 0.248260 0.306995 0.295540 0.730243 0.592481 0.586642 0.327279 0.566583 0.354237 0.347895 0.419791 0.422822 0.965010
0.132985 0.176342 0.288648 0.263529 0.633705 0.561184 0.244636 0.196352 0.393543 0.334069 0.157656 0.111597 0.000000 0.127534 0.112482 0.125887 0.148036 0.126472 0.140912 0.166842 0.436459 0.888105 0.172707 0.311939 0.659290 0.629109 0.937765 0.908690 0.152149 0.119424 0.242973 0.311539 0.166575 0.174464 0.497529 0.640056 0.318280 0.363045 0.662603 0.629070 0.651880 0.463755 0.237099 0.203076 0.317518 0.262164 0.229335 0.208742 0.711118 0.422917 0.461846 0.375199 0.533885 0.543818 0.479616 0.554016 0.160358 0.172246 0.195370 0.227603 0.114679 0.166760 0.106468 0.107723 0.312825 0.252968 0.271000 0.270133 0.404658 0.259996 0.240860 0.299619 0.484015 0.468558 0.636413 0.574761 0.369747 0.275177 0.211695 0.244593 0.144818 0.200001 0.318391 0.293803 0.209892 0.356504 0.962743 0.953750 0.409557 0.429939 0.629548 0.703328 0.634743 0.823850 0.425685 0.480237 0.390609 0.492941 0.310221 0.271119 0.559628 0.612836 0.258540 0.252600 0.312824 0.273371 0.703856 0.568675 0.564573 0.346567 0.604317 0.397261 0.399699 0.442663 0.424962 0.994450
0.213785 0.204723 0.397000 0.324171 0.694308 0.665804 0.349918 0.267843 0.488732 0.396412 0.230185 0.134138 0.127534 0.000000 0.118295 0.116564 0.193770 0.171127 0.199744 0.221433 0.475356 0.850578 0.193505 0.272470 0.684433 0.672276 0.926666 0.962790 0.148547 0.137119 0.270807 0.299510 0.209075 0.222205 0.495060 0.626212 0.366756 0.397211 0.661499 0.611512 0.710328 0.466175 0.300220 0.263945 0.377522 0.324612 0.276971 0.243720 0.668816 0.456786 0.476320 0.432335 0.556390 0.606537 0.500094 0.578083 0.194646 0.205346 0.239605 0.283105 0.176473 0.211255 0.141143 0.123908 0.375946 0.312659 0.328916 0.321286 0.470157 0.315846 0.335485 0.414998 0.598108 0.621898 0.674422 0.623310 0.376147 0.301926 0.270166 0.308182 0.208010 0.249388 0.232783 0.329343 0.231068 0.323188 0.916054 0.950866 0.461242 0.438577 0.743535 0.826370 0.751474 0.956501 0.442747 0.534734 0.476087 0.446450 0.389092 0.321052 0.595838 0.717784 0.271746 0.312645 0.355874 0.306218 0.779805 0.632155 0.608889 0.402508 0.603805 0.437322 0.480754 0.475189 0.437797 0.941671
0.213807 0.243270 0.343502 0.285414 0.679204 0.644199 0.328479 0.262398 0.481839 0.395723 0.250551 0.156172 0.112482 0.118295 0.000000 0.126660 0.224424 0.195239 0.221052 0.248073 0.432623 0.822539 0.167540 0.274048 0.630167 0.600158 0.981623 0.993427 0.208624 0.159544 0.262676 0.321521 0.217882 0.240153 0.501631 0.694964 0.312256 0.392876 0.673463 0.583843 0.709690 0.498406 0.296389 0.252836 0.374047 0.315554 0.287459 0.241350 0.676158 0.430198 0.468001 0.389330 0.538039 0.548162 0.458676 0.536247 0.239492 0.230824 0.261936 0.284866 0.172889 0.199319 0.171669 0.154618 0.303521 0.279046 0.337030 0.332008 0.499265 0.317421 0.321425 0.381950 0.554780 0.583223 0.656821 0.624362 0.400245 0.324878 0.270603 0.311725 0.214461 0.244532 0.301221 0.328425 0.208003 0.309962 0.853533 0.899290 0.384977 0.363816 0.696644 0.765790 0.698857 0.901488 0.425655 0.486380 0.452302 0.510216 0.363545 0.307123 0.597881 0.681797 0.283562 0.308448 0.336559 0.312120 0.715275 0.579366 0.626467 0.426224 0.659176 0.427854 0.464852 0.478664 0.453199 0.937449
0.211748 0.245410 0.335332 0.272897 0.661870 0.608882 0.323070 0.254336 0.434997 0.379546 0.222857 0.142036 0.125887 0.116564 0.126660 0.000000 0.204894 0.172693 0.191529 0.215551 0.449331 0.883539 0.158210 0.263271 0.621831 0.587594 0.994547 0.996433 0.158003 0.133020 0.239319 0.276537 0.191427 0.210961 0.494463 0.683961 0.332971 0.404599 0.612456 0.547247 0.703627 0.457501 0.289720 0.250369 0.397441 0.325321 0.269349 0.243208 0.739112 0.461957 0.510084 0.446624 0.566060 0.598550 0.495621 0.563258 0.229930 0.228957 0.242324 0.278622 0.160266 0.190338 0.155174 0.131099 0.323241 0.255341 0.304782 0.304206 0.412272 0.293535 0.307926 0.361666 0.547405 0.607593 0.624903 0.616754 0.386020 0.290461 0.249487 0.284658 0.195063 0.220918 0.250456 0.276651 0.224756 0.293519 0.928471 0.929878 0.425900 0.394815 0.710890 0.787638 0.717805 0.919494 0.467293 0.507564 0.486382 0.514451 0.398494 0.336538 0.611989 0.657136 0.267372 0.294975 0.337443 0.299911 0.709444 0.683444 0.626884 0.412944 0.706122 0.466537 0.491524 0.482024 0.458400 0.986425
0.125896 0.150429 0.382603 0.343580 0.723488 0.598145 0.279905 0.224690 0.454426 0.306001 0.147227 0.111797 0.148036 0.193770 0.224424 0.204894 0.000000 0.090712 0.146348 0.151517 0.516200 0.874983 0.301606 0.475610 0.802333 0.725569 0.895283 0.886813 0.135975 0.117691 0.318610 0.333046 0.180996 0.156559 0.522043 0.654838 0.401872 0.469355 0.739792 0.658047 0.645345 0.446907 0.280285 0.222265 0.317798 0.266583 0.285029 0.263116 0.726050 0.440810 0.513612 0.414382 0.578828 0.598056 0.523522 0.582551 0.128394 0.139799 0.180041 0.211035 0.165598 0.206087 0.135002 0.123867 0.457943 0.311032 0.309976 0.292119 0.309891 0.199835 0.283971 0.286111 0.448311 0.439723 0.613305 0.533142 0.332558 0.261959 0.193417 0.185035 0.117948 0.186760 0.395811 0.307783 0.329473 0.494690 0.986976 0.855132 0.465222 0.570248 0.661250 0.718461 0.664699 0.792607 0.420494 0.484580 0.367176 0.479486 0.311670 0.259327 0.608236 0.633747 0.283496 0.267225 0.359965 0.295642 0.779343 0.628085 0.624261 0.344884 0.590807 0.345863 0.407716 0.374416 0.507023 0.886090
0.107747 0.124996 0.333343 0.299993 0.718144 0.539662 0.246175 0.197672 0.426858 0.304703 0.133046 0.086603 0.126472 0.171127 0.195239 0.172693 0.090712 0.000000 0.120473 0.116582 0.473636 0.925613 0.266885 0.439344 0.751013 0.682025 0.884227 0.926177 0.119559 0.098447 0.285438 0.327247 0.149044 0.152769 0.497622 0.668809 0.376870 0.452402 0.727892 0.629591 0.663254 0.435681 0.236118 0.185069 0.294031 0.223830 0.237679 0.210228 0.696184 0.414884 0.485056 0.391303 0.534309 0.561734 0.475640 0.551763 0.114783 0.122734 0.164776 0.187928 0.135422 0.181800 0.109680 0.099183 0.424741 0.286114 0.275570 0.268646 0.289935 0.190386 0.248148 0.240412 0.457528 0.440390 0.588410 0.578803 0.296906 0.236971 0.175896 0.185454 0.107324 0.164849 0.382915 0.276372 0.292049 0.460035 0.962466 0.829305 0.462129 0.531571 0.615745 0.688206 0.616898 0.787755 0.396122 0.482160 0.359620 0.482687 0.288479 0.246759 0.565404 0.613207 0.272562 0.255189 0.301727 0.282274 0.758093 0.645765 0.590756 0.321644 0.616083 0.333066 0.333457 0.407982 0.440456 0.925689
0.129287 0.183818 0.231143 0.224167 0.644120 0.568838 0.165659 0.174684 0.400185 0.293726 0.151259 0.130028 0.140912 0.199744 0.221052 0.191529 0.146348 0.120473 0.000000 0.132036 0.445072 0.871150 0.211625 0.400445 0.672250 0.618652 0.874252 0.835373 0.167014 0.129683 0.222275 0.281911 0.144485 0.130510 0.435150 0.625899 0.378084 0.415406 0.605818 0.588627 0.711490 0.459174 0.215564 0.171255 0.312608 0.262058 0.244087 0.183957 0.766247 0.433382 0.500888 0.408607 0.537206 0.513015 0.458981 0.609785 0.185856 0.204725 0.154433 0.186292 0.116282 0.205727 0.123159 0.138978 0.339935 0.225313 0.214063 0.197589 0.308173 0.202026 0.203133 0.235246 0.430234 0.420231 0.533489 0.585318 0.346469 0.263050 0.222035 0.214652 0.135590 0.171770 0.376050 0.291151 0.272694 0.431730 0.968486 0.831136 0.426028 0.536844 0.620499 0.698193 0.620952 0.793194 0.459825 0.505912 0.378891 0.492769 0.310067 0.273625 0.559563 0.557537 0.287484 0.251665 0.313532 0.275149 0.666950 0.614763 0.539878 0.317766 0.581388 0.369105 0.381490 0.464189 0.454168 0.964899
0.128308 0.166791 0.281393 0.256349 0.756946 0.552957 0.240013 0.204347 0.369845 0.344222 0.154406 0.124217 0.166842 0.221433 0.248073 0.215551 0.151517 0.116582 0.132036 0.000000 0.447972 0.915272 0.250180 0.401894 0.648646 0.575875 0.904566 0.899957 0.167860 0.119183 0.236107 0.268132 0.158986 0.151954 0.478333 0.651882 0.386767 0.479468 0.729771 0.680611 0.667406 0.531075 0.237819 0.212508 0.331697 0.250821 0.245324 0.233207 0.751843 0.412822 0.519394 0.431857 0.537868 0.574465 0.460937 0.538592 0.180643 0.181724 0.190909 0.203262 0.164203 0.207840 0.156775 0.154378 0.403289 0.281086 0.267578 0.251067 0.279537 0.206938 0.238308 0.268111 0.367189 0.372698 0.604156 0.592775 0.334335 0.270851 0.204760 0.181498 0.134551 0.161498 0.440964 0.306478 0.308735 0.468749 0.919132 0.847743 0.426157 0.555159 0.637248 0.724301 0.641714 0.827882 0.429515 0.551089 0.396651 0.583014 0.329545 0.287541 0.554634 0.625689 0.340284 0.299140 0.352853 0.295656 0.697097 0.663729 0.546965 0.312925 0.600575 0.386931 0.366532 0.481261 0.442621 0.936424
0.501001 0.523426 0.405172 0.368459 0.759948 0.695687 0.421145 0.417625 0.678729 0.535851 0.506102 0.500461 0.436459 0.475356 0.432623 0.449331 0.516200 0.473636 0.445072 0.447972 0.000000 0.816409 0.384086 0.430913 0.563816 0.568631 0.933249 0.965736 0.537773 0.470552 0.401891 0.521879 0.459264 0.412468 0.549938 0.758722 0.466270 0.490624 0.669266 0.680379 0.690009 0.625471 0.426933 0.406923 0.590401 0.541713 0.493731 0.450578 0.899209 0.620129 0.738834 0.672918 0.782829 0.648641 0.499027 0.703126 0.555889 0.516500 0.470159 0.498531 0.479080 0.521086 0.483101 0.470617 0.450214 0.491819 0.438739 0.465737 0.635053 0.533128 0.441114 0.484678 0.640371 0.720894 0.705515 0.838887 0.524298 0.485363 0.501279 0.536558 0.462232 0.418306 0.539828 0.500043 0.450094 0.545988 0.955130 0.987079 0.625950 0.528208 0.664306 0.725941 0.659055 0.804340 0.564249 0.599469 0.518824 0.720380 0.644199 0.515779 0.706772 0.619687 0.479061 0.440839 0.475580 0.429060 0.869530 0.694612 0.573739 0.569774 0.782634 0.621583 0.567917 0.653181 0.619896 0.867954
0.902517 0.951725 0.841334 0.796406 0.873014 0.959062 0.840088 0.838738 0.969246 0.796847 0.975656 0.890479 0.888105 0.850578 0.822539 0.883539 0.874983 0.925613 0.871150 0.915272 0.816409 0.000000 0.771709 0.874453 0.994063 0.857187 0.904227 0.964258 0.874471 0.856578 0.857084 0.789976 0.851657 0.843286 0.843944 0.787033 0.856569 0.798873 0.881925 0.770937 0.792214 0.851324 0.800319 0.834485 0.868333 0.892584 0.929030 0.900712 0.867831 0.884556 0.908142 0.842699 0.902082 0.762822 0.837215 0.932145 0.955684 0.988501 0.862448 0.928781 0.895048 0.932920 0.913118 0.902465 0.813632 0.845648 0.812609 0.815900 0.979782 0.880551 0.830343 0.886535 0.877603 0.931757 0.876882 0.706603 0.910353 0.898289 0.912054 0.841982 0.898024 0.898142 0.877007 0.890727 0.846771 0.823948 0.952808 0.821424 0.854961 0.862267 0.932448 0.961394 0.951751 0.906373 0.887048 0.811655 0.959033 0.878652 0.832065 0.794383 0.876484 0.792695 0.847968 0.752998 0.888661 0.742239 0.952447 0.842218 0.998268 0.862992 0.856174 0.884552 0.874772 0.919432 0.780540 0.974371
0.253646 0.317489 0.188237 0.159511 0.663767 0.586570 0.236656 0.211677 0.413338 0.366725 0.294381 0.223231 0.172707 0.193505 0.167540 0.158210 0.301606 0.266885 0.211625 0.250180 0.384086 0.771709 0.000000 0.196681 0.466938 0.408778 0.984768 0.969461 0.251060 0.205108 0.147830 0.219851 0.180284 0.201508 0.388330 0.603340 0.282031 0.373306 0.531623 0.534979 0.811073 0.495206 0.256377 0.246632 0.406947 0.344535 0.266461 0.237773 0.776687 0.477384 0.538839 0.444862 0.493578 0.502822 0.396872 0.509251 0.352135 0.339940 0.256306 0.281462 0.178077 0.228840 0.211785 0.216556 0.191162 0.182537 0.218452 0.227674 0.480010 0.304185 0.275349 0.389949 0.485735 0.561524 0.622710 0.700930 0.411878 0.345751 0.282770 0.351109 0.214233 0.201137 0.321820 0.253313 0.150689 0.217592 0.934072 0.886461 0.338352 0.329232 0.641743 0.730811 0.627646 0.856819 0.439583 0.481690 0.438008 0.533767 0.406109 0.339431 0.550211 0.598393 0.325395 0.289210 0.352126 0.276018 0.713054 0.590795 0.612484 0.429265 0.686955 0.489520 0.473614 0.561895 0.439452 0.999428
0.448779 0.474460 0.350178 0.303833 0.751583 0.759379 0.469858 0.414699 0.637177 0.573893 0.462996 0.387282 0.311939 0.272470 0.274048 0.263271 0.475610 0.439344 0.400445 0.401894 0.430913 0.874453 0.196681 0.000000 0.374462 0.390114 0.984717 0.871212 0.378276 0.337755 0.263050 0.287722 0.342794 0.373904 0.465147 0.686055 0.400740 0.518299 0.550837 0.641796 0.884526 0.603371 0.459039 0.451780 0.625503 0.564160 0.430174 0.420781 0.852787 0.636373 0.731099 0.666558 0.691922 0.742157 0.552298 0.636771 0.521173 0.490722 0.466727 0.479521 0.382011 0.393391 0.376648 0.382270 0.317150 0.335115 0.422146 0.455717 0.632707 0.473896 0.480925 0.606034 0.629065 0.714566 0.759957 0.731694 0.566660 0.488364 0.431027 0.486893 0.383449 0.334437 0.333681 0.351608 0.274580 0.221362 0.837316 0.697875 0.477808 0.367025 0.873300 0.981869 0.860556 0.920156 0.537375 0.639727 0.642955 0.576703 0.673992 0.563604 0.717827 0.829701 0.530039 0.488418 0.526763 0.496069 0.807339 0.756676 0.676484 0.580538 0.813647 0.644556 0.697557 0.702407 0.604507 0.929827
0.697387 0.721355 0.486441 0.475212 0.985384 0.867481 0.710990 0.693530 0.744287 0.863708 0.784754 0.713102 0.659290 0.684433 0.630167 0.621831 0.802333 0.751013 0.672250 0.648646 0.563816 0.994063 0.466938 0.374462 0.000000 0.272479 0.886059 0.834388 0.736188 0.679660 0.417349 0.583962 0.630254 0.683188 0.553558 0.850066 0.542677 0.763889 0.531014 0.861336 0.929470 0.873575 0.691534 0.729098 0.854720 0.777267 0.616001 0.674000 0.954497 0.713938 0.926563 0.792867 0.829971 0.889480 0.640677 0.703014 0.864776 0.734469 0.740292 0.648850 0.703286 0.685589 0.756409 0.741976 0.479776 0.577302 0.694288 0.681193 0.721097 0.694344 0.694144 0.738226 0.605129 0.701406 0.760192 0.978705 0.745107 0.796324 0.692465 0.684222 0.667854 0.575749 0.747797 0.603969 0.534204 0.458589 0.937222 0.909385 0.680902 0.499717 0.942621 0.981031 0.873670 0.942170 0.709664 0.825287 0.774534 0.881927 0.874501 0.849663 0.945742 0.984048 0.917749 0.802411 0.731577 0.753328 0.858914 0.929973 0.783287 0.717047 0.972253 0.878707 0.885048 0.965343 0.799325 0.906926
0.647567 0.712953 0.381998 0.359328 0.960486 0.596334 0.570237 0.558962 0.674300 0.652326 0.690778 0.644791 0.629109 0.672276 0.600158 0.587594 0.725569 0.682025 0.618652 0.575875 0.568631 0.857187 0.408778 0.390114 0.272479 0.000000 0.820758 0.758975 0.653883 0.610930 0.373392 0.445870 0.513812 0.533151 0.396442 0.788563 0.507072 0.796894 0.544296 0.682570 0.967448 0.772537 0.552549 0.612034 0.735929 0.662994 0.514818 0.567764 0.888466 0.673969 0.820306 0.702573 0.642544 0.730677 0.491079 0.525684 0.843578 0.752235 0.617342 0.592291 0.614117 0.606512 0.677286 0.687696 0.361287 0.398829 0.507965 0.499676 0.691773 0.581908 0.629253 0.669907 0.508847 0.661111 0.669313 0.876425 0.621970 0.704786 0.617440 0.618378 0.555404 0.468915 0.744380 0.493603 0.446737 0.413211 0.957613 0.860975 0.515147 0.446512 0.779384 0.839684 0.702464 0.915094 0.625340 0.774186 0.696542 0.839516 0.734083 0.646729 0.751377 0.797622 0.791263 0.611256 0.653566 0.676900 0.854070 0.827234 0.882967 0.723244 0.995778 0.749798 0.736615 0.873638 0.635094 0.963385
0.868470 0.880819 0.928327 0.936343 0.881926 0.994210 0.836914 0.825267 0.925348 0.817351 0.899399 0.903760 0.937765 0.926666 0.981623 0.994547 0.895283 0.884227 0.874252 0.904566 0.933249 0.904227 0.984768 0.984717 0.886059 0.820758 0.000000 0.898503 0.960767 0.911928 0.946313 0.945568 0.904371 0.907684 0.892143 0.929604 0.941464 0.878404 0.922684 0.913333 0.828974 0.986864 0.939077 0.967100 0.880788 0.886555 0.986257 0.911109 0.947590 0.933238 0.840813 0.936707 0.957423 0.922097 0.924231 0.962702 0.887905 0.941017 0.898335 0.923126 0.876307 0.844973 0.887054 0.870463 0.996388 0.921304 0.876470 0.893278 0.946830 0.970090 0.917640 0.871434 0.933981 0.940539 0.982641 0.821342 0.917983 0.819677 0.961935 0.969560 0.899161 0.891129 0.949477 0.961943 0.968404 0.980997 0.981918 0.887945 0.878729 0.927892 0.724742 0.757176 0.785470 0.741181 0.985296 0.845090 0.867226 0.857211 0.807831 0.837933 0.887906 0.939579 0.840579 0.951431 0.755827 0.979290 0.932856 0.880177 0.775493 0.718046 0.814604 0.863611 0.742029 0.976916 0.971938 0.862430
0.853500 0.915931 0.906692 0.982731 0.896684 0.847388 0.841922 0.920924 0.815099 0.912323 0.829965 0.959247 0.908690 0.962790 0.993427 0.996433 0.886813 0.926177 0.835373 0.899957 0.965736 0.964258 0.969461 0.871212 0.834388 0.758975 0.898503 0.000000 0.954689 0.932550 0.949257 0.996883 0.963091 0.891402 0.967932 0.946154 0.915822 0.918766 0.883020 0.885882 0.952943 0.953622 0.932912 0.919437 0.868209 0.900820 0.974357 0.869093 0.951693 0.867467 0.930795 0.882681 0.906465 0.849573 0.994833 0.972390 0.863789 0.920206 0.901254 0.910426 0.860852 0.902043 0.939480 0.950202 0.954998 0.938176 0.881309 0.923869 0.880701 0.917862 0.853868 0.839472 0.858902 0.752016 0.884207 0.910820 0.982295 0.914270 0.935936 0.887532 0.925164 0.966472 0.991002 0.978732 0.986433 0.912785 0.968669 0.932177 0.924767 0.956764 0.939307 0.930182 0.983420 0.918923 0.976358 0.866271 0.855754 0.901639 0.882879 0.982344 0.863247 0.905816 0.851725 0.951879 0.986705 0.856868 0.788441 0.895900 0.870024 0.937841 0.873182 0.960828 0.929903 0.972704 0.930358 0.942323
0.168246 0.168221 0.380693 0.330062 0.694209 0.583163 0.312495 0.253850 0.438545 0.349351 0.188411 0.123536 0.152149 0.148547 0.208624 0.158003 0.135975 0.119559 0.167014 0.167860 0.537773 0.874471 0.251060 0.378276 0.736188 0.653883 0.960767 0.954689 0.000000 0.117244 0.271357 0.286855 0.164838 0.179646 0.509296 0.674894 0.415223 0.519116 0.690755 0.612191 0.753502 0.447023 0.285294 0.241212 0.355797 0.284645 0.242296 0.208321 0.690012 0.452526 0.501454 0.419624 0.541858 0.593052 0.506401 0.539433 0.159722 0.187224 0.195866 0.234600 0.159752 0.191281 0.132889 0.129869 0.415475 0.282532 0.294398 0.282838 0.312351 0.222874 0.306446 0.365221 0.491502 0.498009 0.639287 0.561863 0.365271 0.275385 0.211889 0.221013 0.141791 0.200933 0.334585 0.283448 0.281537 0.392767 0.961521 0.915857 0.481587 0.489610 0.719206 0.781680 0.708011 0.910514 0.410812 0.545641 0.423983 0.482486 0.363769 0.293475 0.588084 0.633942 0.285470 0.268508 0.358099 0.306563 0.767903 0.728595 0.664657 0.366590 0.594243 0.442538 0.430534 0.403517 0.450098 0.928322
0.136018 0.172023 0.298181 0.248970 0.733179 0.586493 0.254990 0.201254 0.410265 0.297787 0.144423 0.091149 0.119424 0.137119 0.159544 0.133020 0.117691 0.098447 0.129683 0.119183 0.470552 0.856578 0.205108 0.337755 0.679660 0.610930 0.911928 0.932550 0.117244 0.000000 0.235334 0.241755 0.143133 0.142761 0.469307 0.669020 0.354533 0.455983 0.688470 0.617675 0.711517 0.493088 0.279798 0.223403 0.360849 0.279397 0.276687 0.228786 0.774117 0.443843 0.530223 0.432681 0.554119 0.572998 0.462465 0.544988 0.174301 0.178292 0.195520 0.222924 0.138217 0.175973 0.123877 0.107767 0.373519 0.253947 0.276465 0.269693 0.305493 0.194640 0.273118 0.303684 0.435798 0.449746 0.547645 0.572595 0.351093 0.249358 0.171987 0.187410 0.116450 0.151573 0.346150 0.257627 0.278399 0.395126 0.883284 0.948706 0.420207 0.513738 0.673063 0.752008 0.679117 0.857729 0.418683 0.520395 0.432927 0.523564 0.350203 0.283051 0.596017 0.621924 0.295566 0.271974 0.349304 0.283162 0.722104 0.695692 0.631512 0.315739 0.627447 0.400694 0.413608 0.416662 0.472638 0.989068
0.282009 0.332210 0.203101 0.185208 0.816735 0.580437 0.254674 0.259516 0.430373 0.384295 0.294419 0.270368 0.242973 0.270807 0.262676 0.239319 0.318610 0.285438 0.222275 0.236107 0.401891 0.857084 0.147830 0.263050 0.417349 0.373392 0.946313 0.949257 0.271357 0.235334 0.000000 0.186115 0.197455 0.216902 0.404000 0.653729 0.311825 0.493569 0.515683 0.649884 0.768490 0.568775 0.291777 0.275955 0.458355 0.400237 0.324385 0.284813 0.855499 0.552597 0.650410 0.540427 0.554264 0.575721 0.421460 0.563367 0.384668 0.363770 0.301030 0.316722 0.238237 0.305103 0.278578 0.289560 0.268888 0.222097 0.264652 0.269532 0.384123 0.310449 0.318403 0.363467 0.390519 0.457441 0.577774 0.749484 0.432752 0.341878 0.312226 0.307955 0.239958 0.212125 0.429536 0.285418 0.246996 0.319130 0.918133 0.998598 0.377364 0.441074 0.718431 0.797500 0.674221 0.869371 0.486903 0.576068 0.421493 0.643032 0.486803 0.433557 0.602677 0.573528 0.448887 0.365867 0.435479 0.347074 0.683944 0.698354 0.670117 0.446180 0.715238 0.537714 0.534493 0.539173 0.549937 0.990901
0.352726 0.414094 0.302056 0.252727 0.879905 0.649902 0.328086 0.327479 0.534945 0.430170 0.335518 0.313852 0.311539 0.299510 0.321521 0.276537 0.333046 0.327247 0.281911 0.268132 0.521879 0.789976 0.219851 0.287722 0.583962 0.445870 0.945568 0.996883 0.286855 0.241755 0.186115 0.000000 0.265549 0.225593 0.508745 0.687388 0.445758 0.637936 0.587858 0.644134 0.831536 0.645940 0.376471 0.342814 0.560158 0.496789 0.419239 0.341133 0.970886 0.652582 0.762831 0.664546 0.672043 0.665432 0.511401 0.664338 0.430268 0.441055 0.356055 0.403173 0.313546 0.386783 0.302384 0.333588 0.381214 0.281501 0.308983 0.327029 0.491867 0.343926 0.420985 0.468538 0.479321 0.543102 0.564635 0.676480 0.527051 0.389389 0.316302 0.332857 0.268638 0.247240 0.417101 0.279164 0.332752 0.347930 0.871966 0.893464 0.407202 0.525676 0.828088 0.939606 0.817662 0.997682 0.524760 0.656700 0.582046 0.648565 0.601929 0.495220 0.706937 0.674177 0.502049 0.415407 0.550783 0.405309 0.802213 0.863013 0.760062 0.488208 0.727822 0.577885 0.631531 0.564630 0.609396 0.931881
0.152286 0.203595 0.210139 0.176281 0.671040 0.512313 0.178229 0.150152 0.387907 0.263938 0.210793 0.142639 0.166575 0.209075 0.217882 0.191427 0.180996 0.149044 0.144485 0.158986 0.459264 0.851657 0.180284 0.342794 0.630254 0.513812 0.904371 0.963091 0.164838 0.143133 0.197455 0.265549 0.000000 0.132307 0.365799 0.583120 0.365013 0.442148 0.630465 0.547457 0.774660 0.490163 0.204262 0.183396 0.296262 0.228273 0.231983 0.217844 0.693259 0.437705 0.484038 0.396212 0.480234 0.473311 0.374051 0.450512 0.230633 0.220245 0.151108 0.190901 0.132894 0.186114 0.151189 0.150830 0.295509 0.187304 0.184100 0.168982 0.328375 0.167878 0.219443 0.266064 0.401427 0.453314 0.575835 0.644692 0.306111 0.244060 0.186777 0.221436 0.111854 0.122406 0.401675 0.233227 0.213256 0.332866 0.930656 0.920741 0.368526 0.425510 0.552896 0.605075 0.538489 0.725268 0.400434 0.477172 0.343685 0.503138 0.281875 0.237036 0.510152 0.469775 0.287083 0.198397 0.284901 0.307825 0.731217 0.602490 0.611723 0.333370 0.607578 0.360409 0.363582 0.394568 0.466663 0.988583
0.159884 0.229776 0.229421 0.187400 0.709348 0.532522 0.162865 0.139687 0.403887 0.249641 0.186458 0.160016 0.174464 0.222205 0.240153 0.210961 0.156559 0.152769 0.130510 0.151954 0.412468 0.843286 0.201508 0.373904 0.683188 0.533151 0.907684 0.891402 0.179646 0.142761 0.216902 0.225593 0.132307 0.000000 0.372162 0.607609 0.353138 0.445021 0.589325 0.553763 0.700259 0.467956 0.225065 0.191390 0.311940 0.265996 0.250693 0.215990 0.772647 0.446211 0.512443 0.422413 0.486318 0.490741 0.394875 0.537592 0.229562 0.231267 0.156613 0.207475 0.137267 0.196220 0.150833 0.154310 0.290691 0.181679 0.156462 0.155735 0.355783 0.183034 0.245108 0.265918 0.404086 0.473371 0.541896 0.607207 0.327166 0.248769 0.200551 0.220178 0.117261 0.133828 0.392874 0.258444 0.232260 0.365496 0.977033 0.919319 0.368618 0.466769 0.545883 0.622798 0.531481 0.712083 0.413654 0.462205 0.365429 0.492770 0.309067 0.242893 0.484276 0.477230 0.252743 0.208621 0.303526 0.279473 0.741805 0.593260 0.650283 0.365117 0.594962 0.349919 0.362249 0.391748 0.475625 0.949476
0.451690 0.536139 0.362173 0.300450 0.829456 0.584788 0.393220 0.355340 0.545686 0.401397 0.537919 0.465174 0.497529 0.495060 0.501631 0.494463 0.522043 0.497622 0.435150 0.478333 0.549938 0.843944 0.388330 0.465147 0.553558 0.396442 0.892143 0.967932 0.509296 0.469307 0.404000 0.508745 0.365799 0.372162 0.000000 0.556058 0.486614 0.571095 0.634384 0.749943 0.768746 0.590766 0.417065 0.463515 0.483499 0.465532 0.471340 0.443560 0.743729 0.522157 0.585790 0.505591 0.507676 0.549282 0.427108 0.504513 0.609434 0.549148 0.433247 0.417767 0.426935 0.430503 0.493979 0.471627 0.343150 0.337332 0.336565 0.357750 0.516492 0.418684 0.490639 0.538562 0.448132 0.582860 0.616165 0.813215 0.435896 0.506973 0.488027 0.548672 0.408860 0.353295 0.646418 0.443644 0.367648 0.440875 0.898378 0.950835 0.548007 0.479868 0.539275 0.600144 0.514731 0.652522 0.638594 0.639416 0.491347 0.569056 0.453353 0.410122 0.531555 0.664027 0.496701 0.441386 0.418304 0.481385 0.865275 0.626648 0.783007 0.647807 0.711525 0.440512 0.547241 0.673227 0.613244 0.985597
0.627101 0.635706 0.663330 0.615384 0.845967 0.807673 0.658789 0.581121 0.725840 0.662170 0.683726 0.621204 0.640056 0.626212 0.694964 0.683961 0.654838 0.668809 0.625899 0.651882 0.758722 0.787033 0.603340 0.686055 0.850066 0.788563 0.929604 0.946154 0.674894 0.669020 0.653729 0.687388 0.583120 0.607609 0.556058 0.000000 0.661517 0.515019 0.852386 0.726716 0.859551 0.710703 0.605052 0.672555 0.678848 0.706964 0.731611 0.646711 0.848971 0.757878 0.726737 0.662830 0.692201 0.703817 0.811684 0.811633 0.665377 0.649273 0.617192 0.622147 0.662790 0.664362 0.606532 0.618572 0.730417 0.705398 0.606567 0.606117 0.843315 0.649902 0.654447 0.743528 0.814257 0.877779 0.893736 0.710433 0.682657 0.686183 0.638914 0.737395 0.606382 0.646804 0.647493 0.661865 0.616137 0.677983 0.802107 0.885779 0.715769 0.676990 0.783167 0.803488 0.809086 0.813150 0.727933 0.662235 0.646596 0.559172 0.647791 0.667398 0.706980 0.777993 0.612188 0.552538 0.702463 0.665381 0.778388 0.650097 0.806640 0.762268 0.704572 0.666233 0.693804 0.808983 0.657497 0.891685
0.351700 0.375689 0.359398 0.325536 0.865057 0.607028 0.405989 0.367837 0.505404 0.492199 0.433115 0.360539 0.318280 0.366756 0.312256 0.332971 0.401872 0.376870 0.378084 0.386767 0.466270 0.856569 0.282031 0.400740 0.542677 0.507072 0.941464 0.915822 0.415223 0.354533 0.311825 0.445758 0.365013 0.353138 0.486614 0.661517 0.000000 0.382455 0.570519 0.667053 0.711898 0.476143 0.381594 0.364518 0.426374 0.390976 0.388371 0.329402 0.644672 0.442443 0.498053 0.423973 0.526223 0.571221 0.508077 0.496401 0.433008 0.392174 0.355120 0.366253 0.335973 0.345072 0.380539 0.357709 0.318766 0.364028 0.377342 0.375065 0.554942 0.399734 0.403918 0.403866 0.619278 0.599751 0.591814 0.702330 0.423320 0.404980 0.377868 0.438774 0.349712 0.333980 0.545260 0.358997 0.275852 0.334635 0.936575 0.827296 0.415640 0.364239 0.638634 0.710371 0.589346 0.753920 0.440846 0.538387 0.445962 0.571977 0.430747 0.432833 0.539129 0.651602 0.336942 0.435104 0.381449 0.374946 0.775044 0.579846 0.666624 0.546394 0.809393 0.533309 0.570418 0.622543 0.520348 0.891414
0.412614 0.463941 0.475107 0.469211 0.687482 0.851805 0.476032 0.426729 0.557524 0.520739 0.470985 0.413172 0.363045 0.397211 0.392876 0.404599 0.469355 0.452402 0.415406 0.479468 0.490624 0.798873 0.373306 0.518299 0.763889 0.796894 0.878404 0.918766 0.519116 0.455983 0.493569 0.637936 0.442148 0.445021 0.571095 0.515019 0.382455 0.000000 0.672589 0.657364 0.727716 0.566387 0.429955 0.448192 0.510525 0.479773 0.528435 0.478652 0.701078 0.515798 0.497973 0.485498 0.649667 0.550599 0.629748 0.681474 0.466468 0.474128 0.452930 0.452206 0.375738 0.410644 0.382187 0.373458 0.417294 0.475544 0.487901 0.493252 0.702888 0.530226 0.471874 0.555553 0.717034 0.719543 0.823914 0.763467 0.480642 0.493719 0.518023 0.532331 0.471389 0.499222 0.518352 0.531572 0.380744 0.505642 0.869778 0.964329 0.535603 0.573547 0.616766 0.665527 0.679257 0.765488 0.535030 0.469966 0.577834 0.570545 0.442875 0.477977 0.636856 0.673311 0.383165 0.443756 0.456948 0.443597 0.665826 0.535514 0.562157 0.540017 0.742268 0.605530 0.592467 0.686151 0.421596 0.956597
