0.000000 0.593471 0.754374 0.844085 0.951993 0.918137 0.672607 0.870143 0.977333 0.981009 0.693930 0.765675 0.775210 0.925469 0.955085 0.973391 0.570311 0.595855 0.475868 0.636258 0.827941 0.865967 0.951843 0.977683 0.764341 0.837524 0.922384 0.991493 0.710124 0.760862 0.869332 0.949961 0.682016 0.581695 0.885784 0.971639 0.925266 0.866221 0.894103 0.860292 0.987073 0.891390 0.760729 0.668425 0.970803 0.924682 0.711447 0.821663 0.984629 0.952786 0.897914 0.925467 0.927070 0.856137 0.885192 0.878841 0.492344 0.576945 0.595954 0.795185 0.672531 0.924627 0.663638 0.803942 0.797405 0.867000 0.776827 0.816572 0.761350 0.713652 0.968651 0.990490 0.736750 0.755424 0.983591 0.942056 0.734182 0.807813 0.884238 0.731498 0.621034 0.592792 0.868047 0.695911 0.715889 0.779801 0.839906 0.953340 0.983398 0.796434 0.863042 0.924413 0.861174 0.984977 0.957031 0.865142 0.884149 0.933152 0.982840 0.850559 0.900406 0.967038 0.833336 0.688222 0.953208 0.990299 0.887865 0.940349 0.843821 0.803541 0.842890 0.935160 0.995624 0.988732 0.859356 0.795953
0.593471 0.000000 0.911850 0.847348 0.919448 0.933066 0.821277 0.716385 0.936547 0.847789 0.814972 0.546215 0.660466 0.671362 0.759042 0.715775 0.580041 0.563343 0.628298 0.653484 0.933310 0.905441 0.906040 0.931078 0.926938 0.984538 0.922893 0.968211 0.611616 0.675617 0.824484 0.869558 0.534163 0.545505 0.902288 0.895223 0.887908 0.991163 0.896882 0.793533 0.986117 0.942315 0.751815 0.618021 0.784386 0.713745 0.629560 0.646193 0.873017 0.841969 0.741073 0.780480 0.879543 0.965304 0.877491 0.879419 0.521971 0.445535 0.670407 0.851962 0.552185 0.682011 0.525884 0.550499 0.852473 0.876407 0.779870 0.747237 0.971533 0.660701 0.819324 0.877370 0.884910 0.863533 0.933257 0.965351 0.691226 0.876543 0.638952 0.737773 0.476110 0.559481 0.750120 0.646833 0.741563 0.765085 0.977919 0.905302 0.959013 0.804165 0.885026 0.823970 0.904268 0.877692 0.850132 0.793627 0.866586 0.895271 0.775346 0.818775 0.890672 0.936295 0.767580 0.766487 0.880113 0.942370 0.924022 0.933198 0.875908 0.861812 0.844493 0.930545 0.993836 0.858536 0.728088 0.974037
0.754374 0.911850 0.000000 0.454907 0.984886 0.996215 0.389062 0.643165 0.759285 0.962623 0.886121 0.800032 0.793412 0.835586 0.876776 0.818801 0.884474 0.855240 0.735511 0.866651 0.756114 0.858047 0.818634 0.808266 0.503768 0.603038 0.976994 0.944559 0.812196 0.712271 0.884917 0.986319 0.758477 0.745389 0.683616 0.893090 0.822570 0.960383 0.833056 0.765136 0.965599 0.807163 0.619339 0.798532 0.811311 0.849687 0.662203 0.829086 0.775937 0.995105 0.913476 0.864963 0.936784 0.780629 0.853836 0.794968 0.978091 0.954888 0.547660 0.652406 0.747125 0.961854 0.847567 0.759583 0.405775 0.554774 0.500446 0.558293 0.943363 0.838712 0.944837 0.903570 0.941668 0.949880 0.918103 0.965944 0.759069 0.886579 0.896810 0.954658 0.989815 0.948853 0.836907 0.990799 0.633724 0.751983 0.685499 0.822759 0.755181 0.645183 0.705641 0.683130 0.612929 0.560816 0.932539 0.781538 0.893183 0.949681 0.800386 0.730582 0.687057 0.856989 0.999296 0.895953 0.616474 0.675625 0.961226 0.837614 0.831357 0.981227 0.945710 0.963555 0.996879 0.817418 0.758405 0.697241
0.844085 0.847348 0.454907 0.000000 0.882843 0.981473 0.528459 0.487879 0.950106 0.858884 0.977012 0.970723 0.892933 0.975482 0.831072 0.960120 0.803880 0.839420 0.836115 0.849319 0.772334 0.897729 0.763775 0.643589 0.643414 0.634120 0.963014 0.864201 0.755441 0.682798 0.951498 0.999641 0.786024 0.665679 0.650786 0.874639 0.805533 0.896062 0.734108 0.717798 0.973756 0.830892 0.750606 0.827840 0.782758 0.848982 0.745971 0.798924 0.702553 0.904181 0.923676 0.768872 0.850632 0.719303 0.929113 0.744369 0.941691 0.958462 0.679326 0.622983 0.807959 0.775658 0.916973 0.894308 0.434217 0.363231 0.418383 0.390190 0.824654 0.805874 0.813953 0.725040 0.774046 0.840455 0.953167 0.888809 0.672157 0.768250 0.997138 0.957069 0.927095 0.939594 0.859430 0.987793 0.652915 0.652166 0.737642 0.790302 0.943543 0.615489 0.671638 0.709538 0.585871 0.634360 0.966985 0.733518 0.824665 0.911114 0.670740 0.741203 0.668401 0.859894 0.940081 0.963589 0.511765 0.619397 0.921162 0.728020 0.830306 0.978368 0.884319 0.979978 0.983621 0.809893 0.764592 0.721572
0.951993 0.919448 0.984886 0.882843 0.000000 0.764295 0.940328 0.989025 0.852640 0.873539 0.816819 0.942815 0.783260 0.934798 0.833319 0.874672 0.799712 0.797643 0.928016 0.940396 0.837162 0.754788 0.853459 0.958464 0.982164 0.954716 0.942177 0.957411 0.933059 0.787504 0.841330 0.979733 0.921677 0.984584 0.956437 0.857306 0.874528 0.934008 0.994975 0.897725 0.895283 0.906133 0.905143 0.976466 0.776980 0.874281 0.956723 0.966791 0.788998 0.855500 0.813428 0.942252 0.816115 0.759490 0.891595 0.996702 0.826180 0.885769 0.869373 0.785251 0.803143 0.936915 0.773839 0.870677 0.998339 0.920019 0.935399 0.931921 0.856172 0.902303 0.796769 0.983470 0.883530 0.984069 0.898961 0.931383 0.897984 0.951451 0.904643 0.870748 0.813648 0.838087 0.826832 0.811057 0.795798 0.751377 0.952898 0.762564 0.970827 0.986097 0.975003 0.954437 0.977064 0.935275 0.850086 0.927252 0.938157 0.957603 0.995855 0.969474 0.870450 0.888254 0.992849 0.900236 0.967333 0.817001 0.968467 0.955191 0.936938 0.955436 0.992069 0.925113 0.957283 0.862517 0.914349 0.926979
0.918137 0.933066 0.996215 0.981473 0.764295 0.000000 0.953312 0.926702 0.898115 0.976989 0.959242 0.899403 0.950342 0.916801 0.931655 0.784145 0.896209 0.866171 0.954151 0.831975 0.858574 0.992231 0.840146 0.841013 0.980815 0.858952 0.865808 0.843785 0.939349 0.958416 0.874862 0.995466 0.921353 0.888931 0.913301 0.899619 0.749076 0.975030 0.923294 0.959384 0.804580 0.985381 0.858018 0.772755 0.918909 0.953411 0.914532 0.977420 0.895514 0.951221 0.849717 0.935407 0.797050 0.794724 0.907218 0.817594 0.970812 0.898812 0.745338 0.745948 0.997013 0.940023 0.977753 0.932279 0.936898 0.981979 0.985539 0.977918 0.811047 0.793525 0.886900 0.941900 0.858749 0.784970 0.942575 0.938659 0.989721 0.897845 0.980091 0.981297 0.959535 0.974014 0.924335 0.944136 0.825107 0.783589 0.872808 0.783030 0.916948 0.968131 0.767277 0.783941 0.745127 0.837959 0.919991 0.880123 0.829826 0.970925 0.897951 0.993036 0.944846 0.910887 0.946445 0.935969 0.927480 0.992828 0.948445 0.982765 0.923618 0.889639 0.897878 0.954862 0.867998 0.977735 0.903511 0.953099
0.672607 0.821277 0.389062 0.528459 0.940328 0.953312 0.000000 0.589269 0.677298 0.932010 0.889492 0.924079 0.637494 0.992370 0.952093 0.972015 0.991378 0.970579 0.710901 0.844007 0.829131 0.951667 0.739990 0.876250 0.629012 0.670500 0.946669 0.997784 0.906436 0.864014 0.897790 0.916686 0.688192 0.718540 0.718291 0.984393 0.838066 0.903097 0.880081 0.879091 0.982594 0.904522 0.675612 0.758579 0.889158 0.957361 0.718420 0.809086 0.876009 0.895865 0.789383 0.764562 0.927435 0.908333 0.872897 0.920923 0.875512 0.918856 0.502406 0.678282 0.539513 0.836876 0.939319 0.945088 0.428992 0.607863 0.603204 0.665053 0.959971 0.870231 0.992669 0.956570 0.911034 0.890982 0.923935 0.987498 0.731162 0.853434 0.947022 0.995048 0.831434 0.848964 0.978511 0.891319 0.510574 0.732695 0.801702 0.959455 0.710188 0.632470 0.709508 0.674339 0.717604 0.656708 0.942021 0.854819 0.932389 0.930830 0.738047 0.639700 0.729097 0.799858 0.979346 0.917726 0.655792 0.740344 0.902450 0.909094 0.722411 0.930736 0.847793 0.941086 0.966037 0.895632 0.750091 0.711158
0.870143 0.716385 0.643165 0.487879 0.989025 0.926702 0.589269 0.000000 0.991937 0.816262 0.952485 0.739229 0.726086 0.781442 0.964680 0.895321 0.946066 0.964387 0.898537 0.759550 0.940635 0.989380 0.757234 0.813607 0.967177 0.999473 0.905361 0.969844 0.995558 0.946368 0.978277 0.966625 0.759858 0.585970 0.765287 0.967799 0.929883 0.990369 0.975519 0.806225 0.870894 0.860946 0.849607 0.843664 0.903268 0.971669 0.783144 0.802325 0.782886 0.978298 0.749497 0.571923 0.968169 0.882804 0.910398 0.979066 0.995799 0.862024 0.598362 0.546803 0.542746 0.416612 0.817845 0.721833 0.620141 0.488458 0.594277 0.502763 0.695141 0.958791 0.855983 0.728259 0.765375 0.792701 0.924114 0.887957 0.626097 0.756412 0.879464 0.975495 0.738598 0.934582 0.942209 0.959019 0.714715 0.809368 0.810550 0.836524 0.920562 0.604574 0.655807 0.816342 0.704387 0.807127 0.847728 0.789560 0.708643 0.985983 0.506840 0.587418 0.652386 0.853340 0.710417 0.947140 0.507136 0.617899 0.963192 0.742080 0.790965 0.820550 0.701993 0.842121 0.904700 0.996878 0.727064 0.834560
0.977333 0.936547 0.759285 0.950106 0.852640 0.898115 0.677298 0.991937 0.000000 0.692940 0.974440 0.758285 0.862220 0.765523 0.946511 0.877141 0.866407 0.783590 0.961476 0.801619 0.948789 0.986935 0.718540 0.969605 0.897399 0.854423 0.913117 0.968774 0.834427 0.813457 0.939589 0.784801 0.947965 0.879871 0.908851 0.998048 0.807746 0.952577 0.959016 0.808869 0.954348 0.928290 0.934943 0.939041 0.869999 0.945823 0.985596 0.973179 0.788099 0.719173 0.827393 0.776977 0.733585 0.836020 0.911203 0.941980 0.981919 0.986571 0.855489 0.989481 0.842448 0.902104 0.934387 0.861369 0.769907 0.926633 0.959529 0.901770 0.935417 0.793718 0.859916 0.722685 0.810163 0.825505 0.982096 0.970826 0.932930 0.951853 0.807584 0.788551 0.866380 0.912591 0.986919 0.961086 0.754106 0.964979 0.869746 0.908646 0.726490 0.906689 0.807229 0.720304 0.713222 0.788989 0.959893 0.957407 0.900045 0.956954 0.880997 0.858243 0.860134 0.864894 0.882655 0.935025 0.965028 0.943412 0.967700 0.919150 0.908623 0.990610 0.872883 0.929470 0.995958 0.942810 0.950718 0.993621
0.981009 0.847789 0.962623 0.858884 0.873539 0.976989 0.932010 0.816262 0.692940 0.000000 0.851559 0.872423 0.887834 0.972747 0.893979 0.984860 0.810918 0.851629 0.906816 0.928884 0.823012 0.978960 0.785026 0.886680 0.838939 0.780797 0.780645 0.908404 0.694229 0.749855 0.811424 0.997742 0.756447 0.856858 0.962857 0.979783 0.920586 0.999293 0.623664 0.899878 0.786468 0.992225 0.918405 0.835307 0.648145 0.686946 0.904598 0.899552 0.622177 0.647114 0.612333 0.678005 0.627857 0.692598 0.884655 0.839173 0.813163 0.793122 0.854563 0.984823 0.740449 0.784681 0.710343 0.689831 0.893426 0.782620 0.927329 0.899253 0.991598 0.916788 0.890596 0.890881 0.984166 0.990178 0.861669 0.983722 0.983543 0.905791 0.981551 0.977101 0.776279 0.958841 0.903989 0.844169 0.964692 0.850713 0.941783 0.794505 0.882361 0.751138 0.996938 0.962829 0.961895 0.900523 0.884941 0.874748 0.788684 0.851739 0.814479 0.828575 0.791181 0.958532 0.705168 0.872939 0.897585 0.987411 0.793406 0.943920 0.906935 0.807575 0.824249 0.850522 0.961593 0.727819 0.952342 0.923699
0.693930 0.814972 0.886121 0.977012 0.816819 0.959242 0.889492 0.952485 0.974440 0.851559 0.000000 0.798857 0.844351 0.979922 0.900687 0.895766 0.611099 0.614350 0.623505 0.615314 0.761831 0.974776 0.926624 0.852466 0.968259 0.915855 0.954156 0.865397 0.680887 0.717776 0.815151 0.988791 0.761733 0.643405 0.987172 0.908145 0.990258 0.860767 0.954129 0.950287 0.983766 0.985620 0.927101 0.855441 0.988883 0.996272 0.965167 0.983630 0.987615 0.881155 0.971946 0.789181 0.905655 0.930105 0.999681 0.899066 0.707244 0.812441 0.843230 0.922536 0.808958 0.984538 0.727684 0.845559 0.926829 0.947631 0.956159 0.909011 0.875115 0.761763 0.897959 0.882837 0.591058 0.752643 0.959648 0.787710 0.898835 0.857092 0.860335 0.767302 0.716538 0.725896 0.969453 0.891043 0.988204 0.990896 0.736212 0.972120 0.882746 0.975015 0.658425 0.659147 0.795201 0.755857 0.956577 0.835518 0.943636 0.946412 0.872767 0.923561 0.983926 0.880038 0.862373 0.935765 0.984083 0.789032 0.958088 0.794138 0.982399 0.802481 0.922997 0.967969 0.825572 0.947958 0.961254 0.978906
0.765675 0.546215 0.800032 0.970723 0.942815 0.899403 0.924079 0.739229 0.758285 0.872423 0.798857 0.000000 0.676521 0.524536 0.724696 0.661777 0.571322 0.499297 0.798262 0.547991 0.839068 0.974867 0.943569 0.989269 0.735565 0.686120 0.903019 0.903567 0.534893 0.520284 0.983151 0.824270 0.698805 0.626340 0.996101 0.920135 0.989309 0.968536 0.785874 0.999213 0.916295 0.917103 0.968282 0.817914 0.875759 0.774619 0.912514 0.821062 0.974244 0.976214 0.819668 0.851323 0.985238 0.964690 0.983839 0.838916 0.635334 0.493671 0.860280 0.872658 0.609900 0.543955 0.465594 0.386318 0.880256 0.981376 0.954836 0.901257 0.912220 0.650542 0.867119 0.768621 0.863194 0.874251 0.943693 0.905753 0.745677 0.780240 0.567501 0.771103 0.472609 0.609214 0.706882 0.715890 0.899711 0.927180 0.923342 0.881736 0.764565 0.967492 0.813637 0.686905 0.750399 0.638772 0.710050 0.858865 0.863266 0.842495 0.859585 0.872156 0.998716 0.973237 0.660989 0.897708 0.884624 0.993762 0.990606 0.945788 0.984866 0.766488 0.750473 0.855853 0.950742 0.738347 0.860174 0.923351
0.775210 0.660466 0.793412 0.892933 0.783260 0.950342 0.637494 0.726086 0.862220 0.887834 0.844351 0.676521 0.000000 0.595430 0.562431 0.610118 0.764372 0.716798 0.813083 0.688948 0.990689 0.942111 0.693510 0.895517 0.953680 0.963942 0.873034 0.936467 0.771868 0.746563 0.839584 0.856351 0.670045 0.743657 0.863730 0.945398 0.813152 0.932594 0.881826 0.966893 0.961667 0.989286 0.912232 0.828170 0.917869 0.838364 0.792616 0.741343 0.975933 0.798693 0.765109 0.760214 0.855151 0.861633 0.851721 0.946607 0.751655 0.640810 0.781544 0.831108 0.412879 0.667865 0.656670 0.680028 0.764704 0.917664 0.990827 0.917930 0.771225 0.912858 0.966535 0.930938 0.997499 0.932004 0.967483 0.854545 0.820945 0.871437 0.719484 0.799624 0.603657 0.644413 0.730022 0.750105 0.572477 0.819452 0.929729 0.799295 0.924114 0.924516 0.986752 0.917483 0.900106 0.932750 0.872466 0.906843 0.993894 0.998441 0.788559 0.819352 0.935871 0.870051 0.915879 0.923619 0.849789 0.886453 0.978010 0.846382 0.991755 0.828319 0.897292 0.828198 0.951103 0.872225 0.705716 0.953095
0.925469 0.671362 0.835586 0.975482 0.934798 0.916801 0.992370 0.781442 0.765523 0.972747 0.979922 0.524536 0.595430 0.000000 0.521608 0.427952 0.744003 0.629331 0.997562 0.741208 0.816802 0.957572 0.875907 0.893692 0.861044 0.726657 0.909094 0.989009 0.667277 0.545807 0.856913 0.719061 0.716276 0.715996 0.948136 0.924100 0.994658 0.902515 0.811294 0.939995 0.915974 0.991690 0.934811 0.737303 0.783993 0.678336 0.819730 0.667326 0.967991 0.860827 0.771096 0.761768 0.871105 0.800042 0.971050 0.926108 0.859122 0.708683 0.990659 0.961340 0.621737 0.598995 0.603975 0.527732 0.980933 0.938762 0.960076 0.936850 0.676952 0.767034 0.955124 0.756966 0.951515 0.952782 0.930147 0.898221 0.919756 0.899737 0.659826 0.713205 0.597377 0.655296 0.604617 0.736883 0.796691 0.807372 0.810134 0.841815 0.838499 0.911106 0.863114 0.756587 0.723914 0.756209 0.783725 0.908648 0.963034 0.994394 0.798132 0.923411 0.956568 0.942569 0.819410 0.987094 0.964928 0.978101 0.912318 0.809409 0.901177 0.787792 0.855599 0.740879 0.909253 0.797823 0.820135 0.992334
0.955085 0.759042 0.876776 0.831072 0.833319 0.931655 0.952093 0.964680 0.946511 0.893979 0.900687 0.724696 0.562431 0.521608 0.000000 0.502377 0.736608 0.655057 0.936764 0.949412 0.913073 0.968478 0.677995 0.881643 0.924691 0.828172 0.901628 0.982977 0.672761 0.579839 0.742754 0.650271 0.694147 0.891254 0.988933 0.838237 0.884043 0.884380 0.839613 0.923651 0.916838 0.991373 0.862477 0.756178 0.631433 0.591725 0.740616 0.660413 0.761273 0.641710 0.714862 0.758204 0.693703 0.638081 0.872457 0.925023 0.739094 0.707769 0.945936 0.798855 0.662740 0.849559 0.626537 0.647943 0.963537 0.870902 0.864212 0.875181 0.822558 0.824335 0.922084 0.920120 0.936052 0.951981 0.897824 0.872177 0.969093 0.938567 0.684266 0.828708 0.641923 0.639925 0.506358 0.630750 0.683742 0.759546 0.584825 0.622477 0.995852 0.926618 0.857827 0.872998 0.737227 0.846704 0.867756 0.943951 0.927827 0.859091 0.871120 0.934262 0.986957 0.965059 0.962742 0.971150 0.939166 0.927485 0.936668 0.780124 0.954185 0.926475 0.928756 0.720137 0.822348 0.752119 0.835595 0.890535
0.973391 0.715775 0.818801 0.960120 0.874672 0.784145 0.972015 0.895321 0.877141 0.984860 0.895766 0.661777 0.610118 0.427952 0.502377 0.000000 0.865234 0.751193 0.993691 0.893257 0.848503 0.951273 0.692418 0.695078 0.892158 0.867162 0.950005 0.913004 0.762168 0.676143 0.791745 0.702803 0.796810 0.820903 0.958266 0.885581 0.862861 0.871010 0.903439 0.978113 0.982051 0.908632 0.989099 0.917778 0.714352 0.668695 0.859641 0.667475 0.870779 0.809515 0.722141 0.783978 0.785057 0.705200 0.965670 0.990135 0.845657 0.753510 0.809377 0.844159 0.711152 0.723974 0.639281 0.607201 0.990010 0.966996 0.932386 0.960250 0.648421 0.833590 0.947067 0.769938 0.934260 0.879329 0.947989 0.963850 0.956652 0.947646 0.680937 0.773482 0.669098 0.663866 0.542618 0.688908 0.680965 0.677989 0.723695 0.675904 0.840518 0.917251 0.966033 0.889980 0.813387 0.870118 0.867289 0.972183 0.842152 0.901752 0.807363 0.922079 0.963234 0.974739 0.957895 0.900725 0.986210 0.947074 0.911747 0.872341 0.936909 0.861744 0.992759 0.753419 0.908405 0.815720 0.845678 0.981990
0.570311 0.580041 0.884474 0.803880 0.799712 0.896209 0.991378 0.946066 0.866407 0.810918 0.611099 0.571322 0.764372 0.744003 0.736608 0.865234 0.000000 0.378895 0.575169 0.598078 0.994814 0.912760 0.938726 0.891088 0.940754 0.863068 0.989404 0.882061 0.430051 0.420082 0.786484 0.781759 0.605006 0.676210 0.967474 0.949058 0.982405 0.964114 0.835323 0.952554 0.975017 0.830112 0.888872 0.628233 0.735985 0.671485 0.731041 0.750379 0.740320 0.804211 0.737756 0.959036 0.877715 0.848685 0.868560 0.843900 0.448455 0.521584 0.846406 0.915300 0.711362 0.892844 0.465654 0.550978 0.862819 0.821808 0.916560 0.942454 0.838497 0.561012 0.919258 0.956617 0.606751 0.628765 0.987752 0.901660 0.858866 0.897727 0.657457 0.626913 0.436342 0.531267 0.644512 0.654508 0.892564 0.885466 0.985041 0.774219 0.856421 0.989991 0.666724 0.655538 0.635355 0.713648 0.875080 0.899857 0.938514 0.918442 0.903830 0.997810 0.981146 0.916273 0.798032 0.765382 0.890752 0.761793 0.941636 0.769086 0.930985 0.752452 0.890728 0.926846 0.974631 0.783223 0.888666 0.986708
0.595855 0.563343 0.855240 0.839420 0.797643 0.866171 0.970579 0.964387 0.783590 0.851629 0.614350 0.499297 0.716798 0.629331 0.655057 0.751193 0.378895 0.000000 0.596078 0.548362 0.983415 0.953571 0.970913 0.919023 0.843910 0.795254 0.948948 0.943305 0.435632 0.376550 0.838953 0.756497 0.604257 0.623603 0.907069 0.938532 0.947015 0.945624 0.902110 0.961731 0.912908 0.914257 0.960887 0.669930 0.800729 0.723746 0.782812 0.806993 0.869090 0.883111 0.830586 0.941996 0.957540 0.898690 0.934547 0.803155 0.442743 0.503889 0.855350 0.969342 0.664544 0.810765 0.414107 0.473445 0.835228 0.873508 0.929520 0.978700 0.898808 0.507107 0.882339 0.901192 0.591850 0.665247 0.984304 0.906520 0.812639 0.904949 0.599013 0.595383 0.426904 0.485102 0.628883 0.624584 0.910993 0.858734 0.924199 0.795991 0.804760 0.994024 0.643943 0.573348 0.571491 0.631465 0.810001 0.926037 0.909687 0.869085 0.936061 0.972982 0.969512 0.851547 0.750257 0.837484 0.944229 0.842274 0.965288 0.775902 0.965389 0.705971 0.825493 0.880432 0.980942 0.800141 0.882914 0.989428
0.475868 0.628298 0.735511 0.836115 0.928016 0.954151 0.710901 0.898537 0.961476 0.906816 0.623505 0.798262 0.813083 0.997562 0.936764 0.993691 0.575169 0.596078 0.000000 0.577543 0.798945 0.868348 0.917184 0.949508 0.762962 0.771317 0.978017 0.945454 0.657090 0.731417 0.729321 0.850055 0.565003 0.599048 0.838478 0.994652 0.789399 0.963419 0.937675 0.886040 0.983838 0.773874 0.708672 0.631100 0.924598 0.841613 0.607692 0.785624 0.898073 0.863281 0.837984 0.981793 0.974194 0.956217 0.827296 0.940315 0.520104 0.658921 0.688469 0.921234 0.738444 0.994581 0.647519 0.843661 0.835600 0.894034 0.702942 0.755903 0.763837 0.706876 0.805863 0.861308 0.718684 0.671007 0.989849 0.983596 0.721935 0.828941 0.794086 0.722732 0.607980 0.618792 0.865514 0.726199 0.794307 0.767564 0.759694 0.933642 0.982693 0.763018 0.898487 0.941722 0.944556 0.972755 0.977125 0.836050 0.897740 0.844888 0.973887 0.827194 0.807249 0.983379 0.840651 0.688698 0.876668 0.961627 0.935933 0.945625 0.793734 0.933279 0.848697 0.974769 0.958907 0.910217 0.841897 0.835624
0.636258 0.653484 0.866651 0.849319 0.940396 0.831975 0.844007 0.759550 0.801619 0.928884 0.615314 0.547991 0.688948 0.741208 0.949412 0.893257 0.598078 0.548362 0.577543 0.000000 0.898104 0.974161 0.978714 0.943414 0.976143 0.882121 0.972041 0.850538 0.653026 0.654342 0.948356 0.845113 0.611333 0.568182 0.934003 0.968322 0.962774 0.946645 0.941893 0.911960 0.966184 0.889943 0.919838 0.746503 0.851782 0.993064 0.868037 0.871854 0.807116 0.947669 0.994559 0.890402 0.764352 0.752099 0.942237 0.858359 0.653721 0.569304 0.702300 0.705463 0.662229 0.730353 0.624275 0.641004 0.990795 0.864787 0.846940 0.774276 0.875493 0.664560 0.825791 0.833998 0.725790 0.791010 0.943936 0.934438 0.693951 0.766439 0.711274 0.595908 0.535144 0.599802 0.915831 0.833757 0.897915 0.940629 0.770441 0.956274 0.825667 0.817670 0.777219 0.701585 0.830518 0.739510 0.882151 0.823634 0.871267 0.931449 0.947378 0.931277 0.868551 0.894026 0.728171 0.844814 0.727290 0.913935 0.927971 0.925887 0.937323 0.738156 0.681121 0.990138 0.813260 0.865549 0.778504 0.872821
0.827941 0.933310 0.756114 0.772334 0.837162 0.858574 0.829131 0.940635 0.948789 0.823012 0.761831 0.839068 0.990689 0.816802 0.913073 0.848503 0.994814 0.983415 0.798945 0.898104 0.000000 0.911317 0.946835 0.887746 0.785019 0.676732 0.944422 0.916667 0.953533 0.905616 0.899638 0.965441 0.889561 0.905978 0.856649 0.943851 0.843360 0.956149 0.807809 0.945621 0.994801 0.879973 0.978484 0.982374 0.838346 0.779712 0.919727 0.920739 0.811129 0.817634 0.832055 0.811674 0.718124 0.783800 0.960689 0.865058 0.973601 0.900273 0.926071 0.978545 0.939704 0.815033 0.924878 0.804933 0.813062 0.799421 0.755522 0.773067 0.905281 0.980022 0.950341 0.996357 0.852252 0.859213 0.974113 0.851794 0.909368 0.900627 0.943923 0.823024 0.961453 0.992847 0.857994 0.899843 0.899263 0.781817 0.787485 0.895242 0.948141 0.974441 0.868715 0.916252 0.986773 0.949525 0.896770 0.923095 0.999304 0.940499 0.876450 0.974627 0.873164 0.852270 0.861653 0.933761 0.840248 0.966746 0.929823 0.968993 0.932446 0.957283 0.958081 0.870207 0.940970 0.915735 0.958349 0.967718
0.865967 0.905441 0.858047 0.897729 0.754788 0.992231 0.951667 0.989380 0.986935 0.978960 0.974776 0.974867 0.942111 0.957572 0.968478 0.951273 0.912760 0.953571 0.868348 0.974161 0.911317 0.000000 0.967348 0.998545 0.864357 0.884388 0.855598 0.863176 0.841249 0.978555 0.917732 0.925056 0.885385 0.890606 0.865673 0.816792 0.910499 0.821954 0.931445 0.989556 0.925521 0.885939 0.734515 0.873118 0.967121 0.934627 0.774443 0.891673 0.927929 0.911295 0.922362 0.960591 0.945304 0.968615 0.974303 0.834972 0.943125 0.991338 0.921559 0.966457 0.967651 0.926567 0.985702 0.976460 0.901994 0.949606 0.859628 0.861591 0.924251 0.982858 0.888539 0.989889 0.968833 0.858375 0.972524 0.951691 0.997443 0.958579 0.971736 0.878526 0.957318 0.920371 0.958084 0.957535 0.975738 0.943966 0.750871 0.886856 0.898611 0.983701 0.991690 0.982247 0.890574 0.858857 0.955559 0.843129 0.864759 0.986403 0.868045 0.983860 0.901956 0.840182 0.914560 0.682689 0.984806 0.909303 0.925161 0.959122 0.997939 0.827552 0.990841 0.916037 0.955925 0.855617 0.936512 0.927661
0.951843 0.906040 0.818634 0.763775 0.853459 0.840146 0.739990 0.757234 0.718540 0.785026 0.926624 0.943569 0.693510 0.875907 0.677995 0.692418 0.938726 0.970913 0.917184 0.978714 0.946835 0.967348 0.000000 0.511565 0.862390 0.873821 0.988125 0.926732 0.962231 0.996584 0.691910 0.790399 0.748070 0.828182 0.850386 0.989071 0.595901 0.785364 0.962079 0.930696 0.874835 0.977501 0.836974 0.925365 0.746732 0.734608 0.722331 0.729644 0.835023 0.689349 0.690790 0.667099 0.793226 0.830563 0.856727 0.851522 0.890702 0.880411 0.990696 0.974652 0.725165 0.827306 0.796467 0.835674 0.700202 0.809145 0.848318 0.797462 0.815045 0.966486 0.989332 0.796733 0.782610 0.776918 0.923608 0.963793 0.928419 0.848548 0.870933 0.989544 0.766028 0.757800 0.677129 0.742140 0.472239 0.615194 0.856592 0.666434 0.915324 0.716430 0.854630 0.870030 0.839946 0.951884 0.969806 0.830664 0.862023 0.835375 0.693170 0.720811 0.648258 0.939117 0.930588 0.939743 0.682840 0.760014 0.961630 0.940789 0.845437 0.901898 0.954661 0.830643 0.941997 0.747944 0.780865 0.953768
0.977683 0.931078 0.808266 0.643589 0.958464 0.841013 0.876250 0.813607 0.969605 0.886680 0.852466 0.989269 0.895517 0.893692 0.881643 0.695078 0.891088 0.919023 0.949508 0.943414 0.887746 0.998545 0.511565 0.000000 0.729571 0.768471 0.753318 0.923819 0.867843 0.891307 0.770521 0.741462 0.866425 0.833755 0.922396 0.875235 0.670838 0.716523 0.894550 0.903002 0.954002 0.888637 0.866882 0.925443 0.941622 0.874205 0.725781 0.743516 0.986652 0.906906 0.819967 0.873865 0.974423 0.970466 0.824887 0.816697 0.968412 0.986090 0.921351 0.957890 0.955249 0.916285 0.960825 0.997951 0.666618 0.642482 0.703574 0.640357 0.832756 0.926977 0.868369 0.699494 0.770241 0.817803 0.972781 0.828453 0.908385 0.873883 0.884061 0.866727 0.832622 0.783178 0.802669 0.851058 0.551521 0.495638 0.967704 0.720443 0.950671 0.782886 0.841095 0.859902 0.823709 0.831499 0.889371 0.897350 0.923281 0.867115 0.887512 0.919179 0.656167 0.943445 0.943116 0.952908 0.693667 0.718261 0.988117 0.909830 0.887275 0.937203 0.943807 0.925678 0.918434 0.858265 0.853449 0.728675
0.764341 0.926938 0.503768 0.643414 0.982164 0.980815 0.629012 0.967177 0.897399 0.838939 0.968259 0.735565 0.953680 0.861044 0.924691 0.892158 0.940754 0.843910 0.762962 0.976143 0.785019 0.864357 0.862390 0.729571 0.000000 0.535632 0.814313 0.908391 0.819796 0.781318 0.726225 0.897977 0.841085 0.808125 0.692364 0.911885 0.778311 0.820788 0.740116 0.776857 0.890857 0.964108 0.541600 0.704371 0.999179 0.930365 0.635908 0.679261 0.995373 0.894431 0.950027 0.994470 0.941446 0.898775 0.915995 0.688396 0.964850 0.921791 0.783221 0.880046 0.981310 0.834612 0.786904 0.629347 0.511766 0.656681 0.552950 0.655608 0.930256 0.953253 0.918553 0.921553 0.936095 0.920894 0.917924 0.976403 0.893502 0.936693 0.939155 0.936218 0.989236 0.870159 0.917761 0.932565 0.660098 0.652120 0.770063 0.965949 0.840892 0.776838 0.863756 0.802067 0.771536 0.688003 0.850464 0.803839 0.914275 0.958159 0.967648 0.986711 0.784448 0.967691 0.930436 0.858361 0.852080 0.893011 0.959520 0.993516 0.937524 0.859882 0.903526 0.921199 0.977248 0.882675 0.940917 0.731762
0.837524 0.984538 0.603038 0.634120 0.954716 0.858952 0.670500 0.999473 0.854423 0.780797 0.915855 0.686120 0.963942 0.726657 0.828172 0.867162 0.863068 0.795254 0.771317 0.882121 0.676732 0.884388 0.873821 0.768471 0.535632 0.000000 0.835774 0.775211 0.791813 0.714835 0.762523 0.972807 0.858087 0.879916 0.846179 0.906421 0.739139 0.903532 0.655359 0.827901 0.862868 0.883914 0.767402 0.890850 0.986942 0.952419 0.753907 0.885170 0.957822 0.968672 0.967116 0.973401 0.986958 0.961806 0.857192 0.737326 0.994503 0.817206 0.966623 0.939036 0.930744 0.736453 0.789418 0.604704 0.590585 0.736350 0.580112 0.697388 0.996449 0.782515 0.754635 0.864976 0.983308 0.962934 0.846779 0.994721 0.999199 0.896422 0.802823 0.943962 0.862147 0.983681 0.893661 0.962612 0.764244 0.652161 0.717531 0.949623 0.941589 0.871509 0.808681 0.653221 0.714053 0.661669 0.799066 0.985331 0.885976 0.885569 0.927854 0.887324 0.833619 0.957986 0.760339 0.965894 0.906010 0.890746 0.905274 0.942735 0.921807 0.891590 0.820375 0.883008 0.977126 0.862238 0.894999 0.823504
0.922384 0.922893 0.976994 0.963014 0.942177 0.865808 0.946669 0.905361 0.913117 0.780645 0.954156 0.903019 0.873034 0.909094 0.901628 0.950005 0.989404 0.948948 0.978017 0.972041 0.944422 0.855598 0.988125 0.753318 0.814313 0.835774 0.000000 0.981925 0.849178 0.917693 0.966891 0.876486 0.876416 0.964864 0.940686 0.885299 0.930504 0.857995 0.732845 0.886482 0.866846 0.953934 0.971937 0.975171 0.982848 0.994184 0.956524 0.966521 0.986866 0.973307 0.946311 0.858132 0.946600 0.955018 0.909751 0.851090 0.940897 0.874867 0.841290 0.889458 0.836963 0.945876 0.867587 0.851772 0.945125 0.882017 0.978062 0.933644 0.958423 0.974760 0.922130 0.883422 0.960844 0.996247 0.942173 0.847045 0.929549 0.972866 0.986304 0.844547 0.994929 0.929470 0.982584 0.996521 0.923587 0.768481 0.901189 0.928578 0.799144 0.980622 0.924464 0.906063 0.948080 0.836663 0.873515 0.875058 0.966577 0.861380 0.991715 0.954515 0.816547 0.847445 0.991002 0.958753 0.979200 0.911120 0.983495 0.992372 0.964147 0.990179 0.918352 0.936148 0.999210 0.950836 0.886146 0.815752
0.991493 0.968211 0.944559 0.864201 0.957411 0.843785 0.997784 0.969844 0.968774 0.908404 0.865397 0.903567 0.936467 0.989009 0.982977 0.913004 0.882061 0.943305 0.945454 0.850538 0.916667 0.863176 0.926732 0.923819 0.908391 0.775211 0.981925 0.000000 0.990022 0.939038 0.923769 0.940382 0.985731 0.991275 0.827373 0.968037 0.932853 0.874137 0.891680 0.991764 0.916088 0.945400 0.847977 0.965833 0.873009 0.914005 0.805829 0.878969 0.903115 0.908391 0.915193 0.838540 0.871611 0.895279 0.883147 0.786647 0.943417 0.948689 0.859610 0.907736 0.910801 0.954899 0.978369 0.924067 0.826281 0.888312 0.766158 0.865299 0.854931 0.954214 0.888619 0.828390 0.991014 0.979527 0.929164 0.977432 0.979264 0.985682 0.916662 0.961793 0.906497 0.945732 0.900775 0.954587 0.925235 0.756838 0.982959 0.926412 0.939451 0.905400 0.849806 0.850750 0.845850 0.871366 0.990420 0.993845 0.960626 0.869738 0.800439 0.991279 0.799708 0.828945 0.946631 0.958892 0.997293 0.920866 0.991389 0.892996 0.954044 0.961345 0.946473 0.983628 0.923376 0.900810 0.976052 0.943061
0.710124 0.611616 0.812196 0.755441 0.933059 0.939349 0.906436 0.995558 0.834427 0.694229 0.680887 0.534893 0.771868 0.667277 0.672761 0.762168 0.430051 0.435632 0.657090 0.653026 0.953533 0.841249 0.962231 0.867843 0.819796 0.791813 0.849178 0.990022 0.000000 0.370497 0.725650 0.744826 0.615690 0.649881 0.925420 0.828032 0.972656 0.965500 0.703657 0.942526 0.919989 0.875187 0.875080 0.635412 0.658798 0.603524 0.753062 0.764139 0.712171 0.795186 0.687400 0.946517 0.780941 0.715546 0.960676 0.811833 0.564967 0.608250 0.931076 0.875771 0.728119 0.844012 0.472876 0.498146 0.777298 0.748683 0.923552 0.950752 0.985380 0.545378 0.976942 0.951867 0.599422 0.639464 0.956817 0.872406 0.864691 0.890692 0.693419 0.703605 0.504514 0.661425 0.679452 0.701989 0.969488 0.997926 0.954099 0.818736 0.778305 0.921124 0.641921 0.625059 0.625208 0.654465 0.847252 0.936967 0.980176 0.841316 0.983601 0.961473 0.982725 0.986886 0.688916 0.770204 0.890900 0.813390 0.825103 0.763589 0.946217 0.706639 0.798081 0.775486 0.917162 0.741046 0.881927 0.888297
0.760862 0.675617 0.712271 0.682798 0.787504 0.958416 0.864014 0.946368 0.813457 0.749855 0.717776 0.520284 0.746563 0.545807 0.579839 0.676143 0.420082 0.376550 0.731417 0.654342 0.905616 0.978555 0.996584 0.891307 0.781318 0.714835 0.917693 0.939038 0.370497 0.000000 0.749798 0.709057 0.640096 0.727748 0.923072 0.895779 0.969628 0.987951 0.784096 0.923729 0.913619 0.928769 0.944177 0.684156 0.654113 0.602452 0.824942 0.777632 0.695839 0.771239 0.727972 0.995768 0.797365 0.698444 0.942323 0.793047 0.575889 0.611172 0.970229 0.807755 0.723105 0.835272 0.426770 0.465929 0.714088 0.712765 0.803814 0.839809 0.991688 0.584689 0.998553 0.901632 0.654804 0.713124 0.999656 0.850846 0.981346 0.904678 0.610329 0.623913 0.463236 0.546077 0.543531 0.596401 0.959615 0.912926 0.845310 0.710133 0.777698 0.880507 0.627746 0.588170 0.538320 0.600912 0.785144 0.975387 0.986528 0.878397 0.980163 0.968365 0.929130 0.931559 0.729459 0.829306 0.848922 0.785873 0.836062 0.703354 0.958066 0.775667 0.846456 0.865177 0.966025 0.711879 0.948592 0.890921
0.869332 0.824484 0.884917 0.951498 0.841330 0.874862 0.897790 0.978277 0.939589 0.811424 0.815151 0.983151 0.839584 0.856913 0.742754 0.791745 0.786484 0.838953 0.729321 0.948356 0.899638 0.917732 0.691910 0.770521 0.726225 0.762523 0.966891 0.923769 0.725650 0.749798 0.000000 0.614831 0.614569 0.744635 0.834419 0.963674 0.699284 0.829373 0.987549 0.897060 0.990211 0.968230 0.665263 0.655411 0.579811 0.616188 0.579323 0.606948 0.666170 0.763919 0.686584 0.912600 0.779373 0.708304 0.813688 0.902545 0.764161 0.871395 0.905437 0.800439 0.859689 0.934619 0.766315 0.917868 0.939912 0.967307 0.816928 0.879677 0.886542 0.820414 0.850316 0.856166 0.835156 0.820064 0.909862 0.895604 0.999092 0.879389 0.891607 0.782822 0.723667 0.693461 0.674044 0.664280 0.732587 0.666096 0.975131 0.676768 0.924297 0.934297 0.880398 0.924416 0.933446 0.940350 0.921294 0.849757 0.992440 0.902586 0.873690 0.991488 0.901652 0.977529 0.952098 0.994435 0.997528 0.892801 0.856393 0.892638 0.987526 0.878427 0.985513 0.808603 0.983638 0.870373 0.936181 0.956209
0.949961 0.869558 0.986319 0.999641 0.979733 0.995466 0.916686 0.966625 0.784801 0.997742 0.988791 0.824270 0.856351 0.719061 0.650271 0.702803 0.781759 0.756497 0.850055 0.845113 0.965441 0.925056 0.790399 0.741462 0.897977 0.972807 0.876486 0.940382 0.744826 0.709057 0.614831 0.000000 0.671873 0.775971 0.970105 0.996434 0.908789 0.736963 0.921946 0.790510 0.966902 0.792400 0.756588 0.700770 0.696624 0.728820 0.663462 0.671353 0.896803 0.907640 0.869141 0.962022 0.940721 0.914643 0.860500 0.927954 0.781610 0.818741 0.868240 0.897825 0.941229 0.986694 0.787456 0.800038 0.998097 0.980670 0.884974 0.840385 0.967867 0.802955 0.951438 0.676306 0.897599 0.813108 0.841631 0.915628 0.977175 0.923225 0.754730 0.620978 0.698530 0.652520 0.649446 0.667174 0.825238 0.706993 0.862592 0.707487 0.798712 0.967685 0.817415 0.821413 0.783550 0.935220 0.970001 0.892276 0.991984 0.746812 0.903279 0.983317 0.830222 0.915347 0.834906 0.886198 0.896008 0.941380 0.893218 0.922961 0.897719 0.879707 0.869704 0.706742 0.945051 0.794815 0.960775 0.943700
0.682016 0.534163 0.758477 0.786024 0.921677 0.921353 0.688192 0.759858 0.947965 0.756447 0.761733 0.698805 0.670045 0.716276 0.694147 0.796810 0.605006 0.604257 0.565003 0.611333 0.889561 0.885385 0.748070 0.866425 0.841085 0.858087 0.876416 0.985731 0.615690 0.640096 0.614569 0.671873 0.000000 0.526552 0.805916 0.967504 0.857356 0.946229 0.970155 0.889238 0.957465 0.810783 0.658956 0.506615 0.713254 0.663456 0.559535 0.556828 0.814918 0.793264 0.684590 0.792363 0.820983 0.890014 0.871607 0.965911 0.549736 0.570432 0.699325 0.916691 0.555047 0.791167 0.543929 0.640154 0.803288 0.888761 0.705694 0.724348 0.999435 0.800910 0.861153 0.798309 0.882139 0.899911 0.876755 0.966977 0.759804 0.777022 0.764800 0.698565 0.492223 0.567523 0.677577 0.633509 0.681330 0.710328 0.929196 0.826163 0.969505 0.734368 0.894424 0.891747 0.912725 0.945344 0.846634 0.788659 0.959461 0.908418 0.790523 0.788329 0.784744 0.909067 0.814266 0.783193 0.768037 0.984573 0.809802 0.917703 0.920543 0.777024 0.838703 0.868409 0.974952 0.846228 0.699055 0.963097
0.581695 0.545505 0.745389 0.665679 0.984584 0.888931 0.718540 0.585970 0.879871 0.856858 0.643405 0.626340 0.743657 0.715996 0.891254 0.820903 0.676210 0.623603 0.599048 0.568182 0.905978 0.890606 0.828182 0.833755 0.808125 0.879916 0.964864 0.991275 0.649881 0.727748 0.744635 0.775971 0.526552 0.000000 0.801743 0.975876 0.835316 0.882573 0.979434 0.773031 0.968604 0.856936 0.694676 0.548865 0.893140 0.777690 0.616337 0.586108 0.991522 0.930183 0.757644 0.835462 0.990890 0.939245 0.998816 0.984123 0.641719 0.635857 0.660984 0.738049 0.630657 0.667226 0.645552 0.661766 0.774405 0.707078 0.609992 0.571028 0.958470 0.742682 0.807399 0.758836 0.781267 0.773517 0.913215 0.982104 0.717832 0.687093 0.745129 0.711981 0.547681 0.626919 0.868270 0.736842 0.747826 0.717959 0.828441 0.991703 0.908232 0.723647 0.897854 0.841166 0.951411 0.938223 0.881972 0.671212 0.846136 0.955911 0.746631 0.758963 0.716247 0.942388 0.646471 0.725941 0.702629 0.925519 0.982922 0.949504 0.832476 0.748435 0.770534 0.825453 0.949611 0.870502 0.692452 0.848253
0.885784 0.902288 0.683616 0.650786 0.956437 0.913301 0.718291 0.765287 0.908851 0.962857 0.987172 0.996101 0.863730 0.948136 0.988933 0.958266 0.967474 0.907069 0.838478 0.934003 0.856649 0.865673 0.850386 0.922396 0.692364 0.846179 0.940686 0.827373 0.925420 0.923072 0.834419 0.970105 0.805916 0.801743 0.000000 0.898186 0.705149 0.912240 0.842261 0.895581 0.965700 0.931099 0.661142 0.743223 0.920489 0.878542 0.756612 0.741086 0.957720 0.775294 0.798623 0.717040 0.896792 0.973727 0.831009 0.723489 0.999405 0.929885 0.791233 0.809600 0.840432 0.835145 0.988676 0.934245 0.683908 0.730484 0.690207 0.698384 0.933947 0.897657 0.812536 0.866833 0.889875 0.944577 0.981607 0.972248 0.778050 0.723935 0.932821 0.996185 0.950453 0.947080 0.999949 0.868161 0.783458 0.834492 0.837177 0.941893 0.896377 0.801655 0.804433 0.853601 0.751497 0.813896 0.890045 0.763869 0.945420 0.882970 0.753752 0.947724 0.955558 0.770557 0.937901 0.894949 0.810983 0.885219 0.889215 0.957074 0.859539 0.950861 0.972401 0.917248 0.878910 0.892909 0.914193 0.918251
0.971639 0.895223 0.893090 0.874639 0.857306 0.899619 0.984393 0.967799 0.998048 0.979783 0.908145 0.920135 0.945398 0.924100 0.838237 0.885581 0.949058 0.938532 0.994652 0.968322 0.943851 0.816792 0.989071 0.875235 0.911885 0.906421 0.885299 0.968037 0.828032 0.895779 0.963674 0.996434 0.967504 0.975876 0.898186 0.000000 0.839268 0.966719 0.913549 0.955054 0.892474 0.935025 0.958569 0.956212 0.960820 0.944389 0.955360 0.991189 0.972556 0.971059 0.996003 0.978979 0.989184 0.966610 0.817699 0.883392 0.989920 0.889749 0.947402 0.997399 0.964463 0.991049 0.890625 0.852751 0.925156 0.951516 0.994807 0.944157 0.952882 0.905868 0.828343 0.997122 0.957504 0.958148 0.876390 0.947894 0.897966 0.896140 0.860737 0.958112 0.940989 0.996778 0.962205 0.976629 0.941457 0.935530 0.981187 0.917986 0.891103 0.825996 0.902863 0.953575 0.861307 0.941268 0.972344 0.922287 0.935468 0.944053 0.971706 0.970775 0.946181 0.864967 0.887082 0.976736 0.952804 0.924230 0.913222 0.956505 0.995397 0.895549 0.875885 0.939554 0.998623 0.922110 0.922675 0.859324
0.925266 0.887908 0.822570 0.805533 0.874528 0.749076 0.838066 0.929883 0.807746 0.920586 0.990258 0.989309 0.813152 0.994658 0.884043 0.862861 0.982405 0.947015 0.789399 0.962774 0.843360 0.910499 0.595901 0.670838 0.778311 0.739139 0.930504 0.932853 0.972656 0.969628 0.699284 0.908789 0.857356 0.835316 0.705149 0.839268 0.000000 0.660888 0.939334 0.997558 0.933774 0.905062 0.738176 0.849221 0.747381 0.735506 0.722135 0.720829 0.777206 0.690823 0.727966 0.769589 0.817670 0.778430 0.786179 0.745396 0.904008 0.924539 0.965294 0.893986 0.878839 0.995206 0.935960 0.976047 0.760130 0.921078 0.795483 0.768271 0.904784 0.962324 0.722603 0.825135 0.900796 0.955166 0.882073 0.943067 0.988879 0.728728 0.920966 0.942747 0.938913 0.870557 0.893887 0.810058 0.741248 0.752764 0.948938 0.837942 0.930378 0.913607 0.870927 0.862779 0.767318 0.924409 0.953431 0.959925 0.933972 0.856037 0.749160 0.823083 0.827403 0.879112 0.880298 0.977691 0.846557 0.854982 0.846488 0.908305 0.933986 0.965036 0.944484 0.863699 0.987919 0.810176 0.789216 0.929221
0.866221 0.991163 0.960383 0.896062 0.934008 0.975030 0.903097 0.990369 0.952577 0.999293 0.860767 0.968536 0.932594 0.902515 0.884380 0.871010 0.964114 0.945624 0.963419 0.946645 0.956149 0.821954 0.785364 0.716523 0.820788 0.903532 0.857995 0.874137 0.965500 0.987951 0.829373 0.736963 0.946229 0.882573 0.912240 0.966719 0.660888 0.000000 0.965841 0.956856 0.916336 0.808223 0.687600 0.759651 0.701753 0.687315 0.693164 0.694334 0.816254 0.774063 0.791340 0.843622 0.825293 0.802202 0.929515 0.825549 0.929385 0.889869 0.841063 0.815372 0.882942 0.979765 0.948884 0.942198 0.851799 0.914596 0.820398 0.794154 0.919785 0.934999 0.878355 0.727421 0.971919 0.894368 0.962268 0.969760 0.890117 0.959519 0.801310 0.972028 0.994906 0.951767 0.894686 0.863727 0.955114 0.782833 0.985902 0.875418 0.835926 0.953363 0.998092 0.966299 0.897617 0.904629 0.852210 0.859574 0.924027 0.848054 0.881551 0.961699 0.858227 0.977430 0.889791 0.854210 0.924463 0.833582 0.872115 0.940384 0.837311 0.958920 0.974274 0.781181 0.990942 0.904723 0.786477 0.848282
