0.000000 0.156878 0.318197 0.277487 0.677798 0.543213 0.237960 0.191101 0.409500 0.334287 0.162802 0.136636 0.136609 0.218931 0.216019 0.221417 0.146792 0.128556 0.130250 0.144074 0.508157 0.851612 0.270798 0.461407 0.705202 0.697964 0.876633 0.880074 0.197858 0.146117 0.283569 0.348172 0.153484 0.157952 0.476663 0.647292 0.339318 0.393812 0.675952 0.633829 0.662905 0.508258 0.219279 0.189327 0.263555 0.197281 0.221954 0.209010 0.673717 0.353501 0.421584 0.319565 0.461978 0.528439 0.460595 0.482892 0.157852 0.146679 0.178183 0.179279 0.127191 0.169733 0.126396 0.128492 0.386082 0.275387 0.269981 0.267338 0.315785 0.196283 0.247775 0.260306 0.415361 0.406624 0.613784 0.579322 0.368750 0.297178 0.178098 0.184050 0.126511 0.173477 0.444089 0.318664 0.249471 0.448334 0.979898 0.866908 0.382575 0.500647 0.566880 0.676908 0.583566 0.779763 0.476374 0.460715 0.306872 0.536547 0.242693 0.240836 0.519644 0.613276 0.253437 0.280093 0.288936 0.270276 0.682681 0.595450 0.577120 0.364928 0.595464 0.339146 0.334033 0.483639 0.421666 0.961023
0.156878 0.000000 0.486870 0.406013 0.678656 0.575987 0.371305 0.248654 0.454616 0.372119 0.240775 0.132213 0.163060 0.164244 0.204707 0.208157 0.154540 0.123406 0.178166 0.169423 0.528318 0.871675 0.304300 0.451527 0.716214 0.797505 0.900415 0.936160 0.158167 0.163382 0.350306 0.400929 0.213133 0.237014 0.567998 0.652123 0.372253 0.450295 0.792265 0.677850 0.714828 0.432410 0.267331 0.232053 0.272759 0.227427 0.292392 0.241424 0.603624 0.388915 0.445870 0.349022 0.528586 0.608819 0.578770 0.577093 0.111511 0.097932 0.253266 0.240699 0.214062 0.219312 0.157913 0.124206 0.548236 0.434223 0.410073 0.389110 0.357801 0.251326 0.246844 0.272757 0.529271 0.531698 0.682047 0.577515 0.324202 0.281895 0.250811 0.224438 0.150982 0.211456 0.382854 0.320875 0.310765 0.465315 0.894405 0.831076 0.491398 0.543487 0.642652 0.718408 0.643448 0.863060 0.435933 0.492308 0.344868 0.459993 0.273942 0.255497 0.555367 0.736872 0.304063 0.285117 0.330194 0.291868 0.737706 0.626100 0.597500 0.428057 0.594529 0.364271 0.437738 0.414934 0.434527 0.864435
0.318197 0.486870 0.000000 0.139070 0.687825 0.555220 0.158716 0.233843 0.414755 0.392990 0.347450 0.379899 0.328256 0.461000 0.401002 0.392135 0.436989 0.397537 0.269378 0.332046 0.436519 0.836793 0.250864 0.424065 0.512002 0.386922 0.959254 0.909770 0.449222 0.345149 0.220159 0.347056 0.228981 0.264412 0.390453 0.671300 0.379942 0.472241 0.570896 0.575626 0.797637 0.670051 0.296020 0.302554 0.476698 0.411949 0.361743 0.318031 0.938464 0.559562 0.637893 0.533831 0.547710 0.480153 0.420026 0.528776 0.534227 0.501695 0.309406 0.321691 0.248278 0.339596 0.345768 0.388883 0.194112 0.177160 0.191011 0.224535 0.470970 0.293984 0.373164 0.400779 0.410597 0.417656 0.543432 0.773742 0.483339 0.459599 0.342230 0.441353 0.335728 0.281312 0.602578 0.360690 0.293219 0.427456 0.896446 0.941347 0.389509 0.453795 0.541469 0.625531 0.530702 0.705113 0.551280 0.604024 0.457329 0.700521 0.454075 0.415674 0.535633 0.455923 0.449816 0.367083 0.386220 0.397541 0.706384 0.637769 0.619438 0.448496 0.711109 0.598728 0.461412 0.656692 0.548372 0.956836
0.277487 0.406013 0.139070 0.000000 0.693495 0.477193 0.167084 0.160173 0.403632 0.302642 0.364662 0.287641 0.261751 0.325246 0.288550 0.274246 0.372090 0.328483 0.230414 0.280310 0.379994 0.762098 0.169243 0.322547 0.483775 0.382931 0.966601 0.998285 0.360849 0.268576 0.182062 0.269677 0.178261 0.200824 0.323683 0.619791 0.309858 0.440148 0.505361 0.567854 0.759345 0.563715 0.255430 0.265316 0.404572 0.362214 0.308274 0.258622 0.845403 0.491068 0.581595 0.466721 0.519741 0.481130 0.376973 0.489479 0.463944 0.414008 0.288445 0.293988 0.238235 0.275487 0.290688 0.294345 0.205684 0.178632 0.186032 0.193679 0.487560 0.279394 0.293665 0.359858 0.458699 0.539352 0.511219 0.706639 0.401269 0.394607 0.284093 0.387073 0.248038 0.196299 0.474810 0.262659 0.222399 0.321829 0.901619 0.973505 0.357131 0.373424 0.497298 0.573012 0.471005 0.677233 0.500966 0.509175 0.398797 0.647029 0.385770 0.313838 0.496512 0.483926 0.357396 0.318804 0.309038 0.314265 0.739417 0.606649 0.630071 0.420043 0.647977 0.478779 0.423582 0.538343 0.539489 0.942708
0.677798 0.678656 0.687825 0.693495 0.000000 0.795784 0.629393 0.618094 0.769804 0.666429 0.732109 0.706398 0.647122 0.709220 0.696065 0.673142 0.718035 0.697972 0.635294 0.754205 0.722122 0.897655 0.681994 0.737059 0.987326 0.974887 0.878129 0.821550 0.669222 0.722396 0.818674 0.873285 0.650768 0.694031 0.776649 0.779438 0.831322 0.649519 0.890141 0.794433 0.888543 0.681292 0.578207 0.597559 0.610522 0.641345 0.683121 0.652363 0.808403 0.771979 0.650954 0.641725 0.730123 0.671791 0.801578 0.830442 0.654238 0.717874 0.630963 0.648595 0.608167 0.613619 0.643563 0.647779 0.714567 0.665923 0.644157 0.642632 0.763372 0.739662 0.593132 0.680898 0.932586 0.902895 0.890353 0.952740 0.771741 0.810961 0.772219 0.791409 0.690486 0.732768 0.663578 0.703411 0.689674 0.732679 0.946782 0.943369 0.869090 0.750987 0.711991 0.704669 0.739699 0.768387 0.991145 0.807162 0.737398 0.821826 0.668765 0.610099 0.678753 0.690502 0.562945 0.564283 0.575193 0.710604 0.815886 0.749576 0.827737 0.872567 0.679048 0.710123 0.710265 0.685368 0.768794 0.948772
0.543213 0.575987 0.555220 0.477193 0.795784 0.000000 0.451805 0.406044 0.576088 0.420376 0.586822 0.514206 0.515335 0.586493 0.565715 0.547427 0.593190 0.533947 0.546546 0.545989 0.708974 0.859886 0.534618 0.731310 0.869328 0.615213 0.973680 0.742075 0.581020 0.560098 0.572475 0.631129 0.513137 0.513378 0.609053 0.835125 0.594896 0.814351 0.810945 0.734718 0.821065 0.556389 0.423582 0.513419 0.489070 0.517114 0.450111 0.516212 0.809443 0.695475 0.644708 0.591671 0.628461 0.675700 0.681100 0.623476 0.601932 0.610925 0.564971 0.597332 0.534910 0.557356 0.519517 0.527199 0.597799 0.522164 0.450527 0.455075 0.766810 0.618724 0.451207 0.466397 0.721613 0.808120 0.747731 0.760932 0.579902 0.542798 0.545059 0.668103 0.490993 0.524285 0.742117 0.573767 0.555131 0.723125 0.841827 0.783734 0.700619 0.711886 0.410051 0.466786 0.373370 0.584149 0.705827 0.686812 0.473519 0.715841 0.430072 0.428185 0.510506 0.513846 0.564823 0.461197 0.494896 0.482744 0.877795 0.567092 0.814492 0.586312 0.762378 0.489476 0.463235 0.717502 0.613425 0.971169
0.237960 0.371305 0.158716 0.167084 0.629393 0.451805 0.000000 0.135723 0.350466 0.233523 0.268014 0.280292 0.254122 0.367318 0.339053 0.335323 0.309595 0.282177 0.174854 0.266507 0.442140 0.818569 0.260392 0.508742 0.716491 0.581420 0.875500 0.844754 0.345445 0.270324 0.258309 0.350992 0.182187 0.175651 0.402119 0.653876 0.406042 0.448040 0.603773 0.568080 0.716350 0.546919 0.216923 0.191650 0.312251 0.282759 0.303661 0.236319 0.872663 0.535835 0.538046 0.452382 0.520144 0.435676 0.415242 0.576815 0.370073 0.378131 0.207242 0.267931 0.168154 0.278625 0.229923 0.271594 0.276748 0.191845 0.134676 0.144205 0.432563 0.285401 0.279176 0.274411 0.421123 0.453748 0.530711 0.685875 0.411997 0.343470 0.303751 0.384238 0.240286 0.240715 0.546145 0.356025 0.303081 0.495731 0.955227 0.793934 0.398438 0.554028 0.456054 0.508114 0.436726 0.607546 0.534006 0.512380 0.356952 0.604078 0.302824 0.279573 0.450042 0.351616 0.334084 0.264804 0.314268 0.290934 0.697735 0.554333 0.552770 0.372292 0.554322 0.431463 0.326686 0.499707 0.497991 0.931007
0.191101 0.248654 0.233843 0.160173 0.618094 0.406044 0.135723 0.000000 0.339249 0.185716 0.275315 0.174840 0.174424 0.223191 0.224372 0.217527 0.229313 0.202947 0.165432 0.203192 0.429574 0.784161 0.192189 0.399477 0.685744 0.601070 0.863149 0.947260 0.252218 0.194588 0.252929 0.320581 0.146233 0.148044 0.390597 0.579856 0.358047 0.406633 0.658046 0.554905 0.672327 0.481388 0.186397 0.189156 0.244200 0.239827 0.264674 0.218599 0.734544 0.444755 0.452923 0.359299 0.460699 0.439960 0.447434 0.536022 0.285751 0.269376 0.228058 0.252222 0.164893 0.186917 0.180973 0.159980 0.318724 0.223243 0.173084 0.186419 0.459681 0.253573 0.221862 0.270704 0.465794 0.537166 0.584362 0.630369 0.326415 0.262032 0.223692 0.347478 0.163520 0.177648 0.417683 0.285099 0.241373 0.404496 0.995481 0.829420 0.408266 0.454153 0.370938 0.440173 0.358410 0.578759 0.436724 0.396702 0.279732 0.506417 0.212085 0.175550 0.366279 0.432654 0.260193 0.212119 0.233651 0.245772 0.692945 0.482171 0.566782 0.350568 0.538293 0.348819 0.297004 0.413158 0.462183 0.958085
0.409500 0.454616 0.414755 0.403632 0.769804 0.576088 0.350466 0.339249 0.000000 0.352751 0.401154 0.381646 0.394297 0.482439 0.472228 0.426752 0.445580 0.423140 0.400606 0.372274 0.654803 0.949498 0.424822 0.635097 0.727985 0.708957 0.934223 0.834641 0.433554 0.401628 0.433969 0.536145 0.378499 0.389439 0.545407 0.738182 0.481028 0.556422 0.840621 0.777424 0.789419 0.736229 0.407938 0.394054 0.444507 0.437543 0.449140 0.440596 0.879268 0.600592 0.599361 0.535888 0.659000 0.644054 0.635355 0.682506 0.446645 0.462298 0.446430 0.456222 0.343509 0.343876 0.427201 0.426578 0.430217 0.372458 0.410454 0.404602 0.437981 0.445948 0.404617 0.499173 0.361319 0.391632 0.705501 0.601038 0.469466 0.388137 0.525993 0.494489 0.427191 0.451645 0.659831 0.558665 0.505774 0.664738 0.947335 0.707802 0.621310 0.682259 0.543850 0.544847 0.539760 0.611230 0.622522 0.530799 0.576531 0.803657 0.374134 0.390299 0.510550 0.516176 0.515670 0.376392 0.476767 0.480069 0.755870 0.587770 0.663211 0.540395 0.517239 0.548520 0.424850 0.682227 0.588214 0.870812
0.334287 0.372119 0.392990 0.302642 0.666429 0.420376 0.233523 0.185716 0.352751 0.000000 0.333010 0.285311 0.319241 0.353690 0.354008 0.339978 0.307912 0.305411 0.293581 0.344910 0.553913 0.745739 0.358407 0.574397 0.864955 0.701738 0.856161 0.945743 0.343169 0.290098 0.395809 0.425050 0.279559 0.269043 0.420593 0.662206 0.500645 0.516739 0.740294 0.627382 0.772888 0.490050 0.316940 0.319739 0.357234 0.379418 0.455245 0.350154 0.859340 0.591468 0.566979 0.477837 0.597473 0.532995 0.577428 0.610887 0.387809 0.417187 0.362358 0.403066 0.293898 0.303961 0.317076 0.285765 0.450141 0.314743 0.294480 0.318924 0.476832 0.351897 0.337237 0.358311 0.431233 0.529152 0.621402 0.544081 0.406530 0.288336 0.378048 0.424108 0.270525 0.308838 0.542357 0.390021 0.451004 0.616445 0.974295 0.723911 0.561891 0.652921 0.400167 0.420460 0.377724 0.524468 0.579450 0.415266 0.386165 0.580835 0.257569 0.247253 0.429544 0.397966 0.375670 0.263349 0.362925 0.330050 0.728019 0.516881 0.682040 0.448584 0.570224 0.417277 0.372157 0.430183 0.537773 0.975710
0.162802 0.240775 0.347450 0.364662 0.732109 0.586822 0.268014 0.275315 0.401154 0.333010 0.000000 0.167914 0.177097 0.267536 0.273107 0.247739 0.154408 0.147636 0.163502 0.159536 0.515936 0.919825 0.351177 0.499511 0.796413 0.741129 0.891893 0.814251 0.204126 0.151553 0.326272 0.343416 0.217447 0.193506 0.569343 0.697986 0.458190 0.481834 0.771854 0.650825 0.604226 0.580338 0.323816 0.260452 0.434113 0.343490 0.356362 0.313079 0.929489 0.570632 0.628946 0.535046 0.628953 0.695815 0.594607 0.664935 0.189496 0.234660 0.265311 0.309611 0.172545 0.245131 0.168049 0.193304 0.463642 0.307274 0.332619 0.370559 0.264483 0.256245 0.316100 0.313670 0.359412 0.373673 0.688850 0.563398 0.415496 0.297111 0.238768 0.205351 0.195014 0.241328 0.444280 0.373524 0.398977 0.591143 0.944382 0.796758 0.500432 0.682256 0.694334 0.794709 0.724234 0.878274 0.547188 0.578184 0.433055 0.634738 0.378343 0.360444 0.607189 0.592713 0.354669 0.308269 0.421003 0.345171 0.729182 0.726085 0.653070 0.433806 0.650422 0.467194 0.437350 0.500452 0.487769 0.964242
0.136636 0.132213 0.379899 0.287641 0.706398 0.514206 0.280292 0.174840 0.381646 0.285311 0.167914 0.000000 0.112289 0.121864 0.145020 0.131908 0.113679 0.087818 0.136056 0.120152 0.494857 0.824693 0.235117 0.373226 0.705929 0.713818 0.903301 0.982800 0.125144 0.094991 0.285464 0.306234 0.147347 0.167497 0.519489 0.651138 0.361614 0.438021 0.729298 0.600130 0.640857 0.467063 0.257381 0.216675 0.308972 0.251943 0.275429 0.250494 0.701791 0.444663 0.501492 0.399857 0.557875 0.608886 0.536739 0.598399 0.141836 0.136971 0.248008 0.251730 0.163405 0.155936 0.116055 0.091109 0.458645 0.310050 0.336680 0.335932 0.340878 0.209841 0.228773 0.269277 0.454892 0.502542 0.664549 0.539706 0.300650 0.224181 0.176489 0.204525 0.119296 0.159086 0.323478 0.253799 0.275549 0.422276 0.949672 0.864985 0.442256 0.531532 0.600648 0.688489 0.610218 0.832230 0.402992 0.458577 0.354251 0.494576 0.267761 0.235141 0.527606 0.640921 0.279185 0.247610 0.296959 0.284637 0.741912 0.614550 0.621616 0.372852 0.581481 0.360552 0.368737 0.399760 0.448272 0.949457
0.136609 0.163060 0.328256 0.261751 0.647122 0.515335 0.254122 0.174424 0.394297 0.319241 0.177097 0.112289 0.000000 0.127201 0.113629 0.122101 0.155489 0.126863 0.146207 0.162226 0.427212 0.839549 0.179007 0.310195 0.656345 0.673791 0.942332 0.941084 0.159872 0.124453 0.244380 0.308837 0.155585 0.176167 0.528422 0.667363 0.313683 0.382924 0.700102 0.614775 0.634274 0.468629 0.236652 0.203327 0.314317 0.260588 0.250210 0.229353 0.733671 0.444034 0.499489 0.389105 0.550534 0.576493 0.527602 0.589561 0.167837 0.162696 0.242959 0.258718 0.140728 0.163667 0.111346 0.106591 0.367698 0.286081 0.313114 0.326085 0.407589 0.260707 0.225331 0.280973 0.482321 0.504434 0.674420 0.564530 0.362496 0.260181 0.200967 0.234906 0.136451 0.173596 0.309116 0.260229 0.212227 0.359656 0.959928 0.930125 0.410367 0.455609 0.605486 0.686219 0.611707 0.828106 0.417983 0.454887 0.346455 0.507457 0.300183 0.263496 0.551813 0.611672 0.259854 0.251880 0.304175 0.260642 0.709220 0.588535 0.596504 0.381296 0.619481 0.394433 0.397378 0.427519 0.446271 0.992586
0.218931 0.164244 0.461000 0.325246 0.709220 0.586493 0.367318 0.223191 0.482439 0.353690 0.267536 0.121864 0.127201 0.000000 0.116514 0.107461 0.186408 0.154988 0.204287 0.197479 0.456783 0.804283 0.188814 0.260803 0.664614 0.718892 0.925937 0.941487 0.143430 0.140261 0.275506 0.291812 0.186554 0.222794 0.527186 0.654824 0.375869 0.450902 0.735554 0.611641 0.681681 0.454451 0.302924 0.275148 0.361651 0.315518 0.305745 0.276487 0.683437 0.482505 0.534911 0.449462 0.581688 0.635044 0.558436 0.633710 0.193927 0.180822 0.311266 0.327031 0.224962 0.205138 0.152695 0.113417 0.466537 0.365977 0.396441 0.401480 0.460190 0.312150 0.270691 0.366905 0.584144 0.665823 0.750556 0.593745 0.330221 0.250325 0.244464 0.279435 0.171631 0.188323 0.231427 0.253722 0.234734 0.315067 0.920012 0.997763 0.479796 0.469763 0.677763 0.753071 0.682962 0.922389 0.406017 0.479674 0.394655 0.461566 0.363715 0.292783 0.579052 0.713745 0.290071 0.297232 0.343109 0.298710 0.789176 0.628004 0.636357 0.440670 0.633849 0.412031 0.457598 0.422648 0.481688 0.974969
0.216019 0.204707 0.401002 0.288550 0.696065 0.565715 0.339053 0.224372 0.472228 0.354008 0.273107 0.145020 0.113629 0.116514 0.000000 0.120586 0.211447 0.175801 0.220424 0.225142 0.413655 0.785701 0.175623 0.276156 0.614964 0.650368 0.986174 0.987405 0.197171 0.155788 0.267124 0.312525 0.199954 0.233744 0.515122 0.705278 0.312741 0.430946 0.731031 0.584031 0.683094 0.484688 0.290328 0.250730 0.352808 0.300267 0.307908 0.260439 0.689525 0.452785 0.520245 0.406198 0.560396 0.584936 0.513478 0.581557 0.227695 0.204107 0.317791 0.317597 0.209493 0.189147 0.174559 0.142843 0.383187 0.318895 0.387072 0.392567 0.478503 0.317270 0.276139 0.342122 0.539788 0.614100 0.729923 0.587816 0.365993 0.273530 0.238641 0.285420 0.178698 0.189403 0.294054 0.264260 0.213354 0.307409 0.865256 0.943828 0.412091 0.397581 0.647668 0.716105 0.645699 0.881160 0.405805 0.432272 0.374101 0.511726 0.340215 0.282027 0.581813 0.675691 0.293774 0.283482 0.318324 0.299718 0.711978 0.581249 0.643776 0.444730 0.666563 0.393911 0.444078 0.437247 0.487470 0.968845
0.221417 0.208157 0.392135 0.274246 0.673142 0.547427 0.335323 0.217527 0.426752 0.339978 0.247739 0.131908 0.122101 0.107461 0.120586 0.000000 0.196214 0.156688 0.193174 0.197318 0.426784 0.818534 0.160125 0.251395 0.612200 0.649549 0.980276 0.972964 0.155130 0.136090 0.243325 0.270903 0.173167 0.207180 0.534249 0.704671 0.329828 0.449686 0.672359 0.540370 0.690436 0.435008 0.286248 0.248901 0.386817 0.327881 0.299543 0.281123 0.750420 0.495599 0.567263 0.466866 0.597576 0.637922 0.555344 0.624853 0.222974 0.205507 0.309428 0.323978 0.204699 0.187729 0.163001 0.125434 0.403169 0.302918 0.361313 0.378570 0.418622 0.293902 0.258330 0.320080 0.540592 0.635277 0.705730 0.585011 0.355996 0.238382 0.230191 0.266562 0.165398 0.174540 0.234117 0.217670 0.231038 0.293383 0.929425 0.973446 0.460169 0.429464 0.662252 0.734269 0.663146 0.885409 0.431672 0.452846 0.422721 0.511982 0.374313 0.313314 0.595070 0.647878 0.276711 0.275738 0.316673 0.283000 0.740031 0.681266 0.661800 0.443230 0.715919 0.426708 0.468916 0.443208 0.495795 0.987694
0.146792 0.154540 0.436989 0.372090 0.718035 0.593190 0.309595 0.229313 0.445580 0.307912 0.154408 0.113679 0.155489 0.186408 0.211447 0.196214 0.000000 0.095189 0.150757 0.145900 0.518864 0.820195 0.326812 0.469677 0.781300 0.787931 0.900125 0.892557 0.129672 0.112626 0.344083 0.330623 0.192516 0.161496 0.569791 0.676300 0.406845 0.479810 0.765830 0.621414 0.621897 0.483015 0.311122 0.238345 0.346271 0.285863 0.312837 0.284681 0.772654 0.493330 0.571838 0.447727 0.627781 0.666290 0.591658 0.634753 0.131591 0.142050 0.242906 0.259513 0.192665 0.205345 0.135855 0.121761 0.529917 0.353794 0.365813 0.356778 0.303040 0.216524 0.292030 0.294926 0.428088 0.465412 0.677917 0.510817 0.345759 0.266304 0.177154 0.173371 0.121948 0.176501 0.388090 0.297444 0.350800 0.509185 0.973914 0.850330 0.497911 0.611746 0.680227 0.744803 0.677885 0.843991 0.438370 0.473358 0.371378 0.480568 0.314631 0.264539 0.607927 0.651504 0.292454 0.270650 0.350535 0.295685 0.757728 0.668285 0.651951 0.390814 0.590599 0.368471 0.439844 0.358262 0.519830 0.855830
0.128556 0.123406 0.397537 0.328483 0.697972 0.533947 0.282177 0.202947 0.423140 0.305411 0.147636 0.087818 0.126863 0.154988 0.175801 0.156688 0.095189 0.000000 0.123977 0.115166 0.472491 0.845799 0.278914 0.422294 0.740800 0.762227 0.882369 0.942063 0.115438 0.094705 0.314556 0.321949 0.158157 0.155909 0.537987 0.682942 0.385735 0.450005 0.742697 0.599497 0.662629 0.461483 0.266042 0.200812 0.321698 0.249930 0.284214 0.249830 0.748184 0.465414 0.542507 0.425916 0.578415 0.629638 0.540943 0.613149 0.114781 0.120231 0.235426 0.243248 0.167307 0.188474 0.107352 0.095930 0.490857 0.337330 0.340601 0.344410 0.299665 0.214212 0.245743 0.244464 0.451520 0.479143 0.650790 0.557043 0.309069 0.221940 0.169539 0.174921 0.102970 0.151971 0.348340 0.266311 0.306901 0.464609 0.970192 0.823377 0.479771 0.572170 0.629168 0.707658 0.628958 0.832523 0.439824 0.461077 0.368041 0.499808 0.291560 0.250149 0.581724 0.643949 0.274363 0.255740 0.301242 0.280536 0.744746 0.682012 0.636083 0.377729 0.606888 0.342014 0.383335 0.378691 0.455939 0.925012
0.130250 0.178166 0.269378 0.230414 0.635294 0.546546 0.174854 0.165432 0.400606 0.293581 0.163502 0.136056 0.146207 0.204287 0.220424 0.193174 0.150757 0.123977 0.000000 0.129223 0.443905 0.831703 0.232595 0.402376 0.661942 0.675628 0.877169 0.837015 0.173052 0.131512 0.235081 0.276817 0.138016 0.127094 0.455121 0.631249 0.378924 0.409253 0.623423 0.574050 0.705265 0.482595 0.215439 0.172944 0.312673 0.256120 0.265306 0.194788 0.794625 0.455510 0.532088 0.422219 0.560962 0.546517 0.492067 0.639689 0.187258 0.196594 0.192249 0.211393 0.131342 0.204406 0.121045 0.137639 0.386639 0.252904 0.247826 0.244359 0.293981 0.199617 0.207933 0.236821 0.422619 0.446993 0.571945 0.587365 0.345740 0.264443 0.206743 0.201644 0.129940 0.151707 0.375019 0.264385 0.276168 0.432003 0.975774 0.827805 0.420564 0.559536 0.614341 0.704797 0.618478 0.814920 0.476526 0.492355 0.345354 0.509939 0.309004 0.266362 0.554615 0.560996 0.287386 0.243111 0.310548 0.268093 0.658382 0.633711 0.557182 0.369502 0.574289 0.374558 0.400204 0.444818 0.460172 0.946673
0.144074 0.169423 0.332046 0.280310 0.754205 0.545989 0.266507 0.203192 0.372274 0.344910 0.159536 0.120152 0.162226 0.197479 0.225142 0.197318 0.145900 0.115166 0.129223 0.000000 0.445905 0.852950 0.268879 0.389409 0.647831 0.664626 0.901939 0.908754 0.165445 0.116834 0.259101 0.255698 0.170147 0.155243 0.520719 0.654475 0.385500 0.469962 0.735157 0.637032 0.647039 0.558104 0.260349 0.222016 0.358692 0.280895 0.288929 0.262449 0.800635 0.467349 0.571612 0.466344 0.589101 0.638914 0.535419 0.611253 0.180269 0.178865 0.257142 0.253833 0.188766 0.213937 0.154176 0.147869 0.462516 0.323185 0.318717 0.320398 0.284033 0.217095 0.240345 0.270983 0.367495 0.402083 0.662928 0.576587 0.343400 0.244893 0.186842 0.174486 0.137859 0.156045 0.411031 0.305682 0.325499 0.470029 0.942445 0.856005 0.431904 0.588897 0.647031 0.750342 0.654455 0.871912 0.447307 0.531755 0.397906 0.587739 0.333124 0.289626 0.557343 0.649471 0.330566 0.290759 0.348231 0.288179 0.705271 0.678007 0.573447 0.372300 0.598603 0.400927 0.427258 0.452100 0.455505 0.929178
0.508157 0.528318 0.436519 0.379994 0.722122 0.708974 0.442140 0.429574 0.654803 0.553913 0.515936 0.494857 0.427212 0.456783 0.413655 0.426784 0.518864 0.472491 0.443905 0.445905 0.000000 0.735051 0.377794 0.437218 0.552727 0.604650 0.965692 0.983447 0.506857 0.456226 0.413033 0.536011 0.455549 0.425951 0.591113 0.791602 0.471339 0.500065 0.670087 0.667941 0.694610 0.632648 0.461675 0.428851 0.624422 0.559637 0.498990 0.458875 0.942280 0.644942 0.774759 0.678507 0.805296 0.682279 0.524425 0.706114 0.556207 0.517562 0.503267 0.519636 0.485318 0.517260 0.465006 0.460482 0.476400 0.519449 0.483294 0.510344 0.647926 0.567958 0.450653 0.496284 0.647567 0.744075 0.748814 0.838595 0.547629 0.518788 0.492211 0.525716 0.459536 0.416070 0.518434 0.490973 0.441116 0.549177 0.984262 0.986356 0.659163 0.536286 0.701999 0.752190 0.685112 0.873152 0.613165 0.589091 0.546725 0.742469 0.651697 0.529706 0.743352 0.657541 0.476796 0.487387 0.484737 0.398517 0.836846 0.767579 0.571527 0.576313 0.793113 0.659824 0.573753 0.620819 0.627448 0.885246
0.851612 0.871675 0.836793 0.762098 0.897655 0.859886 0.818569 0.784161 0.949498 0.745739 0.919825 0.824693 0.839549 0.804283 0.785701 0.818534 0.820195 0.845799 0.831703 0.852950 0.735051 0.000000 0.741181 0.784656 0.953483 0.862610 0.925946 0.947668 0.801281 0.802279 0.798634 0.771223 0.799023 0.781976 0.804084 0.758643 0.727663 0.752091 0.882968 0.795254 0.893025 0.777749 0.744800 0.773729 0.803615 0.840057 0.901162 0.875618 0.839752 0.861027 0.892706 0.821140 0.855357 0.770456 0.821241 0.910208 0.898469 0.908872 0.843425 0.920157 0.883548 0.877181 0.863322 0.842914 0.831693 0.827547 0.815588 0.817621 0.949626 0.824394 0.789733 0.813443 0.837413 0.929943 0.832173 0.694965 0.858288 0.799689 0.848917 0.811203 0.824999 0.813403 0.785523 0.771927 0.794820 0.788374 0.980142 0.820514 0.807124 0.856533 0.917559 0.926414 0.903712 0.889704 0.826650 0.747214 0.906509 0.861333 0.788082 0.759238 0.808577 0.759078 0.816856 0.691491 0.791802 0.756161 0.971147 0.822633 0.925675 0.854850 0.868983 0.787335 0.851597 0.860281 0.826150 0.966994
0.270798 0.304300 0.250864 0.169243 0.681994 0.534618 0.260392 0.192189 0.424822 0.358407 0.351177 0.235117 0.179007 0.188814 0.175623 0.160125 0.326812 0.278914 0.232595 0.268879 0.377794 0.741181 0.000000 0.204792 0.480460 0.465022 0.969934 0.982757 0.275875 0.236310 0.155200 0.239458 0.181031 0.226292 0.424798 0.635323 0.279683 0.408987 0.580919 0.551451 0.787524 0.463380 0.270817 0.271793 0.407677 0.364204 0.310802 0.278017 0.802372 0.506291 0.586462 0.467719 0.530600 0.526481 0.457432 0.576907 0.374221 0.336218 0.327388 0.334006 0.229457 0.252208 0.232338 0.226056 0.245547 0.236457 0.289145 0.307510 0.523664 0.330366 0.247340 0.360824 0.531587 0.630660 0.665269 0.723430 0.387520 0.314205 0.298106 0.363364 0.216541 0.190290 0.320293 0.226524 0.152326 0.215986 0.932860 0.916532 0.347715 0.361414 0.601252 0.676224 0.586059 0.825266 0.437760 0.455782 0.409226 0.574696 0.410590 0.340037 0.556617 0.613461 0.334832 0.313495 0.369769 0.276176 0.751031 0.581686 0.646945 0.477184 0.725161 0.478409 0.474821 0.548093 0.484288 0.997175
0.461407 0.451527 0.424065 0.322547 0.737059 0.731310 0.508742 0.399477 0.635097 0.574397 0.499511 0.373226 0.310195 0.260803 0.276156 0.251395 0.469677 0.422294 0.402376 0.389409 0.437218 0.784656 0.204792 0.000000 0.394560 0.519090 0.993436 0.890913 0.359702 0.341834 0.292996 0.294200 0.334172 0.387505 0.542632 0.735317 0.412757 0.545802 0.601862 0.647429 0.876165 0.606525 0.491018 0.482763 0.648200 0.603661 0.494415 0.481836 0.890214 0.690058 0.792120 0.693055 0.743087 0.775791 0.606332 0.719183 0.520757 0.477563 0.557562 0.546877 0.433426 0.417943 0.384929 0.373499 0.414217 0.415592 0.507236 0.564412 0.649364 0.477859 0.428777 0.580258 0.650186 0.770786 0.820450 0.757661 0.536368 0.457201 0.422340 0.476172 0.370218 0.311039 0.313730 0.303838 0.292914 0.229697 0.833999 0.736978 0.485231 0.407976 0.837392 0.933478 0.828398 0.931865 0.523348 0.617982 0.638076 0.620983 0.666481 0.554469 0.720289 0.853960 0.534946 0.496960 0.525136 0.488422 0.886505 0.785256 0.734997 0.662794 0.823958 0.644288 0.739877 0.616871 0.654050 0.914873
0.705202 0.716214 0.512002 0.483775 0.987326 0.869328 0.716491 0.685744 0.727985 0.864955 0.796413 0.705929 0.656345 0.664614 0.614964 0.612200 0.781300 0.740800 0.661942 0.647831 0.552727 0.953483 0.480460 0.394560 0.000000 0.343067 0.882050 0.864404 0.711937 0.667779 0.435738 0.576735 0.629483 0.676745 0.570329 0.851673 0.538733 0.759593 0.533667 0.855479 0.908750 0.869107 0.704611 0.736275 0.871061 0.795755 0.638193 0.679626 0.989465 0.745798 0.967863 0.812537 0.891412 0.909076 0.661016 0.758841 0.850050 0.725496 0.774922 0.672448 0.712048 0.696594 0.747081 0.729524 0.508434 0.596463 0.716878 0.709792 0.726020 0.700030 0.675920 0.729539 0.610827 0.715011 0.800633 0.984078 0.727845 0.779958 0.675800 0.670861 0.661270 0.568687 0.757329 0.592347 0.540291 0.454752 0.969836 0.903891 0.700911 0.516620 0.941794 0.986556 0.877820 0.936089 0.711628 0.819932 0.800501 0.883139 0.881117 0.841601 0.953101 0.996946 0.912024 0.793349 0.727859 0.735194 0.894314 0.938806 0.768647 0.756186 0.937644 0.873372 0.912845 0.908017 0.808667 0.888076
0.697964 0.797505 0.386922 0.382931 0.974887 0.615213 0.581420 0.601070 0.708957 0.701738 0.741129 0.713818 0.673791 0.718892 0.650368 0.649549 0.787931 0.762227 0.675628 0.664626 0.604650 0.862610 0.465022 0.519090 0.343067 0.000000 0.767249 0.746771 0.738483 0.683516 0.405659 0.508229 0.571482 0.613851 0.427439 0.784156 0.560469 0.847042 0.542109 0.698752 0.944020 0.793751 0.590077 0.646717 0.784778 0.708504 0.533007 0.583600 0.920725 0.696442 0.846115 0.724543 0.679614 0.740579 0.543839 0.564635 0.911872 0.817169 0.643866 0.602342 0.640118 0.659829 0.730463 0.752540 0.359840 0.417771 0.515929 0.507634 0.762979 0.641568 0.706338 0.710202 0.577770 0.670796 0.664365 0.927315 0.701940 0.777282 0.661486 0.682039 0.643043 0.559246 0.838610 0.609826 0.490852 0.468715 0.973897 0.856759 0.562904 0.454830 0.815759 0.893889 0.747132 0.961883 0.667021 0.819895 0.737120 0.890555 0.790363 0.716321 0.812099 0.829730 0.801861 0.701663 0.735793 0.674669 0.851177 0.875786 0.836131 0.714039 0.964116 0.838910 0.759932 0.924654 0.660046 0.981393
0.876633 0.900415 0.959254 0.966601 0.878129 0.973680 0.875500 0.863149 0.934223 0.856161 0.891893 0.903301 0.942332 0.925937 0.986174 0.980276 0.900125 0.882369 0.877169 0.901939 0.965692 0.925946 0.969934 0.993436 0.882050 0.767249 0.000000 0.848977 0.936794 0.902158 0.919236 0.941708 0.920639 0.928679 0.906278 0.918721 0.958526 0.857147 0.902571 0.899287 0.848550 0.965779 0.981972 0.996534 0.915783 0.915314 0.983321 0.931892 0.981104 0.966225 0.860256 0.951577 0.961733 0.964786 0.934796 0.960391 0.890163 0.953257 0.928792 0.944021 0.884628 0.858498 0.879012 0.872548 0.969222 0.958406 0.911670 0.933080 0.923764 0.994809 0.952484 0.909893 0.941208 0.950618 0.968676 0.860580 0.955053 0.849577 0.945187 0.963359 0.904863 0.901725 0.917152 0.972420 0.985814 0.967579 0.966510 0.895709 0.869927 0.917155 0.769760 0.819774 0.826502 0.814435 0.916033 0.862669 0.895678 0.897767 0.829375 0.867861 0.923731 0.991615 0.838488 0.977162 0.776906 0.995582 0.908140 0.951327 0.794171 0.750155 0.808251 0.910163 0.811514 0.981388 0.990012 0.885116
0.880074 0.936160 0.909770 0.998285 0.821550 0.742075 0.844754 0.947260 0.834641 0.945743 0.814251 0.982800 0.941084 0.941487 0.987405 0.972964 0.892557 0.942063 0.837015 0.908754 0.983447 0.947668 0.982757 0.890913 0.864404 0.746771 0.848977 0.000000 0.956318 0.932955 0.996686 0.996863 0.990461 0.864670 0.941245 0.953047 0.929032 0.866098 0.851082 0.899629 0.919810 0.994945 0.953179 0.920469 0.907916 0.919091 0.943642 0.877595 0.886986 0.903456 0.950812 0.917883 0.969713 0.871541 0.989539 0.890995 0.870431 0.937854 0.912862 0.941871 0.859173 0.929983 0.944767 0.963422 0.970877 0.954113 0.885965 0.919023 0.874412 0.893969 0.894512 0.869619 0.812077 0.763763 0.997893 0.972270 0.981673 0.984208 0.976451 0.881156 0.953093 0.987496 0.961971 0.981559 0.979043 0.890801 0.995375 0.981532 0.912492 0.926333 0.979174 0.976884 0.976423 0.920474 0.991302 0.933650 0.982232 0.876680 0.919264 0.996262 0.822776 0.880226 0.863799 0.945503 0.977107 0.936048 0.811591 0.961125 0.966042 0.927617 0.785562 0.925222 0.992941 0.957403 0.949118 0.998147
0.197858 0.158167 0.449222 0.360849 0.669222 0.581020 0.345445 0.252218 0.433554 0.343169 0.204126 0.125144 0.159872 0.143430 0.197171 0.155130 0.129672 0.115438 0.173052 0.165445 0.506857 0.801281 0.275875 0.359702 0.711937 0.738483 0.936794 0.956318 0.000000 0.116334 0.308445 0.291688 0.170786 0.173240 0.553769 0.677467 0.412976 0.524689 0.715291 0.599609 0.717202 0.456277 0.311105 0.250117 0.381763 0.308924 0.293451 0.262306 0.738619 0.509558 0.572752 0.463135 0.610355 0.660729 0.562756 0.630595 0.154674 0.171387 0.273788 0.298353 0.205340 0.203481 0.138064 0.129029 0.502917 0.341960 0.366239 0.363918 0.321848 0.233147 0.291670 0.348484 0.468781 0.526097 0.698267 0.547878 0.359941 0.247225 0.206916 0.206680 0.130831 0.178116 0.322559 0.256386 0.302576 0.403482 0.996901 0.918324 0.516739 0.537970 0.725232 0.783871 0.708358 0.925895 0.425020 0.521884 0.441426 0.493946 0.368965 0.294000 0.591807 0.652780 0.298599 0.258381 0.341084 0.322808 0.793662 0.760548 0.720393 0.446047 0.575260 0.423883 0.470483 0.352781 0.488760 0.930344
0.146117 0.163382 0.345149 0.268576 0.722396 0.560098 0.270324 0.194588 0.401628 0.290098 0.151553 0.094991 0.124453 0.140261 0.155788 0.136090 0.112626 0.094705 0.131512 0.116834 0.456226 0.802279 0.236310 0.341834 0.667779 0.683516 0.902158 0.932955 0.116334 0.000000 0.254670 0.246308 0.144085 0.135644 0.498161 0.678195 0.337295 0.460168 0.707276 0.594018 0.689202 0.500850 0.283395 0.217975 0.364268 0.280520 0.298178 0.247405 0.796205 0.474821 0.571243 0.454412 0.586567 0.626063 0.515705 0.581073 0.165993 0.163155 0.241390 0.259110 0.162714 0.168742 0.123003 0.106617 0.433958 0.281208 0.316474 0.324341 0.297504 0.200812 0.273700 0.296917 0.421305 0.464167 0.622401 0.531698 0.358834 0.227762 0.153699 0.176474 0.109012 0.132823 0.333349 0.227829 0.287511 0.402617 0.907014 0.931071 0.441254 0.547642 0.678287 0.759344 0.681110 0.883518 0.423913 0.481505 0.407204 0.513253 0.343032 0.276573 0.587142 0.629476 0.300281 0.254988 0.320745 0.270413 0.725869 0.706570 0.647151 0.350852 0.621848 0.379003 0.422641 0.399368 0.492241 0.978693
0.283569 0.350306 0.220159 0.182062 0.818674 0.572475 0.258309 0.252929 0.433969 0.395809 0.326272 0.285464 0.244380 0.275506 0.267124 0.243325 0.344083 0.314556 0.235081 0.259101 0.413033 0.798634 0.155200 0.292996 0.435738 0.405659 0.919236 0.996686 0.308445 0.254670 0.000000 0.195737 0.197343 0.230009 0.439453 0.701891 0.316604 0.499420 0.537038 0.611951 0.767452 0.598393 0.299769 0.291873 0.471908 0.408665 0.338828 0.297566 0.883276 0.555633 0.661880 0.547565 0.566859 0.580605 0.462583 0.571997 0.408922 0.375412 0.327224 0.335920 0.248733 0.308729 0.287276 0.295707 0.279418 0.232609 0.289491 0.306175 0.423726 0.321186 0.319354 0.367357 0.408037 0.497994 0.612945 0.725117 0.444093 0.356759 0.332612 0.309900 0.264059 0.225181 0.446130 0.294476 0.240151 0.324404 0.915091 0.978589 0.337797 0.460163 0.708412 0.793737 0.685681 0.892238 0.495366 0.578388 0.402858 0.649198 0.487013 0.433829 0.618117 0.582210 0.450931 0.390475 0.452311 0.316834 0.684972 0.683406 0.660842 0.466749 0.753341 0.567155 0.537888 0.567223 0.538519 0.995946
0.348172 0.400929 0.347056 0.269677 0.873285 0.631129 0.350992 0.320581 0.536145 0.425050 0.343416 0.306234 0.308837 0.291812 0.312525 0.270903 0.330623 0.321949 0.276817 0.255698 0.536011 0.771223 0.239458 0.294200 0.576735 0.508229 0.941708 0.996863 0.291688 0.246308 0.195737 0.000000 0.264552 0.229632 0.532258 0.685456 0.445328 0.626916 0.604852 0.610500 0.833788 0.667641 0.386414 0.360470 0.562396 0.498332 0.438799 0.349041 0.987397 0.675193 0.779269 0.673649 0.679724 0.701231 0.564225 0.682917 0.424625 0.431193 0.394957 0.432735 0.329185 0.375616 0.296691 0.321040 0.421787 0.307182 0.352293 0.382348 0.472550 0.348028 0.416094 0.474552 0.481866 0.573368 0.634368 0.654604 0.515580 0.365743 0.297540 0.321276 0.261754 0.230047 0.396696 0.251360 0.328014 0.336896 0.863956 0.906098 0.392149 0.542324 0.823960 0.935785 0.810679 0.962710 0.539090 0.624194 0.538514 0.647966 0.588816 0.480477 0.700665 0.694830 0.500579 0.406058 0.549125 0.401227 0.768140 0.827957 0.761315 0.520988 0.760634 0.585186 0.663295 0.561184 0.605900 0.941504
0.153484 0.213133 0.228981 0.178261 0.650768 0.513137 0.182187 0.146233 0.378499 0.279559 0.217447 0.147347 0.155585 0.186554 0.199954 0.173167 0.192516 0.158157 0.138016 0.170147 0.455549 0.799023 0.181031 0.334172 0.629483 0.571482 0.920639 0.990461 0.170786 0.144085 0.197343 0.264552 0.000000 0.130728 0.402258 0.611898 0.332227 0.413264 0.617353 0.510465 0.749935 0.494340 0.215814 0.185645 0.316162 0.248589 0.253579 0.221981 0.741024 0.469861 0.511894 0.413007 0.518622 0.508321 0.420316 0.493054 0.241142 0.221856 0.186424 0.222571 0.135183 0.190168 0.138887 0.146748 0.303683 0.200359 0.213275 0.209303 0.355179 0.179069 0.232015 0.267315 0.419342 0.490587 0.584022 0.662115 0.319799 0.251448 0.189069 0.225095 0.128295 0.132004 0.383918 0.238681 0.203982 0.329708 0.932646 0.927552 0.348304 0.447348 0.571352 0.626646 0.558015 0.761164 0.426684 0.474887 0.375114 0.526311 0.291512 0.244071 0.507939 0.480581 0.267318 0.216633 0.278399 0.288688 0.744240 0.621723 0.638746 0.380911 0.609110 0.378181 0.398088 0.403201 0.465342 0.989766
0.157952 0.237014 0.264412 0.200824 0.694031 0.513378 0.175651 0.148044 0.389439 0.269043 0.193506 0.167497 0.176167 0.222794 0.233744 0.207180 0.161496 0.155909 0.127094 0.155243 0.425951 0.781976 0.226292 0.387505 0.676745 0.613851 0.928679 0.864670 0.173240 0.135644 0.230009 0.229632 0.130728 0.000000 0.390432 0.620874 0.336407 0.426860 0.589630 0.541426 0.711176 0.491933 0.233959 0.195257 0.320735 0.269305 0.267553 0.218128 0.805797 0.472591 0.544554 0.434195 0.512138 0.534174 0.423792 0.538701 0.226944 0.228138 0.188236 0.228101 0.142424 0.194673 0.137484 0.153253 0.324897 0.200590 0.184559 0.199698 0.342463 0.200267 0.268827 0.283654 0.410213 0.491164 0.607019 0.607653 0.352951 0.266163 0.176585 0.215742 0.118165 0.128943 0.379703 0.237333 0.232708 0.373081 0.976854 0.901467 0.375620 0.491522 0.570237 0.657777 0.557746 0.767100 0.457553 0.450279 0.350700 0.504692 0.314637 0.247680 0.495086 0.496084 0.247136 0.212542 0.297900 0.246596 0.728401 0.632107 0.646908 0.385483 0.580559 0.357089 0.383510 0.382093 0.480820 0.954093
0.476663 0.567998 0.390453 0.323683 0.776649 0.609053 0.402119 0.390597 0.545407 0.420593 0.569343 0.519489 0.528422 0.527186 0.515122 0.534249 0.569791 0.537987 0.455121 0.520719 0.591113 0.804084 0.424798 0.542632 0.570329 0.427439 0.906278 0.941245 0.553769 0.498161 0.439453 0.532258 0.402258 0.390432 0.000000 0.568114 0.519868 0.557519 0.617598 0.730353 0.867047 0.603343 0.424068 0.476499 0.491608 0.471513 0.490237 0.438117 0.766655 0.529844 0.595373 0.516585 0.519084 0.576095 0.451210 0.495767 0.623640 0.588604 0.442847 0.432600 0.429583 0.450409 0.503668 0.507236 0.316394 0.333490 0.338455 0.358424 0.554398 0.487720 0.543527 0.586783 0.486971 0.609546 0.658767 0.796217 0.488183 0.561424 0.529481 0.571599 0.440029 0.394013 0.660023 0.496237 0.381228 0.459404 0.940317 0.931882 0.587631 0.506019 0.564011 0.626511 0.541209 0.667272 0.756718 0.631528 0.509194 0.590539 0.470409 0.422109 0.553135 0.674877 0.507988 0.460153 0.450236 0.461051 0.782633 0.642787 0.774455 0.636092 0.667189 0.446616 0.545417 0.750037 0.568110 0.989089
0.647292 0.652123 0.671300 0.619791 0.779438 0.835125 0.653876 0.579856 0.738182 0.662206 0.697986 0.651138 0.667363 0.654824 0.705278 0.704671 0.676300 0.682942 0.631249 0.654475 0.791602 0.758643 0.635323 0.735317 0.851673 0.784156 0.918721 0.953047 0.677467 0.678195 0.701891 0.685456 0.611898 0.620874 0.568114 0.000000 0.737714 0.520015 0.834643 0.691717 0.888295 0.752333 0.617879 0.681733 0.697311 0.708577 0.743123 0.613829 0.897420 0.774671 0.744978 0.666234 0.700231 0.712419 0.845331 0.848537 0.681051 0.687859 0.634896 0.629800 0.656240 0.672624 0.619057 0.636225 0.734818 0.711633 0.598116 0.599913 0.838694 0.674328 0.673441 0.778144 0.808904 0.904412 0.851359 0.713653 0.704314 0.760319 0.648966 0.723501 0.627462 0.656718 0.694548 0.713863 0.648678 0.683718 0.841555 0.895824 0.744272 0.675270 0.781187 0.814555 0.806598 0.828675 0.797313 0.641137 0.676264 0.618218 0.655933 0.667737 0.678400 0.759959 0.619739 0.571695 0.717779 0.668029 0.694320 0.728877 0.820790 0.799966 0.637350 0.730048 0.716503 0.813249 0.617604 0.987703
0.339318 0.372253 0.379942 0.309858 0.831322 0.594896 0.406042 0.358047 0.481028 0.500645 0.458190 0.361614 0.313683 0.375869 0.312741 0.329828 0.406845 0.385735 0.378924 0.385500 0.471339 0.727663 0.279683 0.412757 0.538733 0.560469 0.958526 0.929032 0.412976 0.337295 0.316604 0.445328 0.332227 0.336407 0.519868 0.737714 0.000000 0.389285 0.618039 0.646612 0.756321 0.518020 0.377037 0.367728 0.424372 0.371788 0.392984 0.350057 0.652768 0.425677 0.512478 0.417096 0.537479 0.564411 0.495114 0.463396 0.428009 0.382150 0.367894 0.371284 0.337626 0.336464 0.370579 0.348367 0.350173 0.378002 0.396679 0.408810 0.574119 0.393349 0.378697 0.400313 0.598254 0.626900 0.656183 0.661899 0.424277 0.439348 0.385687 0.408908 0.338602 0.312488 0.550401 0.313165 0.262101 0.347575 0.942381 0.881759 0.385906 0.389761 0.614659 0.695495 0.599470 0.752066 0.442186 0.550551 0.412843 0.554305 0.412884 0.410851 0.556723 0.646932 0.347314 0.433472 0.373942 0.315678 0.792217 0.608814 0.663022 0.557586 0.797289 0.530768 0.531332 0.602889 0.500002 0.878988
0.393812 0.450295 0.472241 0.440148 0.649519 0.814351 0.448040 0.406633 0.556422 0.516739 0.481834 0.438021 0.382924 0.450902 0.430946 0.449686 0.479810 0.450005 0.409253 0.469962 0.500065 0.752091 0.408987 0.545802 0.759593 0.847042 0.857147 0.866098 0.524689 0.460168 0.499420 0.626916 0.413264 0.426860 0.557519 0.520015 0.389285 0.000000 0.677990 0.676686 0.808264 0.575642 0.373298 0.415516 0.465917 0.432507 0.524959 0.461167 0.670271 0.493542 0.491726 0.463566 0.628737 0.532338 0.591132 0.644124 0.460720 0.468080 0.441860 0.433848 0.367452 0.405268 0.384657 0.391357 0.427226 0.465578 0.457668 0.493016 0.660836 0.507843 0.476390 0.565570 0.714634 0.710871 0.857039 0.773792 0.488406 0.528516 0.495131 0.519328 0.451903 0.466782 0.534285 0.473334 0.378975 0.501097 0.905604 0.938700 0.534145 0.563624 0.576460 0.649083 0.651941 0.723066 0.538677 0.432198 0.478030 0.588704 0.430440 0.451301 0.601424 0.627226 0.387903 0.404520 0.434384 0.398526 0.679422 0.569055 0.548140 0.562419 0.680688 0.570819 0.548758 0.677583 0.409208 0.964793
