0.000000 0.312408 0.987787 0.806425 0.935346 0.784085 0.978804 0.881314 0.839438 0.872207 0.524099 0.370354 0.446699 0.453938 0.707549 0.564033 0.436847 0.395006 0.409923 0.341753 0.918628 0.698804 0.818471 0.766462 0.811992 0.804159 0.763158 0.951803 0.701925 0.605897 0.853989 0.970165 0.874806 0.867711 0.943548 0.942581 0.746602 0.600451 0.878405 0.623745 0.763879 0.931652 0.867487 0.773023 0.914153 0.869445 0.624995 0.664217 0.766796 0.516026 0.754869 0.513265 0.842320 0.939101 0.722581 0.703173 0.385242 0.332334 0.645104 0.538643 0.876993 0.895903 0.675816 0.555209 0.966549 0.927128 0.861207 0.910788 0.360778 0.395904 0.955349 0.983168 0.904853 0.771824 0.760045 0.894540 0.776987 0.951935 0.636977 0.547684 0.338250 0.311117 0.514601 0.412845 0.586913 0.699102 0.766252 0.813685 0.880896 0.602695 0.964295 0.943974 0.886931 0.999136 0.988237 0.922306 0.842179 0.917510 0.826149 0.879672 0.804982 0.909002 0.666059 0.793839 0.954360 0.983462 0.971011 0.996373 0.914618 0.809109 0.989411 0.997137 0.985811 0.842729 0.849554 0.945877
0.312408 0.000000 0.985559 0.834020 0.932478 0.728168 0.943100 0.879664 0.893131 0.925505 0.559710 0.403703 0.564837 0.529243 0.817392 0.616535 0.410297 0.355186 0.387085 0.364432 0.896605 0.782514 0.813800 0.841685 0.809202 0.812705 0.796439 0.870427 0.641416 0.622271 0.894236 0.910908 0.841327 0.771492 0.934287 0.984159 0.830993 0.553356 0.951557 0.664339 0.855830 0.959763 0.705688 0.611282 0.903394 0.700089 0.570610 0.605114 0.618592 0.396876 0.584419 0.415242 0.697087 0.873528 0.811603 0.744264 0.260950 0.241348 0.602338 0.495086 0.867403 0.894599 0.643450 0.515880 0.931446 0.871948 0.916676 0.956517 0.489097 0.404069 0.928829 0.938637 0.997003 0.783133 0.863775 0.968091 0.792637 0.878771 0.610950 0.572172 0.344089 0.374497 0.537710 0.425517 0.604297 0.727754 0.889549 0.805458 0.924034 0.676452 0.935808 0.984135 0.892865 0.917571 0.926348 0.992120 0.978194 0.887647 0.824554 0.837157 0.886336 0.924049 0.590726 0.767047 0.964458 0.974634 0.982347 0.966479 0.976397 0.736545 0.804957 0.906816 0.860891 0.662532 0.795321 0.942851
0.987787 0.985559 0.000000 0.396412 0.886918 0.827243 0.407019 0.407293 0.456929 0.833109 0.896627 0.948140 0.805725 0.825719 0.952245 0.869217 0.893184 0.857405 0.813506 0.965994 0.911940 0.996727 0.636492 0.806548 0.651249 0.508931 0.827540 0.908020 0.931178 0.948613 0.632421 0.677485 0.564165 0.647087 0.761845 0.824437 0.753280 0.994559 0.956508 0.971541 0.942974 0.986790 0.656352 0.685188 0.703418 0.734746 0.641149 0.732143 0.895873 0.936287 0.891680 0.898286 0.796198 0.791499 0.925252 0.910815 0.992734 0.891411 0.845711 0.890746 0.449899 0.485349 0.957582 0.967077 0.457887 0.371525 0.522866 0.501205 0.987726 0.943192 0.721092 0.649176 0.726995 0.759685 0.897058 0.848495 0.804707 0.778564 0.938139 0.936054 0.847768 0.885830 0.986666 0.848177 0.852813 0.724902 0.984276 0.920434 0.963775 0.966580 0.593040 0.848457 0.661670 0.872435 0.881343 0.967065 0.855998 0.937179 0.596106 0.663247 0.624338 0.912522 0.955574 0.763982 0.628793 0.860246 0.873730 0.793951 0.733079 0.904825 0.756817 0.820908 0.738469 0.852473 0.720103 0.999867
0.806425 0.834020 0.396412 0.000000 0.891081 0.851290 0.574423 0.404743 0.551417 0.861066 0.876385 0.788559 0.642644 0.640174 0.786018 0.624087 0.973429 0.965036 0.676816 0.798861 0.954033 0.848430 0.458732 0.594803 0.625762 0.591020 0.982223 0.972229 0.964725 0.977135 0.761199 0.634525 0.708250 0.718327 0.790022 0.827806 0.717038 0.927333 0.902145 0.844780 0.899485 0.977868 0.639639 0.616334 0.807483 0.711074 0.579772 0.597941 0.993337 0.783366 0.764320 0.694444 0.699880 0.662672 0.860217 0.994864 0.893727 0.970230 0.797348 0.763146 0.583789 0.492811 0.926133 0.948748 0.467735 0.418976 0.641226 0.614780 0.854892 0.911197 0.697758 0.700441 0.804270 0.806497 0.862238 0.966096 0.745520 0.796469 0.954245 0.827544 0.954094 0.921808 0.846461 0.940060 0.748638 0.630660 0.823954 0.992466 0.753490 0.886943 0.580486 0.756060 0.666515 0.787376 0.881920 0.965545 0.708025 0.922441 0.564128 0.601684 0.645939 0.898213 0.948695 0.821686 0.598210 0.751685 0.928494 0.716469 0.683877 0.818561 0.779637 0.841392 0.770913 0.850377 0.695646 0.999794
0.935346 0.932478 0.886918 0.891081 0.000000 0.879688 0.893019 0.893304 0.895117 0.922295 0.940720 0.969254 0.964336 0.995724 0.919293 0.955778 0.966113 0.949792 0.973970 0.902842 0.965652 0.923603 0.842870 0.978121 0.915039 0.914344 0.882833 0.938364 0.953027 0.939093 0.855528 0.876980 0.926472 0.919497 0.870787 0.869672 0.951724 0.901931 0.987500 0.917037 0.931910 0.892048 0.964655 0.948580 0.919051 0.922160 0.990293 0.927514 0.857571 0.903584 0.907793 0.941751 0.968222 0.992745 0.898967 0.816541 0.902825 0.921707 0.958761 0.963303 0.833055 0.947905 0.893340 0.928825 0.921658 0.884483 0.858505 0.911645 0.922383 0.980347 0.882941 0.914837 0.945041 0.873327 0.909220 0.967979 0.898232 0.893467 0.832047 0.995412 0.986590 0.911055 0.961439 0.834806 0.991582 0.935265 0.921080 0.974155 0.816880 0.855106 0.988645 0.943701 0.953225 0.981826 0.884675 0.992154 0.928296 0.821093 0.984638 0.964356 0.970842 0.974174 0.919290 0.844141 0.895576 0.750230 0.925767 0.993424 0.913279 0.987274 0.996440 0.897058 0.964503 0.824974 0.945605 0.950392
0.784085 0.728168 0.827243 0.851290 0.879688 0.000000 0.953293 0.826326 0.778765 0.926255 0.701886 0.875358 0.954654 0.920024 0.834004 0.818556 0.653323 0.615586 0.718807 0.832167 0.869616 0.869216 0.835342 0.782415 0.802754 0.641828 0.871507 0.748928 0.744803 0.832829 0.898383 0.993422 0.923322 0.976193 0.918944 0.994940 0.849689 0.828195 0.868836 0.873525 0.945047 0.981861 0.944205 0.927828 0.936430 0.936859 0.966481 0.986137 0.945416 0.915123 0.954717 0.991446 0.785879 0.786422 0.783912 0.899065 0.594900 0.659031 0.810525 0.896448 0.874949 0.714981 0.707438 0.790552 0.806720 0.648043 0.838159 0.837065 0.882767 0.870042 0.742301 0.836742 0.774374 0.921610 0.896572 0.977310 0.991966 0.976789 0.839975 0.926536 0.759829 0.855437 0.776522 0.795575 0.880581 0.792717 0.945816 0.982938 0.978298 0.921239 0.688342 0.825459 0.719704 0.873527 0.968648 0.855969 0.703908 0.877138 0.890020 0.929186 0.836773 0.963877 0.799073 0.971919 0.868279 0.897682 0.823495 0.982416 0.963926 0.949326 0.955066 0.957461 0.890063 0.951442 0.978929 0.927090
0.978804 0.943100 0.407019 0.574423 0.893019 0.953293 0.000000 0.358918 0.545747 0.653420 0.748991 0.834203 0.999882 0.985762 0.865508 0.955706 0.900706 0.996636 0.767394 0.929640 0.914573 0.839813 0.791350 0.912840 0.910888 0.712006 0.652703 0.709557 0.794845 0.799326 0.472061 0.535843 0.397324 0.408914 0.730810 0.719307 0.880989 0.984806 0.933565 0.970748 0.903409 0.997417 0.515956 0.564582 0.444486 0.489976 0.581289 0.610484 0.801794 0.788119 0.702947 0.789054 0.728577 0.731858 0.961289 0.931071 0.951594 0.966973 0.587921 0.695807 0.347298 0.498926 0.728012 0.729964 0.789910 0.589243 0.308648 0.325322 0.922340 0.924158 0.809634 0.759820 0.734325 0.775821 0.973436 0.795784 0.675744 0.585159 0.966577 0.865417 0.974494 0.836645 0.976349 0.857581 0.930651 0.977011 0.819910 0.772721 0.839997 0.762920 0.790900 0.964437 0.883021 0.962446 0.845966 0.926392 0.920879 0.749990 0.504637 0.576519 0.510086 0.828975 0.742617 0.614736 0.691131 0.746654 0.860570 0.785704 0.798011 0.864331 0.693525 0.798713 0.655848 0.781526 0.606892 0.908338
0.881314 0.879664 0.407293 0.404743 0.893304 0.826326 0.358918 0.000000 0.520771 0.550290 0.689187 0.676343 0.831704 0.817016 0.974039 0.803018 0.888621 0.982991 0.660819 0.781210 0.955836 0.971137 0.702787 0.958206 0.877709 0.707610 0.792646 0.881987 0.808772 0.767395 0.542053 0.552451 0.462666 0.390647 0.819790 0.831132 0.689112 0.882928 0.970330 0.935224 0.901102 0.914073 0.468292 0.467626 0.547297 0.496760 0.441867 0.456068 0.793285 0.699687 0.659814 0.660010 0.733217 0.633958 0.902007 0.993185 0.932429 0.990192 0.586320 0.652538 0.388271 0.333444 0.816491 0.701918 0.767606 0.486166 0.452116 0.384386 0.894868 0.933084 0.650863 0.686183 0.717011 0.770477 0.910568 0.898865 0.657830 0.600948 0.932295 0.808002 0.935032 0.912992 0.976913 0.936890 0.959378 0.905795 0.898403 0.768288 0.925151 0.827438 0.733026 0.971353 0.896817 0.932609 0.882761 0.858954 0.749126 0.785404 0.467991 0.462445 0.485327 0.893141 0.697565 0.588137 0.590982 0.721279 0.953391 0.696826 0.734059 0.757462 0.726099 0.751993 0.627683 0.745755 0.643644 0.956136
0.839438 0.893131 0.456929 0.551417 0.895117 0.778765 0.545747 0.520771 0.000000 0.643620 0.976527 0.938409 0.965328 0.927878 0.900141 0.895413 0.861975 0.753675 0.927908 0.946417 0.985876 0.891993 0.722455 0.928702 0.784257 0.483812 0.813287 0.928179 0.984937 0.882162 0.590989 0.670726 0.592289 0.673445 0.649585 0.886950 0.768964 0.983960 0.853406 0.998452 0.924641 0.823570 0.558164 0.638103 0.552396 0.646878 0.628196 0.758863 0.898589 0.893848 0.750019 0.870737 0.722994 0.571390 0.897259 0.955837 0.929951 0.788231 0.873149 0.973203 0.546288 0.488924 0.885182 0.952649 0.632315 0.523909 0.472966 0.535292 0.859786 0.818605 0.636694 0.615056 0.644994 0.777573 0.987324 0.903327 0.761747 0.768133 0.993150 0.924038 0.757771 0.748885 0.977182 0.772787 0.906351 0.836071 0.911445 0.953570 0.939180 0.962424 0.540658 0.796378 0.643173 0.848427 0.834471 0.992244 0.728823 0.824711 0.502131 0.549846 0.598806 0.929937 0.856391 0.740273 0.682854 0.692498 0.804000 0.652085 0.783772 0.825223 0.741585 0.740773 0.649968 0.780222 0.833564 0.886929
0.872207 0.925505 0.833109 0.861066 0.922295 0.926255 0.653420 0.550290 0.643620 0.000000 0.739613 0.846990 0.741242 0.801296 0.856176 0.869199 0.911014 0.973851 0.912329 0.968920 0.895556 0.785387 0.977085 0.618843 0.818928 0.913103 0.718359 0.875339 0.656856 0.728083 0.494601 0.614857 0.582976 0.530280 0.806132 0.946445 0.753334 0.804928 0.954839 0.964480 0.994708 0.715976 0.539030 0.577775 0.502126 0.496310 0.705097 0.635880 0.626668 0.813057 0.749008 0.925514 0.842739 0.675784 0.946675 0.998812 0.942669 0.877830 0.731948 0.896270 0.648784 0.538163 0.813924 0.694755 0.819738 0.926084 0.656006 0.584298 0.977082 0.930864 0.669151 0.711189 0.666703 0.673245 0.949202 0.857854 0.707835 0.580285 0.909507 0.888579 0.957861 0.671728 0.867620 0.780951 0.669275 0.686888 0.625416 0.662398 0.867151 0.719250 0.991341 0.758993 0.827243 0.722414 0.976747 0.850051 0.872084 0.753768 0.581130 0.531060 0.639238 0.932286 0.628336 0.650213 0.759462 0.719677 0.993776 0.643428 0.859164 0.772983 0.780179 0.624495 0.654799 0.845417 0.910068 0.986702
0.524099 0.559710 0.896627 0.876385 0.940720 0.701886 0.748991 0.689187 0.976527 0.739613 0.000000 0.433816 0.804159 0.779582 0.986137 0.862854 0.396415 0.380974 0.443015 0.453225 0.890558 0.963444 0.945973 0.899948 0.941078 0.762760 0.914247 0.761463 0.432481 0.393770 0.781051 0.759194 0.641721 0.520382 0.958788 0.959305 0.892638 0.696167 0.955908 0.846147 0.908022 0.839558 0.847844 0.715414 0.914076 0.765582 0.678866 0.689642 0.814348 0.688415 0.920720 0.779446 0.994874 0.981552 0.946199 0.950012 0.530062 0.552963 0.551036 0.521104 0.685789 0.830390 0.387725 0.359135 0.808477 0.885890 0.857970 0.819754 0.537318 0.630199 0.864060 0.987019 0.734693 0.635244 0.851508 0.956581 0.722130 0.768501 0.645573 0.781711 0.527708 0.730119 0.712634 0.694774 0.993544 0.915900 0.905244 0.927470 0.861905 0.976108 0.784544 0.769995 0.648836 0.742391 0.989379 0.892478 0.957421 0.690382 0.784193 0.778110 0.949782 0.887223 0.564629 0.557869 0.964746 0.874123 0.901145 0.876001 0.950579 0.780078 0.969224 0.923668 0.761370 0.857962 0.829731 0.915559
0.370354 0.403703 0.948140 0.788559 0.969254 0.875358 0.834203 0.676343 0.938409 0.846990 0.433816 0.000000 0.548434 0.548687 0.792168 0.612810 0.396502 0.399495 0.425146 0.317284 0.896957 0.798706 0.847817 0.923892 0.903074 0.857266 0.880901 0.773311 0.514262 0.409982 0.877047 0.803799 0.692458 0.604243 0.936575 0.998561 0.714296 0.601557 0.863851 0.644410 0.773492 0.792116 0.739089 0.641825 0.879660 0.697645 0.556729 0.538499 0.645129 0.514018 0.660592 0.492790 0.783801 0.832381 0.802683 0.778316 0.493473 0.406906 0.600223 0.490197 0.698623 0.701990 0.519114 0.382674 0.848174 0.968999 0.952065 0.889009 0.408604 0.466196 0.837896 0.912825 0.837040 0.760285 0.867196 0.948689 0.716133 0.789381 0.653443 0.578544 0.345371 0.485890 0.600058 0.546700 0.789006 0.846013 0.926378 0.980592 0.999480 0.833679 0.894419 0.921736 0.770728 0.780321 0.958502 0.778820 0.817452 0.796991 0.776342 0.795530 0.969368 0.901883 0.579394 0.605839 0.856103 0.842500 0.918186 0.960393 0.873323 0.718849 0.933547 0.918619 0.926811 0.772113 0.844072 0.914537
0.446699 0.564837 0.805725 0.642644 0.964336 0.954654 0.999882 0.831704 0.965328 0.741242 0.804159 0.548434 0.000000 0.316229 0.433397 0.401000 0.734147 0.671252 0.595108 0.546980 0.910608 0.686645 0.541229 0.514697 0.703105 0.973856 0.777754 0.973005 0.926934 0.829007 0.879273 0.984984 0.905326 0.974774 0.860407 0.992300 0.831167 0.892718 0.911582 0.750894 0.790167 0.979750 0.967265 0.908889 0.805783 0.954758 0.708601 0.814726 0.932624 0.774959 0.849055 0.576342 0.813132 0.871000 0.796855 0.796314 0.682145 0.600825 0.887587 0.712715 0.801186 0.787357 0.918412 0.816175 0.691689 0.743089 0.895063 0.900490 0.601172 0.571383 0.818149 0.940711 0.911254 0.886604 0.749170 0.812362 0.852469 0.897069 0.874544 0.614533 0.616860 0.485781 0.604855 0.641112 0.460140 0.498197 0.658204 0.797109 0.740108 0.599308 0.813314 0.749383 0.858990 0.826698 0.945238 0.839183 0.758409 0.985946 0.939419 0.953890 0.859060 0.883947 0.986305 0.865995 0.873778 0.993149 0.930491 0.970239 0.823093 0.936406 0.979608 0.971638 0.929575 0.887372 0.846911 0.961702
0.453938 0.529243 0.825719 0.640174 0.995724 0.920024 0.985762 0.817016 0.927878 0.801296 0.779582 0.548687 0.316229 0.000000 0.409806 0.300006 0.657494 0.633817 0.566289 0.513353 0.958355 0.725315 0.494429 0.465555 0.640474 0.866583 0.848887 0.928243 0.863264 0.774519 0.954255 0.849113 0.814219 0.965476 0.907225 0.949427 0.767000 0.803240 0.826902 0.711544 0.816338 0.948406 0.849680 0.792943 0.919889 0.954563 0.627792 0.806935 0.947187 0.719053 0.726665 0.517851 0.605291 0.729403 0.785387 0.764254 0.620062 0.585380 0.888838 0.737376 0.773447 0.725304 0.906078 0.774932 0.742788 0.745589 0.951454 0.960264 0.592505 0.585716 0.786228 0.870343 0.874058 0.880209 0.752853 0.866540 0.814016 0.964732 0.732405 0.622846 0.560731 0.508130 0.521107 0.593539 0.423206 0.442113 0.660299 0.851195 0.725735 0.579290 0.797320 0.786185 0.887826 0.857505 0.930174 0.935450 0.723724 0.995438 0.872563 0.922606 0.868888 0.876184 0.910145 0.779694 0.921530 0.876185 0.884827 0.979398 0.877935 0.848282 0.973130 0.960061 0.990190 0.824623 0.833229 0.965060
0.707549 0.817392 0.952245 0.786018 0.919293 0.834004 0.865508 0.974039 0.900141 0.856176 0.986137 0.792168 0.433397 0.409806 0.000000 0.369404 0.818666 0.859813 0.829494 0.771943 0.963152 0.803143 0.503570 0.552394 0.697083 0.895547 0.781297 0.873528 0.955888 0.907135 0.979463 0.860719 0.952226 0.891490 0.952340 0.983511 0.864746 0.998363 0.863665 0.839028 0.802713 0.988022 0.965907 0.956231 0.807526 0.915879 0.751958 0.915689 0.889442 0.930440 0.887501 0.682921 0.769981 0.810081 0.833096 0.804301 0.863245 0.823548 0.965290 0.853029 0.880056 0.827883 0.981524 0.929820 0.697051 0.785348 0.871160 0.871131 0.696690 0.775017 0.777359 0.938106 0.909038 0.905825 0.851115 0.779392 0.919298 0.934975 0.805977 0.728228 0.803181 0.743094 0.611766 0.805088 0.494238 0.515624 0.770117 0.806525 0.666533 0.676924 0.869845 0.864607 0.948180 0.872863 0.905276 0.892770 0.768394 0.965066 0.982635 0.958284 0.796484 0.977686 0.919610 0.917422 0.813133 0.866688 0.804383 0.944231 0.770117 0.907160 0.950070 0.988748 0.925131 0.944588 0.907954 0.948871
0.564033 0.616535 0.869217 0.624087 0.955778 0.818556 0.955706 0.803018 0.895413 0.869199 0.862854 0.612810 0.401000 0.300006 0.369404 0.000000 0.747912 0.738881 0.699025 0.627836 0.982374 0.752918 0.453744 0.443479 0.660750 0.837628 0.844847 0.843169 0.895347 0.788343 0.981034 0.804730 0.844409 0.929290 0.987006 0.997908 0.845666 0.850725 0.809773 0.805410 0.859560 0.940095 0.810909 0.762806 0.938058 0.889579 0.590338 0.724261 0.958854 0.721395 0.683463 0.495508 0.629401 0.744630 0.764661 0.768641 0.717211 0.680116 0.847449 0.694449 0.795819 0.689695 0.967665 0.809110 0.704966 0.703331 0.956586 0.999083 0.678359 0.646820 0.823212 0.966613 0.929357 0.876715 0.802909 0.820784 0.911058 0.996853 0.712681 0.681692 0.655396 0.614217 0.506236 0.616835 0.474988 0.414200 0.746087 0.832407 0.663598 0.629420 0.841039 0.859752 0.942209 0.975741 0.937184 0.905739 0.767988 0.953787 0.923005 0.919395 0.898432 0.998800 0.973301 0.822210 0.836450 0.842943 0.876848 0.969430 0.828639 0.869991 0.920499 0.970375 0.971922 0.836931 0.762720 0.950724
0.436847 0.410297 0.893184 0.973429 0.966113 0.653323 0.900706 0.888621 0.861975 0.911014 0.396415 0.396502 0.734147 0.657494 0.818666 0.747912 0.000000 0.275105 0.453238 0.397959 0.862680 0.953581 0.944388 0.903382 0.999154 0.643557 0.938040 0.833616 0.382305 0.348020 0.906046 0.830330 0.714543 0.629554 0.890964 0.956495 0.921804 0.701590 0.996278 0.787956 0.933827 0.875769 0.800771 0.677801 0.911981 0.750544 0.648016 0.696829 0.664042 0.576513 0.745578 0.600670 0.874048 0.994218 0.931973 0.818241 0.400422 0.357214 0.514309 0.508507 0.796096 0.947908 0.355223 0.303606 0.699800 0.697880 0.988354 0.990940 0.468023 0.495039 0.981810 0.925076 0.852585 0.720538 0.887265 0.918727 0.752571 0.741478 0.472837 0.639504 0.329965 0.575610 0.540496 0.546414 0.880600 0.985656 0.927899 0.978913 0.937516 0.873279 0.661276 0.700541 0.560336 0.679257 0.866531 0.911794 0.941497 0.750412 0.867598 0.920297 0.891387 0.993169 0.564872 0.646710 0.994985 0.889350 0.971800 0.985501 0.909560 0.757142 0.926013 0.946156 0.871169 0.838691 0.750734 0.790894
0.395006 0.355186 0.857405 0.965036 0.949792 0.615586 0.996636 0.982991 0.753675 0.973851 0.380974 0.399495 0.671252 0.633817 0.859813 0.738881 0.275105 0.000000 0.406799 0.374687 0.855919 0.870514 0.915140 0.981523 0.958286 0.611683 0.866273 0.815758 0.444646 0.405659 0.964603 0.907309 0.820307 0.747865 0.875971 0.969325 0.972782 0.665427 0.984202 0.727149 0.886982 0.862898 0.932476 0.763089 0.932404 0.866003 0.756162 0.761936 0.763840 0.607383 0.836534 0.655605 0.914464 0.936795 0.942412 0.833979 0.341643 0.300131 0.623154 0.550129 0.927723 0.929869 0.399808 0.353425 0.730244 0.649147 0.862307 0.866841 0.445666 0.444624 0.987340 0.859113 0.953298 0.784938 0.832726 0.936393 0.828122 0.867594 0.526972 0.685032 0.338745 0.491868 0.521072 0.457446 0.817884 0.992672 0.966378 0.920191 0.977017 0.807096 0.693497 0.805256 0.615827 0.792698 0.936489 0.921722 0.965972 0.779543 0.966913 0.976256 0.787909 0.957603 0.593772 0.741613 0.981242 0.981074 0.937398 0.947427 0.951821 0.808321 0.963605 0.975493 0.906421 0.802775 0.862128 0.829987
0.409923 0.387085 0.813506 0.676816 0.973970 0.718807 0.767394 0.660819 0.927908 0.912329 0.443015 0.425146 0.595108 0.566289 0.829494 0.699025 0.453238 0.406799 0.000000 0.373485 0.850907 0.808888 0.735680 0.845790 0.828510 0.896628 0.844466 0.756243 0.589921 0.597735 0.943353 0.735564 0.669819 0.633015 0.971808 0.961303 0.714525 0.624255 0.962351 0.764268 0.754452 0.902825 0.702904 0.592576 0.890611 0.708844 0.565776 0.580657 0.746261 0.533828 0.753185 0.567452 0.822492 0.825379 0.907254 0.880326 0.388405 0.422835 0.634015 0.576192 0.735311 0.793211 0.605706 0.500436 0.984001 0.999215 0.924145 0.902533 0.511919 0.572883 0.831455 0.911699 0.900166 0.798293 0.876341 0.910936 0.724430 0.800402 0.645885 0.593865 0.480684 0.568086 0.585411 0.553996 0.750124 0.861930 0.925776 0.989695 0.944300 0.862632 0.988177 0.995623 0.891529 0.964854 0.859154 0.903067 0.873648 0.835202 0.682306 0.717482 0.997833 0.792676 0.569927 0.754642 0.889541 0.950580 0.886314 0.819231 0.964530 0.610101 0.844332 0.928226 0.818146 0.683528 0.821991 0.929938
0.341753 0.364432 0.965994 0.798861 0.902842 0.832167 0.929640 0.781210 0.946417 0.968920 0.453225 0.317284 0.546980 0.513353 0.771943 0.627836 0.397959 0.374687 0.373485 0.000000 0.911112 0.776642 0.842234 0.851281 0.901012 0.845644 0.804945 0.853678 0.589547 0.518144 0.965080 0.889324 0.779173 0.701200 0.912970 0.957623 0.706863 0.544781 0.906868 0.612690 0.732721 0.856101 0.791199 0.694252 0.982264 0.795936 0.597799 0.608506 0.699085 0.504441 0.729241 0.527313 0.799256 0.864343 0.770200 0.747961 0.422760 0.364362 0.710392 0.561509 0.849673 0.830252 0.624096 0.479266 0.878615 0.901036 0.924273 0.955472 0.416440 0.409659 0.877405 0.962353 0.872913 0.788839 0.824604 0.909337 0.758514 0.954845 0.620774 0.640959 0.389277 0.440353 0.595949 0.443409 0.711866 0.851173 0.901996 0.924806 0.931925 0.759740 0.984619 0.994531 0.853326 0.926494 0.919017 0.859583 0.809357 0.840382 0.793706 0.819801 0.999504 0.840886 0.620975 0.733222 0.897814 0.962068 0.904754 0.905656 0.948298 0.654378 0.973358 0.976867 0.955968 0.773534 0.871876 0.880314
0.918628 0.896605 0.911940 0.954033 0.965652 0.869616 0.914573 0.955836 0.985876 0.895556 0.890558 0.896957 0.910608 0.958355 0.963152 0.982374 0.862680 0.855919 0.850907 0.911112 0.000000 0.998807 0.986053 0.928558 0.958491 0.890243 0.978597 0.960238 0.921530 0.902592 0.849803 0.886823 0.890037 0.933813 0.997742 0.875396 0.826296 0.721199 0.962641 0.950508 0.905189 0.963212 0.988623 0.928054 0.911328 0.964884 0.936333 0.824663 0.971172 0.928134 0.946770 0.966956 0.925413 0.930742 0.963588 0.920828 0.812675 0.861291 0.907538 0.864007 0.877354 0.959781 0.982881 0.901895 0.973756 0.877869 0.896528 0.887092 0.824785 0.914857 0.982863 0.953487 0.936281 0.952977 0.979107 0.896481 0.885482 0.937995 0.927460 0.918250 0.935748 0.998949 0.926355 0.818724 0.901779 0.853833 0.968262 0.971320 0.945733 0.905627 0.843707 0.957132 0.842751 0.921470 0.903082 0.871820 0.944642 0.893886 0.965014 0.897178 0.974868 0.758554 0.910703 0.980419 0.966140 0.987699 0.808484 0.917469 0.995361 0.856951 0.885505 0.876577 0.993202 0.919418 0.951306 0.951209
0.698804 0.782514 0.996727 0.848430 0.923603 0.869216 0.839813 0.971137 0.891993 0.785387 0.963444 0.798706 0.686645 0.725315 0.803143 0.752918 0.953581 0.870514 0.808888 0.776642 0.998807 0.000000 0.853338 0.714196 0.935756 0.979559 0.711848 0.992091 0.902814 0.991769 0.822882 0.983120 0.931368 0.849762 0.889803 0.835023 0.911696 0.828997 0.823487 0.668462 0.921061 0.918110 0.965794 0.957470 0.810284 0.940143 0.912654 0.929734 0.955742 0.844267 0.928873 0.822115 0.973222 0.910466 0.843517 0.816619 0.815123 0.800700 0.925588 0.928892 0.920358 0.930099 0.972548 0.981089 0.886274 0.992025 0.753557 0.821954 0.780286 0.812199 0.833420 0.931053 0.840067 0.751600 0.695546 0.906031 0.999290 0.753611 0.994324 0.774174 0.810911 0.714259 0.708018 0.681571 0.789993 0.750755 0.693717 0.712563 0.838915 0.800256 0.953860 0.885867 0.988490 0.929184 0.927368 0.934325 0.816608 0.979184 0.910043 0.907053 0.932764 0.949753 0.930404 0.872635 0.984740 0.974017 0.829092 0.859640 0.954122 0.908498 0.964150 0.949209 0.801272 0.844943 0.938292 0.925217
0.818471 0.813800 0.636492 0.458732 0.842870 0.835342 0.791350 0.702787 0.722455 0.977085 0.945973 0.847817 0.541229 0.494429 0.503570 0.453744 0.944388 0.915140 0.735680 0.842234 0.986053 0.853338 0.000000 0.482355 0.665296 0.685602 0.935194 0.974789 0.934303 0.904021 0.879764 0.697368 0.782265 0.876946 0.922474 0.873993 0.869881 0.996733 0.960791 0.889357 0.951622 0.972521 0.804238 0.785565 0.995720 0.899588 0.719289 0.809716 0.861932 0.937950 0.817714 0.722096 0.622506 0.752718 0.958208 0.937803 0.876298 0.883940 0.955095 0.846168 0.674463 0.690000 0.993223 0.910120 0.473628 0.580498 0.813491 0.882021 0.875870 0.873237 0.746041 0.792498 0.799014 0.846365 0.842160 0.978117 0.873965 0.950584 0.874954 0.810843 0.906114 0.919123 0.680500 0.884003 0.544494 0.515626 0.855152 0.914577 0.698387 0.791108 0.718446 0.860283 0.821747 0.799057 0.813405 0.957392 0.790148 0.982702 0.803057 0.827751 0.964405 0.996251 0.944457 0.896816 0.746678 0.728069 0.848272 0.904922 0.802235 0.848662 0.894979 0.907576 0.888684 0.901304 0.776468 0.932373
0.766462 0.841685 0.806548 0.594803 0.978121 0.782415 0.912840 0.958206 0.928702 0.618843 0.899948 0.923892 0.514697 0.465555 0.552394 0.443479 0.903382 0.981523 0.845790 0.851281 0.928558 0.714196 0.482355 0.000000 0.583140 0.709086 0.715813 0.832242 0.803187 0.880118 0.851072 0.936750 0.972581 0.831405 0.997760 0.905016 0.935796 0.965037 0.800042 0.872096 0.824456 0.931796 0.959109 0.992736 0.758871 0.850711 0.866953 0.950501 0.771557 0.945105 0.965541 0.799317 0.767785 0.914063 0.831156 0.909565 0.907478 0.884673 0.846303 0.955568 0.985527 0.909540 0.771219 0.827590 0.513864 0.648296 0.911305 0.909752 0.864090 0.890163 0.897326 0.998392 0.986353 0.917271 0.769716 0.888328 0.982395 0.829241 0.917638 0.761575 0.900558 0.679739 0.675086 0.743836 0.451448 0.396924 0.610131 0.691331 0.541792 0.605664 0.717405 0.691538 0.710216 0.722223 0.933770 0.902682 0.740490 0.868531 0.982339 0.986181 0.891443 0.908561 0.769245 0.936255 0.841792 0.967957 0.953683 0.984437 0.998493 0.940569 0.957067 0.815410 0.909792 0.932199 0.924918 0.890378
0.811992 0.809202 0.651249 0.625762 0.915039 0.802754 0.910888 0.877709 0.784257 0.818928 0.941078 0.903074 0.703105 0.640474 0.697083 0.660750 0.999154 0.958286 0.828510 0.901012 0.958491 0.935756 0.665296 0.583140 0.000000 0.560529 0.839683 0.871896 0.880798 0.898243 0.889250 0.807948 0.838033 0.959193 0.864805 0.983697 0.759261 0.809715 0.756119 0.831115 0.822788 0.992676 0.874982 0.925961 0.989028 0.983871 0.788712 0.881745 0.931823 0.878615 0.924663 0.842096 0.790983 0.931521 0.774079 0.802041 0.849707 0.918817 0.988775 0.873924 0.817812 0.808870 0.831822 0.888255 0.564768 0.651188 0.894332 0.873746 0.769185 0.849780 0.942470 0.777992 0.829315 0.793223 0.918497 0.979683 0.960013 0.971189 0.841577 0.792904 0.861176 0.727247 0.750061 0.842996 0.539370 0.501031 0.785283 0.735127 0.697362 0.700583 0.803624 0.909500 0.787612 0.905041 0.917517 0.942902 0.922492 0.902333 0.863226 0.993029 0.965539 0.928475 0.945805 0.910115 0.863684 0.969086 0.795988 0.960423 0.879691 0.947742 0.947818 0.944769 0.954618 0.940413 0.877010 0.996344
0.804159 0.812705 0.508931 0.591020 0.914344 0.641828 0.712006 0.707610 0.483812 0.913103 0.762760 0.857266 0.973856 0.866583 0.895547 0.837628 0.643557 0.611683 0.896628 0.845644 0.890243 0.979559 0.685602 0.709086 0.560529 0.000000 0.874003 0.894900 0.726164 0.752078 0.691630 0.780431 0.748756 0.881938 0.696912 0.947029 0.749774 0.972577 0.764012 0.866781 0.894218 0.900981 0.769533 0.880744 0.759317 0.855432 0.802466 0.883153 0.917710 0.935623 0.879084 0.981840 0.713847 0.784759 0.858028 0.970408 0.780163 0.701156 0.865844 0.883141 0.674920 0.586496 0.662932 0.713503 0.513354 0.431236 0.622296 0.620527 0.829093 0.844436 0.755351 0.667053 0.725358 0.856009 0.940319 0.899342 0.990325 0.953038 0.870511 0.899696 0.748159 0.830809 0.998808 0.777156 0.777012 0.657120 0.889401 0.875368 0.849551 0.902918 0.614579 0.842868 0.638769 0.870519 0.936466 0.998096 0.819018 0.972463 0.723880 0.825692 0.741872 0.980372 0.868280 0.945145 0.765982 0.823253 0.857066 0.909603 0.858639 0.993068 0.831349 0.955888 0.961297 0.984009 0.940299 0.916986
0.763158 0.796439 0.827540 0.982223 0.882833 0.871507 0.652703 0.792646 0.813287 0.718359 0.914247 0.880901 0.777754 0.848887 0.781297 0.844847 0.938040 0.866273 0.844466 0.804945 0.978597 0.711848 0.935194 0.715813 0.839683 0.874003 0.000000 0.904200 0.933198 0.924879 0.671757 0.856402 0.696738 0.794225 0.849701 0.859051 0.977487 0.799202 0.929335 0.940335 0.787144 0.921611 0.791723 0.888089 0.647144 0.767241 0.983981 0.941072 0.881762 0.909473 0.877519 0.928788 0.874399 0.810636 0.928829 0.869538 0.802631 0.765551 0.872814 0.957041 0.722971 0.744019 0.966410 0.924960 0.953029 0.855915 0.622601 0.677644 0.788671 0.812614 0.811228 0.771352 0.828875 0.832596 0.961514 0.872013 0.970594 0.747662 0.914315 0.870081 0.854340 0.656091 0.811340 0.756796 0.767100 0.848304 0.805784 0.560902 0.870760 0.718838 0.926298 0.900507 0.986639 0.882218 0.915053 0.997580 0.936871 0.875647 0.837614 0.906704 0.749232 0.976866 0.980626 0.849096 0.929953 0.990595 0.848860 0.911252 0.848814 0.953846 0.873627 0.951334 0.815738 0.942593 0.849484 0.917886
0.951803 0.870427 0.908020 0.972229 0.938364 0.748928 0.709557 0.881987 0.928179 0.875339 0.761463 0.773311 0.973005 0.928243 0.873528 0.843169 0.833616 0.815758 0.756243 0.853678 0.960238 0.992091 0.974789 0.832242 0.871896 0.894900 0.904200 0.000000 0.692286 0.760577 0.862717 0.839965 0.777799 0.786214 0.887910 0.883020 0.941389 0.969668 0.897992 0.959364 0.955132 0.923185 0.891382 0.859308 0.752961 0.801639 0.898059 0.854064 0.790786 0.885294 0.857063 0.882705 0.963592 0.876757 0.951964 0.985511 0.881849 0.844305 0.743712 0.775464 0.763672 0.899459 0.666233 0.720726 0.891704 0.925750 0.720997 0.819481 0.986203 0.934882 0.911475 0.904067 0.888560 0.891598 0.851708 0.985338 0.892958 0.836030 0.930800 0.853763 0.833186 0.930806 0.983846 0.996219 0.923185 0.845611 0.868087 0.884900 0.910144 0.850966 0.958829 0.961341 0.966479 0.976193 0.923395 0.963299 0.917601 0.792271 0.836080 0.816021 0.854623 0.745750 0.727986 0.733724 0.910157 0.860389 0.908701 0.931713 0.899063 0.759799 0.941140 0.921653 0.937783 0.842438 0.926719 0.973930
0.701925 0.641416 0.931178 0.964725 0.953027 0.744803 0.794845 0.808772 0.984937 0.656856 0.432481 0.514262 0.926934 0.863264 0.955888 0.895347 0.382305 0.444646 0.589921 0.589547 0.921530 0.902814 0.934303 0.803187 0.880798 0.726164 0.933198 0.692286 0.000000 0.307435 0.697943 0.658460 0.613255 0.529514 0.901928 0.886513 0.940789 0.791230 0.933708 0.852641 0.885898 0.832010 0.810007 0.700023 0.771194 0.673287 0.708933 0.701547 0.670018 0.691554 0.794297 0.742039 0.926780 0.979313 0.910070 0.927871 0.622317 0.592698 0.555690 0.543390 0.684649 0.858926 0.353424 0.327499 0.688136 0.777502 0.850888 0.864960 0.638587 0.772219 0.971658 0.907699 0.730117 0.652841 0.944329 0.934393 0.827270 0.681856 0.601035 0.831677 0.535928 0.875726 0.693718 0.792923 0.950037 0.841206 0.795245 0.838857 0.816144 0.910063 0.644441 0.556859 0.486982 0.579323 0.944121 0.916241 0.932565 0.783824 0.861380 0.868483 0.974154 0.986992 0.572860 0.581678 0.916385 0.828019 0.974073 0.937918 0.955290 0.801925 0.891366 0.918889 0.798033 0.849280 0.774609 0.836404
0.605897 0.622271 0.948613 0.977135 0.939093 0.832829 0.799326 0.767395 0.882162 0.728083 0.393770 0.409982 0.829007 0.774519 0.907135 0.788343 0.348020 0.405659 0.597735 0.518144 0.902592 0.991769 0.904021 0.880118 0.898243 0.752078 0.924879 0.760577 0.307435 0.000000 0.681664 0.690958 0.636234 0.512189 0.942669 0.902596 0.994235 0.805208 0.999179 0.808571 0.959557 0.849348 0.854916 0.723964 0.856818 0.731645 0.677448 0.686966 0.720263 0.696264 0.816626 0.719729 0.899760 0.974169 0.998761 0.898169 0.652737 0.586166 0.524373 0.503901 0.665427 0.817528 0.326195 0.268954 0.682290 0.813540 0.854048 0.819011 0.553783 0.667246 0.936537 0.914141 0.748190 0.626765 0.846567 0.934805 0.843531 0.628473 0.554101 0.743808 0.447945 0.796935 0.640003 0.744465 0.945907 0.888674 0.842812 0.897578 0.805226 0.902276 0.627634 0.554856 0.459606 0.548832 0.975292 0.822286 0.964212 0.742909 0.911147 0.912305 0.972262 0.975863 0.591709 0.556621 0.883836 0.743816 0.972624 0.992481 0.856108 0.784856 0.968031 0.917715 0.923857 0.902065 0.701956 0.771974
0.853989 0.894236 0.632421 0.761199 0.855528 0.898383 0.472061 0.542053 0.590989 0.494601 0.781051 0.877047 0.879273 0.954255 0.979463 0.981034 0.906046 0.964603 0.943353 0.965080 0.849803 0.822882 0.879764 0.851072 0.889250 0.691630 0.671757 0.862717 0.697943 0.681664 0.000000 0.419388 0.428580 0.436048 0.774205 0.800025 0.908384 0.989404 0.850864 0.973421 0.928033 0.839043 0.588029 0.632363 0.490165 0.527327 0.649763 0.675453 0.809930 0.899599 0.767307 0.906453 0.761316 0.780609 0.895140 0.958195 0.913580 0.817819 0.682139 0.806129 0.422469 0.509168 0.744518 0.706720 0.991278 0.723221 0.459949 0.411586 0.985444 0.841451 0.819081 0.805174 0.666793 0.620367 0.947165 0.802990 0.760417 0.512059 0.857366 0.981522 0.992120 0.702193 0.935609 0.780265 0.817380 0.917610 0.735185 0.802957 0.910644 0.767988 0.982347 0.682904 0.831243 0.692036 0.999497 0.763930 0.949382 0.728271 0.677989 0.752688 0.560719 0.981260 0.839675 0.589465 0.691108 0.649730 0.821820 0.767911 0.757481 0.941202 0.787134 0.855549 0.753477 0.907966 0.691984 0.920882
0.970165 0.910908 0.677485 0.634525 0.876980 0.993422 0.535843 0.552451 0.670726 0.614857 0.759194 0.803799 0.984984 0.849113 0.860719 0.804730 0.830330 0.907309 0.735564 0.889324 0.886823 0.983120 0.697368 0.936750 0.807948 0.780431 0.856402 0.839965 0.658460 0.690958 0.419388 0.000000 0.486948 0.565336 0.810546 0.865291 0.888446 0.860204 0.861004 0.907408 0.949989 0.913639 0.536327 0.534250 0.580781 0.518411 0.601022 0.655495 0.755232 0.756041 0.668983 0.711905 0.647269 0.642981 0.989596 0.952257 0.887237 0.997954 0.680691 0.749932 0.556395 0.622529 0.756885 0.695509 0.920939 0.779225 0.601484 0.548897 0.910862 0.969198 0.801557 0.873007 0.814723 0.770356 0.936044 0.930538 0.726182 0.598715 0.734785 0.822001 0.860168 0.888716 0.766190 0.977461 0.993523 0.941668 0.916994 0.849109 0.998591 0.837927 0.921248 0.801472 0.910727 0.903184 0.976355 0.791926 0.855139 0.861249 0.617212 0.746591 0.676842 0.785215 0.717123 0.719983 0.657138 0.710586 0.808992 0.688088 0.749797 0.801224 0.785694 0.866342 0.673933 0.887165 0.622697 0.918894
0.874806 0.841327 0.564165 0.708250 0.926472 0.923322 0.397324 0.462666 0.592289 0.582976 0.641721 0.692458 0.905326 0.814219 0.952226 0.844409 0.714543 0.820307 0.669819 0.779173 0.890037 0.931368 0.782265 0.972581 0.838033 0.748756 0.696738 0.777799 0.613255 0.636234 0.428580 0.486948 0.000000 0.412382 0.764735 0.770656 0.735875 0.861204 0.938740 0.881886 0.975018 0.770589 0.480606 0.497262 0.443770 0.448719 0.464102 0.607264 0.658978 0.676157 0.623351 0.679181 0.659489 0.714578 0.889362 0.929239 0.814736 0.878075 0.579158 0.674356 0.365184 0.487873 0.638540 0.588398 0.900222 0.728332 0.461064 0.440396 0.862329 0.883575 0.770333 0.777933 0.608965 0.655007 0.873832 0.878575 0.708495 0.566917 0.763659 0.767976 0.766795 0.990034 0.764756 0.955827 0.910325 0.886217 0.846139 0.866792 0.967615 0.924057 0.919718 0.836363 0.900797 0.783341 0.818327 0.825334 0.828728 0.701076 0.523197 0.640529 0.723971 0.807127 0.671871 0.499058 0.772877 0.784873 0.950382 0.831834 0.821196 0.788819 0.680893 0.807140 0.632428 0.733701 0.587381 0.998967
0.867711 0.771492 0.647087 0.718327 0.919497 0.976193 0.408914 0.390647 0.673445 0.530280 0.520382 0.604243 0.974774 0.965476 0.891490 0.929290 0.629554 0.747865 0.633015 0.701200 0.933813 0.849762 0.876946 0.831405 0.959193 0.881938 0.794225 0.786214 0.529514 0.512189 0.436048 0.565336 0.412382 0.000000 0.849795 0.819070 0.837627 0.814393 0.955927 0.949970 0.960766 0.837115 0.512750 0.503336 0.503584 0.448103 0.488011 0.479221 0.689821 0.648658 0.684085 0.711819 0.811553 0.825603 0.970848 0.971268 0.777195 0.826971 0.466633 0.526882 0.408027 0.503719 0.533771 0.468377 0.948413 0.791730 0.462429 0.417134 0.834832 0.858753 0.868792 0.878825 0.723593 0.665940 0.946324 0.849235 0.732975 0.521197 0.724520 0.846542 0.764465 0.920723 0.870082 0.999515 0.864255 0.915787 0.729326 0.776303 0.832947 0.772483 0.891263 0.698188 0.748627 0.614223 0.903974 0.863158 0.955114 0.660879 0.620224 0.612819 0.572632 0.993776 0.605320 0.517448 0.702914 0.669487 0.978087 0.731591 0.897020 0.697730 0.736554 0.821768 0.651645 0.766977 0.636703 0.844074
0.943548 0.934287 0.761845 0.790022 0.870787 0.918944 0.730810 0.819790 0.649585 0.806132 0.958788 0.936575 0.860407 0.907225 0.952340 0.987006 0.890964 0.875971 0.971808 0.912970 0.997742 0.889803 0.922474 0.997760 0.864805 0.696912 0.849701 0.887910 0.901928 0.942669 0.774205 0.810546 0.764735 0.849795 0.000000 0.995177 0.974379 0.962795 0.866723 0.912213 0.965903 0.910081 0.757337 0.832606 0.729465 0.743650 0.781937 0.811211 0.895290 0.879120 0.883352 0.969507 0.829697 0.814261 0.806799 0.862135 0.942552 0.857696 0.894312 0.937157 0.804298 0.751312 0.948723 0.979070 0.796325 0.824898 0.633640 0.635239 0.936802 0.907231 0.848004 0.825605 0.844588 0.812877 0.877443 0.999087 0.917721 0.786734 0.968821 0.994837 0.925417 0.946356 0.921146 0.885156 0.960925 0.920015 0.904026 0.992714 0.842234 0.913971 0.800219 0.919568 0.805925 0.891831 0.919204 0.917880 0.820782 0.641254 0.705507 0.787128 0.914406 0.907654 0.801424 0.848842 0.831222 0.847929 0.748293 0.831129 0.840548 0.958285 0.890026 0.883789 0.667247 0.931300 0.812478 0.945661
0.942581 0.984159 0.824437 0.827806 0.869672 0.994940 0.719307 0.831132 0.886950 0.946445 0.959305 0.998561 0.992300 0.949427 0.983511 0.997908 0.956495 0.969325 0.961303 0.957623 0.875396 0.835023 0.873993 0.905016 0.983697 0.947029 0.859051 0.883020 0.886513 0.902596 0.800025 0.865291 0.770656 0.819070 0.995177 0.000000 0.946355 0.813689 0.831766 0.905798 0.948797 0.968941 0.838309 0.800726 0.786514 0.815926 0.864147 0.992348 0.888812 0.882594 0.911875 0.934872 0.783787 0.847789 0.898294 0.872276 0.985093 0.997911 0.820371 0.947856 0.797231 0.880932 0.921608 0.923008 0.913247 0.894224 0.697914 0.792651 0.891285 0.880452 0.895566 0.997513 0.986684 0.844109 0.915307 0.816281 0.838095 0.673713 0.959939 0.945355 0.945094 0.961814 0.958446 0.863963 0.982538 0.983762 0.829749 0.938350 0.880029 0.966782 0.884998 0.864915 0.961040 0.940743 0.942146 0.908685 0.987923 0.953117 0.884968 0.771223 0.826388 0.906500 0.939256 0.829820 0.873410 0.919999 0.989177 0.986300 0.963891 0.965442 0.882504 0.966491 0.959101 0.926475 0.822830 0.857572
0.746602 0.830993 0.753280 0.717038 0.951724 0.849689 0.880989 0.689112 0.768964 0.753334 0.892638 0.714296 0.831167 0.767000 0.864746 0.845666 0.921804 0.972782 0.714525 0.706863 0.826296 0.911696 0.869881 0.935796 0.759261 0.749774 0.977487 0.941389 0.940789 0.994235 0.908384 0.888446 0.735875 0.837627 0.974379 0.946355 0.000000 0.671758 0.856610 0.796645 0.585723 0.833391 0.657016 0.722426 0.809577 0.769417 0.687865 0.709518 0.775853 0.785717 0.782147 0.783225 0.766905 0.664169 0.712163 0.846508 0.827618 0.856863 0.970582 0.997469 0.838412 0.672163 0.866564 0.945318 0.912214 0.832166 0.920664 0.846766 0.666934 0.729887 0.716806 0.560338 0.786418 0.804646 0.971916 0.966013 0.737477 0.915999 0.950098 0.829007 0.866527 0.822018 0.881209 0.850515 0.823735 0.865710 0.882710 0.979279 0.927587 0.900984 0.766087 0.824139 0.863042 0.905772 0.959504 0.991996 0.690207 0.949521 0.629762 0.712424 0.873595 0.806863 0.861340 0.876745 0.878203 0.963923 0.876865 0.786482 0.847630 0.739204 0.866050 0.873185 0.983601 0.902512 0.938822 0.951972
0.600451 0.553356 0.994559 0.927333 0.901931 0.828195 0.984806 0.882928 0.983960 0.804928 0.696167 0.601557 0.892718 0.803240 0.998363 0.850725 0.701590 0.665427 0.624255 0.544781 0.721199 0.828997 0.996733 0.965037 0.809715 0.972577 0.799202 0.969668 0.791230 0.805208 0.989404 0.860204 0.861204 0.814393 0.962795 0.813689 0.671758 0.000000 0.799075 0.583270 0.751201 0.786365 0.753524 0.737570 0.891293 0.782726 0.654226 0.636673 0.661152 0.566607 0.737603 0.691922 0.784664 0.894743 0.743677 0.623718 0.539848 0.606105 0.886477 0.791236 0.988569 0.897498 0.901669 0.766801 0.872185 0.870637 0.864998 0.954916 0.601190 0.616346 0.939980 0.832907 0.958371 0.900378 0.841270 0.989228 0.912866 0.959556 0.790943 0.885692 0.605005 0.648658 0.742288 0.563446 0.850951 0.985442 0.942680 0.829792 0.989585 0.797984 0.990859 0.979145 0.905989 0.936818 0.901985 0.813099 0.854962 0.891116 0.800744 0.833961 0.980128 0.985568 0.608116 0.898260 0.915962 0.986055 0.983163 0.981953 0.899279 0.721409 0.837570 0.794522 0.950096 0.718905 0.994124 0.947346
