0.000000 0.349745 0.591951 0.566269 0.791155 0.605844 0.359350 0.295335 0.582345 0.629839 0.319276 0.260765 0.314409 0.393745 0.610708 0.594167 0.316579 0.340686 0.389426 0.368836 0.973681 0.950951 0.697268 0.888144 0.890623 0.936468 0.859194 0.908475 0.348360 0.382896 0.723758 0.827196 0.358172 0.294968 0.612006 0.919344 0.683746 0.858998 0.834195 0.971830 0.840600 0.801082 0.616719 0.625888 0.575501 0.585689 0.475981 0.561874 0.842886 0.839758 0.778717 0.772114 0.906695 0.957103 0.727903 0.681408 0.360191 0.370788 0.279929 0.388885 0.270235 0.300805 0.297340 0.320917 0.672878 0.540629 0.442334 0.445185 0.587540 0.643649 0.568822 0.667945 0.808242 0.670813 0.915079 0.903947 0.580746 0.749901 0.585561 0.845449 0.331785 0.497860 0.738098 0.527818 0.518786 0.707322 0.978473 0.903352 0.659096 0.602551 0.691088 0.812826 0.727395 0.814924 0.757403 0.752980 0.574722 0.687822 0.459359 0.429165 0.586259 0.671496 0.541277 0.611970 0.455317 0.589638 0.926588 0.611723 0.646880 0.753794 0.744805 0.732375 0.665240 0.931666 0.766465 0.982562
0.349745 0.000000 0.690049 0.620424 0.898964 0.731578 0.517172 0.376474 0.753921 0.721462 0.602946 0.443645 0.556397 0.555181 0.757822 0.662629 0.331584 0.397404 0.476075 0.364045 0.988351 0.919562 0.766822 0.810106 0.995807 0.856057 0.969326 0.883920 0.444362 0.527458 0.745056 0.805777 0.427558 0.402449 0.738415 0.850948 0.747450 0.970711 0.989334 0.918919 0.745832 0.884847 0.526020 0.530557 0.496346 0.455914 0.480331 0.530162 0.670770 0.668491 0.573880 0.641781 0.846559 0.973647 0.630403 0.713747 0.274825 0.210804 0.420015 0.373831 0.461478 0.321271 0.520433 0.501719 0.693297 0.487517 0.527524 0.470418 0.463558 0.547088 0.678963 0.766080 0.710716 0.686801 0.770694 0.746316 0.686582 0.739685 0.611179 0.707558 0.375746 0.438675 0.615452 0.511413 0.552277 0.603957 0.949745 0.933842 0.749624 0.616656 0.802085 0.953283 0.856653 0.998937 0.648594 0.903925 0.504053 0.711066 0.522126 0.481519 0.755486 0.845357 0.585338 0.748928 0.506679 0.635660 0.948946 0.674121 0.603922 0.664768 0.664417 0.581449 0.711229 0.784900 0.660231 0.956381
0.591951 0.690049 0.000000 0.217194 0.845514 0.903156 0.285054 0.427576 0.536813 0.935095 0.743653 0.755750 0.503085 0.555930 0.500119 0.377712 0.799864 0.750158 0.408337 0.553353 0.649759 0.941045 0.282485 0.424509 0.455247 0.366869 0.854143 0.871239 0.776078 0.723186 0.306940 0.487248 0.391433 0.358129 0.389025 0.671589 0.411247 0.659439 0.890759 0.957654 0.844026 0.952362 0.500812 0.574945 0.614060 0.688832 0.556181 0.465652 0.966358 0.858763 0.742427 0.781740 0.725066 0.745757 0.549926 0.667120 0.875718 0.833722 0.678280 0.869072 0.539129 0.695271 0.732296 0.866665 0.261778 0.423210 0.337608 0.411240 0.725186 0.879743 0.463577 0.459288 0.725100 0.717042 0.860481 0.994884 0.598529 0.600593 0.751235 0.748253 0.694306 0.626725 0.539381 0.679011 0.343485 0.410567 0.849624 0.825189 0.733097 0.554117 0.569782 0.746179 0.634657 0.692189 0.628759 0.869445 0.619694 0.920455 0.704839 0.628132 0.769155 0.785608 0.813190 0.904916 0.629066 0.609621 0.910218 0.776892 0.737944 0.922545 0.846115 0.998459 0.891592 0.882118 0.854809 0.923108
0.566269 0.620424 0.217194 0.000000 0.923101 0.845195 0.276680 0.373310 0.609929 0.968719 0.715401 0.673972 0.507142 0.473450 0.561637 0.402500 0.746566 0.704605 0.324904 0.447925 0.684739 0.998179 0.292008 0.342697 0.476393 0.386091 0.823428 0.840234 0.783971 0.717142 0.329711 0.467188 0.344785 0.340419 0.389725 0.609471 0.486680 0.691896 0.842749 0.951016 0.816004 0.969894 0.476754 0.540506 0.618197 0.687607 0.486485 0.457964 0.956764 0.880190 0.744443 0.819758 0.759620 0.809142 0.616602 0.669087 0.776957 0.802478 0.666449 0.803527 0.546345 0.646104 0.726410 0.873277 0.278433 0.315114 0.297860 0.321524 0.769045 0.883116 0.436270 0.447436 0.718976 0.710402 0.761927 0.920814 0.596203 0.606265 0.756857 0.735951 0.691606 0.616218 0.493642 0.679857 0.320130 0.366213 0.793229 0.744063 0.725858 0.525877 0.549682 0.778605 0.639088 0.733279 0.658153 0.800528 0.628926 0.835227 0.676796 0.572097 0.718429 0.713367 0.807574 0.888339 0.607859 0.607769 0.985439 0.784428 0.712471 0.926575 0.804059 0.940164 0.902155 0.911571 0.810158 0.920772
0.791155 0.898964 0.845514 0.923101 0.000000 0.851755 0.814624 0.807761 0.670456 0.695359 0.883668 0.820929 0.740689 0.856181 0.712863 0.894501 0.780073 0.864610 0.892418 0.976905 0.992022 0.983492 0.839069 0.912993 0.980785 0.915485 0.906373 0.892967 0.832677 0.809299 0.933483 0.889195 0.815594 0.786134 0.703812 0.984777 0.882486 0.811027 0.976486 0.805744 0.960908 0.884689 0.851915 0.836328 0.902729 0.945110 0.986864 0.947084 0.951244 0.904685 0.935840 0.862280 0.902319 0.922338 0.975806 0.908828 0.868960 0.806584 0.692060 0.770974 0.720507 0.837195 0.677105 0.728303 0.824732 0.894800 0.758723 0.809063 0.941669 0.938311 0.812201 0.776115 0.954629 0.982353 0.938114 0.904650 0.886623 0.884904 0.959545 0.993978 0.780832 0.964116 0.918481 0.813448 0.833690 0.999703 0.920573 0.646579 0.736778 0.972674 0.763566 0.761442 0.759337 0.719925 0.971248 0.963322 0.778962 0.982932 0.740594 0.870843 0.999156 0.940484 0.705312 0.828152 0.826778 0.672853 0.884894 0.756786 0.853994 0.891704 0.851362 0.964347 0.830986 0.937898 0.903997 0.944231
0.605844 0.731578 0.903156 0.845195 0.851755 0.000000 0.658828 0.629097 0.719570 0.763014 0.641444 0.629097 0.766862 0.830038 0.945643 0.856200 0.674848 0.618732 0.672077 0.690408 0.933402 0.931005 0.969884 0.951668 0.843430 0.964378 0.901196 0.864000 0.710673 0.739219 0.967656 0.985634 0.708139 0.684803 0.842659 0.954121 0.830132 0.919473 0.824534 0.873277 0.965462 0.806880 0.704992 0.753024 0.666355 0.634654 0.645976 0.777250 0.824219 0.791903 0.801647 0.802082 0.867555 0.912108 0.809592 0.801696 0.687700 0.735851 0.654463 0.747766 0.672649 0.627190 0.709108 0.712720 0.916243 0.762535 0.680602 0.641044 0.870372 0.802320 0.838085 0.899196 0.890191 0.758785 0.966616 0.907523 0.775684 0.786854 0.767391 0.991308 0.622808 0.768061 0.911550 0.809511 0.885845 0.927120 0.875238 0.959168 0.832114 0.811087 0.724331 0.788950 0.760064 0.802067 0.960587 0.835341 0.763798 0.918397 0.610912 0.691368 0.829253 0.797288 0.688778 0.657259 0.829127 0.862228 0.997996 0.858812 0.998877 0.939498 0.778262 0.798470 0.806370 0.863594 0.841119 0.900133
0.359350 0.517172 0.285054 0.276680 0.814624 0.658828 0.000000 0.195248 0.407377 0.602173 0.469647 0.454587 0.380189 0.450728 0.529375 0.445748 0.512390 0.448750 0.293200 0.413388 0.848098 0.989913 0.453842 0.664206 0.794765 0.611771 0.947964 0.973262 0.486471 0.483158 0.469793 0.633727 0.316698 0.264205 0.413729 0.735288 0.522397 0.706594 0.956401 0.931533 0.797373 0.832885 0.408914 0.441379 0.421701 0.475181 0.447574 0.422937 0.842059 0.752495 0.618867 0.655914 0.629871 0.727361 0.580032 0.598284 0.635662 0.617787 0.406830 0.695621 0.394674 0.501359 0.484829 0.572940 0.432605 0.461869 0.245463 0.318848 0.713020 0.773710 0.354744 0.408747 0.617000 0.563628 0.843629 0.965729 0.434411 0.552274 0.589239 0.836592 0.471543 0.570421 0.650807 0.594408 0.452418 0.588790 0.994885 0.987926 0.725265 0.601250 0.401458 0.551839 0.459994 0.553509 0.625995 0.688325 0.455671 0.704258 0.390410 0.352705 0.550779 0.552503 0.551020 0.611730 0.444560 0.480244 0.904173 0.619006 0.652895 0.794900 0.685590 0.779988 0.704512 0.823338 0.775005 0.933097
0.295335 0.376474 0.427576 0.373310 0.807761 0.629097 0.195248 0.000000 0.492945 0.545388 0.406599 0.332259 0.385850 0.402956 0.630386 0.545967 0.385402 0.355601 0.281431 0.346871 0.984119 0.982795 0.580813 0.738685 0.941525 0.763598 0.877067 0.966615 0.374258 0.426177 0.558274 0.705571 0.304850 0.267438 0.481120 0.795258 0.639216 0.805200 0.914129 0.893999 0.787557 0.808417 0.423575 0.448943 0.429155 0.445635 0.429248 0.468376 0.755115 0.736696 0.634355 0.681405 0.707636 0.855695 0.640943 0.580735 0.449386 0.449393 0.350653 0.570432 0.354196 0.370070 0.394177 0.458330 0.555405 0.469764 0.310098 0.319048 0.660472 0.675877 0.443878 0.477712 0.664594 0.533737 0.824070 0.950133 0.491501 0.614907 0.578481 0.826863 0.401282 0.521466 0.637915 0.572721 0.501750 0.647344 0.984936 0.979239 0.719205 0.587824 0.489218 0.651308 0.534074 0.690216 0.659191 0.685325 0.418210 0.629860 0.373609 0.318062 0.545428 0.574346 0.506297 0.581344 0.414701 0.481356 0.950172 0.622503 0.622541 0.679151 0.577453 0.698522 0.635460 0.845715 0.739025 0.910239
0.582345 0.753921 0.536813 0.609929 0.670456 0.719570 0.407377 0.492945 0.000000 0.460699 0.588707 0.610434 0.569557 0.797035 0.612985 0.653601 0.618962 0.638597 0.708834 0.710041 0.911963 0.967557 0.717297 0.983814 0.998293 0.857136 0.905198 0.994933 0.540172 0.554284 0.805504 0.985158 0.642350 0.545868 0.653686 0.955086 0.704763 0.752117 0.825535 0.935516 0.904069 0.695192 0.652369 0.622096 0.579504 0.601642 0.729876 0.668858 0.831305 0.828837 0.657001 0.623913 0.578658 0.656605 0.680239 0.680922 0.937458 0.777077 0.425153 0.664827 0.493947 0.623635 0.566890 0.577952 0.630845 0.804871 0.532310 0.635752 0.814321 0.849296 0.502385 0.615992 0.692916 0.780351 0.909810 0.764565 0.494483 0.673597 0.656944 0.964674 0.581456 0.811667 0.930595 0.712515 0.764566 0.954183 0.836861 0.788280 0.699046 0.769358 0.517461 0.475807 0.524530 0.471102 0.731164 0.993883 0.514701 0.798511 0.477447 0.478543 0.713487 0.667624 0.597067 0.654983 0.535518 0.461580 0.695879 0.634457 0.755555 0.769838 0.697338 0.758698 0.602924 0.746154 0.783411 0.860929
0.629839 0.721462 0.935095 0.968719 0.695359 0.763014 0.602173 0.545388 0.460699 0.000000 0.578311 0.574908 0.771314 0.892174 0.790754 0.932508 0.495953 0.487799 0.808114 0.820938 0.767254 0.967636 0.881010 0.579631 0.590848 0.718421 0.761015 0.821244 0.448990 0.519121 0.860329 0.726223 0.872006 0.719260 0.819387 0.889732 0.968964 0.964018 0.803977 0.922845 0.873495 0.644597 0.738558 0.671875 0.566700 0.555447 0.871923 0.877771 0.670025 0.745869 0.609056 0.596072 0.640443 0.720880 0.994849 0.811001 0.754016 0.651208 0.446481 0.762625 0.692162 0.698356 0.550145 0.458201 0.906709 0.889998 0.707556 0.823788 0.843866 0.819037 0.555502 0.672048 0.755207 0.704269 0.921046 0.831736 0.542775 0.718544 0.698238 0.831843 0.571742 0.915386 0.891637 0.770153 0.893000 0.689296 0.768347 0.556532 0.944981 0.900636 0.490659 0.427450 0.472834 0.480051 0.831221 0.837129 0.559532 0.663906 0.370046 0.461585 0.612240 0.610014 0.379587 0.491217 0.578788 0.570796 0.826593 0.523878 0.746310 0.687281 0.603675 0.686132 0.471312 0.765245 0.766906 0.740367
0.319276 0.602946 0.743653 0.715401 0.883668 0.641444 0.469647 0.406599 0.588707 0.578311 0.000000 0.277364 0.342679 0.442209 0.785230 0.753541 0.405338 0.385429 0.474649 0.509162 0.818404 0.893740 0.878343 0.978028 0.722656 0.885483 0.765443 0.856703 0.364337 0.336935 0.857800 0.903496 0.502858 0.440336 0.760931 0.894570 0.919465 0.967039 0.894382 0.932054 0.991926 0.747644 0.883545 0.811745 0.730432 0.719643 0.694044 0.764413 0.916299 0.979407 0.990181 0.987182 0.971649 0.819143 0.804108 0.761820 0.573460 0.564760 0.428749 0.552321 0.349381 0.394389 0.258613 0.293845 0.864706 0.739382 0.615860 0.619279 0.802960 0.849407 0.755079 0.849091 0.987711 0.843107 0.917089 0.948245 0.760162 0.927974 0.634913 0.925019 0.369250 0.546695 0.992155 0.611483 0.739648 0.906975 0.835644 0.849729 0.737353 0.738447 0.842633 0.868789 0.853250 0.886427 0.867236 0.728544 0.761090 0.779587 0.594892 0.545335 0.595095 0.716085 0.672334 0.674043 0.581410 0.718712 0.955942 0.803278 0.788810 0.787654 0.786099 0.875964 0.726450 0.878869 0.856879 0.940365
0.260765 0.443645 0.755750 0.673972 0.820929 0.629097 0.454587 0.332259 0.610434 0.574908 0.277364 0.000000 0.340479 0.403002 0.720731 0.706395 0.297090 0.325353 0.485525 0.418003 0.917655 0.995315 0.846006 0.976131 0.705223 0.890320 0.854880 0.858112 0.319812 0.316144 0.907394 0.967368 0.456925 0.400738 0.732027 0.972467 0.913629 0.974799 0.865634 0.898737 0.861949 0.805006 0.756768 0.710263 0.629088 0.639878 0.625026 0.646725 0.841655 0.892141 0.901485 0.874989 0.956631 0.898721 0.830245 0.763182 0.415705 0.438321 0.317510 0.416692 0.299756 0.267864 0.266418 0.254160 0.796169 0.590368 0.540231 0.510675 0.735063 0.700103 0.702415 0.774150 0.927452 0.736507 0.873872 0.930066 0.650244 0.795139 0.604614 0.846845 0.343155 0.548132 0.840286 0.576185 0.678237 0.837678 0.989965 0.879244 0.745897 0.699415 0.739528 0.843908 0.787578 0.836842 0.817043 0.820508 0.668679 0.739059 0.482030 0.484648 0.617222 0.721141 0.562284 0.606834 0.506397 0.610875 0.975944 0.748956 0.674322 0.762293 0.706031 0.701791 0.722525 0.953640 0.777710 0.933149
0.314409 0.556397 0.503085 0.507142 0.740689 0.766862 0.380189 0.385850 0.569557 0.771314 0.342679 0.340479 0.000000 0.282343 0.502556 0.468818 0.489851 0.471394 0.422667 0.453484 0.834626 0.953032 0.479448 0.688693 0.965270 0.854358 0.997520 0.944757 0.485613 0.344193 0.605738 0.708205 0.322175 0.315434 0.586896 0.888864 0.718845 0.774463 0.930626 0.899030 0.870609 0.892605 0.768166 0.768760 0.831328 0.855677 0.645592 0.650212 0.800024 0.866100 0.947286 0.996297 0.966080 0.893121 0.737040 0.795939 0.578166 0.567794 0.409252 0.502415 0.233725 0.380248 0.253962 0.366973 0.536892 0.473169 0.470815 0.487234 0.761712 0.794377 0.622174 0.716227 0.936930 0.891020 0.848388 0.932536 0.748274 0.767627 0.723357 0.744257 0.390428 0.576721 0.721668 0.668840 0.418428 0.585456 0.933159 0.906398 0.641884 0.607662 0.795787 0.914219 0.873092 0.845616 0.840897 0.752774 0.729972 0.844442 0.639144 0.634533 0.659751 0.761094 0.747744 0.781303 0.571007 0.574240 0.946178 0.774959 0.748903 0.852240 0.895402 0.918821 0.883347 0.946912 0.821552 0.969816
0.393745 0.555181 0.555930 0.473450 0.856181 0.830038 0.450728 0.402956 0.797035 0.892174 0.442209 0.403002 0.282343 0.000000 0.534708 0.489334 0.630955 0.519892 0.371478 0.455479 0.886589 0.994445 0.455714 0.573452 0.921066 0.832026 0.963790 0.950573 0.589327 0.445283 0.539452 0.595550 0.271965 0.340089 0.581143 0.755824 0.674422 0.880165 0.909464 0.892989 0.889500 0.983769 0.801660 0.836175 0.882532 0.919601 0.747387 0.731131 0.730356 0.791187 0.907262 0.910964 0.899200 0.800359 0.920325 0.904716 0.515981 0.573921 0.511967 0.543022 0.326189 0.435159 0.363414 0.489925 0.564802 0.388041 0.478547 0.386026 0.916738 0.809610 0.693346 0.618412 0.969873 0.859908 0.783742 0.866134 0.846992 0.801739 0.700546 0.669347 0.535758 0.676248 0.599320 0.731914 0.405200 0.511433 0.818024 0.934506 0.666652 0.569123 0.827170 0.945255 0.882948 0.988549 0.928204 0.724500 0.807094 0.895419 0.740507 0.691963 0.606525 0.802334 0.834440 0.924635 0.590359 0.684180 0.924157 0.871045 0.736073 0.874588 0.840142 0.965227 0.987199 0.843013 0.857536 0.958469
0.610708 0.757822 0.500119 0.561637 0.712863 0.945643 0.529375 0.630386 0.612985 0.790754 0.785230 0.720731 0.502556 0.534708 0.000000 0.410319 0.781013 0.703008 0.694318 0.739539 0.657968 0.869670 0.398196 0.703920 0.741734 0.705625 0.877929 0.877938 0.730311 0.615633 0.523671 0.762536 0.480540 0.525590 0.561429 0.756677 0.464977 0.673830 0.962330 0.978969 0.771300 0.931325 0.786348 0.903078 0.775546 0.861254 0.828814 0.727715 0.774573 0.943104 0.819449 0.750963 0.757932 0.746865 0.840194 0.814080 0.829760 0.763160 0.553389 0.680489 0.455168 0.676909 0.587064 0.631471 0.490783 0.612949 0.508386 0.558178 0.787336 0.780813 0.529930 0.479633 0.828914 0.911305 0.924996 0.972780 0.748288 0.746085 0.698564 0.837332 0.698572 0.899270 0.595432 0.727892 0.474889 0.607970 0.786509 0.992139 0.756791 0.623945 0.673198 0.764880 0.734506 0.670618 0.769713 0.839017 0.731684 0.863235 0.682595 0.729337 0.868230 0.902614 0.767768 0.864805 0.641904 0.531727 0.718322 0.639352 0.714621 0.945747 0.792954 0.864624 0.981829 0.823922 0.771552 0.965953
0.594167 0.662629 0.377712 0.402500 0.894501 0.856200 0.445748 0.545967 0.653601 0.932508 0.753541 0.706395 0.468818 0.489334 0.410319 0.000000 0.766536 0.627049 0.526696 0.528898 0.578417 0.995170 0.337213 0.482380 0.590978 0.452757 0.804954 0.910598 0.665439 0.573330 0.399784 0.480463 0.400773 0.448623 0.519750 0.596657 0.411908 0.667217 0.947192 0.869745 0.819139 0.987748 0.677202 0.731312 0.742768 0.769088 0.658802 0.655726 0.841479 0.950370 0.797789 0.792367 0.814907 0.799767 0.723479 0.874291 0.762699 0.751414 0.673660 0.792616 0.515036 0.626903 0.677905 0.763320 0.396922 0.422657 0.465476 0.475737 0.827213 0.855803 0.539621 0.534422 0.789076 0.727429 0.772166 0.921253 0.726452 0.746826 0.648949 0.592664 0.583524 0.665267 0.563415 0.763225 0.366134 0.429485 0.792806 0.889540 0.783077 0.684559 0.623183 0.877566 0.713639 0.725360 0.664917 0.876305 0.661497 0.872581 0.732466 0.764154 0.774562 0.848565 0.835850 0.977552 0.609820 0.716680 0.851847 0.819046 0.774381 0.909608 0.894875 0.895909 0.997614 0.928139 0.860914 0.922049
0.316579 0.331584 0.799864 0.746566 0.780073 0.674848 0.512390 0.385402 0.618962 0.495953 0.405338 0.297090 0.489851 0.630955 0.781013 0.766536 0.000000 0.276636 0.553819 0.420405 0.899288 0.985594 0.928161 0.934431 0.758582 0.893592 0.887158 0.802387 0.301806 0.367378 0.936297 0.979971 0.543886 0.452684 0.787276 0.996701 0.865634 0.941687 0.951427 0.853956 0.756369 0.826715 0.666728 0.587633 0.526721 0.499303 0.568469 0.667769 0.664204 0.719691 0.666815 0.697502 0.840671 0.968711 0.757049 0.716542 0.368243 0.299227 0.351430 0.462946 0.453308 0.356274 0.373199 0.316588 0.866687 0.695109 0.565160 0.556357 0.597662 0.704352 0.663241 0.820666 0.817876 0.678196 0.907868 0.849849 0.637622 0.765373 0.654588 0.946425 0.285655 0.486173 0.848441 0.487679 0.739095 0.871873 0.941256 0.842825 0.790741 0.771777 0.720294 0.766727 0.750444 0.807734 0.599994 0.910306 0.577028 0.578019 0.444482 0.442742 0.643113 0.733729 0.473564 0.490970 0.463618 0.616837 0.961288 0.635674 0.718254 0.764289 0.714691 0.575520 0.578974 0.841531 0.704829 0.929967
0.340686 0.397404 0.750158 0.704605 0.864610 0.618732 0.448750 0.355601 0.638597 0.487799 0.385429 0.325353 0.471394 0.519892 0.703008 0.627049 0.276636 0.000000 0.494935 0.410390 0.927205 0.913638 0.879353 0.980518 0.807680 0.971378 0.894664 0.850893 0.276603 0.289321 0.822255 0.831323 0.484380 0.431496 0.764915 0.871204 0.703685 0.822555 0.938420 0.832722 0.835701 0.775848 0.672243 0.610125 0.492337 0.480064 0.604910 0.686527 0.733276 0.729088 0.634574 0.685505 0.799753 0.900582 0.743947 0.818180 0.372570 0.337562 0.413458 0.573044 0.451894 0.397231 0.372724 0.312083 0.849842 0.656022 0.505999 0.506058 0.622525 0.684322 0.632130 0.718797 0.756653 0.622575 0.988732 0.844962 0.647166 0.744573 0.534468 0.822807 0.241979 0.444737 0.776240 0.537659 0.730131 0.802609 0.931878 0.869711 0.747557 0.809521 0.634346 0.742388 0.643978 0.782823 0.726743 0.833374 0.548188 0.670463 0.434353 0.455539 0.538953 0.683374 0.429213 0.521746 0.440413 0.664682 0.897904 0.666017 0.676088 0.728264 0.706118 0.624904 0.658802 0.829338 0.747876 0.955974
0.389426 0.476075 0.408337 0.324904 0.892418 0.672077 0.293200 0.281431 0.708834 0.808114 0.474649 0.485525 0.422667 0.371478 0.694318 0.526696 0.553819 0.494935 0.000000 0.354393 0.907948 0.908153 0.478151 0.572254 0.805528 0.653665 0.965225 0.915922 0.575315 0.580360 0.456732 0.565156 0.279100 0.272705 0.449833 0.686708 0.583179 0.791104 0.923962 0.966941 0.807976 0.943753 0.506132 0.542990 0.573870 0.606233 0.457124 0.507169 0.937838 0.887181 0.801616 0.858793 0.867379 0.982684 0.659566 0.696581 0.506884 0.569316 0.552988 0.679158 0.473489 0.515938 0.521931 0.650627 0.527820 0.413078 0.343044 0.324113 0.743029 0.749560 0.502639 0.557577 0.790106 0.670086 0.764838 0.855713 0.626882 0.673589 0.706298 0.768771 0.529828 0.553362 0.639573 0.675531 0.439329 0.526616 0.916822 0.863993 0.699725 0.632783 0.599626 0.819656 0.673401 0.827637 0.796410 0.699020 0.611460 0.800176 0.535059 0.481747 0.605073 0.660210 0.688817 0.753851 0.564051 0.657661 0.940985 0.674074 0.698480 0.905979 0.806369 0.785099 0.741435 0.949099 0.908417 0.964255
0.368836 0.364045 0.553353 0.447925 0.976905 0.690408 0.413388 0.346871 0.710041 0.820938 0.509162 0.418003 0.453484 0.455479 0.739539 0.528898 0.420405 0.410390 0.354393 0.000000 0.856343 0.948895 0.631158 0.629160 0.846573 0.725417 0.977248 0.952222 0.451255 0.516019 0.602245 0.607714 0.335953 0.351617 0.672925 0.752775 0.658040 0.918155 0.942232 0.917871 0.805123 0.965291 0.562446 0.576422 0.599710 0.593455 0.530528 0.548633 0.865147 0.794719 0.809391 0.852418 0.939128 0.978555 0.680097 0.678880 0.409172 0.430563 0.567314 0.613674 0.500794 0.419542 0.520109 0.575304 0.607423 0.438776 0.494830 0.440387 0.594554 0.681063 0.603059 0.720982 0.774279 0.649871 0.767139 0.723040 0.651178 0.761784 0.614652 0.746961 0.412955 0.375662 0.585931 0.588836 0.476259 0.554641 0.854026 0.827545 0.816528 0.630910 0.729307 0.939736 0.788661 0.937494 0.704488 0.995781 0.606981 0.785622 0.608045 0.508460 0.698568 0.707009 0.606592 0.769775 0.478146 0.726866 0.978782 0.799817 0.741515 0.874645 0.847330 0.759164 0.804612 0.941278 0.804942 0.996953
0.973681 0.988351 0.649759 0.684739 0.992022 0.933402 0.848098 0.984119 0.911963 0.767254 0.818404 0.917655 0.834626 0.886589 0.657968 0.578417 0.899288 0.927205 0.907948 0.856343 0.000000 0.900963 0.562025 0.587631 0.551033 0.555113 0.663846 0.868287 0.843126 0.959095 0.680892 0.798882 0.784463 0.848360 0.807335 0.730362 0.635724 0.684590 0.894682 0.878759 0.761054 0.926511 0.847245 0.955826 0.992367 0.942078 0.903168 0.913851 0.733336 0.900475 0.982852 0.989511 0.960155 0.792128 0.884262 0.963699 0.962651 0.941790 0.998058 0.968609 0.893361 0.968688 0.917583 0.837341 0.541482 0.636853 0.747836 0.765981 0.847219 0.948705 0.735661 0.745075 0.972254 0.976509 0.925902 0.878150 0.951627 0.749219 0.949750 0.755936 0.970375 0.989077 0.650016 0.977184 0.651911 0.619128 0.575400 0.703600 0.963188 0.819808 0.858910 0.968410 0.969350 0.828060 0.861867 0.863635 0.954019 0.926465 0.970060 0.975230 0.940366 0.893067 0.893802 0.840669 0.948159 0.837527 0.904044 0.990804 0.968162 0.937387 0.785179 0.997351 0.728701 0.941140 0.858408 0.997250
0.950951 0.919562 0.941045 0.998179 0.983492 0.931005 0.989913 0.982795 0.967557 0.967636 0.893740 0.995315 0.953032 0.994445 0.869670 0.995170 0.985594 0.913638 0.908153 0.948895 0.900963 0.000000 0.970073 0.987680 0.928545 0.942267 0.821247 0.954260 0.975617 0.938433 0.950979 0.897903 0.982022 0.979032 0.940400 0.958972 0.890957 0.960587 0.982063 0.953966 0.783508 0.904604 0.963871 0.997009 0.872853 0.937778 0.993722 0.977252 0.931627 0.938238 0.751772 0.804458 0.894811 0.798193 0.974622 0.927707 0.904480 0.915016 0.927221 0.874113 0.935029 0.956936 0.983528 0.898606 0.985756 0.973925 0.970062 0.954703 0.806846 0.848985 0.924481 0.954295 0.877205 0.968744 0.910733 0.971319 0.907981 0.838157 0.909617 0.978411 0.966903 0.957284 0.747435 0.969735 0.998478 0.890308 0.998369 0.946638 0.825788 0.777388 0.949238 0.928862 0.932010 0.995979 0.761966 0.907167 0.906530 0.987136 0.902525 0.876311 0.995679 0.835057 0.879516 0.985165 0.785038 0.895318 0.953293 0.917875 0.952823 0.930710 0.749305 0.870385 0.963902 0.925115 0.782216 0.948491
0.697268 0.766822 0.282485 0.292008 0.839069 0.969884 0.453842 0.580813 0.717297 0.881010 0.878343 0.846006 0.479448 0.455714 0.398196 0.337213 0.928161 0.879353 0.478151 0.631158 0.562025 0.970073 0.000000 0.287742 0.411159 0.417721 0.724836 0.813807 0.961857 0.793445 0.275143 0.403298 0.374529 0.416343 0.441742 0.597290 0.479310 0.734960 0.849990 0.952275 0.837703 0.865796 0.634596 0.741208 0.890950 0.938706 0.679901 0.622262 0.645143 0.845477 0.945318 0.920090 0.898782 0.849813 0.734043 0.863809 0.885563 0.882166 0.787279 0.834665 0.544719 0.748766 0.749760 0.926665 0.254357 0.340441 0.434607 0.424058 0.857294 0.917409 0.556610 0.511902 0.896763 0.894995 0.753450 0.868133 0.800709 0.632162 0.861136 0.697324 0.802990 0.819432 0.482125 0.865560 0.261257 0.316323 0.739897 0.777088 0.692452 0.501065 0.723751 0.928818 0.797888 0.822387 0.746157 0.823936 0.787892 0.974240 0.853526 0.803836 0.866634 0.877544 0.983221 0.936413 0.722949 0.635876 0.967262 0.831166 0.894848 0.939186 0.948182 0.937612 0.891860 0.961871 0.871726 0.976409
0.888144 0.810106 0.424509 0.342697 0.912993 0.951668 0.664206 0.738685 0.983814 0.579631 0.978028 0.976131 0.688693 0.573452 0.703920 0.482380 0.934431 0.980518 0.572254 0.629160 0.587631 0.987680 0.287742 0.000000 0.320700 0.372528 0.671967 0.762232 0.872091 0.962564 0.337161 0.334602 0.514656 0.598409 0.623863 0.594594 0.622807 0.794021 0.759375 0.980047 0.936694 0.749495 0.744393 0.857808 0.997038 0.962613 0.725588 0.692282 0.677119 0.862948 0.958453 0.894488 0.917451 0.959077 0.734205 0.901306 0.910221 0.981175 0.933572 0.988131 0.771349 0.836690 0.982163 0.853714 0.359101 0.331394 0.625358 0.530594 0.898704 0.959691 0.796072 0.759408 0.999026 0.978969 0.707945 0.804878 0.992907 0.818980 0.934118 0.621197 0.934927 0.731915 0.446245 0.905661 0.340001 0.252908 0.679720 0.517601 0.776572 0.534721 0.966690 0.797208 0.951757 0.866439 0.760074 0.927568 0.936805 0.930321 0.893735 0.991385 0.971524 0.938047 0.767959 0.736667 0.899028 0.896426 0.858471 0.857205 0.976800 0.866448 0.950709 0.879561 0.743743 0.934706 0.920099 0.851639
0.890623 0.995807 0.455247 0.476393 0.980785 0.843430 0.794765 0.941525 0.998293 0.590848 0.722656 0.705223 0.965270 0.921066 0.741734 0.590978 0.758582 0.807680 0.805528 0.846573 0.551033 0.928545 0.411159 0.320700 0.000000 0.283104 0.581911 0.782832 0.708894 0.847627 0.386281 0.467790 0.726424 0.794679 0.647329 0.588706 0.546563 0.697732 0.690900 0.945193 0.903769 0.770280 0.789477 0.911460 0.994958 0.936729 0.820878 0.824656 0.767639 0.962954 0.899694 0.956417 0.979945 0.859142 0.729029 0.935728 0.878237 0.867660 0.747584 0.786699 0.959856 0.874337 0.773469 0.646800 0.414524 0.557920 0.728302 0.721053 0.841176 0.864558 0.787595 0.794470 0.947697 0.950811 0.841166 0.915859 0.954337 0.773186 0.956106 0.771902 0.921193 0.822318 0.484585 0.950617 0.492354 0.368219 0.756106 0.618382 0.842547 0.645949 0.953953 0.861700 0.965141 0.922994 0.774497 0.981162 0.900368 0.899468 0.843361 0.896667 0.815542 0.844609 0.787686 0.694927 0.997883 0.986695 0.980689 0.902140 0.947564 0.907950 0.933342 0.817662 0.697943 0.990013 0.978408 0.762830
0.936468 0.856057 0.366869 0.386091 0.915485 0.964378 0.611771 0.763598 0.857136 0.718421 0.885483 0.890320 0.854358 0.832026 0.705625 0.452757 0.893592 0.971378 0.653665 0.725417 0.555113 0.942267 0.417721 0.372528 0.283104 0.000000 0.763704 0.834428 0.918077 0.981244 0.353953 0.409566 0.623215 0.709840 0.657712 0.516527 0.423325 0.643880 0.853655 0.997940 0.895939 0.880067 0.613094 0.745866 0.765869 0.798781 0.655193 0.637414 0.971003 0.839089 0.733313 0.834998 0.784962 0.726351 0.567968 0.879911 0.960521 0.974986 0.937386 0.874323 0.899799 0.969416 0.857022 0.751561 0.382216 0.522793 0.610481 0.627736 0.785837 0.965258 0.687534 0.670934 0.715967 0.804045 0.938026 0.946226 0.796907 0.712681 0.899644 0.710131 0.933491 0.737915 0.554043 0.856308 0.486392 0.395758 0.781899 0.684022 0.846430 0.687283 0.764238 0.961630 0.807945 0.881300 0.764996 0.918889 0.743483 0.995826 0.970414 0.947494 0.986492 0.979499 0.928866 0.882610 0.902198 0.896494 0.936758 0.985418 0.894891 0.968778 0.976226 0.931178 0.882979 0.915264 0.968141 0.866072
0.859194 0.969326 0.854143 0.823428 0.906373 0.901196 0.947964 0.877067 0.905198 0.761015 0.765443 0.854880 0.997520 0.963790 0.877929 0.804954 0.887158 0.894664 0.965225 0.977248 0.663846 0.821247 0.724836 0.671967 0.581911 0.763704 0.000000 0.822451 0.703678 0.882734 0.793367 0.852917 0.922310 0.952003 0.891381 0.701729 0.793163 0.857547 0.745635 0.898642 0.707811 0.914672 0.945221 0.927760 0.826447 0.750863 0.932743 0.878426 0.659961 0.809837 0.994710 0.891026 0.834912 0.938487 0.992197 0.854241 0.974066 0.956264 0.861495 0.930647 0.944117 0.894531 0.918029 0.866031 0.740743 0.724569 0.866931 0.824256 0.997450 0.887775 0.935983 0.928057 0.793436 0.814786 0.872117 0.994622 0.976490 0.864254 0.946070 0.885157 0.994380 0.997831 0.750868 0.802945 0.761967 0.673024 0.866283 0.917955 0.858896 0.818540 0.956751 0.871322 0.971089 0.963828 0.798347 0.932458 0.974920 0.986107 0.941859 0.877954 0.789120 0.819190 0.896808 0.866306 0.954469 0.958140 0.899907 0.959387 0.908377 0.772769 0.864810 0.898847 0.746414 0.974561 0.880880 0.836819
0.908475 0.883920 0.871239 0.840234 0.892967 0.864000 0.973262 0.966615 0.994933 0.821244 0.856703 0.858112 0.944757 0.950573 0.877938 0.910598 0.802387 0.850893 0.915922 0.952222 0.868287 0.954260 0.813807 0.762232 0.782832 0.834428 0.822451 0.000000 0.801492 0.820619 0.741527 0.880045 0.892650 0.991300 0.850211 0.881589 0.798823 0.917664 0.884514 0.972604 0.923462 0.846385 0.961823 0.988570 0.943549 0.891335 0.999388 0.966116 0.795145 0.887694 0.958147 0.925362 0.954231 0.952846 0.991746 0.898971 0.911454 0.810301 0.895526 0.863712 0.933450 0.825675 0.857456 0.758687 0.867840 0.857845 0.875395 0.831868 0.909725 0.936102 0.978697 0.874152 0.963861 0.986290 0.964945 0.894042 0.965341 0.956751 0.989311 0.900526 0.849589 0.941415 0.973762 0.829488 0.880504 0.797663 0.998046 0.857756 0.933669 0.843814 0.894386 0.934756 0.904795 0.974884 0.907908 0.794656 0.942234 0.902763 0.923922 0.925211 0.941504 0.953364 0.958707 0.955559 0.992246 0.942338 0.973073 0.969938 0.874252 0.664103 0.956349 0.871403 0.856196 0.988025 0.839589 0.903805
0.348360 0.444362 0.776078 0.783971 0.832677 0.710673 0.486471 0.374258 0.540172 0.448990 0.364337 0.319812 0.485613 0.589327 0.730311 0.665439 0.301806 0.276603 0.575315 0.451255 0.843126 0.975617 0.961857 0.872091 0.708894 0.918077 0.703678 0.801492 0.000000 0.317713 0.897775 0.991458 0.533225 0.510393 0.799633 0.899455 0.818178 0.930717 0.804391 0.935875 0.877688 0.750471 0.723373 0.660659 0.511040 0.465782 0.669075 0.647823 0.617191 0.662463 0.687176 0.675917 0.768608 0.918281 0.748030 0.634843 0.472188 0.400724 0.365203 0.535741 0.420034 0.366155 0.361337 0.302099 0.916449 0.807144 0.640942 0.666167 0.672481 0.630711 0.691360 0.762462 0.708301 0.611269 0.916611 0.914608 0.647010 0.854968 0.513059 0.917679 0.335522 0.510751 0.884344 0.525076 0.794312 0.961343 0.962246 0.822964 0.792400 0.860651 0.696149 0.766958 0.750907 0.792151 0.758441 0.891260 0.512196 0.755390 0.462608 0.463025 0.586608 0.746271 0.483919 0.582282 0.488604 0.665805 0.836850 0.680227 0.577219 0.656571 0.634001 0.667862 0.553403 0.816668 0.814114 0.915305
0.382896 0.527458 0.723186 0.717142 0.809299 0.739219 0.483158 0.426177 0.554284 0.519121 0.336935 0.316144 0.344193 0.445283 0.615633 0.573330 0.367378 0.289321 0.580360 0.516019 0.959095 0.938433 0.793445 0.962564 0.847627 0.981244 0.882734 0.820619 0.317713 0.000000 0.855210 0.901184 0.500221 0.437564 0.794155 0.973601 0.796452 0.818819 0.967684 0.806449 0.937463 0.856296 0.878420 0.787600 0.701861 0.707978 0.767411 0.792268 0.924835 0.938495 0.835669 0.858100 0.929535 0.970005 0.849817 0.909140 0.530687 0.481398 0.433247 0.566375 0.376392 0.379308 0.276281 0.252917 0.811957 0.673650 0.609508 0.585510 0.760148 0.872434 0.700382 0.848536 0.976898 0.838904 0.910067 0.974049 0.712439 0.764156 0.583093 0.780201 0.272987 0.507450 0.784200 0.517240 0.668543 0.786397 0.903374 0.849907 0.706497 0.766000 0.762253 0.876190 0.785169 0.845893 0.800705 0.825503 0.691866 0.830216 0.561592 0.626129 0.632449 0.839049 0.606991 0.693658 0.529742 0.717810 0.914556 0.837777 0.776383 0.784143 0.753191 0.710829 0.783526 0.988339 0.771921 0.980969
0.723758 0.745056 0.306940 0.329711 0.933483 0.967656 0.469793 0.558274 0.805504 0.860329 0.857800 0.907394 0.605738 0.539452 0.523671 0.399784 0.936297 0.822255 0.456732 0.602245 0.680892 0.950979 0.275143 0.337161 0.386281 0.353953 0.793367 0.741527 0.897775 0.855210 0.000000 0.317039 0.383121 0.494880 0.469891 0.654719 0.453091 0.686056 0.910075 0.987310 0.821823 0.962975 0.628562 0.720653 0.773785 0.813416 0.674149 0.679964 0.821268 0.988303 0.866263 0.939147 0.901681 0.894047 0.699235 0.811247 0.810085 0.816242 0.847037 0.948007 0.630912 0.792983 0.830729 0.987288 0.369716 0.447536 0.492714 0.482117 0.755694 0.838589 0.639071 0.532348 0.773446 0.771915 0.794127 0.884666 0.870381 0.769642 0.791437 0.633456 0.812413 0.690945 0.503671 0.853483 0.365401 0.366715 0.779213 0.742652 0.742902 0.554790 0.753833 0.977846 0.805095 0.923726 0.663095 0.846085 0.705049 0.882960 0.901599 0.786837 0.862682 0.826346 0.988924 0.948509 0.692322 0.715413 0.966285 0.862524 0.878073 0.996741 0.923698 0.945757 0.946649 0.954256 0.887768 0.867680
0.827196 0.805777 0.487248 0.467188 0.889195 0.985634 0.633727 0.705571 0.985158 0.726223 0.903496 0.967368 0.708205 0.595550 0.762536 0.480463 0.979971 0.831323 0.565156 0.607714 0.798882 0.897903 0.403298 0.334602 0.467790 0.409566 0.852917 0.880045 0.991458 0.901184 0.317039 0.000000 0.518477 0.603994 0.690037 0.612940 0.611818 0.835037 0.773229 0.971626 0.946569 0.813011 0.746845 0.767885 0.912075 0.897997 0.749689 0.734104 0.805578 0.926723 0.974399 0.941139 0.935230 0.957225 0.759250 0.972021 0.821974 0.870876 0.953268 0.920950 0.785854 0.869386 0.924965 0.935233 0.511042 0.489515 0.653128 0.576857 0.893909 0.991540 0.861609 0.761675 0.844133 0.812142 0.821720 0.800247 0.962437 0.836079 0.853640 0.608896 0.835431 0.684201 0.594095 0.898007 0.479214 0.391008 0.818536 0.682245 0.912039 0.736413 0.912442 0.849020 0.936805 0.924800 0.744428 0.868560 0.920737 0.973750 0.973393 0.944935 0.868046 0.883347 0.904693 0.863046 0.849629 0.963041 0.899847 0.982507 0.899159 0.895913 0.936679 0.892833 0.822091 0.952846 0.932546 0.861571
0.358172 0.427558 0.391433 0.344785 0.815594 0.708139 0.316698 0.304850 0.642350 0.872006 0.502858 0.456925 0.322175 0.271965 0.480540 0.400773 0.543886 0.484380 0.279100 0.335953 0.784463 0.982022 0.374529 0.514656 0.726424 0.623215 0.922310 0.892650 0.533225 0.500221 0.383121 0.518477 0.000000 0.262402 0.489904 0.700145 0.496581 0.768570 0.918351 0.906149 0.789978 0.980324 0.576483 0.635439 0.643532 0.684763 0.546345 0.575061 0.920049 0.981712 0.855610 0.887716 0.933877 0.981685 0.730427 0.714320 0.482145 0.485431 0.485899 0.555921 0.314474 0.411377 0.418120 0.546635 0.399920 0.317364 0.341112 0.297626 0.708060 0.711543 0.560295 0.537010 0.801325 0.733669 0.746800 0.851574 0.673240 0.667154 0.603635 0.690216 0.460947 0.526743 0.542646 0.627672 0.310590 0.396562 0.874856 0.870609 0.657921 0.504642 0.696684 0.941374 0.756987 0.901669 0.777041 0.747136 0.637056 0.823480 0.590372 0.547750 0.709288 0.728638 0.723955 0.813483 0.514208 0.599916 0.944040 0.765859 0.718038 0.860372 0.795867 0.833452 0.860907 0.947584 0.850816 0.926570
0.294968 0.402449 0.358129 0.340419 0.786134 0.684803 0.264205 0.267438 0.545868 0.719260 0.440336 0.400738 0.315434 0.340089 0.525590 0.448623 0.452684 0.431496 0.272705 0.351617 0.848360 0.979032 0.416343 0.598409 0.794679 0.709840 0.952003 0.991300 0.510393 0.437564 0.494880 0.603994 0.262402 0.000000 0.447895 0.764730 0.561426 0.779250 0.903991 0.930634 0.833715 0.895418 0.513097 0.522008 0.574511 0.605750 0.478983 0.502434 0.972397 0.886565 0.761115 0.766604 0.826076 0.914130 0.642268 0.756010 0.483221 0.488353 0.431357 0.545839 0.335173 0.417039 0.399685 0.488962 0.454109 0.359093 0.300949 0.281342 0.615631 0.729290 0.470748 0.531652 0.829201 0.711006 0.772400 0.880844 0.642034 0.594914 0.612611 0.753893 0.406041 0.499264 0.520187 0.580369 0.375625 0.474998 0.934179 0.931594 0.560357 0.531122 0.601961 0.792932 0.647579 0.768827 0.702441 0.795444 0.595731 0.835020 0.480343 0.446943 0.639670 0.683396 0.616590 0.674182 0.468896 0.547140 0.953212 0.657547 0.690256 0.771992 0.741398 0.750641 0.767660 0.929085 0.739906 0.935795
0.612006 0.738415 0.389025 0.389725 0.703812 0.842659 0.413729 0.481120 0.653686 0.819387 0.760931 0.732027 0.586896 0.581143 0.561429 0.519750 0.787276 0.764915 0.449833 0.672925 0.807335 0.940400 0.441742 0.623863 0.647329 0.657712 0.891381 0.850211 0.799633 0.794155 0.469891 0.690037 0.489904 0.447895 0.000000 0.736358 0.606364 0.733040 0.899795 0.917092 0.793778 0.785076 0.523267 0.608645 0.641907 0.728734 0.577353 0.579054 0.934294 0.916914 0.746199 0.783188 0.715214 0.778541 0.686058 0.717161 0.804571 0.843237 0.651265 0.817547 0.581783 0.736867 0.742575 0.826923 0.391882 0.469833 0.331298 0.425138 0.834217 0.909447 0.443013 0.489058 0.750791 0.709974 0.957638 0.900795 0.641915 0.589823 0.779475 0.865608 0.742645 0.774864 0.652194 0.799101 0.468848 0.548292 0.788777 0.992300 0.744856 0.666186 0.470059 0.688698 0.565758 0.598444 0.711354 0.743551 0.596292 0.759164 0.631245 0.605742 0.717014 0.726251 0.731963 0.865679 0.672448 0.526010 0.998412 0.639782 0.682954 0.776623 0.776898 0.943451 0.887960 0.890395 0.889955 0.903040
0.919344 0.850948 0.671589 0.609471 0.984777 0.954121 0.735288 0.795258 0.955086 0.889732 0.894570 0.972467 0.888864 0.755824 0.756677 0.596657 0.996701 0.871204 0.686708 0.752775 0.730362 0.958972 0.597290 0.594594 0.588706 0.516527 0.701729 0.881589 0.899455 0.973601 0.654719 0.612940 0.700145 0.764730 0.736358 0.000000 0.514331 0.783509 0.814562 0.885632 0.711686 0.909446 0.662390 0.811986 0.819200 0.911590 0.789605 0.781779 0.878967 0.955266 0.762305 0.831302 0.816205 0.760018 0.806159 0.978106 0.882015 0.929638 0.988645 0.897920 0.968497 0.991626 0.969976 0.888197 0.633978 0.598664 0.606758 0.574823 0.933759 0.896965 0.676121 0.623457 0.833767 0.834064 0.953039 0.991659 0.726845 0.830074 0.968864 0.972297 0.901399 0.919669 0.616925 0.942345 0.610990 0.570393 0.870347 0.846502 0.899380 0.787053 0.710464 0.887734 0.701908 0.819714 0.868917 0.783779 0.862915 0.795259 0.854402 0.894754 0.841919 0.858930 0.855731 0.956892 0.843531 0.928190 0.960426 0.867682 0.894903 0.930178 0.975777 0.924656 0.908140 0.989548 0.881734 0.939754
0.683746 0.747450 0.411247 0.486680 0.882486 0.830132 0.522397 0.639216 0.704763 0.968964 0.919465 0.913629 0.718845 0.674422 0.464977 0.411908 0.865634 0.703685 0.583179 0.658040 0.635724 0.890957 0.479310 0.622807 0.546563 0.423325 0.793163 0.798823 0.818178 0.796452 0.453091 0.611818 0.496581 0.561426 0.606364 0.514331 0.000000 0.534470 0.819801 0.896085 0.745336 0.968547 0.642579 0.746433 0.694089 0.756665 0.635642 0.689261 0.938526 0.849195 0.684360 0.722864 0.732900 0.718151 0.715401 0.800449 0.824628 0.789114 0.750031 0.925600 0.705235 0.828323 0.823849 0.908760 0.487163 0.581217 0.487344 0.486811 0.813027 0.835600 0.558188 0.490881 0.727651 0.735404 0.956838 0.973236 0.700188 0.737108 0.680406 0.863558 0.716643 0.802593 0.570061 0.781687 0.492273 0.522657 0.885708 0.925818 0.722344 0.634503 0.619340 0.762979 0.624965 0.738897 0.797323 0.876794 0.663444 0.854610 0.705165 0.709482 0.833310 0.858551 0.777757 0.926763 0.585886 0.754780 0.790183 0.684033 0.800693 0.923300 0.885391 0.839044 0.895327 0.808838 0.938025 0.917176
0.858998 0.970711 0.659439 0.691896 0.811027 0.919473 0.706594 0.805200 0.752117 0.964018 0.967039 0.974799 0.774463 0.880165 0.673830 0.667217 0.941687 0.822555 0.791104 0.918155 0.684590 0.960587 0.734960 0.794021 0.697732 0.643880 0.857547 0.917664 0.930717 0.818819 0.686056 0.835037 0.768570 0.779250 0.733040 0.783509 0.534470 0.000000 0.900874 0.982689 0.856214 0.937644 0.810458 0.869002 0.802127 0.891609 0.827960 0.855453 0.890652 0.986921 0.855205 0.883666 0.844468 0.819230 0.782778 0.950650 0.987003 0.963884 0.835210 0.978450 0.833690 0.961488 0.892162 0.933290 0.703555 0.791246 0.653835 0.709066 0.933859 0.998049 0.660546 0.712471 0.768875 0.916531 0.869509 0.900522 0.881105 0.923693 0.948433 0.897200 0.870832 0.892081 0.771806 0.913854 0.798007 0.769901 0.933623 0.954058 0.847478 0.993006 0.666890 0.771252 0.682927 0.730794 0.914347 0.915925 0.738156 0.838675 0.848314 0.889027 0.973017 0.860481 0.904330 0.905850 0.853846 0.821197 0.737137 0.792766 0.810364 0.952258 0.936674 0.847313 0.904066 0.678231 0.853972 0.782989
