0.000000 0.354640 0.810721 0.674601 0.918586 0.975753 0.883475 0.704749 0.852202 0.967990 0.445037 0.374516 0.592220 0.460238 0.754116 0.656994 0.427805 0.365329 0.509568 0.368335 0.859528 0.937749 0.829164 0.779401 0.846058 0.878820 0.997483 0.892574 0.547541 0.490023 0.854414 0.831008 0.488771 0.531622 0.915932 0.943164 0.717118 0.673961 0.740944 0.840065 0.854698 0.613651 0.948866 0.793348 0.976447 0.917962 0.756776 0.741073 0.891182 0.850601 0.999313 0.906431 0.953997 0.860695 0.719827 0.822422 0.376119 0.343094 0.704450 0.702338 0.675005 0.723043 0.597881 0.472191 0.938768 0.938706 0.841336 0.884657 0.365129 0.468886 0.835311 0.934757 0.768793 0.801237 0.751901 0.936645 0.822631 0.965276 0.530591 0.608233 0.405624 0.457301 0.466846 0.482496 0.525236 0.636150 0.969261 0.974874 0.850098 0.631192 0.811867 0.709848 0.791761 0.676421 0.987973 0.944263 0.962101 0.775630 0.967477 0.989917 0.833828 0.942677 0.863893 0.659974 0.947786 0.725425 0.993996 0.929690 0.920432 0.770881 0.971336 0.947820 0.974273 0.760540 0.956525 0.906582
0.354640 0.000000 0.764419 0.602676 0.852271 0.866030 0.780809 0.594352 0.964803 0.870036 0.574905 0.417960 0.720907 0.528955 0.862118 0.723370 0.513093 0.442684 0.461533 0.406171 0.941931 0.989302 0.857726 0.840932 0.867635 0.845507 0.987662 0.822856 0.620588 0.681424 0.837385 0.834170 0.550683 0.542747 0.927189 0.984473 0.669861 0.596397 0.744713 0.874995 0.880273 0.628685 0.810462 0.620806 0.870890 0.763238 0.711274 0.709447 0.731364 0.700243 0.824889 0.780561 0.878808 0.972645 0.798064 0.770838 0.271497 0.258938 0.763022 0.781118 0.744850 0.665940 0.710480 0.553617 0.930077 0.987915 0.854146 0.899221 0.500742 0.466989 0.779030 0.848780 0.893703 0.925654 0.893037 0.969129 0.692200 0.950759 0.518850 0.628935 0.436076 0.500311 0.591070 0.488744 0.570160 0.735109 0.981734 0.907266 0.866201 0.641776 0.987200 0.923678 0.997436 0.881812 0.856837 0.921241 0.884761 0.821464 0.878247 0.858614 0.879424 0.980182 0.822785 0.724163 0.981628 0.809627 0.915831 0.796099 0.982081 0.667932 0.817631 0.933240 0.829230 0.602320 0.981855 0.977013
0.810721 0.764419 0.000000 0.503813 0.986487 0.739912 0.846332 0.733499 0.598111 0.995930 0.996405 0.765283 0.568280 0.721558 0.537161 0.507137 0.907151 0.940579 0.854985 0.752461 0.759495 0.887958 0.501602 0.604617 0.504243 0.548548 0.746127 0.939084 0.990412 0.933547 0.587697 0.645204 0.850686 0.914806 0.665353 0.847277 0.619930 0.837959 0.759031 0.724449 0.921027 0.874765 0.852928 0.857771 0.924100 0.978414 0.786412 0.837782 0.885729 0.952664 0.991361 0.889197 0.988688 0.980991 0.825432 0.959870 0.895911 0.844673 0.942027 0.917815 0.764764 0.532003 0.835088 0.937419 0.454989 0.534088 0.994853 0.890647 0.766982 0.850385 0.642624 0.735877 0.776411 0.856617 0.957054 0.991792 0.650095 0.911446 0.946866 0.813194 0.963317 0.917929 0.877814 0.881912 0.676595 0.618823 0.965514 0.709313 0.776891 0.744886 0.993449 0.964004 0.938490 0.939379 0.838649 0.819101 0.728412 0.973567 0.931565 0.906337 0.666315 0.956739 0.944736 0.907950 0.941818 0.856597 0.782234 0.921118 0.784161 0.940008 0.984890 0.923882 0.875897 0.885867 0.650190 0.947639
0.674601 0.602676 0.503813 0.000000 0.943667 0.863838 0.879417 0.502069 0.852342 0.988638 0.958974 0.557700 0.642672 0.570540 0.665787 0.514579 0.938472 0.869768 0.765039 0.715955 0.614855 0.806963 0.576590 0.472429 0.470576 0.503422 0.680258 0.913728 0.924086 0.939576 0.666114 0.668761 0.775073 0.856516 0.817676 0.859933 0.581674 0.700512 0.602338 0.772814 0.977855 0.730067 0.986234 0.855249 0.749457 0.860165 0.971860 0.948056 0.771347 0.939064 0.893937 0.953831 0.913624 0.863181 0.888943 0.898924 0.711908 0.653646 0.947128 0.938844 0.881756 0.601384 0.967308 0.870002 0.553951 0.621059 0.967709 0.981915 0.631081 0.718071 0.757139 0.772058 0.941196 0.984148 0.933424 0.993533 0.694957 0.999137 0.843236 0.952267 0.934231 0.858220 0.779378 0.768491 0.762410 0.562749 0.967567 0.818102 0.731790 0.557269 0.914580 0.774569 0.979229 0.876346 0.878370 0.840896 0.920842 0.930997 0.921041 0.988018 0.750820 0.847537 0.863332 0.973803 0.810680 0.800856 0.834414 0.981715 0.883147 0.892107 0.934170 0.789451 0.919000 0.843430 0.785033 0.918756
0.918586 0.852271 0.986487 0.943667 0.000000 0.922582 0.757463 0.916510 0.945267 0.912001 0.870747 0.967220 0.837091 0.976817 0.944832 0.964182 0.980220 0.975447 0.922090 0.841071 0.956534 0.999343 0.858399 0.909297 0.976264 0.918444 0.895692 0.847132 0.948910 0.887892 0.766237 0.972953 0.943849 0.857145 0.836733 0.781269 0.911640 0.801993 0.983804 0.874612 0.823999 0.806659 0.932804 0.939976 0.976206 0.982200 0.991999 0.995132 0.958515 0.949905 0.974580 0.995242 0.977348 0.934739 0.898714 0.921852 0.797443 0.857249 0.813289 0.840764 0.763459 0.964948 0.846837 0.920286 0.992403 0.852554 0.786051 0.724460 0.956089 0.747717 0.872793 0.945080 0.882223 0.790898 0.947745 0.946714 0.975487 0.711908 0.887064 0.950710 0.919400 0.863602 0.990544 0.936483 0.996149 0.958049 0.979473 0.910213 0.831035 0.899288 0.948362 0.964973 0.946203 0.928315 0.942734 0.877248 0.929866 0.998618 0.933016 0.820995 0.881335 0.835026 0.891980 0.899725 0.806783 0.708107 0.967732 0.977075 0.874575 0.900827 0.931465 0.915951 0.987221 0.798887 0.755716 0.946719
0.975753 0.866030 0.739912 0.863838 0.922582 0.000000 0.935616 0.979682 0.838337 0.942567 0.862683 0.992676 0.806205 0.900556 0.713187 0.717770 0.782617 0.769327 0.787699 0.983112 0.925246 0.810977 0.846326 0.749447 0.762498 0.701121 0.796424 0.674453 0.787007 0.941520 0.861233 0.977432 0.906527 0.807531 0.936374 0.915586 0.805051 0.967932 0.901797 0.849350 0.828621 0.952110 0.973744 0.893640 0.801236 0.793558 0.903455 0.861405 0.762347 0.857339 0.832237 0.904703 0.973966 0.945598 0.838279 0.998138 0.685203 0.792810 0.800810 0.985328 0.981830 0.746290 0.779390 0.836262 0.741257 0.656940 0.854963 0.957877 0.945335 0.939521 0.776289 0.803487 0.762084 0.869653 0.851646 0.907220 0.926676 0.960930 0.896270 0.917079 0.848900 0.991112 0.951507 0.897221 0.867686 0.855134 0.987107 0.962896 0.849573 0.917977 0.906452 0.945481 0.908117 0.819285 0.987562 0.927107 0.817825 0.916506 0.981644 0.905065 0.992646 0.943652 0.963263 0.825427 0.947329 0.955035 0.863921 0.975263 0.794207 0.901940 0.991797 0.948727 0.894973 0.868550 0.968494 0.929517
0.883475 0.780809 0.846332 0.879417 0.757463 0.935616 0.000000 0.363399 0.791290 0.425690 0.809123 0.740903 0.752495 0.991752 0.945754 0.911122 0.730967 0.762208 0.594394 0.964319 0.820349 0.985158 0.791335 0.690263 0.675599 0.786712 0.744962 0.539303 0.737734 0.809829 0.656716 0.885645 0.574315 0.442721 0.856380 0.865896 0.852791 0.716708 0.729562 0.769950 0.871328 0.938760 0.470359 0.478144 0.492096 0.478829 0.565126 0.528939 0.536064 0.514087 0.500267 0.493623 0.639971 0.639718 0.923916 0.781229 0.780746 0.733562 0.409541 0.491085 0.369618 0.729104 0.502204 0.513126 0.794073 0.863389 0.320462 0.392244 0.952357 0.969864 0.682653 0.743174 0.972116 0.967191 0.989745 0.859998 0.574679 0.933071 0.672421 0.930591 0.891003 0.849722 0.951618 0.953417 0.969846 0.761823 0.989992 0.717509 0.933529 0.921729 0.656012 0.644339 0.685861 0.713010 0.787428 0.940144 0.752350 0.655629 0.408493 0.457533 0.669781 0.620585 0.579439 0.599979 0.741240 0.724287 0.792938 0.663516 0.863135 0.813367 0.536318 0.593193 0.470990 0.721680 0.583819 0.950320
0.704749 0.594352 0.733499 0.502069 0.916510 0.979682 0.363399 0.000000 0.825778 0.503913 0.850400 0.510113 0.615320 0.708034 0.819849 0.766288 0.718416 0.717922 0.572748 0.801348 0.957194 0.850903 0.665603 0.930049 0.982486 0.945435 0.977975 0.709931 0.859262 0.840838 0.593829 0.789972 0.552785 0.498529 0.835442 0.941578 0.905766 0.965800 0.948831 0.893997 0.905215 0.866575 0.596912 0.499800 0.727244 0.654128 0.631110 0.634362 0.746088 0.632446 0.645941 0.627216 0.715629 0.745948 0.886060 0.724049 0.658339 0.591168 0.561323 0.587175 0.442044 0.527906 0.617775 0.523180 0.950206 0.908451 0.494650 0.550218 0.870725 0.801507 0.612793 0.680556 0.984266 0.990060 0.906943 0.916362 0.553548 0.995640 0.594589 0.927368 0.864863 0.989053 0.889849 0.932554 0.880154 0.935046 0.976792 0.694429 0.868993 0.794687 0.748404 0.850665 0.724695 0.869635 0.802988 0.951563 0.730043 0.670529 0.582627 0.588326 0.842151 0.845541 0.755871 0.658462 0.677200 0.770053 0.764141 0.712116 0.842954 0.766374 0.603595 0.797561 0.558983 0.726882 0.663864 0.923881
0.852202 0.964803 0.598111 0.852342 0.945267 0.838337 0.791290 0.825778 0.000000 0.714975 0.853683 0.970326 0.848161 0.965031 0.665240 0.793992 0.751260 0.754107 0.930303 0.957239 0.959562 0.871492 0.682477 0.966900 0.830331 0.761215 0.962655 0.874247 0.972737 0.841519 0.647450 0.864575 0.927956 0.979755 0.751267 0.900382 0.820720 0.989210 0.976925 0.951202 0.978595 0.983639 0.575479 0.749005 0.831933 0.893023 0.771369 0.895523 0.915058 0.857881 0.832269 0.815998 0.801632 0.751798 0.992750 0.968593 0.906491 0.922753 0.909023 0.957819 0.823920 0.603923 0.774957 0.850989 0.741466 0.763668 0.966390 0.945892 0.861090 0.759616 0.527480 0.554298 0.750573 0.773836 0.899892 0.846141 0.662679 0.722896 0.965199 0.940858 0.798236 0.867781 0.753171 0.820135 0.926643 0.938063 0.837409 0.734632 0.988948 0.978686 0.577930 0.616178 0.695993 0.693450 0.874637 0.837009 0.789231 0.994370 0.653035 0.636907 0.976060 0.775256 0.885483 0.916377 0.843714 0.882569 0.681373 0.869225 0.878898 0.923496 0.818366 0.940988 0.746466 0.862194 0.784117 0.673217
0.967990 0.870036 0.995930 0.988638 0.912001 0.942567 0.425690 0.503913 0.714975 0.000000 0.892002 0.828319 0.851930 0.928917 0.943563 0.939299 0.866081 0.928221 0.746044 0.907323 0.875022 0.960793 0.902151 0.706003 0.691400 0.812815 0.740318 0.596736 0.822655 0.964391 0.636157 0.827017 0.664733 0.645351 0.951605 0.922747 0.856647 0.725688 0.790820 0.787762 0.975461 0.992317 0.431590 0.475965 0.481851 0.472024 0.558043 0.653159 0.489540 0.528103 0.480975 0.496157 0.539219 0.583075 0.972094 0.875319 0.843075 0.837572 0.544676 0.636561 0.509292 0.704276 0.671538 0.622397 0.732566 0.739154 0.491446 0.605912 0.841125 0.898470 0.637142 0.632508 0.983053 0.885309 0.968773 0.842368 0.561009 0.827977 0.702120 0.986877 0.967362 0.708692 0.777437 0.709736 0.803091 0.612597 0.847926 0.564470 0.872877 0.834855 0.610772 0.578436 0.659235 0.689625 0.888019 0.945374 0.668544 0.683246 0.397421 0.502813 0.654894 0.633567 0.521859 0.628331 0.788510 0.837716 0.901830 0.715784 0.885954 0.745373 0.510530 0.704606 0.568354 0.791723 0.763829 0.914525
0.445037 0.574905 0.996405 0.958974 0.870747 0.862683 0.809123 0.850400 0.853683 0.892002 0.000000 0.536694 0.752337 0.707187 0.918875 0.919322 0.396720 0.363303 0.571735 0.450773 0.993880 0.893368 0.975548 0.906938 0.937867 0.916246 0.934965 0.829998 0.450973 0.405565 0.806936 0.829181 0.574861 0.544175 0.933918 0.965082 0.980419 0.867877 0.976613 0.971431 0.803074 0.663741 0.894411 0.912090 0.957186 0.997256 0.843651 0.851218 0.918467 0.988998 0.912727 0.955151 0.830579 0.803329 0.871007 0.981852 0.522145 0.522904 0.733823 0.721563 0.735652 0.939759 0.485780 0.438884 0.760990 0.837439 0.854312 0.891274 0.466424 0.614615 0.929641 0.964411 0.756520 0.702936 0.855545 0.870283 0.881798 0.749760 0.635296 0.844940 0.546079 0.693039 0.652223 0.607261 0.820325 0.932828 0.940187 0.988086 0.874717 0.966745 0.771772 0.725073 0.685475 0.743961 0.941173 0.869412 0.935394 0.783280 0.981424 0.984017 0.981833 0.948462 0.803500 0.627198 0.941981 0.626684 0.904920 0.928277 0.975912 0.850400 0.961376 0.954019 0.948999 0.889716 0.987076 0.869781
0.374516 0.417960 0.765283 0.557700 0.967220 0.992676 0.740903 0.510113 0.970326 0.828319 0.536694 0.000000 0.461163 0.370540 0.644236 0.519817 0.468469 0.398221 0.435679 0.415979 0.846216 0.943808 0.609567 0.750556 0.832796 0.885030 0.972446 0.799300 0.585641 0.496270 0.648530 0.636568 0.461725 0.521515 0.978870 0.978369 0.675582 0.712468 0.806228 0.969352 0.827492 0.672841 0.888221 0.702085 0.983404 0.935866 0.724774 0.783189 0.944499 0.933861 0.954481 0.921522 0.999930 0.983572 0.793969 0.806377 0.475066 0.425053 0.746772 0.787519 0.582548 0.573968 0.571245 0.421574 0.960622 0.899508 0.799437 0.838536 0.453159 0.570267 0.654428 0.686566 0.695027 0.772175 0.823921 0.994441 0.717416 0.879965 0.460763 0.734036 0.496457 0.570074 0.547158 0.547821 0.600785 0.710007 0.988321 0.885916 0.823889 0.660306 0.969779 0.800369 0.927272 0.808277 0.973387 0.919316 0.904759 0.764718 0.877369 0.881269 0.943103 0.966272 0.882368 0.622073 0.784529 0.677991 0.969248 0.807558 0.881119 0.744473 0.960817 0.956341 0.864534 0.799550 0.842703 0.913882
0.592220 0.720907 0.568280 0.642672 0.837091 0.806205 0.752495 0.615320 0.848161 0.851930 0.752337 0.461163 0.000000 0.466954 0.419121 0.425969 0.744669 0.702015 0.643162 0.625827 0.781957 0.979002 0.431434 0.678483 0.727091 0.810003 0.943839 0.836828 0.726158 0.619370 0.502223 0.639520 0.559962 0.637395 0.828288 0.977869 0.759934 0.938893 0.818710 0.952099 0.937713 0.869291 0.821751 0.773785 0.967967 0.910695 0.688200 0.736650 0.998132 0.911422 0.916430 0.809933 0.899498 0.906853 0.788749 0.843813 0.834269 0.738238 0.797935 0.785738 0.493169 0.493768 0.742514 0.660128 0.716755 0.699251 0.799348 0.718875 0.620326 0.745673 0.589878 0.690803 0.640055 0.724156 0.854924 0.996023 0.724062 0.838977 0.686214 0.692417 0.749101 0.745423 0.749877 0.741973 0.571109 0.627544 0.894290 0.848997 0.672175 0.678448 0.967513 0.898915 0.900702 0.837754 0.978756 0.853073 0.719410 0.841627 0.838014 0.842988 0.898324 0.851585 0.916428 0.717280 0.794628 0.733551 0.934215 0.954213 0.675471 0.898670 0.933668 0.974369 0.877124 0.881255 0.655095 0.995432
0.460238 0.528955 0.721558 0.570540 0.976817 0.900556 0.991752 0.708034 0.965031 0.928917 0.707187 0.370540 0.466954 0.000000 0.578339 0.392619 0.589603 0.527494 0.609439 0.453458 0.766147 0.939806 0.605076 0.564855 0.642243 0.729344 0.996869 0.988352 0.731560 0.558663 0.746329 0.639684 0.564482 0.776359 0.920209 0.998955 0.583652 0.583973 0.655002 0.749882 0.914274 0.680685 0.963659 0.902001 0.859141 0.904794 0.905929 0.965942 0.871075 0.935790 0.962573 0.973975 0.961857 0.992430 0.799414 0.838254 0.630184 0.577079 0.981180 0.988051 0.769618 0.543111 0.797725 0.644542 0.795287 0.742918 0.981631 0.997843 0.499854 0.556747 0.653188 0.732055 0.658433 0.842871 0.768993 0.860263 0.849928 0.945824 0.647733 0.752969 0.524698 0.519065 0.494218 0.503700 0.496062 0.507301 0.833293 0.982990 0.662263 0.578956 0.936957 0.743113 0.885475 0.768376 0.983979 0.893463 0.918143 0.891339 0.958004 0.916673 0.819653 0.970514 0.931039 0.720283 0.900496 0.822932 0.946677 0.913809 0.846418 0.854511 0.959994 0.951093 0.946075 0.862204 0.980267 0.888549
0.754116 0.862118 0.537161 0.665787 0.944832 0.713187 0.945754 0.819849 0.665240 0.943563 0.918875 0.644236 0.419121 0.578339 0.000000 0.386384 0.902493 0.890874 0.750877 0.724753 0.708860 0.862270 0.411173 0.616249 0.666325 0.799129 0.936601 0.975641 0.785298 0.666110 0.481296 0.579103 0.632797 0.844199 0.802333 0.881064 0.673368 0.950851 0.838170 0.821190 0.951379 0.955710 0.869217 0.859693 0.921863 0.955346 0.759403 0.790743 0.876012 0.937567 0.972411 0.904754 0.988963 0.984588 0.837593 0.930232 0.959741 0.906745 0.995192 0.923558 0.672978 0.604368 0.915853 0.841023 0.636429 0.652473 0.986527 0.890734 0.690129 0.900721 0.571514 0.690765 0.639083 0.825219 0.846664 0.957165 0.783759 0.768602 0.811407 0.735851 0.810815 0.804522 0.770554 0.857301 0.576810 0.653206 0.986075 0.872674 0.766577 0.856392 0.934384 0.837060 0.787599 0.796751 0.971342 0.987513 0.874909 0.931985 0.961408 0.962021 0.751952 0.962258 0.934095 0.887185 0.894846 0.712115 0.886881 0.998229 0.686475 0.897185 0.937569 0.862598 0.934832 0.948254 0.674140 0.986887
0.656994 0.723370 0.507137 0.514579 0.964182 0.717770 0.911122 0.766288 0.793992 0.939299 0.919322 0.519817 0.425969 0.392619 0.386384 0.000000 0.927057 0.863896 0.758535 0.614280 0.685558 0.907169 0.398965 0.398506 0.469945 0.590921 0.805271 0.946129 0.911390 0.742476 0.573800 0.559498 0.728746 0.946672 0.793791 0.880146 0.539173 0.685545 0.577443 0.738421 0.990962 0.775611 0.979749 0.941751 0.790888 0.844369 0.850662 0.967249 0.737841 0.835714 0.870300 0.965324 0.982323 0.960814 0.786243 0.936761 0.864633 0.836813 0.855764 0.947687 0.792103 0.473803 0.920078 0.921883 0.505322 0.487863 0.890290 0.992910 0.657833 0.701391 0.569155 0.692264 0.566347 0.812180 0.850080 0.914261 0.879602 0.910551 0.827484 0.783154 0.828178 0.696341 0.624713 0.706031 0.498333 0.432285 0.922762 0.904735 0.697369 0.601228 0.911991 0.752021 0.833769 0.747568 0.993025 0.991348 0.868880 0.980130 0.919923 0.943731 0.660770 0.958247 0.828120 0.967656 0.961357 0.855325 0.924519 0.954423 0.800908 0.899514 0.918601 0.764764 0.909057 0.992365 0.818303 0.960594
0.427805 0.513093 0.907151 0.938472 0.980220 0.782617 0.730967 0.718416 0.751260 0.866081 0.396720 0.468469 0.744669 0.589603 0.902493 0.927057 0.000000 0.256131 0.481255 0.456390 0.965502 0.900913 0.989715 0.856208 0.800642 0.735883 0.857001 0.794126 0.382865 0.337458 0.887886 0.875324 0.460402 0.466193 0.851921 0.890686 0.914876 0.880581 0.987950 0.974068 0.780312 0.714256 0.982215 0.721707 0.853800 0.799999 0.747224 0.731135 0.736814 0.767993 0.853285 0.817804 0.942616 0.988877 0.886807 0.781634 0.422364 0.405453 0.600706 0.745989 0.636257 0.945433 0.344091 0.290697 0.646043 0.714810 0.677030 0.809756 0.520960 0.593045 0.904675 0.983776 0.841613 0.850903 0.811845 0.936618 0.862694 0.907419 0.465397 0.741833 0.370603 0.642548 0.587619 0.602527 0.763669 0.941257 0.979609 0.993594 0.956554 0.909353 0.885592 0.793118 0.815611 0.777125 0.928454 0.744866 0.983844 0.716864 0.865756 0.909939 0.942797 0.994777 0.736731 0.475558 0.884760 0.706413 0.947651 0.810441 0.934730 0.742392 0.983586 0.872049 0.855671 0.816176 0.964793 0.808076
0.365329 0.442684 0.940579 0.869768 0.975447 0.769327 0.762208 0.717922 0.754107 0.928221 0.363303 0.398221 0.702015 0.527494 0.890874 0.863896 0.256131 0.000000 0.395611 0.381626 0.985462 0.877009 0.913812 0.972185 0.884210 0.832072 0.894364 0.807893 0.386893 0.352736 0.877975 0.823095 0.441437 0.413405 0.882802 0.949475 0.894817 0.795788 0.955557 0.932203 0.829993 0.665707 0.991225 0.742423 0.913460 0.841649 0.793589 0.729006 0.800188 0.865216 0.929006 0.912671 0.968413 0.923288 0.920242 0.826093 0.370101 0.368994 0.611344 0.743864 0.660072 0.910606 0.370386 0.315000 0.737834 0.808682 0.713746 0.802902 0.471712 0.559208 0.913347 0.989309 0.823594 0.852675 0.791565 0.926526 0.928526 0.890683 0.464553 0.746695 0.353730 0.533982 0.522195 0.463173 0.694774 0.845555 0.966417 0.944792 0.987783 0.826177 0.837389 0.718085 0.759216 0.717252 0.949770 0.871425 0.915949 0.728263 0.931998 0.941381 0.985282 0.999512 0.799246 0.510123 0.885434 0.666835 0.910907 0.826274 0.998981 0.811695 0.957891 0.909966 0.915221 0.754489 0.963547 0.832665
0.509568 0.461533 0.854985 0.765039 0.922090 0.787699 0.594394 0.572748 0.930303 0.746044 0.571735 0.435679 0.643162 0.609439 0.750877 0.758535 0.481255 0.395611 0.000000 0.500454 0.981550 0.942878 0.630285 0.975301 0.955739 0.864096 0.879340 0.680446 0.460938 0.503358 0.662682 0.680675 0.403644 0.386571 0.935077 0.896991 0.811003 0.883138 0.999127 0.965890 0.987152 0.796175 0.631027 0.514888 0.710165 0.643744 0.543222 0.533801 0.662848 0.728279 0.749532 0.702960 0.902657 0.914144 0.970382 0.874716 0.426304 0.444760 0.526622 0.624324 0.502521 0.716665 0.478499 0.403687 0.903834 0.969879 0.588840 0.579050 0.690028 0.736115 0.746640 0.815941 0.877969 0.851596 0.869863 0.964298 0.780699 0.819541 0.503402 0.763436 0.530690 0.694595 0.673101 0.579980 0.650711 0.837747 0.983760 0.904220 0.939709 0.835764 0.979922 0.884991 0.856654 0.810163 0.875144 0.929028 0.996500 0.685595 0.727370 0.669059 0.955754 0.880785 0.741872 0.540024 0.903963 0.644501 0.975822 0.839808 0.906593 0.736563 0.824003 0.838794 0.745241 0.612842 0.758873 0.970277
0.368335 0.406171 0.752461 0.715955 0.841071 0.983112 0.964319 0.801348 0.957239 0.907323 0.450773 0.415979 0.625827 0.453458 0.724753 0.614280 0.456390 0.381626 0.500454 0.000000 0.852718 0.959965 0.760832 0.727326 0.814009 0.866913 0.902085 0.886731 0.547443 0.486305 0.798730 0.776362 0.588609 0.627447 0.960134 0.984005 0.666361 0.618340 0.786534 0.791522 0.820389 0.580785 0.938717 0.884066 0.886734 0.955717 0.836439 0.852909 0.974449 0.983336 0.891235 0.935004 0.857478 0.773232 0.843921 0.912595 0.441330 0.419109 0.884486 0.863048 0.806239 0.722687 0.684654 0.565299 0.923381 0.893264 0.984495 0.959477 0.391764 0.446616 0.867148 0.955276 0.670246 0.802535 0.771465 0.875101 0.844776 0.933672 0.608634 0.682615 0.466473 0.442199 0.542985 0.397465 0.528974 0.633129 0.909426 0.979650 0.899453 0.683143 0.815461 0.653794 0.733680 0.676859 0.943106 0.934017 0.945635 0.824118 0.903822 0.936932 0.780640 0.892773 0.987006 0.754487 0.986074 0.773568 0.949498 0.935859 0.906475 0.782133 0.944497 0.895814 0.950422 0.798401 0.971670 0.856560
0.859528 0.941931 0.759495 0.614855 0.956534 0.925246 0.820349 0.957194 0.959562 0.875022 0.993880 0.846216 0.781957 0.766147 0.708860 0.685558 0.965502 0.985462 0.981550 0.852718 0.000000 0.870879 0.737106 0.625762 0.672305 0.782730 0.934907 0.863033 0.962966 0.964539 0.822829 0.696391 0.928830 0.974821 0.918635 0.871126 0.753076 0.908384 0.773996 0.842501 0.882776 0.918291 0.796418 0.917832 0.738412 0.785131 0.885492 0.910779 0.703783 0.768282 0.798763 0.826881 0.841897 0.837189 0.925007 0.852232 0.981337 0.936003 0.778512 0.858162 0.902658 0.891491 0.897279 0.959815 0.752645 0.758899 0.781707 0.771635 0.746633 0.878104 0.973356 0.960726 0.993964 0.959123 0.963085 0.933251 0.868149 0.957714 0.962231 0.957352 0.964312 0.926840 0.865241 0.927542 0.895190 0.707776 0.952685 0.866029 0.868684 0.781446 0.869919 0.728053 0.852801 0.841395 0.975686 0.900448 0.932438 0.894128 0.798285 0.822687 0.752652 0.851009 0.754493 0.911278 0.941876 0.965190 0.936163 0.892249 0.907063 0.930483 0.811237 0.654381 0.740768 0.965271 0.869401 0.935675
0.937749 0.989302 0.887958 0.806963 0.999343 0.810977 0.985158 0.850903 0.871492 0.960793 0.893368 0.943808 0.979002 0.939806 0.862270 0.907169 0.900913 0.877009 0.942878 0.959965 0.870879 0.000000 0.993354 0.911055 0.998155 0.921232 0.864504 0.902453 0.822651 0.944819 0.877913 0.953778 0.971685 0.916923 0.845086 0.920403 0.896694 0.950393 0.843666 0.794425 0.874908 0.929966 0.969755 0.879983 0.993449 0.983296 0.942038 0.985256 0.996277 0.925836 0.909532 0.927884 0.896722 0.884102 0.848585 0.868582 0.956593 0.983278 0.909822 0.947224 0.974675 0.949038 0.959369 0.927758 0.916447 0.965605 0.933784 0.955109 0.918986 0.967402 0.989777 0.917865 0.882344 0.809556 0.887308 0.949096 0.944717 0.956717 0.997737 0.952267 0.906090 0.942340 0.993091 0.974790 0.972678 0.961042 0.924281 0.982358 0.956367 0.997944 0.893891 0.959741 0.899774 0.980470 0.999939 0.984298 0.802695 0.962324 0.974542 0.913925 0.960127 0.945903 0.991778 0.908035 0.912851 0.943401 0.853269 0.848332 0.947690 0.934842 0.976910 0.877789 0.981383 0.927238 0.925780 0.971683
0.829164 0.857726 0.501602 0.576590 0.858399 0.846326 0.791335 0.665603 0.682477 0.902151 0.975548 0.609567 0.431434 0.605076 0.411173 0.398965 0.989715 0.913812 0.630285 0.760832 0.737106 0.993354 0.000000 0.557707 0.626512 0.750401 0.918268 0.875521 0.849189 0.774198 0.415250 0.466969 0.671265 0.807217 0.832376 0.898548 0.757133 0.902803 0.876187 0.952823 0.934855 0.937804 0.755818 0.788753 0.961499 0.982615 0.720581 0.800579 0.849392 0.872141 0.972719 0.943224 0.989991 0.992445 0.981259 0.991406 0.952155 0.934640 0.923473 0.893807 0.615553 0.511854 0.948847 0.858903 0.592059 0.535469 0.863528 0.752226 0.838789 0.918545 0.582485 0.637784 0.630531 0.854663 0.915037 0.987940 0.801321 0.822639 0.845174 0.842408 0.945998 0.868134 0.753051 0.803042 0.605859 0.615954 0.968466 0.889353 0.742214 0.696560 0.961223 0.856104 0.865317 0.901359 0.863386 0.941833 0.870894 0.869128 0.897126 0.831712 0.836560 0.916445 0.917456 0.920585 0.840640 0.732001 0.933405 0.953295 0.738576 0.969745 0.897637 0.900040 0.912907 0.914260 0.532578 0.995612
0.779401 0.840932 0.604617 0.472429 0.909297 0.749447 0.690263 0.930049 0.966900 0.706003 0.906938 0.750556 0.678483 0.564855 0.616249 0.398506 0.856208 0.972185 0.975301 0.727326 0.625762 0.911055 0.557707 0.000000 0.345521 0.455021 0.631961 0.782050 0.829665 0.994793 0.828331 0.728897 0.977385 0.842093 0.784039 0.845519 0.624495 0.599027 0.527050 0.613151 0.957388 0.745852 0.802940 0.868069 0.582838 0.650262 0.878360 0.878234 0.541586 0.659072 0.660289 0.721670 0.790567 0.717204 0.962753 0.987567 0.960280 0.938021 0.698701 0.866544 0.883974 0.655220 0.707547 0.817502 0.411368 0.416283 0.710574 0.820983 0.715691 0.754264 0.853881 0.923042 0.836702 0.928231 0.863736 0.922048 0.993346 0.960942 0.927869 0.902373 0.976876 0.740005 0.699429 0.741511 0.626294 0.361474 0.932007 0.904897 0.594526 0.488583 0.755690 0.612710 0.780079 0.731648 0.994806 0.875108 0.995278 0.882120 0.671180 0.772552 0.574796 0.727125 0.660500 0.820912 0.988371 0.980483 0.935875 0.804084 0.933566 0.998648 0.847320 0.623280 0.713973 0.969142 0.932437 0.917001
0.846058 0.867635 0.504243 0.470576 0.976264 0.762498 0.675599 0.982486 0.830331 0.691400 0.937867 0.832796 0.727091 0.642243 0.666325 0.469945 0.800642 0.884210 0.955739 0.814009 0.672305 0.998155 0.626512 0.345521 0.000000 0.352092 0.622079 0.683179 0.804730 0.940615 0.777935 0.700831 0.905494 0.787107 0.840484 0.840293 0.587416 0.578223 0.496143 0.625618 0.938638 0.761926 0.761064 0.803563 0.517698 0.567572 0.845382 0.802244 0.492508 0.632863 0.597944 0.676373 0.744587 0.713656 0.927291 0.881649 0.986374 0.984444 0.619875 0.847497 0.841499 0.670200 0.592334 0.743110 0.354362 0.403700 0.630477 0.754816 0.690136 0.829090 0.822758 0.913148 0.755080 0.799344 0.980525 0.918743 0.919774 0.903930 0.811797 0.957721 0.899315 0.855617 0.802643 0.828178 0.710874 0.393772 0.950726 0.962362 0.635425 0.595363 0.712520 0.656458 0.750972 0.760090 0.960189 0.871627 0.969703 0.848097 0.657970 0.726873 0.563614 0.762780 0.704413 0.759938 0.940487 0.925276 0.925435 0.745739 0.889232 0.996888 0.836977 0.553602 0.811576 0.905550 0.916989 0.959109
0.878820 0.845507 0.548548 0.503422 0.918444 0.701121 0.786712 0.945435 0.761215 0.812815 0.916246 0.885030 0.810003 0.729344 0.799129 0.590921 0.735883 0.832072 0.864096 0.866913 0.782730 0.921232 0.750401 0.455021 0.352092 0.000000 0.684618 0.745137 0.755808 0.816814 0.879620 0.876206 0.846250 0.758238 0.756396 0.763696 0.652215 0.570087 0.530196 0.775317 0.977257 0.741960 0.843240 0.807153 0.604991 0.634356 0.806311 0.773674 0.603211 0.754167 0.701920 0.739511 0.852190 0.810303 0.936153 0.964952 0.974786 0.970386 0.599173 0.831602 0.827092 0.669255 0.577823 0.713746 0.416706 0.512317 0.649651 0.730969 0.754910 0.833736 0.783050 0.834266 0.821423 0.864450 0.910080 0.972636 0.880597 0.984505 0.808353 0.938179 0.884553 0.876984 0.926908 0.875426 0.781856 0.559679 0.941277 0.995645 0.671138 0.618179 0.926307 0.876381 0.988534 0.990142 0.928188 0.846756 0.875099 0.830273 0.798383 0.781726 0.725601 0.932391 0.824428 0.790030 0.959056 0.964075 0.873872 0.888744 0.908233 0.997036 0.956296 0.696683 0.909001 0.933533 0.967404 0.938097
0.997483 0.987662 0.746127 0.680258 0.895692 0.796424 0.744962 0.977975 0.962655 0.740318 0.934965 0.972446 0.943839 0.996869 0.936601 0.805271 0.857001 0.894364 0.879340 0.902085 0.934907 0.864504 0.918268 0.631961 0.622079 0.684618 0.000000 0.706610 0.789348 0.889542 0.991389 0.980438 0.819824 0.836321 0.937944 0.937335 0.751223 0.750125 0.794528 0.799926 0.946777 0.757300 0.773677 0.891639 0.626320 0.688552 0.881300 0.881125 0.695775 0.779368 0.665982 0.755781 0.705481 0.701355 0.972814 0.942268 0.972927 0.969739 0.774971 0.885503 0.776717 0.960373 0.737687 0.808831 0.654609 0.762544 0.685716 0.742991 0.857350 0.822631 0.941622 0.928366 0.977422 0.992782 0.954065 0.944422 0.898855 0.925948 0.871389 0.976213 0.789705 0.953123 0.882678 0.863096 0.989313 0.704930 0.915092 0.888044 0.857273 0.696529 0.747529 0.787437 0.817905 0.880090 0.824344 0.995438 0.951112 0.938379 0.718300 0.877523 0.730727 0.778433 0.849426 0.731016 0.973956 0.991160 0.831780 0.834091 0.935085 0.961019 0.879291 0.724296 0.884661 0.863971 0.958537 0.896388
0.892574 0.822856 0.939084 0.913728 0.847132 0.674453 0.539303 0.709931 0.874247 0.596736 0.829998 0.799300 0.836828 0.988352 0.975641 0.946129 0.794126 0.807893 0.680446 0.886731 0.863033 0.902453 0.875521 0.782050 0.683179 0.745137 0.706610 0.000000 0.720686 0.837997 0.872482 0.960699 0.694370 0.632373 0.784828 0.920419 0.864727 0.832593 0.765826 0.830235 0.972562 0.839066 0.632446 0.651303 0.576562 0.571351 0.604872 0.647470 0.570466 0.607650 0.608376 0.602841 0.784665 0.775897 0.884997 0.879307 0.761650 0.778284 0.541870 0.634659 0.548672 0.841848 0.627411 0.694897 0.839878 0.861081 0.535027 0.591823 0.901233 0.917136 0.888327 0.931205 0.997564 0.985647 0.931725 0.936127 0.728367 0.858957 0.863301 0.787776 0.852679 0.976543 0.934624 0.947692 0.961131 0.819499 0.972487 0.814904 0.906154 0.854079 0.863018 0.841665 0.917895 0.999072 0.942404 0.849691 0.882730 0.782443 0.627224 0.600680 0.951178 0.750114 0.761268 0.715044 0.903423 0.941985 0.904668 0.912733 0.929242 0.924625 0.793237 0.783409 0.733137 0.844359 0.831026 0.915077
0.547541 0.620588 0.990412 0.924086 0.948910 0.787007 0.737734 0.859262 0.972737 0.822655 0.450973 0.585641 0.726158 0.731560 0.785298 0.911390 0.382865 0.386893 0.460938 0.547443 0.962966 0.822651 0.849189 0.829665 0.804730 0.755808 0.789348 0.720686 0.000000 0.318652 0.742658 0.764063 0.494883 0.467535 0.924523 0.992207 0.982538 0.937184 0.896628 0.945637 0.870804 0.872885 0.868445 0.761184 0.764377 0.750700 0.661395 0.626718 0.711530 0.795008 0.812121 0.754052 0.943507 0.958428 0.957339 0.943517 0.540605 0.552097 0.605616 0.671226 0.583867 0.923129 0.416292 0.400177 0.698226 0.783393 0.691469 0.738949 0.593583 0.765067 0.831493 0.995255 0.724560 0.727463 0.880132 0.940485 0.900126 0.820679 0.544436 0.825003 0.467258 0.716025 0.659792 0.702642 0.765029 0.985403 0.997869 0.944829 0.895899 0.975760 0.864575 0.831526 0.737422 0.783589 0.961929 0.881428 0.986830 0.766924 0.827988 0.858260 0.966564 0.920033 0.703884 0.547309 0.927465 0.647689 0.971825 0.830839 0.897047 0.858011 0.989997 0.881423 0.794338 0.795516 0.892852 0.872761
0.490023 0.681424 0.933547 0.939576 0.887892 0.941520 0.809829 0.840838 0.841519 0.964391 0.405565 0.496270 0.619370 0.558663 0.666110 0.742476 0.337458 0.352736 0.503358 0.486305 0.964539 0.944819 0.774198 0.994793 0.940615 0.816814 0.889542 0.837997 0.318652 0.000000 0.721545 0.694949 0.485358 0.530349 0.965985 0.957095 0.900683 0.905324 0.994797 0.877370 0.873428 0.795440 0.927423 0.874426 0.993994 0.946894 0.751969 0.759650 0.934352 0.976201 0.993858 0.917792 0.923579 0.917785 0.831621 0.888564 0.608278 0.598613 0.700625 0.752318 0.598100 0.892784 0.415071 0.383648 0.780438 0.893871 0.750830 0.791314 0.485426 0.704981 0.823487 0.996006 0.665202 0.697020 0.723772 0.867263 0.914439 0.841251 0.581980 0.796629 0.461586 0.683347 0.557384 0.619698 0.721108 0.851295 0.969117 0.972117 0.937784 0.954167 0.742782 0.665855 0.609386 0.660329 0.928940 0.847355 0.953784 0.783086 0.989886 0.997954 0.935698 0.978364 0.850675 0.556008 0.901479 0.606118 0.929397 0.911553 0.852799 0.889942 0.889157 0.955508 0.961597 0.952485 0.874281 0.824994
0.854414 0.837385 0.587697 0.666114 0.766237 0.861233 0.656716 0.593829 0.647450 0.636157 0.806936 0.648530 0.502223 0.746329 0.481296 0.573800 0.887886 0.877975 0.662682 0.798730 0.822829 0.877913 0.415250 0.828331 0.777935 0.879620 0.991389 0.872482 0.742658 0.721545 0.000000 0.463700 0.596630 0.686971 0.976062 0.944989 0.844642 0.990220 0.936123 0.945384 0.976162 0.911284 0.673299 0.681397 0.893539 0.855688 0.669662 0.671743 0.984768 0.958044 0.852635 0.809921 0.863796 0.862357 0.959746 0.955417 0.901870 0.898585 0.821679 0.788270 0.537736 0.559116 0.803790 0.705817 0.826937 0.753032 0.753039 0.665018 0.846151 0.934232 0.539558 0.617986 0.652659 0.764898 0.894304 0.940829 0.673437 0.686752 0.718172 0.961879 0.908681 0.970133 0.890919 0.999291 0.798112 0.849380 0.876868 0.697220 0.871430 0.912154 0.929927 0.994772 0.938368 0.996598 0.903052 0.916364 0.810073 0.802514 0.775338 0.717186 0.987835 0.844864 0.877386 0.779618 0.821687 0.650175 0.760230 0.799172 0.706405 0.964130 0.752515 0.986816 0.828958 0.904957 0.587553 0.961203
0.831008 0.834170 0.645204 0.668761 0.972953 0.977432 0.885645 0.789972 0.864575 0.827017 0.829181 0.636568 0.639520 0.639684 0.579103 0.559498 0.875324 0.823095 0.680675 0.776362 0.696391 0.953778 0.466969 0.728897 0.700831 0.876206 0.980438 0.960699 0.764063 0.694949 0.463700 0.000000 0.625637 0.803304 0.989399 0.858198 0.836649 0.814706 0.920903 0.841345 0.943841 0.866396 0.857490 0.793725 0.999419 0.967972 0.725980 0.891076 0.955764 0.874856 0.964669 0.951765 0.984997 0.991484 0.973217 0.951327 0.802245 0.909816 0.970054 0.996673 0.762245 0.724220 0.855409 0.765140 0.899295 0.847857 0.930866 0.917860 0.786619 0.915162 0.746663 0.685666 0.824790 0.841226 0.994426 0.877220 0.748502 0.757227 0.783664 0.967820 0.859418 0.986788 0.764149 0.854209 0.865692 0.817844 0.843386 0.666164 0.918339 0.893311 0.904915 0.790063 0.775856 0.860225 0.991891 0.971182 0.962794 0.821127 0.961576 0.987680 0.887741 0.932763 0.975206 0.811086 0.996816 0.734930 0.992173 0.895019 0.860228 0.981002 0.879495 0.863371 0.934096 0.888252 0.633123 0.903511
0.488771 0.550683 0.850686 0.775073 0.943849 0.906527 0.574315 0.552785 0.927956 0.664733 0.574861 0.461725 0.559962 0.564482 0.632797 0.728746 0.460402 0.441437 0.403644 0.588609 0.928830 0.971685 0.671265 0.977385 0.905494 0.846250 0.819824 0.694370 0.494883 0.485358 0.596630 0.625637 0.000000 0.411983 0.872996 0.949978 0.881664 0.938283 0.919585 0.983659 0.930902 0.764942 0.709409 0.530080 0.670968 0.615238 0.586758 0.553082 0.650020 0.653915 0.625216 0.588786 0.732956 0.763721 0.850515 0.747533 0.509468 0.510104 0.550219 0.704375 0.428918 0.686836 0.416881 0.365554 0.857371 0.897408 0.547655 0.624118 0.672572 0.732718 0.678216 0.718694 0.823480 0.904062 0.792728 0.881524 0.781565 0.760143 0.463619 0.744090 0.494888 0.730313 0.628966 0.656344 0.689801 0.897542 0.989843 0.808043 0.941507 0.867312 0.904083 0.988663 0.977900 0.918803 0.948229 0.856663 0.956824 0.604398 0.626210 0.673371 0.985610 0.867993 0.715502 0.441348 0.868077 0.652425 0.994601 0.762510 0.907849 0.809078 0.733621 0.812291 0.758720 0.616716 0.668126 0.935943
0.531622 0.542747 0.914806 0.856516 0.857145 0.807531 0.442721 0.498529 0.979755 0.645351 0.544175 0.521515 0.637395 0.776359 0.844199 0.946672 0.466193 0.413405 0.386571 0.627447 0.974821 0.916923 0.807217 0.842093 0.787107 0.758238 0.836321 0.632373 0.467535 0.530349 0.686971 0.803304 0.411983 0.000000 0.985837 0.870671 0.953685 0.945266 0.915131 0.918116 0.944575 0.881420 0.704864 0.525148 0.604788 0.542720 0.552990 0.423321 0.583948 0.622417 0.647383 0.582394 0.831115 0.866374 0.857651 0.763547 0.491187 0.479769 0.371508 0.453102 0.383365 0.798766 0.340826 0.355278 0.820840 0.875756 0.421444 0.463224 0.719463 0.791668 0.871163 0.948673 0.960133 0.903773 0.846200 0.994952 0.746178 0.836589 0.517429 0.790608 0.613505 0.849166 0.749351 0.722518 0.825628 0.971393 0.963355 0.809855 0.982193 0.944003 0.997488 0.979708 0.934789 0.869837 0.885844 0.933335 0.964046 0.604576 0.643283 0.611266 0.888402 0.866106 0.609519 0.487688 0.842247 0.620782 0.972568 0.838820 0.873057 0.827496 0.725410 0.820522 0.733100 0.630201 0.677210 0.880745
0.915932 0.927189 0.665353 0.817676 0.836733 0.936374 0.856380 0.835442 0.751267 0.951605 0.933918 0.978870 0.828288 0.920209 0.802333 0.793791 0.851921 0.882802 0.935077 0.960134 0.918635 0.845086 0.832376 0.784039 0.840484 0.756396 0.937944 0.784828 0.924523 0.965985 0.976062 0.989399 0.872996 0.985837 0.000000 0.921504 0.972394 0.955593 0.972527 0.795517 0.773722 0.959037 0.858001 0.905708 0.894473 0.868686 0.823195 0.781175 0.938919 0.792954 0.843901 0.794764 0.914948 0.903899 0.843265 0.835480 0.944652 0.942420 0.956712 0.800937 0.797403 0.722841 0.932057 0.916003 0.700644 0.756489 0.844636 0.804220 0.954518 0.975269 0.787060 0.971223 0.988710 0.957559 0.968302 0.822333 0.809087 0.976636 0.911251 0.917783 0.940462 0.956764 0.983963 0.942587 0.815816 0.812015 0.898709 0.934934 0.931704 0.833499 0.920225 0.905473 0.922465 0.985125 0.992655 0.839850 0.860752 0.978511 0.854029 0.847870 0.699531 0.910865 0.956076 0.987399 0.895812 0.931751 0.964407 0.876702 0.995617 0.972177 0.954215 0.990006 0.817573 0.854397 0.898661 0.968476
0.943164 0.984473 0.847277 0.859933 0.781269 0.915586 0.865896 0.941578 0.900382 0.922747 0.965082 0.978369 0.977869 0.998955 0.881064 0.880146 0.890686 0.949475 0.896991 0.984005 0.871126 0.920403 0.898548 0.845519 0.840293 0.763696 0.937335 0.920419 0.992207 0.957095 0.944989 0.858198 0.949978 0.870671 0.921504 0.000000 0.916330 0.952883 0.975796 0.970488 0.813053 0.959235 0.857062 0.842532 0.774721 0.810909 0.920982 0.845502 0.830820 0.815242 0.786053 0.852019 0.742070 0.759255 0.963796 0.969328 0.999223 0.941758 0.816198 0.954839 0.862167 0.964320 0.883037 0.901417 0.849906 0.900850 0.805357 0.801186 0.892773 0.974373 0.983003 0.980157 0.940006 0.977345 0.944386 0.974366 0.888783 0.926627 0.946417 0.959383 0.973835 0.919111 0.980711 0.949626 0.994719 0.990249 0.996390 0.869636 0.902145 0.927416 0.909056 0.779816 0.870124 0.952452 0.918185 0.915938 0.956130 0.861298 0.813723 0.713204 0.815089 0.928558 0.809222 0.818618 0.931237 0.998338 0.945061 0.858046 0.854818 0.920568 0.879215 0.666712 0.980279 0.932005 0.947078 0.927069
0.717118 0.669861 0.619930 0.581674 0.911640 0.805051 0.852791 0.905766 0.820720 0.856647 0.980419 0.675582 0.759934 0.583652 0.673368 0.539173 0.914876 0.894817 0.811003 0.666361 0.753076 0.896694 0.757133 0.624495 0.587416 0.652215 0.751223 0.864727 0.982538 0.900683 0.844642 0.836649 0.881664 0.953685 0.972394 0.916330 0.000000 0.622911 0.698797 0.717082 0.822626 0.800617 0.980808 0.906531 0.790744 0.871239 0.956583 0.982018 0.842325 0.919576 0.881826 0.936816 0.967026 0.999190 0.828157 0.962593 0.774810 0.718548 0.763368 0.833081 0.960973 0.637928 0.790145 0.997264 0.646936 0.696733 0.741023 0.870113 0.674864 0.709862 0.776120 0.697570 0.761369 0.869775 0.970626 0.966201 0.863354 0.929644 0.832726 0.833004 0.818254 0.727732 0.793320 0.762629 0.633566 0.591364 0.975123 0.946239 0.733024 0.633485 0.967296 0.952817 0.968179 0.976237 0.982731 0.863235 0.935498 0.979859 0.946519 0.954580 0.739067 0.935540 0.975254 0.988371 0.900437 0.951147 0.953446 0.972208 0.828121 0.887192 0.870419 0.969027 0.908529 0.901212 0.987922 0.944934
0.673961 0.596397 0.837959 0.700512 0.801993 0.967932 0.716708 0.965800 0.989210 0.725688 0.867877 0.712468 0.938893 0.583973 0.950851 0.685545 0.880581 0.795788 0.883138 0.618340 0.908384 0.950393 0.902803 0.599027 0.578223 0.570087 0.750125 0.832593 0.937184 0.905324 0.990220 0.814706 0.938283 0.945266 0.955593 0.952883 0.622911 0.000000 0.646661 0.735467 0.801115 0.595920 0.828337 0.982046 0.729061 0.763654 0.942809 0.899571 0.834124 0.822007 0.833194 0.791170 0.920453 0.839795 0.913566 0.949894 0.634370 0.675883 0.719054 0.829605 0.799013 0.795655 0.854544 0.992100 0.714830 0.776665 0.677509 0.705784 0.661526 0.677540 0.959006 0.911912 0.847581 0.969297 0.910934 0.894323 0.923243 0.935240 0.848030 0.870533 0.737928 0.589079 0.630749 0.514143 0.656617 0.594800 0.958625 0.866214 0.739026 0.593745 0.887255 0.771550 0.879111 0.859465 0.987023 0.939011 0.990840 0.986151 0.772433 0.774661 0.816326 0.805134 0.933998 0.981738 0.914878 0.975498 0.969055 0.916422 0.930612 0.869671 0.897012 0.788071 0.823219 0.817469 0.811211 0.944721
