0.000000 0.419976 0.770622 0.655712 0.883591 0.606474 0.576390 0.442150 0.751753 0.843883 0.410851 0.372262 0.504835 0.484506 0.794472 0.539359 0.419321 0.400791 0.456433 0.387501 0.890667 0.968180 0.766672 0.760764 0.832147 0.719541 0.974017 0.873222 0.503175 0.498478 0.633077 0.574039 0.436878 0.427674 0.702756 0.861406 0.656139 0.843497 0.948475 0.962778 0.855340 0.823300 0.608210 0.580755 0.613237 0.629147 0.547503 0.665381 0.910905 0.787714 0.818066 0.891538 0.927573 0.990864 0.762679 0.831163 0.380675 0.503696 0.472984 0.842290 0.489273 0.601016 0.383280 0.473614 0.818736 0.683553 0.521211 0.606791 0.703124 0.723484 0.589996 0.641307 0.803687 0.662901 0.887918 0.782928 0.677072 0.709071 0.704850 0.703973 0.399752 0.438500 0.588004 0.696205 0.663170 0.683813 0.932656 0.998328 0.807027 0.768560 0.629863 0.850647 0.685713 0.865226 0.747032 0.770143 0.679914 0.746303 0.514049 0.543913 0.678153 0.746188 0.570828 0.608032 0.592834 0.739933 0.994800 0.829985 0.902045 0.868757 0.992084 0.776013 0.780086 0.911608 0.811465 0.972094
0.419976 0.000000 0.929142 0.930683 0.981707 0.806477 0.853973 0.623227 0.981151 0.814399 0.753781 0.460801 0.869448 0.775691 0.960155 0.712278 0.308720 0.318707 0.708405 0.539340 0.981455 0.970522 0.940475 0.934581 0.948179 0.856893 0.992850 0.928055 0.490421 0.447637 0.884635 0.787916 0.674766 0.676597 0.966531 0.904987 0.839718 0.923369 0.987107 0.865019 0.773880 0.812629 0.689671 0.633220 0.536596 0.477650 0.678668 0.723313 0.633113 0.609441 0.590551 0.691508 0.871880 0.934294 0.745944 0.786269 0.267157 0.247277 0.710727 0.720661 0.805832 0.521023 0.658271 0.456643 0.895293 0.796548 0.764718 0.771210 0.538981 0.570467 0.787119 0.862698 0.780354 0.690824 0.734824 0.777892 0.800820 0.775786 0.597428 0.594332 0.305890 0.384168 0.605521 0.561716 0.947590 0.799415 0.983872 0.946245 0.897679 0.829206 0.823344 0.982905 0.848996 0.918373 0.652695 0.934420 0.563715 0.786331 0.591781 0.649489 0.858160 0.913444 0.565652 0.730266 0.709143 0.852025 0.926316 0.929834 0.933306 0.758344 0.815207 0.602876 0.825215 0.834197 0.685540 0.903507
0.770622 0.929142 0.000000 0.253173 0.906041 0.853712 0.270658 0.412424 0.597694 0.870507 0.508786 0.847897 0.383656 0.490055 0.460603 0.504024 0.865219 0.999004 0.447238 0.625138 0.795418 0.960036 0.290386 0.391369 0.543778 0.391391 0.941965 0.874117 0.779374 0.909880 0.352302 0.420042 0.468706 0.408328 0.566604 0.813967 0.721029 0.958939 0.886210 0.864378 0.934295 0.773738 0.602788 0.687372 0.759276 0.813619 0.611111 0.559726 0.895602 0.973330 0.946774 0.961412 0.916771 0.866959 0.628526 0.859692 0.867052 0.797741 0.642868 0.950359 0.421790 0.899368 0.644498 0.912505 0.287362 0.484414 0.412738 0.487070 0.931989 0.821599 0.611552 0.580750 0.946453 0.835712 0.884791 0.895629 0.659247 0.685774 0.923826 0.856991 0.937348 0.859255 0.779520 0.933553 0.369073 0.498070 0.695305 0.738279 0.805041 0.796882 0.649978 0.677993 0.740977 0.689952 0.814378 0.899704 0.912366 0.975082 0.719520 0.659275 0.701822 0.710393 0.929215 0.904004 0.719213 0.724285 0.981942 0.808634 0.848903 0.832608 0.940140 0.959386 0.851667 0.990599 0.966874 0.837774
0.655712 0.930683 0.253173 0.000000 0.956402 0.767464 0.253478 0.309400 0.645949 0.888576 0.410027 0.700843 0.351007 0.381787 0.520600 0.510839 0.998434 0.842348 0.344185 0.466262 0.869555 0.989328 0.322196 0.295291 0.530214 0.434939 0.925584 0.777210 0.702811 0.812768 0.317315 0.352523 0.371310 0.330579 0.527375 0.773461 0.755994 0.988409 0.846110 0.873159 0.962616 0.781336 0.548899 0.605325 0.721986 0.784795 0.535841 0.531345 0.894601 0.960468 0.933650 0.987107 0.937249 0.928058 0.646701 0.824644 0.956156 0.913160 0.623209 0.926698 0.419752 0.838798 0.543682 0.990332 0.351565 0.414890 0.349096 0.399394 0.999304 0.866477 0.557472 0.543190 0.866683 0.752086 0.795656 0.852762 0.647825 0.650087 0.815385 0.818271 0.934779 0.722878 0.695989 0.988507 0.362114 0.428730 0.712023 0.648032 0.750395 0.726501 0.614117 0.707528 0.714076 0.740662 0.829679 0.838664 0.904125 0.943489 0.658038 0.561141 0.623892 0.604372 0.835376 0.762839 0.662384 0.691046 0.921223 0.866766 0.805261 0.852783 0.926845 0.981763 0.835161 0.970104 0.942676 0.813099
0.883591 0.981707 0.906041 0.956402 0.000000 0.915082 0.890546 0.894852 0.814152 0.799176 0.905834 0.901431 0.820072 0.829437 0.763141 0.850665 0.977201 0.925584 0.901759 0.908024 0.855792 0.902370 0.868714 0.929772 0.992979 0.990297 0.932080 0.950493 0.941078 0.937725 0.889872 0.922892 0.844157 0.844259 0.852293 0.937836 0.818478 0.836145 0.892634 0.973402 0.880320 0.988459 0.840461 0.900531 0.920304 0.957120 0.941350 0.878015 0.959270 0.951529 0.872074 0.839917 0.806439 0.790044 0.996830 0.939786 0.971148 0.977019 0.703974 0.864268 0.800174 0.951564 0.797280 0.876498 0.882946 0.946323 0.784372 0.821126 0.806198 0.940369 0.848564 0.761131 0.926911 0.943021 0.865775 0.912347 0.994862 0.984382 0.933639 0.998134 0.954936 0.913762 0.907785 0.980695 0.947700 0.963573 0.981066 0.784801 0.787579 0.844233 0.724464 0.749269 0.735163 0.709733 0.964806 0.976647 0.864238 0.985280 0.791308 0.907029 0.966221 0.964567 0.732244 0.781878 0.953376 0.681303 0.805383 0.722422 0.950156 0.986564 0.990291 0.909853 0.844435 0.863709 0.744958 0.850379
0.606474 0.806477 0.853712 0.767464 0.915082 0.000000 0.667483 0.607695 0.699885 0.759194 0.623274 0.668839 0.720497 0.796941 0.917023 0.785324 0.773675 0.696408 0.610703 0.651515 0.892666 0.942289 0.921630 0.892291 0.985380 0.789590 0.997708 0.789883 0.853510 0.838956 0.882467 0.742215 0.715131 0.639683 0.900702 0.991348 0.973860 0.941703 0.990984 0.902516 0.966910 0.877908 0.577891 0.627814 0.655342 0.658471 0.675813 0.691932 0.882985 0.792908 0.874808 0.892187 0.912620 0.888103 0.885158 0.918768 0.700521 0.912165 0.774004 0.911741 0.705023 0.789063 0.769358 0.855138 0.880915 0.734805 0.673000 0.655232 0.956923 0.932141 0.755564 0.841351 0.907140 0.738206 0.984397 0.849276 0.723502 0.647328 0.729503 0.893313 0.777158 0.720455 0.995266 0.977684 0.905535 0.890482 0.872373 0.879935 0.922871 0.950719 0.640909 0.748585 0.715569 0.757534 0.873117 0.868533 0.775464 0.904907 0.606067 0.669085 0.734427 0.715315 0.584861 0.578950 0.854059 0.888461 0.972760 0.916847 0.948591 0.950165 0.811737 0.762185 0.907985 0.816550 0.994779 0.878926
0.576390 0.853973 0.270658 0.253478 0.890546 0.667483 0.000000 0.236300 0.572309 0.660487 0.387648 0.659169 0.336963 0.411423 0.491022 0.481729 0.929910 0.753357 0.297912 0.453306 0.849968 0.942233 0.363745 0.477311 0.705729 0.448213 0.996674 0.865883 0.666176 0.789306 0.396836 0.387243 0.366729 0.321814 0.607590 0.761414 0.755966 0.970862 0.944041 0.837267 0.987268 0.853855 0.404535 0.488829 0.538210 0.603739 0.484835 0.464938 0.963029 0.821920 0.810113 0.820551 0.800208 0.762162 0.671473 0.802953 0.875300 0.998399 0.536622 0.951010 0.411125 0.822556 0.563793 0.959006 0.392769 0.442796 0.293521 0.393074 0.965185 0.933948 0.427835 0.443963 0.876227 0.733319 0.888569 0.840805 0.509217 0.558554 0.803476 0.789503 0.906615 0.765842 0.754459 0.936714 0.433521 0.570538 0.738375 0.757856 0.873486 0.851958 0.439270 0.532839 0.552195 0.563933 0.801623 0.824475 0.785749 0.875138 0.493315 0.426885 0.559421 0.521961 0.699417 0.669003 0.653174 0.598825 0.996077 0.789328 0.881023 0.910979 0.941778 0.818331 0.696052 0.945457 0.862905 0.911824
0.442150 0.623227 0.412424 0.309400 0.894852 0.607695 0.236300 0.000000 0.623882 0.634973 0.342469 0.492173 0.395515 0.377241 0.633509 0.495880 0.708130 0.561111 0.254554 0.319796 0.945596 0.951879 0.490845 0.512954 0.752727 0.491282 0.943597 0.870621 0.520494 0.654293 0.428996 0.380523 0.314402 0.286147 0.647953 0.767058 0.723890 0.977739 0.908120 0.857858 0.918632 0.930412 0.375181 0.439616 0.453251 0.508771 0.460910 0.490993 0.843582 0.742122 0.716273 0.792569 0.777265 0.798757 0.670656 0.770909 0.637884 0.766289 0.517850 0.923276 0.447297 0.690264 0.486730 0.789421 0.555014 0.464593 0.327610 0.370234 0.911483 0.925677 0.438259 0.432983 0.787960 0.596372 0.777011 0.759503 0.508891 0.540620 0.719062 0.744926 0.716338 0.602575 0.664032 0.906236 0.533501 0.593991 0.799688 0.755326 0.852997 0.823917 0.453281 0.618264 0.536469 0.687458 0.784001 0.827861 0.666989 0.806237 0.430408 0.376073 0.506152 0.538184 0.557647 0.571874 0.609930 0.649059 0.931898 0.777253 0.829069 0.984659 0.906772 0.757427 0.679193 0.905281 0.821975 0.953588
0.751753 0.981151 0.597694 0.645949 0.814152 0.699885 0.572309 0.623882 0.000000 0.602792 0.671479 0.801539 0.595896 0.755275 0.623145 0.581926 0.906464 0.873185 0.773118 0.747790 0.810143 0.953731 0.646036 0.812531 0.892511 0.637543 0.994012 0.769123 0.717994 0.776731 0.670916 0.768809 0.669012 0.647920 0.887062 0.841958 0.781053 0.763104 0.931985 0.796160 0.998523 0.885440 0.673974 0.715205 0.734377 0.757589 0.784197 0.768571 0.965017 0.916227 0.843080 0.785792 0.715018 0.644806 0.902849 0.872505 0.992930 0.963022 0.600079 0.894870 0.531292 0.845354 0.681826 0.859474 0.624833 0.806822 0.676027 0.784457 0.993814 0.987031 0.594799 0.565940 0.804921 0.833155 0.899413 0.965050 0.625170 0.687078 0.769882 0.908220 0.904362 0.973190 0.978559 0.926890 0.790528 0.939332 0.850541 0.962178 0.951758 0.983794 0.595562 0.585272 0.656345 0.566513 0.978047 0.850320 0.754025 0.950546 0.692770 0.649916 0.738186 0.702756 0.715427 0.777352 0.744668 0.563469 0.789607 0.772741 0.918707 0.974533 0.957691 0.919428 0.724183 0.757322 0.823448 0.877057
0.843883 0.814399 0.870507 0.888576 0.799176 0.759194 0.660487 0.634973 0.602792 0.000000 0.837677 0.897758 0.827525 0.844971 0.711117 0.768363 0.795686 0.703587 0.754167 0.816257 0.950885 0.945932 0.882166 0.856002 0.757251 0.996471 0.919118 0.930953 0.775468 0.825074 0.887345 0.849237 0.860923 0.749658 0.986632 0.985304 0.942785 0.993434 0.994359 0.769949 0.838631 0.903512 0.545422 0.596938 0.562566 0.563948 0.888897 0.767451 0.808935 0.746513 0.649957 0.607396 0.624519 0.573292 0.901586 0.983595 0.766137 0.825392 0.715980 0.945076 0.853847 0.991775 0.862459 0.884013 0.981372 0.989696 0.716802 0.830542 0.934621 0.932340 0.468963 0.504796 0.840169 0.756348 0.948263 0.875033 0.572301 0.582662 0.828167 0.918050 0.951117 0.885220 0.987985 0.875130 0.925872 0.766948 0.845976 0.873516 0.803468 0.676237 0.419023 0.447700 0.450213 0.459136 0.969962 0.894189 0.663291 0.811232 0.552660 0.520226 0.643326 0.612067 0.480786 0.671292 0.815746 0.592038 0.947242 0.583687 0.982109 0.901682 0.903726 0.625311 0.579025 0.706330 0.719990 0.785838
0.410851 0.753781 0.508786 0.410027 0.905834 0.623274 0.387648 0.342469 0.671479 0.837677 0.000000 0.462067 0.327777 0.348220 0.684132 0.534025 0.705653 0.630253 0.304692 0.406941 0.933434 0.850720 0.538518 0.553635 0.792599 0.564412 0.970319 0.847567 0.570736 0.601558 0.462158 0.446784 0.378203 0.337043 0.600728 0.846862 0.713023 0.953406 0.882434 0.996678 0.913765 0.947059 0.598282 0.629863 0.678930 0.729759 0.567806 0.618022 0.959582 0.916769 0.915311 0.965445 0.901538 0.945824 0.710256 0.824140 0.698545 0.850616 0.591087 0.967377 0.358877 0.674503 0.386987 0.680869 0.587865 0.507561 0.416434 0.443069 0.936967 0.950312 0.537176 0.620196 0.865386 0.755806 0.888147 0.800139 0.677132 0.645032 0.839300 0.775747 0.651992 0.603983 0.798683 0.869429 0.528501 0.584845 0.840126 0.779748 0.783197 0.810788 0.631536 0.798863 0.726282 0.797259 0.852277 0.722317 0.861244 0.900747 0.618730 0.576553 0.572991 0.701733 0.693003 0.656144 0.729871 0.747113 0.974312 0.877320 0.900272 0.944551 0.976764 0.875925 0.809546 0.937108 0.891967 0.856273
0.372262 0.460801 0.847897 0.700843 0.901431 0.668839 0.659169 0.492173 0.801539 0.897758 0.462067 0.000000 0.623868 0.558401 0.908955 0.595632 0.445893 0.353736 0.552195 0.428802 0.841283 0.920732 0.779177 0.755946 0.934655 0.721744 0.986232 0.970199 0.469251 0.390833 0.671122 0.667001 0.433233 0.494276 0.782529 0.822940 0.650768 0.796863 0.923664 0.940093 0.733060 0.812302 0.776919 0.745394 0.587313 0.634957 0.713750 0.703677 0.867411 0.809394 0.817124 0.878630 0.888181 0.923911 0.777982 0.860056 0.453626 0.480900 0.554619 0.700212 0.462380 0.379758 0.431196 0.374736 0.859653 0.565053 0.577301 0.539531 0.711856 0.624170 0.720239 0.729912 0.773351 0.657655 0.817984 0.858726 0.807921 0.790756 0.657267 0.635949 0.354692 0.427665 0.678819 0.623559 0.738624 0.676852 0.943745 0.904052 0.819532 0.771791 0.749570 0.990549 0.797111 0.957420 0.779284 0.916819 0.758717 0.874094 0.674278 0.699715 0.721738 0.819352 0.629690 0.707987 0.706125 0.802843 0.962086 0.947010 0.901335 0.885506 0.993330 0.826900 0.954402 0.954891 0.788018 0.956206
0.504835 0.869448 0.383656 0.351007 0.820072 0.720497 0.336963 0.395515 0.595896 0.827525 0.327777 0.623868 0.000000 0.301054 0.419120 0.409829 0.880629 0.735050 0.358626 0.464915 0.747701 0.998521 0.353731 0.431602 0.674306 0.560193 0.842795 0.793480 0.656938 0.650734 0.440602 0.430385 0.372521 0.332275 0.589177 0.822930 0.762903 0.942169 0.927211 0.984702 0.992414 0.894238 0.578281 0.623658 0.800230 0.847672 0.568873 0.613810 0.767065 0.943030 0.997917 0.986325 0.975046 0.881094 0.692362 0.914252 0.839259 0.986299 0.529992 0.944224 0.323932 0.847483 0.347160 0.771712 0.425210 0.512597 0.382150 0.522701 0.975774 0.941480 0.476821 0.570854 0.955617 0.882417 0.869671 0.759398 0.642964 0.592912 0.929857 0.819057 0.790455 0.757084 0.694986 0.928712 0.414985 0.502577 0.726162 0.828875 0.731105 0.813941 0.594860 0.707821 0.745184 0.665810 0.858755 0.764076 0.878391 0.936567 0.585657 0.602873 0.654091 0.694751 0.743674 0.698883 0.718113 0.676127 0.941656 0.787825 0.841204 0.899408 0.934833 0.917125 0.865087 0.954026 0.916266 0.849760
0.484506 0.775691 0.490055 0.381787 0.829437 0.796941 0.411423 0.377241 0.755275 0.844971 0.348220 0.558401 0.301054 0.000000 0.498149 0.417392 0.840709 0.644108 0.351208 0.408503 0.873239 0.949166 0.433299 0.440365 0.681616 0.622887 0.887046 0.757482 0.640602 0.570589 0.419690 0.390962 0.322837 0.324261 0.584491 0.708721 0.674171 0.996201 0.802858 0.958129 0.984405 0.905291 0.626296 0.678444 0.805475 0.862448 0.674822 0.676586 0.775526 0.913371 0.958989 0.939354 0.988722 0.965370 0.849259 0.985493 0.716044 0.858137 0.576228 0.994145 0.400989 0.805534 0.342965 0.690634 0.528492 0.486050 0.402913 0.443006 0.954057 0.986032 0.547049 0.515534 0.959761 0.811576 0.799368 0.754741 0.699904 0.662710 0.833746 0.789137 0.713760 0.710250 0.595383 0.914064 0.450198 0.461029 0.786827 0.768135 0.702629 0.772382 0.607114 0.826667 0.695739 0.811247 0.899913 0.696166 0.882509 0.925948 0.606128 0.629771 0.568367 0.726686 0.729960 0.774937 0.690622 0.759436 0.940155 0.840401 0.801030 0.916297 0.928300 0.929050 0.919733 0.953602 0.916501 0.860896
0.794472 0.960155 0.460603 0.520600 0.763141 0.917023 0.491022 0.633509 0.623145 0.711117 0.684132 0.908955 0.419120 0.498149 0.000000 0.443221 0.945738 0.915814 0.671102 0.763807 0.759865 0.900369 0.396784 0.594410 0.696110 0.679146 0.764456 0.765114 0.831348 0.800693 0.530182 0.603788 0.602937 0.571838 0.704271 0.853124 0.809631 0.951459 0.904172 0.981454 0.919245 0.831295 0.703387 0.800707 0.868770 0.912893 0.810876 0.762178 0.732860 0.899653 0.966109 0.888631 0.911984 0.784441 0.912964 0.947654 0.976821 0.917088 0.652128 0.990796 0.495774 0.972808 0.579179 0.884504 0.455737 0.687248 0.539912 0.691106 0.874953 0.890176 0.539680 0.529481 0.939781 0.986094 0.956416 0.869164 0.673302 0.712584 0.893775 0.953077 0.989869 0.949551 0.733887 0.933668 0.495773 0.634673 0.681661 0.906440 0.857323 0.888569 0.614830 0.639195 0.730537 0.581669 0.856931 0.917727 0.927056 0.930910 0.675930 0.736033 0.845625 0.755555 0.823274 0.866733 0.725805 0.659591 0.824216 0.710454 0.876245 0.803980 0.954073 0.907622 0.930207 0.917140 0.943514 0.910008
0.539359 0.712278 0.504024 0.510839 0.850665 0.785324 0.481729 0.495880 0.581926 0.768363 0.534025 0.595632 0.409829 0.417392 0.443221 0.000000 0.774280 0.616234 0.565762 0.537757 0.706834 0.998209 0.420768 0.539347 0.650642 0.476130 0.903218 0.922293 0.552729 0.489378 0.443999 0.471771 0.388121 0.432308 0.686637 0.759218 0.616983 0.825263 0.998961 0.966125 0.988401 0.945981 0.678027 0.733633 0.739795 0.740402 0.695590 0.697609 0.884142 0.959185 0.838225 0.835577 0.885145 0.824498 0.835349 0.957352 0.749962 0.789633 0.575379 0.799250 0.351530 0.618919 0.465361 0.627065 0.514748 0.503553 0.528054 0.581297 0.947430 0.947529 0.573964 0.564429 0.922766 0.805013 0.781617 0.856468 0.720819 0.746450 0.673717 0.650020 0.613330 0.684267 0.666697 0.840202 0.454065 0.510526 0.783862 0.908487 0.810353 0.865432 0.616432 0.830275 0.727651 0.734749 0.794036 0.895995 0.725626 0.912019 0.630843 0.718993 0.695939 0.786411 0.780702 0.901110 0.696002 0.766064 0.908053 0.823505 0.846614 0.994757 0.919672 0.830774 0.869173 0.983441 0.869561 0.913249
0.419321 0.308720 0.865219 0.998434 0.977201 0.773675 0.929910 0.708130 0.906464 0.795686 0.705653 0.445893 0.880629 0.840709 0.945738 0.774280 0.000000 0.315769 0.781973 0.608971 0.958900 0.951181 0.923381 0.966188 0.965871 0.984592 0.992077 0.986365 0.489711 0.453405 0.871945 0.832934 0.735633 0.708237 0.987154 0.944743 0.804191 0.809319 0.986162 0.810473 0.716110 0.708940 0.808514 0.698357 0.621425 0.583673 0.805550 0.867212 0.740425 0.715764 0.710638 0.784198 0.871736 0.950463 0.838954 0.807252 0.306915 0.282441 0.741548 0.765968 0.769528 0.517214 0.620150 0.383142 0.837453 0.856810 0.810134 0.803828 0.567339 0.631512 0.772665 0.813831 0.806390 0.671073 0.853650 0.751205 0.883890 0.824497 0.699654 0.740985 0.307262 0.493080 0.740104 0.556978 0.993454 0.913297 0.995527 0.947273 0.979922 0.866690 0.833086 0.996407 0.828508 0.973037 0.659316 0.989858 0.630622 0.683310 0.715415 0.688234 0.842023 0.920961 0.600628 0.656591 0.691976 0.840573 0.978212 0.878991 0.987593 0.759805 0.897379 0.673854 0.844585 0.887367 0.721092 0.799578
0.400791 0.318707 0.999004 0.842348 0.925584 0.696408 0.753357 0.561111 0.873185 0.703587 0.630253 0.353736 0.735050 0.644108 0.915814 0.616234 0.315769 0.000000 0.627269 0.536882 0.943153 0.967974 0.918778 0.896221 0.991556 0.836014 0.994971 0.985918 0.455600 0.352464 0.749457 0.655561 0.569338 0.607253 0.930282 0.807484 0.741490 0.868852 0.967648 0.879833 0.806906 0.806841 0.701287 0.636823 0.543589 0.517096 0.754858 0.740436 0.817014 0.750365 0.729779 0.760538 0.863888 0.921243 0.819044 0.895221 0.287309 0.313208 0.697684 0.803033 0.643321 0.502448 0.528248 0.342609 0.973190 0.721301 0.653319 0.676127 0.675882 0.633776 0.680840 0.692866 0.826213 0.649791 0.843757 0.798198 0.781913 0.701720 0.539436 0.587515 0.284866 0.483899 0.647175 0.639319 0.913094 0.812130 0.964141 0.952942 0.897543 0.868526 0.681024 0.907829 0.683838 0.915897 0.775732 0.918602 0.572246 0.820943 0.600941 0.615635 0.700278 0.824466 0.531085 0.662081 0.652975 0.773726 0.977997 0.921671 0.969354 0.806387 0.905524 0.664840 0.844952 0.891802 0.729272 0.875794
0.456433 0.708405 0.447238 0.344185 0.901759 0.610703 0.297912 0.254554 0.773118 0.754167 0.304692 0.552195 0.358626 0.351208 0.671102 0.565762 0.781973 0.627269 0.000000 0.355250 0.986195 0.934564 0.522543 0.511652 0.770600 0.589355 0.981347 0.836439 0.609094 0.697157 0.461977 0.394611 0.360285 0.301354 0.603904 0.781685 0.811582 0.969892 0.912594 0.901720 0.941232 0.906221 0.444102 0.485687 0.597453 0.641586 0.492437 0.507385 0.974180 0.850416 0.897317 0.958848 0.925677 0.975464 0.681691 0.850628 0.670797 0.859351 0.600820 0.994129 0.500502 0.815299 0.489153 0.839823 0.602214 0.506744 0.361068 0.406412 0.983484 0.984535 0.503571 0.584963 0.896213 0.709553 0.802016 0.739008 0.608785 0.605857 0.806566 0.769997 0.765452 0.615045 0.725600 0.998126 0.538337 0.591027 0.789243 0.753653 0.774822 0.848646 0.518047 0.692902 0.630957 0.759565 0.877511 0.769887 0.782076 0.868212 0.476415 0.455876 0.550104 0.589158 0.640669 0.592462 0.666498 0.738698 0.965413 0.811934 0.890689 0.892259 0.988254 0.743203 0.704933 0.975106 0.927925 0.896831
0.387501 0.539340 0.625138 0.466262 0.908024 0.651515 0.453306 0.319796 0.747790 0.816257 0.406941 0.428802 0.464915 0.408503 0.763807 0.537757 0.608971 0.536882 0.355250 0.000000 0.883559 0.977670 0.654895 0.589590 0.759153 0.631114 0.954058 0.849738 0.457500 0.620434 0.567425 0.484059 0.346880 0.368961 0.706386 0.807936 0.723675 0.953886 0.919534 0.984969 0.874511 0.991075 0.522234 0.544009 0.578376 0.605306 0.516394 0.576932 0.841426 0.759036 0.757624 0.866864 0.842187 0.905670 0.712834 0.806082 0.556859 0.639665 0.518400 0.803364 0.519076 0.606723 0.489372 0.703852 0.680941 0.530194 0.481584 0.485184 0.716954 0.808226 0.573281 0.653490 0.750201 0.623642 0.769908 0.671484 0.638252 0.652646 0.798295 0.738364 0.575953 0.453381 0.588998 0.799685 0.566082 0.573023 0.724745 0.745617 0.803010 0.793997 0.621796 0.829573 0.735095 0.887671 0.761034 0.880875 0.766967 0.811880 0.526483 0.493160 0.642339 0.698794 0.578092 0.628524 0.607100 0.742177 0.956317 0.868918 0.801498 0.956946 0.953731 0.766367 0.756690 0.939371 0.870196 0.994965
0.890667 0.981455 0.795418 0.869555 0.855792 0.892666 0.849968 0.945596 0.810143 0.950885 0.933434 0.841283 0.747701 0.873239 0.759865 0.706834 0.958900 0.943153 0.986195 0.883559 0.000000 0.933865 0.751330 0.803057 0.803564 0.816485 0.848482 0.920081 0.962549 0.859525 0.792443 0.917942 0.769669 0.841589 0.925953 0.815360 0.840228 0.755885 0.969627 0.818168 0.855744 0.936829 0.998281 0.953538 0.977837 0.953508 0.948877 0.947864 0.802045 0.849918 0.960623 0.980746 0.915708 0.916281 0.865221 0.942309 0.934661 0.970622 0.709054 0.687149 0.650293 0.809293 0.813084 0.856617 0.671156 0.730211 0.798125 0.811017 0.855836 0.940925 0.772271 0.909735 0.991039 0.934151 0.982464 0.880577 0.946161 0.850970 0.955346 0.852298 0.827206 0.926594 0.879927 0.950287 0.740045 0.732418 0.788079 0.809119 0.829871 0.961068 0.927043 0.953135 0.964004 0.839130 0.932183 0.891935 0.879858 0.953071 0.860130 0.992837 0.958237 0.981725 0.987632 0.993843 0.892385 0.764961 0.904246 0.986195 0.989958 0.993867 0.847248 0.939175 0.913303 0.974236 0.813474 0.900435
0.968180 0.970522 0.960036 0.989328 0.902370 0.942289 0.942233 0.951879 0.953731 0.945932 0.850720 0.920732 0.998521 0.949166 0.900369 0.998209 0.951181 0.967974 0.934564 0.977670 0.933865 0.000000 0.977766 0.880672 0.809992 0.902505 0.773519 0.823242 0.933705 0.982500 0.912605 0.930941 0.967732 0.986315 0.995444 0.951519 0.940208 0.877051 0.941271 0.879847 0.935825 0.943543 0.956986 0.982472 0.987945 0.978526 0.971685 0.962921 0.906170 0.909924 0.955546 0.956667 0.913606 0.993483 0.984193 0.901745 0.964714 0.955695 0.998654 0.975917 0.994648 0.947172 0.990514 0.938181 0.956851 0.995152 0.971599 0.933354 0.896186 0.901606 0.999071 0.988362 0.885468 0.993322 0.900782 0.946871 0.948199 0.859575 0.983531 0.904556 0.988489 0.949723 0.780133 0.950138 0.974694 0.844768 0.972147 0.986612 0.879310 0.830310 0.991366 0.986023 0.984705 0.932574 0.994315 0.913032 0.933360 0.963825 0.950264 0.928931 0.940163 0.876133 0.947394 0.944696 0.779616 0.983206 0.901376 0.917655 0.982174 0.877946 0.887160 0.917997 0.915022 0.974340 0.891808 0.936842
0.766672 0.940475 0.290386 0.322196 0.868714 0.921630 0.363745 0.490845 0.646036 0.882166 0.538518 0.779177 0.353731 0.433299 0.396784 0.420768 0.923381 0.918778 0.522543 0.654895 0.751330 0.977766 0.000000 0.339219 0.466251 0.490392 0.813480 0.910801 0.823524 0.737228 0.335989 0.401047 0.407769 0.395518 0.545142 0.745908 0.698034 0.908291 0.837740 0.914598 0.990042 0.734658 0.765464 0.839109 0.956167 0.984517 0.716283 0.700616 0.650313 0.814049 0.956957 0.986697 0.973682 0.891102 0.805836 0.997471 0.899482 0.873582 0.670461 0.846969 0.362743 0.827587 0.504311 0.872740 0.313074 0.412809 0.452714 0.483272 0.933573 0.803023 0.580126 0.600349 0.945967 0.960986 0.826420 0.857885 0.764732 0.720148 0.904414 0.803096 0.933009 0.862754 0.698943 0.929586 0.308159 0.421857 0.749821 0.797296 0.699644 0.690288 0.737513 0.796962 0.817417 0.745893 0.825277 0.857088 0.947262 0.974934 0.798192 0.766970 0.765856 0.751865 0.999251 0.928368 0.765907 0.692998 0.989751 0.840641 0.952378 0.826923 0.986568 0.899515 0.988926 0.966809 0.946540 0.893769
0.760764 0.934581 0.391369 0.295291 0.929772 0.892291 0.477311 0.512954 0.812531 0.856002 0.553635 0.755946 0.431602 0.440365 0.594410 0.539347 0.966188 0.896221 0.511652 0.589590 0.803057 0.880672 0.339219 0.000000 0.391132 0.513015 0.851319 0.836483 0.814860 0.729319 0.384693 0.390534 0.425464 0.428096 0.619629 0.825646 0.825149 0.965464 0.795246 0.980906 0.884644 0.712724 0.788176 0.828133 0.945938 0.978294 0.692997 0.701968 0.753710 0.864507 0.943924 0.859921 0.848153 0.907068 0.686722 0.939365 0.994819 0.929310 0.791312 0.883255 0.477175 0.788104 0.575280 0.911045 0.402234 0.405433 0.550603 0.518920 0.952232 0.786170 0.731353 0.794683 0.950059 0.934414 0.770209 0.854673 0.876908 0.798693 0.842610 0.768516 0.875102 0.675271 0.593610 0.917672 0.354870 0.306328 0.746515 0.554425 0.624612 0.610433 0.911766 0.995705 0.993529 0.967266 0.844178 0.852472 0.950832 0.938976 0.852456 0.832276 0.816796 0.886619 0.943511 0.959770 0.785934 0.894211 0.891260 0.925443 0.853747 0.863880 0.943742 0.906240 0.934683 0.925034 0.977971 0.803560
0.832147 0.948179 0.543778 0.530214 0.992979 0.985380 0.705729 0.752727 0.892511 0.757251 0.792599 0.934655 0.674306 0.681616 0.696110 0.650642 0.965871 0.991556 0.770600 0.759153 0.803564 0.809992 0.466251 0.391132 0.000000 0.546857 0.752418 0.943174 0.991849 0.836581 0.480871 0.491366 0.604525 0.629452 0.738231 0.819130 0.797048 0.911166 0.781938 0.960538 0.975163 0.740391 0.998229 0.984661 0.853014 0.883592 0.794598 0.869746 0.755336 0.826404 0.897076 0.790640 0.738255 0.776176 0.809303 0.964796 0.964339 0.983544 0.911589 0.758389 0.601168 0.787958 0.706872 0.925766 0.467748 0.542328 0.738541 0.692767 0.878339 0.780428 0.924445 0.972319 0.885243 0.906299 0.778358 0.876640 0.991587 0.930612 0.937635 0.784234 0.873181 0.684383 0.593605 0.846437 0.401820 0.403167 0.803748 0.758404 0.605345 0.527514 0.834710 0.800774 0.832986 0.770789 0.853833 0.891423 0.927407 0.948349 0.973272 0.998965 0.922880 0.926629 0.754617 0.820063 0.814829 0.959647 0.958392 0.937830 0.959027 0.999808 0.935068 0.840024 0.830617 0.846710 0.983700 0.856832
0.719541 0.856893 0.391391 0.434939 0.990297 0.789590 0.448213 0.491282 0.637543 0.996471 0.564412 0.721744 0.560193 0.622887 0.679146 0.476130 0.984592 0.836014 0.589355 0.631114 0.816485 0.902505 0.490392 0.513015 0.546857 0.000000 0.979148 0.956124 0.685324 0.776933 0.473221 0.509299 0.506832 0.538650 0.772297 0.775690 0.682414 0.829114 0.971103 0.983145 0.938079 0.875769 0.696340 0.812309 0.725969 0.734319 0.630505 0.652749 0.933332 0.873904 0.842103 0.936086 0.909079 0.934353 0.601989 0.876097 0.960108 0.995841 0.712625 0.761066 0.450749 0.662233 0.712439 0.934772 0.424446 0.464288 0.581843 0.566150 0.888670 0.867235 0.824735 0.768102 0.901383 0.851780 0.829447 0.967752 0.797090 0.749229 0.728404 0.737643 0.813957 0.648778 0.747600 0.871510 0.467940 0.518016 0.799322 0.779348 0.769647 0.777514 0.827608 0.918688 0.889494 0.900442 0.814935 0.850245 0.827482 0.975839 0.807907 0.788459 0.777604 0.889188 0.979174 0.992760 0.768694 0.800778 0.950964 0.988654 0.825671 0.999077 0.966323 0.996625 0.953180 0.932943 0.920386 0.882887
0.974017 0.992850 0.941965 0.925584 0.932080 0.997708 0.996674 0.943597 0.994012 0.919118 0.970319 0.986232 0.842795 0.887046 0.764456 0.903218 0.992077 0.994971 0.981347 0.954058 0.848482 0.773519 0.813480 0.851319 0.752418 0.979148 0.000000 0.800823 0.950139 0.952347 0.924277 0.934020 0.959723 0.936103 0.885026 0.863785 0.996993 0.872382 0.853181 0.950051 0.883216 0.972977 0.835394 0.899231 0.818730 0.805187 0.920653 0.866905 0.701666 0.773101 0.961741 0.879288 0.775954 0.950361 0.969764 0.866322 0.960795 0.963043 0.890334 0.702745 0.831335 0.968478 0.810743 0.870953 0.856719 0.782536 0.877589 0.863140 0.998999 0.896492 0.993270 0.953239 0.825322 0.805521 0.863914 0.987291 0.986147 0.897372 0.996277 0.893210 0.923491 0.993028 0.777251 0.866241 0.792770 0.744946 0.834901 0.970425 0.715924 0.828509 0.883223 0.886806 0.883146 0.967652 0.879987 0.898333 0.929784 0.812048 0.987779 0.982030 0.858126 0.925760 0.967111 0.944915 0.918617 0.927819 0.981654 0.858590 0.959003 0.863832 0.929611 0.932425 0.742320 0.883261 0.882225 0.925212
0.873222 0.928055 0.874117 0.777210 0.950493 0.789883 0.865883 0.870621 0.769123 0.930953 0.847567 0.970199 0.793480 0.757482 0.765114 0.922293 0.986365 0.985918 0.836439 0.849738 0.920081 0.823242 0.910801 0.836483 0.943174 0.956124 0.800823 0.000000 0.890296 0.999254 0.836504 0.921501 0.868091 0.850121 0.777309 0.894806 0.986305 0.944745 0.859198 0.946208 0.927236 0.956531 0.927615 0.883937 0.983107 0.973300 0.938915 0.944731 0.870508 0.923272 0.989026 0.959429 0.970634 0.964229 0.985567 0.993051 0.973614 0.855830 0.791799 0.958416 0.905943 0.837755 0.833788 0.948459 0.904933 0.951698 0.827734 0.908722 0.926516 0.980030 0.882050 0.843568 0.893293 0.884783 0.860213 0.989836 0.770657 0.917037 0.883900 0.901898 0.935613 0.938865 0.981528 0.893148 0.905355 0.860565 0.951354 0.911373 0.986871 0.947916 0.805340 0.814769 0.861982 0.825489 0.853065 0.922316 0.911647 0.907514 0.888991 0.862682 0.866286 0.853598 0.820104 0.786424 0.825750 0.961017 0.927883 0.848233 0.859327 0.782704 0.912123 0.927577 0.993289 0.870241 0.817623 0.945982
0.503175 0.490421 0.779374 0.702811 0.941078 0.853510 0.666176 0.520494 0.717994 0.775468 0.570736 0.469251 0.656938 0.640602 0.831348 0.552729 0.489711 0.455600 0.609094 0.457500 0.962549 0.933705 0.823524 0.814860 0.991849 0.685324 0.950139 0.890296 0.000000 0.497862 0.654573 0.709779 0.538244 0.606211 0.777390 0.939812 0.678567 0.913105 0.956827 0.876480 0.820049 0.879718 0.707527 0.668256 0.546096 0.505936 0.731833 0.685274 0.722606 0.655222 0.644789 0.693130 0.695710 0.796531 0.713251 0.715321 0.524040 0.509670 0.576483 0.813239 0.573119 0.532131 0.550403 0.545829 0.859790 0.730200 0.658285 0.701270 0.715718 0.603673 0.677478 0.664968 0.587129 0.552571 0.771446 0.737921 0.731423 0.750333 0.620052 0.789090 0.502998 0.577926 0.713499 0.642961 0.758779 0.769596 0.844064 0.970752 0.908873 0.957676 0.688369 0.918746 0.781434 0.865137 0.707332 0.915685 0.637012 0.922848 0.681425 0.633012 0.713121 0.876375 0.583916 0.756762 0.623358 0.836803 0.966376 0.795612 0.705506 0.856351 0.867229 0.841162 0.788380 0.793913 0.846972 0.985438
0.498478 0.447637 0.909880 0.812768 0.937725 0.838956 0.789306 0.654293 0.776731 0.825074 0.601558 0.390833 0.650734 0.570589 0.800693 0.489378 0.453405 0.352464 0.697157 0.620434 0.859525 0.982500 0.737228 0.729319 0.836581 0.776933 0.952347 0.999254 0.497862 0.000000 0.639570 0.637783 0.527065 0.581466 0.953107 0.915343 0.723039 0.813044 0.921293 0.825772 0.827140 0.828017 0.896794 0.821211 0.776132 0.726399 0.884803 0.836818 0.977304 0.958513 0.831414 0.880529 0.976546 0.973304 0.888351 0.956834 0.446457 0.429449 0.726086 0.764446 0.516108 0.464428 0.425919 0.312775 0.891713 0.661287 0.731875 0.719946 0.708804 0.740371 0.729579 0.761673 0.911300 0.787807 0.800098 0.880173 0.896522 0.755492 0.617651 0.560351 0.320623 0.562673 0.649763 0.657490 0.773986 0.670857 0.999956 0.959332 0.820553 0.784184 0.824757 0.927263 0.845728 0.998864 0.766904 0.908243 0.692145 0.955764 0.758702 0.827910 0.815810 0.955762 0.729061 0.900896 0.772575 0.850010 0.965210 0.982733 0.912312 0.792141 0.869853 0.788142 0.968731 0.919721 0.747016 0.925139
0.633077 0.884635 0.352302 0.317315 0.889872 0.882467 0.396836 0.428996 0.670916 0.887345 0.462158 0.671122 0.440602 0.419690 0.530182 0.443999 0.871945 0.749457 0.461977 0.567425 0.792443 0.912605 0.335989 0.384693 0.480871 0.473221 0.924277 0.836504 0.654573 0.639570 0.000000 0.369753 0.362961 0.388171 0.575007 0.812519 0.673315 0.899681 0.883816 0.922095 0.932942 0.807473 0.744597 0.769331 0.798604 0.844716 0.744635 0.736337 0.828761 0.939185 0.949578 0.956507 0.991601 0.991659 0.781494 0.917568 0.864371 0.917554 0.658453 0.863487 0.376112 0.713963 0.506405 0.786944 0.437316 0.460415 0.493874 0.484809 0.884709 0.968907 0.578493 0.530518 0.865457 0.705766 0.709360 0.796071 0.759220 0.778752 0.713327 0.724893 0.786969 0.712582 0.666602 0.819223 0.395285 0.452824 0.782540 0.781096 0.734447 0.730071 0.755822 0.888523 0.774422 0.894041 0.815767 0.838679 0.756919 0.926045 0.768931 0.721151 0.640394 0.767122 0.927993 0.921700 0.635512 0.755397 0.948106 0.847284 0.888378 0.957328 0.968353 0.933175 0.939954 0.928591 0.885809 0.931242
0.574039 0.787916 0.420042 0.352523 0.922892 0.742215 0.387243 0.380523 0.768809 0.849237 0.446784 0.667001 0.430385 0.390962 0.603788 0.471771 0.832934 0.655561 0.394611 0.484059 0.917942 0.930941 0.401047 0.390534 0.491366 0.509299 0.934020 0.921501 0.709779 0.637783 0.369753 0.000000 0.405498 0.373277 0.609852 0.770407 0.786214 0.914901 0.836761 0.953071 0.906189 0.809925 0.621982 0.603353 0.744212 0.752021 0.643275 0.596720 0.945099 0.965334 0.917723 0.988652 0.987256 0.996308 0.732928 0.970303 0.767568 0.875804 0.705486 0.981675 0.465403 0.745570 0.543740 0.819134 0.490311 0.464120 0.455810 0.483515 0.972033 0.843214 0.656173 0.617975 0.946694 0.792458 0.785948 0.750518 0.718923 0.651241 0.788921 0.637729 0.752465 0.638473 0.574667 0.891556 0.454996 0.478580 0.740742 0.743184 0.818204 0.755188 0.686901 0.854990 0.775491 0.856948 0.800378 0.813327 0.846777 0.874629 0.706967 0.661929 0.684981 0.726617 0.832949 0.799610 0.700712 0.785937 0.981553 0.932649 0.950221 0.967417 0.901216 0.945697 0.953439 0.927535 0.882207 0.925395
0.436878 0.674766 0.468706 0.371310 0.844157 0.715131 0.366729 0.314402 0.669012 0.860923 0.378203 0.433233 0.372521 0.322837 0.602937 0.388121 0.735633 0.569338 0.360285 0.346880 0.769669 0.967732 0.407769 0.425464 0.604525 0.506832 0.959723 0.868091 0.538244 0.527065 0.362961 0.405498 0.000000 0.319813 0.608104 0.717803 0.566533 0.799047 0.823729 0.954511 0.869069 0.896554 0.617074 0.675011 0.678644 0.740317 0.566715 0.660830 0.900844 0.984036 0.880139 0.991545 0.980364 0.970313 0.800083 0.828290 0.674790 0.746718 0.498915 0.770971 0.326091 0.574556 0.355643 0.622366 0.486020 0.362305 0.365194 0.350893 0.869167 0.900626 0.540652 0.516361 0.833251 0.714892 0.781657 0.773975 0.678413 0.718687 0.696089 0.669030 0.589517 0.544751 0.607571 0.820178 0.400566 0.430693 0.783332 0.772355 0.735656 0.742940 0.644354 0.873136 0.712926 0.879856 0.827282 0.781567 0.731681 0.872967 0.566868 0.608704 0.624883 0.716899 0.718299 0.776108 0.667194 0.743828 0.992518 0.874102 0.849632 0.971787 0.985838 0.900722 0.857409 0.928256 0.923693 0.899373
0.427674 0.676597 0.408328 0.330579 0.844259 0.639683 0.321814 0.286147 0.647920 0.749658 0.337043 0.494276 0.332275 0.324261 0.571838 0.432308 0.708237 0.607253 0.301354 0.368961 0.841589 0.986315 0.395518 0.428096 0.629452 0.538650 0.936103 0.850121 0.606211 0.581466 0.388171 0.373277 0.319813 0.000000 0.566634 0.758147 0.675120 0.846395 0.766324 0.915757 0.931748 0.843062 0.515817 0.539154 0.631753 0.675247 0.516558 0.540439 0.949455 0.888841 0.821386 0.882334 0.877193 0.873564 0.708472 0.964912 0.675667 0.802186 0.537339 0.832065 0.361656 0.671089 0.398140 0.699894 0.496322 0.389351 0.350700 0.351463 0.846393 0.988914 0.484654 0.554280 0.865517 0.714354 0.753080 0.720400 0.687733 0.603738 0.761755 0.708054 0.652372 0.565329 0.587947 0.870518 0.418534 0.457465 0.751913 0.775346 0.701380 0.744234 0.570173 0.752624 0.655612 0.767634 0.831513 0.808035 0.792734 0.858404 0.524327 0.522627 0.589983 0.681157 0.656328 0.645981 0.581828 0.688594 0.919147 0.773401 0.846807 0.964890 0.996138 0.795959 0.803069 0.995178 0.802306 0.892198
0.702756 0.966531 0.566604 0.527375 0.852293 0.900702 0.607590 0.647953 0.887062 0.986632 0.600728 0.782529 0.589177 0.584491 0.704271 0.686637 0.987154 0.930282 0.603904 0.706386 0.925953 0.995444 0.545142 0.619629 0.738231 0.772297 0.885026 0.777309 0.777390 0.953107 0.575007 0.609852 0.608104 0.566634 0.000000 0.790322 0.648981 0.920388 0.847147 0.983754 0.882188 0.979707 0.803206 0.810754 0.933685 0.978009 0.720377 0.818508 0.779206 0.947445 0.987335 0.988643 0.978678 0.977677 0.770080 0.975335 0.978512 0.938892 0.629085 0.981220 0.603425 0.910695 0.626465 0.902047 0.577055 0.613780 0.486720 0.540533 0.901426 0.931895 0.711941 0.706117 0.845537 0.784669 0.967500 0.795838 0.826717 0.890748 0.924814 0.971325 0.932157 0.840089 0.810620 0.968676 0.525780 0.618905 0.779210 0.959904 0.734582 0.817945 0.689965 0.829798 0.760701 0.739479 0.897895 0.780399 0.969703 0.875395 0.796370 0.823409 0.746329 0.751726 0.902026 0.856825 0.756386 0.757405 0.840600 0.708175 0.786747 0.920415 0.970406 0.818558 0.919960 0.962719 0.937843 0.771983
0.861406 0.904987 0.813967 0.773461 0.937836 0.991348 0.761414 0.767058 0.841958 0.985304 0.846862 0.822940 0.822930 0.708721 0.853124 0.759218 0.944743 0.807484 0.781685 0.807936 0.815360 0.951519 0.745908 0.825646 0.819130 0.775690 0.863785 0.894806 0.939812 0.915343 0.812519 0.770407 0.717803 0.758147 0.790322 0.000000 0.765905 0.878869 0.878100 0.892564 0.827438 0.961381 0.926302 0.994640 0.928621 0.996682 0.845783 0.896825 0.886536 0.952432 0.890098 0.922240 0.945138 0.969194 0.924268 0.956427 0.935165 0.891214 0.822595 0.806279 0.789321 0.854568 0.804235 0.903261 0.750527 0.623322 0.619877 0.576408 0.889805 0.946375 0.782517 0.787433 0.986477 0.858620 0.936229 0.976589 0.854001 0.952885 0.963923 0.984864 0.840868 0.865949 0.718468 0.979539 0.643886 0.642822 0.988775 0.962511 0.819837 0.913145 0.875625 0.952478 0.764764 0.922049 0.928665 0.804586 0.949127 0.777421 0.887864 0.913573 0.760837 0.833398 0.945569 0.893857 0.783220 0.912626 0.907081 0.942062 0.942916 0.973556 0.985859 0.897229 0.996790 0.787787 0.898803 0.948205
0.656139 0.839718 0.721029 0.755994 0.818478 0.973860 0.755966 0.723890 0.781053 0.942785 0.713023 0.650768 0.762903 0.674171 0.809631 0.616983 0.804191 0.741490 0.811582 0.723675 0.840228 0.940208 0.698034 0.825149 0.797048 0.682414 0.996993 0.986305 0.678567 0.723039 0.673315 0.786214 0.566533 0.675120 0.648981 0.765905 0.000000 0.772058 0.887754 0.838840 0.715278 0.777981 0.945194 0.986680 0.880308 0.938229 0.809180 0.964690 0.927856 0.994028 0.820584 0.939736 0.895273 0.945770 0.922531 0.936606 0.824036 0.774074 0.580240 0.714233 0.563417 0.661014 0.599387 0.658136 0.758735 0.690137 0.663055 0.583526 0.881964 0.929619 0.791636 0.650099 0.824468 0.795435 0.949599 0.931132 0.886754 0.977392 0.731674 0.844167 0.677849 0.834204 0.781928 0.713972 0.695143 0.729923 0.933599 0.923554 0.716889 0.770375 0.852062 0.949364 0.809224 0.953396 0.713244 0.894729 0.812627 0.999302 0.867419 0.879958 0.838275 0.993417 0.843784 0.997411 0.768513 0.838266 0.957882 0.771831 0.783196 0.769121 0.856049 0.949706 0.986494 0.954190 0.989431 0.909217
0.843497 0.923369 0.958939 0.988409 0.836145 0.941703 0.970862 0.977739 0.763104 0.993434 0.953406 0.796863 0.942169 0.996201 0.951459 0.825263 0.809319 0.868852 0.969892 0.953886 0.755885 0.877051 0.908291 0.965464 0.911166 0.829114 0.872382 0.944745 0.913105 0.813044 0.899681 0.914901 0.799047 0.846395 0.920388 0.878869 0.772058 0.000000 0.894480 0.856265 0.850685 0.922720 0.932011 0.903164 0.955957 0.990205 0.995710 0.938876 0.893468 0.888533 0.954281 0.962321 0.951925 0.934321 0.985400 0.996232 0.906789 0.863478 0.788399 0.658426 0.742575 0.745199 0.808190 0.725014 0.905453 0.806768 0.856809 0.830453 0.942031 0.939865 0.929504 0.860577 0.972924 0.996292 0.931463 0.882925 0.849545 0.889329 0.963254 0.933631 0.797594 0.911811 0.902148 0.945365 0.900658 0.939470 0.937752 0.852508 0.954099 0.877427 0.968198 0.957351 0.895348 0.974881 0.954422 0.954020 0.930077 0.907529 0.969224 0.954480 0.979059 0.930365 0.961642 0.970852 0.858200 0.862537 0.865574 0.969285 0.889594 0.883752 0.814726 0.922720 0.927282 0.908880 0.904299 0.985906
