0.000000 0.288917 0.922899 0.817659 0.842206 0.956446 0.900802 0.795427 0.991299 0.930582 0.393404 0.379086 0.839830 0.884719 0.913814 0.784653 0.395605 0.391228 0.614379 0.521326 0.730825 0.931730 0.961262 0.964995 0.909081 0.907681 0.920388 0.810472 0.583823 0.587417 0.865469 0.944682 0.551577 0.523304 0.939441 0.852380 0.706981 0.636406 0.836174 0.694675 0.496942 0.643969 0.738615 0.649118 0.819791 0.666540 0.497496 0.516391 0.599665 0.615875 0.692251 0.721524 0.995747 0.673011 0.516898 0.672655 0.295760 0.355496 0.376629 0.441947 0.493697 0.585543 0.559846 0.457662 0.880366 0.707877 0.661488 0.527139 0.403683 0.489067 0.937979 0.862212 0.655434 0.647248 0.698962 0.958013 0.910317 0.879381 0.533296 0.584341 0.328950 0.383119 0.664297 0.443261 0.612131 0.684999 0.972279 0.956891 0.818422 0.706501 0.868281 0.837510 0.931691 0.781062 0.670397 0.981211 0.819136 0.952098 0.904027 0.951864 0.957640 0.794612 0.876230 0.822381 0.589611 0.736123 0.874569 0.966883 0.976750 0.867172 0.947820 0.734674 0.893699 0.898445 0.845350 0.959601
0.288917 0.000000 0.881496 0.782545 0.772639 0.957274 0.863533 0.755463 0.989839 0.884835 0.448566 0.374732 0.831504 0.809873 0.878533 0.769148 0.437699 0.433983 0.626743 0.514702 0.757524 0.907315 0.991194 0.931350 0.864220 0.913747 0.924185 0.774900 0.509901 0.610088 0.868707 0.888496 0.517921 0.494168 0.946893 0.878030 0.745471 0.712775 0.781127 0.773011 0.538329 0.591980 0.768245 0.676353 0.854723 0.715012 0.533340 0.505015 0.653849 0.609717 0.694985 0.709704 0.965346 0.713368 0.546718 0.763351 0.295663 0.320396 0.378242 0.398032 0.478562 0.580448 0.562926 0.482125 0.851909 0.705527 0.628956 0.521301 0.379015 0.468931 0.911801 0.815184 0.622376 0.643691 0.736899 0.991345 0.910502 0.820937 0.554610 0.577883 0.372953 0.429622 0.652815 0.457995 0.607297 0.689024 0.975482 0.993785 0.827824 0.734903 0.911537 0.885217 0.998728 0.807476 0.685583 0.986397 0.838942 0.997931 0.901471 0.936905 0.999636 0.779291 0.931222 0.915608 0.586071 0.685181 0.933851 0.855827 0.974610 0.873116 0.927807 0.725594 0.956830 0.915760 0.874683 0.916154
0.922899 0.881496 0.000000 0.284743 0.941192 0.935160 0.534766 0.476884 0.584911 0.948269 0.883879 0.776770 0.440133 0.642933 0.699263 0.406631 0.867814 0.880411 0.641760 0.668209 0.684820 0.841161 0.561430 0.519405 0.366033 0.368220 0.814756 0.924911 0.943462 0.920231 0.561263 0.738319 0.619449 0.732857 0.841662 0.951987 0.588292 0.565148 0.500241 0.609173 0.925733 0.926333 0.528520 0.572907 0.801859 0.815222 0.609400 0.734944 0.899596 0.789228 0.690687 0.784532 0.786205 0.870117 0.830445 0.842304 0.947848 0.862694 0.879877 0.981238 0.869094 0.619049 0.593565 0.667443 0.361095 0.378086 0.623937 0.743068 0.773241 0.842035 0.618980 0.585161 0.814689 0.721239 0.904597 0.762320 0.537771 0.677066 0.766902 0.891153 0.861779 0.975820 0.968185 0.973745 0.792913 0.680815 0.999373 0.825893 0.750553 0.728454 0.642531 0.645590 0.586281 0.570393 0.901864 0.774680 0.804748 0.746919 0.750712 0.753573 0.931323 0.798180 0.982892 0.840140 0.707331 0.794803 0.849075 0.879404 0.922793 0.961945 0.962144 0.862984 0.889015 0.866615 0.772367 0.919720
0.817659 0.782545 0.284743 0.000000 0.771585 0.928274 0.612170 0.464117 0.634614 0.972558 0.795606 0.697039 0.494735 0.553005 0.699022 0.454429 0.919913 0.977563 0.671642 0.609161 0.614509 0.857129 0.563062 0.502775 0.355857 0.338143 0.780550 0.851296 0.990557 0.962424 0.603515 0.744054 0.576608 0.703600 0.791797 0.960662 0.519551 0.554307 0.443808 0.624839 0.976901 0.914314 0.561376 0.550270 0.828359 0.806875 0.607023 0.730508 0.825302 0.664966 0.653632 0.729707 0.766426 0.927939 0.768888 0.784403 0.854890 0.992411 0.963253 0.898731 0.879768 0.604919 0.695257 0.773779 0.342511 0.358913 0.627492 0.717214 0.641315 0.645499 0.663810 0.629309 0.886005 0.765391 0.851858 0.791727 0.630265 0.711614 0.685120 0.847556 0.961957 0.918212 0.981624 0.901752 0.689005 0.595726 0.947031 0.859016 0.729603 0.627834 0.739999 0.701686 0.609995 0.623058 0.855829 0.765078 0.856353 0.847063 0.808188 0.848167 0.912876 0.863114 0.978800 0.884959 0.637219 0.711247 0.953150 0.969287 0.911299 0.923261 0.922932 0.944566 0.979779 0.840809 0.767859 0.957671
0.842206 0.772639 0.941192 0.771585 0.000000 0.951027 0.909511 0.788517 0.849061 0.997439 0.900815 0.872098 0.908436 0.755133 0.985182 0.896642 0.890734 0.902161 0.901619 0.859424 0.801425 0.947338 0.898927 0.949871 0.906803 0.833995 0.995856 0.836009 0.849275 0.931772 0.853224 0.836815 0.829500 0.827047 0.858807 0.945581 0.797077 0.865176 0.878715 0.893414 0.952434 0.967226 0.781365 0.700712 0.777895 0.771996 0.829973 0.730983 0.757510 0.735628 0.792889 0.794474 0.929670 0.900661 0.925826 0.801042 0.812900 0.885560 0.871352 0.903856 0.998564 0.914641 0.975446 0.962624 0.866811 0.913141 0.856772 0.750732 0.807820 0.772666 0.842382 0.873837 0.822615 0.875634 0.921395 0.955146 0.808494 0.903430 0.790837 0.939799 0.904477 0.878609 0.830023 0.818321 0.893885 0.898025 0.816232 0.909995 0.982020 0.812495 0.982820 0.937295 0.935191 0.998410 0.872547 0.791628 0.947244 0.967759 0.936625 0.913858 0.759122 0.983857 0.858148 0.791191 0.831432 0.927639 0.992280 0.952177 0.872066 0.808005 0.978279 0.987573 0.937121 0.951391 0.927232 0.811335
0.956446 0.957274 0.935160 0.928274 0.951027 0.000000 0.668735 0.594985 0.801512 0.606939 0.987209 0.808371 0.949158 0.888107 0.711574 0.845949 0.858691 0.988657 0.797910 0.940486 0.858616 0.998400 0.812482 0.776309 0.870167 0.934739 0.517487 0.888642 0.939090 0.865138 0.881325 0.735307 0.803795 0.746387 0.889038 0.886488 0.971657 0.884639 0.999406 0.955939 0.919134 0.927526 0.959183 0.917077 0.870092 0.736924 0.949430 0.749224 0.734575 0.738418 0.883429 0.833354 0.837895 0.929463 0.784786 0.949753 0.909600 0.921101 0.927050 0.984847 0.775415 0.738356 0.942233 0.971177 0.790476 0.839660 0.869202 0.686327 0.917183 0.853249 0.589755 0.604300 0.638897 0.670563 0.917815 0.998981 0.820484 0.816627 0.976573 0.949757 0.925500 0.911284 0.684097 0.789002 0.725639 0.759580 0.764317 0.761355 0.723449 0.615072 0.546374 0.603390 0.611271 0.768957 0.877589 0.981367 0.639938 0.792379 0.588700 0.710599 0.733730 0.841187 0.734816 0.935300 0.891377 0.942063 0.978747 0.876214 0.885011 0.939395 0.940393 0.786284 0.742357 0.966898 0.985870 0.913422
0.900802 0.863533 0.534766 0.612170 0.909511 0.668735 0.000000 0.390020 0.447348 0.651453 0.817723 0.824439 0.764221 0.972720 0.863399 0.506233 0.849042 0.859036 0.436477 0.715028 0.775386 0.911779 0.710300 0.838706 0.814796 0.736516 0.765311 0.854454 0.780754 0.737462 0.419914 0.438646 0.440574 0.455822 0.912286 0.948465 0.847850 0.859435 0.791579 0.887130 0.982708 0.979939 0.568848 0.623590 0.650231 0.831025 0.831179 0.881485 0.973334 0.989167 0.778035 0.889718 0.769456 0.825050 0.888821 0.919917 0.819519 0.874037 0.984322 0.843221 0.714867 0.881891 0.941936 0.961820 0.793873 0.776031 0.405691 0.551265 0.955612 0.972873 0.585296 0.517043 0.547975 0.639304 0.914477 0.873222 0.650164 0.582759 0.819802 0.765968 0.971320 0.941443 0.968407 0.949667 0.928483 0.922486 0.916534 0.860921 0.893562 0.946392 0.551074 0.572552 0.576434 0.660316 0.767532 0.740787 0.707829 0.692143 0.523990 0.585589 0.825499 0.586552 0.846843 0.987771 0.763102 0.938985 0.837414 0.920622 0.883523 0.997778 0.843909 0.745811 0.674716 0.967468 0.842846 0.917521
0.795427 0.755463 0.476884 0.464117 0.788517 0.594985 0.390020 0.000000 0.503697 0.596078 0.740427 0.591810 0.748749 0.796013 0.992241 0.576409 0.844811 0.859065 0.482111 0.574069 0.785679 0.915323 0.882902 0.874851 0.707844 0.630921 0.758317 0.922643 0.843729 0.776779 0.559337 0.570860 0.524715 0.482605 0.953053 0.929893 0.718252 0.757837 0.692199 0.717577 0.857620 0.841561 0.589248 0.646965 0.815234 0.939268 0.766259 0.877945 0.948901 0.974362 0.812927 0.903803 0.909540 0.978967 0.894938 0.867519 0.808274 0.958104 0.926025 0.980948 0.712134 0.551554 0.874699 0.956898 0.761761 0.554250 0.504740 0.556842 0.833554 0.930078 0.448681 0.394120 0.554009 0.577359 0.924340 0.854081 0.587459 0.652403 0.709469 0.775135 0.959612 0.959475 0.845236 0.942048 0.979856 0.963527 0.777608 0.715017 0.950210 0.968500 0.472656 0.516840 0.435487 0.610001 0.822867 0.778191 0.567147 0.714666 0.539260 0.585083 0.676680 0.676037 0.702060 0.950186 0.670037 0.761578 0.849391 0.929348 0.960469 0.933789 0.909594 0.716840 0.775679 0.981018 0.773030 0.908619
0.991299 0.989839 0.584911 0.634614 0.849061 0.801512 0.447348 0.503697 0.000000 0.531154 0.940321 0.829868 0.862459 0.947347 0.939253 0.547555 0.969967 0.993825 0.603288 0.709257 0.752798 0.944617 0.805487 0.946293 0.816187 0.595385 0.874926 0.830181 0.842187 0.884586 0.411884 0.550169 0.641369 0.632575 0.937593 0.989990 0.753431 0.820309 0.742871 0.839540 0.887411 0.952793 0.514687 0.594823 0.623039 0.816231 0.957121 0.940047 0.924597 0.938942 0.792152 0.895027 0.764202 0.668406 0.917156 0.939487 0.934311 0.691956 0.740952 0.641174 0.993218 0.875868 0.754919 0.788533 0.760585 0.847404 0.567058 0.826745 0.926286 0.977010 0.458531 0.439027 0.720452 0.707780 0.985962 0.742961 0.528283 0.504199 0.882739 0.926315 0.873636 0.780835 0.911933 0.813231 0.845376 0.911120 0.806181 0.641173 0.905198 0.924054 0.440056 0.437888 0.442337 0.464912 0.853035 0.752047 0.775503 0.680783 0.499735 0.503947 0.741406 0.541856 0.674125 0.859852 0.797412 0.956110 0.802951 0.837379 0.825444 0.950015 0.817037 0.671921 0.793600 0.870623 0.952265 0.886029
0.930582 0.884835 0.948269 0.972558 0.997439 0.606939 0.651453 0.596078 0.531154 0.000000 0.932567 0.832529 0.857630 0.869807 0.695074 0.880706 0.828751 0.883847 0.721655 0.770261 0.982887 0.871911 0.752172 0.655658 0.787542 0.989276 0.633983 0.655409 0.769083 0.734894 0.729080 0.736867 0.897620 0.729105 0.872971 0.924318 0.995956 0.994488 0.871661 0.990074 0.988224 0.952563 0.861918 0.970688 0.897667 0.890114 0.738079 0.726895 0.796309 0.667198 0.859063 0.773941 0.964494 0.835061 0.740681 0.851553 0.961053 0.736462 0.800571 0.617637 0.934940 0.892287 0.951952 0.973984 0.719714 0.912449 0.813125 0.882905 0.834686 0.699883 0.468140 0.488484 0.600654 0.671166 0.860317 0.874240 0.710148 0.667757 0.966670 0.979231 0.897505 0.737676 0.699329 0.664036 0.461814 0.502454 0.718738 0.610665 0.745373 0.652878 0.404911 0.452103 0.492981 0.568686 0.996601 0.821674 0.705517 0.735652 0.486560 0.590725 0.605107 0.591369 0.494653 0.688452 0.948457 0.941192 0.936410 0.910465 0.820700 0.970812 0.667481 0.666123 0.723710 0.924651 0.959565 0.938067
0.393404 0.448566 0.883879 0.795606 0.900815 0.987209 0.817723 0.740427 0.940321 0.932567 0.000000 0.420380 0.856198 0.894133 0.941047 0.872663 0.404323 0.320428 0.553121 0.550139 0.835091 0.995005 0.888680 0.994243 0.997553 0.987192 0.935617 0.941174 0.467196 0.409146 0.836344 0.909833 0.613264 0.507524 0.961513 0.820025 0.754278 0.727340 0.819599 0.816571 0.581453 0.696569 0.920956 0.824449 0.907752 0.849806 0.652831 0.682205 0.864148 0.880064 0.869900 0.986257 0.859482 0.648407 0.613271 0.806677 0.423757 0.441877 0.571352 0.588953 0.424663 0.615485 0.500512 0.423155 0.968366 0.740557 0.653572 0.628484 0.466577 0.542333 0.917743 0.797982 0.668418 0.694739 0.799496 0.880312 0.972609 0.904140 0.537621 0.605032 0.427898 0.420293 0.724754 0.522718 0.783156 0.792140 0.984102 0.982920 0.855829 0.782115 0.947839 0.882596 0.978529 0.861249 0.711175 0.930998 0.876766 0.924309 0.939232 0.930932 0.948253 0.992916 0.921223 0.790015 0.709070 0.786749 0.736237 0.890825 0.880940 0.821823 0.951035 0.791670 0.928945 0.938825 0.856695 0.984773
0.379086 0.374732 0.776770 0.697039 0.872098 0.808371 0.824439 0.591810 0.829868 0.832529 0.420380 0.000000 0.763873 0.777415 0.968531 0.724006 0.453470 0.485103 0.622267 0.526077 0.739835 0.935933 0.847624 0.994054 0.882212 0.816640 0.999253 0.947198 0.524664 0.585107 0.831740 0.844684 0.582844 0.493240 0.939134 0.838120 0.691172 0.686346 0.743269 0.728067 0.568902 0.626618 0.799868 0.768819 0.930492 0.845318 0.595155 0.708457 0.829968 0.785112 0.784302 0.865454 0.937488 0.733508 0.668801 0.806533 0.467375 0.505606 0.552777 0.546769 0.448529 0.420917 0.666980 0.566984 0.916961 0.609869 0.677618 0.601456 0.450337 0.561505 0.695629 0.623652 0.559416 0.553876 0.697412 0.913248 0.838948 0.803493 0.518680 0.649670 0.476681 0.568767 0.897245 0.630805 0.884097 0.833403 0.850875 0.753380 0.834212 0.867378 0.813748 0.866321 0.748346 0.991925 0.726476 0.928204 0.687735 0.915377 0.829029 0.887311 0.887938 0.986779 0.728107 0.764004 0.585351 0.693612 0.803276 0.917199 0.983517 0.836361 0.970699 0.681794 0.989746 0.996989 0.893630 0.934181
0.839830 0.831504 0.440133 0.494735 0.908436 0.949158 0.764221 0.748749 0.862459 0.857630 0.856198 0.763873 0.000000 0.636155 0.499019 0.450867 0.865338 0.878644 0.809606 0.920752 0.800571 0.892920 0.558326 0.472238 0.512524 0.564663 0.687565 0.850218 0.918159 0.901724 0.816928 0.878238 0.665489 0.849184 0.842911 0.971836 0.675026 0.637633 0.592038 0.711859 0.964028 0.783401 0.792375 0.780642 0.963877 0.883683 0.607828 0.812352 0.811464 0.704913 0.580939 0.687921 0.757643 0.883224 0.784994 0.796635 0.925878 0.938061 0.960270 0.807963 0.707421 0.631337 0.812901 0.830903 0.427605 0.437619 0.806555 0.843945 0.738682 0.685499 0.935312 0.904618 0.979412 0.900234 0.771909 0.820879 0.677864 0.845083 0.835152 0.825615 0.950898 0.822188 0.897002 0.801182 0.623227 0.496893 0.907042 0.936430 0.554042 0.766983 0.840545 0.817064 0.798002 0.778743 0.841984 0.920049 0.931808 0.839526 0.971859 0.989935 0.866386 0.956534 0.871350 0.765033 0.770620 0.821132 0.927461 0.948631 0.862889 0.899635 0.920358 0.907671 0.927605 0.901400 0.762365 0.987163
0.884719 0.809873 0.642933 0.553005 0.755133 0.888107 0.972720 0.796013 0.947347 0.869807 0.894133 0.777415 0.636155 0.000000 0.545681 0.634683 0.818146 0.979107 0.844673 0.779259 0.899028 0.836680 0.592836 0.570393 0.667828 0.630629 0.698047 0.809107 0.894669 0.993936 0.902242 0.806423 0.713138 0.926715 0.797586 0.968263 0.779291 0.715278 0.723652 0.829543 0.886788 0.851951 0.826638 0.761315 0.861422 0.746428 0.775495 0.807939 0.745142 0.552278 0.656714 0.572340 0.763335 0.802310 0.868274 0.974048 0.944206 0.864617 0.927387 0.786976 0.969798 0.795816 0.890488 0.886261 0.596678 0.645479 0.993158 0.954119 0.784659 0.585947 0.999605 0.979116 0.974718 0.931558 0.852098 0.877064 0.764863 0.939141 0.687213 0.990970 0.974229 0.940397 0.790708 0.779359 0.783521 0.676565 0.935895 0.923583 0.858771 0.621757 0.992287 0.935602 0.859971 0.893328 0.979380 0.949980 0.992762 0.944318 0.905016 0.969055 0.936017 0.929625 0.972953 0.903388 0.753758 0.777809 0.845390 0.982172 0.780276 0.883524 0.832768 0.943086 0.922567 0.884602 0.710592 0.909974
0.913814 0.878533 0.699263 0.699022 0.985182 0.711574 0.863399 0.992241 0.939253 0.695074 0.941047 0.968531 0.499019 0.545681 0.000000 0.551395 0.822498 0.985086 0.836975 0.929027 0.863397 0.966006 0.385151 0.465382 0.691542 0.707480 0.551091 0.833757 0.964024 0.971453 0.746866 0.826329 0.701679 0.956012 0.817262 0.972683 0.784736 0.800231 0.711683 0.947504 0.962605 0.936970 0.845200 0.719497 0.746520 0.655745 0.780772 0.777040 0.648318 0.537945 0.525343 0.520538 0.572594 0.701922 0.672416 0.875021 0.862463 0.888036 0.980089 0.921177 0.872982 0.996995 0.978704 0.983816 0.536371 0.825543 0.868864 0.988336 0.813163 0.638169 0.794227 0.833027 0.857937 0.859086 0.899674 0.963919 0.874171 0.890263 0.888729 0.892676 0.873210 0.778246 0.583364 0.681178 0.546210 0.504411 0.802636 0.693836 0.747413 0.692632 0.874809 0.904206 0.919930 0.953009 0.898695 0.966927 0.842335 0.900300 0.838503 0.956950 0.719417 0.942157 0.775059 0.791839 0.873326 0.994336 0.969854 0.974548 0.800519 0.997948 0.874694 0.961971 0.982072 0.924522 0.801498 0.946449
0.784653 0.769148 0.406631 0.454429 0.896642 0.845949 0.506233 0.576409 0.547555 0.880706 0.872663 0.724006 0.450867 0.634683 0.551395 0.000000 0.976172 0.952393 0.581443 0.630494 0.664979 0.864219 0.496156 0.561441 0.548438 0.506730 0.867482 0.975031 0.899989 0.918117 0.458869 0.574517 0.467749 0.593135 0.856133 0.977191 0.644956 0.569641 0.592275 0.713492 0.931965 0.834033 0.497314 0.513112 0.622896 0.659999 0.666222 0.752445 0.705841 0.677135 0.509949 0.612725 0.611558 0.720582 0.810248 0.785547 0.761706 0.995418 0.998399 0.969424 0.742186 0.716792 0.804549 0.855357 0.473814 0.577583 0.573100 0.684865 0.703835 0.754751 0.671274 0.618051 0.763579 0.697221 0.865829 0.790446 0.508083 0.578744 0.695900 0.836595 0.935737 0.916300 0.813747 0.840705 0.753888 0.691273 0.946641 0.869861 0.849751 0.805577 0.648322 0.658570 0.634346 0.661058 0.798254 0.728279 0.859700 0.846560 0.688616 0.662249 0.932324 0.742004 0.875520 0.949009 0.649828 0.840711 0.955493 0.773629 0.989475 0.997229 0.916411 0.760818 0.735735 0.964448 0.737239 0.854860
0.395605 0.437699 0.867814 0.919913 0.890734 0.858691 0.849042 0.844811 0.969967 0.828751 0.404323 0.453470 0.865338 0.818146 0.822498 0.976172 0.000000 0.279778 0.616979 0.590335 0.846194 0.918867 0.657531 0.745167 0.756329 0.801857 0.822747 0.998588 0.428355 0.397941 0.923258 0.930528 0.720508 0.509992 0.875417 0.785591 0.879329 0.898208 0.987625 0.929559 0.561217 0.729299 0.957815 0.876769 0.942973 0.916463 0.788577 0.763339 0.911349 0.988501 0.964428 0.883911 0.743154 0.571662 0.750841 0.853154 0.370606 0.437852 0.494438 0.671121 0.483860 0.745852 0.401115 0.340114 0.760307 0.989462 0.683582 0.621740 0.568935 0.780888 0.869370 0.758400 0.540295 0.641308 0.888163 0.957909 0.948367 0.915586 0.610203 0.642856 0.382586 0.473485 0.769064 0.645687 0.938313 0.958771 0.946112 0.925780 0.986276 0.989503 0.951467 0.866772 0.921537 0.763905 0.728148 0.991547 0.822047 0.883362 0.856084 0.922664 0.965358 0.899042 0.805852 0.664864 0.812530 0.795693 0.859667 0.985085 0.867782 0.897011 0.883842 0.672846 0.961641 0.958450 0.937114 0.993358
0.391228 0.433983 0.880411 0.977563 0.902161 0.988657 0.859036 0.859065 0.993825 0.883847 0.320428 0.485103 0.878644 0.979107 0.985086 0.952393 0.279778 0.000000 0.582078 0.531597 0.894787 0.992219 0.808195 0.865947 0.787461 0.818045 0.957414 0.976341 0.383997 0.330809 0.890830 0.891607 0.656242 0.488602 0.905772 0.816286 0.849378 0.861531 0.995884 0.920832 0.517632 0.726974 0.985699 0.858855 0.886089 0.840942 0.787086 0.706622 0.870548 0.934693 0.966731 0.975564 0.870968 0.610512 0.689848 0.908875 0.341846 0.392112 0.537914 0.663704 0.486505 0.807452 0.354516 0.291881 0.835283 0.988876 0.709999 0.656388 0.553163 0.663902 0.968734 0.843447 0.598007 0.727712 0.937033 0.968795 0.885782 0.895082 0.591586 0.607254 0.374400 0.431828 0.634015 0.546972 0.845039 0.934347 0.970316 0.954516 0.980155 0.888149 0.885607 0.791500 0.869374 0.748838 0.710702 0.974221 0.958593 0.999147 0.920533 0.970204 0.980048 0.920625 0.872660 0.727335 0.790621 0.826124 0.787888 0.908359 0.974848 0.932645 0.945298 0.746861 0.991877 0.988423 0.978970 0.931392
0.614379 0.626743 0.641760 0.671642 0.901619 0.797910 0.436477 0.482111 0.603288 0.721655 0.553121 0.622267 0.809606 0.844673 0.836975 0.581443 0.616979 0.582078 0.000000 0.514611 0.812481 0.988537 0.819894 0.923848 0.945403 0.816243 0.883187 0.921120 0.533911 0.492967 0.556017 0.575559 0.472486 0.377702 0.870046 0.989256 0.835151 0.828700 0.804732 0.915910 0.771154 0.798376 0.689288 0.707957 0.727081 0.786403 0.719160 0.803452 0.872304 0.892436 0.849111 0.888152 0.929038 0.953062 0.793982 0.936247 0.638679 0.826915 0.760807 0.872644 0.541658 0.754556 0.825701 0.787443 0.874339 0.723222 0.479902 0.525307 0.737391 0.824918 0.692228 0.593358 0.569248 0.588185 0.889013 0.938083 0.748887 0.660612 0.639831 0.710353 0.735695 0.728253 0.861747 0.790652 0.884172 0.917298 0.896121 0.957112 0.954128 0.968644 0.751277 0.813209 0.732040 0.861960 0.729220 0.842593 0.743408 0.869522 0.692840 0.698685 0.963568 0.822045 0.856710 0.924513 0.761095 0.923792 0.986523 0.925017 0.942129 0.962982 0.959716 0.735047 0.803841 0.870405 0.773837 0.937219
0.521326 0.514702 0.668209 0.609161 0.859424 0.940486 0.715028 0.574069 0.709257 0.770261 0.550139 0.526077 0.920752 0.779259 0.929027 0.630494 0.590335 0.531597 0.514611 0.000000 0.682884 0.927920 0.940966 0.924057 0.780160 0.738348 0.980824 0.951581 0.571135 0.604101 0.637323 0.713985 0.596533 0.524483 0.930364 0.867162 0.684375 0.619087 0.764905 0.821631 0.657461 0.708458 0.653253 0.603562 0.783908 0.788346 0.744703 0.750749 0.827580 0.782930 0.833595 0.872547 0.949179 0.895116 0.740616 0.868779 0.506467 0.727396 0.817464 0.860616 0.723267 0.696510 0.871687 0.790307 0.813772 0.710602 0.627502 0.658808 0.546260 0.687844 0.623350 0.534935 0.648974 0.605872 0.910044 0.970051 0.760550 0.684285 0.593315 0.817470 0.741293 0.776754 0.852761 0.832597 0.921158 0.960170 0.917543 0.910964 0.999083 0.763067 0.802729 0.841060 0.744748 0.811065 0.763302 0.928501 0.826535 0.884400 0.728943 0.728114 0.885870 0.952624 0.822594 0.838068 0.572251 0.733536 0.985574 0.984802 0.913718 0.982412 0.967907 0.707516 0.873269 0.897867 0.887464 0.992950
0.730825 0.757524 0.684820 0.614509 0.801425 0.858616 0.775386 0.785679 0.752798 0.982887 0.835091 0.739835 0.800571 0.899028 0.863397 0.664979 0.846194 0.894787 0.812481 0.682884 0.000000 0.869901 0.833695 0.882722 0.772744 0.652151 0.855874 0.810069 0.936082 0.935370 0.694034 0.928648 0.730217 0.763138 0.842527 0.905099 0.600131 0.791571 0.672198 0.759981 0.963266 0.897729 0.650631 0.666496 0.813683 0.830651 0.709629 0.732365 0.801440 0.816452 0.830330 0.863791 0.921089 0.999786 0.923209 0.907953 0.795985 0.882104 0.884524 0.913914 0.865127 0.717095 0.889824 0.971315 0.712804 0.716017 0.698855 0.676867 0.735388 0.724475 0.735026 0.744131 0.808938 0.700812 0.920167 0.825339 0.771957 0.734448 0.828380 0.872357 0.876177 0.898252 0.996157 0.943629 0.844443 0.821223 0.941585 0.797362 0.954936 0.890209 0.814151 0.792395 0.806865 0.833312 0.862918 0.875165 0.881946 0.883666 0.766889 0.810512 0.831765 0.966758 0.908602 0.773898 0.642417 0.818099 0.931630 0.982202 0.807463 0.973438 0.988235 0.877200 0.906522 0.994721 0.911509 0.844413
0.931730 0.907315 0.841161 0.857129 0.947338 0.998400 0.911779 0.915323 0.944617 0.871911 0.995005 0.935933 0.892920 0.836680 0.966006 0.864219 0.918867 0.992219 0.988537 0.927920 0.869901 0.000000 0.953066 0.910175 0.812046 0.885573 0.958843 0.973183 0.937578 0.885588 0.839238 0.930023 0.923977 0.879695 0.840259 0.965424 0.684192 0.808415 0.940200 0.814747 0.903648 0.992466 0.816440 0.858396 0.886605 0.913707 0.863995 0.789203 0.954266 0.998370 0.907078 0.973103 0.918276 0.981098 0.828781 0.894831 0.903925 0.994247 0.955860 0.965386 0.995283 0.986735 0.902293 0.960336 0.842448 0.919740 0.834026 0.919515 0.931530 0.980664 0.808505 0.917461 0.998930 0.981068 0.865114 0.912633 0.982347 0.942454 0.942903 0.919287 0.946019 0.883299 0.933557 0.904378 0.852493 0.869563 0.962879 0.984256 0.912571 0.951062 0.940234 0.918022 0.877408 0.885770 0.992165 0.913719 0.897408 0.975336 0.901708 0.976029 0.899799 0.951157 0.968861 0.901847 0.935618 0.994482 0.987880 0.937021 0.939032 0.940831 0.959148 0.957096 0.967298 0.972598 0.977443 0.822681
0.961262 0.991194 0.561430 0.563062 0.898927 0.812482 0.710300 0.882902 0.805487 0.752172 0.888680 0.847624 0.558326 0.592836 0.385151 0.496156 0.657531 0.808195 0.819894 0.940966 0.833695 0.953066 0.000000 0.353104 0.549376 0.582596 0.579742 0.742293 0.874740 0.844484 0.677834 0.737414 0.662479 0.946890 0.755926 0.833818 0.818111 0.816419 0.702876 0.885987 0.871677 0.938047 0.631992 0.574853 0.591658 0.583535 0.756601 0.727730 0.642478 0.526886 0.512707 0.464900 0.420537 0.555963 0.784036 0.830988 0.989018 0.882222 0.865411 0.928250 0.899128 0.860914 0.751415 0.714262 0.405453 0.800173 0.745444 0.920394 0.936891 0.765883 0.894850 0.910649 0.852806 0.849735 0.912107 0.904276 0.718469 0.778735 0.959823 0.961742 0.902358 0.972476 0.707688 0.834426 0.510666 0.474289 0.873079 0.776195 0.762407 0.630841 0.988545 0.943827 0.953545 0.885516 0.988912 0.826285 0.827751 0.989942 0.986161 0.851642 0.840466 0.881382 0.826062 0.746999 0.804299 0.961703 0.905316 0.934629 0.924544 0.999644 0.915542 0.973577 0.849515 0.889426 0.748776 0.940004
0.964995 0.931350 0.519405 0.502775 0.949871 0.776309 0.838706 0.874851 0.946293 0.655658 0.994243 0.994054 0.472238 0.570393 0.465382 0.561441 0.745167 0.865947 0.923848 0.924057 0.882722 0.910175 0.353104 0.000000 0.434759 0.598601 0.569495 0.807180 0.834229 0.851183 0.850378 0.887488 0.780226 0.967156 0.758937 0.933829 0.739239 0.748882 0.609175 0.820629 0.921897 0.948938 0.719656 0.620533 0.732916 0.680918 0.661957 0.659608 0.710841 0.552308 0.556607 0.587851 0.582547 0.765956 0.756113 0.779677 0.934103 0.992210 0.939626 0.922712 0.964080 0.958304 0.763637 0.772759 0.365309 0.644778 0.768995 0.981393 0.844936 0.751418 0.909004 0.909770 0.839331 0.815723 0.860624 0.939574 0.741139 0.861246 0.939220 0.863705 0.996819 0.855174 0.737725 0.736282 0.497308 0.386482 0.869871 0.785009 0.608741 0.525373 0.936349 0.946716 0.972993 0.957327 0.918494 0.846173 0.871887 0.951671 0.918004 0.947387 0.800097 0.989107 0.778693 0.776278 0.816295 0.822865 0.998358 0.984847 0.903360 0.914396 0.871258 0.958945 0.964831 0.899341 0.772499 0.987729
0.909081 0.864220 0.366033 0.355857 0.906803 0.870167 0.814796 0.707844 0.816187 0.787542 0.997553 0.882212 0.512524 0.667828 0.691542 0.548438 0.756329 0.787461 0.945403 0.780160 0.772744 0.812046 0.549376 0.434759 0.000000 0.393504 0.683837 0.838688 0.752665 0.682998 0.726459 0.896384 0.736110 0.900549 0.765326 0.909561 0.591536 0.585699 0.536531 0.584554 0.979346 0.949595 0.549553 0.545083 0.827748 0.773608 0.595773 0.652011 0.760000 0.624035 0.602418 0.664000 0.718618 0.861249 0.737055 0.748088 0.893353 0.944608 0.914484 0.901614 0.944801 0.715832 0.576376 0.666644 0.284137 0.450825 0.751543 0.877748 0.709127 0.733286 0.777953 0.825724 0.943225 0.923291 0.737187 0.841092 0.622873 0.746824 0.867190 0.852046 0.906048 0.999560 0.983025 0.920929 0.616185 0.540320 0.881786 0.912174 0.645332 0.608378 0.868798 0.828697 0.762559 0.697940 0.942872 0.815150 0.913362 0.891904 0.908700 0.884979 0.996679 0.981161 0.899731 0.757779 0.631802 0.751977 0.857978 0.940010 0.874392 0.929746 0.960206 0.988953 0.967834 0.992928 0.830906 0.884934
0.907681 0.913747 0.368220 0.338143 0.833995 0.934739 0.736516 0.630921 0.595385 0.989276 0.987192 0.816640 0.564663 0.630629 0.707480 0.506730 0.801857 0.818045 0.816243 0.738348 0.652151 0.885573 0.582596 0.598601 0.393504 0.000000 0.788181 0.852307 0.887753 0.797575 0.663445 0.800287 0.690732 0.880356 0.658643 0.893284 0.534096 0.657759 0.534454 0.585850 0.909653 0.996553 0.528627 0.592872 0.799636 0.781474 0.676409 0.752618 0.787406 0.644831 0.639178 0.683684 0.769909 0.821812 0.833233 0.820667 0.988862 0.877245 0.828809 0.995916 0.967101 0.690340 0.580690 0.645469 0.381654 0.476105 0.734766 0.826291 0.724415 0.740982 0.672058 0.687180 0.932956 0.825317 0.866272 0.776682 0.542512 0.664845 0.822315 0.916609 0.857946 0.893519 0.976847 0.986055 0.793192 0.695336 0.967476 0.811397 0.829064 0.695942 0.697720 0.656384 0.591712 0.599953 0.836852 0.843593 0.819444 0.795310 0.802993 0.757055 0.940798 0.887357 0.959921 0.922120 0.622910 0.817464 0.822173 0.825543 0.983351 0.892039 0.954568 0.910456 0.907438 0.880670 0.818867 0.889099
0.920388 0.924185 0.814756 0.780550 0.995856 0.517487 0.765311 0.758317 0.874926 0.633983 0.935617 0.999253 0.687565 0.698047 0.551091 0.867482 0.822747 0.957414 0.883187 0.980824 0.855874 0.958843 0.579742 0.569495 0.683837 0.788181 0.000000 0.708657 0.962348 0.893398 0.968814 0.808644 0.994532 0.862044 0.773790 0.856797 0.785496 0.775492 0.828879 0.884014 0.971476 0.919682 0.950857 0.849403 0.890312 0.751972 0.817661 0.722412 0.693962 0.624048 0.762861 0.723247 0.671661 0.856908 0.775654 0.894162 0.926036 0.893521 0.967397 0.875784 0.895526 0.955790 0.933495 0.925483 0.554616 0.876487 0.938067 0.779828 0.813121 0.649341 0.737116 0.691382 0.722623 0.804927 0.781945 0.886105 0.987831 0.971873 0.979872 0.932205 0.935133 0.840323 0.682646 0.705419 0.595142 0.553898 0.797578 0.798466 0.607570 0.623900 0.739356 0.766250 0.785865 0.893953 0.916653 0.975272 0.710243 0.783740 0.721580 0.802299 0.691071 0.801941 0.744499 0.926540 0.925798 0.886071 0.863212 0.923719 0.811239 0.958760 0.900609 0.931480 0.770161 0.925660 0.887338 0.915937
0.810472 0.774900 0.924911 0.851296 0.836009 0.888642 0.854454 0.922643 0.830181 0.655409 0.941174 0.947198 0.850218 0.809107 0.833757 0.975031 0.998588 0.976341 0.921120 0.951581 0.810069 0.973183 0.742293 0.807180 0.838688 0.852307 0.708657 0.000000 0.981388 0.891925 0.867558 0.812089 0.909241 0.890295 0.785521 0.983864 0.896408 0.992635 0.865990 0.755728 0.950645 0.938908 0.924938 0.850877 0.957231 0.855617 0.804506 0.707893 0.736189 0.672386 0.798030 0.697436 0.833866 0.963885 0.752548 0.799041 0.873123 0.734522 0.829926 0.750927 0.953117 0.988388 0.938957 0.921641 0.755809 0.878140 0.959953 0.906632 0.765135 0.693650 0.798349 0.799126 0.856120 0.878778 0.899796 0.823018 0.947094 0.942442 0.843342 0.955204 0.897932 0.768246 0.793570 0.747610 0.600261 0.619645 0.856954 0.769418 0.787246 0.645545 0.740469 0.822155 0.809599 0.872516 0.895789 0.845755 0.776604 0.962570 0.808169 0.854212 0.807628 0.798388 0.744631 0.873348 0.937143 0.906096 0.996527 0.966590 0.878874 0.983174 0.806804 0.900170 0.933031 0.968495 0.910930 0.993077
0.583823 0.509901 0.943462 0.990557 0.849275 0.939090 0.780754 0.843729 0.842187 0.769083 0.467196 0.524664 0.918159 0.894669 0.964024 0.899989 0.428355 0.383997 0.533911 0.571135 0.936082 0.937578 0.874740 0.834229 0.752665 0.887753 0.962348 0.981388 0.000000 0.372471 0.813351 0.805137 0.631598 0.487907 0.936669 0.876357 0.965580 0.968704 0.960375 0.910536 0.639321 0.698475 0.972609 0.906568 0.819372 0.830052 0.911080 0.837589 0.831839 0.908551 0.935905 0.995921 0.986888 0.893823 0.787245 0.999210 0.537635 0.586695 0.688457 0.796432 0.559927 0.909233 0.479455 0.482166 0.802698 0.941878 0.702104 0.728138 0.682185 0.749299 0.894743 0.746956 0.566395 0.718732 0.945829 0.975163 0.989546 0.821265 0.654592 0.771945 0.536303 0.614414 0.688063 0.673946 0.984203 0.960628 0.910457 0.968106 0.944131 0.996979 0.974732 0.988828 0.928587 0.921990 0.802931 0.957796 0.966254 0.968417 0.863004 0.960465 0.951583 0.987712 0.854271 0.704294 0.847490 0.882190 0.787591 0.951364 0.989774 0.951387 0.988387 0.754946 0.951451 0.951896 0.946649 0.872082
0.587417 0.610088 0.920231 0.962424 0.931772 0.865138 0.737462 0.776779 0.884586 0.734894 0.409146 0.585107 0.901724 0.993936 0.971453 0.918117 0.397941 0.330809 0.492967 0.604101 0.935370 0.885588 0.844484 0.851183 0.682998 0.797575 0.893398 0.891925 0.372471 0.000000 0.792636 0.778178 0.685375 0.518688 0.878076 0.878147 0.977977 0.998185 0.932987 0.905480 0.663097 0.714606 0.976331 0.900528 0.833794 0.875132 0.919541 0.900623 0.965497 0.965109 0.979821 0.924635 0.895944 0.795950 0.800513 0.962047 0.558218 0.615724 0.631732 0.806929 0.489453 0.870283 0.428509 0.430092 0.733812 0.945698 0.644039 0.676877 0.745339 0.838468 0.898629 0.803715 0.538827 0.723266 0.980176 0.989383 0.981041 0.804700 0.673349 0.759128 0.534979 0.567125 0.746671 0.682966 0.975620 0.950985 0.855588 0.930228 0.865293 0.987714 0.976676 0.921192 0.982312 0.858977 0.756075 0.912290 0.835210 0.966601 0.828807 0.880739 0.946420 0.933870 0.810916 0.704527 0.883893 0.911483 0.778780 0.968208 0.943031 0.890702 0.989603 0.714131 0.929579 0.934456 0.894042 0.976616
0.865469 0.868707 0.561263 0.603515 0.853224 0.881325 0.419914 0.559337 0.411884 0.729080 0.836344 0.831740 0.816928 0.902242 0.746866 0.458869 0.923258 0.890830 0.556017 0.637323 0.694034 0.839238 0.677834 0.850378 0.726459 0.663445 0.968814 0.867558 0.813351 0.792636 0.000000 0.478108 0.529874 0.557833 0.933940 0.974445 0.716428 0.679479 0.758752 0.795773 0.940709 0.978346 0.479042 0.473725 0.508581 0.651420 0.841751 0.803218 0.781119 0.799664 0.614344 0.735331 0.660898 0.668167 0.775413 0.895592 0.771503 0.870752 0.916336 0.806724 0.860743 0.888590 0.879464 0.935394 0.719924 0.846478 0.482635 0.678612 0.858157 0.878719 0.558006 0.567221 0.669359 0.682948 0.961936 0.818679 0.566917 0.472859 0.719733 0.830833 0.940026 0.992177 0.887692 0.982434 0.945898 0.918970 0.876487 0.736697 0.944530 0.997474 0.609098 0.582050 0.571290 0.593315 0.852303 0.806054 0.852142 0.870076 0.556084 0.594304 0.885587 0.591056 0.774868 0.921152 0.720310 0.993542 0.902441 0.812057 0.922289 0.889931 0.845643 0.879569 0.730983 0.994565 0.878865 0.861261
0.944682 0.888496 0.738319 0.744054 0.836815 0.735307 0.438646 0.570860 0.550169 0.736867 0.909833 0.844684 0.878238 0.806423 0.826329 0.574517 0.930528 0.891607 0.575559 0.713985 0.928648 0.930023 0.737414 0.887488 0.896384 0.800287 0.808644 0.812089 0.805137 0.778178 0.478108 0.000000 0.614372 0.600092 0.950721 0.936521 0.894170 0.913608 0.894510 0.999045 0.928860 0.979061 0.626210 0.670432 0.651187 0.770768 0.883413 0.959199 0.898009 0.847922 0.735654 0.756882 0.768652 0.723039 0.915706 0.977655 0.843374 0.914438 0.978184 0.864541 0.837399 0.974864 0.997710 0.979069 0.893635 0.942469 0.576876 0.672179 0.988973 0.894421 0.679487 0.695824 0.644541 0.748211 0.924763 0.879007 0.710511 0.639062 0.797988 0.817477 0.978392 0.965923 0.933208 0.942493 0.982277 0.995205 0.744166 0.968375 0.802343 0.877280 0.657706 0.613873 0.616359 0.752562 0.778815 0.902747 0.823889 0.908599 0.682967 0.601101 0.880540 0.697965 0.745028 0.898628 0.665110 0.929238 0.948149 0.888370 0.966307 0.983411 0.824371 0.879323 0.754689 0.966232 0.775255 0.904971
0.551577 0.517921 0.619449 0.576608 0.829500 0.803795 0.440574 0.524715 0.641369 0.897620 0.613264 0.582844 0.665489 0.713138 0.701679 0.467749 0.720508 0.656242 0.472486 0.596533 0.730217 0.923977 0.662479 0.780226 0.736110 0.690732 0.994532 0.909241 0.631598 0.685375 0.529874 0.614372 0.000000 0.404170 0.901920 0.960053 0.745767 0.705263 0.781982 0.753162 0.696368 0.784802 0.528048 0.522600 0.610927 0.619147 0.627437 0.610387 0.662799 0.633841 0.565603 0.620902 0.730837 0.934187 0.654975 0.762707 0.527288 0.707605 0.692521 0.748611 0.583650 0.678587 0.863691 0.826478 0.667269 0.626503 0.474382 0.470189 0.623842 0.661903 0.749712 0.678809 0.605266 0.606037 0.843998 0.869497 0.691415 0.585747 0.651295 0.722132 0.676588 0.673165 0.687352 0.684442 0.652959 0.660344 0.966794 0.916537 0.927935 0.743027 0.783023 0.804564 0.722558 0.865956 0.723348 0.734798 0.778303 0.738632 0.635312 0.769007 0.932499 0.834134 0.796163 0.979407 0.564163 0.791428 0.992337 0.873521 0.951330 0.895450 0.987558 0.753045 0.754159 0.958101 0.772445 0.975893
0.523304 0.494168 0.732857 0.703600 0.827047 0.746387 0.455822 0.482605 0.632575 0.729105 0.507524 0.493240 0.849184 0.926715 0.956012 0.593135 0.509992 0.488602 0.377702 0.524483 0.763138 0.879695 0.946890 0.967156 0.900549 0.880356 0.862044 0.890295 0.487907 0.518688 0.557833 0.600092 0.404170 0.000000 0.881014 0.921677 0.748572 0.767427 0.816727 0.831079 0.657818 0.756563 0.646029 0.649419 0.664997 0.743964 0.711769 0.711853 0.815097 0.902319 0.785769 0.898755 0.892459 0.939012 0.770276 0.838002 0.474248 0.705012 0.693429 0.812203 0.522478 0.694427 0.755722 0.692241 0.902340 0.768301 0.436734 0.471892 0.648011 0.778531 0.611989 0.519292 0.440654 0.535029 0.766831 0.961960 0.743265 0.602207 0.628236 0.608475 0.608322 0.678397 0.823884 0.720606 0.878074 0.899265 0.840772 0.836228 0.987739 0.985157 0.718302 0.750947 0.692457 0.846056 0.665391 0.731523 0.735281 0.832924 0.585689 0.683579 0.868357 0.785444 0.735132 0.811182 0.665264 0.779170 0.882689 0.898067 0.969370 0.991723 0.893430 0.659979 0.769060 0.903057 0.832096 0.993439
0.939441 0.946893 0.841662 0.791797 0.858807 0.889038 0.912286 0.953053 0.937593 0.872971 0.961513 0.939134 0.842911 0.797586 0.817262 0.856133 0.875417 0.905772 0.870046 0.930364 0.842527 0.840259 0.755926 0.758937 0.765326 0.658643 0.773790 0.785521 0.936669 0.878076 0.933940 0.950721 0.901920 0.881014 0.000000 0.928524 0.800692 0.828071 0.741457 0.823862 0.902936 0.987924 0.734427 0.732563 0.802152 0.668037 0.769577 0.736124 0.691409 0.646608 0.707972 0.707084 0.806184 0.879654 0.932862 0.832762 0.949871 0.911413 0.929494 0.859022 0.893950 0.956239 0.921211 0.909531 0.731065 0.883075 0.967255 0.960843 0.816812 0.834890 0.898618 0.931494 0.961921 0.890027 0.983280 0.871974 0.831795 0.911667 0.985622 0.937158 0.960414 0.981035 0.923311 0.943717 0.795480 0.753716 0.959054 0.970312 0.789189 0.596228 0.907675 0.890267 0.910113 0.920456 0.826748 0.854811 0.923931 0.842197 0.998487 0.944633 0.950292 0.951685 0.990538 0.939765 0.855088 0.872811 0.992597 0.946438 0.995513 0.792731 0.935170 0.907861 0.897683 0.987370 0.855837 0.896512
0.852380 0.878030 0.951987 0.960662 0.945581 0.886488 0.948465 0.929893 0.989990 0.924318 0.820025 0.838120 0.971836 0.968263 0.972683 0.977191 0.785591 0.816286 0.989256 0.867162 0.905099 0.965424 0.833818 0.933829 0.909561 0.893284 0.856797 0.983864 0.876357 0.878147 0.974445 0.936521 0.960053 0.921677 0.928524 0.000000 0.833863 0.945996 0.993425 0.873115 0.767920 0.953767 0.929938 0.976567 0.836659 0.872871 0.952271 0.996206 0.923656 0.928944 0.989505 0.857489 0.757153 0.802464 0.891539 0.916321 0.863129 0.830095 0.939405 0.888246 0.774620 0.808919 0.892664 0.853885 0.988887 0.829015 0.943441 0.921478 0.741012 0.890518 0.852113 0.777638 0.802195 0.846318 0.984795 0.923573 0.937571 0.985628 0.850149 0.908858 0.884327 0.887378 0.996177 0.959196 0.961787 0.954503 0.923077 0.907785 0.974883 0.906098 0.939331 0.974713 0.975681 0.972788 0.925561 0.913866 0.915266 0.928917 0.954759 0.990656 0.895241 0.840193 0.943601 0.996869 0.863272 0.961388 0.983468 0.897198 0.932335 0.886374 0.940106 0.986499 0.973651 0.872529 0.801746 0.865265
0.706981 0.745471 0.588292 0.519551 0.797077 0.971657 0.847850 0.718252 0.753431 0.995956 0.754278 0.691172 0.675026 0.779291 0.784736 0.644956 0.879329 0.849378 0.835151 0.684375 0.600131 0.684192 0.818111 0.739239 0.591536 0.534096 0.785496 0.896408 0.965580 0.977977 0.716428 0.894170 0.745767 0.748572 0.800692 0.833863 0.000000 0.543293 0.692817 0.528880 0.846960 0.869214 0.589755 0.549917 0.783387 0.734236 0.665887 0.702021 0.724710 0.738654 0.697362 0.768351 0.865913 0.992175 0.775052 0.832754 0.705723 0.830008 0.944116 0.881847 0.881047 0.680983 0.913945 0.974879 0.580261 0.612266 0.710046 0.806236 0.661525 0.683519 0.721160 0.733420 0.860702 0.826948 0.953202 0.870595 0.707529 0.720322 0.750236 0.709676 0.812160 0.830960 0.875030 0.812316 0.787934 0.760861 0.897485 0.781675 0.810787 0.736307 0.838389 0.856892 0.765130 0.781134 0.830551 0.783810 0.945088 0.904373 0.796188 0.863666 0.836623 0.955351 0.923109 0.891956 0.789354 0.782394 0.989607 0.986340 0.953396 0.988716 0.926551 0.943476 0.996197 0.972401 0.851690 0.800488
0.636406 0.712775 0.565148 0.554307 0.865176 0.884639 0.859435 0.757837 0.820309 0.994488 0.727340 0.686346 0.637633 0.715278 0.800231 0.569641 0.898208 0.861531 0.828700 0.619087 0.791571 0.808415 0.816419 0.748882 0.585699 0.657759 0.775492 0.992635 0.968704 0.998185 0.679479 0.913608 0.705263 0.767427 0.828071 0.945996 0.543293 0.000000 0.695389 0.593134 0.820625 0.913094 0.651637 0.588643 0.762220 0.672246 0.699655 0.659309 0.686131 0.691953 0.600926 0.699051 0.817863 0.963846 0.700889 0.785169 0.661018 0.816374 0.873003 0.832584 0.839380 0.682535 0.915395 0.983628 0.585200 0.616731 0.803180 0.859765 0.574195 0.618179 0.807371 0.792608 0.865084 0.670562 0.823005 0.740413 0.720008 0.816309 0.614091 0.849962 0.820695 0.812513 0.764394 0.752765 0.768254 0.730173 0.972909 0.830894 0.706079 0.628976 0.963188 0.918013 0.862222 0.793046 0.887993 0.893670 0.992926 0.891793 0.922187 0.992577 0.921289 0.929114 0.912099 0.981735 0.806797 0.839880 0.876228 0.865593 0.853843 0.940239 0.972798 0.933370 0.905805 0.995811 0.728808 0.930941
