0.000000 0.294813 0.733724 0.639896 0.818877 0.823797 0.764296 0.575170 0.851896 0.950439 0.681417 0.373191 0.688146 0.636755 0.895129 0.872286 0.440742 0.399114 0.457594 0.410910 0.736387 0.936999 0.810072 0.751496 0.686799 0.786821 0.760778 0.960702 0.617853 0.506771 0.755759 0.696359 0.534606 0.562895 0.950234 0.941832 0.648441 0.637952 0.758576 0.725559 0.832426 0.707535 0.978013 0.849800 0.857328 0.990012 0.670728 0.775271 0.929204 0.776496 0.837715 0.791985 0.995192 0.836907 0.652010 0.776659 0.295007 0.292194 0.508103 0.436030 0.617230 0.569708 0.415255 0.303055 0.720205 0.735494 0.814381 0.762928 0.433487 0.494656 0.824136 0.950414 0.937201 0.926627 0.972094 0.990386 0.865593 0.956149 0.760737 0.748567 0.500093 0.542576 0.689210 0.595769 0.481015 0.488242 0.999839 0.951246 0.612646 0.418582 0.649659 0.650300 0.637854 0.627999 0.952678 0.941423 0.771814 0.849770 0.922382 0.884111 0.941184 0.773429 0.981154 0.874155 0.858947 0.875794 0.803986 0.973637 0.960088 0.709229 0.970697 0.995599 0.947892 0.938843 0.917814 0.868152
0.294813 0.000000 0.583409 0.525505 0.784566 0.726288 0.793311 0.578120 0.810928 0.818272 0.819477 0.432907 0.796856 0.730319 0.900581 0.854887 0.387770 0.336070 0.496320 0.444820 0.626255 0.932101 0.751300 0.679978 0.550851 0.672393 0.634296 0.985537 0.677629 0.444677 0.621727 0.629236 0.533956 0.546122 0.858875 0.796221 0.502469 0.525379 0.654942 0.755974 0.819902 0.672915 0.878275 0.779808 0.859269 0.994507 0.609047 0.711958 0.997422 0.785081 0.836213 0.742144 0.920177 0.925960 0.634093 0.737874 0.235752 0.247576 0.548310 0.461916 0.741133 0.601375 0.601073 0.404896 0.594318 0.602611 0.703069 0.670802 0.412375 0.412317 0.752823 0.959324 0.861934 0.969944 0.964796 0.946914 0.947140 0.934828 0.686598 0.633337 0.475237 0.587731 0.572805 0.533478 0.547455 0.456872 0.912914 0.938151 0.771499 0.411553 0.567775 0.591744 0.589987 0.635610 0.958464 0.973321 0.781973 0.835437 0.822495 0.888892 0.837316 0.684613 0.917427 0.967593 0.810726 0.830708 0.749158 0.964979 0.943736 0.651323 0.979040 0.934807 0.961694 0.946106 0.884673 0.873273
0.733724 0.583409 0.000000 0.308393 0.932897 0.862924 0.636104 0.602784 0.827340 0.770595 0.936092 0.796845 0.848004 0.728328 0.695225 0.509195 0.620974 0.593907 0.585373 0.626112 0.536987 0.912061 0.445306 0.438801 0.313845 0.332551 0.545999 0.955586 0.947731 0.595114 0.416977 0.520001 0.571935 0.683960 0.555436 0.615156 0.551882 0.570690 0.587309 0.937770 0.919433 0.733615 0.910421 0.864810 0.699784 0.718668 0.762715 0.851301 0.629269 0.846484 0.913064 0.991887 0.944310 0.974110 0.836770 0.978298 0.590965 0.557963 0.897525 0.802926 0.704498 0.726771 0.964743 0.829335 0.298961 0.344986 0.537412 0.614384 0.682286 0.668221 0.536938 0.717478 0.705943 0.762331 0.729614 0.949514 0.804933 0.754830 0.839568 0.907951 0.949722 0.927065 0.577909 0.846455 0.650985 0.486707 0.874709 0.993968 0.981349 0.735736 0.814035 0.732958 0.931200 0.951412 0.929557 0.895950 0.888634 0.960660 0.775180 0.891304 0.943784 0.838153 0.785616 0.900278 0.707510 0.773851 0.714532 0.863074 0.927208 0.740455 0.936419 0.838251 0.840318 0.947716 0.663417 0.962748
0.639896 0.525505 0.308393 0.000000 0.970232 0.933862 0.534105 0.413128 0.754938 0.963268 0.886204 0.707558 0.765776 0.604037 0.689095 0.433135 0.639002 0.607437 0.500645 0.613283 0.546787 0.954363 0.348450 0.383005 0.406026 0.411207 0.580450 0.959555 0.895761 0.599625 0.351730 0.442006 0.438783 0.624448 0.603667 0.658910 0.581339 0.617023 0.728390 0.979279 0.986315 0.780979 0.722005 0.689220 0.854028 0.891519 0.686101 0.690879 0.800188 0.938043 0.843071 0.750817 0.752139 0.784073 0.783277 0.947468 0.515375 0.494189 0.737858 0.585668 0.619089 0.522109 0.884715 0.675114 0.352398 0.305246 0.451789 0.508282 0.716796 0.618685 0.433851 0.663375 0.620940 0.730809 0.788711 0.876841 0.787770 0.670760 0.680420 0.754207 0.890958 0.944086 0.586626 0.836308 0.578296 0.410548 0.957839 0.970212 0.954479 0.591069 0.923271 0.841230 0.996072 0.991266 0.962861 0.818878 0.794811 0.825822 0.938214 0.959189 0.984179 0.934748 0.829418 0.941313 0.602688 0.631914 0.675116 0.777583 0.974992 0.700699 0.869123 0.976466 0.973793 0.998220 0.599113 0.900837
0.818877 0.784566 0.932897 0.970232 0.000000 0.602436 0.696960 0.764570 0.450835 0.557288 0.754763 0.917741 0.809158 0.902525 0.651179 0.769516 0.781599 0.683956 0.871441 0.944336 0.937719 0.943469 0.746307 0.893305 0.778906 0.874263 0.922656 0.976430 0.935801 0.923616 0.895616 0.884940 0.944509 0.959500 0.966252 0.942172 0.797797 0.779869 0.779200 0.752883 0.705631 0.845892 0.853339 0.941243 0.754258 0.850127 0.922024 0.925389 0.878973 0.962919 0.780156 0.835073 0.714245 0.666490 0.994102 0.957357 0.791953 0.824894 0.974625 0.983121 0.725168 0.666422 0.940153 0.995330 0.861566 0.999430 0.863732 0.954981 0.824072 0.878797 0.682678 0.925692 0.894436 0.795952 0.950874 0.999535 0.759987 0.843641 0.825221 0.975174 0.910930 0.914331 0.989392 0.751042 0.935287 0.907948 0.865250 0.905880 0.977341 0.929474 0.505671 0.528925 0.504962 0.588791 0.834624 0.897932 0.905331 0.753149 0.644578 0.696280 0.669722 0.591046 0.852442 0.854292 0.792867 0.865865 0.924337 0.879476 0.947123 0.899021 0.784573 0.806014 0.750293 0.930992 0.864071 0.933183
0.823797 0.726288 0.862924 0.933862 0.602436 0.000000 0.777184 0.878410 0.541143 0.621717 0.798733 0.910315 0.927091 0.993470 0.816276 0.808753 0.895854 0.783534 0.961733 0.858798 0.774846 0.930483 0.790559 0.883629 0.836809 0.881297 0.831802 0.928634 0.928616 0.862215 0.944199 0.942662 0.961314 0.981022 0.911575 0.993459 0.780969 0.843021 0.784770 0.817959 0.775324 0.912332 0.864503 0.913806 0.662066 0.779090 0.976560 0.861414 0.797986 0.841725 0.819192 0.864195 0.750125 0.700760 0.924576 0.836902 0.773729 0.796645 0.992690 0.940804 0.819241 0.881266 0.967345 0.977890 0.812665 0.925973 0.882523 0.888148 0.754851 0.841404 0.867817 0.874813 0.931124 0.861453 0.839129 0.880466 0.774275 0.816938 0.837987 0.892905 0.979790 0.965799 0.914120 0.797625 0.918572 0.947241 0.936322 0.986391 0.950977 0.918946 0.484555 0.571955 0.519139 0.678662 0.847049 0.962253 0.875052 0.885536 0.626939 0.677269 0.768515 0.744346 0.721512 0.879964 0.844512 0.907903 0.963730 0.856346 0.947597 0.801818 0.983918 0.698004 0.819965 0.962762 0.780564 0.807543
0.764296 0.793311 0.636104 0.534105 0.696960 0.777184 0.000000 0.314099 0.569194 0.521689 0.806207 0.939010 0.798866 0.791700 0.750599 0.675132 0.822632 0.906714 0.541342 0.851835 0.838213 0.852874 0.527256 0.743705 0.913140 0.816243 0.947868 0.984701 0.672024 0.838146 0.500655 0.622415 0.549203 0.529379 0.762063 0.844752 0.919988 0.984837 0.890856 0.992299 0.808844 0.749826 0.596482 0.549154 0.707239 0.696604 0.637719 0.591692 0.746770 0.681862 0.550650 0.559738 0.525449 0.610248 0.698044 0.826177 0.728672 0.735937 0.486407 0.489612 0.330041 0.454956 0.584228 0.611945 0.848153 0.752585 0.476862 0.517857 0.956243 0.739732 0.541212 0.868978 0.646948 0.760566 0.929363 0.898117 0.587145 0.625470 0.775729 0.951955 0.895844 0.900558 0.853901 0.847500 0.707830 0.771470 0.760474 0.823856 0.974777 0.780293 0.672050 0.694506 0.615677 0.719212 0.746642 0.674290 0.640714 0.659811 0.556848 0.559985 0.688812 0.747961 0.797362 0.799435 0.582949 0.567629 0.653356 0.695648 0.966351 0.839227 0.710356 0.678411 0.652494 0.722787 0.595012 0.826533
0.575170 0.578120 0.602784 0.413128 0.764570 0.878410 0.314099 0.000000 0.631194 0.587627 0.879723 0.666029 0.652735 0.568448 0.703151 0.560634 0.707991 0.722611 0.454624 0.656287 0.743642 0.854131 0.447681 0.590263 0.805180 0.758438 0.919815 0.984634 0.614915 0.677042 0.416305 0.503430 0.423841 0.498257 0.762567 0.833729 0.820002 0.866840 0.936900 0.995677 0.869944 0.751685 0.523510 0.484473 0.763485 0.706998 0.569885 0.529042 0.743178 0.617273 0.484985 0.469427 0.495370 0.574229 0.687207 0.786963 0.551776 0.551481 0.456879 0.365226 0.389806 0.289285 0.585061 0.455773 0.755422 0.615128 0.476033 0.470613 0.862922 0.616044 0.447423 0.722793 0.560975 0.667222 0.927264 0.817254 0.641160 0.662599 0.656899 0.733772 0.726979 0.907355 0.788659 0.994533 0.575520 0.581503 0.782551 0.929157 0.857620 0.573006 0.767221 0.778300 0.743316 0.787000 0.761753 0.692128 0.582178 0.663370 0.607608 0.570286 0.719636 0.803281 0.854556 0.769286 0.564016 0.516757 0.613453 0.633793 0.969655 0.755296 0.726647 0.695727 0.663236 0.766222 0.612302 0.828421
0.851896 0.810928 0.827340 0.754938 0.450835 0.541143 0.569194 0.631194 0.000000 0.553070 0.782944 0.924103 0.657719 0.714018 0.533599 0.560257 0.857604 0.773749 0.772740 0.991752 0.940403 0.979496 0.567878 0.731962 0.996054 0.924297 0.946652 0.927034 0.936233 0.934740 0.677581 0.826200 0.920217 0.961641 0.851408 0.974766 0.797743 0.864337 0.807068 0.712355 0.727315 0.935066 0.841359 0.916641 0.875485 0.970098 0.954434 0.921903 0.972236 0.933840 0.867377 0.904971 0.733867 0.667197 0.981469 0.871549 0.808297 0.877532 0.947050 0.984171 0.629787 0.639553 0.993277 0.994428 0.949575 0.813083 0.825232 0.893337 0.830545 0.908568 0.569469 0.709537 0.651491 0.567432 0.941430 0.995758 0.646019 0.730998 0.875424 0.945213 0.836392 0.878146 0.984530 0.642605 0.920223 0.977214 0.868608 0.946093 0.938206 0.936546 0.415940 0.502365 0.410524 0.471300 0.839554 0.779252 0.791208 0.800805 0.652894 0.682665 0.636638 0.647493 0.912481 0.828533 0.736728 0.832499 0.904772 0.688091 0.985888 0.965433 0.861664 0.816908 0.816706 0.970443 0.686417 0.878602
0.950439 0.818272 0.770595 0.963268 0.557288 0.621717 0.521689 0.587627 0.553070 0.000000 0.814787 0.942668 0.802499 0.893810 0.835163 0.961098 0.803126 0.729329 0.909186 0.842990 0.789153 0.912599 0.900057 0.886282 0.552083 0.661494 0.605169 0.949537 0.711502 0.872020 0.887477 0.956882 0.890265 0.832328 0.920610 0.821664 0.625722 0.657066 0.476682 0.849975 0.721681 0.955272 0.658121 0.684897 0.491329 0.520478 0.876989 0.759855 0.504537 0.635495 0.516381 0.604242 0.563157 0.565633 0.920039 0.900700 0.849588 0.835898 0.701814 0.726743 0.596517 0.634612 0.724898 0.837078 0.612222 0.751976 0.882023 0.888436 0.655991 0.940008 0.786335 0.840249 0.833135 0.788665 0.826512 0.943936 0.665869 0.864215 0.984748 0.968983 0.969776 0.801192 0.716604 0.587466 0.936537 0.782266 0.592514 0.772318 0.976622 0.952016 0.379939 0.354149 0.415999 0.529487 0.750093 0.728791 0.733148 0.687063 0.350644 0.415383 0.533932 0.535533 0.629426 0.679292 0.853519 0.781080 0.872569 0.683047 0.964147 0.946748 0.760824 0.572275 0.566816 0.733496 0.833552 0.842382
0.681417 0.819477 0.936092 0.886204 0.754763 0.798733 0.806207 0.879723 0.782944 0.814787 0.000000 0.664756 0.740990 0.833450 0.828894 0.763079 0.765874 0.722040 0.786123 0.654154 0.973265 0.975832 0.685938 0.756196 0.936112 0.912805 0.982835 0.861304 0.812797 0.795884 0.748482 0.845212 0.861522 0.901644 0.803535 0.800749 0.824936 0.867417 0.874199 0.744475 0.632974 0.950091 0.569458 0.680632 0.589141 0.659319 0.781209 0.659304 0.757506 0.696626 0.632792 0.622922 0.509842 0.468589 0.916515 0.903928 0.873511 0.821847 0.935148 0.960692 0.947804 0.933336 0.739975 0.832645 0.990240 0.907657 0.604751 0.677442 0.614940 0.993456 0.834931 0.800658 0.712017 0.671498 0.953253 0.825361 0.589927 0.779433 0.836452 0.859901 0.970161 0.733451 0.971249 0.797752 0.944175 0.968100 0.925772 0.980409 0.816524 0.950712 0.723306 0.725656 0.666109 0.731706 0.713988 0.828172 0.942133 0.786236 0.683335 0.597253 0.991009 0.763846 0.848488 0.944351 0.693067 0.690587 0.823479 0.756452 0.973691 0.987638 0.810861 0.783330 0.648926 0.695742 0.863229 0.687264
0.373191 0.432907 0.796845 0.707558 0.917741 0.910315 0.939010 0.666029 0.924103 0.942668 0.664756 0.000000 0.587399 0.487688 0.887807 0.775424 0.519498 0.437933 0.503389 0.414437 0.735162 0.957545 0.799477 0.720823 0.695661 0.809187 0.837423 0.945972 0.667958 0.476951 0.804513 0.728925 0.663144 0.756507 0.883926 0.974874 0.702727 0.701390 0.817906 0.904623 0.856133 0.757087 0.962304 0.953735 0.789801 0.909521 0.842593 0.883416 0.936682 0.921544 0.956435 0.916865 0.928724 0.864267 0.768727 0.922347 0.480949 0.430418 0.743652 0.641601 0.756412 0.575699 0.611711 0.447808 0.727892 0.716791 0.966090 0.896040 0.415956 0.619172 0.808628 0.870608 0.914928 0.958070 0.990704 0.987191 0.886735 0.976506 0.828471 0.670440 0.548819 0.456111 0.691801 0.604283 0.524696 0.523144 0.886610 0.868749 0.577835 0.548865 0.773175 0.763823 0.740120 0.793985 0.852971 0.948789 0.856450 0.970554 0.879778 0.862515 0.960547 0.886276 0.926088 0.894689 0.861575 0.954522 0.832321 0.958509 0.983547 0.788360 0.991411 0.979843 0.860920 0.899225 0.992021 0.904414
0.688146 0.796856 0.848004 0.765776 0.809158 0.927091 0.798866 0.652735 0.657719 0.802499 0.740990 0.587399 0.000000 0.432938 0.584587 0.729591 0.833509 0.875006 0.552573 0.629592 0.884134 0.902501 0.758452 0.828385 0.872233 0.895957 0.978490 0.920109 0.686316 0.708164 0.768444 0.674684 0.796060 0.842330 0.958663 0.855295 0.854735 0.940691 0.970514 0.999550 0.956050 0.930689 0.956545 0.963417 0.803340 0.833965 0.988686 0.910340 0.841225 0.914636 0.969853 0.997869 0.926050 0.983488 0.983986 0.883556 0.870450 0.778227 0.965655 0.855819 0.564119 0.612960 0.677691 0.675971 0.854428 0.790422 0.913477 0.989954 0.730727 0.866994 0.672183 0.711511 0.723193 0.753820 0.975324 0.940779 0.999493 0.842291 0.939930 0.939034 0.906339 0.801004 0.875733 0.920349 0.778413 0.818014 0.931067 0.905996 0.796911 0.866160 0.797056 0.847551 0.867217 0.795409 0.937871 0.891169 0.664531 0.880378 0.910421 0.987669 0.725742 0.776295 0.933759 0.769882 0.898680 0.902802 0.921547 0.898007 0.963573 0.931108 0.958290 0.992516 0.938133 0.937374 0.869335 0.859868
0.636755 0.730319 0.728328 0.604037 0.902525 0.993470 0.791700 0.568448 0.714018 0.893810 0.833450 0.487688 0.432938 0.000000 0.571807 0.532709 0.808180 0.725167 0.548451 0.514041 0.761068 0.956327 0.588358 0.582570 0.777320 0.754747 0.908100 0.859389 0.776716 0.682615 0.680342 0.624546 0.733150 0.881486 0.851183 0.929033 0.863473 0.886804 0.933108 0.948415 0.983238 0.794615 0.984067 0.979185 0.774521 0.832972 0.963465 0.979129 0.841995 0.940574 0.949317 0.929947 0.991572 0.946243 0.979649 0.887515 0.777454 0.667955 0.936456 0.776142 0.682788 0.524964 0.756743 0.634286 0.740168 0.648176 0.929195 0.912876 0.746757 0.849433 0.585968 0.641395 0.644144 0.602990 0.853605 0.941359 0.998113 0.962674 0.868711 0.851419 0.890757 0.730507 0.838775 0.997821 0.652993 0.634364 0.996099 0.973850 0.785603 0.689286 0.885287 0.926736 0.902225 0.816891 0.981945 0.791751 0.807455 0.887014 0.945334 0.966538 0.768413 0.837879 0.911875 0.769129 0.760095 0.757154 0.873076 0.838796 0.994865 0.840203 0.955184 0.972751 0.992679 0.948215 0.862406 0.939198
0.895129 0.900581 0.695225 0.689095 0.651179 0.816276 0.750599 0.703151 0.533599 0.835163 0.828894 0.887807 0.584587 0.571807 0.000000 0.506095 0.947030 0.915725 0.846362 0.899450 0.795647 0.919108 0.515814 0.648327 0.827181 0.769090 0.958520 0.908576 0.864668 0.861480 0.682972 0.695083 0.856549 0.969932 0.737539 0.949745 0.947867 0.935292 0.966262 0.816536 0.826804 0.993772 0.918547 0.993943 0.896928 0.847223 0.935980 0.981898 0.782859 0.837054 0.967654 0.975667 0.930906 0.769651 0.862083 0.792556 0.843267 0.950611 0.831279 0.935592 0.737348 0.761654 0.958879 0.969538 0.760328 0.691588 0.865208 0.882546 0.989058 0.984711 0.521290 0.550486 0.615991 0.592848 0.747548 0.979496 0.768623 0.852281 0.961336 0.972394 0.868564 0.999838 0.831856 0.807385 0.866029 0.852527 0.985664 0.983729 0.975811 0.921889 0.642850 0.701599 0.648714 0.539923 0.965545 0.914023 0.895674 0.939826 0.867169 0.830526 0.754183 0.641643 0.976541 0.862561 0.741114 0.841067 0.873542 0.889604 0.834031 0.995989 0.929728 0.983279 0.978296 0.909792 0.828684 0.829134
0.872286 0.854887 0.509195 0.433135 0.769516 0.808753 0.675132 0.560634 0.560257 0.961098 0.763079 0.775424 0.729591 0.532709 0.506095 0.000000 0.875626 0.883458 0.658473 0.757171 0.665556 0.960611 0.275322 0.321555 0.577094 0.527563 0.735837 0.928970 0.900936 0.682355 0.516544 0.549926 0.611145 0.874585 0.522823 0.793965 0.835107 0.872433 0.847376 0.943075 0.923156 0.978195 0.782115 0.803867 0.942118 0.904766 0.833340 0.777610 0.834244 0.963350 0.868364 0.822275 0.749838 0.694253 0.872132 0.998679 0.843043 0.779152 0.919393 0.821572 0.694677 0.588107 0.991870 0.814950 0.499601 0.414861 0.524806 0.608400 0.869802 0.831807 0.445451 0.623989 0.603276 0.596944 0.747775 0.828816 0.682050 0.792409 0.841453 0.805049 0.985315 0.872586 0.646618 0.984582 0.547264 0.502313 0.905501 0.768379 0.818323 0.694271 0.805341 0.919282 0.768938 0.783445 0.907546 0.796083 0.821829 0.950606 0.906085 0.854076 0.849241 0.847285 0.951131 0.950215 0.517353 0.676313 0.773232 0.796812 0.989690 0.885065 0.863680 0.906751 0.921285 0.964046 0.650211 0.801147
0.440742 0.387770 0.620974 0.639002 0.781599 0.895854 0.822632 0.707991 0.857604 0.803126 0.765874 0.519498 0.833509 0.808180 0.947030 0.875626 0.000000 0.344028 0.566976 0.556836 0.697647 0.975536 0.776509 0.758594 0.533856 0.671772 0.699979 0.992755 0.570303 0.428406 0.708928 0.705815 0.640059 0.589109 0.785227 0.821511 0.599276 0.579374 0.688890 0.720616 0.867559 0.627854 0.941159 0.822440 0.895960 0.991182 0.605891 0.731466 0.955957 0.859197 0.973960 0.889048 0.990860 0.891619 0.571868 0.639416 0.412802 0.397751 0.692998 0.653723 0.776991 0.748111 0.612671 0.498577 0.613976 0.661111 0.746434 0.701797 0.472461 0.542923 0.786307 0.974952 0.962524 0.893460 0.993256 0.959116 0.999232 0.908053 0.810505 0.686670 0.483350 0.510136 0.583964 0.468708 0.539709 0.519171 0.770114 0.940001 0.764965 0.499692 0.655444 0.643595 0.677889 0.671009 0.865970 0.880402 0.817958 0.865709 0.796770 0.869039 0.911669 0.719171 0.895184 0.985446 0.856385 0.863637 0.880403 0.959182 0.984135 0.647792 0.964174 0.908879 0.875164 0.936300 0.871785 0.952914
0.399114 0.336070 0.593907 0.607437 0.683956 0.783534 0.906714 0.722611 0.773749 0.729329 0.722040 0.437933 0.875006 0.725167 0.915725 0.883458 0.344028 0.000000 0.552150 0.463741 0.634591 0.996044 0.816890 0.713950 0.499966 0.586122 0.666950 0.933163 0.691308 0.449334 0.696044 0.689971 0.619164 0.682810 0.803581 0.802440 0.539745 0.490617 0.634329 0.777992 0.812464 0.623160 0.988528 0.878059 0.760426 0.899669 0.710421 0.768583 0.885667 0.936481 0.997782 0.904176 0.925642 0.830968 0.642899 0.798619 0.358985 0.317467 0.745365 0.666219 0.877104 0.735160 0.699288 0.488751 0.565366 0.604995 0.812126 0.784041 0.431786 0.499541 0.824351 0.979960 0.996883 0.946540 0.983032 0.989378 0.911767 0.996244 0.735051 0.641413 0.486861 0.501123 0.610271 0.467741 0.577103 0.464398 0.752584 0.987675 0.759311 0.513391 0.549786 0.543747 0.589306 0.615329 0.927290 0.920342 0.904962 0.999084 0.711597 0.804644 0.848492 0.634532 0.845219 0.970627 0.846482 0.886301 0.794515 0.966630 0.952734 0.700756 0.969508 0.791389 0.766890 0.935154 0.911268 0.903149
0.457594 0.496320 0.585373 0.500645 0.871441 0.961733 0.541342 0.454624 0.772740 0.909186 0.786123 0.503389 0.552573 0.548451 0.846362 0.658473 0.566976 0.552150 0.000000 0.451640 0.724460 0.933587 0.587017 0.642545 0.633866 0.654333 0.737075 0.992115 0.694462 0.539427 0.583622 0.604945 0.551183 0.611336 0.785655 0.858534 0.625004 0.678608 0.870008 0.778693 0.841813 0.711477 0.954231 0.848453 0.861369 0.916869 0.724771 0.812233 0.895209 0.946235 0.887392 0.840043 0.926134 0.979930 0.633430 0.917828 0.493894 0.436075 0.657866 0.572366 0.460351 0.441279 0.557777 0.442606 0.605072 0.561716 0.697952 0.751780 0.559575 0.603057 0.688402 0.916594 0.751792 0.859464 0.930588 0.961684 0.984475 0.847097 0.911096 0.834732 0.687851 0.686055 0.666029 0.745660 0.464006 0.473860 0.953623 0.981001 0.762215 0.531330 0.942447 0.893475 0.972464 0.927749 0.958532 0.853975 0.654061 0.783787 0.964295 0.985364 0.786574 0.954394 0.960061 0.881019 0.665695 0.766703 0.818212 0.948383 0.953876 0.721694 0.822303 0.973804 0.920016 0.999283 0.711490 0.900127
0.410910 0.444820 0.626112 0.613283 0.944336 0.858798 0.851835 0.656287 0.991752 0.842990 0.654154 0.414437 0.629592 0.514041 0.899450 0.757171 0.556836 0.463741 0.451640 0.000000 0.702151 0.899079 0.748801 0.663268 0.594174 0.685661 0.671347 0.949957 0.762262 0.528164 0.734032 0.703248 0.646494 0.729990 0.874303 0.865843 0.588975 0.608806 0.756085 0.867518 0.822925 0.733921 0.829876 0.924065 0.651187 0.748630 0.872430 0.975434 0.791223 0.897267 0.904478 0.968130 0.838891 0.759469 0.856107 0.965481 0.479215 0.396515 0.807506 0.681994 0.726533 0.608316 0.647423 0.485410 0.630195 0.646586 0.912701 0.875481 0.408128 0.576104 0.776039 0.929607 0.885640 0.986531 0.917666 0.959943 0.873330 0.970186 0.851750 0.757550 0.681920 0.566065 0.664249 0.656614 0.555931 0.555101 0.929320 0.930162 0.678252 0.580087 0.697791 0.701238 0.723309 0.787757 0.929736 0.956109 0.810950 0.988528 0.782574 0.741437 0.954579 0.751120 0.840910 0.927711 0.867063 0.894678 0.922836 0.988750 0.871718 0.786622 0.967899 0.831113 0.804211 0.906164 0.966562 0.891237
0.736387 0.626255 0.536987 0.546787 0.937719 0.774846 0.838213 0.743642 0.940403 0.789153 0.973265 0.735162 0.884134 0.761068 0.795647 0.665556 0.697647 0.634591 0.724460 0.702151 0.000000 0.999866 0.661844 0.634615 0.526737 0.510476 0.721596 0.995223 0.964693 0.722430 0.570643 0.705803 0.646127 0.782364 0.734496 0.834440 0.663194 0.815205 0.754587 0.973495 0.808539 0.799362 0.948371 0.942504 0.773496 0.789472 0.876129 0.896302 0.767981 0.951000 0.968535 0.952163 0.995710 0.999741 0.819992 0.971805 0.656734 0.656820 0.895033 0.875877 0.881176 0.793287 0.904110 0.828515 0.531558 0.564203 0.683298 0.767294 0.695507 0.807812 0.721018 0.842534 0.703748 0.764478 0.751546 0.929807 0.910325 0.886714 0.762995 0.764952 0.859709 0.880731 0.716884 0.838538 0.746665 0.605440 0.900929 0.932456 0.930713 0.774814 0.754410 0.711329 0.804573 0.968931 0.921792 0.918660 0.896395 0.848375 0.804070 0.920759 0.862345 0.859753 0.789409 0.974184 0.763018 0.824398 0.888798 0.954495 0.897957 0.843020 0.939497 0.804728 0.910171 0.962167 0.734684 0.965680
0.936999 0.932101 0.912061 0.954363 0.943469 0.930483 0.852874 0.854131 0.979496 0.912599 0.975832 0.957545 0.902501 0.956327 0.919108 0.960611 0.975536 0.996044 0.933587 0.899079 0.999866 0.000000 0.993814 0.994530 0.943043 0.963153 0.913540 0.865256 0.960816 0.944144 0.869181 0.878803 0.934862 0.747548 0.938818 0.952160 0.980528 0.965863 0.905904 0.806665 0.894555 0.852395 0.846757 0.871885 0.901390 0.909973 0.852373 0.988685 0.886460 0.884733 0.885016 0.924066 0.939921 0.912925 0.938023 0.912993 0.974151 0.985698 0.884117 0.922132 0.835157 0.930298 0.933504 0.952232 0.994076 0.987091 0.850135 0.867560 0.996138 0.943747 0.950649 0.794906 0.919810 0.876667 0.920118 0.993953 0.961502 0.901701 0.980130 0.885083 0.969664 0.971524 0.949764 0.983238 0.943543 0.997078 0.899611 0.842509 0.872915 0.978259 0.892489 0.907321 0.907034 0.887107 0.833094 0.937972 0.956401 0.970312 0.837027 0.848542 0.921359 0.978005 0.787459 0.857957 0.954911 0.903873 0.798456 0.982654 0.962902 0.784617 0.879982 0.882459 0.837245 0.987581 0.745261 0.900044
0.810072 0.751300 0.445306 0.348450 0.746307 0.790559 0.527256 0.447681 0.567878 0.900057 0.685938 0.799477 0.758452 0.588358 0.515814 0.275322 0.776509 0.816890 0.587017 0.748801 0.661844 0.993814 0.000000 0.314166 0.558239 0.517540 0.693705 0.931829 0.834248 0.629575 0.385800 0.463421 0.505005 0.762631 0.548809 0.720640 0.776798 0.800121 0.845074 0.951443 0.896481 0.875017 0.696599 0.711657 0.968506 0.997169 0.717973 0.698201 0.912584 0.858566 0.768087 0.707074 0.644902 0.628935 0.796872 0.941819 0.720314 0.679424 0.800190 0.696298 0.601430 0.534690 0.910799 0.724860 0.490422 0.401942 0.403104 0.492810 0.886177 0.716637 0.369955 0.638314 0.557600 0.618764 0.787605 0.870253 0.641218 0.724123 0.772831 0.745160 0.903414 0.919086 0.591698 0.989437 0.510041 0.455848 0.978005 0.805249 0.911662 0.630605 0.820555 0.916442 0.750807 0.778323 0.902441 0.785601 0.751781 0.816417 0.859005 0.772781 0.833906 0.844096 0.999864 0.953986 0.474434 0.576237 0.771436 0.757857 0.946000 0.828660 0.791734 0.859071 0.893281 0.915334 0.616240 0.802062
0.751496 0.679978 0.438801 0.383005 0.893305 0.883629 0.743705 0.590263 0.731962 0.886282 0.756196 0.720823 0.828385 0.582570 0.648327 0.321555 0.758594 0.713950 0.642545 0.663268 0.634615 0.994530 0.314166 0.000000 0.472863 0.448454 0.613939 0.965732 0.978369 0.636390 0.494221 0.574899 0.525719 0.829844 0.564828 0.756112 0.680968 0.717769 0.687737 0.996907 0.996367 0.862108 0.798464 0.817979 0.905698 0.898424 0.734597 0.748822 0.827522 0.928386 0.858643 0.781524 0.769994 0.734594 0.805773 0.979752 0.668450 0.635089 0.878375 0.782924 0.808792 0.651212 0.997594 0.769510 0.453114 0.387423 0.468217 0.558233 0.789691 0.728985 0.527637 0.651211 0.660492 0.625365 0.751317 0.813232 0.783516 0.760619 0.783838 0.717578 0.863132 0.818983 0.574983 0.837413 0.545418 0.394551 0.847471 0.722474 0.861661 0.622780 0.978796 0.864790 0.956115 0.973353 0.940312 0.860486 0.822346 0.934262 0.982493 0.945977 0.973258 0.995641 0.922867 0.936398 0.549839 0.650738 0.840036 0.877054 0.977882 0.826985 0.917987 0.933091 0.991443 0.963022 0.693334 0.805748
0.686799 0.550851 0.313845 0.406026 0.778906 0.836809 0.913140 0.805180 0.996054 0.552083 0.936112 0.695661 0.872233 0.777320 0.827181 0.577094 0.533856 0.499966 0.633866 0.594174 0.526737 0.943043 0.558239 0.472863 0.000000 0.298063 0.474510 0.963497 0.972346 0.569320 0.561980 0.643209 0.654906 0.817614 0.606071 0.649213 0.488026 0.509830 0.510688 0.860089 0.799220 0.754547 0.949213 0.989525 0.575032 0.593923 0.844010 0.947879 0.525423 0.769849 0.754568 0.866338 0.863624 0.853080 0.857390 0.998158 0.575303 0.526348 0.964522 0.926629 0.918295 0.855219 0.949653 0.847492 0.257903 0.336251 0.696478 0.735237 0.534663 0.723436 0.668226 0.801362 0.844863 0.926534 0.771235 0.996757 0.980136 0.835279 0.899488 0.828251 0.874741 0.741816 0.498201 0.606634 0.605597 0.430854 0.689977 0.877107 0.943428 0.678500 0.623212 0.536822 0.694183 0.743050 0.814365 0.933091 0.982178 0.889152 0.557107 0.666980 0.756580 0.645468 0.673492 0.752298 0.793051 0.900566 0.833856 0.938913 0.980508 0.740265 0.920179 0.710723 0.664536 0.787519 0.717861 0.969161
0.786821 0.672393 0.332551 0.411207 0.874263 0.881297 0.816243 0.758438 0.924297 0.661494 0.912805 0.809187 0.895957 0.754747 0.769090 0.527563 0.671772 0.586122 0.654333 0.685661 0.510476 0.963153 0.517540 0.448454 0.298063 0.000000 0.593292 0.974459 0.951397 0.675087 0.552389 0.643367 0.615500 0.810885 0.531135 0.642904 0.575988 0.582883 0.603964 0.892607 0.870826 0.797736 0.929876 0.901518 0.685501 0.688655 0.804290 0.899070 0.599420 0.829965 0.875410 0.976284 0.962274 0.995583 0.792219 0.976539 0.663231 0.619236 0.990310 0.919962 0.892811 0.834041 0.943509 0.888975 0.311346 0.337957 0.604985 0.653902 0.713419 0.754471 0.647168 0.758393 0.756267 0.794802 0.729895 0.911813 0.902512 0.739604 0.853876 0.883028 0.923804 0.863622 0.539222 0.732007 0.655673 0.451833 0.723663 0.998881 0.965507 0.768382 0.765926 0.658541 0.847642 0.845302 0.955951 0.823319 0.932875 0.859668 0.701897 0.790785 0.864142 0.793405 0.704708 0.849646 0.684820 0.769069 0.793424 0.964676 0.943729 0.748069 0.937521 0.719692 0.808349 0.927772 0.679731 0.994601
0.760778 0.634296 0.545999 0.580450 0.922656 0.831802 0.947868 0.919815 0.946652 0.605169 0.982835 0.837423 0.978490 0.908100 0.958520 0.735837 0.699979 0.666950 0.737075 0.671347 0.721596 0.913540 0.693705 0.613939 0.474510 0.593292 0.000000 0.988217 0.954530 0.704605 0.725018 0.714440 0.730604 0.918855 0.762198 0.734764 0.502204 0.527908 0.605477 0.969674 0.840253 0.765997 0.840412 0.865584 0.629894 0.664970 0.980357 0.902962 0.645990 0.839852 0.814566 0.908908 0.920207 0.785628 0.929592 0.939745 0.633320 0.605637 0.973414 0.900446 0.948087 0.886269 0.968356 0.869879 0.482975 0.584510 0.770037 0.901171 0.635139 0.733419 0.806777 0.947104 0.990653 0.855153 0.794519 0.926028 0.945369 0.998604 0.941648 0.864960 0.990950 0.921107 0.625839 0.717906 0.669293 0.602685 0.676775 0.780220 0.932455 0.729111 0.628308 0.615347 0.707344 0.771386 0.865373 0.945079 0.955958 0.961691 0.577933 0.668960 0.658715 0.701761 0.722582 0.837320 0.870214 0.926191 0.976061 0.884691 0.922924 0.869092 0.959888 0.805873 0.731847 0.846723 0.983699 0.892778
0.960702 0.985537 0.955586 0.959555 0.976430 0.928634 0.984701 0.984634 0.927034 0.949537 0.861304 0.945972 0.920109 0.859389 0.908576 0.928970 0.992755 0.933163 0.992115 0.949957 0.995223 0.865256 0.931829 0.965732 0.963497 0.974459 0.988217 0.000000 0.935900 0.950054 0.991109 0.995925 0.943567 0.957995 0.889704 0.945299 0.940753 0.908140 0.792159 0.874732 0.880517 0.991011 0.851934 0.868181 0.837077 0.841340 0.853902 0.917053 0.858597 0.822881 0.866308 0.860375 0.898319 0.873375 0.879862 0.872123 0.959910 0.906538 0.871255 0.932665 0.932174 0.983300 0.960818 0.954410 0.934455 0.943035 0.908617 0.932160 0.973663 0.995096 0.904389 0.990023 0.973548 0.984985 0.939590 0.916762 0.911712 0.880157 0.973341 0.997285 0.956019 0.966058 0.992314 0.886224 0.934150 0.952039 0.924496 0.943376 0.920870 0.971434 0.964631 0.931021 0.999170 0.961065 0.921831 0.964406 0.855515 0.946327 0.917294 0.898461 0.932999 0.890464 0.853567 0.958237 0.904615 0.771470 0.960146 0.931770 0.864432 0.838406 0.935383 0.834971 0.936359 0.783599 0.991549 0.919942
0.617853 0.677629 0.947731 0.895761 0.935801 0.928616 0.672024 0.614915 0.936233 0.711502 0.812797 0.667958 0.686316 0.776716 0.864668 0.900936 0.570303 0.691308 0.694462 0.762262 0.964693 0.960816 0.834248 0.978369 0.972346 0.951397 0.954530 0.935900 0.000000 0.523339 0.813335 0.802538 0.782488 0.684381 0.890308 0.952790 0.865203 0.919245 0.909750 0.779903 0.985387 0.817027 0.819564 0.753805 0.813778 0.736666 0.722418 0.796579 0.715020 0.663975 0.745479 0.719788 0.832212 0.890624 0.751864 0.705806 0.701929 0.679976 0.654794 0.634521 0.638118 0.705436 0.503144 0.515377 0.982749 0.977001 0.869997 0.802686 0.787611 0.665769 0.687411 0.922120 0.887648 0.995947 0.957340 0.957978 0.808265 0.967159 0.867327 0.835143 0.617529 0.706601 0.890875 0.929158 0.700553 0.873710 0.970799 0.936582 0.773958 0.679957 0.895733 0.818084 0.899631 0.909187 0.965626 0.828190 0.714439 0.815882 0.771664 0.756467 0.799644 0.864351 0.767903 0.689960 0.876183 0.902806 0.891919 0.905568 0.870299 0.863623 0.824905 0.817469 0.861923 0.861475 0.942214 0.989315
0.506771 0.444677 0.595114 0.599625 0.923616 0.862215 0.838146 0.677042 0.934740 0.872020 0.795884 0.476951 0.708164 0.682615 0.861480 0.682355 0.428406 0.449334 0.539427 0.528164 0.722430 0.944144 0.629575 0.636390 0.569320 0.675087 0.704605 0.950054 0.523339 0.000000 0.661561 0.642126 0.634701 0.706762 0.730602 0.839241 0.602897 0.675006 0.653213 0.735031 0.834846 0.870927 0.970175 0.885436 0.853616 0.924142 0.682421 0.805610 0.903525 0.889146 0.968239 0.865007 0.976872 0.958289 0.664726 0.852111 0.465057 0.435613 0.733759 0.650321 0.727936 0.711959 0.682905 0.541972 0.565988 0.614983 0.731951 0.728675 0.466383 0.476041 0.637318 0.903248 0.920082 0.974184 0.976952 0.987610 0.947631 0.951563 0.851820 0.701548 0.588877 0.571375 0.580659 0.665702 0.523250 0.536081 0.868594 0.820593 0.706818 0.520684 0.751536 0.726143 0.781417 0.789469 0.828082 0.979073 0.783369 0.938661 0.842225 0.910236 0.983783 0.829533 0.959636 0.984357 0.836754 0.882728 0.862897 0.983808 0.984526 0.779400 0.816705 0.965576 0.850194 0.989408 0.839675 0.951600
0.755759 0.621727 0.416977 0.351730 0.895616 0.944199 0.500655 0.416305 0.677581 0.887477 0.748482 0.804513 0.768444 0.680342 0.682972 0.516544 0.708928 0.696044 0.583622 0.734032 0.570643 0.869181 0.385800 0.494221 0.561980 0.552389 0.725018 0.991109 0.813335 0.661561 0.000000 0.402700 0.493704 0.620010 0.651402 0.686369 0.780484 0.766587 0.909265 0.952303 0.979486 0.761957 0.642498 0.637356 0.966543 0.948780 0.690666 0.664821 0.959611 0.826613 0.761352 0.673384 0.668892 0.668716 0.787458 0.861422 0.605610 0.615512 0.749783 0.660211 0.634705 0.556483 0.883007 0.714147 0.543552 0.505495 0.449106 0.493533 0.855493 0.676086 0.433676 0.572639 0.523397 0.632463 0.919514 0.877378 0.601453 0.607160 0.688735 0.695330 0.835977 0.991707 0.758415 0.958896 0.707653 0.593379 0.879871 0.847527 0.968247 0.669713 0.886881 0.927124 0.783459 0.745456 0.897539 0.768104 0.740561 0.788896 0.857699 0.724724 0.874355 0.899479 0.934555 0.943909 0.567881 0.586253 0.625934 0.679678 0.956299 0.715737 0.774581 0.942901 0.843973 0.888889 0.622845 0.812405
0.696359 0.629236 0.520001 0.442006 0.884940 0.942662 0.622415 0.503430 0.826200 0.956882 0.845212 0.728925 0.674684 0.624546 0.695083 0.549926 0.705815 0.689971 0.604945 0.703248 0.705803 0.878803 0.463421 0.574899 0.643209 0.643367 0.714440 0.995925 0.802538 0.642126 0.402700 0.000000 0.535449 0.702619 0.704226 0.753826 0.785107 0.768052 0.844290 0.944328 0.957276 0.820053 0.664853 0.669364 0.974477 0.978133 0.675925 0.692541 0.938563 0.826621 0.799792 0.709626 0.716601 0.757236 0.871401 0.954575 0.652176 0.622176 0.754317 0.655904 0.599697 0.562225 0.800655 0.635693 0.547012 0.491372 0.575276 0.573701 0.807603 0.751541 0.490379 0.744663 0.689484 0.741311 0.910084 0.862599 0.751127 0.781569 0.731000 0.729959 0.775322 0.848943 0.657971 0.935295 0.600114 0.541524 0.945614 0.950872 0.883504 0.655980 0.969571 0.971906 0.912389 0.900412 0.964626 0.854190 0.822596 0.755424 0.930436 0.869335 0.914847 0.917377 0.964868 0.964287 0.550506 0.588728 0.682315 0.800273 0.940684 0.785077 0.795970 0.954143 0.901192 0.935658 0.769100 0.931983
0.534606 0.533956 0.571935 0.438783 0.944509 0.961314 0.549203 0.423841 0.920217 0.890265 0.861522 0.663144 0.796060 0.733150 0.856549 0.611145 0.640059 0.619164 0.551183 0.646494 0.646127 0.934862 0.505005 0.525719 0.654906 0.615500 0.730604 0.943567 0.782488 0.634701 0.493704 0.535449 0.000000 0.530281 0.682968 0.771875 0.753307 0.715960 0.865398 0.982393 0.933683 0.813965 0.706698 0.631784 0.900468 0.859097 0.601579 0.622954 0.881120 0.704480 0.651887 0.591482 0.706042 0.758818 0.665398 0.752585 0.477083 0.488834 0.509946 0.465379 0.587115 0.476939 0.630870 0.490179 0.646145 0.587991 0.428872 0.472477 0.713156 0.519573 0.633548 0.819791 0.673550 0.832603 0.893675 0.799427 0.775530 0.749503 0.714827 0.625343 0.689148 0.864886 0.647789 0.782330 0.548130 0.461937 0.896990 0.973304 0.831941 0.551033 0.925362 0.863290 0.965476 0.959313 0.896651 0.798280 0.635580 0.853748 0.834520 0.817280 0.961045 0.986286 0.958947 0.884306 0.584340 0.601957 0.720557 0.843159 0.989482 0.796797 0.837237 0.811460 0.888738 0.804959 0.680842 0.951738
0.562895 0.546122 0.683960 0.624448 0.959500 0.981022 0.529379 0.498257 0.961641 0.832328 0.901644 0.756507 0.842330 0.881486 0.969932 0.874585 0.589109 0.682810 0.611336 0.729990 0.782364 0.747548 0.762631 0.829844 0.817614 0.810885 0.918855 0.957995 0.684381 0.706762 0.620010 0.702619 0.530281 0.000000 0.825464 0.909037 0.848249 0.807740 0.895608 0.763508 0.925227 0.715645 0.703645 0.591311 0.797075 0.736841 0.508300 0.675387 0.765359 0.670497 0.673747 0.645235 0.717396 0.842705 0.611669 0.601710 0.538449 0.614506 0.474522 0.481799 0.564630 0.624234 0.558381 0.544836 0.826880 0.801649 0.545548 0.508778 0.742784 0.604932 0.738853 0.909994 0.797668 0.941829 0.993008 0.899504 0.796242 0.701695 0.757336 0.860759 0.650968 0.868895 0.805827 0.822686 0.741933 0.701320 0.858431 0.869650 0.874932 0.657952 0.994945 0.968701 0.985526 0.975901 0.914820 0.814262 0.697868 0.839751 0.780211 0.780433 0.856248 0.929613 0.838435 0.876573 0.760073 0.715849 0.622559 0.869282 0.859588 0.816231 0.818632 0.853556 0.775993 0.875829 0.784513 0.930772
0.950234 0.858875 0.555436 0.603667 0.966252 0.911575 0.762063 0.762567 0.851408 0.920610 0.803535 0.883926 0.958663 0.851183 0.737539 0.522823 0.785227 0.803581 0.785655 0.874303 0.734496 0.938818 0.548809 0.564828 0.606071 0.531135 0.762198 0.889704 0.890308 0.730602 0.651402 0.704226 0.682968 0.825464 0.000000 0.729346 0.819366 0.779988 0.758097 0.989519 0.924471 0.865676 0.853760 0.871553 0.965901 0.931705 0.775664 0.794419 0.854152 0.971283 0.969449 0.942339 0.870223 0.852037 0.736415 0.910467 0.852057 0.835444 0.970674 0.934889 0.862205 0.801707 0.898833 0.935664 0.543995 0.547322 0.582057 0.648269 0.848861 0.828561 0.748900 0.712417 0.793552 0.782820 0.696568 0.880487 0.741957 0.820987 0.853456 0.930028 0.941994 0.889452 0.594844 0.861171 0.699689 0.571176 0.809247 0.848368 0.970688 0.809492 0.969172 0.948957 0.909663 0.933542 0.962570 0.826840 0.993430 0.978882 0.960286 0.990536 0.993583 0.985752 0.884855 0.950482 0.684714 0.871059 0.739474 0.977729 0.978977 0.774654 0.974951 0.984817 0.972440 0.972082 0.768627 0.880756
0.941832 0.796221 0.615156 0.658910 0.942172 0.993459 0.844752 0.833729 0.974766 0.821664 0.800749 0.974874 0.855295 0.929033 0.949745 0.793965 0.821511 0.802440 0.858534 0.865843 0.834440 0.952160 0.720640 0.756112 0.649213 0.642904 0.734764 0.945299 0.952790 0.839241 0.686369 0.753826 0.771875 0.909037 0.729346 0.000000 0.790422 0.641404 0.831506 0.977291 0.976931 0.974325 0.901344 0.881558 0.937964 0.916236 0.860315 0.835646 0.865988 0.984865 0.995148 0.935030 0.915298 0.932740 0.838670 0.922842 0.775907 0.775872 0.953250 0.856095 0.984673 0.882677 0.873443 0.943333 0.629358 0.642018 0.693319 0.709400 0.939931 0.813916 0.728531 0.924313 0.881060 0.963805 0.878821 0.962272 0.913415 0.912999 0.912217 0.843232 0.936376 0.921249 0.786391 0.881914 0.753428 0.701373 0.998385 0.996359 0.977345 0.834438 0.893194 0.823105 0.971179 0.880358 0.886544 0.975523 0.995373 0.970578 0.866544 0.968070 0.860290 0.739686 0.954403 0.812348 0.871193 0.856652 0.853415 0.871664 0.884841 0.813248 0.949587 0.801727 0.966218 0.965340 0.858733 0.901501
0.648441 0.502469 0.551882 0.581339 0.797797 0.780969 0.919988 0.820002 0.797743 0.625722 0.824936 0.702727 0.854735 0.863473 0.947867 0.835107 0.599276 0.539745 0.625004 0.588975 0.663194 0.980528 0.776798 0.680968 0.488026 0.575988 0.502204 0.940753 0.865203 0.602897 0.780484 0.785107 0.753307 0.848249 0.819366 0.790422 0.000000 0.555610 0.640336 0.794743 0.706872 0.753189 0.966869 0.977154 0.662063 0.737865 0.867459 0.981554 0.713755 0.924903 0.907625 0.992031 0.928055 0.860096 0.873458 0.947161 0.550086 0.509719 0.862456 0.790154 0.901478 0.861080 0.891936 0.763883 0.517262 0.561416 0.815482 0.853260 0.600649 0.660278 0.822553 0.983825 0.960195 0.905331 0.776443 0.915728 0.932918 0.965182 0.809194 0.799766 0.829533 0.830374 0.602646 0.622050 0.688561 0.588456 0.726139 0.902689 0.972564 0.713309 0.562861 0.605295 0.600513 0.672975 0.940593 0.889073 0.918089 0.962219 0.615659 0.730479 0.788207 0.659238 0.716653 0.957379 0.827095 0.854012 0.996933 0.922046 0.991357 0.834243 0.901070 0.812793 0.757238 0.912245 0.929534 0.904235
0.637952 0.525379 0.570690 0.617023 0.779869 0.843021 0.984837 0.866840 0.864337 0.657066 0.867417 0.701390 0.940691 0.886804 0.935292 0.872433 0.579374 0.490617 0.678608 0.608806 0.815205 0.965863 0.800121 0.717769 0.509830 0.582883 0.527908 0.908140 0.919245 0.675006 0.766587 0.768052 0.715960 0.807740 0.779988 0.641404 0.555610 0.000000 0.600227 0.880442 0.818502 0.805413 0.928662 0.982693 0.676556 0.769448 0.886227 0.988727 0.733301 0.881775 0.878116 0.964273 0.906572 0.794457 0.850010 0.919951 0.528031 0.507849 0.949441 0.832739 0.970778 0.853380 0.964950 0.768940 0.528847 0.612169 0.856771 0.903475 0.573616 0.589575 0.813619 0.942343 0.966084 0.887968 0.861460 0.980990 0.852816 0.938066 0.922933 0.829534 0.750763 0.775452 0.737082 0.653583 0.738842 0.555736 0.741940 0.979470 0.886158 0.696094 0.636791 0.582663 0.660953 0.655857 0.845886 0.989917 0.890794 0.928772 0.621989 0.670467 0.705686 0.575965 0.794590 0.881543 0.986966 0.914384 0.839420 0.943298 0.993330 0.789715 0.897849 0.747824 0.730775 0.796828 0.945317 0.769092
