0.000000 0.343440 0.700081 0.693347 0.790143 0.609540 0.366208 0.376990 0.548530 0.570380 0.368883 0.281402 0.355361 0.427633 0.602403 0.646018 0.408024 0.400900 0.398989 0.438751 0.975758 0.893818 0.802020 0.991878 0.813192 0.976475 0.828113 0.874692 0.434942 0.503729 0.912318 0.975588 0.420915 0.364946 0.661272 0.999339 0.851462 0.981899 0.768429 0.989297 0.866403 0.805330 0.626046 0.597370 0.598291 0.579239 0.561904 0.576274 0.869764 0.813402 0.670273 0.600731 0.819770 0.911789 0.777015 0.754445 0.392374 0.371887 0.250729 0.301867 0.258915 0.345231 0.395620 0.360448 0.748146 0.615063 0.482749 0.504136 0.565230 0.653905 0.654325 0.751774 0.851543 0.851054 0.920163 0.889402 0.610149 0.825223 0.588787 0.819798 0.393129 0.622630 0.867140 0.728719 0.634764 0.799084 0.959979 0.811024 0.595069 0.664114 0.661831 0.731092 0.728296 0.728660 0.799812 0.808331 0.551776 0.708415 0.435095 0.422954 0.616107 0.668459 0.543661 0.597155 0.498468 0.519447 0.800928 0.595999 0.666376 0.691173 0.690262 0.656981 0.634679 0.882427 0.644797 0.960161
0.343440 0.000000 0.660661 0.576335 0.934617 0.645405 0.434257 0.348866 0.696896 0.715217 0.610239 0.418350 0.622097 0.571447 0.816882 0.776027 0.481259 0.494966 0.376416 0.324507 0.852083 0.863159 0.766179 0.829216 0.954575 0.818567 0.940162 0.872234 0.568406 0.674706 0.740166 0.807806 0.369548 0.347989 0.650083 0.838073 0.803188 0.943688 0.945388 0.865888 0.742336 0.871535 0.448750 0.463684 0.534945 0.525176 0.465329 0.549255 0.816707 0.742700 0.588529 0.600624 0.852257 0.930646 0.693868 0.709863 0.343098 0.293867 0.420821 0.370778 0.423596 0.313366 0.640997 0.574953 0.664222 0.459007 0.421665 0.371768 0.465948 0.532856 0.611719 0.709606 0.663606 0.643572 0.775277 0.717308 0.661070 0.711798 0.651018 0.745134 0.440913 0.508290 0.790898 0.700606 0.581119 0.594570 0.912691 0.965283 0.612118 0.595189 0.695501 0.849304 0.734138 0.857014 0.725266 0.852284 0.522375 0.724314 0.461660 0.450086 0.633940 0.718776 0.580414 0.717325 0.485221 0.508839 0.900319 0.619620 0.686011 0.688774 0.649173 0.628393 0.677498 0.766017 0.595556 0.997068
0.700081 0.660661 0.000000 0.214962 0.870941 0.863144 0.394398 0.518067 0.605014 0.993330 0.995593 0.823406 0.738705 0.765233 0.684591 0.612051 0.983472 0.993261 0.607174 0.607505 0.512095 0.861581 0.330700 0.445680 0.398737 0.312491 0.854617 0.877429 0.995135 0.966434 0.388449 0.580525 0.498918 0.495053 0.495865 0.769572 0.461472 0.604518 0.880161 0.756087 0.813006 0.990259 0.467713 0.621665 0.816630 0.911599 0.470551 0.503631 0.798743 0.961904 0.755072 0.768165 0.858268 0.803928 0.662729 0.733260 0.992714 0.917462 0.700129 0.737364 0.590934 0.597639 0.959329 0.947292 0.218845 0.354982 0.373006 0.416564 0.628154 0.787036 0.448912 0.456814 0.549182 0.648770 0.832994 0.989949 0.583868 0.531743 0.990845 0.753395 0.841940 0.709913 0.733656 0.878835 0.373589 0.384857 0.865983 0.881148 0.587943 0.631014 0.647208 0.750433 0.648560 0.658364 0.642989 0.805536 0.650896 0.945927 0.756045 0.707606 0.838509 0.957687 0.900737 0.964219 0.618404 0.500110 0.709004 0.819435 0.785527 0.825989 0.762470 0.898537 0.845876 0.920753 0.796336 0.925692
0.693347 0.576335 0.214962 0.000000 0.961111 0.772204 0.389617 0.466785 0.641737 0.992602 0.999513 0.742088 0.798888 0.742036 0.759610 0.649483 0.981960 0.998257 0.581370 0.519575 0.479151 0.879260 0.361392 0.401211 0.412295 0.310159 0.865156 0.888547 0.967139 0.999440 0.425326 0.577598 0.477443 0.466199 0.507789 0.712624 0.519518 0.588028 0.827999 0.718530 0.769105 0.955503 0.430791 0.565872 0.808528 0.919042 0.410499 0.475158 0.799196 0.982101 0.739110 0.775106 0.879298 0.825675 0.703694 0.728058 0.933959 0.886357 0.677322 0.672902 0.591771 0.510917 0.921094 0.923121 0.218177 0.255061 0.313525 0.325537 0.643238 0.760465 0.394606 0.403740 0.501720 0.617246 0.727719 0.850662 0.599172 0.508597 0.956117 0.681888 0.850376 0.723844 0.732765 0.866081 0.372763 0.356338 0.786329 0.967182 0.592358 0.629550 0.593878 0.748051 0.600011 0.646021 0.672731 0.741695 0.604252 0.856376 0.704928 0.670372 0.758149 0.903192 0.859125 0.976763 0.570142 0.486842 0.726096 0.787089 0.726139 0.804630 0.718144 0.862264 0.841712 0.873591 0.711810 0.888103
0.790143 0.934617 0.870941 0.961111 0.000000 0.970009 0.837772 0.918867 0.742490 0.774714 0.844462 0.841644 0.663144 0.760991 0.662584 0.783475 0.761287 0.785419 0.746212 0.970702 0.965459 0.846861 0.816743 0.940516 0.977007 0.882305 0.776064 0.966498 0.814458 0.776377 0.961226 0.879939 0.806322 0.842347 0.714586 0.936583 0.884154 0.948047 0.978002 0.843263 0.943263 0.970332 0.971602 0.929331 0.920046 0.955061 0.985593 0.963695 0.986760 0.882062 0.983567 0.976664 0.962790 0.968876 0.917074 0.996790 0.785272 0.720419 0.720719 0.893660 0.752883 0.947229 0.619017 0.713211 0.856130 0.991636 0.837106 0.922072 0.979121 0.993731 0.915579 0.951204 0.950093 0.828619 0.834065 0.881586 0.940280 0.939938 0.907531 0.999481 0.760735 0.979770 0.863063 0.782703 0.791988 0.968672 0.947285 0.684223 0.736994 0.984069 0.934369 0.899338 0.973984 0.872117 0.935859 0.949809 0.861050 0.929236 0.874970 0.927032 0.921408 0.957122 0.809985 0.936220 0.945320 0.804352 0.947988 0.882425 0.915344 0.931254 0.911381 0.983840 0.941654 0.930871 0.965277 0.898073
0.609540 0.645405 0.863144 0.772204 0.970009 0.000000 0.560081 0.498480 0.652545 0.631768 0.702459 0.627229 0.860495 0.914729 0.998734 0.981425 0.801156 0.778735 0.774798 0.679485 0.996053 0.840713 0.929495 0.872819 0.829681 0.971727 0.713856 0.840302 0.799037 0.947229 0.952929 0.925226 0.739739 0.673090 0.867686 0.933345 0.977509 0.973067 0.837798 0.961994 0.819651 0.904100 0.675136 0.615646 0.719657 0.720408 0.680860 0.716119 0.909530 0.808892 0.709646 0.662751 0.790987 0.796265 0.835620 0.742576 0.783633 0.779610 0.629737 0.521851 0.644518 0.525047 0.887759 0.848665 0.945046 0.681241 0.622855 0.594223 0.756460 0.654566 0.744871 0.746655 0.818709 0.886028 0.890124 0.913427 0.762546 0.867838 0.962864 0.863030 0.812283 0.892515 0.870115 0.981558 0.998620 0.980981 0.954306 0.940457 0.804411 0.936395 0.586185 0.658512 0.592807 0.674006 0.950846 0.858820 0.694453 0.765688 0.553977 0.618207 0.671098 0.677375 0.689511 0.692102 0.743543 0.747516 0.809261 0.717777 0.899677 0.842950 0.692616 0.671050 0.705916 0.825067 0.555597 0.867469
0.366208 0.434257 0.394398 0.389617 0.837772 0.560081 0.000000 0.219827 0.305498 0.515063 0.559692 0.434888 0.531021 0.678615 0.629891 0.644842 0.612631 0.625345 0.457952 0.463825 0.784348 0.881947 0.634351 0.860280 0.879312 0.682381 0.843832 0.897295 0.611825 0.672105 0.687117 0.875933 0.433058 0.321439 0.489586 0.872835 0.757147 0.789749 0.875931 0.872046 0.736348 0.816136 0.393449 0.400539 0.503567 0.549075 0.461219 0.464889 0.880133 0.736583 0.492119 0.460297 0.583424 0.602127 0.619693 0.659146 0.730349 0.626043 0.336822 0.443974 0.341365 0.356626 0.681983 0.632642 0.509851 0.468934 0.269536 0.359320 0.563785 0.659056 0.366923 0.494308 0.601360 0.714779 0.826450 0.982617 0.425875 0.615209 0.750080 0.837344 0.551967 0.697792 0.866068 0.812394 0.590076 0.706184 0.993536 0.797085 0.580710 0.676195 0.366742 0.464352 0.415669 0.427391 0.628674 0.742262 0.373185 0.646559 0.335014 0.357209 0.592730 0.588220 0.568411 0.641802 0.439826 0.336426 0.612181 0.547859 0.628200 0.677055 0.554513 0.633990 0.572916 0.759438 0.549921 0.873450
0.376990 0.348866 0.518067 0.466785 0.918867 0.498480 0.219827 0.000000 0.428492 0.493952 0.540212 0.370846 0.612247 0.653436 0.793008 0.813869 0.614955 0.626903 0.506605 0.431080 0.840588 0.866369 0.779664 0.933858 0.962120 0.747120 0.744062 0.833824 0.587569 0.711790 0.725226 0.860713 0.437196 0.339111 0.541934 0.877552 0.889116 0.885800 0.871891 0.834686 0.690836 0.797300 0.400997 0.412641 0.593731 0.601776 0.494600 0.563436 0.921280 0.799029 0.571436 0.550021 0.714290 0.743972 0.739780 0.670241 0.624411 0.559566 0.364552 0.369407 0.342846 0.241781 0.702402 0.620347 0.623907 0.417646 0.296392 0.305573 0.596306 0.595811 0.428814 0.487866 0.656142 0.658150 0.825000 0.835287 0.538313 0.710377 0.814631 0.842559 0.575617 0.724338 0.920439 0.898963 0.681890 0.760246 0.909162 0.782583 0.580601 0.706774 0.398905 0.566732 0.424241 0.535450 0.688605 0.725199 0.379146 0.595014 0.342812 0.361762 0.476062 0.571546 0.569042 0.677553 0.417599 0.356545 0.609977 0.546041 0.640410 0.610999 0.484816 0.589371 0.525863 0.791523 0.491866 0.853263
0.548530 0.696896 0.605014 0.641737 0.742490 0.652545 0.305498 0.428492 0.000000 0.454369 0.519359 0.570264 0.594065 0.796385 0.659425 0.706260 0.668882 0.688888 0.704745 0.677396 0.928319 0.988769 0.783920 0.942875 0.937696 0.900290 0.800611 0.838178 0.607415 0.665052 0.859784 0.978710 0.624790 0.521064 0.688788 0.933034 0.869046 0.890282 0.804643 0.987718 0.767930 0.742138 0.639124 0.582119 0.599088 0.646465 0.779203 0.732123 0.871494 0.861601 0.623386 0.585333 0.582057 0.631218 0.637585 0.741967 0.932355 0.761496 0.433330 0.596325 0.461786 0.564215 0.653638 0.619778 0.741669 0.776744 0.501915 0.601218 0.759465 0.763925 0.499846 0.637743 0.768405 0.891931 0.930101 0.911008 0.548703 0.762087 0.721528 0.957037 0.656152 0.860698 0.934460 0.810047 0.837587 0.983908 0.909104 0.833113 0.608562 0.846173 0.501203 0.460831 0.503712 0.447617 0.796222 0.995495 0.504956 0.729964 0.457077 0.480981 0.638016 0.642810 0.660165 0.691326 0.572806 0.481589 0.700493 0.589700 0.714231 0.808360 0.666067 0.729671 0.638812 0.770824 0.654162 0.868013
0.570380 0.715217 0.993330 0.992602 0.774714 0.631768 0.515063 0.493952 0.454369 0.000000 0.461591 0.529085 0.703869 0.896784 0.761040 0.920769 0.513901 0.508803 0.723216 0.761964 0.798062 0.990650 0.819222 0.514916 0.596909 0.722043 0.688464 0.820055 0.471446 0.579787 0.807922 0.682288 0.828110 0.666575 0.800364 0.926262 0.829536 0.902834 0.765937 0.986738 0.821534 0.723740 0.790163 0.678510 0.595206 0.583601 0.910150 0.903740 0.718597 0.806214 0.608985 0.586574 0.667349 0.712076 0.922554 0.810841 0.759397 0.658804 0.469441 0.665036 0.639329 0.662845 0.541394 0.463487 0.838967 0.951086 0.686894 0.807239 0.833016 0.820808 0.592317 0.778358 0.959375 0.944690 0.947720 0.944662 0.609008 0.892553 0.805013 0.829803 0.597663 0.918768 0.933230 0.844777 0.854350 0.663800 0.824090 0.695863 0.820744 0.916966 0.486434 0.473845 0.515108 0.505350 0.889918 0.838057 0.536172 0.610433 0.369997 0.473587 0.607327 0.554929 0.445937 0.490889 0.659490 0.638990 0.800273 0.574056 0.813061 0.749392 0.652460 0.647416 0.480521 0.745198 0.687368 0.826803
0.368883 0.610239 0.995593 0.999513 0.844462 0.702459 0.559692 0.540212 0.519359 0.461591 0.000000 0.301458 0.429694 0.516463 0.746054 0.802667 0.415314 0.406493 0.621782 0.637060 0.736665 0.991156 0.889543 0.722150 0.554865 0.699353 0.673638 0.709164 0.350257 0.393096 0.876993 0.866876 0.637967 0.551273 0.906351 0.827310 0.841345 0.849327 0.834124 0.968105 0.994573 0.759982 0.999088 0.824788 0.701041 0.657484 0.910388 0.878233 0.800176 0.885247 0.846774 0.820039 0.870517 0.982129 0.834098 0.886286 0.617853 0.531507 0.422409 0.483829 0.368717 0.459670 0.315618 0.260937 0.923529 0.929552 0.778056 0.797690 0.808843 0.800885 0.900076 0.983367 0.877629 0.907219 0.916142 0.991802 0.847822 0.896621 0.569490 0.939322 0.429397 0.693172 0.987814 0.707677 0.947725 0.882047 0.823413 0.835992 0.762771 0.858253 0.851896 0.843474 0.893758 0.866607 0.908785 0.917477 0.719874 0.764738 0.591558 0.610901 0.680178 0.752718 0.678327 0.697591 0.674473 0.731693 0.840279 0.766989 0.766586 0.760744 0.727207 0.797006 0.736448 0.975598 0.727137 0.885723
0.281402 0.418350 0.823406 0.742088 0.841644 0.627229 0.434888 0.370846 0.570264 0.529085 0.301458 0.000000 0.373231 0.390113 0.678731 0.690647 0.412110 0.399511 0.494672 0.442144 0.970625 0.950529 0.900320 0.961112 0.735863 0.899663 0.816064 0.806412 0.380283 0.402381 0.992215 0.976218 0.469477 0.394602 0.763975 0.967565 0.949428 0.962414 0.854711 0.898700 0.878404 0.864387 0.774671 0.683289 0.675955 0.679667 0.687570 0.669036 0.901599 0.938641 0.814229 0.758093 0.915781 0.971039 0.859738 0.840911 0.465395 0.451458 0.322213 0.368299 0.286686 0.283428 0.384050 0.306584 0.836787 0.605106 0.540284 0.518788 0.766230 0.701109 0.719567 0.819317 0.972919 0.897771 0.826844 0.887040 0.672575 0.889243 0.631548 0.822600 0.415521 0.643104 0.866972 0.717157 0.739378 0.858057 0.925354 0.854085 0.637160 0.748641 0.705909 0.826161 0.776817 0.791385 0.801073 0.848123 0.613898 0.730604 0.480570 0.508460 0.601481 0.733027 0.601717 0.651915 0.538901 0.562529 0.819098 0.731063 0.732555 0.760451 0.687029 0.630144 0.706263 0.980018 0.663577 0.964649
0.355361 0.622097 0.738705 0.798888 0.663144 0.860495 0.531021 0.612247 0.594065 0.703869 0.429694 0.373231 0.000000 0.332405 0.424936 0.444257 0.599990 0.561313 0.534317 0.642292 0.990852 0.942927 0.660653 0.922773 0.791863 0.913002 0.936938 0.894989 0.501831 0.458729 0.941725 0.955497 0.547243 0.569684 0.848591 0.852068 0.920762 0.999357 0.838238 0.983606 0.940260 0.958688 0.864498 0.841399 0.862678 0.832054 0.795045 0.680544 0.921874 0.921708 0.992710 0.841374 0.971163 0.944047 0.917204 0.995471 0.601456 0.564399 0.391779 0.499763 0.301082 0.527033 0.361894 0.404108 0.722223 0.731679 0.711309 0.765715 0.879858 0.809999 0.849432 0.940681 0.956721 0.829868 0.919825 0.897832 0.757880 0.905330 0.680722 0.815824 0.570864 0.781949 0.872841 0.815908 0.628231 0.841307 0.977494 0.735839 0.777251 0.866611 0.844394 0.840893 0.966544 0.826559 0.905696 0.949413 0.787070 0.918803 0.689457 0.643370 0.849886 0.792517 0.768344 0.796665 0.651173 0.548281 0.886274 0.801403 0.834153 0.861742 0.858103 0.734832 0.834341 0.994938 0.761712 0.995197
0.427633 0.571447 0.765233 0.742036 0.760991 0.914729 0.678615 0.653436 0.796385 0.896784 0.516463 0.390113 0.332405 0.000000 0.575850 0.547907 0.659506 0.629689 0.506586 0.624913 0.929972 0.937200 0.601663 0.768514 0.942700 0.986937 0.999422 0.970329 0.601434 0.482902 0.791271 0.869604 0.409870 0.499335 0.786914 0.991238 0.817138 0.898878 0.970326 0.840466 0.962634 0.968719 0.949567 0.967155 0.963303 0.971838 0.815793 0.824598 0.742912 0.741759 0.866081 0.922021 0.806407 0.701674 0.989497 0.928720 0.508912 0.544103 0.452596 0.445350 0.335714 0.462486 0.440736 0.475359 0.695299 0.588192 0.694212 0.611615 0.917913 0.778658 0.873951 0.826076 0.982145 0.989058 0.841762 0.940739 0.935053 0.860074 0.752834 0.699850 0.615612 0.823949 0.705134 0.788427 0.511970 0.661662 0.805072 0.908157 0.682962 0.701157 0.962229 0.857452 0.905343 0.946158 0.935455 0.841611 0.868268 0.928523 0.849571 0.815247 0.796702 0.950677 0.939422 0.979061 0.713239 0.688763 0.913425 0.921370 0.795962 0.789640 0.856256 0.869597 0.994253 0.841071 0.807375 0.950779
0.602403 0.816882 0.684591 0.759610 0.662584 0.998734 0.629891 0.793008 0.659425 0.761040 0.746054 0.678731 0.424936 0.575850 0.000000 0.421014 0.774795 0.746420 0.662652 0.804111 0.738265 0.996288 0.516228 0.853040 0.982317 0.939890 0.886223 0.900640 0.698514 0.649576 0.783297 0.994620 0.623656 0.657978 0.742148 0.995571 0.745880 0.878271 0.892684 0.930212 0.923739 0.980094 0.872940 0.955644 0.821163 0.869981 0.815592 0.669178 0.891338 0.956162 0.878984 0.744340 0.795134 0.845364 0.838148 0.850091 0.824360 0.775827 0.509214 0.692396 0.512453 0.780355 0.579740 0.621769 0.682801 0.851767 0.691911 0.820275 0.862802 0.797821 0.711456 0.754995 0.896010 0.936976 0.903789 0.845585 0.788967 0.873159 0.784087 0.966792 0.782217 0.950620 0.661558 0.817452 0.594100 0.823477 0.816369 0.872489 0.764082 0.807666 0.801032 0.776351 0.940348 0.727799 0.862848 0.920943 0.788297 0.916665 0.734581 0.713971 0.991337 0.875395 0.831126 0.843835 0.714103 0.556648 0.833810 0.730575 0.914541 0.923543 0.842663 0.767013 0.900042 0.846558 0.813930 0.963700
0.646018 0.776027 0.612051 0.649483 0.783475 0.981425 0.644842 0.813869 0.706260 0.920769 0.802667 0.690647 0.444257 0.547907 0.421014 0.000000 0.839521 0.727496 0.600089 0.699378 0.730094 0.990887 0.424809 0.644091 0.861849 0.783726 0.809222 0.909328 0.699727 0.675128 0.706015 0.837848 0.600381 0.649094 0.783270 0.902069 0.604924 0.774485 0.854762 0.935060 0.967677 0.907942 0.798130 0.820834 0.837877 0.860242 0.637237 0.628798 0.893773 0.976811 0.921460 0.780071 0.913881 0.890328 0.747218 0.931002 0.817070 0.811457 0.634940 0.776698 0.577050 0.754125 0.719961 0.757873 0.576674 0.698870 0.715810 0.789937 0.891831 0.868815 0.701549 0.738390 0.873082 0.901457 0.880841 0.984581 0.771395 0.767317 0.737385 0.760674 0.753834 0.803359 0.655334 0.786644 0.494324 0.630000 0.857007 0.977859 0.772780 0.851380 0.822696 0.838238 0.927182 0.760371 0.724614 0.946617 0.808697 0.857311 0.831174 0.779390 0.996703 0.985091 0.878227 0.945292 0.669353 0.690569 0.915949 0.858972 0.871279 0.991660 0.993519 0.807935 0.953800 0.912337 0.881629 0.980537
0.408024 0.481259 0.983472 0.981960 0.761287 0.801156 0.612631 0.614955 0.668882 0.513901 0.415314 0.412110 0.599990 0.659506 0.774795 0.839521 0.000000 0.244256 0.462037 0.495069 0.808936 0.921881 0.930799 0.803246 0.707302 0.765892 0.901528 0.850051 0.326268 0.400342 0.971741 0.879980 0.591551 0.564686 0.787454 0.992130 0.975562 0.953783 0.868188 0.952453 0.817993 0.793458 0.856903 0.719635 0.487635 0.439959 0.787242 0.786905 0.598925 0.671934 0.613230 0.663636 0.748294 0.892249 0.723733 0.763087 0.391605 0.309283 0.457203 0.587656 0.552618 0.599739 0.352194 0.303626 0.937185 0.967415 0.744005 0.761515 0.612012 0.749175 0.807137 0.955353 0.912995 0.843379 0.934593 0.842625 0.790323 0.953859 0.568595 0.905858 0.274960 0.524050 0.754794 0.516312 0.834783 0.999111 0.911271 0.953536 0.730580 0.707348 0.857051 0.887659 0.925082 0.920261 0.803050 0.998811 0.587526 0.740133 0.540354 0.626458 0.746637 0.839499 0.530651 0.537492 0.719268 0.768581 0.992056 0.789361 0.733621 0.753600 0.793031 0.709184 0.756876 0.794089 0.835151 0.986092
0.400900 0.494966 0.993261 0.998257 0.785419 0.778735 0.625345 0.626903 0.688888 0.508803 0.406493 0.399511 0.561313 0.629689 0.746420 0.727496 0.244256 0.000000 0.483109 0.489646 0.888857 0.877741 0.938301 0.777631 0.712174 0.801713 0.939242 0.910193 0.268047 0.317888 0.981255 0.933016 0.578985 0.547430 0.825630 0.966023 0.899890 0.946383 0.814422 0.915122 0.858169 0.749470 0.890787 0.741028 0.512040 0.474010 0.780725 0.822123 0.632219 0.700039 0.632225 0.665547 0.794876 0.902280 0.720124 0.815222 0.387653 0.334930 0.461864 0.625555 0.550093 0.590297 0.351931 0.275697 0.936168 0.954036 0.732693 0.762024 0.612976 0.706453 0.801509 0.997441 0.899745 0.799805 0.966021 0.861615 0.803576 0.932651 0.555916 0.909682 0.231665 0.468686 0.786260 0.557978 0.849441 0.968784 0.873611 0.887597 0.705790 0.795818 0.836904 0.875029 0.893220 0.895385 0.810065 0.943094 0.625799 0.774295 0.543963 0.619627 0.733969 0.842166 0.499878 0.509230 0.645044 0.804179 0.927949 0.804223 0.809196 0.749114 0.793071 0.716606 0.714949 0.817448 0.848132 0.944733
0.398989 0.376416 0.607174 0.581370 0.746212 0.774798 0.457952 0.506605 0.704745 0.723216 0.621782 0.494672 0.534317 0.506586 0.662652 0.600089 0.462037 0.483109 0.000000 0.417162 0.910259 0.918112 0.609091 0.783879 0.946676 0.860878 0.993321 0.982095 0.555910 0.615047 0.740482 0.892358 0.391073 0.398608 0.557780 0.864216 0.722521 0.897941 0.967041 0.909432 0.853908 0.957238 0.580644 0.544442 0.507739 0.508052 0.507644 0.487713 0.779107 0.729406 0.594389 0.575105 0.739802 0.805194 0.653400 0.735572 0.466072 0.393538 0.453399 0.491173 0.445390 0.489873 0.548974 0.566642 0.597161 0.593383 0.520752 0.510941 0.534709 0.644378 0.622263 0.758494 0.785179 0.785515 0.808097 0.816109 0.659670 0.653132 0.704466 0.737968 0.463299 0.591058 0.671442 0.663542 0.495651 0.630448 0.973232 0.919978 0.641261 0.603014 0.723037 0.845007 0.818633 0.821720 0.752417 0.790308 0.542519 0.830994 0.543665 0.553493 0.819224 0.902040 0.627787 0.768678 0.642676 0.575563 0.870321 0.698686 0.657449 0.713716 0.719516 0.682643 0.735362 0.852058 0.834941 0.977950
0.438751 0.324507 0.607505 0.519575 0.970702 0.679485 0.463825 0.431080 0.677396 0.761964 0.637060 0.442144 0.642292 0.624913 0.804111 0.699378 0.495069 0.489646 0.417162 0.000000 0.733741 0.887568 0.693124 0.710424 0.850525 0.755502 0.980446 0.951200 0.561992 0.646564 0.703202 0.678389 0.388474 0.391212 0.663675 0.857804 0.766728 0.883402 0.968657 0.848482 0.747538 0.907578 0.536522 0.522937 0.623191 0.623580 0.514808 0.508998 0.938438 0.781539 0.709027 0.700263 0.908585 0.910379 0.651621 0.681443 0.480318 0.448900 0.525944 0.476447 0.501476 0.386534 0.674637 0.621095 0.609345 0.459310 0.477434 0.414869 0.505530 0.598884 0.606309 0.724059 0.674814 0.612274 0.736909 0.622447 0.721942 0.765672 0.685964 0.732009 0.438298 0.442071 0.710290 0.685892 0.538300 0.572430 0.855124 0.997929 0.693573 0.599654 0.718979 0.866324 0.755514 0.841469 0.675911 0.985944 0.562225 0.791186 0.583741 0.530893 0.712256 0.799538 0.595206 0.789586 0.483891 0.603331 0.797820 0.773700 0.804708 0.810269 0.792393 0.734938 0.704907 0.797131 0.630890 0.937948
0.975758 0.852083 0.512095 0.479151 0.965459 0.996053 0.784348 0.840588 0.928319 0.798062 0.736665 0.970625 0.990852 0.929972 0.738265 0.730094 0.808936 0.888857 0.910259 0.733741 0.000000 0.800558 0.475588 0.479700 0.432614 0.410189 0.653910 0.815812 0.829597 0.954383 0.498970 0.584775 0.697675 0.745527 0.780187 0.755342 0.628315 0.632859 0.885380 0.804087 0.749686 0.817789 0.712068 0.854287 0.953590 0.866545 0.703266 0.805242 0.684223 0.851274 0.963216 0.996723 0.969085 0.916638 0.923719 0.917999 0.983527 0.915868 0.957205 0.946201 0.913356 0.841265 0.766166 0.767071 0.476928 0.529125 0.602919 0.619328 0.830292 0.895709 0.634129 0.567758 0.641479 0.685022 0.740986 0.881821 0.886339 0.717569 0.854740 0.757431 0.955750 0.906743 0.624607 0.984273 0.566019 0.502887 0.603527 0.940553 0.839640 0.812366 0.796022 0.953807 0.848427 0.821775 0.752631 0.936849 0.900808 0.925003 0.989771 0.941993 0.976214 0.973254 0.876979 0.777212 0.721845 0.714506 0.810072 0.993205 0.852246 0.995460 0.951292 0.980920 0.990255 0.901014 0.781373 0.960014
0.893818 0.863159 0.861581 0.879260 0.846861 0.840713 0.881947 0.866369 0.988769 0.990650 0.991156 0.950529 0.942927 0.937200 0.996288 0.990887 0.921881 0.877741 0.918112 0.887568 0.800558 0.000000 0.958799 0.990956 0.878235 0.903643 0.918501 0.923268 0.890964 0.990398 0.864405 0.952805 0.876079 0.899920 0.841270 0.899098 0.865706 0.919219 0.916936 0.873163 0.814880 0.729542 0.953784 0.978759 0.789424 0.904344 0.906213 0.901701 0.868359 0.856784 0.820478 0.888520 0.912031 0.874161 0.942101 0.716454 0.890506 0.937851 0.952097 0.891489 0.927420 0.899011 0.964540 0.932511 0.943968 0.971377 0.832673 0.873868 0.800010 0.872980 0.845703 0.859030 0.954211 0.704189 0.778676 0.939371 0.799501 0.833942 0.929222 0.991386 0.849476 0.838235 0.914367 0.882796 0.964373 0.870699 0.879566 0.961716 0.913605 0.728601 0.867746 0.936708 0.827217 0.972335 0.771634 0.882466 0.902396 0.962963 0.830896 0.879718 0.853732 0.995020 0.839944 0.864700 0.889126 0.903099 0.931781 0.975052 0.969307 0.813906 0.833747 0.904561 0.914621 0.889471 0.925614 0.905197
0.802020 0.766179 0.330700 0.361392 0.816743 0.929495 0.634351 0.779664 0.783920 0.819222 0.889543 0.900320 0.660653 0.601663 0.516228 0.424809 0.930799 0.938301 0.609091 0.693124 0.475588 0.958799 0.000000 0.300451 0.417628 0.429016 0.695341 0.810464 0.956427 0.921769 0.366911 0.506626 0.468714 0.571555 0.597034 0.796293 0.462026 0.630036 0.886537 0.801788 0.877270 0.855660 0.651010 0.821911 0.989949 0.927284 0.608252 0.604957 0.644921 0.808341 0.998578 0.953867 0.978676 0.995807 0.786505 0.878802 0.945558 0.936326 0.781562 0.820630 0.625874 0.735683 0.966862 0.947305 0.256644 0.454909 0.564193 0.586308 0.827069 0.847375 0.618490 0.554676 0.671719 0.783883 0.737754 0.936596 0.787649 0.544789 0.975492 0.727126 0.921367 0.864153 0.563621 0.883213 0.261146 0.341726 0.729390 0.985564 0.688899 0.628662 0.890875 0.988113 0.925333 0.868683 0.736355 0.824352 0.848566 0.950562 0.954211 0.884539 0.951800 0.882342 0.921784 0.778289 0.695552 0.594293 0.892491 0.915063 0.957283 0.963284 0.948258 0.999460 0.968323 0.957249 0.914795 0.912317
0.991878 0.829216 0.445680 0.401211 0.940516 0.872819 0.860280 0.933858 0.942875 0.514916 0.722150 0.961112 0.922773 0.768514 0.853040 0.644091 0.803246 0.777631 0.783879 0.710424 0.479700 0.990956 0.300451 0.000000 0.339761 0.375571 0.645490 0.795073 0.746832 0.874237 0.415916 0.414706 0.638541 0.763432 0.725011 0.773451 0.556825 0.666706 0.783885 0.827434 0.959007 0.801740 0.719386 0.905732 0.890656 0.840103 0.640664 0.660039 0.659258 0.860239 0.915158 0.888635 0.849356 0.890629 0.783947 0.897490 0.979558 0.950084 0.944358 0.986058 0.843517 0.816520 0.794742 0.726040 0.308029 0.441369 0.735152 0.656489 0.839484 0.928594 0.826895 0.751598 0.714878 0.764392 0.755996 0.843170 0.978222 0.697120 0.929071 0.620494 0.953970 0.796133 0.633302 0.920417 0.333142 0.275830 0.648790 0.773158 0.830840 0.601250 0.896302 0.791520 0.877484 0.887828 0.762955 0.928542 0.975505 0.858999 0.800258 0.928760 0.849939 0.725230 0.752217 0.613624 0.896618 0.789104 0.958776 0.860201 0.998823 0.916855 0.950354 0.836879 0.792421 0.942878 0.975649 0.992848
0.813192 0.954575 0.398737 0.412295 0.977007 0.829681 0.879312 0.962120 0.937696 0.596909 0.554865 0.735863 0.791863 0.942700 0.982317 0.861849 0.707302 0.712174 0.946676 0.850525 0.432614 0.878235 0.417628 0.339761 0.000000 0.241295 0.623240 0.758006 0.672913 0.804977 0.312893 0.420634 0.722838 0.816616 0.667449 0.680421 0.431045 0.469644 0.665409 0.706598 0.851666 0.861482 0.701229 0.902437 0.937097 0.811472 0.672941 0.799823 0.701571 0.890078 0.950325 0.890377 0.889054 0.993208 0.803295 0.845329 0.824778 0.811189 0.803186 0.810384 0.926458 0.986084 0.618982 0.586118 0.368759 0.534449 0.679975 0.674383 0.830299 0.957507 0.697713 0.619250 0.527834 0.603272 0.803819 0.911909 0.882986 0.607876 0.775883 0.770817 0.909862 0.811087 0.637647 0.940487 0.469395 0.339139 0.796996 0.890802 0.819205 0.677238 0.995948 0.876923 0.915346 0.974849 0.785707 0.819153 0.938905 0.877686 0.839470 0.878440 0.890627 0.745427 0.835911 0.673394 0.912567 0.896781 0.880736 0.909054 0.955423 0.981183 0.947115 0.775153 0.805429 0.976008 0.975399 0.949148
0.976475 0.818567 0.312491 0.310159 0.882305 0.971727 0.682381 0.747120 0.900290 0.722043 0.699353 0.899663 0.913002 0.986937 0.939890 0.783726 0.765892 0.801713 0.860878 0.755502 0.410189 0.903643 0.429016 0.375571 0.241295 0.000000 0.774611 0.824175 0.768027 0.834086 0.304375 0.406695 0.640159 0.718618 0.682837 0.618069 0.411034 0.471941 0.741747 0.727423 0.783977 0.896717 0.542496 0.744763 0.960353 0.949827 0.540190 0.690081 0.746928 0.966975 0.801689 0.918651 0.984355 0.867129 0.716264 0.824448 0.847626 0.862188 0.953034 0.976926 0.907722 0.779903 0.620972 0.637602 0.329309 0.397980 0.533563 0.536509 0.774619 0.895470 0.561617 0.483135 0.451201 0.537282 0.875861 0.857107 0.779523 0.591546 0.798566 0.738526 0.961902 0.811904 0.722576 0.990481 0.477694 0.343212 0.744858 0.941977 0.743096 0.723137 0.782103 0.935727 0.736866 0.823523 0.743821 0.804966 0.800643 0.990340 0.972883 0.939256 0.896779 0.925086 0.925280 0.792490 0.766868 0.728034 0.760314 0.965867 0.910503 0.930969 0.925441 0.961569 0.968759 0.905597 0.895667 0.985807
0.828113 0.940162 0.854617 0.865156 0.776064 0.713856 0.843832 0.744062 0.800611 0.688464 0.673638 0.816064 0.936938 0.999422 0.886223 0.809222 0.901528 0.939242 0.993321 0.980446 0.653910 0.918501 0.695341 0.645490 0.623240 0.774611 0.000000 0.816756 0.773522 0.912500 0.779678 0.839528 0.923872 0.950286 0.947680 0.758422 0.666651 0.770984 0.808985 0.823624 0.927778 0.887379 0.953188 0.832487 0.901529 0.805598 0.961793 0.919607 0.837797 0.886672 0.932527 0.820353 0.839135 0.926870 0.987641 0.910082 0.968189 0.978598 0.863119 0.751625 0.838157 0.787726 0.915693 0.859198 0.735019 0.934056 0.972927 0.979732 0.954371 0.865963 0.980477 0.934078 0.996401 0.908108 0.887327 0.919631 0.984492 0.890492 0.988051 0.947776 0.991245 0.926982 0.746763 0.989500 0.726244 0.713879 0.916368 0.962968 0.998735 0.894739 0.837722 0.841597 0.867260 0.893484 0.845664 0.989725 0.919063 0.825760 0.871327 0.830979 0.675377 0.739244 0.909439 0.893655 0.962607 0.976149 0.819354 0.792411 0.878205 0.851224 0.850956 0.827678 0.785474 0.974665 0.871109 0.944353
0.874692 0.872234 0.877429 0.888547 0.966498 0.840302 0.897295 0.833824 0.838178 0.820055 0.709164 0.806412 0.894989 0.970329 0.900640 0.909328 0.850051 0.910193 0.982095 0.951200 0.815812 0.923268 0.810464 0.795073 0.758006 0.824175 0.816756 0.000000 0.813547 0.812550 0.841231 0.974377 0.954348 0.899126 0.918882 0.998185 0.787178 0.869080 0.950340 0.904849 0.914329 0.974917 0.990038 0.902463 0.911345 0.899305 0.914374 0.850095 0.829155 0.933837 0.929009 0.901291 0.846362 0.968858 0.880761 0.770031 0.987987 0.922275 0.915859 0.997846 0.879736 0.859879 0.862802 0.757876 0.827794 0.921786 0.991306 0.945502 0.894298 0.876524 0.985549 0.867845 0.822158 0.981238 0.928227 0.970137 0.936760 0.893473 0.775432 0.804682 0.909363 0.946932 0.822621 0.993849 0.818237 0.799196 0.892651 0.851144 0.987995 0.803980 0.899688 0.871982 0.886164 0.921914 0.971510 0.928513 0.947635 0.886846 0.821285 0.848400 0.784717 0.756425 0.920860 0.875436 0.908666 0.875481 0.953848 0.763305 0.889739 0.919311 0.913324 0.919599 0.813139 0.989870 0.841269 0.981289
0.434942 0.568406 0.995135 0.967139 0.814458 0.799037 0.611825 0.587569 0.607415 0.471446 0.350257 0.380283 0.501831 0.601434 0.698514 0.699727 0.326268 0.268047 0.555910 0.561992 0.829597 0.890964 0.956427 0.746832 0.672913 0.768027 0.773522 0.813547 0.000000 0.286254 0.998479 0.893511 0.574281 0.589970 0.841585 0.857339 0.999667 0.954908 0.700477 0.972478 0.886540 0.780105 0.898882 0.760321 0.534019 0.475300 0.841995 0.800773 0.630764 0.724598 0.699635 0.676265 0.790328 0.903523 0.744091 0.706950 0.531578 0.465760 0.483731 0.605352 0.486943 0.548863 0.333929 0.265974 0.914802 0.972987 0.787056 0.824841 0.754275 0.739940 0.850326 0.984634 0.915862 0.797163 0.967011 0.886136 0.780574 0.966097 0.510887 0.971580 0.338123 0.563960 0.761418 0.557178 0.880048 0.971064 0.933177 0.915783 0.689390 0.789941 0.841580 0.889249 0.912633 0.893350 0.850106 0.950648 0.653756 0.815144 0.562627 0.593075 0.707280 0.833599 0.581186 0.624962 0.667564 0.785131 0.868391 0.804123 0.827002 0.690006 0.787918 0.720887 0.685736 0.775233 0.805065 0.965392
0.503729 0.674706 0.966434 0.999440 0.776377 0.947229 0.672105 0.711790 0.665052 0.579787 0.393096 0.402381 0.458729 0.482902 0.649576 0.675128 0.400342 0.317888 0.615047 0.646564 0.954383 0.990398 0.921769 0.874237 0.804977 0.834086 0.912500 0.812550 0.286254 0.000000 0.937609 0.998936 0.554878 0.560703 0.877531 0.864441 0.925306 0.873089 0.873227 0.913198 0.944694 0.874335 0.948759 0.922928 0.723590 0.722561 0.934133 0.938027 0.842983 0.960083 0.867171 0.902159 0.958554 0.919965 0.865299 0.918204 0.579647 0.544003 0.530029 0.726393 0.506684 0.603321 0.307197 0.260798 0.984379 0.951922 0.819906 0.844112 0.843646 0.855088 0.882215 0.953993 0.959229 0.904957 0.967044 0.948396 0.809917 0.887891 0.609726 0.903195 0.335250 0.580033 0.682227 0.536809 0.772666 0.926236 0.908140 0.926839 0.754717 0.797065 0.984230 0.963462 0.968251 0.979091 0.911292 0.890121 0.806812 0.927144 0.712144 0.789207 0.797712 0.982485 0.710746 0.757896 0.740441 0.874796 0.924725 0.925331 0.961036 0.827397 0.943928 0.875347 0.894765 0.936135 0.894779 0.904830
0.912318 0.740166 0.388449 0.425326 0.961226 0.952929 0.687117 0.725226 0.859784 0.807922 0.876993 0.992215 0.941725 0.791271 0.783297 0.706015 0.971741 0.981255 0.740482 0.703202 0.498970 0.864405 0.366911 0.415916 0.312893 0.304375 0.779678 0.841231 0.998479 0.937609 0.000000 0.349750 0.437096 0.603012 0.588200 0.723711 0.448733 0.505418 0.845567 0.765837 0.689830 0.974198 0.638086 0.805126 0.914488 0.989632 0.647222 0.793446 0.737379 0.898659 0.850479 0.977457 0.953733 0.982810 0.713460 0.792277 0.948597 0.919233 0.921651 0.923366 0.722090 0.693868 0.921221 0.906826 0.398764 0.472259 0.553528 0.570752 0.698558 0.723665 0.637211 0.514003 0.478574 0.553289 0.758328 0.797526 0.892922 0.666659 0.915295 0.661306 0.846974 0.713217 0.517648 0.896097 0.372311 0.353444 0.749654 0.885226 0.655733 0.578960 0.926381 0.890937 0.884056 0.980267 0.721354 0.809769 0.779452 0.923780 0.992769 0.952789 0.949347 0.910888 0.943053 0.790164 0.749461 0.697393 0.746974 0.935075 0.936221 0.848690 0.929476 0.914749 0.924854 0.891863 0.880623 0.919705
0.975588 0.807806 0.580525 0.577598 0.879939 0.925226 0.875933 0.860713 0.978710 0.682288 0.866876 0.976218 0.955497 0.869604 0.994620 0.837848 0.879980 0.933016 0.892358 0.678389 0.584775 0.952805 0.506626 0.414706 0.420634 0.406695 0.839528 0.974377 0.893511 0.998936 0.349750 0.000000 0.590669 0.701894 0.772404 0.799491 0.620685 0.620643 0.767630 0.876779 0.866478 0.897982 0.762266 0.829988 0.914618 0.915309 0.703504 0.872961 0.705992 0.843730 0.996644 0.894845 0.825825 0.843435 0.786828 0.960937 0.985108 0.994450 0.922118 0.992907 0.849377 0.752821 0.828208 0.843914 0.525507 0.525666 0.735252 0.662667 0.816476 0.905834 0.832674 0.732736 0.603717 0.586762 0.843436 0.729834 0.947627 0.771600 0.872592 0.733980 0.917671 0.745768 0.684362 0.971966 0.504564 0.409634 0.813906 0.881489 0.816641 0.765449 0.923991 0.771552 0.999329 0.895627 0.738700 0.865475 0.956818 0.980248 0.896844 0.940132 0.978302 0.860634 0.855701 0.674538 0.763888 0.886616 0.888317 0.982915 0.823862 0.956189 0.911416 0.816766 0.912807 0.998026 0.937441 0.938415
0.420915 0.369548 0.498918 0.477443 0.806322 0.739739 0.433058 0.437196 0.624790 0.828110 0.637967 0.469477 0.547243 0.409870 0.623656 0.600381 0.591551 0.578985 0.391073 0.388474 0.697675 0.876079 0.468714 0.638541 0.722838 0.640159 0.923872 0.954348 0.574281 0.554878 0.437096 0.590669 0.000000 0.285887 0.506275 0.808857 0.605711 0.735949 0.977552 0.812087 0.675670 0.912002 0.602578 0.650568 0.698810 0.739097 0.566432 0.620610 0.904242 0.990820 0.771274 0.817466 0.956007 0.971525 0.690322 0.689692 0.516231 0.496034 0.460479 0.441223 0.327982 0.346568 0.574076 0.582461 0.487199 0.417071 0.395701 0.377458 0.604077 0.583050 0.581147 0.561316 0.638887 0.645554 0.761531 0.753144 0.758282 0.654360 0.753145 0.698136 0.463972 0.553558 0.549807 0.665879 0.352677 0.427887 0.821069 0.996725 0.509953 0.495919 0.808981 0.979357 0.814915 0.897378 0.751333 0.749286 0.626636 0.847583 0.637582 0.639531 0.744742 0.918651 0.760953 0.902093 0.530166 0.532931 0.789136 0.788048 0.789010 0.690046 0.767377 0.840426 0.816908 0.900271 0.672129 0.945075
0.364946 0.347989 0.495053 0.466199 0.842347 0.673090 0.321439 0.339111 0.521064 0.666575 0.551273 0.394602 0.569684 0.499335 0.657978 0.649094 0.564686 0.547430 0.398608 0.391212 0.745527 0.899920 0.571555 0.763432 0.816616 0.718618 0.950286 0.899126 0.589970 0.560703 0.603012 0.701894 0.285887 0.000000 0.514425 0.798821 0.732020 0.754279 0.991622 0.793258 0.762296 0.850114 0.513282 0.484647 0.618097 0.666354 0.526239 0.563265 0.982174 0.865866 0.671114 0.659612 0.800868 0.844168 0.666083 0.781581 0.560793 0.510472 0.422290 0.451319 0.343441 0.333736 0.599623 0.553665 0.553875 0.436187 0.318870 0.336320 0.561571 0.599115 0.484538 0.550446 0.665805 0.675671 0.737759 0.809523 0.625287 0.638747 0.708770 0.757258 0.466744 0.592023 0.658255 0.706654 0.479061 0.550178 0.897949 0.979151 0.509219 0.575175 0.623927 0.792180 0.613607 0.708759 0.678054 0.767221 0.535891 0.800282 0.487305 0.525528 0.628002 0.752010 0.652380 0.729932 0.491908 0.493515 0.660104 0.609760 0.714199 0.710299 0.736945 0.769685 0.682187 0.880076 0.637649 0.948520
0.661272 0.650083 0.495865 0.507789 0.714586 0.867686 0.489586 0.541934 0.688788 0.800364 0.906351 0.763975 0.848591 0.786914 0.742148 0.783270 0.787454 0.825630 0.557780 0.663675 0.780187 0.841270 0.597034 0.725011 0.667449 0.682837 0.947680 0.918882 0.841585 0.877531 0.588200 0.772404 0.506275 0.514425 0.000000 0.730385 0.744454 0.732481 0.950426 0.855995 0.661365 0.772952 0.556644 0.637195 0.635219 0.740130 0.645274 0.603733 0.994149 0.839121 0.634649 0.708513 0.674091 0.752657 0.612204 0.633108 0.802440 0.795358 0.653232 0.690260 0.628604 0.669909 0.857284 0.870560 0.510775 0.588864 0.384710 0.503576 0.687847 0.712135 0.488120 0.540317 0.604596 0.641053 0.944312 0.892404 0.650558 0.701265 0.984709 0.869226 0.726989 0.748297 0.684543 0.787616 0.531989 0.586648 0.803183 0.921584 0.709005 0.644418 0.596744 0.769939 0.627401 0.641744 0.682657 0.709466 0.587855 0.808195 0.685377 0.686672 0.845655 0.912561 0.748265 0.945722 0.750632 0.535444 0.888069 0.727191 0.687748 0.674088 0.728437 0.946730 0.816854 0.921179 0.790717 0.913674
0.999339 0.838073 0.769572 0.712624 0.936583 0.933345 0.872835 0.877552 0.933034 0.926262 0.827310 0.967565 0.852068 0.991238 0.995571 0.902069 0.992130 0.966023 0.864216 0.857804 0.755342 0.899098 0.796293 0.773451 0.680421 0.618069 0.758422 0.998185 0.857339 0.864441 0.723711 0.799491 0.808857 0.798821 0.730385 0.000000 0.636031 0.759610 0.855518 0.788248 0.759530 0.927863 0.759955 0.869973 0.894677 0.976797 0.856740 0.912021 0.913922 0.991003 0.791382 0.887883 0.797281 0.829608 0.795290 0.946669 0.981657 0.991563 0.958817 0.954309 0.994094 0.896808 0.839223 0.853192 0.773253 0.740325 0.675765 0.703441 0.973714 0.783207 0.665909 0.695942 0.713400 0.757599 0.979701 0.887680 0.831993 0.931378 0.937472 0.999113 0.939365 0.980371 0.816891 0.985637 0.753132 0.663475 0.795145 0.963840 0.841713 0.852626 0.786579 0.915740 0.697313 0.799189 0.939258 0.900980 0.866778 0.901807 0.898382 0.972982 0.799950 0.916528 0.911334 0.960307 0.885550 0.861294 0.909760 0.883321 0.834073 0.942886 0.934746 0.954322 0.935773 0.991594 0.985530 0.998348
0.851462 0.803188 0.461472 0.519518 0.884154 0.977509 0.757147 0.889116 0.869046 0.829536 0.841345 0.949428 0.920762 0.817138 0.745880 0.604924 0.975562 0.899890 0.722521 0.766728 0.628315 0.865706 0.462026 0.556825 0.431045 0.411034 0.666651 0.787178 0.999667 0.925306 0.448733 0.620685 0.605711 0.732020 0.744454 0.636031 0.000000 0.460780 0.775138 0.741232 0.751647 0.932870 0.733110 0.927491 0.899340 0.999360 0.591452 0.795484 0.843958 0.998203 0.774507 0.884817 0.990290 0.934565 0.737430 0.838467 0.885634 0.896626 0.867839 0.987994 0.857220 0.896910 0.972077 0.938231 0.487896 0.646266 0.653854 0.633625 0.741577 0.829534 0.644711 0.588285 0.582783 0.633573 0.990342 0.976583 0.811527 0.585748 0.904282 0.867863 0.797404 0.775182 0.593898 0.791015 0.462616 0.454833 0.930806 0.969043 0.658198 0.648684 0.942832 0.950892 0.882968 0.907096 0.841934 0.822632 0.854326 0.953975 0.906935 0.891395 0.994794 0.772753 0.881347 0.969414 0.759114 0.820166 0.899530 0.871071 0.852169 0.862035 0.899379 0.954873 0.927265 0.903337 0.984373 0.969626
0.981899 0.943688 0.604518 0.588028 0.948047 0.973067 0.789749 0.885800 0.890282 0.902834 0.849327 0.962414 0.999357 0.898878 0.878271 0.774485 0.953783 0.946383 0.897941 0.883402 0.632859 0.919219 0.630036 0.666706 0.469644 0.471941 0.770984 0.869080 0.954908 0.873089 0.505418 0.620643 0.735949 0.754279 0.732481 0.759610 0.460780 0.000000 0.733064 0.791347 0.824510 0.888041 0.819736 0.887645 0.940663 0.919554 0.709782 0.880859 0.773195 0.935176 0.830265 0.968215 0.991669 0.904699 0.806439 0.976128 0.948782 0.956892 0.917004 0.930206 0.915870 0.930004 0.918121 0.932324 0.613525 0.699019 0.665334 0.676263 0.878932 0.890110 0.651385 0.669812 0.509000 0.639679 0.936526 0.978217 0.847263 0.693210 0.869658 0.778356 0.901445 0.828498 0.696985 0.891115 0.661657 0.584459 0.931099 0.914672 0.808236 0.847876 0.853412 0.943771 0.788360 0.851974 0.809503 0.770356 0.773300 0.835160 0.981903 0.987590 0.918025 0.913246 0.959437 0.954964 0.910152 0.863725 0.771918 0.821892 0.869115 0.955791 0.942989 0.924708 0.947747 0.768801 0.933218 0.817733
