0.000000 0.263634 0.751647 0.700545 0.912563 0.831381 0.997216 0.480454 0.949517 0.758824 0.399833 0.325706 0.507765 0.422380 0.851498 0.790695 0.435307 0.394599 0.437102 0.319097 0.955254 0.950633 0.868057 0.976090 0.725616 0.822958 0.897010 0.950857 0.399222 0.491764 0.871230 0.876534 0.829007 0.614060 0.820595 0.678205 0.786261 0.983937 0.935833 0.919087 0.819042 0.855626 0.866250 0.771509 0.983797 0.625203 0.778992 0.708095 0.289443 0.325620 0.305594 0.310254 0.367342 0.452647 0.679887 0.431106 0.394450 0.324010 0.353554 0.306733 0.657821 0.358417 0.472836 0.356387 0.702018 0.984867 0.696393 0.761905 0.488752 0.486015 0.676634 0.755619 0.615626 0.586222 0.842702 0.770020 0.579098 0.804862 0.788359 0.656517 0.435004 0.447976 0.696333 0.859211 0.765136 0.852561 0.854294 0.996581 0.905031 0.823158 0.928969 0.692463 0.746352 0.601395 0.990676 0.924239 0.867219 0.725038 0.713060 0.767363 0.792130 0.890014 0.653353 0.698168 0.789925 0.967129 0.885373 0.929447 0.938094 0.929616 0.954486 0.940995 0.597630 0.985657 0.930403 0.751541
0.263634 0.000000 0.769673 0.678711 0.874108 0.793993 0.958648 0.452688 0.927850 0.671086 0.441146 0.321661 0.570870 0.417321 0.841949 0.739110 0.382251 0.339090 0.367658 0.277676 0.961074 0.908756 0.917149 0.981401 0.761575 0.871249 0.910093 0.963830 0.371797 0.409081 0.984028 0.979687 0.753400 0.600643 0.823531 0.642480 0.824052 0.985049 0.913088 0.982764 0.844784 0.882183 0.886861 0.724660 0.966881 0.609466 0.717650 0.655149 0.295781 0.285480 0.280620 0.288144 0.374279 0.407156 0.617655 0.444173 0.320802 0.265100 0.450975 0.351032 0.748707 0.396093 0.461817 0.321646 0.652665 0.955274 0.622984 0.747476 0.504220 0.436014 0.803475 0.887516 0.566624 0.548473 0.746143 0.791741 0.556303 0.717902 0.718434 0.504599 0.322355 0.354767 0.704384 0.765426 0.809626 0.831071 0.829180 0.947039 0.984651 0.876009 0.950351 0.691835 0.707668 0.606085 0.964049 0.895877 0.901427 0.694644 0.746148 0.787576 0.786128 0.895876 0.632554 0.723762 0.768342 0.930723 0.879922 0.955498 0.951176 0.976671 0.972525 0.952840 0.640109 0.940412 0.975986 0.739514
0.751647 0.769673 0.000000 0.634208 0.801291 0.931124 0.527586 0.949859 0.740390 0.994833 0.744674 0.667663 0.971778 0.787106 0.766469 0.891291 0.907582 0.989945 0.857865 0.731206 0.896646 0.927394 0.567734 0.869508 0.536054 0.386880 0.986603 0.934049 0.788279 0.821179 0.513461 0.575740 0.590981 0.840999 0.569989 0.653093 0.672181 0.777819 0.855519 0.835244 0.925803 0.907625 0.489940 0.760684 0.602154 0.828401 0.869713 0.707652 0.828958 0.708318 0.849638 0.833503 0.900569 0.969226 0.964425 0.899726 0.728694 0.724081 0.724368 0.675799 0.820739 0.814646 0.869899 0.804499 0.372842 0.561131 0.522640 0.473017 0.711959 0.653344 0.746433 0.759475 0.935269 0.916265 0.984103 0.972950 0.865094 0.894897 0.852408 0.984716 0.992658 0.957686 0.885921 0.847846 0.627464 0.685611 0.831934 0.940636 0.819993 0.799902 0.603400 0.686775 0.544754 0.734763 0.916570 0.980598 0.817953 0.564314 0.793046 0.719731 0.895097 0.691400 0.918007 0.950514 0.806312 0.701259 0.830984 0.854450 0.983827 0.886610 0.707030 0.828713 0.943646 0.952895 0.698534 0.892644
0.700545 0.678711 0.634208 0.000000 0.951723 0.876613 0.696921 0.679423 0.925492 0.875669 0.850986 0.735830 0.624720 0.628942 0.667491 0.795891 0.698989 0.654301 0.716285 0.695653 0.958903 0.960992 0.654394 0.726487 0.853962 0.709681 0.872173 0.970197 0.815202 0.836703 0.863948 0.816795 0.581317 0.649822 0.915994 0.959505 0.938231 0.834033 0.996633 0.913972 0.995952 0.941879 0.920229 0.765010 0.845298 0.708520 0.903313 0.559076 0.748256 0.769256 0.666684 0.688726 0.658807 0.698725 0.779279 0.713261 0.745209 0.690144 0.722210 0.800778 0.623397 0.706154 0.808459 0.688956 0.672701 0.570759 0.913139 0.815666 0.779682 0.781057 0.927432 0.872581 0.903404 0.999214 0.819207 0.813931 0.941232 0.820970 0.662794 0.681243 0.651451 0.599100 0.581361 0.632748 0.516103 0.493594 0.864178 0.710656 0.714989 0.655829 0.797760 0.873812 0.980425 0.848981 0.931593 0.981438 0.721154 0.897987 0.780382 0.687857 0.927667 0.731392 0.820059 0.862319 0.671606 0.787094 0.855337 0.961682 0.921808 0.968942 0.853415 0.975613 0.836690 0.897499 0.891294 0.879160
0.912563 0.874108 0.801291 0.951723 0.000000 0.894754 0.825101 0.982081 0.840265 0.944776 0.880508 0.875517 0.983606 0.864976 0.887638 0.995839 0.793230 0.923479 0.774903 0.846045 0.909023 0.934821 0.815930 0.938786 0.988409 0.904896 0.975502 0.969381 0.929237 0.967121 0.927069 0.920600 0.937109 0.866097 0.884587 0.890643 0.866617 0.945189 0.888894 0.968787 0.995132 0.990975 0.823042 0.903209 0.893323 0.961124 0.873367 0.994521 0.940168 0.877304 0.893397 0.898627 0.885385 0.896773 0.780566 0.923663 0.900914 0.900587 0.928783 0.946979 0.863658 0.986216 0.967567 0.932390 0.742735 0.742706 0.784919 0.743797 0.856320 0.841949 0.899802 0.885550 0.978937 0.891644 0.954682 0.924030 0.815479 0.974955 0.925388 0.955811 0.914950 0.793232 0.989900 0.908782 0.797253 0.761726 0.926011 0.948944 0.886135 0.981183 0.777287 0.772183 0.789606 0.822323 0.983848 0.842034 0.919300 0.832783 0.917101 0.913073 0.902616 0.862603 0.981956 0.991755 0.779565 0.905693 0.983705 0.810479 0.934691 0.955214 0.875610 0.959967 0.903358 0.964554 0.856240 0.857538
0.831381 0.793993 0.931124 0.876613 0.894754 0.000000 0.935147 0.653378 0.880227 0.829740 0.857568 0.706646 0.727754 0.657592 0.741397 0.648025 0.946340 0.905183 0.886632 0.865954 0.847011 0.992673 0.934553 0.951177 0.740698 0.990194 0.997755 0.999715 0.738347 0.796935 0.924045 0.876877 0.803369 0.800197 0.914723 0.996253 0.859378 0.955766 0.958222 0.925089 0.785183 0.838375 0.898050 0.724007 0.987871 0.788472 0.964700 0.948547 0.827934 0.776006 0.820816 0.779366 0.964552 0.795000 0.878592 0.980913 0.944101 0.866154 0.906454 0.725184 0.813465 0.698825 0.761056 0.749225 0.964731 0.732451 0.981750 0.924486 0.863799 0.979201 0.989371 0.988968 0.969570 0.967831 0.711853 0.861194 0.818403 0.800102 0.980065 0.914437 0.891619 0.859193 0.870067 0.870697 0.900244 0.820142 0.967489 0.996660 0.931127 0.966963 0.883175 0.929901 0.961282 0.982434 0.948432 0.924541 0.929804 0.902804 0.906197 0.845377 0.790687 0.882899 0.977210 0.909254 0.846806 0.895726 0.989562 0.828920 0.828993 0.768007 0.874865 0.983715 0.959456 0.908188 0.977600 0.956001
0.997216 0.958648 0.527586 0.696921 0.825101 0.935147 0.000000 0.527669 0.457318 0.544420 0.754674 0.911177 0.720801 0.957320 0.781514 0.931906 0.744010 0.738222 0.940450 0.981906 0.821500 0.869600 0.869848 0.793584 0.942503 0.775801 0.731751 0.830631 0.814928 0.815948 0.711503 0.678566 0.507313 0.536576 0.714538 0.784802 0.918716 0.924672 0.960510 0.923787 0.900476 0.945911 0.366893 0.456930 0.335484 0.550974 0.778807 0.562561 0.960726 0.808244 0.961048 0.905586 0.891101 0.980093 0.917556 0.972668 0.996341 0.868124 0.937236 0.883942 0.423546 0.720860 0.718708 0.805501 0.617451 0.459779 0.401090 0.334428 0.777162 0.696546 0.875880 0.728477 0.872452 0.961980 0.892465 0.980724 0.904116 0.916520 0.733318 0.990168 0.841296 0.940934 0.868438 0.887186 0.715343 0.851252 0.897063 0.957981 0.956421 0.967278 0.456215 0.612740 0.537893 0.619398 0.882741 0.861506 0.668033 0.599892 0.440558 0.421659 0.616068 0.542635 0.839143 0.741827 0.781394 0.762340 0.786476 0.666064 0.908289 0.958461 0.608923 0.539122 0.707244 0.925941 0.669229 0.945725
0.480454 0.452688 0.949859 0.679423 0.982081 0.653378 0.527669 0.000000 0.650298 0.392607 0.345844 0.354867 0.498411 0.543517 0.795015 0.793500 0.370684 0.394382 0.546311 0.474579 0.746109 0.941898 0.880249 0.753952 0.564557 0.863550 0.837004 0.844549 0.364700 0.355746 0.923629 0.862503 0.594307 0.408873 0.921673 0.830003 0.811370 0.986287 0.845758 0.910566 0.910757 0.986895 0.715827 0.445374 0.613711 0.393609 0.750809 0.537882 0.472106 0.588197 0.519767 0.561552 0.685084 0.609218 0.894760 0.661711 0.521323 0.556926 0.534217 0.564505 0.407470 0.289913 0.331048 0.310269 0.856195 0.696939 0.938571 0.782473 0.870705 0.802239 0.906373 0.934017 0.651708 0.666134 0.686247 0.856240 0.589104 0.762529 0.665704 0.737070 0.440505 0.538820 0.742641 0.847749 0.821840 0.910406 0.925550 0.956770 0.942083 0.996754 0.683003 0.988814 0.974109 0.991856 0.924248 0.778076 0.758466 0.999990 0.467615 0.505692 0.548569 0.625111 0.697798 0.608708 0.755126 0.809984 0.999984 0.805313 0.937853 0.986534 0.700751 0.665176 0.568951 0.991606 0.807182 0.786891
0.949517 0.927850 0.740390 0.925492 0.840265 0.880227 0.457318 0.650298 0.000000 0.621407 0.869311 0.979671 0.884403 0.883562 0.807594 0.996106 0.850312 0.881542 0.949283 0.927941 0.983799 0.887244 0.971346 0.724707 0.922550 0.816796 0.772819 0.814015 0.865559 0.833933 0.628560 0.696437 0.751983 0.719008 0.779686 0.909615 0.827969 0.927232 0.922073 0.874711 0.861355 0.906561 0.480219 0.519941 0.452813 0.571484 0.904046 0.713458 0.947617 0.879621 0.991114 0.978894 0.946532 0.991067 0.806203 0.930856 0.986935 0.899352 0.935217 0.912307 0.635401 0.745615 0.828662 0.871749 0.758047 0.590991 0.575465 0.487621 0.811676 0.767090 0.873503 0.796554 0.958909 0.969105 0.939398 0.953187 0.907043 0.921109 0.914296 0.865153 0.913408 0.982943 0.970700 0.964150 0.836198 0.919441 0.799036 0.893162 0.963957 0.945880 0.660517 0.670556 0.658153 0.680020 0.855209 0.955090 0.822149 0.852627 0.586383 0.598704 0.649077 0.737181 0.997541 0.725796 0.735083 0.749154 0.845051 0.773918 0.989737 0.890812 0.712370 0.697250 0.754816 0.825076 0.700704 0.997059
0.758824 0.671086 0.994833 0.875669 0.944776 0.829740 0.544420 0.392607 0.621407 0.000000 0.492683 0.572515 0.768717 0.862752 0.992089 0.947977 0.483359 0.524044 0.804505 0.719115 0.850200 0.944663 0.696888 0.593757 0.646407 0.853838 0.668906 0.838278 0.481088 0.462221 0.869225 0.799931 0.673250 0.595360 0.972896 0.919275 0.967392 0.916417 0.921359 0.974457 0.948458 0.992351 0.651070 0.442579 0.519323 0.447848 0.784152 0.626374 0.654229 0.840480 0.703464 0.812271 0.857597 0.811098 0.870169 0.729272 0.632968 0.778716 0.754533 0.861507 0.556449 0.505597 0.525948 0.489568 0.826550 0.856085 0.861515 0.787851 0.945852 0.916710 0.979704 0.672231 0.704797 0.770700 0.800847 0.908499 0.711100 0.764258 0.760951 0.787856 0.594869 0.714881 0.920119 0.858811 0.925254 0.829363 0.986291 0.870491 0.865097 0.834990 0.738398 0.879925 0.925099 0.812965 0.936118 0.880550 0.768012 0.830625 0.469576 0.476127 0.679775 0.675961 0.745252 0.620875 0.898969 0.960578 0.843959 0.704763 0.851107 0.972156 0.763995 0.605507 0.639423 0.971215 0.942810 0.806777
0.399833 0.441146 0.744674 0.850986 0.880508 0.857568 0.754674 0.345844 0.869311 0.492683 0.000000 0.349391 0.572812 0.580748 0.945221 0.908426 0.354936 0.386825 0.521815 0.407959 0.739616 0.959420 0.609952 0.644405 0.515612 0.703512 0.869882 0.835681 0.310116 0.366788 0.869043 0.939935 0.746298 0.572434 0.824655 0.720464 0.766242 0.984510 0.865869 0.996103 0.926930 0.906498 0.923922 0.665307 0.801752 0.524389 0.808815 0.713748 0.426281 0.516562 0.490663 0.532860 0.600789 0.590236 0.754638 0.615563 0.451632 0.491066 0.421372 0.528438 0.557465 0.340881 0.333740 0.330371 0.593487 0.956278 0.873969 0.944802 0.711138 0.691045 0.706613 0.915680 0.596006 0.592382 0.810218 0.886310 0.610675 0.799359 0.678333 0.748407 0.480965 0.573140 0.908307 0.886602 0.973826 0.864459 0.805848 0.888780 0.905674 0.945673 0.833018 0.908136 0.886366 0.861770 0.966622 0.830521 0.816160 0.879286 0.551357 0.657686 0.691093 0.748887 0.737427 0.583600 0.892878 0.973401 0.910940 0.835069 0.956419 0.923724 0.927271 0.886074 0.583232 0.841095 0.921624 0.747676
0.325706 0.321661 0.667663 0.735830 0.875517 0.706646 0.911177 0.354867 0.979671 0.572515 0.349391 0.000000 0.404224 0.333097 0.802567 0.640806 0.364839 0.394393 0.431090 0.317262 0.788666 0.989088 0.827380 0.907635 0.531624 0.681297 0.980299 0.910747 0.356202 0.373391 0.797542 0.871107 0.776158 0.578058 0.731170 0.676098 0.717549 0.903679 0.806236 0.942519 0.980150 0.945020 0.889529 0.726155 0.998734 0.608843 0.846360 0.748106 0.415071 0.404642 0.379120 0.419062 0.511559 0.548468 0.765184 0.573814 0.411498 0.387466 0.387833 0.367037 0.556744 0.286114 0.350214 0.253581 0.660681 0.929253 0.725845 0.846317 0.626797 0.556935 0.733057 0.946496 0.656004 0.696036 0.750632 0.758040 0.576789 0.750087 0.801420 0.667957 0.436652 0.451905 0.715015 0.893173 0.869949 0.943787 0.883384 0.951030 0.932978 0.964824 0.930221 0.639788 0.666239 0.654917 0.952541 0.812029 0.918041 0.786809 0.654332 0.758219 0.708059 0.851400 0.711614 0.777755 0.853351 0.988844 0.910702 0.907775 0.937830 0.980893 0.963868 0.923759 0.618141 0.968597 0.946353 0.712159
0.507765 0.570870 0.971778 0.624720 0.983606 0.727754 0.720801 0.498411 0.884403 0.768717 0.572812 0.404224 0.000000 0.381982 0.540454 0.581161 0.537460 0.575741 0.550202 0.567971 0.742222 0.967547 0.858183 0.907146 0.738110 0.916622 0.913141 0.954933 0.566918 0.576517 0.972343 0.956934 0.684492 0.588481 0.904272 0.847835 0.758602 0.782460 0.795637 0.858424 0.937841 0.842662 0.950377 0.734719 0.977108 0.731255 0.833683 0.752733 0.648854 0.618101 0.546708 0.578143 0.629147 0.626473 0.889738 0.758038 0.680017 0.644589 0.511842 0.499769 0.440076 0.441337 0.470526 0.451291 0.914771 0.655123 0.988859 0.881217 0.922843 0.811764 0.778212 0.996832 0.858145 0.934541 0.844682 0.732926 0.717922 0.812075 0.825847 0.867308 0.645766 0.622599 0.682027 0.969552 0.659718 0.770222 0.959369 0.997287 0.926489 0.840777 0.754411 0.671807 0.866785 0.687624 0.871086 0.890678 0.867841 0.899470 0.643611 0.773732 0.591850 0.837471 0.740756 0.989764 0.772447 0.864960 0.977218 0.861847 0.977063 0.906124 0.906206 0.879465 0.689021 0.878828 0.780297 0.703099
0.422380 0.417321 0.787106 0.628942 0.864976 0.657592 0.957320 0.543517 0.883562 0.862752 0.580748 0.333097 0.381982 0.000000 0.626679 0.482360 0.528395 0.536555 0.450344 0.415011 0.817764 0.987809 0.899025 0.792653 0.750237 0.851475 0.841565 0.950710 0.542549 0.561468 0.857791 0.902596 0.799695 0.683395 0.783698 0.721832 0.693428 0.817292 0.729481 0.963637 0.991261 0.916798 0.791780 0.887845 0.792718 0.790276 0.894367 0.790885 0.549275 0.428765 0.408857 0.412771 0.509197 0.502632 0.778269 0.704700 0.592093 0.466113 0.504389 0.417487 0.659290 0.453372 0.511470 0.410693 0.858660 0.837188 0.668554 0.810499 0.727968 0.591432 0.732820 0.909976 0.811352 0.810002 0.763659 0.720166 0.742603 0.790220 0.757938 0.679502 0.523326 0.472985 0.656984 0.917808 0.722332 0.728098 0.892859 0.919957 0.970739 0.854421 0.994876 0.499864 0.579771 0.462303 0.870408 0.949454 0.970434 0.711114 0.859150 0.890995 0.826728 0.900568 0.807857 0.937870 0.812517 0.967426 0.887114 0.927970 0.997582 0.944927 0.949560 0.948369 0.808587 0.944819 0.915995 0.817294
0.851498 0.841949 0.766469 0.667491 0.887638 0.741397 0.781514 0.795015 0.807594 0.992089 0.945221 0.802567 0.540454 0.626679 0.000000 0.534143 0.884765 0.834196 0.784438 0.833912 0.915664 0.841342 0.545692 0.752006 0.910643 0.748601 0.799236 0.949700 0.900042 0.943918 0.769344 0.794494 0.646616 0.766519 0.815647 0.970825 0.953731 0.840763 0.846518 0.893136 0.887987 0.759659 0.836062 0.760755 0.973014 0.827128 0.945064 0.768698 0.906957 0.824699 0.818556 0.763541 0.837661 0.771813 0.978602 0.942434 0.915947 0.830074 0.880874 0.760722 0.693891 0.749598 0.785770 0.805109 0.593815 0.503622 0.789473 0.714413 0.928848 0.997716 0.971749 0.885456 0.973175 0.845029 0.863467 0.804388 0.864315 0.877260 0.783511 0.905041 0.862221 0.796850 0.672140 0.869413 0.568815 0.540441 0.972943 0.949734 0.864233 0.778113 0.721985 0.946503 0.997981 0.915630 0.970373 0.976448 0.971599 0.911789 0.843258 0.742636 0.724355 0.835123 0.931234 0.974470 0.787208 0.795630 0.970353 0.959970 0.944882 0.817523 0.994010 0.936435 0.981402 0.962888 0.648462 0.923752
0.790695 0.739110 0.891291 0.795891 0.995839 0.648025 0.931906 0.793500 0.996106 0.947977 0.908426 0.640806 0.581161 0.482360 0.534143 0.000000 0.866121 0.869095 0.756011 0.741136 0.915409 0.948294 0.770821 0.711237 0.942660 0.972410 0.856612 0.941888 0.871068 0.826737 0.989236 0.986694 0.871570 0.873738 0.961182 0.864046 0.893100 0.791984 0.910793 0.935713 0.882435 0.774191 0.909880 0.898153 0.750528 0.996034 0.963790 0.909837 0.904743 0.728322 0.770285 0.750418 0.890876 0.860958 0.987948 0.918167 0.811992 0.790321 0.881443 0.659197 0.883288 0.730303 0.796072 0.704716 0.915060 0.719461 0.843544 0.990432 0.938848 0.778403 0.960526 0.995403 0.983683 0.945215 0.865524 0.727973 0.919855 0.791733 0.905651 0.821079 0.797592 0.690570 0.742309 0.943945 0.702595 0.606642 0.929926 0.884348 0.922257 0.931144 0.937902 0.657950 0.708578 0.710999 0.971907 0.912135 0.899822 0.765844 0.939782 0.977101 0.783022 0.995878 0.966950 0.882494 0.886394 0.801453 0.763217 0.939421 0.999668 0.975055 0.996471 0.977338 0.959379 0.939972 0.846679 0.887071
0.435307 0.382251 0.907582 0.698989 0.793230 0.946340 0.744010 0.370684 0.850312 0.483359 0.354936 0.364839 0.537460 0.528395 0.884765 0.866121 0.000000 0.296962 0.422734 0.365654 0.891412 0.986812 0.808908 0.723657 0.662588 0.834147 0.877495 0.944167 0.345234 0.363808 0.979572 0.917190 0.606509 0.510042 0.865309 0.782542 0.871819 0.953576 0.893658 0.950171 0.975283 0.991369 0.910826 0.620292 0.811397 0.543469 0.680593 0.558663 0.430963 0.536518 0.424000 0.527196 0.560989 0.598330 0.602969 0.518685 0.379996 0.457263 0.465349 0.605936 0.573526 0.401729 0.362837 0.299139 0.742109 0.957272 0.847191 0.984958 0.680040 0.621983 0.844909 0.940224 0.604273 0.611576 0.733701 0.860917 0.615199 0.781352 0.652511 0.591544 0.334904 0.410380 0.750923 0.743367 0.825254 0.988929 0.875192 0.965098 0.897006 0.961304 0.905657 0.798524 0.835799 0.743722 0.932303 0.866257 0.879640 0.918225 0.496317 0.635559 0.759934 0.775084 0.595486 0.687923 0.837734 0.923472 0.918800 0.901718 0.973327 0.956441 0.855598 0.807137 0.588800 0.945315 0.909843 0.677306
0.394599 0.339090 0.989945 0.654301 0.923479 0.905183 0.738222 0.394382 0.881542 0.524044 0.386825 0.394393 0.575741 0.536555 0.834196 0.869095 0.296962 0.000000 0.365833 0.346025 0.966936 0.961560 0.949550 0.821443 0.735841 0.929332 0.913852 0.823260 0.337258 0.381387 0.953786 0.839330 0.552771 0.511879 0.950342 0.793131 0.928094 0.917910 0.881392 0.913336 0.809984 0.889587 0.894621 0.621694 0.795631 0.528759 0.675428 0.511440 0.409739 0.512241 0.442512 0.487291 0.558759 0.558742 0.578727 0.486660 0.372812 0.405536 0.500617 0.591491 0.601156 0.440931 0.397064 0.334542 0.790582 0.959074 0.874964 0.981387 0.598897 0.617168 0.852710 0.997629 0.473404 0.501985 0.755371 0.746338 0.605492 0.671393 0.542748 0.467232 0.291972 0.355747 0.651556 0.714288 0.770504 0.881156 0.892617 0.892985 0.920379 0.938840 0.816688 0.874988 0.862201 0.761231 0.971551 0.838420 0.827896 0.947694 0.519173 0.595345 0.781331 0.708462 0.639061 0.585664 0.719233 0.864231 0.968459 0.940389 0.893169 0.990702 0.871055 0.934400 0.582376 0.945790 0.839734 0.746329
0.437102 0.367658 0.857865 0.716285 0.774903 0.886632 0.940450 0.546311 0.949283 0.804505 0.521815 0.431090 0.550202 0.450344 0.784438 0.756011 0.422734 0.365833 0.000000 0.344276 0.938927 0.975746 0.945288 0.995441 0.826275 0.903352 0.941027 0.938589 0.462770 0.496244 0.991940 0.975228 0.654217 0.597474 0.854866 0.777060 0.826633 0.973369 0.803973 0.880854 0.837903 0.970147 0.913096 0.848478 0.970077 0.793347 0.722110 0.652627 0.534577 0.500001 0.496565 0.495402 0.570252 0.569813 0.540385 0.592559 0.440226 0.438855 0.548230 0.593919 0.773139 0.539171 0.517594 0.457080 0.772063 0.963254 0.744984 0.841963 0.591467 0.595058 0.891943 0.967533 0.561607 0.592746 0.816716 0.848804 0.565891 0.823309 0.659683 0.539635 0.404838 0.400604 0.698870 0.709787 0.778112 0.853876 0.829944 0.850977 0.948953 0.929029 0.939086 0.678571 0.736771 0.565206 0.912765 0.859522 0.933673 0.708798 0.787808 0.871422 0.833344 0.897678 0.691434 0.828519 0.864201 0.898352 0.964045 0.882140 0.926782 0.943184 0.963931 0.894559 0.736126 0.990321 0.994473 0.726110
0.319097 0.277676 0.731206 0.695653 0.846045 0.865954 0.981906 0.474579 0.927941 0.719115 0.407959 0.317262 0.567971 0.415011 0.833912 0.741136 0.365654 0.346025 0.344276 0.000000 0.946077 0.974945 0.929109 0.948509 0.742087 0.790839 0.928528 0.906921 0.394419 0.448354 0.842787 0.960968 0.782259 0.602578 0.807586 0.666434 0.812571 0.971815 0.902752 0.969367 0.868053 0.945374 0.839072 0.831941 0.906042 0.710961 0.828287 0.692357 0.366506 0.366803 0.376523 0.397066 0.477912 0.509570 0.622035 0.480750 0.370692 0.315366 0.471018 0.456546 0.776820 0.436640 0.485821 0.380709 0.642678 0.922703 0.650762 0.749392 0.510020 0.436276 0.799774 0.902245 0.542921 0.573438 0.799066 0.791334 0.500822 0.726408 0.685870 0.536962 0.359309 0.362721 0.660432 0.766822 0.822539 0.872748 0.788626 0.884237 0.928512 0.943126 0.966779 0.695347 0.699300 0.602102 0.953653 0.875807 0.944492 0.733319 0.734365 0.834861 0.859782 0.918445 0.697804 0.771090 0.809660 0.993283 0.924477 0.924508 0.903982 0.974483 0.998821 0.968875 0.678584 0.884021 0.927081 0.685062
0.955254 0.961074 0.896646 0.958903 0.909023 0.847011 0.821500 0.746109 0.983799 0.850200 0.739616 0.788666 0.742222 0.817764 0.915664 0.915409 0.891412 0.966936 0.938927 0.946077 0.000000 0.839182 0.920299 0.889719 0.800218 0.866881 0.961247 0.930522 0.877845 0.851846 0.913258 0.955152 0.884802 0.927096 0.948041 0.896335 0.669216 0.785663 0.775750 0.851353 0.668914 0.867440 0.965834 0.938896 0.962420 0.896342 0.866439 0.983176 0.974452 0.913010 0.969424 0.939493 0.958615 0.886878 0.834836 0.873636 0.968052 0.934635 0.769658 0.865444 0.753250 0.827250 0.736948 0.811220 0.951209 0.901032 0.863502 0.876373 0.861467 0.975547 0.989326 0.995049 0.904260 0.906665 0.905561 0.896821 0.864033 0.935951 0.912593 0.900836 0.955117 0.933760 0.920247 0.913386 0.874021 0.927678 0.895911 0.907005 0.896242 0.953844 0.777212 0.979824 0.979696 0.928201 0.977898 0.942573 0.925858 0.960457 0.913463 0.906735 0.872465 0.797835 0.979781 0.999805 0.898084 0.973787 0.897333 0.895103 0.864426 0.807558 0.862174 0.775766 0.906067 0.887841 0.874970 0.914568
0.950633 0.908756 0.927394 0.960992 0.934821 0.992673 0.869600 0.941898 0.887244 0.944663 0.959420 0.989088 0.967547 0.987809 0.841342 0.948294 0.986812 0.961560 0.975746 0.974945 0.839182 0.000000 0.887405 0.960215 0.867722 0.955161 0.972495 0.943577 0.971349 0.969644 0.949061 0.994315 0.880791 0.936583 0.960247 0.933690 0.921523 0.673788 0.975931 0.793927 0.812817 0.885727 0.999398 0.982692 0.951796 0.981957 0.925919 0.996589 0.906976 0.922534 0.868841 0.922599 0.934065 0.973015 0.958765 0.919086 0.962258 0.946686 0.989425 0.944770 0.872373 0.955871 0.964554 0.978348 0.909697 0.833637 0.868910 0.897911 0.990932 0.943840 0.974173 0.970323 0.989485 0.896490 0.974505 0.971858 0.991600 0.849656 0.884052 0.862404 0.938651 0.900296 0.995725 0.940841 0.989931 0.933581 0.863064 0.989937 0.973851 0.953972 0.952307 0.853271 0.944372 0.979763 0.984690 0.927110 0.980673 0.960067 0.943620 0.952937 0.994797 0.931775 0.880197 0.982580 0.918016 0.859025 0.919668 0.860425 0.900378 0.813450 0.948422 0.932908 0.932544 0.991227 0.969204 0.989520
0.868057 0.917149 0.567734 0.654394 0.815930 0.934553 0.869848 0.880249 0.971346 0.696888 0.609952 0.827380 0.858183 0.899025 0.545692 0.770821 0.808908 0.949550 0.945288 0.929109 0.920299 0.887405 0.000000 0.453953 0.591637 0.540026 0.746797 0.909810 0.729877 0.706617 0.746910 0.794912 0.759299 0.998912 0.739468 0.746625 0.838178 0.956017 0.903117 0.936163 0.927758 0.883223 0.925602 0.947840 0.963757 0.866022 0.976990 0.889171 0.823556 0.899000 0.912029 0.987029 0.977912 0.955271 0.933870 0.922352 0.786113 0.900362 0.781532 0.895185 0.985101 0.826154 0.752777 0.776639 0.422439 0.568243 0.766206 0.747957 0.907861 0.885459 0.821091 0.962836 0.989080 0.882522 0.927867 0.893227 0.864385 0.897707 0.914793 0.912964 0.969912 0.935890 0.641204 0.981343 0.476197 0.429331 0.853964 0.665084 0.864950 0.682172 0.793993 0.960867 0.850864 0.945788 0.913125 0.952699 0.940315 0.957354 0.925330 0.926031 0.992954 0.956178 0.941741 0.734864 0.778747 0.811129 0.903141 0.819185 0.870580 0.948096 0.893374 0.986491 0.831141 0.861961 0.738403 0.950489
0.976090 0.981401 0.869508 0.726487 0.938786 0.951177 0.793584 0.753952 0.724707 0.593757 0.644405 0.907635 0.907146 0.792653 0.752006 0.711237 0.723657 0.821443 0.995441 0.948509 0.889719 0.960215 0.453953 0.000000 0.668051 0.785863 0.670423 0.849975 0.703759 0.684979 0.999481 0.864951 0.895048 0.773427 0.967544 0.930093 0.971556 0.899574 0.850679 0.909874 0.959188 0.957713 0.760367 0.713052 0.654923 0.681887 0.899706 0.921798 0.854837 0.983023 0.998584 0.932678 0.900380 0.940440 0.949667 0.905899 0.801735 0.967772 0.889997 0.948218 0.859709 0.812931 0.692801 0.791095 0.685688 0.814639 0.898413 0.847230 0.958555 0.971331 0.954962 0.945281 0.822793 0.838504 0.912660 0.902191 0.755140 0.954870 0.901875 0.945334 0.874535 0.974104 0.754893 0.991380 0.679184 0.536394 0.930977 0.677221 0.794731 0.830708 0.919546 0.777417 0.854326 0.771561 0.919791 0.959486 0.979626 0.917140 0.626011 0.863425 0.871880 0.853635 0.977779 0.707494 0.943761 0.908792 0.979107 0.747005 0.899725 0.929944 0.957257 0.784749 0.828759 0.964152 0.997930 0.896540
0.725616 0.761575 0.536054 0.853962 0.988409 0.740698 0.942503 0.564557 0.922550 0.646407 0.515612 0.531624 0.738110 0.750237 0.910643 0.942660 0.662588 0.735841 0.826275 0.742087 0.800218 0.867722 0.591637 0.668051 0.000000 0.446555 0.666230 0.863606 0.562964 0.516872 0.699378 0.829626 0.986597 0.806336 0.749887 0.806136 0.677783 0.797143 0.913183 0.832747 0.903495 0.841069 0.938728 0.860305 0.970339 0.798365 0.913293 0.947234 0.747222 0.801006 0.812913 0.857052 0.926445 0.937528 0.982126 0.875865 0.732324 0.776111 0.587275 0.656350 0.652889 0.548136 0.503326 0.535564 0.554362 0.894252 0.841861 0.913608 0.967903 0.890711 0.666242 0.795812 0.834383 0.834055 0.885684 0.840657 0.823566 0.967687 0.935762 0.965533 0.816306 0.927472 0.945541 0.888526 0.747016 0.702277 0.959500 0.774439 0.735926 0.802472 0.949732 0.844160 0.810104 0.895324 0.930485 0.862147 0.943662 0.957941 0.760895 0.906006 0.816663 0.926993 0.883359 0.815200 0.932546 0.882820 0.920982 0.825590 0.931561 0.889922 0.966583 0.912297 0.795641 0.985965 0.881439 0.863488
0.822958 0.871249 0.386880 0.709681 0.904896 0.990194 0.775801 0.863550 0.816796 0.853838 0.703512 0.681297 0.916622 0.851475 0.748601 0.972410 0.834147 0.929332 0.903352 0.790839 0.866881 0.955161 0.540026 0.785863 0.446555 0.000000 0.833387 0.917256 0.771518 0.753970 0.415530 0.584319 0.696791 0.926993 0.636488 0.779586 0.622852 0.835450 0.797191 0.871048 0.916127 0.952055 0.607322 0.804713 0.781814 0.854161 0.902600 0.761849 0.891306 0.901682 0.938627 0.973013 0.943274 0.864325 0.974920 0.924061 0.801196 0.838672 0.645320 0.782986 0.939506 0.786703 0.784483 0.779211 0.494120 0.650925 0.702315 0.653403 0.861390 0.823837 0.678696 0.874348 0.917203 0.937737 0.996090 0.976159 0.881464 0.851595 0.904981 0.892491 0.956680 0.963965 0.857715 0.877324 0.639665 0.576670 0.816169 0.900650 0.799714 0.696975 0.642272 0.692895 0.628834 0.838344 0.813370 0.926698 0.917164 0.783844 0.929214 0.845360 0.927600 0.748181 0.997278 0.964940 0.864607 0.694852 0.902286 0.957706 0.981905 0.859635 0.941665 0.933403 0.976921 0.999546 0.749861 0.831421
0.897010 0.910093 0.986603 0.872173 0.975502 0.997755 0.731751 0.837004 0.772819 0.668906 0.869882 0.980299 0.913141 0.841565 0.799236 0.856612 0.877495 0.913852 0.941027 0.928528 0.961247 0.972495 0.746797 0.670423 0.666230 0.833387 0.000000 0.734215 0.818888 0.877952 0.921519 0.884433 0.875947 0.883916 0.757777 0.952156 0.992537 0.923523 0.965815 0.917948 0.982103 0.980224 0.743548 0.824818 0.710456 0.838602 0.957183 0.906714 0.974657 0.769926 0.930952 0.812267 0.822538 0.850598 0.932714 0.984017 0.937462 0.793385 0.986799 0.863423 0.782099 0.889374 0.837121 0.908383 0.879191 0.987706 0.767006 0.760238 0.868091 0.739779 0.935019 0.971830 0.872494 0.898900 0.983394 0.962679 0.896631 0.857624 0.872827 0.938400 0.999865 0.921083 0.820014 0.965980 0.821458 0.692370 0.963191 0.786215 0.777507 0.787340 0.918271 0.814384 0.815254 0.815181 0.930524 0.886656 0.898885 0.789862 0.679878 0.786638 0.849353 0.825911 0.924445 0.826368 0.968999 0.914223 0.961888 0.714789 0.841206 0.948955 0.819391 0.815946 0.791099 0.765817 0.860898 0.905311
0.950857 0.963830 0.934049 0.970197 0.969381 0.999715 0.830631 0.844549 0.814015 0.838278 0.835681 0.910747 0.954933 0.950710 0.949700 0.941888 0.944167 0.823260 0.938589 0.906921 0.930522 0.943577 0.909810 0.849975 0.863606 0.917256 0.734215 0.000000 0.830333 0.866587 0.951079 0.840604 0.917876 0.949343 0.967373 0.793190 0.902139 0.979727 0.981784 0.947060 0.849291 0.994059 0.824427 0.905450 0.802892 0.812375 0.954206 0.908089 0.937839 0.959037 0.974644 0.991581 0.970039 0.950613 0.967780 0.976746 0.903652 0.907225 0.990319 0.984423 0.899380 0.866728 0.917364 0.905267 0.905640 0.978900 0.972958 0.905107 0.898194 0.936097 0.877094 0.940881 0.775448 0.902602 0.951813 0.944822 0.900561 0.947980 0.950576 0.975459 0.982028 0.984002 0.989086 0.967957 0.908876 0.925207 0.924530 0.916128 0.807274 0.769515 0.887372 0.881102 0.881255 0.960504 0.908424 0.854681 0.899793 0.957524 0.982710 0.966647 0.997713 0.953445 0.933190 0.740864 0.935688 0.935976 0.996367 0.923882 0.817849 0.905756 0.892532 0.894797 0.944429 0.876929 0.998828 0.990732
0.399222 0.371797 0.788279 0.815202 0.929237 0.738347 0.814928 0.364700 0.865559 0.481088 0.310116 0.356202 0.566918 0.542549 0.900042 0.871068 0.345234 0.337258 0.462770 0.394419 0.877845 0.971349 0.729877 0.703759 0.562964 0.771518 0.818888 0.830333 0.000000 0.322888 0.956947 0.885357 0.639092 0.523174 0.849993 0.738120 0.799499 0.979749 0.873679 0.976665 0.877004 0.937745 0.899453 0.607039 0.810924 0.465286 0.705503 0.645924 0.387650 0.448029 0.398083 0.452929 0.525837 0.496949 0.684442 0.546226 0.436964 0.445372 0.436477 0.498686 0.573778 0.339206 0.341889 0.314616 0.632959 0.985820 0.820026 0.934731 0.747732 0.673874 0.751763 0.925379 0.522236 0.590025 0.763887 0.800218 0.522509 0.796665 0.685775 0.608977 0.428193 0.512596 0.806895 0.857655 0.958723 0.908912 0.888210 0.906540 0.920878 0.999601 0.817644 0.830120 0.894467 0.814506 0.903893 0.863119 0.867261 0.852312 0.544511 0.696097 0.687960 0.728910 0.682433 0.612241 0.801136 0.990101 0.974080 0.892967 0.903060 0.888407 0.897468 0.858531 0.560124 0.949611 0.960775 0.764317
0.491764 0.409081 0.821179 0.836703 0.967121 0.796935 0.815948 0.355746 0.833933 0.462221 0.366788 0.373391 0.576517 0.561468 0.943918 0.826737 0.363808 0.381387 0.496244 0.448354 0.851846 0.969644 0.706617 0.684979 0.516872 0.753970 0.877952 0.866587 0.322888 0.000000 0.936650 0.903011 0.693004 0.477927 0.800048 0.683564 0.860722 0.959449 0.898680 0.895778 0.900042 0.979930 0.851573 0.561648 0.796221 0.478238 0.700557 0.627735 0.463238 0.495173 0.468441 0.513265 0.599546 0.576613 0.735350 0.687823 0.430577 0.466174 0.525385 0.532265 0.598929 0.380388 0.319833 0.286175 0.616629 0.966736 0.761430 0.952567 0.827237 0.680170 0.846605 0.994869 0.662191 0.649324 0.808457 0.798510 0.609400 0.723534 0.696029 0.616137 0.433272 0.553212 0.877070 0.813030 0.953061 0.872544 0.843875 0.873621 0.839747 0.845614 0.895652 0.796876 0.808951 0.779336 0.998522 0.809229 0.902633 0.888361 0.594252 0.795966 0.623839 0.739290 0.666702 0.645046 0.873690 0.943087 0.898107 0.896647 0.964712 0.946312 0.845550 0.848015 0.532488 0.900438 0.969429 0.752152
0.871230 0.984028 0.513461 0.863948 0.927069 0.924045 0.711503 0.923629 0.628560 0.869225 0.869043 0.797542 0.972343 0.857791 0.769344 0.989236 0.979572 0.953786 0.991940 0.842787 0.913258 0.949061 0.746910 0.999481 0.699378 0.415530 0.921519 0.951079 0.956947 0.936650 0.000000 0.455665 0.664435 0.786630 0.751932 0.904376 0.693363 0.897007 0.907914 0.948789 0.976539 0.959792 0.471203 0.553214 0.629327 0.669919 0.759435 0.615260 0.984801 0.975376 0.986153 0.916627 0.937620 0.824110 0.987390 0.943928 0.988017 0.941419 0.669194 0.883865 0.980217 0.935297 0.994943 0.956430 0.710434 0.750559 0.813973 0.622558 0.735653 0.807680 0.713164 0.812068 0.908083 0.986905 0.859763 0.989157 0.976965 0.749979 0.869423 0.790697 0.878128 0.987672 0.978006 0.977453 0.854151 0.812840 0.889972 0.863752 0.905274 0.912214 0.685712 0.725245 0.717848 0.828965 0.865462 0.998170 0.914833 0.904366 0.849109 0.786625 0.731841 0.699321 0.865925 0.876046 0.869778 0.631823 0.975422 0.932912 0.966935 0.803458 0.792008 0.845274 0.881003 0.993718 0.726338 0.820166
0.876534 0.979687 0.575740 0.816795 0.920600 0.876877 0.678566 0.862503 0.696437 0.799931 0.939935 0.871107 0.956934 0.902596 0.794494 0.986694 0.917190 0.839330 0.975228 0.960968 0.955152 0.994315 0.794912 0.864951 0.829626 0.584319 0.884433 0.840604 0.885357 0.903011 0.455665 0.000000 0.557885 0.741144 0.757624 0.990813 0.826360 0.902235 0.842938 0.838148 0.960639 0.906449 0.497670 0.559571 0.625111 0.632207 0.709287 0.553856 0.969725 0.998713 0.941387 0.933331 0.985982 0.843740 0.890290 0.993968 0.977087 0.971942 0.784441 0.917087 0.917877 0.986452 0.934808 0.982344 0.755300 0.762489 0.850228 0.627843 0.780363 0.922880 0.685821 0.744741 0.926169 0.987533 0.879210 0.982656 0.932057 0.786882 0.773519 0.741368 0.850516 0.972139 0.917644 0.969064 0.890337 0.846324 0.955447 0.774433 0.948018 0.979006 0.727180 0.737089 0.764475 0.852150 0.832854 0.895882 0.994479 0.864228 0.798696 0.840251 0.822395 0.743652 0.876335 0.890455 0.815982 0.770424 0.918980 0.942884 0.937265 0.773236 0.716601 0.840880 0.959591 0.962465 0.832972 0.875508
0.829007 0.753400 0.590981 0.581317 0.937109 0.803369 0.507313 0.594307 0.751983 0.673250 0.746298 0.776158 0.684492 0.799695 0.646616 0.871570 0.606509 0.552771 0.654217 0.782259 0.884802 0.880791 0.759299 0.895048 0.986597 0.696791 0.875947 0.917876 0.639092 0.693004 0.664435 0.557885 0.000000 0.517845 0.708380 0.878478 0.824269 0.918606 0.971772 0.935463 0.987957 0.945633 0.546066 0.528522 0.585959 0.542187 0.776244 0.548712 0.811701 0.901505 0.802522 0.816060 0.865094 0.764626 0.806357 0.885898 0.752983 0.809665 0.851278 0.923578 0.578370 0.692671 0.655549 0.668680 0.756356 0.618364 0.714379 0.591927 0.972019 0.992590 0.968459 0.842770 0.760434 0.836756 0.789981 0.923894 0.745651 0.777738 0.602656 0.661320 0.619252 0.723339 0.771884 0.788744 0.653581 0.755793 0.922493 0.975758 0.994259 0.874494 0.653267 0.921324 0.809449 0.956275 0.938191 0.964389 0.889714 0.811075 0.586487 0.591456 0.762006 0.614910 0.835104 0.745558 0.692695 0.772140 0.870129 0.801908 0.992407 0.903962 0.771646 0.778380 0.740226 0.955533 0.824061 0.881469
0.614060 0.600643 0.840999 0.649822 0.866097 0.800197 0.536576 0.408873 0.719008 0.595360 0.572434 0.578058 0.588481 0.683395 0.766519 0.873738 0.510042 0.511879 0.597474 0.602578 0.927096 0.936583 0.998912 0.773427 0.806336 0.926993 0.883916 0.949343 0.523174 0.477927 0.786630 0.741144 0.517845 0.000000 0.882697 0.916431 0.992562 0.953198 0.956796 0.962523 0.979414 0.983219 0.619604 0.425377 0.609768 0.470529 0.690138 0.566927 0.629558 0.721472 0.641952 0.666572 0.769021 0.679895 0.865306 0.778072 0.638942 0.714232 0.697452 0.709647 0.527857 0.484186 0.456264 0.500833 0.995304 0.684885 0.871455 0.678398 0.982909 0.939770 0.993817 0.852528 0.738501 0.796983 0.757951 0.884557 0.557813 0.775332 0.702330 0.737723 0.561541 0.673765 0.734048 0.812869 0.761905 0.847121 0.974626 0.943862 0.948519 0.997760 0.686363 0.998074 0.928653 0.993825 0.972757 0.794454 0.900029 0.866611 0.480710 0.664628 0.690534 0.644497 0.662391 0.787474 0.781442 0.849543 0.948287 0.820698 0.934150 0.914690 0.747504 0.706097 0.602350 0.931509 0.782084 0.888762
0.820595 0.823531 0.569989 0.915994 0.884587 0.914723 0.714538 0.921673 0.779686 0.972896 0.824655 0.731170 0.904272 0.783698 0.815647 0.961182 0.865309 0.950342 0.854866 0.807586 0.948041 0.960247 0.739468 0.967544 0.749887 0.636488 0.757777 0.967373 0.849993 0.800048 0.751932 0.757624 0.708380 0.882697 0.000000 0.802556 0.654812 0.866225 0.998886 0.920797 0.994658 0.949884 0.650404 0.874222 0.748737 0.944536 0.949521 0.916445 0.829060 0.701602 0.827771 0.829509 0.856843 0.944011 0.965309 0.903079 0.780807 0.726487 0.821544 0.749801 0.882071 0.884854 0.831779 0.792494 0.640601 0.692273 0.537029 0.587333 0.827357 0.645799 0.949189 0.915508 0.975251 0.951954 0.959601 0.966630 0.889430 0.945549 0.968709 0.927697 0.920596 0.926886 0.909922 0.993312 0.713398 0.743206 0.928253 0.991434 0.952603 0.833824 0.708491 0.685239 0.708248 0.670697 0.936685 0.861595 0.920957 0.726592 0.846146 0.697241 0.878124 0.798349 0.986906 0.904700 0.751827 0.868772 0.969285 0.889399 0.964652 0.995947 0.965435 0.812214 0.856337 0.830240 0.638029 0.899913
0.678205 0.642480 0.653093 0.959505 0.890643 0.996253 0.784802 0.830003 0.909615 0.919275 0.720464 0.676098 0.847835 0.721832 0.970825 0.864046 0.782542 0.793131 0.777060 0.666434 0.896335 0.933690 0.746625 0.930093 0.806136 0.779586 0.952156 0.793190 0.738120 0.683564 0.904376 0.990813 0.878478 0.916431 0.802556 0.000000 0.746568 0.935903 0.970803 0.968132 0.949815 0.954068 0.803725 0.982548 0.847199 0.833084 0.955899 0.937959 0.683944 0.587404 0.630068 0.621009 0.674399 0.673443 0.748126 0.782450 0.612837 0.572276 0.718361 0.601779 0.968856 0.708845 0.725540 0.661748 0.645221 0.804399 0.586853 0.699018 0.735913 0.644093 0.960413 0.889369 0.892626 0.968964 0.985897 0.855292 0.742835 0.951330 0.885996 0.927123 0.821374 0.788237 0.980827 0.910881 0.834093 0.967092 0.685763 0.859611 0.973474 0.969413 0.795502 0.709368 0.565841 0.673616 0.897751 0.934172 0.949137 0.681735 0.945478 0.851498 0.960592 0.959248 0.923280 0.817505 0.988442 0.984938 0.838053 0.847719 0.976228 0.924257 0.866993 0.812671 0.935492 0.999995 0.995759 0.902070
0.786261 0.824052 0.672181 0.938231 0.866617 0.859378 0.918716 0.811370 0.827969 0.967392 0.766242 0.717549 0.758602 0.693428 0.953731 0.893100 0.871819 0.928094 0.826633 0.812571 0.669216 0.921523 0.838178 0.971556 0.677783 0.622852 0.992537 0.902139 0.799499 0.860722 0.693363 0.826360 0.824269 0.992562 0.654812 0.746568 0.000000 0.763737 0.762910 0.724776 0.885660 0.791253 0.783246 0.890585 0.766767 0.967525 0.984505 0.959107 0.877709 0.777707 0.825047 0.848914 0.856910 0.902746 0.908330 0.982073 0.848618 0.800314 0.615698 0.676236 0.830171 0.794786 0.737495 0.763776 0.823488 0.919838 0.797190 0.818178 0.998455 0.908773 0.748630 0.879218 0.989070 0.904054 0.978264 0.984671 0.878606 0.779057 0.972165 0.941592 0.998697 0.992939 0.912064 0.798941 0.868251 0.906944 0.828085 0.813643 0.939883 0.872835 0.950814 0.730917 0.886077 0.792496 0.948482 0.922980 0.950623 0.753923 0.964209 0.934543 0.953755 0.985403 0.955903 0.932484 0.953648 0.807495 0.985458 0.980510 0.988990 0.925357 0.949245 0.949076 0.908133 0.907250 0.939373 0.970949
0.983937 0.985049 0.777819 0.834033 0.945189 0.955766 0.924672 0.986287 0.927232 0.916417 0.984510 0.903679 0.782460 0.817292 0.840763 0.791984 0.953576 0.917910 0.973369 0.971815 0.785663 0.673788 0.956017 0.899574 0.797143 0.835450 0.923523 0.979727 0.979749 0.959449 0.897007 0.902235 0.918606 0.953198 0.866225 0.935903 0.763737 0.000000 0.822296 0.858291 0.704219 0.837032 0.945585 0.976076 0.792039 0.900005 0.907627 0.880940 0.961291 0.920054 0.994687 0.971404 0.995937 0.986085 0.884358 0.828633 0.953492 0.971238 0.994905 0.787507 0.962242 0.992073 0.831276 0.967197 0.938484 0.974781 0.913560 0.940684 0.866873 0.925412 0.949097 0.867287 0.786379 0.833574 0.896030 0.969089 0.903397 0.882941 0.955388 0.835118 0.860317 0.837599 0.890912 0.671527 0.838531 0.875627 0.962120 0.766679 0.920175 0.798261 0.978068 0.940081 0.918586 0.823406 0.898073 0.808874 0.720883 0.803194 0.967560 0.839718 0.829874 0.930158 0.951993 0.790536 0.986685 0.859329 0.807680 0.879908 0.874437 0.901540 0.959199 0.988468 0.999683 0.954675 0.997868 0.861767
