0.000000 0.381936 0.951885 0.768791 0.929323 0.853201 0.767744 0.714176 0.988856 0.642767 0.456423 0.409403 0.599124 0.636884 0.813020 0.793140 0.428230 0.402285 0.510234 0.403302 0.949723 0.989146 0.880684 0.842535 0.974595 0.922244 0.996185 0.790087 0.512116 0.484762 0.801177 0.838965 0.608810 0.577221 0.905298 0.920276 0.764353 0.705381 0.970144 0.838739 0.770713 0.740932 0.813866 0.644147 0.876673 0.771415 0.594054 0.625876 0.730950 0.678797 0.853487 0.755228 0.951440 0.974543 0.816009 0.853255 0.415032 0.372406 0.591997 0.591056 0.666446 0.768432 0.584503 0.470463 0.868021 0.837007 0.848698 0.891177 0.398079 0.519148 0.717830 0.757095 0.649226 0.518602 0.784996 0.934415 0.677870 0.686656 0.571461 0.655898 0.387974 0.434631 0.542643 0.535557 0.751280 0.968974 0.987972 0.956455 0.946659 0.817962 0.922068 0.927980 0.879032 0.885689 0.954130 0.828776 0.898758 0.760562 0.713919 0.747028 0.933330 0.828587 0.606623 0.685833 0.829271 0.650721 0.908340 0.799199 0.814023 0.757038 0.909638 0.883147 0.831230 0.838869 0.856518 0.867183
0.381936 0.000000 0.853213 0.698065 0.960488 0.759052 0.666270 0.610241 0.857094 0.574635 0.513714 0.432260 0.759238 0.746870 0.984629 0.855748 0.484461 0.431490 0.454403 0.439188 0.853038 0.978952 0.925382 0.790163 0.966939 0.931265 0.998671 0.716608 0.534494 0.597740 0.755032 0.810746 0.662415 0.546407 0.893302 0.989025 0.728548 0.605171 0.950367 0.935755 0.849341 0.810952 0.562631 0.470172 0.728934 0.606053 0.550580 0.575378 0.602340 0.537668 0.716841 0.652533 0.782848 0.827667 0.883695 0.849010 0.302649 0.274928 0.636678 0.625320 0.725467 0.725478 0.671576 0.507935 0.870962 0.784307 0.874146 0.861281 0.530196 0.524849 0.731517 0.684287 0.753025 0.623619 0.982118 0.903449 0.588261 0.677919 0.518772 0.645572 0.396995 0.477926 0.674913 0.513810 0.835988 0.895263 0.896875 0.859706 0.932239 0.852050 0.957588 0.907460 0.963538 0.989950 0.916430 0.940455 0.924411 0.749792 0.675409 0.621645 0.821036 0.803466 0.533024 0.719767 0.844695 0.781821 0.832798 0.672895 0.895443 0.659741 0.698286 0.806327 0.672614 0.670163 0.870018 0.933099
0.951885 0.853213 0.000000 0.588978 0.995882 0.824408 0.724829 0.802024 0.499964 0.956755 0.863777 0.841752 0.735466 0.811998 0.764982 0.705773 0.929696 0.989372 0.844351 0.788115 0.904241 0.973221 0.566474 0.679092 0.579017 0.599109 0.944997 0.856117 0.875387 0.854702 0.547770 0.622350 0.774871 0.860557 0.743131 0.991293 0.780078 0.876177 0.874028 0.922757 0.922643 0.971459 0.857108 0.927276 0.931937 0.937567 0.835728 0.901177 0.784791 0.956212 0.850259 0.919596 0.976951 0.892322 0.944281 0.891289 0.961403 0.954819 0.929803 0.879691 0.703023 0.647457 0.917945 0.984797 0.467978 0.540064 0.960227 0.785097 0.881373 0.949896 0.687689 0.721863 0.678477 0.793405 0.971465 0.922496 0.706355 0.850703 0.990127 0.827450 0.984970 0.832377 0.758171 0.856418 0.740310 0.700319 0.926468 0.856798 0.871308 0.889042 0.999549 0.928184 0.969545 0.938264 0.826319 0.912406 0.878731 0.999747 0.927265 0.944144 0.880491 0.927749 0.942209 0.876300 0.893010 0.946874 0.903810 0.965137 0.861536 0.981851 0.957200 0.924380 0.932622 0.965334 0.704243 0.986055
0.768791 0.698065 0.588978 0.000000 0.947779 0.889451 0.677063 0.478062 0.610507 0.723815 0.802894 0.547596 0.679570 0.668684 0.730006 0.591150 0.916023 0.844717 0.720540 0.742653 0.914411 0.955083 0.486878 0.694223 0.693206 0.663533 0.961131 0.954154 0.882147 0.790717 0.514221 0.581549 0.757959 0.775219 0.931247 0.938619 0.709570 0.824671 0.842056 0.975347 0.955477 0.846343 0.794694 0.775138 0.835599 0.914877 0.827603 0.852920 0.791203 0.900799 0.888615 0.910457 0.957773 0.876849 0.976123 0.872054 0.847300 0.783381 0.927758 0.793584 0.735235 0.553552 0.912428 0.738193 0.692776 0.668202 0.982031 0.862687 0.727684 0.805114 0.620003 0.540393 0.718600 0.858140 0.920058 0.921435 0.608958 0.806401 0.753270 0.916109 0.837732 0.848064 0.778986 0.806635 0.918040 0.867428 0.938701 0.837022 0.920975 0.749922 0.966536 0.894287 0.953480 0.980978 0.875852 0.924748 0.913049 0.948880 0.879594 0.861022 0.883534 0.998123 0.997998 0.955022 0.674673 0.677594 0.921012 0.778976 0.793934 0.856857 0.793835 0.886258 0.898837 0.957784 0.715905 0.896581
0.929323 0.960488 0.995882 0.947779 0.000000 0.975694 0.918617 0.970185 0.858425 0.917803 0.920308 0.894817 0.828101 0.893790 0.877799 0.970785 0.930767 0.889213 0.817503 0.972850 0.981439 0.872278 0.798800 0.974113 0.887772 0.930548 0.975388 0.993511 0.957155 0.917119 0.838936 0.983558 0.945568 0.883338 0.723537 0.885307 0.979411 0.860324 0.831838 0.831411 0.930220 0.805173 0.890483 0.933426 0.873846 0.867654 0.960104 0.966599 0.894301 0.849889 0.848481 0.895707 0.855008 0.861879 0.944352 0.946321 0.962154 0.978090 0.867891 0.981385 0.867260 0.895933 0.850526 0.918231 0.923605 0.892313 0.864735 0.861628 0.834185 0.935478 0.993021 0.910235 0.994783 0.993581 0.942281 0.940264 0.851987 0.971400 0.965579 0.963710 0.942852 0.895187 0.786262 0.857846 0.801666 0.741130 0.828656 0.892495 0.849746 0.986365 0.826726 0.838559 0.804585 0.913985 0.879876 0.956259 0.983449 0.897989 0.847515 0.937332 0.893733 0.922615 0.919062 0.903074 0.998882 0.709620 0.977253 0.895076 0.955776 0.846029 0.858289 0.970401 0.947189 0.843760 0.871843 0.947076
0.853201 0.759052 0.824408 0.889451 0.975694 0.000000 0.824865 0.901521 0.846965 0.770699 0.691701 0.866078 0.885463 0.850944 0.716240 0.697832 0.657128 0.641011 0.642061 0.877554 0.826264 0.991805 0.858848 0.617238 0.754486 0.615732 0.899149 0.694692 0.671930 0.801708 0.971901 0.941855 0.791098 0.645761 0.973002 0.864858 0.855708 0.801884 0.805040 0.992368 0.961102 0.991100 0.806156 0.684039 0.716777 0.638988 0.829819 0.679583 0.729795 0.747500 0.792066 0.826357 0.996602 0.907256 0.759751 0.974798 0.570947 0.691130 0.682923 0.786018 0.915585 0.848442 0.659130 0.718741 0.710259 0.659181 0.846563 0.878239 0.980992 0.956368 0.766643 0.922620 0.823490 0.964493 0.951789 0.952517 0.969716 0.790289 0.783531 0.967892 0.764213 0.986936 0.883499 0.785093 0.789687 0.741215 0.935297 0.984736 0.960506 0.902985 0.859006 0.897223 0.831466 0.778111 0.998469 0.963673 0.752850 0.766283 0.840592 0.701507 0.925334 0.931442 0.754688 0.772070 0.940532 0.999312 0.866915 0.929769 0.853158 0.962161 0.862411 0.815008 0.886632 0.815272 0.880835 0.904547
0.767744 0.666270 0.724829 0.677063 0.918617 0.824865 0.000000 0.364412 0.871883 0.640506 0.726398 0.641685 0.803874 0.832424 0.914993 0.951222 0.633582 0.656829 0.600229 0.823413 0.932830 0.951421 0.838570 0.794199 0.774142 0.911925 0.697031 0.523049 0.692754 0.711015 0.608380 0.775089 0.444796 0.424913 0.818836 0.772347 0.870684 0.841416 0.824579 0.817596 0.861774 0.930519 0.562130 0.551010 0.529966 0.518029 0.598814 0.564837 0.658826 0.603769 0.611436 0.615867 0.698607 0.764812 0.955850 0.842517 0.685299 0.652328 0.453571 0.515471 0.363073 0.724169 0.472009 0.503716 0.912545 0.975094 0.352229 0.377900 0.975528 0.911356 0.806451 0.780445 0.950461 0.974253 0.949675 0.864047 0.632272 0.897857 0.649518 0.781551 0.663259 0.896294 0.754458 0.843172 0.952322 0.876900 0.972332 0.824100 0.919499 0.959517 0.798374 0.844150 0.743164 0.890610 0.802261 0.894572 0.921131 0.696363 0.511571 0.587247 0.596073 0.688009 0.706388 0.602104 0.780712 0.794320 0.861615 0.662420 0.920719 0.872264 0.607328 0.746819 0.595697 0.748719 0.602585 0.847106
0.714176 0.610241 0.802024 0.478062 0.970185 0.901521 0.364412 0.000000 0.744689 0.405661 0.687465 0.455006 0.715640 0.688501 0.931341 0.770983 0.628762 0.614583 0.546894 0.726816 0.829075 0.916754 0.703970 0.905672 0.804649 0.919175 0.801761 0.666318 0.679081 0.655446 0.540134 0.726360 0.527535 0.455781 0.917711 0.891618 0.958051 0.984176 0.953568 0.820726 0.977826 0.947754 0.531694 0.477920 0.712826 0.630159 0.560442 0.573228 0.788153 0.691879 0.692085 0.686785 0.732476 0.761630 0.987937 0.902263 0.708252 0.631373 0.512865 0.529988 0.428469 0.495284 0.530485 0.423585 0.932944 0.899531 0.569588 0.516640 0.880330 0.784837 0.602086 0.588628 0.845989 0.954223 0.990672 0.924135 0.612283 0.857701 0.524113 0.815954 0.662461 0.883877 0.755065 0.839534 0.958870 0.834553 0.909185 0.702671 0.990840 0.969308 0.807046 0.907682 0.793205 0.957056 0.818732 0.871558 0.827992 0.667392 0.550091 0.551439 0.588978 0.823785 0.697689 0.636172 0.642166 0.741701 0.885067 0.570110 0.856318 0.761886 0.603035 0.782330 0.581545 0.783154 0.669066 0.871664
0.988856 0.857094 0.499964 0.610507 0.858425 0.846965 0.871883 0.744689 0.000000 0.846415 0.992740 0.817030 0.787322 0.744537 0.677113 0.598583 0.848508 0.864550 0.893477 0.887410 0.985022 0.983565 0.622777 0.719263 0.697443 0.560899 0.977317 0.968993 0.977359 0.942879 0.627296 0.780874 0.858335 0.948801 0.805300 0.874658 0.683250 0.828492 0.813359 0.965495 0.941554 0.944438 0.673088 0.809043 0.970842 0.986747 0.789545 0.903767 0.919228 0.988596 0.965292 0.948289 0.853246 0.832675 0.940278 0.963106 0.990033 0.981532 0.840993 0.994383 0.788990 0.503967 0.767518 0.934517 0.583925 0.547008 0.943708 0.930037 0.959312 0.949481 0.564978 0.541134 0.708056 0.924891 0.874925 0.950558 0.723933 0.871830 0.930130 0.895820 0.938642 0.911567 0.998030 0.988223 0.824729 0.837987 0.897513 0.805838 0.843329 0.845058 0.726399 0.806261 0.796394 0.867989 0.868002 0.866240 0.792754 0.970745 0.770231 0.781546 0.974775 0.895293 0.975101 0.923755 0.847977 0.916007 0.851093 0.801070 0.964168 0.862539 0.907738 0.933134 0.857607 0.845873 0.876626 0.779535
0.642767 0.574635 0.956755 0.723815 0.917803 0.770699 0.640506 0.405661 0.846415 0.000000 0.636501 0.513895 0.811521 0.778501 0.982671 0.888036 0.588025 0.563017 0.581920 0.696645 0.684320 0.873847 0.952008 0.705509 0.664876 0.769027 0.839739 0.771124 0.652673 0.707161 0.750150 0.869822 0.660495 0.603388 0.997038 0.945099 0.880823 0.825363 0.919776 0.989408 0.850350 0.808295 0.577106 0.486528 0.734909 0.589108 0.670831 0.590490 0.668433 0.596881 0.656324 0.638520 0.696886 0.667008 0.998643 0.877270 0.594890 0.550185 0.615295 0.658682 0.675311 0.631912 0.614401 0.459081 0.713711 0.797451 0.804447 0.819989 0.816773 0.668062 0.613203 0.615255 0.968305 0.874104 0.950697 0.991371 0.661185 0.868036 0.575949 0.873527 0.622311 0.894358 0.848583 0.837990 0.807501 0.592598 0.885675 0.654932 0.980734 0.979784 0.787945 0.802156 0.803219 0.902623 0.910089 0.812904 0.834390 0.664720 0.532134 0.562735 0.643606 0.792201 0.561218 0.659392 0.725448 0.878583 0.992233 0.560542 0.954706 0.687697 0.616929 0.663507 0.624772 0.753154 0.924715 0.962025
0.456423 0.513714 0.863777 0.802894 0.920308 0.691701 0.726398 0.687465 0.992740 0.636501 0.000000 0.498638 0.757369 0.763647 0.958472 0.904997 0.395351 0.338480 0.514355 0.417433 0.897997 0.929360 0.958718 0.796554 0.996117 0.881278 0.978761 0.804901 0.399754 0.412684 0.677376 0.721107 0.586432 0.471503 0.978099 0.946414 0.966073 0.764206 0.995409 0.934322 0.832367 0.720599 0.964491 0.755744 0.993563 0.889046 0.750911 0.714518 0.935293 0.866448 0.947219 0.973796 0.864741 0.854753 0.980909 0.914983 0.448323 0.469638 0.663002 0.579651 0.687564 0.846613 0.478008 0.414658 0.800333 0.823014 0.870316 0.847797 0.452784 0.601775 0.859655 0.954193 0.746597 0.600143 0.853541 0.933626 0.760918 0.643130 0.643457 0.874239 0.557513 0.751366 0.597244 0.594515 0.964166 0.911562 0.848440 0.803918 0.800391 0.931701 0.701467 0.673923 0.659767 0.671702 0.985312 0.856918 0.895856 0.700589 0.905796 0.892996 0.911468 0.934402 0.688858 0.626332 0.885950 0.700441 0.974061 0.934463 0.947804 0.786142 0.894424 0.972560 0.778577 0.844733 0.865082 0.863494
0.409403 0.432260 0.841752 0.547596 0.894817 0.866078 0.641685 0.455006 0.817030 0.513895 0.498638 0.000000 0.486055 0.496484 0.719595 0.576343 0.454879 0.400243 0.413928 0.429254 0.917144 0.992970 0.651092 0.960490 0.950976 0.920456 0.972473 0.691933 0.494467 0.420300 0.551638 0.606974 0.522695 0.484942 0.982584 0.955221 0.743472 0.732905 0.967217 0.991843 0.802014 0.788131 0.656415 0.528792 0.887623 0.766288 0.550403 0.608071 0.837910 0.791705 0.831914 0.786993 0.924988 0.887663 0.926848 0.887174 0.530790 0.461303 0.604845 0.608855 0.538496 0.540036 0.529517 0.369236 0.888835 0.976229 0.804267 0.775173 0.524655 0.635000 0.572582 0.540236 0.618387 0.603753 0.912953 0.931257 0.634567 0.654760 0.462926 0.742396 0.430899 0.550707 0.558204 0.534702 0.887989 0.998124 0.874447 0.778960 0.995161 0.856217 0.985231 0.909104 0.934300 0.852485 0.943744 0.786693 0.925013 0.659480 0.709590 0.652338 0.791704 0.850307 0.665191 0.620172 0.670449 0.618690 0.968946 0.727235 0.773768 0.698137 0.851362 0.898188 0.776689 0.785483 0.738430 0.881351
0.599124 0.759238 0.735466 0.679570 0.828101 0.885463 0.803874 0.715640 0.787322 0.811521 0.757369 0.486055 0.000000 0.441581 0.422344 0.486659 0.758598 0.714935 0.672196 0.602445 0.838595 0.975036 0.474819 0.832382 0.848208 0.938436 0.998350 0.779053 0.700396 0.649839 0.579052 0.686337 0.611495 0.773281 0.896529 0.908671 0.812658 0.939245 0.960246 0.941632 0.943731 0.864056 0.812735 0.819150 0.995902 0.955885 0.687395 0.747464 0.995126 0.957952 0.915058 0.838542 0.933630 0.879770 0.829332 0.813621 0.905300 0.797329 0.831946 0.847674 0.576105 0.598213 0.757820 0.692199 0.831994 0.793846 0.889904 0.849220 0.636191 0.747377 0.512727 0.591700 0.543932 0.654995 0.867629 0.949083 0.730506 0.819379 0.741103 0.791587 0.654778 0.518318 0.636936 0.657879 0.587673 0.706167 0.881807 0.895400 0.763579 0.731286 0.940483 0.990252 0.974200 0.953199 0.972017 0.701129 0.727296 0.834374 0.823182 0.826025 0.998472 0.822376 0.944025 0.769221 0.792942 0.708602 0.928818 0.858170 0.728447 0.988379 0.980408 0.965562 0.878629 0.905717 0.735036 0.945282
0.636884 0.746870 0.811998 0.668684 0.893790 0.850944 0.832424 0.688501 0.744537 0.778501 0.763647 0.496484 0.441581 0.000000 0.491688 0.420847 0.700123 0.680028 0.645354 0.606141 0.892565 0.977346 0.511805 0.766006 0.813598 0.850210 0.858692 0.926582 0.705036 0.613760 0.595878 0.576387 0.576334 0.791386 0.979955 0.955298 0.692024 0.829339 0.893805 0.882155 0.880989 0.784313 0.779580 0.793467 0.959934 0.989939 0.716664 0.888990 0.980146 0.958281 0.879437 0.884895 0.794414 0.785615 0.880612 0.938932 0.849938 0.799695 0.915061 0.951160 0.619880 0.507542 0.765860 0.647682 0.945618 0.808428 0.900219 0.876578 0.692941 0.785444 0.465964 0.519332 0.504765 0.758173 0.838228 0.957531 0.748361 0.799825 0.673599 0.877405 0.626245 0.670439 0.616092 0.730961 0.654673 0.718567 0.864864 0.815402 0.824251 0.774517 0.855877 0.991350 0.977659 0.986987 0.984280 0.846405 0.773982 0.842311 0.772120 0.861437 0.922645 0.805433 0.886347 0.635116 0.854931 0.658157 0.880368 0.811743 0.788967 0.857890 0.956980 0.960003 0.908261 0.888920 0.871333 0.989088
0.813020 0.984629 0.764982 0.730006 0.877799 0.716240 0.914993 0.931341 0.677113 0.982671 0.958472 0.719595 0.422344 0.491688 0.000000 0.390841 0.950051 0.967361 0.882962 0.764425 0.836245 0.935907 0.466613 0.650466 0.711709 0.821483 0.919203 0.963141 0.856330 0.762163 0.665199 0.709850 0.803220 0.972836 0.885110 0.882965 0.685045 0.925537 0.922722 0.844292 0.899207 0.974985 0.959665 0.999552 0.802176 0.805194 0.798672 0.903815 0.805831 0.828308 0.927135 0.981210 0.997604 0.959073 0.870945 0.942145 0.893389 0.964155 0.893709 0.922142 0.811503 0.681908 0.981588 0.935346 0.728204 0.692479 0.868805 0.938784 0.715312 0.923652 0.507157 0.673286 0.604185 0.791316 0.908166 0.877589 0.853117 0.858243 0.922743 0.846314 0.861280 0.749814 0.765646 0.875752 0.633484 0.637494 0.956674 0.953376 0.720272 0.843765 0.976396 0.932916 0.851521 0.927371 0.971686 0.935404 0.813669 0.968382 0.989663 0.974222 0.843832 0.982171 0.892612 0.950195 0.881070 0.736159 0.918854 0.947477 0.730195 0.962824 0.860796 0.901594 0.898930 0.927478 0.809534 0.967199
0.793140 0.855748 0.705773 0.591150 0.970785 0.697832 0.951222 0.770983 0.598583 0.888036 0.904997 0.576343 0.486659 0.420847 0.390841 0.000000 0.964306 0.926377 0.794397 0.687969 0.908456 0.943680 0.400364 0.552223 0.642723 0.753117 0.922878 0.977079 0.851651 0.699546 0.535466 0.570940 0.813107 0.950345 0.860542 0.916155 0.665331 0.821561 0.776938 0.905529 0.958901 0.866700 0.822238 0.876201 0.849278 0.882806 0.725796 0.900621 0.801129 0.832770 0.961356 0.983453 0.935251 0.910956 0.892907 0.962187 0.926214 0.995451 0.934182 0.977020 0.773156 0.453108 0.936979 0.867313 0.709572 0.565545 0.893179 0.927865 0.804161 0.843441 0.429629 0.598479 0.524152 0.737976 0.947084 0.917726 0.875592 0.773878 0.791953 0.853533 0.820518 0.692330 0.711833 0.787593 0.719704 0.617556 0.995657 0.843520 0.799034 0.772756 0.981076 0.916988 0.908859 0.884073 0.985408 0.883283 0.807552 0.905650 0.988165 0.926064 0.936892 0.988854 0.940566 0.945824 0.872510 0.720244 0.901583 0.902198 0.735404 0.886995 0.965683 0.862860 0.965583 0.953625 0.797706 0.886208
0.428230 0.484461 0.929696 0.916023 0.930767 0.657128 0.633582 0.628762 0.848508 0.588025 0.395351 0.454879 0.758598 0.700123 0.950051 0.964306 0.000000 0.276893 0.444350 0.435905 0.850413 0.952441 0.986576 0.641363 0.783343 0.637480 0.894836 0.710258 0.359120 0.349277 0.775932 0.800583 0.481121 0.424722 0.926032 0.916309 0.936756 0.855195 0.880175 0.990298 0.814069 0.819330 0.759052 0.559857 0.734615 0.643070 0.567317 0.589350 0.639437 0.619542 0.743931 0.669333 0.867497 0.876036 0.969242 0.880762 0.408909 0.377871 0.488690 0.596794 0.601197 0.890479 0.325887 0.282604 0.572132 0.614792 0.684327 0.786200 0.526596 0.588344 0.869327 0.872393 0.800372 0.684607 0.837619 0.964004 0.734626 0.715252 0.452156 0.729714 0.356995 0.713873 0.615782 0.607024 0.994735 0.799077 0.864342 0.828265 0.855550 0.930466 0.847831 0.828125 0.789010 0.772020 0.939879 0.760281 0.965183 0.609661 0.695536 0.726709 0.764520 0.903177 0.590021 0.472892 0.831400 0.722651 0.987118 0.762817 0.853145 0.679021 0.866249 0.826835 0.728765 0.823915 0.801406 0.771671
0.402285 0.431490 0.989372 0.844717 0.889213 0.641011 0.656829 0.614583 0.864550 0.563017 0.338480 0.400243 0.714935 0.680028 0.967361 0.926377 0.276893 0.000000 0.356531 0.404205 0.842531 0.895062 0.922632 0.726544 0.842096 0.698596 0.952261 0.713357 0.343409 0.366041 0.750999 0.722234 0.491194 0.392263 0.927159 0.948417 0.927960 0.756836 0.897423 0.984619 0.827545 0.774779 0.791288 0.560736 0.814447 0.701214 0.610178 0.594941 0.726586 0.706942 0.833089 0.777615 0.941678 0.947619 0.990026 0.936276 0.349735 0.352147 0.503310 0.599276 0.620694 0.878454 0.338141 0.290099 0.653120 0.674215 0.742390 0.808021 0.483613 0.591600 0.810254 0.847755 0.784168 0.643377 0.843861 0.980351 0.773186 0.693901 0.455290 0.828144 0.413343 0.674591 0.554324 0.519078 0.976000 0.844932 0.898372 0.852252 0.864303 0.994746 0.826540 0.790659 0.765056 0.763950 0.970225 0.795772 0.922507 0.637479 0.735822 0.724767 0.812833 0.873493 0.548879 0.489799 0.777988 0.681291 0.947858 0.774874 0.934343 0.727222 0.830854 0.851007 0.708377 0.751409 0.837827 0.785476
0.510234 0.454403 0.844351 0.720540 0.817503 0.642061 0.600229 0.546894 0.893477 0.581920 0.514355 0.413928 0.672196 0.645354 0.882962 0.794397 0.444350 0.356531 0.000000 0.449809 0.838986 0.940828 0.680350 0.877848 0.963947 0.810743 0.909628 0.637845 0.434128 0.484198 0.662619 0.666060 0.482889 0.418776 0.957103 0.890135 0.764426 0.771939 0.954859 0.975373 0.968826 0.868982 0.563896 0.473221 0.730958 0.632201 0.503510 0.542578 0.719908 0.690970 0.787912 0.733240 0.902597 0.868469 0.966963 0.961942 0.415786 0.434825 0.546165 0.626445 0.552768 0.748877 0.482994 0.413853 0.868324 0.894654 0.704758 0.688515 0.655259 0.697497 0.705037 0.703046 0.789291 0.698633 0.970494 0.970700 0.724992 0.717894 0.513452 0.791164 0.510713 0.678233 0.576965 0.501415 0.848037 0.993544 0.924154 0.871737 0.985956 0.927081 0.919228 0.866647 0.837549 0.784649 0.905451 0.854190 0.961026 0.697653 0.659319 0.584484 0.894851 0.798900 0.611157 0.558823 0.813438 0.737535 0.924307 0.800467 0.943882 0.686740 0.807833 0.797020 0.683424 0.682168 0.744833 0.848655
0.403302 0.439188 0.788115 0.742653 0.972850 0.877554 0.823413 0.726816 0.887410 0.696645 0.417433 0.429254 0.602445 0.606141 0.764425 0.687969 0.435905 0.404205 0.449809 0.000000 0.920589 0.967538 0.759552 0.985770 0.872579 0.988347 0.902543 0.789349 0.477033 0.456896 0.692443 0.722583 0.649606 0.604429 0.959798 0.885895 0.687221 0.627607 0.958620 0.795989 0.799548 0.692637 0.802088 0.699882 0.995734 0.898621 0.645710 0.695676 0.912855 0.856196 0.995551 0.915206 0.952028 0.929899 0.942611 0.979430 0.460042 0.438917 0.775208 0.706106 0.736949 0.699429 0.664826 0.516303 0.942502 0.923245 0.987546 0.958784 0.437326 0.481259 0.710698 0.763749 0.571897 0.535283 0.855503 0.962695 0.682637 0.694317 0.613721 0.757877 0.531819 0.559131 0.597387 0.434937 0.806154 0.924388 0.825336 0.834025 0.946419 0.861197 0.848066 0.767464 0.739683 0.788421 0.913610 0.854043 0.993430 0.713763 0.859545 0.839353 0.990169 0.898702 0.771257 0.753496 0.838153 0.781790 0.966242 0.861994 0.817040 0.696911 0.931172 0.999140 0.884907 0.862409 0.895894 0.768194
0.949723 0.853038 0.904241 0.914411 0.981439 0.826264 0.932830 0.829075 0.985022 0.684320 0.897997 0.917144 0.838595 0.892565 0.836245 0.908456 0.850413 0.842531 0.838986 0.920589 0.000000 0.984100 0.836465 0.728157 0.775900 0.824764 0.991812 0.988989 0.901599 0.919698 0.912132 0.819477 0.957838 0.864532 0.956710 0.921262 0.957673 0.874477 0.992713 0.963095 0.925413 0.993744 0.769997 0.818880 0.879503 0.814483 0.863214 0.792292 0.828019 0.775627 0.878856 0.817204 0.947362 0.873731 0.990748 0.951043 0.802797 0.839982 0.766041 0.794584 0.951258 0.917848 0.894702 0.834100 0.867572 0.832915 0.979010 0.936198 0.991261 0.850531 0.933456 0.989229 0.970608 0.933201 0.947413 0.975645 0.919042 0.987657 0.894360 0.909722 0.919887 0.923992 0.984511 0.868237 0.776401 0.694305 0.985993 0.899546 0.932494 0.815075 0.951445 0.955226 0.939711 0.921261 0.997793 0.958909 0.949348 0.855494 0.821612 0.780522 0.871716 0.989524 0.825266 0.934842 0.964255 0.998368 0.814220 0.908772 0.986292 0.856532 0.789573 0.720447 0.761180 0.877356 0.900313 0.867343
0.989146 0.978952 0.973221 0.955083 0.872278 0.991805 0.951421 0.916754 0.983565 0.873847 0.929360 0.992970 0.975036 0.977346 0.935907 0.943680 0.952441 0.895062 0.940828 0.967538 0.984100 0.000000 0.997006 0.947970 0.883969 0.985303 0.885853 0.961204 0.914288 0.994869 0.993242 0.975659 0.942206 0.892114 0.991059 0.993161 0.919831 0.888390 0.928912 0.817932 0.983001 0.904355 0.999710 0.941531 0.980536 0.978991 0.990963 0.978476 0.989622 0.954554 0.950171 0.984160 0.954716 0.924788 0.934299 0.883648 0.978228 0.966154 0.896304 0.874177 0.953861 0.985237 0.973986 0.954395 0.988738 0.918677 0.852821 0.846153 0.968580 0.886296 0.990416 0.864804 0.943393 0.745446 0.985968 0.995676 0.925090 0.856368 0.975856 0.998147 0.985487 0.985036 0.976631 0.979009 0.998158 0.911241 0.965056 0.889918 0.941313 0.990562 0.922335 0.921582 0.933573 0.999869 0.970436 0.917979 0.771550 0.998558 0.982187 0.992349 0.958400 0.941349 0.968984 0.881109 0.891235 0.979014 0.953998 0.897820 0.991478 0.979089 0.948231 0.744889 0.936759 0.964114 0.803025 0.957523
0.880684 0.925382 0.566474 0.486878 0.798800 0.858848 0.838570 0.703970 0.622777 0.952008 0.958718 0.651092 0.474819 0.511805 0.466613 0.400364 0.986576 0.922632 0.680350 0.759552 0.836465 0.997006 0.000000 0.507024 0.627428 0.735592 0.954545 0.906528 0.867809 0.788509 0.477830 0.495026 0.710596 0.874858 0.908110 0.952514 0.726382 0.886970 0.924943 0.980909 0.993708 0.947048 0.802597 0.837207 0.873955 0.880566 0.780146 0.880505 0.743565 0.775307 0.905379 0.939104 0.964004 0.980550 0.984478 0.923114 0.975365 0.995038 0.996485 0.972005 0.676636 0.586894 0.976042 0.886443 0.592083 0.516105 0.939187 0.815857 0.873290 0.932897 0.531446 0.587341 0.561255 0.854662 0.963413 0.989388 0.822560 0.797171 0.843946 0.879339 0.938321 0.777243 0.642557 0.760462 0.639274 0.564793 0.954412 0.956522 0.702325 0.694760 0.978658 0.844563 0.908141 0.938675 0.889891 0.996860 0.883263 0.947510 0.913794 0.850240 0.924497 0.914346 0.884115 0.962395 0.834511 0.748315 0.983147 0.866474 0.785472 0.989139 0.943349 0.882548 0.943202 0.997910 0.623851 0.985512
0.842535 0.790163 0.679092 0.694223 0.974113 0.617238 0.794199 0.905672 0.719263 0.705509 0.796554 0.960490 0.832382 0.766006 0.650466 0.552223 0.641363 0.726544 0.877848 0.985770 0.728157 0.947970 0.507024 0.000000 0.455961 0.495525 0.806702 0.828787 0.788243 0.885938 0.762066 0.758864 0.905121 0.737938 0.906118 0.942498 0.784165 0.950453 0.730665 0.875068 0.991436 0.919604 0.855349 0.774887 0.639543 0.571410 0.874893 0.755424 0.500661 0.503799 0.634936 0.610006 0.839645 0.728358 0.954623 0.805866 0.694701 0.704501 0.642033 0.789427 0.939636 0.783960 0.642267 0.695153 0.462745 0.439101 0.806838 0.945461 0.982263 0.862217 0.780661 0.832428 0.686122 0.910995 0.962108 0.909636 0.965284 0.981927 0.877273 0.952374 0.757533 0.928007 0.935551 0.928511 0.694039 0.449440 0.906926 0.835093 0.758096 0.690269 0.941121 0.804243 0.915663 0.948372 0.962762 0.840289 0.956362 0.789406 0.739931 0.789133 0.735435 0.863894 0.662585 0.777211 0.975210 0.917562 0.937730 0.853551 0.903908 0.856092 0.869770 0.634572 0.713342 0.850652 0.926418 0.925015
0.974595 0.966939 0.579017 0.693206 0.887772 0.754486 0.774142 0.804649 0.697443 0.664876 0.996117 0.950976 0.848208 0.813598 0.711709 0.642723 0.783343 0.842096 0.963947 0.872579 0.775900 0.883969 0.627428 0.455961 0.000000 0.448493 0.744621 0.734535 0.908837 0.962831 0.728112 0.709007 0.902004 0.818670 0.910899 0.861727 0.713148 0.708861 0.626630 0.792485 0.983160 0.895455 0.846687 0.763488 0.586351 0.563738 0.870855 0.782901 0.523108 0.593297 0.548377 0.566885 0.716050 0.627302 0.977032 0.828913 0.924445 0.888077 0.653270 0.880382 0.882324 0.855033 0.634944 0.742873 0.440421 0.559780 0.697533 0.859567 0.770574 0.976842 0.894790 0.847023 0.603442 0.728873 0.966206 0.953919 0.954495 0.840610 0.879344 0.932885 0.941958 0.753227 0.828672 0.866723 0.687690 0.445155 0.999907 0.872743 0.774185 0.711603 0.777223 0.707507 0.754736 0.831645 0.959149 0.854667 0.925176 0.814528 0.689108 0.702565 0.676148 0.834566 0.740880 0.764742 0.899803 0.920037 0.908954 0.801440 0.919252 0.960812 0.836239 0.597872 0.743147 0.830846 0.876080 0.958776
0.922244 0.931265 0.599109 0.663533 0.930548 0.615732 0.911925 0.919175 0.560899 0.769027 0.881278 0.920456 0.938436 0.850210 0.821483 0.753117 0.637480 0.698596 0.810743 0.988347 0.824764 0.985303 0.735592 0.495525 0.448493 0.000000 0.872619 0.782950 0.788969 0.770659 0.826137 0.874949 0.893413 0.767335 0.847881 0.778904 0.815088 0.825046 0.661408 0.909364 0.971146 0.846636 0.896609 0.740356 0.696275 0.629954 0.805290 0.747046 0.616998 0.655655 0.689410 0.664752 0.885908 0.768743 0.972693 0.898155 0.794251 0.796107 0.609571 0.812151 0.931207 0.797005 0.606283 0.677259 0.463312 0.531315 0.787516 0.887549 0.959889 0.929973 0.812132 0.786684 0.718666 0.927641 0.982579 0.924928 0.925437 0.960036 0.817651 0.991839 0.812560 0.927351 0.994953 0.946686 0.748996 0.608582 0.950736 0.886316 0.815048 0.728975 0.936443 0.985304 0.912756 0.846793 0.900203 0.837080 0.875478 0.801648 0.874956 0.760557 0.863897 0.983395 0.809302 0.793587 0.998836 0.921797 0.898828 0.929099 0.985917 0.930818 0.952682 0.693938 0.846322 0.969229 0.952126 0.884121
0.996185 0.998671 0.944997 0.961131 0.975388 0.899149 0.697031 0.801761 0.977317 0.839739 0.978761 0.972473 0.998350 0.858692 0.919203 0.922878 0.894836 0.952261 0.909628 0.902543 0.991812 0.885853 0.954545 0.806702 0.744621 0.872619 0.000000 0.737088 0.887470 0.891870 0.914712 0.918411 0.745870 0.846037 0.961277 0.842238 0.849779 0.729987 0.969782 0.850154 0.829462 0.820191 0.787406 0.846537 0.644403 0.693126 0.925244 0.833316 0.771218 0.814968 0.661400 0.719045 0.673631 0.651644 0.959651 0.984340 0.993446 0.994136 0.797341 0.838728 0.714660 0.843911 0.791628 0.821139 0.832029 0.989252 0.664527 0.667940 0.824925 0.878352 0.918981 0.945747 0.950469 0.996324 0.993893 0.976850 0.884460 0.992439 0.930223 0.908597 0.846500 0.861424 0.928391 0.815155 0.937194 0.852671 0.912359 0.702883 0.956239 0.696529 0.782470 0.862906 0.766108 0.959779 0.820032 0.977712 0.993165 0.977151 0.724673 0.826337 0.720125 0.800313 0.887110 0.761612 0.929759 0.979141 0.819783 0.850578 0.960607 0.933682 0.808174 0.839686 0.850738 0.827816 0.898109 0.865567
0.790087 0.716608 0.856117 0.954154 0.993511 0.694692 0.523049 0.666318 0.968993 0.771124 0.804901 0.691933 0.779053 0.926582 0.963141 0.977079 0.710258 0.713357 0.637845 0.789349 0.988989 0.961204 0.906528 0.828787 0.734535 0.782950 0.737088 0.000000 0.690762 0.745900 0.862554 0.931881 0.620957 0.633653 0.760913 0.887773 0.921485 0.913051 0.773852 0.941880 0.951391 0.953842 0.659122 0.616500 0.582766 0.559974 0.640784 0.592317 0.615531 0.653641 0.626547 0.619787 0.814169 0.793945 0.861724 0.791541 0.724317 0.689493 0.535136 0.601790 0.517323 0.812119 0.596355 0.663140 0.885812 0.974647 0.546208 0.583480 0.956238 0.990652 0.921125 0.917457 0.938868 0.949714 0.967238 0.952163 0.748706 0.890405 0.803820 0.739261 0.671292 0.773631 0.862183 0.768760 0.878120 0.963637 0.957330 0.926843 0.990224 0.918000 0.899038 0.911007 0.872571 0.916455 0.931910 0.960880 0.967696 0.682649 0.677265 0.575362 0.909420 0.717601 0.728504 0.713180 0.805489 0.950744 0.964031 0.862516 0.880037 0.937601 0.829838 0.763789 0.756303 0.746151 0.804261 0.875112
0.512116 0.534494 0.875387 0.882147 0.957155 0.671930 0.692754 0.679081 0.977359 0.652673 0.399754 0.494467 0.700396 0.705036 0.856330 0.851651 0.359120 0.343409 0.434128 0.477033 0.901599 0.914288 0.867809 0.788243 0.908837 0.788969 0.887470 0.690762 0.000000 0.314091 0.644904 0.673589 0.479458 0.426299 0.989304 0.970623 0.963036 0.762191 0.973941 0.946388 0.929576 0.897783 0.799971 0.639493 0.774940 0.688705 0.592782 0.532112 0.766795 0.707102 0.805303 0.707217 0.917524 0.901215 0.989713 0.999629 0.481319 0.476109 0.578316 0.565391 0.568784 0.790261 0.420066 0.378670 0.771075 0.838240 0.763808 0.736437 0.553528 0.708932 0.789939 0.905873 0.709629 0.619010 0.876016 0.940009 0.822506 0.695462 0.563780 0.809381 0.452194 0.714690 0.528349 0.615638 0.958065 0.929541 0.903659 0.822823 0.925510 0.934675 0.745475 0.735393 0.691110 0.665729 0.919220 0.816475 0.928848 0.666344 0.782295 0.763146 0.874674 0.912582 0.590698 0.550938 0.825205 0.734365 0.978523 0.830870 0.872936 0.779559 0.926729 0.894127 0.696963 0.752402 0.784854 0.804956
0.484762 0.597740 0.854702 0.790717 0.917119 0.801708 0.711015 0.655446 0.942879 0.707161 0.412684 0.420300 0.649839 0.613760 0.762163 0.699546 0.349277 0.366041 0.484198 0.456896 0.919698 0.994869 0.788509 0.885938 0.962831 0.770659 0.891870 0.745900 0.314091 0.000000 0.566674 0.557773 0.494862 0.446494 0.947384 0.945750 0.935890 0.840063 0.967025 0.887940 0.910106 0.880571 0.880222 0.688188 0.903441 0.794642 0.569996 0.593676 0.885825 0.820107 0.901992 0.788812 0.989351 0.982145 0.955460 0.977885 0.588177 0.554879 0.578964 0.583589 0.550473 0.735714 0.408000 0.338399 0.765871 0.887088 0.774133 0.726223 0.507120 0.678438 0.770807 0.904751 0.701839 0.594803 0.756023 0.964427 0.808474 0.608989 0.555071 0.746978 0.419910 0.719802 0.484971 0.611352 0.985956 0.966777 0.875667 0.800558 0.856450 0.875293 0.687818 0.631445 0.601795 0.579966 0.962389 0.760373 0.932492 0.654724 0.880866 0.856931 0.892882 0.983282 0.683045 0.559314 0.778687 0.625724 0.959578 0.883520 0.753325 0.739576 0.984673 0.930101 0.854581 0.898431 0.705671 0.766629
0.801177 0.755032 0.547770 0.514221 0.838936 0.971901 0.608380 0.540134 0.627296 0.750150 0.677376 0.551638 0.579052 0.595878 0.665199 0.535466 0.775932 0.750999 0.662619 0.692443 0.912132 0.993242 0.477830 0.762066 0.728112 0.826137 0.914712 0.862554 0.644904 0.566674 0.000000 0.393993 0.566710 0.585144 0.911413 0.866730 0.914972 0.882171 0.869830 0.983487 0.968017 0.913283 0.736666 0.739890 0.951157 0.891591 0.703318 0.698714 0.891009 0.994338 0.967342 0.936236 0.896047 0.927242 0.939202 0.938950 0.887192 0.872820 0.820214 0.730194 0.504346 0.498119 0.763505 0.632230 0.813817 0.645244 0.760454 0.601766 0.812094 0.865428 0.601392 0.673874 0.657924 0.716063 0.890189 0.950430 0.720933 0.628413 0.710804 0.859150 0.712158 0.791843 0.594294 0.818353 0.891313 0.801189 0.877686 0.768527 0.834141 0.918604 0.950123 0.826686 0.893679 0.833969 0.883799 0.801419 0.940849 0.725731 0.872106 0.834373 0.798662 0.920027 0.942425 0.769223 0.753834 0.671881 0.824075 0.740435 0.803202 0.928687 0.834985 0.945149 0.882686 0.946104 0.564686 0.975592
0.838965 0.810746 0.622350 0.581549 0.983558 0.941855 0.775089 0.726360 0.780874 0.869822 0.721107 0.606974 0.686337 0.576387 0.709850 0.570940 0.800583 0.722234 0.666060 0.722583 0.819477 0.975659 0.495026 0.758864 0.709007 0.874949 0.918411 0.931881 0.673589 0.557773 0.393993 0.000000 0.579702 0.697344 0.949008 0.926323 0.886295 0.752965 0.977213 0.859753 0.976109 0.856799 0.834352 0.778764 0.999693 0.964269 0.772113 0.862010 0.868495 0.883084 0.974618 0.968189 0.971179 0.976640 0.905762 0.875418 0.826924 0.913651 0.929928 0.893807 0.687136 0.647685 0.796883 0.700356 0.904104 0.766058 0.912258 0.765570 0.809578 0.924262 0.729447 0.701156 0.742783 0.744459 0.902709 0.993416 0.788655 0.567788 0.773435 0.915576 0.751997 0.879079 0.626385 0.743855 0.966203 0.822831 0.874004 0.753602 0.969198 0.965212 0.884516 0.746282 0.814638 0.813322 0.958263 0.878538 0.922433 0.785907 0.924534 0.969299 0.924397 0.870350 0.917971 0.828820 0.856633 0.735992 0.969985 0.807533 0.844309 0.922806 0.844948 0.928667 0.952178 0.890246 0.570052 0.947839
0.608810 0.662415 0.774871 0.757959 0.945568 0.791098 0.444796 0.527535 0.858335 0.660495 0.586432 0.522695 0.611495 0.576334 0.803220 0.813107 0.481121 0.491194 0.482889 0.649606 0.957838 0.942206 0.710596 0.905121 0.902004 0.893413 0.745870 0.620957 0.479458 0.494862 0.566710 0.579702 0.000000 0.439894 0.887469 0.831240 0.960644 0.977443 0.858646 0.956674 0.937673 0.873080 0.685148 0.556919 0.606900 0.605939 0.530931 0.603527 0.711214 0.699143 0.659861 0.637731 0.700345 0.741783 0.927687 0.879224 0.619104 0.604753 0.567968 0.696365 0.367801 0.705990 0.417054 0.429324 0.896471 0.972387 0.504543 0.560639 0.763133 0.834261 0.671737 0.655995 0.731180 0.795734 0.857779 0.992199 0.741401 0.721518 0.528357 0.733498 0.477679 0.706676 0.538517 0.680105 0.801841 0.956542 0.992851 0.816607 0.960602 0.963873 0.905366 0.994616 0.968462 0.927084 0.855914 0.809966 0.996882 0.641692 0.553884 0.663950 0.789856 0.739218 0.658955 0.440971 0.792280 0.720025 0.980103 0.737140 0.887254 0.848773 0.707389 0.810344 0.714618 0.705809 0.575394 0.942509
0.577221 0.546407 0.860557 0.775219 0.883338 0.645761 0.424913 0.455781 0.948801 0.603388 0.471503 0.484942 0.773281 0.791386 0.972836 0.950345 0.424722 0.392263 0.418776 0.604429 0.864532 0.892114 0.874858 0.737938 0.818670 0.767335 0.846037 0.633653 0.426299 0.446494 0.585144 0.697344 0.439894 0.000000 0.951245 0.837146 0.938379 0.968819 0.853740 0.892086 0.970130 0.989124 0.659582 0.509827 0.629420 0.543771 0.523131 0.448134 0.692509 0.646834 0.712181 0.665240 0.830174 0.857975 0.998182 0.922011 0.539832 0.524117 0.403578 0.438752 0.407491 0.738732 0.359906 0.349720 0.790801 0.917951 0.513583 0.474462 0.740113 0.795634 0.869651 0.873710 0.880605 0.784689 0.914615 0.951204 0.733228 0.675915 0.473983 0.754248 0.511017 0.811122 0.635936 0.673195 0.936428 0.837559 0.894371 0.782348 0.911306 0.901040 0.889540 0.879129 0.889675 0.773859 0.902553 0.855818 0.948597 0.538032 0.643798 0.619636 0.637157 0.852173 0.568656 0.506502 0.771929 0.669065 0.987707 0.757277 0.937335 0.814950 0.745657 0.850564 0.704465 0.733259 0.605863 0.799161
0.905298 0.893302 0.743131 0.931247 0.723537 0.973002 0.818836 0.917711 0.805300 0.997038 0.978099 0.982584 0.896529 0.979955 0.885110 0.860542 0.926032 0.927159 0.957103 0.959798 0.956710 0.991059 0.908110 0.906118 0.910899 0.847881 0.961277 0.760913 0.989304 0.947384 0.911413 0.949008 0.887469 0.951245 0.000000 0.994930 0.914533 0.965552 0.910956 0.868156 0.771187 0.940360 0.799326 0.921096 0.828204 0.828160 0.767729 0.741190 0.892623 0.780768 0.848682 0.795856 0.884051 0.902295 0.886925 0.865190 0.955459 0.957258 0.899774 0.761449 0.789693 0.778949 0.974984 0.980114 0.814173 0.831852 0.837788 0.742693 0.929577 0.963419 0.880129 0.976897 0.940059 0.875434 0.947119 0.890506 0.871551 0.903209 0.963307 0.839222 0.936107 0.818571 0.928845 0.951184 0.840645 0.875557 0.902123 0.997195 0.971190 0.913290 0.926550 0.906558 0.919938 0.992244 0.966006 0.961779 0.941775 0.974417 0.846721 0.872234 0.817493 0.813018 0.875059 0.972349 0.936434 0.943187 0.861373 0.994602 0.998173 0.956535 0.958779 0.999600 0.804659 0.908270 0.819548 0.997248
0.920276 0.989025 0.991293 0.938619 0.885307 0.864858 0.772347 0.891618 0.874658 0.945099 0.946414 0.955221 0.908671 0.955298 0.882965 0.916155 0.916309 0.948417 0.890135 0.885895 0.921262 0.993161 0.952514 0.942498 0.861727 0.778904 0.842238 0.887773 0.970623 0.945750 0.866730 0.926323 0.831240 0.837146 0.994930 0.000000 0.928439 0.805006 0.997000 0.987590 0.808897 0.973252 0.800515 0.811671 0.672281 0.721469 0.808984 0.825744 0.780288 0.792369 0.776245 0.798347 0.716227 0.803866 0.929346 0.994718 0.964793 0.943908 0.740123 0.894137 0.785594 0.946882 0.845181 0.881080 0.899744 0.986652 0.679981 0.680344 0.820304 0.941321 0.961893 0.948687 0.846180 0.945557 0.980050 0.949505 0.886588 0.917757 0.967341 0.938783 0.901092 0.953107 0.893315 0.900415 0.977137 0.954771 0.960461 0.959592 0.892864 0.909975 0.922646 0.836444 0.897610 0.977885 0.870249 0.961748 0.990231 0.912410 0.819230 0.742180 0.850204 0.905261 0.844719 0.776291 0.973226 0.988331 0.960384 0.982301 0.978030 0.999275 0.843906 0.765689 0.962979 0.968171 0.908471 0.915988
0.764353 0.728548 0.780078 0.709570 0.979411 0.855708 0.870684 0.958051 0.683250 0.880823 0.966073 0.743472 0.812658 0.692024 0.685045 0.665331 0.936756 0.927960 0.764426 0.687221 0.957673 0.919831 0.726382 0.784165 0.713148 0.815088 0.849779 0.921485 0.963036 0.935890 0.914972 0.886295 0.960644 0.938379 0.914533 0.928439 0.000000 0.719788 0.835621 0.836688 0.732421 0.865626 0.809041 0.849560 0.843471 0.916170 0.878617 0.993427 0.932410 0.954514 0.910585 0.971030 0.966448 0.960342 0.914183 0.896894 0.791080 0.760170 0.822631 0.880507 0.950236 0.759646 0.810078 0.980945 0.778745 0.907724 0.713199 0.796883 0.681613 0.714865 0.722967 0.604112 0.697551 0.817335 0.892351 0.991566 0.765282 0.884396 0.840765 0.831673 0.835710 0.746435 0.871846 0.776372 0.757329 0.829232 0.981008 0.871730 0.815114 0.786268 0.914560 0.947834 0.952387 0.931805 0.983059 0.776996 0.850425 0.968183 0.910567 0.845339 0.828315 0.861951 0.993037 0.956023 0.927797 0.994629 0.935596 0.872444 0.762074 0.823246 0.943289 0.975680 0.923845 0.981817 0.911883 0.967536
0.705381 0.605171 0.876177 0.824671 0.860324 0.801884 0.841416 0.984176 0.828492 0.825363 0.764206 0.732905 0.939245 0.829339 0.925537 0.821561 0.855195 0.756836 0.771939 0.627607 0.874477 0.888390 0.886970 0.950453 0.708861 0.825046 0.729987 0.913051 0.762191 0.840063 0.882171 0.752965 0.977443 0.968819 0.965552 0.805006 0.719788 0.000000 0.842197 0.671902 0.781190 0.717157 0.917467 0.859874 0.866396 0.954676 0.850476 0.882190 0.978995 0.983579 0.922070 0.938011 0.960106 0.934537 0.966908 0.967083 0.583440 0.670978 0.872514 0.997384 0.854286 0.858659 0.923830 0.921641 0.879555 0.942731 0.671511 0.744009 0.672913 0.715827 0.867020 0.746444 0.768522 0.763559 0.922195 0.962761 0.991969 0.794371 0.852917 0.987934 0.757841 0.677446 0.754464 0.526240 0.895157 0.965635 0.869010 0.988660 0.913642 0.785320 0.923548 0.909041 0.824448 0.980438 0.895319 0.967674 0.996335 0.847404 0.984408 0.977284 0.888932 0.996317 0.808224 0.959553 0.973001 0.932477 0.984215 0.893894 0.971898 0.816336 0.950548 0.972727 0.992182 0.816055 0.982526 0.976046
