0.000000 0.396298 0.836282 0.672037 0.955236 0.847818 0.891019 0.771606 0.670543 0.837845 0.451318 0.410145 0.555737 0.453493 0.738079 0.758623 0.464943 0.357848 0.479635 0.384343 0.710296 0.977878 0.762513 0.709464 0.824344 0.901530 0.943270 0.886419 0.682908 0.608822 0.922535 0.757524 0.551753 0.621156 0.989336 0.955085 0.839584 0.798958 0.766421 0.856802 0.862899 0.807766 0.860586 0.839315 0.959369 0.919237 0.830645 0.725411 0.878034 0.856161 0.976740 0.961315 0.895774 0.785165 0.725793 0.793691 0.325839 0.357729 0.707434 0.709288 0.761782 0.954854 0.547141 0.486791 0.963273 0.983913 0.794103 0.884627 0.376291 0.539327 0.953478 0.933321 0.919094 0.892708 0.804401 0.824746 0.852845 0.944575 0.631716 0.601479 0.418353 0.457064 0.461391 0.455866 0.518435 0.573082 0.901697 0.850169 0.801717 0.594993 0.822924 0.701352 0.859704 0.746970 0.932951 0.889550 0.956835 0.927004 0.961908 0.927383 0.954806 0.942431 0.892635 0.682160 0.932911 0.711700 0.937405 0.953074 0.972696 0.732453 0.947801 0.904621 0.938400 0.739365 0.917311 0.814483
0.396298 0.000000 0.725225 0.519236 0.869655 0.905753 0.815498 0.596641 0.935534 0.995441 0.657242 0.432368 0.655791 0.456796 0.741331 0.638756 0.564542 0.497597 0.536737 0.437331 0.792596 0.891921 0.777049 0.722313 0.784156 0.785714 0.935600 0.928560 0.746126 0.744844 0.820637 0.771389 0.616044 0.622342 0.995340 0.998597 0.678059 0.632588 0.651027 0.877232 0.895456 0.729224 0.893089 0.691636 0.967286 0.856974 0.820534 0.785703 0.824539 0.787148 0.886996 0.852258 0.904932 0.987194 0.819789 0.766873 0.302173 0.306701 0.848392 0.886905 0.809161 0.723519 0.740490 0.593077 0.859554 0.938792 0.897921 0.950102 0.483201 0.476057 0.825214 0.870955 0.975587 0.869550 0.834551 0.856732 0.683748 0.973061 0.577320 0.626565 0.463392 0.535695 0.591247 0.532866 0.626581 0.691816 0.973681 0.957040 0.770133 0.627475 0.974402 0.881537 0.962098 0.913939 0.854479 0.988689 0.923833 0.952624 0.978586 0.976536 0.912332 0.941052 0.956489 0.783574 0.974871 0.808964 0.849168 0.793566 0.966166 0.693534 0.850004 0.988205 0.939693 0.633130 0.942616 0.875940
0.836282 0.725225 0.000000 0.520597 0.995571 0.843162 0.795832 0.748624 0.682418 0.992901 0.995123 0.792114 0.598538 0.786651 0.546069 0.542903 0.937911 0.971072 0.786806 0.762950 0.784709 0.948140 0.544226 0.630441 0.522387 0.588393 0.756295 0.858239 0.949648 0.930767 0.618837 0.646394 0.864902 0.853602 0.745909 0.934132 0.607866 0.811369 0.759993 0.763749 0.896895 0.857592 0.798598 0.761714 0.951043 0.990502 0.811178 0.812840 0.950517 0.906425 0.985096 0.875768 0.973552 0.973123 0.857481 0.999121 0.808055 0.790948 0.997816 0.938844 0.784555 0.562658 0.857455 0.949467 0.476938 0.588371 0.967489 0.883719 0.798506 0.880151 0.714142 0.770214 0.841851 0.873319 0.994330 0.982089 0.590349 0.800237 0.948173 0.767503 0.983933 0.936187 0.852854 0.918724 0.802060 0.695937 0.916406 0.746123 0.748161 0.790170 0.941770 0.972653 0.910285 0.915580 0.739910 0.845405 0.757596 0.947657 0.932156 0.853728 0.691308 0.920982 0.962615 0.902722 0.986393 0.834845 0.844440 0.912187 0.811047 0.885673 0.963997 0.928225 0.866352 0.837123 0.636207 0.905128
0.672037 0.519236 0.520597 0.000000 0.962699 0.998883 0.812574 0.494302 0.922456 0.983760 0.907571 0.563578 0.693740 0.602622 0.713692 0.543041 0.900455 0.807137 0.670537 0.714771 0.671510 0.836818 0.627465 0.504904 0.509606 0.523473 0.718227 0.982294 0.971237 0.914417 0.717312 0.676518 0.769828 0.768630 0.839673 0.939625 0.573965 0.663577 0.620420 0.840443 0.966239 0.731031 0.966330 0.769271 0.786073 0.900210 0.966455 0.917604 0.831207 0.985474 0.918157 0.971848 0.885587 0.867644 0.933792 0.908916 0.568154 0.555057 0.987788 0.939546 0.881170 0.615262 0.984795 0.833176 0.598752 0.660497 0.981858 0.989369 0.662969 0.716342 0.831581 0.805778 0.992999 0.990859 0.999131 0.990319 0.686393 0.943024 0.824192 0.929935 0.919270 0.880013 0.776158 0.766652 0.860768 0.640430 0.998865 0.827660 0.763122 0.621865 0.884530 0.788347 0.964289 0.874963 0.833583 0.831722 0.961661 0.853784 0.941842 0.968311 0.763397 0.891853 0.889510 0.954613 0.853370 0.795858 0.862803 0.991380 0.945076 0.855179 0.897837 0.807397 0.874290 0.749105 0.751053 0.946505
0.955236 0.869655 0.995571 0.962699 0.000000 0.898182 0.769973 0.913419 0.947898 0.920479 0.885509 0.921554 0.827847 0.988086 0.893533 0.988130 0.977403 0.966338 0.916662 0.885521 0.906479 0.973651 0.863366 0.959770 0.937975 0.992012 0.950379 0.936543 0.937966 0.894850 0.770477 0.982580 0.942579 0.852456 0.927605 0.791327 0.947242 0.872439 0.986729 0.941748 0.900859 0.836266 0.950118 0.960269 0.979063 0.963454 0.985730 0.967602 0.943456 0.942568 0.978570 0.998289 0.923656 0.928666 0.853415 0.947319 0.790566 0.882585 0.813625 0.822031 0.739759 0.878342 0.859690 0.913109 0.968798 0.798213 0.787087 0.720617 0.976340 0.806478 0.825857 0.889314 0.821809 0.743307 0.993506 0.960537 0.963447 0.739653 0.924380 0.952368 0.937418 0.905158 0.960480 0.978473 0.959674 0.933541 0.945907 0.928380 0.815001 0.963808 0.964280 0.952949 0.943335 0.921424 0.958518 0.860894 0.932448 0.950087 0.883546 0.803822 0.893708 0.828018 0.846328 0.863120 0.733180 0.714384 0.944403 0.981297 0.836177 0.952470 0.890570 0.916833 0.982584 0.792687 0.776032 0.963165
0.847818 0.905753 0.843162 0.998883 0.898182 0.000000 0.954755 0.999927 0.773979 0.871574 0.908504 0.889328 0.964630 0.842475 0.917698 0.878367 0.837539 0.801424 0.849456 0.919805 0.842864 0.870525 0.991995 0.994181 0.933359 0.851908 0.871574 0.779085 0.952282 0.976149 0.845306 0.972870 0.907589 0.923062 0.984348 0.919038 0.908881 0.978367 0.979565 0.846377 0.731437 0.837254 0.867592 0.894579 0.919520 0.923072 0.876670 0.881002 0.913421 0.907561 0.925949 0.967620 0.990245 0.972635 0.988992 0.810849 0.780337 0.833910 0.890962 0.971160 0.983324 0.864854 0.815038 0.852743 0.920892 0.878411 0.890593 0.980438 0.897868 0.937874 0.803510 0.835970 0.775072 0.815737 0.910626 0.892965 0.886615 0.834423 0.873370 0.942090 0.823608 0.836214 0.853484 0.792265 0.849485 0.884923 0.772472 0.944212 0.996543 0.842622 0.997588 0.927383 0.978942 0.877210 0.954825 0.973945 0.894257 0.945059 0.990682 0.964854 0.990103 0.851860 0.887433 0.795637 0.909072 0.926281 0.998158 0.927395 0.875904 0.884875 0.940133 0.998396 0.966976 0.967747 0.995521 0.802035
0.891019 0.815498 0.795832 0.812574 0.769973 0.954755 0.000000 0.351665 0.785013 0.475804 0.865143 0.711809 0.652163 0.914719 0.807934 0.966694 0.744099 0.802090 0.652650 0.983788 0.816326 0.949638 0.759101 0.787072 0.732952 0.843721 0.807995 0.624694 0.730323 0.773413 0.600506 0.889053 0.572347 0.463509 0.867390 0.852160 0.919564 0.758806 0.831995 0.811591 0.888710 0.972975 0.492074 0.485469 0.558528 0.564051 0.610260 0.601570 0.599504 0.565058 0.540385 0.517666 0.637739 0.634861 0.849492 0.752689 0.850786 0.755958 0.432493 0.552903 0.338150 0.568116 0.561205 0.534099 0.875889 0.946205 0.390347 0.433021 0.994492 0.998615 0.589605 0.654741 0.888463 0.866728 0.903931 0.859368 0.561362 0.877061 0.630333 0.883653 0.864216 0.871677 0.990468 0.906364 0.958171 0.807513 0.990125 0.768544 0.939892 0.963534 0.659228 0.657555 0.696827 0.752219 0.736737 0.842271 0.635139 0.660015 0.434802 0.464503 0.711554 0.663657 0.646520 0.620922 0.697838 0.696718 0.743189 0.676750 0.746697 0.835245 0.646645 0.605965 0.513355 0.801366 0.598390 0.978685
0.771606 0.596641 0.748624 0.494302 0.913419 0.999927 0.351665 0.000000 0.855135 0.540451 0.885556 0.546801 0.644818 0.724074 0.796218 0.732198 0.728644 0.739441 0.600212 0.849395 0.986035 0.833209 0.703603 0.924184 0.969832 0.950999 0.991611 0.740518 0.836994 0.817731 0.589240 0.804295 0.589076 0.475808 0.890888 0.876323 0.894125 0.997216 0.907248 0.874677 0.892403 0.834783 0.590424 0.465805 0.753032 0.697965 0.706383 0.704674 0.766435 0.681035 0.668152 0.654017 0.747605 0.743011 0.941718 0.776812 0.653560 0.592787 0.562892 0.675794 0.458839 0.477960 0.653435 0.541272 0.965214 0.906930 0.532658 0.583735 0.912464 0.815564 0.610501 0.652715 0.943703 0.957443 0.895144 0.933234 0.552399 0.920400 0.600527 0.920995 0.880372 0.934754 0.908465 0.986377 0.979387 0.997252 0.944297 0.711005 0.828997 0.859473 0.788327 0.867373 0.763107 0.900192 0.778489 0.902579 0.736628 0.660549 0.626883 0.580752 0.853022 0.839356 0.809097 0.691413 0.705259 0.770012 0.740871 0.714397 0.831495 0.791119 0.668903 0.817148 0.585441 0.732556 0.672371 0.947385
0.670543 0.935534 0.682418 0.922456 0.947898 0.773979 0.785013 0.855135 0.000000 0.631399 0.761437 0.902693 0.993475 0.801178 0.723620 0.826744 0.737238 0.670192 0.957828 0.817149 0.965261 0.846535 0.779221 0.873650 0.929249 0.864547 0.933523 0.923739 0.965441 0.840677 0.625917 0.849413 0.966695 0.967403 0.804256 0.893051 0.889065 0.939672 0.933882 0.917202 0.936146 0.938817 0.537354 0.700512 0.833414 0.889385 0.843480 0.982047 0.923190 0.918978 0.829858 0.823789 0.803148 0.749359 0.856225 0.878580 0.793035 0.808683 0.874457 0.910417 0.880196 0.662122 0.740961 0.794326 0.789644 0.889391 0.966473 0.978720 0.761254 0.635776 0.524770 0.595768 0.752093 0.811430 0.926145 0.875276 0.667975 0.670596 0.928240 0.896945 0.718584 0.691215 0.674800 0.681215 0.832722 0.748321 0.696012 0.649275 0.905057 0.776953 0.671544 0.666436 0.802966 0.772178 0.945138 0.798748 0.849029 0.941398 0.713351 0.660096 0.986439 0.811337 0.948981 0.826808 0.959090 0.954673 0.741037 0.846935 0.859235 0.968809 0.932370 0.899799 0.728566 0.887809 0.788545 0.696592
0.837845 0.995441 0.992901 0.983760 0.920479 0.871574 0.475804 0.540451 0.631399 0.000000 0.971146 0.942822 0.957844 0.855985 0.921293 0.979753 0.938923 0.939632 0.939221 0.778235 0.820747 0.902992 0.976681 0.647952 0.668709 0.821994 0.672190 0.767529 0.862573 0.952266 0.583545 0.830687 0.729182 0.697977 0.944785 0.967631 0.863066 0.725636 0.794139 0.796574 0.964067 0.887752 0.468348 0.538745 0.575221 0.580243 0.683767 0.860547 0.623978 0.693394 0.555823 0.570854 0.559832 0.587351 0.901085 0.988392 0.975823 0.985622 0.671369 0.820801 0.568227 0.626485 0.801994 0.740176 0.754581 0.760942 0.666240 0.697006 0.783920 0.843321 0.564389 0.614392 0.885231 0.818803 0.988815 0.822085 0.610079 0.823956 0.734388 0.941550 0.918485 0.559336 0.678542 0.599794 0.618184 0.509955 0.762641 0.472403 0.820156 0.668077 0.690390 0.654019 0.770828 0.785854 0.990996 0.974345 0.706858 0.735560 0.497351 0.608076 0.774547 0.716376 0.699728 0.775500 0.829611 0.938071 0.829815 0.704181 0.786640 0.911568 0.734272 0.721467 0.578996 0.896743 0.819321 0.919359
0.451318 0.657242 0.995123 0.907571 0.885509 0.908504 0.865143 0.885556 0.761437 0.971146 0.000000 0.545552 0.641792 0.614816 0.804097 0.900955 0.440166 0.392940 0.622136 0.463034 0.861915 0.969550 0.903218 0.982233 0.995660 0.944965 0.978877 0.899782 0.578783 0.458794 0.820080 0.784076 0.609516 0.652922 0.850159 0.989454 0.996079 0.977014 0.924759 0.981855 0.806447 0.757540 0.785504 0.981154 0.851575 0.898748 0.944066 0.929631 0.976788 0.939468 0.830993 0.875642 0.788736 0.755900 0.841644 0.965848 0.587005 0.580242 0.800622 0.775483 0.774264 0.995588 0.506344 0.471153 0.803567 0.894286 0.904240 0.941715 0.410499 0.623140 0.993549 0.937361 0.831645 0.809547 0.855281 0.833478 0.903304 0.810293 0.684754 0.800921 0.551394 0.680799 0.627157 0.615450 0.784854 0.843907 0.984690 0.924328 0.989378 0.898760 0.774917 0.704221 0.736428 0.781273 0.995129 0.782468 0.961178 0.891250 0.884790 0.862157 0.966129 0.996208 0.921992 0.667966 0.889436 0.639180 0.908302 0.959343 0.977086 0.859255 0.996996 0.899161 0.959165 0.964551 0.983951 0.783285
0.410145 0.432368 0.792114 0.563578 0.921554 0.889328 0.711809 0.546801 0.902693 0.942822 0.545552 0.000000 0.455739 0.384661 0.627285 0.569587 0.477475 0.380416 0.391663 0.432350 0.794654 0.952429 0.589406 0.728213 0.844060 0.918090 0.944157 0.810601 0.647314 0.568949 0.691363 0.591058 0.497121 0.553194 0.960058 0.998224 0.753872 0.777246 0.857813 0.979823 0.832837 0.787211 0.920084 0.691104 0.987793 0.926233 0.776212 0.780186 0.920074 0.938649 0.953788 0.949778 0.974889 0.944028 0.818480 0.818241 0.408707 0.406076 0.732604 0.807427 0.628525 0.692544 0.529596 0.420187 0.992217 0.949335 0.760290 0.825927 0.484099 0.625575 0.788095 0.757766 0.891752 0.958424 0.852597 0.924554 0.723224 0.910598 0.512979 0.730033 0.506772 0.602706 0.574779 0.559570 0.656283 0.711304 0.989330 0.951158 0.801850 0.674982 0.967725 0.805460 0.952025 0.851988 0.901250 0.884761 0.966500 0.851605 0.906628 0.914785 0.974731 0.951452 0.882120 0.636021 0.764054 0.672070 0.974262 0.814636 0.931470 0.708330 0.889746 0.945358 0.896024 0.767633 0.812591 0.859806
0.555737 0.655791 0.598538 0.693740 0.827847 0.964630 0.652163 0.644818 0.993475 0.957844 0.641792 0.455739 0.000000 0.503182 0.480811 0.559985 0.696007 0.584633 0.459470 0.572760 0.810675 0.940151 0.435386 0.705306 0.790829 0.883650 0.928333 0.699180 0.694629 0.650368 0.598789 0.595536 0.538169 0.583716 0.853634 0.989356 0.873561 0.964609 0.925985 0.953944 0.932768 0.968900 0.791875 0.654130 0.857178 0.788979 0.651135 0.621065 0.845793 0.809762 0.847549 0.777525 0.940583 0.946618 0.800029 0.833733 0.635983 0.623295 0.682942 0.703502 0.499800 0.619004 0.627184 0.600435 0.803909 0.792799 0.667064 0.636730 0.656045 0.790724 0.778192 0.786047 0.859807 0.878218 0.947293 0.963722 0.736082 0.810503 0.715434 0.643291 0.698621 0.718035 0.715939 0.661547 0.592271 0.629993 0.878909 0.949700 0.699571 0.689299 0.965180 0.931725 0.926300 0.888804 0.842606 0.869073 0.756534 0.849171 0.809901 0.778695 0.991286 0.785253 0.783807 0.666780 0.790966 0.671224 0.946663 0.973114 0.827043 0.790922 0.775261 0.999038 0.831804 0.724340 0.620179 0.998954
0.453493 0.456796 0.786651 0.602622 0.988086 0.842475 0.914719 0.724074 0.801178 0.855985 0.614816 0.384661 0.503182 0.000000 0.658410 0.523739 0.550388 0.419460 0.452279 0.436200 0.786330 0.958361 0.638973 0.597594 0.716932 0.822050 0.999671 0.883439 0.722785 0.576567 0.845824 0.613011 0.565509 0.716919 0.986249 0.888343 0.654011 0.640288 0.721372 0.843576 0.931126 0.813589 0.983808 0.824237 0.935043 0.981362 0.935966 0.925756 0.981051 0.998706 0.993599 0.975025 0.967673 0.982585 0.873403 0.832789 0.444947 0.471318 0.935022 0.998063 0.799174 0.687127 0.699800 0.586892 0.924619 0.829121 0.921060 0.956720 0.553791 0.587136 0.859489 0.836464 0.875618 0.986459 0.910987 0.817346 0.859857 0.929983 0.673943 0.719512 0.495955 0.529590 0.502234 0.449850 0.596164 0.542467 0.826554 0.951255 0.662230 0.602154 0.918057 0.768143 0.909311 0.817207 0.918386 0.900688 0.990863 0.875321 0.945175 0.940797 0.912669 0.956323 0.971696 0.694999 0.932677 0.821008 0.963726 0.906127 0.998854 0.795447 0.914191 0.962807 0.956289 0.739250 0.940251 0.888896
0.738079 0.741331 0.546069 0.713692 0.893533 0.917698 0.807934 0.796218 0.723620 0.921293 0.804097 0.627285 0.480811 0.658410 0.000000 0.439644 0.816248 0.766881 0.551417 0.681078 0.791304 0.931026 0.443862 0.709011 0.762807 0.909125 0.960196 0.820091 0.627706 0.612413 0.499712 0.539831 0.577205 0.682529 0.811157 0.925767 0.718723 0.926886 0.936660 0.864644 0.971104 0.995616 0.753551 0.681635 0.944548 0.907179 0.681665 0.672901 0.958474 0.968383 0.940943 0.837181 0.978746 0.991154 0.916730 0.981997 0.746164 0.773918 0.855462 0.862563 0.635362 0.672383 0.797278 0.748364 0.752782 0.757377 0.855537 0.789303 0.756154 0.933958 0.653794 0.740316 0.738615 0.859378 0.929646 0.922748 0.736989 0.662290 0.788536 0.720556 0.771323 0.828724 0.779435 0.825569 0.702097 0.741098 0.925356 0.857048 0.861620 0.931150 0.898325 0.855845 0.738049 0.786924 0.921888 0.927173 0.965339 0.999399 0.900516 0.844870 0.773264 0.857349 0.934028 0.832986 0.957558 0.653465 0.962809 0.976338 0.777201 0.830067 0.929848 0.894983 0.998792 0.789132 0.594706 0.948132
0.758623 0.638756 0.542903 0.543041 0.988130 0.878367 0.966694 0.732198 0.826744 0.979753 0.900955 0.569587 0.559985 0.523739 0.439644 0.000000 0.874401 0.811354 0.637488 0.635967 0.750103 0.975726 0.451567 0.523841 0.557163 0.705841 0.886508 0.949368 0.806014 0.725084 0.561456 0.504139 0.733140 0.798537 0.883604 0.992681 0.559543 0.670190 0.656481 0.827293 0.900530 0.796332 0.843376 0.764976 0.878498 0.940788 0.873969 0.945039 0.833281 0.857754 0.934919 0.998500 0.948120 0.980703 0.999294 0.883047 0.716391 0.773851 0.934584 0.889416 0.802587 0.552889 0.970246 0.881601 0.630237 0.600165 0.965460 0.931662 0.779589 0.770227 0.633894 0.731128 0.662131 0.874814 0.946184 0.864600 0.781843 0.777092 0.852919 0.790981 0.873892 0.846400 0.720888 0.778283 0.785740 0.624098 0.931929 0.778969 0.786100 0.779450 0.820351 0.737706 0.746856 0.711779 0.960122 0.952632 0.948325 0.986221 0.925522 0.976986 0.687907 0.932848 0.847986 0.985188 0.928503 0.869942 0.986166 0.986213 0.883344 0.857128 0.996791 0.764776 0.972707 0.860178 0.754274 0.944041
0.464943 0.564542 0.937911 0.900455 0.977403 0.837539 0.744099 0.728644 0.737238 0.938923 0.440166 0.477475 0.696007 0.550388 0.816248 0.874401 0.000000 0.290268 0.539609 0.482349 0.921831 0.944397 0.957012 0.911353 0.835186 0.744660 0.870535 0.861071 0.433133 0.377119 0.853762 0.822703 0.492070 0.520568 0.794592 0.933672 0.941097 0.918213 0.980196 0.950128 0.798754 0.758159 0.956816 0.779592 0.916443 0.859452 0.806361 0.772107 0.804152 0.828659 0.885556 0.861183 0.952177 0.990190 0.883081 0.791485 0.452168 0.444697 0.647160 0.790605 0.662452 0.984815 0.357400 0.312006 0.655387 0.728085 0.706876 0.836340 0.502020 0.610922 0.914326 0.998264 0.892039 0.945436 0.771403 0.897728 0.857309 0.954817 0.501643 0.766368 0.396132 0.681684 0.600915 0.677097 0.799112 0.917626 0.991910 0.982789 0.985775 0.922655 0.900639 0.767393 0.841181 0.785675 0.930859 0.683735 0.980364 0.813322 0.916736 0.993096 0.920360 0.969245 0.814474 0.510702 0.855025 0.695686 0.996731 0.814221 0.893527 0.769231 0.970463 0.909445 0.911635 0.880805 0.966107 0.756605
0.357848 0.497597 0.971072 0.807137 0.966338 0.801424 0.802090 0.739441 0.670192 0.939632 0.392940 0.380416 0.584633 0.419460 0.766881 0.811354 0.290268 0.000000 0.424845 0.383203 0.882476 0.935740 0.838044 0.899002 0.952212 0.872254 0.948420 0.883650 0.490321 0.402304 0.883746 0.777703 0.467744 0.500536 0.826462 0.949260 0.898531 0.867903 0.904743 0.923972 0.817945 0.756681 0.889357 0.837856 0.999733 0.928190 0.870094 0.783079 0.887332 0.924424 0.993023 0.979605 0.942008 0.884571 0.863737 0.763319 0.394940 0.393637 0.663940 0.782398 0.685816 0.938809 0.381498 0.336666 0.784663 0.879314 0.747719 0.835267 0.418695 0.548840 0.974492 0.988832 0.902732 0.962151 0.777384 0.883575 0.954421 0.970594 0.491677 0.722181 0.350009 0.513764 0.499258 0.481034 0.664651 0.750614 0.876834 0.867606 0.905715 0.758576 0.862569 0.705329 0.815767 0.754212 0.899525 0.785296 0.944388 0.819544 0.998342 0.948186 0.980619 0.953974 0.899266 0.539422 0.814731 0.668162 0.937986 0.846261 0.968158 0.819965 0.979856 0.952439 0.999240 0.818993 0.956562 0.769949
0.479635 0.536737 0.786806 0.670537 0.916662 0.849456 0.652650 0.600212 0.957828 0.939221 0.622136 0.391663 0.459470 0.452279 0.551417 0.637488 0.539609 0.424845 0.000000 0.491608 0.840054 0.968362 0.495186 0.773391 0.919458 0.950854 0.966484 0.768216 0.602708 0.561690 0.652589 0.604710 0.421116 0.512729 0.960011 0.926627 0.800802 0.958496 0.911569 0.996320 0.983210 0.887271 0.749785 0.619161 0.809806 0.741260 0.593835 0.575888 0.763205 0.790413 0.824849 0.774857 0.928411 0.971854 0.849731 0.758834 0.486962 0.499219 0.594237 0.651791 0.521887 0.699946 0.494758 0.436318 0.968459 0.905604 0.630440 0.608900 0.606917 0.727290 0.801962 0.832260 0.972749 0.996965 0.828773 0.903661 0.824258 0.920959 0.526271 0.722595 0.509563 0.623590 0.593464 0.558572 0.552770 0.678080 0.855764 0.956566 0.780657 0.712872 0.976829 0.862619 0.930371 0.845865 0.807928 0.814090 0.923671 0.805298 0.797209 0.783318 0.981533 0.952778 0.852437 0.565423 0.810804 0.619452 0.994478 0.871975 0.864742 0.737177 0.862653 0.889623 0.850823 0.685097 0.736186 0.904094
0.384343 0.437331 0.762950 0.714771 0.885521 0.919805 0.983788 0.849395 0.817149 0.778235 0.463034 0.432350 0.572760 0.436200 0.681078 0.635967 0.482349 0.383203 0.491608 0.000000 0.762856 0.989512 0.720598 0.656888 0.791777 0.890556 0.831917 0.920548 0.621790 0.552830 0.846153 0.736608 0.636558 0.701460 0.960273 0.998918 0.723667 0.686721 0.762726 0.797401 0.823244 0.716581 0.870141 0.929332 0.845065 0.914962 0.908104 0.877839 0.949651 0.958157 0.853753 0.880339 0.810161 0.726545 0.827163 0.883021 0.415375 0.430051 0.906909 0.900323 0.870705 0.854987 0.667131 0.584845 0.918406 0.901683 0.975936 0.970415 0.406965 0.488253 0.996600 0.966095 0.845291 0.978555 0.770468 0.768430 0.866576 0.979840 0.670137 0.673337 0.466665 0.442804 0.525526 0.425976 0.553456 0.591697 0.968536 0.869567 0.828508 0.650995 0.821573 0.654592 0.770997 0.721286 0.886666 0.873672 0.923867 0.943171 0.831093 0.864671 0.832211 0.880104 0.953135 0.789356 0.986426 0.761330 0.888531 0.955723 0.928898 0.784834 0.995742 0.872907 0.854394 0.821602 0.990487 0.820162
0.710296 0.792596 0.784709 0.671510 0.906479 0.842864 0.816326 0.986035 0.965261 0.820747 0.861915 0.794654 0.810675 0.786330 0.791304 0.750103 0.921831 0.882476 0.840054 0.762856 0.000000 0.911849 0.706190 0.633224 0.661798 0.804461 0.913494 0.927584 0.990715 0.966715 0.918779 0.679937 0.887384 0.980320 0.947816 0.853748 0.786100 0.788348 0.788993 0.800408 0.869403 0.831634 0.829861 0.941430 0.808959 0.898128 0.977098 0.906228 0.860374 0.904127 0.849855 0.883853 0.832353 0.769629 0.993656 0.905205 0.733029 0.761475 0.885862 0.954309 0.882518 0.976146 0.994480 0.977581 0.764627 0.908106 0.885818 0.803073 0.682397 0.885764 0.879853 0.961502 0.865986 0.890907 0.965346 0.901494 0.910100 0.879704 0.960510 0.942205 0.923905 0.822263 0.721179 0.830863 0.766224 0.679884 0.911489 0.996578 0.928509 0.729646 0.814778 0.702648 0.831896 0.812014 0.941326 0.859889 0.931355 0.915139 0.846517 0.913100 0.793307 0.853886 0.923948 0.979567 0.960963 0.940920 0.898469 0.840786 0.912957 0.922684 0.880574 0.689779 0.772309 0.846638 0.822375 0.898574
0.977878 0.891921 0.948140 0.836818 0.973651 0.870525 0.949638 0.833209 0.846535 0.902992 0.969550 0.952429 0.940151 0.958361 0.931026 0.975726 0.944397 0.935740 0.968362 0.989512 0.911849 0.000000 0.948938 0.994645 0.935116 0.991052 0.923338 0.997507 0.873839 0.972004 0.895310 0.991596 0.929973 0.987736 0.877323 0.834525 0.860730 0.997718 0.872545 0.876872 0.858355 0.941622 0.902042 0.798932 0.908094 0.887788 0.983001 0.958791 0.905321 0.849389 0.868111 0.880800 0.916906 0.857711 0.921471 0.896164 0.936349 0.905722 0.984543 0.992918 0.987689 0.923854 0.996132 0.982841 0.998635 0.987633 0.978983 0.986882 0.912856 0.944099 0.982912 0.933376 0.898300 0.898052 0.991839 0.976775 0.894665 0.925897 0.983238 0.973599 0.922954 0.951230 0.956078 0.992597 0.989408 0.993007 0.893827 0.949044 0.966003 0.984222 0.905784 0.935973 0.899350 0.977346 0.987867 0.949643 0.844508 0.981093 0.994906 0.821805 0.984074 0.894262 0.952085 0.941499 0.948428 0.990464 0.880245 0.828031 0.958177 0.954577 0.947202 0.857004 0.914885 0.844524 0.905514 0.941697
0.762513 0.777049 0.544226 0.627465 0.863366 0.991995 0.759101 0.703603 0.779221 0.976681 0.903218 0.589406 0.435386 0.638973 0.443862 0.451567 0.957012 0.838044 0.495186 0.720598 0.706190 0.948938 0.000000 0.593985 0.649081 0.819777 0.911640 0.760803 0.825207 0.807988 0.490286 0.471976 0.659678 0.776778 0.874707 0.937095 0.788988 0.941294 0.915616 0.991798 0.931909 0.993731 0.720337 0.701046 0.958562 0.915525 0.645687 0.706121 0.971027 0.972947 0.986547 0.909092 0.960319 0.959552 0.971183 0.995131 0.814041 0.838876 0.826646 0.816799 0.621135 0.580895 0.870517 0.810009 0.630174 0.613194 0.767718 0.693663 0.834482 0.940931 0.697269 0.730287 0.765144 0.950272 0.982763 0.955103 0.772268 0.808711 0.866602 0.803667 0.901783 0.815873 0.716423 0.767027 0.600360 0.621666 0.975696 0.969343 0.743359 0.677716 0.949376 0.871381 0.882236 0.921024 0.825228 0.914917 0.922816 0.904478 0.864742 0.757242 0.900694 0.883495 0.991494 0.873647 0.898627 0.720554 0.956387 0.970640 0.860808 0.894354 0.818963 0.924998 0.890104 0.816820 0.491352 0.996721
0.709464 0.722313 0.630441 0.504904 0.959770 0.994181 0.787072 0.924184 0.873650 0.647952 0.982233 0.728213 0.705306 0.597594 0.709011 0.523841 0.911353 0.899002 0.773391 0.656888 0.633224 0.994645 0.593985 0.000000 0.395505 0.518903 0.628569 0.946619 0.883852 0.986345 0.948380 0.735988 0.990998 0.947697 0.819986 0.950921 0.651834 0.608950 0.600759 0.696877 0.960777 0.876070 0.855075 0.966611 0.681082 0.755942 0.921049 0.997563 0.675261 0.778872 0.713032 0.753147 0.738937 0.698832 0.982787 0.987036 0.743604 0.797464 0.821151 0.956752 0.882291 0.763736 0.821911 0.894700 0.497774 0.461131 0.858056 0.915186 0.751445 0.741119 0.960404 0.974218 0.947397 0.972254 0.993604 0.883462 0.970420 0.979889 0.929248 0.866169 0.979316 0.688137 0.669667 0.649707 0.638035 0.375062 0.905028 0.852683 0.613263 0.473411 0.753742 0.660321 0.808036 0.791570 0.905505 0.848928 0.913330 0.952719 0.724334 0.845183 0.651655 0.819849 0.767036 0.877710 0.965265 0.956342 0.835451 0.798937 0.947585 0.889047 0.965294 0.646297 0.755871 0.883409 0.865523 0.941651
0.824344 0.784156 0.522387 0.509606 0.937975 0.933359 0.732952 0.969832 0.929249 0.668709 0.995660 0.844060 0.790829 0.716932 0.762807 0.557163 0.835186 0.952212 0.919458 0.791777 0.661798 0.935116 0.649081 0.395505 0.000000 0.392185 0.643695 0.807941 0.823492 0.911035 0.854108 0.680054 0.897952 0.846932 0.860609 0.882604 0.627950 0.579693 0.546821 0.682357 0.914727 0.841362 0.805659 0.881051 0.578069 0.648852 0.886738 0.889446 0.578394 0.708755 0.632080 0.696148 0.706199 0.684458 0.980495 0.858284 0.837053 0.907641 0.689035 0.895675 0.809634 0.797094 0.667833 0.776952 0.393235 0.472619 0.730043 0.818886 0.730320 0.864586 0.956913 0.978701 0.944100 0.928332 0.934890 0.859763 0.890565 0.888906 0.775863 0.960438 0.898288 0.857818 0.797468 0.790176 0.742108 0.443857 0.980323 0.980860 0.694519 0.627795 0.681855 0.665101 0.742751 0.783934 0.938125 0.812148 0.921858 0.853534 0.681907 0.766062 0.600438 0.816553 0.785409 0.780121 0.861142 0.916386 0.980075 0.741370 0.997723 0.937243 0.958713 0.568979 0.850197 0.982717 0.839271 0.961408
0.901530 0.785714 0.588393 0.523473 0.992012 0.851908 0.843721 0.950999 0.864547 0.821994 0.944965 0.918090 0.883650 0.822050 0.909125 0.705841 0.744660 0.872254 0.950854 0.890556 0.804461 0.991052 0.819777 0.518903 0.392185 0.000000 0.716787 0.840093 0.756367 0.783428 0.950367 0.882437 0.823037 0.815699 0.792223 0.871063 0.662044 0.603493 0.573720 0.898642 0.993172 0.796287 0.899366 0.866646 0.653529 0.693643 0.794116 0.784191 0.682702 0.819163 0.717358 0.747010 0.810192 0.797405 0.990448 0.937275 0.925705 0.904547 0.647952 0.823453 0.785849 0.769998 0.619034 0.725287 0.473766 0.583220 0.698468 0.761273 0.810625 0.865046 0.916342 0.933027 0.993540 0.942404 0.964716 0.921439 0.837544 0.991615 0.797581 0.931097 0.865116 0.907549 0.956386 0.858026 0.870563 0.634760 0.990151 0.988908 0.694121 0.655909 0.882751 0.903040 0.970191 0.973107 0.894857 0.788201 0.984067 0.864392 0.821534 0.808215 0.737503 0.992831 0.855559 0.776517 0.968787 0.983518 0.970426 0.910667 0.977125 0.968781 0.956474 0.725655 0.955460 0.839857 0.973614 0.909206
0.943270 0.935600 0.756295 0.718227 0.950379 0.871574 0.807995 0.991611 0.933523 0.672190 0.978877 0.944157 0.928333 0.999671 0.960196 0.886508 0.870535 0.948420 0.966484 0.831917 0.913494 0.923338 0.911640 0.628569 0.643695 0.716787 0.000000 0.714134 0.811879 0.866145 0.918970 0.950115 0.818767 0.871702 0.938970 0.976289 0.780333 0.784736 0.862920 0.807744 0.927549 0.958150 0.781741 0.903368 0.690985 0.739188 0.906863 0.975012 0.754243 0.838193 0.713019 0.777081 0.720120 0.716904 0.976371 0.953391 0.948749 0.914515 0.834667 0.971499 0.799850 0.975195 0.807655 0.864606 0.703039 0.749149 0.817972 0.833968 0.896736 0.805155 0.867907 0.908812 0.894982 0.941047 0.955152 0.882758 0.949597 0.982050 0.843005 0.965756 0.809662 0.898782 0.904177 0.802154 0.898966 0.671428 0.990843 0.848236 0.852956 0.657488 0.816840 0.847425 0.881733 0.987647 0.812636 0.989441 0.978486 0.964734 0.770229 0.921184 0.831867 0.867940 0.955402 0.789726 0.979297 0.975587 0.816929 0.826686 0.973983 0.887722 0.922751 0.739977 0.882257 0.932096 0.990365 0.928002
0.886419 0.928560 0.858239 0.982294 0.936543 0.779085 0.624694 0.740518 0.923739 0.767529 0.899782 0.810601 0.699180 0.883439 0.820091 0.949368 0.861071 0.883650 0.768216 0.920548 0.927584 0.997507 0.760803 0.946619 0.807941 0.840093 0.714134 0.000000 0.895491 0.889313 0.869623 0.892635 0.732012 0.754374 0.824125 0.929320 0.911211 0.764864 0.878877 0.807334 0.952369 0.858981 0.730627 0.753148 0.699358 0.679273 0.646021 0.709594 0.681762 0.661322 0.702219 0.673173 0.827812 0.839795 0.798855 0.786725 0.898087 0.892074 0.629515 0.696246 0.582867 0.803427 0.689141 0.767376 0.989524 0.968617 0.622064 0.661609 0.984917 0.920022 0.913534 0.947456 0.969934 0.895368 0.929356 0.908740 0.756210 0.921374 0.892480 0.719417 0.865045 0.976020 0.938332 0.947240 0.860695 0.958515 0.966473 0.900375 0.986336 0.949751 0.853931 0.895583 0.854861 0.998664 0.994556 0.936855 0.800502 0.850555 0.697009 0.719942 0.945006 0.852109 0.947031 0.765143 0.883742 0.949887 0.980399 0.959218 0.929781 0.929894 0.960386 0.836557 0.790769 0.925653 0.823899 0.830735
0.682908 0.746126 0.949648 0.971237 0.937966 0.952282 0.730323 0.836994 0.965441 0.862573 0.578783 0.647314 0.694629 0.722785 0.627706 0.806014 0.433133 0.490321 0.602708 0.621790 0.990715 0.873839 0.825207 0.883852 0.823492 0.756367 0.811879 0.895491 0.000000 0.321419 0.696535 0.738413 0.555535 0.503875 0.863938 0.997746 0.990022 0.936989 0.939197 0.971258 0.919288 0.903088 0.908249 0.820386 0.869193 0.889194 0.792792 0.754432 0.850678 0.928024 0.864133 0.816603 0.936138 0.947703 0.990432 0.976050 0.688636 0.689774 0.693716 0.818805 0.597423 0.893852 0.494737 0.463465 0.730786 0.851534 0.763134 0.769081 0.631872 0.800093 0.761260 0.924519 0.663986 0.742115 0.738589 0.879139 0.862193 0.804365 0.580598 0.844418 0.538245 0.841792 0.707710 0.867049 0.924118 0.943392 0.998201 0.892488 0.943666 0.899270 0.861075 0.810840 0.721146 0.793711 0.944389 0.771459 0.990605 0.839538 0.900050 0.965442 0.975021 0.949472 0.835138 0.638070 0.889806 0.639747 0.935304 0.844383 0.730870 0.924354 0.939869 0.899196 0.855173 0.889419 0.869257 0.816118
0.608822 0.744844 0.930767 0.914417 0.894850 0.976149 0.773413 0.817731 0.840677 0.952266 0.458794 0.568949 0.650368 0.576567 0.612413 0.725084 0.377119 0.402304 0.561690 0.552830 0.966715 0.972004 0.807988 0.986345 0.911035 0.783428 0.866145 0.889313 0.321419 0.000000 0.709910 0.693333 0.536685 0.514866 0.872003 0.892370 0.900242 0.938965 0.995114 0.927785 0.929946 0.844408 0.927395 0.890867 0.960689 0.985394 0.872940 0.855741 0.991662 0.945622 0.969932 0.958215 0.896975 0.945098 0.946244 0.965152 0.658366 0.660368 0.733805 0.850557 0.613464 0.891665 0.464610 0.416638 0.731153 0.923558 0.787658 0.813931 0.550122 0.733566 0.834783 0.973674 0.643201 0.673970 0.745462 0.882919 0.878454 0.808982 0.617878 0.816422 0.531736 0.807209 0.649273 0.736509 0.927459 0.936636 0.987266 0.959536 0.954178 0.953908 0.732796 0.674539 0.618883 0.682073 0.964557 0.800493 0.925246 0.784153 0.952663 0.953609 0.959616 0.999632 0.960231 0.624307 0.887108 0.636614 0.991033 0.904419 0.822803 0.930810 0.861558 0.990026 0.980811 0.993232 0.885615 0.820871
0.922535 0.820637 0.618837 0.717312 0.770477 0.845306 0.600506 0.589240 0.625917 0.583545 0.820080 0.691363 0.598789 0.845824 0.499712 0.561456 0.853762 0.883746 0.652589 0.846153 0.918779 0.895310 0.490286 0.948380 0.854108 0.950367 0.918970 0.869623 0.696535 0.709910 0.000000 0.483163 0.589543 0.628991 0.954750 0.933164 0.852764 0.998665 0.994663 0.974191 0.935659 0.845239 0.596154 0.577184 0.841687 0.800891 0.634074 0.696765 0.928391 0.942537 0.814653 0.773076 0.833483 0.843706 0.950437 0.945891 0.865840 0.877328 0.779012 0.828324 0.520810 0.519755 0.798617 0.704544 0.873365 0.831797 0.737417 0.624170 0.904001 0.981371 0.511985 0.613597 0.618814 0.753793 0.870299 0.942767 0.648245 0.628257 0.714087 0.960193 0.942051 0.865528 0.958755 0.918483 0.958286 0.994126 0.776625 0.625011 0.957044 0.957739 0.977588 0.994341 0.874172 0.970247 0.931796 0.968775 0.847310 0.791941 0.739021 0.669200 0.990416 0.833523 0.846142 0.794650 0.886688 0.691413 0.806161 0.788279 0.706536 0.977686 0.775903 0.942887 0.748289 0.837072 0.551327 0.978481
0.757524 0.771389 0.646394 0.676518 0.982580 0.972870 0.889053 0.804295 0.849413 0.830687 0.784076 0.591058 0.595536 0.613011 0.539831 0.504139 0.822703 0.777703 0.604710 0.736608 0.679937 0.991596 0.471976 0.735988 0.680054 0.882437 0.950115 0.892635 0.738413 0.693333 0.483163 0.000000 0.576093 0.791763 0.987640 0.863377 0.777414 0.806830 0.918252 0.844111 0.948911 0.796131 0.825495 0.728968 0.974555 0.917783 0.648324 0.852259 0.989392 0.944008 0.945286 0.916358 0.976536 0.999570 0.969649 0.976115 0.697938 0.814135 0.924712 0.950935 0.729119 0.640470 0.837569 0.740439 0.872581 0.863292 0.922098 0.905168 0.717905 0.894138 0.743995 0.694468 0.787230 0.789878 0.975655 0.934670 0.712160 0.721643 0.750490 0.890065 0.805499 0.935538 0.722702 0.866120 0.828436 0.816296 0.831526 0.710507 0.884107 0.874504 0.885549 0.801019 0.776073 0.838437 0.955974 0.995168 0.909243 0.821027 0.925557 0.977094 0.886117 0.955248 0.942454 0.782644 0.998697 0.746740 0.923344 0.917855 0.876035 0.926097 0.906245 0.889995 0.881982 0.842494 0.643905 0.906228
0.551753 0.616044 0.864902 0.769828 0.942579 0.907589 0.572347 0.589076 0.966695 0.729182 0.609516 0.497121 0.538169 0.565509 0.577205 0.733140 0.492070 0.467744 0.421116 0.636558 0.887384 0.929973 0.659678 0.990998 0.897952 0.823037 0.818767 0.732012 0.555535 0.536685 0.589543 0.576093 0.000000 0.472876 0.918123 0.972666 0.935799 0.983427 0.896656 0.974320 0.950108 0.798608 0.742225 0.534653 0.681776 0.621314 0.647579 0.610532 0.656152 0.682860 0.634259 0.614896 0.751977 0.785790 0.862558 0.762574 0.514544 0.534180 0.570985 0.746078 0.458241 0.717694 0.427881 0.397145 0.850554 0.879845 0.579147 0.646355 0.686277 0.789913 0.742003 0.752114 0.902474 0.985439 0.822028 0.874220 0.800374 0.775380 0.497267 0.738421 0.514257 0.778685 0.661806 0.713135 0.769109 0.909680 0.994895 0.846475 0.900694 0.906178 0.907761 0.988253 0.991996 0.925530 0.894579 0.833158 0.941814 0.696214 0.672349 0.719424 0.955295 0.897200 0.767987 0.488241 0.837292 0.670402 0.982028 0.766155 0.906875 0.831271 0.766266 0.825181 0.781198 0.629614 0.686233 0.921588
0.621156 0.622342 0.853602 0.768630 0.852456 0.923062 0.463509 0.475808 0.967403 0.697977 0.652922 0.553194 0.583716 0.716919 0.682529 0.798537 0.520568 0.500536 0.512729 0.701460 0.980320 0.987736 0.776778 0.947697 0.846932 0.815699 0.871702 0.754374 0.503875 0.514866 0.628991 0.791763 0.472876 0.000000 0.957340 0.824662 0.999100 0.976526 0.971621 0.910068 0.927615 0.854563 0.756498 0.588104 0.722863 0.690070 0.671971 0.549118 0.724971 0.752135 0.724175 0.650994 0.847459 0.860622 0.876299 0.782817 0.614917 0.582910 0.443852 0.597277 0.392010 0.713528 0.424191 0.409715 0.890095 0.978503 0.513290 0.521795 0.721904 0.783630 0.801695 0.875060 0.870669 0.890266 0.752403 0.959014 0.743721 0.811927 0.522110 0.796820 0.663128 0.925037 0.757080 0.837440 0.960759 0.983354 0.974864 0.798662 0.930770 0.971284 0.988335 0.939965 0.926241 0.845246 0.882667 0.811011 0.933830 0.618291 0.718405 0.691743 0.927034 0.904300 0.774053 0.553932 0.821962 0.617570 0.840269 0.842265 0.757859 0.896755 0.860685 0.874609 0.819408 0.722862 0.661958 0.856710
0.989336 0.995340 0.745909 0.839673 0.927605 0.984348 0.867390 0.890888 0.804256 0.944785 0.850159 0.960058 0.853634 0.986249 0.811157 0.883604 0.794592 0.826462 0.960011 0.960273 0.947816 0.877323 0.874707 0.819986 0.860609 0.792223 0.938970 0.824125 0.863938 0.872003 0.954750 0.987640 0.918123 0.957340 0.000000 0.992183 0.960807 0.895091 0.967311 0.837894 0.776815 0.972823 0.856532 0.930078 0.864566 0.828820 0.899424 0.822473 0.905445 0.782034 0.831784 0.799147 0.928379 0.905562 0.884183 0.873198 0.995331 0.983337 0.958288 0.818379 0.850652 0.813477 0.919391 0.878717 0.741477 0.813773 0.867302 0.829153 0.891987 0.948255 0.882188 0.941602 0.857910 0.984716 0.913614 0.765142 0.763203 0.961712 0.873970 0.957364 0.896329 0.998093 0.916206 0.977250 0.912706 0.866576 0.923447 0.941350 0.869881 0.850127 0.946356 0.881322 0.923245 0.973791 0.977114 0.837238 0.956168 0.894226 0.876449 0.843139 0.719958 0.893701 0.995947 0.963655 0.902989 0.845832 0.966353 0.903736 0.988564 0.950664 0.940980 0.978078 0.850080 0.921583 0.942129 0.944815
0.955085 0.998597 0.934132 0.939625 0.791327 0.919038 0.852160 0.876323 0.893051 0.967631 0.989454 0.998224 0.989356 0.888343 0.925767 0.992681 0.933672 0.949260 0.926627 0.998918 0.853748 0.834525 0.937095 0.950921 0.882604 0.871063 0.976289 0.929320 0.997746 0.892370 0.933164 0.863377 0.972666 0.824662 0.992183 0.000000 0.888612 0.947527 0.951090 0.959565 0.847141 0.995793 0.908078 0.915052 0.820899 0.897854 0.940323 0.863329 0.926028 0.898602 0.831437 0.894967 0.771327 0.749658 0.977837 0.900261 0.956991 0.991432 0.860322 0.987899 0.839670 0.872384 0.897046 0.894929 0.882007 0.958784 0.807352 0.804385 0.885239 0.947464 0.942108 0.957859 0.981727 0.994802 0.915261 0.981082 0.970800 0.985763 0.933979 0.978618 0.999190 0.927694 0.969976 0.968969 0.982915 0.956940 0.921933 0.889400 0.938792 0.911199 0.856819 0.808460 0.836169 0.924797 0.999802 0.875986 0.958499 0.753392 0.828977 0.743931 0.854739 0.903626 0.869049 0.803140 0.906803 0.953655 0.858430 0.838304 0.886362 0.972339 0.900744 0.716278 0.944068 0.930652 0.981059 0.915936
0.839584 0.678059 0.607866 0.573965 0.947242 0.908881 0.919564 0.894125 0.889065 0.863066 0.996079 0.753872 0.873561 0.654011 0.718723 0.559543 0.941097 0.898531 0.800802 0.723667 0.786100 0.860730 0.788988 0.651834 0.627950 0.662044 0.780333 0.911211 0.990022 0.900242 0.852764 0.777414 0.935799 0.999100 0.960807 0.888612 0.000000 0.567612 0.719552 0.745246 0.865950 0.847485 0.960685 0.861107 0.780929 0.854599 0.947081 0.956912 0.824520 0.865404 0.887488 0.905447 0.986328 0.999199 0.955840 0.970418 0.736157 0.755635 0.729059 0.733168 0.888868 0.743054 0.795769 0.977453 0.699829 0.734151 0.738893 0.856475 0.780505 0.771672 0.865926 0.730840 0.884019 0.996091 0.918157 0.985071 0.887480 0.887259 0.872069 0.896012 0.874236 0.848541 0.842575 0.799982 0.851034 0.703853 0.979164 0.907791 0.810578 0.774890 0.985159 0.941542 0.950781 0.983899 0.966035 0.862676 0.971011 0.954932 0.896360 0.969710 0.752344 0.876614 0.943838 0.964486 0.944552 0.921574 0.910384 0.938716 0.885820 0.916747 0.893697 0.949408 0.890727 0.851654 0.988390 0.916598
0.798958 0.632588 0.811369 0.663577 0.872439 0.978367 0.758806 0.997216 0.939672 0.725636 0.977014 0.777246 0.964609 0.640288 0.926886 0.670190 0.918213 0.867903 0.958496 0.686721 0.788348 0.997718 0.941294 0.608950 0.579693 0.603493 0.784736 0.764864 0.936989 0.938965 0.998665 0.806830 0.983427 0.976526 0.895091 0.947527 0.567612 0.000000 0.617552 0.846106 0.867305 0.707166 0.847724 0.951305 0.670489 0.690705 0.820898 0.815391 0.759872 0.761949 0.807655 0.741302 0.886402 0.861594 0.970934 0.943259 0.691011 0.748191 0.664482 0.719721 0.749334 0.832244 0.810341 0.956920 0.737250 0.741970 0.651317 0.699247 0.734352 0.699056 0.987638 0.939814 0.935496 0.986517 0.927688 0.817740 0.940651 0.930259 0.878293 0.935426 0.830416 0.703997 0.706278 0.676509 0.852411 0.687429 0.935728 0.973204 0.699364 0.689732 0.888378 0.780447 0.879380 0.886735 0.996769 0.990240 0.894291 0.975542 0.735433 0.701623 0.828726 0.836329 0.805822 0.884981 0.883365 0.968122 0.960508 0.886673 0.943951 0.914525 0.896302 0.763708 0.780927 0.875461 0.851413 0.940896
