0.000000 0.411809 0.906697 0.917581 0.656798 0.874488 0.794539 0.461992 0.843554 0.587607 0.388351 0.295330 0.389167 0.482362 0.504831 0.627215 0.432717 0.462678 0.386951 0.376107 0.916467 0.980859 0.489218 0.893156 0.683634 0.654533 0.943904 0.956940 0.396121 0.509810 0.899141 0.830043 0.633850 0.729255 0.927412 0.956198 0.718943 0.839325 0.844805 0.969495 0.786780 0.840160 0.983971 0.963105 0.822977 0.702755 0.713565 0.763474 0.561495 0.647779 0.750660 0.774985 0.838233 0.841359 0.723993 0.883182 0.387820 0.347732 0.472297 0.471674 0.595297 0.402948 0.400333 0.354779 0.852518 0.839621 0.949304 0.893585 0.354828 0.418604 0.797997 0.948549 0.849196 0.973329 0.776108 0.888882 0.805436 0.966575 0.863707 0.753365 0.435832 0.496951 0.686256 0.738988 0.658541 0.909316 0.854841 0.927094 0.641618 0.568310 0.908275 0.886450 0.874953 0.723146 0.931468 0.932330 0.963874 0.918703 0.650379 0.577827 0.913521 0.941152 0.753009 0.698020 0.737686 0.827700 0.970290 0.716189 0.932392 0.872719 0.819858 0.660030 0.629499 0.800562 0.908930 0.814019
0.411809 0.000000 0.605695 0.841706 0.705010 0.694353 0.843374 0.620806 0.938648 0.602065 0.664411 0.366352 0.709264 0.503410 0.555929 0.615725 0.332262 0.321893 0.413834 0.349809 0.797851 0.937924 0.589422 0.967698 0.750867 0.594415 0.958799 0.897549 0.383575 0.383325 0.926643 0.892905 0.836258 0.844058 0.730627 0.890758 0.746065 0.987184 0.842000 0.899271 0.891335 0.769310 0.815638 0.700234 0.643619 0.471799 0.661259 0.614009 0.320908 0.418545 0.578992 0.578756 0.717161 0.963704 0.759261 0.780396 0.286765 0.276666 0.810793 0.720216 0.927513 0.630064 0.652427 0.499872 0.726758 0.694451 0.664048 0.688577 0.529184 0.458560 0.963772 0.783951 0.989561 0.950909 0.824587 0.966318 0.743464 0.987428 0.762066 0.658719 0.423027 0.444006 0.486256 0.613864 0.668803 0.968194 0.944303 0.901677 0.855204 0.777208 0.698105 0.733252 0.690380 0.534093 0.973104 0.910548 0.894357 0.908048 0.836022 0.674231 0.828588 0.778310 0.891869 0.813138 0.982665 0.975440 0.910503 0.718331 0.890269 0.951122 0.886316 0.671569 0.614030 0.760444 0.921692 0.841229
0.906697 0.605695 0.000000 0.427371 0.976119 0.611915 0.425778 0.744493 0.942616 0.844511 0.958740 0.755540 0.867715 0.912553 0.930149 0.973296 0.748060 0.733006 0.995335 0.836318 0.617992 0.824556 0.842944 0.761882 0.615612 0.466703 0.976399 0.977706 0.790844 0.753155 0.608814 0.602604 0.619417 0.712614 0.563949 0.665104 0.922305 0.778202 0.715804 0.982812 0.983114 0.940396 0.830371 0.962568 0.962038 0.862597 0.732881 0.888524 0.618305 0.658206 0.947385 0.829516 0.970915 0.966550 0.780960 0.976450 0.702178 0.633052 0.927127 0.972014 0.624955 0.964530 0.901246 0.836057 0.456178 0.457123 0.367169 0.432194 0.945337 0.863889 0.673018 0.691691 0.675421 0.765668 0.936920 0.991747 0.975992 0.961531 0.964547 0.975777 0.928571 0.948902 0.866558 0.882720 0.805514 0.625872 0.946640 0.857200 0.830143 0.754175 0.684520 0.816587 0.601952 0.632038 0.887621 0.953165 0.688265 0.975469 0.960684 0.892110 0.731919 0.825290 0.917796 0.998894 0.738403 0.798132 0.724564 0.903877 0.847439 0.820476 0.937689 0.986698 0.977308 0.929119 0.927370 0.995621
0.917581 0.841706 0.427371 0.000000 0.981973 0.847697 0.650075 0.680399 0.810570 0.778897 0.904988 0.849005 0.983966 0.805432 0.937880 0.842063 0.877562 0.921297 0.931946 0.967555 0.658222 0.810684 0.783741 0.576876 0.477919 0.406263 0.784565 0.867817 0.887104 0.884404 0.693078 0.611190 0.768405 0.778793 0.605407 0.614026 0.863800 0.827672 0.658362 0.876511 0.853337 0.989251 0.729283 0.822496 0.854899 0.925911 0.603965 0.750163 0.828282 0.896952 0.887171 0.948988 0.882331 0.903817 0.765151 0.934668 0.874415 0.813129 0.884508 0.972414 0.971451 0.952937 0.946376 0.725127 0.435172 0.375643 0.487769 0.483212 0.986254 0.876593 0.753963 0.752912 0.724554 0.844337 0.995543 0.893621 0.837971 0.829471 0.922842 0.839221 0.976741 0.738700 0.852764 0.845883 0.663344 0.457152 0.979285 0.717103 0.970525 0.747000 0.808973 0.992529 0.694257 0.807470 0.893389 0.829417 0.785706 0.897667 0.946619 0.933868 0.858037 0.954126 0.911706 0.888115 0.747660 0.785445 0.796578 0.992057 0.913679 0.999236 0.889950 0.978836 0.902993 0.912930 0.941375 0.967586
0.656798 0.705010 0.976119 0.981973 0.000000 0.917045 0.978781 0.794845 0.935157 0.923152 0.789548 0.704234 0.720150 0.676531 0.708669 0.729045 0.733114 0.807985 0.733748 0.707604 0.919016 0.971520 0.668938 0.747361 0.986001 0.865131 0.750976 0.886695 0.793249 0.887507 0.948096 0.969627 0.934533 0.956132 0.976672 0.881153 0.996205 0.993451 0.915085 0.946029 0.978030 0.976786 0.994914 0.983510 0.933355 0.896133 0.889819 0.881280 0.761637 0.849837 0.943912 0.964632 0.941484 0.759497 0.801620 0.986297 0.686077 0.714846 0.828550 0.831532 0.922971 0.659897 0.878644 0.808019 0.955644 0.949210 0.971877 0.877681 0.701938 0.682109 0.939573 0.828717 0.962287 0.981642 0.967571 0.939093 0.978888 0.848989 0.960176 0.926168 0.769237 0.703169 0.692659 0.817982 0.701901 0.839579 0.769223 0.760734 0.772494 0.705316 0.925608 0.812814 0.942055 0.779247 0.867033 0.998820 0.896194 0.964662 0.932357 0.902187 0.850567 0.869841 0.956797 0.948003 0.948606 0.892607 0.963891 0.702582 0.940177 0.873514 0.987353 0.919320 0.955774 0.902502 0.872685 0.986081
0.874488 0.694353 0.611915 0.847697 0.917045 0.000000 0.624975 0.969502 0.832117 0.993432 0.933807 0.806650 0.853414 0.962467 0.985503 0.987041 0.775229 0.794975 0.940286 0.797934 0.637705 0.962885 0.958094 0.873635 0.857566 0.742448 0.966558 0.876289 0.788983 0.803358 0.804815 0.832348 0.804568 0.849396 0.831122 0.862748 0.905563 0.992608 0.764841 0.808273 0.850049 0.931893 0.881012 0.852450 0.842492 0.728192 0.981840 0.894680 0.711882 0.700311 0.831166 0.778402 0.849126 0.929857 0.941622 0.950341 0.725046 0.707734 0.943413 0.948543 0.721615 0.898054 0.926169 0.931375 0.879391 0.834106 0.686491 0.825536 0.821468 0.865993 0.780296 0.837003 0.963865 0.820790 0.806131 0.926689 0.909642 0.958802 0.966475 0.957219 0.950322 0.994138 0.838914 0.898738 0.988764 0.915240 0.887011 0.855465 0.961321 0.992429 0.816231 0.870291 0.878029 0.779481 0.953863 0.906885 0.875226 0.965708 0.892959 0.967540 0.940380 0.981091 0.949564 0.974851 0.812463 0.986887 0.647121 0.985824 0.998613 0.916989 0.998180 0.893041 0.836461 0.818467 0.953535 0.982606
0.794539 0.843374 0.425778 0.650075 0.978781 0.624975 0.000000 0.483462 0.725298 0.744346 0.734875 0.996913 0.635602 0.800756 0.876766 0.929594 0.978885 0.973592 0.722423 0.965442 0.644226 0.832141 0.609986 0.965652 0.971191 0.741043 0.884193 0.920227 0.827461 0.892205 0.383008 0.476288 0.386114 0.431027 0.667152 0.712194 0.878455 0.869579 0.924788 0.843772 0.937284 0.982137 0.833175 0.875742 0.790989 0.981216 0.733895 0.885597 0.866426 0.824723 0.891925 0.990193 0.944723 0.911969 0.865634 0.983943 0.916044 0.921862 0.606568 0.659090 0.386038 0.894004 0.511878 0.738571 0.818865 0.799166 0.471761 0.527037 0.885776 0.847425 0.578225 0.568901 0.542098 0.595386 0.895598 0.975867 0.843532 0.834752 0.826374 0.870443 0.832164 0.841757 0.917400 0.906943 0.894121 0.918370 0.860381 0.874456 0.788188 0.827107 0.599088 0.693099 0.697688 0.814114 0.844143 0.939534 0.702986 0.839241 0.608959 0.671274 0.644790 0.660865 0.650794 0.669636 0.655324 0.693181 0.792660 0.956630 0.894592 0.805498 0.884892 0.864461 0.871890 0.880921 0.999131 0.915404
0.461992 0.620806 0.744493 0.680399 0.794845 0.969502 0.483462 0.000000 0.930305 0.589698 0.619528 0.570170 0.555215 0.474725 0.713249 0.672156 0.551460 0.587947 0.391240 0.520090 0.901663 0.948582 0.405995 0.961290 0.893015 0.983386 0.976761 0.958416 0.442558 0.516964 0.544806 0.499439 0.429792 0.485887 0.861418 0.895472 0.796387 0.899578 0.951535 0.992699 0.970894 0.827544 0.656323 0.684403 0.555634 0.582916 0.517257 0.655384 0.652451 0.697274 0.578061 0.633793 0.679670 0.861264 0.708991 0.891467 0.572344 0.559395 0.602230 0.541394 0.620371 0.629143 0.404528 0.505801 0.981125 0.946260 0.768840 0.770507 0.586306 0.550392 0.598008 0.712814 0.529339 0.738629 0.865481 0.960537 0.637662 0.848189 0.723009 0.675695 0.522168 0.514281 0.687945 0.818766 0.711495 0.910405 0.932268 0.856090 0.773556 0.683545 0.811552 0.930973 0.891165 0.874609 0.830246 0.796769 0.742085 0.797342 0.568227 0.479729 0.735617 0.801267 0.705898 0.672903 0.625503 0.666448 0.911791 0.903899 0.959854 0.896372 0.718903 0.689577 0.528165 0.694415 0.930474 0.867157
0.843554 0.938648 0.942616 0.810570 0.935157 0.832117 0.725298 0.930305 0.000000 0.650514 0.679855 0.876746 0.656439 0.934860 0.957121 0.982456 0.932144 0.852941 0.954753 0.869088 0.948550 0.977766 0.999258 0.723370 0.697372 0.832116 0.841172 0.849120 0.907600 0.974603 0.980804 0.932292 0.915517 0.884758 0.915997 0.880418 0.849519 0.970714 0.842553 0.929182 0.955527 0.954978 0.735304 0.871367 0.846643 0.924741 0.895348 0.922632 0.975538 0.964790 0.987975 0.990636 0.984792 0.975727 0.931232 0.997689 0.835811 0.991237 0.543481 0.646372 0.527132 0.768362 0.720608 0.734216 0.862130 0.835406 0.981053 0.965941 0.836836 0.732506 0.958053 0.914879 0.988516 0.974628 0.915399 0.983627 0.995167 0.882861 0.994292 0.966487 0.975441 0.864084 0.686241 0.847713 0.837303 0.707990 0.910168 0.827512 0.768662 0.999055 0.929435 0.835580 0.934611 0.912999 0.889196 0.912554 0.975706 0.952149 0.801360 0.876984 0.899573 0.896973 0.747570 0.794355 0.958190 0.950257 0.883407 0.827411 0.866749 0.864171 0.990246 0.996664 0.890506 0.939423 0.967987 0.891255
0.587607 0.602065 0.844511 0.778897 0.923152 0.993432 0.744346 0.589698 0.650514 0.000000 0.610152 0.572721 0.573797 0.748103 0.663684 0.779532 0.644318 0.673418 0.559294 0.689890 0.928074 0.972990 0.625953 0.755874 0.517428 0.575831 0.807689 0.957650 0.500108 0.476062 0.819675 0.798426 0.663933 0.672431 0.681000 0.882224 0.991003 0.801612 0.745023 0.776870 0.944067 0.888792 0.965531 0.833847 0.711510 0.679655 0.826270 0.875576 0.526480 0.602318 0.627390 0.628835 0.715785 0.868048 0.986696 0.952475 0.705089 0.560283 0.545473 0.568064 0.698998 0.827376 0.425575 0.393760 0.503971 0.498881 0.767075 0.726033 0.701758 0.537836 0.904588 0.916096 0.829162 0.912251 0.784822 0.918754 0.782583 0.913611 0.604998 0.623976 0.587522 0.823237 0.884586 0.938196 0.907364 0.609403 0.854881 0.842264 0.846222 0.964088 0.953578 0.950644 0.784250 0.677031 0.965734 0.859551 0.942417 0.919964 0.648622 0.639574 0.981825 0.881680 0.689099 0.705438 0.948824 0.944612 0.902630 0.957231 0.829283 0.922517 0.912109 0.899501 0.727024 0.913693 0.948602 0.911006
0.388351 0.664411 0.958740 0.904988 0.789548 0.933807 0.734875 0.619528 0.679855 0.610152 0.000000 0.534737 0.437189 0.727100 0.730053 0.856376 0.587768 0.666633 0.641365 0.586207 0.893133 0.911219 0.731161 0.783505 0.701008 0.784275 0.888975 0.907096 0.577630 0.643401 0.893626 0.883966 0.651293 0.784564 0.904206 0.968551 0.765505 0.861453 0.949343 0.876050 0.771374 0.832760 0.799504 0.911099 0.967463 0.898664 0.926206 0.974067 0.803839 0.816565 0.912545 0.928276 0.903009 0.838143 0.852226 0.852188 0.652220 0.587201 0.462958 0.496324 0.478602 0.530781 0.453392 0.434117 0.877435 0.886146 0.934591 0.976618 0.502846 0.504544 0.739615 0.817321 0.852127 0.963089 0.742830 0.864695 0.808512 0.975096 0.905272 0.737848 0.542380 0.639278 0.950876 0.860015 0.875440 0.798253 0.959982 0.855450 0.620936 0.728658 0.957822 0.999550 0.990985 0.934565 0.952767 0.971842 0.938996 0.985832 0.686497 0.686617 0.847227 0.905356 0.633487 0.668386 0.759474 0.832359 0.888023 0.904739 0.941237 0.800791 0.920421 0.800884 0.760489 0.900666 0.893439 0.976017
0.295330 0.366352 0.755540 0.849005 0.704234 0.806650 0.996913 0.570170 0.876746 0.572721 0.534737 0.000000 0.432080 0.444397 0.468275 0.538507 0.442875 0.495850 0.437103 0.406860 0.897609 0.892657 0.504487 0.975665 0.653990 0.579512 0.995473 0.937009 0.419500 0.510383 0.953713 0.937952 0.806919 0.878946 0.802430 0.827180 0.788864 0.998490 0.834579 0.984013 0.889174 0.916519 0.929445 0.998633 0.911472 0.706807 0.791246 0.832771 0.476771 0.607975 0.763022 0.756488 0.848038 0.829198 0.803834 0.938525 0.427471 0.348507 0.606772 0.568055 0.771124 0.441062 0.524367 0.430685 0.777783 0.774768 0.729491 0.686366 0.403203 0.460599 0.965409 0.916281 0.951929 0.920100 0.797142 0.918276 0.855904 0.898909 0.828725 0.753311 0.492361 0.532676 0.633429 0.716000 0.658442 0.902791 0.806775 0.866798 0.738082 0.651083 0.770788 0.749633 0.718887 0.595439 0.980529 0.975575 0.914309 0.994772 0.843036 0.703343 0.947222 0.805200 0.937980 0.877180 0.915604 0.934704 0.960111 0.735886 0.886757 0.985754 0.860559 0.752277 0.688865 0.901976 0.905027 0.816048
0.389167 0.709264 0.867715 0.983966 0.720150 0.853414 0.635602 0.555215 0.656439 0.573797 0.437189 0.432080 0.000000 0.503639 0.527673 0.571221 0.723061 0.844315 0.534069 0.620196 0.882220 0.992109 0.482424 0.936554 0.726449 0.763994 0.926073 0.975850 0.618243 0.711893 0.826697 0.786814 0.653244 0.743948 0.948615 0.928730 0.801081 0.999253 0.990757 0.942466 0.940556 0.996876 0.899818 0.919154 0.996321 0.883248 0.790575 0.911476 0.766249 0.846852 0.835797 0.893821 0.891481 0.894564 0.765962 0.998372 0.743112 0.662427 0.478309 0.560564 0.432314 0.516186 0.457260 0.516319 0.916668 0.901154 0.978256 0.881342 0.485659 0.574000 0.786304 0.942042 0.813814 0.983496 0.787014 0.986645 0.932917 0.951022 0.901861 0.888857 0.684597 0.718060 0.864177 0.848860 0.732637 0.917231 0.885209 0.844640 0.574185 0.678443 0.960819 0.908631 0.847967 0.813750 0.935210 0.985785 0.903999 0.984564 0.752124 0.721711 0.862152 0.983138 0.779097 0.829741 0.858179 0.866221 0.862522 0.778575 0.877056 0.787014 0.903415 0.880236 0.851966 0.990134 0.876614 0.878927
0.482362 0.503410 0.912553 0.805432 0.676531 0.962467 0.800756 0.474725 0.934860 0.748103 0.727100 0.444397 0.503639 0.000000 0.455219 0.392738 0.610614 0.608266 0.391696 0.432271 0.858932 0.932797 0.346733 0.653012 0.985433 0.885018 0.919095 0.871075 0.567101 0.568788 0.811007 0.609110 0.689701 0.736802 0.974281 0.965883 0.816485 0.983316 0.871915 0.835348 0.982808 0.972890 0.696648 0.749506 0.739789 0.619815 0.538290 0.637736 0.579311 0.716131 0.664813 0.736451 0.742974 0.987243 0.637548 0.916334 0.586585 0.592379 0.889434 0.843082 0.836698 0.594876 0.665933 0.710984 0.925620 0.899295 0.890317 0.935202 0.589236 0.636705 0.946517 0.882875 0.762559 0.970144 0.800544 0.984293 0.780127 0.995759 0.877324 0.741453 0.577197 0.440226 0.474585 0.679267 0.457548 0.702856 0.898734 0.616674 0.860130 0.636279 0.765069 0.626252 0.761426 0.585315 0.862765 0.906928 0.945619 0.925122 0.954661 0.775527 0.905945 0.811111 0.984797 0.992963 0.859696 0.924911 0.804243 0.708926 0.983710 0.918091 0.950312 0.795403 0.733241 0.843141 0.905828 0.837379
0.504831 0.555929 0.930149 0.937880 0.708669 0.985503 0.876766 0.713249 0.957121 0.663684 0.730053 0.468275 0.527673 0.455219 0.000000 0.529020 0.606506 0.624049 0.485030 0.530204 0.920240 0.919513 0.535968 0.850948 0.875501 0.767207 0.893190 0.930119 0.601551 0.570195 0.858488 0.780940 0.776604 0.761736 0.894708 0.951253 0.843315 0.965206 0.971225 0.982924 0.870124 0.943412 0.907562 0.851101 0.862696 0.736179 0.705349 0.696019 0.615910 0.734780 0.753912 0.798240 0.874565 0.921087 0.790055 0.943613 0.659786 0.625207 0.749216 0.749036 0.792935 0.686403 0.638385 0.625220 0.909201 0.902977 0.825439 0.793643 0.491854 0.606313 0.996025 0.880650 0.863177 0.985090 0.749070 0.988700 0.914088 0.938418 0.728873 0.709897 0.578606 0.539141 0.590969 0.685822 0.607931 0.894020 0.801507 0.709274 0.700106 0.732042 0.694733 0.695573 0.608948 0.583581 0.910315 0.822886 0.996060 0.895529 0.962713 0.799279 0.892283 0.702756 0.956633 0.963872 0.952161 0.921816 0.998924 0.642801 0.894070 0.924874 0.971014 0.835726 0.878211 0.870823 0.910831 0.946585
0.627215 0.615725 0.973296 0.842063 0.729045 0.987041 0.929594 0.672156 0.982456 0.779532 0.856376 0.538507 0.571221 0.392738 0.529020 0.000000 0.753618 0.766724 0.541430 0.633101 0.828610 0.837056 0.452512 0.560055 0.927211 0.882945 0.876387 0.766494 0.718924 0.724730 0.976552 0.806887 0.918418 0.922393 0.855430 0.894429 0.934897 0.820566 0.845088 0.923950 0.926376 0.891988 0.938538 0.919370 0.952106 0.756051 0.687902 0.852487 0.632196 0.740413 0.796996 0.819639 0.894652 0.910883 0.723469 0.982230 0.793650 0.709571 0.916543 0.913438 0.961463 0.654970 0.856952 0.891981 0.965673 0.900720 0.783272 0.768168 0.722036 0.766256 0.906510 0.863343 0.990021 0.864488 0.821338 0.973066 0.984206 0.865784 0.887229 0.730424 0.756136 0.622811 0.583618 0.679825 0.563935 0.676759 0.887855 0.630763 0.893420 0.724674 0.596302 0.597552 0.611513 0.543085 0.964311 0.961768 0.962625 0.932199 0.899581 0.946308 0.822798 0.662705 0.749684 0.787832 0.983860 0.938983 0.867207 0.643244 0.903912 0.967307 0.935588 0.969380 0.952759 0.967363 0.931234 0.907874
0.432717 0.332262 0.748060 0.877562 0.733114 0.775229 0.978885 0.551460 0.932144 0.644318 0.587768 0.442875 0.723061 0.610614 0.606506 0.753618 0.000000 0.318653 0.466577 0.379479 0.812186 0.920336 0.656420 0.871175 0.790297 0.659735 0.985110 0.997734 0.370096 0.360877 0.870701 0.805542 0.726138 0.730365 0.857831 0.890117 0.803109 0.977071 0.808812 0.914993 0.803460 0.835345 0.803841 0.727426 0.623969 0.521567 0.687728 0.650648 0.454521 0.510107 0.608729 0.597168 0.716142 0.971307 0.771565 0.814479 0.339077 0.336999 0.767217 0.631729 0.941712 0.664828 0.535875 0.414439 0.762711 0.757926 0.814196 0.842614 0.583721 0.457471 0.818823 0.964643 0.883816 0.955618 0.764863 0.902603 0.722596 0.953163 0.623530 0.609449 0.346328 0.436499 0.587302 0.652305 0.751812 0.916049 0.964897 0.963724 0.767686 0.783973 0.845374 0.808109 0.790968 0.609749 0.975004 0.948914 0.940398 0.974683 0.778379 0.595971 0.986172 0.870812 0.803221 0.703357 0.896371 0.935710 0.925667 0.725274 0.925361 0.927139 0.856691 0.671434 0.564155 0.704110 0.806375 0.804858
0.462678 0.321893 0.733006 0.921297 0.807985 0.794975 0.973592 0.587947 0.852941 0.673418 0.666633 0.495850 0.844315 0.608266 0.624049 0.766724 0.318653 0.000000 0.443471 0.382471 0.870381 0.994482 0.644190 0.895345 0.845649 0.718214 0.989044 0.997674 0.398078 0.371072 0.905257 0.788059 0.717141 0.708539 0.842681 0.989741 0.753602 0.932138 0.866917 0.935939 0.767137 0.798973 0.760921 0.663601 0.563632 0.498242 0.657961 0.618931 0.447981 0.528269 0.625407 0.623056 0.717801 0.996189 0.786944 0.778009 0.308758 0.331937 0.842096 0.705266 0.961369 0.752827 0.587353 0.480695 0.791527 0.784729 0.850728 0.888961 0.595554 0.522812 0.889568 0.994487 0.879943 0.895874 0.815206 0.936206 0.718211 0.907037 0.675962 0.555556 0.339114 0.400751 0.518449 0.615293 0.710400 0.998784 0.972603 0.906924 0.850579 0.786590 0.848659 0.821555 0.856936 0.628965 0.911573 0.928021 0.904428 0.873895 0.809661 0.671616 0.884735 0.872550 0.888876 0.745529 0.857387 0.943147 0.933619 0.720702 0.956772 0.942322 0.854312 0.650660 0.524896 0.674309 0.880273 0.780777
0.386951 0.413834 0.995335 0.931946 0.733748 0.940286 0.722423 0.391240 0.954753 0.559294 0.641365 0.437103 0.534069 0.391696 0.485030 0.541430 0.466577 0.443471 0.000000 0.354644 0.951460 0.995951 0.377176 0.939078 0.860682 0.748702 0.945052 0.928549 0.413859 0.421787 0.739290 0.636430 0.535344 0.552444 0.980117 0.973663 0.754263 0.893417 0.940367 0.975312 0.996668 0.848583 0.684285 0.656545 0.591025 0.514786 0.508745 0.570402 0.484377 0.546996 0.541889 0.593737 0.702048 0.935721 0.740829 0.964845 0.415853 0.436649 0.649859 0.631493 0.782569 0.678512 0.474098 0.486423 0.872321 0.851786 0.967299 0.920247 0.492781 0.491308 0.827688 0.932643 0.701262 0.865728 0.845747 0.980906 0.776102 0.946773 0.757131 0.661917 0.496888 0.474160 0.574022 0.768727 0.647376 0.938918 0.976334 0.799445 0.783647 0.694781 0.965370 0.892822 0.858377 0.673182 0.969318 0.864457 0.918306 0.814490 0.667520 0.518291 0.937411 0.908230 0.778315 0.727523 0.811147 0.861300 0.981727 0.750848 0.893737 0.954625 0.813378 0.677688 0.565108 0.691987 0.965321 0.817914
0.376107 0.349809 0.836318 0.967555 0.707604 0.797934 0.965442 0.520090 0.869088 0.689890 0.586207 0.406860 0.620196 0.432271 0.530204 0.633101 0.379479 0.382471 0.354644 0.000000 0.854084 0.964614 0.505198 0.977599 0.795581 0.689242 0.920633 0.915826 0.435827 0.410312 0.871313 0.785525 0.684332 0.750558 0.911903 0.974929 0.770437 0.868556 0.971747 0.890153 0.957996 0.747461 0.727454 0.727684 0.639612 0.566397 0.638473 0.605745 0.492858 0.528878 0.612895 0.637804 0.686997 0.980850 0.733125 0.978398 0.318094 0.355432 0.726447 0.668973 0.914255 0.655355 0.592917 0.514982 0.810677 0.803514 0.860575 0.844062 0.449541 0.507672 0.856148 0.953038 0.801936 0.965126 0.786447 0.982128 0.708779 0.944262 0.781725 0.758589 0.475548 0.479146 0.578302 0.706156 0.698478 0.990751 0.982010 0.899628 0.828087 0.678956 0.871772 0.815688 0.868983 0.621157 0.929484 0.908526 0.967895 0.822045 0.739277 0.563485 0.996372 0.911739 0.804270 0.771340 0.813285 0.871275 0.981713 0.823455 0.998827 0.925300 0.749433 0.658714 0.597144 0.688729 0.919532 0.881389
0.916467 0.797851 0.617992 0.658222 0.919016 0.637705 0.644226 0.901663 0.948550 0.928074 0.893133 0.897609 0.882220 0.858932 0.920240 0.828610 0.812186 0.870381 0.951460 0.854084 0.000000 0.916575 0.766696 0.660613 0.636274 0.625407 0.798523 0.938191 0.831196 0.853148 0.697350 0.733124 0.847541 0.834994 0.732505 0.898280 0.869639 0.967742 0.740706 0.870709 0.882601 0.881416 0.941507 0.994502 0.994225 0.924749 0.812119 0.994593 0.814271 0.747919 0.993151 0.893656 0.985164 0.995879 0.903024 0.985827 0.813288 0.737784 0.907892 0.939184 0.873508 0.946116 0.993552 0.834999 0.726828 0.658334 0.729042 0.766809 0.863657 0.870427 0.782558 0.907417 0.761545 0.742145 0.952587 0.768283 0.882201 0.925299 0.972735 0.931209 0.986054 0.874101 0.932219 0.912264 0.796903 0.657075 0.976433 0.625601 0.956703 0.921040 0.906969 0.921470 0.884723 0.987320 0.906320 0.897911 0.950633 0.870212 0.877930 0.815748 0.916299 0.900978 0.818823 0.897362 0.974340 0.815633 0.697237 0.870515 0.845757 0.990320 0.893802 0.790376 0.886582 0.887760 0.954546 0.871429
0.980859 0.937924 0.824556 0.810684 0.971520 0.962885 0.832141 0.948582 0.977766 0.972990 0.911219 0.892657 0.992109 0.932797 0.919513 0.837056 0.920336 0.994482 0.995951 0.964614 0.916575 0.000000 0.919306 0.879453 0.957554 0.817107 0.757585 0.995667 0.973079 0.932204 0.719304 0.865726 0.759539 0.848660 0.823286 0.708054 0.728959 0.700297 0.881045 0.955914 0.967498 0.814302 0.863576 0.919525 0.872273 0.995165 0.911145 0.864037 0.864081 0.872534 0.905340 0.962788 0.902453 0.842413 0.905089 0.921397 0.970234 0.907970 0.940467 0.947487 0.939142 0.915098 0.923747 0.997631 0.971270 0.946620 0.783961 0.832892 0.930363 0.961666 0.790561 0.872965 0.896626 0.780668 0.946414 0.962756 0.866395 0.780636 0.929077 0.998649 0.929906 0.947076 0.939588 0.946180 0.929140 0.968436 0.957120 0.789546 0.986758 0.926295 0.682833 0.815820 0.742943 0.830007 0.955953 0.935624 0.929588 0.834563 0.818923 0.876915 0.805335 0.806484 0.640749 0.802506 0.835723 0.822069 0.992832 0.784504 0.998704 0.862285 0.849677 0.835939 0.955648 0.833669 0.917126 0.808174
0.489218 0.589422 0.842944 0.783741 0.668938 0.958094 0.609986 0.405995 0.999258 0.625953 0.731161 0.504487 0.482424 0.346733 0.535968 0.452512 0.656420 0.644190 0.377176 0.505198 0.766696 0.919306 0.000000 0.663540 0.938283 0.920245 0.953429 0.855642 0.571124 0.572920 0.670997 0.542792 0.583930 0.642215 0.976259 0.973420 0.902858 0.939536 0.987205 0.922607 0.937131 0.920837 0.774014 0.814318 0.703760 0.705603 0.597796 0.754721 0.603118 0.797680 0.730498 0.806107 0.856633 0.961427 0.772527 0.932107 0.609498 0.611833 0.779686 0.748875 0.727180 0.713213 0.564011 0.645487 0.991359 0.989940 0.981686 0.964228 0.639566 0.656264 0.795329 0.906759 0.699166 0.814511 0.828994 0.913050 0.855099 0.994086 0.814059 0.734924 0.590245 0.546803 0.582130 0.765022 0.563382 0.790434 0.932293 0.650701 0.882558 0.708938 0.949043 0.886068 0.910001 0.649322 0.933411 0.916120 0.888511 0.933700 0.799403 0.728880 0.979710 0.882133 0.978433 0.912046 0.873659 0.916976 0.899620 0.701371 0.942171 0.925963 0.868788 0.854830 0.701466 0.901004 0.925026 0.773166
0.893156 0.967698 0.761882 0.576876 0.747361 0.873635 0.965652 0.961290 0.723370 0.755874 0.783505 0.975665 0.936554 0.653012 0.850948 0.560055 0.871175 0.895345 0.939078 0.977599 0.660613 0.879453 0.663540 0.000000 0.536854 0.653155 0.667750 0.676857 0.789052 0.858754 0.953768 0.808481 0.974041 0.898146 0.804175 0.996933 0.917991 0.845943 0.569554 0.863442 0.830855 0.764301 0.839119 0.936991 0.998657 0.968340 0.765799 0.925922 0.974829 0.917603 0.970984 0.905461 0.916922 0.893792 0.827799 0.983420 0.883320 0.835760 0.700724 0.719123 0.824172 0.962062 0.722928 0.602237 0.612345 0.576670 0.921664 0.911271 0.918220 0.853272 0.914969 0.859475 0.976525 0.936387 0.973965 0.952675 0.984212 0.839035 0.933803 0.998139 0.883347 0.837953 0.715310 0.708283 0.549468 0.415005 0.850062 0.479540 0.998831 0.825557 0.852857 0.726997 0.926603 0.842464 0.947102 0.974972 0.938662 0.984755 0.704525 0.831710 0.803589 0.749440 0.573015 0.524863 0.944358 0.901034 0.746428 0.760772 0.948092 0.883802 0.912156 0.877870 0.838745 0.842964 0.810250 0.952113
0.683634 0.750867 0.615612 0.477919 0.986001 0.857566 0.971191 0.893015 0.697372 0.517428 0.701008 0.653990 0.726449 0.985433 0.875501 0.927211 0.790297 0.845649 0.860682 0.795581 0.636274 0.957554 0.938283 0.536854 0.000000 0.398324 0.727257 0.846276 0.612985 0.664929 0.922815 0.832007 0.998617 0.998484 0.595571 0.715907 0.937972 0.871476 0.546597 0.707251 0.890649 0.863061 0.787234 0.859621 0.929480 0.975306 0.731691 0.827755 0.758023 0.813013 0.966622 0.907969 0.979463 0.990251 0.773005 0.828660 0.763296 0.626826 0.611030 0.645299 0.752946 0.877219 0.656619 0.492080 0.406713 0.379646 0.660848 0.620722 0.779442 0.662625 0.998630 0.956409 0.970035 0.912663 0.949769 0.960130 0.923199 0.950827 0.878430 0.967732 0.879050 0.866102 0.882313 0.873609 0.634866 0.360357 0.914150 0.686159 0.907837 0.820185 0.982115 0.775742 0.864844 0.885258 0.946474 0.962656 0.956452 0.977657 0.664883 0.791834 0.956006 0.825715 0.682422 0.684751 0.915460 0.932910 0.800502 0.876136 0.865192 0.848594 0.915069 0.811775 0.869537 0.988764 0.976609 0.942594
0.654533 0.594415 0.466703 0.406263 0.865131 0.742448 0.741043 0.983386 0.832116 0.575831 0.784275 0.579512 0.763994 0.885018 0.767207 0.882945 0.659735 0.718214 0.748702 0.689242 0.625407 0.817107 0.920245 0.653155 0.398324 0.000000 0.820574 0.897563 0.643748 0.649969 0.741727 0.784166 0.874506 0.882668 0.526476 0.648879 0.990016 0.815759 0.554964 0.850326 0.987370 0.985142 0.824553 0.897050 0.951531 0.901302 0.814221 0.938954 0.632691 0.682788 0.920469 0.848202 0.936347 0.959557 0.866569 0.852577 0.645712 0.520734 0.771370 0.754885 0.982283 0.834706 0.766506 0.538764 0.390168 0.372741 0.434930 0.437978 0.794899 0.734419 0.856773 0.831073 0.851166 0.794882 0.944216 0.903305 0.993993 0.931395 0.945830 0.997210 0.826615 0.959765 0.940565 0.960150 0.776345 0.477151 0.995650 0.764258 0.976482 0.880848 0.749212 0.897584 0.662138 0.626042 0.866707 0.936213 0.771401 0.953822 0.829308 0.893223 0.940106 0.881061 0.900480 0.837485 0.822337 0.921641 0.792988 0.939004 0.820495 0.973802 0.981246 0.895032 0.895515 0.978424 0.965179 0.968379
0.943904 0.958799 0.976399 0.784565 0.750976 0.966558 0.884193 0.976761 0.841172 0.807689 0.888975 0.995473 0.926073 0.919095 0.893190 0.876387 0.985110 0.989044 0.945052 0.920633 0.798523 0.757585 0.953429 0.667750 0.727257 0.820574 0.000000 0.763427 0.885714 0.827189 0.814062 0.880825 0.870408 0.828178 0.987672 0.969087 0.838740 0.954313 0.792261 0.810847 0.969590 0.937390 0.989173 0.942248 0.995845 0.929080 0.952578 0.983104 0.836939 0.913751 0.987948 0.969254 0.914454 0.834127 0.912068 0.859139 0.990427 0.968702 0.847806 0.943237 0.812064 0.879170 0.790156 0.788608 0.748107 0.730529 0.959196 0.985242 0.941710 0.999682 0.836053 0.815768 0.839303 0.916223 0.994502 0.894443 0.966594 0.843160 0.975778 0.934846 0.973395 0.889118 0.820538 0.825675 0.732842 0.654076 0.835236 0.672679 0.939445 0.849393 0.908449 0.863262 0.968468 0.924518 0.878017 0.851412 0.907352 0.942440 0.784942 0.875640 0.965019 0.862115 0.627376 0.719152 0.903540 0.783429 0.846995 0.842196 0.804551 0.874231 0.932409 0.825020 0.917360 0.785320 0.922816 0.983616
0.956940 0.897549 0.977706 0.867817 0.886695 0.876289 0.920227 0.958416 0.849120 0.957650 0.907096 0.937009 0.975850 0.871075 0.930119 0.766494 0.997734 0.997674 0.928549 0.915826 0.938191 0.995667 0.855642 0.676857 0.846276 0.897563 0.763427 0.000000 0.941667 0.953445 0.945924 0.965174 0.986572 0.904162 0.962180 0.967588 0.992102 0.986735 0.714147 0.946283 0.908942 0.824239 0.977214 0.967082 0.934942 0.947311 0.850587 0.958209 0.846820 0.996349 0.999834 0.932070 0.892165 0.870105 0.996557 0.947245 0.989751 0.975044 0.925904 0.809406 0.859049 0.982632 0.901917 0.843575 0.954102 0.937551 0.988846 0.856882 0.975108 0.935055 0.890649 0.798638 0.980084 0.996469 0.806110 0.910914 0.891202 0.784824 0.974088 0.939973 0.983148 0.921284 0.821222 0.972066 0.843116 0.798711 0.937958 0.890186 0.971840 0.898551 0.894669 0.951235 0.905506 0.966735 0.737884 0.996752 0.980963 0.823476 0.871045 0.990870 0.996119 0.799452 0.754354 0.787427 0.881528 0.792397 0.875128 0.966883 0.958154 0.859933 0.920124 0.944967 0.963997 0.970883 0.961821 0.913329
0.396121 0.383575 0.790844 0.887104 0.793249 0.788983 0.827461 0.442558 0.907600 0.500108 0.577630 0.419500 0.618243 0.567101 0.601551 0.718924 0.370096 0.398078 0.413859 0.435827 0.831196 0.973079 0.571124 0.789052 0.612985 0.643748 0.885714 0.941667 0.000000 0.338727 0.755667 0.749183 0.631058 0.601696 0.844366 0.914725 0.683154 0.997749 0.765071 0.965699 0.823165 0.814227 0.804223 0.697461 0.633365 0.549454 0.736936 0.682322 0.478925 0.544619 0.600883 0.590525 0.729151 0.927858 0.789252 0.822333 0.417087 0.373093 0.603516 0.561213 0.777441 0.623177 0.427837 0.354959 0.682228 0.694785 0.843470 0.867535 0.539346 0.414342 0.850000 0.964988 0.770099 0.860916 0.866303 0.940584 0.712257 0.865394 0.652674 0.641103 0.399368 0.520128 0.653321 0.735940 0.823710 0.855081 0.961297 0.984689 0.787531 0.819997 0.920640 0.943545 0.793546 0.665047 0.896318 0.851073 0.979750 0.873124 0.634879 0.574501 0.977688 0.911995 0.690293 0.630796 0.873287 0.894543 0.898362 0.833790 0.867798 0.950072 0.822466 0.632736 0.544049 0.746596 0.864401 0.746474
0.509810 0.383325 0.753155 0.884404 0.887507 0.803358 0.892205 0.516964 0.974603 0.476062 0.643401 0.510383 0.711893 0.568788 0.570195 0.724730 0.360877 0.371072 0.421787 0.410312 0.853148 0.932204 0.572920 0.858754 0.664929 0.649969 0.827189 0.953445 0.338727 0.000000 0.716522 0.657411 0.638625 0.588789 0.734571 0.933845 0.790102 0.999351 0.823550 0.998021 0.928488 0.807768 0.732739 0.641405 0.587557 0.546194 0.709091 0.689219 0.464054 0.564083 0.547148 0.547051 0.662055 0.819597 0.865108 0.932732 0.462662 0.436503 0.807000 0.725058 0.909938 0.847303 0.483741 0.426608 0.603886 0.636666 0.733219 0.793707 0.638477 0.492778 0.860461 0.988961 0.757527 0.817582 0.807152 0.945013 0.748913 0.791946 0.512282 0.534761 0.399771 0.513966 0.602333 0.767114 0.889835 0.824811 0.912851 0.985439 0.899990 0.978094 0.841859 0.912814 0.699152 0.548492 0.928481 0.936481 0.967255 0.887652 0.718290 0.631396 0.991948 0.999538 0.731538 0.654619 0.970841 0.906197 0.876512 0.855881 0.868841 0.964198 0.873275 0.666038 0.530888 0.661224 0.926543 0.805773
0.899141 0.926643 0.608814 0.693078 0.948096 0.804815 0.383008 0.544806 0.980804 0.819675 0.893626 0.953713 0.826697 0.811007 0.858488 0.976552 0.870701 0.905257 0.739290 0.871313 0.697350 0.719304 0.670997 0.953768 0.922815 0.741727 0.814062 0.945924 0.755667 0.716522 0.000000 0.406608 0.411947 0.364811 0.719704 0.735567 0.915529 0.886844 0.906969 0.977015 0.965616 0.939026 0.587941 0.649950 0.595781 0.778329 0.684603 0.775514 0.989240 0.951135 0.699305 0.768478 0.753779 0.662485 0.857530 0.944257 0.977953 0.941270 0.838318 0.876668 0.678810 0.877540 0.565684 0.789258 0.961076 0.920228 0.661446 0.618053 0.962406 0.923387 0.529819 0.638307 0.461107 0.514080 0.924298 0.921406 0.817923 0.703026 0.722185 0.755051 0.764577 0.805933 0.905774 0.984982 0.944600 0.927889 0.795937 0.899493 0.937167 0.995752 0.678862 0.801868 0.843028 0.951162 0.816366 0.968063 0.818838 0.846808 0.627753 0.681514 0.803752 0.659452 0.650997 0.688459 0.784923 0.734749 0.866904 0.929590 0.873478 0.927830 0.784125 0.803986 0.720946 0.761468 0.858367 0.859093
0.830043 0.892905 0.602604 0.611190 0.969627 0.832348 0.476288 0.499439 0.932292 0.798426 0.883966 0.937952 0.786814 0.609110 0.780940 0.806887 0.805542 0.788059 0.636430 0.785525 0.733124 0.865726 0.542792 0.808481 0.832007 0.784166 0.880825 0.965174 0.749183 0.657411 0.406608 0.000000 0.475748 0.450805 0.777707 0.759210 0.815045 0.954145 0.927564 0.957938 0.936766 0.943730 0.580489 0.598076 0.602889 0.732521 0.509202 0.715652 0.937671 0.985847 0.678004 0.748868 0.712927 0.755490 0.727095 0.953005 0.886398 0.947601 0.954805 0.928152 0.753221 0.971841 0.589534 0.784941 0.872642 0.843746 0.742037 0.688509 0.944924 0.871002 0.635284 0.753301 0.544459 0.549437 0.951300 0.938288 0.869154 0.774233 0.681397 0.673473 0.612972 0.592866 0.741246 0.842518 0.744778 0.776118 0.859535 0.757360 0.944436 0.890258 0.837639 0.999896 0.946587 0.873942 0.917694 0.952856 0.824788 0.903453 0.796756 0.759673 0.897921 0.818579 0.769106 0.767343 0.809243 0.711754 0.787091 0.903036 0.949183 0.862747 0.852573 0.732885 0.675260 0.809671 0.821102 0.874484
0.633850 0.836258 0.619417 0.768405 0.934533 0.804568 0.386114 0.429792 0.915517 0.663933 0.651293 0.806919 0.653244 0.689701 0.776604 0.918418 0.726138 0.717141 0.535344 0.684332 0.847541 0.759539 0.583930 0.974041 0.998617 0.874506 0.870408 0.986572 0.631058 0.638625 0.411947 0.475748 0.000000 0.345110 0.752795 0.721360 0.755520 0.774653 0.885061 0.943680 0.947618 0.896904 0.641873 0.670756 0.531699 0.659790 0.532024 0.653491 0.818270 0.898400 0.639802 0.742506 0.755196 0.865687 0.714768 0.901461 0.768741 0.798842 0.619341 0.674446 0.553690 0.843568 0.400674 0.575937 0.904073 0.948307 0.617635 0.626631 0.710816 0.682776 0.621746 0.741109 0.548064 0.576626 0.826894 0.993277 0.760779 0.825568 0.769162 0.749182 0.607019 0.630719 0.874684 0.964745 0.744485 0.943968 0.897153 0.932174 0.715593 0.735873 0.699090 0.800601 0.820663 0.999692 0.926824 0.966494 0.757143 0.745010 0.538240 0.517002 0.759296 0.742826 0.598412 0.601563 0.627308 0.688249 0.953439 0.992526 0.922565 0.852620 0.716522 0.662195 0.624412 0.668734 0.834575 0.888329
0.729255 0.844058 0.712614 0.778793 0.956132 0.849396 0.431027 0.485887 0.884758 0.672431 0.784564 0.878946 0.743948 0.736802 0.761736 0.922393 0.730365 0.708539 0.552444 0.750558 0.834994 0.848660 0.642215 0.898146 0.998484 0.882668 0.828178 0.904162 0.601696 0.588789 0.364811 0.450805 0.345110 0.000000 0.853405 0.721823 0.747207 0.854283 0.990189 0.995675 0.949558 0.935081 0.589763 0.554920 0.527794 0.612689 0.561159 0.596786 0.818681 0.787235 0.550774 0.605147 0.686267 0.718902 0.750990 0.852868 0.805068 0.814957 0.681195 0.683840 0.651290 0.960329 0.451780 0.605440 0.985090 0.976102 0.717631 0.666996 0.815598 0.740863 0.659962 0.769938 0.598066 0.578778 0.894584 0.947577 0.816312 0.687768 0.661095 0.652281 0.611739 0.651734 0.819108 0.896950 0.833875 0.964105 0.804133 0.887588 0.838355 0.895980 0.800802 0.885649 0.977497 0.906996 0.814614 0.978718 0.902104 0.781000 0.578666 0.597961 0.838259 0.766919 0.587432 0.604309 0.731102 0.686208 0.895529 0.962367 0.954506 0.869795 0.822526 0.687435 0.544710 0.681717 0.814186 0.786738
0.927412 0.730627 0.563949 0.605407 0.976672 0.831122 0.667152 0.861418 0.915997 0.681000 0.904206 0.802430 0.948615 0.974281 0.894708 0.855430 0.857831 0.842681 0.980117 0.911903 0.732505 0.823286 0.976259 0.804175 0.595571 0.526476 0.987672 0.962180 0.844366 0.734571 0.719704 0.777707 0.752795 0.853405 0.000000 0.786282 0.837877 0.771006 0.794637 0.902231 0.982604 0.939851 0.782900 0.912795 0.884865 0.957203 0.762522 0.865176 0.693518 0.738083 0.956985 0.870532 0.940237 0.964077 0.799046 0.979661 0.899043 0.773748 0.960550 0.989958 0.839943 0.987737 0.992117 0.818999 0.565043 0.576189 0.414087 0.431949 0.989077 0.819763 0.745479 0.761541 0.774897 0.825499 0.860461 0.980670 0.880343 0.967503 0.870302 0.843535 0.922982 0.963400 0.913134 0.964559 0.826381 0.713738 0.909468 0.762068 0.874302 0.728033 0.543470 0.775324 0.569623 0.653242 0.853405 0.898969 0.706744 0.778474 0.853056 0.867623 0.736535 0.832660 0.878481 0.895350 0.628285 0.708367 0.951972 0.893845 0.923091 0.969581 0.853467 0.804891 0.954991 0.877455 0.952746 0.916142
0.956198 0.890758 0.665104 0.614026 0.881153 0.862748 0.712194 0.895472 0.880418 0.882224 0.968551 0.827180 0.928730 0.965883 0.951253 0.894429 0.890117 0.989741 0.973663 0.974929 0.898280 0.708054 0.973420 0.996933 0.715907 0.648879 0.969087 0.967588 0.914725 0.933845 0.735567 0.759210 0.721360 0.721823 0.786282 0.000000 0.827848 0.601221 0.796360 0.960728 0.918197 0.939662 0.809112 0.853101 0.812816 0.961325 0.798773 0.867957 0.871397 0.897474 0.943858 0.996720 0.867827 0.907931 0.927676 0.971493 0.915994 0.878441 0.986271 0.963092 0.927591 0.954654 0.950604 0.917712 0.692305 0.692395 0.593856 0.605919 0.961101 0.911215 0.799688 0.875633 0.853990 0.756307 0.993033 0.781227 0.853046 0.754646 0.976640 0.891912 0.964159 0.849686 0.992309 0.902104 0.913082 0.793790 0.867922 0.958741 0.988927 0.833113 0.792534 0.894177 0.695479 0.733704 0.943209 0.979254 0.902042 0.807766 0.861326 0.835826 0.978858 0.758123 0.875937 0.804311 0.765359 0.877831 0.756478 0.856425 0.809278 0.975406 0.984240 0.921013 0.809376 0.839281 0.903595 0.927927
0.718943 0.746065 0.922305 0.863800 0.996205 0.905563 0.878455 0.796387 0.849519 0.991003 0.765505 0.788864 0.801081 0.816485 0.843315 0.934897 0.803109 0.753602 0.754263 0.770437 0.869639 0.728959 0.902858 0.917991 0.937972 0.990016 0.838740 0.992102 0.683154 0.790102 0.915529 0.815045 0.755520 0.747207 0.837877 0.827848 0.000000 0.735015 0.982404 0.843538 0.827221 0.907921 0.869826 0.732604 0.828940 0.783117 0.730663 0.688632 0.888536 0.852569 0.798483 0.826664 0.869934 0.930086 0.703689 0.898991 0.751885 0.788813 0.769794 0.849239 0.841175 0.725242 0.779769 0.810860 0.867547 0.936200 0.854510 0.859316 0.639310 0.689264 0.942479 0.984584 0.959245 0.897996 0.993660 0.823030 0.887453 0.921765 0.915413 0.921734 0.795983 0.724228 0.954866 0.912561 0.759307 0.906756 0.881792 0.960807 0.719560 0.688091 0.956286 0.950994 0.975569 0.924033 0.904475 0.910786 0.974105 0.811801 0.746089 0.757991 0.990275 0.948896 0.688355 0.725460 0.870242 0.796705 0.935069 0.981510 0.878423 0.691881 0.746199 0.628780 0.813019 0.782381 0.732041 0.950562
0.839325 0.987184 0.778202 0.827672 0.993451 0.992608 0.869579 0.899578 0.970714 0.801612 0.861453 0.998490 0.999253 0.983316 0.965206 0.820566 0.977071 0.932138 0.893417 0.868556 0.967742 0.700297 0.939536 0.845943 0.871476 0.815759 0.954313 0.986735 0.997749 0.999351 0.886844 0.954145 0.774653 0.854283 0.771006 0.601221 0.735015 0.000000 0.843689 0.878018 0.828502 0.713506 0.915380 0.954116 0.952870 0.954237 0.905372 0.834312 0.860040 0.923995 0.996829 0.935223 0.995749 0.977765 0.884105 0.973809 0.888158 0.986780 0.928514 0.986616 0.888113 0.885683 0.898606 0.997579 0.791008 0.795888 0.713730 0.733586 0.717107 0.958080 0.780876 0.914501 0.760946 0.785883 0.962269 0.964538 0.944941 0.881075 0.885538 0.959380 0.908279 0.830846 0.903342 0.840114 0.898262 0.927354 0.956010 0.836743 0.889215 0.801331 0.831442 0.848031 0.760650 0.701321 0.985044 0.806031 0.857050 0.788263 0.884506 0.829630 0.770127 0.920331 0.800957 0.820715 0.876322 0.938734 0.963436 0.925999 0.968700 0.904307 0.899425 0.785930 0.843739 0.654401 0.910432 0.994605
