0.000000 0.365626 0.844730 0.732302 0.962164 0.775439 0.796649 0.542656 0.987013 0.644815 0.600906 0.358149 0.546663 0.519133 0.732018 0.664350 0.556990 0.455340 0.608269 0.520473 0.940718 0.972866 0.745970 0.772711 0.706752 0.722544 0.841767 0.871282 0.589552 0.562859 0.714458 0.628330 0.642143 0.650394 0.928762 0.990760 0.763199 0.986885 0.956136 0.947556 0.953243 0.945894 0.670381 0.612867 0.681531 0.612538 0.722316 0.738585 0.519476 0.487815 0.476835 0.535933 0.760324 0.757837 0.776275 0.829659 0.445300 0.401400 0.508911 0.429239 0.576690 0.557516 0.433623 0.361875 0.811541 0.978176 0.859526 0.717505 0.611221 0.553476 0.684255 0.616877 0.775684 0.851200 0.807538 0.961399 0.780557 0.790908 0.719330 0.694518 0.416442 0.473482 0.869091 0.979956 0.611080 0.569664 0.762475 0.905774 0.689364 0.563109 0.591886 0.732475 0.668853 0.865609 0.791111 0.929777 0.875836 0.894119 0.502740 0.559784 0.879752 0.719633 0.579750 0.775898 0.827708 0.941241 0.980179 0.973564 0.915530 0.898479 0.904068 0.707229 0.655348 0.847576 0.905876 0.951832
0.365626 0.000000 0.864678 0.736438 0.825963 0.937257 0.943574 0.661792 0.835340 0.788363 0.714163 0.541018 0.721370 0.709999 0.911886 0.917616 0.532798 0.506607 0.765869 0.605872 0.945363 0.937403 0.972684 0.914617 0.845502 0.737804 0.856088 0.992750 0.630495 0.652048 0.757209 0.759137 0.838686 0.676821 0.935535 0.939160 0.956003 0.877447 0.990288 0.951915 0.859797 0.855266 0.630212 0.622879 0.741871 0.633406 0.712463 0.797160 0.542618 0.448670 0.500358 0.474426 0.720256 0.704332 0.801791 0.800063 0.329751 0.353487 0.499926 0.396937 0.784481 0.739570 0.583957 0.508623 0.757208 0.915421 0.877932 0.738074 0.558400 0.506746 0.801445 0.649408 0.827071 0.906530 0.834911 0.961764 0.812509 0.845748 0.678968 0.700735 0.508092 0.630746 0.937039 0.982886 0.888983 0.802170 0.799821 0.876736 0.824522 0.663606 0.730646 0.765747 0.759716 0.856787 0.906825 0.933847 0.791448 0.797526 0.631515 0.596401 0.940165 0.795752 0.694971 0.769421 0.895010 0.992534 0.898381 0.935718 0.997163 0.842607 0.963334 0.744045 0.670464 0.801481 0.974770 0.958086
0.844730 0.864678 0.000000 0.805678 0.994632 0.978073 0.642520 0.859804 0.755130 0.969081 0.926820 0.846409 0.905475 0.859778 0.979293 0.904309 0.932338 0.926006 0.916215 0.993554 0.986443 0.841477 0.986699 0.998782 0.566581 0.608996 0.983378 0.901164 0.907382 0.984617 0.795459 0.940138 0.967562 0.880376 0.779987 0.933620 0.934716 0.986419 0.743619 0.918483 0.858040 0.887323 0.875249 0.954206 0.784420 0.771544 0.858997 0.867960 0.681390 0.667763 0.683027 0.629538 0.785024 0.802586 0.985390 0.950872 0.985562 0.913294 0.986638 0.830505 0.887206 0.898389 0.952712 0.873381 0.605107 0.675651 0.726861 0.900479 0.974508 0.929025 0.944571 0.978409 0.842039 0.783151 0.933397 0.975381 0.837207 0.825879 0.942422 0.822123 0.880274 0.951789 0.897417 0.761409 0.968401 0.975689 0.838829 0.946608 0.678976 0.822962 0.971871 0.903690 0.981627 0.980511 0.869559 0.980145 0.844542 0.980274 0.906307 0.975736 0.850721 0.942664 0.965878 0.908644 0.897831 0.994860 0.841421 0.933119 0.991181 0.801015 0.947758 0.886886 0.962345 0.965314 0.916808 0.935155
0.732302 0.736438 0.805678 0.000000 0.831040 0.617375 0.696686 0.533255 0.672022 0.652945 0.903346 0.803568 0.832069 0.773912 0.758716 0.694469 0.710662 0.835080 0.608830 0.753384 0.917845 0.930778 0.644463 0.731696 0.845014 0.922132 0.993583 0.947171 0.765196 0.801033 0.635800 0.817924 0.733890 0.746546 0.864615 0.839854 0.944428 0.843228 0.857658 0.923567 0.902000 0.923645 0.910892 0.809058 0.836007 0.903008 0.926891 0.956734 0.908204 0.848662 0.747747 0.735641 0.707489 0.651950 0.819837 0.864645 0.681171 0.606715 0.743453 0.652805 0.715934 0.707404 0.689536 0.707354 0.945538 0.708115 0.619222 0.727083 0.733845 0.772186 0.646509 0.608358 0.656261 0.690454 0.953222 0.937796 0.728619 0.803403 0.942099 0.880279 0.853765 0.839918 0.921326 0.825982 0.792049 0.722412 0.817115 0.910417 0.941852 0.764394 0.492629 0.580881 0.500483 0.554332 0.863894 0.858039 0.731088 0.824045 0.573401 0.607839 0.670292 0.648733 0.681598 0.780723 0.724418 0.940735 0.949308 0.978450 0.963929 0.857114 0.823284 0.774447 0.813676 0.950200 0.726017 0.910284
0.962164 0.825963 0.994632 0.831040 0.000000 0.645469 0.742012 0.717928 0.498981 0.668068 0.982853 0.899927 0.709016 0.784772 0.661664 0.698141 0.934938 0.856258 0.678076 0.839569 0.942168 0.921107 0.594376 0.780124 0.813678 0.906857 0.865482 0.816951 0.862699 0.873018 0.888531 0.895200 0.833247 0.986916 0.898320 0.993547 0.923796 0.959007 0.883790 0.866646 0.879433 0.841878 0.858131 0.892553 0.915470 0.997297 0.833735 0.874634 0.937853 0.869046 0.924353 0.989910 0.827926 0.835926 0.992932 0.957856 0.818336 0.969666 0.960878 0.964651 0.733543 0.613337 0.875421 0.859310 0.963552 0.854532 0.898464 0.951062 0.963431 0.958393 0.659092 0.972457 0.945332 0.886860 0.955805 0.994869 0.792721 0.842312 0.795224 0.982213 0.963052 0.955845 0.856355 0.837069 0.715472 0.856241 0.936077 0.835090 0.856947 0.874915 0.622420 0.608790 0.676374 0.753374 0.957708 0.889639 0.826960 0.871008 0.818198 0.810455 0.735261 0.718486 0.986533 0.848917 0.940644 0.912531 0.746120 0.961020 0.877663 0.852205 0.869604 0.843749 0.960945 0.966816 0.922935 0.886169
0.775439 0.937257 0.978073 0.617375 0.645469 0.000000 0.588829 0.545347 0.654383 0.573720 0.865423 0.776703 0.783681 0.806497 0.704720 0.631676 0.733571 0.814352 0.591183 0.764984 0.845866 0.998278 0.560781 0.634708 0.908955 0.969770 0.945142 0.865445 0.718773 0.776456 0.668516 0.818812 0.659535 0.705632 0.818530 0.973206 0.820111 0.922104 0.895101 0.912458 0.981735 0.945997 0.812846 0.722297 0.550607 0.663400 0.883592 0.769803 0.697395 0.689981 0.594098 0.711581 0.641181 0.595556 0.827877 0.703837 0.961053 0.864834 0.723005 0.725771 0.569914 0.647712 0.675403 0.631808 0.927885 0.845183 0.578903 0.667672 0.992658 0.887127 0.764341 0.790429 0.852134 0.936220 0.929485 0.892627 0.714027 0.797924 0.963341 0.720842 0.704103 0.700922 0.960660 0.959518 0.618715 0.624182 0.980740 0.974776 0.900390 0.844827 0.455109 0.620454 0.483767 0.864436 0.835743 0.948752 0.833214 0.891814 0.534108 0.637738 0.710292 0.704691 0.629282 0.844349 0.839405 0.941717 0.905116 0.932502 0.891560 0.988978 0.940586 0.658341 0.733584 0.931301 0.713012 0.889674
0.796649 0.943574 0.642520 0.696686 0.742012 0.588829 0.000000 0.349946 0.578315 0.370282 0.654433 0.723683 0.632193 0.778417 0.660117 0.861541 0.624228 0.712032 0.422916 0.661707 0.942027 0.966892 0.810294 0.933755 0.818480 0.995103 0.746381 0.899826 0.450338 0.621280 0.547116 0.601304 0.601061 0.522816 0.870934 0.931631 0.846180 0.868925 0.991881 0.992435 0.819094 0.894386 0.681426 0.606966 0.666449 0.652908 0.640516 0.731551 0.819607 0.941658 0.805941 0.935065 0.999414 0.961535 0.840740 0.816032 0.929945 0.972004 0.656422 0.821253 0.311080 0.524158 0.433491 0.563800 0.947440 0.672833 0.677107 0.627971 0.982201 0.937227 0.793518 0.903964 0.776758 0.849153 0.991221 0.998772 0.601843 0.951575 0.776330 0.822622 0.624807 0.563257 0.935950 0.901208 0.687610 0.841791 0.910101 0.870949 0.886511 0.966084 0.572394 0.798666 0.654423 0.986416 0.831239 0.919035 0.811973 0.755842 0.588468 0.658606 0.575907 0.783215 0.647550 0.760999 0.743009 0.978992 0.934846 0.927482 0.836928 0.813623 0.796179 0.821840 0.731621 0.952630 0.878997 0.985500
0.542656 0.661792 0.859804 0.533255 0.717928 0.545347 0.349946 0.000000 0.580883 0.295546 0.546094 0.476728 0.457935 0.502801 0.502970 0.673547 0.570908 0.559924 0.344999 0.457058 0.966745 0.978431 0.650507 0.881706 0.718805 0.844901 0.704439 0.891348 0.392574 0.498555 0.465438 0.550781 0.506453 0.511304 0.966076 0.956048 0.784198 0.958025 0.803487 0.944841 0.931615 0.888835 0.711881 0.616233 0.612708 0.592553 0.743037 0.784923 0.647373 0.767114 0.621121 0.803962 0.842951 0.854689 0.819942 0.819849 0.723763 0.656404 0.605625 0.616774 0.317816 0.338187 0.356125 0.385058 0.752275 0.846428 0.762802 0.658815 0.859554 0.742289 0.557971 0.624380 0.675548 0.719658 0.997211 0.964469 0.596193 0.891386 0.770826 0.672825 0.519770 0.502021 0.944964 0.853082 0.621782 0.750216 0.806598 0.852030 0.911154 0.805114 0.423006 0.570771 0.496262 0.755091 0.804057 0.865083 0.706949 0.813708 0.394657 0.474218 0.505430 0.641476 0.552504 0.611771 0.752688 0.935638 0.968147 0.976552 0.909536 0.863605 0.798749 0.700506 0.686981 0.904975 0.853532 0.988753
0.987013 0.835340 0.755130 0.672022 0.498981 0.654383 0.578315 0.580883 0.000000 0.540348 0.962319 0.891026 0.693101 0.769974 0.700697 0.678252 0.976151 0.911725 0.618778 0.855495 0.999265 0.909566 0.622087 0.837661 0.987007 0.991132 0.937270 0.936792 0.822505 0.873955 0.673070 0.912113 0.861737 0.911029 0.950574 0.988149 0.853784 0.961871 0.829354 0.885752 0.834911 0.978655 0.902568 0.938129 0.944064 0.968121 0.871441 0.881950 0.929057 0.777700 0.996438 0.869717 0.930542 0.978214 0.885183 0.990694 0.879277 0.999600 0.993429 0.958777 0.659127 0.551504 0.855517 0.863292 0.976955 0.785109 0.912654 0.979570 0.980708 0.983785 0.619159 0.841806 0.738046 0.741865 0.894270 0.921264 0.812481 0.874358 0.764493 0.910424 0.945179 0.998876 0.988258 0.716434 0.746801 0.934745 0.837254 0.967859 0.974031 0.985719 0.582086 0.621479 0.693877 0.657237 0.997476 0.869966 0.866154 0.873514 0.734848 0.779592 0.731405 0.755403 0.864909 0.841750 0.838869 0.873474 0.993358 0.845845 0.963059 0.874767 0.845851 0.878752 0.902979 0.958420 0.764531 0.985973
0.644815 0.788363 0.969081 0.652945 0.668068 0.573720 0.370282 0.295546 0.540348 0.000000 0.610504 0.540645 0.473483 0.576137 0.523882 0.731635 0.642511 0.596099 0.383591 0.539646 0.974474 0.946357 0.708351 0.965225 0.635911 0.827092 0.695723 0.984552 0.415508 0.519698 0.489759 0.603529 0.524889 0.524066 0.967097 0.946276 0.761725 0.956262 0.773306 0.924265 0.898895 0.996056 0.644623 0.612976 0.538709 0.525296 0.749095 0.737563 0.602723 0.787493 0.625867 0.845832 0.839627 0.893554 0.791115 0.840430 0.846191 0.778327 0.677859 0.700436 0.339842 0.339051 0.427961 0.437299 0.666852 0.922297 0.835972 0.729487 0.925446 0.778560 0.566255 0.685447 0.802072 0.827787 0.927855 0.905702 0.629682 0.878242 0.826567 0.802094 0.560877 0.634919 0.966758 0.884942 0.705290 0.869686 0.849434 0.797151 0.938936 0.926893 0.461131 0.595537 0.538942 0.836563 0.882706 0.846931 0.841752 0.786208 0.439390 0.518991 0.554799 0.704284 0.573301 0.707626 0.859169 0.929710 0.938076 0.959291 0.887228 0.844979 0.819638 0.700131 0.759572 0.936689 0.854173 0.949802
0.600906 0.714163 0.926820 0.903346 0.982853 0.865423 0.654433 0.546094 0.962319 0.610504 0.000000 0.473550 0.459636 0.535480 0.640492 0.850487 0.621756 0.485941 0.539134 0.553764 0.932866 0.979306 0.961583 0.933857 0.583795 0.749637 0.576844 0.838176 0.500776 0.501198 0.752961 0.640043 0.590770 0.516426 0.879634 0.745874 0.930798 0.837462 0.947901 0.855471 0.951456 0.957455 0.703284 0.554268 0.688885 0.599385 0.727500 0.774675 0.725187 0.850301 0.776663 0.949103 0.896835 0.958437 0.931456 0.880486 0.838668 0.830641 0.730639 0.795683 0.453539 0.561242 0.435230 0.501653 0.673003 0.929812 0.979383 0.771158 0.880098 0.875371 0.796715 0.816985 0.887676 0.947237 0.962981 0.815218 0.796362 0.893478 0.720887 0.648361 0.501080 0.516698 0.893454 0.838837 0.857871 0.878008 0.908766 0.880578 0.910815 0.901822 0.774739 0.959549 0.834512 0.900934 0.885928 0.965578 0.866144 0.876846 0.636813 0.798150 0.636508 0.860038 0.671748 0.744548 0.941237 0.920470 0.877266 0.856318 0.788124 0.943667 0.871313 0.874073 0.756171 0.969940 0.975133 0.847249
0.358149 0.541018 0.846409 0.803568 0.899927 0.776703 0.723683 0.476728 0.891026 0.540645 0.473550 0.000000 0.380930 0.344932 0.499787 0.548475 0.620449 0.399277 0.453184 0.411377 0.984600 0.928082 0.673354 0.764100 0.554783 0.667604 0.761623 0.848202 0.469150 0.403184 0.652872 0.532189 0.514605 0.563818 0.950996 0.814075 0.790056 0.989824 0.898654 0.990947 0.952668 0.976845 0.753779 0.637671 0.626226 0.547075 0.821659 0.808096 0.559632 0.646957 0.613468 0.704897 0.890612 0.924684 0.822225 0.918494 0.661142 0.590114 0.704388 0.676485 0.493692 0.430607 0.438851 0.341021 0.695539 0.940218 0.951131 0.800764 0.739897 0.626939 0.638633 0.572372 0.789312 0.728356 0.954116 0.895235 0.755365 0.896260 0.698721 0.591507 0.410703 0.433268 0.781954 0.877273 0.599163 0.586930 0.928099 0.985689 0.676061 0.654983 0.678123 0.791737 0.748513 0.908041 0.858558 0.973208 0.891411 0.995927 0.514323 0.603131 0.789879 0.725921 0.556245 0.623024 0.910756 0.980240 0.964363 0.932537 0.891829 0.945524 0.894890 0.664819 0.767120 0.903459 0.965378 0.942108
0.546663 0.721370 0.905475 0.832069 0.709016 0.783681 0.632193 0.457935 0.693101 0.473483 0.459636 0.380930 0.000000 0.312655 0.366475 0.551817 0.725399 0.590011 0.423661 0.471306 0.982605 0.962870 0.623587 0.842327 0.533529 0.681990 0.788061 0.874856 0.427549 0.391868 0.564719 0.502097 0.503683 0.592150 0.882321 0.804497 0.900331 0.903344 0.832368 0.878539 0.989861 0.952824 0.829060 0.690253 0.666047 0.595165 0.871581 0.916665 0.703590 0.846408 0.784002 0.876568 0.983330 0.987352 0.941098 0.905059 0.871904 0.741806 0.847419 0.837247 0.399519 0.393257 0.458950 0.415997 0.640917 0.949124 0.958473 0.844146 0.921027 0.709254 0.523230 0.593509 0.709823 0.722031 0.985897 0.901681 0.740696 0.814070 0.836090 0.693534 0.554588 0.598495 0.787609 0.969383 0.725834 0.824626 0.896213 0.925847 0.842192 0.768149 0.674144 0.751207 0.775560 0.880798 0.830950 0.941938 0.761179 0.860453 0.549263 0.648434 0.683268 0.730606 0.611945 0.588018 0.986434 0.919035 0.942838 0.956630 0.833855 0.943557 0.845223 0.754586 0.790221 0.865636 0.912439 0.828742
0.519133 0.709999 0.859778 0.773912 0.784772 0.806497 0.778417 0.502801 0.769974 0.576137 0.535480 0.344932 0.312655 0.000000 0.359846 0.433736 0.738789 0.551506 0.480115 0.390691 0.878280 0.895857 0.549387 0.675002 0.591620 0.750064 0.769206 0.881284 0.527148 0.466987 0.600331 0.533721 0.559292 0.669905 0.927749 0.825767 0.809582 0.923897 0.773244 0.993056 0.975991 0.954303 0.975932 0.816175 0.749676 0.686677 0.931145 0.993292 0.721975 0.840245 0.780790 0.838238 0.989428 0.947697 0.943962 0.985478 0.877944 0.656345 0.934098 0.826915 0.535141 0.400743 0.522733 0.428713 0.679767 0.947697 0.998031 0.905550 0.926243 0.750216 0.530951 0.504933 0.662783 0.618515 0.902872 0.942622 0.784780 0.939433 0.794487 0.688812 0.590655 0.577412 0.786020 0.956417 0.657449 0.701535 0.891453 0.990797 0.758332 0.660517 0.673480 0.708846 0.719436 0.757792 0.785536 0.889662 0.853708 0.935776 0.548760 0.659783 0.716826 0.692364 0.652644 0.595610 0.884630 0.917948 0.900040 0.995338 0.875214 0.928172 0.895289 0.780349 0.777225 0.921902 0.902698 0.949254
0.732018 0.911886 0.979293 0.758716 0.661664 0.704720 0.660117 0.502970 0.700697 0.523882 0.640492 0.499787 0.366475 0.359846 0.000000 0.413787 0.811757 0.646821 0.465744 0.539084 0.926304 0.995994 0.437351 0.660960 0.594933 0.802942 0.797339 0.897329 0.503348 0.470087 0.586694 0.572191 0.497261 0.680504 0.931895 0.942697 0.873672 0.948291 0.772489 0.918712 0.985137 0.988570 0.954475 0.823891 0.641372 0.649181 0.928823 0.969641 0.757614 0.882757 0.839330 0.870958 0.918513 0.871882 0.946971 0.982382 0.921125 0.845980 0.976246 0.961296 0.503929 0.481737 0.582725 0.540646 0.769544 0.972243 0.866708 0.870426 0.928697 0.713197 0.503748 0.519267 0.695679 0.658152 0.786440 0.914348 0.694886 0.959061 0.872020 0.761390 0.673730 0.715062 0.676812 0.968553 0.661372 0.718734 0.986635 0.994476 0.812796 0.777464 0.644978 0.668189 0.652076 0.731754 0.771013 0.990199 0.898364 0.939411 0.514788 0.619111 0.637301 0.671158 0.611001 0.556299 0.869436 0.870724 0.933190 0.920463 0.988892 0.991994 0.850504 0.704187 0.892766 0.868111 0.857563 0.915113
0.664350 0.917616 0.904309 0.694469 0.698141 0.631676 0.861541 0.673547 0.678252 0.731635 0.850487 0.548475 0.551817 0.433736 0.413787 0.000000 0.916624 0.799945 0.590786 0.629386 0.967097 0.859671 0.285772 0.406911 0.792995 0.819363 0.951397 0.861823 0.747815 0.602797 0.724147 0.664518 0.671198 0.859740 0.874063 0.976213 0.853854 0.987294 0.775656 0.949703 0.842976 0.883924 0.900541 0.934503 0.705897 0.801264 0.932852 0.991680 0.777445 0.787548 0.783499 0.742203 0.735103 0.761643 0.876134 0.977436 0.967675 0.777855 0.996763 0.884218 0.675556 0.602265 0.749206 0.627056 0.988028 0.963426 0.784721 0.921370 0.954454 0.789817 0.546878 0.611692 0.712092 0.741920 0.774398 0.997108 0.824319 0.942494 0.997780 0.798372 0.790953 0.743346 0.633125 0.976175 0.454758 0.490996 0.968196 0.742441 0.622537 0.567016 0.640529 0.640715 0.628896 0.676716 0.753583 0.939641 0.959955 0.959119 0.580284 0.651325 0.858125 0.662590 0.642342 0.772022 0.807338 0.885426 0.885433 0.929792 0.990316 0.895169 0.866148 0.686010 0.890386 0.951676 0.755223 0.974499
0.556990 0.532798 0.932338 0.710662 0.934938 0.733571 0.624228 0.570908 0.976151 0.642511 0.621756 0.620449 0.725399 0.738789 0.811757 0.916624 0.000000 0.426772 0.631836 0.635802 0.961327 0.959377 0.909284 0.978480 0.819418 0.836715 0.780966 0.871712 0.438974 0.553730 0.646971 0.676363 0.661086 0.460291 0.898790 0.967054 0.871983 0.992329 0.982633 0.988771 0.989689 0.802914 0.574485 0.472711 0.578470 0.529168 0.483296 0.632170 0.583446 0.592775 0.636049 0.724517 0.832612 0.802308 0.660568 0.622952 0.605064 0.675568 0.540926 0.571727 0.565876 0.709122 0.438939 0.466784 0.824717 0.892884 0.669578 0.587053 0.802837 0.697501 0.850986 0.808164 0.910722 0.997220 0.921554 0.951044 0.572054 0.844428 0.663348 0.727328 0.463144 0.526548 0.961822 0.877516 0.818893 0.770292 0.997137 0.852081 0.993932 0.824747 0.651291 0.862682 0.698746 0.994669 0.891313 0.838495 0.802020 0.850707 0.587795 0.592849 0.738603 0.737821 0.691589 0.776926 0.881601 0.888003 0.939176 0.997372 0.851346 0.784119 0.884772 0.732234 0.614658 0.853164 0.949061 0.845554
0.455340 0.506607 0.926006 0.835080 0.856258 0.814352 0.712032 0.559924 0.911725 0.596099 0.485941 0.399277 0.590011 0.551506 0.646821 0.799945 0.426772 0.000000 0.576442 0.478120 0.960626 0.924035 0.892791 0.944260 0.668246 0.800819 0.642603 0.927589 0.418775 0.401210 0.620398 0.573436 0.562274 0.503221 0.946104 0.940196 0.845944 0.958657 0.983306 0.984079 0.920991 0.890550 0.522715 0.467875 0.553764 0.428782 0.594559 0.619719 0.467064 0.534517 0.548940 0.653091 0.864807 0.808929 0.776326 0.751967 0.613163 0.587870 0.606307 0.599641 0.569083 0.595077 0.428518 0.371447 0.675235 0.951325 0.786851 0.645538 0.764190 0.585997 0.796435 0.691357 0.837557 0.859684 0.948911 0.953337 0.711661 0.889974 0.536210 0.533155 0.326177 0.472111 0.924550 0.817224 0.811985 0.724825 0.948090 0.829056 0.894518 0.807313 0.740513 0.898672 0.745777 0.978225 0.781240 0.939879 0.892350 0.908341 0.538203 0.567223 0.779789 0.784081 0.543676 0.708713 0.862868 0.969634 0.957029 0.914514 0.919105 0.847267 0.847098 0.774314 0.735440 0.838524 0.978965 0.922929
0.608269 0.765869 0.916215 0.608830 0.678076 0.591183 0.422916 0.344999 0.618778 0.383591 0.539134 0.453184 0.423661 0.480115 0.465744 0.590786 0.631836 0.576442 0.000000 0.460479 0.916254 0.986462 0.636595 0.868531 0.663339 0.888670 0.713506 0.918880 0.398906 0.458210 0.507389 0.561438 0.556126 0.471369 0.998872 0.934841 0.798017 0.924245 0.902662 0.934558 0.949254 0.982157 0.707085 0.546304 0.577353 0.567363 0.763745 0.763546 0.700388 0.782653 0.666373 0.801246 0.857931 0.835140 0.807351 0.870808 0.830328 0.770515 0.698974 0.717955 0.356114 0.395188 0.387527 0.411462 0.751447 0.832807 0.729611 0.697828 0.902739 0.797064 0.573414 0.603548 0.651468 0.666381 0.995409 0.936564 0.609851 0.834229 0.816524 0.729349 0.557716 0.555545 0.893665 0.926366 0.649129 0.744481 0.865678 0.938421 0.907895 0.822451 0.466993 0.639644 0.570849 0.816298 0.832073 0.946904 0.760676 0.883959 0.411055 0.556233 0.571536 0.611824 0.533338 0.652878 0.740380 0.938163 0.963233 0.968738 0.850838 0.835943 0.778025 0.635166 0.723386 0.834901 0.828870 0.972907
0.520473 0.605872 0.993554 0.753384 0.839569 0.764984 0.661707 0.457058 0.855495 0.539646 0.553764 0.411377 0.471306 0.390691 0.539084 0.629386 0.635802 0.478120 0.460479 0.000000 0.953416 0.862257 0.737290 0.783199 0.719670 0.915523 0.751467 0.938951 0.483449 0.507116 0.610202 0.578753 0.559858 0.595665 0.996951 0.932033 0.914167 0.955775 0.895900 0.883858 0.985349 0.925542 0.826649 0.690780 0.709224 0.629799 0.802492 0.801729 0.670164 0.768630 0.685717 0.789623 0.953641 0.888336 0.926409 0.897469 0.729825 0.583022 0.700935 0.679470 0.509610 0.451765 0.432399 0.382159 0.694803 0.895019 0.834424 0.712358 0.742588 0.710477 0.660831 0.616103 0.745476 0.704520 0.993030 0.878956 0.695065 0.938840 0.671230 0.624733 0.501005 0.466862 0.829688 0.999730 0.679090 0.718985 0.830310 0.953200 0.802274 0.805283 0.625842 0.730111 0.674228 0.859241 0.767148 0.874714 0.820975 0.874512 0.527702 0.629073 0.726385 0.744022 0.636588 0.621687 0.782437 0.870527 0.973186 0.984535 0.848089 0.883021 0.962753 0.739273 0.754385 0.882634 0.995974 0.956671
0.940718 0.945363 0.986443 0.917845 0.942168 0.845866 0.942027 0.966745 0.999265 0.974474 0.932866 0.984600 0.982605 0.878280 0.926304 0.967097 0.961327 0.960626 0.916254 0.953416 0.000000 0.991185 0.994744 0.999442 0.988990 0.842638 0.805197 0.987768 0.968766 0.987912 0.874889 0.934597 0.930734 0.925384 0.889630 0.979463 0.991416 0.811988 0.762335 0.857565 0.981191 0.958668 0.855924 0.812391 0.852799 0.871628 0.940008 0.793334 0.891963 0.898888 0.873421 0.874932 0.822829 0.894339 0.943307 0.815908 0.963194 0.991977 0.914953 0.868407 0.958423 0.973097 0.977593 0.964953 0.945868 0.897707 0.983097 0.915983 0.997287 0.935443 0.882734 0.965494 0.899346 0.854174 0.899082 0.995583 0.932299 0.924975 0.923751 0.995285 0.982404 0.958439 0.900259 0.831068 0.928469 0.935169 0.897290 0.876879 0.932322 0.955087 0.914343 0.972226 0.984274 0.888072 0.859450 0.974618 0.982672 0.960974 0.994990 0.984915 0.920012 0.982760 0.919436 0.818707 0.942159 0.889439 0.883495 0.959294 0.805882 0.975937 0.948407 0.833800 0.966532 0.864319 0.930996 0.920054
0.972866 0.937403 0.841477 0.930778 0.921107 0.998278 0.966892 0.978431 0.909566 0.946357 0.979306 0.928082 0.962870 0.895857 0.995994 0.859671 0.959377 0.924035 0.986462 0.862257 0.991185 0.000000 0.930085 0.892996 0.805291 0.976400 0.912578 0.934480 0.913786 0.883399 0.997505 0.954587 0.957648 0.943370 0.902546 0.902592 0.964170 0.962633 0.970228 0.870384 0.887724 0.802240 0.977632 0.988783 0.918333 0.907726 0.920985 0.844822 0.976030 0.933019 0.893262 0.876770 0.877012 0.965240 0.818013 0.967141 0.921160 0.956789 0.991954 0.974482 0.999704 0.918950 0.949597 0.906242 0.910161 0.981900 0.946777 0.954816 0.997416 0.923433 0.901869 0.832753 0.931881 0.981467 0.937050 0.991444 0.923390 0.968844 0.857111 0.842975 0.853282 0.913692 0.925963 0.920301 0.827206 0.892858 0.925924 0.851496 0.848792 0.943053 0.980763 0.993617 0.998138 0.993900 0.875990 0.801381 0.990656 0.996469 0.963738 0.953369 0.944520 0.897010 0.956930 0.983406 0.936225 0.986214 0.843032 0.943761 0.937762 0.902216 0.834792 0.936579 0.922169 0.871842 0.766518 0.913314
0.745970 0.972684 0.986699 0.644463 0.594376 0.560781 0.810294 0.650507 0.622087 0.708351 0.961583 0.673354 0.623587 0.549387 0.437351 0.285772 0.909284 0.892791 0.636595 0.737290 0.994744 0.930085 0.000000 0.422659 0.882032 0.875301 0.856914 0.828780 0.763679 0.666905 0.672178 0.692776 0.660872 0.914400 0.842694 0.915494 0.835399 0.962856 0.764467 0.969111 0.930629 0.968536 0.871124 0.982285 0.734200 0.842604 0.926123 0.969189 0.831300 0.817561 0.814466 0.762485 0.684302 0.725456 0.910566 0.975520 0.976367 0.783476 0.994646 0.901011 0.690703 0.657633 0.786954 0.689123 0.910623 0.922911 0.683579 0.876932 0.964426 0.760712 0.505035 0.646419 0.704838 0.774542 0.869419 0.970378 0.746547 0.948201 0.916956 0.855834 0.874921 0.836846 0.670798 0.899586 0.455040 0.496391 0.976975 0.745247 0.693915 0.549213 0.608349 0.575132 0.586876 0.612679 0.796141 0.931701 0.898563 0.987122 0.621366 0.643124 0.772360 0.643586 0.679420 0.788033 0.766971 0.838025 0.857306 0.989879 0.963609 0.889161 0.826622 0.703582 0.964994 0.949648 0.802857 0.989620
0.772711 0.914617 0.998782 0.731696 0.780124 0.634708 0.933755 0.881706 0.837661 0.965225 0.933857 0.764100 0.842327 0.675002 0.660960 0.406911 0.978480 0.944260 0.868531 0.783199 0.999442 0.892996 0.422659 0.000000 0.962216 0.987909 0.777177 0.900644 0.971458 0.861080 0.886051 0.927085 0.827140 0.939037 0.833999 0.846984 0.985715 0.888511 0.961725 0.983501 0.818718 0.983202 0.739635 0.879293 0.894803 0.995557 0.863684 0.895055 0.947879 0.845227 0.855805 0.755674 0.732805 0.665200 0.925927 0.948990 0.988473 0.774852 0.972556 0.929310 0.964933 0.913509 0.961378 0.837285 0.878762 0.941827 0.689968 0.910280 0.957470 0.776731 0.754714 0.710760 0.849579 0.753645 0.753348 0.933653 0.857645 0.948871 0.996764 0.872537 0.916534 0.846763 0.762901 0.938106 0.604099 0.482416 0.965999 0.700766 0.698619 0.659617 0.740415 0.768995 0.686230 0.702638 0.826862 0.918319 0.919071 0.920254 0.719223 0.783383 0.959266 0.707808 0.768594 0.771160 0.773784 0.794172 0.822687 0.867016 0.991188 0.850420 0.959723 0.705140 0.925902 0.852872 0.858772 0.922128
0.706752 0.845502 0.566581 0.845014 0.813678 0.908955 0.818480 0.718805 0.987007 0.635911 0.583795 0.554783 0.533529 0.591620 0.594933 0.792995 0.819418 0.668246 0.663339 0.719670 0.988990 0.805291 0.882032 0.962216 0.000000 0.512702 0.775410 0.984563 0.600176 0.629974 0.876186 0.668959 0.637821 0.754315 0.854798 0.872513 0.836973 0.917900 0.844447 0.953757 0.956163 0.919470 0.708331 0.671328 0.545546 0.495084 0.841281 0.782279 0.580339 0.710745 0.674417 0.773579 0.902610 0.966527 0.892858 0.999094 0.996062 0.979256 0.904277 0.857636 0.611130 0.544419 0.626614 0.549597 0.492905 0.798969 0.879297 0.938608 0.903710 0.798012 0.778372 0.842867 0.996511 0.989352 0.957583 0.972644 0.788737 0.962387 0.791214 0.663464 0.544132 0.713382 0.798065 0.851288 0.824195 0.907070 0.953964 0.940819 0.734569 0.811417 0.804509 0.880353 0.864954 0.886613 0.848689 0.913688 0.933709 0.931951 0.645813 0.768818 0.826826 0.867829 0.733106 0.713893 0.987329 0.975015 0.824972 0.937676 0.900560 0.948184 0.853913 0.837875 0.794985 0.870390 0.868209 0.823011
0.722544 0.737804 0.608996 0.922132 0.906857 0.969770 0.995103 0.844901 0.991132 0.827092 0.749637 0.667604 0.681990 0.750064 0.802942 0.819363 0.836715 0.800819 0.888670 0.915523 0.842638 0.976400 0.875301 0.987909 0.512702 0.000000 0.922765 0.910026 0.830217 0.795979 0.968543 0.819857 0.899214 0.961428 0.845350 0.967483 0.974575 0.982063 0.814616 0.974267 0.954934 0.989829 0.849660 0.813956 0.715035 0.706876 0.982223 0.875942 0.650462 0.725561 0.766197 0.734415 0.785271 0.932644 0.993004 0.988384 0.871760 0.832385 0.974837 0.834961 0.851832 0.698405 0.884851 0.739321 0.687539 0.658967 0.760446 0.884034 0.976435 0.753454 0.767974 0.872815 0.913323 0.869390 0.881586 0.877775 0.913776 0.904824 0.945094 0.760762 0.765862 0.872436 0.754400 0.905392 0.856414 0.953798 0.968178 0.922653 0.741173 0.635830 0.888891 0.780940 0.946404 0.942803 0.977375 0.907212 0.905330 0.930604 0.808593 0.722919 0.968492 0.973937 0.844677 0.889490 0.821998 0.870768 0.856912 0.923281 0.990754 0.834099 0.937075 0.754146 0.942607 0.934719 0.952418 0.832834
0.841767 0.856088 0.983378 0.993583 0.865482 0.945142 0.746381 0.704439 0.937270 0.695723 0.576844 0.761623 0.788061 0.769206 0.797339 0.951397 0.780966 0.642603 0.713506 0.751467 0.805197 0.912578 0.856914 0.777177 0.775410 0.922765 0.000000 0.973058 0.678144 0.718792 0.806530 0.837532 0.798444 0.639462 0.987410 0.800893 0.766622 0.822089 0.933830 0.880174 0.972745 0.895554 0.789587 0.726151 0.807843 0.757596 0.669643 0.789038 0.818874 0.951180 0.939300 0.931572 0.744226 0.927544 0.902270 0.942082 0.990850 0.976446 0.924999 0.927943 0.695777 0.766386 0.692915 0.745848 0.789296 0.988814 0.969378 0.821868 0.930133 0.932478 0.984468 0.819577 0.910362 0.876593 0.964985 0.966146 0.953985 0.979908 0.811827 0.842470 0.687819 0.744162 0.995080 0.984474 0.922578 0.941424 0.857392 0.721307 0.943565 0.860958 0.890276 0.940326 0.878315 0.850071 0.909065 0.997824 0.949830 0.994194 0.735198 0.908514 0.693487 0.981676 0.862924 0.891476 0.928530 0.887168 0.945475 0.994044 0.970083 0.803079 0.997540 0.978909 0.800399 0.868238 0.883448 0.946705
0.871282 0.992750 0.901164 0.947171 0.816951 0.865445 0.899826 0.891348 0.936792 0.984552 0.838176 0.848202 0.874856 0.881284 0.897329 0.861823 0.871712 0.927589 0.918880 0.938951 0.987768 0.934480 0.828780 0.900644 0.984563 0.910026 0.973058 0.000000 0.913714 0.878013 0.966015 0.923053 0.934901 0.970009 0.833087 0.850520 0.867889 0.904810 0.957729 0.964073 0.943011 0.955621 0.970850 0.992655 0.995831 0.958509 0.983513 0.971194 0.989962 0.994672 0.985646 0.965376 0.987496 0.978045 0.864208 0.951057 0.987652 0.918098 0.912856 0.949565 0.825910 0.940167 0.918878 0.893208 0.785166 0.977261 0.999787 0.952753 0.991645 0.893373 0.884763 0.979795 0.945695 0.998074 0.976073 0.827003 0.992554 0.975097 0.997034 0.790719 0.941143 0.827778 0.889484 0.926871 0.730878 0.755714 0.954976 0.962183 0.900285 0.925988 0.964402 0.989648 0.962677 0.959629 0.990225 0.961094 0.932576 0.995899 0.985581 0.964311 0.995495 0.904579 0.936564 0.939627 0.861140 0.775652 0.818744 0.919263 0.973508 0.917012 0.941649 0.967454 0.959367 0.806537 0.921481 0.991927
0.589552 0.630495 0.907382 0.765196 0.862699 0.718773 0.450338 0.392574 0.822505 0.415508 0.500776 0.469150 0.427549 0.527148 0.503348 0.747815 0.438974 0.418775 0.398906 0.483449 0.968766 0.913786 0.763679 0.971458 0.600176 0.830217 0.678144 0.913714 0.000000 0.318863 0.500036 0.485591 0.507101 0.396546 0.960118 0.868965 0.908895 0.948551 0.989004 0.846074 0.987414 0.991632 0.561014 0.466615 0.517431 0.415601 0.554514 0.657419 0.560154 0.648318 0.626443 0.793418 0.901523 0.934955 0.793029 0.730135 0.709865 0.706996 0.615694 0.688172 0.348636 0.481058 0.315718 0.350770 0.692179 0.918791 0.745791 0.611310 0.876931 0.651171 0.643197 0.695019 0.786391 0.836378 0.984920 0.912628 0.585824 0.960163 0.618883 0.618778 0.367081 0.438919 0.862299 0.941481 0.698800 0.780559 0.988868 0.925936 0.933353 0.855906 0.676651 0.856964 0.743973 0.958910 0.902747 0.958625 0.793140 0.820827 0.538979 0.578982 0.611752 0.682886 0.564169 0.615989 0.850528 0.955628 0.995629 0.892812 0.846463 0.827721 0.798985 0.719415 0.680798 0.774125 0.989708 0.969119
0.562859 0.652048 0.984617 0.801033 0.873018 0.776456 0.621280 0.498555 0.873955 0.519698 0.501198 0.403184 0.391868 0.466987 0.470087 0.602797 0.553730 0.401210 0.458210 0.507116 0.987912 0.883399 0.666905 0.861080 0.629974 0.795979 0.718792 0.878013 0.318863 0.000000 0.586103 0.452624 0.496288 0.465115 0.977948 0.843229 0.947378 0.985156 0.991790 0.820908 0.941537 0.905596 0.668728 0.545156 0.542485 0.465101 0.626334 0.723079 0.565262 0.653194 0.670474 0.772070 0.939016 0.963789 0.765716 0.783862 0.721338 0.700666 0.657008 0.716859 0.418559 0.509678 0.402886 0.361872 0.738019 0.944566 0.784753 0.632352 0.816391 0.604260 0.584301 0.738721 0.841812 0.779121 0.997701 0.933356 0.690236 0.879902 0.708093 0.626277 0.413981 0.507945 0.762224 0.888229 0.659179 0.727868 0.988627 0.953646 0.798817 0.752793 0.779639 0.921921 0.816362 0.944480 0.868485 0.970188 0.775412 0.924798 0.549476 0.617851 0.698416 0.756307 0.520730 0.663518 0.921131 0.939376 0.941448 0.935327 0.873557 0.943802 0.778947 0.725283 0.796317 0.786256 0.965359 0.974898
0.714458 0.757209 0.795459 0.635800 0.888531 0.668516 0.547116 0.465438 0.673070 0.489759 0.752961 0.652872 0.564719 0.600331 0.586694 0.724147 0.646971 0.620398 0.507389 0.610202 0.874889 0.997505 0.672178 0.886051 0.876186 0.968543 0.806530 0.966015 0.500036 0.586103 0.000000 0.523577 0.593860 0.526945 0.951815 0.944115 0.849831 0.950574 0.848769 0.986105 0.991780 0.897317 0.782990 0.685809 0.698151 0.671142 0.836206 0.904210 0.760789 0.821326 0.825293 0.893943 0.930475 0.944629 0.842414 0.826146 0.771937 0.781731 0.828053 0.871644 0.537494 0.593532 0.562260 0.549800 0.804897 0.986523 0.743091 0.717767 0.973847 0.809300 0.689165 0.546762 0.663084 0.746308 0.996144 0.901388 0.611599 0.872059 0.802297 0.730468 0.614461 0.716502 0.910736 0.804829 0.810079 0.848227 0.760133 0.735751 0.899391 0.823500 0.633205 0.723392 0.651494 0.765013 0.959197 0.864178 0.853474 0.835110 0.565925 0.491406 0.669340 0.600546 0.525773 0.691386 0.882576 0.880321 0.925265 0.945210 0.954153 0.773834 0.846061 0.831012 0.772414 0.958332 0.846993 0.952713
0.628330 0.759137 0.940138 0.817924 0.895200 0.818812 0.601304 0.550781 0.912113 0.603529 0.640043 0.532189 0.502097 0.533721 0.572191 0.664518 0.676363 0.573436 0.561438 0.578753 0.934597 0.954587 0.692776 0.927085 0.668959 0.819857 0.837532 0.923053 0.485591 0.452624 0.523577 0.000000 0.502408 0.565334 0.942317 0.778843 0.909493 0.911384 0.941688 0.862455 0.979848 0.965685 0.683830 0.607572 0.688607 0.594663 0.693378 0.784383 0.675435 0.771848 0.777802 0.851729 0.969175 0.923182 0.994131 0.832650 0.789611 0.801282 0.784362 0.794911 0.485248 0.580530 0.485699 0.476866 0.856653 0.971599 0.858424 0.732707 0.923340 0.783759 0.708284 0.756836 0.721605 0.853199 0.961631 0.875229 0.732986 0.954333 0.778928 0.637697 0.545061 0.543793 0.787443 0.952422 0.669359 0.737794 0.964954 0.986856 0.856734 0.661387 0.826141 0.911115 0.845371 0.949995 0.934146 0.979931 0.861653 0.848578 0.676006 0.673972 0.806025 0.754078 0.566918 0.786042 0.800319 0.918751 0.940915 0.969737 0.938323 0.957077 0.799892 0.952032 0.816409 0.951186 0.975201 0.915911
0.642143 0.838686 0.967562 0.733890 0.833247 0.659535 0.601061 0.506453 0.861737 0.524889 0.590770 0.514605 0.503683 0.559292 0.497261 0.671198 0.661086 0.562274 0.556126 0.559858 0.930734 0.957648 0.660872 0.827140 0.637821 0.899214 0.798444 0.934901 0.507101 0.496288 0.593860 0.502408 0.000000 0.544757 0.942572 0.914401 0.778324 0.995623 0.861371 0.916912 0.847382 0.967542 0.751490 0.629756 0.539139 0.528845 0.737784 0.725749 0.622814 0.760901 0.727280 0.870096 0.960031 0.985370 0.892352 0.784637 0.848345 0.844248 0.722827 0.820109 0.456678 0.520290 0.459582 0.436016 0.702204 0.903356 0.747290 0.612789 0.900918 0.767751 0.721102 0.746655 0.800185 0.797449 0.996458 0.826828 0.653634 0.880254 0.829814 0.575547 0.493384 0.531385 0.838912 0.839813 0.664636 0.610629 0.995415 0.967448 0.894832 0.839391 0.719613 0.930843 0.760422 0.961249 0.854005 0.985190 0.847432 0.899490 0.507186 0.676539 0.698042 0.821344 0.615817 0.661491 0.865201 0.895350 0.942961 0.894876 0.926442 0.984228 0.836290 0.721017 0.881353 0.896196 0.992365 0.934558
0.650394 0.676821 0.880376 0.746546 0.986916 0.705632 0.522816 0.511304 0.911029 0.524066 0.516426 0.563818 0.592150 0.669905 0.680504 0.859740 0.460291 0.503221 0.471369 0.595665 0.925384 0.943370 0.914400 0.939037 0.754315 0.961428 0.639462 0.970009 0.396546 0.465115 0.526945 0.565334 0.544757 0.000000 0.997135 0.822342 0.763086 0.938506 0.958007 0.834438 0.970689 0.967841 0.593683 0.426887 0.501887 0.457804 0.545830 0.746240 0.604750 0.709478 0.708293 0.868252 0.967026 0.985374 0.709920 0.686779 0.756700 0.866108 0.615710 0.741677 0.444675 0.596087 0.405779 0.460682 0.687137 0.933378 0.705307 0.503654 0.861781 0.833672 0.779015 0.718488 0.847603 0.891589 0.976973 0.918055 0.660794 0.862916 0.713580 0.702832 0.450144 0.491602 0.893215 0.844692 0.822408 0.826628 0.901828 0.888775 0.941874 0.955365 0.704576 0.947545 0.795106 0.898453 0.978141 0.935212 0.911443 0.929916 0.578728 0.646886 0.714141 0.707383 0.530611 0.799545 0.902396 0.957153 0.879002 0.885605 0.754135 0.804223 0.894152 0.782584 0.684237 0.878610 0.919342 0.965841
0.928762 0.935535 0.779987 0.864615 0.898320 0.818530 0.870934 0.966076 0.950574 0.967097 0.879634 0.950996 0.882321 0.927749 0.931895 0.874063 0.898790 0.946104 0.998872 0.996951 0.889630 0.902546 0.842694 0.833999 0.854798 0.845350 0.987410 0.833087 0.960118 0.977948 0.951815 0.942317 0.942572 0.997135 0.000000 0.914331 0.916369 0.962943 0.799552 0.942166 0.894753 0.974516 0.873711 0.881760 0.985220 0.960233 0.931741 0.924639 0.946170 0.965105 0.955300 0.913754 0.963953 0.925223 0.801806 0.922306 0.940280 0.966476 0.962168 0.989847 0.957028 0.921636 0.982338 0.963692 0.745653 0.824790 0.703744 0.884035 0.927827 0.996739 0.850249 0.956372 0.995141 0.962866 0.758705 0.934752 0.835500 0.863127 0.918297 0.886980 0.986933 0.922104 0.895013 0.984137 0.842900 0.729389 0.978677 0.926031 0.955699 0.983752 0.917964 0.965791 0.852746 0.915657 0.954161 0.863013 0.988723 0.919298 0.962304 0.968412 0.945641 0.832862 0.994471 0.958985 0.942915 0.932103 0.881111 0.819392 0.981147 0.875357 0.969394 0.870732 0.937687 0.989757 0.962641 0.940045
0.990760 0.939160 0.933620 0.839854 0.993547 0.973206 0.931631 0.956048 0.988149 0.946276 0.745874 0.814075 0.804497 0.825767 0.942697 0.976213 0.967054 0.940196 0.934841 0.932033 0.979463 0.902592 0.915494 0.846984 0.872513 0.967483 0.800893 0.850520 0.868965 0.843229 0.944115 0.778843 0.914401 0.822342 0.914331 0.000000 0.931689 0.839660 0.971169 0.923926 0.862848 0.984883 0.978536 0.945747 0.967814 0.946081 0.982454 0.973763 0.943429 0.873575 0.853636 0.808391 0.748134 0.764451 0.797150 0.856842 0.864376 0.819558 0.884182 0.797824 0.836674 0.912275 0.914181 0.945713 0.928580 0.933186 0.752964 0.904636 0.952489 0.804714 0.887969 0.944271 0.966093 0.946607 0.944019 0.882032 0.941153 0.999860 0.936730 0.868943 0.900371 0.819834 0.918034 0.862732 0.954361 0.928746 0.800453 0.919265 0.896624 0.898895 0.845259 0.848341 0.833043 0.746693 0.806480 0.956025 0.984600 0.941458 0.886536 0.832627 0.966025 0.966855 0.934006 0.946997 0.927190 0.841234 0.911946 0.877628 0.890260 0.935674 0.921137 0.997715 0.974782 0.809658 0.948002 0.817569
0.763199 0.956003 0.934716 0.944428 0.923796 0.820111 0.846180 0.784198 0.853784 0.761725 0.930798 0.790056 0.900331 0.809582 0.873672 0.853854 0.871983 0.845944 0.798017 0.914167 0.991416 0.964170 0.835399 0.985715 0.836973 0.974575 0.766622 0.867889 0.908895 0.947378 0.849831 0.909493 0.778324 0.763086 0.916369 0.931689 0.000000 0.840507 0.961283 0.961799 0.869382 0.975165 0.942127 0.856383 0.751446 0.789814 0.918930 0.875865 0.759299 0.852016 0.816957 0.917134 0.905493 0.872094 0.845107 0.970468 0.977775 0.969739 0.960214 0.893168 0.823112 0.708612 0.820381 0.787716 0.866015 0.897418 0.828413 0.835112 0.980120 0.918682 0.906224 0.830890 0.807384 0.863934 0.965429 0.906035 0.864745 0.980657 0.951515 0.899759 0.831914 0.812195 0.967474 0.994226 0.828168 0.818855 0.826524 0.935260 0.952320 0.911642 0.706990 0.830304 0.735875 0.897509 0.985613 0.870569 0.940563 0.983540 0.684244 0.869893 0.950436 0.793030 0.807727 0.967269 0.906456 0.946400 0.989658 0.949300 0.871310 0.989191 0.865031 0.886741 0.763990 0.904050 0.981071 0.915916
0.986885 0.877447 0.986419 0.843228 0.959007 0.922104 0.868925 0.958025 0.961871 0.956262 0.837462 0.989824 0.903344 0.923897 0.948291 0.987294 0.992329 0.958657 0.924245 0.955775 0.811988 0.962633 0.962856 0.888511 0.917900 0.982063 0.822089 0.904810 0.948551 0.985156 0.950574 0.911384 0.995623 0.938506 0.962943 0.839660 0.840507 0.000000 0.985366 0.979600 0.881130 0.936054 0.866931 0.959124 0.983628 0.950610 0.903914 0.998470 0.896658 0.877039 0.799533 0.737143 0.766349 0.787114 0.996831 0.868055 0.864890 0.862929 0.988373 0.872256 0.835995 0.921946 0.892707 0.922612 0.968934 0.864942 0.972781 0.940801 0.851717 0.801771 0.845509 0.926250 0.990575 0.976933 0.901958 0.897901 0.889848 0.800720 0.933817 0.913210 0.950927 0.864576 0.927405 0.925793 0.879271 0.976609 0.915488 0.925773 0.888879 0.999216 0.934665 0.908657 0.940100 0.867822 0.993764 0.918514 0.814692 0.986701 0.996875 0.987965 0.832070 0.880648 0.874837 0.956936 0.987623 0.899702 0.852284 0.923614 0.702881 0.947580 0.957288 0.987478 0.893456 0.995897 0.865630 0.935143
