0.000000 0.488515 0.859159 0.832356 0.982341 0.965819 0.817870 0.812433 0.855006 0.986307 0.698672 0.713185 0.982420 0.940869 0.849435 0.975569 0.575710 0.523639 0.568584 0.587812 0.889759 0.936162 0.840406 0.979641 0.773384 0.823238 0.990109 0.887066 0.699239 0.829806 0.889757 0.984077 0.711781 0.551738 0.850706 0.940117 0.864370 0.875409 0.804888 0.911844 0.915716 0.784168 0.622279 0.520705 0.922967 0.777246 0.652549 0.673426 0.862103 0.878630 0.931026 0.981179 0.816557 0.652709 0.774871 0.885199 0.421870 0.493202 0.475956 0.560041 0.804273 0.767172 0.699780 0.736377 0.839378 0.806317 0.631758 0.672793 0.598662 0.616639 0.729704 0.860551 0.607682 0.660022 0.978204 0.878418 0.644011 0.737459 0.820000 0.699867 0.558645 0.529858 0.869451 0.651818 0.816619 0.813525 0.760931 0.999057 0.881804 0.693185 0.837337 0.918777 0.884587 0.974295 0.930139 0.781406 0.710639 0.811870 0.883047 0.753177 0.802673 0.935669 0.757808 0.605082 0.840933 0.897358 0.934765 0.970469 0.857672 0.711011 0.780073 0.960487 0.877082 0.998726 0.793737 0.736966
0.488515 0.000000 0.977123 0.813309 0.980938 0.933380 0.926481 0.687608 0.779395 0.809067 0.852831 0.528332 0.909515 0.844356 0.969175 0.795044 0.556718 0.500016 0.608493 0.566955 0.899098 0.974562 0.959084 0.978802 0.900818 0.960073 0.906662 0.898113 0.613028 0.713984 0.798005 0.923904 0.588503 0.516459 0.882675 0.999846 0.829658 0.789355 0.949772 0.917846 0.959605 0.843852 0.580150 0.479736 0.695227 0.600108 0.593894 0.515772 0.771772 0.779194 0.758678 0.835745 0.983851 0.844364 0.731013 0.928429 0.402199 0.369495 0.547625 0.643725 0.714438 0.623882 0.596890 0.533262 0.874619 0.852338 0.706395 0.674003 0.777541 0.549884 0.548581 0.667356 0.743814 0.733447 0.931332 0.914126 0.566155 0.742354 0.619134 0.691687 0.463968 0.532291 0.788528 0.644293 0.868668 0.856184 0.878076 0.980919 0.855140 0.784439 0.870625 0.831138 0.925194 0.901568 0.785320 0.792675 0.659759 0.736482 0.707326 0.724339 0.802245 0.876741 0.686675 0.715785 0.798476 0.831394 0.922511 0.988281 0.903496 0.761725 0.712156 0.837176 0.847349 0.854973 0.741297 0.889916
0.859159 0.977123 0.000000 0.426028 0.867152 0.958146 0.344738 0.713154 0.733148 0.839465 0.985187 0.823363 0.653066 0.957379 0.858692 0.975386 0.943891 0.882639 0.692244 0.951994 0.708897 0.873036 0.690161 0.664022 0.472419 0.513351 0.845801 0.879418 0.820116 0.804024 0.783551 0.907142 0.709905 0.753886 0.719242 0.926797 0.873266 0.985549 0.822820 0.793432 0.977589 0.937733 0.685209 0.780218 0.875096 0.939570 0.671242 0.763223 0.786796 0.991104 0.804997 0.916837 0.991963 0.929841 0.922824 0.968832 0.970364 0.870660 0.687761 0.847503 0.665030 0.988422 0.926914 0.750163 0.367829 0.511142 0.527276 0.558714 0.884622 0.797590 0.957598 0.965730 0.866897 0.900864 0.891671 0.962641 0.920004 0.925378 0.968686 0.922533 0.941800 0.859297 0.964053 0.866891 0.533560 0.598378 0.809329 0.986735 0.714814 0.804411 0.695358 0.725262 0.748094 0.589711 0.888768 0.799174 0.934258 0.914368 0.938908 0.845456 0.746861 0.840352 0.883138 0.991068 0.740588 0.814275 0.951743 0.985608 0.874054 0.969706 0.954594 0.996553 0.971833 0.769807 0.769854 0.708091
0.832356 0.813309 0.426028 0.000000 0.925386 0.814533 0.420326 0.534697 0.848688 0.900674 0.939214 0.949899 0.715529 0.859484 0.854257 0.809765 0.955638 0.978077 0.712202 0.874385 0.744681 0.961828 0.597225 0.531537 0.669461 0.543528 0.848455 0.822857 0.843916 0.832163 0.806907 0.926278 0.653668 0.667475 0.722993 0.948283 0.884325 0.984802 0.801919 0.878584 0.966475 0.926494 0.730616 0.758974 0.914179 0.991884 0.713192 0.720493 0.815403 0.992310 0.717832 0.805791 0.991369 0.889843 0.867207 0.946332 0.912126 0.952092 0.726651 0.803745 0.637519 0.813786 0.930796 0.982874 0.375979 0.392579 0.521489 0.453234 0.831665 0.836342 0.922390 0.769915 0.773644 0.794543 0.910186 0.993561 0.802667 0.765878 0.939681 0.924517 0.809599 0.791023 0.863007 0.823235 0.500759 0.514674 0.946953 0.959057 0.822580 0.693171 0.640432 0.726924 0.712105 0.665886 0.993483 0.758671 0.899800 0.934164 0.786052 0.711207 0.657063 0.742228 0.937540 0.988391 0.627157 0.729332 0.894334 0.908075 0.851141 0.933760 0.845644 0.992600 0.928028 0.816069 0.732606 0.720977
0.982341 0.980938 0.867152 0.925386 0.000000 0.867438 0.771384 0.844514 0.751403 0.926395 0.860676 0.922913 0.682159 0.869822 0.842561 0.907921 0.993286 0.920732 0.928984 0.991815 0.793901 0.725548 0.702428 0.817727 0.965622 0.867934 0.912373 0.923643 0.917315 0.999950 0.984162 0.953122 0.968278 0.913129 0.957526 0.776877 0.961980 0.867165 0.973186 0.997442 0.899823 0.946671 0.846365 0.913110 0.908966 0.963448 0.934415 0.961787 0.895361 0.823028 0.986489 0.984337 0.979872 0.900554 0.925653 0.864464 0.944560 0.908529 0.913245 0.953247 0.672355 0.835621 0.832862 0.929885 0.830370 0.743830 0.859440 0.829792 0.897492 0.873510 0.975466 0.878127 0.937176 0.984759 0.938303 0.918413 0.914168 0.912228 0.918360 0.865375 0.852014 0.821240 0.792866 0.731991 0.642752 0.592652 0.911743 0.710568 0.819799 0.813208 0.836926 0.990184 0.954472 0.975846 0.931985 0.958065 0.897860 0.989974 0.961944 0.889542 0.856074 0.928134 0.957287 0.838219 0.794049 0.987710 0.988594 0.988914 0.997582 0.955429 0.908801 0.926521 0.881846 0.946408 0.879107 0.995157
0.965819 0.933380 0.958146 0.814533 0.867438 0.000000 0.974049 0.907962 0.957249 0.930872 0.955346 0.982350 0.989758 0.988069 0.947294 0.713610 0.850247 0.935910 0.973008 0.980087 0.874524 0.886423 0.714794 0.753048 0.909347 0.824556 0.893054 0.805714 0.924840 0.908684 0.709316 0.866045 0.979472 0.956745 0.828545 0.950561 0.793039 0.859876 0.925291 0.945119 0.929308 0.932834 0.973421 0.920152 0.870197 0.939095 0.971896 0.831457 0.925502 0.983647 0.913962 0.893047 0.954408 0.915089 0.899688 0.854861 0.957807 0.974419 0.797862 0.880327 0.996922 0.933831 0.971290 0.995730 0.881053 0.847353 0.892000 0.826038 0.849480 0.940906 0.819896 0.834514 0.879940 0.790145 0.948453 0.861804 0.967602 0.785739 0.895060 0.985417 0.983747 0.990682 0.913955 0.924686 0.825381 0.782082 0.890100 0.796816 0.960696 0.933310 0.845760 0.930116 0.766451 0.956006 0.884930 0.876470 0.942828 0.874114 0.896664 0.975197 0.783694 0.977473 0.967279 0.948412 0.781152 0.920903 0.973762 0.971277 0.945866 0.953187 0.936679 0.950525 0.973040 0.968644 0.999615 0.934810
0.817870 0.926481 0.344738 0.420326 0.771384 0.974049 0.000000 0.556663 0.672717 0.870960 0.946400 0.941849 0.573229 0.837581 0.810418 0.894686 0.933327 0.928584 0.754495 0.933333 0.730652 0.995291 0.645586 0.700722 0.621515 0.582074 0.874133 0.927387 0.849313 0.814678 0.895072 0.985511 0.695203 0.703366 0.706762 0.962530 0.954945 0.891380 0.914925 0.818282 0.958290 0.994615 0.773716 0.789338 0.894101 0.968344 0.761730 0.795079 0.744168 0.960688 0.791568 0.823842 0.957071 0.950022 0.992205 0.968596 0.954381 0.915319 0.633251 0.708954 0.502714 0.816183 0.943267 0.900250 0.375145 0.418773 0.510293 0.512143 0.814376 0.762395 0.889515 0.941263 0.863312 0.855708 0.950440 0.933495 0.882831 0.899883 0.989064 0.943046 0.827474 0.802493 0.913559 0.823236 0.434254 0.528780 0.876449 0.909396 0.648768 0.675520 0.656682 0.724474 0.792741 0.628998 0.914993 0.820453 0.900270 0.843885 0.850514 0.715515 0.762430 0.766248 0.860080 0.991173 0.649806 0.795344 0.911696 0.979358 0.802551 0.994562 0.875466 0.973148 0.974305 0.760984 0.722281 0.695127
0.812433 0.687608 0.713154 0.534697 0.844514 0.907962 0.556663 0.000000 0.917341 0.781003 0.983253 0.670959 0.654550 0.672621 0.808779 0.707746 0.951295 0.835478 0.878275 0.804977 0.920347 0.937034 0.697114 0.763119 0.959454 0.949605 0.994340 0.962252 0.885939 0.932321 0.951215 0.993374 0.667042 0.592030 0.808173 0.979730 0.973048 0.998241 0.907781 0.923757 0.866980 0.881056 0.832132 0.767427 0.900945 0.828005 0.786110 0.685952 0.957493 0.906263 0.531130 0.534267 0.777518 0.911565 0.870577 0.965191 0.903141 0.818345 0.645599 0.612707 0.440850 0.418314 0.632397 0.611210 0.587133 0.488188 0.610147 0.512059 0.716080 0.949447 0.928105 0.819112 0.806101 0.780899 0.941433 0.987805 0.712258 0.754982 0.778793 0.929701 0.596631 0.786985 0.802106 0.772579 0.587464 0.642793 0.968199 0.916878 0.874820 0.642320 0.610045 0.808411 0.793279 0.791175 0.832023 0.806625 0.780657 0.953355 0.561821 0.531565 0.641199 0.755322 0.798284 0.901814 0.571978 0.714597 0.918639 0.872815 0.832181 0.831233 0.732252 0.813922 0.882012 0.959182 0.644737 0.817052
0.855006 0.779395 0.733148 0.848688 0.751403 0.957249 0.672717 0.917341 0.000000 0.992879 0.977668 0.741785 0.854037 0.920807 0.964662 0.908121 0.672888 0.655165 0.850567 0.699929 0.922581 0.962564 0.769282 0.940985 0.894677 0.752885 0.927494 0.994316 0.732576 0.608569 0.979806 0.762153 0.993720 0.857380 0.810929 0.868289 0.868021 0.972612 0.988976 0.921905 0.960566 0.910362 0.935001 0.871704 0.905731 0.985312 0.909549 0.950160 0.953235 0.947316 0.901997 0.788123 0.744738 0.742401 0.898371 0.871835 0.712327 0.693537 0.952531 0.983959 0.851370 0.976689 0.787874 0.705359 0.733830 0.818506 0.857855 0.869671 0.823499 0.596664 0.811652 0.629007 0.749466 0.817516 0.969778 0.958926 0.804382 0.918629 0.733593 0.751054 0.796042 0.839749 0.945652 0.982070 0.725977 0.824000 0.966460 0.880527 0.726974 0.874918 0.621953 0.647089 0.640930 0.691752 0.858170 0.950223 0.871006 0.892589 0.907734 0.913931 0.993712 0.846943 0.736647 0.910765 0.919431 0.915594 0.941521 0.978573 0.975328 0.824474 0.746033 0.935525 0.891290 0.881997 0.933542 0.884090
0.986307 0.809067 0.839465 0.900674 0.926395 0.930872 0.870960 0.781003 0.992879 0.000000 0.836473 0.886511 0.882735 0.976478 0.929171 0.931918 0.795662 0.840158 0.970011 0.860962 0.745713 0.971715 0.938896 0.851014 0.876250 0.805287 0.830483 0.965114 0.619818 0.716343 0.761640 0.921982 0.756267 0.833379 0.922126 0.988239 0.898619 0.793771 0.786254 0.969212 0.904646 0.900546 0.863408 0.744081 0.553828 0.558288 0.867763 0.746420 0.496905 0.594991 0.550690 0.655355 0.584853 0.596799 0.804900 0.971324 0.863779 0.808016 0.918732 0.925381 0.981083 0.788696 0.795002 0.738923 0.815180 0.794311 0.994500 0.972349 0.932111 0.855297 0.916247 0.908345 0.925547 0.957645 0.853406 0.985014 0.985176 0.875964 0.948719 0.984687 0.814458 0.949072 0.860378 0.962135 0.788163 0.777531 0.849140 0.977639 0.931384 0.839022 0.962802 0.926342 0.951719 0.903222 0.848255 0.850832 0.804986 0.878391 0.764493 0.898641 0.804340 0.928561 0.630228 0.801925 0.959624 0.924220 0.770293 0.955760 0.949770 0.866985 0.846458 0.829170 0.992437 0.834813 0.974611 0.952221
0.698672 0.852831 0.985187 0.939214 0.860676 0.955346 0.946400 0.983253 0.977668 0.836473 0.000000 0.828372 0.944309 0.922028 0.860842 0.835162 0.587736 0.601657 0.708089 0.675511 0.822548 0.966640 0.799670 0.788430 0.960912 0.921046 0.872424 0.821335 0.631879 0.726679 0.844156 0.975368 0.776945 0.747232 0.945040 0.941773 0.992657 0.939836 0.895493 0.952599 0.967508 0.913176 0.963841 0.853648 0.970541 0.948460 0.966030 0.990810 0.905926 0.940046 0.971276 0.879755 0.922882 0.957781 0.997204 0.951409 0.713607 0.804300 0.811436 0.906474 0.881214 0.978181 0.666802 0.834833 0.847379 0.891830 0.969885 0.955487 0.848241 0.789793 0.929458 0.879386 0.580373 0.736311 0.948366 0.845890 0.961722 0.858726 0.856621 0.779242 0.729541 0.746332 0.978950 0.861933 0.950587 0.977462 0.681001 0.983479 0.850396 0.934679 0.616458 0.680623 0.760804 0.733891 0.936900 0.857384 0.951060 0.962309 0.925944 0.996181 0.969143 0.962615 0.916349 0.824970 0.939195 0.801955 0.954302 0.754814 0.982697 0.861553 0.945804 0.933417 0.797437 0.953897 0.995079 0.968910
0.713185 0.528332 0.823363 0.949899 0.922913 0.982350 0.941849 0.670959 0.741785 0.886511 0.828372 0.000000 0.733314 0.557938 0.746145 0.609357 0.579505 0.476481 0.764189 0.556396 0.910717 0.918950 0.918469 0.915691 0.753801 0.794044 0.916908 0.886527 0.518809 0.549635 0.957289 0.834226 0.705150 0.580728 0.979265 0.950779 0.991903 0.933383 0.811158 0.978341 0.896146 0.910953 0.893919 0.712825 0.804931 0.678097 0.869066 0.729969 0.965984 0.983248 0.812994 0.873785 0.961528 0.942180 0.889286 0.886138 0.586249 0.509843 0.781611 0.742383 0.588444 0.478873 0.427393 0.343661 0.976734 0.858823 0.938979 0.776859 0.947152 0.668877 0.794319 0.755997 0.822155 0.847805 0.909683 0.856418 0.709464 0.755010 0.508802 0.690674 0.437949 0.517805 0.588074 0.657783 0.859380 0.826325 0.852309 0.845921 0.783699 0.902505 0.815148 0.666597 0.729188 0.661201 0.785522 0.803770 0.789874 0.780811 0.869731 0.791708 0.912926 0.889139 0.659146 0.872053 0.828710 0.906459 0.982418 0.939662 0.941112 0.717582 0.686469 0.851087 0.935340 0.773375 0.733195 0.987664
0.982420 0.909515 0.653066 0.715529 0.682159 0.989758 0.573229 0.654550 0.854037 0.882735 0.944309 0.733314 0.000000 0.453019 0.467455 0.532287 0.920960 0.863780 0.824532 0.812959 0.888418 0.888838 0.564626 0.692687 0.934037 0.918511 0.919237 0.949311 0.908584 0.832912 0.853233 0.796586 0.721671 0.740718 0.827584 0.994572 0.925438 0.863431 0.831758 0.847801 0.813151 0.874795 0.980280 0.937482 0.993813 0.946051 0.895147 0.827843 0.678298 0.928412 0.839104 0.856724 0.928409 0.830168 0.988333 0.767612 0.975084 0.974821 0.916401 0.844358 0.398316 0.728557 0.712283 0.807168 0.645328 0.669859 0.902541 0.733021 0.620862 0.883154 0.920501 0.986936 0.848911 0.878452 0.949024 0.816908 0.940764 0.911413 0.719330 0.759830 0.714881 0.690698 0.658400 0.769680 0.527416 0.644067 0.822948 0.730234 0.854845 0.962104 0.898482 0.892826 0.887069 0.970336 0.930168 0.912056 0.827200 0.923835 0.932651 0.892897 0.969357 0.829913 0.988919 0.805133 0.820156 0.837369 0.981251 0.762306 0.904429 0.944152 0.908234 0.905475 0.868595 0.977371 0.704060 0.898464
0.940869 0.844356 0.957379 0.859484 0.869822 0.988069 0.837581 0.672621 0.920807 0.976478 0.922028 0.557938 0.453019 0.000000 0.425391 0.417402 0.851633 0.761225 0.916073 0.777756 0.955688 0.893069 0.690183 0.775202 0.824107 0.804189 0.987362 0.961966 0.752442 0.648222 0.900190 0.736710 0.743052 0.723977 0.953286 0.884193 0.864663 0.907831 0.656527 0.917669 0.724225 0.861445 0.944066 0.907435 0.962491 0.860199 0.974495 0.823993 0.718310 0.940784 0.847489 0.851475 0.950544 0.849546 0.959164 0.680007 0.986848 0.879069 0.968354 0.844282 0.512930 0.663276 0.641056 0.601709 0.862571 0.791682 0.944364 0.870039 0.682413 0.985642 0.899713 0.906138 0.894400 0.927328 0.972393 0.809075 0.918743 0.909096 0.689899 0.711641 0.688598 0.732949 0.615014 0.833031 0.738283 0.783274 0.708684 0.825535 0.949915 0.938612 0.976509 0.732109 0.720230 0.769144 0.880381 0.917610 0.921362 0.965026 0.933254 0.902990 0.954441 0.882802 0.886102 0.886515 0.901434 0.894901 0.954018 0.780055 0.852131 0.886618 0.799396 0.844096 0.977454 0.892181 0.758045 0.967881
0.849435 0.969175 0.858692 0.854257 0.842561 0.947294 0.810418 0.808779 0.964662 0.929171 0.860842 0.746145 0.467455 0.425391 0.000000 0.519357 0.927590 0.858657 0.897642 0.939404 0.923636 0.899294 0.568068 0.729240 0.948319 0.938090 0.903600 0.869373 0.837564 0.743171 0.767917 0.595920 0.747003 0.813842 0.908190 0.874679 0.968754 0.978553 0.762098 0.948965 0.767036 0.894631 0.994658 0.943525 0.874864 0.848363 0.852531 0.767957 0.765602 0.989645 0.885151 0.839065 0.912495 0.750146 0.992690 0.827303 0.947446 0.977948 0.929783 0.972693 0.611263 0.810944 0.794302 0.797390 0.803446 0.807412 0.994752 0.854357 0.671923 0.933865 0.837309 0.951611 0.892844 0.968357 0.968718 0.819691 0.953896 0.967622 0.726870 0.760428 0.792433 0.789629 0.627648 0.840371 0.684126 0.709574 0.651064 0.736726 0.895436 0.996870 0.954297 0.848338 0.828095 0.892283 0.966051 0.883913 0.877403 0.968758 0.906665 0.894606 0.983215 0.907796 0.998253 0.881315 0.879601 0.910579 0.959088 0.779883 0.850706 0.956201 0.880291 0.799056 0.970032 0.947758 0.776078 0.914080
0.975569 0.795044 0.975386 0.809765 0.907921 0.713610 0.894686 0.707746 0.908121 0.931918 0.835162 0.609357 0.532287 0.417402 0.519357 0.000000 0.980551 0.825549 0.876707 0.803471 0.970987 0.851917 0.572395 0.612590 0.905315 0.953393 0.923605 0.979438 0.849814 0.790696 0.800096 0.736109 0.798263 0.737817 0.977711 0.911726 0.888704 0.964100 0.806635 0.860083 0.865313 0.839714 0.969281 0.961239 0.917947 0.840760 0.948238 0.762026 0.787522 0.962517 0.864529 0.852751 0.963598 0.897182 0.968473 0.812592 0.904977 0.845153 0.933718 0.919217 0.609832 0.665645 0.709570 0.629273 0.831634 0.758501 0.984457 0.769478 0.701439 0.931044 0.907179 0.783678 0.807218 0.831941 0.976005 0.848652 0.898343 0.887097 0.693192 0.776638 0.733789 0.733707 0.594107 0.836489 0.691463 0.731868 0.662865 0.736242 0.904605 0.971006 0.942532 0.841336 0.864294 0.843781 0.937028 0.882260 0.946674 0.876003 0.857256 0.884714 0.900506 0.949317 0.872936 0.833649 0.815533 0.803942 0.991949 0.906168 0.933034 0.860981 0.786058 0.794834 0.970530 0.884555 0.746194 0.934347
0.575710 0.556718 0.943891 0.955638 0.993286 0.850247 0.933327 0.951295 0.672888 0.795662 0.587736 0.579505 0.920960 0.851633 0.927590 0.980551 0.000000 0.368130 0.537758 0.483931 0.991373 0.908508 0.820144 0.872211 0.995338 0.909789 0.934446 0.878581 0.424789 0.430755 0.767163 0.737512 0.582455 0.582299 0.989394 0.966433 0.995027 0.956050 0.952345 0.939299 0.985081 0.782958 0.772608 0.563836 0.804462 0.704980 0.656187 0.711964 0.841587 0.853288 0.821925 0.947191 0.967090 0.927879 0.824831 0.894782 0.435071 0.491287 0.671749 0.802460 0.836208 0.861109 0.515119 0.559684 0.874035 0.909573 0.974846 0.893555 0.794694 0.517123 0.773941 0.786878 0.586543 0.594019 0.957429 0.922706 0.775604 0.829982 0.645933 0.558483 0.488592 0.576706 0.814789 0.763240 0.936653 0.979188 0.842922 0.968615 0.749283 0.925972 0.592552 0.574654 0.625054 0.673321 0.848896 0.829324 0.803488 0.883148 0.989546 0.949749 0.936640 0.986763 0.675902 0.710615 0.983915 0.879000 0.965778 0.805830 0.997848 0.693704 0.762221 0.909173 0.984023 0.846801 0.884467 0.989729
0.523639 0.500016 0.882639 0.978077 0.920732 0.935910 0.928584 0.835478 0.655165 0.840158 0.601657 0.476481 0.863780 0.761225 0.858657 0.825549 0.368130 0.000000 0.557095 0.436094 0.982573 0.959401 0.896138 0.913845 0.882563 0.869116 0.916616 0.881272 0.430335 0.418925 0.804114 0.775673 0.606243 0.518698 0.958788 0.987118 0.978742 0.930898 0.996807 0.967140 0.938846 0.861296 0.813642 0.580308 0.835943 0.714514 0.738932 0.696578 0.928996 0.917019 0.912479 0.945567 0.866782 0.870219 0.877435 0.946041 0.401416 0.452928 0.691086 0.745437 0.769277 0.715623 0.463444 0.453941 0.884418 0.987938 0.943898 0.838900 0.787067 0.466309 0.698892 0.742001 0.532195 0.599223 0.902107 0.838696 0.689350 0.779323 0.564081 0.526508 0.422881 0.500591 0.724100 0.681277 0.996974 0.936227 0.943678 0.986798 0.733824 0.880055 0.629111 0.520597 0.596684 0.617505 0.789951 0.839219 0.720909 0.794286 0.913424 0.858822 0.867551 0.936346 0.636399 0.770745 0.927216 0.996511 0.994124 0.843499 0.954088 0.655311 0.669372 0.866018 0.962762 0.849362 0.804984 0.965886
0.568584 0.608493 0.692244 0.712202 0.928984 0.973008 0.754495 0.878275 0.850567 0.970011 0.708089 0.764189 0.824532 0.916073 0.897642 0.876707 0.537758 0.557095 0.000000 0.560943 0.758249 0.886150 0.864731 0.808971 0.697250 0.682302 0.876955 0.926191 0.654458 0.695969 0.626541 0.740656 0.522578 0.513007 0.892561 0.998660 0.860848 0.848381 0.899739 0.876638 0.975125 0.861303 0.617476 0.531842 0.855120 0.778541 0.553535 0.662630 0.936688 0.907066 0.806977 0.926776 0.918863 0.876049 0.823156 0.896482 0.508881 0.676071 0.678204 0.886333 0.779560 0.970603 0.632569 0.820119 0.752012 0.790670 0.645908 0.643988 0.812347 0.671280 0.709622 0.739286 0.738892 0.685730 0.963755 0.798387 0.708285 0.781147 0.733093 0.607274 0.594015 0.550588 0.776163 0.682579 0.803639 0.725234 0.808641 0.934750 0.937324 0.838840 0.843047 0.829299 0.847474 0.960353 0.982245 0.794739 0.848269 0.802065 0.989308 0.847523 0.724927 0.943030 0.799112 0.762222 0.837747 0.915521 0.999150 0.885423 0.871863 0.881717 0.707499 0.932685 0.973885 0.997603 0.839230 0.776760
0.587812 0.566955 0.951994 0.874385 0.991815 0.980087 0.933333 0.804977 0.699929 0.860962 0.675511 0.556396 0.812959 0.777756 0.939404 0.803471 0.483931 0.436094 0.560943 0.000000 0.987360 0.992050 0.974707 0.955104 0.953653 0.941431 0.968715 0.853336 0.552275 0.535549 0.836996 0.781763 0.555907 0.564773 0.951570 0.945819 0.939875 0.904737 0.999426 0.965531 0.919143 0.869944 0.763726 0.603486 0.997390 0.801742 0.804005 0.718080 0.979592 0.886164 0.890035 0.916929 0.822875 0.779080 0.958123 0.876007 0.492667 0.482071 0.674509 0.683735 0.742671 0.760064 0.558454 0.580381 0.995213 0.924677 0.850386 0.785660 0.830009 0.553936 0.689472 0.715868 0.657977 0.774955 0.977946 0.839474 0.690063 0.714764 0.640740 0.583904 0.491508 0.524152 0.833486 0.727631 0.949232 0.943770 0.796593 0.943618 0.730925 0.859980 0.703188 0.655335 0.709089 0.710077 0.810228 0.834531 0.856274 0.859464 0.979278 0.909339 0.788735 0.996103 0.685479 0.769597 0.794380 0.946374 0.953642 0.875353 0.954845 0.686148 0.640865 0.923444 0.925923 0.858432 0.746785 0.857567
0.889759 0.899098 0.708897 0.744681 0.793901 0.874524 0.730652 0.920347 0.922581 0.745713 0.822548 0.910717 0.888418 0.955688 0.923636 0.970987 0.991373 0.982573 0.758249 0.987360 0.000000 0.974282 0.858324 0.815171 0.765161 0.620581 0.911260 0.795668 0.964280 0.954624 0.905187 0.914957 0.905449 0.896944 0.876547 0.943231 0.901169 0.928911 0.761493 0.917258 0.965795 0.937710 0.993756 0.967456 0.854119 0.813590 0.887547 0.952144 0.770410 0.752746 0.858934 0.808356 0.739877 0.854752 0.985617 0.880139 0.981997 0.834575 0.999347 0.807212 0.937401 0.834609 0.995982 0.815123 0.761707 0.749453 0.742716 0.754132 0.938289 0.971270 0.955395 0.987420 0.890594 0.883365 0.880359 0.843772 0.945873 0.940416 0.990398 0.805864 0.991545 0.885561 0.972602 0.949124 0.781618 0.668238 0.908954 0.974023 0.986986 0.933087 0.926258 0.962411 0.992186 0.932370 0.831764 0.939338 0.861639 0.964373 0.789692 0.972241 0.920776 0.939131 0.831827 0.888732 0.924497 0.987438 0.987002 0.948907 0.947587 0.967020 0.983979 0.833360 0.961978 0.949929 0.961648 0.921827
0.936162 0.974562 0.873036 0.961828 0.725548 0.886423 0.995291 0.937034 0.962564 0.971715 0.966640 0.918950 0.888838 0.893069 0.899294 0.851917 0.908508 0.959401 0.886150 0.992050 0.974282 0.000000 0.899074 0.950304 0.883916 0.975391 0.897601 0.914139 0.833612 0.946850 0.902988 0.939384 0.879895 0.936117 0.915353 0.829320 0.830257 0.812765 0.868042 0.894792 0.993048 0.900896 0.795612 0.908026 0.974208 0.918157 0.760981 0.986587 0.910027 0.858152 0.847821 0.976612 0.856785 0.989106 0.984488 0.942092 0.998907 0.998076 0.894154 0.960849 0.872008 0.833802 0.972815 0.958606 0.998330 0.906753 0.941525 0.912326 0.976269 0.974884 0.949955 0.963712 0.934530 0.897868 0.980942 0.854456 0.976857 0.992023 0.995124 0.998594 0.995365 0.977181 0.955642 0.979006 0.852480 0.859524 0.748438 0.807868 0.937183 0.910408 0.917974 0.969482 0.909447 0.909287 0.985111 0.914461 0.870622 0.986149 0.892007 0.925038 0.980709 0.971716 0.929747 0.729163 0.869791 0.857959 0.849460 0.937390 0.989904 0.829244 0.883830 0.970233 0.926827 0.961251 0.996747 0.919564
0.840406 0.959084 0.690161 0.597225 0.702428 0.714794 0.645586 0.697114 0.769282 0.938896 0.799670 0.918469 0.564626 0.690183 0.568068 0.572395 0.820144 0.896138 0.864731 0.974707 0.858324 0.899074 0.000000 0.408215 0.867156 0.714356 0.721695 0.828631 0.869705 0.944217 0.733933 0.771496 0.793548 0.796263 0.811361 0.910537 0.751443 0.961629 0.899603 0.938726 0.771342 0.896522 0.979344 0.999331 0.846195 0.867422 0.885798 0.795079 0.876935 0.970525 0.810088 0.848286 0.868100 0.789282 0.986808 0.946207 0.882588 0.848678 0.844798 0.889197 0.624386 0.830240 0.913197 0.960854 0.562454 0.564996 0.765288 0.622019 0.669020 0.777526 0.936210 0.875467 0.705850 0.765744 0.913931 0.901383 0.949079 0.822358 0.909979 0.961348 0.843369 0.811680 0.619138 0.799730 0.448857 0.466616 0.754219 0.608347 0.858821 0.786920 0.658937 0.884932 0.856656 0.901468 0.870555 0.861429 0.930260 0.968442 0.849454 0.781450 0.714398 0.785737 0.975675 0.833768 0.666621 0.787720 0.979902 0.944984 0.997830 0.994127 0.905590 0.897580 0.952801 0.977753 0.762031 0.886271
0.979641 0.978802 0.664022 0.531537 0.817727 0.753048 0.700722 0.763119 0.940985 0.851014 0.788430 0.915691 0.692687 0.775202 0.729240 0.612590 0.872211 0.913845 0.808971 0.955104 0.815171 0.950304 0.408215 0.000000 0.767673 0.698995 0.719097 0.903433 0.847571 0.896002 0.777463 0.734496 0.843958 0.803562 0.933422 0.876319 0.796785 0.914608 0.991259 0.896915 0.907524 0.986467 0.929899 0.955770 0.976252 0.953197 0.799836 0.834831 0.826299 0.962403 0.824001 0.944697 0.965020 0.965667 0.867891 0.961960 0.996968 0.935954 0.931861 0.930614 0.755018 0.896560 0.943626 0.993844 0.567479 0.549062 0.752005 0.617186 0.850321 0.853696 0.998352 0.776763 0.734263 0.806927 0.978960 0.948088 0.979605 0.844139 0.913920 0.846758 0.831522 0.749650 0.710693 0.803919 0.488408 0.477152 0.797274 0.639413 0.866040 0.794556 0.735525 0.854731 0.832456 0.845290 0.835638 0.903047 0.975031 0.884235 0.974167 0.868556 0.661359 0.868425 0.939376 0.883239 0.697055 0.725117 0.984162 0.951503 0.893141 0.940389 0.886645 0.984397 0.898979 0.909625 0.863452 0.707969
0.773384 0.900818 0.472419 0.669461 0.965622 0.909347 0.621515 0.959454 0.894677 0.876250 0.960912 0.753801 0.934037 0.824107 0.948319 0.905315 0.995338 0.882563 0.697250 0.953653 0.765161 0.883916 0.867156 0.767673 0.000000 0.526325 0.833957 0.965698 0.838812 0.813496 0.742681 0.967546 0.853917 0.843065 0.765910 0.954387 0.781217 0.896198 0.738782 0.826767 0.912677 0.982804 0.570327 0.712810 0.946359 0.950067 0.654060 0.733897 0.999272 0.862931 0.960330 0.913660 0.949621 0.836003 0.852087 0.824953 0.870636 0.983987 0.706901 0.895603 0.962039 0.791350 0.766078 0.645362 0.546280 0.762415 0.611838 0.714967 0.863283 0.998515 0.861406 0.896807 0.964589 0.932552 0.886205 0.995578 0.900400 0.937430 0.920052 0.977918 0.977548 0.887455 0.905513 0.965720 0.735473 0.804823 0.813154 0.960414 0.870283 0.902305 0.905016 0.818534 0.784639 0.729794 0.943018 0.836650 0.961880 0.999707 0.913049 0.941296 0.768797 0.963007 0.949971 0.917951 0.889226 0.942914 0.994914 0.947050 0.904888 0.939522 0.998262 0.936446 0.931922 0.932041 0.955447 0.714215
0.823238 0.960073 0.513351 0.543528 0.867934 0.824556 0.582074 0.949605 0.752885 0.805287 0.921046 0.794044 0.918511 0.804189 0.938090 0.953393 0.909789 0.869116 0.682302 0.941431 0.620581 0.975391 0.714356 0.698995 0.526325 0.000000 0.791024 0.826199 0.766518 0.706681 0.720453 0.995099 0.812545 0.822218 0.850843 0.892758 0.747460 0.934204 0.738175 0.881061 0.931200 0.941915 0.754786 0.854686 0.986473 0.974302 0.738728 0.843271 0.969767 0.949684 0.995000 0.980283 0.923362 0.873568 0.851023 0.823851 0.926518 0.921938 0.891680 0.960880 0.933551 0.825868 0.824604 0.676675 0.518833 0.660050 0.557276 0.621758 0.940127 0.817507 0.847001 0.905714 0.952456 0.974609 0.875680 0.897403 0.951102 0.897895 0.868447 0.990007 0.947592 0.905296 0.985738 0.979576 0.640536 0.616303 0.795694 0.937604 0.858565 0.786514 0.797065 0.717462 0.734148 0.703992 0.820148 0.866791 0.977983 0.961036 0.943733 0.845828 0.776763 0.902754 0.752825 0.970490 0.842169 0.865737 0.815335 0.987655 0.882814 0.907404 0.967776 0.885345 0.984115 0.871229 0.843960 0.826731
0.990109 0.906662 0.845801 0.848455 0.912373 0.893054 0.874133 0.994340 0.927494 0.830483 0.872424 0.916908 0.919237 0.987362 0.903600 0.923605 0.934446 0.916616 0.876955 0.968715 0.911260 0.897601 0.721695 0.719097 0.833957 0.791024 0.000000 0.962953 0.794352 0.933410 0.954693 0.872451 0.938600 0.960862 0.911937 0.938943 0.981969 0.999513 0.889813 0.985645 0.980442 0.946559 0.945927 0.905410 0.913992 0.905807 0.919762 0.982470 0.835525 0.900304 0.885452 0.833802 0.877690 0.901059 0.982388 0.898560 0.960826 0.899708 0.903429 0.894714 0.981264 0.902476 0.898851 0.868718 0.830601 0.839317 0.999592 0.935160 0.966447 0.968205 0.998322 0.953173 0.849765 0.915055 0.967379 0.979426 0.945979 0.950644 0.982310 0.910920 0.968523 0.952912 0.930918 0.980940 0.792355 0.782889 0.986851 0.858247 0.993247 0.981849 0.883543 0.952384 0.958041 0.890870 0.961708 0.877056 0.887317 0.754630 0.942736 0.940890 0.836201 0.900926 0.990940 0.965777 0.835590 0.852144 0.868651 0.897083 0.931908 0.998320 0.981081 0.982332 0.908061 0.887473 0.986874 0.837160
0.887066 0.898113 0.879418 0.822857 0.923643 0.805714 0.927387 0.962252 0.994316 0.965114 0.821335 0.886527 0.949311 0.961966 0.869373 0.979438 0.878581 0.881272 0.926191 0.853336 0.795668 0.914139 0.828631 0.903433 0.965698 0.826199 0.962953 0.000000 0.925526 0.950627 0.877637 0.939553 0.996572 0.973259 0.822881 0.966496 0.873606 0.955686 0.970938 0.832771 0.995306 0.988969 0.962812 0.908417 0.950240 0.959524 0.920341 0.992571 0.998687 0.998299 0.974954 0.880061 0.972777 0.885973 0.899262 0.986579 0.857675 0.898642 0.844619 0.857990 0.970970 0.900860 0.987499 0.881790 0.817575 0.910231 0.866583 0.944260 0.779132 0.874732 0.986521 0.925152 0.857006 0.945992 0.942807 0.946530 0.981978 0.979073 0.871225 0.920613 0.838023 0.843725 0.958618 0.958379 0.948321 0.883317 0.989035 0.988749 0.812290 0.999567 0.853859 0.888080 0.833302 0.944282 0.976357 0.992476 0.981695 0.906821 0.889268 0.980115 0.858824 0.835415 0.935332 0.933763 0.980855 0.980971 0.995711 0.913136 0.987041 0.918247 0.943588 0.972780 0.940559 0.856789 0.993248 0.833360
0.699239 0.613028 0.820116 0.843916 0.917315 0.924840 0.849313 0.885939 0.732576 0.619818 0.631879 0.518809 0.908584 0.752442 0.837564 0.849814 0.424789 0.430335 0.654458 0.552275 0.964280 0.833612 0.869705 0.847571 0.838812 0.766518 0.794352 0.925526 0.000000 0.390573 0.716509 0.712294 0.604788 0.599721 0.961087 0.818551 0.946416 0.863422 0.743935 0.966430 0.885341 0.827854 0.815088 0.614073 0.677238 0.573843 0.732514 0.725858 0.749198 0.782352 0.714208 0.882541 0.905219 0.849284 0.874507 0.904147 0.580505 0.582050 0.793066 0.870646 0.832947 0.787810 0.467479 0.480704 0.777553 0.821589 0.995872 0.938103 0.910584 0.544306 0.877146 0.853465 0.622865 0.620959 0.905410 0.865900 0.768604 0.855624 0.645376 0.631961 0.516910 0.700141 0.820193 0.800566 0.848007 0.892017 0.907322 0.976461 0.720550 0.991667 0.598919 0.554050 0.637305 0.607807 0.823291 0.845584 0.817116 0.809249 0.911822 0.925143 0.926353 0.943839 0.608736 0.733023 0.964144 0.919357 0.873658 0.824911 0.940913 0.730359 0.730864 0.803244 0.994215 0.764848 0.888091 0.920534
0.829806 0.713984 0.804024 0.832163 0.999950 0.908684 0.814678 0.932321 0.608569 0.716343 0.726679 0.549635 0.832912 0.648222 0.743171 0.790696 0.430755 0.418925 0.695969 0.535549 0.954624 0.946850 0.944217 0.896002 0.813496 0.706681 0.933410 0.950627 0.390573 0.000000 0.745840 0.643511 0.640235 0.623734 0.927241 0.871888 0.937257 0.988823 0.818372 0.942746 0.903213 0.921880 0.934693 0.713189 0.823360 0.743400 0.832540 0.809561 0.945625 0.940316 0.872364 0.939215 0.982837 0.922755 0.917935 0.779309 0.656815 0.648238 0.907174 0.939014 0.842001 0.828872 0.508696 0.502404 0.741089 0.801198 0.852953 0.993524 0.982688 0.578140 0.916347 0.802838 0.698622 0.699165 0.937957 0.815608 0.856317 0.880045 0.646522 0.569681 0.553568 0.680823 0.733283 0.821505 0.856834 0.891104 0.988207 0.956580 0.711100 0.901782 0.586017 0.438631 0.532319 0.515035 0.791076 0.891257 0.872110 0.843892 0.974585 0.923351 0.989985 0.902017 0.574269 0.896567 0.990827 0.855058 0.921410 0.764080 0.855691 0.683459 0.697804 0.873782 0.996112 0.827269 0.917097 0.835548
0.889757 0.798005 0.783551 0.806907 0.984162 0.709316 0.895072 0.951215 0.979806 0.761640 0.844156 0.957289 0.853233 0.900190 0.767917 0.800096 0.767163 0.804114 0.626541 0.836996 0.905187 0.902988 0.733933 0.777463 0.742681 0.720453 0.954693 0.877637 0.716509 0.745840 0.000000 0.574078 0.585922 0.693203 0.872192 0.977291 0.742338 0.858088 0.989662 0.903691 0.967382 0.955462 0.698475 0.689145 0.664511 0.684225 0.628441 0.586408 0.779553 0.816340 0.736583 0.949580 0.874376 0.809636 0.715609 0.967548 0.738869 0.829259 0.989152 0.950459 0.922844 0.933488 0.851346 0.938120 0.884533 0.998615 0.847968 0.815806 0.922312 0.848868 0.832843 0.776604 0.884205 0.875567 0.958440 0.770819 0.967315 0.854601 0.890308 0.728484 0.766610 0.764386 0.786496 0.814564 0.870510 0.853659 0.902656 0.770220 0.921822 0.909530 0.902927 0.842966 0.905089 0.889375 0.974986 0.761970 0.905514 0.862043 0.865975 0.974960 0.847992 0.969243 0.904184 0.980217 0.994529 0.979505 0.957680 0.865525 0.899272 0.906197 0.880510 0.864847 0.991455 0.977792 0.925503 0.989855
0.984077 0.923904 0.907142 0.926278 0.953122 0.866045 0.985511 0.993374 0.762153 0.921982 0.975368 0.834226 0.796586 0.736710 0.595920 0.736109 0.737512 0.775673 0.740656 0.781763 0.914957 0.939384 0.771496 0.734496 0.967546 0.995099 0.872451 0.939553 0.712294 0.643511 0.574078 0.000000 0.639538 0.795924 0.944928 0.889724 0.939314 0.859753 0.863046 0.880657 0.944573 0.854225 0.867115 0.807411 0.804191 0.806456 0.728232 0.747575 0.976882 0.908243 0.830359 0.979726 0.966950 0.889201 0.777878 0.938989 0.818765 0.830601 0.895448 0.911351 0.929627 0.978271 0.802899 0.823755 0.998494 0.977982 0.996021 0.889400 0.965417 0.877237 0.993928 0.690597 0.939380 0.880116 0.987725 0.904560 0.979968 0.870264 0.770282 0.626580 0.739262 0.762963 0.721822 0.746695 0.918175 0.856414 0.937442 0.712277 0.916134 0.993606 0.871100 0.812544 0.765182 0.884602 0.964421 0.918626 0.965089 0.761076 0.936556 0.959429 0.890335 0.956393 0.818281 0.965777 0.934949 0.936616 0.903068 0.920427 0.902867 0.902468 0.824562 0.771247 0.997482 0.845392 0.947484 0.966350
0.711781 0.588503 0.709905 0.653668 0.968278 0.979472 0.695203 0.667042 0.993720 0.756267 0.776945 0.705150 0.721671 0.743052 0.747003 0.798263 0.582455 0.606243 0.522578 0.555907 0.905449 0.879895 0.793548 0.843958 0.853917 0.812545 0.938600 0.996572 0.604788 0.640235 0.585922 0.639538 0.000000 0.486721 0.790189 0.968284 0.854868 0.941084 0.973666 0.916606 0.960586 0.816411 0.653570 0.538424 0.733680 0.663933 0.584066 0.542745 0.883668 0.789895 0.623175 0.768380 0.858404 0.926748 0.811987 0.994513 0.591692 0.599895 0.640933 0.724614 0.634794 0.785596 0.585667 0.670727 0.769851 0.805230 0.679169 0.585469 0.989863 0.837143 0.845821 0.758333 0.897706 0.911555 0.938024 0.860274 0.736708 0.761145 0.772876 0.633549 0.529246 0.617338 0.738462 0.703832 0.760282 0.781084 0.823985 0.896247 0.971471 0.717345 0.974715 0.875672 0.918047 0.934386 0.831681 0.784277 0.930472 0.887376 0.720947 0.750600 0.769587 0.848728 0.774744 0.820083 0.726674 0.921585 0.914608 0.899036 0.971549 0.818020 0.782485 0.863922 0.975534 0.968071 0.665510 0.939980
0.551738 0.516459 0.753886 0.667475 0.913129 0.956745 0.703366 0.592030 0.857380 0.833379 0.747232 0.580728 0.740718 0.723977 0.813842 0.737817 0.582299 0.518698 0.513007 0.564773 0.896944 0.936117 0.796263 0.803562 0.843065 0.822218 0.960862 0.973259 0.599721 0.623734 0.693203 0.795924 0.486721 0.000000 0.842113 0.999605 0.824467 0.901628 0.974090 0.910893 0.950374 0.866543 0.655391 0.506579 0.799468 0.683715 0.606804 0.523917 0.936925 0.920399 0.679183 0.897166 0.990004 0.923763 0.861830 0.963346 0.553556 0.598698 0.617084 0.695507 0.605292 0.668066 0.575466 0.603449 0.732905 0.715341 0.623745 0.547123 0.941170 0.737298 0.742855 0.736941 0.758047 0.753190 0.896300 0.863025 0.704412 0.662034 0.726948 0.664120 0.485447 0.552359 0.707162 0.666965 0.719046 0.710930 0.884947 0.881101 0.927417 0.776276 0.941550 0.817156 0.887370 0.913730 0.834631 0.700099 0.784886 0.855093 0.749239 0.726669 0.683328 0.989596 0.675570 0.786645 0.700308 0.919124 0.929214 0.864937 0.871835 0.661907 0.728248 0.776471 0.851075 0.934699 0.671351 0.812013
0.850706 0.882675 0.719242 0.722993 0.957526 0.828545 0.706762 0.808173 0.810929 0.922126 0.945040 0.979265 0.827584 0.953286 0.908190 0.977711 0.989394 0.958788 0.892561 0.951570 0.876547 0.915353 0.811361 0.933422 0.765910 0.850843 0.911937 0.822881 0.961087 0.927241 0.872192 0.944928 0.790189 0.842113 0.000000 0.906536 0.727239 0.960784 0.905109 0.987638 0.920041 0.949926 0.716260 0.738926 0.786490 0.778601 0.840388 0.751516 0.841831 0.728510 0.767130 0.749532 0.794660 0.893599 0.859645 0.846073 0.923533 0.883971 0.790178 0.843401 0.736621 0.804917 0.988339 0.979211 0.664043 0.723535 0.685378 0.693652 0.984432 0.908805 0.911265 0.975351 0.908526 0.920286 0.997350 0.910791 0.770695 0.777180 0.924505 0.929492 0.899814 0.878354 0.880865 0.763361 0.720073 0.767071 0.972826 0.937403 0.861497 0.779654 0.793227 0.843967 0.820499 0.781990 0.987037 0.795142 0.951062 0.919982 0.874059 0.936113 0.913206 0.678533 0.981215 0.848513 0.845324 0.990914 0.896374 0.985431 0.984612 0.970405 0.965602 0.942974 0.819317 0.954585 0.769922 0.967997
0.940117 0.999846 0.926797 0.948283 0.776877 0.950561 0.962530 0.979730 0.868289 0.988239 0.941773 0.950779 0.994572 0.884193 0.874679 0.911726 0.966433 0.987118 0.998660 0.945819 0.943231 0.829320 0.910537 0.876319 0.954387 0.892758 0.938943 0.966496 0.818551 0.871888 0.977291 0.889724 0.968284 0.999605 0.906536 0.000000 0.887311 0.967735 0.903110 0.922917 0.946076 0.996766 0.967609 0.943728 0.901494 0.903124 0.952488 0.979382 0.896635 0.955135 0.961370 0.942112 0.986905 0.973521 0.873736 0.979194 0.920387 0.967966 0.983662 0.996869 0.965658 0.932912 0.926239 0.922703 0.919463 0.959606 0.990847 0.999554 0.897497 0.931333 0.896236 0.894880 0.951087 0.958034 0.969170 0.911056 0.910067 0.884053 0.854430 0.997096 0.991102 0.917627 0.877618 0.824744 0.840480 0.871399 0.911008 0.766584 0.839596 0.771813 0.954165 0.975883 0.935262 0.973526 0.990416 0.940065 0.894927 0.957440 0.969784 0.980178 0.878877 0.891228 0.939220 0.937268 0.934306 0.915210 0.899749 0.987502 0.988345 0.954277 0.910720 0.943778 0.949034 0.937384 0.936344 0.903454
0.864370 0.829658 0.873266 0.884325 0.961980 0.793039 0.954945 0.973048 0.868021 0.898619 0.992657 0.991903 0.925438 0.864663 0.968754 0.888704 0.995027 0.978742 0.860848 0.939875 0.901169 0.830257 0.751443 0.796785 0.781217 0.747460 0.981969 0.873606 0.946416 0.937257 0.742338 0.939314 0.854868 0.824467 0.727239 0.887311 0.000000 0.650150 0.830953 0.999295 0.978071 0.917689 0.750151 0.837350 0.690350 0.688974 0.722225 0.695206 0.723809 0.721072 0.840220 0.842550 0.876133 0.875869 0.772203 0.704213 0.850126 0.862901 0.991323 0.948699 0.987858 0.952592 0.994080 0.992126 0.828636 0.965113 0.759787 0.707651 0.982165 0.937064 0.729180 0.857971 0.996425 0.925483 0.880801 0.939111 0.959527 0.795422 0.967243 0.980347 0.940392 0.897701 0.903468 0.853451 0.846534 0.885889 0.892640 0.827449 0.796004 0.852161 0.944619 0.924115 0.795245 0.975001 0.982754 0.826865 0.873582 0.840385 0.719000 0.879111 0.711696 0.925359 0.897575 0.923520 0.858391 0.851628 0.982574 0.940993 0.905000 0.856132 0.941813 0.878383 0.931211 0.896210 0.785267 0.961462
0.875409 0.789355 0.985549 0.984802 0.867165 0.859876 0.891380 0.998241 0.972612 0.793771 0.939836 0.933383 0.863431 0.907831 0.978553 0.964100 0.956050 0.930898 0.848381 0.904737 0.928911 0.812765 0.961629 0.914608 0.896198 0.934204 0.999513 0.955686 0.863422 0.988823 0.858088 0.859753 0.941084 0.901628 0.960784 0.967735 0.650150 0.000000 0.951397 0.955559 0.871531 0.768207 0.642741 0.746226 0.678990 0.664870 0.690586 0.658445 0.668270 0.667952 0.851228 0.841918 0.875303 0.953226 0.778232 0.811643 0.827732 0.843554 0.935307 0.961713 0.888917 0.915762 0.947313 0.950286 0.936759 0.957710 0.869551 0.925689 0.729017 0.811107 0.775803 0.675431 0.874916 0.816405 0.903948 0.935241 0.999449 0.920935 0.814589 0.949740 0.944685 0.930582 0.955437 0.888304 0.939723 0.974236 0.906573 0.976549 0.808298 0.951123 0.944324 0.941457 0.863263 0.918512 0.986715 0.782047 0.697137 0.748319 0.812124 0.790925 0.743637 0.874602 0.813066 0.690799 0.910726 0.717624 0.894041 0.981104 0.913882 0.911477 0.809560 0.852862 0.927024 0.826350 0.924336 0.808850
