0.000000 0.341430 0.779175 0.868535 0.932792 0.841710 0.909792 0.615473 0.928291 0.717912 0.613323 0.369840 0.599806 0.584893 0.827894 0.788292 0.571187 0.492460 0.637113 0.531997 0.889407 0.983482 0.871789 0.867848 0.723387 0.699687 0.822893 0.928089 0.628329 0.623110 0.863804 0.718924 0.738654 0.706100 0.890929 0.969869 0.754171 0.933523 0.985381 0.986957 0.905512 0.919909 0.741858 0.648764 0.727544 0.636995 0.752844 0.754867 0.518486 0.479759 0.494405 0.541072 0.767349 0.788377 0.804573 0.847416 0.401249 0.374326 0.513936 0.398562 0.658099 0.594247 0.461757 0.376721 0.779639 0.932085 0.942233 0.815262 0.548615 0.598104 0.764053 0.706747 0.827438 0.895738 0.799581 0.978557 0.906402 0.866172 0.776029 0.745305 0.421497 0.471573 0.935120 0.893066 0.621921 0.584746 0.750889 0.994775 0.681814 0.554667 0.692675 0.767769 0.761903 0.937221 0.842099 0.945640 0.886745 0.863818 0.562435 0.657771 0.924804 0.772753 0.609163 0.820137 0.857994 0.996111 0.923771 0.929485 0.971111 0.852289 0.913353 0.710994 0.681604 0.892173 0.966905 0.982436
0.341430 0.000000 0.839146 0.846460 0.825487 0.954362 0.963256 0.674391 0.817265 0.791213 0.663751 0.493625 0.682731 0.701609 0.919777 0.945874 0.512306 0.477853 0.752626 0.585903 0.961849 0.937054 0.993616 0.964640 0.809651 0.712224 0.839363 0.987298 0.610230 0.618708 0.809221 0.761311 0.826898 0.663502 0.902124 0.947279 0.954779 0.879647 0.967578 0.968702 0.860320 0.860260 0.655025 0.614843 0.727559 0.612561 0.698430 0.799210 0.525537 0.453196 0.516998 0.505633 0.751308 0.778086 0.820453 0.788476 0.330143 0.349843 0.498099 0.404212 0.763852 0.723968 0.551609 0.458076 0.745227 0.888039 0.938116 0.777221 0.546206 0.531091 0.836031 0.712334 0.860789 0.945808 0.823420 0.962757 0.867423 0.880762 0.695897 0.704749 0.454164 0.594292 0.946607 0.952796 0.855001 0.770152 0.811020 0.914225 0.803776 0.644255 0.792361 0.806978 0.828504 0.921088 0.898138 0.952957 0.812764 0.798783 0.643573 0.650901 0.950009 0.826267 0.677451 0.773995 0.946691 0.957686 0.902992 0.952118 0.991389 0.830133 0.965514 0.762047 0.693485 0.835798 0.943071 0.945701
0.779175 0.839146 0.000000 0.645753 0.953054 0.905747 0.566030 0.798970 0.668023 0.906146 0.856610 0.802088 0.943835 0.934236 0.930295 0.935452 0.976132 0.944821 0.929053 0.948165 0.897455 0.878217 0.840371 0.845655 0.536918 0.516894 0.932049 0.903444 0.912422 0.956528 0.663106 0.855854 0.951166 0.855979 0.695805 0.946212 0.944076 0.959719 0.734078 0.994788 0.838622 0.912958 0.978421 0.975236 0.821799 0.779960 0.882225 0.905760 0.653835 0.689473 0.753668 0.736303 0.887912 0.988903 0.949410 0.962685 0.901798 0.869591 0.993092 0.835781 0.821945 0.925602 0.975803 0.846331 0.559633 0.580828 0.615405 0.792121 0.875951 0.998145 0.938306 0.887358 0.776895 0.703929 0.918625 0.948822 0.709432 0.958195 0.982125 0.880227 0.801315 0.904667 0.969671 0.625775 0.961769 0.980485 0.898638 0.819368 0.670788 0.764274 0.874807 0.988560 0.857782 0.824157 0.917102 0.957716 0.825195 0.975034 0.985750 0.875412 0.807530 0.859775 0.972494 0.885923 0.783104 0.879077 0.848377 0.872276 0.979231 0.893115 0.953528 0.925502 0.964696 0.870573 0.802328 0.927307
0.868535 0.846460 0.645753 0.000000 0.814480 0.589666 0.587698 0.512791 0.586676 0.613930 0.979938 0.872981 0.778996 0.716768 0.668999 0.579328 0.791502 0.830050 0.659429 0.829029 0.822429 0.980454 0.533325 0.617557 0.806078 0.746907 0.900817 0.907695 0.777543 0.757441 0.501104 0.724611 0.632439 0.722580 0.758681 0.881749 0.969967 0.922817 0.892864 0.818488 0.988413 0.966883 0.820092 0.815324 0.823558 0.926406 0.936795 0.943525 0.995080 0.902644 0.764380 0.728783 0.688559 0.564800 0.810843 0.902461 0.843700 0.740885 0.811034 0.745774 0.632833 0.719612 0.730169 0.763958 0.828221 0.589417 0.530072 0.631097 0.909468 0.740623 0.586688 0.543714 0.616947 0.631199 0.937653 0.900124 0.593277 0.715351 0.870904 0.842835 0.957116 0.987633 0.983585 0.653093 0.878408 0.786878 0.889886 0.768465 0.887840 0.909565 0.442054 0.561437 0.445976 0.483982 0.840516 0.836269 0.746029 0.903790 0.561090 0.524435 0.662828 0.619031 0.723859 0.767927 0.652854 0.833625 0.968074 0.878345 0.978039 0.969248 0.856206 0.792038 0.784058 0.941284 0.649875 0.919282
0.932792 0.825487 0.953054 0.814480 0.000000 0.656398 0.748767 0.723709 0.512469 0.674690 0.980133 0.937156 0.715880 0.793255 0.671014 0.697788 0.909068 0.835787 0.688508 0.861894 0.971204 0.945180 0.615661 0.777808 0.857642 0.979279 0.837862 0.825059 0.881836 0.899969 0.882968 0.892950 0.838000 0.987527 0.873687 0.991862 0.908759 0.973617 0.910063 0.868259 0.881748 0.845912 0.879335 0.892301 0.929925 0.981336 0.805548 0.897346 0.920054 0.870127 0.914623 0.961961 0.791895 0.792629 0.978083 0.954995 0.816162 0.971034 0.959376 0.965851 0.733856 0.621600 0.898797 0.890027 0.995982 0.836217 0.863650 0.959878 0.967267 0.968602 0.657692 0.953841 0.931655 0.859655 0.946200 0.975657 0.798799 0.845412 0.784248 0.971420 0.920696 0.994914 0.870710 0.838192 0.743398 0.870619 0.917170 0.865487 0.859153 0.894100 0.626803 0.599170 0.671942 0.741371 0.963492 0.876171 0.836615 0.882837 0.823599 0.807745 0.731725 0.708881 0.966320 0.859594 0.908065 0.901664 0.821956 0.946606 0.926571 0.860685 0.877754 0.844092 0.953687 0.950006 0.898680 0.912816
0.841710 0.954362 0.905747 0.589666 0.656398 0.000000 0.584373 0.549152 0.645581 0.578707 0.932398 0.832191 0.810724 0.821732 0.703869 0.631558 0.776775 0.847354 0.610038 0.795945 0.878760 0.993803 0.555149 0.616471 0.979657 0.925812 0.991513 0.877984 0.744213 0.797281 0.657508 0.826597 0.650946 0.717739 0.772196 0.962485 0.833229 0.914916 0.925413 0.873137 0.966591 0.945615 0.803183 0.745692 0.568797 0.700152 0.914758 0.777958 0.758347 0.701949 0.594975 0.681402 0.604025 0.521508 0.825447 0.749495 0.977057 0.877591 0.745988 0.728095 0.568400 0.674264 0.704898 0.675386 0.982903 0.809890 0.562386 0.657727 0.986945 0.880085 0.740977 0.754116 0.816146 0.887376 0.921028 0.916541 0.693195 0.779104 0.962827 0.727289 0.776758 0.793894 0.964872 0.885387 0.666670 0.654961 0.974276 0.991114 0.942888 0.905081 0.449839 0.586532 0.468498 0.803574 0.867121 0.944502 0.824349 0.890069 0.539497 0.623248 0.720854 0.692926 0.660139 0.849505 0.785312 0.919743 0.941276 0.979179 0.931933 0.969864 0.955566 0.646700 0.726852 0.910426 0.697923 0.855204
0.909792 0.963256 0.566030 0.587698 0.748767 0.584373 0.000000 0.361004 0.559361 0.388754 0.777918 0.835075 0.695587 0.818114 0.676693 0.839300 0.702149 0.775631 0.461944 0.723702 0.986523 0.938946 0.771341 0.987059 0.949133 0.820153 0.833784 0.949053 0.502279 0.678334 0.532835 0.622366 0.618882 0.551260 0.778461 0.954923 0.849550 0.895899 0.938047 0.941330 0.810748 0.887921 0.667683 0.646790 0.713122 0.719971 0.700786 0.734643 0.911860 0.949781 0.791062 0.992513 0.909324 0.866223 0.838358 0.881023 0.953261 0.986125 0.689686 0.813320 0.328246 0.576577 0.496719 0.658363 0.961416 0.621542 0.594774 0.608633 0.957758 0.927131 0.746945 0.826022 0.718279 0.763227 0.994986 0.963970 0.570041 0.913141 0.780809 0.841041 0.761506 0.723513 0.954151 0.786172 0.781767 0.911604 0.909829 0.827575 0.833676 0.880951 0.521812 0.719113 0.573823 0.884655 0.886543 0.898360 0.794083 0.755522 0.598880 0.621842 0.587132 0.745614 0.708739 0.777423 0.637096 0.933761 0.851094 0.992012 0.927660 0.842302 0.821296 0.793077 0.709596 0.907270 0.821833 0.947234
0.615473 0.674391 0.798970 0.512791 0.723709 0.549152 0.361004 0.000000 0.580510 0.304451 0.614020 0.535499 0.477437 0.522287 0.515766 0.678442 0.619951 0.594411 0.360522 0.489474 0.940763 0.994909 0.649000 0.855227 0.805032 0.977349 0.764685 0.917962 0.418553 0.524029 0.480892 0.565626 0.505931 0.521415 0.906139 0.970341 0.783861 0.980406 0.844517 0.912114 0.923167 0.884342 0.704838 0.639036 0.640200 0.632432 0.786404 0.780621 0.707940 0.770775 0.611658 0.757445 0.780654 0.752226 0.828976 0.864783 0.732829 0.658135 0.623404 0.609433 0.314132 0.362439 0.383769 0.429295 0.822717 0.811327 0.714498 0.658487 0.864175 0.747729 0.542191 0.599211 0.644110 0.672462 0.996350 0.933303 0.595684 0.880542 0.785141 0.687833 0.598786 0.603095 0.968551 0.804233 0.674920 0.785532 0.811099 0.835901 0.943206 0.862348 0.416090 0.527320 0.470687 0.699468 0.844588 0.858974 0.703248 0.808189 0.404636 0.472538 0.516753 0.626149 0.589272 0.624702 0.691338 0.921785 0.891566 0.932091 0.983771 0.872864 0.817142 0.683504 0.679965 0.886415 0.827595 0.959644
0.928291 0.817265 0.668023 0.586676 0.512469 0.645581 0.559361 0.580510 0.000000 0.545263 0.946200 0.973345 0.720478 0.779921 0.692514 0.644508 0.920435 0.877033 0.649444 0.903688 0.943817 0.926933 0.588205 0.774649 0.885661 0.835445 0.868768 0.952838 0.858257 0.906978 0.628291 0.897527 0.848287 0.912343 0.864594 0.981256 0.860405 0.968034 0.877603 0.835355 0.817294 0.974994 0.952318 0.927748 0.967470 0.927030 0.832639 0.903925 0.864746 0.777816 0.984602 0.931859 0.858503 0.845044 0.887552 0.953785 0.850820 0.980121 0.974454 0.952312 0.658625 0.588263 0.901872 0.935200 0.891411 0.715819 0.807614 0.965872 0.980150 0.970582 0.584728 0.775132 0.693317 0.678109 0.893229 0.962889 0.750821 0.835372 0.781080 0.914427 0.843360 0.889245 0.985422 0.645522 0.820892 0.978941 0.863385 0.960986 0.935530 0.944013 0.541452 0.573854 0.625183 0.585179 0.979951 0.853355 0.862637 0.891190 0.733966 0.734967 0.730758 0.721359 0.906632 0.847242 0.756389 0.831032 0.926796 0.790455 0.971582 0.911498 0.868105 0.864772 0.883437 0.990957 0.716003 0.941396
0.717912 0.791213 0.906146 0.613930 0.674690 0.578707 0.388754 0.304451 0.545263 0.000000 0.688994 0.607261 0.504189 0.605676 0.546064 0.745632 0.692681 0.638250 0.400983 0.574056 0.991954 0.977696 0.712958 0.997260 0.718607 0.952689 0.749134 0.930604 0.444683 0.556480 0.514876 0.630848 0.543031 0.543788 0.907797 0.966276 0.757107 0.988168 0.821411 0.903445 0.900961 0.984855 0.644790 0.639678 0.568540 0.565321 0.794920 0.735822 0.661305 0.786159 0.611691 0.792794 0.773561 0.779904 0.793788 0.887357 0.845654 0.775215 0.693164 0.680219 0.349829 0.362028 0.463318 0.488928 0.731039 0.889767 0.782678 0.732010 0.922720 0.779743 0.553124 0.656389 0.767712 0.775025 0.932295 0.926128 0.633723 0.869969 0.841912 0.823402 0.646698 0.734305 0.997430 0.831868 0.766431 0.919675 0.844339 0.790123 0.974071 0.982165 0.448378 0.544749 0.506689 0.773030 0.933730 0.834561 0.830154 0.772680 0.448328 0.512560 0.564936 0.686621 0.612264 0.723741 0.786643 0.913013 0.858792 0.924280 0.966166 0.848422 0.835902 0.674736 0.746249 0.915594 0.828558 0.994985
0.613323 0.663751 0.856610 0.979938 0.980133 0.932398 0.777918 0.614020 0.946200 0.688994 0.000000 0.505675 0.524789 0.608883 0.747155 0.974851 0.642070 0.531715 0.567995 0.567241 0.992987 0.918674 0.919411 0.865288 0.614599 0.742478 0.559949 0.926210 0.542786 0.576066 0.905631 0.744227 0.709629 0.577361 0.858146 0.771070 0.909405 0.904888 0.993716 0.781441 0.884589 0.994972 0.770411 0.590266 0.748208 0.631146 0.768321 0.784841 0.727819 0.827544 0.774362 0.923457 0.916013 0.986480 0.951431 0.910825 0.770640 0.787329 0.727313 0.738394 0.545333 0.603167 0.471352 0.540931 0.644335 0.979879 0.970960 0.863196 0.798487 0.910245 0.862229 0.873278 0.920862 0.965905 0.958228 0.827766 0.917103 0.959318 0.771274 0.698929 0.530657 0.529593 0.971412 0.787564 0.898931 0.926097 0.877553 0.969559 0.906942 0.895089 0.840488 0.964310 0.885604 0.871802 0.960254 0.959539 0.857286 0.831807 0.691367 0.873868 0.676229 0.896148 0.712440 0.790465 0.930763 0.874848 0.958342 0.806643 0.863739 0.890248 0.880193 0.857019 0.760896 0.939464 0.978691 0.892941
0.369840 0.493625 0.802088 0.872981 0.937156 0.832191 0.835075 0.535499 0.973345 0.607261 0.505675 0.000000 0.429597 0.397740 0.584590 0.665911 0.644431 0.438828 0.472373 0.413807 0.961405 0.976533 0.782081 0.831855 0.589262 0.683094 0.753248 0.922205 0.505068 0.455859 0.790005 0.624237 0.606331 0.621436 0.938130 0.840459 0.776618 0.944171 0.946650 0.962066 0.902278 0.944004 0.814709 0.678860 0.677404 0.578814 0.867847 0.821964 0.568403 0.619904 0.607328 0.671516 0.864430 0.887988 0.835646 0.964087 0.593198 0.541393 0.704084 0.621188 0.580022 0.464725 0.469309 0.364618 0.674720 0.869797 0.994270 0.882684 0.664087 0.648507 0.693493 0.621953 0.809734 0.741635 0.951931 0.901378 0.858952 0.953387 0.745183 0.632098 0.438137 0.453504 0.847789 0.840503 0.624107 0.611407 0.889451 0.935048 0.681586 0.658901 0.738629 0.787240 0.792874 0.933990 0.937733 0.987314 0.885090 0.951333 0.560808 0.672774 0.838936 0.759373 0.591020 0.657705 0.898574 0.974482 0.891358 0.904542 0.970196 0.902259 0.908692 0.637806 0.778656 0.934022 0.987711 0.993742
0.599806 0.682731 0.943835 0.778996 0.715880 0.810724 0.695587 0.477437 0.720478 0.504189 0.524789 0.429597 0.000000 0.334559 0.399265 0.604004 0.783493 0.649957 0.419890 0.474363 0.969882 0.975051 0.663514 0.850289 0.618990 0.801111 0.823557 0.953553 0.453098 0.437389 0.625931 0.554501 0.556489 0.625780 0.928762 0.823783 0.880713 0.964909 0.898284 0.868345 0.983197 0.975067 0.850535 0.725793 0.719250 0.638374 0.948755 0.914627 0.749365 0.824360 0.757411 0.800574 0.936090 0.879898 0.961688 0.976067 0.822578 0.692285 0.856881 0.788797 0.449200 0.419461 0.492144 0.468328 0.666485 0.944803 0.996106 0.885015 0.864298 0.715542 0.503319 0.562317 0.666087 0.656958 0.983888 0.867625 0.773626 0.831142 0.881986 0.723334 0.641659 0.675519 0.845563 0.939835 0.789952 0.883459 0.861995 0.957111 0.865816 0.808568 0.660272 0.678778 0.731778 0.819961 0.920522 0.941179 0.735334 0.809235 0.570297 0.665124 0.704819 0.713431 0.660074 0.598861 0.911489 0.931368 0.928343 0.978197 0.954294 0.914372 0.862299 0.703726 0.781118 0.858607 0.909246 0.900788
0.584893 0.701609 0.934236 0.716768 0.793255 0.821732 0.818114 0.522287 0.779921 0.605676 0.608883 0.397740 0.334559 0.000000 0.381998 0.461937 0.797045 0.596302 0.492455 0.408301 0.863582 0.937899 0.569510 0.669533 0.683961 0.888849 0.821573 0.929012 0.564366 0.510168 0.630425 0.566530 0.587982 0.695108 0.987295 0.842142 0.795836 0.965002 0.822756 0.986894 0.968780 0.939344 0.980782 0.850812 0.797094 0.735440 0.998282 0.987501 0.777704 0.833060 0.763278 0.776226 0.913644 0.827598 0.963200 0.924402 0.861028 0.631864 0.951151 0.805775 0.577676 0.432086 0.562946 0.482859 0.738591 0.979493 0.934178 0.921719 0.901657 0.762866 0.513552 0.480971 0.625089 0.562457 0.902570 0.907832 0.790787 0.945890 0.824797 0.712186 0.679307 0.667562 0.826144 0.910661 0.713545 0.738430 0.881716 0.991563 0.784022 0.709834 0.655790 0.649878 0.675205 0.698990 0.845252 0.884736 0.851106 0.914543 0.568008 0.667673 0.734507 0.674012 0.701086 0.610200 0.813241 0.918000 0.990990 0.965539 0.978117 0.918280 0.917169 0.751972 0.772225 0.911232 0.884432 0.981281
0.827894 0.919777 0.930295 0.668999 0.671014 0.703869 0.676693 0.515766 0.692514 0.546064 0.747155 0.584590 0.399265 0.381998 0.000000 0.432013 0.881224 0.706774 0.492685 0.583132 0.907518 0.971938 0.440537 0.626344 0.696791 0.959246 0.861197 0.953032 0.546695 0.512410 0.594120 0.604836 0.518568 0.716051 0.853829 0.968929 0.874433 0.982726 0.831633 0.955172 0.983460 0.999107 0.950437 0.866365 0.685109 0.708230 0.991294 0.973398 0.835613 0.884062 0.824935 0.806033 0.839307 0.723727 0.944913 0.914836 0.917187 0.848039 0.949415 0.944780 0.540949 0.524570 0.639740 0.620030 0.842513 0.972514 0.790097 0.860822 0.922341 0.704370 0.480471 0.477551 0.647132 0.592383 0.770064 0.886382 0.676763 0.937746 0.884824 0.782243 0.792948 0.842343 0.697540 0.872930 0.739140 0.777897 0.996397 0.981371 0.868884 0.856413 0.604976 0.597664 0.588850 0.648339 0.831422 0.998418 0.878201 0.922050 0.525064 0.597959 0.651252 0.646250 0.663412 0.568887 0.773289 0.842697 0.987756 0.968229 0.892859 0.980081 0.871291 0.668833 0.877611 0.838083 0.821639 0.979018
0.788292 0.945874 0.935452 0.579328 0.697788 0.631558 0.839300 0.678442 0.644508 0.745632 0.974851 0.665911 0.604004 0.461937 0.432013 0.000000 0.994325 0.852766 0.636936 0.706737 0.901699 0.899218 0.292756 0.377555 0.929234 0.966903 0.863404 0.902241 0.805552 0.662581 0.676057 0.665253 0.680706 0.871515 0.776552 0.964988 0.846480 0.990620 0.851865 0.997763 0.862192 0.891917 0.955438 0.954535 0.750712 0.862728 0.872897 0.966932 0.872017 0.807944 0.768302 0.677625 0.647312 0.607283 0.886574 0.939953 0.932461 0.807919 0.976029 0.889504 0.700903 0.655986 0.822471 0.728275 0.880786 0.854504 0.670704 0.875078 0.990446 0.789286 0.512687 0.559158 0.663188 0.657767 0.784658 0.958109 0.761028 0.898919 0.996405 0.817892 0.930646 0.903577 0.656078 0.848132 0.564567 0.564053 0.997231 0.844142 0.690327 0.678581 0.580161 0.576474 0.548034 0.580992 0.788259 0.905044 0.953910 0.946149 0.591435 0.609770 0.847132 0.623194 0.705496 0.791250 0.699256 0.830980 0.992480 0.999067 0.885926 0.879044 0.891410 0.678186 0.861770 0.891968 0.688751 0.959184
0.571187 0.512306 0.976132 0.791502 0.909068 0.776775 0.702149 0.619951 0.920435 0.692681 0.642070 0.644431 0.783493 0.797045 0.881224 0.994325 0.000000 0.451867 0.649322 0.642870 0.931209 0.923411 0.981423 0.968769 0.858695 0.852776 0.782434 0.908716 0.460951 0.592994 0.750602 0.741734 0.720407 0.489662 0.915859 0.984951 0.865972 0.966848 0.953374 0.985521 0.965065 0.783905 0.619591 0.497054 0.608925 0.549877 0.504128 0.640985 0.594131 0.580872 0.640068 0.711753 0.818159 0.794527 0.679781 0.650095 0.565369 0.646737 0.542696 0.544732 0.618261 0.748624 0.454369 0.484044 0.817834 0.951222 0.731569 0.655433 0.751764 0.728203 0.890363 0.849361 0.928909 0.991493 0.913090 0.951369 0.667305 0.892373 0.704330 0.761650 0.478038 0.541865 0.984586 0.847885 0.836818 0.785048 0.977072 0.913179 0.997642 0.826159 0.711933 0.868969 0.748760 0.983453 0.944318 0.854450 0.809457 0.822462 0.629977 0.659794 0.776264 0.769333 0.721414 0.807578 0.888048 0.929532 0.997013 0.986004 0.904493 0.754875 0.897321 0.726043 0.631904 0.883843 0.987684 0.803750
0.492460 0.477853 0.944821 0.830050 0.835787 0.847354 0.775631 0.594411 0.877033 0.638250 0.531715 0.438828 0.649957 0.596302 0.706774 0.852766 0.451867 0.000000 0.595377 0.495003 0.966595 0.973598 0.942586 0.963166 0.738391 0.880704 0.669896 0.990151 0.445460 0.440925 0.691697 0.620787 0.614969 0.525015 0.973015 0.961125 0.823243 0.902807 0.957331 0.996787 0.889622 0.865005 0.538847 0.482386 0.586962 0.449984 0.631856 0.606126 0.490519 0.512073 0.528408 0.598746 0.806058 0.730794 0.793297 0.780550 0.576989 0.554093 0.603659 0.558484 0.625477 0.633659 0.457273 0.403915 0.705288 0.946069 0.776941 0.685777 0.717184 0.599743 0.807360 0.698678 0.830400 0.831891 0.938491 0.937373 0.763298 0.918254 0.560823 0.558442 0.367568 0.526527 0.981024 0.835229 0.862025 0.756659 0.943228 0.858594 0.899678 0.828665 0.752295 0.869008 0.739315 0.992998 0.830196 0.933844 0.894505 0.886415 0.563954 0.596141 0.800432 0.782572 0.574893 0.736197 0.817215 0.983325 0.934902 0.916531 0.982609 0.817935 0.859999 0.754086 0.730089 0.837053 0.980379 0.856269
0.637113 0.752626 0.929053 0.659429 0.688508 0.610038 0.461944 0.360522 0.649444 0.400983 0.567995 0.472373 0.419890 0.492455 0.492685 0.636936 0.649322 0.595377 0.000000 0.477865 0.904868 0.989724 0.683709 0.875344 0.686982 0.917905 0.726771 0.966028 0.410238 0.469652 0.574806 0.592823 0.588709 0.493669 0.987732 0.951693 0.791467 0.953862 0.937571 0.914552 0.922430 0.964059 0.730075 0.564372 0.596927 0.585176 0.784713 0.771143 0.721159 0.776519 0.661601 0.775930 0.834027 0.791177 0.804746 0.889018 0.817204 0.763210 0.704649 0.689258 0.361550 0.396390 0.401119 0.421723 0.765214 0.857801 0.745895 0.724243 0.887412 0.796914 0.597727 0.621545 0.657645 0.663759 0.998690 0.942661 0.660010 0.846232 0.827226 0.748956 0.590502 0.602790 0.918001 0.926079 0.678153 0.773301 0.857513 0.956175 0.923007 0.842494 0.493800 0.627926 0.590646 0.813421 0.859527 0.935475 0.742922 0.870652 0.418437 0.569073 0.582041 0.619311 0.546621 0.668205 0.710264 0.933036 0.925994 0.958698 0.887486 0.826256 0.781427 0.619144 0.709615 0.828986 0.831891 0.943306
0.531997 0.585903 0.948165 0.829029 0.861894 0.795945 0.723702 0.489474 0.903688 0.574056 0.567241 0.413807 0.474363 0.408301 0.583132 0.706737 0.642870 0.495003 0.477865 0.000000 0.993942 0.880394 0.807547 0.822137 0.722576 0.894889 0.741565 0.989348 0.497780 0.522189 0.706986 0.631421 0.609752 0.635686 0.988743 0.951621 0.913543 0.987758 0.920145 0.923232 0.980288 0.903903 0.870026 0.718466 0.735926 0.646837 0.816387 0.822567 0.677933 0.760509 0.691553 0.782853 0.954616 0.880258 0.922834 0.915637 0.703969 0.571381 0.706366 0.646378 0.541970 0.457056 0.444301 0.380364 0.681830 0.952439 0.882753 0.761088 0.717651 0.714008 0.709148 0.661672 0.770055 0.730518 0.997938 0.899706 0.770198 0.964846 0.685681 0.648349 0.511661 0.491372 0.857753 0.976476 0.695354 0.742205 0.808889 0.998136 0.817474 0.812050 0.675356 0.739671 0.722626 0.888300 0.798575 0.874562 0.803428 0.851567 0.549329 0.665537 0.751934 0.771466 0.650607 0.642004 0.780128 0.884135 0.982017 0.955778 0.865410 0.866042 0.965836 0.728193 0.752464 0.895682 0.972184 0.938118
0.889407 0.961849 0.897455 0.822429 0.971204 0.878760 0.986523 0.940763 0.943817 0.991954 0.992987 0.961405 0.969882 0.863582 0.907518 0.901699 0.931209 0.966595 0.904868 0.993942 0.000000 0.977244 0.946357 0.923566 0.930839 0.758317 0.870593 0.988883 0.952380 0.967723 0.818166 0.971199 0.920009 0.936839 0.831193 0.981452 0.988398 0.822509 0.808222 0.851181 0.982561 0.957036 0.907681 0.824890 0.847199 0.858011 0.918472 0.827669 0.860075 0.896394 0.901865 0.928230 0.891567 0.997161 0.938340 0.827432 0.995519 0.985826 0.911714 0.873793 0.966576 0.976013 0.945737 0.922281 0.882910 0.826251 0.884179 0.973928 0.960084 0.960002 0.945221 0.905116 0.864613 0.796980 0.900929 0.978512 0.874421 0.974134 0.903484 0.991605 0.915488 0.879712 0.915518 0.770244 0.877648 0.971099 0.938586 0.820499 0.921079 0.918713 0.999071 0.971604 0.899368 0.814252 0.846529 0.930243 0.969429 0.988795 0.978494 0.943826 0.887528 0.929701 0.906301 0.821098 0.862994 0.958347 0.949995 0.936044 0.759535 0.996086 0.949196 0.853094 0.925379 0.931191 0.985561 0.947128
0.983482 0.937054 0.878217 0.980454 0.945180 0.993803 0.938946 0.994909 0.926933 0.977696 0.918674 0.976533 0.975051 0.937899 0.971938 0.899218 0.923411 0.973598 0.989724 0.880394 0.977244 0.000000 0.940366 0.897055 0.852177 0.974306 0.900054 0.899172 0.947836 0.922222 0.984218 0.996284 0.998200 0.901755 0.931521 0.922028 0.948690 0.944060 0.994245 0.851614 0.886304 0.808444 0.996703 0.973515 0.952707 0.948776 0.889385 0.867435 0.984621 0.933079 0.897808 0.859127 0.857850 0.910056 0.812831 0.980660 0.936363 0.953179 0.974943 0.985134 0.939334 0.963210 0.985915 0.957046 0.924510 0.987244 0.964001 0.967937 0.996270 0.925086 0.905869 0.860127 0.953730 0.999785 0.923182 0.985747 0.928443 0.970051 0.871053 0.858588 0.910151 0.965447 0.946302 0.966736 0.861360 0.925057 0.963424 0.846012 0.891637 0.983693 0.976670 0.967856 0.978291 0.974039 0.929660 0.816014 0.997184 0.977359 0.989282 0.965282 0.976023 0.906998 0.995767 0.997477 0.908809 0.994410 0.852851 0.967049 0.967287 0.899095 0.849806 0.954824 0.912009 0.880591 0.768716 0.941363
0.871789 0.993616 0.840371 0.533325 0.615661 0.555149 0.771341 0.649000 0.588205 0.712958 0.919411 0.782081 0.663514 0.569510 0.440537 0.292756 0.981423 0.942586 0.683709 0.807547 0.946357 0.940366 0.000000 0.385610 0.999532 0.927799 0.788432 0.859102 0.812351 0.704214 0.615599 0.693775 0.654540 0.928983 0.748203 0.906545 0.857567 0.961782 0.829900 0.953715 0.961748 0.967797 0.928854 0.992620 0.773391 0.905797 0.884810 0.975589 0.934383 0.843975 0.807961 0.713013 0.625167 0.580539 0.896445 0.968475 0.933054 0.829630 0.966591 0.909011 0.703892 0.708236 0.850254 0.782957 0.822987 0.819227 0.596938 0.817931 0.909673 0.742909 0.478823 0.582739 0.651533 0.695474 0.857176 0.992195 0.672862 0.883873 0.945125 0.859645 0.989915 0.999121 0.675824 0.754438 0.569778 0.580045 0.979781 0.858550 0.791222 0.688763 0.549298 0.520387 0.513336 0.523377 0.837675 0.908303 0.877082 0.995050 0.625903 0.591040 0.775426 0.616800 0.740379 0.796654 0.666521 0.780925 0.915832 0.914965 0.903904 0.853902 0.855539 0.692411 0.932022 0.891017 0.741179 0.961196
0.867848 0.964640 0.845655 0.617557 0.777808 0.616471 0.987059 0.855227 0.774649 0.997260 0.865288 0.831855 0.850289 0.669533 0.626344 0.377555 0.968769 0.963166 0.875344 0.822137 0.923566 0.897055 0.385610 0.000000 0.867034 0.831219 0.713865 0.873242 0.986880 0.861872 0.778354 0.883551 0.762750 0.971747 0.754543 0.860312 0.996141 0.912968 0.982693 0.886921 0.885579 0.961229 0.825052 0.886045 0.900362 0.972837 0.837157 0.923551 0.977026 0.871882 0.849146 0.725665 0.679964 0.573273 0.933371 0.993651 0.962756 0.813649 0.954694 0.964948 0.933808 0.942154 0.982800 0.892171 0.788931 0.828594 0.611778 0.846443 0.987149 0.778494 0.692578 0.649801 0.785751 0.688898 0.769004 0.877576 0.761690 0.894732 0.989860 0.861720 0.994897 0.964965 0.755476 0.817711 0.669629 0.518194 0.950271 0.820222 0.765970 0.763598 0.680033 0.714988 0.615485 0.621983 0.845284 0.918038 0.930671 0.908403 0.715353 0.739336 0.946121 0.678314 0.806077 0.769460 0.714437 0.767373 0.889299 0.972079 0.943391 0.819186 0.981248 0.711298 0.921195 0.822755 0.803932 0.889481
0.723387 0.809651 0.536918 0.806078 0.857642 0.979657 0.949133 0.805032 0.885661 0.718607 0.614599 0.589262 0.618990 0.683961 0.696791 0.929234 0.858695 0.738391 0.686982 0.722576 0.930839 0.852177 0.999532 0.867034 0.000000 0.539016 0.766274 0.945350 0.647973 0.715785 0.978412 0.782693 0.738176 0.820432 0.831276 0.898678 0.829215 0.980192 0.876346 0.921338 0.987712 0.939654 0.773818 0.716662 0.593117 0.525262 0.896379 0.792764 0.586519 0.683104 0.674749 0.749831 0.878250 0.949293 0.928472 0.933815 0.919638 0.929470 0.910324 0.822551 0.721317 0.604077 0.665734 0.594915 0.468783 0.719847 0.828340 0.957600 0.993572 0.851839 0.838571 0.900480 0.978030 0.966276 0.943674 0.965436 0.906137 0.958607 0.866511 0.711746 0.571903 0.715226 0.880782 0.788201 0.848773 0.937496 0.998415 0.958390 0.730719 0.809102 0.886254 0.886334 0.922970 0.852353 0.946197 0.866422 0.907559 0.874369 0.719020 0.877731 0.896924 0.918161 0.788123 0.757200 0.970583 0.943183 0.907727 0.924930 0.992419 0.997492 0.874335 0.823244 0.836634 0.927707 0.794642 0.874071
0.699687 0.712224 0.516894 0.746907 0.979279 0.925812 0.820153 0.977349 0.835445 0.952689 0.742478 0.683094 0.801111 0.888849 0.959246 0.966903 0.852776 0.880704 0.917905 0.894889 0.758317 0.974306 0.927799 0.831219 0.539016 0.000000 0.992011 0.951761 0.889935 0.899505 0.814824 0.981765 0.959252 0.960949 0.759746 0.992097 0.977828 0.956572 0.820672 0.956509 0.917377 0.969935 0.971191 0.877755 0.792159 0.753033 0.980967 0.911614 0.643154 0.723980 0.817574 0.793895 0.846079 0.951094 0.935755 0.948539 0.771072 0.773116 0.969764 0.824236 0.996981 0.789832 0.917211 0.776523 0.629497 0.540345 0.638458 0.738608 0.843370 0.864058 0.911176 0.978974 0.842419 0.785190 0.863833 0.874145 0.888466 0.954409 0.941175 0.846062 0.748263 0.785625 0.875967 0.731444 0.834542 0.943526 0.972934 0.767723 0.726186 0.611673 0.934589 0.878556 0.894679 0.904298 0.881232 0.835829 0.864442 0.869604 0.934213 0.935454 0.931091 0.920810 0.898381 0.958074 0.727431 0.736091 0.916091 0.980922 0.954010 0.928691 0.961736 0.788871 0.962084 0.823028 0.812487 0.872065
0.822893 0.839363 0.932049 0.900817 0.837862 0.991513 0.833784 0.764685 0.868768 0.749134 0.559949 0.753248 0.823557 0.821573 0.861197 0.863404 0.782434 0.669896 0.726771 0.741565 0.870593 0.900054 0.788432 0.713865 0.766274 0.992011 0.000000 0.988577 0.696852 0.745035 0.923932 0.909835 0.853833 0.679025 0.936480 0.817096 0.784042 0.848699 0.927354 0.857864 0.955503 0.907318 0.853133 0.757376 0.834145 0.771825 0.682292 0.816380 0.807717 0.942157 0.958732 0.911047 0.726806 0.875574 0.924771 0.964741 0.939310 0.991182 0.925319 0.918014 0.746964 0.796534 0.698483 0.747093 0.753512 0.924074 0.943324 0.904007 0.991712 0.896738 0.929222 0.896712 0.953651 0.936359 0.958829 0.956034 0.956980 0.961432 0.860586 0.874147 0.668855 0.710509 0.961207 0.926526 0.941281 0.947973 0.832454 0.821835 0.960416 0.896724 0.976460 0.906156 0.964856 0.797057 0.954298 0.963369 0.966831 0.971770 0.789410 0.996738 0.750730 0.966320 0.880840 0.919063 0.987122 0.824564 0.946896 0.969109 0.958043 0.779473 0.989745 0.974083 0.846057 0.930093 0.964154 0.939416
0.928089 0.987298 0.903444 0.907695 0.825059 0.877984 0.949053 0.917962 0.952838 0.930604 0.926210 0.922205 0.953553 0.929012 0.953032 0.902241 0.908716 0.990151 0.966028 0.989348 0.988883 0.899172 0.859102 0.873242 0.945350 0.951761 0.988577 0.000000 0.968477 0.954416 0.988333 0.987526 0.962959 0.957548 0.795956 0.876765 0.854317 0.948893 0.881366 0.997505 0.988518 0.987664 0.940328 0.959379 0.942941 0.899096 0.973662 0.989396 0.946574 0.999210 0.993973 0.988515 0.970535 0.917170 0.877658 0.913359 0.975042 0.915918 0.891421 0.993770 0.905693 0.983757 0.990506 0.969795 0.775515 0.983282 0.967199 0.965428 0.997557 0.905094 0.892512 0.997026 0.930864 0.966645 0.949465 0.840187 0.991915 0.968245 0.998926 0.812381 0.963472 0.910005 0.912542 0.881272 0.790813 0.817269 0.979885 0.971955 0.940277 0.968252 0.937702 0.946239 0.923760 0.910499 0.956209 0.926036 0.972502 0.983251 0.995943 0.984089 0.991042 0.891821 0.880412 0.964371 0.937541 0.800347 0.848972 0.896278 0.967381 0.919778 0.944636 0.998060 0.922912 0.830063 0.944824 0.964355
0.628329 0.610230 0.912422 0.777543 0.881836 0.744213 0.502279 0.418553 0.858257 0.444683 0.542786 0.505068 0.453098 0.564366 0.546695 0.805552 0.460951 0.445460 0.410238 0.497780 0.952380 0.947836 0.812351 0.986880 0.647973 0.889935 0.696852 0.968477 0.000000 0.336114 0.576293 0.531833 0.548745 0.419709 0.940604 0.889192 0.901820 0.990210 0.962711 0.834515 0.989899 0.972451 0.586496 0.488824 0.545408 0.437979 0.580823 0.660816 0.588557 0.633755 0.616525 0.755929 0.861202 0.868889 0.798547 0.765833 0.679383 0.684482 0.619274 0.653237 0.374424 0.506770 0.331329 0.373874 0.711087 0.940301 0.754211 0.649135 0.843299 0.658653 0.661230 0.703794 0.780497 0.819111 0.986654 0.904526 0.640866 0.981573 0.639460 0.642735 0.406197 0.492861 0.904464 0.955447 0.736972 0.815646 0.968526 0.956466 0.952239 0.882923 0.694494 0.831874 0.745163 0.984621 0.961176 0.960015 0.781256 0.792223 0.562588 0.606166 0.634089 0.689863 0.593254 0.635522 0.812883 0.968041 0.929479 0.894922 0.911049 0.808811 0.809372 0.696217 0.675586 0.776695 0.997349 0.918232
0.623110 0.618708 0.956528 0.757441 0.899969 0.797281 0.678334 0.524029 0.906978 0.556480 0.576066 0.455859 0.437389 0.510168 0.512410 0.662581 0.592994 0.440925 0.469652 0.522189 0.967723 0.922222 0.704214 0.861872 0.715785 0.899505 0.745035 0.954416 0.336114 0.000000 0.647810 0.506786 0.548740 0.498257 0.974266 0.871124 0.945368 0.955552 0.933048 0.817063 0.911843 0.924111 0.688961 0.577844 0.581708 0.501219 0.667101 0.725720 0.609375 0.624108 0.646076 0.702022 0.870689 0.837821 0.756411 0.848682 0.673862 0.664733 0.660154 0.660922 0.471719 0.552250 0.433167 0.406870 0.762610 0.953108 0.757741 0.657356 0.773423 0.592008 0.579047 0.714483 0.809410 0.729708 0.985177 0.916973 0.718823 0.891050 0.729024 0.647751 0.486860 0.589842 0.805656 0.941619 0.717530 0.780734 0.948244 0.923298 0.838706 0.803541 0.769599 0.866225 0.778700 0.995122 0.959521 0.972909 0.741992 0.879787 0.570161 0.627203 0.727303 0.749573 0.558945 0.681477 0.845481 0.944924 0.976542 0.953498 0.968816 0.928333 0.790413 0.675177 0.786545 0.775114 0.966890 0.950664
0.863804 0.809221 0.663106 0.501104 0.882968 0.657508 0.532835 0.480892 0.628291 0.514876 0.905631 0.790005 0.625931 0.630425 0.594120 0.676057 0.750602 0.691697 0.574806 0.706986 0.818166 0.984218 0.615599 0.778354 0.978412 0.814824 0.923932 0.988333 0.576293 0.647810 0.000000 0.537789 0.604668 0.568098 0.826554 0.965803 0.861936 0.966842 0.931005 0.916212 0.986827 0.903011 0.750701 0.734083 0.751764 0.755673 0.903954 0.901156 0.883382 0.849211 0.812340 0.818110 0.829966 0.745251 0.837026 0.894661 0.843408 0.831731 0.872395 0.878283 0.566602 0.658794 0.654623 0.671920 0.945924 0.876918 0.620758 0.671039 0.964181 0.789782 0.635114 0.485394 0.607475 0.652256 0.983533 0.949101 0.552336 0.810673 0.793297 0.750518 0.790135 0.918649 0.923398 0.661243 0.928991 0.933566 0.796280 0.673273 0.840441 0.947751 0.556343 0.641351 0.548992 0.632008 0.997312 0.832816 0.834184 0.860936 0.577342 0.445260 0.676035 0.567481 0.608267 0.713967 0.747182 0.807020 0.851919 0.870663 0.956425 0.838713 0.877088 0.808477 0.742250 0.884343 0.761655 0.891989
0.718924 0.761311 0.855854 0.724611 0.892950 0.826597 0.622366 0.565626 0.897527 0.630848 0.744227 0.624237 0.554501 0.566530 0.604836 0.665253 0.741734 0.620787 0.592823 0.631421 0.971199 0.996284 0.693775 0.883551 0.782693 0.981765 0.909835 0.987526 0.531833 0.506786 0.537789 0.000000 0.531389 0.586017 0.975567 0.796642 0.887047 0.863577 0.981203 0.876587 0.992365 0.948817 0.671955 0.631399 0.734741 0.644314 0.752775 0.767371 0.742875 0.770399 0.755142 0.777947 0.876168 0.926147 0.991737 0.872205 0.796634 0.799716 0.800191 0.774029 0.519544 0.624999 0.543238 0.553710 0.938753 0.911678 0.769615 0.729007 0.920367 0.787923 0.678936 0.711619 0.681173 0.776830 0.959501 0.842244 0.722798 0.941407 0.796106 0.662925 0.656169 0.669369 0.820602 0.961508 0.750756 0.795731 0.978602 0.956442 0.886521 0.726201 0.775867 0.841360 0.768278 0.948122 0.983516 0.991447 0.853250 0.846117 0.690176 0.652531 0.806684 0.717726 0.615296 0.810125 0.700654 0.885292 0.812740 0.994316 0.944702 0.955701 0.816981 0.928958 0.791503 0.911243 0.919381 0.986360
0.738654 0.826898 0.951166 0.632439 0.838000 0.650946 0.618882 0.505931 0.848287 0.543031 0.709629 0.606331 0.556489 0.587982 0.518568 0.680706 0.720407 0.614969 0.588709 0.609752 0.920009 0.998200 0.654540 0.762750 0.738176 0.959252 0.853833 0.962959 0.548745 0.548740 0.604668 0.531389 0.000000 0.583854 0.853463 0.948865 0.760925 0.949008 0.948507 0.909566 0.868842 0.995861 0.749895 0.664852 0.577536 0.577240 0.790535 0.724761 0.692615 0.747873 0.695338 0.782884 0.868781 0.801797 0.870366 0.836364 0.845823 0.845010 0.737801 0.768021 0.497888 0.550711 0.515154 0.507585 0.763077 0.858291 0.662320 0.594077 0.905939 0.735511 0.689137 0.680380 0.744209 0.710732 0.978359 0.810650 0.635097 0.849461 0.826186 0.586262 0.612013 0.671204 0.863602 0.968705 0.758046 0.682216 0.985132 0.943355 0.956620 0.920197 0.652647 0.843498 0.668936 0.921930 0.917496 0.946536 0.795239 0.876560 0.495466 0.623163 0.695187 0.780177 0.662551 0.672022 0.730543 0.837122 0.973021 0.914406 0.972283 0.975316 0.846051 0.663509 0.835313 0.840767 0.934939 0.994646
0.706100 0.663502 0.855979 0.722580 0.987527 0.717739 0.551260 0.521415 0.912343 0.543788 0.577361 0.621436 0.625780 0.695108 0.716051 0.871515 0.489662 0.525015 0.493669 0.635686 0.936839 0.901755 0.928983 0.971747 0.820432 0.960949 0.679025 0.957548 0.419709 0.498257 0.568098 0.586017 0.583854 0.000000 0.951297 0.839285 0.739419 0.979663 0.889499 0.813450 0.937429 0.943899 0.598302 0.438403 0.526125 0.480712 0.574768 0.737914 0.641590 0.702126 0.689136 0.814153 0.907169 0.883933 0.706270 0.699121 0.755696 0.864252 0.620761 0.706975 0.463931 0.614329 0.440139 0.500678 0.735024 0.912808 0.672735 0.514658 0.854413 0.828659 0.773462 0.702178 0.830711 0.845933 0.980309 0.914091 0.683558 0.859602 0.717150 0.725489 0.514332 0.578313 0.920741 0.907381 0.886479 0.879276 0.911320 0.881333 0.926212 0.989144 0.682665 0.903724 0.756995 0.962883 0.990047 0.899234 0.892525 0.927373 0.580947 0.629107 0.708335 0.685355 0.553612 0.820115 0.826862 0.924374 0.792520 0.883099 0.821534 0.795247 0.900285 0.760169 0.647675 0.843796 0.881562 0.915407
0.890929 0.902124 0.695805 0.758681 0.873687 0.772196 0.778461 0.906139 0.864594 0.907797 0.858146 0.938130 0.928762 0.987295 0.853829 0.776552 0.915859 0.973015 0.987732 0.988743 0.831193 0.931521 0.748203 0.754543 0.831276 0.759746 0.936480 0.795956 0.940604 0.974266 0.826554 0.975567 0.853463 0.951297 0.000000 0.931452 0.929232 0.928371 0.805347 0.877933 0.942995 0.996166 0.949418 0.909464 0.956629 0.965095 0.927483 0.913575 0.910955 0.983134 0.974367 0.944656 0.928856 0.854098 0.791626 0.926593 0.883018 0.931657 0.973872 0.965178 0.877710 0.946738 0.993620 0.963717 0.697905 0.738291 0.643759 0.805290 0.994566 0.964593 0.941851 0.877055 0.936173 0.898918 0.762905 0.966939 0.741028 0.946040 0.874031 0.928993 0.953192 0.998456 0.848147 0.893050 0.870143 0.740296 0.953446 0.971414 0.929139 0.935994 0.834534 0.915851 0.775985 0.830600 0.990129 0.844067 0.977254 0.956176 0.912881 0.938021 0.906566 0.789103 0.994761 0.929119 0.884049 0.997988 0.895782 0.890198 0.992878 0.932475 0.971372 0.869496 0.907122 0.953936 0.889233 0.944687
0.969869 0.947279 0.946212 0.881749 0.991862 0.962485 0.954923 0.970341 0.981256 0.966276 0.771070 0.840459 0.823783 0.842142 0.968929 0.964988 0.984951 0.961125 0.951693 0.951621 0.981452 0.922028 0.906545 0.860312 0.898678 0.992097 0.817096 0.876765 0.889192 0.871124 0.965803 0.796642 0.948865 0.839285 0.931452 0.000000 0.921514 0.859109 0.942190 0.909442 0.880115 0.996581 0.985467 0.957638 0.944290 0.963183 0.961475 0.976907 0.932226 0.877045 0.860347 0.829193 0.773531 0.807841 0.793902 0.850775 0.871965 0.824024 0.881870 0.809493 0.861479 0.928233 0.940643 0.976479 0.941880 0.941005 0.795596 0.898944 0.963029 0.800696 0.890841 0.952206 0.964704 0.934378 0.944167 0.883197 0.935741 0.995497 0.945221 0.884109 0.932370 0.852611 0.934423 0.888725 0.925848 0.901729 0.804662 0.920556 0.896532 0.893236 0.862566 0.866203 0.860226 0.784040 0.785279 0.942776 0.990112 0.944900 0.875056 0.838167 0.968242 0.961660 0.912934 0.933439 0.955406 0.850894 0.875349 0.872621 0.921793 0.928474 0.917838 0.990764 0.965238 0.823089 0.939609 0.834507
0.754171 0.954779 0.944076 0.969967 0.908759 0.833229 0.849550 0.783861 0.860405 0.757107 0.909405 0.776618 0.880713 0.795836 0.874433 0.846480 0.865972 0.823243 0.791467 0.913543 0.988398 0.948690 0.857567 0.996141 0.829215 0.977828 0.784042 0.854317 0.901820 0.945368 0.861936 0.887047 0.760925 0.739419 0.929232 0.921514 0.000000 0.845232 0.960895 0.984129 0.876642 0.977065 0.930046 0.835866 0.740380 0.772888 0.919933 0.853856 0.748650 0.854488 0.814922 0.916956 0.899288 0.897091 0.870474 0.996657 0.975231 0.976604 0.949123 0.902103 0.796761 0.690649 0.810784 0.768561 0.886317 0.918061 0.842322 0.848143 0.993512 0.902877 0.910097 0.856975 0.829472 0.872624 0.944085 0.917212 0.890004 0.994300 0.942606 0.904347 0.811511 0.801362 0.974352 0.972425 0.818608 0.801170 0.872530 0.933402 0.917920 0.889970 0.736328 0.848535 0.769357 0.921874 0.957914 0.861020 0.918639 0.964794 0.684862 0.882119 0.933354 0.794209 0.796450 0.970747 0.920192 0.946148 0.938545 0.941060 0.889694 0.974069 0.863918 0.903919 0.765529 0.903428 0.970350 0.914657
0.933523 0.879647 0.959719 0.922817 0.973617 0.914916 0.895899 0.980406 0.968034 0.988168 0.904888 0.944171 0.964909 0.965002 0.982726 0.990620 0.966848 0.902807 0.953862 0.987758 0.822509 0.944060 0.961782 0.912968 0.980192 0.956572 0.848699 0.948893 0.990210 0.955552 0.966842 0.863577 0.949008 0.979663 0.928371 0.859109 0.845232 0.000000 0.942513 0.987471 0.891134 0.948807 0.856526 0.923011 0.941260 0.903998 0.937008 0.989497 0.854962 0.877277 0.802993 0.768384 0.803083 0.871890 0.996174 0.825124 0.872317 0.862260 0.972210 0.888404 0.887055 0.963539 0.938818 0.984955 0.991396 0.866198 0.942345 0.946520 0.855156 0.802785 0.857270 0.956231 0.968298 0.989884 0.915750 0.898337 0.892091 0.811308 0.942488 0.891416 0.974061 0.934145 0.947666 0.983204 0.929131 0.975433 0.895567 0.927993 0.855570 0.959160 0.960260 0.946657 0.981436 0.924988 0.957419 0.923636 0.829786 0.969015 0.977571 0.980837 0.849282 0.875815 0.827691 0.939313 0.959887 0.887084 0.883653 0.938038 0.735236 0.951182 0.968996 0.966333 0.883326 0.991539 0.858610 0.896328
