0.000000 0.271967 0.703425 0.645797 0.640749 0.777611 0.862473 0.909465 0.485292 0.523556 0.477670 0.429133 0.664228 0.507360 0.889517 0.901268 0.412275 0.321027 0.441269 0.309878 0.631407 0.859742 0.840158 0.642560 0.554055 0.647049 0.692277 0.972910 0.815435 0.734585 0.998803 0.795073 0.558946 0.666364 0.822710 0.937953 0.703832 0.832148 0.659405 0.890371 0.914139 0.745435 0.967998 0.745662 0.892159 0.917252 0.641154 0.579141 0.868751 0.791240 0.942891 0.964061 0.682124 0.521270 0.608769 0.601048 0.250679 0.273542 0.469571 0.438780 0.949574 0.741724 0.591904 0.554922 0.674268 0.983540 0.748241 0.949836 0.324712 0.452887 0.725539 0.671331 0.756428 0.719438 0.990623 0.861095 0.858937 0.849622 0.588513 0.478466 0.337324 0.330915 0.557102 0.330439 0.410730 0.378769 0.983036 0.669531 0.782372 0.391107 0.542988 0.595397 0.708686 0.696041 0.987150 0.837276 0.814876 0.847990 0.944895 0.986649 0.789160 0.761847 0.878952 0.656563 0.803170 0.687161 0.995834 0.944873 0.790334 0.624476 0.929706 0.925735 0.960894 0.753298 0.910813 0.784882
0.271967 0.000000 0.615780 0.504962 0.625929 0.814764 0.877391 0.992993 0.594184 0.578982 0.590188 0.492112 0.748389 0.551580 0.824007 0.985109 0.451717 0.405524 0.447404 0.321656 0.651265 0.892693 0.810550 0.643789 0.488648 0.550606 0.644536 0.920762 0.795749 0.731955 0.872315 0.779522 0.596503 0.624209 0.793182 0.950460 0.610526 0.756540 0.557474 0.923500 0.955471 0.693150 0.868984 0.702370 0.839197 0.949545 0.627261 0.595565 0.915369 0.829788 0.937250 0.948462 0.670913 0.523662 0.693450 0.643238 0.255167 0.235978 0.526229 0.506998 0.891355 0.803309 0.709958 0.612232 0.576186 0.994447 0.826229 0.995287 0.310098 0.419855 0.864511 0.712043 0.828531 0.758070 0.998714 0.853211 0.769779 0.880216 0.568906 0.507834 0.358584 0.384239 0.621909 0.376192 0.509583 0.433742 0.948444 0.787970 0.805788 0.427355 0.482941 0.572579 0.635382 0.683987 0.965464 0.899071 0.813404 0.866426 0.880241 0.972676 0.648828 0.715257 0.965240 0.725918 0.879932 0.684468 0.861061 0.979158 0.875278 0.608671 0.966657 0.932970 0.961299 0.780346 0.919965 0.783661
0.703425 0.615780 0.000000 0.376252 0.771060 0.918157 0.808505 0.750210 0.927158 0.826719 0.945318 0.789567 0.630353 0.846430 0.685099 0.749912 0.985328 0.930775 0.699670 0.711528 0.683302 0.915591 0.672290 0.695188 0.444306 0.474814 0.719116 0.969713 0.998945 0.981355 0.645228 0.652901 0.802570 0.790317 0.706796 0.874242 0.548356 0.833405 0.806246 0.824540 0.895503 0.759067 0.721416 0.745687 0.858976 0.947946 0.785146 0.835975 0.886859 0.991642 0.895858 0.990391 0.748036 0.746963 0.821102 0.941800 0.689363 0.677847 0.784028 0.688904 0.886983 0.764133 0.868293 0.955535 0.365287 0.585310 0.860416 0.942840 0.629920 0.743273 0.779329 0.801989 0.838824 0.878894 0.900279 0.924837 0.654206 0.840983 0.845718 0.706109 0.878321 0.759913 0.938756 0.823608 0.842142 0.672403 0.819866 0.807241 0.792909 0.729558 0.827047 0.996234 0.931658 0.958896 0.895357 0.956408 0.671252 0.750274 0.877526 0.783657 0.631929 0.974172 0.942111 0.974551 0.862734 0.755761 0.713387 0.912763 0.921157 0.824976 0.897175 0.936514 0.897094 0.820242 0.616179 0.990103
0.645797 0.504962 0.376252 0.000000 0.735045 0.997223 0.871290 0.584715 0.964138 0.821290 0.906381 0.699859 0.717712 0.693141 0.778589 0.736714 0.836599 0.795697 0.741891 0.743486 0.704701 0.948626 0.856621 0.602034 0.531575 0.510620 0.700855 0.973324 0.968704 0.893119 0.806149 0.768079 0.802619 0.768598 0.759554 0.893341 0.521752 0.720536 0.656136 0.790964 0.953238 0.706841 0.917975 0.827468 0.784345 0.909952 0.905360 0.906823 0.880207 0.985973 0.931688 0.955412 0.769092 0.791151 0.853323 0.880769 0.546068 0.516055 0.797753 0.729936 0.949722 0.836144 0.981819 0.872424 0.545100 0.721309 0.937105 0.939507 0.562713 0.610369 0.954017 0.991931 0.941367 0.969737 0.958288 0.956195 0.732248 0.972905 0.741379 0.777302 0.817476 0.809361 0.913416 0.772882 0.941939 0.656500 0.922762 0.827250 0.797726 0.715536 0.723710 0.760389 0.866373 0.836453 0.998061 0.948040 0.834794 0.760450 0.969332 0.949219 0.575998 0.839617 0.851744 0.930561 0.940975 0.852916 0.729443 0.949261 0.985212 0.801878 0.953413 0.870212 0.905611 0.768488 0.777031 0.857276
0.640749 0.625929 0.771060 0.735045 0.000000 0.893030 0.641862 0.821435 0.756495 0.651430 0.871325 0.925092 0.888846 0.932725 0.908595 0.861567 0.813827 0.794260 0.875781 0.640975 0.740934 0.863411 0.861986 0.856742 0.640788 0.693477 0.798215 0.909471 0.889663 0.955364 0.883920 0.928453 0.939716 0.949278 0.934768 0.780320 0.766720 0.804669 0.810672 0.910131 0.923747 0.727829 0.910093 0.970864 0.659136 0.765599 0.949920 0.945067 0.786394 0.797370 0.666832 0.724630 0.504404 0.447941 0.968849 0.995927 0.546649 0.621302 0.960348 0.775273 0.670596 0.761844 0.893982 0.995600 0.754847 0.977119 0.839055 0.673695 0.573923 0.588753 0.711302 0.689061 0.861160 0.790454 0.888741 0.979179 0.912502 0.862277 0.785088 0.818301 0.693391 0.657302 0.890570 0.728311 0.890352 0.783290 0.917500 0.987644 0.882303 0.784935 0.586216 0.595529 0.774986 0.739125 0.972651 0.960875 0.940049 0.950858 0.740143 0.698696 0.631226 0.591477 0.818950 0.956467 0.851218 0.920806 0.994803 0.994613 0.914194 0.878846 0.863851 0.750949 0.899252 0.884524 0.889633 0.815985
0.777611 0.814764 0.918157 0.997223 0.893030 0.000000 0.805978 0.781597 0.632554 0.768403 0.848641 0.881827 0.929962 0.825204 0.825360 0.795128 0.746801 0.742292 0.764648 0.808787 0.882320 0.871961 0.998329 0.905949 0.913208 0.959474 0.953227 0.745855 0.917740 0.986290 0.829678 0.954419 0.848811 0.947423 0.865651 0.953689 0.939882 0.913958 0.890780 0.782153 0.787556 0.851959 0.892813 0.949825 0.981400 0.924184 0.879235 0.870712 0.903769 0.869752 0.969252 0.985163 0.888375 0.884110 0.970777 0.807088 0.731438 0.754920 0.805143 0.905798 0.871682 0.685418 0.830110 0.860652 0.974225 0.799480 0.868814 0.972484 0.808000 0.898200 0.755298 0.641317 0.683623 0.828587 0.887976 0.867742 0.910133 0.749752 0.931388 0.997448 0.764546 0.767677 0.787307 0.708746 0.739508 0.762568 0.770457 0.891586 0.965204 0.727524 0.766237 0.837276 0.946354 0.801347 0.894334 0.968963 0.906517 0.921882 0.930314 0.947592 0.940483 0.877513 0.989876 0.866911 0.987911 0.986162 0.988773 0.798398 0.869012 0.877285 0.953917 0.946763 0.965807 0.969577 0.879418 0.761345
0.862473 0.877391 0.808505 0.871290 0.641862 0.805978 0.000000 0.345534 0.692659 0.465371 0.958835 0.754565 0.597820 0.880073 0.582737 0.750502 0.980631 0.988298 0.787713 0.943347 0.938943 0.944660 0.501551 0.930084 0.722563 0.814585 0.902871 0.781413 0.562936 0.631822 0.555119 0.770115 0.699504 0.565330 0.826460 0.911077 0.994430 0.926381 0.845611 0.984320 0.867625 0.963681 0.526379 0.547075 0.420466 0.469657 0.714280 0.716710 0.522144 0.472317 0.410764 0.444580 0.488413 0.428916 0.758326 0.766154 0.853124 0.912541 0.784172 0.954143 0.317125 0.405156 0.656249 0.640189 0.948156 0.926924 0.491408 0.468771 0.801917 0.824753 0.491609 0.592290 0.682968 0.577978 0.896676 0.810867 0.599665 0.694861 0.869595 0.932451 0.903882 0.719469 0.928366 0.765339 0.990200 0.874776 0.986095 0.831890 0.881651 0.916288 0.550834 0.554110 0.759599 0.853889 0.699554 0.816028 0.740307 0.885038 0.412826 0.435860 0.763459 0.593621 0.729266 0.838323 0.692838 0.675071 0.836467 0.837835 0.798029 0.812290 0.773683 0.673613 0.465557 0.759566 0.550513 0.808224
0.909465 0.992993 0.750210 0.584715 0.821435 0.781597 0.345534 0.000000 0.712260 0.564142 0.873780 0.733834 0.610706 0.797187 0.640333 0.567232 0.996305 0.965230 0.914858 0.911945 0.994565 0.861996 0.667059 0.895352 0.845489 0.944268 0.987509 0.860130 0.783054 0.740398 0.656339 0.855581 0.817689 0.643734 0.853101 0.973792 0.938866 0.900523 0.944053 0.919030 0.828003 0.937981 0.706450 0.684552 0.667425 0.694265 0.894971 0.909875 0.744593 0.665217 0.557082 0.553801 0.622812 0.532115 0.906618 0.903554 0.968787 0.977197 0.857534 0.999346 0.410073 0.405709 0.756858 0.687931 0.901659 0.782149 0.661370 0.663517 0.856320 0.997398 0.605993 0.718078 0.820489 0.734147 0.879038 0.955265 0.679285 0.781469 0.869129 0.969932 0.866299 0.711013 0.991945 0.770125 0.871927 0.945041 0.919042 0.702925 0.787673 0.897158 0.742013 0.849638 0.856912 0.994534 0.898522 0.877936 0.841691 0.894156 0.652374 0.659696 0.999988 0.835131 0.971368 0.941646 0.836908 0.895648 0.791141 0.853205 0.879657 0.826063 0.935389 0.915552 0.601872 0.765380 0.638617 0.934737
0.485292 0.594184 0.927158 0.964138 0.756495 0.632554 0.692659 0.712260 0.000000 0.542934 0.626724 0.693173 0.964746 0.563221 0.754948 0.741193 0.464297 0.435385 0.667316 0.546523 0.847829 0.849271 0.866833 0.725087 0.759748 0.853571 0.795153 0.957675 0.898652 0.777778 0.758879 0.965223 0.790666 0.849532 0.950110 0.819234 0.858244 0.858277 0.788502 0.927370 0.896086 0.951471 0.856911 0.923651 0.916393 0.952572 0.810113 0.716091 0.907511 0.881824 0.907066 0.926389 0.780723 0.669898 0.697300 0.637573 0.493393 0.522615 0.631972 0.727282 0.759565 0.623039 0.710542 0.677302 0.958769 0.818415 0.853044 0.990113 0.593543 0.568376 0.564860 0.569332 0.751548 0.774766 0.988477 0.946131 0.896626 0.683725 0.776980 0.741663 0.494737 0.505123 0.584395 0.443395 0.636703 0.545035 0.828692 0.614521 0.820859 0.525875 0.548786 0.638520 0.746757 0.761894 0.956623 0.775714 0.931168 0.820319 0.818167 0.877992 0.980137 0.781245 0.817160 0.628057 0.937045 0.857261 0.895018 0.906680 0.771805 0.789274 0.924887 0.899795 0.799766 0.978011 0.785533 0.722379
0.523556 0.578982 0.826719 0.821290 0.651430 0.768403 0.465371 0.564142 0.542934 0.000000 0.754243 0.894604 0.986669 0.765814 0.803056 0.795266 0.793900 0.664049 0.838271 0.610697 0.775835 0.893240 0.807198 0.664305 0.517517 0.624574 0.719022 0.837640 0.729568 0.878179 0.618699 0.833996 0.933881 0.817098 0.973025 0.989907 0.744340 0.799005 0.720469 0.941206 0.930676 0.927797 0.654397 0.759369 0.462963 0.552347 0.883890 0.960322 0.590393 0.648639 0.473970 0.529499 0.424877 0.377673 0.941825 0.951241 0.589640 0.605296 0.933254 0.743959 0.532219 0.506324 0.896477 0.880737 0.763176 0.835721 0.812162 0.692963 0.504138 0.591814 0.541983 0.605478 0.754881 0.639903 0.918305 0.801888 0.761319 0.687822 0.946887 0.810032 0.621558 0.382708 0.781249 0.464641 0.624753 0.468278 0.827940 0.593755 0.846304 0.561909 0.586222 0.625630 0.899502 0.897582 0.904982 0.982960 0.941704 0.990345 0.551900 0.676248 0.751233 0.691323 0.847572 0.958422 0.927322 0.985270 0.986753 0.933645 0.734681 0.959643 0.893179 0.772896 0.557997 0.958629 0.801922 0.760097
0.477670 0.590188 0.945318 0.906381 0.871325 0.848641 0.958835 0.873780 0.626724 0.754243 0.000000 0.603845 0.756987 0.638195 0.915648 0.779463 0.548578 0.461777 0.680780 0.514899 0.771393 0.965455 0.964795 0.958831 0.905449 0.918280 0.863631 0.967054 0.788556 0.725547 0.923128 0.953592 0.738370 0.829328 0.991308 0.970905 0.864660 0.958998 0.912492 0.982762 0.808115 0.896636 0.951726 0.901953 0.932018 0.969362 0.891307 0.806362 0.877009 0.844902 0.903607 0.916444 0.741961 0.674424 0.722581 0.766367 0.559704 0.556137 0.768678 0.774499 0.929227 0.787507 0.626185 0.609602 0.975131 0.806918 0.928436 0.960715 0.564518 0.676710 0.775808 0.868476 0.914216 0.933618 0.959165 0.962146 0.996392 0.990334 0.743150 0.699514 0.523092 0.554406 0.681770 0.538175 0.679271 0.762435 0.900369 0.794191 0.942480 0.690166 0.833387 0.808311 0.879454 0.963922 0.956350 0.793428 0.910475 0.928122 0.837328 0.945820 0.952432 0.991977 0.880386 0.804969 0.774559 0.734735 0.991208 0.967286 0.842029 0.751036 0.959605 0.955701 0.985381 0.855082 0.934806 0.841296
0.429133 0.492112 0.789567 0.699859 0.925092 0.881827 0.754565 0.733834 0.693173 0.894604 0.603845 0.000000 0.509052 0.419996 0.629392 0.796231 0.444018 0.375811 0.468914 0.466199 0.758318 0.863964 0.657425 0.793016 0.873216 0.905708 0.797142 0.889604 0.570196 0.493028 0.795735 0.728474 0.472044 0.467722 0.820174 0.948789 0.850450 0.854928 0.820606 0.907124 0.982072 0.934003 0.799233 0.616976 0.785129 0.662315 0.610384 0.542389 0.593024 0.571791 0.697798 0.650033 0.962974 0.919957 0.527560 0.542218 0.486027 0.450606 0.491873 0.630679 0.691189 0.933460 0.395597 0.357335 0.875550 0.952313 0.631630 0.752515 0.571296 0.688660 0.991081 0.905327 0.887659 0.984653 0.858890 0.991923 0.721726 0.989951 0.515693 0.519768 0.438370 0.582220 0.551547 0.545271 0.563751 0.638116 0.987356 0.816938 0.765194 0.615831 0.784745 0.802113 0.808390 0.690874 0.890977 0.811080 0.875321 0.954674 0.862468 0.884884 0.939157 0.889848 0.820152 0.653200 0.690772 0.639375 0.932934 0.982789 0.893641 0.612469 0.932836 0.851225 0.841239 0.745252 0.749478 0.805763
0.664228 0.748389 0.630353 0.717712 0.888846 0.929962 0.597820 0.610706 0.964746 0.986669 0.756987 0.509052 0.000000 0.592669 0.521249 0.613941 0.872067 0.740989 0.627234 0.760455 0.847970 0.900941 0.512572 0.700139 0.908972 0.902119 0.883570 0.735763 0.795743 0.756397 0.699500 0.712658 0.691313 0.622184 0.751125 0.995430 0.989090 0.907075 0.897053 0.945915 0.838954 0.976953 0.791005 0.745795 0.797742 0.747646 0.721675 0.705839 0.739234 0.657456 0.694183 0.616726 0.864118 0.897778 0.661814 0.737561 0.766616 0.732065 0.540466 0.566337 0.461347 0.689792 0.600587 0.669705 0.712563 0.746211 0.586264 0.580968 0.856980 0.857156 0.866206 0.884182 0.957637 0.977103 0.951613 0.884674 0.755007 0.926857 0.794891 0.605019 0.787753 0.820101 0.817684 0.819535 0.626958 0.622381 0.844705 0.934050 0.739108 0.702394 0.991812 0.921194 0.951720 0.874264 0.898855 0.883856 0.732038 0.954450 0.709225 0.739868 0.957568 0.795552 0.853833 0.894078 0.765078 0.768678 0.966913 0.921898 0.950266 0.766714 0.798421 0.978247 0.774794 0.775896 0.642981 0.928774
0.507360 0.551580 0.846430 0.693141 0.932725 0.825204 0.880073 0.797187 0.563221 0.765814 0.638195 0.419996 0.592669 0.000000 0.756736 0.738568 0.504979 0.407781 0.538525 0.530750 0.817486 0.985422 0.780751 0.609347 0.848474 0.833260 0.883903 0.765566 0.724580 0.453180 0.926860 0.791116 0.587975 0.569059 0.854134 0.851916 0.822817 0.814112 0.689312 0.833760 0.924596 0.955226 0.985102 0.815386 0.916130 0.825211 0.790313 0.679818 0.788970 0.731940 0.850516 0.787544 0.950801 0.917489 0.556541 0.543059 0.528489 0.501522 0.578685 0.690166 0.777977 0.896310 0.511540 0.506116 0.917973 0.859721 0.703313 0.785125 0.655390 0.650061 0.868121 0.778544 0.903270 0.931232 0.987801 0.932487 0.853616 0.883254 0.686261 0.539057 0.463948 0.554258 0.463388 0.446890 0.611602 0.498528 0.774715 0.668738 0.623222 0.580759 0.691203 0.687165 0.836177 0.663996 0.916738 0.876051 0.870514 0.972025 0.973221 0.993701 0.841586 0.897563 0.982975 0.736105 0.891280 0.796578 0.946530 0.955469 0.878668 0.868894 0.952292 0.826303 0.979334 0.839389 0.919480 0.818048
0.889517 0.824007 0.685099 0.778589 0.908595 0.825360 0.582737 0.640333 0.754948 0.803056 0.915648 0.629392 0.521249 0.756736 0.000000 0.498589 0.948576 0.915517 0.673781 0.853091 0.872293 0.930450 0.422385 0.781403 0.994764 0.969061 0.989208 0.761574 0.660620 0.653050 0.475354 0.690105 0.618197 0.560169 0.679251 0.927958 0.860178 0.915322 0.931003 0.909683 0.878473 0.880330 0.567663 0.587859 0.665586 0.657064 0.650530 0.609290 0.656138 0.666622 0.602702 0.521033 0.745242 0.793029 0.689820 0.707192 0.920209 0.894793 0.684871 0.773080 0.477278 0.612092 0.743783 0.729018 0.735884 0.761036 0.680110 0.638525 0.972333 0.942465 0.702614 0.696054 0.796070 0.921752 0.953683 0.860633 0.631440 0.728696 0.726974 0.649828 0.805923 0.956643 0.867253 0.949542 0.754067 0.860739 0.980755 0.955081 0.873097 0.920724 0.910825 0.922554 0.915038 0.823000 0.848254 0.959531 0.892718 0.955299 0.639282 0.653304 0.879698 0.900447 0.868544 0.898557 0.866842 0.715329 0.775254 0.996032 0.834113 0.843778 0.849427 0.865726 0.815582 0.802687 0.528486 0.919828
0.901268 0.985109 0.749912 0.736714 0.861567 0.795128 0.750502 0.567232 0.741193 0.795266 0.779463 0.796231 0.613941 0.738568 0.498589 0.000000 0.915872 0.897897 0.993367 0.898356 0.949998 0.954831 0.699695 0.754033 0.980734 0.980544 0.906934 0.764099 0.923658 0.770723 0.658247 0.780296 0.930185 0.787971 0.939238 0.993653 0.955157 0.913999 0.833093 0.876914 0.728630 0.922427 0.887072 0.950985 0.922840 0.930272 0.994685 0.976330 0.965912 0.966861 0.806129 0.703667 0.797454 0.768924 0.978515 0.939225 0.938167 0.968431 0.873009 0.948457 0.586410 0.567327 0.976919 0.948673 0.868502 0.626463 0.940657 0.790561 0.833069 0.972799 0.739585 0.786486 0.856102 0.986931 0.922471 0.983403 0.848751 0.957525 0.923428 0.764949 0.940702 0.863753 0.899901 0.878504 0.894250 0.956109 0.969061 0.776275 0.881297 0.910835 0.940049 0.886796 0.862513 0.741406 0.959247 0.902663 0.907384 0.893701 0.934263 0.941306 0.767926 0.938883 0.797977 0.831780 0.817611 0.941376 0.850539 0.931953 0.883080 0.975014 0.921778 0.978352 0.969097 0.964004 0.751985 0.941986
0.412275 0.451717 0.985328 0.836599 0.813827 0.746801 0.980631 0.996305 0.464297 0.793900 0.548578 0.444018 0.872067 0.504979 0.948576 0.915872 0.000000 0.286155 0.506236 0.396031 0.748743 0.877188 0.899767 0.894580 0.885612 0.961362 0.816826 0.997941 0.546210 0.442313 0.923283 0.856179 0.489170 0.534742 0.977289 0.943966 0.727951 0.836245 0.782070 0.848203 0.898075 0.793530 0.924405 0.627929 0.865684 0.680219 0.606292 0.513528 0.622380 0.580972 0.796983 0.758140 0.963107 0.825151 0.600818 0.494945 0.399699 0.384652 0.562555 0.714423 0.989848 0.786898 0.444040 0.376188 0.997073 0.730512 0.690173 0.866170 0.518115 0.583578 0.847984 0.693021 0.856552 0.905768 0.931292 0.968957 0.832810 0.933177 0.528350 0.593019 0.335056 0.519916 0.475959 0.491864 0.563056 0.615389 0.990343 0.658573 0.904235 0.554935 0.690792 0.697753 0.721256 0.685471 0.855254 0.773104 0.905064 0.910561 0.975778 0.944246 0.956065 0.776111 0.793029 0.595391 0.758021 0.704773 0.940736 0.958208 0.906531 0.712743 0.996274 0.735940 0.942562 0.887157 0.984142 0.848859
0.321027 0.405524 0.930775 0.795697 0.794260 0.742292 0.988298 0.965230 0.435385 0.664049 0.461777 0.375811 0.740989 0.407781 0.915517 0.897897 0.286155 0.000000 0.415570 0.340216 0.751762 0.900822 0.876564 0.773565 0.833393 0.900915 0.836268 0.981533 0.603945 0.510011 0.963103 0.836396 0.490940 0.535974 0.937996 0.942291 0.773919 0.836856 0.764146 0.834343 0.904373 0.813066 0.948867 0.697193 0.911149 0.756909 0.666695 0.553313 0.685799 0.657143 0.909356 0.871945 0.852545 0.725123 0.552895 0.466828 0.348838 0.346887 0.504933 0.623582 0.988755 0.789163 0.427556 0.407002 0.902875 0.849561 0.677884 0.836619 0.455099 0.519418 0.789436 0.683330 0.860973 0.901393 0.946474 0.971978 0.951761 0.902603 0.510418 0.513469 0.270712 0.378281 0.476209 0.342210 0.461080 0.509679 0.901583 0.581313 0.853256 0.479888 0.664872 0.658652 0.729256 0.681557 0.846239 0.773875 0.884121 0.862406 0.980743 0.956488 0.889451 0.806556 0.840970 0.607698 0.764841 0.660632 0.992303 0.976542 0.771038 0.691087 0.957821 0.818481 0.995791 0.780327 0.964703 0.834398
0.441269 0.447404 0.699670 0.741891 0.875781 0.764648 0.787713 0.914858 0.667316 0.838271 0.680780 0.468914 0.627234 0.538525 0.673781 0.993367 0.506236 0.415570 0.000000 0.385344 0.732998 0.855834 0.490816 0.742031 0.731797 0.847986 0.777944 0.904419 0.540109 0.582709 0.658277 0.640284 0.359800 0.422944 0.747199 0.908731 0.725460 0.998480 0.776774 0.972002 0.941837 0.874101 0.552208 0.446248 0.671648 0.517036 0.398514 0.347401 0.522271 0.478261 0.671901 0.619136 0.958946 0.894363 0.536883 0.419282 0.468429 0.470277 0.386479 0.488507 0.736199 0.984288 0.500648 0.496512 0.623067 0.991124 0.483664 0.599380 0.576342 0.685272 0.964826 0.871401 0.957065 0.968413 0.961692 0.976415 0.759980 0.968581 0.526617 0.513910 0.431356 0.513958 0.529320 0.478533 0.385076 0.482094 0.895907 0.717471 0.775942 0.457163 0.810700 0.948850 0.813279 0.748999 0.748289 0.720151 0.758391 0.771629 0.704870 0.642339 0.903926 0.916324 0.713525 0.561326 0.664688 0.470571 0.864106 0.997566 0.950359 0.650511 0.766883 0.732281 0.792910 0.668878 0.735046 0.942140
0.309878 0.321656 0.711528 0.743486 0.640975 0.808787 0.943347 0.911945 0.546523 0.610697 0.514899 0.466199 0.760455 0.530750 0.853091 0.898356 0.396031 0.340216 0.385344 0.000000 0.692720 0.831599 0.766977 0.739916 0.649229 0.718906 0.677731 0.995543 0.702550 0.650888 0.865876 0.825559 0.514328 0.603452 0.815510 0.971067 0.686384 0.795763 0.698642 0.904495 0.899562 0.753316 0.819875 0.658533 0.998081 0.837009 0.605012 0.560462 0.789945 0.740742 0.988876 0.947607 0.727046 0.565181 0.589958 0.573266 0.341093 0.337600 0.540972 0.554787 0.945192 0.815028 0.612496 0.556595 0.683355 0.951693 0.734964 0.910348 0.390325 0.488463 0.816740 0.701262 0.986208 0.923230 0.946037 0.941704 0.816891 0.906807 0.566958 0.546671 0.326638 0.340550 0.585163 0.351668 0.435351 0.470474 0.957988 0.684700 0.849651 0.429760 0.631675 0.719188 0.756139 0.691157 0.888864 0.757020 0.863414 0.852738 0.974294 0.965572 0.748107 0.749469 0.885060 0.650792 0.749272 0.646080 0.925166 0.991982 0.930697 0.647851 0.890860 0.917549 0.961667 0.839129 0.962588 0.804558
0.631407 0.651265 0.683302 0.704701 0.740934 0.882320 0.938943 0.994565 0.847829 0.775835 0.771393 0.758318 0.847970 0.817486 0.872293 0.949998 0.748743 0.751762 0.732998 0.692720 0.000000 0.947947 0.898650 0.888651 0.647177 0.694833 0.855022 0.902575 0.872156 0.914449 0.873052 0.642952 0.675688 0.767862 0.987017 0.915528 0.791690 0.773647 0.827029 0.784559 0.973780 0.805455 0.869558 0.745248 0.988139 0.919779 0.786877 0.676632 0.916733 0.848679 0.985045 0.931000 0.969449 0.779635 0.725812 0.857496 0.575329 0.641734 0.745580 0.671364 0.984293 0.977518 0.870607 0.842781 0.693360 0.915739 0.894759 0.952922 0.614851 0.790451 0.880282 0.886005 0.935535 0.937338 0.930381 0.957129 0.822473 0.900533 0.770479 0.647806 0.702780 0.697728 0.706934 0.748194 0.786119 0.719159 0.858095 0.931883 0.874981 0.728637 0.817715 0.870895 0.993559 0.931221 0.896451 0.870358 0.837861 0.890792 0.884093 0.861302 0.799971 0.840368 0.892093 0.747849 0.885083 0.745852 0.848339 0.975261 0.851976 0.789719 0.939064 0.919966 0.995979 0.615102 0.735766 0.801955
0.859742 0.892693 0.915591 0.948626 0.863411 0.871961 0.944660 0.861996 0.849271 0.893240 0.965455 0.863964 0.900941 0.985422 0.930450 0.954831 0.877188 0.900822 0.855834 0.831599 0.947947 0.000000 0.838270 0.939802 0.863787 0.883111 0.849540 0.956490 0.803581 0.957054 0.975924 0.944841 0.976164 0.873594 0.923489 0.865074 0.909064 0.978007 0.974296 0.877645 0.878603 0.940303 0.893155 0.922554 0.970625 0.951842 0.804069 0.858535 0.963159 0.984678 0.977463 0.987688 0.880872 0.818473 0.911065 0.941734 0.929266 0.959907 0.916903 0.888707 0.944594 0.953921 0.991359 0.992792 0.851675 0.993127 0.896783 0.986884 0.844643 0.974678 0.944573 0.957256 0.976989 0.917673 0.970620 0.957320 0.910643 0.842768 0.899818 0.881769 0.848702 0.871247 0.950060 0.960975 0.886286 0.869172 0.942601 0.882048 0.969263 0.873020 0.892368 0.949631 0.919299 0.939594 0.989707 0.899053 0.969127 0.969625 0.951959 0.893380 0.985021 0.933189 0.910843 0.962510 0.857679 0.902628 0.971889 0.953794 0.963580 0.838404 0.932918 0.923850 0.967784 0.990134 0.952176 0.984700
0.840158 0.810550 0.672290 0.856621 0.861986 0.998329 0.501551 0.667059 0.866833 0.807198 0.964795 0.657425 0.512572 0.780751 0.422385 0.699695 0.899767 0.876564 0.490816 0.766977 0.898650 0.838270 0.000000 0.788658 0.947972 0.986990 0.967971 0.718841 0.610291 0.714186 0.426437 0.565175 0.529567 0.535719 0.698758 0.970416 0.962443 0.854258 0.956137 0.941716 0.838671 0.986189 0.421129 0.460137 0.502674 0.448148 0.433021 0.499001 0.482257 0.488229 0.481889 0.427418 0.699810 0.747135 0.647389 0.614123 0.931848 0.894273 0.548228 0.687146 0.445676 0.652404 0.679107 0.692172 0.634738 0.858564 0.461366 0.492935 0.958289 0.994240 0.676368 0.810563 0.763011 0.837073 0.930472 0.912584 0.591249 0.853996 0.732231 0.669737 0.823166 0.918434 0.794711 0.905351 0.566907 0.734164 0.954174 0.901648 0.844731 0.727149 0.907692 0.787305 0.996283 0.874892 0.767613 0.888207 0.821068 0.861395 0.496023 0.532586 0.987409 0.816714 0.779421 0.804177 0.777476 0.617099 0.892039 0.969117 0.923545 0.779019 0.791140 0.747847 0.657443 0.795522 0.503726 0.946534
0.642560 0.643789 0.695188 0.602034 0.856742 0.905949 0.930084 0.895352 0.725087 0.664305 0.958831 0.793016 0.700139 0.609347 0.781403 0.754033 0.894580 0.773565 0.742031 0.739916 0.888651 0.939802 0.788658 0.000000 0.659825 0.678726 0.800936 0.891088 0.931496 0.940521 0.994503 0.788668 0.855509 0.852365 0.777936 0.959569 0.876609 0.852355 0.654357 0.842158 0.900318 0.888422 0.919527 0.998100 0.847646 0.932348 0.886215 0.864191 0.919367 0.989969 0.959302 0.937558 0.820368 0.799900 0.827066 0.787108 0.657401 0.663769 0.626147 0.605250 0.965122 0.988412 0.906653 0.955814 0.728024 0.662930 0.792883 0.857200 0.729387 0.672149 0.802343 0.783470 0.760821 0.745701 0.973284 0.793683 0.970401 0.763968 0.880484 0.799150 0.783712 0.692184 0.749654 0.651941 0.699681 0.436172 0.865685 0.776758 0.678252 0.546188 0.698419 0.694333 0.867210 0.735855 0.930854 0.996757 0.933631 0.838422 0.972897 0.977418 0.671391 0.796012 0.894198 0.896856 0.912516 0.999327 0.946852 0.864939 0.832401 0.850832 0.911314 0.868280 0.858088 0.953447 0.904437 0.802188
0.554055 0.488648 0.444306 0.531575 0.640788 0.913208 0.722563 0.845489 0.759748 0.517517 0.905449 0.873216 0.908972 0.848474 0.994764 0.980734 0.885612 0.833393 0.731797 0.649229 0.647177 0.863787 0.947972 0.659825 0.000000 0.300598 0.602341 0.851344 0.826746 0.854541 0.912673 0.787851 0.880090 0.970387 0.769953 0.895747 0.627688 0.750329 0.612771 0.890365 0.881920 0.724364 0.888939 0.876148 0.646649 0.790692 0.810823 0.827105 0.756809 0.841615 0.678475 0.771019 0.574239 0.467332 0.913329 0.911785 0.538103 0.551641 0.769558 0.543081 0.710426 0.888074 0.743408 0.855340 0.403174 0.672983 0.979814 0.844398 0.487467 0.633905 0.925562 0.846215 0.911349 0.898838 0.898001 0.953499 0.833022 0.967593 0.820471 0.720703 0.789582 0.585300 0.897382 0.605543 0.785402 0.516984 0.825234 0.965410 0.802182 0.549152 0.516536 0.767259 0.798290 0.919670 0.950148 0.963300 0.749433 0.867731 0.862242 0.988245 0.614179 0.766264 0.961909 0.912169 0.925151 0.779529 0.773060 0.962385 0.898205 0.807722 0.920439 0.769295 0.915771 0.867712 0.860479 0.869516
0.647049 0.550606 0.474814 0.510620 0.693477 0.959474 0.814585 0.944268 0.853571 0.624574 0.918280 0.905708 0.902119 0.833260 0.969061 0.980544 0.961362 0.900915 0.847986 0.718906 0.694833 0.883111 0.986990 0.678726 0.300598 0.000000 0.631687 0.848495 0.827778 0.888069 0.886481 0.823665 0.958879 0.954729 0.849764 0.878894 0.635059 0.657626 0.594607 0.993465 0.986795 0.623017 0.927582 0.944106 0.628593 0.735552 0.891453 0.935962 0.741112 0.808783 0.678600 0.766192 0.627808 0.548635 0.887188 0.920567 0.637982 0.601991 0.925122 0.642602 0.732225 0.997901 0.745347 0.847221 0.492852 0.668234 0.876934 0.795425 0.519462 0.649400 0.971981 0.892119 0.970691 0.961027 0.866967 0.995130 0.810717 0.998218 0.848181 0.741840 0.846321 0.680779 0.978197 0.657179 0.897324 0.631723 0.811531 0.976922 0.740749 0.642516 0.612010 0.857040 0.917819 0.997086 0.919019 0.962179 0.695474 0.920094 0.937040 0.934910 0.653213 0.870809 0.909723 0.957076 0.878510 0.835244 0.769702 0.969974 0.935133 0.825023 0.895157 0.826633 0.968352 0.816123 0.896739 0.889855
0.692277 0.644536 0.719116 0.700855 0.798215 0.953227 0.902871 0.987509 0.795153 0.719022 0.863631 0.797142 0.883570 0.883903 0.989208 0.906934 0.816826 0.836268 0.777944 0.677731 0.855022 0.849540 0.967971 0.800936 0.602341 0.631687 0.000000 0.736343 0.918753 0.988028 0.944933 0.964836 0.957693 0.898257 0.946685 0.965379 0.708456 0.862038 0.818515 0.865942 0.936885 0.858484 0.935288 0.853836 0.836463 0.941493 0.828408 0.822868 0.954129 0.995071 0.868098 0.975812 0.770078 0.720229 0.839098 0.833185 0.688714 0.671228 0.807536 0.693570 0.877505 0.902934 0.992581 0.906325 0.786557 0.903080 0.929710 0.953412 0.690834 0.731844 0.949140 0.939912 0.883641 0.999174 0.819565 0.952824 0.822423 0.988515 0.865301 0.871409 0.883361 0.723000 0.919242 0.684172 0.856459 0.679609 0.945377 0.873338 0.856906 0.633004 0.769104 0.988262 0.950713 0.922678 0.982480 0.820090 0.821642 0.789448 0.995274 0.975681 0.823537 0.903351 0.932079 0.845327 0.831868 0.796776 0.973248 0.956198 0.937491 0.797376 0.758984 0.922887 0.992340 0.982124 0.879676 0.968079
0.972910 0.920762 0.969713 0.973324 0.909471 0.745855 0.781413 0.860130 0.957675 0.837640 0.967054 0.889604 0.735763 0.765566 0.761574 0.764099 0.997941 0.981533 0.904419 0.995543 0.902575 0.956490 0.718841 0.891088 0.851344 0.848495 0.736343 0.000000 0.908697 0.861591 0.838307 0.820301 0.778863 0.853267 0.926235 0.995756 0.802361 0.806157 0.913625 0.809761 0.953615 0.719541 0.975805 0.973538 0.804991 0.799818 0.875202 0.883334 0.799799 0.755655 0.725022 0.707753 0.868213 0.819830 0.832161 0.876294 0.963270 0.946621 0.800421 0.900116 0.678831 0.876149 0.764539 0.892944 0.990939 0.952090 0.748992 0.779085 0.894713 0.792319 0.954212 0.943171 0.917612 0.890857 0.936547 0.981441 0.883073 0.978712 0.925248 0.909152 0.987460 0.894140 0.799882 0.994554 0.905775 0.964598 0.874714 0.928654 0.981887 0.942239 0.978422 0.976116 0.904103 0.819232 0.998496 0.913450 0.960189 0.880540 0.852552 0.888015 0.979985 0.902720 0.916186 0.939419 0.909878 0.975999 0.992220 0.854041 0.934442 0.949098 0.972184 0.968792 0.938907 0.937705 0.993976 0.929740
0.815435 0.795749 0.998945 0.968704 0.889663 0.917740 0.562936 0.783054 0.898652 0.729568 0.788556 0.570196 0.795743 0.724580 0.660620 0.923658 0.546210 0.603945 0.540109 0.702550 0.872156 0.803581 0.610291 0.931496 0.826746 0.827778 0.918753 0.908697 0.000000 0.353791 0.629012 0.685757 0.452173 0.360816 0.909754 0.914955 0.900455 0.905726 0.976151 0.981692 0.982615 0.952117 0.570163 0.469191 0.481082 0.423874 0.523653 0.445216 0.413754 0.447509 0.473232 0.525093 0.633775 0.724224 0.654276 0.568715 0.796067 0.790522 0.648644 0.892169 0.604619 0.767897 0.477709 0.439448 0.966093 0.838392 0.548368 0.592854 0.933318 0.923879 0.697663 0.826528 0.786456 0.708345 0.926440 0.870746 0.707222 0.744415 0.595653 0.675383 0.610183 0.901902 0.586483 0.893581 0.782027 0.998029 0.983841 0.880239 0.902223 0.878701 0.914102 0.886126 0.861542 0.899498 0.760919 0.765592 0.836646 0.891670 0.621158 0.623485 0.772092 0.883213 0.652991 0.699108 0.699994 0.536308 0.817234 0.849755 0.956178 0.776152 0.809321 0.593433 0.662201 0.678849 0.721377 0.920934
0.734585 0.731955 0.981355 0.893119 0.955364 0.986290 0.631822 0.740398 0.777778 0.878179 0.725547 0.493028 0.756397 0.453180 0.653050 0.770723 0.442313 0.510011 0.582709 0.650888 0.914449 0.957054 0.714186 0.940521 0.854541 0.888069 0.988028 0.861591 0.353791 0.000000 0.717192 0.759224 0.475623 0.404624 0.925829 0.834127 0.789444 0.855607 0.919627 0.893567 0.951928 0.942906 0.799790 0.603547 0.665845 0.576329 0.641761 0.537923 0.552906 0.552003 0.604439 0.585818 0.760975 0.808843 0.594578 0.521999 0.731085 0.688718 0.655384 0.902350 0.620767 0.766317 0.468350 0.391942 0.887536 0.936928 0.648438 0.676446 0.850373 0.854226 0.889693 0.950412 0.853177 0.817442 0.917724 0.847105 0.729426 0.891840 0.575994 0.581061 0.527944 0.816749 0.527426 0.728549 0.815748 0.886404 0.906064 0.805049 0.849368 0.833408 0.935004 0.924708 0.821549 0.781072 0.815894 0.812360 0.888164 0.908347 0.823667 0.794314 0.877541 0.999050 0.827196 0.737536 0.781144 0.663115 0.831493 0.902699 0.993625 0.844602 0.949152 0.595113 0.815653 0.804515 0.833482 0.926633
0.998803 0.872315 0.645228 0.806149 0.883920 0.829678 0.555119 0.656339 0.758879 0.618699 0.923128 0.795735 0.699500 0.926860 0.475354 0.658247 0.923283 0.963103 0.658277 0.865876 0.873052 0.975924 0.426437 0.994503 0.912673 0.886481 0.944933 0.838307 0.629012 0.717192 0.000000 0.548133 0.542345 0.528476 0.781728 0.967419 0.847955 0.936486 0.964259 0.981017 0.847924 0.929900 0.399561 0.446335 0.585515 0.521382 0.500013 0.533767 0.584452 0.571918 0.508982 0.478018 0.667333 0.724889 0.731559 0.721823 0.975649 0.952723 0.712273 0.816953 0.560107 0.555621 0.842880 0.775249 0.697692 0.891185 0.625665 0.592239 0.944760 0.918273 0.576750 0.681771 0.711057 0.727288 0.996880 0.772582 0.536871 0.657019 0.688404 0.763475 0.946185 0.884971 0.918870 0.930048 0.879671 0.953587 0.786956 0.845913 0.904284 0.918717 0.974122 0.763788 0.942101 0.946366 0.767833 0.845137 0.726633 0.928314 0.505566 0.533728 0.969749 0.823263 0.776216 0.900618 0.844917 0.663256 0.727903 0.845258 0.806941 0.867806 0.765364 0.699779 0.628271 0.826174 0.548365 0.792530
0.795073 0.779522 0.652901 0.768079 0.928453 0.954419 0.770115 0.855581 0.965223 0.833996 0.953592 0.728474 0.712658 0.791116 0.690105 0.780296 0.856179 0.836396 0.640284 0.825559 0.642952 0.944841 0.565175 0.788668 0.787851 0.823665 0.964836 0.820301 0.685757 0.759224 0.548133 0.000000 0.530609 0.620150 0.960682 0.940678 0.953750 0.918959 0.963529 0.862617 0.870638 0.901054 0.672750 0.602872 0.706905 0.615664 0.496186 0.550858 0.634080 0.661439 0.676317 0.620103 0.841555 0.963404 0.670858 0.648155 0.735277 0.776282 0.571127 0.660302 0.731296 0.761289 0.785763 0.792418 0.752290 0.948099 0.681941 0.690412 0.808306 0.937893 0.868158 0.824032 0.928270 0.900787 0.945972 0.953853 0.682686 0.885229 0.694815 0.625551 0.785418 0.903759 0.669674 0.877609 0.817445 0.825581 0.805142 0.914929 0.932867 0.740147 0.877579 0.972748 0.861301 0.881668 0.885946 0.908142 0.721581 0.799162 0.667104 0.713257 0.928919 0.942751 0.799082 0.762600 0.973417 0.655189 0.993294 0.929694 0.953457 0.861223 0.800640 0.878570 0.702176 0.734857 0.637338 0.972296
0.558946 0.596503 0.802570 0.802619 0.939716 0.848811 0.699504 0.817689 0.790666 0.933881 0.738370 0.472044 0.691313 0.587975 0.618197 0.930185 0.489170 0.490940 0.359800 0.514328 0.675688 0.976164 0.529567 0.855509 0.880090 0.958879 0.957693 0.778863 0.452173 0.475623 0.542345 0.530609 0.000000 0.380954 0.760034 0.985112 0.848462 0.953505 0.911693 0.917348 0.909450 0.860562 0.581145 0.411788 0.572848 0.435341 0.417791 0.353223 0.434767 0.406005 0.521945 0.499623 0.794457 0.922824 0.570850 0.453232 0.544553 0.560907 0.457466 0.603266 0.642630 0.860686 0.465827 0.439525 0.762158 0.925682 0.488943 0.605610 0.696713 0.792256 0.931471 0.960380 0.972953 0.895935 0.951780 0.917305 0.718054 0.797312 0.485270 0.541911 0.503990 0.710164 0.529676 0.617496 0.569975 0.678745 0.933569 0.847190 0.872000 0.624116 0.838389 0.965815 0.815006 0.750830 0.733949 0.793958 0.784051 0.848370 0.628443 0.591210 0.961784 0.916914 0.701816 0.600103 0.677605 0.554980 0.922369 0.933514 0.953809 0.729182 0.786623 0.706214 0.707745 0.619192 0.707125 0.974247
0.666364 0.624209 0.790317 0.768598 0.949278 0.947423 0.565330 0.643734 0.849532 0.817098 0.829328 0.467722 0.622184 0.569059 0.560169 0.787971 0.534742 0.535974 0.422944 0.603452 0.767862 0.873594 0.535719 0.852365 0.970387 0.954729 0.898257 0.853267 0.360816 0.404624 0.528476 0.620150 0.380954 0.000000 0.815254 0.835762 0.768524 0.907509 0.818973 0.947370 0.884755 0.818304 0.511145 0.366828 0.532272 0.432755 0.424594 0.379748 0.445006 0.424690 0.467577 0.441745 0.694677 0.780121 0.560184 0.453413 0.658188 0.651274 0.466360 0.698842 0.541650 0.672673 0.456431 0.408537 0.822531 0.995941 0.478597 0.540291 0.829238 0.837854 0.796698 0.898398 0.891576 0.784980 0.992094 0.893729 0.607694 0.707803 0.513408 0.591907 0.620251 0.868899 0.616202 0.746715 0.723835 0.762441 0.954357 0.912917 0.792097 0.702599 0.898271 0.984898 0.830570 0.729830 0.756454 0.737678 0.743017 0.804351 0.567950 0.552770 0.987278 0.928688 0.722343 0.669983 0.689334 0.512848 0.766007 0.989138 0.999673 0.704129 0.881799 0.690223 0.713313 0.659769 0.614589 0.920600
0.822710 0.793182 0.706796 0.759554 0.934768 0.865651 0.826460 0.853101 0.950110 0.973025 0.991308 0.820174 0.751125 0.854134 0.679251 0.939238 0.977289 0.937996 0.747199 0.815510 0.987017 0.923489 0.698758 0.777936 0.769953 0.849764 0.946685 0.926235 0.909754 0.925829 0.781728 0.960682 0.760034 0.815254 0.000000 0.966958 0.925183 0.837928 0.879336 0.887114 0.765904 0.912729 0.708908 0.723061 0.878249 0.844743 0.742810 0.761489 0.913237 0.825365 0.849673 0.867190 0.988099 0.966745 0.868580 0.798480 0.842173 0.831292 0.777437 0.722560 0.789754 0.807658 0.929797 0.912676 0.650242 0.824126 0.765905 0.832700 0.922185 0.988554 0.853611 0.938557 0.979364 0.906370 0.864671 0.994857 0.672494 0.813018 0.880847 0.887445 0.906383 0.913462 0.981608 0.865330 0.789858 0.778539 0.924101 0.958951 0.866036 0.775578 0.867507 0.935258 0.901139 0.765994 0.958479 0.885076 0.858812 0.941042 0.859052 0.763879 0.781507 0.929232 0.904669 0.856789 0.815252 0.933489 0.879096 0.911460 0.970233 0.880736 0.882027 0.869374 0.806581 0.897657 0.747289 0.969472
0.937953 0.950460 0.874242 0.893341 0.780320 0.953689 0.911077 0.973792 0.819234 0.989907 0.970905 0.948789 0.995430 0.851916 0.927958 0.993653 0.943966 0.942291 0.908731 0.971067 0.915528 0.865074 0.970416 0.959569 0.895747 0.878894 0.965379 0.995756 0.914955 0.834127 0.967419 0.940678 0.985112 0.835762 0.966958 0.000000 0.914643 0.989519 0.955038 0.963336 0.763426 0.920560 0.970672 0.926616 0.809282 0.870182 0.920556 0.850837 0.927088 0.869575 0.834919 0.874305 0.803804 0.762113 0.886866 0.808814 0.897495 0.932421 0.883620 0.928237 0.882374 0.930844 0.864898 0.919111 0.904587 0.977628 0.804921 0.755119 0.841193 0.976701 0.956724 0.987243 0.938814 0.992286 0.859684 0.938134 0.954410 0.997502 0.985253 0.995299 0.966295 0.932467 0.913079 0.950150 0.954659 0.869259 0.826332 0.814996 0.953898 0.850306 0.926972 0.899960 0.908437 0.968370 0.999092 0.772583 0.942566 0.742694 0.891742 0.784704 0.865257 0.924292 0.884569 0.742988 0.968288 0.952564 0.995231 0.982987 0.945325 0.937770 0.900533 0.764372 0.965609 0.981465 0.953590 0.856308
0.703832 0.610526 0.548356 0.521752 0.766720 0.939882 0.994430 0.938866 0.858244 0.744340 0.864660 0.850450 0.989090 0.822817 0.860178 0.955157 0.727951 0.773919 0.725460 0.686384 0.791690 0.909064 0.962443 0.876609 0.627688 0.635059 0.708456 0.802361 0.900455 0.789444 0.847955 0.953750 0.848462 0.768524 0.925183 0.914643 0.000000 0.764924 0.688596 0.829946 0.945125 0.813859 0.856042 0.794206 0.838926 0.930089 0.858716 0.799090 0.880497 0.949571 0.840874 0.929851 0.785579 0.750107 0.791673 0.823430 0.686567 0.668754 0.945152 0.945486 0.898208 0.978596 0.932856 0.936167 0.632511 0.811735 0.995029 0.913839 0.652302 0.740492 0.996088 0.832895 0.834786 0.903127 0.924123 0.866892 0.801884 0.931437 0.764313 0.784119 0.748540 0.755047 0.879763 0.762431 0.894648 0.741094 0.902204 0.963164 0.775244 0.773743 0.769826 0.879615 0.720466 0.915470 0.982845 0.974984 0.887567 0.820515 0.944450 0.937812 0.755428 0.843487 0.971878 0.765426 0.803606 0.724003 0.728223 0.860147 0.928096 0.937308 0.944080 0.973175 0.929079 0.859260 0.770100 0.995762
0.832148 0.756540 0.833405 0.720536 0.804669 0.913958 0.926381 0.900523 0.858277 0.799005 0.958998 0.854928 0.907075 0.814112 0.915322 0.913999 0.836245 0.836856 0.998480 0.795763 0.773647 0.978007 0.854258 0.852355 0.750329 0.657626 0.862038 0.806157 0.905726 0.855607 0.936486 0.918959 0.953505 0.907509 0.837928 0.989519 0.764924 0.000000 0.746343 0.994517 0.873612 0.649477 0.930481 0.989364 0.781079 0.795422 0.904687 0.900052 0.833363 0.797472 0.817381 0.765952 0.879984 0.810478 0.982868 0.991272 0.744887 0.738533 0.896361 0.964213 0.832197 0.915751 0.940760 0.944331 0.884103 0.785635 0.829954 0.786792 0.675401 0.671740 0.980988 0.951208 0.872130 0.884554 0.894867 0.899711 0.982660 0.934425 0.744489 0.832546 0.830200 0.743482 0.785000 0.821805 0.932152 0.914374 0.763460 0.967024 0.772325 0.857345 0.844449 0.779950 0.946292 0.962495 0.903451 0.859999 0.985229 0.874502 0.878167 0.867039 0.891045 0.835471 0.872285 0.904748 0.984853 0.882034 0.838076 0.711845 0.978088 0.913251 0.908547 0.791511 0.833348 0.780993 0.944591 0.836239
