0.000000 0.153204 0.602920 0.506945 0.884429 0.711766 0.548096 0.420426 0.622892 0.851695 0.310686 0.228067 0.299481 0.333560 0.520970 0.597582 0.214795 0.208925 0.228665 0.185277 0.610409 0.906032 0.628477 0.538087 0.665299 0.869807 0.571454 0.800302 0.280892 0.301760 0.780759 0.630198 0.310608 0.324040 0.906114 0.937694 0.711454 0.590267 0.958800 0.689431 0.557085 0.626846 0.963386 0.750895 0.914392 0.828091 0.532786 0.627917 0.706402 0.603529 0.698932 0.660137 0.938351 0.753126 0.339685 0.457659 0.158253 0.155537 0.359352 0.304526 0.283180 0.335204 0.212612 0.199105 0.444306 0.420897 0.761406 0.762612 0.285226 0.313069 0.746854 0.557747 0.879199 0.982210 0.763216 0.920160 0.875720 0.925147 0.424578 0.421930 0.218699 0.257452 0.366315 0.278342 0.204458 0.250215 0.866296 0.576673 0.417510 0.262834 0.401725 0.453854 0.367059 0.374756 0.949670 0.935876 0.977015 0.877404 0.848437 0.919693 0.732251 0.749533 0.976074 0.777852 0.876098 0.865478 0.879171 0.875912 0.749840 0.820092 0.833766 0.940686 0.866266 0.995524 0.738262 0.531665
0.153204 0.000000 0.497510 0.414587 0.872501 0.719674 0.533885 0.411873 0.588521 0.782164 0.395290 0.263021 0.359829 0.381939 0.543909 0.577004 0.207647 0.207217 0.227330 0.209715 0.573007 0.948731 0.539844 0.460723 0.560154 0.764568 0.476044 0.843532 0.333804 0.309025 0.677750 0.569642 0.291009 0.300299 0.805137 0.948589 0.607474 0.507960 0.839671 0.689803 0.568906 0.618473 0.877872 0.674980 0.952154 0.797917 0.454853 0.556941 0.716326 0.566325 0.663527 0.603146 0.870606 0.820604 0.308681 0.401505 0.137739 0.141939 0.343490 0.295739 0.327459 0.357169 0.263597 0.221282 0.381742 0.357887 0.659816 0.688909 0.275855 0.276302 0.809288 0.580071 0.848085 0.995541 0.740832 0.879114 0.955273 0.948686 0.390412 0.367946 0.205097 0.265610 0.331055 0.240029 0.202820 0.214299 0.807530 0.538386 0.459437 0.243146 0.360509 0.411269 0.353085 0.341946 0.982092 0.974654 0.981847 0.923152 0.819323 0.936588 0.659375 0.693460 0.989917 0.848074 0.801794 0.802262 0.826810 0.874205 0.788531 0.765849 0.794749 0.954024 0.895532 0.977935 0.684380 0.562873
0.602920 0.497510 0.000000 0.281026 0.841012 0.833813 0.548917 0.641117 0.806432 0.660972 0.811053 0.737368 0.732670 0.716137 0.665635 0.578838 0.535958 0.541851 0.479427 0.554512 0.509107 0.952852 0.370050 0.348362 0.300166 0.359331 0.447754 0.933501 0.751906 0.658264 0.490819 0.550328 0.470632 0.518301 0.506948 0.717066 0.524162 0.615842 0.618247 0.772205 0.715738 0.681189 0.772908 0.653324 0.915797 0.990111 0.529976 0.590571 0.941021 0.829388 0.865248 0.781831 0.825633 0.988809 0.531280 0.621873 0.501134 0.519728 0.639238 0.638097 0.654852 0.726514 0.707671 0.677943 0.298625 0.362364 0.415391 0.573061 0.573526 0.569017 0.905963 0.858541 0.729002 0.834473 0.634944 0.858099 0.780667 0.786278 0.591550 0.686240 0.624511 0.645194 0.454575 0.527332 0.483762 0.388909 0.776465 0.599262 0.799244 0.553947 0.592131 0.589729 0.665510 0.653738 0.990634 0.926448 0.987762 0.974675 0.854676 0.979302 0.783506 0.823741 0.935210 0.965973 0.660962 0.670711 0.750998 0.966129 0.859787 0.772945 0.808443 0.985784 0.952345 0.939715 0.541682 0.857708
0.506945 0.414587 0.281026 0.000000 0.966778 0.903071 0.359928 0.333404 0.930743 0.961851 0.816428 0.590705 0.600080 0.551226 0.618275 0.434814 0.505080 0.517692 0.419034 0.540379 0.546009 0.946880 0.232002 0.284004 0.462263 0.488698 0.547278 0.994653 0.672144 0.584071 0.316866 0.399871 0.330282 0.401571 0.531657 0.759196 0.531324 0.605557 0.769696 0.761139 0.743729 0.699496 0.603982 0.489995 0.882718 0.750194 0.436065 0.471000 0.818131 0.561669 0.555352 0.477881 0.574377 0.757446 0.471958 0.558159 0.418341 0.433426 0.442042 0.377445 0.500855 0.465860 0.559895 0.486042 0.393749 0.294094 0.349739 0.402648 0.644261 0.442812 0.724943 0.970093 0.586132 0.765757 0.610768 0.782616 0.717190 0.717479 0.411078 0.539012 0.552116 0.673394 0.444911 0.533083 0.456449 0.324445 0.891951 0.649001 0.681423 0.454630 0.677397 0.662774 0.683983 0.624390 0.850243 0.877763 0.884332 0.887219 0.963883 0.831748 0.887309 0.972262 0.990851 0.896151 0.583399 0.538173 0.654390 0.856543 0.919983 0.678208 0.724631 0.829784 0.884279 0.860724 0.466000 0.923468
0.884429 0.872501 0.841012 0.966778 0.000000 0.679853 0.843476 0.781976 0.536016 0.524873 0.947279 0.917733 0.829085 0.795920 0.672891 0.687110 0.957427 0.948530 0.942793 0.912775 0.989376 0.853217 0.862720 0.858318 0.723421 0.865493 0.837541 0.894118 0.888258 0.907834 0.784270 0.838815 0.969814 0.911810 0.918933 0.998722 0.784407 0.719373 0.777074 0.996383 0.806693 0.990900 0.946820 0.993036 0.758338 0.843652 0.923089 0.972510 0.878349 0.937419 0.798508 0.815919 0.739018 0.610784 0.972843 0.903098 0.863566 0.902876 0.939110 0.934023 0.832490 0.751127 0.918195 0.935908 0.797494 0.974363 0.993780 0.950887 0.726621 0.858355 0.815238 0.733292 0.738900 0.633134 0.879207 0.869869 0.863381 0.918582 0.950362 0.935960 0.988472 0.935434 0.996381 0.836605 0.915248 0.903831 0.892154 0.844265 0.902435 0.858051 0.724864 0.783261 0.760291 0.724491 0.784486 0.923156 0.927273 0.989486 0.709651 0.872436 0.680222 0.672610 0.765906 0.889578 0.941846 0.916079 0.971108 0.858942 0.919916 0.915976 0.954521 0.875368 0.749170 0.918743 0.930891 0.779610
0.711766 0.719674 0.833813 0.903071 0.679853 0.000000 0.914965 0.976582 0.554362 0.625833 0.679802 0.770556 0.915177 0.886453 0.964010 0.957653 0.741244 0.739084 0.816606 0.736414 0.876785 0.781605 0.897065 0.976808 0.845711 0.927297 0.698974 0.880582 0.825405 0.760731 0.801757 0.939188 0.834874 0.962257 0.990542 0.993918 0.936871 0.891418 0.950221 0.924359 0.763454 0.918691 0.779254 0.836828 0.649261 0.790273 0.954362 0.943652 0.886579 0.867114 0.832680 0.820862 0.747794 0.560860 0.953973 0.990253 0.692984 0.710676 0.890225 0.838958 0.843163 0.903746 0.866888 0.831588 0.647274 0.834148 0.987073 0.887672 0.659547 0.828045 0.709705 0.668153 0.651075 0.606391 0.862113 0.912384 0.672269 0.776368 0.911891 0.978357 0.869140 0.797964 0.796093 0.689776 0.764017 0.786152 0.907308 0.743207 0.877533 0.857267 0.496876 0.602205 0.591157 0.679506 0.716573 0.882409 0.850680 0.821067 0.628080 0.667735 0.667184 0.713730 0.729045 0.824165 0.829832 0.779382 0.890455 0.736034 0.747578 0.946357 0.774632 0.823449 0.715440 0.819781 0.822941 0.828825
0.548096 0.533885 0.548917 0.359928 0.843476 0.914965 0.000000 0.250333 0.961502 0.650513 0.894492 0.651273 0.583803 0.552122 0.672914 0.554085 0.612646 0.624171 0.439933 0.644699 0.686415 0.906480 0.343434 0.512417 0.835208 0.741483 0.814042 0.993344 0.609171 0.688184 0.292682 0.389752 0.336298 0.321415 0.648443 0.908464 0.731897 0.778035 0.932382 0.824786 0.893362 0.647758 0.518635 0.394721 0.559650 0.444776 0.424362 0.403461 0.481871 0.367440 0.321050 0.299899 0.409419 0.584435 0.469297 0.517802 0.496228 0.521795 0.281324 0.316165 0.428422 0.437960 0.419001 0.442181 0.771986 0.596271 0.339899 0.347758 0.841873 0.475744 0.661257 0.979582 0.471252 0.575658 0.689147 0.662117 0.564811 0.616209 0.394748 0.604998 0.576352 0.757272 0.598280 0.751399 0.560284 0.504377 0.795679 0.901204 0.650653 0.523515 0.962770 0.979946 0.942744 0.894214 0.656529 0.703368 0.681569 0.772217 0.546467 0.485721 0.841723 0.706089 0.619274 0.528048 0.536981 0.464889 0.602254 0.768596 0.912755 0.786537 0.644302 0.556977 0.606091 0.571527 0.429355 0.975730
0.420426 0.411873 0.641117 0.333404 0.781976 0.976582 0.250333 0.000000 0.889032 0.643622 0.715830 0.423181 0.419233 0.378446 0.551970 0.391340 0.497614 0.499682 0.415470 0.527511 0.721964 0.974828 0.350893 0.408868 0.886664 0.876775 0.860086 0.978000 0.477206 0.495437 0.367090 0.439715 0.305841 0.330460 0.728155 0.953322 0.761602 0.722881 0.935425 0.806684 0.798640 0.738704 0.618579 0.488945 0.676367 0.523326 0.481192 0.494779 0.519317 0.390857 0.326820 0.308087 0.454455 0.621831 0.457870 0.547726 0.400600 0.397321 0.319362 0.257150 0.302153 0.211085 0.331777 0.286489 0.704964 0.447329 0.496757 0.411743 0.752567 0.418664 0.741941 0.968783 0.516838 0.654246 0.673370 0.719409 0.724503 0.774032 0.365319 0.525677 0.456108 0.652286 0.554707 0.646082 0.479091 0.409584 0.932336 0.802856 0.569657 0.451594 0.844910 0.805701 0.788298 0.686296 0.735759 0.807104 0.823377 0.931720 0.704797 0.663204 0.899701 0.853220 0.806052 0.700753 0.637883 0.615656 0.710818 0.865116 0.923238 0.776178 0.727142 0.650077 0.735626 0.771498 0.543290 0.896601
0.622892 0.588521 0.806432 0.930743 0.536016 0.554362 0.961502 0.889032 0.000000 0.533754 0.686573 0.777005 0.918110 0.899800 0.988261 0.839364 0.609718 0.609612 0.668156 0.613536 0.814615 0.867588 0.916145 0.989408 0.637171 0.798287 0.600931 0.877019 0.760253 0.766079 0.834585 0.902478 0.747507 0.748126 0.961583 0.967807 0.691009 0.720549 0.806112 0.825362 0.728701 0.884112 0.992587 0.874364 0.881031 0.975180 0.722424 0.789027 0.889294 0.844499 0.959797 0.995548 0.864912 0.610469 0.694793 0.570291 0.572825 0.618931 0.707991 0.749947 0.951858 0.963180 0.788957 0.790024 0.684433 0.885559 0.917897 0.967799 0.492078 0.744235 0.685290 0.523260 0.778221 0.699308 0.974141 0.953060 0.804305 0.810350 0.830020 0.745296 0.633462 0.544503 0.661615 0.446627 0.604103 0.683789 0.844600 0.633721 0.685100 0.613145 0.471828 0.650177 0.502288 0.605274 0.821870 0.977673 0.974130 0.992959 0.720540 0.910564 0.583681 0.676004 0.981790 0.967722 0.955280 0.928085 0.897543 0.883229 0.750347 0.899580 0.851043 0.974287 0.830950 0.990991 0.986254 0.708862
0.851695 0.782164 0.660972 0.961851 0.524873 0.625833 0.650513 0.643622 0.533754 0.000000 0.759507 0.955699 0.948298 0.898333 0.985423 0.862580 0.784637 0.782936 0.893122 0.744949 0.730571 0.922041 0.922642 0.919998 0.467040 0.685980 0.567362 0.815257 0.969103 0.885705 0.747081 0.862600 0.964671 0.927907 0.896940 0.833566 0.753582 0.664565 0.615735 0.999236 0.725165 0.919339 0.710313 0.772444 0.455736 0.522334 0.970630 0.871580 0.543791 0.640622 0.499179 0.567895 0.529091 0.419909 0.936745 0.939871 0.818964 0.812374 0.820105 0.829969 0.890159 0.772773 0.883036 0.938483 0.503111 0.780810 0.887544 0.744324 0.530163 0.909570 0.586105 0.594977 0.701149 0.620095 0.975022 0.823649 0.669607 0.748243 0.941847 0.936192 0.854117 0.701229 0.745588 0.590097 0.759506 0.768375 0.614516 0.631641 0.996782 0.853359 0.480361 0.525563 0.606704 0.670661 0.612125 0.856649 0.747679 0.781856 0.370870 0.504891 0.494369 0.469070 0.658126 0.673908 0.871410 0.833935 0.889487 0.674207 0.843017 0.962042 0.884733 0.559670 0.512455 0.735605 0.836616 0.709700
0.310686 0.395290 0.811053 0.816428 0.947279 0.679802 0.894492 0.715830 0.686573 0.759507 0.000000 0.265914 0.285587 0.329595 0.424588 0.627923 0.291981 0.258337 0.443101 0.270913 0.725599 0.809194 0.929123 0.702310 0.820633 0.947076 0.647255 0.714363 0.283741 0.293881 0.887014 0.922927 0.600290 0.566489 0.865831 0.883395 0.891866 0.759265 0.955249 0.788917 0.514526 0.913224 0.652162 0.812707 0.608240 0.792805 0.941046 0.952661 0.945201 0.998664 0.893344 0.929780 0.729445 0.514983 0.572290 0.724598 0.386565 0.347571 0.768285 0.699583 0.346666 0.465060 0.359707 0.364520 0.491337 0.536938 0.856769 0.862247 0.414967 0.619906 0.534232 0.582327 0.887980 0.823738 0.754298 0.902412 0.611791 0.700434 0.721346 0.666146 0.401434 0.327194 0.532456 0.424516 0.362006 0.465000 0.695984 0.688504 0.583220 0.558151 0.419671 0.426414 0.374103 0.453810 0.758018 0.961113 0.736868 0.561282 0.587564 0.620551 0.639272 0.681592 0.816954 0.969802 0.770480 0.810194 0.761374 0.654586 0.655998 0.923103 0.928474 0.804340 0.612141 0.737985 0.981740 0.502084
0.228067 0.263021 0.737368 0.590705 0.917733 0.770556 0.651273 0.423181 0.777005 0.955699 0.265914 0.000000 0.204753 0.207842 0.352461 0.416390 0.220533 0.206179 0.316731 0.245480 0.666929 0.804559 0.637956 0.497297 0.770523 0.972120 0.660967 0.844347 0.251339 0.213301 0.812475 0.667824 0.388493 0.388057 0.908154 0.920857 0.797654 0.704508 0.999682 0.775526 0.593521 0.818770 0.916974 0.900884 0.857327 0.925756 0.690341 0.768276 0.833990 0.714414 0.768365 0.726732 0.950258 0.831658 0.404845 0.583000 0.264697 0.222206 0.530269 0.446207 0.226890 0.240663 0.224531 0.181409 0.481583 0.370293 0.916739 0.846792 0.393816 0.412005 0.736774 0.709103 0.880887 0.964262 0.703259 0.974066 0.844732 0.840575 0.503247 0.445533 0.252276 0.280511 0.369376 0.339862 0.263775 0.298378 0.753867 0.591794 0.443438 0.400807 0.450125 0.453274 0.389780 0.394925 0.907061 0.986151 0.810475 0.697357 0.772425 0.830494 0.728049 0.815958 0.967334 0.889683 0.961025 0.988932 0.994944 0.764645 0.682072 0.908450 0.875412 0.987417 0.774327 0.845785 0.802551 0.579233
0.299481 0.359829 0.732670 0.600080 0.829085 0.915177 0.583803 0.419233 0.918110 0.948298 0.285587 0.204753 0.000000 0.181078 0.255939 0.378820 0.279932 0.271924 0.312973 0.304041 0.697818 0.923606 0.580876 0.505761 0.833713 0.963751 0.687297 0.834923 0.254639 0.279108 0.748692 0.593634 0.409432 0.361705 0.954569 0.904627 0.861679 0.768457 0.881713 0.780309 0.604866 0.816957 0.949265 0.891225 0.893368 0.927906 0.710672 0.811845 0.850589 0.737203 0.770029 0.727320 0.922231 0.893826 0.411479 0.601107 0.362410 0.317662 0.596726 0.518600 0.187599 0.268040 0.222950 0.234799 0.528420 0.397474 0.921689 0.869182 0.514357 0.494357 0.787444 0.800961 0.756158 0.843875 0.631230 0.963324 0.905576 0.917965 0.515745 0.503454 0.315799 0.332448 0.428097 0.458274 0.296016 0.343128 0.816353 0.668010 0.502905 0.481163 0.618300 0.587795 0.534015 0.537354 0.935022 0.978768 0.872054 0.743674 0.889976 0.932721 0.859734 0.980547 0.978937 0.802409 0.965428 0.925371 0.997952 0.810018 0.687385 0.979379 0.914004 0.975870 0.826685 0.875761 0.732876 0.560714
0.333560 0.381939 0.716137 0.551226 0.795920 0.886453 0.552122 0.378446 0.899800 0.898333 0.329595 0.207842 0.181078 0.000000 0.249141 0.300515 0.283235 0.265076 0.315959 0.321256 0.677852 0.834819 0.518690 0.413310 0.818322 0.919723 0.715967 0.835406 0.284807 0.277214 0.700037 0.564039 0.401941 0.353792 0.898453 0.880510 0.869420 0.821363 0.922103 0.795804 0.668903 0.835197 0.996755 0.848194 0.952888 0.871701 0.678112 0.733650 0.807720 0.690159 0.699707 0.666523 0.813733 0.991693 0.400044 0.587354 0.367423 0.319778 0.568488 0.496273 0.220160 0.236913 0.248790 0.231365 0.552987 0.369665 0.859640 0.793906 0.565845 0.528440 0.872538 0.836467 0.715266 0.752470 0.617505 0.876708 0.948505 0.906209 0.497363 0.506239 0.331091 0.346541 0.408257 0.442682 0.314324 0.331178 0.800095 0.604014 0.514105 0.470139 0.620307 0.605909 0.536057 0.553335 0.989546 0.969493 0.843766 0.770141 0.931886 0.984874 0.892547 0.986810 0.937233 0.780275 0.938298 0.848808 0.969059 0.843084 0.666662 0.978309 0.814316 0.954545 0.885796 0.937469 0.705180 0.644292
0.520970 0.543909 0.665635 0.618275 0.672891 0.964010 0.672914 0.551970 0.988261 0.985423 0.424588 0.352461 0.255939 0.249141 0.000000 0.306040 0.387921 0.377366 0.464178 0.440247 0.648858 0.884456 0.512605 0.421329 0.766202 0.834411 0.743367 0.828703 0.381607 0.365198 0.736748 0.650352 0.537999 0.479547 0.881819 0.931537 0.911620 0.942407 0.966653 0.907429 0.774607 0.892507 0.997295 0.897187 0.908081 0.988079 0.787603 0.830452 0.966598 0.846853 0.842004 0.807920 0.870608 0.991473 0.507604 0.692039 0.542703 0.491949 0.783114 0.722995 0.331071 0.409524 0.430483 0.431632 0.510264 0.386152 0.904844 0.893134 0.673013 0.690405 0.844446 0.889715 0.675685 0.720723 0.572200 0.912791 0.989855 0.972138 0.576142 0.600500 0.449074 0.431561 0.475370 0.541868 0.401643 0.441342 0.793333 0.640602 0.682096 0.638832 0.725136 0.688607 0.646597 0.712470 0.972602 0.969463 0.754925 0.728704 0.889512 0.964718 0.839629 0.972025 0.960722 0.873993 0.944949 0.907859 0.957551 0.782489 0.659097 0.943762 0.879024 0.958436 0.865962 0.871100 0.772369 0.730903
0.597582 0.577004 0.578838 0.434814 0.687110 0.957653 0.554085 0.391340 0.839364 0.862580 0.627923 0.416390 0.378820 0.300515 0.306040 0.000000 0.462739 0.456321 0.521511 0.576312 0.613842 0.892136 0.350737 0.297165 0.686902 0.703013 0.741459 0.961284 0.495174 0.393115 0.476182 0.496923 0.466402 0.452227 0.712588 0.916633 0.823109 0.815502 0.954400 0.801598 0.824940 0.911327 0.855500 0.764501 0.949303 0.866697 0.696009 0.695006 0.912387 0.715574 0.665610 0.610840 0.622744 0.724986 0.494184 0.685601 0.556068 0.510326 0.690313 0.621316 0.366114 0.315432 0.480490 0.422982 0.531081 0.287369 0.687981 0.596825 0.794343 0.623379 0.877737 0.935870 0.604114 0.649398 0.514281 0.762471 0.834232 0.905692 0.527563 0.565074 0.533066 0.601478 0.452012 0.606633 0.510152 0.432284 0.743293 0.704914 0.714257 0.633555 0.758207 0.675531 0.700658 0.662816 0.898643 0.946762 0.798085 0.786706 0.968862 0.934805 0.945724 0.973689 0.968004 0.910997 0.805458 0.816959 0.851302 0.934639 0.809502 0.947880 0.823750 0.947571 0.979317 0.982508 0.614161 0.855477
0.214795 0.207647 0.535958 0.505080 0.957427 0.741244 0.612646 0.497614 0.609718 0.784637 0.291981 0.220533 0.279932 0.283235 0.387921 0.462739 0.000000 0.148744 0.242013 0.227201 0.546049 0.849644 0.567532 0.429699 0.550282 0.751105 0.508868 0.779492 0.235853 0.217022 0.736403 0.602500 0.323709 0.316689 0.810203 0.971047 0.687788 0.620001 0.888778 0.686596 0.543542 0.722644 0.961437 0.773937 0.922582 0.867054 0.520445 0.616718 0.805085 0.639847 0.757866 0.694619 0.899295 0.817271 0.305796 0.417737 0.191356 0.177783 0.468668 0.439746 0.291785 0.363479 0.253386 0.226533 0.356230 0.319073 0.726610 0.726079 0.333169 0.382306 0.773311 0.599371 0.854315 0.960621 0.691791 0.874370 0.928523 0.961909 0.454058 0.376408 0.202650 0.217764 0.284734 0.233448 0.195326 0.229652 0.718071 0.537008 0.474746 0.320997 0.380185 0.410967 0.324958 0.393296 0.956069 0.984583 0.929196 0.790446 0.765588 0.896985 0.656530 0.724077 0.943001 0.822932 0.876303 0.858751 0.960528 0.806656 0.629270 0.847074 0.799423 0.993843 0.838134 0.927661 0.694178 0.533009
0.208925 0.207217 0.541851 0.517692 0.948530 0.739084 0.624171 0.499682 0.609612 0.782936 0.258337 0.206179 0.271924 0.265076 0.377366 0.456321 0.148744 0.000000 0.242888 0.204908 0.545396 0.823153 0.591507 0.429359 0.573144 0.759677 0.515159 0.741285 0.234996 0.211741 0.765202 0.615976 0.342862 0.333740 0.842595 0.984145 0.707415 0.615812 0.893634 0.723472 0.570128 0.751210 0.993574 0.818526 0.868669 0.917959 0.579867 0.657809 0.848892 0.684964 0.797446 0.731476 0.942522 0.776265 0.302372 0.468879 0.191330 0.174117 0.497370 0.461489 0.280880 0.344706 0.253199 0.221459 0.340930 0.307422 0.767543 0.785155 0.339147 0.392760 0.739578 0.593664 0.894335 0.964062 0.707473 0.888572 0.882888 0.897520 0.453982 0.412697 0.206697 0.212256 0.290881 0.237499 0.197369 0.229658 0.669509 0.546141 0.496113 0.332110 0.361551 0.382356 0.319729 0.372599 0.972190 0.953227 0.852765 0.759288 0.731564 0.873228 0.638927 0.703836 0.982849 0.886401 0.898672 0.903552 0.954306 0.783850 0.666401 0.913987 0.825474 0.948697 0.801763 0.936772 0.714891 0.522119
0.228665 0.227330 0.479427 0.419034 0.942793 0.816606 0.439933 0.415470 0.668156 0.893122 0.443101 0.316731 0.312973 0.315959 0.464178 0.521511 0.242013 0.242888 0.000000 0.237070 0.570940 0.994108 0.447160 0.416056 0.573017 0.717347 0.541625 0.850163 0.344852 0.382963 0.623920 0.490535 0.268602 0.280663 0.734842 0.997645 0.652497 0.653362 0.952189 0.660734 0.582875 0.603673 0.845221 0.651440 0.996136 0.781367 0.424928 0.527243 0.728451 0.564555 0.652014 0.596479 0.827626 0.889454 0.269128 0.434398 0.220890 0.219212 0.370554 0.358446 0.325444 0.385352 0.264977 0.257933 0.428397 0.386199 0.606390 0.687009 0.364377 0.337784 0.852234 0.689700 0.707075 0.813542 0.701960 0.825151 0.937127 0.960181 0.408263 0.417355 0.253145 0.279941 0.332751 0.297183 0.209426 0.206610 0.811674 0.533468 0.500280 0.289787 0.520438 0.567774 0.481551 0.512895 0.872019 0.879765 0.897104 0.965989 0.985493 0.904509 0.856394 0.877832 0.843062 0.665505 0.710144 0.679107 0.790829 0.901898 0.719168 0.766731 0.695026 0.886402 0.960478 0.885997 0.569929 0.565008
0.185277 0.209715 0.554512 0.540379 0.912775 0.736414 0.644699 0.527511 0.613536 0.744949 0.270913 0.245480 0.304041 0.321256 0.440247 0.576312 0.227201 0.204908 0.237070 0.000000 0.568167 0.870163 0.628707 0.489039 0.612912 0.819421 0.532009 0.775727 0.328233 0.324403 0.820503 0.699795 0.377709 0.359295 0.881408 0.949745 0.737247 0.639539 0.940617 0.736368 0.545620 0.704459 0.943767 0.863510 0.792655 0.986547 0.615649 0.731717 0.870313 0.755227 0.858965 0.806277 0.948204 0.674017 0.368183 0.517964 0.224138 0.212489 0.507549 0.457776 0.336199 0.403816 0.288227 0.272164 0.390998 0.407549 0.834370 0.872484 0.265642 0.387542 0.678499 0.600735 0.909529 0.995189 0.746961 0.928162 0.857280 0.906101 0.476272 0.477549 0.252930 0.224180 0.373324 0.274678 0.213266 0.261238 0.769452 0.535448 0.493107 0.327368 0.401011 0.446412 0.385452 0.418489 0.924495 0.970927 0.913209 0.816465 0.753068 0.839903 0.679892 0.711910 0.951898 0.849318 0.899336 0.919002 0.951043 0.783288 0.774190 0.896032 0.922845 0.982519 0.782833 0.897403 0.765619 0.522287
0.610409 0.573007 0.509107 0.546009 0.989376 0.876785 0.686415 0.721964 0.814615 0.730571 0.725599 0.666929 0.697818 0.677852 0.648858 0.613842 0.546049 0.545396 0.570940 0.568167 0.000000 0.911771 0.566374 0.522010 0.514854 0.576188 0.602427 0.924170 0.697642 0.630286 0.643102 0.638371 0.493520 0.597009 0.810125 0.932759 0.735541 0.772872 0.901653 0.863847 0.729600 0.785151 0.909145 0.811116 0.956388 0.971636 0.701580 0.669290 0.977949 0.832928 0.890919 0.818309 0.878815 0.954070 0.538125 0.657026 0.569719 0.571739 0.678993 0.730615 0.668569 0.728077 0.665098 0.656208 0.495661 0.530660 0.623831 0.741453 0.589119 0.689663 0.954964 0.771057 0.802715 0.847795 0.709270 0.848518 0.905475 0.994885 0.607530 0.527802 0.593128 0.600363 0.501669 0.553297 0.544916 0.500690 0.815528 0.755741 0.829881 0.634323 0.612261 0.641094 0.691959 0.781896 0.983634 0.805937 0.999750 0.894612 0.848304 0.966680 0.771432 0.916090 0.931730 0.887101 0.752850 0.765415 0.934247 0.845427 0.812102 0.860734 0.835630 0.972344 0.864162 0.889097 0.669073 0.802809
0.906032 0.948731 0.952852 0.946880 0.853217 0.781605 0.906480 0.974828 0.867588 0.922041 0.809194 0.804559 0.923606 0.834819 0.884456 0.892136 0.849644 0.823153 0.994108 0.870163 0.911771 0.000000 0.888202 0.984389 0.925568 0.911213 0.882650 0.805229 0.822532 0.734823 0.883119 0.866851 0.977357 0.986071 0.961891 0.982676 0.902643 0.892852 0.996689 0.875317 0.989799 0.847579 0.772753 0.808981 0.822055 0.871871 0.878674 0.948951 0.852674 0.890564 0.871413 0.881977 0.902254 0.871013 0.954902 0.968628 0.896972 0.880909 0.949915 0.988519 0.893403 0.918599 0.880620 0.894547 0.941288 0.892775 0.834899 0.973511 0.994113 0.895681 0.849752 0.930387 0.897114 0.829887 0.970379 0.982142 0.830701 0.890846 0.962072 0.959381 0.920563 0.907946 0.890077 0.916870 0.954413 0.965283 0.878627 0.958822 0.937894 0.984479 0.797789 0.755520 0.769083 0.762443 0.723441 0.983692 0.849412 0.773698 0.747783 0.829738 0.880711 0.908077 0.772735 0.792041 0.879434 0.683451 0.889829 0.947977 0.846869 0.671990 0.932889 0.889134 0.777324 0.754643 0.787270 0.861935
0.628477 0.539844 0.370050 0.232002 0.862720 0.897065 0.343434 0.350893 0.916145 0.922642 0.929123 0.637956 0.580876 0.518690 0.512605 0.350737 0.567532 0.591507 0.447160 0.628707 0.566374 0.888202 0.000000 0.268123 0.513635 0.477450 0.683260 0.985104 0.710822 0.655779 0.250366 0.365804 0.365901 0.401557 0.475638 0.827539 0.666536 0.758505 0.853466 0.853800 0.876763 0.706550 0.499779 0.409991 0.730198 0.650671 0.396560 0.421195 0.748385 0.518883 0.475953 0.411050 0.467918 0.574147 0.447612 0.547493 0.547350 0.539601 0.513054 0.484022 0.532215 0.489994 0.586783 0.526151 0.520458 0.345807 0.366550 0.401453 0.774243 0.517151 0.652608 0.903832 0.421450 0.522154 0.604729 0.668022 0.559924 0.679465 0.403712 0.518511 0.562464 0.669706 0.474183 0.623096 0.486726 0.365258 0.932993 0.640945 0.749879 0.515877 0.872158 0.835706 0.858117 0.806161 0.768454 0.815853 0.911820 0.848239 0.799173 0.654516 0.987610 0.866582 0.826201 0.797291 0.464930 0.453726 0.632280 0.858409 0.950018 0.742882 0.696836 0.781668 0.793447 0.772380 0.412817 0.962090
0.538087 0.460723 0.348362 0.284004 0.858318 0.976808 0.512417 0.408868 0.989408 0.919998 0.702310 0.497297 0.505761 0.413310 0.421329 0.297165 0.429699 0.429359 0.416056 0.489039 0.522010 0.984389 0.268123 0.000000 0.469498 0.493364 0.637790 0.946758 0.574911 0.447035 0.446602 0.500963 0.385031 0.427165 0.546854 0.856405 0.645002 0.692289 0.785368 0.839588 0.775814 0.755608 0.745528 0.640288 0.954177 0.853212 0.477114 0.553571 0.927891 0.676949 0.665310 0.597410 0.638784 0.776572 0.424635 0.579473 0.456418 0.442094 0.605264 0.562364 0.463452 0.417692 0.540188 0.467576 0.380158 0.232800 0.481023 0.531111 0.618098 0.534256 0.861298 0.948936 0.609009 0.652829 0.642148 0.762844 0.840269 0.855163 0.496341 0.536152 0.473808 0.535066 0.364700 0.469784 0.427534 0.314107 0.737452 0.520199 0.668417 0.497995 0.683150 0.610051 0.667890 0.642638 0.900117 0.903231 0.955116 0.965446 0.943792 0.891722 0.933588 0.934862 0.953374 0.886024 0.656534 0.644566 0.831406 0.957105 0.753289 0.829467 0.774820 0.956336 0.971023 0.944645 0.564102 0.874149
0.665299 0.560154 0.300166 0.462263 0.723421 0.845711 0.835208 0.886664 0.637171 0.467040 0.820633 0.770523 0.833713 0.818322 0.766202 0.686902 0.550282 0.573144 0.573017 0.612912 0.514854 0.925568 0.513635 0.469498 0.000000 0.253673 0.405188 0.911393 0.859192 0.715628 0.687751 0.654431 0.580761 0.628599 0.519258 0.762461 0.462535 0.569501 0.502658 0.761173 0.708971 0.681933 0.863892 0.751588 0.808027 0.885136 0.565843 0.676559 0.824650 0.920866 0.972175 0.927067 0.978056 0.870941 0.602734 0.614543 0.573907 0.576036 0.794025 0.790840 0.847959 0.893605 0.831832 0.763908 0.305510 0.416002 0.594705 0.725346 0.496825 0.668108 0.987478 0.755170 0.906450 0.993169 0.694768 0.930691 0.969278 0.907531 0.698081 0.667486 0.636867 0.594961 0.437594 0.408773 0.506897 0.428291 0.648126 0.499410 0.782119 0.578976 0.468735 0.505043 0.524515 0.559777 0.885929 0.990682 0.898827 0.954507 0.649048 0.853418 0.647303 0.668235 0.894524 0.924793 0.715745 0.700459 0.835127 0.848712 0.912482 0.756446 0.938970 0.828586 0.801811 0.953237 0.632886 0.800036
0.869807 0.764568 0.359331 0.488698 0.865493 0.927297 0.741483 0.876775 0.798287 0.685980 0.947076 0.972120 0.963751 0.919723 0.834411 0.703013 0.751105 0.759677 0.717347 0.819421 0.576188 0.911213 0.477450 0.493364 0.253673 0.000000 0.545954 0.948272 0.997620 0.877941 0.566010 0.642428 0.654471 0.669266 0.465047 0.749403 0.516852 0.642172 0.576112 0.829137 0.897924 0.655879 0.715395 0.650147 0.990726 0.973820 0.567324 0.630815 0.896228 0.869689 0.904591 0.809622 0.793360 0.881894 0.621612 0.617837 0.760405 0.767169 0.835274 0.864880 0.967421 0.976394 0.950677 0.908772 0.492091 0.526356 0.502586 0.614926 0.732026 0.750959 0.815056 0.922762 0.784723 0.813814 0.706744 0.835868 0.794568 0.747095 0.723237 0.779219 0.798077 0.793605 0.555269 0.607970 0.680093 0.563855 0.684260 0.670325 0.848230 0.708029 0.748611 0.750088 0.797916 0.781782 0.998265 0.842085 0.999456 0.919836 0.902520 0.927692 0.876679 0.943852 0.969138 0.982189 0.602575 0.581904 0.745363 0.981140 0.983186 0.792231 0.982904 0.967416 0.968227 0.884995 0.588082 0.944266
0.571454 0.476044 0.447754 0.547278 0.837541 0.698974 0.814042 0.860086 0.600931 0.567362 0.647255 0.660967 0.687297 0.715967 0.743367 0.741459 0.508868 0.515159 0.541625 0.532009 0.602427 0.882650 0.683260 0.637790 0.405188 0.545954 0.000000 0.902369 0.733831 0.636565 0.731377 0.671731 0.599692 0.533374 0.716417 0.697637 0.514646 0.612452 0.670659 0.742827 0.667030 0.699792 0.972094 0.905295 0.740261 0.875962 0.707758 0.838434 0.885924 0.938533 0.975665 0.931559 0.943439 0.725761 0.577309 0.652307 0.507164 0.515908 0.752959 0.724944 0.707292 0.785332 0.691603 0.661664 0.387903 0.512661 0.750122 0.885136 0.465591 0.639068 0.806206 0.629764 0.982970 0.866264 0.670599 0.948487 0.923711 0.963486 0.676506 0.636879 0.629488 0.566153 0.497763 0.468589 0.469480 0.465158 0.716768 0.642825 0.784962 0.603454 0.401286 0.502667 0.485979 0.574936 0.863631 0.862837 0.814143 0.924251 0.630235 0.739650 0.497757 0.725860 0.835052 0.986591 0.915425 0.818039 0.919174 0.742076 0.888353 0.831170 0.873474 0.812716 0.747301 0.915006 0.781064 0.786548
0.800302 0.843532 0.933501 0.994653 0.894118 0.880582 0.993344 0.978000 0.877019 0.815257 0.714363 0.844347 0.834923 0.835406 0.828703 0.961284 0.779492 0.741285 0.850163 0.775727 0.924170 0.805229 0.985104 0.946758 0.911393 0.948272 0.902369 0.000000 0.811378 0.834329 0.860646 0.933056 0.934171 0.919490 0.927765 0.851711 0.981106 0.913379 0.936405 0.899912 0.947656 0.858662 0.915700 0.985473 0.819949 0.912415 0.991330 0.953699 0.963442 0.940805 0.907402 0.917465 0.880230 0.752937 0.937422 0.975435 0.809398 0.784987 0.981859 0.982261 0.860043 0.942367 0.836057 0.847522 0.793203 0.861105 0.895761 0.816152 0.790355 0.878385 0.851919 0.766240 0.928902 0.943384 0.978226 0.939496 0.853984 0.829018 0.854738 0.881813 0.803788 0.732632 0.891418 0.847612 0.758103 0.811739 0.997146 0.927716 0.986993 0.801341 0.785749 0.805657 0.805109 0.892009 0.966059 0.842216 0.860001 0.822473 0.855183 0.869172 0.723762 0.905119 0.927374 0.964428 0.969437 0.829287 0.885486 0.817858 0.923561 0.803643 0.860890 0.842457 0.929417 0.869250 0.948127 0.760983
0.280892 0.333804 0.751906 0.672144 0.888258 0.825405 0.609171 0.477206 0.760253 0.969103 0.283741 0.251339 0.254639 0.284807 0.381607 0.495174 0.235853 0.234996 0.344852 0.328233 0.697642 0.822532 0.710822 0.574911 0.859192 0.997620 0.733831 0.811378 0.000000 0.223010 0.848284 0.709975 0.419311 0.408967 0.988563 0.914837 0.862831 0.753936 0.910651 0.709852 0.628362 0.802111 0.992547 0.834328 0.987971 0.800246 0.657962 0.711128 0.700908 0.629799 0.718276 0.687707 0.884740 0.893454 0.387448 0.528232 0.309069 0.286832 0.521087 0.478882 0.264376 0.341994 0.248139 0.262094 0.562247 0.483978 0.852523 0.801548 0.508721 0.457098 0.794731 0.700637 0.867681 0.919121 0.757761 0.884981 0.942016 0.955793 0.513590 0.486836 0.282279 0.323308 0.421743 0.429522 0.324490 0.407443 0.804342 0.711828 0.529868 0.456306 0.582919 0.592273 0.477428 0.544835 0.990845 0.937845 0.972823 0.750039 0.903541 0.960456 0.833130 0.867382 0.866413 0.761034 0.987061 0.978102 0.968793 0.865109 0.610304 0.966542 0.822222 0.950156 0.924874 0.998009 0.799611 0.599056
0.301760 0.309025 0.658264 0.584071 0.907834 0.760731 0.688184 0.495437 0.766079 0.885705 0.293881 0.213301 0.279108 0.277214 0.365198 0.393115 0.217022 0.211741 0.382963 0.324403 0.630286 0.734823 0.655779 0.447035 0.715628 0.877941 0.636565 0.834329 0.223010 0.000000 0.783761 0.669664 0.442416 0.438593 0.942705 0.969837 0.752084 0.623117 0.927441 0.719832 0.599205 0.836000 0.898208 0.935368 0.867361 0.949988 0.680942 0.765906 0.901976 0.739611 0.817977 0.754499 0.919899 0.865258 0.394868 0.603300 0.290745 0.254873 0.585857 0.522386 0.259180 0.305751 0.290844 0.260778 0.433686 0.331517 0.853477 0.794104 0.468371 0.428921 0.773355 0.712314 0.906704 0.980779 0.704871 0.938783 0.821884 0.850942 0.551845 0.475208 0.294812 0.347350 0.347605 0.377036 0.331337 0.354018 0.678991 0.639349 0.536559 0.465771 0.423507 0.378960 0.362398 0.385111 0.856626 0.951408 0.820274 0.677350 0.699026 0.790976 0.744644 0.706723 0.960802 0.952230 0.969034 0.983424 0.964344 0.749608 0.657062 0.965176 0.840591 0.930057 0.759217 0.909845 0.810681 0.631746
0.780759 0.677750 0.490819 0.316866 0.784270 0.801757 0.292682 0.367090 0.834585 0.747081 0.887014 0.812475 0.748692 0.700037 0.736748 0.476182 0.736403 0.765202 0.623920 0.820503 0.643102 0.883119 0.250366 0.446602 0.687751 0.566010 0.731377 0.860646 0.848284 0.783761 0.000000 0.327044 0.444614 0.429648 0.537319 0.694700 0.691479 0.733842 0.937101 0.852772 0.927655 0.763226 0.452055 0.390294 0.556931 0.521057 0.441515 0.427492 0.656395 0.450646 0.393289 0.331814 0.352286 0.425107 0.534575 0.589574 0.665790 0.684638 0.489817 0.504572 0.631135 0.557083 0.661860 0.629587 0.748700 0.530341 0.305445 0.288337 0.983040 0.590746 0.506890 0.817774 0.390632 0.539314 0.677768 0.625081 0.448947 0.566732 0.450751 0.585399 0.718546 0.903298 0.645959 0.820966 0.705961 0.572629 0.925898 0.869898 0.837043 0.652010 0.999763 0.958133 0.995396 0.927713 0.652905 0.823720 0.792152 0.766337 0.644863 0.540169 0.926348 0.790359 0.762095 0.779691 0.466567 0.433603 0.606763 0.759975 0.896528 0.738388 0.694726 0.676105 0.608945 0.660557 0.435837 0.908335
0.630198 0.569642 0.550328 0.399871 0.838815 0.939188 0.389752 0.439715 0.902478 0.862600 0.922927 0.667824 0.593634 0.564039 0.650352 0.496923 0.602500 0.615976 0.490535 0.699795 0.638371 0.866851 0.365804 0.500963 0.654431 0.642428 0.671731 0.933056 0.709975 0.669664 0.327044 0.000000 0.413572 0.386711 0.661433 0.736418 0.665329 0.701545 0.936554 0.781952 0.886132 0.771127 0.557403 0.457166 0.691441 0.594701 0.424338 0.395336 0.677908 0.468136 0.479815 0.415810 0.446045 0.630291 0.475152 0.547367 0.564096 0.573224 0.464764 0.471234 0.558545 0.530746 0.545607 0.528283 0.686058 0.479176 0.465521 0.424288 0.817499 0.614686 0.721442 0.971950 0.555206 0.638937 0.683080 0.703854 0.694133 0.793712 0.458790 0.480171 0.553483 0.669577 0.472714 0.629463 0.541288 0.462961 0.985949 0.764788 0.660008 0.554352 0.832230 0.834876 0.823144 0.791968 0.785416 0.877375 0.938043 0.796030 0.762216 0.635568 0.987859 0.860781 0.701804 0.770978 0.616262 0.451010 0.645361 0.882690 0.963842 0.802314 0.597740 0.826951 0.734906 0.720240 0.479941 0.923546
0.310608 0.291009 0.470632 0.330282 0.969814 0.834874 0.336298 0.305841 0.747507 0.964671 0.600290 0.388493 0.409432 0.401941 0.537999 0.466402 0.323709 0.342862 0.268602 0.377709 0.493520 0.977357 0.365901 0.385031 0.580761 0.654471 0.599692 0.934171 0.419311 0.442416 0.444614 0.413572 0.000000 0.244630 0.633475 0.897168 0.676324 0.651792 0.967463 0.808986 0.735305 0.702680 0.681968 0.504453 0.807027 0.641213 0.372110 0.423083 0.623952 0.457219 0.489277 0.439542 0.629525 0.870212 0.325918 0.391064 0.262378 0.276781 0.293450 0.276998 0.339011 0.347824 0.301267 0.276227 0.486519 0.373825 0.423605 0.468265 0.500846 0.331305 0.957959 0.833799 0.582531 0.769372 0.654464 0.681657 0.802389 0.867364 0.311986 0.372486 0.322787 0.429040 0.342820 0.390418 0.282745 0.254415 0.999193 0.598018 0.535653 0.340526 0.602467 0.633264 0.592744 0.602180 0.865733 0.829111 0.852305 0.990079 0.898471 0.774858 0.897585 0.986569 0.828707 0.701046 0.573463 0.565709 0.721074 0.937832 0.805337 0.746310 0.702055 0.771376 0.875470 0.794145 0.494428 0.714646
0.324040 0.300299 0.518301 0.401571 0.911810 0.962257 0.321415 0.330460 0.748126 0.927907 0.566489 0.388057 0.361705 0.353792 0.479547 0.452227 0.316689 0.333740 0.280663 0.359295 0.597009 0.986071 0.401557 0.427165 0.628599 0.669266 0.533374 0.919490 0.408967 0.438593 0.429648 0.386711 0.244630 0.000000 0.690687 0.880111 0.636990 0.608184 0.924522 0.758856 0.704165 0.637739 0.703370 0.525472 0.788272 0.611156 0.369613 0.473382 0.594473 0.444537 0.486152 0.431907 0.592694 0.860168 0.315173 0.318927 0.283068 0.300078 0.318446 0.323433 0.326521 0.353878 0.262139 0.265327 0.553864 0.416288 0.501969 0.508734 0.529955 0.375365 0.946450 0.807485 0.589758 0.730389 0.662437 0.747774 0.809326 0.825188 0.358863 0.423391 0.315207 0.408934 0.397844 0.410680 0.307537 0.302510 0.977778 0.632956 0.473716 0.333887 0.620466 0.665097 0.579873 0.583587 0.857940 0.921368 0.891782 0.989672 0.874801 0.753408 0.857237 0.972338 0.755398 0.637823 0.703415 0.597433 0.684500 0.976972 0.847677 0.854237 0.733340 0.770946 0.866703 0.829201 0.521061 0.757311
0.906114 0.805137 0.506948 0.531657 0.918933 0.990542 0.648443 0.728155 0.961583 0.896940 0.865831 0.908154 0.954569 0.898453 0.881819 0.712588 0.810203 0.842595 0.734842 0.881408 0.810125 0.961891 0.475638 0.546854 0.519258 0.465047 0.716417 0.927765 0.988563 0.942705 0.537319 0.661433 0.633475 0.690687 0.000000 0.835814 0.647800 0.796963 0.750926 0.971473 0.883786 0.738884 0.640875 0.593753 0.863278 0.839170 0.588937 0.624076 0.953838 0.770937 0.745054 0.726750 0.711806 0.750146 0.737414 0.728488 0.810940 0.817169 0.778358 0.795802 0.919823 0.847292 0.927185 0.845878 0.646054 0.612721 0.488710 0.588242 0.840047 0.729257 0.784996 0.864121 0.697797 0.735035 0.735964 0.729506 0.601853 0.691381 0.743393 0.817395 0.826702 0.855009 0.695598 0.745226 0.728917 0.617487 0.834971 0.739322 0.813320 0.733839 0.945495 0.919347 0.982236 0.918585 0.825903 0.847722 0.952460 0.988992 0.911321 0.743823 0.963311 0.947906 0.875378 0.870859 0.523162 0.688260 0.684607 0.927155 0.951814 0.759247 0.721959 0.846217 0.863930 0.960889 0.655420 0.951381
0.937694 0.948589 0.717066 0.759196 0.998722 0.993918 0.908464 0.953322 0.967807 0.833566 0.883395 0.920857 0.904627 0.880510 0.931537 0.916633 0.971047 0.984145 0.997645 0.949745 0.932759 0.982676 0.827539 0.856405 0.762461 0.749403 0.697637 0.851711 0.914837 0.969837 0.694700 0.736418 0.897168 0.880111 0.835814 0.000000 0.766019 0.658488 0.818169 0.898834 0.950408 0.967588 0.905821 0.853436 0.948985 0.987917 0.897624 0.867037 0.856046 0.969239 0.973020 0.900053 0.841657 0.853456 0.932400 0.921266 0.928676 0.968948 0.972782 0.955100 0.965716 0.963616 0.923824 0.981561 0.825311 0.787074 0.740668 0.732187 0.913201 0.930472 0.845228 0.849289 0.848589 0.946989 0.878189 0.946055 0.993046 0.826883 0.969321 0.878020 0.989276 0.944877 0.848248 0.954864 0.954986 0.864776 0.995701 0.989148 0.864677 0.946604 0.856077 0.830213 0.894932 0.897605 0.969512 0.873078 0.908455 0.823219 0.926504 0.962577 0.826434 0.890004 0.976766 0.858796 0.967813 0.891620 0.947331 0.995516 0.883095 0.976289 0.985472 0.901397 0.993305 0.999385 0.848127 0.812280
0.711454 0.607474 0.524162 0.531324 0.784407 0.936871 0.731897 0.761602 0.691009 0.753582 0.891866 0.797654 0.861679 0.869420 0.911620 0.823109 0.687788 0.707415 0.652497 0.737247 0.735541 0.902643 0.666536 0.645002 0.462535 0.516852 0.514646 0.981106 0.862831 0.752084 0.691479 0.665329 0.676324 0.636990 0.647800 0.766019 0.000000 0.505137 0.671595 0.683971 0.633334 0.710893 0.863054 0.750741 0.919203 0.980860 0.627355 0.763989 0.962984 0.812073 0.875259 0.787138 0.871617 0.993943 0.671810 0.653583 0.646441 0.643858 0.699399 0.704487 0.838168 0.843762 0.767850 0.736792 0.608853 0.634589 0.645222 0.734419 0.677004 0.622234 0.842351 0.897208 0.904066 0.985508 0.719519 0.917230 0.966770 0.934393 0.787907 0.771169 0.739958 0.801413 0.646837 0.585356 0.664678 0.588723 0.733418 0.779935 0.795725 0.677864 0.564713 0.634156 0.582994 0.591642 0.964861 0.933027 0.955559 0.963708 0.811056 0.949839 0.727372 0.807451 0.997040 0.890338 0.770490 0.728843 0.925999 0.889009 0.985589 0.827704 0.874728 0.971152 0.949120 0.994088 0.778358 0.942713
0.590267 0.507960 0.615842 0.605557 0.719373 0.891418 0.778035 0.722881 0.720549 0.664565 0.759265 0.704508 0.768457 0.821363 0.942407 0.815502 0.620001 0.615812 0.653362 0.639539 0.772872 0.892852 0.758505 0.692289 0.569501 0.642172 0.612452 0.913379 0.753936 0.623117 0.733842 0.701545 0.651792 0.608184 0.796963 0.658488 0.505137 0.000000 0.605006 0.713458 0.631503 0.749656 0.967019 0.867644 0.809173 0.973702 0.696004 0.795764 0.933022 0.862071 0.931681 0.822765 0.945636 0.877399 0.647085 0.648346 0.523682 0.518306 0.686109 0.652857 0.719177 0.724523 0.682836 0.613479 0.605467 0.575533 0.798040 0.769019 0.597101 0.488560 0.967453 0.800461 0.998343 0.832569 0.795885 0.984493 0.905085 0.889360 0.754666 0.729937 0.613438 0.719826 0.598113 0.549473 0.647725 0.544391 0.760598 0.795478 0.683225 0.555617 0.490302 0.464774 0.541594 0.421548 0.841470 0.999358 0.998065 0.885022 0.690916 0.816346 0.770708 0.667766 0.889088 0.885467 0.979402 0.916611 0.876520 0.849174 0.960998 0.943018 0.905057 0.806839 0.787833 0.899329 0.875860 0.696763
