0.000000 0.333624 0.804061 0.868737 0.877178 0.983006 0.961613 0.991350 0.867550 0.818793 0.463096 0.497736 0.952519 0.982411 0.995114 0.983146 0.392911 0.374561 0.682528 0.653503 0.900473 0.930829 0.887910 0.891318 0.807745 0.825636 0.946979 0.878478 0.581498 0.551685 0.993639 0.999102 0.671443 0.577816 0.972967 0.952192 0.904429 0.821438 0.950725 0.857252 0.580901 0.743955 0.824832 0.719341 0.762023 0.629077 0.507219 0.611782 0.634066 0.665357 0.723652 0.728383 0.932888 0.795369 0.573386 0.698881 0.316594 0.404834 0.390733 0.448816 0.550076 0.759066 0.497076 0.439136 0.845325 0.992687 0.778788 0.581879 0.501508 0.604895 0.891150 0.953458 0.690385 0.797270 0.743538 0.896858 0.983112 0.938426 0.625528 0.707993 0.360110 0.399532 0.649132 0.448734 0.675038 0.779779 0.922546 0.912506 0.986818 0.727076 0.685020 0.644483 0.692638 0.540645 0.723552 0.941367 0.844375 0.985610 0.966639 0.975544 0.881343 0.735299 0.865928 0.764206 0.802264 0.855767 0.900788 0.942448 0.915339 0.835926 0.826873 0.787961 0.846066 0.819298 0.785016 0.994495
0.333624 0.000000 0.835141 0.899649 0.870467 0.981211 0.979112 0.980137 0.839803 0.729283 0.541278 0.491287 0.996439 0.886326 0.919400 0.956506 0.457137 0.429990 0.703352 0.680559 0.956472 0.954298 0.938729 0.924166 0.872939 0.841075 0.940750 0.795235 0.539378 0.563832 0.970792 0.992458 0.621483 0.601444 0.912353 0.979999 0.950886 0.909449 0.987785 0.849238 0.586352 0.708763 0.830586 0.730189 0.758272 0.635135 0.509836 0.587804 0.666674 0.640469 0.694279 0.684272 0.884637 0.830927 0.576453 0.733247 0.345820 0.356569 0.370093 0.388327 0.540927 0.772523 0.492073 0.438311 0.888498 0.980060 0.758646 0.601152 0.512633 0.597790 0.898219 0.962289 0.645957 0.794830 0.739252 0.921732 0.969143 0.964962 0.606973 0.657583 0.399287 0.426443 0.613403 0.455376 0.627052 0.743408 0.847190 0.859540 0.955194 0.732681 0.735134 0.685461 0.748999 0.568420 0.733346 0.927831 0.820673 0.916251 0.966275 0.993399 0.924485 0.796392 0.918058 0.819092 0.790447 0.802932 0.939530 0.901766 0.959818 0.807661 0.790067 0.772078 0.907833 0.864215 0.770549 0.885005
0.804061 0.835141 0.000000 0.309026 0.896864 0.832450 0.442471 0.402959 0.481290 0.692105 0.907103 0.997222 0.656324 0.766722 0.899986 0.549402 0.704089 0.725883 0.689534 0.642233 0.879199 0.958606 0.625833 0.550748 0.394499 0.433909 0.981713 0.912900 0.819410 0.813942 0.571805 0.652414 0.736451 0.836086 0.913380 0.990749 0.742256 0.669131 0.638919 0.706945 0.871387 0.913861 0.608320 0.716686 0.901749 0.987943 0.894735 0.878102 0.834612 0.950013 0.965788 0.975375 0.911167 0.915994 0.984652 0.937745 0.815161 0.552609 0.648019 0.690205 0.858691 0.860675 0.500962 0.529331 0.433822 0.430588 0.642005 0.920131 0.906723 0.799371 0.500522 0.484883 0.875731 0.864437 0.885007 0.826242 0.620983 0.675735 0.940985 0.942107 0.649382 0.741739 0.828996 0.790663 0.977237 0.820666 0.969397 0.807875 0.859960 0.869818 0.516326 0.530795 0.486371 0.467156 0.995745 0.766357 0.874083 0.843230 0.754025 0.620726 0.814932 0.697221 0.959734 0.802876 0.778161 0.891385 0.799693 0.864361 0.924180 0.992370 0.929304 0.969757 0.865757 0.874512 0.873487 0.875818
0.868737 0.899649 0.309026 0.000000 0.798704 0.847198 0.448308 0.359831 0.550710 0.744162 0.994547 0.973815 0.732972 0.671619 0.908326 0.595935 0.753219 0.830743 0.672546 0.590157 0.853027 0.973973 0.597095 0.524278 0.404033 0.430948 0.938779 0.976211 0.881162 0.890668 0.613896 0.627491 0.673582 0.805003 0.890347 0.933822 0.714701 0.701727 0.622562 0.772410 0.931972 0.847340 0.680440 0.725914 0.939393 0.983730 0.944521 0.920529 0.863343 0.979743 0.947374 0.993660 0.883106 0.974422 0.973031 0.929627 0.868684 0.655214 0.701892 0.732217 0.831265 0.922293 0.584272 0.613452 0.445841 0.455572 0.624103 0.862616 0.960915 0.947899 0.619717 0.540065 0.995008 0.966309 0.856501 0.894816 0.720444 0.765249 0.902875 0.974065 0.729545 0.832406 0.836278 0.915539 0.901075 0.767469 0.928684 0.902377 0.876553 0.792530 0.616812 0.616562 0.545685 0.553413 0.976567 0.729674 0.928509 0.924523 0.871008 0.721400 0.781557 0.735940 0.951604 0.808383 0.707128 0.815607 0.882863 0.980113 0.958594 0.960207 0.943336 0.865413 0.929149 0.868383 0.886217 0.899562
0.877178 0.870467 0.896864 0.798704 0.000000 0.970368 0.977165 0.818148 0.965395 0.970343 0.901119 0.969874 0.778156 0.956159 0.948764 0.958155 0.962227 0.959846 0.912756 0.949683 0.739518 0.918589 0.935517 0.930461 0.964419 0.797741 0.961156 0.907449 0.848917 0.878242 0.840298 0.813449 0.879691 0.805927 0.964777 0.949674 0.859261 0.838207 0.833591 0.846376 0.895710 0.964407 0.891989 0.783488 0.938242 0.827291 0.896620 0.842216 0.817001 0.761985 0.881911 0.899084 0.868015 0.983651 0.908088 0.920128 0.885481 0.924393 0.870909 0.846070 0.922789 0.990514 0.994000 0.979278 0.988224 0.983997 0.965403 0.798617 0.857944 0.772726 0.994591 0.958382 0.875256 0.935944 0.978846 0.994103 0.906056 0.996556 0.818931 0.977917 0.880113 0.890004 0.960750 0.873366 0.955094 0.999955 0.824685 0.926514 0.958665 0.929557 0.836758 0.904558 0.900790 0.871327 0.932859 0.826232 0.944314 0.951423 0.929509 0.883683 0.894321 0.890500 0.901537 0.889678 0.949400 0.993925 0.977135 0.988144 0.964936 0.741737 0.878120 0.971554 0.981927 0.937561 0.991571 0.966067
0.983006 0.981211 0.832450 0.847198 0.970368 0.000000 0.661933 0.611373 0.854804 0.604569 0.941170 0.836550 0.769352 0.939008 0.852178 0.788256 0.924785 0.935568 0.755628 0.954606 0.822779 0.971888 0.955508 0.930772 0.966482 0.858028 0.513226 0.937414 0.998872 0.932230 0.914146 0.781133 0.791784 0.751862 0.931168 0.888301 0.956555 0.895408 0.925175 0.953405 0.925148 0.908083 0.949642 0.877370 0.850645 0.749779 0.980314 0.772022 0.727191 0.736225 0.849797 0.831898 0.800954 0.855387 0.780183 0.965137 0.801708 0.874730 0.993650 0.977171 0.820485 0.769030 0.875414 0.874464 0.954070 0.669455 0.829905 0.729250 0.819264 0.775123 0.560087 0.573320 0.673103 0.731275 0.947228 0.982428 0.767608 0.856043 0.982739 0.976379 0.900113 0.904088 0.714375 0.815603 0.852110 0.866471 0.824444 0.831087 0.812709 0.667493 0.530090 0.575979 0.552785 0.724656 0.927222 0.948686 0.653907 0.908323 0.638742 0.700558 0.734498 0.861056 0.856828 0.989551 0.837095 0.940533 0.994141 0.883091 0.893785 0.944557 0.971314 0.828917 0.716363 0.989159 0.974873 0.868075
0.961613 0.979112 0.442471 0.448308 0.977165 0.661933 0.000000 0.391795 0.554655 0.711895 0.972672 0.961567 0.597895 0.889333 0.853007 0.525840 0.943493 0.927266 0.503765 0.740380 0.930233 0.926339 0.587097 0.613489 0.530589 0.670555 0.855061 0.905501 0.977506 0.981930 0.560433 0.545543 0.488569 0.627492 0.977401 0.994162 0.964669 0.868536 0.796272 0.864625 0.955553 0.866300 0.697113 0.821965 0.899312 0.958596 0.872413 0.910431 0.824696 0.889513 0.922412 0.940811 0.977281 0.951262 0.899064 0.865877 0.933367 0.687670 0.800729 0.751221 0.894899 0.956262 0.753190 0.739915 0.533070 0.508101 0.472118 0.704202 0.848400 0.759819 0.617318 0.568331 0.814107 0.856638 0.875631 0.921238 0.721077 0.681573 0.970492 0.907816 0.860130 0.985303 0.930800 0.985296 0.769941 0.675746 0.972980 0.951714 0.899049 0.969844 0.553175 0.547829 0.502460 0.574476 0.865769 0.788381 0.801569 0.932193 0.744404 0.658391 0.860677 0.653013 0.887948 0.762119 0.702859 0.880500 0.897564 0.951450 0.830504 0.998180 0.985985 0.984445 0.804685 0.915202 0.912644 0.914054
0.991350 0.980137 0.402959 0.359831 0.818148 0.611373 0.391795 0.000000 0.603279 0.553362 0.917962 0.788549 0.808444 0.859772 0.878599 0.697329 0.953269 0.931871 0.572653 0.642625 0.965540 0.979087 0.855604 0.777112 0.569319 0.573303 0.792143 0.889770 0.971014 0.990351 0.686656 0.594787 0.577547 0.632431 0.922106 0.969303 0.852786 0.816633 0.738372 0.762195 0.927233 0.948023 0.786419 0.878303 0.897401 0.833890 0.909429 0.978126 0.731617 0.859979 0.856115 0.867446 0.929987 0.840237 0.950391 0.952798 0.938696 0.745183 0.892036 0.912666 0.918994 0.693767 0.708524 0.751985 0.674525 0.390348 0.616030 0.718701 0.944639 0.841619 0.546627 0.448727 0.791558 0.831620 0.922082 0.964746 0.750892 0.817941 0.918682 0.952852 0.872736 0.928717 0.707698 0.898650 0.965088 0.926690 0.828157 0.773461 0.985395 0.990166 0.544486 0.591479 0.512189 0.624873 0.893310 0.795257 0.655471 0.838212 0.796372 0.711435 0.725555 0.794534 0.902592 0.789560 0.700632 0.776831 0.894930 0.945062 0.966940 0.941559 0.977873 0.970929 0.911927 0.933496 0.903303 0.964865
0.867550 0.839803 0.481290 0.550710 0.965395 0.854804 0.554655 0.603279 0.000000 0.661655 0.917586 0.918830 0.637946 0.831048 0.874857 0.532543 0.778562 0.740047 0.673444 0.829935 0.847380 0.999435 0.674483 0.736841 0.655323 0.503535 0.961909 0.885012 0.902570 0.894457 0.502836 0.677738 0.685226 0.810842 0.852736 0.889131 0.825805 0.816030 0.764108 0.800716 0.813793 0.890124 0.580087 0.679565 0.730406 0.853816 0.812759 0.974386 0.965083 0.920941 0.836247 0.888582 0.799767 0.709991 0.945206 0.830216 0.819759 0.596829 0.743847 0.675646 0.948702 0.843201 0.611025 0.616820 0.573923 0.602384 0.640281 0.872098 0.954640 0.929351 0.526181 0.541857 0.975340 0.873408 0.916636 0.750911 0.528454 0.652454 0.962175 0.961890 0.753190 0.792987 0.891582 0.877276 0.972633 0.851046 0.939606 0.782759 0.890678 0.949908 0.558630 0.529255 0.553927 0.563099 0.933932 0.784689 0.802095 0.802940 0.664333 0.606355 0.866024 0.591552 0.830612 0.986451 0.813249 0.986781 0.812293 0.886249 0.892830 0.974122 0.959693 0.830327 0.827836 0.827334 0.900349 0.848367
0.818793 0.729283 0.692105 0.744162 0.970343 0.604569 0.711895 0.553362 0.661655 0.000000 0.935784 0.906324 0.922556 0.951380 0.664707 0.897734 0.924095 0.782159 0.831020 0.938741 0.977915 0.874815 0.839711 0.885292 0.927927 0.763705 0.729116 0.709053 0.920976 0.956187 0.936604 0.871474 0.968324 0.909217 0.924648 0.864503 0.993783 0.973603 0.942899 0.930344 0.910846 0.866031 0.969763 0.808276 0.727650 0.655488 0.859985 0.732885 0.672369 0.626502 0.721057 0.648913 0.771493 0.895374 0.766399 0.873938 0.656499 0.618675 0.758514 0.769929 0.947439 0.725951 0.684420 0.685504 0.978878 0.658431 0.916564 0.881732 0.838701 0.672694 0.523190 0.550125 0.820367 0.824942 0.876899 0.869262 0.760050 0.905576 0.873938 0.819363 0.734131 0.725793 0.563571 0.671773 0.554842 0.651104 0.726934 0.583576 0.986965 0.677863 0.520162 0.532697 0.551033 0.630463 0.983991 0.838496 0.684408 0.755987 0.800722 0.858905 0.755366 0.901506 0.741803 0.934426 0.914978 0.952710 0.929020 0.890327 0.887888 0.932754 0.835604 0.974504 0.921533 0.853910 0.886802 0.991750
0.463096 0.541278 0.907103 0.994547 0.901119 0.941170 0.972672 0.917962 0.917586 0.935784 0.000000 0.565699 0.943172 0.984473 0.914329 0.886973 0.444155 0.351841 0.649547 0.706633 0.974577 0.990135 0.798918 0.909190 0.769230 0.779887 0.982391 0.949276 0.532523 0.408835 0.981582 0.984314 0.750204 0.578547 0.910657 0.888932 0.964051 0.835775 0.998895 0.988207 0.679909 0.858762 0.903308 0.978841 0.977224 0.883618 0.713383 0.786898 0.927593 0.935601 0.940190 0.982692 0.897368 0.690251 0.680240 0.876557 0.505363 0.483018 0.580157 0.536328 0.489014 0.746650 0.489376 0.450703 0.794354 0.948957 0.801399 0.672412 0.480607 0.591148 0.874077 0.989136 0.824999 0.885015 0.860712 0.923666 0.846669 0.874248 0.665796 0.741928 0.475998 0.422420 0.747849 0.495950 0.853189 0.854785 0.974877 0.849647 0.959374 0.802977 0.690923 0.641080 0.703593 0.583436 0.722947 0.991918 0.920284 0.961805 0.841587 0.780608 0.834740 0.831372 0.975231 0.827430 0.907276 0.880717 0.751918 0.903646 0.811644 0.788339 0.784189 0.966925 0.977120 0.992396 0.865166 0.964248
0.497736 0.491287 0.997222 0.973815 0.969874 0.836550 0.961567 0.788549 0.918830 0.906324 0.565699 0.000000 0.917798 0.808738 0.916635 0.880849 0.544309 0.554873 0.734178 0.703928 0.950581 0.946730 0.831297 0.947349 0.848731 0.940041 0.841491 0.906347 0.581934 0.613126 0.933554 0.933294 0.721409 0.640469 0.976853 0.976944 0.898895 0.906687 0.956551 0.887225 0.647923 0.758312 0.927216 0.902552 0.923972 0.859675 0.585817 0.837131 0.904338 0.881521 0.814059 0.889513 0.982565 0.852213 0.755628 0.814460 0.583625 0.595727 0.519943 0.548253 0.454446 0.486690 0.645578 0.583695 0.832281 0.749846 0.835673 0.667312 0.628384 0.721307 0.865379 0.794210 0.588548 0.706708 0.747625 0.992182 0.991650 0.926733 0.670639 0.828906 0.583234 0.578883 0.853871 0.626267 0.918752 0.924282 0.931963 0.911137 0.963130 0.914171 0.996598 0.921772 0.947989 0.731226 0.810242 0.983650 0.713227 0.989942 0.938546 0.935561 0.991403 0.966609 0.734848 0.793403 0.817276 0.786464 0.931114 0.924467 0.937229 0.813481 0.773669 0.750903 0.983820 0.915177 0.842375 0.973509
0.952519 0.996439 0.656324 0.732972 0.778156 0.769352 0.597895 0.808444 0.637946 0.922556 0.943172 0.917798 0.000000 0.690075 0.492848 0.389074 0.823831 0.873451 0.738770 0.884162 0.950333 0.982322 0.482535 0.552492 0.634429 0.783945 0.947045 0.963061 0.884686 0.916894 0.723589 0.731887 0.677601 0.854426 0.810857 0.916815 0.870140 0.818809 0.869090 0.861417 0.906274 0.896858 0.695884 0.780711 0.716398 0.853788 0.791033 0.972081 0.968039 0.928154 0.747768 0.750787 0.698300 0.694109 0.962132 0.832313 0.938838 0.816558 0.796786 0.735845 0.863135 0.972836 0.847234 0.808966 0.547693 0.712936 0.712826 0.967627 0.916186 0.940202 0.685411 0.794760 0.938773 0.946665 0.894687 0.854367 0.664231 0.678486 0.997672 0.976241 0.863490 0.959728 0.834715 0.965383 0.681766 0.620470 0.869140 0.875324 0.826482 0.885266 0.569339 0.550908 0.588450 0.630970 0.893699 0.850570 0.936814 0.991207 0.745872 0.652872 0.921621 0.604284 0.946638 0.977222 0.783183 0.946067 0.991056 0.868602 0.944853 0.974338 0.931056 0.840099 0.743145 0.954577 0.717201 0.881859
0.982411 0.886326 0.766722 0.671619 0.956159 0.939008 0.889333 0.859772 0.831048 0.951380 0.984473 0.808738 0.690075 0.000000 0.647586 0.637849 0.798187 0.980330 0.824923 0.712100 0.985443 0.798981 0.599573 0.590950 0.753999 0.789319 0.777990 0.975628 0.933148 0.986741 0.921495 0.795370 0.753062 0.931975 0.813049 0.920921 0.895136 0.789043 0.938847 0.945635 0.971738 0.931666 0.833035 0.805569 0.820619 0.817713 0.884291 0.862393 0.872760 0.712460 0.799857 0.676067 0.770393 0.741441 0.983964 0.968586 0.973313 0.988245 0.987750 0.970757 0.994814 0.887659 0.898373 0.888959 0.664956 0.710837 0.991416 0.991428 0.905055 0.737565 0.901151 0.917483 0.993904 0.920283 0.939154 0.823519 0.808313 0.851132 0.830276 0.953051 0.859154 0.972623 0.769906 0.834975 0.790679 0.729192 0.982548 0.880889 0.993065 0.736120 0.880711 0.853526 0.826429 0.872619 0.926079 0.954661 0.943860 0.844551 0.953119 0.875578 0.992061 0.942381 0.951043 0.982833 0.735404 0.798865 0.985155 0.992141 0.939213 0.887355 0.812707 0.965947 0.944659 0.979499 0.799919 0.984545
0.995114 0.919400 0.899986 0.908326 0.948764 0.852178 0.853007 0.878599 0.874857 0.664707 0.914329 0.916635 0.492848 0.647586 0.000000 0.550038 0.810483 0.991570 0.844203 0.936863 0.954544 0.900992 0.420657 0.568043 0.764220 0.868659 0.653714 0.878516 0.932314 0.991131 0.754436 0.814939 0.764474 0.977412 0.773240 0.898038 0.885915 0.911181 0.844646 0.994514 0.921396 0.909575 0.749276 0.719571 0.602272 0.658397 0.804199 0.822318 0.727877 0.652408 0.659752 0.593678 0.599645 0.631292 0.830326 0.850595 0.931631 0.971837 0.869732 0.826617 0.994568 0.736464 0.956041 0.973692 0.586213 0.933629 0.841236 0.835458 0.983679 0.896422 0.944400 0.849750 0.914272 0.840058 0.916367 0.975611 0.882746 0.792669 0.940385 0.941941 0.978905 0.914004 0.566400 0.794084 0.535024 0.519536 0.753250 0.682852 0.846204 0.761104 0.970201 0.918947 0.912238 0.890375 0.923782 0.978909 0.802465 0.770289 0.980526 0.865766 0.857047 0.768447 0.757097 0.979103 0.931723 0.998693 0.914595 0.983310 0.999367 0.968005 0.878058 0.949016 0.953445 0.936608 0.774838 0.956274
0.983146 0.956506 0.549402 0.595935 0.958155 0.788256 0.525840 0.697329 0.532543 0.897734 0.886973 0.880849 0.389074 0.637849 0.550038 0.000000 0.858760 0.900058 0.654932 0.706172 0.910669 0.972289 0.428256 0.516335 0.545048 0.615637 0.949160 0.981047 0.928293 0.925680 0.571699 0.631912 0.568965 0.768989 0.791015 0.889362 0.841509 0.733097 0.796787 0.746477 0.953293 0.978860 0.509370 0.611730 0.607055 0.739452 0.689445 0.841295 0.870955 0.835718 0.722623 0.720973 0.690253 0.710631 0.941913 0.712591 0.996465 0.769570 0.828139 0.710990 0.926006 0.944302 0.743872 0.743710 0.443473 0.625435 0.616249 0.877081 0.964851 0.908789 0.615855 0.653064 0.855315 0.836774 0.897853 0.805571 0.552206 0.645717 0.839539 0.994919 0.859393 0.949981 0.813516 0.923281 0.670751 0.625285 0.944317 0.995824 0.900432 0.793124 0.570415 0.572110 0.591273 0.603751 0.915149 0.787673 0.905113 0.949216 0.686257 0.546264 0.856598 0.589308 0.970193 0.989744 0.704358 0.843486 0.942773 0.810564 0.849825 0.992555 0.986129 0.815776 0.729394 0.989696 0.730081 0.800921
0.392911 0.457137 0.704089 0.753219 0.962227 0.924785 0.943493 0.953269 0.778562 0.924095 0.444155 0.544309 0.823831 0.798187 0.810483 0.858760 0.000000 0.323876 0.719694 0.767678 0.973368 0.938193 0.667371 0.739689 0.639313 0.635464 0.827204 0.957901 0.530613 0.418032 0.865861 0.888147 0.847949 0.639606 0.898263 0.874745 0.956004 0.995045 0.860973 0.988394 0.626243 0.865640 0.880232 0.982638 0.982640 0.903999 0.705406 0.838554 0.911264 0.993161 0.985626 0.913660 0.755317 0.555338 0.713933 0.804919 0.441916 0.413168 0.440981 0.516892 0.489331 0.797314 0.406431 0.374399 0.647705 0.924917 0.864266 0.651497 0.578497 0.793494 0.855587 0.959658 0.712845 0.857892 0.837320 0.825259 0.812874 0.786548 0.693848 0.712978 0.380691 0.395006 0.752899 0.534337 0.870039 0.979932 0.919698 0.894997 0.981811 0.909478 0.654045 0.576745 0.614797 0.483916 0.730958 0.885626 0.849916 0.981597 0.911333 0.865115 0.845987 0.725924 0.925983 0.750663 0.983319 0.862807 0.828213 0.959651 0.986511 0.865937 0.912796 0.826789 0.955711 0.958145 0.993121 0.956796
0.374561 0.429990 0.725883 0.830743 0.959846 0.935568 0.927266 0.931871 0.740047 0.782159 0.351841 0.554873 0.873451 0.980330 0.991570 0.900058 0.323876 0.000000 0.703963 0.697603 0.963891 0.992926 0.826620 0.880511 0.712181 0.667417 0.982707 0.900525 0.454690 0.380753 0.883534 0.918270 0.765049 0.612970 0.958909 0.897381 0.983768 0.976370 0.902929 0.991629 0.586122 0.835974 0.878881 0.982518 0.951489 0.834404 0.647974 0.733698 0.860050 0.898949 0.950657 0.995958 0.867942 0.589178 0.625820 0.849052 0.396027 0.363389 0.496601 0.496851 0.493481 0.873352 0.361050 0.328577 0.770873 0.944586 0.873834 0.716544 0.547679 0.681977 0.751382 0.868776 0.771062 0.942303 0.873452 0.831787 0.742919 0.801533 0.644508 0.690374 0.382620 0.336902 0.606998 0.431496 0.720906 0.804589 0.911978 0.766033 0.987631 0.773733 0.595245 0.518686 0.604811 0.511204 0.748373 0.934811 0.983562 0.881615 0.824699 0.810758 0.800659 0.714323 0.981117 0.809120 0.956881 0.849033 0.721686 0.874148 0.852639 0.887581 0.812189 0.904384 0.897534 0.961846 0.909754 0.898942
0.682528 0.703352 0.689534 0.672546 0.912756 0.755628 0.503765 0.572653 0.673444 0.831020 0.649547 0.734178 0.738770 0.824923 0.844203 0.654932 0.719694 0.703963 0.000000 0.539250 0.930722 0.907046 0.767987 0.847851 0.870280 0.853214 0.866933 0.958368 0.672078 0.614112 0.673256 0.644356 0.518166 0.454036 0.926720 0.980747 0.998693 0.848233 0.872832 0.895931 0.849981 0.932557 0.778650 0.849932 0.848829 0.893646 0.705962 0.862436 0.993647 0.960657 0.992921 0.964561 0.973174 0.854449 0.845898 0.872774 0.799904 0.950402 0.881064 0.899217 0.661301 0.859138 0.915391 0.921555 0.791290 0.628687 0.539574 0.639204 0.820235 0.972802 0.705566 0.682785 0.725999 0.742383 0.864050 0.971671 0.838478 0.775048 0.756100 0.854016 0.863285 0.766986 0.874076 0.771650 0.778976 0.780154 0.980285 0.934956 0.972592 0.876530 0.827978 0.837185 0.753090 0.880981 0.758271 0.928969 0.790266 0.983046 0.844856 0.777092 0.993282 0.901600 0.974703 0.985341 0.806364 0.905983 0.949156 0.918425 0.947926 0.999478 0.872668 0.916243 0.910995 0.856684 0.827337 0.930810
0.653503 0.680559 0.642233 0.590157 0.949683 0.954606 0.740380 0.642625 0.829935 0.938741 0.706633 0.703928 0.884162 0.712100 0.936863 0.706172 0.767678 0.697603 0.539250 0.000000 0.871961 0.981364 0.808351 0.746066 0.741457 0.724316 0.933534 0.944633 0.765207 0.768913 0.873474 0.837483 0.676788 0.737694 0.884795 0.968965 0.872798 0.676142 0.889223 0.835804 0.749813 0.916443 0.774667 0.781710 0.931229 0.892488 0.719742 0.782664 0.997897 0.885295 0.972726 0.971196 0.952283 0.786034 0.820819 0.884602 0.731564 0.909467 0.936047 0.908377 0.858292 0.812434 0.986962 0.982227 0.701288 0.565316 0.731161 0.789730 0.731078 0.883575 0.805964 0.671485 0.860903 0.874947 0.978583 0.995596 0.911018 0.987118 0.754210 0.972573 0.911993 0.827626 0.860836 0.827455 0.800521 0.805479 0.900254 0.894974 0.990284 0.633982 0.908441 0.981254 0.892408 0.937811 0.803082 0.982968 0.876898 0.979151 0.951464 0.818114 0.972634 0.938632 0.975761 0.994300 0.664514 0.746084 0.944526 0.978453 0.953050 0.915941 0.830381 0.943833 0.976544 0.815093 0.846236 0.996334
0.900473 0.956472 0.879199 0.853027 0.739518 0.822779 0.930233 0.965540 0.847380 0.977915 0.974577 0.950581 0.950333 0.985443 0.954544 0.910669 0.973368 0.963891 0.930722 0.871961 0.000000 0.889374 0.952644 0.990848 0.956915 0.878803 0.935610 0.897047 0.961207 0.963820 0.763567 0.941280 0.947703 0.875459 0.858795 0.967424 0.758308 0.870496 0.820585 0.887760 0.961278 0.953798 0.740760 0.783587 0.790437 0.838227 0.834897 0.929749 0.865749 0.899642 0.911091 0.914175 0.906775 0.953643 0.910321 0.991082 0.995880 0.991786 0.953985 0.985228 0.928044 0.987229 0.893272 0.919323 0.939768 0.991707 0.804993 0.801561 0.922595 0.899757 0.799543 0.896321 0.939651 0.882648 0.882043 0.924041 0.838581 0.896284 0.925775 0.963164 0.972763 0.985217 0.973643 0.976083 0.983642 0.945945 0.970562 0.869205 0.960669 0.968507 0.956562 0.908863 0.930326 0.962669 0.987014 0.894920 0.973582 0.980725 0.865991 0.908671 0.861713 0.967985 0.937294 0.702905 0.900080 0.969760 0.932103 0.991682 0.842833 0.874637 0.939426 0.979986 0.813247 0.938494 0.922986 0.782043
0.930829 0.954298 0.958606 0.973973 0.918589 0.971888 0.926339 0.979087 0.999435 0.874815 0.990135 0.946730 0.982322 0.798981 0.900992 0.972289 0.938193 0.992926 0.907046 0.981364 0.889374 0.000000 0.901343 0.911602 0.984906 0.994711 0.989467 0.986943 0.914479 0.956234 0.890028 0.962273 0.965683 0.943753 0.863828 0.941755 0.709314 0.909385 0.858177 0.785415 0.851073 0.969933 0.846156 0.847146 0.825583 0.831783 0.841782 0.905508 0.875525 0.957993 0.809376 0.918365 0.812487 0.912930 0.806207 0.821405 0.900074 0.973552 0.918981 0.986985 0.977696 0.977376 0.998941 0.936104 0.932825 0.923602 0.992022 0.924613 0.962044 0.895350 0.876732 0.977297 0.992083 0.994203 0.811327 0.941674 0.956870 0.956013 0.856136 0.950834 0.917274 0.856962 0.958431 0.942059 0.966373 0.969723 0.994250 0.979063 0.985529 0.983060 0.944717 0.967764 0.929574 0.936889 0.932171 0.923143 0.897088 0.939377 0.832893 0.963429 0.952777 0.901146 0.853841 0.805505 0.902849 0.896048 0.990550 0.996508 0.929915 0.960858 0.948964 0.975806 0.955372 0.956332 0.936265 0.801301
0.887910 0.938729 0.625833 0.597095 0.935517 0.955508 0.587097 0.855604 0.674483 0.839711 0.798918 0.831297 0.482535 0.599573 0.420657 0.428256 0.667371 0.826620 0.767987 0.808351 0.952644 0.901343 0.000000 0.354864 0.489594 0.653130 0.676406 0.824370 0.859443 0.801986 0.664217 0.725273 0.635372 0.961199 0.709558 0.830033 0.877691 0.856207 0.819766 0.894444 0.867204 0.939255 0.576817 0.609835 0.591129 0.718511 0.854502 0.764898 0.829776 0.724352 0.768844 0.641173 0.589107 0.624603 0.937553 0.809082 0.954711 0.746194 0.713095 0.665763 0.806810 0.728602 0.743713 0.697547 0.336073 0.805505 0.662711 0.958988 0.867894 0.953292 0.883911 0.955522 0.909689 0.882286 0.971126 0.853056 0.704094 0.644833 0.973887 0.992357 0.785343 0.910388 0.718607 0.919975 0.483427 0.435043 0.823264 0.803298 0.786970 0.668850 0.745583 0.697487 0.694111 0.646525 0.987028 0.830590 0.820849 0.863376 0.859883 0.646080 0.958781 0.672133 0.807274 0.864142 0.718587 0.942371 0.891073 0.959805 0.851770 0.936789 0.935006 0.990365 0.827022 0.894807 0.814680 0.899365
0.891318 0.924166 0.550748 0.524278 0.930461 0.930772 0.613489 0.777112 0.736841 0.885292 0.909190 0.947349 0.552492 0.590950 0.568043 0.516335 0.739689 0.880511 0.847851 0.746066 0.990848 0.911602 0.354864 0.000000 0.431455 0.683591 0.680613 0.968713 0.842429 0.865857 0.757518 0.756031 0.754879 0.943179 0.768940 0.892253 0.845233 0.775396 0.801709 0.871882 0.921456 0.968712 0.660350 0.640312 0.692960 0.807591 0.888209 0.749224 0.939896 0.810193 0.845191 0.776214 0.675466 0.743997 0.942306 0.849525 0.989692 0.771766 0.724029 0.723945 0.827570 0.868816 0.746992 0.736562 0.377171 0.717650 0.655100 0.921420 0.896315 0.946992 0.845692 0.907560 0.893446 0.855397 0.998245 0.909054 0.759305 0.694465 0.963659 0.972800 0.843102 0.975087 0.799524 0.878753 0.577242 0.428973 0.872186 0.811491 0.685896 0.633555 0.765174 0.792213 0.767153 0.722515 0.998507 0.816021 0.855939 0.968568 0.913152 0.669981 0.974761 0.744907 0.829236 0.891610 0.707592 0.827779 0.914643 0.992689 0.881738 0.977613 0.939771 0.984255 0.912347 0.921506 0.830407 0.907608
0.807745 0.872939 0.394499 0.404033 0.964419 0.966482 0.530589 0.569319 0.655323 0.927927 0.769230 0.848731 0.634429 0.753999 0.764220 0.545048 0.639313 0.712181 0.870280 0.741457 0.956915 0.984906 0.489594 0.431455 0.000000 0.482906 0.828967 0.966142 0.700981 0.651470 0.661014 0.746237 0.757108 0.952989 0.815499 0.944922 0.783988 0.731971 0.736251 0.718172 0.884832 0.880535 0.575183 0.664594 0.826124 0.923020 0.917368 0.828588 0.939080 0.946793 0.992815 0.916377 0.809898 0.893523 0.979882 0.923443 0.885451 0.606537 0.612743 0.632278 0.671828 0.915055 0.494023 0.529572 0.304995 0.577155 0.648803 0.964418 0.837478 0.801985 0.669267 0.668409 0.924975 0.934888 0.932532 0.893143 0.641046 0.687914 0.918239 0.989996 0.684282 0.725098 0.924271 0.885033 0.766852 0.667621 0.873467 0.964035 0.822082 0.743906 0.593031 0.620519 0.551714 0.508526 0.915179 0.769500 0.985704 0.995994 0.804994 0.618485 0.784428 0.726247 0.904872 0.745500 0.680110 0.896954 0.780326 0.904360 0.943131 0.995176 0.952924 0.949207 0.874956 0.974630 0.912984 0.807690
0.825636 0.841075 0.433909 0.430948 0.797741 0.858028 0.670555 0.573303 0.503535 0.763705 0.779887 0.940041 0.783945 0.789319 0.868659 0.615637 0.635464 0.667417 0.853214 0.724316 0.878803 0.994711 0.653130 0.683591 0.482906 0.000000 0.909877 0.942048 0.840086 0.723114 0.644536 0.681369 0.793106 0.988581 0.754457 0.985980 0.683640 0.760152 0.706074 0.647795 0.820279 0.852545 0.603818 0.695708 0.844316 0.897848 0.920202 0.959102 0.994796 0.850282 0.899889 0.875253 0.810061 0.791395 0.987526 0.909864 0.756636 0.601840 0.648667 0.684090 0.680695 0.985436 0.498643 0.519733 0.513694 0.632034 0.765116 0.991561 0.920575 0.916431 0.609931 0.614204 0.980249 0.999521 0.937093 0.901121 0.551476 0.684623 0.993297 0.964604 0.683831 0.664211 0.859468 0.808727 0.991254 0.900529 0.922016 0.859908 0.986859 0.803025 0.625835 0.584438 0.566874 0.528553 0.911728 0.865485 0.886191 0.860766 0.783275 0.649470 0.803386 0.758032 0.920180 0.908034 0.761121 0.902056 0.787523 0.839239 0.999269 0.993458 0.977999 0.960253 0.854816 0.858191 0.931275 0.874883
0.946979 0.940750 0.981713 0.938779 0.961156 0.513226 0.855061 0.792143 0.961909 0.729116 0.982391 0.841491 0.947045 0.777990 0.653714 0.949160 0.827204 0.982707 0.866933 0.933534 0.935610 0.989467 0.676406 0.680613 0.828967 0.909877 0.000000 0.819741 0.951740 0.945530 0.992397 0.937670 0.947096 0.788173 0.823428 0.844992 0.918828 0.862530 0.941892 0.985471 0.931809 0.976264 0.947245 0.838645 0.816675 0.797963 0.933888 0.815855 0.838461 0.789669 0.902423 0.843106 0.704072 0.759763 0.906033 0.973552 0.973711 0.966121 0.818846 0.826683 0.738724 0.732108 0.972899 0.922824 0.709687 0.839621 0.933409 0.641290 0.985641 0.876769 0.797540 0.705202 0.734630 0.713140 0.951542 0.960673 0.997645 0.958076 0.887815 0.904245 0.968096 0.997159 0.679222 0.825051 0.777473 0.726094 0.911114 0.857462 0.803050 0.673918 0.821584 0.826021 0.846230 0.929030 0.849940 0.886455 0.665779 0.836172 0.804524 0.918227 0.819111 0.999294 0.776317 0.999731 0.910492 0.974655 0.952918 0.919541 0.907639 0.991769 0.940614 0.915943 0.822582 0.897690 0.900094 0.953959
0.878478 0.795235 0.912900 0.976211 0.907449 0.937414 0.905501 0.889770 0.885012 0.709053 0.949276 0.906347 0.963061 0.975628 0.878516 0.981047 0.957901 0.900525 0.958368 0.944633 0.897047 0.986943 0.824370 0.968713 0.966142 0.942048 0.819741 0.000000 0.896036 0.984325 0.984225 0.850367 0.892830 0.920144 0.839856 0.921171 0.964421 0.915331 0.999992 0.883122 0.896922 0.900731 0.912363 0.821734 0.857563 0.823974 0.954701 0.786276 0.784459 0.748344 0.852084 0.755752 0.788022 0.939436 0.807483 0.948847 0.875840 0.795079 0.905875 0.943372 0.826163 0.714798 0.909849 0.889567 0.927784 0.823554 0.994360 0.993255 0.909099 0.887704 0.795353 0.812199 0.932128 0.838698 0.984994 0.763802 0.909876 0.982528 0.918375 0.873050 0.901511 0.870099 0.763268 0.830619 0.722124 0.792601 0.870829 0.796875 0.934003 0.776739 0.793561 0.836105 0.843335 0.947932 0.839201 0.816783 0.762855 0.873648 0.855092 0.938354 0.927991 0.938237 0.828547 0.988229 0.939878 0.969584 0.990536 0.919876 0.924074 0.911431 0.850798 0.995290 0.981526 0.951107 0.917328 0.916467
0.581498 0.539378 0.819410 0.881162 0.848917 0.998872 0.977506 0.971014 0.902570 0.920976 0.532523 0.581934 0.884686 0.933148 0.932314 0.928293 0.530613 0.454690 0.672078 0.765207 0.961207 0.914479 0.859443 0.842429 0.700981 0.840086 0.951740 0.896036 0.000000 0.428435 0.972385 0.983700 0.760388 0.636622 0.969554 0.927777 0.876902 0.875815 0.941177 0.861506 0.705352 0.774131 0.865988 0.936810 0.970516 0.867169 0.809805 0.860887 0.848081 0.848216 0.954055 0.987929 0.946915 0.777181 0.690110 0.959286 0.653136 0.581832 0.655853 0.635975 0.603033 0.964219 0.497500 0.540845 0.754480 0.885728 0.940714 0.819871 0.683762 0.792803 0.811318 0.950022 0.719945 0.959744 0.857049 0.834900 0.847436 0.846561 0.720360 0.883196 0.548868 0.545745 0.657533 0.572022 0.897087 0.920659 0.998867 0.893804 0.948509 0.887156 0.727924 0.715506 0.806627 0.687918 0.800129 0.868546 0.980112 0.848343 0.878567 0.779295 0.743247 0.772792 0.950201 0.852901 0.961422 0.963921 0.746688 0.994924 0.838430 0.921217 0.763978 0.912722 0.896589 0.940920 0.987893 0.742868
0.551685 0.563832 0.813942 0.890668 0.878242 0.932230 0.981930 0.990351 0.894457 0.956187 0.408835 0.613126 0.916894 0.986741 0.991131 0.925680 0.418032 0.380753 0.614112 0.768913 0.963820 0.956234 0.801986 0.865857 0.651470 0.723114 0.945530 0.984325 0.428435 0.000000 0.954311 0.942540 0.782773 0.602013 0.927099 0.992288 0.931865 0.954110 0.924493 0.869247 0.724414 0.784971 0.842494 0.985968 0.936778 0.885956 0.753333 0.903516 0.933943 0.944561 0.990078 0.956500 0.879121 0.726590 0.727132 0.919461 0.612324 0.557659 0.578134 0.590088 0.485930 0.903041 0.446133 0.468995 0.695255 0.924059 0.787510 0.693037 0.648257 0.757934 0.905266 0.941272 0.713070 0.882775 0.859101 0.884943 0.843678 0.948559 0.680855 0.777718 0.506086 0.466224 0.735830 0.544047 0.921538 0.900832 0.946690 0.823167 0.936654 0.952694 0.737193 0.666356 0.742351 0.633416 0.714963 0.987119 0.852363 0.943299 0.901033 0.854953 0.752485 0.855318 0.956497 0.775410 0.987201 0.887721 0.667074 0.987330 0.887470 0.793344 0.778260 0.904607 0.902291 0.911505 0.857693 0.927285
0.993639 0.970792 0.571805 0.613896 0.840298 0.914146 0.560433 0.686656 0.502836 0.936604 0.981582 0.933554 0.723589 0.921495 0.754436 0.571699 0.865861 0.883534 0.673256 0.873474 0.763567 0.890028 0.664217 0.757518 0.661014 0.644536 0.992397 0.984225 0.972385 0.954311 0.000000 0.592709 0.629808 0.724586 0.959927 0.867306 0.814894 0.753347 0.766318 0.787552 0.922432 0.864177 0.563039 0.578760 0.609650 0.708677 0.769042 0.866225 0.836726 0.787649 0.726104 0.773744 0.722853 0.753346 0.774277 0.842908 0.979893 0.758096 0.857011 0.793606 0.981672 0.943079 0.766365 0.777344 0.648497 0.822112 0.545669 0.751704 0.984979 0.992325 0.688541 0.748608 0.913431 0.898634 0.909051 0.897689 0.590716 0.689724 0.769488 0.868013 0.955754 0.960543 0.935010 0.992267 0.866868 0.768436 0.986760 0.825851 0.991387 0.946666 0.758171 0.705765 0.709058 0.694903 0.943044 0.877116 0.874738 0.964854 0.757032 0.716407 0.978945 0.642309 0.928612 0.979420 0.834776 0.955153 0.985293 0.887276 0.955720 0.988265 0.969473 0.913565 0.798358 0.974566 0.823508 0.857102
0.999102 0.992458 0.652414 0.627491 0.813449 0.781133 0.545543 0.594787 0.677738 0.871474 0.984314 0.933294 0.731887 0.795370 0.814939 0.631912 0.888147 0.918270 0.644356 0.837483 0.941280 0.962273 0.725273 0.756031 0.746237 0.681369 0.937670 0.850367 0.983700 0.942540 0.592709 0.000000 0.646427 0.767843 0.958557 0.876554 0.964530 0.892910 0.844417 0.889367 0.935522 0.912837 0.716970 0.782142 0.843210 0.864147 0.814071 0.954265 0.964906 0.821533 0.851816 0.820809 0.855013 0.866179 0.861390 0.912928 0.968256 0.833556 0.945684 0.919896 0.935603 0.977323 0.871294 0.840590 0.738223 0.742730 0.685892 0.759444 0.875055 0.925822 0.824499 0.843197 0.848465 0.884589 0.895999 0.890987 0.779258 0.798858 0.785743 0.884834 0.918865 0.980676 0.996942 0.982853 0.897189 0.791899 0.817717 0.975772 0.961241 0.964813 0.787412 0.693963 0.696921 0.795889 0.816628 0.975065 0.831133 0.970484 0.884551 0.763542 0.980335 0.796072 0.919571 0.949293 0.683237 0.849751 0.952155 0.968197 0.967233 0.948339 0.933474 0.925940 0.841630 0.901727 0.742288 0.994299
0.671443 0.621483 0.736451 0.673582 0.879691 0.791784 0.488569 0.577547 0.685226 0.968324 0.750204 0.721409 0.677601 0.753062 0.764474 0.568965 0.847949 0.765049 0.518166 0.676788 0.947703 0.965683 0.635372 0.754879 0.757108 0.793106 0.947096 0.892830 0.760388 0.782773 0.629808 0.646427 0.000000 0.480662 0.920178 0.949048 0.960937 0.848885 0.956853 0.801440 0.815861 0.939453 0.593530 0.627742 0.661151 0.686404 0.614513 0.669419 0.789164 0.710730 0.739802 0.697123 0.757492 0.939045 0.698558 0.657103 0.691991 0.873822 0.805678 0.844843 0.738543 0.860813 0.925293 0.938670 0.684903 0.680769 0.505889 0.559200 0.846465 0.877468 0.822938 0.773558 0.727097 0.783870 0.841695 0.967376 0.728523 0.703135 0.767861 0.820760 0.790650 0.732042 0.728742 0.691173 0.575289 0.573935 0.957606 0.911042 0.948600 0.697391 0.841270 0.825300 0.792356 0.910679 0.788993 0.794178 0.776965 0.878607 0.748241 0.715457 0.933407 0.838740 0.858206 0.982989 0.582518 0.755997 0.970156 0.924963 0.948008 0.867293 0.895176 0.866943 0.776886 0.975992 0.766329 0.921998
0.577816 0.601444 0.836086 0.805003 0.805927 0.751862 0.627492 0.632431 0.810842 0.909217 0.578547 0.640469 0.854426 0.931975 0.977412 0.768989 0.639606 0.612970 0.454036 0.737694 0.875459 0.943753 0.961199 0.943179 0.952989 0.988581 0.788173 0.920144 0.636622 0.602013 0.724586 0.767843 0.480662 0.000000 0.921934 0.951556 0.946170 0.808563 0.933446 0.866585 0.755582 0.899912 0.774141 0.792364 0.766864 0.771894 0.644690 0.762003 0.870286 0.918636 0.866060 0.922973 0.936540 0.872690 0.746972 0.810483 0.628463 0.771449 0.702096 0.708284 0.604804 0.778235 0.794630 0.774786 0.949707 0.766335 0.543846 0.572076 0.702184 0.883795 0.790126 0.705714 0.601562 0.745645 0.679741 0.928975 0.835566 0.816632 0.710994 0.721706 0.663953 0.642644 0.840128 0.655454 0.805595 0.759918 0.935048 0.988233 0.951162 0.877502 0.931221 0.947610 0.882395 0.959958 0.767174 0.837682 0.759053 0.966048 0.781512 0.868338 0.981219 0.926221 0.836243 0.869998 0.821097 0.835902 0.820378 0.891815 0.955634 0.861098 0.921301 0.822415 0.837812 0.864815 0.824859 0.992295
0.972967 0.912353 0.913380 0.890347 0.964777 0.931168 0.977401 0.922106 0.852736 0.924648 0.910657 0.976853 0.810857 0.813049 0.773240 0.791015 0.898263 0.958909 0.926720 0.884795 0.858795 0.863828 0.709558 0.768940 0.815499 0.754457 0.823428 0.839856 0.969554 0.927099 0.959927 0.958557 0.920178 0.921934 0.000000 0.912394 0.778137 0.919972 0.786272 0.911368 0.898218 0.961782 0.655154 0.682968 0.660221 0.639893 0.751060 0.689515 0.697539 0.691294 0.732506 0.697992 0.768113 0.777219 0.993595 0.826069 0.910494 0.956432 0.972895 0.975135 0.905467 0.937637 0.957646 0.947352 0.737130 0.988237 0.848697 0.973557 0.894397 0.905484 0.966615 0.997951 0.928176 0.933600 0.979060 0.753869 0.776044 0.743389 0.974542 0.960352 0.974996 0.934055 0.879437 0.980897 0.754134 0.756972 0.905338 0.992026 0.850770 0.701373 0.954987 0.994930 0.983613 0.991527 0.878041 0.811100 0.869571 0.916604 0.873498 0.739275 0.928672 0.927364 0.951992 0.794154 0.812486 0.888101 0.981990 0.929401 0.860858 0.817386 0.975937 0.815884 0.814020 0.949345 0.819965 0.824261
0.952192 0.979999 0.990749 0.933822 0.949674 0.888301 0.994162 0.969303 0.889131 0.864503 0.888932 0.976944 0.916815 0.920921 0.898038 0.889362 0.874745 0.897381 0.980747 0.968965 0.967424 0.941755 0.830033 0.892253 0.944922 0.985980 0.844992 0.921171 0.927777 0.992288 0.867306 0.876554 0.949048 0.951556 0.912394 0.000000 0.981154 0.903026 0.856096 0.955869 0.916658 0.873194 0.837817 0.861856 0.767165 0.854107 0.987603 0.949545 0.883211 0.867195 0.904492 0.832079 0.772983 0.855620 0.983242 0.988645 0.999366 0.936007 0.976524 0.897981 0.875960 0.886378 0.929127 0.923985 0.900783 0.911660 0.936765 0.914199 0.816239 0.988818 0.952831 0.828708 0.888441 0.971826 0.915689 0.796252 0.998801 0.943060 0.977303 0.993074 0.942572 0.938219 0.913392 0.978354 0.892156 0.874420 0.957934 0.980093 0.995005 0.937143 0.976336 0.949655 0.918346 0.960061 0.870969 0.823652 0.970987 0.936950 0.960486 0.925581 0.938669 0.724026 0.930349 0.984567 0.968490 0.946969 0.933696 0.949347 0.910817 0.943008 0.920573 0.947797 0.889720 0.974009 0.766400 0.937990
0.904429 0.950886 0.742256 0.714701 0.859261 0.956555 0.964669 0.852786 0.825805 0.993783 0.964051 0.898895 0.870140 0.895136 0.885915 0.841509 0.956004 0.983768 0.998693 0.872798 0.758308 0.709314 0.877691 0.845233 0.783988 0.683640 0.918828 0.964421 0.876902 0.931865 0.814894 0.964530 0.960937 0.946170 0.778137 0.981154 0.000000 0.771304 0.823106 0.650379 0.910814 0.966185 0.664000 0.619048 0.761363 0.757643 0.767702 0.781525 0.792292 0.827649 0.794826 0.822250 0.847565 0.916133 0.845668 0.873670 0.896479 0.971912 0.992397 0.992080 0.933362 0.920270 0.886446 0.977718 0.787679 0.854234 0.831509 0.926754 0.882683 0.886141 0.826865 0.881953 0.930381 0.999921 0.933911 0.969361 0.804387 0.920660 0.814915 0.788757 0.936951 0.935235 0.933472 0.932007 0.916630 0.888769 0.933118 0.842321 0.978569 0.811501 0.948397 0.981614 0.912174 0.912201 0.893568 0.866274 0.883214 0.998829 0.866570 0.878031 0.857156 0.992095 0.906880 0.874383 0.984518 0.938292 0.972977 0.993513 0.997188 0.948199 0.940753 0.919210 0.967758 0.907487 0.810038 0.797606
0.821438 0.909449 0.669131 0.701727 0.838207 0.895408 0.868536 0.816633 0.816030 0.973603 0.835775 0.906687 0.818809 0.789043 0.911181 0.733097 0.995045 0.976370 0.848233 0.676142 0.870496 0.909385 0.856207 0.775396 0.731971 0.760152 0.862530 0.915331 0.875815 0.954110 0.753347 0.892910 0.848885 0.808563 0.919972 0.903026 0.771304 0.000000 0.881105 0.651225 0.937005 0.872258 0.751118 0.707274 0.824799 0.761489 0.813599 0.760401 0.866427 0.851747 0.802707 0.810342 0.837847 0.930448 0.864760 0.874595 0.810869 0.985921 0.996614 0.963089 0.972313 0.861689 0.904803 0.936414 0.718812 0.759848 0.824374 0.936358 0.728590 0.786686 0.829379 0.829778 0.942929 0.818959 0.875087 0.762402 0.791424 0.888697 0.840822 0.991030 0.939651 0.930404 0.830653 0.830986 0.863167 0.809574 0.974144 0.965872 0.748427 0.702563 0.985116 0.961305 0.972378 0.929760 0.929424 0.914997 0.999523 0.897119 0.976468 0.955948 0.860834 0.899945 0.932835 0.929254 0.874626 0.868803 0.989074 0.871988 0.897223 0.845696 0.899082 0.998441 0.849544 0.992032 0.860417 0.835230
