0.000000 0.382674 0.876027 0.911813 0.908268 0.961970 0.831948 0.523176 0.865486 0.506539 0.351115 0.306174 0.453073 0.525049 0.537257 0.652740 0.382730 0.386336 0.390244 0.388383 0.820593 0.988520 0.494259 0.836018 0.603337 0.653031 0.919410 0.875376 0.334250 0.438266 0.981800 0.819842 0.618685 0.631418 0.803178 0.986292 0.715487 0.933358 0.842033 0.926743 0.665903 0.775743 0.955028 0.918193 0.965028 0.809192 0.813506 0.752795 0.641532 0.699463 0.961938 0.918348 0.989280 0.725021 0.829132 0.799592 0.363845 0.317747 0.515100 0.494430 0.699846 0.547945 0.400969 0.312431 0.768651 0.784480 0.933518 0.922985 0.352055 0.391705 0.710619 0.806781 0.930663 0.964598 0.867193 0.914789 0.673761 0.793438 0.727334 0.552148 0.361010 0.467150 0.778952 0.670689 0.805902 0.792449 0.962505 0.863006 0.796166 0.676268 0.969242 0.854855 0.990641 0.868959 0.804680 0.918775 0.950377 0.861867 0.597758 0.521677 0.898652 0.938547 0.622786 0.616354 0.709077 0.738196 0.912931 0.823599 0.946835 0.895450 0.938100 0.651279 0.577339 0.835455 0.957028 0.800108
0.382674 0.000000 0.623384 0.870943 0.915621 0.826191 0.855284 0.654324 0.920592 0.546209 0.604525 0.363805 0.760535 0.495052 0.559361 0.633385 0.292378 0.278061 0.389287 0.304711 0.722125 0.997693 0.593915 0.952787 0.681418 0.610054 0.992305 0.948918 0.333561 0.350552 0.867119 0.879046 0.794593 0.713559 0.660870 0.909593 0.733061 0.943816 0.862079 0.894555 0.791762 0.698135 0.804359 0.650445 0.787921 0.570156 0.736019 0.557655 0.392358 0.478788 0.765578 0.723242 0.859815 0.859465 0.828135 0.732638 0.253129 0.259406 0.831113 0.732604 0.850571 0.770513 0.645659 0.455336 0.668188 0.662163 0.688279 0.743565 0.486647 0.435088 0.895951 0.931117 0.937406 0.986055 0.904637 0.982622 0.609992 0.751894 0.641515 0.504569 0.364424 0.420111 0.538741 0.559548 0.783546 0.861091 0.897681 0.913462 0.978240 0.863234 0.860023 0.976164 0.854384 0.700058 0.854957 0.914674 0.946122 0.827660 0.750534 0.589374 0.894916 0.910050 0.734510 0.704425 0.897247 0.903182 0.866651 0.817370 0.935206 0.977211 0.950398 0.660148 0.576006 0.779372 0.972946 0.838874
0.876027 0.623384 0.000000 0.408880 0.880243 0.727465 0.384721 0.669814 0.861433 0.876800 0.964527 0.682935 0.948179 0.966024 0.840302 0.858155 0.755628 0.799876 0.917392 0.810899 0.662529 0.903268 0.865502 0.777777 0.658518 0.460285 0.972933 0.894116 0.811372 0.794450 0.554522 0.619005 0.639827 0.723206 0.536058 0.633116 0.893100 0.804594 0.703633 0.954948 0.943393 0.942839 0.863195 0.992019 0.902675 0.890512 0.778559 0.936331 0.577928 0.616838 0.906367 0.780382 0.912911 0.976256 0.835657 0.974358 0.706964 0.684551 0.919010 0.933674 0.602759 0.914509 0.912675 0.876473 0.486741 0.453927 0.342009 0.384186 0.910472 0.825624 0.655110 0.602325 0.714762 0.824581 0.958244 0.925252 0.940057 0.954632 0.996993 0.996510 0.935176 0.993717 0.817738 0.911422 0.887336 0.664248 0.997503 0.928133 0.857915 0.780904 0.624299 0.762347 0.541357 0.533311 0.813136 0.992525 0.667747 0.929632 0.901405 0.911433 0.673592 0.775202 0.905558 0.956993 0.712917 0.811582 0.823435 0.788553 0.931151 0.867952 0.906230 0.972271 0.942997 0.953550 0.940072 0.972003
0.911813 0.870943 0.408880 0.000000 0.964351 0.847899 0.635857 0.660538 0.891386 0.822174 0.939459 0.786893 0.916030 0.848441 0.903725 0.938389 0.905538 0.984765 0.947419 0.988274 0.727850 0.811321 0.758090 0.601109 0.517625 0.401153 0.839033 0.943081 0.897837 0.926156 0.680413 0.600892 0.758256 0.751696 0.589022 0.607927 0.844946 0.795366 0.641841 0.864881 0.921407 0.998547 0.710445 0.800334 0.826215 0.906007 0.566849 0.730720 0.803872 0.912111 0.906037 0.976299 0.891288 0.931041 0.739226 0.895163 0.914856 0.872886 0.915791 0.995199 0.973798 0.957738 0.947350 0.799193 0.473393 0.420907 0.485900 0.450262 0.995336 0.871070 0.679672 0.707579 0.767165 0.890767 0.902418 0.915089 0.798678 0.795137 0.906143 0.813811 0.963955 0.779137 0.880080 0.855207 0.711986 0.504038 0.998797 0.788202 0.932164 0.742407 0.725839 0.919940 0.631080 0.693653 0.819567 0.867318 0.733164 0.866253 0.987921 0.881070 0.823256 0.925492 0.998973 0.978642 0.683420 0.768124 0.850627 0.926055 0.985088 0.982314 0.853112 0.990160 0.883732 0.858934 0.953552 0.977512
0.908268 0.915621 0.880243 0.964351 0.000000 0.955933 0.874866 0.948564 0.891060 0.942703 0.935211 0.918856 0.945122 0.891867 0.905807 0.862714 0.949143 0.969375 0.976378 0.976195 0.953695 0.948550 0.893758 0.878319 0.967911 0.949501 0.752341 0.975463 0.939414 0.955053 0.828207 0.853029 0.864623 0.801986 0.926263 0.848421 0.850643 0.944934 0.961002 0.950360 0.980200 0.951721 0.823644 0.859722 0.897301 0.951003 0.890799 0.935908 0.929111 0.956685 0.934627 0.982574 0.895969 0.818660 0.863887 0.926587 0.934605 0.930392 0.943352 0.933661 0.971490 0.804651 0.955431 0.948355 0.957316 0.924594 0.925995 0.890378 0.894859 0.851967 0.933886 0.866494 0.996831 0.979665 0.858033 0.834788 0.871043 0.825683 0.967865 0.962182 0.912646 0.852186 0.822017 0.912599 0.827907 0.863767 0.763108 0.872975 0.860699 0.824178 0.900728 0.784066 0.929682 0.855086 0.870800 0.911408 0.979506 0.925022 0.919301 0.907580 0.892700 0.827510 0.850944 0.962824 0.965189 0.784440 0.960106 0.742051 0.981040 0.830335 0.893409 0.902120 0.946358 0.851796 0.743627 0.932340
0.961970 0.826191 0.727465 0.847899 0.955933 0.000000 0.729069 0.974861 0.954514 0.955643 0.913174 0.984954 0.715132 0.860795 0.845547 0.735918 0.926566 0.954752 0.927535 0.950958 0.667827 0.851196 0.809681 0.741148 0.882539 0.772173 0.880099 0.777603 0.965556 0.999862 0.818728 0.750590 0.783763 0.780018 0.986327 0.953255 0.916176 0.954022 0.763449 0.863596 0.912076 0.922842 0.905962 0.923480 0.731380 0.687042 0.942616 0.913909 0.717221 0.745999 0.768304 0.792468 0.799064 0.889794 0.890074 0.902678 0.829834 0.841438 0.977439 0.989318 0.823974 0.802745 0.907175 0.992308 0.948439 0.910316 0.861246 0.956439 0.894373 0.987675 0.800897 0.853118 0.875964 0.721334 0.817232 0.873557 0.982705 0.828079 0.938516 0.860247 0.933890 0.865687 0.856831 0.991445 0.930774 0.893247 0.791510 0.763451 0.966487 0.970805 0.914946 0.842897 0.965210 0.877178 0.956471 0.967059 0.980872 0.956303 0.889676 0.956008 0.977789 0.961721 0.932087 0.987298 0.871671 0.964696 0.640169 0.904346 0.835488 0.902045 0.900480 0.952968 0.924194 0.723436 0.936442 0.965142
0.831948 0.855284 0.384721 0.635857 0.874866 0.729069 0.000000 0.445826 0.659927 0.730338 0.712196 0.886922 0.739988 0.972951 0.984260 0.851296 0.990657 0.977295 0.823145 0.980726 0.742582 0.899079 0.689958 0.953888 0.982404 0.729516 0.799917 0.776500 0.866863 0.914452 0.385764 0.515899 0.413428 0.450435 0.620970 0.643813 0.815288 0.869663 0.930171 0.823757 0.830077 0.971141 0.843786 0.870507 0.753383 0.968609 0.778659 0.870808 0.795195 0.792663 0.943705 0.941207 0.982482 0.964832 0.934665 0.949149 0.958419 0.965158 0.595569 0.625819 0.394694 0.859125 0.534878 0.720510 0.828184 0.796997 0.409248 0.431716 0.911313 0.899591 0.532917 0.495889 0.637927 0.693821 0.985611 0.972124 0.780912 0.775630 0.814260 0.856734 0.846209 0.911096 0.794831 0.939550 0.955865 0.973271 0.874817 0.943925 0.789652 0.859592 0.468172 0.570883 0.555919 0.606622 0.741199 0.987889 0.615150 0.807152 0.545333 0.623373 0.552247 0.562478 0.552395 0.612074 0.595899 0.648337 0.915393 0.786910 0.990022 0.808969 0.814873 0.846697 0.895392 0.863520 0.961792 0.890625
0.523176 0.654324 0.669814 0.660538 0.948564 0.974861 0.445826 0.000000 0.816130 0.560110 0.571422 0.735603 0.730887 0.714861 0.911072 0.984722 0.573376 0.578280 0.537976 0.587032 0.981683 0.997392 0.547585 0.916264 0.843719 0.973114 0.903901 0.809233 0.505258 0.578150 0.567859 0.534725 0.439039 0.428761 0.797680 0.777395 0.715980 0.915993 0.961426 0.988012 0.791107 0.797410 0.677879 0.666049 0.565206 0.614231 0.598962 0.630741 0.772235 0.784033 0.712962 0.775503 0.808181 0.962709 0.795956 0.771374 0.568959 0.559579 0.593038 0.500625 0.638165 0.651040 0.428032 0.467453 0.999537 0.947575 0.639703 0.602337 0.631264 0.614873 0.479171 0.572011 0.679836 0.830782 0.983514 0.911029 0.536238 0.690604 0.659093 0.607980 0.532110 0.606527 0.845828 0.777004 0.942963 0.922122 0.883659 0.860312 0.821877 0.765117 0.576215 0.667165 0.650616 0.828538 0.653069 0.882849 0.621182 0.736418 0.450147 0.414042 0.596899 0.640695 0.498966 0.540004 0.527801 0.561684 0.945818 0.852344 0.936809 0.901430 0.673007 0.648988 0.549863 0.679797 0.905244 0.849852
0.865486 0.920592 0.861433 0.891386 0.891060 0.954514 0.659927 0.816130 0.000000 0.677911 0.715899 0.958334 0.644803 0.870680 0.935568 0.837103 0.899798 0.843544 0.989998 0.897301 0.966388 0.984530 0.946518 0.681805 0.751093 0.852302 0.834636 0.849662 0.960361 0.894027 0.918170 0.924283 0.924953 0.900052 0.982976 0.968813 0.759650 0.945860 0.848648 0.915634 0.934735 0.960836 0.788373 0.905172 0.990080 0.966929 0.932891 0.950427 0.957858 0.944475 0.871053 0.953529 0.895646 0.938379 0.876782 0.986224 0.855259 0.973101 0.506793 0.634263 0.530915 0.724232 0.741823 0.807953 0.888962 0.871208 0.888028 0.954125 0.887476 0.812044 0.963996 0.952354 0.910903 0.878350 0.959195 0.934142 0.972115 0.875035 0.969937 0.880165 0.900815 0.784842 0.648552 0.773168 0.790208 0.691534 0.991945 0.783266 0.701700 0.929610 0.882453 0.868864 0.988443 0.804612 0.942190 0.887043 0.996487 0.926727 0.804868 0.871932 0.864124 0.814311 0.728247 0.798951 0.971216 0.951751 0.957355 0.766966 0.845491 0.907210 0.893749 0.997875 0.866250 0.973414 0.797569 0.932287
0.506539 0.546209 0.876800 0.822174 0.942703 0.955643 0.730338 0.560110 0.677911 0.000000 0.537936 0.547559 0.533504 0.748603 0.667714 0.851297 0.557649 0.577189 0.512558 0.557615 0.867537 0.957065 0.617316 0.696544 0.461668 0.571001 0.774253 0.910652 0.457393 0.472574 0.840081 0.787648 0.617538 0.564940 0.697302 0.930655 0.906322 0.819523 0.765535 0.834391 0.972207 0.799238 0.908798 0.760410 0.758608 0.694355 0.853187 0.757707 0.555353 0.605060 0.693186 0.696804 0.754410 0.944448 0.978709 0.910688 0.583090 0.491336 0.513983 0.524948 0.736757 0.872251 0.397806 0.355972 0.478074 0.485080 0.819189 0.803857 0.595638 0.509029 0.768487 0.824719 0.874113 0.925010 0.862027 0.890671 0.659428 0.741660 0.535888 0.576790 0.527058 0.762296 0.937093 0.864072 0.797957 0.494675 0.796486 0.690204 0.879559 0.949909 0.888214 0.731030 0.957828 0.839988 0.841295 0.900195 0.878266 0.837992 0.555647 0.534564 0.876171 0.762833 0.517137 0.583337 0.918115 0.812542 0.873048 0.953201 0.874510 0.882325 0.895595 0.850272 0.681863 0.896424 0.970082 0.915178
0.351115 0.604525 0.964527 0.939459 0.935211 0.913174 0.712196 0.571422 0.715899 0.537936 0.000000 0.511516 0.414359 0.684346 0.724782 0.822616 0.564054 0.592344 0.586726 0.540777 0.857541 0.941325 0.645200 0.813793 0.656863 0.773921 0.865693 0.855944 0.510991 0.573957 0.886231 0.845402 0.615454 0.699093 0.838153 0.929879 0.754606 0.939445 0.972043 0.843163 0.706765 0.769777 0.824560 0.962272 0.993993 0.918948 0.967582 0.937365 0.808596 0.853662 0.978882 0.982252 0.976390 0.745735 0.925201 0.806380 0.605254 0.534084 0.491203 0.502833 0.533628 0.583366 0.439551 0.408763 0.828751 0.874573 0.938296 0.994533 0.468167 0.497115 0.667967 0.708918 0.860736 0.985711 0.805477 0.890709 0.705763 0.828958 0.826674 0.618078 0.495829 0.602862 0.961429 0.774249 0.941267 0.754394 0.894107 0.766056 0.715105 0.769937 0.882926 0.836182 0.901736 0.991860 0.842702 0.997692 0.920962 0.946828 0.635708 0.645923 0.818520 0.825934 0.573389 0.639083 0.738786 0.767689 0.966465 0.967022 0.953406 0.823580 0.958007 0.790057 0.716235 0.907623 0.975389 0.959737
0.306174 0.363805 0.682935 0.786893 0.918856 0.984954 0.886922 0.735603 0.958334 0.547559 0.511516 0.000000 0.464859 0.455335 0.475220 0.511066 0.389380 0.435534 0.439269 0.427088 0.823144 0.952760 0.546899 0.919451 0.630039 0.600146 0.995297 0.972050 0.386111 0.459216 0.813615 0.944976 0.821088 0.796274 0.677071 0.805731 0.828633 0.917942 0.843731 0.989640 0.808105 0.837302 0.897843 0.957681 0.888850 0.853424 0.884558 0.799100 0.595533 0.657421 0.971902 0.887715 0.965403 0.746700 0.852777 0.850859 0.410909 0.356067 0.674766 0.627251 0.897982 0.648220 0.529373 0.414068 0.713144 0.711274 0.683766 0.678678 0.407330 0.423622 0.900027 0.981627 0.983002 0.991287 0.817350 0.976175 0.764086 0.862454 0.707459 0.553092 0.412122 0.471345 0.709033 0.643232 0.752760 0.820596 0.989966 0.969678 0.850159 0.749585 0.817188 0.965691 0.787619 0.667298 0.879904 0.959170 0.885996 0.941624 0.848495 0.681908 0.923558 0.885104 0.807924 0.829777 0.905441 0.853940 0.954248 0.733478 0.953106 0.988680 0.972801 0.746497 0.629257 0.924085 0.983977 0.855417
0.453073 0.760535 0.948179 0.916030 0.945122 0.715132 0.739988 0.730887 0.644803 0.533504 0.414359 0.464859 0.000000 0.619747 0.600255 0.583767 0.721318 0.798479 0.632989 0.751870 0.968210 0.980153 0.564029 0.950454 0.662213 0.783639 0.931731 0.949522 0.595241 0.682249 0.957911 0.847350 0.712140 0.733275 0.783516 0.922378 0.841862 0.911115 0.946298 0.861996 0.817129 0.967151 0.754579 0.877977 0.763571 0.931330 0.974766 0.999266 0.926736 0.913521 0.938396 0.978023 0.935034 0.825719 0.906722 0.927787 0.810433 0.691047 0.507981 0.579859 0.498999 0.665402 0.463950 0.497398 0.852182 0.847546 0.923582 0.872366 0.548516 0.557332 0.787459 0.840543 0.881924 0.948082 0.858885 0.963494 0.871736 0.867284 0.791583 0.703919 0.641976 0.713862 0.950653 0.847758 0.898598 0.795593 0.919585 0.967546 0.662736 0.826759 0.988015 0.906399 0.884003 0.931594 0.871979 0.985906 0.976965 0.979229 0.793110 0.749592 0.912935 0.918963 0.706350 0.781409 0.892121 0.843795 0.900595 0.819215 0.894400 0.797219 0.928529 0.938391 0.828382 0.957348 0.990160 0.909122
0.525049 0.495052 0.966024 0.848441 0.891867 0.860795 0.972951 0.714861 0.870680 0.748603 0.684346 0.455335 0.619747 0.000000 0.458370 0.384329 0.516552 0.500675 0.452064 0.479358 0.999436 0.989043 0.444445 0.723161 0.962331 0.940486 0.922548 0.959189 0.502097 0.496516 0.984004 0.658758 0.740510 0.667738 0.815203 0.994026 0.861544 0.911621 0.895569 0.757512 0.877637 0.909615 0.771741 0.712583 0.955751 0.787072 0.666126 0.604756 0.770121 0.755323 0.907242 0.837654 0.883984 0.936404 0.651615 0.789136 0.571437 0.563608 0.988354 0.888871 0.997167 0.805613 0.694920 0.651930 0.973113 0.947478 0.812437 0.944228 0.567214 0.598102 0.875851 0.982436 0.814474 0.915947 0.874619 0.957298 0.659656 0.696606 0.707873 0.476983 0.441750 0.348560 0.564841 0.562378 0.556907 0.799467 0.854666 0.801259 0.994040 0.803180 0.814010 0.864358 0.818169 0.695536 0.699769 0.891901 0.994847 0.841704 0.971703 0.771191 0.870935 0.903432 0.890067 0.898552 0.815819 0.843532 0.840726 0.739315 0.931915 0.911647 0.896752 0.810895 0.669518 0.902660 0.954681 0.877958
0.537257 0.559361 0.840302 0.903725 0.905807 0.845547 0.984260 0.911072 0.935568 0.667714 0.724782 0.475220 0.600255 0.458370 0.000000 0.514686 0.547107 0.550672 0.514549 0.557788 0.953426 0.986219 0.617033 0.919451 0.801484 0.778693 0.920916 0.944780 0.541267 0.519455 0.999020 0.797277 0.809460 0.714212 0.725228 0.918626 0.875630 0.954482 0.996940 0.950853 0.812367 0.991485 0.956517 0.813812 0.888260 0.902976 0.822210 0.695954 0.764702 0.770132 0.970424 0.902005 0.981080 0.856195 0.877979 0.887990 0.643737 0.614995 0.835365 0.823151 0.954598 0.915399 0.686419 0.614392 0.819512 0.818995 0.740875 0.768151 0.493083 0.581028 0.945885 0.962969 0.919444 0.884388 0.869040 0.975057 0.826091 0.807819 0.585701 0.542603 0.502436 0.505899 0.701238 0.655129 0.734330 0.996072 0.988692 0.862728 0.867923 0.855610 0.769148 0.905645 0.696199 0.693545 0.815887 0.897360 0.944091 0.861998 0.965558 0.774700 0.876842 0.809414 0.866859 0.878518 0.929518 0.981648 0.992781 0.677841 0.978078 0.923426 0.776156 0.864128 0.831415 0.950193 0.905641 0.940589
0.652740 0.633385 0.858155 0.938389 0.862714 0.735918 0.851296 0.984722 0.837103 0.851297 0.822616 0.511066 0.583767 0.384329 0.514686 0.000000 0.652219 0.659134 0.556637 0.614839 0.942623 0.945317 0.543222 0.610104 0.953005 0.929162 0.837379 0.758617 0.663999 0.622093 0.835602 0.833661 0.929909 0.828009 0.703716 0.830021 0.962739 0.817656 0.882487 0.821069 0.990337 0.988397 0.955428 0.857777 0.735854 0.985167 0.816144 0.794187 0.863831 0.778905 0.967550 0.921813 0.943066 0.883024 0.738619 0.948441 0.734110 0.688995 0.998000 0.996407 0.870730 0.955636 0.882335 0.827778 0.980232 0.993305 0.688653 0.735327 0.690493 0.685972 0.991388 0.888044 0.966664 0.964819 0.908087 0.930563 0.867723 0.823510 0.761602 0.611218 0.648659 0.516162 0.732127 0.639012 0.643306 0.778523 0.847567 0.754143 0.985249 0.823865 0.678181 0.871298 0.695750 0.649559 0.914564 0.912915 0.899219 0.889629 0.908991 0.909573 0.804159 0.771481 0.956285 0.935153 0.975912 0.948624 0.854452 0.608315 0.907466 0.911977 0.790402 0.957369 0.815757 0.962393 0.821773 0.979438
0.382730 0.292378 0.755628 0.905538 0.949143 0.926566 0.990657 0.573376 0.899798 0.557649 0.564054 0.389380 0.721318 0.516552 0.547107 0.652219 0.000000 0.269928 0.382285 0.305496 0.797862 0.999273 0.558485 0.922311 0.713269 0.656676 0.976022 0.994362 0.310147 0.309343 0.930835 0.743950 0.680161 0.600397 0.742476 0.895105 0.806071 0.944468 0.867968 0.942231 0.759326 0.761106 0.770940 0.675607 0.773337 0.635032 0.748490 0.610145 0.496133 0.569574 0.817139 0.773160 0.908360 0.876768 0.853154 0.803035 0.298608 0.312244 0.808063 0.690561 0.963381 0.826123 0.537133 0.399039 0.689860 0.715849 0.779112 0.833740 0.535608 0.425109 0.735959 0.906252 0.916009 0.871776 0.831774 0.999674 0.615006 0.732690 0.537705 0.454170 0.308395 0.397314 0.601625 0.593158 0.827718 0.857248 0.867686 0.897042 0.942392 0.868773 0.956198 0.922161 0.920365 0.718785 0.825617 0.918078 0.966114 0.884857 0.720534 0.542089 0.977864 0.971380 0.693513 0.654495 0.837838 0.831792 0.942237 0.798856 0.992534 0.947087 0.989550 0.672956 0.531388 0.753780 0.984679 0.802713
0.386336 0.278061 0.799876 0.984765 0.969375 0.954752 0.977295 0.578280 0.843544 0.577189 0.592344 0.435534 0.798479 0.500675 0.550672 0.659134 0.269928 0.000000 0.347506 0.272128 0.850979 0.930077 0.509890 0.992649 0.785163 0.732123 0.970299 0.993551 0.333827 0.307785 0.931394 0.691984 0.640433 0.552445 0.796249 0.995395 0.742678 0.989465 0.947092 0.921905 0.718974 0.754099 0.710505 0.597812 0.718737 0.609977 0.696136 0.547576 0.514402 0.596481 0.834005 0.800810 0.904472 0.847788 0.817600 0.781968 0.257480 0.289350 0.846256 0.738864 0.908956 0.869677 0.568405 0.425930 0.735853 0.753898 0.850047 0.909382 0.516755 0.470285 0.732132 0.874599 0.898405 0.849627 0.898756 0.936118 0.580717 0.675764 0.577510 0.427030 0.292126 0.354439 0.542478 0.538616 0.775568 0.936168 0.851836 0.970193 0.981803 0.847348 0.992044 0.880795 0.993014 0.763560 0.740618 0.923551 0.997979 0.775515 0.698451 0.557746 0.955002 0.994513 0.704878 0.652283 0.776534 0.807471 0.934051 0.812834 0.996480 0.991876 0.924736 0.614338 0.505039 0.717699 0.978493 0.780847
0.390244 0.389287 0.917392 0.947419 0.976378 0.927535 0.823145 0.537976 0.989998 0.512558 0.586726 0.439269 0.632989 0.452064 0.514549 0.556637 0.382285 0.347506 0.000000 0.339965 0.910866 0.950342 0.431726 0.979364 0.772462 0.757076 0.947195 0.967878 0.330792 0.363126 0.851274 0.662927 0.536275 0.466670 0.814758 0.979708 0.744672 0.981567 0.929895 0.977432 0.892734 0.777404 0.711504 0.602579 0.813832 0.643897 0.614206 0.526304 0.602591 0.585106 0.761228 0.716693 0.858852 0.967024 0.867809 0.878886 0.372725 0.386032 0.693837 0.642764 0.932394 0.890498 0.490135 0.444805 0.770474 0.761482 0.916235 0.916975 0.462918 0.447447 0.717411 0.801323 0.805077 0.823110 0.932908 0.936621 0.612941 0.645290 0.594457 0.452022 0.399326 0.441748 0.694836 0.694996 0.824584 0.905421 0.764037 0.986024 0.955732 0.856995 0.933311 0.791367 0.981567 0.841207 0.834026 0.826755 0.958838 0.755733 0.630812 0.476435 0.938116 0.918300 0.619763 0.623680 0.757055 0.740728 0.910367 0.829000 0.992024 0.983100 0.941121 0.680614 0.502279 0.755287 0.935149 0.846966
0.388383 0.304711 0.810899 0.988274 0.976195 0.950958 0.980726 0.587032 0.897301 0.557615 0.540777 0.427088 0.751870 0.479358 0.557788 0.614839 0.305496 0.272128 0.339965 0.000000 0.758128 0.906446 0.514677 0.992818 0.704432 0.708149 0.898134 0.972899 0.348983 0.318288 0.956711 0.751663 0.665055 0.586312 0.762691 0.992603 0.787119 0.982384 0.999177 0.948168 0.822612 0.696503 0.734112 0.652759 0.824041 0.702713 0.770850 0.586320 0.581709 0.594271 0.884899 0.840171 0.912063 0.857129 0.896307 0.908240 0.285374 0.305540 0.783348 0.721156 0.936581 0.867957 0.606967 0.451129 0.697296 0.723718 0.827034 0.873790 0.469716 0.473995 0.728218 0.862786 0.899973 0.975518 0.926495 0.918080 0.546897 0.631785 0.626415 0.478025 0.373633 0.434212 0.682264 0.625367 0.897204 0.854315 0.768068 0.840917 0.949237 0.875819 0.979382 0.821743 0.975131 0.816399 0.762060 0.912196 0.969512 0.750430 0.674211 0.493471 0.998146 0.908993 0.634723 0.637439 0.765421 0.756458 0.919243 0.942161 0.974915 0.969943 0.908237 0.676210 0.560256 0.745114 0.918363 0.876361
0.820593 0.722125 0.662529 0.727850 0.953695 0.667827 0.742582 0.981683 0.966388 0.867537 0.857541 0.823144 0.968210 0.999436 0.953426 0.942623 0.797862 0.850979 0.910866 0.758128 0.000000 0.912999 0.891471 0.721068 0.638497 0.599642 0.825244 0.935223 0.772103 0.858444 0.787255 0.797139 0.892280 0.890211 0.733608 0.826866 0.936937 0.929372 0.739505 0.946290 0.942781 0.821033 0.996854 0.968681 0.941487 0.845075 0.877474 0.968575 0.684051 0.745313 0.922553 0.868970 0.908511 0.980603 0.956155 0.967630 0.785691 0.719090 0.887654 0.935742 0.883139 0.923895 0.982123 0.838430 0.711308 0.676019 0.739592 0.742320 0.770890 0.872905 0.864240 0.942897 0.817364 0.769870 0.972323 0.849706 0.888364 0.961054 0.956620 0.957303 0.961859 0.953357 0.941480 0.983360 0.867943 0.698125 0.901685 0.752382 0.944457 0.960803 0.915690 0.940764 0.887904 0.937861 0.937992 0.845142 0.990563 0.871560 0.850405 0.840055 0.947975 0.959920 0.845406 0.878881 0.977150 0.842353 0.715752 0.925643 0.884774 0.997261 0.858372 0.812843 0.873594 0.875733 0.988910 0.899265
0.988520 0.997693 0.903268 0.811321 0.948550 0.851196 0.899079 0.997392 0.984530 0.957065 0.941325 0.952760 0.980153 0.989043 0.986219 0.945317 0.999273 0.930077 0.950342 0.906446 0.912999 0.000000 0.976926 0.962401 0.958172 0.806790 0.830377 0.867446 0.932939 0.887825 0.746025 0.835309 0.829508 0.848233 0.871691 0.856514 0.850228 0.726113 0.853363 0.988364 0.994799 0.814677 0.867329 0.881370 0.958919 0.965917 0.973554 0.885894 0.911842 0.941387 0.956130 0.982576 0.913757 0.864892 0.930827 0.846660 0.981331 0.951006 0.954360 0.893018 0.976385 0.823863 0.928204 0.991265 0.971495 0.992301 0.930407 0.929228 0.954220 0.997947 0.867473 0.863674 0.833222 0.805591 0.913022 0.839097 0.904424 0.793824 0.895247 0.853074 0.903096 0.894844 0.998679 0.949765 0.952038 0.996181 0.886148 0.797992 0.982417 0.983740 0.815449 0.816038 0.876785 0.897530 0.989400 0.885136 0.984726 0.817347 0.926154 0.884008 0.956743 0.815567 0.701726 0.790949 0.836878 0.922818 0.967491 0.889445 0.996154 0.867253 0.909422 0.890607 0.991106 0.811893 0.980005 0.809419
0.494259 0.593915 0.865502 0.758090 0.893758 0.809681 0.689958 0.547585 0.946518 0.617316 0.645200 0.546899 0.564029 0.444445 0.617033 0.543222 0.558485 0.509890 0.431726 0.514677 0.891471 0.976926 0.000000 0.769050 0.864928 0.993147 0.970020 0.978353 0.499926 0.489481 0.777718 0.534838 0.542409 0.510165 0.956476 0.972681 0.840257 0.902114 0.997717 0.957088 0.913571 0.843197 0.810798 0.745470 0.915846 0.848678 0.693094 0.680798 0.816361 0.821412 0.935626 0.893008 0.976653 0.911035 0.810187 0.938149 0.535289 0.542659 0.784380 0.693349 0.810505 0.881346 0.534116 0.527842 0.939300 0.947488 0.964413 0.936258 0.600423 0.590039 0.620484 0.752193 0.772204 0.763048 0.980859 0.927548 0.672998 0.690069 0.580315 0.517153 0.452931 0.471666 0.766843 0.692840 0.726435 0.946010 0.868048 0.899326 0.970054 0.803227 0.858761 0.799939 0.896995 0.869282 0.702496 0.879112 0.870589 0.854568 0.710036 0.609345 0.909337 0.970706 0.736748 0.676347 0.772196 0.761425 0.972037 0.792135 0.942647 0.846493 0.933772 0.820866 0.577199 0.907915 0.836385 0.766711
0.836018 0.952787 0.777777 0.601109 0.878319 0.741148 0.953888 0.916264 0.681805 0.696544 0.813793 0.919451 0.950454 0.723161 0.919451 0.610104 0.922311 0.992649 0.979364 0.992818 0.721068 0.962401 0.769050 0.000000 0.537875 0.587918 0.694899 0.777099 0.815102 0.952648 0.932284 0.848314 0.944946 0.965211 0.838971 0.959727 0.910673 0.827486 0.570315 0.787888 0.959123 0.843781 0.858195 0.919186 0.843366 0.895292 0.853912 0.889428 0.823879 0.861492 0.806994 0.800156 0.804057 0.844845 0.840087 0.947426 0.920792 0.872925 0.624434 0.685199 0.749172 0.866812 0.678657 0.686489 0.598844 0.568061 0.916602 0.853679 0.898440 0.862685 0.999730 0.930912 0.980793 0.970590 0.895774 0.955330 0.927877 0.983080 0.997885 0.919091 0.978341 0.762703 0.796043 0.660438 0.608165 0.443222 0.976886 0.560124 0.893298 0.853534 0.961441 0.903024 0.951906 0.994548 0.880618 0.924516 0.912958 0.944763 0.741652 0.871602 0.855633 0.782200 0.676071 0.666409 0.976812 0.969192 0.775157 0.804352 0.943948 0.980444 0.839396 0.869447 0.905465 0.888487 0.764105 0.997765
0.603337 0.681418 0.658518 0.517625 0.967911 0.882539 0.982404 0.843719 0.751093 0.461668 0.656863 0.630039 0.662213 0.962331 0.801484 0.953005 0.713269 0.785163 0.772462 0.704432 0.638497 0.958172 0.864928 0.537875 0.000000 0.386895 0.693503 0.849801 0.595956 0.657277 0.943454 0.905788 0.933394 0.913096 0.648139 0.748010 0.930956 0.846339 0.611679 0.720853 0.899071 0.852769 0.837760 0.931773 0.959145 0.994440 0.781608 0.907633 0.728095 0.799028 0.980170 0.927915 0.968247 0.964147 0.833157 0.870236 0.677074 0.592025 0.586386 0.644901 0.760718 0.894013 0.611563 0.482791 0.379701 0.366571 0.700654 0.668060 0.695311 0.647832 0.905636 0.928760 0.949653 0.895856 0.948453 0.877250 0.888348 0.878108 0.833401 0.942674 0.794064 0.950003 0.886809 0.978108 0.600277 0.336214 0.901083 0.621353 0.897914 0.810036 0.924852 0.746149 0.923500 0.890157 0.896870 0.984215 0.973932 0.913525 0.626615 0.708032 0.907185 0.797027 0.606016 0.670085 0.963683 0.873250 0.826631 0.873998 0.828498 0.879719 0.929780 0.784641 0.871119 0.954665 0.986125 0.903435
0.653031 0.610054 0.460285 0.401153 0.949501 0.772173 0.729516 0.973114 0.852302 0.571001 0.773921 0.600146 0.783639 0.940486 0.778693 0.929162 0.656676 0.732123 0.757076 0.708149 0.599642 0.806790 0.993147 0.587918 0.386895 0.000000 0.816529 0.889719 0.662696 0.691507 0.696349 0.762251 0.886083 0.921081 0.510261 0.672385 0.992911 0.793314 0.565416 0.832498 0.999746 0.973127 0.812405 0.915199 0.908875 0.928726 0.775342 0.954614 0.648427 0.694074 0.973468 0.879711 0.972014 0.938852 0.827619 0.892436 0.648757 0.553215 0.776622 0.757414 0.990813 0.896081 0.765806 0.568116 0.370935 0.355092 0.473138 0.480362 0.789321 0.736047 0.909051 0.849115 0.794455 0.777618 0.930602 0.881727 0.962305 0.988942 0.906032 0.946175 0.808599 0.966249 0.993719 0.988335 0.686481 0.412589 0.951880 0.669185 0.992372 0.812883 0.791397 0.972819 0.707999 0.648920 0.897710 0.941998 0.783990 0.963397 0.822683 0.866167 0.955034 0.931707 0.847833 0.840270 0.824772 0.961984 0.794454 0.960066 0.846151 0.966111 0.932677 0.886775 0.898079 0.938026 0.984309 0.963753
0.919410 0.992305 0.972933 0.839033 0.752341 0.880099 0.799917 0.903901 0.834636 0.774253 0.865693 0.995297 0.931731 0.922548 0.920916 0.837379 0.976022 0.970299 0.947195 0.898134 0.825244 0.830377 0.970020 0.694899 0.693503 0.816529 0.000000 0.733981 0.878657 0.838451 0.756851 0.862960 0.849797 0.820029 0.958473 0.955260 0.820731 0.995814 0.798548 0.778011 0.933238 0.934534 0.983633 0.938289 0.947718 0.962074 0.929208 0.993779 0.844196 0.892547 0.990603 0.992334 0.905077 0.880219 0.862644 0.850628 0.974149 0.938818 0.840307 0.910355 0.770982 0.978972 0.772178 0.775484 0.767191 0.783287 0.980150 0.945618 0.924041 0.988064 0.843547 0.746165 0.798431 0.933188 0.956348 0.915639 0.953274 0.855702 0.977181 0.928143 0.950914 0.906861 0.817771 0.889826 0.690709 0.638568 0.870153 0.616511 0.957150 0.838863 0.844582 0.843228 0.957679 0.973064 0.827690 0.884015 0.856554 0.903107 0.742761 0.825815 0.885348 0.802688 0.651679 0.745579 0.905938 0.778853 0.798249 0.773030 0.756958 0.857078 0.867743 0.832587 0.970720 0.802468 0.954439 0.969303
0.875376 0.948918 0.894116 0.943081 0.975463 0.777603 0.776500 0.809233 0.849662 0.910652 0.855944 0.972050 0.949522 0.959189 0.944780 0.758617 0.994362 0.993551 0.967878 0.972899 0.935223 0.867446 0.978353 0.777099 0.849801 0.889719 0.733981 0.000000 0.931245 0.964611 0.830827 0.977721 0.928187 0.935109 0.913021 0.992962 0.989418 0.968450 0.731666 0.962270 0.886230 0.846904 0.985182 0.956416 0.906923 0.942220 0.909009 0.925965 0.927118 0.972953 0.920882 0.930827 0.864266 0.903125 0.947836 0.946137 0.959912 0.947659 0.880550 0.752169 0.734021 0.780677 0.840990 0.823089 0.992657 0.972015 0.900255 0.795566 0.997042 0.942479 0.893004 0.752578 0.908679 0.954398 0.878786 0.972318 0.907785 0.944311 0.963193 0.971891 0.978234 0.934061 0.923643 0.937031 0.928561 0.852324 0.804232 0.955341 0.898288 0.991698 0.848912 0.898089 0.861733 0.952486 0.697523 0.881413 0.861976 0.858059 0.792335 0.910800 0.894184 0.851320 0.793860 0.838035 0.860659 0.835097 0.815898 0.934780 0.859793 0.793547 0.920926 0.971748 0.986735 0.884436 0.954373 0.839598
0.334250 0.333561 0.811372 0.897837 0.939414 0.965556 0.866863 0.505258 0.960361 0.457393 0.510991 0.386111 0.595241 0.502097 0.541267 0.663999 0.310147 0.333827 0.330792 0.348983 0.772103 0.932939 0.499926 0.815102 0.595956 0.662696 0.878657 0.931245 0.000000 0.307481 0.833670 0.701374 0.586023 0.503290 0.771581 0.904785 0.694446 0.963301 0.804128 0.995718 0.749934 0.706325 0.757169 0.631411 0.772528 0.637143 0.744555 0.586945 0.540850 0.577431 0.767680 0.727034 0.881437 0.958771 0.789616 0.780205 0.344890 0.332144 0.634347 0.603125 0.862626 0.765880 0.413837 0.325245 0.656452 0.665939 0.843109 0.895007 0.463822 0.378775 0.707268 0.885550 0.797080 0.801868 0.914093 0.949435 0.599461 0.660565 0.579228 0.502079 0.335463 0.442708 0.680313 0.644311 0.876781 0.794765 0.807225 0.901135 0.861465 0.860992 0.966882 0.813695 0.920832 0.784586 0.748946 0.874909 0.936828 0.800771 0.588023 0.488770 0.944564 0.848002 0.528753 0.568186 0.793649 0.787233 0.898125 0.860947 0.943789 0.908013 0.886048 0.573069 0.471517 0.710201 0.970773 0.763317
0.438266 0.350552 0.794450 0.926156 0.955053 0.999862 0.914452 0.578150 0.894027 0.472574 0.573957 0.459216 0.682249 0.496516 0.519455 0.622093 0.309343 0.307785 0.363126 0.318288 0.858444 0.887825 0.489481 0.952648 0.657277 0.691507 0.838451 0.964611 0.307481 0.000000 0.808333 0.611341 0.592494 0.488719 0.720404 0.965270 0.775136 0.938748 0.905308 0.957603 0.808135 0.712998 0.706464 0.594492 0.783640 0.687716 0.759361 0.595125 0.597636 0.636888 0.796394 0.742024 0.879827 0.999634 0.862387 0.891730 0.378137 0.374655 0.836001 0.753850 0.978858 0.941585 0.482768 0.376483 0.608816 0.655425 0.768607 0.853728 0.544701 0.449114 0.705264 0.883000 0.768375 0.745174 0.901678 0.854890 0.608743 0.583079 0.443624 0.426898 0.319112 0.412933 0.637037 0.638578 0.940473 0.795783 0.742889 0.877499 0.980302 0.989432 0.999050 0.814186 0.884800 0.694174 0.717741 0.876307 0.943832 0.756559 0.648502 0.527309 0.951325 0.918021 0.580873 0.596686 0.879189 0.782035 0.889737 0.898204 0.932280 0.883098 0.942834 0.620798 0.494995 0.671466 0.950934 0.829162
0.981800 0.867119 0.554522 0.680413 0.828207 0.818728 0.385764 0.567859 0.918170 0.840081 0.886231 0.813615 0.957911 0.984004 0.999020 0.835602 0.930835 0.931394 0.851274 0.956711 0.787255 0.746025 0.777718 0.932284 0.943454 0.696349 0.756851 0.830827 0.833670 0.808333 0.000000 0.440397 0.436166 0.418004 0.688895 0.680272 0.886859 0.861943 0.932512 0.994060 0.884543 0.930359 0.597999 0.661338 0.597946 0.797481 0.704979 0.774134 0.890373 0.913152 0.727234 0.809085 0.762964 0.660934 0.898727 0.998185 0.954363 0.919098 0.828680 0.855241 0.678194 0.872700 0.593545 0.803084 0.941833 0.903420 0.591153 0.525773 0.978108 0.983045 0.508513 0.579868 0.529418 0.559980 0.976797 0.966292 0.787745 0.679212 0.725946 0.762416 0.828493 0.894530 0.962393 0.974526 0.917591 0.984445 0.797282 0.939569 0.953208 0.946675 0.561826 0.697742 0.720642 0.854955 0.763645 0.983213 0.743519 0.852588 0.603751 0.652800 0.736906 0.588608 0.567650 0.624741 0.726225 0.696423 0.950775 0.798827 0.941844 0.888205 0.717468 0.810897 0.726197 0.695759 0.837398 0.864448
0.819842 0.879046 0.619005 0.600892 0.853029 0.750590 0.515899 0.534725 0.924283 0.787648 0.845402 0.944976 0.847350 0.658758 0.797277 0.833661 0.743950 0.691984 0.662927 0.751663 0.797139 0.835309 0.534838 0.848314 0.905788 0.762251 0.862960 0.977721 0.701374 0.611341 0.440397 0.000000 0.452551 0.411609 0.836004 0.765030 0.771962 0.978722 0.932137 0.961038 0.945590 0.853436 0.582096 0.587971 0.712193 0.801746 0.566652 0.679862 0.952355 0.957394 0.813285 0.836234 0.835111 0.819174 0.760705 0.899842 0.833559 0.882906 0.959494 0.896935 0.793641 0.951427 0.573073 0.724216 0.902258 0.860536 0.743395 0.656294 0.905361 0.831987 0.552348 0.623896 0.568985 0.529319 0.975856 0.965386 0.747556 0.645535 0.564813 0.577619 0.572717 0.580410 0.807202 0.806960 0.833395 0.862620 0.762504 0.909892 0.964421 0.972452 0.727440 0.770268 0.832326 0.977217 0.751435 0.972972 0.770448 0.819744 0.727731 0.699255 0.853737 0.755046 0.654218 0.667790 0.693244 0.639881 0.836458 0.998849 0.928792 0.792483 0.839046 0.698957 0.617930 0.778867 0.894581 0.887760
0.618685 0.794593 0.639827 0.758256 0.864623 0.783763 0.413428 0.439039 0.924953 0.617538 0.615454 0.821088 0.712140 0.740510 0.809460 0.929909 0.680161 0.640433 0.536275 0.665055 0.892280 0.829508 0.542409 0.944946 0.933394 0.886083 0.849797 0.928187 0.586023 0.592494 0.436166 0.452551 0.000000 0.339573 0.807028 0.683459 0.729820 0.839170 0.852815 0.905291 0.848361 0.829513 0.641513 0.649783 0.605976 0.709627 0.553422 0.625637 0.882780 0.931227 0.778546 0.842890 0.883300 0.976782 0.763852 0.826907 0.715536 0.726280 0.638514 0.652950 0.603885 0.885987 0.400422 0.535630 0.967218 0.981501 0.630191 0.615424 0.688251 0.665213 0.545104 0.622138 0.617683 0.552097 0.901710 0.975368 0.661254 0.696141 0.675744 0.639760 0.551076 0.624181 0.927562 0.893063 0.855429 0.974599 0.812716 0.937930 0.842902 0.802905 0.613258 0.628628 0.707541 0.892461 0.795251 0.960829 0.727128 0.688361 0.497620 0.467560 0.733249 0.665411 0.524151 0.558158 0.591061 0.622068 0.997366 0.898262 0.948559 0.903266 0.773660 0.663340 0.603678 0.675105 0.907514 0.893829
0.631418 0.713559 0.723206 0.751696 0.801986 0.780018 0.450435 0.428761 0.900052 0.564940 0.699093 0.796274 0.733275 0.667738 0.714212 0.828009 0.600397 0.552445 0.466670 0.586312 0.890211 0.848233 0.510165 0.965211 0.913096 0.921081 0.820029 0.935109 0.503290 0.488719 0.418004 0.411609 0.339573 0.000000 0.911740 0.752642 0.727362 0.928618 0.944871 0.957106 0.828503 0.867446 0.561504 0.513927 0.615948 0.657458 0.599138 0.529494 0.819693 0.795808 0.713256 0.756715 0.823989 0.886742 0.813415 0.842981 0.661227 0.669953 0.683027 0.683871 0.728107 0.988847 0.430863 0.530093 0.930440 0.932425 0.767893 0.702325 0.747065 0.665181 0.589681 0.651262 0.658489 0.612659 0.959353 0.884361 0.662745 0.564907 0.565146 0.500288 0.515100 0.582720 0.800961 0.810778 0.899791 0.966374 0.687756 0.968713 0.935983 0.945239 0.721815 0.671381 0.868526 0.977240 0.653906 0.969472 0.833756 0.690178 0.531835 0.484505 0.827666 0.689909 0.497810 0.547980 0.640419 0.638563 0.954354 0.971620 0.979091 0.860025 0.850273 0.685590 0.550357 0.657205 0.916059 0.781557
0.803178 0.660870 0.536058 0.589022 0.926263 0.986327 0.620970 0.797680 0.982976 0.697302 0.838153 0.677071 0.783516 0.815203 0.725228 0.703716 0.742476 0.796249 0.814758 0.762691 0.733608 0.871691 0.956476 0.838971 0.648139 0.510261 0.958473 0.913021 0.771581 0.720404 0.688895 0.836004 0.807028 0.911740 0.000000 0.698996 0.825061 0.762427 0.804787 0.986817 0.975500 0.889700 0.843588 0.986192 0.808368 0.958257 0.859748 0.993265 0.675177 0.698526 0.931604 0.826526 0.885847 0.983236 0.926881 0.981349 0.796377 0.726166 0.976045 0.998238 0.803189 0.933125 0.953948 0.808368 0.551704 0.536487 0.400601 0.372748 0.874423 0.743608 0.835245 0.684145 0.778278 0.873045 0.773234 0.863067 0.936837 0.944179 0.841678 0.826306 0.814758 0.903152 0.826250 0.884288 0.917701 0.740160 0.860512 0.878427 0.916059 0.767335 0.506965 0.787693 0.526367 0.546920 0.842665 0.969075 0.716842 0.823234 0.855180 0.906452 0.719382 0.818488 0.947210 0.883901 0.676749 0.768504 0.970671 0.733803 0.948979 0.990152 0.807925 0.846130 0.887383 0.864568 0.998468 0.955708
0.986292 0.909593 0.633116 0.607927 0.848421 0.953255 0.643813 0.777395 0.968813 0.930655 0.929879 0.805731 0.922378 0.994026 0.918626 0.830021 0.895105 0.995395 0.979708 0.992603 0.826866 0.856514 0.972681 0.959727 0.748010 0.672385 0.955260 0.992962 0.904785 0.965270 0.680272 0.765030 0.683459 0.752642 0.698996 0.000000 0.757660 0.609840 0.763612 0.952243 0.846485 0.965081 0.802935 0.866004 0.715050 0.893942 0.742617 0.844738 0.898222 0.914498 0.925985 0.997315 0.898105 0.934431 0.903011 0.954257 0.956847 0.943351 0.951375 0.949268 0.826005 0.897485 0.897942 0.987836 0.686438 0.680644 0.539736 0.543026 0.929828 0.919761 0.758325 0.840508 0.854856 0.851511 0.991995 0.773314 0.832446 0.819222 0.988221 0.933919 0.973005 0.909411 0.990222 0.935067 0.920943 0.810396 0.901776 0.917741 0.957763 0.795075 0.751752 0.888296 0.681016 0.714063 0.994336 0.930486 0.811019 0.765006 0.807784 0.764861 0.918304 0.741380 0.867508 0.828599 0.749079 0.864818 0.851851 0.784560 0.945060 0.985914 0.853520 0.877536 0.845055 0.795197 0.830935 0.951307
0.715487 0.733061 0.893100 0.844946 0.850643 0.916176 0.815288 0.715980 0.759650 0.906322 0.754606 0.828633 0.841862 0.861544 0.875630 0.962739 0.806071 0.742678 0.744672 0.787119 0.936937 0.850228 0.840257 0.910673 0.930956 0.992911 0.820731 0.989418 0.694446 0.775136 0.886859 0.771962 0.729820 0.727362 0.825061 0.757660 0.000000 0.738278 0.973057 0.947885 0.730207 0.859213 0.849674 0.718714 0.778387 0.764467 0.702834 0.688451 0.855540 0.852381 0.854429 0.894994 0.959653 0.990407 0.739471 0.872863 0.759799 0.760468 0.759566 0.824877 0.821479 0.701933 0.750785 0.773321 0.893755 0.939116 0.809622 0.808874 0.667087 0.697121 0.880127 0.931803 0.999127 0.888882 0.962965 0.854517 0.834310 0.896745 0.897074 0.855063 0.779367 0.753524 0.928299 0.917766 0.811595 0.922059 0.978760 0.987607 0.778067 0.713028 0.905778 0.861040 0.971715 0.883948 0.843478 0.864766 0.920799 0.775552 0.727464 0.709840 0.976112 0.917466 0.673359 0.721748 0.849643 0.802571 0.927024 0.939345 0.813165 0.784975 0.770324 0.619128 0.811947 0.712750 0.731268 0.946642
0.933358 0.943816 0.804594 0.795366 0.944934 0.954022 0.869663 0.915993 0.945860 0.819523 0.939445 0.917942 0.911115 0.911621 0.954482 0.817656 0.944468 0.989465 0.981567 0.982384 0.929372 0.726113 0.902114 0.827486 0.846339 0.793314 0.995814 0.968450 0.963301 0.938748 0.861943 0.978722 0.839170 0.928618 0.762427 0.609840 0.738278 0.000000 0.821182 0.959779 0.818239 0.808912 0.967424 0.985185 0.930773 0.961133 0.954995 0.931956 0.879801 0.929067 0.992718 0.942527 0.984127 0.999857 0.954575 0.997815 0.994824 0.932678 0.926562 0.999601 0.920841 0.905036 0.949444 0.939056 0.824896 0.807487 0.738848 0.762385 0.824387 0.993729 0.869944 0.904915 0.849607 0.872073 0.993114 0.921109 0.938731 0.946739 0.906112 0.966121 0.998191 0.952025 0.869319 0.746345 0.951562 0.920001 0.987634 0.796828 0.952221 0.866495 0.885548 0.892192 0.826694 0.695087 0.906921 0.826368 0.938652 0.819367 0.957313 0.908178 0.878095 0.905696 0.880445 0.850420 0.892687 0.981281 0.986614 0.881437 0.966747 0.993036 0.911974 0.853754 0.922436 0.674084 0.876828 0.996282
