0.000000 0.156718 0.419377 0.483118 0.734772 0.857577 0.741551 0.678531 0.502694 0.641433 0.393026 0.278714 0.330327 0.343684 0.477122 0.666029 0.267962 0.245702 0.276599 0.232819 0.539055 0.979698 0.570303 0.384359 0.439857 0.618979 0.497034 0.773172 0.521846 0.532816 0.887063 0.634108 0.389166 0.477867 0.776087 0.849834 0.794665 0.867857 0.957899 0.813595 0.739819 0.691118 0.812479 0.706330 0.943207 0.869635 0.510416 0.551216 0.735886 0.659160 0.771365 0.691573 0.991646 0.672193 0.371482 0.436127 0.153905 0.164318 0.353051 0.314263 0.506644 0.665828 0.318022 0.322983 0.312739 0.447804 0.633691 0.797392 0.305336 0.360654 0.617063 0.497534 0.983306 0.927297 0.880586 0.914078 0.910170 0.891300 0.433031 0.332805 0.218709 0.238354 0.365387 0.236113 0.208965 0.192955 0.914009 0.512366 0.537615 0.269438 0.414046 0.552415 0.467801 0.543063 0.997444 0.911108 0.886210 0.965695 0.953771 0.916124 0.665451 0.893448 0.931974 0.666759 0.811027 0.712132 0.887345 0.998971 0.669469 0.840034 0.743211 0.932231 0.919113 0.852228 0.694692 0.634819
0.156718 0.000000 0.395608 0.419589 0.717479 0.844113 0.762953 0.652048 0.520051 0.669595 0.442746 0.287366 0.377462 0.339331 0.483728 0.627418 0.261571 0.254510 0.275917 0.226780 0.548751 0.966270 0.556137 0.378075 0.396662 0.574023 0.481641 0.773477 0.526890 0.534628 0.824049 0.604299 0.395827 0.427836 0.735232 0.865716 0.744019 0.803503 0.852356 0.839368 0.751742 0.641351 0.788988 0.673393 0.915204 0.881489 0.505861 0.560023 0.758811 0.666033 0.775706 0.689062 0.981921 0.684267 0.417570 0.440883 0.156669 0.156063 0.373969 0.351293 0.549998 0.670623 0.356987 0.326537 0.317329 0.469640 0.667005 0.827690 0.302316 0.344590 0.681174 0.509484 0.971940 0.954652 0.826712 0.913087 0.842089 0.894998 0.426568 0.341668 0.228579 0.265491 0.397264 0.254524 0.266223 0.215974 0.948561 0.575016 0.542837 0.293150 0.367533 0.488079 0.428018 0.468790 0.997789 0.958138 0.933148 0.973199 0.916345 0.917498 0.582983 0.856676 0.964437 0.715457 0.845163 0.705732 0.799681 0.977783 0.711080 0.821633 0.793733 0.965910 0.916074 0.866986 0.699772 0.602886
0.419377 0.395608 0.000000 0.243228 0.761946 0.990091 0.624340 0.485676 0.779412 0.854985 0.699840 0.505958 0.450579 0.510951 0.588680 0.605587 0.553111 0.535214 0.437047 0.496404 0.542016 0.985027 0.558989 0.426932 0.378869 0.468961 0.548953 0.906683 0.692285 0.725634 0.705976 0.553816 0.530562 0.528448 0.664010 0.873223 0.642299 0.766404 0.838107 0.661818 0.920064 0.603067 0.700713 0.631934 0.998516 0.856332 0.621568 0.645539 0.829444 0.680556 0.751400 0.693230 0.946107 0.895391 0.531838 0.597896 0.377861 0.383301 0.503663 0.463090 0.593349 0.586706 0.578639 0.546687 0.409359 0.458537 0.622405 0.753321 0.492568 0.471960 0.950885 0.801709 0.856475 0.858686 0.904215 0.754137 0.704251 0.879439 0.559836 0.539228 0.573970 0.577379 0.611107 0.586041 0.553988 0.400392 0.991256 0.914720 0.561532 0.484834 0.644325 0.752634 0.706434 0.677502 0.856127 0.931411 0.783159 0.796325 0.835788 0.732198 0.657072 0.968080 0.903087 0.761332 0.783003 0.665860 0.676954 0.976169 0.888185 0.819353 0.723395 0.901468 0.810656 0.734154 0.550020 0.740337
0.483118 0.419589 0.243228 0.000000 0.765092 0.913108 0.606110 0.374240 0.849582 0.978771 0.867353 0.570531 0.552715 0.519584 0.676312 0.556139 0.623982 0.635966 0.502007 0.632064 0.618401 0.968399 0.557299 0.424295 0.393700 0.422165 0.613352 0.926351 0.838702 0.811033 0.622095 0.511862 0.527832 0.526355 0.598387 0.881067 0.525758 0.713124 0.768260 0.623700 0.923148 0.581081 0.657917 0.597395 0.986708 0.842994 0.624125 0.650422 0.825145 0.654009 0.668443 0.589451 0.818891 0.945634 0.581470 0.594818 0.418636 0.422611 0.463620 0.416151 0.650015 0.558502 0.613964 0.544970 0.558393 0.479702 0.638777 0.703179 0.578099 0.421998 0.952962 0.839828 0.799636 0.836588 0.853099 0.797623 0.630392 0.853071 0.536212 0.560401 0.615798 0.674988 0.677808 0.613875 0.653669 0.430383 0.895083 0.962298 0.526648 0.519296 0.667942 0.756797 0.708518 0.661922 0.874154 0.983375 0.768952 0.728606 0.815444 0.693935 0.692207 0.930890 0.936029 0.703186 0.789227 0.623666 0.592328 0.872540 0.860833 0.806005 0.811812 0.892085 0.819216 0.716275 0.520989 0.781640
0.734772 0.717479 0.761946 0.765092 0.000000 0.676666 0.783118 0.915800 0.660368 0.631300 0.990153 0.944720 0.924662 0.966444 0.856409 0.840996 0.872752 0.859322 0.834382 0.717132 0.786688 0.939812 0.921615 0.938650 0.737092 0.812972 0.945437 0.985227 0.883254 0.940303 0.906178 0.990646 0.942789 0.958657 0.925118 0.726441 0.828923 0.827533 0.808856 0.935982 0.919043 0.853501 0.969726 0.995507 0.755744 0.880961 0.933802 0.906080 0.887126 0.916016 0.823730 0.852347 0.631188 0.576892 0.994413 0.956043 0.718242 0.768698 0.873639 0.844733 0.814901 0.774501 0.961450 0.994494 0.851431 0.951652 0.989291 0.899160 0.565728 0.618895 0.814229 0.738541 0.783671 0.720112 0.910280 0.919928 0.942006 0.803479 0.828489 0.842202 0.775341 0.731645 0.884531 0.758005 0.918541 0.842126 0.997448 0.941757 0.941901 0.825052 0.750280 0.716321 0.926246 0.754494 0.968600 0.980660 0.797635 0.937640 0.851601 0.893095 0.700107 0.656858 0.806002 0.962249 0.956378 0.927614 0.991646 0.891109 0.842033 0.883185 0.910464 0.824430 0.967043 0.880604 0.933718 0.829941
0.857577 0.844113 0.990091 0.913108 0.676666 0.000000 0.701078 0.653954 0.621645 0.650409 0.811899 0.922500 0.934728 0.962550 0.917558 0.792425 0.856477 0.847827 0.881208 0.805640 0.948617 0.939245 0.857850 0.986520 0.893789 0.930733 0.924525 0.905190 0.977305 0.983759 0.724302 0.846389 0.960623 0.883944 0.988050 0.912857 0.843867 0.785562 0.939308 0.765552 0.732923 0.773598 0.803279 0.783253 0.776491 0.867109 0.999835 0.976825 0.916510 0.874889 0.759771 0.757606 0.651976 0.574569 0.983495 0.931464 0.828606 0.853365 0.985309 0.984995 0.857076 0.730619 0.970534 0.974801 0.814220 0.894416 0.945719 0.805896 0.734097 0.926452 0.743992 0.710363 0.636578 0.727571 0.843286 0.849302 0.839224 0.706290 0.984687 0.963764 0.843210 0.743912 0.895131 0.771475 0.856463 0.899259 0.898206 0.921243 0.855942 0.907733 0.716606 0.871060 0.895161 0.958315 0.980246 0.849239 0.965642 0.987857 0.788519 0.772261 0.803007 0.782408 0.877685 0.938425 0.818147 0.828879 0.852348 0.832287 0.759760 0.876467 0.931837 0.911828 0.819245 0.807408 0.795248 0.836680
0.741551 0.762953 0.624340 0.606110 0.783118 0.701078 0.000000 0.225441 0.808233 0.497901 0.944992 0.642700 0.518563 0.682410 0.573711 0.623188 0.758068 0.796975 0.551269 0.846074 0.861272 0.996320 0.326275 0.706522 0.989670 0.929174 0.910906 0.932638 0.560770 0.691792 0.431895 0.494438 0.439725 0.394589 0.664330 0.985307 0.861556 0.939983 0.764933 0.811718 0.924423 0.825881 0.351211 0.390283 0.372417 0.379382 0.470506 0.513113 0.352510 0.306421 0.237571 0.259911 0.328143 0.430986 0.531962 0.518292 0.710917 0.711563 0.424257 0.467457 0.304221 0.289092 0.414497 0.422476 0.773663 0.625390 0.342557 0.342217 0.938835 0.840060 0.643757 0.821911 0.495186 0.504243 0.801470 0.544939 0.521288 0.564330 0.579795 0.672480 0.793489 0.997722 0.719470 0.929398 0.676465 0.690787 0.885492 0.959211 0.605805 0.739938 0.854400 0.728086 0.951746 0.968468 0.672813 0.759510 0.688444 0.807227 0.387553 0.350224 0.812999 0.478828 0.635769 0.622607 0.544997 0.492004 0.681105 0.813211 0.920206 0.870537 0.620798 0.512818 0.497961 0.633018 0.343755 0.942654
0.678531 0.652048 0.485676 0.374240 0.915800 0.653954 0.225441 0.000000 0.812379 0.571425 0.953722 0.585986 0.478349 0.585388 0.560661 0.456733 0.743023 0.778881 0.586091 0.840747 0.794313 0.951870 0.379940 0.557159 0.801796 0.745323 0.825320 0.995681 0.672301 0.742595 0.469167 0.495562 0.475981 0.417127 0.631531 0.932361 0.751283 0.825609 0.929096 0.752634 0.946527 0.727496 0.442662 0.465060 0.588379 0.566576 0.551317 0.621224 0.541792 0.435103 0.336793 0.314847 0.415774 0.508685 0.569061 0.604360 0.615011 0.612177 0.448307 0.448905 0.341367 0.252767 0.468144 0.423681 0.701336 0.473675 0.475110 0.465600 0.972497 0.689611 0.711317 0.892178 0.542959 0.575027 0.775608 0.613798 0.536807 0.631818 0.563282 0.657213 0.772972 0.952948 0.741402 0.877208 0.714455 0.609481 0.862526 0.980371 0.527649 0.730458 0.982821 0.954020 0.836713 0.814911 0.805949 0.897546 0.765930 0.825705 0.553913 0.468467 0.991756 0.621270 0.797692 0.704420 0.623895 0.580811 0.599306 0.824688 0.990655 0.849315 0.723089 0.713775 0.616173 0.647702 0.380923 0.923793
0.502694 0.520051 0.779412 0.849582 0.660368 0.621645 0.808233 0.812379 0.000000 0.508454 0.616972 0.647163 0.833117 0.611465 0.911284 0.981605 0.502325 0.481480 0.588580 0.470557 0.732748 0.842086 0.955184 0.666008 0.534750 0.646840 0.682888 0.889435 0.813259 0.728927 0.911677 0.863815 0.748121 0.790074 0.947944 0.964596 0.770793 0.849908 0.836976 0.981364 0.844393 0.987121 0.976804 0.901811 0.823824 0.976155 0.730275 0.707349 0.955890 0.935666 0.887304 0.943235 0.782799 0.579766 0.677827 0.621569 0.528247 0.538293 0.692864 0.732735 0.968638 0.874109 0.763952 0.725451 0.720892 0.851934 0.893743 0.985086 0.448682 0.563181 0.641353 0.646497 0.862066 0.844244 0.991064 0.995036 0.940572 0.736667 0.696941 0.599674 0.466243 0.406234 0.572668 0.378261 0.591279 0.545278 0.833263 0.590021 0.723275 0.480780 0.497868 0.647617 0.648230 0.732821 0.959347 0.851802 0.927271 0.898708 0.804526 0.961187 0.800012 0.798544 0.890383 0.720412 0.917091 0.877035 0.996797 0.996115 0.748765 0.842012 0.862810 0.957698 0.755894 0.975645 0.960037 0.721944
0.641433 0.669595 0.854985 0.978771 0.631300 0.650409 0.497901 0.571425 0.508454 0.000000 0.628574 0.869861 0.940041 0.861757 0.959861 0.801973 0.784283 0.695230 0.925949 0.623534 0.793989 0.983576 0.708228 0.784149 0.628213 0.795463 0.711511 0.710053 0.868372 0.995789 0.485805 0.721535 0.855701 0.778043 0.892048 0.942290 0.961908 0.837315 0.847920 0.901199 0.834319 0.957501 0.512374 0.622209 0.335304 0.440151 0.782888 0.816379 0.526241 0.563560 0.424799 0.491500 0.355343 0.267222 0.991897 0.965131 0.715243 0.708957 0.908980 0.995886 0.750033 0.618842 0.907735 0.914971 0.693073 0.837100 0.678285 0.527389 0.473446 0.705614 0.424452 0.542169 0.605494 0.579002 0.885017 0.725120 0.606019 0.530929 0.963602 0.872483 0.688783 0.460205 0.821341 0.543968 0.720338 0.670352 0.768702 0.591772 0.940784 0.686956 0.582898 0.577549 0.868333 0.890869 0.744180 0.965865 0.809809 0.825335 0.446601 0.540789 0.652445 0.547333 0.725211 0.851705 0.779562 0.799964 0.850985 0.844130 0.676981 0.926962 0.879539 0.651085 0.475576 0.818255 0.666935 0.711068
0.393026 0.442746 0.699840 0.867353 0.990153 0.811899 0.944992 0.953722 0.616972 0.628574 0.000000 0.325657 0.376868 0.375246 0.409072 0.663336 0.353545 0.277938 0.541623 0.377861 0.730628 0.905881 0.858413 0.590271 0.735591 0.941254 0.613736 0.700154 0.460411 0.419739 0.832448 0.926214 0.691288 0.697691 0.894950 0.944344 0.953651 0.945809 0.880040 0.999142 0.745283 0.979706 0.847104 0.918082 0.788281 0.869767 0.858162 0.911953 0.988782 0.985022 0.915830 0.951913 0.835941 0.568270 0.575194 0.675815 0.408768 0.405788 0.790520 0.768818 0.518396 0.679765 0.498723 0.500448 0.305402 0.443081 0.979273 0.896112 0.554982 0.764682 0.510565 0.590347 0.925753 0.906104 0.844357 0.975956 0.703592 0.789722 0.699628 0.568810 0.397524 0.349951 0.490213 0.397291 0.368466 0.450925 0.640006 0.570228 0.755741 0.615434 0.445028 0.527796 0.412926 0.664181 0.867049 0.990547 0.755534 0.722304 0.629260 0.760343 0.636833 0.819800 0.890739 0.990734 0.902318 0.968212 0.856581 0.864111 0.693324 0.900790 0.913808 0.889268 0.737728 0.859164 0.943260 0.654556
0.278714 0.287366 0.505958 0.570531 0.944720 0.922500 0.642700 0.585986 0.647163 0.869861 0.325657 0.000000 0.232339 0.207818 0.263356 0.411429 0.231073 0.223223 0.326466 0.303704 0.612001 0.990507 0.489493 0.387665 0.582814 0.742371 0.478315 0.771791 0.356991 0.350405 0.781060 0.585941 0.393717 0.375963 0.763893 0.911831 0.857499 0.924977 0.965871 0.821811 0.783039 0.827995 0.786269 0.715399 0.927242 0.809204 0.535386 0.605229 0.688408 0.633144 0.682520 0.630337 0.808947 0.865040 0.332757 0.444993 0.257256 0.239756 0.483833 0.465309 0.334957 0.440931 0.252775 0.216478 0.319956 0.360188 0.680272 0.802579 0.502085 0.523875 0.728049 0.645984 0.889338 0.880148 0.708603 0.800449 0.918149 0.959647 0.434930 0.345358 0.267593 0.330501 0.350779 0.346053 0.262011 0.290475 0.828858 0.571806 0.550900 0.444150 0.429566 0.572103 0.370091 0.496904 0.979905 0.975636 0.906397 0.847259 0.944800 0.942271 0.649586 0.973624 0.868750 0.726579 0.848908 0.763403 0.906641 0.957221 0.715971 0.837484 0.708685 0.929067 0.971462 0.951032 0.632548 0.656253
0.330327 0.377462 0.450579 0.552715 0.924662 0.934728 0.518563 0.478349 0.833117 0.940041 0.376868 0.232339 0.000000 0.279078 0.264019 0.385715 0.397362 0.350612 0.411785 0.445835 0.691648 0.984841 0.453617 0.358638 0.658340 0.766502 0.537293 0.866736 0.447168 0.460145 0.789003 0.590308 0.469139 0.439121 0.792468 0.930609 0.965626 0.998822 0.888108 0.825260 0.818638 0.850875 0.827838 0.781101 0.927755 0.835253 0.603849 0.691041 0.729701 0.634899 0.645953 0.584117 0.767514 0.970201 0.372471 0.512629 0.331750 0.321538 0.474369 0.426857 0.237203 0.358871 0.273336 0.291096 0.324161 0.296096 0.625176 0.722198 0.641290 0.613045 0.760748 0.708435 0.883659 0.903803 0.782184 0.828286 0.919683 0.959971 0.554230 0.418550 0.413182 0.470114 0.458698 0.477762 0.298262 0.289199 0.739620 0.615304 0.560307 0.478213 0.554920 0.705214 0.507159 0.598179 0.985549 0.969567 0.971645 0.848293 0.964416 0.888795 0.737832 0.873846 0.896663 0.842504 0.857304 0.802829 0.929648 0.909647 0.827386 0.919859 0.671545 0.956837 0.983702 0.932310 0.597345 0.744849
0.343684 0.339331 0.510951 0.519584 0.966444 0.962550 0.682410 0.585388 0.611465 0.861757 0.375246 0.207818 0.279078 0.000000 0.317010 0.337174 0.263237 0.235648 0.365507 0.361521 0.646768 0.950771 0.515117 0.308221 0.532250 0.621296 0.511045 0.867788 0.442904 0.320648 0.769637 0.549620 0.433234 0.388799 0.786757 0.970739 0.766719 0.851988 0.945962 0.804335 0.814057 0.838997 0.843548 0.761711 0.988447 0.871101 0.590554 0.642720 0.789249 0.672083 0.740536 0.664153 0.813006 0.932313 0.358076 0.433604 0.305917 0.286231 0.529666 0.512048 0.411608 0.430645 0.316707 0.272071 0.420054 0.302465 0.702649 0.777543 0.558466 0.523233 0.802455 0.696781 0.817593 0.810129 0.752522 0.772581 0.918026 0.966287 0.485267 0.363792 0.294918 0.341391 0.338202 0.305800 0.354252 0.293179 0.748505 0.539157 0.533033 0.466433 0.418091 0.530570 0.389529 0.496034 0.915853 0.944279 0.921560 0.894697 0.910627 0.923941 0.651095 0.983262 0.929555 0.762760 0.913246 0.756951 0.868163 0.968565 0.731436 0.945925 0.738308 0.965564 0.941898 0.965286 0.665018 0.688228
0.477122 0.483728 0.588680 0.676312 0.856409 0.917558 0.573711 0.560661 0.911284 0.959861 0.409072 0.263356 0.264019 0.317010 0.000000 0.342232 0.399898 0.373333 0.470081 0.479123 0.742285 0.854644 0.488511 0.438418 0.779793 0.872596 0.611133 0.838720 0.373992 0.342263 0.719435 0.645616 0.504941 0.406045 0.824955 0.941847 0.961607 0.960923 0.972794 0.814578 0.841376 0.901800 0.806308 0.765565 0.837523 0.790821 0.642321 0.694400 0.695732 0.647242 0.651462 0.612561 0.744013 0.983835 0.407279 0.525610 0.445772 0.431242 0.605410 0.622318 0.272627 0.364036 0.335713 0.321213 0.404639 0.396470 0.703402 0.786456 0.785310 0.791007 0.796261 0.770718 0.843311 0.866073 0.715792 0.741525 0.920509 0.955170 0.584496 0.537448 0.458309 0.561445 0.506739 0.551813 0.400217 0.456045 0.731687 0.716702 0.705663 0.623073 0.588800 0.640824 0.437231 0.512495 0.912643 0.954311 0.811709 0.784213 0.986492 0.927435 0.705884 0.987632 0.911716 0.856146 0.988812 0.829561 0.893731 0.801606 0.874506 0.970101 0.785215 0.956921 0.987466 0.959291 0.626510 0.768879
0.666029 0.627418 0.605587 0.556139 0.840996 0.792425 0.623188 0.456733 0.981605 0.801973 0.663336 0.411429 0.385715 0.337174 0.342232 0.000000 0.545756 0.568732 0.674805 0.723433 0.755364 0.912185 0.547313 0.451554 0.753122 0.758570 0.740297 0.944131 0.574741 0.473590 0.657863 0.556307 0.626536 0.494289 0.863009 0.968476 0.839904 0.874864 0.963069 0.716800 0.968263 0.863949 0.856022 0.832870 0.914447 0.869107 0.776625 0.801637 0.841517 0.727958 0.655880 0.584120 0.628763 0.780898 0.561508 0.736898 0.580455 0.556534 0.677492 0.697684 0.415297 0.351811 0.496051 0.445038 0.634848 0.397789 0.811274 0.754490 0.935058 0.739963 0.995636 0.924798 0.737153 0.799826 0.678939 0.759070 0.856794 0.933674 0.652495 0.580055 0.641861 0.749373 0.579874 0.733238 0.679423 0.578013 0.824995 0.934325 0.745199 0.788238 0.607655 0.621510 0.492253 0.505632 0.943708 0.836416 0.784569 0.868130 0.998728 0.906535 0.718637 0.907286 0.969571 0.923381 0.937230 0.880357 0.835998 0.882304 0.949864 0.995163 0.870255 0.985861 0.959845 0.943126 0.658105 0.783811
0.267962 0.261571 0.553111 0.623982 0.872752 0.856477 0.758068 0.743023 0.502325 0.784283 0.353545 0.231073 0.397362 0.263237 0.399898 0.545756 0.000000 0.182961 0.288022 0.252360 0.627166 0.939625 0.570664 0.457740 0.533641 0.716868 0.554999 0.743280 0.332646 0.307043 0.792935 0.616497 0.382155 0.388321 0.835145 0.928352 0.743010 0.897785 0.962124 0.820743 0.797734 0.773984 0.783427 0.669439 0.954313 0.785932 0.481378 0.514591 0.685015 0.627421 0.737205 0.688663 0.894951 0.785596 0.367414 0.401383 0.246661 0.233129 0.476328 0.485757 0.502279 0.597456 0.320138 0.282178 0.378812 0.479854 0.679113 0.781304 0.440442 0.517771 0.753512 0.580172 0.870369 0.913829 0.794891 0.785427 0.901035 0.972851 0.418050 0.368261 0.208249 0.282367 0.313597 0.288687 0.281210 0.302941 0.869597 0.496891 0.623086 0.401492 0.399234 0.540062 0.352932 0.491895 0.892249 0.965683 0.958260 0.896276 0.926326 0.928004 0.697831 0.890637 0.854514 0.677257 0.850646 0.705595 0.864035 0.991130 0.724194 0.893345 0.779764 0.833159 0.965401 0.982292 0.747640 0.696409
0.245702 0.254510 0.535214 0.635966 0.859322 0.847827 0.796975 0.778881 0.481480 0.695230 0.277938 0.223223 0.350612 0.235648 0.373333 0.568732 0.182961 0.000000 0.287349 0.214421 0.608993 0.980991 0.607297 0.415007 0.535384 0.701340 0.570185 0.723352 0.372650 0.330575 0.901844 0.654793 0.423814 0.426788 0.861731 0.943839 0.801398 0.889460 0.962950 0.830891 0.767009 0.779817 0.874887 0.764524 0.970038 0.885899 0.579284 0.607570 0.772759 0.703736 0.851563 0.790092 0.986978 0.699612 0.366002 0.425548 0.236881 0.225033 0.519504 0.527648 0.511390 0.621570 0.322821 0.302492 0.339029 0.442196 0.726000 0.849307 0.399045 0.492249 0.673232 0.564708 0.918141 0.952927 0.808978 0.838787 0.983044 0.895991 0.433014 0.349659 0.185469 0.214018 0.338617 0.225010 0.253662 0.288339 0.771363 0.465639 0.641079 0.391346 0.387103 0.484960 0.353797 0.491539 0.908011 0.978878 0.914327 0.910444 0.848676 0.972704 0.624228 0.840398 0.932388 0.760812 0.875568 0.765380 0.935642 0.960642 0.679921 0.919278 0.794504 0.941994 0.893565 0.938353 0.753090 0.676056
0.276599 0.275917 0.437047 0.502007 0.834382 0.881208 0.551269 0.586091 0.588580 0.925949 0.541623 0.326466 0.411785 0.365507 0.470081 0.674805 0.288022 0.287349 0.000000 0.271534 0.576576 0.914959 0.343826 0.450701 0.531043 0.684962 0.560667 0.909005 0.396515 0.465075 0.590413 0.460498 0.240153 0.312539 0.661688 0.942036 0.732124 0.933975 0.975110 0.802848 0.792747 0.706674 0.520842 0.438822 0.718543 0.539103 0.324219 0.331263 0.462416 0.387641 0.532574 0.487270 0.758267 0.948751 0.327886 0.291307 0.260562 0.267799 0.301829 0.326348 0.467745 0.584577 0.258058 0.254427 0.460543 0.592713 0.418218 0.567570 0.453139 0.460078 0.912682 0.707866 0.812131 0.833947 0.815692 0.728011 0.679754 0.901881 0.338509 0.326891 0.275462 0.375794 0.356940 0.341996 0.281156 0.303805 0.924811 0.591486 0.597929 0.340766 0.602063 0.780104 0.556166 0.607295 0.704195 0.817943 0.816726 0.834761 0.756350 0.634896 0.842067 0.977530 0.673658 0.555131 0.645188 0.490454 0.748349 0.944481 0.798892 0.726078 0.595342 0.737455 0.818211 0.700201 0.544682 0.745648
0.232819 0.226780 0.496404 0.632064 0.717132 0.805640 0.846074 0.840747 0.470557 0.623534 0.377861 0.303704 0.445835 0.361521 0.479123 0.723433 0.252360 0.214421 0.271534 0.000000 0.557955 0.947094 0.602926 0.497500 0.506762 0.662202 0.504396 0.792137 0.457019 0.453819 0.856011 0.710403 0.426469 0.470376 0.838202 0.970549 0.785712 0.811609 0.911123 0.876508 0.750715 0.742783 0.822487 0.714793 0.964419 0.869178 0.555612 0.571428 0.764906 0.704379 0.858864 0.805585 0.923463 0.625980 0.421233 0.450176 0.249425 0.244466 0.514187 0.509558 0.623356 0.758607 0.389111 0.375080 0.369775 0.568213 0.716689 0.884516 0.317186 0.432507 0.668224 0.555337 0.948026 0.993671 0.818319 0.891858 0.922027 0.886088 0.453139 0.389909 0.224406 0.226248 0.392794 0.247196 0.278906 0.310406 0.886533 0.524786 0.659917 0.350453 0.429717 0.567965 0.469626 0.516392 0.914376 0.841975 0.990891 0.962487 0.894022 0.964516 0.626290 0.795349 0.925795 0.722217 0.842500 0.736451 0.883394 0.971986 0.797607 0.851510 0.806236 0.944241 0.887380 0.895255 0.779488 0.661922
0.539055 0.548751 0.542016 0.618401 0.786688 0.948617 0.861272 0.794313 0.732748 0.793989 0.730628 0.612001 0.691648 0.646768 0.742285 0.755364 0.627166 0.608993 0.576576 0.557955 0.000000 0.958232 0.749247 0.687493 0.540949 0.566471 0.702229 0.947384 0.759375 0.783181 0.811935 0.635431 0.589083 0.654223 0.975981 0.876981 0.777489 0.801950 0.874766 0.789430 0.973552 0.771871 0.768317 0.693833 0.944396 0.837034 0.677526 0.615491 0.819363 0.722762 0.851009 0.789698 0.930830 0.853313 0.562856 0.692257 0.521339 0.546750 0.611373 0.603804 0.783086 0.807591 0.653829 0.649915 0.618275 0.715435 0.750637 0.873667 0.549667 0.637938 0.886169 0.754766 0.948490 0.950791 0.952212 0.805479 0.852592 0.970013 0.647861 0.508403 0.588910 0.598538 0.567316 0.629462 0.634228 0.581786 0.859645 0.927550 0.734838 0.648005 0.700402 0.771848 0.824580 0.838734 0.956281 0.813344 0.870803 0.957164 0.915061 0.849326 0.785790 0.935671 0.891761 0.670472 0.861215 0.673194 0.822454 0.998446 0.705162 0.741447 0.876076 0.990527 0.974611 0.564957 0.681431 0.701986
0.979698 0.966270 0.985027 0.968399 0.939812 0.939245 0.996320 0.951870 0.842086 0.983576 0.905881 0.990507 0.984841 0.950771 0.854644 0.912185 0.939625 0.980991 0.914959 0.947094 0.958232 0.000000 0.838918 0.961712 0.907362 0.884201 0.905736 0.928039 0.914695 0.962482 0.926760 0.932286 0.966468 0.908061 0.974786 0.960451 0.877641 0.986828 0.911817 0.918903 0.912451 0.878231 0.861949 0.867044 0.948817 0.890398 0.800727 0.838072 0.876703 0.904219 0.935539 0.919841 0.995463 0.986665 0.964330 0.962440 0.996164 0.995281 0.948723 0.950022 0.917959 0.920306 0.986190 0.975060 0.965525 0.847991 0.897842 0.974305 0.874391 0.920556 0.906762 0.960075 0.944788 0.950936 0.887384 0.942811 0.790985 0.887264 0.952888 0.888881 0.894980 0.967893 0.955273 0.998456 0.961738 0.962926 0.991574 0.909346 0.976231 0.883330 0.971460 0.869656 0.943354 0.983538 0.914484 0.828002 0.905685 0.962151 0.867359 0.940340 0.909100 0.971995 0.976089 0.943407 0.877276 0.859879 0.971685 0.932950 0.911342 0.753714 0.974095 0.920236 0.911952 0.931120 0.993143 0.862541
0.570303 0.556137 0.558989 0.557299 0.921615 0.857850 0.326275 0.379940 0.955184 0.708228 0.858413 0.489493 0.453617 0.515117 0.488511 0.547313 0.570664 0.607297 0.343826 0.602926 0.749247 0.838918 0.000000 0.517475 0.754401 0.781357 0.734576 0.899232 0.524672 0.618103 0.359284 0.348756 0.322840 0.326281 0.547528 0.987971 0.794761 0.974925 0.949674 0.816947 0.911479 0.749238 0.352682 0.341980 0.456903 0.357684 0.295065 0.352540 0.325433 0.260804 0.285084 0.246609 0.444118 0.605008 0.387506 0.376754 0.565204 0.538576 0.350148 0.399337 0.399862 0.459707 0.320363 0.313303 0.710726 0.693097 0.332485 0.403571 0.816346 0.636407 0.780160 0.999890 0.601824 0.634829 0.754968 0.619467 0.466840 0.792966 0.472195 0.493763 0.561738 0.746021 0.563982 0.687035 0.472231 0.498773 0.984967 0.750113 0.660148 0.520177 0.880145 0.982502 0.766887 0.700437 0.681032 0.882343 0.858723 0.814684 0.511853 0.456413 0.934373 0.687944 0.576548 0.569916 0.613805 0.434278 0.753080 0.964582 0.944777 0.695716 0.622729 0.642795 0.603642 0.680619 0.378236 0.866739
0.384359 0.378075 0.426932 0.424295 0.938650 0.986520 0.706522 0.557159 0.666008 0.784149 0.590271 0.387665 0.358638 0.308221 0.438418 0.451554 0.457740 0.415007 0.450701 0.497500 0.687493 0.961712 0.517475 0.000000 0.489195 0.550819 0.578900 0.851792 0.674715 0.580424 0.835945 0.565159 0.514895 0.529626 0.711202 0.935336 0.793220 0.845531 0.877922 0.837138 0.866927 0.737882 0.905908 0.812259 0.915279 0.949113 0.624645 0.692703 0.869688 0.708695 0.762445 0.652418 0.870487 0.943442 0.445377 0.532290 0.353935 0.328672 0.474262 0.467410 0.506528 0.553452 0.435174 0.422996 0.474750 0.376930 0.676578 0.781739 0.537017 0.464233 0.766858 0.704226 0.977391 0.985790 0.880007 0.942829 0.889018 0.847728 0.616474 0.522628 0.438025 0.455416 0.458138 0.399013 0.417184 0.280723 0.807814 0.593318 0.523328 0.421684 0.481992 0.544609 0.509142 0.545774 0.974964 0.955673 0.956618 0.943389 0.974411 0.898224 0.685899 0.989319 0.936577 0.798595 0.938273 0.757713 0.933976 0.835095 0.657520 0.912892 0.746778 0.932254 0.932457 0.895093 0.738509 0.684869
0.439857 0.396662 0.378869 0.393700 0.737092 0.893789 0.989670 0.801796 0.534750 0.628213 0.735591 0.582814 0.658340 0.532250 0.779793 0.753122 0.533641 0.535384 0.531043 0.506762 0.540949 0.907362 0.754401 0.489195 0.000000 0.256819 0.462394 0.828392 0.906431 0.833238 0.853504 0.646795 0.626611 0.667001 0.674812 0.925860 0.560086 0.710374 0.623602 0.787724 0.995258 0.640804 0.850640 0.736411 0.799783 0.988255 0.650335 0.661825 0.993272 0.818689 0.959181 0.864568 0.927345 0.739708 0.637275 0.628057 0.412527 0.393647 0.596854 0.523853 0.906173 0.878358 0.755108 0.671370 0.514150 0.593313 0.792928 0.941573 0.394341 0.456496 0.836408 0.649997 0.960268 0.996109 0.909200 0.972912 0.821433 0.931533 0.627571 0.568177 0.546772 0.484864 0.648119 0.445545 0.596801 0.407056 0.952948 0.800853 0.624441 0.424159 0.456019 0.603760 0.662372 0.674398 0.988112 0.978837 0.896188 0.892850 0.940250 0.892767 0.639755 0.796160 0.874686 0.714066 0.810568 0.677104 0.765118 0.893789 0.798342 0.782231 0.821047 0.908912 0.979870 0.816746 0.775894 0.720061
0.618979 0.574023 0.468961 0.422165 0.812972 0.930733 0.929174 0.745323 0.646840 0.795463 0.941254 0.742371 0.766502 0.621296 0.872596 0.758570 0.716868 0.701340 0.684962 0.662202 0.566471 0.884201 0.781357 0.550819 0.256819 0.000000 0.569241 0.908836 0.974128 0.896105 0.756492 0.668754 0.709465 0.667376 0.713370 0.959594 0.501095 0.607659 0.570449 0.808139 0.991633 0.538052 0.803292 0.709386 0.892162 0.974477 0.684204 0.702335 0.991737 0.805100 0.898253 0.811576 0.938306 0.952908 0.682374 0.644775 0.597470 0.562430 0.664572 0.596927 0.971105 0.840005 0.835380 0.773964 0.693889 0.644409 0.791082 0.865145 0.530817 0.495388 0.995717 0.788396 0.934734 0.899620 0.959143 0.937657 0.777085 0.999589 0.666112 0.634052 0.688611 0.657562 0.781696 0.568927 0.755007 0.535084 0.922618 0.872722 0.577020 0.518388 0.638903 0.758780 0.826341 0.750893 0.954277 0.878620 0.772103 0.819614 0.895369 0.821800 0.719786 0.940743 0.912180 0.721615 0.718221 0.680819 0.744530 0.995295 0.885230 0.796476 0.909247 0.990068 0.924847 0.745151 0.745733 0.836803
0.497034 0.481641 0.548953 0.613352 0.945437 0.924525 0.910906 0.825320 0.682888 0.711511 0.613736 0.478315 0.537293 0.511045 0.611133 0.740297 0.554999 0.570185 0.560667 0.504396 0.702229 0.905736 0.734576 0.578900 0.462394 0.569241 0.000000 0.738898 0.760470 0.712931 0.868137 0.794257 0.710540 0.655316 0.804591 0.889536 0.727258 0.919198 0.881494 0.793625 0.972698 0.889193 0.937094 0.848153 0.869340 0.981248 0.760432 0.742716 0.989153 0.892675 0.941600 0.863518 0.942082 0.789289 0.612094 0.674402 0.510336 0.495811 0.724141 0.623273 0.708036 0.759712 0.658477 0.615737 0.517662 0.540042 0.833743 0.953975 0.595815 0.675153 0.806204 0.754411 0.978661 0.957874 0.651982 0.998547 0.912023 0.932846 0.750012 0.629615 0.615537 0.510990 0.638689 0.540005 0.529455 0.437731 0.815867 0.731997 0.632745 0.541572 0.542199 0.764136 0.662823 0.792742 0.887117 0.934709 0.963762 0.971573 0.923545 0.969081 0.663958 0.962188 0.917735 0.760626 0.895056 0.797397 0.940067 0.865005 0.931956 0.939159 0.689783 0.963392 0.924793 0.980148 0.737058 0.869314
0.773172 0.773477 0.906683 0.926351 0.985227 0.905190 0.932638 0.995681 0.889435 0.710053 0.700154 0.771791 0.866736 0.867788 0.838720 0.944131 0.743280 0.723352 0.909005 0.792137 0.947384 0.928039 0.899232 0.851792 0.828392 0.908836 0.738898 0.000000 0.867417 0.821640 0.755318 0.842615 0.957389 0.984028 0.939081 0.959990 0.822935 0.854352 0.944131 0.863628 0.830321 0.809738 0.882747 0.936620 0.753278 0.770012 0.916668 0.926317 0.816900 0.825276 0.819665 0.838223 0.877824 0.768358 0.946362 0.985710 0.782943 0.749166 0.957952 0.989495 0.912287 0.900614 0.948429 0.861940 0.662654 0.681027 0.839384 0.811385 0.777875 0.817425 0.886085 0.940165 0.995016 0.974277 0.867944 0.892531 0.744040 0.879244 0.894558 0.955121 0.799859 0.707685 0.940134 0.771549 0.800679 0.794088 0.891060 0.808868 0.882211 0.810615 0.783026 0.738223 0.744743 0.941392 0.846575 0.960400 0.770947 0.903624 0.725236 0.835932 0.784473 0.813945 0.996395 0.994112 0.934375 0.921314 0.903751 0.944058 0.818237 0.870666 0.997467 0.890457 0.849327 0.942149 0.956111 0.872768
0.521846 0.526890 0.692285 0.838702 0.883254 0.977305 0.560770 0.672301 0.813259 0.868372 0.460411 0.356991 0.447168 0.442904 0.373992 0.574741 0.332646 0.372650 0.396515 0.457019 0.759375 0.914695 0.524672 0.674715 0.906431 0.974128 0.760470 0.867417 0.000000 0.247020 0.706453 0.638868 0.418144 0.361473 0.924362 0.999627 0.959587 0.977174 0.851258 0.859952 0.839199 0.848887 0.670304 0.626624 0.682647 0.618139 0.517080 0.543511 0.537313 0.557634 0.606622 0.628341 0.717903 0.943840 0.442394 0.485491 0.501266 0.494971 0.599552 0.674713 0.378712 0.474212 0.346133 0.338103 0.536620 0.607090 0.609822 0.688761 0.778277 0.750850 0.994938 0.887508 0.718785 0.691031 0.788644 0.743135 0.833887 0.832513 0.519496 0.501431 0.420940 0.587907 0.414853 0.606163 0.479362 0.605672 0.866791 0.692082 0.755940 0.666399 0.714519 0.818193 0.491341 0.652655 0.849053 0.897024 0.989156 0.933542 0.895905 0.823821 0.977574 0.910538 0.790565 0.785849 0.827226 0.704925 0.816139 0.932643 0.853155 0.879755 0.758138 0.760317 0.846231 0.887025 0.664772 0.855282
0.532816 0.534628 0.725634 0.811033 0.940303 0.983759 0.691792 0.742595 0.728927 0.995789 0.419739 0.350405 0.460145 0.320648 0.342263 0.473590 0.307043 0.330575 0.465075 0.453819 0.783181 0.962482 0.618103 0.580424 0.833238 0.896105 0.712931 0.821640 0.247020 0.000000 0.742202 0.668209 0.495508 0.392555 0.943037 0.925315 0.827211 0.888221 0.971261 0.889235 0.923142 0.838274 0.820428 0.733789 0.835904 0.755196 0.617397 0.624834 0.704913 0.681807 0.738209 0.718917 0.795902 0.992972 0.452267 0.487794 0.515935 0.492871 0.674876 0.746438 0.441503 0.481200 0.406159 0.371597 0.564267 0.511953 0.738300 0.772644 0.748381 0.735226 0.882237 0.832544 0.756266 0.726668 0.788766 0.704625 0.958094 0.942355 0.522610 0.453553 0.400774 0.536124 0.412362 0.518217 0.524729 0.571229 0.773137 0.641046 0.715032 0.656446 0.585061 0.647107 0.436746 0.579395 0.896980 0.953897 0.886904 0.901219 0.944553 0.939735 0.859566 0.990107 0.877042 0.831311 0.931457 0.771169 0.862511 0.991454 0.822497 0.992660 0.815654 0.838831 0.966002 0.954111 0.766115 0.908598
0.887063 0.824049 0.705976 0.622095 0.906178 0.724302 0.431895 0.469167 0.911677 0.485805 0.832448 0.781060 0.789003 0.769637 0.719435 0.657863 0.792935 0.901844 0.590413 0.856011 0.811935 0.926760 0.359284 0.835945 0.853504 0.756492 0.868137 0.755318 0.706453 0.742202 0.000000 0.384865 0.435963 0.376757 0.608057 0.866493 0.626418 0.907796 0.958770 0.801908 0.903904 0.788084 0.298708 0.285709 0.371990 0.300186 0.369569 0.369367 0.379499 0.310415 0.280238 0.281287 0.378274 0.435849 0.602584 0.518897 0.841691 0.829741 0.518301 0.605257 0.646292 0.574881 0.575756 0.553363 0.981639 0.955807 0.415428 0.379535 0.920244 0.841492 0.564518 0.769116 0.565305 0.560002 0.802317 0.555224 0.383348 0.567283 0.526456 0.676748 0.839716 0.901831 0.825880 0.982716 0.860617 0.828573 0.781843 0.952420 0.785683 0.790102 0.969728 0.833812 0.935410 0.810268 0.659749 0.812529 0.737768 0.741730 0.394020 0.363800 0.891898 0.649541 0.534613 0.586716 0.625433 0.447982 0.642695 0.835924 0.791331 0.737663 0.703355 0.551715 0.495435 0.645968 0.437207 0.894824
0.634108 0.604299 0.553816 0.511862 0.990646 0.846389 0.494438 0.495562 0.863815 0.721535 0.926214 0.585941 0.590308 0.549620 0.645616 0.556307 0.616497 0.654793 0.460498 0.710403 0.635431 0.932286 0.348756 0.565159 0.646795 0.668754 0.794257 0.842615 0.638868 0.668209 0.384865 0.000000 0.385601 0.389182 0.657422 0.991633 0.707034 0.840727 0.962727 0.735108 0.974535 0.782221 0.487112 0.415483 0.560776 0.442469 0.348699 0.379164 0.462724 0.375145 0.401357 0.358785 0.506841 0.672877 0.481487 0.451569 0.571094 0.576009 0.399131 0.463061 0.594276 0.572820 0.453541 0.447232 0.822152 0.761865 0.460563 0.450542 0.790964 0.642610 0.813192 0.950758 0.673861 0.702702 0.809588 0.676453 0.564284 0.851627 0.487409 0.460065 0.599942 0.791005 0.539373 0.727760 0.646508 0.602411 0.848997 0.928673 0.708976 0.584793 0.813794 0.893695 0.758740 0.716416 0.785733 0.910816 0.778262 0.780500 0.586004 0.503635 0.988055 0.774471 0.576380 0.530292 0.772901 0.446534 0.789052 0.921546 0.934488 0.744458 0.624575 0.737893 0.545461 0.657498 0.475109 0.925379
0.389166 0.395827 0.530562 0.527832 0.942789 0.960623 0.439725 0.475981 0.748121 0.855701 0.691288 0.393717 0.469139 0.433234 0.504941 0.626536 0.382155 0.423814 0.240153 0.426469 0.589083 0.966468 0.322840 0.514895 0.626611 0.709465 0.710540 0.957389 0.418144 0.495508 0.435963 0.385601 0.000000 0.275153 0.623212 0.935485 0.735689 0.910857 0.962037 0.779655 0.925937 0.707463 0.415710 0.352621 0.570881 0.417975 0.280549 0.297333 0.372315 0.307351 0.374280 0.342491 0.582601 0.817692 0.360556 0.309557 0.355534 0.363887 0.287291 0.324866 0.430350 0.492084 0.270359 0.260381 0.578002 0.639635 0.371745 0.465414 0.602759 0.505314 0.967646 0.825295 0.674945 0.719321 0.825884 0.627128 0.634594 0.750130 0.308682 0.361744 0.373096 0.558093 0.400374 0.468275 0.393037 0.400783 0.925110 0.675366 0.613521 0.448987 0.678875 0.875161 0.624682 0.647507 0.722961 0.840926 0.767846 0.861296 0.632299 0.527257 0.930256 0.828583 0.646941 0.511753 0.583377 0.442432 0.754547 0.902855 0.825295 0.719903 0.631194 0.637398 0.708264 0.608183 0.513503 0.867047
0.477867 0.427836 0.528448 0.526355 0.958657 0.883944 0.394589 0.417127 0.790074 0.778043 0.697691 0.375963 0.439121 0.388799 0.406045 0.494289 0.388321 0.426788 0.312539 0.470376 0.654223 0.908061 0.326281 0.529626 0.667001 0.667376 0.655316 0.984028 0.361473 0.392555 0.376757 0.389182 0.275153 0.000000 0.626597 0.890651 0.628982 0.819445 0.907499 0.825425 0.966076 0.663250 0.413967 0.345646 0.560913 0.444277 0.305473 0.347948 0.423984 0.349138 0.381548 0.353409 0.515993 0.731609 0.378089 0.321900 0.439471 0.434475 0.371065 0.455742 0.385081 0.380524 0.282671 0.240533 0.602141 0.568553 0.408609 0.482384 0.731827 0.597557 0.856685 0.944050 0.616079 0.626822 0.785283 0.635132 0.578110 0.706007 0.355524 0.387737 0.432988 0.643786 0.452757 0.553603 0.484387 0.470964 0.927442 0.743392 0.568927 0.502844 0.681052 0.833268 0.591277 0.580412 0.741127 0.823309 0.846721 0.872455 0.634517 0.521497 0.877452 0.801924 0.668965 0.583434 0.649542 0.469647 0.626970 0.929593 0.927162 0.735658 0.687543 0.655378 0.726438 0.685006 0.420784 0.955069
0.776087 0.735232 0.664010 0.598387 0.925118 0.988050 0.664330 0.631531 0.947944 0.892048 0.894950 0.763893 0.792468 0.786757 0.824955 0.863009 0.835145 0.861731 0.661688 0.838202 0.975981 0.974786 0.547528 0.711202 0.674812 0.713370 0.804591 0.939081 0.924362 0.943037 0.608057 0.657422 0.623212 0.626597 0.000000 0.962392 0.695866 0.965627 0.854623 0.812467 0.959557 0.752985 0.561454 0.535939 0.722972 0.647887 0.572885 0.589030 0.690381 0.580965 0.598076 0.605160 0.691623 0.784900 0.710778 0.564810 0.749466 0.743578 0.609278 0.611185 0.784770 0.764326 0.710388 0.675482 0.862714 0.849999 0.546007 0.621646 0.887877 0.745043 0.795373 0.995549 0.862704 0.749398 0.952618 0.801678 0.583858 0.760838 0.738692 0.753614 0.810109 0.888898 0.861314 0.799904 0.778173 0.699159 0.912332 0.956359 0.630847 0.651700 0.898627 0.982358 0.930059 0.804425 0.757923 0.992551 0.783677 0.815979 0.669760 0.579243 0.963530 0.924102 0.607227 0.649688 0.645555 0.705503 0.801922 0.971510 0.995839 0.717324 0.596580 0.715400 0.649557 0.821488 0.544682 0.976724
0.849834 0.865716 0.873223 0.881067 0.726441 0.912857 0.985307 0.932361 0.964596 0.942290 0.944344 0.911831 0.930609 0.970739 0.941847 0.968476 0.928352 0.943839 0.942036 0.970549 0.876981 0.960451 0.987971 0.935336 0.925860 0.959594 0.889536 0.959990 0.999627 0.925315 0.866493 0.991633 0.935485 0.890651 0.962392 0.000000 0.813229 0.886038 0.993697 0.876658 0.737572 0.864321 0.983424 0.940141 0.894013 0.954152 0.999438 0.902965 0.953842 0.994745 0.990166 0.997050 0.899241 0.808389 0.972228 0.912479 0.803255 0.831027 0.927151 0.850845 0.945163 0.998010 0.962981 0.942181 0.817339 0.941751 0.934837 0.883217 0.784363 0.917846 0.866455 0.747811 0.836626 0.883093 0.853119 0.966712 0.993761 0.858228 0.993140 0.996401 0.853431 0.874552 0.934333 0.923971 0.896022 0.949508 0.965513 0.982847 0.908883 0.988697 0.886114 0.842074 0.865502 0.863362 0.906159 0.737290 0.851538 0.712403 0.888654 0.845688 0.787843 0.844052 0.801456 0.807359 0.944962 0.885905 0.944414 0.996920 0.844531 0.934459 0.925804 0.903729 0.979865 0.946636 0.915833 0.724242
0.794665 0.744019 0.642299 0.525758 0.828923 0.843867 0.861556 0.751283 0.770793 0.961908 0.953651 0.857499 0.965626 0.766719 0.961607 0.839904 0.743010 0.801398 0.732124 0.785712 0.777489 0.877641 0.794761 0.793220 0.560086 0.501095 0.727258 0.822935 0.959587 0.827211 0.626418 0.707034 0.735689 0.628982 0.695866 0.813229 0.000000 0.628386 0.623293 0.762426 0.989029 0.701955 0.671684 0.593682 0.925859 0.825376 0.694528 0.627645 0.926649 0.788556 0.826654 0.781330 0.847407 0.869478 0.734978 0.671974 0.768221 0.758142 0.746097 0.779739 0.985560 0.884223 0.862293 0.773084 0.922485 0.822361 0.745496 0.767740 0.773399 0.620167 0.833025 0.816505 0.630604 0.689517 0.950465 0.797103 0.731173 0.836070 0.657551 0.764468 0.767101 0.816309 0.815895 0.777736 0.892954 0.729604 0.821641 0.924700 0.654945 0.706683 0.827884 0.856253 0.823424 0.815201 0.888649 0.824139 0.891333 0.754485 0.844637 0.731241 0.894875 0.953729 0.740918 0.571354 0.697537 0.564826 0.659701 0.799333 0.994222 0.855890 0.933782 0.849675 0.866491 0.755481 0.679912 0.940858
0.867857 0.803503 0.766404 0.713124 0.827533 0.785562 0.939983 0.825609 0.849908 0.837315 0.945809 0.924977 0.998822 0.851988 0.960923 0.874864 0.897785 0.889460 0.933975 0.811609 0.801950 0.986828 0.974925 0.845531 0.710374 0.607659 0.919198 0.854352 0.977174 0.888221 0.907796 0.840727 0.910857 0.819445 0.965627 0.886038 0.628386 0.000000 0.805261 0.998535 0.944907 0.596752 0.918458 0.871201 0.869335 0.899938 0.968152 0.969203 0.885258 0.950113 0.956888 0.976445 0.970083 0.989663 0.949344 0.894170 0.847023 0.819882 0.969323 0.945833 0.928699 0.906823 0.982035 0.887465 0.952203 0.784078 0.944509 0.954109 0.751222 0.597339 0.852488 0.957754 0.805653 0.770113 0.841636 0.964342 0.876792 0.994719 0.743750 0.779852 0.841229 0.799910 0.831048 0.843970 0.997891 0.878696 0.767576 0.946460 0.731371 0.809419 0.909441 0.820615 0.961648 0.830672 0.868927 0.853194 0.990644 0.859036 0.974519 0.914000 0.946459 0.953706 0.954934 0.870833 0.908634 0.765220 0.772097 0.745869 0.909949 0.919537 0.849000 0.859010 0.889758 0.768308 0.947185 0.831723
