0.000000 0.524765 0.636601 0.660647 0.822099 0.884326 0.636435 0.605792 0.897218 0.768363 0.591425 0.664563 0.749370 0.898872 0.936473 0.895374 0.517298 0.472152 0.625372 0.629792 0.713095 0.962758 0.806635 0.648436 0.891084 0.777140 0.966532 0.753061 0.869534 0.899766 0.914492 0.803557 0.567990 0.605192 0.638363 0.937699 0.741226 0.860751 0.885825 0.856027 0.615849 0.833832 0.747661 0.734271 0.814893 0.663200 0.557015 0.688177 0.782090 0.889839 0.858128 0.960526 0.994344 0.996621 0.696011 0.609756 0.455154 0.564447 0.477763 0.706811 0.559098 0.635914 0.597937 0.548438 0.813964 0.738211 0.651866 0.755903 0.673003 0.652206 0.875095 0.992871 0.986338 0.838539 0.999393 0.919307 0.866061 0.757125 0.578870 0.956164 0.486706 0.528675 0.940844 0.708629 0.837239 0.768101 0.857744 0.806921 0.751960 0.583767 0.806808 0.986866 0.803659 0.924827 0.782446 0.735120 0.698615 0.797719 0.615398 0.714278 0.884504 0.976896 0.598342 0.644377 0.977409 0.703337 0.970101 0.760991 0.953077 0.925259 0.934369 0.720533 0.866489 0.869088 0.951545 0.968132
0.524765 0.000000 0.794814 0.718491 0.750162 0.798992 0.905222 0.755344 0.994938 0.968127 0.857201 0.718869 0.693710 0.677289 0.886893 0.837667 0.626501 0.647268 0.682761 0.696612 0.833142 0.824163 0.909681 0.906854 0.821903 0.708020 0.959215 0.741830 0.964922 0.933196 0.914153 0.883634 0.668372 0.824636 0.779281 0.928371 0.756646 0.867361 0.976115 0.954184 0.752589 0.839694 0.672343 0.592599 0.834281 0.700862 0.700934 0.668634 0.724098 0.737468 0.772120 0.823042 0.823908 0.809363 0.734186 0.816688 0.535437 0.533855 0.617903 0.660301 0.814340 0.754019 0.894172 0.816456 0.795178 0.712104 0.869319 0.811280 0.661815 0.597630 0.753911 0.809004 0.861892 0.980599 0.996835 0.905318 0.777575 0.660066 0.685811 0.923586 0.697638 0.752347 0.906379 0.865117 0.987961 0.805471 0.962227 0.865089 0.844707 0.718685 0.898133 0.958827 0.859734 0.931059 0.816584 0.833664 0.711221 0.841577 0.733358 0.756077 0.919609 0.863024 0.694808 0.663492 0.868149 0.764373 0.851052 0.706904 0.878897 0.801197 0.996286 0.802242 0.754505 0.816261 0.739753 0.878654
0.636601 0.794814 0.000000 0.401170 0.995055 0.970334 0.439274 0.682767 0.818043 0.954837 0.819483 0.984272 0.988748 0.829299 0.833874 0.685711 0.851101 0.724280 0.776213 0.780427 0.738751 0.843455 0.964591 0.977690 0.660203 0.639901 0.847612 0.795798 0.893331 0.802262 0.858024 0.911457 0.568082 0.739538 0.613342 0.828136 0.722458 0.800055 0.751593 0.706909 0.738520 0.719455 0.679205 0.672044 0.789348 0.753876 0.707762 0.726091 0.999102 0.927133 0.773440 0.848770 0.956800 0.843109 0.782150 0.685253 0.722670 0.847565 0.671042 0.766094 0.676779 0.879682 0.917610 0.955330 0.446931 0.617841 0.422715 0.542531 0.897083 0.766945 0.800979 0.814567 0.945480 0.968708 0.885503 0.927859 0.750881 0.830631 0.774966 0.980703 0.702775 0.632138 0.935615 0.831910 0.678214 0.544943 0.905925 0.840577 0.758963 0.667652 0.568545 0.636301 0.477576 0.564824 0.809342 0.723851 0.645703 0.771551 0.672116 0.688676 0.897482 0.816478 0.723191 0.703144 0.767410 0.598345 0.994594 0.727358 0.943332 0.882651 0.788110 0.753801 0.823252 0.924360 0.901238 0.882120
0.660647 0.718491 0.401170 0.000000 0.898403 0.736248 0.540832 0.546451 0.920021 0.958406 0.842579 0.877322 0.926112 0.994792 0.752178 0.815163 0.990844 0.796079 0.821097 0.807586 0.744507 0.764928 0.952286 0.959391 0.712335 0.652582 0.864969 0.804197 0.801725 0.810932 0.901867 0.840154 0.669342 0.706111 0.619128 0.845703 0.831417 0.862344 0.665442 0.628176 0.734491 0.811673 0.587262 0.590652 0.823843 0.763096 0.646878 0.631842 0.987922 0.981925 0.773372 0.890419 0.984703 0.936052 0.847300 0.681221 0.872658 0.924786 0.696374 0.629099 0.723107 0.753747 0.969413 0.997458 0.500463 0.454391 0.418541 0.442762 0.986657 0.764181 0.632106 0.646190 0.893124 0.980370 0.969109 0.929408 0.633610 0.786739 0.808210 0.935693 0.799361 0.775493 0.755901 0.975989 0.896792 0.648503 0.819037 0.650426 0.934160 0.670252 0.567446 0.647539 0.449198 0.552862 0.802635 0.700883 0.622423 0.768341 0.567593 0.693036 0.804260 0.788307 0.699602 0.619809 0.711975 0.600847 0.979600 0.722410 0.932616 0.885685 0.775658 0.758534 0.895496 0.854806 0.870757 0.810043
0.822099 0.750162 0.995055 0.898403 0.000000 0.897847 0.836441 0.982168 0.630533 0.803339 0.923816 0.942448 0.909585 0.949595 0.769156 0.908457 0.888217 0.966672 0.944841 0.931802 0.815844 0.874909 0.585682 0.705497 0.849982 0.744954 0.983140 0.639468 0.797145 0.802490 0.893317 0.798489 0.972244 0.984412 0.979885 0.929156 0.877039 0.693597 0.952671 0.894001 0.833858 0.864960 0.661080 0.661088 0.947680 0.849033 0.768466 0.738968 0.845427 0.840443 0.893464 0.969163 0.912597 0.875867 0.911973 0.892287 0.917857 0.960362 0.781730 0.860914 0.786484 0.909250 0.863203 0.923071 0.860902 0.949304 0.887395 0.860798 0.773270 0.831788 0.867905 0.923263 0.788298 0.771356 0.897023 0.957224 0.931898 0.728972 0.979507 0.889919 0.965442 0.877765 0.714711 0.798386 0.668149 0.721233 0.846349 0.725125 0.891574 0.976126 0.957649 0.961903 0.953572 0.888987 0.997020 0.925300 0.990394 0.810978 0.917001 0.930296 0.937827 0.813964 0.712528 0.780268 0.988911 0.817621 0.936373 0.844674 0.814435 0.993726 0.950719 0.995009 0.917986 0.954026 0.952552 0.813136
0.884326 0.798992 0.970334 0.736248 0.897847 0.000000 0.998517 0.746409 0.982532 0.922166 0.923795 0.764841 0.777244 0.754026 0.960540 0.756131 0.907132 0.972114 0.951784 0.904290 0.953581 0.776490 0.885574 0.911998 0.966504 0.921248 0.854141 0.771894 0.867229 0.930165 0.971397 0.875980 0.972093 0.948485 0.908125 0.998848 0.957046 0.920358 0.851116 0.825926 0.869967 0.921563 0.954190 0.968330 0.907331 0.939276 0.939891 0.949134 0.863266 0.845038 0.932750 0.887899 0.981547 0.930176 0.961982 0.919328 0.949444 0.980183 0.955488 0.811246 0.881381 0.740969 0.907797 0.932148 0.901939 0.665622 0.903022 0.837495 0.889939 0.963127 0.694949 0.682494 0.994355 0.989132 0.993190 0.900371 0.784020 0.829069 0.977276 0.962751 0.958889 0.899687 0.644999 0.782729 0.770546 0.977777 0.905576 0.666037 0.966913 0.979916 0.916410 0.969110 0.793211 0.918372 0.946783 0.998493 0.916609 0.880611 0.826390 0.925629 0.849142 0.836911 0.897686 0.855614 0.774744 0.850815 0.950438 0.993720 0.874749 0.939842 0.944502 0.958955 0.986085 0.901770 0.701127 0.827947
0.636435 0.905222 0.439274 0.540832 0.836441 0.998517 0.000000 0.491724 0.663155 0.564439 0.698935 0.840410 0.894717 0.813324 0.786837 0.697454 0.737408 0.616704 0.671543 0.809356 0.942811 0.993332 0.888805 0.943398 0.999245 0.969048 0.943474 0.940537 0.867671 0.870608 0.831196 0.971573 0.504112 0.531827 0.647514 0.888428 0.990954 0.920404 0.921716 0.872136 0.742746 0.883032 0.841570 0.846141 0.615014 0.600463 0.801114 0.773339 0.915320 0.959412 0.991529 0.877726 0.878928 0.952219 0.781362 0.721157 0.830774 0.985853 0.814398 0.951987 0.404632 0.627754 0.571491 0.632885 0.653897 0.693919 0.507883 0.625323 0.940179 0.921834 0.951534 0.943560 0.961779 0.971035 0.863997 0.889966 0.885523 0.970613 0.756595 0.844677 0.538367 0.501634 0.944295 0.707709 0.582777 0.591641 0.866530 0.941037 0.874183 0.766285 0.516173 0.734127 0.534948 0.759422 0.729580 0.786575 0.718126 0.849599 0.542520 0.641892 0.898200 0.948949 0.772455 0.699859 0.899762 0.758396 0.779819 0.897724 0.850932 0.939137 0.722590 0.675666 0.860415 0.869968 0.882997 0.904042
0.605792 0.755344 0.682767 0.546451 0.982168 0.746409 0.491724 0.000000 0.899007 0.504149 0.522707 0.472346 0.773420 0.879599 0.665163 0.911471 0.711832 0.646915 0.725541 0.759827 0.998889 0.983892 0.811287 0.784202 0.798196 0.903430 0.908642 0.908534 0.812608 0.729988 0.983723 0.885173 0.686501 0.434346 0.741704 0.897817 0.929152 0.814145 0.819563 0.736767 0.757610 0.979626 0.818009 0.808780 0.725337 0.662296 0.739456 0.696015 0.913742 0.778973 0.840272 0.667314 0.672175 0.643374 0.717756 0.708255 0.949434 0.997737 0.738929 0.736514 0.422942 0.350474 0.638935 0.567640 0.900566 0.530846 0.609646 0.534192 0.831387 0.848583 0.805051 0.890314 0.996487 0.942364 0.913643 0.936534 0.769500 0.834819 0.798955 0.882882 0.673448 0.707169 0.793728 0.869785 0.977570 0.855110 0.719130 0.667284 0.974080 0.770764 0.728252 0.982252 0.704438 0.991598 0.742150 0.886134 0.775846 0.854759 0.507610 0.761158 0.719285 0.989039 0.684502 0.712640 0.956689 0.800472 0.768366 0.984515 0.883315 0.949199 0.753751 0.740728 0.893412 0.779347 0.916389 0.986286
0.897218 0.994938 0.818043 0.920021 0.630533 0.982532 0.663155 0.899007 0.000000 0.791402 0.934787 0.976728 0.781584 0.911205 0.828986 0.985355 0.824173 0.818502 0.891335 0.983239 0.913558 0.951829 0.681919 0.862336 0.993981 0.986292 0.975201 0.949002 0.868630 0.896642 0.858524 0.918511 0.815819 0.958506 0.923652 0.879867 0.980343 0.821109 0.967303 0.871559 0.921848 0.900924 0.860776 0.873910 0.951724 0.969554 0.928821 0.853542 0.995374 0.948521 0.982166 0.966818 0.835179 0.763294 0.961530 0.943582 0.856172 0.864530 0.928273 0.902958 0.651842 0.853145 0.750237 0.817442 0.688861 0.879781 0.997411 0.862841 0.981221 0.937238 0.928334 0.824318 0.870634 0.975386 0.982364 0.966731 0.977928 0.935269 0.745176 0.900022 0.761911 0.745725 0.696723 0.755146 0.580130 0.563391 0.829744 0.804369 0.849797 0.825700 0.819523 0.857686 0.890100 0.897798 0.960451 0.940598 0.892809 0.950639 0.977561 0.787180 0.862270 0.951412 0.979402 0.916770 0.869558 0.965291 0.942383 0.954616 0.877345 0.988101 0.815332 0.929698 0.935900 0.852777 0.950529 0.839088
0.768363 0.968127 0.954837 0.958406 0.803339 0.922166 0.564439 0.504149 0.791402 0.000000 0.586943 0.636961 0.903520 0.994736 0.786708 0.902905 0.660079 0.660453 0.709953 0.855303 0.897212 0.834997 0.999365 0.813736 0.559899 0.615107 0.805811 0.694351 0.652929 0.594518 0.957896 0.965952 0.785650 0.571699 0.853062 0.910397 0.760715 0.697816 0.871133 0.960397 0.884424 0.921768 0.808564 0.859532 0.734562 0.748063 0.906726 0.950175 0.861044 0.795442 0.710052 0.616789 0.686588 0.638279 0.801733 0.854149 0.972991 0.925855 0.924211 0.997201 0.459882 0.495887 0.428258 0.422474 0.825406 0.926883 0.843789 0.855438 0.828590 0.990974 0.912994 0.815002 0.910258 0.973040 0.945463 0.862917 0.885351 0.842251 0.848620 0.723454 0.617359 0.665587 0.968716 0.720725 0.851164 0.978761 0.814675 0.972400 0.917544 0.895899 0.798467 0.894811 0.926764 0.814826 0.806843 0.934198 0.979979 0.964988 0.693376 0.784798 0.891365 0.849050 0.790647 0.838127 0.948372 0.934384 0.645924 0.811479 0.937542 0.999409 0.908228 0.817366 0.997549 0.889018 0.778392 0.791846
0.591425 0.857201 0.819483 0.842579 0.923816 0.923795 0.698935 0.522707 0.934787 0.586943 0.000000 0.476822 0.746376 0.986870 0.647549 0.841920 0.600244 0.673969 0.836650 0.790255 0.925251 0.864771 0.595740 0.562721 0.826522 0.911289 0.827219 0.990258 0.810989 0.834465 0.812405 0.753848 0.796580 0.520164 0.768467 0.964415 0.901269 0.942102 0.957748 0.833159 0.733456 0.840556 0.955119 0.941947 0.896399 0.774843 0.772894 0.900068 0.944205 0.777520 0.702537 0.617974 0.583516 0.571684 0.712064 0.677436 0.882638 0.931517 0.723019 0.843989 0.551844 0.499628 0.616111 0.532016 0.856733 0.838680 0.761557 0.798641 0.898732 0.688845 0.862803 0.914066 0.807518 0.907771 0.894594 0.895738 0.911216 0.885678 0.747725 0.882334 0.683471 0.785980 0.848260 0.828050 0.873599 0.910788 0.753825 0.690121 0.944669 0.834239 0.832559 0.813346 0.871760 0.902088 0.806378 0.874998 0.798245 0.824036 0.733379 0.904798 0.816722 0.963720 0.625922 0.804468 0.901233 0.873762 0.773555 0.982445 0.895068 0.907816 0.968998 0.825933 0.930646 0.852799 0.913449 0.921652
0.664563 0.718869 0.984272 0.877322 0.942448 0.764841 0.840410 0.472346 0.976728 0.636961 0.476822 0.000000 0.534913 0.622415 0.857041 0.803071 0.679349 0.707510 0.699590 0.788723 0.909799 0.870653 0.683535 0.753038 0.706646 0.771717 0.911391 0.946376 0.789038 0.704977 0.745171 0.839363 0.908958 0.598608 0.902753 0.978764 0.922014 0.744076 0.926865 0.904241 0.831279 0.940595 0.912901 0.874886 0.900945 0.790381 0.796275 0.864859 0.954725 0.741723 0.739459 0.612661 0.706474 0.644041 0.709641 0.807438 0.910063 0.913304 0.834888 0.883575 0.556846 0.431352 0.642811 0.569005 0.828165 0.747403 0.954785 0.898315 0.962885 0.725589 0.971501 0.993409 0.998507 0.983062 0.898675 0.972382 0.805054 0.750671 0.806836 0.842258 0.750970 0.855136 0.831471 0.924814 0.774488 0.916319 0.788487 0.703946 0.986695 0.940629 0.997673 0.743590 0.999345 0.769034 0.826153 0.921064 0.884927 0.929279 0.756237 0.999703 0.744093 0.889265 0.735719 0.868888 0.923933 0.990299 0.835438 0.974391 0.928351 0.944853 0.975836 0.900483 0.920915 0.855430 0.928813 0.979484
0.749370 0.693710 0.988748 0.926112 0.909585 0.777244 0.894717 0.773420 0.781584 0.903520 0.746376 0.534913 0.000000 0.553809 0.759606 0.608129 0.791783 0.799343 0.661524 0.828194 0.914502 0.992035 0.994394 0.947632 0.853598 0.916422 0.991476 0.976286 0.813986 0.852785 0.944039 0.954393 0.909114 0.805029 0.986338 0.922247 0.928692 0.827442 0.977210 0.926286 0.861930 0.930060 0.934067 0.904274 0.982689 0.810157 0.854728 0.982484 0.971200 0.934652 0.897074 0.891182 0.976834 0.910213 0.820766 0.838729 0.840251 0.830450 0.944067 0.984927 0.639840 0.606438 0.823261 0.801591 0.980211 0.742190 0.908116 0.895258 0.837226 0.810249 0.987734 0.986999 0.821379 0.979131 0.954637 0.826624 0.798332 0.738098 0.855678 0.916567 0.834545 0.872071 0.953456 0.964869 0.992234 0.831568 0.949562 0.936914 0.921704 0.940346 0.914834 0.919723 0.929889 0.909114 0.988876 0.927388 0.856750 0.934676 0.878684 0.973921 0.957453 0.904021 0.901932 0.964278 0.913762 0.902152 0.897198 0.991627 0.931209 0.957879 0.968078 0.958600 0.803205 0.778083 0.965413 0.948695
0.898872 0.677289 0.829299 0.994792 0.949595 0.754026 0.813324 0.879599 0.911205 0.994736 0.986870 0.622415 0.553809 0.000000 0.724864 0.552716 0.941702 0.902861 0.664452 0.782597 0.924671 0.961067 0.980520 0.870243 0.873995 0.975969 0.889263 0.936896 0.839299 0.827893 0.982900 0.846659 0.903538 0.958201 0.972315 0.991683 0.831562 0.830317 0.934856 0.982343 0.850927 0.839005 0.886712 0.833690 0.914111 0.950890 0.824255 0.878062 0.987032 0.920860 0.938941 0.950209 0.932370 0.959740 0.863492 0.878450 0.940036 0.915623 0.922890 0.903371 0.950692 0.766646 0.995583 0.967956 0.914679 0.794442 0.816629 0.933557 0.894766 0.880422 0.836357 0.830842 0.804529 0.903256 0.990970 0.828080 0.694172 0.785138 0.897958 0.967598 0.983426 0.977834 0.904434 0.923518 0.803576 0.986117 0.918866 0.977046 0.943881 0.989122 0.882319 0.862706 0.898048 0.851825 0.909755 0.951250 0.962986 0.945436 0.983063 0.984833 0.867114 0.916117 0.947512 0.985654 0.982003 0.924996 0.869211 0.998955 0.873919 0.923619 0.971675 0.993564 0.934935 0.972449 0.894257 0.912286
0.936473 0.886893 0.833874 0.752178 0.769156 0.960540 0.786837 0.665163 0.828986 0.786708 0.647549 0.857041 0.759606 0.724864 0.000000 0.566710 0.979153 0.924322 0.865189 0.937360 0.909799 0.990078 0.546844 0.655553 0.977333 0.959409 0.804399 0.985735 0.819339 0.889409 0.760961 0.739308 0.986796 0.747527 0.888773 0.963117 0.957025 0.925754 0.927587 0.809493 0.841807 0.855450 0.816438 0.858383 0.836962 0.862183 0.952400 0.892027 0.989492 0.825844 0.918661 0.765167 0.562272 0.546916 0.878570 0.834688 0.822564 0.738185 0.788088 0.803460 0.893518 0.802072 0.990776 0.911910 0.880355 0.853398 0.631775 0.622677 0.849373 0.884949 0.981808 0.977452 0.784661 0.928163 0.865286 0.875869 0.949809 0.993299 0.927405 0.964170 0.948523 0.879761 0.651896 0.819526 0.731210 0.753756 0.698869 0.616316 0.909783 0.983993 0.793935 0.920971 0.736181 0.826485 0.889324 0.911769 0.856913 0.813009 0.749236 0.841427 0.703153 0.892177 0.710688 0.817058 0.990063 0.833503 0.742959 0.900750 0.937685 0.960409 0.772170 0.885199 0.977046 0.858456 0.926601 0.889891
0.895374 0.837667 0.685711 0.815163 0.908457 0.756131 0.697454 0.911471 0.985355 0.902905 0.841920 0.803071 0.608129 0.552716 0.566710 0.000000 0.938179 0.930717 0.902866 0.977852 0.892688 0.983273 0.799064 0.702711 0.872796 0.919562 0.884319 0.983475 0.905446 0.845734 0.939310 0.763441 0.918455 0.896688 0.731091 0.963419 0.912602 0.878697 0.976032 0.889517 0.907608 0.741691 0.892866 0.902733 0.771658 0.834322 0.954323 0.881474 0.850686 0.956722 0.968998 0.985030 0.772932 0.814309 0.969534 0.791475 0.974644 0.879369 0.782930 0.994336 0.961915 0.930652 0.878873 0.889697 0.947102 0.880633 0.698377 0.810755 0.968184 0.947460 0.880609 0.920190 0.713889 0.822794 0.904827 0.783031 0.893468 0.822778 0.999428 0.945532 0.832249 0.831006 0.950703 0.907530 0.907127 0.967319 0.820341 0.858463 0.909483 0.815322 0.787086 0.845415 0.760055 0.793744 0.867648 0.747968 0.860654 0.830798 0.845456 0.799846 0.934868 0.932203 0.842712 0.850439 0.971442 0.799863 0.828969 0.883565 0.989979 0.992224 0.847287 0.794926 0.801697 0.926979 0.892792 0.966085
0.517298 0.626501 0.851101 0.990844 0.888217 0.907132 0.737408 0.711832 0.824173 0.660079 0.600244 0.679349 0.791783 0.941702 0.979153 0.938179 0.000000 0.457988 0.709166 0.610607 0.928067 0.897238 0.949073 0.780926 0.894349 0.933266 0.936689 0.935946 0.673236 0.700651 0.979080 0.914358 0.661691 0.708430 0.747558 0.963951 0.810845 0.889498 0.845925 0.886220 0.839235 0.927463 0.959225 0.951317 0.822766 0.748479 0.809407 0.847593 0.768776 0.906972 0.978201 0.958414 0.958279 0.936627 0.658520 0.745797 0.562909 0.574763 0.607985 0.827111 0.567066 0.613114 0.497761 0.449018 0.985411 0.883244 0.889084 0.949183 0.783331 0.666062 0.923723 0.798470 0.988737 0.932877 0.901317 0.920972 0.996007 0.985959 0.689957 0.871138 0.480189 0.543282 0.882132 0.571395 0.771036 0.839290 0.900523 0.936733 0.768804 0.698544 0.936447 0.809099 0.933111 0.814975 0.802741 0.788560 0.796482 0.957376 0.773879 0.822494 0.984979 0.831339 0.713448 0.830549 0.951868 0.911692 0.832201 0.940417 0.970342 0.893190 0.978792 0.774090 0.860947 0.943065 0.976002 0.917933
0.472152 0.647268 0.724280 0.796079 0.966672 0.972114 0.616704 0.646915 0.818502 0.660453 0.673969 0.707510 0.799343 0.902861 0.924322 0.930717 0.457988 0.000000 0.641067 0.643272 0.888238 0.926467 0.964124 0.813695 0.982475 0.962507 0.931148 0.970377 0.659078 0.640296 0.842221 0.968111 0.589504 0.619269 0.691340 0.846953 0.804109 0.943868 0.973359 0.931045 0.767978 0.873002 0.909699 0.858532 0.778197 0.708696 0.606608 0.722456 0.739724 0.904545 0.947079 0.988336 0.964235 0.989692 0.583151 0.656843 0.501845 0.626797 0.601827 0.812475 0.525248 0.625324 0.444173 0.450841 0.849961 0.842023 0.785482 0.835553 0.830596 0.727910 0.970882 0.878385 0.975536 0.860447 0.984909 0.912480 0.999354 0.971082 0.640017 0.904917 0.345734 0.395673 0.814424 0.501233 0.663612 0.690612 0.963409 0.960351 0.729733 0.604924 0.919660 0.829662 0.989540 0.860551 0.751021 0.752126 0.858452 0.914961 0.740251 0.785261 0.981550 0.860576 0.776928 0.808918 0.933240 0.764445 0.879559 0.988372 0.900810 0.871954 0.979968 0.760966 0.877209 0.936835 0.967990 0.924611
0.625372 0.682761 0.776213 0.821097 0.944841 0.951784 0.671543 0.725541 0.891335 0.709953 0.836650 0.699590 0.661524 0.664452 0.865189 0.902866 0.709166 0.641067 0.000000 0.693017 0.993240 0.996475 0.871334 0.900683 0.926740 0.993375 0.923938 0.924401 0.743572 0.765609 0.821647 0.835556 0.655809 0.702525 0.760658 0.926212 0.978362 0.862270 0.970466 0.931548 0.853581 0.994856 0.944863 0.845787 0.880838 0.754998 0.764417 0.807172 0.962448 0.965908 0.963994 0.976025 0.990612 0.921243 0.732138 0.750288 0.738116 0.808854 0.927424 0.958001 0.593211 0.703731 0.593192 0.661630 0.872950 0.797537 0.901261 0.920194 0.821186 0.831866 0.942550 0.930181 0.817759 0.926381 0.978650 0.964424 0.863771 0.840452 0.680895 0.966832 0.583209 0.590844 0.897142 0.794280 0.719826 0.733111 0.898676 0.932278 0.913300 0.862228 0.825645 0.965698 0.859565 0.998696 0.886515 0.924622 0.794521 0.978691 0.754529 0.754858 0.976389 0.820879 0.782890 0.890784 0.957521 0.831957 0.902293 0.878247 0.909876 0.924553 0.955636 0.824740 0.857747 0.942263 0.999542 0.814317
0.629792 0.696612 0.780427 0.807586 0.931802 0.904290 0.809356 0.759827 0.983239 0.855303 0.790255 0.788723 0.828194 0.782597 0.937360 0.977852 0.610607 0.643272 0.693017 0.000000 0.788231 0.982848 0.982802 0.945193 0.992292 0.924363 0.993347 0.958506 0.820784 0.895666 0.795307 0.964707 0.742018 0.786470 0.727722 0.996948 0.769716 0.880853 0.942926 0.905944 0.889096 0.945968 0.852465 0.804370 0.911759 0.776436 0.708038 0.640129 0.848776 0.810665 0.823394 0.812676 0.949343 0.953220 0.802825 0.705195 0.710318 0.670901 0.637225 0.640098 0.782139 0.745380 0.791730 0.740045 0.894649 0.759463 0.779694 0.785003 0.808399 0.771523 0.874350 0.945618 0.862932 0.918961 0.904269 0.975354 0.861541 0.989324 0.664944 0.988899 0.675183 0.717726 0.906845 0.774458 0.884681 0.817319 0.843757 0.930640 0.839212 0.702990 0.855522 0.996971 0.900182 0.967316 0.946338 0.812329 0.740459 0.894954 0.700138 0.857657 0.816344 0.896736 0.659729 0.782493 0.962901 0.839375 0.989565 0.834164 0.957197 0.970500 0.822252 0.811761 0.865740 0.962582 0.925882 0.979394
0.713095 0.833142 0.738751 0.744507 0.815844 0.953581 0.942811 0.998889 0.913558 0.897212 0.925251 0.909799 0.914502 0.924671 0.909799 0.892688 0.928067 0.888238 0.993240 0.788231 0.000000 0.872543 0.833791 0.782196 0.740050 0.686327 0.997887 0.815634 0.781039 0.686974 0.975502 0.845679 0.841997 0.963400 0.751176 0.997648 0.715093 0.764751 0.839078 0.955271 0.868931 0.872312 0.685560 0.734161 0.984653 0.939848 0.777868 0.834935 0.968769 0.835684 0.754007 0.793630 0.994921 0.924866 0.959168 0.974029 0.728983 0.805219 0.648677 0.799239 0.969979 0.913805 0.898394 0.909101 0.824015 0.889944 0.742112 0.815059 0.716331 0.761714 0.873410 0.890896 0.930885 0.813589 0.895722 0.973500 0.928460 0.902405 0.928448 0.880414 0.991696 0.999695 0.795952 0.926137 0.952577 0.985285 0.989130 0.822630 0.861534 0.765893 0.839987 0.856824 0.823019 0.801253 0.925673 0.723282 0.762737 0.872097 0.947557 0.901316 0.942950 0.908431 0.720251 0.803807 0.920556 0.791517 0.814380 0.810900 0.969912 0.886386 0.923589 0.835444 0.933613 0.972445 0.888070 0.776228
0.962758 0.824163 0.843455 0.764928 0.874909 0.776490 0.993332 0.983892 0.951829 0.834997 0.864771 0.870653 0.992035 0.961067 0.990078 0.983273 0.897238 0.926467 0.996475 0.982848 0.872543 0.000000 0.980260 0.967330 0.902353 0.778514 0.883799 0.751359 0.825907 0.802488 0.937693 0.838775 0.980460 0.970498 0.936564 0.900236 0.844618 0.810286 0.928852 0.855674 0.916148 0.836999 0.898334 0.915931 0.896185 0.928846 0.901059 0.967667 0.985868 0.829528 0.743840 0.750388 0.858832 0.840488 0.942586 0.940659 0.949650 0.949517 0.849260 0.685382 0.882362 0.987975 0.770011 0.797287 0.796148 0.745117 0.794224 0.797340 0.955824 0.991905 0.742739 0.708490 0.971771 0.964564 0.900804 0.899327 0.877217 0.868838 0.971986 0.985336 0.941354 0.900624 0.712650 0.845684 0.927647 0.889096 0.851270 0.858550 0.902201 0.918701 0.856654 0.866649 0.778785 0.753440 0.939739 0.994582 0.939830 0.998769 0.820624 0.815636 0.912018 0.782379 0.918261 0.922335 0.712734 0.752443 0.895782 0.771107 0.952901 0.960882 0.999345 0.825838 0.902415 0.981944 0.820673 0.941021
0.806635 0.909681 0.964591 0.952286 0.585682 0.885574 0.888805 0.811287 0.681919 0.999365 0.595740 0.683535 0.994394 0.980520 0.546844 0.799064 0.949073 0.964124 0.871334 0.982802 0.833791 0.980260 0.000000 0.434452 0.935656 0.996701 0.868146 0.847760 0.901991 0.839308 0.566878 0.568449 0.859954 0.862249 0.978393 0.928831 0.916046 0.914767 0.861551 0.852225 0.832352 0.839002 0.793861 0.790133 0.994832 0.933037 0.865381 0.878087 0.959449 0.868367 0.868492 0.765815 0.636950 0.558667 0.917166 0.855930 0.985080 0.982224 0.692077 0.802151 0.957636 0.839247 0.972450 0.908671 0.663365 0.974446 0.898529 0.898958 0.808149 0.779033 0.920730 0.985718 0.620510 0.756276 0.874099 0.984982 0.857306 0.860996 0.942204 0.995756 0.931560 0.782645 0.570813 0.765599 0.445287 0.559651 0.674801 0.481468 0.969140 0.978701 0.956877 0.811553 0.977785 0.974695 0.988253 0.965450 0.944019 0.754469 0.863999 0.943170 0.732847 0.948638 0.636665 0.812875 0.913743 0.902838 0.956377 0.947869 0.915765 0.962613 0.998544 0.905876 0.999040 0.955742 0.983430 0.784443
0.648436 0.906854 0.977690 0.959391 0.705497 0.911998 0.943398 0.784202 0.862336 0.813736 0.562721 0.753038 0.947632 0.870243 0.655553 0.702711 0.780926 0.813695 0.900683 0.945193 0.782196 0.967330 0.434452 0.000000 0.912231 0.976138 0.762839 0.935660 0.990135 0.967086 0.686942 0.563133 0.995491 0.780071 0.930530 0.925245 0.830477 0.953501 0.930544 0.896020 0.747207 0.876337 0.882615 0.885208 0.891585 0.843136 0.810050 0.854425 0.786397 0.957739 0.879940 0.780289 0.745112 0.612230 0.927290 0.823649 0.832930 0.875242 0.610793 0.876793 0.886257 0.829981 0.786918 0.677996 0.731856 0.846215 0.877226 0.958583 0.777563 0.755198 0.871884 0.946416 0.569668 0.655628 0.952228 0.889767 0.998464 0.934753 0.956462 0.883967 0.797563 0.925526 0.819859 0.907505 0.721687 0.704151 0.794585 0.656874 0.924263 0.862567 0.968287 0.819074 0.979191 0.926671 0.968896 0.860693 0.962256 0.818155 0.811184 0.899086 0.821813 0.949037 0.620691 0.760566 0.895938 0.883884 0.845021 0.976886 0.965800 0.960843 0.989883 0.805541 0.995639 0.948498 0.931313 0.919208
0.891084 0.821903 0.660203 0.712335 0.849982 0.966504 0.999245 0.798196 0.993981 0.559899 0.826522 0.706646 0.853598 0.873995 0.977333 0.872796 0.894349 0.982475 0.926740 0.992292 0.740050 0.902353 0.935656 0.912231 0.000000 0.410912 0.809908 0.612662 0.682854 0.658592 0.840951 0.992032 0.832484 0.828203 0.874408 0.802530 0.707867 0.666650 0.768865 0.831443 0.897015 0.747680 0.610784 0.610668 0.964882 0.942072 0.802110 0.893737 0.940661 0.711972 0.612702 0.607964 0.685504 0.631725 0.962122 0.869852 0.683540 0.807717 0.847611 0.907742 0.762411 0.663934 0.696821 0.637347 0.570754 0.870775 0.783651 0.832434 0.863401 0.813231 0.781856 0.800484 0.898337 0.922741 0.968199 0.993792 0.786707 0.812559 0.851246 0.764530 0.998367 0.982059 0.978074 0.948588 0.849614 0.777873 0.883129 0.979527 0.748835 0.779753 0.867763 0.690764 0.770780 0.605712 0.920723 0.735917 0.790091 0.812120 0.958693 0.875115 0.975214 0.804407 0.991925 0.902162 0.826590 0.816986 0.859883 0.694994 0.947655 0.880378 0.923943 0.978513 0.895541 0.936373 0.697697 0.724804
0.777140 0.708020 0.639901 0.652582 0.744954 0.921248 0.969048 0.903430 0.986292 0.615107 0.911289 0.771717 0.916422 0.975969 0.959409 0.919562 0.933266 0.962507 0.993375 0.924363 0.686327 0.778514 0.996701 0.976138 0.410912 0.000000 0.829938 0.621412 0.702446 0.640586 0.800626 0.917109 0.819952 0.932690 0.827646 0.821310 0.637417 0.625758 0.699358 0.813013 0.858558 0.749729 0.588061 0.623070 0.897262 0.960230 0.811213 0.789987 0.965077 0.735424 0.648570 0.637210 0.781792 0.665696 0.911483 0.845374 0.738818 0.749781 0.798915 0.776195 0.832387 0.786321 0.725078 0.727407 0.561952 0.811823 0.736564 0.804394 0.766598 0.853659 0.779312 0.793436 0.923094 0.875130 0.979910 0.960903 0.718159 0.700735 0.809030 0.714012 0.974980 0.944993 0.970261 0.986660 0.923174 0.774285 0.939368 0.877351 0.699149 0.719804 0.837181 0.718342 0.742733 0.599971 0.866351 0.729236 0.781277 0.736203 0.910841 0.889288 0.971920 0.757370 0.855824 0.808882 0.868472 0.731018 0.791641 0.686638 0.898600 0.907924 0.953082 0.872858 0.893039 0.981130 0.699388 0.749554
0.966532 0.959215 0.847612 0.864969 0.983140 0.854141 0.943474 0.908642 0.975201 0.805811 0.827219 0.911391 0.991476 0.889263 0.804399 0.884319 0.936689 0.931148 0.923938 0.993347 0.997887 0.883799 0.868146 0.762839 0.809908 0.829938 0.000000 0.807196 0.928906 0.975090 0.944896 0.869179 0.987724 0.868498 0.919394 0.939699 0.947120 0.967449 0.904515 0.958250 0.998765 0.918113 0.878662 0.956263 0.697905 0.705977 0.974965 0.942997 0.731146 0.866780 0.965765 0.876680 0.885756 0.849323 0.885949 0.870530 0.990661 0.938788 0.983775 0.918453 0.951327 0.964386 0.900872 0.829310 0.766764 0.830404 0.936393 0.984754 0.919981 0.980507 0.942106 0.901556 0.835263 0.883022 0.983879 0.936830 0.889743 0.951963 0.953214 0.895853 0.965382 0.915641 0.984398 0.971176 0.947593 0.803405 0.984014 0.996212 0.922990 0.897692 0.848520 0.977804 0.939103 0.972807 0.935163 0.953592 0.981538 0.951197 0.885733 0.844551 0.888977 0.920181 0.924242 0.930380 0.704020 0.892196 0.920214 0.925404 0.949213 0.909852 0.908581 0.918391 0.957088 0.814210 0.798275 0.988580
0.753061 0.741830 0.795798 0.804197 0.639468 0.771894 0.940537 0.908534 0.949002 0.694351 0.990258 0.946376 0.976286 0.936896 0.985735 0.983475 0.935946 0.970377 0.924401 0.958506 0.815634 0.751359 0.847760 0.935660 0.612662 0.621412 0.807196 0.000000 0.880557 0.823255 0.958277 0.878639 0.910541 0.994816 0.900817 0.942417 0.720715 0.684806 0.909150 0.854636 0.832304 0.901095 0.811787 0.814112 0.849386 0.906234 0.826593 0.933331 0.914680 0.965845 0.862898 0.849248 0.838799 0.868533 0.977922 0.827496 0.732486 0.855372 0.807443 0.850863 0.892634 0.888232 0.871939 0.838020 0.768762 0.850297 0.880533 0.962024 0.709762 0.858101 0.845227 0.825630 0.977016 0.828583 0.998709 0.905269 0.900755 0.790725 0.831101 0.781673 0.951004 0.996403 0.836786 0.923539 0.963620 0.921546 0.998784 0.800344 0.920741 0.773201 0.999198 0.918385 0.865539 0.796046 0.927259 0.926933 0.869431 0.792102 0.996726 0.912570 0.975921 0.836675 0.800355 0.845926 0.813203 0.732004 0.935437 0.762977 0.908672 0.957980 0.928742 0.963558 0.930922 0.963050 0.744430 0.763864
0.869534 0.964922 0.893331 0.801725 0.797145 0.867229 0.867671 0.812608 0.868630 0.652929 0.810989 0.789038 0.813986 0.839299 0.819339 0.905446 0.673236 0.659078 0.743572 0.820784 0.781039 0.825907 0.901991 0.990135 0.682854 0.702446 0.928906 0.880557 0.000000 0.429326 0.951203 0.765620 0.869541 0.708899 0.930781 0.972416 0.846075 0.688816 0.836883 0.802364 0.941081 0.913686 0.710027 0.790066 0.973552 0.980683 0.949155 0.962010 0.990738 0.780188 0.603767 0.672948 0.896195 0.752291 0.945896 0.847229 0.945712 0.989716 0.906112 0.873156 0.682845 0.649434 0.558194 0.588716 0.833584 0.971912 0.805651 0.843739 0.870847 0.925851 0.799534 0.757765 0.968761 0.845581 0.987920 0.953830 0.905495 0.937448 0.879288 0.942048 0.695666 0.722468 0.741122 0.668200 0.852037 0.935434 0.941610 0.797518 0.996692 0.924408 0.809654 0.588943 0.687725 0.540643 0.966171 0.997954 0.766904 0.849769 0.994180 0.972538 0.900508 0.620059 0.943185 0.901117 0.833079 0.832075 0.846201 0.693139 0.956350 0.956775 0.944745 0.988596 0.885426 0.981064 0.876225 0.687860
0.899766 0.933196 0.802262 0.810932 0.802490 0.930165 0.870608 0.729988 0.896642 0.594518 0.834465 0.704977 0.852785 0.827893 0.889409 0.845734 0.700651 0.640296 0.765609 0.895666 0.686974 0.802488 0.839308 0.967086 0.658592 0.640586 0.975090 0.823255 0.429326 0.000000 0.855394 0.742053 0.831386 0.662793 0.936211 0.920835 0.818629 0.709111 0.867999 0.932341 0.965242 0.827523 0.775317 0.809970 0.906798 0.916554 0.918728 0.988410 0.832506 0.837861 0.735581 0.699075 0.895362 0.769257 0.802328 0.904068 0.910611 0.970241 0.964117 0.931411 0.673979 0.627041 0.523417 0.533635 0.812489 0.992325 0.837111 0.945018 0.793682 0.908844 0.894249 0.827025 0.884086 0.837310 0.929495 0.995741 0.869436 0.927835 0.863437 0.985454 0.712468 0.695023 0.712088 0.659010 0.837607 0.963320 0.899261 0.813368 0.982993 0.914692 0.756926 0.591377 0.694058 0.530659 0.880326 0.863594 0.836211 0.826400 0.944027 0.977858 0.923528 0.706273 0.871538 0.928484 0.871782 0.947042 0.753083 0.750306 0.962185 0.981019 0.951169 0.991420 0.970253 0.995449 0.916794 0.714080
0.914492 0.914153 0.858024 0.901867 0.893317 0.971397 0.831196 0.983723 0.858524 0.957896 0.812405 0.745171 0.944039 0.982900 0.760961 0.939310 0.979080 0.842221 0.821647 0.795307 0.975502 0.937693 0.566878 0.686942 0.840951 0.800626 0.944896 0.958277 0.951203 0.855394 0.000000 0.674805 0.671879 0.958745 0.886085 0.836037 0.987427 0.763910 0.995606 0.968039 0.933763 0.929150 0.955686 0.975195 0.851042 0.818468 0.908336 0.792252 0.758575 0.651814 0.727371 0.695995 0.731475 0.669120 0.973986 0.946510 0.816820 0.819548 0.971017 0.899364 0.954514 0.919995 0.923712 0.985281 0.758982 0.941295 0.885701 0.822034 0.875732 0.796836 0.737795 0.958750 0.797627 0.845760 0.819352 0.976260 0.976845 0.951137 0.850066 0.998899 0.832055 0.761760 0.748205 0.780334 0.587163 0.710176 0.834913 0.741349 0.951927 0.878351 0.890653 0.840606 0.853703 0.886358 0.917691 0.961785 0.905450 0.927609 0.850776 0.823354 0.877475 0.948179 0.856378 0.912488 0.946994 0.876133 0.950728 0.897876 0.900077 0.948035 0.870495 0.986255 0.972350 0.926545 0.873388 0.837381
0.803557 0.883634 0.911457 0.840154 0.798489 0.875980 0.971573 0.885173 0.918511 0.965952 0.753848 0.839363 0.954393 0.846659 0.739308 0.763441 0.914358 0.968111 0.835556 0.964707 0.845679 0.838775 0.568449 0.563133 0.992032 0.917109 0.869179 0.878639 0.765620 0.742053 0.674805 0.000000 0.932878 0.972429 0.944736 0.727194 0.759768 0.847185 0.896218 0.887563 0.794571 0.903211 0.882723 0.898045 0.972533 0.950896 0.930180 0.980090 0.989969 0.962081 0.971521 0.972005 0.777551 0.799452 0.942376 0.953722 0.947928 0.873278 0.629530 0.791054 0.954764 0.896671 0.996777 0.893460 0.932427 0.984745 0.826836 0.989422 0.753689 0.718594 0.945233 0.970713 0.733067 0.690408 0.891945 0.864996 0.961465 0.946051 0.989852 0.922541 0.913579 0.971574 0.739697 0.950520 0.716279 0.835972 0.817493 0.591048 0.814963 0.989859 0.870674 0.997625 0.829663 0.941614 0.902185 0.981265 0.816939 0.770353 0.858486 0.948069 0.911839 0.863593 0.701921 0.812575 0.951367 0.833119 0.951448 0.923558 0.922631 0.834765 0.888783 0.846031 0.954910 0.935735 0.973986 0.811292
0.567990 0.668372 0.568082 0.669342 0.972244 0.972093 0.504112 0.686501 0.815819 0.785650 0.796580 0.908958 0.909114 0.903538 0.986796 0.918455 0.661691 0.589504 0.655809 0.742018 0.841997 0.980460 0.859954 0.995491 0.832484 0.819952 0.987724 0.910541 0.869541 0.831386 0.671879 0.932878 0.000000 0.629989 0.683227 0.853586 0.841678 0.888928 0.974258 0.949761 0.710462 0.815806 0.787572 0.737971 0.648108 0.584325 0.757103 0.697120 0.795075 0.810268 0.851108 0.930174 0.941354 0.879883 0.757379 0.817175 0.599339 0.744355 0.704028 0.861957 0.590155 0.761109 0.696036 0.732793 0.709914 0.752057 0.620966 0.641320 0.879038 0.890226 0.856695 0.960055 0.885110 0.899061 0.976196 0.904939 0.835622 0.904646 0.706996 0.914164 0.549480 0.578198 0.914234 0.734488 0.615063 0.653157 0.907400 0.959814 0.866012 0.765585 0.651449 0.812643 0.661474 0.838469 0.786298 0.741097 0.628602 0.859192 0.636947 0.693788 0.918607 0.985745 0.809571 0.701109 0.985552 0.690502 0.880743 0.790923 0.862878 0.840890 0.880551 0.694223 0.745391 0.843328 0.936313 0.971209
0.605192 0.824636 0.739538 0.706111 0.984412 0.948485 0.531827 0.434346 0.958506 0.571699 0.520164 0.598608 0.805029 0.958201 0.747527 0.896688 0.708430 0.619269 0.702525 0.786470 0.963400 0.970498 0.862249 0.780071 0.828203 0.932690 0.868498 0.994816 0.708899 0.662793 0.958745 0.972429 0.629989 0.000000 0.733535 0.815820 0.979224 0.930502 0.908708 0.769004 0.730018 0.955694 0.866831 0.899215 0.782383 0.694653 0.773269 0.741522 0.891551 0.837448 0.845713 0.705450 0.703589 0.671368 0.686129 0.665890 0.885987 0.997370 0.795108 0.824683 0.497252 0.476339 0.574132 0.536252 0.978418 0.719541 0.646019 0.606908 0.959432 0.825774 0.998629 0.980318 0.976106 0.985915 0.971446 0.945495 0.938476 0.854923 0.795792 0.903320 0.625801 0.638126 0.929585 0.799303 0.886257 0.866706 0.896683 0.851703 0.993672 0.819209 0.764335 0.920828 0.770886 0.950578 0.781102 0.923711 0.832544 0.958482 0.561047 0.711965 0.841020 0.960991 0.761428 0.786070 0.981141 0.801270 0.741029 0.957373 0.936416 0.890073 0.825992 0.690498 0.811604 0.889888 0.877500 0.887298
0.638363 0.779281 0.613342 0.619128 0.979885 0.908125 0.647514 0.741704 0.923652 0.853062 0.768467 0.902753 0.986338 0.972315 0.888773 0.731091 0.747558 0.691340 0.760658 0.727722 0.751176 0.936564 0.978393 0.930530 0.874408 0.827646 0.919394 0.900817 0.930781 0.936211 0.886085 0.944736 0.683227 0.733535 0.000000 0.940518 0.839062 0.844866 0.921453 0.835539 0.794362 0.802952 0.765868 0.804812 0.819902 0.733028 0.753753 0.743302 0.891852 0.864244 0.799671 0.840448 0.990364 0.929551 0.814947 0.676888 0.733789 0.787614 0.710351 0.729221 0.740254 0.857642 0.799836 0.781844 0.745067 0.771051 0.638912 0.707061 0.792994 0.705970 0.835474 0.851298 0.870163 0.944233 0.943049 0.891176 0.971931 0.969292 0.729118 0.910555 0.650388 0.629231 0.990538 0.742665 0.743976 0.709834 0.873721 0.917398 0.968819 0.667121 0.710291 0.729328 0.675966 0.776091 0.858458 0.702442 0.627001 0.741714 0.695090 0.678755 0.919560 0.899664 0.736527 0.719188 0.922829 0.715974 0.967998 0.661975 0.841183 0.960856 0.836246 0.866240 0.953470 0.991875 0.917350 0.928154
0.937699 0.928371 0.828136 0.845703 0.929156 0.998848 0.888428 0.897817 0.879867 0.910397 0.964415 0.978764 0.922247 0.991683 0.963117 0.963419 0.963951 0.846953 0.926212 0.996948 0.997648 0.900236 0.928831 0.925245 0.802530 0.821310 0.939699 0.942417 0.972416 0.920835 0.836037 0.727194 0.853586 0.815820 0.940518 0.000000 0.875624 0.971936 0.908881 0.750266 0.977850 0.894889 0.812822 0.900542 0.909594 0.944815 0.844323 0.791154 0.947626 0.988321 0.947156 0.995388 0.987675 0.953844 0.873153 0.895240 0.914207 0.963911 0.989912 0.988002 0.965759 0.993120 0.974581 0.971097 0.765358 0.815715 0.824547 0.727648 0.843773 0.934345 0.894339 0.880421 0.961283 0.990393 0.929992 0.987674 0.887642 0.906885 0.919881 0.909301 0.931157 0.863459 0.986726 0.979271 0.870985 0.853919 0.960274 0.985018 0.940755 0.849736 0.978023 0.967051 0.954193 0.925074 0.812058 0.973306 0.979143 0.968184 0.871266 0.936423 0.917840 0.960828 0.880592 0.934302 0.999018 0.855782 0.863906 0.999168 0.957253 0.959552 0.989452 0.965650 0.935802 0.930603 0.897594 0.968285
0.741226 0.756646 0.722458 0.831417 0.877039 0.957046 0.990954 0.929152 0.980343 0.760715 0.901269 0.922014 0.928692 0.831562 0.957025 0.912602 0.810845 0.804109 0.978362 0.769716 0.715093 0.844618 0.916046 0.830477 0.707867 0.637417 0.947120 0.720715 0.846075 0.818629 0.987427 0.759768 0.841678 0.979224 0.839062 0.875624 0.000000 0.635713 0.844882 0.815957 0.808677 0.756345 0.862853 0.869847 0.865115 0.893504 0.822332 0.880409 0.993914 0.846070 0.764877 0.716470 0.848331 0.839716 0.793719 0.843883 0.654682 0.615879 0.620532 0.697369 0.947563 0.909582 0.955653 0.995928 0.744019 0.931576 0.783724 0.861130 0.713971 0.781069 0.949473 0.938833 0.970143 0.877526 0.881804 0.828439 0.998303 0.854799 0.712909 0.853599 0.854401 0.870502 0.955413 0.853970 0.921708 0.872821 0.972658 0.835732 0.730092 0.692158 0.952124 0.988734 0.891548 0.843980 0.943528 0.858621 0.724819 0.888742 0.940982 0.997357 0.988496 0.834403 0.757731 0.899199 0.800614 0.665553 0.861255 0.769719 0.976432 0.813997 0.906049 0.922666 0.967385 0.970287 0.715234 0.871696
0.860751 0.867361 0.800055 0.862344 0.693597 0.920358 0.920404 0.814145 0.821109 0.697816 0.942102 0.744076 0.827442 0.830317 0.925754 0.878697 0.889498 0.943868 0.862270 0.880853 0.764751 0.810286 0.914767 0.953501 0.666650 0.625758 0.967449 0.684806 0.688816 0.709111 0.763910 0.847185 0.888928 0.930502 0.844866 0.971936 0.635713 0.000000 0.881158 0.869108 0.804655 0.704174 0.791579 0.817754 0.946576 0.941238 0.885871 0.865846 0.893556 0.680877 0.587654 0.610082 0.858636 0.785415 0.902380 0.913243 0.788767 0.812789 0.720347 0.716706 0.733322 0.740356 0.750571 0.784109 0.888707 0.988793 0.764909 0.809981 0.777561 0.935828 0.786387 0.774914 0.957039 0.979014 0.846668 0.950208 0.950898 0.882082 0.972479 0.846982 0.932077 0.942305 0.901583 0.962341 0.985415 0.982087 0.985387 0.919641 0.892550 0.886000 0.901127 0.761565 0.757724 0.693660 0.978773 0.933141 0.769982 0.839156 0.933920 0.905814 0.965466 0.806870 0.861001 0.780500 0.792926 0.684282 0.759425 0.658837 0.936923 0.880638 0.998108 0.937717 0.920541 0.925599 0.808525 0.762279
