0.000000 0.143606 0.508345 0.453465 0.855752 0.731286 0.584366 0.442365 0.618787 0.786162 0.318780 0.236291 0.295421 0.332714 0.514624 0.576299 0.216069 0.205685 0.242931 0.176108 0.576803 0.925603 0.613813 0.468589 0.554238 0.773856 0.521767 0.804062 0.327982 0.332397 0.793376 0.628101 0.311418 0.342675 0.861324 0.940240 0.695219 0.614856 0.912124 0.697446 0.585201 0.604819 0.992649 0.786533 0.859433 0.906930 0.537233 0.636583 0.760873 0.647899 0.734935 0.682083 0.974689 0.728992 0.337898 0.463434 0.149410 0.146925 0.354109 0.296798 0.304710 0.370267 0.222013 0.218005 0.394196 0.378753 0.736854 0.767412 0.257727 0.304227 0.734871 0.553787 0.921148 0.955916 0.762346 0.939763 0.877068 0.904890 0.420534 0.392775 0.212201 0.243559 0.330910 0.248281 0.186559 0.219032 0.846564 0.504468 0.421614 0.241157 0.383513 0.435274 0.356790 0.370850 0.930085 0.953365 0.971776 0.854173 0.824148 0.896607 0.714042 0.724370 0.965643 0.820273 0.860406 0.861090 0.879082 0.861290 0.755588 0.812152 0.857948 0.968935 0.851487 0.975988 0.712631 0.557263
0.143606 0.000000 0.409976 0.370187 0.848477 0.731099 0.575392 0.436704 0.581238 0.726178 0.401124 0.270176 0.353971 0.382107 0.542847 0.561249 0.208029 0.204763 0.246158 0.205033 0.547520 0.965169 0.535812 0.401355 0.456909 0.678912 0.434509 0.848882 0.376354 0.337721 0.701506 0.573132 0.302039 0.322140 0.767329 0.959292 0.598756 0.537281 0.806860 0.697101 0.586562 0.600594 0.912609 0.716560 0.894411 0.871424 0.464214 0.570777 0.762664 0.604498 0.694039 0.619023 0.908112 0.793874 0.308200 0.408448 0.129014 0.133366 0.336697 0.287773 0.348737 0.395063 0.271357 0.240085 0.340373 0.323766 0.643806 0.699158 0.252537 0.268255 0.782765 0.563509 0.907658 0.957685 0.753445 0.903763 0.954568 0.926217 0.390063 0.344043 0.197289 0.254494 0.303655 0.217388 0.190101 0.190164 0.790945 0.482126 0.458339 0.226486 0.345289 0.397122 0.343617 0.338088 0.958708 0.991828 0.982962 0.899658 0.794807 0.911291 0.643623 0.674582 0.954904 0.892082 0.794098 0.808177 0.824118 0.856947 0.789715 0.766352 0.814197 0.978136 0.876279 0.990682 0.681888 0.580788
0.508345 0.409976 0.000000 0.261731 0.834486 0.782657 0.540838 0.590738 0.741090 0.715833 0.721243 0.647907 0.623670 0.642944 0.630977 0.581407 0.432323 0.454500 0.426269 0.509286 0.507320 0.974946 0.387370 0.366850 0.326343 0.402039 0.442150 0.899575 0.617732 0.557463 0.499817 0.520322 0.445766 0.460335 0.566835 0.799142 0.504380 0.566983 0.682729 0.696660 0.586831 0.692323 0.758070 0.630548 0.943243 0.906734 0.492510 0.556851 0.957400 0.720879 0.777963 0.673346 0.801712 0.988119 0.457885 0.543571 0.408015 0.428969 0.554058 0.552872 0.568566 0.681100 0.594391 0.584055 0.295303 0.349342 0.438888 0.592138 0.553527 0.472512 0.949627 0.763698 0.827889 0.920138 0.722643 0.872795 0.744444 0.803171 0.520438 0.619542 0.529495 0.597096 0.456261 0.503725 0.442172 0.360232 0.763258 0.677246 0.714045 0.494431 0.552228 0.572940 0.604013 0.584990 0.995913 0.911263 0.976500 0.960159 0.865507 0.985050 0.750630 0.816761 0.919834 0.966738 0.698506 0.705079 0.742667 0.975471 0.782328 0.810737 0.754109 0.965398 0.947667 0.934062 0.653217 0.782823
0.453465 0.370187 0.261731 0.000000 0.947379 0.889101 0.369545 0.311541 0.905851 0.987000 0.778364 0.545147 0.537140 0.516448 0.603908 0.434963 0.459376 0.479929 0.409539 0.523086 0.563106 0.963494 0.255480 0.282166 0.468780 0.502199 0.554757 0.975562 0.606960 0.540006 0.357659 0.400118 0.339114 0.385462 0.552858 0.824654 0.533647 0.589005 0.799754 0.707821 0.688974 0.694506 0.614889 0.500099 0.890341 0.721736 0.417997 0.457807 0.752290 0.501107 0.501842 0.410718 0.570747 0.768117 0.437424 0.531423 0.371609 0.388408 0.389521 0.321722 0.453065 0.455815 0.497830 0.441944 0.390522 0.289795 0.366618 0.421332 0.620902 0.398240 0.801768 0.890323 0.691070 0.842458 0.664431 0.803215 0.709352 0.730487 0.379985 0.514565 0.500550 0.650932 0.447225 0.529683 0.438458 0.318138 0.904852 0.672889 0.612329 0.434007 0.661877 0.656979 0.662358 0.589939 0.863067 0.873255 0.871124 0.916895 0.958910 0.848317 0.861974 0.965242 0.995378 0.891245 0.619383 0.582459 0.652220 0.858242 0.865035 0.720629 0.702015 0.817545 0.890746 0.865967 0.521862 0.894157
0.855752 0.848477 0.834486 0.947379 0.000000 0.709029 0.805128 0.767345 0.525594 0.485982 0.967062 0.910038 0.846723 0.814285 0.705962 0.685682 0.950052 0.946741 0.962283 0.905032 0.982892 0.883672 0.837093 0.908640 0.672594 0.790448 0.797643 0.885590 0.832072 0.881344 0.780696 0.833741 0.964145 0.906908 0.929275 0.900728 0.785578 0.760023 0.744069 0.996463 0.816826 0.955256 0.910427 0.945832 0.702087 0.782504 0.918943 0.973732 0.844045 0.900203 0.784502 0.820124 0.706082 0.587822 0.948152 0.906911 0.844119 0.884983 0.928068 0.905466 0.810880 0.731393 0.905432 0.915307 0.784604 0.987620 0.984304 0.902269 0.693592 0.819790 0.740001 0.664443 0.661113 0.602797 0.785138 0.841834 0.909818 0.879679 0.991634 0.931483 0.958992 0.905037 0.996454 0.789637 0.883792 0.854290 0.883067 0.745310 0.869792 0.829011 0.689012 0.775386 0.747421 0.711540 0.772206 0.911647 0.888198 0.933725 0.713322 0.826694 0.625356 0.629799 0.683412 0.859444 0.918953 0.877281 0.954195 0.882185 0.891625 0.959820 0.925076 0.841038 0.747003 0.876192 0.867251 0.812830
0.731286 0.731099 0.782657 0.889101 0.709029 0.000000 0.910238 0.972141 0.555489 0.634652 0.676237 0.776309 0.928788 0.890345 0.993828 0.973789 0.734781 0.746429 0.806073 0.747630 0.866700 0.861123 0.918552 0.962548 0.826734 0.914876 0.722072 0.954811 0.814837 0.756867 0.837389 0.920809 0.827811 0.958089 0.986849 0.995253 0.943203 0.899955 0.981099 0.952589 0.747351 0.918996 0.779492 0.841250 0.676333 0.799001 0.947418 0.926146 0.870346 0.859632 0.828685 0.811275 0.746830 0.580999 0.958919 0.986446 0.707226 0.720215 0.894322 0.853433 0.859039 0.919094 0.872761 0.839452 0.647580 0.831559 0.994745 0.884782 0.677739 0.855092 0.744999 0.684137 0.696969 0.681036 0.869882 0.930665 0.680315 0.755593 0.957667 0.982805 0.873057 0.809038 0.791625 0.720928 0.772962 0.787963 0.929580 0.759043 0.873821 0.866131 0.514348 0.615713 0.603673 0.685117 0.739071 0.893810 0.824572 0.836642 0.636527 0.677138 0.704132 0.729905 0.738370 0.789341 0.813369 0.776976 0.929633 0.792995 0.747714 0.988690 0.802031 0.884982 0.671652 0.812531 0.805279 0.796983
0.584366 0.575392 0.540838 0.369545 0.805128 0.910238 0.000000 0.237658 0.910227 0.585646 0.904653 0.638478 0.601744 0.556957 0.675677 0.562335 0.624363 0.632188 0.429559 0.646995 0.663378 0.918493 0.300882 0.551808 0.859834 0.766389 0.831516 0.985363 0.563993 0.662257 0.268092 0.384265 0.313928 0.312446 0.606586 0.867776 0.705738 0.742835 0.931318 0.828472 0.884217 0.646979 0.482168 0.369049 0.506135 0.391588 0.424363 0.397616 0.428760 0.324236 0.295334 0.285539 0.383870 0.546164 0.477735 0.501489 0.532097 0.554682 0.316198 0.361039 0.409023 0.410778 0.405253 0.419508 0.778724 0.605960 0.301579 0.323844 0.874998 0.496926 0.590149 0.885851 0.420612 0.517435 0.670300 0.624717 0.550319 0.567595 0.379350 0.593233 0.608230 0.793150 0.593236 0.794847 0.593539 0.566034 0.787012 0.953031 0.666689 0.551206 0.995509 0.976946 0.963626 0.910028 0.612908 0.674606 0.695375 0.728765 0.512827 0.456344 0.777581 0.677516 0.577501 0.497286 0.465044 0.411042 0.611695 0.737180 0.965793 0.732492 0.620252 0.555474 0.572680 0.537889 0.365167 0.984510
0.442365 0.436704 0.590738 0.311541 0.767345 0.972141 0.237658 0.000000 0.851063 0.623851 0.733752 0.417524 0.430812 0.380557 0.550959 0.378603 0.508662 0.505571 0.407464 0.521935 0.693533 0.969644 0.300601 0.396531 0.864081 0.855634 0.854032 0.964134 0.464191 0.489272 0.343578 0.430782 0.286270 0.322450 0.663956 0.928973 0.736552 0.708570 0.952654 0.813427 0.802145 0.712103 0.597437 0.476532 0.656276 0.509090 0.472471 0.485599 0.496433 0.372141 0.312866 0.299640 0.441112 0.602273 0.457304 0.540252 0.422035 0.416444 0.337609 0.282107 0.289204 0.203786 0.323326 0.275449 0.683127 0.431107 0.444119 0.380360 0.758918 0.431108 0.705716 0.911813 0.495850 0.614717 0.653336 0.690784 0.707413 0.729319 0.346161 0.521295 0.476027 0.673665 0.527932 0.666859 0.490611 0.437790 0.922368 0.804159 0.572011 0.466330 0.868662 0.832756 0.804836 0.698282 0.706827 0.785789 0.833327 0.900919 0.683836 0.643736 0.861698 0.832449 0.773745 0.680708 0.568901 0.569293 0.702923 0.845902 0.965793 0.733420 0.711373 0.649640 0.713844 0.751336 0.477641 0.912229
0.618787 0.581238 0.741090 0.905851 0.525594 0.555489 0.910227 0.851063 0.000000 0.471325 0.697344 0.800722 0.927444 0.909529 0.995349 0.853511 0.610414 0.620941 0.695419 0.622674 0.795636 0.923395 0.897143 0.937077 0.544848 0.720853 0.572831 0.912103 0.817371 0.805416 0.814566 0.921371 0.774646 0.775449 0.955089 0.993402 0.716186 0.778807 0.799067 0.852504 0.753852 0.879725 0.949913 0.931526 0.796879 0.936196 0.747341 0.820075 0.956033 0.904751 0.918961 0.966139 0.810491 0.578521 0.702484 0.597551 0.568317 0.615882 0.702287 0.743355 0.993995 0.917502 0.817706 0.831938 0.663487 0.866340 0.925055 0.943541 0.472908 0.750961 0.633959 0.469770 0.707893 0.668211 0.950229 0.995021 0.798355 0.762704 0.871213 0.755819 0.630047 0.535458 0.647645 0.434321 0.599470 0.647511 0.837902 0.580450 0.675846 0.605785 0.458804 0.633450 0.505449 0.608965 0.788109 0.950260 0.951044 0.953672 0.681850 0.866430 0.563634 0.659984 0.932452 0.959314 0.920518 0.962468 0.880646 0.885073 0.744774 0.944387 0.891925 0.981653 0.774802 0.958866 0.956562 0.713490
0.786162 0.726178 0.715833 0.987000 0.485982 0.634652 0.585646 0.623851 0.471325 0.000000 0.717981 0.942300 0.985807 0.922844 0.987100 0.839619 0.754706 0.761509 0.933990 0.760611 0.795330 0.903978 0.811830 0.922051 0.481660 0.704775 0.590969 0.791416 0.954766 0.900409 0.654660 0.829219 0.903030 0.897724 0.997606 0.956445 0.820258 0.719445 0.670561 0.968438 0.688422 0.947872 0.646666 0.707617 0.402760 0.485945 0.948813 0.847315 0.539480 0.635732 0.505269 0.598728 0.493478 0.376789 0.922715 0.943914 0.765461 0.762841 0.886325 0.906228 0.879666 0.732323 0.904121 0.933481 0.543089 0.807449 0.788066 0.664358 0.513703 0.864446 0.465827 0.447944 0.541765 0.475708 0.906729 0.741631 0.664683 0.654269 0.928374 0.919177 0.793393 0.663061 0.803124 0.565727 0.740501 0.729982 0.616608 0.631840 0.954237 0.818705 0.448125 0.496866 0.576735 0.643345 0.556039 0.824437 0.781817 0.695521 0.349608 0.457800 0.417970 0.436728 0.584180 0.620914 0.740118 0.714744 0.873904 0.639539 0.734272 0.931100 0.858351 0.553528 0.476379 0.681072 0.670159 0.688335
0.318780 0.401124 0.721243 0.778364 0.967062 0.676237 0.904653 0.733752 0.697344 0.717981 0.000000 0.268551 0.289491 0.331506 0.427670 0.592005 0.297922 0.255618 0.448172 0.259275 0.680859 0.833303 0.898087 0.647669 0.722387 0.990580 0.609255 0.734779 0.314310 0.314153 0.895272 0.919759 0.600889 0.579517 0.913915 0.919308 0.890898 0.789836 0.974615 0.821520 0.530925 0.897695 0.639242 0.797103 0.603770 0.742287 0.956957 0.934417 0.875639 0.943886 0.846243 0.878859 0.711119 0.507347 0.583189 0.741731 0.391912 0.349887 0.784246 0.720620 0.359309 0.485813 0.371175 0.379661 0.436719 0.492625 0.885952 0.887354 0.399608 0.640156 0.586673 0.608429 0.912686 0.857104 0.709120 0.902105 0.592711 0.707990 0.741935 0.667585 0.413212 0.325247 0.485784 0.413359 0.355303 0.450554 0.675621 0.655298 0.603457 0.557794 0.418270 0.413243 0.369361 0.461094 0.749464 0.949203 0.693344 0.586428 0.563309 0.617520 0.662886 0.693333 0.812365 0.997316 0.798399 0.835304 0.779640 0.627419 0.686625 0.954344 0.915315 0.796622 0.595371 0.723689 0.949360 0.507436
0.236291 0.270176 0.647907 0.545147 0.910038 0.776309 0.638478 0.417524 0.800722 0.942300 0.268551 0.000000 0.203012 0.200580 0.340633 0.381984 0.219781 0.200382 0.304478 0.227116 0.624846 0.834867 0.586752 0.445292 0.688893 0.915705 0.623112 0.856939 0.248580 0.209203 0.781794 0.650899 0.364745 0.382060 0.844103 0.957477 0.759369 0.699301 0.960777 0.782572 0.615315 0.795805 0.931060 0.890988 0.875334 0.943096 0.681202 0.762151 0.858537 0.731331 0.782402 0.742807 0.948475 0.844626 0.403471 0.583429 0.270472 0.224815 0.543598 0.459516 0.216228 0.239100 0.215173 0.174763 0.429457 0.326366 0.870365 0.817411 0.381952 0.417380 0.806618 0.759659 0.843099 0.912373 0.656513 0.948496 0.849265 0.870281 0.489238 0.423584 0.257820 0.282899 0.316074 0.336833 0.256298 0.295412 0.742689 0.559584 0.447274 0.399521 0.454508 0.457054 0.390306 0.395457 0.923915 0.987676 0.798929 0.726906 0.782715 0.842266 0.767483 0.824523 0.977584 0.885196 0.911512 0.947541 0.984604 0.752527 0.717002 0.872581 0.873490 0.987848 0.786421 0.854698 0.729402 0.594210
0.295421 0.353971 0.623670 0.537140 0.846723 0.928788 0.601744 0.430812 0.927444 0.985807 0.289491 0.203012 0.000000 0.170732 0.242297 0.330798 0.279319 0.263710 0.313345 0.284988 0.644569 0.945323 0.533861 0.418835 0.716453 0.861804 0.636940 0.855781 0.298858 0.304142 0.742835 0.584246 0.393657 0.367124 0.881234 0.928699 0.855665 0.796748 0.923093 0.809317 0.631219 0.782571 0.926058 0.917216 0.849574 0.998737 0.713235 0.819101 0.919865 0.788587 0.810051 0.761299 0.951432 0.873051 0.404402 0.606720 0.357531 0.310827 0.599905 0.522798 0.198925 0.289016 0.230758 0.246370 0.461441 0.335315 0.876847 0.849531 0.481848 0.497161 0.788913 0.812757 0.774399 0.855441 0.602569 0.972552 0.902878 0.911514 0.518345 0.480945 0.314167 0.316395 0.372074 0.426403 0.271109 0.304895 0.798628 0.587425 0.510148 0.461415 0.604551 0.565900 0.527575 0.538412 0.924369 0.987880 0.852765 0.733638 0.862404 0.917612 0.851527 0.967860 0.983652 0.839022 0.925693 0.899741 0.989308 0.803219 0.705885 0.954436 0.940288 0.956954 0.806390 0.853274 0.678944 0.581477
0.332714 0.382107 0.642944 0.516448 0.814285 0.890345 0.556957 0.380557 0.909529 0.922844 0.331506 0.200580 0.170732 0.000000 0.241784 0.273516 0.278121 0.259470 0.312677 0.308864 0.649577 0.864411 0.488092 0.363131 0.756543 0.867973 0.689637 0.850226 0.284652 0.277580 0.691066 0.560351 0.391038 0.352685 0.854787 0.886112 0.854481 0.825401 0.949185 0.797884 0.682532 0.810596 0.998376 0.853368 0.945800 0.896207 0.670682 0.730725 0.824772 0.703943 0.707890 0.672667 0.824195 0.989389 0.393078 0.588280 0.366987 0.317892 0.570985 0.498215 0.214441 0.248152 0.239122 0.229967 0.513316 0.336087 0.829612 0.783032 0.547321 0.530362 0.888602 0.843949 0.735629 0.758543 0.604652 0.870363 0.956248 0.916403 0.491483 0.493508 0.328011 0.343751 0.370537 0.438193 0.305357 0.322686 0.799462 0.564376 0.500577 0.466525 0.618403 0.606070 0.537955 0.551344 0.984541 0.968584 0.838939 0.772325 0.933212 0.990003 0.900380 0.991992 0.946046 0.789995 0.916674 0.834968 0.960232 0.843323 0.676190 0.974407 0.821842 0.950453 0.882094 0.934924 0.667157 0.655476
0.514624 0.542847 0.630977 0.603908 0.705962 0.993828 0.675677 0.550959 0.995349 0.987100 0.427670 0.340633 0.242297 0.241784 0.000000 0.296355 0.383046 0.370360 0.467809 0.433924 0.625111 0.881975 0.495944 0.396145 0.729408 0.795616 0.731106 0.826278 0.379102 0.366072 0.736585 0.648130 0.527210 0.476571 0.852931 0.932471 0.915170 0.939710 0.990674 0.905866 0.783931 0.872449 0.991474 0.896338 0.923254 0.988901 0.778013 0.817482 0.966099 0.844490 0.837869 0.803173 0.872010 0.987542 0.495071 0.681790 0.539338 0.490413 0.779337 0.719137 0.325206 0.413526 0.421814 0.426075 0.485814 0.367053 0.888637 0.885797 0.656648 0.684009 0.865585 0.889764 0.700680 0.740825 0.581212 0.918354 0.990417 0.982704 0.565987 0.583056 0.445060 0.429678 0.459543 0.537545 0.398027 0.439693 0.796455 0.611952 0.668627 0.629941 0.730696 0.692155 0.651774 0.712624 0.984318 0.960477 0.767291 0.717247 0.906353 0.964763 0.848267 0.980678 0.962961 0.858100 0.926357 0.897303 0.965858 0.786978 0.656964 0.951260 0.889403 0.955609 0.880541 0.884730 0.746238 0.754299
0.576299 0.561249 0.581407 0.434963 0.685682 0.973789 0.562335 0.378603 0.853511 0.839619 0.592005 0.381984 0.330798 0.273516 0.296355 0.000000 0.437620 0.432426 0.517188 0.570503 0.622764 0.882728 0.362939 0.304379 0.705652 0.732006 0.753284 0.946269 0.440349 0.358617 0.503852 0.492522 0.475460 0.448834 0.732820 0.939847 0.823698 0.807017 0.988251 0.774117 0.791004 0.928235 0.855563 0.765667 0.940172 0.841611 0.697116 0.696285 0.874201 0.678120 0.635975 0.573242 0.617809 0.727041 0.484719 0.671008 0.537320 0.489592 0.670879 0.602032 0.330469 0.308706 0.434451 0.389569 0.538492 0.284723 0.706059 0.606365 0.802723 0.604775 0.894694 0.953916 0.661464 0.708859 0.531821 0.769351 0.839758 0.909423 0.510481 0.535224 0.508667 0.596346 0.454207 0.615864 0.510670 0.445751 0.738500 0.753811 0.693711 0.629166 0.758992 0.679879 0.686954 0.648352 0.904898 0.946819 0.794739 0.798978 0.973029 0.932817 0.947251 0.964964 0.959842 0.912417 0.821887 0.833252 0.852651 0.915426 0.787728 0.958883 0.799790 0.944469 0.983438 0.985272 0.642233 0.831516
0.216069 0.208029 0.432323 0.459376 0.950052 0.734781 0.624363 0.508662 0.610414 0.754706 0.297922 0.219781 0.279319 0.278121 0.383046 0.437620 0.000000 0.144918 0.236978 0.210873 0.499386 0.902260 0.536174 0.373206 0.445481 0.669232 0.457527 0.798964 0.240866 0.219365 0.718226 0.590922 0.310611 0.315012 0.759625 0.965442 0.655207 0.633061 0.854096 0.693471 0.564955 0.700814 0.966699 0.782377 0.905490 0.904191 0.515843 0.617314 0.835685 0.665209 0.774971 0.707169 0.920212 0.814396 0.300525 0.419235 0.190226 0.175968 0.476520 0.445808 0.294283 0.377412 0.248401 0.232186 0.307096 0.279105 0.690431 0.715791 0.315089 0.379540 0.801630 0.611588 0.874796 0.943844 0.679183 0.864982 0.939881 0.970270 0.443530 0.361844 0.200685 0.214504 0.232671 0.223867 0.187399 0.216017 0.704170 0.493291 0.463847 0.314577 0.374680 0.416067 0.323539 0.390782 0.959125 0.992155 0.914756 0.805879 0.766009 0.889778 0.678246 0.724053 0.976963 0.844145 0.844051 0.833597 0.945866 0.793871 0.661427 0.834911 0.803758 0.986160 0.831784 0.920065 0.668410 0.543496
0.205685 0.204763 0.454500 0.479929 0.946741 0.746429 0.632188 0.505571 0.620941 0.761509 0.255618 0.200382 0.263710 0.259470 0.370360 0.432426 0.144918 0.000000 0.244346 0.192071 0.513154 0.841378 0.565688 0.380217 0.482598 0.692749 0.480418 0.745768 0.242699 0.217121 0.762518 0.609416 0.337876 0.338868 0.794460 0.972944 0.687770 0.623830 0.863855 0.725549 0.581575 0.730664 0.988175 0.829421 0.861886 0.949854 0.578061 0.659225 0.875832 0.704180 0.814290 0.744493 0.953148 0.773899 0.298708 0.469245 0.187519 0.168847 0.498924 0.463948 0.279405 0.357956 0.246306 0.221840 0.293935 0.270374 0.737721 0.772345 0.321610 0.391417 0.769986 0.608673 0.898534 0.956561 0.690593 0.887301 0.883990 0.907218 0.445291 0.392311 0.202851 0.207961 0.251187 0.228594 0.187966 0.221139 0.657006 0.513266 0.493894 0.325010 0.358874 0.378654 0.314108 0.369682 0.970617 0.957568 0.844086 0.766992 0.729504 0.870096 0.657367 0.704208 0.974015 0.898325 0.871339 0.887273 0.947354 0.765825 0.679416 0.896465 0.827778 0.939839 0.802428 0.930313 0.678974 0.533472
0.242931 0.246158 0.426269 0.409539 0.962283 0.806073 0.429559 0.407464 0.695419 0.933990 0.448172 0.304478 0.313345 0.312677 0.467809 0.517188 0.236978 0.244346 0.000000 0.231041 0.545942 0.961141 0.414931 0.414567 0.544914 0.706444 0.534753 0.873368 0.303903 0.360596 0.591954 0.486016 0.253253 0.268031 0.701314 0.997982 0.625418 0.639385 0.949988 0.654066 0.576131 0.586778 0.819653 0.633661 0.949683 0.748040 0.416075 0.519821 0.696055 0.540314 0.630110 0.581498 0.812661 0.921845 0.265131 0.425974 0.235676 0.232235 0.384193 0.375931 0.306493 0.375865 0.242300 0.242697 0.413645 0.379824 0.573674 0.670122 0.372487 0.344243 0.926309 0.726964 0.699697 0.767144 0.701806 0.793658 0.911640 0.921795 0.392911 0.414021 0.261424 0.301190 0.306839 0.329515 0.225580 0.238492 0.825460 0.551717 0.478786 0.306401 0.544509 0.604049 0.497337 0.517055 0.841088 0.861414 0.909700 0.936055 0.979648 0.888493 0.905833 0.902894 0.823963 0.655315 0.669509 0.650202 0.778074 0.915970 0.753290 0.755356 0.679626 0.856652 0.977036 0.865965 0.545121 0.565889
0.176108 0.205033 0.509286 0.523086 0.905032 0.747630 0.646995 0.521935 0.622674 0.760611 0.259275 0.227116 0.284988 0.308864 0.433924 0.570503 0.210873 0.192071 0.231041 0.000000 0.548879 0.889044 0.615437 0.472832 0.577681 0.801520 0.520573 0.780952 0.299333 0.308107 0.810059 0.696453 0.364248 0.352543 0.871158 0.949555 0.720724 0.626778 0.929229 0.721667 0.541355 0.696947 0.955016 0.856859 0.822971 0.975875 0.606489 0.723078 0.856564 0.741715 0.848469 0.793440 0.951861 0.690398 0.357133 0.503680 0.216857 0.205115 0.499568 0.450101 0.321752 0.403302 0.263172 0.256040 0.371909 0.393752 0.822472 0.873752 0.259402 0.377253 0.728157 0.611769 0.910622 0.986572 0.753164 0.921623 0.875228 0.911138 0.464807 0.445394 0.240920 0.223314 0.356522 0.281142 0.211693 0.265745 0.771957 0.530142 0.473819 0.319077 0.407151 0.455796 0.384546 0.410806 0.939729 0.963964 0.923877 0.815956 0.776172 0.844797 0.704868 0.711622 0.951552 0.843401 0.892577 0.912340 0.953643 0.790258 0.772900 0.901270 0.928140 0.994801 0.791564 0.908984 0.749116 0.526629
0.576803 0.547520 0.507320 0.563106 0.982892 0.866700 0.663378 0.693533 0.795636 0.795330 0.680859 0.624846 0.644569 0.649577 0.625111 0.622764 0.499386 0.513154 0.545942 0.548879 0.000000 0.917277 0.593470 0.556039 0.545567 0.622151 0.599901 0.881795 0.580395 0.556312 0.656842 0.615070 0.490587 0.570182 0.869327 0.948484 0.698650 0.726007 0.922300 0.791846 0.710440 0.818874 0.880475 0.775160 0.987340 0.899358 0.678081 0.643573 0.893852 0.764928 0.835295 0.758333 0.854306 0.978960 0.519892 0.634363 0.538741 0.543051 0.651060 0.696561 0.600490 0.691577 0.590304 0.604935 0.507246 0.544578 0.652916 0.753293 0.590373 0.658608 0.986621 0.747085 0.835872 0.859426 0.693420 0.832707 0.909453 0.975409 0.573527 0.494126 0.555256 0.590856 0.493982 0.571761 0.548441 0.525148 0.813814 0.827033 0.780613 0.635933 0.615360 0.656110 0.683289 0.759013 0.976649 0.808491 0.981120 0.918761 0.885559 0.978417 0.805709 0.929338 0.969308 0.835859 0.790609 0.781132 0.949175 0.806155 0.790270 0.889181 0.791918 0.991952 0.895212 0.856056 0.681632 0.773171
0.925603 0.965169 0.974946 0.963494 0.883672 0.861123 0.918493 0.969644 0.923395 0.903978 0.833303 0.834867 0.945323 0.864411 0.881975 0.882728 0.902260 0.841378 0.961141 0.889044 0.917277 0.000000 0.907171 0.960496 0.977467 0.960365 0.889629 0.769385 0.905702 0.799499 0.857560 0.877552 0.999261 0.950680 0.975895 0.951786 0.892991 0.907948 0.952906 0.865003 0.975729 0.861770 0.781662 0.805968 0.834334 0.834858 0.870587 0.946219 0.802487 0.856486 0.833590 0.841820 0.918550 0.873634 0.982146 0.952547 0.916389 0.900140 0.941718 0.973548 0.920462 0.939045 0.923467 0.922877 0.914825 0.876070 0.860561 0.991995 0.991782 0.921342 0.886039 0.986285 0.971532 0.850559 0.962574 0.995282 0.804547 0.916457 0.971533 0.952421 0.951787 0.918549 0.895633 0.905060 0.955661 0.969839 0.863661 0.940235 0.992265 0.982872 0.819386 0.740906 0.780008 0.795063 0.724968 0.975266 0.866015 0.785323 0.742937 0.852688 0.890531 0.914361 0.832652 0.824191 0.920811 0.719123 0.873366 0.912336 0.850786 0.755570 0.935349 0.819531 0.824335 0.771782 0.886024 0.914801
0.613813 0.535812 0.387370 0.255480 0.837093 0.918552 0.300882 0.300601 0.897143 0.811830 0.898087 0.586752 0.533861 0.488092 0.495944 0.362939 0.536174 0.565688 0.414931 0.615437 0.593470 0.907171 0.000000 0.321015 0.584974 0.556358 0.722671 0.964058 0.585213 0.576407 0.242375 0.355983 0.350425 0.366510 0.489187 0.855881 0.631720 0.693147 0.891773 0.791171 0.818172 0.709664 0.452323 0.365953 0.644430 0.536045 0.366438 0.392981 0.622328 0.412335 0.390997 0.330905 0.413391 0.530851 0.425288 0.511330 0.538190 0.527428 0.497770 0.469082 0.454541 0.438649 0.508960 0.457102 0.543390 0.369087 0.365714 0.396378 0.794454 0.495210 0.616076 0.886058 0.428342 0.512741 0.619887 0.627223 0.540395 0.631182 0.351151 0.494310 0.538481 0.682909 0.482086 0.670518 0.498671 0.421991 0.961880 0.735446 0.699258 0.531589 0.896728 0.876512 0.859474 0.788105 0.726914 0.782131 0.891969 0.815114 0.736750 0.621460 0.937864 0.836083 0.743771 0.730708 0.454285 0.452355 0.637193 0.849703 0.934534 0.750070 0.639936 0.748708 0.748518 0.727192 0.400377 0.929088
0.468589 0.401355 0.366850 0.282166 0.908640 0.962548 0.551808 0.396531 0.937077 0.922051 0.647669 0.445292 0.418835 0.363131 0.396145 0.304379 0.373206 0.380217 0.414567 0.472832 0.556039 0.960496 0.321015 0.000000 0.490678 0.512047 0.647819 0.911729 0.516535 0.404049 0.508488 0.510214 0.402880 0.422273 0.604077 0.958244 0.653812 0.683974 0.822025 0.784120 0.708762 0.764311 0.774835 0.671284 0.992137 0.846975 0.467038 0.550550 0.875164 0.625933 0.621525 0.527730 0.654279 0.809308 0.384746 0.546452 0.396350 0.382681 0.546270 0.494584 0.423189 0.420887 0.473762 0.422833 0.390433 0.232313 0.532730 0.587531 0.595523 0.470000 0.967659 0.946811 0.758723 0.798981 0.742386 0.805250 0.829285 0.906971 0.455516 0.484513 0.401294 0.495136 0.385234 0.446156 0.398351 0.291831 0.732004 0.534874 0.601666 0.458520 0.646741 0.590889 0.626318 0.596192 0.930900 0.909237 0.989944 0.907927 0.936284 0.926127 0.866685 0.899578 0.999473 0.910242 0.724515 0.718075 0.850231 0.931943 0.662630 0.895696 0.764179 0.970730 0.954862 0.971935 0.664609 0.840443
0.554238 0.456909 0.326343 0.468780 0.672594 0.826734 0.859834 0.864081 0.544848 0.481660 0.722387 0.688893 0.716453 0.756543 0.729408 0.705652 0.445481 0.482598 0.544914 0.577681 0.545567 0.977467 0.584974 0.490678 0.000000 0.273264 0.396456 0.837099 0.744484 0.628474 0.759099 0.642721 0.589394 0.598086 0.605749 0.851852 0.440916 0.509837 0.532522 0.647198 0.598946 0.707492 0.877739 0.754570 0.800691 0.930151 0.529678 0.649096 0.905283 0.830630 0.966541 0.833072 0.978434 0.839591 0.538461 0.544382 0.468546 0.474307 0.702012 0.690106 0.780559 0.877472 0.730565 0.685750 0.302053 0.412097 0.670795 0.784344 0.450098 0.571063 0.892157 0.607729 0.955404 0.864193 0.777297 0.981505 0.973606 0.963266 0.646661 0.583712 0.523933 0.523693 0.452930 0.358869 0.455311 0.387497 0.618409 0.547523 0.688447 0.512147 0.401508 0.451085 0.440504 0.471168 0.840949 0.977433 0.936904 0.892128 0.630776 0.813905 0.572503 0.617113 0.867330 0.923862 0.817861 0.784906 0.860160 0.794333 0.786525 0.829069 0.913696 0.813971 0.783414 0.939732 0.748444 0.729895
0.773856 0.678912 0.402039 0.502199 0.790448 0.914876 0.766389 0.855634 0.720853 0.704775 0.990580 0.915705 0.861804 0.867973 0.795616 0.732006 0.669232 0.692749 0.706444 0.801520 0.622151 0.960365 0.556358 0.512047 0.273264 0.000000 0.547267 0.869794 0.912100 0.812340 0.637282 0.636794 0.667991 0.644816 0.549486 0.855560 0.500827 0.588841 0.592884 0.714905 0.824947 0.672396 0.727047 0.655508 0.990426 0.932655 0.527187 0.595550 0.986012 0.781047 0.833034 0.702716 0.792093 0.905873 0.556796 0.553412 0.672599 0.685562 0.748043 0.764381 0.914367 0.968302 0.867068 0.850835 0.510736 0.539166 0.576435 0.682199 0.694847 0.655632 0.938402 0.773713 0.942230 0.972292 0.808222 0.886627 0.775698 0.801047 0.665881 0.713739 0.698650 0.735147 0.588336 0.567739 0.639332 0.528926 0.666263 0.695859 0.750953 0.650604 0.697786 0.716836 0.743895 0.712480 0.961691 0.844760 0.926330 0.997281 0.907942 0.963597 0.793697 0.890567 0.929102 0.967596 0.704151 0.670625 0.779977 0.990482 0.855662 0.884204 0.974979 0.956502 0.967264 0.891647 0.693990 0.905245
0.521767 0.434509 0.442150 0.554757 0.797643 0.722072 0.831516 0.854032 0.572831 0.590969 0.609255 0.623112 0.636940 0.689637 0.731106 0.753284 0.457527 0.480418 0.534753 0.520573 0.599901 0.889629 0.722671 0.647819 0.396456 0.547267 0.000000 0.886177 0.673458 0.597772 0.766658 0.673869 0.596800 0.516400 0.760652 0.725960 0.523682 0.593272 0.678389 0.693773 0.647230 0.715635 0.963659 0.907078 0.757266 0.901191 0.694303 0.822205 0.927302 0.899428 0.990762 0.886074 0.933750 0.722688 0.545642 0.622519 0.462283 0.477314 0.705425 0.673890 0.679439 0.777925 0.644543 0.630837 0.391120 0.516601 0.786297 0.920687 0.440125 0.601610 0.776011 0.555477 0.949000 0.828074 0.711095 0.917954 0.934979 0.926950 0.677096 0.592213 0.582774 0.537742 0.505941 0.460031 0.457020 0.450171 0.721975 0.647874 0.727239 0.574048 0.390915 0.491914 0.471328 0.545989 0.857082 0.859684 0.839683 0.873064 0.648294 0.721576 0.494675 0.702978 0.816721 0.994849 0.980709 0.861910 0.938776 0.750489 0.832871 0.891197 0.888487 0.842227 0.738720 0.924019 0.832466 0.775072
0.804062 0.848882 0.899575 0.975562 0.885590 0.954811 0.985363 0.964134 0.912103 0.791416 0.734779 0.856939 0.855781 0.850226 0.826278 0.946269 0.798964 0.745768 0.873368 0.780952 0.881795 0.769385 0.964058 0.911729 0.837099 0.869794 0.886177 0.000000 0.878729 0.880428 0.851192 0.937321 0.928936 0.932401 0.863661 0.905503 0.941724 0.936679 0.892596 0.862865 0.991551 0.842227 0.903874 0.970195 0.815894 0.869515 0.998812 0.948345 0.912022 0.904391 0.875343 0.883313 0.871103 0.751539 0.938886 0.976937 0.812325 0.792800 0.979330 0.987776 0.891482 0.955626 0.872043 0.870985 0.759769 0.832324 0.922018 0.844629 0.769016 0.890412 0.857451 0.782691 0.961604 0.946442 0.946792 0.974872 0.852982 0.830830 0.880516 0.868113 0.821409 0.728501 0.880398 0.823647 0.754578 0.791682 0.988666 0.871185 0.954063 0.784164 0.798067 0.784967 0.816658 0.912210 0.959191 0.843461 0.858397 0.793313 0.843724 0.869348 0.732949 0.897844 0.923359 0.976911 0.996693 0.855556 0.872128 0.828352 0.932253 0.843782 0.892259 0.814537 0.936952 0.878040 0.997875 0.812949
0.327982 0.376354 0.617732 0.606960 0.832072 0.814837 0.563993 0.464191 0.817371 0.954766 0.314310 0.248580 0.298858 0.284652 0.379102 0.440349 0.240866 0.242699 0.303903 0.299333 0.580395 0.905702 0.585213 0.516535 0.744484 0.912100 0.673458 0.878729 0.000000 0.213433 0.732969 0.667793 0.345205 0.369874 0.864619 0.998303 0.812805 0.756925 0.952145 0.770315 0.668458 0.756255 0.942966 0.787274 0.930639 0.789337 0.643225 0.693452 0.729589 0.648342 0.729115 0.719727 0.867882 0.944291 0.382351 0.518153 0.345272 0.319758 0.569987 0.539075 0.260453 0.311347 0.255056 0.257120 0.492021 0.420201 0.735610 0.714714 0.513588 0.486567 0.950560 0.829811 0.745181 0.755494 0.676246 0.813177 0.980253 0.963466 0.499902 0.486282 0.324617 0.349515 0.323075 0.442278 0.332579 0.414540 0.794812 0.678500 0.552106 0.466899 0.618241 0.633829 0.504808 0.572452 0.943642 0.910371 0.911417 0.841618 0.939252 0.994149 0.937527 0.920631 0.846568 0.744688 0.842424 0.846674 0.924259 0.897849 0.738888 0.868450 0.811425 0.907681 0.946706 0.959124 0.683248 0.623764
0.332397 0.337721 0.557463 0.540006 0.881344 0.756867 0.662257 0.489272 0.805416 0.900409 0.314153 0.209203 0.304142 0.277580 0.366072 0.358617 0.219365 0.217121 0.360596 0.308107 0.556312 0.799499 0.576407 0.404049 0.628474 0.812340 0.597772 0.880428 0.213433 0.000000 0.712586 0.647255 0.398369 0.416491 0.862075 0.921056 0.714144 0.620567 0.894675 0.751350 0.621809 0.803100 0.933870 0.904614 0.917870 0.938660 0.669822 0.754301 0.920957 0.750591 0.823329 0.772465 0.909469 0.900594 0.391334 0.598338 0.315207 0.276911 0.617858 0.560634 0.255026 0.293327 0.291568 0.257190 0.382968 0.288249 0.779128 0.743876 0.469834 0.447365 0.882827 0.791645 0.834368 0.871689 0.662367 0.891869 0.853326 0.905329 0.542805 0.470843 0.320716 0.368050 0.283239 0.392235 0.339643 0.364503 0.676593 0.616440 0.541869 0.475563 0.449158 0.410869 0.381345 0.399220 0.904669 0.970935 0.785801 0.735763 0.734069 0.820242 0.818689 0.740635 0.979784 0.935622 0.944567 0.938458 0.991417 0.767808 0.734938 0.911874 0.836513 0.962240 0.776203 0.937014 0.738008 0.649809
0.793376 0.701506 0.499817 0.357659 0.780696 0.837389 0.268092 0.343578 0.814566 0.654660 0.895272 0.781794 0.742835 0.691066 0.736585 0.503852 0.718226 0.762518 0.591954 0.810059 0.656842 0.857560 0.242375 0.508488 0.759099 0.637282 0.766658 0.851192 0.732969 0.712586 0.000000 0.342755 0.424649 0.401160 0.544835 0.719943 0.653891 0.673880 0.955133 0.810952 0.895561 0.756941 0.415934 0.356570 0.491654 0.426216 0.422102 0.413165 0.550180 0.375448 0.334393 0.286848 0.329756 0.396927 0.526757 0.572207 0.685170 0.701576 0.511530 0.526099 0.577801 0.518251 0.612444 0.586151 0.771820 0.566403 0.300047 0.301866 0.997420 0.598119 0.483051 0.792605 0.400749 0.492469 0.696111 0.577349 0.431578 0.526130 0.427420 0.595142 0.720880 0.927612 0.647679 0.880085 0.731786 0.640894 0.886499 0.930970 0.783416 0.688791 0.970835 0.986044 0.976346 0.918933 0.604222 0.786831 0.785779 0.740048 0.583467 0.525357 0.861846 0.769870 0.696827 0.712302 0.455478 0.431430 0.615561 0.720718 0.883063 0.760691 0.667306 0.624358 0.589815 0.621297 0.419871 0.934780
0.628101 0.573132 0.520322 0.400118 0.833741 0.920809 0.384265 0.430782 0.921371 0.829219 0.919759 0.650899 0.584246 0.560351 0.648130 0.492522 0.590922 0.609416 0.486016 0.696453 0.615070 0.877552 0.355983 0.510214 0.642721 0.636794 0.673869 0.937321 0.667793 0.647255 0.342755 0.000000 0.407277 0.376188 0.641436 0.708548 0.665983 0.686957 0.937185 0.765253 0.897273 0.778010 0.550971 0.448006 0.677820 0.570068 0.418544 0.383473 0.636400 0.432083 0.451236 0.388173 0.441511 0.617491 0.469969 0.535322 0.562012 0.574390 0.454751 0.467496 0.534444 0.515699 0.520214 0.509430 0.684130 0.476246 0.449944 0.409064 0.817347 0.617535 0.723522 0.978439 0.576019 0.647243 0.656546 0.704771 0.696750 0.774141 0.464142 0.462346 0.553572 0.676602 0.458689 0.648976 0.555163 0.485017 0.976301 0.791517 0.641445 0.560234 0.855785 0.849081 0.838833 0.797316 0.775526 0.869923 0.945785 0.791043 0.747651 0.627699 0.955830 0.844451 0.683475 0.737962 0.602112 0.436029 0.648241 0.863885 0.976770 0.795126 0.585921 0.801704 0.723307 0.695253 0.450319 0.929514
0.311418 0.302039 0.445766 0.339114 0.964145 0.827811 0.313928 0.286270 0.774646 0.903030 0.600889 0.364745 0.393657 0.391038 0.527210 0.475460 0.310611 0.337876 0.253253 0.364248 0.490587 0.999261 0.350425 0.402880 0.589394 0.667991 0.596800 0.928936 0.345205 0.398369 0.424649 0.407277 0.000000 0.223785 0.617412 0.927125 0.637555 0.616782 0.962874 0.771035 0.720900 0.681853 0.647729 0.479013 0.755424 0.583085 0.348184 0.402193 0.548976 0.404808 0.442412 0.398595 0.605093 0.837824 0.311884 0.377528 0.268721 0.282394 0.300709 0.281212 0.293951 0.324888 0.255979 0.244469 0.481065 0.381171 0.405752 0.461614 0.500945 0.322161 0.903533 0.848581 0.598302 0.727611 0.667362 0.647485 0.771166 0.812388 0.268942 0.377636 0.318296 0.446109 0.323052 0.425443 0.296377 0.296925 0.978020 0.624916 0.486216 0.361930 0.623411 0.677240 0.606482 0.595370 0.828960 0.808010 0.843919 0.962022 0.846274 0.760607 0.944375 0.966657 0.787162 0.654593 0.544490 0.552399 0.721959 0.939305 0.825177 0.746701 0.668200 0.745552 0.839756 0.764593 0.475430 0.712749
0.342675 0.322140 0.460335 0.385462 0.906908 0.958089 0.312446 0.322450 0.775449 0.897724 0.579517 0.382060 0.367124 0.352685 0.476571 0.448834 0.315012 0.338868 0.268031 0.352543 0.570182 0.950680 0.366510 0.422273 0.598086 0.644816 0.516400 0.932401 0.369874 0.416491 0.401160 0.376188 0.223785 0.000000 0.652588 0.867205 0.591079 0.585195 0.903034 0.747930 0.715888 0.626053 0.677108 0.506022 0.759153 0.587783 0.357396 0.461507 0.562162 0.422073 0.466643 0.415276 0.584739 0.832710 0.314213 0.310986 0.301089 0.316946 0.337298 0.342298 0.307817 0.342810 0.242211 0.252611 0.538575 0.408436 0.465294 0.496225 0.539677 0.379941 0.887619 0.857004 0.585115 0.686424 0.649471 0.712979 0.785205 0.788636 0.336120 0.412689 0.327262 0.430200 0.369810 0.438388 0.323611 0.333207 0.985089 0.641098 0.460217 0.349940 0.642381 0.701136 0.597245 0.588630 0.824439 0.906243 0.889753 0.976874 0.839039 0.738845 0.911360 0.958165 0.747315 0.619206 0.659649 0.561479 0.682482 0.962897 0.889359 0.837169 0.719409 0.749478 0.844038 0.805415 0.472337 0.767885
0.861324 0.767329 0.566835 0.552858 0.929275 0.986849 0.606586 0.663956 0.955089 0.997606 0.913915 0.844103 0.881234 0.854787 0.852931 0.732820 0.759625 0.794460 0.701314 0.871158 0.869327 0.975895 0.489187 0.604077 0.605749 0.549486 0.760652 0.863661 0.864619 0.862075 0.544835 0.641436 0.617412 0.652588 0.000000 0.876452 0.609223 0.716527 0.793734 0.950790 0.795500 0.758329 0.589571 0.542875 0.782554 0.718264 0.546121 0.581405 0.819651 0.642285 0.645194 0.620203 0.644819 0.708678 0.700413 0.667780 0.769462 0.774396 0.726245 0.741808 0.841175 0.791903 0.839657 0.761695 0.680304 0.637055 0.509652 0.596275 0.857302 0.669359 0.769009 0.871616 0.704833 0.765975 0.769634 0.708457 0.574213 0.669080 0.676425 0.757928 0.771040 0.843156 0.731106 0.762657 0.718576 0.644042 0.840583 0.842047 0.759053 0.714668 0.951454 0.933043 0.960448 0.882598 0.800698 0.817482 0.898172 0.989902 0.856984 0.707848 0.973165 0.938099 0.809625 0.808740 0.537493 0.712305 0.700368 0.934561 0.877728 0.774483 0.652749 0.837212 0.811820 0.923463 0.670722 0.988973
0.940240 0.959292 0.799142 0.824654 0.900728 0.995253 0.867776 0.928973 0.993402 0.956445 0.919308 0.957477 0.928699 0.886112 0.932471 0.939847 0.965442 0.972944 0.997982 0.949555 0.948484 0.951786 0.855881 0.958244 0.851852 0.855560 0.725960 0.905503 0.998303 0.921056 0.719943 0.708548 0.927125 0.867205 0.876452 0.000000 0.785539 0.648040 0.892781 0.870978 0.987900 0.927626 0.863290 0.813753 0.852491 0.879545 0.906807 0.858253 0.945605 0.895156 0.915458 0.858633 0.787089 0.810948 0.940800 0.911906 0.928377 0.970452 0.972506 0.963416 0.974478 0.913643 0.974354 0.972753 0.870455 0.824946 0.773433 0.691718 0.875143 0.929673 0.778471 0.834016 0.829391 0.986903 0.847752 0.933711 0.974368 0.750128 0.949406 0.911794 0.981094 0.919638 0.862330 0.999184 0.995840 0.937655 0.991685 0.854285 0.869972 0.981411 0.905030 0.872467 0.903281 0.909191 0.982819 0.866131 0.856893 0.739123 0.959274 0.989990 0.906139 0.977030 0.874006 0.933515 0.947240 0.866374 0.946997 0.933628 0.843741 0.917249 0.896651 0.913258 0.929233 0.946290 0.892009 0.839636
0.695219 0.598756 0.504380 0.533647 0.785578 0.943203 0.705738 0.736552 0.716186 0.820258 0.890898 0.759369 0.855665 0.854481 0.915170 0.823698 0.655207 0.687770 0.625418 0.720724 0.698650 0.892991 0.631720 0.653812 0.440916 0.500827 0.523682 0.941724 0.812805 0.714144 0.653891 0.665983 0.637555 0.591079 0.609223 0.785539 0.000000 0.477893 0.681485 0.672149 0.584103 0.666928 0.835925 0.724398 0.985598 0.910785 0.598606 0.734368 0.980677 0.755098 0.823438 0.746165 0.846986 0.963531 0.628192 0.612152 0.633544 0.633732 0.678764 0.694882 0.813717 0.812048 0.736919 0.700559 0.597280 0.628995 0.608650 0.711242 0.653946 0.607837 0.833346 0.876948 0.890225 0.954765 0.762322 0.929312 0.914833 0.906361 0.781907 0.772479 0.725706 0.801918 0.631371 0.600346 0.661193 0.593155 0.766457 0.777701 0.731737 0.668369 0.581843 0.656295 0.589922 0.576910 0.988342 0.975989 0.967454 0.978529 0.859317 0.961283 0.764230 0.824862 0.959765 0.848859 0.737025 0.710203 0.911757 0.949832 0.982230 0.836728 0.878840 0.975312 0.951414 0.972040 0.792103 0.937950
0.614856 0.537281 0.566983 0.589005 0.760023 0.899955 0.742835 0.708570 0.778807 0.719445 0.789836 0.699301 0.796748 0.825401 0.939710 0.807017 0.633061 0.623830 0.639385 0.626778 0.726007 0.907948 0.693147 0.683974 0.509837 0.588841 0.593272 0.936679 0.756925 0.620567 0.673880 0.686957 0.616782 0.585195 0.716527 0.648040 0.477893 0.000000 0.578049 0.731896 0.625413 0.699291 0.988771 0.838130 0.888742 0.984960 0.680255 0.776064 0.941354 0.851690 0.919369 0.826380 0.916307 0.918541 0.634913 0.634407 0.548594 0.541698 0.715129 0.688013 0.712909 0.700700 0.687041 0.604060 0.573532 0.554936 0.735489 0.720311 0.596310 0.496067 0.945804 0.866202 0.917581 0.957285 0.795877 0.942468 0.954572 0.963268 0.721803 0.750064 0.639385 0.743395 0.561077 0.566928 0.656601 0.568050 0.770442 0.781369 0.677609 0.567755 0.521790 0.506711 0.560645 0.434021 0.898893 0.963865 0.978498 0.926404 0.745153 0.850567 0.835891 0.706897 0.938037 0.933576 0.883455 0.848271 0.861766 0.859973 0.972836 0.880281 0.919140 0.818106 0.830304 0.934576 0.825589 0.721126
