0.000000 0.258765 0.425747 0.442774 0.860979 0.744881 0.490591 0.432308 0.792913 0.728935 0.381543 0.296369 0.327315 0.469128 0.459425 0.495409 0.307300 0.286259 0.326581 0.325465 0.649823 0.726940 0.511366 0.494591 0.571076 0.556645 0.889614 0.908022 0.328693 0.313611 0.394531 0.496934 0.369245 0.377945 0.743336 0.715162 0.593731 0.696052 0.752977 0.872578 0.992907 0.825514 0.517406 0.479938 0.467426 0.398339 0.393911 0.413568 0.737481 0.490512 0.505071 0.582634 0.684031 0.780151 0.685554 0.812305 0.395809 0.364201 0.343614 0.360652 0.254843 0.390551 0.246582 0.289791 0.419769 0.382430 0.451532 0.352260 0.467782 0.395016 0.591457 0.551846 0.421038 0.439161 0.759394 0.778485 0.611259 0.499652 0.460421 0.455165 0.277905 0.299053 0.419129 0.500253 0.417581 0.338721 0.973698 0.767576 0.776864 0.642078 0.889244 0.981004 0.902296 0.992763 0.619381 0.622500 0.615429 0.739342 0.570764 0.534510 0.761592 0.754236 0.624149 0.626448 0.569527 0.708908 0.910921 0.878134 0.760841 0.713272 0.940923 0.652271 0.625670 0.687852 0.640815 0.864749
0.258765 0.000000 0.583897 0.541137 0.810431 0.956018 0.619411 0.490524 0.888887 0.812756 0.453006 0.352946 0.499088 0.523453 0.572814 0.598601 0.260890 0.302480 0.421215 0.382969 0.629377 0.778640 0.625200 0.641212 0.641540 0.666386 0.760354 0.928700 0.329923 0.351910 0.482453 0.603872 0.460266 0.457348 0.868989 0.681610 0.621701 0.682763 0.760114 0.871088 0.987981 0.628414 0.564462 0.542878 0.523371 0.503441 0.442153 0.475572 0.718491 0.598000 0.561768 0.669771 0.848575 0.867250 0.750133 0.924837 0.276438 0.253069 0.387118 0.418954 0.354011 0.409879 0.276750 0.195044 0.535602 0.494026 0.548302 0.407429 0.482806 0.336559 0.659536 0.606586 0.437347 0.498015 0.875133 0.792292 0.663371 0.481929 0.525094 0.615155 0.297897 0.400730 0.394688 0.460961 0.520832 0.473815 0.976357 0.965552 0.859886 0.660267 0.985840 0.949903 0.958187 0.951123 0.639756 0.708021 0.726670 0.609539 0.647451 0.585297 0.850091 0.864570 0.674400 0.632151 0.558458 0.749275 0.953956 0.880637 0.883551 0.757810 0.804465 0.596584 0.722843 0.765041 0.682698 0.897426
0.425747 0.583897 0.000000 0.192862 0.884817 0.593055 0.201644 0.249798 0.436412 0.413620 0.415970 0.413769 0.299053 0.523073 0.423526 0.453104 0.575625 0.434410 0.313829 0.413040 0.667057 0.697604 0.352834 0.345922 0.618211 0.401239 0.958519 0.949064 0.530513 0.422738 0.341945 0.381257 0.316162 0.326019 0.763751 0.813845 0.632896 0.878921 0.571649 0.737395 0.813074 0.939338 0.304805 0.305002 0.283095 0.314780 0.279428 0.351739 0.594396 0.407224 0.408939 0.393920 0.498476 0.556563 0.634734 0.680402 0.725110 0.775228 0.412364 0.505554 0.252729 0.413751 0.552664 0.619570 0.226384 0.224119 0.264454 0.268730 0.724506 0.615662 0.419513 0.497291 0.509636 0.456186 0.808944 0.721173 0.519664 0.595913 0.520907 0.437161 0.510653 0.402595 0.648501 0.701311 0.497856 0.373392 0.929956 0.836144 0.767651 0.640750 0.578117 0.661472 0.636904 0.665815 0.539864 0.576329 0.457244 0.695681 0.388006 0.338469 0.608287 0.531053 0.575891 0.527156 0.425624 0.516989 0.970029 0.769261 0.803771 0.825624 0.772783 0.498477 0.456648 0.721606 0.567300 0.832199
0.442774 0.541137 0.192862 0.000000 0.849197 0.587867 0.218090 0.193391 0.436118 0.402890 0.488424 0.398843 0.340911 0.470930 0.436060 0.410841 0.579474 0.432481 0.339507 0.424357 0.562718 0.689771 0.341191 0.333062 0.712784 0.421207 0.947621 0.982584 0.470301 0.430924 0.353090 0.406094 0.279404 0.287160 0.769157 0.782302 0.646944 0.900322 0.698452 0.839124 0.869990 0.867062 0.286861 0.299515 0.301660 0.325210 0.284597 0.372958 0.630779 0.417652 0.403482 0.346345 0.504005 0.457256 0.661591 0.702823 0.702497 0.746579 0.378636 0.466201 0.264042 0.356685 0.538555 0.568409 0.259148 0.194207 0.262534 0.256545 0.763421 0.587651 0.363304 0.417049 0.513803 0.455423 0.793882 0.690087 0.474060 0.567945 0.519921 0.491494 0.507912 0.380822 0.648226 0.590201 0.477441 0.334772 0.986653 0.869121 0.782005 0.584830 0.473058 0.570027 0.514120 0.586673 0.545990 0.617199 0.464464 0.623407 0.348198 0.292020 0.547561 0.542617 0.554594 0.466735 0.390437 0.518883 0.973635 0.828503 0.878986 0.851145 0.774232 0.438521 0.421735 0.607587 0.511040 0.801507
0.860979 0.810431 0.884817 0.849197 0.000000 0.903139 0.807769 0.770633 0.877210 0.992698 0.928644 0.890392 0.781371 0.950444 0.813487 0.850233 0.825594 0.880346 0.826222 0.924684 0.770486 0.812539 0.784092 0.853529 0.985555 0.974622 0.779907 0.835022 0.814780 0.850486 0.880715 0.970548 0.854415 0.823936 0.948277 0.969967 0.938722 0.892581 0.913123 0.893895 0.935639 0.949314 0.875073 0.892586 0.788624 0.791118 0.732186 0.800831 0.839647 0.778610 0.807030 0.834264 0.958569 0.745347 0.863746 0.813522 0.909115 0.902521 0.766523 0.810880 0.679242 0.725311 0.745141 0.797507 0.757709 0.744236 0.774627 0.796750 0.847310 0.907919 0.722916 0.896651 0.859902 0.938464 0.966349 0.773064 0.875020 0.994341 0.934420 0.976551 0.686364 0.730449 0.768891 0.822193 0.657636 0.711244 0.841103 0.923407 0.907136 0.832146 0.924447 0.911706 0.934116 0.975795 0.890859 0.946946 0.942264 0.785474 0.879159 0.792220 0.955950 0.997719 0.979921 0.932431 0.881519 0.857838 0.913090 0.980046 0.714674 0.995153 0.986749 0.764693 0.815090 0.869433 0.937145 0.996144
0.744881 0.956018 0.593055 0.587867 0.903139 0.000000 0.515291 0.611520 0.516297 0.657791 0.790884 0.806477 0.641489 0.848438 0.741109 0.659864 0.973450 0.898895 0.714802 0.814515 0.790081 0.916992 0.639512 0.668702 0.866388 0.745171 0.824274 0.828125 0.870011 0.902000 0.656872 0.772431 0.682151 0.675146 0.595844 0.919720 0.886153 0.778806 0.984263 0.917758 0.976263 0.936989 0.610593 0.617821 0.553856 0.597262 0.611994 0.637338 0.954492 0.696810 0.729076 0.630747 0.646925 0.680785 0.787319 0.762324 0.850932 0.859853 0.777016 0.737508 0.660818 0.746583 0.888961 0.983204 0.656321 0.592426 0.535462 0.651972 0.909743 0.831328 0.629643 0.606402 0.830564 0.813883 0.800486 0.862080 0.658259 0.890757 0.800459 0.700566 0.787562 0.660931 0.974007 0.833067 0.717443 0.634981 0.971335 0.851675 0.965374 0.751796 0.575189 0.672168 0.570798 0.624218 0.644082 0.739517 0.681183 0.985594 0.635283 0.666517 0.661881 0.628251 0.871725 0.687455 0.629885 0.821589 0.967377 0.925923 0.896170 0.949503 0.844334 0.765521 0.671337 0.766261 0.722856 0.839994
0.490591 0.619411 0.201644 0.218090 0.807769 0.515291 0.000000 0.195585 0.376511 0.314722 0.440024 0.516516 0.382384 0.622374 0.525940 0.529763 0.529696 0.414947 0.295554 0.432428 0.643957 0.650743 0.404049 0.458349 0.757730 0.507121 0.967107 0.982352 0.551165 0.476175 0.395385 0.427377 0.302448 0.272912 0.782217 0.734312 0.723005 0.941487 0.794959 0.804213 0.932037 0.870523 0.215943 0.212614 0.214759 0.265365 0.278730 0.320372 0.640090 0.431221 0.389969 0.384900 0.523001 0.455731 0.665847 0.736593 0.664411 0.765432 0.402465 0.572946 0.318352 0.515329 0.536499 0.641816 0.310030 0.280481 0.172926 0.234505 0.770565 0.655243 0.341051 0.371233 0.552451 0.447001 0.853589 0.669983 0.402364 0.573395 0.529923 0.469314 0.502439 0.404434 0.676867 0.706052 0.551767 0.459167 0.909503 0.883994 0.855304 0.778667 0.405207 0.457127 0.476053 0.462975 0.513827 0.593849 0.465600 0.654017 0.301573 0.258142 0.503043 0.413649 0.514834 0.402586 0.388350 0.470288 0.956049 0.744336 0.786648 0.878163 0.694211 0.411932 0.362376 0.633457 0.514922 0.800017
0.432308 0.490524 0.249798 0.193391 0.770633 0.611520 0.195585 0.000000 0.437673 0.305614 0.461320 0.413139 0.369629 0.526566 0.488781 0.482096 0.486333 0.387706 0.344301 0.375480 0.627183 0.678322 0.409811 0.439293 0.800453 0.538100 0.871730 0.987726 0.494345 0.450218 0.439640 0.477877 0.307052 0.286088 0.841283 0.772129 0.727261 0.911428 0.833282 0.891583 0.943467 0.780785 0.264071 0.283209 0.285581 0.298885 0.313582 0.351839 0.588326 0.375886 0.384026 0.360291 0.546220 0.429369 0.696908 0.788915 0.591836 0.622434 0.302485 0.440344 0.271771 0.336745 0.500626 0.494105 0.307268 0.220418 0.239851 0.248320 0.786328 0.526981 0.375877 0.416147 0.561548 0.498015 0.872962 0.637565 0.483805 0.533478 0.490744 0.567744 0.467619 0.388328 0.667858 0.637095 0.520109 0.393160 0.993797 0.862900 0.817987 0.645442 0.436028 0.500260 0.462097 0.535737 0.479652 0.566141 0.491886 0.579220 0.303819 0.242224 0.459791 0.502257 0.517272 0.433067 0.361469 0.470318 0.952854 0.776958 0.819101 0.801964 0.764910 0.361990 0.374963 0.620571 0.551174 0.734204
0.792913 0.888887 0.436412 0.436118 0.877210 0.516297 0.376511 0.437673 0.000000 0.414878 0.779258 0.784546 0.632986 0.788302 0.727893 0.652936 0.843798 0.804410 0.661025 0.725668 0.814157 0.818488 0.549269 0.562421 0.959568 0.628851 0.957256 0.918642 0.889656 0.818805 0.633154 0.624124 0.602842 0.572019 0.863137 0.819877 0.956201 0.946352 0.926254 0.806130 0.793406 0.857442 0.433823 0.491642 0.477986 0.532773 0.519649 0.589525 0.754260 0.537413 0.445163 0.443976 0.458396 0.358986 0.776073 0.737210 0.981096 0.929268 0.578977 0.762369 0.589426 0.710345 0.836075 0.916512 0.534619 0.477611 0.413564 0.557609 0.959905 0.822696 0.488490 0.580461 0.798138 0.698512 0.979937 0.780608 0.637228 0.759617 0.762419 0.676894 0.786543 0.710196 0.839163 0.887101 0.766528 0.644166 0.771324 0.836082 0.784038 0.839098 0.369029 0.427715 0.361248 0.426166 0.641876 0.801850 0.579553 0.665286 0.435472 0.472312 0.504739 0.504439 0.731710 0.608476 0.568640 0.616987 0.739607 0.695114 0.999229 0.989084 0.826958 0.528026 0.500769 0.886689 0.610843 0.803774
0.728935 0.812756 0.413620 0.402890 0.992698 0.657791 0.314722 0.305614 0.414878 0.000000 0.636007 0.646768 0.620993 0.737370 0.714082 0.690392 0.676512 0.632185 0.574842 0.546110 0.815369 0.846149 0.556529 0.631505 0.934323 0.606624 0.962848 0.898094 0.782630 0.675268 0.572677 0.526371 0.474247 0.448542 0.873300 0.727167 0.894787 0.898130 0.913413 0.925570 0.893794 0.777423 0.331755 0.340227 0.387321 0.423094 0.500263 0.486139 0.602556 0.471583 0.455299 0.411510 0.534821 0.509266 0.840385 0.906879 0.783522 0.882658 0.471450 0.659581 0.596995 0.604245 0.762512 0.775399 0.524737 0.461681 0.368729 0.443226 0.987292 0.731618 0.512781 0.485707 0.747866 0.589363 0.857244 0.718050 0.502097 0.635915 0.614483 0.636825 0.765932 0.709996 0.867547 0.890204 0.841507 0.728091 0.951507 0.985463 0.994907 0.850079 0.424125 0.425983 0.481218 0.478925 0.606946 0.594186 0.523877 0.659206 0.290047 0.311024 0.472564 0.413047 0.532720 0.488933 0.537312 0.488374 0.782359 0.695246 0.920462 0.899720 0.692714 0.479309 0.419201 0.848034 0.573190 0.684196
0.381543 0.453006 0.415970 0.488424 0.928644 0.790884 0.440024 0.461320 0.779258 0.636007 0.000000 0.396085 0.449010 0.571509 0.655810 0.660419 0.435604 0.289304 0.288081 0.282443 0.692337 0.737441 0.719319 0.612979 0.800392 0.657853 0.957220 0.906426 0.445325 0.356468 0.530759 0.557573 0.507633 0.434852 0.963924 0.838857 0.755930 0.771714 0.792511 0.773608 0.993600 0.976134 0.557061 0.486494 0.515012 0.511523 0.501066 0.517308 0.862881 0.627719 0.625924 0.706876 0.756410 0.745197 0.796088 0.993669 0.463810 0.496188 0.569222 0.616875 0.425861 0.617586 0.367381 0.482207 0.579146 0.537626 0.530634 0.399104 0.635829 0.683930 0.671387 0.617332 0.571942 0.498099 0.864650 0.730976 0.621113 0.525027 0.624044 0.498980 0.459205 0.425066 0.589001 0.709532 0.729061 0.624948 0.963861 0.860281 0.998106 0.878724 0.832036 0.850288 0.887076 0.824901 0.671139 0.689607 0.753012 0.912299 0.617011 0.537729 0.715886 0.588948 0.598931 0.523964 0.647162 0.793777 0.923721 0.867125 0.963952 0.871181 0.807669 0.656249 0.643294 0.768478 0.764635 0.963124
0.296369 0.352946 0.413769 0.398843 0.890392 0.806477 0.516516 0.413139 0.784546 0.646768 0.396085 0.000000 0.303340 0.301094 0.303967 0.325857 0.407838 0.338820 0.366138 0.353802 0.522561 0.684204 0.402647 0.385425 0.606091 0.567956 0.977292 0.921632 0.319871 0.311481 0.371238 0.431003 0.387561 0.406772 0.824241 0.863497 0.639425 0.710451 0.705664 0.904013 0.980985 0.870546 0.559522 0.522870 0.520650 0.480899 0.429166 0.406946 0.773269 0.539852 0.585302 0.580082 0.770318 0.800765 0.830322 0.929269 0.522585 0.527264 0.453593 0.454142 0.278059 0.347442 0.352565 0.334791 0.407158 0.362123 0.522703 0.420570 0.674812 0.526573 0.606125 0.590856 0.390648 0.435655 0.724328 0.706331 0.641390 0.437457 0.568757 0.544543 0.474357 0.439230 0.427446 0.593013 0.478019 0.388547 0.995483 0.896089 0.883044 0.635131 0.961846 0.963245 0.939700 0.929231 0.664833 0.665110 0.711817 0.725465 0.640616 0.527947 0.796221 0.776423 0.634506 0.665460 0.509230 0.610892 0.943674 0.950647 0.905388 0.705034 0.886083 0.693370 0.721205 0.672223 0.608897 0.951816
0.327315 0.499088 0.299053 0.340911 0.781371 0.641489 0.382384 0.369629 0.632986 0.620993 0.449010 0.303340 0.000000 0.337697 0.280719 0.313961 0.540137 0.485989 0.352218 0.437415 0.614264 0.731511 0.312213 0.314034 0.649522 0.544029 0.971254 0.983621 0.443066 0.427247 0.402773 0.509386 0.414427 0.441463 0.751561 0.827036 0.675593 0.792797 0.641156 0.813064 0.978133 0.997851 0.451193 0.447930 0.435300 0.416796 0.393693 0.381699 0.775005 0.384377 0.429031 0.438005 0.573196 0.602630 0.646997 0.769394 0.679065 0.682540 0.391269 0.431846 0.214311 0.357580 0.398149 0.492913 0.244739 0.290139 0.395467 0.355981 0.716693 0.604922 0.510798 0.498777 0.468481 0.494397 0.806294 0.623671 0.597612 0.596999 0.606483 0.562842 0.497833 0.429868 0.505966 0.716283 0.393087 0.319809 0.841301 0.766117 0.749077 0.621500 0.772929 0.844106 0.744901 0.879949 0.666475 0.716243 0.650361 0.778593 0.547160 0.489362 0.706650 0.710899 0.611617 0.701047 0.451774 0.579171 0.997923 0.842758 0.687461 0.800370 0.863711 0.629813 0.614861 0.623814 0.590514 0.844833
0.469128 0.523453 0.523073 0.470930 0.950444 0.848438 0.622374 0.526566 0.788302 0.737370 0.571509 0.301094 0.337697 0.000000 0.270021 0.240636 0.612603 0.517387 0.436126 0.526241 0.594137 0.687062 0.393161 0.328776 0.641982 0.600387 0.928566 0.943526 0.398120 0.423329 0.437760 0.544998 0.481393 0.509100 0.874286 0.917030 0.664448 0.722172 0.762929 0.803606 0.967530 0.850576 0.581157 0.563984 0.680823 0.622396 0.581568 0.559834 0.880111 0.626879 0.619863 0.573290 0.737241 0.756737 0.849874 0.981446 0.671828 0.693501 0.531049 0.585535 0.429424 0.500056 0.467247 0.480108 0.427659 0.454344 0.569656 0.536072 0.922436 0.602773 0.561436 0.586731 0.579870 0.532134 0.834758 0.628518 0.591334 0.557179 0.653338 0.639505 0.691763 0.685473 0.489592 0.716572 0.545546 0.442333 0.895598 0.924149 0.930977 0.709714 0.871766 0.934855 0.802387 0.977517 0.715239 0.752023 0.850699 0.718366 0.662770 0.609928 0.753269 0.808559 0.636471 0.826175 0.541899 0.601398 0.964694 0.810874 0.884524 0.778610 0.897565 0.745057 0.742577 0.706184 0.618488 0.974837
0.459425 0.572814 0.423526 0.436060 0.813487 0.741109 0.525940 0.488781 0.727893 0.714082 0.655810 0.303967 0.280719 0.270021 0.000000 0.198389 0.608604 0.573062 0.478946 0.574391 0.619110 0.697700 0.202742 0.257440 0.482044 0.529188 0.947314 0.973746 0.451398 0.431223 0.303740 0.402353 0.388757 0.450984 0.682109 0.928739 0.642773 0.795367 0.698859 0.900562 0.990993 0.998861 0.518835 0.526529 0.538856 0.513555 0.474905 0.452005 0.811985 0.575600 0.590249 0.519634 0.695229 0.764362 0.691647 0.806751 0.780667 0.811719 0.526551 0.575140 0.338607 0.454278 0.473278 0.532066 0.319426 0.388681 0.460746 0.466919 0.886497 0.631563 0.470070 0.573684 0.440985 0.500489 0.738984 0.691176 0.577092 0.616495 0.579445 0.647440 0.572708 0.569296 0.453607 0.714874 0.377244 0.341833 0.840556 0.853674 0.917479 0.700996 0.897865 0.999118 0.859401 0.953771 0.716751 0.755292 0.724930 0.740788 0.660945 0.603155 0.833215 0.839026 0.734491 0.858335 0.439299 0.545651 0.964361 0.874467 0.809467 0.750911 0.849662 0.721342 0.695240 0.720239 0.546446 0.941179
0.495409 0.598601 0.453104 0.410841 0.850233 0.659864 0.529763 0.482096 0.652936 0.690392 0.660419 0.325857 0.313961 0.240636 0.198389 0.000000 0.640730 0.593296 0.459677 0.569042 0.575912 0.675820 0.223302 0.214449 0.547694 0.567348 0.891563 0.918366 0.455717 0.471685 0.352259 0.448904 0.412332 0.479684 0.738760 0.871355 0.732707 0.782814 0.747318 0.912232 0.981593 0.947363 0.466852 0.486505 0.529748 0.480687 0.446823 0.429080 0.813150 0.548152 0.516196 0.455619 0.591234 0.646251 0.778774 0.813755 0.806000 0.853539 0.515543 0.591733 0.387752 0.490809 0.506681 0.554093 0.361580 0.401163 0.450163 0.500526 0.901127 0.656380 0.417593 0.502459 0.463141 0.507240 0.680473 0.661443 0.532117 0.619088 0.606027 0.611304 0.630993 0.614571 0.514104 0.725152 0.444721 0.360426 0.912228 0.952080 0.951376 0.759863 0.779380 0.857930 0.735595 0.956413 0.718207 0.730238 0.736065 0.750461 0.629568 0.554536 0.778969 0.722827 0.681839 0.833406 0.435891 0.566055 0.920084 0.870110 0.849624 0.845726 0.818931 0.742611 0.667428 0.662624 0.523799 0.872301
0.307300 0.260890 0.575625 0.579474 0.825594 0.973450 0.529696 0.486333 0.843798 0.676512 0.435604 0.407838 0.540137 0.612603 0.608604 0.640730 0.000000 0.231739 0.353422 0.386809 0.616672 0.676598 0.620426 0.674446 0.639479 0.697830 0.853822 0.914573 0.318963 0.329875 0.479001 0.473599 0.425474 0.422654 0.950911 0.659996 0.684859 0.689564 0.818487 0.824856 0.883639 0.649638 0.515677 0.475312 0.495485 0.498246 0.471287 0.426184 0.777510 0.652543 0.579400 0.722026 0.852958 0.862749 0.794712 0.987230 0.208137 0.306901 0.411448 0.563874 0.439588 0.593509 0.254549 0.252624 0.583385 0.596076 0.501142 0.424422 0.499168 0.492454 0.599920 0.549904 0.463588 0.480049 0.833109 0.761453 0.569462 0.447878 0.466866 0.576803 0.291136 0.468849 0.429560 0.578628 0.586544 0.582467 0.997525 0.995838 0.982586 0.836153 0.917626 0.963730 0.956392 0.999896 0.702534 0.725938 0.721391 0.629995 0.603599 0.511898 0.917327 0.787313 0.555213 0.488037 0.616899 0.681621 0.949715 0.865469 0.825973 0.651300 0.771448 0.623205 0.678001 0.704602 0.655426 0.927666
0.286259 0.302480 0.434410 0.432481 0.880346 0.898895 0.414947 0.387706 0.804410 0.632185 0.289304 0.338820 0.485989 0.517387 0.573062 0.593296 0.231739 0.000000 0.212647 0.244845 0.621703 0.624061 0.626823 0.619201 0.639264 0.585193 0.908923 0.902778 0.252692 0.237180 0.452131 0.419496 0.354633 0.320723 0.923903 0.819937 0.650617 0.747024 0.776646 0.788373 0.968802 0.706480 0.457273 0.397453 0.467385 0.445757 0.429983 0.417878 0.785706 0.637273 0.605625 0.695408 0.840324 0.821444 0.816531 0.980518 0.267488 0.309273 0.454862 0.581884 0.370016 0.570392 0.242789 0.293850 0.530732 0.490888 0.458671 0.372266 0.529366 0.539201 0.595242 0.582664 0.470869 0.404143 0.793482 0.699731 0.595474 0.447548 0.472168 0.485441 0.339211 0.338348 0.455022 0.524559 0.591315 0.506592 0.988327 0.947915 0.984154 0.801127 0.832589 0.877514 0.896201 0.875788 0.660576 0.607392 0.701803 0.709801 0.521171 0.439470 0.760581 0.656597 0.591043 0.452897 0.568389 0.686677 0.830417 0.885601 0.902762 0.733983 0.834528 0.552355 0.584551 0.664306 0.643054 0.902980
0.326581 0.421215 0.313829 0.339507 0.826222 0.714802 0.295554 0.344301 0.661025 0.574842 0.288081 0.366138 0.352218 0.436126 0.478946 0.459677 0.353422 0.212647 0.000000 0.282070 0.612073 0.586566 0.493271 0.463388 0.612871 0.517304 0.958841 0.920373 0.312887 0.252430 0.372515 0.402547 0.333327 0.267764 0.867217 0.757754 0.653409 0.841776 0.709028 0.722651 0.932892 0.807144 0.347186 0.292976 0.384876 0.363220 0.332156 0.355384 0.745864 0.525804 0.494757 0.546234 0.660050 0.667674 0.766493 0.886264 0.443141 0.522616 0.436061 0.584665 0.321892 0.567315 0.304051 0.431109 0.385301 0.400500 0.345052 0.343058 0.633108 0.570737 0.476336 0.473481 0.477664 0.400512 0.829146 0.584888 0.523572 0.524400 0.534195 0.398897 0.415656 0.379861 0.557532 0.624938 0.537358 0.464534 0.892286 0.935637 0.966798 0.822365 0.697129 0.749550 0.764839 0.744939 0.600617 0.629065 0.673003 0.721482 0.435476 0.389591 0.683835 0.571235 0.536054 0.455593 0.488386 0.649317 0.950011 0.842814 0.815556 0.821039 0.810288 0.529147 0.499171 0.637064 0.555715 0.870642
0.325465 0.382969 0.413040 0.424357 0.924684 0.814515 0.432428 0.375480 0.725668 0.546110 0.282443 0.353802 0.437415 0.526241 0.574391 0.569042 0.386809 0.244845 0.282070 0.000000 0.710895 0.657951 0.604359 0.580216 0.741888 0.598836 0.877647 0.898545 0.352408 0.285596 0.473714 0.440657 0.371446 0.327851 0.885863 0.846405 0.726280 0.764343 0.778443 0.823570 0.878757 0.885365 0.473437 0.401962 0.472915 0.441575 0.428764 0.411013 0.746799 0.537812 0.558492 0.602451 0.688508 0.747838 0.838233 0.908656 0.405643 0.408986 0.461589 0.551610 0.379221 0.508773 0.334345 0.377656 0.535336 0.478661 0.488934 0.416923 0.639946 0.538352 0.662040 0.606744 0.523643 0.449136 0.765898 0.672239 0.632382 0.570023 0.560197 0.487694 0.479673 0.397994 0.559216 0.656009 0.703541 0.569796 0.890784 0.923207 0.907956 0.748672 0.808561 0.849216 0.888029 0.886346 0.669954 0.635962 0.648615 0.749132 0.474851 0.449793 0.632451 0.612565 0.632131 0.510796 0.577863 0.678672 0.959396 0.835230 0.859757 0.801998 0.759408 0.587331 0.572213 0.747606 0.640548 0.814260
0.649823 0.629377 0.667057 0.562718 0.770486 0.790081 0.643957 0.627183 0.814157 0.815369 0.692337 0.522561 0.614264 0.594137 0.619110 0.575912 0.616672 0.621703 0.612073 0.710895 0.000000 0.731851 0.582767 0.540946 0.810930 0.759794 0.949885 0.925976 0.592863 0.620020 0.594616 0.688123 0.590566 0.550375 0.761222 0.996864 0.679136 0.863407 0.857827 0.912019 0.898417 0.921174 0.656103 0.670118 0.666072 0.642349 0.582111 0.644545 0.938353 0.753364 0.770482 0.771160 0.823818 0.802786 0.918117 0.940451 0.729073 0.758742 0.691821 0.693977 0.595137 0.670863 0.585400 0.629305 0.659128 0.592504 0.631409 0.593535 0.851635 0.780787 0.566380 0.606802 0.609057 0.630803 0.807914 0.678027 0.678955 0.507640 0.787100 0.710630 0.650428 0.660418 0.579420 0.647725 0.673379 0.642814 0.895497 0.948650 0.983443 0.799459 0.819078 0.883288 0.766799 0.924232 0.825765 0.783530 0.792390 0.836819 0.751774 0.593249 0.876306 0.833523 0.613000 0.627739 0.661806 0.700570 0.927118 0.850489 0.948922 0.946572 0.893511 0.819824 0.827588 0.781515 0.840592 0.940066
0.726940 0.778640 0.697604 0.689771 0.812539 0.916992 0.650743 0.678322 0.818488 0.846149 0.737441 0.684204 0.731511 0.687062 0.697700 0.675820 0.676598 0.624061 0.586566 0.657951 0.731851 0.000000 0.716144 0.706807 0.872050 0.800503 0.916478 0.774432 0.561393 0.630917 0.693339 0.590585 0.541766 0.617784 0.975734 0.942968 0.948514 0.881175 0.937760 0.838376 0.994859 0.939580 0.698044 0.653441 0.747115 0.707538 0.703014 0.753232 0.928168 0.907390 0.822655 0.837463 0.906215 0.835804 0.854983 0.873939 0.733709 0.795839 0.849159 0.825328 0.680705 0.848188 0.696538 0.732295 0.710509 0.697026 0.630120 0.670976 0.888344 0.830086 0.648374 0.732579 0.783935 0.688084 0.950193 0.986017 0.753316 0.749768 0.958797 0.659398 0.767103 0.737838 0.723399 0.837759 0.783686 0.716412 0.932819 0.988256 0.948613 0.871492 0.779257 0.868989 0.867343 0.873958 0.854517 0.918902 0.923064 0.917457 0.761567 0.691337 0.878168 0.865629 0.882616 0.706529 0.833397 0.697692 0.917137 0.964146 0.996102 0.810363 0.800621 0.881237 0.797181 0.700590 0.830545 0.870649
0.511366 0.625200 0.352834 0.341191 0.784092 0.639512 0.404049 0.409811 0.549269 0.556529 0.719319 0.402647 0.312213 0.393161 0.202742 0.223302 0.620426 0.626823 0.493271 0.604359 0.582767 0.716144 0.000000 0.232712 0.487036 0.477271 0.990690 0.958806 0.537665 0.497733 0.274914 0.400919 0.326437 0.414934 0.621755 0.803299 0.636488 0.873995 0.697131 0.887183 0.937407 0.966550 0.370102 0.414113 0.378216 0.374861 0.338308 0.380934 0.672293 0.459196 0.436195 0.356179 0.504827 0.605688 0.619520 0.704516 0.828282 0.884311 0.431167 0.526313 0.321879 0.426945 0.528228 0.577713 0.255317 0.326352 0.312424 0.373195 0.871778 0.604218 0.342423 0.427826 0.451294 0.462447 0.723092 0.708509 0.443724 0.634701 0.503999 0.613423 0.541144 0.551153 0.488505 0.664586 0.355823 0.322345 0.850205 0.903620 0.841636 0.691687 0.693544 0.817477 0.665178 0.917536 0.630291 0.682086 0.552547 0.660910 0.522156 0.462455 0.794815 0.736356 0.625617 0.777496 0.357516 0.428972 0.831063 0.859644 0.745103 0.824579 0.753134 0.621106 0.581928 0.697290 0.449464 0.825319
0.494591 0.641212 0.345922 0.333062 0.853529 0.668702 0.458349 0.439293 0.562421 0.631505 0.612979 0.385425 0.314034 0.328776 0.257440 0.214449 0.674446 0.619201 0.463388 0.580216 0.540946 0.706807 0.232712 0.000000 0.522834 0.480785 0.946523 0.951989 0.493342 0.486280 0.321997 0.410276 0.432082 0.437672 0.681872 0.917789 0.703574 0.842569 0.697461 0.818288 0.933898 0.992913 0.442471 0.483678 0.481190 0.434634 0.385210 0.437197 0.698668 0.512013 0.483762 0.433684 0.523056 0.606869 0.661339 0.730924 0.865205 0.926774 0.456333 0.560556 0.351713 0.486303 0.546862 0.644650 0.321718 0.337590 0.411507 0.454139 0.881912 0.673791 0.419228 0.545029 0.480787 0.524383 0.748838 0.694846 0.546924 0.629590 0.611506 0.537953 0.563375 0.551171 0.569757 0.691558 0.422411 0.356033 0.818186 0.820807 0.860786 0.707492 0.724782 0.821081 0.699582 0.883486 0.680856 0.766067 0.608653 0.756230 0.618595 0.533026 0.722519 0.762459 0.687798 0.795093 0.474100 0.609732 0.928229 0.819561 0.810406 0.879706 0.838687 0.698171 0.602251 0.705920 0.518306 0.888523
0.571076 0.641540 0.618211 0.712784 0.985555 0.866388 0.757730 0.800453 0.959568 0.934323 0.800392 0.606091 0.649522 0.641982 0.482044 0.547694 0.639479 0.639264 0.612871 0.741888 0.810930 0.872050 0.487036 0.522834 0.000000 0.490606 0.910197 0.897474 0.571603 0.549843 0.439480 0.450929 0.587091 0.678450 0.575010 0.954845 0.609797 0.844404 0.598533 0.883867 0.874835 0.893175 0.686817 0.703095 0.692325 0.660941 0.590154 0.636150 0.794066 0.854670 0.828714 0.791191 0.847715 0.860717 0.643466 0.795858 0.788620 0.812988 0.685514 0.700256 0.597565 0.732394 0.640120 0.661339 0.581752 0.685236 0.667146 0.706182 0.599212 0.626643 0.750200 0.816209 0.465433 0.657146 0.646805 0.971544 0.764744 0.790780 0.666619 0.615805 0.550685 0.678711 0.642054 0.709897 0.497469 0.514635 0.953773 0.969011 0.972698 0.807989 0.868983 0.752001 0.897447 0.772807 0.686768 0.800050 0.661698 0.804163 0.856817 0.815287 0.820174 0.984735 0.902312 0.939302 0.670307 0.801897 0.879816 0.965347 0.853999 0.815707 0.933183 0.850026 0.865178 0.957872 0.670443 0.974182
0.556645 0.666386 0.401239 0.421207 0.974622 0.745171 0.507121 0.538100 0.628851 0.606624 0.657853 0.567956 0.544029 0.600387 0.529188 0.567348 0.697830 0.585193 0.517304 0.598836 0.759794 0.800503 0.477271 0.480785 0.490606 0.000000 0.957502 0.891671 0.594299 0.523947 0.371637 0.411727 0.411393 0.457572 0.670280 0.751200 0.637338 0.916959 0.546184 0.636241 0.826642 0.875856 0.452274 0.437723 0.466913 0.444751 0.432626 0.472829 0.593622 0.532899 0.503533 0.497458 0.566168 0.739102 0.659726 0.680011 0.830279 0.797121 0.504630 0.587528 0.495896 0.584510 0.628182 0.673705 0.439708 0.439750 0.480321 0.467707 0.779512 0.653579 0.586540 0.509245 0.535829 0.493902 0.710573 0.860402 0.538899 0.749920 0.636579 0.486027 0.627380 0.533616 0.698775 0.605754 0.573684 0.451175 0.935677 0.851753 0.743047 0.632920 0.719586 0.858399 0.818678 0.784941 0.635697 0.732395 0.528333 0.680824 0.522950 0.458035 0.784115 0.676587 0.712084 0.610558 0.499023 0.767438 0.945937 0.804139 0.942776 0.857708 0.892642 0.658711 0.526007 0.869032 0.570106 0.834533
0.889614 0.760354 0.958519 0.947621 0.779907 0.824274 0.967107 0.871730 0.957256 0.962848 0.957220 0.977292 0.971254 0.928566 0.947314 0.891563 0.853822 0.908923 0.958841 0.877647 0.949885 0.916478 0.990690 0.946523 0.910197 0.957502 0.000000 0.973413 0.906546 0.891926 0.899422 0.990029 0.923672 0.829183 0.984984 0.839864 0.828411 0.914732 0.947362 0.972669 0.842045 0.891207 0.942238 0.914479 0.896465 0.885756 0.876743 0.935083 0.801351 0.883581 0.836818 0.917533 0.982949 0.885982 0.915167 0.986981 0.731865 0.711810 0.835269 0.813353 0.887027 0.862023 0.869647 0.754238 0.980202 0.960162 0.906999 0.886393 0.944796 0.756775 0.934644 0.929088 0.959331 0.870955 0.933897 0.996306 0.951715 0.944454 0.992417 0.938416 0.817185 0.865883 0.948404 0.810681 0.964626 0.988566 0.910410 0.941072 0.752601 0.846278 0.981297 0.945448 0.998629 0.933090 0.933099 0.898031 0.915108 0.839202 0.930730 0.937757 0.904627 0.843772 0.869089 0.836614 0.936413 0.960547 0.952458 0.973476 0.963890 0.937516 0.987375 0.809236 0.878418 0.986125 0.838185 0.861782
0.908022 0.928700 0.949064 0.982584 0.835022 0.828125 0.982352 0.987726 0.918642 0.898094 0.906426 0.921632 0.983621 0.943526 0.973746 0.918366 0.914573 0.902778 0.920373 0.898545 0.925976 0.774432 0.958806 0.951989 0.897474 0.891671 0.973413 0.000000 0.872874 0.920249 0.987486 0.974376 0.917026 0.966312 0.923391 0.959654 0.912718 0.993230 0.991981 0.995385 0.830833 0.991448 0.941695 0.994028 0.904098 0.952421 0.916628 0.911554 0.816009 0.850170 0.891831 0.882625 0.903062 0.967073 0.911908 0.908901 0.900996 0.867967 0.930531 0.978036 0.998215 0.959953 0.880253 0.868270 0.910535 0.915640 0.960891 0.985506 0.853322 0.992304 0.910698 0.965126 0.975773 0.976210 0.840737 0.897207 0.914340 0.986813 0.850765 0.947164 0.902616 0.910088 0.975918 0.918877 0.954998 0.939163 0.838916 0.966308 0.984075 0.998837 0.982102 0.960804 0.949310 0.970281 0.930261 0.991811 0.907915 0.900804 0.972201 0.986625 0.914507 0.984869 0.944109 0.842658 0.983997 0.925034 0.797119 0.759809 0.847864 0.878417 0.983297 0.898412 0.892737 0.961481 0.979220 0.972039
0.328693 0.329923 0.530513 0.470301 0.814780 0.870011 0.551165 0.494345 0.889656 0.782630 0.445325 0.319871 0.443066 0.398120 0.451398 0.455717 0.318963 0.252692 0.312887 0.352408 0.592863 0.561393 0.537665 0.493342 0.571603 0.594299 0.906546 0.872874 0.000000 0.246332 0.410403 0.467740 0.419410 0.386467 0.827185 0.866575 0.669474 0.722230 0.751137 0.797303 0.945621 0.827627 0.559458 0.503322 0.556002 0.517943 0.470568 0.436662 0.826504 0.638370 0.640357 0.652427 0.814781 0.842823 0.706172 0.873579 0.394017 0.439132 0.511310 0.513684 0.365879 0.524635 0.264538 0.316070 0.515101 0.484673 0.519430 0.456345 0.577665 0.525646 0.631708 0.602404 0.435667 0.451314 0.752226 0.756377 0.608222 0.512896 0.604425 0.504388 0.398739 0.417669 0.427946 0.483029 0.495296 0.452967 0.891151 0.940206 0.962493 0.640446 0.969012 0.976190 0.984350 0.944737 0.694282 0.740411 0.775646 0.735141 0.648003 0.551286 0.865911 0.855795 0.698563 0.601835 0.600453 0.664263 0.885236 0.967915 0.878749 0.699762 0.817645 0.655572 0.705872 0.646934 0.632112 0.938231
0.313611 0.351910 0.422738 0.430924 0.850486 0.902000 0.476175 0.450218 0.818805 0.675268 0.356468 0.311481 0.427247 0.423329 0.431223 0.471685 0.329875 0.237180 0.252430 0.285596 0.620020 0.630917 0.497733 0.486280 0.549843 0.523947 0.891926 0.920249 0.246332 0.000000 0.316816 0.379606 0.356613 0.296853 0.847125 0.763728 0.663646 0.690945 0.664104 0.839875 0.923123 0.894865 0.503287 0.410904 0.490421 0.442682 0.412099 0.403037 0.791052 0.570708 0.585661 0.609250 0.712822 0.785995 0.689909 0.899280 0.415949 0.446302 0.534888 0.575217 0.362107 0.541704 0.287407 0.337837 0.492610 0.485076 0.462582 0.411949 0.564829 0.503250 0.569373 0.572638 0.402723 0.335592 0.701216 0.674710 0.660923 0.518229 0.560017 0.488171 0.410676 0.378031 0.438441 0.493294 0.604318 0.499138 0.833953 0.854544 0.964806 0.732949 0.944118 0.968831 0.975957 0.950908 0.651755 0.744885 0.691182 0.716887 0.590393 0.508661 0.780408 0.719860 0.565392 0.587117 0.621525 0.666863 0.952192 0.949220 0.901931 0.789986 0.784428 0.680348 0.648888 0.746045 0.605907 0.894800
0.394531 0.482453 0.341945 0.353090 0.880715 0.656872 0.395385 0.439640 0.633154 0.572677 0.530759 0.371238 0.402773 0.437760 0.303740 0.352259 0.479001 0.452131 0.372515 0.473714 0.594616 0.693339 0.274914 0.321997 0.439480 0.371637 0.899422 0.987486 0.410403 0.316816 0.000000 0.276037 0.275801 0.303733 0.590978 0.640595 0.550078 0.724974 0.617633 0.870929 0.969226 0.861384 0.329547 0.307731 0.304951 0.312382 0.285585 0.296544 0.576993 0.486938 0.429698 0.405595 0.540437 0.720556 0.603132 0.724368 0.640567 0.696018 0.443270 0.493035 0.341053 0.491880 0.417028 0.466879 0.348990 0.376916 0.294280 0.326981 0.740569 0.502110 0.395516 0.399621 0.374439 0.297669 0.670312 0.767720 0.465620 0.521030 0.455740 0.473074 0.439312 0.480558 0.449605 0.563745 0.483451 0.418967 0.874155 0.900927 0.912169 0.659492 0.809698 0.942117 0.848130 0.959056 0.604097 0.709214 0.503732 0.686126 0.499228 0.462848 0.742377 0.684875 0.552638 0.602023 0.455924 0.539694 0.878721 0.819222 0.836275 0.763878 0.720846 0.602669 0.507916 0.697421 0.435218 0.909667
0.496934 0.603872 0.381257 0.406094 0.970548 0.772431 0.427377 0.477877 0.624124 0.526371 0.557573 0.431003 0.509386 0.544998 0.402353 0.448904 0.473599 0.419496 0.402547 0.440657 0.688123 0.590585 0.400919 0.410276 0.450929 0.411727 0.990029 0.974376 0.467740 0.379606 0.276037 0.000000 0.328464 0.375853 0.674303 0.823907 0.660527 0.772782 0.612359 0.843976 0.916326 0.878886 0.410723 0.369760 0.440928 0.476178 0.452363 0.392604 0.782059 0.690119 0.612234 0.615714 0.722788 0.844688 0.799168 0.908498 0.624988 0.737845 0.578268 0.702246 0.483406 0.686972 0.523285 0.579351 0.479994 0.506059 0.435831 0.451273 0.703767 0.669356 0.523691 0.539117 0.430991 0.392124 0.686358 0.834732 0.573074 0.534188 0.544744 0.487817 0.567835 0.566113 0.605623 0.732679 0.652387 0.542745 0.958763 0.960427 0.986596 0.829818 0.804932 0.935005 0.903833 0.906890 0.698623 0.744267 0.580324 0.776105 0.538957 0.503804 0.800198 0.655698 0.686323 0.555741 0.548078 0.612226 0.987750 0.875622 0.938362 0.835401 0.661239 0.645175 0.578382 0.777422 0.503999 0.798654
0.369245 0.460266 0.316162 0.279404 0.854415 0.682151 0.302448 0.307052 0.602842 0.474247 0.507633 0.387561 0.414427 0.481393 0.388757 0.412332 0.425474 0.354633 0.333327 0.371446 0.590566 0.541766 0.326437 0.432082 0.587091 0.411393 0.923672 0.917026 0.419410 0.356613 0.275801 0.328464 0.000000 0.273452 0.735475 0.689056 0.632105 0.840981 0.733265 0.849501 0.882497 0.814608 0.286325 0.259838 0.288267 0.274995 0.276700 0.329021 0.612212 0.491009 0.444736 0.429149 0.566887 0.656232 0.636832 0.713560 0.553576 0.573110 0.383929 0.482062 0.317378 0.411563 0.420006 0.455854 0.307492 0.305364 0.268581 0.260460 0.692204 0.483798 0.361901 0.394768 0.441083 0.362409 0.777387 0.719309 0.379576 0.538195 0.401851 0.472737 0.414616 0.373658 0.485748 0.521654 0.442457 0.350064 0.962007 0.946860 0.884000 0.653385 0.607721 0.735498 0.684027 0.787976 0.565178 0.573819 0.432463 0.560511 0.375293 0.305768 0.675083 0.589044 0.615251 0.466872 0.394910 0.469808 0.991672 0.780127 0.829532 0.758681 0.698534 0.524094 0.429224 0.665710 0.475182 0.897947
0.377945 0.457348 0.326019 0.287160 0.823936 0.675146 0.272912 0.286088 0.572019 0.448542 0.434852 0.406772 0.441463 0.509100 0.450984 0.479684 0.422654 0.320723 0.267764 0.327851 0.550375 0.617784 0.414934 0.437672 0.678450 0.457572 0.829183 0.966312 0.386467 0.296853 0.303733 0.375853 0.273452 0.000000 0.704326 0.730350 0.598034 0.760489 0.767545 0.824580 0.938050 0.863533 0.297258 0.245529 0.281837 0.276651 0.282592 0.348001 0.635396 0.437941 0.434798 0.414928 0.567109 0.617456 0.708074 0.750288 0.511294 0.570729 0.395688 0.525388 0.322876 0.477427 0.385799 0.439496 0.361162 0.331687 0.265226 0.263401 0.784071 0.543851 0.448074 0.431888 0.480894 0.410557 0.737525 0.658407 0.437248 0.501791 0.484092 0.427980 0.457434 0.390024 0.549936 0.548309 0.525228 0.467864 0.907147 0.924751 0.947220 0.751000 0.634259 0.716160 0.719149 0.717798 0.562861 0.628650 0.602279 0.626520 0.333705 0.313554 0.629027 0.587187 0.518807 0.389664 0.440906 0.577342 0.871755 0.725371 0.855496 0.838053 0.684985 0.418231 0.438392 0.663620 0.425240 0.795121
0.743336 0.868989 0.763751 0.769157 0.948277 0.595844 0.782217 0.841283 0.863137 0.873300 0.963924 0.824241 0.751561 0.874286 0.682109 0.738760 0.950911 0.923903 0.867217 0.885863 0.761222 0.975734 0.621755 0.681872 0.575010 0.670280 0.984984 0.923391 0.827185 0.847125 0.590978 0.674303 0.735475 0.704326 0.000000 0.891890 0.718208 0.895148 0.822590 0.975841 0.955635 0.876245 0.704244 0.757944 0.683543 0.676953 0.705197 0.768300 0.807592 0.748994 0.811554 0.715796 0.788467 0.963408 0.663538 0.692451 0.958539 0.955019 0.775073 0.694530 0.735179 0.828513 0.785579 0.857083 0.718222 0.737211 0.695737 0.730465 0.904687 0.746730 0.794448 0.758434 0.784252 0.774052 0.753216 0.973245 0.814851 0.815695 0.760397 0.798539 0.735907 0.762132 0.843267 0.850982 0.662214 0.669655 0.996157 0.965586 0.887748 0.827136 0.983621 0.912648 0.944849 0.981796 0.746044 0.888898 0.732236 0.885932 0.820112 0.881025 0.966998 0.974579 0.976893 0.968055 0.745499 0.792246 0.978054 0.987204 0.777460 0.964045 0.736742 0.801197 0.864209 0.963666 0.811563 0.800883
0.715162 0.681610 0.813845 0.782302 0.969967 0.919720 0.734312 0.772129 0.819877 0.727167 0.838857 0.863497 0.827036 0.917030 0.928739 0.871355 0.659996 0.819937 0.757754 0.846405 0.996864 0.942968 0.803299 0.917789 0.954845 0.751200 0.839864 0.959654 0.866575 0.763728 0.640595 0.823907 0.689056 0.730350 0.891890 0.000000 0.972870 0.709327 0.854386 0.979868 0.846878 0.793109 0.620865 0.593527 0.584490 0.608413 0.652500 0.610397 0.620733 0.622803 0.547987 0.615660 0.690922 0.711778 0.764061 0.827107 0.742404 0.729506 0.632886 0.690418 0.769854 0.782820 0.741474 0.703958 0.727449 0.768786 0.624011 0.623859 0.784011 0.607666 0.718121 0.495408 0.844337 0.667380 0.989059 0.975786 0.704038 0.750407 0.695022 0.772434 0.719563 0.788452 0.743339 0.699341 0.834466 0.803306 0.940618 0.876205 0.904025 0.853247 0.837034 0.869097 0.897384 0.854321 0.825548 0.922779 0.686589 0.708015 0.752787 0.746220 0.806995 0.701141 0.690756 0.812585 0.837474 0.846820 0.773507 0.920437 0.816555 0.955354 0.718308 0.781514 0.740835 0.819405 0.729304 0.947164
0.593731 0.621701 0.632896 0.646944 0.938722 0.886153 0.723005 0.727261 0.956201 0.894787 0.755930 0.639425 0.675593 0.664448 0.642773 0.732707 0.684859 0.650617 0.653409 0.726280 0.679136 0.948514 0.636488 0.703574 0.609797 0.637338 0.828411 0.912718 0.669474 0.663646 0.550078 0.660527 0.632105 0.598034 0.718208 0.972870 0.000000 0.847048 0.661434 0.831955 0.933358 0.828277 0.702984 0.676861 0.658625 0.687599 0.625479 0.644290 0.799290 0.782620 0.737774 0.744239 0.823295 0.950683 0.924727 0.918063 0.693320 0.684163 0.667002 0.667352 0.617893 0.656052 0.661673 0.649082 0.604147 0.636086 0.697190 0.606993 0.830729 0.711368 0.860606 0.761328 0.676470 0.638739 0.800790 0.953251 0.716043 0.687375 0.623052 0.853750 0.717407 0.771452 0.764628 0.777768 0.641353 0.664763 0.886631 0.935485 0.826096 0.807806 0.964277 0.891955 0.940659 0.913764 0.697439 0.679691 0.787924 0.886367 0.737121 0.735489 0.981469 0.975735 0.643994 0.736023 0.536692 0.759115 0.971894 0.849817 0.841845 0.721870 0.966122 0.673550 0.825227 0.981506 0.724243 0.787769
0.696052 0.682763 0.878921 0.900322 0.892581 0.778806 0.941487 0.911428 0.946352 0.898130 0.771714 0.710451 0.792797 0.722172 0.795367 0.782814 0.689564 0.747024 0.841776 0.764343 0.863407 0.881175 0.873995 0.842569 0.844404 0.916959 0.914732 0.993230 0.722230 0.690945 0.724974 0.772782 0.840981 0.760489 0.895148 0.709327 0.847048 0.000000 0.849135 0.983327 0.738863 0.996771 0.835537 0.799074 0.846764 0.822989 0.873805 0.818175 0.928411 0.835628 0.774567 0.838644 0.979149 0.982884 0.993707 0.992964 0.607984 0.636746 0.815339 0.785463 0.835457 0.846491 0.695743 0.619464 0.847913 0.900975 0.858798 0.779333 0.865007 0.851736 0.912897 0.845510 0.746436 0.742149 0.860054 0.907993 0.879988 0.624023 0.878616 0.886840 0.892684 0.979138 0.742141 0.989011 0.978346 0.959581 0.861755 0.942284 0.938965 0.929241 0.854582 0.898023 0.888591 0.879947 0.974765 0.901340 0.968802 0.834843 0.853667 0.933793 0.947619 0.906147 0.743192 0.929724 0.925484 0.873988 0.908943 0.939862 0.945731 0.807678 0.827773 0.905457 0.968618 0.868202 0.805812 0.846947
