0.000000 0.443882 0.866078 0.994520 0.950948 0.870781 0.866792 0.711269 0.995868 0.721821 0.643677 0.562138 0.982807 0.850322 0.995791 0.846331 0.502437 0.539391 0.679839 0.615476 0.907478 0.987687 0.845809 0.961952 0.784123 0.816697 0.856554 0.803664 0.661514 0.681662 0.925247 0.960599 0.701264 0.704383 0.961392 0.962000 0.874252 0.824858 0.980542 0.931096 0.778675 0.952836 0.835438 0.728782 0.742113 0.720842 0.847177 0.763840 0.665948 0.810310 0.760618 0.879959 0.918951 0.940498 0.955241 0.896278 0.426221 0.451566 0.680631 0.889060 0.789045 0.814513 0.554945 0.503074 0.719655 0.903506 0.913323 0.881015 0.635666 0.686903 0.771452 0.808598 0.814032 0.710034 0.967847 0.970063 0.761599 0.782565 0.887468 0.883606 0.549571 0.593724 0.938397 0.796325 0.944124 0.966070 0.993109 0.895468 0.812362 0.926297 0.748924 0.771899 0.851564 0.967042 0.903427 0.902385 0.737430 0.868415 0.511558 0.606899 0.770515 0.890600 0.627874 0.602250 0.836128 0.962558 0.960217 0.822801 0.984325 0.924565 0.737327 0.767902 0.802139 0.972693 0.984455 0.898178
0.443882 0.000000 0.665334 0.870744 0.954289 0.965999 0.906742 0.798052 0.806089 0.785719 0.752548 0.555272 0.796590 0.883060 0.778820 0.999152 0.526999 0.517274 0.747630 0.551485 0.883357 0.900558 0.733186 0.878356 0.785035 0.700146 0.924604 0.784176 0.699767 0.662842 0.886334 0.950756 0.726967 0.731148 0.929858 0.931104 0.895813 0.787596 0.898322 0.937177 0.804672 0.759615 0.934726 0.769578 0.804757 0.727447 0.993173 0.900668 0.689104 0.807113 0.819482 0.923644 0.902718 0.884025 0.957052 0.836732 0.383059 0.343641 0.830039 0.823650 0.930339 0.772845 0.691483 0.491363 0.615845 0.894349 0.997965 0.919855 0.670560 0.651333 0.721959 0.842528 0.822549 0.684617 0.972700 0.972380 0.812330 0.784352 0.872091 0.882113 0.544292 0.632927 0.906176 0.779813 0.793927 0.933703 0.972842 0.933949 0.643460 0.916394 0.825220 0.832985 0.918617 0.973344 0.877035 0.924110 0.757020 0.832187 0.591581 0.711581 0.678033 0.965507 0.712533 0.626612 0.937442 0.874389 0.925271 0.897331 0.987084 0.904562 0.759084 0.744131 0.762536 0.950965 0.938715 0.908245
0.866078 0.665334 0.000000 0.498293 0.831335 0.976293 0.512394 0.856089 0.581926 0.954193 0.944133 0.661508 0.809287 0.942991 0.678495 0.989833 0.818788 0.728366 0.847398 0.748215 0.933578 0.892261 0.485171 0.679606 0.565471 0.549169 0.936496 0.811605 0.917356 0.727724 0.547254 0.760974 0.702975 0.811777 0.631932 0.991946 0.884730 0.985256 0.660399 0.880376 0.884364 0.845651 0.720719 0.922245 0.924112 0.970457 0.686054 0.776423 0.785867 0.972422 0.963645 0.857738 0.714670 0.725418 0.754851 0.916145 0.704354 0.642685 0.736050 0.958894 0.764665 0.925612 0.962913 0.659566 0.419034 0.603417 0.552878 0.695008 0.896596 0.875541 0.998966 0.971599 0.937824 0.963794 0.863518 0.833184 0.741618 0.841746 0.901854 0.974920 0.798382 0.838770 0.928130 0.748338 0.561907 0.704362 0.973417 0.862427 0.757405 0.863820 0.880152 0.835923 0.807477 0.682820 0.973465 0.957503 0.950597 0.823247 0.922251 0.937572 0.758213 0.794144 0.979477 0.786119 0.820145 0.630466 0.998093 0.809846 0.968503 0.993186 0.971189 0.919533 0.907211 0.927460 0.860046 0.972322
0.994520 0.870744 0.498293 0.000000 0.955127 0.948634 0.649000 0.752102 0.695311 0.914664 0.826094 0.839003 0.984910 0.950457 0.825452 0.878604 0.881538 0.751078 0.826305 0.938424 0.995668 0.998573 0.513879 0.536116 0.558776 0.584252 0.952676 0.844686 0.854593 0.721894 0.548296 0.740463 0.735549 0.917684 0.674203 0.970363 0.701551 0.776863 0.693635 0.915266 0.797572 0.957086 0.826113 0.961977 0.827288 0.773993 0.814671 0.912676 0.689765 0.888244 0.983937 0.987467 0.830113 0.694194 0.730727 0.935476 0.866247 0.834384 0.763022 0.887299 0.884986 0.917669 0.987711 0.835346 0.581962 0.599135 0.698104 0.843328 0.991419 0.917974 0.802545 0.751429 0.732347 0.891775 0.908166 0.843034 0.739852 0.894576 0.805801 0.955082 0.970710 0.941212 0.905919 0.896465 0.688653 0.684362 0.906891 0.862498 0.923231 0.809815 0.828913 0.801897 0.753162 0.696963 0.863242 0.997532 0.958192 0.946726 0.899245 0.973544 0.914741 0.686631 0.951890 0.940265 0.764882 0.746939 0.969423 0.770394 0.917302 0.981766 0.966910 0.946050 0.820568 0.879550 0.946320 0.940993
0.950948 0.954289 0.831335 0.955127 0.000000 0.745504 0.862594 0.994233 0.879442 0.904518 0.803313 0.938304 0.769638 0.989435 0.889055 0.911123 0.953468 0.970539 0.955477 0.950042 0.911346 0.909739 0.900544 0.962961 0.997786 0.950363 0.880058 0.997236 0.929009 0.983786 0.936960 0.924896 0.844318 0.858672 0.812158 0.855394 0.922209 0.859960 0.984821 0.937702 0.955127 0.901777 0.950426 0.879518 0.759436 0.794747 0.949963 0.788624 0.987338 0.882920 0.996437 0.904873 0.942758 0.984594 0.966409 0.889089 0.933644 0.935512 0.844515 0.875272 0.765149 0.955793 0.982227 0.869260 0.851288 0.834890 0.705690 0.669034 0.999120 0.998787 0.952450 0.810435 0.941743 0.937097 0.974513 0.968831 0.839018 0.921358 0.961385 0.866197 0.991394 0.968240 0.962746 0.877647 0.831589 0.887796 0.958518 0.937307 0.894407 0.857908 0.967834 0.931786 0.935310 0.858730 0.986672 0.951144 0.932411 0.998115 0.926004 0.941989 0.998260 0.942879 0.921341 0.825919 0.912171 0.952443 0.930111 0.973095 0.960027 0.904773 0.852922 0.982222 0.954816 0.947054 0.974289 0.735676
0.870781 0.965999 0.976293 0.948634 0.745504 0.000000 0.847314 0.822804 0.876473 0.781051 0.760026 0.761570 0.766921 0.990506 0.948364 0.879418 0.976968 0.997928 0.971765 0.916312 0.968603 0.856694 0.838796 0.805925 0.828508 0.865756 0.864556 0.949765 0.930414 0.933528 0.967640 0.820657 0.962131 0.950285 0.959807 0.838100 0.970192 0.921713 0.982339 0.920016 0.951771 0.906098 0.895674 0.985612 0.801158 0.755680 0.966206 0.939082 0.804897 0.851687 0.875860 0.873975 0.814112 0.945455 0.989115 0.916427 0.991949 0.959392 0.774076 0.903574 0.682355 0.803993 0.841969 0.853221 0.874445 0.953775 0.920954 0.893808 0.970300 0.918316 0.984798 0.941521 0.968709 0.991940 0.881430 0.972746 0.898257 0.978459 0.998559 0.872729 0.928514 0.960680 0.881467 0.943651 0.924510 0.880973 0.986933 0.963262 0.934751 0.890797 0.862201 0.885971 0.828283 0.885943 0.943250 0.994759 0.886833 0.837390 0.795607 0.981403 0.777200 0.886769 0.962160 0.981237 0.961692 0.911323 0.838784 0.954565 0.908152 0.987421 0.872876 0.935784 0.796543 0.917523 0.998922 0.814388
0.866792 0.906742 0.512394 0.649000 0.862594 0.847314 0.000000 0.577942 0.666933 0.629516 0.700560 0.986324 0.711812 0.900884 0.743543 0.879340 0.897941 0.992086 0.589203 0.987915 0.954553 0.952714 0.625612 0.773004 0.967503 0.920670 0.771182 0.934822 0.890151 0.946101 0.687850 0.754117 0.645577 0.610286 0.839049 0.940931 0.997009 0.878660 0.764597 0.977319 0.955018 0.878116 0.672105 0.824520 0.711475 0.827887 0.643307 0.737790 0.994400 0.987722 0.825983 0.910721 0.651390 0.637770 0.860174 0.880145 0.977029 0.887588 0.630557 0.946734 0.683443 0.948639 0.612336 0.976486 0.821800 0.934222 0.530457 0.705511 0.993881 0.971092 0.808701 0.822502 0.740432 0.805618 0.881734 0.754056 0.676298 0.819152 0.787648 0.838787 0.965617 0.862181 0.901867 0.945940 0.665314 0.834338 0.975798 0.922486 0.945990 0.954977 0.609288 0.572104 0.633755 0.665698 0.999533 0.915804 0.878693 0.867569 0.775588 0.684014 0.948893 0.620833 0.789551 0.877344 0.839710 0.716877 0.960467 0.712999 0.964010 0.940059 0.870678 0.877836 0.893440 0.981027 0.977970 0.977280
0.711269 0.798052 0.856089 0.752102 0.994233 0.822804 0.577942 0.000000 0.839023 0.542421 0.693558 0.626464 0.798150 0.744913 0.972417 0.787422 0.825798 0.963114 0.624862 0.854665 0.743798 0.935338 0.973913 0.998323 0.799871 0.889147 0.674387 0.785912 0.832644 0.793929 0.921706 0.924484 0.809872 0.738147 0.978980 0.938491 0.922521 0.988754 0.860851 0.889194 0.969072 0.940120 0.847941 0.843014 0.824808 0.831454 0.871654 0.846028 0.838726 0.999328 0.740314 0.948265 0.733865 0.678088 0.966519 0.969580 0.830880 0.856867 0.667805 0.785553 0.667674 0.655464 0.631612 0.668193 0.855329 0.994272 0.868722 0.869505 0.868241 0.908187 0.638439 0.831790 0.698624 0.744929 0.980271 0.979039 0.779385 0.937903 0.894492 0.947180 0.918454 0.935571 0.832670 0.931421 0.851092 0.772909 0.949917 0.842317 0.872393 0.926505 0.494624 0.507280 0.640225 0.704611 0.887684 0.948154 0.769672 0.872798 0.659068 0.705011 0.740263 0.532321 0.739042 0.648083 0.916996 0.840283 0.963827 0.759909 0.909465 0.907896 0.864366 0.811734 0.800896 0.852475 0.968500 0.931032
0.995868 0.806089 0.581926 0.695311 0.879442 0.876473 0.666933 0.839023 0.000000 0.891516 0.946741 0.870799 0.832728 0.867315 0.805249 0.824756 0.937052 0.860571 0.975741 0.863385 0.987512 0.814431 0.807504 0.894731 0.816196 0.670474 0.923811 0.802128 0.970186 0.805067 0.768021 0.976798 0.967818 0.960816 0.783386 0.839857 0.733581 0.959444 0.782614 0.843256 0.845108 0.979338 0.815418 0.893103 0.868860 0.947191 0.687706 0.761231 0.959590 0.797416 0.760736 0.745755 0.610679 0.729105 0.838103 0.987725 0.853961 0.832539 0.617294 0.759742 0.649990 0.864459 0.952957 0.948416 0.628562 0.720539 0.756491 0.873535 0.917883 0.934268 0.934709 0.969376 0.994458 0.960581 0.842145 0.947407 0.822470 0.998764 0.978476 0.845798 0.908430 0.831616 0.882572 0.996404 0.845807 0.976183 0.899569 0.832412 0.670931 0.790495 0.777797 0.840153 0.740348 0.818629 0.921181 0.946726 0.945773 0.918292 0.910527 0.888605 0.964813 0.948418 0.848095 0.898895 0.862318 0.678109 0.898867 0.775128 0.936405 0.986325 0.944910 0.996657 0.905875 0.966205 0.842277 0.883229
0.721821 0.785719 0.954193 0.914664 0.904518 0.781051 0.629516 0.542421 0.891516 0.000000 0.564820 0.690720 0.792680 0.828100 0.963158 0.859244 0.718750 0.744302 0.659676 0.789065 0.818329 0.907617 0.845402 0.824977 0.575763 0.641697 0.682484 0.761155 0.729486 0.641531 0.941674 0.988355 0.933887 0.695135 0.885200 0.908117 0.955435 0.890482 0.922053 0.838143 0.962961 0.995882 0.740104 0.720590 0.612502 0.623324 0.859139 0.795655 0.633038 0.887183 0.719465 0.940613 0.843490 0.873026 0.876065 0.908472 0.781432 0.837107 0.772832 0.997201 0.781624 0.900341 0.589746 0.638795 0.661637 0.704610 0.906106 0.934784 0.996989 0.942253 0.719828 0.833840 0.864727 0.768347 0.920758 0.903844 0.779654 0.982805 0.934633 0.978379 0.848767 0.828043 0.821699 0.896526 0.815252 0.739909 0.923521 0.907366 0.795683 0.774879 0.503947 0.575083 0.705757 0.887723 0.836933 0.979993 0.831797 0.892123 0.571970 0.629046 0.739841 0.760666 0.624791 0.631255 0.975935 0.983805 0.991201 0.797812 0.931143 0.990782 0.899238 0.664940 0.709423 0.866235 0.933842 0.924007
0.643677 0.752548 0.944133 0.826094 0.803313 0.760026 0.700560 0.693558 0.946741 0.564820 0.000000 0.650419 0.684680 0.778655 0.833388 0.896350 0.604043 0.585686 0.662138 0.681715 0.864960 0.896440 0.832863 0.815026 0.620304 0.644445 0.827216 0.719850 0.555545 0.541569 0.917500 0.993657 0.847307 0.692603 0.855610 0.940273 0.815477 0.735499 0.979176 0.865473 0.940621 0.937712 0.815494 0.737872 0.604365 0.640903 0.883628 0.750204 0.674642 0.827609 0.888107 0.954331 0.899069 0.935381 0.855198 0.956231 0.698987 0.738398 0.798079 0.985765 0.741328 0.944256 0.583136 0.683388 0.739886 0.782033 0.882876 0.884878 0.878758 0.829655 0.900957 0.972893 0.859380 0.801681 0.991373 0.847209 0.890636 0.891830 0.933641 0.798245 0.754977 0.693619 0.973031 0.872693 0.967904 0.828276 0.909274 0.937566 0.873317 0.673372 0.713263 0.722545 0.855491 0.971428 0.967706 0.992225 0.856703 0.981809 0.569281 0.606729 0.871184 0.825029 0.798186 0.807741 0.896216 0.959083 0.938914 0.914652 0.997992 0.885567 0.824461 0.749422 0.747335 0.891284 0.963972 0.987737
0.562138 0.555272 0.661508 0.839003 0.938304 0.761570 0.986324 0.626464 0.870799 0.690720 0.650419 0.000000 0.863745 0.670307 0.893730 0.722271 0.683127 0.683168 0.816271 0.703879 0.771491 0.932636 0.626969 0.740496 0.570355 0.588291 0.726982 0.706644 0.770457 0.644489 0.724614 0.845529 0.983112 0.926029 0.750315 0.951803 0.985547 0.977870 0.886987 0.826017 0.974227 0.846327 0.932741 0.908463 0.893273 0.803654 0.918038 0.902951 0.724418 0.999222 0.887407 0.930604 0.983421 0.987791 0.848772 0.954397 0.588567 0.568062 0.857150 0.836269 0.816003 0.681889 0.613050 0.447246 0.529656 0.752148 0.839976 0.926460 0.727533 0.769738 0.831357 0.996651 0.868597 0.806225 0.986683 0.875025 0.956596 0.989491 0.976627 0.971593 0.729502 0.766852 0.990661 0.721774 0.644328 0.647498 0.999026 0.966393 0.816608 0.780638 0.759175 0.789469 0.910262 0.988726 0.862013 0.987773 0.750849 0.813803 0.634030 0.759282 0.672625 0.841573 0.823124 0.618953 0.980453 0.837505 0.977540 0.982899 0.940479 0.882953 0.827401 0.785567 0.769213 0.866676 0.937477 0.965369
0.982807 0.796590 0.809287 0.984910 0.769638 0.766921 0.711812 0.798150 0.832728 0.792680 0.684680 0.863745 0.000000 0.800227 0.719307 0.816583 0.950231 0.946109 0.986678 0.872768 0.992870 0.974273 0.967331 0.904610 0.841994 0.925672 0.905788 0.890915 0.894760 0.902468 0.966921 0.858607 0.987012 0.943074 0.925133 0.959842 0.881132 0.813818 0.954409 0.962156 0.895535 0.776575 0.895555 0.901344 0.815776 0.838526 0.858753 0.792788 0.939212 0.945419 0.977266 0.992515 0.840541 0.934310 0.873531 0.942567 0.801875 0.775091 0.792126 0.988798 0.677961 0.900197 0.834230 0.998532 0.941281 0.968937 0.895523 0.915727 0.859907 0.905391 0.891004 0.916595 0.989384 0.934218 0.902865 0.849333 0.958068 0.956770 0.936293 0.978192 0.822187 0.890890 0.913040 0.873334 0.945626 0.881111 0.964316 0.879479 0.806195 0.814847 0.806448 0.865735 0.856215 0.893965 0.897019 0.961989 0.993110 0.971574 0.882051 0.923657 0.925645 0.817315 0.979506 0.946661 0.938524 0.974291 0.970488 0.929906 0.912633 0.942560 0.883427 0.946678 0.946257 0.939021 0.924660 0.975722
0.850322 0.883060 0.942991 0.950457 0.989435 0.990506 0.900884 0.744913 0.867315 0.828100 0.778655 0.670307 0.800227 0.000000 0.803312 0.700795 0.762970 0.774474 0.667076 0.723857 0.715458 0.963089 0.954387 0.902341 0.894405 0.794607 0.903348 0.722216 0.704110 0.691911 0.971137 0.893859 0.935284 0.934278 0.740123 0.994233 0.914210 0.919039 0.995703 0.799170 0.900578 0.988456 0.812964 0.858996 0.937684 0.962906 0.983504 0.900342 0.958419 0.754890 0.798482 0.700951 0.831687 0.924960 0.822185 0.909275 0.841473 0.901670 0.864245 0.816425 0.799263 0.909074 0.735561 0.863482 0.820997 0.792456 0.866463 0.801062 0.959173 0.984384 0.874694 0.964325 0.913968 0.810288 0.922644 0.876318 0.968524 0.992772 0.856314 0.828601 0.864029 0.844675 0.927000 0.984516 0.924367 0.870890 0.984276 0.885314 0.791538 0.652991 0.869898 0.900094 0.917736 0.960919 0.959670 0.909105 0.951043 0.953300 0.825818 0.790370 0.881702 0.738158 0.920319 0.784115 0.876251 0.727825 0.964027 0.964438 0.943971 0.858770 0.925039 0.842730 0.868863 0.958186 0.984648 0.854497
0.995791 0.778820 0.678495 0.825452 0.889055 0.948364 0.743543 0.972417 0.805249 0.963158 0.833388 0.893730 0.719307 0.803312 0.000000 0.755339 0.948176 0.960795 0.877228 0.985810 0.916110 0.950627 0.764025 0.803951 0.842021 0.789125 0.888501 0.916882 0.782240 0.965324 0.817373 0.819512 0.881524 0.931650 0.957587 0.928196 0.960832 0.843192 0.736083 0.852659 0.885191 0.838897 0.651618 0.760609 0.880315 0.940822 0.646912 0.652730 0.985744 0.945421 0.983539 0.923431 0.867995 0.996271 0.976551 0.905263 0.885892 0.813765 0.904058 0.883196 0.919127 0.830106 0.924622 0.839585 0.685780 0.858893 0.896312 0.945460 0.969071 0.854638 0.793074 0.883889 0.909508 0.854114 0.952660 0.861293 0.993843 0.939233 0.872280 0.815971 0.994539 0.993605 0.878526 0.954319 0.695944 0.858549 0.939358 0.882588 0.821398 0.993444 0.933881 0.931852 0.924437 0.878168 0.933160 0.950198 0.835137 0.885769 0.987540 0.852210 0.829885 0.987352 0.939056 0.877991 0.983574 0.910438 0.999849 0.841622 0.954975 0.881922 0.944537 0.880369 0.960366 0.989038 0.867155 0.981544
0.846331 0.999152 0.989833 0.878604 0.911123 0.879418 0.879340 0.787422 0.824756 0.859244 0.896350 0.722271 0.816583 0.700795 0.755339 0.000000 0.939842 0.994970 0.879737 0.876475 0.888276 0.932002 0.985188 0.830597 0.956766 0.972172 0.846785 0.964966 0.935074 0.906345 0.967352 0.894763 0.867273 0.923212 0.876515 0.826250 0.836867 0.983022 0.922451 0.904521 0.956985 0.960329 0.935519 0.988572 0.915696 0.950096 0.879595 0.862858 0.913572 0.927821 0.899394 0.952167 0.824507 0.935496 0.978743 0.885160 0.968653 0.970669 0.921069 0.962780 0.951635 0.957724 0.784505 0.821134 0.879104 0.855407 0.783679 0.725097 0.937375 0.991019 0.914216 0.934154 0.886901 0.912197 0.996703 0.990341 0.909345 0.952455 0.999356 0.943224 0.918859 0.916231 0.914890 0.759946 0.992742 0.909891 0.964365 0.897698 0.987926 0.981270 0.905560 0.977558 0.995385 0.926143 0.960709 0.983805 0.965965 0.950219 0.883327 0.922342 0.910919 0.907264 0.944895 0.830864 0.979787 0.897730 0.850842 0.909878 0.992811 0.948547 0.937061 0.961214 0.974347 0.919031 0.984135 0.967185
0.502437 0.526999 0.818788 0.881538 0.953468 0.976968 0.897941 0.825798 0.937052 0.718750 0.604043 0.683127 0.950231 0.762970 0.948176 0.939842 0.000000 0.377441 0.543297 0.522385 0.936412 0.977792 0.896522 0.935610 0.756344 0.697645 0.875713 0.737939 0.480052 0.523963 0.930149 0.871363 0.735036 0.696469 0.830768 0.993571 0.996978 0.986829 0.925837 0.958772 0.901535 0.930667 0.690170 0.688969 0.773139 0.810428 0.866619 0.792061 0.749565 0.906983 0.921852 0.942345 0.890932 0.916963 0.900548 0.948432 0.390346 0.488868 0.919461 0.896583 0.963904 0.917774 0.584727 0.574409 0.684109 0.752844 0.951516 0.963729 0.699169 0.737301 0.797141 0.806788 0.799938 0.734748 0.923136 0.869961 0.865828 0.835743 0.768318 0.694782 0.449883 0.557955 0.809935 0.763478 0.958908 0.957889 0.979636 0.949385 0.693568 0.820646 0.767920 0.794075 0.914820 0.923704 0.926261 0.880897 0.814692 0.945826 0.573038 0.502821 0.812369 0.919815 0.582884 0.688326 0.993720 0.842274 0.983622 0.914949 0.959556 0.903023 0.743419 0.730851 0.725685 0.994831 0.963875 0.901701
0.539391 0.517274 0.728366 0.751078 0.970539 0.997928 0.992086 0.963114 0.860571 0.744302 0.585686 0.683168 0.946109 0.774474 0.960795 0.994970 0.377441 0.000000 0.619232 0.481226 0.889153 0.963724 0.817018 0.898842 0.721093 0.602601 0.987769 0.756238 0.475580 0.488688 0.873029 0.891004 0.791357 0.722928 0.800124 0.977469 0.924572 0.964144 0.823386 0.864154 0.931704 0.935162 0.769685 0.701508 0.747090 0.746239 0.904751 0.778789 0.719685 0.872044 0.980242 0.955071 0.824497 0.799171 0.823133 0.984616 0.405188 0.479132 0.988072 0.836362 0.915999 0.872058 0.627659 0.615061 0.648660 0.717573 0.988740 0.942301 0.723007 0.725791 0.896374 0.922391 0.907222 0.749953 0.998455 0.891625 0.883176 0.803472 0.809177 0.771352 0.471274 0.531934 0.821250 0.789541 0.943554 0.930069 0.927423 0.978055 0.648670 0.780302 0.891756 0.877064 0.984827 0.885805 0.919727 0.879632 0.886388 0.975643 0.620552 0.583696 0.830206 0.963805 0.639905 0.742197 0.913325 0.782869 0.945458 0.934510 0.918026 0.974430 0.753438 0.687046 0.717674 0.975731 0.989389 0.950998
0.679839 0.747630 0.847398 0.826305 0.955477 0.971765 0.589203 0.624862 0.975741 0.659676 0.662138 0.816271 0.986678 0.667076 0.877228 0.879737 0.543297 0.619232 0.000000 0.598171 0.875094 0.981659 0.734699 0.783949 0.953479 0.816343 0.810026 0.827113 0.618769 0.651531 0.838087 0.642516 0.592297 0.592331 0.979263 0.991184 0.964807 0.949220 0.949058 0.862340 0.932975 0.988456 0.655701 0.785966 0.816028 0.885979 0.844350 0.789043 0.972138 0.932555 0.975914 0.894415 0.947184 0.875051 0.961645 0.904896 0.642716 0.735278 0.900722 0.831263 0.975855 0.821594 0.540173 0.785257 0.897448 0.842893 0.722036 0.893764 0.834953 0.897801 0.675273 0.801609 0.647236 0.645037 0.965042 0.784934 0.758589 0.759274 0.664402 0.695484 0.616227 0.595560 0.899832 0.900351 0.799514 0.913253 0.934813 0.942571 0.721092 0.835409 0.672135 0.635833 0.784497 0.858105 0.948342 0.866343 0.825137 0.866611 0.692821 0.571095 0.902175 0.659957 0.668253 0.740528 0.988488 0.998609 0.996330 0.891329 0.920664 0.901231 0.888112 0.806858 0.806736 0.977312 0.987371 0.944996
0.615476 0.551485 0.748215 0.938424 0.950042 0.916312 0.987915 0.854665 0.863385 0.789065 0.681715 0.703879 0.872768 0.723857 0.985810 0.876475 0.522385 0.481226 0.598171 0.000000 0.848049 0.816078 0.900848 0.928961 0.797736 0.688100 0.970071 0.773529 0.613540 0.636594 0.922148 0.777217 0.796977 0.815695 0.831869 0.968230 0.933476 0.975115 0.835994 0.842491 0.872328 0.883224 0.869558 0.855441 0.957482 0.972642 0.976543 0.908545 0.926704 0.950081 0.932933 0.830192 0.848309 0.907724 0.914740 0.936146 0.497748 0.516943 0.959989 0.886354 0.849997 0.927703 0.655390 0.633694 0.664102 0.747521 0.954440 0.870728 0.718782 0.747895 0.724733 0.836683 0.714444 0.649762 0.951246 0.927349 0.882004 0.790633 0.748060 0.800291 0.472689 0.544646 0.784488 0.725028 0.952428 0.940278 0.965560 0.981359 0.661733 0.829351 0.857109 0.802698 0.954426 0.932020 0.923140 0.959891 0.875750 0.990439 0.721513 0.678050 0.889720 0.959175 0.728830 0.670970 0.975534 0.778520 0.960206 0.915050 0.982152 0.970596 0.892630 0.821978 0.903041 0.923268 0.952505 0.845565
0.907478 0.883357 0.933578 0.995668 0.911346 0.968603 0.954553 0.743798 0.987512 0.818329 0.864960 0.771491 0.992870 0.715458 0.916110 0.888276 0.936412 0.889153 0.875094 0.848049 0.000000 0.996478 0.871085 0.911626 0.900210 0.881476 0.844869 0.895148 0.785943 0.802195 0.997811 0.995804 0.990316 0.943806 0.796347 0.881985 0.913199 0.964236 0.997179 0.897738 0.969786 0.979133 0.917125 0.996471 0.970054 0.933629 0.891258 0.991565 0.866660 0.997068 0.997251 0.993567 0.990897 0.980913 0.918147 0.793447 0.934588 0.914799 0.998801 0.959374 0.977198 0.795055 0.980556 0.827432 0.913079 0.999644 0.817654 0.956090 0.920462 0.993805 0.932916 0.953162 0.893559 0.936379 0.837434 0.921747 0.887761 0.932676 0.930191 0.984683 0.979657 0.999072 0.936931 0.888676 0.766896 0.717804 0.952693 0.909091 0.931102 0.969406 0.917154 0.903818 0.969909 0.912175 0.901299 0.971444 0.928199 0.957418 0.811350 0.955318 0.940738 0.938381 0.931034 0.869013 0.971816 0.990859 0.982948 0.984598 0.866938 0.890367 0.955516 0.845307 0.876030 0.860542 0.921961 0.856633
0.987687 0.900558 0.892261 0.998573 0.909739 0.856694 0.952714 0.935338 0.814431 0.907617 0.896440 0.932636 0.974273 0.963089 0.950627 0.932002 0.977792 0.963724 0.981659 0.816078 0.996478 0.000000 0.852273 0.914682 0.814739 0.851643 0.986708 0.840605 0.952673 0.927015 0.876417 0.983892 0.967505 0.951197 0.925612 0.973468 0.951127 0.996988 0.920932 0.983012 0.917445 0.964884 0.888751 0.964637 0.924773 0.898368 0.919200 0.860014 0.963172 0.880145 0.920856 0.839665 0.930031 0.966941 0.956342 0.852022 0.993746 0.923775 0.911179 0.973734 0.976161 0.965046 0.917626 0.877932 0.882673 0.903685 0.905394 0.933484 0.930308 0.974794 0.975631 0.994974 0.829087 0.909036 0.803940 0.938051 0.942478 0.989684 0.906752 0.996686 0.955866 0.903581 0.875625 0.973136 0.907677 0.925684 0.908517 0.996413 0.796492 0.918342 0.960618 0.970235 0.874760 0.958673 0.943517 0.751798 0.897405 0.944796 0.958453 0.981158 0.967369 0.932460 0.987235 0.983094 0.916869 0.961811 0.914563 0.857005 0.874440 0.889212 0.850702 0.907313 0.837583 0.939004 0.826443 0.899585
0.845809 0.733186 0.485171 0.513879 0.900544 0.838796 0.625612 0.973913 0.807504 0.845402 0.832863 0.626969 0.967331 0.954387 0.764025 0.985188 0.896522 0.817018 0.734699 0.900848 0.871085 0.852273 0.000000 0.414905 0.524622 0.654809 0.928630 0.864483 0.915001 0.798366 0.515892 0.629286 0.695300 0.851502 0.684483 0.926562 0.947487 0.969670 0.697007 0.895023 0.914262 0.941575 0.752992 0.979165 0.935763 0.822551 0.793870 0.868298 0.673489 0.862215 0.947403 0.998985 0.850098 0.767678 0.765702 0.898360 0.802896 0.748078 0.953567 0.852874 0.908755 0.729504 0.992979 0.623565 0.557036 0.730894 0.619125 0.835319 0.941836 0.850830 0.884887 0.846317 0.772492 0.851934 0.857641 0.801328 0.815771 0.806862 0.781784 0.825080 0.984928 0.939086 0.925930 0.835910 0.444661 0.488983 0.976293 0.904640 0.902832 0.906831 0.978532 0.910786 0.894491 0.753298 0.815263 0.919067 0.971431 0.731357 0.818719 0.952885 0.735795 0.784012 0.956249 0.838166 0.843687 0.839255 0.906647 0.832165 0.900272 0.906971 0.966203 0.832979 0.870195 0.902951 0.910845 0.957730
0.961952 0.878356 0.679606 0.536116 0.962961 0.805925 0.773004 0.998323 0.894731 0.824977 0.815026 0.740496 0.904610 0.902341 0.803951 0.830597 0.935610 0.898842 0.783949 0.928961 0.911626 0.914682 0.414905 0.000000 0.564070 0.699144 0.901582 0.909765 0.911706 0.822752 0.585401 0.582120 0.773034 0.956900 0.778249 0.980290 0.873899 0.898208 0.695794 0.980746 0.870478 0.977652 0.854451 0.963218 0.797922 0.743519 0.818709 0.953668 0.678246 0.813274 0.901710 0.927445 0.946880 0.826147 0.785954 0.879066 0.922381 0.885178 0.951690 0.796929 0.803426 0.796306 0.990614 0.741917 0.710418 0.832382 0.814646 0.976343 0.988955 0.908198 0.799424 0.725548 0.757257 0.736202 0.905754 0.839013 0.901540 0.844092 0.873070 0.820201 0.921371 0.859497 0.915856 0.939468 0.527028 0.535821 0.969605 0.893760 0.998467 0.910520 0.975911 0.972690 0.994414 0.883234 0.772925 0.968762 0.944088 0.789208 0.778582 0.987410 0.851397 0.883001 0.993638 0.939215 0.869791 0.973608 0.915876 0.804941 0.927421 0.990462 0.936379 0.810975 0.798722 0.820658 0.999195 0.969059
0.784123 0.785035 0.565471 0.558776 0.997786 0.828508 0.967503 0.799871 0.816196 0.575763 0.620304 0.570355 0.841994 0.894405 0.842021 0.956766 0.756344 0.721093 0.953479 0.797736 0.900210 0.814739 0.524622 0.564070 0.000000 0.447445 0.723275 0.671104 0.792078 0.639377 0.550870 0.757758 0.817206 0.978454 0.644196 0.935036 0.788165 0.799015 0.727135 0.777940 0.843747 0.999862 0.901259 0.927789 0.766404 0.739743 0.861054 0.998945 0.653577 0.959257 0.905916 0.903294 0.998800 0.979372 0.798822 0.963822 0.755674 0.763378 0.994852 0.989989 0.900815 0.865050 0.678823 0.553464 0.454754 0.553159 0.836697 0.903818 0.941330 0.898911 0.970647 0.974978 0.991237 0.926112 0.907084 0.938637 0.908847 0.930097 0.936216 0.996620 0.871793 0.831266 0.944671 0.808892 0.586674 0.571464 0.938162 0.999898 0.816183 0.791687 0.782934 0.820184 0.920275 0.952903 0.806428 0.962030 0.832301 0.826057 0.693848 0.822658 0.743185 0.946442 0.792873 0.653307 0.887662 0.851025 0.955507 0.952578 0.964684 0.857219 0.966048 0.732471 0.767827 0.772852 0.905954 0.945982
0.816697 0.700146 0.549169 0.584252 0.950363 0.865756 0.920670 0.889147 0.670474 0.641697 0.644445 0.588291 0.925672 0.794607 0.789125 0.972172 0.697645 0.602601 0.816343 0.688100 0.881476 0.851643 0.654809 0.699144 0.447445 0.000000 0.762509 0.626401 0.721710 0.555961 0.683251 0.901484 0.936537 0.971215 0.712163 0.925792 0.728236 0.852260 0.692948 0.769436 0.840454 0.932267 0.927131 0.980616 0.839551 0.795547 0.776661 0.959894 0.800588 0.969978 0.951801 0.807995 0.859601 0.870366 0.722796 0.985421 0.691326 0.674168 0.863080 0.882739 0.927846 0.981545 0.689920 0.640416 0.451176 0.561813 0.862496 0.899381 0.961192 0.928712 0.875279 0.984122 0.916594 0.773036 0.923002 0.999257 0.948966 0.942850 0.971791 0.910413 0.767147 0.686826 0.990042 0.831287 0.702824 0.732042 0.956802 0.959051 0.734927 0.720213 0.831186 0.827614 0.959400 0.943735 0.922151 0.955368 0.880424 0.916633 0.726748 0.766442 0.773335 0.955519 0.838596 0.701649 0.849760 0.692901 0.963326 0.898220 0.930433 0.938293 0.934338 0.739549 0.786892 0.826541 0.930850 0.991547
0.856554 0.924604 0.936496 0.952676 0.880058 0.864556 0.771182 0.674387 0.923811 0.682484 0.827216 0.726982 0.905788 0.903348 0.888501 0.846785 0.875713 0.987769 0.810026 0.970071 0.844869 0.986708 0.928630 0.901582 0.723275 0.762509 0.000000 0.838792 0.889010 0.791496 0.896390 0.955509 0.974471 0.961450 0.848382 0.912853 0.870865 0.969345 0.910810 0.925853 0.935821 0.944173 0.903742 0.995544 0.937523 0.918811 0.906359 0.965105 0.870419 0.885898 0.923542 0.901174 0.837289 0.889608 0.995572 0.944685 0.921039 0.920007 0.913066 0.953477 0.893259 0.933927 0.683108 0.728288 0.722446 0.722497 0.939938 0.998182 0.997829 0.915549 0.855958 0.865732 0.873549 0.912734 0.995055 0.947226 0.924306 0.932048 0.964681 0.946938 0.970664 0.887723 0.905631 0.825191 0.912995 0.811849 0.999180 0.980390 0.876730 0.982628 0.778995 0.817648 0.843854 0.991045 0.943210 0.965459 0.770264 0.887211 0.744564 0.784955 0.943771 0.781484 0.852270 0.700830 0.982782 0.987061 0.978318 0.934525 0.992542 0.991868 0.960083 0.997162 0.916388 0.925761 0.855905 0.947164
0.803664 0.784176 0.811605 0.844686 0.997236 0.949765 0.934822 0.785912 0.802128 0.761155 0.719850 0.706644 0.890915 0.722216 0.916882 0.964966 0.737939 0.756238 0.827113 0.773529 0.895148 0.840605 0.864483 0.909765 0.671104 0.626401 0.838792 0.000000 0.721529 0.632967 0.806650 0.970729 0.965839 0.860763 0.745733 0.974947 0.892612 0.945737 0.958180 0.832907 0.852130 0.991365 0.962489 0.872112 0.800383 0.853384 0.980050 0.960812 0.844048 0.984592 0.958540 0.899390 0.974729 0.899555 0.904902 0.923105 0.796705 0.800072 0.918985 0.978832 0.996354 0.936181 0.772075 0.811262 0.726186 0.819009 0.944307 0.980485 0.877829 0.962236 0.915092 0.987277 0.856594 0.766178 0.981441 0.958737 0.971728 0.903655 0.952894 0.690578 0.824818 0.754404 0.967663 0.868510 0.936686 0.892942 0.975484 0.876788 0.872104 0.663484 0.852731 0.849449 0.988510 0.954610 0.999390 0.879503 0.965553 0.894944 0.806675 0.751627 0.997996 0.857608 0.924906 0.846365 0.962473 0.794056 0.994188 0.948098 0.930756 0.861677 0.911066 0.869635 0.819127 0.862403 0.899456 0.872204
0.661514 0.699767 0.917356 0.854593 0.929009 0.930414 0.890151 0.832644 0.970186 0.729486 0.555545 0.770457 0.894760 0.704110 0.782240 0.935074 0.480052 0.475580 0.618769 0.613540 0.785943 0.952673 0.915001 0.911706 0.792078 0.721710 0.889010 0.721529 0.000000 0.473035 0.992868 0.912664 0.819047 0.754281 0.818204 0.965335 0.910325 0.918674 0.958713 0.937105 0.938218 0.936397 0.633357 0.631314 0.690219 0.720333 0.815266 0.727551 0.715942 0.828181 0.953975 0.979222 0.953321 0.886859 0.898297 0.974607 0.615582 0.675034 0.995891 0.921143 0.981621 0.971254 0.734830 0.750330 0.815439 0.857560 0.992130 0.989821 0.755601 0.850018 0.945629 0.956709 0.923679 0.826697 0.981964 0.818567 0.923868 0.777786 0.833991 0.698590 0.641147 0.716175 0.828845 0.830854 0.962469 0.885872 0.999877 0.960906 0.804693 0.784443 0.874162 0.877756 0.982622 0.839085 0.947671 0.895330 0.914889 0.991676 0.630069 0.632893 0.853616 0.893350 0.796178 0.871666 0.891650 0.868273 0.948483 0.930226 0.990411 0.942237 0.742656 0.772955 0.719021 0.931379 0.935683 0.930517
0.681662 0.662842 0.727724 0.721894 0.983786 0.933528 0.946101 0.793929 0.805067 0.641531 0.541569 0.644489 0.902468 0.691911 0.965324 0.906345 0.523963 0.488688 0.651531 0.636594 0.802195 0.927015 0.798366 0.822752 0.639377 0.555961 0.791496 0.632967 0.473035 0.000000 0.855055 0.998033 0.908572 0.805910 0.678382 0.930557 0.742228 0.866586 0.891746 0.877638 0.856766 0.978900 0.788223 0.706581 0.735606 0.724526 0.969801 0.798667 0.674540 0.943816 0.977303 0.938288 0.899570 0.877149 0.782378 0.932674 0.605156 0.655936 0.973289 0.881124 0.970711 0.944577 0.627282 0.630694 0.582194 0.648359 0.886733 0.925912 0.857839 0.958973 0.952367 0.949841 0.998332 0.845165 0.963435 0.975164 0.954918 0.915782 0.866997 0.743327 0.623793 0.640012 0.877641 0.839288 0.817312 0.753970 0.960704 0.948901 0.703490 0.669593 0.853378 0.917957 0.917564 0.849459 0.970242 0.980105 0.944882 0.978258 0.715840 0.704848 0.806085 0.881341 0.765643 0.774264 0.803137 0.744283 0.970447 0.935280 0.983385 0.990212 0.871330 0.834109 0.725137 0.953284 0.908613 0.999055
0.925247 0.886334 0.547254 0.548296 0.936960 0.967640 0.687850 0.921706 0.768021 0.941674 0.917500 0.724614 0.966921 0.971137 0.817373 0.967352 0.930149 0.873029 0.838087 0.922148 0.997811 0.876417 0.515892 0.585401 0.550870 0.683251 0.896390 0.806650 0.992868 0.855055 0.000000 0.678532 0.732426 0.820908 0.648767 0.951036 0.854519 0.969525 0.634576 0.820768 0.858732 0.963506 0.739476 0.913888 0.987045 0.943973 0.795671 0.891740 0.812808 0.972385 0.987983 0.926100 0.894270 0.888384 0.775684 0.921965 0.857932 0.842469 0.879581 0.951870 0.994852 0.863780 0.908772 0.733221 0.616224 0.755160 0.740495 0.883707 0.944955 0.903010 0.795179 0.831371 0.882073 0.894996 0.882539 0.789142 0.748466 0.838799 0.906921 0.884169 0.977520 0.990771 0.943353 0.826308 0.639595 0.657364 0.954769 0.960834 0.900572 0.954293 0.965222 0.936173 0.909186 0.808441 0.805883 0.947524 0.964969 0.833760 0.903791 0.983860 0.963042 0.785820 0.995481 0.847970 0.932682 0.806005 0.956057 0.775671 0.961071 0.950037 0.886427 0.931398 0.906006 0.853962 0.934313 0.970211
0.960599 0.950756 0.760974 0.740463 0.924896 0.820657 0.754117 0.924484 0.976798 0.988355 0.993657 0.845529 0.858607 0.893859 0.819512 0.894763 0.871363 0.891004 0.642516 0.777217 0.995804 0.983892 0.629286 0.582120 0.757758 0.901484 0.955509 0.970729 0.912664 0.998033 0.678532 0.000000 0.703042 0.737981 0.895395 0.919621 0.867498 0.974797 0.813398 0.888345 0.895630 0.957884 0.766026 0.972598 0.988317 0.947199 0.761197 0.842161 0.878600 0.937923 0.984249 0.979452 0.955451 0.862536 0.831009 0.925661 0.853295 0.916748 0.989494 0.786930 0.821848 0.739902 0.845240 0.912985 0.885823 0.994930 0.812475 0.936697 0.968193 0.918400 0.764535 0.759813 0.778593 0.703838 0.981541 0.763576 0.866596 0.644345 0.742864 0.782753 0.829257 0.748257 0.800474 0.993830 0.656835 0.680813 0.953342 0.904683 0.790393 0.928788 0.923717 0.879428 0.949165 0.871814 0.975761 0.931648 0.973429 0.932681 0.997258 0.846034 0.864355 0.898694 0.909257 0.890671 0.957840 0.977191 0.926083 0.821238 0.920714 0.992539 0.938411 0.953694 0.952702 0.910595 0.999767 0.925159
0.701264 0.726967 0.702975 0.735549 0.844318 0.962131 0.645577 0.809872 0.967818 0.933887 0.847307 0.983112 0.987012 0.935284 0.881524 0.867273 0.735036 0.791357 0.592297 0.796977 0.990316 0.967505 0.695300 0.773034 0.817206 0.936537 0.974471 0.965839 0.819047 0.908572 0.732426 0.703042 0.000000 0.556909 0.759609 0.843048 0.896947 0.860560 0.831086 0.929264 0.801766 0.982982 0.681785 0.769489 0.750510 0.839916 0.774824 0.750648 0.982617 0.878125 0.927374 0.904804 0.890683 0.923695 0.827324 0.980188 0.739925 0.790910 0.707444 0.930880 0.839384 0.958788 0.705910 0.900659 0.837456 0.843194 0.552553 0.609841 0.870346 0.862761 0.822980 0.878533 0.779364 0.797759 0.952403 0.823201 0.681504 0.671925 0.722944 0.779246 0.756709 0.729617 0.939683 0.938575 0.663570 0.657008 0.980793 0.927344 0.892364 0.983582 0.864169 0.758476 0.832830 0.852246 0.926775 0.805464 0.920983 0.892707 0.843573 0.747313 0.974434 0.784681 0.784854 0.933797 0.758689 0.883149 0.875398 0.911510 0.930223 0.896463 0.782618 0.951140 0.960818 0.997821 0.956733 0.899671
0.704383 0.731148 0.811777 0.917684 0.858672 0.950285 0.610286 0.738147 0.960816 0.695135 0.692603 0.926029 0.943074 0.934278 0.931650 0.923212 0.696469 0.722928 0.592331 0.815695 0.943806 0.951197 0.851502 0.956900 0.978454 0.971215 0.961450 0.860763 0.754281 0.805910 0.820908 0.737981 0.556909 0.000000 0.849163 0.795520 0.926798 0.923589 0.916353 0.927314 0.901558 0.984972 0.709846 0.712923 0.554660 0.633986 0.680861 0.700052 0.775074 0.749381 0.734427 0.771231 0.856634 0.822873 0.853159 0.996909 0.721344 0.783498 0.677724 0.981625 0.785214 0.992914 0.661483 0.826675 0.967045 0.955057 0.572595 0.602557 0.812489 0.819588 0.860505 0.957306 0.776892 0.781729 0.920636 0.786245 0.694706 0.667382 0.791099 0.854730 0.768861 0.768028 0.891424 0.957432 0.759537 0.837310 0.994842 0.974478 0.867549 0.929524 0.733936 0.726830 0.808434 0.821607 0.880405 0.893137 0.848988 0.966901 0.687183 0.679726 0.973399 0.771847 0.768471 0.912904 0.868476 0.875738 0.988080 0.839026 0.946434 0.946181 0.806367 0.708312 0.682443 0.973032 0.977765 0.930374
0.961392 0.929858 0.631932 0.674203 0.812158 0.959807 0.839049 0.978980 0.783386 0.885200 0.855610 0.750315 0.925133 0.740123 0.957587 0.876515 0.830768 0.800124 0.979263 0.831869 0.796347 0.925612 0.684483 0.778249 0.644196 0.712163 0.848382 0.745733 0.818204 0.678382 0.648767 0.895395 0.759609 0.849163 0.000000 0.981979 0.839371 0.896463 0.830315 0.953222 0.809667 0.965350 0.969087 0.960547 0.977376 0.963555 0.932315 0.902375 0.842170 0.898883 0.975809 0.876214 0.931995 0.930669 0.695951 0.995019 0.873636 0.919737 0.763234 0.811267 0.811617 0.984698 0.894017 0.839237 0.606804 0.634308 0.626166 0.663669 0.959368 0.991610 0.890899 0.995070 0.896179 0.997479 0.937500 0.971954 0.830593 0.901057 0.973245 0.931762 0.943018 0.962860 0.914392 0.847976 0.684900 0.630583 0.879891 0.949408 0.860073 0.742414 0.956829 0.883213 0.827217 0.754321 0.959868 0.909736 0.898153 0.916722 0.905377 0.993344 0.843761 0.927393 0.962134 0.749681 0.826622 0.769419 0.964195 0.901377 0.930642 0.982911 0.996022 0.870613 0.794489 0.817447 0.853294 0.938908
0.962000 0.931104 0.991946 0.970363 0.855394 0.838100 0.940931 0.938491 0.839857 0.908117 0.940273 0.951803 0.959842 0.994233 0.928196 0.826250 0.993571 0.977469 0.991184 0.968230 0.881985 0.973468 0.926562 0.980290 0.935036 0.925792 0.912853 0.974947 0.965335 0.930557 0.951036 0.919621 0.843048 0.795520 0.981979 0.000000 0.953186 0.900912 0.940245 0.921591 0.925408 0.998552 0.955141 0.974242 0.955634 0.963507 0.957094 0.955323 0.898646 0.978200 0.994731 0.981448 0.945902 0.982398 0.921997 0.946630 0.949656 0.964578 0.990101 0.909475 0.996159 0.954678 0.986513 0.983464 0.975964 0.885240 0.813203 0.772880 0.984657 0.942034 0.986305 0.939598 0.956074 0.934166 0.912990 0.994008 0.961082 0.872532 0.927437 0.940879 0.942286 0.993557 0.818289 0.997152 0.954134 0.838700 0.950276 0.946927 0.994756 0.906836 0.924266 0.884191 0.932089 0.978681 0.945029 0.849222 0.959480 0.996194 0.919947 0.913053 0.866746 0.954649 0.847413 0.978324 0.838183 0.900286 0.985343 0.975113 0.900374 0.923534 0.880987 0.965309 0.916358 0.982357 0.966880 0.966967
0.874252 0.895813 0.884730 0.701551 0.922209 0.970192 0.997009 0.922521 0.733581 0.955435 0.815477 0.985547 0.881132 0.914210 0.960832 0.836867 0.996978 0.924572 0.964807 0.933476 0.913199 0.951127 0.947487 0.873899 0.788165 0.728236 0.870865 0.892612 0.910325 0.742228 0.854519 0.867498 0.896947 0.926798 0.839371 0.953186 0.000000 0.707921 0.913672 0.865658 0.754804 0.950812 0.955558 0.956344 0.903608 0.895631 0.919192 0.999501 0.958870 0.893535 0.717863 0.810262 0.805351 0.862285 0.812725 0.970440 0.904649 0.868808 0.753590 0.742927 0.882168 0.798938 0.903486 0.906106 0.843196 0.781411 0.998814 0.993194 0.813207 0.831839 0.847686 0.820458 0.830424 0.895650 0.940140 0.991376 0.888544 0.860673 0.889687 0.904686 0.908794 0.987267 0.952433 0.928222 0.991128 0.891111 0.815067 0.906191 0.909787 0.777782 0.961706 0.920301 0.845569 0.907923 0.877668 0.946829 0.912446 0.917641 0.944962 0.979011 0.970837 0.987453 0.934929 0.960939 0.726692 0.842568 0.978839 0.803503 0.852049 0.901289 0.957471 0.939604 0.942475 0.947973 0.951055 0.914468
0.824858 0.787596 0.985256 0.776863 0.859960 0.921713 0.878660 0.988754 0.959444 0.890482 0.735499 0.977870 0.813818 0.919039 0.843192 0.983022 0.986829 0.964144 0.949220 0.975115 0.964236 0.996988 0.969670 0.898208 0.799015 0.852260 0.969345 0.945737 0.918674 0.866586 0.969525 0.974797 0.860560 0.923589 0.896463 0.900912 0.707921 0.000000 0.953626 0.919744 0.791553 0.941325 0.984873 0.950067 0.902533 0.915241 0.947095 0.932291 0.996869 0.917880 0.864699 0.863228 0.955732 0.992509 0.810744 0.904649 0.899543 0.830632 0.867964 0.783537 0.948325 0.772751 0.951307 0.860760 0.933389 0.779990 0.987891 0.951920 0.847314 0.915548 0.937714 0.824022 0.975459 0.970640 0.956545 0.991832 0.824339 0.905366 0.990944 0.932695 0.963541 0.997529 0.862403 0.917531 0.970370 0.850023 0.922431 0.978210 0.988931 0.762425 0.918823 0.860376 0.992443 0.940154 0.964094 0.967489 0.983078 0.899298 0.965960 0.922324 0.981935 0.875094 0.895682 0.953039 0.721879 0.873621 0.984503 0.973131 0.926755 0.950434 0.962918 0.934486 0.901223 0.975848 0.973675 0.836242
