0.000000 0.488597 0.865023 0.841768 0.992322 0.966648 0.830603 0.817708 0.853318 0.980255 0.700854 0.719942 0.971328 0.934710 0.851155 0.965659 0.572523 0.524085 0.577997 0.587743 0.880579 0.918433 0.847318 0.984798 0.770508 0.823420 0.992203 0.892165 0.690058 0.819343 0.876275 0.976000 0.726901 0.553412 0.844127 0.956602 0.849153 0.853347 0.811194 0.911395 0.930335 0.755083 0.607574 0.520388 0.898146 0.763210 0.623611 0.678084 0.841943 0.868219 0.919736 0.990885 0.825219 0.658752 0.758215 0.873408 0.426471 0.495527 0.477989 0.556173 0.817937 0.770424 0.696161 0.734801 0.847639 0.814950 0.645037 0.675352 0.595892 0.610858 0.731957 0.849097 0.614091 0.646745 0.982590 0.880056 0.644275 0.737891 0.804074 0.698478 0.552051 0.532083 0.876190 0.653146 0.820259 0.801968 0.757512 0.992302 0.870566 0.697093 0.838010 0.915098 0.885856 0.973816 0.934133 0.778830 0.690936 0.811461 0.879423 0.757021 0.797052 0.931324 0.748659 0.597213 0.846614 0.893452 0.933648 0.966830 0.865591 0.708797 0.778318 0.965222 0.860601 0.979778 0.802305 0.742557
0.488597 0.000000 0.984588 0.824989 0.996311 0.950644 0.944393 0.698522 0.776161 0.806484 0.849550 0.545579 0.930618 0.864899 0.985937 0.822954 0.558920 0.501502 0.626078 0.560537 0.913145 0.955210 0.943138 0.982237 0.895212 0.963061 0.917293 0.903111 0.611483 0.703678 0.785622 0.925968 0.613393 0.514875 0.883623 0.970461 0.813084 0.768750 0.944681 0.906430 0.951124 0.818373 0.569938 0.484456 0.671501 0.588721 0.573274 0.526675 0.749602 0.762849 0.748257 0.824410 0.972283 0.853296 0.717758 0.915562 0.399870 0.361111 0.551463 0.634671 0.740000 0.631533 0.592806 0.532815 0.895884 0.872305 0.731713 0.689142 0.776504 0.548406 0.544848 0.661578 0.755616 0.722905 0.949305 0.921363 0.571866 0.742233 0.601249 0.694486 0.458708 0.540805 0.819259 0.636271 0.885086 0.857799 0.868048 0.984122 0.845140 0.791909 0.864636 0.828745 0.921649 0.903609 0.783932 0.787500 0.642850 0.733998 0.713004 0.739964 0.800504 0.881513 0.679026 0.704499 0.809994 0.823960 0.941327 0.979319 0.919378 0.758872 0.718446 0.849696 0.832050 0.831165 0.745092 0.887010
0.865023 0.984588 0.000000 0.425614 0.867858 0.942716 0.346162 0.712010 0.730023 0.845395 0.994872 0.828310 0.655007 0.951401 0.847909 0.969831 0.946755 0.877350 0.691889 0.968739 0.708830 0.864954 0.679240 0.650061 0.474501 0.510182 0.853583 0.874347 0.827973 0.806465 0.772936 0.890975 0.712134 0.761617 0.707502 0.920590 0.867077 0.972569 0.839624 0.807797 0.941693 0.923656 0.673906 0.778746 0.891665 0.947131 0.642952 0.762297 0.790809 0.988213 0.795129 0.912127 0.987539 0.939027 0.912359 0.964889 0.957450 0.849446 0.691302 0.863017 0.666733 0.988705 0.925034 0.748156 0.372418 0.511554 0.528330 0.551568 0.883646 0.799927 0.946759 0.953371 0.865955 0.905071 0.904890 0.958294 0.917732 0.928614 0.973105 0.920062 0.941240 0.857740 0.945834 0.879190 0.528269 0.576243 0.815402 0.976295 0.717548 0.804883 0.687459 0.726250 0.740664 0.589558 0.879507 0.802189 0.941944 0.910089 0.928636 0.837593 0.740375 0.828608 0.886020 0.990092 0.739120 0.817328 0.966242 0.998598 0.870648 0.967438 0.947246 0.992334 0.979600 0.773491 0.776885 0.721516
0.841768 0.824989 0.425614 0.000000 0.926598 0.791369 0.421055 0.531259 0.843903 0.911270 0.922987 0.943140 0.713468 0.850013 0.833873 0.803253 0.960387 0.970641 0.709442 0.898488 0.744422 0.951691 0.574623 0.508114 0.672924 0.538296 0.860528 0.814596 0.857349 0.836339 0.792053 0.900745 0.654778 0.679705 0.704616 0.932968 0.875590 0.964799 0.829315 0.898891 0.908337 0.905468 0.715051 0.756229 0.946631 0.994979 0.675814 0.718035 0.822920 0.998277 0.702026 0.797734 0.984774 0.903891 0.850312 0.940392 0.933789 0.982725 0.734321 0.830418 0.635754 0.812003 0.933457 0.981131 0.370993 0.387465 0.514963 0.438466 0.829676 0.840509 0.940264 0.746900 0.772012 0.799925 0.930138 0.986242 0.798129 0.769970 0.932291 0.920432 0.808172 0.787719 0.835934 0.842477 0.486174 0.479684 0.955582 0.942027 0.829156 0.692866 0.626296 0.728585 0.699554 0.666143 0.992752 0.763267 0.883850 0.927187 0.768511 0.697710 0.646233 0.722470 0.942592 0.986174 0.623354 0.733917 0.918843 0.882647 0.844119 0.937036 0.833109 0.999915 0.913883 0.821301 0.745534 0.744866
0.992322 0.996311 0.867858 0.926598 0.000000 0.907567 0.781513 0.853747 0.759239 0.916481 0.843991 0.938345 0.706546 0.895220 0.880438 0.935345 0.999108 0.915197 0.941833 0.969174 0.787052 0.727725 0.760206 0.839460 0.974289 0.872896 0.896293 0.926728 0.902916 0.999316 0.988368 0.927976 0.981721 0.897631 0.973331 0.828225 0.958832 0.855401 0.995454 0.971100 0.957727 0.949472 0.839532 0.910047 0.935160 0.955448 0.912870 0.955117 0.897170 0.846989 0.981067 0.983133 0.981038 0.907917 0.917835 0.867769 0.971497 0.940298 0.919767 0.982394 0.699113 0.841660 0.827686 0.927950 0.865928 0.776555 0.890124 0.856945 0.899725 0.869719 0.953986 0.860963 0.943994 0.986258 0.967974 0.930487 0.908532 0.906853 0.914062 0.870997 0.849039 0.829171 0.848192 0.714595 0.681433 0.619608 0.928487 0.722821 0.816885 0.817069 0.856314 0.992256 0.967785 0.979477 0.946212 0.967551 0.891638 0.981680 0.981039 0.913867 0.862908 0.948973 0.956564 0.851065 0.805742 0.998125 0.979290 0.958640 0.985394 0.961403 0.924205 0.913576 0.877350 0.955751 0.863113 0.966292
0.966648 0.950644 0.942716 0.791369 0.907567 0.000000 0.934355 0.888398 0.948566 0.934383 0.944716 0.987475 0.943732 0.969161 0.907834 0.676555 0.858769 0.940080 0.940966 0.995934 0.909767 0.845782 0.683857 0.746732 0.927082 0.821873 0.921878 0.820769 0.929232 0.889246 0.736075 0.857564 0.933057 0.959446 0.826300 0.882160 0.833035 0.891166 0.945246 0.982266 0.960163 0.887222 0.959432 0.931076 0.878849 0.955046 0.957409 0.815355 0.970873 0.964342 0.932962 0.919760 0.980869 0.939137 0.921155 0.886884 0.984556 0.989445 0.815448 0.886623 0.949910 0.920100 0.958772 0.998888 0.842661 0.813448 0.853853 0.804176 0.849994 0.939995 0.846441 0.838968 0.908540 0.774109 0.909365 0.848573 0.957355 0.793298 0.935594 0.991760 0.999161 0.974633 0.865530 0.976923 0.797105 0.773759 0.865441 0.804379 0.981076 0.918729 0.831392 0.926936 0.761580 0.962062 0.893621 0.895568 0.969491 0.886376 0.884915 0.946071 0.790807 0.963585 0.983560 0.917626 0.763364 0.944319 0.981451 0.945328 0.912554 0.945592 0.924127 0.925198 0.944721 0.914927 0.983702 0.946556
0.830603 0.944393 0.346162 0.421055 0.781513 0.934355 0.000000 0.551853 0.666724 0.884028 0.967616 0.956425 0.565790 0.819201 0.779629 0.874634 0.940285 0.920365 0.746456 0.963243 0.738496 0.992148 0.607736 0.674692 0.631428 0.578271 0.894164 0.921507 0.867387 0.817000 0.884598 0.983118 0.689240 0.721811 0.686205 0.929063 0.952881 0.905691 0.953217 0.850989 0.883342 0.981353 0.761101 0.786380 0.931099 0.980938 0.725706 0.790091 0.745807 0.944635 0.779713 0.820837 0.954121 0.964682 0.994906 0.969455 0.924401 0.874293 0.641748 0.738181 0.495907 0.812600 0.949565 0.897791 0.362226 0.406369 0.495968 0.491546 0.812819 0.768317 0.864902 0.962860 0.867871 0.860472 0.981573 0.921747 0.876740 0.907208 0.989666 0.937648 0.830279 0.797072 0.868096 0.855976 0.413495 0.489828 0.893394 0.889910 0.653541 0.674662 0.638711 0.727921 0.777827 0.633171 0.897238 0.830648 0.910293 0.834571 0.828376 0.695227 0.753199 0.742028 0.863490 0.982290 0.643235 0.806596 0.949106 0.984571 0.788886 0.988501 0.858876 0.959454 0.983545 0.758263 0.737728 0.728452
0.817708 0.698522 0.712010 0.531259 0.853747 0.888398 0.551853 0.000000 0.913560 0.774816 0.993718 0.665132 0.648995 0.665701 0.793898 0.700573 0.947880 0.838518 0.871121 0.809580 0.914302 0.932751 0.681216 0.750683 0.954146 0.946977 0.994572 0.961053 0.877280 0.933611 0.949446 0.978612 0.661251 0.598859 0.798685 0.994909 0.976479 0.994696 0.889056 0.941924 0.828996 0.877767 0.828111 0.765489 0.879456 0.822761 0.769323 0.682364 0.953556 0.921823 0.525446 0.535223 0.778850 0.906249 0.865947 0.962075 0.920208 0.835790 0.646203 0.612128 0.439748 0.416467 0.637882 0.613283 0.580997 0.484813 0.603977 0.504048 0.715404 0.951756 0.941979 0.808212 0.811660 0.779896 0.925274 0.980632 0.709087 0.758600 0.782665 0.926797 0.600468 0.783274 0.784145 0.797179 0.578283 0.623876 0.978676 0.908774 0.874728 0.640449 0.601967 0.809425 0.786013 0.793777 0.840139 0.813459 0.776103 0.958637 0.552001 0.524748 0.637430 0.743734 0.798307 0.910400 0.568191 0.723284 0.941179 0.855711 0.823436 0.835325 0.724474 0.806613 0.880030 0.951432 0.644542 0.832144
0.853318 0.776161 0.730023 0.843903 0.759239 0.948566 0.666724 0.913560 0.000000 0.993648 0.974074 0.749850 0.847980 0.930836 0.956061 0.920902 0.673981 0.653916 0.857654 0.687869 0.928300 0.968588 0.766014 0.936801 0.897961 0.751355 0.933568 0.993114 0.733078 0.603865 0.976920 0.764836 0.998129 0.854413 0.807600 0.862199 0.872650 0.968405 0.982916 0.931123 0.948776 0.901736 0.933055 0.873323 0.899167 0.986410 0.906837 0.953991 0.959207 0.957774 0.902926 0.790787 0.747235 0.739701 0.894851 0.875780 0.708360 0.684766 0.953317 0.981002 0.845443 0.979448 0.785532 0.704474 0.731906 0.814060 0.852416 0.864564 0.822709 0.595967 0.807356 0.626216 0.754102 0.813666 0.979481 0.962773 0.806786 0.917590 0.726505 0.752366 0.793506 0.843034 0.960831 0.972855 0.723123 0.817596 0.961039 0.878405 0.722485 0.872203 0.619177 0.646000 0.638194 0.692688 0.855371 0.947144 0.865930 0.890459 0.903710 0.908363 0.993268 0.842708 0.733577 0.905538 0.915256 0.920045 0.933558 0.971606 0.968774 0.822647 0.750249 0.941390 0.886093 0.873163 0.931200 0.887412
0.980255 0.806484 0.845395 0.911270 0.916481 0.934383 0.884028 0.774816 0.993648 0.000000 0.830528 0.881798 0.895032 0.983172 0.930720 0.943304 0.795647 0.834136 0.962018 0.834013 0.736064 0.988961 0.936552 0.843065 0.873823 0.804988 0.829726 0.958177 0.622731 0.722990 0.770267 0.930728 0.743195 0.822950 0.927846 0.999273 0.911893 0.806450 0.794355 0.969314 0.923146 0.920235 0.871710 0.740617 0.551266 0.562098 0.881112 0.740009 0.506799 0.613095 0.554831 0.662250 0.591385 0.602357 0.814450 0.982412 0.860265 0.792539 0.906970 0.898918 0.970819 0.783429 0.796377 0.737249 0.822451 0.801843 0.999060 0.971323 0.931123 0.857757 0.912863 0.917354 0.917432 0.967338 0.853559 0.986244 0.983672 0.872632 0.963067 0.984750 0.817960 0.952410 0.864980 0.969228 0.790434 0.763126 0.853652 0.987198 0.941021 0.832216 0.961136 0.929236 0.954014 0.902435 0.841344 0.852015 0.815850 0.876840 0.767846 0.898762 0.807315 0.933599 0.634289 0.810444 0.954012 0.920574 0.774406 0.950231 0.956321 0.866924 0.848003 0.825412 0.992500 0.853253 0.957985 0.963509
0.700854 0.849550 0.994872 0.922987 0.843991 0.944716 0.967616 0.993718 0.974074 0.830528 0.000000 0.842170 0.966633 0.906397 0.851290 0.817126 0.587712 0.603854 0.725345 0.680297 0.807493 0.941868 0.794343 0.788167 0.966922 0.923796 0.882009 0.827930 0.625803 0.712628 0.827388 0.977808 0.802274 0.749791 0.946915 0.975492 0.972387 0.960218 0.895675 0.942375 0.970524 0.881738 0.974501 0.857452 0.950652 0.935917 0.948920 0.999208 0.879073 0.964819 0.958453 0.893255 0.937289 0.974198 0.982371 0.967280 0.710341 0.805270 0.820442 0.918664 0.904679 0.985650 0.661214 0.833583 0.835729 0.878796 0.987087 0.964156 0.846587 0.786149 0.925382 0.885131 0.593363 0.721639 0.964309 0.852515 0.966092 0.859278 0.834546 0.780733 0.721719 0.753817 0.963596 0.846896 0.940659 0.980380 0.672253 0.975755 0.836396 0.943278 0.613009 0.676045 0.758832 0.735152 0.938289 0.851669 0.932709 0.964503 0.924180 0.993965 0.972594 0.961469 0.906340 0.810459 0.928242 0.811363 0.941313 0.751880 0.997872 0.858262 0.949052 0.922845 0.812902 0.924460 0.979768 0.972765
0.719942 0.545579 0.828310 0.943140 0.938345 0.987475 0.956425 0.665132 0.749850 0.881798 0.842170 0.000000 0.719591 0.548837 0.727237 0.598202 0.578510 0.482004 0.753698 0.551457 0.899642 0.907319 0.885838 0.901664 0.748224 0.799788 0.902882 0.886232 0.511553 0.556926 0.959903 0.817949 0.692254 0.590290 0.969191 0.991178 0.981950 0.934396 0.790412 0.956210 0.854394 0.917338 0.893662 0.711195 0.782353 0.676279 0.858322 0.724097 0.977427 0.993714 0.813809 0.880602 0.955159 0.940998 0.889303 0.878460 0.613644 0.530216 0.781933 0.747538 0.578302 0.477259 0.439446 0.350726 0.995521 0.839594 0.916326 0.761417 0.949293 0.669160 0.814072 0.746516 0.814555 0.852003 0.887589 0.847825 0.706113 0.760466 0.522010 0.689111 0.448288 0.515178 0.573566 0.696529 0.838606 0.807729 0.839760 0.839087 0.786996 0.897880 0.831862 0.668832 0.741523 0.660820 0.795887 0.814558 0.791519 0.789437 0.857136 0.776864 0.910288 0.875420 0.663907 0.887480 0.819889 0.918202 0.989283 0.963857 0.959997 0.725258 0.678332 0.839515 0.939629 0.792678 0.733327 0.969096
0.971328 0.930618 0.655007 0.713468 0.706546 0.943732 0.565790 0.648995 0.847980 0.895032 0.966633 0.719591 0.000000 0.442184 0.447314 0.518229 0.914960 0.871769 0.810529 0.831860 0.905047 0.880149 0.529590 0.671361 0.946871 0.914006 0.944397 0.948067 0.892766 0.838622 0.852182 0.768387 0.707392 0.760801 0.810966 0.953697 0.934736 0.867687 0.795714 0.887761 0.739852 0.871473 0.985604 0.933210 0.973526 0.939527 0.872976 0.820127 0.670818 0.901985 0.836459 0.863180 0.934049 0.822941 0.993732 0.763216 0.942480 0.986434 0.922776 0.873623 0.391282 0.725278 0.726253 0.813158 0.621107 0.648104 0.870603 0.709114 0.624265 0.889312 0.894592 0.994564 0.862278 0.878542 0.913722 0.805207 0.933166 0.919578 0.732888 0.757246 0.725894 0.686354 0.621754 0.817028 0.505848 0.612870 0.805942 0.717031 0.856410 0.957121 0.877897 0.892731 0.905318 0.966138 0.914314 0.926216 0.829738 0.914357 0.910383 0.866551 0.962736 0.807505 0.987831 0.792581 0.809489 0.855249 0.975849 0.806523 0.931408 0.952770 0.891241 0.888120 0.868920 0.959821 0.715707 0.933178
0.934710 0.864899 0.951401 0.850013 0.895220 0.969161 0.819201 0.665701 0.930836 0.983172 0.906397 0.548837 0.442184 0.000000 0.412274 0.407473 0.848572 0.768490 0.896810 0.783330 0.937975 0.875164 0.656126 0.759311 0.816023 0.814057 0.989913 0.964687 0.744663 0.662915 0.906817 0.717845 0.722642 0.739422 0.940339 0.948374 0.850284 0.901209 0.632536 0.953472 0.668656 0.845178 0.943519 0.903263 0.944208 0.861807 0.965651 0.814640 0.701521 0.909073 0.852200 0.864360 0.962206 0.852706 0.956594 0.671980 0.984022 0.909160 0.968035 0.858960 0.499706 0.660611 0.658538 0.612371 0.830175 0.766059 0.983041 0.845624 0.686071 0.983776 0.878450 0.895921 0.911238 0.921389 0.937189 0.798612 0.911598 0.915808 0.713092 0.711558 0.703600 0.727580 0.587196 0.879390 0.713251 0.760689 0.694906 0.819265 0.944711 0.948349 0.997355 0.737571 0.739916 0.769268 0.894886 0.932174 0.915269 0.956246 0.915393 0.878344 0.959056 0.864852 0.893559 0.868856 0.887256 0.913149 0.916305 0.818933 0.883235 0.896543 0.787694 0.827767 0.968796 0.922341 0.760961 0.993109
0.851155 0.985937 0.847909 0.833873 0.880438 0.907834 0.779629 0.793898 0.956061 0.930720 0.851290 0.727237 0.447314 0.412274 0.000000 0.496154 0.924491 0.860802 0.870696 0.928823 0.954556 0.863881 0.545335 0.721587 0.935313 0.946791 0.931621 0.880993 0.836093 0.767645 0.789929 0.590017 0.713247 0.821856 0.902230 0.954530 0.999381 0.953203 0.746384 0.985749 0.731191 0.856061 0.983442 0.936831 0.876637 0.862265 0.860787 0.755427 0.730731 0.962403 0.901258 0.863827 0.936523 0.770660 0.976696 0.806226 0.922949 0.996561 0.941916 0.974145 0.584968 0.801904 0.812608 0.805715 0.770392 0.776836 0.962755 0.831180 0.677285 0.934227 0.820823 0.951107 0.918688 0.951787 0.929546 0.808202 0.944498 0.965604 0.766619 0.760808 0.811563 0.780402 0.599930 0.895256 0.662340 0.699337 0.636309 0.742363 0.881099 0.988514 0.936105 0.856019 0.844828 0.890288 0.959264 0.902258 0.857448 0.978705 0.893380 0.868971 0.983050 0.894234 0.988503 0.855382 0.860547 0.933204 0.918422 0.816250 0.890092 0.948768 0.868812 0.780296 0.994445 0.997582 0.765242 0.901049
0.965659 0.822954 0.969831 0.803253 0.935345 0.676555 0.874634 0.700573 0.920902 0.943304 0.817126 0.598202 0.518229 0.407473 0.496154 0.000000 0.973323 0.835178 0.856764 0.819419 0.951362 0.836296 0.534964 0.596156 0.893922 0.961776 0.953689 0.980625 0.837018 0.804148 0.806983 0.711312 0.775293 0.760386 0.959436 0.983837 0.907281 0.965908 0.771802 0.906807 0.792128 0.827761 0.971419 0.955433 0.888218 0.840614 0.932227 0.754434 0.772784 0.925669 0.867656 0.866282 0.974747 0.897259 0.968518 0.803954 0.945126 0.887231 0.932767 0.947528 0.591447 0.664562 0.729579 0.643070 0.793727 0.729218 0.941895 0.743062 0.706703 0.929192 0.940731 0.770649 0.828689 0.830036 0.933013 0.835308 0.890779 0.897027 0.718839 0.775644 0.750755 0.728872 0.557871 0.891177 0.662169 0.702955 0.649029 0.728284 0.910824 0.980695 0.918942 0.845177 0.886032 0.842696 0.955599 0.901080 0.943696 0.891569 0.836354 0.855215 0.896961 0.924036 0.880763 0.816300 0.802650 0.828671 0.958587 0.951444 0.966380 0.874155 0.771964 0.777853 0.977445 0.916757 0.756595 0.969793
0.572523 0.558920 0.946755 0.960387 0.999108 0.858769 0.940285 0.947880 0.673981 0.795647 0.587712 0.578510 0.914960 0.848572 0.924491 0.973323 0.000000 0.364554 0.535534 0.457761 0.986249 0.915358 0.831748 0.872210 0.993246 0.910677 0.931776 0.875683 0.421751 0.431808 0.768917 0.735597 0.578098 0.577768 0.989055 0.978927 0.988516 0.961558 0.951545 0.944472 0.984998 0.785322 0.773590 0.561935 0.799122 0.704833 0.649472 0.708909 0.847709 0.864103 0.823801 0.942401 0.962165 0.921127 0.826622 0.889144 0.441673 0.485225 0.664912 0.788159 0.831887 0.858554 0.517046 0.559243 0.883308 0.917075 0.969597 0.891537 0.794802 0.516417 0.776856 0.786036 0.582476 0.595024 0.953094 0.920637 0.773977 0.829437 0.650775 0.557178 0.490505 0.574401 0.817078 0.776539 0.942033 0.978686 0.848218 0.966208 0.751121 0.923007 0.596129 0.574545 0.625858 0.672187 0.848111 0.831640 0.805671 0.883969 0.988514 0.946697 0.937350 0.987616 0.677366 0.717267 0.987736 0.876334 0.961413 0.809634 0.996968 0.694595 0.761113 0.905950 0.989550 0.855974 0.877237 0.988968
0.524085 0.501502 0.877350 0.970641 0.915197 0.940080 0.920365 0.838518 0.653916 0.834136 0.603854 0.482004 0.871769 0.768490 0.860802 0.835178 0.364554 0.000000 0.563447 0.425440 0.977231 0.969754 0.904058 0.918398 0.883306 0.868276 0.917142 0.884621 0.420161 0.408703 0.793218 0.766316 0.616709 0.519345 0.963124 0.981926 0.969680 0.916219 0.995684 0.968470 0.921674 0.842133 0.804602 0.579880 0.811152 0.702820 0.717588 0.699304 0.916304 0.911711 0.904147 0.951568 0.872465 0.877431 0.866585 0.952619 0.407978 0.454301 0.693852 0.747384 0.778660 0.717243 0.460998 0.451766 0.886663 0.986694 0.946897 0.838630 0.785920 0.460974 0.702447 0.730861 0.535886 0.588945 0.904793 0.839066 0.689175 0.780029 0.551538 0.524477 0.418218 0.501628 0.733782 0.686691 0.998646 0.927448 0.942140 0.979926 0.724293 0.883022 0.631391 0.515892 0.597710 0.615993 0.792623 0.838356 0.706125 0.794538 0.909743 0.859734 0.863532 0.940316 0.629069 0.766594 0.930368 0.998305 0.994824 0.849056 0.951348 0.654031 0.667119 0.868647 0.952512 0.836861 0.810276 0.974024
0.577997 0.626078 0.691889 0.709442 0.941833 0.940966 0.746456 0.871121 0.857654 0.962018 0.725345 0.753698 0.810529 0.896810 0.870696 0.856764 0.535534 0.563447 0.000000 0.563851 0.770749 0.891972 0.829501 0.791535 0.708155 0.680392 0.895225 0.924875 0.642829 0.699146 0.623314 0.719052 0.515702 0.525788 0.879419 0.965335 0.866556 0.840526 0.927381 0.904340 0.923017 0.858618 0.612619 0.531368 0.824587 0.772367 0.527407 0.658196 0.942035 0.929755 0.803455 0.923955 0.915993 0.879760 0.817602 0.892043 0.540133 0.702733 0.681855 0.906624 0.765884 0.965445 0.641848 0.823389 0.732649 0.772608 0.632056 0.628498 0.815207 0.669562 0.732878 0.724658 0.733760 0.686402 0.991258 0.789728 0.704497 0.787324 0.740535 0.605383 0.601242 0.547610 0.747125 0.719986 0.781649 0.700420 0.826815 0.923724 0.936734 0.836104 0.861039 0.828916 0.860314 0.957317 0.994379 0.805473 0.844815 0.811139 0.972660 0.829751 0.720895 0.925429 0.800381 0.777019 0.829630 0.926676 0.969435 0.914556 0.857499 0.888004 0.696898 0.919947 0.973151 0.985629 0.846840 0.800364
0.587743 0.560537 0.968739 0.898488 0.969174 0.995934 0.963243 0.809580 0.687869 0.834013 0.680297 0.551457 0.831860 0.783330 0.928823 0.819419 0.457761 0.425440 0.563851 0.000000 0.992182 0.947030 0.999347 0.929368 0.949380 0.938115 0.965640 0.864752 0.508642 0.490711 0.794582 0.738685 0.574291 0.570034 0.927956 0.927668 0.900793 0.844946 0.964884 0.972092 0.986910 0.799659 0.723350 0.591403 0.933464 0.759451 0.736401 0.719329 0.973698 0.858834 0.853991 0.939672 0.842831 0.809281 0.918830 0.898961 0.494816 0.497305 0.687342 0.722376 0.758796 0.759841 0.537109 0.563835 0.996479 0.925976 0.851852 0.769346 0.822181 0.524472 0.694025 0.668637 0.662917 0.737692 0.976045 0.833446 0.679665 0.710986 0.587605 0.565200 0.460442 0.512986 0.818379 0.717072 0.937314 0.903827 0.784843 0.970430 0.690075 0.868191 0.702367 0.631344 0.708143 0.697683 0.820654 0.826699 0.807912 0.858699 0.995644 0.901809 0.765526 0.983863 0.651834 0.743441 0.798456 0.938502 0.946306 0.895336 0.942863 0.673616 0.617429 0.927384 0.962157 0.804862 0.775819 0.890131
0.880579 0.913145 0.708830 0.744422 0.787052 0.909767 0.738496 0.914302 0.928300 0.736064 0.807493 0.899642 0.905047 0.937975 0.954556 0.951362 0.986249 0.977231 0.770749 0.992182 0.000000 0.972564 0.903723 0.834263 0.759224 0.625431 0.897231 0.798564 0.951109 0.954526 0.909040 0.937243 0.917067 0.882556 0.890660 0.915980 0.899125 0.918129 0.733342 0.895944 0.981326 0.941157 0.999934 0.970546 0.818977 0.804515 0.902955 0.946663 0.769367 0.774757 0.852600 0.808569 0.739782 0.843728 0.978282 0.878284 0.994669 0.862377 0.993983 0.827280 0.954469 0.831198 0.990613 0.817622 0.795147 0.777975 0.772837 0.779093 0.936996 0.967337 0.975038 0.972222 0.896174 0.885016 0.859595 0.854656 0.951426 0.935328 0.993267 0.810736 0.988516 0.891672 0.987119 0.927802 0.812541 0.691791 0.896895 0.986326 0.983928 0.931099 0.911340 0.964476 0.980672 0.929514 0.844472 0.931802 0.854404 0.971873 0.773892 0.953289 0.926731 0.921161 0.830564 0.898777 0.933112 0.996304 0.959730 0.922537 0.962895 0.972082 0.997036 0.823301 0.957485 0.956708 0.947655 0.895151
0.918433 0.955210 0.864954 0.951691 0.727725 0.845782 0.992148 0.932751 0.968588 0.988961 0.941868 0.907319 0.880149 0.875164 0.863881 0.836296 0.915358 0.969754 0.891972 0.947030 0.972564 0.000000 0.846615 0.919455 0.875282 0.979133 0.916086 0.922433 0.854221 0.954192 0.917622 0.976008 0.881666 0.909823 0.938119 0.808019 0.837451 0.834074 0.821128 0.865855 0.905106 0.923175 0.808548 0.909367 0.971115 0.935964 0.790661 0.989350 0.922802 0.848954 0.861348 0.984556 0.863581 0.964085 0.995142 0.948498 0.965513 0.953832 0.874529 0.985171 0.861635 0.830492 0.967545 0.960750 0.967313 0.882822 0.968268 0.941113 0.974578 0.982802 0.977638 0.991550 0.933981 0.907423 0.952054 0.841833 0.982381 0.983085 0.996130 0.992883 0.995427 0.972771 0.905647 0.954746 0.819770 0.814424 0.734492 0.779351 0.948919 0.911498 0.895976 0.963600 0.925808 0.904525 0.963761 0.904993 0.887298 0.975677 0.916653 0.900553 0.992147 0.999726 0.936783 0.723650 0.863307 0.848710 0.887413 0.977267 0.996473 0.821754 0.864294 0.958117 0.943235 0.968688 0.972687 0.961939
0.847318 0.943138 0.679240 0.574623 0.760206 0.683857 0.607736 0.681216 0.766014 0.936552 0.794343 0.885838 0.529590 0.656126 0.545335 0.534964 0.831748 0.904058 0.829501 0.999347 0.903723 0.846615 0.000000 0.415981 0.890734 0.715901 0.764199 0.848645 0.875104 0.918019 0.770536 0.767866 0.743410 0.802259 0.812080 0.829977 0.805300 0.995571 0.884153 0.983162 0.744330 0.837247 0.999861 0.989701 0.864464 0.891725 0.908535 0.776770 0.822577 0.908304 0.839068 0.884827 0.905445 0.825071 0.959527 0.911034 0.859070 0.838857 0.868607 0.904594 0.586356 0.817069 0.932859 0.965877 0.536790 0.540618 0.726790 0.606892 0.676790 0.781462 0.915235 0.883838 0.749032 0.746076 0.869119 0.884441 0.964540 0.830496 0.962142 0.955756 0.868091 0.798618 0.586178 0.871266 0.437031 0.470192 0.730575 0.626521 0.836918 0.773736 0.650819 0.882194 0.849404 0.910887 0.869432 0.885651 0.896936 0.979846 0.839093 0.756483 0.727699 0.778034 0.956041 0.800173 0.649721 0.822143 0.929628 0.977789 0.954339 0.995002 0.892843 0.869042 0.991963 0.951621 0.741449 0.898535
0.984798 0.982237 0.650061 0.508114 0.839460 0.746732 0.674692 0.750683 0.936801 0.843065 0.788167 0.901664 0.671361 0.759311 0.721587 0.596156 0.872210 0.918398 0.791535 0.929368 0.834263 0.919455 0.415981 0.000000 0.774459 0.694917 0.730408 0.912302 0.840812 0.879553 0.793259 0.736873 0.816570 0.794916 0.936678 0.848442 0.820099 0.940158 0.988332 0.910559 0.913727 0.949868 0.943232 0.950936 0.950138 0.967884 0.814207 0.822770 0.791971 0.934921 0.837770 0.961860 0.946315 0.942784 0.884562 0.941874 0.997899 0.941178 0.945187 0.950032 0.733608 0.887362 0.950162 0.994892 0.560966 0.540748 0.738891 0.612216 0.848195 0.848994 0.994283 0.783707 0.749494 0.789204 0.962887 0.955175 0.974509 0.842078 0.939567 0.844435 0.840274 0.740683 0.706177 0.831029 0.485766 0.476851 0.785398 0.645039 0.848635 0.783210 0.731087 0.849347 0.830593 0.846642 0.837678 0.909820 0.996809 0.886204 0.973127 0.859160 0.664350 0.868051 0.951046 0.865123 0.684303 0.735832 0.999725 0.947698 0.876713 0.943869 0.883593 0.997339 0.920608 0.945295 0.840131 0.696594
0.770508 0.895212 0.474501 0.672924 0.974289 0.927082 0.631428 0.954146 0.897961 0.873823 0.966922 0.748224 0.946871 0.816023 0.935313 0.893922 0.993246 0.883306 0.708155 0.949380 0.759224 0.875282 0.890734 0.774459 0.000000 0.529182 0.827508 0.964549 0.834384 0.816715 0.737577 0.974996 0.866247 0.838338 0.770012 0.977624 0.773707 0.890402 0.727972 0.818343 0.891995 0.975774 0.566140 0.715490 0.938593 0.948903 0.645889 0.739921 0.992893 0.853089 0.958357 0.917709 0.953912 0.834887 0.848541 0.819236 0.861759 0.993675 0.705292 0.884996 0.974892 0.788109 0.770356 0.646702 0.574315 0.780931 0.635604 0.729118 0.862448 0.999110 0.853939 0.899247 0.970318 0.929235 0.875930 0.998928 0.903894 0.935766 0.927122 0.980052 0.980935 0.892017 0.890883 0.952687 0.753983 0.811903 0.806933 0.957638 0.872151 0.905743 0.912867 0.818840 0.790003 0.728473 0.947158 0.832632 0.964421 0.996321 0.906539 0.932072 0.769628 0.970170 0.952233 0.910736 0.896135 0.937410 0.990475 0.936141 0.916035 0.942407 0.995980 0.929380 0.927167 0.943147 0.954027 0.702866
0.823420 0.963061 0.510182 0.538296 0.872896 0.821873 0.578271 0.946977 0.751355 0.804988 0.923796 0.799788 0.914006 0.814057 0.946791 0.961776 0.910677 0.868276 0.680392 0.938115 0.625431 0.979133 0.715901 0.694917 0.529182 0.000000 0.796646 0.826016 0.766819 0.703378 0.718622 0.991480 0.808752 0.822601 0.847993 0.889312 0.749231 0.934106 0.741846 0.888869 0.938417 0.943648 0.752953 0.853441 0.983597 0.973517 0.729440 0.840968 0.973443 0.944274 0.995892 0.977968 0.920635 0.869904 0.849773 0.825909 0.932006 0.916459 0.890073 0.956462 0.928751 0.827723 0.822877 0.675736 0.525459 0.661479 0.561794 0.621116 0.940515 0.817252 0.851800 0.902995 0.955327 0.976024 0.885178 0.895021 0.952711 0.898482 0.864024 0.991019 0.945870 0.903289 0.977067 0.987084 0.641343 0.608608 0.801542 0.935865 0.856023 0.784516 0.794444 0.716570 0.731855 0.704444 0.817522 0.869312 0.975949 0.959391 0.940539 0.842844 0.775452 0.899347 0.750506 0.966728 0.839639 0.869087 0.827485 0.993255 0.879457 0.906012 0.970595 0.889958 0.981787 0.865374 0.840321 0.828508
0.992203 0.917293 0.853583 0.860528 0.896293 0.921878 0.894164 0.994572 0.933568 0.829726 0.882009 0.902882 0.944397 0.989913 0.931621 0.953689 0.931776 0.917142 0.895225 0.965640 0.897231 0.916086 0.764199 0.730408 0.827508 0.796646 0.000000 0.959251 0.790684 0.942866 0.946125 0.882536 0.917093 0.956905 0.906426 0.981395 0.966340 0.988175 0.876058 0.993841 0.954809 0.963732 0.950637 0.901704 0.908860 0.910185 0.919789 0.972375 0.854060 0.928765 0.891519 0.844925 0.889050 0.907964 0.989279 0.911716 0.977582 0.912360 0.898782 0.893353 0.994467 0.895743 0.906707 0.871447 0.861934 0.867026 0.976492 0.953519 0.968479 0.968499 0.988352 0.955636 0.839237 0.923468 0.991818 0.969978 0.940469 0.948878 0.965364 0.915140 0.975888 0.961614 0.967018 0.992515 0.819635 0.793749 0.997662 0.859003 0.985545 0.974506 0.896833 0.954332 0.965877 0.888899 0.967345 0.886785 0.876663 0.751218 0.933173 0.959463 0.837544 0.891390 0.984612 0.982219 0.849962 0.842953 0.848500 0.881101 0.951818 0.993414 0.990396 0.996910 0.918851 0.913119 0.990790 0.826003
0.892165 0.903111 0.874347 0.814596 0.926728 0.820769 0.921507 0.961053 0.993114 0.958177 0.827930 0.886232 0.948067 0.964687 0.880993 0.980625 0.875683 0.884621 0.924875 0.864752 0.798564 0.922433 0.848645 0.912302 0.964549 0.826016 0.959251 0.000000 0.916753 0.944858 0.884253 0.951160 0.991902 0.981818 0.829330 0.971116 0.879907 0.968030 0.956520 0.841860 0.967052 0.996814 0.954600 0.908186 0.969030 0.950135 0.933375 0.991214 0.988343 0.999742 0.982538 0.884751 0.978618 0.894773 0.907131 0.992305 0.867440 0.912821 0.850358 0.871742 0.972577 0.901607 0.987761 0.881770 0.828155 0.916297 0.873758 0.951749 0.778137 0.870692 0.994227 0.934472 0.859446 0.939073 0.949763 0.948729 0.982715 0.981900 0.862568 0.918864 0.835652 0.843610 0.972816 0.962849 0.957357 0.895654 0.990839 0.979237 0.803235 0.997853 0.859545 0.884840 0.837610 0.943188 0.969238 0.993883 0.991465 0.909166 0.896469 0.974791 0.862214 0.843288 0.930172 0.931854 0.981557 0.980303 0.988077 0.924853 0.986279 0.919017 0.938377 0.971596 0.929663 0.846993 0.993998 0.845321
0.690058 0.611483 0.827973 0.857349 0.902916 0.929232 0.867387 0.877280 0.733078 0.622731 0.625803 0.511553 0.892766 0.744663 0.836093 0.837018 0.421751 0.420161 0.642829 0.508642 0.951109 0.854221 0.875104 0.840812 0.834384 0.766819 0.790684 0.916753 0.000000 0.396637 0.727268 0.717270 0.586240 0.586138 0.954749 0.849447 0.964824 0.882643 0.749738 0.971175 0.900303 0.850921 0.824615 0.608662 0.683827 0.579922 0.742924 0.716707 0.769236 0.803951 0.723235 0.894870 0.918459 0.864473 0.888195 0.888207 0.580535 0.564150 0.777357 0.839502 0.818767 0.780555 0.468813 0.477585 0.790984 0.833564 0.994359 0.936381 0.910933 0.544584 0.876054 0.862014 0.610167 0.629163 0.899596 0.862228 0.764604 0.852292 0.661395 0.629090 0.520457 0.693226 0.822530 0.817213 0.853608 0.880395 0.915063 0.986776 0.729934 0.999433 0.599052 0.554689 0.634096 0.604489 0.816656 0.848580 0.831675 0.808289 0.914262 0.921517 0.930760 0.939621 0.614545 0.745560 0.972666 0.913130 0.870309 0.822730 0.951839 0.730536 0.730318 0.796222 0.986893 0.789698 0.866534 0.930342
0.819343 0.703678 0.806465 0.836339 0.999316 0.889246 0.817000 0.933611 0.603865 0.722990 0.712628 0.556926 0.838622 0.662915 0.767645 0.804148 0.431808 0.408703 0.699146 0.490711 0.954526 0.954192 0.918019 0.879553 0.816715 0.703378 0.942866 0.944858 0.396637 0.000000 0.751352 0.659109 0.641547 0.605938 0.914056 0.865223 0.930339 0.972462 0.840340 0.958400 0.946338 0.934464 0.943173 0.712777 0.843643 0.750111 0.847980 0.810010 0.953842 0.937015 0.879823 0.933569 0.977204 0.934699 0.928003 0.772903 0.641143 0.617744 0.896098 0.905563 0.849058 0.828703 0.504680 0.498478 0.732159 0.792668 0.843555 0.979173 0.983266 0.579763 0.902161 0.814915 0.696956 0.702441 0.953564 0.821147 0.858498 0.874686 0.649079 0.570442 0.551888 0.681635 0.770683 0.814151 0.841868 0.867368 0.981706 0.969167 0.715024 0.902809 0.575221 0.438139 0.521710 0.514468 0.778400 0.886758 0.880919 0.837980 0.987700 0.911697 0.996188 0.886957 0.575436 0.895241 0.988453 0.858894 0.940748 0.744604 0.850708 0.679224 0.706616 0.879853 0.993466 0.832035 0.898004 0.856028
0.876275 0.785622 0.772936 0.792053 0.988368 0.736075 0.884598 0.949446 0.976920 0.770267 0.827388 0.959903 0.852182 0.906817 0.789929 0.806983 0.768917 0.793218 0.623314 0.794582 0.909040 0.917622 0.770536 0.793259 0.737577 0.718622 0.946125 0.884253 0.727268 0.751352 0.000000 0.590351 0.577751 0.670201 0.885765 0.970452 0.751140 0.877894 0.982365 0.889824 0.978179 0.927157 0.706514 0.685472 0.684328 0.693232 0.642458 0.580694 0.792607 0.819798 0.745590 0.958928 0.883100 0.825076 0.726284 0.977226 0.719406 0.794591 0.996304 0.988244 0.922949 0.934320 0.848682 0.936110 0.900090 0.988556 0.860220 0.830677 0.921745 0.852947 0.816144 0.791658 0.878478 0.884814 0.971801 0.773991 0.968945 0.846940 0.901570 0.728146 0.766530 0.762018 0.820365 0.809373 0.888950 0.877995 0.897958 0.783072 0.932804 0.904051 0.890706 0.845602 0.894128 0.889816 0.960955 0.756429 0.921541 0.854890 0.879761 0.986805 0.854267 0.985980 0.911082 0.982791 0.994896 0.981451 0.975046 0.842218 0.896370 0.902650 0.889794 0.867884 0.973403 0.992827 0.898538 0.981586
0.976000 0.925968 0.890975 0.900745 0.927976 0.857564 0.983118 0.978612 0.764836 0.930728 0.977808 0.817949 0.768387 0.717845 0.590017 0.711312 0.735597 0.766316 0.719052 0.738685 0.937243 0.976008 0.767866 0.736873 0.974996 0.991480 0.882536 0.951160 0.717270 0.659109 0.590351 0.000000 0.606075 0.782552 0.950887 0.935606 0.969551 0.891272 0.868995 0.893794 0.961072 0.894769 0.883473 0.800461 0.827452 0.823031 0.746694 0.732024 0.983867 0.942474 0.848131 0.998615 0.989586 0.915067 0.797671 0.913732 0.822163 0.815961 0.912299 0.939095 0.900833 0.988818 0.809178 0.823372 0.979687 0.997305 0.983510 0.882068 0.963290 0.881650 0.996334 0.699423 0.920295 0.898789 0.994717 0.896745 0.974246 0.866574 0.799977 0.621920 0.748382 0.751430 0.716526 0.776425 0.908227 0.864765 0.922812 0.721735 0.935418 0.980503 0.874969 0.817040 0.763966 0.881828 0.958603 0.925612 0.992878 0.761138 0.937235 0.948862 0.896104 0.953652 0.831496 0.987704 0.919232 0.948042 0.889310 0.921931 0.923390 0.905604 0.821679 0.756932 0.972831 0.888189 0.919206 0.978288
0.726901 0.613393 0.712134 0.654778 0.981721 0.933057 0.689240 0.661251 0.998129 0.743195 0.802274 0.692254 0.707392 0.722642 0.713247 0.775293 0.578098 0.616709 0.515702 0.574291 0.917067 0.881666 0.743410 0.816570 0.866247 0.808752 0.917093 0.991902 0.586240 0.641547 0.577751 0.606075 0.000000 0.508796 0.769787 0.983455 0.857595 0.925829 0.931476 0.953388 0.879159 0.804387 0.643830 0.537974 0.679541 0.651371 0.546282 0.539240 0.884104 0.819782 0.614340 0.769697 0.859065 0.912508 0.799813 0.992098 0.633493 0.643023 0.650959 0.757488 0.621602 0.781624 0.597743 0.676379 0.739909 0.778678 0.656199 0.562308 0.987776 0.832177 0.876944 0.734723 0.891405 0.908508 0.976168 0.847318 0.731259 0.770804 0.777723 0.630240 0.537810 0.613062 0.694699 0.749216 0.728475 0.742666 0.846841 0.877104 0.966699 0.716538 0.998377 0.873437 0.936202 0.930362 0.851755 0.798438 0.921215 0.899466 0.698478 0.726967 0.761909 0.822682 0.773853 0.835974 0.718360 0.935632 0.876306 0.941415 0.993630 0.827044 0.765378 0.848419 0.968839 0.977729 0.681180 0.979138
0.553412 0.514875 0.761617 0.679705 0.897631 0.959446 0.721811 0.598859 0.854413 0.822950 0.749791 0.590290 0.760801 0.739422 0.821856 0.760386 0.577768 0.519345 0.525788 0.570034 0.882556 0.909823 0.802259 0.794916 0.838338 0.822601 0.956905 0.981818 0.586138 0.605938 0.670201 0.782552 0.508796 0.000000 0.833259 0.978282 0.801414 0.871811 0.983951 0.907975 0.926797 0.829525 0.635857 0.505902 0.758680 0.662556 0.568146 0.529842 0.908972 0.902015 0.658546 0.881176 0.974328 0.942801 0.840784 0.979256 0.556044 0.604541 0.624281 0.705726 0.626953 0.672247 0.568565 0.599782 0.746716 0.728665 0.640240 0.550657 0.939693 0.730236 0.744157 0.719093 0.768312 0.735628 0.905473 0.865721 0.705190 0.661678 0.702160 0.661874 0.474574 0.555491 0.722986 0.661989 0.725366 0.694241 0.877558 0.866816 0.911876 0.782845 0.941373 0.810851 0.888451 0.913732 0.838853 0.694947 0.759544 0.854186 0.743858 0.731993 0.674198 0.984577 0.661343 0.773117 0.708374 0.912555 0.925011 0.869063 0.883449 0.657711 0.725764 0.784149 0.826943 0.905464 0.681742 0.821575
0.844127 0.883623 0.707502 0.704616 0.973331 0.826300 0.686205 0.798685 0.807600 0.927846 0.946915 0.969191 0.810966 0.940339 0.902230 0.959436 0.989055 0.963124 0.879419 0.927956 0.890660 0.938119 0.812080 0.936678 0.770012 0.847993 0.906426 0.829330 0.954749 0.914056 0.885765 0.950887 0.769787 0.833259 0.000000 0.887517 0.744177 0.983018 0.898719 0.980936 0.931012 0.977647 0.724412 0.734334 0.797522 0.788204 0.853735 0.742072 0.864516 0.753497 0.777165 0.761282 0.807428 0.909688 0.872926 0.860481 0.925197 0.874000 0.775158 0.813438 0.722050 0.797496 0.992938 0.978491 0.661074 0.717298 0.679746 0.691652 0.983221 0.904538 0.912330 0.965094 0.920031 0.906433 0.987076 0.906267 0.766457 0.774130 0.944417 0.930159 0.906330 0.871719 0.876663 0.783968 0.718265 0.771531 0.981966 0.946145 0.846697 0.770277 0.791140 0.838978 0.819969 0.782017 0.983098 0.799211 0.931718 0.918762 0.874840 0.930372 0.917146 0.679318 0.990809 0.862527 0.835674 0.998062 0.889624 0.985416 0.972462 0.972580 0.966396 0.934341 0.835030 0.926434 0.746249 0.976268
0.956602 0.970461 0.920590 0.932968 0.828225 0.882160 0.929063 0.994909 0.862199 0.999273 0.975492 0.991178 0.953697 0.948374 0.954530 0.983837 0.978927 0.981926 0.965335 0.927668 0.915980 0.808019 0.829977 0.848442 0.977624 0.889312 0.981395 0.971116 0.849447 0.865223 0.970452 0.935606 0.983455 0.978282 0.887517 0.000000 0.919712 0.961305 0.961062 0.872931 0.954661 0.974217 0.968737 0.937096 0.870127 0.907044 0.971248 0.997274 0.932264 0.984371 0.959659 0.928873 0.970482 0.971717 0.882794 0.998072 0.975807 0.918390 0.984205 0.961429 0.914790 0.920998 0.914349 0.922524 0.859981 0.904212 0.946950 0.951190 0.908069 0.939579 0.944520 0.920631 0.930290 0.949829 0.966064 0.942378 0.930662 0.899942 0.833487 0.992659 0.994091 0.904105 0.798675 0.905021 0.792292 0.833671 0.879451 0.763520 0.839776 0.771863 0.922222 0.976970 0.915278 0.982760 0.986934 0.922337 0.908970 0.976503 0.937959 0.970636 0.878787 0.862263 0.951234 0.907221 0.910912 0.894335 0.840240 0.955068 0.945104 0.970039 0.944513 0.982606 0.964499 0.986654 0.930838 0.952816
0.849153 0.813084 0.867077 0.875590 0.958832 0.833035 0.952881 0.976479 0.872650 0.911893 0.972387 0.981950 0.934736 0.850284 0.999381 0.907281 0.988516 0.969680 0.866556 0.900793 0.899125 0.837451 0.805300 0.820099 0.773707 0.749231 0.966340 0.879907 0.964824 0.930339 0.751140 0.969551 0.857595 0.801414 0.744177 0.919712 0.000000 0.660970 0.791963 0.974284 0.905017 0.935448 0.759834 0.838303 0.718166 0.699214 0.743908 0.696629 0.730125 0.715441 0.850895 0.847254 0.881624 0.892490 0.784157 0.706747 0.822688 0.820913 0.977028 0.991864 0.998264 0.954049 0.998397 0.994237 0.858739 0.987044 0.786336 0.733274 0.980803 0.943233 0.705756 0.878838 0.995984 0.933389 0.907647 0.948831 0.964190 0.786581 0.973476 0.975449 0.939679 0.900952 0.950729 0.835802 0.877369 0.919138 0.881145 0.844696 0.803392 0.849729 0.962575 0.919055 0.808390 0.971614 0.999962 0.818694 0.886754 0.830819 0.738783 0.900734 0.718566 0.948337 0.902840 0.919234 0.863263 0.844040 0.987518 0.907968 0.893927 0.850317 0.926046 0.888925 0.944216 0.900976 0.754124 0.997109
0.853347 0.768750 0.972569 0.964799 0.855401 0.891166 0.905691 0.994696 0.968405 0.806450 0.960218 0.934396 0.867687 0.901209 0.953203 0.965908 0.961558 0.916219 0.840526 0.844946 0.918129 0.834074 0.995571 0.940158 0.890402 0.934106 0.988175 0.968030 0.882643 0.972462 0.877894 0.891272 0.925829 0.871811 0.983018 0.961305 0.660970 0.000000 0.907820 0.975156 0.948228 0.798251 0.652288 0.738461 0.717066 0.677560 0.719173 0.645490 0.685804 0.671683 0.869224 0.853940 0.889408 0.985391 0.797833 0.823158 0.797331 0.790994 0.909250 0.978081 0.891711 0.910051 0.946725 0.947135 0.954725 0.944732 0.881979 0.945340 0.720825 0.814996 0.748028 0.693694 0.862966 0.829009 0.920660 0.940238 0.998239 0.909867 0.831008 0.952371 0.948137 0.927683 0.919761 0.878561 0.915054 0.985497 0.899801 0.996578 0.821882 0.941960 0.926505 0.932110 0.874057 0.913767 0.993099 0.772316 0.714081 0.733313 0.829440 0.804053 0.748827 0.896419 0.820960 0.690322 0.906404 0.709034 0.916904 0.985754 0.910204 0.905773 0.819690 0.853589 0.953153 0.848326 0.881919 0.757631
