0.000000 0.295081 0.730379 0.653563 0.795612 0.783800 0.902884 0.653188 0.832958 0.840944 0.644693 0.378450 0.721088 0.636526 0.902721 0.857949 0.466368 0.394729 0.497533 0.397549 0.774330 0.960722 0.830738 0.760614 0.651708 0.784772 0.713011 0.904493 0.665333 0.501393 0.783168 0.712682 0.617686 0.622129 0.942635 0.882048 0.650056 0.581354 0.719991 0.767405 0.815194 0.746476 0.924584 0.974737 0.715164 0.866663 0.769913 0.890267 0.945167 0.897824 0.980661 0.916857 0.917474 0.729221 0.720122 0.870989 0.306068 0.299548 0.595933 0.485084 0.734970 0.624830 0.474045 0.317723 0.682905 0.727693 0.914600 0.874934 0.430228 0.529419 0.816993 0.993288 0.967565 0.897381 0.991521 0.921857 0.786130 0.964997 0.841990 0.811746 0.541065 0.526384 0.719140 0.597126 0.523509 0.515731 0.949205 0.927591 0.680865 0.431787 0.616710 0.617265 0.618876 0.628812 0.894954 0.995639 0.900771 0.954541 0.785093 0.770880 0.852162 0.675773 0.927885 0.987731 0.946954 0.990998 0.832746 0.983629 0.916243 0.715129 0.995496 0.893092 0.866729 0.932785 0.961371 0.851371
0.295081 0.000000 0.581327 0.533583 0.771813 0.702915 0.879647 0.618210 0.800327 0.740579 0.806025 0.444751 0.823783 0.737547 0.908083 0.848608 0.401324 0.337816 0.518568 0.445343 0.646326 0.948523 0.764390 0.686434 0.530410 0.670897 0.605055 0.983131 0.712831 0.448115 0.635805 0.640065 0.563864 0.575368 0.852264 0.755116 0.503386 0.492259 0.631562 0.784786 0.812134 0.701308 0.930504 0.843537 0.770266 0.916634 0.658971 0.772247 0.918230 0.853271 0.918522 0.801782 0.968218 0.866008 0.668713 0.796568 0.234118 0.248384 0.579461 0.472468 0.821585 0.632667 0.646705 0.404828 0.571756 0.597988 0.751591 0.721202 0.416459 0.425425 0.749438 0.921989 0.914074 0.954108 0.951042 0.989806 0.901753 0.981101 0.730238 0.666328 0.494757 0.586888 0.588177 0.537283 0.577210 0.472797 0.879090 0.923682 0.825532 0.424203 0.550519 0.575317 0.583212 0.644327 0.923410 0.987195 0.858512 0.901240 0.726683 0.819670 0.779954 0.620658 0.882638 0.953843 0.860889 0.903646 0.766564 0.956310 0.917524 0.657165 0.999978 0.867199 0.912191 0.973176 0.910254 0.865972
0.730379 0.581327 0.000000 0.308860 0.933835 0.867309 0.613493 0.575968 0.827610 0.751121 0.939959 0.806495 0.856820 0.743986 0.699409 0.540948 0.614980 0.597741 0.567730 0.630178 0.533477 0.911221 0.453454 0.441901 0.314974 0.332203 0.546720 0.946393 0.952233 0.606378 0.419784 0.521911 0.516922 0.672105 0.555127 0.611942 0.552736 0.568266 0.585095 0.944317 0.928728 0.734248 0.915952 0.864828 0.667514 0.676948 0.753321 0.849450 0.582002 0.807089 0.884217 0.989566 0.953275 0.982896 0.839819 0.972531 0.580558 0.551857 0.894008 0.790162 0.669115 0.720615 0.976900 0.823771 0.295757 0.344110 0.514201 0.585750 0.688211 0.662810 0.545208 0.728903 0.700538 0.762856 0.724037 0.949569 0.805788 0.759112 0.840075 0.911894 0.958825 0.925905 0.576851 0.851237 0.641633 0.476656 0.863706 0.994760 0.971124 0.744378 0.812347 0.730204 0.929757 0.949291 0.924181 0.906998 0.889109 0.953936 0.746847 0.872280 0.943094 0.822922 0.774089 0.881985 0.701660 0.763119 0.717168 0.866835 0.934861 0.741605 0.942043 0.814891 0.831863 0.937245 0.671355 0.967143
0.653563 0.533583 0.308860 0.000000 0.977486 0.913465 0.572719 0.416062 0.756113 0.915178 0.887817 0.716362 0.777468 0.604953 0.676950 0.436221 0.658532 0.613101 0.507874 0.616336 0.558296 0.971238 0.349488 0.382626 0.392330 0.409310 0.559500 0.940665 0.931019 0.600883 0.353078 0.444814 0.424565 0.644196 0.596730 0.626038 0.585477 0.596894 0.714616 0.994716 0.970770 0.809960 0.747498 0.716894 0.790099 0.818050 0.725897 0.729004 0.722428 0.998894 0.896299 0.780330 0.772617 0.809173 0.809539 0.996790 0.523265 0.499279 0.781773 0.591310 0.645459 0.526890 0.963562 0.692789 0.336840 0.302229 0.461364 0.516026 0.723076 0.633561 0.428301 0.634529 0.639373 0.738738 0.780514 0.916543 0.819677 0.683528 0.709979 0.783604 0.926497 0.953269 0.596574 0.843434 0.598438 0.416881 0.941358 0.959725 0.995338 0.598599 0.919366 0.837632 0.998934 0.975227 0.986086 0.833470 0.849121 0.878355 0.878861 0.993715 0.969556 0.904182 0.807339 0.877790 0.624122 0.654827 0.684343 0.766603 0.963206 0.707996 0.878555 0.937232 0.991143 0.936623 0.605323 0.898836
0.795612 0.771813 0.933835 0.977486 0.000000 0.599594 0.664128 0.743469 0.450698 0.538004 0.759688 0.904270 0.817837 0.919485 0.660144 0.797725 0.770662 0.673471 0.868719 0.937696 0.933099 0.949506 0.757100 0.899240 0.775758 0.872508 0.918134 0.968794 0.932956 0.912785 0.904164 0.890431 0.939058 0.951373 0.967861 0.937273 0.794000 0.777142 0.777563 0.741793 0.701152 0.851431 0.850004 0.939914 0.740508 0.839861 0.917062 0.918266 0.872922 0.965567 0.753674 0.821623 0.710033 0.657758 0.982357 0.963059 0.773001 0.807315 0.971001 0.988442 0.677135 0.651023 0.928875 0.984070 0.860595 0.999977 0.856462 0.954055 0.814387 0.865641 0.693880 0.940972 0.893645 0.795022 0.955583 0.989265 0.753465 0.850093 0.815468 0.974630 0.899251 0.918533 0.994503 0.744151 0.934134 0.899863 0.872579 0.907135 0.975885 0.915135 0.506198 0.531126 0.508877 0.600356 0.832778 0.909471 0.893698 0.739294 0.621989 0.689464 0.662531 0.585621 0.856902 0.844634 0.784674 0.855070 0.918472 0.887101 0.938159 0.897555 0.788879 0.805328 0.743613 0.922348 0.875133 0.939752
0.783800 0.702915 0.867309 0.913465 0.599594 0.000000 0.743925 0.873835 0.547318 0.611786 0.814811 0.875359 0.958805 0.953280 0.837555 0.867356 0.884934 0.762589 0.977648 0.842317 0.763947 0.916085 0.822525 0.901978 0.829149 0.878241 0.821383 0.908349 0.924584 0.833426 0.970576 0.925194 0.944573 0.965732 0.917158 0.993309 0.774812 0.838026 0.783440 0.802208 0.747845 0.928869 0.870389 0.919748 0.651895 0.772638 0.970814 0.849814 0.795964 0.843875 0.808348 0.875890 0.764392 0.706232 0.951045 0.816265 0.743027 0.762199 0.984599 0.909923 0.790262 0.901175 0.966783 0.995607 0.812624 0.925224 0.883042 0.888734 0.732465 0.815849 0.893680 0.915929 0.941816 0.861645 0.854201 0.912252 0.761879 0.846176 0.829698 0.891657 0.996641 0.955436 0.898989 0.783426 0.921710 0.932655 0.961107 0.982892 0.948496 0.881851 0.493229 0.583859 0.534770 0.706297 0.847742 0.999262 0.859166 0.865292 0.613554 0.689911 0.746400 0.759289 0.739407 0.875395 0.845131 0.910020 0.949876 0.877726 0.924073 0.800643 0.999872 0.713361 0.813915 0.947317 0.815033 0.828206
0.902884 0.879647 0.613493 0.572719 0.664128 0.743925 0.000000 0.346661 0.539907 0.565668 0.830868 0.940130 0.902700 0.875821 0.751014 0.745040 0.905342 0.985498 0.623220 0.904299 0.902596 0.837488 0.578178 0.782138 0.911478 0.821849 0.936939 0.922073 0.713990 0.913932 0.551479 0.661970 0.652411 0.605042 0.745328 0.799763 0.957055 0.965383 0.895190 0.893881 0.734674 0.757215 0.662964 0.640611 0.800639 0.809975 0.719523 0.669015 0.866699 0.823282 0.648765 0.685896 0.594314 0.676946 0.832728 0.887405 0.835203 0.848359 0.574204 0.589374 0.363657 0.538849 0.704140 0.750793 0.820910 0.744541 0.534326 0.600033 0.862901 0.841506 0.554098 0.873527 0.727697 0.760464 0.874261 0.903811 0.590366 0.730027 0.861389 0.960321 0.974165 0.899251 0.926575 0.768751 0.788105 0.853764 0.837488 0.821264 0.908873 0.895401 0.655526 0.688783 0.593386 0.714503 0.776881 0.783183 0.733184 0.704532 0.628188 0.647191 0.697167 0.832306 0.865690 0.906101 0.643566 0.659695 0.691929 0.695944 0.946968 0.858155 0.751114 0.791037 0.682513 0.793951 0.673298 0.855073
0.653188 0.618210 0.575968 0.416062 0.743469 0.873835 0.346661 0.000000 0.603614 0.637027 0.897965 0.725732 0.710062 0.597811 0.680540 0.579328 0.767060 0.761434 0.502352 0.671530 0.787754 0.852261 0.460535 0.595514 0.782615 0.752609 0.893022 0.939374 0.650908 0.708452 0.430267 0.511065 0.480846 0.553218 0.739419 0.772879 0.839127 0.828376 0.948841 0.918148 0.831901 0.772099 0.567189 0.547576 0.859141 0.811892 0.641933 0.594253 0.851003 0.723208 0.554829 0.544220 0.537640 0.621299 0.791052 0.860900 0.609995 0.610255 0.527519 0.408780 0.438124 0.315057 0.699963 0.526882 0.714815 0.589503 0.523919 0.530396 0.916457 0.680194 0.426617 0.683157 0.614593 0.656901 0.882753 0.842505 0.660251 0.740175 0.722169 0.792485 0.814322 0.901263 0.840012 0.955470 0.628631 0.624777 0.838412 0.939204 0.958041 0.629995 0.755120 0.772268 0.721785 0.766723 0.791865 0.767694 0.666169 0.724525 0.678726 0.634005 0.754047 0.876655 0.912109 0.869248 0.613970 0.586547 0.632451 0.608522 0.897194 0.761782 0.752703 0.784683 0.697223 0.857071 0.659587 0.839817
0.832958 0.800327 0.827610 0.756113 0.450698 0.547318 0.539907 0.603614 0.000000 0.538211 0.784173 0.918001 0.657275 0.723468 0.536190 0.582638 0.846456 0.767597 0.764080 0.988894 0.943347 0.980335 0.571101 0.733328 0.995789 0.925081 0.947877 0.921435 0.939341 0.931869 0.678381 0.827838 0.919246 0.966997 0.851114 0.977255 0.794252 0.865363 0.807520 0.699583 0.733561 0.932192 0.839889 0.917444 0.874592 0.976561 0.941619 0.923898 0.960687 0.913106 0.859976 0.902915 0.728689 0.658951 0.989099 0.862037 0.790272 0.865307 0.919519 0.969185 0.577317 0.620214 0.993420 0.981568 0.948485 0.813249 0.820212 0.891441 0.825553 0.896857 0.573935 0.716792 0.639123 0.566860 0.939142 0.998288 0.646480 0.727716 0.861872 0.937814 0.818789 0.877989 0.979891 0.637338 0.922706 0.982098 0.871220 0.946931 0.927594 0.929707 0.414890 0.501972 0.410275 0.475361 0.840493 0.780848 0.778867 0.800756 0.635197 0.672720 0.642264 0.641605 0.915185 0.823886 0.729536 0.823810 0.906999 0.690231 0.981929 0.963398 0.863519 0.814036 0.817033 0.976261 0.688567 0.880293
0.840944 0.740579 0.751121 0.915178 0.538004 0.611786 0.565668 0.637027 0.538211 0.000000 0.827291 0.872849 0.857650 0.935238 0.833074 0.990774 0.719267 0.666772 0.996371 0.799944 0.723895 0.915733 0.942514 0.847892 0.533895 0.632476 0.599775 0.999739 0.746898 0.824481 0.934991 0.996915 0.986068 0.910133 0.916252 0.841255 0.580513 0.656791 0.463545 0.780168 0.695188 0.924020 0.703340 0.752802 0.523388 0.560653 0.963237 0.831671 0.542067 0.702285 0.557543 0.669415 0.602416 0.600195 0.979978 0.959536 0.746223 0.736570 0.791633 0.815583 0.654858 0.694512 0.820428 0.948527 0.604089 0.731216 0.962863 0.988965 0.590952 0.850337 0.799284 0.826223 0.899141 0.793999 0.843790 0.967024 0.685307 0.938269 0.937244 0.903001 0.876851 0.791340 0.645664 0.531247 0.849595 0.695423 0.623777 0.772632 0.943659 0.875839 0.358171 0.334921 0.392648 0.513026 0.773307 0.788614 0.806996 0.731932 0.366231 0.445419 0.553953 0.566852 0.657399 0.734504 0.917884 0.864064 0.907700 0.677573 0.989851 0.922474 0.786027 0.621363 0.587222 0.790698 0.886247 0.855448
0.644693 0.806025 0.939959 0.887817 0.759688 0.814811 0.830868 0.897965 0.784173 0.827291 0.000000 0.660552 0.733600 0.845696 0.821861 0.758003 0.741578 0.716984 0.750708 0.651615 0.982916 0.965545 0.684425 0.755925 0.942117 0.914004 0.993415 0.864229 0.788939 0.801596 0.748084 0.846938 0.876567 0.872024 0.801150 0.784584 0.820462 0.875607 0.879568 0.727392 0.656862 0.933031 0.565663 0.673532 0.584024 0.652911 0.795534 0.660921 0.760641 0.683717 0.614964 0.594647 0.500910 0.460737 0.926147 0.931067 0.851863 0.804456 0.969216 0.986484 0.893379 0.945335 0.632626 0.780712 0.994570 0.909231 0.599951 0.671007 0.611419 0.978699 0.830192 0.784257 0.713969 0.675711 0.952494 0.850505 0.605522 0.778999 0.850411 0.873557 0.951037 0.727670 0.978448 0.794609 0.920457 0.980257 0.928164 0.975056 0.781377 0.947912 0.723834 0.725099 0.662473 0.723466 0.721179 0.828094 0.973027 0.810269 0.684110 0.588946 0.983167 0.766347 0.851578 0.967221 0.697351 0.685840 0.826564 0.750244 0.975057 0.992425 0.812256 0.784101 0.659030 0.712469 0.862929 0.684644
0.378450 0.444751 0.806495 0.716362 0.904270 0.875359 0.940130 0.725732 0.918001 0.872849 0.660552 0.000000 0.595723 0.479302 0.867075 0.746121 0.548160 0.441546 0.528985 0.414695 0.761738 0.929131 0.801134 0.724113 0.677609 0.812755 0.806949 0.922969 0.713433 0.471919 0.814650 0.738874 0.726140 0.808315 0.877260 0.980514 0.711457 0.673383 0.799285 0.937245 0.828009 0.803439 0.901345 0.960698 0.698604 0.812297 0.929675 0.972221 0.848822 0.992771 0.940727 0.997405 0.881124 0.807654 0.807621 0.992456 0.499636 0.440055 0.836815 0.686865 0.852642 0.600141 0.672991 0.454770 0.711962 0.719794 0.957925 0.978686 0.417248 0.646932 0.795950 0.812682 0.968505 0.974115 0.996114 0.924509 0.830545 0.942080 0.889257 0.714292 0.576323 0.468646 0.711379 0.608922 0.561366 0.546793 0.866847 0.851739 0.627841 0.555075 0.766781 0.759935 0.747178 0.821865 0.814799 0.968064 0.954464 0.940187 0.792628 0.805364 0.887187 0.845193 0.902153 0.970967 0.918163 0.955469 0.849134 0.977853 0.971901 0.801427 0.977837 0.929733 0.803549 0.794964 0.996684 0.909700
0.721088 0.823783 0.856820 0.777468 0.817837 0.958805 0.902700 0.710062 0.657275 0.857650 0.733600 0.595723 0.000000 0.427956 0.563028 0.707590 0.877286 0.889221 0.582412 0.633065 0.916159 0.927418 0.762807 0.834628 0.856128 0.900534 0.950670 0.892507 0.730229 0.706466 0.780637 0.684407 0.883959 0.903216 0.953096 0.895757 0.866044 0.915793 0.986153 0.961094 0.931266 0.976268 0.892769 0.864765 0.709919 0.724850 0.885497 0.799910 0.740011 0.799743 0.852950 0.898441 0.874029 0.930275 0.917626 0.792925 0.916980 0.808992 0.885002 0.941011 0.622245 0.642646 0.754127 0.721612 0.839146 0.793104 0.825027 0.890935 0.738848 0.912205 0.660808 0.660532 0.765236 0.765654 0.967185 0.882071 0.947945 0.872907 0.863468 0.994697 0.961416 0.812968 0.902232 0.905663 0.830949 0.856315 0.950480 0.919494 0.860269 0.884847 0.797987 0.847520 0.857345 0.769424 0.900799 0.914175 0.738051 0.963031 0.981571 0.960237 0.792911 0.805569 0.906454 0.835251 0.958329 0.988351 0.942093 0.880523 0.978049 0.946282 0.941234 0.938307 0.882989 0.836488 0.883122 0.861193
0.636526 0.737547 0.743986 0.604953 0.919485 0.953280 0.875821 0.597811 0.723468 0.935238 0.845696 0.479302 0.427956 0.000000 0.558492 0.507190 0.834220 0.723201 0.559283 0.516343 0.778614 0.927630 0.580313 0.583618 0.765078 0.760663 0.881474 0.859641 0.817019 0.667471 0.676095 0.627728 0.771376 0.914937 0.847722 0.969915 0.869161 0.867701 0.920546 0.933290 0.969276 0.842742 0.983879 0.970503 0.719416 0.769675 0.966875 0.953346 0.785491 0.882784 0.990410 0.964643 0.976292 0.969527 0.997258 0.814818 0.790935 0.668408 0.975556 0.802980 0.731758 0.522963 0.808120 0.633487 0.735289 0.658613 0.973994 0.962196 0.741130 0.866042 0.574535 0.595012 0.664245 0.623016 0.861958 0.994472 0.955396 0.961909 0.911874 0.888654 0.914563 0.755749 0.848522 0.993944 0.683591 0.651300 0.998607 0.961321 0.831665 0.677948 0.888919 0.924909 0.892388 0.790127 0.994616 0.781024 0.872797 0.960233 0.989396 0.981217 0.843416 0.848156 0.910111 0.813898 0.793225 0.793748 0.878715 0.817845 0.986256 0.851899 0.954099 0.958078 0.967844 0.870693 0.849636 0.924845
0.902721 0.908083 0.699409 0.676950 0.660144 0.837555 0.751014 0.680540 0.536190 0.833074 0.821861 0.867075 0.563028 0.558492 0.000000 0.501037 0.946405 0.927827 0.830781 0.889493 0.789933 0.931966 0.501802 0.639668 0.821083 0.767913 0.969356 0.918222 0.868611 0.843774 0.667333 0.684825 0.837165 0.970361 0.735973 0.938182 0.944123 0.941851 0.970207 0.818313 0.858278 0.992721 0.913491 0.992409 0.889188 0.833263 0.920015 0.971222 0.766102 0.820720 0.961329 0.982400 0.919166 0.757430 0.866282 0.769779 0.844700 0.963248 0.784277 0.930421 0.705361 0.733639 0.940937 0.975386 0.758993 0.692606 0.858301 0.871523 0.996932 0.991924 0.513352 0.540765 0.594671 0.596476 0.756178 0.957491 0.781661 0.830403 0.964234 0.975969 0.867456 0.991843 0.823191 0.816436 0.861548 0.843810 0.971991 0.980275 0.967875 0.942512 0.643640 0.699418 0.645272 0.532686 0.967900 0.891999 0.897817 0.957239 0.859921 0.811486 0.780012 0.624255 0.985586 0.859174 0.731187 0.826064 0.866102 0.878308 0.820384 0.996476 0.921149 0.969473 0.985447 0.889015 0.809422 0.819682
0.857949 0.848608 0.540948 0.436221 0.797725 0.867356 0.745040 0.579328 0.582638 0.990774 0.758003 0.746121 0.707590 0.507190 0.501037 0.000000 0.890909 0.867029 0.660385 0.749273 0.679731 0.929485 0.275525 0.333690 0.577612 0.546358 0.718495 0.946103 0.934628 0.658034 0.509219 0.552512 0.612945 0.888747 0.537159 0.765245 0.838321 0.857806 0.841488 0.944138 0.990412 0.978029 0.797111 0.819112 0.915099 0.873059 0.881983 0.819213 0.805093 0.980097 0.894993 0.814005 0.746153 0.703441 0.858060 0.933176 0.840189 0.763393 0.972016 0.826081 0.726602 0.573034 0.943714 0.806155 0.513509 0.442685 0.542736 0.617506 0.849613 0.831194 0.441557 0.579558 0.613363 0.624595 0.773110 0.905031 0.738815 0.769474 0.872713 0.834868 0.991285 0.900372 0.652269 0.970321 0.569976 0.513903 0.931431 0.766982 0.855174 0.666414 0.813452 0.915688 0.764933 0.757178 0.926874 0.765454 0.873251 0.981923 0.930934 0.845619 0.926278 0.843512 0.964909 0.986963 0.540087 0.690046 0.773841 0.775592 0.985505 0.893978 0.855861 0.894584 0.955258 0.971298 0.628673 0.786624
0.466368 0.401324 0.614980 0.658532 0.770662 0.884934 0.905342 0.767060 0.846456 0.719267 0.741578 0.548160 0.877286 0.834220 0.946405 0.890909 0.000000 0.351061 0.602893 0.565705 0.723813 0.985300 0.803085 0.773967 0.513020 0.669345 0.675219 0.949351 0.595134 0.442040 0.737079 0.725950 0.695954 0.627703 0.776525 0.784851 0.603686 0.546314 0.664828 0.752677 0.876661 0.644533 0.995180 0.899893 0.803124 0.891864 0.651816 0.793205 0.856548 0.952166 0.911353 0.991385 0.924196 0.819618 0.612942 0.681841 0.432109 0.418597 0.766528 0.711470 0.866028 0.807886 0.664008 0.527043 0.588813 0.655676 0.802672 0.761661 0.485953 0.573049 0.792887 0.995730 0.968856 0.874454 0.973243 0.927689 0.961301 0.969836 0.865209 0.721711 0.508830 0.497163 0.603907 0.473467 0.568988 0.542188 0.714928 0.926422 0.817854 0.530423 0.635804 0.621541 0.665863 0.667296 0.824528 0.934158 0.898137 0.924812 0.689666 0.782402 0.866716 0.643242 0.848278 0.898309 0.913748 0.947964 0.909459 0.956995 0.979556 0.651877 0.992870 0.822172 0.821277 0.850041 0.913034 0.938139
0.394729 0.337816 0.597741 0.613101 0.673471 0.762589 0.985498 0.761434 0.767597 0.666772 0.716984 0.441546 0.889221 0.723201 0.927827 0.867029 0.351061 0.000000 0.564909 0.464747 0.649417 0.977985 0.821486 0.717464 0.486438 0.586239 0.645632 0.913520 0.720616 0.449766 0.703604 0.697266 0.640038 0.709077 0.798354 0.769938 0.543494 0.468451 0.619112 0.797548 0.799100 0.652039 0.969045 0.930091 0.687608 0.825234 0.755065 0.816847 0.814710 0.998996 0.918212 0.959444 0.887856 0.785290 0.657584 0.851552 0.357772 0.313972 0.794740 0.687779 0.954777 0.759238 0.737807 0.478947 0.551802 0.605331 0.853461 0.827110 0.433660 0.508170 0.818306 0.980928 0.953049 0.934313 0.977209 0.948508 0.873543 0.975933 0.769691 0.667340 0.495346 0.507910 0.621313 0.469540 0.598688 0.474060 0.731746 0.998160 0.798676 0.518839 0.541996 0.537292 0.591405 0.632725 0.900813 0.937607 0.974820 0.937201 0.631955 0.754714 0.799632 0.591413 0.823387 0.907542 0.884176 0.941883 0.806476 0.977999 0.963153 0.708414 0.980599 0.739365 0.722834 0.863315 0.922207 0.904498
0.497533 0.518568 0.567730 0.507874 0.868719 0.977648 0.623220 0.502352 0.764080 0.996371 0.750708 0.528985 0.582412 0.559283 0.830781 0.660385 0.602893 0.564909 0.000000 0.444970 0.760509 0.948225 0.601429 0.648176 0.598998 0.642610 0.694339 0.950043 0.741588 0.546574 0.604367 0.617817 0.628914 0.674734 0.767938 0.801330 0.625134 0.628396 0.841749 0.826559 0.841299 0.739072 0.952814 0.969377 0.723001 0.760680 0.820308 0.922662 0.742841 0.896720 0.964972 0.977589 0.990667 0.887716 0.703464 0.989719 0.531361 0.464633 0.779605 0.650738 0.522131 0.479268 0.646685 0.488521 0.560027 0.539873 0.775206 0.856043 0.572215 0.652218 0.681722 0.874418 0.822159 0.870715 0.899387 0.908060 0.957844 0.923152 0.995060 0.901204 0.753705 0.672392 0.695434 0.762179 0.498218 0.498409 0.891167 0.962192 0.841199 0.564515 0.929288 0.874632 0.971919 0.935532 0.994259 0.920711 0.747726 0.865621 0.919143 0.879668 0.841051 0.870988 0.899916 0.988140 0.724769 0.873810 0.850776 0.942208 0.901304 0.726976 0.848782 0.921566 0.842764 0.879266 0.749558 0.877829
0.397549 0.445343 0.630178 0.616336 0.937696 0.842317 0.904299 0.671530 0.988894 0.799944 0.651615 0.414695 0.633065 0.516343 0.889493 0.749273 0.565705 0.464747 0.444970 0.000000 0.713204 0.884812 0.750591 0.664905 0.585197 0.686900 0.655767 0.936912 0.785042 0.528666 0.738521 0.707776 0.650532 0.746968 0.870941 0.841701 0.592246 0.593679 0.746021 0.882925 0.812284 0.757733 0.789432 0.867038 0.586184 0.676579 0.914646 0.974057 0.728267 0.830629 0.832635 0.913051 0.807564 0.721805 0.876415 0.989838 0.476678 0.390155 0.843931 0.686278 0.751852 0.609661 0.646984 0.457899 0.621272 0.647799 0.947644 0.911647 0.408330 0.580229 0.771119 0.900624 0.910471 0.995112 0.913797 0.928255 0.843756 0.950338 0.881023 0.778935 0.693041 0.573442 0.671832 0.659331 0.565616 0.561461 0.918235 0.921659 0.699787 0.582462 0.693945 0.698700 0.726972 0.802898 0.910125 0.942943 0.850379 0.941113 0.724880 0.700229 0.916979 0.722504 0.825589 0.966964 0.894117 0.933230 0.932760 0.998424 0.863537 0.793258 0.959946 0.794251 0.771525 0.849704 0.973258 0.893654
0.774330 0.646326 0.533477 0.558296 0.933099 0.763947 0.902596 0.787754 0.943347 0.723895 0.982916 0.761738 0.916159 0.778614 0.789933 0.679731 0.723813 0.649417 0.760509 0.713204 0.000000 0.990238 0.677911 0.642855 0.513063 0.506625 0.703908 0.964680 0.996440 0.737976 0.586218 0.720548 0.677167 0.824917 0.727778 0.806432 0.669685 0.797443 0.739406 0.991388 0.813470 0.820305 0.995864 0.987486 0.691727 0.690817 0.935712 0.958348 0.672138 0.855462 0.873778 0.965573 0.947752 0.953687 0.867992 0.918223 0.684371 0.684252 0.988258 0.947936 0.962427 0.837421 0.998344 0.889565 0.512875 0.559997 0.716708 0.814859 0.711972 0.845530 0.724435 0.824143 0.734540 0.770203 0.732252 0.956119 0.938369 0.928455 0.799945 0.795701 0.904553 0.882903 0.736869 0.853222 0.781466 0.625822 0.867256 0.939939 0.982619 0.805475 0.744313 0.699279 0.801378 0.974952 0.945453 0.957065 0.964988 0.786460 0.722213 0.860979 0.825000 0.811626 0.752380 0.963428 0.798450 0.879613 0.910086 0.955317 0.920440 0.852969 0.916582 0.733295 0.870311 0.896388 0.758987 0.957102
0.960722 0.948523 0.911221 0.971238 0.949506 0.916085 0.837488 0.852261 0.980335 0.915733 0.965545 0.929131 0.927418 0.927630 0.931966 0.929485 0.985300 0.977985 0.948225 0.884812 0.990238 0.000000 0.983563 0.980848 0.950034 0.967145 0.906338 0.881049 0.962017 0.920752 0.889790 0.893160 0.942159 0.746131 0.942056 0.958925 0.987728 0.962593 0.904476 0.815937 0.924416 0.844836 0.852703 0.876483 0.907083 0.917490 0.845435 0.981000 0.893253 0.893580 0.887004 0.943304 0.957468 0.924114 0.962160 0.903605 0.993600 0.959926 0.874901 0.935519 0.818017 0.951030 0.935582 0.975381 0.994861 0.988873 0.851729 0.869676 0.976595 0.921996 0.968008 0.824971 0.930794 0.877190 0.909696 0.988997 0.968015 0.926848 0.972013 0.876598 0.986249 0.978858 0.935554 0.970175 0.930846 0.989158 0.919204 0.841424 0.860877 0.948215 0.894941 0.912776 0.913500 0.902133 0.834888 0.906809 0.957358 0.962359 0.838354 0.864374 0.907252 0.959785 0.801056 0.856803 0.962749 0.909563 0.809385 0.995514 0.982103 0.788215 0.866453 0.901790 0.835100 0.990242 0.770994 0.913812
0.830738 0.764390 0.453454 0.349488 0.757100 0.822525 0.578178 0.460535 0.571101 0.942514 0.684425 0.801134 0.762807 0.580313 0.501802 0.275525 0.803085 0.821486 0.601429 0.750591 0.677911 0.983563 0.000000 0.314169 0.546210 0.520031 0.671539 0.918632 0.871178 0.624304 0.385744 0.466471 0.507572 0.793990 0.544027 0.685938 0.783614 0.781111 0.832378 0.926837 0.927682 0.912075 0.721633 0.742779 0.981769 0.942807 0.767299 0.742891 0.848932 0.904738 0.811447 0.725903 0.657695 0.646618 0.818076 0.994223 0.738525 0.689011 0.863284 0.719735 0.632298 0.538200 0.998536 0.746356 0.480054 0.405130 0.414127 0.502679 0.888704 0.735156 0.362732 0.600825 0.573571 0.629681 0.785340 0.921444 0.679789 0.732452 0.811358 0.777715 0.936660 0.932612 0.601754 0.994184 0.530308 0.466371 0.969417 0.793299 0.961906 0.631404 0.822842 0.916395 0.743146 0.757526 0.925896 0.790213 0.807823 0.878209 0.902364 0.791232 0.891500 0.862119 0.987067 0.989382 0.492767 0.595711 0.780989 0.742907 0.941386 0.838770 0.797237 0.881292 0.929771 0.982955 0.616343 0.795763
0.760614 0.686434 0.441901 0.382626 0.899240 0.901978 0.782138 0.595514 0.733328 0.847892 0.755925 0.724113 0.834628 0.583618 0.639668 0.333690 0.773967 0.717464 0.648176 0.664905 0.642855 0.980848 0.314169 0.000000 0.464345 0.448394 0.599336 0.954192 0.994052 0.636258 0.494842 0.577205 0.504663 0.852170 0.560481 0.732733 0.684715 0.704233 0.678020 0.978977 0.988680 0.885295 0.816751 0.842408 0.862065 0.845023 0.761271 0.774831 0.771251 0.966306 0.892172 0.794966 0.781270 0.747164 0.819336 0.977850 0.675006 0.638007 0.926149 0.799868 0.844081 0.653606 0.927586 0.781193 0.443983 0.387374 0.466008 0.554669 0.792966 0.739480 0.524113 0.631570 0.670119 0.631113 0.747006 0.846043 0.807901 0.767839 0.806863 0.735582 0.883606 0.826642 0.579529 0.841279 0.552383 0.393032 0.836230 0.713469 0.891564 0.624883 0.976690 0.863380 0.951589 0.960122 0.956491 0.867925 0.859219 0.976291 0.943098 0.967078 0.990955 0.977327 0.910337 0.973322 0.557198 0.657993 0.847762 0.868212 0.971772 0.833482 0.923897 0.953383 0.982645 0.990968 0.696082 0.803037
0.651708 0.530410 0.314974 0.392330 0.775758 0.829149 0.911478 0.782615 0.995789 0.533895 0.942117 0.677609 0.856128 0.765078 0.821083 0.577612 0.513020 0.486438 0.598998 0.585197 0.513063 0.950034 0.546210 0.464345 0.000000 0.295738 0.471161 0.972166 0.970950 0.559411 0.546807 0.632561 0.591076 0.796868 0.604583 0.643514 0.482425 0.506939 0.509046 0.850238 0.789421 0.760848 0.952184 0.981120 0.551094 0.561316 0.831710 0.942719 0.490546 0.749122 0.727029 0.861104 0.867989 0.853817 0.831861 0.994695 0.542688 0.494142 0.961059 0.903832 0.902568 0.831617 0.942975 0.811332 0.256872 0.335384 0.670415 0.700304 0.521799 0.700579 0.661474 0.792911 0.830101 0.926807 0.776944 0.985044 0.974482 0.814387 0.892577 0.821602 0.858843 0.747370 0.482584 0.597958 0.581665 0.404698 0.697654 0.875656 0.939656 0.657926 0.624314 0.539898 0.698595 0.754482 0.812887 0.915171 0.981010 0.878944 0.530207 0.661510 0.747632 0.643958 0.677357 0.736756 0.779188 0.883829 0.825737 0.947343 0.969700 0.737923 0.926880 0.707816 0.656701 0.771867 0.701487 0.976941
0.784772 0.670897 0.332203 0.409310 0.872508 0.878241 0.821849 0.752609 0.925081 0.632476 0.914004 0.812755 0.900534 0.760663 0.767913 0.546358 0.669345 0.586239 0.642610 0.686900 0.506625 0.967145 0.520031 0.448394 0.295738 0.000000 0.589145 0.968072 0.939424 0.679086 0.552234 0.643886 0.573982 0.811026 0.529282 0.633950 0.576082 0.577229 0.599682 0.897633 0.871963 0.804839 0.938287 0.909011 0.648500 0.640101 0.806153 0.908631 0.546186 0.785742 0.835953 0.952401 0.950366 0.984776 0.789464 0.990727 0.655954 0.612519 0.958090 0.929044 0.900409 0.834977 0.901174 0.892776 0.306479 0.336799 0.590570 0.633804 0.715292 0.752939 0.649119 0.757298 0.754920 0.796759 0.726414 0.922235 0.910614 0.738875 0.859544 0.889831 0.931794 0.865693 0.536158 0.733426 0.649701 0.440624 0.714051 0.996274 0.978071 0.771221 0.764147 0.656586 0.848388 0.849833 0.948657 0.826812 0.946806 0.839878 0.664280 0.767772 0.853492 0.777900 0.693749 0.822156 0.680797 0.762063 0.795654 0.962889 0.947559 0.749640 0.932941 0.691473 0.794474 0.906708 0.681912 0.994107
0.713011 0.605055 0.546720 0.559500 0.918134 0.821383 0.936939 0.893022 0.947877 0.599775 0.993415 0.806949 0.950670 0.881474 0.969356 0.718495 0.675219 0.645632 0.694339 0.655767 0.703908 0.906338 0.671539 0.599336 0.471161 0.589145 0.000000 0.992972 0.959821 0.683713 0.700716 0.696548 0.658617 0.890754 0.760073 0.731359 0.492565 0.526637 0.605239 0.952883 0.821322 0.770731 0.850154 0.876130 0.623176 0.655743 0.991180 0.908916 0.637873 0.849780 0.814883 0.933004 0.940254 0.795424 0.890876 0.937336 0.589537 0.561853 0.938366 0.851082 0.917661 0.847396 0.989652 0.814076 0.483508 0.582621 0.735862 0.867194 0.613483 0.697521 0.792956 0.967098 0.970728 0.856587 0.805620 0.915035 0.942605 0.970496 0.926122 0.851112 0.986747 0.927413 0.603882 0.703133 0.637451 0.571933 0.695261 0.779931 0.917348 0.694685 0.631056 0.621084 0.713550 0.785501 0.869721 0.976183 0.965413 0.960180 0.566553 0.679116 0.652288 0.713750 0.736565 0.840780 0.848999 0.895186 0.961913 0.897070 0.942842 0.864020 0.974039 0.824603 0.731398 0.843348 0.956254 0.905979
0.904493 0.983131 0.946393 0.940665 0.968794 0.908349 0.922073 0.939374 0.921435 0.999739 0.864229 0.922969 0.892507 0.859641 0.918222 0.946103 0.949351 0.913520 0.950043 0.936912 0.964680 0.881049 0.918632 0.954192 0.972166 0.968072 0.992972 0.000000 0.888641 0.942878 0.989703 0.978304 0.965912 0.983767 0.890866 0.913075 0.952399 0.923862 0.800413 0.902367 0.869762 0.975545 0.892063 0.928116 0.884958 0.896199 0.918320 0.987148 0.912300 0.879232 0.935475 0.921008 0.934006 0.909752 0.925513 0.930154 0.908990 0.861079 0.964046 0.987815 0.807276 0.961127 0.828003 0.863417 0.942831 0.936742 0.965093 0.997588 0.957265 0.958794 0.906120 0.973290 0.977301 0.997364 0.947177 0.876381 0.948162 0.911075 0.971329 0.950892 0.994929 0.956257 0.964878 0.897202 0.874928 0.909280 0.900598 0.931246 0.976293 0.945340 0.967952 0.933153 0.996387 0.976189 0.947347 0.934572 0.926867 0.990679 0.973656 0.937971 0.981584 0.850140 0.872457 0.977547 0.951617 0.821331 0.979667 0.921843 0.878142 0.848705 0.918082 0.870627 0.974557 0.841872 0.971532 0.919996
0.665333 0.712831 0.952233 0.931019 0.932956 0.924584 0.713990 0.650908 0.939341 0.746898 0.788939 0.713433 0.730229 0.817019 0.868611 0.934628 0.595134 0.720616 0.741588 0.785042 0.996440 0.962017 0.871178 0.994052 0.970950 0.939424 0.959821 0.888641 0.000000 0.552912 0.852433 0.831069 0.853669 0.729029 0.888614 0.970379 0.882091 0.905912 0.915450 0.815474 0.961267 0.830987 0.867410 0.812300 0.867063 0.789955 0.768210 0.852266 0.764776 0.714982 0.806414 0.785311 0.884383 0.941562 0.814986 0.736551 0.748234 0.727556 0.698134 0.680706 0.677907 0.760165 0.507383 0.544520 0.989753 0.969238 0.930625 0.867301 0.821136 0.706978 0.701931 0.920299 0.944194 0.984104 0.978198 0.970886 0.827312 0.963480 0.917512 0.873343 0.655115 0.697984 0.928356 0.956461 0.738488 0.920359 0.983416 0.942563 0.817317 0.729598 0.899052 0.822752 0.900986 0.911903 0.993363 0.886497 0.762797 0.854198 0.822166 0.809457 0.819407 0.911652 0.800245 0.730643 0.927606 0.981283 0.922752 0.912378 0.906910 0.876227 0.850840 0.878905 0.892051 0.911456 0.993482 0.992497
0.501393 0.448115 0.606378 0.600883 0.912785 0.833426 0.913932 0.708452 0.931869 0.824481 0.801596 0.471919 0.706466 0.667471 0.843774 0.658034 0.442040 0.449766 0.546574 0.528666 0.737976 0.920752 0.624304 0.636258 0.559411 0.679086 0.683713 0.942878 0.552912 0.000000 0.660539 0.645001 0.652919 0.729144 0.727357 0.806027 0.609498 0.658337 0.643058 0.748817 0.807224 0.909227 0.996648 0.928224 0.798970 0.864619 0.726237 0.855838 0.847280 0.930426 0.968877 0.896701 0.955192 0.929482 0.668509 0.913489 0.466322 0.431470 0.773441 0.658709 0.775107 0.722246 0.711970 0.529330 0.559340 0.620715 0.763155 0.758996 0.465168 0.479729 0.626637 0.854466 0.949999 0.985572 0.978291 0.960918 0.988236 0.959826 0.891037 0.731396 0.599545 0.590211 0.589125 0.667517 0.542869 0.547765 0.865676 0.810206 0.743628 0.515198 0.751346 0.729370 0.792431 0.818534 0.804657 0.978840 0.838773 0.997032 0.784721 0.883685 0.926488 0.808825 0.951540 0.962146 0.869791 0.929105 0.870554 0.996620 0.983285 0.789435 0.819795 0.942301 0.811849 0.941996 0.835227 0.962270
0.783168 0.635805 0.419784 0.353078 0.904164 0.970576 0.551479 0.430267 0.678381 0.934991 0.748084 0.814650 0.780637 0.676095 0.667333 0.509219 0.737079 0.703604 0.604367 0.738521 0.586218 0.889790 0.385744 0.494842 0.546807 0.552234 0.700716 0.989703 0.852433 0.660539 0.000000 0.405315 0.502982 0.647007 0.643851 0.647684 0.788462 0.744684 0.895225 0.920329 0.998694 0.797158 0.669466 0.668660 0.975123 0.985181 0.742928 0.712062 0.888679 0.881178 0.814419 0.700047 0.688955 0.692881 0.819360 0.925331 0.624036 0.629656 0.814460 0.689804 0.680421 0.569764 0.979108 0.747270 0.528157 0.504967 0.467043 0.509834 0.863676 0.699143 0.425170 0.536643 0.541629 0.641024 0.912803 0.925851 0.637324 0.619017 0.726936 0.728810 0.873628 0.996305 0.775659 0.948384 0.743252 0.612455 0.893520 0.858009 0.903856 0.678931 0.889103 0.928186 0.775012 0.725125 0.923342 0.781650 0.802194 0.851469 0.908857 0.748858 0.930355 0.926612 0.952522 0.992169 0.594289 0.614122 0.635608 0.665125 0.967080 0.724818 0.783103 0.981093 0.881649 0.959598 0.628898 0.808200
0.712682 0.640065 0.521911 0.444814 0.890431 0.925194 0.661970 0.511065 0.827838 0.996915 0.846938 0.738874 0.684407 0.627728 0.684825 0.552512 0.725950 0.697266 0.617817 0.707776 0.720548 0.893160 0.466471 0.577205 0.632561 0.643886 0.696548 0.978304 0.831069 0.645001 0.405315 0.000000 0.532117 0.725623 0.698744 0.725123 0.791766 0.751231 0.832858 0.967667 0.970722 0.846070 0.684136 0.690180 0.923783 0.966766 0.708906 0.725177 0.878532 0.866389 0.840884 0.728669 0.733674 0.778761 0.903441 0.995114 0.666812 0.632838 0.793829 0.668541 0.614563 0.568192 0.851306 0.643202 0.534375 0.490073 0.591046 0.584492 0.815687 0.772363 0.486524 0.718848 0.709538 0.748390 0.903041 0.897717 0.778838 0.798946 0.759797 0.755098 0.800249 0.856105 0.668967 0.943935 0.618178 0.551844 0.960051 0.959493 0.924720 0.665622 0.972228 0.969445 0.907516 0.886816 0.985965 0.870190 0.873525 0.799405 0.975008 0.896573 0.955773 0.940738 0.981456 0.907299 0.565408 0.601574 0.691139 0.791182 0.927990 0.792771 0.804106 0.914992 0.930937 0.990941 0.778833 0.931217
0.617686 0.563864 0.516922 0.424565 0.939058 0.944573 0.652411 0.480846 0.919246 0.986068 0.876567 0.726140 0.883959 0.771376 0.837165 0.612945 0.695954 0.640038 0.628914 0.650532 0.677167 0.942159 0.507572 0.504663 0.591076 0.573982 0.658617 0.965912 0.853669 0.652919 0.502982 0.532117 0.000000 0.603170 0.629332 0.672189 0.759787 0.633055 0.817402 0.907168 0.890706 0.845046 0.794801 0.755738 0.942595 0.961609 0.702062 0.731266 0.941484 0.873670 0.801948 0.732792 0.793544 0.849745 0.790017 0.841017 0.525425 0.538923 0.644897 0.563509 0.735099 0.546352 0.816217 0.596742 0.564130 0.535058 0.472230 0.549547 0.750218 0.572321 0.610630 0.761972 0.760491 0.835657 0.827708 0.826920 0.814366 0.858237 0.807925 0.674051 0.789257 0.847776 0.680925 0.809558 0.603162 0.481912 0.982061 0.945270 0.957330 0.604113 0.897854 0.819323 0.955990 0.957612 0.953870 0.904945 0.761963 0.967466 0.980156 0.947058 0.961287 0.886205 0.854469 0.956698 0.645633 0.717356 0.750827 0.826268 0.898496 0.803703 0.880088 0.947600 0.968004 0.932234 0.738252 0.978477
0.622129 0.575368 0.672105 0.644196 0.951373 0.965732 0.605042 0.553218 0.966997 0.910133 0.872024 0.808315 0.903216 0.914937 0.970361 0.888747 0.627703 0.709077 0.674734 0.746968 0.824917 0.746131 0.793990 0.852170 0.796868 0.811026 0.890754 0.983767 0.729029 0.729144 0.647007 0.725623 0.603170 0.000000 0.810787 0.857426 0.866822 0.767593 0.869498 0.811505 0.934203 0.740056 0.765979 0.664652 0.886430 0.833018 0.566269 0.761700 0.862152 0.769366 0.774821 0.741967 0.778707 0.916047 0.682482 0.657812 0.584022 0.667806 0.536545 0.540162 0.652346 0.694133 0.647304 0.617911 0.798148 0.797325 0.599543 0.566908 0.773274 0.656525 0.738412 0.873156 0.875870 0.958988 0.964170 0.940329 0.835903 0.766279 0.831085 0.929972 0.713777 0.865867 0.850258 0.847443 0.812699 0.752708 0.908482 0.876263 0.968652 0.707543 0.985261 0.954189 0.984451 0.983228 0.958169 0.883156 0.798185 0.924040 0.869925 0.859459 0.910407 0.996056 0.883276 0.983342 0.831710 0.814412 0.639506 0.860594 0.794716 0.828815 0.846977 0.946663 0.823009 0.978977 0.833498 0.944054
0.942635 0.852264 0.555127 0.596730 0.967861 0.917158 0.745328 0.739419 0.851114 0.916252 0.801150 0.877260 0.953096 0.847722 0.735973 0.537159 0.776525 0.798354 0.767938 0.870941 0.727778 0.942056 0.544027 0.560481 0.604583 0.529282 0.760073 0.890866 0.888614 0.727357 0.643851 0.698744 0.629332 0.810787 0.000000 0.725640 0.817190 0.777963 0.756636 0.990923 0.920182 0.868635 0.845538 0.856538 0.963736 0.925623 0.758738 0.777654 0.841930 0.965226 0.964852 0.930419 0.861819 0.844268 0.711290 0.912354 0.841155 0.824363 0.965050 0.922328 0.840099 0.782885 0.874675 0.922809 0.542331 0.546109 0.550961 0.608698 0.844084 0.817341 0.746910 0.714610 0.780954 0.782481 0.697688 0.887792 0.743126 0.809409 0.846370 0.928314 0.936447 0.891617 0.584888 0.857903 0.683455 0.553872 0.810453 0.847194 0.970253 0.800946 0.968798 0.949894 0.908140 0.930448 0.962480 0.817594 0.995168 0.973914 0.957567 0.986670 0.988179 0.982712 0.885659 0.945983 0.668251 0.856390 0.734250 0.974606 0.975108 0.773189 0.972374 0.987779 0.973445 0.974351 0.761592 0.878131
0.882048 0.755116 0.611942 0.626038 0.937273 0.993309 0.799763 0.772879 0.977255 0.841255 0.784584 0.980514 0.895757 0.969915 0.938182 0.765245 0.784851 0.769938 0.801330 0.841701 0.806432 0.958925 0.685938 0.732733 0.643514 0.633950 0.731359 0.913075 0.970379 0.806027 0.647684 0.725123 0.672189 0.857426 0.725640 0.000000 0.774578 0.641665 0.832820 0.993934 0.947836 0.972508 0.861178 0.816872 0.971747 0.955246 0.812874 0.782759 0.900155 0.920358 0.938487 0.855420 0.870292 0.894893 0.767012 0.907163 0.718324 0.718163 0.873924 0.765662 0.926901 0.818795 0.911428 0.865172 0.630143 0.636201 0.630618 0.626447 0.908042 0.761837 0.709052 0.910261 0.836094 0.968593 0.895265 0.955415 0.907102 0.858970 0.876999 0.813718 0.889258 0.927098 0.754069 0.858949 0.706471 0.656820 0.963752 0.994368 0.994190 0.783349 0.896882 0.830279 0.977245 0.893054 0.870454 0.974958 0.955264 0.955081 0.895900 0.986450 0.859206 0.766810 0.982790 0.834052 0.831628 0.790803 0.827599 0.859099 0.852330 0.802213 0.925948 0.840597 0.980716 0.940929 0.815601 0.884172
0.650056 0.503386 0.552736 0.585477 0.794000 0.774812 0.957055 0.839127 0.794252 0.580513 0.820462 0.711457 0.866044 0.869161 0.944123 0.838321 0.603686 0.543494 0.625134 0.592246 0.669685 0.987728 0.783614 0.684715 0.482425 0.576082 0.492565 0.952399 0.882091 0.609498 0.788462 0.791766 0.759787 0.866822 0.817190 0.774578 0.000000 0.544530 0.632317 0.805174 0.710673 0.766687 0.940161 0.987466 0.606643 0.674706 0.893505 0.982161 0.652381 0.871942 0.849623 0.966675 0.902959 0.831368 0.892601 0.974830 0.547864 0.507980 0.890504 0.800982 0.937607 0.879195 0.926818 0.770325 0.509389 0.561033 0.832658 0.875106 0.605581 0.665139 0.823536 0.999387 0.983425 0.898514 0.769556 0.899084 0.914522 0.984075 0.825891 0.814262 0.844907 0.833559 0.607083 0.625583 0.697075 0.591699 0.708925 0.896880 0.999605 0.722601 0.557848 0.600700 0.600235 0.680350 0.926029 0.869854 0.951698 0.930568 0.554143 0.690365 0.766727 0.628421 0.698174 0.921025 0.843542 0.876018 0.985925 0.925409 0.998939 0.839360 0.891046 0.776106 0.731755 0.872956 0.940556 0.902271
0.581354 0.492259 0.568266 0.596894 0.777142 0.838026 0.965383 0.828376 0.865363 0.656791 0.875607 0.673383 0.915793 0.867701 0.941851 0.857806 0.546314 0.468451 0.628396 0.593679 0.797443 0.962593 0.781111 0.704233 0.506939 0.577229 0.526637 0.923862 0.905912 0.658337 0.744684 0.751231 0.633055 0.767593 0.777963 0.641665 0.544530 0.000000 0.600057 0.860619 0.807556 0.803366 0.944735 0.990138 0.675472 0.773391 0.856073 0.966021 0.735247 0.900327 0.892506 0.998181 0.925426 0.805049 0.805238 0.909464 0.476362 0.459810 0.898574 0.767791 0.934030 0.811340 0.918713 0.695480 0.528590 0.608407 0.823662 0.864291 0.553018 0.544474 0.803421 0.935733 0.985707 0.890315 0.870276 0.977829 0.855073 0.907595 0.901388 0.809814 0.711035 0.778562 0.716115 0.638874 0.705603 0.520299 0.757310 0.978162 0.862495 0.664605 0.637883 0.585722 0.663830 0.664725 0.851740 0.982627 0.856211 0.935368 0.616136 0.678699 0.706981 0.582023 0.807297 0.893211 0.967770 0.932892 0.824022 0.950608 0.975944 0.782876 0.909706 0.761324 0.733672 0.799259 0.967798 0.778816
